,data,area,Vaccinazioni giornaliere,sesso_maschile,sesso_femminile,prima_dose,seconda_dose,codice_NUTS1,codice_NUTS2,codice_regione_ISTAT,nome_area,Regione,popolazione,Totale vaccinazioni,Totale vaccinazioni ogni cento ab,Vaccinazioni giornaliere ogni cento ab
0,2021-04-16,LAZ,34397,15679,18718,22335,12062,ITI,ITI4,12,Lazio,Lazio,5879082,34397,0.59,0.59
1,2021-02-25,LAZ,12654,5518,7136,11604,1050,ITI,ITI4,12,Lazio,Lazio,5879082,47051,0.8,0.22
2,2021-05-21,LAZ,50262,23630,26632,37393,12869,ITI,ITI4,12,Lazio,Lazio,5879082,97313,1.66,0.85
3,2021-05-12,LAZ,47399,21472,25927,30878,16521,ITI,ITI4,12,Lazio,Lazio,5879082,144712,2.46,0.81
4,2021-01-30,LAZ,7009,2891,4118,807,6202,ITI,ITI4,12,Lazio,Lazio,5879082,151721,2.58,0.12
5,2021-01-13,LAZ,5691,2150,3541,5691,0,ITI,ITI4,12,Lazio,Lazio,5879082,157412,2.68,0.1
6,2021-04-25,LAZ,24512,11241,13271,16702,7810,ITI,ITI4,12,Lazio,Lazio,5879082,181924,3.09,0.42
7,2020-12-27,LAZ,274,132,142,274,0,ITI,ITI4,12,Lazio,Lazio,5879082,182198,3.1,0.0
8,2021-04-04,LAZ,17463,8036,9427,12197,5266,ITI,ITI4,12,Lazio,Lazio,5879082,199661,3.4,0.3
9,2021-02-20,LAZ,9205,4274,4931,8438,767,ITI,ITI4,12,Lazio,Lazio,5879082,208866,3.55,0.16
10,2021-06-02,LAZ,43078,21376,21702,31698,11380,ITI,ITI4,12,Lazio,Lazio,5879082,251944,4.29,0.73
11,2021-03-01,LAZ,17087,7346,9741,13202,3885,ITI,ITI4,12,Lazio,Lazio,5879082,269031,4.58,0.29
12,2021-02-18,LAZ,10017,4976,5041,9208,809,ITI,ITI4,12,Lazio,Lazio,5879082,279048,4.75,0.17
13,2021-04-23,LAZ,37654,18082,19572,22402,15252,ITI,ITI4,12,Lazio,Lazio,5879082,316702,5.39,0.64
14,2021-02-01,LAZ,5675,2177,3498,354,5321,ITI,ITI4,12,Lazio,Lazio,5879082,322377,5.48,0.1
15,2021-04-06,LAZ,23878,10653,13225,16775,7103,ITI,ITI4,12,Lazio,Lazio,5879082,346255,5.89,0.41
16,2021-01-15,LAZ,6576,2705,3871,6576,0,ITI,ITI4,12,Lazio,Lazio,5879082,352831,6.0,0.11
17,2021-05-31,LAZ,49616,21266,28350,31240,18376,ITI,ITI4,12,Lazio,Lazio,5879082,402447,6.85,0.84
18,2021-03-28,LAZ,18837,7541,11296,13527,5310,ITI,ITI4,12,Lazio,Lazio,5879082,421284,7.17,0.32
19,2021-04-27,LAZ,30632,13824,16808,19788,10844,ITI,ITI4,12,Lazio,Lazio,5879082,451916,7.69,0.52
20,2021-02-22,LAZ,11455,4989,6466,10953,502,ITI,ITI4,12,Lazio,Lazio,5879082,463371,7.88,0.19
21,2021-03-21,LAZ,17857,6826,11031,12806,5051,ITI,ITI4,12,Lazio,Lazio,5879082,481228,8.19,0.3
22,2021-04-09,LAZ,27300,12268,15032,19074,8226,ITI,ITI4,12,Lazio,Lazio,5879082,508528,8.65,0.46
23,2021-03-04,LAZ,18656,8014,10642,13639,5017,ITI,ITI4,12,Lazio,Lazio,5879082,527184,8.97,0.32
24,2020-12-30,LAZ,1630,629,1001,1630,0,ITI,ITI4,12,Lazio,Lazio,5879082,528814,8.99,0.03
25,2021-03-06,LAZ,18305,7053,11252,14048,4257,ITI,ITI4,12,Lazio,Lazio,5879082,547119,9.31,0.31
26,2021-01-29,LAZ,8042,3079,4963,813,7229,ITI,ITI4,12,Lazio,Lazio,5879082,555161,9.44,0.14
27,2021-03-11,LAZ,23816,10591,13225,17587,6229,ITI,ITI4,12,Lazio,Lazio,5879082,578977,9.85,0.41
28,2021-01-20,LAZ,4806,1942,2864,3263,1543,ITI,ITI4,12,Lazio,Lazio,5879082,583783,9.93,0.08
29,2021-05-14,LAZ,50749,23163,27586,32536,18213,ITI,ITI4,12,Lazio,Lazio,5879082,634532,10.79,0.86
30,2021-03-25,LAZ,26916,11511,15405,20312,6604,ITI,ITI4,12,Lazio,Lazio,5879082,661448,11.25,0.46
31,2021-01-27,LAZ,6114,2387,3727,997,5117,ITI,ITI4,12,Lazio,Lazio,5879082,667562,11.35,0.1
32,2021-04-18,LAZ,23773,10556,13217,16139,7634,ITI,ITI4,12,Lazio,Lazio,5879082,691335,11.76,0.4
33,2021-05-02,LAZ,32619,14333,18286,23258,9361,ITI,ITI4,12,Lazio,Lazio,5879082,723954,12.31,0.55
34,2021-02-27,LAZ,11427,4268,7159,10472,955,ITI,ITI4,12,Lazio,Lazio,5879082,735381,12.51,0.19
35,2021-03-13,LAZ,21461,8434,13027,15567,5894,ITI,ITI4,12,Lazio,Lazio,5879082,756842,12.87,0.37
36,2021-01-22,LAZ,4004,1635,2369,489,3515,ITI,ITI4,12,Lazio,Lazio,5879082,760846,12.94,0.07
37,2021-05-26,LAZ,46077,20592,25485,34929,11148,ITI,ITI4,12,Lazio,Lazio,5879082,806923,13.73,0.78
38,2021-03-23,LAZ,23505,10230,13275,16928,6577,ITI,ITI4,12,Lazio,Lazio,5879082,830428,14.13,0.4
39,2021-02-15,LAZ,8025,3540,4485,7394,631,ITI,ITI4,12,Lazio,Lazio,5879082,838453,14.26,0.14
40,2021-05-28,LAZ,55905,25575,30330,43416,12489,ITI,ITI4,12,Lazio,Lazio,5879082,894358,15.21,0.95
41,2021-02-17,LAZ,9181,4603,4578,8307,874,ITI,ITI4,12,Lazio,Lazio,5879082,903539,15.37,0.16
42,2021-05-17,LAZ,43781,19995,23786,35335,8446,ITI,ITI4,12,Lazio,Lazio,5879082,947320,16.11,0.74
43,2021-02-11,LAZ,6998,3012,3986,6467,531,ITI,ITI4,12,Lazio,Lazio,5879082,954318,16.23,0.12
44,2021-05-24,LAZ,42816,19172,23644,34026,8790,ITI,ITI4,12,Lazio,Lazio,5879082,997134,16.96,0.73
45,2021-02-06,LAZ,6136,2474,3662,817,5319,ITI,ITI4,12,Lazio,Lazio,5879082,1003270,17.07,0.1
46,2021-04-11,LAZ,19115,8431,10684,13234,5881,ITI,ITI4,12,Lazio,Lazio,5879082,1022385,17.39,0.33
47,2021-02-13,LAZ,6608,2626,3982,6194,414,ITI,ITI4,12,Lazio,Lazio,5879082,1028993,17.5,0.11
48,2021-01-08,LAZ,7728,2894,4834,7728,0,ITI,ITI4,12,Lazio,Lazio,5879082,1036721,17.63,0.13
49,2021-01-01,LAZ,3554,1382,2172,3554,0,ITI,ITI4,12,Lazio,Lazio,5879082,1040275,17.69,0.06
50,2021-01-23,LAZ,7212,2869,4343,583,6629,ITI,ITI4,12,Lazio,Lazio,5879082,1047487,17.82,0.12
51,2021-06-05,LAZ,48308,23272,25036,30985,17323,ITI,ITI4,12,Lazio,Lazio,5879082,1095795,18.64,0.82
52,2021-01-06,LAZ,5123,1961,3162,5123,0,ITI,ITI4,12,Lazio,Lazio,5879082,1100918,18.73,0.09
53,2021-04-01,LAZ,28401,13045,15356,21261,7140,ITI,ITI4,12,Lazio,Lazio,5879082,1129319,19.21,0.48
54,2021-04-15,LAZ,31906,14299,17607,21102,10804,ITI,ITI4,12,Lazio,Lazio,5879082,1161225,19.75,0.54
55,2021-02-10,LAZ,8187,3398,4789,4850,3337,ITI,ITI4,12,Lazio,Lazio,5879082,1169412,19.89,0.14
56,2021-03-27,LAZ,26018,10401,15617,19548,6470,ITI,ITI4,12,Lazio,Lazio,5879082,1195430,20.33,0.44
57,2021-05-23,LAZ,47023,22784,24239,39683,7340,ITI,ITI4,12,Lazio,Lazio,5879082,1242453,21.13,0.8
58,2021-01-04,LAZ,7481,2908,4573,7481,0,ITI,ITI4,12,Lazio,Lazio,5879082,1249934,21.26,0.13
59,2021-03-30,LAZ,25255,11584,13671,18107,7148,ITI,ITI4,12,Lazio,Lazio,5879082,1275189,21.69,0.43
60,2021-05-19,LAZ,46450,21212,25238,36640,9810,ITI,ITI4,12,Lazio,Lazio,5879082,1321639,22.48,0.79
61,2021-02-08,LAZ,9739,4153,5586,4508,5231,ITI,ITI4,12,Lazio,Lazio,5879082,1331378,22.65,0.17
62,2021-03-16,LAZ,13537,5732,7805,7093,6444,ITI,ITI4,12,Lazio,Lazio,5879082,1344915,22.88,0.23
63,2021-03-09,LAZ,20873,8939,11934,15676,5197,ITI,ITI4,12,Lazio,Lazio,5879082,1365788,23.23,0.36
64,2021-01-11,LAZ,5531,2105,3426,5531,0,ITI,ITI4,12,Lazio,Lazio,5879082,1371319,23.33,0.09
65,2021-05-05,LAZ,46713,21427,25286,30906,15807,ITI,ITI4,12,Lazio,Lazio,5879082,1418032,24.12,0.79
66,2021-03-02,LAZ,16988,7430,9558,13054,3934,ITI,ITI4,12,Lazio,Lazio,5879082,1435020,24.41,0.29
67,2021-04-28,LAZ,32860,15001,17859,21311,11549,ITI,ITI4,12,Lazio,Lazio,5879082,1467880,24.97,0.56
68,2021-01-25,LAZ,8111,3246,4865,770,7341,ITI,ITI4,12,Lazio,Lazio,5879082,1475991,25.11,0.14
69,2021-01-18,LAZ,6267,2557,3710,5289,978,ITI,ITI4,12,Lazio,Lazio,5879082,1482258,25.21,0.11
70,2021-04-13,LAZ,25662,11869,13793,17955,7707,ITI,ITI4,12,Lazio,Lazio,5879082,1507920,25.65,0.44
71,2021-01-03,LAZ,5251,1973,3278,5251,0,ITI,ITI4,12,Lazio,Lazio,5879082,1513171,25.74,0.09
72,2021-01-10,LAZ,4039,1700,2339,4039,0,ITI,ITI4,12,Lazio,Lazio,5879082,1517210,25.81,0.07
73,2021-04-20,LAZ,31000,14228,16772,19718,11282,ITI,ITI4,12,Lazio,Lazio,5879082,1548210,26.33,0.53
74,2021-03-08,LAZ,20070,8319,11751,14797,5273,ITI,ITI4,12,Lazio,Lazio,5879082,1568280,26.68,0.34
75,2021-05-04,LAZ,39751,18280,21471,26275,13476,ITI,ITI4,12,Lazio,Lazio,5879082,1608031,27.35,0.68
76,2021-02-24,LAZ,12045,5204,6841,11051,994,ITI,ITI4,12,Lazio,Lazio,5879082,1620076,27.56,0.2
77,2021-01-05,LAZ,7374,2802,4572,7374,0,ITI,ITI4,12,Lazio,Lazio,5879082,1627450,27.68,0.13
78,2021-02-07,LAZ,4943,2024,2919,387,4556,ITI,ITI4,12,Lazio,Lazio,5879082,1632393,27.77,0.08
79,2021-05-03,LAZ,39115,17646,21469,26540,12575,ITI,ITI4,12,Lazio,Lazio,5879082,1671508,28.43,0.67
80,2021-04-30,LAZ,41240,18259,22981,27067,14173,ITI,ITI4,12,Lazio,Lazio,5879082,1712748,29.13,0.7
81,2021-05-07,LAZ,48154,22572,25582,30435,17719,ITI,ITI4,12,Lazio,Lazio,5879082,1760902,29.95,0.82
82,2021-03-18,LAZ,14225,6077,8148,7835,6390,ITI,ITI4,12,Lazio,Lazio,5879082,1775127,30.19,0.24
83,2021-02-03,LAZ,6487,2487,4000,963,5524,ITI,ITI4,12,Lazio,Lazio,5879082,1781614,30.3,0.11
84,2021-04-08,LAZ,26652,12175,14477,18970,7682,ITI,ITI4,12,Lazio,Lazio,5879082,1808266,30.76,0.45
85,2021-03-22,LAZ,21703,9067,12636,15040,6663,ITI,ITI4,12,Lazio,Lazio,5879082,1829969,31.13,0.37
86,2021-03-05,LAZ,18793,7961,10832,14060,4733,ITI,ITI4,12,Lazio,Lazio,5879082,1848762,31.45,0.32
87,2021-05-29,LAZ,51280,22868,28412,40877,10403,ITI,ITI4,12,Lazio,Lazio,5879082,1900042,32.32,0.87
88,2021-01-17,LAZ,4894,2028,2866,4682,212,ITI,ITI4,12,Lazio,Lazio,5879082,1904936,32.4,0.08
89,2021-04-29,LAZ,38570,17214,21356,25346,13224,ITI,ITI4,12,Lazio,Lazio,5879082,1943506,33.06,0.66
90,2021-01-26,LAZ,7958,3125,4833,724,7234,ITI,ITI4,12,Lazio,Lazio,5879082,1951464,33.19,0.14
91,2021-05-08,LAZ,45176,20613,24563,29814,15362,ITI,ITI4,12,Lazio,Lazio,5879082,1996640,33.96,0.77
92,2021-03-20,LAZ,18225,6810,11415,12341,5884,ITI,ITI4,12,Lazio,Lazio,5879082,2014865,34.27,0.31
93,2020-12-29,LAZ,488,176,312,488,0,ITI,ITI4,12,Lazio,Lazio,5879082,2015353,34.28,0.01
94,2021-03-24,LAZ,25875,11296,14579,19638,6237,ITI,ITI4,12,Lazio,Lazio,5879082,2041228,34.72,0.44
95,2021-05-27,LAZ,56264,25418,30846,43849,12415,ITI,ITI4,12,Lazio,Lazio,5879082,2097492,35.68,0.96
96,2021-03-07,LAZ,14110,5442,8668,10517,3593,ITI,ITI4,12,Lazio,Lazio,5879082,2111602,35.92,0.24
97,2021-03-03,LAZ,17395,7438,9957,13101,4294,ITI,ITI4,12,Lazio,Lazio,5879082,2128997,36.21,0.3
98,2021-05-06,LAZ,48630,22616,26014,31105,17525,ITI,ITI4,12,Lazio,Lazio,5879082,2177627,37.04,0.83
99,2021-01-19,LAZ,4768,1954,2814,4314,454,ITI,ITI4,12,Lazio,Lazio,5879082,2182395,37.12,0.08
100,2021-04-02,LAZ,28549,13377,15172,21221,7328,ITI,ITI4,12,Lazio,Lazio,5879082,2210944,37.61,0.49
101,2021-01-28,LAZ,8279,3165,5114,782,7497,ITI,ITI4,12,Lazio,Lazio,5879082,2219223,37.75,0.14
102,2021-05-30,LAZ,41045,17517,23528,33810,7235,ITI,ITI4,12,Lazio,Lazio,5879082,2260268,38.45,0.7
103,2021-04-24,LAZ,33339,15026,18313,20591,12748,ITI,ITI4,12,Lazio,Lazio,5879082,2293607,39.01,0.57
104,2021-01-14,LAZ,5473,2142,3331,5473,0,ITI,ITI4,12,Lazio,Lazio,5879082,2299080,39.11,0.09
105,2021-04-26,LAZ,29181,13432,15749,19979,9202,ITI,ITI4,12,Lazio,Lazio,5879082,2328261,39.6,0.5
106,2021-01-16,LAZ,5646,2281,3365,5646,0,ITI,ITI4,12,Lazio,Lazio,5879082,2333907,39.7,0.1
107,2021-06-01,LAZ,47197,22373,24824,29686,17511,ITI,ITI4,12,Lazio,Lazio,5879082,2381104,40.5,0.8
108,2021-04-05,LAZ,19768,8991,10777,13590,6178,ITI,ITI4,12,Lazio,Lazio,5879082,2400872,40.84,0.34
109,2021-04-19,LAZ,30061,13661,16400,19383,10678,ITI,ITI4,12,Lazio,Lazio,5879082,2430933,41.35,0.51
110,2021-02-14,LAZ,5774,2371,3403,5303,471,ITI,ITI4,12,Lazio,Lazio,5879082,2436707,41.45,0.1
111,2021-01-02,LAZ,6707,2631,4076,6707,0,ITI,ITI4,12,Lazio,Lazio,5879082,2443414,41.56,0.11
112,2021-05-11,LAZ,48016,22015,26001,31618,16398,ITI,ITI4,12,Lazio,Lazio,5879082,2491430,42.38,0.82
113,2021-01-31,LAZ,4459,1854,2605,476,3983,ITI,ITI4,12,Lazio,Lazio,5879082,2495889,42.45,0.08
114,2021-05-13,LAZ,49506,22179,27327,31861,17645,ITI,ITI4,12,Lazio,Lazio,5879082,2545395,43.3,0.84
115,2021-04-07,LAZ,24960,11322,13638,17656,7304,ITI,ITI4,12,Lazio,Lazio,5879082,2570355,43.72,0.42
116,2021-02-02,LAZ,5910,2213,3697,638,5272,ITI,ITI4,12,Lazio,Lazio,5879082,2576265,43.82,0.1
117,2021-02-26,LAZ,13074,5700,7374,11712,1362,ITI,ITI4,12,Lazio,Lazio,5879082,2589339,44.04,0.22
118,2021-05-01,LAZ,37922,17069,20853,25972,11950,ITI,ITI4,12,Lazio,Lazio,5879082,2627261,44.69,0.65
119,2021-04-17,LAZ,32311,14177,18134,20362,11949,ITI,ITI4,12,Lazio,Lazio,5879082,2659572,45.24,0.55
120,2021-03-12,LAZ,22910,10135,12775,16596,6314,ITI,ITI4,12,Lazio,Lazio,5879082,2682482,45.63,0.39
121,2021-01-21,LAZ,5601,2348,3253,548,5053,ITI,ITI4,12,Lazio,Lazio,5879082,2688083,45.72,0.1
122,2021-01-07,LAZ,7747,2902,4845,7747,0,ITI,ITI4,12,Lazio,Lazio,5879082,2695830,45.85,0.13
123,2021-06-04,LAZ,58784,28329,30455,42460,16324,ITI,ITI4,12,Lazio,Lazio,5879082,2754614,46.85,1.0
124,2021-03-15,LAZ,19275,8332,10943,12536,6739,ITI,ITI4,12,Lazio,Lazio,5879082,2773889,47.18,0.33
125,2021-01-24,LAZ,5694,2229,3465,612,5082,ITI,ITI4,12,Lazio,Lazio,5879082,2779583,47.28,0.1
126,2021-05-18,LAZ,44170,20134,24036,34828,9342,ITI,ITI4,12,Lazio,Lazio,5879082,2823753,48.03,0.75
127,2021-03-29,LAZ,23960,10760,13200,16923,7037,ITI,ITI4,12,Lazio,Lazio,5879082,2847713,48.44,0.41
128,2021-05-15,LAZ,57069,27252,29817,40623,16446,ITI,ITI4,12,Lazio,Lazio,5879082,2904782,49.41,0.97
129,2021-05-20,LAZ,50687,24186,26501,37422,13265,ITI,ITI4,12,Lazio,Lazio,5879082,2955469,50.27,0.86
130,2021-02-09,LAZ,8798,3768,5030,4580,4218,ITI,ITI4,12,Lazio,Lazio,5879082,2964267,50.42,0.15
131,2021-03-31,LAZ,26105,12045,14060,19012,7093,ITI,ITI4,12,Lazio,Lazio,5879082,2990372,50.86,0.44
132,2021-05-09,LAZ,37524,17249,20275,26258,11266,ITI,ITI4,12,Lazio,Lazio,5879082,3027896,51.5,0.64
133,2021-05-16,LAZ,50895,24506,26389,37421,13474,ITI,ITI4,12,Lazio,Lazio,5879082,3078791,52.37,0.87
134,2021-02-12,LAZ,6846,2847,3999,6432,414,ITI,ITI4,12,Lazio,Lazio,5879082,3085637,52.49,0.12
135,2021-04-10,LAZ,23812,10315,13497,16630,7182,ITI,ITI4,12,Lazio,Lazio,5879082,3109449,52.89,0.41
136,2021-02-05,LAZ,7279,2961,4318,1184,6095,ITI,ITI4,12,Lazio,Lazio,5879082,3116728,53.01,0.12
137,2021-04-03,LAZ,24686,11093,13593,17987,6699,ITI,ITI4,12,Lazio,Lazio,5879082,3141414,53.43,0.42
138,2020-12-31,LAZ,5293,2121,3172,5293,0,ITI,ITI4,12,Lazio,Lazio,5879082,3146707,53.52,0.09
139,2021-02-19,LAZ,10046,5080,4966,9215,831,ITI,ITI4,12,Lazio,Lazio,5879082,3156753,53.69,0.17
140,2021-03-14,LAZ,17103,6614,10489,11949,5154,ITI,ITI4,12,Lazio,Lazio,5879082,3173856,53.99,0.29
141,2021-05-25,LAZ,46201,21196,25005,35427,10774,ITI,ITI4,12,Lazio,Lazio,5879082,3220057,54.77,0.79
142,2021-04-12,LAZ,23760,10677,13083,16862,6898,ITI,ITI4,12,Lazio,Lazio,5879082,3243817,55.18,0.4
143,2021-02-21,LAZ,6987,3179,3808,6525,462,ITI,ITI4,12,Lazio,Lazio,5879082,3250804,55.29,0.12
144,2021-02-28,LAZ,10248,4007,6241,9734,514,ITI,ITI4,12,Lazio,Lazio,5879082,3261052,55.47,0.17
145,2021-01-09,LAZ,6296,2561,3735,6296,0,ITI,ITI4,12,Lazio,Lazio,5879082,3267348,55.58,0.11
146,2021-06-03,LAZ,53818,26717,27101,37792,16026,ITI,ITI4,12,Lazio,Lazio,5879082,3321166,56.49,0.92
147,2021-04-21,LAZ,32978,14973,18005,20614,12364,ITI,ITI4,12,Lazio,Lazio,5879082,3354144,57.05,0.56
148,2021-04-22,LAZ,38529,18929,19600,23952,14577,ITI,ITI4,12,Lazio,Lazio,5879082,3392673,57.71,0.66
149,2021-03-10,LAZ,22021,9489,12532,16375,5646,ITI,ITI4,12,Lazio,Lazio,5879082,3414694,58.08,0.37
150,2021-01-12,LAZ,5413,1981,3432,5413,0,ITI,ITI4,12,Lazio,Lazio,5879082,3420107,58.17,0.09
151,2021-03-17,LAZ,13786,5896,7890,7531,6255,ITI,ITI4,12,Lazio,Lazio,5879082,3433893,58.41,0.23
152,2021-02-16,LAZ,8354,4033,4321,7749,605,ITI,ITI4,12,Lazio,Lazio,5879082,3442247,58.55,0.14
153,2021-03-26,LAZ,28230,12254,15976,21386,6844,ITI,ITI4,12,Lazio,Lazio,5879082,3470477,59.03,0.48
154,2021-05-10,LAZ,44351,20252,24099,30978,13373,ITI,ITI4,12,Lazio,Lazio,5879082,3514828,59.79,0.75
155,2020-12-28,LAZ,959,412,547,959,0,ITI,ITI4,12,Lazio,Lazio,5879082,3515787,59.8,0.02
156,2021-02-23,LAZ,11087,4780,6307,10325,762,ITI,ITI4,12,Lazio,Lazio,5879082,3526874,59.99,0.19
157,2021-03-19,LAZ,17214,7363,9851,10886,6328,ITI,ITI4,12,Lazio,Lazio,5879082,3544088,60.28,0.29
158,2021-02-04,LAZ,6302,2481,3821,987,5315,ITI,ITI4,12,Lazio,Lazio,5879082,3550390,60.39,0.11
159,2021-05-22,LAZ,54717,26689,28028,44254,10463,ITI,ITI4,12,Lazio,Lazio,5879082,3605107,61.32,0.93
160,2021-04-14,LAZ,29271,13261,16010,19150,10121,ITI,ITI4,12,Lazio,Lazio,5879082,3634378,61.82,0.5
161,2021-04-18,CAL,5837,2788,3049,4930,907,ITF,ITF6,18,Calabria,Calabria,1947131,5837,0.3,0.3
162,2021-02-13,CAL,1396,603,793,1031,365,ITF,ITF6,18,Calabria,Calabria,1947131,7233,0.37,0.07
163,2021-04-04,CAL,1762,886,876,1262,500,ITF,ITF6,18,Calabria,Calabria,1947131,8995,0.46,0.09
164,2021-03-18,CAL,4397,2052,2345,2343,2054,ITF,ITF6,18,Calabria,Calabria,1947131,13392,0.69,0.23
165,2021-01-27,CAL,1457,733,724,396,1061,ITF,ITF6,18,Calabria,Calabria,1947131,14849,0.76,0.07
166,2021-04-30,CAL,14922,7321,7601,10600,4322,ITF,ITF6,18,Calabria,Calabria,1947131,29771,1.53,0.77
167,2021-01-18,CAL,1268,573,695,1044,224,ITF,ITF6,18,Calabria,Calabria,1947131,31039,1.59,0.07
168,2021-03-27,CAL,8571,3883,4688,4585,3986,ITF,ITF6,18,Calabria,Calabria,1947131,39610,2.03,0.44
169,2021-04-13,CAL,6777,3267,3510,5467,1310,ITF,ITF6,18,Calabria,Calabria,1947131,46387,2.38,0.35
170,2021-02-25,CAL,2875,1548,1327,2281,594,ITF,ITF6,18,Calabria,Calabria,1947131,49262,2.53,0.15
171,2021-05-04,CAL,16322,7519,8803,11696,4626,ITF,ITF6,18,Calabria,Calabria,1947131,65584,3.37,0.84
172,2021-01-22,CAL,658,274,384,656,2,ITF,ITF6,18,Calabria,Calabria,1947131,66242,3.4,0.03
173,2021-03-06,CAL,8421,4337,4084,7629,792,ITF,ITF6,18,Calabria,Calabria,1947131,74663,3.83,0.43
174,2021-05-09,CAL,9615,4479,5136,6086,3529,ITF,ITF6,18,Calabria,Calabria,1947131,84278,4.33,0.49
175,2021-04-11,CAL,4166,1895,2271,2223,1943,ITF,ITF6,18,Calabria,Calabria,1947131,88444,4.54,0.21
176,2021-01-03,CAL,6,3,3,6,0,ITF,ITF6,18,Calabria,Calabria,1947131,88450,4.54,0.0
177,2021-03-08,CAL,5412,2900,2512,4350,1062,ITF,ITF6,18,Calabria,Calabria,1947131,93862,4.82,0.28
178,2021-01-20,CAL,1399,626,773,1398,1,ITF,ITF6,18,Calabria,Calabria,1947131,95261,4.89,0.07
179,2021-03-04,CAL,5465,3183,2282,4669,796,ITF,ITF6,18,Calabria,Calabria,1947131,100726,5.17,0.28
180,2021-01-29,CAL,2051,990,1061,230,1821,ITF,ITF6,18,Calabria,Calabria,1947131,102777,5.28,0.11
181,2021-02-20,CAL,1418,760,658,1100,318,ITF,ITF6,18,Calabria,Calabria,1947131,104195,5.35,0.07
182,2021-03-11,CAL,7262,3423,3839,6000,1262,ITF,ITF6,18,Calabria,Calabria,1947131,111457,5.72,0.37
183,2021-05-31,CAL,15175,7239,7936,7339,7836,ITF,ITF6,18,Calabria,Calabria,1947131,126632,6.5,0.78
184,2021-05-16,CAL,13772,6725,7047,9958,3814,ITF,ITF6,18,Calabria,Calabria,1947131,140404,7.21,0.71
185,2021-05-14,CAL,19942,9589,10353,13071,6871,ITF,ITF6,18,Calabria,Calabria,1947131,160346,8.23,1.02
186,2021-02-03,CAL,2771,1432,1339,580,2191,ITF,ITF6,18,Calabria,Calabria,1947131,163117,8.38,0.14
187,2021-02-06,CAL,2906,1337,1569,442,2464,ITF,ITF6,18,Calabria,Calabria,1947131,166023,8.53,0.15
188,2021-04-15,CAL,7593,3721,3872,5982,1611,ITF,ITF6,18,Calabria,Calabria,1947131,173616,8.92,0.39
189,2021-02-10,CAL,2509,1078,1431,884,1625,ITF,ITF6,18,Calabria,Calabria,1947131,176125,9.05,0.13
190,2021-05-28,CAL,20934,10162,10772,11523,9411,ITF,ITF6,18,Calabria,Calabria,1947131,197059,10.12,1.08
191,2021-02-11,CAL,2329,1040,1289,1082,1247,ITF,ITF6,18,Calabria,Calabria,1947131,199388,10.24,0.12
192,2021-05-23,CAL,11365,5547,5818,7033,4332,ITF,ITF6,18,Calabria,Calabria,1947131,210753,10.82,0.58
193,2021-03-09,CAL,6316,3250,3066,5337,979,ITF,ITF6,18,Calabria,Calabria,1947131,217069,11.15,0.32
194,2021-04-27,CAL,9945,4889,5056,8004,1941,ITF,ITF6,18,Calabria,Calabria,1947131,227014,11.66,0.51
195,2021-01-06,CAL,930,502,428,930,0,ITF,ITF6,18,Calabria,Calabria,1947131,227944,11.71,0.05
196,2021-01-13,CAL,2038,1026,1012,2038,0,ITF,ITF6,18,Calabria,Calabria,1947131,229982,11.81,0.1
197,2021-04-16,CAL,10302,5010,5292,8646,1656,ITF,ITF6,18,Calabria,Calabria,1947131,240284,12.34,0.53
198,2021-02-18,CAL,1821,824,997,1595,226,ITF,ITF6,18,Calabria,Calabria,1947131,242105,12.43,0.09
199,2021-04-23,CAL,12904,6338,6566,9446,3458,ITF,ITF6,18,Calabria,Calabria,1947131,255009,13.1,0.66
200,2021-01-15,CAL,2796,1258,1538,2796,0,ITF,ITF6,18,Calabria,Calabria,1947131,257805,13.24,0.14
201,2021-03-20,CAL,6694,3068,3626,4195,2499,ITF,ITF6,18,Calabria,Calabria,1947131,264499,13.58,0.34
202,2021-03-13,CAL,6844,2988,3856,5876,968,ITF,ITF6,18,Calabria,Calabria,1947131,271343,13.94,0.35
203,2021-05-07,CAL,16083,7582,8501,9715,6368,ITF,ITF6,18,Calabria,Calabria,1947131,287426,14.76,0.83
204,2021-05-24,CAL,17689,8809,8880,10021,7668,ITF,ITF6,18,Calabria,Calabria,1947131,305115,15.67,0.91
205,2021-01-08,CAL,2136,1024,1112,2136,0,ITF,ITF6,18,Calabria,Calabria,1947131,307251,15.78,0.11
206,2021-02-27,CAL,3989,2053,1936,3610,379,ITF,ITF6,18,Calabria,Calabria,1947131,311240,15.98,0.2
207,2021-01-25,CAL,1069,514,555,147,922,ITF,ITF6,18,Calabria,Calabria,1947131,312309,16.04,0.05
208,2021-01-11,CAL,2160,1044,1116,2160,0,ITF,ITF6,18,Calabria,Calabria,1947131,314469,16.15,0.11
209,2021-05-05,CAL,13600,6508,7092,8492,5108,ITF,ITF6,18,Calabria,Calabria,1947131,328069,16.85,0.7
210,2021-03-02,CAL,4367,2489,1878,3611,756,ITF,ITF6,18,Calabria,Calabria,1947131,332436,17.07,0.22
211,2021-03-16,CAL,3835,1883,1952,2175,1660,ITF,ITF6,18,Calabria,Calabria,1947131,336271,17.27,0.2
212,2021-03-01,CAL,2723,1545,1178,2269,454,ITF,ITF6,18,Calabria,Calabria,1947131,338994,17.41,0.14
213,2021-01-10,CAL,930,524,406,930,0,ITF,ITF6,18,Calabria,Calabria,1947131,339924,17.46,0.05
214,2021-02-01,CAL,2499,1194,1305,244,2255,ITF,ITF6,18,Calabria,Calabria,1947131,342423,17.59,0.13
215,2021-05-26,CAL,18574,9185,9389,10362,8212,ITF,ITF6,18,Calabria,Calabria,1947131,360997,18.54,0.95
216,2021-03-30,CAL,6148,2637,3511,3439,2709,ITF,ITF6,18,Calabria,Calabria,1947131,367145,18.86,0.32
217,2021-05-19,CAL,18398,9109,9289,11408,6990,ITF,ITF6,18,Calabria,Calabria,1947131,385543,19.8,0.94
218,2021-03-23,CAL,5253,2459,2794,3444,1809,ITF,ITF6,18,Calabria,Calabria,1947131,390796,20.07,0.27
219,2021-05-12,CAL,16318,7923,8395,10892,5426,ITF,ITF6,18,Calabria,Calabria,1947131,407114,20.91,0.84
220,2020-12-27,CAL,281,156,125,281,0,ITF,ITF6,18,Calabria,Calabria,1947131,407395,20.92,0.01
221,2021-02-15,CAL,1140,539,601,991,149,ITF,ITF6,18,Calabria,Calabria,1947131,408535,20.98,0.06
222,2021-04-06,CAL,7455,3370,4085,4177,3278,ITF,ITF6,18,Calabria,Calabria,1947131,415990,21.36,0.38
223,2021-01-04,CAL,1051,517,534,1051,0,ITF,ITF6,18,Calabria,Calabria,1947131,417041,21.42,0.05
224,2021-01-26,CAL,1809,861,948,278,1531,ITF,ITF6,18,Calabria,Calabria,1947131,418850,21.51,0.09
225,2021-04-05,CAL,3501,1648,1853,2602,899,ITF,ITF6,18,Calabria,Calabria,1947131,422351,21.69,0.18
226,2021-05-25,CAL,16423,8017,8406,10328,6095,ITF,ITF6,18,Calabria,Calabria,1947131,438774,22.53,0.84
227,2021-04-22,CAL,9620,4795,4825,6777,2843,ITF,ITF6,18,Calabria,Calabria,1947131,448394,23.03,0.49
228,2021-01-09,CAL,1926,1041,885,1926,0,ITF,ITF6,18,Calabria,Calabria,1947131,450320,23.13,0.1
229,2021-01-23,CAL,400,186,214,358,42,ITF,ITF6,18,Calabria,Calabria,1947131,450720,23.15,0.02
230,2021-03-28,CAL,2593,1200,1393,1509,1084,ITF,ITF6,18,Calabria,Calabria,1947131,453313,23.28,0.13
231,2021-01-30,CAL,2182,1150,1032,358,1824,ITF,ITF6,18,Calabria,Calabria,1947131,455495,23.39,0.11
232,2021-02-17,CAL,1834,799,1035,1623,211,ITF,ITF6,18,Calabria,Calabria,1947131,457329,23.49,0.09
233,2021-04-08,CAL,9391,4426,4965,5803,3588,ITF,ITF6,18,Calabria,Calabria,1947131,466720,23.97,0.48
234,2021-06-04,CAL,17250,7997,9253,12744,4506,ITF,ITF6,18,Calabria,Calabria,1947131,483970,24.86,0.89
235,2021-04-01,CAL,8499,3849,4650,3979,4520,ITF,ITF6,18,Calabria,Calabria,1947131,492469,25.29,0.44
236,2021-05-21,CAL,21343,10863,10480,13979,7364,ITF,ITF6,18,Calabria,Calabria,1947131,513812,26.39,1.1
237,2021-03-10,CAL,6554,3315,3239,5274,1280,ITF,ITF6,18,Calabria,Calabria,1947131,520366,26.72,0.34
238,2021-05-13,CAL,15870,7610,8260,11210,4660,ITF,ITF6,18,Calabria,Calabria,1947131,536236,27.54,0.82
239,2021-05-30,CAL,10930,5245,5685,6779,4151,ITF,ITF6,18,Calabria,Calabria,1947131,547166,28.1,0.56
240,2021-05-17,CAL,15075,7534,7541,10360,4715,ITF,ITF6,18,Calabria,Calabria,1947131,562241,28.88,0.77
241,2021-02-04,CAL,3550,1691,1859,652,2898,ITF,ITF6,18,Calabria,Calabria,1947131,565791,29.06,0.18
242,2021-02-21,CAL,609,286,323,532,77,ITF,ITF6,18,Calabria,Calabria,1947131,566400,29.09,0.03
243,2021-01-31,CAL,1109,555,554,154,955,ITF,ITF6,18,Calabria,Calabria,1947131,567509,29.15,0.06
244,2020-12-28,CAL,6,2,4,6,0,ITF,ITF6,18,Calabria,Calabria,1947131,567515,29.15,0.0
245,2021-04-09,CAL,7932,3713,4219,5009,2923,ITF,ITF6,18,Calabria,Calabria,1947131,575447,29.55,0.41
246,2021-06-03,CAL,14170,6620,7550,9612,4558,ITF,ITF6,18,Calabria,Calabria,1947131,589617,30.28,0.73
247,2021-03-25,CAL,7391,3467,3924,4547,2844,ITF,ITF6,18,Calabria,Calabria,1947131,597008,30.66,0.38
248,2021-06-01,CAL,12790,5914,6876,7912,4878,ITF,ITF6,18,Calabria,Calabria,1947131,609798,31.32,0.66
249,2021-02-19,CAL,1508,681,827,1247,261,ITF,ITF6,18,Calabria,Calabria,1947131,611306,31.4,0.08
250,2021-04-28,CAL,12524,6062,6462,9666,2858,ITF,ITF6,18,Calabria,Calabria,1947131,623830,32.04,0.64
251,2021-01-16,CAL,2394,1120,1274,2394,0,ITF,ITF6,18,Calabria,Calabria,1947131,626224,32.16,0.12
252,2021-05-02,CAL,12499,5834,6665,10662,1837,ITF,ITF6,18,Calabria,Calabria,1947131,638723,32.8,0.64
253,2021-03-29,CAL,5621,2376,3245,3865,1756,ITF,ITF6,18,Calabria,Calabria,1947131,644344,33.09,0.29
254,2021-05-11,CAL,15125,7314,7811,10349,4776,ITF,ITF6,18,Calabria,Calabria,1947131,659469,33.87,0.78
255,2021-01-24,CAL,44,18,26,39,5,ITF,ITF6,18,Calabria,Calabria,1947131,659513,33.87,0.0
256,2021-02-23,CAL,1590,753,837,1475,115,ITF,ITF6,18,Calabria,Calabria,1947131,661103,33.95,0.08
257,2021-06-05,CAL,13550,6283,7267,11391,2159,ITF,ITF6,18,Calabria,Calabria,1947131,674653,34.65,0.7
258,2021-04-07,CAL,6516,2944,3572,3716,2800,ITF,ITF6,18,Calabria,Calabria,1947131,681169,34.98,0.33
259,2021-04-10,CAL,11359,5125,6234,6561,4798,ITF,ITF6,18,Calabria,Calabria,1947131,692528,35.57,0.58
260,2021-02-05,CAL,3803,1711,2092,490,3313,ITF,ITF6,18,Calabria,Calabria,1947131,696331,35.76,0.2
261,2021-03-26,CAL,7909,3744,4165,4791,3118,ITF,ITF6,18,Calabria,Calabria,1947131,704240,36.17,0.41
262,2021-01-12,CAL,2063,1020,1043,2063,0,ITF,ITF6,18,Calabria,Calabria,1947131,706303,36.27,0.11
263,2021-02-24,CAL,1847,942,905,1372,475,ITF,ITF6,18,Calabria,Calabria,1947131,708150,36.37,0.09
264,2021-03-03,CAL,5002,2732,2270,3930,1072,ITF,ITF6,18,Calabria,Calabria,1947131,713152,36.63,0.26
265,2021-05-03,CAL,14740,6756,7984,10539,4201,ITF,ITF6,18,Calabria,Calabria,1947131,727892,37.38,0.76
266,2021-03-21,CAL,4453,1924,2529,2729,1724,ITF,ITF6,18,Calabria,Calabria,1947131,732345,37.61,0.23
267,2021-03-07,CAL,3332,1701,1631,3242,90,ITF,ITF6,18,Calabria,Calabria,1947131,735677,37.78,0.17
268,2021-05-10,CAL,13133,6094,7039,7735,5398,ITF,ITF6,18,Calabria,Calabria,1947131,748810,38.46,0.67
269,2021-02-22,CAL,2036,1031,1005,1478,558,ITF,ITF6,18,Calabria,Calabria,1947131,750846,38.56,0.1
270,2021-06-02,CAL,11875,5687,6188,8603,3272,ITF,ITF6,18,Calabria,Calabria,1947131,762721,39.17,0.61
271,2021-03-24,CAL,7609,3466,4143,4370,3239,ITF,ITF6,18,Calabria,Calabria,1947131,770330,39.56,0.39
272,2021-04-12,CAL,6896,3350,3546,5248,1648,ITF,ITF6,18,Calabria,Calabria,1947131,777226,39.92,0.35
273,2021-01-19,CAL,1111,490,621,1101,10,ITF,ITF6,18,Calabria,Calabria,1947131,778337,39.97,0.06
274,2021-01-17,CAL,867,418,449,801,66,ITF,ITF6,18,Calabria,Calabria,1947131,779204,40.02,0.04
275,2021-04-29,CAL,11920,5797,6123,8367,3553,ITF,ITF6,18,Calabria,Calabria,1947131,791124,40.63,0.61
276,2021-02-12,CAL,1710,667,1043,945,765,ITF,ITF6,18,Calabria,Calabria,1947131,792834,40.72,0.09
277,2021-04-03,CAL,8887,3815,5072,4285,4602,ITF,ITF6,18,Calabria,Calabria,1947131,801721,41.17,0.46
278,2021-01-28,CAL,2235,1109,1126,83,2152,ITF,ITF6,18,Calabria,Calabria,1947131,803956,41.29,0.11
279,2021-05-22,CAL,22138,10543,11595,14315,7823,ITF,ITF6,18,Calabria,Calabria,1947131,826094,42.43,1.14
280,2021-04-02,CAL,8137,3709,4428,4335,3802,ITF,ITF6,18,Calabria,Calabria,1947131,834231,42.84,0.42
281,2021-05-08,CAL,18275,8327,9948,10472,7803,ITF,ITF6,18,Calabria,Calabria,1947131,852506,43.78,0.94
282,2021-03-19,CAL,4186,1947,2239,1900,2286,ITF,ITF6,18,Calabria,Calabria,1947131,856692,44.0,0.21
283,2021-02-14,CAL,464,211,253,434,30,ITF,ITF6,18,Calabria,Calabria,1947131,857156,44.02,0.02
284,2021-03-17,CAL,3980,1769,2211,2138,1842,ITF,ITF6,18,Calabria,Calabria,1947131,861136,44.23,0.2
285,2021-05-06,CAL,13251,6270,6981,8992,4259,ITF,ITF6,18,Calabria,Calabria,1947131,874387,44.91,0.68
286,2021-04-19,CAL,7839,3781,4058,6174,1665,ITF,ITF6,18,Calabria,Calabria,1947131,882226,45.31,0.4
287,2021-04-25,CAL,15829,8032,7797,14694,1135,ITF,ITF6,18,Calabria,Calabria,1947131,898055,46.12,0.81
288,2021-05-29,CAL,19086,8858,10228,9262,9824,ITF,ITF6,18,Calabria,Calabria,1947131,917141,47.1,0.98
289,2021-04-20,CAL,7845,3956,3889,6119,1726,ITF,ITF6,18,Calabria,Calabria,1947131,924986,47.51,0.4
290,2021-04-21,CAL,11565,5807,5758,8630,2935,ITF,ITF6,18,Calabria,Calabria,1947131,936551,48.1,0.59
291,2021-04-24,CAL,18994,9476,9518,15585,3409,ITF,ITF6,18,Calabria,Calabria,1947131,955545,49.07,0.98
292,2021-02-26,CAL,3063,1632,1431,2610,453,ITF,ITF6,18,Calabria,Calabria,1947131,958608,49.23,0.16
293,2021-01-07,CAL,2187,1067,1120,2187,0,ITF,ITF6,18,Calabria,Calabria,1947131,960795,49.34,0.11
294,2021-04-17,CAL,10853,5085,5768,9047,1806,ITF,ITF6,18,Calabria,Calabria,1947131,971648,49.9,0.56
295,2021-05-01,CAL,16642,7942,8700,12433,4209,ITF,ITF6,18,Calabria,Calabria,1947131,988290,50.76,0.85
296,2021-03-05,CAL,6228,3612,2616,5655,573,ITF,ITF6,18,Calabria,Calabria,1947131,994518,51.08,0.32
297,2021-03-12,CAL,5117,2454,2663,4047,1070,ITF,ITF6,18,Calabria,Calabria,1947131,999635,51.34,0.26
298,2021-01-14,CAL,2635,1248,1387,2635,0,ITF,ITF6,18,Calabria,Calabria,1947131,1002270,51.47,0.14
299,2021-01-05,CAL,1467,686,781,1467,0,ITF,ITF6,18,Calabria,Calabria,1947131,1003737,51.55,0.08
300,2021-03-14,CAL,2708,1066,1642,2292,416,ITF,ITF6,18,Calabria,Calabria,1947131,1006445,51.69,0.14
301,2021-02-08,CAL,1848,734,1114,662,1186,ITF,ITF6,18,Calabria,Calabria,1947131,1008293,51.78,0.09
302,2021-05-20,CAL,16894,8434,8460,11286,5608,ITF,ITF6,18,Calabria,Calabria,1947131,1025187,52.65,0.87
303,2021-02-07,CAL,859,427,432,147,712,ITF,ITF6,18,Calabria,Calabria,1947131,1026046,52.7,0.04
304,2021-03-15,CAL,3549,1683,1866,2112,1437,ITF,ITF6,18,Calabria,Calabria,1947131,1029595,52.88,0.18
305,2021-05-18,CAL,15378,7679,7699,11916,3462,ITF,ITF6,18,Calabria,Calabria,1947131,1044973,53.67,0.79
306,2021-03-22,CAL,4884,2291,2593,3131,1753,ITF,ITF6,18,Calabria,Calabria,1947131,1049857,53.92,0.25
307,2021-04-14,CAL,8169,3932,4237,6721,1448,ITF,ITF6,18,Calabria,Calabria,1947131,1058026,54.34,0.42
308,2021-02-16,CAL,1734,732,1002,1456,278,ITF,ITF6,18,Calabria,Calabria,1947131,1059760,54.43,0.09
309,2021-02-09,CAL,2146,905,1241,947,1199,ITF,ITF6,18,Calabria,Calabria,1947131,1061906,54.54,0.11
310,2021-05-27,CAL,17496,8613,8883,9806,7690,ITF,ITF6,18,Calabria,Calabria,1947131,1079402,55.44,0.9
311,2021-03-31,CAL,8804,3999,4805,4847,3957,ITF,ITF6,18,Calabria,Calabria,1947131,1088206,55.89,0.45
312,2021-05-15,CAL,27010,12931,14079,20237,6773,ITF,ITF6,18,Calabria,Calabria,1947131,1115216,57.27,1.39
313,2021-02-02,CAL,2288,1114,1174,177,2111,ITF,ITF6,18,Calabria,Calabria,1947131,1117504,57.39,0.12
314,2021-02-28,CAL,2305,1045,1260,2153,152,ITF,ITF6,18,Calabria,Calabria,1947131,1119809,57.51,0.12
315,2021-01-02,CAL,166,94,72,166,0,ITF,ITF6,18,Calabria,Calabria,1947131,1119975,57.52,0.01
316,2021-04-26,CAL,10198,5066,5132,7777,2421,ITF,ITF6,18,Calabria,Calabria,1947131,1130173,58.04,0.52
317,2021-01-21,CAL,960,445,515,930,30,ITF,ITF6,18,Calabria,Calabria,1947131,1131133,58.09,0.05
318,2021-04-08,BAS,764,348,416,754,10,ITF,ITF5,17,Basilicata,Basilicata,559084,764,0.14,0.14
319,2021-05-11,BAS,2654,1353,1301,1621,1033,ITF,ITF5,17,Basilicata,Basilicata,559084,3418,0.61,0.47
320,2021-05-28,BAS,3604,1802,1802,948,2656,ITF,ITF5,17,Basilicata,Basilicata,559084,7022,1.26,0.64
321,2021-03-22,BAS,1175,531,644,628,547,ITF,ITF5,17,Basilicata,Basilicata,559084,8197,1.47,0.21
322,2021-05-25,BAS,4283,2163,2120,965,3318,ITF,ITF5,17,Basilicata,Basilicata,559084,12480,2.23,0.77
323,2021-02-24,BAS,1803,743,1060,1734,69,ITF,ITF5,17,Basilicata,Basilicata,559084,14283,2.55,0.32
324,2021-03-13,BAS,1796,889,907,751,1045,ITF,ITF5,17,Basilicata,Basilicata,559084,16079,2.88,0.32
325,2021-02-07,BAS,373,159,214,49,324,ITF,ITF5,17,Basilicata,Basilicata,559084,16452,2.94,0.07
326,2021-05-20,BAS,5855,2964,2891,2890,2965,ITF,ITF5,17,Basilicata,Basilicata,559084,22307,3.99,1.05
327,2021-01-17,BAS,328,133,195,327,1,ITF,ITF5,17,Basilicata,Basilicata,559084,22635,4.05,0.06
328,2021-04-20,BAS,4033,1920,2113,2202,1831,ITF,ITF5,17,Basilicata,Basilicata,559084,26668,4.77,0.72
329,2021-01-08,BAS,554,219,335,554,0,ITF,ITF5,17,Basilicata,Basilicata,559084,27222,4.87,0.1
330,2021-03-17,BAS,1452,609,843,27,1425,ITF,ITF5,17,Basilicata,Basilicata,559084,28674,5.13,0.26
331,2021-04-29,BAS,4831,2385,2446,4410,421,ITF,ITF5,17,Basilicata,Basilicata,559084,33505,5.99,0.86
332,2021-06-04,BAS,4830,2284,2546,3786,1044,ITF,ITF5,17,Basilicata,Basilicata,559084,38335,6.86,0.86
333,2021-02-22,BAS,1790,773,1017,1737,53,ITF,ITF5,17,Basilicata,Basilicata,559084,40125,7.18,0.32
334,2021-05-01,BAS,4703,2135,2568,3952,751,ITF,ITF5,17,Basilicata,Basilicata,559084,44828,8.02,0.84
335,2021-02-26,BAS,2149,904,1245,2069,80,ITF,ITF5,17,Basilicata,Basilicata,559084,46977,8.4,0.38
336,2021-05-18,BAS,5896,2855,3041,3403,2493,ITF,ITF5,17,Basilicata,Basilicata,559084,52873,9.46,1.05
337,2021-01-10,BAS,77,24,53,77,0,ITF,ITF5,17,Basilicata,Basilicata,559084,52950,9.47,0.01
338,2021-03-15,BAS,2353,983,1370,522,1831,ITF,ITF5,17,Basilicata,Basilicata,559084,55303,9.89,0.42
339,2021-04-27,BAS,4726,2242,2484,4401,325,ITF,ITF5,17,Basilicata,Basilicata,559084,60029,10.74,0.85
340,2021-01-19,BAS,199,84,115,199,0,ITF,ITF5,17,Basilicata,Basilicata,559084,60228,10.77,0.04
341,2021-03-24,BAS,1753,688,1065,1358,395,ITF,ITF5,17,Basilicata,Basilicata,559084,61981,11.09,0.31
342,2021-04-15,BAS,3386,1659,1727,2632,754,ITF,ITF5,17,Basilicata,Basilicata,559084,65367,11.69,0.61
343,2021-01-03,BAS,901,344,557,901,0,ITF,ITF5,17,Basilicata,Basilicata,559084,66268,11.85,0.16
344,2021-03-29,BAS,2435,881,1554,2149,286,ITF,ITF5,17,Basilicata,Basilicata,559084,68703,12.29,0.44
345,2021-01-05,BAS,946,409,537,946,0,ITF,ITF5,17,Basilicata,Basilicata,559084,69649,12.46,0.17
346,2021-02-10,BAS,548,238,310,496,52,ITF,ITF5,17,Basilicata,Basilicata,559084,70197,12.56,0.1
347,2021-01-27,BAS,411,175,236,113,298,ITF,ITF5,17,Basilicata,Basilicata,559084,70608,12.63,0.07
348,2021-04-01,BAS,2802,1126,1676,2083,719,ITF,ITF5,17,Basilicata,Basilicata,559084,73410,13.13,0.5
349,2021-04-19,BAS,4164,1911,2253,2526,1638,ITF,ITF5,17,Basilicata,Basilicata,559084,77574,13.88,0.74
350,2020-12-27,BAS,106,41,65,106,0,ITF,ITF5,17,Basilicata,Basilicata,559084,77680,13.89,0.02
351,2021-02-15,BAS,622,232,390,580,42,ITF,ITF5,17,Basilicata,Basilicata,559084,78302,14.01,0.11
352,2021-05-27,BAS,3597,1851,1746,1072,2525,ITF,ITF5,17,Basilicata,Basilicata,559084,81899,14.65,0.64
353,2021-01-22,BAS,67,24,43,67,0,ITF,ITF5,17,Basilicata,Basilicata,559084,81966,14.66,0.01
354,2021-05-02,BAS,4179,2000,2179,3551,628,ITF,ITF5,17,Basilicata,Basilicata,559084,86145,15.41,0.75
355,2021-04-17,BAS,3461,1655,1806,2199,1262,ITF,ITF5,17,Basilicata,Basilicata,559084,89606,16.03,0.62
356,2021-05-04,BAS,4137,1991,2146,3614,523,ITF,ITF5,17,Basilicata,Basilicata,559084,93743,16.77,0.74
357,2021-03-08,BAS,1456,710,746,844,612,ITF,ITF5,17,Basilicata,Basilicata,559084,95199,17.03,0.26
358,2021-03-01,BAS,547,284,263,381,166,ITF,ITF5,17,Basilicata,Basilicata,559084,95746,17.13,0.1
359,2021-04-13,BAS,2113,1052,1061,1295,818,ITF,ITF5,17,Basilicata,Basilicata,559084,97859,17.5,0.38
360,2021-05-13,BAS,5982,2966,3016,3385,2597,ITF,ITF5,17,Basilicata,Basilicata,559084,103841,18.57,1.07
361,2021-01-26,BAS,797,352,445,101,696,ITF,ITF5,17,Basilicata,Basilicata,559084,104638,18.72,0.14
362,2021-01-24,BAS,837,300,537,58,779,ITF,ITF5,17,Basilicata,Basilicata,559084,105475,18.87,0.15
363,2021-04-22,BAS,5035,2345,2690,3433,1602,ITF,ITF5,17,Basilicata,Basilicata,559084,110510,19.77,0.9
364,2021-02-17,BAS,1135,493,642,1059,76,ITF,ITF5,17,Basilicata,Basilicata,559084,111645,19.97,0.2
365,2021-04-05,BAS,723,233,490,421,302,ITF,ITF5,17,Basilicata,Basilicata,559084,112368,20.1,0.13
366,2021-02-14,BAS,151,48,103,151,0,ITF,ITF5,17,Basilicata,Basilicata,559084,112519,20.13,0.03
367,2021-03-03,BAS,1745,815,930,1186,559,ITF,ITF5,17,Basilicata,Basilicata,559084,114264,20.44,0.31
368,2021-01-31,BAS,77,24,53,0,77,ITF,ITF5,17,Basilicata,Basilicata,559084,114341,20.45,0.01
369,2021-03-20,BAS,1287,567,720,275,1012,ITF,ITF5,17,Basilicata,Basilicata,559084,115628,20.68,0.23
370,2021-01-29,BAS,615,230,385,63,552,ITF,ITF5,17,Basilicata,Basilicata,559084,116243,20.79,0.11
371,2021-01-15,BAS,813,350,463,813,0,ITF,ITF5,17,Basilicata,Basilicata,559084,117056,20.94,0.15
372,2021-03-06,BAS,1354,536,818,758,596,ITF,ITF5,17,Basilicata,Basilicata,559084,118410,21.18,0.24
373,2021-05-09,BAS,4686,2341,2345,2991,1695,ITF,ITF5,17,Basilicata,Basilicata,559084,123096,22.02,0.84
374,2021-03-05,BAS,1855,857,998,1109,746,ITF,ITF5,17,Basilicata,Basilicata,559084,124951,22.35,0.33
375,2021-04-24,BAS,4544,2197,2347,3532,1012,ITF,ITF5,17,Basilicata,Basilicata,559084,129495,23.16,0.81
376,2021-05-30,BAS,2771,1420,1351,921,1850,ITF,ITF5,17,Basilicata,Basilicata,559084,132266,23.66,0.5
377,2021-04-03,BAS,1807,749,1058,1472,335,ITF,ITF5,17,Basilicata,Basilicata,559084,134073,23.98,0.32
378,2021-02-05,BAS,984,443,541,64,920,ITF,ITF5,17,Basilicata,Basilicata,559084,135057,24.16,0.18
379,2021-05-16,BAS,4969,2466,2503,2858,2111,ITF,ITF5,17,Basilicata,Basilicata,559084,140026,25.05,0.89
380,2021-05-23,BAS,4515,2300,2215,1533,2982,ITF,ITF5,17,Basilicata,Basilicata,559084,144541,25.85,0.81
381,2021-03-27,BAS,2230,851,1379,1815,415,ITF,ITF5,17,Basilicata,Basilicata,559084,146771,26.25,0.4
382,2021-01-07,BAS,640,319,321,640,0,ITF,ITF5,17,Basilicata,Basilicata,559084,147411,26.37,0.11
383,2021-02-19,BAS,1622,737,885,1560,62,ITF,ITF5,17,Basilicata,Basilicata,559084,149033,26.66,0.29
384,2021-02-12,BAS,775,332,443,744,31,ITF,ITF5,17,Basilicata,Basilicata,559084,149808,26.8,0.14
385,2021-04-10,BAS,1033,378,655,950,83,ITF,ITF5,17,Basilicata,Basilicata,559084,150841,26.98,0.18
386,2021-05-08,BAS,4833,2398,2435,3427,1406,ITF,ITF5,17,Basilicata,Basilicata,559084,155674,27.84,0.86
387,2021-01-12,BAS,217,88,129,217,0,ITF,ITF5,17,Basilicata,Basilicata,559084,155891,27.88,0.04
388,2021-03-21,BAS,1048,482,566,354,694,ITF,ITF5,17,Basilicata,Basilicata,559084,156939,28.07,0.19
389,2021-05-29,BAS,3012,1511,1501,831,2181,ITF,ITF5,17,Basilicata,Basilicata,559084,159951,28.61,0.54
390,2021-01-13,BAS,916,387,529,916,0,ITF,ITF5,17,Basilicata,Basilicata,559084,160867,28.77,0.16
391,2021-03-25,BAS,1879,601,1278,1533,346,ITF,ITF5,17,Basilicata,Basilicata,559084,162746,29.11,0.34
392,2021-05-21,BAS,4573,2319,2254,1492,3081,ITF,ITF5,17,Basilicata,Basilicata,559084,167319,29.93,0.82
393,2021-02-03,BAS,666,300,366,32,634,ITF,ITF5,17,Basilicata,Basilicata,559084,167985,30.05,0.12
394,2021-06-01,BAS,6129,2922,3207,3056,3073,ITF,ITF5,17,Basilicata,Basilicata,559084,174114,31.14,1.1
395,2021-04-12,BAS,2170,1051,1119,1679,491,ITF,ITF5,17,Basilicata,Basilicata,559084,176284,31.53,0.39
396,2021-01-04,BAS,607,271,336,607,0,ITF,ITF5,17,Basilicata,Basilicata,559084,176891,31.64,0.11
397,2021-01-21,BAS,30,10,20,30,0,ITF,ITF5,17,Basilicata,Basilicata,559084,176921,31.64,0.01
398,2021-05-03,BAS,4514,2044,2470,3687,827,ITF,ITF5,17,Basilicata,Basilicata,559084,181435,32.45,0.81
399,2021-03-30,BAS,2740,1157,1583,2395,345,ITF,ITF5,17,Basilicata,Basilicata,559084,184175,32.94,0.49
400,2021-02-11,BAS,951,401,550,868,83,ITF,ITF5,17,Basilicata,Basilicata,559084,185126,33.11,0.17
401,2021-03-26,BAS,1957,703,1254,1696,261,ITF,ITF5,17,Basilicata,Basilicata,559084,187083,33.46,0.35
402,2021-06-02,BAS,5946,2796,3150,4409,1537,ITF,ITF5,17,Basilicata,Basilicata,559084,193029,34.53,1.06
403,2021-02-20,BAS,1161,531,630,1043,118,ITF,ITF5,17,Basilicata,Basilicata,559084,194190,34.73,0.21
404,2021-05-24,BAS,4825,2340,2485,1103,3722,ITF,ITF5,17,Basilicata,Basilicata,559084,199015,35.6,0.86
405,2021-01-23,BAS,719,303,416,33,686,ITF,ITF5,17,Basilicata,Basilicata,559084,199734,35.73,0.13
406,2021-04-14,BAS,2041,997,1044,1367,674,ITF,ITF5,17,Basilicata,Basilicata,559084,201775,36.09,0.37
407,2021-02-09,BAS,491,213,278,316,175,ITF,ITF5,17,Basilicata,Basilicata,559084,202266,36.18,0.09
408,2021-03-11,BAS,1790,924,866,831,959,ITF,ITF5,17,Basilicata,Basilicata,559084,204056,36.5,0.32
409,2021-01-06,BAS,294,129,165,294,0,ITF,ITF5,17,Basilicata,Basilicata,559084,204350,36.55,0.05
410,2021-03-28,BAS,2139,741,1398,2122,17,ITF,ITF5,17,Basilicata,Basilicata,559084,206489,36.93,0.38
411,2021-05-22,BAS,5488,2723,2765,1937,3551,ITF,ITF5,17,Basilicata,Basilicata,559084,211977,37.92,0.98
412,2021-02-13,BAS,799,313,486,738,61,ITF,ITF5,17,Basilicata,Basilicata,559084,212776,38.06,0.14
413,2021-04-18,BAS,3720,1847,1873,2353,1367,ITF,ITF5,17,Basilicata,Basilicata,559084,216496,38.72,0.67
414,2021-02-23,BAS,1901,771,1130,1763,138,ITF,ITF5,17,Basilicata,Basilicata,559084,218397,39.06,0.34
415,2021-03-31,BAS,3095,1258,1837,2313,782,ITF,ITF5,17,Basilicata,Basilicata,559084,221492,39.62,0.55
416,2021-06-03,BAS,4918,2256,2662,3737,1181,ITF,ITF5,17,Basilicata,Basilicata,559084,226410,40.5,0.88
417,2021-02-08,BAS,557,193,364,151,406,ITF,ITF5,17,Basilicata,Basilicata,559084,226967,40.6,0.1
418,2021-05-19,BAS,2871,1499,1372,1195,1676,ITF,ITF5,17,Basilicata,Basilicata,559084,229838,41.11,0.51
419,2021-01-02,BAS,949,380,569,949,0,ITF,ITF5,17,Basilicata,Basilicata,559084,230787,41.28,0.17
420,2021-04-26,BAS,4465,2164,2301,4245,220,ITF,ITF5,17,Basilicata,Basilicata,559084,235252,42.08,0.8
421,2021-02-21,BAS,284,113,171,284,0,ITF,ITF5,17,Basilicata,Basilicata,559084,235536,42.13,0.05
422,2021-03-07,BAS,887,309,578,849,38,ITF,ITF5,17,Basilicata,Basilicata,559084,236423,42.29,0.16
423,2021-05-14,BAS,5906,2797,3109,3374,2532,ITF,ITF5,17,Basilicata,Basilicata,559084,242329,43.34,1.06
424,2021-03-14,BAS,1010,477,533,541,469,ITF,ITF5,17,Basilicata,Basilicata,559084,243339,43.52,0.18
425,2021-06-05,BAS,3259,1499,1760,2664,595,ITF,ITF5,17,Basilicata,Basilicata,559084,246598,44.11,0.58
426,2021-05-17,BAS,5539,2733,2806,3406,2133,ITF,ITF5,17,Basilicata,Basilicata,559084,252137,45.1,0.99
427,2021-03-12,BAS,1902,978,924,803,1099,ITF,ITF5,17,Basilicata,Basilicata,559084,254039,45.44,0.34
428,2021-01-20,BAS,84,22,62,84,0,ITF,ITF5,17,Basilicata,Basilicata,559084,254123,45.45,0.02
429,2021-02-16,BAS,906,377,529,808,98,ITF,ITF5,17,Basilicata,Basilicata,559084,255029,45.62,0.16
430,2021-04-07,BAS,1219,550,669,1182,37,ITF,ITF5,17,Basilicata,Basilicata,559084,256248,45.83,0.22
431,2021-04-06,BAS,1266,461,805,1082,184,ITF,ITF5,17,Basilicata,Basilicata,559084,257514,46.06,0.23
432,2021-02-01,BAS,242,91,151,46,196,ITF,ITF5,17,Basilicata,Basilicata,559084,257756,46.1,0.04
433,2021-05-26,BAS,4478,2251,2227,1714,2764,ITF,ITF5,17,Basilicata,Basilicata,559084,262234,46.9,0.8
434,2021-05-12,BAS,4722,2324,2398,2839,1883,ITF,ITF5,17,Basilicata,Basilicata,559084,266956,47.75,0.84
435,2021-03-23,BAS,1582,608,974,1409,173,ITF,ITF5,17,Basilicata,Basilicata,559084,268538,48.03,0.28
436,2021-05-10,BAS,4807,2384,2423,2767,2040,ITF,ITF5,17,Basilicata,Basilicata,559084,273345,48.89,0.86
437,2021-04-23,BAS,4537,2185,2352,3537,1000,ITF,ITF5,17,Basilicata,Basilicata,559084,277882,49.7,0.81
438,2021-03-10,BAS,1677,840,837,838,839,ITF,ITF5,17,Basilicata,Basilicata,559084,279559,50.0,0.3
439,2021-05-06,BAS,5053,2435,2618,3484,1569,ITF,ITF5,17,Basilicata,Basilicata,559084,284612,50.91,0.9
440,2021-02-02,BAS,367,143,224,175,192,ITF,ITF5,17,Basilicata,Basilicata,559084,284979,50.97,0.07
441,2021-03-19,BAS,2290,992,1298,262,2028,ITF,ITF5,17,Basilicata,Basilicata,559084,287269,51.38,0.41
442,2021-01-28,BAS,903,401,502,119,784,ITF,ITF5,17,Basilicata,Basilicata,559084,288172,51.54,0.16
443,2021-01-14,BAS,969,413,556,969,0,ITF,ITF5,17,Basilicata,Basilicata,559084,289141,51.72,0.17
444,2021-04-25,BAS,2986,1458,1528,2933,53,ITF,ITF5,17,Basilicata,Basilicata,559084,292127,52.25,0.53
445,2021-04-28,BAS,4704,2158,2546,4263,441,ITF,ITF5,17,Basilicata,Basilicata,559084,296831,53.09,0.84
446,2021-03-02,BAS,794,383,411,659,135,ITF,ITF5,17,Basilicata,Basilicata,559084,297625,53.23,0.14
447,2021-04-21,BAS,3921,1835,2086,2271,1650,ITF,ITF5,17,Basilicata,Basilicata,559084,301546,53.94,0.7
448,2021-01-25,BAS,1023,429,594,74,949,ITF,ITF5,17,Basilicata,Basilicata,559084,302569,54.12,0.18
449,2021-01-18,BAS,463,157,306,364,99,ITF,ITF5,17,Basilicata,Basilicata,559084,303032,54.2,0.08
450,2021-03-16,BAS,1904,801,1103,229,1675,ITF,ITF5,17,Basilicata,Basilicata,559084,304936,54.54,0.34
451,2021-01-30,BAS,704,227,477,128,576,ITF,ITF5,17,Basilicata,Basilicata,559084,305640,54.67,0.13
452,2021-03-04,BAS,1879,892,987,1084,795,ITF,ITF5,17,Basilicata,Basilicata,559084,307519,55.0,0.34
453,2021-01-16,BAS,721,304,417,721,0,ITF,ITF5,17,Basilicata,Basilicata,559084,308240,55.13,0.13
454,2021-02-28,BAS,804,343,461,775,29,ITF,ITF5,17,Basilicata,Basilicata,559084,309044,55.28,0.14
455,2021-01-09,BAS,557,160,397,557,0,ITF,ITF5,17,Basilicata,Basilicata,559084,309601,55.38,0.1
456,2021-05-07,BAS,4650,2284,2366,3295,1355,ITF,ITF5,17,Basilicata,Basilicata,559084,314251,56.21,0.83
457,2021-03-18,BAS,1349,563,786,25,1324,ITF,ITF5,17,Basilicata,Basilicata,559084,315600,56.45,0.24
458,2021-04-02,BAS,2318,1046,1272,1714,604,ITF,ITF5,17,Basilicata,Basilicata,559084,317918,56.86,0.41
459,2021-02-04,BAS,1096,442,654,63,1033,ITF,ITF5,17,Basilicata,Basilicata,559084,319014,57.06,0.2
460,2021-04-09,BAS,1152,350,802,1089,63,ITF,ITF5,17,Basilicata,Basilicata,559084,320166,57.27,0.21
461,2021-05-15,BAS,6527,3341,3186,3955,2572,ITF,ITF5,17,Basilicata,Basilicata,559084,326693,58.43,1.17
462,2021-02-27,BAS,1992,860,1132,1828,164,ITF,ITF5,17,Basilicata,Basilicata,559084,328685,58.79,0.36
463,2021-04-11,BAS,850,332,518,787,63,ITF,ITF5,17,Basilicata,Basilicata,559084,329535,58.94,0.15
464,2021-04-04,BAS,610,225,385,197,413,ITF,ITF5,17,Basilicata,Basilicata,559084,330145,59.05,0.11
465,2021-04-16,BAS,3319,1632,1687,2421,898,ITF,ITF5,17,Basilicata,Basilicata,559084,333464,59.64,0.59
466,2021-05-31,BAS,4066,1936,2130,1699,2367,ITF,ITF5,17,Basilicata,Basilicata,559084,337530,60.37,0.73
467,2021-02-18,BAS,1070,401,669,855,215,ITF,ITF5,17,Basilicata,Basilicata,559084,338600,60.56,0.19
468,2021-02-25,BAS,1787,736,1051,1741,46,ITF,ITF5,17,Basilicata,Basilicata,559084,340387,60.88,0.32
469,2021-02-06,BAS,902,367,535,146,756,ITF,ITF5,17,Basilicata,Basilicata,559084,341289,61.04,0.16
470,2021-04-30,BAS,5284,2373,2911,4121,1163,ITF,ITF5,17,Basilicata,Basilicata,559084,346573,61.99,0.95
471,2021-05-05,BAS,4335,2049,2286,3445,890,ITF,ITF5,17,Basilicata,Basilicata,559084,350908,62.76,0.78
472,2021-03-09,BAS,1395,709,686,790,605,ITF,ITF5,17,Basilicata,Basilicata,559084,352303,63.01,0.25
473,2021-01-11,BAS,183,66,117,183,0,ITF,ITF5,17,Basilicata,Basilicata,559084,352486,63.05,0.03
474,2021-03-26,TOS,20405,9161,11244,14644,5761,ITI,ITI1,9,Toscana,Toscana,3729641,20405,0.55,0.55
475,2021-05-29,TOS,31518,15239,16279,23381,8137,ITI,ITI1,9,Toscana,Toscana,3729641,51923,1.39,0.85
476,2021-03-09,TOS,10674,4152,6522,5122,5552,ITI,ITI1,9,Toscana,Toscana,3729641,62597,1.68,0.29
477,2021-04-09,TOS,24531,10546,13985,21122,3409,ITI,ITI1,9,Toscana,Toscana,3729641,87128,2.34,0.66
478,2021-02-04,TOS,4253,1594,2659,961,3292,ITI,ITI1,9,Toscana,Toscana,3729641,91381,2.45,0.11
479,2021-03-23,TOS,9093,4102,4991,6819,2274,ITI,ITI1,9,Toscana,Toscana,3729641,100474,2.69,0.24
480,2021-05-12,TOS,34124,15545,18579,14160,19964,ITI,ITI1,9,Toscana,Toscana,3729641,134598,3.61,0.91
481,2021-01-18,TOS,1119,636,483,1021,98,ITI,ITI1,9,Toscana,Toscana,3729641,135717,3.64,0.03
482,2021-01-09,TOS,4485,1596,2889,4485,0,ITI,ITI1,9,Toscana,Toscana,3729641,140202,3.76,0.12
483,2021-04-04,TOS,13910,6601,7309,13657,253,ITI,ITI1,9,Toscana,Toscana,3729641,154112,4.13,0.37
484,2021-03-18,TOS,9970,3981,5989,6005,3965,ITI,ITI1,9,Toscana,Toscana,3729641,164082,4.4,0.27
485,2021-06-03,TOS,31599,15186,16413,27198,4401,ITI,ITI1,9,Toscana,Toscana,3729641,195681,5.25,0.85
486,2021-02-16,TOS,9279,3339,5940,8558,721,ITI,ITI1,9,Toscana,Toscana,3729641,204960,5.5,0.25
487,2021-04-21,TOS,29599,12663,16936,17515,12084,ITI,ITI1,9,Toscana,Toscana,3729641,234559,6.29,0.79
488,2021-02-25,TOS,10634,4306,6328,9635,999,ITI,ITI1,9,Toscana,Toscana,3729641,245193,6.57,0.29
489,2021-04-30,TOS,40171,17769,22402,20316,19855,ITI,ITI1,9,Toscana,Toscana,3729641,285364,7.65,1.08
490,2021-04-25,TOS,11054,5248,5806,8917,2137,ITI,ITI1,9,Toscana,Toscana,3729641,296418,7.95,0.3
491,2021-04-02,TOS,31945,13535,18410,23921,8024,ITI,ITI1,9,Toscana,Toscana,3729641,328363,8.8,0.86
492,2021-03-16,TOS,4903,1884,3019,2653,2250,ITI,ITI1,9,Toscana,Toscana,3729641,333266,8.94,0.13
493,2021-02-27,TOS,1983,756,1227,1081,902,ITI,ITI1,9,Toscana,Toscana,3729641,335249,8.99,0.05
494,2021-06-05,TOS,16887,7937,8950,11758,5129,ITI,ITI1,9,Toscana,Toscana,3729641,352136,9.44,0.45
495,2021-01-11,TOS,5094,1691,3403,5094,0,ITI,ITI1,9,Toscana,Toscana,3729641,357230,9.58,0.14
496,2021-02-23,TOS,7721,3324,4397,7560,161,ITI,ITI1,9,Toscana,Toscana,3729641,364951,9.79,0.21
497,2021-04-23,TOS,25677,11429,14248,9361,16316,ITI,ITI1,9,Toscana,Toscana,3729641,390628,10.47,0.69
498,2021-05-02,TOS,11167,4931,6236,9204,1963,ITI,ITI1,9,Toscana,Toscana,3729641,401795,10.77,0.3
499,2021-01-20,TOS,1331,637,694,1083,248,ITI,ITI1,9,Toscana,Toscana,3729641,403126,10.81,0.04
500,2021-05-22,TOS,25977,12635,13342,21718,4259,ITI,ITI1,9,Toscana,Toscana,3729641,429103,11.51,0.7
501,2021-02-09,TOS,4488,1468,3020,3877,611,ITI,ITI1,9,Toscana,Toscana,3729641,433591,11.63,0.12
502,2021-05-05,TOS,30093,13426,16667,15646,14447,ITI,ITI1,9,Toscana,Toscana,3729641,463684,12.43,0.81
503,2021-02-11,TOS,5383,2021,3362,5141,242,ITI,ITI1,9,Toscana,Toscana,3729641,469067,12.58,0.14
504,2021-01-25,TOS,5127,1896,3231,248,4879,ITI,ITI1,9,Toscana,Toscana,3729641,474194,12.71,0.14
505,2021-05-07,TOS,32080,14672,17408,11991,20089,ITI,ITI1,9,Toscana,Toscana,3729641,506274,13.57,0.86
506,2021-01-28,TOS,6282,1882,4400,354,5928,ITI,ITI1,9,Toscana,Toscana,3729641,512556,13.74,0.17
507,2021-05-19,TOS,27768,13442,14326,18872,8896,ITI,ITI1,9,Toscana,Toscana,3729641,540324,14.49,0.74
508,2021-04-06,TOS,22171,9774,12397,18457,3714,ITI,ITI1,9,Toscana,Toscana,3729641,562495,15.08,0.59
509,2021-05-14,TOS,33260,15384,17876,20636,12624,ITI,ITI1,9,Toscana,Toscana,3729641,595755,15.97,0.89
510,2021-02-28,TOS,1649,667,982,922,727,ITI,ITI1,9,Toscana,Toscana,3729641,597404,16.02,0.04
511,2021-05-24,TOS,33367,16400,16967,24090,9277,ITI,ITI1,9,Toscana,Toscana,3729641,630771,16.91,0.89
512,2021-02-13,TOS,7785,2360,5425,7558,227,ITI,ITI1,9,Toscana,Toscana,3729641,638556,17.12,0.21
513,2021-04-18,TOS,8338,4083,4255,7342,996,ITI,ITI1,9,Toscana,Toscana,3729641,646894,17.34,0.22
514,2021-04-07,TOS,35634,15292,20342,28386,7248,ITI,ITI1,9,Toscana,Toscana,3729641,682528,18.3,0.96
515,2021-04-14,TOS,20161,8336,11825,15052,5109,ITI,ITI1,9,Toscana,Toscana,3729641,702689,18.84,0.54
516,2021-04-16,TOS,28955,12889,16066,22045,6910,ITI,ITI1,9,Toscana,Toscana,3729641,731644,19.62,0.78
517,2021-03-02,TOS,10598,3798,6800,7154,3444,ITI,ITI1,9,Toscana,Toscana,3729641,742242,19.9,0.28
518,2021-01-04,TOS,5065,1894,3171,5065,0,ITI,ITI1,9,Toscana,Toscana,3729641,747307,20.04,0.14
519,2021-03-04,TOS,17626,6760,10866,14544,3082,ITI,ITI1,9,Toscana,Toscana,3729641,764933,20.51,0.47
520,2021-01-06,TOS,4520,1460,3060,4520,0,ITI,ITI1,9,Toscana,Toscana,3729641,769453,20.63,0.12
521,2021-05-15,TOS,29305,13831,15474,23559,5746,ITI,ITI1,9,Toscana,Toscana,3729641,798758,21.42,0.79
522,2021-04-28,TOS,19117,8186,10931,3830,15287,ITI,ITI1,9,Toscana,Toscana,3729641,817875,21.93,0.51
523,2021-02-18,TOS,8819,3284,5535,7924,895,ITI,ITI1,9,Toscana,Toscana,3729641,826694,22.17,0.24
524,2020-12-30,TOS,327,104,223,327,0,ITI,ITI1,9,Toscana,Toscana,3729641,827021,22.17,0.01
525,2021-02-01,TOS,5509,1958,3551,521,4988,ITI,ITI1,9,Toscana,Toscana,3729641,832530,22.32,0.15
526,2021-04-26,TOS,10153,4943,5210,7598,2555,ITI,ITI1,9,Toscana,Toscana,3729641,842683,22.59,0.27
527,2021-01-02,TOS,3497,1096,2401,3497,0,ITI,ITI1,9,Toscana,Toscana,3729641,846180,22.69,0.09
528,2021-03-07,TOS,5647,2357,3290,2105,3542,ITI,ITI1,9,Toscana,Toscana,3729641,851827,22.84,0.15
529,2021-01-16,TOS,3271,1046,2225,3271,0,ITI,ITI1,9,Toscana,Toscana,3729641,855098,22.93,0.09
530,2021-05-31,TOS,30024,14396,15628,19353,10671,ITI,ITI1,9,Toscana,Toscana,3729641,885122,23.73,0.81
531,2021-04-11,TOS,3642,1679,1963,3487,155,ITI,ITI1,9,Toscana,Toscana,3729641,888764,23.83,0.1
532,2021-02-20,TOS,4640,1789,2851,4127,513,ITI,ITI1,9,Toscana,Toscana,3729641,893404,23.95,0.12
533,2021-05-03,TOS,11933,5510,6423,10614,1319,ITI,ITI1,9,Toscana,Toscana,3729641,905337,24.27,0.32
534,2021-05-17,TOS,29477,14631,14846,20806,8671,ITI,ITI1,9,Toscana,Toscana,3729641,934814,25.06,0.79
535,2021-03-21,TOS,3231,1573,1658,1798,1433,ITI,ITI1,9,Toscana,Toscana,3729641,938045,25.15,0.09
536,2021-01-23,TOS,3949,1354,2595,640,3309,ITI,ITI1,9,Toscana,Toscana,3729641,941994,25.26,0.11
537,2021-03-28,TOS,6212,2808,3404,5958,254,ITI,ITI1,9,Toscana,Toscana,3729641,948206,25.42,0.17
538,2021-01-30,TOS,4622,1622,3000,198,4424,ITI,ITI1,9,Toscana,Toscana,3729641,952828,25.55,0.12
539,2021-05-10,TOS,26141,12352,13789,15523,10618,ITI,ITI1,9,Toscana,Toscana,3729641,978969,26.25,0.7
540,2021-03-14,TOS,7173,2561,4612,3238,3935,ITI,ITI1,9,Toscana,Toscana,3729641,986142,26.44,0.19
541,2021-02-06,TOS,4527,1550,2977,1294,3233,ITI,ITI1,9,Toscana,Toscana,3729641,990669,26.56,0.12
542,2021-01-17,TOS,2536,871,1665,2023,513,ITI,ITI1,9,Toscana,Toscana,3729641,993205,26.63,0.07
543,2021-05-30,TOS,28639,13935,14704,21707,6932,ITI,ITI1,9,Toscana,Toscana,3729641,1021844,27.4,0.77
544,2021-03-19,TOS,10136,4457,5679,7271,2865,ITI,ITI1,9,Toscana,Toscana,3729641,1031980,27.67,0.27
545,2021-01-21,TOS,1589,686,903,867,722,ITI,ITI1,9,Toscana,Toscana,3729641,1033569,27.71,0.04
546,2021-06-02,TOS,27534,13591,13943,22032,5502,ITI,ITI1,9,Toscana,Toscana,3729641,1061103,28.45,0.74
547,2021-02-08,TOS,4097,1360,2737,3638,459,ITI,ITI1,9,Toscana,Toscana,3729641,1065200,28.56,0.11
548,2021-04-13,TOS,8491,3509,4982,6032,2459,ITI,ITI1,9,Toscana,Toscana,3729641,1073691,28.79,0.23
549,2021-05-26,TOS,35180,16776,18404,20169,15011,ITI,ITI1,9,Toscana,Toscana,3729641,1108871,29.73,0.94
550,2021-03-30,TOS,16861,7498,9363,13297,3564,ITI,ITI1,9,Toscana,Toscana,3729641,1125732,30.18,0.45
551,2021-05-21,TOS,28599,13226,15373,17445,11154,ITI,ITI1,9,Toscana,Toscana,3729641,1154331,30.95,0.77
552,2021-03-01,TOS,4472,1733,2739,832,3640,ITI,ITI1,9,Toscana,Toscana,3729641,1158803,31.07,0.12
553,2021-05-04,TOS,18301,8207,10094,12854,5447,ITI,ITI1,9,Toscana,Toscana,3729641,1177104,31.56,0.49
554,2021-02-12,TOS,7606,2683,4923,7393,213,ITI,ITI1,9,Toscana,Toscana,3729641,1184710,31.76,0.2
555,2021-04-17,TOS,20533,9206,11327,18411,2122,ITI,ITI1,9,Toscana,Toscana,3729641,1205243,32.32,0.55
556,2021-01-13,TOS,4062,1398,2664,4062,0,ITI,ITI1,9,Toscana,Toscana,3729641,1209305,32.42,0.11
557,2021-01-22,TOS,2866,1064,1802,528,2338,ITI,ITI1,9,Toscana,Toscana,3729641,1212171,32.5,0.08
558,2021-03-27,TOS,8860,4150,4710,8645,215,ITI,ITI1,9,Toscana,Toscana,3729641,1221031,32.74,0.24
559,2021-05-25,TOS,33813,16216,17597,19335,14478,ITI,ITI1,9,Toscana,Toscana,3729641,1254844,33.65,0.91
560,2021-03-22,TOS,4890,2451,2439,4446,444,ITI,ITI1,9,Toscana,Toscana,3729641,1259734,33.78,0.13
561,2021-02-10,TOS,4263,1281,2982,3740,523,ITI,ITI1,9,Toscana,Toscana,3729641,1263997,33.89,0.11
562,2021-05-23,TOS,28368,13642,14726,25804,2564,ITI,ITI1,9,Toscana,Toscana,3729641,1292365,34.65,0.76
563,2021-05-06,TOS,31326,13612,17714,14171,17155,ITI,ITI1,9,Toscana,Toscana,3729641,1323691,35.49,0.84
564,2021-01-24,TOS,3349,1073,2276,201,3148,ITI,ITI1,9,Toscana,Toscana,3729641,1327040,35.58,0.09
565,2021-03-20,TOS,6490,2884,3606,5354,1136,ITI,ITI1,9,Toscana,Toscana,3729641,1333530,35.75,0.17
566,2021-03-29,TOS,9391,4588,4803,9067,324,ITI,ITI1,9,Toscana,Toscana,3729641,1342921,36.01,0.25
567,2021-02-14,TOS,9000,2569,6431,8890,110,ITI,ITI1,9,Toscana,Toscana,3729641,1351921,36.25,0.24
568,2021-04-01,TOS,26905,11109,15796,16300,10605,ITI,ITI1,9,Toscana,Toscana,3729641,1378826,36.97,0.72
569,2021-01-27,TOS,4835,1573,3262,206,4629,ITI,ITI1,9,Toscana,Toscana,3729641,1383661,37.1,0.13
570,2021-03-17,TOS,11421,4586,6835,6893,4528,ITI,ITI1,9,Toscana,Toscana,3729641,1395082,37.41,0.31
571,2021-01-03,TOS,3335,1051,2284,3335,0,ITI,ITI1,9,Toscana,Toscana,3729641,1398417,37.49,0.09
572,2021-02-15,TOS,8771,3375,5396,7946,825,ITI,ITI1,9,Toscana,Toscana,3729641,1407188,37.73,0.24
573,2021-02-22,TOS,9818,4254,5564,9541,277,ITI,ITI1,9,Toscana,Toscana,3729641,1417006,37.99,0.26
574,2021-04-24,TOS,13435,6164,7271,5991,7444,ITI,ITI1,9,Toscana,Toscana,3729641,1430441,38.35,0.36
575,2021-03-12,TOS,16524,6221,10303,12996,3528,ITI,ITI1,9,Toscana,Toscana,3729641,1446965,38.8,0.44
576,2021-01-08,TOS,5946,1642,4304,5946,0,ITI,ITI1,9,Toscana,Toscana,3729641,1452911,38.96,0.16
577,2021-04-20,TOS,18156,8110,10046,12599,5557,ITI,ITI1,9,Toscana,Toscana,3729641,1471067,39.44,0.49
578,2021-03-15,TOS,8356,3332,5024,3913,4443,ITI,ITI1,9,Toscana,Toscana,3729641,1479423,39.67,0.22
579,2021-01-10,TOS,3001,1104,1897,3001,0,ITI,ITI1,9,Toscana,Toscana,3729641,1482424,39.75,0.08
580,2021-04-03,TOS,15013,6646,8367,13887,1126,ITI,ITI1,9,Toscana,Toscana,3729641,1497437,40.15,0.4
581,2021-02-26,TOS,10076,3833,6243,8870,1206,ITI,ITI1,9,Toscana,Toscana,3729641,1507513,40.42,0.27
582,2021-02-03,TOS,4221,1452,2769,241,3980,ITI,ITI1,9,Toscana,Toscana,3729641,1511734,40.53,0.11
583,2021-03-25,TOS,23613,10123,13490,15274,8339,ITI,ITI1,9,Toscana,Toscana,3729641,1535347,41.17,0.63
584,2021-05-13,TOS,34876,15334,19542,13721,21155,ITI,ITI1,9,Toscana,Toscana,3729641,1570223,42.1,0.94
585,2021-04-29,TOS,39337,17710,21627,19238,20099,ITI,ITI1,9,Toscana,Toscana,3729641,1609560,43.16,1.05
586,2021-03-10,TOS,18014,7073,10941,13996,4018,ITI,ITI1,9,Toscana,Toscana,3729641,1627574,43.64,0.48
587,2021-03-24,TOS,19688,8005,11683,10231,9457,ITI,ITI1,9,Toscana,Toscana,3729641,1647262,44.17,0.53
588,2021-04-27,TOS,10347,4910,5437,3866,6481,ITI,ITI1,9,Toscana,Toscana,3729641,1657609,44.44,0.28
589,2021-03-08,TOS,6371,2630,3741,1551,4820,ITI,ITI1,9,Toscana,Toscana,3729641,1663980,44.62,0.17
590,2021-04-10,TOS,11722,5348,6374,10977,745,ITI,ITI1,9,Toscana,Toscana,3729641,1675702,44.93,0.31
591,2021-02-19,TOS,8291,2952,5339,7781,510,ITI,ITI1,9,Toscana,Toscana,3729641,1683993,45.15,0.22
592,2021-03-11,TOS,15495,5993,9502,12169,3326,ITI,ITI1,9,Toscana,Toscana,3729641,1699488,45.57,0.42
593,2021-01-01,TOS,2369,787,1582,2369,0,ITI,ITI1,9,Toscana,Toscana,3729641,1701857,45.63,0.06
594,2021-03-06,TOS,7094,2838,4256,2901,4193,ITI,ITI1,9,Toscana,Toscana,3729641,1708951,45.82,0.19
595,2021-01-15,TOS,3878,1347,2531,3878,0,ITI,ITI1,9,Toscana,Toscana,3729641,1712829,45.92,0.1
596,2021-06-01,TOS,26692,13198,13494,23012,3680,ITI,ITI1,9,Toscana,Toscana,3729641,1739521,46.64,0.72
597,2021-04-12,TOS,2612,1183,1429,1958,654,ITI,ITI1,9,Toscana,Toscana,3729641,1742133,46.71,0.07
598,2021-05-28,TOS,29814,13701,16113,17480,12334,ITI,ITI1,9,Toscana,Toscana,3729641,1771947,47.51,0.8
599,2021-06-04,TOS,27696,13058,14638,20051,7645,ITI,ITI1,9,Toscana,Toscana,3729641,1799643,48.25,0.74
600,2021-04-08,TOS,29655,12538,17117,23275,6380,ITI,ITI1,9,Toscana,Toscana,3729641,1829298,49.05,0.8
601,2021-04-15,TOS,24393,10192,14201,15866,8527,ITI,ITI1,9,Toscana,Toscana,3729641,1853691,49.7,0.65
602,2021-02-17,TOS,8175,3169,5006,7423,752,ITI,ITI1,9,Toscana,Toscana,3729641,1861866,49.92,0.22
603,2021-04-22,TOS,35720,15301,20419,18282,17438,ITI,ITI1,9,Toscana,Toscana,3729641,1897586,50.88,0.96
604,2021-02-24,TOS,10372,4467,5905,10171,201,ITI,ITI1,9,Toscana,Toscana,3729641,1907958,51.16,0.28
605,2021-03-03,TOS,18194,6509,11685,14588,3606,ITI,ITI1,9,Toscana,Toscana,3729641,1926152,51.64,0.49
606,2021-01-05,TOS,5249,1755,3494,5249,0,ITI,ITI1,9,Toscana,Toscana,3729641,1931401,51.79,0.14
607,2021-01-12,TOS,3581,1398,2183,3581,0,ITI,ITI1,9,Toscana,Toscana,3729641,1934982,51.88,0.1
608,2021-01-19,TOS,1104,531,573,1104,0,ITI,ITI1,9,Toscana,Toscana,3729641,1936086,51.91,0.03
609,2020-12-31,TOS,803,202,601,803,0,ITI,ITI1,9,Toscana,Toscana,3729641,1936889,51.93,0.02
610,2020-12-27,TOS,620,267,353,620,0,ITI,ITI1,9,Toscana,Toscana,3729641,1937509,51.95,0.02
611,2021-05-08,TOS,29142,13108,16034,13694,15448,ITI,ITI1,9,Toscana,Toscana,3729641,1966651,52.73,0.78
612,2021-05-16,TOS,26660,12879,13781,24200,2460,ITI,ITI1,9,Toscana,Toscana,3729641,1993311,53.45,0.71
613,2021-03-13,TOS,9275,3301,5974,5312,3963,ITI,ITI1,9,Toscana,Toscana,3729641,2002586,53.69,0.25
614,2021-05-09,TOS,22515,9760,12755,9656,12859,ITI,ITI1,9,Toscana,Toscana,3729641,2025101,54.3,0.6
615,2021-02-05,TOS,5749,2245,3504,1924,3825,ITI,ITI1,9,Toscana,Toscana,3729641,2030850,54.45,0.15
616,2021-05-11,TOS,27937,12980,14957,12480,15457,ITI,ITI1,9,Toscana,Toscana,3729641,2058787,55.2,0.75
617,2021-01-29,TOS,6144,1700,4444,304,5840,ITI,ITI1,9,Toscana,Toscana,3729641,2064931,55.37,0.16
618,2021-01-31,TOS,3050,1129,1921,106,2944,ITI,ITI1,9,Toscana,Toscana,3729641,2067981,55.45,0.08
619,2021-04-05,TOS,15279,6823,8456,14542,737,ITI,ITI1,9,Toscana,Toscana,3729641,2083260,55.86,0.41
620,2021-05-18,TOS,28724,14157,14567,19988,8736,ITI,ITI1,9,Toscana,Toscana,3729641,2111984,56.63,0.77
621,2021-02-07,TOS,2805,952,1853,885,1920,ITI,ITI1,9,Toscana,Toscana,3729641,2114789,56.7,0.08
622,2021-01-26,TOS,5393,1792,3601,220,5173,ITI,ITI1,9,Toscana,Toscana,3729641,2120182,56.85,0.14
623,2021-03-31,TOS,32575,13135,19440,20418,12157,ITI,ITI1,9,Toscana,Toscana,3729641,2152757,57.72,0.87
624,2021-04-19,TOS,9091,4505,4586,8063,1028,ITI,ITI1,9,Toscana,Toscana,3729641,2161848,57.96,0.24
625,2021-01-07,TOS,6018,1751,4267,6018,0,ITI,ITI1,9,Toscana,Toscana,3729641,2167866,58.13,0.16
626,2021-05-27,TOS,27899,12817,15082,13253,14646,ITI,ITI1,9,Toscana,Toscana,3729641,2195765,58.87,0.75
627,2021-02-02,TOS,3743,1475,2268,196,3547,ITI,ITI1,9,Toscana,Toscana,3729641,2199508,58.97,0.1
628,2021-05-01,TOS,23309,10061,13248,14135,9174,ITI,ITI1,9,Toscana,Toscana,3729641,2222817,59.6,0.62
629,2021-02-21,TOS,5105,2089,3016,4935,170,ITI,ITI1,9,Toscana,Toscana,3729641,2227922,59.74,0.14
630,2021-01-14,TOS,3255,1179,2076,3255,0,ITI,ITI1,9,Toscana,Toscana,3729641,2231177,59.82,0.09
631,2021-03-05,TOS,16494,6336,10158,11752,4742,ITI,ITI1,9,Toscana,Toscana,3729641,2247671,60.27,0.44
632,2021-05-20,TOS,29498,13694,15804,18895,10603,ITI,ITI1,9,Toscana,Toscana,3729641,2277169,61.06,0.79
633,2021-04-20,VDA,932,430,502,738,194,ITC,ITC2,2,Valle d'Aosta / Vallée d'Aoste,Valle d'Aosta,125666,932,0.74,0.74
634,2021-02-15,VDA,264,136,128,229,35,ITC,ITC2,2,Valle d'Aosta / Vallée d'Aoste,Valle d'Aosta,125666,1196,0.95,0.21
635,2021-02-14,VDA,48,16,32,1,47,ITC,ITC2,2,Valle d'Aosta / Vallée d'Aoste,Valle d'Aosta,125666,1244,0.99,0.04
636,2021-04-15,VDA,810,377,433,671,139,ITC,ITC2,2,Valle d'Aosta / Vallée d'Aoste,Valle d'Aosta,125666,2054,1.63,0.64
637,2021-03-29,VDA,493,233,260,453,40,ITC,ITC2,2,Valle d'Aosta / Vallée d'Aoste,Valle d'Aosta,125666,2547,2.03,0.39
638,2021-06-01,VDA,871,469,402,518,353,ITC,ITC2,2,Valle d'Aosta / Vallée d'Aoste,Valle d'Aosta,125666,3418,2.72,0.69
639,2021-03-12,VDA,531,175,356,305,226,ITC,ITC2,2,Valle d'Aosta / Vallée d'Aoste,Valle d'Aosta,125666,3949,3.14,0.42
640,2021-05-28,VDA,975,414,561,563,412,ITC,ITC2,2,Valle d'Aosta / Vallée d'Aoste,Valle d'Aosta,125666,4924,3.92,0.78
641,2021-03-25,VDA,389,154,235,379,10,ITC,ITC2,2,Valle d'Aosta / Vallée d'Aoste,Valle d'Aosta,125666,5313,4.23,0.31
642,2021-02-10,VDA,248,77,171,141,107,ITC,ITC2,2,Valle d'Aosta / Vallée d'Aoste,Valle d'Aosta,125666,5561,4.43,0.2
643,2021-02-19,VDA,292,102,190,268,24,ITC,ITC2,2,Valle d'Aosta / Vallée d'Aoste,Valle d'Aosta,125666,5853,4.66,0.23
644,2021-01-07,VDA,276,111,165,276,0,ITC,ITC2,2,Valle d'Aosta / Vallée d'Aoste,Valle d'Aosta,125666,6129,4.88,0.22
645,2021-04-24,VDA,722,400,322,555,167,ITC,ITC2,2,Valle d'Aosta / Vallée d'Aoste,Valle d'Aosta,125666,6851,5.45,0.57
646,2021-04-13,VDA,373,171,202,329,44,ITC,ITC2,2,Valle d'Aosta / Vallée d'Aoste,Valle d'Aosta,125666,7224,5.75,0.3
647,2021-03-27,VDA,333,164,169,302,31,ITC,ITC2,2,Valle d'Aosta / Vallée d'Aoste,Valle d'Aosta,125666,7557,6.01,0.26
648,2021-03-10,VDA,438,183,255,225,213,ITC,ITC2,2,Valle d'Aosta / Vallée d'Aoste,Valle d'Aosta,125666,7995,6.36,0.35
649,2021-05-21,VDA,917,433,484,531,386,ITC,ITC2,2,Valle d'Aosta / Vallée d'Aoste,Valle d'Aosta,125666,8912,7.09,0.73
650,2021-05-30,VDA,865,429,436,694,171,ITC,ITC2,2,Valle d'Aosta / Vallée d'Aoste,Valle d'Aosta,125666,9777,7.78,0.69
651,2021-02-17,VDA,327,144,183,227,100,ITC,ITC2,2,Valle d'Aosta / Vallée d'Aoste,Valle d'Aosta,125666,10104,8.04,0.26
652,2021-04-17,VDA,638,407,231,636,2,ITC,ITC2,2,Valle d'Aosta / Vallée d'Aoste,Valle d'Aosta,125666,10742,8.55,0.51
653,2021-01-05,VDA,150,54,96,150,0,ITC,ITC2,2,Valle d'Aosta / Vallée d'Aoste,Valle d'Aosta,125666,10892,8.67,0.12
654,2021-01-14,VDA,237,69,168,237,0,ITC,ITC2,2,Valle d'Aosta / Vallée d'Aoste,Valle d'Aosta,125666,11129,8.86,0.19
655,2021-02-22,VDA,316,94,222,213,103,ITC,ITC2,2,Valle d'Aosta / Vallée d'Aoste,Valle d'Aosta,125666,11445,9.11,0.25
656,2021-06-04,VDA,908,383,525,474,434,ITC,ITC2,2,Valle d'Aosta / Vallée d'Aoste,Valle d'Aosta,125666,12353,9.83,0.72
657,2021-04-29,VDA,1291,634,657,757,534,ITC,ITC2,2,Valle d'Aosta / Vallée d'Aoste,Valle d'Aosta,125666,13644,10.86,1.03
658,2021-01-19,VDA,256,77,179,256,0,ITC,ITC2,2,Valle d'Aosta / Vallée d'Aoste,Valle d'Aosta,125666,13900,11.06,0.2
659,2021-04-14,VDA,941,430,511,717,224,ITC,ITC2,2,Valle d'Aosta / Vallée d'Aoste,Valle d'Aosta,125666,14841,11.81,0.75
660,2021-05-04,VDA,1135,510,625,462,673,ITC,ITC2,2,Valle d'Aosta / Vallée d'Aoste,Valle d'Aosta,125666,15976,12.71,0.9
661,2021-03-15,VDA,362,123,239,159,203,ITC,ITC2,2,Valle d'Aosta / Vallée d'Aoste,Valle d'Aosta,125666,16338,13.0,0.29
662,2021-01-17,VDA,131,56,75,131,0,ITC,ITC2,2,Valle d'Aosta / Vallée d'Aoste,Valle d'Aosta,125666,16469,13.11,0.1
663,2021-01-31,VDA,291,91,200,58,233,ITC,ITC2,2,Valle d'Aosta / Vallée d'Aoste,Valle d'Aosta,125666,16760,13.34,0.23
664,2021-03-22,VDA,560,205,355,333,227,ITC,ITC2,2,Valle d'Aosta / Vallée d'Aoste,Valle d'Aosta,125666,17320,13.78,0.45
665,2021-04-22,VDA,1067,449,618,684,383,ITC,ITC2,2,Valle d'Aosta / Vallée d'Aoste,Valle d'Aosta,125666,18387,14.63,0.85
666,2021-03-03,VDA,255,118,137,187,68,ITC,ITC2,2,Valle d'Aosta / Vallée d'Aoste,Valle d'Aosta,125666,18642,14.83,0.2
667,2021-01-12,VDA,302,72,230,302,0,ITC,ITC2,2,Valle d'Aosta / Vallée d'Aoste,Valle d'Aosta,125666,18944,15.07,0.24
668,2021-03-17,VDA,433,185,248,273,160,ITC,ITC2,2,Valle d'Aosta / Vallée d'Aoste,Valle d'Aosta,125666,19377,15.42,0.34
669,2021-01-26,VDA,139,48,91,0,139,ITC,ITC2,2,Valle d'Aosta / Vallée d'Aoste,Valle d'Aosta,125666,19516,15.53,0.11
670,2021-05-16,VDA,688,341,347,347,341,ITC,ITC2,2,Valle d'Aosta / Vallée d'Aoste,Valle d'Aosta,125666,20204,16.08,0.55
671,2021-02-05,VDA,294,102,192,101,193,ITC,ITC2,2,Valle d'Aosta / Vallée d'Aoste,Valle d'Aosta,125666,20498,16.31,0.23
672,2021-05-18,VDA,969,484,485,353,616,ITC,ITC2,2,Valle d'Aosta / Vallée d'Aoste,Valle d'Aosta,125666,21467,17.08,0.77
673,2021-04-12,VDA,486,186,300,323,163,ITC,ITC2,2,Valle d'Aosta / Vallée d'Aoste,Valle d'Aosta,125666,21953,17.47,0.39
674,2021-02-03,VDA,351,114,237,14,337,ITC,ITC2,2,Valle d'Aosta / Vallée d'Aoste,Valle d'Aosta,125666,22304,17.75,0.28
675,2021-04-01,VDA,776,394,382,764,12,ITC,ITC2,2,Valle d'Aosta / Vallée d'Aoste,Valle d'Aosta,125666,23080,18.37,0.62
676,2021-04-08,VDA,584,282,302,441,143,ITC,ITC2,2,Valle d'Aosta / Vallée d'Aoste,Valle d'Aosta,125666,23664,18.83,0.46
677,2021-02-24,VDA,183,82,101,164,19,ITC,ITC2,2,Valle d'Aosta / Vallée d'Aoste,Valle d'Aosta,125666,23847,18.98,0.15
678,2021-01-27,VDA,151,71,80,79,72,ITC,ITC2,2,Valle d'Aosta / Vallée d'Aoste,Valle d'Aosta,125666,23998,19.1,0.12
679,2020-12-27,VDA,20,9,11,20,0,ITC,ITC2,2,Valle d'Aosta / Vallée d'Aoste,Valle d'Aosta,125666,24018,19.11,0.02
680,2021-03-01,VDA,181,66,115,147,34,ITC,ITC2,2,Valle d'Aosta / Vallée d'Aoste,Valle d'Aosta,125666,24199,19.26,0.14
681,2021-01-10,VDA,220,71,149,220,0,ITC,ITC2,2,Valle d'Aosta / Vallée d'Aoste,Valle d'Aosta,125666,24419,19.43,0.18
682,2021-05-25,VDA,1115,530,585,541,574,ITC,ITC2,2,Valle d'Aosta / Vallée d'Aoste,Valle d'Aosta,125666,25534,20.32,0.89
683,2021-05-08,VDA,904,540,364,526,378,ITC,ITC2,2,Valle d'Aosta / Vallée d'Aoste,Valle d'Aosta,125666,26438,21.04,0.72
684,2021-04-05,VDA,461,222,239,457,4,ITC,ITC2,2,Valle d'Aosta / Vallée d'Aoste,Valle d'Aosta,125666,26899,21.41,0.37
685,2021-05-06,VDA,1063,509,554,679,384,ITC,ITC2,2,Valle d'Aosta / Vallée d'Aoste,Valle d'Aosta,125666,27962,22.25,0.85
686,2021-03-31,VDA,555,302,253,529,26,ITC,ITC2,2,Valle d'Aosta / Vallée d'Aoste,Valle d'Aosta,125666,28517,22.69,0.44
687,2021-05-27,VDA,1089,497,592,586,503,ITC,ITC2,2,Valle d'Aosta / Vallée d'Aoste,Valle d'Aosta,125666,29606,23.56,0.87
688,2021-05-13,VDA,1139,556,583,540,599,ITC,ITC2,2,Valle d'Aosta / Vallée d'Aoste,Valle d'Aosta,125666,30745,24.47,0.91
689,2021-02-02,VDA,272,70,202,2,270,ITC,ITC2,2,Valle d'Aosta / Vallée d'Aoste,Valle d'Aosta,125666,31017,24.68,0.22
690,2021-03-20,VDA,208,86,122,172,36,ITC,ITC2,2,Valle d'Aosta / Vallée d'Aoste,Valle d'Aosta,125666,31225,24.85,0.17
691,2021-05-09,VDA,574,287,287,444,130,ITC,ITC2,2,Valle d'Aosta / Vallée d'Aoste,Valle d'Aosta,125666,31799,25.3,0.46
692,2021-04-03,VDA,676,341,335,661,15,ITC,ITC2,2,Valle d'Aosta / Vallée d'Aoste,Valle d'Aosta,125666,32475,25.84,0.54
693,2021-05-23,VDA,999,465,534,658,341,ITC,ITC2,2,Valle d'Aosta / Vallée d'Aoste,Valle d'Aosta,125666,33474,26.64,0.79
694,2021-01-29,VDA,318,138,180,2,316,ITC,ITC2,2,Valle d'Aosta / Vallée d'Aoste,Valle d'Aosta,125666,33792,26.89,0.25
695,2021-02-12,VDA,263,96,167,217,46,ITC,ITC2,2,Valle d'Aosta / Vallée d'Aoste,Valle d'Aosta,125666,34055,27.1,0.21
696,2021-05-02,VDA,765,345,420,605,160,ITC,ITC2,2,Valle d'Aosta / Vallée d'Aoste,Valle d'Aosta,125666,34820,27.71,0.61
697,2021-01-08,VDA,299,130,169,299,0,ITC,ITC2,2,Valle d'Aosta / Vallée d'Aoste,Valle d'Aosta,125666,35119,27.95,0.24
698,2021-03-06,VDA,22,4,18,22,0,ITC,ITC2,2,Valle d'Aosta / Vallée d'Aoste,Valle d'Aosta,125666,35141,27.96,0.02
699,2021-03-13,VDA,147,88,59,147,0,ITC,ITC2,2,Valle d'Aosta / Vallée d'Aoste,Valle d'Aosta,125666,35288,28.08,0.12
700,2021-01-15,VDA,218,82,136,218,0,ITC,ITC2,2,Valle d'Aosta / Vallée d'Aoste,Valle d'Aosta,125666,35506,28.25,0.17
701,2021-01-22,VDA,56,21,35,20,36,ITC,ITC2,2,Valle d'Aosta / Vallée d'Aoste,Valle d'Aosta,125666,35562,28.3,0.04
702,2021-04-10,VDA,404,190,214,399,5,ITC,ITC2,2,Valle d'Aosta / Vallée d'Aoste,Valle d'Aosta,125666,35966,28.62,0.32
703,2021-02-26,VDA,207,58,149,122,85,ITC,ITC2,2,Valle d'Aosta / Vallée d'Aoste,Valle d'Aosta,125666,36173,28.79,0.16
704,2020-12-31,VDA,18,4,14,18,0,ITC,ITC2,2,Valle d'Aosta / Vallée d'Aoste,Valle d'Aosta,125666,36191,28.8,0.01
705,2021-03-05,VDA,275,124,151,53,222,ITC,ITC2,2,Valle d'Aosta / Vallée d'Aoste,Valle d'Aosta,125666,36466,29.02,0.22
706,2021-01-28,VDA,291,123,168,56,235,ITC,ITC2,2,Valle d'Aosta / Vallée d'Aoste,Valle d'Aosta,125666,36757,29.25,0.23
707,2021-04-23,VDA,921,443,478,538,383,ITC,ITC2,2,Valle d'Aosta / Vallée d'Aoste,Valle d'Aosta,125666,37678,29.98,0.73
708,2021-03-04,VDA,291,139,152,42,249,ITC,ITC2,2,Valle d'Aosta / Vallée d'Aoste,Valle d'Aosta,125666,37969,30.21,0.23
709,2021-05-07,VDA,564,245,319,533,31,ITC,ITC2,2,Valle d'Aosta / Vallée d'Aoste,Valle d'Aosta,125666,38533,30.66,0.45
710,2021-04-06,VDA,741,381,360,629,112,ITC,ITC2,2,Valle d'Aosta / Vallée d'Aoste,Valle d'Aosta,125666,39274,31.25,0.59
711,2021-04-27,VDA,978,423,555,686,292,ITC,ITC2,2,Valle d'Aosta / Vallée d'Aoste,Valle d'Aosta,125666,40252,32.03,0.78
712,2021-03-08,VDA,482,231,251,237,245,ITC,ITC2,2,Valle d'Aosta / Vallée d'Aoste,Valle d'Aosta,125666,40734,32.41,0.38
713,2021-05-11,VDA,645,325,320,494,151,ITC,ITC2,2,Valle d'Aosta / Vallée d'Aoste,Valle d'Aosta,125666,41379,32.93,0.51
714,2021-05-15,VDA,1065,614,451,380,685,ITC,ITC2,2,Valle d'Aosta / Vallée d'Aoste,Valle d'Aosta,125666,42444,33.78,0.85
715,2021-02-23,VDA,216,123,93,216,0,ITC,ITC2,2,Valle d'Aosta / Vallée d'Aoste,Valle d'Aosta,125666,42660,33.95,0.17
716,2021-04-28,VDA,1218,632,586,715,503,ITC,ITC2,2,Valle d'Aosta / Vallée d'Aoste,Valle d'Aosta,125666,43878,34.92,0.97
717,2021-02-06,VDA,289,104,185,92,197,ITC,ITC2,2,Valle d'Aosta / Vallée d'Aoste,Valle d'Aosta,125666,44167,35.15,0.23
718,2021-04-11,VDA,479,208,271,479,0,ITC,ITC2,2,Valle d'Aosta / Vallée d'Aoste,Valle d'Aosta,125666,44646,35.53,0.38
719,2021-04-19,VDA,751,325,426,542,209,ITC,ITC2,2,Valle d'Aosta / Vallée d'Aoste,Valle d'Aosta,125666,45397,36.13,0.6
720,2021-01-16,VDA,236,80,156,236,0,ITC,ITC2,2,Valle d'Aosta / Vallée d'Aoste,Valle d'Aosta,125666,45633,36.31,0.19
721,2021-05-19,VDA,993,498,495,418,575,ITC,ITC2,2,Valle d'Aosta / Vallée d'Aoste,Valle d'Aosta,125666,46626,37.1,0.79
722,2021-03-16,VDA,180,37,143,118,62,ITC,ITC2,2,Valle d'Aosta / Vallée d'Aoste,Valle d'Aosta,125666,46806,37.25,0.14
723,2021-02-21,VDA,18,3,15,0,18,ITC,ITC2,2,Valle d'Aosta / Vallée d'Aoste,Valle d'Aosta,125666,46824,37.26,0.01
724,2021-06-03,VDA,1305,666,639,896,409,ITC,ITC2,2,Valle d'Aosta / Vallée d'Aoste,Valle d'Aosta,125666,48129,38.3,1.04
725,2021-05-17,VDA,809,417,392,375,434,ITC,ITC2,2,Valle d'Aosta / Vallée d'Aoste,Valle d'Aosta,125666,48938,38.94,0.64
726,2021-02-04,VDA,294,86,208,8,286,ITC,ITC2,2,Valle d'Aosta / Vallée d'Aoste,Valle d'Aosta,125666,49232,39.18,0.23
727,2021-04-30,VDA,831,355,476,485,346,ITC,ITC2,2,Valle d'Aosta / Vallée d'Aoste,Valle d'Aosta,125666,50063,39.84,0.66
728,2021-01-18,VDA,213,74,139,213,0,ITC,ITC2,2,Valle d'Aosta / Vallée d'Aoste,Valle d'Aosta,125666,50276,40.01,0.17
729,2021-04-26,VDA,715,327,388,545,170,ITC,ITC2,2,Valle d'Aosta / Vallée d'Aoste,Valle d'Aosta,125666,50991,40.58,0.57
730,2021-01-09,VDA,443,199,244,443,0,ITC,ITC2,2,Valle d'Aosta / Vallée d'Aoste,Valle d'Aosta,125666,51434,40.93,0.35
731,2021-03-14,VDA,392,200,192,392,0,ITC,ITC2,2,Valle d'Aosta / Vallée d'Aoste,Valle d'Aosta,125666,51826,41.24,0.31
732,2021-03-23,VDA,379,150,229,245,134,ITC,ITC2,2,Valle d'Aosta / Vallée d'Aoste,Valle d'Aosta,125666,52205,41.54,0.3
733,2021-02-08,VDA,223,83,140,25,198,ITC,ITC2,2,Valle d'Aosta / Vallée d'Aoste,Valle d'Aosta,125666,52428,41.72,0.18
734,2021-01-04,VDA,142,59,83,142,0,ITC,ITC2,2,Valle d'Aosta / Vallée d'Aoste,Valle d'Aosta,125666,52570,41.83,0.11
735,2021-03-09,VDA,206,96,110,174,32,ITC,ITC2,2,Valle d'Aosta / Vallée d'Aoste,Valle d'Aosta,125666,52776,42.0,0.16
736,2021-03-11,VDA,197,76,121,66,131,ITC,ITC2,2,Valle d'Aosta / Vallée d'Aoste,Valle d'Aosta,125666,52973,42.15,0.16
737,2021-06-02,VDA,1215,688,527,814,401,ITC,ITC2,2,Valle d'Aosta / Vallée d'Aoste,Valle d'Aosta,125666,54188,43.12,0.97
738,2021-05-22,VDA,940,494,446,540,400,ITC,ITC2,2,Valle d'Aosta / Vallée d'Aoste,Valle d'Aosta,125666,55128,43.87,0.75
739,2021-04-09,VDA,237,111,126,204,33,ITC,ITC2,2,Valle d'Aosta / Vallée d'Aoste,Valle d'Aosta,125666,55365,44.06,0.19
740,2021-05-29,VDA,798,434,364,561,237,ITC,ITC2,2,Valle d'Aosta / Vallée d'Aoste,Valle d'Aosta,125666,56163,44.69,0.64
741,2021-02-25,VDA,201,101,100,194,7,ITC,ITC2,2,Valle d'Aosta / Vallée d'Aoste,Valle d'Aosta,125666,56364,44.85,0.16
742,2021-01-06,VDA,65,33,32,65,0,ITC,ITC2,2,Valle d'Aosta / Vallée d'Aoste,Valle d'Aosta,125666,56429,44.9,0.05
743,2021-02-07,VDA,292,120,172,190,102,ITC,ITC2,2,Valle d'Aosta / Vallée d'Aoste,Valle d'Aosta,125666,56721,45.14,0.23
744,2021-05-01,VDA,940,563,377,456,484,ITC,ITC2,2,Valle d'Aosta / Vallée d'Aoste,Valle d'Aosta,125666,57661,45.88,0.75
745,2021-01-02,VDA,6,5,1,6,0,ITC,ITC2,2,Valle d'Aosta / Vallée d'Aoste,Valle d'Aosta,125666,57667,45.89,0.0
746,2021-03-26,VDA,498,204,294,491,7,ITC,ITC2,2,Valle d'Aosta / Vallée d'Aoste,Valle d'Aosta,125666,58165,46.29,0.4
747,2021-01-21,VDA,33,12,21,33,0,ITC,ITC2,2,Valle d'Aosta / Vallée d'Aoste,Valle d'Aosta,125666,58198,46.31,0.03
748,2021-03-28,VDA,522,212,310,521,1,ITC,ITC2,2,Valle d'Aosta / Vallée d'Aoste,Valle d'Aosta,125666,58720,46.73,0.42
749,2021-04-21,VDA,868,410,458,620,248,ITC,ITC2,2,Valle d'Aosta / Vallée d'Aoste,Valle d'Aosta,125666,59588,47.42,0.69
750,2021-03-02,VDA,339,166,173,336,3,ITC,ITC2,2,Valle d'Aosta / Vallée d'Aoste,Valle d'Aosta,125666,59927,47.69,0.27
751,2021-01-11,VDA,325,112,213,325,0,ITC,ITC2,2,Valle d'Aosta / Vallée d'Aoste,Valle d'Aosta,125666,60252,47.95,0.26
752,2021-03-19,VDA,322,85,237,286,36,ITC,ITC2,2,Valle d'Aosta / Vallée d'Aoste,Valle d'Aosta,125666,60574,48.2,0.26
753,2021-01-13,VDA,337,110,227,337,0,ITC,ITC2,2,Valle d'Aosta / Vallée d'Aoste,Valle d'Aosta,125666,60911,48.47,0.27
754,2021-03-18,VDA,136,43,93,99,37,ITC,ITC2,2,Valle d'Aosta / Vallée d'Aoste,Valle d'Aosta,125666,61047,48.58,0.11
755,2021-05-26,VDA,1209,587,622,576,633,ITC,ITC2,2,Valle d'Aosta / Vallée d'Aoste,Valle d'Aosta,125666,62256,49.54,0.96
756,2021-05-05,VDA,1038,566,472,456,582,ITC,ITC2,2,Valle d'Aosta / Vallée d'Aoste,Valle d'Aosta,125666,63294,50.37,0.83
757,2021-01-25,VDA,147,65,82,0,147,ITC,ITC2,2,Valle d'Aosta / Vallée d'Aoste,Valle d'Aosta,125666,63441,50.48,0.12
758,2021-05-12,VDA,1138,549,589,468,670,ITC,ITC2,2,Valle d'Aosta / Vallée d'Aoste,Valle d'Aosta,125666,64579,51.39,0.91
759,2021-05-24,VDA,1135,516,619,688,447,ITC,ITC2,2,Valle d'Aosta / Vallée d'Aoste,Valle d'Aosta,125666,65714,52.29,0.9
760,2021-05-10,VDA,782,381,401,547,235,ITC,ITC2,2,Valle d'Aosta / Vallée d'Aoste,Valle d'Aosta,125666,66496,52.91,0.62
761,2021-03-21,VDA,355,165,190,355,0,ITC,ITC2,2,Valle d'Aosta / Vallée d'Aoste,Valle d'Aosta,125666,66851,53.2,0.28
762,2021-04-04,VDA,572,253,319,571,1,ITC,ITC2,2,Valle d'Aosta / Vallée d'Aoste,Valle d'Aosta,125666,67423,53.65,0.46
763,2021-02-13,VDA,216,196,20,215,1,ITC,ITC2,2,Valle d'Aosta / Vallée d'Aoste,Valle d'Aosta,125666,67639,53.82,0.17
764,2021-05-20,VDA,807,363,444,367,440,ITC,ITC2,2,Valle d'Aosta / Vallée d'Aoste,Valle d'Aosta,125666,68446,54.47,0.64
765,2021-03-24,VDA,515,230,285,258,257,ITC,ITC2,2,Valle d'Aosta / Vallée d'Aoste,Valle d'Aosta,125666,68961,54.88,0.41
766,2021-02-16,VDA,325,53,272,320,5,ITC,ITC2,2,Valle d'Aosta / Vallée d'Aoste,Valle d'Aosta,125666,69286,55.14,0.26
767,2021-04-07,VDA,910,474,436,681,229,ITC,ITC2,2,Valle d'Aosta / Vallée d'Aoste,Valle d'Aosta,125666,70196,55.86,0.72
768,2021-02-09,VDA,251,84,167,68,183,ITC,ITC2,2,Valle d'Aosta / Vallée d'Aoste,Valle d'Aosta,125666,70447,56.06,0.2
769,2021-06-05,VDA,608,301,307,448,160,ITC,ITC2,2,Valle d'Aosta / Vallée d'Aoste,Valle d'Aosta,125666,71055,56.54,0.48
770,2021-02-11,VDA,231,107,124,222,9,ITC,ITC2,2,Valle d'Aosta / Vallée d'Aoste,Valle d'Aosta,125666,71286,56.73,0.18
771,2021-04-16,VDA,599,261,338,597,2,ITC,ITC2,2,Valle d'Aosta / Vallée d'Aoste,Valle d'Aosta,125666,71885,57.2,0.48
772,2021-04-02,VDA,873,344,529,648,225,ITC,ITC2,2,Valle d'Aosta / Vallée d'Aoste,Valle d'Aosta,125666,72758,57.9,0.69
773,2021-02-18,VDA,349,153,196,261,88,ITC,ITC2,2,Valle d'Aosta / Vallée d'Aoste,Valle d'Aosta,125666,73107,58.18,0.28
774,2021-05-31,VDA,879,395,484,500,379,ITC,ITC2,2,Valle d'Aosta / Vallée d'Aoste,Valle d'Aosta,125666,73986,58.88,0.7
775,2021-02-28,VDA,260,86,174,77,183,ITC,ITC2,2,Valle d'Aosta / Vallée d'Aoste,Valle d'Aosta,125666,74246,59.08,0.21
776,2021-05-03,VDA,839,400,439,488,351,ITC,ITC2,2,Valle d'Aosta / Vallée d'Aoste,Valle d'Aosta,125666,75085,59.75,0.67
777,2021-03-07,VDA,64,30,34,11,53,ITC,ITC2,2,Valle d'Aosta / Vallée d'Aoste,Valle d'Aosta,125666,75149,59.8,0.05
778,2021-01-30,VDA,439,202,237,14,425,ITC,ITC2,2,Valle d'Aosta / Vallée d'Aoste,Valle d'Aosta,125666,75588,60.15,0.35
779,2021-01-20,VDA,23,8,15,23,0,ITC,ITC2,2,Valle d'Aosta / Vallée d'Aoste,Valle d'Aosta,125666,75611,60.17,0.02
780,2021-02-20,VDA,251,210,41,241,10,ITC,ITC2,2,Valle d'Aosta / Vallée d'Aoste,Valle d'Aosta,125666,75862,60.37,0.2
781,2021-05-14,VDA,960,442,518,291,669,ITC,ITC2,2,Valle d'Aosta / Vallée d'Aoste,Valle d'Aosta,125666,76822,61.13,0.76
782,2021-02-01,VDA,404,127,277,87,317,ITC,ITC2,2,Valle d'Aosta / Vallée d'Aoste,Valle d'Aosta,125666,77226,61.45,0.32
783,2021-03-30,VDA,402,223,179,382,20,ITC,ITC2,2,Valle d'Aosta / Vallée d'Aoste,Valle d'Aosta,125666,77628,61.77,0.32
784,2021-04-18,VDA,522,254,268,518,4,ITC,ITC2,2,Valle d'Aosta / Vallée d'Aoste,Valle d'Aosta,125666,78150,62.19,0.42
785,2021-04-25,VDA,849,408,441,710,139,ITC,ITC2,2,Valle d'Aosta / Vallée d'Aoste,Valle d'Aosta,125666,78999,62.86,0.68
786,2021-02-27,VDA,231,85,146,124,107,ITC,ITC2,2,Valle d'Aosta / Vallée d'Aoste,Valle d'Aosta,125666,79230,63.05,0.18
787,2021-03-30,EMR,23288,10293,12995,18251,5037,ITH,ITH5,8,Emilia-Romagna,Emilia-Romagna,4459477,23288,0.52,0.52
788,2021-05-19,EMR,33596,14929,18667,18516,15080,ITH,ITH5,8,Emilia-Romagna,Emilia-Romagna,4459477,56884,1.28,0.75
789,2021-06-02,EMR,23645,11767,11878,18902,4743,ITH,ITH5,8,Emilia-Romagna,Emilia-Romagna,4459477,80529,1.81,0.53
790,2021-01-04,EMR,7312,2527,4785,7312,0,ITH,ITH5,8,Emilia-Romagna,Emilia-Romagna,4459477,87841,1.97,0.16
791,2021-01-03,EMR,2762,943,1819,2762,0,ITH,ITH5,8,Emilia-Romagna,Emilia-Romagna,4459477,90603,2.03,0.06
792,2021-05-16,EMR,25839,12166,13673,18729,7110,ITH,ITH5,8,Emilia-Romagna,Emilia-Romagna,4459477,116442,2.61,0.58
793,2021-03-13,EMR,16079,6308,9771,10766,5313,ITH,ITH5,8,Emilia-Romagna,Emilia-Romagna,4459477,132521,2.97,0.36
794,2021-05-02,EMR,25573,11648,13925,13584,11989,ITH,ITH5,8,Emilia-Romagna,Emilia-Romagna,4459477,158094,3.55,0.57
795,2021-03-04,EMR,16444,5347,11097,13430,3014,ITH,ITH5,8,Emilia-Romagna,Emilia-Romagna,4459477,174538,3.91,0.37
796,2021-05-24,EMR,29637,13522,16115,18398,11239,ITH,ITH5,8,Emilia-Romagna,Emilia-Romagna,4459477,204175,4.58,0.66
797,2021-01-29,EMR,10415,3497,6918,290,10125,ITH,ITH5,8,Emilia-Romagna,Emilia-Romagna,4459477,214590,4.81,0.23
798,2021-02-15,EMR,2903,850,2053,2778,125,ITH,ITH5,8,Emilia-Romagna,Emilia-Romagna,4459477,217493,4.88,0.07
799,2021-04-11,EMR,15262,6926,8336,12217,3045,ITH,ITH5,8,Emilia-Romagna,Emilia-Romagna,4459477,232755,5.22,0.34
800,2021-02-11,EMR,4251,1416,2835,3411,840,ITH,ITH5,8,Emilia-Romagna,Emilia-Romagna,4459477,237006,5.31,0.1
801,2021-03-08,EMR,12177,5063,7114,9502,2675,ITH,ITH5,8,Emilia-Romagna,Emilia-Romagna,4459477,249183,5.59,0.27
802,2021-04-20,EMR,22602,10396,12206,14251,8351,ITH,ITH5,8,Emilia-Romagna,Emilia-Romagna,4459477,271785,6.09,0.51
803,2021-05-26,EMR,32931,14559,18372,10194,22737,ITH,ITH5,8,Emilia-Romagna,Emilia-Romagna,4459477,304716,6.83,0.74
804,2021-02-13,EMR,3627,1085,2542,3029,598,ITH,ITH5,8,Emilia-Romagna,Emilia-Romagna,4459477,308343,6.91,0.08
805,2021-05-09,EMR,25601,12247,13354,18636,6965,ITH,ITH5,8,Emilia-Romagna,Emilia-Romagna,4459477,333944,7.49,0.57
806,2021-01-27,EMR,8362,2947,5415,463,7899,ITH,ITH5,8,Emilia-Romagna,Emilia-Romagna,4459477,342306,7.68,0.19
807,2021-04-18,EMR,17496,8393,9103,12569,4927,ITH,ITH5,8,Emilia-Romagna,Emilia-Romagna,4459477,359802,8.07,0.39
808,2021-01-10,EMR,7169,2683,4486,7169,0,ITH,ITH5,8,Emilia-Romagna,Emilia-Romagna,4459477,366971,8.23,0.16
809,2021-01-13,EMR,9074,2940,6134,9074,0,ITH,ITH5,8,Emilia-Romagna,Emilia-Romagna,4459477,376045,8.43,0.2
810,2021-04-23,EMR,29555,13810,15745,14676,14879,ITH,ITH5,8,Emilia-Romagna,Emilia-Romagna,4459477,405600,9.1,0.66
811,2021-01-11,EMR,9348,3273,6075,9348,0,ITH,ITH5,8,Emilia-Romagna,Emilia-Romagna,4459477,414948,9.3,0.21
812,2021-02-01,EMR,10320,3610,6710,362,9958,ITH,ITH5,8,Emilia-Romagna,Emilia-Romagna,4459477,425268,9.54,0.23
813,2021-03-23,EMR,18698,8069,10629,12011,6687,ITH,ITH5,8,Emilia-Romagna,Emilia-Romagna,4459477,443966,9.96,0.42
814,2021-01-18,EMR,3127,879,2248,2449,678,ITH,ITH5,8,Emilia-Romagna,Emilia-Romagna,4459477,447093,10.03,0.07
815,2021-05-05,EMR,30068,13974,16094,18822,11246,ITH,ITH5,8,Emilia-Romagna,Emilia-Romagna,4459477,477161,10.7,0.67
816,2021-01-06,EMR,8285,2954,5331,8285,0,ITH,ITH5,8,Emilia-Romagna,Emilia-Romagna,4459477,485446,10.89,0.19
817,2021-04-30,EMR,36564,16771,19793,21775,14789,ITH,ITH5,8,Emilia-Romagna,Emilia-Romagna,4459477,522010,11.71,0.82
818,2021-03-11,EMR,17259,7137,10122,11409,5850,ITH,ITH5,8,Emilia-Romagna,Emilia-Romagna,4459477,539269,12.09,0.39
819,2021-04-16,EMR,28857,13566,15291,20023,8834,ITH,ITH5,8,Emilia-Romagna,Emilia-Romagna,4459477,568126,12.74,0.65
820,2021-02-25,EMR,9228,3497,5731,8274,954,ITH,ITH5,8,Emilia-Romagna,Emilia-Romagna,4459477,577354,12.95,0.21
821,2021-06-04,EMR,40494,20247,20247,32824,7670,ITH,ITH5,8,Emilia-Romagna,Emilia-Romagna,4459477,617848,13.85,0.91
822,2021-04-15,EMR,29024,13810,15214,19354,9670,ITH,ITH5,8,Emilia-Romagna,Emilia-Romagna,4459477,646872,14.51,0.65
823,2021-01-20,EMR,1325,270,1055,1324,1,ITH,ITH5,8,Emilia-Romagna,Emilia-Romagna,4459477,648197,14.54,0.03
824,2021-01-30,EMR,10077,3519,6558,141,9936,ITH,ITH5,8,Emilia-Romagna,Emilia-Romagna,4459477,658274,14.76,0.23
825,2021-04-04,EMR,9885,4718,5167,7616,2269,ITH,ITH5,8,Emilia-Romagna,Emilia-Romagna,4459477,668159,14.98,0.22
826,2021-03-20,EMR,16086,6831,9255,9122,6964,ITH,ITH5,8,Emilia-Romagna,Emilia-Romagna,4459477,684245,15.34,0.36
827,2020-12-27,EMR,970,372,598,970,0,ITH,ITH5,8,Emilia-Romagna,Emilia-Romagna,4459477,685215,15.37,0.02
828,2021-04-06,EMR,24622,11115,13507,19885,4737,ITH,ITH5,8,Emilia-Romagna,Emilia-Romagna,4459477,709837,15.92,0.55
829,2021-02-18,EMR,7039,2892,4147,6456,583,ITH,ITH5,8,Emilia-Romagna,Emilia-Romagna,4459477,716876,16.08,0.16
830,2021-03-27,EMR,21616,9048,12568,14710,6906,ITH,ITH5,8,Emilia-Romagna,Emilia-Romagna,4459477,738492,16.56,0.48
831,2021-01-22,EMR,1829,477,1352,1088,741,ITH,ITH5,8,Emilia-Romagna,Emilia-Romagna,4459477,740321,16.6,0.04
832,2021-04-13,EMR,23649,11091,12558,19347,4302,ITH,ITH5,8,Emilia-Romagna,Emilia-Romagna,4459477,763970,17.13,0.53
833,2021-02-08,EMR,5227,1532,3695,2315,2912,ITH,ITH5,8,Emilia-Romagna,Emilia-Romagna,4459477,769197,17.25,0.12
834,2021-02-22,EMR,7482,3091,4391,7210,272,ITH,ITH5,8,Emilia-Romagna,Emilia-Romagna,4459477,776679,17.42,0.17
835,2021-05-07,EMR,35152,16894,18258,23348,11804,ITH,ITH5,8,Emilia-Romagna,Emilia-Romagna,4459477,811831,18.2,0.79
836,2021-02-10,EMR,4020,1383,2637,2765,1255,ITH,ITH5,8,Emilia-Romagna,Emilia-Romagna,4459477,815851,18.29,0.09
837,2021-04-08,EMR,30836,14133,16703,25535,5301,ITH,ITH5,8,Emilia-Romagna,Emilia-Romagna,4459477,846687,18.99,0.69
838,2021-02-17,EMR,6537,2763,3774,5765,772,ITH,ITH5,8,Emilia-Romagna,Emilia-Romagna,4459477,853224,19.13,0.15
839,2021-03-28,EMR,13456,6001,7455,9592,3864,ITH,ITH5,8,Emilia-Romagna,Emilia-Romagna,4459477,866680,19.43,0.3
840,2021-02-06,EMR,7601,2407,5194,2131,5470,ITH,ITH5,8,Emilia-Romagna,Emilia-Romagna,4459477,874281,19.61,0.17
841,2021-01-23,EMR,2448,871,1577,443,2005,ITH,ITH5,8,Emilia-Romagna,Emilia-Romagna,4459477,876729,19.66,0.05
842,2021-02-20,EMR,5317,2094,3223,5054,263,ITH,ITH5,8,Emilia-Romagna,Emilia-Romagna,4459477,882046,19.78,0.12
843,2021-05-31,EMR,29150,13366,15784,18013,11137,ITH,ITH5,8,Emilia-Romagna,Emilia-Romagna,4459477,911196,20.43,0.65
844,2021-03-01,EMR,10093,3578,6515,7837,2256,ITH,ITH5,8,Emilia-Romagna,Emilia-Romagna,4459477,921289,20.66,0.23
845,2021-05-04,EMR,29243,13692,15551,15586,13657,ITH,ITH5,8,Emilia-Romagna,Emilia-Romagna,4459477,950532,21.31,0.66
846,2021-04-27,EMR,32084,14856,17228,19623,12461,ITH,ITH5,8,Emilia-Romagna,Emilia-Romagna,4459477,982616,22.03,0.72
847,2021-01-15,EMR,7746,2403,5343,7746,0,ITH,ITH5,8,Emilia-Romagna,Emilia-Romagna,4459477,990362,22.21,0.17
848,2021-02-27,EMR,10967,3999,6968,9229,1738,ITH,ITH5,8,Emilia-Romagna,Emilia-Romagna,4459477,1001329,22.45,0.25
849,2021-04-25,EMR,22343,10239,12104,14835,7508,ITH,ITH5,8,Emilia-Romagna,Emilia-Romagna,4459477,1023672,22.95,0.5
850,2021-02-23,EMR,8215,3219,4996,7829,386,ITH,ITH5,8,Emilia-Romagna,Emilia-Romagna,4459477,1031887,23.14,0.18
851,2021-01-25,EMR,6458,2146,4312,207,6251,ITH,ITH5,8,Emilia-Romagna,Emilia-Romagna,4459477,1038345,23.28,0.14
852,2021-05-12,EMR,38803,18256,20547,29195,9608,ITH,ITH5,8,Emilia-Romagna,Emilia-Romagna,4459477,1077148,24.15,0.87
853,2021-03-16,EMR,12242,5027,7215,4934,7308,ITH,ITH5,8,Emilia-Romagna,Emilia-Romagna,4459477,1089390,24.43,0.27
854,2021-03-09,EMR,14707,5983,8724,10752,3955,ITH,ITH5,8,Emilia-Romagna,Emilia-Romagna,4459477,1104097,24.76,0.33
855,2021-05-23,EMR,25449,11853,13596,13885,11564,ITH,ITH5,8,Emilia-Romagna,Emilia-Romagna,4459477,1129546,25.33,0.57
856,2021-05-28,EMR,40654,18645,22009,17778,22876,ITH,ITH5,8,Emilia-Romagna,Emilia-Romagna,4459477,1170200,26.24,0.91
857,2021-01-12,EMR,9475,3124,6351,9475,0,ITH,ITH5,8,Emilia-Romagna,Emilia-Romagna,4459477,1179675,26.45,0.21
858,2021-04-24,EMR,28588,13220,15368,14374,14214,ITH,ITH5,8,Emilia-Romagna,Emilia-Romagna,4459477,1208263,27.09,0.64
859,2021-05-11,EMR,35717,16767,18950,28456,7261,ITH,ITH5,8,Emilia-Romagna,Emilia-Romagna,4459477,1243980,27.9,0.8
860,2021-03-21,EMR,11920,5273,6647,7316,4604,ITH,ITH5,8,Emilia-Romagna,Emilia-Romagna,4459477,1255900,28.16,0.27
861,2021-01-08,EMR,10866,3581,7285,10866,0,ITH,ITH5,8,Emilia-Romagna,Emilia-Romagna,4459477,1266766,28.41,0.24
862,2021-05-20,EMR,39909,18155,21754,18783,21126,ITH,ITH5,8,Emilia-Romagna,Emilia-Romagna,4459477,1306675,29.3,0.89
863,2021-03-17,EMR,13720,5693,8027,5875,7845,ITH,ITH5,8,Emilia-Romagna,Emilia-Romagna,4459477,1320395,29.61,0.31
864,2021-04-05,EMR,14860,6809,8051,11969,2891,ITH,ITH5,8,Emilia-Romagna,Emilia-Romagna,4459477,1335255,29.94,0.33
865,2021-01-31,EMR,7697,2762,4935,241,7456,ITH,ITH5,8,Emilia-Romagna,Emilia-Romagna,4459477,1342952,30.11,0.17
866,2021-04-22,EMR,29037,13442,15595,14963,14074,ITH,ITH5,8,Emilia-Romagna,Emilia-Romagna,4459477,1371989,30.77,0.65
867,2021-03-02,EMR,11874,3910,7964,9845,2029,ITH,ITH5,8,Emilia-Romagna,Emilia-Romagna,4459477,1383863,31.03,0.27
868,2021-03-19,EMR,15844,6916,8928,7877,7967,ITH,ITH5,8,Emilia-Romagna,Emilia-Romagna,4459477,1399707,31.39,0.36
869,2021-03-06,EMR,20865,5926,14939,18135,2730,ITH,ITH5,8,Emilia-Romagna,Emilia-Romagna,4459477,1420572,31.86,0.47
870,2021-05-13,EMR,35661,16425,19236,27894,7767,ITH,ITH5,8,Emilia-Romagna,Emilia-Romagna,4459477,1456233,32.65,0.8
871,2021-03-15,EMR,13268,6091,7177,6769,6499,ITH,ITH5,8,Emilia-Romagna,Emilia-Romagna,4459477,1469501,32.95,0.3
872,2021-02-04,EMR,9938,3207,6731,1250,8688,ITH,ITH5,8,Emilia-Romagna,Emilia-Romagna,4459477,1479439,33.18,0.22
873,2021-05-22,EMR,32891,14100,18791,16891,16000,ITH,ITH5,8,Emilia-Romagna,Emilia-Romagna,4459477,1512330,33.91,0.74
874,2021-04-09,EMR,25510,11570,13940,19819,5691,ITH,ITH5,8,Emilia-Romagna,Emilia-Romagna,4459477,1537840,34.48,0.57
875,2021-02-09,EMR,4153,1248,2905,2307,1846,ITH,ITH5,8,Emilia-Romagna,Emilia-Romagna,4459477,1541993,34.58,0.09
876,2021-03-05,EMR,17725,5761,11964,14274,3451,ITH,ITH5,8,Emilia-Romagna,Emilia-Romagna,4459477,1559718,34.98,0.4
877,2021-03-03,EMR,15839,5252,10587,13363,2476,ITH,ITH5,8,Emilia-Romagna,Emilia-Romagna,4459477,1575557,35.33,0.36
878,2021-02-16,EMR,5768,2444,3324,5237,531,ITH,ITH5,8,Emilia-Romagna,Emilia-Romagna,4459477,1581325,35.46,0.13
879,2021-04-21,EMR,23929,10955,12974,14192,9737,ITH,ITH5,8,Emilia-Romagna,Emilia-Romagna,4459477,1605254,36.0,0.54
880,2021-01-28,EMR,10250,3339,6911,349,9901,ITH,ITH5,8,Emilia-Romagna,Emilia-Romagna,4459477,1615504,36.23,0.23
881,2021-05-27,EMR,41803,18506,23297,13970,27833,ITH,ITH5,8,Emilia-Romagna,Emilia-Romagna,4459477,1657307,37.16,0.94
882,2021-02-26,EMR,9623,3667,5956,8577,1046,ITH,ITH5,8,Emilia-Romagna,Emilia-Romagna,4459477,1666930,37.38,0.22
883,2021-02-12,EMR,5321,1679,3642,3918,1403,ITH,ITH5,8,Emilia-Romagna,Emilia-Romagna,4459477,1672251,37.5,0.12
884,2021-04-10,EMR,20907,9292,11615,16764,4143,ITH,ITH5,8,Emilia-Romagna,Emilia-Romagna,4459477,1693158,37.97,0.47
885,2021-04-17,EMR,27034,12935,14099,17738,9296,ITH,ITH5,8,Emilia-Romagna,Emilia-Romagna,4459477,1720192,38.57,0.61
886,2021-05-30,EMR,26853,12671,14182,13256,13597,ITH,ITH5,8,Emilia-Romagna,Emilia-Romagna,4459477,1747045,39.18,0.6
887,2021-02-14,EMR,1401,378,1023,1281,120,ITH,ITH5,8,Emilia-Romagna,Emilia-Romagna,4459477,1748446,39.21,0.03
888,2021-03-22,EMR,17465,7653,9812,10600,6865,ITH,ITH5,8,Emilia-Romagna,Emilia-Romagna,4459477,1765911,39.6,0.39
889,2021-05-25,EMR,24853,11087,13766,11607,13246,ITH,ITH5,8,Emilia-Romagna,Emilia-Romagna,4459477,1790764,40.16,0.56
890,2021-05-10,EMR,33819,16117,17702,26589,7230,ITH,ITH5,8,Emilia-Romagna,Emilia-Romagna,4459477,1824583,40.91,0.76
891,2021-03-10,EMR,18731,7684,11047,13089,5642,ITH,ITH5,8,Emilia-Romagna,Emilia-Romagna,4459477,1843314,41.33,0.42
892,2021-01-19,EMR,2045,505,1540,2028,17,ITH,ITH5,8,Emilia-Romagna,Emilia-Romagna,4459477,1845359,41.38,0.05
893,2021-02-24,EMR,9350,3566,5784,8466,884,ITH,ITH5,8,Emilia-Romagna,Emilia-Romagna,4459477,1854709,41.59,0.21
894,2021-01-05,EMR,9362,3170,6192,9362,0,ITH,ITH5,8,Emilia-Romagna,Emilia-Romagna,4459477,1864071,41.8,0.21
895,2021-04-29,EMR,44943,21131,23812,27398,17545,ITH,ITH5,8,Emilia-Romagna,Emilia-Romagna,4459477,1909014,42.81,1.01
896,2021-06-05,EMR,25841,12858,12983,21387,4454,ITH,ITH5,8,Emilia-Romagna,Emilia-Romagna,4459477,1934855,43.39,0.58
897,2021-05-01,EMR,28399,12772,15627,15627,12772,ITH,ITH5,8,Emilia-Romagna,Emilia-Romagna,4459477,1963254,44.02,0.64
898,2021-02-05,EMR,9316,2966,6350,1637,7679,ITH,ITH5,8,Emilia-Romagna,Emilia-Romagna,4459477,1972570,44.23,0.21
899,2021-04-14,EMR,27015,12826,14189,20911,6104,ITH,ITH5,8,Emilia-Romagna,Emilia-Romagna,4459477,1999585,44.84,0.61
900,2021-01-26,EMR,8334,3000,5334,215,8119,ITH,ITH5,8,Emilia-Romagna,Emilia-Romagna,4459477,2007919,45.03,0.19
901,2021-03-24,EMR,21086,9304,11782,13704,7382,ITH,ITH5,8,Emilia-Romagna,Emilia-Romagna,4459477,2029005,45.5,0.47
902,2021-05-06,EMR,35881,16588,19293,22834,13047,ITH,ITH5,8,Emilia-Romagna,Emilia-Romagna,4459477,2064886,46.3,0.8
903,2021-04-02,EMR,23306,10494,12812,18844,4462,ITH,ITH5,8,Emilia-Romagna,Emilia-Romagna,4459477,2088192,46.83,0.52
904,2021-05-29,EMR,37145,16201,20944,16738,20407,ITH,ITH5,8,Emilia-Romagna,Emilia-Romagna,4459477,2125337,47.66,0.83
905,2021-02-07,EMR,4793,1537,3256,1732,3061,ITH,ITH5,8,Emilia-Romagna,Emilia-Romagna,4459477,2130130,47.77,0.11
906,2021-03-29,EMR,21202,9443,11759,16551,4651,ITH,ITH5,8,Emilia-Romagna,Emilia-Romagna,4459477,2151332,48.24,0.48
907,2021-05-18,EMR,29019,13224,15795,18555,10464,ITH,ITH5,8,Emilia-Romagna,Emilia-Romagna,4459477,2180351,48.89,0.65
908,2021-05-17,EMR,32350,15380,16970,22885,9465,ITH,ITH5,8,Emilia-Romagna,Emilia-Romagna,4459477,2212701,49.62,0.73
909,2021-02-21,EMR,4450,1708,2742,4010,440,ITH,ITH5,8,Emilia-Romagna,Emilia-Romagna,4459477,2217151,49.72,0.1
910,2021-03-25,EMR,21393,9349,12044,14405,6988,ITH,ITH5,8,Emilia-Romagna,Emilia-Romagna,4459477,2238544,50.2,0.48
911,2021-05-21,EMR,37828,16867,20961,21000,16828,ITH,ITH5,8,Emilia-Romagna,Emilia-Romagna,4459477,2276372,51.05,0.85
912,2021-03-18,EMR,13674,5806,7868,5674,8000,ITH,ITH5,8,Emilia-Romagna,Emilia-Romagna,4459477,2290046,51.35,0.31
913,2021-05-14,EMR,37129,17114,20015,27559,9570,ITH,ITH5,8,Emilia-Romagna,Emilia-Romagna,4459477,2327175,52.18,0.83
914,2021-02-03,EMR,9355,2995,6360,984,8371,ITH,ITH5,8,Emilia-Romagna,Emilia-Romagna,4459477,2336530,52.39,0.21
915,2021-04-01,EMR,23880,10732,13148,19339,4541,ITH,ITH5,8,Emilia-Romagna,Emilia-Romagna,4459477,2360410,52.93,0.54
916,2021-01-21,EMR,2164,729,1435,819,1345,ITH,ITH5,8,Emilia-Romagna,Emilia-Romagna,4459477,2362574,52.98,0.05
917,2021-03-12,EMR,18115,7552,10563,11398,6717,ITH,ITH5,8,Emilia-Romagna,Emilia-Romagna,4459477,2380689,53.38,0.41
918,2021-01-07,EMR,10272,3406,6866,10272,0,ITH,ITH5,8,Emilia-Romagna,Emilia-Romagna,4459477,2390961,53.62,0.23
919,2021-02-19,EMR,7327,3010,4317,6813,514,ITH,ITH5,8,Emilia-Romagna,Emilia-Romagna,4459477,2398288,53.78,0.16
920,2020-12-31,EMR,2214,780,1434,2214,0,ITH,ITH5,8,Emilia-Romagna,Emilia-Romagna,4459477,2400502,53.83,0.05
921,2021-04-03,EMR,19937,8766,11171,16197,3740,ITH,ITH5,8,Emilia-Romagna,Emilia-Romagna,4459477,2420439,54.28,0.45
922,2021-04-28,EMR,33704,15579,18125,20816,12888,ITH,ITH5,8,Emilia-Romagna,Emilia-Romagna,4459477,2454143,55.03,0.76
923,2021-06-01,EMR,26699,12809,13890,17061,9638,ITH,ITH5,8,Emilia-Romagna,Emilia-Romagna,4459477,2480842,55.63,0.6
924,2021-04-12,EMR,19220,8994,10226,14778,4442,ITH,ITH5,8,Emilia-Romagna,Emilia-Romagna,4459477,2500062,56.06,0.43
925,2021-01-09,EMR,9984,3450,6534,9984,0,ITH,ITH5,8,Emilia-Romagna,Emilia-Romagna,4459477,2510046,56.29,0.22
926,2021-03-07,EMR,7799,2927,4872,6282,1517,ITH,ITH5,8,Emilia-Romagna,Emilia-Romagna,4459477,2517845,56.46,0.17
927,2021-05-03,EMR,28485,13468,15017,17608,10877,ITH,ITH5,8,Emilia-Romagna,Emilia-Romagna,4459477,2546330,57.1,0.64
928,2021-01-16,EMR,5627,1718,3909,5627,0,ITH,ITH5,8,Emilia-Romagna,Emilia-Romagna,4459477,2551957,57.23,0.13
929,2021-03-14,EMR,8696,3744,4952,4899,3797,ITH,ITH5,8,Emilia-Romagna,Emilia-Romagna,4459477,2560653,57.42,0.2
930,2021-04-19,EMR,20887,9792,11095,14615,6272,ITH,ITH5,8,Emilia-Romagna,Emilia-Romagna,4459477,2581540,57.89,0.47
931,2021-01-24,EMR,2443,885,1558,298,2145,ITH,ITH5,8,Emilia-Romagna,Emilia-Romagna,4459477,2583983,57.94,0.05
932,2021-01-17,EMR,2890,887,2003,2644,246,ITH,ITH5,8,Emilia-Romagna,Emilia-Romagna,4459477,2586873,58.01,0.06
933,2021-04-07,EMR,25808,11738,14070,19797,6011,ITH,ITH5,8,Emilia-Romagna,Emilia-Romagna,4459477,2612681,58.59,0.58
934,2021-05-15,EMR,33172,14968,18204,22815,10357,ITH,ITH5,8,Emilia-Romagna,Emilia-Romagna,4459477,2645853,59.33,0.74
935,2021-02-02,EMR,9484,3053,6431,527,8957,ITH,ITH5,8,Emilia-Romagna,Emilia-Romagna,4459477,2655337,59.54,0.21
936,2021-01-14,EMR,8128,2593,5535,8128,0,ITH,ITH5,8,Emilia-Romagna,Emilia-Romagna,4459477,2663465,59.73,0.18
937,2021-05-08,EMR,32303,15077,17226,20888,11415,ITH,ITH5,8,Emilia-Romagna,Emilia-Romagna,4459477,2695768,60.45,0.72
938,2021-06-03,EMR,34614,16784,17830,27452,7162,ITH,ITH5,8,Emilia-Romagna,Emilia-Romagna,4459477,2730382,61.23,0.78
939,2021-01-02,EMR,2373,914,1459,2373,0,ITH,ITH5,8,Emilia-Romagna,Emilia-Romagna,4459477,2732755,61.28,0.05
940,2021-03-26,EMR,23432,9901,13531,16997,6435,ITH,ITH5,8,Emilia-Romagna,Emilia-Romagna,4459477,2756187,61.81,0.53
941,2021-03-31,EMR,25136,10953,14183,19680,5456,ITH,ITH5,8,Emilia-Romagna,Emilia-Romagna,4459477,2781323,62.37,0.56
942,2021-02-28,EMR,6823,2527,4296,4977,1846,ITH,ITH5,8,Emilia-Romagna,Emilia-Romagna,4459477,2788146,62.52,0.15
943,2021-04-26,EMR,27875,12926,14949,18570,9305,ITH,ITH5,8,Emilia-Romagna,Emilia-Romagna,4459477,2816021,63.15,0.63
944,2021-03-24,MAR,7032,2983,4049,3364,3668,ITI,ITI3,11,Marche,Marche,1525271,7032,0.46,0.46
945,2021-03-10,MAR,5666,2400,3266,4529,1137,ITI,ITI3,11,Marche,Marche,1525271,12698,0.83,0.37
946,2021-01-19,MAR,228,83,145,142,86,ITI,ITI3,11,Marche,Marche,1525271,12926,0.85,0.01
947,2021-05-13,MAR,12602,5694,6908,7103,5499,ITI,ITI3,11,Marche,Marche,1525271,25528,1.67,0.83
948,2021-02-21,MAR,376,141,235,375,1,ITI,ITI3,11,Marche,Marche,1525271,25904,1.7,0.02
949,2021-01-02,MAR,454,139,315,454,0,ITI,ITI3,11,Marche,Marche,1525271,26358,1.73,0.03
950,2021-03-07,MAR,5179,2106,3073,4425,754,ITI,ITI3,11,Marche,Marche,1525271,31537,2.07,0.34
951,2021-05-17,MAR,11853,5568,6285,7690,4163,ITI,ITI3,11,Marche,Marche,1525271,43390,2.84,0.78
952,2021-04-05,MAR,5688,2355,3333,4419,1269,ITI,ITI3,11,Marche,Marche,1525271,49078,3.22,0.37
953,2021-03-19,MAR,3835,1597,2238,339,3496,ITI,ITI3,11,Marche,Marche,1525271,52913,3.47,0.25
954,2021-03-02,MAR,4953,1941,3012,4387,566,ITI,ITI3,11,Marche,Marche,1525271,57866,3.79,0.32
955,2021-05-22,MAR,11933,5718,6215,7485,4448,ITI,ITI3,11,Marche,Marche,1525271,69799,4.58,0.78
956,2021-01-31,MAR,1920,770,1150,105,1815,ITI,ITI3,11,Marche,Marche,1525271,71719,4.7,0.13
957,2021-02-09,MAR,124,42,82,46,78,ITI,ITI3,11,Marche,Marche,1525271,71843,4.71,0.01
958,2021-04-14,MAR,10214,4563,5651,9842,372,ITI,ITI3,11,Marche,Marche,1525271,82057,5.38,0.67
959,2021-04-09,MAR,9560,4189,5371,9360,200,ITI,ITI3,11,Marche,Marche,1525271,91617,6.01,0.63
960,2021-03-17,MAR,3428,1494,1934,107,3321,ITI,ITI3,11,Marche,Marche,1525271,95045,6.23,0.22
961,2021-02-28,MAR,2836,1251,1585,2830,6,ITI,ITI3,11,Marche,Marche,1525271,97881,6.42,0.19
962,2021-05-24,MAR,10795,5110,5685,8121,2674,ITI,ITI3,11,Marche,Marche,1525271,108676,7.13,0.71
963,2021-05-20,MAR,12365,5814,6551,7666,4699,ITI,ITI3,11,Marche,Marche,1525271,121041,7.94,0.81
964,2021-02-07,MAR,1868,734,1134,344,1524,ITI,ITI3,11,Marche,Marche,1525271,122909,8.06,0.12
965,2021-04-07,MAR,7810,3435,4375,7475,335,ITI,ITI3,11,Marche,Marche,1525271,130719,8.57,0.51
966,2021-04-16,MAR,10082,4702,5380,9557,525,ITI,ITI3,11,Marche,Marche,1525271,140801,9.23,0.66
967,2021-01-04,MAR,1506,568,938,1506,0,ITI,ITI3,11,Marche,Marche,1525271,142307,9.33,0.1
968,2020-12-30,MAR,17,5,12,17,0,ITI,ITI3,11,Marche,Marche,1525271,142324,9.33,0.0
969,2021-05-08,MAR,12268,5476,6792,5021,7247,ITI,ITI3,11,Marche,Marche,1525271,154592,10.14,0.8
970,2021-04-02,MAR,6875,2973,3902,6135,740,ITI,ITI3,11,Marche,Marche,1525271,161467,10.59,0.45
971,2021-01-28,MAR,2086,725,1361,165,1921,ITI,ITI3,11,Marche,Marche,1525271,163553,10.72,0.14
972,2021-04-04,MAR,3824,1792,2032,2655,1169,ITI,ITI3,11,Marche,Marche,1525271,167377,10.97,0.25
973,2021-01-12,MAR,1227,413,814,1227,0,ITI,ITI3,11,Marche,Marche,1525271,168604,11.05,0.08
974,2021-05-03,MAR,10197,4606,5591,4790,5407,ITI,ITI3,11,Marche,Marche,1525271,178801,11.72,0.67
975,2021-03-21,MAR,4505,1873,2632,1629,2876,ITI,ITI3,11,Marche,Marche,1525271,183306,12.02,0.3
976,2021-01-30,MAR,1905,668,1237,29,1876,ITI,ITI3,11,Marche,Marche,1525271,185211,12.14,0.12
977,2021-02-19,MAR,1962,712,1250,1827,135,ITI,ITI3,11,Marche,Marche,1525271,187173,12.27,0.13
978,2020-12-31,MAR,386,180,206,386,0,ITI,ITI3,11,Marche,Marche,1525271,187559,12.3,0.03
979,2021-05-15,MAR,13966,6377,7589,8076,5890,ITI,ITI3,11,Marche,Marche,1525271,201525,13.21,0.92
980,2021-02-04,MAR,2341,809,1532,112,2229,ITI,ITI3,11,Marche,Marche,1525271,203866,13.37,0.15
981,2021-03-26,MAR,6331,2606,3725,3523,2808,ITI,ITI3,11,Marche,Marche,1525271,210197,13.78,0.42
982,2021-01-26,MAR,2017,746,1271,92,1925,ITI,ITI3,11,Marche,Marche,1525271,212214,13.91,0.13
983,2021-02-14,MAR,738,301,437,738,0,ITI,ITI3,11,Marche,Marche,1525271,212952,13.96,0.05
984,2021-04-19,MAR,9601,4497,5104,8020,1581,ITI,ITI3,11,Marche,Marche,1525271,222553,14.59,0.63
985,2021-01-09,MAR,1709,605,1104,1709,0,ITI,ITI3,11,Marche,Marche,1525271,224262,14.7,0.11
986,2021-04-21,MAR,10781,4967,5814,9587,1194,ITI,ITI3,11,Marche,Marche,1525271,235043,15.41,0.71
987,2021-03-16,MAR,3471,1485,1986,290,3181,ITI,ITI3,11,Marche,Marche,1525271,238514,15.64,0.23
988,2021-05-29,MAR,12788,6194,6594,8260,4528,ITI,ITI3,11,Marche,Marche,1525271,251302,16.48,0.84
989,2021-06-05,MAR,10159,5073,5086,8397,1762,ITI,ITI3,11,Marche,Marche,1525271,261461,17.14,0.67
990,2021-02-18,MAR,2101,745,1356,1815,286,ITI,ITI3,11,Marche,Marche,1525271,263562,17.28,0.14
991,2021-02-25,MAR,3510,1434,2076,3331,179,ITI,ITI3,11,Marche,Marche,1525271,267072,17.51,0.23
992,2021-06-01,MAR,12050,6154,5896,9962,2088,ITI,ITI3,11,Marche,Marche,1525271,279122,18.3,0.79
993,2021-04-12,MAR,8567,3772,4795,8083,484,ITI,ITI3,11,Marche,Marche,1525271,287689,18.86,0.56
994,2021-02-02,MAR,1191,397,794,72,1119,ITI,ITI3,11,Marche,Marche,1525271,288880,18.94,0.08
995,2021-01-16,MAR,2005,723,1282,2005,0,ITI,ITI3,11,Marche,Marche,1525271,290885,19.07,0.13
996,2021-05-01,MAR,9318,3924,5394,3576,5742,ITI,ITI3,11,Marche,Marche,1525271,300203,19.68,0.61
997,2021-03-05,MAR,6171,2856,3315,4703,1468,ITI,ITI3,11,Marche,Marche,1525271,306374,20.09,0.4
998,2021-01-07,MAR,1807,636,1171,1807,0,ITI,ITI3,11,Marche,Marche,1525271,308181,20.2,0.12
999,2021-04-24,MAR,12023,5303,6720,7559,4464,ITI,ITI3,11,Marche,Marche,1525271,320204,20.99,0.79
1000,2021-02-26,MAR,3630,1499,2131,3154,476,ITI,ITI3,11,Marche,Marche,1525271,323834,21.23,0.24
1001,2021-01-21,MAR,902,256,646,585,317,ITI,ITI3,11,Marche,Marche,1525271,324736,21.29,0.06
1002,2021-03-12,MAR,4640,1972,2668,3402,1238,ITI,ITI3,11,Marche,Marche,1525271,329376,21.59,0.3
1003,2021-01-14,MAR,2010,692,1318,2010,0,ITI,ITI3,11,Marche,Marche,1525271,331386,21.73,0.13
1004,2021-04-28,MAR,10734,4890,5844,6003,4731,ITI,ITI3,11,Marche,Marche,1525271,342120,22.43,0.7
1005,2021-01-18,MAR,676,232,444,547,129,ITI,ITI3,11,Marche,Marche,1525271,342796,22.47,0.04
1006,2021-05-12,MAR,10421,4684,5737,4921,5500,ITI,ITI3,11,Marche,Marche,1525271,353217,23.16,0.68
1007,2021-03-29,MAR,5860,2567,3293,3435,2425,ITI,ITI3,11,Marche,Marche,1525271,359077,23.54,0.38
1008,2021-05-27,MAR,13730,6817,6913,9429,4301,ITI,ITI3,11,Marche,Marche,1525271,372807,24.44,0.9
1009,2021-03-31,MAR,7374,3086,4288,4350,3024,ITI,ITI3,11,Marche,Marche,1525271,380181,24.93,0.48
1010,2021-06-03,MAR,14644,7478,7166,12384,2260,ITI,ITI3,11,Marche,Marche,1525271,394825,25.89,0.96
1011,2021-02-16,MAR,1287,475,812,1257,30,ITI,ITI3,11,Marche,Marche,1525271,396112,25.97,0.08
1012,2021-02-23,MAR,3267,1397,1870,3211,56,ITI,ITI3,11,Marche,Marche,1525271,399379,26.18,0.21
1013,2021-05-31,MAR,11779,5941,5838,8851,2928,ITI,ITI3,11,Marche,Marche,1525271,411158,26.96,0.77
1014,2021-04-30,MAR,13939,6100,7839,5398,8541,ITI,ITI3,11,Marche,Marche,1525271,425097,27.87,0.91
1015,2021-03-11,MAR,6591,2784,3807,5221,1370,ITI,ITI3,11,Marche,Marche,1525271,431688,28.3,0.43
1016,2021-05-14,MAR,13492,6217,7275,6720,6772,ITI,ITI3,11,Marche,Marche,1525271,445180,29.19,0.88
1017,2021-04-26,MAR,8980,3983,4997,5958,3022,ITI,ITI3,11,Marche,Marche,1525271,454160,29.78,0.59
1018,2021-05-10,MAR,9447,4336,5111,4895,4552,ITI,ITI3,11,Marche,Marche,1525271,463607,30.4,0.62
1019,2021-03-14,MAR,2500,1032,1468,1907,593,ITI,ITI3,11,Marche,Marche,1525271,466107,30.56,0.16
1020,2021-01-23,MAR,558,190,368,123,435,ITI,ITI3,11,Marche,Marche,1525271,466665,30.6,0.04
1021,2021-03-28,MAR,4126,1739,2387,2435,1691,ITI,ITI3,11,Marche,Marche,1525271,470791,30.87,0.27
1022,2021-05-05,MAR,11647,5300,6347,5218,6429,ITI,ITI3,11,Marche,Marche,1525271,482438,31.63,0.76
1023,2021-02-13,MAR,1063,453,610,1011,52,ITI,ITI3,11,Marche,Marche,1525271,483501,31.7,0.07
1024,2021-04-18,MAR,8820,4131,4689,7899,921,ITI,ITI3,11,Marche,Marche,1525271,492321,32.28,0.58
1025,2021-01-27,MAR,2118,780,1338,122,1996,ITI,ITI3,11,Marche,Marche,1525271,494439,32.42,0.14
1026,2021-01-10,MAR,1737,699,1038,1737,0,ITI,ITI3,11,Marche,Marche,1525271,496176,32.53,0.11
1027,2021-01-06,MAR,2181,792,1389,2181,0,ITI,ITI3,11,Marche,Marche,1525271,498357,32.67,0.14
1028,2021-05-09,MAR,8769,3985,4784,3638,5131,ITI,ITI3,11,Marche,Marche,1525271,507126,33.25,0.57
1029,2021-03-06,MAR,5699,2622,3077,4432,1267,ITI,ITI3,11,Marche,Marche,1525271,512825,33.62,0.37
1030,2021-05-18,MAR,11061,5257,5804,7657,3404,ITI,ITI3,11,Marche,Marche,1525271,523886,34.35,0.73
1031,2021-02-11,MAR,1987,657,1330,1598,389,ITI,ITI3,11,Marche,Marche,1525271,525873,34.48,0.13
1032,2021-05-07,MAR,12839,5806,7033,3661,9178,ITI,ITI3,11,Marche,Marche,1525271,538712,35.32,0.84
1033,2021-01-25,MAR,1595,558,1037,96,1499,ITI,ITI3,11,Marche,Marche,1525271,540307,35.42,0.1
1034,2021-04-20,MAR,10696,4995,5701,9279,1417,ITI,ITI3,11,Marche,Marche,1525271,551003,36.12,0.7
1035,2021-01-08,MAR,1576,588,988,1576,0,ITI,ITI3,11,Marche,Marche,1525271,552579,36.23,0.1
1036,2021-03-04,MAR,6486,2868,3618,5093,1393,ITI,ITI3,11,Marche,Marche,1525271,559065,36.65,0.43
1037,2021-03-13,MAR,5766,2656,3110,1809,3957,ITI,ITI3,11,Marche,Marche,1525271,564831,37.03,0.38
1038,2021-01-29,MAR,1990,729,1261,167,1823,ITI,ITI3,11,Marche,Marche,1525271,566821,37.16,0.13
1039,2021-02-27,MAR,3356,1435,1921,3147,209,ITI,ITI3,11,Marche,Marche,1525271,570177,37.38,0.22
1040,2021-03-18,MAR,3389,1475,1914,162,3227,ITI,ITI3,11,Marche,Marche,1525271,573566,37.6,0.22
1041,2021-05-23,MAR,9208,4282,4926,7537,1671,ITI,ITI3,11,Marche,Marche,1525271,582774,38.21,0.6
1042,2021-02-10,MAR,1439,452,987,1080,359,ITI,ITI3,11,Marche,Marche,1525271,584213,38.3,0.09
1043,2021-02-12,MAR,1582,618,964,1430,152,ITI,ITI3,11,Marche,Marche,1525271,585795,38.41,0.1
1044,2021-02-06,MAR,2461,901,1560,522,1939,ITI,ITI3,11,Marche,Marche,1525271,588256,38.57,0.16
1045,2021-05-28,MAR,13955,6734,7221,9095,4860,ITI,ITI3,11,Marche,Marche,1525271,602211,39.48,0.91
1046,2021-04-08,MAR,7522,3285,4237,7195,327,ITI,ITI3,11,Marche,Marche,1525271,609733,39.98,0.49
1047,2021-04-15,MAR,10376,4674,5702,9811,565,ITI,ITI3,11,Marche,Marche,1525271,620109,40.66,0.68
1048,2021-02-24,MAR,3486,1515,1971,3408,78,ITI,ITI3,11,Marche,Marche,1525271,623595,40.88,0.23
1049,2021-01-11,MAR,1176,411,765,1176,0,ITI,ITI3,11,Marche,Marche,1525271,624771,40.96,0.08
1050,2021-03-01,MAR,3724,1487,2237,3476,248,ITI,ITI3,11,Marche,Marche,1525271,628495,41.21,0.24
1051,2021-05-06,MAR,12655,5820,6835,5582,7073,ITI,ITI3,11,Marche,Marche,1525271,641150,42.04,0.83
1052,2021-03-27,MAR,7380,3074,4306,5022,2358,ITI,ITI3,11,Marche,Marche,1525271,648530,42.52,0.48
1053,2021-05-16,MAR,10898,4957,5941,6670,4228,ITI,ITI3,11,Marche,Marche,1525271,659428,43.23,0.71
1054,2021-04-10,MAR,10916,4620,6296,10603,313,ITI,ITI3,11,Marche,Marche,1525271,670344,43.95,0.72
1055,2021-02-05,MAR,2155,653,1502,440,1715,ITI,ITI3,11,Marche,Marche,1525271,672499,44.09,0.14
1056,2021-05-30,MAR,9733,4690,5043,6743,2990,ITI,ITI3,11,Marche,Marche,1525271,682232,44.73,0.64
1057,2021-04-11,MAR,7116,3115,4001,6830,286,ITI,ITI3,11,Marche,Marche,1525271,689348,45.2,0.47
1058,2021-02-20,MAR,4121,1705,2416,4010,111,ITI,ITI3,11,Marche,Marche,1525271,693469,45.47,0.27
1059,2021-03-25,MAR,6656,2772,3884,3247,3409,ITI,ITI3,11,Marche,Marche,1525271,700125,45.9,0.44
1060,2021-01-20,MAR,403,100,303,384,19,ITI,ITI3,11,Marche,Marche,1525271,700528,45.93,0.03
1061,2021-02-03,MAR,2124,741,1383,119,2005,ITI,ITI3,11,Marche,Marche,1525271,702652,46.07,0.14
1062,2021-04-29,MAR,13246,6061,7185,7149,6097,ITI,ITI3,11,Marche,Marche,1525271,715898,46.94,0.87
1063,2021-04-23,MAR,11159,5140,6019,8104,3055,ITI,ITI3,11,Marche,Marche,1525271,727057,47.67,0.73
1064,2021-01-13,MAR,2105,746,1359,2105,0,ITI,ITI3,11,Marche,Marche,1525271,729162,47.81,0.14
1065,2021-01-15,MAR,1771,500,1271,1771,0,ITI,ITI3,11,Marche,Marche,1525271,730933,47.92,0.12
1066,2021-04-25,MAR,8599,3993,4606,7024,1575,ITI,ITI3,11,Marche,Marche,1525271,739532,48.49,0.56
1067,2021-05-02,MAR,8899,3936,4963,3161,5738,ITI,ITI3,11,Marche,Marche,1525271,748431,49.07,0.58
1068,2021-03-20,MAR,4136,1740,2396,1050,3086,ITI,ITI3,11,Marche,Marche,1525271,752567,49.34,0.27
1069,2021-01-22,MAR,487,167,320,194,293,ITI,ITI3,11,Marche,Marche,1525271,753054,49.37,0.03
1070,2021-03-09,MAR,5427,2290,3137,4547,880,ITI,ITI3,11,Marche,Marche,1525271,758481,49.73,0.36
1071,2021-06-02,MAR,11900,5938,5962,11223,677,ITI,ITI3,11,Marche,Marche,1525271,770381,50.51,0.78
1072,2021-04-13,MAR,9838,4259,5579,9605,233,ITI,ITI3,11,Marche,Marche,1525271,780219,51.15,0.65
1073,2021-02-22,MAR,3413,1499,1914,3338,75,ITI,ITI3,11,Marche,Marche,1525271,783632,51.38,0.22
1074,2021-01-03,MAR,897,349,548,897,0,ITI,ITI3,11,Marche,Marche,1525271,784529,51.44,0.06
1075,2021-03-08,MAR,6264,2744,3520,5262,1002,ITI,ITI3,11,Marche,Marche,1525271,790793,51.85,0.41
1076,2021-04-27,MAR,9400,4309,5091,5413,3987,ITI,ITI3,11,Marche,Marche,1525271,800193,52.46,0.62
1077,2021-04-17,MAR,11700,5316,6384,10627,1073,ITI,ITI3,11,Marche,Marche,1525271,811893,53.23,0.77
1078,2021-05-21,MAR,12951,6113,6838,6695,6256,ITI,ITI3,11,Marche,Marche,1525271,824844,54.08,0.85
1079,2021-04-01,MAR,7576,3182,4394,4160,3416,ITI,ITI3,11,Marche,Marche,1525271,832420,54.58,0.5
1080,2021-06-04,MAR,14341,7292,7049,11901,2440,ITI,ITI3,11,Marche,Marche,1525271,846761,55.52,0.94
1081,2021-02-17,MAR,1785,662,1123,1668,117,ITI,ITI3,11,Marche,Marche,1525271,848546,55.63,0.12
1082,2021-04-22,MAR,10795,4930,5865,9217,1578,ITI,ITI3,11,Marche,Marche,1525271,859341,56.34,0.71
1083,2021-05-26,MAR,11803,5916,5887,8620,3183,ITI,ITI3,11,Marche,Marche,1525271,871144,57.11,0.77
1084,2021-03-30,MAR,7419,3044,4375,4604,2815,ITI,ITI3,11,Marche,Marche,1525271,878563,57.6,0.49
1085,2021-02-01,MAR,1362,479,883,98,1264,ITI,ITI3,11,Marche,Marche,1525271,879925,57.69,0.09
1086,2021-03-23,MAR,5789,2529,3260,2262,3527,ITI,ITI3,11,Marche,Marche,1525271,885714,58.07,0.38
1087,2021-05-19,MAR,11471,5273,6198,8561,2910,ITI,ITI3,11,Marche,Marche,1525271,897185,58.82,0.75
1088,2021-02-15,MAR,967,412,555,954,13,ITI,ITI3,11,Marche,Marche,1525271,898152,58.88,0.06
1089,2021-04-06,MAR,8879,3693,5186,8066,813,ITI,ITI3,11,Marche,Marche,1525271,907031,59.47,0.58
1090,2021-02-08,MAR,833,258,575,371,462,ITI,ITI3,11,Marche,Marche,1525271,907864,59.52,0.05
1091,2020-12-27,MAR,202,98,104,202,0,ITI,ITI3,11,Marche,Marche,1525271,908066,59.53,0.01
1092,2021-05-04,MAR,10845,4789,6056,4950,5895,ITI,ITI3,11,Marche,Marche,1525271,918911,60.25,0.71
1093,2021-03-22,MAR,5655,2376,3279,2527,3128,ITI,ITI3,11,Marche,Marche,1525271,924566,60.62,0.37
1094,2021-01-24,MAR,880,339,541,5,875,ITI,ITI3,11,Marche,Marche,1525271,925446,60.67,0.06
1095,2021-03-15,MAR,4401,2026,2375,1311,3090,ITI,ITI3,11,Marche,Marche,1525271,929847,60.96,0.29
1096,2021-04-03,MAR,7573,3204,4369,6903,670,ITI,ITI3,11,Marche,Marche,1525271,937420,61.46,0.5
1097,2021-05-11,MAR,10622,4832,5790,5678,4944,ITI,ITI3,11,Marche,Marche,1525271,948042,62.16,0.7
1098,2021-05-25,MAR,11647,5745,5902,8717,2930,ITI,ITI3,11,Marche,Marche,1525271,959689,62.92,0.76
1099,2021-01-17,MAR,1609,688,921,1550,59,ITI,ITI3,11,Marche,Marche,1525271,961298,63.02,0.11
1100,2021-03-03,MAR,6643,3046,3597,5761,882,ITI,ITI3,11,Marche,Marche,1525271,967941,63.46,0.44
1101,2021-01-05,MAR,1562,586,976,1562,0,ITI,ITI3,11,Marche,Marche,1525271,969503,63.56,0.1
1102,2021-05-17,PAT,4292,2121,2171,3942,350,ITH,ITH2,4,Provincia Autonoma Trento,P.A. Trento,541380,4292,0.79,0.79
1103,2021-04-14,PAT,3115,1464,1651,2379,736,ITH,ITH2,4,Provincia Autonoma Trento,P.A. Trento,541380,7407,1.37,0.58
1104,2021-03-28,PAT,748,292,456,746,2,ITH,ITH2,4,Provincia Autonoma Trento,P.A. Trento,541380,8155,1.51,0.14
1105,2021-01-18,PAT,643,154,489,588,55,ITH,ITH2,4,Provincia Autonoma Trento,P.A. Trento,541380,8798,1.63,0.12
1106,2021-03-02,PAT,1304,440,864,928,376,ITH,ITH2,4,Provincia Autonoma Trento,P.A. Trento,541380,10102,1.87,0.24
1107,2021-02-13,PAT,537,333,204,172,365,ITH,ITH2,4,Provincia Autonoma Trento,P.A. Trento,541380,10639,1.97,0.1
1108,2021-05-26,PAT,3902,1837,2065,1220,2682,ITH,ITH2,4,Provincia Autonoma Trento,P.A. Trento,541380,14541,2.69,0.72
1109,2021-01-27,PAT,802,277,525,91,711,ITH,ITH2,4,Provincia Autonoma Trento,P.A. Trento,541380,15343,2.83,0.15
1110,2021-01-23,PAT,577,334,243,388,189,ITH,ITH2,4,Provincia Autonoma Trento,P.A. Trento,541380,15920,2.94,0.11
1111,2021-05-05,PAT,4975,2575,2400,4689,286,ITH,ITH2,4,Provincia Autonoma Trento,P.A. Trento,541380,20895,3.86,0.92
1112,2021-03-23,PAT,2445,944,1501,1705,740,ITH,ITH2,4,Provincia Autonoma Trento,P.A. Trento,541380,23340,4.31,0.45
1113,2021-04-01,PAT,2893,1227,1666,1800,1093,ITH,ITH2,4,Provincia Autonoma Trento,P.A. Trento,541380,26233,4.85,0.53
1114,2021-03-21,PAT,129,69,60,129,0,ITH,ITH2,4,Provincia Autonoma Trento,P.A. Trento,541380,26362,4.87,0.02
1115,2021-05-24,PAT,4377,2009,2368,1349,3028,ITH,ITH2,4,Provincia Autonoma Trento,P.A. Trento,541380,30739,5.68,0.81
1116,2021-03-04,PAT,2358,793,1565,1580,778,ITH,ITH2,4,Provincia Autonoma Trento,P.A. Trento,541380,33097,6.11,0.44
1117,2021-05-07,PAT,5986,3079,2907,5148,838,ITH,ITH2,4,Provincia Autonoma Trento,P.A. Trento,541380,39083,7.22,1.11
1118,2021-05-03,PAT,4235,2179,2056,4082,153,ITH,ITH2,4,Provincia Autonoma Trento,P.A. Trento,541380,43318,8.0,0.78
1119,2021-01-16,PAT,319,148,171,319,0,ITH,ITH2,4,Provincia Autonoma Trento,P.A. Trento,541380,43637,8.06,0.06
1120,2021-04-28,PAT,4241,1972,2269,4103,138,ITH,ITH2,4,Provincia Autonoma Trento,P.A. Trento,541380,47878,8.84,0.78
1121,2021-01-25,PAT,817,215,602,23,794,ITH,ITH2,4,Provincia Autonoma Trento,P.A. Trento,541380,48695,8.99,0.15
1122,2021-03-30,PAT,2387,973,1414,1750,637,ITH,ITH2,4,Provincia Autonoma Trento,P.A. Trento,541380,51082,9.44,0.44
1123,2021-05-28,PAT,3644,1705,1939,1430,2214,ITH,ITH2,4,Provincia Autonoma Trento,P.A. Trento,541380,54726,10.11,0.67
1124,2021-03-25,PAT,2874,1104,1770,1825,1049,ITH,ITH2,4,Provincia Autonoma Trento,P.A. Trento,541380,57600,10.64,0.53
1125,2021-01-28,PAT,530,147,383,48,482,ITH,ITH2,4,Provincia Autonoma Trento,P.A. Trento,541380,58130,10.74,0.1
1126,2021-04-23,PAT,3605,1751,1854,3551,54,ITH,ITH2,4,Provincia Autonoma Trento,P.A. Trento,541380,61735,11.4,0.67
1127,2021-01-13,PAT,421,123,298,421,0,ITH,ITH2,4,Provincia Autonoma Trento,P.A. Trento,541380,62156,11.48,0.08
1128,2021-03-18,PAT,2319,957,1362,1239,1080,ITH,ITH2,4,Provincia Autonoma Trento,P.A. Trento,541380,64475,11.91,0.43
1129,2021-02-20,PAT,407,245,162,123,284,ITH,ITH2,4,Provincia Autonoma Trento,P.A. Trento,541380,64882,11.98,0.08
1130,2021-04-11,PAT,2340,1135,1205,2249,91,ITH,ITH2,4,Provincia Autonoma Trento,P.A. Trento,541380,67222,12.42,0.43
1131,2021-01-08,PAT,1449,313,1136,1449,0,ITH,ITH2,4,Provincia Autonoma Trento,P.A. Trento,541380,68671,12.68,0.27
1132,2021-02-27,PAT,1029,457,572,608,421,ITH,ITH2,4,Provincia Autonoma Trento,P.A. Trento,541380,69700,12.87,0.19
1133,2021-04-25,PAT,1970,939,1031,1963,7,ITH,ITH2,4,Provincia Autonoma Trento,P.A. Trento,541380,71670,13.24,0.36
1134,2021-03-26,PAT,3157,1227,1930,2558,599,ITH,ITH2,4,Provincia Autonoma Trento,P.A. Trento,541380,74827,13.82,0.58
1135,2021-02-04,PAT,975,304,671,421,554,ITH,ITH2,4,Provincia Autonoma Trento,P.A. Trento,541380,75802,14.0,0.18
1136,2021-04-30,PAT,4911,2397,2514,4766,145,ITH,ITH2,4,Provincia Autonoma Trento,P.A. Trento,541380,80713,14.91,0.91
1137,2021-03-11,PAT,2296,851,1445,1473,823,ITH,ITH2,4,Provincia Autonoma Trento,P.A. Trento,541380,83009,15.33,0.42
1138,2021-01-20,PAT,291,73,218,279,12,ITH,ITH2,4,Provincia Autonoma Trento,P.A. Trento,541380,83300,15.39,0.05
1139,2021-04-21,PAT,2893,1349,1544,2843,50,ITH,ITH2,4,Provincia Autonoma Trento,P.A. Trento,541380,86193,15.92,0.53
1140,2021-02-16,PAT,663,244,419,658,5,ITH,ITH2,4,Provincia Autonoma Trento,P.A. Trento,541380,86856,16.04,0.12
1141,2021-05-10,PAT,3205,1644,1561,2701,504,ITH,ITH2,4,Provincia Autonoma Trento,P.A. Trento,541380,90061,16.64,0.59
1142,2021-01-11,PAT,730,221,509,730,0,ITH,ITH2,4,Provincia Autonoma Trento,P.A. Trento,541380,90791,16.77,0.13
1143,2021-01-30,PAT,386,132,254,152,234,ITH,ITH2,4,Provincia Autonoma Trento,P.A. Trento,541380,91177,16.84,0.07
1144,2021-04-06,PAT,2258,949,1309,1493,765,ITH,ITH2,4,Provincia Autonoma Trento,P.A. Trento,541380,93435,17.26,0.42
1145,2021-05-14,PAT,5302,2535,2767,3931,1371,ITH,ITH2,4,Provincia Autonoma Trento,P.A. Trento,541380,98737,18.24,0.98
1146,2021-02-23,PAT,1108,395,713,897,211,ITH,ITH2,4,Provincia Autonoma Trento,P.A. Trento,541380,99845,18.44,0.2
1147,2021-02-06,PAT,574,298,276,433,141,ITH,ITH2,4,Provincia Autonoma Trento,P.A. Trento,541380,100419,18.55,0.11
1148,2021-01-04,PAT,870,227,643,870,0,ITH,ITH2,4,Provincia Autonoma Trento,P.A. Trento,541380,101289,18.71,0.16
1149,2021-05-02,PAT,3512,1955,1557,3475,37,ITH,ITH2,4,Provincia Autonoma Trento,P.A. Trento,541380,104801,19.36,0.65
1150,2021-03-13,PAT,830,380,450,782,48,ITH,ITH2,4,Provincia Autonoma Trento,P.A. Trento,541380,105631,19.51,0.15
1151,2021-06-05,PAT,2559,1190,1369,491,2068,ITH,ITH2,4,Provincia Autonoma Trento,P.A. Trento,541380,108190,19.98,0.47
1152,2021-05-22,PAT,3240,1589,1651,919,2321,ITH,ITH2,4,Provincia Autonoma Trento,P.A. Trento,541380,111430,20.58,0.6
1153,2021-05-29,PAT,2219,1156,1063,816,1403,ITH,ITH2,4,Provincia Autonoma Trento,P.A. Trento,541380,113649,20.99,0.41
1154,2021-04-02,PAT,2801,1146,1655,2126,675,ITH,ITH2,4,Provincia Autonoma Trento,P.A. Trento,541380,116450,21.51,0.52
1155,2021-04-09,PAT,2707,1144,1563,1508,1199,ITH,ITH2,4,Provincia Autonoma Trento,P.A. Trento,541380,119157,22.01,0.5
1156,2021-02-11,PAT,1132,365,767,796,336,ITH,ITH2,4,Provincia Autonoma Trento,P.A. Trento,541380,120289,22.22,0.21
1157,2021-02-25,PAT,1641,643,998,1200,441,ITH,ITH2,4,Provincia Autonoma Trento,P.A. Trento,541380,121930,22.52,0.3
1158,2020-12-30,PAT,7,3,4,7,0,ITH,ITH2,4,Provincia Autonoma Trento,P.A. Trento,541380,121937,22.52,0.0
1159,2021-04-16,PAT,2837,1344,1493,2692,145,ITH,ITH2,4,Provincia Autonoma Trento,P.A. Trento,541380,124774,23.05,0.52
1160,2021-02-18,PAT,1206,426,780,1144,62,ITH,ITH2,4,Provincia Autonoma Trento,P.A. Trento,541380,125980,23.27,0.22
1161,2021-01-06,PAT,42,13,29,42,0,ITH,ITH2,4,Provincia Autonoma Trento,P.A. Trento,541380,126022,23.28,0.01
1162,2021-05-19,PAT,5091,2452,2639,3840,1251,ITH,ITH2,4,Provincia Autonoma Trento,P.A. Trento,541380,131113,24.22,0.94
1163,2021-04-13,PAT,2553,1058,1495,2046,507,ITH,ITH2,4,Provincia Autonoma Trento,P.A. Trento,541380,133666,24.69,0.47
1164,2021-03-14,PAT,107,65,42,20,87,ITH,ITH2,4,Provincia Autonoma Trento,P.A. Trento,541380,133773,24.71,0.02
1165,2021-03-07,PAT,22,6,16,22,0,ITH,ITH2,4,Provincia Autonoma Trento,P.A. Trento,541380,133795,24.71,0.0
1166,2021-01-09,PAT,190,40,150,190,0,ITH,ITH2,4,Provincia Autonoma Trento,P.A. Trento,541380,133985,24.75,0.04
1167,2021-03-09,PAT,1581,589,992,938,643,ITH,ITH2,4,Provincia Autonoma Trento,P.A. Trento,541380,135566,25.04,0.29
1168,2021-05-12,PAT,3299,1491,1808,2114,1185,ITH,ITH2,4,Provincia Autonoma Trento,P.A. Trento,541380,138865,25.65,0.61
1169,2021-03-16,PAT,1391,506,885,608,783,ITH,ITH2,4,Provincia Autonoma Trento,P.A. Trento,541380,140256,25.91,0.26
1170,2021-02-01,PAT,1220,335,885,92,1128,ITH,ITH2,4,Provincia Autonoma Trento,P.A. Trento,541380,141476,26.13,0.23
1171,2021-02-08,PAT,1151,318,833,342,809,ITH,ITH2,4,Provincia Autonoma Trento,P.A. Trento,541380,142627,26.35,0.21
1172,2021-01-22,PAT,1668,433,1235,329,1339,ITH,ITH2,4,Provincia Autonoma Trento,P.A. Trento,541380,144295,26.65,0.31
1173,2021-03-27,PAT,1616,710,906,1363,253,ITH,ITH2,4,Provincia Autonoma Trento,P.A. Trento,541380,145911,26.95,0.3
1174,2021-06-04,PAT,5193,2337,2856,1572,3621,ITH,ITH2,4,Provincia Autonoma Trento,P.A. Trento,541380,151104,27.91,0.96
1175,2021-02-05,PAT,802,272,530,283,519,ITH,ITH2,4,Provincia Autonoma Trento,P.A. Trento,541380,151906,28.06,0.15
1176,2021-01-05,PAT,709,232,477,709,0,ITH,ITH2,4,Provincia Autonoma Trento,P.A. Trento,541380,152615,28.19,0.13
1177,2021-01-19,PAT,405,77,328,405,0,ITH,ITH2,4,Provincia Autonoma Trento,P.A. Trento,541380,153020,28.26,0.07
1178,2021-03-10,PAT,2412,928,1484,1491,921,ITH,ITH2,4,Provincia Autonoma Trento,P.A. Trento,541380,155432,28.71,0.45
1179,2021-06-03,PAT,4352,2041,2311,1180,3172,ITH,ITH2,4,Provincia Autonoma Trento,P.A. Trento,541380,159784,29.51,0.8
1180,2021-05-31,PAT,4339,2014,2325,1518,2821,ITH,ITH2,4,Provincia Autonoma Trento,P.A. Trento,541380,164123,30.32,0.8
1181,2021-04-18,PAT,1855,845,1010,1846,9,ITH,ITH2,4,Provincia Autonoma Trento,P.A. Trento,541380,165978,30.66,0.34
1182,2021-03-06,PAT,783,277,506,632,151,ITH,ITH2,4,Provincia Autonoma Trento,P.A. Trento,541380,166761,30.8,0.14
1183,2021-05-09,PAT,2322,1210,1112,1978,344,ITH,ITH2,4,Provincia Autonoma Trento,P.A. Trento,541380,169083,31.23,0.43
1184,2021-01-10,PAT,84,19,65,84,0,ITH,ITH2,4,Provincia Autonoma Trento,P.A. Trento,541380,169167,31.25,0.02
1185,2021-04-22,PAT,3146,1468,1678,3102,44,ITH,ITH2,4,Provincia Autonoma Trento,P.A. Trento,541380,172313,31.83,0.58
1186,2021-04-05,PAT,35,17,18,33,2,ITH,ITH2,4,Provincia Autonoma Trento,P.A. Trento,541380,172348,31.83,0.01
1187,2021-02-17,PAT,1111,425,686,1021,90,ITH,ITH2,4,Provincia Autonoma Trento,P.A. Trento,541380,173459,32.04,0.21
1188,2021-05-30,PAT,1769,871,898,929,840,ITH,ITH2,4,Provincia Autonoma Trento,P.A. Trento,541380,175228,32.37,0.33
1189,2021-02-26,PAT,1218,435,783,923,295,ITH,ITH2,4,Provincia Autonoma Trento,P.A. Trento,541380,176446,32.59,0.22
1190,2021-01-14,PAT,700,203,497,700,0,ITH,ITH2,4,Provincia Autonoma Trento,P.A. Trento,541380,177146,32.72,0.13
1191,2021-04-20,PAT,2876,1375,1501,2839,37,ITH,ITH2,4,Provincia Autonoma Trento,P.A. Trento,541380,180022,33.25,0.53
1192,2021-02-15,PAT,533,187,346,419,114,ITH,ITH2,4,Provincia Autonoma Trento,P.A. Trento,541380,180555,33.35,0.1
1193,2021-01-29,PAT,1353,331,1022,55,1298,ITH,ITH2,4,Provincia Autonoma Trento,P.A. Trento,541380,181908,33.6,0.25
1194,2021-01-12,PAT,505,158,347,505,0,ITH,ITH2,4,Provincia Autonoma Trento,P.A. Trento,541380,182413,33.69,0.09
1195,2021-04-07,PAT,2599,1012,1587,1658,941,ITH,ITH2,4,Provincia Autonoma Trento,P.A. Trento,541380,185012,34.17,0.48
1196,2021-04-03,PAT,1138,471,667,971,167,ITH,ITH2,4,Provincia Autonoma Trento,P.A. Trento,541380,186150,34.38,0.21
1197,2021-04-24,PAT,3508,1682,1826,3495,13,ITH,ITH2,4,Provincia Autonoma Trento,P.A. Trento,541380,189658,35.03,0.65
1198,2021-02-19,PAT,928,358,570,869,59,ITH,ITH2,4,Provincia Autonoma Trento,P.A. Trento,541380,190586,35.2,0.17
1199,2021-02-28,PAT,242,121,121,242,0,ITH,ITH2,4,Provincia Autonoma Trento,P.A. Trento,541380,190828,35.25,0.04
1200,2021-03-20,PAT,873,402,471,670,203,ITH,ITH2,4,Provincia Autonoma Trento,P.A. Trento,541380,191701,35.41,0.16
1201,2021-02-12,PAT,1010,340,670,589,421,ITH,ITH2,4,Provincia Autonoma Trento,P.A. Trento,541380,192711,35.6,0.19
1202,2021-03-03,PAT,1658,622,1036,1141,517,ITH,ITH2,4,Provincia Autonoma Trento,P.A. Trento,541380,194369,35.9,0.31
1203,2021-05-08,PAT,3153,1721,1432,2734,419,ITH,ITH2,4,Provincia Autonoma Trento,P.A. Trento,541380,197522,36.48,0.58
1204,2021-05-20,PAT,4998,2353,2645,3373,1625,ITH,ITH2,4,Provincia Autonoma Trento,P.A. Trento,541380,202520,37.41,0.92
1205,2021-03-17,PAT,2067,790,1277,1199,868,ITH,ITH2,4,Provincia Autonoma Trento,P.A. Trento,541380,204587,37.79,0.38
1206,2021-05-06,PAT,5505,2726,2779,4726,779,ITH,ITH2,4,Provincia Autonoma Trento,P.A. Trento,541380,210092,38.81,1.02
1207,2021-02-02,PAT,907,240,667,190,717,ITH,ITH2,4,Provincia Autonoma Trento,P.A. Trento,541380,210999,38.97,0.17
1208,2021-03-01,PAT,1237,454,783,942,295,ITH,ITH2,4,Provincia Autonoma Trento,P.A. Trento,541380,212236,39.2,0.23
1209,2020-12-27,PAT,103,40,63,103,0,ITH,ITH2,4,Provincia Autonoma Trento,P.A. Trento,541380,212339,39.22,0.02
1210,2021-05-25,PAT,4747,2261,2486,1859,2888,ITH,ITH2,4,Provincia Autonoma Trento,P.A. Trento,541380,217086,40.1,0.88
1211,2021-02-14,PAT,246,186,60,11,235,ITH,ITH2,4,Provincia Autonoma Trento,P.A. Trento,541380,217332,40.14,0.05
1212,2021-05-01,PAT,4837,2463,2374,4802,35,ITH,ITH2,4,Provincia Autonoma Trento,P.A. Trento,541380,222169,41.04,0.89
1213,2021-03-12,PAT,2506,936,1570,1701,805,ITH,ITH2,4,Provincia Autonoma Trento,P.A. Trento,541380,224675,41.5,0.46
1214,2021-01-21,PAT,352,95,257,228,124,ITH,ITH2,4,Provincia Autonoma Trento,P.A. Trento,541380,225027,41.57,0.07
1215,2021-05-16,PAT,1321,729,592,1083,238,ITH,ITH2,4,Provincia Autonoma Trento,P.A. Trento,541380,226348,41.81,0.24
1216,2021-04-15,PAT,3182,1437,1745,3028,154,ITH,ITH2,4,Provincia Autonoma Trento,P.A. Trento,541380,229530,42.4,0.59
1217,2021-04-29,PAT,4621,2232,2389,4413,208,ITH,ITH2,4,Provincia Autonoma Trento,P.A. Trento,541380,234151,43.25,0.85
1218,2021-02-24,PAT,1320,523,797,924,396,ITH,ITH2,4,Provincia Autonoma Trento,P.A. Trento,541380,235471,43.49,0.24
1219,2021-05-21,PAT,5024,2411,2613,3327,1697,ITH,ITH2,4,Provincia Autonoma Trento,P.A. Trento,541380,240495,44.42,0.93
1220,2021-02-03,PAT,846,314,532,414,432,ITH,ITH2,4,Provincia Autonoma Trento,P.A. Trento,541380,241341,44.58,0.16
1221,2021-05-23,PAT,1953,993,960,447,1506,ITH,ITH2,4,Provincia Autonoma Trento,P.A. Trento,541380,243294,44.94,0.36
1222,2021-02-10,PAT,852,291,561,510,342,ITH,ITH2,4,Provincia Autonoma Trento,P.A. Trento,541380,244146,45.1,0.16
1223,2021-04-08,PAT,3114,1294,1820,1996,1118,ITH,ITH2,4,Provincia Autonoma Trento,P.A. Trento,541380,247260,45.67,0.58
1224,2021-04-10,PAT,2797,1307,1490,2003,794,ITH,ITH2,4,Provincia Autonoma Trento,P.A. Trento,541380,250057,46.19,0.52
1225,2020-12-31,PAT,1624,449,1175,1624,0,ITH,ITH2,4,Provincia Autonoma Trento,P.A. Trento,541380,251681,46.49,0.3
1226,2021-03-05,PAT,2244,703,1541,1678,566,ITH,ITH2,4,Provincia Autonoma Trento,P.A. Trento,541380,253925,46.9,0.41
1227,2021-04-17,PAT,2203,1120,1083,2146,57,ITH,ITH2,4,Provincia Autonoma Trento,P.A. Trento,541380,256128,47.31,0.41
1228,2021-06-02,PAT,2534,1215,1319,771,1763,ITH,ITH2,4,Provincia Autonoma Trento,P.A. Trento,541380,258662,47.78,0.47
1229,2021-01-03,PAT,492,160,332,492,0,ITH,ITH2,4,Provincia Autonoma Trento,P.A. Trento,541380,259154,47.87,0.09
1230,2021-02-22,PAT,745,259,486,661,84,ITH,ITH2,4,Provincia Autonoma Trento,P.A. Trento,541380,259899,48.01,0.14
1231,2021-05-18,PAT,4245,2008,2237,3403,842,ITH,ITH2,4,Provincia Autonoma Trento,P.A. Trento,541380,264144,48.79,0.78
1232,2021-03-29,PAT,2463,958,1505,1728,735,ITH,ITH2,4,Provincia Autonoma Trento,P.A. Trento,541380,266607,49.25,0.45
1233,2021-04-12,PAT,3089,1408,1681,2593,496,ITH,ITH2,4,Provincia Autonoma Trento,P.A. Trento,541380,269696,49.82,0.57
1234,2021-06-01,PAT,3698,1740,1958,1081,2617,ITH,ITH2,4,Provincia Autonoma Trento,P.A. Trento,541380,273394,50.5,0.68
1235,2021-01-02,PAT,502,143,359,502,0,ITH,ITH2,4,Provincia Autonoma Trento,P.A. Trento,541380,273896,50.59,0.09
1236,2021-01-01,PAT,213,50,163,213,0,ITH,ITH2,4,Provincia Autonoma Trento,P.A. Trento,541380,274109,50.63,0.04
1237,2021-01-15,PAT,595,132,463,595,0,ITH,ITH2,4,Provincia Autonoma Trento,P.A. Trento,541380,274704,50.74,0.11
1238,2021-03-24,PAT,2376,940,1436,1556,820,ITH,ITH2,4,Provincia Autonoma Trento,P.A. Trento,541380,277080,51.18,0.44
1239,2021-05-13,PAT,3406,1579,1827,2305,1101,ITH,ITH2,4,Provincia Autonoma Trento,P.A. Trento,541380,280486,51.81,0.63
1240,2021-01-26,PAT,542,154,388,27,515,ITH,ITH2,4,Provincia Autonoma Trento,P.A. Trento,541380,281028,51.91,0.1
1241,2021-02-09,PAT,916,287,629,442,474,ITH,ITH2,4,Provincia Autonoma Trento,P.A. Trento,541380,281944,52.08,0.17
1242,2021-04-27,PAT,3880,1866,2014,3813,67,ITH,ITH2,4,Provincia Autonoma Trento,P.A. Trento,541380,285824,52.8,0.72
1243,2021-05-04,PAT,4475,2422,2053,4385,90,ITH,ITH2,4,Provincia Autonoma Trento,P.A. Trento,541380,290299,53.62,0.83
1244,2021-03-08,PAT,1398,433,965,1045,353,ITH,ITH2,4,Provincia Autonoma Trento,P.A. Trento,541380,291697,53.88,0.26
1245,2021-03-15,PAT,1410,545,865,946,464,ITH,ITH2,4,Provincia Autonoma Trento,P.A. Trento,541380,293107,54.14,0.26
1246,2021-01-17,PAT,251,195,56,251,0,ITH,ITH2,4,Provincia Autonoma Trento,P.A. Trento,541380,293358,54.19,0.05
1247,2021-05-11,PAT,3694,1749,1945,2849,845,ITH,ITH2,4,Provincia Autonoma Trento,P.A. Trento,541380,297052,54.87,0.68
1248,2021-03-22,PAT,2306,973,1333,1431,875,ITH,ITH2,4,Provincia Autonoma Trento,P.A. Trento,541380,299358,55.3,0.43
1249,2021-01-24,PAT,547,276,271,224,323,ITH,ITH2,4,Provincia Autonoma Trento,P.A. Trento,541380,299905,55.4,0.1
1250,2021-01-31,PAT,75,15,60,1,74,ITH,ITH2,4,Provincia Autonoma Trento,P.A. Trento,541380,299980,55.41,0.01
1251,2021-04-19,PAT,2622,1235,1387,2600,22,ITH,ITH2,4,Provincia Autonoma Trento,P.A. Trento,541380,302602,55.89,0.48
1252,2021-03-19,PAT,2423,915,1508,1571,852,ITH,ITH2,4,Provincia Autonoma Trento,P.A. Trento,541380,305025,56.34,0.45
1253,2021-04-26,PAT,2648,1246,1402,2554,94,ITH,ITH2,4,Provincia Autonoma Trento,P.A. Trento,541380,307673,56.83,0.49
1254,2021-05-15,PAT,1567,815,752,679,888,ITH,ITH2,4,Provincia Autonoma Trento,P.A. Trento,541380,309240,57.12,0.29
1255,2021-05-27,PAT,4206,1969,2237,1234,2972,ITH,ITH2,4,Provincia Autonoma Trento,P.A. Trento,541380,313446,57.9,0.78
1256,2021-02-21,PAT,155,92,63,43,112,ITH,ITH2,4,Provincia Autonoma Trento,P.A. Trento,541380,313601,57.93,0.03
1257,2021-03-31,PAT,2568,983,1585,1711,857,ITH,ITH2,4,Provincia Autonoma Trento,P.A. Trento,541380,316169,58.4,0.47
1258,2021-01-07,PAT,1270,310,960,1270,0,ITH,ITH2,4,Provincia Autonoma Trento,P.A. Trento,541380,317439,58.64,0.23
1259,2021-02-13,CAM,5508,2550,2958,5291,217,ITF,ITF3,15,Campania,Campania,5801692,5508,0.09,0.09
1260,2021-04-04,CAM,7959,4012,3947,6915,1044,ITF,ITF3,15,Campania,Campania,5801692,13467,0.23,0.14
1261,2021-01-27,CAM,7738,3820,3918,162,7576,ITF,ITF3,15,Campania,Campania,5801692,21205,0.37,0.13
1262,2021-03-18,CAM,12172,5378,6794,5984,6188,ITF,ITF3,15,Campania,Campania,5801692,33377,0.58,0.21
1263,2021-01-18,CAM,957,399,558,713,244,ITF,ITF3,15,Campania,Campania,5801692,34334,0.59,0.02
1264,2021-04-30,CAM,42235,20133,22102,25787,16448,ITF,ITF3,15,Campania,Campania,5801692,76569,1.32,0.73
1265,2021-05-17,CAM,49215,21603,27612,24076,25139,ITF,ITF3,15,Campania,Campania,5801692,125784,2.17,0.85
1266,2021-02-04,CAM,7943,3429,4514,1308,6635,ITF,ITF3,15,Campania,Campania,5801692,133727,2.3,0.14
1267,2021-01-01,CAM,919,506,413,919,0,ITF,ITF3,15,Campania,Campania,5801692,134646,2.32,0.02
1268,2021-02-25,CAM,12425,4478,7947,11237,1188,ITF,ITF3,15,Campania,Campania,5801692,147071,2.53,0.21
1269,2021-04-09,CAM,29846,13964,15882,23719,6127,ITF,ITF3,15,Campania,Campania,5801692,176917,3.05,0.51
1270,2021-01-22,CAM,1524,776,748,673,851,ITF,ITF3,15,Campania,Campania,5801692,178441,3.08,0.03
1271,2021-03-06,CAM,16308,6753,9555,10639,5669,ITF,ITF3,15,Campania,Campania,5801692,194749,3.36,0.28
1272,2021-04-11,CAM,17523,8606,8917,15441,2082,ITF,ITF3,15,Campania,Campania,5801692,212272,3.66,0.3
1273,2021-02-06,CAM,5340,2665,2675,2102,3238,ITF,ITF3,15,Campania,Campania,5801692,217612,3.75,0.09
1274,2021-04-28,CAM,36408,17619,18789,26658,9750,ITF,ITF3,15,Campania,Campania,5801692,254020,4.38,0.63
1275,2021-01-03,CAM,3837,2009,1828,3837,0,ITF,ITF3,15,Campania,Campania,5801692,257857,4.44,0.07
1276,2021-03-25,CAM,19990,9335,10655,16487,3503,ITF,ITF3,15,Campania,Campania,5801692,277847,4.79,0.34
1277,2021-01-20,CAM,1257,650,607,1257,0,ITF,ITF3,15,Campania,Campania,5801692,279104,4.81,0.02
1278,2021-06-05,CAM,56872,27533,29339,52489,4383,ITF,ITF3,15,Campania,Campania,5801692,335976,5.79,0.98
1279,2021-02-27,CAM,13950,4473,9477,12308,1642,ITF,ITF3,15,Campania,Campania,5801692,349926,6.03,0.24
1280,2021-05-02,CAM,43484,21537,21947,32132,11352,ITF,ITF3,15,Campania,Campania,5801692,393410,6.78,0.75
1281,2021-05-31,CAM,40095,20086,20009,30084,10011,ITF,ITF3,15,Campania,Campania,5801692,433505,7.47,0.69
1282,2021-03-28,CAM,15552,7501,8051,13927,1625,ITF,ITF3,15,Campania,Campania,5801692,449057,7.74,0.27
1283,2021-05-16,CAM,51116,23198,27918,33570,17546,ITF,ITF3,15,Campania,Campania,5801692,500173,8.62,0.88
1284,2021-02-03,CAM,8903,4003,4900,878,8025,ITF,ITF3,15,Campania,Campania,5801692,509076,8.77,0.15
1285,2021-03-11,CAM,17584,8672,8912,10306,7278,ITF,ITF3,15,Campania,Campania,5801692,526660,9.08,0.3
1286,2021-02-20,CAM,8573,3080,5493,8270,303,ITF,ITF3,15,Campania,Campania,5801692,535233,9.23,0.15
1287,2021-01-16,CAM,3369,1675,1694,3369,0,ITF,ITF3,15,Campania,Campania,5801692,538602,9.28,0.06
1288,2021-03-21,CAM,9982,4591,5391,7592,2390,ITF,ITF3,15,Campania,Campania,5801692,548584,9.46,0.17
1289,2021-02-10,CAM,6904,3413,3491,6728,176,ITF,ITF3,15,Campania,Campania,5801692,555488,9.57,0.12
1290,2021-05-28,CAM,72318,34677,37641,26717,45601,ITF,ITF3,15,Campania,Campania,5801692,627806,10.82,1.25
1291,2021-05-14,CAM,60799,27468,33331,36309,24490,ITF,ITF3,15,Campania,Campania,5801692,688605,11.87,1.05
1292,2021-03-20,CAM,13882,6429,7453,10143,3739,ITF,ITF3,15,Campania,Campania,5801692,702487,12.11,0.24
1293,2021-05-09,CAM,43170,20272,22898,32080,11090,ITF,ITF3,15,Campania,Campania,5801692,745657,12.85,0.74
1294,2021-01-04,CAM,5825,2962,2863,5825,0,ITF,ITF3,15,Campania,Campania,5801692,751482,12.95,0.1
1295,2021-03-09,CAM,13881,6637,7244,10096,3785,ITF,ITF3,15,Campania,Campania,5801692,765363,13.19,0.24
1296,2021-02-22,CAM,10680,3294,7386,10417,263,ITF,ITF3,15,Campania,Campania,5801692,776043,13.38,0.18
1297,2021-06-02,CAM,42731,20102,22629,38105,4626,ITF,ITF3,15,Campania,Campania,5801692,818774,14.11,0.74
1298,2021-01-06,CAM,7652,3749,3903,7652,0,ITF,ITF3,15,Campania,Campania,5801692,826426,14.24,0.13
1299,2021-02-11,CAM,6278,2704,3574,6212,66,ITF,ITF3,15,Campania,Campania,5801692,832704,14.35,0.11
1300,2021-04-16,CAM,34304,16551,17753,23646,10658,ITF,ITF3,15,Campania,Campania,5801692,867008,14.94,0.59
1301,2021-02-18,CAM,9080,3812,5268,8372,708,ITF,ITF3,15,Campania,Campania,5801692,876088,15.1,0.16
1302,2021-01-15,CAM,4980,2381,2599,4980,0,ITF,ITF3,15,Campania,Campania,5801692,881068,15.19,0.09
1303,2021-03-13,CAM,14253,6797,7456,8971,5282,ITF,ITF3,15,Campania,Campania,5801692,895321,15.43,0.25
1304,2021-04-25,CAM,30732,15172,15560,25340,5392,ITF,ITF3,15,Campania,Campania,5801692,926053,15.96,0.53
1305,2021-01-13,CAM,8020,3666,4354,8020,0,ITF,ITF3,15,Campania,Campania,5801692,934073,16.1,0.14
1306,2021-04-18,CAM,27216,13281,13935,18318,8898,ITF,ITF3,15,Campania,Campania,5801692,961289,16.57,0.47
1307,2021-04-23,CAM,32299,15508,16791,23162,9137,ITF,ITF3,15,Campania,Campania,5801692,993588,17.13,0.56
1308,2021-03-04,CAM,14658,5352,9306,8765,5893,ITF,ITF3,15,Campania,Campania,5801692,1008246,17.38,0.25
1309,2021-05-24,CAM,31061,14890,16171,16173,14888,ITF,ITF3,15,Campania,Campania,5801692,1039307,17.91,0.54
1310,2021-05-07,CAM,59718,29182,30536,43774,15944,ITF,ITF3,15,Campania,Campania,5801692,1099025,18.94,1.03
1311,2021-05-26,CAM,52042,25413,26629,21170,30872,ITF,ITF3,15,Campania,Campania,5801692,1151067,19.84,0.9
1312,2021-03-02,CAM,12757,4554,8203,8412,4345,ITF,ITF3,15,Campania,Campania,5801692,1163824,20.06,0.22
1313,2021-01-11,CAM,4072,1871,2201,4072,0,ITF,ITF3,15,Campania,Campania,5801692,1167896,20.13,0.07
1314,2020-12-27,CAM,720,422,298,720,0,ITF,ITF3,15,Campania,Campania,5801692,1168616,20.14,0.01
1315,2021-04-20,CAM,32037,15501,16536,20729,11308,ITF,ITF3,15,Campania,Campania,5801692,1200653,20.69,0.55
1316,2021-03-01,CAM,12130,4247,7883,8017,4113,ITF,ITF3,15,Campania,Campania,5801692,1212783,20.9,0.21
1317,2021-04-06,CAM,24373,11420,12953,19849,4524,ITF,ITF3,15,Campania,Campania,5801692,1237156,21.32,0.42
1318,2021-03-16,CAM,8087,3519,4568,3773,4314,ITF,ITF3,15,Campania,Campania,5801692,1245243,21.46,0.14
1319,2021-01-25,CAM,5745,2927,2818,164,5581,ITF,ITF3,15,Campania,Campania,5801692,1250988,21.56,0.1
1320,2021-03-23,CAM,15335,7055,8280,12822,2513,ITF,ITF3,15,Campania,Campania,5801692,1266323,21.83,0.26
1321,2021-05-19,CAM,51018,22495,28523,34520,16498,ITF,ITF3,15,Campania,Campania,5801692,1317341,22.71,0.88
1322,2021-05-12,CAM,40797,19913,20884,31657,9140,ITF,ITF3,15,Campania,Campania,5801692,1358138,23.41,0.7
1323,2021-05-05,CAM,51131,24842,26289,44755,6376,ITF,ITF3,15,Campania,Campania,5801692,1409269,24.29,0.88
1324,2021-02-08,CAM,5113,2449,2664,4310,803,ITF,ITF3,15,Campania,Campania,5801692,1414382,24.38,0.09
1325,2021-02-01,CAM,3985,1813,2172,110,3875,ITF,ITF3,15,Campania,Campania,5801692,1418367,24.45,0.07
1326,2021-03-30,CAM,21730,10272,11458,18772,2958,ITF,ITF3,15,Campania,Campania,5801692,1440097,24.82,0.37
1327,2021-04-27,CAM,32132,15598,16534,24212,7920,ITF,ITF3,15,Campania,Campania,5801692,1472229,25.38,0.55
1328,2021-04-05,CAM,11638,5543,6095,9215,2423,ITF,ITF3,15,Campania,Campania,5801692,1483867,25.58,0.2
1329,2021-05-25,CAM,45952,21931,24021,22885,23067,ITF,ITF3,15,Campania,Campania,5801692,1529819,26.37,0.79
1330,2021-04-22,CAM,33940,16530,17410,21538,12402,ITF,ITF3,15,Campania,Campania,5801692,1563759,26.95,0.59
1331,2021-01-09,CAM,10567,5024,5543,10567,0,ITF,ITF3,15,Campania,Campania,5801692,1574326,27.14,0.18
1332,2021-01-30,CAM,10721,5079,5642,38,10683,ITF,ITF3,15,Campania,Campania,5801692,1585047,27.32,0.18
1333,2021-01-23,CAM,3838,2028,1810,273,3565,ITF,ITF3,15,Campania,Campania,5801692,1588885,27.39,0.07
1334,2021-04-08,CAM,28269,13639,14630,22433,5836,ITF,ITF3,15,Campania,Campania,5801692,1617154,27.87,0.49
1335,2021-06-04,CAM,73674,35205,38469,65004,8670,ITF,ITF3,15,Campania,Campania,5801692,1690828,29.14,1.27
1336,2021-04-01,CAM,24338,11687,12651,20205,4133,ITF,ITF3,15,Campania,Campania,5801692,1715166,29.56,0.42
1337,2021-05-21,CAM,63382,29337,34045,43177,20205,ITF,ITF3,15,Campania,Campania,5801692,1778548,30.66,1.09
1338,2021-04-13,CAM,26599,12682,13917,21069,5530,ITF,ITF3,15,Campania,Campania,5801692,1805147,31.11,0.46
1339,2021-03-10,CAM,15252,7381,7871,8418,6834,ITF,ITF3,15,Campania,Campania,5801692,1820399,31.38,0.26
1340,2021-03-27,CAM,21278,10032,11246,17414,3864,ITF,ITF3,15,Campania,Campania,5801692,1841677,31.74,0.37
1341,2021-06-03,CAM,71734,34476,37258,61579,10155,ITF,ITF3,15,Campania,Campania,5801692,1913411,32.98,1.24
1342,2021-05-13,CAM,55381,24808,30573,39389,15992,ITF,ITF3,15,Campania,Campania,5801692,1968792,33.93,0.95
1343,2021-01-31,CAM,8067,3711,4356,23,8044,ITF,ITF3,15,Campania,Campania,5801692,1976859,34.07,0.14
1344,2021-05-04,CAM,48457,23337,25120,39569,8888,ITF,ITF3,15,Campania,Campania,5801692,2025316,34.91,0.84
1345,2021-03-31,CAM,22686,10906,11780,19247,3439,ITF,ITF3,15,Campania,Campania,5801692,2048002,35.3,0.39
1346,2021-03-29,CAM,18947,9134,9813,17401,1546,ITF,ITF3,15,Campania,Campania,5801692,2066949,35.63,0.33
1347,2021-06-01,CAM,41345,20331,21014,31243,10102,ITF,ITF3,15,Campania,Campania,5801692,2108294,36.34,0.71
1348,2021-05-15,CAM,62625,29040,33585,43945,18680,ITF,ITF3,15,Campania,Campania,5801692,2170919,37.42,1.08
1349,2021-02-23,CAM,11003,3388,7615,10477,526,ITF,ITF3,15,Campania,Campania,5801692,2181922,37.61,0.19
1350,2021-01-24,CAM,4128,2123,2005,383,3745,ITF,ITF3,15,Campania,Campania,5801692,2186050,37.68,0.07
1351,2021-03-08,CAM,14542,6717,7825,9766,4776,ITF,ITF3,15,Campania,Campania,5801692,2200592,37.93,0.25
1352,2021-05-11,CAM,39828,19227,20601,30459,9369,ITF,ITF3,15,Campania,Campania,5801692,2240420,38.62,0.69
1353,2021-04-07,CAM,24757,11781,12976,20035,4722,ITF,ITF3,15,Campania,Campania,5801692,2265177,39.04,0.43
1354,2021-04-02,CAM,21730,10411,11319,19409,2321,ITF,ITF3,15,Campania,Campania,5801692,2286907,39.42,0.37
1355,2021-02-02,CAM,5723,2804,2919,444,5279,ITF,ITF3,15,Campania,Campania,5801692,2292630,39.52,0.1
1356,2021-02-05,CAM,7260,3463,3797,2133,5127,ITF,ITF3,15,Campania,Campania,5801692,2299890,39.64,0.13
1357,2021-01-21,CAM,2092,1115,977,676,1416,ITF,ITF3,15,Campania,Campania,5801692,2301982,39.68,0.04
1358,2021-03-26,CAM,19458,8929,10529,15644,3814,ITF,ITF3,15,Campania,Campania,5801692,2321440,40.01,0.34
1359,2021-05-01,CAM,46319,22654,23665,30221,16098,ITF,ITF3,15,Campania,Campania,5801692,2367759,40.81,0.8
1360,2021-02-24,CAM,11786,4149,7637,11098,688,ITF,ITF3,15,Campania,Campania,5801692,2379545,41.01,0.2
1361,2021-04-15,CAM,34338,16659,17679,24440,9898,ITF,ITF3,15,Campania,Campania,5801692,2413883,41.61,0.59
1362,2021-05-10,CAM,35406,16370,19036,25489,9917,ITF,ITF3,15,Campania,Campania,5801692,2449289,42.22,0.61
1363,2021-03-07,CAM,11911,5344,6567,8068,3843,ITF,ITF3,15,Campania,Campania,5801692,2461200,42.42,0.21
1364,2021-05-03,CAM,40748,19887,20861,28901,11847,ITF,ITF3,15,Campania,Campania,5801692,2501948,43.12,0.7
1365,2021-01-19,CAM,1095,474,621,1092,3,ITF,ITF3,15,Campania,Campania,5801692,2503043,43.14,0.02
1366,2021-05-18,CAM,52049,23142,28907,32506,19543,ITF,ITF3,15,Campania,Campania,5801692,2555092,44.04,0.9
1367,2021-04-29,CAM,41294,20008,21286,24820,16474,ITF,ITF3,15,Campania,Campania,5801692,2596386,44.75,0.71
1368,2021-04-14,CAM,27639,13330,14309,19072,8567,ITF,ITF3,15,Campania,Campania,5801692,2624025,45.23,0.48
1369,2021-01-02,CAM,3672,1962,1710,3672,0,ITF,ITF3,15,Campania,Campania,5801692,2627697,45.29,0.06
1370,2021-02-12,CAM,6529,2861,3668,6343,186,ITF,ITF3,15,Campania,Campania,5801692,2634226,45.4,0.11
1371,2021-04-03,CAM,21114,10314,10800,18734,2380,ITF,ITF3,15,Campania,Campania,5801692,2655340,45.77,0.36
1372,2021-05-23,CAM,58717,28618,30099,37841,20876,ITF,ITF3,15,Campania,Campania,5801692,2714057,46.78,1.01
1373,2021-01-29,CAM,10052,4812,5240,47,10005,ITF,ITF3,15,Campania,Campania,5801692,2724109,46.95,0.17
1374,2021-03-19,CAM,11037,4870,6167,7165,3872,ITF,ITF3,15,Campania,Campania,5801692,2735146,47.14,0.19
1375,2021-01-28,CAM,8832,4121,4711,134,8698,ITF,ITF3,15,Campania,Campania,5801692,2743978,47.3,0.15
1376,2021-05-08,CAM,56348,27098,29250,40526,15822,ITF,ITF3,15,Campania,Campania,5801692,2800326,48.27,0.97
1377,2021-03-17,CAM,11588,5099,6489,5008,6580,ITF,ITF3,15,Campania,Campania,5801692,2811914,48.47,0.2
1378,2021-03-03,CAM,13921,5494,8427,7291,6630,ITF,ITF3,15,Campania,Campania,5801692,2825835,48.71,0.24
1379,2021-01-12,CAM,5214,2563,2651,5214,0,ITF,ITF3,15,Campania,Campania,5801692,2831049,48.8,0.09
1380,2021-05-06,CAM,57259,27894,29365,42819,14440,ITF,ITF3,15,Campania,Campania,5801692,2888308,49.78,0.99
1381,2021-02-28,CAM,10412,3206,7206,8512,1900,ITF,ITF3,15,Campania,Campania,5801692,2898720,49.96,0.18
1382,2021-02-14,CAM,3928,1923,2005,3894,34,ITF,ITF3,15,Campania,Campania,5801692,2902648,50.03,0.07
1383,2021-01-08,CAM,10455,4968,5487,10455,0,ITF,ITF3,15,Campania,Campania,5801692,2913103,50.21,0.18
1384,2021-05-22,CAM,67837,32440,35397,46441,21396,ITF,ITF3,15,Campania,Campania,5801692,2980940,51.38,1.17
1385,2021-02-15,CAM,5470,2516,2954,5297,173,ITF,ITF3,15,Campania,Campania,5801692,2986410,51.47,0.09
1386,2021-01-10,CAM,8165,3736,4429,8165,0,ITF,ITF3,15,Campania,Campania,5801692,2994575,51.62,0.14
1387,2021-04-21,CAM,30224,14723,15501,17997,12227,ITF,ITF3,15,Campania,Campania,5801692,3024799,52.14,0.52
1388,2021-04-17,CAM,36173,17507,18666,24667,11506,ITF,ITF3,15,Campania,Campania,5801692,3060972,52.76,0.62
1389,2021-02-19,CAM,9570,3559,6011,8920,650,ITF,ITF3,15,Campania,Campania,5801692,3070542,52.92,0.16
1390,2020-12-31,CAM,1490,811,679,1490,0,ITF,ITF3,15,Campania,Campania,5801692,3072032,52.95,0.03
1391,2021-02-26,CAM,13339,4230,9109,12004,1335,ITF,ITF3,15,Campania,Campania,5801692,3085371,53.18,0.23
1392,2021-04-24,CAM,36328,17519,18809,25082,11246,ITF,ITF3,15,Campania,Campania,5801692,3121699,53.81,0.63
1393,2021-05-30,CAM,52054,25371,26683,38809,13245,ITF,ITF3,15,Campania,Campania,5801692,3173753,54.7,0.9
1394,2021-04-10,CAM,28340,13486,14854,23427,4913,ITF,ITF3,15,Campania,Campania,5801692,3202093,55.19,0.49
1395,2021-01-07,CAM,8910,4166,4744,8910,0,ITF,ITF3,15,Campania,Campania,5801692,3211003,55.35,0.15
1396,2021-03-05,CAM,16483,6348,10135,9820,6663,ITF,ITF3,15,Campania,Campania,5801692,3227486,55.63,0.28
1397,2021-01-26,CAM,7340,3726,3614,351,6989,ITF,ITF3,15,Campania,Campania,5801692,3234826,55.76,0.13
1398,2021-01-05,CAM,7237,3637,3600,7237,0,ITF,ITF3,15,Campania,Campania,5801692,3242063,55.88,0.12
1399,2021-02-17,CAM,7388,3210,4178,6328,1060,ITF,ITF3,15,Campania,Campania,5801692,3249451,56.01,0.13
1400,2021-03-14,CAM,8502,3721,4781,4363,4139,ITF,ITF3,15,Campania,Campania,5801692,3257953,56.16,0.15
1401,2021-04-26,CAM,34002,16636,17366,28380,5622,ITF,ITF3,15,Campania,Campania,5801692,3291955,56.74,0.59
1402,2021-03-22,CAM,12740,5921,6819,10700,2040,ITF,ITF3,15,Campania,Campania,5801692,3304695,56.96,0.22
1403,2021-02-07,CAM,2929,1382,1547,2158,771,ITF,ITF3,15,Campania,Campania,5801692,3307624,57.01,0.05
1404,2021-01-17,CAM,1155,551,604,702,453,ITF,ITF3,15,Campania,Campania,5801692,3308779,57.03,0.02
1405,2021-03-15,CAM,12932,6088,6844,8187,4745,ITF,ITF3,15,Campania,Campania,5801692,3321711,57.25,0.22
1406,2021-02-16,CAM,5440,2411,3029,4669,771,ITF,ITF3,15,Campania,Campania,5801692,3327151,57.35,0.09
1407,2021-02-09,CAM,4643,2202,2441,4391,252,ITF,ITF3,15,Campania,Campania,5801692,3331794,57.43,0.08
1408,2021-05-27,CAM,72210,34713,37497,26122,46088,ITF,ITF3,15,Campania,Campania,5801692,3404004,58.67,1.24
1409,2021-03-24,CAM,17621,8082,9539,14664,2957,ITF,ITF3,15,Campania,Campania,5801692,3421625,58.98,0.3
1410,2021-05-20,CAM,60449,27825,32624,43070,17379,ITF,ITF3,15,Campania,Campania,5801692,3482074,60.02,1.04
1411,2021-02-21,CAM,5834,2239,3595,5609,225,ITF,ITF3,15,Campania,Campania,5801692,3487908,60.12,0.1
1412,2021-03-12,CAM,14247,7096,7151,8165,6082,ITF,ITF3,15,Campania,Campania,5801692,3502155,60.36,0.25
1413,2021-04-19,CAM,30730,14817,15913,19163,11567,ITF,ITF3,15,Campania,Campania,5801692,3532885,60.89,0.53
1414,2021-04-12,CAM,23299,10916,12383,20263,3036,ITF,ITF3,15,Campania,Campania,5801692,3556184,61.3,0.4
1415,2021-01-14,CAM,7073,2977,4096,7073,0,ITF,ITF3,15,Campania,Campania,5801692,3563257,61.42,0.12
1416,2021-05-29,CAM,67665,32148,35517,43928,23737,ITF,ITF3,15,Campania,Campania,5801692,3630922,62.58,1.17
1417,2021-05-22,VEN,34644,16625,18019,13304,21340,ITH,ITH3,5,Veneto,Veneto,4905854,34644,0.71,0.71
1418,2021-01-28,VEN,9209,2662,6547,173,9036,ITH,ITH3,5,Veneto,Veneto,4905854,43853,0.89,0.19
1419,2021-04-02,VEN,23984,10553,13431,17653,6331,ITH,ITH3,5,Veneto,Veneto,4905854,67837,1.38,0.49
1420,2021-01-11,VEN,7238,2101,5137,7238,0,ITH,ITH3,5,Veneto,Veneto,4905854,75075,1.53,0.15
1421,2021-03-02,VEN,11483,4622,6861,8175,3308,ITH,ITH3,5,Veneto,Veneto,4905854,86558,1.76,0.23
1422,2021-05-26,VEN,30515,14868,15647,14313,16202,ITH,ITH3,5,Veneto,Veneto,4905854,117073,2.39,0.62
1423,2021-04-14,VEN,15881,6883,8998,9255,6626,ITH,ITH3,5,Veneto,Veneto,4905854,132954,2.71,0.32
1424,2021-05-31,VEN,31277,16001,15276,21611,9666,ITH,ITH3,5,Veneto,Veneto,4905854,164231,3.35,0.64
1425,2021-03-28,VEN,31240,13581,17659,27614,3626,ITH,ITH3,5,Veneto,Veneto,4905854,195471,3.98,0.64
1426,2021-03-11,VEN,19707,8779,10928,14135,5572,ITH,ITH3,5,Veneto,Veneto,4905854,215178,4.39,0.4
1427,2021-05-14,VEN,46367,22047,24320,25673,20694,ITH,ITH3,5,Veneto,Veneto,4905854,261545,5.33,0.95
1428,2021-04-23,VEN,31148,13798,17350,22448,8700,ITH,ITH3,5,Veneto,Veneto,4905854,292693,5.97,0.63
1429,2021-02-18,VEN,5828,2455,3373,5764,64,ITH,ITH3,5,Veneto,Veneto,4905854,298521,6.08,0.12
1430,2021-04-18,VEN,17518,7256,10262,9946,7572,ITH,ITH3,5,Veneto,Veneto,4905854,316039,6.44,0.36
1431,2021-01-06,VEN,8132,2385,5747,8132,0,ITH,ITH3,5,Veneto,Veneto,4905854,324171,6.61,0.17
1432,2021-03-26,VEN,29539,13118,16421,24072,5467,ITH,ITH3,5,Veneto,Veneto,4905854,353710,7.21,0.6
1433,2021-03-09,VEN,16465,7382,9083,10144,6321,ITH,ITH3,5,Veneto,Veneto,4905854,370175,7.55,0.34
1434,2021-01-04,VEN,6735,2033,4702,6735,0,ITH,ITH3,5,Veneto,Veneto,4905854,376910,7.68,0.14
1435,2021-02-20,VEN,6424,2014,4410,6353,71,ITH,ITH3,5,Veneto,Veneto,4905854,383334,7.81,0.13
1436,2021-06-02,VEN,20284,10228,10056,15948,4336,ITH,ITH3,5,Veneto,Veneto,4905854,403618,8.23,0.41
1437,2021-02-16,VEN,6641,2871,3770,6464,177,ITH,ITH3,5,Veneto,Veneto,4905854,410259,8.36,0.14
1438,2021-05-29,VEN,32377,16377,16000,25208,7169,ITH,ITH3,5,Veneto,Veneto,4905854,442636,9.02,0.66
1439,2021-04-16,VEN,24420,10482,13938,12538,11882,ITH,ITH3,5,Veneto,Veneto,4905854,467056,9.52,0.5
1440,2021-01-13,VEN,5985,1606,4379,5985,0,ITH,ITH3,5,Veneto,Veneto,4905854,473041,9.64,0.12
1441,2021-01-08,VEN,9404,2835,6569,9404,0,ITH,ITH3,5,Veneto,Veneto,4905854,482445,9.83,0.19
1442,2021-05-17,VEN,26381,12943,13438,16435,9946,ITH,ITH3,5,Veneto,Veneto,4905854,508826,10.37,0.54
1443,2021-02-06,VEN,4095,1354,2741,709,3386,ITH,ITH3,5,Veneto,Veneto,4905854,512921,10.46,0.08
1444,2021-04-11,VEN,21002,8873,12129,14695,6307,ITH,ITH3,5,Veneto,Veneto,4905854,533923,10.88,0.43
1445,2021-01-01,VEN,1528,471,1057,1528,0,ITH,ITH3,5,Veneto,Veneto,4905854,535451,10.91,0.03
1446,2021-04-13,VEN,14018,6319,7699,8533,5485,ITH,ITH3,5,Veneto,Veneto,4905854,549469,11.2,0.29
1447,2021-01-03,VEN,5157,1562,3595,5157,0,ITH,ITH3,5,Veneto,Veneto,4905854,554626,11.31,0.11
1448,2021-05-12,VEN,36360,17590,18770,31286,5074,ITH,ITH3,5,Veneto,Veneto,4905854,590986,12.05,0.74
1449,2021-03-30,VEN,35886,15238,20648,30637,5249,ITH,ITH3,5,Veneto,Veneto,4905854,626872,12.78,0.73
1450,2021-02-08,VEN,4976,1541,3435,1929,3047,ITH,ITH3,5,Veneto,Veneto,4905854,631848,12.88,0.1
1451,2021-02-15,VEN,4389,1824,2565,4149,240,ITH,ITH3,5,Veneto,Veneto,4905854,636237,12.97,0.09
1452,2021-01-09,VEN,7927,2539,5388,7927,0,ITH,ITH3,5,Veneto,Veneto,4905854,644164,13.13,0.16
1453,2021-04-04,VEN,7775,3531,4244,6624,1151,ITH,ITH3,5,Veneto,Veneto,4905854,651939,13.29,0.16
1454,2021-05-24,VEN,32662,16128,16534,7742,24920,ITH,ITH3,5,Veneto,Veneto,4905854,684601,13.95,0.67
1455,2021-02-13,VEN,3266,1473,1793,3246,20,ITH,ITH3,5,Veneto,Veneto,4905854,687867,14.02,0.07
1456,2021-02-23,VEN,7376,3251,4125,7106,270,ITH,ITH3,5,Veneto,Veneto,4905854,695243,14.17,0.15
1457,2021-02-04,VEN,7387,2024,5363,553,6834,ITH,ITH3,5,Veneto,Veneto,4905854,702630,14.32,0.15
1458,2021-04-28,VEN,32377,15160,17217,23354,9023,ITH,ITH3,5,Veneto,Veneto,4905854,735007,14.98,0.66
1459,2021-01-18,VEN,2762,776,1986,2563,199,ITH,ITH3,5,Veneto,Veneto,4905854,737769,15.04,0.06
1460,2021-04-30,VEN,49925,23443,26482,34275,15650,ITH,ITH3,5,Veneto,Veneto,4905854,787694,16.06,1.02
1461,2021-01-20,VEN,1038,368,670,386,652,ITH,ITH3,5,Veneto,Veneto,4905854,788732,16.08,0.02
1462,2021-05-02,VEN,37222,17256,19966,26887,10335,ITH,ITH3,5,Veneto,Veneto,4905854,825954,16.84,0.76
1463,2021-03-06,VEN,10627,4316,6311,7365,3262,ITH,ITH3,5,Veneto,Veneto,4905854,836581,17.05,0.22
1464,2021-04-21,VEN,32313,13174,19139,16248,16065,ITH,ITH3,5,Veneto,Veneto,4905854,868894,17.71,0.66
1465,2021-02-11,VEN,4012,1238,2774,3384,628,ITH,ITH3,5,Veneto,Veneto,4905854,872906,17.79,0.08
1466,2021-01-25,VEN,6468,2075,4393,159,6309,ITH,ITH3,5,Veneto,Veneto,4905854,879374,17.92,0.13
1467,2021-04-20,VEN,22412,9487,12925,8412,14000,ITH,ITH3,5,Veneto,Veneto,4905854,901786,18.38,0.46
1468,2021-01-16,VEN,4611,1542,3069,4611,0,ITH,ITH3,5,Veneto,Veneto,4905854,906397,18.48,0.09
1469,2021-03-14,VEN,15169,5938,9231,14275,894,ITH,ITH3,5,Veneto,Veneto,4905854,921566,18.79,0.31
1470,2021-05-10,VEN,36380,17008,19372,26532,9848,ITH,ITH3,5,Veneto,Veneto,4905854,957946,19.53,0.74
1471,2021-03-07,VEN,4475,1756,2719,3914,561,ITH,ITH3,5,Veneto,Veneto,4905854,962421,19.62,0.09
1472,2021-05-03,VEN,40619,19777,20842,34189,6430,ITH,ITH3,5,Veneto,Veneto,4905854,1003040,20.45,0.83
1473,2021-01-23,VEN,4050,1246,2804,31,4019,ITH,ITH3,5,Veneto,Veneto,4905854,1007090,20.53,0.08
1474,2021-03-21,VEN,11984,4754,7230,8522,3462,ITH,ITH3,5,Veneto,Veneto,4905854,1019074,20.77,0.24
1475,2021-01-30,VEN,8747,2672,6075,693,8054,ITH,ITH3,5,Veneto,Veneto,4905854,1027821,20.95,0.18
1476,2021-05-07,VEN,48203,23109,25094,39567,8636,ITH,ITH3,5,Veneto,Veneto,4905854,1076024,21.93,0.98
1477,2021-03-18,VEN,12611,5137,7474,7385,5226,ITH,ITH3,5,Veneto,Veneto,4905854,1088635,22.19,0.26
1478,2021-01-27,VEN,7138,2062,5076,241,6897,ITH,ITH3,5,Veneto,Veneto,4905854,1095773,22.34,0.15
1479,2021-05-28,VEN,45431,22260,23171,24715,20716,ITH,ITH3,5,Veneto,Veneto,4905854,1141204,23.26,0.93
1480,2021-05-21,VEN,44550,21910,22640,20858,23692,ITH,ITH3,5,Veneto,Veneto,4905854,1185754,24.17,0.91
1481,2021-06-05,VEN,32923,17000,15923,26978,5945,ITH,ITH3,5,Veneto,Veneto,4905854,1218677,24.84,0.67
1482,2021-02-25,VEN,7899,3339,4560,7294,605,ITH,ITH3,5,Veneto,Veneto,4905854,1226576,25.0,0.16
1483,2021-04-09,VEN,31098,13693,17405,22761,8337,ITH,ITH3,5,Veneto,Veneto,4905854,1257674,25.64,0.63
1484,2020-12-30,VEN,699,245,454,699,0,ITH,ITH3,5,Veneto,Veneto,4905854,1258373,25.65,0.01
1485,2021-03-04,VEN,12921,4830,8091,9449,3472,ITH,ITH3,5,Veneto,Veneto,4905854,1271294,25.91,0.26
1486,2021-05-09,VEN,34939,16063,18876,24877,10062,ITH,ITH3,5,Veneto,Veneto,4905854,1306233,26.63,0.71
1487,2021-03-20,VEN,12937,5337,7600,10853,2084,ITH,ITH3,5,Veneto,Veneto,4905854,1319170,26.89,0.26
1488,2021-01-10,VEN,5032,1671,3361,5032,0,ITH,ITH3,5,Veneto,Veneto,4905854,1324202,26.99,0.1
1489,2021-05-23,VEN,34461,16448,18013,11068,23393,ITH,ITH3,5,Veneto,Veneto,4905854,1358663,27.69,0.7
1490,2021-05-05,VEN,44067,21128,22939,37510,6557,ITH,ITH3,5,Veneto,Veneto,4905854,1402730,28.59,0.9
1491,2021-03-16,VEN,12517,5348,7169,6902,5615,ITH,ITH3,5,Veneto,Veneto,4905854,1415247,28.85,0.26
1492,2021-03-23,VEN,22148,10186,11962,17429,4719,ITH,ITH3,5,Veneto,Veneto,4905854,1437395,29.3,0.45
1493,2021-05-19,VEN,32404,14864,17540,16658,15746,ITH,ITH3,5,Veneto,Veneto,4905854,1469799,29.96,0.66
1494,2021-02-01,VEN,8557,2500,6057,161,8396,ITH,ITH3,5,Veneto,Veneto,4905854,1478356,30.13,0.17
1495,2021-04-06,VEN,28871,13273,15598,23802,5069,ITH,ITH3,5,Veneto,Veneto,4905854,1507227,30.72,0.59
1496,2021-04-27,VEN,28112,12748,15364,21195,6917,ITH,ITH3,5,Veneto,Veneto,4905854,1535339,31.3,0.57
1497,2021-02-22,VEN,7013,3040,3973,6626,387,ITH,ITH3,5,Veneto,Veneto,4905854,1542352,31.44,0.14
1498,2021-02-05,VEN,8373,2535,5838,1415,6958,ITH,ITH3,5,Veneto,Veneto,4905854,1550725,31.61,0.17
1499,2021-01-19,VEN,1309,472,837,1159,150,ITH,ITH3,5,Veneto,Veneto,4905854,1552034,31.64,0.03
1500,2021-05-01,VEN,38825,18228,20597,29878,8947,ITH,ITH3,5,Veneto,Veneto,4905854,1590859,32.43,0.79
1501,2021-01-02,VEN,5743,1766,3977,5743,0,ITH,ITH3,5,Veneto,Veneto,4905854,1596602,32.54,0.12
1502,2021-01-15,VEN,5874,1819,4055,5874,0,ITH,ITH3,5,Veneto,Veneto,4905854,1602476,32.66,0.12
1503,2021-03-15,VEN,16601,7266,9335,11384,5217,ITH,ITH3,5,Veneto,Veneto,4905854,1619077,33.0,0.34
1504,2021-05-18,VEN,26710,12434,14276,13255,13455,ITH,ITH3,5,Veneto,Veneto,4905854,1645787,33.55,0.54
1505,2021-03-24,VEN,22020,9504,12516,15212,6808,ITH,ITH3,5,Veneto,Veneto,4905854,1667807,34.0,0.45
1506,2021-02-09,VEN,5246,1889,3357,3446,1800,ITH,ITH3,5,Veneto,Veneto,4905854,1673053,34.1,0.11
1507,2021-02-03,VEN,5938,1664,4274,480,5458,ITH,ITH3,5,Veneto,Veneto,4905854,1678991,34.22,0.12
1508,2021-05-16,VEN,28398,14001,14397,21319,7079,ITH,ITH3,5,Veneto,Veneto,4905854,1707389,34.8,0.58
1509,2021-01-17,VEN,1933,781,1152,1584,349,ITH,ITH3,5,Veneto,Veneto,4905854,1709322,34.84,0.04
1510,2021-04-29,VEN,50209,23356,26853,37027,13182,ITH,ITH3,5,Veneto,Veneto,4905854,1759531,35.87,1.02
1511,2020-12-31,VEN,3220,1042,2178,3220,0,ITH,ITH3,5,Veneto,Veneto,4905854,1762751,35.93,0.07
1512,2021-04-12,VEN,14901,6333,8568,6684,8217,ITH,ITH3,5,Veneto,Veneto,4905854,1777652,36.24,0.3
1513,2021-04-25,VEN,18315,8148,10167,13480,4835,ITH,ITH3,5,Veneto,Veneto,4905854,1795967,36.61,0.37
1514,2021-03-13,VEN,17180,7259,9921,14048,3132,ITH,ITH3,5,Veneto,Veneto,4905854,1813147,36.96,0.35
1515,2021-03-22,VEN,18092,8134,9958,13049,5043,ITH,ITH3,5,Veneto,Veneto,4905854,1831239,37.33,0.37
1516,2021-05-20,VEN,44485,21122,23363,20298,24187,ITH,ITH3,5,Veneto,Veneto,4905854,1875724,38.23,0.91
1517,2021-02-07,VEN,2315,862,1453,714,1601,ITH,ITH3,5,Veneto,Veneto,4905854,1878039,38.28,0.05
1518,2021-03-08,VEN,13550,6195,7355,9481,4069,ITH,ITH3,5,Veneto,Veneto,4905854,1891589,38.56,0.28
1519,2021-03-27,VEN,32052,13992,18060,26246,5806,ITH,ITH3,5,Veneto,Veneto,4905854,1923641,39.21,0.65
1520,2021-02-19,VEN,7322,3140,4182,7118,204,ITH,ITH3,5,Veneto,Veneto,4905854,1930963,39.36,0.15
1521,2021-06-01,VEN,26704,13398,13306,16385,10319,ITH,ITH3,5,Veneto,Veneto,4905854,1957667,39.9,0.54
1522,2020-12-27,VEN,880,395,485,880,0,ITH,ITH3,5,Veneto,Veneto,4905854,1958547,39.92,0.02
1523,2021-04-24,VEN,24736,10818,13918,15657,9079,ITH,ITH3,5,Veneto,Veneto,4905854,1983283,40.43,0.5
1524,2021-04-17,VEN,22405,9078,13327,15124,7281,ITH,ITH3,5,Veneto,Veneto,4905854,2005688,40.88,0.46
1525,2021-03-05,VEN,13295,4983,8312,9625,3670,ITH,ITH3,5,Veneto,Veneto,4905854,2018983,41.15,0.27
1526,2021-01-21,VEN,2293,719,1574,21,2272,ITH,ITH3,5,Veneto,Veneto,4905854,2021276,41.2,0.05
1527,2021-03-25,VEN,25840,10951,14889,19720,6120,ITH,ITH3,5,Veneto,Veneto,4905854,2047116,41.73,0.53
1528,2021-03-10,VEN,18936,8638,10298,13255,5681,ITH,ITH3,5,Veneto,Veneto,4905854,2066052,42.11,0.39
1529,2021-06-03,VEN,53620,27533,26087,42018,11602,ITH,ITH3,5,Veneto,Veneto,4905854,2119672,43.21,1.09
1530,2021-05-25,VEN,27283,13112,14171,11497,15786,ITH,ITH3,5,Veneto,Veneto,4905854,2146955,43.76,0.56
1531,2021-04-05,VEN,19137,8367,10770,13697,5440,ITH,ITH3,5,Veneto,Veneto,4905854,2166092,44.15,0.39
1532,2021-02-14,VEN,125,56,69,112,13,ITH,ITH3,5,Veneto,Veneto,4905854,2166217,44.16,0.0
1533,2021-02-28,VEN,4136,1389,2747,3299,837,ITH,ITH3,5,Veneto,Veneto,4905854,2170353,44.24,0.08
1534,2021-03-01,VEN,9394,3716,5678,7572,1822,ITH,ITH3,5,Veneto,Veneto,4905854,2179747,44.43,0.19
1535,2021-01-29,VEN,9019,2788,6231,367,8652,ITH,ITH3,5,Veneto,Veneto,4905854,2188766,44.62,0.18
1536,2021-04-03,VEN,21941,9625,12316,14226,7715,ITH,ITH3,5,Veneto,Veneto,4905854,2210707,45.06,0.45
1537,2021-02-12,VEN,4314,1447,2867,3742,572,ITH,ITH3,5,Veneto,Veneto,4905854,2215021,45.15,0.09
1538,2021-05-08,VEN,41244,18655,22589,29447,11797,ITH,ITH3,5,Veneto,Veneto,4905854,2256265,45.99,0.84
1539,2021-02-27,VEN,8988,2691,6297,8141,847,ITH,ITH3,5,Veneto,Veneto,4905854,2265253,46.17,0.18
1540,2021-01-22,VEN,1080,332,748,25,1055,ITH,ITH3,5,Veneto,Veneto,4905854,2266333,46.2,0.02
1541,2021-05-04,VEN,42812,20276,22536,34793,8019,ITH,ITH3,5,Veneto,Veneto,4905854,2309145,47.07,0.87
1542,2021-05-11,VEN,32984,16432,16552,28284,4700,ITH,ITH3,5,Veneto,Veneto,4905854,2342129,47.74,0.67
1543,2021-01-24,VEN,4117,1219,2898,28,4089,ITH,ITH3,5,Veneto,Veneto,4905854,2346246,47.83,0.08
1544,2021-01-31,VEN,4769,1562,3207,392,4377,ITH,ITH3,5,Veneto,Veneto,4905854,2351015,47.92,0.1
1545,2021-03-29,VEN,31404,13637,17767,27570,3834,ITH,ITH3,5,Veneto,Veneto,4905854,2382419,48.56,0.64
1546,2021-03-03,VEN,12044,4597,7447,8546,3498,ITH,ITH3,5,Veneto,Veneto,4905854,2394463,48.81,0.25
1547,2021-04-22,VEN,31926,13897,18029,16182,15744,ITH,ITH3,5,Veneto,Veneto,4905854,2426389,49.46,0.65
1548,2021-03-17,VEN,14643,5991,8652,7849,6794,ITH,ITH3,5,Veneto,Veneto,4905854,2441032,49.76,0.3
1549,2021-01-12,VEN,5230,1516,3714,5230,0,ITH,ITH3,5,Veneto,Veneto,4905854,2446262,49.86,0.11
1550,2021-05-06,VEN,46743,21932,24811,38302,8441,ITH,ITH3,5,Veneto,Veneto,4905854,2493005,50.82,0.95
1551,2021-03-19,VEN,13789,5668,8121,7696,6093,ITH,ITH3,5,Veneto,Veneto,4905854,2506794,51.1,0.28
1552,2021-04-10,VEN,27445,11971,15474,18964,8481,ITH,ITH3,5,Veneto,Veneto,4905854,2534239,51.66,0.56
1553,2021-05-30,VEN,22456,11229,11227,15817,6639,ITH,ITH3,5,Veneto,Veneto,4905854,2556695,52.12,0.46
1554,2021-02-26,VEN,8294,3271,5023,7036,1258,ITH,ITH3,5,Veneto,Veneto,4905854,2564989,52.28,0.17
1555,2021-01-14,VEN,7062,1924,5138,7062,0,ITH,ITH3,5,Veneto,Veneto,4905854,2572051,52.43,0.14
1556,2021-03-12,VEN,18577,8128,10449,11831,6746,ITH,ITH3,5,Veneto,Veneto,4905854,2590628,52.81,0.38
1557,2021-02-17,VEN,6022,2772,3250,5928,94,ITH,ITH3,5,Veneto,Veneto,4905854,2596650,52.93,0.12
1558,2021-04-01,VEN,25195,11051,14144,18787,6408,ITH,ITH3,5,Veneto,Veneto,4905854,2621845,53.44,0.51
1559,2021-04-15,VEN,20830,8597,12233,10021,10809,ITH,ITH3,5,Veneto,Veneto,4905854,2642675,53.87,0.42
1560,2021-02-10,VEN,4751,1588,3163,3697,1054,ITH,ITH3,5,Veneto,Veneto,4905854,2647426,53.96,0.1
1561,2021-04-08,VEN,32318,14347,17971,24438,7880,ITH,ITH3,5,Veneto,Veneto,4905854,2679744,54.62,0.66
1562,2021-06-04,VEN,48560,25274,23286,40937,7623,ITH,ITH3,5,Veneto,Veneto,4905854,2728304,55.61,0.99
1563,2021-01-05,VEN,7329,2182,5147,7329,0,ITH,ITH3,5,Veneto,Veneto,4905854,2735633,55.76,0.15
1564,2021-02-24,VEN,8614,3678,4936,8128,486,ITH,ITH3,5,Veneto,Veneto,4905854,2744247,55.94,0.18
1565,2021-05-13,VEN,44034,21728,22306,34162,9872,ITH,ITH3,5,Veneto,Veneto,4905854,2788281,56.84,0.9
1566,2021-04-07,VEN,35894,16113,19781,28566,7328,ITH,ITH3,5,Veneto,Veneto,4905854,2824175,57.57,0.73
1567,2021-02-02,VEN,6508,1878,4630,396,6112,ITH,ITH3,5,Veneto,Veneto,4905854,2830683,57.7,0.13
1568,2021-03-31,VEN,38658,16261,22397,31165,7493,ITH,ITH3,5,Veneto,Veneto,4905854,2869341,58.49,0.79
1569,2021-05-27,VEN,45721,22445,23276,23021,22700,ITH,ITH3,5,Veneto,Veneto,4905854,2915062,59.42,0.93
1570,2021-02-21,VEN,4633,1209,3424,4628,5,ITH,ITH3,5,Veneto,Veneto,4905854,2919695,59.51,0.09
1571,2021-04-19,VEN,21526,8916,12610,5117,16409,ITH,ITH3,5,Veneto,Veneto,4905854,2941221,59.95,0.44
1572,2021-05-15,VEN,36075,17442,18633,26141,9934,ITH,ITH3,5,Veneto,Veneto,4905854,2977296,60.69,0.74
1573,2021-01-26,VEN,6917,2091,4826,152,6765,ITH,ITH3,5,Veneto,Veneto,4905854,2984213,60.83,0.14
1574,2021-01-07,VEN,8358,2318,6040,8358,0,ITH,ITH3,5,Veneto,Veneto,4905854,2992571,61.0,0.17
1575,2021-04-26,VEN,20707,9450,11257,15567,5140,ITH,ITH3,5,Veneto,Veneto,4905854,3013278,61.42,0.42
1576,2021-02-12,MOL,330,149,181,208,122,ITF,ITF2,14,Molise,Molise,305617,330,0.11,0.11
1577,2021-03-15,MOL,832,338,494,587,245,ITF,ITF2,14,Molise,Molise,305617,1162,0.38,0.27
1578,2021-05-08,MOL,2972,1453,1519,1728,1244,ITF,ITF2,14,Molise,Molise,305617,4134,1.35,0.97
1579,2021-05-22,MOL,1307,706,601,1225,82,ITF,ITF2,14,Molise,Molise,305617,5441,1.78,0.43
1580,2021-03-02,MOL,667,383,284,509,158,ITF,ITF2,14,Molise,Molise,305617,6108,2.0,0.22
1581,2021-04-21,MOL,1863,789,1074,968,895,ITF,ITF2,14,Molise,Molise,305617,7971,2.61,0.61
1582,2021-03-10,MOL,1737,720,1017,1687,50,ITF,ITF2,14,Molise,Molise,305617,9708,3.18,0.57
1583,2021-05-13,MOL,3037,1409,1628,2580,457,ITF,ITF2,14,Molise,Molise,305617,12745,4.17,0.99
1584,2021-02-21,MOL,573,227,346,571,2,ITF,ITF2,14,Molise,Molise,305617,13318,4.36,0.19
1585,2021-04-26,MOL,1157,521,636,826,331,ITF,ITF2,14,Molise,Molise,305617,14475,4.74,0.38
1586,2021-02-04,MOL,758,295,463,77,681,ITF,ITF2,14,Molise,Molise,305617,15233,4.98,0.25
1587,2021-01-31,MOL,268,70,198,6,262,ITF,ITF2,14,Molise,Molise,305617,15501,5.07,0.09
1588,2021-04-05,MOL,391,189,202,292,99,ITF,ITF2,14,Molise,Molise,305617,15892,5.2,0.13
1589,2021-03-31,MOL,2193,919,1274,1374,819,ITF,ITF2,14,Molise,Molise,305617,18085,5.92,0.72
1590,2021-06-03,MOL,3083,1480,1603,2592,491,ITF,ITF2,14,Molise,Molise,305617,21168,6.93,1.01
1591,2021-02-19,MOL,169,93,76,167,2,ITF,ITF2,14,Molise,Molise,305617,21337,6.98,0.06
1592,2021-06-01,MOL,2553,1310,1243,2476,77,ITF,ITF2,14,Molise,Molise,305617,23890,7.82,0.84
1593,2021-05-15,MOL,2979,1398,1581,2595,384,ITF,ITF2,14,Molise,Molise,305617,26869,8.79,0.97
1594,2021-02-02,MOL,539,176,363,216,323,ITF,ITF2,14,Molise,Molise,305617,27408,8.97,0.18
1595,2021-04-28,MOL,1683,913,770,466,1217,ITF,ITF2,14,Molise,Molise,305617,29091,9.52,0.55
1596,2021-03-29,MOL,2033,835,1198,1547,486,ITF,ITF2,14,Molise,Molise,305617,31124,10.18,0.67
1597,2021-04-07,MOL,1688,847,841,1413,275,ITF,ITF2,14,Molise,Molise,305617,32812,10.74,0.55
1598,2021-02-23,MOL,582,223,359,363,219,ITF,ITF2,14,Molise,Molise,305617,33394,10.93,0.19
1599,2021-01-17,MOL,78,38,40,48,30,ITF,ITF2,14,Molise,Molise,305617,33472,10.95,0.03
1600,2021-04-10,MOL,2635,1259,1376,2483,152,ITF,ITF2,14,Molise,Molise,305617,36107,11.81,0.86
1601,2021-02-05,MOL,593,269,324,55,538,ITF,ITF2,14,Molise,Molise,305617,36700,12.01,0.19
1602,2021-04-12,MOL,1299,557,742,1048,251,ITF,ITF2,14,Molise,Molise,305617,37999,12.43,0.43
1603,2021-03-07,MOL,1132,501,631,1130,2,ITF,ITF2,14,Molise,Molise,305617,39131,12.8,0.37
1604,2021-04-24,MOL,2546,1199,1347,705,1841,ITF,ITF2,14,Molise,Molise,305617,41677,13.64,0.83
1605,2021-01-21,MOL,6,2,4,6,0,ITF,ITF2,14,Molise,Molise,305617,41683,13.64,0.0
1606,2021-03-12,MOL,1459,637,822,1423,36,ITF,ITF2,14,Molise,Molise,305617,43142,14.12,0.48
1607,2021-01-28,MOL,613,217,396,17,596,ITF,ITF2,14,Molise,Molise,305617,43755,14.32,0.2
1608,2021-04-19,MOL,1827,842,985,1049,778,ITF,ITF2,14,Molise,Molise,305617,45582,14.91,0.6
1609,2021-02-28,MOL,831,333,498,789,42,ITF,ITF2,14,Molise,Molise,305617,46413,15.19,0.27
1610,2021-01-09,MOL,450,152,298,450,0,ITF,ITF2,14,Molise,Molise,305617,46863,15.33,0.15
1611,2021-04-29,MOL,2237,1144,1093,890,1347,ITF,ITF2,14,Molise,Molise,305617,49100,16.07,0.73
1612,2021-03-24,MOL,1631,658,973,1229,402,ITF,ITF2,14,Molise,Molise,305617,50731,16.6,0.53
1613,2021-01-19,MOL,173,63,110,162,11,ITF,ITF2,14,Molise,Molise,305617,50904,16.66,0.06
1614,2021-03-26,MOL,2575,1045,1530,1933,642,ITF,ITF2,14,Molise,Molise,305617,53479,17.5,0.84
1615,2021-05-18,MOL,1645,877,768,990,655,ITF,ITF2,14,Molise,Molise,305617,55124,18.04,0.54
1616,2021-03-22,MOL,1146,439,707,903,243,ITF,ITF2,14,Molise,Molise,305617,56270,18.41,0.37
1617,2021-05-25,MOL,1960,885,1075,1330,630,ITF,ITF2,14,Molise,Molise,305617,58230,19.05,0.64
1618,2021-02-07,MOL,66,32,34,19,47,ITF,ITF2,14,Molise,Molise,305617,58296,19.07,0.02
1619,2021-01-07,MOL,598,209,389,598,0,ITF,ITF2,14,Molise,Molise,305617,58894,19.27,0.2
1620,2021-04-02,MOL,1453,708,745,676,777,ITF,ITF2,14,Molise,Molise,305617,60347,19.75,0.48
1621,2021-05-03,MOL,2484,1164,1320,2321,163,ITF,ITF2,14,Molise,Molise,305617,62831,20.56,0.81
1622,2021-05-06,MOL,2679,1214,1465,2081,598,ITF,ITF2,14,Molise,Molise,305617,65510,21.44,0.88
1623,2021-01-26,MOL,450,184,266,8,442,ITF,ITF2,14,Molise,Molise,305617,65960,21.58,0.15
1624,2021-03-17,MOL,908,385,523,576,332,ITF,ITF2,14,Molise,Molise,305617,66868,21.88,0.3
1625,2021-01-12,MOL,336,114,222,336,0,ITF,ITF2,14,Molise,Molise,305617,67204,21.99,0.11
1626,2021-02-24,MOL,666,278,388,333,333,ITF,ITF2,14,Molise,Molise,305617,67870,22.21,0.22
1627,2021-03-03,MOL,672,316,356,590,82,ITF,ITF2,14,Molise,Molise,305617,68542,22.43,0.22
1628,2021-01-05,MOL,449,180,269,449,0,ITF,ITF2,14,Molise,Molise,305617,68991,22.57,0.15
1629,2021-05-20,MOL,2572,1325,1247,2397,175,ITF,ITF2,14,Molise,Molise,305617,71563,23.42,0.84
1630,2021-04-14,MOL,1806,767,1039,1145,661,ITF,ITF2,14,Molise,Molise,305617,73369,24.01,0.59
1631,2021-02-16,MOL,156,70,86,150,6,ITF,ITF2,14,Molise,Molise,305617,73525,24.06,0.05
1632,2021-05-27,MOL,2825,1342,1483,1991,834,ITF,ITF2,14,Molise,Molise,305617,76350,24.98,0.92
1633,2021-02-09,MOL,359,170,189,197,162,ITF,ITF2,14,Molise,Molise,305617,76709,25.1,0.12
1634,2021-01-04,MOL,314,131,183,314,0,ITF,ITF2,14,Molise,Molise,305617,77023,25.2,0.1
1635,2021-05-29,MOL,2291,1195,1096,1937,354,ITF,ITF2,14,Molise,Molise,305617,79314,25.95,0.75
1636,2021-05-05,MOL,2413,1042,1371,2272,141,ITF,ITF2,14,Molise,Molise,305617,81727,26.74,0.79
1637,2021-05-04,MOL,2704,1181,1523,2576,128,ITF,ITF2,14,Molise,Molise,305617,84431,27.63,0.88
1638,2021-01-10,MOL,270,72,198,270,0,ITF,ITF2,14,Molise,Molise,305617,84701,27.71,0.09
1639,2021-04-17,MOL,3051,1500,1551,1565,1486,ITF,ITF2,14,Molise,Molise,305617,87752,28.71,1.0
1640,2021-05-01,MOL,2641,1266,1375,420,2221,ITF,ITF2,14,Molise,Molise,305617,90393,29.58,0.86
1641,2021-03-05,MOL,1219,649,570,1015,204,ITF,ITF2,14,Molise,Molise,305617,91612,29.98,0.4
1642,2021-02-26,MOL,563,260,303,490,73,ITF,ITF2,14,Molise,Molise,305617,92175,30.16,0.18
1643,2021-03-19,MOL,1184,482,702,757,427,ITF,ITF2,14,Molise,Molise,305617,93359,30.55,0.39
1644,2021-01-14,MOL,646,239,407,646,0,ITF,ITF2,14,Molise,Molise,305617,94005,30.76,0.21
1645,2021-04-09,MOL,2318,1248,1070,2127,191,ITF,ITF2,14,Molise,Molise,305617,96323,31.52,0.76
1646,2021-01-18,MOL,114,48,66,114,0,ITF,ITF2,14,Molise,Molise,305617,96437,31.55,0.04
1647,2021-04-13,MOL,1630,718,912,1043,587,ITF,ITF2,14,Molise,Molise,305617,98067,32.09,0.53
1648,2021-03-27,MOL,2743,1273,1470,1310,1433,ITF,ITF2,14,Molise,Molise,305617,100810,32.99,0.9
1649,2021-02-25,MOL,541,239,302,473,68,ITF,ITF2,14,Molise,Molise,305617,101351,33.16,0.18
1650,2021-04-30,MOL,2935,1554,1381,829,2106,ITF,ITF2,14,Molise,Molise,305617,104286,34.12,0.96
1651,2021-05-09,MOL,2051,932,1119,1955,96,ITF,ITF2,14,Molise,Molise,305617,106337,34.79,0.67
1652,2021-03-06,MOL,1728,807,921,1569,159,ITF,ITF2,14,Molise,Molise,305617,108065,35.36,0.57
1653,2021-01-16,MOL,420,166,254,420,0,ITF,ITF2,14,Molise,Molise,305617,108485,35.5,0.14
1654,2021-04-11,MOL,1196,591,605,1182,14,ITF,ITF2,14,Molise,Molise,305617,109681,35.89,0.39
1655,2021-03-25,MOL,1806,730,1076,1309,497,ITF,ITF2,14,Molise,Molise,305617,111487,36.48,0.59
1656,2021-03-08,MOL,1379,522,857,1239,140,ITF,ITF2,14,Molise,Molise,305617,112866,36.93,0.45
1657,2021-06-05,MOL,2174,1125,1049,2126,48,ITF,ITF2,14,Molise,Molise,305617,115040,37.64,0.71
1658,2021-03-04,MOL,850,417,433,526,324,ITF,ITF2,14,Molise,Molise,305617,115890,37.92,0.28
1659,2021-01-20,MOL,18,8,10,18,0,ITF,ITF2,14,Molise,Molise,305617,115908,37.93,0.01
1660,2021-05-02,MOL,1890,930,960,587,1303,ITF,ITF2,14,Molise,Molise,305617,117798,38.54,0.62
1661,2021-01-29,MOL,421,136,285,6,415,ITF,ITF2,14,Molise,Molise,305617,118219,38.68,0.14
1662,2021-05-31,MOL,2234,1067,1167,1916,318,ITF,ITF2,14,Molise,Molise,305617,120453,39.41,0.73
1663,2021-02-20,MOL,1018,441,577,998,20,ITF,ITF2,14,Molise,Molise,305617,121471,39.75,0.33
1664,2021-06-02,MOL,2636,1287,1349,2609,27,ITF,ITF2,14,Molise,Molise,305617,124107,40.61,0.86
1665,2021-04-27,MOL,1593,767,826,465,1128,ITF,ITF2,14,Molise,Molise,305617,125700,41.13,0.52
1666,2021-05-19,MOL,2336,1205,1131,1913,423,ITF,ITF2,14,Molise,Molise,305617,128036,41.89,0.76
1667,2021-03-30,MOL,2003,857,1146,1491,512,ITF,ITF2,14,Molise,Molise,305617,130039,42.55,0.66
1668,2021-02-01,MOL,562,201,361,14,548,ITF,ITF2,14,Molise,Molise,305617,130601,42.73,0.18
1669,2021-04-06,MOL,1494,701,793,1151,343,ITF,ITF2,14,Molise,Molise,305617,132095,43.22,0.49
1670,2021-02-15,MOL,144,70,74,141,3,ITF,ITF2,14,Molise,Molise,305617,132239,43.27,0.05
1671,2021-02-18,MOL,319,74,245,306,13,ITF,ITF2,14,Molise,Molise,305617,132558,43.37,0.1
1672,2021-03-09,MOL,1329,579,750,1177,152,ITF,ITF2,14,Molise,Molise,305617,133887,43.81,0.43
1673,2021-05-14,MOL,2644,1215,1429,1926,718,ITF,ITF2,14,Molise,Molise,305617,136531,44.67,0.87
1674,2021-02-03,MOL,731,249,482,338,393,ITF,ITF2,14,Molise,Molise,305617,137262,44.91,0.24
1675,2021-05-24,MOL,1951,847,1104,1285,666,ITF,ITF2,14,Molise,Molise,305617,139213,45.55,0.64
1676,2021-04-04,MOL,253,141,112,238,15,ITF,ITF2,14,Molise,Molise,305617,139466,45.63,0.08
1677,2021-02-27,MOL,1366,568,798,1347,19,ITF,ITF2,14,Molise,Molise,305617,140832,46.08,0.45
1678,2021-02-13,MOL,132,80,52,132,0,ITF,ITF2,14,Molise,Molise,305617,140964,46.12,0.04
1679,2021-04-18,MOL,1083,483,600,149,934,ITF,ITF2,14,Molise,Molise,305617,142047,46.48,0.35
1680,2021-01-08,MOL,429,141,288,429,0,ITF,ITF2,14,Molise,Molise,305617,142476,46.62,0.14
1681,2021-02-11,MOL,293,133,160,257,36,ITF,ITF2,14,Molise,Molise,305617,142769,46.72,0.1
1682,2021-03-16,MOL,614,230,384,267,347,ITF,ITF2,14,Molise,Molise,305617,143383,46.92,0.2
1683,2021-01-11,MOL,557,194,363,557,0,ITF,ITF2,14,Molise,Molise,305617,143940,47.1,0.18
1684,2021-01-25,MOL,319,130,189,3,316,ITF,ITF2,14,Molise,Molise,305617,144259,47.2,0.1
1685,2021-04-20,MOL,2318,1025,1293,1220,1098,ITF,ITF2,14,Molise,Molise,305617,146577,47.96,0.76
1686,2021-05-23,MOL,1698,863,835,1693,5,ITF,ITF2,14,Molise,Molise,305617,148275,48.52,0.56
1687,2021-04-25,MOL,792,395,397,559,233,ITF,ITF2,14,Molise,Molise,305617,149067,48.78,0.26
1688,2021-03-13,MOL,1189,594,595,200,989,ITF,ITF2,14,Molise,Molise,305617,150256,49.16,0.39
1689,2021-01-15,MOL,538,242,296,538,0,ITF,ITF2,14,Molise,Molise,305617,150794,49.34,0.18
1690,2021-05-07,MOL,2641,1226,1415,2044,597,ITF,ITF2,14,Molise,Molise,305617,153435,50.2,0.86
1691,2021-03-18,MOL,1156,476,680,692,464,ITF,ITF2,14,Molise,Molise,305617,154591,50.58,0.38
1692,2021-05-21,MOL,2018,1011,1007,1707,311,ITF,ITF2,14,Molise,Molise,305617,156609,51.24,0.66
1693,2021-01-27,MOL,674,251,423,8,666,ITF,ITF2,14,Molise,Molise,305617,157283,51.46,0.22
1694,2021-04-01,MOL,1469,667,802,743,726,ITF,ITF2,14,Molise,Molise,305617,158752,51.94,0.48
1695,2021-02-10,MOL,150,78,72,130,20,ITF,ITF2,14,Molise,Molise,305617,158902,51.99,0.05
1696,2021-05-10,MOL,2889,1285,1604,2516,373,ITF,ITF2,14,Molise,Molise,305617,161791,52.94,0.95
1697,2021-05-17,MOL,2228,1092,1136,1732,496,ITF,ITF2,14,Molise,Molise,305617,164019,53.67,0.73
1698,2021-03-21,MOL,1246,542,704,479,767,ITF,ITF2,14,Molise,Molise,305617,165265,54.08,0.41
1699,2021-03-14,MOL,596,240,356,17,579,ITF,ITF2,14,Molise,Molise,305617,165861,54.27,0.2
1700,2021-03-28,MOL,1626,747,879,524,1102,ITF,ITF2,14,Molise,Molise,305617,167487,54.8,0.53
1701,2021-01-30,MOL,461,158,303,12,449,ITF,ITF2,14,Molise,Molise,305617,167948,54.95,0.15
1702,2021-02-06,MOL,429,179,250,29,400,ITF,ITF2,14,Molise,Molise,305617,168377,55.09,0.14
1703,2021-03-01,MOL,661,274,387,447,214,ITF,ITF2,14,Molise,Molise,305617,169038,55.31,0.22
1704,2021-05-12,MOL,2847,1291,1556,2751,96,ITF,ITF2,14,Molise,Molise,305617,171885,56.24,0.93
1705,2021-05-26,MOL,1528,684,844,783,745,ITF,ITF2,14,Molise,Molise,305617,173413,56.74,0.5
1706,2021-02-08,MOL,334,141,193,216,118,ITF,ITF2,14,Molise,Molise,305617,173747,56.85,0.11
1707,2021-03-23,MOL,1642,694,948,1435,207,ITF,ITF2,14,Molise,Molise,305617,175389,57.39,0.54
1708,2021-02-22,MOL,265,129,136,250,15,ITF,ITF2,14,Molise,Molise,305617,175654,57.48,0.09
1709,2020-12-27,MOL,50,20,30,50,0,ITF,ITF2,14,Molise,Molise,305617,175704,57.49,0.02
1710,2021-05-28,MOL,2488,1299,1189,1976,512,ITF,ITF2,14,Molise,Molise,305617,178192,58.31,0.81
1711,2021-06-04,MOL,2795,1370,1425,2409,386,ITF,ITF2,14,Molise,Molise,305617,180987,59.22,0.91
1712,2021-04-08,MOL,1766,903,863,1564,202,ITF,ITF2,14,Molise,Molise,305617,182753,59.8,0.58
1713,2021-04-16,MOL,2430,1033,1397,1198,1232,ITF,ITF2,14,Molise,Molise,305617,185183,60.59,0.8
1714,2021-04-23,MOL,2049,882,1167,1390,659,ITF,ITF2,14,Molise,Molise,305617,187232,61.26,0.67
1715,2021-03-11,MOL,1463,636,827,1457,6,ITF,ITF2,14,Molise,Molise,305617,188695,61.74,0.48
1716,2021-01-06,MOL,689,260,429,689,0,ITF,ITF2,14,Molise,Molise,305617,189384,61.97,0.23
1717,2021-01-13,MOL,474,160,314,474,0,ITF,ITF2,14,Molise,Molise,305617,189858,62.12,0.16
1718,2021-05-30,MOL,1822,903,919,1538,284,ITF,ITF2,14,Molise,Molise,305617,191680,62.72,0.6
1719,2021-01-22,MOL,126,35,91,126,0,ITF,ITF2,14,Molise,Molise,305617,191806,62.76,0.04
1720,2021-05-11,MOL,3206,1414,1792,2956,250,ITF,ITF2,14,Molise,Molise,305617,195012,63.81,1.05
1721,2021-05-16,MOL,1246,570,676,1064,182,ITF,ITF2,14,Molise,Molise,305617,196258,64.22,0.41
1722,2021-04-03,MOL,1770,850,920,1735,35,ITF,ITF2,14,Molise,Molise,305617,198028,64.8,0.58
1723,2021-03-20,MOL,2321,968,1353,1000,1321,ITF,ITF2,14,Molise,Molise,305617,200349,65.56,0.76
1724,2021-04-22,MOL,1844,863,981,1065,779,ITF,ITF2,14,Molise,Molise,305617,202193,66.16,0.6
1725,2021-02-17,MOL,72,32,40,57,15,ITF,ITF2,14,Molise,Molise,305617,202265,66.18,0.02
1726,2021-04-15,MOL,1924,793,1131,1080,844,ITF,ITF2,14,Molise,Molise,305617,204189,66.81,0.63
1727,2021-05-10,SAR,9732,4336,5396,7195,2537,ITG,ITG2,20,Sardegna,Sardegna,1639591,9732,0.59,0.59
1728,2021-04-23,SAR,12845,5735,7110,7384,5461,ITG,ITG2,20,Sardegna,Sardegna,1639591,22577,1.38,0.78
1729,2021-01-23,SAR,60,22,38,0,60,ITG,ITG2,20,Sardegna,Sardegna,1639591,22637,1.38,0.0
1730,2021-03-28,SAR,4620,1815,2805,4541,79,ITG,ITG2,20,Sardegna,Sardegna,1639591,27257,1.66,0.28
1731,2021-03-11,SAR,6036,2726,3310,4835,1201,ITG,ITG2,20,Sardegna,Sardegna,1639591,33293,2.03,0.37
1732,2021-01-06,SAR,1615,549,1066,1615,0,ITG,ITG2,20,Sardegna,Sardegna,1639591,34908,2.13,0.1
1733,2021-02-22,SAR,1639,949,690,1411,228,ITG,ITG2,20,Sardegna,Sardegna,1639591,36547,2.23,0.1
1734,2021-06-04,SAR,13940,6593,7347,9769,4171,ITG,ITG2,20,Sardegna,Sardegna,1639591,50487,3.08,0.85
1735,2021-02-13,SAR,1456,565,891,1454,2,ITG,ITG2,20,Sardegna,Sardegna,1639591,51943,3.17,0.09
1736,2021-02-18,SAR,1878,732,1146,1814,64,ITG,ITG2,20,Sardegna,Sardegna,1639591,53821,3.28,0.11
1737,2021-05-31,SAR,11156,5222,5934,8241,2915,ITG,ITG2,20,Sardegna,Sardegna,1639591,64977,3.96,0.68
1738,2021-04-18,SAR,5127,2225,2902,2258,2869,ITG,ITG2,20,Sardegna,Sardegna,1639591,70104,4.28,0.31
1739,2021-01-04,SAR,592,217,375,592,0,ITG,ITG2,20,Sardegna,Sardegna,1639591,70696,4.31,0.04
1740,2021-04-16,SAR,14441,6488,7953,9098,5343,ITG,ITG2,20,Sardegna,Sardegna,1639591,85137,5.19,0.88
1741,2021-03-30,SAR,8642,3462,5180,6368,2274,ITG,ITG2,20,Sardegna,Sardegna,1639591,93779,5.72,0.53
1742,2021-03-13,SAR,2755,1076,1679,2474,281,ITG,ITG2,20,Sardegna,Sardegna,1639591,96534,5.89,0.17
1743,2021-02-11,SAR,1315,490,825,1204,111,ITG,ITG2,20,Sardegna,Sardegna,1639591,97849,5.97,0.08
1744,2021-05-29,SAR,17952,8630,9322,13377,4575,ITG,ITG2,20,Sardegna,Sardegna,1639591,115801,7.06,1.09
1745,2021-05-24,SAR,13672,6545,7127,8482,5190,ITG,ITG2,20,Sardegna,Sardegna,1639591,129473,7.9,0.83
1746,2021-06-02,SAR,9784,4690,5094,8143,1641,ITG,ITG2,20,Sardegna,Sardegna,1639591,139257,8.49,0.6
1747,2021-02-20,SAR,2041,855,1186,1707,334,ITG,ITG2,20,Sardegna,Sardegna,1639591,141298,8.62,0.12
1748,2021-01-08,SAR,3258,1184,2074,3258,0,ITG,ITG2,20,Sardegna,Sardegna,1639591,144556,8.82,0.2
1749,2021-04-20,SAR,10992,4992,6000,7778,3214,ITG,ITG2,20,Sardegna,Sardegna,1639591,155548,9.49,0.67
1750,2021-02-23,SAR,1519,1010,509,1285,234,ITG,ITG2,20,Sardegna,Sardegna,1639591,157067,9.58,0.09
1751,2021-05-19,SAR,16383,8141,8242,12742,3641,ITG,ITG2,20,Sardegna,Sardegna,1639591,173450,10.58,1.0
1752,2021-02-08,SAR,1470,533,937,856,614,ITG,ITG2,20,Sardegna,Sardegna,1639591,174920,10.67,0.09
1753,2021-04-15,SAR,11821,5525,6296,6865,4956,ITG,ITG2,20,Sardegna,Sardegna,1639591,186741,11.39,0.72
1754,2021-01-16,SAR,1492,525,967,1492,0,ITG,ITG2,20,Sardegna,Sardegna,1639591,188233,11.48,0.09
1755,2021-05-07,SAR,14129,6459,7670,9629,4500,ITG,ITG2,20,Sardegna,Sardegna,1639591,202362,12.34,0.86
1756,2021-03-18,SAR,7255,3070,4185,5652,1603,ITG,ITG2,20,Sardegna,Sardegna,1639591,209617,12.78,0.44
1757,2021-03-25,SAR,8795,3704,5091,7490,1305,ITG,ITG2,20,Sardegna,Sardegna,1639591,218412,13.32,0.54
1758,2021-05-21,SAR,21103,10346,10757,15451,5652,ITG,ITG2,20,Sardegna,Sardegna,1639591,239515,14.61,1.29
1759,2021-02-03,SAR,1119,419,700,426,693,ITG,ITG2,20,Sardegna,Sardegna,1639591,240634,14.68,0.07
1760,2020-12-28,SAR,65,25,40,65,0,ITG,ITG2,20,Sardegna,Sardegna,1639591,240699,14.68,0.0
1761,2021-03-23,SAR,6157,2640,3517,5079,1078,ITG,ITG2,20,Sardegna,Sardegna,1639591,246856,15.06,0.38
1762,2021-05-12,SAR,10775,5033,5742,7696,3079,ITG,ITG2,20,Sardegna,Sardegna,1639591,257631,15.71,0.66
1763,2021-04-06,SAR,7446,3113,4333,5018,2428,ITG,ITG2,20,Sardegna,Sardegna,1639591,265077,16.17,0.45
1764,2021-02-01,SAR,1524,605,919,225,1299,ITG,ITG2,20,Sardegna,Sardegna,1639591,266601,16.26,0.09
1765,2021-05-26,SAR,14352,7126,7226,9832,4520,ITG,ITG2,20,Sardegna,Sardegna,1639591,280953,17.14,0.88
1766,2020-12-27,SAR,65,34,31,65,0,ITG,ITG2,20,Sardegna,Sardegna,1639591,281018,17.14,0.0
1767,2021-02-15,SAR,958,349,609,927,31,ITG,ITG2,20,Sardegna,Sardegna,1639591,281976,17.2,0.06
1768,2021-06-05,SAR,12854,6030,6824,7889,4965,ITG,ITG2,20,Sardegna,Sardegna,1639591,294830,17.98,0.78
1769,2021-03-14,SAR,607,376,231,607,0,ITG,ITG2,20,Sardegna,Sardegna,1639591,295437,18.02,0.04
1770,2021-05-17,SAR,12114,5688,6426,9224,2890,ITG,ITG2,20,Sardegna,Sardegna,1639591,307551,18.76,0.74
1771,2021-02-25,SAR,2899,1255,1644,2294,605,ITG,ITG2,20,Sardegna,Sardegna,1639591,310450,18.93,0.18
1772,2021-04-30,SAR,11129,5298,5831,6920,4209,ITG,ITG2,20,Sardegna,Sardegna,1639591,321579,19.61,0.68
1773,2021-02-06,SAR,1970,697,1273,569,1401,ITG,ITG2,20,Sardegna,Sardegna,1639591,323549,19.73,0.12
1774,2021-01-20,SAR,210,77,133,208,2,ITG,ITG2,20,Sardegna,Sardegna,1639591,323759,19.75,0.01
1775,2021-05-02,SAR,5884,2669,3215,5303,581,ITG,ITG2,20,Sardegna,Sardegna,1639591,329643,20.11,0.36
1776,2021-03-21,SAR,4030,1809,2221,2590,1440,ITG,ITG2,20,Sardegna,Sardegna,1639591,333673,20.35,0.25
1777,2021-01-30,SAR,3863,1392,2471,362,3501,ITG,ITG2,20,Sardegna,Sardegna,1639591,337536,20.59,0.24
1778,2021-03-04,SAR,4002,1953,2049,2747,1255,ITG,ITG2,20,Sardegna,Sardegna,1639591,341538,20.83,0.24
1779,2021-01-13,SAR,573,178,395,573,0,ITG,ITG2,20,Sardegna,Sardegna,1639591,342111,20.87,0.03
1780,2021-03-02,SAR,2865,1459,1406,1712,1153,ITG,ITG2,20,Sardegna,Sardegna,1639591,344976,21.04,0.17
1781,2021-04-28,SAR,9016,4274,4742,5317,3699,ITG,ITG2,20,Sardegna,Sardegna,1639591,353992,21.59,0.55
1782,2021-04-21,SAR,12074,5557,6517,6541,5533,ITG,ITG2,20,Sardegna,Sardegna,1639591,366066,22.33,0.74
1783,2021-03-09,SAR,5153,2373,2780,4424,729,ITG,ITG2,20,Sardegna,Sardegna,1639591,371219,22.64,0.31
1784,2021-05-05,SAR,10152,4643,5509,8142,2010,ITG,ITG2,20,Sardegna,Sardegna,1639591,381371,23.26,0.62
1785,2021-01-18,SAR,904,326,578,780,124,ITG,ITG2,20,Sardegna,Sardegna,1639591,382275,23.32,0.06
1786,2021-03-16,SAR,4374,1949,2425,3452,922,ITG,ITG2,20,Sardegna,Sardegna,1639591,386649,23.58,0.27
1787,2021-01-11,SAR,1183,505,678,1183,0,ITG,ITG2,20,Sardegna,Sardegna,1639591,387832,23.65,0.07
1788,2021-01-25,SAR,588,212,376,22,566,ITG,ITG2,20,Sardegna,Sardegna,1639591,388420,23.69,0.04
1789,2021-04-25,SAR,4497,2269,2228,3718,779,ITG,ITG2,20,Sardegna,Sardegna,1639591,392917,23.96,0.27
1790,2021-03-06,SAR,2639,1079,1560,858,1781,ITG,ITG2,20,Sardegna,Sardegna,1639591,395556,24.13,0.16
1791,2021-01-15,SAR,1563,573,990,1563,0,ITG,ITG2,20,Sardegna,Sardegna,1639591,397119,24.22,0.1
1792,2021-05-09,SAR,6127,2874,3253,5201,926,ITG,ITG2,20,Sardegna,Sardegna,1639591,403246,24.59,0.37
1793,2021-05-16,SAR,8178,3813,4365,6018,2160,ITG,ITG2,20,Sardegna,Sardegna,1639591,411424,25.09,0.5
1794,2021-04-09,SAR,12261,5436,6825,7909,4352,ITG,ITG2,20,Sardegna,Sardegna,1639591,423685,25.84,0.75
1795,2021-02-04,SAR,2271,816,1455,916,1355,ITG,ITG2,20,Sardegna,Sardegna,1639591,425956,25.98,0.14
1796,2021-04-02,SAR,8987,3547,5440,5745,3242,ITG,ITG2,20,Sardegna,Sardegna,1639591,434943,26.53,0.55
1797,2021-04-11,SAR,5393,2442,2951,4273,1120,ITG,ITG2,20,Sardegna,Sardegna,1639591,440336,26.86,0.33
1798,2021-04-04,SAR,1,0,1,0,1,ITG,ITG2,20,Sardegna,Sardegna,1639591,440337,26.86,0.0
1799,2021-01-01,SAR,32,17,15,32,0,ITG,ITG2,20,Sardegna,Sardegna,1639591,440369,26.86,0.0
1800,2021-02-27,SAR,1921,647,1274,1366,555,ITG,ITG2,20,Sardegna,Sardegna,1639591,442290,26.98,0.12
1801,2021-02-17,SAR,1407,577,830,1333,74,ITG,ITG2,20,Sardegna,Sardegna,1639591,443697,27.06,0.09
1802,2020-12-29,SAR,57,32,25,57,0,ITG,ITG2,20,Sardegna,Sardegna,1639591,443754,27.06,0.0
1803,2021-04-22,SAR,10491,4647,5844,5572,4919,ITG,ITG2,20,Sardegna,Sardegna,1639591,454245,27.7,0.64
1804,2021-03-03,SAR,3859,2073,1786,2611,1248,ITG,ITG2,20,Sardegna,Sardegna,1639591,458104,27.94,0.24
1805,2021-01-31,SAR,2121,750,1371,48,2073,ITG,ITG2,20,Sardegna,Sardegna,1639591,460225,28.07,0.13
1806,2021-02-14,SAR,539,263,276,537,2,ITG,ITG2,20,Sardegna,Sardegna,1639591,460764,28.1,0.03
1807,2021-04-05,SAR,2036,784,1252,2035,1,ITG,ITG2,20,Sardegna,Sardegna,1639591,462800,28.23,0.12
1808,2021-05-14,SAR,13890,6376,7514,10706,3184,ITG,ITG2,20,Sardegna,Sardegna,1639591,476690,29.07,0.85
1809,2021-01-27,SAR,1411,496,915,79,1332,ITG,ITG2,20,Sardegna,Sardegna,1639591,478101,29.16,0.09
1810,2021-05-18,SAR,13918,6719,7199,9446,4472,ITG,ITG2,20,Sardegna,Sardegna,1639591,492019,30.01,0.85
1811,2021-05-01,SAR,9904,4760,5144,5447,4457,ITG,ITG2,20,Sardegna,Sardegna,1639591,501923,30.61,0.6
1812,2021-02-26,SAR,2800,1108,1692,2494,306,ITG,ITG2,20,Sardegna,Sardegna,1639591,504723,30.78,0.17
1813,2021-04-14,SAR,8250,3902,4348,7013,1237,ITG,ITG2,20,Sardegna,Sardegna,1639591,512973,31.29,0.5
1814,2021-01-10,SAR,2183,750,1433,2183,0,ITG,ITG2,20,Sardegna,Sardegna,1639591,515156,31.42,0.13
1815,2021-04-27,SAR,7606,3547,4059,5565,2041,ITG,ITG2,20,Sardegna,Sardegna,1639591,522762,31.88,0.46
1816,2021-03-15,SAR,2688,1219,1469,2315,373,ITG,ITG2,20,Sardegna,Sardegna,1639591,525450,32.05,0.16
1817,2021-01-19,SAR,747,270,477,692,55,ITG,ITG2,20,Sardegna,Sardegna,1639591,526197,32.09,0.05
1818,2021-03-24,SAR,7287,2998,4289,5928,1359,ITG,ITG2,20,Sardegna,Sardegna,1639591,533484,32.54,0.44
1819,2021-05-22,SAR,24661,11823,12838,19565,5096,ITG,ITG2,20,Sardegna,Sardegna,1639591,558145,34.04,1.5
1820,2021-02-24,SAR,2412,1293,1119,2223,189,ITG,ITG2,20,Sardegna,Sardegna,1639591,560557,34.19,0.15
1821,2021-02-07,SAR,1117,395,722,228,889,ITG,ITG2,20,Sardegna,Sardegna,1639591,561674,34.26,0.07
1822,2021-05-20,SAR,15855,7500,8355,11306,4549,ITG,ITG2,20,Sardegna,Sardegna,1639591,577529,35.22,0.97
1823,2021-01-17,SAR,860,277,583,859,1,ITG,ITG2,20,Sardegna,Sardegna,1639591,578389,35.28,0.05
1824,2021-04-29,SAR,11113,5109,6004,6760,4353,ITG,ITG2,20,Sardegna,Sardegna,1639591,589502,35.95,0.68
1825,2021-03-17,SAR,6556,2849,3707,4949,1607,ITG,ITG2,20,Sardegna,Sardegna,1639591,596058,36.35,0.4
1826,2021-03-26,SAR,8091,3180,4911,6566,1525,ITG,ITG2,20,Sardegna,Sardegna,1639591,604149,36.85,0.49
1827,2021-01-03,SAR,90,36,54,90,0,ITG,ITG2,20,Sardegna,Sardegna,1639591,604239,36.85,0.01
1828,2021-03-29,SAR,4425,1559,2866,3837,588,ITG,ITG2,20,Sardegna,Sardegna,1639591,608664,37.12,0.27
1829,2021-01-05,SAR,1327,446,881,1327,0,ITG,ITG2,20,Sardegna,Sardegna,1639591,609991,37.2,0.08
1830,2021-03-31,SAR,10154,4050,6104,7707,2447,ITG,ITG2,20,Sardegna,Sardegna,1639591,620145,37.82,0.62
1831,2021-04-12,SAR,6990,3179,3811,5276,1714,ITG,ITG2,20,Sardegna,Sardegna,1639591,627135,38.25,0.43
1832,2021-06-01,SAR,14147,6499,7648,9672,4475,ITG,ITG2,20,Sardegna,Sardegna,1639591,641282,39.11,0.86
1833,2021-02-28,SAR,368,169,199,142,226,ITG,ITG2,20,Sardegna,Sardegna,1639591,641650,39.13,0.02
1834,2021-01-22,SAR,83,47,36,55,28,ITG,ITG2,20,Sardegna,Sardegna,1639591,641733,39.14,0.01
1835,2021-04-17,SAR,10079,4500,5579,5482,4597,ITG,ITG2,20,Sardegna,Sardegna,1639591,651812,39.75,0.61
1836,2021-05-27,SAR,16901,8467,8434,12135,4766,ITG,ITG2,20,Sardegna,Sardegna,1639591,668713,40.79,1.03
1837,2021-02-16,SAR,700,289,411,673,27,ITG,ITG2,20,Sardegna,Sardegna,1639591,669413,40.83,0.04
1838,2021-05-28,SAR,17703,8467,9236,13637,4066,ITG,ITG2,20,Sardegna,Sardegna,1639591,687116,41.91,1.08
1839,2021-04-08,SAR,13426,5924,7502,8307,5119,ITG,ITG2,20,Sardegna,Sardegna,1639591,700542,42.73,0.82
1840,2021-05-11,SAR,8648,3989,4659,6317,2331,ITG,ITG2,20,Sardegna,Sardegna,1639591,709190,43.25,0.53
1841,2021-05-25,SAR,14082,6840,7242,8534,5548,ITG,ITG2,20,Sardegna,Sardegna,1639591,723272,44.11,0.86
1842,2021-03-22,SAR,3551,1363,2188,3038,513,ITG,ITG2,20,Sardegna,Sardegna,1639591,726823,44.33,0.22
1843,2021-01-12,SAR,865,408,457,865,0,ITG,ITG2,20,Sardegna,Sardegna,1639591,727688,44.38,0.05
1844,2021-04-13,SAR,7606,3593,4013,5781,1825,ITG,ITG2,20,Sardegna,Sardegna,1639591,735294,44.85,0.46
1845,2021-03-08,SAR,4008,1790,2218,2788,1220,ITG,ITG2,20,Sardegna,Sardegna,1639591,739302,45.09,0.24
1846,2021-05-04,SAR,9537,4385,5152,7684,1853,ITG,ITG2,20,Sardegna,Sardegna,1639591,748839,45.67,0.58
1847,2021-03-01,SAR,2162,1055,1107,1503,659,ITG,ITG2,20,Sardegna,Sardegna,1639591,751001,45.8,0.13
1848,2021-01-24,SAR,90,34,56,5,85,ITG,ITG2,20,Sardegna,Sardegna,1639591,751091,45.81,0.01
1849,2021-03-10,SAR,6012,2919,3093,5162,850,ITG,ITG2,20,Sardegna,Sardegna,1639591,757103,46.18,0.37
1850,2021-05-06,SAR,12946,6009,6937,9800,3146,ITG,ITG2,20,Sardegna,Sardegna,1639591,770049,46.97,0.79
1851,2021-05-13,SAR,11408,5284,6124,8428,2980,ITG,ITG2,20,Sardegna,Sardegna,1639591,781457,47.66,0.7
1852,2021-01-26,SAR,1336,453,883,27,1309,ITG,ITG2,20,Sardegna,Sardegna,1639591,782793,47.74,0.08
1853,2021-03-20,SAR,5194,2074,3120,2917,2277,ITG,ITG2,20,Sardegna,Sardegna,1639591,787987,48.06,0.32
1854,2021-01-29,SAR,2955,1069,1886,48,2907,ITG,ITG2,20,Sardegna,Sardegna,1639591,790942,48.24,0.18
1855,2021-03-05,SAR,5036,2445,2591,2682,2354,ITG,ITG2,20,Sardegna,Sardegna,1639591,795978,48.55,0.31
1856,2021-04-24,SAR,10367,4852,5515,8030,2337,ITG,ITG2,20,Sardegna,Sardegna,1639591,806345,49.18,0.63
1857,2021-01-28,SAR,2970,1045,1925,69,2901,ITG,ITG2,20,Sardegna,Sardegna,1639591,809315,49.36,0.18
1858,2021-04-01,SAR,10101,4026,6075,7088,3013,ITG,ITG2,20,Sardegna,Sardegna,1639591,819416,49.98,0.62
1859,2021-02-10,SAR,1959,765,1194,1441,518,ITG,ITG2,20,Sardegna,Sardegna,1639591,821375,50.1,0.12
1860,2021-04-19,SAR,10181,4617,5564,8762,1419,ITG,ITG2,20,Sardegna,Sardegna,1639591,831556,50.72,0.62
1861,2021-01-02,SAR,60,21,39,60,0,ITG,ITG2,20,Sardegna,Sardegna,1639591,831616,50.72,0.0
1862,2021-04-26,SAR,6820,3263,3557,5945,875,ITG,ITG2,20,Sardegna,Sardegna,1639591,838436,51.14,0.42
1863,2021-02-05,SAR,1897,749,1148,433,1464,ITG,ITG2,20,Sardegna,Sardegna,1639591,840333,51.25,0.12
1864,2021-04-03,SAR,4663,1802,2861,2696,1967,ITG,ITG2,20,Sardegna,Sardegna,1639591,844996,51.54,0.28
1865,2021-05-30,SAR,9725,4836,4889,7369,2356,ITG,ITG2,20,Sardegna,Sardegna,1639591,854721,52.13,0.59
1866,2021-03-27,SAR,5720,2178,3542,5297,423,ITG,ITG2,20,Sardegna,Sardegna,1639591,860441,52.48,0.35
1867,2021-05-23,SAR,9964,4805,5159,7720,2244,ITG,ITG2,20,Sardegna,Sardegna,1639591,870405,53.09,0.61
1868,2021-02-19,SAR,1499,473,1026,1443,56,ITG,ITG2,20,Sardegna,Sardegna,1639591,871904,53.18,0.09
1869,2021-02-12,SAR,2237,933,1304,2178,59,ITG,ITG2,20,Sardegna,Sardegna,1639591,874141,53.31,0.14
1870,2021-04-10,SAR,10489,4748,5741,8554,1935,ITG,ITG2,20,Sardegna,Sardegna,1639591,884630,53.95,0.64
1871,2021-01-07,SAR,3112,1077,2035,3112,0,ITG,ITG2,20,Sardegna,Sardegna,1639591,887742,54.14,0.19
1872,2020-12-31,SAR,32,16,16,32,0,ITG,ITG2,20,Sardegna,Sardegna,1639591,887774,54.15,0.0
1873,2021-05-08,SAR,13078,5963,7115,10790,2288,ITG,ITG2,20,Sardegna,Sardegna,1639591,900852,54.94,0.8
1874,2021-05-15,SAR,13758,6417,7341,10325,3433,ITG,ITG2,20,Sardegna,Sardegna,1639591,914610,55.78,0.84
1875,2021-02-09,SAR,2287,837,1450,1290,997,ITG,ITG2,20,Sardegna,Sardegna,1639591,916897,55.92,0.14
1876,2021-01-21,SAR,126,60,66,94,32,ITG,ITG2,20,Sardegna,Sardegna,1639591,917023,55.93,0.01
1877,2021-05-03,SAR,8181,3817,4364,6585,1596,ITG,ITG2,20,Sardegna,Sardegna,1639591,925204,56.43,0.5
1878,2021-06-03,SAR,16121,7378,8743,10685,5436,ITG,ITG2,20,Sardegna,Sardegna,1639591,941325,57.41,0.98
1879,2021-04-07,SAR,13478,5986,7492,7830,5648,ITG,ITG2,20,Sardegna,Sardegna,1639591,954803,58.23,0.82
1880,2021-01-09,SAR,4026,1417,2609,4026,0,ITG,ITG2,20,Sardegna,Sardegna,1639591,958829,58.48,0.25
1881,2021-03-12,SAR,5757,2408,3349,4449,1308,ITG,ITG2,20,Sardegna,Sardegna,1639591,964586,58.83,0.35
1882,2021-03-19,SAR,7269,3049,4220,5054,2215,ITG,ITG2,20,Sardegna,Sardegna,1639591,971855,59.27,0.44
1883,2021-01-14,SAR,1105,426,679,1105,0,ITG,ITG2,20,Sardegna,Sardegna,1639591,972960,59.34,0.07
1884,2021-02-21,SAR,1589,710,879,1559,30,ITG,ITG2,20,Sardegna,Sardegna,1639591,974549,59.44,0.1
1885,2021-03-07,SAR,1657,750,907,1117,540,ITG,ITG2,20,Sardegna,Sardegna,1639591,976206,59.54,0.1
1886,2021-02-02,SAR,1482,655,827,241,1241,ITG,ITG2,20,Sardegna,Sardegna,1639591,977688,59.63,0.09
1887,2021-03-14,SIC,8774,3927,4847,4938,3836,ITG,ITG1,19,Sicilia,Sicilia,4999891,8774,0.18,0.18
1888,2021-02-11,SIC,5320,2097,3223,4858,462,ITG,ITG1,19,Sicilia,Sicilia,4999891,14094,0.28,0.11
1889,2021-04-16,SIC,28737,14420,14317,20361,8376,ITG,ITG1,19,Sicilia,Sicilia,4999891,42831,0.86,0.57
1890,2021-02-25,SIC,10118,5245,4873,8952,1166,ITG,ITG1,19,Sicilia,Sicilia,4999891,52949,1.06,0.2
1891,2021-05-21,SIC,45860,21589,24271,24393,21467,ITG,ITG1,19,Sicilia,Sicilia,4999891,98809,1.98,0.92
1892,2021-05-12,SIC,36857,17351,19506,21912,14945,ITG,ITG1,19,Sicilia,Sicilia,4999891,135666,2.71,0.74
1893,2021-02-20,SIC,7242,3726,3516,7000,242,ITG,ITG1,19,Sicilia,Sicilia,4999891,142908,2.86,0.14
1894,2021-04-25,SIC,21351,10183,11168,16374,4977,ITG,ITG1,19,Sicilia,Sicilia,4999891,164259,3.29,0.43
1895,2021-04-08,SIC,16795,8287,8508,8312,8483,ITG,ITG1,19,Sicilia,Sicilia,4999891,181054,3.62,0.34
1896,2021-02-03,SIC,6094,2853,3241,752,5342,ITG,ITG1,19,Sicilia,Sicilia,4999891,187148,3.74,0.12
1897,2021-01-30,SIC,7838,3570,4268,171,7667,ITG,ITG1,19,Sicilia,Sicilia,4999891,194986,3.9,0.16
1898,2021-04-04,SIC,6824,3325,3499,5532,1292,ITG,ITG1,19,Sicilia,Sicilia,4999891,201810,4.04,0.14
1899,2021-06-02,SIC,35169,16220,18949,27354,7815,ITG,ITG1,19,Sicilia,Sicilia,4999891,236979,4.74,0.7
1900,2020-12-27,SIC,92,55,37,92,0,ITG,ITG1,19,Sicilia,Sicilia,4999891,237071,4.74,0.0
1901,2021-03-01,SIC,12959,6119,6840,11304,1655,ITG,ITG1,19,Sicilia,Sicilia,4999891,250030,5.0,0.26
1902,2021-02-18,SIC,5473,3152,2321,5044,429,ITG,ITG1,19,Sicilia,Sicilia,4999891,255503,5.11,0.11
1903,2021-05-31,SIC,37843,16871,20972,21671,16172,ITG,ITG1,19,Sicilia,Sicilia,4999891,293346,5.87,0.76
1904,2021-05-14,SIC,52238,24467,27771,36393,15845,ITG,ITG1,19,Sicilia,Sicilia,4999891,345584,6.91,1.04
1905,2021-02-01,SIC,6068,2681,3387,295,5773,ITG,ITG1,19,Sicilia,Sicilia,4999891,351652,7.03,0.12
1906,2021-04-27,SIC,26397,12716,13681,15588,10809,ITG,ITG1,19,Sicilia,Sicilia,4999891,378049,7.56,0.53
1907,2021-03-28,SIC,10910,5132,5778,6899,4011,ITG,ITG1,19,Sicilia,Sicilia,4999891,388959,7.78,0.22
1908,2021-04-06,SIC,17821,8542,9279,13495,4326,ITG,ITG1,19,Sicilia,Sicilia,4999891,406780,8.14,0.36
1909,2021-06-04,SIC,57322,26524,30798,45480,11842,ITG,ITG1,19,Sicilia,Sicilia,4999891,464102,9.28,1.15
1910,2021-02-22,SIC,8060,4157,3903,7569,491,ITG,ITG1,19,Sicilia,Sicilia,4999891,472162,9.44,0.16
1911,2020-12-28,SIC,211,126,85,211,0,ITG,ITG1,19,Sicilia,Sicilia,4999891,472373,9.45,0.0
1912,2021-03-23,SIC,21067,10077,10990,15413,5654,ITG,ITG1,19,Sicilia,Sicilia,4999891,493440,9.87,0.42
1913,2021-03-25,SIC,20635,9556,11079,15096,5539,ITG,ITG1,19,Sicilia,Sicilia,4999891,514075,10.28,0.41
1914,2021-05-28,SIC,51271,22871,28400,24846,26425,ITG,ITG1,19,Sicilia,Sicilia,4999891,565346,11.31,1.03
1915,2021-04-23,SIC,28885,13844,15041,22938,5947,ITG,ITG1,19,Sicilia,Sicilia,4999891,594231,11.88,0.58
1916,2021-03-11,SIC,15443,6515,8928,12879,2564,ITG,ITG1,19,Sicilia,Sicilia,4999891,609674,12.19,0.31
1917,2021-01-20,SIC,841,430,411,574,267,ITG,ITG1,19,Sicilia,Sicilia,4999891,610515,12.21,0.02
1918,2021-01-27,SIC,7527,3836,3691,182,7345,ITG,ITG1,19,Sicilia,Sicilia,4999891,618042,12.36,0.15
1919,2021-05-05,SIC,26323,12186,14137,16719,9604,ITG,ITG1,19,Sicilia,Sicilia,4999891,644365,12.89,0.53
1920,2021-01-25,SIC,7533,3716,3817,304,7229,ITG,ITG1,19,Sicilia,Sicilia,4999891,651898,13.04,0.15
1921,2021-05-19,SIC,42691,20584,22107,28388,14303,ITG,ITG1,19,Sicilia,Sicilia,4999891,694589,13.89,0.85
1922,2021-03-16,SIC,9782,4364,5418,3664,6118,ITG,ITG1,19,Sicilia,Sicilia,4999891,704371,14.09,0.2
1923,2021-02-08,SIC,4086,1760,2326,2129,1957,ITG,ITG1,19,Sicilia,Sicilia,4999891,708457,14.17,0.08
1924,2021-03-30,SIC,14599,6760,7839,9774,4825,ITG,ITG1,19,Sicilia,Sicilia,4999891,723056,14.46,0.29
1925,2021-01-16,SIC,2784,1199,1585,2784,0,ITG,ITG1,19,Sicilia,Sicilia,4999891,725840,14.52,0.06
1926,2021-04-09,SIC,20547,10005,10542,11397,9150,ITG,ITG1,19,Sicilia,Sicilia,4999891,746387,14.93,0.41
1927,2021-04-11,SIC,15335,7575,7760,8306,7029,ITG,ITG1,19,Sicilia,Sicilia,4999891,761722,15.23,0.31
1928,2020-12-30,SIC,176,102,74,176,0,ITG,ITG1,19,Sicilia,Sicilia,4999891,761898,15.24,0.0
1929,2021-03-06,SIC,12914,5165,7749,10011,2903,ITG,ITG1,19,Sicilia,Sicilia,4999891,774812,15.5,0.26
1930,2021-05-26,SIC,44628,20798,23830,24079,20549,ITG,ITG1,19,Sicilia,Sicilia,4999891,819440,16.39,0.89
1931,2021-04-13,SIC,19903,9684,10219,11068,8835,ITG,ITG1,19,Sicilia,Sicilia,4999891,839343,16.79,0.4
1932,2021-04-20,SIC,19270,9080,10190,13927,5343,ITG,ITG1,19,Sicilia,Sicilia,4999891,858613,17.17,0.39
1933,2021-06-05,SIC,40871,19265,21606,32214,8657,ITG,ITG1,19,Sicilia,Sicilia,4999891,899484,17.99,0.82
1934,2021-01-23,SIC,4374,2259,2115,216,4158,ITG,ITG1,19,Sicilia,Sicilia,4999891,903858,18.08,0.09
1935,2021-04-02,SIC,14009,6595,7414,9222,4787,ITG,ITG1,19,Sicilia,Sicilia,4999891,917867,18.36,0.28
1936,2021-01-06,SIC,6488,3412,3076,6488,0,ITG,ITG1,19,Sicilia,Sicilia,4999891,924355,18.49,0.13
1937,2021-02-10,SIC,4420,1813,2607,3999,421,ITG,ITG1,19,Sicilia,Sicilia,4999891,928775,18.58,0.09
1938,2021-04-01,SIC,14403,6676,7727,9689,4714,ITG,ITG1,19,Sicilia,Sicilia,4999891,943178,18.86,0.29
1939,2021-03-02,SIC,14867,6359,8508,12058,2809,ITG,ITG1,19,Sicilia,Sicilia,4999891,958045,19.16,0.3
1940,2021-01-04,SIC,8408,4195,4213,8408,0,ITG,ITG1,19,Sicilia,Sicilia,4999891,966453,19.33,0.17
1941,2021-04-28,SIC,29355,13770,15585,20271,9084,ITG,ITG1,19,Sicilia,Sicilia,4999891,995808,19.92,0.59
1942,2021-02-23,SIC,8909,4670,4239,8446,463,ITG,ITG1,19,Sicilia,Sicilia,4999891,1004717,20.09,0.18
1943,2021-03-09,SIC,13145,5586,7559,10772,2373,ITG,ITG1,19,Sicilia,Sicilia,4999891,1017862,20.36,0.26
1944,2021-01-11,SIC,5917,2597,3320,5917,0,ITG,ITG1,19,Sicilia,Sicilia,4999891,1023779,20.48,0.12
1945,2021-01-18,SIC,1654,671,983,1495,159,ITG,ITG1,19,Sicilia,Sicilia,4999891,1025433,20.51,0.03
1946,2021-02-27,SIC,12424,5556,6868,11220,1204,ITG,ITG1,19,Sicilia,Sicilia,4999891,1037857,20.76,0.25
1947,2021-04-18,SIC,19723,9862,9861,15357,4366,ITG,ITG1,19,Sicilia,Sicilia,4999891,1057580,21.15,0.39
1948,2021-01-22,SIC,1254,634,620,243,1011,ITG,ITG1,19,Sicilia,Sicilia,4999891,1058834,21.18,0.03
1949,2021-01-08,SIC,8336,3868,4468,8336,0,ITG,ITG1,19,Sicilia,Sicilia,4999891,1067170,21.34,0.17
1950,2021-05-02,SIC,24655,11444,13211,18054,6601,ITG,ITG1,19,Sicilia,Sicilia,4999891,1091825,21.84,0.49
1951,2021-05-16,SIC,33110,16124,16986,21785,11325,ITG,ITG1,19,Sicilia,Sicilia,4999891,1124935,22.5,0.66
1952,2021-03-20,SIC,18811,9029,9782,13486,5325,ITG,ITG1,19,Sicilia,Sicilia,4999891,1143746,22.88,0.38
1953,2021-05-09,SIC,28133,13159,14974,19863,8270,ITG,ITG1,19,Sicilia,Sicilia,4999891,1171879,23.44,0.56
1954,2021-05-24,SIC,35601,17138,18463,15708,19893,ITG,ITG1,19,Sicilia,Sicilia,4999891,1207480,24.15,0.71
1955,2021-05-17,SIC,32097,15459,16638,19346,12751,ITG,ITG1,19,Sicilia,Sicilia,4999891,1239577,24.79,0.64
1956,2021-03-21,SIC,15207,7331,7876,11237,3970,ITG,ITG1,19,Sicilia,Sicilia,4999891,1254784,25.1,0.3
1957,2021-02-04,SIC,6933,3187,3746,1455,5478,ITG,ITG1,19,Sicilia,Sicilia,4999891,1261717,25.23,0.14
1958,2021-02-13,SIC,3097,1164,1933,2841,256,ITG,ITG1,19,Sicilia,Sicilia,4999891,1264814,25.3,0.06
1959,2021-02-06,SIC,5020,2193,2827,1464,3556,ITG,ITG1,19,Sicilia,Sicilia,4999891,1269834,25.4,0.1
1960,2021-01-01,SIC,816,437,379,816,0,ITG,ITG1,19,Sicilia,Sicilia,4999891,1270650,25.41,0.02
1961,2021-05-04,SIC,26845,12476,14369,17624,9221,ITG,ITG1,19,Sicilia,Sicilia,4999891,1297495,25.95,0.54
1962,2021-04-30,SIC,35230,16463,18767,24025,11205,ITG,ITG1,19,Sicilia,Sicilia,4999891,1332725,26.66,0.7
1963,2021-03-04,SIC,15183,6544,8639,10985,4198,ITG,ITG1,19,Sicilia,Sicilia,4999891,1347908,26.96,0.3
1964,2021-05-07,SIC,36669,17314,19355,25033,11636,ITG,ITG1,19,Sicilia,Sicilia,4999891,1384577,27.69,0.73
1965,2021-01-13,SIC,5269,2494,2775,5269,0,ITG,ITG1,19,Sicilia,Sicilia,4999891,1389846,27.8,0.11
1966,2021-03-18,SIC,15603,7784,7819,9865,5738,ITG,ITG1,19,Sicilia,Sicilia,4999891,1405449,28.11,0.31
1967,2021-01-17,SIC,1302,589,713,1245,57,ITG,ITG1,19,Sicilia,Sicilia,4999891,1406751,28.14,0.03
1968,2021-03-22,SIC,16818,7916,8902,11275,5543,ITG,ITG1,19,Sicilia,Sicilia,4999891,1423569,28.47,0.34
1969,2021-03-05,SIC,15873,6835,9038,11556,4317,ITG,ITG1,19,Sicilia,Sicilia,4999891,1439442,28.79,0.32
1970,2020-12-31,SIC,880,470,410,880,0,ITG,ITG1,19,Sicilia,Sicilia,4999891,1440322,28.81,0.02
1971,2021-02-16,SIC,4370,2282,2088,3905,465,ITG,ITG1,19,Sicilia,Sicilia,4999891,1444692,28.89,0.09
1972,2021-02-24,SIC,9561,4850,4711,8971,590,ITG,ITG1,19,Sicilia,Sicilia,4999891,1454253,29.09,0.19
1973,2021-04-29,SIC,31742,14804,16938,22333,9409,ITG,ITG1,19,Sicilia,Sicilia,4999891,1485995,29.72,0.63
1974,2021-05-08,SIC,35797,17095,18702,25472,10325,ITG,ITG1,19,Sicilia,Sicilia,4999891,1521792,30.44,0.72
1975,2021-01-26,SIC,9483,4668,4815,260,9223,ITG,ITG1,19,Sicilia,Sicilia,4999891,1531275,30.63,0.19
1976,2021-01-21,SIC,1395,683,712,500,895,ITG,ITG1,19,Sicilia,Sicilia,4999891,1532670,30.65,0.03
1977,2021-01-15,SIC,5091,2239,2852,5091,0,ITG,ITG1,19,Sicilia,Sicilia,4999891,1537761,30.76,0.1
1978,2020-12-29,SIC,241,150,91,241,0,ITG,ITG1,19,Sicilia,Sicilia,4999891,1538002,30.76,0.0
1979,2021-04-10,SIC,20663,10083,10580,11621,9042,ITG,ITG1,19,Sicilia,Sicilia,4999891,1558665,31.17,0.41
1980,2021-03-24,SIC,21146,9908,11238,15309,5837,ITG,ITG1,19,Sicilia,Sicilia,4999891,1579811,31.6,0.42
1981,2021-01-19,SIC,1307,542,765,1096,211,ITG,ITG1,19,Sicilia,Sicilia,4999891,1581118,31.62,0.03
1982,2021-03-03,SIC,14666,6525,8141,11577,3089,ITG,ITG1,19,Sicilia,Sicilia,4999891,1595784,31.92,0.29
1983,2021-05-01,SIC,24474,11326,13148,19316,5158,ITG,ITG1,19,Sicilia,Sicilia,4999891,1620258,32.41,0.49
1984,2021-05-10,SIC,28318,13597,14721,16190,12128,ITG,ITG1,19,Sicilia,Sicilia,4999891,1648576,32.97,0.57
1985,2021-03-08,SIC,13533,5824,7709,10727,2806,ITG,ITG1,19,Sicilia,Sicilia,4999891,1662109,33.24,0.27
1986,2021-05-11,SIC,32429,15425,17004,19887,12542,ITG,ITG1,19,Sicilia,Sicilia,4999891,1694538,33.89,0.65
1987,2021-02-17,SIC,5413,3278,2135,4745,668,ITG,ITG1,19,Sicilia,Sicilia,4999891,1699951,34.0,0.11
1988,2021-05-13,SIC,47381,22233,25148,30780,16601,ITG,ITG1,19,Sicilia,Sicilia,4999891,1747332,34.95,0.95
1989,2021-01-31,SIC,4109,1959,2150,113,3996,ITG,ITG1,19,Sicilia,Sicilia,4999891,1751441,35.03,0.08
1990,2021-02-02,SIC,5534,2620,2914,629,4905,ITG,ITG1,19,Sicilia,Sicilia,4999891,1756975,35.14,0.11
1991,2021-05-18,SIC,36144,17310,18834,23566,12578,ITG,ITG1,19,Sicilia,Sicilia,4999891,1793119,35.86,0.72
1992,2021-03-29,SIC,15111,7059,8052,10509,4602,ITG,ITG1,19,Sicilia,Sicilia,4999891,1808230,36.17,0.3
1993,2021-06-01,SIC,38627,17474,21153,24935,13692,ITG,ITG1,19,Sicilia,Sicilia,4999891,1846857,36.94,0.77
1994,2021-04-05,SIC,8023,3958,4065,6583,1440,ITG,ITG1,19,Sicilia,Sicilia,4999891,1854880,37.1,0.16
1995,2021-02-14,SIC,1058,403,655,918,140,ITG,ITG1,19,Sicilia,Sicilia,4999891,1855938,37.12,0.02
1996,2021-01-02,SIC,4889,2541,2348,4889,0,ITG,ITG1,19,Sicilia,Sicilia,4999891,1860827,37.22,0.1
1997,2021-05-30,SIC,35764,16167,19597,17722,18042,ITG,ITG1,19,Sicilia,Sicilia,4999891,1896591,37.93,0.72
1998,2021-02-19,SIC,5130,2732,2398,4564,566,ITG,ITG1,19,Sicilia,Sicilia,4999891,1901721,38.04,0.1
1999,2021-04-24,SIC,31339,14798,16541,23599,7740,ITG,ITG1,19,Sicilia,Sicilia,4999891,1933060,38.66,0.63
2000,2021-01-14,SIC,5263,2521,2742,5263,0,ITG,ITG1,19,Sicilia,Sicilia,4999891,1938323,38.77,0.11
2001,2021-04-26,SIC,21907,10369,11538,13769,8138,ITG,ITG1,19,Sicilia,Sicilia,4999891,1960230,39.21,0.44
2002,2021-03-17,SIC,15170,7462,7708,9258,5912,ITG,ITG1,19,Sicilia,Sicilia,4999891,1975400,39.51,0.3
2003,2021-05-06,SIC,29237,13884,15353,18496,10741,ITG,ITG1,19,Sicilia,Sicilia,4999891,2004637,40.09,0.58
2004,2021-03-31,SIC,14606,6751,7855,9577,5029,ITG,ITG1,19,Sicilia,Sicilia,4999891,2019243,40.39,0.29
2005,2021-05-20,SIC,43541,20785,22756,27662,15879,ITG,ITG1,19,Sicilia,Sicilia,4999891,2062784,41.26,0.87
2006,2021-02-09,SIC,4411,1823,2588,3356,1055,ITG,ITG1,19,Sicilia,Sicilia,4999891,2067195,41.34,0.09
2007,2021-03-15,SIC,10816,4713,6103,5751,5065,ITG,ITG1,19,Sicilia,Sicilia,4999891,2078011,41.56,0.22
2008,2021-01-24,SIC,4307,2251,2056,140,4167,ITG,ITG1,19,Sicilia,Sicilia,4999891,2082318,41.65,0.09
2009,2021-04-19,SIC,18471,8735,9736,12764,5707,ITG,ITG1,19,Sicilia,Sicilia,4999891,2100789,42.02,0.37
2010,2021-05-22,SIC,48094,22841,25253,28672,19422,ITG,ITG1,19,Sicilia,Sicilia,4999891,2148883,42.98,0.96
2011,2021-02-15,SIC,3926,1817,2109,3361,565,ITG,ITG1,19,Sicilia,Sicilia,4999891,2152809,43.06,0.08
2012,2021-01-03,SIC,4706,2462,2244,4706,0,ITG,ITG1,19,Sicilia,Sicilia,4999891,2157515,43.15,0.09
2013,2021-01-10,SIC,3622,1616,2006,3622,0,ITG,ITG1,19,Sicilia,Sicilia,4999891,2161137,43.22,0.07
2014,2021-04-15,SIC,21353,10382,10971,11796,9557,ITG,ITG1,19,Sicilia,Sicilia,4999891,2182490,43.65,0.43
2015,2021-04-22,SIC,27149,12814,14335,20559,6590,ITG,ITG1,19,Sicilia,Sicilia,4999891,2209639,44.19,0.54
2016,2021-01-05,SIC,10540,5163,5377,10540,0,ITG,ITG1,19,Sicilia,Sicilia,4999891,2220179,44.4,0.21
2017,2021-03-10,SIC,13933,5954,7979,11548,2385,ITG,ITG1,19,Sicilia,Sicilia,4999891,2234112,44.68,0.28
2018,2021-01-12,SIC,4548,2237,2311,4548,0,ITG,ITG1,19,Sicilia,Sicilia,4999891,2238660,44.77,0.09
2019,2021-03-13,SIC,12423,5480,6943,7840,4583,ITG,ITG1,19,Sicilia,Sicilia,4999891,2251083,45.02,0.25
2020,2021-04-17,SIC,26191,13227,12964,19039,7152,ITG,ITG1,19,Sicilia,Sicilia,4999891,2277274,45.55,0.52
2021,2021-02-26,SIC,12206,5965,6241,10522,1684,ITG,ITG1,19,Sicilia,Sicilia,4999891,2289480,45.79,0.24
2022,2021-01-07,SIC,9190,4250,4940,9190,0,ITG,ITG1,19,Sicilia,Sicilia,4999891,2298670,45.97,0.18
2023,2021-05-27,SIC,47484,21678,25806,25031,22453,ITG,ITG1,19,Sicilia,Sicilia,4999891,2346154,46.92,0.95
2024,2021-04-14,SIC,20286,9797,10489,11502,8784,ITG,ITG1,19,Sicilia,Sicilia,4999891,2366440,47.33,0.41
2025,2021-02-28,SIC,7165,3063,4102,6535,630,ITG,ITG1,19,Sicilia,Sicilia,4999891,2373605,47.47,0.14
2026,2021-01-09,SIC,7330,3426,3904,7330,0,ITG,ITG1,19,Sicilia,Sicilia,4999891,2380935,47.62,0.15
2027,2021-05-03,SIC,23458,10819,12639,13574,9884,ITG,ITG1,19,Sicilia,Sicilia,4999891,2404393,48.09,0.47
2028,2021-02-07,SIC,2339,992,1347,674,1665,ITG,ITG1,19,Sicilia,Sicilia,4999891,2406732,48.14,0.05
2029,2021-05-25,SIC,33286,15072,18214,14110,19176,ITG,ITG1,19,Sicilia,Sicilia,4999891,2440018,48.8,0.67
2030,2021-04-12,SIC,18954,9203,9751,11614,7340,ITG,ITG1,19,Sicilia,Sicilia,4999891,2458972,49.18,0.38
2031,2021-02-21,SIC,5168,2501,2667,5062,106,ITG,ITG1,19,Sicilia,Sicilia,4999891,2464140,49.28,0.1
2032,2021-02-05,SIC,7104,3159,3945,2128,4976,ITG,ITG1,19,Sicilia,Sicilia,4999891,2471244,49.43,0.14
2033,2021-04-03,SIC,16351,7780,8571,13515,2836,ITG,ITG1,19,Sicilia,Sicilia,4999891,2487595,49.75,0.33
2034,2021-03-27,SIC,15752,7437,8315,10839,4913,ITG,ITG1,19,Sicilia,Sicilia,4999891,2503347,50.07,0.32
2035,2021-01-29,SIC,9356,4318,5038,425,8931,ITG,ITG1,19,Sicilia,Sicilia,4999891,2512703,50.26,0.19
2036,2021-05-23,SIC,34135,16612,17523,20109,14026,ITG,ITG1,19,Sicilia,Sicilia,4999891,2546838,50.94,0.68
2037,2021-02-12,SIC,4674,1847,2827,4406,268,ITG,ITG1,19,Sicilia,Sicilia,4999891,2551512,51.03,0.09
2038,2021-03-12,SIC,13102,5604,7498,10886,2216,ITG,ITG1,19,Sicilia,Sicilia,4999891,2564614,51.29,0.26
2039,2021-05-15,SIC,57075,26664,30411,41705,15370,ITG,ITG1,19,Sicilia,Sicilia,4999891,2621689,52.43,1.14
2040,2021-03-19,SIC,16516,8113,8403,10785,5731,ITG,ITG1,19,Sicilia,Sicilia,4999891,2638205,52.77,0.33
2041,2021-05-29,SIC,47339,21500,25839,24055,23284,ITG,ITG1,19,Sicilia,Sicilia,4999891,2685544,53.71,0.95
2042,2021-03-26,SIC,18036,8377,9659,12505,5531,ITG,ITG1,19,Sicilia,Sicilia,4999891,2703580,54.07,0.36
2043,2021-03-07,SIC,9262,3454,5808,8179,1083,ITG,ITG1,19,Sicilia,Sicilia,4999891,2712842,54.26,0.19
2044,2021-01-28,SIC,9320,4398,4922,398,8922,ITG,ITG1,19,Sicilia,Sicilia,4999891,2722162,54.44,0.19
2045,2021-04-21,SIC,22680,10882,11798,16452,6228,ITG,ITG1,19,Sicilia,Sicilia,4999891,2744842,54.9,0.45
2046,2021-04-07,SIC,15538,7637,7901,8373,7165,ITG,ITG1,19,Sicilia,Sicilia,4999891,2760380,55.21,0.31
2047,2021-06-03,SIC,45656,20889,24767,34134,11522,ITG,ITG1,19,Sicilia,Sicilia,4999891,2806036,56.12,0.91
2048,2021-05-18,PAB,3303,1727,1576,2139,1164,ITH,ITH1,4,Provincia Autonoma Bolzano / Bozen,P.A. Bolzano,533050,3303,0.62,0.62
2049,2021-03-29,PAB,1171,499,672,412,759,ITH,ITH1,4,Provincia Autonoma Bolzano / Bozen,P.A. Bolzano,533050,4474,0.84,0.22
2050,2021-05-01,PAB,2104,1067,1037,1944,160,ITH,ITH1,4,Provincia Autonoma Bolzano / Bozen,P.A. Bolzano,533050,6578,1.23,0.39
2051,2021-03-12,PAB,1664,734,930,1251,413,ITH,ITH1,4,Provincia Autonoma Bolzano / Bozen,P.A. Bolzano,533050,8242,1.55,0.31
2052,2021-03-03,PAB,1179,393,786,1166,13,ITH,ITH1,4,Provincia Autonoma Bolzano / Bozen,P.A. Bolzano,533050,9421,1.77,0.22
2053,2021-05-27,PAB,6049,3178,2871,4045,2004,ITH,ITH1,4,Provincia Autonoma Bolzano / Bozen,P.A. Bolzano,533050,15470,2.9,1.13
2054,2021-02-14,PAB,297,130,167,297,0,ITH,ITH1,4,Provincia Autonoma Bolzano / Bozen,P.A. Bolzano,533050,15767,2.96,0.06
2055,2021-01-28,PAB,871,308,563,10,861,ITH,ITH1,4,Provincia Autonoma Bolzano / Bozen,P.A. Bolzano,533050,16638,3.12,0.16
2056,2021-05-10,PAB,3018,1300,1718,1413,1605,ITH,ITH1,4,Provincia Autonoma Bolzano / Bozen,P.A. Bolzano,533050,19656,3.69,0.57
2057,2021-04-10,PAB,5391,2664,2727,4803,588,ITH,ITH1,4,Provincia Autonoma Bolzano / Bozen,P.A. Bolzano,533050,25047,4.7,1.01
2058,2021-04-19,PAB,1871,858,1013,1689,182,ITH,ITH1,4,Provincia Autonoma Bolzano / Bozen,P.A. Bolzano,533050,26918,5.05,0.35
2059,2021-01-07,PAB,917,327,590,917,0,ITH,ITH1,4,Provincia Autonoma Bolzano / Bozen,P.A. Bolzano,533050,27835,5.22,0.17
2060,2021-03-07,PAB,114,13,101,9,105,ITH,ITH1,4,Provincia Autonoma Bolzano / Bozen,P.A. Bolzano,533050,27949,5.24,0.02
2061,2021-01-02,PAB,91,48,43,91,0,ITH,ITH1,4,Provincia Autonoma Bolzano / Bozen,P.A. Bolzano,533050,28040,5.26,0.02
2062,2021-03-22,PAB,1133,514,619,1129,4,ITH,ITH1,4,Provincia Autonoma Bolzano / Bozen,P.A. Bolzano,533050,29173,5.47,0.21
2063,2021-05-25,PAB,3809,1968,1841,2935,874,ITH,ITH1,4,Provincia Autonoma Bolzano / Bozen,P.A. Bolzano,533050,32982,6.19,0.71
2064,2021-03-05,PAB,1839,625,1214,1397,442,ITH,ITH1,4,Provincia Autonoma Bolzano / Bozen,P.A. Bolzano,533050,34821,6.53,0.34
2065,2021-05-08,PAB,4426,2381,2045,3762,664,ITH,ITH1,4,Provincia Autonoma Bolzano / Bozen,P.A. Bolzano,533050,39247,7.36,0.83
2066,2021-02-16,PAB,530,205,325,530,0,ITH,ITH1,4,Provincia Autonoma Bolzano / Bozen,P.A. Bolzano,533050,39777,7.46,0.1
2067,2021-02-12,PAB,730,217,513,482,248,ITH,ITH1,4,Provincia Autonoma Bolzano / Bozen,P.A. Bolzano,533050,40507,7.6,0.14
2068,2021-04-17,PAB,5232,2598,2634,5188,44,ITH,ITH1,4,Provincia Autonoma Bolzano / Bozen,P.A. Bolzano,533050,45739,8.58,0.98
2069,2020-12-31,PAB,912,518,394,912,0,ITH,ITH1,4,Provincia Autonoma Bolzano / Bozen,P.A. Bolzano,533050,46651,8.75,0.17
2070,2021-04-12,PAB,2105,946,1159,2098,7,ITH,ITH1,4,Provincia Autonoma Bolzano / Bozen,P.A. Bolzano,533050,48756,9.15,0.39
2071,2021-01-09,PAB,612,326,286,612,0,ITH,ITH1,4,Provincia Autonoma Bolzano / Bozen,P.A. Bolzano,533050,49368,9.26,0.11
2072,2021-04-21,PAB,3012,1468,1544,2164,848,ITH,ITH1,4,Provincia Autonoma Bolzano / Bozen,P.A. Bolzano,533050,52380,9.83,0.57
2073,2021-01-12,PAB,1709,459,1250,1709,0,ITH,ITH1,4,Provincia Autonoma Bolzano / Bozen,P.A. Bolzano,533050,54089,10.15,0.32
2074,2021-04-07,PAB,1777,802,975,1238,539,ITH,ITH1,4,Provincia Autonoma Bolzano / Bozen,P.A. Bolzano,533050,55866,10.48,0.33
2075,2021-03-02,PAB,695,200,495,693,2,ITH,ITH1,4,Provincia Autonoma Bolzano / Bozen,P.A. Bolzano,533050,56561,10.61,0.13
2076,2021-03-26,PAB,1645,722,923,512,1133,ITH,ITH1,4,Provincia Autonoma Bolzano / Bozen,P.A. Bolzano,533050,58206,10.92,0.31
2077,2021-02-04,PAB,1958,593,1365,8,1950,ITH,ITH1,4,Provincia Autonoma Bolzano / Bozen,P.A. Bolzano,533050,60164,11.29,0.37
2078,2021-05-29,PAB,7130,3766,3364,3994,3136,ITH,ITH1,4,Provincia Autonoma Bolzano / Bozen,P.A. Bolzano,533050,67294,12.62,1.34
2079,2021-04-09,PAB,2926,1292,1634,2196,730,ITH,ITH1,4,Provincia Autonoma Bolzano / Bozen,P.A. Bolzano,533050,70220,13.17,0.55
2080,2021-02-11,PAB,1093,431,662,239,854,ITH,ITH1,4,Provincia Autonoma Bolzano / Bozen,P.A. Bolzano,533050,71313,13.38,0.21
2081,2021-01-05,PAB,830,286,544,830,0,ITH,ITH1,4,Provincia Autonoma Bolzano / Bozen,P.A. Bolzano,533050,72143,13.53,0.16
2082,2021-05-20,PAB,4696,2314,2382,3240,1456,ITH,ITH1,4,Provincia Autonoma Bolzano / Bozen,P.A. Bolzano,533050,76839,14.41,0.88
2083,2021-03-31,PAB,1832,694,1138,821,1011,ITH,ITH1,4,Provincia Autonoma Bolzano / Bozen,P.A. Bolzano,533050,78671,14.76,0.34
2084,2021-06-03,PAB,4675,2530,2145,3760,915,ITH,ITH1,4,Provincia Autonoma Bolzano / Bozen,P.A. Bolzano,533050,83346,15.64,0.88
2085,2021-04-14,PAB,3593,1645,1948,3502,91,ITH,ITH1,4,Provincia Autonoma Bolzano / Bozen,P.A. Bolzano,533050,86939,16.31,0.67
2086,2021-02-23,PAB,769,324,445,763,6,ITH,ITH1,4,Provincia Autonoma Bolzano / Bozen,P.A. Bolzano,533050,87708,16.45,0.14
2087,2021-01-04,PAB,508,201,307,508,0,ITH,ITH1,4,Provincia Autonoma Bolzano / Bozen,P.A. Bolzano,533050,88216,16.55,0.1
2088,2021-04-24,PAB,5104,2449,2655,4619,485,ITH,ITH1,4,Provincia Autonoma Bolzano / Bozen,P.A. Bolzano,533050,93320,17.51,0.96
2089,2021-04-05,PAB,301,144,157,23,278,ITH,ITH1,4,Provincia Autonoma Bolzano / Bozen,P.A. Bolzano,533050,93621,17.56,0.06
2090,2021-01-14,PAB,1946,575,1371,1946,0,ITH,ITH1,4,Provincia Autonoma Bolzano / Bozen,P.A. Bolzano,533050,95567,17.93,0.37
2091,2021-03-19,PAB,1906,773,1133,799,1107,ITH,ITH1,4,Provincia Autonoma Bolzano / Bozen,P.A. Bolzano,533050,97473,18.29,0.36
2092,2021-03-21,PAB,768,285,483,14,754,ITH,ITH1,4,Provincia Autonoma Bolzano / Bozen,P.A. Bolzano,533050,98241,18.43,0.14
2093,2021-04-28,PAB,2464,1302,1162,2459,5,ITH,ITH1,4,Provincia Autonoma Bolzano / Bozen,P.A. Bolzano,533050,100705,18.89,0.46
2094,2021-02-07,PAB,2361,1057,1304,14,2347,ITH,ITH1,4,Provincia Autonoma Bolzano / Bozen,P.A. Bolzano,533050,103066,19.34,0.44
2095,2021-01-21,PAB,953,442,511,139,814,ITH,ITH1,4,Provincia Autonoma Bolzano / Bozen,P.A. Bolzano,533050,104019,19.51,0.18
2096,2021-03-10,PAB,1262,524,738,1119,143,ITH,ITH1,4,Provincia Autonoma Bolzano / Bozen,P.A. Bolzano,533050,105281,19.75,0.24
2097,2021-05-06,PAB,5181,2747,2434,2612,2569,ITH,ITH1,4,Provincia Autonoma Bolzano / Bozen,P.A. Bolzano,533050,110462,20.72,0.97
2098,2021-04-29,PAB,2630,1351,1279,1936,694,ITH,ITH1,4,Provincia Autonoma Bolzano / Bozen,P.A. Bolzano,533050,113092,21.22,0.49
2099,2021-01-26,PAB,810,291,519,1,809,ITH,ITH1,4,Provincia Autonoma Bolzano / Bozen,P.A. Bolzano,533050,113902,21.37,0.15
2100,2021-03-24,PAB,2041,978,1063,2028,13,ITH,ITH1,4,Provincia Autonoma Bolzano / Bozen,P.A. Bolzano,533050,115943,21.75,0.38
2101,2021-03-17,PAB,581,213,368,580,1,ITH,ITH1,4,Provincia Autonoma Bolzano / Bozen,P.A. Bolzano,533050,116524,21.86,0.11
2102,2021-05-13,PAB,2989,1352,1637,1059,1930,ITH,ITH1,4,Provincia Autonoma Bolzano / Bozen,P.A. Bolzano,533050,119513,22.42,0.56
2103,2021-01-19,PAB,853,371,482,723,130,ITH,ITH1,4,Provincia Autonoma Bolzano / Bozen,P.A. Bolzano,533050,120366,22.58,0.16
2104,2021-02-09,PAB,317,126,191,1,316,ITH,ITH1,4,Provincia Autonoma Bolzano / Bozen,P.A. Bolzano,533050,120683,22.64,0.06
2105,2021-02-02,PAB,1745,506,1239,8,1737,ITH,ITH1,4,Provincia Autonoma Bolzano / Bozen,P.A. Bolzano,533050,122428,22.97,0.33
2106,2021-05-03,PAB,1830,847,983,417,1413,ITH,ITH1,4,Provincia Autonoma Bolzano / Bozen,P.A. Bolzano,533050,124258,23.31,0.34
2107,2021-01-23,PAB,197,117,80,0,197,ITH,ITH1,4,Provincia Autonoma Bolzano / Bozen,P.A. Bolzano,533050,124455,23.35,0.04
2108,2021-05-17,PAB,3124,1506,1618,2440,684,ITH,ITH1,4,Provincia Autonoma Bolzano / Bozen,P.A. Bolzano,533050,127579,23.93,0.59
2109,2021-03-14,PAB,758,336,422,25,733,ITH,ITH1,4,Provincia Autonoma Bolzano / Bozen,P.A. Bolzano,533050,128337,24.08,0.14
2110,2021-02-19,PAB,2252,512,1740,2241,11,ITH,ITH1,4,Provincia Autonoma Bolzano / Bozen,P.A. Bolzano,533050,130589,24.5,0.42
2111,2021-02-26,PAB,1526,551,975,1496,30,ITH,ITH1,4,Provincia Autonoma Bolzano / Bozen,P.A. Bolzano,533050,132115,24.78,0.29
2112,2021-06-01,PAB,3467,2247,1220,2043,1424,ITH,ITH1,4,Provincia Autonoma Bolzano / Bozen,P.A. Bolzano,533050,135582,25.44,0.65
2113,2021-04-26,PAB,1543,771,772,1538,5,ITH,ITH1,4,Provincia Autonoma Bolzano / Bozen,P.A. Bolzano,533050,137125,25.72,0.29
2114,2021-01-16,PAB,2840,1265,1575,2840,0,ITH,ITH1,4,Provincia Autonoma Bolzano / Bozen,P.A. Bolzano,533050,139965,26.26,0.53
2115,2021-06-05,PAB,4876,2424,2452,3797,1079,ITH,ITH1,4,Provincia Autonoma Bolzano / Bozen,P.A. Bolzano,533050,144841,27.17,0.91
2116,2021-01-06,PAB,59,18,41,59,0,ITH,ITH1,4,Provincia Autonoma Bolzano / Bozen,P.A. Bolzano,533050,144900,27.18,0.01
2117,2021-05-19,PAB,3575,1820,1755,1812,1763,ITH,ITH1,4,Provincia Autonoma Bolzano / Bozen,P.A. Bolzano,533050,148475,27.85,0.67
2118,2021-01-20,PAB,617,252,365,409,208,ITH,ITH1,4,Provincia Autonoma Bolzano / Bozen,P.A. Bolzano,533050,149092,27.97,0.12
2119,2021-03-11,PAB,1681,823,858,1143,538,ITH,ITH1,4,Provincia Autonoma Bolzano / Bozen,P.A. Bolzano,533050,150773,28.28,0.32
2120,2021-02-22,PAB,526,143,383,514,12,ITH,ITH1,4,Provincia Autonoma Bolzano / Bozen,P.A. Bolzano,533050,151299,28.38,0.1
2121,2021-01-03,PAB,41,16,25,41,0,ITH,ITH1,4,Provincia Autonoma Bolzano / Bozen,P.A. Bolzano,533050,151340,28.39,0.01
2122,2021-01-24,PAB,12,10,2,0,12,ITH,ITH1,4,Provincia Autonoma Bolzano / Bozen,P.A. Bolzano,533050,151352,28.39,0.0
2123,2021-05-15,PAB,6996,3684,3312,6701,295,ITH,ITH1,4,Provincia Autonoma Bolzano / Bozen,P.A. Bolzano,533050,158348,29.71,1.31
2124,2021-05-22,PAB,6821,3552,3269,4654,2167,ITH,ITH1,4,Provincia Autonoma Bolzano / Bozen,P.A. Bolzano,533050,165169,30.99,1.28
2125,2021-04-02,PAB,2077,837,1240,720,1357,ITH,ITH1,4,Provincia Autonoma Bolzano / Bozen,P.A. Bolzano,533050,167246,31.38,0.39
2126,2021-04-23,PAB,4542,2151,2391,3251,1291,ITH,ITH1,4,Provincia Autonoma Bolzano / Bozen,P.A. Bolzano,533050,171788,32.23,0.85
2127,2021-01-11,PAB,1570,513,1057,1570,0,ITH,ITH1,4,Provincia Autonoma Bolzano / Bozen,P.A. Bolzano,533050,173358,32.52,0.29
2128,2021-04-06,PAB,2249,1117,1132,2146,103,ITH,ITH1,4,Provincia Autonoma Bolzano / Bozen,P.A. Bolzano,533050,175607,32.94,0.42
2129,2021-03-16,PAB,1290,532,758,124,1166,ITH,ITH1,4,Provincia Autonoma Bolzano / Bozen,P.A. Bolzano,533050,176897,33.19,0.24
2130,2021-05-14,PAB,5102,2297,2805,3086,2016,ITH,ITH1,4,Provincia Autonoma Bolzano / Bozen,P.A. Bolzano,533050,181999,34.14,0.96
2131,2021-02-01,PAB,1452,440,1012,12,1440,ITH,ITH1,4,Provincia Autonoma Bolzano / Bozen,P.A. Bolzano,533050,183451,34.42,0.27
2132,2021-05-23,PAB,4332,2302,2030,4324,8,ITH,ITH1,4,Provincia Autonoma Bolzano / Bozen,P.A. Bolzano,533050,187783,35.23,0.81
2133,2021-02-10,PAB,1635,604,1031,26,1609,ITH,ITH1,4,Provincia Autonoma Bolzano / Bozen,P.A. Bolzano,533050,189418,35.53,0.31
2134,2021-01-30,PAB,498,245,253,4,494,ITH,ITH1,4,Provincia Autonoma Bolzano / Bozen,P.A. Bolzano,533050,189916,35.63,0.09
2135,2021-04-25,PAB,3072,1497,1575,2401,671,ITH,ITH1,4,Provincia Autonoma Bolzano / Bozen,P.A. Bolzano,533050,192988,36.2,0.58
2136,2021-01-13,PAB,1691,557,1134,1691,0,ITH,ITH1,4,Provincia Autonoma Bolzano / Bozen,P.A. Bolzano,533050,194679,36.52,0.32
2137,2021-04-08,PAB,2754,1336,1418,2551,203,ITH,ITH1,4,Provincia Autonoma Bolzano / Bozen,P.A. Bolzano,533050,197433,37.04,0.52
2138,2020-12-27,PAB,144,65,79,144,0,ITH,ITH1,4,Provincia Autonoma Bolzano / Bozen,P.A. Bolzano,533050,197577,37.07,0.03
2139,2021-05-12,PAB,3790,2058,1732,3637,153,ITH,ITH1,4,Provincia Autonoma Bolzano / Bozen,P.A. Bolzano,533050,201367,37.78,0.71
2140,2021-03-09,PAB,1194,543,651,1192,2,ITH,ITH1,4,Provincia Autonoma Bolzano / Bozen,P.A. Bolzano,533050,202561,38.0,0.22
2141,2021-03-18,PAB,1302,531,771,226,1076,ITH,ITH1,4,Provincia Autonoma Bolzano / Bozen,P.A. Bolzano,533050,203863,38.24,0.24
2142,2021-02-03,PAB,1503,478,1025,5,1498,ITH,ITH1,4,Provincia Autonoma Bolzano / Bozen,P.A. Bolzano,533050,205366,38.53,0.28
2143,2021-05-21,PAB,6844,3738,3106,5066,1778,ITH,ITH1,4,Provincia Autonoma Bolzano / Bozen,P.A. Bolzano,533050,212210,39.81,1.28
2144,2021-05-16,PAB,2024,931,1093,1330,694,ITH,ITH1,4,Provincia Autonoma Bolzano / Bozen,P.A. Bolzano,533050,214234,40.19,0.38
2145,2021-03-04,PAB,1714,1004,710,1485,229,ITH,ITH1,4,Provincia Autonoma Bolzano / Bozen,P.A. Bolzano,533050,215948,40.51,0.32
2146,2021-05-26,PAB,4831,2434,2397,2879,1952,ITH,ITH1,4,Provincia Autonoma Bolzano / Bozen,P.A. Bolzano,533050,220779,41.42,0.91
2147,2021-02-15,PAB,72,42,30,26,46,ITH,ITH1,4,Provincia Autonoma Bolzano / Bozen,P.A. Bolzano,533050,220851,41.43,0.01
2148,2021-05-28,PAB,5625,2854,2771,3776,1849,ITH,ITH1,4,Provincia Autonoma Bolzano / Bozen,P.A. Bolzano,533050,226476,42.49,1.06
2149,2021-04-22,PAB,2923,1500,1423,1981,942,ITH,ITH1,4,Provincia Autonoma Bolzano / Bozen,P.A. Bolzano,533050,229399,43.04,0.55
2150,2021-04-20,PAB,1560,783,777,1559,1,ITH,ITH1,4,Provincia Autonoma Bolzano / Bozen,P.A. Bolzano,533050,230959,43.33,0.29
2151,2021-03-01,PAB,922,221,701,921,1,ITH,ITH1,4,Provincia Autonoma Bolzano / Bozen,P.A. Bolzano,533050,231881,43.5,0.17
2152,2021-01-17,PAB,2328,1044,1284,2317,11,ITH,ITH1,4,Provincia Autonoma Bolzano / Bozen,P.A. Bolzano,533050,234209,43.94,0.44
2153,2021-05-09,PAB,4234,2405,1829,3081,1153,ITH,ITH1,4,Provincia Autonoma Bolzano / Bozen,P.A. Bolzano,533050,238443,44.73,0.79
2154,2021-03-06,PAB,3973,2081,1892,3762,211,ITH,ITH1,4,Provincia Autonoma Bolzano / Bozen,P.A. Bolzano,533050,242416,45.48,0.75
2155,2021-05-11,PAB,2842,1334,1508,1320,1522,ITH,ITH1,4,Provincia Autonoma Bolzano / Bozen,P.A. Bolzano,533050,245258,46.01,0.53
2156,2021-06-04,PAB,6341,3159,3182,4835,1506,ITH,ITH1,4,Provincia Autonoma Bolzano / Bozen,P.A. Bolzano,533050,251599,47.2,1.19
2157,2021-02-24,PAB,1367,406,961,1355,12,ITH,ITH1,4,Provincia Autonoma Bolzano / Bozen,P.A. Bolzano,533050,252966,47.46,0.26
2158,2021-04-30,PAB,3337,1592,1745,1562,1775,ITH,ITH1,4,Provincia Autonoma Bolzano / Bozen,P.A. Bolzano,533050,256303,48.08,0.63
2159,2021-04-16,PAB,2949,1418,1531,2438,511,ITH,ITH1,4,Provincia Autonoma Bolzano / Bozen,P.A. Bolzano,533050,259252,48.64,0.55
2160,2021-02-25,PAB,1498,549,949,1497,1,ITH,ITH1,4,Provincia Autonoma Bolzano / Bozen,P.A. Bolzano,533050,260750,48.92,0.28
2161,2021-03-30,PAB,1298,532,766,218,1080,ITH,ITH1,4,Provincia Autonoma Bolzano / Bozen,P.A. Bolzano,533050,262048,49.16,0.24
2162,2021-06-02,PAB,1442,809,633,987,455,ITH,ITH1,4,Provincia Autonoma Bolzano / Bozen,P.A. Bolzano,533050,263490,49.43,0.27
2163,2021-02-08,PAB,2,1,1,1,1,ITH,ITH1,4,Provincia Autonoma Bolzano / Bozen,P.A. Bolzano,533050,263492,49.43,0.0
2164,2021-04-13,PAB,2391,1130,1261,2384,7,ITH,ITH1,4,Provincia Autonoma Bolzano / Bozen,P.A. Bolzano,533050,265883,49.88,0.45
2165,2021-01-18,PAB,1772,687,1085,1767,5,ITH,ITH1,4,Provincia Autonoma Bolzano / Bozen,P.A. Bolzano,533050,267655,50.21,0.33
2166,2021-05-05,PAB,4154,1945,2209,2038,2116,ITH,ITH1,4,Provincia Autonoma Bolzano / Bozen,P.A. Bolzano,533050,271809,50.99,0.78
2167,2021-01-25,PAB,487,183,304,3,484,ITH,ITH1,4,Provincia Autonoma Bolzano / Bozen,P.A. Bolzano,533050,272296,51.08,0.09
2168,2021-03-23,PAB,1552,759,793,1551,1,ITH,ITH1,4,Provincia Autonoma Bolzano / Bozen,P.A. Bolzano,533050,273848,51.37,0.29
2169,2021-05-07,PAB,4182,2055,2127,3664,518,ITH,ITH1,4,Provincia Autonoma Bolzano / Bozen,P.A. Bolzano,533050,278030,52.16,0.78
2170,2021-04-01,PAB,2786,1407,1379,2642,144,ITH,ITH1,4,Provincia Autonoma Bolzano / Bozen,P.A. Bolzano,533050,280816,52.68,0.52
2171,2021-03-25,PAB,2141,1059,1082,1698,443,ITH,ITH1,4,Provincia Autonoma Bolzano / Bozen,P.A. Bolzano,533050,282957,53.08,0.4
2172,2021-01-27,PAB,84,28,56,1,83,ITH,ITH1,4,Provincia Autonoma Bolzano / Bozen,P.A. Bolzano,533050,283041,53.1,0.02
2173,2021-02-06,PAB,2626,1171,1455,19,2607,ITH,ITH1,4,Provincia Autonoma Bolzano / Bozen,P.A. Bolzano,533050,285667,53.59,0.49
2174,2021-03-28,PAB,569,212,357,11,558,ITH,ITH1,4,Provincia Autonoma Bolzano / Bozen,P.A. Bolzano,533050,286236,53.7,0.11
2175,2021-03-13,PAB,2885,1459,1426,2784,101,ITH,ITH1,4,Provincia Autonoma Bolzano / Bozen,P.A. Bolzano,533050,289121,54.24,0.54
2176,2021-05-02,PAB,2457,1288,1169,1536,921,ITH,ITH1,4,Provincia Autonoma Bolzano / Bozen,P.A. Bolzano,533050,291578,54.7,0.46
2177,2021-02-18,PAB,1839,457,1382,1832,7,ITH,ITH1,4,Provincia Autonoma Bolzano / Bozen,P.A. Bolzano,533050,293417,55.04,0.34
2178,2020-12-30,PAB,388,182,206,388,0,ITH,ITH1,4,Provincia Autonoma Bolzano / Bozen,P.A. Bolzano,533050,293805,55.12,0.07
2179,2021-04-27,PAB,2226,1013,1213,1150,1076,ITH,ITH1,4,Provincia Autonoma Bolzano / Bozen,P.A. Bolzano,533050,296031,55.54,0.42
2180,2021-03-15,PAB,1192,451,741,710,482,ITH,ITH1,4,Provincia Autonoma Bolzano / Bozen,P.A. Bolzano,533050,297223,55.76,0.22
2181,2021-05-31,PAB,2987,1464,1523,2120,867,ITH,ITH1,4,Provincia Autonoma Bolzano / Bozen,P.A. Bolzano,533050,300210,56.32,0.56
2182,2021-02-13,PAB,318,79,239,312,6,ITH,ITH1,4,Provincia Autonoma Bolzano / Bozen,P.A. Bolzano,533050,300528,56.38,0.06
2183,2021-04-11,PAB,2720,1291,1429,2543,177,ITH,ITH1,4,Provincia Autonoma Bolzano / Bozen,P.A. Bolzano,533050,303248,56.89,0.51
2184,2021-05-24,PAB,1442,761,681,1109,333,ITH,ITH1,4,Provincia Autonoma Bolzano / Bozen,P.A. Bolzano,533050,304690,57.16,0.27
2185,2021-01-01,PAB,6,5,1,6,0,ITH,ITH1,4,Provincia Autonoma Bolzano / Bozen,P.A. Bolzano,533050,304696,57.16,0.0
2186,2021-02-27,PAB,2458,759,1699,2448,10,ITH,ITH1,4,Provincia Autonoma Bolzano / Bozen,P.A. Bolzano,533050,307154,57.62,0.46
2187,2021-02-20,PAB,1802,540,1262,1784,18,ITH,ITH1,4,Provincia Autonoma Bolzano / Bozen,P.A. Bolzano,533050,308956,57.96,0.34
2188,2021-04-18,PAB,3110,1607,1503,2100,1010,ITH,ITH1,4,Provincia Autonoma Bolzano / Bozen,P.A. Bolzano,533050,312066,58.54,0.58
2189,2021-01-15,PAB,3282,1228,2054,3282,0,ITH,ITH1,4,Provincia Autonoma Bolzano / Bozen,P.A. Bolzano,533050,315348,59.16,0.62
2190,2021-01-08,PAB,1521,479,1042,1521,0,ITH,ITH1,4,Provincia Autonoma Bolzano / Bozen,P.A. Bolzano,533050,316869,59.44,0.29
2191,2021-05-30,PAB,4758,2514,2244,752,4006,ITH,ITH1,4,Provincia Autonoma Bolzano / Bozen,P.A. Bolzano,533050,321627,60.34,0.89
2192,2021-04-03,PAB,831,364,467,22,809,ITH,ITH1,4,Provincia Autonoma Bolzano / Bozen,P.A. Bolzano,533050,322458,60.49,0.16
2193,2021-03-20,PAB,1757,848,909,1132,625,ITH,ITH1,4,Provincia Autonoma Bolzano / Bozen,P.A. Bolzano,533050,324215,60.82,0.33
2194,2021-02-17,PAB,156,51,105,139,17,ITH,ITH1,4,Provincia Autonoma Bolzano / Bozen,P.A. Bolzano,533050,324371,60.85,0.03
2195,2021-04-15,PAB,4399,2307,2092,4136,263,ITH,ITH1,4,Provincia Autonoma Bolzano / Bozen,P.A. Bolzano,533050,328770,61.68,0.83
2196,2021-05-04,PAB,3447,1843,1604,2410,1037,ITH,ITH1,4,Provincia Autonoma Bolzano / Bozen,P.A. Bolzano,533050,332217,62.32,0.65
2197,2021-01-29,PAB,1497,510,987,24,1473,ITH,ITH1,4,Provincia Autonoma Bolzano / Bozen,P.A. Bolzano,533050,333714,62.6,0.28
2198,2021-03-27,PAB,3050,1553,1497,1543,1507,ITH,ITH1,4,Provincia Autonoma Bolzano / Bozen,P.A. Bolzano,533050,336764,63.18,0.57
2199,2021-02-05,PAB,3195,1181,2014,8,3187,ITH,ITH1,4,Provincia Autonoma Bolzano / Bozen,P.A. Bolzano,533050,339959,63.78,0.6
2200,2021-01-22,PAB,248,143,105,124,124,ITH,ITH1,4,Provincia Autonoma Bolzano / Bozen,P.A. Bolzano,533050,340207,63.82,0.05
2201,2021-01-10,PAB,2,2,0,2,0,ITH,ITH1,4,Provincia Autonoma Bolzano / Bozen,P.A. Bolzano,533050,340209,63.82,0.0
2202,2021-03-08,PAB,1200,526,674,1173,27,ITH,ITH1,4,Provincia Autonoma Bolzano / Bozen,P.A. Bolzano,533050,341409,64.05,0.23
2203,2021-03-22,ABR,4281,1852,2429,2311,1970,ITF,ITF1,13,Abruzzo,Abruzzo,1304970,4281,0.33,0.33
2204,2021-05-11,ABR,10738,5098,5640,5909,4829,ITF,ITF1,13,Abruzzo,Abruzzo,1304970,15019,1.15,0.82
2205,2021-04-08,ABR,7393,3336,4057,5068,2325,ITF,ITF1,13,Abruzzo,Abruzzo,1304970,22412,1.72,0.57
2206,2021-01-12,ABR,1804,666,1138,1804,0,ITF,ITF1,13,Abruzzo,Abruzzo,1304970,24216,1.86,0.14
2207,2021-02-24,ABR,3305,1441,1864,3129,176,ITF,ITF1,13,Abruzzo,Abruzzo,1304970,27521,2.11,0.25
2208,2021-05-16,ABR,9581,4140,5441,5764,3817,ITF,ITF1,13,Abruzzo,Abruzzo,1304970,37102,2.84,0.73
2209,2021-01-21,ABR,157,47,110,157,0,ITF,ITF1,13,Abruzzo,Abruzzo,1304970,37259,2.86,0.01
2210,2021-02-07,ABR,778,307,471,201,577,ITF,ITF1,13,Abruzzo,Abruzzo,1304970,38037,2.91,0.06
2211,2021-05-20,ABR,12547,5784,6763,7329,5218,ITF,ITF1,13,Abruzzo,Abruzzo,1304970,50584,3.88,0.96
2212,2021-04-29,ABR,12669,5850,6819,9574,3095,ITF,ITF1,13,Abruzzo,Abruzzo,1304970,63253,4.85,0.97
2213,2021-01-17,ABR,188,59,129,181,7,ITF,ITF1,13,Abruzzo,Abruzzo,1304970,63441,4.86,0.01
2214,2021-03-17,ABR,4539,1873,2666,2799,1740,ITF,ITF1,13,Abruzzo,Abruzzo,1304970,67980,5.21,0.35
2215,2021-02-05,ABR,1534,521,1013,788,746,ITF,ITF1,13,Abruzzo,Abruzzo,1304970,69514,5.33,0.12
2216,2021-05-18,ABR,12117,5662,6455,7733,4384,ITF,ITF1,13,Abruzzo,Abruzzo,1304970,81631,6.26,0.93
2217,2021-02-22,ABR,2642,1173,1469,2612,30,ITF,ITF1,13,Abruzzo,Abruzzo,1304970,84273,6.46,0.2
2218,2021-06-04,ABR,15562,7337,8225,10870,4692,ITF,ITF1,13,Abruzzo,Abruzzo,1304970,99835,7.65,1.19
2219,2021-01-19,ABR,111,55,56,91,20,ITF,ITF1,13,Abruzzo,Abruzzo,1304970,99946,7.66,0.01
2220,2021-05-01,ABR,10745,5052,5693,5771,4974,ITF,ITF1,13,Abruzzo,Abruzzo,1304970,110691,8.48,0.82
2221,2021-03-15,ABR,3624,1389,2235,1816,1808,ITF,ITF1,13,Abruzzo,Abruzzo,1304970,114315,8.76,0.28
2222,2021-01-10,ABR,1139,409,730,1139,0,ITF,ITF1,13,Abruzzo,Abruzzo,1304970,115454,8.85,0.09
2223,2021-01-15,ABR,379,149,230,379,0,ITF,ITF1,13,Abruzzo,Abruzzo,1304970,115833,8.88,0.03
2224,2021-04-27,ABR,9085,4370,4715,6617,2468,ITF,ITF1,13,Abruzzo,Abruzzo,1304970,124918,9.57,0.7
2225,2021-02-09,ABR,908,311,597,499,409,ITF,ITF1,13,Abruzzo,Abruzzo,1304970,125826,9.64,0.07
2226,2021-03-24,ABR,6385,2784,3601,4133,2252,ITF,ITF1,13,Abruzzo,Abruzzo,1304970,132211,10.13,0.49
2227,2021-01-22,ABR,118,57,61,118,0,ITF,ITF1,13,Abruzzo,Abruzzo,1304970,132329,10.14,0.01
2228,2021-03-27,ABR,6121,2620,3501,3636,2485,ITF,ITF1,13,Abruzzo,Abruzzo,1304970,138450,10.61,0.47
2229,2021-03-12,ABR,6017,1988,4029,4435,1582,ITF,ITF1,13,Abruzzo,Abruzzo,1304970,144467,11.07,0.46
2230,2021-02-10,ABR,947,312,635,503,444,ITF,ITF1,13,Abruzzo,Abruzzo,1304970,145414,11.14,0.07
2231,2021-01-02,ABR,548,218,330,548,0,ITF,ITF1,13,Abruzzo,Abruzzo,1304970,145962,11.19,0.04
2232,2021-04-26,ABR,8563,4066,4497,7349,1214,ITF,ITF1,13,Abruzzo,Abruzzo,1304970,154525,11.84,0.66
2233,2021-04-19,ABR,6225,2856,3369,3854,2371,ITF,ITF1,13,Abruzzo,Abruzzo,1304970,160750,12.32,0.48
2234,2021-02-21,ABR,1218,550,668,1217,1,ITF,ITF1,13,Abruzzo,Abruzzo,1304970,161968,12.41,0.09
2235,2021-03-20,ABR,4787,2197,2590,2618,2169,ITF,ITF1,13,Abruzzo,Abruzzo,1304970,166755,12.78,0.37
2236,2021-01-29,ABR,1387,449,938,74,1313,ITF,ITF1,13,Abruzzo,Abruzzo,1304970,168142,12.88,0.11
2237,2021-03-19,ABR,5794,2584,3210,2774,3020,ITF,ITF1,13,Abruzzo,Abruzzo,1304970,173936,13.33,0.44
2238,2021-05-08,ABR,10302,4876,5426,6467,3835,ITF,ITF1,13,Abruzzo,Abruzzo,1304970,184238,14.12,0.79
2239,2021-01-14,ABR,530,189,341,530,0,ITF,ITF1,13,Abruzzo,Abruzzo,1304970,184768,14.16,0.04
2240,2021-03-05,ABR,5343,1955,3388,4646,697,ITF,ITF1,13,Abruzzo,Abruzzo,1304970,190111,14.57,0.41
2241,2021-04-24,ABR,8709,3970,4739,7179,1530,ITF,ITF1,13,Abruzzo,Abruzzo,1304970,198820,15.24,0.67
2242,2021-01-05,ABR,1615,604,1011,1615,0,ITF,ITF1,13,Abruzzo,Abruzzo,1304970,200435,15.36,0.12
2243,2021-01-03,ABR,471,185,286,471,0,ITF,ITF1,13,Abruzzo,Abruzzo,1304970,200906,15.4,0.04
2244,2021-04-15,ABR,7818,3678,4140,5978,1840,ITF,ITF1,13,Abruzzo,Abruzzo,1304970,208724,15.99,0.6
2245,2021-06-03,ABR,12974,6154,6820,9270,3704,ITF,ITF1,13,Abruzzo,Abruzzo,1304970,221698,16.99,0.99
2246,2021-05-15,ABR,11421,5174,6247,6126,5295,ITF,ITF1,13,Abruzzo,Abruzzo,1304970,233119,17.86,0.88
2247,2021-03-03,ABR,4623,1880,2743,3717,906,ITF,ITF1,13,Abruzzo,Abruzzo,1304970,237742,18.22,0.35
2248,2021-04-22,ABR,6661,3192,3469,4980,1681,ITF,ITF1,13,Abruzzo,Abruzzo,1304970,244403,18.73,0.51
2249,2021-02-17,ABR,2071,948,1123,1789,282,ITF,ITF1,13,Abruzzo,Abruzzo,1304970,246474,18.89,0.16
2250,2021-04-05,ABR,2693,1147,1546,1813,880,ITF,ITF1,13,Abruzzo,Abruzzo,1304970,249167,19.09,0.21
2251,2021-05-30,ABR,8561,4067,4494,5349,3212,ITF,ITF1,13,Abruzzo,Abruzzo,1304970,257728,19.75,0.66
2252,2021-04-03,ABR,5085,2221,2864,3489,1596,ITF,ITF1,13,Abruzzo,Abruzzo,1304970,262813,20.14,0.39
2253,2021-02-12,ABR,1228,567,661,1039,189,ITF,ITF1,13,Abruzzo,Abruzzo,1304970,264041,20.23,0.09
2254,2021-04-10,ABR,8772,4057,4715,6265,2507,ITF,ITF1,13,Abruzzo,Abruzzo,1304970,272813,20.91,0.67
2255,2021-05-23,ABR,9885,4700,5185,7189,2696,ITF,ITF1,13,Abruzzo,Abruzzo,1304970,282698,21.66,0.76
2256,2021-01-07,ABR,1603,552,1051,1603,0,ITF,ITF1,13,Abruzzo,Abruzzo,1304970,284301,21.79,0.12
2257,2021-04-17,ABR,7346,3398,3948,4293,3053,ITF,ITF1,13,Abruzzo,Abruzzo,1304970,291647,22.35,0.56
2258,2021-02-19,ABR,3300,1551,1749,3200,100,ITF,ITF1,13,Abruzzo,Abruzzo,1304970,294947,22.6,0.25
2259,2020-12-27,ABR,37,19,18,37,0,ITF,ITF1,13,Abruzzo,Abruzzo,1304970,294984,22.6,0.0
2260,2021-05-27,ABR,12922,5874,7048,8241,4681,ITF,ITF1,13,Abruzzo,Abruzzo,1304970,307906,23.59,0.99
2261,2021-04-07,ABR,7148,3290,3858,4405,2743,ITF,ITF1,13,Abruzzo,Abruzzo,1304970,315054,24.14,0.55
2262,2021-01-24,ABR,50,22,28,6,44,ITF,ITF1,13,Abruzzo,Abruzzo,1304970,315104,24.15,0.0
2263,2021-05-04,ABR,10665,5003,5662,7048,3617,ITF,ITF1,13,Abruzzo,Abruzzo,1304970,325769,24.96,0.82
2264,2021-03-08,ABR,5121,1666,3455,4149,972,ITF,ITF1,13,Abruzzo,Abruzzo,1304970,330890,25.36,0.39
2265,2021-03-01,ABR,3479,1386,2093,2727,752,ITF,ITF1,13,Abruzzo,Abruzzo,1304970,334369,25.62,0.27
2266,2021-02-02,ABR,1778,672,1106,222,1556,ITF,ITF1,13,Abruzzo,Abruzzo,1304970,336147,25.76,0.14
2267,2021-03-31,ABR,6649,2880,3769,4581,2068,ITF,ITF1,13,Abruzzo,Abruzzo,1304970,342796,26.27,0.51
2268,2021-05-13,ABR,11147,5041,6106,7186,3961,ITF,ITF1,13,Abruzzo,Abruzzo,1304970,353943,27.12,0.85
2269,2021-03-10,ABR,4977,1646,3331,4022,955,ITF,ITF1,13,Abruzzo,Abruzzo,1304970,358920,27.5,0.38
2270,2021-01-26,ABR,1542,567,975,30,1512,ITF,ITF1,13,Abruzzo,Abruzzo,1304970,360462,27.62,0.12
2271,2021-05-06,ABR,13066,6123,6943,8008,5058,ITF,ITF1,13,Abruzzo,Abruzzo,1304970,373528,28.62,1.0
2272,2021-05-25,ABR,11213,5196,6017,8091,3122,ITF,ITF1,13,Abruzzo,Abruzzo,1304970,384741,29.48,0.86
2273,2021-01-30,ABR,1510,567,943,69,1441,ITF,ITF1,13,Abruzzo,Abruzzo,1304970,386251,29.6,0.12
2274,2021-03-21,ABR,2135,914,1221,844,1291,ITF,ITF1,13,Abruzzo,Abruzzo,1304970,388386,29.76,0.16
2275,2021-05-28,ABR,13956,6275,7681,7611,6345,ITF,ITF1,13,Abruzzo,Abruzzo,1304970,402342,30.83,1.07
2276,2021-01-13,ABR,1253,440,813,1253,0,ITF,ITF1,13,Abruzzo,Abruzzo,1304970,403595,30.93,0.1
2277,2021-02-03,ABR,2061,717,1344,419,1642,ITF,ITF1,13,Abruzzo,Abruzzo,1304970,405656,31.09,0.16
2278,2021-02-28,ABR,1702,508,1194,1700,2,ITF,ITF1,13,Abruzzo,Abruzzo,1304970,407358,31.22,0.13
2279,2021-06-01,ABR,10923,4822,6101,6559,4364,ITF,ITF1,13,Abruzzo,Abruzzo,1304970,418281,32.05,0.84
2280,2021-01-04,ABR,1401,575,826,1401,0,ITF,ITF1,13,Abruzzo,Abruzzo,1304970,419682,32.16,0.11
2281,2021-04-16,ABR,7535,3488,4047,5618,1917,ITF,ITF1,13,Abruzzo,Abruzzo,1304970,427217,32.74,0.58
2282,2021-05-03,ABR,11107,5240,5867,7258,3849,ITF,ITF1,13,Abruzzo,Abruzzo,1304970,438324,33.59,0.85
2283,2021-06-02,ABR,9686,4693,4993,6876,2810,ITF,ITF1,13,Abruzzo,Abruzzo,1304970,448010,34.33,0.74
2284,2021-03-13,ABR,4124,1420,2704,3081,1043,ITF,ITF1,13,Abruzzo,Abruzzo,1304970,452134,34.65,0.32
2285,2021-02-11,ABR,816,262,554,773,43,ITF,ITF1,13,Abruzzo,Abruzzo,1304970,452950,34.71,0.06
2286,2021-05-24,ABR,12171,5783,6388,8875,3296,ITF,ITF1,13,Abruzzo,Abruzzo,1304970,465121,35.64,0.93
2287,2021-05-29,ABR,10178,4410,5768,4543,5635,ITF,ITF1,13,Abruzzo,Abruzzo,1304970,475299,36.42,0.78
2288,2021-03-26,ABR,5306,2264,3042,3232,2074,ITF,ITF1,13,Abruzzo,Abruzzo,1304970,480605,36.83,0.41
2289,2021-04-20,ABR,5590,2689,2901,4180,1410,ITF,ITF1,13,Abruzzo,Abruzzo,1304970,486195,37.26,0.43
2290,2021-04-25,ABR,9067,4621,4446,8257,810,ITF,ITF1,13,Abruzzo,Abruzzo,1304970,495262,37.95,0.69
2291,2021-01-08,ABR,1525,507,1018,1525,0,ITF,ITF1,13,Abruzzo,Abruzzo,1304970,496787,38.07,0.12
2292,2021-03-28,ABR,2415,1017,1398,2044,371,ITF,ITF1,13,Abruzzo,Abruzzo,1304970,499202,38.25,0.19
2293,2021-01-23,ABR,263,114,149,57,206,ITF,ITF1,13,Abruzzo,Abruzzo,1304970,499465,38.27,0.02
2294,2021-04-14,ABR,6506,2900,3606,4426,2080,ITF,ITF1,13,Abruzzo,Abruzzo,1304970,505971,38.77,0.5
2295,2021-03-11,ABR,5477,2202,3275,4338,1139,ITF,ITF1,13,Abruzzo,Abruzzo,1304970,511448,39.19,0.42
2296,2021-02-18,ABR,2288,933,1355,2158,130,ITF,ITF1,13,Abruzzo,Abruzzo,1304970,513736,39.37,0.18
2297,2021-05-31,ABR,11219,5044,6175,6908,4311,ITF,ITF1,13,Abruzzo,Abruzzo,1304970,524955,40.23,0.86
2298,2021-05-22,ABR,13066,6349,6717,8165,4901,ITF,ITF1,13,Abruzzo,Abruzzo,1304970,538021,41.23,1.0
2299,2021-02-25,ABR,3042,1330,1712,2514,528,ITF,ITF1,13,Abruzzo,Abruzzo,1304970,541063,41.46,0.23
2300,2021-02-06,ABR,1611,743,868,602,1009,ITF,ITF1,13,Abruzzo,Abruzzo,1304970,542674,41.59,0.12
2301,2021-03-14,ABR,1883,731,1152,1216,667,ITF,ITF1,13,Abruzzo,Abruzzo,1304970,544557,41.73,0.14
2302,2021-06-05,ABR,9473,4534,4939,7061,2412,ITF,ITF1,13,Abruzzo,Abruzzo,1304970,554030,42.46,0.73
2303,2021-05-17,ABR,11024,5038,5986,6165,4859,ITF,ITF1,13,Abruzzo,Abruzzo,1304970,565054,43.3,0.84
2304,2021-01-20,ABR,447,156,291,445,2,ITF,ITF1,13,Abruzzo,Abruzzo,1304970,565501,43.33,0.03
2305,2021-05-02,ABR,10423,5087,5336,5213,5210,ITF,ITF1,13,Abruzzo,Abruzzo,1304970,575924,44.13,0.8
2306,2021-04-30,ABR,12393,5805,6588,6703,5690,ITF,ITF1,13,Abruzzo,Abruzzo,1304970,588317,45.08,0.95
2307,2021-03-07,ABR,2523,630,1893,2523,0,ITF,ITF1,13,Abruzzo,Abruzzo,1304970,590840,45.28,0.19
2308,2021-01-27,ABR,1364,515,849,39,1325,ITF,ITF1,13,Abruzzo,Abruzzo,1304970,592204,45.38,0.1
2309,2021-05-14,ABR,10601,5076,5525,5442,5159,ITF,ITF1,13,Abruzzo,Abruzzo,1304970,602805,46.19,0.81
2310,2021-04-01,ABR,5522,2442,3080,3435,2087,ITF,ITF1,13,Abruzzo,Abruzzo,1304970,608327,46.62,0.42
2311,2021-03-29,ABR,5624,2524,3100,2985,2639,ITF,ITF1,13,Abruzzo,Abruzzo,1304970,613951,47.05,0.43
2312,2021-02-23,ABR,2782,1275,1507,2771,11,ITF,ITF1,13,Abruzzo,Abruzzo,1304970,616733,47.26,0.21
2313,2021-02-08,ABR,1197,396,801,487,710,ITF,ITF1,13,Abruzzo,Abruzzo,1304970,617930,47.35,0.09
2314,2021-04-13,ABR,5879,2752,3127,4679,1200,ITF,ITF1,13,Abruzzo,Abruzzo,1304970,623809,47.8,0.45
2315,2021-05-19,ABR,10693,5109,5584,7654,3039,ITF,ITF1,13,Abruzzo,Abruzzo,1304970,634502,48.62,0.82
2316,2021-01-28,ABR,1433,495,938,12,1421,ITF,ITF1,13,Abruzzo,Abruzzo,1304970,635935,48.73,0.11
2317,2021-05-09,ABR,9155,4089,5066,4285,4870,ITF,ITF1,13,Abruzzo,Abruzzo,1304970,645090,49.43,0.7
2318,2021-01-31,ABR,1501,487,1014,286,1215,ITF,ITF1,13,Abruzzo,Abruzzo,1304970,646591,49.55,0.12
2319,2021-04-23,ABR,7369,3383,3986,5067,2302,ITF,ITF1,13,Abruzzo,Abruzzo,1304970,653960,50.11,0.56
2320,2021-05-10,ABR,10104,4781,5323,5456,4648,ITF,ITF1,13,Abruzzo,Abruzzo,1304970,664064,50.89,0.77
2321,2021-02-13,ABR,850,383,467,438,412,ITF,ITF1,13,Abruzzo,Abruzzo,1304970,664914,50.95,0.07
2322,2021-04-09,ABR,8794,4141,4653,6255,2539,ITF,ITF1,13,Abruzzo,Abruzzo,1304970,673708,51.63,0.67
2323,2021-04-04,ABR,1631,768,863,1502,129,ITF,ITF1,13,Abruzzo,Abruzzo,1304970,675339,51.75,0.12
2324,2021-04-02,ABR,6684,3093,3591,5197,1487,ITF,ITF1,13,Abruzzo,Abruzzo,1304970,682023,52.26,0.51
2325,2021-02-04,ABR,1679,615,1064,609,1070,ITF,ITF1,13,Abruzzo,Abruzzo,1304970,683702,52.39,0.13
2326,2021-02-27,ABR,2810,1337,1473,2545,265,ITF,ITF1,13,Abruzzo,Abruzzo,1304970,686512,52.61,0.22
2327,2021-03-06,ABR,4175,1357,2818,3605,570,ITF,ITF1,13,Abruzzo,Abruzzo,1304970,690687,52.93,0.32
2328,2021-03-02,ABR,3963,1675,2288,3279,684,ITF,ITF1,13,Abruzzo,Abruzzo,1304970,694650,53.23,0.3
2329,2021-01-11,ABR,1551,557,994,1551,0,ITF,ITF1,13,Abruzzo,Abruzzo,1304970,696201,53.35,0.12
2330,2021-02-16,ABR,1918,842,1076,1906,12,ITF,ITF1,13,Abruzzo,Abruzzo,1304970,698119,53.5,0.15
2331,2021-04-21,ABR,6386,3100,3286,4712,1674,ITF,ITF1,13,Abruzzo,Abruzzo,1304970,704505,53.99,0.49
2332,2021-04-06,ABR,7681,3581,4100,5362,2319,ITF,ITF1,13,Abruzzo,Abruzzo,1304970,712186,54.57,0.59
2333,2021-02-15,ABR,1794,831,963,1752,42,ITF,ITF1,13,Abruzzo,Abruzzo,1304970,713980,54.71,0.14
2334,2021-02-26,ABR,3914,1670,2244,2946,968,ITF,ITF1,13,Abruzzo,Abruzzo,1304970,717894,55.01,0.3
2335,2021-03-04,ABR,5935,2359,3576,5013,922,ITF,ITF1,13,Abruzzo,Abruzzo,1304970,723829,55.47,0.45
2336,2021-04-12,ABR,6224,2949,3275,5050,1174,ITF,ITF1,13,Abruzzo,Abruzzo,1304970,730053,55.94,0.48
2337,2021-01-16,ABR,929,429,500,929,0,ITF,ITF1,13,Abruzzo,Abruzzo,1304970,730982,56.02,0.07
2338,2021-01-09,ABR,1483,565,918,1483,0,ITF,ITF1,13,Abruzzo,Abruzzo,1304970,732465,56.13,0.11
2339,2021-03-25,ABR,5686,2561,3125,3070,2616,ITF,ITF1,13,Abruzzo,Abruzzo,1304970,738151,56.56,0.44
2340,2021-05-21,ABR,13004,6328,6676,8028,4976,ITF,ITF1,13,Abruzzo,Abruzzo,1304970,751155,57.56,1.0
2341,2021-03-18,ABR,3896,1651,2245,2065,1831,ITF,ITF1,13,Abruzzo,Abruzzo,1304970,755051,57.86,0.3
2342,2021-05-07,ABR,12192,5701,6491,7763,4429,ITF,ITF1,13,Abruzzo,Abruzzo,1304970,767243,58.79,0.93
2343,2021-01-18,ABR,122,48,74,46,76,ITF,ITF1,13,Abruzzo,Abruzzo,1304970,767365,58.8,0.01
2344,2021-05-12,ABR,9615,4585,5030,6046,3569,ITF,ITF1,13,Abruzzo,Abruzzo,1304970,776980,59.54,0.74
2345,2021-03-16,ABR,3484,1452,2032,1830,1654,ITF,ITF1,13,Abruzzo,Abruzzo,1304970,780464,59.81,0.27
2346,2021-05-05,ABR,11581,5547,6034,6447,5134,ITF,ITF1,13,Abruzzo,Abruzzo,1304970,792045,60.69,0.89
2347,2021-03-09,ABR,5169,1795,3374,4230,939,ITF,ITF1,13,Abruzzo,Abruzzo,1304970,797214,61.09,0.4
2348,2021-04-28,ABR,9510,4585,4925,7486,2024,ITF,ITF1,13,Abruzzo,Abruzzo,1304970,806724,61.82,0.73
2349,2021-03-30,ABR,5056,2197,2859,3232,1824,ITF,ITF1,13,Abruzzo,Abruzzo,1304970,811780,62.21,0.39
2350,2021-02-20,ABR,4777,1842,2935,4701,76,ITF,ITF1,13,Abruzzo,Abruzzo,1304970,816557,62.57,0.37
2351,2021-01-06,ABR,1830,664,1166,1830,0,ITF,ITF1,13,Abruzzo,Abruzzo,1304970,818387,62.71,0.14
2352,2021-04-18,ABR,5812,2726,3086,4870,942,ITF,ITF1,13,Abruzzo,Abruzzo,1304970,824199,63.16,0.45
2353,2021-05-26,ABR,13306,5904,7402,8380,4926,ITF,ITF1,13,Abruzzo,Abruzzo,1304970,837505,64.18,1.02
2354,2021-04-11,ABR,5330,2606,2724,4847,483,ITF,ITF1,13,Abruzzo,Abruzzo,1304970,842835,64.59,0.41
2355,2021-02-01,ABR,1632,573,1059,271,1361,ITF,ITF1,13,Abruzzo,Abruzzo,1304970,844467,64.71,0.13
2356,2021-03-23,ABR,4782,2143,2639,2216,2566,ITF,ITF1,13,Abruzzo,Abruzzo,1304970,849249,65.08,0.37
2357,2021-01-25,ABR,1603,632,971,19,1584,ITF,ITF1,13,Abruzzo,Abruzzo,1304970,850852,65.2,0.12
2358,2021-02-06,FVG,1154,338,816,22,1132,ITH,ITH4,6,Friuli-Venezia Giulia,Friuli Venezia Giulia,1215220,1154,0.09,0.09
2359,2021-01-04,FVG,1507,558,949,1507,0,ITH,ITH4,6,Friuli-Venezia Giulia,Friuli Venezia Giulia,1215220,2661,0.22,0.12
2360,2021-02-23,FVG,2643,1277,1366,2463,180,ITH,ITH4,6,Friuli-Venezia Giulia,Friuli Venezia Giulia,1215220,5304,0.44,0.22
2361,2021-03-09,FVG,3861,1589,2272,1114,2747,ITH,ITH4,6,Friuli-Venezia Giulia,Friuli Venezia Giulia,1215220,9165,0.75,0.32
2362,2021-03-13,FVG,2935,1120,1815,1664,1271,ITH,ITH4,6,Friuli-Venezia Giulia,Friuli Venezia Giulia,1215220,12100,1.0,0.24
2363,2021-05-16,FVG,9942,4761,5181,8546,1396,ITH,ITH4,6,Friuli-Venezia Giulia,Friuli Venezia Giulia,1215220,22042,1.81,0.82
2364,2021-03-04,FVG,3446,1595,1851,2788,658,ITH,ITH4,6,Friuli-Venezia Giulia,Friuli Venezia Giulia,1215220,25488,2.1,0.28
2365,2021-05-24,FVG,11022,5275,5747,7522,3500,ITH,ITH4,6,Friuli-Venezia Giulia,Friuli Venezia Giulia,1215220,36510,3.0,0.91
2366,2021-03-21,FVG,2602,937,1665,2193,409,ITH,ITH4,6,Friuli-Venezia Giulia,Friuli Venezia Giulia,1215220,39112,3.22,0.21
2367,2021-02-15,FVG,2453,911,1542,2201,252,ITH,ITH4,6,Friuli-Venezia Giulia,Friuli Venezia Giulia,1215220,41565,3.42,0.2
2368,2021-04-20,FVG,7107,3059,4048,3204,3903,ITH,ITH4,6,Friuli-Venezia Giulia,Friuli Venezia Giulia,1215220,48672,4.01,0.58
2369,2021-05-07,FVG,10572,4833,5739,7087,3485,ITH,ITH4,6,Friuli-Venezia Giulia,Friuli Venezia Giulia,1215220,59244,4.88,0.87
2370,2021-01-25,FVG,1583,567,1016,194,1389,ITH,ITH4,6,Friuli-Venezia Giulia,Friuli Venezia Giulia,1215220,60827,5.01,0.13
2371,2021-04-28,FVG,7260,3201,4059,3796,3464,ITH,ITH4,6,Friuli-Venezia Giulia,Friuli Venezia Giulia,1215220,68087,5.6,0.6
2372,2021-01-16,FVG,1230,360,870,1230,0,ITH,ITH4,6,Friuli-Venezia Giulia,Friuli Venezia Giulia,1215220,69317,5.7,0.1
2373,2021-05-28,FVG,9914,4593,5321,5952,3962,ITH,ITH4,6,Friuli-Venezia Giulia,Friuli Venezia Giulia,1215220,79231,6.52,0.82
2374,2021-03-25,FVG,5312,2261,3051,3179,2133,ITH,ITH4,6,Friuli-Venezia Giulia,Friuli Venezia Giulia,1215220,84543,6.96,0.44
2375,2021-03-30,FVG,7093,3141,3952,6171,922,ITH,ITH4,6,Friuli-Venezia Giulia,Friuli Venezia Giulia,1215220,91636,7.54,0.58
2376,2021-02-13,FVG,566,179,387,560,6,ITH,ITH4,6,Friuli-Venezia Giulia,Friuli Venezia Giulia,1215220,92202,7.59,0.05
2377,2021-03-02,FVG,4219,1519,2700,2720,1499,ITH,ITH4,6,Friuli-Venezia Giulia,Friuli Venezia Giulia,1215220,96421,7.93,0.35
2378,2021-01-27,FVG,1272,425,847,450,822,ITH,ITH4,6,Friuli-Venezia Giulia,Friuli Venezia Giulia,1215220,97693,8.04,0.1
2379,2021-05-09,FVG,7349,3298,4051,3494,3855,ITH,ITH4,6,Friuli-Venezia Giulia,Friuli Venezia Giulia,1215220,105042,8.64,0.6
2380,2021-05-26,FVG,12742,6310,6432,9434,3308,ITH,ITH4,6,Friuli-Venezia Giulia,Friuli Venezia Giulia,1215220,117784,9.69,1.05
2381,2021-03-23,FVG,3753,1559,2194,1613,2140,ITH,ITH4,6,Friuli-Venezia Giulia,Friuli Venezia Giulia,1215220,121537,10.0,0.31
2382,2021-01-23,FVG,816,324,492,4,812,ITH,ITH4,6,Friuli-Venezia Giulia,Friuli Venezia Giulia,1215220,122353,10.07,0.07
2383,2021-05-05,FVG,9709,4231,5478,6268,3441,ITH,ITH4,6,Friuli-Venezia Giulia,Friuli Venezia Giulia,1215220,132062,10.87,0.8
2384,2021-04-01,FVG,6315,2993,3322,5300,1015,ITH,ITH4,6,Friuli-Venezia Giulia,Friuli Venezia Giulia,1215220,138377,11.39,0.52
2385,2021-04-23,FVG,7457,3376,4081,3599,3858,ITH,ITH4,6,Friuli-Venezia Giulia,Friuli Venezia Giulia,1215220,145834,12.0,0.61
2386,2021-03-20,FVG,3341,1352,1989,1250,2091,ITH,ITH4,6,Friuli-Venezia Giulia,Friuli Venezia Giulia,1215220,149175,12.28,0.27
2387,2021-03-18,FVG,3372,1421,1951,1691,1681,ITH,ITH4,6,Friuli-Venezia Giulia,Friuli Venezia Giulia,1215220,152547,12.55,0.28
2388,2021-01-13,FVG,2650,834,1816,2650,0,ITH,ITH4,6,Friuli-Venezia Giulia,Friuli Venezia Giulia,1215220,155197,12.77,0.22
2389,2021-05-31,FVG,8350,4077,4273,6371,1979,ITH,ITH4,6,Friuli-Venezia Giulia,Friuli Venezia Giulia,1215220,163547,13.46,0.69
2390,2021-01-15,FVG,2021,605,1416,2021,0,ITH,ITH4,6,Friuli-Venezia Giulia,Friuli Venezia Giulia,1215220,165568,13.62,0.17
2391,2021-01-22,FVG,90,30,60,0,90,ITH,ITH4,6,Friuli-Venezia Giulia,Friuli Venezia Giulia,1215220,165658,13.63,0.01
2392,2021-03-06,FVG,3500,1196,2304,3175,325,ITH,ITH4,6,Friuli-Venezia Giulia,Friuli Venezia Giulia,1215220,169158,13.92,0.29
2393,2021-04-18,FVG,6038,2799,3239,5631,407,ITH,ITH4,6,Friuli-Venezia Giulia,Friuli Venezia Giulia,1215220,175196,14.42,0.5
2394,2021-04-30,FVG,7306,3219,4087,3693,3613,ITH,ITH4,6,Friuli-Venezia Giulia,Friuli Venezia Giulia,1215220,182502,15.02,0.6
2395,2021-02-04,FVG,2725,808,1917,35,2690,ITH,ITH4,6,Friuli-Venezia Giulia,Friuli Venezia Giulia,1215220,185227,15.24,0.22
2396,2021-03-11,FVG,3357,1414,1943,1606,1751,ITH,ITH4,6,Friuli-Venezia Giulia,Friuli Venezia Giulia,1215220,188584,15.52,0.28
2397,2021-01-20,FVG,748,320,428,13,735,ITH,ITH4,6,Friuli-Venezia Giulia,Friuli Venezia Giulia,1215220,189332,15.58,0.06
2398,2021-01-30,FVG,2275,745,1530,270,2005,ITH,ITH4,6,Friuli-Venezia Giulia,Friuli Venezia Giulia,1215220,191607,15.77,0.19
2399,2021-04-21,FVG,7745,3453,4292,4066,3679,ITH,ITH4,6,Friuli-Venezia Giulia,Friuli Venezia Giulia,1215220,199352,16.4,0.64
2400,2021-01-11,FVG,1882,608,1274,1882,0,ITH,ITH4,6,Friuli-Venezia Giulia,Friuli Venezia Giulia,1215220,201234,16.56,0.15
2401,2021-03-01,FVG,2957,1041,1916,2905,52,ITH,ITH4,6,Friuli-Venezia Giulia,Friuli Venezia Giulia,1215220,204191,16.8,0.24
2402,2020-12-27,FVG,262,149,113,262,0,ITH,ITH4,6,Friuli-Venezia Giulia,Friuli Venezia Giulia,1215220,204453,16.82,0.02
2403,2021-04-08,FVG,7212,3017,4195,5290,1922,ITH,ITH4,6,Friuli-Venezia Giulia,Friuli Venezia Giulia,1215220,211665,17.42,0.59
2404,2021-02-10,FVG,1352,496,856,1266,86,ITH,ITH4,6,Friuli-Venezia Giulia,Friuli Venezia Giulia,1215220,213017,17.53,0.11
2405,2021-02-03,FVG,2647,791,1856,23,2624,ITH,ITH4,6,Friuli-Venezia Giulia,Friuli Venezia Giulia,1215220,215664,17.75,0.22
2406,2021-05-21,FVG,11058,4923,6135,8170,2888,ITH,ITH4,6,Friuli-Venezia Giulia,Friuli Venezia Giulia,1215220,226722,18.66,0.91
2407,2021-05-14,FVG,10607,5252,5355,8130,2477,ITH,ITH4,6,Friuli-Venezia Giulia,Friuli Venezia Giulia,1215220,237329,19.53,0.87
2408,2021-01-18,FVG,1961,606,1355,1867,94,ITH,ITH4,6,Friuli-Venezia Giulia,Friuli Venezia Giulia,1215220,239290,19.69,0.16
2409,2021-03-28,FVG,4814,2277,2537,4673,141,ITH,ITH4,6,Friuli-Venezia Giulia,Friuli Venezia Giulia,1215220,244104,20.09,0.4
2410,2021-05-17,FVG,8771,4074,4697,6290,2481,ITH,ITH4,6,Friuli-Venezia Giulia,Friuli Venezia Giulia,1215220,252875,20.81,0.72
2411,2021-06-04,FVG,10376,5181,5195,9286,1090,ITH,ITH4,6,Friuli-Venezia Giulia,Friuli Venezia Giulia,1215220,263251,21.66,0.85
2412,2021-01-06,FVG,710,264,446,710,0,ITH,ITH4,6,Friuli-Venezia Giulia,Friuli Venezia Giulia,1215220,263961,21.72,0.06
2413,2020-12-30,FVG,626,244,382,626,0,ITH,ITH4,6,Friuli-Venezia Giulia,Friuli Venezia Giulia,1215220,264587,21.77,0.05
2414,2021-02-25,FVG,3160,1651,1509,3135,25,ITH,ITH4,6,Friuli-Venezia Giulia,Friuli Venezia Giulia,1215220,267747,22.03,0.26
2415,2021-02-18,FVG,3218,1492,1726,2811,407,ITH,ITH4,6,Friuli-Venezia Giulia,Friuli Venezia Giulia,1215220,270965,22.3,0.26
2416,2021-04-02,FVG,6566,2915,3651,4733,1833,ITH,ITH4,6,Friuli-Venezia Giulia,Friuli Venezia Giulia,1215220,277531,22.84,0.54
2417,2021-04-16,FVG,6915,2997,3918,4991,1924,ITH,ITH4,6,Friuli-Venezia Giulia,Friuli Venezia Giulia,1215220,284446,23.41,0.57
2418,2021-02-11,FVG,1930,664,1266,1738,192,ITH,ITH4,6,Friuli-Venezia Giulia,Friuli Venezia Giulia,1215220,286376,23.57,0.16
2419,2021-04-09,FVG,7763,3528,4235,6519,1244,ITH,ITH4,6,Friuli-Venezia Giulia,Friuli Venezia Giulia,1215220,294139,24.2,0.64
2420,2021-06-05,FVG,5680,2922,2758,4642,1038,ITH,ITH4,6,Friuli-Venezia Giulia,Friuli Venezia Giulia,1215220,299819,24.67,0.47
2421,2021-01-03,FVG,312,122,190,312,0,ITH,ITH4,6,Friuli-Venezia Giulia,Friuli Venezia Giulia,1215220,300131,24.7,0.03
2422,2021-02-22,FVG,2485,1193,1292,2067,418,ITH,ITH4,6,Friuli-Venezia Giulia,Friuli Venezia Giulia,1215220,302616,24.9,0.2
2423,2021-04-13,FVG,7362,3289,4073,5758,1604,ITH,ITH4,6,Friuli-Venezia Giulia,Friuli Venezia Giulia,1215220,309978,25.51,0.61
2424,2021-04-27,FVG,8079,3704,4375,3621,4458,ITH,ITH4,6,Friuli-Venezia Giulia,Friuli Venezia Giulia,1215220,318057,26.17,0.66
2425,2021-03-16,FVG,3153,1287,1866,1073,2080,ITH,ITH4,6,Friuli-Venezia Giulia,Friuli Venezia Giulia,1215220,321210,26.43,0.26
2426,2021-05-12,FVG,10675,4938,5737,9320,1355,ITH,ITH4,6,Friuli-Venezia Giulia,Friuli Venezia Giulia,1215220,331885,27.31,0.88
2427,2021-05-19,FVG,11730,5748,5982,9486,2244,ITH,ITH4,6,Friuli-Venezia Giulia,Friuli Venezia Giulia,1215220,343615,28.28,0.97
2428,2021-03-14,FVG,1397,549,848,1145,252,ITH,ITH4,6,Friuli-Venezia Giulia,Friuli Venezia Giulia,1215220,345012,28.39,0.11
2429,2021-02-01,FVG,2097,688,1409,16,2081,ITH,ITH4,6,Friuli-Venezia Giulia,Friuli Venezia Giulia,1215220,347109,28.56,0.17
2430,2021-02-08,FVG,2357,694,1663,92,2265,ITH,ITH4,6,Friuli-Venezia Giulia,Friuli Venezia Giulia,1215220,349466,28.76,0.19
2431,2021-05-02,FVG,6838,3210,3628,3939,2899,ITH,ITH4,6,Friuli-Venezia Giulia,Friuli Venezia Giulia,1215220,356304,29.32,0.56
2432,2021-04-29,FVG,6697,2939,3758,4164,2533,ITH,ITH4,6,Friuli-Venezia Giulia,Friuli Venezia Giulia,1215220,363001,29.87,0.55
2433,2021-02-24,FVG,2521,1085,1436,2503,18,ITH,ITH4,6,Friuli-Venezia Giulia,Friuli Venezia Giulia,1215220,365522,30.08,0.21
2434,2021-04-15,FVG,6487,2859,3628,5216,1271,ITH,ITH4,6,Friuli-Venezia Giulia,Friuli Venezia Giulia,1215220,372009,30.61,0.53
2435,2021-04-11,FVG,3433,1520,1913,2527,906,ITH,ITH4,6,Friuli-Venezia Giulia,Friuli Venezia Giulia,1215220,375442,30.89,0.28
2436,2021-01-08,FVG,2322,747,1575,2322,0,ITH,ITH4,6,Friuli-Venezia Giulia,Friuli Venezia Giulia,1215220,377764,31.09,0.19
2437,2021-02-27,FVG,3528,1200,2328,3527,1,ITH,ITH4,6,Friuli-Venezia Giulia,Friuli Venezia Giulia,1215220,381292,31.38,0.29
2438,2021-04-25,FVG,2363,990,1373,2352,11,ITH,ITH4,6,Friuli-Venezia Giulia,Friuli Venezia Giulia,1215220,383655,31.57,0.19
2439,2021-02-20,FVG,2068,933,1135,1924,144,ITH,ITH4,6,Friuli-Venezia Giulia,Friuli Venezia Giulia,1215220,385723,31.74,0.17
2440,2021-01-12,FVG,2260,713,1547,2260,0,ITH,ITH4,6,Friuli-Venezia Giulia,Friuli Venezia Giulia,1215220,387983,31.93,0.19
2441,2021-01-29,FVG,2414,814,1600,264,2150,ITH,ITH4,6,Friuli-Venezia Giulia,Friuli Venezia Giulia,1215220,390397,32.13,0.2
2442,2021-04-03,FVG,3983,1969,2014,2655,1328,ITH,ITH4,6,Friuli-Venezia Giulia,Friuli Venezia Giulia,1215220,394380,32.45,0.33
2443,2021-04-07,FVG,7499,3324,4175,6718,781,ITH,ITH4,6,Friuli-Venezia Giulia,Friuli Venezia Giulia,1215220,401879,33.07,0.62
2444,2021-02-19,FVG,3252,1290,1962,2825,427,ITH,ITH4,6,Friuli-Venezia Giulia,Friuli Venezia Giulia,1215220,405131,33.34,0.27
2445,2021-04-24,FVG,6674,2945,3729,5432,1242,ITH,ITH4,6,Friuli-Venezia Giulia,Friuli Venezia Giulia,1215220,411805,33.89,0.55
2446,2021-05-03,FVG,7183,3272,3911,3408,3775,ITH,ITH4,6,Friuli-Venezia Giulia,Friuli Venezia Giulia,1215220,418988,34.48,0.59
2447,2021-02-28,FVG,2685,1002,1683,2292,393,ITH,ITH4,6,Friuli-Venezia Giulia,Friuli Venezia Giulia,1215220,421673,34.7,0.22
2448,2021-04-05,FVG,2868,1425,1443,2853,15,ITH,ITH4,6,Friuli-Venezia Giulia,Friuli Venezia Giulia,1215220,424541,34.94,0.24
2449,2021-01-10,FVG,2939,918,2021,2939,0,ITH,ITH4,6,Friuli-Venezia Giulia,Friuli Venezia Giulia,1215220,427480,35.18,0.24
2450,2021-04-22,FVG,6770,3078,3692,3084,3686,ITH,ITH4,6,Friuli-Venezia Giulia,Friuli Venezia Giulia,1215220,434250,35.73,0.56
2451,2021-03-19,FVG,3235,1340,1895,1302,1933,ITH,ITH4,6,Friuli-Venezia Giulia,Friuli Venezia Giulia,1215220,437485,36.0,0.27
2452,2021-02-26,FVG,3736,2093,1643,3588,148,ITH,ITH4,6,Friuli-Venezia Giulia,Friuli Venezia Giulia,1215220,441221,36.31,0.31
2453,2021-02-17,FVG,2353,999,1354,1873,480,ITH,ITH4,6,Friuli-Venezia Giulia,Friuli Venezia Giulia,1215220,443574,36.5,0.19
2454,2021-05-30,FVG,11039,4980,6059,7459,3580,ITH,ITH4,6,Friuli-Venezia Giulia,Friuli Venezia Giulia,1215220,454613,37.41,0.91
2455,2021-04-26,FVG,5457,2449,3008,3808,1649,ITH,ITH4,6,Friuli-Venezia Giulia,Friuli Venezia Giulia,1215220,460070,37.86,0.45
2456,2021-02-12,FVG,1193,428,765,1146,47,ITH,ITH4,6,Friuli-Venezia Giulia,Friuli Venezia Giulia,1215220,461263,37.96,0.1
2457,2021-03-03,FVG,3638,1627,2011,2365,1273,ITH,ITH4,6,Friuli-Venezia Giulia,Friuli Venezia Giulia,1215220,464901,38.26,0.3
2458,2021-01-28,FVG,2239,794,1445,354,1885,ITH,ITH4,6,Friuli-Venezia Giulia,Friuli Venezia Giulia,1215220,467140,38.44,0.18
2459,2021-05-08,FVG,10259,4637,5622,5481,4778,ITH,ITH4,6,Friuli-Venezia Giulia,Friuli Venezia Giulia,1215220,477399,39.28,0.84
2460,2021-05-13,FVG,11012,5291,5721,9006,2006,ITH,ITH4,6,Friuli-Venezia Giulia,Friuli Venezia Giulia,1215220,488411,40.19,0.91
2461,2021-02-09,FVG,1842,555,1287,1556,286,ITH,ITH4,6,Friuli-Venezia Giulia,Friuli Venezia Giulia,1215220,490253,40.34,0.15
2462,2021-03-24,FVG,3766,1530,2236,2286,1480,ITH,ITH4,6,Friuli-Venezia Giulia,Friuli Venezia Giulia,1215220,494019,40.65,0.31
2463,2021-01-26,FVG,1977,647,1330,217,1760,ITH,ITH4,6,Friuli-Venezia Giulia,Friuli Venezia Giulia,1215220,495996,40.82,0.16
2464,2021-04-06,FVG,6279,2772,3507,5129,1150,ITH,ITH4,6,Friuli-Venezia Giulia,Friuli Venezia Giulia,1215220,502275,41.33,0.52
2465,2021-05-25,FVG,12467,6074,6393,9282,3185,ITH,ITH4,6,Friuli-Venezia Giulia,Friuli Venezia Giulia,1215220,514742,42.36,1.03
2466,2021-05-10,FVG,7912,3514,4398,6373,1539,ITH,ITH4,6,Friuli-Venezia Giulia,Friuli Venezia Giulia,1215220,522654,43.01,0.65
2467,2021-05-27,FVG,12310,5799,6511,7197,5113,ITH,ITH4,6,Friuli-Venezia Giulia,Friuli Venezia Giulia,1215220,534964,44.02,1.01
2468,2021-05-15,FVG,12595,6071,6524,7916,4679,ITH,ITH4,6,Friuli-Venezia Giulia,Friuli Venezia Giulia,1215220,547559,45.06,1.04
2469,2021-01-21,FVG,896,345,551,1,895,ITH,ITH4,6,Friuli-Venezia Giulia,Friuli Venezia Giulia,1215220,548455,45.13,0.07
2470,2021-03-26,FVG,5802,2426,3376,3789,2013,ITH,ITH4,6,Friuli-Venezia Giulia,Friuli Venezia Giulia,1215220,554257,45.61,0.48
2471,2021-05-01,FVG,7186,3244,3942,6143,1043,ITH,ITH4,6,Friuli-Venezia Giulia,Friuli Venezia Giulia,1215220,561443,46.2,0.59
2472,2021-03-10,FVG,3358,1493,1865,1566,1792,ITH,ITH4,6,Friuli-Venezia Giulia,Friuli Venezia Giulia,1215220,564801,46.48,0.28
2473,2021-01-05,FVG,1678,551,1127,1678,0,ITH,ITH4,6,Friuli-Venezia Giulia,Friuli Venezia Giulia,1215220,566479,46.62,0.14
2474,2021-03-27,FVG,4985,2560,2425,3574,1411,ITH,ITH4,6,Friuli-Venezia Giulia,Friuli Venezia Giulia,1215220,571464,47.03,0.41
2475,2021-02-05,FVG,2614,785,1829,90,2524,ITH,ITH4,6,Friuli-Venezia Giulia,Friuli Venezia Giulia,1215220,574078,47.24,0.22
2476,2021-04-14,FVG,7215,3118,4097,5503,1712,ITH,ITH4,6,Friuli-Venezia Giulia,Friuli Venezia Giulia,1215220,581293,47.83,0.59
2477,2021-06-03,FVG,10605,5558,5047,8772,1833,ITH,ITH4,6,Friuli-Venezia Giulia,Friuli Venezia Giulia,1215220,591898,48.71,0.87
2478,2021-04-17,FVG,7449,3232,4217,5966,1483,ITH,ITH4,6,Friuli-Venezia Giulia,Friuli Venezia Giulia,1215220,599347,49.32,0.61
2479,2021-04-10,FVG,4986,2164,2822,3761,1225,ITH,ITH4,6,Friuli-Venezia Giulia,Friuli Venezia Giulia,1215220,604333,49.73,0.41
2480,2021-05-23,FVG,10263,4851,5412,6115,4148,ITH,ITH4,6,Friuli-Venezia Giulia,Friuli Venezia Giulia,1215220,614596,50.57,0.84
2481,2021-06-02,FVG,9381,4940,4441,9108,273,ITH,ITH4,6,Friuli-Venezia Giulia,Friuli Venezia Giulia,1215220,623977,51.35,0.77
2482,2021-02-07,FVG,1561,483,1078,385,1176,ITH,ITH4,6,Friuli-Venezia Giulia,Friuli Venezia Giulia,1215220,625538,51.48,0.13
2483,2021-05-18,FVG,10560,5269,5291,8542,2018,ITH,ITH4,6,Friuli-Venezia Giulia,Friuli Venezia Giulia,1215220,636098,52.34,0.87
2484,2021-06-01,FVG,9544,4762,4782,7472,2072,ITH,ITH4,6,Friuli-Venezia Giulia,Friuli Venezia Giulia,1215220,645642,53.13,0.79
2485,2021-03-29,FVG,6874,3001,3873,5295,1579,ITH,ITH4,6,Friuli-Venezia Giulia,Friuli Venezia Giulia,1215220,652516,53.7,0.57
2486,2021-01-02,FVG,1216,470,746,1216,0,ITH,ITH4,6,Friuli-Venezia Giulia,Friuli Venezia Giulia,1215220,653732,53.8,0.1
2487,2021-05-29,FVG,11936,5804,6132,6993,4943,ITH,ITH4,6,Friuli-Venezia Giulia,Friuli Venezia Giulia,1215220,665668,54.78,0.98
2488,2021-05-22,FVG,11509,5167,6342,7286,4223,ITH,ITH4,6,Friuli-Venezia Giulia,Friuli Venezia Giulia,1215220,677177,55.72,0.95
2489,2021-05-06,FVG,11866,5513,6353,7913,3953,ITH,ITH4,6,Friuli-Venezia Giulia,Friuli Venezia Giulia,1215220,689043,56.7,0.98
2490,2021-03-17,FVG,3234,1266,1968,744,2490,ITH,ITH4,6,Friuli-Venezia Giulia,Friuli Venezia Giulia,1215220,692277,56.97,0.27
2491,2021-02-16,FVG,2516,1135,1381,2400,116,ITH,ITH4,6,Friuli-Venezia Giulia,Friuli Venezia Giulia,1215220,694793,57.17,0.21
2492,2021-05-20,FVG,12413,6092,6321,9992,2421,ITH,ITH4,6,Friuli-Venezia Giulia,Friuli Venezia Giulia,1215220,707206,58.2,1.02
2493,2021-01-24,FVG,305,119,186,1,304,ITH,ITH4,6,Friuli-Venezia Giulia,Friuli Venezia Giulia,1215220,707511,58.22,0.03
2494,2021-03-22,FVG,3540,1343,2197,1586,1954,ITH,ITH4,6,Friuli-Venezia Giulia,Friuli Venezia Giulia,1215220,711051,58.51,0.29
2495,2021-01-31,FVG,2714,836,1878,385,2329,ITH,ITH4,6,Friuli-Venezia Giulia,Friuli Venezia Giulia,1215220,713765,58.74,0.22
2496,2021-05-04,FVG,9513,4289,5224,6160,3353,ITH,ITH4,6,Friuli-Venezia Giulia,Friuli Venezia Giulia,1215220,723278,59.52,0.78
2497,2021-03-08,FVG,4063,1593,2470,1978,2085,ITH,ITH4,6,Friuli-Venezia Giulia,Friuli Venezia Giulia,1215220,727341,59.85,0.33
2498,2021-01-17,FVG,1716,523,1193,1716,0,ITH,ITH4,6,Friuli-Venezia Giulia,Friuli Venezia Giulia,1215220,729057,59.99,0.14
2499,2021-03-15,FVG,3767,1637,2130,1446,2321,ITH,ITH4,6,Friuli-Venezia Giulia,Friuli Venezia Giulia,1215220,732824,60.3,0.31
2500,2021-05-11,FVG,8954,4290,4664,7166,1788,ITH,ITH4,6,Friuli-Venezia Giulia,Friuli Venezia Giulia,1215220,741778,61.04,0.74
2501,2021-01-09,FVG,2513,841,1672,2513,0,ITH,ITH4,6,Friuli-Venezia Giulia,Friuli Venezia Giulia,1215220,744291,61.25,0.21
2502,2021-03-07,FVG,2547,932,1615,2546,1,ITH,ITH4,6,Friuli-Venezia Giulia,Friuli Venezia Giulia,1215220,746838,61.46,0.21
2503,2021-04-19,FVG,6705,3131,3574,3293,3412,ITH,ITH4,6,Friuli-Venezia Giulia,Friuli Venezia Giulia,1215220,753543,62.01,0.55
2504,2021-01-14,FVG,2584,789,1795,2584,0,ITH,ITH4,6,Friuli-Venezia Giulia,Friuli Venezia Giulia,1215220,756127,62.22,0.21
2505,2021-01-19,FVG,6,2,4,6,0,ITH,ITH4,6,Friuli-Venezia Giulia,Friuli Venezia Giulia,1215220,756133,62.22,0.0
2506,2021-03-12,FVG,3939,1545,2394,2558,1381,ITH,ITH4,6,Friuli-Venezia Giulia,Friuli Venezia Giulia,1215220,760072,62.55,0.32
2507,2021-03-31,FVG,8033,3503,4530,7187,846,ITH,ITH4,6,Friuli-Venezia Giulia,Friuli Venezia Giulia,1215220,768105,63.21,0.66
2508,2021-02-21,FVG,801,281,520,423,378,ITH,ITH4,6,Friuli-Venezia Giulia,Friuli Venezia Giulia,1215220,768906,63.27,0.07
2509,2021-04-12,FVG,7254,3181,4073,6123,1131,ITH,ITH4,6,Friuli-Venezia Giulia,Friuli Venezia Giulia,1215220,776160,63.87,0.6
2510,2021-02-02,FVG,2467,806,1661,217,2250,ITH,ITH4,6,Friuli-Venezia Giulia,Friuli Venezia Giulia,1215220,778627,64.07,0.2
2511,2021-01-07,FVG,2091,717,1374,2091,0,ITH,ITH4,6,Friuli-Venezia Giulia,Friuli Venezia Giulia,1215220,780718,64.24,0.17
2512,2021-03-05,FVG,3736,1478,2258,2663,1073,ITH,ITH4,6,Friuli-Venezia Giulia,Friuli Venezia Giulia,1215220,784454,64.55,0.31
2513,2020-12-31,FVG,1053,384,669,1053,0,ITH,ITH4,6,Friuli-Venezia Giulia,Friuli Venezia Giulia,1215220,785507,64.64,0.09
2514,2021-05-17,PIE,30612,14371,16241,17674,12938,ITC,ITC1,1,Piemonte,Piemonte,4356406,30612,0.7,0.7
2515,2021-03-28,PIE,16055,6899,9156,8434,7621,ITC,ITC1,1,Piemonte,Piemonte,4356406,46667,1.07,0.37
2516,2021-01-18,PIE,6166,2048,4118,5917,249,ITC,ITC1,1,Piemonte,Piemonte,4356406,52833,1.21,0.14
2517,2021-05-31,PIE,28863,13881,14982,20477,8386,ITC,ITC1,1,Piemonte,Piemonte,4356406,81696,1.88,0.66
2518,2021-01-01,PIE,1038,395,643,1038,0,ITC,ITC1,1,Piemonte,Piemonte,4356406,82734,1.9,0.02
2519,2021-03-02,PIE,11202,4506,6696,10386,816,ITC,ITC1,1,Piemonte,Piemonte,4356406,93936,2.16,0.26
2520,2021-02-13,PIE,4153,1334,2819,2931,1222,ITC,ITC1,1,Piemonte,Piemonte,4356406,98089,2.25,0.1
2521,2021-05-26,PIE,32314,14796,17518,15603,16711,ITC,ITC1,1,Piemonte,Piemonte,4356406,130403,2.99,0.74
2522,2021-01-27,PIE,4196,1453,2743,999,3197,ITC,ITC1,1,Piemonte,Piemonte,4356406,134599,3.09,0.1
2523,2021-05-09,PIE,27052,12898,14154,13445,13607,ITC,ITC1,1,Piemonte,Piemonte,4356406,161651,3.71,0.62
2524,2021-01-23,PIE,4257,1325,2932,879,3378,ITC,ITC1,1,Piemonte,Piemonte,4356406,165908,3.81,0.1
2525,2021-03-23,PIE,13073,5448,7625,6828,6245,ITC,ITC1,1,Piemonte,Piemonte,4356406,178981,4.11,0.3
2526,2021-05-05,PIE,32126,15034,17092,19117,13009,ITC,ITC1,1,Piemonte,Piemonte,4356406,211107,4.85,0.74
2527,2021-05-24,PIE,28618,13132,15486,16980,11638,ITC,ITC1,1,Piemonte,Piemonte,4356406,239725,5.5,0.66
2528,2021-05-07,PIE,32943,15548,17395,18900,14043,ITC,ITC1,1,Piemonte,Piemonte,4356406,272668,6.26,0.76
2529,2021-03-04,PIE,14496,5734,8762,11548,2948,ITC,ITC1,1,Piemonte,Piemonte,4356406,287164,6.59,0.33
2530,2021-04-20,PIE,25455,11655,13800,19111,6344,ITC,ITC1,1,Piemonte,Piemonte,4356406,312619,7.18,0.58
2531,2021-02-15,PIE,4432,1597,2835,3227,1205,ITC,ITC1,1,Piemonte,Piemonte,4356406,317051,7.28,0.1
2532,2021-01-16,PIE,7771,2630,5141,7771,0,ITC,ITC1,1,Piemonte,Piemonte,4356406,324822,7.46,0.18
2533,2021-03-21,PIE,10723,4738,5985,4189,6534,ITC,ITC1,1,Piemonte,Piemonte,4356406,335545,7.7,0.25
2534,2021-03-30,PIE,16891,7033,9858,9020,7871,ITC,ITC1,1,Piemonte,Piemonte,4356406,352436,8.09,0.39
2535,2021-01-25,PIE,6215,1938,4277,983,5232,ITC,ITC1,1,Piemonte,Piemonte,4356406,358651,8.23,0.14
2536,2021-04-23,PIE,27434,12597,14837,20672,6762,ITC,ITC1,1,Piemonte,Piemonte,4356406,386085,8.86,0.63
2537,2021-03-18,PIE,11756,4803,6953,4029,7727,ITC,ITC1,1,Piemonte,Piemonte,4356406,397841,9.13,0.27
2538,2021-03-20,PIE,11921,4898,7023,6023,5898,ITC,ITC1,1,Piemonte,Piemonte,4356406,409762,9.41,0.27
2539,2021-02-27,PIE,12691,4851,7840,12346,345,ITC,ITC1,1,Piemonte,Piemonte,4356406,422453,9.7,0.29
2540,2021-04-25,PIE,20223,9303,10920,17722,2501,ITC,ITC1,1,Piemonte,Piemonte,4356406,442676,10.16,0.46
2541,2021-05-02,PIE,25045,11263,13782,14300,10745,ITC,ITC1,1,Piemonte,Piemonte,4356406,467721,10.74,0.57
2542,2021-03-13,PIE,13044,4720,8324,11600,1444,ITC,ITC1,1,Piemonte,Piemonte,4356406,480765,11.04,0.3
2543,2021-01-08,PIE,5531,1761,3770,5531,0,ITC,ITC1,1,Piemonte,Piemonte,4356406,486296,11.16,0.13
2544,2021-02-04,PIE,10203,3339,6864,588,9615,ITC,ITC1,1,Piemonte,Piemonte,4356406,496499,11.4,0.23
2545,2021-04-30,PIE,31770,14277,17493,18444,13326,ITC,ITC1,1,Piemonte,Piemonte,4356406,528269,12.13,0.73
2546,2021-03-11,PIE,13773,5075,8698,10676,3097,ITC,ITC1,1,Piemonte,Piemonte,4356406,542042,12.44,0.32
2547,2021-01-20,PIE,6616,2089,4527,5899,717,ITC,ITC1,1,Piemonte,Piemonte,4356406,548658,12.59,0.15
2548,2021-03-25,PIE,17062,7203,9859,8423,8639,ITC,ITC1,1,Piemonte,Piemonte,4356406,565720,12.99,0.39
2549,2021-02-03,PIE,10199,3303,6896,611,9588,ITC,ITC1,1,Piemonte,Piemonte,4356406,575919,13.22,0.23
2550,2021-04-21,PIE,25733,11828,13905,20400,5333,ITC,ITC1,1,Piemonte,Piemonte,4356406,601652,13.81,0.59
2551,2021-04-04,PIE,9254,4059,5195,6541,2713,ITC,ITC1,1,Piemonte,Piemonte,4356406,610906,14.02,0.21
2552,2021-01-11,PIE,8744,2980,5764,8744,0,ITC,ITC1,1,Piemonte,Piemonte,4356406,619650,14.22,0.2
2553,2021-04-06,PIE,20240,8810,11430,15044,5196,ITC,ITC1,1,Piemonte,Piemonte,4356406,639890,14.69,0.46
2554,2020-12-27,PIE,913,369,544,913,0,ITC,ITC1,1,Piemonte,Piemonte,4356406,640803,14.71,0.02
2555,2021-05-14,PIE,33280,16195,17085,17922,15358,ITC,ITC1,1,Piemonte,Piemonte,4356406,674083,15.47,0.76
2556,2021-05-21,PIE,35857,16614,19243,20366,15491,ITC,ITC1,1,Piemonte,Piemonte,4356406,709940,16.3,0.82
2557,2021-01-04,PIE,5564,1679,3885,5564,0,ITC,ITC1,1,Piemonte,Piemonte,4356406,715504,16.42,0.13
2558,2021-04-28,PIE,25986,11711,14275,15954,10032,ITC,ITC1,1,Piemonte,Piemonte,4356406,741490,17.02,0.6
2559,2021-02-23,PIE,9234,3713,5521,8653,581,ITC,ITC1,1,Piemonte,Piemonte,4356406,750724,17.23,0.21
2560,2021-04-11,PIE,20824,9317,11507,18663,2161,ITC,ITC1,1,Piemonte,Piemonte,4356406,771548,17.71,0.48
2561,2021-02-06,PIE,7995,2666,5329,400,7595,ITC,ITC1,1,Piemonte,Piemonte,4356406,779543,17.89,0.18
2562,2021-03-09,PIE,13966,5428,8538,11624,2342,ITC,ITC1,1,Piemonte,Piemonte,4356406,793509,18.21,0.32
2563,2021-02-20,PIE,3833,1253,2580,3659,174,ITC,ITC1,1,Piemonte,Piemonte,4356406,797342,18.3,0.09
2564,2021-02-11,PIE,6764,2107,4657,3006,3758,ITC,ITC1,1,Piemonte,Piemonte,4356406,804106,18.46,0.16
2565,2021-04-09,PIE,25847,11387,14460,21338,4509,ITC,ITC1,1,Piemonte,Piemonte,4356406,829953,19.05,0.59
2566,2021-06-05,PIE,28867,14743,14124,25124,3743,ITC,ITC1,1,Piemonte,Piemonte,4356406,858820,19.71,0.66
2567,2021-04-02,PIE,20130,8298,11832,11703,8427,ITC,ITC1,1,Piemonte,Piemonte,4356406,878950,20.18,0.46
2568,2021-05-29,PIE,32702,15186,17516,20557,12145,ITC,ITC1,1,Piemonte,Piemonte,4356406,911652,20.93,0.75
2569,2020-12-30,PIE,730,322,408,730,0,ITC,ITC1,1,Piemonte,Piemonte,4356406,912382,20.94,0.02
2570,2021-02-25,PIE,12218,5252,6966,11671,547,ITC,ITC1,1,Piemonte,Piemonte,4356406,924600,21.22,0.28
2571,2021-02-18,PIE,4790,2093,2697,4360,430,ITC,ITC1,1,Piemonte,Piemonte,4356406,929390,21.33,0.11
2572,2021-04-16,PIE,28388,13206,15182,23404,4984,ITC,ITC1,1,Piemonte,Piemonte,4356406,957778,21.99,0.65
2573,2021-01-13,PIE,10080,3223,6857,10080,0,ITC,ITC1,1,Piemonte,Piemonte,4356406,967858,22.22,0.23
2574,2021-01-06,PIE,3116,1111,2005,3116,0,ITC,ITC1,1,Piemonte,Piemonte,4356406,970974,22.29,0.07
2575,2021-06-02,PIE,26500,12986,13514,22045,4455,ITC,ITC1,1,Piemonte,Piemonte,4356406,997474,22.9,0.61
2576,2021-02-22,PIE,8482,3472,5010,7892,590,ITC,ITC1,1,Piemonte,Piemonte,4356406,1005956,23.09,0.19
2577,2021-03-14,PIE,8205,3336,4869,5308,2897,ITC,ITC1,1,Piemonte,Piemonte,4356406,1014161,23.28,0.19
2578,2021-05-10,PIE,28669,13737,14932,15655,13014,ITC,ITC1,1,Piemonte,Piemonte,4356406,1042830,23.94,0.66
2579,2021-05-19,PIE,32930,15137,17793,21983,10947,ITC,ITC1,1,Piemonte,Piemonte,4356406,1075760,24.69,0.76
2580,2021-01-30,PIE,5980,2136,3844,218,5762,ITC,ITC1,1,Piemonte,Piemonte,4356406,1081740,24.83,0.14
2581,2021-03-16,PIE,10520,4268,6252,4463,6057,ITC,ITC1,1,Piemonte,Piemonte,4356406,1092260,25.07,0.24
2582,2021-05-12,PIE,31697,15066,16631,18934,12763,ITC,ITC1,1,Piemonte,Piemonte,4356406,1123957,25.8,0.73
2583,2021-02-08,PIE,6917,2356,4561,666,6251,ITC,ITC1,1,Piemonte,Piemonte,4356406,1130874,25.96,0.16
2584,2021-02-01,PIE,8645,3055,5590,579,8066,ITC,ITC1,1,Piemonte,Piemonte,4356406,1139519,26.16,0.2
2585,2021-02-05,PIE,9601,3138,6463,659,8942,ITC,ITC1,1,Piemonte,Piemonte,4356406,1149120,26.38,0.22
2586,2021-03-27,PIE,18385,7827,10558,9554,8831,ITC,ITC1,1,Piemonte,Piemonte,4356406,1167505,26.8,0.42
2587,2021-03-10,PIE,13635,5169,8466,11341,2294,ITC,ITC1,1,Piemonte,Piemonte,4356406,1181140,27.11,0.31
2588,2021-01-19,PIE,6466,2105,4361,6454,12,ITC,ITC1,1,Piemonte,Piemonte,4356406,1187606,27.26,0.15
2589,2021-04-14,PIE,27703,12559,15144,23182,4521,ITC,ITC1,1,Piemonte,Piemonte,4356406,1215309,27.9,0.64
2590,2020-12-28,PIE,1,1,0,1,0,ITC,ITC1,1,Piemonte,Piemonte,4356406,1215310,27.9,0.0
2591,2021-04-18,PIE,22951,10817,12134,20197,2754,ITC,ITC1,1,Piemonte,Piemonte,4356406,1238261,28.42,0.53
2592,2021-01-15,PIE,9114,3012,6102,9114,0,ITC,ITC1,1,Piemonte,Piemonte,4356406,1247375,28.63,0.21
2593,2021-01-10,PIE,5214,2275,2939,5214,0,ITC,ITC1,1,Piemonte,Piemonte,4356406,1252589,28.75,0.12
2594,2021-04-22,PIE,27629,12712,14917,20932,6697,ITC,ITC1,1,Piemonte,Piemonte,4356406,1280218,29.39,0.63
2595,2021-04-05,PIE,14746,6233,8513,12189,2557,ITC,ITC1,1,Piemonte,Piemonte,4356406,1294964,29.73,0.34
2596,2021-04-01,PIE,19330,8073,11257,11210,8120,ITC,ITC1,1,Piemonte,Piemonte,4356406,1314294,30.17,0.44
2597,2021-05-30,PIE,27697,13184,14513,18373,9324,ITC,ITC1,1,Piemonte,Piemonte,4356406,1341991,30.81,0.64
2598,2021-06-04,PIE,34681,17961,16720,31999,2682,ITC,ITC1,1,Piemonte,Piemonte,4356406,1376672,31.6,0.8
2599,2021-02-17,PIE,4793,2156,2637,3803,990,ITC,ITC1,1,Piemonte,Piemonte,4356406,1381465,31.71,0.11
2600,2021-02-26,PIE,12293,4933,7360,11556,737,ITC,ITC1,1,Piemonte,Piemonte,4356406,1393758,31.99,0.28
2601,2021-04-26,PIE,19758,8732,11026,15359,4399,ITC,ITC1,1,Piemonte,Piemonte,4356406,1413516,32.45,0.45
2602,2021-04-03,PIE,19430,8156,11274,10883,8547,ITC,ITC1,1,Piemonte,Piemonte,4356406,1432946,32.89,0.45
2603,2021-01-29,PIE,5943,1886,4057,455,5488,ITC,ITC1,1,Piemonte,Piemonte,4356406,1438889,33.03,0.14
2604,2021-01-12,PIE,10089,3415,6674,10089,0,ITC,ITC1,1,Piemonte,Piemonte,4356406,1448978,33.26,0.23
2605,2021-03-17,PIE,12518,5055,7463,5224,7294,ITC,ITC1,1,Piemonte,Piemonte,4356406,1461496,33.55,0.29
2606,2021-02-28,PIE,10816,4060,6756,10576,240,ITC,ITC1,1,Piemonte,Piemonte,4356406,1472312,33.8,0.25
2607,2021-05-28,PIE,34671,16333,18338,18944,15727,ITC,ITC1,1,Piemonte,Piemonte,4356406,1506983,34.59,0.8
2608,2021-02-24,PIE,11409,4629,6780,10904,505,ITC,ITC1,1,Piemonte,Piemonte,4356406,1518392,34.85,0.26
2609,2021-02-19,PIE,5535,2175,3360,5034,501,ITC,ITC1,1,Piemonte,Piemonte,4356406,1523927,34.98,0.13
2610,2021-04-24,PIE,27450,12419,15031,21808,5642,ITC,ITC1,1,Piemonte,Piemonte,4356406,1551377,35.61,0.63
2611,2021-05-23,PIE,28683,13125,15558,15748,12935,ITC,ITC1,1,Piemonte,Piemonte,4356406,1580060,36.27,0.66
2612,2021-03-03,PIE,12120,4644,7476,11301,819,ITC,ITC1,1,Piemonte,Piemonte,4356406,1592180,36.55,0.28
2613,2021-05-06,PIE,33219,15630,17589,19761,13458,ITC,ITC1,1,Piemonte,Piemonte,4356406,1625399,37.31,0.76
2614,2021-02-12,PIE,6891,2215,4676,3930,2961,ITC,ITC1,1,Piemonte,Piemonte,4356406,1632290,37.47,0.16
2615,2021-01-26,PIE,6331,1879,4452,735,5596,ITC,ITC1,1,Piemonte,Piemonte,4356406,1638621,37.61,0.15
2616,2021-05-08,PIE,34127,16188,17939,18494,15633,ITC,ITC1,1,Piemonte,Piemonte,4356406,1672748,38.4,0.78
2617,2021-05-20,PIE,38284,17707,20577,13561,24723,ITC,ITC1,1,Piemonte,Piemonte,4356406,1711032,39.28,0.88
2618,2021-02-02,PIE,10241,3509,6732,816,9425,ITC,ITC1,1,Piemonte,Piemonte,4356406,1721273,39.51,0.24
2619,2021-02-16,PIE,3967,1756,2211,3209,758,ITC,ITC1,1,Piemonte,Piemonte,4356406,1725240,39.6,0.09
2620,2021-03-01,PIE,12042,4845,7197,11233,809,ITC,ITC1,1,Piemonte,Piemonte,4356406,1737282,39.88,0.28
2621,2021-05-25,PIE,31005,14365,16640,15964,15041,ITC,ITC1,1,Piemonte,Piemonte,4356406,1768287,40.59,0.71
2622,2021-02-14,PIE,1476,498,978,876,600,ITC,ITC1,1,Piemonte,Piemonte,4356406,1769763,40.62,0.03
2623,2021-05-01,PIE,28526,12993,15533,16728,11798,ITC,ITC1,1,Piemonte,Piemonte,4356406,1798289,41.28,0.65
2624,2021-01-21,PIE,6923,2318,4605,3427,3496,ITC,ITC1,1,Piemonte,Piemonte,4356406,1805212,41.44,0.16
2625,2021-05-15,PIE,33612,15674,17938,19977,13635,ITC,ITC1,1,Piemonte,Piemonte,4356406,1838824,42.21,0.77
2626,2021-05-16,PIE,28111,12762,15349,15055,13056,ITC,ITC1,1,Piemonte,Piemonte,4356406,1866935,42.85,0.65
2627,2021-04-29,PIE,48286,21842,26444,35668,12618,ITC,ITC1,1,Piemonte,Piemonte,4356406,1915221,43.96,1.11
2628,2021-02-10,PIE,7535,2371,5164,1316,6219,ITC,ITC1,1,Piemonte,Piemonte,4356406,1922756,44.14,0.17
2629,2021-04-08,PIE,25142,10929,14213,20412,4730,ITC,ITC1,1,Piemonte,Piemonte,4356406,1947898,44.71,0.58
2630,2021-04-15,PIE,29632,13572,16060,24150,5482,ITC,ITC1,1,Piemonte,Piemonte,4356406,1977530,45.39,0.68
2631,2021-04-17,PIE,30447,14144,16303,27133,3314,ITC,ITC1,1,Piemonte,Piemonte,4356406,2007977,46.09,0.7
2632,2021-04-10,PIE,30163,13416,16747,25884,4279,ITC,ITC1,1,Piemonte,Piemonte,4356406,2038140,46.78,0.69
2633,2021-01-05,PIE,5381,1603,3778,5381,0,ITC,ITC1,1,Piemonte,Piemonte,4356406,2043521,46.91,0.12
2634,2021-01-07,PIE,5387,1739,3648,5387,0,ITC,ITC1,1,Piemonte,Piemonte,4356406,2048908,47.03,0.12
2635,2021-03-05,PIE,15268,5961,9307,11451,3817,ITC,ITC1,1,Piemonte,Piemonte,4356406,2064176,47.38,0.35
2636,2020-12-31,PIE,3909,1334,2575,3909,0,ITC,ITC1,1,Piemonte,Piemonte,4356406,2068085,47.47,0.09
2637,2021-04-13,PIE,25929,11608,14321,22469,3460,ITC,ITC1,1,Piemonte,Piemonte,4356406,2094014,48.07,0.6
2638,2021-01-03,PIE,3063,967,2096,3063,0,ITC,ITC1,1,Piemonte,Piemonte,4356406,2097077,48.14,0.07
2639,2021-05-18,PIE,31821,14599,17222,19366,12455,ITC,ITC1,1,Piemonte,Piemonte,4356406,2128898,48.87,0.73
2640,2021-03-29,PIE,15161,6385,8776,8549,6612,ITC,ITC1,1,Piemonte,Piemonte,4356406,2144059,49.22,0.35
2641,2021-04-12,PIE,22929,10356,12573,19939,2990,ITC,ITC1,1,Piemonte,Piemonte,4356406,2166988,49.74,0.53
2642,2021-06-01,PIE,28931,14459,14472,24728,4203,ITC,ITC1,1,Piemonte,Piemonte,4356406,2195919,50.41,0.66
2643,2021-01-02,PIE,3545,1134,2411,3545,0,ITC,ITC1,1,Piemonte,Piemonte,4356406,2199464,50.49,0.08
2644,2021-06-03,PIE,33382,17076,16306,29395,3987,ITC,ITC1,1,Piemonte,Piemonte,4356406,2232846,51.25,0.77
2645,2021-03-06,PIE,13994,5211,8783,11205,2789,ITC,ITC1,1,Piemonte,Piemonte,4356406,2246840,51.58,0.32
2646,2021-01-22,PIE,3867,1249,2618,2526,1341,ITC,ITC1,1,Piemonte,Piemonte,4356406,2250707,51.66,0.09
2647,2021-05-13,PIE,35385,17291,18094,20526,14859,ITC,ITC1,1,Piemonte,Piemonte,4356406,2286092,52.48,0.81
2648,2021-05-27,PIE,36953,17112,19841,19051,17902,ITC,ITC1,1,Piemonte,Piemonte,4356406,2323045,53.32,0.85
2649,2021-03-24,PIE,15505,6341,9164,6378,9127,ITC,ITC1,1,Piemonte,Piemonte,4356406,2338550,53.68,0.36
2650,2021-03-31,PIE,19106,8102,11004,10413,8693,ITC,ITC1,1,Piemonte,Piemonte,4356406,2357656,54.12,0.44
2651,2021-03-08,PIE,13948,5295,8653,11234,2714,ITC,ITC1,1,Piemonte,Piemonte,4356406,2371604,54.44,0.32
2652,2021-05-04,PIE,28483,13077,15406,16397,12086,ITC,ITC1,1,Piemonte,Piemonte,4356406,2400087,55.09,0.65
2653,2021-04-27,PIE,22575,10207,12368,17438,5137,ITC,ITC1,1,Piemonte,Piemonte,4356406,2422662,55.61,0.52
2654,2021-01-17,PIE,3518,1168,2350,2870,648,ITC,ITC1,1,Piemonte,Piemonte,4356406,2426180,55.69,0.08
2655,2021-03-15,PIE,10658,4162,6496,5037,5621,ITC,ITC1,1,Piemonte,Piemonte,4356406,2436838,55.94,0.24
2656,2021-05-11,PIE,31976,15401,16575,18836,13140,ITC,ITC1,1,Piemonte,Piemonte,4356406,2468814,56.67,0.73
2657,2021-01-24,PIE,3153,959,2194,434,2719,ITC,ITC1,1,Piemonte,Piemonte,4356406,2471967,56.74,0.07
2658,2021-03-22,PIE,11510,4880,6630,3904,7606,ITC,ITC1,1,Piemonte,Piemonte,4356406,2483477,57.01,0.26
2659,2021-01-31,PIE,4113,1753,2360,112,4001,ITC,ITC1,1,Piemonte,Piemonte,4356406,2487590,57.1,0.09
2660,2021-02-07,PIE,3088,974,2114,445,2643,ITC,ITC1,1,Piemonte,Piemonte,4356406,2490678,57.17,0.07
2661,2021-03-07,PIE,11976,4658,7318,11099,877,ITC,ITC1,1,Piemonte,Piemonte,4356406,2502654,57.45,0.27
2662,2021-03-19,PIE,11019,4511,6508,4414,6605,ITC,ITC1,1,Piemonte,Piemonte,4356406,2513673,57.7,0.25
2663,2021-01-14,PIE,9766,3152,6614,9766,0,ITC,ITC1,1,Piemonte,Piemonte,4356406,2523439,57.92,0.22
2664,2021-05-03,PIE,26647,12161,14486,12509,14138,ITC,ITC1,1,Piemonte,Piemonte,4356406,2550086,58.54,0.61
2665,2021-01-28,PIE,5591,1809,3782,384,5207,ITC,ITC1,1,Piemonte,Piemonte,4356406,2555677,58.66,0.13
2666,2021-03-12,PIE,13950,5184,8766,11015,2935,ITC,ITC1,1,Piemonte,Piemonte,4356406,2569627,58.99,0.32
2667,2021-03-26,PIE,17748,6982,10766,8840,8908,ITC,ITC1,1,Piemonte,Piemonte,4356406,2587375,59.39,0.41
2668,2021-04-07,PIE,23606,9995,13611,18143,5463,ITC,ITC1,1,Piemonte,Piemonte,4356406,2610981,59.93,0.54
2669,2021-04-19,PIE,22533,10763,11770,18169,4364,ITC,ITC1,1,Piemonte,Piemonte,4356406,2633514,60.45,0.52
2670,2021-01-09,PIE,6184,2185,3999,6184,0,ITC,ITC1,1,Piemonte,Piemonte,4356406,2639698,60.59,0.14
2671,2021-02-21,PIE,5090,2083,3007,4988,102,ITC,ITC1,1,Piemonte,Piemonte,4356406,2644788,60.71,0.12
2672,2021-02-09,PIE,7392,2316,5076,722,6670,ITC,ITC1,1,Piemonte,Piemonte,4356406,2652180,60.88,0.17
2673,2021-05-22,PIE,33345,15068,18277,17224,16121,ITC,ITC1,1,Piemonte,Piemonte,4356406,2685525,61.65,0.77
2674,2021-01-30,LOM,12306,4562,7744,154,12152,ITC,ITC4,3,Lombardia,Lombardia,10060574,12306,0.12,0.12
2675,2021-02-13,LOM,6417,2441,3976,4941,1476,ITC,ITC4,3,Lombardia,Lombardia,10060574,18723,0.19,0.06
2676,2021-01-13,LOM,26356,8052,18304,26356,0,ITC,ITC4,3,Lombardia,Lombardia,10060574,45079,0.45,0.26
2677,2021-03-14,LOM,14871,5348,9523,11588,3283,ITC,ITC4,3,Lombardia,Lombardia,10060574,59950,0.6,0.15
2678,2021-05-17,LOM,94523,45274,49249,30206,64317,ITC,ITC4,3,Lombardia,Lombardia,10060574,154473,1.54,0.94
2679,2021-02-25,LOM,15224,6312,8912,13666,1558,ITC,ITC4,3,Lombardia,Lombardia,10060574,169697,1.69,0.15
2680,2021-04-30,LOM,116919,54649,62270,89722,27197,ITC,ITC4,3,Lombardia,Lombardia,10060574,286616,2.85,1.16
2681,2021-02-08,LOM,10074,2917,7157,2130,7944,ITC,ITC4,3,Lombardia,Lombardia,10060574,296690,2.95,0.1
2682,2021-02-04,LOM,27639,8067,19572,1991,25648,ITC,ITC4,3,Lombardia,Lombardia,10060574,324329,3.22,0.27
2683,2021-04-09,LOM,52204,22286,29918,36216,15988,ITC,ITC4,3,Lombardia,Lombardia,10060574,376533,3.74,0.52
2684,2021-04-04,LOM,7611,3230,4381,3716,3895,ITC,ITC4,3,Lombardia,Lombardia,10060574,384144,3.82,0.08
2685,2021-01-01,LOM,24,7,17,24,0,ITC,ITC4,3,Lombardia,Lombardia,10060574,384168,3.82,0.0
2686,2021-03-06,LOM,21300,9082,12218,16788,4512,ITC,ITC4,3,Lombardia,Lombardia,10060574,405468,4.03,0.21
2687,2021-02-23,LOM,11791,4797,6994,11465,326,ITC,ITC4,3,Lombardia,Lombardia,10060574,417259,4.15,0.12
2688,2021-06-05,LOM,70227,36011,34216,63358,6869,ITC,ITC4,3,Lombardia,Lombardia,10060574,487486,4.85,0.7
2689,2021-05-19,LOM,82664,39512,43152,33785,48879,ITC,ITC4,3,Lombardia,Lombardia,10060574,570150,5.67,0.82
2690,2021-02-06,LOM,15235,5532,9703,1014,14221,ITC,ITC4,3,Lombardia,Lombardia,10060574,585385,5.82,0.15
2691,2021-04-02,LOM,41132,16826,24306,26688,14444,ITC,ITC4,3,Lombardia,Lombardia,10060574,626517,6.23,0.41
2692,2021-04-11,LOM,32194,13934,18260,24806,7388,ITC,ITC4,3,Lombardia,Lombardia,10060574,658711,6.55,0.32
2693,2020-12-30,LOM,114,42,72,114,0,ITC,ITC4,3,Lombardia,Lombardia,10060574,658825,6.55,0.0
2694,2021-02-27,LOM,13944,5869,8075,13303,641,ITC,ITC4,3,Lombardia,Lombardia,10060574,672769,6.69,0.14
2695,2021-05-03,LOM,83640,39731,43909,71524,12116,ITC,ITC4,3,Lombardia,Lombardia,10060574,756409,7.52,0.83
2696,2021-03-28,LOM,20462,7801,12661,14300,6162,ITC,ITC4,3,Lombardia,Lombardia,10060574,776871,7.72,0.2
2697,2021-04-16,LOM,53606,23901,29705,39268,14338,ITC,ITC4,3,Lombardia,Lombardia,10060574,830477,8.25,0.53
2698,2021-01-23,LOM,1114,357,757,916,198,ITC,ITC4,3,Lombardia,Lombardia,10060574,831591,8.27,0.01
2699,2021-03-11,LOM,36183,13463,22720,26291,9892,ITC,ITC4,3,Lombardia,Lombardia,10060574,867774,8.63,0.36
2700,2021-01-06,LOM,7058,2491,4567,7058,0,ITC,ITC4,3,Lombardia,Lombardia,10060574,874832,8.7,0.07
2701,2021-01-16,LOM,15425,5731,9694,15425,0,ITC,ITC4,3,Lombardia,Lombardia,10060574,890257,8.85,0.15
2702,2021-03-07,LOM,12077,5353,6724,9521,2556,ITC,ITC4,3,Lombardia,Lombardia,10060574,902334,8.97,0.12
2703,2021-05-07,LOM,92063,43582,48481,69873,22190,ITC,ITC4,3,Lombardia,Lombardia,10060574,994397,9.88,0.92
2704,2021-03-25,LOM,42599,15891,26708,30011,12588,ITC,ITC4,3,Lombardia,Lombardia,10060574,1036996,10.31,0.42
2705,2021-05-14,LOM,85602,41230,44372,55536,30066,ITC,ITC4,3,Lombardia,Lombardia,10060574,1122598,11.16,0.85
2706,2021-01-28,LOM,12186,3690,8496,766,11420,ITC,ITC4,3,Lombardia,Lombardia,10060574,1134784,11.28,0.12
2707,2021-04-25,LOM,51480,23608,27872,46746,4734,ITC,ITC4,3,Lombardia,Lombardia,10060574,1186264,11.79,0.51
2708,2021-04-14,LOM,47112,21003,26109,34147,12965,ITC,ITC4,3,Lombardia,Lombardia,10060574,1233376,12.26,0.47
2709,2021-01-04,LOM,6094,2101,3993,6094,0,ITC,ITC4,3,Lombardia,Lombardia,10060574,1239470,12.32,0.06
2710,2021-03-30,LOM,39467,15478,23989,24695,14772,ITC,ITC4,3,Lombardia,Lombardia,10060574,1278937,12.71,0.39
2711,2021-06-02,LOM,84474,43522,40952,78259,6215,ITC,ITC4,3,Lombardia,Lombardia,10060574,1363411,13.55,0.84
2712,2021-03-26,LOM,41134,15600,25534,28066,13068,ITC,ITC4,3,Lombardia,Lombardia,10060574,1404545,13.96,0.41
2713,2021-05-22,LOM,70285,33708,36577,32353,37932,ITC,ITC4,3,Lombardia,Lombardia,10060574,1474830,14.66,0.7
2714,2021-05-29,LOM,87864,42187,45677,42022,45842,ITC,ITC4,3,Lombardia,Lombardia,10060574,1562694,15.53,0.87
2715,2021-05-24,LOM,89138,43251,45887,49432,39706,ITC,ITC4,3,Lombardia,Lombardia,10060574,1651832,16.42,0.89
2716,2021-02-11,LOM,17032,5000,12032,9694,7338,ITC,ITC4,3,Lombardia,Lombardia,10060574,1668864,16.59,0.17
2717,2021-05-31,LOM,95329,47210,48119,79336,15993,ITC,ITC4,3,Lombardia,Lombardia,10060574,1764193,17.54,0.95
2718,2021-02-18,LOM,14026,4915,9111,13011,1015,ITC,ITC4,3,Lombardia,Lombardia,10060574,1778219,17.68,0.14
2719,2021-02-20,LOM,9334,3866,5468,9037,297,ITC,ITC4,3,Lombardia,Lombardia,10060574,1787553,17.77,0.09
2720,2021-04-18,LOM,36342,16203,20139,31114,5228,ITC,ITC4,3,Lombardia,Lombardia,10060574,1823895,18.13,0.36
2721,2021-05-10,LOM,85182,40855,44327,63678,21504,ITC,ITC4,3,Lombardia,Lombardia,10060574,1909077,18.98,0.85
2722,2021-04-23,LOM,73374,33275,40099,56863,16511,ITC,ITC4,3,Lombardia,Lombardia,10060574,1982451,19.71,0.73
2723,2021-03-21,LOM,23506,8492,15014,18313,5193,ITC,ITC4,3,Lombardia,Lombardia,10060574,2005957,19.94,0.23
2724,2021-03-04,LOM,29294,12097,17197,20240,9054,ITC,ITC4,3,Lombardia,Lombardia,10060574,2035251,20.23,0.29
2725,2021-02-16,LOM,9503,3073,6430,9055,448,ITC,ITC4,3,Lombardia,Lombardia,10060574,2044754,20.32,0.09
2726,2020-12-28,LOM,107,47,60,107,0,ITC,ITC4,3,Lombardia,Lombardia,10060574,2044861,20.33,0.0
2727,2021-04-21,LOM,71653,32503,39150,57066,14587,ITC,ITC4,3,Lombardia,Lombardia,10060574,2116514,21.04,0.71
2728,2021-03-02,LOM,22798,9694,13104,19765,3033,ITC,ITC4,3,Lombardia,Lombardia,10060574,2139312,21.26,0.23
2729,2021-01-11,LOM,16142,5346,10796,16142,0,ITC,ITC4,3,Lombardia,Lombardia,10060574,2155454,21.42,0.16
2730,2021-05-26,LOM,93122,44374,48748,43522,49600,ITC,ITC4,3,Lombardia,Lombardia,10060574,2248576,22.35,0.93
2731,2021-04-06,LOM,43019,17552,25467,25085,17934,ITC,ITC4,3,Lombardia,Lombardia,10060574,2291595,22.78,0.43
2732,2021-04-28,LOM,95582,43602,51980,68746,26836,ITC,ITC4,3,Lombardia,Lombardia,10060574,2387177,23.73,0.95
2733,2021-03-16,LOM,25466,10111,15355,16416,9050,ITC,ITC4,3,Lombardia,Lombardia,10060574,2412643,23.98,0.25
2734,2021-05-12,LOM,87212,41615,45597,59781,27431,ITC,ITC4,3,Lombardia,Lombardia,10060574,2499855,24.85,0.87
2735,2021-03-09,LOM,33198,12848,20350,25805,7393,ITC,ITC4,3,Lombardia,Lombardia,10060574,2533053,25.18,0.33
2736,2021-05-05,LOM,87802,41873,45929,72544,15258,ITC,ITC4,3,Lombardia,Lombardia,10060574,2620855,26.05,0.87
2737,2021-01-18,LOM,9144,2968,6176,8169,975,ITC,ITC4,3,Lombardia,Lombardia,10060574,2629999,26.14,0.09
2738,2021-03-23,LOM,42493,15399,27094,29638,12855,ITC,ITC4,3,Lombardia,Lombardia,10060574,2672492,26.56,0.42
2739,2021-01-25,LOM,7011,2367,4644,473,6538,ITC,ITC4,3,Lombardia,Lombardia,10060574,2679503,26.63,0.07
2740,2021-02-01,LOM,16053,5315,10738,303,15750,ITC,ITC4,3,Lombardia,Lombardia,10060574,2695556,26.79,0.16
2741,2021-04-08,LOM,52288,21738,30550,35844,16444,ITC,ITC4,3,Lombardia,Lombardia,10060574,2747844,27.31,0.52
2742,2021-02-17,LOM,11973,3746,8227,10584,1389,ITC,ITC4,3,Lombardia,Lombardia,10060574,2759817,27.43,0.12
2743,2021-03-22,LOM,40300,14290,26010,29761,10539,ITC,ITC4,3,Lombardia,Lombardia,10060574,2800117,27.83,0.4
2744,2021-04-22,LOM,73780,33333,40447,57485,16295,ITC,ITC4,3,Lombardia,Lombardia,10060574,2873897,28.57,0.73
2745,2021-04-05,LOM,27376,11694,15682,19273,8103,ITC,ITC4,3,Lombardia,Lombardia,10060574,2901273,28.84,0.27
2746,2021-01-31,LOM,9731,3760,5971,29,9702,ITC,ITC4,3,Lombardia,Lombardia,10060574,2911004,28.93,0.1
2747,2021-05-25,LOM,90797,43435,47362,44589,46208,ITC,ITC4,3,Lombardia,Lombardia,10060574,3001801,29.84,0.9
2748,2021-01-09,LOM,12411,4573,7838,12411,0,ITC,ITC4,3,Lombardia,Lombardia,10060574,3014212,29.96,0.12
2749,2021-01-27,LOM,8033,2672,5361,808,7225,ITC,ITC4,3,Lombardia,Lombardia,10060574,3022245,30.04,0.08
2750,2021-05-21,LOM,93509,45105,48404,29048,64461,ITC,ITC4,3,Lombardia,Lombardia,10060574,3115754,30.97,0.93
2751,2021-03-18,LOM,27377,10952,16425,16147,11230,ITC,ITC4,3,Lombardia,Lombardia,10060574,3143131,31.24,0.27
2752,2021-04-13,LOM,47561,21232,26329,33491,14070,ITC,ITC4,3,Lombardia,Lombardia,10060574,3190692,31.71,0.47
2753,2021-01-22,LOM,3103,865,2238,3034,69,ITC,ITC4,3,Lombardia,Lombardia,10060574,3193795,31.75,0.03
2754,2021-03-27,LOM,32419,12367,20052,23715,8704,ITC,ITC4,3,Lombardia,Lombardia,10060574,3226214,32.07,0.32
2755,2021-01-05,LOM,7821,2567,5254,7821,0,ITC,ITC4,3,Lombardia,Lombardia,10060574,3234035,32.15,0.08
2756,2021-05-04,LOM,86782,41060,45722,72401,14381,ITC,ITC4,3,Lombardia,Lombardia,10060574,3320817,33.01,0.86
2757,2021-03-01,LOM,18773,8227,10546,17068,1705,ITC,ITC4,3,Lombardia,Lombardia,10060574,3339590,33.19,0.19
2758,2021-05-13,LOM,86958,41689,45269,58232,28726,ITC,ITC4,3,Lombardia,Lombardia,10060574,3426548,34.06,0.86
2759,2021-03-10,LOM,33230,12708,20522,25371,7859,ITC,ITC4,3,Lombardia,Lombardia,10060574,3459778,34.39,0.33
2760,2021-05-02,LOM,83496,38330,45166,61036,22460,ITC,ITC4,3,Lombardia,Lombardia,10060574,3543274,35.22,0.83
2761,2021-01-20,LOM,5663,1377,4286,5549,114,ITC,ITC4,3,Lombardia,Lombardia,10060574,3548937,35.28,0.06
2762,2021-04-15,LOM,49384,21834,27550,35578,13806,ITC,ITC4,3,Lombardia,Lombardia,10060574,3598321,35.77,0.49
2763,2021-01-03,LOM,854,316,538,854,0,ITC,ITC4,3,Lombardia,Lombardia,10060574,3599175,35.78,0.01
2764,2021-03-29,LOM,40002,15508,24494,25172,14830,ITC,ITC4,3,Lombardia,Lombardia,10060574,3639177,36.17,0.4
2765,2021-03-08,LOM,29703,11169,18534,22635,7068,ITC,ITC4,3,Lombardia,Lombardia,10060574,3668880,36.47,0.3
2766,2021-01-24,LOM,1199,457,742,536,663,ITC,ITC4,3,Lombardia,Lombardia,10060574,3670079,36.48,0.01
2767,2021-05-06,LOM,89716,42156,47560,73293,16423,ITC,ITC4,3,Lombardia,Lombardia,10060574,3759795,37.37,0.89
2768,2021-05-15,LOM,80650,38703,41947,47367,33283,ITC,ITC4,3,Lombardia,Lombardia,10060574,3840445,38.17,0.8
2769,2021-05-16,LOM,68492,32411,36081,36482,32010,ITC,ITC4,3,Lombardia,Lombardia,10060574,3908937,38.85,0.68
2770,2021-03-13,LOM,27161,9766,17395,21072,6089,ITC,ITC4,3,Lombardia,Lombardia,10060574,3936098,39.12,0.27
2771,2021-02-05,LOM,25609,7437,18172,2384,23225,ITC,ITC4,3,Lombardia,Lombardia,10060574,3961707,39.38,0.25
2772,2021-05-01,LOM,95877,43645,52232,66746,29131,ITC,ITC4,3,Lombardia,Lombardia,10060574,4057584,40.33,0.95
2773,2021-01-21,LOM,5317,1563,3754,4629,688,ITC,ITC4,3,Lombardia,Lombardia,10060574,4062901,40.38,0.05
2774,2021-02-10,LOM,14389,4502,9887,7572,6817,ITC,ITC4,3,Lombardia,Lombardia,10060574,4077290,40.53,0.14
2775,2021-06-01,LOM,93600,45948,47652,76721,16879,ITC,ITC4,3,Lombardia,Lombardia,10060574,4170890,41.46,0.93
2776,2021-01-02,LOM,199,72,127,199,0,ITC,ITC4,3,Lombardia,Lombardia,10060574,4171089,41.46,0.0
2777,2021-02-28,LOM,7882,3253,4629,7672,210,ITC,ITC4,3,Lombardia,Lombardia,10060574,4178971,41.54,0.08
2778,2021-06-04,LOM,103272,53760,49512,94508,8764,ITC,ITC4,3,Lombardia,Lombardia,10060574,4282243,42.56,1.03
2779,2021-02-22,LOM,11894,4807,7087,11589,305,ITC,ITC4,3,Lombardia,Lombardia,10060574,4294137,42.68,0.12
2780,2021-05-18,LOM,88021,42058,45963,32580,55441,ITC,ITC4,3,Lombardia,Lombardia,10060574,4382158,43.56,0.87
2781,2021-02-24,LOM,14655,5922,8733,13730,925,ITC,ITC4,3,Lombardia,Lombardia,10060574,4396813,43.7,0.15
2782,2021-02-07,LOM,7308,2822,4486,338,6970,ITC,ITC4,3,Lombardia,Lombardia,10060574,4404121,43.78,0.07
2783,2021-01-19,LOM,8051,2329,5722,7583,468,ITC,ITC4,3,Lombardia,Lombardia,10060574,4412172,43.86,0.08
2784,2021-05-20,LOM,94194,45516,48678,31815,62379,ITC,ITC4,3,Lombardia,Lombardia,10060574,4506366,44.79,0.94
2785,2021-03-20,LOM,32497,12144,20353,22650,9847,ITC,ITC4,3,Lombardia,Lombardia,10060574,4538863,45.12,0.32
2786,2021-05-09,LOM,69540,32815,36725,56429,13111,ITC,ITC4,3,Lombardia,Lombardia,10060574,4608403,45.81,0.69
2787,2021-01-29,LOM,13437,4115,9322,651,12786,ITC,ITC4,3,Lombardia,Lombardia,10060574,4621840,45.94,0.13
2788,2021-04-24,LOM,75681,33542,42139,54609,21072,ITC,ITC4,3,Lombardia,Lombardia,10060574,4697521,46.69,0.75
2789,2021-03-05,LOM,28896,11917,16979,20496,8400,ITC,ITC4,3,Lombardia,Lombardia,10060574,4726417,46.98,0.29
2790,2021-03-19,LOM,32402,12908,19494,19216,13186,ITC,ITC4,3,Lombardia,Lombardia,10060574,4758819,47.3,0.32
2791,2021-01-14,LOM,26792,7779,19013,26792,0,ITC,ITC4,3,Lombardia,Lombardia,10060574,4785611,47.57,0.27
2792,2021-05-08,LOM,87409,40614,46795,65661,21748,ITC,ITC4,3,Lombardia,Lombardia,10060574,4873020,48.44,0.87
2793,2021-05-28,LOM,92978,44566,48412,42814,50164,ITC,ITC4,3,Lombardia,Lombardia,10060574,4965998,49.36,0.92
2794,2020-12-29,LOM,104,44,60,104,0,ITC,ITC4,3,Lombardia,Lombardia,10060574,4966102,49.36,0.0
2795,2021-03-03,LOM,26953,11506,15447,19678,7275,ITC,ITC4,3,Lombardia,Lombardia,10060574,4993055,49.63,0.27
2796,2021-05-11,LOM,86740,41379,45361,60608,26132,ITC,ITC4,3,Lombardia,Lombardia,10060574,5079795,50.49,0.86
2797,2021-01-12,LOM,20209,6694,13515,20209,0,ITC,ITC4,3,Lombardia,Lombardia,10060574,5100004,50.69,0.2
2798,2021-02-14,LOM,3577,1545,2032,2942,635,ITC,ITC4,3,Lombardia,Lombardia,10060574,5103581,50.73,0.04
2799,2021-01-08,LOM,12694,3916,8778,12694,0,ITC,ITC4,3,Lombardia,Lombardia,10060574,5116275,50.85,0.13
2800,2021-01-15,LOM,25190,7425,17765,25190,0,ITC,ITC4,3,Lombardia,Lombardia,10060574,5141465,51.11,0.25
2801,2021-02-15,LOM,8939,3129,5810,8522,417,ITC,ITC4,3,Lombardia,Lombardia,10060574,5150404,51.19,0.09
2802,2020-12-27,LOM,717,413,304,717,0,ITC,ITC4,3,Lombardia,Lombardia,10060574,5151121,51.2,0.01
2803,2021-05-23,LOM,60729,28917,31812,26789,33940,ITC,ITC4,3,Lombardia,Lombardia,10060574,5211850,51.8,0.6
2804,2021-04-03,LOM,36231,14858,21373,26146,10085,ITC,ITC4,3,Lombardia,Lombardia,10060574,5248081,52.16,0.36
2805,2021-05-30,LOM,74277,35540,38737,34329,39948,ITC,ITC4,3,Lombardia,Lombardia,10060574,5322358,52.9,0.74
2806,2021-02-12,LOM,13935,4356,9579,9018,4917,ITC,ITC4,3,Lombardia,Lombardia,10060574,5336293,53.04,0.14
2807,2021-04-10,LOM,52377,21701,30676,40591,11786,ITC,ITC4,3,Lombardia,Lombardia,10060574,5388670,53.56,0.52
2808,2021-02-19,LOM,14161,5385,8776,13482,679,ITC,ITC4,3,Lombardia,Lombardia,10060574,5402831,53.7,0.14
2809,2021-04-17,LOM,48390,21257,27133,37622,10768,ITC,ITC4,3,Lombardia,Lombardia,10060574,5451221,54.18,0.48
2810,2021-02-26,LOM,18353,7545,10808,16509,1844,ITC,ITC4,3,Lombardia,Lombardia,10060574,5469574,54.37,0.18
2811,2020-12-31,LOM,713,301,412,713,0,ITC,ITC4,3,Lombardia,Lombardia,10060574,5470287,54.37,0.01
2812,2021-01-07,LOM,11754,3634,8120,11754,0,ITC,ITC4,3,Lombardia,Lombardia,10060574,5482041,54.49,0.12
2813,2021-02-03,LOM,25525,7892,17633,1072,24453,ITC,ITC4,3,Lombardia,Lombardia,10060574,5507566,54.74,0.25
2814,2021-04-01,LOM,42926,17216,25710,26733,16193,ITC,ITC4,3,Lombardia,Lombardia,10060574,5550492,55.17,0.43
2815,2021-04-26,LOM,87924,40919,47005,68768,19156,ITC,ITC4,3,Lombardia,Lombardia,10060574,5638416,56.04,0.87
2816,2021-04-20,LOM,67617,30818,36799,57282,10335,ITC,ITC4,3,Lombardia,Lombardia,10060574,5706033,56.72,0.67
2817,2021-01-10,LOM,10513,3957,6556,10513,0,ITC,ITC4,3,Lombardia,Lombardia,10060574,5716546,56.82,0.1
2818,2021-04-27,LOM,85937,39956,45981,69399,16538,ITC,ITC4,3,Lombardia,Lombardia,10060574,5802483,57.68,0.85
2819,2021-04-29,LOM,115417,53560,61857,85609,29808,ITC,ITC4,3,Lombardia,Lombardia,10060574,5917900,58.82,1.15
2820,2021-01-17,LOM,8336,3340,4996,8136,200,ITC,ITC4,3,Lombardia,Lombardia,10060574,5926236,58.91,0.08
2821,2021-03-15,LOM,31544,11326,20218,23030,8514,ITC,ITC4,3,Lombardia,Lombardia,10060574,5957780,59.22,0.31
2822,2021-03-17,LOM,26238,10483,15755,15252,10986,ITC,ITC4,3,Lombardia,Lombardia,10060574,5984018,59.48,0.26
2823,2021-06-03,LOM,96202,49244,46958,85939,10263,ITC,ITC4,3,Lombardia,Lombardia,10060574,6080220,60.44,0.96
2824,2021-03-31,LOM,41940,16972,24968,26718,15222,ITC,ITC4,3,Lombardia,Lombardia,10060574,6122160,60.85,0.42
2825,2021-01-26,LOM,8336,2704,5632,349,7987,ITC,ITC4,3,Lombardia,Lombardia,10060574,6130496,60.94,0.08
2826,2021-03-12,LOM,35244,12952,22292,25046,10198,ITC,ITC4,3,Lombardia,Lombardia,10060574,6165740,61.29,0.35
2827,2021-02-02,LOM,19863,6590,13273,497,19366,ITC,ITC4,3,Lombardia,Lombardia,10060574,6185603,61.48,0.2
2828,2021-04-19,LOM,60086,27337,32749,50683,9403,ITC,ITC4,3,Lombardia,Lombardia,10060574,6245689,62.08,0.6
2829,2021-05-27,LOM,94378,45233,49145,41234,53144,ITC,ITC4,3,Lombardia,Lombardia,10060574,6340067,63.02,0.94
2830,2021-04-07,LOM,50506,20872,29634,34701,15805,ITC,ITC4,3,Lombardia,Lombardia,10060574,6390573,63.52,0.5
2831,2021-04-12,LOM,47215,20571,26644,32882,14333,ITC,ITC4,3,Lombardia,Lombardia,10060574,6437788,63.99,0.47
2832,2021-02-21,LOM,5050,1861,3189,5033,17,ITC,ITC4,3,Lombardia,Lombardia,10060574,6442838,64.04,0.05
2833,2021-03-24,LOM,43215,15597,27618,31340,11875,ITC,ITC4,3,Lombardia,Lombardia,10060574,6486053,64.47,0.43
2834,2021-02-09,LOM,12205,3331,8874,4033,8172,ITC,ITC4,3,Lombardia,Lombardia,10060574,6498258,64.59,0.12
2835,2021-02-14,PUG,787,348,439,663,124,ITF,ITF4,16,Puglia,Puglia,4029053,787,0.02,0.02
2836,2021-01-28,PUG,5472,2277,3195,471,5001,ITF,ITF4,16,Puglia,Puglia,4029053,6259,0.16,0.14
2837,2021-06-01,PUG,33051,16256,16795,20962,12089,ITF,ITF4,16,Puglia,Puglia,4029053,39310,0.98,0.82
2838,2021-03-29,PUG,12906,6013,6893,6170,6736,ITF,ITF4,16,Puglia,Puglia,4029053,52216,1.3,0.32
2839,2021-05-15,PUG,42942,18712,24230,23310,19632,ITF,ITF4,16,Puglia,Puglia,4029053,95158,2.36,1.07
2840,2021-03-12,PUG,13937,6111,7826,10011,3926,ITF,ITF4,16,Puglia,Puglia,4029053,109095,2.71,0.35
2841,2021-02-23,PUG,9351,4423,4928,8876,475,ITF,ITF4,16,Puglia,Puglia,4029053,118446,2.94,0.23
2842,2021-04-24,PUG,29236,13311,15925,25291,3945,ITF,ITF4,16,Puglia,Puglia,4029053,147682,3.67,0.73
2843,2021-02-19,PUG,4730,2009,2721,4338,392,ITF,ITF4,16,Puglia,Puglia,4029053,152412,3.78,0.12
2844,2021-04-19,PUG,27552,12782,14770,24507,3045,ITF,ITF4,16,Puglia,Puglia,4029053,179964,4.47,0.68
2845,2021-01-07,PUG,5716,2457,3259,5716,0,ITF,ITF4,16,Puglia,Puglia,4029053,185680,4.61,0.14
2846,2021-01-16,PUG,2507,1033,1474,2507,0,ITF,ITF4,16,Puglia,Puglia,4029053,188187,4.67,0.06
2847,2021-03-16,PUG,9868,4685,5183,3509,6359,ITF,ITF4,16,Puglia,Puglia,4029053,198055,4.92,0.24
2848,2021-04-28,PUG,19736,8842,10894,14986,4750,ITF,ITF4,16,Puglia,Puglia,4029053,217791,5.41,0.49
2849,2021-03-10,PUG,14413,6251,8162,11295,3118,ITF,ITF4,16,Puglia,Puglia,4029053,232204,5.76,0.36
2850,2021-02-21,PUG,2175,472,1703,2114,61,ITF,ITF4,16,Puglia,Puglia,4029053,234379,5.82,0.05
2851,2021-06-03,PUG,47136,22536,24600,29248,17888,ITF,ITF4,16,Puglia,Puglia,4029053,281515,6.99,1.17
2852,2021-02-04,PUG,5927,2366,3561,1195,4732,ITF,ITF4,16,Puglia,Puglia,4029053,287442,7.13,0.15
2853,2021-05-17,PUG,32205,14756,17449,20569,11636,ITF,ITF4,16,Puglia,Puglia,4029053,319647,7.93,0.8
2854,2021-04-17,PUG,39860,18885,20975,36292,3568,ITF,ITF4,16,Puglia,Puglia,4029053,359507,8.92,0.99
2855,2021-01-14,PUG,4069,1589,2480,4069,0,ITF,ITF4,16,Puglia,Puglia,4029053,363576,9.02,0.1
2856,2021-04-26,PUG,26109,11952,14157,22877,3232,ITF,ITF4,16,Puglia,Puglia,4029053,389685,9.67,0.65
2857,2021-01-09,PUG,4886,2251,2635,4886,0,ITF,ITF4,16,Puglia,Puglia,4029053,394571,9.79,0.12
2858,2021-03-14,PUG,3320,1429,1891,2509,811,ITF,ITF4,16,Puglia,Puglia,4029053,397891,9.88,0.08
2859,2021-02-07,PUG,1579,669,910,253,1326,ITF,ITF4,16,Puglia,Puglia,4029053,399470,9.91,0.04
2860,2021-05-01,PUG,27479,12586,14893,16840,10639,ITF,ITF4,16,Puglia,Puglia,4029053,426949,10.6,0.68
2861,2021-04-12,PUG,29102,13708,15394,26277,2825,ITF,ITF4,16,Puglia,Puglia,4029053,456051,11.32,0.72
2862,2021-01-21,PUG,2132,904,1228,1271,861,ITF,ITF4,16,Puglia,Puglia,4029053,458183,11.37,0.05
2863,2021-01-02,PUG,2949,1301,1648,2949,0,ITF,ITF4,16,Puglia,Puglia,4029053,461132,11.45,0.07
2864,2021-03-26,PUG,11543,5423,6120,6898,4645,ITF,ITF4,16,Puglia,Puglia,4029053,472675,11.73,0.29
2865,2021-03-28,PUG,3527,1650,1877,1202,2325,ITF,ITF4,16,Puglia,Puglia,4029053,476202,11.82,0.09
2866,2021-01-31,PUG,1813,828,985,74,1739,ITF,ITF4,16,Puglia,Puglia,4029053,478015,11.86,0.04
2867,2021-05-29,PUG,29821,14068,15753,20669,9152,ITF,ITF4,16,Puglia,Puglia,4029053,507836,12.6,0.74
2868,2021-05-22,PUG,34126,15630,18496,23880,10246,ITF,ITF4,16,Puglia,Puglia,4029053,541962,13.45,0.85
2869,2021-04-09,PUG,21844,9392,12452,17222,4622,ITF,ITF4,16,Puglia,Puglia,4029053,563806,13.99,0.54
2870,2021-02-25,PUG,11964,5059,6905,10798,1166,ITF,ITF4,16,Puglia,Puglia,4029053,575770,14.29,0.3
2871,2021-05-10,PUG,37386,16487,20899,19525,17861,ITF,ITF4,16,Puglia,Puglia,4029053,613156,15.22,0.93
2872,2021-04-04,PUG,5945,2953,2992,5940,5,ITF,ITF4,16,Puglia,Puglia,4029053,619101,15.37,0.15
2873,2021-03-21,PUG,2692,1226,1466,588,2104,ITF,ITF4,16,Puglia,Puglia,4029053,621793,15.43,0.07
2874,2021-05-24,PUG,34887,16158,18729,24354,10533,ITF,ITF4,16,Puglia,Puglia,4029053,656680,16.3,0.87
2875,2021-01-30,PUG,5527,2514,3013,410,5117,ITF,ITF4,16,Puglia,Puglia,4029053,662207,16.44,0.14
2876,2021-01-19,PUG,1221,452,769,1211,10,ITF,ITF4,16,Puglia,Puglia,4029053,663428,16.47,0.03
2877,2021-04-14,PUG,31796,15014,16782,28490,3306,ITF,ITF4,16,Puglia,Puglia,4029053,695224,17.26,0.79
2878,2021-01-04,PUG,4508,2016,2492,4508,0,ITF,ITF4,16,Puglia,Puglia,4029053,699732,17.37,0.11
2879,2021-03-09,PUG,13292,5791,7501,11284,2008,ITF,ITF4,16,Puglia,Puglia,4029053,713024,17.7,0.33
2880,2021-02-26,PUG,13714,5027,8687,12680,1034,ITF,ITF4,16,Puglia,Puglia,4029053,726738,18.04,0.34
2881,2020-12-31,PUG,1634,782,852,1634,0,ITF,ITF4,16,Puglia,Puglia,4029053,728372,18.08,0.04
2882,2021-03-05,PUG,17368,6888,10480,15072,2296,ITF,ITF4,16,Puglia,Puglia,4029053,745740,18.51,0.43
2883,2021-02-28,PUG,6046,1806,4240,5860,186,ITF,ITF4,16,Puglia,Puglia,4029053,751786,18.66,0.15
2884,2021-05-03,PUG,33125,14789,18336,22507,10618,ITF,ITF4,16,Puglia,Puglia,4029053,784911,19.48,0.82
2885,2021-03-07,PUG,4922,1943,2979,4351,571,ITF,ITF4,16,Puglia,Puglia,4029053,789833,19.6,0.12
2886,2021-01-23,PUG,3040,1294,1746,886,2154,ITF,ITF4,16,Puglia,Puglia,4029053,792873,19.68,0.08
2887,2021-04-05,PUG,12695,6169,6526,12162,533,ITF,ITF4,16,Puglia,Puglia,4029053,805568,19.99,0.32
2888,2021-05-25,PUG,33543,15254,18289,20481,13062,ITF,ITF4,16,Puglia,Puglia,4029053,839111,20.83,0.83
2889,2021-03-19,PUG,7957,3652,4305,3412,4545,ITF,ITF4,16,Puglia,Puglia,4029053,847068,21.02,0.2
2890,2021-05-08,PUG,53973,22828,31145,24326,29647,ITF,ITF4,16,Puglia,Puglia,4029053,901041,22.36,1.34
2891,2021-01-12,PUG,4212,1772,2440,4212,0,ITF,ITF4,16,Puglia,Puglia,4029053,905253,22.47,0.1
2892,2021-04-07,PUG,15328,6790,8538,8656,6672,ITF,ITF4,16,Puglia,Puglia,4029053,920581,22.85,0.38
2893,2021-05-27,PUG,39051,17955,21096,22583,16468,ITF,ITF4,16,Puglia,Puglia,4029053,959632,23.82,0.97
2894,2021-04-21,PUG,23054,10637,12417,19322,3732,ITF,ITF4,16,Puglia,Puglia,4029053,982686,24.39,0.57
2895,2021-02-16,PUG,3380,1453,1927,2736,644,ITF,ITF4,16,Puglia,Puglia,4029053,986066,24.47,0.08
2896,2021-03-02,PUG,16350,6073,10277,15050,1300,ITF,ITF4,16,Puglia,Puglia,4029053,1002416,24.88,0.41
2897,2021-05-20,PUG,32705,14544,18161,20622,12083,ITF,ITF4,16,Puglia,Puglia,4029053,1035121,25.69,0.81
2898,2021-05-06,PUG,39331,17165,22166,19688,19643,ITF,ITF4,16,Puglia,Puglia,4029053,1074452,26.67,0.98
2899,2021-05-13,PUG,38363,17063,21300,21327,17036,ITF,ITF4,16,Puglia,Puglia,4029053,1112815,27.62,0.95
2900,2021-03-17,PUG,10345,4702,5643,4171,6174,ITF,ITF4,16,Puglia,Puglia,4029053,1123160,27.88,0.26
2901,2021-02-09,PUG,3840,1570,2270,2168,1672,ITF,ITF4,16,Puglia,Puglia,4029053,1127000,27.97,0.1
2902,2021-03-24,PUG,13023,6010,7013,5739,7284,ITF,ITF4,16,Puglia,Puglia,4029053,1140023,28.3,0.32
2903,2021-01-26,PUG,5360,2397,2963,570,4790,ITF,ITF4,16,Puglia,Puglia,4029053,1145383,28.43,0.13
2904,2021-03-31,PUG,14050,6357,7693,8494,5556,ITF,ITF4,16,Puglia,Puglia,4029053,1159433,28.78,0.35
2905,2021-02-02,PUG,4344,1846,2498,593,3751,ITF,ITF4,16,Puglia,Puglia,4029053,1163777,28.88,0.11
2906,2021-05-12,PUG,36178,16080,20098,23800,12378,ITF,ITF4,16,Puglia,Puglia,4029053,1199955,29.78,0.9
2907,2021-05-05,PUG,38852,16979,21873,24709,14143,ITF,ITF4,16,Puglia,Puglia,4029053,1238807,30.75,0.96
2908,2021-04-23,PUG,29336,13629,15707,24129,5207,ITF,ITF4,16,Puglia,Puglia,4029053,1268143,31.47,0.73
2909,2021-03-04,PUG,15138,5911,9227,13719,1419,ITF,ITF4,16,Puglia,Puglia,4029053,1283281,31.85,0.38
2910,2021-05-07,PUG,49436,22045,27391,26186,23250,ITF,ITF4,16,Puglia,Puglia,4029053,1332717,33.08,1.23
2911,2021-02-15,PUG,3252,1268,1984,2632,620,ITF,ITF4,16,Puglia,Puglia,4029053,1335969,33.16,0.08
2912,2021-04-06,PUG,13584,6029,7555,6834,6750,ITF,ITF4,16,Puglia,Puglia,4029053,1349553,33.5,0.34
2913,2021-04-20,PUG,21100,9793,11307,17637,3463,ITF,ITF4,16,Puglia,Puglia,4029053,1370653,34.02,0.52
2914,2021-04-02,PUG,12595,5767,6828,8075,4520,ITF,ITF4,16,Puglia,Puglia,4029053,1383248,34.33,0.31
2915,2021-04-16,PUG,35847,16847,19000,32566,3281,ITF,ITF4,16,Puglia,Puglia,4029053,1419095,35.22,0.89
2916,2021-02-18,PUG,4378,1846,2532,3774,604,ITF,ITF4,16,Puglia,Puglia,4029053,1423473,35.33,0.11
2917,2021-02-11,PUG,3699,1401,2298,2421,1278,ITF,ITF4,16,Puglia,Puglia,4029053,1427172,35.42,0.09
2918,2021-02-06,PUG,4546,1928,2618,1590,2956,ITF,ITF4,16,Puglia,Puglia,4029053,1431718,35.53,0.11
2919,2021-01-20,PUG,1545,540,1005,1537,8,ITF,ITF4,16,Puglia,Puglia,4029053,1433263,35.57,0.04
2920,2021-05-02,PUG,21261,9642,11619,14011,7250,ITF,ITF4,16,Puglia,Puglia,4029053,1454524,36.1,0.53
2921,2021-01-03,PUG,2007,943,1064,2007,0,ITF,ITF4,16,Puglia,Puglia,4029053,1456531,36.15,0.05
2922,2021-04-15,PUG,32389,15111,17278,28889,3500,ITF,ITF4,16,Puglia,Puglia,4029053,1488920,36.95,0.8
2923,2021-05-19,PUG,25618,12146,13472,19320,6298,ITF,ITF4,16,Puglia,Puglia,4029053,1514538,37.59,0.64
2924,2021-03-25,PUG,10925,5305,5620,4684,6241,ITF,ITF4,16,Puglia,Puglia,4029053,1525463,37.86,0.27
2925,2021-02-10,PUG,3644,1436,2208,2134,1510,ITF,ITF4,16,Puglia,Puglia,4029053,1529107,37.95,0.09
2926,2021-05-23,PUG,17780,8316,9464,13975,3805,ITF,ITF4,16,Puglia,Puglia,4029053,1546887,38.39,0.44
2927,2021-05-28,PUG,42185,19640,22545,27073,15112,ITF,ITF4,16,Puglia,Puglia,4029053,1589072,39.44,1.05
2928,2021-01-18,PUG,1845,770,1075,1496,349,ITF,ITF4,16,Puglia,Puglia,4029053,1590917,39.49,0.05
2929,2021-04-30,PUG,34782,15556,19226,22833,11949,ITF,ITF4,16,Puglia,Puglia,4029053,1625699,40.35,0.86
2930,2021-04-13,PUG,28624,13566,15058,25227,3397,ITF,ITF4,16,Puglia,Puglia,4029053,1654323,41.06,0.71
2931,2021-03-27,PUG,12143,5704,6439,6978,5165,ITF,ITF4,16,Puglia,Puglia,4029053,1666466,41.36,0.3
2932,2021-03-23,PUG,10421,5007,5414,3950,6471,ITF,ITF4,16,Puglia,Puglia,4029053,1676887,41.62,0.26
2933,2021-05-21,PUG,37921,17746,20175,28202,9719,ITF,ITF4,16,Puglia,Puglia,4029053,1714808,42.56,0.94
2934,2021-02-08,PUG,3992,1610,2382,1597,2395,ITF,ITF4,16,Puglia,Puglia,4029053,1718800,42.66,0.1
2935,2021-02-17,PUG,4273,1744,2529,3670,603,ITF,ITF4,16,Puglia,Puglia,4029053,1723073,42.77,0.11
2936,2021-03-13,PUG,10387,4104,6283,8655,1732,ITF,ITF4,16,Puglia,Puglia,4029053,1733460,43.02,0.26
2937,2021-05-16,PUG,24374,10991,13383,12588,11786,ITF,ITF4,16,Puglia,Puglia,4029053,1757834,43.63,0.6
2938,2021-05-18,PUG,28230,12943,15287,15652,12578,ITF,ITF4,16,Puglia,Puglia,4029053,1786064,44.33,0.7
2939,2021-01-06,PUG,3946,1669,2277,3946,0,ITF,ITF4,16,Puglia,Puglia,4029053,1790010,44.43,0.1
2940,2021-05-04,PUG,34814,14685,20129,18411,16403,ITF,ITF4,16,Puglia,Puglia,4029053,1824824,45.29,0.86
2941,2021-03-22,PUG,9351,4556,4795,3706,5645,ITF,ITF4,16,Puglia,Puglia,4029053,1834175,45.52,0.23
2942,2021-03-15,PUG,11785,5626,6159,5284,6501,ITF,ITF4,16,Puglia,Puglia,4029053,1845960,45.82,0.29
2943,2021-01-17,PUG,1308,590,718,1239,69,ITF,ITF4,16,Puglia,Puglia,4029053,1847268,45.85,0.03
2944,2021-03-11,PUG,14391,6200,8191,11282,3109,ITF,ITF4,16,Puglia,Puglia,4029053,1861659,46.21,0.36
2945,2021-06-02,PUG,26300,12903,13397,21547,4753,ITF,ITF4,16,Puglia,Puglia,4029053,1887959,46.86,0.65
2946,2021-06-04,PUG,47037,22568,24469,32054,14983,ITF,ITF4,16,Puglia,Puglia,4029053,1934996,48.03,1.17
2947,2021-02-22,PUG,9629,4537,5092,9298,331,ITF,ITF4,16,Puglia,Puglia,4029053,1944625,48.27,0.24
2948,2021-02-24,PUG,10034,4703,5331,9445,589,ITF,ITF4,16,Puglia,Puglia,4029053,1954659,48.51,0.25
2949,2021-02-13,PUG,3726,1455,2271,3031,695,ITF,ITF4,16,Puglia,Puglia,4029053,1958385,48.61,0.09
2950,2021-05-09,PUG,30530,12502,18028,14952,15578,ITF,ITF4,16,Puglia,Puglia,4029053,1988915,49.36,0.76
2951,2021-01-29,PUG,6196,2661,3535,436,5760,ITF,ITF4,16,Puglia,Puglia,4029053,1995111,49.52,0.15
2952,2021-03-20,PUG,8259,3736,4523,3667,4592,ITF,ITF4,16,Puglia,Puglia,4029053,2003370,49.72,0.2
2953,2021-02-12,PUG,4212,1672,2540,3120,1092,ITF,ITF4,16,Puglia,Puglia,4029053,2007582,49.83,0.1
2954,2021-05-26,PUG,37241,17482,19759,26114,11127,ITF,ITF4,16,Puglia,Puglia,4029053,2044823,50.75,0.92
2955,2021-01-13,PUG,4541,1730,2811,4541,0,ITF,ITF4,16,Puglia,Puglia,4029053,2049364,50.86,0.11
2956,2021-03-18,PUG,9401,4254,5147,3284,6117,ITF,ITF4,16,Puglia,Puglia,4029053,2058765,51.1,0.23
2957,2021-01-27,PUG,4581,1932,2649,611,3970,ITF,ITF4,16,Puglia,Puglia,4029053,2063346,51.21,0.11
2958,2021-03-01,PUG,15092,5862,9230,13722,1370,ITF,ITF4,16,Puglia,Puglia,4029053,2078438,51.59,0.37
2959,2021-01-10,PUG,2348,1061,1287,2348,0,ITF,ITF4,16,Puglia,Puglia,4029053,2080786,51.64,0.06
2960,2020-12-27,PUG,509,252,257,509,0,ITF,ITF4,16,Puglia,Puglia,4029053,2081295,51.66,0.01
2961,2021-01-11,PUG,3753,1588,2165,3753,0,ITF,ITF4,16,Puglia,Puglia,4029053,2085048,51.75,0.09
2962,2021-04-22,PUG,22903,10466,12437,18035,4868,ITF,ITF4,16,Puglia,Puglia,4029053,2107951,52.32,0.57
2963,2021-05-31,PUG,35246,16535,18711,22359,12887,ITF,ITF4,16,Puglia,Puglia,4029053,2143197,53.19,0.87
2964,2021-04-11,PUG,16445,7241,9204,14789,1656,ITF,ITF4,16,Puglia,Puglia,4029053,2159642,53.6,0.41
2965,2021-04-18,PUG,22541,10778,11763,21476,1065,ITF,ITF4,16,Puglia,Puglia,4029053,2182183,54.16,0.56
2966,2021-02-20,PUG,2968,1080,1888,2712,256,ITF,ITF4,16,Puglia,Puglia,4029053,2185151,54.23,0.07
2967,2021-04-25,PUG,11228,5205,6023,10071,1157,ITF,ITF4,16,Puglia,Puglia,4029053,2196379,54.51,0.28
2968,2021-02-27,PUG,14218,4815,9403,12993,1225,ITF,ITF4,16,Puglia,Puglia,4029053,2210597,54.87,0.35
2969,2021-01-01,PUG,148,61,87,148,0,ITF,ITF4,16,Puglia,Puglia,4029053,2210745,54.87,0.0
2970,2021-03-06,PUG,15974,5968,10006,13887,2087,ITF,ITF4,16,Puglia,Puglia,4029053,2226719,55.27,0.4
2971,2021-01-08,PUG,5597,2347,3250,5597,0,ITF,ITF4,16,Puglia,Puglia,4029053,2232316,55.41,0.14
2972,2021-01-15,PUG,4552,1866,2686,4552,0,ITF,ITF4,16,Puglia,Puglia,4029053,2236868,55.52,0.11
2973,2021-01-22,PUG,1409,578,831,991,418,ITF,ITF4,16,Puglia,Puglia,4029053,2238277,55.55,0.03
2974,2021-06-05,PUG,25884,12773,13111,19972,5912,ITF,ITF4,16,Puglia,Puglia,4029053,2264161,56.2,0.64
2975,2020-12-30,PUG,1,0,1,1,0,ITF,ITF4,16,Puglia,Puglia,4029053,2264162,56.2,0.0
2976,2021-04-27,PUG,26586,12033,14553,21000,5586,ITF,ITF4,16,Puglia,Puglia,4029053,2290748,56.86,0.66
2977,2021-03-08,PUG,14606,6089,8517,12207,2399,ITF,ITF4,16,Puglia,Puglia,4029053,2305354,57.22,0.36
2978,2021-01-24,PUG,1669,749,920,153,1516,ITF,ITF4,16,Puglia,Puglia,4029053,2307023,57.26,0.04
2979,2021-03-30,PUG,11874,5495,6379,5979,5895,ITF,ITF4,16,Puglia,Puglia,4029053,2318897,57.55,0.29
2980,2021-02-01,PUG,3964,1659,2305,374,3590,ITF,ITF4,16,Puglia,Puglia,4029053,2322861,57.65,0.1
2981,2021-01-25,PUG,3825,1681,2144,423,3402,ITF,ITF4,16,Puglia,Puglia,4029053,2326686,57.75,0.09
2982,2021-05-14,PUG,44592,20339,24253,28534,16058,ITF,ITF4,16,Puglia,Puglia,4029053,2371278,58.85,1.11
2983,2021-04-08,PUG,17444,7570,9874,11271,6173,ITF,ITF4,16,Puglia,Puglia,4029053,2388722,59.29,0.43
2984,2021-04-01,PUG,13506,6159,7347,7162,6344,ITF,ITF4,16,Puglia,Puglia,4029053,2402228,59.62,0.34
2985,2021-02-03,PUG,5036,2005,3031,730,4306,ITF,ITF4,16,Puglia,Puglia,4029053,2407264,59.75,0.12
2986,2021-01-05,PUG,5106,2251,2855,5106,0,ITF,ITF4,16,Puglia,Puglia,4029053,2412370,59.87,0.13
2987,2021-05-30,PUG,20632,9869,10763,15681,4951,ITF,ITF4,16,Puglia,Puglia,4029053,2433002,60.39,0.51
2988,2021-02-05,PUG,5635,2273,3362,1333,4302,ITF,ITF4,16,Puglia,Puglia,4029053,2438637,60.53,0.14
2989,2021-04-03,PUG,10540,4634,5906,6987,3553,ITF,ITF4,16,Puglia,Puglia,4029053,2449177,60.79,0.26
2990,2021-04-29,PUG,25972,12021,13951,19316,6656,ITF,ITF4,16,Puglia,Puglia,4029053,2475149,61.43,0.64
2991,2021-03-03,PUG,16669,6705,9964,14757,1912,ITF,ITF4,16,Puglia,Puglia,4029053,2491818,61.85,0.41
2992,2021-05-11,PUG,32261,14195,18066,13922,18339,ITF,ITF4,16,Puglia,Puglia,4029053,2524079,62.65,0.8
2993,2021-04-10,PUG,30725,13030,17695,26501,4224,ITF,ITF4,16,Puglia,Puglia,4029053,2554804,63.41,0.76
2994,2021-01-09,LIG,1335,481,854,1335,0,ITC,ITC3,7,Liguria,Liguria,1550640,1335,0.09,0.09
2995,2021-04-04,LIG,756,366,390,507,249,ITC,ITC3,7,Liguria,Liguria,1550640,2091,0.13,0.05
2996,2021-02-13,LIG,1080,508,572,800,280,ITC,ITC3,7,Liguria,Liguria,1550640,3171,0.2,0.07
2997,2021-04-26,LIG,10447,4914,5533,7821,2626,ITC,ITC3,7,Liguria,Liguria,1550640,13618,0.88,0.67
2998,2021-02-21,LIG,869,491,378,865,4,ITC,ITC3,7,Liguria,Liguria,1550640,14487,0.93,0.06
2999,2021-02-04,LIG,2817,986,1831,179,2638,ITC,ITC3,7,Liguria,Liguria,1550640,17304,1.12,0.18
3000,2021-01-18,LIG,2137,745,1392,1980,157,ITC,ITC3,7,Liguria,Liguria,1550640,19441,1.25,0.14
3001,2021-03-31,LIG,11841,5206,6635,9071,2770,ITC,ITC3,7,Liguria,Liguria,1550640,31282,2.02,0.76
3002,2021-06-03,LIG,15136,7500,7636,8935,6201,ITC,ITC3,7,Liguria,Liguria,1550640,46418,2.99,0.98
3003,2021-04-09,LIG,12422,5554,6868,10683,1739,ITC,ITC3,7,Liguria,Liguria,1550640,58840,3.79,0.8
3004,2020-12-28,LIG,80,30,50,80,0,ITC,ITC3,7,Liguria,Liguria,1550640,58920,3.8,0.01
3005,2021-02-25,LIG,3455,1349,2106,3325,130,ITC,ITC3,7,Liguria,Liguria,1550640,62375,4.02,0.22
3006,2021-04-30,LIG,14346,6389,7957,5778,8568,ITC,ITC3,7,Liguria,Liguria,1550640,76721,4.95,0.93
3007,2021-02-02,LIG,2668,1005,1663,134,2534,ITC,ITC3,7,Liguria,Liguria,1550640,79389,5.12,0.17
3008,2021-05-15,LIG,7183,3195,3988,4296,2887,ITC,ITC3,7,Liguria,Liguria,1550640,86572,5.58,0.46
3009,2021-01-16,LIG,1278,557,721,1278,0,ITC,ITC3,7,Liguria,Liguria,1550640,87850,5.67,0.08
3010,2021-04-28,LIG,14442,6519,7923,6458,7984,ITC,ITC3,7,Liguria,Liguria,1550640,102292,6.6,0.93
3011,2020-12-30,LIG,12,5,7,12,0,ITC,ITC3,7,Liguria,Liguria,1550640,102304,6.6,0.0
3012,2021-04-11,LIG,4248,1930,2318,3999,249,ITC,ITC3,7,Liguria,Liguria,1550640,106552,6.87,0.27
3013,2021-04-07,LIG,13584,6032,7552,11295,2289,ITC,ITC3,7,Liguria,Liguria,1550640,120136,7.75,0.88
3014,2021-06-05,LIG,6374,3270,3104,3687,2687,ITC,ITC3,7,Liguria,Liguria,1550640,126510,8.16,0.41
3015,2021-02-23,LIG,3806,1559,2247,3697,109,ITC,ITC3,7,Liguria,Liguria,1550640,130316,8.4,0.25
3016,2021-03-04,LIG,4738,2118,2620,3891,847,ITC,ITC3,7,Liguria,Liguria,1550640,135054,8.71,0.31
3017,2021-03-26,LIG,9121,3855,5266,5967,3154,ITC,ITC3,7,Liguria,Liguria,1550640,144175,9.3,0.59
3018,2021-02-18,LIG,2761,1126,1635,2430,331,ITC,ITC3,7,Liguria,Liguria,1550640,146936,9.48,0.18
3019,2021-05-31,LIG,14329,7098,7231,8927,5402,ITC,ITC3,7,Liguria,Liguria,1550640,161265,10.4,0.92
3020,2021-05-14,LIG,12891,5652,7239,8594,4297,ITC,ITC3,7,Liguria,Liguria,1550640,174156,11.23,0.83
3021,2021-02-20,LIG,1335,637,698,1334,1,ITC,ITC3,7,Liguria,Liguria,1550640,175491,11.32,0.09
3022,2021-05-10,LIG,12505,5504,7001,6132,6373,ITC,ITC3,7,Liguria,Liguria,1550640,187996,12.12,0.81
3023,2021-05-03,LIG,13266,5918,7348,6454,6812,ITC,ITC3,7,Liguria,Liguria,1550640,201262,12.98,0.86
3024,2021-03-21,LIG,550,220,330,69,481,ITC,ITC3,7,Liguria,Liguria,1550640,201812,13.01,0.04
3025,2021-02-06,LIG,1892,768,1124,145,1747,ITC,ITC3,7,Liguria,Liguria,1550640,203704,13.14,0.12
3026,2021-03-19,LIG,5294,2234,3060,2149,3145,ITC,ITC3,7,Liguria,Liguria,1550640,208998,13.48,0.34
3027,2021-05-08,LIG,7528,3333,4195,2314,5214,ITC,ITC3,7,Liguria,Liguria,1550640,216526,13.96,0.49
3028,2021-02-11,LIG,1979,767,1212,1103,876,ITC,ITC3,7,Liguria,Liguria,1550640,218505,14.09,0.13
3029,2021-05-22,LIG,6551,3195,3356,4943,1608,ITC,ITC3,7,Liguria,Liguria,1550640,225056,14.51,0.42
3030,2021-04-02,LIG,11670,5116,6554,9184,2486,ITC,ITC3,7,Liguria,Liguria,1550640,236726,15.27,0.75
3031,2021-01-02,LIG,691,245,446,691,0,ITC,ITC3,7,Liguria,Liguria,1550640,237417,15.31,0.04
3032,2021-03-07,LIG,1858,1085,773,1557,301,ITC,ITC3,7,Liguria,Liguria,1550640,239275,15.43,0.12
3033,2021-03-09,LIG,5930,2753,3177,4500,1430,ITC,ITC3,7,Liguria,Liguria,1550640,245205,15.81,0.38
3034,2021-06-02,LIG,8531,4343,4188,5364,3167,ITC,ITC3,7,Liguria,Liguria,1550640,253736,16.36,0.55
3035,2021-05-29,LIG,6800,3224,3576,3961,2839,ITC,ITC3,7,Liguria,Liguria,1550640,260536,16.8,0.44
3036,2021-04-23,LIG,14672,6637,8035,8552,6120,ITC,ITC3,7,Liguria,Liguria,1550640,275208,17.75,0.95
3037,2021-04-16,LIG,11969,5279,6690,10159,1810,ITC,ITC3,7,Liguria,Liguria,1550640,287177,18.52,0.77
3038,2021-03-11,LIG,6351,3053,3298,4345,2006,ITC,ITC3,7,Liguria,Liguria,1550640,293528,18.93,0.41
3039,2021-01-13,LIG,2754,1013,1741,2754,0,ITC,ITC3,7,Liguria,Liguria,1550640,296282,19.11,0.18
3040,2021-02-28,LIG,1058,580,478,1049,9,ITC,ITC3,7,Liguria,Liguria,1550640,297340,19.18,0.07
3041,2021-04-19,LIG,12807,5613,7194,8999,3808,ITC,ITC3,7,Liguria,Liguria,1550640,310147,20.0,0.83
3042,2021-05-24,LIG,11654,5421,6233,9175,2479,ITC,ITC3,7,Liguria,Liguria,1550640,321801,20.75,0.75
3043,2021-05-07,LIG,13565,6019,7546,5780,7785,ITC,ITC3,7,Liguria,Liguria,1550640,335366,21.63,0.87
3044,2021-01-21,LIG,1103,385,718,672,431,ITC,ITC3,7,Liguria,Liguria,1550640,336469,21.7,0.07
3045,2021-01-14,LIG,2980,1055,1925,2980,0,ITC,ITC3,7,Liguria,Liguria,1550640,339449,21.89,0.19
3046,2021-03-12,LIG,6150,2814,3336,3681,2469,ITC,ITC3,7,Liguria,Liguria,1550640,345599,22.29,0.4
3047,2021-01-28,LIG,2847,971,1876,39,2808,ITC,ITC3,7,Liguria,Liguria,1550640,348446,22.47,0.18
3048,2021-03-02,LIG,4074,1689,2385,3764,310,ITC,ITC3,7,Liguria,Liguria,1550640,352520,22.73,0.26
3049,2021-04-21,LIG,14244,6432,7812,8922,5322,ITC,ITC3,7,Liguria,Liguria,1550640,366764,23.65,0.92
3050,2021-05-05,LIG,13707,6130,7577,5286,8421,ITC,ITC3,7,Liguria,Liguria,1550640,380471,24.54,0.88
3051,2021-03-16,LIG,6073,2722,3351,2349,3724,ITC,ITC3,7,Liguria,Liguria,1550640,386544,24.93,0.39
3052,2021-01-11,LIG,2653,989,1664,2653,0,ITC,ITC3,7,Liguria,Liguria,1550640,389197,25.1,0.17
3053,2021-01-25,LIG,2723,888,1835,478,2245,ITC,ITC3,7,Liguria,Liguria,1550640,391920,25.27,0.18
3054,2021-05-12,LIG,11900,5334,6566,6560,5340,ITC,ITC3,7,Liguria,Liguria,1550640,403820,26.04,0.77
3055,2021-05-19,LIG,13526,5946,7580,10407,3119,ITC,ITC3,7,Liguria,Liguria,1550640,417346,26.91,0.87
3056,2021-03-23,LIG,9036,4082,4954,5827,3209,ITC,ITC3,7,Liguria,Liguria,1550640,426382,27.5,0.58
3057,2021-02-01,LIG,2557,922,1635,90,2467,ITC,ITC3,7,Liguria,Liguria,1550640,428939,27.66,0.16
3058,2021-05-26,LIG,16163,8010,8153,11999,4164,ITC,ITC3,7,Liguria,Liguria,1550640,445102,28.7,1.04
3059,2021-03-30,LIG,12142,5378,6764,8753,3389,ITC,ITC3,7,Liguria,Liguria,1550640,457244,29.49,0.78
3060,2021-05-27,LIG,16349,8229,8120,12399,3950,ITC,ITC3,7,Liguria,Liguria,1550640,473593,30.54,1.05
3061,2021-02-09,LIG,1936,689,1247,256,1680,ITC,ITC3,7,Liguria,Liguria,1550640,475529,30.67,0.12
3062,2021-02-16,LIG,2397,954,1443,2004,393,ITC,ITC3,7,Liguria,Liguria,1550640,477926,30.82,0.15
3063,2021-04-14,LIG,13066,5666,7400,10863,2203,ITC,ITC3,7,Liguria,Liguria,1550640,490992,31.66,0.84
3064,2021-01-04,LIG,2615,854,1761,2615,0,ITC,ITC3,7,Liguria,Liguria,1550640,493607,31.83,0.17
3065,2021-04-18,LIG,2613,1164,1449,2145,468,ITC,ITC3,7,Liguria,Liguria,1550640,496220,32.0,0.17
3066,2021-01-27,LIG,1744,603,1141,141,1603,ITC,ITC3,7,Liguria,Liguria,1550640,497964,32.11,0.11
3067,2021-05-21,LIG,12831,5950,6881,9706,3125,ITC,ITC3,7,Liguria,Liguria,1550640,510795,32.94,0.83
3068,2021-03-18,LIG,4981,2124,2857,2008,2973,ITC,ITC3,7,Liguria,Liguria,1550640,515776,33.26,0.32
3069,2021-04-01,LIG,12374,5467,6907,9604,2770,ITC,ITC3,7,Liguria,Liguria,1550640,528150,34.06,0.8
3070,2021-03-14,LIG,1659,752,907,1055,604,ITC,ITC3,7,Liguria,Liguria,1550640,529809,34.17,0.11
3071,2021-01-23,LIG,809,295,514,153,656,ITC,ITC3,7,Liguria,Liguria,1550640,530618,34.22,0.05
3072,2021-05-17,LIG,11828,5358,6470,8526,3302,ITC,ITC3,7,Liguria,Liguria,1550640,542446,34.98,0.76
3073,2021-01-30,LIG,1660,566,1094,24,1636,ITC,ITC3,7,Liguria,Liguria,1550640,544106,35.09,0.11
3074,2021-03-28,LIG,1141,511,630,390,751,ITC,ITC3,7,Liguria,Liguria,1550640,545247,35.16,0.07
3075,2021-01-01,LIG,144,55,89,144,0,ITC,ITC3,7,Liguria,Liguria,1550640,545391,35.17,0.01
3076,2021-04-13,LIG,13076,5866,7210,11052,2024,ITC,ITC3,7,Liguria,Liguria,1550640,558467,36.02,0.84
3077,2021-03-27,LIG,3920,1537,2383,2524,1396,ITC,ITC3,7,Liguria,Liguria,1550640,562387,36.27,0.25
3078,2021-05-30,LIG,3275,1603,1672,1364,1911,ITC,ITC3,7,Liguria,Liguria,1550640,565662,36.48,0.21
3079,2021-05-13,LIG,13024,5848,7176,8811,4213,ITC,ITC3,7,Liguria,Liguria,1550640,578686,37.32,0.84
3080,2021-03-06,LIG,3304,1842,1462,2599,705,ITC,ITC3,7,Liguria,Liguria,1550640,581990,37.53,0.21
3081,2021-05-09,LIG,2825,1245,1580,1115,1710,ITC,ITC3,7,Liguria,Liguria,1550640,584815,37.71,0.18
3082,2021-01-22,LIG,1817,604,1213,1331,486,ITC,ITC3,7,Liguria,Liguria,1550640,586632,37.83,0.12
3083,2021-05-04,LIG,13602,6079,7523,5375,8227,ITC,ITC3,7,Liguria,Liguria,1550640,600234,38.71,0.88
3084,2021-03-25,LIG,9592,4080,5512,6199,3393,ITC,ITC3,7,Liguria,Liguria,1550640,609826,39.33,0.62
3085,2021-03-08,LIG,5629,2459,3170,3940,1689,ITC,ITC3,7,Liguria,Liguria,1550640,615455,39.69,0.36
3086,2021-02-19,LIG,3213,1305,1908,3037,176,ITC,ITC3,7,Liguria,Liguria,1550640,618668,39.9,0.21
3087,2021-05-02,LIG,3876,1767,2109,505,3371,ITC,ITC3,7,Liguria,Liguria,1550640,622544,40.15,0.25
3088,2021-01-20,LIG,1550,555,995,1538,12,ITC,ITC3,7,Liguria,Liguria,1550640,624094,40.25,0.1
3089,2021-01-29,LIG,3079,1064,2015,67,3012,ITC,ITC3,7,Liguria,Liguria,1550640,627173,40.45,0.2
3090,2021-05-11,LIG,13675,6181,7494,7073,6602,ITC,ITC3,7,Liguria,Liguria,1550640,640848,41.33,0.88
3091,2021-03-29,LIG,10437,4509,5928,7308,3129,ITC,ITC3,7,Liguria,Liguria,1550640,651285,42.0,0.67
3092,2021-02-03,LIG,2314,790,1524,55,2259,ITC,ITC3,7,Liguria,Liguria,1550640,653599,42.15,0.15
3093,2021-05-16,LIG,3693,1855,1838,2133,1560,ITC,ITC3,7,Liguria,Liguria,1550640,657292,42.39,0.24
3094,2021-02-05,LIG,2673,986,1687,304,2369,ITC,ITC3,7,Liguria,Liguria,1550640,659965,42.56,0.17
3095,2021-04-10,LIG,7882,3556,4326,6968,914,ITC,ITC3,7,Liguria,Liguria,1550640,667847,43.07,0.51
3096,2020-12-31,LIG,989,354,635,989,0,ITC,ITC3,7,Liguria,Liguria,1550640,668836,43.13,0.06
3097,2021-05-28,LIG,16010,7919,8091,11563,4447,ITC,ITC3,7,Liguria,Liguria,1550640,684846,44.17,1.03
3098,2021-04-15,LIG,11817,5218,6599,9965,1852,ITC,ITC3,7,Liguria,Liguria,1550640,696663,44.93,0.76
3099,2021-03-03,LIG,4580,1847,2733,3554,1026,ITC,ITC3,7,Liguria,Liguria,1550640,701243,45.22,0.3
3100,2021-02-24,LIG,3763,1560,2203,3505,258,ITC,ITC3,7,Liguria,Liguria,1550640,705006,45.47,0.24
3101,2020-12-29,LIG,125,33,92,125,0,ITC,ITC3,7,Liguria,Liguria,1550640,705131,45.47,0.01
3102,2021-01-12,LIG,2459,885,1574,2459,0,ITC,ITC3,7,Liguria,Liguria,1550640,707590,45.63,0.16
3103,2021-02-22,LIG,3334,1467,1867,3192,142,ITC,ITC3,7,Liguria,Liguria,1550640,710924,45.85,0.22
3104,2021-04-27,LIG,14735,6675,8060,7156,7579,ITC,ITC3,7,Liguria,Liguria,1550640,725659,46.8,0.95
3105,2021-04-29,LIG,15548,6974,8574,6731,8817,ITC,ITC3,7,Liguria,Liguria,1550640,741207,47.8,1.0
3106,2021-01-17,LIG,862,300,562,862,0,ITC,ITC3,7,Liguria,Liguria,1550640,742069,47.86,0.06
3107,2021-04-12,LIG,12381,5475,6906,10362,2019,ITC,ITC3,7,Liguria,Liguria,1550640,754450,48.65,0.8
3108,2021-01-19,LIG,1371,438,933,1281,90,ITC,ITC3,7,Liguria,Liguria,1550640,755821,48.74,0.09
3109,2021-05-23,LIG,2305,1119,1186,1182,1123,ITC,ITC3,7,Liguria,Liguria,1550640,758126,48.89,0.15
3110,2021-04-03,LIG,5404,2497,2907,4461,943,ITC,ITC3,7,Liguria,Liguria,1550640,763530,49.24,0.35
3111,2021-02-12,LIG,1927,689,1238,895,1032,ITC,ITC3,7,Liguria,Liguria,1550640,765457,49.36,0.12
3112,2021-01-08,LIG,2926,999,1927,2926,0,ITC,ITC3,7,Liguria,Liguria,1550640,768383,49.55,0.19
3113,2021-02-27,LIG,1888,921,967,1759,129,ITC,ITC3,7,Liguria,Liguria,1550640,770271,49.67,0.12
3114,2021-02-10,LIG,2314,837,1477,1019,1295,ITC,ITC3,7,Liguria,Liguria,1550640,772585,49.82,0.15
3115,2021-05-06,LIG,14465,6404,8061,6165,8300,ITC,ITC3,7,Liguria,Liguria,1550640,787050,50.76,0.93
3116,2021-03-17,LIG,5552,2368,3184,2473,3079,ITC,ITC3,7,Liguria,Liguria,1550640,792602,51.11,0.36
3117,2021-01-06,LIG,1660,616,1044,1660,0,ITC,ITC3,7,Liguria,Liguria,1550640,794262,51.22,0.11
3118,2021-01-15,LIG,2255,754,1501,2255,0,ITC,ITC3,7,Liguria,Liguria,1550640,796517,51.37,0.15
3119,2021-04-25,LIG,1936,921,1015,1521,415,ITC,ITC3,7,Liguria,Liguria,1550640,798453,51.49,0.12
3120,2021-03-13,LIG,3827,1616,2211,2972,855,ITC,ITC3,7,Liguria,Liguria,1550640,802280,51.74,0.25
3121,2021-03-20,LIG,2316,995,1321,1142,1174,ITC,ITC3,7,Liguria,Liguria,1550640,804596,51.89,0.15
3122,2021-04-20,LIG,14207,6503,7704,9861,4346,ITC,ITC3,7,Liguria,Liguria,1550640,818803,52.8,0.92
3123,2021-01-10,LIG,648,262,386,648,0,ITC,ITC3,7,Liguria,Liguria,1550640,819451,52.85,0.04
3124,2021-03-01,LIG,3506,1430,2076,3384,122,ITC,ITC3,7,Liguria,Liguria,1550640,822957,53.07,0.23
3125,2021-01-24,LIG,756,237,519,113,643,ITC,ITC3,7,Liguria,Liguria,1550640,823713,53.12,0.05
3126,2021-03-15,LIG,7195,3057,4138,4494,2701,ITC,ITC3,7,Liguria,Liguria,1550640,830908,53.58,0.46
3127,2021-04-17,LIG,7383,3217,4166,6633,750,ITC,ITC3,7,Liguria,Liguria,1550640,838291,54.06,0.48
3128,2021-01-07,LIG,3229,1095,2134,3229,0,ITC,ITC3,7,Liguria,Liguria,1550640,841520,54.27,0.21
3129,2021-01-26,LIG,2491,807,1684,20,2471,ITC,ITC3,7,Liguria,Liguria,1550640,844011,54.43,0.16
3130,2021-04-08,LIG,13723,6156,7567,11680,2043,ITC,ITC3,7,Liguria,Liguria,1550640,857734,55.31,0.88
3131,2021-06-04,LIG,14296,6942,7354,9054,5242,ITC,ITC3,7,Liguria,Liguria,1550640,872030,56.24,0.92
3132,2021-02-17,LIG,2688,1181,1507,2262,426,ITC,ITC3,7,Liguria,Liguria,1550640,874718,56.41,0.17
3133,2021-01-05,LIG,2879,896,1983,2879,0,ITC,ITC3,7,Liguria,Liguria,1550640,877597,56.6,0.19
3134,2021-04-22,LIG,13816,6194,7622,8746,5070,ITC,ITC3,7,Liguria,Liguria,1550640,891413,57.49,0.89
3135,2021-04-06,LIG,13171,5857,7314,10931,2240,ITC,ITC3,7,Liguria,Liguria,1550640,904584,58.34,0.85
3136,2021-02-08,LIG,1976,741,1235,306,1670,ITC,ITC3,7,Liguria,Liguria,1550640,906560,58.46,0.13
3137,2020-12-27,LIG,135,56,79,135,0,ITC,ITC3,7,Liguria,Liguria,1550640,906695,58.47,0.01
3138,2021-02-15,LIG,2262,839,1423,1865,397,ITC,ITC3,7,Liguria,Liguria,1550640,908957,58.62,0.15
3139,2021-01-03,LIG,734,230,504,734,0,ITC,ITC3,7,Liguria,Liguria,1550640,909691,58.67,0.05
3140,2021-05-25,LIG,13718,6598,7120,10729,2989,ITC,ITC3,7,Liguria,Liguria,1550640,923409,59.55,0.88
3141,2021-03-22,LIG,7663,3399,4264,4727,2936,ITC,ITC3,7,Liguria,Liguria,1550640,931072,60.04,0.49
3142,2021-05-18,LIG,13320,6010,7310,10035,3285,ITC,ITC3,7,Liguria,Liguria,1550640,944392,60.9,0.86
3143,2021-02-14,LIG,233,122,111,233,0,ITC,ITC3,7,Liguria,Liguria,1550640,944625,60.92,0.02
3144,2021-02-07,LIG,407,153,254,2,405,ITC,ITC3,7,Liguria,Liguria,1550640,945032,60.94,0.03
3145,2021-05-20,LIG,12813,5941,6872,8795,4018,ITC,ITC3,7,Liguria,Liguria,1550640,957845,61.77,0.83
3146,2021-03-10,LIG,5877,2839,3038,3971,1906,ITC,ITC3,7,Liguria,Liguria,1550640,963722,62.15,0.38
3147,2021-04-05,LIG,3976,1751,2225,2327,1649,ITC,ITC3,7,Liguria,Liguria,1550640,967698,62.41,0.26
3148,2021-01-31,LIG,624,270,354,9,615,ITC,ITC3,7,Liguria,Liguria,1550640,968322,62.45,0.04
3149,2021-06-01,LIG,15865,7918,7947,10613,5252,ITC,ITC3,7,Liguria,Liguria,1550640,984187,63.47,1.02
3150,2021-03-24,LIG,8942,3833,5109,5656,3286,ITC,ITC3,7,Liguria,Liguria,1550640,993129,64.05,0.58
3151,2021-05-01,LIG,7131,3253,3878,1332,5799,ITC,ITC3,7,Liguria,Liguria,1550640,1000260,64.51,0.46
3152,2021-03-05,LIG,4869,2150,2719,3737,1132,ITC,ITC3,7,Liguria,Liguria,1550640,1005129,64.82,0.31
3153,2021-04-24,LIG,8169,3785,4384,5018,3151,ITC,ITC3,7,Liguria,Liguria,1550640,1013298,65.35,0.53
3154,2021-02-26,LIG,3765,1523,2242,3437,328,ITC,ITC3,7,Liguria,Liguria,1550640,1017063,65.59,0.24
3155,2021-01-27,UMB,840,330,510,13,827,ITI,ITI2,10,Umbria,Umbria,882015,840,0.1,0.1
3156,2021-04-01,UMB,4374,1836,2538,2366,2008,ITI,ITI2,10,Umbria,Umbria,882015,5214,0.59,0.5
3157,2021-01-10,UMB,1070,277,793,1070,0,ITI,ITI2,10,Umbria,Umbria,882015,6284,0.71,0.12
3158,2021-05-31,UMB,5779,2817,2962,4916,863,ITI,ITI2,10,Umbria,Umbria,882015,12063,1.37,0.66
3159,2021-02-18,UMB,1496,582,914,1030,466,ITI,ITI2,10,Umbria,Umbria,882015,13559,1.54,0.17
3160,2021-05-14,UMB,5241,2436,2805,3435,1806,ITI,ITI2,10,Umbria,Umbria,882015,18800,2.13,0.59
3161,2021-02-01,UMB,1285,342,943,48,1237,ITI,ITI2,10,Umbria,Umbria,882015,20085,2.28,0.15
3162,2021-03-28,UMB,1096,442,654,1072,24,ITI,ITI2,10,Umbria,Umbria,882015,21181,2.4,0.12
3163,2021-04-06,UMB,5290,2169,3121,2901,2389,ITI,ITI2,10,Umbria,Umbria,882015,26471,3.0,0.6
3164,2021-02-22,UMB,1859,778,1081,1773,86,ITI,ITI2,10,Umbria,Umbria,882015,28330,3.21,0.21
3165,2021-03-09,UMB,4051,1971,2080,2760,1291,ITI,ITI2,10,Umbria,Umbria,882015,32381,3.67,0.46
3166,2021-06-02,UMB,3940,1893,2047,3900,40,ITI,ITI2,10,Umbria,Umbria,882015,36321,4.12,0.45
3167,2021-02-20,UMB,282,100,182,258,24,ITI,ITI2,10,Umbria,Umbria,882015,36603,4.15,0.03
3168,2021-02-03,UMB,725,174,551,67,658,ITI,ITI2,10,Umbria,Umbria,882015,37328,4.23,0.08
3169,2021-05-16,UMB,5318,2535,2783,5266,52,ITI,ITI2,10,Umbria,Umbria,882015,42646,4.84,0.6
3170,2021-01-30,UMB,1590,490,1100,44,1546,ITI,ITI2,10,Umbria,Umbria,882015,44236,5.02,0.18
3171,2021-05-12,UMB,6468,3011,3457,4325,2143,ITI,ITI2,10,Umbria,Umbria,882015,50704,5.75,0.73
3172,2021-03-30,UMB,3948,1705,2243,2416,1532,ITI,ITI2,10,Umbria,Umbria,882015,54652,6.2,0.45
3173,2020-12-27,UMB,86,45,41,86,0,ITI,ITI2,10,Umbria,Umbria,882015,54738,6.21,0.01
3174,2021-01-18,UMB,614,219,395,529,85,ITI,ITI2,10,Umbria,Umbria,882015,55352,6.28,0.07
3175,2021-03-25,UMB,3904,1699,2205,2840,1064,ITI,ITI2,10,Umbria,Umbria,882015,59256,6.72,0.44
3176,2021-03-08,UMB,3672,1801,1871,2309,1363,ITI,ITI2,10,Umbria,Umbria,882015,62928,7.13,0.42
3177,2021-02-25,UMB,1336,497,839,1284,52,ITI,ITI2,10,Umbria,Umbria,882015,64264,7.29,0.15
3178,2021-04-16,UMB,8111,3747,4364,6273,1838,ITI,ITI2,10,Umbria,Umbria,882015,72375,8.21,0.92
3179,2021-04-30,UMB,6232,2962,3270,2843,3389,ITI,ITI2,10,Umbria,Umbria,882015,78607,8.91,0.71
3180,2021-01-13,UMB,450,139,311,450,0,ITI,ITI2,10,Umbria,Umbria,882015,79057,8.96,0.05
3181,2021-03-04,UMB,4485,1853,2632,3657,828,ITI,ITI2,10,Umbria,Umbria,882015,83542,9.47,0.51
3182,2021-05-11,UMB,6227,2828,3399,4025,2202,ITI,ITI2,10,Umbria,Umbria,882015,89769,10.18,0.71
3183,2021-01-11,UMB,1315,346,969,1315,0,ITI,ITI2,10,Umbria,Umbria,882015,91084,10.33,0.15
3184,2021-05-05,UMB,7174,3285,3889,3878,3296,ITI,ITI2,10,Umbria,Umbria,882015,98258,11.14,0.81
3185,2021-03-16,UMB,3538,1454,2084,1911,1627,ITI,ITI2,10,Umbria,Umbria,882015,101796,11.54,0.4
3186,2021-01-25,UMB,648,323,325,5,643,ITI,ITI2,10,Umbria,Umbria,882015,102444,11.61,0.07
3187,2021-01-01,UMB,274,105,169,274,0,ITI,ITI2,10,Umbria,Umbria,882015,102718,11.65,0.03
3188,2021-04-11,UMB,3102,1503,1599,3053,49,ITI,ITI2,10,Umbria,Umbria,882015,105820,12.0,0.35
3189,2021-05-30,UMB,5971,2992,2979,5780,191,ITI,ITI2,10,Umbria,Umbria,882015,111791,12.67,0.68
3190,2021-03-27,UMB,4253,1512,2741,3913,340,ITI,ITI2,10,Umbria,Umbria,882015,116044,13.16,0.48
3191,2021-05-19,UMB,9391,4197,5194,5651,3740,ITI,ITI2,10,Umbria,Umbria,882015,125435,14.22,1.06
3192,2021-03-23,UMB,3797,1685,2112,2168,1629,ITI,ITI2,10,Umbria,Umbria,882015,129232,14.65,0.43
3193,2021-02-08,UMB,637,203,434,88,549,ITI,ITI2,10,Umbria,Umbria,882015,129869,14.72,0.07
3194,2021-05-26,UMB,9610,4545,5065,8379,1231,ITI,ITI2,10,Umbria,Umbria,882015,139479,15.81,1.09
3195,2021-05-28,UMB,9496,4364,5132,7261,2235,ITI,ITI2,10,Umbria,Umbria,882015,148975,16.89,1.08
3196,2021-04-13,UMB,7679,3400,4279,6010,1669,ITI,ITI2,10,Umbria,Umbria,882015,156654,17.76,0.87
3197,2021-02-15,UMB,1368,692,676,1367,1,ITI,ITI2,10,Umbria,Umbria,882015,158022,17.92,0.16
3198,2021-04-15,UMB,7630,3484,4146,5744,1886,ITI,ITI2,10,Umbria,Umbria,882015,165652,18.78,0.87
3199,2021-02-17,UMB,1618,748,870,1267,351,ITI,ITI2,10,Umbria,Umbria,882015,167270,18.96,0.18
3200,2021-05-07,UMB,10104,4695,5409,6905,3199,ITI,ITI2,10,Umbria,Umbria,882015,177374,20.11,1.15
3201,2021-03-18,UMB,2942,1164,1778,1704,1238,ITI,ITI2,10,Umbria,Umbria,882015,180316,20.44,0.33
3202,2021-04-20,UMB,5439,2356,3083,3492,1947,ITI,ITI2,10,Umbria,Umbria,882015,185755,21.06,0.62
3203,2021-05-21,UMB,8920,3636,5284,4117,4803,ITI,ITI2,10,Umbria,Umbria,882015,194675,22.07,1.01
3204,2021-05-04,UMB,5531,2543,2988,2410,3121,ITI,ITI2,10,Umbria,Umbria,882015,200206,22.7,0.63
3205,2021-03-01,UMB,1503,774,729,1389,114,ITI,ITI2,10,Umbria,Umbria,882015,201709,22.87,0.17
3206,2021-05-24,UMB,9015,4480,4535,8169,846,ITI,ITI2,10,Umbria,Umbria,882015,210724,23.89,1.02
3207,2021-04-04,UMB,59,20,39,23,36,ITI,ITI2,10,Umbria,Umbria,882015,210783,23.9,0.01
3208,2021-02-13,UMB,115,28,87,112,3,ITI,ITI2,10,Umbria,Umbria,882015,210898,23.91,0.01
3209,2021-04-18,UMB,1530,680,850,600,930,ITI,ITI2,10,Umbria,Umbria,882015,212428,24.08,0.17
3210,2021-02-27,UMB,1658,354,1304,1642,16,ITI,ITI2,10,Umbria,Umbria,882015,214086,24.27,0.19
3211,2021-01-08,UMB,1190,345,845,1190,0,ITI,ITI2,10,Umbria,Umbria,882015,215276,24.41,0.13
3212,2021-04-03,UMB,2111,716,1395,1058,1053,ITI,ITI2,10,Umbria,Umbria,882015,217387,24.65,0.24
3213,2021-05-23,UMB,5068,1855,3213,652,4416,ITI,ITI2,10,Umbria,Umbria,882015,222455,25.22,0.57
3214,2021-04-25,UMB,4364,1685,2679,4282,82,ITI,ITI2,10,Umbria,Umbria,882015,226819,25.72,0.49
3215,2021-03-06,UMB,4267,1110,3157,4124,143,ITI,ITI2,10,Umbria,Umbria,882015,231086,26.2,0.48
3216,2021-05-02,UMB,3787,1868,1919,1333,2454,ITI,ITI2,10,Umbria,Umbria,882015,234873,26.63,0.43
3217,2021-03-13,UMB,1731,524,1207,1486,245,ITI,ITI2,10,Umbria,Umbria,882015,236604,26.83,0.2
3218,2021-01-15,UMB,701,215,486,701,0,ITI,ITI2,10,Umbria,Umbria,882015,237305,26.9,0.08
3219,2021-05-09,UMB,5765,2757,3008,5374,391,ITI,ITI2,10,Umbria,Umbria,882015,243070,27.56,0.65
3220,2021-01-22,UMB,276,105,171,32,244,ITI,ITI2,10,Umbria,Umbria,882015,243346,27.59,0.03
3221,2021-03-20,UMB,2298,833,1465,2273,25,ITI,ITI2,10,Umbria,Umbria,882015,245644,27.85,0.26
3222,2021-02-06,UMB,396,138,258,34,362,ITI,ITI2,10,Umbria,Umbria,882015,246040,27.9,0.04
3223,2021-03-15,UMB,4596,1930,2666,2828,1768,ITI,ITI2,10,Umbria,Umbria,882015,250636,28.42,0.52
3224,2021-02-10,UMB,715,349,366,700,15,ITI,ITI2,10,Umbria,Umbria,882015,251351,28.5,0.08
3225,2021-01-24,UMB,258,106,152,1,257,ITI,ITI2,10,Umbria,Umbria,882015,251609,28.53,0.03
3226,2021-05-22,UMB,6911,2712,4199,2640,4271,ITI,ITI2,10,Umbria,Umbria,882015,258520,29.31,0.78
3227,2021-04-19,UMB,5015,2216,2799,2966,2049,ITI,ITI2,10,Umbria,Umbria,882015,263535,29.88,0.57
3228,2021-04-23,UMB,6607,2786,3821,3488,3119,ITI,ITI2,10,Umbria,Umbria,882015,270142,30.63,0.75
3229,2021-03-11,UMB,3565,1697,1868,2559,1006,ITI,ITI2,10,Umbria,Umbria,882015,273707,31.03,0.4
3230,2021-01-06,UMB,846,325,521,846,0,ITI,ITI2,10,Umbria,Umbria,882015,274553,31.13,0.1
3231,2021-01-20,UMB,613,222,391,613,0,ITI,ITI2,10,Umbria,Umbria,882015,275166,31.2,0.07
3232,2021-04-27,UMB,5665,2403,3262,3088,2577,ITI,ITI2,10,Umbria,Umbria,882015,280831,31.84,0.64
3233,2021-02-05,UMB,780,234,546,18,762,ITI,ITI2,10,Umbria,Umbria,882015,281611,31.93,0.09
3234,2021-04-10,UMB,7467,3512,3955,7332,135,ITI,ITI2,10,Umbria,Umbria,882015,289078,32.77,0.85
3235,2021-01-19,UMB,103,23,80,103,0,ITI,ITI2,10,Umbria,Umbria,882015,289181,32.79,0.01
3236,2021-03-24,UMB,4073,1760,2313,2750,1323,ITI,ITI2,10,Umbria,Umbria,882015,293254,33.25,0.46
3237,2021-01-02,UMB,304,111,193,304,0,ITI,ITI2,10,Umbria,Umbria,882015,293558,33.28,0.03
3238,2021-03-07,UMB,845,180,665,838,7,ITI,ITI2,10,Umbria,Umbria,882015,294403,33.38,0.1
3239,2021-06-04,UMB,8760,4337,4423,7608,1152,ITI,ITI2,10,Umbria,Umbria,882015,303163,34.37,0.99
3240,2021-03-03,UMB,4438,1773,2665,3727,711,ITI,ITI2,10,Umbria,Umbria,882015,307601,34.87,0.5
3241,2021-05-01,UMB,5374,2640,2734,2146,3228,ITI,ITI2,10,Umbria,Umbria,882015,312975,35.48,0.61
3242,2021-01-28,UMB,1247,394,853,19,1228,ITI,ITI2,10,Umbria,Umbria,882015,314222,35.63,0.14
3243,2021-05-10,UMB,5982,2799,3183,3830,2152,ITI,ITI2,10,Umbria,Umbria,882015,320204,36.3,0.68
3244,2021-04-29,UMB,5209,2245,2964,2883,2326,ITI,ITI2,10,Umbria,Umbria,882015,325413,36.89,0.59
3245,2021-01-17,UMB,54,17,37,54,0,ITI,ITI2,10,Umbria,Umbria,882015,325467,36.9,0.01
3246,2021-04-12,UMB,7086,3076,4010,5369,1717,ITI,ITI2,10,Umbria,Umbria,882015,332553,37.7,0.8
3247,2020-12-31,UMB,322,127,195,322,0,ITI,ITI2,10,Umbria,Umbria,882015,332875,37.74,0.04
3248,2021-03-26,UMB,4571,1683,2888,4399,172,ITI,ITI2,10,Umbria,Umbria,882015,337446,38.26,0.52
3249,2021-04-08,UMB,5832,2465,3367,4037,1795,ITI,ITI2,10,Umbria,Umbria,882015,343278,38.92,0.66
3250,2021-02-24,UMB,1520,565,955,1505,15,ITI,ITI2,10,Umbria,Umbria,882015,344798,39.09,0.17
3251,2021-03-05,UMB,4592,1379,3213,3936,656,ITI,ITI2,10,Umbria,Umbria,882015,349390,39.61,0.52
3252,2021-05-08,UMB,8102,3730,4372,4906,3196,ITI,ITI2,10,Umbria,Umbria,882015,357492,40.53,0.92
3253,2021-05-03,UMB,5091,2271,2820,2204,2887,ITI,ITI2,10,Umbria,Umbria,882015,362583,41.11,0.58
3254,2021-01-21,UMB,610,202,408,341,269,ITI,ITI2,10,Umbria,Umbria,882015,363193,41.18,0.07
3255,2021-03-10,UMB,4013,1927,2086,2757,1256,ITI,ITI2,10,Umbria,Umbria,882015,367206,41.63,0.45
3256,2021-05-13,UMB,5898,2657,3241,3825,2073,ITI,ITI2,10,Umbria,Umbria,882015,373104,42.3,0.67
3257,2021-02-02,UMB,944,274,670,32,912,ITI,ITI2,10,Umbria,Umbria,882015,374048,42.41,0.11
3258,2021-04-28,UMB,5346,2317,3029,2964,2382,ITI,ITI2,10,Umbria,Umbria,882015,379394,43.01,0.61
3259,2021-05-25,UMB,8754,4259,4495,7736,1018,ITI,ITI2,10,Umbria,Umbria,882015,388148,44.01,0.99
3260,2021-03-22,UMB,3559,1654,1905,2313,1246,ITI,ITI2,10,Umbria,Umbria,882015,391707,44.41,0.4
3261,2021-02-07,UMB,54,17,37,1,53,ITI,ITI2,10,Umbria,Umbria,882015,391761,44.42,0.01
3262,2021-02-19,UMB,743,293,450,526,217,ITI,ITI2,10,Umbria,Umbria,882015,392504,44.5,0.08
3263,2021-06-01,UMB,4370,2085,2285,4222,148,ITI,ITI2,10,Umbria,Umbria,882015,396874,45.0,0.5
3264,2021-04-26,UMB,5376,2329,3047,3124,2252,ITI,ITI2,10,Umbria,Umbria,882015,402250,45.61,0.61
3265,2021-05-15,UMB,4984,1875,3109,1819,3165,ITI,ITI2,10,Umbria,Umbria,882015,407234,46.17,0.57
3266,2021-01-16,UMB,221,73,148,221,0,ITI,ITI2,10,Umbria,Umbria,882015,407455,46.2,0.03
3267,2021-05-06,UMB,9460,4313,5147,6150,3310,ITI,ITI2,10,Umbria,Umbria,882015,416915,47.27,1.07
3268,2021-03-17,UMB,3331,1313,2018,1859,1472,ITI,ITI2,10,Umbria,Umbria,882015,420246,47.65,0.38
3269,2021-01-26,UMB,816,390,426,18,798,ITI,ITI2,10,Umbria,Umbria,882015,421062,47.74,0.09
3270,2021-02-11,UMB,842,349,493,837,5,ITI,ITI2,10,Umbria,Umbria,882015,421904,47.83,0.1
3271,2021-01-03,UMB,270,112,158,270,0,ITI,ITI2,10,Umbria,Umbria,882015,422174,47.86,0.03
3272,2021-04-22,UMB,5429,2231,3198,2768,2661,ITI,ITI2,10,Umbria,Umbria,882015,427603,48.48,0.62
3273,2021-01-05,UMB,854,429,425,854,0,ITI,ITI2,10,Umbria,Umbria,882015,428457,48.58,0.1
3274,2021-01-12,UMB,838,248,590,838,0,ITI,ITI2,10,Umbria,Umbria,882015,429295,48.67,0.1
3275,2021-02-12,UMB,671,224,447,665,6,ITI,ITI2,10,Umbria,Umbria,882015,429966,48.75,0.08
3276,2021-01-07,UMB,1300,387,913,1300,0,ITI,ITI2,10,Umbria,Umbria,882015,431266,48.9,0.15
3277,2021-02-26,UMB,660,253,407,652,8,ITI,ITI2,10,Umbria,Umbria,882015,431926,48.97,0.07
3278,2021-05-20,UMB,9829,4585,5244,6192,3637,ITI,ITI2,10,Umbria,Umbria,882015,441755,50.08,1.11
3279,2021-03-31,UMB,3903,1733,2170,2216,1687,ITI,ITI2,10,Umbria,Umbria,882015,445658,50.53,0.44
3280,2021-02-16,UMB,1308,655,653,1299,9,ITI,ITI2,10,Umbria,Umbria,882015,446966,50.68,0.15
3281,2021-05-27,UMB,9931,4829,5102,8648,1283,ITI,ITI2,10,Umbria,Umbria,882015,456897,51.8,1.13
3282,2021-04-14,UMB,8150,3673,4477,6171,1979,ITI,ITI2,10,Umbria,Umbria,882015,465047,52.73,0.92
3283,2021-06-03,UMB,9004,4452,4552,8745,259,ITI,ITI2,10,Umbria,Umbria,882015,474051,53.75,1.02
3284,2021-04-07,UMB,5568,2289,3279,3562,2006,ITI,ITI2,10,Umbria,Umbria,882015,479619,54.38,0.63
3285,2021-01-04,UMB,810,398,412,810,0,ITI,ITI2,10,Umbria,Umbria,882015,480429,54.47,0.09
3286,2021-04-02,UMB,4308,1746,2562,3551,757,ITI,ITI2,10,Umbria,Umbria,882015,484737,54.96,0.49
3287,2021-03-29,UMB,3844,1692,2152,2365,1479,ITI,ITI2,10,Umbria,Umbria,882015,488581,55.39,0.44
3288,2021-01-31,UMB,1058,276,782,25,1033,ITI,ITI2,10,Umbria,Umbria,882015,489639,55.51,0.12
3289,2021-05-18,UMB,7722,3342,4380,3884,3838,ITI,ITI2,10,Umbria,Umbria,882015,497361,56.39,0.88
3290,2021-04-05,UMB,4250,1728,2522,2195,2055,ITI,ITI2,10,Umbria,Umbria,882015,501611,56.87,0.48
3291,2021-01-29,UMB,1232,348,884,79,1153,ITI,ITI2,10,Umbria,Umbria,882015,502843,57.01,0.14
3292,2021-04-17,UMB,6665,3059,3606,5325,1340,ITI,ITI2,10,Umbria,Umbria,882015,509508,57.77,0.76
3293,2021-04-24,UMB,4562,1963,2599,3384,1178,ITI,ITI2,10,Umbria,Umbria,882015,514070,58.28,0.52
3294,2021-03-12,UMB,2653,1040,1613,2157,496,ITI,ITI2,10,Umbria,Umbria,882015,516723,58.58,0.3
3295,2021-01-14,UMB,752,201,551,752,0,ITI,ITI2,10,Umbria,Umbria,882015,517475,58.67,0.09
3296,2021-03-19,UMB,1743,565,1178,1087,656,ITI,ITI2,10,Umbria,Umbria,882015,519218,58.87,0.2
3297,2021-03-14,UMB,66,48,18,66,0,ITI,ITI2,10,Umbria,Umbria,882015,519284,58.87,0.01
3298,2021-03-21,UMB,665,330,335,665,0,ITI,ITI2,10,Umbria,Umbria,882015,519949,58.95,0.08
3299,2021-05-17,UMB,6360,3058,3302,4187,2173,ITI,ITI2,10,Umbria,Umbria,882015,526309,59.67,0.72
3300,2021-01-23,UMB,280,100,180,2,278,ITI,ITI2,10,Umbria,Umbria,882015,526589,59.7,0.03
3301,2021-05-29,UMB,7825,3594,4231,6270,1555,ITI,ITI2,10,Umbria,Umbria,882015,534414,60.59,0.89
3302,2021-01-09,UMB,1745,499,1246,1745,0,ITI,ITI2,10,Umbria,Umbria,882015,536159,60.79,0.2
3303,2021-04-21,UMB,5311,2309,3002,3085,2226,ITI,ITI2,10,Umbria,Umbria,882015,541470,61.39,0.6
3304,2021-03-02,UMB,3642,1346,2296,3638,4,ITI,ITI2,10,Umbria,Umbria,882015,545112,61.8,0.41
3305,2021-04-09,UMB,6793,3162,3631,6574,219,ITI,ITI2,10,Umbria,Umbria,882015,551905,62.57,0.77
3306,2021-02-04,UMB,733,226,507,25,708,ITI,ITI2,10,Umbria,Umbria,882015,552638,62.66,0.08
3307,2021-06-05,UMB,6342,2825,3517,3854,2488,ITI,ITI2,10,Umbria,Umbria,882015,558980,63.38,0.72
3308,2021-02-23,UMB,1693,658,1035,1651,42,ITI,ITI2,10,Umbria,Umbria,882015,560673,63.57,0.19
