,data,area,Vaccinazioni giornaliere,sesso_maschile,sesso_femminile,prima_dose,seconda_dose,pregressa_infezione,codice_NUTS1,codice_NUTS2,codice_regione_ISTAT,nome_area,Regione,popolazione,Totale vaccinazioni,Totale vaccinazioni ogni cento ab,Vaccinazioni giornaliere ogni cento ab
0,2021-01-26,MAR,2023,747,1276,79,1935,9,ITI,ITI3,11,Marche,Marche,1525271,2023,0.13,0.13
1,2021-07-11,MAR,10398,5220,5178,1606,8656,136,ITI,ITI3,11,Marche,Marche,1525271,12421,0.81,0.68
2,2021-04-19,MAR,9603,4498,5105,7902,1581,120,ITI,ITI3,11,Marche,Marche,1525271,22024,1.44,0.63
3,2021-07-28,MAR,6484,3349,3135,1307,5104,73,ITI,ITI3,11,Marche,Marche,1525271,28508,1.87,0.43
4,2021-06-15,MAR,13192,6567,6625,9823,3052,317,ITI,ITI3,11,Marche,Marche,1525271,41700,2.73,0.86
5,2021-01-12,MAR,1231,417,814,1218,0,13,ITI,ITI3,11,Marche,Marche,1525271,42931,2.81,0.08
6,2021-06-22,MAR,13220,6482,6738,6475,6462,283,ITI,ITI3,11,Marche,Marche,1525271,56151,3.68,0.87
7,2021-04-26,MAR,9171,4063,5108,6024,3022,125,ITI,ITI3,11,Marche,Marche,1525271,65322,4.28,0.6
8,2021-05-27,MAR,13733,6817,6916,9181,4301,251,ITI,ITI3,11,Marche,Marche,1525271,79055,5.18,0.9
9,2021-03-31,MAR,7374,3086,4288,4268,3023,83,ITI,ITI3,11,Marche,Marche,1525271,86429,5.67,0.48
10,2021-07-09,MAR,14894,7497,7397,2556,12124,214,ITI,ITI3,11,Marche,Marche,1525271,101323,6.64,0.98
11,2021-04-05,MAR,5702,2367,3335,4357,1269,76,ITI,ITI3,11,Marche,Marche,1525271,107025,7.02,0.37
12,2021-06-27,MAR,9951,4821,5130,4487,5292,172,ITI,ITI3,11,Marche,Marche,1525271,116976,7.67,0.65
13,2021-03-19,MAR,3881,1621,2260,325,3544,12,ITI,ITI3,11,Marche,Marche,1525271,120857,7.92,0.25
14,2021-03-17,MAR,3476,1525,1951,105,3369,2,ITI,ITI3,11,Marche,Marche,1525271,124333,8.15,0.23
15,2021-05-20,MAR,12682,5960,6722,7535,4896,251,ITI,ITI3,11,Marche,Marche,1525271,137015,8.98,0.83
16,2021-02-07,MAR,1871,735,1136,332,1527,12,ITI,ITI3,11,Marche,Marche,1525271,138886,9.11,0.12
17,2021-07-23,MAR,15541,8279,7262,2530,12787,224,ITI,ITI3,11,Marche,Marche,1525271,154427,10.12,1.02
18,2021-05-15,MAR,14113,6437,7676,7831,6037,245,ITI,ITI3,11,Marche,Marche,1525271,168540,11.05,0.93
19,2021-02-19,MAR,2002,739,1263,1826,135,41,ITI,ITI3,11,Marche,Marche,1525271,170542,11.18,0.13
20,2021-03-24,MAR,7081,3009,4072,3297,3716,68,ITI,ITI3,11,Marche,Marche,1525271,177623,11.65,0.46
21,2021-06-01,MAR,12057,6158,5899,9683,2090,284,ITI,ITI3,11,Marche,Marche,1525271,189680,12.44,0.79
22,2021-03-10,MAR,5710,2440,3270,4480,1178,52,ITI,ITI3,11,Marche,Marche,1525271,195390,12.81,0.37
23,2021-02-21,MAR,376,141,235,363,1,12,ITI,ITI3,11,Marche,Marche,1525271,195766,12.83,0.02
24,2021-01-21,MAR,919,261,658,574,328,17,ITI,ITI3,11,Marche,Marche,1525271,196685,12.9,0.06
25,2021-05-01,MAR,9318,3924,5394,3500,5742,76,ITI,ITI3,11,Marche,Marche,1525271,206003,13.51,0.61
26,2021-03-05,MAR,6225,2873,3352,4694,1468,63,ITI,ITI3,11,Marche,Marche,1525271,212228,13.91,0.41
27,2021-02-14,MAR,739,301,438,727,0,12,ITI,ITI3,11,Marche,Marche,1525271,212967,13.96,0.05
28,2021-05-08,MAR,12280,5480,6800,4859,7251,170,ITI,ITI3,11,Marche,Marche,1525271,225247,14.77,0.81
29,2021-01-09,MAR,1717,606,1111,1697,0,20,ITI,ITI3,11,Marche,Marche,1525271,226964,14.88,0.11
30,2021-04-02,MAR,6886,2983,3903,6039,739,108,ITI,ITI3,11,Marche,Marche,1525271,233850,15.33,0.45
31,2021-01-23,MAR,557,190,367,119,435,3,ITI,ITI3,11,Marche,Marche,1525271,234407,15.37,0.04
32,2021-06-29,MAR,13370,6599,6771,4927,8216,227,ITI,ITI3,11,Marche,Marche,1525271,247777,16.24,0.88
33,2021-05-03,MAR,10408,4690,5718,4863,5411,134,ITI,ITI3,11,Marche,Marche,1525271,258185,16.93,0.68
34,2021-03-28,MAR,4125,1739,2386,2396,1691,38,ITI,ITI3,11,Marche,Marche,1525271,262310,17.2,0.27
35,2021-03-29,MAR,5894,2581,3313,3392,2455,47,ITI,ITI3,11,Marche,Marche,1525271,268204,17.58,0.39
36,2021-06-03,MAR,14635,7482,7153,12078,2252,305,ITI,ITI3,11,Marche,Marche,1525271,282839,18.54,0.96
37,2021-02-18,MAR,2144,785,1359,1808,287,49,ITI,ITI3,11,Marche,Marche,1525271,284983,18.68,0.14
38,2021-05-29,MAR,12860,6233,6627,8114,4528,218,ITI,ITI3,11,Marche,Marche,1525271,297843,19.53,0.84
39,2021-02-28,MAR,2836,1251,1585,2822,6,8,ITI,ITI3,11,Marche,Marche,1525271,300679,19.71,0.19
40,2021-06-08,MAR,14098,7095,7003,11198,2609,291,ITI,ITI3,11,Marche,Marche,1525271,314777,20.64,0.92
41,2021-03-02,MAR,5002,1967,3035,4371,566,65,ITI,ITI3,11,Marche,Marche,1525271,319779,20.97,0.33
42,2021-06-10,MAR,14927,7693,7234,12572,2013,342,ITI,ITI3,11,Marche,Marche,1525271,334706,21.94,0.98
43,2021-07-18,MAR,12123,6310,5813,1335,10670,118,ITI,ITI3,11,Marche,Marche,1525271,346829,22.74,0.79
44,2021-01-31,MAR,1920,771,1149,96,1820,4,ITI,ITI3,11,Marche,Marche,1525271,348749,22.86,0.13
45,2021-04-07,MAR,8187,3621,4566,7719,347,121,ITI,ITI3,11,Marche,Marche,1525271,356936,23.4,0.54
46,2021-02-09,MAR,125,42,83,46,79,0,ITI,ITI3,11,Marche,Marche,1525271,357061,23.41,0.01
47,2021-07-16,MAR,15839,8238,7601,1846,13735,258,ITI,ITI3,11,Marche,Marche,1525271,372900,24.45,1.04
48,2021-06-12,MAR,13775,7312,6463,12105,1339,331,ITI,ITI3,11,Marche,Marche,1525271,386675,25.35,0.9
49,2021-04-16,MAR,10083,4702,5381,9362,525,196,ITI,ITI3,11,Marche,Marche,1525271,396758,26.01,0.66
50,2021-07-04,MAR,10894,5444,5450,3203,7529,162,ITI,ITI3,11,Marche,Marche,1525271,407652,26.73,0.71
51,2020-12-31,MAR,392,184,208,390,0,2,ITI,ITI3,11,Marche,Marche,1525271,408044,26.75,0.03
52,2021-02-04,MAR,2386,843,1543,107,2274,5,ITI,ITI3,11,Marche,Marche,1525271,410430,26.91,0.16
53,2021-01-07,MAR,1812,637,1175,1796,0,16,ITI,ITI3,11,Marche,Marche,1525271,412242,27.03,0.12
54,2021-03-12,MAR,4682,2000,2682,3347,1280,55,ITI,ITI3,11,Marche,Marche,1525271,416924,27.33,0.31
55,2021-01-14,MAR,2014,694,1320,1990,0,24,ITI,ITI3,11,Marche,Marche,1525271,418938,27.47,0.13
56,2021-06-20,MAR,11158,5545,5613,5991,4985,182,ITI,ITI3,11,Marche,Marche,1525271,430096,28.2,0.73
57,2021-04-24,MAR,12166,5363,6803,7559,4464,143,ITI,ITI3,11,Marche,Marche,1525271,442262,29.0,0.8
58,2021-01-19,MAR,233,87,146,140,90,3,ITI,ITI3,11,Marche,Marche,1525271,442495,29.01,0.02
59,2021-02-02,MAR,1193,398,795,71,1122,0,ITI,ITI3,11,Marche,Marche,1525271,443688,29.09,0.08
60,2021-05-13,MAR,12608,5697,6911,6829,5502,277,ITI,ITI3,11,Marche,Marche,1525271,456296,29.92,0.83
61,2021-04-12,MAR,8566,3772,4794,7937,482,147,ITI,ITI3,11,Marche,Marche,1525271,464862,30.48,0.56
62,2021-01-02,MAR,456,141,315,454,0,2,ITI,ITI3,11,Marche,Marche,1525271,465318,30.51,0.03
63,2021-03-07,MAR,5180,2107,3073,4379,754,47,ITI,ITI3,11,Marche,Marche,1525271,470498,30.85,0.34
64,2021-03-16,MAR,3520,1522,1998,285,3229,6,ITI,ITI3,11,Marche,Marche,1525271,474018,31.08,0.23
65,2021-06-24,MAR,13829,6672,7157,6186,7372,271,ITI,ITI3,11,Marche,Marche,1525271,487847,31.98,0.91
66,2021-01-11,MAR,1179,413,766,1161,0,18,ITI,ITI3,11,Marche,Marche,1525271,489026,32.06,0.08
67,2021-01-30,MAR,1905,668,1237,25,1880,0,ITI,ITI3,11,Marche,Marche,1525271,490931,32.19,0.12
68,2021-05-10,MAR,9452,4338,5114,4771,4553,128,ITI,ITI3,11,Marche,Marche,1525271,500383,32.81,0.62
69,2021-03-14,MAR,2499,1032,1467,1897,592,10,ITI,ITI3,11,Marche,Marche,1525271,502882,32.97,0.16
70,2021-03-21,MAR,4505,1873,2632,1614,2876,15,ITI,ITI3,11,Marche,Marche,1525271,507387,33.27,0.3
71,2021-05-24,MAR,10996,5192,5804,7956,2863,177,ITI,ITI3,11,Marche,Marche,1525271,518383,33.99,0.72
72,2021-05-22,MAR,11937,5719,6218,7318,4448,171,ITI,ITI3,11,Marche,Marche,1525271,530320,34.77,0.78
73,2021-02-11,MAR,1988,657,1331,1558,389,41,ITI,ITI3,11,Marche,Marche,1525271,532308,34.9,0.13
74,2021-05-05,MAR,11691,5320,6371,5105,6429,157,ITI,ITI3,11,Marche,Marche,1525271,543999,35.67,0.77
75,2021-01-18,MAR,696,237,459,536,149,11,ITI,ITI3,11,Marche,Marche,1525271,544695,35.71,0.05
76,2021-04-28,MAR,10928,4979,5949,6026,4733,169,ITI,ITI3,11,Marche,Marche,1525271,555623,36.43,0.72
77,2021-03-26,MAR,6390,2626,3764,3478,2855,57,ITI,ITI3,11,Marche,Marche,1525271,562013,36.85,0.42
78,2021-06-17,MAR,15196,7559,7637,8800,6101,295,ITI,ITI3,11,Marche,Marche,1525271,577209,37.84,1.0
79,2021-02-26,MAR,3677,1523,2154,3097,476,104,ITI,ITI3,11,Marche,Marche,1525271,580886,38.08,0.24
80,2021-05-12,MAR,10431,4691,5740,4737,5504,190,ITI,ITI3,11,Marche,Marche,1525271,591317,38.77,0.68
81,2021-07-08,MAR,15037,7538,7499,2789,12023,225,ITI,ITI3,11,Marche,Marche,1525271,606354,39.75,0.99
82,2021-07-01,MAR,14687,7365,7322,4658,9751,278,ITI,ITI3,11,Marche,Marche,1525271,621041,40.72,0.96
83,2021-02-15,MAR,967,412,555,939,13,15,ITI,ITI3,11,Marche,Marche,1525271,622008,40.78,0.06
84,2021-05-26,MAR,11889,5952,5937,8449,3226,214,ITI,ITI3,11,Marche,Marche,1525271,633897,41.56,0.78
85,2021-03-30,MAR,7474,3075,4399,4579,2823,72,ITI,ITI3,11,Marche,Marche,1525271,641371,42.05,0.49
86,2021-02-01,MAR,1363,479,884,94,1266,3,ITI,ITI3,11,Marche,Marche,1525271,642734,42.14,0.09
87,2021-07-06,MAR,13962,6920,7042,3142,10597,223,ITI,ITI3,11,Marche,Marche,1525271,656696,43.05,0.92
88,2021-07-20,MAR,14397,7435,6962,1772,12451,174,ITI,ITI3,11,Marche,Marche,1525271,671093,44.0,0.94
89,2021-01-16,MAR,2036,733,1303,1986,0,50,ITI,ITI3,11,Marche,Marche,1525271,673129,44.13,0.13
90,2021-06-19,MAR,14695,7404,7291,7752,6678,265,ITI,ITI3,11,Marche,Marche,1525271,687824,45.1,0.96
91,2021-04-21,MAR,10785,4968,5817,9437,1194,154,ITI,ITI3,11,Marche,Marche,1525271,698609,45.8,0.71
92,2021-01-28,MAR,2086,725,1361,163,1922,1,ITI,ITI3,11,Marche,Marche,1525271,700695,45.94,0.14
93,2021-04-04,MAR,3835,1797,2038,2617,1169,49,ITI,ITI3,11,Marche,Marche,1525271,704530,46.19,0.25
94,2021-07-13,MAR,14853,7278,7575,1458,13265,130,ITI,ITI3,11,Marche,Marche,1525271,719383,47.16,0.97
95,2021-06-09,MAR,14281,7418,6863,12110,1869,302,ITI,ITI3,11,Marche,Marche,1525271,733664,48.1,0.94
96,2021-06-07,MAR,13320,6588,6732,10567,2450,303,ITI,ITI3,11,Marche,Marche,1525271,746984,48.97,0.87
97,2021-02-27,MAR,3401,1457,1944,3158,209,34,ITI,ITI3,11,Marche,Marche,1525271,750385,49.2,0.22
98,2021-02-06,MAR,2464,902,1562,513,1942,9,ITI,ITI3,11,Marche,Marche,1525271,752849,49.36,0.16
99,2021-07-17,MAR,15136,7792,7344,1384,13541,211,ITI,ITI3,11,Marche,Marche,1525271,767985,50.35,0.99
100,2021-05-21,MAR,13901,6590,7311,7226,6464,211,ITI,ITI3,11,Marche,Marche,1525271,781886,51.26,0.91
101,2021-05-28,MAR,13957,6736,7221,8802,4857,298,ITI,ITI3,11,Marche,Marche,1525271,795843,52.18,0.92
102,2021-04-01,MAR,7576,3182,4394,4068,3416,92,ITI,ITI3,11,Marche,Marche,1525271,803419,52.67,0.5
103,2021-07-24,MAR,13274,7119,6155,2946,10071,257,ITI,ITI3,11,Marche,Marche,1525271,816693,53.54,0.87
104,2021-07-10,MAR,14162,7235,6927,1659,12300,203,ITI,ITI3,11,Marche,Marche,1525271,830855,54.47,0.93
105,2021-04-22,MAR,10797,4930,5867,9083,1578,136,ITI,ITI3,11,Marche,Marche,1525271,841652,55.18,0.71
106,2021-02-24,MAR,3534,1547,1987,3424,78,32,ITI,ITI3,11,Marche,Marche,1525271,845186,55.41,0.23
107,2021-05-07,MAR,12831,5799,7032,3574,9179,78,ITI,ITI3,11,Marche,Marche,1525271,858017,56.25,0.84
108,2021-02-13,MAR,1092,461,631,987,82,23,ITI,ITI3,11,Marche,Marche,1525271,859109,56.33,0.07
109,2021-01-27,MAR,2119,779,1340,115,2002,2,ITI,ITI3,11,Marche,Marche,1525271,861228,56.46,0.14
110,2021-04-20,MAR,10753,5028,5725,9154,1470,129,ITI,ITI3,11,Marche,Marche,1525271,871981,57.17,0.7
111,2021-01-25,MAR,1597,558,1039,93,1504,0,ITI,ITI3,11,Marche,Marche,1525271,873578,57.27,0.1
112,2021-01-08,MAR,1582,592,990,1567,0,15,ITI,ITI3,11,Marche,Marche,1525271,875160,57.38,0.1
113,2021-04-18,MAR,8824,4131,4693,7735,921,168,ITI,ITI3,11,Marche,Marche,1525271,883984,57.96,0.58
114,2021-03-09,MAR,5431,2293,3138,4465,881,85,ITI,ITI3,11,Marche,Marche,1525271,889415,58.31,0.36
115,2021-07-22,MAR,15746,8047,7699,2019,13486,241,ITI,ITI3,11,Marche,Marche,1525271,905161,59.34,1.03
116,2021-04-13,MAR,9840,4261,5579,9412,233,195,ITI,ITI3,11,Marche,Marche,1525271,915001,59.99,0.65
117,2021-07-05,MAR,13164,6506,6658,2919,10073,172,ITI,ITI3,11,Marche,Marche,1525271,928165,60.85,0.86
118,2021-06-16,MAR,13763,6915,6848,9135,4365,263,ITI,ITI3,11,Marche,Marche,1525271,941928,61.75,0.9
119,2021-06-02,MAR,11900,5938,5962,11029,676,195,ITI,ITI3,11,Marche,Marche,1525271,953828,62.53,0.78
120,2021-05-31,MAR,11782,5944,5838,8600,2930,252,ITI,ITI3,11,Marche,Marche,1525271,965610,63.31,0.77
121,2021-05-17,MAR,12046,5649,6397,7472,4354,220,ITI,ITI3,11,Marche,Marche,1525271,977656,64.1,0.79
122,2021-04-30,MAR,14151,6200,7951,5404,8560,187,ITI,ITI3,11,Marche,Marche,1525271,991807,65.02,0.93
123,2021-04-11,MAR,7117,3116,4001,6692,287,138,ITI,ITI3,11,Marche,Marche,1525271,998924,65.49,0.47
124,2021-04-06,MAR,8874,3692,5182,7930,810,134,ITI,ITI3,11,Marche,Marche,1525271,1007798,66.07,0.58
125,2021-03-23,MAR,5838,2556,3282,2227,3576,35,ITI,ITI3,11,Marche,Marche,1525271,1013636,66.46,0.38
126,2021-02-08,MAR,833,258,575,366,462,5,ITI,ITI3,11,Marche,Marche,1525271,1014469,66.51,0.05
127,2021-07-15,MAR,16008,8286,7722,1750,14030,228,ITI,ITI3,11,Marche,Marche,1525271,1030477,67.56,1.05
128,2021-05-19,MAR,11662,5364,6298,8369,3097,196,ITI,ITI3,11,Marche,Marche,1525271,1042139,68.32,0.76
129,2021-02-22,MAR,3461,1532,1929,3352,75,34,ITI,ITI3,11,Marche,Marche,1525271,1045600,68.55,0.23
130,2021-03-27,MAR,7416,3092,4324,4950,2393,73,ITI,ITI3,11,Marche,Marche,1525271,1053016,69.04,0.49
131,2021-04-10,MAR,10929,4625,6304,10381,313,235,ITI,ITI3,11,Marche,Marche,1525271,1063945,69.75,0.72
132,2021-01-03,MAR,911,358,553,901,0,10,ITI,ITI3,11,Marche,Marche,1525271,1064856,69.81,0.06
133,2021-06-04,MAR,14337,7289,7048,11589,2439,309,ITI,ITI3,11,Marche,Marche,1525271,1079193,70.75,0.94
134,2021-04-08,MAR,8720,3816,4904,8225,348,147,ITI,ITI3,11,Marche,Marche,1525271,1087913,71.33,0.57
135,2021-03-03,MAR,6699,3076,3623,5718,884,97,ITI,ITI3,11,Marche,Marche,1525271,1094612,71.77,0.44
136,2021-01-05,MAR,1582,592,990,1563,0,19,ITI,ITI3,11,Marche,Marche,1525271,1096194,71.87,0.1
137,2021-04-15,MAR,10376,4675,5701,9578,564,234,ITI,ITI3,11,Marche,Marche,1525271,1106570,72.55,0.68
138,2021-02-17,MAR,1828,701,1127,1642,118,68,ITI,ITI3,11,Marche,Marche,1525271,1108398,72.67,0.12
139,2021-07-25,MAR,9351,4934,4417,1004,8250,97,ITI,ITI3,11,Marche,Marche,1525271,1117749,73.28,0.61
140,2021-01-04,MAR,1518,573,945,1506,0,12,ITI,ITI3,11,Marche,Marche,1525271,1119267,73.38,0.1
141,2021-04-14,MAR,10216,4565,5651,9662,370,184,ITI,ITI3,11,Marche,Marche,1525271,1129483,74.05,0.67
142,2020-12-30,MAR,17,5,12,17,0,0,ITI,ITI3,11,Marche,Marche,1525271,1129500,74.05,0.0
143,2021-04-09,MAR,9571,4191,5380,9158,200,213,ITI,ITI3,11,Marche,Marche,1525271,1139071,74.68,0.63
144,2021-07-27,MAR,14358,7528,6830,3027,11105,226,ITI,ITI3,11,Marche,Marche,1525271,1153429,75.62,0.94
145,2021-01-06,MAR,2207,803,1404,2188,0,19,ITI,ITI3,11,Marche,Marche,1525271,1155636,75.77,0.14
146,2021-03-04,MAR,6538,2894,3644,5084,1394,60,ITI,ITI3,11,Marche,Marche,1525271,1162174,76.19,0.43
147,2021-03-13,MAR,5807,2681,3126,1766,4001,40,ITI,ITI3,11,Marche,Marche,1525271,1167981,76.58,0.38
148,2021-06-21,MAR,12606,6183,6423,5482,6877,247,ITI,ITI3,11,Marche,Marche,1525271,1180587,77.4,0.83
149,2021-05-09,MAR,8863,4020,4843,3559,5227,77,ITI,ITI3,11,Marche,Marche,1525271,1189450,77.98,0.58
150,2021-03-18,MAR,3438,1505,1933,150,3276,12,ITI,ITI3,11,Marche,Marche,1525271,1192888,78.21,0.23
151,2021-06-26,MAR,13574,6904,6670,5688,7669,217,ITI,ITI3,11,Marche,Marche,1525271,1206462,79.1,0.89
152,2021-05-23,MAR,9209,4283,4926,7413,1672,124,ITI,ITI3,11,Marche,Marche,1525271,1215671,79.7,0.6
153,2021-03-11,MAR,6636,2825,3811,5149,1411,76,ITI,ITI3,11,Marche,Marche,1525271,1222307,80.14,0.44
154,2021-03-25,MAR,6703,2794,3909,3191,3456,56,ITI,ITI3,11,Marche,Marche,1525271,1229010,80.58,0.44
155,2021-07-03,MAR,13843,6991,6852,4136,9395,312,ITI,ITI3,11,Marche,Marche,1525271,1242853,81.48,0.91
156,2021-02-20,MAR,4163,1733,2430,4042,111,10,ITI,ITI3,11,Marche,Marche,1525271,1247016,81.76,0.27
157,2021-01-20,MAR,406,100,306,384,20,2,ITI,ITI3,11,Marche,Marche,1525271,1247422,81.78,0.03
158,2021-02-03,MAR,2125,742,1383,98,2006,21,ITI,ITI3,11,Marche,Marche,1525271,1249547,81.92,0.14
159,2021-05-14,MAR,13633,6292,7341,6509,6912,212,ITI,ITI3,11,Marche,Marche,1525271,1263180,82.82,0.89
160,2021-07-02,MAR,14544,7173,7371,4673,9641,230,ITI,ITI3,11,Marche,Marche,1525271,1277724,83.77,0.95
161,2021-06-18,MAR,15349,7649,7700,8299,6751,299,ITI,ITI3,11,Marche,Marche,1525271,1293073,84.78,1.01
162,2021-07-14,MAR,13851,6820,7031,1784,11876,191,ITI,ITI3,11,Marche,Marche,1525271,1306924,85.68,0.91
163,2021-01-10,MAR,1746,702,1044,1732,0,14,ITI,ITI3,11,Marche,Marche,1525271,1308670,85.8,0.11
164,2021-07-12,MAR,13722,6804,6918,1228,12376,118,ITI,ITI3,11,Marche,Marche,1525271,1322392,86.7,0.9
165,2021-04-03,MAR,7574,3205,4369,6738,667,169,ITI,ITI3,11,Marche,Marche,1525271,1329966,87.2,0.5
166,2021-06-25,MAR,14343,7171,7172,6422,7634,287,ITI,ITI3,11,Marche,Marche,1525271,1344309,88.14,0.94
167,2021-04-17,MAR,11704,5316,6388,10400,1073,231,ITI,ITI3,11,Marche,Marche,1525271,1356013,88.9,0.77
168,2021-07-26,MAR,11035,5738,5297,2114,8717,204,ITI,ITI3,11,Marche,Marche,1525271,1367048,89.63,0.72
169,2021-06-13,MAR,10749,5564,5185,9205,1295,249,ITI,ITI3,11,Marche,Marche,1525271,1377797,90.33,0.7
170,2021-07-21,MAR,14922,7618,7304,2065,12644,213,ITI,ITI3,11,Marche,Marche,1525271,1392719,91.31,0.98
171,2021-04-29,MAR,13441,6154,7287,7165,6099,177,ITI,ITI3,11,Marche,Marche,1525271,1406160,92.19,0.88
172,2021-05-06,MAR,12655,5822,6833,5363,7071,221,ITI,ITI3,11,Marche,Marche,1525271,1418815,93.02,0.83
173,2021-02-12,MAR,1582,618,964,1404,152,26,ITI,ITI3,11,Marche,Marche,1525271,1420397,93.12,0.1
174,2021-02-10,MAR,1439,452,987,1038,359,42,ITI,ITI3,11,Marche,Marche,1525271,1421836,93.22,0.09
175,2021-06-11,MAR,13992,7152,6840,11367,2321,304,ITI,ITI3,11,Marche,Marche,1525271,1435828,94.14,0.92
176,2021-05-25,MAR,11767,5798,5969,8497,3050,220,ITI,ITI3,11,Marche,Marche,1525271,1447595,94.91,0.77
177,2021-03-01,MAR,3772,1520,2252,3503,248,21,ITI,ITI3,11,Marche,Marche,1525271,1451367,95.15,0.25
178,2021-03-06,MAR,5737,2641,3096,4423,1267,47,ITI,ITI3,11,Marche,Marche,1525271,1457104,95.53,0.38
179,2021-06-14,MAR,12837,6486,6351,9258,3308,271,ITI,ITI3,11,Marche,Marche,1525271,1469941,96.37,0.84
180,2021-01-29,MAR,1993,731,1262,159,1829,5,ITI,ITI3,11,Marche,Marche,1525271,1471934,96.5,0.13
181,2021-05-18,MAR,11268,5347,5921,7489,3601,178,ITI,ITI3,11,Marche,Marche,1525271,1483202,97.24,0.74
182,2020-12-27,MAR,208,100,108,206,0,2,ITI,ITI3,11,Marche,Marche,1525271,1483410,97.26,0.01
183,2021-06-06,MAR,12452,6137,6315,10639,1577,236,ITI,ITI3,11,Marche,Marche,1525271,1495862,98.07,0.82
184,2021-05-11,MAR,10623,4832,5791,5490,4943,190,ITI,ITI3,11,Marche,Marche,1525271,1506485,98.77,0.7
185,2021-03-15,MAR,4450,2060,2390,1291,3138,21,ITI,ITI3,11,Marche,Marche,1525271,1510935,99.06,0.29
186,2021-06-23,MAR,13893,6817,7076,6626,7012,255,ITI,ITI3,11,Marche,Marche,1525271,1524828,99.97,0.91
187,2021-07-19,MAR,14676,7531,7145,1927,12535,214,ITI,ITI3,11,Marche,Marche,1525271,1539504,100.93,0.96
188,2021-03-08,MAR,6297,2759,3538,5186,1002,109,ITI,ITI3,11,Marche,Marche,1525271,1545801,101.35,0.41
189,2021-02-05,MAR,2157,655,1502,437,1719,1,ITI,ITI3,11,Marche,Marche,1525271,1547958,101.49,0.14
190,2021-05-16,MAR,10898,4957,5941,6551,4228,119,ITI,ITI3,11,Marche,Marche,1525271,1558856,102.2,0.71
191,2021-05-30,MAR,9732,4690,5042,6546,2989,197,ITI,ITI3,11,Marche,Marche,1525271,1568588,102.84,0.64
192,2021-04-27,MAR,9591,4389,5202,5511,3987,93,ITI,ITI3,11,Marche,Marche,1525271,1578179,103.47,0.63
193,2021-01-17,MAR,1622,695,927,1553,63,6,ITI,ITI3,11,Marche,Marche,1525271,1579801,103.58,0.11
194,2021-02-16,MAR,1287,475,812,1225,30,32,ITI,ITI3,11,Marche,Marche,1525271,1581088,103.66,0.08
195,2021-02-25,MAR,3560,1464,2096,3320,181,59,ITI,ITI3,11,Marche,Marche,1525271,1584648,103.89,0.23
196,2021-06-05,MAR,13945,7011,6934,11520,2059,366,ITI,ITI3,11,Marche,Marche,1525271,1598593,104.81,0.91
197,2021-04-23,MAR,11306,5218,6088,8091,3055,160,ITI,ITI3,11,Marche,Marche,1525271,1609899,105.55,0.74
198,2021-02-23,MAR,3314,1432,1882,3243,56,15,ITI,ITI3,11,Marche,Marche,1525271,1613213,105.77,0.22
199,2021-01-15,MAR,1772,500,1272,1755,0,17,ITI,ITI3,11,Marche,Marche,1525271,1614985,105.88,0.12
200,2021-04-25,MAR,8600,3994,4606,6897,1575,128,ITI,ITI3,11,Marche,Marche,1525271,1623585,106.45,0.56
201,2021-01-13,MAR,2109,746,1363,2068,0,41,ITI,ITI3,11,Marche,Marche,1525271,1625694,106.58,0.14
202,2021-05-02,MAR,8901,3938,4963,3082,5739,80,ITI,ITI3,11,Marche,Marche,1525271,1634595,107.17,0.58
203,2021-06-28,MAR,12353,6023,6330,4610,7506,237,ITI,ITI3,11,Marche,Marche,1525271,1646948,107.98,0.81
204,2021-03-22,MAR,5701,2410,3291,2482,3175,44,ITI,ITI3,11,Marche,Marche,1525271,1652649,108.35,0.37
205,2021-01-24,MAR,882,340,542,4,878,0,ITI,ITI3,11,Marche,Marche,1525271,1653531,108.41,0.06
206,2021-06-30,MAR,13648,6663,6985,4452,8985,211,ITI,ITI3,11,Marche,Marche,1525271,1667179,109.3,0.89
207,2021-05-04,MAR,10973,4840,6133,4928,5904,141,ITI,ITI3,11,Marche,Marche,1525271,1678152,110.02,0.72
208,2021-03-20,MAR,4178,1759,2419,1035,3129,14,ITI,ITI3,11,Marche,Marche,1525271,1682330,110.3,0.27
209,2021-01-22,MAR,489,168,321,193,294,2,ITI,ITI3,11,Marche,Marche,1525271,1682819,110.33,0.03
210,2021-07-07,MAR,14254,7066,7188,2937,11077,240,ITI,ITI3,11,Marche,Marche,1525271,1697073,111.26,0.93
211,2021-03-09,CAL,6516,3398,3118,5465,988,63,ITF,ITF6,18,Calabria,Calabria,1947131,6516,0.33,0.33
212,2021-02-20,CAL,1458,770,688,1122,322,14,ITF,ITF6,18,Calabria,Calabria,1947131,7974,0.41,0.07
213,2021-05-31,CAL,15294,7344,7950,7310,7903,81,ITF,ITF6,18,Calabria,Calabria,1947131,23268,1.19,0.79
214,2021-02-06,CAL,2917,1344,1573,444,2472,1,ITF,ITF6,18,Calabria,Calabria,1947131,26185,1.34,0.15
215,2021-07-10,CAL,15933,7532,8401,3244,12646,43,ITF,ITF6,18,Calabria,Calabria,1947131,42118,2.16,0.82
216,2021-01-23,CAL,402,187,215,359,43,0,ITF,ITF6,18,Calabria,Calabria,1947131,42520,2.18,0.02
217,2021-03-28,CAL,2692,1232,1460,1567,1121,4,ITF,ITF6,18,Calabria,Calabria,1947131,45212,2.32,0.14
218,2021-07-27,CAL,17575,8987,8588,5014,12479,82,ITF,ITF6,18,Calabria,Calabria,1947131,62787,3.22,0.9
219,2021-01-06,CAL,940,506,434,940,0,0,ITF,ITF6,18,Calabria,Calabria,1947131,63727,3.27,0.05
220,2021-04-16,CAL,10275,5014,5261,8607,1615,53,ITF,ITF6,18,Calabria,Calabria,1947131,74002,3.8,0.53
221,2021-02-18,CAL,1862,857,1005,1614,231,17,ITF,ITF6,18,Calabria,Calabria,1947131,75864,3.9,0.1
222,2021-06-21,CAL,15390,7086,8304,7989,7362,39,ITF,ITF6,18,Calabria,Calabria,1947131,91254,4.69,0.79
223,2021-07-22,CAL,18303,9014,9289,3495,14720,88,ITF,ITF6,18,Calabria,Calabria,1947131,109557,5.63,0.94
224,2021-04-30,CAL,15056,7380,7676,10544,4440,72,ITF,ITF6,18,Calabria,Calabria,1947131,124613,6.4,0.77
225,2021-01-18,CAL,1300,590,710,1052,244,4,ITF,ITF6,18,Calabria,Calabria,1947131,125913,6.47,0.07
226,2021-06-14,CAL,14359,6512,7847,9636,4646,77,ITF,ITF6,18,Calabria,Calabria,1947131,140272,7.2,0.74
227,2021-03-04,CAL,5485,3193,2292,4668,797,20,ITF,ITF6,18,Calabria,Calabria,1947131,145757,7.49,0.28
228,2021-06-12,CAL,13244,6297,6947,10780,2397,67,ITF,ITF6,18,Calabria,Calabria,1947131,159001,8.17,0.68
229,2021-01-11,CAL,2177,1056,1121,2175,0,2,ITF,ITF6,18,Calabria,Calabria,1947131,161178,8.28,0.11
230,2021-01-25,CAL,1085,521,564,150,935,0,ITF,ITF6,18,Calabria,Calabria,1947131,162263,8.33,0.06
231,2021-05-05,CAL,13556,6486,7070,8409,5073,74,ITF,ITF6,18,Calabria,Calabria,1947131,175819,9.03,0.7
232,2021-03-02,CAL,4374,2493,1881,3607,759,8,ITF,ITF6,18,Calabria,Calabria,1947131,180193,9.25,0.22
233,2021-03-16,CAL,3860,1893,1967,2185,1663,12,ITF,ITF6,18,Calabria,Calabria,1947131,184053,9.45,0.2
234,2021-04-18,CAL,5855,2796,3059,4919,914,22,ITF,ITF6,18,Calabria,Calabria,1947131,189908,9.75,0.3
235,2021-04-04,CAL,1572,786,786,1141,421,10,ITF,ITF6,18,Calabria,Calabria,1947131,191480,9.83,0.08
236,2021-06-26,CAL,15574,7191,8383,7563,7944,67,ITF,ITF6,18,Calabria,Calabria,1947131,207054,10.63,0.8
237,2021-07-01,CAL,12309,5803,6506,5401,6825,83,ITF,ITF6,18,Calabria,Calabria,1947131,219363,11.27,0.63
238,2021-02-01,CAL,2546,1209,1337,241,2302,3,ITF,ITF6,18,Calabria,Calabria,1947131,221909,11.4,0.13
239,2021-07-08,CAL,12044,5618,6426,2695,9307,42,ITF,ITF6,18,Calabria,Calabria,1947131,233953,12.02,0.62
240,2021-05-12,CAL,16445,8023,8422,10836,5517,92,ITF,ITF6,18,Calabria,Calabria,1947131,250398,12.86,0.84
241,2021-05-26,CAL,18716,9319,9397,10314,8309,93,ITF,ITF6,18,Calabria,Calabria,1947131,269114,13.82,0.96
242,2021-03-11,CAL,7275,3460,3815,5951,1279,45,ITF,ITF6,18,Calabria,Calabria,1947131,276389,14.19,0.37
243,2021-06-19,CAL,15849,7415,8434,8501,7282,66,ITF,ITF6,18,Calabria,Calabria,1947131,292238,15.01,0.81
244,2021-01-30,CAL,2199,1161,1038,331,1865,3,ITF,ITF6,18,Calabria,Calabria,1947131,294437,15.12,0.11
245,2021-02-17,CAL,1872,827,1045,1646,212,14,ITF,ITF6,18,Calabria,Calabria,1947131,296309,15.22,0.1
246,2021-07-24,CAL,17995,9257,8738,4579,13323,93,ITF,ITF6,18,Calabria,Calabria,1947131,314304,16.14,0.92
247,2021-05-28,CAL,20972,10194,10778,11409,9451,112,ITF,ITF6,18,Calabria,Calabria,1947131,335276,17.22,1.08
248,2021-04-15,CAL,7761,3807,3954,5979,1742,40,ITF,ITF6,18,Calabria,Calabria,1947131,343037,17.62,0.4
249,2021-04-01,CAL,8677,3949,4728,4161,4483,33,ITF,ITF6,18,Calabria,Calabria,1947131,351714,18.06,0.45
250,2021-01-04,CAL,1071,531,540,1068,0,3,ITF,ITF6,18,Calabria,Calabria,1947131,352785,18.12,0.06
251,2021-04-23,CAL,13125,6443,6682,9430,3599,96,ITF,ITF6,18,Calabria,Calabria,1947131,365910,18.79,0.67
252,2021-01-13,CAL,2070,1045,1025,2058,0,12,ITF,ITF6,18,Calabria,Calabria,1947131,367980,18.9,0.11
253,2021-06-23,CAL,17180,7854,9326,8101,8997,82,ITF,ITF6,18,Calabria,Calabria,1947131,385160,19.78,0.88
254,2021-07-03,CAL,15143,7133,8010,5260,9808,75,ITF,ITF6,18,Calabria,Calabria,1947131,400303,20.56,0.78
255,2021-04-11,CAL,4199,1909,2290,2237,1946,16,ITF,ITF6,18,Calabria,Calabria,1947131,404502,20.77,0.22
256,2021-07-20,CAL,17476,8476,9000,3205,14203,68,ITF,ITF6,18,Calabria,Calabria,1947131,421978,21.67,0.9
257,2021-04-13,CAL,6922,3398,3524,5580,1321,21,ITF,ITF6,18,Calabria,Calabria,1947131,428900,22.03,0.36
258,2021-01-20,CAL,1407,629,778,1403,1,3,ITF,ITF6,18,Calabria,Calabria,1947131,430307,22.1,0.07
259,2021-02-25,CAL,2896,1560,1336,2259,597,40,ITF,ITF6,18,Calabria,Calabria,1947131,433203,22.25,0.15
260,2021-03-06,CAL,8491,4371,4120,7671,800,20,ITF,ITF6,18,Calabria,Calabria,1947131,441694,22.68,0.44
261,2021-02-11,CAL,2346,1047,1299,1062,1262,22,ITF,ITF6,18,Calabria,Calabria,1947131,444040,22.8,0.12
262,2021-03-30,CAL,6444,2802,3642,3648,2778,18,ITF,ITF6,18,Calabria,Calabria,1947131,450484,23.14,0.33
263,2021-05-19,CAL,18306,9068,9238,11250,6980,76,ITF,ITF6,18,Calabria,Calabria,1947131,468790,24.08,0.94
264,2021-03-23,CAL,5258,2469,2789,3422,1815,21,ITF,ITF6,18,Calabria,Calabria,1947131,474048,24.35,0.27
265,2021-07-15,CAL,18285,8809,9476,2530,15709,46,ITF,ITF6,18,Calabria,Calabria,1947131,492333,25.29,0.94
266,2021-06-07,CAL,17999,8419,9580,14710,3209,80,ITF,ITF6,18,Calabria,Calabria,1947131,510332,26.21,0.92
267,2021-05-24,CAL,17766,8897,8869,9934,7750,82,ITF,ITF6,18,Calabria,Calabria,1947131,528098,27.12,0.91
268,2021-05-07,CAL,16150,7604,8546,9660,6416,74,ITF,ITF6,18,Calabria,Calabria,1947131,544248,27.95,0.83
269,2021-02-13,CAL,1400,605,795,1031,366,3,ITF,ITF6,18,Calabria,Calabria,1947131,545648,28.02,0.07
270,2021-06-11,CAL,17823,8759,9064,15125,2577,121,ITF,ITF6,18,Calabria,Calabria,1947131,563471,28.94,0.92
271,2021-01-08,CAL,2186,1042,1144,2179,0,7,ITF,ITF6,18,Calabria,Calabria,1947131,565657,29.05,0.11
272,2021-05-14,CAL,19923,9570,10353,12942,6871,110,ITF,ITF6,18,Calabria,Calabria,1947131,585580,30.07,1.02
273,2021-04-27,CAL,9966,4899,5067,7962,1956,48,ITF,ITF6,18,Calabria,Calabria,1947131,595546,30.59,0.51
274,2021-02-03,CAL,2866,1474,1392,555,2305,6,ITF,ITF6,18,Calabria,Calabria,1947131,598412,30.73,0.15
275,2021-07-19,CAL,18993,9099,9894,3033,15914,46,ITF,ITF6,18,Calabria,Calabria,1947131,617405,31.71,0.98
276,2021-02-22,CAL,2064,1048,1016,1496,559,9,ITF,ITF6,18,Calabria,Calabria,1947131,619469,31.81,0.11
277,2021-04-08,CAL,9320,4411,4909,5806,3469,45,ITF,ITF6,18,Calabria,Calabria,1947131,628789,32.29,0.48
278,2021-02-10,CAL,2516,1081,1435,869,1632,15,ITF,ITF6,18,Calabria,Calabria,1947131,631305,32.42,0.13
279,2021-07-17,CAL,18327,9041,9286,2714,15549,64,ITF,ITF6,18,Calabria,Calabria,1947131,649632,33.36,0.94
280,2021-06-04,CAL,17523,8154,9369,12951,4501,71,ITF,ITF6,18,Calabria,Calabria,1947131,667155,34.26,0.9
281,2021-05-21,CAL,21334,10867,10467,13859,7366,109,ITF,ITF6,18,Calabria,Calabria,1947131,688489,35.36,1.1
282,2021-01-03,CAL,6,3,3,6,0,0,ITF,ITF6,18,Calabria,Calabria,1947131,688495,35.36,0.0
283,2021-03-27,CAL,8793,3999,4794,4653,4096,44,ITF,ITF6,18,Calabria,Calabria,1947131,697288,35.81,0.45
284,2021-07-05,CAL,13387,6257,7130,4288,9042,57,ITF,ITF6,18,Calabria,Calabria,1947131,710675,36.5,0.69
285,2021-03-08,CAL,5500,2977,2523,4403,1070,27,ITF,ITF6,18,Calabria,Calabria,1947131,716175,36.78,0.28
286,2021-03-25,CAL,7498,3538,3960,4570,2897,31,ITF,ITF6,18,Calabria,Calabria,1947131,723673,37.17,0.39
287,2021-06-16,CAL,18324,8469,9855,12122,6113,89,ITF,ITF6,18,Calabria,Calabria,1947131,741997,38.11,0.94
288,2021-05-23,CAL,11386,5550,5836,6995,4348,43,ITF,ITF6,18,Calabria,Calabria,1947131,753383,38.69,0.58
289,2021-03-01,CAL,2738,1555,1183,2275,459,4,ITF,ITF6,18,Calabria,Calabria,1947131,756121,38.83,0.14
290,2021-06-09,CAL,18225,8600,9625,15907,2235,83,ITF,ITF6,18,Calabria,Calabria,1947131,774346,39.77,0.94
291,2021-07-12,CAL,17966,8532,9434,2677,15240,49,ITF,ITF6,18,Calabria,Calabria,1947131,792312,40.69,0.92
292,2021-01-10,CAL,940,530,410,940,0,0,ITF,ITF6,18,Calabria,Calabria,1947131,793252,40.74,0.05
293,2021-02-15,CAL,1160,555,605,1001,154,5,ITF,ITF6,18,Calabria,Calabria,1947131,794412,40.8,0.06
294,2020-12-27,CAL,310,168,142,310,0,0,ITF,ITF6,18,Calabria,Calabria,1947131,794722,40.82,0.02
295,2021-04-06,CAL,8145,3710,4435,4458,3662,25,ITF,ITF6,18,Calabria,Calabria,1947131,802867,41.23,0.42
296,2021-02-08,CAL,1862,741,1121,662,1197,3,ITF,ITF6,18,Calabria,Calabria,1947131,804729,41.33,0.1
297,2021-04-24,CAL,19276,9595,9681,15752,3439,85,ITF,ITF6,18,Calabria,Calabria,1947131,824005,42.32,0.99
298,2021-02-26,CAL,3111,1658,1453,2638,458,15,ITF,ITF6,18,Calabria,Calabria,1947131,827116,42.48,0.16
299,2021-06-20,CAL,6651,3151,3500,3814,2809,28,ITF,ITF6,18,Calabria,Calabria,1947131,833767,42.82,0.34
300,2021-03-18,CAL,4441,2079,2362,2333,2085,23,ITF,ITF6,18,Calabria,Calabria,1947131,838208,43.05,0.23
301,2021-02-27,CAL,4018,2070,1948,3628,383,7,ITF,ITF6,18,Calabria,Calabria,1947131,842226,43.25,0.21
302,2021-01-27,CAL,1482,749,733,391,1090,1,ITF,ITF6,18,Calabria,Calabria,1947131,843708,43.33,0.08
303,2021-06-02,CAL,12095,5800,6295,8784,3264,47,ITF,ITF6,18,Calabria,Calabria,1947131,855803,43.95,0.62
304,2021-05-16,CAL,13784,6727,7057,9916,3816,52,ITF,ITF6,18,Calabria,Calabria,1947131,869587,44.66,0.71
305,2021-07-21,CAL,22052,10592,11460,4500,17441,111,ITF,ITF6,18,Calabria,Calabria,1947131,891639,45.79,1.13
306,2021-01-17,CAL,899,433,466,798,95,6,ITF,ITF6,18,Calabria,Calabria,1947131,892538,45.84,0.05
307,2021-03-24,CAL,7841,3588,4253,4517,3302,22,ITF,ITF6,18,Calabria,Calabria,1947131,900379,46.24,0.4
308,2021-04-10,CAL,11683,5287,6396,6782,4857,44,ITF,ITF6,18,Calabria,Calabria,1947131,912062,46.84,0.6
309,2021-01-05,CAL,1533,719,814,1531,0,2,ITF,ITF6,18,Calabria,Calabria,1947131,913595,46.92,0.08
310,2021-01-12,CAL,2093,1033,1060,2084,0,9,ITF,ITF6,18,Calabria,Calabria,1947131,915688,47.03,0.11
311,2021-02-24,CAL,1925,980,945,1441,478,6,ITF,ITF6,18,Calabria,Calabria,1947131,917613,47.13,0.1
312,2021-03-03,CAL,5069,2769,2300,3976,1080,13,ITF,ITF6,18,Calabria,Calabria,1947131,922682,47.39,0.26
313,2021-06-18,CAL,18854,8783,10071,11253,7490,111,ITF,ITF6,18,Calabria,Calabria,1947131,941536,48.36,0.97
314,2021-03-10,CAL,6824,3467,3357,5450,1341,33,ITF,ITF6,18,Calabria,Calabria,1947131,948360,48.71,0.35
315,2021-06-01,CAL,12867,5967,6900,7888,4921,58,ITF,ITF6,18,Calabria,Calabria,1947131,961227,49.37,0.66
316,2021-05-13,CAL,15951,7673,8278,11172,4708,71,ITF,ITF6,18,Calabria,Calabria,1947131,977178,50.19,0.82
317,2021-02-19,CAL,1510,683,827,1239,262,9,ITF,ITF6,18,Calabria,Calabria,1947131,978688,50.26,0.08
318,2021-05-30,CAL,10969,5278,5691,6782,4151,36,ITF,ITF6,18,Calabria,Calabria,1947131,989657,50.83,0.56
319,2021-04-20,CAL,7867,3971,3896,6061,1734,72,ITF,ITF6,18,Calabria,Calabria,1947131,997524,51.23,0.4
320,2021-02-12,CAL,1711,669,1042,942,763,6,ITF,ITF6,18,Calabria,Calabria,1947131,999235,51.32,0.09
321,2021-02-14,CAL,480,219,261,448,31,1,ITF,ITF6,18,Calabria,Calabria,1947131,999715,51.34,0.02
322,2021-05-25,CAL,16410,8035,8375,10214,6110,86,ITF,ITF6,18,Calabria,Calabria,1947131,1016125,52.19,0.84
323,2021-01-26,CAL,1873,896,977,275,1597,1,ITF,ITF6,18,Calabria,Calabria,1947131,1017998,52.28,0.1
324,2021-06-06,CAL,13776,6622,7154,12006,1702,68,ITF,ITF6,18,Calabria,Calabria,1947131,1031774,52.99,0.71
325,2021-01-07,CAL,2209,1081,1128,2205,0,4,ITF,ITF6,18,Calabria,Calabria,1947131,1033983,53.1,0.11
326,2021-06-13,CAL,6837,3357,3480,5729,1054,54,ITF,ITF6,18,Calabria,Calabria,1947131,1040820,53.45,0.35
327,2021-04-17,CAL,10818,5064,5754,9005,1768,45,ITF,ITF6,18,Calabria,Calabria,1947131,1051638,54.01,0.56
328,2021-05-01,CAL,16707,7959,8748,12381,4240,86,ITF,ITF6,18,Calabria,Calabria,1947131,1068345,54.87,0.86
329,2021-03-05,CAL,6238,3621,2617,5646,576,16,ITF,ITF6,18,Calabria,Calabria,1947131,1074583,55.19,0.32
330,2021-06-27,CAL,8417,3941,4476,4984,3397,36,ITF,ITF6,18,Calabria,Calabria,1947131,1083000,55.62,0.43
331,2021-04-03,CAL,9417,4074,5343,4511,4848,58,ITF,ITF6,18,Calabria,Calabria,1947131,1092417,56.1,0.48
332,2021-01-28,CAL,2286,1133,1153,80,2206,0,ITF,ITF6,18,Calabria,Calabria,1947131,1094703,56.22,0.12
333,2021-05-08,CAL,18495,8406,10089,10538,7891,66,ITF,ITF6,18,Calabria,Calabria,1947131,1113198,57.17,0.95
334,2021-05-22,CAL,22192,10560,11632,14215,7885,92,ITF,ITF6,18,Calabria,Calabria,1947131,1135390,58.31,1.14
335,2021-06-29,CAL,13022,6014,7008,5334,7638,50,ITF,ITF6,18,Calabria,Calabria,1947131,1148412,58.98,0.67
336,2021-05-03,CAL,14827,6795,8032,10467,4274,86,ITF,ITF6,18,Calabria,Calabria,1947131,1163239,59.74,0.76
337,2021-03-21,CAL,4449,1920,2529,2728,1711,10,ITF,ITF6,18,Calabria,Calabria,1947131,1167688,59.97,0.23
338,2021-03-07,CAL,3401,1735,1666,3296,92,13,ITF,ITF6,18,Calabria,Calabria,1947131,1171089,60.14,0.17
339,2021-06-15,CAL,9878,4574,5304,6464,3352,62,ITF,ITF6,18,Calabria,Calabria,1947131,1180967,60.65,0.51
340,2021-03-14,CAL,2731,1061,1670,2281,443,7,ITF,ITF6,18,Calabria,Calabria,1947131,1183698,60.79,0.14
341,2021-06-22,CAL,14618,6910,7708,7382,7143,93,ITF,ITF6,18,Calabria,Calabria,1947131,1198316,61.54,0.75
342,2021-05-10,CAL,13161,6121,7040,7706,5401,54,ITF,ITF6,18,Calabria,Calabria,1947131,1211477,62.22,0.68
343,2021-04-26,CAL,10186,5057,5129,7721,2421,44,ITF,ITF6,18,Calabria,Calabria,1947131,1221663,62.74,0.52
344,2021-05-09,CAL,9637,4498,5139,6053,3539,45,ITF,ITF6,18,Calabria,Calabria,1947131,1231300,63.24,0.49
345,2021-01-29,CAL,2069,999,1070,227,1841,1,ITF,ITF6,18,Calabria,Calabria,1947131,1233369,63.34,0.11
346,2021-05-04,CAL,16461,7590,8871,11649,4724,88,ITF,ITF6,18,Calabria,Calabria,1947131,1249830,64.19,0.85
347,2021-01-22,CAL,659,275,384,657,2,0,ITF,ITF6,18,Calabria,Calabria,1947131,1250489,64.22,0.03
348,2021-05-02,CAL,12556,5863,6693,10611,1886,59,ITF,ITF6,18,Calabria,Calabria,1947131,1263045,64.87,0.64
349,2021-03-29,CAL,5770,2495,3275,3980,1766,24,ITF,ITF6,18,Calabria,Calabria,1947131,1268815,65.16,0.3
350,2021-01-31,CAL,1119,558,561,152,967,0,ITF,ITF6,18,Calabria,Calabria,1947131,1269934,65.22,0.06
351,2021-07-07,CAL,13959,6578,7381,3907,9981,71,ITF,ITF6,18,Calabria,Calabria,1947131,1283893,65.94,0.72
352,2021-05-11,CAL,15090,7310,7780,10236,4787,67,ITF,ITF6,18,Calabria,Calabria,1947131,1298983,66.71,0.77
353,2021-07-16,CAL,21033,10021,11012,3383,17581,69,ITF,ITF6,18,Calabria,Calabria,1947131,1320016,67.79,1.08
354,2021-02-05,CAL,3855,1740,2115,473,3367,15,ITF,ITF6,18,Calabria,Calabria,1947131,1323871,67.99,0.2
355,2021-04-29,CAL,12478,6067,6411,8659,3768,51,ITF,ITF6,18,Calabria,Calabria,1947131,1336349,68.63,0.64
356,2021-04-12,CAL,7018,3419,3599,5347,1649,22,ITF,ITF6,18,Calabria,Calabria,1947131,1343367,68.99,0.36
357,2021-01-19,CAL,1125,496,629,1111,12,2,ITF,ITF6,18,Calabria,Calabria,1947131,1344492,69.05,0.06
358,2021-07-04,CAL,5934,2813,3121,1981,3918,35,ITF,ITF6,18,Calabria,Calabria,1947131,1350426,69.35,0.3
359,2021-07-28,CAL,6760,3335,3425,1719,5003,38,ITF,ITF6,18,Calabria,Calabria,1947131,1357186,69.7,0.35
360,2021-04-22,CAL,9798,4896,4902,6853,2899,46,ITF,ITF6,18,Calabria,Calabria,1947131,1366984,70.21,0.5
361,2021-05-06,CAL,13285,6287,6998,8932,4287,66,ITF,ITF6,18,Calabria,Calabria,1947131,1380269,70.89,0.68
362,2021-07-14,CAL,22624,10668,11956,4152,18398,74,ITF,ITF6,18,Calabria,Calabria,1947131,1402893,72.05,1.16
363,2021-04-05,CAL,3642,1727,1915,2671,959,12,ITF,ITF6,18,Calabria,Calabria,1947131,1406535,72.24,0.19
364,2021-06-08,CAL,16679,7901,8778,14522,2035,122,ITF,ITF6,18,Calabria,Calabria,1947131,1423214,73.09,0.86
365,2021-03-17,CAL,4144,1846,2298,2187,1949,8,ITF,ITF6,18,Calabria,Calabria,1947131,1427358,73.31,0.21
366,2021-06-25,CAL,18806,8731,10075,8070,10658,78,ITF,ITF6,18,Calabria,Calabria,1947131,1446164,74.27,0.97
367,2021-07-13,CAL,17427,8155,9272,2312,15048,67,ITF,ITF6,18,Calabria,Calabria,1947131,1463591,75.17,0.9
368,2021-04-19,CAL,7884,3804,4080,6159,1679,46,ITF,ITF6,18,Calabria,Calabria,1947131,1471475,75.57,0.4
369,2021-01-09,CAL,2003,1081,922,1995,0,8,ITF,ITF6,18,Calabria,Calabria,1947131,1473478,75.67,0.1
370,2021-05-17,CAL,14919,7468,7451,10152,4716,51,ITF,ITF6,18,Calabria,Calabria,1947131,1488397,76.44,0.77
371,2021-02-21,CAL,634,299,335,556,77,1,ITF,ITF6,18,Calabria,Calabria,1947131,1489031,76.47,0.03
372,2021-04-28,CAL,12568,6094,6474,9625,2872,71,ITF,ITF6,18,Calabria,Calabria,1947131,1501599,77.12,0.65
373,2021-02-04,CAL,3657,1741,1916,647,3004,6,ITF,ITF6,18,Calabria,Calabria,1947131,1505256,77.31,0.19
374,2021-05-15,CAL,27246,13034,14212,20259,6856,131,ITF,ITF6,18,Calabria,Calabria,1947131,1532502,78.71,1.4
375,2021-02-02,CAL,2366,1164,1202,177,2189,0,ITF,ITF6,18,Calabria,Calabria,1947131,1534868,78.83,0.12
376,2021-01-16,CAL,2405,1128,1277,2402,0,3,ITF,ITF6,18,Calabria,Calabria,1947131,1537273,78.95,0.12
377,2021-07-26,CAL,18667,9284,9383,5179,13401,87,ITF,ITF6,18,Calabria,Calabria,1947131,1555940,79.91,0.96
378,2021-03-12,CAL,5154,2469,2685,4078,1057,19,ITF,ITF6,18,Calabria,Calabria,1947131,1561094,80.17,0.26
379,2021-01-14,CAL,2653,1259,1394,2647,0,6,ITF,ITF6,18,Calabria,Calabria,1947131,1563747,80.31,0.14
380,2021-02-28,CAL,2344,1065,1279,2187,154,3,ITF,ITF6,18,Calabria,Calabria,1947131,1566091,80.43,0.12
381,2021-06-17,CAL,15805,7220,8585,9597,6156,52,ITF,ITF6,18,Calabria,Calabria,1947131,1581896,81.24,0.81
382,2021-03-26,CAL,8094,3841,4253,4940,3126,28,ITF,ITF6,18,Calabria,Calabria,1947131,1589990,81.66,0.42
383,2021-07-06,CAL,11830,5458,6372,3615,8154,61,ITF,ITF6,18,Calabria,Calabria,1947131,1601820,82.27,0.61
384,2021-01-02,CAL,166,94,72,166,0,0,ITF,ITF6,18,Calabria,Calabria,1947131,1601986,82.27,0.01
385,2021-01-24,CAL,46,19,27,40,6,0,ITF,ITF6,18,Calabria,Calabria,1947131,1602032,82.28,0.0
386,2021-07-09,CAL,15645,7298,8347,3623,11953,69,ITF,ITF6,18,Calabria,Calabria,1947131,1617677,83.08,0.8
387,2020-12-28,CAL,6,2,4,6,0,0,ITF,ITF6,18,Calabria,Calabria,1947131,1617683,83.08,0.0
388,2021-06-03,CAL,14233,6649,7584,9589,4589,55,ITF,ITF6,18,Calabria,Calabria,1947131,1631916,83.81,0.73
389,2021-04-07,CAL,7154,3259,3895,4083,3025,46,ITF,ITF6,18,Calabria,Calabria,1947131,1639070,84.18,0.37
390,2021-02-23,CAL,1600,756,844,1479,116,5,ITF,ITF6,18,Calabria,Calabria,1947131,1640670,84.26,0.08
391,2021-01-21,CAL,975,456,519,939,33,3,ITF,ITF6,18,Calabria,Calabria,1947131,1641645,84.31,0.05
392,2021-03-31,CAL,9122,4161,4961,5043,4045,34,ITF,ITF6,18,Calabria,Calabria,1947131,1650767,84.78,0.47
393,2021-04-09,CAL,7980,3738,4242,5011,2889,80,ITF,ITF6,18,Calabria,Calabria,1947131,1658747,85.19,0.41
394,2021-07-18,CAL,8779,4204,4575,1274,7473,32,ITF,ITF6,18,Calabria,Calabria,1947131,1667526,85.64,0.45
395,2021-06-05,CAL,20702,9691,11011,17617,3006,79,ITF,ITF6,18,Calabria,Calabria,1947131,1688228,86.7,1.06
396,2021-04-21,CAL,11578,5815,5763,8617,2906,55,ITF,ITF6,18,Calabria,Calabria,1947131,1699806,87.3,0.59
397,2021-04-02,CAL,8536,3909,4627,4581,3923,32,ITF,ITF6,18,Calabria,Calabria,1947131,1708342,87.74,0.44
398,2021-06-24,CAL,15306,6975,8331,6896,8336,74,ITF,ITF6,18,Calabria,Calabria,1947131,1723648,88.52,0.79
399,2021-03-19,CAL,4210,1967,2243,1888,2315,7,ITF,ITF6,18,Calabria,Calabria,1947131,1727858,88.74,0.22
400,2021-07-11,CAL,6425,2980,3445,843,5572,10,ITF,ITF6,18,Calabria,Calabria,1947131,1734283,89.07,0.33
401,2021-06-10,CAL,15891,7327,8564,12985,2807,99,ITF,ITF6,18,Calabria,Calabria,1947131,1750174,89.88,0.82
402,2021-03-13,CAL,6969,3022,3947,5938,1001,30,ITF,ITF6,18,Calabria,Calabria,1947131,1757143,90.24,0.36
403,2021-01-15,CAL,2811,1262,1549,2805,0,6,ITF,ITF6,18,Calabria,Calabria,1947131,1759954,90.39,0.14
404,2021-04-25,CAL,15889,8062,7827,14802,1024,63,ITF,ITF6,18,Calabria,Calabria,1947131,1775843,91.2,0.82
405,2021-06-30,CAL,16373,7499,8874,7011,9266,96,ITF,ITF6,18,Calabria,Calabria,1947131,1792216,92.04,0.84
406,2021-06-28,CAL,13286,6119,7167,5369,7852,65,ITF,ITF6,18,Calabria,Calabria,1947131,1805502,92.73,0.68
407,2021-03-20,CAL,6726,3082,3644,4182,2528,16,ITF,ITF6,18,Calabria,Calabria,1947131,1812228,93.07,0.35
408,2021-03-15,CAL,3629,1749,1880,2162,1457,10,ITF,ITF6,18,Calabria,Calabria,1947131,1815857,93.26,0.19
409,2021-07-02,CAL,16259,7530,8729,6240,9938,81,ITF,ITF6,18,Calabria,Calabria,1947131,1832116,94.09,0.84
410,2021-05-20,CAL,16977,8494,8483,11265,5645,67,ITF,ITF6,18,Calabria,Calabria,1947131,1849093,94.97,0.87
411,2021-02-07,CAL,863,430,433,145,716,2,ITF,ITF6,18,Calabria,Calabria,1947131,1849956,95.01,0.04
412,2021-05-18,CAL,15338,7673,7665,11851,3419,68,ITF,ITF6,18,Calabria,Calabria,1947131,1865294,95.8,0.79
413,2021-03-22,CAL,4973,2334,2639,3177,1771,25,ITF,ITF6,18,Calabria,Calabria,1947131,1870267,96.05,0.26
414,2021-02-09,CAL,2163,913,1250,947,1207,9,ITF,ITF6,18,Calabria,Calabria,1947131,1872430,96.16,0.11
415,2021-05-29,CAL,19279,8952,10327,9347,9856,76,ITF,ITF6,18,Calabria,Calabria,1947131,1891709,97.15,0.99
416,2021-07-25,CAL,6946,3568,3378,1468,5446,32,ITF,ITF6,18,Calabria,Calabria,1947131,1898655,97.51,0.36
417,2021-04-14,CAL,8079,3900,4179,6584,1448,47,ITF,ITF6,18,Calabria,Calabria,1947131,1906734,97.93,0.41
418,2021-02-16,CAL,1747,742,1005,1462,280,5,ITF,ITF6,18,Calabria,Calabria,1947131,1908481,98.02,0.09
419,2021-07-23,CAL,22649,11304,11345,5532,17022,95,ITF,ITF6,18,Calabria,Calabria,1947131,1931130,99.18,1.16
420,2021-05-27,CAL,17657,8730,8927,9770,7806,81,ITF,ITF6,18,Calabria,Calabria,1947131,1948787,100.09,0.91
421,2021-05-17,VEN,26511,12983,13528,15661,10029,821,ITH,ITH3,5,Veneto,Veneto,4905854,26511,0.54,0.54
422,2021-02-06,VEN,4096,1354,2742,709,3387,0,ITH,ITH3,5,Veneto,Veneto,4905854,30607,0.62,0.08
423,2021-02-23,VEN,7383,3253,4130,7029,270,84,ITH,ITH3,5,Veneto,Veneto,4905854,37990,0.77,0.15
424,2021-05-05,VEN,44377,21259,23118,36185,6568,1624,ITH,ITH3,5,Veneto,Veneto,4905854,82367,1.68,0.9
425,2021-07-01,VEN,50787,25935,24852,20598,29158,1031,ITH,ITH3,5,Veneto,Veneto,4905854,133154,2.71,1.04
426,2021-05-12,VEN,36946,17885,19061,30207,5126,1613,ITH,ITH3,5,Veneto,Veneto,4905854,170100,3.47,0.75
427,2021-07-18,VEN,37705,19752,17953,3841,33614,250,ITH,ITH3,5,Veneto,Veneto,4905854,207805,4.24,0.77
428,2021-02-25,VEN,7899,3340,4559,7157,605,137,ITH,ITH3,5,Veneto,Veneto,4905854,215704,4.4,0.16
429,2021-04-09,VEN,31201,13767,17434,21913,8347,941,ITH,ITH3,5,Veneto,Veneto,4905854,246905,5.03,0.64
430,2021-06-05,VEN,46856,24134,22722,37325,8086,1445,ITH,ITH3,5,Veneto,Veneto,4905854,293761,5.99,0.96
431,2021-06-17,VEN,51665,25896,25769,25529,24991,1145,ITH,ITH3,5,Veneto,Veneto,4905854,345426,7.04,1.05
432,2021-03-09,VEN,16545,7448,9097,9826,6323,396,ITH,ITH3,5,Veneto,Veneto,4905854,361971,7.38,0.34
433,2021-05-31,VEN,31640,16241,15399,20892,9926,822,ITH,ITH3,5,Veneto,Veneto,4905854,393611,8.02,0.64
434,2021-03-26,VEN,29608,13155,16453,23285,5464,859,ITH,ITH3,5,Veneto,Veneto,4905854,423219,8.63,0.6
435,2021-03-28,VEN,31306,13607,17699,26881,3614,811,ITH,ITH3,5,Veneto,Veneto,4905854,454525,9.26,0.64
436,2021-06-19,VEN,49275,25072,24203,25682,22566,1027,ITH,ITH3,5,Veneto,Veneto,4905854,503800,10.27,1.0
437,2021-07-27,VEN,41598,21823,19775,11346,29828,424,ITH,ITH3,5,Veneto,Veneto,4905854,545398,11.12,0.85
438,2021-04-23,VEN,31265,13845,17420,21404,8707,1154,ITH,ITH3,5,Veneto,Veneto,4905854,576663,11.75,0.64
439,2021-02-16,VEN,6644,2870,3774,6438,176,30,ITH,ITH3,5,Veneto,Veneto,4905854,583307,11.89,0.14
440,2021-07-13,VEN,43473,22556,20917,5386,37772,315,ITH,ITH3,5,Veneto,Veneto,4905854,626780,12.78,0.89
441,2021-04-04,VEN,7785,3532,4253,6512,1148,125,ITH,ITH3,5,Veneto,Veneto,4905854,634565,12.93,0.16
442,2021-05-24,VEN,33048,16417,16631,7627,25016,405,ITH,ITH3,5,Veneto,Veneto,4905854,667613,13.61,0.67
443,2021-01-11,VEN,7243,2102,5141,7242,0,1,ITH,ITH3,5,Veneto,Veneto,4905854,674856,13.76,0.15
444,2021-04-21,VEN,32374,13193,19181,15544,16058,772,ITH,ITH3,5,Veneto,Veneto,4905854,707230,14.42,0.66
445,2021-05-22,VEN,34798,16690,18108,12709,21421,668,ITH,ITH3,5,Veneto,Veneto,4905854,742028,15.13,0.71
446,2021-02-11,VEN,4013,1238,2775,3346,628,39,ITH,ITH3,5,Veneto,Veneto,4905854,746041,15.21,0.08
447,2021-01-28,VEN,9213,2665,6548,168,9043,2,ITH,ITH3,5,Veneto,Veneto,4905854,755254,15.39,0.19
448,2021-01-23,VEN,4055,1249,2806,31,4024,0,ITH,ITH3,5,Veneto,Veneto,4905854,759309,15.48,0.08
449,2021-06-29,VEN,45510,22703,22807,19006,25793,711,ITH,ITH3,5,Veneto,Veneto,4905854,804819,16.41,0.93
450,2021-03-21,VEN,11984,4754,7230,8280,3464,240,ITH,ITH3,5,Veneto,Veneto,4905854,816803,16.65,0.24
451,2021-01-16,VEN,4611,1542,3069,4611,0,0,ITH,ITH3,5,Veneto,Veneto,4905854,821414,16.74,0.09
452,2021-03-14,VEN,15177,5942,9235,13846,894,437,ITH,ITH3,5,Veneto,Veneto,4905854,836591,17.05,0.31
453,2021-04-28,VEN,32424,15182,17242,22228,9016,1180,ITH,ITH3,5,Veneto,Veneto,4905854,869015,17.71,0.66
454,2021-07-20,VEN,44244,23630,20614,6834,36898,512,ITH,ITH3,5,Veneto,Veneto,4905854,913259,18.62,0.9
455,2021-01-18,VEN,2763,776,1987,2559,199,5,ITH,ITH3,5,Veneto,Veneto,4905854,916022,18.67,0.06
456,2021-02-04,VEN,7393,2028,5365,550,6842,1,ITH,ITH3,5,Veneto,Veneto,4905854,923415,18.82,0.15
457,2021-04-30,VEN,50181,23573,26608,33118,15664,1399,ITH,ITH3,5,Veneto,Veneto,4905854,973596,19.85,1.02
458,2021-01-20,VEN,1038,368,670,386,652,0,ITH,ITH3,5,Veneto,Veneto,4905854,974634,19.87,0.02
459,2021-07-08,VEN,46545,24222,22323,4446,41798,301,ITH,ITH3,5,Veneto,Veneto,4905854,1021179,20.82,0.95
460,2021-06-24,VEN,56067,28396,27671,17563,37802,702,ITH,ITH3,5,Veneto,Veneto,4905854,1077246,21.96,1.14
461,2021-03-16,VEN,12529,5354,7175,6640,5622,267,ITH,ITH3,5,Veneto,Veneto,4905854,1089775,22.21,0.26
462,2021-03-23,VEN,22217,10242,11975,16869,4713,635,ITH,ITH3,5,Veneto,Veneto,4905854,1111992,22.67,0.45
463,2021-05-19,VEN,33082,15147,17935,16190,15959,933,ITH,ITH3,5,Veneto,Veneto,4905854,1145074,23.34,0.67
464,2021-06-12,VEN,48650,24484,24166,36401,10790,1459,ITH,ITH3,5,Veneto,Veneto,4905854,1193724,24.33,0.99
465,2021-05-02,VEN,37239,17263,19976,25616,10330,1293,ITH,ITH3,5,Veneto,Veneto,4905854,1230963,25.09,0.76
466,2021-07-06,VEN,36070,18590,17480,13156,22264,650,ITH,ITH3,5,Veneto,Veneto,4905854,1267033,25.83,0.74
467,2021-04-14,VEN,15927,6905,9022,8756,6630,541,ITH,ITH3,5,Veneto,Veneto,4905854,1282960,26.15,0.32
468,2021-01-04,VEN,6737,2035,4702,6735,0,2,ITH,ITH3,5,Veneto,Veneto,4905854,1289697,26.29,0.14
469,2021-05-14,VEN,46773,22246,24527,24302,20897,1574,ITH,ITH3,5,Veneto,Veneto,4905854,1336470,27.24,0.95
470,2021-02-20,VEN,6426,2016,4410,6275,71,80,ITH,ITH3,5,Veneto,Veneto,4905854,1342896,27.37,0.13
471,2021-05-29,VEN,33025,16684,16341,24241,7670,1114,ITH,ITH3,5,Veneto,Veneto,4905854,1375921,28.05,0.67
472,2021-02-18,VEN,5828,2455,3373,5725,64,39,ITH,ITH3,5,Veneto,Veneto,4905854,1381749,28.17,0.12
473,2021-07-25,VEN,33092,17484,15608,10784,21841,467,ITH,ITH3,5,Veneto,Veneto,4905854,1414841,28.84,0.67
474,2021-04-16,VEN,24454,10495,13959,11890,11887,677,ITH,ITH3,5,Veneto,Veneto,4905854,1439295,29.34,0.5
475,2021-04-18,VEN,17519,7256,10263,9502,7566,451,ITH,ITH3,5,Veneto,Veneto,4905854,1456814,29.7,0.36
476,2021-01-09,VEN,7930,2539,5391,7924,0,6,ITH,ITH3,5,Veneto,Veneto,4905854,1464744,29.86,0.16
477,2021-03-18,VEN,12615,5141,7474,7033,5230,352,ITH,ITH3,5,Veneto,Veneto,4905854,1477359,30.11,0.26
478,2021-06-26,VEN,48050,24502,23548,13566,33981,503,ITH,ITH3,5,Veneto,Veneto,4905854,1525409,31.09,0.98
479,2021-05-10,VEN,36504,17082,19422,25423,9848,1233,ITH,ITH3,5,Veneto,Veneto,4905854,1561913,31.84,0.74
480,2021-01-30,VEN,8751,2674,6077,692,8059,0,ITH,ITH3,5,Veneto,Veneto,4905854,1570664,32.02,0.18
481,2021-03-07,VEN,4495,1770,2725,3865,561,69,ITH,ITH3,5,Veneto,Veneto,4905854,1575159,32.11,0.09
482,2021-05-03,VEN,40697,19803,20894,32798,6439,1460,ITH,ITH3,5,Veneto,Veneto,4905854,1615856,32.94,0.83
483,2021-03-02,VEN,11491,4626,6865,7934,3310,247,ITH,ITH3,5,Veneto,Veneto,4905854,1627347,33.17,0.23
484,2021-06-10,VEN,52308,26991,25317,41295,9322,1691,ITH,ITH3,5,Veneto,Veneto,4905854,1679655,34.24,1.07
485,2021-04-02,VEN,24099,10622,13477,17127,6330,642,ITH,ITH3,5,Veneto,Veneto,4905854,1703754,34.73,0.49
486,2021-06-09,VEN,42750,21935,20815,33783,7426,1541,ITH,ITH3,5,Veneto,Veneto,4905854,1746504,35.6,0.87
487,2021-07-03,VEN,38692,20111,18581,11016,27091,585,ITH,ITH3,5,Veneto,Veneto,4905854,1785196,36.39,0.79
488,2021-06-16,VEN,47719,23539,24180,25264,21370,1085,ITH,ITH3,5,Veneto,Veneto,4905854,1832915,37.36,0.97
489,2021-01-01,VEN,1528,471,1057,1527,0,1,ITH,ITH3,5,Veneto,Veneto,4905854,1834443,37.39,0.03
490,2021-03-25,VEN,25966,11060,14906,18970,6101,895,ITH,ITH3,5,Veneto,Veneto,4905854,1860409,37.92,0.53
491,2021-04-11,VEN,21005,8871,12134,14227,6293,485,ITH,ITH3,5,Veneto,Veneto,4905854,1881414,38.35,0.43
492,2021-02-08,VEN,5005,1559,3446,1923,3076,6,ITH,ITH3,5,Veneto,Veneto,4905854,1886419,38.45,0.1
493,2021-04-06,VEN,28999,13348,15651,23233,5043,723,ITH,ITH3,5,Veneto,Veneto,4905854,1915418,39.04,0.59
494,2021-02-01,VEN,8563,2502,6061,157,8406,0,ITH,ITH3,5,Veneto,Veneto,4905854,1923981,39.22,0.17
495,2021-02-15,VEN,4389,1824,2565,4140,240,9,ITH,ITH3,5,Veneto,Veneto,4905854,1928370,39.31,0.09
496,2021-06-02,VEN,20306,10234,10072,15353,4340,613,ITH,ITH3,5,Veneto,Veneto,4905854,1948676,39.72,0.41
497,2021-03-11,VEN,19830,8891,10939,13796,5570,464,ITH,ITH3,5,Veneto,Veneto,4905854,1968506,40.13,0.4
498,2021-05-07,VEN,48591,23283,25308,37571,8667,2353,ITH,ITH3,5,Veneto,Veneto,4905854,2017097,41.12,0.99
499,2021-01-27,VEN,7141,2064,5077,240,6900,1,ITH,ITH3,5,Veneto,Veneto,4905854,2024238,41.26,0.15
500,2021-02-13,VEN,3266,1473,1793,3230,20,16,ITH,ITH3,5,Veneto,Veneto,4905854,2027504,41.33,0.07
501,2021-05-28,VEN,46802,22918,23884,23681,21925,1196,ITH,ITH3,5,Veneto,Veneto,4905854,2074306,42.28,0.95
502,2021-07-24,VEN,41331,22188,19143,13141,27556,634,ITH,ITH3,5,Veneto,Veneto,4905854,2115637,43.12,0.84
503,2021-07-10,VEN,43108,23180,19928,6286,36460,362,ITH,ITH3,5,Veneto,Veneto,4905854,2158745,44.0,0.88
504,2021-07-17,VEN,40354,21350,19004,4265,35750,339,ITH,ITH3,5,Veneto,Veneto,4905854,2199099,44.83,0.82
505,2021-05-21,VEN,44678,21967,22711,19798,23779,1101,ITH,ITH3,5,Veneto,Veneto,4905854,2243777,45.74,0.91
506,2021-02-17,VEN,6022,2772,3250,5900,94,28,ITH,ITH3,5,Veneto,Veneto,4905854,2249799,45.86,0.12
507,2021-04-01,VEN,25356,11172,14184,18169,6413,774,ITH,ITH3,5,Veneto,Veneto,4905854,2275155,46.38,0.52
508,2021-06-28,VEN,47581,24080,23501,18362,28497,722,ITH,ITH3,5,Veneto,Veneto,4905854,2322736,47.35,0.97
509,2021-01-25,VEN,6470,2077,4393,159,6311,0,ITH,ITH3,5,Veneto,Veneto,4905854,2329206,47.48,0.13
510,2021-07-15,VEN,51152,26786,24366,5977,44802,373,ITH,ITH3,5,Veneto,Veneto,4905854,2380358,48.52,1.04
511,2021-04-20,VEN,22443,9499,12944,7872,14002,569,ITH,ITH3,5,Veneto,Veneto,4905854,2402801,48.98,0.46
512,2021-05-09,VEN,35081,16141,18940,23789,10053,1239,ITH,ITH3,5,Veneto,Veneto,4905854,2437882,49.69,0.72
513,2021-07-22,VEN,48004,24911,23093,13176,34188,640,ITH,ITH3,5,Veneto,Veneto,4905854,2485886,50.67,0.98
514,2021-04-13,VEN,14028,6324,7704,8052,5477,499,ITH,ITH3,5,Veneto,Veneto,4905854,2499914,50.96,0.29
515,2021-07-05,VEN,39090,20265,18825,14101,24177,812,ITH,ITH3,5,Veneto,Veneto,4905854,2539004,51.75,0.8
516,2021-01-03,VEN,5157,1562,3595,5157,0,0,ITH,ITH3,5,Veneto,Veneto,4905854,2544161,51.86,0.11
517,2021-03-30,VEN,35977,15301,20676,29725,5245,1007,ITH,ITH3,5,Veneto,Veneto,4905854,2580138,52.59,0.73
518,2021-04-10,VEN,27471,11979,15492,18379,8468,624,ITH,ITH3,5,Veneto,Veneto,4905854,2607609,53.15,0.56
519,2021-06-06,VEN,37434,19164,18270,31489,4727,1218,ITH,ITH3,5,Veneto,Veneto,4905854,2645043,53.92,0.76
520,2020-12-27,VEN,880,395,485,880,0,0,ITH,ITH3,5,Veneto,Veneto,4905854,2645923,53.93,0.02
521,2021-05-30,VEN,22542,11266,11276,15205,6687,650,ITH,ITH3,5,Veneto,Veneto,4905854,2668465,54.39,0.46
522,2021-07-26,VEN,43396,22803,20593,16874,25877,645,ITH,ITH3,5,Veneto,Veneto,4905854,2711861,55.28,0.88
523,2021-07-19,VEN,44705,23541,21164,7921,36378,406,ITH,ITH3,5,Veneto,Veneto,4905854,2756566,56.19,0.91
524,2021-02-26,VEN,8299,3275,5024,6945,1260,94,ITH,ITH3,5,Veneto,Veneto,4905854,2764865,56.36,0.17
525,2021-04-24,VEN,24762,10829,13933,14962,9078,722,ITH,ITH3,5,Veneto,Veneto,4905854,2789627,56.86,0.5
526,2021-01-14,VEN,7064,1925,5139,7044,0,20,ITH,ITH3,5,Veneto,Veneto,4905854,2796691,57.01,0.14
527,2021-04-27,VEN,28197,12791,15406,20129,6913,1155,ITH,ITH3,5,Veneto,Veneto,4905854,2824888,57.58,0.57
528,2021-01-17,VEN,1933,781,1152,1584,349,0,ITH,ITH3,5,Veneto,Veneto,4905854,2826821,57.62,0.04
529,2021-02-03,VEN,5950,1670,4280,475,5471,4,ITH,ITH3,5,Veneto,Veneto,4905854,2832771,57.74,0.12
530,2021-04-29,VEN,50294,23396,26898,35395,13171,1728,ITH,ITH3,5,Veneto,Veneto,4905854,2883065,58.77,1.03
531,2021-07-21,VEN,42937,22177,20760,8628,33818,491,ITH,ITH3,5,Veneto,Veneto,4905854,2926002,59.64,0.88
532,2021-02-05,VEN,8379,2536,5843,1409,6961,9,ITH,ITH3,5,Veneto,Veneto,4905854,2934381,59.81,0.17
533,2021-02-22,VEN,7015,3042,3973,6581,387,47,ITH,ITH3,5,Veneto,Veneto,4905854,2941396,59.96,0.14
534,2021-05-16,VEN,28415,14011,14404,20311,7079,1025,ITH,ITH3,5,Veneto,Veneto,4905854,2969811,60.54,0.58
535,2021-03-03,VEN,12098,4647,7451,8387,3500,211,ITH,ITH3,5,Veneto,Veneto,4905854,2981909,60.78,0.25
536,2021-06-11,VEN,47297,24600,22697,34709,11171,1417,ITH,ITH3,5,Veneto,Veneto,4905854,3029206,61.75,0.96
537,2021-06-25,VEN,51656,26138,25518,15016,35987,653,ITH,ITH3,5,Veneto,Veneto,4905854,3080862,62.8,1.05
538,2021-05-26,VEN,31124,15211,15913,13972,16477,675,ITH,ITH3,5,Veneto,Veneto,4905854,3111986,63.43,0.63
539,2021-03-01,VEN,9394,3716,5678,7409,1822,163,ITH,ITH3,5,Veneto,Veneto,4905854,3121380,63.63,0.19
540,2021-07-12,VEN,43205,22765,20440,3987,38889,329,ITH,ITH3,5,Veneto,Veneto,4905854,3164585,64.51,0.88
541,2021-04-15,VEN,20918,8639,12279,9345,10826,747,ITH,ITH3,5,Veneto,Veneto,4905854,3185503,64.93,0.43
542,2021-01-05,VEN,7331,2184,5147,7329,0,2,ITH,ITH3,5,Veneto,Veneto,4905854,3192834,65.08,0.15
543,2021-02-10,VEN,4755,1589,3166,3690,1056,9,ITH,ITH3,5,Veneto,Veneto,4905854,3197589,65.18,0.1
544,2021-04-08,VEN,32375,14370,18005,23326,7879,1170,ITH,ITH3,5,Veneto,Veneto,4905854,3229964,65.84,0.66
545,2021-07-14,VEN,43434,22325,21109,5255,37785,394,ITH,ITH3,5,Veneto,Veneto,4905854,3273398,66.72,0.89
546,2021-04-22,VEN,32043,13934,18109,15468,15754,821,ITH,ITH3,5,Veneto,Veneto,4905854,3305441,67.38,0.65
547,2021-03-12,VEN,18659,8194,10465,11331,6748,580,ITH,ITH3,5,Veneto,Veneto,4905854,3324100,67.76,0.38
548,2021-04-17,VEN,22432,9089,13343,14360,7275,797,ITH,ITH3,5,Veneto,Veneto,4905854,3346532,68.22,0.46
549,2021-01-07,VEN,8360,2317,6043,8359,0,1,ITH,ITH3,5,Veneto,Veneto,4905854,3354892,68.39,0.17
550,2021-06-13,VEN,37336,19253,18083,29317,6956,1063,ITH,ITH3,5,Veneto,Veneto,4905854,3392228,69.15,0.76
551,2021-01-21,VEN,2293,719,1574,21,2272,0,ITH,ITH3,5,Veneto,Veneto,4905854,3394521,69.19,0.05
552,2021-03-05,VEN,13337,5020,8317,9223,3670,444,ITH,ITH3,5,Veneto,Veneto,4905854,3407858,69.47,0.27
553,2021-01-08,VEN,9409,2836,6573,9395,0,14,ITH,ITH3,5,Veneto,Veneto,4905854,3417267,69.66,0.19
554,2021-01-13,VEN,5987,1606,4381,5984,0,3,ITH,ITH3,5,Veneto,Veneto,4905854,3423254,69.78,0.12
555,2021-04-25,VEN,18335,8157,10178,12908,4834,593,ITH,ITH3,5,Veneto,Veneto,4905854,3441589,70.15,0.37
556,2021-06-21,VEN,44302,22176,22126,20455,22942,905,ITH,ITH3,5,Veneto,Veneto,4905854,3485891,71.06,0.9
557,2021-01-06,VEN,8137,2389,5748,8134,0,3,ITH,ITH3,5,Veneto,Veneto,4905854,3494028,71.22,0.17
558,2021-06-23,VEN,49216,24390,24826,14543,33852,821,ITH,ITH3,5,Veneto,Veneto,4905854,3543244,72.22,1.0
559,2021-03-15,VEN,16671,7329,9342,10959,5210,502,ITH,ITH3,5,Veneto,Veneto,4905854,3559915,72.56,0.34
560,2021-03-08,VEN,13632,6272,7360,9301,4069,262,ITH,ITH3,5,Veneto,Veneto,4905854,3573547,72.84,0.28
561,2021-06-18,VEN,53576,26740,26836,23985,28560,1031,ITH,ITH3,5,Veneto,Veneto,4905854,3627123,73.93,1.09
562,2021-03-27,VEN,32077,14015,18062,25372,5800,905,ITH,ITH3,5,Veneto,Veneto,4905854,3659200,74.59,0.65
563,2021-04-03,VEN,21966,9635,12331,13851,7711,404,ITH,ITH3,5,Veneto,Veneto,4905854,3681166,75.04,0.45
564,2021-03-20,VEN,13024,5389,7635,10651,2082,291,ITH,ITH3,5,Veneto,Veneto,4905854,3694190,75.3,0.27
565,2021-01-10,VEN,5035,1673,3362,5034,0,1,ITH,ITH3,5,Veneto,Veneto,4905854,3699225,75.4,0.1
566,2021-05-23,VEN,34491,16467,18024,10619,23403,469,ITH,ITH3,5,Veneto,Veneto,4905854,3733716,76.11,0.7
567,2021-02-12,VEN,4314,1447,2867,3671,572,71,ITH,ITH3,5,Veneto,Veneto,4905854,3738030,76.2,0.09
568,2021-01-29,VEN,9023,2788,6235,366,8657,0,ITH,ITH3,5,Veneto,Veneto,4905854,3747053,76.38,0.18
569,2021-05-08,VEN,41488,18769,22719,28234,11825,1429,ITH,ITH3,5,Veneto,Veneto,4905854,3788541,77.22,0.85
570,2020-12-31,VEN,3219,1042,2177,3219,0,0,ITH,ITH3,5,Veneto,Veneto,4905854,3791760,77.29,0.07
571,2021-07-04,VEN,33869,17575,16294,14974,18279,616,ITH,ITH3,5,Veneto,Veneto,4905854,3825629,77.98,0.69
572,2021-04-12,VEN,14914,6343,8571,6398,8216,300,ITH,ITH3,5,Veneto,Veneto,4905854,3840543,78.28,0.3
573,2021-01-02,VEN,5744,1767,3977,5743,0,1,ITH,ITH3,5,Veneto,Veneto,4905854,3846287,78.4,0.12
574,2021-01-19,VEN,1312,474,838,1161,150,1,ITH,ITH3,5,Veneto,Veneto,4905854,3847599,78.43,0.03
575,2021-07-23,VEN,44000,23158,20842,14885,28540,575,ITH,ITH3,5,Veneto,Veneto,4905854,3891599,79.33,0.9
576,2021-05-01,VEN,38848,18237,20611,28698,8928,1222,ITH,ITH3,5,Veneto,Veneto,4905854,3930447,80.12,0.79
577,2021-06-04,VEN,49626,25829,23797,39823,8136,1667,ITH,ITH3,5,Veneto,Veneto,4905854,3980073,81.13,1.01
578,2021-02-24,VEN,8616,3679,4937,7994,488,134,ITH,ITH3,5,Veneto,Veneto,4905854,3988689,81.3,0.18
579,2021-06-22,VEN,43705,21612,22093,18478,24367,860,ITH,ITH3,5,Veneto,Veneto,4905854,4032394,82.2,0.89
580,2021-04-26,VEN,20726,9457,11269,14915,5138,673,ITH,ITH3,5,Veneto,Veneto,4905854,4053120,82.62,0.42
581,2021-06-27,VEN,40231,20552,19679,15332,24303,596,ITH,ITH3,5,Veneto,Veneto,4905854,4093351,83.44,0.82
582,2021-03-19,VEN,13793,5669,8124,7404,6097,292,ITH,ITH3,5,Veneto,Veneto,4905854,4107144,83.72,0.28
583,2021-06-03,VEN,54480,28013,26467,40869,11972,1639,ITH,ITH3,5,Veneto,Veneto,4905854,4161624,84.83,1.11
584,2021-06-20,VEN,41195,20059,21136,18927,21531,737,ITH,ITH3,5,Veneto,Veneto,4905854,4202819,85.67,0.84
585,2021-02-19,VEN,7323,3140,4183,6993,204,126,ITH,ITH3,5,Veneto,Veneto,4905854,4210142,85.82,0.15
586,2021-02-21,VEN,4640,1212,3428,4516,5,119,ITH,ITH3,5,Veneto,Veneto,4905854,4214782,85.91,0.09
587,2021-05-15,VEN,36250,17511,18739,24807,10012,1431,ITH,ITH3,5,Veneto,Veneto,4905854,4251032,86.65,0.74
588,2021-06-01,VEN,26977,13562,13415,15783,10551,643,ITH,ITH3,5,Veneto,Veneto,4905854,4278009,87.2,0.55
589,2021-03-10,VEN,19040,8727,10313,12963,5683,394,ITH,ITH3,5,Veneto,Veneto,4905854,4297049,87.59,0.39
590,2021-05-18,VEN,27012,12543,14469,12641,13609,762,ITH,ITH3,5,Veneto,Veneto,4905854,4324061,88.14,0.55
591,2021-06-30,VEN,45687,23037,22650,17786,27132,769,ITH,ITH3,5,Veneto,Veneto,4905854,4369748,89.07,0.93
592,2021-03-22,VEN,18150,8179,9971,12585,5048,517,ITH,ITH3,5,Veneto,Veneto,4905854,4387898,89.44,0.37
593,2021-03-13,VEN,17233,7307,9926,13731,3131,371,ITH,ITH3,5,Veneto,Veneto,4905854,4405131,89.79,0.35
594,2021-01-15,VEN,5876,1820,4056,5870,0,6,ITH,ITH3,5,Veneto,Veneto,4905854,4411007,89.91,0.12
595,2021-05-20,VEN,44803,21246,23557,19354,24347,1102,ITH,ITH3,5,Veneto,Veneto,4905854,4455810,90.83,0.91
596,2021-02-09,VEN,5249,1892,3357,3430,1806,13,ITH,ITH3,5,Veneto,Veneto,4905854,4461059,90.93,0.11
597,2021-05-27,VEN,46582,22885,23697,22333,23212,1037,ITH,ITH3,5,Veneto,Veneto,4905854,4507641,91.88,0.95
598,2021-02-07,VEN,2316,863,1453,714,1601,1,ITH,ITH3,5,Veneto,Veneto,4905854,4509957,91.93,0.05
599,2021-06-15,VEN,47805,24282,23523,29136,17516,1153,ITH,ITH3,5,Veneto,Veneto,4905854,4557762,92.9,0.97
600,2021-07-02,VEN,49431,25083,24348,16198,32432,801,ITH,ITH3,5,Veneto,Veneto,4905854,4607193,93.91,1.01
601,2021-03-24,VEN,22115,9575,12540,14663,6803,649,ITH,ITH3,5,Veneto,Veneto,4905854,4629308,94.36,0.45
602,2021-06-08,VEN,43842,22668,21174,36191,6142,1509,ITH,ITH3,5,Veneto,Veneto,4905854,4673150,95.26,0.89
603,2021-05-25,VEN,27802,13420,14382,11258,16046,498,ITH,ITH3,5,Veneto,Veneto,4905854,4700952,95.82,0.57
604,2021-02-14,VEN,126,56,70,113,13,0,ITH,ITH3,5,Veneto,Veneto,4905854,4701078,95.83,0.0
605,2021-02-28,VEN,4136,1389,2747,3225,837,74,ITH,ITH3,5,Veneto,Veneto,4905854,4705214,95.91,0.08
606,2021-03-17,VEN,14645,5992,8653,7526,6796,323,ITH,ITH3,5,Veneto,Veneto,4905854,4719859,96.21,0.3
607,2021-07-28,VEN,13966,7107,6859,3307,10563,96,ITH,ITH3,5,Veneto,Veneto,4905854,4733825,96.49,0.28
608,2021-01-12,VEN,5231,1517,3714,5223,0,8,ITH,ITH3,5,Veneto,Veneto,4905854,4739056,96.6,0.11
609,2021-04-19,VEN,21542,8922,12620,4709,16407,426,ITH,ITH3,5,Veneto,Veneto,4905854,4760598,97.04,0.44
610,2021-04-05,VEN,19161,8375,10786,13424,5436,301,ITH,ITH3,5,Veneto,Veneto,4905854,4779759,97.43,0.39
611,2021-01-26,VEN,6921,2091,4830,149,6772,0,ITH,ITH3,5,Veneto,Veneto,4905854,4786680,97.57,0.14
612,2021-05-06,VEN,46988,22037,24951,36513,8475,2000,ITH,ITH3,5,Veneto,Veneto,4905854,4833668,98.53,0.96
613,2021-06-14,VEN,42614,21551,21063,26306,15307,1001,ITH,ITH3,5,Veneto,Veneto,4905854,4876282,99.4,0.87
614,2021-03-06,VEN,10669,4356,6313,7220,3262,187,ITH,ITH3,5,Veneto,Veneto,4905854,4886951,99.61,0.22
615,2020-12-30,VEN,699,245,454,699,0,0,ITH,ITH3,5,Veneto,Veneto,4905854,4887650,99.63,0.01
616,2021-06-07,VEN,44688,23317,21371,36192,7021,1475,ITH,ITH3,5,Veneto,Veneto,4905854,4932338,100.54,0.91
617,2021-02-27,VEN,8992,2693,6299,7963,848,181,ITH,ITH3,5,Veneto,Veneto,4905854,4941330,100.72,0.18
618,2021-03-04,VEN,12984,4886,8098,9121,3474,389,ITH,ITH3,5,Veneto,Veneto,4905854,4954314,100.99,0.26
619,2021-07-07,VEN,40813,21232,19581,15583,24421,809,ITH,ITH3,5,Veneto,Veneto,4905854,4995127,101.82,0.83
620,2021-05-11,VEN,33169,16502,16667,27135,4722,1312,ITH,ITH3,5,Veneto,Veneto,4905854,5028296,102.5,0.68
621,2021-01-22,VEN,1080,332,748,25,1055,0,ITH,ITH3,5,Veneto,Veneto,4905854,5029376,102.52,0.02
622,2021-05-04,VEN,43008,20369,22639,33346,8031,1631,ITH,ITH3,5,Veneto,Veneto,4905854,5072384,103.39,0.88
623,2021-01-24,VEN,4117,1219,2898,28,4089,0,ITH,ITH3,5,Veneto,Veneto,4905854,5076501,103.48,0.08
624,2021-04-07,VEN,36030,16193,19837,27585,7337,1108,ITH,ITH3,5,Veneto,Veneto,4905854,5112531,104.21,0.73
625,2021-07-16,VEN,44583,23985,20598,6892,37219,472,ITH,ITH3,5,Veneto,Veneto,4905854,5157114,105.12,0.91
626,2021-01-31,VEN,4771,1565,3206,391,4380,0,ITH,ITH3,5,Veneto,Veneto,4905854,5161885,105.22,0.1
627,2021-03-29,VEN,31452,13695,17757,26638,3820,994,ITH,ITH3,5,Veneto,Veneto,4905854,5193337,105.86,0.64
628,2021-05-13,VEN,44277,21847,22430,32563,9885,1829,ITH,ITH3,5,Veneto,Veneto,4905854,5237614,106.76,0.9
629,2021-02-02,VEN,6512,1881,4631,396,6116,0,ITH,ITH3,5,Veneto,Veneto,4905854,5244126,106.9,0.13
630,2021-07-09,VEN,44994,23737,21257,4093,40611,290,ITH,ITH3,5,Veneto,Veneto,4905854,5289120,107.81,0.92
631,2021-03-31,VEN,38893,16422,22471,30353,7500,1040,ITH,ITH3,5,Veneto,Veneto,4905854,5328013,108.61,0.79
632,2021-07-11,VEN,34231,17923,16308,3692,30281,258,ITH,ITH3,5,Veneto,Veneto,4905854,5362244,109.3,0.7
633,2021-03-26,LIG,9339,4030,5309,6071,3156,112,ITC,ITC3,7,Liguria,Liguria,1550640,9339,0.6,0.6
634,2021-07-04,LIG,4853,2583,2270,3842,993,18,ITC,ITC3,7,Liguria,Liguria,1550640,14192,0.92,0.31
635,2021-01-02,LIG,692,246,446,692,0,0,ITC,ITC3,7,Liguria,Liguria,1550640,14884,0.96,0.04
636,2021-03-14,LIG,1659,752,907,1033,604,22,ITC,ITC3,7,Liguria,Liguria,1550640,16543,1.07,0.11
637,2021-06-22,LIG,15796,7456,8340,7645,8117,34,ITC,ITC3,7,Liguria,Liguria,1550640,32339,2.09,1.02
638,2021-07-06,LIG,12329,6057,6272,5683,6611,35,ITC,ITC3,7,Liguria,Liguria,1550640,44668,2.88,0.8
639,2021-05-10,LIG,12649,5641,7008,6209,6375,65,ITC,ITC3,7,Liguria,Liguria,1550640,57317,3.7,0.82
640,2021-05-03,LIG,13260,5920,7340,6335,6817,108,ITC,ITC3,7,Liguria,Liguria,1550640,70577,4.55,0.86
641,2021-02-16,LIG,2428,957,1471,1996,424,8,ITC,ITC3,7,Liguria,Liguria,1550640,73005,4.71,0.16
642,2021-07-23,LIG,19944,10280,9664,5175,14711,58,ITC,ITC3,7,Liguria,Liguria,1550640,92949,5.99,1.29
643,2021-05-27,LIG,16974,8707,8267,12653,4153,168,ITC,ITC3,7,Liguria,Liguria,1550640,109923,7.09,1.09
644,2021-04-14,LIG,13075,5670,7405,10750,2201,124,ITC,ITC3,7,Liguria,Liguria,1550640,122998,7.93,0.84
645,2021-05-29,LIG,6864,3251,3613,3975,2870,19,ITC,ITC3,7,Liguria,Liguria,1550640,129862,8.37,0.44
646,2021-07-25,LIG,6355,3235,3120,617,5729,9,ITC,ITC3,7,Liguria,Liguria,1550640,136217,8.78,0.41
647,2021-04-26,LIG,10568,4986,5582,7847,2636,85,ITC,ITC3,7,Liguria,Liguria,1550640,146785,9.47,0.68
648,2021-01-16,LIG,1278,557,721,1273,0,5,ITC,ITC3,7,Liguria,Liguria,1550640,148063,9.55,0.08
649,2021-02-02,LIG,2673,1007,1666,127,2544,2,ITC,ITC3,7,Liguria,Liguria,1550640,150736,9.72,0.17
650,2021-04-28,LIG,14462,6524,7938,6382,7988,92,ITC,ITC3,7,Liguria,Liguria,1550640,165198,10.65,0.93
651,2021-02-04,LIG,2817,987,1830,178,2639,0,ITC,ITC3,7,Liguria,Liguria,1550640,168015,10.84,0.18
652,2021-05-15,LIG,7318,3271,4047,4284,2955,79,ITC,ITC3,7,Liguria,Liguria,1550640,175333,11.31,0.47
653,2021-02-21,LIG,869,491,378,858,4,7,ITC,ITC3,7,Liguria,Liguria,1550640,176202,11.36,0.06
654,2021-07-18,LIG,2382,1222,1160,391,1980,11,ITC,ITC3,7,Liguria,Liguria,1550640,178584,11.52,0.15
655,2021-06-05,LIG,8091,4114,3977,4936,3152,3,ITC,ITC3,7,Liguria,Liguria,1550640,186675,12.04,0.52
656,2021-04-09,LIG,12468,5561,6907,10551,1777,140,ITC,ITC3,7,Liguria,Liguria,1550640,199143,12.84,0.8
657,2021-03-31,LIG,11925,5276,6649,9047,2770,108,ITC,ITC3,7,Liguria,Liguria,1550640,211068,13.61,0.77
658,2021-02-11,LIG,1990,772,1218,1094,887,9,ITC,ITC3,7,Liguria,Liguria,1550640,213058,13.74,0.13
659,2021-05-22,LIG,6651,3220,3431,4874,1684,93,ITC,ITC3,7,Liguria,Liguria,1550640,219709,14.17,0.43
660,2021-06-10,LIG,18805,9698,9107,13165,5629,11,ITC,ITC3,7,Liguria,Liguria,1550640,238514,15.38,1.21
661,2021-03-19,LIG,5297,2234,3063,2094,3148,55,ITC,ITC3,7,Liguria,Liguria,1550640,243811,15.72,0.34
662,2021-03-02,LIG,4074,1689,2385,3753,310,11,ITC,ITC3,7,Liguria,Liguria,1550640,247885,15.99,0.26
663,2021-07-11,LIG,2147,1191,956,1235,903,9,ITC,ITC3,7,Liguria,Liguria,1550640,250032,16.12,0.14
664,2021-06-24,LIG,11117,5428,5689,6263,4840,14,ITC,ITC3,7,Liguria,Liguria,1550640,261149,16.84,0.72
665,2021-04-02,LIG,11791,5222,6569,9210,2487,94,ITC,ITC3,7,Liguria,Liguria,1550640,272940,17.6,0.76
666,2021-02-28,LIG,1059,580,479,1043,9,7,ITC,ITC3,7,Liguria,Liguria,1550640,273999,17.67,0.07
667,2021-01-28,LIG,2849,972,1877,40,2809,0,ITC,ITC3,7,Liguria,Liguria,1550640,276848,17.85,0.18
668,2021-06-15,LIG,17413,8465,8948,9329,8069,15,ITC,ITC3,7,Liguria,Liguria,1550640,294261,18.98,1.12
669,2021-03-07,LIG,1915,1138,777,1590,301,24,ITC,ITC3,7,Liguria,Liguria,1550640,296176,19.1,0.12
670,2021-06-17,LIG,16685,7927,8758,9133,7528,24,ITC,ITC3,7,Liguria,Liguria,1550640,312861,20.18,1.08
671,2021-03-21,LIG,551,220,331,69,482,0,ITC,ITC3,7,Liguria,Liguria,1550640,313412,20.21,0.04
672,2021-01-23,LIG,810,296,514,154,656,0,ITC,ITC3,7,Liguria,Liguria,1550640,314222,20.26,0.05
673,2021-06-29,LIG,15164,7221,7943,8700,6432,32,ITC,ITC3,7,Liguria,Liguria,1550640,329386,21.24,0.98
674,2021-05-17,LIG,12035,5521,6514,8653,3330,52,ITC,ITC3,7,Liguria,Liguria,1550640,341421,22.02,0.78
675,2021-01-30,LIG,1661,567,1094,23,1637,1,ITC,ITC3,7,Liguria,Liguria,1550640,343082,22.13,0.11
676,2021-03-28,LIG,1142,511,631,378,752,12,ITC,ITC3,7,Liguria,Liguria,1550640,344224,22.2,0.07
677,2021-02-09,LIG,1953,694,1259,264,1687,2,ITC,ITC3,7,Liguria,Liguria,1550640,346177,22.32,0.13
678,2021-04-23,LIG,14686,6646,8040,8455,6121,110,ITC,ITC3,7,Liguria,Liguria,1550640,360863,23.27,0.95
679,2021-03-11,LIG,6401,3091,3310,4331,2012,58,ITC,ITC3,7,Liguria,Liguria,1550640,367264,23.68,0.41
680,2021-01-13,LIG,2757,1014,1743,2756,0,1,ITC,ITC3,7,Liguria,Liguria,1550640,370021,23.86,0.18
681,2020-12-30,LIG,12,5,7,12,0,0,ITC,ITC3,7,Liguria,Liguria,1550640,370033,23.86,0.0
682,2020-12-28,LIG,80,30,50,80,0,0,ITC,ITC3,7,Liguria,Liguria,1550640,370113,23.87,0.01
683,2021-06-03,LIG,15526,7693,7833,9149,6367,10,ITC,ITC3,7,Liguria,Liguria,1550640,385639,24.87,1.0
684,2021-04-07,LIG,13682,6108,7574,11303,2288,91,ITC,ITC3,7,Liguria,Liguria,1550640,399321,25.75,0.88
685,2021-02-23,LIG,3807,1559,2248,3658,109,40,ITC,ITC3,7,Liguria,Liguria,1550640,403128,26.0,0.25
686,2021-06-14,LIG,15139,7310,7829,8276,6858,5,ITC,ITC3,7,Liguria,Liguria,1550640,418267,26.97,0.98
687,2021-04-21,LIG,14272,6447,7825,8845,5329,98,ITC,ITC3,7,Liguria,Liguria,1550640,432539,27.89,0.92
688,2021-05-08,LIG,7530,3334,4196,2272,5215,43,ITC,ITC3,7,Liguria,Liguria,1550640,440069,28.38,0.49
689,2021-01-25,LIG,2729,890,1839,476,2252,1,ITC,ITC3,7,Liguria,Liguria,1550640,442798,28.56,0.18
690,2021-05-05,LIG,13714,6136,7578,5194,8418,102,ITC,ITC3,7,Liguria,Liguria,1550640,456512,29.44,0.88
691,2021-01-21,LIG,1107,385,722,675,431,1,ITC,ITC3,7,Liguria,Liguria,1550640,457619,29.51,0.07
692,2021-01-14,LIG,2983,1056,1927,2982,0,1,ITC,ITC3,7,Liguria,Liguria,1550640,460602,29.7,0.19
693,2021-01-09,LIG,1335,481,854,1334,0,1,ITC,ITC3,7,Liguria,Liguria,1550640,461937,29.79,0.09
694,2021-04-19,LIG,12838,5620,7218,8919,3831,88,ITC,ITC3,7,Liguria,Liguria,1550640,474775,30.62,0.83
695,2021-07-13,LIG,13064,6424,6640,3496,9545,23,ITC,ITC3,7,Liguria,Liguria,1550640,487839,31.46,0.84
696,2021-06-02,LIG,8530,4341,4189,5361,3168,1,ITC,ITC3,7,Liguria,Liguria,1550640,496369,32.01,0.55
697,2021-06-19,LIG,7412,3776,3636,5726,1667,19,ITC,ITC3,7,Liguria,Liguria,1550640,503781,32.49,0.48
698,2021-02-18,LIG,2771,1128,1643,2425,335,11,ITC,ITC3,7,Liguria,Liguria,1550640,506552,32.67,0.18
699,2021-02-06,LIG,1892,768,1124,145,1747,0,ITC,ITC3,7,Liguria,Liguria,1550640,508444,32.79,0.12
700,2021-07-03,LIG,8802,4358,4444,5480,3309,13,ITC,ITC3,7,Liguria,Liguria,1550640,517246,33.36,0.57
701,2021-04-11,LIG,4247,1929,2318,3943,249,55,ITC,ITC3,7,Liguria,Liguria,1550640,521493,33.63,0.27
702,2021-07-20,LIG,13923,6862,7061,2752,11136,35,ITC,ITC3,7,Liguria,Liguria,1550640,535416,34.53,0.9
703,2021-01-18,LIG,2143,747,1396,1984,157,2,ITC,ITC3,7,Liguria,Liguria,1550640,537559,34.67,0.14
704,2021-07-22,LIG,21333,10845,10488,4627,16650,56,ITC,ITC3,7,Liguria,Liguria,1550640,558892,36.04,1.38
705,2021-03-16,LIG,6085,2731,3354,2311,3733,41,ITC,ITC3,7,Liguria,Liguria,1550640,564977,36.44,0.39
706,2021-03-12,LIG,6216,2873,3343,3689,2470,57,ITC,ITC3,7,Liguria,Liguria,1550640,571193,36.84,0.4
707,2021-07-01,LIG,13514,6513,7001,7354,6126,34,ITC,ITC3,7,Liguria,Liguria,1550640,584707,37.71,0.87
708,2021-05-19,LIG,13573,5962,7611,10309,3120,144,ITC,ITC3,7,Liguria,Liguria,1550640,598280,38.58,0.88
709,2021-03-23,LIG,9270,4220,5050,5975,3209,86,ITC,ITC3,7,Liguria,Liguria,1550640,607550,39.18,0.6
710,2021-07-15,LIG,14746,7456,7290,5206,9469,71,ITC,ITC3,7,Liguria,Liguria,1550640,622296,40.13,0.95
711,2021-02-01,LIG,2559,923,1636,90,2469,0,ITC,ITC3,7,Liguria,Liguria,1550640,624855,40.3,0.17
712,2021-07-08,LIG,13601,6698,6903,6187,7375,39,ITC,ITC3,7,Liguria,Liguria,1550640,638456,41.17,0.88
713,2021-05-12,LIG,12054,5461,6593,6594,5349,111,ITC,ITC3,7,Liguria,Liguria,1550640,650510,41.95,0.78
714,2021-05-26,LIG,16671,8418,8253,12141,4375,155,ITC,ITC3,7,Liguria,Liguria,1550640,667181,43.03,1.08
715,2021-03-30,LIG,12216,5428,6788,8740,3388,88,ITC,ITC3,7,Liguria,Liguria,1550640,679397,43.81,0.79
716,2021-04-06,LIG,13249,5902,7347,10883,2260,106,ITC,ITC3,7,Liguria,Liguria,1550640,692646,44.67,0.85
717,2021-02-08,LIG,1979,742,1237,306,1673,0,ITC,ITC3,7,Liguria,Liguria,1550640,694625,44.8,0.13
718,2020-12-27,LIG,135,56,79,134,0,1,ITC,ITC3,7,Liguria,Liguria,1550640,694760,44.8,0.01
719,2021-05-24,LIG,11872,5586,6286,9274,2496,102,ITC,ITC3,7,Liguria,Liguria,1550640,706632,45.57,0.77
720,2021-05-07,LIG,13593,6041,7552,5731,7794,68,ITC,ITC3,7,Liguria,Liguria,1550640,720225,46.45,0.88
721,2021-02-13,LIG,1080,508,572,797,280,3,ITC,ITC3,7,Liguria,Liguria,1550640,721305,46.52,0.07
722,2021-06-07,LIG,15686,7654,8032,8665,7012,9,ITC,ITC3,7,Liguria,Liguria,1550640,736991,47.53,1.01
723,2021-06-26,LIG,7210,3352,3858,4489,2708,13,ITC,ITC3,7,Liguria,Liguria,1550640,744201,47.99,0.46
724,2021-05-14,LIG,13148,5863,7285,8636,4327,185,ITC,ITC3,7,Liguria,Liguria,1550640,757349,48.84,0.85
725,2021-05-31,LIG,14710,7377,7333,9114,5514,82,ITC,ITC3,7,Liguria,Liguria,1550640,772059,49.79,0.95
726,2021-03-09,LIG,5932,2754,3178,4440,1431,61,ITC,ITC3,7,Liguria,Liguria,1550640,777991,50.17,0.38
727,2021-02-20,LIG,1336,638,698,1330,1,5,ITC,ITC3,7,Liguria,Liguria,1550640,779327,50.26,0.09
728,2021-05-16,LIG,3704,1861,1843,2117,1560,27,ITC,ITC3,7,Liguria,Liguria,1550640,783031,50.5,0.24
729,2021-02-22,LIG,3343,1476,1867,3191,142,10,ITC,ITC3,7,Liguria,Liguria,1550640,786374,50.71,0.22
730,2021-06-11,LIG,17835,9080,8755,11761,6069,5,ITC,ITC3,7,Liguria,Liguria,1550640,804209,51.86,1.15
731,2021-04-15,LIG,11844,5237,6607,9888,1851,105,ITC,ITC3,7,Liguria,Liguria,1550640,816053,52.63,0.76
732,2021-04-08,LIG,13787,6179,7608,11587,2045,155,ITC,ITC3,7,Liguria,Liguria,1550640,829840,53.52,0.89
733,2021-07-17,LIG,6507,3357,3150,1816,4684,7,ITC,ITC3,7,Liguria,Liguria,1550640,836347,53.94,0.42
734,2021-06-04,LIG,14788,7259,7529,9293,5488,7,ITC,ITC3,7,Liguria,Liguria,1550640,851135,54.89,0.95
735,2021-02-17,LIG,2694,1184,1510,2254,428,12,ITC,ITC3,7,Liguria,Liguria,1550640,853829,55.06,0.17
736,2021-07-24,LIG,11565,6019,5546,2318,9220,27,ITC,ITC3,7,Liguria,Liguria,1550640,865394,55.81,0.75
737,2021-05-28,LIG,16297,8141,8156,11615,4538,144,ITC,ITC3,7,Liguria,Liguria,1550640,881691,56.86,1.05
738,2021-01-05,LIG,2879,896,1983,2879,0,0,ITC,ITC3,7,Liguria,Liguria,1550640,884570,57.05,0.19
739,2021-03-03,LIG,4581,1847,2734,3444,1027,110,ITC,ITC3,7,Liguria,Liguria,1550640,889151,57.34,0.3
740,2021-06-16,LIG,16388,7914,8474,9262,7112,14,ITC,ITC3,7,Liguria,Liguria,1550640,905539,58.4,1.06
741,2021-03-08,LIG,5625,2460,3165,3896,1689,40,ITC,ITC3,7,Liguria,Liguria,1550640,911164,58.76,0.36
742,2021-03-25,LIG,9769,4233,5536,6227,3392,150,ITC,ITC3,7,Liguria,Liguria,1550640,920933,59.39,0.63
743,2021-01-01,LIG,145,55,90,145,0,0,ITC,ITC3,7,Liguria,Liguria,1550640,921078,59.4,0.01
744,2021-03-27,LIG,3932,1549,2383,2485,1395,52,ITC,ITC3,7,Liguria,Liguria,1550640,925010,59.65,0.25
745,2021-07-05,LIG,11873,5759,6114,5345,6492,36,ITC,ITC3,7,Liguria,Liguria,1550640,936883,60.42,0.77
746,2021-04-13,LIG,13083,5870,7213,10945,2025,113,ITC,ITC3,7,Liguria,Liguria,1550640,949966,61.26,0.84
747,2021-01-11,LIG,2655,992,1663,2654,0,1,ITC,ITC3,7,Liguria,Liguria,1550640,952621,61.43,0.17
748,2021-07-12,LIG,13392,6426,6966,4163,9200,29,ITC,ITC3,7,Liguria,Liguria,1550640,966013,62.3,0.86
749,2021-01-10,LIG,648,262,386,644,0,4,ITC,ITC3,7,Liguria,Liguria,1550640,966661,62.34,0.04
750,2021-04-20,LIG,14241,6520,7721,9733,4353,155,ITC,ITC3,7,Liguria,Liguria,1550640,980902,63.26,0.92
751,2021-07-10,LIG,6893,3474,3419,2759,4126,8,ITC,ITC3,7,Liguria,Liguria,1550640,987795,63.7,0.44
752,2021-04-04,LIG,756,366,390,499,249,8,ITC,ITC3,7,Liguria,Liguria,1550640,988551,63.75,0.05
753,2021-04-18,LIG,2613,1164,1449,2072,468,73,ITC,ITC3,7,Liguria,Liguria,1550640,991164,63.92,0.17
754,2021-07-27,LIG,17371,8865,8506,4375,12952,44,ITC,ITC3,7,Liguria,Liguria,1550640,1008535,65.04,1.12
755,2021-01-08,LIG,2934,999,1935,2932,0,2,ITC,ITC3,7,Liguria,Liguria,1550640,1011469,65.23,0.19
756,2021-01-27,LIG,1745,604,1141,139,1605,1,ITC,ITC3,7,Liguria,Liguria,1550640,1013214,65.34,0.11
757,2021-05-21,LIG,12846,5955,6891,9576,3127,143,ITC,ITC3,7,Liguria,Liguria,1550640,1026060,66.17,0.83
758,2021-02-15,LIG,2262,839,1423,1855,397,10,ITC,ITC3,7,Liguria,Liguria,1550640,1028322,66.32,0.15
759,2021-01-03,LIG,736,231,505,734,0,2,ITC,ITC3,7,Liguria,Liguria,1550640,1029058,66.36,0.05
760,2021-05-23,LIG,2305,1119,1186,1169,1123,13,ITC,ITC3,7,Liguria,Liguria,1550640,1031363,66.51,0.15
761,2021-03-01,LIG,3540,1447,2093,3384,136,20,ITC,ITC3,7,Liguria,Liguria,1550640,1034903,66.74,0.23
762,2021-06-09,LIG,19052,9558,9494,12481,6559,12,ITC,ITC3,7,Liguria,Liguria,1550640,1053955,67.97,1.23
763,2021-02-24,LIG,3764,1560,2204,3448,258,58,ITC,ITC3,7,Liguria,Liguria,1550640,1057719,68.21,0.24
764,2020-12-29,LIG,125,33,92,125,0,0,ITC,ITC3,7,Liguria,Liguria,1550640,1057844,68.22,0.01
765,2021-01-12,LIG,2474,890,1584,2473,0,1,ITC,ITC3,7,Liguria,Liguria,1550640,1060318,68.38,0.16
766,2021-04-22,LIG,13866,6211,7655,8643,5085,138,ITC,ITC3,7,Liguria,Liguria,1550640,1074184,69.27,0.89
767,2021-02-25,LIG,3458,1349,2109,3308,130,20,ITC,ITC3,7,Liguria,Liguria,1550640,1077642,69.5,0.22
768,2021-03-04,LIG,4738,2118,2620,3834,847,57,ITC,ITC3,7,Liguria,Liguria,1550640,1082380,69.8,0.31
769,2021-06-12,LIG,10240,4981,5259,7483,2754,3,ITC,ITC3,7,Liguria,Liguria,1550640,1092620,70.46,0.66
770,2021-04-30,LIG,14425,6442,7983,5758,8569,98,ITC,ITC3,7,Liguria,Liguria,1550640,1107045,71.39,0.93
771,2021-03-06,LIG,3305,1843,1462,2551,705,49,ITC,ITC3,7,Liguria,Liguria,1550640,1110350,71.61,0.21
772,2021-01-22,LIG,1820,604,1216,1330,487,3,ITC,ITC3,7,Liguria,Liguria,1550640,1112170,71.72,0.12
773,2021-05-02,LIG,3978,1836,2142,505,3467,6,ITC,ITC3,7,Liguria,Liguria,1550640,1116148,71.98,0.26
774,2021-05-04,LIG,13655,6090,7565,5356,8229,70,ITC,ITC3,7,Liguria,Liguria,1550640,1129803,72.86,0.88
775,2021-07-19,LIG,12066,6017,6049,3386,8641,39,ITC,ITC3,7,Liguria,Liguria,1550640,1141869,73.64,0.78
776,2021-04-27,LIG,14800,6689,8111,7147,7587,66,ITC,ITC3,7,Liguria,Liguria,1550640,1156669,74.59,0.95
777,2021-02-03,LIG,2317,792,1525,54,2263,0,ITC,ITC3,7,Liguria,Liguria,1550640,1158986,74.74,0.15
778,2021-07-21,LIG,19157,9494,9663,3842,15272,43,ITC,ITC3,7,Liguria,Liguria,1550640,1178143,75.98,1.24
779,2021-02-27,LIG,1888,921,967,1750,129,9,ITC,ITC3,7,Liguria,Liguria,1550640,1180031,76.1,0.12
780,2021-02-10,LIG,2316,837,1479,1015,1297,4,ITC,ITC3,7,Liguria,Liguria,1550640,1182347,76.25,0.15
781,2021-03-18,LIG,4988,2125,2863,1971,2981,36,ITC,ITC3,7,Liguria,Liguria,1550640,1187335,76.57,0.32
782,2021-04-01,LIG,12430,5513,6917,9570,2770,90,ITC,ITC3,7,Liguria,Liguria,1550640,1199765,77.37,0.8
783,2021-06-08,LIG,18095,9024,9071,11456,6630,9,ITC,ITC3,7,Liguria,Liguria,1550640,1217860,78.54,1.17
784,2021-03-17,LIG,5553,2368,3185,2451,3080,22,ITC,ITC3,7,Liguria,Liguria,1550640,1223413,78.9,0.36
785,2021-06-25,LIG,13820,6615,7205,6896,6909,15,ITC,ITC3,7,Liguria,Liguria,1550640,1237233,79.79,0.89
786,2021-07-14,LIG,11466,5647,5819,3441,7999,26,ITC,ITC3,7,Liguria,Liguria,1550640,1248699,80.53,0.74
787,2021-07-28,LIG,4713,2359,2354,1158,3537,18,ITC,ITC3,7,Liguria,Liguria,1550640,1253412,80.83,0.3
788,2021-05-13,LIG,13301,6083,7218,8890,4245,166,ITC,ITC3,7,Liguria,Liguria,1550640,1266713,81.69,0.86
789,2021-02-19,LIG,3218,1306,1912,2988,176,54,ITC,ITC3,7,Liguria,Liguria,1550640,1269931,81.9,0.21
790,2021-05-30,LIG,3296,1609,1687,1340,1942,14,ITC,ITC3,7,Liguria,Liguria,1550640,1273227,82.11,0.21
791,2021-06-01,LIG,16330,8221,8109,10960,5365,5,ITC,ITC3,7,Liguria,Liguria,1550640,1289557,83.16,1.05
792,2021-06-18,LIG,15394,7495,7899,8181,7193,20,ITC,ITC3,7,Liguria,Liguria,1550640,1304951,84.16,0.99
793,2021-03-10,LIG,5903,2864,3039,3929,1909,65,ITC,ITC3,7,Liguria,Liguria,1550640,1310854,84.54,0.38
794,2021-07-26,LIG,17037,8686,8351,4680,12294,63,ITC,ITC3,7,Liguria,Liguria,1550640,1327891,85.64,1.1
795,2021-01-07,LIG,3226,1095,2131,3223,0,3,ITC,ITC3,7,Liguria,Liguria,1550640,1331117,85.84,0.21
796,2021-06-13,LIG,5620,2697,2923,5164,454,2,ITC,ITC3,7,Liguria,Liguria,1550640,1336737,86.21,0.36
797,2021-04-17,LIG,7386,3219,4167,6564,751,71,ITC,ITC3,7,Liguria,Liguria,1550640,1344123,86.68,0.48
798,2021-05-01,LIG,7143,3257,3886,1304,5801,38,ITC,ITC3,7,Liguria,Liguria,1550640,1351266,87.14,0.46
799,2021-03-05,LIG,4869,2150,2719,3674,1132,63,ITC,ITC3,7,Liguria,Liguria,1550640,1356135,87.46,0.31
800,2021-05-06,LIG,14523,6443,8080,6044,8329,150,ITC,ITC3,7,Liguria,Liguria,1550640,1370658,88.39,0.94
801,2021-01-26,LIG,2488,807,1681,16,2472,0,ITC,ITC3,7,Liguria,Liguria,1550640,1373146,88.55,0.16
802,2021-04-29,LIG,15588,6983,8605,6618,8843,127,ITC,ITC3,7,Liguria,Liguria,1550640,1388734,89.56,1.01
803,2021-04-12,LIG,12392,5478,6914,10277,2020,95,ITC,ITC3,7,Liguria,Liguria,1550640,1401126,90.36,0.8
804,2021-01-19,LIG,1374,439,935,1280,90,4,ITC,ITC3,7,Liguria,Liguria,1550640,1402500,90.45,0.09
805,2021-02-05,LIG,2685,989,1696,305,2379,1,ITC,ITC3,7,Liguria,Liguria,1550640,1405185,90.62,0.17
806,2021-03-24,LIG,9181,4033,5148,5809,3287,85,ITC,ITC3,7,Liguria,Liguria,1550640,1414366,91.21,0.59
807,2021-07-02,LIG,12934,6351,6583,6439,6464,31,ITC,ITC3,7,Liguria,Liguria,1550640,1427300,92.05,0.83
808,2020-12-31,LIG,990,353,637,990,0,0,ITC,ITC3,7,Liguria,Liguria,1550640,1428290,92.11,0.06
809,2021-04-10,LIG,7888,3561,4327,6890,914,84,ITC,ITC3,7,Liguria,Liguria,1550640,1436178,92.62,0.51
810,2021-01-17,LIG,866,301,565,865,0,1,ITC,ITC3,7,Liguria,Liguria,1550640,1437044,92.67,0.06
811,2021-05-09,LIG,2824,1244,1580,1086,1709,29,ITC,ITC3,7,Liguria,Liguria,1550640,1439868,92.86,0.18
812,2021-01-29,LIG,3096,1066,2030,68,3028,0,ITC,ITC3,7,Liguria,Liguria,1550640,1442964,93.06,0.2
813,2021-01-20,LIG,1554,556,998,1541,12,1,ITC,ITC3,7,Liguria,Liguria,1550640,1444518,93.16,0.1
814,2021-07-09,LIG,12791,6307,6484,4226,8544,21,ITC,ITC3,7,Liguria,Liguria,1550640,1457309,93.98,0.82
815,2021-04-05,LIG,3978,1753,2225,2303,1649,26,ITC,ITC3,7,Liguria,Liguria,1550640,1461287,94.24,0.26
816,2021-06-06,LIG,3811,2032,1779,2947,862,2,ITC,ITC3,7,Liguria,Liguria,1550640,1465098,94.48,0.25
817,2021-04-24,LIG,8218,3795,4423,4977,3152,89,ITC,ITC3,7,Liguria,Liguria,1550640,1473316,95.01,0.53
818,2021-02-26,LIG,3767,1524,2243,3413,329,25,ITC,ITC3,7,Liguria,Liguria,1550640,1477083,95.26,0.24
819,2021-06-20,LIG,1336,658,678,1054,275,7,ITC,ITC3,7,Liguria,Liguria,1550640,1478419,95.34,0.09
820,2021-07-16,LIG,12595,6209,6386,3149,9405,41,ITC,ITC3,7,Liguria,Liguria,1550640,1491014,96.15,0.81
821,2021-05-11,LIG,13917,6390,7527,7181,6617,119,ITC,ITC3,7,Liguria,Liguria,1550640,1504931,97.05,0.9
822,2021-03-29,LIG,10582,4621,5961,7345,3132,105,ITC,ITC3,7,Liguria,Liguria,1550640,1515513,97.73,0.68
823,2021-01-31,LIG,624,270,354,9,615,0,ITC,ITC3,7,Liguria,Liguria,1550640,1516137,97.77,0.04
824,2021-07-07,LIG,11734,5632,6102,4968,6746,20,ITC,ITC3,7,Liguria,Liguria,1550640,1527871,98.53,0.76
825,2021-04-03,LIG,5407,2499,2908,4428,943,36,ITC,ITC3,7,Liguria,Liguria,1550640,1533278,98.88,0.35
826,2021-01-24,LIG,757,238,519,113,644,0,ITC,ITC3,7,Liguria,Liguria,1550640,1534035,98.93,0.05
827,2021-06-27,LIG,1943,891,1052,691,1242,10,ITC,ITC3,7,Liguria,Liguria,1550640,1535978,99.05,0.13
828,2021-02-12,LIG,1936,690,1246,894,1040,2,ITC,ITC3,7,Liguria,Liguria,1550640,1537914,99.18,0.12
829,2021-03-15,LIG,7251,3098,4153,4494,2707,50,ITC,ITC3,7,Liguria,Liguria,1550640,1545165,99.65,0.47
830,2021-01-04,LIG,2618,856,1762,2617,0,1,ITC,ITC3,7,Liguria,Liguria,1550640,1547783,99.82,0.17
831,2021-06-21,LIG,14838,7034,7804,8581,6238,19,ITC,ITC3,7,Liguria,Liguria,1550640,1562621,100.77,0.96
832,2021-04-16,LIG,12001,5292,6709,10010,1829,162,ITC,ITC3,7,Liguria,Liguria,1550640,1574622,101.55,0.77
833,2021-01-06,LIG,1665,619,1046,1662,0,3,ITC,ITC3,7,Liguria,Liguria,1550640,1576287,101.65,0.11
834,2021-06-28,LIG,11601,5609,5992,7256,4302,43,ITC,ITC3,7,Liguria,Liguria,1550640,1587888,102.4,0.75
835,2021-03-20,LIG,2316,995,1321,1124,1174,18,ITC,ITC3,7,Liguria,Liguria,1550640,1590204,102.55,0.15
836,2021-06-30,LIG,15068,7187,7881,8234,6790,44,ITC,ITC3,7,Liguria,Liguria,1550640,1605272,103.52,0.97
837,2021-01-15,LIG,2257,755,1502,2252,0,5,ITC,ITC3,7,Liguria,Liguria,1550640,1607529,103.67,0.15
838,2021-04-25,LIG,1935,920,1015,1506,415,14,ITC,ITC3,7,Liguria,Liguria,1550640,1609464,103.79,0.12
839,2021-03-13,LIG,3849,1637,2212,2949,855,45,ITC,ITC3,7,Liguria,Liguria,1550640,1613313,104.04,0.25
840,2021-06-23,LIG,14315,6850,7465,9105,5191,19,ITC,ITC3,7,Liguria,Liguria,1550640,1627628,104.96,0.92
841,2021-02-14,LIG,233,122,111,233,0,0,ITC,ITC3,7,Liguria,Liguria,1550640,1627861,104.98,0.02
842,2021-05-25,LIG,14262,6954,7308,10950,3182,130,ITC,ITC3,7,Liguria,Liguria,1550640,1642123,105.9,0.92
843,2021-03-22,LIG,7751,3472,4279,4739,2939,73,ITC,ITC3,7,Liguria,Liguria,1550640,1649874,106.4,0.5
844,2021-02-07,LIG,407,153,254,2,405,0,ITC,ITC3,7,Liguria,Liguria,1550640,1650281,106.43,0.03
845,2021-05-18,LIG,13468,6121,7347,10037,3294,137,ITC,ITC3,7,Liguria,Liguria,1550640,1663749,107.29,0.87
846,2021-05-20,LIG,12935,6002,6933,8780,4027,128,ITC,ITC3,7,Liguria,Liguria,1550640,1676684,108.13,0.83
847,2021-03-28,LOM,20626,7876,12750,13963,6278,385,ITC,ITC4,3,Lombardia,Lombardia,10060574,20626,0.21,0.21
848,2021-04-14,LOM,47203,21036,26167,33543,12974,686,ITC,ITC4,3,Lombardia,Lombardia,10060574,67829,0.67,0.47
849,2021-01-04,LOM,6117,2110,4007,6111,0,6,ITC,ITC4,3,Lombardia,Lombardia,10060574,73946,0.74,0.06
850,2021-06-19,LOM,104308,51988,52320,56242,46643,1423,ITC,ITC4,3,Lombardia,Lombardia,10060574,178254,1.77,1.04
851,2021-07-06,LOM,101809,50687,51122,23066,77325,1418,ITC,ITC4,3,Lombardia,Lombardia,10060574,280063,2.78,1.01
852,2021-01-16,LOM,15619,5778,9841,15608,0,11,ITC,ITC4,3,Lombardia,Lombardia,10060574,295682,2.94,0.16
853,2021-05-24,LOM,89571,43505,46066,48595,40039,937,ITC,ITC4,3,Lombardia,Lombardia,10060574,385253,3.83,0.89
854,2021-02-11,LOM,17093,5014,12079,9632,7382,79,ITC,ITC4,3,Lombardia,Lombardia,10060574,402346,4.0,0.17
855,2021-05-31,LOM,95672,47403,48269,78350,16219,1103,ITC,ITC4,3,Lombardia,Lombardia,10060574,498018,4.95,0.95
856,2021-07-27,LOM,104624,56643,47981,7420,96504,700,ITC,ITC4,3,Lombardia,Lombardia,10060574,602642,5.99,1.04
857,2021-06-05,LOM,102431,52954,49477,91103,9817,1511,ITC,ITC4,3,Lombardia,Lombardia,10060574,705073,7.01,1.02
858,2021-03-14,LOM,14875,5349,9526,11218,3284,373,ITC,ITC4,3,Lombardia,Lombardia,10060574,719948,7.16,0.15
859,2021-02-23,LOM,11830,4804,7026,11292,332,206,ITC,ITC4,3,Lombardia,Lombardia,10060574,731778,7.27,0.12
860,2021-07-20,LOM,94960,49052,45908,6897,87311,752,ITC,ITC4,3,Lombardia,Lombardia,10060574,826738,8.22,0.94
861,2021-02-04,LOM,27878,8122,19756,2016,25857,5,ITC,ITC4,3,Lombardia,Lombardia,10060574,854616,8.49,0.28
862,2021-07-18,LOM,97101,50590,46511,8545,87863,693,ITC,ITC4,3,Lombardia,Lombardia,10060574,951717,9.46,0.97
863,2021-04-09,LOM,52403,22372,30031,35570,15997,836,ITC,ITC4,3,Lombardia,Lombardia,10060574,1004120,9.98,0.52
864,2021-07-13,LOM,108430,56675,51755,15417,91772,1241,ITC,ITC4,3,Lombardia,Lombardia,10060574,1112550,11.06,1.08
865,2021-04-04,LOM,7612,3230,4382,3682,3896,34,ITC,ITC4,3,Lombardia,Lombardia,10060574,1120162,11.13,0.08
866,2021-02-16,LOM,9509,3073,6436,8961,448,100,ITC,ITC4,3,Lombardia,Lombardia,10060574,1129671,11.23,0.09
867,2021-06-10,LOM,102631,52240,50391,86398,14440,1793,ITC,ITC4,3,Lombardia,Lombardia,10060574,1232302,12.25,1.02
868,2021-03-02,LOM,22835,9706,13129,19531,3042,262,ITC,ITC4,3,Lombardia,Lombardia,10060574,1255137,12.48,0.23
869,2020-12-28,LOM,108,47,61,108,0,0,ITC,ITC4,3,Lombardia,Lombardia,10060574,1255245,12.48,0.0
870,2021-04-21,LOM,71837,32566,39271,55835,14668,1334,ITC,ITC4,3,Lombardia,Lombardia,10060574,1327082,13.19,0.71
871,2021-01-11,LOM,16296,5389,10907,16286,0,10,ITC,ITC4,3,Lombardia,Lombardia,10060574,1343378,13.35,0.16
872,2021-04-23,LOM,73589,33345,40244,55582,16619,1388,ITC,ITC4,3,Lombardia,Lombardia,10060574,1416967,14.08,0.73
873,2021-05-10,LOM,85286,40891,44395,62039,21584,1663,ITC,ITC4,3,Lombardia,Lombardia,10060574,1502253,14.93,0.85
874,2021-01-30,LOM,12323,4569,7754,146,12168,9,ITC,ITC4,3,Lombardia,Lombardia,10060574,1514576,15.05,0.12
875,2021-04-28,LOM,95771,43680,52091,66935,26922,1914,ITC,ITC4,3,Lombardia,Lombardia,10060574,1610347,16.01,0.95
876,2021-06-24,LOM,109535,56636,52899,78329,28821,2385,ITC,ITC4,3,Lombardia,Lombardia,10060574,1719882,17.1,1.09
877,2021-03-16,LOM,25521,10123,15398,16302,9097,122,ITC,ITC4,3,Lombardia,Lombardia,10060574,1745403,17.35,0.25
878,2021-05-12,LOM,87521,41761,45760,57423,27576,2522,ITC,ITC4,3,Lombardia,Lombardia,10060574,1832924,18.22,0.87
879,2021-07-08,LOM,114380,58290,56090,13168,100180,1032,ITC,ITC4,3,Lombardia,Lombardia,10060574,1947304,19.36,1.14
880,2021-07-25,LOM,86632,45733,40899,9427,76426,779,ITC,ITC4,3,Lombardia,Lombardia,10060574,2033936,20.22,0.86
881,2021-04-16,LOM,53704,23934,29770,38440,14376,888,ITC,ITC4,3,Lombardia,Lombardia,10060574,2087640,20.75,0.53
882,2021-05-03,LOM,83715,39764,43951,69461,12130,2124,ITC,ITC4,3,Lombardia,Lombardia,10060574,2171355,21.58,0.83
883,2021-01-23,LOM,1126,360,766,924,199,3,ITC,ITC4,3,Lombardia,Lombardia,10060574,2172481,21.59,0.01
884,2021-01-09,LOM,12486,4603,7883,12478,0,8,ITC,ITC4,3,Lombardia,Lombardia,10060574,2184967,21.72,0.12
885,2021-03-07,LOM,12093,5364,6729,9339,2562,192,ITC,ITC4,3,Lombardia,Lombardia,10060574,2197060,21.84,0.12
886,2021-01-27,LOM,8047,2678,5369,807,7238,2,ITC,ITC4,3,Lombardia,Lombardia,10060574,2205107,21.92,0.08
887,2021-07-03,LOM,102343,51628,50715,44532,55703,2108,ITC,ITC4,3,Lombardia,Lombardia,10060574,2307450,22.94,1.02
888,2021-03-25,LOM,42877,16040,26837,29240,12732,905,ITC,ITC4,3,Lombardia,Lombardia,10060574,2350327,23.36,0.43
889,2021-05-21,LOM,93863,45247,48616,28381,64721,761,ITC,ITC4,3,Lombardia,Lombardia,10060574,2444190,24.29,0.93
890,2021-03-26,LOM,41335,15711,25624,27506,13154,675,ITC,ITC4,3,Lombardia,Lombardia,10060574,2485525,24.71,0.41
891,2021-05-22,LOM,70612,33843,36769,31724,38173,715,ITC,ITC4,3,Lombardia,Lombardia,10060574,2556137,25.41,0.7
892,2021-05-29,LOM,88322,42417,45905,41397,46083,842,ITC,ITC4,3,Lombardia,Lombardia,10060574,2644459,26.29,0.88
893,2021-02-18,LOM,14054,4926,9128,12820,1037,197,ITC,ITC4,3,Lombardia,Lombardia,10060574,2658513,26.43,0.14
894,2021-05-17,LOM,94673,45364,49309,29542,64428,703,ITC,ITC4,3,Lombardia,Lombardia,10060574,2753186,27.37,0.94
895,2021-05-19,LOM,83280,39775,43505,33110,49362,808,ITC,ITC4,3,Lombardia,Lombardia,10060574,2836466,28.19,0.83
896,2021-04-02,LOM,41366,16928,24438,26205,14607,554,ITC,ITC4,3,Lombardia,Lombardia,10060574,2877832,28.61,0.41
897,2021-04-11,LOM,32221,13944,18277,24315,7395,511,ITC,ITC4,3,Lombardia,Lombardia,10060574,2910053,28.93,0.32
898,2021-01-01,LOM,24,7,17,24,0,0,ITC,ITC4,3,Lombardia,Lombardia,10060574,2910077,28.93,0.0
899,2021-06-07,LOM,98977,50433,48544,84025,13334,1618,ITC,ITC4,3,Lombardia,Lombardia,10060574,3009054,29.91,0.98
900,2021-01-28,LOM,12238,3709,8529,795,11436,7,ITC,ITC4,3,Lombardia,Lombardia,10060574,3021292,30.03,0.12
901,2021-04-25,LOM,51568,23647,27921,45542,4808,1218,ITC,ITC4,3,Lombardia,Lombardia,10060574,3072860,30.54,0.51
902,2021-06-28,LOM,107946,54999,52947,74279,31058,2609,ITC,ITC4,3,Lombardia,Lombardia,10060574,3180806,31.62,1.07
903,2021-06-17,LOM,108547,52708,55839,50896,56475,1176,ITC,ITC4,3,Lombardia,Lombardia,10060574,3289353,32.7,1.08
904,2021-03-09,LOM,33231,12865,20366,25244,7400,587,ITC,ITC4,3,Lombardia,Lombardia,10060574,3322584,33.03,0.33
905,2021-05-05,LOM,87952,41930,46022,70359,15328,2265,ITC,ITC4,3,Lombardia,Lombardia,10060574,3410536,33.9,0.87
906,2021-07-01,LOM,104942,52821,52121,53333,49214,2395,ITC,ITC4,3,Lombardia,Lombardia,10060574,3515478,34.94,1.04
907,2021-06-12,LOM,89314,48061,41253,84317,3158,1839,ITC,ITC4,3,Lombardia,Lombardia,10060574,3604792,35.83,0.89
908,2021-06-29,LOM,107133,53140,53993,57398,47727,2008,ITC,ITC4,3,Lombardia,Lombardia,10060574,3711925,36.9,1.06
909,2021-03-21,LOM,23519,8498,15021,17732,5196,591,ITC,ITC4,3,Lombardia,Lombardia,10060574,3735444,37.13,0.23
910,2021-02-13,LOM,6421,2441,3980,4884,1477,60,ITC,ITC4,3,Lombardia,Lombardia,10060574,3741865,37.19,0.06
911,2021-07-17,LOM,108489,57286,51203,10217,97348,924,ITC,ITC4,3,Lombardia,Lombardia,10060574,3850354,38.27,1.08
912,2021-06-21,LOM,113281,58036,55245,78366,32744,2171,ITC,ITC4,3,Lombardia,Lombardia,10060574,3963635,39.4,1.13
913,2021-06-02,LOM,84637,43576,41061,76985,6334,1318,ITC,ITC4,3,Lombardia,Lombardia,10060574,4048272,40.24,0.84
914,2021-03-11,LOM,36242,13487,22755,25633,9926,683,ITC,ITC4,3,Lombardia,Lombardia,10060574,4084514,40.6,0.36
915,2021-05-07,LOM,92345,43715,48630,68387,22405,1553,ITC,ITC4,3,Lombardia,Lombardia,10060574,4176859,41.52,0.92
916,2021-03-18,LOM,27410,10962,16448,15935,11248,227,ITC,ITC4,3,Lombardia,Lombardia,10060574,4204269,41.79,0.27
917,2021-05-14,LOM,85988,41411,44577,53267,30337,2384,ITC,ITC4,3,Lombardia,Lombardia,10060574,4290257,42.64,0.85
918,2021-07-10,LOM,107108,54218,52890,13911,92016,1181,ITC,ITC4,3,Lombardia,Lombardia,10060574,4397365,43.71,1.06
919,2021-02-08,LOM,10092,2919,7173,2122,7961,9,ITC,ITC4,3,Lombardia,Lombardia,10060574,4407457,43.81,0.1
920,2021-02-25,LOM,15310,6356,8954,13528,1582,200,ITC,ITC4,3,Lombardia,Lombardia,10060574,4422767,43.96,0.15
921,2021-02-06,LOM,15272,5542,9730,1010,14257,5,ITC,ITC4,3,Lombardia,Lombardia,10060574,4438039,44.11,0.15
922,2021-07-24,LOM,95862,50649,45213,9739,85264,859,ITC,ITC4,3,Lombardia,Lombardia,10060574,4533901,45.07,0.95
923,2021-05-02,LOM,83511,38338,45173,59263,22468,1780,ITC,ITC4,3,Lombardia,Lombardia,10060574,4617412,45.9,0.83
924,2021-07-15,LOM,109255,56200,53055,13349,94692,1214,ITC,ITC4,3,Lombardia,Lombardia,10060574,4726667,46.98,1.09
925,2021-04-06,LOM,43079,17589,25490,24441,17947,691,ITC,ITC4,3,Lombardia,Lombardia,10060574,4769746,47.41,0.43
926,2021-06-14,LOM,94765,48148,46617,49119,44528,1118,ITC,ITC4,3,Lombardia,Lombardia,10060574,4864511,48.35,0.94
927,2021-05-26,LOM,93696,44657,49039,42735,50071,890,ITC,ITC4,3,Lombardia,Lombardia,10060574,4958207,49.28,0.93
928,2021-01-18,LOM,9236,2978,6258,8246,975,15,ITC,ITC4,3,Lombardia,Lombardia,10060574,4967443,49.38,0.09
929,2021-03-23,LOM,42595,15477,27118,28866,12874,855,ITC,ITC4,3,Lombardia,Lombardia,10060574,5010038,49.8,0.42
930,2021-01-25,LOM,7041,2379,4662,484,6554,3,ITC,ITC4,3,Lombardia,Lombardia,10060574,5017079,49.87,0.07
931,2021-02-01,LOM,16083,5325,10758,307,15774,2,ITC,ITC4,3,Lombardia,Lombardia,10060574,5033162,50.03,0.16
932,2021-07-05,LOM,101425,49541,51884,31232,68301,1892,ITC,ITC4,3,Lombardia,Lombardia,10060574,5134587,51.04,1.01
933,2021-01-13,LOM,26446,8080,18366,26420,0,26,ITC,ITC4,3,Lombardia,Lombardia,10060574,5161033,51.3,0.26
934,2021-03-30,LOM,39644,15594,24050,24250,14786,608,ITC,ITC4,3,Lombardia,Lombardia,10060574,5200677,51.69,0.39
935,2021-01-06,LOM,7159,2529,4630,7152,0,7,ITC,ITC4,3,Lombardia,Lombardia,10060574,5207836,51.76,0.07
936,2021-05-18,LOM,88234,42170,46064,31887,55579,768,ITC,ITC4,3,Lombardia,Lombardia,10060574,5296070,52.64,0.88
937,2021-06-04,LOM,104630,54314,50316,93196,9648,1786,ITC,ITC4,3,Lombardia,Lombardia,10060574,5400700,53.68,1.04
938,2021-02-24,LOM,14723,5959,8764,13575,955,193,ITC,ITC4,3,Lombardia,Lombardia,10060574,5415423,53.83,0.15
939,2021-05-16,LOM,68702,32507,36195,35587,32204,911,ITC,ITC4,3,Lombardia,Lombardia,10060574,5484125,54.51,0.68
940,2021-02-05,LOM,25725,7464,18261,2416,23295,14,ITC,ITC4,3,Lombardia,Lombardia,10060574,5509850,54.77,0.26
941,2021-06-26,LOM,105868,55425,50443,77783,25685,2400,ITC,ITC4,3,Lombardia,Lombardia,10060574,5615718,55.82,1.05
942,2021-02-10,LOM,14404,4508,9896,7549,6826,29,ITC,ITC4,3,Lombardia,Lombardia,10060574,5630122,55.96,0.14
943,2021-02-03,LOM,25664,7927,17737,1077,24582,5,ITC,ITC4,3,Lombardia,Lombardia,10060574,5655786,56.22,0.26
944,2021-04-01,LOM,43057,17267,25790,26076,16268,713,ITC,ITC4,3,Lombardia,Lombardia,10060574,5698843,56.65,0.43
945,2021-07-22,LOM,99163,51915,47248,12312,85397,1454,ITC,ITC4,3,Lombardia,Lombardia,10060574,5798006,57.63,0.99
946,2021-04-13,LOM,47668,21279,26389,32931,14093,644,ITC,ITC4,3,Lombardia,Lombardia,10060574,5845674,58.1,0.47
947,2021-04-30,LOM,117466,54873,62593,87244,27645,2577,ITC,ITC4,3,Lombardia,Lombardia,10060574,5963140,59.27,1.17
948,2021-01-20,LOM,5681,1382,4299,5562,114,5,ITC,ITC4,3,Lombardia,Lombardia,10060574,5968821,59.33,0.06
949,2021-01-22,LOM,3166,877,2289,3092,69,5,ITC,ITC4,3,Lombardia,Lombardia,10060574,5971987,59.36,0.03
950,2021-07-07,LOM,111825,56058,55767,17984,92672,1169,ITC,ITC4,3,Lombardia,Lombardia,10060574,6083812,60.47,1.11
951,2021-04-15,LOM,49464,21867,27597,34886,13827,751,ITC,ITC4,3,Lombardia,Lombardia,10060574,6133276,60.96,0.49
952,2021-01-05,LOM,7864,2576,5288,7858,0,6,ITC,ITC4,3,Lombardia,Lombardia,10060574,6141140,61.04,0.08
953,2021-03-27,LOM,32454,12382,20072,23104,8718,632,ITC,ITC4,3,Lombardia,Lombardia,10060574,6173594,61.36,0.32
954,2021-01-03,LOM,854,316,538,853,0,1,ITC,ITC4,3,Lombardia,Lombardia,10060574,6174448,61.37,0.01
955,2021-02-15,LOM,8974,3143,5831,8360,435,179,ITC,ITC4,3,Lombardia,Lombardia,10060574,6183422,61.46,0.09
956,2021-03-20,LOM,32597,12166,20431,22244,9852,501,ITC,ITC4,3,Lombardia,Lombardia,10060574,6216019,61.79,0.32
957,2020-12-27,LOM,718,414,304,718,0,0,ITC,ITC4,3,Lombardia,Lombardia,10060574,6216737,61.79,0.01
958,2021-03-04,LOM,29338,12120,17218,20044,9074,220,ITC,ITC4,3,Lombardia,Lombardia,10060574,6246075,62.08,0.29
959,2021-06-30,LOM,106773,52908,53865,56574,48095,2104,ITC,ITC4,3,Lombardia,Lombardia,10060574,6352848,63.15,1.06
960,2021-03-22,LOM,40342,14305,26037,28948,10560,834,ITC,ITC4,3,Lombardia,Lombardia,10060574,6393190,63.55,0.4
961,2021-04-08,LOM,52410,21776,30634,35271,16467,672,ITC,ITC4,3,Lombardia,Lombardia,10060574,6445600,64.07,0.52
962,2020-12-29,LOM,106,45,61,106,0,0,ITC,ITC4,3,Lombardia,Lombardia,10060574,6445706,64.07,0.0
963,2021-07-14,LOM,109219,56751,52468,14336,93474,1409,ITC,ITC4,3,Lombardia,Lombardia,10060574,6554925,65.15,1.09
964,2021-04-22,LOM,73962,33404,40558,56211,16369,1382,ITC,ITC4,3,Lombardia,Lombardia,10060574,6628887,65.89,0.74
965,2021-03-03,LOM,26998,11520,15478,19481,7300,217,ITC,ITC4,3,Lombardia,Lombardia,10060574,6655885,66.16,0.27
966,2021-07-12,LOM,111663,57409,54254,14797,95721,1145,ITC,ITC4,3,Lombardia,Lombardia,10060574,6767548,67.27,1.11
967,2021-04-03,LOM,36267,14870,21397,25780,10107,380,ITC,ITC4,3,Lombardia,Lombardia,10060574,6803815,67.63,0.36
968,2021-05-30,LOM,74369,35587,38782,33791,39959,619,ITC,ITC4,3,Lombardia,Lombardia,10060574,6878184,68.37,0.74
969,2021-07-26,LOM,109490,58845,50645,7679,101053,758,ITC,ITC4,3,Lombardia,Lombardia,10060574,6987674,69.46,1.09
970,2021-05-09,LOM,69719,32890,36829,54471,13274,1974,ITC,ITC4,3,Lombardia,Lombardia,10060574,7057393,70.15,0.69
971,2021-01-29,LOM,13510,4132,9378,686,12821,3,ITC,ITC4,3,Lombardia,Lombardia,10060574,7070903,70.28,0.13
972,2021-06-13,LOM,75996,40560,35436,72285,2125,1586,ITC,ITC4,3,Lombardia,Lombardia,10060574,7146899,71.04,0.76
973,2021-03-05,LOM,28960,11949,17011,20238,8422,300,ITC,ITC4,3,Lombardia,Lombardia,10060574,7175859,71.33,0.29
974,2021-06-27,LOM,90909,46796,44113,69782,18831,2296,ITC,ITC4,3,Lombardia,Lombardia,10060574,7266768,72.23,0.9
975,2021-06-01,LOM,93962,46105,47857,75755,17101,1106,ITC,ITC4,3,Lombardia,Lombardia,10060574,7360730,73.16,0.93
976,2021-01-02,LOM,202,74,128,202,0,0,ITC,ITC4,3,Lombardia,Lombardia,10060574,7360932,73.17,0.0
977,2021-06-08,LOM,102898,52301,50597,87157,14066,1675,ITC,ITC4,3,Lombardia,Lombardia,10060574,7463830,74.19,1.02
978,2021-02-28,LOM,7885,3255,4630,7603,210,72,ITC,ITC4,3,Lombardia,Lombardia,10060574,7471715,74.27,0.08
979,2021-04-26,LOM,88002,40941,47061,67067,19167,1768,ITC,ITC4,3,Lombardia,Lombardia,10060574,7559717,75.14,0.87
980,2021-07-21,LOM,93922,48436,45486,8579,84463,880,ITC,ITC4,3,Lombardia,Lombardia,10060574,7653639,76.08,0.93
981,2021-04-12,LOM,47256,20587,26669,32268,14352,636,ITC,ITC4,3,Lombardia,Lombardia,10060574,7700895,76.55,0.47
982,2021-02-21,LOM,5053,1864,3189,4942,17,94,ITC,ITC4,3,Lombardia,Lombardia,10060574,7705948,76.6,0.05
983,2021-07-28,LOM,40979,22108,18871,5112,35384,483,ITC,ITC4,3,Lombardia,Lombardia,10060574,7746927,77.0,0.41
984,2021-04-19,LOM,60125,27352,32773,49448,9407,1270,ITC,ITC4,3,Lombardia,Lombardia,10060574,7807052,77.6,0.6
985,2021-06-15,LOM,95986,48853,47133,49021,45905,1060,ITC,ITC4,3,Lombardia,Lombardia,10060574,7903038,78.55,0.95
986,2021-02-27,LOM,13951,5875,8076,13153,642,156,ITC,ITC4,3,Lombardia,Lombardia,10060574,7916989,78.69,0.14
987,2020-12-30,LOM,114,42,72,114,0,0,ITC,ITC4,3,Lombardia,Lombardia,10060574,7917103,78.69,0.0
988,2021-06-16,LOM,99248,50428,48820,49855,48242,1151,ITC,ITC4,3,Lombardia,Lombardia,10060574,8016351,79.68,0.99
989,2021-03-06,LOM,21349,9100,12249,16534,4517,298,ITC,ITC4,3,Lombardia,Lombardia,10060574,8037700,79.89,0.21
990,2021-06-09,LOM,103651,52226,51425,87425,14508,1718,ITC,ITC4,3,Lombardia,Lombardia,10060574,8141351,80.92,1.03
991,2021-03-08,LOM,29770,11193,18577,22164,7089,517,ITC,ITC4,3,Lombardia,Lombardia,10060574,8171121,81.22,0.3
992,2021-05-04,LOM,86820,41074,45746,70277,14399,2144,ITC,ITC4,3,Lombardia,Lombardia,10060574,8257941,82.08,0.86
993,2021-01-24,LOM,1201,458,743,538,663,0,ITC,ITC4,3,Lombardia,Lombardia,10060574,8259142,82.09,0.01
994,2021-02-22,LOM,11907,4810,7097,11403,306,198,ITC,ITC4,3,Lombardia,Lombardia,10060574,8271049,82.21,0.12
995,2021-03-13,LOM,27197,9782,17415,20544,6102,551,ITC,ITC4,3,Lombardia,Lombardia,10060574,8298246,82.48,0.27
996,2021-07-23,LOM,95469,50051,45418,11409,82799,1261,ITC,ITC4,3,Lombardia,Lombardia,10060574,8393715,83.43,0.95
997,2021-05-11,LOM,86911,41450,45461,58262,26235,2414,ITC,ITC4,3,Lombardia,Lombardia,10060574,8480626,84.3,0.86
998,2021-05-28,LOM,93599,44846,48753,42032,50653,914,ITC,ITC4,3,Lombardia,Lombardia,10060574,8574225,85.23,0.93
999,2021-02-17,LOM,11996,3756,8240,10413,1390,193,ITC,ITC4,3,Lombardia,Lombardia,10060574,8586221,85.35,0.12
1000,2021-06-11,LOM,101465,51690,49775,84929,14648,1888,ITC,ITC4,3,Lombardia,Lombardia,10060574,8687686,86.35,1.01
1001,2021-04-05,LOM,27386,11697,15689,19027,8105,254,ITC,ITC4,3,Lombardia,Lombardia,10060574,8715072,86.63,0.27
1002,2021-01-31,LOM,9760,3775,5985,29,9731,0,ITC,ITC4,3,Lombardia,Lombardia,10060574,8724832,86.72,0.1
1003,2021-06-22,LOM,111072,57966,53106,79060,29886,2126,ITC,ITC4,3,Lombardia,Lombardia,10060574,8835904,87.83,1.1
1004,2021-07-09,LOM,115537,58895,56642,11731,102920,886,ITC,ITC4,3,Lombardia,Lombardia,10060574,8951441,88.98,1.15
1005,2021-06-03,LOM,97143,49718,47425,84604,10877,1662,ITC,ITC4,3,Lombardia,Lombardia,10060574,9048584,89.94,0.97
1006,2021-06-20,LOM,88962,44340,44622,52836,34886,1240,ITC,ITC4,3,Lombardia,Lombardia,10060574,9137546,90.83,0.88
1007,2021-03-12,LOM,35287,12972,22315,24454,10216,617,ITC,ITC4,3,Lombardia,Lombardia,10060574,9172833,91.18,0.35
1008,2021-03-29,LOM,40054,15543,24511,24534,14841,679,ITC,ITC4,3,Lombardia,Lombardia,10060574,9212887,91.57,0.4
1009,2021-05-23,LOM,60765,28929,31836,26293,33958,514,ITC,ITC4,3,Lombardia,Lombardia,10060574,9273652,92.18,0.6
1010,2021-02-12,LOM,13977,4372,9605,8872,4945,160,ITC,ITC4,3,Lombardia,Lombardia,10060574,9287629,92.32,0.14
1011,2021-07-19,LOM,96883,50303,46580,10799,85003,1081,ITC,ITC4,3,Lombardia,Lombardia,10060574,9384512,93.28,0.96
1012,2021-04-10,LOM,52756,21849,30907,40047,11958,751,ITC,ITC4,3,Lombardia,Lombardia,10060574,9437268,93.8,0.52
1013,2021-06-06,LOM,90129,46347,43782,79529,9222,1378,ITC,ITC4,3,Lombardia,Lombardia,10060574,9527397,94.7,0.9
1014,2021-01-07,LOM,11787,3646,8141,11747,0,40,ITC,ITC4,3,Lombardia,Lombardia,10060574,9539184,94.82,0.12
1015,2021-02-19,LOM,14220,5400,8820,13324,723,173,ITC,ITC4,3,Lombardia,Lombardia,10060574,9553404,94.96,0.14
1016,2021-04-17,LOM,48515,21306,27209,36944,10854,717,ITC,ITC4,3,Lombardia,Lombardia,10060574,9601919,95.44,0.48
1017,2021-05-25,LOM,91174,43627,47547,43849,46499,826,ITC,ITC4,3,Lombardia,Lombardia,10060574,9693093,96.35,0.91
1018,2021-02-14,LOM,3584,1547,2037,2934,636,14,ITC,ITC4,3,Lombardia,Lombardia,10060574,9696677,96.38,0.04
1019,2021-01-12,LOM,20296,6721,13575,20267,0,29,ITC,ITC4,3,Lombardia,Lombardia,10060574,9716973,96.58,0.2
1020,2021-05-01,LOM,95992,43682,52310,65054,29224,1714,ITC,ITC4,3,Lombardia,Lombardia,10060574,9812965,97.54,0.95
1021,2021-01-21,LOM,5496,1604,3892,4788,691,17,ITC,ITC4,3,Lombardia,Lombardia,10060574,9818461,97.59,0.05
1022,2021-02-07,LOM,7312,2825,4487,335,6974,3,ITC,ITC4,3,Lombardia,Lombardia,10060574,9825773,97.67,0.07
1023,2021-01-19,LOM,8053,2329,5724,7571,468,14,ITC,ITC4,3,Lombardia,Lombardia,10060574,9833826,97.75,0.08
1024,2021-05-20,LOM,94485,45649,48836,31260,62581,644,ITC,ITC4,3,Lombardia,Lombardia,10060574,9928311,98.69,0.94
1025,2021-06-18,LOM,107616,52858,54758,51951,54427,1238,ITC,ITC4,3,Lombardia,Lombardia,10060574,10035927,99.76,1.07
1026,2021-03-01,LOM,18797,8233,10564,16884,1707,206,ITC,ITC4,3,Lombardia,Lombardia,10060574,10054724,99.94,0.19
1027,2021-05-15,LOM,80922,38789,42133,45489,33386,2047,ITC,ITC4,3,Lombardia,Lombardia,10060574,10135646,100.75,0.8
1028,2021-07-11,LOM,90178,45615,44563,11767,77353,1058,ITC,ITC4,3,Lombardia,Lombardia,10060574,10225824,101.64,0.9
1029,2021-05-13,LOM,87207,41787,45420,55735,28878,2594,ITC,ITC4,3,Lombardia,Lombardia,10060574,10313031,102.51,0.87
1030,2021-02-02,LOM,19915,6608,13307,497,19415,3,ITC,ITC4,3,Lombardia,Lombardia,10060574,10332946,102.71,0.2
1031,2021-03-31,LOM,42184,17112,25072,26197,15310,677,ITC,ITC4,3,Lombardia,Lombardia,10060574,10375130,103.13,0.42
1032,2021-02-26,LOM,18432,7563,10869,16324,1904,204,ITC,ITC4,3,Lombardia,Lombardia,10060574,10393562,103.31,0.18
1033,2020-12-31,LOM,714,302,412,714,0,0,ITC,ITC4,3,Lombardia,Lombardia,10060574,10394276,103.32,0.01
1034,2021-03-10,LOM,33301,12734,20567,24844,7869,588,ITC,ITC4,3,Lombardia,Lombardia,10060574,10427577,103.65,0.33
1035,2021-05-06,LOM,89881,42209,47672,70985,16527,2369,ITC,ITC4,3,Lombardia,Lombardia,10060574,10517458,104.54,0.89
1036,2021-01-26,LOM,8348,2706,5642,349,7999,0,ITC,ITC4,3,Lombardia,Lombardia,10060574,10525806,104.62,0.08
1037,2021-03-19,LOM,32458,12930,19528,18910,13225,323,ITC,ITC4,3,Lombardia,Lombardia,10060574,10558264,104.95,0.32
1038,2021-05-27,LOM,94878,45454,49424,40617,53473,788,ITC,ITC4,3,Lombardia,Lombardia,10060574,10653142,105.89,0.94
1039,2021-04-24,LOM,75823,33602,42221,53439,21144,1240,ITC,ITC4,3,Lombardia,Lombardia,10060574,10728965,106.64,0.75
1040,2021-01-14,LOM,26943,7811,19132,26889,0,54,ITC,ITC4,3,Lombardia,Lombardia,10060574,10755908,106.91,0.27
1041,2021-05-08,LOM,87773,40770,47003,63482,22068,2223,ITC,ITC4,3,Lombardia,Lombardia,10060574,10843681,107.78,0.87
1042,2021-07-16,LOM,108867,56691,52176,11121,96576,1170,ITC,ITC4,3,Lombardia,Lombardia,10060574,10952548,108.87,1.08
1043,2021-04-07,LOM,50604,20927,29677,34079,15820,705,ITC,ITC4,3,Lombardia,Lombardia,10060574,11003152,109.37,0.5
1044,2021-02-20,LOM,9348,3870,5478,8846,307,195,ITC,ITC4,3,Lombardia,Lombardia,10060574,11012500,109.46,0.09
1045,2021-04-18,LOM,36407,16230,20177,30523,5241,643,ITC,ITC4,3,Lombardia,Lombardia,10060574,11048907,109.82,0.36
1046,2021-01-08,LOM,12725,3927,8798,12714,0,11,ITC,ITC4,3,Lombardia,Lombardia,10060574,11061632,109.95,0.13
1047,2021-01-15,LOM,25268,7446,17822,25216,0,52,ITC,ITC4,3,Lombardia,Lombardia,10060574,11086900,110.2,0.25
1048,2021-04-29,LOM,115576,53609,61967,83128,29873,2575,ITC,ITC4,3,Lombardia,Lombardia,10060574,11202476,111.35,1.15
1049,2021-06-25,LOM,108049,56071,51978,78204,27542,2303,ITC,ITC4,3,Lombardia,Lombardia,10060574,11310525,112.42,1.07
1050,2021-04-20,LOM,67684,30836,36848,55905,10349,1430,ITC,ITC4,3,Lombardia,Lombardia,10060574,11378209,113.1,0.67
1051,2021-01-10,LOM,10533,3970,6563,10524,0,9,ITC,ITC4,3,Lombardia,Lombardia,10060574,11388742,113.2,0.1
1052,2021-01-17,LOM,8352,3347,5005,8145,201,6,ITC,ITC4,3,Lombardia,Lombardia,10060574,11397094,113.28,0.08
1053,2021-06-23,LOM,110976,57420,53556,76779,32058,2139,ITC,ITC4,3,Lombardia,Lombardia,10060574,11508070,114.39,1.1
1054,2021-03-15,LOM,31573,11339,20234,22431,8528,614,ITC,ITC4,3,Lombardia,Lombardia,10060574,11539643,114.7,0.31
1055,2021-04-27,LOM,86079,39999,46080,67675,16596,1808,ITC,ITC4,3,Lombardia,Lombardia,10060574,11625722,115.56,0.86
1056,2021-03-17,LOM,26263,10499,15764,15102,11001,160,ITC,ITC4,3,Lombardia,Lombardia,10060574,11651985,115.82,0.26
1057,2021-07-04,LOM,86640,43334,43306,40177,44509,1954,ITC,ITC4,3,Lombardia,Lombardia,10060574,11738625,116.68,0.86
1058,2021-07-02,LOM,103819,52044,51775,48858,52754,2207,ITC,ITC4,3,Lombardia,Lombardia,10060574,11842444,117.71,1.03
1059,2021-03-24,LOM,43260,15620,27640,30471,11899,890,ITC,ITC4,3,Lombardia,Lombardia,10060574,11885704,118.14,0.43
1060,2021-02-09,LOM,12221,3335,8886,4025,8182,14,ITC,ITC4,3,Lombardia,Lombardia,10060574,11897925,118.26,0.12
1061,2021-04-11,SIC,15370,7590,7780,8234,7033,103,ITG,ITG1,19,Sicilia,Sicilia,4999891,15370,0.31,0.31
1062,2021-07-20,SIC,48430,23586,24844,12785,35296,349,ITG,ITG1,19,Sicilia,Sicilia,4999891,63800,1.28,0.97
1063,2020-12-30,SIC,185,109,76,184,0,1,ITG,ITG1,19,Sicilia,Sicilia,4999891,63985,1.28,0.0
1064,2021-01-16,SIC,2716,1211,1505,2695,0,21,ITG,ITG1,19,Sicilia,Sicilia,4999891,66701,1.33,0.05
1065,2021-07-01,SIC,30958,14061,16897,10721,19982,255,ITG,ITG1,19,Sicilia,Sicilia,4999891,97659,1.95,0.62
1066,2021-04-09,SIC,20273,9877,10396,10946,9077,250,ITG,ITG1,19,Sicilia,Sicilia,4999891,117932,2.36,0.41
1067,2021-03-23,SIC,20940,10078,10862,15221,5564,155,ITG,ITG1,19,Sicilia,Sicilia,4999891,138872,2.78,0.42
1068,2021-06-19,SIC,44262,21042,23220,18750,25195,317,ITG,ITG1,19,Sicilia,Sicilia,4999891,183134,3.66,0.89
1069,2021-04-23,SIC,28565,13695,14870,22362,5835,368,ITG,ITG1,19,Sicilia,Sicilia,4999891,211699,4.23,0.57
1070,2021-06-26,SIC,37249,17771,19478,16354,20597,298,ITG,ITG1,19,Sicilia,Sicilia,4999891,248948,4.98,0.74
1071,2021-04-30,SIC,35020,16343,18677,23538,11031,451,ITG,ITG1,19,Sicilia,Sicilia,4999891,283968,5.68,0.7
1072,2021-02-13,SIC,2978,1123,1855,2687,255,36,ITG,ITG1,19,Sicilia,Sicilia,4999891,286946,5.74,0.06
1073,2021-05-24,SIC,35875,17441,18434,15592,20050,233,ITG,ITG1,19,Sicilia,Sicilia,4999891,322821,6.46,0.72
1074,2021-05-17,SIC,31902,15396,16506,18997,12619,286,ITG,ITG1,19,Sicilia,Sicilia,4999891,354723,7.09,0.64
1075,2021-03-21,SIC,15217,7340,7877,11180,3969,68,ITG,ITG1,19,Sicilia,Sicilia,4999891,369940,7.4,0.3
1076,2021-05-31,SIC,38083,17148,20935,21272,16514,297,ITG,ITG1,19,Sicilia,Sicilia,4999891,408023,8.16,0.76
1077,2021-01-30,SIC,7698,3537,4161,162,7534,2,ITG,ITG1,19,Sicilia,Sicilia,4999891,415721,8.31,0.15
1078,2021-03-28,SIC,10976,5146,5830,6902,4011,63,ITG,ITG1,19,Sicilia,Sicilia,4999891,426697,8.53,0.22
1079,2021-07-15,SIC,48332,22439,25893,7990,40081,261,ITG,ITG1,19,Sicilia,Sicilia,4999891,475029,9.5,0.97
1080,2021-06-24,SIC,42274,19625,22649,17572,24348,354,ITG,ITG1,19,Sicilia,Sicilia,4999891,517303,10.35,0.85
1081,2021-06-07,SIC,49681,23412,26269,41117,8035,529,ITG,ITG1,19,Sicilia,Sicilia,4999891,566984,11.34,0.99
1082,2021-01-25,SIC,7435,3679,3756,278,7150,7,ITG,ITG1,19,Sicilia,Sicilia,4999891,574419,11.49,0.15
1083,2021-05-05,SIC,26311,12189,14122,16254,9629,428,ITG,ITG1,19,Sicilia,Sicilia,4999891,600730,12.01,0.53
1084,2021-05-19,SIC,42856,20760,22096,28187,14303,366,ITG,ITG1,19,Sicilia,Sicilia,4999891,643586,12.87,0.86
1085,2021-07-27,SIC,43147,21422,21725,19216,23471,460,ITG,ITG1,19,Sicilia,Sicilia,4999891,686733,13.73,0.86
1086,2021-02-25,SIC,9940,5204,4736,8690,1164,86,ITG,ITG1,19,Sicilia,Sicilia,4999891,696673,13.93,0.2
1087,2021-06-05,SIC,59941,28513,31428,48735,10587,619,ITG,ITG1,19,Sicilia,Sicilia,4999891,756614,15.13,1.2
1088,2021-03-14,SIC,8774,3927,4847,4886,3837,51,ITG,ITG1,19,Sicilia,Sicilia,4999891,765388,15.31,0.18
1089,2021-02-11,SIC,5241,2062,3179,4657,467,117,ITG,ITG1,19,Sicilia,Sicilia,4999891,770629,15.41,0.1
1090,2021-03-02,SIC,14757,6371,8386,11866,2778,113,ITG,ITG1,19,Sicilia,Sicilia,4999891,785386,15.71,0.3
1091,2021-01-04,SIC,8441,4217,4224,8396,0,45,ITG,ITG1,19,Sicilia,Sicilia,4999891,793827,15.88,0.17
1092,2021-01-18,SIC,1598,655,943,1431,156,11,ITG,ITG1,19,Sicilia,Sicilia,4999891,795425,15.91,0.03
1093,2021-04-28,SIC,29270,13716,15554,19731,9154,385,ITG,ITG1,19,Sicilia,Sicilia,4999891,824695,16.49,0.59
1094,2020-12-28,SIC,218,132,86,217,0,1,ITG,ITG1,19,Sicilia,Sicilia,4999891,824913,16.5,0.0
1095,2021-03-04,SIC,15229,6690,8539,10985,4118,126,ITG,ITG1,19,Sicilia,Sicilia,4999891,840142,16.8,0.3
1096,2021-06-12,SIC,45780,22395,23385,39367,5889,524,ITG,ITG1,19,Sicilia,Sicilia,4999891,885922,17.72,0.92
1097,2021-05-07,SIC,36558,17260,19298,24616,11614,328,ITG,ITG1,19,Sicilia,Sicilia,4999891,922480,18.45,0.73
1098,2021-03-11,SIC,15439,6703,8736,12878,2418,143,ITG,ITG1,19,Sicilia,Sicilia,4999891,937919,18.76,0.31
1099,2021-01-27,SIC,7293,3713,3580,175,7117,1,ITG,ITG1,19,Sicilia,Sicilia,4999891,945212,18.9,0.15
1100,2021-01-13,SIC,5181,2441,2740,5147,0,34,ITG,ITG1,19,Sicilia,Sicilia,4999891,950393,19.01,0.1
1101,2021-02-06,SIC,4701,2099,2602,1445,3235,21,ITG,ITG1,19,Sicilia,Sicilia,4999891,955094,19.1,0.09
1102,2021-02-04,SIC,6756,3078,3678,1423,5304,29,ITG,ITG1,19,Sicilia,Sicilia,4999891,961850,19.24,0.14
1103,2021-01-01,SIC,820,439,381,816,0,4,ITG,ITG1,19,Sicilia,Sicilia,4999891,962670,19.25,0.02
1104,2021-04-20,SIC,18994,9004,9990,13455,5248,291,ITG,ITG1,19,Sicilia,Sicilia,4999891,981664,19.63,0.38
1105,2021-02-18,SIC,5332,3139,2193,4837,430,65,ITG,ITG1,19,Sicilia,Sicilia,4999891,986996,19.74,0.11
1106,2021-05-12,SIC,36825,17365,19460,21390,14916,519,ITG,ITG1,19,Sicilia,Sicilia,4999891,1023821,20.48,0.74
1107,2021-07-17,SIC,49314,24290,25024,9324,39693,297,ITG,ITG1,19,Sicilia,Sicilia,4999891,1073135,21.46,0.99
1108,2021-04-08,SIC,18061,8888,9173,8765,9140,156,ITG,ITG1,19,Sicilia,Sicilia,4999891,1091196,21.82,0.36
1109,2021-04-04,SIC,6805,3322,3483,5451,1292,62,ITG,ITG1,19,Sicilia,Sicilia,4999891,1098001,21.96,0.14
1110,2021-07-13,SIC,46057,21145,24912,6893,38950,214,ITG,ITG1,19,Sicilia,Sicilia,4999891,1144058,22.88,0.92
1111,2021-06-04,SIC,57851,26760,31091,45405,11946,500,ITG,ITG1,19,Sicilia,Sicilia,4999891,1201909,24.04,1.16
1112,2021-03-16,SIC,9620,4321,5299,3556,5996,68,ITG,ITG1,19,Sicilia,Sicilia,4999891,1211529,24.23,0.19
1113,2021-07-08,SIC,38353,17472,20881,6531,31605,217,ITG,ITG1,19,Sicilia,Sicilia,4999891,1249882,25.0,0.77
1114,2021-02-27,SIC,12236,5502,6734,10936,1204,96,ITG,ITG1,19,Sicilia,Sicilia,4999891,1262118,25.24,0.24
1115,2021-07-12,SIC,48943,22561,26382,6448,42300,195,ITG,ITG1,19,Sicilia,Sicilia,4999891,1311061,26.22,0.98
1116,2021-02-23,SIC,8746,4635,4111,8199,466,81,ITG,ITG1,19,Sicilia,Sicilia,4999891,1319807,26.4,0.17
1117,2021-03-09,SIC,13158,5764,7394,10833,2200,125,ITG,ITG1,19,Sicilia,Sicilia,4999891,1332965,26.66,0.26
1118,2021-01-11,SIC,5831,2574,3257,5773,0,58,ITG,ITG1,19,Sicilia,Sicilia,4999891,1338796,26.78,0.12
1119,2021-04-16,SIC,28848,14492,14356,20252,8293,303,ITG,ITG1,19,Sicilia,Sicilia,4999891,1367644,27.35,0.58
1120,2021-01-23,SIC,4447,2290,2157,192,4245,10,ITG,ITG1,19,Sicilia,Sicilia,4999891,1372091,27.44,0.09
1121,2021-01-06,SIC,6247,3289,2958,6187,0,60,ITG,ITG1,19,Sicilia,Sicilia,4999891,1378338,27.57,0.12
1122,2021-04-02,SIC,13884,6547,7337,9043,4735,106,ITG,ITG1,19,Sicilia,Sicilia,4999891,1392222,27.85,0.28
1123,2021-02-10,SIC,4354,1775,2579,3888,381,85,ITG,ITG1,19,Sicilia,Sicilia,4999891,1396576,27.93,0.09
1124,2021-05-21,SIC,48670,23059,25611,26656,21593,421,ITG,ITG1,19,Sicilia,Sicilia,4999891,1445246,28.91,0.97
1125,2021-06-16,SIC,40400,18787,21613,21240,18804,356,ITG,ITG1,19,Sicilia,Sicilia,4999891,1485646,29.71,0.81
1126,2021-03-25,SIC,20455,9527,10928,14742,5543,170,ITG,ITG1,19,Sicilia,Sicilia,4999891,1506101,30.12,0.41
1127,2021-07-03,SIC,33900,16291,17609,9037,24624,239,ITG,ITG1,19,Sicilia,Sicilia,4999891,1540001,30.8,0.68
1128,2021-03-06,SIC,12641,5059,7582,9761,2782,98,ITG,ITG1,19,Sicilia,Sicilia,4999891,1552642,31.05,0.25
1129,2021-06-14,SIC,43476,20651,22825,28163,14889,424,ITG,ITG1,19,Sicilia,Sicilia,4999891,1596118,31.92,0.87
1130,2021-05-28,SIC,51243,22974,28269,24308,26520,415,ITG,ITG1,19,Sicilia,Sicilia,4999891,1647361,32.95,1.02
1131,2021-01-20,SIC,962,511,451,689,270,3,ITG,ITG1,19,Sicilia,Sicilia,4999891,1648323,32.97,0.02
1132,2021-03-18,SIC,15368,7719,7649,9744,5573,51,ITG,ITG1,19,Sicilia,Sicilia,4999891,1663691,33.27,0.31
1133,2021-02-20,SIC,7140,3692,3448,6802,241,97,ITG,ITG1,19,Sicilia,Sicilia,4999891,1670831,33.42,0.14
1134,2021-02-03,SIC,5924,2781,3143,713,5203,8,ITG,ITG1,19,Sicilia,Sicilia,4999891,1676755,33.54,0.12
1135,2021-04-27,SIC,26423,12673,13750,15170,10926,327,ITG,ITG1,19,Sicilia,Sicilia,4999891,1703178,34.06,0.53
1136,2021-05-14,SIC,52181,24465,27716,35760,15668,753,ITG,ITG1,19,Sicilia,Sicilia,4999891,1755359,35.11,1.04
1137,2021-02-08,SIC,3887,1680,2207,2080,1758,49,ITG,ITG1,19,Sicilia,Sicilia,4999891,1759246,35.19,0.08
1138,2021-01-22,SIC,1288,641,647,261,1025,2,ITG,ITG1,19,Sicilia,Sicilia,4999891,1760534,35.21,0.03
1139,2021-01-08,SIC,8130,3788,4342,8041,0,89,ITG,ITG1,19,Sicilia,Sicilia,4999891,1768664,35.37,0.16
1140,2021-04-18,SIC,19824,9914,9910,15284,4360,180,ITG,ITG1,19,Sicilia,Sicilia,4999891,1788488,35.77,0.4
1141,2021-05-16,SIC,33699,16438,17261,21892,11514,293,ITG,ITG1,19,Sicilia,Sicilia,4999891,1822187,36.44,0.67
1142,2021-05-02,SIC,24603,11428,13175,17705,6601,297,ITG,ITG1,19,Sicilia,Sicilia,4999891,1846790,36.94,0.49
1143,2021-03-20,SIC,18588,8978,9610,13362,5139,87,ITG,ITG1,19,Sicilia,Sicilia,4999891,1865378,37.31,0.37
1144,2021-06-28,SIC,31902,14855,17047,14881,16730,291,ITG,ITG1,19,Sicilia,Sicilia,4999891,1897280,37.95,0.64
1145,2021-07-05,SIC,37507,17604,19903,8916,28359,232,ITG,ITG1,19,Sicilia,Sicilia,4999891,1934787,38.7,0.75
1146,2021-06-21,SIC,40258,18641,21617,18436,21493,329,ITG,ITG1,19,Sicilia,Sicilia,4999891,1975045,39.5,0.81
1147,2021-05-09,SIC,28410,13308,15102,19777,8286,347,ITG,ITG1,19,Sicilia,Sicilia,4999891,2003455,40.07,0.57
1148,2021-02-05,SIC,6742,2980,3762,2089,4615,38,ITG,ITG1,19,Sicilia,Sicilia,4999891,2010197,40.2,0.13
1149,2021-04-01,SIC,14299,6620,7679,9497,4668,134,ITG,ITG1,19,Sicilia,Sicilia,4999891,2024496,40.49,0.29
1150,2021-07-10,SIC,46893,22348,24545,6058,40632,203,ITG,ITG1,19,Sicilia,Sicilia,4999891,2071389,41.43,0.94
1151,2021-06-23,SIC,44477,20699,23778,17908,26237,332,ITG,ITG1,19,Sicilia,Sicilia,4999891,2115866,42.32,0.89
1152,2021-02-19,SIC,4980,2695,2285,4332,564,84,ITG,ITG1,19,Sicilia,Sicilia,4999891,2120846,42.42,0.1
1153,2021-03-08,SIC,13496,5953,7543,10767,2613,116,ITG,ITG1,19,Sicilia,Sicilia,4999891,2134342,42.69,0.27
1154,2021-05-30,SIC,35764,16170,19594,17422,18046,296,ITG,ITG1,19,Sicilia,Sicilia,4999891,2170106,43.4,0.72
1155,2021-02-07,SIC,2321,982,1339,664,1648,9,ITG,ITG1,19,Sicilia,Sicilia,4999891,2172427,43.45,0.05
1156,2021-07-14,SIC,47492,21998,25494,7925,39311,256,ITG,ITG1,19,Sicilia,Sicilia,4999891,2219919,44.4,0.95
1157,2021-05-18,SIC,36112,17384,18728,23242,12474,396,ITG,ITG1,19,Sicilia,Sicilia,4999891,2256031,45.12,0.72
1158,2021-07-21,SIC,42948,20978,21970,10632,32007,309,ITG,ITG1,19,Sicilia,Sicilia,4999891,2298979,45.98,0.86
1159,2021-07-07,SIC,35437,16210,19227,6059,29141,237,ITG,ITG1,19,Sicilia,Sicilia,4999891,2334416,46.69,0.71
1160,2021-05-25,SIC,33547,15424,18123,13939,19349,259,ITG,ITG1,19,Sicilia,Sicilia,4999891,2367963,47.36,0.67
1161,2021-03-29,SIC,15032,7075,7957,10398,4497,137,ITG,ITG1,19,Sicilia,Sicilia,4999891,2382995,47.66,0.3
1162,2021-06-01,SIC,38985,17722,21263,24597,14038,350,ITG,ITG1,19,Sicilia,Sicilia,4999891,2421980,48.44,0.78
1163,2021-04-05,SIC,8015,3954,4061,6511,1440,64,ITG,ITG1,19,Sicilia,Sicilia,4999891,2429995,48.6,0.16
1164,2021-01-15,SIC,5255,2294,2961,5188,0,67,ITG,ITG1,19,Sicilia,Sicilia,4999891,2435250,48.71,0.11
1165,2021-04-25,SIC,21394,10204,11190,16152,5015,227,ITG,ITG1,19,Sicilia,Sicilia,4999891,2456644,49.13,0.43
1166,2021-02-01,SIC,5906,2626,3280,303,5590,13,ITG,ITG1,19,Sicilia,Sicilia,4999891,2462550,49.25,0.12
1167,2021-03-22,SIC,16678,7914,8764,11164,5423,91,ITG,ITG1,19,Sicilia,Sicilia,4999891,2479228,49.59,0.33
1168,2021-06-30,SIC,32546,15007,17539,11399,20829,318,ITG,ITG1,19,Sicilia,Sicilia,4999891,2511774,50.24,0.65
1169,2020-12-29,SIC,243,152,91,243,0,0,ITG,ITG1,19,Sicilia,Sicilia,4999891,2512017,50.24,0.0
1170,2021-06-13,SIC,34539,17161,17378,30603,3504,432,ITG,ITG1,19,Sicilia,Sicilia,4999891,2546556,50.93,0.69
1171,2021-04-10,SIC,20434,9971,10463,11313,8964,157,ITG,ITG1,19,Sicilia,Sicilia,4999891,2566990,51.34,0.41
1172,2021-01-17,SIC,1310,596,714,1238,63,9,ITG,ITG1,19,Sicilia,Sicilia,4999891,2568300,51.37,0.03
1173,2021-07-02,SIC,30538,14221,16317,9920,20336,282,ITG,ITG1,19,Sicilia,Sicilia,4999891,2598838,51.98,0.61
1174,2021-07-19,SIC,48875,23527,25348,11648,36872,355,ITG,ITG1,19,Sicilia,Sicilia,4999891,2647713,52.96,0.98
1175,2021-03-30,SIC,14562,6761,7801,9702,4765,95,ITG,ITG1,19,Sicilia,Sicilia,4999891,2662275,53.25,0.29
1176,2021-03-13,SIC,12212,5387,6825,7628,4493,91,ITG,ITG1,19,Sicilia,Sicilia,4999891,2674487,53.49,0.24
1177,2021-04-17,SIC,26000,13151,12849,18670,7064,266,ITG,ITG1,19,Sicilia,Sicilia,4999891,2700487,54.01,0.52
1178,2021-07-26,SIC,44527,22194,22333,16710,27450,367,ITG,ITG1,19,Sicilia,Sicilia,4999891,2745014,54.9,0.89
1179,2021-03-17,SIC,15052,7441,7611,9082,5846,124,ITG,ITG1,19,Sicilia,Sicilia,4999891,2760066,55.2,0.3
1180,2021-06-25,SIC,39767,18669,21098,17370,22065,332,ITG,ITG1,19,Sicilia,Sicilia,4999891,2799833,56.0,0.8
1181,2021-07-09,SIC,44794,20667,24127,6407,38213,174,ITG,ITG1,19,Sicilia,Sicilia,4999891,2844627,56.89,0.9
1182,2021-01-24,SIC,4324,2262,2062,130,4192,2,ITG,ITG1,19,Sicilia,Sicilia,4999891,2848951,56.98,0.09
1183,2021-05-04,SIC,26845,12470,14375,17158,9292,395,ITG,ITG1,19,Sicilia,Sicilia,4999891,2875796,57.52,0.54
1184,2021-04-03,SIC,16412,7816,8596,13420,2835,157,ITG,ITG1,19,Sicilia,Sicilia,4999891,2892208,57.85,0.33
1185,2021-03-27,SIC,15656,7378,8278,10683,4853,120,ITG,ITG1,19,Sicilia,Sicilia,4999891,2907864,58.16,0.31
1186,2021-01-29,SIC,9187,4258,4929,412,8763,12,ITG,ITG1,19,Sicilia,Sicilia,4999891,2917051,58.34,0.18
1187,2021-06-06,SIC,49522,23917,25605,41146,7822,554,ITG,ITG1,19,Sicilia,Sicilia,4999891,2966573,59.33,0.99
1188,2021-02-26,SIC,11974,5873,6101,10181,1680,113,ITG,ITG1,19,Sicilia,Sicilia,4999891,2978547,59.57,0.24
1189,2021-05-06,SIC,29468,14007,15461,18168,10829,471,ITG,ITG1,19,Sicilia,Sicilia,4999891,3008015,60.16,0.59
1190,2021-04-12,SIC,19001,9210,9791,11485,7275,241,ITG,ITG1,19,Sicilia,Sicilia,4999891,3027016,60.54,0.38
1191,2021-02-14,SIC,1055,402,653,907,140,8,ITG,ITG1,19,Sicilia,Sicilia,4999891,3028071,60.56,0.02
1192,2021-01-02,SIC,4861,2535,2326,4831,0,30,ITG,ITG1,19,Sicilia,Sicilia,4999891,3032932,60.66,0.1
1193,2021-02-21,SIC,5169,2501,2668,5048,106,15,ITG,ITG1,19,Sicilia,Sicilia,4999891,3038101,60.76,0.1
1194,2021-04-06,SIC,17742,8477,9265,13259,4283,200,ITG,ITG1,19,Sicilia,Sicilia,4999891,3055843,61.12,0.35
1195,2021-02-22,SIC,7947,4133,3814,7375,493,79,ITG,ITG1,19,Sicilia,Sicilia,4999891,3063790,61.28,0.16
1196,2020-12-27,SIC,92,55,37,91,0,1,ITG,ITG1,19,Sicilia,Sicilia,4999891,3063882,61.28,0.0
1197,2021-06-02,SIC,35280,16298,18982,27108,7778,394,ITG,ITG1,19,Sicilia,Sicilia,4999891,3099162,61.98,0.71
1198,2021-03-01,SIC,12761,6070,6691,10980,1657,124,ITG,ITG1,19,Sicilia,Sicilia,4999891,3111923,62.24,0.26
1199,2021-06-09,SIC,49776,23677,26099,41913,7255,608,ITG,ITG1,19,Sicilia,Sicilia,4999891,3161699,63.24,1.0
1200,2021-01-19,SIC,1510,667,843,1264,232,14,ITG,ITG1,19,Sicilia,Sicilia,4999891,3163209,63.27,0.03
1201,2021-06-11,SIC,49925,23819,26106,41569,7701,655,ITG,ITG1,19,Sicilia,Sicilia,4999891,3213134,64.26,1.0
1202,2021-05-13,SIC,47455,22251,25204,30297,16538,620,ITG,ITG1,19,Sicilia,Sicilia,4999891,3260589,65.21,0.95
1203,2021-01-31,SIC,4039,1932,2107,110,3927,2,ITG,ITG1,19,Sicilia,Sicilia,4999891,3264628,65.29,0.08
1204,2021-05-11,SIC,32680,15500,17180,19695,12492,493,ITG,ITG1,19,Sicilia,Sicilia,4999891,3297308,65.95,0.65
1205,2021-02-17,SIC,5218,3203,2015,4501,671,46,ITG,ITG1,19,Sicilia,Sicilia,4999891,3302526,66.05,0.1
1206,2021-04-24,SIC,31139,14697,16442,23120,7630,389,ITG,ITG1,19,Sicilia,Sicilia,4999891,3333665,66.67,0.62
1207,2021-03-15,SIC,10672,4725,5947,5647,4949,76,ITG,ITG1,19,Sicilia,Sicilia,4999891,3344337,66.89,0.21
1208,2021-07-28,SIC,17475,8741,8734,5547,11834,94,ITG,ITG1,19,Sicilia,Sicilia,4999891,3361812,67.24,0.35
1209,2021-06-22,SIC,39999,18384,21615,18319,21304,376,ITG,ITG1,19,Sicilia,Sicilia,4999891,3401811,68.04,0.8
1210,2021-05-22,SIC,48008,22805,25203,28303,19307,398,ITG,ITG1,19,Sicilia,Sicilia,4999891,3449819,69.0,0.96
1211,2021-02-28,SIC,7165,3062,4103,6484,630,51,ITG,ITG1,19,Sicilia,Sicilia,4999891,3456984,69.14,0.14
1212,2021-06-08,SIC,47695,22400,25295,40456,6706,533,ITG,ITG1,19,Sicilia,Sicilia,4999891,3504679,70.1,0.95
1213,2021-03-05,SIC,15762,6838,8924,11381,4236,145,ITG,ITG1,19,Sicilia,Sicilia,4999891,3520441,70.41,0.32
1214,2021-02-16,SIC,4200,2207,1993,3664,465,71,ITG,ITG1,19,Sicilia,Sicilia,4999891,3524641,70.49,0.08
1215,2021-06-17,SIC,41830,19475,22355,20322,21142,366,ITG,ITG1,19,Sicilia,Sicilia,4999891,3566471,71.33,0.84
1216,2020-12-31,SIC,891,474,417,883,0,8,ITG,ITG1,19,Sicilia,Sicilia,4999891,3567362,71.35,0.02
1217,2021-03-07,SIC,9259,3454,5805,8116,1083,60,ITG,ITG1,19,Sicilia,Sicilia,4999891,3576621,71.53,0.19
1218,2021-06-15,SIC,46187,21763,24424,28235,17521,431,ITG,ITG1,19,Sicilia,Sicilia,4999891,3622808,72.46,0.92
1219,2021-03-24,SIC,20963,9868,11095,15038,5735,190,ITG,ITG1,19,Sicilia,Sicilia,4999891,3643771,72.88,0.42
1220,2021-05-29,SIC,47168,21461,25707,23528,23193,447,ITG,ITG1,19,Sicilia,Sicilia,4999891,3690939,73.82,0.94
1221,2021-02-12,SIC,4586,1811,2775,4242,266,78,ITG,ITG1,19,Sicilia,Sicilia,4999891,3695525,73.91,0.09
1222,2021-05-23,SIC,34088,16594,17494,19845,14014,229,ITG,ITG1,19,Sicilia,Sicilia,4999891,3729613,74.59,0.68
1223,2021-06-10,SIC,53013,24888,28125,45144,7220,649,ITG,ITG1,19,Sicilia,Sicilia,4999891,3782626,75.65,1.06
1224,2021-05-27,SIC,47568,21903,25665,24459,22694,415,ITG,ITG1,19,Sicilia,Sicilia,4999891,3830194,76.61,0.95
1225,2021-04-14,SIC,20572,9936,10636,11628,8759,185,ITG,ITG1,19,Sicilia,Sicilia,4999891,3850766,77.02,0.41
1226,2021-07-23,SIC,41383,20763,20620,14347,26715,321,ITG,ITG1,19,Sicilia,Sicilia,4999891,3892149,77.84,0.83
1227,2021-01-09,SIC,7198,3394,3804,7138,0,60,ITG,ITG1,19,Sicilia,Sicilia,4999891,3899347,77.99,0.14
1228,2021-05-03,SIC,23300,10789,12511,13260,9788,252,ITG,ITG1,19,Sicilia,Sicilia,4999891,3922647,78.45,0.47
1229,2021-07-11,SIC,36030,16868,19162,3663,32272,95,ITG,ITG1,19,Sicilia,Sicilia,4999891,3958677,79.18,0.72
1230,2021-07-25,SIC,31809,16767,15042,11854,19699,256,ITG,ITG1,19,Sicilia,Sicilia,4999891,3990486,79.81,0.64
1231,2021-04-19,SIC,18284,8665,9619,12479,5581,224,ITG,ITG1,19,Sicilia,Sicilia,4999891,4008770,80.18,0.37
1232,2021-04-26,SIC,21675,10263,11412,13289,8080,306,ITG,ITG1,19,Sicilia,Sicilia,4999891,4030445,80.61,0.43
1233,2021-02-02,SIC,5272,2472,2800,617,4645,10,ITG,ITG1,19,Sicilia,Sicilia,4999891,4035717,80.72,0.11
1234,2021-07-18,SIC,39265,19779,19486,8104,30932,229,ITG,ITG1,19,Sicilia,Sicilia,4999891,4074982,81.5,0.79
1235,2021-01-14,SIC,5253,2485,2768,5191,0,62,ITG,ITG1,19,Sicilia,Sicilia,4999891,4080235,81.61,0.11
1236,2021-04-29,SIC,31799,14834,16965,21803,9557,439,ITG,ITG1,19,Sicilia,Sicilia,4999891,4112034,82.24,0.64
1237,2021-03-03,SIC,14565,6546,8019,11374,3067,124,ITG,ITG1,19,Sicilia,Sicilia,4999891,4126599,82.53,0.29
1238,2021-02-24,SIC,9376,4804,4572,8706,565,105,ITG,ITG1,19,Sicilia,Sicilia,4999891,4135975,82.72,0.19
1239,2021-01-21,SIC,1448,711,737,490,947,11,ITG,ITG1,19,Sicilia,Sicilia,4999891,4137423,82.75,0.03
1240,2021-05-01,SIC,24440,11312,13128,19002,5164,274,ITG,ITG1,19,Sicilia,Sicilia,4999891,4161863,83.24,0.49
1241,2021-07-06,SIC,37086,17151,19935,10284,26502,300,ITG,ITG1,19,Sicilia,Sicilia,4999891,4198949,83.98,0.74
1242,2021-05-10,SIC,28731,13790,14941,16234,12212,285,ITG,ITG1,19,Sicilia,Sicilia,4999891,4227680,84.56,0.57
1243,2021-03-26,SIC,17992,8356,9636,12354,5500,138,ITG,ITG1,19,Sicilia,Sicilia,4999891,4245672,84.92,0.36
1244,2021-01-28,SIC,9031,4270,4761,382,8648,1,ITG,ITG1,19,Sicilia,Sicilia,4999891,4254703,85.1,0.18
1245,2021-07-04,SIC,26490,12793,13697,7605,18716,169,ITG,ITG1,19,Sicilia,Sicilia,4999891,4281193,85.63,0.53
1246,2021-05-08,SIC,35637,17030,18607,24978,10300,359,ITG,ITG1,19,Sicilia,Sicilia,4999891,4316830,86.34,0.71
1247,2021-01-26,SIC,9565,4734,4831,241,9323,1,ITG,ITG1,19,Sicilia,Sicilia,4999891,4326395,86.53,0.19
1248,2021-04-21,SIC,22387,10746,11641,15998,6119,270,ITG,ITG1,19,Sicilia,Sicilia,4999891,4348782,86.98,0.45
1249,2021-04-07,SIC,16101,7947,8154,8451,7473,177,ITG,ITG1,19,Sicilia,Sicilia,4999891,4364883,87.3,0.32
1250,2021-07-16,SIC,49254,23299,25955,8714,40259,281,ITG,ITG1,19,Sicilia,Sicilia,4999891,4414137,88.28,0.99
1251,2021-06-03,SIC,45991,21093,24898,33764,11713,514,ITG,ITG1,19,Sicilia,Sicilia,4999891,4460128,89.2,0.92
1252,2021-03-31,SIC,14519,6706,7813,9447,4932,140,ITG,ITG1,19,Sicilia,Sicilia,4999891,4474647,89.49,0.29
1253,2021-01-07,SIC,8948,4139,4809,8868,0,80,ITG,ITG1,19,Sicilia,Sicilia,4999891,4483595,89.67,0.18
1254,2021-02-09,SIC,4348,1799,2549,3248,1035,65,ITG,ITG1,19,Sicilia,Sicilia,4999891,4487943,89.76,0.09
1255,2021-05-20,SIC,44064,21117,22947,27736,15915,413,ITG,ITG1,19,Sicilia,Sicilia,4999891,4532007,90.64,0.88
1256,2021-07-24,SIC,40726,21203,19523,16799,23624,303,ITG,ITG1,19,Sicilia,Sicilia,4999891,4572733,91.46,0.81
1257,2021-02-15,SIC,3732,1733,1999,3093,565,74,ITG,ITG1,19,Sicilia,Sicilia,4999891,4576465,91.53,0.07
1258,2021-07-22,SIC,40627,19969,20658,11232,29108,287,ITG,ITG1,19,Sicilia,Sicilia,4999891,4617092,92.34,0.81
1259,2021-05-26,SIC,44690,21016,23674,23896,20451,343,ITG,ITG1,19,Sicilia,Sicilia,4999891,4661782,93.24,0.89
1260,2021-01-03,SIC,4795,2504,2291,4765,0,30,ITG,ITG1,19,Sicilia,Sicilia,4999891,4666577,93.33,0.1
1261,2021-04-13,SIC,20238,9864,10374,11240,8835,163,ITG,ITG1,19,Sicilia,Sicilia,4999891,4686815,93.74,0.4
1262,2021-01-10,SIC,3542,1585,1957,3521,0,21,ITG,ITG1,19,Sicilia,Sicilia,4999891,4690357,93.81,0.07
1263,2021-01-05,SIC,10360,5091,5269,10284,0,76,ITG,ITG1,19,Sicilia,Sicilia,4999891,4700717,94.02,0.21
1264,2021-04-15,SIC,21552,10485,11067,12003,9342,207,ITG,ITG1,19,Sicilia,Sicilia,4999891,4722269,94.45,0.43
1265,2021-06-20,SIC,33414,15814,17600,15119,18036,259,ITG,ITG1,19,Sicilia,Sicilia,4999891,4755683,95.12,0.67
1266,2021-04-22,SIC,26736,12629,14107,19880,6457,399,ITG,ITG1,19,Sicilia,Sicilia,4999891,4782419,95.65,0.53
1267,2021-03-10,SIC,13929,6122,7807,11614,2183,132,ITG,ITG1,19,Sicilia,Sicilia,4999891,4796348,95.93,0.28
1268,2021-01-12,SIC,4330,2122,2208,4286,0,44,ITG,ITG1,19,Sicilia,Sicilia,4999891,4800678,96.02,0.09
1269,2021-06-18,SIC,43580,20143,23437,18847,24363,370,ITG,ITG1,19,Sicilia,Sicilia,4999891,4844258,96.89,0.87
1270,2021-06-27,SIC,25303,12199,13104,12101,12976,226,ITG,ITG1,19,Sicilia,Sicilia,4999891,4869561,97.39,0.51
1271,2021-05-15,SIC,56485,26389,30096,40353,15239,893,ITG,ITG1,19,Sicilia,Sicilia,4999891,4926046,98.52,1.13
1272,2021-03-19,SIC,16311,8053,8258,10649,5573,89,ITG,ITG1,19,Sicilia,Sicilia,4999891,4942357,98.85,0.33
1273,2021-03-12,SIC,12867,5559,7308,10649,2068,150,ITG,ITG1,19,Sicilia,Sicilia,4999891,4955224,99.11,0.26
1274,2021-06-29,SIC,31354,14685,16669,15645,15311,398,ITG,ITG1,19,Sicilia,Sicilia,4999891,4986578,99.73,0.63
1275,2021-05-22,TOS,26025,12662,13363,21486,4290,249,ITI,ITI1,9,Toscana,Toscana,3729641,26025,0.7,0.7
1276,2021-05-05,TOS,30121,13446,16675,14864,14522,735,ITI,ITI1,9,Toscana,Toscana,3729641,56146,1.51,0.81
1277,2021-02-28,TOS,1649,667,982,852,727,70,ITI,ITI1,9,Toscana,Toscana,3729641,57795,1.55,0.04
1278,2021-02-11,TOS,5384,2022,3362,5061,242,81,ITI,ITI1,9,Toscana,Toscana,3729641,63179,1.69,0.14
1279,2021-02-09,TOS,4488,1468,3020,3763,611,114,ITI,ITI1,9,Toscana,Toscana,3729641,67667,1.81,0.12
1280,2021-01-28,TOS,6283,1883,4400,346,5930,7,ITI,ITI1,9,Toscana,Toscana,3729641,73950,1.98,0.17
1281,2021-03-19,TOS,10142,4459,5683,7128,2867,147,ITI,ITI1,9,Toscana,Toscana,3729641,84092,2.25,0.27
1282,2021-04-07,TOS,35827,15465,20362,28160,7250,417,ITI,ITI1,9,Toscana,Toscana,3729641,119919,3.22,0.96
1283,2021-06-12,TOS,29389,15150,14239,24655,4388,346,ITI,ITI1,9,Toscana,Toscana,3729641,149308,4.0,0.79
1284,2021-04-16,TOS,28952,12880,16072,21420,6899,633,ITI,ITI1,9,Toscana,Toscana,3729641,178260,4.78,0.78
1285,2021-07-13,TOS,29322,14728,14594,7712,21440,170,ITI,ITI1,9,Toscana,Toscana,3729641,207582,5.57,0.79
1286,2021-04-02,TOS,31991,13572,18419,23707,8029,255,ITI,ITI1,9,Toscana,Toscana,3729641,239573,6.42,0.86
1287,2021-07-11,TOS,26120,12687,13433,9131,16822,167,ITI,ITI1,9,Toscana,Toscana,3729641,265693,7.12,0.7
1288,2021-06-24,TOS,29433,14610,14823,19303,9742,388,ITI,ITI1,9,Toscana,Toscana,3729641,295126,7.91,0.79
1289,2021-06-05,TOS,28439,13599,14840,20561,7614,264,ITI,ITI1,9,Toscana,Toscana,3729641,323565,8.68,0.76
1290,2021-01-11,TOS,5095,1691,3404,4996,0,99,ITI,ITI1,9,Toscana,Toscana,3729641,328660,8.81,0.14
1291,2021-04-21,TOS,29624,12679,16945,16853,12132,639,ITI,ITI1,9,Toscana,Toscana,3729641,358284,9.61,0.79
1292,2021-02-23,TOS,7723,3325,4398,7212,161,350,ITI,ITI1,9,Toscana,Toscana,3729641,366007,9.81,0.21
1293,2021-06-03,TOS,32052,15454,16598,27148,4582,322,ITI,ITI1,9,Toscana,Toscana,3729641,398059,10.67,0.86
1294,2021-01-16,TOS,3271,1046,2225,3213,0,58,ITI,ITI1,9,Toscana,Toscana,3729641,401330,10.76,0.09
1295,2021-04-26,TOS,10146,4933,5213,7455,2555,136,ITI,ITI1,9,Toscana,Toscana,3729641,411476,11.03,0.27
1296,2021-01-02,TOS,3498,1096,2402,3454,0,44,ITI,ITI1,9,Toscana,Toscana,3729641,414974,11.13,0.09
1297,2021-07-01,TOS,32042,15508,16534,10719,21056,267,ITI,ITI1,9,Toscana,Toscana,3729641,447016,11.99,0.86
1298,2021-03-26,TOS,20681,9392,11289,14709,5767,205,ITI,ITI1,9,Toscana,Toscana,3729641,467697,12.54,0.55
1299,2021-03-09,TOS,11134,4571,6563,5505,5553,76,ITI,ITI1,9,Toscana,Toscana,3729641,478831,12.84,0.3
1300,2021-04-09,TOS,24605,10583,14022,20749,3410,446,ITI,ITI1,9,Toscana,Toscana,3729641,503436,13.5,0.66
1301,2021-07-18,TOS,30357,15261,15096,8335,21814,208,ITI,ITI1,9,Toscana,Toscana,3729641,533793,14.31,0.81
1302,2021-06-17,TOS,32551,16674,15877,26673,5546,332,ITI,ITI1,9,Toscana,Toscana,3729641,566344,15.18,0.87
1303,2021-02-04,TOS,4253,1594,2659,934,3292,27,ITI,ITI1,9,Toscana,Toscana,3729641,570597,15.3,0.11
1304,2021-06-22,TOS,31022,15610,15412,22439,8209,374,ITI,ITI1,9,Toscana,Toscana,3729641,601619,16.13,0.83
1305,2021-05-17,TOS,29761,14873,14888,20552,8933,276,ITI,ITI1,9,Toscana,Toscana,3729641,631380,16.93,0.8
1306,2021-03-21,TOS,3295,1629,1666,1819,1433,43,ITI,ITI1,9,Toscana,Toscana,3729641,634675,17.02,0.09
1307,2021-01-23,TOS,3966,1360,2606,634,3326,6,ITI,ITI1,9,Toscana,Toscana,3729641,638641,17.12,0.11
1308,2021-06-29,TOS,37015,18023,18992,7983,28890,142,ITI,ITI1,9,Toscana,Toscana,3729641,675656,18.12,0.99
1309,2021-05-03,TOS,11930,5509,6421,10362,1321,247,ITI,ITI1,9,Toscana,Toscana,3729641,687586,18.44,0.32
1310,2021-06-10,TOS,26392,13539,12853,25507,544,341,ITI,ITI1,9,Toscana,Toscana,3729641,713978,19.14,0.71
1311,2021-05-24,TOS,33744,16717,17027,23886,9578,280,ITI,ITI1,9,Toscana,Toscana,3729641,747722,20.05,0.9
1312,2021-01-25,TOS,5127,1895,3232,242,4880,5,ITI,ITI1,9,Toscana,Toscana,3729641,752849,20.19,0.14
1313,2021-04-18,TOS,8360,4091,4269,7056,1029,275,ITI,ITI1,9,Toscana,Toscana,3729641,761209,20.41,0.22
1314,2021-01-21,TOS,1589,686,903,858,722,9,ITI,ITI1,9,Toscana,Toscana,3729641,762798,20.45,0.04
1315,2021-06-02,TOS,27594,13619,13975,21859,5507,228,ITI,ITI1,9,Toscana,Toscana,3729641,790392,21.19,0.74
1316,2021-04-06,TOS,22226,9824,12402,18089,3719,418,ITI,ITI1,9,Toscana,Toscana,3729641,812618,21.79,0.6
1317,2021-02-08,TOS,4099,1362,2737,3529,459,111,ITI,ITI1,9,Toscana,Toscana,3729641,816717,21.9,0.11
1318,2021-07-15,TOS,31206,15273,15933,8079,22888,239,ITI,ITI1,9,Toscana,Toscana,3729641,847923,22.73,0.84
1319,2021-05-19,TOS,27960,13579,14381,18642,9056,262,ITI,ITI1,9,Toscana,Toscana,3729641,875883,23.48,0.75
1320,2021-04-13,TOS,8488,3505,4983,5747,2458,283,ITI,ITI1,9,Toscana,Toscana,3729641,884371,23.71,0.23
1321,2021-07-25,TOS,33885,16760,17125,7064,26644,177,ITI,ITI1,9,Toscana,Toscana,3729641,918256,24.62,0.91
1322,2021-03-02,TOS,10599,3799,6800,7043,3444,112,ITI,ITI1,9,Toscana,Toscana,3729641,928855,24.9,0.28
1323,2021-01-04,TOS,5065,1895,3170,5000,0,65,ITI,ITI1,9,Toscana,Toscana,3729641,933920,25.04,0.14
1324,2021-04-14,TOS,20188,8349,11839,14530,5112,546,ITI,ITI1,9,Toscana,Toscana,3729641,954108,25.58,0.54
1325,2021-06-14,TOS,31795,16327,15468,27405,4109,281,ITI,ITI1,9,Toscana,Toscana,3729641,985903,26.43,0.85
1326,2021-01-09,TOS,4485,1596,2889,4419,0,66,ITI,ITI1,9,Toscana,Toscana,3729641,990388,26.55,0.12
1327,2021-03-18,TOS,9982,3985,5997,5868,3973,141,ITI,ITI1,9,Toscana,Toscana,3729641,1000370,26.82,0.27
1328,2021-06-26,TOS,34540,16757,17783,9993,24321,226,ITI,ITI1,9,Toscana,Toscana,3729641,1034910,27.75,0.93
1329,2021-02-16,TOS,9280,3340,5940,8328,721,231,ITI,ITI1,9,Toscana,Toscana,3729641,1044190,28.0,0.25
1330,2021-05-02,TOS,11176,4933,6243,8978,1964,234,ITI,ITI1,9,Toscana,Toscana,3729641,1055366,28.3,0.3
1331,2021-02-25,TOS,10633,4306,6327,9465,998,170,ITI,ITI1,9,Toscana,Toscana,3729641,1065999,28.58,0.29
1332,2021-03-07,TOS,5648,2357,3291,1992,3545,111,ITI,ITI1,9,Toscana,Toscana,3729641,1071647,28.73,0.15
1333,2021-07-20,TOS,37259,19064,18195,7959,29113,187,ITI,ITI1,9,Toscana,Toscana,3729641,1108906,29.73,1.0
1334,2021-03-28,TOS,6212,2808,3404,5875,254,83,ITI,ITI1,9,Toscana,Toscana,3729641,1115118,29.9,0.17
1335,2021-01-30,TOS,4622,1622,3000,179,4425,18,ITI,ITI1,9,Toscana,Toscana,3729641,1119740,30.02,0.12
1336,2021-07-06,TOS,25770,13025,12745,11045,14506,219,ITI,ITI1,9,Toscana,Toscana,3729641,1145510,30.71,0.69
1337,2021-05-10,TOS,26209,12401,13808,15234,10633,342,ITI,ITI1,9,Toscana,Toscana,3729641,1171719,31.42,0.7
1338,2021-03-14,TOS,7174,2569,4605,3147,3935,92,ITI,ITI1,9,Toscana,Toscana,3729641,1178893,31.61,0.19
1339,2021-05-15,TOS,29347,13853,15494,22860,5893,594,ITI,ITI1,9,Toscana,Toscana,3729641,1208240,32.4,0.79
1340,2021-04-28,TOS,19125,8181,10944,3460,15312,353,ITI,ITI1,9,Toscana,Toscana,3729641,1227365,32.91,0.51
1341,2021-02-18,TOS,8822,3285,5537,7742,896,184,ITI,ITI1,9,Toscana,Toscana,3729641,1236187,33.14,0.24
1342,2021-05-29,TOS,31569,15261,16308,23173,8169,227,ITI,ITI1,9,Toscana,Toscana,3729641,1267756,33.99,0.85
1343,2021-03-23,TOS,9430,4403,5027,6963,2276,191,ITI,ITI1,9,Toscana,Toscana,3729641,1277186,34.24,0.25
1344,2021-07-27,TOS,38474,20022,18452,11227,26922,325,ITI,ITI1,9,Toscana,Toscana,3729641,1315660,35.28,1.03
1345,2021-07-10,TOS,29290,14175,15115,7956,21152,182,ITI,ITI1,9,Toscana,Toscana,3729641,1344950,36.06,0.79
1346,2021-05-07,TOS,32145,14704,17441,11362,20174,609,ITI,ITI1,9,Toscana,Toscana,3729641,1377095,36.92,0.86
1347,2021-07-22,TOS,39232,19724,19508,4478,34591,163,ITI,ITI1,9,Toscana,Toscana,3729641,1416327,37.97,1.05
1348,2021-05-26,TOS,35598,17105,18493,20137,15205,256,ITI,ITI1,9,Toscana,Toscana,3729641,1451925,38.93,0.95
1349,2021-03-30,TOS,17024,7643,9381,13258,3568,198,ITI,ITI1,9,Toscana,Toscana,3729641,1468949,39.39,0.46
1350,2021-07-08,TOS,21053,10346,10707,9251,11562,240,ITI,ITI1,9,Toscana,Toscana,3729641,1490002,39.95,0.56
1351,2021-06-09,TOS,34824,17571,17253,33945,463,416,ITI,ITI1,9,Toscana,Toscana,3729641,1524826,40.88,0.93
1352,2021-04-04,TOS,13922,6609,7313,13504,253,165,ITI,ITI1,9,Toscana,Toscana,3729641,1538748,41.26,0.37
1353,2021-03-16,TOS,4901,1884,3017,2567,2253,81,ITI,ITI1,9,Toscana,Toscana,3729641,1543649,41.39,0.13
1354,2021-02-27,TOS,1984,756,1228,1007,902,75,ITI,ITI1,9,Toscana,Toscana,3729641,1545633,41.44,0.05
1355,2021-02-20,TOS,4640,1789,2851,3993,513,134,ITI,ITI1,9,Toscana,Toscana,3729641,1550273,41.57,0.12
1356,2021-05-31,TOS,30330,14637,15693,19261,10828,241,ITI,ITI1,9,Toscana,Toscana,3729641,1580603,42.38,0.81
1357,2021-05-14,TOS,33360,15436,17924,20017,12706,637,ITI,ITI1,9,Toscana,Toscana,3729641,1613963,43.27,0.89
1358,2021-02-06,TOS,4527,1550,2977,1262,3233,32,ITI,ITI1,9,Toscana,Toscana,3729641,1618490,43.4,0.12
1359,2021-07-17,TOS,27736,14330,13406,8964,18535,237,ITI,ITI1,9,Toscana,Toscana,3729641,1646226,44.14,0.74
1360,2021-06-11,TOS,29745,15486,14259,24735,4655,355,ITI,ITI1,9,Toscana,Toscana,3729641,1675971,44.94,0.8
1361,2021-04-15,TOS,24405,10197,14208,15300,8575,530,ITI,ITI1,9,Toscana,Toscana,3729641,1700376,45.59,0.65
1362,2021-02-17,TOS,8176,3170,5006,7303,752,121,ITI,ITI1,9,Toscana,Toscana,3729641,1708552,45.81,0.22
1363,2021-07-24,TOS,38405,19346,19059,6851,31329,225,ITI,ITI1,9,Toscana,Toscana,3729641,1746957,46.84,1.03
1364,2020-12-30,TOS,327,104,223,326,0,1,ITI,ITI1,9,Toscana,Toscana,3729641,1747284,46.85,0.01
1365,2021-05-12,TOS,34204,15576,18628,13582,20036,586,ITI,ITI1,9,Toscana,Toscana,3729641,1781488,47.77,0.92
1366,2021-01-18,TOS,1120,637,483,972,98,50,ITI,ITI1,9,Toscana,Toscana,3729641,1782608,47.8,0.03
1367,2021-02-01,TOS,5509,1958,3551,511,4988,10,ITI,ITI1,9,Toscana,Toscana,3729641,1788117,47.94,0.15
1368,2021-02-13,TOS,7786,2361,5425,7411,227,148,ITI,ITI1,9,Toscana,Toscana,3729641,1795903,48.15,0.21
1369,2021-01-08,TOS,5947,1643,4304,5854,0,93,ITI,ITI1,9,Toscana,Toscana,3729641,1801850,48.31,0.16
1370,2021-07-12,TOS,28256,13987,14269,9666,18296,294,ITI,ITI1,9,Toscana,Toscana,3729641,1830106,49.07,0.76
1371,2020-12-27,TOS,620,267,353,615,0,5,ITI,ITI1,9,Toscana,Toscana,3729641,1830726,49.09,0.02
1372,2021-01-03,TOS,3336,1052,2284,3290,0,46,ITI,ITI1,9,Toscana,Toscana,3729641,1834062,49.18,0.09
1373,2021-02-15,TOS,8770,3376,5394,7771,826,173,ITI,ITI1,9,Toscana,Toscana,3729641,1842832,49.41,0.24
1374,2021-02-22,TOS,9819,4254,5565,9166,277,376,ITI,ITI1,9,Toscana,Toscana,3729641,1852651,49.67,0.26
1375,2021-06-07,TOS,34945,17144,17801,30968,3646,331,ITI,ITI1,9,Toscana,Toscana,3729641,1887596,50.61,0.94
1376,2021-05-21,TOS,28923,13479,15444,17221,11447,255,ITI,ITI1,9,Toscana,Toscana,3729641,1916519,51.39,0.78
1377,2021-03-01,TOS,4474,1734,2740,767,3641,66,ITI,ITI1,9,Toscana,Toscana,3729641,1920993,51.51,0.12
1378,2021-05-23,TOS,28421,13663,14758,25592,2560,269,ITI,ITI1,9,Toscana,Toscana,3729641,1949414,52.27,0.76
1379,2021-07-26,TOS,38164,19804,18360,10084,27779,301,ITI,ITI1,9,Toscana,Toscana,3729641,1987578,53.29,1.02
1380,2021-02-10,TOS,4264,1282,2982,3585,523,156,ITI,ITI1,9,Toscana,Toscana,3729641,1991842,53.41,0.11
1381,2021-05-04,TOS,18317,8217,10100,12418,5454,445,ITI,ITI1,9,Toscana,Toscana,3729641,2010159,53.9,0.49
1382,2021-01-01,TOS,2370,788,1582,2325,0,45,ITI,ITI1,9,Toscana,Toscana,3729641,2012529,53.96,0.06
1383,2021-04-11,TOS,3646,1681,1965,3336,155,155,ITI,ITI1,9,Toscana,Toscana,3729641,2016175,54.06,0.1
1384,2021-07-03,TOS,29389,14808,14581,11856,17159,374,ITI,ITI1,9,Toscana,Toscana,3729641,2045564,54.85,0.79
1385,2021-03-06,TOS,7110,2852,4258,2829,4196,85,ITI,ITI1,9,Toscana,Toscana,3729641,2052674,55.04,0.19
1386,2021-02-03,TOS,4222,1452,2770,237,3981,4,ITI,ITI1,9,Toscana,Toscana,3729641,2056896,55.15,0.11
1387,2021-01-15,TOS,3879,1348,2531,3819,0,60,ITI,ITI1,9,Toscana,Toscana,3729641,2060775,55.25,0.1
1388,2021-04-27,TOS,10356,4917,5439,3663,6489,204,ITI,ITI1,9,Toscana,Toscana,3729641,2071131,55.53,0.28
1389,2021-07-19,TOS,37989,18936,19053,8838,28887,264,ITI,ITI1,9,Toscana,Toscana,3729641,2109120,56.55,1.02
1390,2021-05-28,TOS,30116,13946,16170,17421,12468,227,ITI,ITI1,9,Toscana,Toscana,3729641,2139236,57.36,0.81
1391,2021-04-22,TOS,35705,15295,20410,17386,17490,829,ITI,ITI1,9,Toscana,Toscana,3729641,2174941,58.32,0.96
1392,2021-02-24,TOS,10371,4467,5904,10035,197,139,ITI,ITI1,9,Toscana,Toscana,3729641,2185312,58.59,0.28
1393,2021-06-04,TOS,28318,13434,14884,20260,7796,262,ITI,ITI1,9,Toscana,Toscana,3729641,2213630,59.35,0.76
1394,2021-04-08,TOS,29686,12558,17128,22933,6387,366,ITI,ITI1,9,Toscana,Toscana,3729641,2243316,60.15,0.8
1395,2021-06-18,TOS,30789,16248,14541,24991,5402,396,ITI,ITI1,9,Toscana,Toscana,3729641,2274105,60.97,0.83
1396,2021-03-25,TOS,23902,10378,13524,15294,8355,253,ITI,ITI1,9,Toscana,Toscana,3729641,2298007,61.61,0.64
1397,2021-04-12,TOS,2623,1191,1432,1800,654,169,ITI,ITI1,9,Toscana,Toscana,3729641,2300630,61.69,0.07
1398,2021-07-21,TOS,38432,19605,18827,7317,30885,230,ITI,ITI1,9,Toscana,Toscana,3729641,2339062,62.72,1.03
1399,2021-05-08,TOS,29150,13113,16037,13277,15473,400,ITI,ITI1,9,Toscana,Toscana,3729641,2368212,63.5,0.78
1400,2021-03-12,TOS,16979,6617,10362,13264,3527,188,ITI,ITI1,9,Toscana,Toscana,3729641,2385191,63.95,0.46
1401,2021-01-14,TOS,3255,1179,2076,3219,0,36,ITI,ITI1,9,Toscana,Toscana,3729641,2388446,64.04,0.09
1402,2021-06-20,TOS,25175,12485,12690,15420,9517,238,ITI,ITI1,9,Toscana,Toscana,3729641,2413621,64.71,0.67
1403,2021-04-24,TOS,13436,6168,7268,5619,7448,369,ITI,ITI1,9,Toscana,Toscana,3729641,2427057,65.07,0.36
1404,2021-06-27,TOS,33295,16072,17223,5922,27245,128,ITI,ITI1,9,Toscana,Toscana,3729641,2460352,65.97,0.89
1405,2021-05-01,TOS,23331,10069,13262,13741,9205,385,ITI,ITI1,9,Toscana,Toscana,3729641,2483683,66.59,0.63
1406,2021-03-05,TOS,16878,6689,10189,11943,4755,180,ITI,ITI1,9,Toscana,Toscana,3729641,2500561,67.05,0.45
1407,2021-06-13,TOS,24615,12352,12263,22608,1659,348,ITI,ITI1,9,Toscana,Toscana,3729641,2525176,67.71,0.66
1408,2021-06-28,TOS,37673,18126,19547,8436,29072,165,ITI,ITI1,9,Toscana,Toscana,3729641,2562849,68.72,1.01
1409,2021-01-20,TOS,1332,638,694,1021,248,63,ITI,ITI1,9,Toscana,Toscana,3729641,2564181,68.75,0.04
1410,2021-04-30,TOS,40211,17797,22414,19664,19902,645,ITI,ITI1,9,Toscana,Toscana,3729641,2604392,69.83,1.08
1411,2021-04-25,TOS,11059,5249,5810,8757,2141,161,ITI,ITI1,9,Toscana,Toscana,3729641,2615451,70.13,0.3
1412,2021-01-13,TOS,4062,1398,2664,3998,0,64,ITI,ITI1,9,Toscana,Toscana,3729641,2619513,70.23,0.11
1413,2021-04-23,TOS,25660,11424,14236,8810,16319,531,ITI,ITI1,9,Toscana,Toscana,3729641,2645173,70.92,0.69
1414,2021-03-20,TOS,6587,2978,3609,5361,1136,90,ITI,ITI1,9,Toscana,Toscana,3729641,2651760,71.1,0.18
1415,2021-01-22,TOS,2866,1064,1802,525,2338,3,ITI,ITI1,9,Toscana,Toscana,3729641,2654626,71.18,0.08
1416,2021-07-07,TOS,25632,12604,13028,9339,16109,184,ITI,ITI1,9,Toscana,Toscana,3729641,2680258,71.86,0.69
1417,2021-04-01,TOS,27070,11239,15831,16159,10670,241,ITI,ITI1,9,Toscana,Toscana,3729641,2707328,72.59,0.73
1418,2021-03-15,TOS,8699,3646,5053,4086,4443,170,ITI,ITI1,9,Toscana,Toscana,3729641,2716027,72.82,0.23
1419,2021-06-23,TOS,31523,15278,16245,19796,11376,351,ITI,ITI1,9,Toscana,Toscana,3729641,2747550,73.67,0.85
1420,2021-01-10,TOS,3002,1105,1897,2947,0,55,ITI,ITI1,9,Toscana,Toscana,3729641,2750552,73.75,0.08
1421,2021-04-20,TOS,18161,8110,10051,12220,5577,364,ITI,ITI1,9,Toscana,Toscana,3729641,2768713,74.24,0.49
1422,2021-04-03,TOS,15016,6646,8370,13674,1126,216,ITI,ITI1,9,Toscana,Toscana,3729641,2783729,74.64,0.4
1423,2021-01-27,TOS,4835,1573,3262,201,4629,5,ITI,ITI1,9,Toscana,Toscana,3729641,2788564,74.77,0.13
1424,2021-01-17,TOS,2536,871,1665,1987,514,35,ITI,ITI1,9,Toscana,Toscana,3729641,2791100,74.84,0.07
1425,2021-07-05,TOS,30507,15079,15428,10341,19938,228,ITI,ITI1,9,Toscana,Toscana,3729641,2821607,75.65,0.82
1426,2021-03-08,TOS,6708,2946,3762,1844,4820,44,ITI,ITI1,9,Toscana,Toscana,3729641,2828315,75.83,0.18
1427,2021-06-16,TOS,31760,16259,15501,26265,5179,316,ITI,ITI1,9,Toscana,Toscana,3729641,2860075,76.68,0.85
1428,2021-05-30,TOS,28690,13949,14741,21499,6949,242,ITI,ITI1,9,Toscana,Toscana,3729641,2888765,77.45,0.77
1429,2021-07-04,TOS,31511,15296,16215,9366,21858,287,ITI,ITI1,9,Toscana,Toscana,3729641,2920276,78.3,0.84
1430,2020-12-31,TOS,802,201,601,798,0,4,ITI,ITI1,9,Toscana,Toscana,3729641,2921078,78.32,0.02
1431,2021-04-10,TOS,11738,5359,6379,10757,743,238,ITI,ITI1,9,Toscana,Toscana,3729641,2932816,78.64,0.31
1432,2021-02-12,TOS,7618,2694,4924,7292,213,113,ITI,ITI1,9,Toscana,Toscana,3729641,2940434,78.84,0.2
1433,2021-07-28,TOS,14468,7438,7030,4158,10218,92,ITI,ITI1,9,Toscana,Toscana,3729641,2954902,79.23,0.39
1434,2021-01-26,TOS,5393,1792,3601,216,5173,4,ITI,ITI1,9,Toscana,Toscana,3729641,2960295,79.37,0.14
1435,2021-05-06,TOS,31349,13636,17713,13470,17190,689,ITI,ITI1,9,Toscana,Toscana,3729641,2991644,80.21,0.84
1436,2021-04-19,TOS,9098,4511,4587,7749,1032,317,ITI,ITI1,9,Toscana,Toscana,3729641,3000742,80.46,0.24
1437,2021-04-17,TOS,20539,9208,11331,17914,2137,488,ITI,ITI1,9,Toscana,Toscana,3729641,3021281,81.01,0.55
1438,2021-01-24,TOS,3350,1073,2277,198,3149,3,ITI,ITI1,9,Toscana,Toscana,3729641,3024631,81.1,0.09
1439,2021-01-07,TOS,6018,1751,4267,5932,0,86,ITI,ITI1,9,Toscana,Toscana,3729641,3030649,81.26,0.16
1440,2021-03-03,TOS,18229,6540,11689,14496,3606,127,ITI,ITI1,9,Toscana,Toscana,3729641,3048878,81.75,0.49
1441,2021-01-05,TOS,5249,1755,3494,5193,0,56,ITI,ITI1,9,Toscana,Toscana,3729641,3054127,81.89,0.14
1442,2021-01-19,TOS,1106,533,573,1064,0,42,ITI,ITI1,9,Toscana,Toscana,3729641,3055233,81.92,0.03
1443,2021-02-19,TOS,8292,2952,5340,7599,513,180,ITI,ITI1,9,Toscana,Toscana,3729641,3063525,82.14,0.22
1444,2021-03-17,TOS,11423,4588,6835,6800,4529,94,ITI,ITI1,9,Toscana,Toscana,3729641,3074948,82.45,0.31
1445,2021-06-25,TOS,33618,16805,16813,12110,21233,275,ITI,ITI1,9,Toscana,Toscana,3729641,3108566,83.35,0.9
1446,2021-06-08,TOS,32592,16718,15874,31746,489,357,ITI,ITI1,9,Toscana,Toscana,3729641,3141158,84.22,0.87
1447,2021-02-26,TOS,10082,3835,6247,8658,1206,218,ITI,ITI1,9,Toscana,Toscana,3729641,3151240,84.49,0.27
1448,2021-06-06,TOS,28309,13656,14653,22587,5363,359,ITI,ITI1,9,Toscana,Toscana,3729641,3179549,85.25,0.76
1449,2021-03-27,TOS,8865,4155,4710,8512,215,138,ITI,ITI1,9,Toscana,Toscana,3729641,3188414,85.49,0.24
1450,2021-06-30,TOS,38251,18504,19747,8453,29585,213,ITI,ITI1,9,Toscana,Toscana,3729641,3226665,86.51,1.03
1451,2021-02-14,TOS,9000,2569,6431,8737,110,153,ITI,ITI1,9,Toscana,Toscana,3729641,3235665,86.76,0.24
1452,2021-05-25,TOS,34183,16502,17681,19280,14630,273,ITI,ITI1,9,Toscana,Toscana,3729641,3269848,87.67,0.92
1453,2021-03-29,TOS,9697,4850,4847,9215,348,134,ITI,ITI1,9,Toscana,Toscana,3729641,3279545,87.93,0.26
1454,2021-01-12,TOS,3581,1398,2183,3508,0,73,ITI,ITI1,9,Toscana,Toscana,3729641,3283126,88.03,0.1
1455,2021-05-27,TOS,28356,13199,15157,13272,14862,222,ITI,ITI1,9,Toscana,Toscana,3729641,3311482,88.79,0.76
1456,2021-03-31,TOS,32722,13261,19461,20212,12172,338,ITI,ITI1,9,Toscana,Toscana,3729641,3344204,89.67,0.88
1457,2021-07-09,TOS,29100,14095,15005,7694,21214,192,ITI,ITI1,9,Toscana,Toscana,3729641,3373304,90.45,0.78
1458,2021-03-22,TOS,5254,2766,2488,4675,446,133,ITI,ITI1,9,Toscana,Toscana,3729641,3378558,90.59,0.14
1459,2021-05-13,TOS,35122,15521,19601,13203,21281,638,ITI,ITI1,9,Toscana,Toscana,3729641,3413680,91.53,0.94
1460,2021-04-29,TOS,39321,17714,21607,18574,20091,656,ITI,ITI1,9,Toscana,Toscana,3729641,3453001,92.58,1.05
1461,2021-03-24,TOS,20021,8306,11715,10419,9460,142,ITI,ITI1,9,Toscana,Toscana,3729641,3473022,93.12,0.54
1462,2021-02-21,TOS,5105,2089,3016,4731,170,204,ITI,ITI1,9,Toscana,Toscana,3729641,3478127,93.26,0.14
1463,2021-06-01,TOS,26950,13394,13556,22869,3836,245,ITI,ITI1,9,Toscana,Toscana,3729641,3505077,93.98,0.72
1464,2021-07-02,TOS,28201,14143,14058,10809,17112,280,ITI,ITI1,9,Toscana,Toscana,3729641,3533278,94.74,0.76
1465,2021-06-15,TOS,31201,16061,15140,26297,4571,333,ITI,ITI1,9,Toscana,Toscana,3729641,3564479,95.57,0.84
1466,2021-03-10,TOS,18379,7413,10966,14256,4018,105,ITI,ITI1,9,Toscana,Toscana,3729641,3582858,96.06,0.49
1467,2021-02-02,TOS,3742,1475,2267,189,3546,7,ITI,ITI1,9,Toscana,Toscana,3729641,3586600,96.16,0.1
1468,2021-03-04,TOS,17849,6952,10897,14612,3082,155,ITI,ITI1,9,Toscana,Toscana,3729641,3604449,96.64,0.48
1469,2021-06-21,TOS,31180,15478,15702,18136,12788,256,ITI,ITI1,9,Toscana,Toscana,3729641,3635629,97.48,0.84
1470,2021-01-06,TOS,4519,1460,3059,4467,0,52,ITI,ITI1,9,Toscana,Toscana,3729641,3640148,97.6,0.12
1471,2021-03-11,TOS,15901,6351,9550,12394,3331,176,ITI,ITI1,9,Toscana,Toscana,3729641,3656049,98.03,0.43
1472,2021-06-19,TOS,26489,13912,12577,21382,4779,328,ITI,ITI1,9,Toscana,Toscana,3729641,3682538,98.74,0.71
1473,2021-02-05,TOS,5750,2245,3505,1890,3826,34,ITI,ITI1,9,Toscana,Toscana,3729641,3688288,98.89,0.15
1474,2021-05-16,TOS,26676,12886,13790,23913,2467,296,ITI,ITI1,9,Toscana,Toscana,3729641,3714964,99.61,0.72
1475,2021-05-11,TOS,27948,12984,14964,12100,15471,377,ITI,ITI1,9,Toscana,Toscana,3729641,3742912,100.36,0.75
1476,2021-03-13,TOS,9288,3310,5978,5170,3964,154,ITI,ITI1,9,Toscana,Toscana,3729641,3752200,100.6,0.25
1477,2021-07-14,TOS,28808,14230,14578,8572,19989,247,ITI,ITI1,9,Toscana,Toscana,3729641,3781008,101.38,0.77
1478,2021-01-29,TOS,6144,1700,4444,292,5840,12,ITI,ITI1,9,Toscana,Toscana,3729641,3787152,101.54,0.16
1479,2021-05-09,TOS,22535,9769,12766,9414,12860,261,ITI,ITI1,9,Toscana,Toscana,3729641,3809687,102.15,0.6
1480,2021-07-16,TOS,27654,14034,13620,7709,19702,243,ITI,ITI1,9,Toscana,Toscana,3729641,3837341,102.89,0.74
1481,2021-05-20,TOS,29762,13911,15851,18639,10841,282,ITI,ITI1,9,Toscana,Toscana,3729641,3867103,103.69,0.8
1482,2021-01-31,TOS,3051,1130,1921,103,2945,3,ITI,ITI1,9,Toscana,Toscana,3729641,3870154,103.77,0.08
1483,2021-04-05,TOS,15286,6826,8460,14369,737,180,ITI,ITI1,9,Toscana,Toscana,3729641,3885440,104.18,0.41
1484,2021-02-07,TOS,2808,954,1854,867,1921,20,ITI,ITI1,9,Toscana,Toscana,3729641,3888248,104.25,0.08
1485,2021-07-23,TOS,38373,19258,19115,4368,33854,151,ITI,ITI1,9,Toscana,Toscana,3729641,3926621,105.28,1.03
1486,2021-05-18,TOS,28836,14274,14562,19757,8826,253,ITI,ITI1,9,Toscana,Toscana,3729641,3955457,106.05,0.77
1487,2021-05-26,LAZ,47595,21872,25723,34826,12121,648,ITI,ITI4,12,Lazio,Lazio,5879082,47595,0.81,0.81
1488,2021-03-04,LAZ,19429,8731,10698,14174,5020,235,ITI,ITI4,12,Lazio,Lazio,5879082,67024,1.14,0.33
1489,2021-06-12,LAZ,69893,32096,37797,39876,29388,629,ITI,ITI4,12,Lazio,Lazio,5879082,136917,2.33,1.19
1490,2021-06-14,LAZ,63050,29539,33511,32322,30175,553,ITI,ITI4,12,Lazio,Lazio,5879082,199967,3.4,1.07
1491,2021-03-21,LAZ,18251,7183,11068,13010,5052,189,ITI,ITI4,12,Lazio,Lazio,5879082,218218,3.71,0.31
1492,2020-12-30,LAZ,1631,630,1001,1620,0,11,ITI,ITI4,12,Lazio,Lazio,5879082,219849,3.74,0.03
1493,2021-06-26,LAZ,56172,26471,29701,24700,30897,575,ITI,ITI4,12,Lazio,Lazio,5879082,276021,4.69,0.96
1494,2021-04-30,LAZ,41443,18369,23074,26526,14264,653,ITI,ITI4,12,Lazio,Lazio,5879082,317464,5.4,0.7
1495,2021-06-19,LAZ,66451,31321,35130,35268,30379,804,ITI,ITI4,12,Lazio,Lazio,5879082,383915,6.53,1.13
1496,2021-07-22,LAZ,61010,30477,30533,28475,31048,1487,ITI,ITI4,12,Lazio,Lazio,5879082,444925,7.57,1.04
1497,2021-05-17,LAZ,44583,20418,24165,35583,8595,405,ITI,ITI4,12,Lazio,Lazio,5879082,489508,8.33,0.76
1498,2021-02-06,LAZ,6222,2537,3685,892,5324,6,ITI,ITI4,12,Lazio,Lazio,5879082,495730,8.43,0.11
1499,2021-02-18,LAZ,10021,4976,5045,9097,817,107,ITI,ITI4,12,Lazio,Lazio,5879082,505751,8.6,0.17
1500,2021-05-12,LAZ,47581,21597,25984,30269,16670,642,ITI,ITI4,12,Lazio,Lazio,5879082,553332,9.41,0.81
1501,2021-02-01,LAZ,5679,2181,3498,353,5325,1,ITI,ITI4,12,Lazio,Lazio,5879082,559011,9.51,0.1
1502,2021-07-15,LAZ,44904,21983,22921,6708,37792,404,ITI,ITI4,12,Lazio,Lazio,5879082,603915,10.27,0.76
1503,2021-01-13,LAZ,5697,2153,3544,5535,0,162,ITI,ITI4,12,Lazio,Lazio,5879082,609612,10.37,0.1
1504,2021-04-23,LAZ,37859,18239,19620,22111,15297,451,ITI,ITI4,12,Lazio,Lazio,5879082,647471,11.01,0.64
1505,2021-02-20,LAZ,9206,4271,4935,8361,774,71,ITI,ITI4,12,Lazio,Lazio,5879082,656677,11.17,0.16
1506,2021-05-31,LAZ,51755,23043,28712,30862,19872,1021,ITI,ITI4,12,Lazio,Lazio,5879082,708432,12.05,0.88
1507,2021-04-04,LAZ,17603,8172,9431,12224,5268,111,ITI,ITI4,12,Lazio,Lazio,5879082,726035,12.35,0.3
1508,2021-03-30,LAZ,26970,13111,13859,19469,7153,348,ITI,ITI4,12,Lazio,Lazio,5879082,753005,12.81,0.46
1509,2021-07-08,LAZ,64190,31502,32688,28171,35369,650,ITI,ITI4,12,Lazio,Lazio,5879082,817195,13.9,1.09
1510,2021-07-27,LAZ,56063,27200,28863,7999,47751,313,ITI,ITI4,12,Lazio,Lazio,5879082,873258,14.85,0.95
1511,2021-04-18,LAZ,23819,10583,13236,15891,7657,271,ITI,ITI4,12,Lazio,Lazio,5879082,897077,15.26,0.41
1512,2021-04-16,LAZ,34460,15714,18746,21963,12115,382,ITI,ITI4,12,Lazio,Lazio,5879082,931537,15.84,0.59
1513,2021-01-23,LAZ,7214,2869,4345,585,6629,0,ITI,ITI4,12,Lazio,Lazio,5879082,938751,15.97,0.12
1514,2021-01-06,LAZ,5124,1963,3161,5004,0,120,ITI,ITI4,12,Lazio,Lazio,5879082,943875,16.05,0.09
1515,2021-02-25,LAZ,12778,5595,7183,11415,1180,183,ITI,ITI4,12,Lazio,Lazio,5879082,956653,16.27,0.22
1516,2021-03-16,LAZ,13544,5740,7804,7020,6444,80,ITI,ITI4,12,Lazio,Lazio,5879082,970197,16.5,0.23
1517,2021-03-09,LAZ,21978,9930,12048,16428,5200,350,ITI,ITI4,12,Lazio,Lazio,5879082,992175,16.88,0.37
1518,2021-01-11,LAZ,5543,2110,3433,5398,0,145,ITI,ITI4,12,Lazio,Lazio,5879082,997718,16.97,0.09
1519,2021-07-01,LAZ,48411,23132,25279,7170,41035,206,ITI,ITI4,12,Lazio,Lazio,5879082,1046129,17.79,0.82
1520,2021-04-09,LAZ,27671,12587,15084,19122,8264,285,ITI,ITI4,12,Lazio,Lazio,5879082,1073800,18.26,0.47
1521,2021-03-23,LAZ,25387,11921,13466,18445,6601,341,ITI,ITI4,12,Lazio,Lazio,5879082,1099187,18.7,0.43
1522,2021-02-15,LAZ,8035,3546,4489,7310,641,84,ITI,ITI4,12,Lazio,Lazio,5879082,1107222,18.83,0.14
1523,2021-01-29,LAZ,8051,3083,4968,815,7234,2,ITI,ITI4,12,Lazio,Lazio,5879082,1115273,18.97,0.14
1524,2021-05-07,LAZ,48275,22633,25642,30090,17778,407,ITI,ITI4,12,Lazio,Lazio,5879082,1163548,19.79,0.82
1525,2021-03-11,LAZ,25379,11971,13408,18803,6234,342,ITI,ITI4,12,Lazio,Lazio,5879082,1188927,20.22,0.43
1526,2021-07-03,LAZ,53187,25045,28142,4643,48408,136,ITI,ITI4,12,Lazio,Lazio,5879082,1242114,21.13,0.9
1527,2021-02-03,LAZ,6492,2490,4002,959,5526,7,ITI,ITI4,12,Lazio,Lazio,5879082,1248606,21.24,0.11
1528,2021-01-20,LAZ,4816,1950,2866,3268,1544,4,ITI,ITI4,12,Lazio,Lazio,5879082,1253422,21.32,0.08
1529,2021-02-11,LAZ,6999,3011,3988,6441,533,25,ITI,ITI4,12,Lazio,Lazio,5879082,1260421,21.44,0.12
1530,2021-04-11,LAZ,19173,8488,10685,13123,5888,162,ITI,ITI4,12,Lazio,Lazio,5879082,1279594,21.77,0.33
1531,2021-02-13,LAZ,6613,2627,3986,6148,419,46,ITI,ITI4,12,Lazio,Lazio,5879082,1286207,21.88,0.11
1532,2021-07-20,LAZ,63253,31569,31684,28444,33644,1165,ITI,ITI4,12,Lazio,Lazio,5879082,1349460,22.95,1.08
1533,2021-05-24,LAZ,43993,20173,23820,33544,9786,663,ITI,ITI4,12,Lazio,Lazio,5879082,1393453,23.7,0.75
1534,2021-01-03,LAZ,5254,1973,3281,5195,0,59,ITI,ITI4,12,Lazio,Lazio,5879082,1398707,23.79,0.09
1535,2021-04-13,LAZ,25797,11962,13835,17682,7722,393,ITI,ITI4,12,Lazio,Lazio,5879082,1424504,24.23,0.44
1536,2021-01-30,LAZ,7016,2896,4120,810,6205,1,ITI,ITI4,12,Lazio,Lazio,5879082,1431520,24.35,0.12
1537,2021-07-19,LAZ,63043,30991,32052,28309,33647,1087,ITI,ITI4,12,Lazio,Lazio,5879082,1494563,25.42,1.07
1538,2021-01-15,LAZ,6592,2715,3877,6422,0,170,ITI,ITI4,12,Lazio,Lazio,5879082,1501155,25.53,0.11
1539,2021-04-25,LAZ,24531,11257,13274,16426,7823,282,ITI,ITI4,12,Lazio,Lazio,5879082,1525686,25.95,0.42
1540,2021-03-28,LAZ,19190,7831,11359,13543,5311,336,ITI,ITI4,12,Lazio,Lazio,5879082,1544876,26.28,0.33
1541,2021-06-09,LAZ,70401,33317,37084,35965,33807,629,ITI,ITI4,12,Lazio,Lazio,5879082,1615277,27.47,1.2
1542,2021-05-19,LAZ,47235,21685,25550,36502,10126,607,ITI,ITI4,12,Lazio,Lazio,5879082,1662512,28.28,0.8
1543,2021-01-04,LAZ,7487,2910,4577,7383,0,104,ITI,ITI4,12,Lazio,Lazio,5879082,1669999,28.41,0.13
1544,2021-06-24,LAZ,63958,30513,33445,28605,34709,644,ITI,ITI4,12,Lazio,Lazio,5879082,1733957,29.49,1.09
1545,2021-06-07,LAZ,62591,29289,33302,32695,29310,586,ITI,ITI4,12,Lazio,Lazio,5879082,1796548,30.56,1.06
1546,2021-06-21,LAZ,61944,28769,33175,28485,32857,602,ITI,ITI4,12,Lazio,Lazio,5879082,1858492,31.61,1.05
1547,2021-03-13,LAZ,21814,8741,13073,15687,5894,233,ITI,ITI4,12,Lazio,Lazio,5879082,1880306,31.98,0.37
1548,2021-01-25,LAZ,8117,3249,4868,775,7342,0,ITI,ITI4,12,Lazio,Lazio,5879082,1888423,32.12,0.14
1549,2021-05-05,LAZ,46828,21488,25340,30417,15853,558,ITI,ITI4,12,Lazio,Lazio,5879082,1935251,32.92,0.8
1550,2021-03-02,LAZ,17193,7611,9582,13094,3936,163,ITI,ITI4,12,Lazio,Lazio,5879082,1952444,33.21,0.29
1551,2021-01-18,LAZ,6272,2561,3711,5166,980,126,ITI,ITI4,12,Lazio,Lazio,5879082,1958716,33.32,0.11
1552,2021-04-28,LAZ,32952,15039,17913,20977,11585,390,ITI,ITI4,12,Lazio,Lazio,5879082,1991668,33.88,0.56
1553,2021-06-05,LAZ,66294,32662,33632,42878,22756,660,ITI,ITI4,12,Lazio,Lazio,5879082,2057962,35.0,1.13
1554,2021-02-17,LAZ,9192,4605,4587,8240,883,69,ITI,ITI4,12,Lazio,Lazio,5879082,2067154,35.16,0.16
1555,2021-05-28,LAZ,57201,26587,30614,43098,13316,787,ITI,ITI4,12,Lazio,Lazio,5879082,2124355,36.13,0.97
1556,2021-03-06,LAZ,18360,7085,11275,13886,4257,217,ITI,ITI4,12,Lazio,Lazio,5879082,2142715,36.45,0.31
1557,2021-05-14,LAZ,51563,23561,28002,32544,18357,662,ITI,ITI4,12,Lazio,Lazio,5879082,2194278,37.32,0.88
1558,2021-03-18,LAZ,14225,6078,8147,7750,6392,83,ITI,ITI4,12,Lazio,Lazio,5879082,2208503,37.57,0.24
1559,2021-04-06,LAZ,24496,11198,13298,17061,7117,318,ITI,ITI4,12,Lazio,Lazio,5879082,2232999,37.98,0.42
1560,2020-12-27,LAZ,274,132,142,274,0,0,ITI,ITI4,12,Lazio,Lazio,5879082,2233273,37.99,0.0
1561,2021-03-20,LAZ,19200,7644,11556,13054,5885,261,ITI,ITI4,12,Lazio,Lazio,5879082,2252473,38.31,0.33
1562,2021-07-17,LAZ,43825,22101,21724,2163,41558,104,ITI,ITI4,12,Lazio,Lazio,5879082,2296298,39.06,0.75
1563,2021-06-30,LAZ,62945,29601,33344,29767,32644,534,ITI,ITI4,12,Lazio,Lazio,5879082,2359243,40.13,1.07
1564,2021-02-08,LAZ,9744,4155,5589,4507,5235,2,ITI,ITI4,12,Lazio,Lazio,5879082,2368987,40.3,0.17
1565,2021-05-02,LAZ,32646,14341,18305,22816,9369,461,ITI,ITI4,12,Lazio,Lazio,5879082,2401633,40.85,0.56
1566,2021-01-22,LAZ,4009,1639,2370,495,3514,0,ITI,ITI4,12,Lazio,Lazio,5879082,2405642,40.92,0.07
1567,2021-02-27,LAZ,11506,4325,7181,10333,1036,137,ITI,ITI4,12,Lazio,Lazio,5879082,2417148,41.11,0.2
1568,2021-03-27,LAZ,26449,10763,15686,19424,6480,545,ITI,ITI4,12,Lazio,Lazio,5879082,2443597,41.56,0.45
1569,2021-07-05,LAZ,61439,29540,31899,25575,34817,1047,ITI,ITI4,12,Lazio,Lazio,5879082,2505036,42.61,1.05
1570,2021-05-23,LAZ,47144,22879,24265,39089,7396,659,ITI,ITI4,12,Lazio,Lazio,5879082,2552180,43.41,0.8
1571,2021-05-09,LAZ,37549,17263,20286,25823,11278,448,ITI,ITI4,12,Lazio,Lazio,5879082,2589729,44.05,0.64
1572,2021-07-12,LAZ,41270,20611,20659,5858,35188,224,ITI,ITI4,12,Lazio,Lazio,5879082,2630999,44.75,0.7
1573,2021-05-16,LAZ,50970,24547,26423,36939,13494,537,ITI,ITI4,12,Lazio,Lazio,5879082,2681969,45.62,0.87
1574,2021-06-28,LAZ,58923,28165,30758,27527,30972,424,ITI,ITI4,12,Lazio,Lazio,5879082,2740892,46.62,1.0
1575,2021-02-12,LAZ,6854,2854,4000,6351,421,82,ITI,ITI4,12,Lazio,Lazio,5879082,2747746,46.74,0.12
1576,2021-04-01,LAZ,29702,14094,15608,22181,7143,378,ITI,ITI4,12,Lazio,Lazio,5879082,2777448,47.24,0.51
1577,2021-07-10,LAZ,70946,35595,35351,25032,45286,628,ITI,ITI4,12,Lazio,Lazio,5879082,2848394,48.45,1.21
1578,2021-07-24,LAZ,30633,15441,15192,3211,27284,138,ITI,ITI4,12,Lazio,Lazio,5879082,2879027,48.97,0.52
1579,2021-06-23,LAZ,62287,29328,32959,28431,33369,487,ITI,ITI4,12,Lazio,Lazio,5879082,2941314,50.03,1.06
1580,2021-04-15,LAZ,31962,14317,17645,20699,10817,446,ITI,ITI4,12,Lazio,Lazio,5879082,2973276,50.57,0.54
1581,2021-02-10,LAZ,8201,3411,4790,4845,3351,5,ITI,ITI4,12,Lazio,Lazio,5879082,2981477,50.71,0.14
1582,2021-05-21,LAZ,52048,25034,27014,37261,14081,706,ITI,ITI4,12,Lazio,Lazio,5879082,3033525,51.6,0.89
1583,2021-01-31,LAZ,4463,1856,2607,478,3984,1,ITI,ITI4,12,Lazio,Lazio,5879082,3037988,51.67,0.08
1584,2021-05-11,LAZ,48339,22196,26143,31186,16556,597,ITI,ITI4,12,Lazio,Lazio,5879082,3086327,52.5,0.82
1585,2021-03-25,LAZ,29378,13634,15744,22299,6619,460,ITI,ITI4,12,Lazio,Lazio,5879082,3115705,53.0,0.5
1586,2021-01-27,LAZ,6120,2389,3731,1003,5117,0,ITI,ITI4,12,Lazio,Lazio,5879082,3121825,53.1,0.1
1587,2021-06-01,LAZ,49091,23677,25414,30081,18547,463,ITI,ITI4,12,Lazio,Lazio,5879082,3170916,53.94,0.84
1588,2021-04-05,LAZ,19885,9102,10783,13550,6182,153,ITI,ITI4,12,Lazio,Lazio,5879082,3190801,54.27,0.34
1589,2021-07-28,LAZ,24969,12487,12482,2749,22116,104,ITI,ITI4,12,Lazio,Lazio,5879082,3215770,54.7,0.42
1590,2021-05-25,LAZ,47569,22327,25242,35279,11695,595,ITI,ITI4,12,Lazio,Lazio,5879082,3263339,55.51,0.81
1591,2021-04-12,LAZ,23882,10772,13110,16691,6910,281,ITI,ITI4,12,Lazio,Lazio,5879082,3287221,55.91,0.41
1592,2021-07-21,LAZ,62685,31657,31028,28647,32729,1309,ITI,ITI4,12,Lazio,Lazio,5879082,3349906,56.98,1.07
1593,2021-06-08,LAZ,66756,31863,34893,36146,29975,635,ITI,ITI4,12,Lazio,Lazio,5879082,3416662,58.12,1.14
1594,2021-07-14,LAZ,42090,20504,21586,6183,35559,348,ITI,ITI4,12,Lazio,Lazio,5879082,3458752,58.83,0.72
1595,2021-01-09,LAZ,6300,2562,3738,6187,0,113,ITI,ITI4,12,Lazio,Lazio,5879082,3465052,58.94,0.11
1596,2021-04-19,LAZ,30110,13689,16421,19005,10687,418,ITI,ITI4,12,Lazio,Lazio,5879082,3495162,59.45,0.51
1597,2021-04-08,LAZ,26850,12309,14541,18798,7702,350,ITI,ITI4,12,Lazio,Lazio,5879082,3522012,59.91,0.46
1598,2021-07-02,LAZ,48397,23178,25219,6615,41603,179,ITI,ITI4,12,Lazio,Lazio,5879082,3570409,60.73,0.82
1599,2021-03-22,LAZ,23336,10538,12798,16326,6682,328,ITI,ITI4,12,Lazio,Lazio,5879082,3593745,61.13,0.4
1600,2020-12-29,LAZ,488,176,312,484,0,4,ITI,ITI4,12,Lazio,Lazio,5879082,3594233,61.14,0.01
1601,2021-06-13,LAZ,58423,26217,32206,33080,24846,497,ITI,ITI4,12,Lazio,Lazio,5879082,3652656,62.13,0.99
1602,2021-03-07,LAZ,14134,5466,8668,10334,3593,207,ITI,ITI4,12,Lazio,Lazio,5879082,3666790,62.37,0.24
1603,2021-06-15,LAZ,66072,31905,34167,33360,32158,554,ITI,ITI4,12,Lazio,Lazio,5879082,3732862,63.49,1.12
1604,2021-05-20,LAZ,51805,24997,26808,37135,13945,725,ITI,ITI4,12,Lazio,Lazio,5879082,3784667,64.38,0.88
1605,2021-06-20,LAZ,55282,25414,29868,29614,24917,751,ITI,ITI4,12,Lazio,Lazio,5879082,3839949,65.32,0.94
1606,2021-06-06,LAZ,58194,28042,30152,35097,22516,581,ITI,ITI4,12,Lazio,Lazio,5879082,3898143,66.31,0.99
1607,2021-02-26,LAZ,13126,5734,7392,11548,1404,174,ITI,ITI4,12,Lazio,Lazio,5879082,3911269,66.53,0.22
1608,2021-06-04,LAZ,61957,30222,31735,43514,17823,620,ITI,ITI4,12,Lazio,Lazio,5879082,3973226,67.58,1.05
1609,2021-05-04,LAZ,39916,18366,21550,25908,13541,467,ITI,ITI4,12,Lazio,Lazio,5879082,4013142,68.26,0.68
1610,2021-02-24,LAZ,12046,5206,6840,10929,995,122,ITI,ITI4,12,Lazio,Lazio,5879082,4025188,68.47,0.2
1611,2021-07-07,LAZ,62580,30995,31585,28393,33628,559,ITI,ITI4,12,Lazio,Lazio,5879082,4087768,69.53,1.06
1612,2021-03-29,LAZ,25452,12093,13359,18115,7039,298,ITI,ITI4,12,Lazio,Lazio,5879082,4113220,69.96,0.43
1613,2020-12-31,LAZ,5293,2121,3172,5233,0,60,ITI,ITI4,12,Lazio,Lazio,5879082,4118513,70.05,0.09
1614,2021-04-10,LAZ,23939,10412,13527,16500,7192,247,ITI,ITI4,12,Lazio,Lazio,5879082,4142452,70.46,0.41
1615,2021-02-05,LAZ,7328,2993,4335,1217,6108,3,ITI,ITI4,12,Lazio,Lazio,5879082,4149780,70.59,0.12
1616,2021-04-03,LAZ,24799,11197,13602,17874,6706,219,ITI,ITI4,12,Lazio,Lazio,5879082,4174579,71.01,0.42
1617,2021-07-09,LAZ,64855,31296,33559,27591,36548,716,ITI,ITI4,12,Lazio,Lazio,5879082,4239434,72.11,1.1
1618,2021-05-01,LAZ,37984,17096,20888,25569,11978,437,ITI,ITI4,12,Lazio,Lazio,5879082,4277418,72.76,0.65
1619,2021-04-17,LAZ,32423,14229,18194,20021,12003,399,ITI,ITI4,12,Lazio,Lazio,5879082,4309841,73.31,0.55
1620,2021-07-26,LAZ,50683,24972,25711,6609,43776,298,ITI,ITI4,12,Lazio,Lazio,5879082,4360524,74.17,0.86
1621,2021-02-21,LAZ,6991,3181,3810,6483,464,44,ITI,ITI4,12,Lazio,Lazio,5879082,4367515,74.29,0.12
1622,2021-02-14,LAZ,5780,2372,3408,5278,472,30,ITI,ITI4,12,Lazio,Lazio,5879082,4373295,74.39,0.1
1623,2021-02-28,LAZ,10283,4036,6247,9649,539,95,ITI,ITI4,12,Lazio,Lazio,5879082,4383578,74.56,0.17
1624,2021-01-02,LAZ,6709,2631,4078,6629,0,80,ITI,ITI4,12,Lazio,Lazio,5879082,4390287,74.68,0.11
1625,2021-04-27,LAZ,30730,13872,16858,19471,10856,403,ITI,ITI4,12,Lazio,Lazio,5879082,4421017,75.2,0.52
1626,2021-03-01,LAZ,17123,7370,9753,13005,3886,232,ITI,ITI4,12,Lazio,Lazio,5879082,4438140,75.49,0.29
1627,2021-02-22,LAZ,11456,4990,6466,10803,502,151,ITI,ITI4,12,Lazio,Lazio,5879082,4449596,75.69,0.19
1628,2021-06-02,LAZ,43500,21587,21913,31436,11520,544,ITI,ITI4,12,Lazio,Lazio,5879082,4493096,76.43,0.74
1629,2021-06-11,LAZ,69719,32801,36918,36673,32413,633,ITI,ITI4,12,Lazio,Lazio,5879082,4562815,77.61,1.19
1630,2021-05-06,LAZ,48849,22764,26085,30611,17582,656,ITI,ITI4,12,Lazio,Lazio,5879082,4611664,78.44,0.83
1631,2021-07-16,LAZ,43838,20918,22920,2911,40752,175,ITI,ITI4,12,Lazio,Lazio,5879082,4655502,79.19,0.75
1632,2021-04-24,LAZ,33462,15106,18356,20184,12786,492,ITI,ITI4,12,Lazio,Lazio,5879082,4688964,79.76,0.57
1633,2021-05-30,LAZ,41244,17647,23597,33212,7364,668,ITI,ITI4,12,Lazio,Lazio,5879082,4730208,80.46,0.7
1634,2021-05-13,LAZ,50203,22559,27644,31695,17832,676,ITI,ITI4,12,Lazio,Lazio,5879082,4780411,81.31,0.85
1635,2021-03-15,LAZ,20970,9849,11121,13982,6745,243,ITI,ITI4,12,Lazio,Lazio,5879082,4801381,81.67,0.36
1636,2021-01-05,LAZ,7377,2804,4573,7274,0,103,ITI,ITI4,12,Lazio,Lazio,5879082,4808758,81.79,0.13
1637,2021-01-24,LAZ,5697,2229,3468,613,5084,0,ITI,ITI4,12,Lazio,Lazio,5879082,4814455,81.89,0.1
1638,2021-02-07,LAZ,4969,2046,2923,410,4558,1,ITI,ITI4,12,Lazio,Lazio,5879082,4819424,81.98,0.08
1639,2021-05-18,LAZ,44988,20575,24413,34872,9559,557,ITI,ITI4,12,Lazio,Lazio,5879082,4864412,82.74,0.77
1640,2021-05-03,LAZ,39269,17732,21537,26048,12643,578,ITI,ITI4,12,Lazio,Lazio,5879082,4903681,83.41,0.67
1641,2021-07-25,LAZ,24568,12061,12507,2031,22488,49,ITI,ITI4,12,Lazio,Lazio,5879082,4928249,83.83,0.42
1642,2021-06-22,LAZ,62788,29037,33751,28589,33501,698,ITI,ITI4,12,Lazio,Lazio,5879082,4991037,84.89,1.07
1643,2021-03-24,LAZ,27882,13095,14787,21257,6240,385,ITI,ITI4,12,Lazio,Lazio,5879082,5018919,85.37,0.47
1644,2021-05-29,LAZ,52066,23415,28651,40163,11037,866,ITI,ITI4,12,Lazio,Lazio,5879082,5070985,86.25,0.89
1645,2021-05-10,LAZ,44479,20338,24141,30598,13428,453,ITI,ITI4,12,Lazio,Lazio,5879082,5115464,87.01,0.76
1646,2021-05-27,LAZ,58402,27131,31271,43837,13770,795,ITI,ITI4,12,Lazio,Lazio,5879082,5173866,88.0,0.99
1647,2021-03-05,LAZ,19569,8672,10897,14607,4736,226,ITI,ITI4,12,Lazio,Lazio,5879082,5193435,88.34,0.33
1648,2021-02-16,LAZ,8361,4034,4327,7706,612,43,ITI,ITI4,12,Lazio,Lazio,5879082,5201796,88.48,0.14
1649,2021-02-19,LAZ,10049,5081,4968,9065,837,147,ITI,ITI4,12,Lazio,Lazio,5879082,5211845,88.65,0.17
1650,2021-06-17,LAZ,66893,32152,34741,31776,34403,714,ITI,ITI4,12,Lazio,Lazio,5879082,5278738,89.79,1.14
1651,2021-04-21,LAZ,33054,15024,18030,20309,12385,360,ITI,ITI4,12,Lazio,Lazio,5879082,5311792,90.35,0.56
1652,2021-06-03,LAZ,56778,28684,28094,38258,17823,697,ITI,ITI4,12,Lazio,Lazio,5879082,5368570,91.32,0.97
1653,2021-03-14,LAZ,17244,6757,10487,11830,5155,259,ITI,ITI4,12,Lazio,Lazio,5879082,5385814,91.61,0.29
1654,2021-06-29,LAZ,59436,28251,31185,27727,31145,564,ITI,ITI4,12,Lazio,Lazio,5879082,5445250,92.62,1.01
1655,2021-01-14,LAZ,5491,2147,3344,5317,0,174,ITI,ITI4,12,Lazio,Lazio,5879082,5450741,92.71,0.09
1656,2021-04-07,LAZ,26017,12173,13844,18360,7320,337,ITI,ITI4,12,Lazio,Lazio,5879082,5476758,93.16,0.44
1657,2020-12-28,LAZ,959,412,547,954,0,5,ITI,ITI4,12,Lazio,Lazio,5879082,5477717,93.17,0.02
1658,2021-01-16,LAZ,5648,2283,3365,5500,0,148,ITI,ITI4,12,Lazio,Lazio,5879082,5483365,93.27,0.1
1659,2021-04-26,LAZ,29248,13469,15779,19611,9206,431,ITI,ITI4,12,Lazio,Lazio,5879082,5512613,93.77,0.5
1660,2021-02-02,LAZ,5915,2217,3698,639,5273,3,ITI,ITI4,12,Lazio,Lazio,5879082,5518528,93.87,0.1
1661,2021-07-18,LAZ,58304,29690,28614,22795,34743,766,ITI,ITI4,12,Lazio,Lazio,5879082,5576832,94.86,0.99
1662,2021-01-17,LAZ,4892,2027,2865,4616,212,64,ITI,ITI4,12,Lazio,Lazio,5879082,5581724,94.94,0.08
1663,2021-01-19,LAZ,4781,1964,2817,4324,454,3,ITI,ITI4,12,Lazio,Lazio,5879082,5586505,95.02,0.08
1664,2021-04-29,LAZ,38737,17290,21447,24869,13262,606,ITI,ITI4,12,Lazio,Lazio,5879082,5625242,95.68,0.66
1665,2021-03-03,LAZ,17867,7874,9993,13336,4297,234,ITI,ITI4,12,Lazio,Lazio,5879082,5643109,95.99,0.3
1666,2021-01-26,LAZ,7973,3130,4843,731,7242,0,ITI,ITI4,12,Lazio,Lazio,5879082,5651082,96.12,0.14
1667,2021-04-02,LAZ,29415,14097,15318,21688,7342,385,ITI,ITI4,12,Lazio,Lazio,5879082,5680497,96.62,0.5
1668,2021-07-11,LAZ,44105,22229,21876,3767,40195,143,ITI,ITI4,12,Lazio,Lazio,5879082,5724602,97.37,0.75
1669,2021-01-28,LAZ,8283,3167,5116,785,7497,1,ITI,ITI4,12,Lazio,Lazio,5879082,5732885,97.51,0.14
1670,2021-07-04,LAZ,46556,21666,24890,4117,42355,84,ITI,ITI4,12,Lazio,Lazio,5879082,5779441,98.31,0.79
1671,2021-05-08,LAZ,45492,20770,24722,29403,15441,648,ITI,ITI4,12,Lazio,Lazio,5879082,5824933,99.08,0.77
1672,2021-07-13,LAZ,42580,20841,21739,5484,36767,329,ITI,ITI4,12,Lazio,Lazio,5879082,5867513,99.8,0.72
1673,2021-03-26,LAZ,30234,14008,16226,22941,6852,441,ITI,ITI4,12,Lazio,Lazio,5879082,5897747,100.32,0.51
1674,2021-06-10,LAZ,72063,34041,38022,37276,33971,816,ITI,ITI4,12,Lazio,Lazio,5879082,5969810,101.54,1.23
1675,2021-04-14,LAZ,29326,13291,16035,18883,10125,318,ITI,ITI4,12,Lazio,Lazio,5879082,5999136,102.04,0.5
1676,2021-07-23,LAZ,58207,29177,29030,26696,29779,1732,ITI,ITI4,12,Lazio,Lazio,5879082,6057343,103.03,0.99
1677,2021-07-06,LAZ,62402,30267,32135,28554,33366,482,ITI,ITI4,12,Lazio,Lazio,5879082,6119745,104.09,1.06
1678,2021-03-12,LAZ,24011,11096,12915,17346,6317,348,ITI,ITI4,12,Lazio,Lazio,5879082,6143756,104.5,0.41
1679,2021-02-09,LAZ,8818,3781,5037,4576,4235,7,ITI,ITI4,12,Lazio,Lazio,5879082,6152574,104.65,0.15
1680,2021-02-23,LAZ,11094,4785,6309,10198,769,127,ITI,ITI4,12,Lazio,Lazio,5879082,6163668,104.84,0.19
1681,2021-01-21,LAZ,5604,2348,3256,551,5053,0,ITI,ITI4,12,Lazio,Lazio,5879082,6169272,104.94,0.1
1682,2021-03-31,LAZ,27762,13429,14333,20328,7102,332,ITI,ITI4,12,Lazio,Lazio,5879082,6197034,105.41,0.47
1683,2021-01-07,LAZ,7755,2903,4852,7598,0,157,ITI,ITI4,12,Lazio,Lazio,5879082,6204789,105.54,0.13
1684,2021-01-08,LAZ,7734,2895,4839,7537,0,197,ITI,ITI4,12,Lazio,Lazio,5879082,6212523,105.67,0.13
1685,2021-01-01,LAZ,3556,1383,2173,3516,0,40,ITI,ITI4,12,Lazio,Lazio,5879082,6216079,105.73,0.06
1686,2021-01-10,LAZ,4044,1702,2342,3977,0,67,ITI,ITI4,12,Lazio,Lazio,5879082,6220123,105.8,0.07
1687,2021-06-16,LAZ,64560,30950,33610,32045,31899,616,ITI,ITI4,12,Lazio,Lazio,5879082,6284683,106.9,1.1
1688,2021-04-20,LAZ,31091,14276,16815,19407,11308,376,ITI,ITI4,12,Lazio,Lazio,5879082,6315774,107.43,0.53
1689,2021-03-08,LAZ,20872,9054,11818,15308,5274,290,ITI,ITI4,12,Lazio,Lazio,5879082,6336646,107.78,0.36
1690,2021-04-22,LAZ,39118,19455,19663,23890,14638,590,ITI,ITI4,12,Lazio,Lazio,5879082,6375764,108.45,0.67
1691,2021-03-10,LAZ,23343,10662,12681,17360,5647,336,ITI,ITI4,12,Lazio,Lazio,5879082,6399107,108.85,0.4
1692,2021-01-12,LAZ,5416,1982,3434,5273,0,143,ITI,ITI4,12,Lazio,Lazio,5879082,6404523,108.94,0.09
1693,2021-06-18,LAZ,64283,30936,33347,30275,33272,736,ITI,ITI4,12,Lazio,Lazio,5879082,6468806,110.03,1.09
1694,2021-03-17,LAZ,13818,5917,7901,7449,6258,111,ITI,ITI4,12,Lazio,Lazio,5879082,6482624,110.27,0.24
1695,2021-06-25,LAZ,63256,30533,32723,28073,34612,571,ITI,ITI4,12,Lazio,Lazio,5879082,6545880,111.34,1.08
1696,2021-06-27,LAZ,47211,21573,25638,20608,26139,464,ITI,ITI4,12,Lazio,Lazio,5879082,6593091,112.14,0.8
1697,2021-02-04,LAZ,6440,2566,3874,1122,5317,1,ITI,ITI4,12,Lazio,Lazio,5879082,6599531,112.25,0.11
1698,2021-05-22,LAZ,55165,27022,28143,43599,10685,881,ITI,ITI4,12,Lazio,Lazio,5879082,6654696,113.19,0.94
1699,2021-05-15,LAZ,57400,27420,29980,40055,16541,804,ITI,ITI4,12,Lazio,Lazio,5879082,6712096,114.17,0.98
1700,2021-03-19,LAZ,17456,7571,9885,10976,6329,151,ITI,ITI4,12,Lazio,Lazio,5879082,6729552,114.47,0.3
1701,2021-07-13,PAT,3645,1844,1801,1653,1877,115,ITH,ITH2,4,Provincia Autonoma Trento,P.A. Trento,541380,3645,0.67,0.67
1702,2021-04-21,PAT,2910,1359,1551,2710,50,150,ITH,ITH2,4,Provincia Autonoma Trento,P.A. Trento,541380,6555,1.21,0.54
1703,2021-01-28,PAT,533,147,386,49,484,0,ITH,ITH2,4,Provincia Autonoma Trento,P.A. Trento,541380,7088,1.31,0.1
1704,2021-01-11,PAT,732,223,509,732,0,0,ITH,ITH2,4,Provincia Autonoma Trento,P.A. Trento,541380,7820,1.44,0.14
1705,2021-02-16,PAT,668,246,422,652,5,11,ITH,ITH2,4,Provincia Autonoma Trento,P.A. Trento,541380,8488,1.57,0.12
1706,2021-07-27,PAT,4122,2189,1933,1418,2619,85,ITH,ITH2,4,Provincia Autonoma Trento,P.A. Trento,541380,12610,2.33,0.76
1707,2021-05-31,PAT,4725,2175,2550,1571,3047,107,ITH,ITH2,4,Provincia Autonoma Trento,P.A. Trento,541380,17335,3.2,0.87
1708,2021-07-20,PAT,4535,2455,2080,1578,2829,128,ITH,ITH2,4,Provincia Autonoma Trento,P.A. Trento,541380,21870,4.04,0.84
1709,2021-03-09,PAT,1586,591,995,908,647,31,ITH,ITH2,4,Provincia Autonoma Trento,P.A. Trento,541380,23456,4.33,0.29
1710,2021-06-17,PAT,6605,3465,3140,1981,4459,165,ITH,ITH2,4,Provincia Autonoma Trento,P.A. Trento,541380,30061,5.55,1.22
1711,2021-03-14,PAT,108,65,43,19,87,2,ITH,ITH2,4,Provincia Autonoma Trento,P.A. Trento,541380,30169,5.57,0.02
1712,2021-06-29,PAT,6231,3139,3092,2667,3489,75,ITH,ITH2,4,Provincia Autonoma Trento,P.A. Trento,541380,36400,6.72,1.15
1713,2021-06-12,PAT,5365,2690,2675,429,4888,48,ITH,ITH2,4,Provincia Autonoma Trento,P.A. Trento,541380,41765,7.71,0.99
1714,2021-03-21,PAT,129,69,60,125,0,4,ITH,ITH2,4,Provincia Autonoma Trento,P.A. Trento,541380,41894,7.74,0.02
1715,2021-05-24,PAT,4387,2015,2372,1249,3025,113,ITH,ITH2,4,Provincia Autonoma Trento,P.A. Trento,541380,46281,8.55,0.81
1716,2021-03-02,PAT,1307,440,867,902,376,29,ITH,ITH2,4,Provincia Autonoma Trento,P.A. Trento,541380,47588,8.79,0.24
1717,2021-01-23,PAT,577,334,243,387,189,1,ITH,ITH2,4,Provincia Autonoma Trento,P.A. Trento,541380,48165,8.9,0.11
1718,2021-05-03,PAT,4264,2198,2066,3811,154,299,ITH,ITH2,4,Provincia Autonoma Trento,P.A. Trento,541380,52429,9.68,0.79
1719,2021-07-01,PAT,6935,3606,3329,3451,3307,177,ITH,ITH2,4,Provincia Autonoma Trento,P.A. Trento,541380,59364,10.97,1.28
1720,2021-05-05,PAT,4995,2580,2415,4385,301,309,ITH,ITH2,4,Provincia Autonoma Trento,P.A. Trento,541380,64359,11.89,0.92
1721,2021-01-16,PAT,319,148,171,319,0,0,ITH,ITH2,4,Provincia Autonoma Trento,P.A. Trento,541380,64678,11.95,0.06
1722,2021-03-26,PAT,3234,1259,1975,2482,610,142,ITH,ITH2,4,Provincia Autonoma Trento,P.A. Trento,541380,67912,12.54,0.6
1723,2021-02-06,PAT,575,299,276,434,141,0,ITH,ITH2,4,Provincia Autonoma Trento,P.A. Trento,541380,68487,12.65,0.11
1724,2021-02-23,PAT,1112,395,717,878,213,21,ITH,ITH2,4,Provincia Autonoma Trento,P.A. Trento,541380,69599,12.86,0.21
1725,2021-05-17,PAT,4294,2122,2172,3709,351,234,ITH,ITH2,4,Provincia Autonoma Trento,P.A. Trento,541380,73893,13.65,0.79
1726,2021-04-14,PAT,3119,1465,1654,2231,737,151,ITH,ITH2,4,Provincia Autonoma Trento,P.A. Trento,541380,77012,14.23,0.58
1727,2021-03-28,PAT,753,294,459,705,2,46,ITH,ITH2,4,Provincia Autonoma Trento,P.A. Trento,541380,77765,14.36,0.14
1728,2021-04-09,PAT,2743,1163,1580,1475,1201,67,ITH,ITH2,4,Provincia Autonoma Trento,P.A. Trento,541380,80508,14.87,0.51
1729,2021-02-11,PAT,1137,366,771,796,340,1,ITH,ITH2,4,Provincia Autonoma Trento,P.A. Trento,541380,81645,15.08,0.21
1730,2021-07-18,PAT,449,238,211,107,337,5,ITH,ITH2,4,Provincia Autonoma Trento,P.A. Trento,541380,82094,15.16,0.08
1731,2021-02-25,PAT,1641,643,998,1190,441,10,ITH,ITH2,4,Provincia Autonoma Trento,P.A. Trento,541380,83735,15.47,0.3
1732,2020-12-30,PAT,7,3,4,7,0,0,ITH,ITH2,4,Provincia Autonoma Trento,P.A. Trento,541380,83742,15.47,0.0
1733,2021-06-05,PAT,4084,1917,2167,681,3334,69,ITH,ITH2,4,Provincia Autonoma Trento,P.A. Trento,541380,87826,16.22,0.75
1734,2021-05-22,PAT,3259,1598,1661,832,2334,93,ITH,ITH2,4,Provincia Autonoma Trento,P.A. Trento,541380,91085,16.82,0.6
1735,2021-04-23,PAT,3641,1772,1869,3408,54,179,ITH,ITH2,4,Provincia Autonoma Trento,P.A. Trento,541380,94726,17.5,0.67
1736,2021-01-30,PAT,386,132,254,152,234,0,ITH,ITH2,4,Provincia Autonoma Trento,P.A. Trento,541380,95112,17.57,0.07
1737,2021-05-10,PAT,3213,1647,1566,2498,506,209,ITH,ITH2,4,Provincia Autonoma Trento,P.A. Trento,541380,98325,18.16,0.59
1738,2021-03-18,PAT,2321,957,1364,1216,1081,24,ITH,ITH2,4,Provincia Autonoma Trento,P.A. Trento,541380,100646,18.59,0.43
1739,2021-02-20,PAT,407,245,162,122,284,1,ITH,ITH2,4,Provincia Autonoma Trento,P.A. Trento,541380,101053,18.67,0.08
1740,2021-03-07,PAT,22,6,16,22,0,0,ITH,ITH2,4,Provincia Autonoma Trento,P.A. Trento,541380,101075,18.67,0.0
1741,2021-01-09,PAT,190,40,150,190,0,0,ITH,ITH2,4,Provincia Autonoma Trento,P.A. Trento,541380,101265,18.7,0.04
1742,2021-06-24,PAT,5928,3106,2822,3560,2181,187,ITH,ITH2,4,Provincia Autonoma Trento,P.A. Trento,541380,107193,19.8,1.09
1743,2021-05-12,PAT,3311,1496,1815,1953,1193,165,ITH,ITH2,4,Provincia Autonoma Trento,P.A. Trento,541380,110504,20.41,0.61
1744,2021-03-16,PAT,1391,506,885,576,783,32,ITH,ITH2,4,Provincia Autonoma Trento,P.A. Trento,541380,111895,20.67,0.26
1745,2021-05-14,PAT,5326,2544,2782,3641,1390,295,ITH,ITH2,4,Provincia Autonoma Trento,P.A. Trento,541380,117221,21.65,0.98
1746,2021-06-10,PAT,6130,2980,3150,1789,4213,128,ITH,ITH2,4,Provincia Autonoma Trento,P.A. Trento,541380,123351,22.78,1.13
1747,2021-03-04,PAT,2364,795,1569,1542,781,41,ITH,ITH2,4,Provincia Autonoma Trento,P.A. Trento,541380,125715,23.22,0.44
1748,2021-04-28,PAT,4255,1979,2276,3871,138,246,ITH,ITH2,4,Provincia Autonoma Trento,P.A. Trento,541380,129970,24.01,0.79
1749,2021-04-01,PAT,2907,1232,1675,1721,1095,91,ITH,ITH2,4,Provincia Autonoma Trento,P.A. Trento,541380,132877,24.54,0.54
1750,2021-07-10,PAT,1047,540,507,138,883,26,ITH,ITH2,4,Provincia Autonoma Trento,P.A. Trento,541380,133924,24.74,0.19
1751,2021-06-19,PAT,3099,1696,1403,228,2839,32,ITH,ITH2,4,Provincia Autonoma Trento,P.A. Trento,541380,137023,25.31,0.57
1752,2021-07-08,PAT,3968,2113,1855,2371,1434,163,ITH,ITH2,4,Provincia Autonoma Trento,P.A. Trento,541380,140991,26.04,0.73
1753,2021-02-04,PAT,976,304,672,421,554,1,ITH,ITH2,4,Provincia Autonoma Trento,P.A. Trento,541380,141967,26.22,0.18
1754,2021-04-13,PAT,2556,1059,1497,1970,507,79,ITH,ITH2,4,Provincia Autonoma Trento,P.A. Trento,541380,144523,26.7,0.47
1755,2021-01-20,PAT,292,73,219,280,12,0,ITH,ITH2,4,Provincia Autonoma Trento,P.A. Trento,541380,144815,26.75,0.05
1756,2021-04-30,PAT,4935,2406,2529,4415,152,368,ITH,ITH2,4,Provincia Autonoma Trento,P.A. Trento,541380,149750,27.66,0.91
1757,2021-05-19,PAT,5105,2461,2644,3601,1257,247,ITH,ITH2,4,Provincia Autonoma Trento,P.A. Trento,541380,154855,28.6,0.94
1758,2021-05-29,PAT,2240,1168,1072,755,1401,84,ITH,ITH2,4,Provincia Autonoma Trento,P.A. Trento,541380,157095,29.02,0.41
1759,2021-04-02,PAT,2847,1158,1689,2011,675,161,ITH,ITH2,4,Provincia Autonoma Trento,P.A. Trento,541380,159942,29.54,0.53
1760,2021-04-16,PAT,2869,1362,1507,2569,145,155,ITH,ITH2,4,Provincia Autonoma Trento,P.A. Trento,541380,162811,30.07,0.53
1761,2021-02-18,PAT,1214,430,784,1140,64,10,ITH,ITH2,4,Provincia Autonoma Trento,P.A. Trento,541380,164025,30.3,0.22
1762,2021-07-25,PAT,342,192,150,118,215,9,ITH,ITH2,4,Provincia Autonoma Trento,P.A. Trento,541380,164367,30.36,0.06
1763,2021-01-04,PAT,872,229,643,870,0,2,ITH,ITH2,4,Provincia Autonoma Trento,P.A. Trento,541380,165239,30.52,0.16
1764,2021-07-06,PAT,5009,2636,2373,2953,1875,181,ITH,ITH2,4,Provincia Autonoma Trento,P.A. Trento,541380,170248,31.45,0.93
1765,2021-01-18,PAT,644,154,490,589,55,0,ITH,ITH2,4,Provincia Autonoma Trento,P.A. Trento,541380,170892,31.57,0.12
1766,2021-06-09,PAT,6248,3081,3167,2089,4082,77,ITH,ITH2,4,Provincia Autonoma Trento,P.A. Trento,541380,177140,32.72,1.15
1767,2021-06-26,PAT,1395,729,666,660,717,18,ITH,ITH2,4,Provincia Autonoma Trento,P.A. Trento,541380,178535,32.98,0.26
1768,2021-06-28,PAT,6764,3487,3277,2903,3800,61,ITH,ITH2,4,Provincia Autonoma Trento,P.A. Trento,541380,185299,34.23,1.25
1769,2021-04-06,PAT,2261,950,1311,1439,765,57,ITH,ITH2,4,Provincia Autonoma Trento,P.A. Trento,541380,187560,34.64,0.42
1770,2021-07-15,PAT,4017,2126,1891,1584,2307,126,ITH,ITH2,4,Provincia Autonoma Trento,P.A. Trento,541380,191577,35.39,0.74
1771,2021-01-13,PAT,421,123,298,421,0,0,ITH,ITH2,4,Provincia Autonoma Trento,P.A. Trento,541380,191998,35.46,0.08
1772,2021-01-08,PAT,1451,314,1137,1450,0,1,ITH,ITH2,4,Provincia Autonoma Trento,P.A. Trento,541380,193449,35.73,0.27
1773,2021-06-14,PAT,5745,2971,2774,2020,3615,110,ITH,ITH2,4,Provincia Autonoma Trento,P.A. Trento,541380,199194,36.79,1.06
1774,2021-04-18,PAT,1855,845,1010,1788,9,58,ITH,ITH2,4,Provincia Autonoma Trento,P.A. Trento,541380,201049,37.14,0.34
1775,2021-03-06,PAT,787,277,510,596,151,40,ITH,ITH2,4,Provincia Autonoma Trento,P.A. Trento,541380,201836,37.28,0.15
1776,2021-04-11,PAT,2340,1135,1205,2161,91,88,ITH,ITH2,4,Provincia Autonoma Trento,P.A. Trento,541380,204176,37.71,0.43
1777,2021-02-27,PAT,1032,458,574,590,422,20,ITH,ITH2,4,Provincia Autonoma Trento,P.A. Trento,541380,205208,37.9,0.19
1778,2021-01-01,PAT,214,50,164,214,0,0,ITH,ITH2,4,Provincia Autonoma Trento,P.A. Trento,541380,205422,37.94,0.04
1779,2021-06-07,PAT,5797,2885,2912,2638,2990,169,ITH,ITH2,4,Provincia Autonoma Trento,P.A. Trento,541380,211219,39.01,1.07
1780,2021-01-27,PAT,810,280,530,92,716,2,ITH,ITH2,4,Provincia Autonoma Trento,P.A. Trento,541380,212029,39.16,0.15
1781,2021-02-13,PAT,538,333,205,172,366,0,ITH,ITH2,4,Provincia Autonoma Trento,P.A. Trento,541380,212567,39.26,0.1
1782,2021-05-07,PAT,6002,3087,2915,4797,841,364,ITH,ITH2,4,Provincia Autonoma Trento,P.A. Trento,541380,218569,40.37,1.11
1783,2021-04-20,PAT,2879,1377,1502,2669,36,174,ITH,ITH2,4,Provincia Autonoma Trento,P.A. Trento,541380,221448,40.9,0.53
1784,2021-05-09,PAT,2324,1210,1114,1848,344,132,ITH,ITH2,4,Provincia Autonoma Trento,P.A. Trento,541380,223772,41.33,0.43
1785,2021-02-15,PAT,534,188,346,418,114,2,ITH,ITH2,4,Provincia Autonoma Trento,P.A. Trento,541380,224306,41.43,0.1
1786,2021-06-02,PAT,2840,1360,1480,882,1895,63,ITH,ITH2,4,Provincia Autonoma Trento,P.A. Trento,541380,227146,41.96,0.52
1787,2021-03-11,PAT,2320,865,1455,1441,832,47,ITH,ITH2,4,Provincia Autonoma Trento,P.A. Trento,541380,229466,42.39,0.43
1788,2021-07-22,PAT,4519,2435,2084,1733,2662,124,ITH,ITH2,4,Provincia Autonoma Trento,P.A. Trento,541380,233985,43.22,0.83
1789,2021-01-06,PAT,42,13,29,42,0,0,ITH,ITH2,4,Provincia Autonoma Trento,P.A. Trento,541380,234027,43.23,0.01
1790,2021-06-16,PAT,6217,3348,2869,1944,4151,122,ITH,ITH2,4,Provincia Autonoma Trento,P.A. Trento,541380,240244,44.38,1.15
1791,2021-03-15,PAT,1412,545,867,894,464,54,ITH,ITH2,4,Provincia Autonoma Trento,P.A. Trento,541380,241656,44.64,0.26
1792,2021-01-17,PAT,251,195,56,251,0,0,ITH,ITH2,4,Provincia Autonoma Trento,P.A. Trento,541380,241907,44.68,0.05
1793,2021-06-23,PAT,6522,3453,3069,4471,1859,192,ITH,ITH2,4,Provincia Autonoma Trento,P.A. Trento,541380,248429,45.89,1.2
1794,2021-05-11,PAT,3708,1754,1954,2618,854,236,ITH,ITH2,4,Provincia Autonoma Trento,P.A. Trento,541380,252137,46.57,0.68
1795,2021-04-27,PAT,3916,1882,2034,3567,69,280,ITH,ITH2,4,Provincia Autonoma Trento,P.A. Trento,541380,256053,47.3,0.72
1796,2021-07-24,PAT,885,493,392,484,383,18,ITH,ITH2,4,Provincia Autonoma Trento,P.A. Trento,541380,256938,47.46,0.16
1797,2021-05-02,PAT,3514,1955,1559,3265,37,212,ITH,ITH2,4,Provincia Autonoma Trento,P.A. Trento,541380,260452,48.11,0.65
1798,2021-03-13,PAT,836,385,451,719,48,69,ITH,ITH2,4,Provincia Autonoma Trento,P.A. Trento,541380,261288,48.26,0.15
1799,2021-02-12,PAT,1013,341,672,588,423,2,ITH,ITH2,4,Provincia Autonoma Trento,P.A. Trento,541380,262301,48.45,0.19
1800,2021-03-01,PAT,1237,454,783,918,295,24,ITH,ITH2,4,Provincia Autonoma Trento,P.A. Trento,541380,263538,48.68,0.23
1801,2021-03-20,PAT,874,403,471,658,203,13,ITH,ITH2,4,Provincia Autonoma Trento,P.A. Trento,541380,264412,48.84,0.16
1802,2021-03-03,PAT,1659,622,1037,1106,518,35,ITH,ITH2,4,Provincia Autonoma Trento,P.A. Trento,541380,266071,49.15,0.31
1803,2021-04-25,PAT,1971,940,1031,1849,7,115,ITH,ITH2,4,Provincia Autonoma Trento,P.A. Trento,541380,268042,49.51,0.36
1804,2021-06-25,PAT,7508,4023,3485,4048,3378,82,ITH,ITH2,4,Provincia Autonoma Trento,P.A. Trento,541380,275550,50.9,1.39
1805,2021-07-02,PAT,7172,3900,3272,3423,3527,222,ITH,ITH2,4,Provincia Autonoma Trento,P.A. Trento,541380,282722,52.22,1.32
1806,2021-01-15,PAT,597,132,465,596,0,1,ITH,ITH2,4,Provincia Autonoma Trento,P.A. Trento,541380,283319,52.33,0.11
1807,2021-05-20,PAT,5018,2359,2659,3105,1637,276,ITH,ITH2,4,Provincia Autonoma Trento,P.A. Trento,541380,288337,53.26,0.93
1808,2021-03-24,PAT,2379,940,1439,1446,820,113,ITH,ITH2,4,Provincia Autonoma Trento,P.A. Trento,541380,290716,53.7,0.44
1809,2021-05-26,PAT,3918,1843,2075,1105,2693,120,ITH,ITH2,4,Provincia Autonoma Trento,P.A. Trento,541380,294634,54.42,0.72
1810,2021-01-10,PAT,85,20,65,85,0,0,ITH,ITH2,4,Provincia Autonoma Trento,P.A. Trento,541380,294719,54.44,0.02
1811,2021-01-29,PAT,1358,334,1024,55,1303,0,ITH,ITH2,4,Provincia Autonoma Trento,P.A. Trento,541380,296077,54.69,0.25
1812,2021-07-14,PAT,3974,2071,1903,1598,2273,103,ITH,ITH2,4,Provincia Autonoma Trento,P.A. Trento,541380,300051,55.42,0.73
1813,2021-04-22,PAT,3152,1471,1681,2932,45,175,ITH,ITH2,4,Provincia Autonoma Trento,P.A. Trento,541380,303203,56.01,0.58
1814,2021-07-07,PAT,4347,2330,2017,2766,1383,198,ITH,ITH2,4,Provincia Autonoma Trento,P.A. Trento,541380,307550,56.81,0.8
1815,2021-01-03,PAT,493,160,333,493,0,0,ITH,ITH2,4,Provincia Autonoma Trento,P.A. Trento,541380,308043,56.9,0.09
1816,2021-07-21,PAT,4455,2386,2069,1364,3005,86,ITH,ITH2,4,Provincia Autonoma Trento,P.A. Trento,541380,312498,57.72,0.82
1817,2021-07-05,PAT,5242,2747,2495,3644,1361,237,ITH,ITH2,4,Provincia Autonoma Trento,P.A. Trento,541380,317740,58.69,0.97
1818,2021-06-21,PAT,6136,3314,2822,3561,2394,181,ITH,ITH2,4,Provincia Autonoma Trento,P.A. Trento,541380,323876,59.82,1.13
1819,2021-04-29,PAT,4647,2243,2404,4139,209,299,ITH,ITH2,4,Provincia Autonoma Trento,P.A. Trento,541380,328523,60.68,0.86
1820,2021-01-22,PAT,1676,436,1240,330,1345,1,ITH,ITH2,4,Provincia Autonoma Trento,P.A. Trento,541380,330199,60.99,0.31
1821,2021-02-05,PAT,805,272,533,283,522,0,ITH,ITH2,4,Provincia Autonoma Trento,P.A. Trento,541380,331004,61.14,0.15
1822,2021-05-16,PAT,1331,736,595,1025,239,67,ITH,ITH2,4,Provincia Autonoma Trento,P.A. Trento,541380,332335,61.39,0.25
1823,2021-05-04,PAT,4512,2448,2064,4123,95,294,ITH,ITH2,4,Provincia Autonoma Trento,P.A. Trento,541380,336847,62.22,0.83
1824,2021-03-08,PAT,1411,434,977,1027,354,30,ITH,ITH2,4,Provincia Autonoma Trento,P.A. Trento,541380,338258,62.48,0.26
1825,2021-03-22,PAT,2306,973,1333,1374,875,57,ITH,ITH2,4,Provincia Autonoma Trento,P.A. Trento,541380,340564,62.91,0.43
1826,2021-01-24,PAT,549,277,272,225,324,0,ITH,ITH2,4,Provincia Autonoma Trento,P.A. Trento,541380,341113,63.01,0.1
1827,2021-06-30,PAT,6675,3434,3241,2605,3989,81,ITH,ITH2,4,Provincia Autonoma Trento,P.A. Trento,541380,347788,64.24,1.23
1828,2021-02-22,PAT,747,259,488,657,84,6,ITH,ITH2,4,Provincia Autonoma Trento,P.A. Trento,541380,348535,64.38,0.14
1829,2021-05-18,PAT,4256,2011,2245,3132,846,278,ITH,ITH2,4,Provincia Autonoma Trento,P.A. Trento,541380,352791,65.17,0.79
1830,2021-03-12,PAT,2520,941,1579,1642,807,71,ITH,ITH2,4,Provincia Autonoma Trento,P.A. Trento,541380,355311,65.63,0.47
1831,2021-06-20,PAT,1869,1034,835,28,1836,5,ITH,ITH2,4,Provincia Autonoma Trento,P.A. Trento,541380,357180,65.98,0.35
1832,2021-02-09,PAT,919,288,631,442,476,1,ITH,ITH2,4,Provincia Autonoma Trento,P.A. Trento,541380,358099,66.15,0.17
1833,2021-03-17,PAT,2072,792,1280,1120,872,80,ITH,ITH2,4,Provincia Autonoma Trento,P.A. Trento,541380,360171,66.53,0.38
1834,2021-02-02,PAT,910,240,670,191,719,0,ITH,ITH2,4,Provincia Autonoma Trento,P.A. Trento,541380,361081,66.7,0.17
1835,2021-07-09,PAT,4923,2616,2307,2874,1839,210,ITH,ITH2,4,Provincia Autonoma Trento,P.A. Trento,541380,366004,67.61,0.91
1836,2021-05-13,PAT,3409,1580,1829,2087,1104,218,ITH,ITH2,4,Provincia Autonoma Trento,P.A. Trento,541380,369413,68.24,0.63
1837,2021-03-31,PAT,2588,983,1605,1632,859,97,ITH,ITH2,4,Provincia Autonoma Trento,P.A. Trento,541380,372001,68.71,0.48
1838,2021-01-26,PAT,543,154,389,27,516,0,ITH,ITH2,4,Provincia Autonoma Trento,P.A. Trento,541380,372544,68.81,0.1
1839,2021-05-06,PAT,5534,2741,2793,4386,780,368,ITH,ITH2,4,Provincia Autonoma Trento,P.A. Trento,541380,378078,69.84,1.02
1840,2021-03-23,PAT,2449,944,1505,1609,741,99,ITH,ITH2,4,Provincia Autonoma Trento,P.A. Trento,541380,380527,70.29,0.45
1841,2021-05-28,PAT,3726,1739,1987,1360,2231,135,ITH,ITH2,4,Provincia Autonoma Trento,P.A. Trento,541380,384253,70.98,0.69
1842,2021-01-25,PAT,818,215,603,24,794,0,ITH,ITH2,4,Provincia Autonoma Trento,P.A. Trento,541380,385071,71.13,0.15
1843,2021-03-25,PAT,2877,1106,1771,1721,1049,107,ITH,ITH2,4,Provincia Autonoma Trento,P.A. Trento,541380,387948,71.66,0.53
1844,2021-07-03,PAT,1257,670,587,80,1171,6,ITH,ITH2,4,Provincia Autonoma Trento,P.A. Trento,541380,389205,71.89,0.23
1845,2021-03-30,PAT,2388,973,1415,1652,637,99,ITH,ITH2,4,Provincia Autonoma Trento,P.A. Trento,541380,391593,72.33,0.44
1846,2021-06-06,PAT,2232,1064,1168,425,1786,21,ITH,ITH2,4,Provincia Autonoma Trento,P.A. Trento,541380,393825,72.74,0.41
1847,2021-07-12,PAT,4062,2031,2031,1940,1946,176,ITH,ITH2,4,Provincia Autonoma Trento,P.A. Trento,541380,397887,73.49,0.75
1848,2021-02-17,PAT,1118,427,691,1022,91,5,ITH,ITH2,4,Provincia Autonoma Trento,P.A. Trento,541380,399005,73.7,0.21
1849,2021-06-11,PAT,7209,3432,3777,1478,5632,99,ITH,ITH2,4,Provincia Autonoma Trento,P.A. Trento,541380,406214,75.03,1.33
1850,2021-06-13,PAT,3686,2033,1653,275,3388,23,ITH,ITH2,4,Provincia Autonoma Trento,P.A. Trento,541380,409900,75.71,0.68
1851,2020-12-27,PAT,103,40,63,103,0,0,ITH,ITH2,4,Provincia Autonoma Trento,P.A. Trento,541380,410003,75.73,0.02
1852,2021-01-05,PAT,711,233,478,711,0,0,ITH,ITH2,4,Provincia Autonoma Trento,P.A. Trento,541380,410714,75.86,0.13
1853,2021-04-15,PAT,3202,1443,1759,2810,154,238,ITH,ITH2,4,Provincia Autonoma Trento,P.A. Trento,541380,413916,76.46,0.59
1854,2021-06-18,PAT,6942,3692,3250,1743,5110,89,ITH,ITH2,4,Provincia Autonoma Trento,P.A. Trento,541380,420858,77.74,1.28
1855,2021-03-27,PAT,1620,710,910,1288,258,74,ITH,ITH2,4,Provincia Autonoma Trento,P.A. Trento,541380,422478,78.04,0.3
1856,2021-06-04,PAT,5837,2610,3227,1716,4000,121,ITH,ITH2,4,Provincia Autonoma Trento,P.A. Trento,541380,428315,79.12,1.08
1857,2021-02-24,PAT,1326,525,801,906,399,21,ITH,ITH2,4,Provincia Autonoma Trento,P.A. Trento,541380,429641,79.36,0.24
1858,2021-06-03,PAT,4774,2238,2536,1210,3472,92,ITH,ITH2,4,Provincia Autonoma Trento,P.A. Trento,541380,434415,80.24,0.88
1859,2021-01-19,PAT,408,78,330,408,0,0,ITH,ITH2,4,Provincia Autonoma Trento,P.A. Trento,541380,434823,80.32,0.08
1860,2021-07-23,PAT,4186,2166,2020,1446,2625,115,ITH,ITH2,4,Provincia Autonoma Trento,P.A. Trento,541380,439009,81.09,0.77
1861,2021-04-07,PAT,2630,1018,1612,1571,944,115,ITH,ITH2,4,Provincia Autonoma Trento,P.A. Trento,541380,441639,81.58,0.49
1862,2021-07-16,PAT,4362,2236,2126,1607,2616,139,ITH,ITH2,4,Provincia Autonoma Trento,P.A. Trento,541380,446001,82.38,0.81
1863,2021-06-27,PAT,1303,698,605,360,938,5,ITH,ITH2,4,Provincia Autonoma Trento,P.A. Trento,541380,447304,82.62,0.24
1864,2021-01-12,PAT,507,158,349,506,0,1,ITH,ITH2,4,Provincia Autonoma Trento,P.A. Trento,541380,447811,82.72,0.09
1865,2021-03-19,PAT,2424,915,1509,1492,853,79,ITH,ITH2,4,Provincia Autonoma Trento,P.A. Trento,541380,450235,83.16,0.45
1866,2021-04-05,PAT,35,17,18,30,2,3,ITH,ITH2,4,Provincia Autonoma Trento,P.A. Trento,541380,450270,83.17,0.01
1867,2021-01-31,PAT,76,16,60,1,75,0,ITH,ITH2,4,Provincia Autonoma Trento,P.A. Trento,541380,450346,83.18,0.01
1868,2021-07-04,PAT,213,120,93,61,150,2,ITH,ITH2,4,Provincia Autonoma Trento,P.A. Trento,541380,450559,83.22,0.04
1869,2021-03-10,PAT,2406,929,1477,1426,922,58,ITH,ITH2,4,Provincia Autonoma Trento,P.A. Trento,541380,452965,83.67,0.44
1870,2021-05-25,PAT,4772,2268,2504,1721,2904,147,ITH,ITH2,4,Provincia Autonoma Trento,P.A. Trento,541380,457737,84.55,0.88
1871,2021-05-08,PAT,3162,1726,1436,2547,422,193,ITH,ITH2,4,Provincia Autonoma Trento,P.A. Trento,541380,460899,85.13,0.58
1872,2021-02-14,PAT,246,186,60,11,235,0,ITH,ITH2,4,Provincia Autonoma Trento,P.A. Trento,541380,461145,85.18,0.05
1873,2021-05-27,PAT,4295,1992,2303,1124,3043,128,ITH,ITH2,4,Provincia Autonoma Trento,P.A. Trento,541380,465440,85.97,0.79
1874,2021-05-30,PAT,1770,872,898,862,840,68,ITH,ITH2,4,Provincia Autonoma Trento,P.A. Trento,541380,467210,86.3,0.33
1875,2021-04-03,PAT,1144,471,673,905,172,67,ITH,ITH2,4,Provincia Autonoma Trento,P.A. Trento,541380,468354,86.51,0.21
1876,2021-04-24,PAT,3551,1701,1850,3337,15,199,ITH,ITH2,4,Provincia Autonoma Trento,P.A. Trento,541380,471905,87.17,0.66
1877,2021-02-26,PAT,1218,435,783,900,295,23,ITH,ITH2,4,Provincia Autonoma Trento,P.A. Trento,541380,473123,87.39,0.22
1878,2021-01-14,PAT,701,203,498,699,0,2,ITH,ITH2,4,Provincia Autonoma Trento,P.A. Trento,541380,473824,87.52,0.13
1879,2021-02-28,PAT,242,121,121,232,0,10,ITH,ITH2,4,Provincia Autonoma Trento,P.A. Trento,541380,474066,87.57,0.04
1880,2021-06-08,PAT,5923,2864,3059,1755,4052,116,ITH,ITH2,4,Provincia Autonoma Trento,P.A. Trento,541380,479989,88.66,1.09
1881,2021-04-26,PAT,2661,1255,1406,2401,95,165,ITH,ITH2,4,Provincia Autonoma Trento,P.A. Trento,541380,482650,89.15,0.49
1882,2021-02-19,PAT,930,359,571,839,59,32,ITH,ITH2,4,Provincia Autonoma Trento,P.A. Trento,541380,483580,89.32,0.17
1883,2021-07-11,PAT,999,550,449,121,869,9,ITH,ITH2,4,Provincia Autonoma Trento,P.A. Trento,541380,484579,89.51,0.18
1884,2021-01-02,PAT,504,143,361,504,0,0,ITH,ITH2,4,Provincia Autonoma Trento,P.A. Trento,541380,485083,89.6,0.09
1885,2021-03-29,PAT,2495,968,1527,1640,735,120,ITH,ITH2,4,Provincia Autonoma Trento,P.A. Trento,541380,487578,90.06,0.46
1886,2021-04-12,PAT,3087,1410,1677,2468,497,122,ITH,ITH2,4,Provincia Autonoma Trento,P.A. Trento,541380,490665,90.63,0.57
1887,2021-01-21,PAT,353,95,258,229,124,0,ITH,ITH2,4,Provincia Autonoma Trento,P.A. Trento,541380,491018,90.7,0.07
1888,2021-05-01,PAT,4852,2470,2382,4528,36,288,ITH,ITH2,4,Provincia Autonoma Trento,P.A. Trento,541380,495870,91.59,0.9
1889,2021-02-21,PAT,156,93,63,43,113,0,ITH,ITH2,4,Provincia Autonoma Trento,P.A. Trento,541380,496026,91.62,0.03
1890,2021-05-15,PAT,1570,815,755,638,891,41,ITH,ITH2,4,Provincia Autonoma Trento,P.A. Trento,541380,497596,91.91,0.29
1891,2021-06-01,PAT,4019,1879,2140,1054,2859,106,ITH,ITH2,4,Provincia Autonoma Trento,P.A. Trento,541380,501615,92.65,0.74
1892,2021-02-08,PAT,1153,319,834,342,811,0,ITH,ITH2,4,Provincia Autonoma Trento,P.A. Trento,541380,502768,92.87,0.21
1893,2021-07-17,PAT,1050,510,540,251,783,16,ITH,ITH2,4,Provincia Autonoma Trento,P.A. Trento,541380,503818,93.06,0.19
1894,2021-05-21,PAT,5065,2425,2640,3081,1717,267,ITH,ITH2,4,Provincia Autonoma Trento,P.A. Trento,541380,508883,94.0,0.94
1895,2021-02-01,PAT,1224,338,886,92,1132,0,ITH,ITH2,4,Provincia Autonoma Trento,P.A. Trento,541380,510107,94.22,0.23
1896,2021-02-03,PAT,847,315,532,414,433,0,ITH,ITH2,4,Provincia Autonoma Trento,P.A. Trento,541380,510954,94.38,0.16
1897,2021-07-19,PAT,4612,2418,2194,1337,3156,119,ITH,ITH2,4,Provincia Autonoma Trento,P.A. Trento,541380,515566,95.23,0.85
1898,2021-05-23,PAT,1957,994,963,420,1509,28,ITH,ITH2,4,Provincia Autonoma Trento,P.A. Trento,541380,517523,95.59,0.36
1899,2021-04-10,PAT,2825,1323,1502,1950,797,78,ITH,ITH2,4,Provincia Autonoma Trento,P.A. Trento,541380,520348,96.12,0.52
1900,2021-02-10,PAT,854,291,563,511,342,1,ITH,ITH2,4,Provincia Autonoma Trento,P.A. Trento,541380,521202,96.27,0.16
1901,2021-07-26,PAT,3707,1954,1753,755,2895,57,ITH,ITH2,4,Provincia Autonoma Trento,P.A. Trento,541380,524909,96.96,0.68
1902,2021-04-08,PAT,3142,1317,1825,1932,1118,92,ITH,ITH2,4,Provincia Autonoma Trento,P.A. Trento,541380,528051,97.54,0.58
1903,2020-12-31,PAT,1629,450,1179,1629,0,0,ITH,ITH2,4,Provincia Autonoma Trento,P.A. Trento,541380,529680,97.84,0.3
1904,2021-06-22,PAT,6198,3385,2813,3481,2531,186,ITH,ITH2,4,Provincia Autonoma Trento,P.A. Trento,541380,535878,98.98,1.14
1905,2021-03-05,PAT,2249,704,1545,1591,566,92,ITH,ITH2,4,Provincia Autonoma Trento,P.A. Trento,541380,538127,99.4,0.42
1906,2021-01-07,PAT,1272,310,962,1269,0,3,ITH,ITH2,4,Provincia Autonoma Trento,P.A. Trento,541380,539399,99.63,0.23
1907,2021-04-17,PAT,2233,1139,1094,2073,57,103,ITH,ITH2,4,Provincia Autonoma Trento,P.A. Trento,541380,541632,100.05,0.41
1908,2021-04-19,PAT,2625,1235,1390,2419,22,184,ITH,ITH2,4,Provincia Autonoma Trento,P.A. Trento,541380,544257,100.53,0.48
1909,2021-07-28,PAT,1862,1025,837,681,1131,50,ITH,ITH2,4,Provincia Autonoma Trento,P.A. Trento,541380,546119,100.88,0.34
1910,2021-06-15,PAT,6242,3284,2958,1603,4511,128,ITH,ITH2,4,Provincia Autonoma Trento,P.A. Trento,541380,552361,102.03,1.15
1911,2021-07-16,PAB,4491,2435,2056,1179,3312,0,ITH,ITH1,4,Provincia Autonoma Bolzano / Bozen,P.A. Bolzano,533050,4491,0.84,0.84
1912,2021-04-24,PAB,5110,2452,2658,4287,485,338,ITH,ITH1,4,Provincia Autonoma Bolzano / Bozen,P.A. Bolzano,533050,9601,1.8,0.96
1913,2021-07-14,PAB,867,449,418,508,359,0,ITH,ITH1,4,Provincia Autonoma Bolzano / Bozen,P.A. Bolzano,533050,10468,1.96,0.16
1914,2021-04-05,PAB,301,144,157,22,278,1,ITH,ITH1,4,Provincia Autonoma Bolzano / Bozen,P.A. Bolzano,533050,10769,2.02,0.06
1915,2021-06-27,PAB,4425,2314,2111,573,3807,45,ITH,ITH1,4,Provincia Autonoma Bolzano / Bozen,P.A. Bolzano,533050,15194,2.85,0.83
1916,2021-01-12,PAB,1709,459,1250,1709,0,0,ITH,ITH1,4,Provincia Autonoma Bolzano / Bozen,P.A. Bolzano,533050,16903,3.17,0.32
1917,2021-01-24,PAB,12,10,2,0,12,0,ITH,ITH1,4,Provincia Autonoma Bolzano / Bozen,P.A. Bolzano,533050,16915,3.17,0.0
1918,2021-07-04,PAB,4413,2130,2283,188,4225,0,ITH,ITH1,4,Provincia Autonoma Bolzano / Bozen,P.A. Bolzano,533050,21328,4.0,0.83
1919,2021-06-06,PAB,4536,2179,2357,808,3678,50,ITH,ITH1,4,Provincia Autonoma Bolzano / Bozen,P.A. Bolzano,533050,25864,4.85,0.85
1920,2021-02-26,PAB,1527,551,976,1469,30,28,ITH,ITH1,4,Provincia Autonoma Bolzano / Bozen,P.A. Bolzano,533050,27391,5.14,0.29
1921,2021-06-01,PAB,3636,2366,1270,2020,1473,143,ITH,ITH1,4,Provincia Autonoma Bolzano / Bozen,P.A. Bolzano,533050,31027,5.82,0.68
1922,2021-02-19,PAB,2252,512,1740,2192,11,49,ITH,ITH1,4,Provincia Autonoma Bolzano / Bozen,P.A. Bolzano,533050,33279,6.24,0.42
1923,2021-03-22,PAB,1144,523,621,1110,5,29,ITH,ITH1,4,Provincia Autonoma Bolzano / Bozen,P.A. Bolzano,533050,34423,6.46,0.21
1924,2021-02-12,PAB,730,217,513,464,248,18,ITH,ITH1,4,Provincia Autonoma Bolzano / Bozen,P.A. Bolzano,533050,35153,6.59,0.14
1925,2021-04-10,PAB,5396,2666,2730,4631,588,177,ITH,ITH1,4,Provincia Autonoma Bolzano / Bozen,P.A. Bolzano,533050,40549,7.61,1.01
1926,2020-12-31,PAB,914,520,394,914,0,0,ITH,ITH1,4,Provincia Autonoma Bolzano / Bozen,P.A. Bolzano,533050,41463,7.78,0.17
1927,2021-04-19,PAB,1873,859,1014,1600,182,91,ITH,ITH1,4,Provincia Autonoma Bolzano / Bozen,P.A. Bolzano,533050,43336,8.13,0.35
1928,2021-06-15,PAB,2024,1167,857,461,1532,31,ITH,ITH1,4,Provincia Autonoma Bolzano / Bozen,P.A. Bolzano,533050,45360,8.51,0.38
1929,2021-05-20,PAB,4919,2473,2446,3271,1469,179,ITH,ITH1,4,Provincia Autonoma Bolzano / Bozen,P.A. Bolzano,533050,50279,9.43,0.92
1930,2021-07-09,PAB,5216,2607,2609,1054,4162,0,ITH,ITH1,4,Provincia Autonoma Bolzano / Bozen,P.A. Bolzano,533050,55495,10.41,0.98
1931,2021-03-31,PAB,1832,694,1138,727,1011,94,ITH,ITH1,4,Provincia Autonoma Bolzano / Bozen,P.A. Bolzano,533050,57327,10.75,0.34
1932,2021-06-20,PAB,5232,2845,2387,592,4593,47,ITH,ITH1,4,Provincia Autonoma Bolzano / Bozen,P.A. Bolzano,533050,62559,11.74,0.98
1933,2021-02-07,PAB,2362,1058,1304,14,2348,0,ITH,ITH1,4,Provincia Autonoma Bolzano / Bozen,P.A. Bolzano,533050,64921,12.18,0.44
1934,2021-05-18,PAB,3343,1754,1589,2052,1186,105,ITH,ITH1,4,Provincia Autonoma Bolzano / Bozen,P.A. Bolzano,533050,68264,12.81,0.63
1935,2021-01-26,PAB,810,291,519,1,809,0,ITH,ITH1,4,Provincia Autonoma Bolzano / Bozen,P.A. Bolzano,533050,69074,12.96,0.15
1936,2021-07-02,PAB,3200,1657,1543,1028,2172,0,ITH,ITH1,4,Provincia Autonoma Bolzano / Bozen,P.A. Bolzano,533050,72274,13.56,0.6
1937,2021-03-24,PAB,2064,999,1065,1997,13,54,ITH,ITH1,4,Provincia Autonoma Bolzano / Bozen,P.A. Bolzano,533050,74338,13.95,0.39
1938,2021-03-10,PAB,1268,529,739,1073,143,52,ITH,ITH1,4,Provincia Autonoma Bolzano / Bozen,P.A. Bolzano,533050,75606,14.18,0.24
1939,2021-05-06,PAB,5181,2747,2434,2344,2568,269,ITH,ITH1,4,Provincia Autonoma Bolzano / Bozen,P.A. Bolzano,533050,80787,15.16,0.97
1940,2021-06-29,PAB,1874,1011,863,236,1617,21,ITH,ITH1,4,Provincia Autonoma Bolzano / Bozen,P.A. Bolzano,533050,82661,15.51,0.35
1941,2021-03-21,PAB,768,285,483,13,754,1,ITH,ITH1,4,Provincia Autonoma Bolzano / Bozen,P.A. Bolzano,533050,83429,15.65,0.14
1942,2021-06-12,PAB,5057,2744,2313,1639,3288,130,ITH,ITH1,4,Provincia Autonoma Bolzano / Bozen,P.A. Bolzano,533050,88486,16.6,0.95
1943,2021-05-15,PAB,7005,3691,3314,6289,294,422,ITH,ITH1,4,Provincia Autonoma Bolzano / Bozen,P.A. Bolzano,533050,95491,17.91,1.31
1944,2021-02-04,PAB,1958,593,1365,8,1950,0,ITH,ITH1,4,Provincia Autonoma Bolzano / Bozen,P.A. Bolzano,533050,97449,18.28,0.37
1945,2021-07-11,PAB,6062,3090,2972,1192,4870,0,ITH,ITH1,4,Provincia Autonoma Bolzano / Bozen,P.A. Bolzano,533050,103511,19.42,1.14
1946,2021-06-08,PAB,4193,2140,2053,846,3319,28,ITH,ITH1,4,Provincia Autonoma Bolzano / Bozen,P.A. Bolzano,533050,107704,20.21,0.79
1947,2021-03-05,PAB,1841,625,1216,1381,443,17,ITH,ITH1,4,Provincia Autonoma Bolzano / Bozen,P.A. Bolzano,533050,109545,20.55,0.35
1948,2021-05-27,PAB,6148,3236,2912,3799,2010,339,ITH,ITH1,4,Provincia Autonoma Bolzano / Bozen,P.A. Bolzano,533050,115693,21.7,1.15
1949,2021-06-13,PAB,3682,2049,1633,450,3192,40,ITH,ITH1,4,Provincia Autonoma Bolzano / Bozen,P.A. Bolzano,533050,119375,22.39,0.69
1950,2021-05-25,PAB,3859,2000,1859,2853,886,120,ITH,ITH1,4,Provincia Autonoma Bolzano / Bozen,P.A. Bolzano,533050,123234,23.12,0.72
1951,2021-02-14,PAB,297,130,167,295,0,2,ITH,ITH1,4,Provincia Autonoma Bolzano / Bozen,P.A. Bolzano,533050,123531,23.17,0.06
1952,2021-05-08,PAB,4427,2382,2045,3558,663,206,ITH,ITH1,4,Provincia Autonoma Bolzano / Bozen,P.A. Bolzano,533050,127958,24.0,0.83
1953,2021-03-03,PAB,1181,395,786,1144,13,24,ITH,ITH1,4,Provincia Autonoma Bolzano / Bozen,P.A. Bolzano,533050,129139,24.23,0.22
1954,2021-04-17,PAB,5239,2602,2637,4941,44,254,ITH,ITH1,4,Provincia Autonoma Bolzano / Bozen,P.A. Bolzano,533050,134378,25.21,0.98
1955,2021-01-07,PAB,918,327,591,918,0,0,ITH,ITH1,4,Provincia Autonoma Bolzano / Bozen,P.A. Bolzano,533050,135296,25.38,0.17
1956,2021-07-21,PAB,3215,1879,1336,573,2642,0,ITH,ITH1,4,Provincia Autonoma Bolzano / Bozen,P.A. Bolzano,533050,138511,25.98,0.6
1957,2021-04-12,PAB,2105,946,1159,2022,7,76,ITH,ITH1,4,Provincia Autonoma Bolzano / Bozen,P.A. Bolzano,533050,140616,26.38,0.39
1958,2021-03-07,PAB,114,13,101,9,105,0,ITH,ITH1,4,Provincia Autonoma Bolzano / Bozen,P.A. Bolzano,533050,140730,26.4,0.02
1959,2021-07-23,PAB,3938,2126,1812,1554,2384,0,ITH,ITH1,4,Provincia Autonoma Bolzano / Bozen,P.A. Bolzano,533050,144668,27.14,0.74
1960,2021-01-05,PAB,830,286,544,829,0,1,ITH,ITH1,4,Provincia Autonoma Bolzano / Bozen,P.A. Bolzano,533050,145498,27.3,0.16
1961,2021-01-23,PAB,197,117,80,0,197,0,ITH,ITH1,4,Provincia Autonoma Bolzano / Bozen,P.A. Bolzano,533050,145695,27.33,0.04
1962,2021-05-03,PAB,1831,847,984,397,1413,21,ITH,ITH1,4,Provincia Autonoma Bolzano / Bozen,P.A. Bolzano,533050,147526,27.68,0.34
1963,2021-02-23,PAB,769,324,445,760,6,3,ITH,ITH1,4,Provincia Autonoma Bolzano / Bozen,P.A. Bolzano,533050,148295,27.82,0.14
1964,2021-05-17,PAB,3139,1516,1623,2266,694,179,ITH,ITH1,4,Provincia Autonoma Bolzano / Bozen,P.A. Bolzano,533050,151434,28.41,0.59
1965,2021-06-03,PAB,4801,2614,2187,3625,947,229,ITH,ITH1,4,Provincia Autonoma Bolzano / Bozen,P.A. Bolzano,533050,156235,29.31,0.9
1966,2021-03-17,PAB,582,213,369,546,2,34,ITH,ITH1,4,Provincia Autonoma Bolzano / Bozen,P.A. Bolzano,533050,156817,29.42,0.11
1967,2021-05-13,PAB,2995,1355,1640,1009,1930,56,ITH,ITH1,4,Provincia Autonoma Bolzano / Bozen,P.A. Bolzano,533050,159812,29.98,0.56
1968,2021-04-29,PAB,2631,1351,1280,1731,694,206,ITH,ITH1,4,Provincia Autonoma Bolzano / Bozen,P.A. Bolzano,533050,162443,30.47,0.49
1969,2021-01-19,PAB,853,371,482,723,130,0,ITH,ITH1,4,Provincia Autonoma Bolzano / Bozen,P.A. Bolzano,533050,163296,30.63,0.16
1970,2021-06-25,PAB,4171,2304,1867,1018,3014,139,ITH,ITH1,4,Provincia Autonoma Bolzano / Bozen,P.A. Bolzano,533050,167467,31.42,0.78
1971,2021-05-01,PAB,2104,1067,1037,1810,160,134,ITH,ITH1,4,Provincia Autonoma Bolzano / Bozen,P.A. Bolzano,533050,169571,31.81,0.39
1972,2021-03-12,PAB,1664,734,930,1219,413,32,ITH,ITH1,4,Provincia Autonoma Bolzano / Bozen,P.A. Bolzano,533050,171235,32.12,0.31
1973,2021-03-29,PAB,1172,500,672,390,760,22,ITH,ITH1,4,Provincia Autonoma Bolzano / Bozen,P.A. Bolzano,533050,172407,32.34,0.22
1974,2021-01-14,PAB,1946,575,1371,1946,0,0,ITH,ITH1,4,Provincia Autonoma Bolzano / Bozen,P.A. Bolzano,533050,174353,32.71,0.37
1975,2021-04-07,PAB,1798,823,975,1160,540,98,ITH,ITH1,4,Provincia Autonoma Bolzano / Bozen,P.A. Bolzano,533050,176151,33.05,0.34
1976,2021-03-02,PAB,695,200,495,673,2,20,ITH,ITH1,4,Provincia Autonoma Bolzano / Bozen,P.A. Bolzano,533050,176846,33.18,0.13
1977,2021-03-19,PAB,1906,773,1133,748,1107,51,ITH,ITH1,4,Provincia Autonoma Bolzano / Bozen,P.A. Bolzano,533050,178752,33.53,0.36
1978,2021-04-02,PAB,2077,837,1240,578,1357,142,ITH,ITH1,4,Provincia Autonoma Bolzano / Bozen,P.A. Bolzano,533050,180829,33.92,0.39
1979,2021-05-29,PAB,7316,3893,3423,3997,3139,180,ITH,ITH1,4,Provincia Autonoma Bolzano / Bozen,P.A. Bolzano,533050,188145,35.3,1.37
1980,2021-03-26,PAB,1658,733,925,503,1135,20,ITH,ITH1,4,Provincia Autonoma Bolzano / Bozen,P.A. Bolzano,533050,189803,35.61,0.31
1981,2021-04-09,PAB,2937,1301,1636,1936,730,271,ITH,ITH1,4,Provincia Autonoma Bolzano / Bozen,P.A. Bolzano,533050,192740,36.16,0.55
1982,2021-05-10,PAB,3018,1300,1718,1331,1605,82,ITH,ITH1,4,Provincia Autonoma Bolzano / Bozen,P.A. Bolzano,533050,195758,36.72,0.57
1983,2021-02-16,PAB,530,205,325,529,0,1,ITH,ITH1,4,Provincia Autonoma Bolzano / Bozen,P.A. Bolzano,533050,196288,36.82,0.1
1984,2021-01-28,PAB,871,308,563,9,862,0,ITH,ITH1,4,Provincia Autonoma Bolzano / Bozen,P.A. Bolzano,533050,197159,36.99,0.16
1985,2021-07-06,PAB,1719,924,795,738,981,0,ITH,ITH1,4,Provincia Autonoma Bolzano / Bozen,P.A. Bolzano,533050,198878,37.31,0.32
1986,2021-06-22,PAB,2461,1418,1043,310,2125,26,ITH,ITH1,4,Provincia Autonoma Bolzano / Bozen,P.A. Bolzano,533050,201339,37.77,0.46
1987,2021-03-14,PAB,758,336,422,14,733,11,ITH,ITH1,4,Provincia Autonoma Bolzano / Bozen,P.A. Bolzano,533050,202097,37.91,0.14
1988,2021-04-14,PAB,3593,1645,1948,3215,91,287,ITH,ITH1,4,Provincia Autonoma Bolzano / Bozen,P.A. Bolzano,533050,205690,38.59,0.67
1989,2021-01-04,PAB,508,201,307,508,0,0,ITH,ITH1,4,Provincia Autonoma Bolzano / Bozen,P.A. Bolzano,533050,206198,38.68,0.1
1990,2021-02-09,PAB,317,126,191,1,316,0,ITH,ITH1,4,Provincia Autonoma Bolzano / Bozen,P.A. Bolzano,533050,206515,38.74,0.06
1991,2021-07-13,PAB,3370,1723,1647,1444,1926,0,ITH,ITH1,4,Provincia Autonoma Bolzano / Bozen,P.A. Bolzano,533050,209885,39.37,0.63
1992,2021-02-02,PAB,1745,506,1239,8,1737,0,ITH,ITH1,4,Provincia Autonoma Bolzano / Bozen,P.A. Bolzano,533050,211630,39.7,0.33
1993,2021-07-20,PAB,3118,1717,1401,1598,1520,0,ITH,ITH1,4,Provincia Autonoma Bolzano / Bozen,P.A. Bolzano,533050,214748,40.29,0.58
1994,2021-05-31,PAB,3003,1478,1525,2011,867,125,ITH,ITH1,4,Provincia Autonoma Bolzano / Bozen,P.A. Bolzano,533050,217751,40.85,0.56
1995,2021-01-21,PAB,954,443,511,139,815,0,ITH,ITH1,4,Provincia Autonoma Bolzano / Bozen,P.A. Bolzano,533050,218705,41.03,0.18
1996,2021-07-25,PAB,1888,1125,763,742,1146,0,ITH,ITH1,4,Provincia Autonoma Bolzano / Bozen,P.A. Bolzano,533050,220593,41.38,0.35
1997,2021-07-01,PAB,4630,2301,2329,1330,3165,135,ITH,ITH1,4,Provincia Autonoma Bolzano / Bozen,P.A. Bolzano,533050,225223,42.25,0.87
1998,2021-03-04,PAB,1715,1005,710,1430,229,56,ITH,ITH1,4,Provincia Autonoma Bolzano / Bozen,P.A. Bolzano,533050,226938,42.57,0.32
1999,2021-05-22,PAB,6832,3562,3270,4435,2166,231,ITH,ITH1,4,Provincia Autonoma Bolzano / Bozen,P.A. Bolzano,533050,233770,43.86,1.28
2000,2021-02-11,PAB,1094,432,662,238,855,1,ITH,ITH1,4,Provincia Autonoma Bolzano / Bozen,P.A. Bolzano,533050,234864,44.06,0.21
2001,2021-07-18,PAB,1750,979,771,609,1141,0,ITH,ITH1,4,Provincia Autonoma Bolzano / Bozen,P.A. Bolzano,533050,236614,44.39,0.33
2002,2021-02-18,PAB,1839,457,1382,1810,7,22,ITH,ITH1,4,Provincia Autonoma Bolzano / Bozen,P.A. Bolzano,533050,238453,44.73,0.34
2003,2020-12-30,PAB,388,182,206,388,0,0,ITH,ITH1,4,Provincia Autonoma Bolzano / Bozen,P.A. Bolzano,533050,238841,44.81,0.07
2004,2021-06-09,PAB,3814,1898,1916,1231,2475,108,ITH,ITH1,4,Provincia Autonoma Bolzano / Bozen,P.A. Bolzano,533050,242655,45.52,0.72
2005,2021-03-01,PAB,922,221,701,886,1,35,ITH,ITH1,4,Provincia Autonoma Bolzano / Bozen,P.A. Bolzano,533050,243577,45.69,0.17
2006,2021-03-15,PAB,1193,452,741,696,482,15,ITH,ITH1,4,Provincia Autonoma Bolzano / Bozen,P.A. Bolzano,533050,244770,45.92,0.22
2007,2021-04-27,PAB,2226,1013,1213,1051,1077,98,ITH,ITH1,4,Provincia Autonoma Bolzano / Bozen,P.A. Bolzano,533050,246996,46.34,0.42
2008,2021-01-17,PAB,2328,1044,1284,2317,11,0,ITH,ITH1,4,Provincia Autonoma Bolzano / Bozen,P.A. Bolzano,533050,249324,46.77,0.44
2009,2021-04-25,PAB,3073,1497,1576,2274,672,127,ITH,ITH1,4,Provincia Autonoma Bolzano / Bozen,P.A. Bolzano,533050,252397,47.35,0.58
2010,2021-01-13,PAB,1691,557,1134,1691,0,0,ITH,ITH1,4,Provincia Autonoma Bolzano / Bozen,P.A. Bolzano,533050,254088,47.67,0.32
2011,2021-01-30,PAB,498,245,253,4,494,0,ITH,ITH1,4,Provincia Autonoma Bolzano / Bozen,P.A. Bolzano,533050,254586,47.76,0.09
2012,2021-04-23,PAB,4543,2151,2392,3040,1291,212,ITH,ITH1,4,Provincia Autonoma Bolzano / Bozen,P.A. Bolzano,533050,259129,48.61,0.85
2013,2021-01-11,PAB,1574,513,1061,1574,0,0,ITH,ITH1,4,Provincia Autonoma Bolzano / Bozen,P.A. Bolzano,533050,260703,48.91,0.3
2014,2021-07-15,PAB,4380,2309,2071,1684,2696,0,ITH,ITH1,4,Provincia Autonoma Bolzano / Bozen,P.A. Bolzano,533050,265083,49.73,0.82
2015,2021-04-06,PAB,2251,1118,1133,1940,104,207,ITH,ITH1,4,Provincia Autonoma Bolzano / Bozen,P.A. Bolzano,533050,267334,50.15,0.42
2016,2021-02-06,PAB,2627,1172,1455,18,2608,1,ITH,ITH1,4,Provincia Autonoma Bolzano / Bozen,P.A. Bolzano,533050,269961,50.64,0.49
2017,2021-06-21,PAB,3162,1612,1550,255,2867,40,ITH,ITH1,4,Provincia Autonoma Bolzano / Bozen,P.A. Bolzano,533050,273123,51.24,0.59
2018,2021-06-05,PAB,6080,3030,3050,4696,1096,288,ITH,ITH1,4,Provincia Autonoma Bolzano / Bozen,P.A. Bolzano,533050,279203,52.38,1.14
2019,2021-04-30,PAB,3342,1594,1748,1431,1776,135,ITH,ITH1,4,Provincia Autonoma Bolzano / Bozen,P.A. Bolzano,533050,282545,53.01,0.63
2020,2021-01-20,PAB,618,253,365,410,208,0,ITH,ITH1,4,Provincia Autonoma Bolzano / Bozen,P.A. Bolzano,533050,283163,53.12,0.12
2021,2021-07-22,PAB,3709,1928,1781,1925,1784,0,ITH,ITH1,4,Provincia Autonoma Bolzano / Bozen,P.A. Bolzano,533050,286872,53.82,0.7
2022,2021-01-06,PAB,59,18,41,59,0,0,ITH,ITH1,4,Provincia Autonoma Bolzano / Bozen,P.A. Bolzano,533050,286931,53.83,0.01
2023,2021-03-30,PAB,1299,532,767,204,1080,15,ITH,ITH1,4,Provincia Autonoma Bolzano / Bozen,P.A. Bolzano,533050,288230,54.07,0.24
2024,2021-01-01,PAB,6,5,1,6,0,0,ITH,ITH1,4,Provincia Autonoma Bolzano / Bozen,P.A. Bolzano,533050,288236,54.07,0.0
2025,2021-06-07,PAB,2950,1536,1414,2493,318,139,ITH,ITH1,4,Provincia Autonoma Bolzano / Bozen,P.A. Bolzano,533050,291186,54.63,0.55
2026,2021-02-27,PAB,2458,759,1699,2411,10,37,ITH,ITH1,4,Provincia Autonoma Bolzano / Bozen,P.A. Bolzano,533050,293644,55.09,0.46
2027,2021-02-13,PAB,318,79,239,310,6,2,ITH,ITH1,4,Provincia Autonoma Bolzano / Bozen,P.A. Bolzano,533050,293962,55.15,0.06
2028,2021-04-11,PAB,2724,1294,1430,2446,177,101,ITH,ITH1,4,Provincia Autonoma Bolzano / Bozen,P.A. Bolzano,533050,296686,55.66,0.51
2029,2021-05-24,PAB,1454,766,688,1039,333,82,ITH,ITH1,4,Provincia Autonoma Bolzano / Bozen,P.A. Bolzano,533050,298140,55.93,0.27
2030,2021-03-28,PAB,569,212,357,11,558,0,ITH,ITH1,4,Provincia Autonoma Bolzano / Bozen,P.A. Bolzano,533050,298709,56.04,0.11
2031,2021-06-23,PAB,1151,594,557,333,767,51,ITH,ITH1,4,Provincia Autonoma Bolzano / Bozen,P.A. Bolzano,533050,299860,56.25,0.22
2032,2021-04-20,PAB,1563,785,778,1486,3,74,ITH,ITH1,4,Provincia Autonoma Bolzano / Bozen,P.A. Bolzano,533050,301423,56.55,0.29
2033,2021-01-10,PAB,2,2,0,2,0,0,ITH,ITH1,4,Provincia Autonoma Bolzano / Bozen,P.A. Bolzano,533050,301425,56.55,0.0
2034,2021-06-16,PAB,3814,2020,1794,6,3804,4,ITH,ITH1,4,Provincia Autonoma Bolzano / Bozen,P.A. Bolzano,533050,305239,57.26,0.72
2035,2021-03-08,PAB,1210,534,676,1161,27,22,ITH,ITH1,4,Provincia Autonoma Bolzano / Bozen,P.A. Bolzano,533050,306449,57.49,0.23
2036,2021-05-04,PAB,3449,1843,1606,2252,1037,160,ITH,ITH1,4,Provincia Autonoma Bolzano / Bozen,P.A. Bolzano,533050,309898,58.14,0.65
2037,2021-04-21,PAB,3013,1468,1545,2032,848,133,ITH,ITH1,4,Provincia Autonoma Bolzano / Bozen,P.A. Bolzano,533050,312911,58.7,0.57
2038,2021-06-24,PAB,3924,2030,1894,1555,2195,174,ITH,ITH1,4,Provincia Autonoma Bolzano / Bozen,P.A. Bolzano,533050,316835,59.44,0.74
2039,2021-01-09,PAB,612,326,286,612,0,0,ITH,ITH1,4,Provincia Autonoma Bolzano / Bozen,P.A. Bolzano,533050,317447,59.55,0.11
2040,2021-06-17,PAB,1763,977,786,611,1079,73,ITH,ITH1,4,Provincia Autonoma Bolzano / Bozen,P.A. Bolzano,533050,319210,59.88,0.33
2041,2021-01-02,PAB,91,48,43,91,0,0,ITH,ITH1,4,Provincia Autonoma Bolzano / Bozen,P.A. Bolzano,533050,319301,59.9,0.02
2042,2021-06-26,PAB,4540,2327,2213,1361,3072,107,ITH,ITH1,4,Provincia Autonoma Bolzano / Bozen,P.A. Bolzano,533050,323841,60.75,0.85
2043,2021-03-18,PAB,1302,531,771,216,1076,10,ITH,ITH1,4,Provincia Autonoma Bolzano / Bozen,P.A. Bolzano,533050,325143,61.0,0.24
2044,2021-05-14,PAB,5135,2320,2815,2888,2038,209,ITH,ITH1,4,Provincia Autonoma Bolzano / Bozen,P.A. Bolzano,533050,330278,61.96,0.96
2045,2021-03-16,PAB,1290,532,758,116,1166,8,ITH,ITH1,4,Provincia Autonoma Bolzano / Bozen,P.A. Bolzano,533050,331568,62.2,0.24
2046,2021-05-26,PAB,4990,2517,2473,2826,1974,190,ITH,ITH1,4,Provincia Autonoma Bolzano / Bozen,P.A. Bolzano,533050,336558,63.14,0.94
2047,2021-06-14,PAB,2964,1607,1357,561,2357,46,ITH,ITH1,4,Provincia Autonoma Bolzano / Bozen,P.A. Bolzano,533050,339522,63.69,0.56
2048,2021-04-16,PAB,2951,1419,1532,2275,511,165,ITH,ITH1,4,Provincia Autonoma Bolzano / Bozen,P.A. Bolzano,533050,342473,64.25,0.55
2049,2021-07-08,PAB,5501,2780,2721,622,4879,0,ITH,ITH1,4,Provincia Autonoma Bolzano / Bozen,P.A. Bolzano,533050,347974,65.28,1.03
2050,2021-06-19,PAB,5660,3014,2646,555,5033,72,ITH,ITH1,4,Provincia Autonoma Bolzano / Bozen,P.A. Bolzano,533050,353634,66.34,1.06
2051,2021-03-11,PAB,1685,825,860,1092,538,55,ITH,ITH1,4,Provincia Autonoma Bolzano / Bozen,P.A. Bolzano,533050,355319,66.66,0.32
2052,2021-02-25,PAB,1498,549,949,1487,1,10,ITH,ITH1,4,Provincia Autonoma Bolzano / Bozen,P.A. Bolzano,533050,356817,66.94,0.28
2053,2021-06-02,PAB,1452,814,638,963,457,32,ITH,ITH1,4,Provincia Autonoma Bolzano / Bozen,P.A. Bolzano,533050,358269,67.21,0.27
2054,2021-02-08,PAB,2,1,1,1,1,0,ITH,ITH1,4,Provincia Autonoma Bolzano / Bozen,P.A. Bolzano,533050,358271,67.21,0.0
2055,2021-05-19,PAB,3851,1978,1873,1922,1786,143,ITH,ITH1,4,Provincia Autonoma Bolzano / Bozen,P.A. Bolzano,533050,362122,67.93,0.72
2056,2021-01-03,PAB,41,16,25,41,0,0,ITH,ITH1,4,Provincia Autonoma Bolzano / Bozen,P.A. Bolzano,533050,362163,67.94,0.01
2057,2021-04-13,PAB,2394,1132,1262,2298,7,89,ITH,ITH1,4,Provincia Autonoma Bolzano / Bozen,P.A. Bolzano,533050,364557,68.39,0.45
2058,2021-07-26,PAB,1614,931,683,1203,411,0,ITH,ITH1,4,Provincia Autonoma Bolzano / Bozen,P.A. Bolzano,533050,366171,68.69,0.3
2059,2021-07-17,PAB,3137,1795,1342,792,2345,0,ITH,ITH1,4,Provincia Autonoma Bolzano / Bozen,P.A. Bolzano,533050,369308,69.28,0.59
2060,2021-04-08,PAB,2767,1347,1420,2473,204,90,ITH,ITH1,4,Provincia Autonoma Bolzano / Bozen,P.A. Bolzano,533050,372075,69.8,0.52
2061,2020-12-27,PAB,144,65,79,144,0,0,ITH,ITH1,4,Provincia Autonoma Bolzano / Bozen,P.A. Bolzano,533050,372219,69.83,0.03
2062,2021-06-30,PAB,3060,1564,1496,397,2604,59,ITH,ITH1,4,Provincia Autonoma Bolzano / Bozen,P.A. Bolzano,533050,375279,70.4,0.57
2063,2021-06-11,PAB,5785,2976,2809,2085,3480,220,ITH,ITH1,4,Provincia Autonoma Bolzano / Bozen,P.A. Bolzano,533050,381064,71.49,1.09
2064,2021-03-20,PAB,1759,850,909,1108,625,26,ITH,ITH1,4,Provincia Autonoma Bolzano / Bozen,P.A. Bolzano,533050,382823,71.82,0.33
2065,2021-06-28,PAB,4607,2304,2303,215,4367,25,ITH,ITH1,4,Provincia Autonoma Bolzano / Bozen,P.A. Bolzano,533050,387430,72.68,0.86
2066,2021-02-20,PAB,1802,540,1262,1753,18,31,ITH,ITH1,4,Provincia Autonoma Bolzano / Bozen,P.A. Bolzano,533050,389232,73.02,0.34
2067,2021-07-27,PAB,2656,1601,1055,628,2028,0,ITH,ITH1,4,Provincia Autonoma Bolzano / Bozen,P.A. Bolzano,533050,391888,73.52,0.5
2068,2021-04-18,PAB,3110,1607,1503,2004,1010,96,ITH,ITH1,4,Provincia Autonoma Bolzano / Bozen,P.A. Bolzano,533050,394998,74.1,0.58
2069,2021-01-15,PAB,3282,1228,2054,3281,0,1,ITH,ITH1,4,Provincia Autonoma Bolzano / Bozen,P.A. Bolzano,533050,398280,74.72,0.62
2070,2021-06-18,PAB,4157,2162,1995,1131,2899,127,ITH,ITH1,4,Provincia Autonoma Bolzano / Bozen,P.A. Bolzano,533050,402437,75.5,0.78
2071,2021-02-22,PAB,526,143,383,496,12,18,ITH,ITH1,4,Provincia Autonoma Bolzano / Bozen,P.A. Bolzano,533050,402963,75.6,0.1
2072,2021-07-07,PAB,1979,1027,952,643,1336,0,ITH,ITH1,4,Provincia Autonoma Bolzano / Bozen,P.A. Bolzano,533050,404942,75.97,0.37
2073,2021-02-15,PAB,72,42,30,23,46,3,ITH,ITH1,4,Provincia Autonoma Bolzano / Bozen,P.A. Bolzano,533050,405014,75.98,0.01
2074,2021-05-11,PAB,2844,1335,1509,1241,1522,81,ITH,ITH1,4,Provincia Autonoma Bolzano / Bozen,P.A. Bolzano,533050,407858,76.51,0.53
2075,2021-01-29,PAB,1497,510,987,24,1473,0,ITH,ITH1,4,Provincia Autonoma Bolzano / Bozen,P.A. Bolzano,533050,409355,76.79,0.28
2076,2021-04-22,PAB,2924,1501,1423,1852,942,130,ITH,ITH1,4,Provincia Autonoma Bolzano / Bozen,P.A. Bolzano,533050,412279,77.34,0.55
2077,2021-05-09,PAB,4241,2410,1831,2923,1152,166,ITH,ITH1,4,Provincia Autonoma Bolzano / Bozen,P.A. Bolzano,533050,416520,78.14,0.8
2078,2021-03-06,PAB,3973,2081,1892,3674,211,88,ITH,ITH1,4,Provincia Autonoma Bolzano / Bozen,P.A. Bolzano,533050,420493,78.88,0.75
2079,2021-05-28,PAB,6891,3610,3281,4782,1890,219,ITH,ITH1,4,Provincia Autonoma Bolzano / Bozen,P.A. Bolzano,533050,427384,80.18,1.29
2080,2021-02-17,PAB,156,51,105,139,17,0,ITH,ITH1,4,Provincia Autonoma Bolzano / Bozen,P.A. Bolzano,533050,427540,80.21,0.03
2081,2021-05-12,PAB,3792,2058,1734,3393,153,246,ITH,ITH1,4,Provincia Autonoma Bolzano / Bozen,P.A. Bolzano,533050,431332,80.92,0.71
2082,2021-02-01,PAB,1453,440,1013,11,1441,1,ITH,ITH1,4,Provincia Autonoma Bolzano / Bozen,P.A. Bolzano,533050,432785,81.19,0.27
2083,2021-03-09,PAB,1194,543,651,1164,2,28,ITH,ITH1,4,Provincia Autonoma Bolzano / Bozen,P.A. Bolzano,533050,433979,81.41,0.22
2084,2021-05-23,PAB,4338,2303,2035,4116,8,214,ITH,ITH1,4,Provincia Autonoma Bolzano / Bozen,P.A. Bolzano,533050,438317,82.23,0.81
2085,2021-07-19,PAB,2771,1388,1383,725,2046,0,ITH,ITH1,4,Provincia Autonoma Bolzano / Bozen,P.A. Bolzano,533050,441088,82.75,0.52
2086,2021-02-03,PAB,1503,478,1025,5,1498,0,ITH,ITH1,4,Provincia Autonoma Bolzano / Bozen,P.A. Bolzano,533050,442591,83.03,0.28
2087,2021-02-10,PAB,1636,605,1031,25,1610,1,ITH,ITH1,4,Provincia Autonoma Bolzano / Bozen,P.A. Bolzano,533050,444227,83.34,0.31
2088,2021-05-21,PAB,6952,3821,3131,4793,1847,312,ITH,ITH1,4,Provincia Autonoma Bolzano / Bozen,P.A. Bolzano,533050,451179,84.64,1.3
2089,2021-01-08,PAB,1521,479,1042,1521,0,0,ITH,ITH1,4,Provincia Autonoma Bolzano / Bozen,P.A. Bolzano,533050,452700,84.93,0.29
2090,2021-05-16,PAB,2025,932,1093,1279,692,54,ITH,ITH1,4,Provincia Autonoma Bolzano / Bozen,P.A. Bolzano,533050,454725,85.31,0.38
2091,2021-06-04,PAB,6564,3296,3268,4800,1530,234,ITH,ITH1,4,Provincia Autonoma Bolzano / Bozen,P.A. Bolzano,533050,461289,86.54,1.23
2092,2021-02-24,PAB,1367,406,961,1316,12,39,ITH,ITH1,4,Provincia Autonoma Bolzano / Bozen,P.A. Bolzano,533050,462656,86.79,0.26
2093,2021-03-27,PAB,3051,1554,1497,1477,1508,66,ITH,ITH1,4,Provincia Autonoma Bolzano / Bozen,P.A. Bolzano,533050,465707,87.37,0.57
2094,2021-03-13,PAB,2885,1459,1426,2724,101,60,ITH,ITH1,4,Provincia Autonoma Bolzano / Bozen,P.A. Bolzano,533050,468592,87.91,0.54
2095,2021-02-05,PAB,3195,1181,2014,8,3187,0,ITH,ITH1,4,Provincia Autonoma Bolzano / Bozen,P.A. Bolzano,533050,471787,88.51,0.6
2096,2021-04-15,PAB,4399,2307,2092,3899,263,237,ITH,ITH1,4,Provincia Autonoma Bolzano / Bozen,P.A. Bolzano,533050,476186,89.33,0.83
2097,2021-07-24,PAB,4660,2750,1910,1344,3316,0,ITH,ITH1,4,Provincia Autonoma Bolzano / Bozen,P.A. Bolzano,533050,480846,90.21,0.87
2098,2021-05-02,PAB,2457,1288,1169,1423,921,113,ITH,ITH1,4,Provincia Autonoma Bolzano / Bozen,P.A. Bolzano,533050,483303,90.67,0.46
2099,2021-01-22,PAB,248,143,105,124,124,0,ITH,ITH1,4,Provincia Autonoma Bolzano / Bozen,P.A. Bolzano,533050,483551,90.71,0.05
2100,2021-04-28,PAB,2464,1302,1162,2241,5,218,ITH,ITH1,4,Provincia Autonoma Bolzano / Bozen,P.A. Bolzano,533050,486015,91.18,0.46
2101,2021-01-16,PAB,2840,1265,1575,2840,0,0,ITH,ITH1,4,Provincia Autonoma Bolzano / Bozen,P.A. Bolzano,533050,488855,91.71,0.53
2102,2021-06-10,PAB,4458,2313,2145,1271,3095,92,ITH,ITH1,4,Provincia Autonoma Bolzano / Bozen,P.A. Bolzano,533050,493313,92.55,0.84
2103,2021-04-26,PAB,1543,771,772,1446,5,92,ITH,ITH1,4,Provincia Autonoma Bolzano / Bozen,P.A. Bolzano,533050,494856,92.83,0.29
2104,2021-07-10,PAB,5794,2992,2802,1058,4736,0,ITH,ITH1,4,Provincia Autonoma Bolzano / Bozen,P.A. Bolzano,533050,500650,93.92,1.09
2105,2021-01-18,PAB,1772,687,1085,1766,5,1,ITH,ITH1,4,Provincia Autonoma Bolzano / Bozen,P.A. Bolzano,533050,502422,94.25,0.33
2106,2021-05-07,PAB,4194,2062,2132,3375,528,291,ITH,ITH1,4,Provincia Autonoma Bolzano / Bozen,P.A. Bolzano,533050,506616,95.04,0.79
2107,2021-07-03,PAB,5632,2790,2842,1072,4560,0,ITH,ITH1,4,Provincia Autonoma Bolzano / Bozen,P.A. Bolzano,533050,512248,96.1,1.06
2108,2021-05-05,PAB,4155,1945,2210,1810,2116,229,ITH,ITH1,4,Provincia Autonoma Bolzano / Bozen,P.A. Bolzano,533050,516403,96.88,0.78
2109,2021-01-25,PAB,487,183,304,3,484,0,ITH,ITH1,4,Provincia Autonoma Bolzano / Bozen,P.A. Bolzano,533050,516890,96.97,0.09
2110,2021-03-23,PAB,1555,760,795,1516,1,38,ITH,ITH1,4,Provincia Autonoma Bolzano / Bozen,P.A. Bolzano,533050,518445,97.26,0.29
2111,2021-04-01,PAB,2787,1407,1380,2498,144,145,ITH,ITH1,4,Provincia Autonoma Bolzano / Bozen,P.A. Bolzano,533050,521232,97.78,0.52
2112,2021-07-05,PAB,2934,1406,1528,951,1983,0,ITH,ITH1,4,Provincia Autonoma Bolzano / Bozen,P.A. Bolzano,533050,524166,98.33,0.55
2113,2021-05-30,PAB,4767,2517,2250,717,4015,35,ITH,ITH1,4,Provincia Autonoma Bolzano / Bozen,P.A. Bolzano,533050,528933,99.23,0.89
2114,2021-07-12,PAB,3528,1753,1775,287,3241,0,ITH,ITH1,4,Provincia Autonoma Bolzano / Bozen,P.A. Bolzano,533050,532461,99.89,0.66
2115,2021-04-03,PAB,831,364,467,12,810,9,ITH,ITH1,4,Provincia Autonoma Bolzano / Bozen,P.A. Bolzano,533050,533292,100.05,0.16
2116,2021-03-25,PAB,2152,1064,1088,1645,443,64,ITH,ITH1,4,Provincia Autonoma Bolzano / Bozen,P.A. Bolzano,533050,535444,100.45,0.4
2117,2021-01-27,PAB,85,29,56,2,83,0,ITH,ITH1,4,Provincia Autonoma Bolzano / Bozen,P.A. Bolzano,533050,535529,100.47,0.02
2118,2021-01-30,FVG,2277,745,1532,270,2007,0,ITH,ITH4,6,Friuli-Venezia Giulia,Friuli Venezia Giulia,1215220,2277,0.19,0.19
2119,2021-07-13,FVG,10947,5642,5305,1063,9728,156,ITH,ITH4,6,Friuli-Venezia Giulia,Friuli Venezia Giulia,1215220,13224,1.09,0.9
2120,2021-06-26,FVG,10204,5194,5010,4039,6152,13,ITH,ITH4,6,Friuli-Venezia Giulia,Friuli Venezia Giulia,1215220,23428,1.93,0.84
2121,2021-07-20,FVG,9084,4747,4337,2299,6481,304,ITH,ITH4,6,Friuli-Venezia Giulia,Friuli Venezia Giulia,1215220,32512,2.68,0.75
2122,2021-04-11,FVG,3433,1519,1914,2417,906,110,ITH,ITH4,6,Friuli-Venezia Giulia,Friuli Venezia Giulia,1215220,35945,2.96,0.28
2123,2021-06-07,FVG,9204,4770,4434,7849,993,362,ITH,ITH4,6,Friuli-Venezia Giulia,Friuli Venezia Giulia,1215220,45149,3.72,0.76
2124,2021-05-31,FVG,8907,4426,4481,6470,2190,247,ITH,ITH4,6,Friuli-Venezia Giulia,Friuli Venezia Giulia,1215220,54056,4.45,0.73
2125,2021-07-27,FVG,8716,4358,4358,2397,6081,238,ITH,ITH4,6,Friuli-Venezia Giulia,Friuli Venezia Giulia,1215220,62772,5.17,0.72
2126,2021-06-24,FVG,11082,5652,5430,1890,9088,104,ITH,ITH4,6,Friuli-Venezia Giulia,Friuli Venezia Giulia,1215220,73854,6.08,0.91
2127,2021-03-16,FVG,3187,1299,1888,1024,2081,82,ITH,ITH4,6,Friuli-Venezia Giulia,Friuli Venezia Giulia,1215220,77041,6.34,0.26
2128,2021-05-12,FVG,10882,5044,5838,9061,1413,408,ITH,ITH4,6,Friuli-Venezia Giulia,Friuli Venezia Giulia,1215220,87923,7.24,0.9
2129,2021-05-24,FVG,11443,5536,5907,7524,3622,297,ITH,ITH4,6,Friuli-Venezia Giulia,Friuli Venezia Giulia,1215220,99366,8.18,0.94
2130,2021-02-13,FVG,566,179,387,558,6,2,ITH,ITH4,6,Friuli-Venezia Giulia,Friuli Venezia Giulia,1215220,99932,8.22,0.05
2131,2021-03-02,FVG,4222,1519,2703,2701,1500,21,ITH,ITH4,6,Friuli-Venezia Giulia,Friuli Venezia Giulia,1215220,104154,8.57,0.35
2132,2021-03-04,FVG,3453,1599,1854,2765,660,28,ITH,ITH4,6,Friuli-Venezia Giulia,Friuli Venezia Giulia,1215220,107607,8.85,0.28
2133,2021-06-12,FVG,8210,4707,3503,6804,1160,246,ITH,ITH4,6,Friuli-Venezia Giulia,Friuli Venezia Giulia,1215220,115817,9.53,0.68
2134,2021-03-21,FVG,2673,1001,1672,2214,409,50,ITH,ITH4,6,Friuli-Venezia Giulia,Friuli Venezia Giulia,1215220,118490,9.75,0.22
2135,2021-04-28,FVG,7311,3230,4081,3681,3496,134,ITH,ITH4,6,Friuli-Venezia Giulia,Friuli Venezia Giulia,1215220,125801,10.35,0.6
2136,2021-01-23,FVG,814,323,491,4,810,0,ITH,ITH4,6,Friuli-Venezia Giulia,Friuli Venezia Giulia,1215220,126615,10.42,0.07
2137,2021-05-05,FVG,9786,4273,5513,6073,3471,242,ITH,ITH4,6,Friuli-Venezia Giulia,Friuli Venezia Giulia,1215220,136401,11.22,0.81
2138,2021-07-08,FVG,12932,6992,5940,1287,11447,198,ITH,ITH4,6,Friuli-Venezia Giulia,Friuli Venezia Giulia,1215220,149333,12.29,1.06
2139,2021-02-04,FVG,2726,808,1918,35,2691,0,ITH,ITH4,6,Friuli-Venezia Giulia,Friuli Venezia Giulia,1215220,152059,12.51,0.22
2140,2021-04-30,FVG,7368,3253,4115,3540,3657,171,ITH,ITH4,6,Friuli-Venezia Giulia,Friuli Venezia Giulia,1215220,159427,13.12,0.61
2141,2021-03-28,FVG,4940,2355,2585,4688,158,94,ITH,ITH4,6,Friuli-Venezia Giulia,Friuli Venezia Giulia,1215220,164367,13.53,0.41
2142,2021-01-18,FVG,1962,606,1356,1868,94,0,ITH,ITH4,6,Friuli-Venezia Giulia,Friuli Venezia Giulia,1215220,166329,13.69,0.16
2143,2021-01-04,FVG,1507,558,949,1507,0,0,ITH,ITH4,6,Friuli-Venezia Giulia,Friuli Venezia Giulia,1215220,167836,13.81,0.12
2144,2021-02-06,FVG,1154,338,816,21,1132,1,ITH,ITH4,6,Friuli-Venezia Giulia,Friuli Venezia Giulia,1215220,168990,13.91,0.09
2145,2021-02-23,FVG,2643,1277,1366,2457,180,6,ITH,ITH4,6,Friuli-Venezia Giulia,Friuli Venezia Giulia,1215220,171633,14.12,0.22
2146,2021-02-18,FVG,3219,1493,1726,2794,407,18,ITH,ITH4,6,Friuli-Venezia Giulia,Friuli Venezia Giulia,1215220,174852,14.39,0.26
2147,2021-04-02,FVG,6595,2927,3668,4634,1838,123,ITH,ITH4,6,Friuli-Venezia Giulia,Friuli Venezia Giulia,1215220,181447,14.93,0.54
2148,2021-04-16,FVG,6965,3027,3938,4908,1926,131,ITH,ITH4,6,Friuli-Venezia Giulia,Friuli Venezia Giulia,1215220,188412,15.5,0.57
2149,2021-01-06,FVG,716,265,451,716,0,0,ITH,ITH4,6,Friuli-Venezia Giulia,Friuli Venezia Giulia,1215220,189128,15.56,0.06
2150,2021-04-21,FVG,7776,3469,4307,4015,3681,80,ITH,ITH4,6,Friuli-Venezia Giulia,Friuli Venezia Giulia,1215220,196904,16.2,0.64
2151,2021-01-11,FVG,1882,608,1274,1881,0,1,ITH,ITH4,6,Friuli-Venezia Giulia,Friuli Venezia Giulia,1215220,198786,16.36,0.15
2152,2021-07-15,FVG,10033,5111,4922,914,8867,252,ITH,ITH4,6,Friuli-Venezia Giulia,Friuli Venezia Giulia,1215220,208819,17.18,0.83
2153,2021-04-23,FVG,7474,3379,4095,3471,3867,136,ITH,ITH4,6,Friuli-Venezia Giulia,Friuli Venezia Giulia,1215220,216293,17.8,0.62
2154,2021-02-27,FVG,3532,1201,2331,3514,1,17,ITH,ITH4,6,Friuli-Venezia Giulia,Friuli Venezia Giulia,1215220,219825,18.09,0.29
2155,2021-04-25,FVG,2373,991,1382,2182,11,180,ITH,ITH4,6,Friuli-Venezia Giulia,Friuli Venezia Giulia,1215220,222198,18.28,0.2
2156,2021-01-15,FVG,2020,605,1415,2019,0,1,ITH,ITH4,6,Friuli-Venezia Giulia,Friuli Venezia Giulia,1215220,224218,18.45,0.17
2157,2021-05-19,FVG,12053,5942,6111,9264,2347,442,ITH,ITH4,6,Friuli-Venezia Giulia,Friuli Venezia Giulia,1215220,236271,19.44,0.99
2158,2021-03-14,FVG,1399,551,848,1123,252,24,ITH,ITH4,6,Friuli-Venezia Giulia,Friuli Venezia Giulia,1215220,237670,19.56,0.12
2159,2021-04-08,FVG,7451,3222,4229,5401,1922,128,ITH,ITH4,6,Friuli-Venezia Giulia,Friuli Venezia Giulia,1215220,245121,20.17,0.61
2160,2021-05-21,FVG,11224,5022,6202,7907,2976,341,ITH,ITH4,6,Friuli-Venezia Giulia,Friuli Venezia Giulia,1215220,256345,21.09,0.92
2161,2021-02-10,FVG,1350,496,854,1264,86,0,ITH,ITH4,6,Friuli-Venezia Giulia,Friuli Venezia Giulia,1215220,257695,21.21,0.11
2162,2021-07-17,FVG,7256,3893,3363,553,6615,88,ITH,ITH4,6,Friuli-Venezia Giulia,Friuli Venezia Giulia,1215220,264951,21.8,0.6
2163,2021-02-01,FVG,2099,688,1411,16,2083,0,ITH,ITH4,6,Friuli-Venezia Giulia,Friuli Venezia Giulia,1215220,267050,21.98,0.17
2164,2021-01-27,FVG,1272,426,846,449,821,2,ITH,ITH4,6,Friuli-Venezia Giulia,Friuli Venezia Giulia,1215220,268322,22.08,0.1
2165,2021-05-07,FVG,10648,4876,5772,6930,3529,189,ITH,ITH4,6,Friuli-Venezia Giulia,Friuli Venezia Giulia,1215220,278970,22.96,0.88
2166,2021-05-09,FVG,7371,3312,4059,3371,3867,133,ITH,ITH4,6,Friuli-Venezia Giulia,Friuli Venezia Giulia,1215220,286341,23.56,0.61
2167,2021-01-25,FVG,1583,567,1016,194,1389,0,ITH,ITH4,6,Friuli-Venezia Giulia,Friuli Venezia Giulia,1215220,287924,23.69,0.13
2168,2021-07-01,FVG,12254,6368,5886,2534,9451,269,ITH,ITH4,6,Friuli-Venezia Giulia,Friuli Venezia Giulia,1215220,300178,24.7,1.01
2169,2021-03-23,FVG,3895,1688,2207,1734,2143,18,ITH,ITH4,6,Friuli-Venezia Giulia,Friuli Venezia Giulia,1215220,304073,25.02,0.32
2170,2021-01-16,FVG,1230,360,870,1230,0,0,ITH,ITH4,6,Friuli-Venezia Giulia,Friuli Venezia Giulia,1215220,305303,25.12,0.1
2171,2021-07-03,FVG,11386,6076,5310,1077,10155,154,ITH,ITH4,6,Friuli-Venezia Giulia,Friuli Venezia Giulia,1215220,316689,26.06,0.94
2172,2021-03-25,FVG,5534,2425,3109,3329,2137,68,ITH,ITH4,6,Friuli-Venezia Giulia,Friuli Venezia Giulia,1215220,322223,26.52,0.46
2173,2021-06-19,FVG,8533,4448,4085,1334,7134,65,ITH,ITH4,6,Friuli-Venezia Giulia,Friuli Venezia Giulia,1215220,330756,27.22,0.7
2174,2021-03-11,FVG,3479,1517,1962,1714,1752,13,ITH,ITH4,6,Friuli-Venezia Giulia,Friuli Venezia Giulia,1215220,334235,27.5,0.29
2175,2021-02-11,FVG,1931,664,1267,1735,193,3,ITH,ITH4,6,Friuli-Venezia Giulia,Friuli Venezia Giulia,1215220,336166,27.66,0.16
2176,2021-04-09,FVG,7920,3660,4260,6498,1250,172,ITH,ITH4,6,Friuli-Venezia Giulia,Friuli Venezia Giulia,1215220,344086,28.31,0.65
2177,2020-12-30,FVG,626,244,382,626,0,0,ITH,ITH4,6,Friuli-Venezia Giulia,Friuli Venezia Giulia,1215220,344712,28.37,0.05
2178,2021-06-05,FVG,10314,5331,4983,8407,1549,358,ITH,ITH4,6,Friuli-Venezia Giulia,Friuli Venezia Giulia,1215220,355026,29.21,0.85
2179,2021-02-25,FVG,3167,1652,1515,3107,29,31,ITH,ITH4,6,Friuli-Venezia Giulia,Friuli Venezia Giulia,1215220,358193,29.48,0.26
2180,2021-05-17,FVG,8815,4091,4724,6059,2490,266,ITH,ITH4,6,Friuli-Venezia Giulia,Friuli Venezia Giulia,1215220,367008,30.2,0.73
2181,2021-03-09,FVG,4013,1723,2290,1238,2750,25,ITH,ITH4,6,Friuli-Venezia Giulia,Friuli Venezia Giulia,1215220,371021,30.53,0.33
2182,2021-06-09,FVG,11323,5960,5363,9484,1395,444,ITH,ITH4,6,Friuli-Venezia Giulia,Friuli Venezia Giulia,1215220,382344,31.46,0.93
2183,2021-03-01,FVG,2960,1042,1918,2884,53,23,ITH,ITH4,6,Friuli-Venezia Giulia,Friuli Venezia Giulia,1215220,385304,31.71,0.24
2184,2021-03-18,FVG,3376,1423,1953,1683,1685,8,ITH,ITH4,6,Friuli-Venezia Giulia,Friuli Venezia Giulia,1215220,388680,31.98,0.28
2185,2021-06-28,FVG,9841,4959,4882,2131,7691,19,ITH,ITH4,6,Friuli-Venezia Giulia,Friuli Venezia Giulia,1215220,398521,32.79,0.81
2186,2021-04-18,FVG,6049,2808,3241,5420,407,222,ITH,ITH4,6,Friuli-Venezia Giulia,Friuli Venezia Giulia,1215220,404570,33.29,0.5
2187,2021-01-08,FVG,2321,746,1575,2321,0,0,ITH,ITH4,6,Friuli-Venezia Giulia,Friuli Venezia Giulia,1215220,406891,33.48,0.19
2188,2021-06-14,FVG,10272,4986,5286,5184,4811,277,ITH,ITH4,6,Friuli-Venezia Giulia,Friuli Venezia Giulia,1215220,417163,34.33,0.85
2189,2021-02-20,FVG,2067,932,1135,1920,144,3,ITH,ITH4,6,Friuli-Venezia Giulia,Friuli Venezia Giulia,1215220,419230,34.5,0.17
2190,2021-01-22,FVG,89,29,60,0,89,0,ITH,ITH4,6,Friuli-Venezia Giulia,Friuli Venezia Giulia,1215220,419319,34.51,0.01
2191,2021-03-06,FVG,3500,1196,2304,3143,325,32,ITH,ITH4,6,Friuli-Venezia Giulia,Friuli Venezia Giulia,1215220,422819,34.79,0.29
2192,2021-05-26,FVG,13434,6707,6727,9646,3442,346,ITH,ITH4,6,Friuli-Venezia Giulia,Friuli Venezia Giulia,1215220,436253,35.9,1.11
2193,2021-02-15,FVG,2455,911,1544,2195,254,6,ITH,ITH4,6,Friuli-Venezia Giulia,Friuli Venezia Giulia,1215220,438708,36.1,0.2
2194,2021-04-13,FVG,7380,3294,4086,5652,1604,124,ITH,ITH4,6,Friuli-Venezia Giulia,Friuli Venezia Giulia,1215220,446088,36.71,0.61
2195,2021-01-03,FVG,313,123,190,313,0,0,ITH,ITH4,6,Friuli-Venezia Giulia,Friuli Venezia Giulia,1215220,446401,36.73,0.03
2196,2021-07-22,FVG,7598,4020,3578,3159,4114,325,ITH,ITH4,6,Friuli-Venezia Giulia,Friuli Venezia Giulia,1215220,453999,37.36,0.63
2197,2021-01-20,FVG,748,320,428,13,735,0,ITH,ITH4,6,Friuli-Venezia Giulia,Friuli Venezia Giulia,1215220,454747,37.42,0.06
2198,2021-06-16,FVG,12163,5905,6258,3884,8020,259,ITH,ITH4,6,Friuli-Venezia Giulia,Friuli Venezia Giulia,1215220,466910,38.42,1.0
2199,2021-06-23,FVG,12063,5835,6228,1991,9936,136,ITH,ITH4,6,Friuli-Venezia Giulia,Friuli Venezia Giulia,1215220,478973,39.41,0.99
2200,2021-04-27,FVG,8132,3735,4397,3548,4486,98,ITH,ITH4,6,Friuli-Venezia Giulia,Friuli Venezia Giulia,1215220,487105,40.08,0.67
2201,2021-05-04,FVG,9597,4327,5270,5993,3383,221,ITH,ITH4,6,Friuli-Venezia Giulia,Friuli Venezia Giulia,1215220,496702,40.87,0.79
2202,2021-01-24,FVG,306,120,186,1,305,0,ITH,ITH4,6,Friuli-Venezia Giulia,Friuli Venezia Giulia,1215220,497008,40.9,0.03
2203,2021-06-30,FVG,13155,6699,6456,1367,11604,184,ITH,ITH4,6,Friuli-Venezia Giulia,Friuli Venezia Giulia,1215220,510163,41.98,1.08
2204,2021-03-08,FVG,4123,1643,2480,2021,2087,15,ITH,ITH4,6,Friuli-Venezia Giulia,Friuli Venezia Giulia,1215220,514286,42.32,0.34
2205,2021-03-22,FVG,3662,1449,2213,1673,1954,35,ITH,ITH4,6,Friuli-Venezia Giulia,Friuli Venezia Giulia,1215220,517948,42.62,0.3
2206,2021-06-04,FVG,12067,6200,5867,10305,1388,374,ITH,ITH4,6,Friuli-Venezia Giulia,Friuli Venezia Giulia,1215220,530015,43.61,0.99
2207,2021-07-05,FVG,9520,4832,4688,1296,8076,148,ITH,ITH4,6,Friuli-Venezia Giulia,Friuli Venezia Giulia,1215220,539535,44.4,0.78
2208,2021-06-21,FVG,9186,4489,4697,1802,7245,139,ITH,ITH4,6,Friuli-Venezia Giulia,Friuli Venezia Giulia,1215220,548721,45.15,0.76
2209,2021-03-13,FVG,2943,1124,1819,1657,1273,13,ITH,ITH4,6,Friuli-Venezia Giulia,Friuli Venezia Giulia,1215220,551664,45.4,0.24
2210,2021-07-24,FVG,3863,2086,1777,1894,1860,109,ITH,ITH4,6,Friuli-Venezia Giulia,Friuli Venezia Giulia,1215220,555527,45.71,0.32
2211,2021-03-20,FVG,3404,1411,1993,1299,2091,14,ITH,ITH4,6,Friuli-Venezia Giulia,Friuli Venezia Giulia,1215220,558931,45.99,0.28
2212,2021-01-13,FVG,2650,834,1816,2650,0,0,ITH,ITH4,6,Friuli-Venezia Giulia,Friuli Venezia Giulia,1215220,561581,46.21,0.22
2213,2021-04-06,FVG,6680,3133,3547,5424,1153,103,ITH,ITH4,6,Friuli-Venezia Giulia,Friuli Venezia Giulia,1215220,568261,46.76,0.55
2214,2020-12-27,FVG,262,149,113,261,0,1,ITH,ITH4,6,Friuli-Venezia Giulia,Friuli Venezia Giulia,1215220,568523,46.78,0.02
2215,2021-05-06,FVG,11940,5546,6394,7694,3972,274,ITH,ITH4,6,Friuli-Venezia Giulia,Friuli Venezia Giulia,1215220,580463,47.77,0.98
2216,2021-07-02,FVG,10937,5649,5288,1941,8793,203,ITH,ITH4,6,Friuli-Venezia Giulia,Friuli Venezia Giulia,1215220,591400,48.67,0.9
2217,2021-06-25,FVG,10824,5444,5380,2270,8544,10,ITH,ITH4,6,Friuli-Venezia Giulia,Friuli Venezia Giulia,1215220,602224,49.56,0.89
2218,2021-07-09,FVG,11833,6280,5553,2033,9502,298,ITH,ITH4,6,Friuli-Venezia Giulia,Friuli Venezia Giulia,1215220,614057,50.53,0.97
2219,2021-03-17,FVG,3238,1268,1970,737,2492,9,ITH,ITH4,6,Friuli-Venezia Giulia,Friuli Venezia Giulia,1215220,617295,50.8,0.27
2220,2021-05-13,FVG,11163,5384,5779,8705,2065,393,ITH,ITH4,6,Friuli-Venezia Giulia,Friuli Venezia Giulia,1215220,628458,51.72,0.92
2221,2021-02-16,FVG,2516,1135,1381,2396,116,4,ITH,ITH4,6,Friuli-Venezia Giulia,Friuli Venezia Giulia,1215220,630974,51.92,0.21
2222,2021-04-20,FVG,7131,3072,4059,3095,3909,127,ITH,ITH4,6,Friuli-Venezia Giulia,Friuli Venezia Giulia,1215220,638105,52.51,0.59
2223,2021-01-10,FVG,2941,918,2023,2941,0,0,ITH,ITH4,6,Friuli-Venezia Giulia,Friuli Venezia Giulia,1215220,641046,52.75,0.24
2224,2021-07-14,FVG,10768,5495,5273,1166,9400,202,ITH,ITH4,6,Friuli-Venezia Giulia,Friuli Venezia Giulia,1215220,651814,53.64,0.89
2225,2021-04-05,FVG,2896,1439,1457,2822,15,59,ITH,ITH4,6,Friuli-Venezia Giulia,Friuli Venezia Giulia,1215220,654710,53.88,0.24
2226,2021-01-12,FVG,2257,713,1544,2257,0,0,ITH,ITH4,6,Friuli-Venezia Giulia,Friuli Venezia Giulia,1215220,656967,54.06,0.19
2227,2021-01-29,FVG,2412,813,1599,264,2148,0,ITH,ITH4,6,Friuli-Venezia Giulia,Friuli Venezia Giulia,1215220,659379,54.26,0.2
2228,2021-04-22,FVG,6792,3089,3703,3034,3690,68,ITH,ITH4,6,Friuli-Venezia Giulia,Friuli Venezia Giulia,1215220,666171,54.82,0.56
2229,2021-04-03,FVG,4019,1992,2027,2624,1337,58,ITH,ITH4,6,Friuli-Venezia Giulia,Friuli Venezia Giulia,1215220,670190,55.15,0.33
2230,2021-06-10,FVG,11121,5821,5300,9712,1039,370,ITH,ITH4,6,Friuli-Venezia Giulia,Friuli Venezia Giulia,1215220,681311,56.06,0.92
2231,2021-02-22,FVG,2485,1193,1292,2063,418,4,ITH,ITH4,6,Friuli-Venezia Giulia,Friuli Venezia Giulia,1215220,683796,56.27,0.2
2232,2021-06-02,FVG,9418,4954,4464,8840,282,296,ITH,ITH4,6,Friuli-Venezia Giulia,Friuli Venezia Giulia,1215220,693214,57.04,0.78
2233,2021-02-07,FVG,1564,482,1082,384,1179,1,ITH,ITH4,6,Friuli-Venezia Giulia,Friuli Venezia Giulia,1215220,694778,57.17,0.13
2234,2021-05-18,FVG,10802,5399,5403,8356,2083,363,ITH,ITH4,6,Friuli-Venezia Giulia,Friuli Venezia Giulia,1215220,705580,58.06,0.89
2235,2021-06-01,FVG,10111,5120,4991,7702,2124,285,ITH,ITH4,6,Friuli-Venezia Giulia,Friuli Venezia Giulia,1215220,715691,58.89,0.83
2236,2021-05-02,FVG,6899,3248,3651,3802,2958,139,ITH,ITH4,6,Friuli-Venezia Giulia,Friuli Venezia Giulia,1215220,722590,59.46,0.57
2237,2021-05-16,FVG,10003,4787,5216,8361,1401,241,ITH,ITH4,6,Friuli-Venezia Giulia,Friuli Venezia Giulia,1215220,732593,60.28,0.82
2238,2021-06-18,FVG,10934,5397,5537,3388,7295,251,ITH,ITH4,6,Friuli-Venezia Giulia,Friuli Venezia Giulia,1215220,743527,61.18,0.9
2239,2021-03-10,FVG,3592,1702,1890,1741,1795,56,ITH,ITH4,6,Friuli-Venezia Giulia,Friuli Venezia Giulia,1215220,747119,61.48,0.3
2240,2021-02-24,FVG,2525,1089,1436,2496,18,11,ITH,ITH4,6,Friuli-Venezia Giulia,Friuli Venezia Giulia,1215220,749644,61.69,0.21
2241,2021-01-17,FVG,1715,522,1193,1713,0,2,ITH,ITH4,6,Friuli-Venezia Giulia,Friuli Venezia Giulia,1215220,751359,61.83,0.14
2242,2021-03-15,FVG,3951,1809,2142,1608,2321,22,ITH,ITH4,6,Friuli-Venezia Giulia,Friuli Venezia Giulia,1215220,755310,62.15,0.33
2243,2021-05-11,FVG,9117,4379,4738,7091,1805,221,ITH,ITH4,6,Friuli-Venezia Giulia,Friuli Venezia Giulia,1215220,764427,62.9,0.75
2244,2021-01-31,FVG,2721,839,1882,385,2336,0,ITH,ITH4,6,Friuli-Venezia Giulia,Friuli Venezia Giulia,1215220,767148,63.13,0.22
2245,2021-06-20,FVG,6512,3229,3283,1489,4935,88,ITH,ITH4,6,Friuli-Venezia Giulia,Friuli Venezia Giulia,1215220,773660,63.66,0.54
2246,2021-03-29,FVG,7023,3127,3896,5366,1582,75,ITH,ITH4,6,Friuli-Venezia Giulia,Friuli Venezia Giulia,1215220,780683,64.24,0.58
2247,2021-07-07,FVG,11243,5759,5484,1394,9717,132,ITH,ITH4,6,Friuli-Venezia Giulia,Friuli Venezia Giulia,1215220,791926,65.17,0.93
2248,2021-07-21,FVG,8308,4223,4085,1958,6079,271,ITH,ITH4,6,Friuli-Venezia Giulia,Friuli Venezia Giulia,1215220,800234,65.85,0.68
2249,2021-03-24,FVG,3978,1720,2258,2461,1482,35,ITH,ITH4,6,Friuli-Venezia Giulia,Friuli Venezia Giulia,1215220,804212,66.18,0.33
2250,2021-05-20,FVG,12711,6321,6390,9790,2521,400,ITH,ITH4,6,Friuli-Venezia Giulia,Friuli Venezia Giulia,1215220,816923,67.22,1.05
2251,2021-01-26,FVG,1977,647,1330,216,1760,1,ITH,ITH4,6,Friuli-Venezia Giulia,Friuli Venezia Giulia,1215220,818900,67.39,0.16
2252,2021-02-09,FVG,1842,555,1287,1556,286,0,ITH,ITH4,6,Friuli-Venezia Giulia,Friuli Venezia Giulia,1215220,820742,67.54,0.15
2253,2021-02-02,FVG,2467,806,1661,217,2250,0,ITH,ITH4,6,Friuli-Venezia Giulia,Friuli Venezia Giulia,1215220,823209,67.74,0.2
2254,2021-03-31,FVG,8140,3570,4570,7171,847,122,ITH,ITH4,6,Friuli-Venezia Giulia,Friuli Venezia Giulia,1215220,831349,68.41,0.67
2255,2021-03-30,FVG,7241,3259,3982,6175,937,129,ITH,ITH4,6,Friuli-Venezia Giulia,Friuli Venezia Giulia,1215220,838590,69.01,0.6
2256,2021-07-10,FVG,8768,4518,4250,132,8608,28,ITH,ITH4,6,Friuli-Venezia Giulia,Friuli Venezia Giulia,1215220,847358,69.73,0.72
2257,2021-04-01,FVG,6423,3069,3354,5322,1015,86,ITH,ITH4,6,Friuli-Venezia Giulia,Friuli Venezia Giulia,1215220,853781,70.26,0.53
2258,2021-05-28,FVG,10617,5090,5527,6226,4114,277,ITH,ITH4,6,Friuli-Venezia Giulia,Friuli Venezia Giulia,1215220,864398,71.13,0.87
2259,2021-07-12,FVG,9940,5099,4841,1047,8734,159,ITH,ITH4,6,Friuli-Venezia Giulia,Friuli Venezia Giulia,1215220,874338,71.95,0.82
2260,2021-02-19,FVG,3257,1293,1964,2815,427,15,ITH,ITH4,6,Friuli-Venezia Giulia,Friuli Venezia Giulia,1215220,877595,72.22,0.27
2261,2021-02-12,FVG,1193,428,765,1142,47,4,ITH,ITH4,6,Friuli-Venezia Giulia,Friuli Venezia Giulia,1215220,878788,72.32,0.1
2262,2021-05-25,FVG,12930,6391,6539,9279,3312,339,ITH,ITH4,6,Friuli-Venezia Giulia,Friuli Venezia Giulia,1215220,891718,73.38,1.06
2263,2021-06-11,FVG,10872,5929,4943,9609,829,434,ITH,ITH4,6,Friuli-Venezia Giulia,Friuli Venezia Giulia,1215220,902590,74.27,0.89
2264,2021-03-03,FVG,3646,1634,2012,2343,1275,28,ITH,ITH4,6,Friuli-Venezia Giulia,Friuli Venezia Giulia,1215220,906236,74.57,0.3
2265,2021-03-27,FVG,5380,2920,2460,3921,1411,48,ITH,ITH4,6,Friuli-Venezia Giulia,Friuli Venezia Giulia,1215220,911616,75.02,0.44
2266,2021-04-15,FVG,6516,2879,3637,5092,1271,153,ITH,ITH4,6,Friuli-Venezia Giulia,Friuli Venezia Giulia,1215220,918132,75.55,0.54
2267,2021-04-29,FVG,6787,2988,3799,4012,2593,182,ITH,ITH4,6,Friuli-Venezia Giulia,Friuli Venezia Giulia,1215220,924919,76.11,0.56
2268,2021-01-05,FVG,1678,551,1127,1676,0,2,ITH,ITH4,6,Friuli-Venezia Giulia,Friuli Venezia Giulia,1215220,926597,76.25,0.14
2269,2021-02-05,FVG,2610,784,1826,89,2521,0,ITH,ITH4,6,Friuli-Venezia Giulia,Friuli Venezia Giulia,1215220,929207,76.46,0.21
2270,2021-04-14,FVG,7244,3129,4115,5409,1713,122,ITH,ITH4,6,Friuli-Venezia Giulia,Friuli Venezia Giulia,1215220,936451,77.06,0.6
2271,2021-07-06,FVG,11176,5836,5340,1325,9737,114,ITH,ITH4,6,Friuli-Venezia Giulia,Friuli Venezia Giulia,1215220,947627,77.98,0.92
2272,2021-07-23,FVG,8731,4425,4306,2857,5422,452,ITH,ITH4,6,Friuli-Venezia Giulia,Friuli Venezia Giulia,1215220,956358,78.7,0.72
2273,2021-06-03,FVG,12406,6732,5674,9932,2086,388,ITH,ITH4,6,Friuli-Venezia Giulia,Friuli Venezia Giulia,1215220,968764,79.72,1.02
2274,2021-03-19,FVG,3252,1350,1902,1300,1936,16,ITH,ITH4,6,Friuli-Venezia Giulia,Friuli Venezia Giulia,1215220,972016,79.99,0.27
2275,2021-06-27,FVG,7428,3705,3723,3606,3817,5,ITH,ITH4,6,Friuli-Venezia Giulia,Friuli Venezia Giulia,1215220,979444,80.6,0.61
2276,2021-06-29,FVG,11307,5764,5543,1169,10021,117,ITH,ITH4,6,Friuli-Venezia Giulia,Friuli Venezia Giulia,1215220,990751,81.53,0.93
2277,2021-07-16,FVG,9661,5165,4496,1592,7902,167,ITH,ITH4,6,Friuli-Venezia Giulia,Friuli Venezia Giulia,1215220,1000412,82.32,0.8
2278,2021-04-07,FVG,7843,3636,4207,6945,783,115,ITH,ITH4,6,Friuli-Venezia Giulia,Friuli Venezia Giulia,1215220,1008255,82.97,0.65
2279,2021-05-29,FVG,12029,5850,6179,6788,4987,254,ITH,ITH4,6,Friuli-Venezia Giulia,Friuli Venezia Giulia,1215220,1020284,83.96,0.99
2280,2021-07-25,FVG,3835,1995,1840,1891,1839,105,ITH,ITH4,6,Friuli-Venezia Giulia,Friuli Venezia Giulia,1215220,1024119,84.27,0.32
2281,2021-07-11,FVG,6664,3497,3167,2182,4167,315,ITH,ITH4,6,Friuli-Venezia Giulia,Friuli Venezia Giulia,1215220,1030783,84.82,0.55
2282,2021-01-19,FVG,6,2,4,6,0,0,ITH,ITH4,6,Friuli-Venezia Giulia,Friuli Venezia Giulia,1215220,1030789,84.82,0.0
2283,2021-05-27,FVG,12837,6147,6690,7389,5231,217,ITH,ITH4,6,Friuli-Venezia Giulia,Friuli Venezia Giulia,1215220,1043626,85.88,1.06
2284,2021-01-28,FVG,2242,795,1447,355,1887,0,ITH,ITH4,6,Friuli-Venezia Giulia,Friuli Venezia Giulia,1215220,1045868,86.06,0.18
2285,2021-05-08,FVG,10301,4658,5643,5331,4785,185,ITH,ITH4,6,Friuli-Venezia Giulia,Friuli Venezia Giulia,1215220,1056169,86.91,0.85
2286,2021-02-14,FVG,1,0,1,0,1,0,ITH,ITH4,6,Friuli-Venezia Giulia,Friuli Venezia Giulia,1215220,1056170,86.91,0.0
2287,2021-05-10,FVG,7981,3547,4434,6207,1544,230,ITH,ITH4,6,Friuli-Venezia Giulia,Friuli Venezia Giulia,1215220,1064151,87.57,0.66
2288,2021-04-24,FVG,6686,2951,3735,5207,1244,235,ITH,ITH4,6,Friuli-Venezia Giulia,Friuli Venezia Giulia,1215220,1070837,88.12,0.55
2289,2021-06-06,FVG,9482,4627,4855,7650,1563,269,ITH,ITH4,6,Friuli-Venezia Giulia,Friuli Venezia Giulia,1215220,1080319,88.9,0.78
2290,2021-02-26,FVG,3736,2094,1642,3554,148,34,ITH,ITH4,6,Friuli-Venezia Giulia,Friuli Venezia Giulia,1215220,1084055,89.21,0.31
2291,2021-02-17,FVG,2360,1003,1357,1874,484,2,ITH,ITH4,6,Friuli-Venezia Giulia,Friuli Venezia Giulia,1215220,1086415,89.4,0.19
2292,2021-05-30,FVG,11065,4993,6072,7231,3588,246,ITH,ITH4,6,Friuli-Venezia Giulia,Friuli Venezia Giulia,1215220,1097480,90.31,0.91
2293,2021-05-03,FVG,7243,3296,3947,3340,3785,118,ITH,ITH4,6,Friuli-Venezia Giulia,Friuli Venezia Giulia,1215220,1104723,90.91,0.6
2294,2021-01-14,FVG,2584,789,1795,2581,0,3,ITH,ITH4,6,Friuli-Venezia Giulia,Friuli Venezia Giulia,1215220,1107307,91.12,0.21
2295,2021-05-22,FVG,11587,5204,6383,7085,4240,262,ITH,ITH4,6,Friuli-Venezia Giulia,Friuli Venezia Giulia,1215220,1118894,92.07,0.95
2296,2021-07-18,FVG,5405,2923,2482,397,4983,25,ITH,ITH4,6,Friuli-Venezia Giulia,Friuli Venezia Giulia,1215220,1124299,92.52,0.44
2297,2021-06-08,FVG,10482,5487,4995,9642,448,392,ITH,ITH4,6,Friuli-Venezia Giulia,Friuli Venezia Giulia,1215220,1134781,93.38,0.86
2298,2021-02-28,FVG,2687,1003,1684,2265,394,28,ITH,ITH4,6,Friuli-Venezia Giulia,Friuli Venezia Giulia,1215220,1137468,93.6,0.22
2299,2021-04-26,FVG,5471,2454,3017,3704,1650,117,ITH,ITH4,6,Friuli-Venezia Giulia,Friuli Venezia Giulia,1215220,1142939,94.05,0.45
2300,2021-05-15,FVG,12673,6113,6560,7678,4701,294,ITH,ITH4,6,Friuli-Venezia Giulia,Friuli Venezia Giulia,1215220,1155612,95.09,1.04
2301,2021-05-01,FVG,7205,3247,3958,5909,1045,251,ITH,ITH4,6,Friuli-Venezia Giulia,Friuli Venezia Giulia,1215220,1162817,95.69,0.59
2302,2021-01-21,FVG,897,345,552,1,896,0,ITH,ITH4,6,Friuli-Venezia Giulia,Friuli Venezia Giulia,1215220,1163714,95.76,0.07
2303,2021-02-21,FVG,801,281,520,421,378,2,ITH,ITH4,6,Friuli-Venezia Giulia,Friuli Venezia Giulia,1215220,1164515,95.83,0.07
2304,2021-07-04,FVG,9183,4709,4474,2734,6185,264,ITH,ITH4,6,Friuli-Venezia Giulia,Friuli Venezia Giulia,1215220,1173698,96.58,0.76
2305,2021-03-26,FVG,6011,2608,3403,3823,2018,170,ITH,ITH4,6,Friuli-Venezia Giulia,Friuli Venezia Giulia,1215220,1179709,97.08,0.49
2306,2021-03-12,FVG,4103,1696,2407,2696,1381,26,ITH,ITH4,6,Friuli-Venezia Giulia,Friuli Venezia Giulia,1215220,1183812,97.42,0.34
2307,2021-01-02,FVG,1217,470,747,1217,0,0,ITH,ITH4,6,Friuli-Venezia Giulia,Friuli Venezia Giulia,1215220,1185029,97.52,0.1
2308,2021-04-12,FVG,7271,3188,4083,5989,1132,150,ITH,ITH4,6,Friuli-Venezia Giulia,Friuli Venezia Giulia,1215220,1192300,98.11,0.6
2309,2021-05-14,FVG,10769,5364,5405,7875,2597,297,ITH,ITH4,6,Friuli-Venezia Giulia,Friuli Venezia Giulia,1215220,1203069,99.0,0.89
2310,2021-02-03,FVG,2648,791,1857,22,2625,1,ITH,ITH4,6,Friuli-Venezia Giulia,Friuli Venezia Giulia,1215220,1205717,99.22,0.22
2311,2021-02-08,FVG,2356,694,1662,90,2265,1,ITH,ITH4,6,Friuli-Venezia Giulia,Friuli Venezia Giulia,1215220,1208073,99.41,0.19
2312,2021-06-13,FVG,8689,4523,4166,5206,3324,159,ITH,ITH4,6,Friuli-Venezia Giulia,Friuli Venezia Giulia,1215220,1216762,100.13,0.72
2313,2021-07-26,FVG,8401,4182,4219,1686,6499,216,ITH,ITH4,6,Friuli-Venezia Giulia,Friuli Venezia Giulia,1215220,1225163,100.82,0.69
2314,2021-04-17,FVG,7459,3238,4221,5813,1483,163,ITH,ITH4,6,Friuli-Venezia Giulia,Friuli Venezia Giulia,1215220,1232622,101.43,0.61
2315,2021-07-28,FVG,1932,991,941,760,1036,136,ITH,ITH4,6,Friuli-Venezia Giulia,Friuli Venezia Giulia,1215220,1234554,101.59,0.16
2316,2021-07-19,FVG,9392,4914,4478,816,8414,162,ITH,ITH4,6,Friuli-Venezia Giulia,Friuli Venezia Giulia,1215220,1243946,102.36,0.77
2317,2021-04-10,FVG,5053,2213,2840,3751,1227,75,ITH,ITH4,6,Friuli-Venezia Giulia,Friuli Venezia Giulia,1215220,1248999,102.78,0.42
2318,2021-05-23,FVG,10280,4859,5421,5917,4152,211,ITH,ITH4,6,Friuli-Venezia Giulia,Friuli Venezia Giulia,1215220,1259279,103.63,0.85
2319,2021-01-07,FVG,2098,721,1377,2098,0,0,ITH,ITH4,6,Friuli-Venezia Giulia,Friuli Venezia Giulia,1215220,1261377,103.8,0.17
2320,2021-03-05,FVG,3775,1513,2262,2631,1076,68,ITH,ITH4,6,Friuli-Venezia Giulia,Friuli Venezia Giulia,1215220,1265152,104.11,0.31
2321,2021-04-19,FVG,6722,3137,3585,3214,3417,91,ITH,ITH4,6,Friuli-Venezia Giulia,Friuli Venezia Giulia,1215220,1271874,104.66,0.55
2322,2021-01-09,FVG,2513,841,1672,2511,0,2,ITH,ITH4,6,Friuli-Venezia Giulia,Friuli Venezia Giulia,1215220,1274387,104.87,0.21
2323,2021-06-15,FVG,12118,6159,5959,5349,6510,259,ITH,ITH4,6,Friuli-Venezia Giulia,Friuli Venezia Giulia,1215220,1286505,105.87,1.0
2324,2021-03-07,FVG,2544,932,1612,2486,1,57,ITH,ITH4,6,Friuli-Venezia Giulia,Friuli Venezia Giulia,1215220,1289049,106.08,0.21
2325,2020-12-31,FVG,1048,381,667,1047,0,1,ITH,ITH4,6,Friuli-Venezia Giulia,Friuli Venezia Giulia,1215220,1290097,106.16,0.09
2326,2021-06-17,FVG,11409,5766,5643,2287,9020,102,ITH,ITH4,6,Friuli-Venezia Giulia,Friuli Venezia Giulia,1215220,1301506,107.1,0.94
2327,2021-06-22,FVG,11566,5957,5609,2362,9083,121,ITH,ITH4,6,Friuli-Venezia Giulia,Friuli Venezia Giulia,1215220,1313072,108.05,0.95
2328,2021-07-15,PIE,42459,21956,20503,4077,37936,446,ITC,ITC1,1,Piemonte,Piemonte,4356406,42459,0.97,0.97
2329,2021-04-23,PIE,27418,12597,14821,19974,6760,684,ITC,ITC1,1,Piemonte,Piemonte,4356406,69877,1.6,0.63
2330,2021-06-07,PIE,34898,17865,17033,29500,4795,603,ITC,ITC1,1,Piemonte,Piemonte,4356406,104775,2.41,0.8
2331,2021-05-19,PIE,33100,15279,17821,21396,11122,582,ITC,ITC1,1,Piemonte,Piemonte,4356406,137875,3.16,0.76
2332,2021-03-14,PIE,8201,3335,4866,5170,2896,135,ITC,ITC1,1,Piemonte,Piemonte,4356406,146076,3.35,0.19
2333,2021-05-10,PIE,28956,13956,15000,15243,13109,604,ITC,ITC1,1,Piemonte,Piemonte,4356406,175032,4.02,0.66
2334,2021-01-30,PIE,5980,2135,3845,216,5763,1,ITC,ITC1,1,Piemonte,Piemonte,4356406,181012,4.16,0.14
2335,2021-06-24,PIE,39188,19670,19518,18299,20307,582,ITC,ITC1,1,Piemonte,Piemonte,4356406,220200,5.05,0.9
2336,2021-03-16,PIE,10513,4270,6243,4369,6052,92,ITC,ITC1,1,Piemonte,Piemonte,4356406,230713,5.3,0.24
2337,2021-05-12,PIE,31873,15180,16693,18354,12904,615,ITC,ITC1,1,Piemonte,Piemonte,4356406,262586,6.03,0.73
2338,2021-05-24,PIE,28976,13419,15557,16633,11964,379,ITC,ITC1,1,Piemonte,Piemonte,4356406,291562,6.69,0.67
2339,2021-03-02,PIE,11246,4548,6698,10247,813,186,ITC,ITC1,1,Piemonte,Piemonte,4356406,302808,6.95,0.26
2340,2021-03-23,PIE,13183,5557,7626,6632,6241,310,ITC,ITC1,1,Piemonte,Piemonte,4356406,315991,7.25,0.3
2341,2021-01-16,PIE,7761,2624,5137,7754,0,7,ITC,ITC1,1,Piemonte,Piemonte,4356406,323752,7.43,0.18
2342,2021-07-08,PIE,40906,20924,19982,7458,32920,528,ITC,ITC1,1,Piemonte,Piemonte,4356406,364658,8.37,0.94
2343,2021-06-19,PIE,40039,20312,19727,22853,16655,531,ITC,ITC1,1,Piemonte,Piemonte,4356406,404697,9.29,0.92
2344,2021-02-04,PIE,10203,3339,6864,581,9620,2,ITC,ITC1,1,Piemonte,Piemonte,4356406,414900,9.52,0.23
2345,2021-07-06,PIE,38264,19379,18885,8653,29084,527,ITC,ITC1,1,Piemonte,Piemonte,4356406,453164,10.4,0.88
2346,2021-03-28,PIE,16056,6897,9159,8111,7620,325,ITC,ITC1,1,Piemonte,Piemonte,4356406,469220,10.77,0.37
2347,2021-07-20,PIE,38882,20444,18438,5746,32593,543,ITC,ITC1,1,Piemonte,Piemonte,4356406,508102,11.66,0.89
2348,2021-04-11,PIE,20823,9319,11504,18221,2149,453,ITC,ITC1,1,Piemonte,Piemonte,4356406,528925,12.14,0.48
2349,2021-01-04,PIE,5559,1677,3882,5558,0,1,ITC,ITC1,1,Piemonte,Piemonte,4356406,534484,12.27,0.13
2350,2021-04-28,PIE,26030,11731,14299,15462,10033,535,ITC,ITC1,1,Piemonte,Piemonte,4356406,560514,12.87,0.6
2351,2021-01-18,PIE,6165,2046,4119,5912,249,4,ITC,ITC1,1,Piemonte,Piemonte,4356406,566679,13.01,0.14
2352,2021-02-11,PIE,6758,2105,4653,2981,3758,19,ITC,ITC1,1,Piemonte,Piemonte,4356406,573437,13.16,0.16
2353,2021-04-09,PIE,25869,11391,14478,20809,4503,557,ITC,ITC1,1,Piemonte,Piemonte,4356406,599306,13.76,0.59
2354,2020-12-30,PIE,731,322,409,731,0,0,ITC,ITC1,1,Piemonte,Piemonte,4356406,600037,13.77,0.02
2355,2021-06-05,PIE,36933,18922,18011,31868,4456,609,ITC,ITC1,1,Piemonte,Piemonte,4356406,636970,14.62,0.85
2356,2021-02-25,PIE,12208,5246,6962,11482,545,181,ITC,ITC1,1,Piemonte,Piemonte,4356406,649178,14.9,0.28
2357,2021-06-26,PIE,41150,20936,20214,21934,18539,677,ITC,ITC1,1,Piemonte,Piemonte,4356406,690328,15.85,0.94
2358,2021-07-13,PIE,38822,20032,18790,3661,34841,320,ITC,ITC1,1,Piemonte,Piemonte,4356406,729150,16.74,0.89
2359,2021-04-04,PIE,9252,4057,5195,6393,2710,149,ITC,ITC1,1,Piemonte,Piemonte,4356406,738402,16.95,0.21
2360,2021-04-21,PIE,25737,11829,13908,19738,5344,655,ITC,ITC1,1,Piemonte,Piemonte,4356406,764139,17.54,0.59
2361,2021-01-11,PIE,8737,2978,5759,8731,0,6,ITC,ITC1,1,Piemonte,Piemonte,4356406,772876,17.74,0.2
2362,2021-06-28,PIE,38388,19063,19325,15103,22720,565,ITC,ITC1,1,Piemonte,Piemonte,4356406,811264,18.62,0.88
2363,2021-04-06,PIE,20238,8808,11430,14594,5196,448,ITC,ITC1,1,Piemonte,Piemonte,4356406,831502,19.09,0.46
2364,2020-12-27,PIE,913,369,544,913,0,0,ITC,ITC1,1,Piemonte,Piemonte,4356406,832415,19.11,0.02
2365,2020-12-28,PIE,1,1,0,1,0,0,ITC,ITC1,1,Piemonte,Piemonte,4356406,832416,19.11,0.0
2366,2021-07-27,PIE,32539,16969,15570,8033,24220,286,ITC,ITC1,1,Piemonte,Piemonte,4356406,864955,19.85,0.75
2367,2021-05-02,PIE,25082,11268,13814,13956,10743,383,ITC,ITC1,1,Piemonte,Piemonte,4356406,890037,20.43,0.58
2368,2021-02-08,PIE,6916,2354,4562,661,6251,4,ITC,ITC1,1,Piemonte,Piemonte,4356406,896953,20.59,0.16
2369,2021-06-12,PIE,42588,22451,20137,39199,2626,763,ITC,ITC1,1,Piemonte,Piemonte,4356406,939541,21.57,0.98
2370,2021-07-12,PIE,39148,20197,18951,4551,34148,449,ITC,ITC1,1,Piemonte,Piemonte,4356406,978689,22.47,0.9
2371,2021-04-20,PIE,25482,11667,13815,18524,6345,613,ITC,ITC1,1,Piemonte,Piemonte,4356406,1004171,23.05,0.58
2372,2021-05-07,PIE,33077,15647,17430,18357,14122,598,ITC,ITC1,1,Piemonte,Piemonte,4356406,1037248,23.81,0.76
2373,2021-01-27,PIE,4193,1451,2742,994,3197,2,ITC,ITC1,1,Piemonte,Piemonte,4356406,1041441,23.91,0.1
2374,2021-02-13,PIE,4156,1338,2818,2917,1225,14,ITC,ITC1,1,Piemonte,Piemonte,4356406,1045597,24.0,0.1
2375,2021-01-23,PIE,4256,1327,2929,878,3376,2,ITC,ITC1,1,Piemonte,Piemonte,4356406,1049853,24.1,0.1
2376,2021-03-21,PIE,10724,4739,5985,4024,6532,168,ITC,ITC1,1,Piemonte,Piemonte,4356406,1060577,24.35,0.25
2377,2021-05-05,PIE,32237,15143,17094,18554,13062,621,ITC,ITC1,1,Piemonte,Piemonte,4356406,1092814,25.09,0.74
2378,2021-07-01,PIE,41849,20948,20901,19809,21124,916,ITC,ITC1,1,Piemonte,Piemonte,4356406,1134663,26.05,0.96
2379,2021-04-30,PIE,31832,14320,17512,17838,13328,666,ITC,ITC1,1,Piemonte,Piemonte,4356406,1166495,26.78,0.73
2380,2021-06-02,PIE,26533,12999,13534,21623,4469,441,ITC,ITC1,1,Piemonte,Piemonte,4356406,1193028,27.39,0.61
2381,2021-02-22,PIE,8478,3468,5010,7788,589,101,ITC,ITC1,1,Piemonte,Piemonte,4356406,1201506,27.58,0.19
2382,2021-03-11,PIE,13901,5205,8696,10560,3095,246,ITC,ITC1,1,Piemonte,Piemonte,4356406,1215407,27.9,0.32
2383,2021-04-02,PIE,20142,8317,11825,11329,8422,391,ITC,ITC1,1,Piemonte,Piemonte,4356406,1235549,28.36,0.46
2384,2021-05-29,PIE,32799,15228,17571,20273,12167,359,ITC,ITC1,1,Piemonte,Piemonte,4356406,1268348,29.11,0.75
2385,2021-02-18,PIE,4788,2094,2694,4272,430,86,ITC,ITC1,1,Piemonte,Piemonte,4356406,1273136,29.22,0.11
2386,2021-07-25,PIE,28591,15172,13419,6793,21544,254,ITC,ITC1,1,Piemonte,Piemonte,4356406,1301727,29.88,0.66
2387,2021-04-16,PIE,28396,13207,15189,22652,4991,753,ITC,ITC1,1,Piemonte,Piemonte,4356406,1330123,30.53,0.65
2388,2021-05-17,PIE,30912,14602,16310,17359,13151,402,ITC,ITC1,1,Piemonte,Piemonte,4356406,1361035,31.24,0.71
2389,2021-02-06,PIE,7993,2665,5328,396,7595,2,ITC,ITC1,1,Piemonte,Piemonte,4356406,1369028,31.43,0.18
2390,2021-02-23,PIE,9232,3713,5519,8477,583,172,ITC,ITC1,1,Piemonte,Piemonte,4356406,1378260,31.64,0.21
2391,2021-05-31,PIE,29105,14055,15050,20121,8578,406,ITC,ITC1,1,Piemonte,Piemonte,4356406,1407365,32.31,0.67
2392,2021-06-17,PIE,41072,20621,20451,24146,16320,606,ITC,ITC1,1,Piemonte,Piemonte,4356406,1448437,33.25,0.94
2393,2021-03-09,PIE,14207,5652,8555,11640,2340,227,ITC,ITC1,1,Piemonte,Piemonte,4356406,1462644,33.57,0.33
2394,2021-06-09,PIE,38586,20340,18246,35105,2715,766,ITC,ITC1,1,Piemonte,Piemonte,4356406,1501230,34.46,0.89
2395,2021-03-18,PIE,11758,4804,6954,3835,7731,192,ITC,ITC1,1,Piemonte,Piemonte,4356406,1512988,34.73,0.27
2396,2021-02-27,PIE,12674,4846,7828,12103,344,227,ITC,ITC1,1,Piemonte,Piemonte,4356406,1525662,35.02,0.29
2397,2021-04-25,PIE,20230,9306,10924,17283,2501,446,ITC,ITC1,1,Piemonte,Piemonte,4356406,1545892,35.49,0.46
2398,2021-01-15,PIE,9101,3006,6095,9095,0,6,ITC,ITC1,1,Piemonte,Piemonte,4356406,1554993,35.69,0.21
2399,2021-06-21,PIE,38370,19158,19212,17109,20707,554,ITC,ITC1,1,Piemonte,Piemonte,4356406,1593363,36.58,0.88
2400,2021-03-13,PIE,13023,4714,8309,11325,1430,268,ITC,ITC1,1,Piemonte,Piemonte,4356406,1606386,36.87,0.3
2401,2021-04-18,PIE,22928,10797,12131,19622,2748,558,ITC,ITC1,1,Piemonte,Piemonte,4356406,1629314,37.4,0.53
2402,2021-05-09,PIE,27148,12929,14219,13150,13619,379,ITC,ITC1,1,Piemonte,Piemonte,4356406,1656462,38.02,0.62
2403,2021-05-26,PIE,32747,15102,17645,15315,17079,353,ITC,ITC1,1,Piemonte,Piemonte,4356406,1689209,38.78,0.75
2404,2021-02-15,PIE,4426,1597,2829,3197,1206,23,ITC,ITC1,1,Piemonte,Piemonte,4356406,1693635,38.88,0.1
2405,2021-03-04,PIE,14633,5859,8774,11476,2939,218,ITC,ITC1,1,Piemonte,Piemonte,4356406,1708268,39.21,0.34
2406,2021-03-25,PIE,17126,7268,9858,8054,8634,438,ITC,ITC1,1,Piemonte,Piemonte,4356406,1725394,39.61,0.39
2407,2021-07-22,PIE,41202,21679,19523,6985,33653,564,ITC,ITC1,1,Piemonte,Piemonte,4356406,1766596,40.55,0.95
2408,2021-04-13,PIE,25938,11612,14326,21830,3459,649,ITC,ITC1,1,Piemonte,Piemonte,4356406,1792534,41.15,0.6
2409,2021-01-20,PIE,6601,2084,4517,5880,714,7,ITC,ITC1,1,Piemonte,Piemonte,4356406,1799135,41.3,0.15
2410,2021-02-03,PIE,10202,3306,6896,606,9594,2,ITC,ITC1,1,Piemonte,Piemonte,4356406,1809337,41.53,0.23
2411,2021-01-13,PIE,10073,3225,6848,10064,0,9,ITC,ITC1,1,Piemonte,Piemonte,4356406,1819410,41.76,0.23
2412,2021-06-16,PIE,40364,20235,20129,23508,16246,610,ITC,ITC1,1,Piemonte,Piemonte,4356406,1859774,42.69,0.93
2413,2021-01-06,PIE,3107,1103,2004,3106,0,1,ITC,ITC1,1,Piemonte,Piemonte,4356406,1862881,42.76,0.07
2414,2021-06-23,PIE,39701,19712,19989,16382,22837,482,ITC,ITC1,1,Piemonte,Piemonte,4356406,1902582,43.67,0.91
2415,2021-03-08,PIE,14131,5462,8669,11188,2709,234,ITC,ITC1,1,Piemonte,Piemonte,4356406,1916713,44.0,0.32
2416,2021-05-04,PIE,28585,13148,15437,15898,12183,504,ITC,ITC1,1,Piemonte,Piemonte,4356406,1945298,44.65,0.66
2417,2021-01-01,PIE,1038,395,643,1037,0,1,ITC,ITC1,1,Piemonte,Piemonte,4356406,1946336,44.68,0.02
2418,2021-07-05,PIE,35563,17787,17776,11707,23209,647,ITC,ITC1,1,Piemonte,Piemonte,4356406,1981899,45.49,0.82
2419,2021-03-03,PIE,12257,4771,7486,11249,818,190,ITC,ITC1,1,Piemonte,Piemonte,4356406,1994156,45.78,0.28
2420,2021-03-20,PIE,11918,4897,7021,5777,5897,244,ITC,ITC1,1,Piemonte,Piemonte,4356406,2006074,46.05,0.27
2421,2021-01-08,PIE,5523,1758,3765,5521,0,2,ITC,ITC1,1,Piemonte,Piemonte,4356406,2011597,46.18,0.13
2422,2021-06-14,PIE,37959,19560,18399,30194,7089,676,ITC,ITC1,1,Piemonte,Piemonte,4356406,2049556,47.05,0.87
2423,2021-03-06,PIE,13998,5218,8780,11038,2788,172,ITC,ITC1,1,Piemonte,Piemonte,4356406,2063554,47.37,0.32
2424,2021-01-22,PIE,3865,1249,2616,2523,1340,2,ITC,ITC1,1,Piemonte,Piemonte,4356406,2067419,47.46,0.09
2425,2021-07-02,PIE,43716,21997,21719,17376,25536,804,ITC,ITC1,1,Piemonte,Piemonte,4356406,2111135,48.46,1.0
2426,2021-05-13,PIE,35677,17527,18150,19857,15117,703,ITC,ITC1,1,Piemonte,Piemonte,4356406,2146812,49.28,0.82
2427,2021-02-02,PIE,10253,3514,6739,807,9445,1,ITC,ITC1,1,Piemonte,Piemonte,4356406,2157065,49.51,0.24
2428,2021-07-09,PIE,40375,20598,19777,5756,34112,507,ITC,ITC1,1,Piemonte,Piemonte,4356406,2197440,50.44,0.93
2429,2021-03-31,PIE,19125,8120,11005,10099,8690,336,ITC,ITC1,1,Piemonte,Piemonte,4356406,2216565,50.88,0.44
2430,2021-06-25,PIE,45466,22663,22803,20261,24527,678,ITC,ITC1,1,Piemonte,Piemonte,4356406,2262031,51.92,1.04
2431,2021-04-03,PIE,19444,8179,11265,10594,8544,306,ITC,ITC1,1,Piemonte,Piemonte,4356406,2281475,52.37,0.45
2432,2021-01-10,PIE,5205,2272,2933,5203,0,2,ITC,ITC1,1,Piemonte,Piemonte,4356406,2286680,52.49,0.12
2433,2021-07-14,PIE,38941,20036,18905,3570,34953,418,ITC,ITC1,1,Piemonte,Piemonte,4356406,2325621,53.38,0.89
2434,2021-04-22,PIE,27657,12738,14919,20192,6689,776,ITC,ITC1,1,Piemonte,Piemonte,4356406,2353278,54.02,0.63
2435,2021-01-12,PIE,10077,3411,6666,10070,0,7,ITC,ITC1,1,Piemonte,Piemonte,4356406,2363355,54.25,0.23
2436,2021-01-29,PIE,5937,1883,4054,452,5485,0,ITC,ITC1,1,Piemonte,Piemonte,4356406,2369292,54.39,0.14
2437,2021-02-28,PIE,10808,4057,6751,10394,240,174,ITC,ITC1,1,Piemonte,Piemonte,4356406,2380100,54.63,0.25
2438,2021-05-18,PIE,32143,14841,17302,19047,12659,437,ITC,ITC1,1,Piemonte,Piemonte,4356406,2412243,55.37,0.74
2439,2021-02-20,PIE,3831,1253,2578,3559,173,99,ITC,ITC1,1,Piemonte,Piemonte,4356406,2416074,55.46,0.09
2440,2021-07-24,PIE,34744,18282,16462,8078,26293,373,ITC,ITC1,1,Piemonte,Piemonte,4356406,2450818,56.26,0.8
2441,2021-04-29,PIE,48419,21944,26475,34652,12612,1155,ITC,ITC1,1,Piemonte,Piemonte,4356406,2499237,57.37,1.11
2442,2021-05-16,PIE,28163,12787,15376,14736,13055,372,ITC,ITC1,1,Piemonte,Piemonte,4356406,2527400,58.02,0.65
2443,2021-02-05,PIE,9600,3136,6464,653,8945,2,ITC,ITC1,1,Piemonte,Piemonte,4356406,2537000,58.24,0.22
2444,2021-01-24,PIE,3153,959,2194,432,2719,2,ITC,ITC1,1,Piemonte,Piemonte,4356406,2540153,58.31,0.07
2445,2021-06-30,PIE,41218,20154,21064,18449,21939,830,ITC,ITC1,1,Piemonte,Piemonte,4356406,2581371,59.25,0.95
2446,2021-03-22,PIE,11524,4892,6632,3715,7599,210,ITC,ITC1,1,Piemonte,Piemonte,4356406,2592895,59.52,0.26
2447,2021-04-27,PIE,22611,10217,12394,16830,5145,636,ITC,ITC1,1,Piemonte,Piemonte,4356406,2615506,60.04,0.52
2448,2021-01-17,PIE,3514,1168,2346,2863,649,2,ITC,ITC1,1,Piemonte,Piemonte,4356406,2619020,60.12,0.08
2449,2021-01-03,PIE,3059,965,2094,3057,0,2,ITC,ITC1,1,Piemonte,Piemonte,4356406,2622079,60.19,0.07
2450,2021-07-07,PIE,37920,18848,19072,9670,27702,548,ITC,ITC1,1,Piemonte,Piemonte,4356406,2659999,61.06,0.87
2451,2021-03-29,PIE,15242,6469,8773,8377,6609,256,ITC,ITC1,1,Piemonte,Piemonte,4356406,2675241,61.41,0.35
2452,2021-07-21,PIE,37882,20103,17779,6528,30863,491,ITC,ITC1,1,Piemonte,Piemonte,4356406,2713123,62.28,0.87
2453,2021-04-12,PIE,22927,10358,12569,19434,2987,506,ITC,ITC1,1,Piemonte,Piemonte,4356406,2736050,62.81,0.53
2454,2021-01-02,PIE,3539,1132,2407,3538,0,1,ITC,ITC1,1,Piemonte,Piemonte,4356406,2739589,62.89,0.08
2455,2021-05-27,PIE,37388,17387,20001,18810,18142,436,ITC,ITC1,1,Piemonte,Piemonte,4356406,2776977,63.74,0.86
2456,2021-02-16,PIE,3965,1755,2210,3159,758,48,ITC,ITC1,1,Piemonte,Piemonte,4356406,2780942,63.84,0.09
2457,2021-03-24,PIE,15552,6391,9161,6103,9120,329,ITC,ITC1,1,Piemonte,Piemonte,4356406,2796494,64.19,0.36
2458,2021-05-20,PIE,38612,17938,20674,13321,24939,352,ITC,ITC1,1,Piemonte,Piemonte,4356406,2835106,65.08,0.89
2459,2021-02-09,PIE,7386,2313,5073,713,6671,2,ITC,ITC1,1,Piemonte,Piemonte,4356406,2842492,65.25,0.17
2460,2021-07-16,PIE,41908,21898,20010,3607,37914,387,ITC,ITC1,1,Piemonte,Piemonte,4356406,2884400,66.21,0.96
2461,2021-04-07,PIE,23591,9987,13604,17616,5459,516,ITC,ITC1,1,Piemonte,Piemonte,4356406,2907991,66.75,0.54
2462,2021-07-03,PIE,40040,20106,19934,15340,24022,678,ITC,ITC1,1,Piemonte,Piemonte,4356406,2948031,67.67,0.92
2463,2021-03-30,PIE,16980,7111,9869,8725,7870,385,ITC,ITC1,1,Piemonte,Piemonte,4356406,2965011,68.06,0.39
2464,2021-07-10,PIE,41134,20840,20294,6714,33903,517,ITC,ITC1,1,Piemonte,Piemonte,4356406,3006145,69.01,0.94
2465,2021-04-01,PIE,19374,8110,11264,10941,8123,310,ITC,ITC1,1,Piemonte,Piemonte,4356406,3025519,69.45,0.44
2466,2021-05-28,PIE,35050,16606,18444,18660,15983,407,ITC,ITC1,1,Piemonte,Piemonte,4356406,3060569,70.25,0.8
2467,2021-01-25,PIE,6209,1935,4274,974,5233,2,ITC,ITC1,1,Piemonte,Piemonte,4356406,3066778,70.4,0.14
2468,2021-05-30,PIE,27711,13189,14522,18013,9328,370,ITC,ITC1,1,Piemonte,Piemonte,4356406,3094489,71.03,0.64
2469,2021-02-19,PIE,5533,2175,3358,4912,501,120,ITC,ITC1,1,Piemonte,Piemonte,4356406,3100022,71.16,0.13
2470,2021-05-06,PIE,33391,15767,17624,19277,13522,592,ITC,ITC1,1,Piemonte,Piemonte,4356406,3133413,71.93,0.77
2471,2021-05-23,PIE,28720,13141,15579,15460,12949,311,ITC,ITC1,1,Piemonte,Piemonte,4356406,3162133,72.59,0.66
2472,2021-02-12,PIE,6886,2214,4672,3905,2958,23,ITC,ITC1,1,Piemonte,Piemonte,4356406,3169019,72.74,0.16
2473,2021-03-01,PIE,12109,4910,7199,11133,807,169,ITC,ITC1,1,Piemonte,Piemonte,4356406,3181128,73.02,0.28
2474,2021-05-25,PIE,31140,14448,16692,15608,15142,390,ITC,ITC1,1,Piemonte,Piemonte,4356406,3212268,73.74,0.71
2475,2021-06-11,PIE,43544,23053,20491,39920,2830,794,ITC,ITC1,1,Piemonte,Piemonte,4356406,3255812,74.74,1.0
2476,2021-06-18,PIE,40564,20270,20294,25738,14170,656,ITC,ITC1,1,Piemonte,Piemonte,4356406,3296376,75.67,0.93
2477,2021-03-10,PIE,13812,5338,8474,11267,2290,255,ITC,ITC1,1,Piemonte,Piemonte,4356406,3310188,75.98,0.32
2478,2021-03-27,PIE,18386,7823,10563,9128,8823,435,ITC,ITC1,1,Piemonte,Piemonte,4356406,3328574,76.41,0.42
2479,2021-01-19,PIE,6454,2103,4351,6436,9,9,ITC,ITC1,1,Piemonte,Piemonte,4356406,3335028,76.55,0.15
2480,2021-07-23,PIE,37929,20009,17920,8183,29376,370,ITC,ITC1,1,Piemonte,Piemonte,4356406,3372957,77.43,0.87
2481,2021-04-14,PIE,27673,12547,15126,22456,4519,698,ITC,ITC1,1,Piemonte,Piemonte,4356406,3400630,78.06,0.64
2482,2021-03-17,PIE,12515,5055,7460,5039,7294,182,ITC,ITC1,1,Piemonte,Piemonte,4356406,3413145,78.35,0.29
2483,2021-06-10,PIE,40404,21119,19285,36988,2569,847,ITC,ITC1,1,Piemonte,Piemonte,4356406,3453549,79.28,0.93
2484,2021-06-27,PIE,37505,18595,18910,15187,21742,576,ITC,ITC1,1,Piemonte,Piemonte,4356406,3491054,80.14,0.86
2485,2021-03-19,PIE,11027,4518,6509,4216,6605,206,ITC,ITC1,1,Piemonte,Piemonte,4356406,3502081,80.39,0.25
2486,2021-04-05,PIE,14741,6232,8509,11938,2551,252,ITC,ITC1,1,Piemonte,Piemonte,4356406,3516822,80.73,0.34
2487,2021-06-29,PIE,40493,20228,20265,19189,20653,651,ITC,ITC1,1,Piemonte,Piemonte,4356406,3557315,81.66,0.93
2488,2021-03-15,PIE,10682,4193,6489,4918,5610,154,ITC,ITC1,1,Piemonte,Piemonte,4356406,3567997,81.9,0.25
2489,2021-05-11,PIE,32053,15447,16606,18190,13227,636,ITC,ITC1,1,Piemonte,Piemonte,4356406,3600050,82.64,0.74
2490,2021-01-31,PIE,4114,1754,2360,111,4003,0,ITC,ITC1,1,Piemonte,Piemonte,4356406,3604164,82.73,0.09
2491,2021-07-18,PIE,32862,17239,15623,3241,29304,317,ITC,ITC1,1,Piemonte,Piemonte,4356406,3637026,83.49,0.75
2492,2021-02-07,PIE,3082,971,2111,440,2641,1,ITC,ITC1,1,Piemonte,Piemonte,4356406,3640108,83.56,0.07
2493,2021-07-11,PIE,33136,16893,16243,4518,28314,304,ITC,ITC1,1,Piemonte,Piemonte,4356406,3673244,84.32,0.76
2494,2021-06-03,PIE,34630,17890,16740,29700,4414,516,ITC,ITC1,1,Piemonte,Piemonte,4356406,3707874,85.11,0.79
2495,2021-04-19,PIE,22540,10762,11778,17640,4350,550,ITC,ITC1,1,Piemonte,Piemonte,4356406,3730414,85.63,0.52
2496,2021-01-09,PIE,6177,2182,3995,6176,0,1,ITC,ITC1,1,Piemonte,Piemonte,4356406,3736591,85.77,0.14
2497,2021-01-26,PIE,6332,1881,4451,731,5600,1,ITC,ITC1,1,Piemonte,Piemonte,4356406,3742923,85.92,0.15
2498,2021-05-08,PIE,34263,16261,18002,18123,15634,506,ITC,ITC1,1,Piemonte,Piemonte,4356406,3777186,86.7,0.79
2499,2021-01-28,PIE,5589,1809,3780,380,5209,0,ITC,ITC1,1,Piemonte,Piemonte,4356406,3782775,86.83,0.13
2500,2021-02-14,PIE,1476,498,978,869,600,7,ITC,ITC1,1,Piemonte,Piemonte,4356406,3784251,86.87,0.03
2501,2021-06-04,PIE,37552,19633,17919,34024,2950,578,ITC,ITC1,1,Piemonte,Piemonte,4356406,3821803,87.73,0.86
2502,2021-02-24,PIE,11375,4602,6773,10728,503,144,ITC,ITC1,1,Piemonte,Piemonte,4356406,3833178,87.99,0.26
2503,2021-06-06,PIE,35080,18331,16749,32047,2489,544,ITC,ITC1,1,Piemonte,Piemonte,4356406,3868258,88.79,0.81
2504,2021-02-17,PIE,4792,2157,2635,3744,990,58,ITC,ITC1,1,Piemonte,Piemonte,4356406,3873050,88.9,0.11
2505,2021-06-08,PIE,37651,19495,18156,34120,2840,691,ITC,ITC1,1,Piemonte,Piemonte,4356406,3910701,89.77,0.86
2506,2021-04-26,PIE,19801,8752,11049,14909,4397,495,ITC,ITC1,1,Piemonte,Piemonte,4356406,3930502,90.22,0.45
2507,2021-05-03,PIE,26681,12205,14476,12043,14207,431,ITC,ITC1,1,Piemonte,Piemonte,4356406,3957183,90.84,0.61
2508,2021-02-26,PIE,12284,4928,7356,11344,736,204,ITC,ITC1,1,Piemonte,Piemonte,4356406,3969467,91.12,0.28
2509,2021-05-22,PIE,33510,15129,18381,16891,16216,403,ITC,ITC1,1,Piemonte,Piemonte,4356406,4002977,91.89,0.77
2510,2021-04-24,PIE,27496,12431,15065,21289,5657,550,ITC,ITC1,1,Piemonte,Piemonte,4356406,4030473,92.52,0.63
2511,2021-01-14,PIE,9756,3146,6610,9750,0,6,ITC,ITC1,1,Piemonte,Piemonte,4356406,4040229,92.74,0.22
2512,2021-05-01,PIE,28543,12997,15546,16323,11788,432,ITC,ITC1,1,Piemonte,Piemonte,4356406,4068772,93.4,0.66
2513,2021-01-21,PIE,6868,2311,4557,3366,3496,6,ITC,ITC1,1,Piemonte,Piemonte,4356406,4075640,93.56,0.16
2514,2021-05-15,PIE,33762,15737,18025,19388,13717,657,ITC,ITC1,1,Piemonte,Piemonte,4356406,4109402,94.33,0.77
2515,2021-06-01,PIE,29303,14702,14601,24456,4424,423,ITC,ITC1,1,Piemonte,Piemonte,4356406,4138705,95.0,0.67
2516,2021-02-21,PIE,5088,2083,3005,4936,102,50,ITC,ITC1,1,Piemonte,Piemonte,4356406,4143793,95.12,0.12
2517,2021-06-20,PIE,34050,17078,16972,18727,14771,552,ITC,ITC1,1,Piemonte,Piemonte,4356406,4177843,95.9,0.78
2518,2021-03-12,PIE,14102,5328,8774,10887,2937,278,ITC,ITC1,1,Piemonte,Piemonte,4356406,4191945,96.22,0.32
2519,2021-07-04,PIE,33727,17000,16727,11232,21908,587,ITC,ITC1,1,Piemonte,Piemonte,4356406,4225672,97.0,0.77
2520,2021-03-26,PIE,17883,7103,10780,8477,8882,524,ITC,ITC1,1,Piemonte,Piemonte,4356406,4243555,97.41,0.41
2521,2021-05-21,PIE,36078,16743,19335,19933,15637,508,ITC,ITC1,1,Piemonte,Piemonte,4356406,4279633,98.24,0.83
2522,2021-07-17,PIE,41903,22063,19840,4943,36483,477,ITC,ITC1,1,Piemonte,Piemonte,4356406,4321536,99.2,0.96
2523,2021-02-01,PIE,8655,3052,5603,575,8079,1,ITC,ITC1,1,Piemonte,Piemonte,4356406,4330191,99.4,0.2
2524,2021-05-14,PIE,33410,16276,17134,17325,15423,662,ITC,ITC1,1,Piemonte,Piemonte,4356406,4363601,100.17,0.77
2525,2021-07-26,PIE,32122,16693,15429,8182,23648,292,ITC,ITC1,1,Piemonte,Piemonte,4356406,4395723,100.9,0.74
2526,2021-04-17,PIE,30448,14147,16301,26447,3306,695,ITC,ITC1,1,Piemonte,Piemonte,4356406,4426171,101.6,0.7
2527,2021-06-13,PIE,37966,20041,17925,33098,4121,747,ITC,ITC1,1,Piemonte,Piemonte,4356406,4464137,102.47,0.87
2528,2021-02-10,PIE,7533,2371,5162,1298,6220,15,ITC,ITC1,1,Piemonte,Piemonte,4356406,4471670,102.65,0.17
2529,2021-04-08,PIE,25291,11003,14288,20018,4721,552,ITC,ITC1,1,Piemonte,Piemonte,4356406,4496961,103.23,0.58
2530,2021-07-19,PIE,39510,20568,18942,4465,34640,405,ITC,ITC1,1,Piemonte,Piemonte,4356406,4536471,104.13,0.91
2531,2021-04-10,PIE,30149,13403,16746,25244,4263,642,ITC,ITC1,1,Piemonte,Piemonte,4356406,4566620,104.83,0.69
2532,2021-04-15,PIE,29526,13530,15996,23384,5478,664,ITC,ITC1,1,Piemonte,Piemonte,4356406,4596146,105.5,0.68
2533,2021-01-05,PIE,5373,1601,3772,5368,0,5,ITC,ITC1,1,Piemonte,Piemonte,4356406,4601519,105.63,0.12
2534,2021-06-22,PIE,40566,20044,20522,17783,22252,531,ITC,ITC1,1,Piemonte,Piemonte,4356406,4642085,106.56,0.93
2535,2021-01-07,PIE,5370,1731,3639,5368,0,2,ITC,ITC1,1,Piemonte,Piemonte,4356406,4647455,106.68,0.12
2536,2021-03-05,PIE,15555,6228,9327,11464,3821,270,ITC,ITC1,1,Piemonte,Piemonte,4356406,4663010,107.04,0.36
2537,2021-07-28,PIE,17061,8918,8143,3639,13273,149,ITC,ITC1,1,Piemonte,Piemonte,4356406,4680071,107.43,0.39
2538,2021-06-15,PIE,38912,20042,18870,26491,11763,658,ITC,ITC1,1,Piemonte,Piemonte,4356406,4718983,108.32,0.89
2539,2021-03-07,PIE,11977,4664,7313,10857,877,243,ITC,ITC1,1,Piemonte,Piemonte,4356406,4730960,108.6,0.27
2540,2020-12-31,PIE,3878,1320,2558,3878,0,0,ITC,ITC1,1,Piemonte,Piemonte,4356406,4734838,108.69,0.09
2541,2021-07-03,UMB,6469,3244,3225,2922,3492,55,ITI,ITI2,10,Umbria,Umbria,882015,6469,0.73,0.73
2542,2021-07-20,UMB,8257,4105,4152,1146,7077,34,ITI,ITI2,10,Umbria,Umbria,882015,14726,1.67,0.94
2543,2021-07-22,UMB,9903,4813,5090,1647,8202,54,ITI,ITI2,10,Umbria,Umbria,882015,24629,2.79,1.12
2544,2021-04-23,UMB,6615,2787,3828,3300,3120,195,ITI,ITI2,10,Umbria,Umbria,882015,31244,3.54,0.75
2545,2021-02-25,UMB,1332,495,837,1272,52,8,ITI,ITI2,10,Umbria,Umbria,882015,32576,3.69,0.15
2546,2021-03-11,UMB,3583,1723,1860,2564,1006,13,ITI,ITI2,10,Umbria,Umbria,882015,36159,4.1,0.41
2547,2021-01-13,UMB,449,139,310,449,0,0,ITI,ITI2,10,Umbria,Umbria,882015,36608,4.15,0.05
2548,2021-06-19,UMB,4568,2199,2369,2537,2030,1,ITI,ITI2,10,Umbria,Umbria,882015,41176,4.67,0.52
2549,2021-01-06,UMB,846,325,521,846,0,0,ITI,ITI2,10,Umbria,Umbria,882015,42022,4.76,0.1
2550,2021-06-12,UMB,7711,3685,4026,6123,1579,9,ITI,ITI2,10,Umbria,Umbria,882015,49733,5.64,0.87
2551,2021-04-16,UMB,8096,3740,4356,6080,1838,178,ITI,ITI2,10,Umbria,Umbria,882015,57829,6.56,0.92
2552,2021-04-30,UMB,6253,2971,3282,2735,3397,121,ITI,ITI2,10,Umbria,Umbria,882015,64082,7.27,0.71
2553,2021-03-04,UMB,4484,1855,2629,3643,827,14,ITI,ITI2,10,Umbria,Umbria,882015,68566,7.77,0.51
2554,2021-01-20,UMB,602,221,381,602,0,0,ITI,ITI2,10,Umbria,Umbria,882015,69168,7.84,0.07
2555,2021-03-23,UMB,3824,1713,2111,2158,1629,37,ITI,ITI2,10,Umbria,Umbria,882015,72992,8.28,0.43
2556,2021-07-01,UMB,9680,4791,4889,3358,6280,42,ITI,ITI2,10,Umbria,Umbria,882015,82672,9.37,1.1
2557,2021-02-08,UMB,635,203,432,88,547,0,ITI,ITI2,10,Umbria,Umbria,882015,83307,9.45,0.07
2558,2021-05-19,UMB,9418,4215,5203,5590,3743,85,ITI,ITI2,10,Umbria,Umbria,882015,92725,10.51,1.07
2559,2021-02-06,UMB,396,138,258,34,362,0,ITI,ITI2,10,Umbria,Umbria,882015,93121,10.56,0.04
2560,2021-06-02,UMB,3916,1883,2033,3875,41,0,ITI,ITI2,10,Umbria,Umbria,882015,97037,11.0,0.44
2561,2021-02-20,UMB,283,101,182,259,24,0,ITI,ITI2,10,Umbria,Umbria,882015,97320,11.03,0.03
2562,2021-03-09,UMB,4088,2000,2088,2791,1288,9,ITI,ITI2,10,Umbria,Umbria,882015,101408,11.5,0.46
2563,2021-04-06,UMB,5287,2164,3123,2863,2387,37,ITI,ITI2,10,Umbria,Umbria,882015,106695,12.1,0.6
2564,2021-03-28,UMB,1095,441,654,1040,24,31,ITI,ITI2,10,Umbria,Umbria,882015,107790,12.22,0.12
2565,2021-01-30,UMB,1575,486,1089,44,1531,0,ITI,ITI2,10,Umbria,Umbria,882015,109365,12.4,0.18
2566,2021-07-15,UMB,10558,5174,5384,608,9898,52,ITI,ITI2,10,Umbria,Umbria,882015,119923,13.6,1.2
2567,2021-02-13,UMB,114,27,87,111,3,0,ITI,ITI2,10,Umbria,Umbria,882015,120037,13.61,0.01
2568,2021-05-24,UMB,9058,4510,4548,8013,879,166,ITI,ITI2,10,Umbria,Umbria,882015,129095,14.64,1.03
2569,2021-04-18,UMB,1531,681,850,578,930,23,ITI,ITI2,10,Umbria,Umbria,882015,130626,14.81,0.17
2570,2021-01-11,UMB,1303,341,962,1303,0,0,ITI,ITI2,10,Umbria,Umbria,882015,131929,14.96,0.15
2571,2021-07-27,UMB,8083,4061,4022,2754,5276,53,ITI,ITI2,10,Umbria,Umbria,882015,140012,15.87,0.92
2572,2021-05-05,UMB,7220,3305,3915,3834,3305,81,ITI,ITI2,10,Umbria,Umbria,882015,147232,16.69,0.82
2573,2021-01-25,UMB,648,323,325,5,643,0,ITI,ITI2,10,Umbria,Umbria,882015,147880,16.77,0.07
2574,2021-05-07,UMB,10117,4709,5408,6715,3191,211,ITI,ITI2,10,Umbria,Umbria,882015,157997,17.91,1.15
2575,2021-06-14,UMB,5378,2745,2633,3363,2010,5,ITI,ITI2,10,Umbria,Umbria,882015,163375,18.52,0.61
2576,2021-01-01,UMB,273,104,169,273,0,0,ITI,ITI2,10,Umbria,Umbria,882015,163648,18.55,0.03
2577,2021-04-11,UMB,3099,1505,1594,3033,49,17,ITI,ITI2,10,Umbria,Umbria,882015,166747,18.91,0.35
2578,2021-01-18,UMB,613,218,395,529,84,0,ITI,ITI2,10,Umbria,Umbria,882015,167360,18.97,0.07
2579,2021-05-30,UMB,5982,2999,2983,5664,202,116,ITI,ITI2,10,Umbria,Umbria,882015,173342,19.65,0.68
2580,2021-06-30,UMB,10476,5296,5180,3767,6707,2,ITI,ITI2,10,Umbria,Umbria,882015,183818,20.84,1.19
2581,2021-07-07,UMB,9403,4450,4953,86,9291,26,ITI,ITI2,10,Umbria,Umbria,882015,193221,21.91,1.07
2582,2021-05-26,UMB,9649,4565,5084,8205,1250,194,ITI,ITI2,10,Umbria,Umbria,882015,202870,23.0,1.09
2583,2021-07-26,UMB,8851,4590,4261,3947,4851,53,ITI,ITI2,10,Umbria,Umbria,882015,211721,24.0,1.0
2584,2021-05-28,UMB,9590,4437,5153,7111,2297,182,ITI,ITI2,10,Umbria,Umbria,882015,221311,25.09,1.09
2585,2021-05-31,UMB,5811,2843,2968,4849,884,78,ITI,ITI2,10,Umbria,Umbria,882015,227122,25.75,0.66
2586,2021-05-14,UMB,5328,2509,2819,3353,1817,158,ITI,ITI2,10,Umbria,Umbria,882015,232450,26.35,0.6
2587,2021-02-01,UMB,1284,341,943,48,1236,0,ITI,ITI2,10,Umbria,Umbria,882015,233734,26.5,0.15
2588,2021-02-18,UMB,1496,582,914,1029,466,1,ITI,ITI2,10,Umbria,Umbria,882015,235230,26.67,0.17
2589,2021-07-08,UMB,9488,4596,4892,171,9272,45,ITI,ITI2,10,Umbria,Umbria,882015,244718,27.75,1.08
2590,2021-05-12,UMB,6488,3025,3463,4194,2146,148,ITI,ITI2,10,Umbria,Umbria,882015,251206,28.48,0.74
2591,2021-03-30,UMB,3976,1730,2246,2400,1540,36,ITI,ITI2,10,Umbria,Umbria,882015,255182,28.93,0.45
2592,2020-12-27,UMB,84,44,40,84,0,0,ITI,ITI2,10,Umbria,Umbria,882015,255266,28.94,0.01
2593,2021-02-22,UMB,1889,807,1082,1803,86,0,ITI,ITI2,10,Umbria,Umbria,882015,257155,29.16,0.21
2594,2021-04-04,UMB,57,20,37,22,35,0,ITI,ITI2,10,Umbria,Umbria,882015,257212,29.16,0.01
2595,2021-06-07,UMB,6945,3427,3518,6245,695,5,ITI,ITI2,10,Umbria,Umbria,882015,264157,29.95,0.79
2596,2021-03-16,UMB,3538,1454,2084,1909,1627,2,ITI,ITI2,10,Umbria,Umbria,882015,267695,30.35,0.4
2597,2021-02-27,UMB,1658,354,1304,1642,16,0,ITI,ITI2,10,Umbria,Umbria,882015,269353,30.54,0.19
2598,2021-04-03,UMB,2097,712,1385,1034,1052,11,ITI,ITI2,10,Umbria,Umbria,882015,271450,30.78,0.24
2599,2021-07-12,UMB,4594,2220,2374,107,4478,9,ITI,ITI2,10,Umbria,Umbria,882015,276044,31.3,0.52
2600,2021-04-25,UMB,4357,1684,2673,3866,82,409,ITI,ITI2,10,Umbria,Umbria,882015,280401,31.79,0.49
2601,2021-06-21,UMB,7500,3932,3568,5160,2338,2,ITI,ITI2,10,Umbria,Umbria,882015,287901,32.64,0.85
2602,2021-03-18,UMB,2965,1171,1794,1699,1262,4,ITI,ITI2,10,Umbria,Umbria,882015,290866,32.98,0.34
2603,2021-06-26,UMB,9313,4730,4583,5690,3622,1,ITI,ITI2,10,Umbria,Umbria,882015,300179,34.03,1.06
2604,2021-07-10,UMB,7680,3808,3872,71,7601,8,ITI,ITI2,10,Umbria,Umbria,882015,307859,34.9,0.87
2605,2021-04-20,UMB,5450,2364,3086,3430,1947,73,ITI,ITI2,10,Umbria,Umbria,882015,313309,35.52,0.62
2606,2021-03-08,UMB,3696,1822,1874,2323,1361,12,ITI,ITI2,10,Umbria,Umbria,882015,317005,35.94,0.42
2607,2021-06-16,UMB,6316,3093,3223,3222,3093,1,ITI,ITI2,10,Umbria,Umbria,882015,323321,36.66,0.72
2608,2021-03-25,UMB,3929,1724,2205,2821,1063,45,ITI,ITI2,10,Umbria,Umbria,882015,327250,37.1,0.45
2609,2021-03-27,UMB,4251,1513,2738,3855,340,56,ITI,ITI2,10,Umbria,Umbria,882015,331501,37.58,0.48
2610,2021-05-11,UMB,6237,2836,3401,3904,2193,140,ITI,ITI2,10,Umbria,Umbria,882015,337738,38.29,0.71
2611,2021-05-16,UMB,5218,2492,2726,5087,49,82,ITI,ITI2,10,Umbria,Umbria,882015,342956,38.88,0.59
2612,2021-07-19,UMB,7616,3800,3816,1545,6025,46,ITI,ITI2,10,Umbria,Umbria,882015,350572,39.75,0.86
2613,2021-04-27,UMB,5665,2401,3264,3054,2578,33,ITI,ITI2,10,Umbria,Umbria,882015,356237,40.39,0.64
2614,2021-02-03,UMB,724,174,550,67,657,0,ITI,ITI2,10,Umbria,Umbria,882015,356961,40.47,0.08
2615,2021-01-08,UMB,1187,344,843,1187,0,0,ITI,ITI2,10,Umbria,Umbria,882015,358148,40.61,0.13
2616,2021-05-23,UMB,5068,1854,3214,635,4416,17,ITI,ITI2,10,Umbria,Umbria,882015,363216,41.18,0.57
2617,2021-03-06,UMB,4303,1146,3157,4133,138,32,ITI,ITI2,10,Umbria,Umbria,882015,367519,41.67,0.49
2618,2021-01-22,UMB,276,105,171,32,244,0,ITI,ITI2,10,Umbria,Umbria,882015,367795,41.7,0.03
2619,2021-06-28,UMB,9733,4804,4929,3790,5943,0,ITI,ITI2,10,Umbria,Umbria,882015,377528,42.8,1.1
2620,2021-05-02,UMB,3780,1866,1914,1298,2454,28,ITI,ITI2,10,Umbria,Umbria,882015,381308,43.23,0.43
2621,2021-03-20,UMB,2319,845,1474,2290,25,4,ITI,ITI2,10,Umbria,Umbria,882015,383627,43.49,0.26
2622,2021-03-13,UMB,1735,524,1211,1486,249,0,ITI,ITI2,10,Umbria,Umbria,882015,385362,43.69,0.2
2623,2021-01-15,UMB,695,213,482,695,0,0,ITI,ITI2,10,Umbria,Umbria,882015,386057,43.77,0.08
2624,2021-01-29,UMB,1230,348,882,79,1151,0,ITI,ITI2,10,Umbria,Umbria,882015,387287,43.91,0.14
2625,2021-05-09,UMB,5755,2753,3002,5244,391,120,ITI,ITI2,10,Umbria,Umbria,882015,393042,44.56,0.65
2626,2021-07-09,UMB,9478,4585,4893,117,9347,14,ITI,ITI2,10,Umbria,Umbria,882015,402520,45.64,1.07
2627,2021-07-23,UMB,10402,5249,5153,1367,8981,54,ITI,ITI2,10,Umbria,Umbria,882015,412922,46.82,1.18
2628,2021-01-27,UMB,840,330,510,13,827,0,ITI,ITI2,10,Umbria,Umbria,882015,413762,46.91,0.1
2629,2021-01-10,UMB,1065,274,791,1065,0,0,ITI,ITI2,10,Umbria,Umbria,882015,414827,47.03,0.12
2630,2021-05-21,UMB,8976,3670,5306,4062,4829,85,ITI,ITI2,10,Umbria,Umbria,882015,423803,48.05,1.02
2631,2021-05-04,UMB,5538,2544,2994,2353,3125,60,ITI,ITI2,10,Umbria,Umbria,882015,429341,48.68,0.63
2632,2021-04-01,UMB,4373,1837,2536,2326,2010,37,ITI,ITI2,10,Umbria,Umbria,882015,433714,49.17,0.5
2633,2021-03-01,UMB,1504,774,730,1384,114,6,ITI,ITI2,10,Umbria,Umbria,882015,435218,49.34,0.17
2634,2021-06-09,UMB,8063,3908,4155,7334,722,7,ITI,ITI2,10,Umbria,Umbria,882015,443281,50.26,0.91
2635,2021-06-23,UMB,11203,5722,5481,7799,3404,0,ITI,ITI2,10,Umbria,Umbria,882015,454484,51.53,1.27
2636,2021-03-15,UMB,4595,1939,2656,2826,1766,3,ITI,ITI2,10,Umbria,Umbria,882015,459079,52.05,0.52
2637,2021-02-10,UMB,714,348,366,699,15,0,ITI,ITI2,10,Umbria,Umbria,882015,459793,52.13,0.08
2638,2021-06-18,UMB,4761,2348,2413,1603,3157,1,ITI,ITI2,10,Umbria,Umbria,882015,464554,52.67,0.54
2639,2021-07-05,UMB,8411,4077,4334,161,8243,7,ITI,ITI2,10,Umbria,Umbria,882015,472965,53.62,0.95
2640,2021-05-13,UMB,5916,2658,3258,3703,2084,129,ITI,ITI2,10,Umbria,Umbria,882015,478881,54.29,0.67
2641,2021-02-19,UMB,743,293,450,525,217,1,ITI,ITI2,10,Umbria,Umbria,882015,479624,54.38,0.08
2642,2021-03-29,UMB,3630,1600,2030,2152,1420,58,ITI,ITI2,10,Umbria,Umbria,882015,483254,54.79,0.41
2643,2021-01-31,UMB,1058,276,782,25,1033,0,ITI,ITI2,10,Umbria,Umbria,882015,484312,54.91,0.12
2644,2021-05-25,UMB,8815,4301,4514,7584,1063,168,ITI,ITI2,10,Umbria,Umbria,882015,493127,55.91,1.0
2645,2021-05-18,UMB,7747,3357,4390,3826,3839,82,ITI,ITI2,10,Umbria,Umbria,882015,500874,56.79,0.88
2646,2021-03-22,UMB,3561,1656,1905,2305,1246,10,ITI,ITI2,10,Umbria,Umbria,882015,504435,57.19,0.4
2647,2021-04-05,UMB,4249,1729,2520,2182,2055,12,ITI,ITI2,10,Umbria,Umbria,882015,508684,57.67,0.48
2648,2021-02-07,UMB,54,17,37,1,53,0,ITI,ITI2,10,Umbria,Umbria,882015,508738,57.68,0.01
2649,2021-07-14,UMB,6193,3006,3187,1750,4258,185,ITI,ITI2,10,Umbria,Umbria,882015,514931,58.38,0.7
2650,2021-02-05,UMB,780,234,546,18,762,0,ITI,ITI2,10,Umbria,Umbria,882015,515711,58.47,0.09
2651,2021-07-21,UMB,9455,4584,4871,1083,8328,44,ITI,ITI2,10,Umbria,Umbria,882015,525166,59.54,1.07
2652,2021-07-04,UMB,3407,1740,1667,2409,968,30,ITI,ITI2,10,Umbria,Umbria,882015,528573,59.93,0.39
2653,2021-04-12,UMB,7084,3081,4003,5310,1717,57,ITI,ITI2,10,Umbria,Umbria,882015,535657,60.73,0.8
2654,2021-01-19,UMB,102,23,79,102,0,0,ITI,ITI2,10,Umbria,Umbria,882015,535759,60.74,0.01
2655,2021-04-29,UMB,5216,2250,2966,2808,2320,88,ITI,ITI2,10,Umbria,Umbria,882015,540975,61.33,0.59
2656,2021-03-24,UMB,4104,1792,2312,2744,1323,37,ITI,ITI2,10,Umbria,Umbria,882015,545079,61.8,0.47
2657,2021-07-02,UMB,8735,4320,4415,3047,5598,90,ITI,ITI2,10,Umbria,Umbria,882015,553814,62.79,0.99
2658,2021-04-10,UMB,7391,3478,3913,7175,84,132,ITI,ITI2,10,Umbria,Umbria,882015,561205,63.63,0.84
2659,2021-01-17,UMB,54,17,37,54,0,0,ITI,ITI2,10,Umbria,Umbria,882015,561259,63.63,0.01
2660,2020-12-31,UMB,322,127,195,322,0,0,ITI,ITI2,10,Umbria,Umbria,882015,561581,63.67,0.04
2661,2021-06-15,UMB,5972,3010,2962,3904,2066,2,ITI,ITI2,10,Umbria,Umbria,882015,567553,64.35,0.68
2662,2021-03-17,UMB,3329,1313,2016,1855,1472,2,ITI,ITI2,10,Umbria,Umbria,882015,570882,64.72,0.38
2663,2021-01-07,UMB,1300,387,913,1300,0,0,ITI,ITI2,10,Umbria,Umbria,882015,572182,64.87,0.15
2664,2021-06-25,UMB,10163,5283,4880,5385,4772,6,ITI,ITI2,10,Umbria,Umbria,882015,582345,66.02,1.15
2665,2021-01-24,UMB,258,106,152,1,257,0,ITI,ITI2,10,Umbria,Umbria,882015,582603,66.05,0.03
2666,2021-06-08,UMB,7377,3641,3736,6820,546,11,ITI,ITI2,10,Umbria,Umbria,882015,589980,66.89,0.84
2667,2021-07-16,UMB,9614,4894,4720,702,8873,39,ITI,ITI2,10,Umbria,Umbria,882015,599594,67.98,1.09
2668,2021-05-20,UMB,9840,4591,5249,6103,3651,86,ITI,ITI2,10,Umbria,Umbria,882015,609434,69.1,1.12
2669,2021-01-26,UMB,815,389,426,17,798,0,ITI,ITI2,10,Umbria,Umbria,882015,610249,69.19,0.09
2670,2021-02-12,UMB,670,224,446,664,6,0,ITI,ITI2,10,Umbria,Umbria,882015,610919,69.26,0.08
2671,2021-02-26,UMB,660,253,407,650,8,2,ITI,ITI2,10,Umbria,Umbria,882015,611579,69.34,0.07
2672,2021-05-06,UMB,9457,4317,5140,6022,3314,121,ITI,ITI2,10,Umbria,Umbria,882015,621036,70.41,1.07
2673,2021-07-18,UMB,7853,4063,3790,296,7553,4,ITI,ITI2,10,Umbria,Umbria,882015,628889,71.3,0.89
2674,2021-06-05,UMB,8224,3775,4449,5565,2654,5,ITI,ITI2,10,Umbria,Umbria,882015,637113,72.23,0.93
2675,2021-07-25,UMB,7305,3849,3456,1198,6095,12,ITI,ITI2,10,Umbria,Umbria,882015,644418,73.06,0.83
2676,2021-06-11,UMB,6913,3468,3445,6141,768,4,ITI,ITI2,10,Umbria,Umbria,882015,651331,73.85,0.78
2677,2021-04-08,UMB,5864,2509,3355,4007,1789,68,ITI,ITI2,10,Umbria,Umbria,882015,657195,74.51,0.66
2678,2021-07-17,UMB,7653,3850,3803,1366,6220,67,ITI,ITI2,10,Umbria,Umbria,882015,664848,75.38,0.87
2679,2021-06-04,UMB,8914,4406,4508,7708,1198,8,ITI,ITI2,10,Umbria,Umbria,882015,673762,76.39,1.01
2680,2021-06-13,UMB,6763,3556,3207,6529,230,4,ITI,ITI2,10,Umbria,Umbria,882015,680525,77.16,0.77
2681,2021-05-01,UMB,5370,2638,2732,2096,3230,44,ITI,ITI2,10,Umbria,Umbria,882015,685895,77.76,0.61
2682,2021-03-05,UMB,4618,1402,3216,3947,656,15,ITI,ITI2,10,Umbria,Umbria,882015,690513,78.29,0.52
2683,2021-03-03,UMB,4431,1770,2661,3718,710,3,ITI,ITI2,10,Umbria,Umbria,882015,694944,78.79,0.5
2684,2021-06-01,UMB,4381,2089,2292,4224,155,2,ITI,ITI2,10,Umbria,Umbria,882015,699325,79.29,0.5
2685,2021-03-10,UMB,4031,1943,2088,2760,1256,15,ITI,ITI2,10,Umbria,Umbria,882015,703356,79.74,0.46
2686,2021-01-16,UMB,217,71,146,216,0,1,ITI,ITI2,10,Umbria,Umbria,882015,703573,79.77,0.02
2687,2021-06-27,UMB,7456,3730,3726,1768,5687,1,ITI,ITI2,10,Umbria,Umbria,882015,711029,80.61,0.85
2688,2021-07-28,UMB,3845,1976,1869,1119,2706,20,ITI,ITI2,10,Umbria,Umbria,882015,714874,81.05,0.44
2689,2021-02-11,UMB,839,348,491,834,5,0,ITI,ITI2,10,Umbria,Umbria,882015,715713,81.15,0.1
2690,2021-05-22,UMB,6968,2755,4213,2597,4324,47,ITI,ITI2,10,Umbria,Umbria,882015,722681,81.94,0.79
2691,2021-06-17,UMB,6967,3541,3426,4875,2079,13,ITI,ITI2,10,Umbria,Umbria,882015,729648,82.73,0.79
2692,2021-03-26,UMB,4592,1715,2877,4345,172,75,ITI,ITI2,10,Umbria,Umbria,882015,734240,83.25,0.52
2693,2021-01-02,UMB,304,111,193,304,0,0,ITI,ITI2,10,Umbria,Umbria,882015,734544,83.28,0.03
2694,2021-03-07,UMB,845,180,665,837,7,1,ITI,ITI2,10,Umbria,Umbria,882015,735389,83.38,0.1
2695,2021-05-29,UMB,7856,3611,4245,6176,1566,114,ITI,ITI2,10,Umbria,Umbria,882015,743245,84.27,0.89
2696,2021-03-31,UMB,3897,1728,2169,2179,1686,32,ITI,ITI2,10,Umbria,Umbria,882015,747142,84.71,0.44
2697,2021-02-16,UMB,1308,655,653,1299,9,0,ITI,ITI2,10,Umbria,Umbria,882015,748450,84.86,0.15
2698,2021-05-27,UMB,9971,4865,5106,8474,1318,179,ITI,ITI2,10,Umbria,Umbria,882015,758421,85.99,1.13
2699,2021-01-04,UMB,809,398,411,809,0,0,ITI,ITI2,10,Umbria,Umbria,882015,759230,86.08,0.09
2700,2021-04-14,UMB,8152,3679,4473,6096,1979,77,ITI,ITI2,10,Umbria,Umbria,882015,767382,87.0,0.92
2701,2021-07-11,UMB,5864,2956,2908,83,5780,1,ITI,ITI2,10,Umbria,Umbria,882015,773246,87.67,0.66
2702,2021-04-02,UMB,4343,1778,2565,3545,755,43,ITI,ITI2,10,Umbria,Umbria,882015,777589,88.16,0.49
2703,2021-01-09,UMB,1717,495,1222,1717,0,0,ITI,ITI2,10,Umbria,Umbria,882015,779306,88.36,0.19
2704,2021-04-19,UMB,5034,2227,2807,2931,2048,55,ITI,ITI2,10,Umbria,Umbria,882015,784340,88.93,0.57
2705,2021-02-02,UMB,942,272,670,32,910,0,ITI,ITI2,10,Umbria,Umbria,882015,785282,89.03,0.11
2706,2021-04-26,UMB,5397,2341,3056,3103,2254,40,ITI,ITI2,10,Umbria,Umbria,882015,790679,89.64,0.61
2707,2021-04-09,UMB,6732,3126,3606,6406,209,117,ITI,ITI2,10,Umbria,Umbria,882015,797411,90.41,0.76
2708,2021-04-28,UMB,5384,2327,3057,2943,2396,45,ITI,ITI2,10,Umbria,Umbria,882015,802795,91.02,0.61
2709,2021-02-04,UMB,734,226,508,26,708,0,ITI,ITI2,10,Umbria,Umbria,882015,803529,91.1,0.08
2710,2021-05-15,UMB,4991,1883,3108,1764,3164,63,ITI,ITI2,10,Umbria,Umbria,882015,808520,91.67,0.57
2711,2021-06-06,UMB,7608,3904,3704,6912,693,3,ITI,ITI2,10,Umbria,Umbria,882015,816128,92.53,0.86
2712,2021-02-24,UMB,1518,563,955,1503,15,0,ITI,ITI2,10,Umbria,Umbria,882015,817646,92.7,0.17
2713,2021-07-06,UMB,8590,4092,4498,152,8417,21,ITI,ITI2,10,Umbria,Umbria,882015,826236,93.68,0.97
2714,2021-05-10,UMB,5991,2800,3191,3770,2148,73,ITI,ITI2,10,Umbria,Umbria,882015,832227,94.36,0.68
2715,2021-05-08,UMB,8132,3739,4393,4802,3228,102,ITI,ITI2,10,Umbria,Umbria,882015,840359,95.28,0.92
2716,2021-01-28,UMB,1248,394,854,19,1229,0,ITI,ITI2,10,Umbria,Umbria,882015,841607,95.42,0.14
2717,2021-05-03,UMB,5086,2270,2816,2098,2887,101,ITI,ITI2,10,Umbria,Umbria,882015,846693,96.0,0.58
2718,2021-01-23,UMB,280,100,180,2,278,0,ITI,ITI2,10,Umbria,Umbria,882015,846973,96.03,0.03
2719,2021-06-03,UMB,9040,4470,4570,8749,289,2,ITI,ITI2,10,Umbria,Umbria,882015,856013,97.05,1.02
2720,2021-04-07,UMB,5572,2291,3281,3482,2005,85,ITI,ITI2,10,Umbria,Umbria,882015,861585,97.68,0.63
2721,2021-02-23,UMB,1691,657,1034,1649,42,0,ITI,ITI2,10,Umbria,Umbria,882015,863276,97.88,0.19
2722,2021-01-21,UMB,608,202,406,338,269,1,ITI,ITI2,10,Umbria,Umbria,882015,863884,97.94,0.07
2723,2021-06-10,UMB,7465,3722,3743,6683,776,6,ITI,ITI2,10,Umbria,Umbria,882015,871349,98.79,0.85
2724,2021-07-13,UMB,4223,2004,2219,81,4136,6,ITI,ITI2,10,Umbria,Umbria,882015,875572,99.27,0.48
2725,2021-04-21,UMB,5324,2318,3006,3057,2229,38,ITI,ITI2,10,Umbria,Umbria,882015,880896,99.87,0.6
2726,2021-03-02,UMB,3641,1346,2295,3634,4,3,ITI,ITI2,10,Umbria,Umbria,882015,884537,100.29,0.41
2727,2021-06-24,UMB,10142,5114,5028,6138,4000,4,ITI,ITI2,10,Umbria,Umbria,882015,894679,101.44,1.15
2728,2021-04-15,UMB,7652,3500,4152,5695,1887,70,ITI,ITI2,10,Umbria,Umbria,882015,902331,102.3,0.87
2729,2021-02-17,UMB,1618,748,870,1266,351,1,ITI,ITI2,10,Umbria,Umbria,882015,903949,102.49,0.18
2730,2021-07-24,UMB,8682,4362,4320,1384,7270,28,ITI,ITI2,10,Umbria,Umbria,882015,912631,103.47,0.98
2731,2021-04-13,UMB,7676,3398,4278,5919,1668,89,ITI,ITI2,10,Umbria,Umbria,882015,920307,104.34,0.87
2732,2021-02-15,UMB,1367,692,675,1364,1,2,ITI,ITI2,10,Umbria,Umbria,882015,921674,104.5,0.15
2733,2021-01-03,UMB,270,112,158,270,0,0,ITI,ITI2,10,Umbria,Umbria,882015,921944,104.53,0.03
2734,2021-04-22,UMB,5451,2249,3202,2701,2668,82,ITI,ITI2,10,Umbria,Umbria,882015,927395,105.15,0.62
2735,2021-04-17,UMB,6678,3069,3609,5172,1341,165,ITI,ITI2,10,Umbria,Umbria,882015,934073,105.9,0.76
2736,2021-01-05,UMB,854,429,425,854,0,0,ITI,ITI2,10,Umbria,Umbria,882015,934927,106.0,0.1
2737,2021-06-20,UMB,6213,3001,3212,1592,4621,0,ITI,ITI2,10,Umbria,Umbria,882015,941140,106.7,0.7
2738,2021-04-24,UMB,4561,1961,2600,3276,1182,103,ITI,ITI2,10,Umbria,Umbria,882015,945701,107.22,0.52
2739,2021-01-12,UMB,834,247,587,834,0,0,ITI,ITI2,10,Umbria,Umbria,882015,946535,107.32,0.09
2740,2021-03-14,UMB,66,48,18,66,0,0,ITI,ITI2,10,Umbria,Umbria,882015,946601,107.32,0.01
2741,2021-06-22,UMB,8035,4080,3955,5242,2789,4,ITI,ITI2,10,Umbria,Umbria,882015,954636,108.23,0.91
2742,2021-03-12,UMB,2694,1081,1613,2191,495,8,ITI,ITI2,10,Umbria,Umbria,882015,957330,108.54,0.31
2743,2021-03-21,UMB,675,338,337,672,0,3,ITI,ITI2,10,Umbria,Umbria,882015,958005,108.62,0.08
2744,2021-06-29,UMB,9875,5031,4844,4192,5681,2,ITI,ITI2,10,Umbria,Umbria,882015,967880,109.74,1.12
2745,2021-05-17,UMB,6370,3062,3308,4139,2177,54,ITI,ITI2,10,Umbria,Umbria,882015,974250,110.46,0.72
2746,2021-01-14,UMB,722,192,530,722,0,0,ITI,ITI2,10,Umbria,Umbria,882015,974972,110.54,0.08
2747,2021-03-19,UMB,1741,565,1176,1080,656,5,ITI,ITI2,10,Umbria,Umbria,882015,976713,110.74,0.2
2748,2021-02-05,VDA,294,102,192,101,193,0,ITC,ITC2,2,Valle d'Aosta / Vallée d'Aoste,Valle d'Aosta,125666,294,0.23,0.23
2749,2021-02-22,VDA,316,94,222,210,103,3,ITC,ITC2,2,Valle d'Aosta / Vallée d'Aoste,Valle d'Aosta,125666,610,0.49,0.25
2750,2021-05-16,VDA,689,341,348,340,341,8,ITC,ITC2,2,Valle d'Aosta / Vallée d'Aoste,Valle d'Aosta,125666,1299,1.03,0.55
2751,2021-03-08,VDA,486,233,253,238,245,3,ITC,ITC2,2,Valle d'Aosta / Vallée d'Aoste,Valle d'Aosta,125666,1785,1.42,0.39
2752,2021-05-04,VDA,1135,510,625,434,673,28,ITC,ITC2,2,Valle d'Aosta / Vallée d'Aoste,Valle d'Aosta,125666,2920,2.32,0.9
2753,2021-06-16,VDA,687,367,320,639,44,4,ITC,ITC2,2,Valle d'Aosta / Vallée d'Aoste,Valle d'Aosta,125666,3607,2.87,0.55
2754,2021-03-15,VDA,362,123,239,150,203,9,ITC,ITC2,2,Valle d'Aosta / Vallée d'Aoste,Valle d'Aosta,125666,3969,3.16,0.29
2755,2021-05-11,VDA,647,325,322,468,151,28,ITC,ITC2,2,Valle d'Aosta / Vallée d'Aoste,Valle d'Aosta,125666,4616,3.67,0.51
2756,2021-04-27,VDA,978,423,555,650,292,36,ITC,ITC2,2,Valle d'Aosta / Vallée d'Aoste,Valle d'Aosta,125666,5594,4.45,0.78
2757,2021-01-17,VDA,131,56,75,131,0,0,ITC,ITC2,2,Valle d'Aosta / Vallée d'Aoste,Valle d'Aosta,125666,5725,4.56,0.1
2758,2021-06-23,VDA,1043,551,492,423,616,4,ITC,ITC2,2,Valle d'Aosta / Vallée d'Aoste,Valle d'Aosta,125666,6768,5.39,0.83
2759,2021-02-03,VDA,351,114,237,14,337,0,ITC,ITC2,2,Valle d'Aosta / Vallée d'Aoste,Valle d'Aosta,125666,7119,5.67,0.28
2760,2021-04-01,VDA,778,394,384,747,12,19,ITC,ITC2,2,Valle d'Aosta / Vallée d'Aoste,Valle d'Aosta,125666,7897,6.28,0.62
2761,2021-07-19,VDA,878,460,418,259,619,0,ITC,ITC2,2,Valle d'Aosta / Vallée d'Aoste,Valle d'Aosta,125666,8775,6.98,0.7
2762,2021-04-15,VDA,811,377,434,639,139,33,ITC,ITC2,2,Valle d'Aosta / Vallée d'Aoste,Valle d'Aosta,125666,9586,7.63,0.65
2763,2021-07-07,VDA,792,439,353,413,362,17,ITC,ITC2,2,Valle d'Aosta / Vallée d'Aoste,Valle d'Aosta,125666,10378,8.26,0.63
2764,2021-07-24,VDA,1016,534,482,335,681,0,ITC,ITC2,2,Valle d'Aosta / Vallée d'Aoste,Valle d'Aosta,125666,11394,9.07,0.81
2765,2021-05-30,VDA,865,429,436,682,171,12,ITC,ITC2,2,Valle d'Aosta / Vallée d'Aoste,Valle d'Aosta,125666,12259,9.76,0.69
2766,2021-07-26,VDA,1004,512,492,319,685,0,ITC,ITC2,2,Valle d'Aosta / Vallée d'Aoste,Valle d'Aosta,125666,13263,10.55,0.8
2767,2021-05-28,VDA,975,414,561,544,412,19,ITC,ITC2,2,Valle d'Aosta / Vallée d'Aoste,Valle d'Aosta,125666,14238,11.33,0.78
2768,2021-02-17,VDA,327,144,183,223,100,4,ITC,ITC2,2,Valle d'Aosta / Vallée d'Aoste,Valle d'Aosta,125666,14565,11.59,0.26
2769,2021-07-12,VDA,978,483,495,239,731,8,ITC,ITC2,2,Valle d'Aosta / Vallée d'Aoste,Valle d'Aosta,125666,15543,12.37,0.78
2770,2021-04-03,VDA,676,341,335,649,15,12,ITC,ITC2,2,Valle d'Aosta / Vallée d'Aoste,Valle d'Aosta,125666,16219,12.91,0.54
2771,2021-03-20,VDA,208,86,122,167,36,5,ITC,ITC2,2,Valle d'Aosta / Vallée d'Aoste,Valle d'Aosta,125666,16427,13.07,0.17
2772,2021-06-28,VDA,986,496,490,326,657,3,ITC,ITC2,2,Valle d'Aosta / Vallée d'Aoste,Valle d'Aosta,125666,17413,13.86,0.78
2773,2021-06-11,VDA,1047,483,564,756,283,8,ITC,ITC2,2,Valle d'Aosta / Vallée d'Aoste,Valle d'Aosta,125666,18460,14.69,0.83
2774,2021-05-23,VDA,999,465,534,653,340,6,ITC,ITC2,2,Valle d'Aosta / Vallée d'Aoste,Valle d'Aosta,125666,19459,15.48,0.79
2775,2021-01-27,VDA,152,72,80,79,73,0,ITC,ITC2,2,Valle d'Aosta / Vallée d'Aoste,Valle d'Aosta,125666,19611,15.61,0.12
2776,2021-04-20,VDA,933,430,503,707,194,32,ITC,ITC2,2,Valle d'Aosta / Vallée d'Aoste,Valle d'Aosta,125666,20544,16.35,0.74
2777,2021-01-10,VDA,220,71,149,208,0,12,ITC,ITC2,2,Valle d'Aosta / Vallée d'Aoste,Valle d'Aosta,125666,20764,16.52,0.18
2778,2020-12-27,VDA,20,9,11,20,0,0,ITC,ITC2,2,Valle d'Aosta / Vallée d'Aoste,Valle d'Aosta,125666,20784,16.54,0.02
2779,2021-05-02,VDA,765,345,420,581,160,24,ITC,ITC2,2,Valle d'Aosta / Vallée d'Aoste,Valle d'Aosta,125666,21549,17.15,0.61
2780,2021-01-22,VDA,56,21,35,20,36,0,ITC,ITC2,2,Valle d'Aosta / Vallée d'Aoste,Valle d'Aosta,125666,21605,17.19,0.04
2781,2021-01-08,VDA,300,131,169,300,0,0,ITC,ITC2,2,Valle d'Aosta / Vallée d'Aoste,Valle d'Aosta,125666,21905,17.43,0.24
2782,2021-03-06,VDA,22,4,18,18,0,4,ITC,ITC2,2,Valle d'Aosta / Vallée d'Aoste,Valle d'Aosta,125666,21927,17.45,0.02
2783,2021-06-04,VDA,908,383,525,470,433,5,ITC,ITC2,2,Valle d'Aosta / Vallée d'Aoste,Valle d'Aosta,125666,22835,18.17,0.72
2784,2021-07-23,VDA,970,484,486,365,605,0,ITC,ITC2,2,Valle d'Aosta / Vallée d'Aoste,Valle d'Aosta,125666,23805,18.94,0.77
2785,2021-06-30,VDA,1117,542,575,415,692,10,ITC,ITC2,2,Valle d'Aosta / Vallée d'Aoste,Valle d'Aosta,125666,24922,19.83,0.89
2786,2021-02-24,VDA,183,82,101,162,19,2,ITC,ITC2,2,Valle d'Aosta / Vallée d'Aoste,Valle d'Aosta,125666,25105,19.98,0.15
2787,2021-04-08,VDA,584,282,302,420,143,21,ITC,ITC2,2,Valle d'Aosta / Vallée d'Aoste,Valle d'Aosta,125666,25689,20.44,0.46
2788,2021-06-13,VDA,852,400,452,371,478,3,ITC,ITC2,2,Valle d'Aosta / Vallée d'Aoste,Valle d'Aosta,125666,26541,21.12,0.68
2789,2021-04-13,VDA,373,171,202,311,44,18,ITC,ITC2,2,Valle d'Aosta / Vallée d'Aoste,Valle d'Aosta,125666,26914,21.42,0.3
2790,2021-07-05,VDA,834,355,479,312,508,14,ITC,ITC2,2,Valle d'Aosta / Vallée d'Aoste,Valle d'Aosta,125666,27748,22.08,0.66
2791,2021-03-27,VDA,333,164,169,289,31,13,ITC,ITC2,2,Valle d'Aosta / Vallée d'Aoste,Valle d'Aosta,125666,28081,22.35,0.26
2792,2021-06-18,VDA,998,443,555,589,399,10,ITC,ITC2,2,Valle d'Aosta / Vallée d'Aoste,Valle d'Aosta,125666,29079,23.14,0.79
2793,2021-02-10,VDA,248,77,171,141,107,0,ITC,ITC2,2,Valle d'Aosta / Vallée d'Aoste,Valle d'Aosta,125666,29327,23.34,0.2
2794,2021-03-25,VDA,389,154,235,364,10,15,ITC,ITC2,2,Valle d'Aosta / Vallée d'Aoste,Valle d'Aosta,125666,29716,23.65,0.31
2795,2021-05-21,VDA,918,433,485,515,387,16,ITC,ITC2,2,Valle d'Aosta / Vallée d'Aoste,Valle d'Aosta,125666,30634,24.38,0.73
2796,2021-04-17,VDA,638,407,231,593,2,43,ITC,ITC2,2,Valle d'Aosta / Vallée d'Aoste,Valle d'Aosta,125666,31272,24.89,0.51
2797,2021-01-07,VDA,276,111,165,276,0,0,ITC,ITC2,2,Valle d'Aosta / Vallée d'Aoste,Valle d'Aosta,125666,31548,25.1,0.22
2798,2021-02-19,VDA,292,102,190,266,24,2,ITC,ITC2,2,Valle d'Aosta / Vallée d'Aoste,Valle d'Aosta,125666,31840,25.34,0.23
2799,2021-01-29,VDA,320,139,181,2,318,0,ITC,ITC2,2,Valle d'Aosta / Vallée d'Aoste,Valle d'Aosta,125666,32160,25.59,0.25
2800,2021-04-22,VDA,1068,450,618,652,383,33,ITC,ITC2,2,Valle d'Aosta / Vallée d'Aoste,Valle d'Aosta,125666,33228,26.44,0.85
2801,2021-05-09,VDA,574,287,287,425,130,19,ITC,ITC2,2,Valle d'Aosta / Vallée d'Aoste,Valle d'Aosta,125666,33802,26.9,0.46
2802,2021-03-17,VDA,433,185,248,259,160,14,ITC,ITC2,2,Valle d'Aosta / Vallée d'Aoste,Valle d'Aosta,125666,34235,27.24,0.34
2803,2021-03-03,VDA,256,118,138,182,69,5,ITC,ITC2,2,Valle d'Aosta / Vallée d'Aoste,Valle d'Aosta,125666,34491,27.45,0.2
2804,2021-03-13,VDA,147,88,59,141,0,6,ITC,ITC2,2,Valle d'Aosta / Vallée d'Aoste,Valle d'Aosta,125666,34638,27.56,0.12
2805,2021-01-15,VDA,218,82,136,218,0,0,ITC,ITC2,2,Valle d'Aosta / Vallée d'Aoste,Valle d'Aosta,125666,34856,27.74,0.17
2806,2021-06-09,VDA,1028,536,492,985,35,8,ITC,ITC2,2,Valle d'Aosta / Vallée d'Aoste,Valle d'Aosta,125666,35884,28.56,0.82
2807,2021-03-01,VDA,181,66,115,139,34,8,ITC,ITC2,2,Valle d'Aosta / Vallée d'Aoste,Valle d'Aosta,125666,36065,28.7,0.14
2808,2021-02-15,VDA,264,136,128,225,35,4,ITC,ITC2,2,Valle d'Aosta / Vallée d'Aoste,Valle d'Aosta,125666,36329,28.91,0.21
2809,2021-01-19,VDA,256,77,179,256,0,0,ITC,ITC2,2,Valle d'Aosta / Vallée d'Aoste,Valle d'Aosta,125666,36585,29.11,0.2
2810,2021-04-12,VDA,486,186,300,306,163,17,ITC,ITC2,2,Valle d'Aosta / Vallée d'Aoste,Valle d'Aosta,125666,37071,29.5,0.39
2811,2021-04-29,VDA,1291,634,657,736,534,21,ITC,ITC2,2,Valle d'Aosta / Vallée d'Aoste,Valle d'Aosta,125666,38362,30.53,1.03
2812,2021-07-21,VDA,1164,635,529,315,849,0,ITC,ITC2,2,Valle d'Aosta / Vallée d'Aoste,Valle d'Aosta,125666,39526,31.45,0.93
2813,2021-07-04,VDA,1191,530,661,338,838,15,ITC,ITC2,2,Valle d'Aosta / Vallée d'Aoste,Valle d'Aosta,125666,40717,32.4,0.95
2814,2021-01-31,VDA,291,91,200,58,233,0,ITC,ITC2,2,Valle d'Aosta / Vallée d'Aoste,Valle d'Aosta,125666,41008,32.63,0.23
2815,2021-03-29,VDA,493,233,260,448,40,5,ITC,ITC2,2,Valle d'Aosta / Vallée d'Aoste,Valle d'Aosta,125666,41501,33.02,0.39
2816,2021-06-20,VDA,1131,545,586,478,643,10,ITC,ITC2,2,Valle d'Aosta / Vallée d'Aoste,Valle d'Aosta,125666,42632,33.92,0.9
2817,2021-03-12,VDA,531,175,356,291,226,14,ITC,ITC2,2,Valle d'Aosta / Vallée d'Aoste,Valle d'Aosta,125666,43163,34.35,0.42
2818,2021-03-10,VDA,438,183,255,220,213,5,ITC,ITC2,2,Valle d'Aosta / Vallée d'Aoste,Valle d'Aosta,125666,43601,34.7,0.35
2819,2021-02-21,VDA,18,3,15,0,18,0,ITC,ITC2,2,Valle d'Aosta / Vallée d'Aoste,Valle d'Aosta,125666,43619,34.71,0.01
2820,2021-07-16,VDA,1075,552,523,346,729,0,ITC,ITC2,2,Valle d'Aosta / Vallée d'Aoste,Valle d'Aosta,125666,44694,35.57,0.86
2821,2021-01-26,VDA,140,49,91,0,140,0,ITC,ITC2,2,Valle d'Aosta / Vallée d'Aoste,Valle d'Aosta,125666,44834,35.68,0.11
2822,2021-02-12,VDA,263,96,167,216,46,1,ITC,ITC2,2,Valle d'Aosta / Vallée d'Aoste,Valle d'Aosta,125666,45097,35.89,0.21
2823,2021-01-12,VDA,302,72,230,302,0,0,ITC,ITC2,2,Valle d'Aosta / Vallée d'Aoste,Valle d'Aosta,125666,45399,36.13,0.24
2824,2021-03-31,VDA,555,302,253,511,26,18,ITC,ITC2,2,Valle d'Aosta / Vallée d'Aoste,Valle d'Aosta,125666,45954,36.57,0.44
2825,2021-05-27,VDA,1089,497,592,574,503,12,ITC,ITC2,2,Valle d'Aosta / Vallée d'Aoste,Valle d'Aosta,125666,47043,37.43,0.87
2826,2021-05-13,VDA,1141,557,584,516,600,25,ITC,ITC2,2,Valle d'Aosta / Vallée d'Aoste,Valle d'Aosta,125666,48184,38.34,0.91
2827,2021-02-02,VDA,274,70,204,2,272,0,ITC,ITC2,2,Valle d'Aosta / Vallée d'Aoste,Valle d'Aosta,125666,48458,38.56,0.22
2828,2021-07-09,VDA,945,446,499,280,656,9,ITC,ITC2,2,Valle d'Aosta / Vallée d'Aoste,Valle d'Aosta,125666,49403,39.31,0.75
2829,2021-06-25,VDA,977,445,532,323,652,2,ITC,ITC2,2,Valle d'Aosta / Vallée d'Aoste,Valle d'Aosta,125666,50380,40.09,0.78
2830,2021-05-20,VDA,824,371,453,374,440,10,ITC,ITC2,2,Valle d'Aosta / Vallée d'Aoste,Valle d'Aosta,125666,51204,40.75,0.66
2831,2021-07-02,VDA,866,383,483,301,560,5,ITC,ITC2,2,Valle d'Aosta / Vallée d'Aoste,Valle d'Aosta,125666,52070,41.44,0.69
2832,2021-03-24,VDA,515,230,285,255,257,3,ITC,ITC2,2,Valle d'Aosta / Vallée d'Aoste,Valle d'Aosta,125666,52585,41.85,0.41
2833,2021-05-06,VDA,1080,513,567,662,384,34,ITC,ITC2,2,Valle d'Aosta / Vallée d'Aoste,Valle d'Aosta,125666,53665,42.7,0.86
2834,2021-02-16,VDA,326,53,273,309,6,11,ITC,ITC2,2,Valle d'Aosta / Vallée d'Aoste,Valle d'Aosta,125666,53991,42.96,0.26
2835,2021-05-25,VDA,1115,530,585,529,574,12,ITC,ITC2,2,Valle d'Aosta / Vallée d'Aoste,Valle d'Aosta,125666,55106,43.85,0.89
2836,2021-02-14,VDA,48,16,32,1,47,0,ITC,ITC2,2,Valle d'Aosta / Vallée d'Aoste,Valle d'Aosta,125666,55154,43.89,0.04
2837,2021-05-08,VDA,904,540,364,497,378,29,ITC,ITC2,2,Valle d'Aosta / Vallée d'Aoste,Valle d'Aosta,125666,56058,44.61,0.72
2838,2021-05-18,VDA,970,484,486,349,617,4,ITC,ITC2,2,Valle d'Aosta / Vallée d'Aoste,Valle d'Aosta,125666,57028,45.38,0.77
2839,2021-02-07,VDA,292,120,172,190,102,0,ITC,ITC2,2,Valle d'Aosta / Vallée d'Aoste,Valle d'Aosta,125666,57320,45.61,0.23
2840,2021-05-01,VDA,940,563,377,439,484,17,ITC,ITC2,2,Valle d'Aosta / Vallée d'Aoste,Valle d'Aosta,125666,58260,46.36,0.75
2841,2021-04-14,VDA,941,430,511,689,224,28,ITC,ITC2,2,Valle d'Aosta / Vallée d'Aoste,Valle d'Aosta,125666,59201,47.11,0.75
2842,2021-07-06,VDA,882,479,403,155,722,5,ITC,ITC2,2,Valle d'Aosta / Vallée d'Aoste,Valle d'Aosta,125666,60083,47.81,0.7
2843,2021-01-02,VDA,6,5,1,6,0,0,ITC,ITC2,2,Valle d'Aosta / Vallée d'Aoste,Valle d'Aosta,125666,60089,47.82,0.0
2844,2021-03-26,VDA,498,204,294,472,7,19,ITC,ITC2,2,Valle d'Aosta / Vallée d'Aoste,Valle d'Aosta,125666,60587,48.21,0.4
2845,2021-03-22,VDA,560,205,355,324,227,9,ITC,ITC2,2,Valle d'Aosta / Vallée d'Aoste,Valle d'Aosta,125666,61147,48.66,0.45
2846,2021-06-05,VDA,925,476,449,729,188,8,ITC,ITC2,2,Valle d'Aosta / Vallée d'Aoste,Valle d'Aosta,125666,62072,49.39,0.74
2847,2021-02-11,VDA,231,107,124,221,9,1,ITC,ITC2,2,Valle d'Aosta / Vallée d'Aoste,Valle d'Aosta,125666,62303,49.58,0.18
2848,2021-07-18,VDA,926,454,472,252,674,0,ITC,ITC2,2,Valle d'Aosta / Vallée d'Aoste,Valle d'Aosta,125666,63229,50.32,0.74
2849,2021-04-09,VDA,237,111,126,200,33,4,ITC,ITC2,2,Valle d'Aosta / Vallée d'Aoste,Valle d'Aosta,125666,63466,50.5,0.19
2850,2021-05-22,VDA,953,502,451,543,400,10,ITC,ITC2,2,Valle d'Aosta / Vallée d'Aoste,Valle d'Aosta,125666,64419,51.26,0.76
2851,2021-07-25,VDA,1016,492,524,264,752,0,ITC,ITC2,2,Valle d'Aosta / Vallée d'Aoste,Valle d'Aosta,125666,65435,52.07,0.81
2852,2021-04-16,VDA,599,261,338,565,2,32,ITC,ITC2,2,Valle d'Aosta / Vallée d'Aoste,Valle d'Aosta,125666,66034,52.55,0.48
2853,2021-04-02,VDA,874,344,530,595,226,53,ITC,ITC2,2,Valle d'Aosta / Vallée d'Aoste,Valle d'Aosta,125666,66908,53.24,0.7
2854,2021-05-29,VDA,798,434,364,553,237,8,ITC,ITC2,2,Valle d'Aosta / Vallée d'Aoste,Valle d'Aosta,125666,67706,53.88,0.64
2855,2021-07-11,VDA,907,471,436,254,642,11,ITC,ITC2,2,Valle d'Aosta / Vallée d'Aoste,Valle d'Aosta,125666,68613,54.6,0.72
2856,2021-06-01,VDA,871,469,402,510,353,8,ITC,ITC2,2,Valle d'Aosta / Vallée d'Aoste,Valle d'Aosta,125666,69484,55.29,0.69
2857,2021-02-23,VDA,216,123,93,215,0,1,ITC,ITC2,2,Valle d'Aosta / Vallée d'Aoste,Valle d'Aosta,125666,69700,55.46,0.17
2858,2021-06-03,VDA,1306,667,639,884,410,12,ITC,ITC2,2,Valle d'Aosta / Vallée d'Aoste,Valle d'Aosta,125666,71006,56.5,1.04
2859,2021-05-17,VDA,809,417,392,367,434,8,ITC,ITC2,2,Valle d'Aosta / Vallée d'Aoste,Valle d'Aosta,125666,71815,57.15,0.64
2860,2021-05-15,VDA,1065,614,451,367,685,13,ITC,ITC2,2,Valle d'Aosta / Vallée d'Aoste,Valle d'Aosta,125666,72880,58.0,0.85
2861,2021-02-04,VDA,294,86,208,8,286,0,ITC,ITC2,2,Valle d'Aosta / Vallée d'Aoste,Valle d'Aosta,125666,73174,58.23,0.23
2862,2021-04-28,VDA,1218,632,586,681,503,34,ITC,ITC2,2,Valle d'Aosta / Vallée d'Aoste,Valle d'Aosta,125666,74392,59.2,0.97
2863,2021-05-24,VDA,1136,516,620,673,447,16,ITC,ITC2,2,Valle d'Aosta / Vallée d'Aoste,Valle d'Aosta,125666,75528,60.1,0.9
2864,2021-05-10,VDA,782,381,401,531,235,16,ITC,ITC2,2,Valle d'Aosta / Vallée d'Aoste,Valle d'Aosta,125666,76310,60.72,0.62
2865,2021-04-21,VDA,868,410,458,588,248,32,ITC,ITC2,2,Valle d'Aosta / Vallée d'Aoste,Valle d'Aosta,125666,77178,61.42,0.69
2866,2021-07-13,VDA,1061,567,494,307,748,6,ITC,ITC2,2,Valle d'Aosta / Vallée d'Aoste,Valle d'Aosta,125666,78239,62.26,0.84
2867,2021-04-05,VDA,464,223,241,439,6,19,ITC,ITC2,2,Valle d'Aosta / Vallée d'Aoste,Valle d'Aosta,125666,78703,62.63,0.37
2868,2021-06-27,VDA,1250,607,643,312,928,10,ITC,ITC2,2,Valle d'Aosta / Vallée d'Aoste,Valle d'Aosta,125666,79953,63.62,0.99
2869,2021-07-14,VDA,1019,532,487,293,726,0,ITC,ITC2,2,Valle d'Aosta / Vallée d'Aoste,Valle d'Aosta,125666,80972,64.43,0.81
2870,2021-04-07,VDA,910,474,436,654,229,27,ITC,ITC2,2,Valle d'Aosta / Vallée d'Aoste,Valle d'Aosta,125666,81882,65.16,0.72
2871,2021-02-09,VDA,252,84,168,68,183,1,ITC,ITC2,2,Valle d'Aosta / Vallée d'Aoste,Valle d'Aosta,125666,82134,65.36,0.2
2872,2021-03-21,VDA,355,165,190,346,0,9,ITC,ITC2,2,Valle d'Aosta / Vallée d'Aoste,Valle d'Aosta,125666,82489,65.64,0.28
2873,2021-06-29,VDA,780,390,390,235,542,3,ITC,ITC2,2,Valle d'Aosta / Vallée d'Aoste,Valle d'Aosta,125666,83269,66.26,0.62
2874,2021-06-10,VDA,1002,558,444,953,42,7,ITC,ITC2,2,Valle d'Aosta / Vallée d'Aoste,Valle d'Aosta,125666,84271,67.06,0.8
2875,2021-03-02,VDA,339,166,173,291,3,45,ITC,ITC2,2,Valle d'Aosta / Vallée d'Aoste,Valle d'Aosta,125666,84610,67.33,0.27
2876,2021-02-25,VDA,201,101,100,190,7,4,ITC,ITC2,2,Valle d'Aosta / Vallée d'Aoste,Valle d'Aosta,125666,84811,67.49,0.16
2877,2021-01-06,VDA,65,33,32,65,0,0,ITC,ITC2,2,Valle d'Aosta / Vallée d'Aoste,Valle d'Aosta,125666,84876,67.54,0.05
2878,2021-02-18,VDA,349,153,196,255,88,6,ITC,ITC2,2,Valle d'Aosta / Vallée d'Aoste,Valle d'Aosta,125666,85225,67.82,0.28
2879,2021-01-05,VDA,150,54,96,150,0,0,ITC,ITC2,2,Valle d'Aosta / Vallée d'Aoste,Valle d'Aosta,125666,85375,67.94,0.12
2880,2021-01-14,VDA,237,69,168,237,0,0,ITC,ITC2,2,Valle d'Aosta / Vallée d'Aoste,Valle d'Aosta,125666,85612,68.13,0.19
2881,2021-04-24,VDA,722,400,322,533,167,22,ITC,ITC2,2,Valle d'Aosta / Vallée d'Aoste,Valle d'Aosta,125666,86334,68.7,0.57
2882,2021-07-28,VDA,666,363,303,2,664,0,ITC,ITC2,2,Valle d'Aosta / Vallée d'Aoste,Valle d'Aosta,125666,87000,69.23,0.53
2883,2021-04-19,VDA,752,325,427,520,209,23,ITC,ITC2,2,Valle d'Aosta / Vallée d'Aoste,Valle d'Aosta,125666,87752,69.83,0.6
2884,2021-01-16,VDA,237,80,157,237,0,0,ITC,ITC2,2,Valle d'Aosta / Vallée d'Aoste,Valle d'Aosta,125666,87989,70.02,0.19
2885,2021-06-22,VDA,1189,666,523,529,648,12,ITC,ITC2,2,Valle d'Aosta / Vallée d'Aoste,Valle d'Aosta,125666,89178,70.96,0.95
2886,2021-03-14,VDA,392,200,192,373,0,19,ITC,ITC2,2,Valle d'Aosta / Vallée d'Aoste,Valle d'Aosta,125666,89570,71.28,0.31
2887,2021-04-26,VDA,715,327,388,512,170,33,ITC,ITC2,2,Valle d'Aosta / Vallée d'Aoste,Valle d'Aosta,125666,90285,71.85,0.57
2888,2021-07-01,VDA,962,473,489,328,621,13,ITC,ITC2,2,Valle d'Aosta / Vallée d'Aoste,Valle d'Aosta,125666,91247,72.61,0.77
2889,2021-06-17,VDA,776,423,353,614,150,12,ITC,ITC2,2,Valle d'Aosta / Vallée d'Aoste,Valle d'Aosta,125666,92023,73.23,0.62
2890,2021-01-21,VDA,33,12,21,33,0,0,ITC,ITC2,2,Valle d'Aosta / Vallée d'Aoste,Valle d'Aosta,125666,92056,73.25,0.03
2891,2021-01-04,VDA,143,60,83,143,0,0,ITC,ITC2,2,Valle d'Aosta / Vallée d'Aoste,Valle d'Aosta,125666,92199,73.37,0.11
2892,2021-03-28,VDA,522,212,310,493,1,28,ITC,ITC2,2,Valle d'Aosta / Vallée d'Aoste,Valle d'Aosta,125666,92721,73.78,0.42
2893,2021-01-28,VDA,291,123,168,56,235,0,ITC,ITC2,2,Valle d'Aosta / Vallée d'Aoste,Valle d'Aosta,125666,93012,74.02,0.23
2894,2021-06-12,VDA,1233,599,634,1063,166,4,ITC,ITC2,2,Valle d'Aosta / Vallée d'Aoste,Valle d'Aosta,125666,94245,75.0,0.98
2895,2021-03-19,VDA,322,85,237,277,35,10,ITC,ITC2,2,Valle d'Aosta / Vallée d'Aoste,Valle d'Aosta,125666,94567,75.25,0.26
2896,2021-05-07,VDA,564,245,319,517,31,16,ITC,ITC2,2,Valle d'Aosta / Vallée d'Aoste,Valle d'Aosta,125666,95131,75.7,0.45
2897,2021-04-23,VDA,922,443,479,511,383,28,ITC,ITC2,2,Valle d'Aosta / Vallée d'Aoste,Valle d'Aosta,125666,96053,76.44,0.73
2898,2021-01-13,VDA,337,110,227,337,0,0,ITC,ITC2,2,Valle d'Aosta / Vallée d'Aoste,Valle d'Aosta,125666,96390,76.7,0.27
2899,2021-07-15,VDA,1085,589,496,297,788,0,ITC,ITC2,2,Valle d'Aosta / Vallée d'Aoste,Valle d'Aosta,125666,97475,77.57,0.86
2900,2021-04-06,VDA,741,381,360,596,112,33,ITC,ITC2,2,Valle d'Aosta / Vallée d'Aoste,Valle d'Aosta,125666,98216,78.16,0.59
2901,2021-03-18,VDA,136,43,93,96,37,3,ITC,ITC2,2,Valle d'Aosta / Vallée d'Aoste,Valle d'Aosta,125666,98352,78.26,0.11
2902,2021-02-06,VDA,289,104,185,91,197,1,ITC,ITC2,2,Valle d'Aosta / Vallée d'Aoste,Valle d'Aosta,125666,98641,78.49,0.23
2903,2021-04-30,VDA,831,355,476,467,346,18,ITC,ITC2,2,Valle d'Aosta / Vallée d'Aoste,Valle d'Aosta,125666,99472,79.16,0.66
2904,2021-01-20,VDA,23,8,15,23,0,0,ITC,ITC2,2,Valle d'Aosta / Vallée d'Aoste,Valle d'Aosta,125666,99495,79.17,0.02
2905,2021-07-22,VDA,971,513,458,276,695,0,ITC,ITC2,2,Valle d'Aosta / Vallée d'Aoste,Valle d'Aosta,125666,100466,79.95,0.77
2906,2021-01-18,VDA,213,74,139,213,0,0,ITC,ITC2,2,Valle d'Aosta / Vallée d'Aoste,Valle d'Aosta,125666,100679,80.12,0.17
2907,2021-04-11,VDA,479,208,271,462,0,17,ITC,ITC2,2,Valle d'Aosta / Vallée d'Aoste,Valle d'Aosta,125666,101158,80.5,0.38
2908,2021-07-20,VDA,1117,583,534,396,721,0,ITC,ITC2,2,Valle d'Aosta / Vallée d'Aoste,Valle d'Aosta,125666,102275,81.39,0.89
2909,2021-04-18,VDA,522,254,268,493,3,26,ITC,ITC2,2,Valle d'Aosta / Vallée d'Aoste,Valle d'Aosta,125666,102797,81.8,0.42
2910,2021-06-14,VDA,313,167,146,12,301,0,ITC,ITC2,2,Valle d'Aosta / Vallée d'Aoste,Valle d'Aosta,125666,103110,82.05,0.25
2911,2021-05-31,VDA,880,396,484,490,379,11,ITC,ITC2,2,Valle d'Aosta / Vallée d'Aoste,Valle d'Aosta,125666,103990,82.75,0.7
2912,2021-07-27,VDA,1110,591,519,560,550,0,ITC,ITC2,2,Valle d'Aosta / Vallée d'Aoste,Valle d'Aosta,125666,105100,83.63,0.88
2913,2021-06-26,VDA,1061,509,552,350,704,7,ITC,ITC2,2,Valle d'Aosta / Vallée d'Aoste,Valle d'Aosta,125666,106161,84.48,0.84
2914,2021-03-04,VDA,291,139,152,39,250,2,ITC,ITC2,2,Valle d'Aosta / Vallée d'Aoste,Valle d'Aosta,125666,106452,84.71,0.23
2915,2021-05-26,VDA,1209,587,622,565,633,11,ITC,ITC2,2,Valle d'Aosta / Vallée d'Aoste,Valle d'Aosta,125666,107661,85.67,0.96
2916,2021-03-11,VDA,198,77,121,66,132,0,ITC,ITC2,2,Valle d'Aosta / Vallée d'Aoste,Valle d'Aosta,125666,107859,85.83,0.16
2917,2021-06-02,VDA,1215,688,527,812,401,2,ITC,ITC2,2,Valle d'Aosta / Vallée d'Aoste,Valle d'Aosta,125666,109074,86.8,0.97
2918,2021-06-19,VDA,1289,668,621,659,619,11,ITC,ITC2,2,Valle d'Aosta / Vallée d'Aoste,Valle d'Aosta,125666,110363,87.82,1.03
2919,2021-03-09,VDA,206,96,110,166,32,8,ITC,ITC2,2,Valle d'Aosta / Vallée d'Aoste,Valle d'Aosta,125666,110569,87.99,0.16
2920,2021-02-20,VDA,251,210,41,238,10,3,ITC,ITC2,2,Valle d'Aosta / Vallée d'Aoste,Valle d'Aosta,125666,110820,88.19,0.2
2921,2021-01-09,VDA,443,199,244,443,0,0,ITC,ITC2,2,Valle d'Aosta / Vallée d'Aoste,Valle d'Aosta,125666,111263,88.54,0.35
2922,2021-06-24,VDA,1221,629,592,379,833,9,ITC,ITC2,2,Valle d'Aosta / Vallée d'Aoste,Valle d'Aosta,125666,112484,89.51,0.97
2923,2021-07-03,VDA,935,484,451,390,536,9,ITC,ITC2,2,Valle d'Aosta / Vallée d'Aoste,Valle d'Aosta,125666,113419,90.25,0.74
2924,2021-02-08,VDA,223,83,140,25,198,0,ITC,ITC2,2,Valle d'Aosta / Vallée d'Aoste,Valle d'Aosta,125666,113642,90.43,0.18
2925,2021-03-23,VDA,379,150,229,228,134,17,ITC,ITC2,2,Valle d'Aosta / Vallée d'Aoste,Valle d'Aosta,125666,114021,90.73,0.3
2926,2021-05-19,VDA,993,498,495,411,575,7,ITC,ITC2,2,Valle d'Aosta / Vallée d'Aoste,Valle d'Aosta,125666,115014,91.52,0.79
2927,2021-04-25,VDA,849,408,441,673,139,37,ITC,ITC2,2,Valle d'Aosta / Vallée d'Aoste,Valle d'Aosta,125666,115863,92.2,0.68
2928,2021-06-21,VDA,1122,600,522,607,505,10,ITC,ITC2,2,Valle d'Aosta / Vallée d'Aoste,Valle d'Aosta,125666,116985,93.09,0.89
2929,2021-06-07,VDA,710,347,363,638,61,11,ITC,ITC2,2,Valle d'Aosta / Vallée d'Aoste,Valle d'Aosta,125666,117695,93.66,0.56
2930,2021-02-27,VDA,231,85,146,119,107,5,ITC,ITC2,2,Valle d'Aosta / Vallée d'Aoste,Valle d'Aosta,125666,117926,93.84,0.18
2931,2021-03-16,VDA,182,37,145,109,64,9,ITC,ITC2,2,Valle d'Aosta / Vallée d'Aoste,Valle d'Aosta,125666,118108,93.99,0.14
2932,2021-01-11,VDA,325,112,213,325,0,0,ITC,ITC2,2,Valle d'Aosta / Vallée d'Aoste,Valle d'Aosta,125666,118433,94.24,0.26
2933,2021-04-04,VDA,572,253,319,550,1,21,ITC,ITC2,2,Valle d'Aosta / Vallée d'Aoste,Valle d'Aosta,125666,119005,94.7,0.46
2934,2021-02-13,VDA,216,196,20,213,1,2,ITC,ITC2,2,Valle d'Aosta / Vallée d'Aoste,Valle d'Aosta,125666,119221,94.87,0.17
2935,2021-06-08,VDA,712,356,356,675,33,4,ITC,ITC2,2,Valle d'Aosta / Vallée d'Aoste,Valle d'Aosta,125666,119933,95.44,0.57
2936,2021-02-26,VDA,207,58,149,108,85,14,ITC,ITC2,2,Valle d'Aosta / Vallée d'Aoste,Valle d'Aosta,125666,120140,95.6,0.16
2937,2021-04-10,VDA,404,190,214,387,5,12,ITC,ITC2,2,Valle d'Aosta / Vallée d'Aoste,Valle d'Aosta,125666,120544,95.92,0.32
2938,2020-12-31,VDA,18,4,14,18,0,0,ITC,ITC2,2,Valle d'Aosta / Vallée d'Aoste,Valle d'Aosta,125666,120562,95.94,0.01
2939,2021-06-06,VDA,1160,582,578,782,373,5,ITC,ITC2,2,Valle d'Aosta / Vallée d'Aoste,Valle d'Aosta,125666,121722,96.86,0.92
2940,2021-06-15,VDA,876,479,397,608,255,13,ITC,ITC2,2,Valle d'Aosta / Vallée d'Aoste,Valle d'Aosta,125666,122598,97.56,0.7
2941,2021-03-05,VDA,276,124,152,52,223,1,ITC,ITC2,2,Valle d'Aosta / Vallée d'Aoste,Valle d'Aosta,125666,122874,97.78,0.22
2942,2021-02-28,VDA,260,86,174,73,183,4,ITC,ITC2,2,Valle d'Aosta / Vallée d'Aoste,Valle d'Aosta,125666,123134,97.99,0.21
2943,2021-05-05,VDA,1038,566,472,434,582,22,ITC,ITC2,2,Valle d'Aosta / Vallée d'Aoste,Valle d'Aosta,125666,124172,98.81,0.83
2944,2021-05-03,VDA,839,400,439,458,351,30,ITC,ITC2,2,Valle d'Aosta / Vallée d'Aoste,Valle d'Aosta,125666,125011,99.48,0.67
2945,2021-03-07,VDA,64,30,34,11,53,0,ITC,ITC2,2,Valle d'Aosta / Vallée d'Aoste,Valle d'Aosta,125666,125075,99.53,0.05
2946,2021-01-30,VDA,439,202,237,12,425,2,ITC,ITC2,2,Valle d'Aosta / Vallée d'Aoste,Valle d'Aosta,125666,125514,99.88,0.35
2947,2021-01-25,VDA,148,66,82,0,148,0,ITC,ITC2,2,Valle d'Aosta / Vallée d'Aoste,Valle d'Aosta,125666,125662,100.0,0.12
2948,2021-07-10,VDA,1289,667,622,321,957,11,ITC,ITC2,2,Valle d'Aosta / Vallée d'Aoste,Valle d'Aosta,125666,126951,101.02,1.03
2949,2021-05-14,VDA,960,442,518,251,668,41,ITC,ITC2,2,Valle d'Aosta / Vallée d'Aoste,Valle d'Aosta,125666,127911,101.79,0.76
2950,2021-02-01,VDA,405,127,278,84,318,3,ITC,ITC2,2,Valle d'Aosta / Vallée d'Aoste,Valle d'Aosta,125666,128316,102.11,0.32
2951,2021-07-08,VDA,1275,709,566,341,924,10,ITC,ITC2,2,Valle d'Aosta / Vallée d'Aoste,Valle d'Aosta,125666,129591,103.12,1.01
2952,2021-03-30,VDA,402,223,179,365,20,17,ITC,ITC2,2,Valle d'Aosta / Vallée d'Aoste,Valle d'Aosta,125666,129993,103.44,0.32
2953,2021-05-12,VDA,1143,550,593,442,670,31,ITC,ITC2,2,Valle d'Aosta / Vallée d'Aoste,Valle d'Aosta,125666,131136,104.35,0.91
2954,2021-07-17,VDA,985,519,466,255,730,0,ITC,ITC2,2,Valle d'Aosta / Vallée d'Aoste,Valle d'Aosta,125666,132121,105.14,0.78
2955,2021-02-07,PUG,1580,669,911,253,1327,0,ITF,ITF4,16,Puglia,Puglia,4029053,1580,0.04,0.04
2956,2021-01-21,PUG,2133,905,1228,1269,862,2,ITF,ITF4,16,Puglia,Puglia,4029053,3713,0.09,0.05
2957,2021-05-01,PUG,27647,12669,14978,16712,10664,271,ITF,ITF4,16,Puglia,Puglia,4029053,31360,0.78,0.69
2958,2021-01-02,PUG,2952,1302,1650,2952,0,0,ITF,ITF4,16,Puglia,Puglia,4029053,34312,0.85,0.07
2959,2021-04-12,PUG,29431,13849,15582,26104,3013,314,ITF,ITF4,16,Puglia,Puglia,4029053,63743,1.58,0.73
2960,2021-07-21,PUG,42554,21013,21541,11542,30194,818,ITF,ITF4,16,Puglia,Puglia,4029053,106297,2.64,1.06
2961,2021-07-11,PUG,12142,5739,6403,2641,9398,103,ITF,ITF4,16,Puglia,Puglia,4029053,118439,2.94,0.3
2962,2021-01-31,PUG,1818,832,986,77,1741,0,ITF,ITF4,16,Puglia,Puglia,4029053,120257,2.98,0.05
2963,2021-03-05,PUG,17703,7179,10524,15182,2307,214,ITF,ITF4,16,Puglia,Puglia,4029053,137960,3.42,0.44
2964,2021-02-26,PUG,13776,5061,8715,12543,1037,196,ITF,ITF4,16,Puglia,Puglia,4029053,151736,3.77,0.34
2965,2020-12-31,PUG,1636,783,853,1636,0,0,ITF,ITF4,16,Puglia,Puglia,4029053,153372,3.81,0.04
2966,2021-06-15,PUG,42610,20841,21769,22407,19614,589,ITF,ITF4,16,Puglia,Puglia,4029053,195982,4.86,1.06
2967,2021-06-08,PUG,39311,19142,20169,20970,17783,558,ITF,ITF4,16,Puglia,Puglia,4029053,235293,5.84,0.98
2968,2021-02-21,PUG,2177,474,1703,2066,62,49,ITF,ITF4,16,Puglia,Puglia,4029053,237470,5.89,0.05
2969,2021-06-01,PUG,34929,17493,17436,21627,12915,387,ITF,ITF4,16,Puglia,Puglia,4029053,272399,6.76,0.87
2970,2021-05-15,PUG,43627,18998,24629,22845,20071,711,ITF,ITF4,16,Puglia,Puglia,4029053,316026,7.84,1.08
2971,2021-06-03,PUG,50550,24523,26027,30524,19302,724,ITF,ITF4,16,Puglia,Puglia,4029053,366576,9.1,1.25
2972,2021-03-10,PUG,14820,6622,8198,11542,3125,153,ITF,ITF4,16,Puglia,Puglia,4029053,381396,9.47,0.37
2973,2021-04-19,PUG,27727,12886,14841,24344,3044,339,ITF,ITF4,16,Puglia,Puglia,4029053,409123,10.15,0.69
2974,2021-07-28,PUG,13292,6582,6710,4298,8736,258,ITF,ITF4,16,Puglia,Puglia,4029053,422415,10.48,0.33
2975,2021-04-24,PUG,29422,13394,16028,25149,3944,329,ITF,ITF4,16,Puglia,Puglia,4029053,451837,11.21,0.73
2976,2021-01-12,PUG,4215,1771,2444,4213,0,2,ITF,ITF4,16,Puglia,Puglia,4029053,456052,11.32,0.1
2977,2021-04-07,PUG,15714,7133,8581,8829,6682,203,ITF,ITF4,16,Puglia,Puglia,4029053,471766,11.71,0.39
2978,2021-07-16,PUG,46003,22316,23687,13024,32145,834,ITF,ITF4,16,Puglia,Puglia,4029053,517769,12.85,1.14
2979,2021-04-05,PUG,12761,6199,6562,12085,533,143,ITF,ITF4,16,Puglia,Puglia,4029053,530530,13.17,0.32
2980,2021-03-19,PUG,7974,3660,4314,3378,4559,37,ITF,ITF4,16,Puglia,Puglia,4029053,538504,13.37,0.2
2981,2021-06-27,PUG,18495,9185,9310,9918,8296,281,ITF,ITF4,16,Puglia,Puglia,4029053,556999,13.82,0.46
2982,2021-02-09,PUG,3841,1570,2271,2149,1674,18,ITF,ITF4,16,Puglia,Puglia,4029053,560840,13.92,0.1
2983,2021-05-20,PUG,33613,15256,18357,20734,12361,518,ITF,ITF4,16,Puglia,Puglia,4029053,594453,14.75,0.83
2984,2021-03-24,PUG,13587,6522,7065,6139,7331,117,ITF,ITF4,16,Puglia,Puglia,4029053,608040,15.09,0.34
2985,2021-01-26,PUG,5371,2401,2970,570,4800,1,ITF,ITF4,16,Puglia,Puglia,4029053,613411,15.22,0.13
2986,2021-07-02,PUG,46998,22324,24674,17239,28802,957,ITF,ITF4,16,Puglia,Puglia,4029053,660409,16.39,1.17
2987,2021-05-06,PUG,39624,17322,22302,19350,19720,554,ITF,ITF4,16,Puglia,Puglia,4029053,700033,17.37,0.98
2988,2021-07-04,PUG,19784,9627,10157,7890,11595,299,ITF,ITF4,16,Puglia,Puglia,4029053,719817,17.87,0.49
2989,2021-07-23,PUG,39973,20167,19806,13275,25788,910,ITF,ITF4,16,Puglia,Puglia,4029053,759790,18.86,0.99
2990,2021-01-19,PUG,1222,453,769,1211,10,1,ITF,ITF4,16,Puglia,Puglia,4029053,761012,18.89,0.03
2991,2021-07-08,PUG,41319,19142,22177,5541,35300,478,ITF,ITF4,16,Puglia,Puglia,4029053,802331,19.91,1.03
2992,2021-05-29,PUG,30586,14415,16171,20583,9456,547,ITF,ITF4,16,Puglia,Puglia,4029053,832917,20.67,0.76
2993,2021-04-02,PUG,12847,6000,6847,8170,4527,150,ITF,ITF4,16,Puglia,Puglia,4029053,845764,20.99,0.32
2994,2021-06-13,PUG,21779,10898,10881,16299,5190,290,ITF,ITF4,16,Puglia,Puglia,4029053,867543,21.53,0.54
2995,2021-02-28,PUG,6061,1807,4254,5799,187,75,ITF,ITF4,16,Puglia,Puglia,4029053,873604,21.68,0.15
2996,2021-05-12,PUG,36590,16320,20270,23499,12502,589,ITF,ITF4,16,Puglia,Puglia,4029053,910194,22.59,0.91
2997,2021-03-29,PUG,13551,6611,6940,6609,6747,195,ITF,ITF4,16,Puglia,Puglia,4029053,923745,22.93,0.34
2998,2021-03-12,PUG,14286,6440,7846,10217,3932,137,ITF,ITF4,16,Puglia,Puglia,4029053,938031,23.28,0.35
2999,2021-06-20,PUG,21517,10819,10698,14021,7166,330,ITF,ITF4,16,Puglia,Puglia,4029053,959548,23.82,0.53
3000,2021-02-04,PUG,5928,2364,3564,1174,4745,9,ITF,ITF4,16,Puglia,Puglia,4029053,965476,23.96,0.15
3001,2021-01-14,PUG,4077,1593,2484,4071,0,6,ITF,ITF4,16,Puglia,Puglia,4029053,969553,24.06,0.1
3002,2021-01-07,PUG,5721,2462,3259,5721,0,0,ITF,ITF4,16,Puglia,Puglia,4029053,975274,24.21,0.14
3003,2021-04-17,PUG,40033,18972,21061,36034,3578,421,ITF,ITF4,16,Puglia,Puglia,4029053,1015307,25.2,0.99
3004,2021-02-19,PUG,4738,2013,2725,4293,391,54,ITF,ITF4,16,Puglia,Puglia,4029053,1020045,25.32,0.12
3005,2021-06-22,PUG,42344,20526,21818,19041,22727,576,ITF,ITF4,16,Puglia,Puglia,4029053,1062389,26.37,1.05
3006,2021-04-26,PUG,26310,12056,14254,22684,3236,390,ITF,ITF4,16,Puglia,Puglia,4029053,1088699,27.02,0.65
3007,2021-03-16,PUG,9878,4690,5188,3454,6366,58,ITF,ITF4,16,Puglia,Puglia,4029053,1098577,27.27,0.25
3008,2021-06-24,PUG,52546,25409,27137,23420,28310,816,ITF,ITF4,16,Puglia,Puglia,4029053,1151123,28.57,1.3
3009,2021-05-27,PUG,40903,19329,21574,22910,17319,674,ITF,ITF4,16,Puglia,Puglia,4029053,1192026,29.59,1.02
3010,2021-03-02,PUG,16392,6096,10296,14844,1305,243,ITF,ITF4,16,Puglia,Puglia,4029053,1208418,29.99,0.41
3011,2021-06-10,PUG,47137,23178,23959,29377,17042,718,ITF,ITF4,16,Puglia,Puglia,4029053,1255555,31.16,1.17
3012,2021-04-04,PUG,5981,2969,3012,5896,5,80,ITF,ITF4,16,Puglia,Puglia,4029053,1261536,31.31,0.15
3013,2021-03-31,PUG,14568,6829,7739,8853,5566,149,ITF,ITF4,16,Puglia,Puglia,4029053,1276104,31.67,0.36
3014,2021-02-02,PUG,4347,1848,2499,586,3760,1,ITF,ITF4,16,Puglia,Puglia,4029053,1280451,31.78,0.11
3015,2021-07-09,PUG,36873,17758,19115,6547,29639,687,ITF,ITF4,16,Puglia,Puglia,4029053,1317324,32.7,0.92
3016,2021-05-13,PUG,38775,17295,21480,20992,17213,570,ITF,ITF4,16,Puglia,Puglia,4029053,1356099,33.66,0.96
3017,2021-03-17,PUG,10347,4703,5644,4106,6179,62,ITF,ITF4,16,Puglia,Puglia,4029053,1366446,33.91,0.26
3018,2021-02-14,PUG,787,347,440,657,125,5,ITF,ITF4,16,Puglia,Puglia,4029053,1367233,33.93,0.02
3019,2021-05-25,PUG,34745,16216,18529,20612,13545,588,ITF,ITF4,16,Puglia,Puglia,4029053,1401978,34.8,0.86
3020,2021-05-08,PUG,54326,22995,31331,24021,29780,525,ITF,ITF4,16,Puglia,Puglia,4029053,1456304,36.15,1.35
3021,2021-01-04,PUG,4510,2017,2493,4508,0,2,ITF,ITF4,16,Puglia,Puglia,4029053,1460814,36.26,0.11
3022,2021-03-26,PUG,12012,5845,6167,7229,4656,127,ITF,ITF4,16,Puglia,Puglia,4029053,1472826,36.56,0.3
3023,2021-03-09,PUG,13636,6095,7541,11439,2013,184,ITF,ITF4,16,Puglia,Puglia,4029053,1486462,36.89,0.34
3024,2021-04-14,PUG,32007,15098,16909,28390,3309,308,ITF,ITF4,16,Puglia,Puglia,4029053,1518469,37.69,0.79
3025,2021-03-28,PUG,3545,1656,1889,1181,2330,34,ITF,ITF4,16,Puglia,Puglia,4029053,1522014,37.78,0.09
3026,2021-04-16,PUG,36083,16963,19120,32372,3286,425,ITF,ITF4,16,Puglia,Puglia,4029053,1558097,38.67,0.9
3027,2021-02-18,PUG,4381,1847,2534,3714,606,61,ITF,ITF4,16,Puglia,Puglia,4029053,1562478,38.78,0.11
3028,2021-07-25,PUG,13151,6798,6353,3952,9026,173,ITF,ITF4,16,Puglia,Puglia,4029053,1575629,39.11,0.33
3029,2021-04-09,PUG,22073,9515,12558,17054,4633,386,ITF,ITF4,16,Puglia,Puglia,4029053,1597702,39.65,0.55
3030,2021-02-11,PUG,3697,1401,2296,2392,1278,27,ITF,ITF4,16,Puglia,Puglia,4029053,1601399,39.75,0.09
3031,2021-07-18,PUG,17772,9095,8677,5785,11676,311,ITF,ITF4,16,Puglia,Puglia,4029053,1619171,40.19,0.44
3032,2021-05-22,PUG,34687,15891,18796,23701,10442,544,ITF,ITF4,16,Puglia,Puglia,4029053,1653858,41.05,0.86
3033,2021-05-17,PUG,32880,15239,17641,20495,11884,501,ITF,ITF4,16,Puglia,Puglia,4029053,1686738,41.86,0.82
3034,2021-02-23,PUG,9378,4429,4949,8795,491,92,ITF,ITF4,16,Puglia,Puglia,4029053,1696116,42.1,0.23
3035,2021-07-13,PUG,48515,22878,25637,7961,39956,598,ITF,ITF4,16,Puglia,Puglia,4029053,1744631,43.3,1.2
3036,2021-03-21,PUG,2695,1227,1468,578,2106,11,ITF,ITF4,16,Puglia,Puglia,4029053,1747326,43.37,0.07
3037,2021-06-29,PUG,46388,22232,24156,15290,30378,720,ITF,ITF4,16,Puglia,Puglia,4029053,1793714,44.52,1.15
3038,2021-01-11,PUG,3755,1589,2166,3754,0,1,ITF,ITF4,16,Puglia,Puglia,4029053,1797469,44.61,0.09
3039,2021-04-21,PUG,23141,10689,12452,19102,3737,302,ITF,ITF4,16,Puglia,Puglia,4029053,1820610,45.19,0.57
3040,2021-05-24,PUG,36133,17050,19083,24502,11018,613,ITF,ITF4,16,Puglia,Puglia,4029053,1856743,46.08,0.9
3041,2021-02-16,PUG,3385,1454,1931,2706,648,31,ITF,ITF4,16,Puglia,Puglia,4029053,1860128,46.17,0.08
3042,2021-01-30,PUG,5533,2514,3019,404,5128,1,ITF,ITF4,16,Puglia,Puglia,4029053,1865661,46.31,0.14
3043,2021-07-20,PUG,46373,22749,23624,8405,37445,523,ITF,ITF4,16,Puglia,Puglia,4029053,1912034,47.46,1.15
3044,2021-07-27,PUG,43938,21847,22091,12323,30908,707,ITF,ITF4,16,Puglia,Puglia,4029053,1955972,48.55,1.09
3045,2021-05-31,PUG,37888,18262,19626,23145,14191,552,ITF,ITF4,16,Puglia,Puglia,4029053,1993860,49.49,0.94
3046,2021-04-25,PUG,11305,5234,6071,10029,1144,132,ITF,ITF4,16,Puglia,Puglia,4029053,2005165,49.77,0.28
3047,2021-02-27,PUG,14228,4819,9409,12819,1228,181,ITF,ITF4,16,Puglia,Puglia,4029053,2019393,50.12,0.35
3048,2021-01-01,PUG,150,61,89,150,0,0,ITF,ITF4,16,Puglia,Puglia,4029053,2019543,50.12,0.0
3049,2021-06-07,PUG,44347,21656,22691,30345,13241,761,ITF,ITF4,16,Puglia,Puglia,4029053,2063890,51.23,1.1
3050,2021-04-11,PUG,16472,7257,9215,14638,1655,179,ITF,ITF4,16,Puglia,Puglia,4029053,2080362,51.63,0.41
3051,2021-06-12,PUG,34545,17224,17321,25048,8907,590,ITF,ITF4,16,Puglia,Puglia,4029053,2114907,52.49,0.86
3052,2021-01-28,PUG,5477,2279,3198,466,5011,0,ITF,ITF4,16,Puglia,Puglia,4029053,2120384,52.63,0.14
3053,2021-07-06,PUG,42270,19465,22805,6203,35627,440,ITF,ITF4,16,Puglia,Puglia,4029053,2162654,53.68,1.05
3054,2021-06-19,PUG,34684,17397,17287,22175,11853,656,ITF,ITF4,16,Puglia,Puglia,4029053,2197338,54.54,0.86
3055,2021-06-21,PUG,41745,20356,21389,21452,19650,643,ITF,ITF4,16,Puglia,Puglia,4029053,2239083,55.57,1.04
3056,2021-02-25,PUG,11974,5062,6912,10664,1175,135,ITF,ITF4,16,Puglia,Puglia,4029053,2251057,55.87,0.3
3057,2021-06-05,PUG,42523,20832,21691,29133,12667,723,ITF,ITF4,16,Puglia,Puglia,4029053,2293580,56.93,1.06
3058,2021-01-06,PUG,3951,1674,2277,3950,0,1,ITF,ITF4,16,Puglia,Puglia,4029053,2297531,57.02,0.1
3059,2021-06-16,PUG,42012,20666,21346,26877,14411,724,ITF,ITF4,16,Puglia,Puglia,4029053,2339543,58.07,1.04
3060,2020-12-30,PUG,1,0,1,1,0,0,ITF,ITF4,16,Puglia,Puglia,4029053,2339544,58.07,0.0
3061,2021-03-22,PUG,9965,5126,4839,4248,5651,66,ITF,ITF4,16,Puglia,Puglia,4029053,2349509,58.31,0.25
3062,2021-01-24,PUG,1670,750,920,154,1516,0,ITF,ITF4,16,Puglia,Puglia,4029053,2351179,58.36,0.04
3063,2021-01-18,PUG,1846,772,1074,1496,349,1,ITF,ITF4,16,Puglia,Puglia,4029053,2353025,58.4,0.05
3064,2021-02-06,PUG,4552,1934,2618,1578,2959,15,ITF,ITF4,16,Puglia,Puglia,4029053,2357577,58.51,0.11
3065,2021-01-20,PUG,1548,542,1006,1537,8,3,ITF,ITF4,16,Puglia,Puglia,4029053,2359125,58.55,0.04
3066,2021-04-30,PUG,34994,15681,19313,22450,11979,565,ITF,ITF4,16,Puglia,Puglia,4029053,2394119,59.42,0.87
3067,2021-04-13,PUG,28759,13641,15118,25024,3424,311,ITF,ITF4,16,Puglia,Puglia,4029053,2422878,60.14,0.71
3068,2021-07-22,PUG,46560,23100,23460,8558,37326,676,ITF,ITF4,16,Puglia,Puglia,4029053,2469438,61.29,1.16
3069,2021-07-05,PUG,38668,18149,20519,7370,30735,563,ITF,ITF4,16,Puglia,Puglia,4029053,2508106,62.25,0.96
3070,2021-05-02,PUG,21340,9671,11669,13895,7267,178,ITF,ITF4,16,Puglia,Puglia,4029053,2529446,62.78,0.53
3071,2021-07-24,PUG,24851,12827,12024,7627,16782,442,ITF,ITF4,16,Puglia,Puglia,4029053,2554297,63.4,0.62
3072,2021-06-18,PUG,47698,23477,24221,28845,17915,938,ITF,ITF4,16,Puglia,Puglia,4029053,2601995,64.58,1.18
3073,2021-05-10,PUG,37808,16704,21104,19342,17994,472,ITF,ITF4,16,Puglia,Puglia,4029053,2639803,65.52,0.94
3074,2021-02-13,PUG,3730,1458,2272,3018,696,16,ITF,ITF4,16,Puglia,Puglia,4029053,2643533,65.61,0.09
3075,2021-04-23,PUG,29560,13736,15824,23894,5255,411,ITF,ITF4,16,Puglia,Puglia,4029053,2673093,66.35,0.73
3076,2021-03-18,PUG,9590,4356,5234,3338,6186,66,ITF,ITF4,16,Puglia,Puglia,4029053,2682683,66.58,0.24
3077,2021-06-26,PUG,32275,16247,16028,15822,15859,594,ITF,ITF4,16,Puglia,Puglia,4029053,2714958,67.38,0.8
3078,2021-03-04,PUG,15359,6103,9256,13710,1426,223,ITF,ITF4,16,Puglia,Puglia,4029053,2730317,67.77,0.38
3079,2021-06-09,PUG,41866,20726,21140,29924,11236,706,ITF,ITF4,16,Puglia,Puglia,4029053,2772183,68.8,1.04
3080,2021-03-06,PUG,16152,6127,10025,13887,2098,167,ITF,ITF4,16,Puglia,Puglia,4029053,2788335,69.21,0.4
3081,2021-01-08,PUG,5664,2381,3283,5658,0,6,ITF,ITF4,16,Puglia,Puglia,4029053,2793999,69.35,0.14
3082,2021-06-14,PUG,41989,20546,21443,28842,12357,790,ITF,ITF4,16,Puglia,Puglia,4029053,2835988,70.39,1.04
3083,2021-04-18,PUG,22652,10836,11816,21400,1056,196,ITF,ITF4,16,Puglia,Puglia,4029053,2858640,70.95,0.56
3084,2021-02-20,PUG,2973,1080,1893,2686,257,30,ITF,ITF4,16,Puglia,Puglia,4029053,2861613,71.02,0.07
3085,2021-06-28,PUG,48372,23452,24920,21540,25959,873,ITF,ITF4,16,Puglia,Puglia,4029053,2909985,72.23,1.2
3086,2021-05-09,PUG,30778,12630,18148,14778,15629,371,ITF,ITF4,16,Puglia,Puglia,4029053,2940763,72.99,0.76
3087,2021-04-22,PUG,23050,10551,12499,17741,4926,383,ITF,ITF4,16,Puglia,Puglia,4029053,2963813,73.56,0.57
3088,2021-06-30,PUG,47525,23067,24458,18746,27896,883,ITF,ITF4,16,Puglia,Puglia,4029053,3011338,74.74,1.18
3089,2021-03-15,PUG,12344,6151,6193,5738,6505,101,ITF,ITF4,16,Puglia,Puglia,4029053,3023682,75.05,0.31
3090,2021-01-17,PUG,1309,591,718,1239,69,1,ITF,ITF4,16,Puglia,Puglia,4029053,3024991,75.08,0.03
3091,2021-06-23,PUG,29317,14325,14992,16945,11743,629,ITF,ITF4,16,Puglia,Puglia,4029053,3054308,75.81,0.73
3092,2021-04-27,PUG,26691,12074,14617,20764,5605,322,ITF,ITF4,16,Puglia,Puglia,4029053,3080999,76.47,0.66
3093,2021-05-11,PUG,32617,14400,18217,13670,18461,486,ITF,ITF4,16,Puglia,Puglia,4029053,3113616,77.28,0.81
3094,2021-05-04,PUG,35147,14868,20279,18241,16493,413,ITF,ITF4,16,Puglia,Puglia,4029053,3148763,78.15,0.87
3095,2021-03-08,PUG,15001,6443,8558,12442,2405,154,ITF,ITF4,16,Puglia,Puglia,4029053,3163764,78.52,0.37
3096,2021-04-28,PUG,19836,8897,10939,14804,4768,264,ITF,ITF4,16,Puglia,Puglia,4029053,3183600,79.02,0.49
3097,2021-01-09,PUG,4887,2249,2638,4883,0,4,ITF,ITF4,16,Puglia,Puglia,4029053,3188487,79.14,0.12
3098,2021-07-01,PUG,48098,22522,25576,11371,36068,659,ITF,ITF4,16,Puglia,Puglia,4029053,3236585,80.33,1.19
3099,2021-03-14,PUG,3374,1460,1914,2475,862,37,ITF,ITF4,16,Puglia,Puglia,4029053,3239959,80.41,0.08
3100,2021-01-16,PUG,2508,1036,1472,2506,0,2,ITF,ITF4,16,Puglia,Puglia,4029053,3242467,80.48,0.06
3101,2021-05-21,PUG,39146,18587,20559,28246,10108,792,ITF,ITF4,16,Puglia,Puglia,4029053,3281613,81.45,0.97
3102,2021-03-11,PUG,14823,6581,8242,11449,3176,198,ITF,ITF4,16,Puglia,Puglia,4029053,3296436,81.82,0.37
3103,2021-06-02,PUG,27039,13224,13815,21859,4823,357,ITF,ITF4,16,Puglia,Puglia,4029053,3323475,82.49,0.67
3104,2021-02-15,PUG,3261,1271,1990,2595,622,44,ITF,ITF4,16,Puglia,Puglia,4029053,3326736,82.57,0.08
3105,2021-05-26,PUG,38586,18541,20045,26219,11715,652,ITF,ITF4,16,Puglia,Puglia,4029053,3365322,83.53,0.96
3106,2021-01-27,PUG,4604,1942,2662,628,3974,2,ITF,ITF4,16,Puglia,Puglia,4029053,3369926,83.64,0.11
3107,2021-05-07,PUG,50125,22374,27751,26041,23528,556,ITF,ITF4,16,Puglia,Puglia,4029053,3420051,84.88,1.24
3108,2021-01-13,PUG,4547,1730,2817,4544,0,3,ITF,ITF4,16,Puglia,Puglia,4029053,3424598,85.0,0.11
3109,2021-04-06,PUG,13855,6258,7597,6924,6762,169,ITF,ITF4,16,Puglia,Puglia,4029053,3438453,85.34,0.34
3110,2021-07-15,PUG,44295,21437,22858,8988,34611,696,ITF,ITF4,16,Puglia,Puglia,4029053,3482748,86.44,1.1
3111,2021-07-14,PUG,45691,21904,23787,13506,31332,853,ITF,ITF4,16,Puglia,Puglia,4029053,3528439,87.57,1.13
3112,2021-03-01,PUG,15110,5869,9241,13584,1375,151,ITF,ITF4,16,Puglia,Puglia,4029053,3543549,87.95,0.38
3113,2021-01-03,PUG,2007,943,1064,2006,0,1,ITF,ITF4,16,Puglia,Puglia,4029053,3545556,88.0,0.05
3114,2021-03-27,PUG,12165,5717,6448,6883,5172,110,ITF,ITF4,16,Puglia,Puglia,4029053,3557721,88.3,0.3
3115,2021-01-05,PUG,5111,2251,2860,5108,0,3,ITF,ITF4,16,Puglia,Puglia,4029053,3562832,88.43,0.13
3116,2021-04-15,PUG,32725,15271,17454,28678,3646,401,ITF,ITF4,16,Puglia,Puglia,4029053,3595557,89.24,0.81
3117,2021-07-07,PUG,38526,18447,20079,6235,31767,524,ITF,ITF4,16,Puglia,Puglia,4029053,3634083,90.2,0.96
3118,2021-01-15,PUG,4552,1866,2686,4547,0,5,ITF,ITF4,16,Puglia,Puglia,4029053,3638635,90.31,0.11
3119,2021-01-10,PUG,2349,1062,1287,2348,0,1,ITF,ITF4,16,Puglia,Puglia,4029053,3640984,90.37,0.06
3120,2021-04-20,PUG,21186,9842,11344,17454,3470,262,ITF,ITF4,16,Puglia,Puglia,4029053,3662170,90.89,0.53
3121,2020-12-27,PUG,510,252,258,510,0,0,ITF,ITF4,16,Puglia,Puglia,4029053,3662680,90.91,0.01
3122,2021-03-13,PUG,10472,4135,6337,8565,1809,98,ITF,ITF4,16,Puglia,Puglia,4029053,3673152,91.17,0.26
3123,2021-02-24,PUG,10055,4712,5343,9368,595,92,ITF,ITF4,16,Puglia,Puglia,4029053,3683207,91.42,0.25
3124,2021-06-04,PUG,52702,25505,27197,34147,17728,827,ITF,ITF4,16,Puglia,Puglia,4029053,3735909,92.72,1.31
3125,2021-05-18,PUG,28916,13455,15461,15849,12807,260,ITF,ITF4,16,Puglia,Puglia,4029053,3764825,93.44,0.72
3126,2021-04-29,PUG,26263,12145,14118,19167,6675,421,ITF,ITF4,16,Puglia,Puglia,4029053,3791088,94.09,0.65
3127,2021-02-22,PUG,9636,4536,5100,9215,334,87,ITF,ITF4,16,Puglia,Puglia,4029053,3800724,94.33,0.24
3128,2021-02-05,PUG,5640,2275,3365,1327,4308,5,ITF,ITF4,16,Puglia,Puglia,4029053,3806364,94.47,0.14
3129,2021-05-16,PUG,24576,11080,13496,12477,11878,221,ITF,ITF4,16,Puglia,Puglia,4029053,3830940,95.08,0.61
3130,2021-05-19,PUG,26402,12769,13633,19521,6445,436,ITF,ITF4,16,Puglia,Puglia,4029053,3857342,95.74,0.66
3131,2021-03-23,PUG,11125,5647,5478,4543,6491,91,ITF,ITF4,16,Puglia,Puglia,4029053,3868467,96.01,0.28
3132,2021-03-25,PUG,11736,6012,5724,5352,6286,98,ITF,ITF4,16,Puglia,Puglia,4029053,3880203,96.31,0.29
3133,2021-07-03,PUG,33023,16563,16460,13367,19128,528,ITF,ITF4,16,Puglia,Puglia,4029053,3913226,97.13,0.82
3134,2021-02-08,PUG,3998,1613,2385,1581,2401,16,ITF,ITF4,16,Puglia,Puglia,4029053,3917224,97.22,0.1
3135,2021-02-10,PUG,3651,1440,2211,2118,1512,21,ITF,ITF4,16,Puglia,Puglia,4029053,3920875,97.32,0.09
3136,2021-05-23,PUG,17936,8382,9554,13864,3812,260,ITF,ITF4,16,Puglia,Puglia,4029053,3938811,97.76,0.45
3137,2021-02-17,PUG,4288,1751,2537,3635,612,41,ITF,ITF4,16,Puglia,Puglia,4029053,3943099,97.87,0.11
3138,2021-05-28,PUG,44023,20844,23179,27455,15766,802,ITF,ITF4,16,Puglia,Puglia,4029053,3987122,98.96,1.09
3139,2021-01-22,PUG,1413,579,834,991,421,1,ITF,ITF4,16,Puglia,Puglia,4029053,3988535,98.99,0.04
3140,2021-06-25,PUG,50584,24919,25665,23706,25939,939,ITF,ITF4,16,Puglia,Puglia,4029053,4039119,100.25,1.26
3141,2021-07-26,PUG,43421,21695,21726,15681,26851,889,ITF,ITF4,16,Puglia,Puglia,4029053,4082540,101.33,1.08
3142,2021-05-30,PUG,21014,10059,10955,15713,5046,255,ITF,ITF4,16,Puglia,Puglia,4029053,4103554,101.85,0.52
3143,2021-02-12,PUG,4214,1672,2542,3098,1094,22,ITF,ITF4,16,Puglia,Puglia,4029053,4107768,101.95,0.1
3144,2021-01-29,PUG,6204,2664,3540,364,5836,4,ITF,ITF4,16,Puglia,Puglia,4029053,4113972,102.11,0.15
3145,2021-03-20,PUG,8422,3884,4538,3780,4598,44,ITF,ITF4,16,Puglia,Puglia,4029053,4122394,102.32,0.21
3146,2021-03-03,PUG,16790,6807,9983,14718,1923,149,ITF,ITF4,16,Puglia,Puglia,4029053,4139184,102.73,0.42
3147,2021-06-11,PUG,47887,23431,24456,32979,13998,910,ITF,ITF4,16,Puglia,Puglia,4029053,4187071,103.92,1.19
3148,2021-04-03,PUG,10568,4652,5916,6815,3560,193,ITF,ITF4,16,Puglia,Puglia,4029053,4197639,104.18,0.26
3149,2021-01-23,PUG,3041,1294,1747,885,2155,1,ITF,ITF4,16,Puglia,Puglia,4029053,4200680,104.26,0.08
3150,2021-05-03,PUG,33359,14914,18445,22140,10654,565,ITF,ITF4,16,Puglia,Puglia,4029053,4234039,105.09,0.83
3151,2021-03-07,PUG,4985,2002,2983,4373,571,41,ITF,ITF4,16,Puglia,Puglia,4029053,4239024,105.21,0.12
3152,2021-05-05,PUG,39219,17189,22030,24420,14213,586,ITF,ITF4,16,Puglia,Puglia,4029053,4278243,106.18,0.97
3153,2021-06-17,PUG,42798,20916,21882,21408,20829,561,ITF,ITF4,16,Puglia,Puglia,4029053,4321041,107.25,1.06
3154,2021-03-30,PUG,12375,5931,6444,6290,5931,154,ITF,ITF4,16,Puglia,Puglia,4029053,4333416,107.55,0.31
3155,2021-02-01,PUG,3969,1662,2307,366,3601,2,ITF,ITF4,16,Puglia,Puglia,4029053,4337385,107.65,0.1
3156,2021-07-17,PUG,30084,15094,14990,9437,20021,626,ITF,ITF4,16,Puglia,Puglia,4029053,4367469,108.4,0.75
3157,2021-05-14,PUG,44989,20568,24421,27967,16162,860,ITF,ITF4,16,Puglia,Puglia,4029053,4412458,109.52,1.12
3158,2021-01-25,PUG,3830,1681,2149,424,3405,1,ITF,ITF4,16,Puglia,Puglia,4029053,4416288,109.61,0.1
3159,2021-07-10,PUG,22271,10965,11306,4499,17468,304,ITF,ITF4,16,Puglia,Puglia,4029053,4438559,110.16,0.55
3160,2021-04-08,PUG,17493,7591,9902,11098,6180,215,ITF,ITF4,16,Puglia,Puglia,4029053,4456052,110.6,0.43
3161,2021-06-06,PUG,30690,15451,15239,25321,5045,324,ITF,ITF4,16,Puglia,Puglia,4029053,4486742,111.36,0.76
3162,2021-04-10,PUG,30921,13116,17805,26296,4244,381,ITF,ITF4,16,Puglia,Puglia,4029053,4517663,112.13,0.77
3163,2021-07-19,PUG,47051,23078,23973,10591,35702,758,ITF,ITF4,16,Puglia,Puglia,4029053,4564714,113.29,1.17
3164,2021-04-01,PUG,13950,6550,7400,7379,6356,215,ITF,ITF4,16,Puglia,Puglia,4029053,4578664,113.64,0.35
3165,2021-02-03,PUG,5044,2006,3038,726,4315,3,ITF,ITF4,16,Puglia,Puglia,4029053,4583708,113.77,0.13
3166,2021-07-12,PUG,45423,21464,23959,12803,31846,774,ITF,ITF4,16,Puglia,Puglia,4029053,4629131,114.89,1.13
3167,2021-05-19,SAR,17026,8668,8358,12628,4239,159,ITG,ITG2,20,Sardegna,Sardegna,1639591,17026,1.04,1.04
3168,2021-06-05,SAR,17881,8438,9443,11286,6461,134,ITG,ITG2,20,Sardegna,Sardegna,1639591,34907,2.13,1.09
3169,2021-02-25,SAR,2897,1255,1642,2262,604,31,ITG,ITG2,20,Sardegna,Sardegna,1639591,37804,2.31,0.18
3170,2021-03-14,SAR,605,377,228,596,0,9,ITG,ITG2,20,Sardegna,Sardegna,1639591,38409,2.34,0.04
3171,2021-01-16,SAR,1491,525,966,1491,0,0,ITG,ITG2,20,Sardegna,Sardegna,1639591,39900,2.43,0.09
3172,2021-04-09,SAR,12307,5470,6837,7830,4357,120,ITG,ITG2,20,Sardegna,Sardegna,1639591,52207,3.18,0.75
3173,2021-07-20,SAR,16145,7929,8216,3651,12404,90,ITG,ITG2,20,Sardegna,Sardegna,1639591,68352,4.17,0.98
3174,2021-04-11,SAR,5398,2444,2954,4251,1121,26,ITG,ITG2,20,Sardegna,Sardegna,1639591,73750,4.5,0.33
3175,2021-06-07,SAR,12563,6144,6419,9437,3004,122,ITG,ITG2,20,Sardegna,Sardegna,1639591,86313,5.26,0.77
3176,2021-02-04,SAR,2270,814,1456,910,1357,3,ITG,ITG2,20,Sardegna,Sardegna,1639591,88583,5.4,0.14
3177,2021-04-02,SAR,8985,3549,5436,5591,3244,150,ITG,ITG2,20,Sardegna,Sardegna,1639591,97568,5.95,0.55
3178,2021-06-19,SAR,15341,7514,7827,9120,6122,99,ITG,ITG2,20,Sardegna,Sardegna,1639591,112909,6.89,0.94
3179,2021-07-06,SAR,15925,7721,8204,4664,11165,96,ITG,ITG2,20,Sardegna,Sardegna,1639591,128834,7.86,0.97
3180,2021-03-28,SAR,4533,1792,2741,4390,78,65,ITG,ITG2,20,Sardegna,Sardegna,1639591,133367,8.13,0.28
3181,2021-01-04,SAR,587,215,372,587,0,0,ITG,ITG2,20,Sardegna,Sardegna,1639591,133954,8.17,0.04
3182,2021-02-11,SAR,1311,488,823,1200,111,0,ITG,ITG2,20,Sardegna,Sardegna,1639591,135265,8.25,0.08
3183,2021-05-24,SAR,14472,7256,7216,8356,5984,132,ITG,ITG2,20,Sardegna,Sardegna,1639591,149737,9.13,0.88
3184,2021-02-13,SAR,1446,562,884,1440,2,4,ITG,ITG2,20,Sardegna,Sardegna,1639591,151183,9.22,0.09
3185,2021-05-29,SAR,17993,8648,9345,13234,4592,167,ITG,ITG2,20,Sardegna,Sardegna,1639591,169176,10.32,1.1
3186,2021-02-18,SAR,1877,731,1146,1775,64,38,ITG,ITG2,20,Sardegna,Sardegna,1639591,171053,10.43,0.11
3187,2021-07-01,SAR,19832,9763,10069,7257,12483,92,ITG,ITG2,20,Sardegna,Sardegna,1639591,190885,11.64,1.21
3188,2021-03-23,SAR,6415,2883,3532,5179,1080,156,ITG,ITG2,20,Sardegna,Sardegna,1639591,197300,12.03,0.39
3189,2021-07-15,SAR,18777,9237,9540,4647,14031,99,ITG,ITG2,20,Sardegna,Sardegna,1639591,216077,13.18,1.15
3190,2021-05-12,SAR,11138,5262,5876,7793,3139,206,ITG,ITG2,20,Sardegna,Sardegna,1639591,227215,13.86,0.68
3191,2021-04-23,SAR,12870,5748,7122,7245,5486,139,ITG,ITG2,20,Sardegna,Sardegna,1639591,240085,14.64,0.78
3192,2021-05-10,SAR,9741,4341,5400,7033,2538,170,ITG,ITG2,20,Sardegna,Sardegna,1639591,249826,15.24,0.59
3193,2021-01-30,SAR,3866,1393,2473,363,3503,0,ITG,ITG2,20,Sardegna,Sardegna,1639591,253692,15.47,0.24
3194,2021-03-09,SAR,5531,2740,2791,4746,728,57,ITG,ITG2,20,Sardegna,Sardegna,1639591,259223,15.81,0.34
3195,2021-05-05,SAR,10180,4652,5528,7954,2029,197,ITG,ITG2,20,Sardegna,Sardegna,1639591,269403,16.43,0.62
3196,2021-04-30,SAR,11136,5302,5834,6756,4207,173,ITG,ITG2,20,Sardegna,Sardegna,1639591,280539,17.11,0.68
3197,2021-05-17,SAR,12819,6261,6558,9127,3545,147,ITG,ITG2,20,Sardegna,Sardegna,1639591,293358,17.89,0.78
3198,2021-02-06,SAR,1973,700,1273,565,1405,3,ITG,ITG2,20,Sardegna,Sardegna,1639591,295331,18.01,0.12
3199,2021-02-23,SAR,1565,1043,522,1270,280,15,ITG,ITG2,20,Sardegna,Sardegna,1639591,296896,18.11,0.1
3200,2021-07-24,SAR,12386,6385,6001,1998,10361,27,ITG,ITG2,20,Sardegna,Sardegna,1639591,309282,18.86,0.76
3201,2021-05-02,SAR,5883,2669,3214,5214,577,92,ITG,ITG2,20,Sardegna,Sardegna,1639591,315165,19.22,0.36
3202,2021-06-26,SAR,19133,9005,10128,5445,13613,75,ITG,ITG2,20,Sardegna,Sardegna,1639591,334298,20.39,1.17
3203,2021-05-07,SAR,14472,6636,7836,9718,4525,229,ITG,ITG2,20,Sardegna,Sardegna,1639591,348770,21.27,0.88
3204,2021-01-27,SAR,1414,498,916,78,1336,0,ITG,ITG2,20,Sardegna,Sardegna,1639591,350184,21.36,0.09
3205,2021-07-13,SAR,17806,8524,9282,3253,14476,77,ITG,ITG2,20,Sardegna,Sardegna,1639591,367990,22.44,1.09
3206,2021-04-04,SAR,2,1,1,0,2,0,ITG,ITG2,20,Sardegna,Sardegna,1639591,367992,22.44,0.0
3207,2021-07-08,SAR,18444,8969,9475,3834,14526,84,ITG,ITG2,20,Sardegna,Sardegna,1639591,386436,23.57,1.12
3208,2021-07-25,SAR,4345,2142,2203,866,3464,15,ITG,ITG2,20,Sardegna,Sardegna,1639591,390781,23.83,0.27
3209,2021-04-16,SAR,14444,6487,7957,8941,5340,163,ITG,ITG2,20,Sardegna,Sardegna,1639591,405225,24.72,0.88
3210,2021-01-23,SAR,60,22,38,0,60,0,ITG,ITG2,20,Sardegna,Sardegna,1639591,405285,24.72,0.0
3211,2021-02-22,SAR,1638,948,690,1384,228,26,ITG,ITG2,20,Sardegna,Sardegna,1639591,406923,24.82,0.1
3212,2021-05-31,SAR,11366,5409,5957,8157,3110,99,ITG,ITG2,20,Sardegna,Sardegna,1639591,418289,25.51,0.69
3213,2021-07-27,SAR,16475,8352,8123,4212,12152,111,ITG,ITG2,20,Sardegna,Sardegna,1639591,434764,26.52,1.0
3214,2021-04-18,SAR,5131,2225,2906,2230,2873,28,ITG,ITG2,20,Sardegna,Sardegna,1639591,439895,26.83,0.31
3215,2021-01-08,SAR,3257,1184,2073,3255,0,2,ITG,ITG2,20,Sardegna,Sardegna,1639591,443152,27.03,0.2
3216,2020-12-28,SAR,66,26,40,66,0,0,ITG,ITG2,20,Sardegna,Sardegna,1639591,443218,27.03,0.0
3217,2021-06-14,SAR,13751,6643,7108,9998,3611,142,ITG,ITG2,20,Sardegna,Sardegna,1639591,456969,27.87,0.84
3218,2021-03-06,SAR,2635,1078,1557,781,1781,73,ITG,ITG2,20,Sardegna,Sardegna,1639591,459604,28.03,0.16
3219,2021-06-28,SAR,14992,7041,7951,3051,11876,65,ITG,ITG2,20,Sardegna,Sardegna,1639591,474596,28.95,0.91
3220,2021-04-06,SAR,7457,3121,4336,4971,2428,58,ITG,ITG2,20,Sardegna,Sardegna,1639591,482053,29.4,0.45
3221,2020-12-27,SAR,65,34,31,65,0,0,ITG,ITG2,20,Sardegna,Sardegna,1639591,482118,29.4,0.0
3222,2021-03-02,SAR,3034,1630,1404,1814,1153,67,ITG,ITG2,20,Sardegna,Sardegna,1639591,485152,29.59,0.19
3223,2021-04-28,SAR,9016,4278,4738,5167,3702,147,ITG,ITG2,20,Sardegna,Sardegna,1639591,494168,30.14,0.55
3224,2021-01-18,SAR,903,324,579,779,124,0,ITG,ITG2,20,Sardegna,Sardegna,1639591,495071,30.19,0.06
3225,2021-06-24,SAR,19196,9213,9983,8116,10979,101,ITG,ITG2,20,Sardegna,Sardegna,1639591,514267,31.37,1.17
3226,2021-03-16,SAR,4397,1954,2443,3434,923,40,ITG,ITG2,20,Sardegna,Sardegna,1639591,518664,31.63,0.27
3227,2021-04-21,SAR,12071,5553,6518,6439,5534,98,ITG,ITG2,20,Sardegna,Sardegna,1639591,530735,32.37,0.74
3228,2021-01-11,SAR,1182,504,678,1181,0,1,ITG,ITG2,20,Sardegna,Sardegna,1639591,531917,32.44,0.07
3229,2021-06-12,SAR,14756,7194,7562,9938,4702,116,ITG,ITG2,20,Sardegna,Sardegna,1639591,546673,33.34,0.9
3230,2021-03-04,SAR,4365,2295,2070,3056,1255,54,ITG,ITG2,20,Sardegna,Sardegna,1639591,551038,33.61,0.27
3231,2021-03-21,SAR,4032,1810,2222,2572,1440,20,ITG,ITG2,20,Sardegna,Sardegna,1639591,555070,33.85,0.25
3232,2021-02-08,SAR,1468,533,935,852,615,1,ITG,ITG2,20,Sardegna,Sardegna,1639591,556538,33.94,0.09
3233,2021-07-03,SAR,15841,7563,8278,3236,12574,31,ITG,ITG2,20,Sardegna,Sardegna,1639591,572379,34.91,0.97
3234,2021-03-25,SAR,9107,3970,5137,7688,1303,116,ITG,ITG2,20,Sardegna,Sardegna,1639591,581486,35.47,0.56
3235,2021-05-21,SAR,22643,11206,11437,16263,6100,280,ITG,ITG2,20,Sardegna,Sardegna,1639591,604129,36.85,1.38
3236,2021-03-18,SAR,7256,3074,4182,5575,1607,74,ITG,ITG2,20,Sardegna,Sardegna,1639591,611385,37.29,0.44
3237,2021-05-14,SAR,14571,6867,7704,10765,3643,163,ITG,ITG2,20,Sardegna,Sardegna,1639591,625956,38.18,0.89
3238,2021-02-03,SAR,1119,419,700,424,694,1,ITG,ITG2,20,Sardegna,Sardegna,1639591,627075,38.25,0.07
3239,2021-07-10,SAR,14233,6887,7346,2705,11495,33,ITG,ITG2,20,Sardegna,Sardegna,1639591,641308,39.11,0.87
3240,2021-03-11,SAR,6415,3085,3330,5147,1200,68,ITG,ITG2,20,Sardegna,Sardegna,1639591,647723,39.51,0.39
3241,2021-06-04,SAR,14491,6937,7554,9776,4558,157,ITG,ITG2,20,Sardegna,Sardegna,1639591,662214,40.39,0.88
3242,2021-06-21,SAR,14027,6736,7291,5129,8825,73,ITG,ITG2,20,Sardegna,Sardegna,1639591,676241,41.24,0.86
3243,2021-03-13,SAR,2756,1075,1681,2436,281,39,ITG,ITG2,20,Sardegna,Sardegna,1639591,678997,41.41,0.17
3244,2021-03-30,SAR,8758,3583,5175,6346,2274,138,ITG,ITG2,20,Sardegna,Sardegna,1639591,687755,41.95,0.53
3245,2021-01-06,SAR,1613,547,1066,1613,0,0,ITG,ITG2,20,Sardegna,Sardegna,1639591,689368,42.05,0.1
3246,2021-04-25,SAR,4500,2271,2229,3674,780,46,ITG,ITG2,20,Sardegna,Sardegna,1639591,693868,42.32,0.27
3247,2021-01-15,SAR,1559,572,987,1557,0,2,ITG,ITG2,20,Sardegna,Sardegna,1639591,695427,42.41,0.1
3248,2021-02-01,SAR,1523,605,918,224,1299,0,ITG,ITG2,20,Sardegna,Sardegna,1639591,696950,42.51,0.09
3249,2021-05-09,SAR,6129,2874,3255,5115,925,89,ITG,ITG2,20,Sardegna,Sardegna,1639591,703079,42.88,0.37
3250,2021-05-26,SAR,15533,8189,7344,9702,5647,184,ITG,ITG2,20,Sardegna,Sardegna,1639591,718612,43.83,0.95
3251,2021-02-15,SAR,955,347,608,918,31,6,ITG,ITG2,20,Sardegna,Sardegna,1639591,719567,43.89,0.06
3252,2021-06-17,SAR,18463,8530,9933,9920,8421,122,ITG,ITG2,20,Sardegna,Sardegna,1639591,738030,45.01,1.13
3253,2021-01-25,SAR,591,214,377,22,569,0,ITG,ITG2,20,Sardegna,Sardegna,1639591,738621,45.05,0.04
3254,2021-05-16,SAR,8221,3831,4390,5985,2160,76,ITG,ITG2,20,Sardegna,Sardegna,1639591,746842,45.55,0.5
3255,2021-07-12,SAR,15334,7413,7921,2403,12876,55,ITG,ITG2,20,Sardegna,Sardegna,1639591,762176,46.49,0.94
3256,2021-07-05,SAR,15584,7573,8011,3327,12208,49,ITG,ITG2,20,Sardegna,Sardegna,1639591,777760,47.44,0.95
3257,2021-02-05,SAR,1899,750,1149,430,1467,2,ITG,ITG2,20,Sardegna,Sardegna,1639591,779659,47.55,0.12
3258,2021-04-03,SAR,4676,1810,2866,2641,1970,65,ITG,ITG2,20,Sardegna,Sardegna,1639591,784335,47.84,0.29
3259,2021-05-30,SAR,9727,4836,4891,7300,2357,70,ITG,ITG2,20,Sardegna,Sardegna,1639591,794062,48.43,0.59
3260,2021-01-13,SAR,574,178,396,574,0,0,ITG,ITG2,20,Sardegna,Sardegna,1639591,794636,48.47,0.04
3261,2021-07-17,SAR,12871,6301,6570,3179,9625,67,ITG,ITG2,20,Sardegna,Sardegna,1639591,807507,49.25,0.79
3262,2021-01-20,SAR,210,77,133,208,2,0,ITG,ITG2,20,Sardegna,Sardegna,1639591,807717,49.26,0.01
3263,2021-03-29,SAR,4736,1845,2891,4071,588,77,ITG,ITG2,20,Sardegna,Sardegna,1639591,812453,49.55,0.29
3264,2021-04-15,SAR,11845,5538,6307,6778,4955,112,ITG,ITG2,20,Sardegna,Sardegna,1639591,824298,50.27,0.72
3265,2021-01-05,SAR,1321,443,878,1321,0,0,ITG,ITG2,20,Sardegna,Sardegna,1639591,825619,50.36,0.08
3266,2021-01-22,SAR,83,47,36,55,28,0,ITG,ITG2,20,Sardegna,Sardegna,1639591,825702,50.36,0.01
3267,2021-07-26,SAR,14596,7285,7311,4121,10399,76,ITG,ITG2,20,Sardegna,Sardegna,1639591,840298,51.25,0.89
3268,2021-04-17,SAR,10081,4501,5580,5403,4600,78,ITG,ITG2,20,Sardegna,Sardegna,1639591,850379,51.87,0.61
3269,2021-04-01,SAR,10154,4068,6086,7005,3013,136,ITG,ITG2,20,Sardegna,Sardegna,1639591,860533,52.48,0.62
3270,2021-07-21,SAR,19393,9499,9894,3912,15397,84,ITG,ITG2,20,Sardegna,Sardegna,1639591,879926,53.67,1.18
3271,2021-02-10,SAR,1958,765,1193,1434,518,6,ITG,ITG2,20,Sardegna,Sardegna,1639591,881884,53.79,0.12
3272,2021-04-12,SAR,6993,3180,3813,5216,1713,64,ITG,ITG2,20,Sardegna,Sardegna,1639591,888877,54.21,0.43
3273,2021-01-02,SAR,60,21,39,60,0,0,ITG,ITG2,20,Sardegna,Sardegna,1639591,888937,54.22,0.0
3274,2021-06-08,SAR,14831,7070,7761,11172,3506,153,ITG,ITG2,20,Sardegna,Sardegna,1639591,903768,55.12,0.9
3275,2021-02-28,SAR,367,169,198,139,226,2,ITG,ITG2,20,Sardegna,Sardegna,1639591,904135,55.14,0.02
3276,2021-04-26,SAR,6856,3274,3582,5865,903,88,ITG,ITG2,20,Sardegna,Sardegna,1639591,910991,55.56,0.42
3277,2021-06-23,SAR,20546,9671,10875,6193,14261,92,ITG,ITG2,20,Sardegna,Sardegna,1639591,931537,56.82,1.25
3278,2021-05-18,SAR,14752,7378,7374,9445,5201,106,ITG,ITG2,20,Sardegna,Sardegna,1639591,946289,57.71,0.9
3279,2021-02-24,SAR,2412,1295,1117,2183,193,36,ITG,ITG2,20,Sardegna,Sardegna,1639591,948701,57.86,0.15
3280,2021-06-06,SAR,10034,5001,5033,6314,3651,69,ITG,ITG2,20,Sardegna,Sardegna,1639591,958735,58.47,0.61
3281,2021-03-20,SAR,5194,2075,3119,2891,2277,26,ITG,ITG2,20,Sardegna,Sardegna,1639591,963929,58.79,0.32
3282,2021-06-13,SAR,9500,4676,4824,6159,3261,80,ITG,ITG2,20,Sardegna,Sardegna,1639591,973429,59.37,0.58
3283,2021-05-28,SAR,17955,8700,9255,13491,4276,188,ITG,ITG2,20,Sardegna,Sardegna,1639591,991384,60.47,1.1
3284,2021-02-17,SAR,1404,577,827,1273,74,57,ITG,ITG2,20,Sardegna,Sardegna,1639591,992788,60.55,0.09
3285,2021-05-25,SAR,15142,7704,7438,8490,6476,176,ITG,ITG2,20,Sardegna,Sardegna,1639591,1007930,61.47,0.92
3286,2021-06-11,SAR,14779,7024,7755,9089,5537,153,ITG,ITG2,20,Sardegna,Sardegna,1639591,1022709,62.38,0.9
3287,2021-03-03,SAR,4112,2277,1835,2739,1297,76,ITG,ITG2,20,Sardegna,Sardegna,1639591,1026821,62.63,0.25
3288,2021-02-19,SAR,1498,471,1027,1398,56,44,ITG,ITG2,20,Sardegna,Sardegna,1639591,1028319,62.72,0.09
3289,2021-03-27,SAR,5734,2191,3543,5225,422,87,ITG,ITG2,20,Sardegna,Sardegna,1639591,1034053,63.07,0.35
3290,2021-05-23,SAR,9968,4808,5160,7626,2246,96,ITG,ITG2,20,Sardegna,Sardegna,1639591,1044021,63.68,0.61
3291,2021-02-12,SAR,2236,933,1303,2172,59,5,ITG,ITG2,20,Sardegna,Sardegna,1639591,1046257,63.81,0.14
3292,2021-07-19,SAR,14730,7394,7336,2705,11975,50,ITG,ITG2,20,Sardegna,Sardegna,1639591,1060987,64.71,0.9
3293,2021-04-10,SAR,10496,4748,5748,8455,1940,101,ITG,ITG2,20,Sardegna,Sardegna,1639591,1071483,65.35,0.64
3294,2021-01-29,SAR,2958,1071,1887,45,2911,2,ITG,ITG2,20,Sardegna,Sardegna,1639591,1074441,65.53,0.18
3295,2021-01-28,SAR,2974,1045,1929,69,2905,0,ITG,ITG2,20,Sardegna,Sardegna,1639591,1077415,65.71,0.18
3296,2021-06-01,SAR,14319,6654,7665,9636,4589,94,ITG,ITG2,20,Sardegna,Sardegna,1639591,1091734,66.59,0.87
3297,2021-02-21,SAR,1588,709,879,1557,30,1,ITG,ITG2,20,Sardegna,Sardegna,1639591,1093322,66.68,0.1
3298,2021-07-28,SAR,7675,3898,3777,2818,4800,57,ITG,ITG2,20,Sardegna,Sardegna,1639591,1100997,67.15,0.47
3299,2021-04-19,SAR,10185,4622,5563,8626,1427,132,ITG,ITG2,20,Sardegna,Sardegna,1639591,1111182,67.77,0.62
3300,2021-01-09,SAR,4013,1414,2599,4013,0,0,ITG,ITG2,20,Sardegna,Sardegna,1639591,1115195,68.02,0.24
3301,2021-06-15,SAR,14689,6805,7884,9815,4739,135,ITG,ITG2,20,Sardegna,Sardegna,1639591,1129884,68.91,0.9
3302,2021-03-07,SAR,1658,751,907,1113,541,4,ITG,ITG2,20,Sardegna,Sardegna,1639591,1131542,69.01,0.1
3303,2021-06-02,SAR,9786,4692,5094,8060,1640,86,ITG,ITG2,20,Sardegna,Sardegna,1639591,1141328,69.61,0.6
3304,2021-04-20,SAR,11004,4996,6008,7693,3219,92,ITG,ITG2,20,Sardegna,Sardegna,1639591,1152332,70.28,0.67
3305,2021-02-20,SAR,2040,854,1186,1683,334,23,ITG,ITG2,20,Sardegna,Sardegna,1639591,1154372,70.41,0.12
3306,2021-04-29,SAR,11120,5106,6014,6616,4352,152,ITG,ITG2,20,Sardegna,Sardegna,1639591,1165492,71.08,0.68
3307,2021-06-25,SAR,16506,7809,8697,3895,12554,57,ITG,ITG2,20,Sardegna,Sardegna,1639591,1181998,72.09,1.01
3308,2021-01-10,SAR,2177,748,1429,2177,0,0,ITG,ITG2,20,Sardegna,Sardegna,1639591,1184175,72.22,0.13
3309,2021-01-03,SAR,90,36,54,90,0,0,ITG,ITG2,20,Sardegna,Sardegna,1639591,1184265,72.23,0.01
3310,2021-07-07,SAR,15905,7728,8177,4085,11769,51,ITG,ITG2,20,Sardegna,Sardegna,1639591,1200170,73.2,0.97
3311,2021-06-30,SAR,17781,8518,9263,4814,12886,81,ITG,ITG2,20,Sardegna,Sardegna,1639591,1217951,74.28,1.08
3312,2021-03-22,SAR,3687,1492,2195,3099,513,75,ITG,ITG2,20,Sardegna,Sardegna,1639591,1221638,74.51,0.22
3313,2021-04-08,SAR,13439,5937,7502,8209,5121,109,ITG,ITG2,20,Sardegna,Sardegna,1639591,1235077,75.33,0.82
3314,2021-07-14,SAR,16910,8191,8719,3775,13024,111,ITG,ITG2,20,Sardegna,Sardegna,1639591,1251987,76.36,1.03
3315,2020-12-29,SAR,57,32,25,57,0,0,ITG,ITG2,20,Sardegna,Sardegna,1639591,1252044,76.36,0.0
3316,2021-04-22,SAR,10505,4662,5843,5502,4919,84,ITG,ITG2,20,Sardegna,Sardegna,1639591,1262549,77.0,0.64
3317,2021-01-12,SAR,865,408,457,865,0,0,ITG,ITG2,20,Sardegna,Sardegna,1639591,1263414,77.06,0.05
3318,2021-05-11,SAR,8925,4153,4772,6400,2398,127,ITG,ITG2,20,Sardegna,Sardegna,1639591,1272339,77.6,0.54
3319,2021-01-31,SAR,2117,749,1368,45,2072,0,ITG,ITG2,20,Sardegna,Sardegna,1639591,1274456,77.73,0.13
3320,2021-02-14,SAR,538,263,275,536,2,0,ITG,ITG2,20,Sardegna,Sardegna,1639591,1274994,77.76,0.03
3321,2021-07-18,SAR,5691,2873,2818,981,4700,10,ITG,ITG2,20,Sardegna,Sardegna,1639591,1280685,78.11,0.35
3322,2021-04-05,SAR,2035,783,1252,2003,1,31,ITG,ITG2,20,Sardegna,Sardegna,1639591,1282720,78.23,0.12
3323,2021-07-23,SAR,15752,7782,7970,3399,12275,78,ITG,ITG2,20,Sardegna,Sardegna,1639591,1298472,79.19,0.96
3324,2021-04-14,SAR,8263,3907,4356,6965,1238,60,ITG,ITG2,20,Sardegna,Sardegna,1639591,1306735,79.7,0.5
3325,2021-05-01,SAR,9916,4765,5151,5368,4456,92,ITG,ITG2,20,Sardegna,Sardegna,1639591,1316651,80.3,0.6
3326,2021-01-21,SAR,127,61,66,94,33,0,ITG,ITG2,20,Sardegna,Sardegna,1639591,1316778,80.31,0.01
3327,2021-02-07,SAR,1119,396,723,227,891,1,ITG,ITG2,20,Sardegna,Sardegna,1639591,1317897,80.38,0.07
3328,2021-05-03,SAR,8196,3825,4371,6493,1599,104,ITG,ITG2,20,Sardegna,Sardegna,1639591,1326093,80.88,0.5
3329,2021-05-20,SAR,16366,7883,8483,11271,4895,200,ITG,ITG2,20,Sardegna,Sardegna,1639591,1342459,81.88,1.0
3330,2021-02-09,SAR,2285,835,1450,1284,996,5,ITG,ITG2,20,Sardegna,Sardegna,1639591,1344744,82.02,0.14
3331,2021-02-26,SAR,2798,1105,1693,2444,306,48,ITG,ITG2,20,Sardegna,Sardegna,1639591,1347542,82.19,0.17
3332,2021-01-07,SAR,3103,1072,2031,3099,0,4,ITG,ITG2,20,Sardegna,Sardegna,1639591,1350645,82.38,0.19
3333,2021-06-10,SAR,17809,8477,9332,11643,6040,126,ITG,ITG2,20,Sardegna,Sardegna,1639591,1368454,83.46,1.09
3334,2021-06-29,SAR,17891,8605,9286,3755,14088,48,ITG,ITG2,20,Sardegna,Sardegna,1639591,1386345,84.55,1.09
3335,2021-06-22,SAR,19352,8997,10355,7179,12070,103,ITG,ITG2,20,Sardegna,Sardegna,1639591,1405697,85.73,1.18
3336,2021-07-09,SAR,15876,7600,8276,3433,12363,80,ITG,ITG2,20,Sardegna,Sardegna,1639591,1421573,86.7,0.97
3337,2021-03-31,SAR,10255,4149,6106,7702,2431,122,ITG,ITG2,20,Sardegna,Sardegna,1639591,1431828,87.33,0.63
3338,2021-06-03,SAR,16395,7644,8751,10566,5689,140,ITG,ITG2,20,Sardegna,Sardegna,1639591,1448223,88.33,1.0
3339,2021-06-20,SAR,6292,2805,3487,3636,2624,32,ITG,ITG2,20,Sardegna,Sardegna,1639591,1454515,88.71,0.38
3340,2021-03-12,SAR,5971,2618,3353,4519,1307,145,ITG,ITG2,20,Sardegna,Sardegna,1639591,1460486,89.08,0.36
3341,2021-07-02,SAR,18931,8890,10041,4406,14429,96,ITG,ITG2,20,Sardegna,Sardegna,1639591,1479417,90.23,1.15
3342,2021-04-27,SAR,7619,3554,4065,5477,2042,100,ITG,ITG2,20,Sardegna,Sardegna,1639591,1487036,90.7,0.46
3343,2021-01-17,SAR,859,277,582,858,1,0,ITG,ITG2,20,Sardegna,Sardegna,1639591,1487895,90.75,0.05
3344,2021-03-15,SAR,2797,1317,1480,2383,374,40,ITG,ITG2,20,Sardegna,Sardegna,1639591,1490692,90.92,0.17
3345,2021-07-04,SAR,8207,3988,4219,2069,6123,15,ITG,ITG2,20,Sardegna,Sardegna,1639591,1498899,91.42,0.5
3346,2021-03-26,SAR,8462,3516,4946,6811,1529,122,ITG,ITG2,20,Sardegna,Sardegna,1639591,1507361,91.94,0.52
3347,2021-05-22,SAR,24841,11953,12888,19398,5139,304,ITG,ITG2,20,Sardegna,Sardegna,1639591,1532202,93.45,1.52
3348,2021-01-19,SAR,746,269,477,690,55,1,ITG,ITG2,20,Sardegna,Sardegna,1639591,1532948,93.5,0.05
3349,2021-03-17,SAR,6549,2846,3703,4904,1608,37,ITG,ITG2,20,Sardegna,Sardegna,1639591,1539497,93.9,0.4
3350,2021-06-27,SAR,9018,4310,4708,2956,6034,28,ITG,ITG2,20,Sardegna,Sardegna,1639591,1548515,94.45,0.55
3351,2020-12-31,SAR,32,16,16,32,0,0,ITG,ITG2,20,Sardegna,Sardegna,1639591,1548547,94.45,0.0
3352,2021-03-24,SAR,7394,3105,4289,5905,1356,133,ITG,ITG2,20,Sardegna,Sardegna,1639591,1555941,94.9,0.45
3353,2021-05-27,SAR,17824,9261,8563,12082,5534,208,ITG,ITG2,20,Sardegna,Sardegna,1639591,1573765,95.99,1.09
3354,2021-02-16,SAR,699,289,410,663,27,9,ITG,ITG2,20,Sardegna,Sardegna,1639591,1574464,96.03,0.04
3355,2021-03-05,SAR,5204,2603,2601,2814,2354,36,ITG,ITG2,20,Sardegna,Sardegna,1639591,1579668,96.35,0.32
3356,2021-03-19,SAR,7260,3045,4215,4991,2216,53,ITG,ITG2,20,Sardegna,Sardegna,1639591,1586928,96.79,0.44
3357,2021-07-16,SAR,16934,8474,8460,4551,12249,134,ITG,ITG2,20,Sardegna,Sardegna,1639591,1603862,97.82,1.03
3358,2021-04-07,SAR,13548,6051,7497,7824,5656,68,ITG,ITG2,20,Sardegna,Sardegna,1639591,1617410,98.65,0.83
3359,2021-04-24,SAR,10360,4848,5512,7890,2342,128,ITG,ITG2,20,Sardegna,Sardegna,1639591,1627770,99.28,0.63
3360,2021-01-14,SAR,1105,425,680,1105,0,0,ITG,ITG2,20,Sardegna,Sardegna,1639591,1628875,99.35,0.07
3361,2021-06-16,SAR,17635,8277,9358,12169,5305,161,ITG,ITG2,20,Sardegna,Sardegna,1639591,1646510,100.42,1.08
3362,2021-01-01,SAR,32,17,15,32,0,0,ITG,ITG2,20,Sardegna,Sardegna,1639591,1646542,100.42,0.0
3363,2021-02-27,SAR,1916,643,1273,1318,557,41,ITG,ITG2,20,Sardegna,Sardegna,1639591,1648458,100.54,0.12
3364,2021-07-22,SAR,18320,9257,9063,4502,13709,109,ITG,ITG2,20,Sardegna,Sardegna,1639591,1666778,101.66,1.12
3365,2021-04-13,SAR,7618,3597,4021,5734,1825,59,ITG,ITG2,20,Sardegna,Sardegna,1639591,1674396,102.12,0.46
3366,2021-06-09,SAR,15463,7368,8095,11575,3739,149,ITG,ITG2,20,Sardegna,Sardegna,1639591,1689859,103.07,0.94
3367,2021-03-08,SAR,4687,2434,2253,3421,1222,44,ITG,ITG2,20,Sardegna,Sardegna,1639591,1694546,103.35,0.29
3368,2021-05-04,SAR,9543,4387,5156,7542,1854,147,ITG,ITG2,20,Sardegna,Sardegna,1639591,1704089,103.93,0.58
3369,2021-01-24,SAR,90,34,56,5,85,0,ITG,ITG2,20,Sardegna,Sardegna,1639591,1704179,103.94,0.01
3370,2021-06-18,SAR,16485,7506,8979,8604,7766,115,ITG,ITG2,20,Sardegna,Sardegna,1639591,1720664,104.94,1.01
3371,2021-03-10,SAR,6054,2956,3098,5137,853,64,ITG,ITG2,20,Sardegna,Sardegna,1639591,1726718,105.31,0.37
3372,2021-05-06,SAR,12954,6011,6943,9567,3148,239,ITG,ITG2,20,Sardegna,Sardegna,1639591,1739672,106.1,0.79
3373,2021-03-01,SAR,2268,1156,1112,1582,659,27,ITG,ITG2,20,Sardegna,Sardegna,1639591,1741940,106.24,0.14
3374,2021-05-13,SAR,12375,5863,6512,8728,3446,201,ITG,ITG2,20,Sardegna,Sardegna,1639591,1754315,107.0,0.75
3375,2021-02-02,SAR,1500,670,830,257,1243,0,ITG,ITG2,20,Sardegna,Sardegna,1639591,1755815,107.09,0.09
3376,2021-05-15,SAR,13795,6426,7369,10198,3433,164,ITG,ITG2,20,Sardegna,Sardegna,1639591,1769610,107.93,0.84
3377,2021-07-11,SAR,6378,3118,3260,1424,4919,35,ITG,ITG2,20,Sardegna,Sardegna,1639591,1775988,108.32,0.39
3378,2021-01-26,SAR,1337,454,883,27,1310,0,ITG,ITG2,20,Sardegna,Sardegna,1639591,1777325,108.4,0.08
3379,2021-05-08,SAR,13089,5972,7117,10669,2286,134,ITG,ITG2,20,Sardegna,Sardegna,1639591,1790414,109.2,0.8
3380,2021-01-22,ABR,118,57,61,118,0,0,ITF,ITF1,13,Abruzzo,Abruzzo,1304970,118,0.01,0.01
3381,2021-01-03,ABR,471,185,286,469,0,2,ITF,ITF1,13,Abruzzo,Abruzzo,1304970,589,0.05,0.04
3382,2021-02-10,ABR,946,311,635,492,444,10,ITF,ITF1,13,Abruzzo,Abruzzo,1304970,1535,0.12,0.07
3383,2021-05-04,ABR,10861,5100,5761,7056,3615,190,ITF,ITF1,13,Abruzzo,Abruzzo,1304970,12396,0.95,0.83
3384,2021-03-08,ABR,5151,1693,3458,4089,971,91,ITF,ITF1,13,Abruzzo,Abruzzo,1304970,17547,1.34,0.39
3385,2021-01-24,ABR,50,22,28,6,44,0,ITF,ITF1,13,Abruzzo,Abruzzo,1304970,17597,1.35,0.0
3386,2021-03-01,ABR,3478,1385,2093,2704,751,23,ITF,ITF1,13,Abruzzo,Abruzzo,1304970,21075,1.61,0.27
3387,2021-06-18,ABR,10184,5002,5182,6549,3488,147,ITF,ITF1,13,Abruzzo,Abruzzo,1304970,31259,2.4,0.78
3388,2021-02-22,ABR,2643,1174,1469,2588,30,25,ITF,ITF1,13,Abruzzo,Abruzzo,1304970,33902,2.6,0.2
3389,2021-02-05,ABR,1534,521,1013,772,746,16,ITF,ITF1,13,Abruzzo,Abruzzo,1304970,35436,2.72,0.12
3390,2021-05-16,ABR,9577,4136,5441,5646,3813,118,ITF,ITF1,13,Abruzzo,Abruzzo,1304970,45013,3.45,0.73
3391,2021-06-04,ABR,15639,7393,8246,10760,4694,185,ITF,ITF1,13,Abruzzo,Abruzzo,1304970,60652,4.65,1.2
3392,2021-05-18,ABR,12109,5660,6449,7563,4379,167,ITF,ITF1,13,Abruzzo,Abruzzo,1304970,72761,5.58,0.93
3393,2021-02-24,ABR,3306,1442,1864,3112,177,17,ITF,ITF1,13,Abruzzo,Abruzzo,1304970,76067,5.83,0.25
3394,2021-01-10,ABR,1139,409,730,1135,0,4,ITF,ITF1,13,Abruzzo,Abruzzo,1304970,77206,5.92,0.09
3395,2021-04-29,ABR,12678,5851,6827,9282,3094,302,ITF,ITF1,13,Abruzzo,Abruzzo,1304970,89884,6.89,0.97
3396,2021-06-25,ABR,11059,5477,5582,4904,6012,143,ITF,ITF1,13,Abruzzo,Abruzzo,1304970,100943,7.74,0.85
3397,2021-01-15,ABR,380,150,230,366,0,14,ITF,ITF1,13,Abruzzo,Abruzzo,1304970,101323,7.76,0.03
3398,2021-04-27,ABR,9087,4369,4718,6506,2469,112,ITF,ITF1,13,Abruzzo,Abruzzo,1304970,110410,8.46,0.7
3399,2020-12-27,ABR,42,22,20,42,0,0,ITF,ITF1,13,Abruzzo,Abruzzo,1304970,110452,8.46,0.0
3400,2021-03-20,ABR,4794,2199,2595,2560,2172,62,ITF,ITF1,13,Abruzzo,Abruzzo,1304970,115246,8.83,0.37
3401,2021-06-13,ABR,9842,4923,4919,7846,1831,165,ITF,ITF1,13,Abruzzo,Abruzzo,1304970,125088,9.59,0.75
3402,2021-03-03,ABR,4640,1898,2742,3711,906,23,ITF,ITF1,13,Abruzzo,Abruzzo,1304970,129728,9.94,0.36
3403,2021-07-14,ABR,13718,6795,6923,2435,11132,151,ITF,ITF1,13,Abruzzo,Abruzzo,1304970,143446,10.99,1.05
3404,2021-04-08,ABR,7394,3336,4058,4935,2330,129,ITF,ITF1,13,Abruzzo,Abruzzo,1304970,150840,11.56,0.57
3405,2021-04-22,ABR,6732,3249,3483,4830,1728,174,ITF,ITF1,13,Abruzzo,Abruzzo,1304970,157572,12.07,0.52
3406,2021-03-22,ABR,4344,1908,2436,2311,1970,63,ITF,ITF1,13,Abruzzo,Abruzzo,1304970,161916,12.41,0.33
3407,2021-06-30,ABR,11142,5423,5719,4493,6483,166,ITF,ITF1,13,Abruzzo,Abruzzo,1304970,173058,13.26,0.85
3408,2021-05-30,ABR,8659,4110,4549,5326,3254,79,ITF,ITF1,13,Abruzzo,Abruzzo,1304970,181717,13.92,0.66
3409,2021-04-03,ABR,5160,2257,2903,3484,1597,79,ITF,ITF1,13,Abruzzo,Abruzzo,1304970,186877,14.32,0.4
3410,2021-07-26,ABR,14211,7424,6787,3850,10163,198,ITF,ITF1,13,Abruzzo,Abruzzo,1304970,201088,15.41,1.09
3411,2021-07-12,ABR,15076,7458,7618,2362,12599,115,ITF,ITF1,13,Abruzzo,Abruzzo,1304970,216164,16.56,1.16
3412,2021-03-27,ABR,6123,2621,3502,3565,2487,71,ITF,ITF1,13,Abruzzo,Abruzzo,1304970,222287,17.03,0.47
3413,2021-01-05,ABR,1616,604,1012,1611,0,5,ITF,ITF1,13,Abruzzo,Abruzzo,1304970,223903,17.16,0.12
3414,2021-04-15,ABR,7822,3680,4142,5833,1840,149,ITF,ITF1,13,Abruzzo,Abruzzo,1304970,231725,17.76,0.6
3415,2021-07-07,ABR,12015,5892,6123,4027,7750,238,ITF,ITF1,13,Abruzzo,Abruzzo,1304970,243740,18.68,0.92
3416,2021-07-09,ABR,13606,6792,6814,2893,10579,134,ITF,ITF1,13,Abruzzo,Abruzzo,1304970,257346,19.72,1.04
3417,2021-07-21,ABR,11077,5718,5359,2429,8515,133,ITF,ITF1,13,Abruzzo,Abruzzo,1304970,268423,20.57,0.85
3418,2021-02-03,ABR,2063,717,1346,411,1644,8,ITF,ITF1,13,Abruzzo,Abruzzo,1304970,270486,20.73,0.16
3419,2021-02-28,ABR,1704,510,1194,1668,2,34,ITF,ITF1,13,Abruzzo,Abruzzo,1304970,272190,20.86,0.13
3420,2021-01-02,ABR,552,220,332,551,0,1,ITF,ITF1,13,Abruzzo,Abruzzo,1304970,272742,20.9,0.04
3421,2021-06-08,ABR,12868,6623,6245,10434,2195,239,ITF,ITF1,13,Abruzzo,Abruzzo,1304970,285610,21.89,0.99
3422,2021-04-26,ABR,8564,4068,4496,7143,1213,208,ITF,ITF1,13,Abruzzo,Abruzzo,1304970,294174,22.54,0.66
3423,2021-06-01,ABR,11001,4879,6122,6512,4369,120,ITF,ITF1,13,Abruzzo,Abruzzo,1304970,305175,23.39,0.84
3424,2021-02-02,ABR,1763,668,1095,218,1541,4,ITF,ITF1,13,Abruzzo,Abruzzo,1304970,306938,23.52,0.14
3425,2021-05-13,ABR,11148,5042,6106,6960,3960,228,ITF,ITF1,13,Abruzzo,Abruzzo,1304970,318086,24.37,0.85
3426,2021-03-31,ABR,6717,2941,3776,4556,2069,92,ITF,ITF1,13,Abruzzo,Abruzzo,1304970,324803,24.89,0.51
3427,2021-05-15,ABR,11427,5179,6248,5947,5304,176,ITF,ITF1,13,Abruzzo,Abruzzo,1304970,336230,25.77,0.88
3428,2021-01-19,ABR,111,55,56,90,20,1,ITF,ITF1,13,Abruzzo,Abruzzo,1304970,336341,25.77,0.01
3429,2021-02-07,ABR,779,308,471,200,578,1,ITF,ITF1,13,Abruzzo,Abruzzo,1304970,337120,25.83,0.06
3430,2021-07-02,ABR,11844,5947,5897,4834,6827,183,ITF,ITF1,13,Abruzzo,Abruzzo,1304970,348964,26.74,0.91
3431,2021-03-15,ABR,3682,1446,2236,1843,1808,31,ITF,ITF1,13,Abruzzo,Abruzzo,1304970,352646,27.02,0.28
3432,2021-01-17,ABR,188,59,129,180,7,1,ITF,ITF1,13,Abruzzo,Abruzzo,1304970,352834,27.04,0.01
3433,2021-06-23,ABR,11011,5282,5729,5581,5284,146,ITF,ITF1,13,Abruzzo,Abruzzo,1304970,363845,27.88,0.84
3434,2021-01-29,ABR,1388,449,939,73,1314,1,ITF,ITF1,13,Abruzzo,Abruzzo,1304970,365233,27.99,0.11
3435,2021-05-27,ABR,13319,6104,7215,8315,4829,175,ITF,ITF1,13,Abruzzo,Abruzzo,1304970,378552,29.01,1.02
3436,2021-02-12,ABR,1228,567,661,1026,189,13,ITF,ITF1,13,Abruzzo,Abruzzo,1304970,379780,29.1,0.09
3437,2021-07-19,ABR,11776,5984,5792,2665,8941,170,ITF,ITF1,13,Abruzzo,Abruzzo,1304970,391556,30.0,0.9
3438,2021-05-23,ABR,9883,4696,5187,7069,2692,122,ITF,ITF1,13,Abruzzo,Abruzzo,1304970,401439,30.76,0.76
3439,2021-06-06,ABR,11149,5307,5842,8778,2242,129,ITF,ITF1,13,Abruzzo,Abruzzo,1304970,412588,31.62,0.85
3440,2021-04-10,ABR,8776,4059,4717,6128,2509,139,ITF,ITF1,13,Abruzzo,Abruzzo,1304970,421364,32.29,0.67
3441,2021-02-17,ABR,2071,948,1123,1780,282,9,ITF,ITF1,13,Abruzzo,Abruzzo,1304970,423435,32.45,0.16
3442,2021-06-11,ABR,11776,5851,5925,8832,2761,183,ITF,ITF1,13,Abruzzo,Abruzzo,1304970,435211,33.35,0.9
3443,2021-05-11,ABR,10763,5118,5645,5735,4852,176,ITF,ITF1,13,Abruzzo,Abruzzo,1304970,445974,34.18,0.82
3444,2021-06-22,ABR,10415,4882,5533,5387,4848,180,ITF,ITF1,13,Abruzzo,Abruzzo,1304970,456389,34.97,0.8
3445,2021-04-19,ABR,6232,2862,3370,3787,2373,72,ITF,ITF1,13,Abruzzo,Abruzzo,1304970,462621,35.45,0.48
3446,2021-02-21,ABR,1218,550,668,1193,1,24,ITF,ITF1,13,Abruzzo,Abruzzo,1304970,463839,35.54,0.09
3447,2021-07-28,ABR,5598,2868,2730,1115,4427,56,ITF,ITF1,13,Abruzzo,Abruzzo,1304970,469437,35.97,0.43
3448,2021-06-15,ABR,11320,5560,5760,8679,2432,209,ITF,ITF1,13,Abruzzo,Abruzzo,1304970,480757,36.84,0.87
3449,2021-04-12,ABR,6239,2958,3281,4986,1174,79,ITF,ITF1,13,Abruzzo,Abruzzo,1304970,486996,37.32,0.48
3450,2021-07-23,ABR,12536,6440,6096,2856,9522,158,ITF,ITF1,13,Abruzzo,Abruzzo,1304970,499532,38.28,0.96
3451,2021-01-21,ABR,157,47,110,157,0,0,ITF,ITF1,13,Abruzzo,Abruzzo,1304970,499689,38.29,0.01
3452,2021-05-01,ABR,10738,5044,5694,5629,4977,132,ITF,ITF1,13,Abruzzo,Abruzzo,1304970,510427,39.11,0.82
3453,2021-05-20,ABR,12805,5927,6878,7413,5266,126,ITF,ITF1,13,Abruzzo,Abruzzo,1304970,523232,40.1,0.98
3454,2021-03-19,ABR,5796,2584,3212,2732,3023,41,ITF,ITF1,13,Abruzzo,Abruzzo,1304970,529028,40.54,0.44
3455,2021-03-05,ABR,5348,1958,3390,4591,697,60,ITF,ITF1,13,Abruzzo,Abruzzo,1304970,534376,40.95,0.41
3456,2021-06-27,ABR,8373,4304,4069,5020,3212,141,ITF,ITF1,13,Abruzzo,Abruzzo,1304970,542749,41.59,0.64
3457,2021-04-07,ABR,7223,3334,3889,4314,2784,125,ITF,ITF1,13,Abruzzo,Abruzzo,1304970,549972,42.14,0.55
3458,2021-07-16,ABR,16147,8236,7911,2472,13559,116,ITF,ITF1,13,Abruzzo,Abruzzo,1304970,566119,43.38,1.24
3459,2021-05-08,ABR,10289,4869,5420,6338,3831,120,ITF,ITF1,13,Abruzzo,Abruzzo,1304970,576408,44.17,0.79
3460,2021-04-17,ABR,7356,3401,3955,4215,3051,90,ITF,ITF1,13,Abruzzo,Abruzzo,1304970,583764,44.73,0.56
3461,2021-02-19,ABR,3299,1551,1748,3160,100,39,ITF,ITF1,13,Abruzzo,Abruzzo,1304970,587063,44.99,0.25
3462,2021-01-07,ABR,1605,553,1052,1598,0,7,ITF,ITF1,13,Abruzzo,Abruzzo,1304970,588668,45.11,0.12
3463,2021-02-26,ABR,3925,1680,2245,2930,969,26,ITF,ITF1,13,Abruzzo,Abruzzo,1304970,592593,45.41,0.3
3464,2021-01-18,ABR,133,56,77,46,87,0,ITF,ITF1,13,Abruzzo,Abruzzo,1304970,592726,45.42,0.01
3465,2021-06-24,ABR,10862,5409,5453,5724,4970,168,ITF,ITF1,13,Abruzzo,Abruzzo,1304970,603588,46.25,0.83
3466,2021-04-28,ABR,9511,4587,4924,7316,2022,173,ITF,ITF1,13,Abruzzo,Abruzzo,1304970,613099,46.98,0.73
3467,2021-04-05,ABR,2693,1147,1546,1732,879,82,ITF,ITF1,13,Abruzzo,Abruzzo,1304970,615792,47.19,0.21
3468,2021-01-12,ABR,1805,667,1138,1791,0,14,ITF,ITF1,13,Abruzzo,Abruzzo,1304970,617597,47.33,0.14
3469,2021-05-25,ABR,11423,5325,6098,8087,3138,198,ITF,ITF1,13,Abruzzo,Abruzzo,1304970,629020,48.2,0.88
3470,2021-03-29,ABR,5707,2598,3109,3019,2639,49,ITF,ITF1,13,Abruzzo,Abruzzo,1304970,634727,48.64,0.44
3471,2021-06-03,ABR,13195,6284,6911,9248,3776,171,ITF,ITF1,13,Abruzzo,Abruzzo,1304970,647922,49.65,1.01
3472,2021-03-12,ABR,6045,1995,4050,4356,1611,78,ITF,ITF1,13,Abruzzo,Abruzzo,1304970,653967,50.11,0.46
3473,2021-06-20,ABR,8442,4236,4206,5410,2929,103,ITF,ITF1,13,Abruzzo,Abruzzo,1304970,662409,50.76,0.65
3474,2021-03-14,ABR,1884,731,1153,1201,667,16,ITF,ITF1,13,Abruzzo,Abruzzo,1304970,664293,50.9,0.14
3475,2021-02-25,ABR,3054,1342,1712,2506,530,18,ITF,ITF1,13,Abruzzo,Abruzzo,1304970,667347,51.14,0.23
3476,2021-06-05,ABR,14614,6863,7751,10369,4045,200,ITF,ITF1,13,Abruzzo,Abruzzo,1304970,681961,52.26,1.12
3477,2021-01-16,ABR,936,430,506,928,0,8,ITF,ITF1,13,Abruzzo,Abruzzo,1304970,682897,52.33,0.07
3478,2021-03-07,ABR,2523,630,1893,2483,0,40,ITF,ITF1,13,Abruzzo,Abruzzo,1304970,685420,52.52,0.19
3479,2021-01-09,ABR,1484,566,918,1472,0,12,ITF,ITF1,13,Abruzzo,Abruzzo,1304970,686904,52.64,0.11
3480,2021-05-07,ABR,12201,5712,6489,7667,4413,121,ITF,ITF1,13,Abruzzo,Abruzzo,1304970,699105,53.57,0.93
3481,2021-06-19,ABR,10558,5201,5357,6487,3899,172,ITF,ITF1,13,Abruzzo,Abruzzo,1304970,709663,54.38,0.81
3482,2021-03-28,ABR,2421,1018,1403,1994,377,50,ITF,ITF1,13,Abruzzo,Abruzzo,1304970,712084,54.57,0.19
3483,2021-07-06,ABR,9921,4944,4977,4096,5660,165,ITF,ITF1,13,Abruzzo,Abruzzo,1304970,722005,55.33,0.76
3484,2021-04-14,ABR,6595,2951,3644,4342,2121,132,ITF,ITF1,13,Abruzzo,Abruzzo,1304970,728600,55.83,0.51
3485,2021-01-04,ABR,1403,576,827,1397,0,6,ITF,ITF1,13,Abruzzo,Abruzzo,1304970,730003,55.94,0.11
3486,2021-01-23,ABR,264,115,149,51,207,6,ITF,ITF1,13,Abruzzo,Abruzzo,1304970,730267,55.96,0.02
3487,2021-05-03,ABR,11145,5256,5889,7134,3832,179,ITF,ITF1,13,Abruzzo,Abruzzo,1304970,741412,56.81,0.85
3488,2021-07-25,ABR,9863,5219,4644,2177,7563,123,ITF,ITF1,13,Abruzzo,Abruzzo,1304970,751275,57.57,0.76
3489,2021-07-08,ABR,13495,6680,6815,3418,9913,164,ITF,ITF1,13,Abruzzo,Abruzzo,1304970,764770,58.6,1.03
3490,2021-04-16,ABR,7537,3487,4050,5497,1916,124,ITF,ITF1,13,Abruzzo,Abruzzo,1304970,772307,59.18,0.58
3491,2021-04-24,ABR,8729,3975,4754,6944,1531,254,ITF,ITF1,13,Abruzzo,Abruzzo,1304970,781036,59.85,0.67
3492,2021-01-14,ABR,530,189,341,528,0,2,ITF,ITF1,13,Abruzzo,Abruzzo,1304970,781566,59.89,0.04
3493,2021-02-16,ABR,1916,841,1075,1891,12,13,ITF,ITF1,13,Abruzzo,Abruzzo,1304970,783482,60.04,0.15
3494,2021-03-02,ABR,3967,1676,2291,3261,686,20,ITF,ITF1,13,Abruzzo,Abruzzo,1304970,787449,60.34,0.3
3495,2021-06-10,ABR,12705,6318,6387,10307,2161,237,ITF,ITF1,13,Abruzzo,Abruzzo,1304970,800154,61.32,0.97
3496,2021-01-31,ABR,1521,494,1027,288,1232,1,ITF,ITF1,13,Abruzzo,Abruzzo,1304970,801675,61.43,0.12
3497,2021-05-10,ABR,10107,4782,5325,5372,4648,87,ITF,ITF1,13,Abruzzo,Abruzzo,1304970,811782,62.21,0.77
3498,2021-04-23,ABR,7393,3395,3998,4925,2305,163,ITF,ITF1,13,Abruzzo,Abruzzo,1304970,819175,62.77,0.57
3499,2021-01-30,ABR,1511,568,943,68,1442,1,ITF,ITF1,13,Abruzzo,Abruzzo,1304970,820686,62.89,0.12
3500,2021-05-12,ABR,9632,4603,5029,5876,3581,175,ITF,ITF1,13,Abruzzo,Abruzzo,1304970,830318,63.63,0.74
3501,2021-03-16,ABR,3484,1452,2032,1802,1654,28,ITF,ITF1,13,Abruzzo,Abruzzo,1304970,833802,63.89,0.27
3502,2021-05-05,ABR,11634,5572,6062,6270,5205,159,ITF,ITF1,13,Abruzzo,Abruzzo,1304970,845436,64.79,0.89
3503,2021-03-09,ABR,5180,1805,3375,4157,938,85,ITF,ITF1,13,Abruzzo,Abruzzo,1304970,850616,65.18,0.4
3504,2021-01-28,ABR,1433,495,938,12,1421,0,ITF,ITF1,13,Abruzzo,Abruzzo,1304970,852049,65.29,0.11
3505,2021-01-11,ABR,1553,557,996,1549,0,4,ITF,ITF1,13,Abruzzo,Abruzzo,1304970,853602,65.41,0.12
3506,2021-04-21,ABR,6389,3102,3287,4640,1672,77,ITF,ITF1,13,Abruzzo,Abruzzo,1304970,859991,65.9,0.49
3507,2021-03-25,ABR,5794,2662,3132,3065,2618,111,ITF,ITF1,13,Abruzzo,Abruzzo,1304970,865785,66.35,0.44
3508,2021-01-27,ABR,1365,515,850,38,1327,0,ITF,ITF1,13,Abruzzo,Abruzzo,1304970,867150,66.45,0.1
3509,2021-07-03,ABR,10207,5151,5056,3500,6559,148,ITF,ITF1,13,Abruzzo,Abruzzo,1304970,877357,67.23,0.78
3510,2021-05-21,ABR,13017,6328,6689,7863,4980,174,ITF,ITF1,13,Abruzzo,Abruzzo,1304970,890374,68.23,1.0
3511,2021-03-18,ABR,3896,1651,2245,2039,1831,26,ITF,ITF1,13,Abruzzo,Abruzzo,1304970,894270,68.53,0.3
3512,2021-06-26,ABR,10048,5020,5028,5689,4198,161,ITF,ITF1,13,Abruzzo,Abruzzo,1304970,904318,69.3,0.77
3513,2021-07-10,ABR,13132,6637,6495,3016,9952,164,ITF,ITF1,13,Abruzzo,Abruzzo,1304970,917450,70.3,1.01
3514,2021-05-14,ABR,10594,5070,5524,5284,5148,162,ITF,ITF1,13,Abruzzo,Abruzzo,1304970,928044,71.12,0.81
3515,2021-04-01,ABR,5592,2505,3087,3431,2087,74,ITF,ITF1,13,Abruzzo,Abruzzo,1304970,933636,71.54,0.43
3516,2021-03-17,ABR,4539,1873,2666,2776,1740,23,ITF,ITF1,13,Abruzzo,Abruzzo,1304970,938175,71.89,0.35
3517,2021-03-24,ABR,6385,2785,3600,3998,2250,137,ITF,ITF1,13,Abruzzo,Abruzzo,1304970,944560,72.38,0.49
3518,2021-02-09,ABR,909,312,597,499,409,1,ITF,ITF1,13,Abruzzo,Abruzzo,1304970,945469,72.45,0.07
3519,2021-07-04,ABR,8373,4214,4159,3333,4916,124,ITF,ITF1,13,Abruzzo,Abruzzo,1304970,953842,73.09,0.64
3520,2021-02-11,ABR,816,262,554,771,43,2,ITF,ITF1,13,Abruzzo,Abruzzo,1304970,954658,73.16,0.06
3521,2021-05-24,ABR,12220,5836,6384,8722,3339,159,ITF,ITF1,13,Abruzzo,Abruzzo,1304970,966878,74.09,0.94
3522,2021-05-17,ABR,11034,5036,5998,6023,4853,158,ITF,ITF1,13,Abruzzo,Abruzzo,1304970,977912,74.94,0.85
3523,2021-02-23,ABR,2780,1273,1507,2754,11,15,ITF,ITF1,13,Abruzzo,Abruzzo,1304970,980692,75.15,0.21
3524,2021-02-06,ABR,1611,743,868,596,1008,7,ITF,ITF1,13,Abruzzo,Abruzzo,1304970,982303,75.27,0.12
3525,2021-06-29,ABR,11422,5638,5784,5255,5980,187,ITF,ITF1,13,Abruzzo,Abruzzo,1304970,993725,76.15,0.88
3526,2021-03-21,ABR,2133,913,1220,839,1290,4,ITF,ITF1,13,Abruzzo,Abruzzo,1304970,995858,76.31,0.16
3527,2021-06-12,ABR,11418,5913,5505,9891,1348,179,ITF,ITF1,13,Abruzzo,Abruzzo,1304970,1007276,77.19,0.87
3528,2021-01-13,ABR,1260,441,819,1252,0,8,ITF,ITF1,13,Abruzzo,Abruzzo,1304970,1008536,77.28,0.1
3529,2021-02-13,ABR,858,387,471,434,420,4,ITF,ITF1,13,Abruzzo,Abruzzo,1304970,1009394,77.35,0.07
3530,2021-07-17,ABR,14095,7386,6709,2661,11258,176,ITF,ITF1,13,Abruzzo,Abruzzo,1304970,1023489,78.43,1.08
3531,2021-03-04,ABR,5936,2360,3576,4974,922,40,ITF,ITF1,13,Abruzzo,Abruzzo,1304970,1029425,78.88,0.45
3532,2021-03-11,ABR,5492,2217,3275,4270,1138,84,ITF,ITF1,13,Abruzzo,Abruzzo,1304970,1034917,79.31,0.42
3533,2021-06-02,ABR,9764,4744,5020,6837,2810,117,ITF,ITF1,13,Abruzzo,Abruzzo,1304970,1044681,80.05,0.75
3534,2021-03-13,ABR,4125,1421,2704,3014,1043,68,ITF,ITF1,13,Abruzzo,Abruzzo,1304970,1048806,80.37,0.32
3535,2021-06-21,ABR,11056,5389,5667,4939,5988,129,ITF,ITF1,13,Abruzzo,Abruzzo,1304970,1059862,81.22,0.85
3536,2021-03-30,ABR,5129,2261,2868,3149,1822,158,ITF,ITF1,13,Abruzzo,Abruzzo,1304970,1064991,81.61,0.39
3537,2021-01-06,ABR,1833,664,1169,1823,0,10,ITF,ITF1,13,Abruzzo,Abruzzo,1304970,1066824,81.75,0.14
3538,2021-07-01,ABR,12767,6288,6479,5771,6772,224,ITF,ITF1,13,Abruzzo,Abruzzo,1304970,1079591,82.73,0.98
3539,2021-06-17,ABR,10917,5459,5458,7305,3452,160,ITF,ITF1,13,Abruzzo,Abruzzo,1304970,1090508,83.57,0.84
3540,2021-05-28,ABR,14019,6309,7710,7491,6359,169,ITF,ITF1,13,Abruzzo,Abruzzo,1304970,1104527,84.64,1.07
3541,2021-02-08,ABR,1196,395,801,487,709,0,ITF,ITF1,13,Abruzzo,Abruzzo,1304970,1105723,84.73,0.09
3542,2021-05-19,ABR,10732,5127,5605,7569,3038,125,ITF,ITF1,13,Abruzzo,Abruzzo,1304970,1116455,85.55,0.82
3543,2021-04-30,ABR,12504,5867,6637,6517,5722,265,ITF,ITF1,13,Abruzzo,Abruzzo,1304970,1128959,86.51,0.96
3544,2021-04-13,ABR,5894,2754,3140,4562,1237,95,ITF,ITF1,13,Abruzzo,Abruzzo,1304970,1134853,86.96,0.45
3545,2021-01-20,ABR,447,156,291,425,2,20,ITF,ITF1,13,Abruzzo,Abruzzo,1304970,1135300,87.0,0.03
3546,2021-07-05,ABR,10890,5347,5543,4046,6657,187,ITF,ITF1,13,Abruzzo,Abruzzo,1304970,1146190,87.83,0.83
3547,2021-07-22,ABR,14483,7411,7072,3514,10761,208,ITF,ITF1,13,Abruzzo,Abruzzo,1304970,1160673,88.94,1.11
3548,2021-07-24,ABR,12544,6761,5783,3726,8585,233,ITF,ITF1,13,Abruzzo,Abruzzo,1304970,1173217,89.9,0.96
3549,2021-05-02,ABR,10460,5112,5348,5090,5228,142,ITF,ITF1,13,Abruzzo,Abruzzo,1304970,1183677,90.71,0.8
3550,2021-02-18,ABR,2289,934,1355,2141,130,18,ITF,ITF1,13,Abruzzo,Abruzzo,1304970,1185966,90.88,0.18
3551,2021-05-29,ABR,10320,4432,5888,4459,5772,89,ITF,ITF1,13,Abruzzo,Abruzzo,1304970,1196286,91.67,0.79
3552,2021-05-22,ABR,13160,6392,6768,8133,4912,115,ITF,ITF1,13,Abruzzo,Abruzzo,1304970,1209446,92.68,1.01
3553,2021-03-26,ABR,5355,2312,3043,3178,2075,102,ITF,ITF1,13,Abruzzo,Abruzzo,1304970,1214801,93.09,0.41
3554,2021-07-27,ABR,15099,7882,7217,3351,11574,174,ITF,ITF1,13,Abruzzo,Abruzzo,1304970,1229900,94.25,1.16
3555,2021-05-31,ABR,11340,5115,6225,6767,4445,128,ITF,ITF1,13,Abruzzo,Abruzzo,1304970,1241240,95.12,0.87
3556,2021-04-20,ABR,5636,2713,2923,4109,1455,72,ITF,ITF1,13,Abruzzo,Abruzzo,1304970,1246876,95.55,0.43
3557,2021-04-25,ABR,9068,4623,4445,8060,809,199,ITF,ITF1,13,Abruzzo,Abruzzo,1304970,1255944,96.24,0.69
3558,2021-02-01,ABR,1631,573,1058,269,1361,1,ITF,ITF1,13,Abruzzo,Abruzzo,1304970,1257575,96.37,0.12
3559,2021-03-23,ABR,4834,2190,2644,2213,2567,54,ITF,ITF1,13,Abruzzo,Abruzzo,1304970,1262409,96.74,0.37
3560,2021-01-25,ABR,1605,633,972,15,1588,2,ITF,ITF1,13,Abruzzo,Abruzzo,1304970,1264014,96.86,0.12
3561,2021-01-08,ABR,1527,507,1020,1518,0,9,ITF,ITF1,13,Abruzzo,Abruzzo,1304970,1265541,96.98,0.12
3562,2021-04-18,ABR,5813,2727,3086,4725,943,145,ITF,ITF1,13,Abruzzo,Abruzzo,1304970,1271354,97.42,0.45
3563,2021-02-20,ABR,4777,1844,2933,4659,76,42,ITF,ITF1,13,Abruzzo,Abruzzo,1304970,1276131,97.79,0.37
3564,2021-07-15,ABR,15943,8087,7856,3133,12635,175,ITF,ITF1,13,Abruzzo,Abruzzo,1304970,1292074,99.01,1.22
3565,2021-06-28,ABR,10055,4837,5218,5311,4575,169,ITF,ITF1,13,Abruzzo,Abruzzo,1304970,1302129,99.78,0.77
3566,2021-04-06,ABR,7676,3577,4099,5232,2318,126,ITF,ITF1,13,Abruzzo,Abruzzo,1304970,1309805,100.37,0.59
3567,2021-05-09,ABR,9157,4090,5067,4175,4870,112,ITF,ITF1,13,Abruzzo,Abruzzo,1304970,1318962,101.07,0.7
3568,2021-02-15,ABR,1795,832,963,1736,42,17,ITF,ITF1,13,Abruzzo,Abruzzo,1304970,1320757,101.21,0.14
3569,2021-05-26,ABR,13543,6040,7503,8390,4992,161,ITF,ITF1,13,Abruzzo,Abruzzo,1304970,1334300,102.25,1.04
3570,2021-06-14,ABR,10977,5431,5546,7428,3377,172,ITF,ITF1,13,Abruzzo,Abruzzo,1304970,1345277,103.09,0.84
3571,2021-07-11,ABR,9882,4971,4911,2366,7386,130,ITF,ITF1,13,Abruzzo,Abruzzo,1304970,1355159,103.85,0.76
3572,2021-03-10,ABR,5048,1682,3366,4027,957,64,ITF,ITF1,13,Abruzzo,Abruzzo,1304970,1360207,104.23,0.39
3573,2021-01-26,ABR,1544,568,976,29,1515,0,ITF,ITF1,13,Abruzzo,Abruzzo,1304970,1361751,104.35,0.12
3574,2021-05-06,ABR,12973,6072,6901,7792,5027,154,ITF,ITF1,13,Abruzzo,Abruzzo,1304970,1374724,105.35,0.99
3575,2021-04-09,ABR,8989,4258,4731,6247,2602,140,ITF,ITF1,13,Abruzzo,Abruzzo,1304970,1383713,106.03,0.69
3576,2021-07-18,ABR,12204,6310,5894,2004,10081,119,ITF,ITF1,13,Abruzzo,Abruzzo,1304970,1395917,106.97,0.94
3577,2021-04-02,ABR,6694,3103,3591,5117,1487,90,ITF,ITF1,13,Abruzzo,Abruzzo,1304970,1402611,107.48,0.51
3578,2021-02-04,ABR,1683,617,1066,599,1072,12,ITF,ITF1,13,Abruzzo,Abruzzo,1304970,1404294,107.61,0.13
3579,2021-07-20,ABR,12590,6389,6201,3228,9176,186,ITF,ITF1,13,Abruzzo,Abruzzo,1304970,1416884,108.58,0.96
3580,2021-04-04,ABR,1632,768,864,1460,129,43,ITF,ITF1,13,Abruzzo,Abruzzo,1304970,1418516,108.7,0.13
3581,2021-07-13,ABR,15523,7750,7773,2826,12519,178,ITF,ITF1,13,Abruzzo,Abruzzo,1304970,1434039,109.89,1.19
3582,2021-06-16,ABR,10886,5449,5437,7994,2677,215,ITF,ITF1,13,Abruzzo,Abruzzo,1304970,1444925,110.72,0.83
3583,2021-02-27,ABR,2813,1339,1474,2513,267,33,ITF,ITF1,13,Abruzzo,Abruzzo,1304970,1447738,110.94,0.22
3584,2021-06-07,ABR,11098,5289,5809,9071,1842,185,ITF,ITF1,13,Abruzzo,Abruzzo,1304970,1458836,111.79,0.85
3585,2021-04-11,ABR,5380,2628,2752,4842,487,51,ITF,ITF1,13,Abruzzo,Abruzzo,1304970,1464216,112.2,0.41
3586,2021-06-09,ABR,11571,6093,5478,9705,1685,181,ITF,ITF1,13,Abruzzo,Abruzzo,1304970,1475787,113.09,0.89
3587,2021-03-06,ABR,4179,1359,2820,3569,570,40,ITF,ITF1,13,Abruzzo,Abruzzo,1304970,1479966,113.41,0.32
3588,2021-03-28,CAM,15566,7511,8055,13610,1625,331,ITF,ITF3,15,Campania,Campania,5801692,15566,0.27,0.27
3589,2021-01-04,CAM,5826,2963,2863,5727,0,99,ITF,ITF3,15,Campania,Campania,5801692,21392,0.37,0.1
3590,2021-06-19,CAM,62397,29706,32691,24253,37761,383,ITF,ITF3,15,Campania,Campania,5801692,83789,1.44,1.08
3591,2021-03-09,CAM,14128,6870,7258,9958,3785,385,ITF,ITF3,15,Campania,Campania,5801692,97917,1.69,0.24
3592,2021-01-30,CAM,10725,5082,5643,36,10687,2,ITF,ITF3,15,Campania,Campania,5801692,108642,1.87,0.18
3593,2021-07-03,CAM,67284,32496,34788,8197,58709,378,ITF,ITF3,15,Campania,Campania,5801692,175926,3.03,1.16
3594,2021-01-16,CAM,3372,1677,1695,3262,0,110,ITF,ITF3,15,Campania,Campania,5801692,179298,3.09,0.06
3595,2021-02-11,CAM,6280,2704,3576,5927,66,287,ITF,ITF3,15,Campania,Campania,5801692,185578,3.2,0.11
3596,2021-07-27,CAM,49006,24354,24652,12727,35667,612,ITF,ITF3,15,Campania,Campania,5801692,234584,4.04,0.84
3597,2021-04-11,CAM,17525,8607,8918,15069,2084,372,ITF,ITF3,15,Campania,Campania,5801692,252109,4.35,0.3
3598,2021-04-28,CAM,36437,17641,18796,25918,9757,762,ITF,ITF3,15,Campania,Campania,5801692,288546,4.97,0.63
3599,2021-01-18,CAM,959,399,560,683,244,32,ITF,ITF3,15,Campania,Campania,5801692,289505,4.99,0.02
3600,2021-07-20,CAM,40106,19794,20312,6371,33317,418,ITF,ITF3,15,Campania,Campania,5801692,329611,5.68,0.69
3601,2021-06-07,CAM,57584,27719,29865,52868,4035,681,ITF,ITF3,15,Campania,Campania,5801692,387195,6.67,0.99
3602,2021-02-25,CAM,12426,4479,7947,10967,1188,271,ITF,ITF3,15,Campania,Campania,5801692,399621,6.89,0.21
3603,2021-04-09,CAM,30020,14135,15885,23288,6134,598,ITF,ITF3,15,Campania,Campania,5801692,429641,7.41,0.52
3604,2021-06-05,CAM,77632,37583,40049,70897,6023,712,ITF,ITF3,15,Campania,Campania,5801692,507273,8.74,1.34
3605,2021-06-14,CAM,37120,17919,19201,18791,18014,315,ITF,ITF3,15,Campania,Campania,5801692,544393,9.38,0.64
3606,2021-03-02,CAM,12761,4558,8203,8214,4345,202,ITF,ITF3,15,Campania,Campania,5801692,557154,9.6,0.22
3607,2021-07-15,CAM,66680,32032,34648,9371,57041,268,ITF,ITF3,15,Campania,Campania,5801692,623834,10.75,1.15
3608,2021-01-11,CAM,4070,1871,2199,3961,0,109,ITF,ITF3,15,Campania,Campania,5801692,627904,10.82,0.07
3609,2021-05-24,CAM,31359,15152,16207,15864,15150,345,ITF,ITF3,15,Campania,Campania,5801692,659263,11.36,0.54
3610,2021-02-13,CAM,5508,2550,2958,5109,217,182,ITF,ITF3,15,Campania,Campania,5801692,664771,11.46,0.09
3611,2021-04-23,CAM,32330,15525,16805,22485,9155,690,ITF,ITF3,15,Campania,Campania,5801692,697101,12.02,0.56
3612,2021-06-24,CAM,66063,31825,34238,13473,52258,332,ITF,ITF3,15,Campania,Campania,5801692,763164,13.15,1.14
3613,2021-03-16,CAM,8086,3519,4567,3700,4314,72,ITF,ITF3,15,Campania,Campania,5801692,771250,13.29,0.14
3614,2021-01-25,CAM,5746,2927,2819,163,5583,0,ITF,ITF3,15,Campania,Campania,5801692,776996,13.39,0.1
3615,2021-07-01,CAM,61502,29843,31659,19844,41006,652,ITF,ITF3,15,Campania,Campania,5801692,838498,14.45,1.06
3616,2021-03-23,CAM,15742,7445,8297,12920,2513,309,ITF,ITF3,15,Campania,Campania,5801692,854240,14.72,0.27
3617,2021-05-19,CAM,51160,22604,28556,33823,16616,721,ITF,ITF3,15,Campania,Campania,5801692,905400,15.61,0.88
3618,2021-05-31,CAM,40729,20665,20064,29850,10313,566,ITF,ITF3,15,Campania,Campania,5801692,946129,16.31,0.7
3619,2021-01-23,CAM,3842,2031,1811,267,3569,6,ITF,ITF3,15,Campania,Campania,5801692,949971,16.37,0.07
3620,2021-03-21,CAM,10073,4675,5398,7508,2391,174,ITF,ITF3,15,Campania,Campania,5801692,960044,16.55,0.17
3621,2021-02-10,CAM,6905,3413,3492,6483,177,245,ITF,ITF3,15,Campania,Campania,5801692,966949,16.67,0.12
3622,2021-07-17,CAM,55244,27550,27694,3527,51528,189,ITF,ITF3,15,Campania,Campania,5801692,1022193,17.62,0.95
3623,2021-04-08,CAM,28402,13755,14647,21997,5848,557,ITF,ITF3,15,Campania,Campania,5801692,1050595,18.11,0.49
3624,2021-06-04,CAM,74499,35810,38689,64787,9065,647,ITF,ITF3,15,Campania,Campania,5801692,1125094,19.39,1.28
3625,2021-05-21,CAM,63713,29606,34107,42177,20531,1005,ITF,ITF3,15,Campania,Campania,5801692,1188807,20.49,1.1
3626,2021-04-16,CAM,34337,16567,17770,23033,10665,639,ITF,ITF3,15,Campania,Campania,5801692,1223144,21.08,0.59
3627,2021-01-06,CAM,7649,3749,3900,7505,0,144,ITF,ITF3,15,Campania,Campania,5801692,1230793,21.21,0.13
3628,2021-02-18,CAM,9080,3813,5267,8151,707,222,ITF,ITF3,15,Campania,Campania,5801692,1239873,21.37,0.16
3629,2021-04-25,CAM,30743,15177,15566,24597,5405,741,ITF,ITF3,15,Campania,Campania,5801692,1270616,21.9,0.53
3630,2021-05-17,CAM,49370,21704,27666,23654,25264,452,ITF,ITF3,15,Campania,Campania,5801692,1319986,22.75,0.85
3631,2021-02-06,CAM,5341,2666,2675,2006,3239,96,ITF,ITF3,15,Campania,Campania,5801692,1325327,22.84,0.09
3632,2021-07-22,CAM,61750,30487,31263,6552,54703,495,ITF,ITF3,15,Campania,Campania,5801692,1387077,23.91,1.06
3633,2021-04-30,CAM,42333,20198,22135,25038,16502,793,ITF,ITF3,15,Campania,Campania,5801692,1429410,24.64,0.73
3634,2021-02-04,CAM,7943,3429,4514,1249,6635,59,ITF,ITF3,15,Campania,Campania,5801692,1437353,24.77,0.14
3635,2021-01-01,CAM,918,505,413,899,0,19,ITF,ITF3,15,Campania,Campania,5801692,1438271,24.79,0.02
3636,2021-03-25,CAM,20322,9654,10668,16390,3505,427,ITF,ITF3,15,Campania,Campania,5801692,1458593,25.14,0.35
3637,2021-02-27,CAM,13947,4472,9475,12004,1642,301,ITF,ITF3,15,Campania,Campania,5801692,1472540,25.38,0.24
3638,2021-06-16,CAM,31610,14986,16624,20549,10762,299,ITF,ITF3,15,Campania,Campania,5801692,1504150,25.93,0.54
3639,2021-05-26,CAM,52683,25843,26840,21113,31106,464,ITF,ITF3,15,Campania,Campania,5801692,1556833,26.83,0.91
3640,2021-04-06,CAM,24512,11562,12950,19508,4523,481,ITF,ITF3,15,Campania,Campania,5801692,1581345,27.26,0.42
3641,2021-07-12,CAM,56699,27370,29329,3767,52614,318,ITF,ITF3,15,Campania,Campania,5801692,1638044,28.23,0.98
3642,2021-05-05,CAM,51174,24858,26316,43280,6388,1506,ITF,ITF3,15,Campania,Campania,5801692,1689218,29.12,0.88
3643,2021-05-12,CAM,40903,19954,20949,30598,9165,1140,ITF,ITF3,15,Campania,Campania,5801692,1730121,29.82,0.71
3644,2021-07-08,CAM,61098,29408,31690,5662,55132,304,ITF,ITF3,15,Campania,Campania,5801692,1791219,30.87,1.05
3645,2021-06-26,CAM,62938,30691,32247,14670,47852,416,ITF,ITF3,15,Campania,Campania,5801692,1854157,31.96,1.08
3646,2021-07-13,CAM,53682,25791,27891,4936,48497,249,ITF,ITF3,15,Campania,Campania,5801692,1907839,32.88,0.93
3647,2021-04-04,CAM,7966,4017,3949,6701,1047,218,ITF,ITF3,15,Campania,Campania,5801692,1915805,33.02,0.14
3648,2021-06-12,CAM,64000,31549,32451,55944,7217,839,ITF,ITF3,15,Campania,Campania,5801692,1979805,34.12,1.1
3649,2021-03-04,CAM,14708,5396,9312,8555,5894,259,ITF,ITF3,15,Campania,Campania,5801692,1994513,34.38,0.25
3650,2021-06-02,CAM,42869,20160,22709,37757,4679,433,ITF,ITF3,15,Campania,Campania,5801692,2037382,35.12,0.74
3651,2021-02-22,CAM,10683,3295,7388,10192,264,227,ITF,ITF3,15,Campania,Campania,5801692,2048065,35.3,0.18
3652,2021-03-11,CAM,18001,9058,8943,10328,7279,394,ITF,ITF3,15,Campania,Campania,5801692,2066066,35.61,0.31
3653,2021-05-16,CAM,51149,23227,27922,32868,17575,706,ITF,ITF3,15,Campania,Campania,5801692,2117215,36.49,0.88
3654,2021-02-20,CAM,8573,3080,5493,8109,303,161,ITF,ITF3,15,Campania,Campania,5801692,2125788,36.64,0.15
3655,2021-02-03,CAM,8903,4003,4900,842,8025,36,ITF,ITF3,15,Campania,Campania,5801692,2134691,36.79,0.15
3656,2021-04-01,CAM,24679,12010,12669,20081,4133,465,ITF,ITF3,15,Campania,Campania,5801692,2159370,37.22,0.43
3657,2021-05-28,CAM,73058,35315,37743,26283,46161,614,ITF,ITF3,15,Campania,Campania,5801692,2232428,38.48,1.26
3658,2021-05-14,CAM,61037,27582,33455,34838,24717,1482,ITF,ITF3,15,Campania,Campania,5801692,2293465,39.53,1.05
3659,2021-07-10,CAM,66887,32661,34226,2749,63940,198,ITF,ITF3,15,Campania,Campania,5801692,2360352,40.68,1.15
3660,2021-07-24,CAM,47977,24863,23114,6772,40876,329,ITF,ITF3,15,Campania,Campania,5801692,2408329,41.51,0.83
3661,2021-01-20,CAM,1257,650,607,1226,0,31,ITF,ITF3,15,Campania,Campania,5801692,2409586,41.53,0.02
3662,2021-04-13,CAM,26608,12685,13923,20576,5534,498,ITF,ITF3,15,Campania,Campania,5801692,2436194,41.99,0.46
3663,2021-01-03,CAM,3836,2009,1827,3787,0,49,ITF,ITF3,15,Campania,Campania,5801692,2440030,42.06,0.07
3664,2020-12-27,CAM,720,422,298,716,0,4,ITF,ITF3,15,Campania,Campania,5801692,2440750,42.07,0.01
3665,2021-04-20,CAM,32040,15499,16541,20162,11312,566,ITF,ITF3,15,Campania,Campania,5801692,2472790,42.62,0.55
3666,2021-06-28,CAM,46521,22740,23781,20592,25406,523,ITF,ITF3,15,Campania,Campania,5801692,2519311,43.42,0.8
3667,2021-03-20,CAM,13989,6529,7460,10011,3739,239,ITF,ITF3,15,Campania,Campania,5801692,2533300,43.66,0.24
3668,2021-02-15,CAM,5472,2516,2956,5159,175,138,ITF,ITF3,15,Campania,Campania,5801692,2538772,43.76,0.09
3669,2021-06-09,CAM,53061,26054,27007,41703,10905,453,ITF,ITF3,15,Campania,Campania,5801692,2591833,44.67,0.91
3670,2021-02-08,CAM,5113,2449,2664,4164,803,146,ITF,ITF3,15,Campania,Campania,5801692,2596946,44.76,0.09
3671,2021-02-01,CAM,3984,1813,2171,102,3874,8,ITF,ITF3,15,Campania,Campania,5801692,2600930,44.83,0.07
3672,2021-03-30,CAM,22052,10577,11475,18598,2957,497,ITF,ITF3,15,Campania,Campania,5801692,2622982,45.21,0.38
3673,2021-04-17,CAM,36196,17514,18682,23995,11514,687,ITF,ITF3,15,Campania,Campania,5801692,2659178,45.83,0.62
3674,2021-06-13,CAM,43432,21245,22187,38096,4730,606,ITF,ITF3,15,Campania,Campania,5801692,2702610,46.58,0.75
3675,2021-05-07,CAM,59777,29210,30567,42768,15953,1056,ITF,ITF3,15,Campania,Campania,5801692,2762387,47.61,1.03
3676,2021-01-27,CAM,7738,3820,3918,157,7576,5,ITF,ITF3,15,Campania,Campania,5801692,2770125,47.75,0.13
3677,2021-03-18,CAM,12178,5382,6796,5796,6190,192,ITF,ITF3,15,Campania,Campania,5801692,2782303,47.96,0.21
3678,2021-05-18,CAM,52183,23228,28955,31871,19659,653,ITF,ITF3,15,Campania,Campania,5801692,2834486,48.86,0.9
3679,2021-02-05,CAM,7261,3463,3798,2019,5128,114,ITF,ITF3,15,Campania,Campania,5801692,2841747,48.98,0.13
3680,2021-02-24,CAM,11785,4150,7635,10848,688,249,ITF,ITF3,15,Campania,Campania,5801692,2853532,49.18,0.2
3681,2021-01-05,CAM,7237,3637,3600,7076,0,161,ITF,ITF3,15,Campania,Campania,5801692,2860769,49.31,0.12
3682,2021-02-17,CAM,7392,3213,4179,6208,1060,124,ITF,ITF3,15,Campania,Campania,5801692,2868161,49.44,0.13
3683,2021-04-15,CAM,34345,16664,17681,23813,9903,629,ITF,ITF3,15,Campania,Campania,5801692,2902506,50.03,0.59
3684,2021-07-28,CAM,19638,9486,10152,5118,14250,270,ITF,ITF3,15,Campania,Campania,5801692,2922144,50.37,0.34
3685,2021-07-05,CAM,63289,30507,32782,12740,49873,676,ITF,ITF3,15,Campania,Campania,5801692,2985433,51.46,1.09
3686,2021-07-07,CAM,52271,24806,27465,7274,44609,388,ITF,ITF3,15,Campania,Campania,5801692,3037704,52.36,0.9
3687,2021-03-29,CAM,19405,9578,9827,17470,1547,388,ITF,ITF3,15,Campania,Campania,5801692,3057109,52.69,0.33
3688,2021-06-20,CAM,47606,22745,24861,14334,32987,285,ITF,ITF3,15,Campania,Campania,5801692,3104715,53.51,0.82
3689,2021-03-27,CAM,21512,10241,11271,17252,3866,394,ITF,ITF3,15,Campania,Campania,5801692,3126227,53.88,0.37
3690,2021-06-01,CAM,42162,20922,21240,31441,10502,219,ITF,ITF3,15,Campania,Campania,5801692,3168389,54.61,0.73
3691,2021-06-18,CAM,65892,31405,34487,35092,30300,500,ITF,ITF3,15,Campania,Campania,5801692,3234281,55.75,1.14
3692,2021-03-10,CAM,15615,7722,7893,8463,6837,315,ITF,ITF3,15,Campania,Campania,5801692,3249896,56.02,0.27
3693,2021-05-15,CAM,62656,29039,33617,42152,18715,1789,ITF,ITF3,15,Campania,Campania,5801692,3312552,57.1,1.08
3694,2021-03-01,CAM,12131,4248,7883,7782,4112,237,ITF,ITF3,15,Campania,Campania,5801692,3324683,57.31,0.21
3695,2021-05-09,CAM,43206,20287,22919,30969,11100,1137,ITF,ITF3,15,Campania,Campania,5801692,3367889,58.05,0.74
3696,2021-01-10,CAM,8165,3736,4429,7963,0,202,ITF,ITF3,15,Campania,Campania,5801692,3376054,58.19,0.14
3697,2021-04-03,CAM,21117,10316,10801,18280,2381,456,ITF,ITF3,15,Campania,Campania,5801692,3397171,58.55,0.36
3698,2021-07-14,CAM,51088,24568,26520,4330,46479,279,ITF,ITF3,15,Campania,Campania,5801692,3448259,59.44,0.88
3699,2021-04-05,CAM,11640,5542,6098,8940,2424,276,ITF,ITF3,15,Campania,Campania,5801692,3459899,59.64,0.2
3700,2021-03-17,CAM,11589,5100,6489,4859,6581,149,ITF,ITF3,15,Campania,Campania,5801692,3471488,59.84,0.2
3701,2021-06-11,CAM,70802,34398,36404,63904,6035,863,ITF,ITF3,15,Campania,Campania,5801692,3542290,61.06,1.22
3702,2021-05-30,CAM,52155,25443,26712,37961,13315,879,ITF,ITF3,15,Campania,Campania,5801692,3594445,61.96,0.9
3703,2021-02-19,CAM,9573,3561,6012,8714,650,209,ITF,ITF3,15,Campania,Campania,5801692,3604018,62.12,0.17
3704,2021-07-26,CAM,48834,24318,24516,10444,37903,487,ITF,ITF3,15,Campania,Campania,5801692,3652852,62.96,0.84
3705,2020-12-31,CAM,1490,811,679,1471,0,19,ITF,ITF3,15,Campania,Campania,5801692,3654342,62.99,0.03
3706,2021-06-06,CAM,63230,31447,31783,61924,648,658,ITF,ITF3,15,Campania,Campania,5801692,3717572,64.08,1.09
3707,2021-02-26,CAM,13335,4227,9108,11729,1336,270,ITF,ITF3,15,Campania,Campania,5801692,3730907,64.31,0.23
3708,2021-04-24,CAM,36364,17528,18836,24362,11248,754,ITF,ITF3,15,Campania,Campania,5801692,3767271,64.93,0.63
3709,2021-05-23,CAM,58748,28639,30109,37221,20898,629,ITF,ITF3,15,Campania,Campania,5801692,3826019,65.95,1.01
3710,2021-02-12,CAM,6531,2861,3670,6091,188,252,ITF,ITF3,15,Campania,Campania,5801692,3832550,66.06,0.11
3711,2021-01-29,CAM,10055,4812,5243,43,10008,4,ITF,ITF3,15,Campania,Campania,5801692,3842605,66.23,0.17
3712,2021-06-27,CAM,43553,21451,22102,14109,29067,377,ITF,ITF3,15,Campania,Campania,5801692,3886158,66.98,0.75
3713,2021-03-19,CAM,11143,4973,6170,7095,3873,175,ITF,ITF3,15,Campania,Campania,5801692,3897301,67.18,0.19
3714,2021-06-22,CAM,52448,25008,27440,13196,39004,248,ITF,ITF3,15,Campania,Campania,5801692,3949749,68.08,0.9
3715,2021-03-14,CAM,8616,3827,4789,4379,4140,97,ITF,ITF3,15,Campania,Campania,5801692,3958365,68.23,0.15
3716,2021-05-10,CAM,35473,16392,19081,25001,9927,545,ITF,ITF3,15,Campania,Campania,5801692,3993838,68.84,0.61
3717,2021-06-08,CAM,53042,25854,27188,45457,7000,585,ITF,ITF3,15,Campania,Campania,5801692,4046880,69.75,0.91
3718,2021-04-26,CAM,34035,16649,17386,27571,5623,841,ITF,ITF3,15,Campania,Campania,5801692,4080915,70.34,0.59
3719,2021-03-07,CAM,11973,5404,6569,7816,3843,314,ITF,ITF3,15,Campania,Campania,5801692,4092888,70.55,0.21
3720,2021-05-03,CAM,40788,19906,20882,27962,11860,966,ITF,ITF3,15,Campania,Campania,5801692,4133676,71.25,0.7
3721,2021-06-29,CAM,49319,23987,25332,19778,29079,462,ITF,ITF3,15,Campania,Campania,5801692,4182995,72.1,0.85
3722,2021-06-15,CAM,18674,9087,9587,11027,7413,234,ITF,ITF3,15,Campania,Campania,5801692,4201669,72.42,0.32
3723,2021-05-02,CAM,43496,21541,21955,31285,11360,851,ITF,ITF3,15,Campania,Campania,5801692,4245165,73.17,0.75
3724,2021-01-22,CAM,1525,776,749,659,852,14,ITF,ITF3,15,Campania,Campania,5801692,4246690,73.2,0.03
3725,2021-03-06,CAM,16373,6816,9557,10411,5669,293,ITF,ITF3,15,Campania,Campania,5801692,4263063,73.48,0.28
3726,2021-03-08,CAM,14687,6846,7841,9502,4777,408,ITF,ITF3,15,Campania,Campania,5801692,4277750,73.73,0.25
3727,2021-05-04,CAM,48485,23350,25135,38342,8904,1239,ITF,ITF3,15,Campania,Campania,5801692,4326235,74.57,0.84
3728,2021-01-24,CAM,4122,2119,2003,360,3745,17,ITF,ITF3,15,Campania,Campania,5801692,4330357,74.64,0.07
3729,2021-05-13,CAM,55446,24827,30619,37864,16012,1570,ITF,ITF3,15,Campania,Campania,5801692,4385803,75.6,0.96
3730,2021-07-09,CAM,61455,29753,31702,4367,56796,292,ITF,ITF3,15,Campania,Campania,5801692,4447258,76.65,1.06
3731,2021-04-29,CAM,41355,20053,21302,24097,16507,751,ITF,ITF3,15,Campania,Campania,5801692,4488613,77.37,0.71
3732,2021-01-19,CAM,1095,474,621,1042,3,50,ITF,ITF3,15,Campania,Campania,5801692,4489708,77.39,0.02
3733,2021-07-21,CAM,50179,24445,25734,8682,40861,636,ITF,ITF3,15,Campania,Campania,5801692,4539887,78.25,0.86
3734,2021-01-21,CAM,2093,1116,977,670,1417,6,ITF,ITF3,15,Campania,Campania,5801692,4541980,78.29,0.04
3735,2021-03-03,CAM,13924,5496,8428,7099,6630,195,ITF,ITF3,15,Campania,Campania,5801692,4555904,78.53,0.24
3736,2021-06-25,CAM,65510,31803,33707,13790,51340,380,ITF,ITF3,15,Campania,Campania,5801692,4621414,79.66,1.13
3737,2021-05-25,CAM,46505,22385,24120,22543,23414,548,ITF,ITF3,15,Campania,Campania,5801692,4667919,80.46,0.8
3738,2021-04-22,CAM,33980,16553,17427,20932,12423,625,ITF,ITF3,15,Campania,Campania,5801692,4701899,81.04,0.59
3739,2021-01-12,CAM,5215,2564,2651,5076,0,139,ITF,ITF3,15,Campania,Campania,5801692,4707114,81.13,0.09
3740,2021-05-06,CAM,57314,27927,29387,41313,14477,1524,ITF,ITF3,15,Campania,Campania,5801692,4764428,82.12,0.99
3741,2021-02-28,CAM,10412,3207,7205,8312,1900,200,ITF,ITF3,15,Campania,Campania,5801692,4774840,82.3,0.18
3742,2021-03-12,CAM,14574,7410,7164,8197,6084,293,ITF,ITF3,15,Campania,Campania,5801692,4789414,82.55,0.25
3743,2021-06-03,CAM,72637,35229,37408,61154,10674,809,ITF,ITF3,15,Campania,Campania,5801692,4862051,83.8,1.25
3744,2021-02-23,CAM,11002,3388,7614,10203,526,273,ITF,ITF3,15,Campania,Campania,5801692,4873053,83.99,0.19
3745,2021-02-21,CAM,5837,2241,3596,5497,225,115,ITF,ITF3,15,Campania,Campania,5801692,4878890,84.09,0.1
3746,2021-07-19,CAM,43966,21525,22441,5230,38344,392,ITF,ITF3,15,Campania,Campania,5801692,4922856,84.85,0.76
3747,2021-04-10,CAM,28356,13492,14864,22826,4914,616,ITF,ITF3,15,Campania,Campania,5801692,4951212,85.34,0.49
3748,2021-01-07,CAM,8909,4167,4742,8736,0,173,ITF,ITF3,15,Campania,Campania,5801692,4960121,85.49,0.15
3749,2021-03-05,CAM,16814,6667,10147,9865,6663,286,ITF,ITF3,15,Campania,Campania,5801692,4976935,85.78,0.29
3750,2021-02-14,CAM,3929,1923,2006,3845,34,50,ITF,ITF3,15,Campania,Campania,5801692,4980864,85.85,0.07
3751,2021-01-26,CAM,7342,3727,3615,331,6990,21,ITF,ITF3,15,Campania,Campania,5801692,4988206,85.98,0.13
3752,2021-04-19,CAM,30767,14827,15940,18686,11573,508,ITF,ITF3,15,Campania,Campania,5801692,5018973,86.51,0.53
3753,2021-01-09,CAM,10566,5024,5542,10305,0,261,ITF,ITF3,15,Campania,Campania,5801692,5029539,86.69,0.18
3754,2021-07-23,CAM,61752,30773,30979,8463,52831,458,ITF,ITF3,15,Campania,Campania,5801692,5091291,87.76,1.06
3755,2021-04-14,CAM,27650,13338,14312,18669,8570,411,ITF,ITF3,15,Campania,Campania,5801692,5118941,88.23,0.48
3756,2021-05-01,CAM,46350,22662,23688,29338,16106,906,ITF,ITF3,15,Campania,Campania,5801692,5165291,89.03,0.8
3757,2021-07-06,CAM,56581,27013,29568,16200,39931,450,ITF,ITF3,15,Campania,Campania,5801692,5221872,90.01,0.98
3758,2021-04-12,CAM,23307,10921,12386,19773,3035,499,ITF,ITF3,15,Campania,Campania,5801692,5245179,90.41,0.4
3759,2021-01-02,CAM,3673,1963,1710,3615,0,58,ITF,ITF3,15,Campania,Campania,5801692,5248852,90.47,0.06
3760,2021-06-17,CAM,60180,28854,31326,32910,26767,503,ITF,ITF3,15,Campania,Campania,5801692,5309032,91.51,1.04
3761,2021-07-04,CAM,48819,23764,25055,6325,42310,184,ITF,ITF3,15,Campania,Campania,5801692,5357851,92.35,0.84
3762,2021-03-26,CAM,19865,9324,10541,15651,3815,399,ITF,ITF3,15,Campania,Campania,5801692,5377716,92.69,0.34
3763,2021-01-31,CAM,8070,3712,4358,22,8047,1,ITF,ITF3,15,Campania,Campania,5801692,5385786,92.83,0.14
3764,2021-05-11,CAM,39873,19244,20629,29557,9403,913,ITF,ITF3,15,Campania,Campania,5801692,5425659,93.52,0.69
3765,2021-07-11,CAM,40862,19664,21198,1011,39769,82,ITF,ITF3,15,Campania,Campania,5801692,5466521,94.22,0.7
3766,2021-02-02,CAM,5724,2805,2919,413,5280,31,ITF,ITF3,15,Campania,Campania,5801692,5472245,94.32,0.1
3767,2021-03-31,CAM,23192,11373,11819,19364,3440,388,ITF,ITF3,15,Campania,Campania,5801692,5495437,94.72,0.4
3768,2021-07-18,CAM,31334,15761,15573,3844,27158,332,ITF,ITF3,15,Campania,Campania,5801692,5526771,95.26,0.54
3769,2021-04-07,CAM,24973,11987,12986,19714,4725,534,ITF,ITF3,15,Campania,Campania,5801692,5551744,95.69,0.43
3770,2021-01-14,CAM,7074,2978,4096,6810,0,264,ITF,ITF3,15,Campania,Campania,5801692,5558818,95.81,0.12
3771,2021-07-16,CAM,60985,29830,31155,6742,53864,379,ITF,ITF3,15,Campania,Campania,5801692,5619803,96.86,1.05
3772,2021-04-02,CAM,21866,10525,11341,19096,2324,446,ITF,ITF3,15,Campania,Campania,5801692,5641669,97.24,0.38
3773,2021-06-10,CAM,75925,36681,39244,68002,7036,887,ITF,ITF3,15,Campania,Campania,5801692,5717594,98.55,1.31
3774,2021-05-08,CAM,56437,27145,29292,39151,15835,1451,ITF,ITF3,15,Campania,Campania,5801692,5774031,99.52,0.97
3775,2021-01-28,CAM,8833,4122,4711,125,8700,8,ITF,ITF3,15,Campania,Campania,5801692,5782864,99.68,0.15
3776,2021-04-21,CAM,30237,14729,15508,17486,12227,524,ITF,ITF3,15,Campania,Campania,5801692,5813101,100.2,0.52
3777,2021-01-13,CAM,8020,3666,4354,7780,0,240,ITF,ITF3,15,Campania,Campania,5801692,5821121,100.33,0.14
3778,2021-04-18,CAM,27222,13287,13935,17821,8902,499,ITF,ITF3,15,Campania,Campania,5801692,5848343,100.8,0.47
3779,2021-01-08,CAM,10453,4967,5486,10194,0,259,ITF,ITF3,15,Campania,Campania,5801692,5858796,100.98,0.18
3780,2021-04-27,CAM,32162,15626,16536,23497,7924,741,ITF,ITF3,15,Campania,Campania,5801692,5890958,101.54,0.55
3781,2021-06-23,CAM,46752,22084,24668,10750,35794,208,ITF,ITF3,15,Campania,Campania,5801692,5937710,102.34,0.81
3782,2021-01-15,CAM,4979,2381,2598,4823,0,156,ITF,ITF3,15,Campania,Campania,5801692,5942689,102.43,0.09
3783,2021-06-21,CAM,46874,22639,24235,11340,35241,293,ITF,ITF3,15,Campania,Campania,5801692,5989563,103.24,0.81
3784,2021-03-13,CAM,14519,7038,7481,8987,5283,249,ITF,ITF3,15,Campania,Campania,5801692,6004082,103.49,0.25
3785,2021-03-22,CAM,13182,6345,6837,10862,2042,278,ITF,ITF3,15,Campania,Campania,5801692,6017264,103.72,0.23
3786,2021-02-07,CAM,2928,1381,1547,2067,771,90,ITF,ITF3,15,Campania,Campania,5801692,6020192,103.77,0.05
3787,2021-06-30,CAM,47622,22748,24874,18378,28630,614,ITF,ITF3,15,Campania,Campania,5801692,6067814,104.59,0.82
3788,2021-01-17,CAM,1155,551,604,682,453,20,ITF,ITF3,15,Campania,Campania,5801692,6068969,104.61,0.02
3789,2021-03-15,CAM,13346,6491,6855,8347,4746,253,ITF,ITF3,15,Campania,Campania,5801692,6082315,104.84,0.23
3790,2021-07-02,CAM,55870,26995,28875,14437,40949,484,ITF,ITF3,15,Campania,Campania,5801692,6138185,105.8,0.96
3791,2021-05-27,CAM,72919,35354,37565,25818,46543,558,ITF,ITF3,15,Campania,Campania,5801692,6211104,107.06,1.26
3792,2021-02-16,CAM,5440,2412,3028,4495,771,174,ITF,ITF3,15,Campania,Campania,5801692,6216544,107.15,0.09
3793,2021-05-22,CAM,67966,32515,35451,45623,21496,847,ITF,ITF3,15,Campania,Campania,5801692,6284510,108.32,1.17
3794,2021-03-24,CAM,17922,8369,9553,14624,2958,340,ITF,ITF3,15,Campania,Campania,5801692,6302432,108.63,0.31
3795,2021-05-20,CAM,60842,28151,32691,42232,17645,965,ITF,ITF3,15,Campania,Campania,5801692,6363274,109.68,1.05
3796,2021-02-09,CAM,4643,2202,2441,4234,252,157,ITF,ITF3,15,Campania,Campania,5801692,6367917,109.76,0.08
3797,2021-05-29,CAM,67818,32260,35558,43106,23873,839,ITF,ITF3,15,Campania,Campania,5801692,6435735,110.93,1.17
3798,2021-07-25,CAM,23159,11745,11414,4297,18729,133,ITF,ITF3,15,Campania,Campania,5801692,6458894,111.33,0.4
3799,2021-01-30,EMR,10083,3521,6562,139,9943,1,ITH,ITH5,8,Emilia-Romagna,Emilia-Romagna,4459477,10083,0.23,0.23
3800,2021-07-15,EMR,49920,25996,23924,7970,41381,569,ITH,ITH5,8,Emilia-Romagna,Emilia-Romagna,4459477,60003,1.35,1.12
3801,2021-05-12,EMR,38927,18295,20632,28414,9690,823,ITH,ITH5,8,Emilia-Romagna,Emilia-Romagna,4459477,98930,2.22,0.87
3802,2021-02-01,EMR,10321,3610,6711,360,9959,2,ITH,ITH5,8,Emilia-Romagna,Emilia-Romagna,4459477,109251,2.45,0.23
3803,2021-01-18,EMR,3128,879,2249,2446,679,3,ITH,ITH5,8,Emilia-Romagna,Emilia-Romagna,4459477,112379,2.52,0.07
3804,2021-03-16,EMR,12246,5027,7219,4871,7309,66,ITH,ITH5,8,Emilia-Romagna,Emilia-Romagna,4459477,124625,2.79,0.27
3805,2021-01-25,EMR,6463,2147,4316,206,6256,1,ITH,ITH5,8,Emilia-Romagna,Emilia-Romagna,4459477,131088,2.94,0.14
3806,2021-07-01,EMR,34482,16854,17628,15180,18821,481,ITH,ITH5,8,Emilia-Romagna,Emilia-Romagna,4459477,165570,3.71,0.77
3807,2021-03-23,EMR,18799,8145,10654,11951,6687,161,ITH,ITH5,8,Emilia-Romagna,Emilia-Romagna,4459477,184369,4.13,0.42
3808,2021-02-18,EMR,7039,2891,4148,6439,584,16,ITH,ITH5,8,Emilia-Romagna,Emilia-Romagna,4459477,191408,4.29,0.16
3809,2021-06-07,EMR,40483,20779,19704,33848,6253,382,ITH,ITH5,8,Emilia-Romagna,Emilia-Romagna,4459477,231891,5.2,0.91
3810,2021-05-26,EMR,33305,14741,18564,9956,22992,357,ITH,ITH5,8,Emilia-Romagna,Emilia-Romagna,4459477,265196,5.95,0.75
3811,2021-06-12,EMR,41321,21855,19466,35846,4915,560,ITH,ITH5,8,Emilia-Romagna,Emilia-Romagna,4459477,306517,6.87,0.93
3812,2021-03-04,EMR,16451,5349,11102,13345,3017,89,ITH,ITH5,8,Emilia-Romagna,Emilia-Romagna,4459477,322968,7.24,0.37
3813,2021-05-24,EMR,29981,13728,16253,18036,11510,435,ITH,ITH5,8,Emilia-Romagna,Emilia-Romagna,4459477,352949,7.91,0.67
3814,2021-02-13,EMR,3628,1084,2544,3015,598,15,ITH,ITH5,8,Emilia-Romagna,Emilia-Romagna,4459477,356577,8.0,0.08
3815,2021-07-20,EMR,42876,22421,20455,6869,35604,403,ITH,ITH5,8,Emilia-Romagna,Emilia-Romagna,4459477,399453,8.96,0.96
3816,2021-04-11,EMR,15278,6935,8343,11980,3048,250,ITH,ITH5,8,Emilia-Romagna,Emilia-Romagna,4459477,414731,9.3,0.34
3817,2021-02-11,EMR,4256,1415,2841,3397,843,16,ITH,ITH5,8,Emilia-Romagna,Emilia-Romagna,4459477,418987,9.4,0.1
3818,2021-04-16,EMR,29229,13762,15467,20023,8839,367,ITH,ITH5,8,Emilia-Romagna,Emilia-Romagna,4459477,448216,10.05,0.66
3819,2021-01-06,EMR,8287,2956,5331,8286,0,1,ITH,ITH5,8,Emilia-Romagna,Emilia-Romagna,4459477,456503,10.24,0.19
3820,2021-04-30,EMR,36618,16792,19826,21209,14800,609,ITH,ITH5,8,Emilia-Romagna,Emilia-Romagna,4459477,493121,11.06,0.82
3821,2021-03-28,EMR,13501,6027,7474,9505,3871,125,ITH,ITH5,8,Emilia-Romagna,Emilia-Romagna,4459477,506622,11.36,0.3
3822,2021-06-21,EMR,37546,18985,18561,16317,20872,357,ITH,ITH5,8,Emilia-Romagna,Emilia-Romagna,4459477,544168,12.2,0.84
3823,2021-07-08,EMR,41250,20550,20700,4827,36110,313,ITH,ITH5,8,Emilia-Romagna,Emilia-Romagna,4459477,585418,13.13,0.92
3824,2021-03-30,EMR,23345,10339,13006,18008,5041,296,ITH,ITH5,8,Emilia-Romagna,Emilia-Romagna,4459477,608763,13.65,0.52
3825,2021-07-22,EMR,40050,21378,18672,15202,24005,843,ITH,ITH5,8,Emilia-Romagna,Emilia-Romagna,4459477,648813,14.55,0.9
3826,2021-01-04,EMR,7314,2527,4787,7311,0,3,ITH,ITH5,8,Emilia-Romagna,Emilia-Romagna,4459477,656127,14.71,0.16
3827,2021-01-23,EMR,2448,871,1577,440,2008,0,ITH,ITH5,8,Emilia-Romagna,Emilia-Romagna,4459477,658575,14.77,0.05
3828,2021-05-07,EMR,35298,16970,18328,22748,11875,675,ITH,ITH5,8,Emilia-Romagna,Emilia-Romagna,4459477,693873,15.56,0.79
3829,2021-07-03,EMR,32059,15902,16157,11652,19982,425,ITH,ITH5,8,Emilia-Romagna,Emilia-Romagna,4459477,725932,16.28,0.72
3830,2021-04-23,EMR,29564,13811,15753,14304,14885,375,ITH,ITH5,8,Emilia-Romagna,Emilia-Romagna,4459477,755496,16.94,0.66
3831,2021-01-13,EMR,9076,2941,6135,9071,0,5,ITH,ITH5,8,Emilia-Romagna,Emilia-Romagna,4459477,764572,17.14,0.2
3832,2021-04-04,EMR,9879,4717,5162,7526,2267,86,ITH,ITH5,8,Emilia-Romagna,Emilia-Romagna,4459477,774451,17.37,0.22
3833,2021-01-11,EMR,9346,3273,6073,9337,0,9,ITH,ITH5,8,Emilia-Romagna,Emilia-Romagna,4459477,783797,17.58,0.21
3834,2021-03-09,EMR,14758,6019,8739,10710,3953,95,ITH,ITH5,8,Emilia-Romagna,Emilia-Romagna,4459477,798555,17.91,0.33
3835,2021-05-05,EMR,30120,13995,16125,18286,11267,567,ITH,ITH5,8,Emilia-Romagna,Emilia-Romagna,4459477,828675,18.58,0.68
3836,2021-05-23,EMR,25489,11861,13628,13639,11597,253,ITH,ITH5,8,Emilia-Romagna,Emilia-Romagna,4459477,854164,19.15,0.57
3837,2021-07-19,EMR,41831,22034,19797,6878,34629,324,ITH,ITH5,8,Emilia-Romagna,Emilia-Romagna,4459477,895995,20.09,0.94
3838,2021-05-31,EMR,29772,13768,16004,17796,11504,472,ITH,ITH5,8,Emilia-Romagna,Emilia-Romagna,4459477,925767,20.76,0.67
3839,2021-02-20,EMR,5319,2094,3225,5049,263,7,ITH,ITH5,8,Emilia-Romagna,Emilia-Romagna,4459477,931086,20.88,0.12
3840,2021-01-15,EMR,7750,2404,5346,7742,0,8,ITH,ITH5,8,Emilia-Romagna,Emilia-Romagna,4459477,938836,21.05,0.17
3841,2021-06-09,EMR,43047,21871,21176,36124,6376,547,ITH,ITH5,8,Emilia-Romagna,Emilia-Romagna,4459477,981883,22.02,0.97
3842,2021-03-01,EMR,10098,3582,6516,7814,2259,25,ITH,ITH5,8,Emilia-Romagna,Emilia-Romagna,4459477,991981,22.24,0.23
3843,2021-05-09,EMR,25614,12254,13360,18247,6968,399,ITH,ITH5,8,Emilia-Romagna,Emilia-Romagna,4459477,1017595,22.82,0.57
3844,2021-01-29,EMR,10416,3496,6920,289,10126,1,ITH,ITH5,8,Emilia-Romagna,Emilia-Romagna,4459477,1028011,23.05,0.23
3845,2021-02-15,EMR,2904,851,2053,2712,125,67,ITH,ITH5,8,Emilia-Romagna,Emilia-Romagna,4459477,1030915,23.12,0.07
3846,2021-01-27,EMR,8363,2949,5414,462,7901,0,ITH,ITH5,8,Emilia-Romagna,Emilia-Romagna,4459477,1039278,23.3,0.19
3847,2021-07-27,EMR,40211,21352,18859,16823,22678,710,ITH,ITH5,8,Emilia-Romagna,Emilia-Romagna,4459477,1079489,24.21,0.9
3848,2021-04-18,EMR,17505,8396,9109,12362,4919,224,ITH,ITH5,8,Emilia-Romagna,Emilia-Romagna,4459477,1096994,24.6,0.39
3849,2021-06-14,EMR,41291,21348,19943,27768,13073,450,ITH,ITH5,8,Emilia-Romagna,Emilia-Romagna,4459477,1138285,25.53,0.93
3850,2021-02-25,EMR,9249,3499,5750,8273,954,22,ITH,ITH5,8,Emilia-Romagna,Emilia-Romagna,4459477,1147534,25.73,0.21
3851,2021-06-19,EMR,36642,18342,18300,16976,19386,280,ITH,ITH5,8,Emilia-Romagna,Emilia-Romagna,4459477,1184176,26.55,0.82
3852,2021-03-11,EMR,17458,7309,10149,11434,5851,173,ITH,ITH5,8,Emilia-Romagna,Emilia-Romagna,4459477,1201634,26.95,0.39
3853,2021-02-06,EMR,7594,2404,5190,2105,5485,4,ITH,ITH5,8,Emilia-Romagna,Emilia-Romagna,4459477,1209228,27.12,0.17
3854,2021-06-26,EMR,37438,18971,18467,21394,15528,516,ITH,ITH5,8,Emilia-Romagna,Emilia-Romagna,4459477,1246666,27.96,0.84
3855,2021-07-10,EMR,41965,21367,20598,6921,34537,507,ITH,ITH5,8,Emilia-Romagna,Emilia-Romagna,4459477,1288631,28.9,0.94
3856,2021-05-19,EMR,33753,14971,18782,18066,15201,486,ITH,ITH5,8,Emilia-Romagna,Emilia-Romagna,4459477,1322384,29.65,0.76
3857,2021-06-02,EMR,24103,12065,12038,18935,4972,196,ITH,ITH5,8,Emilia-Romagna,Emilia-Romagna,4459477,1346487,30.19,0.54
3858,2021-03-13,EMR,16138,6361,9777,10590,5313,235,ITH,ITH5,8,Emilia-Romagna,Emilia-Romagna,4459477,1362625,30.56,0.36
3859,2021-07-05,EMR,33185,16186,16999,11442,21341,402,ITH,ITH5,8,Emilia-Romagna,Emilia-Romagna,4459477,1395810,31.3,0.74
3860,2021-06-30,EMR,34224,17275,16949,18080,15654,490,ITH,ITH5,8,Emilia-Romagna,Emilia-Romagna,4459477,1430034,32.07,0.77
3861,2021-07-17,EMR,43448,22922,20526,7431,35548,469,ITH,ITH5,8,Emilia-Romagna,Emilia-Romagna,4459477,1473482,33.04,0.97
3862,2021-06-11,EMR,45884,23823,22061,38789,6516,579,ITH,ITH5,8,Emilia-Romagna,Emilia-Romagna,4459477,1519366,34.07,1.03
3863,2021-06-28,EMR,40025,19634,20391,19916,19564,545,ITH,ITH5,8,Emilia-Romagna,Emilia-Romagna,4459477,1559391,34.97,0.9
3864,2021-03-20,EMR,16086,6830,9256,8956,6964,166,ITH,ITH5,8,Emilia-Romagna,Emilia-Romagna,4459477,1575477,35.33,0.36
3865,2021-04-06,EMR,24752,11174,13578,19719,4746,287,ITH,ITH5,8,Emilia-Romagna,Emilia-Romagna,4459477,1600229,35.88,0.56
3866,2020-12-27,EMR,972,373,599,972,0,0,ITH,ITH5,8,Emilia-Romagna,Emilia-Romagna,4459477,1601201,35.91,0.02
3867,2021-07-12,EMR,43949,22262,21687,5547,38030,372,ITH,ITH5,8,Emilia-Romagna,Emilia-Romagna,4459477,1645150,36.89,0.99
3868,2021-06-04,EMR,45672,22988,22684,37144,8178,350,ITH,ITH5,8,Emilia-Romagna,Emilia-Romagna,4459477,1690822,37.92,1.02
3869,2021-01-20,EMR,1327,270,1057,1325,1,1,ITH,ITH5,8,Emilia-Romagna,Emilia-Romagna,4459477,1692149,37.95,0.03
3870,2021-03-25,EMR,21481,9417,12064,14232,6990,259,ITH,ITH5,8,Emilia-Romagna,Emilia-Romagna,4459477,1713630,38.43,0.48
3871,2021-05-21,EMR,39323,17543,21780,21733,17078,512,ITH,ITH5,8,Emilia-Romagna,Emilia-Romagna,4459477,1752953,39.31,0.88
3872,2021-02-10,EMR,4023,1385,2638,2761,1256,6,ITH,ITH5,8,Emilia-Romagna,Emilia-Romagna,4459477,1756976,39.4,0.09
3873,2021-04-08,EMR,31214,14331,16883,25210,5304,700,ITH,ITH5,8,Emilia-Romagna,Emilia-Romagna,4459477,1788190,40.1,0.7
3874,2021-03-18,EMR,13677,5807,7870,5584,8002,91,ITH,ITH5,8,Emilia-Romagna,Emilia-Romagna,4459477,1801867,40.41,0.31
3875,2021-05-14,EMR,37291,17180,20111,26763,9636,892,ITH,ITH5,8,Emilia-Romagna,Emilia-Romagna,4459477,1839158,41.24,0.84
3876,2021-02-03,EMR,9340,2989,6351,963,8376,1,ITH,ITH5,8,Emilia-Romagna,Emilia-Romagna,4459477,1848498,41.45,0.21
3877,2021-04-01,EMR,23953,10772,13181,19063,4551,339,ITH,ITH5,8,Emilia-Romagna,Emilia-Romagna,4459477,1872451,41.99,0.54
3878,2021-02-17,EMR,6539,2764,3775,5755,772,12,ITH,ITH5,8,Emilia-Romagna,Emilia-Romagna,4459477,1878990,42.13,0.15
3879,2021-06-01,EMR,27154,13096,14058,17021,9909,224,ITH,ITH5,8,Emilia-Romagna,Emilia-Romagna,4459477,1906144,42.74,0.61
3880,2021-07-28,EMR,10235,5456,4779,3102,7006,127,ITH,ITH5,8,Emilia-Romagna,Emilia-Romagna,4459477,1916379,42.97,0.23
3881,2021-03-27,EMR,21659,9058,12601,14505,6908,246,ITH,ITH5,8,Emilia-Romagna,Emilia-Romagna,4459477,1938038,43.46,0.49
3882,2021-04-13,EMR,23717,11127,12590,19028,4343,346,ITH,ITH5,8,Emilia-Romagna,Emilia-Romagna,4459477,1961755,43.99,0.53
3883,2021-01-03,EMR,2764,944,1820,2764,0,0,ITH,ITH5,8,Emilia-Romagna,Emilia-Romagna,4459477,1964519,44.05,0.06
3884,2021-05-02,EMR,25581,11653,13928,13191,11991,399,ITH,ITH5,8,Emilia-Romagna,Emilia-Romagna,4459477,1990100,44.63,0.57
3885,2021-01-22,EMR,1829,477,1352,1086,741,2,ITH,ITH5,8,Emilia-Romagna,Emilia-Romagna,4459477,1991929,44.67,0.04
3886,2021-02-08,EMR,5231,1534,3697,2315,2913,3,ITH,ITH5,8,Emilia-Romagna,Emilia-Romagna,4459477,1997160,44.78,0.12
3887,2021-05-16,EMR,25858,12175,13683,18360,7121,377,ITH,ITH5,8,Emilia-Romagna,Emilia-Romagna,4459477,2023018,45.36,0.58
3888,2021-02-22,EMR,7482,3091,4391,7197,272,13,ITH,ITH5,8,Emilia-Romagna,Emilia-Romagna,4459477,2030500,45.53,0.17
3889,2021-06-13,EMR,28711,14971,13740,24098,4278,335,ITH,ITH5,8,Emilia-Romagna,Emilia-Romagna,4459477,2059211,46.18,0.64
3890,2021-03-05,EMR,17868,5843,12025,14283,3465,120,ITH,ITH5,8,Emilia-Romagna,Emilia-Romagna,4459477,2077079,46.58,0.4
3891,2021-02-12,EMR,5315,1673,3642,3888,1403,24,ITH,ITH5,8,Emilia-Romagna,Emilia-Romagna,4459477,2082394,46.7,0.12
3892,2021-04-10,EMR,20922,9301,11621,16449,4143,330,ITH,ITH5,8,Emilia-Romagna,Emilia-Romagna,4459477,2103316,47.17,0.47
3893,2021-04-17,EMR,27305,13077,14228,17574,9346,385,ITH,ITH5,8,Emilia-Romagna,Emilia-Romagna,4459477,2130621,47.78,0.61
3894,2021-01-07,EMR,10274,3406,6868,10270,0,4,ITH,ITH5,8,Emilia-Romagna,Emilia-Romagna,4459477,2140895,48.01,0.23
3895,2021-04-03,EMR,19938,8766,11172,15953,3740,245,ITH,ITH5,8,Emilia-Romagna,Emilia-Romagna,4459477,2160833,48.45,0.45
3896,2021-05-30,EMR,27079,12794,14285,13063,13696,320,ITH,ITH5,8,Emilia-Romagna,Emilia-Romagna,4459477,2187912,49.06,0.61
3897,2021-02-19,EMR,7326,3010,4316,6799,514,13,ITH,ITH5,8,Emilia-Romagna,Emilia-Romagna,4459477,2195238,49.23,0.16
3898,2021-07-26,EMR,39029,20770,18259,15725,22587,717,ITH,ITH5,8,Emilia-Romagna,Emilia-Romagna,4459477,2234267,50.1,0.88
3899,2020-12-31,EMR,2215,780,1435,2214,0,1,ITH,ITH5,8,Emilia-Romagna,Emilia-Romagna,4459477,2236482,50.15,0.05
3900,2021-06-06,EMR,36570,18985,17585,31951,4408,211,ITH,ITH5,8,Emilia-Romagna,Emilia-Romagna,4459477,2273052,50.97,0.82
3901,2021-02-26,EMR,9636,3673,5963,8566,1050,20,ITH,ITH5,8,Emilia-Romagna,Emilia-Romagna,4459477,2282688,51.19,0.22
3902,2021-05-28,EMR,41232,18946,22286,17323,23370,539,ITH,ITH5,8,Emilia-Romagna,Emilia-Romagna,4459477,2323920,52.11,0.92
3903,2021-04-22,EMR,29054,13453,15601,14616,14077,361,ITH,ITH5,8,Emilia-Romagna,Emilia-Romagna,4459477,2352974,52.76,0.65
3904,2021-01-12,EMR,9475,3124,6351,9465,0,10,ITH,ITH5,8,Emilia-Romagna,Emilia-Romagna,4459477,2362449,52.98,0.21
3905,2021-07-16,EMR,49675,26218,23457,7160,41969,546,ITH,ITH5,8,Emilia-Romagna,Emilia-Romagna,4459477,2412124,54.09,1.11
3906,2021-06-27,EMR,29543,14860,14683,16449,12722,372,ITH,ITH5,8,Emilia-Romagna,Emilia-Romagna,4459477,2441667,54.75,0.66
3907,2021-07-14,EMR,47852,24469,23383,5734,41730,388,ITH,ITH5,8,Emilia-Romagna,Emilia-Romagna,4459477,2489519,55.83,1.07
3908,2021-04-05,EMR,14847,6802,8045,11779,2892,176,ITH,ITH5,8,Emilia-Romagna,Emilia-Romagna,4459477,2504366,56.16,0.33
3909,2021-04-24,EMR,28635,13243,15392,14058,14231,346,ITH,ITH5,8,Emilia-Romagna,Emilia-Romagna,4459477,2533001,56.8,0.64
3910,2021-05-11,EMR,35793,16798,18995,27815,7257,721,ITH,ITH5,8,Emilia-Romagna,Emilia-Romagna,4459477,2568794,57.6,0.8
3911,2021-01-31,EMR,7697,2763,4934,240,7457,0,ITH,ITH5,8,Emilia-Romagna,Emilia-Romagna,4459477,2576491,57.78,0.17
3912,2021-07-24,EMR,24149,12905,11244,10756,12842,551,ITH,ITH5,8,Emilia-Romagna,Emilia-Romagna,4459477,2600640,58.32,0.54
3913,2021-04-15,EMR,29353,13982,15371,19249,9676,428,ITH,ITH5,8,Emilia-Romagna,Emilia-Romagna,4459477,2629993,58.98,0.66
3914,2021-06-18,EMR,42538,21290,21248,16360,25884,294,ITH,ITH5,8,Emilia-Romagna,Emilia-Romagna,4459477,2672531,59.93,0.95
3915,2021-03-10,EMR,18804,7743,11061,12978,5646,180,ITH,ITH5,8,Emilia-Romagna,Emilia-Romagna,4459477,2691335,60.35,0.42
3916,2021-05-18,EMR,29196,13267,15929,18097,10614,485,ITH,ITH5,8,Emilia-Romagna,Emilia-Romagna,4459477,2720531,61.01,0.65
3917,2021-02-07,EMR,4785,1536,3249,1722,3061,2,ITH,ITH5,8,Emilia-Romagna,Emilia-Romagna,4459477,2725316,61.11,0.11
3918,2021-02-24,EMR,9352,3567,5785,8450,885,17,ITH,ITH5,8,Emilia-Romagna,Emilia-Romagna,4459477,2734668,61.32,0.21
3919,2021-01-05,EMR,9362,3171,6191,9358,0,4,ITH,ITH5,8,Emilia-Romagna,Emilia-Romagna,4459477,2744030,61.53,0.21
3920,2021-05-01,EMR,28422,12779,15643,15276,12791,355,ITH,ITH5,8,Emilia-Romagna,Emilia-Romagna,4459477,2772452,62.17,0.64
3921,2021-04-12,EMR,19249,9009,10240,14448,4448,353,ITH,ITH5,8,Emilia-Romagna,Emilia-Romagna,4459477,2791701,62.6,0.43
3922,2021-06-08,EMR,44998,23029,21969,37134,7470,394,ITH,ITH5,8,Emilia-Romagna,Emilia-Romagna,4459477,2836699,63.61,1.01
3923,2021-04-29,EMR,44962,21141,23821,26596,17555,811,ITH,ITH5,8,Emilia-Romagna,Emilia-Romagna,4459477,2881661,64.62,1.01
3924,2021-01-19,EMR,2046,505,1541,2028,17,1,ITH,ITH5,8,Emilia-Romagna,Emilia-Romagna,4459477,2883707,64.66,0.05
3925,2021-07-07,EMR,37841,19112,18729,13631,23659,551,ITH,ITH5,8,Emilia-Romagna,Emilia-Romagna,4459477,2921548,65.51,0.85
3926,2021-03-29,EMR,21431,9618,11813,16541,4650,240,ITH,ITH5,8,Emilia-Romagna,Emilia-Romagna,4459477,2942979,65.99,0.48
3927,2021-02-21,EMR,4450,1708,2742,4000,440,10,ITH,ITH5,8,Emilia-Romagna,Emilia-Romagna,4459477,2947429,66.09,0.1
3928,2021-07-25,EMR,28167,15008,13159,10377,17354,436,ITH,ITH5,8,Emilia-Romagna,Emilia-Romagna,4459477,2975596,66.73,0.63
3929,2021-04-28,EMR,33728,15595,18133,20258,12892,578,ITH,ITH5,8,Emilia-Romagna,Emilia-Romagna,4459477,3009324,67.48,0.76
3930,2021-06-24,EMR,40329,20181,20148,20335,19550,444,ITH,ITH5,8,Emilia-Romagna,Emilia-Romagna,4459477,3049653,68.39,0.9
3931,2021-06-17,EMR,46449,23478,22971,21841,24189,419,ITH,ITH5,8,Emilia-Romagna,Emilia-Romagna,4459477,3096102,69.43,1.04
3932,2021-01-10,EMR,7171,2684,4487,7170,0,1,ITH,ITH5,8,Emilia-Romagna,Emilia-Romagna,4459477,3103273,69.59,0.16
3933,2021-06-16,EMR,45738,23375,22363,25375,19936,427,ITH,ITH5,8,Emilia-Romagna,Emilia-Romagna,4459477,3149011,70.61,1.03
3934,2021-03-08,EMR,12190,5092,7098,9464,2647,79,ITH,ITH5,8,Emilia-Romagna,Emilia-Romagna,4459477,3161201,70.89,0.27
3935,2021-04-20,EMR,22625,10406,12219,13884,8354,387,ITH,ITH5,8,Emilia-Romagna,Emilia-Romagna,4459477,3183826,71.39,0.51
3936,2021-06-23,EMR,37761,18890,18871,18581,18840,340,ITH,ITH5,8,Emilia-Romagna,Emilia-Romagna,4459477,3221587,72.24,0.85
3937,2021-01-08,EMR,10868,3580,7288,10865,0,3,ITH,ITH5,8,Emilia-Romagna,Emilia-Romagna,4459477,3232455,72.49,0.24
3938,2021-03-06,EMR,20916,5941,14975,18053,2739,124,ITH,ITH5,8,Emilia-Romagna,Emilia-Romagna,4459477,3253371,72.95,0.47
3939,2021-05-20,EMR,40317,18325,21992,18464,21414,439,ITH,ITH5,8,Emilia-Romagna,Emilia-Romagna,4459477,3293688,73.86,0.9
3940,2021-03-22,EMR,17647,7814,9833,10615,6863,169,ITH,ITH5,8,Emilia-Romagna,Emilia-Romagna,4459477,3311335,74.25,0.4
3941,2021-03-03,EMR,15869,5253,10616,13331,2486,52,ITH,ITH5,8,Emilia-Romagna,Emilia-Romagna,4459477,3327204,74.61,0.36
3942,2021-05-25,EMR,25170,11214,13956,11316,13449,405,ITH,ITH5,8,Emilia-Romagna,Emilia-Romagna,4459477,3352374,75.17,0.56
3943,2021-02-14,EMR,1403,378,1025,1275,120,8,ITH,ITH5,8,Emilia-Romagna,Emilia-Romagna,4459477,3353777,75.21,0.03
3944,2021-02-05,EMR,9299,2959,6340,1610,7683,6,ITH,ITH5,8,Emilia-Romagna,Emilia-Romagna,4459477,3363076,75.41,0.21
3945,2021-06-20,EMR,30714,15587,15127,15841,14654,219,ITH,ITH5,8,Emilia-Romagna,Emilia-Romagna,4459477,3393790,76.1,0.69
3946,2021-07-23,EMR,39191,21211,17980,19377,18844,970,ITH,ITH5,8,Emilia-Romagna,Emilia-Romagna,4459477,3432981,76.98,0.88
3947,2021-04-14,EMR,27043,12844,14199,20511,6105,427,ITH,ITH5,8,Emilia-Romagna,Emilia-Romagna,4459477,3460024,77.59,0.61
3948,2021-01-21,EMR,2165,729,1436,819,1346,0,ITH,ITH5,8,Emilia-Romagna,Emilia-Romagna,4459477,3462189,77.64,0.05
3949,2021-06-29,EMR,37621,18554,19067,18427,18770,424,ITH,ITH5,8,Emilia-Romagna,Emilia-Romagna,4459477,3499810,78.48,0.84
3950,2021-03-21,EMR,11956,5296,6660,7261,4605,90,ITH,ITH5,8,Emilia-Romagna,Emilia-Romagna,4459477,3511766,78.75,0.27
3951,2021-06-10,EMR,44984,23100,21884,39091,5360,533,ITH,ITH5,8,Emilia-Romagna,Emilia-Romagna,4459477,3556750,79.76,1.01
3952,2021-03-02,EMR,12659,4272,8387,10516,2087,56,ITH,ITH5,8,Emilia-Romagna,Emilia-Romagna,4459477,3569409,80.04,0.28
3953,2021-03-19,EMR,15925,6972,8953,7799,7969,157,ITH,ITH5,8,Emilia-Romagna,Emilia-Romagna,4459477,3585334,80.4,0.36
3954,2021-04-07,EMR,26118,11891,14227,19790,6014,314,ITH,ITH5,8,Emilia-Romagna,Emilia-Romagna,4459477,3611452,80.98,0.59
3955,2021-01-14,EMR,8129,2593,5536,8119,0,10,ITH,ITH5,8,Emilia-Romagna,Emilia-Romagna,4459477,3619581,81.17,0.18
3956,2021-07-21,EMR,42075,22420,19655,10550,30986,539,ITH,ITH5,8,Emilia-Romagna,Emilia-Romagna,4459477,3661656,82.11,0.94
3957,2021-04-19,EMR,20902,9796,11106,14336,6273,293,ITH,ITH5,8,Emilia-Romagna,Emilia-Romagna,4459477,3682558,82.58,0.47
3958,2021-01-09,EMR,9989,3453,6536,9985,0,4,ITH,ITH5,8,Emilia-Romagna,Emilia-Romagna,4459477,3692547,82.8,0.22
3959,2021-06-15,EMR,43681,22513,21168,28080,15038,563,ITH,ITH5,8,Emilia-Romagna,Emilia-Romagna,4459477,3736228,83.78,0.98
3960,2021-03-07,EMR,7840,2959,4881,6288,1520,32,ITH,ITH5,8,Emilia-Romagna,Emilia-Romagna,4459477,3744068,83.96,0.18
3961,2021-05-03,EMR,28719,13567,15152,17391,10880,448,ITH,ITH5,8,Emilia-Romagna,Emilia-Romagna,4459477,3772787,84.6,0.64
3962,2021-06-03,EMR,37908,18434,19474,30057,7548,303,ITH,ITH5,8,Emilia-Romagna,Emilia-Romagna,4459477,3810695,85.45,0.85
3963,2021-02-23,EMR,8216,3219,4997,7819,386,11,ITH,ITH5,8,Emilia-Romagna,Emilia-Romagna,4459477,3818911,85.64,0.18
3964,2021-03-12,EMR,18309,7703,10606,11303,6718,288,ITH,ITH5,8,Emilia-Romagna,Emilia-Romagna,4459477,3837220,86.05,0.41
3965,2021-05-27,EMR,42269,18748,23521,13653,28213,403,ITH,ITH5,8,Emilia-Romagna,Emilia-Romagna,4459477,3879489,86.99,0.95
3966,2021-02-16,EMR,5772,2446,3326,5227,531,14,ITH,ITH5,8,Emilia-Romagna,Emilia-Romagna,4459477,3885261,87.12,0.13
3967,2021-05-10,EMR,33864,16142,17722,26055,7257,552,ITH,ITH5,8,Emilia-Romagna,Emilia-Romagna,4459477,3919125,87.88,0.76
3968,2021-04-21,EMR,23962,10965,12997,13855,9746,361,ITH,ITH5,8,Emilia-Romagna,Emilia-Romagna,4459477,3943087,88.42,0.54
3969,2021-05-08,EMR,32349,15097,17252,20388,11421,540,ITH,ITH5,8,Emilia-Romagna,Emilia-Romagna,4459477,3975436,89.15,0.73
3970,2021-01-28,EMR,10256,3340,6916,348,9908,0,ITH,ITH5,8,Emilia-Romagna,Emilia-Romagna,4459477,3985692,89.38,0.23
3971,2021-06-25,EMR,42519,21528,20991,19731,22295,493,ITH,ITH5,8,Emilia-Romagna,Emilia-Romagna,4459477,4028211,90.33,0.95
3972,2021-03-17,EMR,13723,5692,8031,5814,7851,58,ITH,ITH5,8,Emilia-Romagna,Emilia-Romagna,4459477,4041934,90.64,0.31
3973,2021-05-13,EMR,35830,16508,19322,27269,7838,723,ITH,ITH5,8,Emilia-Romagna,Emilia-Romagna,4459477,4077764,91.44,0.8
3974,2021-03-15,EMR,13450,6250,7200,6849,6500,101,ITH,ITH5,8,Emilia-Romagna,Emilia-Romagna,4459477,4091214,91.74,0.3
3975,2021-02-09,EMR,4154,1249,2905,2306,1847,1,ITH,ITH5,8,Emilia-Romagna,Emilia-Romagna,4459477,4095368,91.84,0.09
3976,2021-05-15,EMR,33272,14990,18282,22208,10425,639,ITH,ITH5,8,Emilia-Romagna,Emilia-Romagna,4459477,4128640,92.58,0.75
3977,2021-02-04,EMR,9921,3202,6719,1230,8690,1,ITH,ITH5,8,Emilia-Romagna,Emilia-Romagna,4459477,4138561,92.8,0.22
3978,2021-05-22,EMR,33087,14144,18943,16514,16169,404,ITH,ITH5,8,Emilia-Romagna,Emilia-Romagna,4459477,4171648,93.55,0.74
3979,2021-07-18,EMR,34422,17842,16580,8374,25705,343,ITH,ITH5,8,Emilia-Romagna,Emilia-Romagna,4459477,4206070,94.32,0.77
3980,2021-04-09,EMR,25733,11669,14064,19532,5701,500,ITH,ITH5,8,Emilia-Romagna,Emilia-Romagna,4459477,4231803,94.89,0.58
3981,2021-02-02,EMR,9484,3049,6435,525,8959,0,ITH,ITH5,8,Emilia-Romagna,Emilia-Romagna,4459477,4241287,95.11,0.21
3982,2021-02-28,EMR,6820,2527,4293,4955,1846,19,ITH,ITH5,8,Emilia-Romagna,Emilia-Romagna,4459477,4248107,95.26,0.15
3983,2021-04-26,EMR,27908,12938,14970,18036,9323,549,ITH,ITH5,8,Emilia-Romagna,Emilia-Romagna,4459477,4276015,95.89,0.63
3984,2021-01-16,EMR,5628,1718,3910,5627,0,1,ITH,ITH5,8,Emilia-Romagna,Emilia-Romagna,4459477,4281643,96.01,0.13
3985,2021-03-14,EMR,8802,3839,4963,4941,3798,63,ITH,ITH5,8,Emilia-Romagna,Emilia-Romagna,4459477,4290445,96.21,0.2
3986,2021-01-02,EMR,2379,917,1462,2379,0,0,ITH,ITH5,8,Emilia-Romagna,Emilia-Romagna,4459477,4292824,96.26,0.05
3987,2021-06-05,EMR,44264,22366,21898,36953,6906,405,ITH,ITH5,8,Emilia-Romagna,Emilia-Romagna,4459477,4337088,97.26,0.99
3988,2021-06-22,EMR,36434,18144,18290,16492,19613,329,ITH,ITH5,8,Emilia-Romagna,Emilia-Romagna,4459477,4373522,98.07,0.82
3989,2021-07-06,EMR,36745,18468,18277,13118,23158,469,ITH,ITH5,8,Emilia-Romagna,Emilia-Romagna,4459477,4410267,98.9,0.82
3990,2021-05-17,EMR,32431,15403,17028,22365,9523,543,ITH,ITH5,8,Emilia-Romagna,Emilia-Romagna,4459477,4442698,99.62,0.73
3991,2021-05-04,EMR,29283,13710,15573,15148,13661,474,ITH,ITH5,8,Emilia-Romagna,Emilia-Romagna,4459477,4471981,100.28,0.66
3992,2021-02-27,EMR,10961,3998,6963,9192,1738,31,ITH,ITH5,8,Emilia-Romagna,Emilia-Romagna,4459477,4482942,100.53,0.25
3993,2021-04-25,EMR,22352,10240,12112,14403,7512,437,ITH,ITH5,8,Emilia-Romagna,Emilia-Romagna,4459477,4505294,101.03,0.5
3994,2021-04-27,EMR,32113,14867,17246,19228,12464,421,ITH,ITH5,8,Emilia-Romagna,Emilia-Romagna,4459477,4537407,101.75,0.72
3995,2021-05-06,EMR,35941,16608,19333,22174,13064,703,ITH,ITH5,8,Emilia-Romagna,Emilia-Romagna,4459477,4573348,102.55,0.81
3996,2021-01-26,EMR,8334,3000,5334,211,8122,1,ITH,ITH5,8,Emilia-Romagna,Emilia-Romagna,4459477,4581682,102.74,0.19
3997,2021-07-02,EMR,34704,17067,17637,12570,21692,442,ITH,ITH5,8,Emilia-Romagna,Emilia-Romagna,4459477,4616386,103.52,0.78
3998,2021-03-24,EMR,21222,9402,11820,13620,7382,220,ITH,ITH5,8,Emilia-Romagna,Emilia-Romagna,4459477,4637608,103.99,0.48
3999,2021-01-24,EMR,2444,886,1558,298,2146,0,ITH,ITH5,8,Emilia-Romagna,Emilia-Romagna,4459477,4640052,104.05,0.05
4000,2021-07-09,EMR,44770,22863,21907,5490,38947,333,ITH,ITH5,8,Emilia-Romagna,Emilia-Romagna,4459477,4684822,105.05,1.0
4001,2021-01-17,EMR,2890,887,2003,2642,247,1,ITH,ITH5,8,Emilia-Romagna,Emilia-Romagna,4459477,4687712,105.12,0.06
4002,2021-04-02,EMR,23396,10554,12842,18561,4481,354,ITH,ITH5,8,Emilia-Romagna,Emilia-Romagna,4459477,4711108,105.64,0.52
4003,2021-05-29,EMR,37888,16507,21381,16738,20712,438,ITH,ITH5,8,Emilia-Romagna,Emilia-Romagna,4459477,4748996,106.49,0.85
4004,2021-07-11,EMR,30313,15198,15115,2880,27287,146,ITH,ITH5,8,Emilia-Romagna,Emilia-Romagna,4459477,4779309,107.17,0.68
4005,2021-03-31,EMR,25267,11044,14223,19494,5453,320,ITH,ITH5,8,Emilia-Romagna,Emilia-Romagna,4459477,4804576,107.74,0.57
4006,2021-07-13,EMR,48322,24748,23574,6687,41178,457,ITH,ITH5,8,Emilia-Romagna,Emilia-Romagna,4459477,4852898,108.82,1.08
4007,2021-07-04,EMR,24244,12053,12191,10311,13596,337,ITH,ITH5,8,Emilia-Romagna,Emilia-Romagna,4459477,4877142,109.37,0.54
4008,2021-03-26,EMR,23710,10116,13594,16999,6439,272,ITH,ITH5,8,Emilia-Romagna,Emilia-Romagna,4459477,4900852,109.9,0.53
4009,2021-03-24,MOL,1631,658,973,1214,402,15,ITF,ITF2,14,Molise,Molise,305617,1631,0.53,0.53
4010,2021-07-02,MOL,2630,1277,1353,121,2501,8,ITF,ITF2,14,Molise,Molise,305617,4261,1.39,0.86
4011,2021-07-04,MOL,2150,1085,1065,577,1550,23,ITF,ITF2,14,Molise,Molise,305617,6411,2.1,0.7
4012,2021-05-01,MOL,2651,1271,1380,407,2225,19,ITF,ITF2,14,Molise,Molise,305617,9062,2.97,0.87
4013,2021-03-05,MOL,1220,649,571,1002,205,13,ITF,ITF2,14,Molise,Molise,305617,10282,3.36,0.4
4014,2021-06-13,MOL,2864,1528,1336,2505,325,34,ITF,ITF2,14,Molise,Molise,305617,13146,4.3,0.94
4015,2021-04-17,MOL,3056,1502,1554,1543,1488,25,ITF,ITF2,14,Molise,Molise,305617,16202,5.3,1.0
4016,2021-06-20,MOL,422,174,248,47,371,4,ITF,ITF2,14,Molise,Molise,305617,16624,5.44,0.14
4017,2021-04-24,MOL,2551,1202,1349,695,1841,15,ITF,ITF2,14,Molise,Molise,305617,19175,6.27,0.83
4018,2021-02-26,MOL,563,260,303,489,73,1,ITF,ITF2,14,Molise,Molise,305617,19738,6.46,0.18
4019,2021-06-06,MOL,2065,1063,1002,1725,323,17,ITF,ITF2,14,Molise,Molise,305617,21803,7.13,0.68
4020,2021-02-07,MOL,66,32,34,19,47,0,ITF,ITF2,14,Molise,Molise,305617,21869,7.16,0.02
4021,2021-05-18,MOL,1645,877,768,984,655,6,ITF,ITF2,14,Molise,Molise,305617,23514,7.69,0.54
4022,2021-03-22,MOL,1149,441,708,889,244,16,ITF,ITF2,14,Molise,Molise,305617,24663,8.07,0.38
4023,2021-07-23,MOL,2846,1480,1366,812,1980,54,ITF,ITF2,14,Molise,Molise,305617,27509,9.0,0.93
4024,2021-02-19,MOL,169,93,76,167,2,0,ITF,ITF2,14,Molise,Molise,305617,27678,9.06,0.06
4025,2021-03-10,MOL,1737,720,1017,1666,50,21,ITF,ITF2,14,Molise,Molise,305617,29415,9.62,0.57
4026,2021-06-01,MOL,2600,1322,1278,2457,108,35,ITF,ITF2,14,Molise,Molise,305617,32015,10.48,0.85
4027,2021-07-14,MOL,3399,1662,1737,194,3189,16,ITF,ITF2,14,Molise,Molise,305617,35414,11.59,1.11
4028,2021-04-05,MOL,391,189,202,292,99,0,ITF,ITF2,14,Molise,Molise,305617,35805,11.72,0.13
4029,2021-03-29,MOL,2033,835,1198,1518,486,29,ITF,ITF2,14,Molise,Molise,305617,37838,12.38,0.67
4030,2021-01-31,MOL,268,70,198,6,262,0,ITF,ITF2,14,Molise,Molise,305617,38106,12.47,0.09
4031,2021-01-26,MOL,450,184,266,8,442,0,ITF,ITF2,14,Molise,Molise,305617,38556,12.62,0.15
4032,2021-05-06,MOL,2680,1214,1466,2043,598,39,ITF,ITF2,14,Molise,Molise,305617,41236,13.49,0.88
4033,2021-07-28,MOL,784,402,382,361,409,14,ITF,ITF2,14,Molise,Molise,305617,42020,13.75,0.26
4034,2021-06-27,MOL,2365,1120,1245,1128,1227,10,ITF,ITF2,14,Molise,Molise,305617,44385,14.52,0.77
4035,2021-01-07,MOL,598,209,389,598,0,0,ITF,ITF2,14,Molise,Molise,305617,44983,14.72,0.2
4036,2021-02-12,MOL,333,150,183,208,124,1,ITF,ITF2,14,Molise,Molise,305617,45316,14.83,0.11
4037,2021-01-12,MOL,336,114,222,336,0,0,ITF,ITF2,14,Molise,Molise,305617,45652,14.94,0.11
4038,2021-02-24,MOL,666,278,388,325,333,8,ITF,ITF2,14,Molise,Molise,305617,46318,15.16,0.22
4039,2021-01-17,MOL,78,38,40,48,30,0,ITF,ITF2,14,Molise,Molise,305617,46396,15.18,0.03
4040,2021-04-10,MOL,2641,1262,1379,2454,152,35,ITF,ITF2,14,Molise,Molise,305617,49037,16.05,0.86
4041,2021-02-05,MOL,593,269,324,55,538,0,ITF,ITF2,14,Molise,Molise,305617,49630,16.24,0.19
4042,2021-01-19,MOL,173,63,110,162,11,0,ITF,ITF2,14,Molise,Molise,305617,49803,16.3,0.06
4043,2021-04-29,MOL,2240,1147,1093,878,1348,14,ITF,ITF2,14,Molise,Molise,305617,52043,17.03,0.73
4044,2021-04-12,MOL,1299,557,742,1037,251,11,ITF,ITF2,14,Molise,Molise,305617,53342,17.45,0.43
4045,2021-07-21,MOL,1366,689,677,559,791,16,ITF,ITF2,14,Molise,Molise,305617,54708,17.9,0.45
4046,2021-03-19,MOL,1184,482,702,740,427,17,ITF,ITF2,14,Molise,Molise,305617,55892,18.29,0.39
4047,2021-01-21,MOL,6,2,4,6,0,0,ITF,ITF2,14,Molise,Molise,305617,55898,18.29,0.0
4048,2021-05-20,MOL,2662,1371,1291,2398,186,78,ITF,ITF2,14,Molise,Molise,305617,58560,19.16,0.87
4049,2021-05-25,MOL,1964,888,1076,1299,631,34,ITF,ITF2,14,Molise,Molise,305617,60524,19.8,0.64
4050,2021-01-04,MOL,314,131,183,314,0,0,ITF,ITF2,14,Molise,Molise,305617,60838,19.91,0.1
4051,2021-04-14,MOL,1806,767,1039,1135,661,10,ITF,ITF2,14,Molise,Molise,305617,62644,20.5,0.59
4052,2021-02-16,MOL,156,70,86,149,6,1,ITF,ITF2,14,Molise,Molise,305617,62800,20.55,0.05
4053,2021-05-27,MOL,2835,1348,1487,1962,836,37,ITF,ITF2,14,Molise,Molise,305617,65635,21.48,0.93
4054,2021-05-13,MOL,3039,1410,1629,2529,457,53,ITF,ITF2,14,Molise,Molise,305617,68674,22.47,0.99
4055,2021-04-28,MOL,1696,925,771,471,1218,7,ITF,ITF2,14,Molise,Molise,305617,70370,23.03,0.55
4056,2021-07-16,MOL,2983,1513,1470,379,2576,28,ITF,ITF2,14,Molise,Molise,305617,73353,24.0,0.98
4057,2021-07-09,MOL,3436,1649,1787,166,3252,18,ITF,ITF2,14,Molise,Molise,305617,76789,25.13,1.12
4058,2021-03-17,MOL,908,385,523,518,332,58,ITF,ITF2,14,Molise,Molise,305617,77697,25.42,0.3
4059,2021-06-25,MOL,3432,1688,1744,1465,1915,52,ITF,ITF2,14,Molise,Molise,305617,81129,26.55,1.12
4060,2021-06-08,MOL,2896,1600,1296,2197,696,3,ITF,ITF2,14,Molise,Molise,305617,84025,27.49,0.95
4061,2021-03-03,MOL,672,316,356,586,82,4,ITF,ITF2,14,Molise,Molise,305617,84697,27.71,0.22
4062,2021-01-05,MOL,449,180,269,449,0,0,ITF,ITF2,14,Molise,Molise,305617,85146,27.86,0.15
4063,2021-03-15,MOL,832,338,494,570,245,17,ITF,ITF2,14,Molise,Molise,305617,85978,28.13,0.27
4064,2021-06-24,MOL,3327,1549,1778,433,2858,36,ITF,ITF2,14,Molise,Molise,305617,89305,29.22,1.09
4065,2021-03-02,MOL,667,383,284,503,158,6,ITF,ITF2,14,Molise,Molise,305617,89972,29.44,0.22
4066,2021-06-10,MOL,2571,1182,1389,1233,1301,37,ITF,ITF2,14,Molise,Molise,305617,92543,30.28,0.84
4067,2021-03-07,MOL,1132,501,631,1127,2,3,ITF,ITF2,14,Molise,Molise,305617,93675,30.65,0.37
4068,2021-06-15,MOL,2215,1042,1173,748,1451,16,ITF,ITF2,14,Molise,Molise,305617,95890,31.38,0.72
4069,2021-06-17,MOL,2307,1017,1290,911,1369,27,ITF,ITF2,14,Molise,Molise,305617,98197,32.13,0.75
4070,2021-01-28,MOL,613,217,396,17,596,0,ITF,ITF2,14,Molise,Molise,305617,98810,32.33,0.2
4071,2021-03-12,MOL,1459,637,822,1404,36,19,ITF,ITF2,14,Molise,Molise,305617,100269,32.81,0.48
4072,2021-01-14,MOL,647,239,408,647,0,0,ITF,ITF2,14,Molise,Molise,305617,100916,33.02,0.21
4073,2021-02-21,MOL,574,227,347,572,2,0,ITF,ITF2,14,Molise,Molise,305617,101490,33.21,0.19
4074,2021-02-04,MOL,759,295,464,77,682,0,ITF,ITF2,14,Molise,Molise,305617,102249,33.46,0.25
4075,2021-05-15,MOL,2980,1398,1582,2545,384,51,ITF,ITF2,14,Molise,Molise,305617,105229,34.43,0.98
4076,2021-02-02,MOL,539,176,363,215,323,1,ITF,ITF2,14,Molise,Molise,305617,105768,34.61,0.18
4077,2021-01-16,MOL,422,166,256,422,0,0,ITF,ITF2,14,Molise,Molise,305617,106190,34.75,0.14
4078,2021-04-26,MOL,1158,521,637,810,331,17,ITF,ITF2,14,Molise,Molise,305617,107348,35.13,0.38
4079,2021-01-09,MOL,450,152,298,450,0,0,ITF,ITF2,14,Molise,Molise,305617,107798,35.27,0.15
4080,2021-04-19,MOL,1828,843,985,988,778,62,ITF,ITF2,14,Molise,Molise,305617,109626,35.87,0.6
4081,2021-07-13,MOL,2803,1424,1379,318,2468,17,ITF,ITF2,14,Molise,Molise,305617,112429,36.79,0.92
4082,2021-07-06,MOL,3059,1427,1632,35,3020,4,ITF,ITF2,14,Molise,Molise,305617,115488,37.79,1.0
4083,2021-05-10,MOL,2894,1286,1608,2493,373,28,ITF,ITF2,14,Molise,Molise,305617,118382,38.74,0.95
4084,2021-06-29,MOL,2492,1160,1332,378,2088,26,ITF,ITF2,14,Molise,Molise,305617,120874,39.55,0.82
4085,2021-05-03,MOL,2487,1167,1320,2291,163,33,ITF,ITF2,14,Molise,Molise,305617,123361,40.36,0.81
4086,2021-05-17,MOL,2229,1092,1137,1706,496,27,ITF,ITF2,14,Molise,Molise,305617,125590,41.09,0.73
4087,2021-03-21,MOL,1247,543,704,477,768,2,ITF,ITF2,14,Molise,Molise,305617,126837,41.5,0.41
4088,2021-03-14,MOL,596,240,356,17,579,0,ITF,ITF2,14,Molise,Molise,305617,127433,41.7,0.2
4089,2021-06-22,MOL,2960,1368,1592,669,2274,17,ITF,ITF2,14,Molise,Molise,305617,130393,42.67,0.97
4090,2021-03-28,MOL,1627,748,879,518,1102,7,ITF,ITF2,14,Molise,Molise,305617,132020,43.2,0.53
4091,2021-01-30,MOL,461,158,303,12,449,0,ITF,ITF2,14,Molise,Molise,305617,132481,43.35,0.15
4092,2021-04-02,MOL,1456,710,746,663,778,15,ITF,ITF2,14,Molise,Molise,305617,133937,43.83,0.48
4093,2021-07-11,MOL,2455,1196,1259,179,2273,3,ITF,ITF2,14,Molise,Molise,305617,136392,44.63,0.8
4094,2021-05-08,MOL,2978,1456,1522,1700,1244,34,ITF,ITF2,14,Molise,Molise,305617,139370,45.6,0.97
4095,2021-04-21,MOL,1872,792,1080,970,896,6,ITF,ITF2,14,Molise,Molise,305617,141242,46.22,0.61
4096,2021-03-26,MOL,2575,1045,1530,1889,642,44,ITF,ITF2,14,Molise,Molise,305617,143817,47.06,0.84
4097,2021-05-26,MOL,1550,699,851,770,754,26,ITF,ITF2,14,Molise,Molise,305617,145367,47.57,0.51
4098,2021-03-30,MOL,2003,857,1146,1472,512,19,ITF,ITF2,14,Molise,Molise,305617,147370,48.22,0.66
4099,2021-02-01,MOL,562,201,361,14,548,0,ITF,ITF2,14,Molise,Molise,305617,147932,48.4,0.18
4100,2021-07-08,MOL,3427,1649,1778,107,3297,23,ITF,ITF2,14,Molise,Molise,305617,151359,49.53,1.12
4101,2021-05-12,MOL,2855,1295,1560,2693,97,65,ITF,ITF2,14,Molise,Molise,305617,154214,50.46,0.93
4102,2021-04-06,MOL,1495,702,793,1132,343,20,ITF,ITF2,14,Molise,Molise,305617,155709,50.95,0.49
4103,2021-02-08,MOL,335,141,194,216,119,0,ITF,ITF2,14,Molise,Molise,305617,156044,51.06,0.11
4104,2021-07-15,MOL,3211,1614,1597,209,2988,14,ITF,ITF2,14,Molise,Molise,305617,159255,52.11,1.05
4105,2021-05-19,MOL,2345,1205,1140,1880,428,37,ITF,ITF2,14,Molise,Molise,305617,161600,52.88,0.77
4106,2021-03-23,MOL,1643,695,948,1411,208,24,ITF,ITF2,14,Molise,Molise,305617,163243,53.41,0.54
4107,2021-07-01,MOL,2661,1294,1367,270,2376,15,ITF,ITF2,14,Molise,Molise,305617,165904,54.28,0.87
4108,2021-04-09,MOL,2325,1252,1073,2106,191,28,ITF,ITF2,14,Molise,Molise,305617,168229,55.05,0.76
4109,2021-01-18,MOL,115,48,67,115,0,0,ITF,ITF2,14,Molise,Molise,305617,168344,55.08,0.04
4110,2021-04-11,MOL,1196,591,605,1168,14,14,ITF,ITF2,14,Molise,Molise,305617,169540,55.47,0.39
4111,2021-07-20,MOL,2163,1094,1069,1009,1107,47,ITF,ITF2,14,Molise,Molise,305617,171703,56.18,0.71
4112,2021-07-03,MOL,2741,1380,1361,567,2154,20,ITF,ITF2,14,Molise,Molise,305617,174444,57.08,0.9
4113,2021-07-22,MOL,1638,813,825,741,861,36,ITF,ITF2,14,Molise,Molise,305617,176082,57.62,0.54
4114,2021-02-28,MOL,833,335,498,789,42,2,ITF,ITF2,14,Molise,Molise,305617,176915,57.89,0.27
4115,2021-02-27,MOL,1368,570,798,1344,19,5,ITF,ITF2,14,Molise,Molise,305617,178283,58.34,0.45
4116,2021-06-07,MOL,1954,859,1095,1113,819,22,ITF,ITF2,14,Molise,Molise,305617,180237,58.97,0.64
4117,2021-02-13,MOL,132,80,52,132,0,0,ITF,ITF2,14,Molise,Molise,305617,180369,59.02,0.04
4118,2021-05-24,MOL,1964,853,1111,1271,666,27,ITF,ITF2,14,Molise,Molise,305617,182333,59.66,0.64
4119,2021-05-07,MOL,2643,1228,1415,2021,597,25,ITF,ITF2,14,Molise,Molise,305617,184976,60.53,0.86
4120,2021-02-11,MOL,295,133,162,258,37,0,ITF,ITF2,14,Molise,Molise,305617,185271,60.62,0.1
4121,2021-05-22,MOL,1323,717,606,1231,84,8,ITF,ITF2,14,Molise,Molise,305617,186594,61.05,0.43
4122,2021-02-06,MOL,430,179,251,29,401,0,ITF,ITF2,14,Molise,Molise,305617,187024,61.2,0.14
4123,2021-04-18,MOL,1083,483,600,143,934,6,ITF,ITF2,14,Molise,Molise,305617,188107,61.55,0.35
4124,2021-07-27,MOL,1545,849,696,1170,322,53,ITF,ITF2,14,Molise,Molise,305617,189652,62.06,0.51
4125,2021-07-10,MOL,3721,1781,1940,321,3386,14,ITF,ITF2,14,Molise,Molise,305617,193373,63.27,1.22
4126,2021-04-04,MOL,253,141,112,233,15,5,ITF,ITF2,14,Molise,Molise,305617,193626,63.36,0.08
4127,2021-03-18,MOL,1157,476,681,633,465,59,ITF,ITF2,14,Molise,Molise,305617,194783,63.73,0.38
4128,2021-06-26,MOL,3120,1529,1591,524,2581,15,ITF,ITF2,14,Molise,Molise,305617,197903,64.76,1.02
4129,2021-02-10,MOL,151,79,72,131,20,0,ITF,ITF2,14,Molise,Molise,305617,198054,64.8,0.05
4130,2021-05-21,MOL,2102,1055,1047,1700,323,79,ITF,ITF2,14,Molise,Molise,305617,200156,65.49,0.69
4131,2021-07-26,MOL,2171,1137,1034,1149,963,59,ITF,ITF2,14,Molise,Molise,305617,202327,66.2,0.71
4132,2021-02-15,MOL,144,70,74,141,3,0,ITF,ITF2,14,Molise,Molise,305617,202471,66.25,0.05
4133,2021-02-22,MOL,265,129,136,248,15,2,ITF,ITF2,14,Molise,Molise,305617,202736,66.34,0.09
4134,2020-12-27,MOL,50,20,30,50,0,0,ITF,ITF2,14,Molise,Molise,305617,202786,66.35,0.02
4135,2021-03-31,MOL,2193,919,1274,1307,819,67,ITF,ITF2,14,Molise,Molise,305617,204979,67.07,0.72
4136,2021-02-23,MOL,584,223,361,362,220,2,ITF,ITF2,14,Molise,Molise,305617,205563,67.26,0.19
4137,2021-06-03,MOL,3295,1568,1727,2707,555,33,ITF,ITF2,14,Molise,Molise,305617,208858,68.34,1.08
4138,2021-04-07,MOL,1688,847,841,1368,275,45,ITF,ITF2,14,Molise,Molise,305617,210546,68.89,0.55
4139,2021-06-05,MOL,2983,1513,1470,2795,161,27,ITF,ITF2,14,Molise,Molise,305617,213529,69.87,0.98
4140,2021-07-18,MOL,1664,828,836,122,1533,9,ITF,ITF2,14,Molise,Molise,305617,215193,70.41,0.54
4141,2021-03-04,MOL,851,417,434,514,325,12,ITF,ITF2,14,Molise,Molise,305617,216044,70.69,0.28
4142,2021-06-12,MOL,3449,1778,1671,3273,124,52,ITF,ITF2,14,Molise,Molise,305617,219493,71.82,1.13
4143,2021-02-18,MOL,319,74,245,302,13,4,ITF,ITF2,14,Molise,Molise,305617,219812,71.92,0.1
4144,2021-03-09,MOL,1329,579,750,1149,152,28,ITF,ITF2,14,Molise,Molise,305617,221141,72.36,0.43
4145,2021-02-20,MOL,1019,442,577,999,20,0,ITF,ITF2,14,Molise,Molise,305617,222160,72.69,0.33
4146,2021-05-31,MOL,2368,1149,1219,1903,424,41,ITF,ITF2,14,Molise,Molise,305617,224528,73.47,0.77
4147,2021-05-14,MOL,2644,1215,1429,1890,718,36,ITF,ITF2,14,Molise,Molise,305617,227172,74.33,0.87
4148,2021-06-02,MOL,2810,1356,1454,2691,99,20,ITF,ITF2,14,Molise,Molise,305617,229982,75.25,0.92
4149,2021-03-16,MOL,615,230,385,265,348,2,ITF,ITF2,14,Molise,Molise,305617,230597,75.45,0.2
4150,2021-01-11,MOL,557,194,363,557,0,0,ITF,ITF2,14,Molise,Molise,305617,231154,75.64,0.18
4151,2021-01-25,MOL,319,130,189,3,316,0,ITF,ITF2,14,Molise,Molise,305617,231473,75.74,0.1
4152,2021-05-05,MOL,2419,1043,1376,2252,143,24,ITF,ITF2,14,Molise,Molise,305617,233892,76.53,0.79
4153,2021-05-04,MOL,2706,1181,1525,2545,128,33,ITF,ITF2,14,Molise,Molise,305617,236598,77.42,0.89
4154,2021-01-10,MOL,270,72,198,270,0,0,ITF,ITF2,14,Molise,Molise,305617,236868,77.5,0.09
4155,2021-04-20,MOL,2323,1029,1294,1213,1101,9,ITF,ITF2,14,Molise,Molise,305617,239191,78.26,0.76
4156,2021-06-09,MOL,1779,893,886,822,928,29,ITF,ITF2,14,Molise,Molise,305617,240970,78.85,0.58
4157,2021-05-23,MOL,1703,866,837,1689,6,8,ITF,ITF2,14,Molise,Molise,305617,242673,79.4,0.56
4158,2021-03-25,MOL,1806,730,1076,1284,497,25,ITF,ITF2,14,Molise,Molise,305617,244479,80.0,0.59
4159,2021-03-08,MOL,1380,523,857,1203,140,37,ITF,ITF2,14,Molise,Molise,305617,245859,80.45,0.45
4160,2021-06-16,MOL,2009,1017,992,1136,859,14,ITF,ITF2,14,Molise,Molise,305617,247868,81.1,0.66
4161,2021-04-13,MOL,1632,718,914,1037,587,8,ITF,ITF2,14,Molise,Molise,305617,249500,81.64,0.53
4162,2021-03-27,MOL,2744,1273,1471,1295,1433,16,ITF,ITF2,14,Molise,Molise,305617,252244,82.54,0.9
4163,2021-07-05,MOL,2739,1282,1457,39,2698,2,ITF,ITF2,14,Molise,Molise,305617,254983,83.43,0.9
4164,2021-06-18,MOL,2768,1249,1519,1283,1458,27,ITF,ITF2,14,Molise,Molise,305617,257751,84.34,0.91
4165,2021-05-30,MOL,1864,929,935,1552,285,27,ITF,ITF2,14,Molise,Molise,305617,259615,84.95,0.61
4166,2021-06-04,MOL,3058,1499,1559,2574,457,27,ITF,ITF2,14,Molise,Molise,305617,262673,85.95,1.0
4167,2021-04-08,MOL,1767,904,863,1540,202,25,ITF,ITF2,14,Molise,Molise,305617,264440,86.53,0.58
4168,2021-07-17,MOL,2844,1520,1324,292,2530,22,ITF,ITF2,14,Molise,Molise,305617,267284,87.46,0.93
4169,2021-04-22,MOL,1847,864,983,1060,779,8,ITF,ITF2,14,Molise,Molise,305617,269131,88.06,0.6
4170,2021-03-01,MOL,662,274,388,430,215,17,ITF,ITF2,14,Molise,Molise,305617,269793,88.28,0.22
4171,2021-04-03,MOL,1773,851,922,1716,35,22,ITF,ITF2,14,Molise,Molise,305617,271566,88.86,0.58
4172,2021-07-12,MOL,2671,1318,1353,353,2297,21,ITF,ITF2,14,Molise,Molise,305617,274237,89.73,0.87
4173,2021-07-19,MOL,2720,1328,1392,503,2190,27,ITF,ITF2,14,Molise,Molise,305617,276957,90.62,0.89
4174,2021-02-03,MOL,734,249,485,341,393,0,ITF,ITF2,14,Molise,Molise,305617,277691,90.86,0.24
4175,2021-04-27,MOL,1598,770,828,445,1131,22,ITF,ITF2,14,Molise,Molise,305617,279289,91.39,0.52
4176,2021-05-16,MOL,1248,572,676,1046,182,20,ITF,ITF2,14,Molise,Molise,305617,280537,91.79,0.41
4177,2021-06-14,MOL,1630,810,820,538,1075,17,ITF,ITF2,14,Molise,Molise,305617,282167,92.33,0.53
4178,2021-01-20,MOL,18,8,10,18,0,0,ITF,ITF2,14,Molise,Molise,305617,282185,92.33,0.01
4179,2021-04-30,MOL,2941,1558,1383,820,2109,12,ITF,ITF2,14,Molise,Molise,305617,285126,93.3,0.96
4180,2021-02-25,MOL,542,239,303,471,68,3,ITF,ITF2,14,Molise,Molise,305617,285668,93.47,0.18
4181,2021-01-29,MOL,422,136,286,6,416,0,ITF,ITF2,14,Molise,Molise,305617,286090,93.61,0.14
4182,2021-05-09,MOL,2056,934,1122,1926,97,33,ITF,ITF2,14,Molise,Molise,305617,288146,94.28,0.67
4183,2021-07-07,MOL,2959,1368,1591,57,2898,4,ITF,ITF2,14,Molise,Molise,305617,291105,95.25,0.97
4184,2021-05-11,MOL,3210,1415,1795,2910,252,48,ITF,ITF2,14,Molise,Molise,305617,294315,96.3,1.05
4185,2021-02-17,MOL,72,32,40,50,15,7,ITF,ITF2,14,Molise,Molise,305617,294387,96.33,0.02
4186,2021-07-24,MOL,3089,1659,1430,702,2362,25,ITF,ITF2,14,Molise,Molise,305617,297476,97.34,1.01
4187,2021-05-28,MOL,2650,1365,1285,2038,547,65,ITF,ITF2,14,Molise,Molise,305617,300126,98.2,0.87
4188,2021-06-11,MOL,3449,1656,1793,1975,1431,43,ITF,ITF2,14,Molise,Molise,305617,303575,99.33,1.13
4189,2021-04-15,MOL,1927,794,1133,1076,846,5,ITF,ITF2,14,Molise,Molise,305617,305502,99.96,0.63
4190,2021-01-22,MOL,128,36,92,128,0,0,ITF,ITF2,14,Molise,Molise,305617,305630,100.0,0.04
4191,2021-05-02,MOL,1894,932,962,577,1306,11,ITF,ITF2,14,Molise,Molise,305617,307524,100.62,0.62
4192,2021-03-06,MOL,1728,807,921,1559,159,10,ITF,ITF2,14,Molise,Molise,305617,309252,101.19,0.57
4193,2021-01-27,MOL,675,251,424,8,667,0,ITF,ITF2,14,Molise,Molise,305617,309927,101.41,0.22
4194,2021-01-08,MOL,430,141,289,430,0,0,ITF,ITF2,14,Molise,Molise,305617,310357,101.55,0.14
4195,2021-04-01,MOL,1470,667,803,730,726,14,ITF,ITF2,14,Molise,Molise,305617,311827,102.03,0.48
4196,2021-07-25,MOL,1687,888,799,291,1382,14,ITF,ITF2,14,Molise,Molise,305617,313514,102.58,0.55
4197,2021-05-29,MOL,2355,1226,1129,1925,390,40,ITF,ITF2,14,Molise,Molise,305617,315869,103.35,0.77
4198,2021-02-09,MOL,359,170,189,197,162,0,ITF,ITF2,14,Molise,Molise,305617,316228,103.47,0.12
4199,2021-03-11,MOL,1465,637,828,1445,6,14,ITF,ITF2,14,Molise,Molise,305617,317693,103.95,0.48
4200,2021-01-06,MOL,690,260,430,690,0,0,ITF,ITF2,14,Molise,Molise,305617,318383,104.18,0.23
4201,2021-04-16,MOL,2431,1033,1398,1176,1233,22,ITF,ITF2,14,Molise,Molise,305617,320814,104.97,0.8
4202,2021-06-21,MOL,2901,1350,1551,1623,1232,46,ITF,ITF2,14,Molise,Molise,305617,323715,105.92,0.95
4203,2021-04-25,MOL,794,397,397,557,233,4,ITF,ITF2,14,Molise,Molise,305617,324509,106.18,0.26
4204,2021-01-13,MOL,474,160,314,474,0,0,ITF,ITF2,14,Molise,Molise,305617,324983,106.34,0.16
4205,2021-06-19,MOL,2345,1166,1179,1280,1023,42,ITF,ITF2,14,Molise,Molise,305617,327328,107.1,0.77
4206,2021-04-23,MOL,2052,882,1170,1375,661,16,ITF,ITF2,14,Molise,Molise,305617,329380,107.78,0.67
4207,2021-06-30,MOL,2966,1408,1558,873,2011,82,ITF,ITF2,14,Molise,Molise,305617,332346,108.75,0.97
4208,2021-03-13,MOL,1189,594,595,183,989,17,ITF,ITF2,14,Molise,Molise,305617,333535,109.13,0.39
4209,2021-01-15,MOL,538,242,296,538,0,0,ITF,ITF2,14,Molise,Molise,305617,334073,109.31,0.18
4210,2021-06-23,MOL,2791,1286,1505,221,2560,10,ITF,ITF2,14,Molise,Molise,305617,336864,110.22,0.91
4211,2021-03-20,MOL,2323,970,1353,993,1322,8,ITF,ITF2,14,Molise,Molise,305617,339187,110.98,0.76
4212,2021-06-28,MOL,2904,1354,1550,999,1884,21,ITF,ITF2,14,Molise,Molise,305617,342091,111.93,0.95
4213,2021-07-26,BAS,5435,2733,2702,2000,3397,38,ITF,ITF5,17,Basilicata,Basilicata,559084,5435,0.97,0.97
4214,2021-01-22,BAS,67,24,43,67,0,0,ITF,ITF5,17,Basilicata,Basilicata,559084,5502,0.98,0.01
4215,2021-07-24,BAS,5725,2928,2797,1755,3921,49,ITF,ITF5,17,Basilicata,Basilicata,559084,11227,2.01,1.02
4216,2021-05-02,BAS,4180,2001,2179,3491,629,60,ITF,ITF5,17,Basilicata,Basilicata,559084,15407,2.76,0.75
4217,2021-04-15,BAS,3386,1659,1727,2589,754,43,ITF,ITF5,17,Basilicata,Basilicata,559084,18793,3.36,0.61
4218,2021-03-25,BAS,1883,603,1280,1517,344,22,ITF,ITF5,17,Basilicata,Basilicata,559084,20676,3.7,0.34
4219,2021-01-27,BAS,418,176,242,113,305,0,ITF,ITF5,17,Basilicata,Basilicata,559084,21094,3.77,0.07
4220,2021-02-10,BAS,550,239,311,495,53,2,ITF,ITF5,17,Basilicata,Basilicata,559084,21644,3.87,0.1
4221,2021-05-21,BAS,4578,2322,2256,1480,3086,12,ITF,ITF5,17,Basilicata,Basilicata,559084,26222,4.69,0.82
4222,2021-04-01,BAS,2720,1115,1605,1969,723,28,ITF,ITF5,17,Basilicata,Basilicata,559084,28942,5.18,0.49
4223,2021-02-03,BAS,672,303,369,32,640,0,ITF,ITF5,17,Basilicata,Basilicata,559084,29614,5.3,0.12
4224,2021-05-04,BAS,4138,1992,2146,3566,523,49,ITF,ITF5,17,Basilicata,Basilicata,559084,33752,6.04,0.74
4225,2021-03-08,BAS,1467,718,749,820,617,30,ITF,ITF5,17,Basilicata,Basilicata,559084,35219,6.3,0.26
4226,2021-06-16,BAS,4602,2084,2518,2126,2456,20,ITF,ITF5,17,Basilicata,Basilicata,559084,39821,7.12,0.82
4227,2021-06-04,BAS,4831,2288,2543,3748,1046,37,ITF,ITF5,17,Basilicata,Basilicata,559084,44652,7.99,0.86
4228,2021-02-24,BAS,1808,743,1065,1723,74,11,ITF,ITF5,17,Basilicata,Basilicata,559084,46460,8.31,0.32
4229,2021-02-22,BAS,1792,774,1018,1731,53,8,ITF,ITF5,17,Basilicata,Basilicata,559084,48252,8.63,0.32
4230,2021-01-10,BAS,77,24,53,77,0,0,ITF,ITF5,17,Basilicata,Basilicata,559084,48329,8.64,0.01
4231,2021-04-20,BAS,4096,1952,2144,2182,1890,24,ITF,ITF5,17,Basilicata,Basilicata,559084,52425,9.38,0.73
4232,2021-01-08,BAS,554,219,335,554,0,0,ITF,ITF5,17,Basilicata,Basilicata,559084,52979,9.48,0.1
4233,2021-03-15,BAS,2364,989,1375,508,1840,16,ITF,ITF5,17,Basilicata,Basilicata,559084,55343,9.9,0.42
4234,2021-01-17,BAS,329,133,196,328,1,0,ITF,ITF5,17,Basilicata,Basilicata,559084,55672,9.96,0.06
4235,2021-01-15,BAS,818,353,465,818,0,0,ITF,ITF5,17,Basilicata,Basilicata,559084,56490,10.1,0.15
4236,2020-12-27,BAS,106,41,65,106,0,0,ITF,ITF5,17,Basilicata,Basilicata,559084,56596,10.12,0.02
4237,2021-03-20,BAS,1295,574,721,275,1013,7,ITF,ITF5,17,Basilicata,Basilicata,559084,57891,10.35,0.23
4238,2021-06-28,BAS,3642,1747,1895,2114,1510,18,ITF,ITF5,17,Basilicata,Basilicata,559084,61533,11.01,0.65
4239,2021-03-06,BAS,1367,541,826,751,603,13,ITF,ITF5,17,Basilicata,Basilicata,559084,62900,11.25,0.24
4240,2021-04-08,BAS,767,352,415,742,10,15,ITF,ITF5,17,Basilicata,Basilicata,559084,63667,11.39,0.14
4241,2021-04-22,BAS,5045,2350,2695,3380,1610,55,ITF,ITF5,17,Basilicata,Basilicata,559084,68712,12.29,0.9
4242,2021-07-17,BAS,5855,2914,2941,1709,4107,39,ITF,ITF5,17,Basilicata,Basilicata,559084,74567,13.34,1.05
4243,2021-06-30,BAS,3452,1668,1784,2315,1111,26,ITF,ITF5,17,Basilicata,Basilicata,559084,78019,13.95,0.62
4244,2021-02-17,BAS,1135,493,642,1057,76,2,ITF,ITF5,17,Basilicata,Basilicata,559084,79154,14.16,0.2
4245,2021-05-30,BAS,2778,1421,1357,920,1853,5,ITF,ITF5,17,Basilicata,Basilicata,559084,81932,14.65,0.5
4246,2021-04-03,BAS,1813,754,1059,1464,337,12,ITF,ITF5,17,Basilicata,Basilicata,559084,83745,14.98,0.32
4247,2021-02-05,BAS,992,446,546,63,928,1,ITF,ITF5,17,Basilicata,Basilicata,559084,84737,15.16,0.18
4248,2021-07-12,BAS,5442,2593,2849,1606,3810,26,ITF,ITF5,17,Basilicata,Basilicata,559084,90179,16.13,0.97
4249,2021-07-07,BAS,5208,2474,2734,2022,3174,12,ITF,ITF5,17,Basilicata,Basilicata,559084,95387,17.06,0.93
4250,2021-01-03,BAS,901,344,557,901,0,0,ITF,ITF5,17,Basilicata,Basilicata,559084,96288,17.22,0.16
4251,2021-06-01,BAS,6136,2926,3210,3033,3076,27,ITF,ITF5,17,Basilicata,Basilicata,559084,102424,18.32,1.1
4252,2021-06-09,BAS,4424,2072,2352,3967,424,33,ITF,ITF5,17,Basilicata,Basilicata,559084,106848,19.11,0.79
4253,2021-04-13,BAS,2119,1053,1066,1284,818,17,ITF,ITF5,17,Basilicata,Basilicata,559084,108967,19.49,0.38
4254,2021-03-01,BAS,551,286,265,383,168,0,ITF,ITF5,17,Basilicata,Basilicata,559084,109518,19.59,0.1
4255,2021-06-18,BAS,4465,2065,2400,2180,2259,26,ITF,ITF5,17,Basilicata,Basilicata,559084,113983,20.39,0.8
4256,2021-01-24,BAS,851,309,542,58,792,1,ITF,ITF5,17,Basilicata,Basilicata,559084,114834,20.54,0.15
4257,2021-06-23,BAS,3254,1531,1723,2346,876,32,ITF,ITF5,17,Basilicata,Basilicata,559084,118088,21.12,0.58
4258,2021-03-13,BAS,1802,891,911,735,1048,19,ITF,ITF5,17,Basilicata,Basilicata,559084,119890,21.44,0.32
4259,2021-02-07,BAS,379,159,220,49,330,0,ITF,ITF5,17,Basilicata,Basilicata,559084,120269,21.51,0.07
4260,2021-05-18,BAS,5897,2857,3040,3385,2492,20,ITF,ITF5,17,Basilicata,Basilicata,559084,126166,22.57,1.05
4261,2021-07-23,BAS,5550,2781,2769,1888,3617,45,ITF,ITF5,17,Basilicata,Basilicata,559084,131716,23.56,0.99
4262,2021-05-01,BAS,4708,2139,2569,3888,753,67,ITF,ITF5,17,Basilicata,Basilicata,559084,136424,24.4,0.84
4263,2021-04-27,BAS,4727,2242,2485,4351,325,51,ITF,ITF5,17,Basilicata,Basilicata,559084,141151,25.25,0.85
4264,2021-05-09,BAS,4683,2339,2344,2940,1694,49,ITF,ITF5,17,Basilicata,Basilicata,559084,145834,26.08,0.84
4265,2021-02-15,BAS,625,235,390,568,43,14,ITF,ITF5,17,Basilicata,Basilicata,559084,146459,26.2,0.11
4266,2021-01-29,BAS,617,231,386,63,554,0,ITF,ITF5,17,Basilicata,Basilicata,559084,147076,26.31,0.11
4267,2021-03-05,BAS,1859,860,999,1096,750,13,ITF,ITF5,17,Basilicata,Basilicata,559084,148935,26.64,0.33
4268,2021-06-13,BAS,3016,1441,1575,2680,308,28,ITF,ITF5,17,Basilicata,Basilicata,559084,151951,27.18,0.54
4269,2021-05-16,BAS,4973,2468,2505,2812,2113,48,ITF,ITF5,17,Basilicata,Basilicata,559084,156924,28.07,0.89
4270,2021-07-19,BAS,5931,2892,3039,2002,3888,41,ITF,ITF5,17,Basilicata,Basilicata,559084,162855,29.13,1.06
4271,2021-05-23,BAS,4518,2302,2216,1527,2984,7,ITF,ITF5,17,Basilicata,Basilicata,559084,167373,29.94,0.81
4272,2021-03-27,BAS,2255,865,1390,1809,432,14,ITF,ITF5,17,Basilicata,Basilicata,559084,169628,30.34,0.4
4273,2021-05-28,BAS,3615,1810,1805,919,2663,33,ITF,ITF5,17,Basilicata,Basilicata,559084,173243,30.99,0.65
4274,2021-06-11,BAS,4237,1982,2255,3168,1028,41,ITF,ITF5,17,Basilicata,Basilicata,559084,177480,31.74,0.76
4275,2021-05-11,BAS,2654,1354,1300,1597,1033,24,ITF,ITF5,17,Basilicata,Basilicata,559084,180134,32.22,0.47
4276,2021-07-14,BAS,5642,2720,2922,1627,3990,25,ITF,ITF5,17,Basilicata,Basilicata,559084,185776,33.23,1.01
4277,2021-04-05,BAS,724,233,491,412,302,10,ITF,ITF5,17,Basilicata,Basilicata,559084,186500,33.36,0.13
4278,2021-07-09,BAS,5346,2614,2732,1700,3637,9,ITF,ITF5,17,Basilicata,Basilicata,559084,191846,34.31,0.96
4279,2021-04-17,BAS,3462,1656,1806,2172,1262,28,ITF,ITF5,17,Basilicata,Basilicata,559084,195308,34.93,0.62
4280,2021-03-29,BAS,2473,892,1581,2134,288,51,ITF,ITF5,17,Basilicata,Basilicata,559084,197781,35.38,0.44
4281,2021-01-05,BAS,948,410,538,948,0,0,ITF,ITF5,17,Basilicata,Basilicata,559084,198729,35.55,0.17
4282,2021-06-20,BAS,4011,1884,2127,1941,2036,34,ITF,ITF5,17,Basilicata,Basilicata,559084,202740,36.26,0.72
4283,2021-06-08,BAS,4586,2194,2392,4191,357,38,ITF,ITF5,17,Basilicata,Basilicata,559084,207326,37.08,0.82
4284,2021-04-12,BAS,2172,1052,1120,1653,490,29,ITF,ITF5,17,Basilicata,Basilicata,559084,209498,37.47,0.39
4285,2021-07-21,BAS,5845,2942,2903,1612,4200,33,ITF,ITF5,17,Basilicata,Basilicata,559084,215343,38.52,1.05
4286,2021-04-19,BAS,4168,1913,2255,2398,1640,130,ITF,ITF5,17,Basilicata,Basilicata,559084,219511,39.26,0.75
4287,2021-07-28,BAS,2686,1321,1365,974,1683,29,ITF,ITF5,17,Basilicata,Basilicata,559084,222197,39.74,0.48
4288,2021-02-26,BAS,2152,904,1248,2065,81,6,ITF,ITF5,17,Basilicata,Basilicata,559084,224349,40.13,0.38
4289,2021-05-20,BAS,5880,2979,2901,2883,2969,28,ITF,ITF5,17,Basilicata,Basilicata,559084,230229,41.18,1.05
4290,2021-06-06,BAS,4512,2074,2438,3695,779,38,ITF,ITF5,17,Basilicata,Basilicata,559084,234741,41.99,0.81
4291,2021-05-27,BAS,3609,1858,1751,1066,2529,14,ITF,ITF5,17,Basilicata,Basilicata,559084,238350,42.63,0.65
4292,2021-04-24,BAS,4548,2202,2346,3475,1018,55,ITF,ITF5,17,Basilicata,Basilicata,559084,242898,43.45,0.81
4293,2021-07-05,BAS,3269,1614,1655,2214,1022,33,ITF,ITF5,17,Basilicata,Basilicata,559084,246167,44.03,0.58
4294,2021-01-07,BAS,641,319,322,641,0,0,ITF,ITF5,17,Basilicata,Basilicata,559084,246808,44.15,0.11
4295,2021-02-19,BAS,1624,739,885,1557,62,5,ITF,ITF5,17,Basilicata,Basilicata,559084,248432,44.44,0.29
4296,2021-02-12,BAS,777,332,445,744,32,1,ITF,ITF5,17,Basilicata,Basilicata,559084,249209,44.57,0.14
4297,2021-04-10,BAS,1033,378,655,924,83,26,ITF,ITF5,17,Basilicata,Basilicata,559084,250242,44.76,0.18
4298,2021-06-24,BAS,4109,1945,2164,2169,1903,37,ITF,ITF5,17,Basilicata,Basilicata,559084,254351,45.49,0.73
4299,2021-04-28,BAS,4708,2159,2549,4207,441,60,ITF,ITF5,17,Basilicata,Basilicata,559084,259059,46.34,0.84
4300,2021-03-02,BAS,802,387,415,659,138,5,ITF,ITF5,17,Basilicata,Basilicata,559084,259861,46.48,0.14
4301,2021-06-10,BAS,4346,2102,2244,3868,441,37,ITF,ITF5,17,Basilicata,Basilicata,559084,264207,47.26,0.78
4302,2021-03-22,BAS,1193,538,655,636,549,8,ITF,ITF5,17,Basilicata,Basilicata,559084,265400,47.47,0.21
4303,2021-03-03,BAS,1749,819,930,1167,560,22,ITF,ITF5,17,Basilicata,Basilicata,559084,267149,47.78,0.31
4304,2021-05-25,BAS,4199,2114,2085,867,3322,10,ITF,ITF5,17,Basilicata,Basilicata,559084,271348,48.53,0.75
4305,2021-02-14,BAS,151,48,103,105,0,46,ITF,ITF5,17,Basilicata,Basilicata,559084,271499,48.56,0.03
4306,2021-01-31,BAS,77,24,53,0,77,0,ITF,ITF5,17,Basilicata,Basilicata,559084,271576,48.58,0.01
4307,2021-03-14,BAS,1010,477,533,529,469,12,ITF,ITF5,17,Basilicata,Basilicata,559084,272586,48.76,0.18
4308,2021-06-15,BAS,3222,1417,1805,2227,975,20,ITF,ITF5,17,Basilicata,Basilicata,559084,275808,49.33,0.58
4309,2021-02-28,BAS,810,346,464,771,35,4,ITF,ITF5,17,Basilicata,Basilicata,559084,276618,49.48,0.14
4310,2021-01-02,BAS,950,381,569,949,0,1,ITF,ITF5,17,Basilicata,Basilicata,559084,277568,49.65,0.17
4311,2021-01-16,BAS,722,304,418,722,0,0,ITF,ITF5,17,Basilicata,Basilicata,559084,278290,49.78,0.13
4312,2021-04-26,BAS,4467,2166,2301,4200,221,46,ITF,ITF5,17,Basilicata,Basilicata,559084,282757,50.58,0.8
4313,2021-02-21,BAS,284,113,171,284,0,0,ITF,ITF5,17,Basilicata,Basilicata,559084,283041,50.63,0.05
4314,2021-03-07,BAS,891,310,581,842,39,10,ITF,ITF5,17,Basilicata,Basilicata,559084,283932,50.79,0.16
4315,2021-01-09,BAS,557,160,397,557,0,0,ITF,ITF5,17,Basilicata,Basilicata,559084,284489,50.88,0.1
4316,2021-07-03,BAS,3945,2102,1843,2757,1145,43,ITF,ITF5,17,Basilicata,Basilicata,559084,288434,51.59,0.71
4317,2021-04-14,BAS,2044,1001,1043,1353,675,16,ITF,ITF5,17,Basilicata,Basilicata,559084,290478,51.96,0.37
4318,2021-01-21,BAS,30,10,20,30,0,0,ITF,ITF5,17,Basilicata,Basilicata,559084,290508,51.96,0.01
4319,2021-01-04,BAS,608,271,337,608,0,0,ITF,ITF5,17,Basilicata,Basilicata,559084,291116,52.07,0.11
4320,2021-07-06,BAS,4073,1943,2130,2033,2006,34,ITF,ITF5,17,Basilicata,Basilicata,559084,295189,52.8,0.73
4321,2021-01-23,BAS,735,315,420,33,702,0,ITF,ITF5,17,Basilicata,Basilicata,559084,295924,52.93,0.13
4322,2021-05-03,BAS,4510,2043,2467,3621,827,62,ITF,ITF5,17,Basilicata,Basilicata,559084,300434,53.74,0.81
4323,2021-02-09,BAS,492,213,279,317,175,0,ITF,ITF5,17,Basilicata,Basilicata,559084,300926,53.82,0.09
4324,2021-07-25,BAS,4455,2235,2220,1583,2848,24,ITF,ITF5,17,Basilicata,Basilicata,559084,305381,54.62,0.8
4325,2021-07-16,BAS,5932,2900,3032,1802,4096,34,ITF,ITF5,17,Basilicata,Basilicata,559084,311313,55.68,1.06
4326,2021-03-19,BAS,2299,996,1303,259,2033,7,ITF,ITF5,17,Basilicata,Basilicata,559084,313612,56.09,0.41
4327,2021-02-16,BAS,907,377,530,790,98,19,ITF,ITF5,17,Basilicata,Basilicata,559084,314519,56.26,0.16
4328,2021-01-28,BAS,914,405,509,119,795,0,ITF,ITF5,17,Basilicata,Basilicata,559084,315433,56.42,0.16
4329,2021-01-12,BAS,217,88,129,217,0,0,ITF,ITF5,17,Basilicata,Basilicata,559084,315650,56.46,0.04
4330,2021-05-10,BAS,4804,2382,2422,2718,2042,44,ITF,ITF5,17,Basilicata,Basilicata,559084,320454,57.32,0.86
4331,2021-06-17,BAS,4441,2043,2398,2088,2329,24,ITF,ITF5,17,Basilicata,Basilicata,559084,324895,58.11,0.79
4332,2021-04-21,BAS,3938,1840,2098,2245,1664,29,ITF,ITF5,17,Basilicata,Basilicata,559084,328833,58.82,0.7
4333,2021-01-14,BAS,969,413,556,969,0,0,ITF,ITF5,17,Basilicata,Basilicata,559084,329802,58.99,0.17
4334,2021-04-07,BAS,1211,551,660,1155,36,20,ITF,ITF5,17,Basilicata,Basilicata,559084,331013,59.21,0.22
4335,2021-04-25,BAS,2989,1458,1531,2905,52,32,ITF,ITF5,17,Basilicata,Basilicata,559084,334002,59.74,0.53
4336,2021-05-12,BAS,4729,2330,2399,2799,1882,48,ITF,ITF5,17,Basilicata,Basilicata,559084,338731,60.59,0.85
4337,2021-05-07,BAS,4635,2280,2355,3273,1338,24,ITF,ITF5,17,Basilicata,Basilicata,559084,343366,61.42,0.83
4338,2021-07-10,BAS,5555,2681,2874,1597,3949,9,ITF,ITF5,17,Basilicata,Basilicata,559084,348921,62.41,0.99
4339,2021-05-14,BAS,5907,2799,3108,3273,2531,103,ITF,ITF5,17,Basilicata,Basilicata,559084,354828,63.47,1.06
4340,2021-03-18,BAS,1354,565,789,17,1328,9,ITF,ITF5,17,Basilicata,Basilicata,559084,356182,63.71,0.24
4341,2021-06-26,BAS,3328,1611,1717,2742,558,28,ITF,ITF5,17,Basilicata,Basilicata,559084,359510,64.3,0.6
4342,2021-06-27,BAS,3007,1477,1530,2378,615,14,ITF,ITF5,17,Basilicata,Basilicata,559084,362517,64.84,0.54
4343,2021-04-29,BAS,4832,2385,2447,4339,421,72,ITF,ITF5,17,Basilicata,Basilicata,559084,367349,65.71,0.86
4344,2021-03-17,BAS,1460,612,848,24,1432,4,ITF,ITF5,17,Basilicata,Basilicata,559084,368809,65.97,0.26
4345,2021-01-19,BAS,199,84,115,199,0,0,ITF,ITF5,17,Basilicata,Basilicata,559084,369008,66.0,0.04
4346,2021-06-25,BAS,3316,1572,1744,2451,832,33,ITF,ITF5,17,Basilicata,Basilicata,559084,372324,66.6,0.59
4347,2021-07-04,BAS,3109,1562,1547,2163,921,25,ITF,ITF5,17,Basilicata,Basilicata,559084,375433,67.15,0.56
4348,2021-03-24,BAS,1903,727,1176,1481,398,24,ITF,ITF5,17,Basilicata,Basilicata,559084,377336,67.49,0.34
4349,2021-07-02,BAS,3691,1839,1852,2485,1177,29,ITF,ITF5,17,Basilicata,Basilicata,559084,381027,68.15,0.66
4350,2021-02-11,BAS,952,401,551,867,83,2,ITF,ITF5,17,Basilicata,Basilicata,559084,381979,68.32,0.17
4351,2021-03-31,BAS,3103,1263,1840,2290,783,30,ITF,ITF5,17,Basilicata,Basilicata,559084,385082,68.88,0.56
4352,2021-06-22,BAS,4365,2069,2296,2231,2102,32,ITF,ITF5,17,Basilicata,Basilicata,559084,389447,69.66,0.78
4353,2021-06-05,BAS,4801,2210,2591,3825,941,35,ITF,ITF5,17,Basilicata,Basilicata,559084,394248,70.52,0.86
4354,2021-02-23,BAS,1903,772,1131,1746,139,18,ITF,ITF5,17,Basilicata,Basilicata,559084,396151,70.86,0.34
4355,2021-06-03,BAS,4922,2259,2663,3703,1180,39,ITF,ITF5,17,Basilicata,Basilicata,559084,401073,71.74,0.88
4356,2021-03-12,BAS,1914,984,930,783,1104,27,ITF,ITF5,17,Basilicata,Basilicata,559084,402987,72.08,0.34
4357,2021-05-17,BAS,5545,2734,2811,3362,2134,49,ITF,ITF5,17,Basilicata,Basilicata,559084,408532,73.07,0.99
4358,2021-07-18,BAS,4386,2162,2224,1576,2784,26,ITF,ITF5,17,Basilicata,Basilicata,559084,412918,73.86,0.78
4359,2021-06-29,BAS,3856,1880,1976,2790,1040,26,ITF,ITF5,17,Basilicata,Basilicata,559084,416774,74.55,0.69
4360,2021-03-21,BAS,1142,528,614,440,699,3,ITF,ITF5,17,Basilicata,Basilicata,559084,417916,74.75,0.2
4361,2021-05-29,BAS,3060,1534,1526,826,2225,9,ITF,ITF5,17,Basilicata,Basilicata,559084,420976,75.3,0.55
4362,2021-01-13,BAS,916,387,529,916,0,0,ITF,ITF5,17,Basilicata,Basilicata,559084,421892,75.46,0.16
4363,2021-04-23,BAS,4548,2188,2360,3481,1007,60,ITF,ITF5,17,Basilicata,Basilicata,559084,426440,76.27,0.81
4364,2021-01-30,BAS,707,229,478,129,578,0,ITF,ITF5,17,Basilicata,Basilicata,559084,427147,76.4,0.13
4365,2021-06-21,BAS,4254,2042,2212,2143,2092,19,ITF,ITF5,17,Basilicata,Basilicata,559084,431401,77.16,0.76
4366,2021-06-19,BAS,4467,2179,2288,2372,2073,22,ITF,ITF5,17,Basilicata,Basilicata,559084,435868,77.96,0.8
4367,2021-03-28,BAS,2144,743,1401,2110,17,17,ITF,ITF5,17,Basilicata,Basilicata,559084,438012,78.34,0.38
4368,2021-03-11,BAS,1794,928,866,817,959,18,ITF,ITF5,17,Basilicata,Basilicata,559084,439806,78.67,0.32
4369,2021-03-30,BAS,2808,1187,1621,2447,346,15,ITF,ITF5,17,Basilicata,Basilicata,559084,442614,79.17,0.5
4370,2021-07-08,BAS,5137,2429,2708,1854,3259,24,ITF,ITF5,17,Basilicata,Basilicata,559084,447751,80.09,0.92
4371,2021-01-06,BAS,295,129,166,295,0,0,ITF,ITF5,17,Basilicata,Basilicata,559084,448046,80.14,0.05
4372,2021-04-16,BAS,3323,1635,1688,2400,900,23,ITF,ITF5,17,Basilicata,Basilicata,559084,451369,80.73,0.59
4373,2021-01-18,BAS,463,157,306,364,99,0,ITF,ITF5,17,Basilicata,Basilicata,559084,451832,80.82,0.08
4374,2021-03-16,BAS,1914,806,1108,226,1685,3,ITF,ITF5,17,Basilicata,Basilicata,559084,453746,81.16,0.34
4375,2021-03-04,BAS,1889,894,995,1064,802,23,ITF,ITF5,17,Basilicata,Basilicata,559084,455635,81.5,0.34
4376,2021-06-12,BAS,3675,1688,1987,2958,678,39,ITF,ITF5,17,Basilicata,Basilicata,559084,459310,82.15,0.66
4377,2021-02-08,BAS,560,193,367,151,409,0,ITF,ITF5,17,Basilicata,Basilicata,559084,459870,82.25,0.1
4378,2021-05-19,BAS,2872,1499,1373,1183,1676,13,ITF,ITF5,17,Basilicata,Basilicata,559084,462742,82.77,0.51
4379,2021-02-25,BAS,1789,738,1051,1732,46,11,ITF,ITF5,17,Basilicata,Basilicata,559084,464531,83.09,0.32
4380,2021-02-06,BAS,916,374,542,146,770,0,ITF,ITF5,17,Basilicata,Basilicata,559084,465447,83.25,0.16
4381,2021-04-30,BAS,5286,2376,2910,4066,1163,57,ITF,ITF5,17,Basilicata,Basilicata,559084,470733,84.2,0.95
4382,2021-01-20,BAS,85,22,63,84,1,0,ITF,ITF5,17,Basilicata,Basilicata,559084,470818,84.21,0.02
4383,2021-05-22,BAS,5488,2723,2765,1926,3551,11,ITF,ITF5,17,Basilicata,Basilicata,559084,476306,85.19,0.98
4384,2021-03-26,BAS,1956,703,1253,1669,260,27,ITF,ITF5,17,Basilicata,Basilicata,559084,478262,85.54,0.35
4385,2021-02-13,BAS,800,314,486,701,61,38,ITF,ITF5,17,Basilicata,Basilicata,559084,479062,85.69,0.14
4386,2021-05-24,BAS,4833,2343,2490,1090,3730,13,ITF,ITF5,17,Basilicata,Basilicata,559084,483895,86.55,0.86
4387,2021-06-02,BAS,5960,2805,3155,4376,1543,41,ITF,ITF5,17,Basilicata,Basilicata,559084,489855,87.62,1.07
4388,2021-04-18,BAS,3719,1843,1876,2329,1368,22,ITF,ITF5,17,Basilicata,Basilicata,559084,493574,88.28,0.67
4389,2021-02-20,BAS,1164,533,631,1045,119,0,ITF,ITF5,17,Basilicata,Basilicata,559084,494738,88.49,0.21
4390,2021-07-27,BAS,4717,2373,2344,1821,2853,43,ITF,ITF5,17,Basilicata,Basilicata,559084,499455,89.33,0.84
4391,2021-05-31,BAS,4229,2009,2220,1713,2508,8,ITF,ITF5,17,Basilicata,Basilicata,559084,503684,90.09,0.76
4392,2021-05-05,BAS,4336,2049,2287,3380,890,66,ITF,ITF5,17,Basilicata,Basilicata,559084,508020,90.87,0.78
4393,2021-03-09,BAS,1408,719,689,779,611,18,ITF,ITF5,17,Basilicata,Basilicata,559084,509428,91.12,0.25
4394,2021-01-25,BAS,1031,431,600,73,957,1,ITF,ITF5,17,Basilicata,Basilicata,559084,510459,91.3,0.18
4395,2021-01-11,BAS,183,66,117,183,0,0,ITF,ITF5,17,Basilicata,Basilicata,559084,510642,91.34,0.03
4396,2021-02-18,BAS,1071,401,670,852,216,3,ITF,ITF5,17,Basilicata,Basilicata,559084,511713,91.53,0.19
4397,2021-07-15,BAS,6477,3211,3266,1669,4783,25,ITF,ITF5,17,Basilicata,Basilicata,559084,518190,92.69,1.16
4398,2021-04-06,BAS,1274,465,809,1075,184,15,ITF,ITF5,17,Basilicata,Basilicata,559084,519464,92.91,0.23
4399,2021-06-14,BAS,4825,2156,2669,2092,2709,24,ITF,ITF5,17,Basilicata,Basilicata,559084,524289,93.78,0.86
4400,2021-03-23,BAS,1592,610,982,1407,168,17,ITF,ITF5,17,Basilicata,Basilicata,559084,525881,94.06,0.28
4401,2021-07-01,BAS,3708,1856,1852,2564,1111,33,ITF,ITF5,17,Basilicata,Basilicata,559084,529589,94.72,0.66
4402,2021-02-01,BAS,243,91,152,46,197,0,ITF,ITF5,17,Basilicata,Basilicata,559084,529832,94.77,0.04
4403,2021-05-26,BAS,4486,2257,2229,1676,2781,29,ITF,ITF5,17,Basilicata,Basilicata,559084,534318,95.57,0.8
4404,2021-05-13,BAS,5984,2967,3017,3299,2595,90,ITF,ITF5,17,Basilicata,Basilicata,559084,540302,96.64,1.07
4405,2021-05-08,BAS,4840,2403,2437,3387,1410,43,ITF,ITF5,17,Basilicata,Basilicata,559084,545142,97.51,0.87
4406,2021-03-10,BAS,1683,844,839,835,839,9,ITF,ITF5,17,Basilicata,Basilicata,559084,546825,97.81,0.3
4407,2021-01-26,BAS,807,356,451,101,706,0,ITF,ITF5,17,Basilicata,Basilicata,559084,547632,97.95,0.14
4408,2021-05-06,BAS,5068,2440,2628,3432,1585,51,ITF,ITF5,17,Basilicata,Basilicata,559084,552700,98.86,0.91
4409,2021-05-15,BAS,6529,3344,3185,3874,2572,83,ITF,ITF5,17,Basilicata,Basilicata,559084,559229,100.03,1.17
4410,2021-04-02,BAS,2342,1057,1285,1716,605,21,ITF,ITF5,17,Basilicata,Basilicata,559084,561571,100.44,0.42
4411,2021-02-04,BAS,1102,445,657,64,1038,0,ITF,ITF5,17,Basilicata,Basilicata,559084,562673,100.64,0.2
4412,2021-07-11,BAS,5033,2405,2628,1510,3498,25,ITF,ITF5,17,Basilicata,Basilicata,559084,567706,101.54,0.9
4413,2021-02-02,BAS,368,144,224,174,193,1,ITF,ITF5,17,Basilicata,Basilicata,559084,568074,101.61,0.07
4414,2021-04-09,BAS,1151,350,801,1064,63,24,ITF,ITF5,17,Basilicata,Basilicata,559084,569225,101.81,0.21
4415,2021-07-13,BAS,5855,2825,3030,1773,4035,47,ITF,ITF5,17,Basilicata,Basilicata,559084,575080,102.86,1.05
4416,2021-02-27,BAS,1993,861,1132,1812,164,17,ITF,ITF5,17,Basilicata,Basilicata,559084,577073,103.22,0.36
4417,2021-07-20,BAS,5725,2812,2913,1700,3985,40,ITF,ITF5,17,Basilicata,Basilicata,559084,582798,104.24,1.02
4418,2021-06-07,BAS,4238,1921,2317,3885,315,38,ITF,ITF5,17,Basilicata,Basilicata,559084,587036,105.0,0.76
4419,2021-04-11,BAS,932,371,561,760,143,29,ITF,ITF5,17,Basilicata,Basilicata,559084,587968,105.17,0.17
4420,2021-04-04,BAS,610,225,385,191,413,6,ITF,ITF5,17,Basilicata,Basilicata,559084,588578,105.28,0.11
4421,2021-07-22,BAS,5754,2867,2887,1744,3950,60,ITF,ITF5,17,Basilicata,Basilicata,559084,594332,106.3,1.03
