,data,area,Vaccinazioni giornaliere,sesso_maschile,sesso_femminile,Operatori sanitari - sociosanitari,Personale non sanitario,categoria_altro,Ospiti RSA,categoria_over80,categoria_forze_armate,categoria_personale_scolastico,prima_dose,seconda_dose,codice_NUTS1,codice_NUTS2,codice_regione_ISTAT,nome_area,Regione,popolazione,Totale vaccinazioni,Totale vaccinazioni ogni cento ab,Vaccinazioni giornaliere ogni cento ab
0,2021-01-03,TOS,3336,1052,2284,2565,9,0,762,0,0,0,3336,0,ITI,ITI1,9,Toscana,Toscana,3729641,3336,0.09,0.09
1,2021-02-06,TOS,4527,1550,2977,3725,574,1,227,0,0,0,1294,3233,ITI,ITI1,9,Toscana,Toscana,3729641,7863,0.21,0.12
2,2021-04-13,TOS,8171,3370,4801,247,297,2134,247,5211,30,5,5780,2391,ITI,ITI1,9,Toscana,Toscana,3729641,16034,0.43,0.22
3,2021-02-26,TOS,10063,3824,6239,1557,637,1069,298,1802,1138,3562,8857,1206,ITI,ITI1,9,Toscana,Toscana,3729641,26097,0.7,0.27
4,2021-01-22,TOS,2865,1064,1801,2026,81,0,758,0,0,0,527,2338,ITI,ITI1,9,Toscana,Toscana,3729641,28962,0.78,0.08
5,2021-02-12,TOS,7606,2683,4923,3742,380,2892,188,2,402,0,7393,213,ITI,ITI1,9,Toscana,Toscana,3729641,36568,0.98,0.2
6,2021-01-04,TOS,5065,1894,3171,4100,29,3,933,0,0,0,5065,0,ITI,ITI1,9,Toscana,Toscana,3729641,41633,1.12,0.14
7,2021-03-11,TOS,15425,5969,9456,2440,906,1374,270,10216,207,12,12107,3318,ITI,ITI1,9,Toscana,Toscana,3729641,57058,1.53,0.41
8,2021-03-03,TOS,18116,6458,11658,3324,496,663,135,9153,899,3446,14513,3603,ITI,ITI1,9,Toscana,Toscana,3729641,75174,2.02,0.49
9,2021-03-08,TOS,6345,2610,3735,4063,746,990,191,65,282,8,1526,4819,ITI,ITI1,9,Toscana,Toscana,3729641,81519,2.19,0.17
10,2021-02-20,TOS,4641,1790,2851,3350,1038,0,203,17,15,18,4128,513,ITI,ITI1,9,Toscana,Toscana,3729641,86160,2.31,0.12
11,2021-01-19,TOS,1104,531,573,392,220,1,491,0,0,0,1104,0,ITI,ITI1,9,Toscana,Toscana,3729641,87264,2.34,0.03
12,2021-02-01,TOS,5508,1958,3550,4485,403,4,616,0,0,0,520,4988,ITI,ITI1,9,Toscana,Toscana,3729641,92772,2.49,0.15
13,2021-02-03,TOS,4221,1452,2769,3475,239,1,505,1,0,0,241,3980,ITI,ITI1,9,Toscana,Toscana,3729641,96993,2.6,0.11
14,2021-04-16,TOS,15980,7338,8642,380,241,8498,50,6797,14,0,12346,3634,ITI,ITI1,9,Toscana,Toscana,3729641,112973,3.03,0.43
15,2021-03-18,TOS,9891,3948,5943,437,544,932,280,7688,7,3,5955,3936,ITI,ITI1,9,Toscana,Toscana,3729641,122864,3.29,0.27
16,2021-02-13,TOS,7784,2360,5424,3667,574,3193,163,0,186,1,7557,227,ITI,ITI1,9,Toscana,Toscana,3729641,130648,3.5,0.21
17,2021-02-25,TOS,10616,4302,6314,1078,421,1281,259,3213,1165,3199,9622,994,ITI,ITI1,9,Toscana,Toscana,3729641,141264,3.79,0.28
18,2021-04-05,TOS,15279,6824,8455,27,41,15103,0,71,2,35,14541,738,ITI,ITI1,9,Toscana,Toscana,3729641,156543,4.2,0.41
19,2021-04-14,TOS,18964,7854,11110,393,331,2554,92,15583,10,1,14141,4823,ITI,ITI1,9,Toscana,Toscana,3729641,175507,4.71,0.51
20,2021-02-28,TOS,1649,667,982,1111,201,1,78,0,249,9,922,727,ITI,ITI1,9,Toscana,Toscana,3729641,177156,4.75,0.04
21,2021-02-15,TOS,8768,3374,5394,4536,922,1106,216,56,794,1138,7943,825,ITI,ITI1,9,Toscana,Toscana,3729641,185924,4.99,0.24
22,2021-03-19,TOS,10065,4427,5638,640,439,4017,303,4618,13,35,7236,2829,ITI,ITI1,9,Toscana,Toscana,3729641,195989,5.25,0.27
23,2021-03-04,TOS,17510,6671,10839,2816,275,1397,274,8189,865,3694,14434,3076,ITI,ITI1,9,Toscana,Toscana,3729641,213499,5.72,0.47
24,2021-01-23,TOS,3949,1354,2595,2936,170,2,841,0,0,0,640,3309,ITI,ITI1,9,Toscana,Toscana,3729641,217448,5.83,0.11
25,2021-03-22,TOS,4836,2398,2438,221,347,3430,380,9,135,314,4393,443,ITI,ITI1,9,Toscana,Toscana,3729641,222284,5.96,0.13
26,2021-04-08,TOS,29035,12273,16762,268,253,5302,186,23005,16,5,22795,6240,ITI,ITI1,9,Toscana,Toscana,3729641,251319,6.74,0.78
27,2021-03-30,TOS,16631,7359,9272,207,129,7876,249,7867,190,113,13078,3553,ITI,ITI1,9,Toscana,Toscana,3729641,267950,7.18,0.45
28,2021-01-24,TOS,3349,1073,2276,2602,35,2,709,1,0,0,201,3148,ITI,ITI1,9,Toscana,Toscana,3729641,271299,7.27,0.09
29,2021-01-31,TOS,3049,1129,1920,2465,133,2,448,1,0,0,106,2943,ITI,ITI1,9,Toscana,Toscana,3729641,274348,7.36,0.08
30,2021-04-01,TOS,26428,10892,15536,246,105,1568,303,24052,148,6,15979,10449,ITI,ITI1,9,Toscana,Toscana,3729641,300776,8.06,0.71
31,2021-02-21,TOS,5105,2089,3016,3666,1220,0,195,2,13,9,4935,170,ITI,ITI1,9,Toscana,Toscana,3729641,305881,8.2,0.14
32,2021-01-17,TOS,2535,871,1664,2002,293,0,240,0,0,0,2022,513,ITI,ITI1,9,Toscana,Toscana,3729641,308416,8.27,0.07
33,2021-03-28,TOS,6196,2800,3396,37,20,5409,145,477,19,89,5942,254,ITI,ITI1,9,Toscana,Toscana,3729641,314612,8.44,0.17
34,2021-03-25,TOS,23354,10013,13341,225,269,6210,406,15321,218,705,15091,8263,ITI,ITI1,9,Toscana,Toscana,3729641,337966,9.06,0.63
35,2021-03-02,TOS,10583,3787,6796,3170,432,598,154,1847,870,3512,7139,3444,ITI,ITI1,9,Toscana,Toscana,3729641,348549,9.35,0.28
36,2021-01-16,TOS,3271,1046,2225,2493,538,0,240,0,0,0,3271,0,ITI,ITI1,9,Toscana,Toscana,3729641,351820,9.43,0.09
37,2021-02-04,TOS,4253,1594,2659,3168,623,1,456,5,0,0,961,3292,ITI,ITI1,9,Toscana,Toscana,3729641,356073,9.55,0.11
38,2021-03-26,TOS,20202,9064,11138,249,303,8008,192,10980,137,333,14533,5669,ITI,ITI1,9,Toscana,Toscana,3729641,376275,10.09,0.54
39,2021-04-06,TOS,21942,9668,12274,770,372,13564,136,5342,132,1626,18258,3684,ITI,ITI1,9,Toscana,Toscana,3729641,398217,10.68,0.59
40,2021-04-02,TOS,31428,13291,18137,296,52,11377,370,19219,108,6,23593,7835,ITI,ITI1,9,Toscana,Toscana,3729641,429645,11.52,0.84
41,2021-04-03,TOS,14872,6581,8291,101,34,9908,99,4707,10,13,13747,1125,ITI,ITI1,9,Toscana,Toscana,3729641,444517,11.92,0.4
42,2021-02-18,TOS,8817,3285,5532,2924,1447,64,230,214,796,3142,7923,894,ITI,ITI1,9,Toscana,Toscana,3729641,453334,12.15,0.24
43,2021-03-15,TOS,8312,3309,5003,3214,1248,709,404,36,420,2281,3870,4442,ITI,ITI1,9,Toscana,Toscana,3729641,461646,12.38,0.22
44,2021-01-14,TOS,3254,1179,2075,2459,475,0,320,0,0,0,3254,0,ITI,ITI1,9,Toscana,Toscana,3729641,464900,12.47,0.09
45,2021-03-20,TOS,6488,2881,3607,914,552,4770,165,29,24,34,5353,1135,ITI,ITI1,9,Toscana,Toscana,3729641,471388,12.64,0.17
46,2021-02-17,TOS,8173,3168,5005,3464,1122,51,249,218,584,2485,7422,751,ITI,ITI1,9,Toscana,Toscana,3729641,479561,12.86,0.22
47,2021-03-24,TOS,19528,7913,11615,222,326,4440,195,13361,211,773,10123,9405,ITI,ITI1,9,Toscana,Toscana,3729641,499089,13.38,0.52
48,2021-01-15,TOS,3878,1347,2531,2758,674,2,444,0,0,0,3878,0,ITI,ITI1,9,Toscana,Toscana,3729641,502967,13.49,0.1
49,2021-04-09,TOS,23815,10249,13566,233,114,3786,184,19478,17,3,20530,3285,ITI,ITI1,9,Toscana,Toscana,3729641,526782,14.12,0.64
50,2021-02-23,TOS,7720,3324,4396,1490,530,1041,204,510,1114,2831,7559,161,ITI,ITI1,9,Toscana,Toscana,3729641,534502,14.33,0.21
51,2021-02-24,TOS,10360,4461,5899,81,302,1267,301,4131,1331,2947,10163,197,ITI,ITI1,9,Toscana,Toscana,3729641,544862,14.61,0.28
52,2021-03-23,TOS,9047,4077,4970,309,302,4189,328,3442,139,338,6806,2241,ITI,ITI1,9,Toscana,Toscana,3729641,553909,14.85,0.24
53,2021-02-05,TOS,5748,2244,3504,4121,1180,4,442,1,0,0,1924,3824,ITI,ITI1,9,Toscana,Toscana,3729641,559657,15.01,0.15
54,2021-02-02,TOS,3742,1475,2267,3021,283,4,422,6,6,0,195,3547,ITI,ITI1,9,Toscana,Toscana,3729641,563399,15.11,0.1
55,2021-02-11,TOS,5383,2021,3362,2809,284,1934,323,12,10,11,5141,242,ITI,ITI1,9,Toscana,Toscana,3729641,568782,15.25,0.14
56,2021-04-10,TOS,11260,5125,6135,258,188,3005,117,7680,9,3,10522,738,ITI,ITI1,9,Toscana,Toscana,3729641,580042,15.55,0.3
57,2021-01-21,TOS,1589,686,903,579,220,0,790,0,0,0,867,722,ITI,ITI1,9,Toscana,Toscana,3729641,581631,15.59,0.04
58,2021-03-07,TOS,5648,2356,3292,3103,511,586,123,15,536,774,2106,3542,ITI,ITI1,9,Toscana,Toscana,3729641,587279,15.75,0.15
59,2021-03-27,TOS,8786,4094,4692,113,68,6760,222,1382,43,198,8571,215,ITI,ITI1,9,Toscana,Toscana,3729641,596065,15.98,0.24
60,2021-02-16,TOS,9268,3338,5930,5084,952,30,178,10,691,2323,8557,711,ITI,ITI1,9,Toscana,Toscana,3729641,605333,16.23,0.25
61,2021-04-04,TOS,13907,6599,7308,17,8,13796,1,30,3,52,13655,252,ITI,ITI1,9,Toscana,Toscana,3729641,619240,16.6,0.37
62,2021-03-01,TOS,4381,1667,2714,3192,593,10,137,3,421,25,741,3640,ITI,ITI1,9,Toscana,Toscana,3729641,623621,16.72,0.12
63,2021-01-13,TOS,4063,1398,2665,3308,348,2,405,0,0,0,4063,0,ITI,ITI1,9,Toscana,Toscana,3729641,627684,16.83,0.11
64,2021-01-10,TOS,3001,1104,1897,2432,134,4,431,0,0,0,3001,0,ITI,ITI1,9,Toscana,Toscana,3729641,630685,16.91,0.08
65,2021-01-20,TOS,1331,637,694,435,255,1,640,0,0,0,1083,248,ITI,ITI1,9,Toscana,Toscana,3729641,632016,16.95,0.04
66,2021-01-07,TOS,6018,1751,4267,5308,29,1,680,0,0,0,6018,0,ITI,ITI1,9,Toscana,Toscana,3729641,638034,17.11,0.16
67,2021-03-31,TOS,32192,12921,19271,278,84,4747,264,22722,398,3699,20171,12021,ITI,ITI1,9,Toscana,Toscana,3729641,670226,17.97,0.86
68,2021-01-09,TOS,4485,1596,2889,3780,143,1,560,1,0,0,4485,0,ITI,ITI1,9,Toscana,Toscana,3729641,674711,18.09,0.12
69,2021-01-28,TOS,6282,1883,4399,5427,64,2,788,1,0,0,354,5928,ITI,ITI1,9,Toscana,Toscana,3729641,680993,18.26,0.17
70,2021-01-29,TOS,6136,1698,4438,5375,138,1,622,0,0,0,302,5834,ITI,ITI1,9,Toscana,Toscana,3729641,687129,18.42,0.16
71,2021-03-12,TOS,16425,6174,10251,2611,955,997,303,6941,696,3922,12901,3524,ITI,ITI1,9,Toscana,Toscana,3729641,703554,18.86,0.44
72,2021-03-21,TOS,3232,1574,1658,660,792,1677,77,8,6,12,1799,1433,ITI,ITI1,9,Toscana,Toscana,3729641,706786,18.95,0.09
73,2021-04-07,TOS,35098,15067,20031,307,483,14956,98,19179,55,20,27990,7108,ITI,ITI1,9,Toscana,Toscana,3729641,741884,19.89,0.94
74,2021-01-11,TOS,5094,1691,3403,4362,209,1,522,0,0,0,5094,0,ITI,ITI1,9,Toscana,Toscana,3729641,746978,20.03,0.14
75,2021-03-13,TOS,9276,3300,5976,2835,1156,953,68,180,344,3740,5314,3962,ITI,ITI1,9,Toscana,Toscana,3729641,756254,20.28,0.25
76,2021-04-12,TOS,2513,1153,1360,168,262,1626,196,251,4,6,1863,650,ITI,ITI1,9,Toscana,Toscana,3729641,758767,20.34,0.07
77,2021-01-25,TOS,5126,1896,3230,4160,54,2,909,1,0,0,249,4877,ITI,ITI1,9,Toscana,Toscana,3729641,763893,20.48,0.14
78,2021-04-11,TOS,3475,1607,1868,60,32,1998,98,1283,0,4,3322,153,ITI,ITI1,9,Toscana,Toscana,3729641,767368,20.57,0.09
79,2021-01-18,TOS,1119,636,483,430,313,1,375,0,0,0,1021,98,ITI,ITI1,9,Toscana,Toscana,3729641,768487,20.6,0.03
80,2021-02-10,TOS,4264,1281,2983,3536,239,2,485,1,1,0,3740,524,ITI,ITI1,9,Toscana,Toscana,3729641,772751,20.72,0.11
81,2021-01-27,TOS,4834,1572,3262,4018,73,1,742,0,0,0,207,4627,ITI,ITI1,9,Toscana,Toscana,3729641,777585,20.85,0.13
82,2020-12-30,TOS,327,104,223,34,10,0,283,0,0,0,327,0,ITI,ITI1,9,Toscana,Toscana,3729641,777912,20.86,0.01
83,2021-03-14,TOS,7165,2560,4605,3104,798,452,122,2,211,2476,3230,3935,ITI,ITI1,9,Toscana,Toscana,3729641,785077,21.05,0.19
84,2021-02-09,TOS,4488,1468,3020,3582,386,2,514,4,0,0,3877,611,ITI,ITI1,9,Toscana,Toscana,3729641,789565,21.17,0.12
85,2021-03-16,TOS,4885,1875,3010,1551,424,669,124,2089,12,16,2649,2236,ITI,ITI1,9,Toscana,Toscana,3729641,794450,21.3,0.13
86,2021-03-17,TOS,11356,4565,6791,364,273,879,189,9647,2,2,6847,4509,ITI,ITI1,9,Toscana,Toscana,3729641,805806,21.61,0.3
87,2021-03-09,TOS,10587,4089,6498,4806,905,1179,180,3292,214,11,5035,5552,ITI,ITI1,9,Toscana,Toscana,3729641,816393,21.89,0.28
88,2021-02-27,TOS,1944,723,1221,1352,311,3,132,1,126,19,1042,902,ITI,ITI1,9,Toscana,Toscana,3729641,818337,21.94,0.05
89,2021-01-02,TOS,3497,1097,2400,2682,15,0,800,0,0,0,3497,0,ITI,ITI1,9,Toscana,Toscana,3729641,821834,22.04,0.09
90,2021-02-22,TOS,9817,4253,5564,3483,1390,889,316,22,1014,2703,9540,277,ITI,ITI1,9,Toscana,Toscana,3729641,831651,22.3,0.26
91,2021-04-15,TOS,22001,9233,12768,346,230,3237,164,18009,10,5,14211,7790,ITI,ITI1,9,Toscana,Toscana,3729641,853652,22.89,0.59
92,2021-01-06,TOS,4519,1459,3060,3984,9,1,525,0,0,0,4519,0,ITI,ITI1,9,Toscana,Toscana,3729641,858171,23.01,0.12
93,2021-03-29,TOS,9282,4516,4766,227,118,8356,211,20,150,200,8958,324,ITI,ITI1,9,Toscana,Toscana,3729641,867453,23.26,0.25
94,2021-02-07,TOS,2806,953,1853,2349,299,1,157,0,0,0,885,1921,ITI,ITI1,9,Toscana,Toscana,3729641,870259,23.33,0.08
95,2021-01-01,TOS,2369,787,1582,1715,2,0,650,2,0,0,2369,0,ITI,ITI1,9,Toscana,Toscana,3729641,872628,23.4,0.06
96,2021-01-08,TOS,5944,1641,4303,5360,36,3,545,0,0,0,5944,0,ITI,ITI1,9,Toscana,Toscana,3729641,878572,23.56,0.16
97,2021-03-10,TOS,17891,7018,10873,3005,850,1385,271,12152,214,14,13885,4006,ITI,ITI1,9,Toscana,Toscana,3729641,896463,24.04,0.48
98,2021-02-19,TOS,8286,2947,5339,2967,1207,28,245,154,580,3105,7779,507,ITI,ITI1,9,Toscana,Toscana,3729641,904749,24.26,0.22
99,2021-03-05,TOS,16412,6300,10112,3921,926,1485,170,5220,819,3871,11672,4740,ITI,ITI1,9,Toscana,Toscana,3729641,921161,24.7,0.44
100,2021-01-05,TOS,5243,1754,3489,4354,9,2,878,0,0,0,5243,0,ITI,ITI1,9,Toscana,Toscana,3729641,926404,24.84,0.14
101,2021-01-12,TOS,3581,1398,2183,2944,282,1,354,0,0,0,3581,0,ITI,ITI1,9,Toscana,Toscana,3729641,929985,24.93,0.1
102,2020-12-27,TOS,620,267,353,460,10,137,13,0,0,0,620,0,ITI,ITI1,9,Toscana,Toscana,3729641,930605,24.95,0.02
103,2021-02-08,TOS,4097,1360,2737,3373,343,2,377,2,0,0,3638,459,ITI,ITI1,9,Toscana,Toscana,3729641,934702,25.06,0.11
104,2021-01-30,TOS,4622,1622,3000,3765,218,1,638,0,0,0,198,4424,ITI,ITI1,9,Toscana,Toscana,3729641,939324,25.19,0.12
105,2021-02-14,TOS,8993,2567,6426,3033,549,5064,81,0,261,5,8883,110,ITI,ITI1,9,Toscana,Toscana,3729641,948317,25.43,0.24
106,2021-01-26,TOS,5393,1792,3601,4358,81,3,951,0,0,0,219,5174,ITI,ITI1,9,Toscana,Toscana,3729641,953710,25.57,0.14
107,2021-03-06,TOS,7095,2838,4257,3803,482,1132,145,30,357,1146,2905,4190,ITI,ITI1,9,Toscana,Toscana,3729641,960805,25.76,0.19
108,2020-12-31,TOS,805,202,603,97,10,0,698,0,0,0,805,0,ITI,ITI1,9,Toscana,Toscana,3729641,961610,25.78,0.02
109,2021-01-29,BAS,613,229,384,398,38,107,70,0,0,0,63,550,ITF,ITF5,17,Basilicata,Basilicata,559084,613,0.11,0.11
110,2021-03-28,BAS,2142,743,1399,92,0,72,1,1265,1,711,2122,20,ITF,ITF5,17,Basilicata,Basilicata,559084,2755,0.49,0.38
111,2021-02-24,BAS,1803,743,1060,85,9,20,2,1686,1,0,1734,69,ITF,ITF5,17,Basilicata,Basilicata,559084,4558,0.82,0.32
112,2021-04-15,BAS,3444,1672,1772,115,3,2561,0,729,1,35,2636,808,ITF,ITF5,17,Basilicata,Basilicata,559084,8002,1.43,0.62
113,2021-03-20,BAS,1286,566,720,45,68,47,0,943,5,178,275,1011,ITF,ITF5,17,Basilicata,Basilicata,559084,9288,1.66,0.23
114,2021-04-06,BAS,1397,478,919,205,0,234,1,343,26,588,1201,196,ITF,ITF5,17,Basilicata,Basilicata,559084,10685,1.91,0.25
115,2021-03-10,BAS,1650,814,836,101,46,64,33,877,256,273,811,839,ITF,ITF5,17,Basilicata,Basilicata,559084,12335,2.21,0.3
116,2021-01-26,BAS,793,350,443,622,70,66,35,0,0,0,101,692,ITF,ITF5,17,Basilicata,Basilicata,559084,13128,2.35,0.14
117,2021-01-31,BAS,77,24,53,75,2,0,0,0,0,0,0,77,ITF,ITF5,17,Basilicata,Basilicata,559084,13205,2.36,0.01
118,2021-03-08,BAS,1450,707,743,221,126,126,38,410,256,273,840,610,ITF,ITF5,17,Basilicata,Basilicata,559084,14655,2.62,0.26
119,2021-02-07,BAS,373,159,214,259,25,49,40,0,0,0,49,324,ITF,ITF5,17,Basilicata,Basilicata,559084,15028,2.69,0.07
120,2021-02-10,BAS,547,237,310,176,95,58,127,90,0,1,495,52,ITF,ITF5,17,Basilicata,Basilicata,559084,15575,2.79,0.1
121,2021-04-13,BAS,2131,1059,1072,147,1,1092,0,817,1,73,1303,828,ITF,ITF5,17,Basilicata,Basilicata,559084,17706,3.17,0.38
122,2021-03-27,BAS,2024,747,1277,17,0,99,0,1530,0,378,1710,314,ITF,ITF5,17,Basilicata,Basilicata,559084,19730,3.53,0.36
123,2021-04-11,BAS,847,330,517,74,0,499,0,46,3,225,786,61,ITF,ITF5,17,Basilicata,Basilicata,559084,20577,3.68,0.15
124,2021-01-21,BAS,30,10,20,0,0,30,0,0,0,0,30,0,ITF,ITF5,17,Basilicata,Basilicata,559084,20607,3.69,0.01
125,2021-01-17,BAS,328,133,195,233,11,30,54,0,0,0,327,1,ITF,ITF5,17,Basilicata,Basilicata,559084,20935,3.74,0.06
126,2021-03-19,BAS,2284,988,1296,58,75,37,0,1950,22,142,261,2023,ITF,ITF5,17,Basilicata,Basilicata,559084,23219,4.15,0.41
127,2021-03-02,BAS,791,381,410,110,23,55,5,184,201,213,656,135,ITF,ITF5,17,Basilicata,Basilicata,559084,24010,4.29,0.14
128,2021-02-11,BAS,951,401,550,200,95,74,107,471,4,0,868,83,ITF,ITF5,17,Basilicata,Basilicata,559084,24961,4.46,0.17
129,2021-04-14,BAS,2070,1005,1065,33,0,1263,2,670,10,92,1387,683,ITF,ITF5,17,Basilicata,Basilicata,559084,27031,4.83,0.37
130,2021-01-12,BAS,217,88,129,87,22,9,99,0,0,0,217,0,ITF,ITF5,17,Basilicata,Basilicata,559084,27248,4.87,0.04
131,2021-04-12,BAS,2249,1086,1163,227,1,1371,12,523,13,102,1675,574,ITF,ITF5,17,Basilicata,Basilicata,559084,29497,5.28,0.4
132,2021-02-23,BAS,1901,771,1130,159,24,25,35,1658,0,0,1763,138,ITF,ITF5,17,Basilicata,Basilicata,559084,31398,5.62,0.34
133,2021-02-26,BAS,2148,904,1244,88,93,12,1,1954,0,0,2069,79,ITF,ITF5,17,Basilicata,Basilicata,559084,33546,6.0,0.38
134,2021-01-25,BAS,1020,427,593,828,80,111,1,0,0,0,74,946,ITF,ITF5,17,Basilicata,Basilicata,559084,34566,6.18,0.18
135,2021-01-23,BAS,707,299,408,592,38,76,1,0,0,0,33,674,ITF,ITF5,17,Basilicata,Basilicata,559084,35273,6.31,0.13
136,2021-04-09,BAS,1145,350,795,142,0,199,0,137,49,618,1078,67,ITF,ITF5,17,Basilicata,Basilicata,559084,36418,6.51,0.2
137,2021-01-14,BAS,969,413,556,504,110,32,323,0,0,0,969,0,ITF,ITF5,17,Basilicata,Basilicata,559084,37387,6.69,0.17
138,2021-03-03,BAS,1740,813,927,191,252,161,99,590,203,244,1184,556,ITF,ITF5,17,Basilicata,Basilicata,559084,39127,7.0,0.31
139,2021-04-04,BAS,543,215,328,9,0,40,0,406,0,88,130,413,ITF,ITF5,17,Basilicata,Basilicata,559084,39670,7.1,0.1
140,2021-03-21,BAS,1045,480,565,32,0,51,0,803,0,159,352,693,ITF,ITF5,17,Basilicata,Basilicata,559084,40715,7.28,0.19
141,2021-03-05,BAS,1849,855,994,298,123,104,72,689,254,309,1104,745,ITF,ITF5,17,Basilicata,Basilicata,559084,42564,7.61,0.33
142,2021-01-07,BAS,640,319,321,556,8,47,29,0,0,0,640,0,ITF,ITF5,17,Basilicata,Basilicata,559084,43204,7.73,0.11
143,2021-03-07,BAS,882,308,574,39,12,6,4,328,22,471,844,38,ITF,ITF5,17,Basilicata,Basilicata,559084,44086,7.89,0.16
144,2021-01-18,BAS,463,157,306,364,51,3,45,0,0,0,364,99,ITF,ITF5,17,Basilicata,Basilicata,559084,44549,7.97,0.08
145,2021-04-07,BAS,1396,579,817,268,0,432,0,103,10,583,1361,35,ITF,ITF5,17,Basilicata,Basilicata,559084,45945,8.22,0.25
146,2021-03-06,BAS,1351,535,816,296,118,52,57,383,186,259,757,594,ITF,ITF5,17,Basilicata,Basilicata,559084,47296,8.46,0.24
147,2021-01-22,BAS,67,24,43,6,0,60,0,1,0,0,67,0,ITF,ITF5,17,Basilicata,Basilicata,559084,47363,8.47,0.01
148,2021-03-25,BAS,1721,575,1146,38,0,110,0,914,22,637,1409,312,ITF,ITF5,17,Basilicata,Basilicata,559084,49084,8.78,0.31
149,2021-03-16,BAS,1899,799,1100,103,27,31,0,1671,5,62,228,1671,ITF,ITF5,17,Basilicata,Basilicata,559084,50983,9.12,0.34
150,2021-01-09,BAS,557,160,397,386,52,51,67,0,0,1,557,0,ITF,ITF5,17,Basilicata,Basilicata,559084,51540,9.22,0.1
151,2021-02-15,BAS,621,232,389,191,93,44,46,246,1,0,580,41,ITF,ITF5,17,Basilicata,Basilicata,559084,52161,9.33,0.11
152,2020-12-27,BAS,106,41,65,104,0,2,0,0,0,0,106,0,ITF,ITF5,17,Basilicata,Basilicata,559084,52267,9.35,0.02
153,2021-01-27,BAS,411,175,236,299,16,70,26,0,0,0,113,298,ITF,ITF5,17,Basilicata,Basilicata,559084,52678,9.42,0.07
154,2021-03-14,BAS,1008,477,531,41,110,13,8,516,71,249,539,469,ITF,ITF5,17,Basilicata,Basilicata,559084,53686,9.6,0.18
155,2021-03-17,BAS,1448,606,842,22,11,18,0,1390,5,2,27,1421,ITF,ITF5,17,Basilicata,Basilicata,559084,55134,9.86,0.26
156,2021-03-13,BAS,1794,888,906,82,292,66,46,864,231,213,749,1045,ITF,ITF5,17,Basilicata,Basilicata,559084,56928,10.18,0.32
157,2021-01-02,BAS,949,380,569,855,39,52,0,0,0,3,949,0,ITF,ITF5,17,Basilicata,Basilicata,559084,57877,10.35,0.17
158,2021-01-05,BAS,945,409,536,861,38,46,0,0,0,0,945,0,ITF,ITF5,17,Basilicata,Basilicata,559084,58822,10.52,0.17
159,2021-01-20,BAS,84,22,62,0,0,84,0,0,0,0,84,0,ITF,ITF5,17,Basilicata,Basilicata,559084,58906,10.54,0.02
160,2021-03-09,BAS,1391,706,685,222,47,48,33,545,258,238,787,604,ITF,ITF5,17,Basilicata,Basilicata,559084,60297,10.78,0.25
161,2021-03-23,BAS,1192,490,702,48,0,30,0,817,20,277,1085,107,ITF,ITF5,17,Basilicata,Basilicata,559084,61489,11.0,0.21
162,2021-02-12,BAS,775,332,443,288,138,63,90,190,6,0,744,31,ITF,ITF5,17,Basilicata,Basilicata,559084,62264,11.14,0.14
163,2021-02-09,BAS,491,213,278,200,225,12,54,0,0,0,316,175,ITF,ITF5,17,Basilicata,Basilicata,559084,62755,11.22,0.09
164,2021-01-15,BAS,813,350,463,578,21,40,174,0,0,0,813,0,ITF,ITF5,17,Basilicata,Basilicata,559084,63568,11.37,0.15
165,2021-03-04,BAS,1872,889,983,217,107,136,66,842,263,241,1079,793,ITF,ITF5,17,Basilicata,Basilicata,559084,65440,11.7,0.33
166,2021-02-20,BAS,1160,530,630,77,170,31,80,802,0,0,1043,117,ITF,ITF5,17,Basilicata,Basilicata,559084,66600,11.91,0.21
167,2021-04-05,BAS,437,166,271,2,0,25,0,338,1,71,135,302,ITF,ITF5,17,Basilicata,Basilicata,559084,67037,11.99,0.08
168,2021-04-03,BAS,1805,751,1054,39,1,343,0,1104,4,314,1469,336,ITF,ITF5,17,Basilicata,Basilicata,559084,68842,12.31,0.32
169,2021-03-29,BAS,2682,986,1696,70,0,154,0,1780,4,674,2342,340,ITF,ITF5,17,Basilicata,Basilicata,559084,71524,12.79,0.48
170,2021-04-08,BAS,879,405,474,260,0,318,0,80,33,188,870,9,ITF,ITF5,17,Basilicata,Basilicata,559084,72403,12.95,0.16
171,2021-01-11,BAS,183,66,117,107,15,20,41,0,0,0,183,0,ITF,ITF5,17,Basilicata,Basilicata,559084,72586,12.98,0.03
172,2021-01-28,BAS,903,401,502,717,24,80,81,1,0,0,119,784,ITF,ITF5,17,Basilicata,Basilicata,559084,73489,13.14,0.16
173,2021-03-11,BAS,1783,919,864,163,63,99,77,905,253,223,824,959,ITF,ITF5,17,Basilicata,Basilicata,559084,75272,13.46,0.32
174,2021-02-14,BAS,151,48,103,55,12,1,65,18,0,0,151,0,ITF,ITF5,17,Basilicata,Basilicata,559084,75423,13.49,0.03
175,2021-02-19,BAS,1622,737,885,219,356,19,66,962,0,0,1560,62,ITF,ITF5,17,Basilicata,Basilicata,559084,77045,13.78,0.29
176,2021-03-26,BAS,1890,689,1201,195,0,64,0,1155,1,475,1628,262,ITF,ITF5,17,Basilicata,Basilicata,559084,78935,14.12,0.34
177,2021-03-15,BAS,2347,981,1366,78,26,20,0,1934,23,266,520,1827,ITF,ITF5,17,Basilicata,Basilicata,559084,81282,14.54,0.42
178,2021-02-02,BAS,365,141,224,212,15,36,102,0,0,0,175,190,ITF,ITF5,17,Basilicata,Basilicata,559084,81647,14.6,0.07
179,2021-02-01,BAS,242,91,151,156,24,14,48,0,0,0,46,196,ITF,ITF5,17,Basilicata,Basilicata,559084,81889,14.65,0.04
180,2021-01-08,BAS,554,219,335,383,30,82,59,0,0,0,554,0,ITF,ITF5,17,Basilicata,Basilicata,559084,82443,14.75,0.1
181,2021-02-16,BAS,905,377,528,250,90,5,67,492,1,0,807,98,ITF,ITF5,17,Basilicata,Basilicata,559084,83348,14.91,0.16
182,2021-02-27,BAS,1986,856,1130,103,123,61,21,1678,0,0,1822,164,ITF,ITF5,17,Basilicata,Basilicata,559084,85334,15.26,0.36
183,2021-02-17,BAS,1135,493,642,123,42,27,57,884,1,1,1059,76,ITF,ITF5,17,Basilicata,Basilicata,559084,86469,15.47,0.2
184,2021-02-04,BAS,1092,440,652,636,106,69,281,0,0,0,63,1029,ITF,ITF5,17,Basilicata,Basilicata,559084,87561,15.66,0.2
185,2021-02-13,BAS,799,313,486,279,125,79,115,199,2,0,738,61,ITF,ITF5,17,Basilicata,Basilicata,559084,88360,15.8,0.14
186,2021-03-24,BAS,1542,626,916,67,0,62,0,953,43,417,1189,353,ITF,ITF5,17,Basilicata,Basilicata,559084,89902,16.08,0.28
187,2021-04-02,BAS,2308,1043,1265,97,0,447,0,1729,10,25,1701,607,ITF,ITF5,17,Basilicata,Basilicata,559084,92210,16.49,0.41
188,2021-01-24,BAS,834,299,535,706,46,81,1,0,0,0,58,776,ITF,ITF5,17,Basilicata,Basilicata,559084,93044,16.64,0.15
189,2021-02-06,BAS,902,367,535,546,115,72,168,0,0,1,146,756,ITF,ITF5,17,Basilicata,Basilicata,559084,93946,16.8,0.16
190,2021-04-16,BAS,2363,1136,1227,27,0,1603,0,683,3,47,1647,716,ITF,ITF5,17,Basilicata,Basilicata,559084,96309,17.23,0.42
191,2021-01-16,BAS,721,304,417,466,17,75,161,0,0,2,721,0,ITF,ITF5,17,Basilicata,Basilicata,559084,97030,17.36,0.13
192,2021-03-12,BAS,1896,975,921,266,61,48,37,985,241,258,798,1098,ITF,ITF5,17,Basilicata,Basilicata,559084,98926,17.69,0.34
193,2021-01-19,BAS,199,84,115,78,48,29,44,0,0,0,199,0,ITF,ITF5,17,Basilicata,Basilicata,559084,99125,17.73,0.04
194,2021-03-31,BAS,3238,1288,1950,68,0,257,0,2664,18,231,2454,784,ITF,ITF5,17,Basilicata,Basilicata,559084,102363,18.31,0.58
195,2021-01-06,BAS,294,129,165,229,9,20,36,0,0,0,294,0,ITF,ITF5,17,Basilicata,Basilicata,559084,102657,18.36,0.05
196,2021-03-22,BAS,1172,529,643,46,49,38,0,638,16,385,626,546,ITF,ITF5,17,Basilicata,Basilicata,559084,103829,18.57,0.21
197,2021-01-04,BAS,607,271,336,550,45,10,0,0,0,2,607,0,ITF,ITF5,17,Basilicata,Basilicata,559084,104436,18.68,0.11
198,2021-04-01,BAS,2825,1145,1680,79,0,273,0,2174,11,288,2111,714,ITF,ITF5,17,Basilicata,Basilicata,559084,107261,19.19,0.51
199,2021-03-01,BAS,540,279,261,121,50,79,4,169,67,50,376,164,ITF,ITF5,17,Basilicata,Basilicata,559084,107801,19.28,0.1
200,2021-02-18,BAS,1070,401,669,270,55,19,150,576,0,0,855,215,ITF,ITF5,17,Basilicata,Basilicata,559084,108871,19.47,0.19
201,2021-01-30,BAS,703,226,477,424,81,72,126,0,0,0,127,576,ITF,ITF5,17,Basilicata,Basilicata,559084,109574,19.6,0.13
202,2021-02-03,BAS,666,300,366,425,15,54,172,0,0,0,32,634,ITF,ITF5,17,Basilicata,Basilicata,559084,110240,19.72,0.12
203,2021-03-18,BAS,1346,561,785,30,0,10,0,1306,0,0,22,1324,ITF,ITF5,17,Basilicata,Basilicata,559084,111586,19.96,0.24
204,2021-02-28,BAS,802,342,460,32,0,30,0,740,0,0,774,28,ITF,ITF5,17,Basilicata,Basilicata,559084,112388,20.1,0.14
205,2021-01-03,BAS,900,344,556,790,45,63,0,0,0,2,900,0,ITF,ITF5,17,Basilicata,Basilicata,559084,113288,20.26,0.16
206,2021-02-21,BAS,284,113,171,16,1,1,11,254,0,1,284,0,ITF,ITF5,17,Basilicata,Basilicata,559084,113572,20.31,0.05
207,2021-02-25,BAS,1787,736,1051,67,2,12,0,1705,1,0,1741,46,ITF,ITF5,17,Basilicata,Basilicata,559084,115359,20.63,0.32
208,2021-01-10,BAS,77,24,53,9,2,66,0,0,0,0,77,0,ITF,ITF5,17,Basilicata,Basilicata,559084,115436,20.65,0.01
209,2021-03-30,BAS,2897,1181,1716,37,0,148,0,2193,7,512,2552,345,ITF,ITF5,17,Basilicata,Basilicata,559084,118333,21.17,0.52
210,2021-02-05,BAS,983,443,540,611,36,145,191,0,0,0,64,919,ITF,ITF5,17,Basilicata,Basilicata,559084,119316,21.34,0.18
211,2021-01-13,BAS,916,387,529,699,11,57,148,0,0,1,916,0,ITF,ITF5,17,Basilicata,Basilicata,559084,120232,21.51,0.16
212,2021-02-22,BAS,1790,773,1017,125,18,68,2,1577,0,0,1737,53,ITF,ITF5,17,Basilicata,Basilicata,559084,122022,21.83,0.32
213,2021-02-08,BAS,557,193,364,436,49,23,49,0,0,0,151,406,ITF,ITF5,17,Basilicata,Basilicata,559084,122579,21.92,0.1
214,2021-04-10,BAS,1036,383,653,64,0,318,2,147,19,486,954,82,ITF,ITF5,17,Basilicata,Basilicata,559084,123615,22.11,0.19
215,2021-03-03,PUG,16460,6605,9855,1990,454,383,192,5929,808,6704,14637,1823,ITF,ITF4,16,Puglia,Puglia,4029053,16460,0.41,0.41
216,2021-01-13,PUG,4537,1729,2808,3973,313,19,230,0,0,2,4537,0,ITF,ITF4,16,Puglia,Puglia,4029053,20997,0.52,0.11
217,2021-03-07,PUG,4912,1939,2973,930,48,135,2,1621,324,1852,4342,570,ITF,ITF4,16,Puglia,Puglia,4029053,25909,0.64,0.12
218,2021-02-23,PUG,9332,4411,4921,1787,347,108,169,5506,398,1017,8859,473,ITF,ITF4,16,Puglia,Puglia,4029053,35241,0.87,0.23
219,2021-03-21,PUG,2672,1220,1452,462,15,104,13,1779,14,285,569,2103,ITF,ITF4,16,Puglia,Puglia,4029053,37913,0.94,0.07
220,2021-01-24,PUG,1668,749,919,1286,231,0,150,1,0,0,152,1516,ITF,ITF4,16,Puglia,Puglia,4029053,39581,0.98,0.04
221,2021-03-05,PUG,17021,6777,10244,2307,571,618,273,5231,1022,6999,14860,2161,ITF,ITF4,16,Puglia,Puglia,4029053,56602,1.4,0.42
222,2021-01-30,PUG,5525,2513,3012,4749,324,20,419,3,4,6,411,5114,ITF,ITF4,16,Puglia,Puglia,4029053,62127,1.54,0.14
223,2021-03-15,PUG,11734,5601,6133,2091,563,264,115,7665,354,682,5244,6490,ITF,ITF4,16,Puglia,Puglia,4029053,73861,1.83,0.29
224,2021-04-14,PUG,29771,14071,15700,565,59,24361,38,4624,43,81,26571,3200,ITF,ITF4,16,Puglia,Puglia,4029053,103632,2.57,0.74
225,2021-01-14,PUG,4063,1586,2477,3180,368,14,499,0,0,2,4063,0,ITF,ITF4,16,Puglia,Puglia,4029053,107695,2.67,0.1
226,2021-03-08,PUG,14623,6061,8562,2138,555,497,218,6754,524,3937,12230,2393,ITF,ITF4,16,Puglia,Puglia,4029053,122318,3.04,0.36
227,2021-02-12,PUG,4098,1629,2469,2938,440,10,690,5,10,5,3008,1090,ITF,ITF4,16,Puglia,Puglia,4029053,126416,3.14,0.1
228,2021-03-20,PUG,8210,3713,4497,1423,67,234,54,5589,35,808,3633,4577,ITF,ITF4,16,Puglia,Puglia,4029053,134626,3.34,0.2
229,2021-01-27,PUG,4576,1928,2648,3932,226,20,396,0,0,2,611,3965,ITF,ITF4,16,Puglia,Puglia,4029053,139202,3.45,0.11
230,2021-04-05,PUG,12461,6060,6401,54,18,11404,0,949,7,29,11928,533,ITF,ITF4,16,Puglia,Puglia,4029053,151663,3.76,0.31
231,2021-01-11,PUG,3748,1587,2161,3216,324,25,175,0,6,2,3748,0,ITF,ITF4,16,Puglia,Puglia,4029053,155411,3.86,0.09
232,2021-01-20,PUG,1546,541,1005,781,125,13,627,0,0,0,1538,8,ITF,ITF4,16,Puglia,Puglia,4029053,156957,3.9,0.04
233,2021-01-02,PUG,2948,1300,1648,2829,68,24,23,0,0,4,2948,0,ITF,ITF4,16,Puglia,Puglia,4029053,159905,3.97,0.07
234,2021-02-21,PUG,2172,472,1700,537,24,62,49,32,12,1456,2111,61,ITF,ITF4,16,Puglia,Puglia,4029053,162077,4.02,0.05
235,2021-01-16,PUG,2507,1033,1474,1682,299,7,518,0,0,1,2507,0,ITF,ITF4,16,Puglia,Puglia,4029053,164584,4.08,0.06
236,2021-02-02,PUG,4333,1839,2494,3623,377,13,317,0,0,3,592,3741,ITF,ITF4,16,Puglia,Puglia,4029053,168917,4.19,0.11
237,2021-01-09,PUG,4871,2245,2626,4318,245,57,246,4,0,1,4871,0,ITF,ITF4,16,Puglia,Puglia,4029053,173788,4.31,0.12
238,2021-01-21,PUG,2129,903,1226,1429,166,7,527,0,0,0,1270,859,ITF,ITF4,16,Puglia,Puglia,4029053,175917,4.37,0.05
239,2021-01-22,PUG,1407,577,830,877,150,5,373,1,0,1,990,417,ITF,ITF4,16,Puglia,Puglia,4029053,177324,4.4,0.03
240,2021-02-10,PUG,3603,1425,2178,2491,247,0,864,0,0,1,2122,1481,ITF,ITF4,16,Puglia,Puglia,4029053,180927,4.49,0.09
241,2021-03-18,PUG,9216,4159,5057,1744,415,225,195,6507,39,91,3123,6093,ITF,ITF4,16,Puglia,Puglia,4029053,190143,4.72,0.23
242,2021-01-29,PUG,6192,2659,3533,5516,343,41,288,1,0,3,437,5755,ITF,ITF4,16,Puglia,Puglia,4029053,196335,4.87,0.15
243,2021-03-11,PUG,14332,6171,8161,2906,754,446,515,5231,804,3676,11230,3102,ITF,ITF4,16,Puglia,Puglia,4029053,210667,5.23,0.36
244,2021-02-15,PUG,3253,1268,1985,2249,522,19,453,1,6,3,2633,620,ITF,ITF4,16,Puglia,Puglia,4029053,213920,5.31,0.08
245,2021-03-19,PUG,7907,3634,4273,1759,251,178,69,5328,63,259,3368,4539,ITF,ITF4,16,Puglia,Puglia,4029053,221827,5.51,0.2
246,2021-03-29,PUG,12653,5896,6757,1587,348,1320,236,7901,134,1127,5942,6711,ITF,ITF4,16,Puglia,Puglia,4029053,234480,5.82,0.31
247,2021-02-24,PUG,10011,4689,5322,1923,417,272,117,6360,365,557,9422,589,ITF,ITF4,16,Puglia,Puglia,4029053,244491,6.07,0.25
248,2021-02-13,PUG,3722,1453,2269,2883,507,12,291,4,18,7,3029,693,ITF,ITF4,16,Puglia,Puglia,4029053,248213,6.16,0.09
249,2021-01-15,PUG,4550,1865,2685,3598,346,31,558,0,13,4,4550,0,ITF,ITF4,16,Puglia,Puglia,4029053,252763,6.27,0.11
250,2021-03-13,PUG,10088,3970,6118,2161,229,163,129,3857,227,3322,8360,1728,ITF,ITF4,16,Puglia,Puglia,4029053,262851,6.52,0.25
251,2021-03-17,PUG,10244,4676,5568,1791,431,212,62,7643,33,72,4142,6102,ITF,ITF4,16,Puglia,Puglia,4029053,273095,6.78,0.25
252,2021-01-18,PUG,1845,770,1075,1182,210,6,445,1,1,0,1496,349,ITF,ITF4,16,Puglia,Puglia,4029053,274940,6.82,0.05
253,2021-01-06,PUG,3943,1664,2279,3313,218,39,373,0,0,0,3943,0,ITF,ITF4,16,Puglia,Puglia,4029053,278883,6.92,0.1
254,2021-04-01,PUG,13213,6051,7162,1234,300,2372,179,7930,165,1033,6880,6333,ITF,ITF4,16,Puglia,Puglia,4029053,292096,7.25,0.33
255,2021-04-02,PUG,12111,5563,6548,866,175,2780,254,7304,106,626,7598,4513,ITF,ITF4,16,Puglia,Puglia,4029053,304207,7.55,0.3
256,2021-01-28,PUG,5465,2271,3194,4782,323,24,327,0,6,3,473,4992,ITF,ITF4,16,Puglia,Puglia,4029053,309672,7.69,0.14
257,2021-04-11,PUG,15135,6628,8507,331,36,9232,12,5407,12,105,13463,1672,ITF,ITF4,16,Puglia,Puglia,4029053,324807,8.06,0.38
258,2021-02-26,PUG,13643,4999,8644,2124,625,187,287,5159,602,4659,12617,1026,ITF,ITF4,16,Puglia,Puglia,4029053,338450,8.4,0.34
259,2021-01-04,PUG,4503,2012,2491,4372,86,33,11,0,0,1,4503,0,ITF,ITF4,16,Puglia,Puglia,4029053,342953,8.51,0.11
260,2021-03-06,PUG,15785,5895,9890,2104,361,376,71,5359,479,7035,13817,1968,ITF,ITF4,16,Puglia,Puglia,4029053,358738,8.9,0.39
261,2021-01-08,PUG,5574,2335,3239,4851,358,30,328,0,4,3,5574,0,ITF,ITF4,16,Puglia,Puglia,4029053,364312,9.04,0.14
262,2021-03-01,PUG,15042,5839,9203,1971,508,398,83,6117,820,5145,13674,1368,ITF,ITF4,16,Puglia,Puglia,4029053,379354,9.42,0.37
263,2021-01-12,PUG,4206,1767,2439,3632,339,11,218,1,0,5,4206,0,ITF,ITF4,16,Puglia,Puglia,4029053,383560,9.52,0.1
264,2021-01-25,PUG,3820,1677,2143,3471,165,12,169,2,0,1,422,3398,ITF,ITF4,16,Puglia,Puglia,4029053,387380,9.61,0.09
265,2021-04-12,PUG,27640,13003,14637,500,123,22182,12,4620,46,157,24963,2677,ITF,ITF4,16,Puglia,Puglia,4029053,415020,10.3,0.69
266,2021-03-02,PUG,16277,6037,10240,1396,396,660,113,4289,1257,8166,14972,1305,ITF,ITF4,16,Puglia,Puglia,4029053,431297,10.7,0.4
267,2021-01-19,PUG,1221,452,769,531,113,0,577,0,0,0,1211,10,ITF,ITF4,16,Puglia,Puglia,4029053,432518,10.73,0.03
268,2021-04-07,PUG,14371,6338,8033,1034,195,4063,75,8577,67,360,7771,6600,ITF,ITF4,16,Puglia,Puglia,4029053,446889,11.09,0.36
269,2021-01-23,PUG,3037,1292,1745,2523,175,30,308,0,0,1,886,2151,ITF,ITF4,16,Puglia,Puglia,4029053,449926,11.17,0.08
270,2020-12-31,PUG,1635,782,853,1549,33,6,44,0,0,3,1635,0,ITF,ITF4,16,Puglia,Puglia,4029053,451561,11.21,0.04
271,2021-02-09,PUG,3837,1568,2269,2532,661,7,622,9,0,6,2165,1672,ITF,ITF4,16,Puglia,Puglia,4029053,455398,11.3,0.1
272,2021-01-01,PUG,146,60,86,145,1,0,0,0,0,0,146,0,ITF,ITF4,16,Puglia,Puglia,4029053,455544,11.31,0.0
273,2021-03-04,PUG,15016,5855,9161,1528,405,512,322,4730,1236,6283,13638,1378,ITF,ITF4,16,Puglia,Puglia,4029053,470560,11.68,0.37
274,2021-02-03,PUG,5031,2002,3029,4366,469,9,184,0,0,3,730,4301,ITF,ITF4,16,Puglia,Puglia,4029053,475591,11.8,0.12
275,2021-04-08,PUG,16660,7257,9403,1006,222,5136,157,9595,38,506,10620,6040,ITF,ITF4,16,Puglia,Puglia,4029053,492251,12.22,0.41
276,2021-03-27,PUG,11875,5602,6273,955,173,1869,68,7381,59,1370,6733,5142,ITF,ITF4,16,Puglia,Puglia,4029053,504126,12.51,0.29
277,2021-02-11,PUG,3695,1401,2294,2570,389,11,723,0,0,2,2419,1276,ITF,ITF4,16,Puglia,Puglia,4029053,507821,12.6,0.09
278,2021-03-09,PUG,13145,5738,7407,1864,496,388,225,5623,1008,3541,11148,1997,ITF,ITF4,16,Puglia,Puglia,4029053,520966,12.93,0.33
279,2021-02-18,PUG,4367,1842,2525,2701,913,56,680,5,10,2,3764,603,ITF,ITF4,16,Puglia,Puglia,4029053,525333,13.04,0.11
280,2021-04-03,PUG,9866,4237,5629,918,89,2912,122,5271,14,540,6429,3437,ITF,ITF4,16,Puglia,Puglia,4029053,535199,13.28,0.24
281,2021-02-28,PUG,5885,1786,4099,559,119,88,26,1484,194,3415,5699,186,ITF,ITF4,16,Puglia,Puglia,4029053,541084,13.43,0.15
282,2021-03-26,PUG,11363,5310,6053,1605,503,994,287,6380,255,1339,6724,4639,ITF,ITF4,16,Puglia,Puglia,4029053,552447,13.71,0.28
283,2020-12-27,PUG,506,249,257,403,3,37,63,0,0,0,506,0,ITF,ITF4,16,Puglia,Puglia,4029053,552953,13.72,0.01
284,2021-01-31,PUG,1808,825,983,1502,103,1,198,2,0,2,73,1735,ITF,ITF4,16,Puglia,Puglia,4029053,554761,13.77,0.04
285,2021-04-04,PUG,5819,2901,2918,43,4,5437,0,282,15,38,5812,7,ITF,ITF4,16,Puglia,Puglia,4029053,560580,13.91,0.14
286,2021-02-17,PUG,4265,1743,2522,2462,1170,32,598,1,1,1,3666,599,ITF,ITF4,16,Puglia,Puglia,4029053,564845,14.02,0.11
287,2021-03-23,PUG,10370,4975,5395,1853,308,648,51,6053,466,991,3915,6455,ITF,ITF4,16,Puglia,Puglia,4029053,575215,14.28,0.26
288,2021-03-24,PUG,12887,5939,6948,1906,469,677,161,7888,244,1542,5667,7220,ITF,ITF4,16,Puglia,Puglia,4029053,588102,14.6,0.32
289,2021-03-28,PUG,3509,1646,1863,634,54,714,47,1938,3,119,1186,2323,ITF,ITF4,16,Puglia,Puglia,4029053,591611,14.68,0.09
290,2021-04-06,PUG,12985,5750,7235,698,176,3413,126,8299,62,211,6429,6556,ITF,ITF4,16,Puglia,Puglia,4029053,604596,15.01,0.32
291,2021-04-15,PUG,29619,13830,15789,541,120,24011,37,4755,36,119,26284,3335,ITF,ITF4,16,Puglia,Puglia,4029053,634215,15.74,0.74
292,2021-03-10,PUG,14366,6227,8139,2599,919,330,355,6485,601,3077,11251,3115,ITF,ITF4,16,Puglia,Puglia,4029053,648581,16.1,0.36
293,2021-03-12,PUG,13828,6080,7748,3276,920,409,432,4960,888,2943,9903,3925,ITF,ITF4,16,Puglia,Puglia,4029053,662409,16.44,0.34
294,2021-01-07,PUG,5713,2454,3259,5216,253,17,217,0,7,3,5713,0,ITF,ITF4,16,Puglia,Puglia,4029053,668122,16.58,0.14
295,2021-01-10,PUG,2348,1060,1288,2037,101,8,202,0,0,0,2348,0,ITF,ITF4,16,Puglia,Puglia,4029053,670470,16.64,0.06
296,2021-03-30,PUG,11656,5433,6223,1321,216,1834,198,7012,116,959,5797,5859,ITF,ITF4,16,Puglia,Puglia,4029053,682126,16.93,0.29
297,2021-02-22,PUG,9616,4524,5092,1438,447,255,140,6802,215,319,9285,331,ITF,ITF4,16,Puglia,Puglia,4029053,691742,17.17,0.24
298,2021-02-08,PUG,3991,1609,2382,2964,584,27,389,1,25,1,1597,2394,ITF,ITF4,16,Puglia,Puglia,4029053,695733,17.27,0.1
299,2021-02-01,PUG,3961,1657,2304,3443,286,13,208,0,6,5,375,3586,ITF,ITF4,16,Puglia,Puglia,4029053,699694,17.37,0.1
300,2021-04-13,PUG,26834,12744,14090,662,176,20807,26,5032,13,118,23514,3320,ITF,ITF4,16,Puglia,Puglia,4029053,726528,18.03,0.67
301,2020-12-30,PUG,1,0,1,1,0,0,0,0,0,0,1,0,ITF,ITF4,16,Puglia,Puglia,4029053,726529,18.03,0.0
302,2021-01-26,PUG,5359,2397,2962,4850,243,33,232,1,0,0,573,4786,ITF,ITF4,16,Puglia,Puglia,4029053,731888,18.17,0.13
303,2021-03-25,PUG,10702,5185,5517,1261,317,899,53,7129,387,656,4552,6150,ITF,ITF4,16,Puglia,Puglia,4029053,742590,18.43,0.27
304,2021-02-16,PUG,3378,1451,1927,2146,728,70,412,4,16,2,2733,645,ITF,ITF4,16,Puglia,Puglia,4029053,745968,18.51,0.08
305,2021-03-14,PUG,3286,1416,1870,945,71,144,84,998,43,1001,2520,766,ITF,ITF4,16,Puglia,Puglia,4029053,749254,18.6,0.08
306,2021-02-20,PUG,2966,1078,1888,2115,195,50,168,9,4,425,2710,256,ITF,ITF4,16,Puglia,Puglia,4029053,752220,18.67,0.07
307,2021-04-10,PUG,27954,11828,16126,553,97,15652,105,11219,62,266,23834,4120,ITF,ITF4,16,Puglia,Puglia,4029053,780174,19.36,0.69
308,2021-02-05,PUG,5627,2270,3357,4565,503,13,526,0,14,6,1330,4297,ITF,ITF4,16,Puglia,Puglia,4029053,785801,19.5,0.14
309,2021-03-22,PUG,9317,4543,4774,603,193,493,11,6747,209,1061,3685,5632,ITF,ITF4,16,Puglia,Puglia,4029053,795118,19.73,0.23
310,2021-02-19,PUG,4728,2009,2719,3051,981,249,389,2,49,7,4338,390,ITF,ITF4,16,Puglia,Puglia,4029053,799846,19.85,0.12
311,2021-02-14,PUG,784,348,436,681,32,0,70,0,0,1,662,122,ITF,ITF4,16,Puglia,Puglia,4029053,800630,19.87,0.02
312,2021-02-27,PUG,14107,4779,9328,1586,552,155,181,5115,345,6173,12928,1179,ITF,ITF4,16,Puglia,Puglia,4029053,814737,20.22,0.35
313,2021-04-16,PUG,14295,6722,7573,495,75,11645,25,1880,22,153,12393,1902,ITF,ITF4,16,Puglia,Puglia,4029053,829032,20.58,0.35
314,2021-01-17,PUG,1308,590,718,818,153,1,336,0,0,0,1239,69,ITF,ITF4,16,Puglia,Puglia,4029053,830340,20.61,0.03
315,2021-03-31,PUG,13727,6237,7490,1781,382,1976,123,8469,187,809,8175,5552,ITF,ITF4,16,Puglia,Puglia,4029053,844067,20.95,0.34
316,2021-02-04,PUG,5896,2356,3540,4444,649,144,653,0,0,6,1167,4729,ITF,ITF4,16,Puglia,Puglia,4029053,849963,21.1,0.15
317,2021-02-06,PUG,4511,1917,2594,3494,483,4,527,0,0,3,1590,2921,ITF,ITF4,16,Puglia,Puglia,4029053,854474,21.21,0.11
318,2021-04-09,PUG,20134,8606,11528,1092,359,8331,127,9767,50,408,15511,4623,ITF,ITF4,16,Puglia,Puglia,4029053,874608,21.71,0.5
319,2021-03-16,PUG,9670,4600,5070,2168,519,317,76,6490,62,38,3337,6333,ITF,ITF4,16,Puglia,Puglia,4029053,884278,21.95,0.24
320,2021-01-03,PUG,2007,943,1064,1818,38,5,145,0,0,1,2007,0,ITF,ITF4,16,Puglia,Puglia,4029053,886285,22.0,0.05
321,2021-02-25,PUG,11884,5034,6850,1746,563,270,419,5781,726,2379,10728,1156,ITF,ITF4,16,Puglia,Puglia,4029053,898169,22.29,0.29
322,2021-02-07,PUG,1578,669,909,1039,224,5,309,0,0,1,253,1325,ITF,ITF4,16,Puglia,Puglia,4029053,899747,22.33,0.04
323,2021-01-05,PUG,5098,2245,2853,4747,158,86,98,5,0,4,5098,0,ITF,ITF4,16,Puglia,Puglia,4029053,904845,22.46,0.13
324,2021-03-29,ABR,5626,2525,3101,463,1,1297,42,3593,35,195,2986,2640,ITF,ITF1,13,Abruzzo,Abruzzo,1304970,5626,0.43,0.43
325,2021-03-19,ABR,5796,2584,3212,755,28,432,118,4399,51,13,2775,3021,ITF,ITF1,13,Abruzzo,Abruzzo,1304970,11422,0.88,0.44
326,2021-02-15,ABR,1796,831,965,625,30,457,221,217,246,0,1754,42,ITF,ITF1,13,Abruzzo,Abruzzo,1304970,13218,1.01,0.14
327,2021-01-17,ABR,187,59,128,136,13,38,0,0,0,0,180,7,ITF,ITF1,13,Abruzzo,Abruzzo,1304970,13405,1.03,0.01
328,2021-01-21,ABR,157,47,110,10,4,2,141,0,0,0,157,0,ITF,ITF1,13,Abruzzo,Abruzzo,1304970,13562,1.04,0.01
329,2021-03-28,ABR,2418,1019,1399,247,0,884,1,877,234,175,2046,372,ITF,ITF1,13,Abruzzo,Abruzzo,1304970,15980,1.22,0.19
330,2021-03-17,ABR,4545,1876,2669,285,26,187,144,3875,17,11,2802,1743,ITF,ITF1,13,Abruzzo,Abruzzo,1304970,20525,1.57,0.35
331,2021-02-28,ABR,1707,511,1196,23,0,34,0,79,149,1422,1705,2,ITF,ITF1,13,Abruzzo,Abruzzo,1304970,22232,1.7,0.13
332,2021-01-23,ABR,264,114,150,224,0,14,26,0,0,0,57,207,ITF,ITF1,13,Abruzzo,Abruzzo,1304970,22496,1.72,0.02
333,2021-02-09,ABR,908,311,597,612,56,109,131,0,0,0,499,409,ITF,ITF1,13,Abruzzo,Abruzzo,1304970,23404,1.79,0.07
334,2021-02-04,ABR,1682,617,1065,1168,47,410,57,0,0,0,609,1073,ITF,ITF1,13,Abruzzo,Abruzzo,1304970,25086,1.92,0.13
335,2021-02-07,ABR,777,307,470,646,6,124,1,0,0,0,201,576,ITF,ITF1,13,Abruzzo,Abruzzo,1304970,25863,1.98,0.06
336,2021-02-21,ABR,1221,551,670,2,0,4,3,1210,2,0,1220,1,ITF,ITF1,13,Abruzzo,Abruzzo,1304970,27084,2.08,0.09
337,2021-04-06,ABR,7687,3582,4105,433,7,4775,44,2340,34,54,5367,2320,ITF,ITF1,13,Abruzzo,Abruzzo,1304970,34771,2.66,0.59
338,2021-03-22,ABR,4399,1959,2440,385,8,800,50,2578,136,442,2429,1970,ITF,ITF1,13,Abruzzo,Abruzzo,1304970,39170,3.0,0.34
339,2021-01-22,ABR,118,57,61,2,1,3,112,0,0,0,118,0,ITF,ITF1,13,Abruzzo,Abruzzo,1304970,39288,3.01,0.01
340,2021-02-26,ABR,3920,1671,2249,1025,13,552,160,1651,257,262,2951,969,ITF,ITF1,13,Abruzzo,Abruzzo,1304970,43208,3.31,0.3
341,2021-02-12,ABR,968,319,649,438,11,209,310,0,0,0,779,189,ITF,ITF1,13,Abruzzo,Abruzzo,1304970,44176,3.39,0.07
342,2021-03-06,ABR,4174,1354,2820,432,24,344,52,1748,15,1559,3604,570,ITF,ITF1,13,Abruzzo,Abruzzo,1304970,48350,3.71,0.32
343,2021-01-12,ABR,1804,666,1138,1470,42,292,0,0,0,0,1804,0,ITF,ITF1,13,Abruzzo,Abruzzo,1304970,50154,3.84,0.14
344,2021-03-27,ABR,6119,2619,3500,189,11,1386,42,4235,40,216,3640,2479,ITF,ITF1,13,Abruzzo,Abruzzo,1304970,56273,4.31,0.47
345,2021-03-01,ABR,3490,1393,2097,698,30,264,174,1914,128,282,2725,765,ITF,ITF1,13,Abruzzo,Abruzzo,1304970,59763,4.58,0.27
346,2020-12-27,ABR,37,19,18,34,0,1,2,0,0,0,37,0,ITF,ITF1,13,Abruzzo,Abruzzo,1304970,59800,4.58,0.0
347,2021-03-21,ABR,2135,913,1222,9,0,47,1,1919,29,130,844,1291,ITF,ITF1,13,Abruzzo,Abruzzo,1304970,61935,4.75,0.16
348,2021-01-13,ABR,1253,440,813,1103,0,150,0,0,0,0,1253,0,ITF,ITF1,13,Abruzzo,Abruzzo,1304970,63188,4.84,0.1
349,2021-03-24,ABR,6423,2830,3593,485,10,1762,143,3378,215,430,4167,2256,ITF,ITF1,13,Abruzzo,Abruzzo,1304970,69611,5.33,0.49
350,2021-03-07,ABR,2523,630,1893,28,0,210,0,461,1,1823,2523,0,ITF,ITF1,13,Abruzzo,Abruzzo,1304970,72134,5.53,0.19
351,2021-03-30,ABR,5059,2199,2860,211,2,1749,31,2741,39,286,3234,1825,ITF,ITF1,13,Abruzzo,Abruzzo,1304970,77193,5.92,0.39
352,2021-03-08,ABR,5128,1670,3458,1190,30,477,113,1019,104,2195,4153,975,ITF,ITF1,13,Abruzzo,Abruzzo,1304970,82321,6.31,0.39
353,2021-03-31,ABR,6655,2882,3773,446,5,2615,77,3255,12,245,4587,2068,ITF,ITF1,13,Abruzzo,Abruzzo,1304970,88976,6.82,0.51
354,2021-03-10,ABR,4951,1640,3311,736,29,426,242,1519,127,1872,3994,957,ITF,ITF1,13,Abruzzo,Abruzzo,1304970,93927,7.2,0.38
355,2021-03-03,ABR,4629,1883,2746,1222,6,577,36,1587,346,855,3723,906,ITF,ITF1,13,Abruzzo,Abruzzo,1304970,98556,7.55,0.35
356,2021-03-05,ABR,5262,1938,3324,561,10,447,108,2582,202,1352,4564,698,ITF,ITF1,13,Abruzzo,Abruzzo,1304970,103818,7.96,0.4
357,2021-03-18,ABR,3896,1651,2245,281,2,284,3,3297,22,7,2065,1831,ITF,ITF1,13,Abruzzo,Abruzzo,1304970,107714,8.25,0.3
358,2021-03-25,ABR,5688,2562,3126,249,10,945,39,3784,213,448,3072,2616,ITF,ITF1,13,Abruzzo,Abruzzo,1304970,113402,8.69,0.44
359,2021-04-14,ABR,6133,2714,3419,334,19,4298,117,1303,3,59,4222,1911,ITF,ITF1,13,Abruzzo,Abruzzo,1304970,119535,9.16,0.47
360,2021-02-23,ABR,2784,1274,1510,324,22,401,215,1436,286,100,2773,11,ITF,ITF1,13,Abruzzo,Abruzzo,1304970,122319,9.37,0.21
361,2021-03-04,ABR,5937,2359,3578,1171,14,521,93,2992,328,818,5015,922,ITF,ITF1,13,Abruzzo,Abruzzo,1304970,128256,9.83,0.45
362,2021-02-13,ABR,849,384,465,552,25,200,72,0,0,0,437,412,ITF,ITF1,13,Abruzzo,Abruzzo,1304970,129105,9.89,0.07
363,2021-01-04,ABR,1401,575,826,1396,0,5,0,0,0,0,1401,0,ITF,ITF1,13,Abruzzo,Abruzzo,1304970,130506,10.0,0.11
364,2021-03-11,ABR,5430,2191,3239,1328,39,519,241,1539,199,1565,4291,1139,ITF,ITF1,13,Abruzzo,Abruzzo,1304970,135936,10.42,0.42
365,2021-03-23,ABR,4852,2210,2642,180,25,505,183,3353,206,400,2283,2569,ITF,ITF1,13,Abruzzo,Abruzzo,1304970,140788,10.79,0.37
366,2021-02-01,ABR,1632,573,1059,1384,34,213,1,0,0,0,271,1361,ITF,ITF1,13,Abruzzo,Abruzzo,1304970,142420,10.91,0.13
367,2021-02-27,ABR,2809,1337,1472,253,23,162,123,732,642,874,2543,266,ITF,ITF1,13,Abruzzo,Abruzzo,1304970,145229,11.13,0.22
368,2021-02-24,ABR,3304,1440,1864,391,17,324,247,1968,226,131,3128,176,ITF,ITF1,13,Abruzzo,Abruzzo,1304970,148533,11.38,0.25
369,2021-01-24,ABR,50,22,28,49,0,1,0,0,0,0,6,44,ITF,ITF1,13,Abruzzo,Abruzzo,1304970,148583,11.39,0.0
370,2021-01-31,ABR,1502,488,1014,1154,85,160,103,0,0,0,287,1215,ITF,ITF1,13,Abruzzo,Abruzzo,1304970,150085,11.5,0.12
371,2021-01-27,ABR,1364,515,849,1301,1,62,0,0,0,0,39,1325,ITF,ITF1,13,Abruzzo,Abruzzo,1304970,151449,11.61,0.1
372,2021-01-20,ABR,447,156,291,147,1,95,204,0,0,0,445,2,ITF,ITF1,13,Abruzzo,Abruzzo,1304970,151896,11.64,0.03
373,2021-04-05,ABR,2696,1150,1546,136,1,1167,3,1368,5,16,1816,880,ITF,ITF1,13,Abruzzo,Abruzzo,1304970,154592,11.85,0.21
374,2021-01-29,ABR,1386,449,937,1290,2,94,0,0,0,0,74,1312,ITF,ITF1,13,Abruzzo,Abruzzo,1304970,155978,11.95,0.11
375,2021-04-11,ABR,5073,2461,2612,15,3,4263,7,777,3,5,4590,483,ITF,ITF1,13,Abruzzo,Abruzzo,1304970,161051,12.34,0.39
376,2021-01-25,ABR,1604,633,971,1584,0,20,0,0,0,0,20,1584,ITF,ITF1,13,Abruzzo,Abruzzo,1304970,162655,12.46,0.12
377,2021-02-17,ABR,2077,952,1125,512,27,215,394,718,210,1,1794,283,ITF,ITF1,13,Abruzzo,Abruzzo,1304970,164732,12.62,0.16
378,2021-03-20,ABR,4733,2159,2574,318,15,509,60,3650,84,97,2569,2164,ITF,ITF1,13,Abruzzo,Abruzzo,1304970,169465,12.99,0.36
379,2021-03-09,ABR,5172,1796,3376,990,21,507,84,1320,204,2046,4233,939,ITF,ITF1,13,Abruzzo,Abruzzo,1304970,174637,13.38,0.4
380,2021-01-03,ABR,471,185,286,464,0,7,0,0,0,0,471,0,ITF,ITF1,13,Abruzzo,Abruzzo,1304970,175108,13.42,0.04
381,2021-03-15,ABR,3640,1399,2241,657,8,562,78,1964,41,330,1824,1816,ITF,ITF1,13,Abruzzo,Abruzzo,1304970,178748,13.7,0.28
382,2021-04-13,ABR,5692,2658,3034,92,9,4140,48,1249,5,149,4512,1180,ITF,ITF1,13,Abruzzo,Abruzzo,1304970,184440,14.13,0.44
383,2021-04-09,ABR,8679,4084,4595,311,10,5028,29,3228,28,45,6196,2483,ITF,ITF1,13,Abruzzo,Abruzzo,1304970,193119,14.8,0.67
384,2021-04-07,ABR,7121,3283,3838,187,6,3544,79,3206,84,15,4395,2726,ITF,ITF1,13,Abruzzo,Abruzzo,1304970,200240,15.34,0.55
385,2021-01-28,ABR,1433,495,938,1370,1,61,1,0,0,0,12,1421,ITF,ITF1,13,Abruzzo,Abruzzo,1304970,201673,15.45,0.11
386,2021-03-13,ABR,4254,1460,2794,539,17,1009,137,1468,23,1061,3178,1076,ITF,ITF1,13,Abruzzo,Abruzzo,1304970,205927,15.78,0.33
387,2021-04-04,ABR,1625,766,859,94,7,1071,2,446,1,4,1496,129,ITF,ITF1,13,Abruzzo,Abruzzo,1304970,207552,15.9,0.12
388,2021-03-26,ABR,5303,2269,3034,264,1,1061,37,3327,164,449,3242,2061,ITF,ITF1,13,Abruzzo,Abruzzo,1304970,212855,16.31,0.41
389,2021-04-12,ABR,6092,2879,3213,216,4,4528,44,1249,15,36,4973,1119,ITF,ITF1,13,Abruzzo,Abruzzo,1304970,218947,16.78,0.47
390,2021-02-20,ABR,4782,1843,2939,310,7,563,192,1417,406,1887,4706,76,ITF,ITF1,13,Abruzzo,Abruzzo,1304970,223729,17.14,0.37
391,2021-01-10,ABR,1139,409,730,1091,0,48,0,0,0,0,1139,0,ITF,ITF1,13,Abruzzo,Abruzzo,1304970,224868,17.23,0.09
392,2021-02-03,ABR,2061,717,1344,1541,47,355,118,0,0,0,419,1642,ITF,ITF1,13,Abruzzo,Abruzzo,1304970,226929,17.39,0.16
393,2021-02-22,ABR,2644,1175,1469,477,5,352,46,1094,419,251,2614,30,ITF,ITF1,13,Abruzzo,Abruzzo,1304970,229573,17.59,0.2
394,2021-03-12,ABR,6024,1990,4034,1006,28,848,135,1701,117,2189,4441,1583,ITF,ITF1,13,Abruzzo,Abruzzo,1304970,235597,18.05,0.46
395,2021-03-14,ABR,1895,733,1162,8,0,150,0,1488,0,249,1228,667,ITF,ITF1,13,Abruzzo,Abruzzo,1304970,237492,18.2,0.15
396,2021-01-19,ABR,111,55,56,27,1,33,50,0,0,0,91,20,ITF,ITF1,13,Abruzzo,Abruzzo,1304970,237603,18.21,0.01
397,2021-04-02,ABR,6684,3094,3590,184,2,3074,2,3306,22,94,5197,1487,ITF,ITF1,13,Abruzzo,Abruzzo,1304970,244287,18.72,0.51
398,2021-01-16,ABR,927,428,499,710,7,195,15,0,0,0,927,0,ITF,ITF1,13,Abruzzo,Abruzzo,1304970,245214,18.79,0.07
399,2021-04-15,ABR,7094,3298,3796,188,7,5470,56,1315,7,51,5537,1557,ITF,ITF1,13,Abruzzo,Abruzzo,1304970,252308,19.33,0.54
400,2021-01-06,ABR,1830,664,1166,1546,119,32,133,0,0,0,1830,0,ITF,ITF1,13,Abruzzo,Abruzzo,1304970,254138,19.47,0.14
401,2021-04-03,ABR,5073,2213,2860,174,1,2378,27,2401,8,84,3479,1594,ITF,ITF1,13,Abruzzo,Abruzzo,1304970,259211,19.86,0.39
402,2021-04-10,ABR,8275,3801,4474,389,28,4835,11,2845,20,147,5767,2508,ITF,ITF1,13,Abruzzo,Abruzzo,1304970,267486,20.5,0.63
403,2021-02-11,ABR,816,262,554,473,26,163,154,0,0,0,773,43,ITF,ITF1,13,Abruzzo,Abruzzo,1304970,268302,20.56,0.06
404,2021-03-16,ABR,3486,1453,2033,284,3,163,169,2849,6,12,1831,1655,ITF,ITF1,13,Abruzzo,Abruzzo,1304970,271788,20.83,0.27
405,2021-01-07,ABR,1603,552,1051,1566,0,37,0,0,0,0,1603,0,ITF,ITF1,13,Abruzzo,Abruzzo,1304970,273391,20.95,0.12
406,2021-03-02,ABR,3964,1676,2288,934,15,424,53,1857,276,405,3280,684,ITF,ITF1,13,Abruzzo,Abruzzo,1304970,277355,21.25,0.3
407,2021-04-08,ABR,7350,3321,4029,156,11,4269,73,2629,9,203,5069,2281,ITF,ITF1,13,Abruzzo,Abruzzo,1304970,284705,21.82,0.56
408,2021-01-05,ABR,1614,604,1010,1604,0,10,0,0,0,0,1614,0,ITF,ITF1,13,Abruzzo,Abruzzo,1304970,286319,21.94,0.12
409,2021-02-08,ABR,1201,398,803,710,122,105,264,0,0,0,491,710,ITF,ITF1,13,Abruzzo,Abruzzo,1304970,287520,22.03,0.09
410,2021-01-09,ABR,1483,565,918,1430,0,53,0,0,0,0,1483,0,ITF,ITF1,13,Abruzzo,Abruzzo,1304970,289003,22.15,0.11
411,2021-01-08,ABR,1525,507,1018,1487,0,38,0,0,0,0,1525,0,ITF,ITF1,13,Abruzzo,Abruzzo,1304970,290528,22.26,0.12
412,2021-01-11,ABR,1551,557,994,1337,62,104,48,0,0,0,1551,0,ITF,ITF1,13,Abruzzo,Abruzzo,1304970,292079,22.38,0.12
413,2021-01-18,ABR,122,48,74,106,0,14,2,0,0,0,46,76,ITF,ITF1,13,Abruzzo,Abruzzo,1304970,292201,22.39,0.01
414,2021-04-01,ABR,5530,2450,3080,274,8,2095,57,2908,35,153,3441,2089,ITF,ITF1,13,Abruzzo,Abruzzo,1304970,297731,22.82,0.42
415,2021-01-15,ABR,379,149,230,223,6,115,35,0,0,0,379,0,ITF,ITF1,13,Abruzzo,Abruzzo,1304970,298110,22.84,0.03
416,2021-02-18,ABR,2291,934,1357,670,36,344,416,610,215,0,2161,130,ITF,ITF1,13,Abruzzo,Abruzzo,1304970,300401,23.02,0.18
417,2021-02-19,ABR,3301,1552,1749,990,32,401,371,1111,388,8,3201,100,ITF,ITF1,13,Abruzzo,Abruzzo,1304970,303702,23.27,0.25
418,2021-02-16,ABR,1978,869,1109,841,20,493,139,410,75,0,1966,12,ITF,ITF1,13,Abruzzo,Abruzzo,1304970,305680,23.42,0.15
419,2021-01-14,ABR,530,189,341,364,0,166,0,0,0,0,530,0,ITF,ITF1,13,Abruzzo,Abruzzo,1304970,306210,23.46,0.04
420,2021-02-05,ABR,1536,521,1015,1188,11,230,107,0,0,0,789,747,ITF,ITF1,13,Abruzzo,Abruzzo,1304970,307746,23.58,0.12
421,2021-04-16,ABR,4262,1971,2291,60,6,3167,32,978,4,15,3185,1077,ITF,ITF1,13,Abruzzo,Abruzzo,1304970,312008,23.91,0.33
422,2021-01-26,ABR,1542,567,975,1513,0,29,0,0,0,0,29,1513,ITF,ITF1,13,Abruzzo,Abruzzo,1304970,313550,24.03,0.12
423,2021-01-30,ABR,1510,567,943,1349,1,113,47,0,0,0,69,1441,ITF,ITF1,13,Abruzzo,Abruzzo,1304970,315060,24.14,0.12
424,2021-01-02,ABR,548,218,330,540,0,8,0,0,0,0,548,0,ITF,ITF1,13,Abruzzo,Abruzzo,1304970,315608,24.19,0.04
425,2021-02-25,ABR,3086,1347,1739,615,29,528,18,1508,262,126,2558,528,ITF,ITF1,13,Abruzzo,Abruzzo,1304970,318694,24.42,0.24
426,2021-02-06,ABR,1611,742,869,1168,29,342,72,0,0,0,602,1009,ITF,ITF1,13,Abruzzo,Abruzzo,1304970,320305,24.55,0.12
427,2021-02-10,ABR,948,313,635,622,42,168,116,0,0,0,504,444,ITF,ITF1,13,Abruzzo,Abruzzo,1304970,321253,24.62,0.07
428,2021-02-02,ABR,1798,677,1121,1243,67,346,142,0,0,0,241,1557,ITF,ITF1,13,Abruzzo,Abruzzo,1304970,323051,24.76,0.14
429,2021-03-05,EMR,17593,5724,11869,3076,621,877,254,6296,531,5938,14183,3410,ITH,ITH5,8,Emilia-Romagna,Emilia-Romagna,4459477,17593,0.39,0.39
430,2021-01-30,EMR,10068,3516,6552,7564,715,993,796,0,0,0,142,9926,ITH,ITH5,8,Emilia-Romagna,Emilia-Romagna,4459477,27661,0.62,0.23
431,2021-01-17,EMR,2890,887,2003,1914,278,147,547,0,0,4,2644,246,ITH,ITH5,8,Emilia-Romagna,Emilia-Romagna,4459477,30551,0.69,0.06
432,2020-12-31,EMR,2205,777,1428,1676,30,171,328,0,0,0,2205,0,ITH,ITH5,8,Emilia-Romagna,Emilia-Romagna,4459477,32756,0.73,0.05
433,2021-04-12,EMR,18885,8848,10037,435,132,11392,268,6529,67,62,14556,4329,ITH,ITH5,8,Emilia-Romagna,Emilia-Romagna,4459477,51641,1.16,0.42
434,2021-01-11,EMR,9323,3266,6057,6574,641,841,1267,0,0,0,9323,0,ITH,ITH5,8,Emilia-Romagna,Emilia-Romagna,4459477,60964,1.37,0.21
435,2021-01-25,EMR,6417,2129,4288,5236,124,379,678,0,0,0,202,6215,ITH,ITH5,8,Emilia-Romagna,Emilia-Romagna,4459477,67381,1.51,0.14
436,2021-03-19,EMR,15251,6622,8629,1123,292,2379,116,10405,600,336,7493,7758,ITH,ITH5,8,Emilia-Romagna,Emilia-Romagna,4459477,82632,1.85,0.34
437,2021-02-07,EMR,4787,1535,3252,3686,384,260,444,10,0,3,1728,3059,ITH,ITH5,8,Emilia-Romagna,Emilia-Romagna,4459477,87419,1.96,0.11
438,2021-04-11,EMR,15027,6823,8204,405,92,7601,104,6715,51,59,12011,3016,ITH,ITH5,8,Emilia-Romagna,Emilia-Romagna,4459477,102446,2.3,0.34
439,2021-01-21,EMR,2154,726,1428,1285,97,119,653,0,0,0,809,1345,ITH,ITH5,8,Emilia-Romagna,Emilia-Romagna,4459477,104600,2.35,0.05
440,2021-03-28,EMR,12548,5584,6964,278,74,6836,47,4804,183,326,9060,3488,ITH,ITH5,8,Emilia-Romagna,Emilia-Romagna,4459477,117148,2.63,0.28
441,2021-03-20,EMR,16024,6796,9228,700,327,4258,86,9289,533,831,9093,6931,ITH,ITH5,8,Emilia-Romagna,Emilia-Romagna,4459477,133172,2.99,0.36
442,2021-04-06,EMR,24508,11064,13444,637,113,12604,138,10565,49,402,19803,4705,ITH,ITH5,8,Emilia-Romagna,Emilia-Romagna,4459477,157680,3.54,0.55
443,2021-01-31,EMR,7696,2761,4935,6174,806,453,263,0,0,0,242,7454,ITH,ITH5,8,Emilia-Romagna,Emilia-Romagna,4459477,165376,3.71,0.17
444,2021-02-08,EMR,5220,1527,3693,2840,379,316,1478,206,0,1,2313,2907,ITH,ITH5,8,Emilia-Romagna,Emilia-Romagna,4459477,170596,3.83,0.12
445,2021-04-13,EMR,23182,10856,12326,466,110,16355,176,5988,36,51,19026,4156,ITH,ITH5,8,Emilia-Romagna,Emilia-Romagna,4459477,193778,4.35,0.52
446,2021-03-17,EMR,13679,5682,7997,358,117,1303,69,11812,1,19,5861,7818,ITH,ITH5,8,Emilia-Romagna,Emilia-Romagna,4459477,207457,4.65,0.31
447,2021-02-02,EMR,9461,3039,6422,6237,730,762,1631,100,0,1,517,8944,ITH,ITH5,8,Emilia-Romagna,Emilia-Romagna,4459477,216918,4.86,0.21
448,2021-01-06,EMR,8262,2942,5320,6852,169,592,648,0,1,0,8262,0,ITH,ITH5,8,Emilia-Romagna,Emilia-Romagna,4459477,225180,5.05,0.19
449,2021-03-14,EMR,8688,3741,4947,726,175,933,69,5497,362,926,4894,3794,ITH,ITH5,8,Emilia-Romagna,Emilia-Romagna,4459477,233868,5.24,0.19
450,2021-04-03,EMR,19896,8748,11148,374,73,10183,33,8742,65,426,16167,3729,ITH,ITH5,8,Emilia-Romagna,Emilia-Romagna,4459477,253764,5.69,0.45
451,2021-02-25,EMR,9212,3491,5721,796,142,387,156,7636,0,95,8257,955,ITH,ITH5,8,Emilia-Romagna,Emilia-Romagna,4459477,262976,5.9,0.21
452,2021-03-10,EMR,18649,7638,11011,1314,218,1116,124,9934,1414,4529,13013,5636,ITH,ITH5,8,Emilia-Romagna,Emilia-Romagna,4459477,281625,6.32,0.42
453,2021-03-06,EMR,20491,5859,14632,2712,282,727,41,5867,517,10345,17769,2722,ITH,ITH5,8,Emilia-Romagna,Emilia-Romagna,4459477,302116,6.77,0.46
454,2021-04-04,EMR,9867,4709,5158,187,87,4965,0,4520,51,57,7598,2269,ITH,ITH5,8,Emilia-Romagna,Emilia-Romagna,4459477,311983,7.0,0.22
455,2021-04-08,EMR,30076,13754,16322,2472,376,15790,168,10900,60,310,24814,5262,ITH,ITH5,8,Emilia-Romagna,Emilia-Romagna,4459477,342059,7.67,0.67
456,2021-01-26,EMR,8330,3000,5330,6605,228,465,1032,0,0,0,215,8115,ITH,ITH5,8,Emilia-Romagna,Emilia-Romagna,4459477,350389,7.86,0.19
457,2021-03-16,EMR,12200,5002,7198,417,72,767,101,10711,9,123,4931,7269,ITH,ITH5,8,Emilia-Romagna,Emilia-Romagna,4459477,362589,8.13,0.27
458,2021-01-22,EMR,1828,477,1351,942,25,139,722,0,0,0,1088,740,ITH,ITH5,8,Emilia-Romagna,Emilia-Romagna,4459477,364417,8.17,0.04
459,2021-02-22,EMR,7479,3090,4389,388,98,134,129,6730,0,0,7204,275,ITH,ITH5,8,Emilia-Romagna,Emilia-Romagna,4459477,371896,8.34,0.17
460,2021-02-01,EMR,10300,3602,6698,7455,787,798,1260,0,0,0,366,9934,ITH,ITH5,8,Emilia-Romagna,Emilia-Romagna,4459477,382196,8.57,0.23
461,2021-02-04,EMR,9922,3198,6724,6432,824,864,1674,128,0,0,1250,8672,ITH,ITH5,8,Emilia-Romagna,Emilia-Romagna,4459477,392118,8.79,0.22
462,2021-03-21,EMR,11899,5260,6639,566,320,3752,110,6094,470,587,7296,4603,ITH,ITH5,8,Emilia-Romagna,Emilia-Romagna,4459477,404017,9.06,0.27
463,2021-01-13,EMR,9067,2939,6128,6009,435,878,1744,0,0,1,9067,0,ITH,ITH5,8,Emilia-Romagna,Emilia-Romagna,4459477,413084,9.26,0.2
464,2021-02-18,EMR,7039,2892,4147,894,136,396,236,5377,0,0,6456,583,ITH,ITH5,8,Emilia-Romagna,Emilia-Romagna,4459477,420123,9.42,0.16
465,2021-03-31,EMR,24900,10847,14053,1169,185,9795,119,12258,88,1286,19486,5414,ITH,ITH5,8,Emilia-Romagna,Emilia-Romagna,4459477,445023,9.98,0.56
466,2021-03-15,EMR,13128,6014,7114,799,202,1337,178,9106,977,529,6680,6448,ITH,ITH5,8,Emilia-Romagna,Emilia-Romagna,4459477,458151,10.27,0.29
467,2021-03-29,EMR,21041,9376,11665,689,149,10172,114,9220,94,603,16437,4604,ITH,ITH5,8,Emilia-Romagna,Emilia-Romagna,4459477,479192,10.75,0.47
468,2021-01-09,EMR,9873,3424,6449,7824,555,614,880,0,0,0,9873,0,ITH,ITH5,8,Emilia-Romagna,Emilia-Romagna,4459477,489065,10.97,0.22
469,2021-02-17,EMR,6535,2764,3771,803,206,1072,404,4050,0,0,5762,773,ITH,ITH5,8,Emilia-Romagna,Emilia-Romagna,4459477,495600,11.11,0.15
470,2021-02-16,EMR,5732,2430,3302,742,241,668,437,3642,2,0,5202,530,ITH,ITH5,8,Emilia-Romagna,Emilia-Romagna,4459477,501332,11.24,0.13
471,2021-01-12,EMR,9402,3107,6295,6372,593,748,1689,0,0,0,9402,0,ITH,ITH5,8,Emilia-Romagna,Emilia-Romagna,4459477,510734,11.45,0.21
472,2021-02-06,EMR,7539,2386,5153,5362,480,466,1181,50,0,0,2123,5416,ITH,ITH5,8,Emilia-Romagna,Emilia-Romagna,4459477,518273,11.62,0.17
473,2021-02-26,EMR,7794,2961,4833,1058,312,376,244,5492,0,312,6748,1046,ITH,ITH5,8,Emilia-Romagna,Emilia-Romagna,4459477,526067,11.8,0.17
474,2021-04-16,EMR,15560,7320,8240,316,30,11696,37,3440,6,35,10527,5033,ITH,ITH5,8,Emilia-Romagna,Emilia-Romagna,4459477,541627,12.15,0.35
475,2021-01-08,EMR,10818,3562,7256,8457,423,851,1087,0,0,0,10818,0,ITH,ITH5,8,Emilia-Romagna,Emilia-Romagna,4459477,552445,12.39,0.24
476,2021-02-24,EMR,9295,3544,5751,649,88,494,228,7773,0,63,8419,876,ITH,ITH5,8,Emilia-Romagna,Emilia-Romagna,4459477,561740,12.6,0.21
477,2021-02-27,EMR,10948,3990,6958,1724,177,319,114,7674,0,940,9216,1732,ITH,ITH5,8,Emilia-Romagna,Emilia-Romagna,4459477,572688,12.84,0.25
478,2021-01-10,EMR,7127,2663,4464,5644,652,325,499,6,0,1,7127,0,ITH,ITH5,8,Emilia-Romagna,Emilia-Romagna,4459477,579815,13.0,0.16
479,2021-04-02,EMR,23156,10422,12734,716,157,12530,102,8635,84,932,18702,4454,ITH,ITH5,8,Emilia-Romagna,Emilia-Romagna,4459477,602971,13.52,0.52
480,2021-01-24,EMR,2442,884,1558,2079,51,63,249,0,0,0,299,2143,ITH,ITH5,8,Emilia-Romagna,Emilia-Romagna,4459477,605413,13.58,0.05
481,2021-02-05,EMR,9307,2964,6343,6213,628,660,1609,196,0,1,1636,7671,ITH,ITH5,8,Emilia-Romagna,Emilia-Romagna,4459477,614720,13.78,0.21
482,2021-03-18,EMR,13646,5795,7851,448,123,2143,76,10804,3,49,5650,7996,ITH,ITH5,8,Emilia-Romagna,Emilia-Romagna,4459477,628366,14.09,0.31
483,2021-01-07,EMR,10210,3383,6827,8182,287,673,1068,0,0,0,10210,0,ITH,ITH5,8,Emilia-Romagna,Emilia-Romagna,4459477,638576,14.32,0.23
484,2021-02-23,EMR,8214,3218,4996,408,91,235,113,7366,0,1,7828,386,ITH,ITH5,8,Emilia-Romagna,Emilia-Romagna,4459477,646790,14.5,0.18
485,2021-02-13,EMR,3617,1082,2535,2783,239,255,144,196,0,0,3019,598,ITH,ITH5,8,Emilia-Romagna,Emilia-Romagna,4459477,650407,14.58,0.08
486,2021-03-23,EMR,18649,8045,10604,1123,282,6175,195,9219,304,1351,11966,6683,ITH,ITH5,8,Emilia-Romagna,Emilia-Romagna,4459477,669056,15.0,0.42
487,2021-03-04,EMR,16383,5333,11050,2609,477,738,239,6373,511,5436,13382,3001,ITH,ITH5,8,Emilia-Romagna,Emilia-Romagna,4459477,685439,15.37,0.37
488,2021-02-03,EMR,9294,2983,6311,6230,701,640,1618,105,0,0,973,8321,ITH,ITH5,8,Emilia-Romagna,Emilia-Romagna,4459477,694733,15.58,0.21
489,2021-01-16,EMR,5592,1717,3875,3687,347,446,1108,0,3,1,5592,0,ITH,ITH5,8,Emilia-Romagna,Emilia-Romagna,4459477,700325,15.7,0.13
490,2021-03-12,EMR,18060,7525,10535,1583,366,1581,301,9865,1340,3024,11344,6716,ITH,ITH5,8,Emilia-Romagna,Emilia-Romagna,4459477,718385,16.11,0.4
491,2021-04-07,EMR,25338,11490,13848,659,113,11304,139,12740,24,359,19389,5949,ITH,ITH5,8,Emilia-Romagna,Emilia-Romagna,4459477,743723,16.68,0.57
492,2021-03-22,EMR,17394,7611,9783,1131,319,5357,124,9505,358,600,10533,6861,ITH,ITH5,8,Emilia-Romagna,Emilia-Romagna,4459477,761117,17.07,0.39
493,2021-04-10,EMR,20648,9162,11486,507,157,10851,87,8841,16,189,16546,4102,ITH,ITH5,8,Emilia-Romagna,Emilia-Romagna,4459477,781765,17.53,0.46
494,2021-03-24,EMR,20906,9227,11679,1214,270,6847,118,10528,234,1695,13564,7342,ITH,ITH5,8,Emilia-Romagna,Emilia-Romagna,4459477,802671,18.0,0.47
495,2021-04-01,EMR,23711,10671,13040,1009,117,10334,113,11082,66,990,19248,4463,ITH,ITH5,8,Emilia-Romagna,Emilia-Romagna,4459477,826382,18.53,0.53
496,2021-01-19,EMR,2033,500,1533,745,84,51,1153,0,0,0,2016,17,ITH,ITH5,8,Emilia-Romagna,Emilia-Romagna,4459477,828415,18.58,0.05
497,2021-01-18,EMR,3126,879,2247,1681,102,214,1129,0,0,0,2449,677,ITH,ITH5,8,Emilia-Romagna,Emilia-Romagna,4459477,831541,18.65,0.07
498,2021-01-03,EMR,2752,940,1812,2502,12,68,170,0,0,0,2752,0,ITH,ITH5,8,Emilia-Romagna,Emilia-Romagna,4459477,834293,18.71,0.06
499,2021-01-28,EMR,10233,3333,6900,8071,296,742,1124,0,0,0,352,9881,ITH,ITH5,8,Emilia-Romagna,Emilia-Romagna,4459477,844526,18.94,0.23
500,2021-03-03,EMR,15750,5224,10526,2529,352,766,141,6813,340,4809,13293,2457,ITH,ITH5,8,Emilia-Romagna,Emilia-Romagna,4459477,860276,19.29,0.35
501,2021-03-08,EMR,11985,4950,7035,2303,408,845,299,4303,1488,2339,9318,2667,ITH,ITH5,8,Emilia-Romagna,Emilia-Romagna,4459477,872261,19.56,0.27
502,2021-01-15,EMR,7700,2393,5307,5298,438,646,1317,0,0,1,7700,0,ITH,ITH5,8,Emilia-Romagna,Emilia-Romagna,4459477,879961,19.73,0.17
503,2021-03-30,EMR,23229,10274,12955,868,183,10112,162,10644,85,1175,18192,5037,ITH,ITH5,8,Emilia-Romagna,Emilia-Romagna,4459477,903190,20.25,0.52
504,2021-01-29,EMR,10401,3493,6908,8104,393,848,1056,0,0,0,291,10110,ITH,ITH5,8,Emilia-Romagna,Emilia-Romagna,4459477,913591,20.49,0.23
505,2021-01-04,EMR,7261,2511,4750,6167,123,393,577,0,1,0,7261,0,ITH,ITH5,8,Emilia-Romagna,Emilia-Romagna,4459477,920852,20.65,0.16
506,2021-02-19,EMR,7321,3010,4311,820,198,182,257,5864,0,0,6808,513,ITH,ITH5,8,Emilia-Romagna,Emilia-Romagna,4459477,928173,20.81,0.16
507,2021-04-05,EMR,14776,6770,8006,280,36,6724,4,7465,24,243,11894,2882,ITH,ITH5,8,Emilia-Romagna,Emilia-Romagna,4459477,942949,21.14,0.33
508,2021-03-25,EMR,21297,9301,11996,1068,248,7311,162,9863,560,2085,14325,6972,ITH,ITH5,8,Emilia-Romagna,Emilia-Romagna,4459477,964246,21.62,0.48
509,2021-02-20,EMR,5298,2087,3211,408,95,145,155,4495,0,0,5034,264,ITH,ITH5,8,Emilia-Romagna,Emilia-Romagna,4459477,969544,21.74,0.12
510,2021-02-15,EMR,2894,846,2048,1982,325,141,157,289,0,0,2768,126,ITH,ITH5,8,Emilia-Romagna,Emilia-Romagna,4459477,972438,21.81,0.06
511,2021-02-12,EMR,5313,1676,3637,3394,458,451,704,306,0,0,3911,1402,ITH,ITH5,8,Emilia-Romagna,Emilia-Romagna,4459477,977751,21.93,0.12
512,2021-04-09,EMR,25134,11395,13739,1352,171,12404,148,10570,55,434,19569,5565,ITH,ITH5,8,Emilia-Romagna,Emilia-Romagna,4459477,1002885,22.49,0.56
513,2021-02-21,EMR,4424,1700,2724,394,98,187,190,3555,0,0,3984,440,ITH,ITH5,8,Emilia-Romagna,Emilia-Romagna,4459477,1007309,22.59,0.1
514,2021-03-27,EMR,21501,9001,12500,748,233,8498,42,9494,149,2337,14607,6894,ITH,ITH5,8,Emilia-Romagna,Emilia-Romagna,4459477,1028810,23.07,0.48
515,2021-04-15,EMR,25852,12208,13644,903,112,19169,111,5493,20,44,17311,8541,ITH,ITH5,8,Emilia-Romagna,Emilia-Romagna,4459477,1054662,23.65,0.58
516,2021-03-01,EMR,10046,3568,6478,1824,280,359,431,5588,311,1253,7801,2245,ITH,ITH5,8,Emilia-Romagna,Emilia-Romagna,4459477,1064708,23.88,0.23
517,2021-02-14,EMR,1400,378,1022,859,338,145,39,19,0,0,1280,120,ITH,ITH5,8,Emilia-Romagna,Emilia-Romagna,4459477,1066108,23.91,0.03
518,2021-02-28,EMR,6822,2527,4295,1774,223,236,53,4228,4,304,4977,1845,ITH,ITH5,8,Emilia-Romagna,Emilia-Romagna,4459477,1072930,24.06,0.15
519,2021-03-26,EMR,23332,9870,13462,1414,326,9314,207,9301,142,2628,16919,6413,ITH,ITH5,8,Emilia-Romagna,Emilia-Romagna,4459477,1096262,24.58,0.52
520,2021-02-09,EMR,4150,1245,2905,2218,226,242,1198,266,0,0,2305,1845,ITH,ITH5,8,Emilia-Romagna,Emilia-Romagna,4459477,1100412,24.68,0.09
521,2021-03-07,EMR,6652,2512,4140,1455,323,525,22,2564,514,1249,5135,1517,ITH,ITH5,8,Emilia-Romagna,Emilia-Romagna,4459477,1107064,24.82,0.15
522,2021-01-23,EMR,2446,870,1576,1902,4,110,430,0,0,0,443,2003,ITH,ITH5,8,Emilia-Romagna,Emilia-Romagna,4459477,1109510,24.88,0.05
523,2021-03-02,EMR,11730,3870,7860,1958,336,471,224,5322,373,3046,9730,2000,ITH,ITH5,8,Emilia-Romagna,Emilia-Romagna,4459477,1121240,25.14,0.26
524,2021-01-14,EMR,8088,2573,5515,5394,497,591,1605,0,1,0,8088,0,ITH,ITH5,8,Emilia-Romagna,Emilia-Romagna,4459477,1129328,25.32,0.18
525,2021-01-20,EMR,1321,269,1052,391,111,32,787,0,0,0,1320,1,ITH,ITH5,8,Emilia-Romagna,Emilia-Romagna,4459477,1130649,25.35,0.03
526,2021-01-02,EMR,2348,904,1444,2072,1,78,197,0,0,0,2348,0,ITH,ITH5,8,Emilia-Romagna,Emilia-Romagna,4459477,1132997,25.41,0.05
527,2020-12-27,EMR,969,372,597,825,1,117,26,0,0,0,969,0,ITH,ITH5,8,Emilia-Romagna,Emilia-Romagna,4459477,1133966,25.43,0.02
528,2021-02-11,EMR,4245,1414,2831,2529,350,300,719,345,0,2,3406,839,ITH,ITH5,8,Emilia-Romagna,Emilia-Romagna,4459477,1138211,25.52,0.1
529,2021-04-14,EMR,26226,12471,13755,647,148,18047,128,7169,26,61,20335,5891,ITH,ITH5,8,Emilia-Romagna,Emilia-Romagna,4459477,1164437,26.11,0.59
530,2021-03-13,EMR,16038,6298,9740,1249,161,1291,75,8244,1028,3990,10728,5310,ITH,ITH5,8,Emilia-Romagna,Emilia-Romagna,4459477,1180475,26.47,0.36
531,2021-01-05,EMR,9321,3162,6159,7924,279,354,764,0,0,0,9321,0,ITH,ITH5,8,Emilia-Romagna,Emilia-Romagna,4459477,1189796,26.68,0.21
532,2021-03-11,EMR,17189,7106,10083,1133,296,1533,277,8823,1312,3815,11338,5851,ITH,ITH5,8,Emilia-Romagna,Emilia-Romagna,4459477,1206985,27.07,0.39
533,2021-03-09,EMR,14581,5930,8651,1023,241,784,180,7591,1197,3565,10629,3952,ITH,ITH5,8,Emilia-Romagna,Emilia-Romagna,4459477,1221566,27.39,0.33
534,2021-02-10,EMR,3996,1375,2621,2389,222,360,769,256,0,0,2755,1241,ITH,ITH5,8,Emilia-Romagna,Emilia-Romagna,4459477,1225562,27.48,0.09
535,2021-01-27,EMR,8355,2945,5410,6903,225,554,672,0,1,0,464,7891,ITH,ITH5,8,Emilia-Romagna,Emilia-Romagna,4459477,1233917,27.67,0.19
536,2021-03-15,LOM,31351,11235,20116,4681,2155,1856,866,12885,594,8314,22895,8456,ITC,ITC4,3,Lombardia,Lombardia,10060574,31351,0.31,0.31
537,2021-04-02,LOM,40522,16561,23961,2527,1382,6485,1051,24320,119,4638,26281,14241,ITC,ITC4,3,Lombardia,Lombardia,10060574,71873,0.71,0.4
538,2021-02-19,LOM,14073,5360,8713,5551,1620,270,1148,4540,928,16,13391,682,ITC,ITC4,3,Lombardia,Lombardia,10060574,85946,0.85,0.14
539,2021-01-12,LOM,19842,6612,13230,13434,4451,235,1627,94,1,0,19842,0,ITC,ITC4,3,Lombardia,Lombardia,10060574,105788,1.05,0.2
540,2021-02-28,LOM,7883,3254,4629,1106,694,1586,76,4308,82,31,7667,216,ITC,ITC4,3,Lombardia,Lombardia,10060574,113671,1.13,0.08
541,2021-03-19,LOM,32307,12869,19438,2720,1708,896,1411,22413,150,3009,19162,13145,ITC,ITC4,3,Lombardia,Lombardia,10060574,145978,1.45,0.32
542,2021-02-15,LOM,8910,3118,5792,6031,1613,151,1071,4,31,9,8489,421,ITC,ITC4,3,Lombardia,Lombardia,10060574,154888,1.54,0.09
543,2021-02-18,LOM,14035,4924,9111,6162,1801,157,1593,3437,857,28,13008,1027,ITC,ITC4,3,Lombardia,Lombardia,10060574,168923,1.68,0.14
544,2020-12-31,LOM,713,300,413,657,56,0,0,0,0,0,713,0,ITC,ITC4,3,Lombardia,Lombardia,10060574,169636,1.69,0.01
545,2021-01-01,LOM,24,7,17,24,0,0,0,0,0,0,24,0,ITC,ITC4,3,Lombardia,Lombardia,10060574,169660,1.69,0.0
546,2021-01-08,LOM,12664,3910,8754,9964,2175,143,376,6,0,0,12664,0,ITC,ITC4,3,Lombardia,Lombardia,10060574,182324,1.81,0.13
547,2021-04-06,LOM,42499,17353,25146,2142,1409,6056,599,27649,125,4519,24745,17754,ITC,ITC4,3,Lombardia,Lombardia,10060574,224823,2.23,0.42
548,2021-02-09,LOM,12241,3328,8913,5736,2207,92,4125,75,2,4,4109,8132,ITC,ITC4,3,Lombardia,Lombardia,10060574,237064,2.36,0.12
549,2021-03-16,LOM,25437,10106,15331,3313,1353,1149,1433,18096,17,76,16401,9036,ITC,ITC4,3,Lombardia,Lombardia,10060574,262501,2.61,0.25
550,2021-02-21,LOM,5022,1854,3168,1761,807,152,32,2227,40,3,5002,20,ITC,ITC4,3,Lombardia,Lombardia,10060574,267523,2.66,0.05
551,2020-12-30,LOM,114,42,72,106,7,1,0,0,0,0,114,0,ITC,ITC4,3,Lombardia,Lombardia,10060574,267637,2.66,0.0
552,2021-03-28,LOM,20209,7692,12517,2014,838,2186,106,11163,30,3872,14141,6068,ITC,ITC4,3,Lombardia,Lombardia,10060574,287846,2.86,0.2
553,2021-03-17,LOM,26104,10439,15665,2531,1318,720,1943,19506,44,42,15219,10885,ITC,ITC4,3,Lombardia,Lombardia,10060574,313950,3.12,0.26
554,2021-01-22,LOM,3031,854,2177,1571,596,34,821,9,0,0,2961,70,ITC,ITC4,3,Lombardia,Lombardia,10060574,316981,3.15,0.03
555,2021-03-12,LOM,35179,12932,22247,5109,2153,1895,1492,16057,1086,7387,24981,10198,ITC,ITC4,3,Lombardia,Lombardia,10060574,352160,3.5,0.35
556,2021-02-08,LOM,9886,2875,7011,5245,2177,70,2341,53,0,0,2137,7749,ITC,ITC4,3,Lombardia,Lombardia,10060574,362046,3.6,0.1
557,2021-01-21,LOM,5333,1567,3766,3017,1209,78,1025,4,0,0,4644,689,ITC,ITC4,3,Lombardia,Lombardia,10060574,367379,3.65,0.05
558,2021-03-04,LOM,29276,12118,17158,6993,2276,4413,2140,11131,1947,376,20222,9054,ITC,ITC4,3,Lombardia,Lombardia,10060574,396655,3.94,0.29
559,2021-01-17,LOM,8289,3327,4962,5554,699,1751,244,36,5,0,8088,201,ITC,ITC4,3,Lombardia,Lombardia,10060574,404944,4.03,0.08
560,2021-02-05,LOM,25326,7374,17952,14335,6070,184,4477,259,1,0,2379,22947,ITC,ITC4,3,Lombardia,Lombardia,10060574,430270,4.28,0.25
561,2021-02-17,LOM,11949,3742,8207,7630,2180,107,1945,39,38,10,10560,1389,ITC,ITC4,3,Lombardia,Lombardia,10060574,442219,4.4,0.12
562,2020-12-27,LOM,717,413,304,615,46,41,14,1,0,0,717,0,ITC,ITC4,3,Lombardia,Lombardia,10060574,442936,4.4,0.01
563,2021-03-10,LOM,33105,12685,20420,6879,2526,2605,2053,12041,1531,5470,25268,7837,ITC,ITC4,3,Lombardia,Lombardia,10060574,476041,4.73,0.33
564,2021-03-24,LOM,43014,15510,27504,2968,1294,4121,1491,20213,434,12493,31320,11694,ITC,ITC4,3,Lombardia,Lombardia,10060574,519055,5.16,0.43
565,2021-04-10,LOM,49816,20764,29052,850,504,9808,310,36836,46,1462,38153,11663,ITC,ITC4,3,Lombardia,Lombardia,10060574,568871,5.65,0.5
566,2021-03-22,LOM,40018,14177,25841,2457,1318,2408,802,20447,446,12140,29669,10349,ITC,ITC4,3,Lombardia,Lombardia,10060574,608889,6.05,0.4
567,2021-03-23,LOM,42311,15327,26984,2236,1348,3334,1280,21282,324,12507,29549,12762,ITC,ITC4,3,Lombardia,Lombardia,10060574,651200,6.47,0.42
568,2021-01-24,LOM,1201,459,742,832,135,197,36,1,0,0,537,664,ITC,ITC4,3,Lombardia,Lombardia,10060574,652401,6.48,0.01
569,2021-02-04,LOM,27295,7997,19298,15674,5739,151,5530,194,7,0,1962,25333,ITC,ITC4,3,Lombardia,Lombardia,10060574,679696,6.76,0.27
570,2021-03-08,LOM,29615,11124,18491,6567,1979,2046,1160,11735,1575,4553,22548,7067,ITC,ITC4,3,Lombardia,Lombardia,10060574,709311,7.05,0.29
571,2021-03-31,LOM,41484,16798,24686,2561,1301,6106,1404,23844,75,6193,26490,14994,ITC,ITC4,3,Lombardia,Lombardia,10060574,750795,7.46,0.41
572,2021-01-28,LOM,12163,3686,8477,9178,1784,200,971,28,1,1,776,11387,ITC,ITC4,3,Lombardia,Lombardia,10060574,762958,7.58,0.12
573,2021-01-03,LOM,853,316,537,744,88,16,4,1,0,0,853,0,ITC,ITC4,3,Lombardia,Lombardia,10060574,763811,7.59,0.01
574,2021-01-04,LOM,6071,2094,3977,4990,709,188,173,11,0,0,6071,0,ITC,ITC4,3,Lombardia,Lombardia,10060574,769882,7.65,0.06
575,2021-01-30,LOM,12315,4567,7748,9906,2049,189,161,8,1,1,195,12120,ITC,ITC4,3,Lombardia,Lombardia,10060574,782197,7.77,0.12
576,2021-04-05,LOM,27037,11558,15479,537,243,2032,69,23439,26,691,19187,7850,ITC,ITC4,3,Lombardia,Lombardia,10060574,809234,8.04,0.27
577,2021-02-01,LOM,16040,5313,10727,11670,3317,106,902,43,1,1,324,15716,ITC,ITC4,3,Lombardia,Lombardia,10060574,825274,8.2,0.16
578,2021-01-19,LOM,8098,2348,5750,4045,1744,77,2166,65,1,0,7622,476,ITC,ITC4,3,Lombardia,Lombardia,10060574,833372,8.28,0.08
579,2021-02-25,LOM,15174,6293,8881,2969,1291,330,1294,8064,1216,10,13628,1546,ITC,ITC4,3,Lombardia,Lombardia,10060574,848546,8.43,0.15
580,2021-02-16,LOM,9534,3084,6450,5847,2100,159,1393,8,8,19,9083,451,ITC,ITC4,3,Lombardia,Lombardia,10060574,858080,8.53,0.09
581,2021-01-09,LOM,12404,4570,7834,9524,2053,624,196,6,1,0,12404,0,ITC,ITC4,3,Lombardia,Lombardia,10060574,870484,8.65,0.12
582,2021-01-07,LOM,11712,3622,8090,8962,1718,212,786,32,1,1,11712,0,ITC,ITC4,3,Lombardia,Lombardia,10060574,882196,8.77,0.12
583,2021-01-31,LOM,9745,3763,5982,7576,2006,67,87,7,2,0,33,9712,ITC,ITC4,3,Lombardia,Lombardia,10060574,891941,8.87,0.1
584,2021-02-03,LOM,25468,7874,17594,15586,5561,152,4018,142,8,1,1120,24348,ITC,ITC4,3,Lombardia,Lombardia,10060574,917409,9.12,0.25
585,2021-02-14,LOM,3578,1546,2032,2750,491,282,42,3,0,10,2944,634,ITC,ITC4,3,Lombardia,Lombardia,10060574,920987,9.15,0.04
586,2021-02-27,LOM,13920,5860,8060,2084,1101,772,558,8266,1091,48,13275,645,ITC,ITC4,3,Lombardia,Lombardia,10060574,934907,9.29,0.14
587,2021-03-29,LOM,39811,15415,24396,2972,1617,4342,429,21682,168,8601,25097,14714,ITC,ITC4,3,Lombardia,Lombardia,10060574,974718,9.69,0.4
588,2021-02-20,LOM,9416,3889,5527,4290,975,140,225,2919,863,4,9120,296,ITC,ITC4,3,Lombardia,Lombardia,10060574,984134,9.78,0.09
589,2021-04-11,LOM,31017,13441,17576,948,285,5233,378,22225,761,1187,23720,7297,ITC,ITC4,3,Lombardia,Lombardia,10060574,1015151,10.09,0.31
590,2021-02-07,LOM,7204,2796,4408,5542,1285,60,293,17,2,5,339,6865,ITC,ITC4,3,Lombardia,Lombardia,10060574,1022355,10.16,0.07
591,2021-03-18,LOM,27375,10945,16430,2194,1127,953,1517,21440,44,100,16177,11198,ITC,ITC4,3,Lombardia,Lombardia,10060574,1049730,10.43,0.27
592,2021-04-01,LOM,42310,16973,25337,2709,1679,6003,1248,24830,103,5738,26534,15776,ITC,ITC4,3,Lombardia,Lombardia,10060574,1092040,10.85,0.42
593,2021-01-05,LOM,7815,2563,5252,6270,1138,227,173,7,0,0,7815,0,ITC,ITC4,3,Lombardia,Lombardia,10060574,1099855,10.93,0.08
594,2021-02-22,LOM,11705,4723,6982,4175,1402,144,961,4030,965,28,11395,310,ITC,ITC4,3,Lombardia,Lombardia,10060574,1111560,11.05,0.12
595,2021-01-18,LOM,9128,2957,6171,5192,1942,107,1831,54,2,0,8146,982,ITC,ITC4,3,Lombardia,Lombardia,10060574,1120688,11.14,0.09
596,2021-02-12,LOM,13817,4326,9491,8098,2663,95,2851,102,5,3,9024,4793,ITC,ITC4,3,Lombardia,Lombardia,10060574,1134505,11.28,0.14
597,2021-01-25,LOM,7023,2371,4652,5631,912,248,218,14,0,0,488,6535,ITC,ITC4,3,Lombardia,Lombardia,10060574,1141528,11.35,0.07
598,2021-01-27,LOM,8042,2676,5366,6202,1248,155,434,1,0,2,820,7222,ITC,ITC4,3,Lombardia,Lombardia,10060574,1149570,11.43,0.08
599,2021-03-09,LOM,33194,12828,20366,6075,2534,2792,2367,12524,1427,5475,25761,7433,ITC,ITC4,3,Lombardia,Lombardia,10060574,1182764,11.76,0.33
600,2021-02-06,LOM,15240,5525,9715,9845,2933,488,1896,74,1,3,1083,14157,ITC,ITC4,3,Lombardia,Lombardia,10060574,1198004,11.91,0.15
601,2021-04-13,LOM,46728,20882,25846,933,552,30557,676,13009,56,945,32883,13845,ITC,ITC4,3,Lombardia,Lombardia,10060574,1244732,12.37,0.46
602,2020-12-28,LOM,103,44,59,102,1,0,0,0,0,0,103,0,ITC,ITC4,3,Lombardia,Lombardia,10060574,1244835,12.37,0.0
603,2021-03-07,LOM,11910,5299,6611,3012,895,2125,82,4538,552,706,9350,2560,ITC,ITC4,3,Lombardia,Lombardia,10060574,1256745,12.49,0.12
604,2021-04-03,LOM,35621,14608,21013,960,220,4977,78,27072,78,2236,25687,9934,ITC,ITC4,3,Lombardia,Lombardia,10060574,1292366,12.85,0.35
605,2021-04-15,LOM,39153,17435,21718,1009,503,24271,960,11803,32,575,25847,13306,ITC,ITC4,3,Lombardia,Lombardia,10060574,1331519,13.24,0.39
606,2021-01-16,LOM,15357,5706,9651,8615,1232,3850,1505,152,3,0,15357,0,ITC,ITC4,3,Lombardia,Lombardia,10060574,1346876,13.39,0.15
607,2021-02-13,LOM,6410,2440,3970,4174,1416,86,709,17,4,4,4937,1473,ITC,ITC4,3,Lombardia,Lombardia,10060574,1353286,13.45,0.06
608,2021-04-16,LOM,39643,17907,21736,1145,467,26864,446,10440,46,235,28330,11313,ITC,ITC4,3,Lombardia,Lombardia,10060574,1392929,13.85,0.39
609,2021-03-25,LOM,42161,15717,26444,3408,1317,3931,1373,21089,199,10844,29842,12319,ITC,ITC4,3,Lombardia,Lombardia,10060574,1435090,14.26,0.42
610,2021-03-30,LOM,39112,15331,23781,2643,1356,4695,1133,22230,154,6901,24427,14685,ITC,ITC4,3,Lombardia,Lombardia,10060574,1474202,14.65,0.39
611,2021-01-26,LOM,8335,2709,5626,6650,1270,170,223,22,0,0,334,8001,ITC,ITC4,3,Lombardia,Lombardia,10060574,1482537,14.74,0.08
612,2021-03-06,LOM,21301,9080,12221,4764,1850,4339,444,7522,1025,1357,16784,4517,ITC,ITC4,3,Lombardia,Lombardia,10060574,1503838,14.95,0.21
613,2021-03-27,LOM,32081,12234,19847,1964,1125,3863,243,18160,66,6660,23505,8576,ITC,ITC4,3,Lombardia,Lombardia,10060574,1535919,15.27,0.32
614,2021-01-06,LOM,7057,2489,4568,5846,1021,150,38,0,0,2,7057,0,ITC,ITC4,3,Lombardia,Lombardia,10060574,1542976,15.34,0.07
615,2021-04-12,LOM,46767,20417,26350,1127,757,29091,487,13609,49,1647,32565,14202,ITC,ITC4,3,Lombardia,Lombardia,10060574,1589743,15.8,0.46
616,2021-03-20,LOM,32459,12127,20332,1978,1157,2210,524,18451,284,7855,22629,9830,ITC,ITC4,3,Lombardia,Lombardia,10060574,1622202,16.12,0.32
617,2021-04-09,LOM,50648,21654,28994,2220,1433,9757,1213,32920,85,3020,34952,15696,ITC,ITC4,3,Lombardia,Lombardia,10060574,1672850,16.63,0.5
618,2021-03-01,LOM,18766,8217,10549,2717,1065,1601,927,10818,1609,29,17062,1704,ITC,ITC4,3,Lombardia,Lombardia,10060574,1691616,16.81,0.19
619,2021-03-21,LOM,23528,8530,14998,1081,552,1898,410,9730,734,9123,18273,5255,ITC,ITC4,3,Lombardia,Lombardia,10060574,1715144,17.05,0.23
620,2021-04-04,LOM,7558,3213,4345,204,227,998,68,5848,8,205,3666,3892,ITC,ITC4,3,Lombardia,Lombardia,10060574,1722702,17.12,0.08
621,2021-02-11,LOM,16954,4993,11961,9702,3286,58,3865,33,4,6,9613,7341,ITC,ITC4,3,Lombardia,Lombardia,10060574,1739656,17.29,0.17
622,2021-01-29,LOM,13438,4114,9324,10487,2256,113,573,9,0,0,654,12784,ITC,ITC4,3,Lombardia,Lombardia,10060574,1753094,17.43,0.13
623,2020-12-29,LOM,100,43,57,100,0,0,0,0,0,0,100,0,ITC,ITC4,3,Lombardia,Lombardia,10060574,1753194,17.43,0.0
624,2021-03-05,LOM,28906,11921,16985,7225,2557,4212,1531,11058,1900,423,20511,8395,ITC,ITC4,3,Lombardia,Lombardia,10060574,1782100,17.71,0.29
625,2021-03-02,LOM,22795,9686,13109,3192,1340,2904,2191,11260,1778,130,19765,3030,ITC,ITC4,3,Lombardia,Lombardia,10060574,1804895,17.94,0.23
626,2021-01-14,LOM,26703,7765,18938,15189,5525,306,5451,229,1,2,26703,0,ITC,ITC4,3,Lombardia,Lombardia,10060574,1831598,18.21,0.27
627,2021-04-07,LOM,49779,20603,29176,1716,1117,7237,1148,36048,61,2452,34106,15673,ITC,ITC4,3,Lombardia,Lombardia,10060574,1881377,18.7,0.49
628,2021-02-24,LOM,14652,5918,8734,3585,1448,308,1786,6320,1181,24,13729,923,ITC,ITC4,3,Lombardia,Lombardia,10060574,1896029,18.85,0.15
629,2021-02-26,LOM,18232,7501,10731,3310,1659,274,1176,10485,1304,24,16384,1848,ITC,ITC4,3,Lombardia,Lombardia,10060574,1914261,19.03,0.18
630,2021-03-26,LOM,40589,15400,25189,2633,1480,4293,764,22553,208,8658,27915,12674,ITC,ITC4,3,Lombardia,Lombardia,10060574,1954850,19.43,0.4
631,2021-02-23,LOM,11721,4780,6941,3944,1357,266,851,4310,990,3,11412,309,ITC,ITC4,3,Lombardia,Lombardia,10060574,1966571,19.55,0.12
632,2021-01-13,LOM,26211,8007,18204,15795,5732,297,4193,191,2,1,26211,0,ITC,ITC4,3,Lombardia,Lombardia,10060574,1992782,19.81,0.26
633,2021-01-02,LOM,199,72,127,178,16,5,0,0,0,0,199,0,ITC,ITC4,3,Lombardia,Lombardia,10060574,1992981,19.81,0.0
634,2021-02-02,LOM,19827,6577,13250,13492,4416,155,1680,76,7,1,489,19338,ITC,ITC4,3,Lombardia,Lombardia,10060574,2012808,20.01,0.2
635,2021-01-20,LOM,5578,1364,4214,2743,1174,45,1557,59,0,0,5463,115,ITC,ITC4,3,Lombardia,Lombardia,10060574,2018386,20.06,0.06
636,2021-03-14,LOM,14862,5341,9521,1520,573,1587,80,5265,396,5441,11573,3289,ITC,ITC4,3,Lombardia,Lombardia,10060574,2033248,20.21,0.15
637,2021-02-10,LOM,14386,4501,9885,8533,2328,103,3335,78,3,6,7569,6817,ITC,ITC4,3,Lombardia,Lombardia,10060574,2047634,20.35,0.14
638,2021-01-15,LOM,25055,7405,17650,13750,5821,432,4736,309,2,5,25055,0,ITC,ITC4,3,Lombardia,Lombardia,10060574,2072689,20.6,0.25
639,2021-03-11,LOM,36082,13422,22660,5874,2407,2188,2189,15542,1216,6666,26211,9871,ITC,ITC4,3,Lombardia,Lombardia,10060574,2108771,20.96,0.36
640,2021-04-14,LOM,45754,20491,25263,904,583,31129,599,11705,51,783,33128,12626,ITC,ITC4,3,Lombardia,Lombardia,10060574,2154525,21.42,0.45
641,2021-01-10,LOM,10518,3957,6561,8175,2159,85,85,11,2,1,10518,0,ITC,ITC4,3,Lombardia,Lombardia,10060574,2165043,21.52,0.1
642,2021-03-03,LOM,26885,11483,15402,6399,1644,4534,1797,10178,1862,471,19614,7271,ITC,ITC4,3,Lombardia,Lombardia,10060574,2191928,21.79,0.27
643,2021-01-11,LOM,16024,5324,10700,11817,3305,158,699,42,1,2,16024,0,ITC,ITC4,3,Lombardia,Lombardia,10060574,2207952,21.95,0.16
644,2021-01-23,LOM,1114,357,757,644,258,74,138,0,0,0,916,198,ITC,ITC4,3,Lombardia,Lombardia,10060574,2209066,21.96,0.01
645,2021-04-08,LOM,51116,21331,29785,2218,1029,8940,896,36436,49,1548,34769,16347,ITC,ITC4,3,Lombardia,Lombardia,10060574,2260182,22.47,0.51
646,2021-03-13,LOM,27073,9728,17345,3750,980,3001,264,10326,617,8135,21011,6062,ITC,ITC4,3,Lombardia,Lombardia,10060574,2287255,22.73,0.27
647,2021-01-18,CAM,957,399,558,576,93,101,187,0,0,0,713,244,ITF,ITF3,15,Campania,Campania,5801692,957,0.02,0.02
648,2021-03-13,CAM,14254,6793,7461,404,82,1879,193,6613,1397,3686,8969,5285,ITF,ITF3,15,Campania,Campania,5801692,15211,0.26,0.25
649,2021-02-22,CAM,10661,3291,7370,544,46,492,141,3896,0,5542,10398,263,ITF,ITF3,15,Campania,Campania,5801692,25872,0.45,0.18
650,2021-01-06,CAM,7652,3749,3903,5781,838,733,300,0,0,0,7652,0,ITF,ITF3,15,Campania,Campania,5801692,33524,0.58,0.13
651,2021-03-16,CAM,8087,3519,4568,289,53,679,60,6869,23,114,3772,4315,ITF,ITF3,15,Campania,Campania,5801692,41611,0.72,0.14
652,2021-04-03,CAM,21130,10322,10808,203,46,15487,186,4491,159,558,18755,2375,ITF,ITF3,15,Campania,Campania,5801692,62741,1.08,0.36
653,2021-04-10,CAM,28335,13485,14850,259,52,20803,90,6263,134,734,23420,4915,ITF,ITF3,15,Campania,Campania,5801692,91076,1.57,0.49
654,2021-04-04,CAM,7941,4001,3940,177,24,5623,6,1984,54,73,6898,1043,ITF,ITF3,15,Campania,Campania,5801692,99017,1.71,0.14
655,2021-03-12,CAM,14247,7095,7152,1022,152,2028,82,6592,1569,2802,8164,6083,ITF,ITF3,15,Campania,Campania,5801692,113264,1.95,0.25
656,2021-01-12,CAM,5214,2563,2651,3439,722,713,340,0,0,0,5214,0,ITF,ITF3,15,Campania,Campania,5801692,118478,2.04,0.09
657,2021-04-02,CAM,21766,10417,11349,263,43,16024,105,3983,285,1063,19448,2318,ITF,ITF3,15,Campania,Campania,5801692,140244,2.42,0.38
658,2021-02-19,CAM,9555,3556,5999,1663,141,943,161,4454,0,2193,8905,650,ITF,ITF3,15,Campania,Campania,5801692,149799,2.58,0.16
659,2021-01-01,CAM,919,506,413,831,85,3,0,0,0,0,919,0,ITF,ITF3,15,Campania,Campania,5801692,150718,2.6,0.02
660,2021-03-26,CAM,19454,8929,10525,363,36,9425,142,7621,232,1635,15644,3810,ITF,ITF3,15,Campania,Campania,5801692,170172,2.93,0.34
661,2021-02-08,CAM,5112,2449,2663,1387,320,1801,226,1378,0,0,4310,802,ITF,ITF3,15,Campania,Campania,5801692,175284,3.02,0.09
662,2021-01-16,CAM,3369,1675,1694,1355,230,1411,373,0,0,0,3369,0,ITF,ITF3,15,Campania,Campania,5801692,178653,3.08,0.06
663,2021-04-01,CAM,24304,11665,12639,416,50,14919,83,7005,206,1625,20174,4130,ITF,ITF3,15,Campania,Campania,5801692,202957,3.5,0.42
664,2021-02-11,CAM,6278,2704,3574,1861,279,1646,129,2363,0,0,6212,66,ITF,ITF3,15,Campania,Campania,5801692,209235,3.61,0.11
665,2021-04-15,CAM,34127,16571,17556,311,38,27304,14,6081,68,311,24266,9861,ITF,ITF3,15,Campania,Campania,5801692,243362,4.19,0.59
666,2020-12-27,CAM,720,422,298,703,14,3,0,0,0,0,720,0,ITF,ITF3,15,Campania,Campania,5801692,244082,4.21,0.01
667,2021-01-11,CAM,4072,1871,2201,2386,681,753,252,0,0,0,4072,0,ITF,ITF3,15,Campania,Campania,5801692,248154,4.28,0.07
668,2021-02-17,CAM,7388,3210,4178,1013,197,870,38,4908,0,362,6328,1060,ITF,ITF3,15,Campania,Campania,5801692,255542,4.4,0.13
669,2021-01-09,CAM,10566,5024,5542,6759,1256,2282,269,0,0,0,10566,0,ITF,ITF3,15,Campania,Campania,5801692,266108,4.59,0.18
670,2021-02-16,CAM,5435,2410,3025,983,272,836,169,3174,0,1,4664,771,ITF,ITF3,15,Campania,Campania,5801692,271543,4.68,0.09
671,2021-01-25,CAM,5744,2926,2818,4743,644,301,56,0,0,0,164,5580,ITF,ITF3,15,Campania,Campania,5801692,277287,4.78,0.1
672,2021-02-27,CAM,13943,4471,9472,825,285,1280,82,3160,0,8311,12301,1642,ITF,ITF3,15,Campania,Campania,5801692,291230,5.02,0.24
673,2021-02-18,CAM,9079,3811,5268,1752,228,1033,88,5540,0,438,8371,708,ITF,ITF3,15,Campania,Campania,5801692,300309,5.18,0.16
674,2021-04-16,CAM,22556,10967,11589,154,20,17172,104,4758,115,233,13573,8983,ITF,ITF3,15,Campania,Campania,5801692,322865,5.57,0.39
675,2021-01-08,CAM,10456,4969,5487,6715,1147,2382,212,0,0,0,10456,0,ITF,ITF3,15,Campania,Campania,5801692,333321,5.75,0.18
676,2021-01-29,CAM,10052,4812,5240,6405,1052,2336,259,0,0,0,47,10005,ITF,ITF3,15,Campania,Campania,5801692,343373,5.92,0.17
677,2021-04-12,CAM,23302,10920,12382,149,57,19465,70,3261,83,217,20264,3038,ITF,ITF3,15,Campania,Campania,5801692,366675,6.32,0.4
678,2021-04-11,CAM,17521,8606,8915,116,10,15297,2,1832,61,203,15443,2078,ITF,ITF3,15,Campania,Campania,5801692,384196,6.62,0.3
679,2021-02-20,CAM,8564,3079,5485,1023,60,788,145,4582,0,1966,8261,303,ITF,ITF3,15,Campania,Campania,5801692,392760,6.77,0.15
680,2021-01-21,CAM,2093,1116,977,1379,153,486,75,0,0,0,677,1416,ITF,ITF3,15,Campania,Campania,5801692,394853,6.81,0.04
681,2021-03-29,CAM,18952,9136,9816,362,49,12016,128,5040,153,1204,17408,1544,ITF,ITF3,15,Campania,Campania,5801692,413805,7.13,0.33
682,2021-01-26,CAM,7340,3726,3614,5775,847,487,231,0,0,0,352,6988,ITF,ITF3,15,Campania,Campania,5801692,421145,7.26,0.13
683,2021-02-14,CAM,3924,1921,2003,626,84,736,15,2463,0,0,3890,34,ITF,ITF3,15,Campania,Campania,5801692,425069,7.33,0.07
684,2021-04-13,CAM,26580,12669,13911,226,47,21713,97,4188,65,244,21053,5527,ITF,ITF3,15,Campania,Campania,5801692,451649,7.78,0.46
685,2021-02-26,CAM,13327,4228,9099,951,125,798,220,3403,1,7829,11992,1335,ITF,ITF3,15,Campania,Campania,5801692,464976,8.01,0.23
686,2021-02-25,CAM,12422,4479,7943,803,119,907,124,5664,0,4805,11234,1188,ITF,ITF3,15,Campania,Campania,5801692,477398,8.23,0.21
687,2021-01-14,CAM,7073,2977,4096,3707,1264,1752,350,0,0,0,7073,0,ITF,ITF3,15,Campania,Campania,5801692,484471,8.35,0.12
688,2021-03-14,CAM,8505,3721,4784,328,97,666,2,4544,850,2018,4367,4138,ITF,ITF3,15,Campania,Campania,5801692,492976,8.5,0.15
689,2021-02-10,CAM,6904,3413,3491,1945,284,2419,98,2158,0,0,6728,176,ITF,ITF3,15,Campania,Campania,5801692,499880,8.62,0.12
690,2021-03-18,CAM,12163,5376,6787,460,76,1096,34,9962,76,459,5975,6188,ITF,ITF3,15,Campania,Campania,5801692,512043,8.83,0.21
691,2021-03-05,CAM,16474,6346,10128,1682,224,2364,64,6349,4,5787,9814,6660,ITF,ITF3,15,Campania,Campania,5801692,528517,9.11,0.28
692,2021-01-07,CAM,8910,4166,4744,6313,1087,1178,332,0,0,0,8910,0,ITF,ITF3,15,Campania,Campania,5801692,537427,9.26,0.15
693,2021-02-06,CAM,5341,2665,2676,1990,520,2357,459,15,0,0,2103,3238,ITF,ITF3,15,Campania,Campania,5801692,542768,9.36,0.09
694,2021-01-10,CAM,8165,3736,4429,5179,1010,1879,97,0,0,0,8165,0,ITF,ITF3,15,Campania,Campania,5801692,550933,9.5,0.14
695,2021-03-27,CAM,21233,10017,11216,356,35,11579,63,7098,146,1956,17370,3863,ITF,ITF3,15,Campania,Campania,5801692,572166,9.86,0.37
696,2021-03-22,CAM,12745,5922,6823,309,755,5170,71,3500,469,2471,10707,2038,ITF,ITF3,15,Campania,Campania,5801692,584911,10.08,0.22
697,2021-03-17,CAM,11585,5096,6489,490,123,748,49,10005,33,137,5006,6579,ITF,ITF3,15,Campania,Campania,5801692,596496,10.28,0.2
698,2021-01-05,CAM,7237,3638,3599,5810,923,398,106,0,0,0,7237,0,ITF,ITF3,15,Campania,Campania,5801692,603733,10.41,0.12
699,2021-01-30,CAM,10721,5079,5642,6930,1278,2286,227,0,0,0,39,10682,ITF,ITF3,15,Campania,Campania,5801692,614454,10.59,0.18
700,2021-03-01,CAM,12122,4245,7877,1153,306,1665,147,3065,0,5786,8011,4111,ITF,ITF3,15,Campania,Campania,5801692,626576,10.8,0.21
701,2021-02-04,CAM,7943,3429,4514,3965,1245,2440,292,1,0,0,1308,6635,ITF,ITF3,15,Campania,Campania,5801692,634519,10.94,0.14
702,2021-03-31,CAM,22661,10894,11767,340,35,15731,111,5146,134,1164,19223,3438,ITF,ITF3,15,Campania,Campania,5801692,657180,11.33,0.39
703,2021-02-01,CAM,3985,1813,2172,2504,656,673,152,0,0,0,110,3875,ITF,ITF3,15,Campania,Campania,5801692,661165,11.4,0.07
704,2021-01-02,CAM,3673,1962,1711,3167,340,166,0,0,0,0,3673,0,ITF,ITF3,15,Campania,Campania,5801692,664838,11.46,0.06
705,2021-01-20,CAM,1257,650,607,395,146,615,101,0,0,0,1257,0,ITF,ITF3,15,Campania,Campania,5801692,666095,11.48,0.02
706,2021-03-09,CAM,13839,6619,7220,797,266,2762,184,4495,1148,4187,10058,3781,ITF,ITF3,15,Campania,Campania,5801692,679934,11.72,0.24
707,2021-04-05,CAM,11636,5541,6095,141,19,8114,6,2878,46,432,9215,2421,ITF,ITF3,15,Campania,Campania,5801692,691570,11.92,0.2
708,2021-02-05,CAM,7261,3463,3798,3447,995,2502,308,9,0,0,2133,5128,ITF,ITF3,15,Campania,Campania,5801692,698831,12.05,0.13
709,2021-03-02,CAM,12745,4550,8195,1294,193,1978,147,3232,2,5899,8401,4344,ITF,ITF3,15,Campania,Campania,5801692,711576,12.26,0.22
710,2021-01-23,CAM,3838,2028,1810,3161,343,265,69,0,0,0,273,3565,ITF,ITF3,15,Campania,Campania,5801692,715414,12.33,0.07
711,2021-01-27,CAM,7738,3820,3918,5839,875,754,270,0,0,0,163,7575,ITF,ITF3,15,Campania,Campania,5801692,723152,12.46,0.13
712,2021-01-31,CAM,8066,3711,4355,5106,1012,1881,67,0,0,0,23,8043,ITF,ITF3,15,Campania,Campania,5801692,731218,12.6,0.14
713,2021-02-09,CAM,4643,2202,2441,1148,178,1973,6,1338,0,0,4391,252,ITF,ITF3,15,Campania,Campania,5801692,735861,12.68,0.08
714,2021-02-15,CAM,5469,2515,2954,987,220,771,94,3395,1,1,5296,173,ITF,ITF3,15,Campania,Campania,5801692,741330,12.78,0.09
715,2021-03-06,CAM,16303,6749,9554,993,133,1359,172,7133,1027,5486,10636,5667,ITF,ITF3,15,Campania,Campania,5801692,757633,13.06,0.28
716,2021-04-14,CAM,27618,13317,14301,268,49,21857,22,5096,58,268,19054,8564,ITF,ITF3,15,Campania,Campania,5801692,785251,13.53,0.48
717,2021-03-30,CAM,21667,10253,11414,278,45,13525,165,5648,170,1836,18712,2955,ITF,ITF3,15,Campania,Campania,5801692,806918,13.91,0.37
718,2021-01-13,CAM,8019,3665,4354,4350,1031,2051,587,0,0,0,8019,0,ITF,ITF3,15,Campania,Campania,5801692,814937,14.05,0.14
719,2021-03-28,CAM,15548,7497,8051,79,155,9390,18,5103,124,679,13925,1623,ITF,ITF3,15,Campania,Campania,5801692,830485,14.31,0.27
720,2021-02-24,CAM,11763,4143,7620,845,192,436,141,5960,0,4189,11075,688,ITF,ITF3,15,Campania,Campania,5801692,842248,14.52,0.2
721,2021-04-06,CAM,24345,11410,12935,302,107,16788,123,5365,105,1555,19830,4515,ITF,ITF3,15,Campania,Campania,5801692,866593,14.94,0.42
722,2021-02-28,CAM,10411,3206,7205,496,113,2047,22,2237,0,5496,8511,1900,ITF,ITF3,15,Campania,Campania,5801692,877004,15.12,0.18
723,2021-02-07,CAM,2929,1382,1547,706,189,1519,225,290,0,0,2158,771,ITF,ITF3,15,Campania,Campania,5801692,879933,15.17,0.05
724,2020-12-31,CAM,1490,811,679,1273,150,66,1,0,0,0,1490,0,ITF,ITF3,15,Campania,Campania,5801692,881423,15.19,0.03
725,2021-03-03,CAM,13916,5492,8424,2088,234,2459,156,4744,3,4232,7287,6629,ITF,ITF3,15,Campania,Campania,5801692,895339,15.43,0.24
726,2021-03-10,CAM,15240,7374,7866,704,240,2311,26,8433,1058,2468,8411,6829,ITF,ITF3,15,Campania,Campania,5801692,910579,15.7,0.26
727,2021-01-03,CAM,3837,2009,1828,3191,401,245,0,0,0,0,3837,0,ITF,ITF3,15,Campania,Campania,5801692,914416,15.76,0.07
728,2021-03-20,CAM,13894,6433,7461,295,35,3812,35,6510,324,2883,10155,3739,ITF,ITF3,15,Campania,Campania,5801692,928310,16.0,0.24
729,2021-02-21,CAM,5833,2239,3594,780,44,609,22,3870,0,508,5608,225,ITF,ITF3,15,Campania,Campania,5801692,934143,16.1,0.1
730,2021-01-17,CAM,1155,551,604,718,54,232,151,0,0,0,702,453,ITF,ITF3,15,Campania,Campania,5801692,935298,16.12,0.02
731,2021-03-19,CAM,11030,4868,6162,392,67,1215,21,8437,45,853,7161,3869,ITF,ITF3,15,Campania,Campania,5801692,946328,16.31,0.19
732,2021-03-21,CAM,9979,4591,5388,168,27,4970,17,2933,188,1676,7590,2389,ITF,ITF3,15,Campania,Campania,5801692,956307,16.48,0.17
733,2021-03-08,CAM,14536,6715,7821,888,245,2179,70,4863,1334,4957,9760,4776,ITF,ITF3,15,Campania,Campania,5801692,970843,16.73,0.25
734,2021-02-23,CAM,10989,3384,7605,520,85,401,289,3755,0,5939,10463,526,ITF,ITF3,15,Campania,Campania,5801692,981832,16.92,0.19
735,2021-02-12,CAM,6528,2860,3668,1885,262,1111,208,3058,0,4,6342,186,ITF,ITF3,15,Campania,Campania,5801692,988360,17.04,0.11
736,2021-01-22,CAM,1523,775,748,970,120,224,209,0,0,0,673,850,ITF,ITF3,15,Campania,Campania,5801692,989883,17.06,0.03
737,2021-03-04,CAM,14649,5349,9300,1901,290,1923,136,5562,1,4836,8756,5893,ITF,ITF3,15,Campania,Campania,5801692,1004532,17.31,0.25
738,2021-01-19,CAM,1095,474,621,534,129,261,171,0,0,0,1092,3,ITF,ITF3,15,Campania,Campania,5801692,1005627,17.33,0.02
739,2021-03-11,CAM,17575,8666,8909,1049,255,3013,105,8933,1384,2836,10299,7276,ITF,ITF3,15,Campania,Campania,5801692,1023202,17.64,0.3
740,2021-01-28,CAM,8833,4122,4711,6216,1094,1176,347,0,0,0,135,8698,ITF,ITF3,15,Campania,Campania,5801692,1032035,17.79,0.15
741,2021-01-04,CAM,5826,2963,2863,4850,679,297,0,0,0,0,5826,0,ITF,ITF3,15,Campania,Campania,5801692,1037861,17.89,0.1
742,2021-03-23,CAM,15334,7058,8276,359,488,6023,181,4730,260,3293,12829,2505,ITF,ITF3,15,Campania,Campania,5801692,1053195,18.15,0.26
743,2021-03-24,CAM,17619,8081,9538,410,71,7675,70,6718,232,2443,14668,2951,ITF,ITF3,15,Campania,Campania,5801692,1070814,18.46,0.3
744,2021-01-24,CAM,4128,2123,2005,3140,410,412,166,0,0,0,383,3745,ITF,ITF3,15,Campania,Campania,5801692,1074942,18.53,0.07
745,2021-03-25,CAM,19995,9340,10655,308,38,9539,8,7448,170,2484,16492,3503,ITF,ITF3,15,Campania,Campania,5801692,1094937,18.87,0.34
746,2021-04-09,CAM,29805,13947,15858,261,43,21068,38,7309,128,958,23688,6117,ITF,ITF3,15,Campania,Campania,5801692,1124742,19.39,0.51
747,2021-02-13,CAM,5509,2550,2959,960,99,701,131,3616,0,2,5292,217,ITF,ITF3,15,Campania,Campania,5801692,1130251,19.48,0.09
748,2021-02-02,CAM,5722,2804,2918,3640,828,900,354,0,0,0,443,5279,ITF,ITF3,15,Campania,Campania,5801692,1135973,19.58,0.1
749,2021-03-15,CAM,12900,6080,6820,801,131,2535,82,6279,511,2561,8199,4701,ITF,ITF3,15,Campania,Campania,5801692,1148873,19.8,0.22
750,2021-02-03,CAM,8902,4002,4900,4736,1101,2350,714,1,0,0,878,8024,ITF,ITF3,15,Campania,Campania,5801692,1157775,19.96,0.15
751,2021-04-08,CAM,28258,13631,14627,283,62,19457,58,7188,169,1041,22424,5834,ITF,ITF3,15,Campania,Campania,5801692,1186033,20.44,0.49
752,2021-01-15,CAM,4980,2381,2599,2740,832,1217,191,0,0,0,4980,0,ITF,ITF3,15,Campania,Campania,5801692,1191013,20.53,0.09
753,2021-03-07,CAM,11911,5344,6567,533,109,1302,85,4019,1512,4351,8070,3841,ITF,ITF3,15,Campania,Campania,5801692,1202924,20.73,0.21
754,2021-04-07,CAM,24739,11772,12967,348,42,16419,62,6618,207,1043,20017,4722,ITF,ITF3,15,Campania,Campania,5801692,1227663,21.16,0.43
755,2021-02-23,SAR,1519,1010,509,602,191,328,89,8,301,0,1285,234,ITG,ITG2,20,Sardegna,Sardegna,1639591,1519,0.09,0.09
756,2021-01-07,SAR,3111,1077,2034,2720,311,69,0,0,11,0,3111,0,ITG,ITG2,20,Sardegna,Sardegna,1639591,4630,0.28,0.19
757,2020-12-28,SAR,65,25,40,65,0,0,0,0,0,0,65,0,ITG,ITG2,20,Sardegna,Sardegna,1639591,4695,0.29,0.0
758,2021-01-13,SAR,573,178,395,494,76,3,0,0,0,0,573,0,ITG,ITG2,20,Sardegna,Sardegna,1639591,5268,0.32,0.03
759,2021-03-21,SAR,4030,1809,2221,64,5,404,0,2880,102,575,2590,1440,ITG,ITG2,20,Sardegna,Sardegna,1639591,9298,0.57,0.25
760,2021-02-26,SAR,2797,1107,1690,1224,509,561,221,203,74,5,2491,306,ITG,ITG2,20,Sardegna,Sardegna,1639591,12095,0.74,0.17
761,2021-03-29,SAR,4368,1538,2830,624,209,841,182,1013,88,1411,3782,586,ITG,ITG2,20,Sardegna,Sardegna,1639591,16463,1.0,0.27
762,2021-03-09,SAR,5150,2371,2779,1056,368,529,285,2270,332,310,4420,730,ITG,ITG2,20,Sardegna,Sardegna,1639591,21613,1.32,0.31
763,2021-03-11,SAR,6034,2725,3309,1011,419,665,417,2950,470,102,4834,1200,ITG,ITG2,20,Sardegna,Sardegna,1639591,27647,1.69,0.37
764,2021-03-18,SAR,7248,3064,4184,1078,241,1344,354,4156,12,63,5645,1603,ITG,ITG2,20,Sardegna,Sardegna,1639591,34895,2.13,0.44
765,2021-03-15,SAR,2684,1215,1469,458,172,477,85,324,149,1019,2311,373,ITG,ITG2,20,Sardegna,Sardegna,1639591,37579,2.29,0.16
766,2021-01-02,SAR,60,21,39,60,0,0,0,0,0,0,60,0,ITG,ITG2,20,Sardegna,Sardegna,1639591,37639,2.3,0.0
767,2021-02-09,SAR,2286,837,1449,1308,408,71,497,1,0,1,1290,996,ITG,ITG2,20,Sardegna,Sardegna,1639591,39925,2.44,0.14
768,2021-03-31,SAR,10052,4026,6026,396,103,2945,228,4986,16,1378,7603,2449,ITG,ITG2,20,Sardegna,Sardegna,1639591,49977,3.05,0.61
769,2021-01-29,SAR,2951,1067,1884,2580,226,142,3,0,0,0,48,2903,ITG,ITG2,20,Sardegna,Sardegna,1639591,52928,3.23,0.18
770,2021-03-03,SAR,3804,2055,1749,1062,275,444,578,703,741,1,2607,1197,ITG,ITG2,20,Sardegna,Sardegna,1639591,56732,3.46,0.23
771,2021-01-09,SAR,4026,1417,2609,3182,602,242,0,0,0,0,4026,0,ITG,ITG2,20,Sardegna,Sardegna,1639591,60758,3.71,0.25
772,2021-02-05,SAR,1897,749,1148,1214,420,95,164,1,3,0,433,1464,ITG,ITG2,20,Sardegna,Sardegna,1639591,62655,3.82,0.12
773,2021-02-10,SAR,1959,765,1194,1169,245,56,488,0,0,1,1441,518,ITG,ITG2,20,Sardegna,Sardegna,1639591,64614,3.94,0.12
774,2021-03-25,SAR,8339,3477,4862,815,152,1782,188,3589,251,1562,7035,1304,ITG,ITG2,20,Sardegna,Sardegna,1639591,72953,4.45,0.51
775,2021-02-20,SAR,2041,855,1186,484,128,29,195,1204,0,1,1707,334,ITG,ITG2,20,Sardegna,Sardegna,1639591,74994,4.57,0.12
776,2021-04-13,SAR,7259,3402,3857,216,40,5395,45,1449,99,15,5484,1775,ITG,ITG2,20,Sardegna,Sardegna,1639591,82253,5.02,0.44
777,2021-02-21,SAR,1589,710,879,67,25,10,59,1422,6,0,1559,30,ITG,ITG2,20,Sardegna,Sardegna,1639591,83842,5.11,0.1
778,2021-03-01,SAR,2160,1054,1106,1135,233,212,141,104,334,1,1501,659,ITG,ITG2,20,Sardegna,Sardegna,1639591,86002,5.25,0.13
779,2021-01-22,SAR,83,47,36,45,38,0,0,0,0,0,55,28,ITG,ITG2,20,Sardegna,Sardegna,1639591,86085,5.25,0.01
780,2021-02-15,SAR,958,349,609,440,226,13,279,0,0,0,927,31,ITG,ITG2,20,Sardegna,Sardegna,1639591,87043,5.31,0.06
781,2021-01-31,SAR,2121,750,1371,1544,128,448,0,1,0,0,48,2073,ITG,ITG2,20,Sardegna,Sardegna,1639591,89164,5.44,0.13
782,2021-02-28,SAR,368,169,199,245,69,7,47,0,0,0,142,226,ITG,ITG2,20,Sardegna,Sardegna,1639591,89532,5.46,0.02
783,2021-02-17,SAR,1406,576,830,689,292,85,313,0,27,0,1332,74,ITG,ITG2,20,Sardegna,Sardegna,1639591,90938,5.55,0.09
784,2021-03-06,SAR,2638,1079,1559,1108,543,393,467,12,79,36,857,1781,ITG,ITG2,20,Sardegna,Sardegna,1639591,93576,5.71,0.16
785,2021-02-16,SAR,700,289,411,376,135,77,112,0,0,0,673,27,ITG,ITG2,20,Sardegna,Sardegna,1639591,94276,5.75,0.04
786,2021-03-13,SAR,2751,1072,1679,274,103,294,145,1760,43,132,2470,281,ITG,ITG2,20,Sardegna,Sardegna,1639591,97027,5.92,0.17
787,2021-03-27,SAR,5492,2078,3414,331,135,1014,203,2485,15,1309,5069,423,ITG,ITG2,20,Sardegna,Sardegna,1639591,102519,6.25,0.33
788,2021-01-26,SAR,1336,453,883,1296,27,12,0,0,0,1,27,1309,ITG,ITG2,20,Sardegna,Sardegna,1639591,103855,6.33,0.08
789,2021-01-16,SAR,1492,525,967,1282,165,44,0,0,0,1,1492,0,ITG,ITG2,20,Sardegna,Sardegna,1639591,105347,6.43,0.09
790,2021-03-10,SAR,6008,2917,3091,719,383,515,414,2985,657,335,5158,850,ITG,ITG2,20,Sardegna,Sardegna,1639591,111355,6.79,0.37
791,2021-04-12,SAR,6589,2986,3603,87,49,4266,44,2104,28,11,5017,1572,ITG,ITG2,20,Sardegna,Sardegna,1639591,117944,7.19,0.4
792,2021-03-05,SAR,5009,2436,2573,1692,775,634,669,570,659,10,2678,2331,ITG,ITG2,20,Sardegna,Sardegna,1639591,122953,7.5,0.31
793,2021-01-08,SAR,3257,1184,2073,2929,230,98,0,0,0,0,3257,0,ITG,ITG2,20,Sardegna,Sardegna,1639591,126210,7.7,0.2
794,2021-02-18,SAR,1877,732,1145,1073,301,61,298,1,33,110,1813,64,ITG,ITG2,20,Sardegna,Sardegna,1639591,128087,7.81,0.11
795,2021-02-24,SAR,2410,1292,1118,1193,311,303,301,3,299,0,2221,189,ITG,ITG2,20,Sardegna,Sardegna,1639591,130497,7.96,0.15
796,2021-04-06,SAR,6984,2902,4082,656,79,3182,168,2413,31,455,4946,2038,ITG,ITG2,20,Sardegna,Sardegna,1639591,137481,8.39,0.43
797,2021-03-20,SAR,5189,2073,3116,695,255,435,127,2717,105,855,2913,2276,ITG,ITG2,20,Sardegna,Sardegna,1639591,142670,8.7,0.32
798,2021-03-28,SAR,4499,1773,2726,83,19,487,21,3196,12,681,4420,79,ITG,ITG2,20,Sardegna,Sardegna,1639591,147169,8.98,0.27
799,2021-03-08,SAR,4001,1785,2216,740,492,669,650,853,444,153,2782,1219,ITG,ITG2,20,Sardegna,Sardegna,1639591,151170,9.22,0.24
800,2021-02-27,SAR,1920,647,1273,1059,291,88,306,176,0,0,1365,555,ITG,ITG2,20,Sardegna,Sardegna,1639591,153090,9.34,0.12
801,2021-01-17,SAR,860,277,583,747,113,0,0,0,0,0,859,1,ITG,ITG2,20,Sardegna,Sardegna,1639591,153950,9.39,0.05
802,2021-03-19,SAR,7209,3005,4204,1315,444,1603,222,3425,190,10,4994,2215,ITG,ITG2,20,Sardegna,Sardegna,1639591,161159,9.83,0.44
803,2021-04-01,SAR,9856,3914,5942,455,135,3297,204,4433,81,1251,6864,2992,ITG,ITG2,20,Sardegna,Sardegna,1639591,171015,10.43,0.6
804,2021-01-11,SAR,1183,505,678,656,139,387,0,1,0,0,1183,0,ITG,ITG2,20,Sardegna,Sardegna,1639591,172198,10.5,0.07
805,2021-01-25,SAR,588,212,376,553,29,6,0,0,0,0,22,566,ITG,ITG2,20,Sardegna,Sardegna,1639591,172786,10.54,0.04
806,2021-04-09,SAR,11750,5195,6555,436,75,6388,39,4616,33,163,7640,4110,ITG,ITG2,20,Sardegna,Sardegna,1639591,184536,11.26,0.72
807,2021-02-12,SAR,2237,933,1304,986,660,89,501,1,0,0,2178,59,ITG,ITG2,20,Sardegna,Sardegna,1639591,186773,11.39,0.14
808,2021-04-11,SAR,5336,2416,2920,62,7,3393,0,1846,8,20,4216,1120,ITG,ITG2,20,Sardegna,Sardegna,1639591,192109,11.72,0.33
809,2021-04-04,SAR,1,0,1,0,0,0,0,1,0,0,0,1,ITG,ITG2,20,Sardegna,Sardegna,1639591,192110,11.72,0.0
810,2021-01-23,SAR,60,22,38,60,0,0,0,0,0,0,0,60,ITG,ITG2,20,Sardegna,Sardegna,1639591,192170,11.72,0.0
811,2021-01-12,SAR,865,408,457,504,88,273,0,0,0,0,865,0,ITG,ITG2,20,Sardegna,Sardegna,1639591,193035,11.77,0.05
812,2021-01-14,SAR,1105,426,679,885,167,53,0,0,0,0,1105,0,ITG,ITG2,20,Sardegna,Sardegna,1639591,194140,11.84,0.07
813,2021-01-15,SAR,1563,573,990,1170,338,52,0,0,3,0,1563,0,ITG,ITG2,20,Sardegna,Sardegna,1639591,195703,11.94,0.1
814,2021-02-02,SAR,1482,655,827,988,187,307,0,0,0,0,241,1241,ITG,ITG2,20,Sardegna,Sardegna,1639591,197185,12.03,0.09
815,2021-01-20,SAR,210,77,133,154,56,0,0,0,0,0,208,2,ITG,ITG2,20,Sardegna,Sardegna,1639591,197395,12.04,0.01
816,2021-03-23,SAR,6084,2587,3497,1108,209,976,260,2301,90,1140,5006,1078,ITG,ITG2,20,Sardegna,Sardegna,1639591,203479,12.41,0.37
817,2021-01-05,SAR,1327,446,881,1283,33,11,0,0,0,0,1327,0,ITG,ITG2,20,Sardegna,Sardegna,1639591,204806,12.49,0.08
818,2021-02-04,SAR,2271,816,1455,1737,307,56,170,1,0,0,916,1355,ITG,ITG2,20,Sardegna,Sardegna,1639591,207077,12.63,0.14
819,2021-03-30,SAR,7809,3078,4731,630,224,2334,207,2935,29,1450,5864,1945,ITG,ITG2,20,Sardegna,Sardegna,1639591,214886,13.11,0.48
820,2021-03-07,SAR,1657,750,907,323,227,15,78,1012,0,2,1117,540,ITG,ITG2,20,Sardegna,Sardegna,1639591,216543,13.21,0.1
821,2021-03-02,SAR,2763,1423,1340,1047,277,454,278,321,384,2,1712,1051,ITG,ITG2,20,Sardegna,Sardegna,1639591,219306,13.38,0.17
822,2021-01-03,SAR,90,36,54,89,1,0,0,0,0,0,90,0,ITG,ITG2,20,Sardegna,Sardegna,1639591,219396,13.38,0.01
823,2021-01-30,SAR,3862,1392,2470,2987,500,374,0,1,0,0,362,3500,ITG,ITG2,20,Sardegna,Sardegna,1639591,223258,13.62,0.24
824,2021-01-21,SAR,126,60,66,60,44,22,0,0,0,0,94,32,ITG,ITG2,20,Sardegna,Sardegna,1639591,223384,13.62,0.01
825,2021-02-11,SAR,1315,490,825,588,240,117,369,1,0,0,1204,111,ITG,ITG2,20,Sardegna,Sardegna,1639591,224699,13.7,0.08
826,2021-04-07,SAR,13066,5813,7253,675,260,6217,254,5289,21,350,7635,5431,ITG,ITG2,20,Sardegna,Sardegna,1639591,237765,14.5,0.8
827,2021-04-03,SAR,4318,1669,2649,181,174,964,61,2497,17,424,2586,1732,ITG,ITG2,20,Sardegna,Sardegna,1639591,242083,14.76,0.26
828,2020-12-27,SAR,65,34,31,65,0,0,0,0,0,0,65,0,ITG,ITG2,20,Sardegna,Sardegna,1639591,242148,14.77,0.0
829,2021-02-03,SAR,1119,419,700,920,169,11,19,0,0,0,426,693,ITG,ITG2,20,Sardegna,Sardegna,1639591,243267,14.84,0.07
830,2021-04-14,SAR,7282,3413,3869,144,22,6244,96,758,1,17,6161,1121,ITG,ITG2,20,Sardegna,Sardegna,1639591,250549,15.28,0.44
831,2021-03-17,SAR,6550,2848,3702,1077,452,1030,528,3331,4,128,4941,1609,ITG,ITG2,20,Sardegna,Sardegna,1639591,257099,15.68,0.4
832,2021-01-27,SAR,1408,494,914,1303,75,30,0,0,0,0,79,1329,ITG,ITG2,20,Sardegna,Sardegna,1639591,258507,15.77,0.09
833,2021-02-19,SAR,1495,470,1025,677,336,101,379,1,1,0,1439,56,ITG,ITG2,20,Sardegna,Sardegna,1639591,260002,15.86,0.09
834,2021-04-05,SAR,2030,781,1249,55,35,1086,0,144,16,694,2028,2,ITG,ITG2,20,Sardegna,Sardegna,1639591,262032,15.98,0.12
835,2021-02-08,SAR,1470,533,937,998,315,30,126,1,0,0,856,614,ITG,ITG2,20,Sardegna,Sardegna,1639591,263502,16.07,0.09
836,2021-03-04,SAR,4002,1953,2049,987,309,553,542,1095,474,42,2747,1255,ITG,ITG2,20,Sardegna,Sardegna,1639591,267504,16.32,0.24
837,2020-12-29,SAR,57,32,25,56,1,0,0,0,0,0,57,0,ITG,ITG2,20,Sardegna,Sardegna,1639591,267561,16.32,0.0
838,2021-03-16,SAR,4367,1945,2422,663,180,648,340,2528,0,8,3445,922,ITG,ITG2,20,Sardegna,Sardegna,1639591,271928,16.59,0.27
839,2021-03-26,SAR,7992,3133,4859,842,254,2084,413,2728,151,1520,6471,1521,ITG,ITG2,20,Sardegna,Sardegna,1639591,279920,17.07,0.49
840,2021-01-01,SAR,30,16,14,30,0,0,0,0,0,0,30,0,ITG,ITG2,20,Sardegna,Sardegna,1639591,279950,17.07,0.0
841,2021-02-22,SAR,1637,948,689,606,239,170,180,2,440,0,1409,228,ITG,ITG2,20,Sardegna,Sardegna,1639591,281587,17.17,0.1
842,2021-04-15,SAR,10799,5019,5780,261,70,6522,111,3790,25,20,5975,4824,ITG,ITG2,20,Sardegna,Sardegna,1639591,292386,17.83,0.66
843,2021-01-28,SAR,2968,1044,1924,2554,327,76,0,0,11,0,69,2899,ITG,ITG2,20,Sardegna,Sardegna,1639591,295354,18.01,0.18
844,2021-01-10,SAR,2183,750,1433,1632,228,323,0,0,0,0,2183,0,ITG,ITG2,20,Sardegna,Sardegna,1639591,297537,18.15,0.13
845,2021-03-14,SAR,606,376,230,34,1,235,0,251,73,12,606,0,ITG,ITG2,20,Sardegna,Sardegna,1639591,298143,18.18,0.04
846,2021-04-08,SAR,12943,5677,7266,714,123,7006,61,4718,34,287,8081,4862,ITG,ITG2,20,Sardegna,Sardegna,1639591,311086,18.97,0.79
847,2021-02-14,SAR,539,263,276,286,187,6,57,3,0,0,537,2,ITG,ITG2,20,Sardegna,Sardegna,1639591,311625,19.01,0.03
848,2021-01-06,SAR,1615,549,1066,1510,67,38,0,0,0,0,1615,0,ITG,ITG2,20,Sardegna,Sardegna,1639591,313240,19.1,0.1
849,2021-02-25,SAR,2899,1255,1644,1474,348,390,466,161,51,9,2294,605,ITG,ITG2,20,Sardegna,Sardegna,1639591,316139,19.28,0.18
850,2021-03-12,SAR,5755,2408,3347,1048,482,768,456,2571,271,159,4447,1308,ITG,ITG2,20,Sardegna,Sardegna,1639591,321894,19.63,0.35
851,2021-01-04,SAR,591,217,374,565,15,11,0,0,0,0,591,0,ITG,ITG2,20,Sardegna,Sardegna,1639591,322485,19.67,0.04
852,2021-04-02,SAR,8611,3371,5240,524,199,2523,164,3869,31,1301,5714,2897,ITG,ITG2,20,Sardegna,Sardegna,1639591,331096,20.19,0.53
853,2021-04-16,SAR,9178,4187,4991,314,94,5903,90,2749,8,20,5603,3575,ITG,ITG2,20,Sardegna,Sardegna,1639591,340274,20.75,0.56
854,2020-12-31,SAR,32,16,16,28,0,4,0,0,0,0,32,0,ITG,ITG2,20,Sardegna,Sardegna,1639591,340306,20.76,0.0
855,2021-02-01,SAR,1524,605,919,896,151,400,77,0,0,0,225,1299,ITG,ITG2,20,Sardegna,Sardegna,1639591,341830,20.85,0.09
856,2021-01-19,SAR,747,270,477,423,163,0,160,0,0,1,692,55,ITG,ITG2,20,Sardegna,Sardegna,1639591,342577,20.89,0.05
857,2021-01-24,SAR,90,34,56,89,0,1,0,0,0,0,5,85,ITG,ITG2,20,Sardegna,Sardegna,1639591,342667,20.9,0.01
858,2021-03-24,SAR,7031,2882,4149,739,159,1518,392,2980,184,1059,5673,1358,ITG,ITG2,20,Sardegna,Sardegna,1639591,349698,21.33,0.43
859,2021-03-22,SAR,3493,1323,2170,838,152,412,109,781,66,1135,2981,512,ITG,ITG2,20,Sardegna,Sardegna,1639591,353191,21.54,0.21
860,2021-02-07,SAR,1116,394,722,975,136,5,0,0,0,0,228,888,ITG,ITG2,20,Sardegna,Sardegna,1639591,354307,21.61,0.07
861,2021-04-10,SAR,10080,4541,5539,153,44,6103,11,3542,9,218,8153,1927,ITG,ITG2,20,Sardegna,Sardegna,1639591,364387,22.22,0.61
862,2021-02-06,SAR,1970,697,1273,1544,237,49,139,0,0,1,569,1401,ITG,ITG2,20,Sardegna,Sardegna,1639591,366357,22.34,0.12
863,2021-02-13,SAR,1456,565,891,732,400,65,254,0,0,5,1454,2,ITG,ITG2,20,Sardegna,Sardegna,1639591,367813,22.43,0.09
864,2021-01-18,SAR,904,326,578,714,173,17,0,0,0,0,780,124,ITG,ITG2,20,Sardegna,Sardegna,1639591,368717,22.49,0.06
865,2021-03-26,FVG,5754,2405,3349,496,194,2053,124,2049,87,751,3740,2014,ITH,ITH4,6,Friuli-Venezia Giulia,Friuli Venezia Giulia,1215220,5754,0.47,0.47
866,2021-01-07,FVG,2092,718,1374,1760,1,221,110,0,0,0,2092,0,ITH,ITH4,6,Friuli-Venezia Giulia,Friuli Venezia Giulia,1215220,7846,0.65,0.17
867,2021-03-04,FVG,3425,1591,1834,357,212,39,96,1815,504,402,2783,642,ITH,ITH4,6,Friuli-Venezia Giulia,Friuli Venezia Giulia,1215220,11271,0.93,0.28
868,2021-01-24,FVG,305,119,186,277,0,27,1,0,0,0,1,304,ITH,ITH4,6,Friuli-Venezia Giulia,Friuli Venezia Giulia,1215220,11576,0.95,0.03
869,2021-04-07,FVG,7437,3302,4135,334,294,4651,38,2079,9,32,6653,784,ITH,ITH4,6,Friuli-Venezia Giulia,Friuli Venezia Giulia,1215220,19013,1.56,0.61
870,2021-02-27,FVG,3423,1178,2245,203,140,32,0,1523,25,1500,3422,1,ITH,ITH4,6,Friuli-Venezia Giulia,Friuli Venezia Giulia,1215220,22436,1.85,0.28
871,2021-01-08,FVG,2322,747,1575,1680,5,241,396,0,0,0,2322,0,ITH,ITH4,6,Friuli-Venezia Giulia,Friuli Venezia Giulia,1215220,24758,2.04,0.19
872,2021-02-18,FVG,3212,1489,1723,229,122,16,331,1502,34,978,2806,406,ITH,ITH4,6,Friuli-Venezia Giulia,Friuli Venezia Giulia,1215220,27970,2.3,0.26
873,2021-02-19,FVG,3254,1290,1964,568,309,14,313,1589,35,426,2825,429,ITH,ITH4,6,Friuli-Venezia Giulia,Friuli Venezia Giulia,1215220,31224,2.57,0.27
874,2021-01-02,FVG,1217,471,746,1150,0,67,0,0,0,0,1217,0,ITH,ITH4,6,Friuli-Venezia Giulia,Friuli Venezia Giulia,1215220,32441,2.67,0.1
875,2021-01-14,FVG,2588,789,1799,1608,14,536,430,0,0,0,2588,0,ITH,ITH4,6,Friuli-Venezia Giulia,Friuli Venezia Giulia,1215220,35029,2.88,0.21
876,2021-02-20,FVG,2068,933,1135,11,1,18,148,1584,0,306,1924,144,ITH,ITH4,6,Friuli-Venezia Giulia,Friuli Venezia Giulia,1215220,37097,3.05,0.17
877,2021-03-12,FVG,3936,1542,2394,177,62,116,26,2865,101,589,2556,1380,ITH,ITH4,6,Friuli-Venezia Giulia,Friuli Venezia Giulia,1215220,41033,3.38,0.32
878,2021-01-03,FVG,312,122,190,285,0,26,1,0,0,0,312,0,ITH,ITH4,6,Friuli-Venezia Giulia,Friuli Venezia Giulia,1215220,41345,3.4,0.03
879,2021-02-05,FVG,2613,784,1829,1612,511,0,490,0,0,0,90,2523,ITH,ITH4,6,Friuli-Venezia Giulia,Friuli Venezia Giulia,1215220,43958,3.62,0.22
880,2021-04-13,FVG,5676,2531,3145,266,206,3199,149,1835,5,16,4568,1108,ITH,ITH4,6,Friuli-Venezia Giulia,Friuli Venezia Giulia,1215220,49634,4.08,0.47
881,2021-03-08,FVG,4041,1574,2467,694,366,176,140,2190,39,436,1953,2088,ITH,ITH4,6,Friuli-Venezia Giulia,Friuli Venezia Giulia,1215220,53675,4.42,0.33
882,2021-02-01,FVG,2095,688,1407,1589,254,117,135,0,0,0,15,2080,ITH,ITH4,6,Friuli-Venezia Giulia,Friuli Venezia Giulia,1215220,55770,4.59,0.17
883,2021-02-13,FVG,567,179,388,337,230,0,0,0,0,0,561,6,ITH,ITH4,6,Friuli-Venezia Giulia,Friuli Venezia Giulia,1215220,56337,4.64,0.05
884,2021-02-08,FVG,2357,694,1663,1401,521,0,435,0,0,0,92,2265,ITH,ITH4,6,Friuli-Venezia Giulia,Friuli Venezia Giulia,1215220,58694,4.83,0.19
885,2021-03-30,FVG,7039,3116,3923,416,306,3796,393,1934,54,140,6119,920,ITH,ITH4,6,Friuli-Venezia Giulia,Friuli Venezia Giulia,1215220,65733,5.41,0.58
886,2021-02-12,FVG,1200,428,772,674,392,3,128,2,0,1,1150,50,ITH,ITH4,6,Friuli-Venezia Giulia,Friuli Venezia Giulia,1215220,66933,5.51,0.1
887,2021-04-15,FVG,2531,1109,1422,69,15,1736,35,674,0,2,2250,281,ITH,ITH4,6,Friuli-Venezia Giulia,Friuli Venezia Giulia,1215220,69464,5.72,0.21
888,2021-01-18,FVG,1962,607,1355,1360,4,488,110,0,0,0,1868,94,ITH,ITH4,6,Friuli-Venezia Giulia,Friuli Venezia Giulia,1215220,71426,5.88,0.16
889,2021-01-30,FVG,2271,744,1527,1475,2,352,442,0,0,0,270,2001,ITH,ITH4,6,Friuli-Venezia Giulia,Friuli Venezia Giulia,1215220,73697,6.06,0.19
890,2021-02-03,FVG,2646,790,1856,1701,558,0,386,1,0,0,23,2623,ITH,ITH4,6,Friuli-Venezia Giulia,Friuli Venezia Giulia,1215220,76343,6.28,0.22
891,2021-04-10,FVG,4939,2135,2804,157,126,2418,78,2072,12,76,3718,1221,ITH,ITH4,6,Friuli-Venezia Giulia,Friuli Venezia Giulia,1215220,81282,6.69,0.41
892,2021-03-01,FVG,2958,1042,1916,93,32,68,176,1636,4,949,2905,53,ITH,ITH4,6,Friuli-Venezia Giulia,Friuli Venezia Giulia,1215220,84240,6.93,0.24
893,2021-01-27,FVG,1272,425,847,851,1,356,64,0,0,0,450,822,ITH,ITH4,6,Friuli-Venezia Giulia,Friuli Venezia Giulia,1215220,85512,7.04,0.1
894,2021-02-22,FVG,2493,1196,1297,431,312,15,115,1369,246,5,2075,418,ITH,ITH4,6,Friuli-Venezia Giulia,Friuli Venezia Giulia,1215220,88005,7.24,0.21
895,2021-02-28,FVG,2668,988,1680,234,162,1,0,405,378,1488,2273,395,ITH,ITH4,6,Friuli-Venezia Giulia,Friuli Venezia Giulia,1215220,90673,7.46,0.22
896,2021-02-25,FVG,3075,1607,1468,22,4,125,188,1557,436,743,3050,25,ITH,ITH4,6,Friuli-Venezia Giulia,Friuli Venezia Giulia,1215220,93748,7.71,0.25
897,2021-01-10,FVG,2941,919,2022,1745,6,945,245,0,0,0,2941,0,ITH,ITH4,6,Friuli-Venezia Giulia,Friuli Venezia Giulia,1215220,96689,7.96,0.24
898,2021-01-13,FVG,2651,834,1817,1822,9,590,230,0,0,0,2651,0,ITH,ITH4,6,Friuli-Venezia Giulia,Friuli Venezia Giulia,1215220,99340,8.17,0.22
899,2021-03-29,FVG,6827,2986,3841,236,180,3509,143,2402,46,311,5247,1580,ITH,ITH4,6,Friuli-Venezia Giulia,Friuli Venezia Giulia,1215220,106167,8.74,0.56
900,2021-01-12,FVG,2259,712,1547,1528,19,351,361,0,0,0,2259,0,ITH,ITH4,6,Friuli-Venezia Giulia,Friuli Venezia Giulia,1215220,108426,8.92,0.19
901,2021-03-09,FVG,3863,1590,2273,657,420,102,195,2005,60,424,1110,2753,ITH,ITH4,6,Friuli-Venezia Giulia,Friuli Venezia Giulia,1215220,112289,9.24,0.32
902,2021-01-29,FVG,2413,813,1600,1855,0,321,237,0,0,0,264,2149,ITH,ITH4,6,Friuli-Venezia Giulia,Friuli Venezia Giulia,1215220,114702,9.44,0.2
903,2021-03-22,FVG,3519,1336,2183,149,86,138,206,2471,6,463,1566,1953,ITH,ITH4,6,Friuli-Venezia Giulia,Friuli Venezia Giulia,1215220,118221,9.73,0.29
904,2021-03-31,FVG,7978,3475,4503,168,85,4289,288,2157,112,879,7129,849,ITH,ITH4,6,Friuli-Venezia Giulia,Friuli Venezia Giulia,1215220,126199,10.38,0.66
905,2021-03-28,FVG,4806,2271,2535,13,13,2938,0,425,111,1306,4666,140,ITH,ITH4,6,Friuli-Venezia Giulia,Friuli Venezia Giulia,1215220,131005,10.78,0.4
906,2021-04-02,FVG,6429,2854,3575,356,236,2654,76,3094,10,3,4611,1818,ITH,ITH4,6,Friuli-Venezia Giulia,Friuli Venezia Giulia,1215220,137434,11.31,0.53
907,2021-02-21,FVG,800,281,519,213,166,11,26,382,1,1,423,377,ITH,ITH4,6,Friuli-Venezia Giulia,Friuli Venezia Giulia,1215220,138234,11.38,0.07
908,2021-03-19,FVG,3221,1335,1886,106,47,131,290,2513,0,134,1288,1933,ITH,ITH4,6,Friuli-Venezia Giulia,Friuli Venezia Giulia,1215220,141455,11.64,0.27
909,2021-03-15,FVG,3761,1634,2127,328,253,107,180,2425,234,234,1441,2320,ITH,ITH4,6,Friuli-Venezia Giulia,Friuli Venezia Giulia,1215220,145216,11.95,0.31
910,2021-04-03,FVG,3973,1966,2007,37,25,1495,0,2244,23,149,2647,1326,ITH,ITH4,6,Friuli-Venezia Giulia,Friuli Venezia Giulia,1215220,149189,12.28,0.33
911,2021-02-02,FVG,2467,806,1661,1658,393,0,416,0,0,0,217,2250,ITH,ITH4,6,Friuli-Venezia Giulia,Friuli Venezia Giulia,1215220,151656,12.48,0.2
912,2021-03-06,FVG,3491,1194,2297,182,148,111,1,1565,20,1464,3165,326,ITH,ITH4,6,Friuli-Venezia Giulia,Friuli Venezia Giulia,1215220,155147,12.77,0.29
913,2021-01-17,FVG,1720,524,1196,674,5,555,486,0,0,0,1720,0,ITH,ITH4,6,Friuli-Venezia Giulia,Friuli Venezia Giulia,1215220,156867,12.91,0.14
914,2021-03-16,FVG,3142,1283,1859,327,255,112,244,2203,0,1,1062,2080,ITH,ITH4,6,Friuli-Venezia Giulia,Friuli Venezia Giulia,1215220,160009,13.17,0.26
915,2021-02-09,FVG,1848,556,1292,1053,509,0,286,0,0,0,1559,289,ITH,ITH4,6,Friuli-Venezia Giulia,Friuli Venezia Giulia,1215220,161857,13.32,0.15
916,2021-01-04,FVG,1510,559,951,1392,0,118,0,0,0,0,1510,0,ITH,ITH4,6,Friuli-Venezia Giulia,Friuli Venezia Giulia,1215220,163367,13.44,0.12
917,2021-04-05,FVG,2862,1425,1437,34,22,2196,0,465,24,121,2846,16,ITH,ITH4,6,Friuli-Venezia Giulia,Friuli Venezia Giulia,1215220,166229,13.68,0.24
918,2020-12-30,FVG,630,246,384,601,0,29,0,0,0,0,630,0,ITH,ITH4,6,Friuli-Venezia Giulia,Friuli Venezia Giulia,1215220,166859,13.73,0.05
919,2021-01-19,FVG,7,2,5,5,0,0,2,0,0,0,7,0,ITH,ITH4,6,Friuli-Venezia Giulia,Friuli Venezia Giulia,1215220,166866,13.73,0.0
920,2021-04-16,FVG,798,314,484,23,41,488,121,123,0,2,630,168,ITH,ITH4,6,Friuli-Venezia Giulia,Friuli Venezia Giulia,1215220,167664,13.8,0.07
921,2021-03-24,FVG,3734,1518,2216,180,176,432,140,2318,61,427,2254,1480,ITH,ITH4,6,Friuli-Venezia Giulia,Friuli Venezia Giulia,1215220,171398,14.1,0.31
922,2021-03-23,FVG,3742,1553,2189,320,297,167,240,2448,29,241,1602,2140,ITH,ITH4,6,Friuli-Venezia Giulia,Friuli Venezia Giulia,1215220,175140,14.41,0.31
923,2021-03-25,FVG,5260,2236,3024,53,55,2022,186,2056,53,835,3127,2133,ITH,ITH4,6,Friuli-Venezia Giulia,Friuli Venezia Giulia,1215220,180400,14.85,0.43
924,2021-02-15,FVG,2454,909,1545,700,386,19,315,1034,0,0,2204,250,ITH,ITH4,6,Friuli-Venezia Giulia,Friuli Venezia Giulia,1215220,182854,15.05,0.2
925,2020-12-31,FVG,1053,384,669,1011,0,42,0,0,0,0,1053,0,ITH,ITH4,6,Friuli-Venezia Giulia,Friuli Venezia Giulia,1215220,183907,15.13,0.09
926,2021-02-07,FVG,1561,483,1078,866,693,0,2,0,0,0,386,1175,ITH,ITH4,6,Friuli-Venezia Giulia,Friuli Venezia Giulia,1215220,185468,15.26,0.13
927,2021-03-03,FVG,3642,1628,2014,750,493,72,100,1331,469,427,2364,1278,ITH,ITH4,6,Friuli-Venezia Giulia,Friuli Venezia Giulia,1215220,189110,15.56,0.3
928,2020-12-27,FVG,262,149,113,259,0,3,0,0,0,0,262,0,ITH,ITH4,6,Friuli-Venezia Giulia,Friuli Venezia Giulia,1215220,189372,15.58,0.02
929,2021-02-06,FVG,1154,338,816,755,208,0,191,0,0,0,22,1132,ITH,ITH4,6,Friuli-Venezia Giulia,Friuli Venezia Giulia,1215220,190526,15.68,0.09
930,2021-01-22,FVG,90,30,60,89,0,1,0,0,0,0,0,90,ITH,ITH4,6,Friuli-Venezia Giulia,Friuli Venezia Giulia,1215220,190616,15.69,0.01
931,2021-01-09,FVG,2518,841,1677,1519,2,404,593,0,0,0,2518,0,ITH,ITH4,6,Friuli-Venezia Giulia,Friuli Venezia Giulia,1215220,193134,15.89,0.21
932,2021-03-13,FVG,2934,1119,1815,12,4,12,86,2058,39,723,1661,1273,ITH,ITH4,6,Friuli-Venezia Giulia,Friuli Venezia Giulia,1215220,196068,16.13,0.24
933,2021-01-31,FVG,2715,836,1879,1693,2,1002,18,0,0,0,385,2330,ITH,ITH4,6,Friuli-Venezia Giulia,Friuli Venezia Giulia,1215220,198783,16.36,0.22
934,2021-03-17,FVG,3220,1260,1960,428,219,119,199,2246,3,6,728,2492,ITH,ITH4,6,Friuli-Venezia Giulia,Friuli Venezia Giulia,1215220,202003,16.62,0.26
935,2021-03-27,FVG,4977,2556,2421,60,30,2784,1,1989,15,98,3566,1411,ITH,ITH4,6,Friuli-Venezia Giulia,Friuli Venezia Giulia,1215220,206980,17.03,0.41
936,2021-03-10,FVG,3362,1494,1868,306,244,128,207,1973,309,195,1570,1792,ITH,ITH4,6,Friuli-Venezia Giulia,Friuli Venezia Giulia,1215220,210342,17.31,0.28
937,2021-01-25,FVG,1583,567,1016,1370,0,141,72,0,0,0,194,1389,ITH,ITH4,6,Friuli-Venezia Giulia,Friuli Venezia Giulia,1215220,211925,17.44,0.13
938,2021-03-11,FVG,3327,1393,1934,262,109,47,287,2014,104,504,1578,1749,ITH,ITH4,6,Friuli-Venezia Giulia,Friuli Venezia Giulia,1215220,215252,17.71,0.27
939,2021-01-28,FVG,2236,792,1444,1755,0,287,194,0,0,0,354,1882,ITH,ITH4,6,Friuli-Venezia Giulia,Friuli Venezia Giulia,1215220,217488,17.9,0.18
940,2021-03-14,FVG,1396,548,848,0,1,17,0,247,334,797,1144,252,ITH,ITH4,6,Friuli-Venezia Giulia,Friuli Venezia Giulia,1215220,218884,18.01,0.11
941,2021-02-10,FVG,1352,496,856,745,487,0,119,0,0,1,1266,86,ITH,ITH4,6,Friuli-Venezia Giulia,Friuli Venezia Giulia,1215220,220236,18.12,0.11
942,2021-02-23,FVG,2615,1252,1363,104,44,63,206,1943,254,1,2437,178,ITH,ITH4,6,Friuli-Venezia Giulia,Friuli Venezia Giulia,1215220,222851,18.34,0.22
943,2021-02-26,FVG,3740,2094,1646,75,26,115,453,1739,1033,299,3593,147,ITH,ITH4,6,Friuli-Venezia Giulia,Friuli Venezia Giulia,1215220,226591,18.65,0.31
944,2021-04-12,FVG,6329,2789,3540,224,122,3947,230,1783,4,19,5252,1077,ITH,ITH4,6,Friuli-Venezia Giulia,Friuli Venezia Giulia,1215220,232920,19.17,0.52
945,2021-03-21,FVG,2600,937,1663,6,3,112,0,1333,27,1119,2192,408,ITH,ITH4,6,Friuli-Venezia Giulia,Friuli Venezia Giulia,1215220,235520,19.38,0.21
946,2021-01-15,FVG,2028,606,1422,1283,6,364,375,0,0,0,2028,0,ITH,ITH4,6,Friuli-Venezia Giulia,Friuli Venezia Giulia,1215220,237548,19.55,0.17
947,2021-04-08,FVG,7049,2958,4091,242,126,3473,231,2940,4,33,5135,1914,ITH,ITH4,6,Friuli-Venezia Giulia,Friuli Venezia Giulia,1215220,244597,20.13,0.58
948,2021-01-26,FVG,1973,647,1326,1440,0,152,381,0,0,0,214,1759,ITH,ITH4,6,Friuli-Venezia Giulia,Friuli Venezia Giulia,1215220,246570,20.29,0.16
949,2021-01-21,FVG,895,345,550,864,0,31,0,0,0,0,1,894,ITH,ITH4,6,Friuli-Venezia Giulia,Friuli Venezia Giulia,1215220,247465,20.36,0.07
950,2021-04-11,FVG,2753,1218,1535,213,75,1239,0,1203,6,17,1848,905,ITH,ITH4,6,Friuli-Venezia Giulia,Friuli Venezia Giulia,1215220,250218,20.59,0.23
951,2021-03-18,FVG,3362,1420,1942,60,22,282,130,2864,0,4,1680,1682,ITH,ITH4,6,Friuli-Venezia Giulia,Friuli Venezia Giulia,1215220,253580,20.87,0.28
952,2021-03-05,FVG,3741,1481,2260,1050,652,42,70,1735,46,146,2668,1073,ITH,ITH4,6,Friuli-Venezia Giulia,Friuli Venezia Giulia,1215220,257321,21.17,0.31
953,2021-01-20,FVG,751,323,428,719,1,31,0,0,0,0,12,739,ITH,ITH4,6,Friuli-Venezia Giulia,Friuli Venezia Giulia,1215220,258072,21.24,0.06
954,2021-01-05,FVG,1680,551,1129,1350,1,132,197,0,0,0,1680,0,ITH,ITH4,6,Friuli-Venezia Giulia,Friuli Venezia Giulia,1215220,259752,21.37,0.14
955,2021-01-23,FVG,816,324,492,768,1,47,0,0,0,0,4,812,ITH,ITH4,6,Friuli-Venezia Giulia,Friuli Venezia Giulia,1215220,260568,21.44,0.07
956,2021-03-07,FVG,2537,926,1611,1,1,157,0,143,453,1782,2536,1,ITH,ITH4,6,Friuli-Venezia Giulia,Friuli Venezia Giulia,1215220,263105,21.65,0.21
957,2021-03-02,FVG,4220,1518,2702,1163,658,19,203,1538,5,634,2717,1503,ITH,ITH4,6,Friuli-Venezia Giulia,Friuli Venezia Giulia,1215220,267325,22.0,0.35
958,2021-04-09,FVG,7524,3441,4083,286,167,4395,71,2583,0,22,6341,1183,ITH,ITH4,6,Friuli-Venezia Giulia,Friuli Venezia Giulia,1215220,274849,22.62,0.62
959,2021-02-24,FVG,2518,1082,1436,23,5,48,310,1835,0,297,2500,18,ITH,ITH4,6,Friuli-Venezia Giulia,Friuli Venezia Giulia,1215220,277367,22.82,0.21
960,2021-04-14,FVG,5648,2480,3168,286,172,3331,46,1809,1,3,4433,1215,ITH,ITH4,6,Friuli-Venezia Giulia,Friuli Venezia Giulia,1215220,283015,23.29,0.46
961,2021-02-04,FVG,2731,807,1924,1723,543,0,465,0,0,0,36,2695,ITH,ITH4,6,Friuli-Venezia Giulia,Friuli Venezia Giulia,1215220,285746,23.51,0.22
962,2021-04-06,FVG,6124,2710,3414,247,192,2917,52,2668,19,29,5006,1118,ITH,ITH4,6,Friuli-Venezia Giulia,Friuli Venezia Giulia,1215220,291870,24.02,0.5
963,2021-02-11,FVG,1935,665,1270,1134,566,2,229,3,1,0,1742,193,ITH,ITH4,6,Friuli-Venezia Giulia,Friuli Venezia Giulia,1215220,293805,24.18,0.16
964,2021-03-20,FVG,3346,1353,1993,413,274,25,8,2381,179,66,1252,2094,ITH,ITH4,6,Friuli-Venezia Giulia,Friuli Venezia Giulia,1215220,297151,24.45,0.28
965,2021-01-16,FVG,1231,360,871,771,1,211,248,0,0,0,1231,0,ITH,ITH4,6,Friuli-Venezia Giulia,Friuli Venezia Giulia,1215220,298382,24.55,0.1
966,2021-04-01,FVG,6264,2968,3296,170,109,3589,193,2052,57,94,5250,1014,ITH,ITH4,6,Friuli-Venezia Giulia,Friuli Venezia Giulia,1215220,304646,25.07,0.52
967,2021-01-06,FVG,710,264,446,515,0,195,0,0,0,0,710,0,ITH,ITH4,6,Friuli-Venezia Giulia,Friuli Venezia Giulia,1215220,305356,25.13,0.06
968,2021-02-17,FVG,2352,998,1354,328,178,15,230,1555,46,0,1873,479,ITH,ITH4,6,Friuli-Venezia Giulia,Friuli Venezia Giulia,1215220,307708,25.32,0.19
969,2021-02-16,FVG,2516,1135,1381,260,244,31,221,1760,0,0,2400,116,ITH,ITH4,6,Friuli-Venezia Giulia,Friuli Venezia Giulia,1215220,310224,25.53,0.21
970,2021-01-11,FVG,1883,609,1274,1501,3,333,46,0,0,0,1883,0,ITH,ITH4,6,Friuli-Venezia Giulia,Friuli Venezia Giulia,1215220,312107,25.68,0.15
971,2021-04-04,CAL,1735,875,860,34,0,1110,22,502,0,67,1236,499,ITF,ITF6,18,Calabria,Calabria,1947131,1735,0.09,0.09
972,2021-02-25,CAL,2821,1519,1302,736,49,587,234,863,348,4,2242,579,ITF,ITF6,18,Calabria,Calabria,1947131,4556,0.23,0.14
973,2021-03-16,CAL,3777,1850,1927,460,5,1121,22,2081,58,30,2179,1598,ITF,ITF6,18,Calabria,Calabria,1947131,8333,0.43,0.19
974,2021-01-30,CAL,2173,1147,1026,1974,0,199,0,0,0,0,358,1815,ITF,ITF6,18,Calabria,Calabria,1947131,10506,0.54,0.11
975,2021-01-12,CAL,2058,1017,1041,1706,0,323,29,0,0,0,2058,0,ITF,ITF6,18,Calabria,Calabria,1947131,12564,0.65,0.11
976,2021-04-02,CAL,8078,3689,4389,361,21,3085,597,2764,96,1154,4215,3863,ITF,ITF6,18,Calabria,Calabria,1947131,20642,1.06,0.41
977,2021-02-11,CAL,2341,1043,1298,1464,71,565,241,0,0,0,1081,1260,ITF,ITF6,18,Calabria,Calabria,1947131,22983,1.18,0.12
978,2021-04-14,CAL,7994,3867,4127,172,5,6059,128,1424,36,170,6528,1466,ITF,ITF6,18,Calabria,Calabria,1947131,30977,1.59,0.41
979,2021-03-07,CAL,3131,1561,1570,105,0,655,348,1674,347,2,3042,89,ITF,ITF6,18,Calabria,Calabria,1947131,34108,1.75,0.16
980,2021-03-05,CAL,6171,3565,2606,696,33,1557,710,1856,1314,5,5595,576,ITF,ITF6,18,Calabria,Calabria,1947131,40279,2.07,0.32
981,2020-12-27,CAL,275,150,125,274,0,1,0,0,0,0,275,0,ITF,ITF6,18,Calabria,Calabria,1947131,40554,2.08,0.01
982,2021-03-18,CAL,4246,1979,2267,360,49,1320,232,2196,44,45,2277,1969,ITF,ITF6,18,Calabria,Calabria,1947131,44800,2.3,0.22
983,2021-03-19,CAL,4186,1947,2239,486,5,1327,293,1965,8,102,1900,2286,ITF,ITF6,18,Calabria,Calabria,1947131,48986,2.52,0.21
984,2021-03-08,CAL,5323,2822,2501,708,25,1794,453,1517,823,3,4265,1058,ITF,ITF6,18,Calabria,Calabria,1947131,54309,2.79,0.27
985,2021-01-29,CAL,2048,984,1064,1752,4,243,49,0,0,0,234,1814,ITF,ITF6,18,Calabria,Calabria,1947131,56357,2.89,0.11
986,2021-01-10,CAL,929,524,405,830,0,99,0,0,0,0,929,0,ITF,ITF6,18,Calabria,Calabria,1947131,57286,2.94,0.05
987,2021-02-28,CAL,2168,983,1185,113,8,144,190,1707,6,0,2017,151,ITF,ITF6,18,Calabria,Calabria,1947131,59454,3.05,0.11
988,2021-01-27,CAL,1457,734,723,1226,2,206,23,0,0,0,396,1061,ITF,ITF6,18,Calabria,Calabria,1947131,60911,3.13,0.07
989,2021-03-31,CAL,8824,4006,4818,378,10,3174,629,2513,68,2052,4884,3940,ITF,ITF6,18,Calabria,Calabria,1947131,69735,3.58,0.45
990,2021-02-07,CAL,860,428,432,567,15,197,81,0,0,0,147,713,ITF,ITF6,18,Calabria,Calabria,1947131,70595,3.63,0.04
991,2021-01-23,CAL,400,186,214,325,1,51,23,0,0,0,358,42,ITF,ITF6,18,Calabria,Calabria,1947131,70995,3.65,0.02
992,2021-03-25,CAL,7001,3315,3686,291,34,2933,428,2158,57,1100,4484,2517,ITF,ITF6,18,Calabria,Calabria,1947131,77996,4.01,0.36
993,2021-02-10,CAL,2463,1074,1389,1469,66,571,357,0,0,0,839,1624,ITF,ITF6,18,Calabria,Calabria,1947131,80459,4.13,0.13
994,2021-02-15,CAL,1137,538,599,499,26,386,159,66,0,1,989,148,ITF,ITF6,18,Calabria,Calabria,1947131,81596,4.19,0.06
995,2021-01-09,CAL,1916,1036,880,1529,0,387,0,0,0,0,1916,0,ITF,ITF6,18,Calabria,Calabria,1947131,83512,4.29,0.1
996,2021-01-21,CAL,958,444,514,735,1,107,115,0,0,0,929,29,ITF,ITF6,18,Calabria,Calabria,1947131,84470,4.34,0.05
997,2021-03-14,CAL,2543,1018,1525,322,2,374,312,802,9,722,2143,400,ITF,ITF6,18,Calabria,Calabria,1947131,87013,4.47,0.13
998,2021-02-09,CAL,2147,904,1243,1422,220,274,231,0,0,0,948,1199,ITF,ITF6,18,Calabria,Calabria,1947131,89160,4.58,0.11
999,2021-02-08,CAL,1847,733,1114,1214,158,354,121,0,0,0,661,1186,ITF,ITF6,18,Calabria,Calabria,1947131,91007,4.67,0.09
1000,2021-03-20,CAL,6482,2982,3500,432,7,1583,398,3562,34,466,4094,2388,ITF,ITF6,18,Calabria,Calabria,1947131,97489,5.01,0.33
1001,2021-02-24,CAL,1843,940,903,658,7,359,115,653,47,4,1368,475,ITF,ITF6,18,Calabria,Calabria,1947131,99332,5.1,0.09
1002,2021-01-22,CAL,656,274,382,298,4,244,110,0,0,0,654,2,ITF,ITF6,18,Calabria,Calabria,1947131,99988,5.14,0.03
1003,2021-02-03,CAL,2763,1428,1335,2170,22,468,103,0,0,0,583,2180,ITF,ITF6,18,Calabria,Calabria,1947131,102751,5.28,0.14
1004,2021-01-13,CAL,2028,1022,1006,1800,0,194,34,0,0,0,2028,0,ITF,ITF6,18,Calabria,Calabria,1947131,104779,5.38,0.1
1005,2021-03-13,CAL,6657,2933,3724,425,44,1334,338,3766,65,685,5683,974,ITF,ITF6,18,Calabria,Calabria,1947131,111436,5.72,0.34
1006,2021-04-11,CAL,4078,1858,2220,135,2,1999,50,1719,7,166,2139,1939,ITF,ITF6,18,Calabria,Calabria,1947131,115514,5.93,0.21
1007,2021-02-06,CAL,2910,1338,1572,2095,30,537,248,0,0,0,442,2468,ITF,ITF6,18,Calabria,Calabria,1947131,118424,6.08,0.15
1008,2021-03-04,CAL,5389,3111,2278,646,105,1312,731,1540,1053,2,4593,796,ITF,ITF6,18,Calabria,Calabria,1947131,123813,6.36,0.28
1009,2021-01-31,CAL,1108,554,554,765,1,284,58,0,0,0,155,953,ITF,ITF6,18,Calabria,Calabria,1947131,124921,6.42,0.06
1010,2021-03-28,CAL,2534,1172,1362,127,20,1216,26,719,14,412,1404,1130,ITF,ITF6,18,Calabria,Calabria,1947131,127455,6.55,0.13
1011,2021-01-19,CAL,1109,488,621,853,8,172,76,0,0,0,1098,11,ITF,ITF6,18,Calabria,Calabria,1947131,128564,6.6,0.06
1012,2021-03-29,CAL,5629,2381,3248,206,6,2560,134,1111,32,1580,3876,1753,ITF,ITF6,18,Calabria,Calabria,1947131,134193,6.89,0.29
1013,2021-03-09,CAL,5824,3032,2792,803,23,1918,419,1769,874,18,4847,977,ITF,ITF6,18,Calabria,Calabria,1947131,140017,7.19,0.3
1014,2021-02-05,CAL,3796,1709,2087,2327,298,617,554,0,0,0,488,3308,ITF,ITF6,18,Calabria,Calabria,1947131,143813,7.39,0.19
1015,2021-03-03,CAL,4871,2655,2216,631,110,1047,917,1369,793,4,3808,1063,ITF,ITF6,18,Calabria,Calabria,1947131,148684,7.64,0.25
1016,2021-04-06,CAL,7202,3230,3972,376,6,3091,444,2448,33,804,4134,3068,ITF,ITF6,18,Calabria,Calabria,1947131,155886,8.01,0.37
1017,2021-02-18,CAL,1801,804,997,586,55,454,299,346,0,61,1578,223,ITF,ITF6,18,Calabria,Calabria,1947131,157687,8.1,0.09
1018,2021-02-13,CAL,1331,583,748,731,18,470,111,1,0,0,968,363,ITF,ITF6,18,Calabria,Calabria,1947131,159018,8.17,0.07
1019,2021-01-25,CAL,1065,512,553,1022,0,43,0,0,0,0,156,909,ITF,ITF6,18,Calabria,Calabria,1947131,160083,8.22,0.05
1020,2021-03-10,CAL,6445,3280,3165,743,42,2312,586,2021,677,64,5252,1193,ITF,ITF6,18,Calabria,Calabria,1947131,166528,8.55,0.33
1021,2021-04-15,CAL,7386,3622,3764,160,6,5845,146,1022,12,195,5782,1604,ITF,ITF6,18,Calabria,Calabria,1947131,173914,8.93,0.38
1022,2021-02-19,CAL,1461,652,809,544,21,320,195,380,1,0,1200,261,ITF,ITF6,18,Calabria,Calabria,1947131,175375,9.01,0.08
1023,2021-04-12,CAL,6694,3262,3432,219,11,4628,269,1434,29,104,5092,1602,ITF,ITF6,18,Calabria,Calabria,1947131,182069,9.35,0.34
1024,2021-02-12,CAL,1711,669,1042,815,42,718,136,0,0,0,943,768,ITF,ITF6,18,Calabria,Calabria,1947131,183780,9.44,0.09
1025,2021-02-04,CAL,3391,1623,1768,2560,38,571,222,0,0,0,644,2747,ITF,ITF6,18,Calabria,Calabria,1947131,187171,9.61,0.17
1026,2021-01-17,CAL,867,418,449,527,9,283,48,0,0,0,801,66,ITF,ITF6,18,Calabria,Calabria,1947131,188038,9.66,0.04
1027,2021-04-16,CAL,5925,2890,3035,219,36,4884,86,524,23,153,4875,1050,ITF,ITF6,18,Calabria,Calabria,1947131,193963,9.96,0.3
1028,2021-03-12,CAL,5093,2438,2655,468,26,1300,217,1963,333,786,4050,1043,ITF,ITF6,18,Calabria,Calabria,1947131,199056,10.22,0.26
1029,2021-02-20,CAL,1358,735,623,438,23,388,55,433,19,2,1043,315,ITF,ITF6,18,Calabria,Calabria,1947131,200414,10.29,0.07
1030,2021-02-27,CAL,3680,1913,1767,421,37,551,395,1972,302,2,3302,378,ITF,ITF6,18,Calabria,Calabria,1947131,204094,10.48,0.19
1031,2021-03-02,CAL,4136,2395,1741,705,58,677,427,1390,877,2,3427,709,ITF,ITF6,18,Calabria,Calabria,1947131,208230,10.69,0.21
1032,2021-01-04,CAL,997,492,505,969,0,28,0,0,0,0,997,0,ITF,ITF6,18,Calabria,Calabria,1947131,209227,10.75,0.05
1033,2021-01-11,CAL,2154,1040,1114,1759,0,392,3,0,0,0,2154,0,ITF,ITF6,18,Calabria,Calabria,1947131,211381,10.86,0.11
1034,2021-03-01,CAL,2689,1534,1155,399,6,416,257,971,637,3,2239,450,ITF,ITF6,18,Calabria,Calabria,1947131,214070,10.99,0.14
1035,2021-02-01,CAL,2497,1192,1305,2044,4,406,43,0,0,0,248,2249,ITF,ITF6,18,Calabria,Calabria,1947131,216567,11.12,0.13
1036,2021-02-14,CAL,371,145,226,146,13,129,83,0,0,0,341,30,ITF,ITF6,18,Calabria,Calabria,1947131,216938,11.14,0.02
1037,2021-03-27,CAL,8267,3753,4514,306,4,3198,144,3191,24,1400,4457,3810,ITF,ITF6,18,Calabria,Calabria,1947131,225205,11.57,0.42
1038,2021-04-09,CAL,7819,3664,4155,342,23,4647,407,2071,23,306,4906,2913,ITF,ITF6,18,Calabria,Calabria,1947131,233024,11.97,0.4
1039,2021-03-15,CAL,3508,1675,1833,542,38,894,136,1146,165,587,2079,1429,ITF,ITF6,18,Calabria,Calabria,1947131,236532,12.15,0.18
1040,2021-02-17,CAL,1682,672,1010,674,21,322,285,299,0,81,1471,211,ITF,ITF6,18,Calabria,Calabria,1947131,238214,12.23,0.09
1041,2021-04-03,CAL,8820,3788,5032,363,3,2617,353,4820,42,622,4203,4617,ITF,ITF6,18,Calabria,Calabria,1947131,247034,12.69,0.45
1042,2021-01-08,CAL,2109,1014,1095,1898,0,211,0,0,0,0,2109,0,ITF,ITF6,18,Calabria,Calabria,1947131,249143,12.8,0.11
1043,2021-02-02,CAL,2289,1112,1177,1863,4,347,75,0,0,0,177,2112,ITF,ITF6,18,Calabria,Calabria,1947131,251432,12.91,0.12
1044,2021-01-14,CAL,2557,1214,1343,1962,0,592,3,0,0,0,2557,0,ITF,ITF6,18,Calabria,Calabria,1947131,253989,13.04,0.13
1045,2021-04-05,CAL,3445,1627,1818,133,3,1835,148,1181,11,134,2544,901,ITF,ITF6,18,Calabria,Calabria,1947131,257434,13.22,0.18
1046,2021-01-06,CAL,926,500,426,822,0,104,0,0,0,0,926,0,ITF,ITF6,18,Calabria,Calabria,1947131,258360,13.27,0.05
1047,2021-01-26,CAL,1805,861,944,1571,18,146,70,0,0,0,285,1520,ITF,ITF6,18,Calabria,Calabria,1947131,260165,13.36,0.09
1048,2021-01-03,CAL,6,3,3,4,0,2,0,0,0,0,6,0,ITF,ITF6,18,Calabria,Calabria,1947131,260171,13.36,0.0
1049,2021-04-13,CAL,6489,3197,3292,245,25,4728,28,1272,85,106,5231,1258,ITF,ITF6,18,Calabria,Calabria,1947131,266660,13.7,0.33
1050,2021-01-20,CAL,1395,622,773,864,6,346,179,0,0,0,1394,1,ITF,ITF6,18,Calabria,Calabria,1947131,268055,13.77,0.07
1051,2021-03-11,CAL,6877,3278,3599,934,25,2039,570,2380,329,600,5621,1256,ITF,ITF6,18,Calabria,Calabria,1947131,274932,14.12,0.35
1052,2021-02-16,CAL,1534,643,891,659,11,506,240,118,0,0,1255,279,ITF,ITF6,18,Calabria,Calabria,1947131,276466,14.2,0.08
1053,2021-02-21,CAL,608,286,322,36,28,136,47,331,30,0,531,77,ITF,ITF6,18,Calabria,Calabria,1947131,277074,14.23,0.03
1054,2021-01-07,CAL,2180,1061,1119,1883,0,297,0,0,0,0,2180,0,ITF,ITF6,18,Calabria,Calabria,1947131,279254,14.34,0.11
1055,2021-03-21,CAL,4364,1883,2481,135,0,1128,200,2127,29,745,2662,1702,ITF,ITF6,18,Calabria,Calabria,1947131,283618,14.57,0.22
1056,2021-04-08,CAL,9373,4408,4965,451,25,4737,524,3302,30,304,5695,3678,ITF,ITF6,18,Calabria,Calabria,1947131,292991,15.05,0.48
1057,2021-04-10,CAL,11174,5032,6142,424,5,4407,447,5562,26,303,6343,4831,ITF,ITF6,18,Calabria,Calabria,1947131,304165,15.62,0.57
1058,2021-03-22,CAL,4708,2203,2505,194,10,1198,147,1994,40,1125,3041,1667,ITF,ITF6,18,Calabria,Calabria,1947131,308873,15.86,0.24
1059,2021-01-18,CAL,1230,550,680,982,0,237,11,0,0,0,1040,190,ITF,ITF6,18,Calabria,Calabria,1947131,310103,15.93,0.06
1060,2021-03-06,CAL,7954,4060,3894,702,69,1804,758,3799,816,6,7198,756,ITF,ITF6,18,Calabria,Calabria,1947131,318057,16.33,0.41
1061,2021-01-28,CAL,2232,1107,1125,1920,1,311,0,0,0,0,84,2148,ITF,ITF6,18,Calabria,Calabria,1947131,320289,16.45,0.11
1062,2021-04-07,CAL,6177,2798,3379,193,12,2930,395,2093,15,539,3629,2548,ITF,ITF6,18,Calabria,Calabria,1947131,326466,16.77,0.32
1063,2021-02-23,CAL,1549,728,821,437,33,348,206,522,2,1,1434,115,ITF,ITF6,18,Calabria,Calabria,1947131,328015,16.85,0.08
1064,2021-03-26,CAL,7644,3625,4019,511,21,3412,211,2382,68,1039,4531,3113,ITF,ITF6,18,Calabria,Calabria,1947131,335659,17.24,0.39
1065,2021-01-02,CAL,165,94,71,165,0,0,0,0,0,0,165,0,ITF,ITF6,18,Calabria,Calabria,1947131,335824,17.25,0.01
1066,2021-01-24,CAL,44,18,26,15,0,3,26,0,0,0,39,5,ITF,ITF6,18,Calabria,Calabria,1947131,335868,17.25,0.0
1067,2020-12-28,CAL,6,2,4,6,0,0,0,0,0,0,6,0,ITF,ITF6,18,Calabria,Calabria,1947131,335874,17.25,0.0
1068,2021-04-01,CAL,8350,3772,4578,455,36,3118,669,2915,41,1116,3848,4502,ITF,ITF6,18,Calabria,Calabria,1947131,344224,17.68,0.43
1069,2021-03-24,CAL,7366,3360,4006,386,23,2326,696,2375,65,1495,4190,3176,ITF,ITF6,18,Calabria,Calabria,1947131,351590,18.06,0.38
1070,2021-03-23,CAL,5207,2442,2765,280,4,1847,47,1869,77,1083,3409,1798,ITF,ITF6,18,Calabria,Calabria,1947131,356797,18.32,0.27
1071,2021-01-05,CAL,1350,618,732,1256,0,94,0,0,0,0,1350,0,ITF,ITF6,18,Calabria,Calabria,1947131,358147,18.39,0.07
1072,2021-03-17,CAL,3637,1623,2014,277,49,931,165,2095,26,94,1939,1698,ITF,ITF6,18,Calabria,Calabria,1947131,361784,18.58,0.19
1073,2021-02-26,CAL,3079,1631,1448,539,57,631,407,1147,294,4,2611,468,ITF,ITF6,18,Calabria,Calabria,1947131,364863,18.74,0.16
1074,2021-01-16,CAL,2394,1120,1274,1664,22,467,241,0,0,0,2394,0,ITF,ITF6,18,Calabria,Calabria,1947131,367257,18.86,0.12
1075,2021-03-30,CAL,5788,2486,3302,166,7,2369,200,1883,42,1121,3195,2593,ITF,ITF6,18,Calabria,Calabria,1947131,373045,19.16,0.3
1076,2021-02-22,CAL,1997,1013,984,728,48,495,166,552,3,5,1441,556,ITF,ITF6,18,Calabria,Calabria,1947131,375042,19.26,0.1
1077,2021-01-15,CAL,2793,1258,1535,1690,35,656,412,0,0,0,2793,0,ITF,ITF6,18,Calabria,Calabria,1947131,377835,19.4,0.14
1078,2021-02-03,PAB,1503,478,1025,666,341,107,321,68,0,0,5,1498,ITH,ITH1,4,Provincia Autonoma Bolzano / Bozen,P.A. Bolzano,533050,1503,0.28,0.28
1079,2021-01-04,PAB,508,201,307,420,49,35,4,0,0,0,508,0,ITH,ITH1,4,Provincia Autonoma Bolzano / Bozen,P.A. Bolzano,533050,2011,0.38,0.1
1080,2021-02-20,PAB,1502,471,1031,196,53,30,24,469,1,729,1484,18,ITH,ITH1,4,Provincia Autonoma Bolzano / Bozen,P.A. Bolzano,533050,3513,0.66,0.28
1081,2021-01-07,PAB,916,327,589,618,106,133,0,59,0,0,916,0,ITH,ITH1,4,Provincia Autonoma Bolzano / Bozen,P.A. Bolzano,533050,4429,0.83,0.17
1082,2021-04-16,PAB,2713,1290,1423,190,33,2336,5,100,19,30,2289,424,ITH,ITH1,4,Provincia Autonoma Bolzano / Bozen,P.A. Bolzano,533050,7142,1.34,0.51
1083,2021-02-05,PAB,3192,1179,2013,760,504,399,441,1088,0,0,8,3184,ITH,ITH1,4,Provincia Autonoma Bolzano / Bozen,P.A. Bolzano,533050,10334,1.94,0.6
1084,2021-04-10,PAB,5388,2664,2724,146,53,4612,2,541,12,22,4801,587,ITH,ITH1,4,Provincia Autonoma Bolzano / Bozen,P.A. Bolzano,533050,15722,2.95,1.01
1085,2021-02-06,PAB,2626,1171,1455,452,43,580,6,1544,0,1,18,2608,ITH,ITH1,4,Provincia Autonoma Bolzano / Bozen,P.A. Bolzano,533050,18348,3.44,0.49
1086,2021-03-11,PAB,1681,823,858,89,97,482,72,367,239,335,1143,538,ITH,ITH1,4,Provincia Autonoma Bolzano / Bozen,P.A. Bolzano,533050,20029,3.76,0.32
1087,2021-02-26,PAB,1393,496,897,62,32,112,2,852,0,333,1363,30,ITH,ITH1,4,Provincia Autonoma Bolzano / Bozen,P.A. Bolzano,533050,21422,4.02,0.26
1088,2021-03-06,PAB,3967,2079,1888,479,161,713,7,1969,257,381,3756,211,ITH,ITH1,4,Provincia Autonoma Bolzano / Bozen,P.A. Bolzano,533050,25389,4.76,0.74
1089,2021-01-22,PAB,243,139,104,131,8,15,85,3,0,1,124,119,ITH,ITH1,4,Provincia Autonoma Bolzano / Bozen,P.A. Bolzano,533050,25632,4.81,0.05
1090,2021-03-13,PAB,2885,1459,1426,168,53,1264,1,1290,89,20,2784,101,ITH,ITH1,4,Provincia Autonoma Bolzano / Bozen,P.A. Bolzano,533050,28517,5.35,0.54
1091,2021-01-19,PAB,852,370,482,174,54,45,0,579,0,0,722,130,ITH,ITH1,4,Provincia Autonoma Bolzano / Bozen,P.A. Bolzano,533050,29369,5.51,0.16
1092,2021-02-01,PAB,1446,438,1008,769,313,66,296,0,1,1,12,1434,ITH,ITH1,4,Provincia Autonoma Bolzano / Bozen,P.A. Bolzano,533050,30815,5.78,0.27
1093,2021-04-05,PAB,301,144,157,5,3,218,0,70,4,1,23,278,ITH,ITH1,4,Provincia Autonoma Bolzano / Bozen,P.A. Bolzano,533050,31116,5.84,0.06
1094,2021-04-02,PAB,2077,837,1240,189,64,828,60,919,0,17,720,1357,ITH,ITH1,4,Provincia Autonoma Bolzano / Bozen,P.A. Bolzano,533050,33193,6.23,0.39
1095,2021-04-03,PAB,831,364,467,9,6,14,0,799,3,0,22,809,ITH,ITH1,4,Provincia Autonoma Bolzano / Bozen,P.A. Bolzano,533050,34024,6.38,0.16
1096,2021-04-12,PAB,2101,943,1158,32,11,1963,0,93,0,2,2095,6,ITH,ITH1,4,Provincia Autonoma Bolzano / Bozen,P.A. Bolzano,533050,36125,6.78,0.39
1097,2021-03-20,PAB,1757,848,909,115,47,619,9,961,5,1,1132,625,ITH,ITH1,4,Provincia Autonoma Bolzano / Bozen,P.A. Bolzano,533050,37882,7.11,0.33
1098,2021-02-12,PAB,730,217,513,322,69,223,106,8,2,0,482,248,ITH,ITH1,4,Provincia Autonoma Bolzano / Bozen,P.A. Bolzano,533050,38612,7.24,0.14
1099,2021-02-22,PAB,526,143,383,342,66,103,0,5,0,10,514,12,ITH,ITH1,4,Provincia Autonoma Bolzano / Bozen,P.A. Bolzano,533050,39138,7.34,0.1
1100,2021-01-02,PAB,91,48,43,69,1,21,0,0,0,0,91,0,ITH,ITH1,4,Provincia Autonoma Bolzano / Bozen,P.A. Bolzano,533050,39229,7.36,0.02
1101,2020-12-30,PAB,387,181,206,342,41,4,0,0,0,0,387,0,ITH,ITH1,4,Provincia Autonoma Bolzano / Bozen,P.A. Bolzano,533050,39616,7.43,0.07
1102,2021-01-11,PAB,1564,512,1052,582,282,371,175,154,0,0,1564,0,ITH,ITH1,4,Provincia Autonoma Bolzano / Bozen,P.A. Bolzano,533050,41180,7.73,0.29
1103,2021-04-09,PAB,2921,1289,1632,337,109,2078,102,277,4,14,2192,729,ITH,ITH1,4,Provincia Autonoma Bolzano / Bozen,P.A. Bolzano,533050,44101,8.27,0.55
1104,2021-03-01,PAB,910,217,693,11,2,157,5,0,0,735,910,0,ITH,ITH1,4,Provincia Autonoma Bolzano / Bozen,P.A. Bolzano,533050,45011,8.44,0.17
1105,2021-02-16,PAB,529,205,324,10,1,6,0,512,0,0,529,0,ITH,ITH1,4,Provincia Autonoma Bolzano / Bozen,P.A. Bolzano,533050,45540,8.54,0.1
1106,2021-01-06,PAB,59,18,41,59,0,0,0,0,0,0,59,0,ITH,ITH1,4,Provincia Autonoma Bolzano / Bozen,P.A. Bolzano,533050,45599,8.55,0.01
1107,2021-03-04,PAB,1703,998,705,301,79,527,39,40,455,262,1474,229,ITH,ITH1,4,Provincia Autonoma Bolzano / Bozen,P.A. Bolzano,533050,47302,8.87,0.32
1108,2021-02-13,PAB,318,79,239,126,57,127,7,1,0,0,312,6,ITH,ITH1,4,Provincia Autonoma Bolzano / Bozen,P.A. Bolzano,533050,47620,8.93,0.06
1109,2021-02-24,PAB,1365,405,960,10,3,0,0,0,8,1344,1353,12,ITH,ITH1,4,Provincia Autonoma Bolzano / Bozen,P.A. Bolzano,533050,48985,9.19,0.26
1110,2021-03-09,PAB,1194,543,651,29,6,96,22,922,72,47,1192,2,ITH,ITH1,4,Provincia Autonoma Bolzano / Bozen,P.A. Bolzano,533050,50179,9.41,0.22
1111,2021-02-02,PAB,1745,506,1239,630,370,131,605,9,0,0,8,1737,ITH,ITH1,4,Provincia Autonoma Bolzano / Bozen,P.A. Bolzano,533050,51924,9.74,0.33
1112,2021-01-14,PAB,1905,567,1338,520,430,360,290,305,0,0,1905,0,ITH,ITH1,4,Provincia Autonoma Bolzano / Bozen,P.A. Bolzano,533050,53829,10.1,0.36
1113,2021-02-08,PAB,2,1,1,0,0,1,0,1,0,0,1,1,ITH,ITH1,4,Provincia Autonoma Bolzano / Bozen,P.A. Bolzano,533050,53831,10.1,0.0
1114,2021-03-10,PAB,1261,524,737,659,9,261,0,134,80,118,1118,143,ITH,ITH1,4,Provincia Autonoma Bolzano / Bozen,P.A. Bolzano,533050,55092,10.34,0.24
1115,2021-03-05,PAB,1802,613,1189,337,95,292,59,770,9,240,1360,442,ITH,ITH1,4,Provincia Autonoma Bolzano / Bozen,P.A. Bolzano,533050,56894,10.67,0.34
1116,2021-01-27,PAB,84,28,56,54,26,4,0,0,0,0,1,83,ITH,ITH1,4,Provincia Autonoma Bolzano / Bozen,P.A. Bolzano,533050,56978,10.69,0.02
1117,2021-03-03,PAB,1166,391,775,12,5,9,6,345,51,738,1153,13,ITH,ITH1,4,Provincia Autonoma Bolzano / Bozen,P.A. Bolzano,533050,58144,10.91,0.22
1118,2021-01-15,PAB,3276,1226,2050,607,307,740,342,1280,0,0,3276,0,ITH,ITH1,4,Provincia Autonoma Bolzano / Bozen,P.A. Bolzano,533050,61420,11.52,0.61
1119,2021-01-09,PAB,612,326,286,76,28,422,74,12,0,0,612,0,ITH,ITH1,4,Provincia Autonoma Bolzano / Bozen,P.A. Bolzano,533050,62032,11.64,0.11
1120,2021-03-21,PAB,768,285,483,165,17,16,1,566,0,3,14,754,ITH,ITH1,4,Provincia Autonoma Bolzano / Bozen,P.A. Bolzano,533050,62800,11.78,0.14
1121,2021-01-13,PAB,1691,557,1134,446,309,501,270,165,0,0,1691,0,ITH,ITH1,4,Provincia Autonoma Bolzano / Bozen,P.A. Bolzano,533050,64491,12.1,0.32
1122,2021-01-08,PAB,1514,476,1038,787,167,291,168,101,0,0,1514,0,ITH,ITH1,4,Provincia Autonoma Bolzano / Bozen,P.A. Bolzano,533050,66005,12.38,0.28
1123,2021-02-19,PAB,1969,450,1519,121,139,111,80,7,0,1511,1958,11,ITH,ITH1,4,Provincia Autonoma Bolzano / Bozen,P.A. Bolzano,533050,67974,12.75,0.37
1124,2021-02-18,PAB,1646,401,1245,23,44,270,20,4,0,1285,1642,4,ITH,ITH1,4,Provincia Autonoma Bolzano / Bozen,P.A. Bolzano,533050,69620,13.06,0.31
1125,2021-02-25,PAB,1498,549,949,22,5,335,0,731,0,405,1497,1,ITH,ITH1,4,Provincia Autonoma Bolzano / Bozen,P.A. Bolzano,533050,71118,13.34,0.28
1126,2021-03-29,PAB,989,423,566,10,2,230,0,709,25,13,230,759,ITH,ITH1,4,Provincia Autonoma Bolzano / Bozen,P.A. Bolzano,533050,72107,13.53,0.19
1127,2021-03-19,PAB,1903,772,1131,158,53,563,15,1100,0,14,797,1106,ITH,ITH1,4,Provincia Autonoma Bolzano / Bozen,P.A. Bolzano,533050,74010,13.88,0.36
1128,2021-03-15,PAB,848,295,553,293,94,386,13,56,2,4,366,482,ITH,ITH1,4,Provincia Autonoma Bolzano / Bozen,P.A. Bolzano,533050,74858,14.04,0.16
1129,2021-03-30,PAB,1298,532,766,51,4,133,153,920,10,27,218,1080,ITH,ITH1,4,Provincia Autonoma Bolzano / Bozen,P.A. Bolzano,533050,76156,14.29,0.24
1130,2020-12-31,PAB,911,518,393,477,61,373,0,0,0,0,911,0,ITH,ITH1,4,Provincia Autonoma Bolzano / Bozen,P.A. Bolzano,533050,77067,14.46,0.17
1131,2021-03-14,PAB,758,336,422,130,11,26,33,557,1,0,25,733,ITH,ITH1,4,Provincia Autonoma Bolzano / Bozen,P.A. Bolzano,533050,77825,14.6,0.14
1132,2021-01-30,PAB,498,245,253,217,44,136,101,0,0,0,4,494,ITH,ITH1,4,Provincia Autonoma Bolzano / Bozen,P.A. Bolzano,533050,78323,14.69,0.09
1133,2021-01-18,PAB,1769,686,1083,388,102,253,7,1019,0,0,1764,5,ITH,ITH1,4,Provincia Autonoma Bolzano / Bozen,P.A. Bolzano,533050,80092,15.03,0.33
1134,2021-03-27,PAB,3047,1552,1495,322,32,1208,0,1436,3,46,1541,1506,ITH,ITH1,4,Provincia Autonoma Bolzano / Bozen,P.A. Bolzano,533050,83139,15.6,0.57
1135,2021-03-31,PAB,1831,693,1138,420,300,647,16,426,6,16,818,1013,ITH,ITH1,4,Provincia Autonoma Bolzano / Bozen,P.A. Bolzano,533050,84970,15.94,0.34
1136,2021-03-08,PAB,1200,526,674,23,10,278,166,720,0,3,1173,27,ITH,ITH1,4,Provincia Autonoma Bolzano / Bozen,P.A. Bolzano,533050,86170,16.17,0.23
1137,2021-01-10,PAB,2,2,0,1,0,1,0,0,0,0,2,0,ITH,ITH1,4,Provincia Autonoma Bolzano / Bozen,P.A. Bolzano,533050,86172,16.17,0.0
1138,2021-01-24,PAB,12,10,2,1,0,11,0,0,0,0,0,12,ITH,ITH1,4,Provincia Autonoma Bolzano / Bozen,P.A. Bolzano,533050,86184,16.17,0.0
1139,2021-04-08,PAB,2746,1334,1412,47,31,2472,118,75,1,2,2549,197,ITH,ITH1,4,Provincia Autonoma Bolzano / Bozen,P.A. Bolzano,533050,88930,16.68,0.52
1140,2021-03-02,PAB,684,194,490,1,0,0,0,0,7,676,684,0,ITH,ITH1,4,Provincia Autonoma Bolzano / Bozen,P.A. Bolzano,533050,89614,16.81,0.13
1141,2021-01-20,PAB,617,252,365,287,51,22,0,257,0,0,409,208,ITH,ITH1,4,Provincia Autonoma Bolzano / Bozen,P.A. Bolzano,533050,90231,16.93,0.12
1142,2021-02-17,PAB,4,1,3,1,0,2,0,1,0,0,2,2,ITH,ITH1,4,Provincia Autonoma Bolzano / Bozen,P.A. Bolzano,533050,90235,16.93,0.0
1143,2021-02-23,PAB,768,323,445,0,0,58,0,625,0,85,762,6,ITH,ITH1,4,Provincia Autonoma Bolzano / Bozen,P.A. Bolzano,533050,91003,17.07,0.14
1144,2021-04-14,PAB,3533,1613,1920,417,114,2808,18,124,22,30,3495,38,ITH,ITH1,4,Provincia Autonoma Bolzano / Bozen,P.A. Bolzano,533050,94536,17.73,0.66
1145,2021-03-07,PAB,114,13,101,59,28,23,0,3,0,1,9,105,ITH,ITH1,4,Provincia Autonoma Bolzano / Bozen,P.A. Bolzano,533050,94650,17.76,0.02
1146,2021-01-23,PAB,197,117,80,191,0,6,0,0,0,0,0,197,ITH,ITH1,4,Provincia Autonoma Bolzano / Bozen,P.A. Bolzano,533050,94847,17.79,0.04
1147,2021-04-06,PAB,2042,1024,1018,107,45,1691,130,62,4,3,1940,102,ITH,ITH1,4,Provincia Autonoma Bolzano / Bozen,P.A. Bolzano,533050,96889,18.18,0.38
1148,2021-01-17,PAB,2328,1044,1284,56,38,212,37,1985,0,0,2317,11,ITH,ITH1,4,Provincia Autonoma Bolzano / Bozen,P.A. Bolzano,533050,99217,18.61,0.44
1149,2021-02-04,PAB,1927,587,1340,650,505,125,433,214,0,0,8,1919,ITH,ITH1,4,Provincia Autonoma Bolzano / Bozen,P.A. Bolzano,533050,101144,18.97,0.36
1150,2021-01-03,PAB,41,16,25,33,5,2,0,1,0,0,41,0,ITH,ITH1,4,Provincia Autonoma Bolzano / Bozen,P.A. Bolzano,533050,101185,18.98,0.01
1151,2021-01-26,PAB,810,291,519,673,129,8,0,0,0,0,1,809,ITH,ITH1,4,Provincia Autonoma Bolzano / Bozen,P.A. Bolzano,533050,101995,19.13,0.15
1152,2021-02-11,PAB,1090,430,660,213,91,266,104,416,0,0,239,851,ITH,ITH1,4,Provincia Autonoma Bolzano / Bozen,P.A. Bolzano,533050,103085,19.34,0.2
1153,2021-02-10,PAB,1635,604,1031,489,165,232,1,748,0,0,26,1609,ITH,ITH1,4,Provincia Autonoma Bolzano / Bozen,P.A. Bolzano,533050,104720,19.65,0.31
1154,2021-01-29,PAB,1496,510,986,882,282,31,295,2,0,4,23,1473,ITH,ITH1,4,Provincia Autonoma Bolzano / Bozen,P.A. Bolzano,533050,106216,19.93,0.28
1155,2021-03-18,PAB,1299,530,769,50,15,161,48,1025,0,0,223,1076,ITH,ITH1,4,Provincia Autonoma Bolzano / Bozen,P.A. Bolzano,533050,107515,20.17,0.24
1156,2021-04-11,PAB,2719,1291,1428,46,6,2509,2,83,10,63,2541,178,ITH,ITH1,4,Provincia Autonoma Bolzano / Bozen,P.A. Bolzano,533050,110234,20.68,0.51
1157,2021-01-28,PAB,868,307,561,584,186,27,69,0,2,0,10,858,ITH,ITH1,4,Provincia Autonoma Bolzano / Bozen,P.A. Bolzano,533050,111102,20.84,0.16
1158,2021-03-22,PAB,1133,514,619,2,0,929,0,192,10,0,1129,4,ITH,ITH1,4,Provincia Autonoma Bolzano / Bozen,P.A. Bolzano,533050,112235,21.06,0.21
1159,2021-02-27,PAB,2457,759,1698,202,86,43,8,882,3,1233,2447,10,ITH,ITH1,4,Provincia Autonoma Bolzano / Bozen,P.A. Bolzano,533050,114692,21.52,0.46
1160,2021-01-25,PAB,487,183,304,401,68,14,0,1,2,1,3,484,ITH,ITH1,4,Provincia Autonoma Bolzano / Bozen,P.A. Bolzano,533050,115179,21.61,0.09
1161,2021-04-07,PAB,1774,802,972,127,75,1055,55,452,8,2,1237,537,ITH,ITH1,4,Provincia Autonoma Bolzano / Bozen,P.A. Bolzano,533050,116953,21.94,0.33
1162,2021-03-26,PAB,1630,716,914,20,14,622,68,905,0,1,509,1121,ITH,ITH1,4,Provincia Autonoma Bolzano / Bozen,P.A. Bolzano,533050,118583,22.25,0.31
1163,2021-03-16,PAB,776,308,468,25,30,39,48,634,0,0,123,653,ITH,ITH1,4,Provincia Autonoma Bolzano / Bozen,P.A. Bolzano,533050,119359,22.39,0.15
1164,2021-03-12,PAB,1658,734,924,149,123,690,73,435,87,101,1251,407,ITH,ITH1,4,Provincia Autonoma Bolzano / Bozen,P.A. Bolzano,533050,121017,22.7,0.31
1165,2021-02-09,PAB,317,126,191,64,16,6,2,227,0,2,1,316,ITH,ITH1,4,Provincia Autonoma Bolzano / Bozen,P.A. Bolzano,533050,121334,22.76,0.06
1166,2021-03-17,PAB,580,213,367,11,6,35,46,482,0,0,579,1,ITH,ITH1,4,Provincia Autonoma Bolzano / Bozen,P.A. Bolzano,533050,121914,22.87,0.11
1167,2021-04-01,PAB,2782,1405,1377,238,95,1708,43,598,35,65,2638,144,ITH,ITH1,4,Provincia Autonoma Bolzano / Bozen,P.A. Bolzano,533050,124696,23.39,0.52
1168,2021-04-13,PAB,2391,1130,1261,23,3,2327,1,29,2,6,2383,8,ITH,ITH1,4,Provincia Autonoma Bolzano / Bozen,P.A. Bolzano,533050,127087,23.84,0.45
1169,2021-01-16,PAB,2820,1253,1567,435,93,269,77,1945,0,1,2820,0,ITH,ITH1,4,Provincia Autonoma Bolzano / Bozen,P.A. Bolzano,533050,129907,24.37,0.53
1170,2021-02-07,PAB,2361,1057,1304,102,75,379,68,1737,0,0,14,2347,ITH,ITH1,4,Provincia Autonoma Bolzano / Bozen,P.A. Bolzano,533050,132268,24.81,0.44
1171,2021-01-21,PAB,952,442,510,750,88,14,68,27,5,0,139,813,ITH,ITH1,4,Provincia Autonoma Bolzano / Bozen,P.A. Bolzano,533050,133220,24.99,0.18
1172,2021-04-15,PAB,4385,2298,2087,119,44,3850,38,173,43,118,4130,255,ITH,ITH1,4,Provincia Autonoma Bolzano / Bozen,P.A. Bolzano,533050,137605,25.81,0.82
1173,2021-03-25,PAB,2116,1050,1066,209,68,1406,32,299,56,46,1696,420,ITH,ITH1,4,Provincia Autonoma Bolzano / Bozen,P.A. Bolzano,533050,139721,26.21,0.4
1174,2021-03-23,PAB,1552,759,793,0,0,1246,0,215,57,34,1551,1,ITH,ITH1,4,Provincia Autonoma Bolzano / Bozen,P.A. Bolzano,533050,141273,26.5,0.29
1175,2021-03-24,PAB,2040,977,1063,13,11,1678,5,247,57,29,2027,13,ITH,ITH1,4,Provincia Autonoma Bolzano / Bozen,P.A. Bolzano,533050,143313,26.89,0.38
1176,2021-01-05,PAB,830,286,544,734,61,35,0,0,0,0,830,0,ITH,ITH1,4,Provincia Autonoma Bolzano / Bozen,P.A. Bolzano,533050,144143,27.04,0.16
1177,2020-12-27,PAB,144,65,79,139,2,2,0,1,0,0,144,0,ITH,ITH1,4,Provincia Autonoma Bolzano / Bozen,P.A. Bolzano,533050,144287,27.07,0.03
1178,2021-03-28,PAB,569,212,357,45,38,15,0,469,0,2,11,558,ITH,ITH1,4,Provincia Autonoma Bolzano / Bozen,P.A. Bolzano,533050,144856,27.17,0.11
1179,2021-01-12,PAB,1709,459,1250,369,228,537,479,96,0,0,1709,0,ITH,ITH1,4,Provincia Autonoma Bolzano / Bozen,P.A. Bolzano,533050,146565,27.5,0.32
1180,2021-02-15,PAB,72,42,30,17,2,8,40,5,0,0,26,46,ITH,ITH1,4,Provincia Autonoma Bolzano / Bozen,P.A. Bolzano,533050,146637,27.51,0.01
1181,2021-01-01,PAB,2,2,0,2,0,0,0,0,0,0,2,0,ITH,ITH1,4,Provincia Autonoma Bolzano / Bozen,P.A. Bolzano,533050,146639,27.51,0.0
1182,2021-02-05,VEN,8367,2533,5834,4298,679,1202,2163,7,5,13,1423,6944,ITH,ITH3,5,Veneto,Veneto,4905854,8367,0.17,0.17
1183,2021-03-29,VEN,31199,13489,17710,603,118,11607,466,17709,253,443,27345,3854,ITH,ITH3,5,Veneto,Veneto,4905854,39566,0.81,0.64
1184,2021-01-02,VEN,5742,1765,3977,4798,147,248,544,2,0,3,5742,0,ITH,ITH3,5,Veneto,Veneto,4905854,45308,0.92,0.12
1185,2021-03-15,VEN,16516,7189,9327,1386,37,3365,372,9239,148,1969,11301,5215,ITH,ITH3,5,Veneto,Veneto,4905854,61824,1.26,0.34
1186,2021-01-13,VEN,5986,1607,4379,2795,430,868,1888,3,0,2,5986,0,ITH,ITH3,5,Veneto,Veneto,4905854,67810,1.38,0.12
1187,2021-03-21,VEN,11975,4752,7223,1564,51,3515,42,4244,31,2528,8516,3459,ITH,ITH3,5,Veneto,Veneto,4905854,79785,1.63,0.24
1188,2021-03-11,VEN,19571,8665,10906,1649,138,3629,888,9323,284,3660,13991,5580,ITH,ITH3,5,Veneto,Veneto,4905854,99356,2.03,0.4
1189,2021-01-07,VEN,8359,2318,6041,5470,460,588,1804,35,0,2,8359,0,ITH,ITH3,5,Veneto,Veneto,4905854,107715,2.2,0.17
1190,2021-03-09,VEN,16414,7365,9049,1285,142,2502,735,8545,261,2944,10139,6275,ITH,ITH3,5,Veneto,Veneto,4905854,124129,2.53,0.33
1191,2021-03-18,VEN,12578,5125,7453,1472,230,2011,494,7503,13,855,7355,5223,ITH,ITH3,5,Veneto,Veneto,4905854,136707,2.79,0.26
1192,2021-02-23,VEN,7364,3243,4121,1020,64,442,245,5343,67,183,7104,260,ITH,ITH3,5,Veneto,Veneto,4905854,144071,2.94,0.15
1193,2021-03-01,VEN,9384,3710,5674,2045,145,969,954,2611,141,2519,7562,1822,ITH,ITH3,5,Veneto,Veneto,4905854,153455,3.13,0.19
1194,2021-02-16,VEN,6631,2868,3763,726,109,294,478,5020,1,3,6452,179,ITH,ITH3,5,Veneto,Veneto,4905854,160086,3.26,0.14
1195,2021-02-17,VEN,6020,2771,3249,423,19,262,361,4946,5,4,5926,94,ITH,ITH3,5,Veneto,Veneto,4905854,166106,3.39,0.12
1196,2021-02-26,VEN,8273,3262,5011,1775,205,829,742,4379,28,315,7022,1251,ITH,ITH3,5,Veneto,Veneto,4905854,174379,3.55,0.17
1197,2021-03-04,VEN,12749,4720,8029,3136,386,1360,1399,3414,222,2832,9330,3419,ITH,ITH3,5,Veneto,Veneto,4905854,187128,3.81,0.26
1198,2021-02-22,VEN,6988,3028,3960,754,44,205,342,5400,0,243,6601,387,ITH,ITH3,5,Veneto,Veneto,4905854,194116,3.96,0.14
1199,2021-02-28,VEN,4136,1389,2747,1719,30,1365,15,992,0,15,3299,837,ITH,ITH3,5,Veneto,Veneto,4905854,198252,4.04,0.08
1200,2021-01-26,VEN,6914,2089,4825,5345,221,366,976,0,1,5,154,6760,ITH,ITH3,5,Veneto,Veneto,4905854,205166,4.18,0.14
1201,2021-02-04,VEN,7316,2014,5302,3464,455,992,2380,19,0,6,553,6763,ITH,ITH3,5,Veneto,Veneto,4905854,212482,4.33,0.15
1202,2021-03-10,VEN,18851,8566,10285,1483,70,3254,560,9049,288,4147,13168,5683,ITH,ITH3,5,Veneto,Veneto,4905854,231333,4.72,0.38
1203,2021-03-06,VEN,10523,4260,6263,3152,48,2521,1490,1968,16,1328,7325,3198,ITH,ITH3,5,Veneto,Veneto,4905854,241856,4.93,0.21
1204,2021-01-22,VEN,1080,332,748,947,35,38,57,0,0,3,25,1055,ITH,ITH3,5,Veneto,Veneto,4905854,242936,4.95,0.02
1205,2021-02-08,VEN,4973,1540,3433,2819,274,689,1175,12,0,4,1930,3043,ITH,ITH3,5,Veneto,Veneto,4905854,247909,5.05,0.1
1206,2021-01-31,VEN,4765,1560,3205,3693,153,531,377,5,2,4,393,4372,ITH,ITH3,5,Veneto,Veneto,4905854,252674,5.15,0.1
1207,2021-03-17,VEN,14595,5960,8635,1966,170,2673,300,8776,10,700,7830,6765,ITH,ITH3,5,Veneto,Veneto,4905854,267269,5.45,0.3
1208,2021-02-09,VEN,5175,1876,3299,3099,313,548,1190,19,0,6,3444,1731,ITH,ITH3,5,Veneto,Veneto,4905854,272444,5.55,0.11
1209,2021-01-09,VEN,7930,2538,5392,5181,336,820,1573,3,11,6,7930,0,ITH,ITH3,5,Veneto,Veneto,4905854,280374,5.72,0.16
1210,2021-01-29,VEN,9006,2783,6223,6049,479,1034,1434,3,1,6,367,8639,ITH,ITH3,5,Veneto,Veneto,4905854,289380,5.9,0.18
1211,2021-03-03,VEN,11984,4547,7437,3339,303,1166,1222,3376,236,2342,8490,3494,ITH,ITH3,5,Veneto,Veneto,4905854,301364,6.14,0.24
1212,2021-03-31,VEN,38003,15884,22119,1613,90,16094,807,18872,122,405,30558,7445,ITH,ITH3,5,Veneto,Veneto,4905854,339367,6.92,0.77
1213,2021-01-01,VEN,1527,471,1056,1496,0,27,1,0,0,3,1527,0,ITH,ITH3,5,Veneto,Veneto,4905854,340894,6.95,0.03
1214,2021-04-13,VEN,13570,6138,7432,691,93,7302,287,5129,2,66,8134,5436,ITH,ITH3,5,Veneto,Veneto,4905854,354464,7.23,0.28
1215,2021-02-21,VEN,4625,1204,3421,495,0,7,18,417,2,3686,4620,5,ITH,ITH3,5,Veneto,Veneto,4905854,359089,7.32,0.09
1216,2021-03-14,VEN,15139,5910,9229,2400,210,4982,100,3750,41,3656,14244,895,ITH,ITH3,5,Veneto,Veneto,4905854,374228,7.63,0.31
1217,2021-02-07,VEN,2314,861,1453,1945,11,304,50,2,0,2,714,1600,ITH,ITH3,5,Veneto,Veneto,4905854,376542,7.68,0.05
1218,2021-01-04,VEN,6729,2030,4699,5249,181,379,913,1,0,6,6729,0,ITH,ITH3,5,Veneto,Veneto,4905854,383271,7.81,0.14
1219,2021-01-03,VEN,5159,1563,3596,4598,59,251,249,0,0,2,5159,0,ITH,ITH3,5,Veneto,Veneto,4905854,388430,7.92,0.11
1220,2021-01-18,VEN,2764,777,1987,1225,234,304,992,8,0,1,2565,199,ITH,ITH3,5,Veneto,Veneto,4905854,391194,7.97,0.06
1221,2020-12-30,VEN,699,245,454,598,12,48,39,0,0,2,699,0,ITH,ITH3,5,Veneto,Veneto,4905854,391893,7.99,0.01
1222,2021-02-18,VEN,5790,2444,3346,954,74,289,667,3798,0,8,5726,64,ITH,ITH3,5,Veneto,Veneto,4905854,397683,8.11,0.12
1223,2021-02-01,VEN,8523,2491,6032,4212,495,1437,2105,264,0,10,165,8358,ITH,ITH3,5,Veneto,Veneto,4905854,406206,8.28,0.17
1224,2021-01-19,VEN,1309,472,837,726,83,167,326,7,0,0,1160,149,ITH,ITH3,5,Veneto,Veneto,4905854,407515,8.31,0.03
1225,2021-03-12,VEN,18531,8101,10430,2010,225,3777,755,8047,215,3502,11813,6718,ITH,ITH3,5,Veneto,Veneto,4905854,426046,8.68,0.38
1226,2021-03-30,VEN,35635,15096,20539,775,117,16461,580,17159,72,471,30380,5255,ITH,ITH3,5,Veneto,Veneto,4905854,461681,9.41,0.73
1227,2021-01-21,VEN,2290,719,1571,1986,48,112,141,0,0,3,21,2269,ITH,ITH3,5,Veneto,Veneto,4905854,463971,9.46,0.05
1228,2021-02-03,VEN,5935,1660,4275,2853,428,901,1744,3,0,6,481,5454,ITH,ITH3,5,Veneto,Veneto,4905854,469906,9.58,0.12
1229,2021-01-30,VEN,8745,2671,6074,6282,307,897,1234,4,12,9,694,8051,ITH,ITH3,5,Veneto,Veneto,4905854,478651,9.76,0.18
1230,2021-02-27,VEN,8985,2691,6294,2254,38,528,63,1963,11,4128,8136,849,ITH,ITH3,5,Veneto,Veneto,4905854,487636,9.94,0.18
1231,2020-12-31,VEN,3218,1042,2176,2700,77,187,252,0,0,2,3218,0,ITH,ITH3,5,Veneto,Veneto,4905854,490854,10.01,0.07
1232,2021-04-05,VEN,19138,8373,10765,621,7,12482,327,5517,8,176,13688,5450,ITH,ITH3,5,Veneto,Veneto,4905854,509992,10.4,0.39
1233,2021-02-13,VEN,3267,1474,1793,1569,75,181,1438,3,0,1,3247,20,ITH,ITH3,5,Veneto,Veneto,4905854,513259,10.46,0.07
1234,2021-01-27,VEN,7140,2065,5075,5210,211,829,879,2,0,9,245,6895,ITH,ITH3,5,Veneto,Veneto,4905854,520399,10.61,0.15
1235,2021-01-05,VEN,7332,2184,5148,5418,304,482,1122,0,1,5,7332,0,ITH,ITH3,5,Veneto,Veneto,4905854,527731,10.76,0.15
1236,2021-01-20,VEN,1038,368,670,695,58,69,213,2,0,1,386,652,ITH,ITH3,5,Veneto,Veneto,4905854,528769,10.78,0.02
1237,2021-04-04,VEN,7764,3523,4241,23,0,6401,0,1325,2,13,6614,1150,ITH,ITH3,5,Veneto,Veneto,4905854,536533,10.94,0.16
1238,2021-02-12,VEN,4313,1447,2866,2767,141,729,659,6,3,8,3741,572,ITH,ITH3,5,Veneto,Veneto,4905854,540846,11.02,0.09
1239,2021-01-25,VEN,6467,2075,4392,5061,152,342,904,6,0,2,167,6300,ITH,ITH3,5,Veneto,Veneto,4905854,547313,11.16,0.13
1240,2021-02-06,VEN,4091,1352,2739,3040,171,506,367,3,0,4,709,3382,ITH,ITH3,5,Veneto,Veneto,4905854,551404,11.24,0.08
1241,2021-01-24,VEN,4117,1219,2898,3753,17,120,222,1,0,4,28,4089,ITH,ITH3,5,Veneto,Veneto,4905854,555521,11.32,0.08
1242,2021-02-02,VEN,6404,1843,4561,2974,533,747,1994,153,0,3,391,6013,ITH,ITH3,5,Veneto,Veneto,4905854,561925,11.45,0.13
1243,2021-03-05,VEN,13170,4908,8262,3541,268,1751,1429,3089,138,2954,9588,3582,ITH,ITH3,5,Veneto,Veneto,4905854,575095,11.72,0.27
1244,2021-01-11,VEN,7238,2100,5138,3499,503,1024,1956,248,0,8,7238,0,ITH,ITH3,5,Veneto,Veneto,4905854,582333,11.87,0.15
1245,2021-01-15,VEN,5862,1818,4044,2981,460,840,1565,9,3,4,5862,0,ITH,ITH3,5,Veneto,Veneto,4905854,588195,11.99,0.12
1246,2021-04-11,VEN,20856,8808,12048,1003,11,11208,83,8205,2,344,14547,6309,ITH,ITH3,5,Veneto,Veneto,4905854,609051,12.41,0.43
1247,2021-04-12,VEN,14568,6173,8395,492,27,6943,122,6030,14,940,6453,8115,ITH,ITH3,5,Veneto,Veneto,4905854,623619,12.71,0.3
1248,2021-04-16,VEN,17796,7758,10038,539,113,9301,242,7505,4,92,8074,9722,ITH,ITH3,5,Veneto,Veneto,4905854,641415,13.07,0.36
1249,2021-03-22,VEN,18061,8115,9946,1192,125,6689,549,6705,309,2492,13016,5045,ITH,ITH3,5,Veneto,Veneto,4905854,659476,13.44,0.37
1250,2021-03-23,VEN,22004,10136,11868,1112,206,10070,671,6698,382,2865,17364,4640,ITH,ITH3,5,Veneto,Veneto,4905854,681480,13.89,0.45
1251,2021-03-24,VEN,21911,9416,12495,1190,241,5949,806,10425,205,3095,15105,6806,ITH,ITH3,5,Veneto,Veneto,4905854,703391,14.34,0.45
1252,2021-04-10,VEN,27162,11838,15324,581,44,15201,399,10816,7,114,18691,8471,ITH,ITH3,5,Veneto,Veneto,4905854,730553,14.89,0.55
1253,2021-04-02,VEN,23474,10317,13157,1059,60,11815,364,9853,25,298,17217,6257,ITH,ITH3,5,Veneto,Veneto,4905854,754027,15.37,0.48
1254,2020-12-27,VEN,880,395,485,875,0,4,0,0,0,1,880,0,ITH,ITH3,5,Veneto,Veneto,4905854,754907,15.39,0.02
1255,2021-04-03,VEN,21691,9503,12188,1345,39,11485,150,8534,9,129,13958,7733,ITH,ITH3,5,Veneto,Veneto,4905854,776598,15.83,0.44
1256,2021-03-08,VEN,13488,6153,7335,713,56,1953,384,7166,270,2946,9429,4059,ITH,ITH3,5,Veneto,Veneto,4905854,790086,16.1,0.27
1257,2021-04-15,VEN,19916,8229,11687,617,91,9454,439,8626,3,686,9142,10774,ITH,ITH3,5,Veneto,Veneto,4905854,810002,16.51,0.41
1258,2021-01-28,VEN,9206,2662,6544,6479,360,904,1451,7,0,5,175,9031,ITH,ITH3,5,Veneto,Veneto,4905854,819208,16.7,0.19
1259,2021-04-08,VEN,31659,14023,17636,844,100,19499,565,10179,31,441,23831,7828,ITH,ITH3,5,Veneto,Veneto,4905854,850867,17.34,0.65
1260,2021-03-16,VEN,12464,5329,7135,1391,106,2627,485,7721,5,129,6854,5610,ITH,ITH3,5,Veneto,Veneto,4905854,863331,17.6,0.25
1261,2021-02-25,VEN,7895,3338,4557,1541,252,292,472,4937,105,296,7293,602,ITH,ITH3,5,Veneto,Veneto,4905854,871226,17.76,0.16
1262,2021-03-26,VEN,29352,12979,16373,1262,374,13885,1210,10385,313,1923,23870,5482,ITH,ITH3,5,Veneto,Veneto,4905854,900578,18.36,0.6
1263,2021-02-10,VEN,4749,1587,3162,3172,228,566,775,6,0,2,3697,1052,ITH,ITH3,5,Veneto,Veneto,4905854,905327,18.45,0.1
1264,2021-01-10,VEN,5030,1669,3361,3850,166,546,462,3,2,1,5030,0,ITH,ITH3,5,Veneto,Veneto,4905854,910357,18.56,0.1
1265,2021-02-19,VEN,7295,3122,4173,1543,175,534,665,4366,3,9,7093,202,ITH,ITH3,5,Veneto,Veneto,4905854,917652,18.71,0.15
1266,2021-01-06,VEN,8132,2385,5747,6339,170,801,808,2,2,10,8132,0,ITH,ITH3,5,Veneto,Veneto,4905854,925784,18.87,0.17
1267,2021-02-14,VEN,125,56,69,97,1,27,0,0,0,0,112,13,ITH,ITH3,5,Veneto,Veneto,4905854,925909,18.87,0.0
1268,2021-03-27,VEN,31885,13895,17990,2019,41,14899,169,13176,32,1549,26052,5833,ITH,ITH3,5,Veneto,Veneto,4905854,957794,19.52,0.65
1269,2021-02-15,VEN,4386,1821,2565,485,65,164,383,3273,14,2,4145,241,ITH,ITH3,5,Veneto,Veneto,4905854,962180,19.61,0.09
1270,2021-01-08,VEN,9402,2834,6568,5986,590,1003,1807,3,1,12,9402,0,ITH,ITH3,5,Veneto,Veneto,4905854,971582,19.8,0.19
1271,2021-01-16,VEN,4607,1542,3065,3194,274,482,657,0,0,0,4607,0,ITH,ITH3,5,Veneto,Veneto,4905854,976189,19.9,0.09
1272,2021-03-20,VEN,12815,5310,7505,694,31,4737,320,4729,7,2297,10719,2096,ITH,ITH3,5,Veneto,Veneto,4905854,989004,20.16,0.26
1273,2021-01-14,VEN,7060,1923,5137,3239,526,783,2491,17,0,4,7060,0,ITH,ITH3,5,Veneto,Veneto,4905854,996064,20.3,0.14
1274,2021-04-01,VEN,24071,10479,13592,950,157,12155,583,10065,9,152,17702,6369,ITH,ITH3,5,Veneto,Veneto,4905854,1020135,20.79,0.49
1275,2021-03-19,VEN,13764,5658,8106,1887,151,2907,512,7573,16,718,7673,6091,ITH,ITH3,5,Veneto,Veneto,4905854,1033899,21.07,0.28
1276,2021-01-17,VEN,1932,780,1152,1588,40,179,120,3,0,2,1583,349,ITH,ITH3,5,Veneto,Veneto,4905854,1035831,21.11,0.04
1277,2021-04-07,VEN,35127,15769,19358,1591,334,26568,689,5568,20,357,27814,7313,ITH,ITH3,5,Veneto,Veneto,4905854,1070958,21.83,0.72
1278,2021-04-14,VEN,14793,6423,8370,768,89,8396,181,5222,6,131,8432,6361,ITH,ITH3,5,Veneto,Veneto,4905854,1085751,22.13,0.3
1279,2021-02-11,VEN,4014,1240,2774,2663,156,387,789,10,1,8,3384,630,ITH,ITH3,5,Veneto,Veneto,4905854,1089765,22.21,0.08
1280,2021-04-06,VEN,27890,12813,15077,422,46,21509,387,5418,5,103,22822,5068,ITH,ITH3,5,Veneto,Veneto,4905854,1117655,22.78,0.57
1281,2021-02-24,VEN,8611,3677,4934,1585,227,483,521,5592,189,14,8126,485,ITH,ITH3,5,Veneto,Veneto,4905854,1126266,22.96,0.18
1282,2021-03-28,VEN,31282,13601,17681,1440,45,16622,172,10537,28,2438,27589,3693,ITH,ITH3,5,Veneto,Veneto,4905854,1157548,23.6,0.64
1283,2021-01-12,VEN,5231,1516,3715,2251,359,688,1753,175,0,5,5231,0,ITH,ITH3,5,Veneto,Veneto,4905854,1162779,23.7,0.11
1284,2021-03-07,VEN,4453,1742,2711,1747,6,866,23,981,0,830,3900,553,ITH,ITH3,5,Veneto,Veneto,4905854,1167232,23.79,0.09
1285,2021-03-02,VEN,11418,4601,6817,2833,448,1402,1197,3287,383,1868,8143,3275,ITH,ITH3,5,Veneto,Veneto,4905854,1178650,24.03,0.23
1286,2021-01-23,VEN,4051,1247,2804,3406,119,85,437,1,0,3,34,4017,ITH,ITH3,5,Veneto,Veneto,4905854,1182701,24.11,0.08
1287,2021-04-09,VEN,30786,13560,17226,1379,145,18540,580,9946,6,190,22475,8311,ITH,ITH3,5,Veneto,Veneto,4905854,1213487,24.74,0.63
1288,2021-03-25,VEN,25670,10874,14796,1388,344,10522,1006,9928,225,2257,19608,6062,ITH,ITH3,5,Veneto,Veneto,4905854,1239157,25.26,0.52
1289,2021-03-13,VEN,17154,7234,9920,2585,63,5432,109,4813,110,4042,14047,3107,ITH,ITH3,5,Veneto,Veneto,4905854,1256311,25.61,0.35
1290,2021-02-20,VEN,6419,2013,4406,1905,35,161,100,969,6,3243,6350,69,ITH,ITH3,5,Veneto,Veneto,4905854,1262730,25.74,0.13
1291,2021-03-02,LAZ,16621,7191,9430,1811,357,1071,229,8121,1278,3754,12691,3930,ITI,ITI4,12,Lazio,Lazio,5879082,16621,0.28,0.28
1292,2021-01-10,LAZ,4039,1700,2339,3424,156,207,252,0,0,0,4039,0,ITI,ITI4,12,Lazio,Lazio,5879082,20660,0.35,0.07
1293,2021-04-13,LAZ,24758,11508,13250,2349,106,14737,289,7208,15,54,17175,7583,ITI,ITI4,12,Lazio,Lazio,5879082,45418,0.77,0.42
1294,2021-01-31,LAZ,4284,1786,2498,3572,139,200,244,129,0,0,301,3983,ITI,ITI4,12,Lazio,Lazio,5879082,49702,0.85,0.07
1295,2021-01-27,LAZ,5781,2178,3603,4797,215,173,457,139,0,0,664,5117,ITI,ITI4,12,Lazio,Lazio,5879082,55483,0.94,0.1
1296,2021-03-08,LAZ,19885,8223,11662,2452,120,2064,380,9058,1102,4709,14622,5263,ITI,ITI4,12,Lazio,Lazio,5879082,75368,1.28,0.34
1297,2021-04-08,LAZ,26101,11904,14197,4592,80,13498,186,7558,135,52,18477,7624,ITI,ITI4,12,Lazio,Lazio,5879082,101469,1.73,0.44
1298,2021-01-20,LAZ,4424,1669,2755,3280,233,168,427,316,0,0,2883,1541,ITI,ITI4,12,Lazio,Lazio,5879082,105893,1.8,0.08
1299,2021-02-10,LAZ,7810,3128,4682,2647,275,308,634,3946,0,0,4841,2969,ITI,ITI4,12,Lazio,Lazio,5879082,113703,1.93,0.13
1300,2021-02-25,LAZ,12639,5514,7125,1754,434,776,489,5152,1423,2611,11591,1048,ITI,ITI4,12,Lazio,Lazio,5879082,126342,2.15,0.21
1301,2021-01-26,LAZ,7629,2915,4714,6592,213,46,631,147,0,0,398,7231,ITI,ITI4,12,Lazio,Lazio,5879082,133971,2.28,0.13
1302,2021-02-13,LAZ,6321,2455,3866,2123,42,183,280,3693,0,0,6187,134,ITI,ITI4,12,Lazio,Lazio,5879082,140292,2.39,0.11
1303,2021-03-18,LAZ,14179,6059,8120,1767,90,2637,330,9340,9,6,7804,6375,ITI,ITI4,12,Lazio,Lazio,5879082,154471,2.63,0.24
1304,2021-04-14,LAZ,28362,12960,15402,3306,76,16656,148,8088,9,79,18404,9958,ITI,ITI4,12,Lazio,Lazio,5879082,182833,3.11,0.48
1305,2021-01-24,LAZ,5499,2128,3371,4945,131,141,134,148,0,0,417,5082,ITI,ITI4,12,Lazio,Lazio,5879082,188332,3.2,0.09
1306,2021-03-07,LAZ,14059,5419,8640,1201,24,1207,148,7250,696,3533,10470,3589,ITI,ITI4,12,Lazio,Lazio,5879082,202391,3.44,0.24
1307,2021-01-13,LAZ,5567,2067,3500,4145,270,133,1009,10,0,0,5567,0,ITI,ITI4,12,Lazio,Lazio,5879082,207958,3.54,0.09
1308,2021-01-11,LAZ,5525,2103,3422,4553,307,96,569,0,0,0,5525,0,ITI,ITI4,12,Lazio,Lazio,5879082,213483,3.63,0.09
1309,2021-03-15,LAZ,19215,8308,10907,2308,122,3555,408,9590,706,2526,12487,6728,ITI,ITI4,12,Lazio,Lazio,5879082,232698,3.96,0.33
1310,2021-01-28,LAZ,7964,3001,4963,6811,374,124,514,141,0,0,468,7496,ITI,ITI4,12,Lazio,Lazio,5879082,240662,4.09,0.14
1311,2021-04-07,LAZ,24491,11112,13379,2919,77,13367,189,7745,101,93,17415,7076,ITI,ITI4,12,Lazio,Lazio,5879082,265153,4.51,0.42
1312,2021-01-30,LAZ,6662,2737,3925,5298,265,311,651,137,0,0,461,6201,ITI,ITI4,12,Lazio,Lazio,5879082,271815,4.62,0.11
1313,2021-03-10,LAZ,21867,9409,12458,4077,143,2493,452,8906,1179,4617,16230,5637,ITI,ITI4,12,Lazio,Lazio,5879082,293682,5.0,0.37
1314,2021-02-18,LAZ,9685,4803,4882,2162,91,330,473,4963,1665,1,9179,506,ITI,ITI4,12,Lazio,Lazio,5879082,303367,5.16,0.16
1315,2021-02-19,LAZ,9717,4899,4818,2170,93,301,408,5075,1636,34,9201,516,ITI,ITI4,12,Lazio,Lazio,5879082,313084,5.33,0.17
1316,2021-02-22,LAZ,11427,4977,6450,1779,123,186,473,5254,1390,2222,10926,501,ITI,ITI4,12,Lazio,Lazio,5879082,324511,5.52,0.19
1317,2021-02-24,LAZ,12025,5190,6835,1798,428,509,337,5226,1327,2400,11034,991,ITI,ITI4,12,Lazio,Lazio,5879082,336536,5.72,0.2
1318,2021-04-10,LAZ,23521,10217,13304,3200,45,12950,111,7119,18,78,16393,7128,ITI,ITI4,12,Lazio,Lazio,5879082,360057,6.12,0.4
1319,2021-03-22,LAZ,21351,8879,12472,1532,75,5977,245,9144,517,3861,14946,6405,ITI,ITI4,12,Lazio,Lazio,5879082,381408,6.49,0.36
1320,2021-03-16,LAZ,13496,5718,7778,1504,69,2147,280,9484,7,5,7063,6433,ITI,ITI4,12,Lazio,Lazio,5879082,394904,6.72,0.23
1321,2020-12-30,LAZ,1630,629,1001,1603,0,0,27,0,0,0,1630,0,ITI,ITI4,12,Lazio,Lazio,5879082,396534,6.74,0.03
1322,2021-03-28,LAZ,18783,7523,11260,1062,17,6542,77,8373,106,2606,13486,5297,ITI,ITI4,12,Lazio,Lazio,5879082,415317,7.06,0.32
1323,2021-01-09,LAZ,6293,2560,3733,5115,229,329,620,0,0,0,6293,0,ITI,ITI4,12,Lazio,Lazio,5879082,421610,7.17,0.11
1324,2021-01-03,LAZ,5250,1972,3278,5125,18,42,65,0,0,0,5250,0,ITI,ITI4,12,Lazio,Lazio,5879082,426860,7.26,0.09
1325,2021-01-17,LAZ,4625,1875,2750,3243,145,205,177,855,0,0,4413,212,ITI,ITI4,12,Lazio,Lazio,5879082,431485,7.34,0.08
1326,2021-01-05,LAZ,7370,2802,4568,6690,0,102,577,0,1,0,7370,0,ITI,ITI4,12,Lazio,Lazio,5879082,438855,7.46,0.13
1327,2021-03-19,LAZ,17013,7269,9744,2123,140,3762,389,9345,248,1006,10712,6301,ITI,ITI4,12,Lazio,Lazio,5879082,455868,7.75,0.29
1328,2020-12-28,LAZ,959,412,547,957,0,2,0,0,0,0,959,0,ITI,ITI4,12,Lazio,Lazio,5879082,456827,7.77,0.02
1329,2021-02-07,LAZ,4726,1896,2830,3252,138,258,218,859,0,1,383,4343,ITI,ITI4,12,Lazio,Lazio,5879082,461553,7.85,0.08
1330,2021-02-06,LAZ,5137,2054,3083,3279,207,430,680,541,0,0,799,4338,ITI,ITI4,12,Lazio,Lazio,5879082,466690,7.94,0.09
1331,2021-04-16,LAZ,26574,12267,14307,544,94,18436,292,7114,26,68,17097,9477,ITI,ITI4,12,Lazio,Lazio,5879082,493264,8.39,0.45
1332,2021-02-05,LAZ,6931,2732,4199,5095,373,265,995,203,0,0,1136,5795,ITI,ITI4,12,Lazio,Lazio,5879082,500195,8.51,0.12
1333,2021-03-13,LAZ,21340,8378,12962,5142,109,2382,330,8918,720,3739,15447,5893,ITI,ITI4,12,Lazio,Lazio,5879082,521535,8.87,0.36
1334,2021-02-03,LAZ,6301,2353,3948,4621,335,221,1078,46,0,0,906,5395,ITI,ITI4,12,Lazio,Lazio,5879082,527836,8.98,0.11
1335,2021-04-09,LAZ,26762,12009,14753,4707,132,13986,162,7581,129,65,18644,8118,ITI,ITI4,12,Lazio,Lazio,5879082,554598,9.43,0.46
1336,2021-04-02,LAZ,27802,12987,14815,5762,89,12885,166,8495,221,184,20543,7259,ITI,ITI4,12,Lazio,Lazio,5879082,582400,9.91,0.47
1337,2021-03-20,LAZ,18142,6786,11356,1840,139,3766,360,8786,204,3047,12306,5836,ITI,ITI4,12,Lazio,Lazio,5879082,600542,10.21,0.31
1338,2021-02-08,LAZ,9372,3891,5481,3789,428,449,918,3788,0,0,4490,4882,ITI,ITI4,12,Lazio,Lazio,5879082,609914,10.37,0.16
1339,2021-03-29,LAZ,23627,10606,13021,2057,87,10810,143,9474,259,797,16743,6884,ITI,ITI4,12,Lazio,Lazio,5879082,633541,10.78,0.4
1340,2021-03-24,LAZ,25610,11146,14464,3773,92,8397,107,9402,240,3599,19503,6107,ITI,ITI4,12,Lazio,Lazio,5879082,659151,11.21,0.44
1341,2021-03-23,LAZ,23133,9997,13136,2491,98,6791,181,9178,538,3856,16849,6284,ITI,ITI4,12,Lazio,Lazio,5879082,682284,11.61,0.39
1342,2021-01-19,LAZ,4396,1697,2699,2967,222,347,424,436,0,0,3943,453,ITI,ITI4,12,Lazio,Lazio,5879082,686680,11.68,0.07
1343,2020-12-29,LAZ,488,176,312,486,2,0,0,0,0,0,488,0,ITI,ITI4,12,Lazio,Lazio,5879082,687168,11.69,0.01
1344,2021-02-27,LAZ,11381,4249,7132,1359,399,487,515,4798,1120,2703,10427,954,ITI,ITI4,12,Lazio,Lazio,5879082,698549,11.88,0.19
1345,2021-02-14,LAZ,5568,2265,3303,1645,20,306,127,3470,0,0,5290,278,ITI,ITI4,12,Lazio,Lazio,5879082,704117,11.98,0.09
1346,2021-01-15,LAZ,6261,2486,3775,4498,417,194,988,164,0,0,6261,0,ITI,ITI4,12,Lazio,Lazio,5879082,710378,12.08,0.11
1347,2021-01-22,LAZ,3702,1459,2243,3380,63,32,70,157,0,0,187,3515,ITI,ITI4,12,Lazio,Lazio,5879082,714080,12.15,0.06
1348,2021-03-05,LAZ,18515,7809,10706,2729,171,1577,256,8490,1323,3969,13792,4723,ITI,ITI4,12,Lazio,Lazio,5879082,732595,12.46,0.31
1349,2021-01-14,LAZ,5253,1976,3277,3887,304,151,811,100,0,0,5253,0,ITI,ITI4,12,Lazio,Lazio,5879082,737848,12.55,0.09
1350,2021-01-21,LAZ,5285,2123,3162,4780,78,37,232,158,0,0,234,5051,ITI,ITI4,12,Lazio,Lazio,5879082,743133,12.64,0.09
1351,2021-02-02,LAZ,5783,2140,3643,4712,367,122,571,11,0,0,512,5271,ITI,ITI4,12,Lazio,Lazio,5879082,748916,12.74,0.1
1352,2021-02-21,LAZ,6807,3105,3702,1245,53,311,51,4524,607,16,6519,288,ITI,ITI4,12,Lazio,Lazio,5879082,755723,12.85,0.12
1353,2021-04-01,LAZ,27746,12737,15009,5798,91,12369,284,8669,287,248,20649,7097,ITI,ITI4,12,Lazio,Lazio,5879082,783469,13.33,0.47
1354,2021-03-21,LAZ,17803,6816,10987,1239,27,4694,111,8196,100,3436,12781,5022,ITI,ITI4,12,Lazio,Lazio,5879082,801272,13.63,0.3
1355,2021-02-04,LAZ,6069,2297,3772,4460,354,273,892,90,0,0,946,5123,ITI,ITI4,12,Lazio,Lazio,5879082,807341,13.73,0.1
1356,2021-04-06,LAZ,23523,10533,12990,2204,82,13102,94,7678,200,163,16531,6992,ITI,ITI4,12,Lazio,Lazio,5879082,830864,14.13,0.4
1357,2021-01-02,LAZ,6705,2630,4075,6269,47,31,358,0,0,0,6705,0,ITI,ITI4,12,Lazio,Lazio,5879082,837569,14.25,0.11
1358,2021-03-09,LAZ,20823,8921,11902,3381,104,2188,338,8965,1230,4617,15629,5194,ITI,ITI4,12,Lazio,Lazio,5879082,858392,14.6,0.35
1359,2020-12-27,LAZ,272,131,141,272,0,0,0,0,0,0,272,0,ITI,ITI4,12,Lazio,Lazio,5879082,858664,14.61,0.0
1360,2021-02-15,LAZ,7745,3388,4357,2447,362,319,379,4230,8,0,7430,315,ITI,ITI4,12,Lazio,Lazio,5879082,866409,14.74,0.13
1361,2021-04-03,LAZ,24130,10790,13340,4689,65,11256,111,7772,30,207,17489,6641,ITI,ITI4,12,Lazio,Lazio,5879082,890539,15.15,0.41
1362,2021-01-04,LAZ,7478,2907,4571,7075,5,81,316,0,0,1,7478,0,ITI,ITI4,12,Lazio,Lazio,5879082,898017,15.27,0.13
1363,2021-02-01,LAZ,5669,2173,3496,4784,189,130,559,7,0,0,353,5316,ITI,ITI4,12,Lazio,Lazio,5879082,903686,15.37,0.1
1364,2021-03-11,LAZ,23667,10522,13145,4849,124,3029,440,9262,1526,4437,17443,6224,ITI,ITI4,12,Lazio,Lazio,5879082,927353,15.77,0.4
1365,2021-03-04,LAZ,18262,7770,10492,2800,211,1348,507,8176,1315,3905,13249,5013,ITI,ITI4,12,Lazio,Lazio,5879082,945615,16.08,0.31
1366,2021-03-14,LAZ,17053,6598,10455,1362,89,3295,81,8335,445,3446,11899,5154,ITI,ITI4,12,Lazio,Lazio,5879082,962668,16.37,0.29
1367,2021-03-03,LAZ,17113,7224,9889,2111,200,1178,379,8059,1249,3937,12823,4290,ITI,ITI4,12,Lazio,Lazio,5879082,979781,16.67,0.29
1368,2021-03-01,LAZ,16686,7124,9562,1555,527,1216,385,8018,1406,3579,12831,3855,ITI,ITI4,12,Lazio,Lazio,5879082,996467,16.95,0.28
1369,2021-02-16,LAZ,8068,3871,4197,2058,102,478,261,4217,951,1,7788,280,ITI,ITI4,12,Lazio,Lazio,5879082,1004535,17.09,0.14
1370,2021-01-18,LAZ,5875,2291,3584,3905,387,371,725,487,0,0,4897,978,ITI,ITI4,12,Lazio,Lazio,5879082,1010410,17.19,0.1
1371,2021-03-30,LAZ,24958,11446,13512,3782,86,11220,248,9113,221,288,17864,7094,ITI,ITI4,12,Lazio,Lazio,5879082,1035368,17.61,0.42
1372,2021-04-15,LAZ,30569,13775,16794,3834,92,17816,278,8448,26,75,20059,10510,ITI,ITI4,12,Lazio,Lazio,5879082,1065937,18.13,0.52
1373,2021-01-06,LAZ,5119,1960,3159,4619,45,133,320,0,1,1,5119,0,ITI,ITI4,12,Lazio,Lazio,5879082,1071056,18.22,0.09
1374,2021-02-23,LAZ,10936,4692,6244,1897,109,496,309,5200,1015,1910,10301,635,ITI,ITI4,12,Lazio,Lazio,5879082,1081992,18.4,0.19
1375,2021-03-31,LAZ,25697,11830,13867,4262,82,11767,135,8985,220,246,18723,6974,ITI,ITI4,12,Lazio,Lazio,5879082,1107689,18.84,0.44
1376,2021-02-09,LAZ,8430,3510,4920,3258,244,345,548,4035,0,0,4574,3856,ITI,ITI4,12,Lazio,Lazio,5879082,1116119,18.98,0.14
1377,2020-12-31,LAZ,5291,2121,3170,4987,12,13,279,0,0,0,5291,0,ITI,ITI4,12,Lazio,Lazio,5879082,1121410,19.07,0.09
1378,2021-01-07,LAZ,7743,2901,4842,6898,175,104,566,0,0,0,7743,0,ITI,ITI4,12,Lazio,Lazio,5879082,1129153,19.21,0.13
1379,2021-02-20,LAZ,8836,4099,4737,1942,111,380,298,4773,1310,22,8407,429,ITI,ITI4,12,Lazio,Lazio,5879082,1137989,19.36,0.15
1380,2021-04-05,LAZ,19693,8960,10733,538,34,11522,28,7498,10,63,13549,6144,ITI,ITI4,12,Lazio,Lazio,5879082,1157682,19.69,0.33
1381,2021-03-25,LAZ,26395,11257,15138,4807,84,8029,318,9474,199,3484,20087,6308,ITI,ITI4,12,Lazio,Lazio,5879082,1184077,20.14,0.45
1382,2021-03-27,LAZ,25606,10208,15398,5587,103,6834,289,9204,134,3455,19350,6256,ITI,ITI4,12,Lazio,Lazio,5879082,1209683,20.58,0.44
1383,2021-01-29,LAZ,7614,2872,4742,6373,259,172,704,106,0,0,496,7118,ITI,ITI4,12,Lazio,Lazio,5879082,1217297,20.71,0.13
1384,2021-02-11,LAZ,6693,2801,3892,2197,174,166,500,3656,0,0,6463,230,ITI,ITI4,12,Lazio,Lazio,5879082,1223990,20.82,0.11
1385,2021-02-28,LAZ,10224,3996,6228,1601,260,428,77,4577,682,2599,9710,514,ITI,ITI4,12,Lazio,Lazio,5879082,1234214,20.99,0.17
1386,2021-01-01,LAZ,3554,1382,2172,3483,0,3,68,0,0,0,3554,0,ITI,ITI4,12,Lazio,Lazio,5879082,1237768,21.05,0.06
1387,2021-03-26,LAZ,27668,12003,15665,5369,94,8751,330,9600,275,3249,21065,6603,ITI,ITI4,12,Lazio,Lazio,5879082,1265436,21.52,0.47
1388,2021-02-26,LAZ,12905,5610,7295,1909,533,805,352,5181,1385,2740,11678,1227,ITI,ITI4,12,Lazio,Lazio,5879082,1278341,21.74,0.22
1389,2021-02-17,LAZ,8826,4381,4445,2282,226,211,499,4262,1345,1,8283,543,ITI,ITI4,12,Lazio,Lazio,5879082,1287167,21.89,0.15
1390,2021-02-12,LAZ,6531,2660,3871,1995,136,293,302,3805,0,0,6417,114,ITI,ITI4,12,Lazio,Lazio,5879082,1293698,22.01,0.11
1391,2021-01-25,LAZ,7779,3050,4729,7006,205,72,363,133,0,0,439,7340,ITI,ITI4,12,Lazio,Lazio,5879082,1301477,22.14,0.13
1392,2021-03-06,LAZ,18020,6918,11102,3700,113,1253,327,7923,932,3772,13766,4254,ITI,ITI4,12,Lazio,Lazio,5879082,1319497,22.44,0.31
1393,2021-04-11,LAZ,18891,8363,10528,490,29,11946,50,6342,3,31,13027,5864,ITI,ITI4,12,Lazio,Lazio,5879082,1338388,22.77,0.32
1394,2021-03-12,LAZ,22680,10026,12654,4709,170,3253,400,9426,774,3948,16368,6312,ITI,ITI4,12,Lazio,Lazio,5879082,1361068,23.15,0.39
1395,2021-01-23,LAZ,6929,2701,4228,6063,247,43,417,159,0,0,301,6628,ITI,ITI4,12,Lazio,Lazio,5879082,1367997,23.27,0.12
1396,2021-04-04,LAZ,17368,8006,9362,397,38,10176,11,6689,15,42,12137,5231,ITI,ITI4,12,Lazio,Lazio,5879082,1385365,23.56,0.3
1397,2021-01-12,LAZ,5391,1974,3417,4343,342,122,584,0,0,0,5391,0,ITI,ITI4,12,Lazio,Lazio,5879082,1390756,23.66,0.09
1398,2021-04-12,LAZ,23060,10369,12691,1460,64,13946,101,7344,73,72,16284,6776,ITI,ITI4,12,Lazio,Lazio,5879082,1413816,24.05,0.39
1399,2021-03-17,LAZ,13542,5775,7767,1511,87,2244,255,9424,7,14,7315,6227,ITI,ITI4,12,Lazio,Lazio,5879082,1427358,24.28,0.23
1400,2021-01-16,LAZ,5393,2105,3288,3358,241,226,1064,504,0,0,5393,0,ITI,ITI4,12,Lazio,Lazio,5879082,1432751,24.37,0.09
1401,2021-01-08,LAZ,7726,2894,4832,6519,191,218,798,0,0,0,7726,0,ITI,ITI4,12,Lazio,Lazio,5879082,1440477,24.5,0.13
1402,2020-12-29,LIG,125,33,92,93,11,0,21,0,0,0,125,0,ITC,ITC3,7,Liguria,Liguria,1550640,125,0.01,0.01
1403,2021-03-26,LIG,9094,3843,5251,602,181,2752,65,3881,316,1297,5940,3154,ITC,ITC3,7,Liguria,Liguria,1550640,9219,0.59,0.59
1404,2021-01-07,LIG,3230,1095,2135,2340,144,275,466,0,1,4,3230,0,ITC,ITC3,7,Liguria,Liguria,1550640,12449,0.8,0.21
1405,2021-03-12,LIG,6027,2769,3258,1205,218,714,84,3365,437,4,3562,2465,ITC,ITC3,7,Liguria,Liguria,1550640,18476,1.19,0.39
1406,2021-04-10,LIG,7392,3358,4034,213,50,5773,34,1308,5,9,6723,669,ITC,ITC3,7,Liguria,Liguria,1550640,25868,1.67,0.48
1407,2021-04-02,LIG,11309,4959,6350,432,118,6118,31,3611,102,897,8823,2486,ITC,ITC3,7,Liguria,Liguria,1550640,37177,2.4,0.73
1408,2021-01-16,LIG,1278,557,721,753,62,163,299,0,0,1,1278,0,ITC,ITC3,7,Liguria,Liguria,1550640,38455,2.48,0.08
1409,2021-04-04,LIG,756,366,390,30,0,401,0,325,0,0,507,249,ITC,ITC3,7,Liguria,Liguria,1550640,39211,2.53,0.05
1410,2021-01-08,LIG,2927,999,1928,2084,167,240,431,0,1,4,2927,0,ITC,ITC3,7,Liguria,Liguria,1550640,42138,2.72,0.19
1411,2021-02-11,LIG,1961,761,1200,1240,126,133,456,0,0,6,1091,870,ITC,ITC3,7,Liguria,Liguria,1550640,44099,2.84,0.13
1412,2021-01-01,LIG,144,55,89,139,4,1,0,0,0,0,144,0,ITC,ITC3,7,Liguria,Liguria,1550640,44243,2.85,0.01
1413,2021-03-13,LIG,3563,1514,2049,331,82,647,71,1522,120,790,2710,853,ITC,ITC3,7,Liguria,Liguria,1550640,47806,3.08,0.23
1414,2021-01-18,LIG,2133,744,1389,1251,186,248,438,0,0,10,1976,157,ITC,ITC3,7,Liguria,Liguria,1550640,49939,3.22,0.14
1415,2021-02-22,LIG,3328,1462,1866,712,100,112,235,2167,0,2,3190,138,ITC,ITC3,7,Liguria,Liguria,1550640,53267,3.44,0.21
1416,2021-03-16,LIG,6067,2718,3349,934,109,430,323,4262,3,6,2350,3717,ITC,ITC3,7,Liguria,Liguria,1550640,59334,3.83,0.39
1417,2021-02-18,LIG,2761,1126,1635,958,119,329,349,1004,0,2,2431,330,ITC,ITC3,7,Liguria,Liguria,1550640,62095,4.0,0.18
1418,2021-02-19,LIG,3096,1279,1817,989,124,469,97,1414,0,3,2920,176,ITC,ITC3,7,Liguria,Liguria,1550640,65191,4.2,0.2
1419,2021-01-05,LIG,2879,896,1983,2308,107,196,261,0,0,7,2879,0,ITC,ITC3,7,Liguria,Liguria,1550640,68070,4.39,0.19
1420,2021-04-01,LIG,11982,5295,6687,435,63,6578,139,3693,138,936,9212,2770,ITC,ITC3,7,Liguria,Liguria,1550640,80052,5.16,0.77
1421,2021-02-23,LIG,3803,1559,2244,686,79,195,116,2724,2,1,3694,109,ITC,ITC3,7,Liguria,Liguria,1550640,83855,5.41,0.25
1422,2021-04-07,LIG,12947,5746,7201,426,143,7460,103,4142,105,568,10798,2149,ITC,ITC3,7,Liguria,Liguria,1550640,96802,6.24,0.83
1423,2021-01-28,LIG,2841,969,1872,2239,182,105,309,0,1,5,39,2802,ITC,ITC3,7,Liguria,Liguria,1550640,99643,6.43,0.18
1424,2021-01-20,LIG,1548,554,994,726,121,219,480,0,0,2,1536,12,ITC,ITC3,7,Liguria,Liguria,1550640,101191,6.53,0.1
1425,2021-04-03,LIG,5187,2388,2799,116,19,3634,3,1393,3,19,4245,942,ITC,ITC3,7,Liguria,Liguria,1550640,106378,6.86,0.33
1426,2021-01-15,LIG,2254,753,1501,1326,272,137,517,0,0,2,2254,0,ITC,ITC3,7,Liguria,Liguria,1550640,108632,7.01,0.15
1427,2021-02-26,LIG,3760,1521,2239,782,127,96,168,2585,0,2,3433,327,ITC,ITC3,7,Liguria,Liguria,1550640,112392,7.25,0.24
1428,2021-01-02,LIG,691,245,446,595,54,42,0,0,0,0,691,0,ITC,ITC3,7,Liguria,Liguria,1550640,113083,7.29,0.04
1429,2021-04-09,LIG,11946,5367,6579,525,174,7070,79,3491,27,580,10339,1607,ITC,ITC3,7,Liguria,Liguria,1550640,125029,8.06,0.77
1430,2021-01-11,LIG,2653,990,1663,1991,143,202,316,0,0,1,2653,0,ITC,ITC3,7,Liguria,Liguria,1550640,127682,8.23,0.17
1431,2021-01-06,LIG,1660,616,1044,1230,40,210,113,64,0,3,1660,0,ITC,ITC3,7,Liguria,Liguria,1550640,129342,8.34,0.11
1432,2021-01-10,LIG,648,262,386,369,84,19,176,0,0,0,648,0,ITC,ITC3,7,Liguria,Liguria,1550640,129990,8.38,0.04
1433,2021-04-11,LIG,4204,1912,2292,66,13,3395,23,624,10,73,3955,249,ITC,ITC3,7,Liguria,Liguria,1550640,134194,8.65,0.27
1434,2021-02-13,LIG,1080,508,572,543,77,58,148,254,0,0,800,280,ITC,ITC3,7,Liguria,Liguria,1550640,135274,8.72,0.07
1435,2021-02-24,LIG,3758,1557,2201,804,92,182,154,2525,0,1,3499,259,ITC,ITC3,7,Liguria,Liguria,1550640,139032,8.97,0.24
1436,2021-03-20,LIG,2316,995,1321,224,44,184,0,1855,9,0,1142,1174,ITC,ITC3,7,Liguria,Liguria,1550640,141348,9.12,0.15
1437,2021-01-14,LIG,2982,1056,1926,1872,336,220,553,0,0,1,2982,0,ITC,ITC3,7,Liguria,Liguria,1550640,144330,9.31,0.19
1438,2021-02-02,LIG,2668,1005,1663,1974,195,33,464,0,0,2,134,2534,ITC,ITC3,7,Liguria,Liguria,1550640,146998,9.48,0.17
1439,2021-02-17,LIG,2623,1165,1458,883,131,231,262,1115,0,1,2260,363,ITC,ITC3,7,Liguria,Liguria,1550640,149621,9.65,0.17
1440,2021-03-06,LIG,3302,1841,1461,377,12,782,120,1537,473,1,2597,705,ITC,ITC3,7,Liguria,Liguria,1550640,152923,9.86,0.21
1441,2021-01-25,LIG,2717,888,1829,2208,128,62,317,0,0,2,471,2246,ITC,ITC3,7,Liguria,Liguria,1550640,155640,10.04,0.18
1442,2021-04-12,LIG,11924,5269,6655,498,78,7100,106,4037,60,45,10112,1812,ITC,ITC3,7,Liguria,Liguria,1550640,167564,10.81,0.77
1443,2021-02-12,LIG,1913,684,1229,866,119,104,393,430,0,1,895,1018,ITC,ITC3,7,Liguria,Liguria,1550640,169477,10.93,0.12
1444,2021-02-07,LIG,407,153,254,191,12,17,187,0,0,0,2,405,ITC,ITC3,7,Liguria,Liguria,1550640,169884,10.96,0.03
1445,2021-03-11,LIG,6212,2987,3225,1144,109,530,261,3662,504,2,4210,2002,ITC,ITC3,7,Liguria,Liguria,1550640,176096,11.36,0.4
1446,2021-04-05,LIG,3970,1748,2222,190,22,1528,9,2210,1,10,2321,1649,ITC,ITC3,7,Liguria,Liguria,1550640,180066,11.61,0.26
1447,2021-03-03,LIG,4578,1846,2732,1039,118,128,308,2978,3,4,3555,1023,ITC,ITC3,7,Liguria,Liguria,1550640,184644,11.91,0.3
1448,2021-01-09,LIG,1335,481,854,999,73,73,188,0,0,2,1335,0,ITC,ITC3,7,Liguria,Liguria,1550640,185979,11.99,0.09
1449,2021-01-04,LIG,2615,854,1761,2197,81,158,176,0,0,3,2615,0,ITC,ITC3,7,Liguria,Liguria,1550640,188594,12.16,0.17
1450,2021-02-16,LIG,2392,949,1443,982,200,223,283,702,0,2,1999,393,ITC,ITC3,7,Liguria,Liguria,1550640,190986,12.32,0.15
1451,2021-02-10,LIG,2275,827,1448,1350,233,186,496,5,0,5,1014,1261,ITC,ITC3,7,Liguria,Liguria,1550640,193261,12.46,0.15
1452,2021-01-31,LIG,624,270,354,418,67,4,135,0,0,0,9,615,ITC,ITC3,7,Liguria,Liguria,1550640,193885,12.5,0.04
1453,2020-12-31,LIG,989,354,635,751,17,38,155,28,0,0,989,0,ITC,ITC3,7,Liguria,Liguria,1550640,194874,12.57,0.06
1454,2021-03-15,LIG,7297,3071,4226,819,171,1244,106,3774,221,962,4595,2702,ITC,ITC3,7,Liguria,Liguria,1550640,202171,13.04,0.47
1455,2021-02-21,LIG,869,491,378,183,21,296,102,267,0,0,865,4,ITC,ITC3,7,Liguria,Liguria,1550640,203040,13.09,0.06
1456,2021-03-10,LIG,5756,2782,2974,823,94,700,95,3627,416,1,3852,1904,ITC,ITC3,7,Liguria,Liguria,1550640,208796,13.47,0.37
1457,2021-03-27,LIG,3919,1538,2381,176,22,854,36,2056,69,706,2523,1396,ITC,ITC3,7,Liguria,Liguria,1550640,212715,13.72,0.25
1458,2021-03-31,LIG,11352,4974,6378,522,85,5407,83,4205,179,871,8591,2761,ITC,ITC3,7,Liguria,Liguria,1550640,224067,14.45,0.73
1459,2021-01-27,LIG,1745,604,1141,1338,89,90,227,0,0,1,142,1603,ITC,ITC3,7,Liguria,Liguria,1550640,225812,14.56,0.11
1460,2021-03-04,LIG,4734,2117,2617,920,106,217,289,2916,282,4,3891,843,ITC,ITC3,7,Liguria,Liguria,1550640,230546,14.87,0.31
1461,2021-03-09,LIG,5804,2701,3103,1031,148,517,131,3444,533,0,4379,1425,ITC,ITC3,7,Liguria,Liguria,1550640,236350,15.24,0.37
1462,2021-02-20,LIG,1334,636,698,159,28,436,122,589,0,0,1333,1,ITC,ITC3,7,Liguria,Liguria,1550640,237684,15.33,0.09
1463,2021-04-08,LIG,9550,4326,5224,442,110,5759,71,2787,33,348,8049,1501,ITC,ITC3,7,Liguria,Liguria,1550640,247234,15.94,0.62
1464,2021-03-02,LIG,4073,1688,2385,726,60,126,76,3080,1,4,3763,310,ITC,ITC3,7,Liguria,Liguria,1550640,251307,16.21,0.26
1465,2021-03-01,LIG,3498,1425,2073,528,62,58,105,2744,0,1,3376,122,ITC,ITC3,7,Liguria,Liguria,1550640,254805,16.43,0.23
1466,2021-03-30,LIG,11700,5170,6530,485,94,5650,106,4292,228,845,8311,3389,ITC,ITC3,7,Liguria,Liguria,1550640,266505,17.19,0.75
1467,2021-03-14,LIG,1658,752,906,66,36,345,176,577,27,431,1054,604,ITC,ITC3,7,Liguria,Liguria,1550640,268163,17.29,0.11
1468,2021-01-21,LIG,1102,385,717,584,69,116,332,1,0,0,672,430,ITC,ITC3,7,Liguria,Liguria,1550640,269265,17.36,0.07
1469,2021-03-08,LIG,5618,2456,3162,1122,172,364,80,3567,306,7,3934,1684,ITC,ITC3,7,Liguria,Liguria,1550640,274883,17.73,0.36
1470,2021-02-14,LIG,233,122,111,31,0,30,112,60,0,0,233,0,ITC,ITC3,7,Liguria,Liguria,1550640,275116,17.74,0.02
1471,2021-01-26,LIG,2483,803,1680,1964,152,110,252,0,0,5,13,2470,ITC,ITC3,7,Liguria,Liguria,1550640,277599,17.9,0.16
1472,2021-03-17,LIG,5521,2356,3165,781,112,289,76,4254,2,7,2463,3058,ITC,ITC3,7,Liguria,Liguria,1550640,283120,18.26,0.36
1473,2021-02-06,LIG,1891,767,1124,1309,161,45,375,0,0,1,145,1746,ITC,ITC3,7,Liguria,Liguria,1550640,285011,18.38,0.12
1474,2021-01-13,LIG,2755,1013,1742,1913,227,124,487,0,0,4,2755,0,ITC,ITC3,7,Liguria,Liguria,1550640,287766,18.56,0.18
1475,2021-04-13,LIG,12471,5580,6891,511,72,7376,111,4228,70,103,10565,1906,ITC,ITC3,7,Liguria,Liguria,1550640,300237,19.36,0.8
1476,2021-02-27,LIG,1888,921,967,139,13,527,5,1204,0,0,1759,129,ITC,ITC3,7,Liguria,Liguria,1550640,302125,19.48,0.12
1477,2021-03-21,LIG,552,221,331,7,1,19,0,525,0,0,69,483,ITC,ITC3,7,Liguria,Liguria,1550640,302677,19.52,0.04
1478,2021-02-04,LIG,2814,985,1829,1866,376,92,471,0,1,8,179,2635,ITC,ITC3,7,Liguria,Liguria,1550640,305491,19.7,0.18
1479,2021-01-23,LIG,809,295,514,633,94,38,43,0,0,1,153,656,ITC,ITC3,7,Liguria,Liguria,1550640,306300,19.75,0.05
1480,2021-04-06,LIG,12471,5542,6929,538,111,7006,204,3990,72,550,10366,2105,ITC,ITC3,7,Liguria,Liguria,1550640,318771,20.56,0.8
1481,2021-02-15,LIG,2259,838,1421,1086,185,82,241,662,1,2,1862,397,ITC,ITC3,7,Liguria,Liguria,1550640,321030,20.7,0.15
1482,2021-02-28,LIG,1060,581,479,12,1,570,3,474,0,0,1051,9,ITC,ITC3,7,Liguria,Liguria,1550640,322090,20.77,0.07
1483,2020-12-30,LIG,12,5,7,12,0,0,0,0,0,0,12,0,ITC,ITC3,7,Liguria,Liguria,1550640,322102,20.77,0.0
1484,2021-02-09,LIG,1904,683,1221,1087,197,143,455,0,0,22,256,1648,ITC,ITC3,7,Liguria,Liguria,1550640,324006,20.89,0.12
1485,2021-01-03,LIG,734,230,504,658,23,52,0,0,0,1,734,0,ITC,ITC3,7,Liguria,Liguria,1550640,324740,20.94,0.05
1486,2021-04-16,LIG,6347,2810,3537,291,47,3652,18,2269,62,8,5125,1222,ITC,ITC3,7,Liguria,Liguria,1550640,331087,21.35,0.41
1487,2021-01-19,LIG,1364,433,931,714,133,186,328,0,0,3,1274,90,ITC,ITC3,7,Liguria,Liguria,1550640,332451,21.44,0.09
1488,2021-01-22,LIG,1814,603,1211,1065,143,41,565,0,0,0,1328,486,ITC,ITC3,7,Liguria,Liguria,1550640,334265,21.56,0.12
1489,2021-03-22,LIG,7367,3277,4090,578,115,1614,82,3823,281,874,4524,2843,ITC,ITC3,7,Liguria,Liguria,1550640,341632,22.03,0.48
1490,2021-01-17,LIG,861,300,561,516,16,66,262,0,0,1,861,0,ITC,ITC3,7,Liguria,Liguria,1550640,342493,22.09,0.06
1491,2021-01-30,LIG,1661,567,1094,1261,88,53,257,0,0,2,25,1636,ITC,ITC3,7,Liguria,Liguria,1550640,344154,22.19,0.11
1492,2021-02-05,LIG,2673,986,1687,1743,357,75,494,0,0,4,304,2369,ITC,ITC3,7,Liguria,Liguria,1550640,346827,22.37,0.17
1493,2021-02-03,LIG,2315,791,1524,1626,212,60,416,0,0,1,55,2260,ITC,ITC3,7,Liguria,Liguria,1550640,349142,22.52,0.15
1494,2021-02-25,LIG,3439,1348,2091,550,91,125,88,2582,2,1,3310,129,ITC,ITC3,7,Liguria,Liguria,1550640,352581,22.74,0.22
1495,2020-12-28,LIG,80,30,50,77,0,3,0,0,0,0,80,0,ITC,ITC3,7,Liguria,Liguria,1550640,352661,22.74,0.01
1496,2021-01-24,LIG,755,236,519,632,60,3,60,0,0,0,113,642,ITC,ITC3,7,Liguria,Liguria,1550640,353416,22.79,0.05
1497,2021-03-29,LIG,10376,4484,5892,462,127,4701,115,3906,182,883,7247,3129,ITC,ITC3,7,Liguria,Liguria,1550640,363792,23.46,0.67
1498,2021-01-12,LIG,2460,886,1574,1750,174,95,439,0,0,2,2460,0,ITC,ITC3,7,Liguria,Liguria,1550640,366252,23.62,0.16
1499,2021-03-25,LIG,9505,4046,5459,648,172,2845,170,3676,381,1613,6116,3389,ITC,ITC3,7,Liguria,Liguria,1550640,375757,24.23,0.61
1500,2021-03-24,LIG,8787,3766,5021,522,105,2138,61,4224,401,1336,5499,3288,ITC,ITC3,7,Liguria,Liguria,1550640,384544,24.8,0.57
1501,2021-03-07,LIG,1858,1085,773,184,8,516,258,508,383,1,1557,301,ITC,ITC3,7,Liguria,Liguria,1550640,386402,24.92,0.12
1502,2021-03-23,LIG,8797,3985,4812,638,79,2309,56,3930,474,1311,5591,3206,ITC,ITC3,7,Liguria,Liguria,1550640,395199,25.49,0.57
1503,2021-04-14,LIG,12329,5378,6951,446,125,7401,74,4197,26,60,10321,2008,ITC,ITC3,7,Liguria,Liguria,1550640,407528,26.28,0.8
1504,2021-03-28,LIG,1140,509,631,135,91,236,145,532,1,0,389,751,ITC,ITC3,7,Liguria,Liguria,1550640,408668,26.35,0.07
1505,2021-02-01,LIG,2551,917,1634,1945,171,54,380,0,0,1,85,2466,ITC,ITC3,7,Liguria,Liguria,1550640,411219,26.52,0.16
1506,2021-04-15,LIG,11121,4895,6226,464,117,6690,121,3605,67,57,9336,1785,ITC,ITC3,7,Liguria,Liguria,1550640,422340,27.24,0.72
1507,2021-02-08,LIG,1977,742,1235,1256,218,185,311,0,0,7,306,1671,ITC,ITC3,7,Liguria,Liguria,1550640,424317,27.36,0.13
1508,2020-12-27,LIG,135,56,79,88,0,2,45,0,0,0,135,0,ITC,ITC3,7,Liguria,Liguria,1550640,424452,27.37,0.01
1509,2021-03-19,LIG,5280,2229,3051,734,162,457,137,3686,21,83,2149,3131,ITC,ITC3,7,Liguria,Liguria,1550640,429732,27.71,0.34
1510,2021-01-29,LIG,3077,1064,2013,2312,205,117,441,0,0,2,67,3010,ITC,ITC3,7,Liguria,Liguria,1550640,432809,27.91,0.2
1511,2021-03-18,LIG,4981,2124,2857,632,69,484,94,3691,6,5,2017,2964,ITC,ITC3,7,Liguria,Liguria,1550640,437790,28.23,0.32
1512,2021-03-05,LIG,4861,2147,2714,795,65,267,81,3336,312,5,3737,1124,ITC,ITC3,7,Liguria,Liguria,1550640,442651,28.55,0.31
1513,2021-01-19,PIE,6423,2099,4324,3575,1239,61,1548,0,0,0,6414,9,ITC,ITC1,1,Piemonte,Piemonte,4356406,6423,0.15,0.15
1514,2021-04-15,PIE,27630,12673,14957,819,337,19665,236,6518,4,51,22366,5264,ITC,ITC1,1,Piemonte,Piemonte,4356406,34053,0.78,0.63
1515,2021-02-01,PIE,8642,3053,5589,6170,1325,79,1068,0,0,0,578,8064,ITC,ITC1,1,Piemonte,Piemonte,4356406,42695,0.98,0.2
1516,2021-02-19,PIE,5529,2171,3358,1989,788,977,666,31,0,1078,5027,502,ITC,ITC1,1,Piemonte,Piemonte,4356406,48224,1.11,0.13
1517,2021-02-13,PIE,4152,1334,2818,2310,655,67,1114,1,0,5,2931,1221,ITC,ITC1,1,Piemonte,Piemonte,4356406,52376,1.2,0.1
1518,2021-01-18,PIE,6164,2047,4117,3238,1322,81,1523,0,0,0,5916,248,ITC,ITC1,1,Piemonte,Piemonte,4356406,58540,1.34,0.14
1519,2021-01-03,PIE,3062,966,2096,2715,268,27,52,0,0,0,3062,0,ITC,ITC1,1,Piemonte,Piemonte,4356406,61602,1.41,0.07
1520,2021-01-04,PIE,5563,1679,3884,4590,717,21,235,0,0,0,5563,0,ITC,ITC1,1,Piemonte,Piemonte,4356406,67165,1.54,0.13
1521,2021-02-05,PIE,9451,3078,6373,5766,1959,82,1643,1,0,0,657,8794,ITC,ITC1,1,Piemonte,Piemonte,4356406,76616,1.76,0.22
1522,2021-04-05,PIE,14735,6233,8502,148,49,5829,0,7980,26,703,12174,2561,ITC,ITC1,1,Piemonte,Piemonte,4356406,91351,2.1,0.34
1523,2021-02-20,PIE,3829,1252,2577,1100,395,669,219,30,0,1416,3656,173,ITC,ITC1,1,Piemonte,Piemonte,4356406,95180,2.18,0.09
1524,2021-03-26,PIE,17685,6963,10722,1162,450,1416,525,11483,221,2428,8781,8904,ITC,ITC1,1,Piemonte,Piemonte,4356406,112865,2.59,0.41
1525,2021-01-16,PIE,7771,2630,5141,4802,1518,79,1372,0,0,0,7771,0,ITC,ITC1,1,Piemonte,Piemonte,4356406,120636,2.77,0.18
1526,2021-02-03,PIE,10197,3303,6894,6641,2041,269,1246,0,0,0,611,9586,ITC,ITC1,1,Piemonte,Piemonte,4356406,130833,3.0,0.23
1527,2021-04-01,PIE,19205,7988,11217,665,288,3024,288,13843,183,914,11097,8108,ITC,ITC1,1,Piemonte,Piemonte,4356406,150038,3.44,0.44
1528,2021-02-12,PIE,6885,2212,4673,3527,1511,138,1707,0,0,2,3928,2957,ITC,ITC1,1,Piemonte,Piemonte,4356406,156923,3.6,0.16
1529,2021-02-16,PIE,3965,1754,2211,1821,778,816,548,0,1,1,3207,758,ITC,ITC1,1,Piemonte,Piemonte,4356406,160888,3.69,0.09
1530,2021-02-14,PIE,1476,498,978,796,332,49,285,0,0,14,876,600,ITC,ITC1,1,Piemonte,Piemonte,4356406,162364,3.73,0.03
1531,2021-03-09,PIE,13938,5417,8521,1687,849,710,357,8004,1,2330,11596,2342,ITC,ITC1,1,Piemonte,Piemonte,4356406,176302,4.05,0.32
1532,2021-02-27,PIE,12678,4846,7832,885,465,517,232,7541,0,3038,12331,347,ITC,ITC1,1,Piemonte,Piemonte,4356406,188980,4.34,0.29
1533,2021-03-20,PIE,11912,4896,7016,882,449,799,163,7682,0,1937,6016,5896,ITC,ITC1,1,Piemonte,Piemonte,4356406,200892,4.61,0.27
1534,2021-02-17,PIE,4787,2154,2633,2245,954,1089,497,1,0,1,3798,989,ITC,ITC1,1,Piemonte,Piemonte,4356406,205679,4.72,0.11
1535,2021-03-08,PIE,13920,5284,8636,2041,891,545,413,7402,0,2628,11208,2712,ITC,ITC1,1,Piemonte,Piemonte,4356406,219599,5.04,0.32
1536,2021-02-11,PIE,6764,2107,4657,3424,1137,190,2010,0,0,3,3006,3758,ITC,ITC1,1,Piemonte,Piemonte,4356406,226363,5.2,0.16
1537,2021-02-24,PIE,11405,4628,6777,1854,586,726,408,5676,0,2155,10899,506,ITC,ITC1,1,Piemonte,Piemonte,4356406,237768,5.46,0.26
1538,2021-03-31,PIE,19078,8090,10988,962,405,3504,311,13152,57,687,10387,8691,ITC,ITC1,1,Piemonte,Piemonte,4356406,256846,5.9,0.44
1539,2021-01-09,PIE,6183,2185,3998,4488,1094,33,568,0,0,0,6183,0,ITC,ITC1,1,Piemonte,Piemonte,4356406,263029,6.04,0.14
1540,2021-03-27,PIE,18331,7807,10524,1215,546,2611,110,11687,54,2108,9518,8813,ITC,ITC1,1,Piemonte,Piemonte,4356406,281360,6.46,0.42
1541,2021-03-01,PIE,12035,4839,7196,1157,544,742,281,6872,4,2435,11226,809,ITC,ITC1,1,Piemonte,Piemonte,4356406,293395,6.73,0.28
1542,2021-03-02,PIE,11192,4502,6690,907,317,815,215,6415,6,2517,10376,816,ITC,ITC1,1,Piemonte,Piemonte,4356406,304587,6.99,0.26
1543,2021-03-07,PIE,11967,4656,7311,1322,727,420,111,7337,0,2050,11087,880,ITC,ITC1,1,Piemonte,Piemonte,4356406,316554,7.27,0.27
1544,2021-01-14,PIE,9761,3150,6611,6175,2006,96,1484,0,0,0,9761,0,ITC,ITC1,1,Piemonte,Piemonte,4356406,326315,7.49,0.22
1545,2021-03-25,PIE,17022,7181,9841,1035,509,1340,626,11958,179,1375,8387,8635,ITC,ITC1,1,Piemonte,Piemonte,4356406,343337,7.88,0.39
1546,2021-01-07,PIE,5386,1739,3647,4158,837,50,341,0,0,0,5386,0,ITC,ITC1,1,Piemonte,Piemonte,4356406,348723,8.0,0.12
1547,2021-01-29,PIE,5941,1886,4055,4199,1018,51,673,0,0,0,455,5486,ITC,ITC1,1,Piemonte,Piemonte,4356406,354664,8.14,0.14
1548,2021-01-23,PIE,4256,1325,2931,3208,453,75,520,0,0,0,879,3377,ITC,ITC1,1,Piemonte,Piemonte,4356406,358920,8.24,0.1
1549,2021-03-13,PIE,13032,4717,8315,1169,504,511,158,8551,1,2138,11589,1443,ITC,ITC1,1,Piemonte,Piemonte,4356406,371952,8.54,0.3
1550,2021-02-09,PIE,7351,2309,5042,4155,1324,42,1830,0,0,0,722,6629,ITC,ITC1,1,Piemonte,Piemonte,4356406,379303,8.71,0.17
1551,2021-03-11,PIE,13692,5018,8674,2312,808,638,381,7367,2,2184,10602,3090,ITC,ITC1,1,Piemonte,Piemonte,4356406,392995,9.02,0.31
1552,2021-04-11,PIE,20799,9307,11492,399,153,13047,68,6874,4,254,18638,2161,ITC,ITC1,1,Piemonte,Piemonte,4356406,413794,9.5,0.48
1553,2021-03-18,PIE,11730,4795,6935,1463,677,366,342,8864,0,18,4020,7710,ITC,ITC1,1,Piemonte,Piemonte,4356406,425524,9.77,0.27
1554,2021-01-21,PIE,6880,2314,4566,4707,826,29,1318,0,0,0,3385,3495,ITC,ITC1,1,Piemonte,Piemonte,4356406,432404,9.93,0.16
1555,2021-02-15,PIE,4430,1596,2834,2320,842,303,962,1,1,1,3225,1205,ITC,ITC1,1,Piemonte,Piemonte,4356406,436834,10.03,0.1
1556,2021-01-20,PIE,6535,2066,4469,3568,1141,13,1813,0,0,0,5818,717,ITC,ITC1,1,Piemonte,Piemonte,4356406,443369,10.18,0.15
1557,2021-02-26,PIE,12239,4912,7327,813,377,1067,487,6598,1,2896,11502,737,ITC,ITC1,1,Piemonte,Piemonte,4356406,455608,10.46,0.28
1558,2021-03-03,PIE,12114,4640,7474,1103,436,592,257,7057,3,2666,11295,819,ITC,ITC1,1,Piemonte,Piemonte,4356406,467722,10.74,0.28
1559,2021-03-05,PIE,15259,5956,9303,2540,1099,923,654,7672,1,2370,11443,3816,ITC,ITC1,1,Piemonte,Piemonte,4356406,482981,11.09,0.35
1560,2021-01-27,PIE,4196,1453,2743,2983,541,115,557,0,0,0,999,3197,ITC,ITC1,1,Piemonte,Piemonte,4356406,487177,11.18,0.1
1561,2021-01-06,PIE,3116,1111,2005,2370,319,114,313,0,0,0,3116,0,ITC,ITC1,1,Piemonte,Piemonte,4356406,490293,11.25,0.07
1562,2021-01-05,PIE,5380,1602,3778,4367,683,45,285,0,0,0,5380,0,ITC,ITC1,1,Piemonte,Piemonte,4356406,495673,11.38,0.12
1563,2021-04-02,PIE,20039,8254,11785,885,326,4155,389,13314,92,878,11639,8400,ITC,ITC1,1,Piemonte,Piemonte,4356406,515712,11.84,0.46
1564,2021-02-23,PIE,9230,3711,5519,2296,821,568,389,4104,0,1052,8650,580,ITC,ITC1,1,Piemonte,Piemonte,4356406,524942,12.05,0.21
1565,2021-01-25,PIE,6213,1938,4275,4786,839,26,562,0,0,0,983,5230,ITC,ITC1,1,Piemonte,Piemonte,4356406,531155,12.19,0.14
1566,2021-04-09,PIE,25537,11224,14313,1214,463,12489,251,11050,24,46,21045,4492,ITC,ITC1,1,Piemonte,Piemonte,4356406,556692,12.78,0.59
1567,2021-01-17,PIE,3517,1168,2349,2082,588,7,840,0,0,0,2870,647,ITC,ITC1,1,Piemonte,Piemonte,4356406,560209,12.86,0.08
1568,2021-04-08,PIE,24915,10825,14090,1046,448,11500,268,11179,62,412,20214,4701,ITC,ITC1,1,Piemonte,Piemonte,4356406,585124,13.43,0.57
1569,2021-01-26,PIE,6329,1878,4451,4726,831,44,728,0,0,0,735,5594,ITC,ITC1,1,Piemonte,Piemonte,4356406,591453,13.58,0.15
1570,2021-01-01,PIE,1038,395,643,922,116,0,0,0,0,0,1038,0,ITC,ITC1,1,Piemonte,Piemonte,4356406,592491,13.6,0.02
1571,2021-01-10,PIE,5214,2275,2939,3912,765,18,519,0,0,0,5214,0,ITC,ITC1,1,Piemonte,Piemonte,4356406,597705,13.72,0.12
1572,2021-01-28,PIE,5588,1809,3779,4118,828,51,590,1,0,0,384,5204,ITC,ITC1,1,Piemonte,Piemonte,4356406,603293,13.85,0.13
1573,2021-02-25,PIE,12209,5247,6962,1443,593,1479,405,6329,1,1959,11663,546,ITC,ITC1,1,Piemonte,Piemonte,4356406,615502,14.13,0.28
1574,2021-03-17,PIE,12508,5049,7459,2083,718,365,236,9097,0,9,5221,7287,ITC,ITC1,1,Piemonte,Piemonte,4356406,628010,14.42,0.29
1575,2021-03-14,PIE,8200,3331,4869,794,233,370,2,5810,1,990,5307,2893,ITC,ITC1,1,Piemonte,Piemonte,4356406,636210,14.6,0.19
1576,2021-02-04,PIE,10198,3337,6861,6235,2130,70,1763,0,0,0,588,9610,ITC,ITC1,1,Piemonte,Piemonte,4356406,646408,14.84,0.23
1577,2021-04-14,PIE,26896,12224,14672,854,345,18439,445,6745,9,59,22408,4488,ITC,ITC1,1,Piemonte,Piemonte,4356406,673304,15.46,0.62
1578,2021-01-12,PIE,10046,3404,6642,6862,1921,93,1170,0,0,0,10046,0,ITC,ITC1,1,Piemonte,Piemonte,4356406,683350,15.69,0.23
1579,2021-03-21,PIE,10574,4676,5898,585,414,1367,9,6881,0,1318,4051,6523,ITC,ITC1,1,Piemonte,Piemonte,4356406,693924,15.93,0.24
1580,2021-01-15,PIE,8967,2954,6013,5499,1861,61,1546,0,0,0,8967,0,ITC,ITC1,1,Piemonte,Piemonte,4356406,702891,16.13,0.21
1581,2021-04-07,PIE,23440,9914,13526,951,344,8970,268,12319,55,533,18000,5440,ITC,ITC1,1,Piemonte,Piemonte,4356406,726331,16.67,0.54
1582,2021-01-11,PIE,8741,2980,5761,6054,1485,76,1126,0,0,0,8741,0,ITC,ITC1,1,Piemonte,Piemonte,4356406,735072,16.87,0.2
1583,2021-02-02,PIE,10236,3507,6729,6870,1980,69,1317,0,0,0,815,9421,ITC,ITC1,1,Piemonte,Piemonte,4356406,745308,17.11,0.23
1584,2021-02-10,PIE,7453,2347,5106,3856,1463,37,2097,0,0,0,1316,6137,ITC,ITC1,1,Piemonte,Piemonte,4356406,752761,17.28,0.17
1585,2021-03-29,PIE,15098,6350,8748,416,328,2451,137,10358,78,1330,8491,6607,ITC,ITC1,1,Piemonte,Piemonte,4356406,767859,17.63,0.35
1586,2021-03-15,PIE,10636,4150,6486,1716,924,573,231,5723,0,1469,5021,5615,ITC,ITC1,1,Piemonte,Piemonte,4356406,778495,17.87,0.24
1587,2021-02-18,PIE,4784,2089,2695,2254,868,1035,624,0,1,2,4354,430,ITC,ITC1,1,Piemonte,Piemonte,4356406,783279,17.98,0.11
1588,2020-12-30,PIE,730,322,408,685,45,0,0,0,0,0,730,0,ITC,ITC1,1,Piemonte,Piemonte,4356406,784009,18.0,0.02
1589,2021-03-19,PIE,10964,4490,6474,1092,472,523,429,8177,0,271,4406,6558,ITC,ITC1,1,Piemonte,Piemonte,4356406,794973,18.25,0.25
1590,2021-03-28,PIE,16009,6885,9124,925,772,2791,34,8901,106,2480,8402,7607,ITC,ITC1,1,Piemonte,Piemonte,4356406,810982,18.62,0.37
1591,2021-01-31,PIE,4106,1748,2358,3077,636,18,375,0,0,0,112,3994,ITC,ITC1,1,Piemonte,Piemonte,4356406,815088,18.71,0.09
1592,2021-03-06,PIE,13988,5209,8779,2261,773,357,462,7437,0,2698,11199,2789,ITC,ITC1,1,Piemonte,Piemonte,4356406,829076,19.03,0.32
1593,2021-04-04,PIE,9238,4052,5186,197,72,4448,0,4221,6,294,6525,2713,ITC,ITC1,1,Piemonte,Piemonte,4356406,838314,19.24,0.21
1594,2021-03-16,PIE,10517,4267,6250,2229,799,360,322,6794,0,13,4462,6055,ITC,ITC1,1,Piemonte,Piemonte,4356406,848831,19.48,0.24
1595,2020-12-27,PIE,913,369,544,761,65,11,76,0,0,0,913,0,ITC,ITC1,1,Piemonte,Piemonte,4356406,849744,19.51,0.02
1596,2021-01-22,PIE,3864,1248,2616,2280,609,41,934,0,0,0,2523,1341,ITC,ITC1,1,Piemonte,Piemonte,4356406,853608,19.59,0.09
1597,2021-04-10,PIE,29942,13309,16633,896,315,18284,138,10163,12,134,25676,4266,ITC,ITC1,1,Piemonte,Piemonte,4356406,883550,20.28,0.69
1598,2021-03-22,PIE,11401,4817,6584,874,459,753,181,7913,0,1221,3818,7583,ITC,ITC1,1,Piemonte,Piemonte,4356406,894951,20.54,0.26
1599,2021-03-04,PIE,14479,5727,8752,2187,872,1089,609,7532,0,2190,11530,2949,ITC,ITC1,1,Piemonte,Piemonte,4356406,909430,20.88,0.33
1600,2020-12-31,PIE,3909,1334,2575,3415,354,6,134,0,0,0,3909,0,ITC,ITC1,1,Piemonte,Piemonte,4356406,913339,20.97,0.09
1601,2021-04-06,PIE,20156,8768,11388,647,313,7913,260,9612,92,1319,14992,5164,ITC,ITC1,1,Piemonte,Piemonte,4356406,933495,21.43,0.46
1602,2021-03-12,PIE,13899,5152,8747,2142,855,482,472,7611,63,2274,10965,2934,ITC,ITC1,1,Piemonte,Piemonte,4356406,947394,21.75,0.32
1603,2021-03-24,PIE,15456,6327,9129,1072,502,1023,479,11503,37,840,6329,9127,ITC,ITC1,1,Piemonte,Piemonte,4356406,962850,22.1,0.35
1604,2021-03-23,PIE,12977,5389,7588,689,324,1171,222,9237,0,1334,6740,6237,ITC,ITC1,1,Piemonte,Piemonte,4356406,975827,22.4,0.3
1605,2021-01-02,PIE,3544,1134,2410,3078,336,77,53,0,0,0,3544,0,ITC,ITC1,1,Piemonte,Piemonte,4356406,979371,22.48,0.08
1606,2021-02-07,PIE,3087,974,2113,1648,643,19,777,0,0,0,445,2642,ITC,ITC1,1,Piemonte,Piemonte,4356406,982458,22.55,0.07
1607,2021-04-12,PIE,22326,10061,12265,589,204,14045,210,7210,8,60,19362,2964,ITC,ITC1,1,Piemonte,Piemonte,4356406,1004784,23.06,0.51
1608,2021-01-08,PIE,5529,1761,3768,4078,971,58,422,0,0,0,5529,0,ITC,ITC1,1,Piemonte,Piemonte,4356406,1010313,23.19,0.13
1609,2021-03-10,PIE,13577,5123,8454,1666,732,645,280,8012,2,2240,11283,2294,ITC,ITC1,1,Piemonte,Piemonte,4356406,1023890,23.5,0.31
1610,2021-04-03,PIE,19325,8064,11261,308,139,4799,76,13408,55,540,10780,8545,ITC,ITC1,1,Piemonte,Piemonte,4356406,1043215,23.95,0.44
1611,2021-02-22,PIE,8467,3464,5003,1705,802,626,512,3902,0,920,7877,590,ITC,ITC1,1,Piemonte,Piemonte,4356406,1051682,24.14,0.19
1612,2021-03-30,PIE,16822,6996,9826,782,355,2189,287,12114,101,994,8952,7870,ITC,ITC1,1,Piemonte,Piemonte,4356406,1068504,24.53,0.39
1613,2021-02-28,PIE,10812,4058,6754,642,344,167,53,6816,0,2790,10572,240,ITC,ITC1,1,Piemonte,Piemonte,4356406,1079316,24.78,0.25
1614,2021-01-30,PIE,5978,2135,3843,4367,1049,67,495,0,0,0,218,5760,ITC,ITC1,1,Piemonte,Piemonte,4356406,1085294,24.91,0.14
1615,2021-04-16,PIE,25744,12041,13703,895,351,18681,210,5530,3,74,21346,4398,ITC,ITC1,1,Piemonte,Piemonte,4356406,1111038,25.5,0.59
1616,2021-01-13,PIE,10080,3223,6857,6487,2039,225,1329,0,0,0,10080,0,ITC,ITC1,1,Piemonte,Piemonte,4356406,1121118,25.73,0.23
1617,2021-04-13,PIE,25142,11285,13857,627,197,17093,259,6839,6,121,21745,3397,ITC,ITC1,1,Piemonte,Piemonte,4356406,1146260,26.31,0.58
1618,2021-02-08,PIE,6916,2355,4561,3786,1480,78,1572,0,0,0,666,6250,ITC,ITC1,1,Piemonte,Piemonte,4356406,1153176,26.47,0.16
1619,2020-12-28,PIE,1,1,0,1,0,0,0,0,0,0,1,0,ITC,ITC1,1,Piemonte,Piemonte,4356406,1153177,26.47,0.0
1620,2021-02-06,PIE,7983,2664,5319,5101,1528,103,1251,0,0,0,400,7583,ITC,ITC1,1,Piemonte,Piemonte,4356406,1161160,26.65,0.18
1621,2021-02-21,PIE,5086,2080,3006,686,189,75,47,3352,0,737,4984,102,ITC,ITC1,1,Piemonte,Piemonte,4356406,1166246,26.77,0.12
1622,2021-01-24,PIE,3152,958,2194,2634,344,28,146,0,0,0,434,2718,ITC,ITC1,1,Piemonte,Piemonte,4356406,1169398,26.84,0.07
1623,2021-01-19,UMB,103,23,80,21,2,0,80,0,0,0,103,0,ITI,ITI2,10,Umbria,Umbria,882015,103,0.01,0.01
1624,2021-02-01,UMB,1260,333,927,875,33,0,352,0,0,0,47,1213,ITI,ITI2,10,Umbria,Umbria,882015,1363,0.15,0.14
1625,2021-01-02,UMB,301,110,191,301,0,0,0,0,0,0,301,0,ITI,ITI2,10,Umbria,Umbria,882015,1664,0.19,0.03
1626,2021-01-11,UMB,1281,337,944,878,12,7,384,0,0,0,1281,0,ITI,ITI2,10,Umbria,Umbria,882015,2945,0.33,0.15
1627,2021-03-09,UMB,4029,1951,2078,143,549,131,106,2912,165,23,2737,1292,ITI,ITI2,10,Umbria,Umbria,882015,6974,0.79,0.46
1628,2021-04-12,UMB,7033,3056,3977,204,15,3886,0,2907,4,17,5315,1718,ITI,ITI2,10,Umbria,Umbria,882015,14007,1.59,0.8
1629,2021-01-25,UMB,647,322,325,645,2,0,0,0,0,0,5,642,ITI,ITI2,10,Umbria,Umbria,882015,14654,1.66,0.07
1630,2021-02-06,UMB,396,138,258,333,47,0,16,0,0,0,34,362,ITI,ITI2,10,Umbria,Umbria,882015,15050,1.71,0.04
1631,2021-02-26,UMB,660,253,407,386,73,0,40,154,4,3,652,8,ITI,ITI2,10,Umbria,Umbria,882015,15710,1.78,0.07
1632,2021-01-04,UMB,809,397,412,809,0,0,0,0,0,0,809,0,ITI,ITI2,10,Umbria,Umbria,882015,16519,1.87,0.09
1633,2021-04-10,UMB,7421,3491,3930,81,5,6559,30,685,11,50,7307,114,ITI,ITI2,10,Umbria,Umbria,882015,23940,2.71,0.84
1634,2021-02-20,UMB,282,100,182,83,7,1,39,152,0,0,258,24,ITI,ITI2,10,Umbria,Umbria,882015,24222,2.75,0.03
1635,2021-02-05,UMB,780,234,546,645,51,0,84,0,0,0,18,762,ITI,ITI2,10,Umbria,Umbria,882015,25002,2.83,0.09
1636,2021-02-03,UMB,725,174,551,560,34,0,131,0,0,0,67,658,ITI,ITI2,10,Umbria,Umbria,882015,25727,2.92,0.08
1637,2021-01-07,UMB,1291,383,908,884,1,2,404,0,0,0,1291,0,ITI,ITI2,10,Umbria,Umbria,882015,27018,3.06,0.15
1638,2021-03-14,UMB,66,48,18,0,6,55,1,0,0,4,66,0,ITI,ITI2,10,Umbria,Umbria,882015,27084,3.07,0.01
1639,2021-03-11,UMB,3539,1681,1858,144,604,175,239,2018,201,158,2533,1006,ITI,ITI2,10,Umbria,Umbria,882015,30623,3.47,0.4
1640,2021-03-27,UMB,4247,1510,2737,752,154,508,1,2232,24,576,3907,340,ITI,ITI2,10,Umbria,Umbria,882015,34870,3.95,0.48
1641,2021-04-03,UMB,2080,708,1372,143,22,406,30,1256,7,216,1053,1027,ITI,ITI2,10,Umbria,Umbria,882015,36950,4.19,0.24
1642,2021-03-04,UMB,4485,1853,2632,849,164,72,4,1562,368,1466,3657,828,ITI,ITI2,10,Umbria,Umbria,882015,41435,4.7,0.51
1643,2021-04-02,UMB,4229,1694,2535,375,76,2518,46,852,31,331,3509,720,ITI,ITI2,10,Umbria,Umbria,882015,45664,5.18,0.48
1644,2021-03-01,UMB,1503,774,729,110,10,15,0,1249,118,1,1389,114,ITI,ITI2,10,Umbria,Umbria,882015,47167,5.35,0.17
1645,2021-01-06,UMB,843,323,520,840,0,3,0,0,0,0,843,0,ITI,ITI2,10,Umbria,Umbria,882015,48010,5.44,0.1
1646,2021-03-10,UMB,3985,1908,2077,122,745,113,157,2564,209,75,2729,1256,ITI,ITI2,10,Umbria,Umbria,882015,51995,5.9,0.45
1647,2021-03-06,UMB,4261,1110,3151,422,178,71,26,1122,120,2322,4118,143,ITI,ITI2,10,Umbria,Umbria,882015,56256,6.38,0.48
1648,2021-02-16,UMB,1307,655,652,34,4,7,0,1262,0,0,1298,9,ITI,ITI2,10,Umbria,Umbria,882015,57563,6.53,0.15
1649,2021-01-27,UMB,838,329,509,837,1,0,0,0,0,0,13,825,ITI,ITI2,10,Umbria,Umbria,882015,58401,6.62,0.1
1650,2021-01-05,UMB,850,428,422,847,0,3,0,0,0,0,850,0,ITI,ITI2,10,Umbria,Umbria,882015,59251,6.72,0.1
1651,2021-02-24,UMB,1520,565,955,1083,45,1,90,292,9,0,1505,15,ITI,ITI2,10,Umbria,Umbria,882015,60771,6.89,0.17
1652,2021-02-17,UMB,1618,748,870,363,3,11,0,1240,0,1,1267,351,ITI,ITI2,10,Umbria,Umbria,882015,62389,7.07,0.18
1653,2021-01-15,UMB,696,213,483,588,44,0,64,0,0,0,696,0,ITI,ITI2,10,Umbria,Umbria,882015,63085,7.15,0.08
1654,2021-01-09,UMB,1719,492,1227,888,7,0,824,0,0,0,1719,0,ITI,ITI2,10,Umbria,Umbria,882015,64804,7.35,0.19
1655,2021-02-13,UMB,115,28,87,68,46,0,0,1,0,0,112,3,ITI,ITI2,10,Umbria,Umbria,882015,64919,7.36,0.01
1656,2021-02-27,UMB,1658,354,1304,14,11,0,13,0,60,1560,1642,16,ITI,ITI2,10,Umbria,Umbria,882015,66577,7.55,0.19
1657,2021-04-06,UMB,5224,2134,3090,598,43,1146,79,3329,1,28,2879,2345,ITI,ITI2,10,Umbria,Umbria,882015,71801,8.14,0.59
1658,2021-01-16,UMB,221,73,148,146,32,0,43,0,0,0,221,0,ITI,ITI2,10,Umbria,Umbria,882015,72022,8.17,0.03
1659,2021-01-14,UMB,750,200,550,697,35,0,17,0,0,1,750,0,ITI,ITI2,10,Umbria,Umbria,882015,72772,8.25,0.09
1660,2021-03-29,UMB,3802,1649,2153,247,36,600,58,2834,1,26,2318,1484,ITI,ITI2,10,Umbria,Umbria,882015,76574,8.68,0.43
1661,2020-12-31,UMB,322,127,195,310,0,12,0,0,0,0,322,0,ITI,ITI2,10,Umbria,Umbria,882015,76896,8.72,0.04
1662,2021-02-23,UMB,1693,658,1035,1187,95,0,17,394,0,0,1651,42,ITI,ITI2,10,Umbria,Umbria,882015,78589,8.91,0.19
1663,2021-04-01,UMB,4123,1702,2421,193,12,515,239,3142,3,19,2152,1971,ITI,ITI2,10,Umbria,Umbria,882015,82712,9.38,0.47
1664,2021-03-20,UMB,2272,821,1451,316,178,506,0,0,72,1200,2247,25,ITI,ITI2,10,Umbria,Umbria,882015,84984,9.64,0.26
1665,2021-02-08,UMB,637,203,434,368,111,0,154,0,4,0,88,549,ITI,ITI2,10,Umbria,Umbria,882015,85621,9.71,0.07
1666,2021-03-05,UMB,4591,1379,3212,604,296,93,7,689,348,2554,3935,656,ITI,ITI2,10,Umbria,Umbria,882015,90212,10.23,0.52
1667,2021-02-02,UMB,942,274,668,713,16,1,212,0,0,0,32,910,ITI,ITI2,10,Umbria,Umbria,882015,91154,10.33,0.11
1668,2021-03-21,UMB,665,330,335,31,14,522,0,0,34,64,665,0,ITI,ITI2,10,Umbria,Umbria,882015,91819,10.41,0.08
1669,2021-03-03,UMB,4436,1772,2664,720,236,53,86,1518,290,1533,3724,712,ITI,ITI2,10,Umbria,Umbria,882015,96255,10.91,0.5
1670,2021-02-18,UMB,1495,582,913,324,14,2,170,985,0,0,1029,466,ITI,ITI2,10,Umbria,Umbria,882015,97750,11.08,0.17
1671,2021-04-11,UMB,3093,1498,1595,30,1,2889,2,132,35,4,3044,49,ITI,ITI2,10,Umbria,Umbria,882015,100843,11.43,0.35
1672,2021-01-08,UMB,1173,337,836,926,8,1,238,0,0,0,1173,0,ITI,ITI2,10,Umbria,Umbria,882015,102016,11.57,0.13
1673,2021-02-10,UMB,715,349,366,606,106,0,3,0,0,0,700,15,ITI,ITI2,10,Umbria,Umbria,882015,102731,11.65,0.08
1674,2021-04-14,UMB,7967,3585,4382,226,20,4559,15,3123,5,19,5988,1979,ITI,ITI2,10,Umbria,Umbria,882015,110698,12.55,0.9
1675,2021-03-15,UMB,4595,1929,2666,1425,194,152,79,2340,142,263,2827,1768,ITI,ITI2,10,Umbria,Umbria,882015,115293,13.07,0.52
1676,2021-01-26,UMB,814,390,424,813,1,0,0,0,0,0,18,796,ITI,ITI2,10,Umbria,Umbria,882015,116107,13.16,0.09
1677,2021-01-31,UMB,1056,276,780,765,10,0,281,0,0,0,25,1031,ITI,ITI2,10,Umbria,Umbria,882015,117163,13.28,0.12
1678,2021-04-05,UMB,4249,1728,2521,764,16,717,69,2651,6,26,2193,2056,ITI,ITI2,10,Umbria,Umbria,882015,121412,13.77,0.48
1679,2021-01-30,UMB,1577,483,1094,841,18,0,717,1,0,0,44,1533,ITI,ITI2,10,Umbria,Umbria,882015,122989,13.94,0.18
1680,2021-03-25,UMB,3875,1691,2184,256,51,160,63,3265,48,32,2811,1064,ITI,ITI2,10,Umbria,Umbria,882015,126864,14.38,0.44
1681,2021-01-24,UMB,254,104,150,254,0,0,0,0,0,0,1,253,ITI,ITI2,10,Umbria,Umbria,882015,127118,14.41,0.03
1682,2021-03-07,UMB,845,180,665,17,68,14,25,45,0,676,838,7,ITI,ITI2,10,Umbria,Umbria,882015,127963,14.51,0.1
1683,2021-01-13,UMB,450,139,311,379,28,1,42,0,0,0,450,0,ITI,ITI2,10,Umbria,Umbria,882015,128413,14.56,0.05
1684,2021-04-07,UMB,5517,2274,3243,482,35,1715,92,3168,6,19,3512,2005,ITI,ITI2,10,Umbria,Umbria,882015,133930,15.18,0.63
1685,2021-03-13,UMB,1731,524,1207,120,122,58,49,152,78,1152,1486,245,ITI,ITI2,10,Umbria,Umbria,882015,135661,15.38,0.2
1686,2021-04-13,UMB,7549,3344,4205,218,17,4406,21,2866,2,19,5881,1668,ITI,ITI2,10,Umbria,Umbria,882015,143210,16.24,0.86
1687,2021-03-30,UMB,3939,1703,2236,179,27,537,108,3068,0,20,2407,1532,ITI,ITI2,10,Umbria,Umbria,882015,147149,16.68,0.45
1688,2021-01-20,UMB,613,222,391,583,14,1,14,0,0,1,613,0,ITI,ITI2,10,Umbria,Umbria,882015,147762,16.75,0.07
1689,2020-12-27,UMB,85,45,40,67,2,0,16,0,0,0,85,0,ITI,ITI2,10,Umbria,Umbria,882015,147847,16.76,0.01
1690,2021-03-24,UMB,4067,1758,2309,215,98,169,1,3505,37,42,2744,1323,ITI,ITI2,10,Umbria,Umbria,882015,151914,17.22,0.46
1691,2021-03-23,UMB,3793,1685,2108,395,179,206,12,2852,89,60,2164,1629,ITI,ITI2,10,Umbria,Umbria,882015,155707,17.65,0.43
1692,2021-01-18,UMB,613,219,394,347,114,8,144,0,0,0,529,84,ITI,ITI2,10,Umbria,Umbria,882015,156320,17.72,0.07
1693,2021-02-15,UMB,1368,692,676,10,4,3,0,1351,0,0,1367,1,ITI,ITI2,10,Umbria,Umbria,882015,157688,17.88,0.16
1694,2021-01-03,UMB,267,111,156,267,0,0,0,0,0,0,267,0,ITI,ITI2,10,Umbria,Umbria,882015,157955,17.91,0.03
1695,2021-02-12,UMB,671,224,447,459,208,0,1,1,0,2,665,6,ITI,ITI2,10,Umbria,Umbria,882015,158626,17.98,0.08
1696,2021-01-22,UMB,276,105,171,273,1,0,2,0,0,0,32,244,ITI,ITI2,10,Umbria,Umbria,882015,158902,18.02,0.03
1697,2021-03-08,UMB,3668,1799,1869,141,273,81,46,2855,230,42,2305,1363,ITI,ITI2,10,Umbria,Umbria,882015,162570,18.43,0.42
1698,2021-01-21,UMB,610,202,408,428,13,0,169,0,0,0,341,269,ITI,ITI2,10,Umbria,Umbria,882015,163180,18.5,0.07
1699,2021-01-23,UMB,277,100,177,276,1,0,0,0,0,0,2,275,ITI,ITI2,10,Umbria,Umbria,882015,163457,18.53,0.03
1700,2021-02-04,UMB,733,226,507,693,19,1,20,0,0,0,25,708,ITI,ITI2,10,Umbria,Umbria,882015,164190,18.62,0.08
1701,2021-03-02,UMB,3638,1345,2293,318,223,51,55,1302,243,1446,3634,4,ITI,ITI2,10,Umbria,Umbria,882015,167828,19.03,0.41
1702,2021-02-11,UMB,842,349,493,735,98,1,5,0,0,3,837,5,ITI,ITI2,10,Umbria,Umbria,882015,168670,19.12,0.1
1703,2021-03-18,UMB,2831,1100,1731,975,116,19,246,1460,3,12,1593,1238,ITI,ITI2,10,Umbria,Umbria,882015,171501,19.44,0.32
1704,2021-03-17,UMB,3330,1313,2017,1430,53,9,131,1683,8,16,1858,1472,ITI,ITI2,10,Umbria,Umbria,882015,174831,19.82,0.38
1705,2021-04-08,UMB,5651,2380,3271,343,11,2231,163,2886,5,12,3963,1688,ITI,ITI2,10,Umbria,Umbria,882015,180482,20.46,0.64
1706,2021-04-04,UMB,59,20,39,0,0,22,0,37,0,0,23,36,ITI,ITI2,10,Umbria,Umbria,882015,180541,20.47,0.01
1707,2021-04-15,UMB,4422,2002,2420,181,28,2294,36,1853,8,22,3458,964,ITI,ITI2,10,Umbria,Umbria,882015,184963,20.97,0.5
1708,2021-01-12,UMB,784,247,537,665,7,7,105,0,0,0,784,0,ITI,ITI2,10,Umbria,Umbria,882015,185747,21.06,0.09
1709,2021-03-22,UMB,3558,1653,1905,163,120,201,0,2828,99,147,2312,1246,ITI,ITI2,10,Umbria,Umbria,882015,189305,21.46,0.4
1710,2021-01-28,UMB,1240,392,848,891,4,0,345,0,0,0,19,1221,ITI,ITI2,10,Umbria,Umbria,882015,190545,21.6,0.14
1711,2021-03-31,UMB,3873,1714,2159,177,21,531,160,2959,2,23,2211,1662,ITI,ITI2,10,Umbria,Umbria,882015,194418,22.04,0.44
1712,2021-01-10,UMB,1056,275,781,740,3,4,309,0,0,0,1056,0,ITI,ITI2,10,Umbria,Umbria,882015,195474,22.16,0.12
1713,2021-02-25,UMB,1335,496,839,827,96,3,99,305,0,5,1283,52,ITI,ITI2,10,Umbria,Umbria,882015,196809,22.31,0.15
1714,2021-02-19,UMB,743,293,450,282,12,2,14,433,0,0,526,217,ITI,ITI2,10,Umbria,Umbria,882015,197552,22.4,0.08
1715,2021-03-26,UMB,4563,1682,2881,570,152,479,91,2481,52,738,4390,173,ITI,ITI2,10,Umbria,Umbria,882015,202115,22.92,0.52
1716,2021-01-29,UMB,1221,343,878,934,16,0,271,0,0,0,79,1142,ITI,ITI2,10,Umbria,Umbria,882015,203336,23.05,0.14
1717,2021-03-16,UMB,3505,1434,2071,1634,68,20,65,1707,0,11,1878,1627,ITI,ITI2,10,Umbria,Umbria,882015,206841,23.45,0.4
1718,2021-04-16,UMB,5154,2426,2728,134,6,3808,29,997,10,170,4136,1018,ITI,ITI2,10,Umbria,Umbria,882015,211995,24.04,0.58
1719,2021-03-12,UMB,2633,1031,1602,113,410,183,41,464,229,1193,2135,498,ITI,ITI2,10,Umbria,Umbria,882015,214628,24.33,0.3
1720,2021-04-09,UMB,6250,2923,3327,86,30,5392,24,631,2,85,6052,198,ITI,ITI2,10,Umbria,Umbria,882015,220878,25.04,0.71
1721,2021-02-07,UMB,54,17,37,46,8,0,0,0,0,0,1,53,ITI,ITI2,10,Umbria,Umbria,882015,220932,25.05,0.01
1722,2021-02-22,UMB,1859,778,1081,736,89,27,1,1006,0,0,1773,86,ITI,ITI2,10,Umbria,Umbria,882015,222791,25.26,0.21
1723,2021-01-17,UMB,54,17,37,47,7,0,0,0,0,0,54,0,ITI,ITI2,10,Umbria,Umbria,882015,222845,25.27,0.01
1724,2021-03-19,UMB,1734,561,1173,462,144,118,68,192,26,724,1078,656,ITI,ITI2,10,Umbria,Umbria,882015,224579,25.46,0.2
1725,2021-03-28,UMB,1094,442,652,65,8,20,5,935,24,37,1070,24,ITI,ITI2,10,Umbria,Umbria,882015,225673,25.59,0.12
1726,2021-01-01,UMB,273,105,168,272,0,1,0,0,0,0,273,0,ITI,ITI2,10,Umbria,Umbria,882015,225946,25.62,0.03
1727,2021-03-21,MOL,1246,542,704,14,1,141,0,1090,0,0,479,767,ITF,ITF2,14,Molise,Molise,305617,1246,0.41,0.41
1728,2021-03-07,MOL,1131,501,630,2,16,0,0,1113,0,0,1129,2,ITF,ITF2,14,Molise,Molise,305617,2377,0.78,0.37
1729,2021-02-23,MOL,581,223,358,136,39,4,61,340,0,1,362,219,ITF,ITF2,14,Molise,Molise,305617,2958,0.97,0.19
1730,2021-03-24,MOL,1630,658,972,77,1,348,0,707,47,450,1228,402,ITF,ITF2,14,Molise,Molise,305617,4588,1.5,0.53
1731,2021-01-13,MOL,474,160,314,256,66,7,144,0,0,1,474,0,ITF,ITF2,14,Molise,Molise,305617,5062,1.66,0.16
1732,2021-02-02,MOL,539,176,363,295,64,0,180,0,0,0,216,323,ITF,ITF2,14,Molise,Molise,305617,5601,1.83,0.18
1733,2021-03-23,MOL,1642,694,948,76,2,453,6,572,79,454,1435,207,ITF,ITF2,14,Molise,Molise,305617,7243,2.37,0.54
1734,2020-12-27,MOL,50,20,30,29,4,0,17,0,0,0,50,0,ITF,ITF2,14,Molise,Molise,305617,7293,2.39,0.02
1735,2021-03-12,MOL,1458,637,821,42,31,47,0,718,115,505,1422,36,ITF,ITF2,14,Molise,Molise,305617,8751,2.86,0.48
1736,2021-04-06,MOL,1462,688,774,33,2,1174,9,238,5,1,1119,343,ITF,ITF2,14,Molise,Molise,305617,10213,3.34,0.48
1737,2021-01-08,MOL,429,141,288,244,6,59,120,0,0,0,429,0,ITF,ITF2,14,Molise,Molise,305617,10642,3.48,0.14
1738,2021-02-21,MOL,573,227,346,1,0,4,0,568,0,0,571,2,ITF,ITF2,14,Molise,Molise,305617,11215,3.67,0.19
1739,2021-03-14,MOL,594,239,355,2,0,11,0,581,0,0,16,578,ITF,ITF2,14,Molise,Molise,305617,11809,3.86,0.19
1740,2021-01-29,MOL,421,136,285,227,23,59,109,0,0,3,6,415,ITF,ITF2,14,Molise,Molise,305617,12230,4.0,0.14
1741,2021-02-28,MOL,829,331,498,38,1,4,27,759,0,0,787,42,ITF,ITF2,14,Molise,Molise,305617,13059,4.27,0.27
1742,2021-02-18,MOL,319,74,245,296,8,15,0,0,0,0,306,13,ITF,ITF2,14,Molise,Molise,305617,13378,4.38,0.1
1743,2021-01-10,MOL,270,72,198,82,19,0,169,0,0,0,270,0,ITF,ITF2,14,Molise,Molise,305617,13648,4.47,0.09
1744,2021-01-31,MOL,268,70,198,85,18,0,164,0,0,1,6,262,ITF,ITF2,14,Molise,Molise,305617,13916,4.55,0.09
1745,2021-03-29,MOL,1996,826,1170,108,5,857,5,480,16,525,1510,486,ITF,ITF2,14,Molise,Molise,305617,15912,5.21,0.65
1746,2021-02-19,MOL,169,93,76,95,28,42,1,0,0,3,167,2,ITF,ITF2,14,Molise,Molise,305617,16081,5.26,0.06
1747,2021-01-28,MOL,613,217,396,430,9,19,154,0,0,1,17,596,ITF,ITF2,14,Molise,Molise,305617,16694,5.46,0.2
1748,2021-03-15,MOL,832,338,494,137,6,149,66,116,61,297,587,245,ITF,ITF2,14,Molise,Molise,305617,17526,5.73,0.27
1749,2021-02-09,MOL,359,170,189,161,83,5,110,0,0,0,197,162,ITF,ITF2,14,Molise,Molise,305617,17885,5.85,0.12
1750,2021-04-15,MOL,1861,772,1089,3,1,1211,0,617,2,27,1046,815,ITF,ITF2,14,Molise,Molise,305617,19746,6.46,0.61
1751,2021-03-18,MOL,1156,476,680,73,10,174,45,854,0,0,692,464,ITF,ITF2,14,Molise,Molise,305617,20902,6.84,0.38
1752,2021-01-12,MOL,336,114,222,132,74,1,129,0,0,0,336,0,ITF,ITF2,14,Molise,Molise,305617,21238,6.95,0.11
1753,2021-03-05,MOL,1219,649,570,322,1,54,0,618,151,73,1015,204,ITF,ITF2,14,Molise,Molise,305617,22457,7.35,0.4
1754,2021-03-10,MOL,1737,720,1017,188,3,92,1,757,187,509,1687,50,ITF,ITF2,14,Molise,Molise,305617,24194,7.92,0.57
1755,2021-01-26,MOL,450,184,266,444,0,5,0,0,0,1,8,442,ITF,ITF2,14,Molise,Molise,305617,24644,8.06,0.15
1756,2021-04-01,MOL,1435,653,782,27,8,627,21,714,18,20,710,725,ITF,ITF2,14,Molise,Molise,305617,26079,8.53,0.47
1757,2021-03-22,MOL,1146,439,707,106,3,283,2,255,39,458,903,243,ITF,ITF2,14,Molise,Molise,305617,27225,8.91,0.37
1758,2021-04-10,MOL,2554,1233,1321,10,0,2297,0,225,3,19,2403,151,ITF,ITF2,14,Molise,Molise,305617,29779,9.74,0.84
1759,2021-01-16,MOL,420,166,254,270,14,9,127,0,0,0,420,0,ITF,ITF2,14,Molise,Molise,305617,30199,9.88,0.14
1760,2021-04-03,MOL,1764,847,917,28,0,1441,0,266,3,26,1731,33,ITF,ITF2,14,Molise,Molise,305617,31963,10.46,0.58
1761,2021-04-05,MOL,370,181,189,1,0,273,0,96,0,0,271,99,ITF,ITF2,14,Molise,Molise,305617,32333,10.58,0.12
1762,2021-02-27,MOL,1366,568,798,25,2,34,14,1290,0,1,1347,19,ITF,ITF2,14,Molise,Molise,305617,33699,11.03,0.45
1763,2021-03-30,MOL,1953,839,1114,45,0,830,1,573,80,424,1441,512,ITF,ITF2,14,Molise,Molise,305617,35652,11.67,0.64
1764,2021-01-22,MOL,126,35,91,21,32,0,73,0,0,0,126,0,ITF,ITF2,14,Molise,Molise,305617,35778,11.71,0.04
1765,2021-03-16,MOL,614,230,384,13,3,188,11,395,4,0,267,347,ITF,ITF2,14,Molise,Molise,305617,36392,11.91,0.2
1766,2021-02-05,MOL,593,269,324,460,22,48,63,0,0,0,55,538,ITF,ITF2,14,Molise,Molise,305617,36985,12.1,0.19
1767,2021-03-17,MOL,905,384,521,45,22,211,42,572,12,1,574,331,ITF,ITF2,14,Molise,Molise,305617,37890,12.4,0.3
1768,2021-03-06,MOL,1728,807,921,156,15,10,0,1395,152,0,1569,159,ITF,ITF2,14,Molise,Molise,305617,39618,12.96,0.57
1769,2021-03-03,MOL,672,316,356,63,1,4,48,384,45,127,590,82,ITF,ITF2,14,Molise,Molise,305617,40290,13.18,0.22
1770,2021-01-06,MOL,689,260,429,456,26,36,171,0,0,0,689,0,ITF,ITF2,14,Molise,Molise,305617,40979,13.41,0.23
1771,2021-04-13,MOL,1615,710,905,7,4,1280,1,322,0,1,1028,587,ITF,ITF2,14,Molise,Molise,305617,42594,13.94,0.53
1772,2021-02-04,MOL,758,295,463,502,76,38,141,0,0,1,77,681,ITF,ITF2,14,Molise,Molise,305617,43352,14.19,0.25
1773,2021-02-08,MOL,334,141,193,206,38,5,85,0,0,0,216,118,ITF,ITF2,14,Molise,Molise,305617,43686,14.29,0.11
1774,2021-01-09,MOL,450,152,298,221,27,24,178,0,0,0,450,0,ITF,ITF2,14,Molise,Molise,305617,44136,14.44,0.15
1775,2021-03-20,MOL,2320,968,1352,28,2,206,0,1855,7,222,999,1321,ITF,ITF2,14,Molise,Molise,305617,46456,15.2,0.76
1776,2021-02-16,MOL,156,70,86,148,4,4,0,0,0,0,150,6,ITF,ITF2,14,Molise,Molise,305617,46612,15.25,0.05
1777,2021-02-17,MOL,72,32,40,47,9,10,6,0,0,0,57,15,ITF,ITF2,14,Molise,Molise,305617,46684,15.28,0.02
1778,2021-04-07,MOL,1658,834,824,36,8,1337,62,109,26,80,1383,275,ITF,ITF2,14,Molise,Molise,305617,48342,15.82,0.54
1779,2021-03-02,MOL,667,383,284,98,106,12,51,136,113,151,509,158,ITF,ITF2,14,Molise,Molise,305617,49009,16.04,0.22
1780,2021-04-08,MOL,1726,889,837,105,12,1391,6,172,5,35,1525,201,ITF,ITF2,14,Molise,Molise,305617,50735,16.6,0.56
1781,2021-03-31,MOL,2138,896,1242,202,8,785,32,799,49,263,1319,819,ITF,ITF2,14,Molise,Molise,305617,52873,17.3,0.7
1782,2021-04-04,MOL,252,141,111,1,0,249,0,2,0,0,238,14,ITF,ITF2,14,Molise,Molise,305617,53125,17.38,0.08
1783,2021-02-01,MOL,562,201,361,301,143,6,111,0,0,1,14,548,ITF,ITF2,14,Molise,Molise,305617,53687,17.57,0.18
1784,2021-03-28,MOL,1589,741,848,155,15,234,0,1184,0,1,487,1102,ITF,ITF2,14,Molise,Molise,305617,55276,18.09,0.52
1785,2021-02-22,MOL,265,129,136,56,31,108,62,8,0,0,250,15,ITF,ITF2,14,Molise,Molise,305617,55541,18.17,0.09
1786,2021-01-17,MOL,78,38,40,78,0,0,0,0,0,0,48,30,ITF,ITF2,14,Molise,Molise,305617,55619,18.2,0.03
1787,2021-02-07,MOL,66,32,34,49,1,0,16,0,0,0,19,47,ITF,ITF2,14,Molise,Molise,305617,55685,18.22,0.02
1788,2021-02-24,MOL,666,278,388,242,61,44,44,274,0,1,333,333,ITF,ITF2,14,Molise,Molise,305617,56351,18.44,0.22
1789,2021-02-11,MOL,293,133,160,225,19,0,45,0,3,1,257,36,ITF,ITF2,14,Molise,Molise,305617,56644,18.53,0.1
1790,2021-03-01,MOL,661,274,387,200,28,41,108,135,2,147,447,214,ITF,ITF2,14,Molise,Molise,305617,57305,18.75,0.22
1791,2021-03-13,MOL,1189,594,595,29,0,23,5,981,151,0,200,989,ITF,ITF2,14,Molise,Molise,305617,58494,19.14,0.39
1792,2021-03-26,MOL,2560,1038,1522,70,5,839,23,1005,70,548,1918,642,ITF,ITF2,14,Molise,Molise,305617,61054,19.98,0.84
1793,2021-03-19,MOL,1180,479,701,32,0,163,9,726,2,248,753,427,ITF,ITF2,14,Molise,Molise,305617,62234,20.36,0.39
1794,2021-03-25,MOL,1806,730,1076,53,2,322,18,832,86,493,1309,497,ITF,ITF2,14,Molise,Molise,305617,64040,20.95,0.59
1795,2021-01-30,MOL,461,158,303,189,52,40,180,0,0,0,12,449,ITF,ITF2,14,Molise,Molise,305617,64501,21.11,0.15
1796,2021-01-05,MOL,449,180,269,441,0,8,0,0,0,0,449,0,ITF,ITF2,14,Molise,Molise,305617,64950,21.25,0.15
1797,2021-02-03,MOL,731,249,482,391,110,49,180,0,0,1,338,393,ITF,ITF2,14,Molise,Molise,305617,65681,21.49,0.24
1798,2021-01-27,MOL,674,251,423,436,11,17,209,0,0,1,8,666,ITF,ITF2,14,Molise,Molise,305617,66355,21.71,0.22
1799,2021-04-12,MOL,1251,546,705,17,1,1144,1,87,1,0,1009,242,ITF,ITF2,14,Molise,Molise,305617,67606,22.12,0.41
1800,2021-02-26,MOL,563,260,303,42,7,50,3,406,0,55,490,73,ITF,ITF2,14,Molise,Molise,305617,68169,22.31,0.18
1801,2021-03-04,MOL,850,417,433,252,18,6,69,469,36,0,526,324,ITF,ITF2,14,Molise,Molise,305617,69019,22.58,0.28
1802,2021-01-19,MOL,173,63,110,90,57,2,22,0,0,2,162,11,ITF,ITF2,14,Molise,Molise,305617,69192,22.64,0.06
1803,2021-01-15,MOL,538,242,296,398,17,42,81,0,0,0,538,0,ITF,ITF2,14,Molise,Molise,305617,69730,22.82,0.18
1804,2021-01-04,MOL,314,131,183,301,0,13,0,0,0,0,314,0,ITF,ITF2,14,Molise,Molise,305617,70044,22.92,0.1
1805,2021-02-06,MOL,429,179,250,276,13,9,130,0,0,1,29,400,ITF,ITF2,14,Molise,Molise,305617,70473,23.06,0.14
1806,2021-03-09,MOL,1329,579,750,199,1,109,0,409,218,393,1177,152,ITF,ITF2,14,Molise,Molise,305617,71802,23.49,0.43
1807,2021-03-27,MOL,2707,1263,1444,18,3,802,0,1880,3,1,1274,1433,ITF,ITF2,14,Molise,Molise,305617,74509,24.38,0.89
1808,2021-02-13,MOL,132,80,52,129,3,0,0,0,0,0,132,0,ITF,ITF2,14,Molise,Molise,305617,74641,24.42,0.04
1809,2021-04-02,MOL,1386,680,706,47,0,675,0,658,4,2,625,761,ITF,ITF2,14,Molise,Molise,305617,76027,24.88,0.45
1810,2021-01-14,MOL,646,239,407,418,82,31,115,0,0,0,646,0,ITF,ITF2,14,Molise,Molise,305617,76673,25.09,0.21
1811,2021-04-16,MOL,1821,772,1049,43,3,1242,4,516,7,6,867,954,ITF,ITF2,14,Molise,Molise,305617,78494,25.68,0.6
1812,2021-04-09,MOL,2293,1239,1054,33,4,2141,1,112,1,1,2102,191,ITF,ITF2,14,Molise,Molise,305617,80787,26.43,0.75
1813,2021-02-25,MOL,541,239,302,68,3,9,28,433,0,0,473,68,ITF,ITF2,14,Molise,Molise,305617,81328,26.61,0.18
1814,2021-02-10,MOL,150,78,72,91,6,0,53,0,0,0,130,20,ITF,ITF2,14,Molise,Molise,305617,81478,26.66,0.05
1815,2021-04-14,MOL,1773,756,1017,44,1,1288,11,421,5,3,1131,642,ITF,ITF2,14,Molise,Molise,305617,83251,27.24,0.58
1816,2021-02-15,MOL,144,70,74,117,8,4,15,0,0,0,141,3,ITF,ITF2,14,Molise,Molise,305617,83395,27.29,0.05
1817,2021-03-08,MOL,1376,522,854,359,44,61,23,409,76,404,1236,140,ITF,ITF2,14,Molise,Molise,305617,84771,27.74,0.45
1818,2021-01-07,MOL,598,209,389,414,1,38,145,0,0,0,598,0,ITF,ITF2,14,Molise,Molise,305617,85369,27.93,0.2
1819,2021-02-20,MOL,1018,441,577,20,4,53,8,933,0,0,998,20,ITF,ITF2,14,Molise,Molise,305617,86387,28.27,0.33
1820,2021-01-18,MOL,114,48,66,97,14,3,0,0,0,0,114,0,ITF,ITF2,14,Molise,Molise,305617,86501,28.3,0.04
1821,2021-03-11,MOL,1463,636,827,42,2,22,14,699,185,499,1457,6,ITF,ITF2,14,Molise,Molise,305617,87964,28.78,0.48
1822,2021-01-25,MOL,319,130,189,317,0,0,0,0,0,2,3,316,ITF,ITF2,14,Molise,Molise,305617,88283,28.89,0.1
1823,2021-02-12,MOL,330,149,181,224,12,20,72,0,0,2,208,122,ITF,ITF2,14,Molise,Molise,305617,88613,28.99,0.11
1824,2021-01-20,MOL,18,8,10,14,4,0,0,0,0,0,18,0,ITF,ITF2,14,Molise,Molise,305617,88631,29.0,0.01
1825,2021-04-11,MOL,1146,579,567,0,0,1098,0,48,0,0,1133,13,ITF,ITF2,14,Molise,Molise,305617,89777,29.38,0.37
1826,2021-01-11,MOL,557,194,363,196,193,57,111,0,0,0,557,0,ITF,ITF2,14,Molise,Molise,305617,90334,29.56,0.18
1827,2021-01-21,MOL,6,2,4,0,6,0,0,0,0,0,6,0,ITF,ITF2,14,Molise,Molise,305617,90340,29.56,0.0
1828,2021-02-17,SIC,5434,3294,2140,1531,118,1009,880,8,1886,2,4760,674,ITG,ITG1,19,Sicilia,Sicilia,4999891,5434,0.11,0.11
1829,2021-03-14,SIC,8825,3947,4878,569,42,3043,176,4281,36,678,4967,3858,ITG,ITG1,19,Sicilia,Sicilia,4999891,14259,0.29,0.18
1830,2021-03-23,SIC,21057,10105,10952,880,41,11992,365,5826,306,1647,15449,5608,ITG,ITG1,19,Sicilia,Sicilia,4999891,35316,0.71,0.42
1831,2021-01-31,SIC,4113,1959,2154,2602,117,1099,295,0,0,0,114,3999,ITG,ITG1,19,Sicilia,Sicilia,4999891,39429,0.79,0.08
1832,2021-02-10,SIC,4433,1819,2614,1975,221,1496,741,0,0,0,4008,425,ITG,ITG1,19,Sicilia,Sicilia,4999891,43862,0.88,0.09
1833,2021-02-02,SIC,5541,2623,2918,3156,221,1735,429,0,0,0,633,4908,ITG,ITG1,19,Sicilia,Sicilia,4999891,49403,0.99,0.11
1834,2021-03-15,SIC,10765,4725,6040,1241,48,2608,666,4831,217,1154,5692,5073,ITG,ITG1,19,Sicilia,Sicilia,4999891,60168,1.2,0.22
1835,2021-01-28,SIC,9330,4400,4930,7466,221,1348,295,0,0,0,414,8916,ITG,ITG1,19,Sicilia,Sicilia,4999891,69498,1.39,0.19
1836,2021-01-10,SIC,3618,1615,2003,2126,125,903,464,0,0,0,3618,0,ITG,ITG1,19,Sicilia,Sicilia,4999891,73116,1.46,0.07
1837,2021-02-08,SIC,4086,1759,2327,2346,188,1155,397,0,0,0,2128,1958,ITG,ITG1,19,Sicilia,Sicilia,4999891,77202,1.54,0.08
1838,2021-01-07,SIC,9173,4239,4934,7694,70,1199,210,0,0,0,9173,0,ITG,ITG1,19,Sicilia,Sicilia,4999891,86375,1.73,0.18
1839,2021-02-16,SIC,4414,2300,2114,1465,207,1080,779,25,857,1,3947,467,ITG,ITG1,19,Sicilia,Sicilia,4999891,90789,1.82,0.09
1840,2021-01-09,SIC,7326,3424,3902,5034,146,1690,456,0,0,0,7326,0,ITG,ITG1,19,Sicilia,Sicilia,4999891,98115,1.96,0.15
1841,2021-03-11,SIC,15498,6544,8954,1611,127,5101,906,3936,493,3324,12924,2574,ITG,ITG1,19,Sicilia,Sicilia,4999891,113613,2.27,0.31
1842,2021-02-14,SIC,1057,402,655,433,58,330,236,0,0,0,917,140,ITG,ITG1,19,Sicilia,Sicilia,4999891,114670,2.29,0.02
1843,2021-03-31,SIC,14593,6732,7861,646,50,7997,520,5139,52,189,9565,5028,ITG,ITG1,19,Sicilia,Sicilia,4999891,129263,2.59,0.29
1844,2021-01-11,SIC,5905,2591,3314,3923,196,1404,382,0,0,0,5905,0,ITG,ITG1,19,Sicilia,Sicilia,4999891,135168,2.7,0.12
1845,2020-12-28,SIC,207,124,83,205,0,2,0,0,0,0,207,0,ITG,ITG1,19,Sicilia,Sicilia,4999891,135375,2.71,0.0
1846,2021-03-24,SIC,21151,9897,11254,956,64,12176,550,5857,86,1462,15263,5888,ITG,ITG1,19,Sicilia,Sicilia,4999891,156526,3.13,0.42
1847,2021-03-16,SIC,10171,4464,5707,1663,105,1630,810,5677,68,218,4019,6152,ITG,ITG1,19,Sicilia,Sicilia,4999891,166697,3.33,0.2
1848,2021-03-08,SIC,13582,5848,7734,2013,113,2050,628,3845,932,4001,10768,2814,ITG,ITG1,19,Sicilia,Sicilia,4999891,180279,3.61,0.27
1849,2021-03-29,SIC,14993,7036,7957,876,39,8419,328,5008,19,304,10475,4518,ITG,ITG1,19,Sicilia,Sicilia,4999891,195272,3.91,0.3
1850,2021-01-15,SIC,5079,2233,2846,2824,158,1618,479,0,0,0,5079,0,ITG,ITG1,19,Sicilia,Sicilia,4999891,200351,4.01,0.1
1851,2021-03-07,SIC,9279,3465,5814,968,62,908,431,3396,216,3298,8195,1084,ITG,ITG1,19,Sicilia,Sicilia,4999891,209630,4.19,0.19
1852,2021-03-26,SIC,17893,8327,9566,1071,40,9578,314,5525,57,1308,12376,5517,ITG,ITG1,19,Sicilia,Sicilia,4999891,227523,4.55,0.36
1853,2021-02-28,SIC,7181,3072,4109,871,33,1280,93,3291,254,1359,6551,630,ITG,ITG1,19,Sicilia,Sicilia,4999891,234704,4.69,0.14
1854,2021-01-02,SIC,4872,2533,2339,4311,0,561,0,0,0,0,4872,0,ITG,ITG1,19,Sicilia,Sicilia,4999891,239576,4.79,0.1
1855,2021-02-15,SIC,3951,1862,2089,1700,108,1237,563,10,307,26,3382,569,ITG,ITG1,19,Sicilia,Sicilia,4999891,243527,4.87,0.08
1856,2021-04-01,SIC,14464,6695,7769,623,29,8094,490,5017,20,191,9738,4726,ITG,ITG1,19,Sicilia,Sicilia,4999891,257991,5.16,0.29
1857,2021-02-19,SIC,5162,2758,2404,1487,183,1181,602,74,1396,239,4591,571,ITG,ITG1,19,Sicilia,Sicilia,4999891,263153,5.26,0.1
1858,2021-02-18,SIC,5496,3174,2322,1636,165,1080,813,9,1697,96,5065,431,ITG,ITG1,19,Sicilia,Sicilia,4999891,268649,5.37,0.11
1859,2021-01-26,SIC,9528,4685,4843,8391,72,811,254,0,0,0,265,9263,ITG,ITG1,19,Sicilia,Sicilia,4999891,278177,5.56,0.19
1860,2021-04-09,SIC,20638,10075,10563,740,110,14729,358,4371,45,285,11471,9167,ITG,ITG1,19,Sicilia,Sicilia,4999891,298815,5.98,0.41
1861,2021-01-03,SIC,4693,2454,2239,4361,0,332,0,0,0,0,4693,0,ITG,ITG1,19,Sicilia,Sicilia,4999891,303508,6.07,0.09
1862,2021-04-07,SIC,15752,7761,7991,764,114,9768,465,4425,34,182,8584,7168,ITG,ITG1,19,Sicilia,Sicilia,4999891,319260,6.39,0.32
1863,2021-01-16,SIC,2776,1195,1581,1329,165,984,298,0,0,0,2776,0,ITG,ITG1,19,Sicilia,Sicilia,4999891,322036,6.44,0.06
1864,2021-04-04,SIC,6982,3379,3603,192,33,4100,119,2486,8,44,5689,1293,ITG,ITG1,19,Sicilia,Sicilia,4999891,329018,6.58,0.14
1865,2021-01-23,SIC,4150,2148,2002,3913,33,188,16,0,0,0,225,3925,ITG,ITG1,19,Sicilia,Sicilia,4999891,333168,6.66,0.08
1866,2021-02-21,SIC,5178,2508,2670,379,30,622,174,3682,138,153,5070,108,ITG,ITG1,19,Sicilia,Sicilia,4999891,338346,6.77,0.1
1867,2021-01-18,SIC,1576,657,919,721,75,551,229,0,0,0,1432,144,ITG,ITG1,19,Sicilia,Sicilia,4999891,339922,6.8,0.03
1868,2021-04-03,SIC,15302,7280,8022,432,14,9514,202,4933,18,189,12460,2842,ITG,ITG1,19,Sicilia,Sicilia,4999891,355224,7.1,0.31
1869,2021-02-06,SIC,5068,2227,2841,2535,252,1689,592,0,0,0,1488,3580,ITG,ITG1,19,Sicilia,Sicilia,4999891,360292,7.21,0.1
1870,2021-01-19,SIC,1271,521,750,521,59,453,238,0,0,0,1093,178,ITG,ITG1,19,Sicilia,Sicilia,4999891,361563,7.23,0.03
1871,2021-02-11,SIC,5332,2103,3229,2458,307,1677,890,0,0,0,4868,464,ITG,ITG1,19,Sicilia,Sicilia,4999891,366895,7.34,0.11
1872,2021-04-06,SIC,18163,8716,9447,803,66,11029,562,5458,57,188,13840,4323,ITG,ITG1,19,Sicilia,Sicilia,4999891,385058,7.7,0.36
1873,2021-03-13,SIC,12464,5492,6972,1174,87,4193,493,4615,134,1768,7858,4606,ITG,ITG1,19,Sicilia,Sicilia,4999891,397522,7.95,0.25
1874,2021-02-04,SIC,6908,3174,3734,4429,188,1751,540,0,0,0,1460,5448,ITG,ITG1,19,Sicilia,Sicilia,4999891,404430,8.09,0.14
1875,2021-03-27,SIC,15805,7460,8345,650,25,8417,350,5587,34,742,10885,4920,ITG,ITG1,19,Sicilia,Sicilia,4999891,420235,8.4,0.32
1876,2021-02-03,SIC,6104,2858,3246,3359,152,1969,624,0,0,0,756,5348,ITG,ITG1,19,Sicilia,Sicilia,4999891,426339,8.53,0.12
1877,2021-04-13,SIC,20029,9778,10251,665,51,15131,269,3753,33,127,11278,8751,ITG,ITG1,19,Sicilia,Sicilia,4999891,446368,8.93,0.4
1878,2021-04-16,SIC,19221,9646,9575,512,80,14853,429,3273,16,58,12730,6491,ITG,ITG1,19,Sicilia,Sicilia,4999891,465589,9.31,0.38
1879,2021-02-12,SIC,4747,1853,2894,2301,260,1542,644,0,0,0,4416,331,ITG,ITG1,19,Sicilia,Sicilia,4999891,470336,9.41,0.09
1880,2021-01-27,SIC,7534,3838,3696,6330,66,986,152,0,0,0,189,7345,ITG,ITG1,19,Sicilia,Sicilia,4999891,477870,9.56,0.15
1881,2021-04-02,SIC,14037,6607,7430,633,29,7638,367,5151,16,203,9250,4787,ITG,ITG1,19,Sicilia,Sicilia,4999891,491907,9.84,0.28
1882,2021-01-30,SIC,7838,3569,4269,5451,253,1659,475,0,0,0,175,7663,ITG,ITG1,19,Sicilia,Sicilia,4999891,499745,10.0,0.16
1883,2021-01-14,SIC,5250,2514,2736,3046,91,1854,259,0,0,0,5250,0,ITG,ITG1,19,Sicilia,Sicilia,4999891,504995,10.1,0.11
1884,2021-03-21,SIC,15222,7336,7886,489,10,9113,57,4503,92,958,11248,3974,ITG,ITG1,19,Sicilia,Sicilia,4999891,520217,10.4,0.3
1885,2021-03-19,SIC,16504,8124,8380,1262,101,8731,561,5351,42,456,10776,5728,ITG,ITG1,19,Sicilia,Sicilia,4999891,536721,10.73,0.33
1886,2021-01-06,SIC,6471,3402,3069,5717,24,728,2,0,0,0,6471,0,ITG,ITG1,19,Sicilia,Sicilia,4999891,543192,10.86,0.13
1887,2021-04-15,SIC,21306,10370,10936,800,24,15930,316,4098,26,112,11763,9543,ITG,ITG1,19,Sicilia,Sicilia,4999891,564498,11.29,0.43
1888,2021-02-13,SIC,3107,1168,1939,1296,160,1081,570,0,0,0,2850,257,ITG,ITG1,19,Sicilia,Sicilia,4999891,567605,11.35,0.06
1889,2021-01-25,SIC,7514,3698,3816,6635,14,795,70,0,0,0,322,7192,ITG,ITG1,19,Sicilia,Sicilia,4999891,575119,11.5,0.15
1890,2021-04-12,SIC,19081,9289,9792,423,29,14486,351,3653,21,118,11726,7355,ITG,ITG1,19,Sicilia,Sicilia,4999891,594200,11.88,0.38
1891,2021-03-20,SIC,18940,9091,9849,836,43,10872,414,5477,79,1219,13550,5390,ITG,ITG1,19,Sicilia,Sicilia,4999891,613140,12.26,0.38
1892,2021-01-13,SIC,5204,2462,2742,3033,169,1561,441,0,0,0,5204,0,ITG,ITG1,19,Sicilia,Sicilia,4999891,618344,12.37,0.1
1893,2021-03-04,SIC,15213,6559,8654,2811,187,2635,698,3928,1124,3830,11009,4204,ITG,ITG1,19,Sicilia,Sicilia,4999891,633557,12.67,0.3
1894,2021-03-05,SIC,15947,6877,9070,3192,177,2348,720,4002,1423,4085,11622,4325,ITG,ITG1,19,Sicilia,Sicilia,4999891,649504,12.99,0.32
1895,2021-01-08,SIC,8328,3864,4464,6591,87,1437,213,0,0,0,8328,0,ITG,ITG1,19,Sicilia,Sicilia,4999891,657832,13.16,0.17
1896,2021-04-11,SIC,15470,7618,7852,220,25,11726,178,3215,9,97,8470,7000,ITG,ITG1,19,Sicilia,Sicilia,4999891,673302,13.47,0.31
1897,2021-03-09,SIC,13208,5605,7603,1595,132,2255,614,3951,964,3697,10832,2376,ITG,ITG1,19,Sicilia,Sicilia,4999891,686510,13.73,0.26
1898,2021-02-24,SIC,9601,4870,4731,1423,80,1174,499,4028,1474,923,9005,596,ITG,ITG1,19,Sicilia,Sicilia,4999891,696111,13.92,0.19
1899,2021-01-24,SIC,4338,2264,2074,3993,31,311,3,0,0,0,148,4190,ITG,ITG1,19,Sicilia,Sicilia,4999891,700449,14.01,0.09
1900,2021-02-23,SIC,8949,4689,4260,1267,103,1133,502,3996,1367,581,8459,490,ITG,ITG1,19,Sicilia,Sicilia,4999891,709398,14.19,0.18
1901,2021-03-01,SIC,12980,6130,6850,1557,75,1735,392,4303,1765,3153,11321,1659,ITG,ITG1,19,Sicilia,Sicilia,4999891,722378,14.45,0.26
1902,2021-03-28,SIC,11000,5166,5834,535,22,5629,168,4445,14,187,6986,4014,ITG,ITG1,19,Sicilia,Sicilia,4999891,733378,14.67,0.22
1903,2021-01-12,SIC,4543,2235,2308,2863,128,1357,195,0,0,0,4543,0,ITG,ITG1,19,Sicilia,Sicilia,4999891,737921,14.76,0.09
1904,2020-12-31,SIC,878,470,408,828,0,50,0,0,0,0,878,0,ITG,ITG1,19,Sicilia,Sicilia,4999891,738799,14.78,0.02
1905,2021-01-05,SIC,10527,5159,5368,9074,122,1124,207,0,0,0,10527,0,ITG,ITG1,19,Sicilia,Sicilia,4999891,749326,14.99,0.21
1906,2021-01-04,SIC,8373,4172,4201,7595,20,752,6,0,0,0,8373,0,ITG,ITG1,19,Sicilia,Sicilia,4999891,757699,15.15,0.17
1907,2021-03-03,SIC,14705,6545,8160,2408,130,2202,507,4295,1330,3833,11620,3085,ITG,ITG1,19,Sicilia,Sicilia,4999891,772404,15.45,0.29
1908,2021-02-07,SIC,2349,997,1352,1611,109,472,157,0,0,0,675,1674,ITG,ITG1,19,Sicilia,Sicilia,4999891,774753,15.5,0.05
1909,2021-04-05,SIC,8191,4033,4158,232,6,4792,176,2925,4,56,6750,1441,ITG,ITG1,19,Sicilia,Sicilia,4999891,782944,15.66,0.16
1910,2021-04-08,SIC,17012,8389,8623,699,146,11621,473,3833,82,158,8494,8518,ITG,ITG1,19,Sicilia,Sicilia,4999891,799956,16.0,0.34
1911,2021-03-02,SIC,14957,6389,8568,2383,98,1831,501,4471,1339,4334,12132,2825,ITG,ITG1,19,Sicilia,Sicilia,4999891,814913,16.3,0.3
1912,2020-12-27,SIC,90,54,36,62,0,2,26,0,0,0,90,0,ITG,ITG1,19,Sicilia,Sicilia,4999891,815003,16.3,0.0
1913,2021-02-20,SIC,7285,3737,3548,848,76,1258,558,3750,620,175,7033,252,ITG,ITG1,19,Sicilia,Sicilia,4999891,822288,16.45,0.15
1914,2021-03-10,SIC,13976,5965,8011,1481,134,2920,948,4066,661,3766,11585,2391,ITG,ITG1,19,Sicilia,Sicilia,4999891,836264,16.73,0.28
1915,2021-02-25,SIC,10161,5277,4884,1771,49,1656,507,3981,1525,672,8981,1180,ITG,ITG1,19,Sicilia,Sicilia,4999891,846425,16.93,0.2
1916,2021-02-01,SIC,6078,2684,3394,4168,214,1378,318,0,0,0,304,5774,ITG,ITG1,19,Sicilia,Sicilia,4999891,852503,17.05,0.12
1917,2021-04-14,SIC,20569,9910,10659,597,36,15369,370,4078,19,100,11766,8803,ITG,ITG1,19,Sicilia,Sicilia,4999891,873072,17.46,0.41
1918,2021-03-25,SIC,20495,9539,10956,1325,76,11524,582,5526,82,1380,14954,5541,ITG,ITG1,19,Sicilia,Sicilia,4999891,893567,17.87,0.41
1919,2021-03-30,SIC,14567,6757,7810,715,32,8089,371,4992,113,255,9739,4828,ITG,ITG1,19,Sicilia,Sicilia,4999891,908134,18.16,0.29
1920,2021-01-20,SIC,808,410,398,422,51,143,192,0,0,0,573,235,ITG,ITG1,19,Sicilia,Sicilia,4999891,908942,18.18,0.02
1921,2021-01-17,SIC,1295,584,711,619,118,398,160,0,0,0,1245,50,ITG,ITG1,19,Sicilia,Sicilia,4999891,910237,18.21,0.03
1922,2020-12-29,SIC,235,146,89,235,0,0,0,0,0,0,235,0,ITG,ITG1,19,Sicilia,Sicilia,4999891,910472,18.21,0.0
1923,2021-03-06,SIC,12950,5183,7767,2003,127,1878,758,3888,646,3650,10044,2906,ITG,ITG1,19,Sicilia,Sicilia,4999891,923422,18.47,0.26
1924,2021-03-22,SIC,16837,7929,8908,915,19,8701,356,5545,71,1230,11291,5546,ITG,ITG1,19,Sicilia,Sicilia,4999891,940259,18.81,0.34
1925,2021-04-10,SIC,20628,10074,10554,486,16,15388,278,4189,31,240,11594,9034,ITG,ITG1,19,Sicilia,Sicilia,4999891,960887,19.22,0.41
1926,2021-01-22,SIC,1235,625,610,1035,13,69,118,0,0,0,242,993,ITG,ITG1,19,Sicilia,Sicilia,4999891,962122,19.24,0.02
1927,2021-02-05,SIC,7216,3232,3984,3618,267,2475,856,0,0,0,2132,5084,ITG,ITG1,19,Sicilia,Sicilia,4999891,969338,19.39,0.14
1928,2020-12-30,SIC,173,101,72,156,3,14,0,0,0,0,173,0,ITG,ITG1,19,Sicilia,Sicilia,4999891,969511,19.39,0.0
1929,2021-01-01,SIC,815,437,378,740,0,75,0,0,0,0,815,0,ITG,ITG1,19,Sicilia,Sicilia,4999891,970326,19.41,0.02
1930,2021-01-29,SIC,9362,4322,5040,7153,174,1730,305,0,0,0,432,8930,ITG,ITG1,19,Sicilia,Sicilia,4999891,979688,19.59,0.19
1931,2021-03-18,SIC,15628,7784,7844,1284,80,8209,598,5359,61,37,9916,5712,ITG,ITG1,19,Sicilia,Sicilia,4999891,995316,19.91,0.31
1932,2021-02-26,SIC,12247,5977,6270,1837,74,1898,361,3891,1733,2453,10558,1689,ITG,ITG1,19,Sicilia,Sicilia,4999891,1007563,20.15,0.24
1933,2021-02-09,SIC,4371,1831,2540,2241,155,1335,640,0,0,0,3365,1006,ITG,ITG1,19,Sicilia,Sicilia,4999891,1011934,20.24,0.09
1934,2021-03-12,SIC,13124,5620,7504,1387,110,4410,695,3770,345,2407,10900,2224,ITG,ITG1,19,Sicilia,Sicilia,4999891,1025058,20.5,0.26
1935,2021-02-27,SIC,12450,5570,6880,1515,72,2351,277,3843,1021,3371,11239,1211,ITG,ITG1,19,Sicilia,Sicilia,4999891,1037508,20.75,0.25
1936,2021-03-17,SIC,15420,7568,7852,1402,100,7179,664,5726,43,306,9474,5946,ITG,ITG1,19,Sicilia,Sicilia,4999891,1052928,21.06,0.31
1937,2021-02-22,SIC,8039,4162,3877,1107,34,902,554,4066,1054,322,7547,492,ITG,ITG1,19,Sicilia,Sicilia,4999891,1060967,21.22,0.16
1938,2021-01-21,SIC,1330,649,681,1003,86,104,137,0,0,0,499,831,ITG,ITG1,19,Sicilia,Sicilia,4999891,1062297,21.25,0.03
1939,2021-01-30,PAT,386,132,254,346,7,0,32,0,0,1,152,234,ITH,ITH2,4,Provincia Autonoma Trento,P.A. Trento,541380,386,0.07,0.07
1940,2021-03-05,PAT,2226,700,1526,126,67,45,102,954,158,774,1661,565,ITH,ITH2,4,Provincia Autonoma Trento,P.A. Trento,541380,2612,0.48,0.41
1941,2021-03-15,PAT,1399,540,859,58,126,345,26,617,52,175,942,457,ITH,ITH2,4,Provincia Autonoma Trento,P.A. Trento,541380,4011,0.74,0.26
1942,2021-04-05,PAT,33,16,17,0,0,32,0,0,0,1,33,0,ITH,ITH2,4,Provincia Autonoma Trento,P.A. Trento,541380,4044,0.75,0.01
1943,2021-04-14,PAT,2791,1319,1472,103,20,1660,0,999,2,7,2070,721,ITH,ITH2,4,Provincia Autonoma Trento,P.A. Trento,541380,6835,1.26,0.52
1944,2021-02-23,PAT,1108,395,713,272,13,2,17,751,3,50,897,211,ITH,ITH2,4,Provincia Autonoma Trento,P.A. Trento,541380,7943,1.47,0.2
1945,2021-01-14,PAT,699,203,496,482,6,3,208,0,0,0,699,0,ITH,ITH2,4,Provincia Autonoma Trento,P.A. Trento,541380,8642,1.6,0.13
1946,2021-01-21,PAT,351,94,257,320,13,2,16,0,0,0,228,123,ITH,ITH2,4,Provincia Autonoma Trento,P.A. Trento,541380,8993,1.66,0.06
1947,2021-03-03,PAT,1653,621,1032,74,11,20,59,1267,19,203,1136,517,ITH,ITH2,4,Provincia Autonoma Trento,P.A. Trento,541380,10646,1.97,0.31
1948,2021-01-13,PAT,421,123,298,392,6,0,23,0,0,0,421,0,ITH,ITH2,4,Provincia Autonoma Trento,P.A. Trento,541380,11067,2.04,0.08
1949,2021-03-07,PAT,22,6,16,0,0,0,0,0,0,22,22,0,ITH,ITH2,4,Provincia Autonoma Trento,P.A. Trento,541380,11089,2.05,0.0
1950,2021-03-04,PAT,2351,790,1561,161,24,51,23,1726,19,347,1572,779,ITH,ITH2,4,Provincia Autonoma Trento,P.A. Trento,541380,13440,2.48,0.43
1951,2021-01-24,PAT,547,276,271,535,12,0,0,0,0,0,224,323,ITH,ITH2,4,Provincia Autonoma Trento,P.A. Trento,541380,13987,2.58,0.1
1952,2021-03-21,PAT,129,69,60,34,1,76,0,0,0,18,129,0,ITH,ITH2,4,Provincia Autonoma Trento,P.A. Trento,541380,14116,2.61,0.02
1953,2021-03-10,PAT,2398,925,1473,354,36,25,25,1421,221,316,1477,921,ITH,ITH2,4,Provincia Autonoma Trento,P.A. Trento,541380,16514,3.05,0.44
1954,2021-03-29,PAT,2429,953,1476,93,26,1220,5,990,4,91,1695,734,ITH,ITH2,4,Provincia Autonoma Trento,P.A. Trento,541380,18943,3.5,0.45
1955,2021-01-27,PAT,802,277,525,463,33,1,304,1,0,0,91,711,ITH,ITH2,4,Provincia Autonoma Trento,P.A. Trento,541380,19745,3.65,0.15
1956,2021-01-29,PAT,1352,331,1021,724,74,12,542,0,0,0,55,1297,ITH,ITH2,4,Provincia Autonoma Trento,P.A. Trento,541380,21097,3.9,0.25
1957,2021-04-15,PAT,2691,1281,1410,48,55,2145,0,442,0,1,2626,65,ITH,ITH2,4,Provincia Autonoma Trento,P.A. Trento,541380,23788,4.39,0.5
1958,2021-03-18,PAT,2275,944,1331,63,0,565,2,1640,2,3,1202,1073,ITH,ITH2,4,Provincia Autonoma Trento,P.A. Trento,541380,26063,4.81,0.42
1959,2021-02-13,PAT,536,333,203,373,4,1,0,158,0,0,171,365,ITH,ITH2,4,Provincia Autonoma Trento,P.A. Trento,541380,26599,4.91,0.1
1960,2021-02-21,PAT,155,92,63,154,0,0,0,0,0,1,43,112,ITH,ITH2,4,Provincia Autonoma Trento,P.A. Trento,541380,26754,4.94,0.03
1961,2021-01-20,PAT,290,72,218,231,10,1,48,0,0,0,278,12,ITH,ITH2,4,Provincia Autonoma Trento,P.A. Trento,541380,27044,5.0,0.05
1962,2021-01-02,PAT,502,143,359,336,21,4,141,0,0,0,502,0,ITH,ITH2,4,Provincia Autonoma Trento,P.A. Trento,541380,27546,5.09,0.09
1963,2021-01-09,PAT,190,40,150,146,13,0,31,0,0,0,190,0,ITH,ITH2,4,Provincia Autonoma Trento,P.A. Trento,541380,27736,5.12,0.04
1964,2021-01-22,PAT,1667,433,1234,903,121,9,631,0,0,3,329,1338,ITH,ITH2,4,Provincia Autonoma Trento,P.A. Trento,541380,29403,5.43,0.31
1965,2021-02-16,PAT,663,244,419,73,2,12,3,563,0,10,658,5,ITH,ITH2,4,Provincia Autonoma Trento,P.A. Trento,541380,30066,5.55,0.12
1966,2021-03-27,PAT,1608,704,904,269,188,854,0,61,72,164,1357,251,ITH,ITH2,4,Provincia Autonoma Trento,P.A. Trento,541380,31674,5.85,0.3
1967,2021-02-12,PAT,1010,340,670,335,54,13,55,553,0,0,589,421,ITH,ITH2,4,Provincia Autonoma Trento,P.A. Trento,541380,32684,6.04,0.19
1968,2021-03-20,PAT,868,399,469,154,97,471,0,77,0,69,667,201,ITH,ITH2,4,Provincia Autonoma Trento,P.A. Trento,541380,33552,6.2,0.16
1969,2021-04-01,PAT,2859,1220,1639,192,52,874,8,1605,3,125,1793,1066,ITH,ITH2,4,Provincia Autonoma Trento,P.A. Trento,541380,36411,6.73,0.53
1970,2021-03-11,PAT,2282,847,1435,105,50,63,41,1573,59,391,1470,812,ITH,ITH2,4,Provincia Autonoma Trento,P.A. Trento,541380,38693,7.15,0.42
1971,2021-02-02,PAT,907,240,667,507,33,11,189,167,0,0,190,717,ITH,ITH2,4,Provincia Autonoma Trento,P.A. Trento,541380,39600,7.31,0.17
1972,2021-02-24,PAT,1318,523,795,236,5,7,29,974,1,66,922,396,ITH,ITH2,4,Provincia Autonoma Trento,P.A. Trento,541380,40918,7.56,0.24
1973,2021-03-08,PAT,1397,433,964,65,15,17,0,1016,7,277,1044,353,ITH,ITH2,4,Provincia Autonoma Trento,P.A. Trento,541380,42315,7.82,0.26
1974,2021-01-23,PAT,577,334,243,487,2,0,88,0,0,0,388,189,ITH,ITH2,4,Provincia Autonoma Trento,P.A. Trento,541380,42892,7.92,0.11
1975,2021-01-08,PAT,1449,313,1136,775,128,16,530,0,0,0,1449,0,ITH,ITH2,4,Provincia Autonoma Trento,P.A. Trento,541380,44341,8.19,0.27
1976,2021-04-11,PAT,2332,1131,1201,45,56,2022,8,21,5,175,2241,91,ITH,ITH2,4,Provincia Autonoma Trento,P.A. Trento,541380,46673,8.62,0.43
1977,2021-01-11,PAT,729,221,508,522,49,5,153,0,0,0,729,0,ITH,ITH2,4,Provincia Autonoma Trento,P.A. Trento,541380,47402,8.76,0.13
1978,2021-04-02,PAT,2729,1128,1601,148,65,1509,44,657,15,291,2095,634,ITH,ITH2,4,Provincia Autonoma Trento,P.A. Trento,541380,50131,9.26,0.5
1979,2021-01-12,PAT,504,158,346,418,25,0,61,0,0,0,504,0,ITH,ITH2,4,Provincia Autonoma Trento,P.A. Trento,541380,50635,9.35,0.09
1980,2021-01-01,PAT,213,50,163,114,11,0,88,0,0,0,213,0,ITH,ITH2,4,Provincia Autonoma Trento,P.A. Trento,541380,50848,9.39,0.04
1981,2021-03-17,PAT,2058,791,1267,399,15,324,55,1259,1,5,1185,873,ITH,ITH2,4,Provincia Autonoma Trento,P.A. Trento,541380,52906,9.77,0.38
1982,2021-03-02,PAT,1301,440,861,137,16,24,53,924,1,146,925,376,ITH,ITH2,4,Provincia Autonoma Trento,P.A. Trento,541380,54207,10.01,0.24
1983,2021-02-26,PAT,1217,435,782,249,12,11,19,820,1,105,922,295,ITH,ITH2,4,Provincia Autonoma Trento,P.A. Trento,541380,55424,10.24,0.22
1984,2020-12-31,PAT,1624,449,1175,841,105,2,676,0,0,0,1624,0,ITH,ITH2,4,Provincia Autonoma Trento,P.A. Trento,541380,57048,10.54,0.3
1985,2021-02-15,PAT,533,187,346,145,21,7,27,322,0,11,419,114,ITH,ITH2,4,Provincia Autonoma Trento,P.A. Trento,541380,57581,10.64,0.1
1986,2021-03-01,PAT,1237,454,783,74,1,17,10,1037,3,95,942,295,ITH,ITH2,4,Provincia Autonoma Trento,P.A. Trento,541380,58818,10.86,0.23
1987,2021-02-09,PAT,914,287,627,447,8,5,73,381,0,0,441,473,ITH,ITH2,4,Provincia Autonoma Trento,P.A. Trento,541380,59732,11.03,0.17
1988,2021-02-11,PAT,1132,365,767,332,3,11,48,738,0,0,796,336,ITH,ITH2,4,Provincia Autonoma Trento,P.A. Trento,541380,60864,11.24,0.21
1989,2021-03-09,PAT,1566,584,982,98,42,14,29,1092,92,199,933,633,ITH,ITH2,4,Provincia Autonoma Trento,P.A. Trento,541380,62430,11.53,0.29
1990,2021-04-07,PAT,2547,999,1548,257,27,794,29,1330,9,101,1630,917,ITH,ITH2,4,Provincia Autonoma Trento,P.A. Trento,541380,64977,12.0,0.47
1991,2021-04-08,PAT,3067,1279,1788,182,25,1401,46,1373,2,38,1980,1087,ITH,ITH2,4,Provincia Autonoma Trento,P.A. Trento,541380,68044,12.57,0.57
1992,2021-03-06,PAT,772,276,496,361,10,6,0,195,5,195,621,151,ITH,ITH2,4,Provincia Autonoma Trento,P.A. Trento,541380,68816,12.71,0.14
1993,2021-01-06,PAT,42,13,29,42,0,0,0,0,0,0,42,0,ITH,ITH2,4,Provincia Autonoma Trento,P.A. Trento,541380,68858,12.72,0.01
1994,2021-01-18,PAT,642,154,488,528,35,6,73,0,0,0,587,55,ITH,ITH2,4,Provincia Autonoma Trento,P.A. Trento,541380,69500,12.84,0.12
1995,2021-04-12,PAT,3025,1379,1646,135,27,1736,27,724,12,364,2540,485,ITH,ITH2,4,Provincia Autonoma Trento,P.A. Trento,541380,72525,13.4,0.56
1996,2021-03-13,PAT,829,380,449,203,15,0,30,44,278,259,781,48,ITH,ITH2,4,Provincia Autonoma Trento,P.A. Trento,541380,73354,13.55,0.15
1997,2021-01-05,PAT,709,232,477,495,46,6,162,0,0,0,709,0,ITH,ITH2,4,Provincia Autonoma Trento,P.A. Trento,541380,74063,13.68,0.13
1998,2021-01-15,PAT,594,131,463,463,18,2,111,0,0,0,594,0,ITH,ITH2,4,Provincia Autonoma Trento,P.A. Trento,541380,74657,13.79,0.11
1999,2021-01-16,PAT,319,148,171,304,0,0,15,0,0,0,319,0,ITH,ITH2,4,Provincia Autonoma Trento,P.A. Trento,541380,74976,13.85,0.06
2000,2021-02-18,PAT,1205,426,779,300,25,5,35,782,3,55,1143,62,ITH,ITH2,4,Provincia Autonoma Trento,P.A. Trento,541380,76181,14.07,0.22
2001,2021-02-17,PAT,1110,425,685,326,9,17,35,708,3,12,1020,90,ITH,ITH2,4,Provincia Autonoma Trento,P.A. Trento,541380,77291,14.28,0.21
2002,2021-03-23,PAT,2423,935,1488,145,96,916,71,1002,31,162,1692,731,ITH,ITH2,4,Provincia Autonoma Trento,P.A. Trento,541380,79714,14.72,0.45
2003,2021-03-24,PAT,2357,932,1425,206,77,329,42,1440,39,224,1538,819,ITH,ITH2,4,Provincia Autonoma Trento,P.A. Trento,541380,82071,15.16,0.44
2004,2021-04-06,PAT,2232,944,1288,39,5,1016,9,1045,17,101,1488,744,ITH,ITH2,4,Provincia Autonoma Trento,P.A. Trento,541380,84303,15.57,0.41
2005,2021-03-28,PAT,746,290,456,18,386,262,0,8,70,2,743,3,ITH,ITH2,4,Provincia Autonoma Trento,P.A. Trento,541380,85049,15.71,0.14
2006,2021-02-28,PAT,242,121,121,231,0,0,0,0,0,11,242,0,ITH,ITH2,4,Provincia Autonoma Trento,P.A. Trento,541380,85291,15.75,0.04
2007,2021-04-03,PAT,1130,470,660,141,250,585,0,57,66,31,965,165,ITH,ITH2,4,Provincia Autonoma Trento,P.A. Trento,541380,86421,15.96,0.21
2008,2021-03-26,PAT,3132,1219,1913,135,170,1239,107,891,37,553,2545,587,ITH,ITH2,4,Provincia Autonoma Trento,P.A. Trento,541380,89553,16.54,0.58
2009,2020-12-27,PAT,103,40,63,76,4,2,21,0,0,0,103,0,ITH,ITH2,4,Provincia Autonoma Trento,P.A. Trento,541380,89656,16.56,0.02
2010,2021-02-22,PAT,745,259,486,119,4,6,70,501,0,45,661,84,ITH,ITH2,4,Provincia Autonoma Trento,P.A. Trento,541380,90401,16.7,0.14
2011,2021-03-19,PAT,2408,911,1497,319,70,842,52,1055,2,68,1570,838,ITH,ITH2,4,Provincia Autonoma Trento,P.A. Trento,541380,92809,17.14,0.44
2012,2021-02-06,PAT,574,298,276,179,0,4,0,391,0,0,433,141,ITH,ITH2,4,Provincia Autonoma Trento,P.A. Trento,541380,93383,17.25,0.11
2013,2021-02-01,PAT,1220,335,885,767,70,8,375,0,0,0,92,1128,ITH,ITH2,4,Provincia Autonoma Trento,P.A. Trento,541380,94603,17.47,0.23
2014,2021-03-12,PAT,2476,927,1549,207,252,50,106,1106,203,552,1672,804,ITH,ITH2,4,Provincia Autonoma Trento,P.A. Trento,541380,97079,17.93,0.46
2015,2021-01-07,PAT,1270,310,960,649,46,18,557,0,0,0,1270,0,ITH,ITH2,4,Provincia Autonoma Trento,P.A. Trento,541380,98349,18.17,0.23
2016,2021-04-13,PAT,2353,961,1392,25,12,1259,1,671,2,383,1846,507,ITH,ITH2,4,Provincia Autonoma Trento,P.A. Trento,541380,100702,18.6,0.43
2017,2021-03-14,PAT,107,65,42,102,0,0,0,0,0,5,20,87,ITH,ITH2,4,Provincia Autonoma Trento,P.A. Trento,541380,100809,18.62,0.02
2018,2021-02-27,PAT,1024,455,569,459,5,9,0,434,4,113,604,420,ITH,ITH2,4,Provincia Autonoma Trento,P.A. Trento,541380,101833,18.81,0.19
2019,2021-02-20,PAT,406,245,161,330,10,1,30,1,3,31,122,284,ITH,ITH2,4,Provincia Autonoma Trento,P.A. Trento,541380,102239,18.88,0.07
2020,2021-03-30,PAT,2378,970,1408,71,57,965,52,1048,9,176,1742,636,ITH,ITH2,4,Provincia Autonoma Trento,P.A. Trento,541380,104617,19.32,0.44
2021,2020-12-30,PAT,7,3,4,4,1,0,2,0,0,0,7,0,ITH,ITH2,4,Provincia Autonoma Trento,P.A. Trento,541380,104624,19.33,0.0
2022,2021-01-10,PAT,84,19,65,54,18,0,12,0,0,0,84,0,ITH,ITH2,4,Provincia Autonoma Trento,P.A. Trento,541380,104708,19.34,0.02
2023,2021-01-31,PAT,75,15,60,55,13,1,6,0,0,0,1,74,ITH,ITH2,4,Provincia Autonoma Trento,P.A. Trento,541380,104783,19.35,0.01
2024,2021-01-25,PAT,817,215,602,524,27,3,263,0,0,0,23,794,ITH,ITH2,4,Provincia Autonoma Trento,P.A. Trento,541380,105600,19.51,0.15
2025,2021-02-08,PAT,1150,318,832,550,53,6,237,303,0,1,342,808,ITH,ITH2,4,Provincia Autonoma Trento,P.A. Trento,541380,106750,19.72,0.21
2026,2021-02-10,PAT,850,290,560,310,7,2,51,480,0,0,509,341,ITH,ITH2,4,Provincia Autonoma Trento,P.A. Trento,541380,107600,19.88,0.16
2027,2021-03-31,PAT,2546,983,1563,142,34,659,5,1473,6,227,1688,858,ITH,ITH2,4,Provincia Autonoma Trento,P.A. Trento,541380,110146,20.35,0.47
2028,2021-02-19,PAT,927,358,569,170,37,16,93,582,1,28,869,58,ITH,ITH2,4,Provincia Autonoma Trento,P.A. Trento,541380,111073,20.52,0.17
2029,2021-01-28,PAT,530,147,383,390,29,4,107,0,0,0,48,482,ITH,ITH2,4,Provincia Autonoma Trento,P.A. Trento,541380,111603,20.61,0.1
2030,2021-03-16,PAT,1390,505,885,221,7,49,36,1073,0,4,607,783,ITH,ITH2,4,Provincia Autonoma Trento,P.A. Trento,541380,112993,20.87,0.26
2031,2021-02-04,PAT,972,304,668,543,10,5,89,325,0,0,420,552,ITH,ITH2,4,Provincia Autonoma Trento,P.A. Trento,541380,113965,21.05,0.18
2032,2021-01-04,PAT,870,227,643,486,41,6,336,1,0,0,870,0,ITH,ITH2,4,Provincia Autonoma Trento,P.A. Trento,541380,114835,21.21,0.16
2033,2021-04-09,PAT,2670,1132,1538,86,24,1478,27,856,4,195,1503,1167,ITH,ITH2,4,Provincia Autonoma Trento,P.A. Trento,541380,117505,21.7,0.49
2034,2021-02-25,PAT,1639,642,997,120,9,8,32,1376,1,93,1199,440,ITH,ITH2,4,Provincia Autonoma Trento,P.A. Trento,541380,119144,22.01,0.3
2035,2021-01-03,PAT,492,160,332,419,9,1,63,0,0,0,492,0,ITH,ITH2,4,Provincia Autonoma Trento,P.A. Trento,541380,119636,22.1,0.09
2036,2021-01-19,PAT,405,77,328,365,3,1,36,0,0,0,405,0,ITH,ITH2,4,Provincia Autonoma Trento,P.A. Trento,541380,120041,22.17,0.07
2037,2021-02-05,PAT,802,271,531,467,19,2,66,248,0,0,283,519,ITH,ITH2,4,Provincia Autonoma Trento,P.A. Trento,541380,120843,22.32,0.15
2038,2021-04-10,PAT,2787,1304,1483,21,5,2495,1,67,11,187,1994,793,ITH,ITH2,4,Provincia Autonoma Trento,P.A. Trento,541380,123630,22.84,0.51
2039,2021-03-22,PAT,2281,969,1312,82,131,969,8,970,18,103,1406,875,ITH,ITH2,4,Provincia Autonoma Trento,P.A. Trento,541380,125911,23.26,0.42
2040,2021-02-03,PAT,846,314,532,356,13,10,73,394,0,0,414,432,ITH,ITH2,4,Provincia Autonoma Trento,P.A. Trento,541380,126757,23.41,0.16
2041,2021-02-14,PAT,246,186,60,246,0,0,0,0,0,0,11,235,ITH,ITH2,4,Provincia Autonoma Trento,P.A. Trento,541380,127003,23.46,0.05
2042,2021-04-16,PAT,1949,932,1017,33,6,1595,1,312,0,2,1871,78,ITH,ITH2,4,Provincia Autonoma Trento,P.A. Trento,541380,128952,23.82,0.36
2043,2021-01-17,PAT,251,195,56,251,0,0,0,0,0,0,251,0,ITH,ITH2,4,Provincia Autonoma Trento,P.A. Trento,541380,129203,23.87,0.05
2044,2021-01-26,PAT,542,154,388,441,16,1,84,0,0,0,27,515,ITH,ITH2,4,Provincia Autonoma Trento,P.A. Trento,541380,129745,23.97,0.1
2045,2021-03-25,PAT,2840,1092,1748,183,136,810,28,1305,21,357,1792,1048,ITH,ITH2,4,Provincia Autonoma Trento,P.A. Trento,541380,132585,24.49,0.52
2046,2021-02-28,MAR,2841,1251,1590,19,0,18,0,2800,2,2,2835,6,ITI,ITI3,11,Marche,Marche,1525271,2841,0.19,0.19
2047,2021-02-21,MAR,377,142,235,204,1,114,57,0,0,1,376,1,ITI,ITI3,11,Marche,Marche,1525271,3218,0.21,0.02
2048,2021-01-02,MAR,453,139,314,444,0,9,0,0,0,0,453,0,ITI,ITI3,11,Marche,Marche,1525271,3671,0.24,0.03
2049,2021-03-29,MAR,5895,2586,3309,228,5,1161,35,4240,11,215,3443,2452,ITI,ITI3,11,Marche,Marche,1525271,9566,0.63,0.39
2050,2021-03-25,MAR,6657,2774,3883,464,12,947,365,4307,43,519,3247,3410,ITI,ITI3,11,Marche,Marche,1525271,16223,1.06,0.44
2051,2021-02-15,MAR,973,413,560,544,60,368,1,0,0,0,960,13,ITI,ITI3,11,Marche,Marche,1525271,17196,1.13,0.06
2052,2021-03-09,MAR,5532,2375,3157,754,8,463,36,2588,613,1070,4643,889,ITI,ITI3,11,Marche,Marche,1525271,22728,1.49,0.36
2053,2021-01-23,MAR,557,190,367,440,14,40,63,0,0,0,123,434,ITI,ITI3,11,Marche,Marche,1525271,23285,1.53,0.04
2054,2021-02-16,MAR,1292,475,817,737,8,455,92,0,0,0,1262,30,ITI,ITI3,11,Marche,Marche,1525271,24577,1.61,0.08
2055,2021-03-22,MAR,5661,2378,3283,408,8,448,69,4182,113,433,2532,3129,ITI,ITI3,11,Marche,Marche,1525271,30238,1.98,0.37
2056,2021-02-03,MAR,2125,742,1383,1344,2,613,166,0,0,0,119,2006,ITI,ITI3,11,Marche,Marche,1525271,32363,2.12,0.14
2057,2021-01-15,MAR,1771,500,1271,985,60,360,366,0,0,0,1771,0,ITI,ITI3,11,Marche,Marche,1525271,34134,2.24,0.12
2058,2021-02-04,MAR,2342,810,1532,1406,54,607,275,0,0,0,112,2230,ITI,ITI3,11,Marche,Marche,1525271,36476,2.39,0.15
2059,2021-04-06,MAR,8881,3695,5186,310,2,4866,67,1866,42,1728,8066,815,ITI,ITI3,11,Marche,Marche,1525271,45357,2.97,0.58
2060,2021-01-22,MAR,487,167,320,315,19,66,87,0,0,0,194,293,ITI,ITI3,11,Marche,Marche,1525271,45844,3.01,0.03
2061,2021-02-05,MAR,2157,653,1504,1318,20,400,419,0,0,0,440,1717,ITI,ITI3,11,Marche,Marche,1525271,48001,3.15,0.14
2062,2021-04-16,MAR,6054,2871,3183,209,9,5086,10,395,12,333,5602,452,ITI,ITI3,11,Marche,Marche,1525271,54055,3.54,0.4
2063,2021-03-30,MAR,7445,3056,4389,524,2,2020,244,4258,30,367,4607,2838,ITI,ITI3,11,Marche,Marche,1525271,61500,4.03,0.49
2064,2021-01-24,MAR,892,342,550,773,0,119,0,0,0,0,17,875,ITI,ITI3,11,Marche,Marche,1525271,62392,4.09,0.06
2065,2021-03-15,MAR,4512,2120,2392,300,4,469,8,3476,14,241,1422,3090,ITI,ITI3,11,Marche,Marche,1525271,66904,4.39,0.3
2066,2021-03-14,MAR,2517,1036,1481,442,0,80,0,1537,2,456,1919,598,ITI,ITI3,11,Marche,Marche,1525271,69421,4.55,0.17
2067,2021-03-05,MAR,6289,2955,3334,1128,13,865,143,2378,960,802,4822,1467,ITI,ITI3,11,Marche,Marche,1525271,75710,4.96,0.41
2068,2021-01-13,MAR,2105,746,1359,1408,11,610,76,0,0,0,2105,0,ITI,ITI3,11,Marche,Marche,1525271,77815,5.1,0.14
2069,2021-04-01,MAR,7593,3186,4407,390,4,2261,38,4590,26,284,4167,3426,ITI,ITI3,11,Marche,Marche,1525271,85408,5.6,0.5
2070,2021-01-04,MAR,1500,563,937,1290,36,163,11,0,0,0,1500,0,ITI,ITI3,11,Marche,Marche,1525271,86908,5.7,0.1
2071,2021-01-03,MAR,896,348,548,759,0,137,0,0,0,0,896,0,ITI,ITI3,11,Marche,Marche,1525271,87804,5.76,0.06
2072,2021-01-19,MAR,225,81,144,120,0,20,85,0,0,0,141,84,ITI,ITI3,11,Marche,Marche,1525271,88029,5.77,0.01
2073,2021-03-11,MAR,6832,2930,3902,1094,11,911,38,3227,403,1148,5461,1371,ITI,ITI3,11,Marche,Marche,1525271,94861,6.22,0.45
2074,2021-02-09,MAR,125,42,83,78,0,21,26,0,0,0,47,78,ITI,ITI3,11,Marche,Marche,1525271,94986,6.23,0.01
2075,2021-03-01,MAR,3727,1489,2238,387,6,171,82,2790,5,286,3480,247,ITI,ITI3,11,Marche,Marche,1525271,98713,6.47,0.24
2076,2021-03-03,MAR,6760,3093,3667,818,23,798,254,3133,951,783,5879,881,ITI,ITI3,11,Marche,Marche,1525271,105473,6.92,0.44
2077,2021-02-27,MAR,3374,1440,1934,186,9,163,161,2848,6,1,3165,209,ITI,ITI3,11,Marche,Marche,1525271,108847,7.14,0.22
2078,2021-02-06,MAR,2460,900,1560,1402,40,603,415,0,0,0,523,1937,ITI,ITI3,11,Marche,Marche,1525271,111307,7.3,0.16
2079,2021-02-19,MAR,1971,716,1255,1273,11,481,203,1,0,2,1836,135,ITI,ITI3,11,Marche,Marche,1525271,113278,7.43,0.13
2080,2021-03-13,MAR,5877,2708,3169,664,21,517,57,4248,133,237,1916,3961,ITI,ITI3,11,Marche,Marche,1525271,119155,7.81,0.39
2081,2020-12-30,MAR,17,5,12,14,0,3,0,0,0,0,17,0,ITI,ITI3,11,Marche,Marche,1525271,119172,7.81,0.0
2082,2021-01-06,MAR,2181,792,1389,1738,40,256,147,0,0,0,2181,0,ITI,ITI3,11,Marche,Marche,1525271,121353,7.96,0.14
2083,2021-02-23,MAR,3274,1400,1874,219,4,133,116,2794,8,0,3218,56,ITI,ITI3,11,Marche,Marche,1525271,124627,8.17,0.21
2084,2021-03-31,MAR,7369,3084,4285,473,8,1910,153,4538,30,257,4351,3018,ITI,ITI3,11,Marche,Marche,1525271,131996,8.65,0.48
2085,2021-01-10,MAR,1737,699,1038,1462,0,275,0,0,0,0,1737,0,ITI,ITI3,11,Marche,Marche,1525271,133733,8.77,0.11
2086,2021-02-18,MAR,2104,746,1358,1150,41,509,402,1,0,1,1816,288,ITI,ITI3,11,Marche,Marche,1525271,135837,8.91,0.14
2087,2021-03-27,MAR,7418,3082,4336,278,1,2494,135,3729,70,711,5049,2369,ITI,ITI3,11,Marche,Marche,1525271,143255,9.39,0.49
2088,2021-01-31,MAR,1928,772,1156,1532,0,396,0,0,0,0,105,1823,ITI,ITI3,11,Marche,Marche,1525271,145183,9.52,0.13
2089,2021-01-14,MAR,2010,692,1318,1112,67,533,298,0,0,0,2010,0,ITI,ITI3,11,Marche,Marche,1525271,147193,9.65,0.13
2090,2021-02-10,MAR,1439,452,987,881,26,317,215,0,0,0,1080,359,ITI,ITI3,11,Marche,Marche,1525271,148632,9.74,0.09
2091,2021-02-24,MAR,3496,1518,1978,229,11,227,214,2811,3,1,3416,80,ITI,ITI3,11,Marche,Marche,1525271,152128,9.97,0.23
2092,2021-01-17,MAR,1598,682,916,964,14,574,46,0,0,0,1549,49,ITI,ITI3,11,Marche,Marche,1525271,153726,10.08,0.1
2093,2021-03-02,MAR,4966,1943,3023,589,24,251,242,3319,3,538,4400,566,ITI,ITI3,11,Marche,Marche,1525271,158692,10.4,0.33
2094,2021-02-20,MAR,4127,1708,2419,118,24,387,261,3334,3,0,4016,111,ITI,ITI3,11,Marche,Marche,1525271,162819,10.67,0.27
2095,2021-04-09,MAR,9616,4219,5397,270,5,6349,31,1613,27,1321,9416,200,ITI,ITI3,11,Marche,Marche,1525271,172435,11.31,0.63
2096,2021-02-07,MAR,1871,735,1136,1156,5,664,46,0,0,0,344,1527,ITI,ITI3,11,Marche,Marche,1525271,174306,11.43,0.12
2097,2021-04-08,MAR,7522,3284,4238,273,8,5165,37,1317,7,715,7191,331,ITI,ITI3,11,Marche,Marche,1525271,181828,11.92,0.49
2098,2021-03-23,MAR,5818,2538,3280,259,9,360,130,4588,144,328,2271,3547,ITI,ITI3,11,Marche,Marche,1525271,187646,12.3,0.38
2099,2021-03-10,MAR,5783,2490,3293,721,22,799,101,2675,424,1041,4646,1137,ITI,ITI3,11,Marche,Marche,1525271,193429,12.68,0.38
2100,2021-01-18,MAR,673,230,443,370,5,166,132,0,0,0,547,126,ITI,ITI3,11,Marche,Marche,1525271,194102,12.73,0.04
2101,2021-03-20,MAR,4146,1745,2401,181,8,110,111,3641,6,89,1054,3092,ITI,ITI3,11,Marche,Marche,1525271,198248,13.0,0.27
2102,2021-03-24,MAR,7036,2982,4054,484,20,961,187,4728,64,592,3367,3669,ITI,ITI3,11,Marche,Marche,1525271,205284,13.46,0.46
2103,2021-01-20,MAR,398,99,299,146,15,47,190,0,0,0,386,12,ITI,ITI3,11,Marche,Marche,1525271,205682,13.48,0.03
2104,2021-04-11,MAR,7134,3123,4011,282,1,4797,0,1233,38,783,6848,286,ITI,ITI3,11,Marche,Marche,1525271,212816,13.95,0.47
2105,2021-03-28,MAR,4132,1742,2390,45,1,1030,5,2651,4,396,2437,1695,ITI,ITI3,11,Marche,Marche,1525271,216948,14.22,0.27
2106,2021-01-09,MAR,1709,605,1104,1406,0,303,0,0,0,0,1709,0,ITI,ITI3,11,Marche,Marche,1525271,218657,14.34,0.11
2107,2021-04-05,MAR,5692,2356,3336,253,5,2344,61,2261,10,758,4423,1269,ITI,ITI3,11,Marche,Marche,1525271,224349,14.71,0.37
2108,2021-04-14,MAR,10272,4594,5678,418,2,7892,33,897,17,1013,9898,374,ITI,ITI3,11,Marche,Marche,1525271,234621,15.38,0.67
2109,2021-02-11,MAR,1988,658,1330,1155,15,606,212,0,0,0,1599,389,ITI,ITI3,11,Marche,Marche,1525271,236609,15.51,0.13
2110,2021-04-12,MAR,8576,3779,4797,179,7,5894,5,1315,19,1157,8089,487,ITI,ITI3,11,Marche,Marche,1525271,245185,16.07,0.56
2111,2021-01-25,MAR,1596,559,1037,1426,12,102,56,0,0,0,97,1499,ITI,ITI3,11,Marche,Marche,1525271,246781,16.18,0.1
2112,2021-01-07,MAR,1802,633,1169,1480,0,322,0,0,0,0,1802,0,ITI,ITI3,11,Marche,Marche,1525271,248583,16.3,0.12
2113,2021-03-19,MAR,3869,1604,2265,495,1,233,293,2837,4,6,343,3526,ITI,ITI3,11,Marche,Marche,1525271,252452,16.55,0.25
2114,2021-03-08,MAR,6366,2807,3559,768,14,604,219,3102,644,1015,5364,1002,ITI,ITI3,11,Marche,Marche,1525271,258818,16.97,0.42
2115,2021-01-29,MAR,1991,730,1261,1479,4,434,74,0,0,0,168,1823,ITI,ITI3,11,Marche,Marche,1525271,260809,17.1,0.13
2116,2021-01-16,MAR,2006,723,1283,1059,43,619,285,0,0,0,2006,0,ITI,ITI3,11,Marche,Marche,1525271,262815,17.23,0.13
2117,2021-03-12,MAR,4716,2020,2696,820,10,723,0,1904,330,929,3471,1245,ITI,ITI3,11,Marche,Marche,1525271,267531,17.54,0.31
2118,2021-02-12,MAR,1583,618,965,815,11,669,88,0,0,0,1431,152,ITI,ITI3,11,Marche,Marche,1525271,269114,17.64,0.1
2119,2021-02-22,MAR,3414,1499,1915,326,10,398,77,2596,5,2,3339,75,ITI,ITI3,11,Marche,Marche,1525271,272528,17.87,0.22
2120,2021-04-10,MAR,10997,4655,6342,312,8,7317,50,2187,21,1102,10678,319,ITI,ITI3,11,Marche,Marche,1525271,283525,18.59,0.72
2121,2021-03-16,MAR,3577,1549,2028,317,3,193,54,2928,77,5,394,3183,ITI,ITI3,11,Marche,Marche,1525271,287102,18.82,0.23
2122,2021-04-04,MAR,3826,1793,2033,189,0,1539,0,2009,5,84,2655,1171,ITI,ITI3,11,Marche,Marche,1525271,290928,19.07,0.25
2123,2021-03-07,MAR,5183,2108,3075,607,2,355,0,3007,316,896,4430,753,ITI,ITI3,11,Marche,Marche,1525271,296111,19.41,0.34
2124,2021-03-26,MAR,6345,2614,3731,335,21,1322,182,3928,56,501,3534,2811,ITI,ITI3,11,Marche,Marche,1525271,302456,19.83,0.42
2125,2021-02-01,MAR,1365,480,885,1057,1,226,81,0,0,0,98,1267,ITI,ITI3,11,Marche,Marche,1525271,303821,19.92,0.09
2126,2021-04-13,MAR,9856,4273,5583,203,5,7578,41,940,14,1075,9615,241,ITI,ITI3,11,Marche,Marche,1525271,313677,20.57,0.65
2127,2021-02-02,MAR,1193,397,796,804,17,279,93,0,0,0,73,1120,ITI,ITI3,11,Marche,Marche,1525271,314870,20.64,0.08
2128,2021-02-08,MAR,833,258,575,408,21,142,262,0,0,0,371,462,ITI,ITI3,11,Marche,Marche,1525271,315703,20.7,0.05
2129,2021-04-02,MAR,6989,3031,3958,389,3,3271,108,2656,140,422,6246,743,ITI,ITI3,11,Marche,Marche,1525271,322692,21.16,0.46
2130,2021-01-12,MAR,1226,413,813,912,0,264,50,0,0,0,1226,0,ITI,ITI3,11,Marche,Marche,1525271,323918,21.24,0.08
2131,2021-03-06,MAR,5732,2647,3085,973,4,833,125,2400,650,747,4464,1268,ITI,ITI3,11,Marche,Marche,1525271,329650,21.61,0.38
2132,2021-03-17,MAR,3435,1497,1938,301,5,178,117,2822,7,5,111,3324,ITI,ITI3,11,Marche,Marche,1525271,333085,21.84,0.23
2133,2021-02-25,MAR,3563,1447,2116,432,6,207,423,2491,3,1,3384,179,ITI,ITI3,11,Marche,Marche,1525271,336648,22.07,0.23
2134,2021-01-05,MAR,1562,586,976,1436,0,126,0,0,0,0,1562,0,ITI,ITI3,11,Marche,Marche,1525271,338210,22.17,0.1
2135,2021-01-27,MAR,2120,780,1340,1754,7,219,140,0,0,0,122,1998,ITI,ITI3,11,Marche,Marche,1525271,340330,22.31,0.14
2136,2021-04-07,MAR,7796,3432,4364,188,2,5291,13,1305,24,973,7460,336,ITI,ITI3,11,Marche,Marche,1525271,348126,22.82,0.51
2137,2021-01-11,MAR,1176,411,765,1021,2,153,0,0,0,0,1176,0,ITI,ITI3,11,Marche,Marche,1525271,349302,22.9,0.08
2138,2021-02-17,MAR,1791,664,1127,968,24,498,300,1,0,0,1672,119,ITI,ITI3,11,Marche,Marche,1525271,351093,23.02,0.12
2139,2021-04-03,MAR,7585,3208,4377,321,3,3989,55,2922,2,293,6914,671,ITI,ITI3,11,Marche,Marche,1525271,358678,23.52,0.5
2140,2020-12-27,MAR,200,97,103,184,4,8,4,0,0,0,200,0,ITI,ITI3,11,Marche,Marche,1525271,358878,23.53,0.01
2141,2021-03-18,MAR,3445,1514,1931,326,6,258,123,2653,76,3,216,3229,ITI,ITI3,11,Marche,Marche,1525271,362323,23.75,0.23
2142,2021-01-28,MAR,1973,659,1314,1581,0,291,101,0,0,0,167,1806,ITI,ITI3,11,Marche,Marche,1525271,364296,23.88,0.13
2143,2021-01-30,MAR,1908,669,1239,1566,0,342,0,0,0,0,29,1879,ITI,ITI3,11,Marche,Marche,1525271,366204,24.01,0.13
2144,2020-12-31,MAR,383,178,205,370,0,13,0,0,0,0,383,0,ITI,ITI3,11,Marche,Marche,1525271,366587,24.03,0.03
2145,2021-02-14,MAR,738,301,437,578,2,158,0,0,0,0,738,0,ITI,ITI3,11,Marche,Marche,1525271,367325,24.08,0.05
2146,2021-01-08,MAR,1574,588,986,1226,0,348,0,0,0,0,1574,0,ITI,ITI3,11,Marche,Marche,1525271,368899,24.19,0.1
2147,2021-01-26,MAR,2016,746,1270,1736,1,193,86,0,0,0,92,1924,ITI,ITI3,11,Marche,Marche,1525271,370915,24.32,0.13
2148,2021-03-21,MAR,4512,1878,2634,87,0,109,54,4047,10,205,1632,2880,ITI,ITI3,11,Marche,Marche,1525271,375427,24.61,0.3
2149,2021-01-21,MAR,896,253,643,460,41,59,336,0,0,0,585,311,ITI,ITI3,11,Marche,Marche,1525271,376323,24.67,0.06
2150,2021-04-15,MAR,10367,4668,5699,502,5,8102,19,776,31,932,9802,565,ITI,ITI3,11,Marche,Marche,1525271,386690,25.35,0.68
2151,2021-02-13,MAR,1064,455,609,457,28,489,90,0,0,0,1012,52,ITI,ITI3,11,Marche,Marche,1525271,387754,25.42,0.07
2152,2021-03-04,MAR,6623,2974,3649,1064,8,930,106,2800,946,769,5229,1394,ITI,ITI3,11,Marche,Marche,1525271,394377,25.86,0.43
2153,2021-02-26,MAR,3635,1502,2133,449,34,205,385,2519,4,39,3159,476,ITI,ITI3,11,Marche,Marche,1525271,398012,26.09,0.24
2154,2021-01-09,VDA,443,199,244,225,183,13,22,0,0,0,443,0,ITC,ITC2,2,Valle d'Aosta / Vallée d'Aoste,Valle d'Aosta,125666,443,0.35,0.35
2155,2021-03-25,VDA,386,154,232,10,0,122,1,252,0,1,377,9,ITC,ITC2,2,Valle d'Aosta / Vallée d'Aoste,Valle d'Aosta,125666,829,0.66,0.31
2156,2021-02-07,VDA,292,120,172,110,55,17,0,105,2,3,190,102,ITC,ITC2,2,Valle d'Aosta / Vallée d'Aoste,Valle d'Aosta,125666,1121,0.89,0.23
2157,2021-02-21,VDA,18,3,15,0,0,0,18,0,0,0,0,18,ITC,ITC2,2,Valle d'Aosta / Vallée d'Aoste,Valle d'Aosta,125666,1139,0.91,0.01
2158,2021-03-15,VDA,361,122,239,20,4,41,10,215,6,65,159,202,ITC,ITC2,2,Valle d'Aosta / Vallée d'Aoste,Valle d'Aosta,125666,1500,1.19,0.29
2159,2021-03-20,VDA,205,85,120,5,2,164,15,14,4,1,170,35,ITC,ITC2,2,Valle d'Aosta / Vallée d'Aoste,Valle d'Aosta,125666,1705,1.36,0.16
2160,2021-04-09,VDA,233,110,123,0,0,198,7,28,0,0,200,33,ITC,ITC2,2,Valle d'Aosta / Vallée d'Aoste,Valle d'Aosta,125666,1938,1.54,0.19
2161,2021-03-29,VDA,489,232,257,6,1,258,18,205,1,0,450,39,ITC,ITC2,2,Valle d'Aosta / Vallée d'Aoste,Valle d'Aosta,125666,2427,1.93,0.39
2162,2021-02-16,VDA,325,53,272,10,0,55,14,6,4,236,320,5,ITC,ITC2,2,Valle d'Aosta / Vallée d'Aoste,Valle d'Aosta,125666,2752,2.19,0.26
2163,2021-01-21,VDA,33,12,21,0,0,0,33,0,0,0,33,0,ITC,ITC2,2,Valle d'Aosta / Vallée d'Aoste,Valle d'Aosta,125666,2785,2.22,0.03
2164,2021-02-24,VDA,183,82,101,30,7,7,13,66,53,7,164,19,ITC,ITC2,2,Valle d'Aosta / Vallée d'Aoste,Valle d'Aosta,125666,2968,2.36,0.15
2165,2021-01-29,VDA,316,138,178,259,32,9,16,0,0,0,2,314,ITC,ITC2,2,Valle d'Aosta / Vallée d'Aoste,Valle d'Aosta,125666,3284,2.61,0.25
2166,2021-01-30,VDA,437,202,235,232,181,12,12,0,0,0,14,423,ITC,ITC2,2,Valle d'Aosta / Vallée d'Aoste,Valle d'Aosta,125666,3721,2.96,0.35
2167,2021-01-14,VDA,237,69,168,151,62,22,0,2,0,0,237,0,ITC,ITC2,2,Valle d'Aosta / Vallée d'Aoste,Valle d'Aosta,125666,3958,3.15,0.19
2168,2021-01-05,VDA,150,54,96,127,11,1,11,0,0,0,150,0,ITC,ITC2,2,Valle d'Aosta / Vallée d'Aoste,Valle d'Aosta,125666,4108,3.27,0.12
2169,2021-01-08,VDA,299,130,169,240,35,8,16,0,0,0,299,0,ITC,ITC2,2,Valle d'Aosta / Vallée d'Aoste,Valle d'Aosta,125666,4407,3.51,0.24
2170,2021-03-27,VDA,332,164,168,23,6,221,14,66,1,1,301,31,ITC,ITC2,2,Valle d'Aosta / Vallée d'Aoste,Valle d'Aosta,125666,4739,3.77,0.26
2171,2021-02-22,VDA,316,94,222,62,7,32,39,103,6,67,213,103,ITC,ITC2,2,Valle d'Aosta / Vallée d'Aoste,Valle d'Aosta,125666,5055,4.02,0.25
2172,2021-03-14,VDA,390,200,190,6,3,295,0,0,34,52,390,0,ITC,ITC2,2,Valle d'Aosta / Vallée d'Aoste,Valle d'Aosta,125666,5445,4.33,0.31
2173,2020-12-31,VDA,18,4,14,16,2,0,0,0,0,0,18,0,ITC,ITC2,2,Valle d'Aosta / Vallée d'Aoste,Valle d'Aosta,125666,5463,4.35,0.01
2174,2021-03-01,VDA,181,66,115,19,5,10,29,116,2,0,147,34,ITC,ITC2,2,Valle d'Aosta / Vallée d'Aoste,Valle d'Aosta,125666,5644,4.49,0.14
2175,2021-01-18,VDA,213,74,139,29,7,104,27,46,0,0,213,0,ITC,ITC2,2,Valle d'Aosta / Vallée d'Aoste,Valle d'Aosta,125666,5857,4.66,0.17
2176,2021-04-14,VDA,933,424,509,16,3,524,0,389,0,1,711,222,ITC,ITC2,2,Valle d'Aosta / Vallée d'Aoste,Valle d'Aosta,125666,6790,5.4,0.74
2177,2021-04-15,VDA,806,375,431,30,1,564,0,208,2,1,667,139,ITC,ITC2,2,Valle d'Aosta / Vallée d'Aoste,Valle d'Aosta,125666,7596,6.04,0.64
2178,2021-03-04,VDA,291,139,152,56,13,44,2,160,14,2,42,249,ITC,ITC2,2,Valle d'Aosta / Vallée d'Aoste,Valle d'Aosta,125666,7887,6.28,0.23
2179,2021-01-13,VDA,337,110,227,166,138,5,28,0,0,0,337,0,ITC,ITC2,2,Valle d'Aosta / Vallée d'Aoste,Valle d'Aosta,125666,8224,6.54,0.27
2180,2021-04-10,VDA,401,189,212,2,0,376,1,22,0,0,396,5,ITC,ITC2,2,Valle d'Aosta / Vallée d'Aoste,Valle d'Aosta,125666,8625,6.86,0.32
2181,2021-01-10,VDA,220,71,149,172,25,4,19,0,0,0,220,0,ITC,ITC2,2,Valle d'Aosta / Vallée d'Aoste,Valle d'Aosta,125666,8845,7.04,0.18
2182,2021-03-03,VDA,255,118,137,9,1,102,1,137,1,4,186,69,ITC,ITC2,2,Valle d'Aosta / Vallée d'Aoste,Valle d'Aosta,125666,9100,7.24,0.2
2183,2021-03-07,VDA,64,30,34,16,3,16,0,26,2,1,11,53,ITC,ITC2,2,Valle d'Aosta / Vallée d'Aoste,Valle d'Aosta,125666,9164,7.29,0.05
2184,2021-02-05,VDA,294,102,192,159,45,37,0,53,0,0,101,193,ITC,ITC2,2,Valle d'Aosta / Vallée d'Aoste,Valle d'Aosta,125666,9458,7.53,0.23
2185,2021-04-16,VDA,205,87,118,15,2,170,1,17,0,0,203,2,ITC,ITC2,2,Valle d'Aosta / Vallée d'Aoste,Valle d'Aosta,125666,9663,7.69,0.16
2186,2021-03-13,VDA,142,84,58,2,1,113,0,0,23,3,142,0,ITC,ITC2,2,Valle d'Aosta / Vallée d'Aoste,Valle d'Aosta,125666,9805,7.8,0.11
2187,2021-03-10,VDA,436,182,254,9,0,67,17,337,6,0,225,211,ITC,ITC2,2,Valle d'Aosta / Vallée d'Aoste,Valle d'Aosta,125666,10241,8.15,0.35
2188,2021-01-06,VDA,65,33,32,29,8,10,18,0,0,0,65,0,ITC,ITC2,2,Valle d'Aosta / Vallée d'Aoste,Valle d'Aosta,125666,10306,8.2,0.05
2189,2021-02-27,VDA,230,84,146,69,2,25,2,128,4,0,124,106,ITC,ITC2,2,Valle d'Aosta / Vallée d'Aoste,Valle d'Aosta,125666,10536,8.38,0.18
2190,2021-01-02,VDA,6,5,1,0,0,0,6,0,0,0,6,0,ITC,ITC2,2,Valle d'Aosta / Vallée d'Aoste,Valle d'Aosta,125666,10542,8.39,0.0
2191,2021-03-18,VDA,134,43,91,4,0,3,25,101,1,0,98,36,ITC,ITC2,2,Valle d'Aosta / Vallée d'Aoste,Valle d'Aosta,125666,10676,8.5,0.11
2192,2021-03-02,VDA,339,166,173,17,1,101,39,111,65,5,336,3,ITC,ITC2,2,Valle d'Aosta / Vallée d'Aoste,Valle d'Aosta,125666,11015,8.77,0.27
2193,2021-01-20,VDA,23,8,15,0,0,0,6,17,0,0,23,0,ITC,ITC2,2,Valle d'Aosta / Vallée d'Aoste,Valle d'Aosta,125666,11038,8.78,0.02
2194,2021-03-23,VDA,375,149,226,13,2,70,7,276,0,7,242,133,ITC,ITC2,2,Valle d'Aosta / Vallée d'Aoste,Valle d'Aosta,125666,11413,9.08,0.3
2195,2021-01-22,VDA,56,21,35,36,0,0,20,0,0,0,20,36,ITC,ITC2,2,Valle d'Aosta / Vallée d'Aoste,Valle d'Aosta,125666,11469,9.13,0.04
2196,2021-02-06,VDA,289,104,185,170,31,13,0,74,1,0,92,197,ITC,ITC2,2,Valle d'Aosta / Vallée d'Aoste,Valle d'Aosta,125666,11758,9.36,0.23
2197,2021-03-11,VDA,192,72,120,2,0,14,7,166,1,2,64,128,ITC,ITC2,2,Valle d'Aosta / Vallée d'Aoste,Valle d'Aosta,125666,11950,9.51,0.15
2198,2021-02-20,VDA,251,210,41,6,2,47,11,2,174,9,241,10,ITC,ITC2,2,Valle d'Aosta / Vallée d'Aoste,Valle d'Aosta,125666,12201,9.71,0.2
2199,2021-04-08,VDA,582,282,300,6,0,297,4,273,0,2,438,144,ITC,ITC2,2,Valle d'Aosta / Vallée d'Aoste,Valle d'Aosta,125666,12783,10.17,0.46
2200,2021-01-11,VDA,325,112,213,238,50,7,30,0,0,0,325,0,ITC,ITC2,2,Valle d'Aosta / Vallée d'Aoste,Valle d'Aosta,125666,13108,10.43,0.26
2201,2021-04-07,VDA,904,472,432,15,0,509,0,379,0,1,676,228,ITC,ITC2,2,Valle d'Aosta / Vallée d'Aoste,Valle d'Aosta,125666,14012,11.15,0.72
2202,2021-03-22,VDA,556,204,352,36,4,136,18,335,10,17,330,226,ITC,ITC2,2,Valle d'Aosta / Vallée d'Aoste,Valle d'Aosta,125666,14568,11.59,0.44
2203,2021-02-10,VDA,248,77,171,51,8,16,26,128,1,18,141,107,ITC,ITC2,2,Valle d'Aosta / Vallée d'Aoste,Valle d'Aosta,125666,14816,11.79,0.2
2204,2021-01-17,VDA,131,56,75,49,2,1,20,59,0,0,131,0,ITC,ITC2,2,Valle d'Aosta / Vallée d'Aoste,Valle d'Aosta,125666,14947,11.89,0.1
2205,2021-04-11,VDA,476,207,269,2,0,466,0,5,0,3,476,0,ITC,ITC2,2,Valle d'Aosta / Vallée d'Aoste,Valle d'Aosta,125666,15423,12.27,0.38
2206,2021-04-02,VDA,868,343,525,61,5,413,12,191,9,177,645,223,ITC,ITC2,2,Valle d'Aosta / Vallée d'Aoste,Valle d'Aosta,125666,16291,12.96,0.69
2207,2021-03-12,VDA,529,175,354,14,7,96,7,148,2,255,303,226,ITC,ITC2,2,Valle d'Aosta / Vallée d'Aoste,Valle d'Aosta,125666,16820,13.38,0.42
2208,2021-01-12,VDA,302,72,230,242,34,15,11,0,0,0,302,0,ITC,ITC2,2,Valle d'Aosta / Vallée d'Aoste,Valle d'Aosta,125666,17122,13.63,0.24
2209,2021-02-01,VDA,403,127,276,268,56,9,70,0,0,0,87,316,ITC,ITC2,2,Valle d'Aosta / Vallée d'Aoste,Valle d'Aosta,125666,17525,13.95,0.32
2210,2021-03-31,VDA,550,300,250,6,0,362,0,182,0,0,525,25,ITC,ITC2,2,Valle d'Aosta / Vallée d'Aoste,Valle d'Aosta,125666,18075,14.38,0.44
2211,2021-01-07,VDA,275,111,164,224,38,8,5,0,0,0,275,0,ITC,ITC2,2,Valle d'Aosta / Vallée d'Aoste,Valle d'Aosta,125666,18350,14.6,0.22
2212,2021-02-23,VDA,216,123,93,0,1,164,0,0,35,16,216,0,ITC,ITC2,2,Valle d'Aosta / Vallée d'Aoste,Valle d'Aosta,125666,18566,14.77,0.17
2213,2021-03-17,VDA,430,185,245,35,2,90,15,240,41,7,270,160,ITC,ITC2,2,Valle d'Aosta / Vallée d'Aoste,Valle d'Aosta,125666,18996,15.12,0.34
2214,2021-02-09,VDA,251,84,167,78,9,21,14,75,1,53,68,183,ITC,ITC2,2,Valle d'Aosta / Vallée d'Aoste,Valle d'Aosta,125666,19247,15.32,0.2
2215,2021-02-17,VDA,327,144,183,25,1,18,30,237,16,0,227,100,ITC,ITC2,2,Valle d'Aosta / Vallée d'Aoste,Valle d'Aosta,125666,19574,15.58,0.26
2216,2021-03-06,VDA,22,4,18,13,0,0,5,4,0,0,22,0,ITC,ITC2,2,Valle d'Aosta / Vallée d'Aoste,Valle d'Aosta,125666,19596,15.59,0.02
2217,2021-03-16,VDA,176,36,140,2,0,43,13,118,0,0,115,61,ITC,ITC2,2,Valle d'Aosta / Vallée d'Aoste,Valle d'Aosta,125666,19772,15.73,0.14
2218,2021-04-04,VDA,569,251,318,1,8,446,0,20,0,94,568,1,ITC,ITC2,2,Valle d'Aosta / Vallée d'Aoste,Valle d'Aosta,125666,20341,16.19,0.45
2219,2021-02-11,VDA,231,107,124,53,17,20,0,128,13,0,222,9,ITC,ITC2,2,Valle d'Aosta / Vallée d'Aoste,Valle d'Aosta,125666,20572,16.37,0.18
2220,2021-02-26,VDA,206,57,149,67,4,28,6,96,4,1,122,84,ITC,ITC2,2,Valle d'Aosta / Vallée d'Aoste,Valle d'Aosta,125666,20778,16.53,0.16
2221,2021-03-08,VDA,481,231,250,28,1,80,13,343,15,1,237,244,ITC,ITC2,2,Valle d'Aosta / Vallée d'Aoste,Valle d'Aosta,125666,21259,16.92,0.38
2222,2021-03-30,VDA,399,221,178,9,0,257,5,121,2,5,380,19,ITC,ITC2,2,Valle d'Aosta / Vallée d'Aoste,Valle d'Aosta,125666,21658,17.23,0.32
2223,2021-01-15,VDA,218,82,136,116,32,36,28,6,0,0,218,0,ITC,ITC2,2,Valle d'Aosta / Vallée d'Aoste,Valle d'Aosta,125666,21876,17.41,0.17
2224,2021-03-26,VDA,494,203,291,4,2,170,0,89,3,226,487,7,ITC,ITC2,2,Valle d'Aosta / Vallée d'Aoste,Valle d'Aosta,125666,22370,17.8,0.39
2225,2021-02-15,VDA,264,136,128,24,2,26,25,170,15,2,229,35,ITC,ITC2,2,Valle d'Aosta / Vallée d'Aoste,Valle d'Aosta,125666,22634,18.01,0.21
2226,2021-04-05,VDA,458,221,237,18,0,398,0,8,0,34,455,3,ITC,ITC2,2,Valle d'Aosta / Vallée d'Aoste,Valle d'Aosta,125666,23092,18.38,0.36
2227,2021-04-03,VDA,673,339,334,13,4,592,4,54,5,1,658,15,ITC,ITC2,2,Valle d'Aosta / Vallée d'Aoste,Valle d'Aosta,125666,23765,18.91,0.54
2228,2021-02-18,VDA,349,153,196,61,4,36,45,181,14,8,261,88,ITC,ITC2,2,Valle d'Aosta / Vallée d'Aoste,Valle d'Aosta,125666,24114,19.19,0.28
2229,2021-03-24,VDA,512,230,282,8,3,131,0,367,2,1,257,255,ITC,ITC2,2,Valle d'Aosta / Vallée d'Aoste,Valle d'Aosta,125666,24626,19.6,0.41
2230,2020-12-27,VDA,20,9,11,20,0,0,0,0,0,0,20,0,ITC,ITC2,2,Valle d'Aosta / Vallée d'Aoste,Valle d'Aosta,125666,24646,19.61,0.02
2231,2021-04-01,VDA,770,391,379,1,0,573,0,196,0,0,759,11,ITC,ITC2,2,Valle d'Aosta / Vallée d'Aoste,Valle d'Aosta,125666,25416,20.23,0.61
2232,2021-03-28,VDA,520,212,308,51,6,352,0,52,13,46,519,1,ITC,ITC2,2,Valle d'Aosta / Vallée d'Aoste,Valle d'Aosta,125666,25936,20.64,0.41
2233,2021-02-19,VDA,292,102,190,17,0,22,35,153,0,65,268,24,ITC,ITC2,2,Valle d'Aosta / Vallée d'Aoste,Valle d'Aosta,125666,26228,20.87,0.23
2234,2021-02-08,VDA,223,83,140,28,17,86,3,64,0,25,25,198,ITC,ITC2,2,Valle d'Aosta / Vallée d'Aoste,Valle d'Aosta,125666,26451,21.05,0.18
2235,2021-02-02,VDA,271,70,201,225,34,9,3,0,0,0,2,269,ITC,ITC2,2,Valle d'Aosta / Vallée d'Aoste,Valle d'Aosta,125666,26722,21.26,0.22
2236,2021-03-19,VDA,319,84,235,8,1,70,21,9,1,209,284,35,ITC,ITC2,2,Valle d'Aosta / Vallée d'Aoste,Valle d'Aosta,125666,27041,21.52,0.25
2237,2021-01-28,VDA,290,123,167,202,34,46,6,2,0,0,56,234,ITC,ITC2,2,Valle d'Aosta / Vallée d'Aoste,Valle d'Aosta,125666,27331,21.75,0.23
2238,2021-04-13,VDA,371,171,200,2,1,241,8,119,0,0,327,44,ITC,ITC2,2,Valle d'Aosta / Vallée d'Aoste,Valle d'Aosta,125666,27702,22.04,0.3
2239,2021-01-27,VDA,151,71,80,55,8,17,18,53,0,0,79,72,ITC,ITC2,2,Valle d'Aosta / Vallée d'Aoste,Valle d'Aosta,125666,27853,22.16,0.12
2240,2021-03-05,VDA,275,124,151,51,8,60,13,138,0,5,53,222,ITC,ITC2,2,Valle d'Aosta / Vallée d'Aoste,Valle d'Aosta,125666,28128,22.38,0.22
2241,2021-01-16,VDA,236,80,156,127,32,4,22,51,0,0,236,0,ITC,ITC2,2,Valle d'Aosta / Vallée d'Aoste,Valle d'Aosta,125666,28364,22.57,0.19
2242,2021-04-06,VDA,739,379,360,24,3,477,1,234,0,0,627,112,ITC,ITC2,2,Valle d'Aosta / Vallée d'Aoste,Valle d'Aosta,125666,29103,23.16,0.59
2243,2021-03-09,VDA,204,96,108,2,0,79,23,36,39,25,172,32,ITC,ITC2,2,Valle d'Aosta / Vallée d'Aoste,Valle d'Aosta,125666,29307,23.32,0.16
2244,2021-02-13,VDA,215,195,20,0,0,54,0,0,161,0,215,0,ITC,ITC2,2,Valle d'Aosta / Vallée d'Aoste,Valle d'Aosta,125666,29522,23.49,0.17
2245,2021-01-19,VDA,256,77,179,160,10,14,15,57,0,0,256,0,ITC,ITC2,2,Valle d'Aosta / Vallée d'Aoste,Valle d'Aosta,125666,29778,23.7,0.2
2246,2021-02-04,VDA,294,86,208,168,74,17,34,1,0,0,8,286,ITC,ITC2,2,Valle d'Aosta / Vallée d'Aoste,Valle d'Aosta,125666,30072,23.93,0.23
2247,2021-02-28,VDA,260,86,174,78,31,26,24,94,3,4,77,183,ITC,ITC2,2,Valle d'Aosta / Vallée d'Aoste,Valle d'Aosta,125666,30332,24.14,0.21
2248,2021-02-14,VDA,48,16,32,6,0,0,42,0,0,0,1,47,ITC,ITC2,2,Valle d'Aosta / Vallée d'Aoste,Valle d'Aosta,125666,30380,24.18,0.04
2249,2021-01-26,VDA,139,48,91,115,11,1,12,0,0,0,0,139,ITC,ITC2,2,Valle d'Aosta / Vallée d'Aoste,Valle d'Aosta,125666,30519,24.29,0.11
2250,2021-02-12,VDA,263,96,167,51,9,39,28,131,0,5,217,46,ITC,ITC2,2,Valle d'Aosta / Vallée d'Aoste,Valle d'Aosta,125666,30782,24.5,0.21
2251,2021-02-03,VDA,351,114,237,157,135,6,52,1,0,0,14,337,ITC,ITC2,2,Valle d'Aosta / Vallée d'Aoste,Valle d'Aosta,125666,31133,24.77,0.28
2252,2021-03-21,VDA,353,164,189,2,4,312,0,1,6,28,353,0,ITC,ITC2,2,Valle d'Aosta / Vallée d'Aoste,Valle d'Aosta,125666,31486,25.06,0.28
2253,2021-01-31,VDA,290,90,200,231,31,10,18,0,0,0,58,232,ITC,ITC2,2,Valle d'Aosta / Vallée d'Aoste,Valle d'Aosta,125666,31776,25.29,0.23
2254,2021-04-12,VDA,479,181,298,8,8,219,22,220,0,2,319,160,ITC,ITC2,2,Valle d'Aosta / Vallée d'Aoste,Valle d'Aosta,125666,32255,25.67,0.38
2255,2021-01-25,VDA,147,65,82,125,13,3,6,0,0,0,0,147,ITC,ITC2,2,Valle d'Aosta / Vallée d'Aoste,Valle d'Aosta,125666,32402,25.78,0.12
2256,2021-01-04,VDA,142,59,83,126,14,2,0,0,0,0,142,0,ITC,ITC2,2,Valle d'Aosta / Vallée d'Aoste,Valle d'Aosta,125666,32544,25.9,0.11
2257,2021-02-25,VDA,201,101,100,6,3,153,12,0,25,2,194,7,ITC,ITC2,2,Valle d'Aosta / Vallée d'Aoste,Valle d'Aosta,125666,32745,26.06,0.16
