,data,area,Vaccinazioni giornaliere,sesso_maschile,sesso_femminile,Operatori sanitari - sociosanitari,Personale non sanitario,Ospiti RSA,categoria_personale_scolastico,categoria_60_69,categoria_70_79,categoria_over80,categoria_soggetti_fragili,categoria_forze_armate,categoria_altro,prima_dose,seconda_dose,codice_NUTS1,codice_NUTS2,codice_regione_ISTAT,nome_area,Regione,popolazione,Totale vaccinazioni,Totale vaccinazioni ogni cento ab,Vaccinazioni giornaliere ogni cento ab
0,2021-02-01,PIE,8642,3053,5589,6177,1397,1068,0,0,0,0,0,0,0,578,8064,ITC,ITC1,1,Piemonte,Piemonte,4356406,8642,0.2,0.2
1,2021-02-05,PIE,9452,3079,6373,5766,2041,1643,0,0,0,1,0,0,1,657,8795,ITC,ITC1,1,Piemonte,Piemonte,4356406,18094,0.42,0.22
2,2021-02-20,PIE,3829,1252,2577,1100,1064,219,1416,0,0,30,0,0,0,3656,173,ITC,ITC1,1,Piemonte,Piemonte,4356406,21923,0.5,0.09
3,2021-04-28,PIE,25759,11598,14161,569,274,106,54,3481,3987,7872,9372,25,19,15801,9958,ITC,ITC1,1,Piemonte,Piemonte,4356406,47682,1.09,0.59
4,2021-03-26,PIE,17738,6979,10759,1166,744,529,2429,3,14,11529,608,710,6,8834,8904,ITC,ITC1,1,Piemonte,Piemonte,4356406,65420,1.5,0.41
5,2021-04-19,PIE,22304,10647,11657,305,159,213,28,786,5403,4780,10609,1,20,17961,4343,ITC,ITC1,1,Piemonte,Piemonte,4356406,87724,2.01,0.51
6,2021-02-19,PIE,5532,2174,3358,1989,1752,666,1078,0,1,34,0,3,9,5030,502,ITC,ITC1,1,Piemonte,Piemonte,4356406,93256,2.14,0.13
7,2021-04-25,PIE,19947,9183,10764,213,108,9,18,1246,6277,2504,9549,8,15,17436,2511,ITC,ITC1,1,Piemonte,Piemonte,4356406,113203,2.6,0.46
8,2021-04-05,PIE,14735,6232,8503,148,115,0,703,1,3904,7986,1844,33,1,12179,2556,ITC,ITC1,1,Piemonte,Piemonte,4356406,127938,2.94,0.34
9,2021-04-15,PIE,29476,13509,15967,899,399,422,53,1203,9648,6845,9972,7,28,24005,5471,ITC,ITC1,1,Piemonte,Piemonte,4356406,157414,3.61,0.68
10,2021-01-16,PIE,7771,2630,5141,4803,1596,1372,0,0,0,0,0,0,0,7771,0,ITC,ITC1,1,Piemonte,Piemonte,4356406,165185,3.79,0.18
11,2021-02-03,PIE,10197,3303,6894,6643,2299,1246,0,2,0,5,0,0,2,611,9586,ITC,ITC1,1,Piemonte,Piemonte,4356406,175382,4.03,0.23
12,2021-04-01,PIE,19308,8063,11245,672,371,289,914,6,1954,13846,961,261,34,11201,8107,ITC,ITC1,1,Piemonte,Piemonte,4356406,194690,4.47,0.44
13,2021-01-19,PIE,6423,2099,4324,3574,1301,1548,0,0,0,0,0,0,0,6414,9,ITC,ITC1,1,Piemonte,Piemonte,4356406,201113,4.62,0.15
14,2021-02-13,PIE,4152,1334,2818,2310,722,1114,5,0,0,1,0,0,0,2931,1221,ITC,ITC1,1,Piemonte,Piemonte,4356406,205265,4.71,0.1
15,2021-01-18,PIE,6164,2047,4117,3238,1403,1523,0,0,0,0,0,0,0,5916,248,ITC,ITC1,1,Piemonte,Piemonte,4356406,211429,4.85,0.14
16,2021-01-03,PIE,3063,967,2096,2715,295,52,0,0,0,0,0,0,1,3063,0,ITC,ITC1,1,Piemonte,Piemonte,4356406,214492,4.92,0.07
17,2021-01-04,PIE,5563,1679,3884,4590,736,235,0,0,0,0,0,0,2,5563,0,ITC,ITC1,1,Piemonte,Piemonte,4356406,220055,5.05,0.13
18,2021-02-12,PIE,6887,2213,4674,3527,1645,1707,2,1,0,4,0,0,1,3928,2959,ITC,ITC1,1,Piemonte,Piemonte,4356406,226942,5.21,0.16
19,2021-03-09,PIE,13939,5417,8522,1688,1543,356,2330,2,6,8007,1,6,0,11597,2342,ITC,ITC1,1,Piemonte,Piemonte,4356406,240881,5.53,0.32
20,2021-02-27,PIE,12678,4846,7832,885,963,232,3038,0,0,7558,1,0,1,12331,347,ITC,ITC1,1,Piemonte,Piemonte,4356406,253559,5.82,0.29
21,2021-03-20,PIE,11912,4896,7016,882,1039,163,1937,20,17,7683,21,21,129,6016,5896,ITC,ITC1,1,Piemonte,Piemonte,4356406,265471,6.09,0.27
22,2021-02-17,PIE,4788,2154,2634,2245,2030,497,1,0,1,1,0,0,13,3799,989,ITC,ITC1,1,Piemonte,Piemonte,4356406,270259,6.2,0.11
23,2021-03-08,PIE,13921,5284,8637,2035,1424,413,2628,1,1,7403,0,13,3,11208,2713,ITC,ITC1,1,Piemonte,Piemonte,4356406,284180,6.52,0.32
24,2021-03-27,PIE,18346,7814,10532,1215,1621,110,2109,13,939,11696,446,191,6,9533,8813,ITC,ITC1,1,Piemonte,Piemonte,4356406,302526,6.94,0.42
25,2021-03-01,PIE,12030,4838,7192,1157,1277,281,2430,0,4,6873,0,7,1,11221,809,ITC,ITC1,1,Piemonte,Piemonte,4356406,314556,7.22,0.28
26,2021-01-29,PIE,5943,1886,4057,4199,1067,673,0,0,0,2,0,0,2,455,5488,ITC,ITC1,1,Piemonte,Piemonte,4356406,320499,7.36,0.14
27,2021-05-04,PIE,27368,12519,14849,469,192,112,204,7076,5595,6151,7327,219,23,15532,11836,ITC,ITC1,1,Piemonte,Piemonte,4356406,347867,7.99,0.63
28,2021-02-16,PIE,3966,1755,2211,1815,1587,548,1,0,4,1,0,4,6,3208,758,ITC,ITC1,1,Piemonte,Piemonte,4356406,351833,8.08,0.09
29,2021-02-14,PIE,1476,498,978,796,381,285,14,0,0,0,0,0,0,876,600,ITC,ITC1,1,Piemonte,Piemonte,4356406,353309,8.11,0.03
30,2021-02-24,PIE,11406,4629,6777,1855,1290,408,2155,0,3,5684,0,6,5,10900,506,ITC,ITC1,1,Piemonte,Piemonte,4356406,364715,8.37,0.26
31,2021-03-31,PIE,19099,8100,10999,962,687,311,687,8,2527,13177,524,209,7,10409,8690,ITC,ITC1,1,Piemonte,Piemonte,4356406,383814,8.81,0.44
32,2021-01-09,PIE,6183,2185,3998,4499,1113,568,0,1,0,0,0,0,2,6183,0,ITC,ITC1,1,Piemonte,Piemonte,4356406,389997,8.95,0.14
33,2021-01-07,PIE,5387,1739,3648,4159,885,341,0,1,0,0,0,0,1,5387,0,ITC,ITC1,1,Piemonte,Piemonte,4356406,395384,9.08,0.12
34,2021-04-30,PIE,30942,13872,17070,720,429,317,122,4340,5329,8574,10963,119,29,17767,13175,ITC,ITC1,1,Piemonte,Piemonte,4356406,426326,9.79,0.71
35,2021-02-09,PIE,7351,2309,5042,4154,1367,1830,0,0,0,0,0,0,0,722,6629,ITC,ITC1,1,Piemonte,Piemonte,4356406,433677,9.95,0.17
36,2021-02-15,PIE,4431,1596,2835,2319,1144,962,1,0,2,2,0,1,0,3226,1205,ITC,ITC1,1,Piemonte,Piemonte,4356406,438108,10.06,0.1
37,2021-01-27,PIE,4196,1453,2743,2982,657,557,0,0,0,0,0,0,0,999,3197,ITC,ITC1,1,Piemonte,Piemonte,4356406,442304,10.15,0.1
38,2021-01-06,PIE,3116,1111,2005,2370,429,313,0,0,1,1,0,0,2,3116,0,ITC,ITC1,1,Piemonte,Piemonte,4356406,445420,10.22,0.07
39,2021-04-20,PIE,25351,11601,13750,707,271,241,35,1204,6122,6647,10109,2,13,19050,6301,ITC,ITC1,1,Piemonte,Piemonte,4356406,470771,10.81,0.58
40,2021-03-11,PIE,13747,5066,8681,2312,1416,381,2184,1,5,7371,0,71,6,10656,3091,ITC,ITC1,1,Piemonte,Piemonte,4356406,484518,11.12,0.32
41,2021-01-20,PIE,6615,2089,4526,3618,1182,1813,0,0,0,0,0,0,2,5898,717,ITC,ITC1,1,Piemonte,Piemonte,4356406,491133,11.27,0.15
42,2021-01-05,PIE,5381,1603,3778,4368,721,285,0,0,2,1,0,0,4,5381,0,ITC,ITC1,1,Piemonte,Piemonte,4356406,496514,11.4,0.12
43,2021-04-02,PIE,20082,8265,11817,885,438,390,879,8,2690,13348,1260,153,31,11675,8407,ITC,ITC1,1,Piemonte,Piemonte,4356406,516596,11.86,0.46
44,2021-04-09,PIE,25802,11362,14440,1218,523,254,46,44,7391,11143,5133,35,15,21294,4508,ITC,ITC1,1,Piemonte,Piemonte,4356406,542398,12.45,0.59
45,2021-01-28,PIE,5589,1809,3780,4119,878,590,0,1,0,1,0,0,0,384,5205,ITC,ITC1,1,Piemonte,Piemonte,4356406,547987,12.58,0.13
46,2021-02-25,PIE,12213,5249,6964,1447,2064,405,1960,0,2,6329,0,1,5,11667,546,ITC,ITC1,1,Piemonte,Piemonte,4356406,560200,12.86,0.28
47,2021-05-02,PIE,24597,11023,13574,578,230,33,68,2747,7095,5653,8087,86,20,13862,10735,ITC,ITC1,1,Piemonte,Piemonte,4356406,584797,13.42,0.56
48,2021-01-15,PIE,8968,2955,6013,5499,1922,1546,0,0,0,0,0,0,1,8968,0,ITC,ITC1,1,Piemonte,Piemonte,4356406,593765,13.63,0.21
49,2021-04-07,PIE,23551,9966,13585,951,440,272,532,7,5783,12362,3072,66,66,18095,5456,ITC,ITC1,1,Piemonte,Piemonte,4356406,617316,14.17,0.54
50,2021-01-11,PIE,8741,2980,5761,6060,1553,1126,0,1,0,0,0,0,1,8741,0,ITC,ITC1,1,Piemonte,Piemonte,4356406,626057,14.37,0.2
51,2021-02-02,PIE,10237,3507,6730,6871,2048,1317,0,0,0,0,0,0,1,815,9422,ITC,ITC1,1,Piemonte,Piemonte,4356406,636294,14.61,0.23
52,2021-02-11,PIE,6764,2107,4657,3422,1328,2010,3,0,0,0,0,0,1,3006,3758,ITC,ITC1,1,Piemonte,Piemonte,4356406,643058,14.76,0.16
53,2021-03-02,PIE,11192,4502,6690,907,1122,215,2517,0,4,6416,0,9,2,10376,816,ITC,ITC1,1,Piemonte,Piemonte,4356406,654250,15.02,0.26
54,2021-03-07,PIE,11968,4656,7312,1322,1134,111,2050,0,5,7344,0,0,2,11088,880,ITC,ITC1,1,Piemonte,Piemonte,4356406,666218,15.29,0.27
55,2021-01-14,PIE,9764,3151,6613,6181,2097,1484,0,0,0,0,0,0,2,9764,0,ITC,ITC1,1,Piemonte,Piemonte,4356406,675982,15.52,0.22
56,2021-03-25,PIE,17083,7204,9879,1035,963,626,1375,4,25,12004,568,476,7,8448,8635,ITC,ITC1,1,Piemonte,Piemonte,4356406,693065,15.91,0.39
57,2021-01-23,PIE,4257,1325,2932,3212,524,520,0,0,0,1,0,0,0,879,3378,ITC,ITC1,1,Piemonte,Piemonte,4356406,697322,16.01,0.1
58,2021-03-13,PIE,13033,4717,8316,1169,996,158,2138,1,3,8559,0,4,5,11590,1443,ITC,ITC1,1,Piemonte,Piemonte,4356406,710355,16.31,0.3
59,2021-01-17,PIE,3517,1168,2349,2081,596,840,0,0,0,0,0,0,0,2870,647,ITC,ITC1,1,Piemonte,Piemonte,4356406,713872,16.39,0.08
60,2021-04-08,PIE,25065,10892,14173,1057,521,274,412,25,7376,11243,4034,117,6,20346,4719,ITC,ITC1,1,Piemonte,Piemonte,4356406,738937,16.96,0.58
61,2021-01-26,PIE,6330,1879,4451,4727,873,728,0,0,0,0,0,0,2,735,5595,ITC,ITC1,1,Piemonte,Piemonte,4356406,745267,17.11,0.15
62,2021-04-24,PIE,27109,12285,14824,461,168,21,23,2650,8136,5214,10358,48,30,21475,5634,ITC,ITC1,1,Piemonte,Piemonte,4356406,772376,17.73,0.62
63,2021-03-17,PIE,12509,5050,7459,2083,806,236,9,1,9,9100,9,250,6,5221,7288,ITC,ITC1,1,Piemonte,Piemonte,4356406,784885,18.02,0.29
64,2021-03-14,PIE,8200,3331,4869,794,588,2,990,0,5,5815,0,1,5,5307,2893,ITC,ITC1,1,Piemonte,Piemonte,4356406,793085,18.21,0.19
65,2021-02-04,PIE,10199,3337,6862,6235,2199,1763,0,0,0,0,0,0,2,588,9611,ITC,ITC1,1,Piemonte,Piemonte,4356406,803284,18.44,0.23
66,2021-04-26,PIE,19507,8628,10879,306,100,84,44,1509,3329,4814,9297,11,13,15130,4377,ITC,ITC1,1,Piemonte,Piemonte,4356406,822791,18.89,0.45
67,2021-02-10,PIE,7533,2370,5163,3905,1530,2097,0,0,0,0,0,0,1,1316,6217,ITC,ITC1,1,Piemonte,Piemonte,4356406,830324,19.06,0.17
68,2021-01-31,PIE,4106,1748,2358,3076,655,375,0,0,0,0,0,0,0,112,3994,ITC,ITC1,1,Piemonte,Piemonte,4356406,834430,19.15,0.09
69,2021-02-18,PIE,4786,2091,2695,2254,1898,624,2,0,0,0,0,2,6,4356,430,ITC,ITC1,1,Piemonte,Piemonte,4356406,839216,19.26,0.11
70,2020-12-30,PIE,730,322,408,685,45,0,0,0,0,0,0,0,0,730,0,ITC,ITC1,1,Piemonte,Piemonte,4356406,839946,19.28,0.02
71,2021-03-19,PIE,11012,4508,6504,1126,650,432,271,3,19,8179,25,301,6,4413,6599,ITC,ITC1,1,Piemonte,Piemonte,4356406,850958,19.53,0.25
72,2021-03-28,PIE,16035,6892,9143,926,1914,34,2480,3,461,8926,1076,208,7,8427,7608,ITC,ITC1,1,Piemonte,Piemonte,4356406,866993,19.9,0.37
73,2020-12-31,PIE,3909,1334,2575,3415,356,134,0,0,0,0,0,0,4,3909,0,ITC,ITC1,1,Piemonte,Piemonte,4356406,870902,19.99,0.09
74,2021-04-06,PIE,20194,8786,11408,648,591,260,1319,16,5173,9644,2405,113,25,15016,5178,ITC,ITC1,1,Piemonte,Piemonte,4356406,891096,20.45,0.46
75,2021-02-07,PIE,3087,974,2113,1648,662,777,0,0,0,0,0,0,0,445,2642,ITC,ITC1,1,Piemonte,Piemonte,4356406,894183,20.53,0.07
76,2021-04-12,PIE,22897,10337,12560,612,296,245,60,242,7772,7332,6281,10,47,19914,2983,ITC,ITC1,1,Piemonte,Piemonte,4356406,917080,21.05,0.53
77,2021-01-08,PIE,5531,1761,3770,4078,1027,422,0,0,0,0,0,0,4,5531,0,ITC,ITC1,1,Piemonte,Piemonte,4356406,922611,21.18,0.13
78,2021-04-11,PIE,20806,9309,11497,401,231,68,254,217,7630,6876,5114,5,10,18645,2161,ITC,ITC1,1,Piemonte,Piemonte,4356406,943417,21.66,0.48
79,2021-03-18,PIE,11740,4798,6942,1464,770,343,18,3,14,8871,10,235,12,4028,7712,ITC,ITC1,1,Piemonte,Piemonte,4356406,955157,21.93,0.27
80,2021-01-21,PIE,6880,2314,4566,4707,840,1318,0,3,0,0,0,0,12,3385,3495,ITC,ITC1,1,Piemonte,Piemonte,4356406,962037,22.08,0.16
81,2021-02-26,PIE,12286,4928,7358,843,1436,490,2900,0,1,6613,0,2,1,11549,737,ITC,ITC1,1,Piemonte,Piemonte,4356406,974323,22.37,0.28
82,2021-03-03,PIE,12114,4640,7474,1103,1025,257,2665,0,2,7059,0,3,0,11295,819,ITC,ITC1,1,Piemonte,Piemonte,4356406,986437,22.64,0.28
83,2021-03-05,PIE,15262,5957,9305,2540,2011,655,2371,1,5,7673,1,5,0,11445,3817,ITC,ITC1,1,Piemonte,Piemonte,4356406,1001699,22.99,0.35
84,2021-02-23,PIE,9231,3712,5519,2298,1346,389,1052,0,2,4106,0,33,5,8651,580,ITC,ITC1,1,Piemonte,Piemonte,4356406,1010930,23.21,0.21
85,2021-01-25,PIE,6213,1938,4275,4788,860,562,0,0,1,1,0,0,1,983,5230,ITC,ITC1,1,Piemonte,Piemonte,4356406,1017143,23.35,0.14
86,2021-01-01,PIE,1038,395,643,922,116,0,0,0,0,0,0,0,0,1038,0,ITC,ITC1,1,Piemonte,Piemonte,4356406,1018181,23.37,0.02
87,2021-03-06,PIE,13988,5209,8779,2262,1126,462,2697,1,2,7437,1,0,0,11199,2789,ITC,ITC1,1,Piemonte,Piemonte,4356406,1032169,23.69,0.32
88,2021-04-04,PIE,9242,4054,5188,196,302,0,294,0,2035,4226,2173,11,5,6530,2712,ITC,ITC1,1,Piemonte,Piemonte,4356406,1041411,23.91,0.21
89,2021-03-16,PIE,10517,4267,6250,2231,870,322,13,7,10,6798,65,162,39,4462,6055,ITC,ITC1,1,Piemonte,Piemonte,4356406,1051928,24.15,0.24
90,2021-04-22,PIE,27476,12640,14836,592,331,420,60,1654,5403,6529,12423,20,44,20840,6636,ITC,ITC1,1,Piemonte,Piemonte,4356406,1079404,24.78,0.63
91,2020-12-27,PIE,913,369,544,761,73,76,0,1,0,0,0,0,2,913,0,ITC,ITC1,1,Piemonte,Piemonte,4356406,1080317,24.8,0.02
92,2021-01-22,PIE,3866,1249,2617,2279,650,934,0,1,0,1,0,0,1,2525,1341,ITC,ITC1,1,Piemonte,Piemonte,4356406,1084183,24.89,0.09
93,2021-04-21,PIE,25505,11723,13782,798,357,264,45,1394,7066,6125,9425,11,20,20195,5310,ITC,ITC1,1,Piemonte,Piemonte,4356406,1109688,25.47,0.59
94,2021-03-12,PIE,13935,5178,8757,2142,1295,472,2274,0,4,7627,6,114,1,11001,2934,ITC,ITC1,1,Piemonte,Piemonte,4356406,1123623,25.79,0.32
95,2021-04-18,PIE,22909,10814,12095,341,240,24,46,912,5673,4371,11275,10,17,20158,2751,ITC,ITC1,1,Piemonte,Piemonte,4356406,1146532,26.32,0.53
96,2021-05-07,PIE,25829,12286,13543,452,150,125,398,6660,4046,3068,10454,459,17,13716,12113,ITC,ITC1,1,Piemonte,Piemonte,4356406,1172361,26.91,0.59
97,2021-04-17,PIE,30264,14069,16195,746,317,116,56,2804,9977,4891,11333,9,15,26988,3276,ITC,ITC1,1,Piemonte,Piemonte,4356406,1202625,27.61,0.69
98,2021-03-10,PIE,13624,5164,8460,1666,1339,280,2240,1,6,8017,1,73,1,11330,2294,ITC,ITC1,1,Piemonte,Piemonte,4356406,1216249,27.92,0.31
99,2021-02-08,PIE,6916,2355,4561,3786,1557,1572,0,0,0,0,0,0,1,666,6250,ITC,ITC1,1,Piemonte,Piemonte,4356406,1223165,28.08,0.16
100,2021-04-29,PIE,47449,21476,25973,1226,560,301,61,9137,11075,9148,15682,164,95,34901,12548,ITC,ITC1,1,Piemonte,Piemonte,4356406,1270614,29.17,1.09
101,2021-04-03,PIE,19385,8114,11271,309,237,76,540,13,2976,13411,1663,114,46,10840,8545,ITC,ITC1,1,Piemonte,Piemonte,4356406,1289999,29.61,0.44
102,2021-02-22,PIE,8467,3464,5003,1705,1398,512,920,2,4,3914,0,9,3,7877,590,ITC,ITC1,1,Piemonte,Piemonte,4356406,1298466,29.81,0.19
103,2021-02-28,PIE,10812,4058,6754,642,501,53,2790,1,1,6822,0,0,2,10572,240,ITC,ITC1,1,Piemonte,Piemonte,4356406,1309278,30.05,0.25
104,2021-05-06,PIE,31644,14981,16663,423,174,149,194,9615,4994,3684,11701,625,85,18491,13153,ITC,ITC1,1,Piemonte,Piemonte,4356406,1340922,30.78,0.73
105,2021-02-21,PIE,5086,2080,3006,685,263,47,737,0,0,3353,0,0,1,4984,102,ITC,ITC1,1,Piemonte,Piemonte,4356406,1346008,30.9,0.12
106,2021-01-10,PIE,5214,2275,2939,3910,783,519,0,0,0,0,0,0,2,5214,0,ITC,ITC1,1,Piemonte,Piemonte,4356406,1351222,31.02,0.12
107,2021-04-27,PIE,22493,10179,12314,356,212,156,80,3087,3889,4981,9683,31,18,17388,5105,ITC,ITC1,1,Piemonte,Piemonte,4356406,1373715,31.53,0.52
108,2021-04-14,PIE,27638,12536,15102,872,439,448,60,783,10250,7061,7697,9,19,23126,4512,ITC,ITC1,1,Piemonte,Piemonte,4356406,1401353,32.17,0.63
109,2021-01-12,PIE,10047,3404,6643,6863,2009,1170,0,2,0,0,0,0,3,10047,0,ITC,ITC1,1,Piemonte,Piemonte,4356406,1411400,32.4,0.23
110,2021-03-21,PIE,10706,4734,5972,585,1475,9,1318,2,165,7017,1,133,1,4183,6523,ITC,ITC1,1,Piemonte,Piemonte,4356406,1422106,32.64,0.25
111,2021-03-29,PIE,15133,6372,8761,415,543,137,1330,1,1259,10371,733,342,2,8522,6611,ITC,ITC1,1,Piemonte,Piemonte,4356406,1437239,32.99,0.35
112,2021-04-23,PIE,27283,12536,14747,701,274,273,30,1805,5268,6454,12415,41,22,20563,6720,ITC,ITC1,1,Piemonte,Piemonte,4356406,1464522,33.62,0.63
113,2021-03-15,PIE,10644,4155,6489,1716,1460,231,1469,2,5,5731,0,28,2,5028,5616,ITC,ITC1,1,Piemonte,Piemonte,4356406,1475166,33.86,0.24
114,2021-03-30,PIE,16884,7030,9854,783,436,287,994,7,1375,12120,580,297,5,9014,7870,ITC,ITC1,1,Piemonte,Piemonte,4356406,1492050,34.25,0.39
115,2021-01-30,PIE,5978,2135,3843,4375,1108,495,0,0,0,0,0,0,0,218,5760,ITC,ITC1,1,Piemonte,Piemonte,4356406,1498028,34.39,0.14
116,2021-04-16,PIE,28081,13083,14998,1040,467,436,77,1629,7585,5821,10990,5,31,23175,4906,ITC,ITC1,1,Piemonte,Piemonte,4356406,1526109,35.03,0.64
117,2021-05-05,PIE,30671,14382,16289,776,407,200,206,8948,5637,4931,9167,370,29,17845,12826,ITC,ITC1,1,Piemonte,Piemonte,4356406,1556780,35.74,0.7
118,2021-05-01,PIE,27781,12645,15136,439,275,58,88,3251,8590,6918,8088,51,23,16041,11740,ITC,ITC1,1,Piemonte,Piemonte,4356406,1584561,36.37,0.64
119,2020-12-28,PIE,1,1,0,1,0,0,0,0,0,0,0,0,0,1,0,ITC,ITC1,1,Piemonte,Piemonte,4356406,1584562,36.37,0.0
120,2021-01-13,PIE,10080,3223,6857,6488,2259,1329,0,0,0,0,0,0,4,10080,0,ITC,ITC1,1,Piemonte,Piemonte,4356406,1594642,36.6,0.23
121,2021-04-13,PIE,25851,11566,14285,666,266,261,121,899,10388,7018,6202,7,23,22412,3439,ITC,ITC1,1,Piemonte,Piemonte,4356406,1620493,37.2,0.59
122,2021-05-03,PIE,26191,11962,14229,677,290,56,96,3766,4543,7542,9078,104,39,12140,14051,ITC,ITC1,1,Piemonte,Piemonte,4356406,1646684,37.8,0.6
123,2021-02-06,PIE,7983,2664,5319,5101,1629,1251,0,0,0,1,0,0,1,400,7583,ITC,ITC1,1,Piemonte,Piemonte,4356406,1654667,37.98,0.18
124,2021-04-10,PIE,30112,13390,16722,901,456,138,134,359,11964,10218,5918,15,9,25833,4279,ITC,ITC1,1,Piemonte,Piemonte,4356406,1684779,38.67,0.69
125,2021-03-22,PIE,11448,4851,6597,880,909,191,1219,1,9,7914,74,249,2,3865,7583,ITC,ITC1,1,Piemonte,Piemonte,4356406,1696227,38.94,0.26
126,2021-03-04,PIE,14485,5729,8756,2185,1951,609,2195,0,2,7535,0,4,4,11536,2949,ITC,ITC1,1,Piemonte,Piemonte,4356406,1710712,39.27,0.33
127,2021-03-24,PIE,15473,6334,9139,1072,766,479,840,5,21,11510,394,376,10,6347,9126,ITC,ITC1,1,Piemonte,Piemonte,4356406,1726185,39.62,0.36
128,2021-03-23,PIE,13042,5442,7600,690,1020,260,1334,5,15,9239,286,178,15,6804,6238,ITC,ITC1,1,Piemonte,Piemonte,4356406,1739227,39.92,0.3
129,2021-01-02,PIE,3545,1134,2411,3081,407,53,0,1,0,1,0,0,2,3545,0,ITC,ITC1,1,Piemonte,Piemonte,4356406,1742772,40.0,0.08
130,2021-01-24,PIE,3153,959,2194,2636,370,146,0,0,0,0,0,0,1,434,2719,ITC,ITC1,1,Piemonte,Piemonte,4356406,1745925,40.08,0.07
131,2021-02-01,UMB,1285,342,943,877,35,373,0,0,0,0,0,0,0,48,1237,ITI,ITI2,10,Umbria,Umbria,882015,1285,0.15,0.15
132,2021-04-12,UMB,7081,3075,4006,204,17,0,17,30,2425,2910,1462,4,12,5364,1717,ITI,ITI2,10,Umbria,Umbria,882015,8366,0.95,0.8
133,2021-02-20,UMB,282,100,182,83,7,39,0,0,0,152,0,0,1,258,24,ITI,ITI2,10,Umbria,Umbria,882015,8648,0.98,0.03
134,2021-05-03,UMB,5073,2262,2811,189,22,12,12,16,105,1451,3230,35,1,2187,2886,ITI,ITI2,10,Umbria,Umbria,882015,13721,1.56,0.58
135,2021-01-02,UMB,304,111,193,304,0,0,0,0,0,0,0,0,0,304,0,ITI,ITI2,10,Umbria,Umbria,882015,14025,1.59,0.03
136,2021-01-11,UMB,1315,346,969,880,14,415,0,1,0,0,0,0,5,1315,0,ITI,ITI2,10,Umbria,Umbria,882015,15340,1.74,0.15
137,2021-03-09,UMB,4051,1971,2080,143,568,122,23,0,1,2915,7,217,55,2759,1292,ITI,ITI2,10,Umbria,Umbria,882015,19391,2.2,0.46
138,2021-01-25,UMB,648,323,325,646,2,0,0,0,0,0,0,0,0,5,643,ITI,ITI2,10,Umbria,Umbria,882015,20039,2.27,0.07
139,2021-01-19,UMB,103,23,80,21,2,80,0,0,0,0,0,0,0,103,0,ITI,ITI2,10,Umbria,Umbria,882015,20142,2.28,0.01
140,2021-02-06,UMB,396,138,258,333,47,16,0,0,0,0,0,0,0,34,362,ITI,ITI2,10,Umbria,Umbria,882015,20538,2.33,0.04
141,2021-01-04,UMB,810,398,412,810,0,0,0,0,0,0,0,0,0,810,0,ITI,ITI2,10,Umbria,Umbria,882015,21348,2.42,0.09
142,2021-04-10,UMB,7438,3496,3942,81,62,30,50,49,2471,691,3972,18,14,7325,113,ITI,ITI2,10,Umbria,Umbria,882015,28786,3.26,0.84
143,2021-02-05,UMB,780,234,546,645,51,84,0,0,0,0,0,0,0,18,762,ITI,ITI2,10,Umbria,Umbria,882015,29566,3.35,0.09
144,2021-02-03,UMB,725,174,551,560,34,131,0,0,0,0,0,0,0,67,658,ITI,ITI2,10,Umbria,Umbria,882015,30291,3.43,0.08
145,2021-02-26,UMB,660,253,407,386,73,40,3,0,0,154,0,4,0,652,8,ITI,ITI2,10,Umbria,Umbria,882015,30951,3.51,0.07
146,2021-01-07,UMB,1300,387,913,893,1,404,0,0,0,1,0,0,1,1300,0,ITI,ITI2,10,Umbria,Umbria,882015,32251,3.66,0.15
147,2021-03-11,UMB,3563,1695,1868,144,652,263,158,0,0,2018,1,291,36,2557,1006,ITI,ITI2,10,Umbria,Umbria,882015,35814,4.06,0.4
148,2021-03-14,UMB,66,48,18,0,6,1,4,6,2,0,0,0,47,66,0,ITI,ITI2,10,Umbria,Umbria,882015,35880,4.07,0.01
149,2021-04-27,UMB,5624,2390,3234,200,11,1,8,28,1143,2470,1731,8,24,3062,2562,ITI,ITI2,10,Umbria,Umbria,882015,41504,4.71,0.64
150,2021-04-24,UMB,4541,1957,2584,42,15,0,81,35,1121,1064,2178,3,2,3375,1166,ITI,ITI2,10,Umbria,Umbria,882015,46045,5.22,0.51
151,2021-04-30,UMB,6188,2952,3236,74,28,47,77,23,379,281,5263,8,8,2803,3385,ITI,ITI2,10,Umbria,Umbria,882015,52233,5.92,0.7
152,2021-04-22,UMB,5405,2223,3182,258,21,76,5,37,781,3013,1199,7,8,2749,2656,ITI,ITI2,10,Umbria,Umbria,882015,57638,6.53,0.61
153,2021-01-06,UMB,846,325,521,843,0,0,0,1,0,0,0,0,2,846,0,ITI,ITI2,10,Umbria,Umbria,882015,58484,6.63,0.1
154,2021-03-10,UMB,4012,1927,2085,123,785,180,75,3,3,2566,6,263,8,2756,1256,ITI,ITI2,10,Umbria,Umbria,882015,62496,7.09,0.45
155,2021-03-06,UMB,4267,1110,3157,422,186,26,2322,6,5,1128,0,125,47,4124,143,ITI,ITI2,10,Umbria,Umbria,882015,66763,7.57,0.48
156,2021-02-16,UMB,1308,655,653,34,4,0,0,2,1,1263,4,0,0,1299,9,ITI,ITI2,10,Umbria,Umbria,882015,68071,7.72,0.15
157,2021-04-21,UMB,5284,2300,2984,237,9,1,9,73,1049,2692,1201,5,8,3064,2220,ITI,ITI2,10,Umbria,Umbria,882015,73355,8.32,0.6
158,2021-02-17,UMB,1618,748,870,363,4,0,1,0,6,1240,1,0,3,1267,351,ITI,ITI2,10,Umbria,Umbria,882015,74973,8.5,0.18
159,2021-03-01,UMB,1503,774,729,110,10,0,1,0,0,1249,0,133,0,1389,114,ITI,ITI2,10,Umbria,Umbria,882015,76476,8.67,0.17
160,2021-01-05,UMB,854,429,425,851,0,0,0,1,0,0,0,0,2,854,0,ITI,ITI2,10,Umbria,Umbria,882015,77330,8.77,0.1
161,2021-04-03,UMB,2092,710,1382,143,208,30,216,5,32,1264,169,22,3,1056,1036,ITI,ITI2,10,Umbria,Umbria,882015,79422,9.0,0.24
162,2021-02-24,UMB,1520,565,955,1083,45,90,0,1,0,292,0,9,0,1505,15,ITI,ITI2,10,Umbria,Umbria,882015,80942,9.18,0.17
163,2021-01-16,UMB,221,73,148,146,32,43,0,0,0,0,0,0,0,221,0,ITI,ITI2,10,Umbria,Umbria,882015,81163,9.2,0.03
164,2021-04-01,UMB,4320,1788,2532,204,14,309,19,5,7,3258,452,5,47,2323,1997,ITI,ITI2,10,Umbria,Umbria,882015,85483,9.69,0.49
165,2021-03-20,UMB,2297,832,1465,317,682,21,1200,0,0,0,0,72,5,2272,25,ITI,ITI2,10,Umbria,Umbria,882015,87780,9.95,0.26
166,2021-02-08,UMB,637,203,434,368,111,154,0,0,0,0,0,4,0,88,549,ITI,ITI2,10,Umbria,Umbria,882015,88417,10.02,0.07
167,2021-01-15,UMB,701,215,486,590,44,67,0,0,0,0,0,0,0,701,0,ITI,ITI2,10,Umbria,Umbria,882015,89118,10.1,0.08
168,2021-01-09,UMB,1745,499,1246,894,7,844,0,0,0,0,0,0,0,1745,0,ITI,ITI2,10,Umbria,Umbria,882015,90863,10.3,0.2
169,2021-01-14,UMB,752,201,551,697,35,19,1,0,0,0,0,0,0,752,0,ITI,ITI2,10,Umbria,Umbria,882015,91615,10.39,0.09
170,2021-05-06,UMB,9246,4229,5017,215,33,27,4,199,3687,1509,3560,4,8,6006,3240,ITI,ITI2,10,Umbria,Umbria,882015,100861,11.44,1.05
171,2021-03-29,UMB,3799,1648,2151,247,42,58,26,9,11,2832,534,21,19,2320,1479,ITI,ITI2,10,Umbria,Umbria,882015,104660,11.87,0.43
172,2021-03-05,UMB,4591,1379,3212,604,320,7,2554,2,1,712,0,383,8,3935,656,ITI,ITI2,10,Umbria,Umbria,882015,109251,12.39,0.52
173,2021-02-02,UMB,944,274,670,714,17,212,0,0,0,0,0,0,1,32,912,ITI,ITI2,10,Umbria,Umbria,882015,110195,12.49,0.11
174,2021-04-18,UMB,1529,680,849,67,11,0,41,2,171,840,376,21,0,598,931,ITI,ITI2,10,Umbria,Umbria,882015,111724,12.67,0.17
175,2021-03-15,UMB,4596,1930,2666,1426,264,79,263,2,1,2343,7,206,5,2828,1768,ITI,ITI2,10,Umbria,Umbria,882015,116320,13.19,0.52
176,2021-02-10,UMB,715,349,366,606,106,3,0,0,0,0,0,0,0,700,15,ITI,ITI2,10,Umbria,Umbria,882015,117035,13.27,0.08
177,2021-04-14,UMB,8137,3668,4469,226,35,15,19,58,2922,3148,1695,12,7,6158,1979,ITI,ITI2,10,Umbria,Umbria,882015,125172,14.19,0.92
178,2021-03-07,UMB,845,180,665,17,82,25,676,0,0,45,0,0,0,838,7,ITI,ITI2,10,Umbria,Umbria,882015,126017,14.29,0.1
179,2021-01-13,UMB,450,139,311,379,29,42,0,0,0,0,0,0,0,450,0,ITI,ITI2,10,Umbria,Umbria,882015,126467,14.34,0.05
180,2021-04-07,UMB,5529,2280,3249,482,42,92,19,9,921,3183,759,18,4,3524,2005,ITI,ITI2,10,Umbria,Umbria,882015,131996,14.97,0.63
181,2021-03-13,UMB,1731,524,1207,120,154,49,1152,3,0,152,0,91,10,1486,245,ITI,ITI2,10,Umbria,Umbria,882015,133727,15.16,0.2
182,2021-01-18,UMB,614,219,395,348,114,144,0,2,1,0,0,0,5,529,85,ITI,ITI2,10,Umbria,Umbria,882015,134341,15.23,0.07
183,2021-02-15,UMB,1368,692,676,10,4,0,0,0,1,1351,2,0,0,1367,1,ITI,ITI2,10,Umbria,Umbria,882015,135709,15.39,0.16
184,2021-03-27,UMB,4252,1512,2740,752,595,1,576,4,7,2238,1,24,54,3912,340,ITI,ITI2,10,Umbria,Umbria,882015,139961,15.87,0.48
185,2021-03-04,UMB,4485,1853,2632,849,184,4,1466,2,0,1563,0,410,7,3657,828,ITI,ITI2,10,Umbria,Umbria,882015,144446,16.38,0.51
186,2021-04-02,UMB,4263,1708,2555,376,318,68,331,3,23,886,2155,35,68,3516,747,ITI,ITI2,10,Umbria,Umbria,882015,148709,16.86,0.48
187,2021-01-27,UMB,840,330,510,839,1,0,0,0,0,0,0,0,0,13,827,ITI,ITI2,10,Umbria,Umbria,882015,149549,16.96,0.1
188,2021-02-13,UMB,115,28,87,68,46,0,0,0,0,1,0,0,0,112,3,ITI,ITI2,10,Umbria,Umbria,882015,149664,16.97,0.01
189,2021-01-26,UMB,816,390,426,815,1,0,0,0,0,0,0,0,0,18,798,ITI,ITI2,10,Umbria,Umbria,882015,150480,17.06,0.09
190,2021-01-31,UMB,1058,276,782,767,10,281,0,0,0,0,0,0,0,25,1033,ITI,ITI2,10,Umbria,Umbria,882015,151538,17.18,0.12
191,2021-04-13,UMB,7669,3396,4273,218,23,21,19,61,2861,2875,1573,8,10,6000,1669,ITI,ITI2,10,Umbria,Umbria,882015,159207,18.05,0.87
192,2021-03-30,UMB,3947,1705,2242,179,31,108,20,0,0,3074,432,15,88,2415,1532,ITI,ITI2,10,Umbria,Umbria,882015,163154,18.5,0.45
193,2021-01-20,UMB,613,222,391,583,15,14,1,0,0,0,0,0,0,613,0,ITI,ITI2,10,Umbria,Umbria,882015,163767,18.57,0.07
194,2021-01-03,UMB,270,112,158,270,0,0,0,0,0,0,0,0,0,270,0,ITI,ITI2,10,Umbria,Umbria,882015,164037,18.6,0.03
195,2021-02-12,UMB,671,224,447,459,208,1,2,0,0,1,0,0,0,665,6,ITI,ITI2,10,Umbria,Umbria,882015,164708,18.67,0.08
196,2021-01-22,UMB,276,105,171,273,1,2,0,0,0,0,0,0,0,32,244,ITI,ITI2,10,Umbria,Umbria,882015,164984,18.71,0.03
197,2021-03-08,UMB,3668,1799,1869,141,289,46,42,0,1,2855,2,292,0,2305,1363,ITI,ITI2,10,Umbria,Umbria,882015,168652,19.12,0.42
198,2021-04-17,UMB,6659,3056,3603,164,31,23,127,39,1753,1443,3061,11,7,5317,1342,ITI,ITI2,10,Umbria,Umbria,882015,175311,19.88,0.75
199,2021-05-07,UMB,6789,3189,3600,93,33,37,146,172,1677,341,4258,10,22,4543,2246,ITI,ITI2,10,Umbria,Umbria,882015,182100,20.65,0.77
200,2021-01-23,UMB,280,100,180,279,1,0,0,0,0,0,0,0,0,2,278,ITI,ITI2,10,Umbria,Umbria,882015,182380,20.68,0.03
201,2021-05-05,UMB,7074,3237,3837,185,32,22,11,63,1350,1558,3835,11,7,3794,3280,ITI,ITI2,10,Umbria,Umbria,882015,189454,21.48,0.8
202,2021-02-04,UMB,733,226,507,693,20,20,0,0,0,0,0,0,0,25,708,ITI,ITI2,10,Umbria,Umbria,882015,190187,21.56,0.08
203,2021-03-02,UMB,3640,1345,2295,318,234,55,1446,0,1,1303,0,283,0,3636,4,ITI,ITI2,10,Umbria,Umbria,882015,193827,21.98,0.41
204,2021-03-17,UMB,3331,1313,2018,1430,55,131,16,2,0,1684,1,8,4,1859,1472,ITI,ITI2,10,Umbria,Umbria,882015,197158,22.35,0.38
205,2021-04-08,UMB,5830,2464,3366,343,28,287,12,23,1401,2905,810,13,8,4035,1795,ITI,ITI2,10,Umbria,Umbria,882015,202988,23.01,0.66
206,2021-03-22,UMB,3559,1654,1905,163,235,0,147,3,2,2830,0,174,5,2313,1246,ITI,ITI2,10,Umbria,Umbria,882015,206547,23.42,0.4
207,2021-01-28,UMB,1247,394,853,898,4,345,0,0,0,0,0,0,0,19,1228,ITI,ITI2,10,Umbria,Umbria,882015,207794,23.56,0.14
208,2021-03-31,UMB,3901,1732,2169,178,39,183,23,1,5,2962,425,6,79,2214,1687,ITI,ITI2,10,Umbria,Umbria,882015,211695,24.0,0.44
209,2021-01-10,UMB,1070,277,793,745,3,318,0,1,1,1,0,0,1,1070,0,ITI,ITI2,10,Umbria,Umbria,882015,212765,24.12,0.12
210,2021-02-27,UMB,1658,354,1304,14,11,13,1560,0,0,0,0,60,0,1642,16,ITI,ITI2,10,Umbria,Umbria,882015,214423,24.31,0.19
211,2021-04-06,UMB,5288,2169,3119,599,56,113,29,16,378,3353,713,5,26,2901,2387,ITI,ITI2,10,Umbria,Umbria,882015,219711,24.91,0.6
212,2020-12-31,UMB,322,127,195,310,0,0,0,2,0,0,0,0,10,322,0,ITI,ITI2,10,Umbria,Umbria,882015,220033,24.95,0.04
213,2021-02-23,UMB,1693,658,1035,1187,95,17,0,0,0,394,0,0,0,1651,42,ITI,ITI2,10,Umbria,Umbria,882015,221726,25.14,0.19
214,2021-03-21,UMB,665,330,335,31,285,0,64,34,6,0,0,34,211,665,0,ITI,ITI2,10,Umbria,Umbria,882015,222391,25.21,0.08
215,2021-03-03,UMB,4437,1772,2665,720,247,86,1534,0,0,1519,0,329,2,3725,712,ITI,ITI2,10,Umbria,Umbria,882015,226828,25.72,0.5
216,2021-02-18,UMB,1496,582,914,325,14,170,0,0,0,985,1,0,1,1030,466,ITI,ITI2,10,Umbria,Umbria,882015,228324,25.89,0.17
217,2021-04-11,UMB,3101,1502,1599,30,1,2,4,23,924,136,1942,39,0,3052,49,ITI,ITI2,10,Umbria,Umbria,882015,231425,26.24,0.35
218,2021-01-08,UMB,1190,345,845,942,8,239,0,0,1,0,0,0,0,1190,0,ITI,ITI2,10,Umbria,Umbria,882015,232615,26.37,0.13
219,2021-04-05,UMB,4249,1728,2521,764,22,69,26,3,88,2653,615,6,3,2194,2055,ITI,ITI2,10,Umbria,Umbria,882015,236864,26.85,0.48
220,2021-04-25,UMB,4362,1685,2677,12,13,8,1,20,187,3996,124,1,0,4280,82,ITI,ITI2,10,Umbria,Umbria,882015,241226,27.35,0.49
221,2021-04-28,UMB,5317,2304,3013,183,37,15,4,28,1101,2167,1774,6,2,2935,2382,ITI,ITI2,10,Umbria,Umbria,882015,246543,27.95,0.6
222,2021-04-04,UMB,59,20,39,0,0,0,0,0,22,37,0,0,0,23,36,ITI,ITI2,10,Umbria,Umbria,882015,246602,27.96,0.01
223,2021-04-20,UMB,5430,2350,3080,203,18,27,16,37,1320,2525,1278,0,6,3483,1947,ITI,ITI2,10,Umbria,Umbria,882015,252032,28.57,0.62
224,2021-02-25,UMB,1336,497,839,827,96,99,6,1,0,305,0,0,2,1284,52,ITI,ITI2,10,Umbria,Umbria,882015,253368,28.73,0.15
225,2021-02-19,UMB,743,293,450,282,12,14,0,0,0,433,2,0,0,526,217,ITI,ITI2,10,Umbria,Umbria,882015,254111,28.81,0.08
226,2021-03-26,UMB,4570,1682,2888,570,496,91,738,2,4,2488,0,155,26,4398,172,ITI,ITI2,10,Umbria,Umbria,882015,258681,29.33,0.52
227,2021-04-23,UMB,6586,2779,3807,66,36,83,92,51,1134,1005,4097,8,14,3473,3113,ITI,ITI2,10,Umbria,Umbria,882015,265267,30.08,0.75
228,2021-01-29,UMB,1232,348,884,944,16,272,0,0,0,0,0,0,0,79,1153,ITI,ITI2,10,Umbria,Umbria,882015,266499,30.21,0.14
229,2021-02-07,UMB,54,17,37,46,8,0,0,0,0,0,0,0,0,1,53,ITI,ITI2,10,Umbria,Umbria,882015,266553,30.22,0.01
230,2021-03-16,UMB,3538,1454,2084,1634,79,98,11,0,2,1708,1,0,5,1911,1627,ITI,ITI2,10,Umbria,Umbria,882015,270091,30.62,0.4
231,2021-03-12,UMB,2652,1039,1613,113,454,59,1194,2,0,465,2,309,54,2154,498,ITI,ITI2,10,Umbria,Umbria,882015,272743,30.92,0.3
232,2021-04-09,UMB,6786,3159,3627,105,62,66,86,35,1800,709,3890,10,23,6570,216,ITI,ITI2,10,Umbria,Umbria,882015,279529,31.69,0.77
233,2021-01-30,UMB,1590,490,1100,852,18,719,0,0,0,1,0,0,0,44,1546,ITI,ITI2,10,Umbria,Umbria,882015,281119,31.87,0.18
234,2021-03-25,UMB,3903,1699,2204,260,72,80,32,5,9,3271,1,123,50,2839,1064,ITI,ITI2,10,Umbria,Umbria,882015,285022,32.31,0.44
235,2021-01-24,UMB,258,106,152,258,0,0,0,0,0,0,0,0,0,1,257,ITI,ITI2,10,Umbria,Umbria,882015,285280,32.34,0.03
236,2020-12-27,UMB,86,45,41,68,2,16,0,0,0,0,0,0,0,86,0,ITI,ITI2,10,Umbria,Umbria,882015,285366,32.35,0.01
237,2021-03-24,UMB,4072,1760,2312,215,165,1,42,3,2,3531,0,111,2,2749,1323,ITI,ITI2,10,Umbria,Umbria,882015,289438,32.82,0.46
238,2021-03-23,UMB,3796,1685,2111,396,237,12,60,4,3,2854,0,175,55,2167,1629,ITI,ITI2,10,Umbria,Umbria,882015,293234,33.25,0.43
239,2021-05-04,UMB,5513,2535,2978,202,22,13,7,28,171,1522,3493,42,13,2394,3119,ITI,ITI2,10,Umbria,Umbria,882015,298747,33.87,0.63
240,2021-05-01,UMB,5368,2639,2729,50,19,0,62,12,97,227,4876,23,2,2141,3227,ITI,ITI2,10,Umbria,Umbria,882015,304115,34.48,0.61
241,2021-01-21,UMB,610,202,408,428,13,169,0,0,0,0,0,0,0,341,269,ITI,ITI2,10,Umbria,Umbria,882015,304725,34.55,0.07
242,2021-04-26,UMB,5316,2296,3020,202,20,0,8,13,1241,2330,1494,2,6,3073,2243,ITI,ITI2,10,Umbria,Umbria,882015,310041,35.15,0.6
243,2021-04-16,UMB,8083,3732,4351,166,34,96,180,90,2590,1903,2978,18,28,6246,1837,ITI,ITI2,10,Umbria,Umbria,882015,318124,36.07,0.92
244,2021-04-19,UMB,4988,2202,2786,205,44,34,23,46,782,2514,1322,5,13,2939,2049,ITI,ITI2,10,Umbria,Umbria,882015,323112,36.63,0.57
245,2021-02-22,UMB,1859,778,1081,736,89,1,0,1,2,1007,5,0,18,1773,86,ITI,ITI2,10,Umbria,Umbria,882015,324971,36.84,0.21
246,2021-05-02,UMB,3787,1868,1919,36,31,0,19,9,40,67,3575,9,1,1333,2454,ITI,ITI2,10,Umbria,Umbria,882015,328758,37.27,0.43
247,2021-01-17,UMB,54,17,37,47,7,0,0,0,0,0,0,0,0,54,0,ITI,ITI2,10,Umbria,Umbria,882015,328812,37.28,0.01
248,2021-03-19,UMB,1743,565,1178,462,237,74,724,4,0,192,0,27,23,1087,656,ITI,ITI2,10,Umbria,Umbria,882015,330555,37.48,0.2
249,2021-03-28,UMB,1096,442,654,65,15,5,37,5,7,938,0,24,0,1072,24,ITI,ITI2,10,Umbria,Umbria,882015,331651,37.6,0.12
250,2021-02-11,UMB,842,349,493,735,98,5,3,1,0,0,0,0,0,837,5,ITI,ITI2,10,Umbria,Umbria,882015,332493,37.7,0.1
251,2021-01-12,UMB,838,248,590,677,15,146,0,0,0,0,0,0,0,838,0,ITI,ITI2,10,Umbria,Umbria,882015,333331,37.79,0.1
252,2021-04-29,UMB,5142,2222,2920,204,26,32,8,32,980,2058,1790,6,6,2825,2317,ITI,ITI2,10,Umbria,Umbria,882015,338473,38.37,0.58
253,2021-03-18,UMB,2942,1164,1778,975,124,350,12,3,5,1463,0,3,7,1704,1238,ITI,ITI2,10,Umbria,Umbria,882015,341415,38.71,0.33
254,2021-04-15,UMB,7618,3479,4139,261,34,55,25,76,2572,2865,1668,44,18,5732,1886,ITI,ITI2,10,Umbria,Umbria,882015,349033,39.57,0.86
255,2021-01-01,UMB,274,105,169,273,0,0,0,0,0,0,0,0,1,274,0,ITI,ITI2,10,Umbria,Umbria,882015,349307,39.6,0.03
256,2021-03-21,MOL,1246,542,704,14,1,0,0,0,2,1090,133,0,6,479,767,ITF,ITF2,14,Molise,Molise,305617,1246,0.41,0.41
257,2021-03-07,MOL,1131,501,630,2,16,0,0,0,0,1113,0,0,0,1129,2,ITF,ITF2,14,Molise,Molise,305617,2377,0.78,0.37
258,2021-02-23,MOL,581,223,358,136,39,61,1,0,0,340,0,0,4,362,219,ITF,ITF2,14,Molise,Molise,305617,2958,0.97,0.19
259,2021-01-13,MOL,474,160,314,256,69,144,1,1,1,0,0,0,2,474,0,ITF,ITF2,14,Molise,Molise,305617,3432,1.12,0.16
260,2021-02-02,MOL,539,176,363,295,64,180,0,0,0,0,0,0,0,216,323,ITF,ITF2,14,Molise,Molise,305617,3971,1.3,0.18
261,2021-05-01,MOL,2628,1262,1366,9,3,2,7,28,186,140,2157,4,92,408,2220,ITF,ITF2,14,Molise,Molise,305617,6599,2.16,0.86
262,2021-03-12,MOL,1459,637,822,42,33,0,505,0,1,719,35,116,8,1423,36,ITF,ITF2,14,Molise,Molise,305617,8058,2.64,0.48
263,2021-04-21,MOL,1860,787,1073,19,5,1,26,19,712,420,635,6,17,965,895,ITF,ITF2,14,Molise,Molise,305617,9918,3.25,0.61
264,2021-03-24,MOL,1630,658,972,77,57,0,450,2,3,707,275,48,11,1228,402,ITF,ITF2,14,Molise,Molise,305617,11548,3.78,0.53
265,2021-03-23,MOL,1642,694,948,76,8,6,454,2,4,606,367,97,22,1435,207,ITF,ITF2,14,Molise,Molise,305617,13190,4.32,0.54
266,2021-04-18,MOL,611,264,347,0,0,0,1,1,87,326,191,0,5,104,507,ITF,ITF2,14,Molise,Molise,305617,13801,4.52,0.2
267,2020-12-27,MOL,50,20,30,29,4,17,0,0,0,0,0,0,0,50,0,ITF,ITF2,14,Molise,Molise,305617,13851,4.53,0.02
268,2021-04-06,MOL,1493,700,793,33,9,9,1,2,5,254,1160,18,2,1150,343,ITF,ITF2,14,Molise,Molise,305617,15344,5.02,0.49
269,2021-01-08,MOL,429,141,288,244,7,120,0,13,0,0,0,0,45,429,0,ITF,ITF2,14,Molise,Molise,305617,15773,5.16,0.14
270,2021-02-21,MOL,573,227,346,1,1,0,0,0,1,570,0,0,0,571,2,ITF,ITF2,14,Molise,Molise,305617,16346,5.35,0.19
271,2021-03-14,MOL,595,239,356,2,0,0,0,1,1,582,7,0,2,17,578,ITF,ITF2,14,Molise,Molise,305617,16941,5.54,0.19
272,2021-04-24,MOL,2079,975,1104,11,3,0,17,4,220,354,1463,3,4,606,1473,ITF,ITF2,14,Molise,Molise,305617,19020,6.22,0.68
273,2021-02-28,MOL,829,331,498,38,3,27,0,0,0,761,0,0,0,787,42,ITF,ITF2,14,Molise,Molise,305617,19849,6.49,0.27
274,2021-02-18,MOL,319,74,245,296,8,0,0,0,0,0,0,0,15,306,13,ITF,ITF2,14,Molise,Molise,305617,20168,6.6,0.1
275,2021-01-10,MOL,270,72,198,82,19,169,0,0,0,0,0,0,0,270,0,ITF,ITF2,14,Molise,Molise,305617,20438,6.69,0.09
276,2021-01-31,MOL,268,70,198,85,18,164,1,0,0,0,0,0,0,6,262,ITF,ITF2,14,Molise,Molise,305617,20706,6.78,0.09
277,2021-02-09,MOL,359,170,189,161,83,110,0,0,0,0,0,0,5,197,162,ITF,ITF2,14,Molise,Molise,305617,21065,6.89,0.12
278,2021-04-27,MOL,1584,763,821,29,8,17,1,3,115,247,1128,1,35,456,1128,ITF,ITF2,14,Molise,Molise,305617,22649,7.41,0.52
279,2021-01-26,MOL,450,184,266,444,0,0,1,2,0,0,0,0,3,8,442,ITF,ITF2,14,Molise,Molise,305617,23099,7.56,0.15
280,2021-02-19,MOL,169,93,76,95,70,1,3,0,0,0,0,0,0,167,2,ITF,ITF2,14,Molise,Molise,305617,23268,7.61,0.06
281,2021-04-20,MOL,2311,1020,1291,23,7,1,23,11,740,420,1052,18,16,1219,1092,ITF,ITF2,14,Molise,Molise,305617,25579,8.37,0.76
282,2021-04-28,MOL,1668,901,767,10,4,5,34,128,171,130,1108,4,74,451,1217,ITF,ITF2,14,Molise,Molise,305617,27247,8.92,0.55
283,2021-05-05,MOL,1484,627,857,36,7,2,0,436,349,108,544,1,1,1352,132,ITF,ITF2,14,Molise,Molise,305617,28731,9.4,0.49
284,2021-01-28,MOL,613,217,396,430,9,154,1,4,1,0,0,0,14,17,596,ITF,ITF2,14,Molise,Molise,305617,29344,9.6,0.2
285,2021-03-15,MOL,832,338,494,137,43,67,297,24,4,118,31,61,50,587,245,ITF,ITF2,14,Molise,Molise,305617,30176,9.87,0.27
286,2021-03-10,MOL,1737,720,1017,188,7,1,509,2,5,757,54,187,27,1687,50,ITF,ITF2,14,Molise,Molise,305617,31913,10.44,0.57
287,2021-04-17,MOL,1688,823,865,5,3,0,3,1,169,553,915,34,5,960,728,ITF,ITF2,14,Molise,Molise,305617,33601,10.99,0.55
288,2021-02-27,MOL,1366,568,798,25,29,14,1,1,0,1290,0,0,6,1347,19,ITF,ITF2,14,Molise,Molise,305617,34967,11.44,0.45
289,2021-03-30,MOL,2002,857,1145,46,1,1,424,4,6,591,823,82,24,1490,512,ITF,ITF2,14,Molise,Molise,305617,36969,12.1,0.66
290,2021-05-03,MOL,1804,856,948,2,1,0,1,145,762,83,735,30,45,1672,132,ITF,ITF2,14,Molise,Molise,305617,38773,12.69,0.59
291,2021-01-22,MOL,126,35,91,21,32,73,0,0,0,0,0,0,0,126,0,ITF,ITF2,14,Molise,Molise,305617,38899,12.73,0.04
292,2021-04-13,MOL,1615,710,905,7,4,1,1,12,910,322,350,1,7,1028,587,ITF,ITF2,14,Molise,Molise,305617,40514,13.26,0.53
293,2021-03-22,MOL,1146,439,707,106,5,2,458,7,3,255,216,59,35,903,243,ITF,ITF2,14,Molise,Molise,305617,41660,13.63,0.37
294,2021-04-10,MOL,2561,1233,1328,10,4,0,19,1,12,239,2265,9,2,2410,151,ITF,ITF2,14,Molise,Molise,305617,44221,14.47,0.84
295,2021-03-16,MOL,614,230,384,13,4,11,0,3,7,395,173,4,4,267,347,ITF,ITF2,14,Molise,Molise,305617,44835,14.67,0.2
296,2021-02-05,MOL,593,269,324,460,22,63,0,13,0,0,0,0,35,55,538,ITF,ITF2,14,Molise,Molise,305617,45428,14.86,0.19
297,2021-03-17,MOL,908,385,523,48,25,42,1,8,4,573,176,13,18,576,332,ITF,ITF2,14,Molise,Molise,305617,46336,15.16,0.3
298,2021-04-26,MOL,1146,515,631,7,0,0,1,3,108,215,800,10,2,817,329,ITF,ITF2,14,Molise,Molise,305617,47482,15.54,0.37
299,2021-02-08,MOL,334,141,193,206,39,85,0,3,0,0,0,0,1,216,118,ITF,ITF2,14,Molise,Molise,305617,47816,15.65,0.11
300,2021-02-01,MOL,562,201,361,301,144,111,1,1,0,0,0,0,4,14,548,ITF,ITF2,14,Molise,Molise,305617,48378,15.83,0.18
301,2021-03-28,MOL,1592,741,851,155,15,0,1,0,1,1185,233,1,1,490,1102,ITF,ITF2,14,Molise,Molise,305617,49970,16.35,0.52
302,2021-02-22,MOL,265,129,136,56,65,62,0,27,0,8,0,0,47,250,15,ITF,ITF2,14,Molise,Molise,305617,50235,16.44,0.09
303,2021-04-19,MOL,1824,842,982,18,5,51,7,16,663,254,764,24,22,1047,777,ITF,ITF2,14,Molise,Molise,305617,52059,17.03,0.6
304,2021-01-17,MOL,78,38,40,78,0,0,0,0,0,0,0,0,0,48,30,ITF,ITF2,14,Molise,Molise,305617,52137,17.06,0.03
305,2021-03-19,MOL,1184,482,702,32,1,9,248,2,4,727,155,2,4,757,427,ITF,ITF2,14,Molise,Molise,305617,53321,17.45,0.39
306,2021-01-29,MOL,421,136,285,227,23,109,3,12,0,0,0,0,47,6,415,ITF,ITF2,14,Molise,Molise,305617,53742,17.58,0.14
307,2021-03-29,MOL,2033,835,1198,108,8,5,525,4,55,514,775,22,17,1547,486,ITF,ITF2,14,Molise,Molise,305617,55775,18.25,0.67
308,2021-04-15,MOL,1896,777,1119,3,3,0,27,7,692,649,497,4,14,1058,838,ITF,ITF2,14,Molise,Molise,305617,57671,18.87,0.62
309,2021-03-18,MOL,1156,476,680,73,10,45,0,2,3,855,157,0,11,692,464,ITF,ITF2,14,Molise,Molise,305617,58827,19.25,0.38
310,2021-01-12,MOL,336,114,222,132,74,129,0,0,0,0,0,0,1,336,0,ITF,ITF2,14,Molise,Molise,305617,59163,19.36,0.11
311,2021-03-05,MOL,1219,649,570,322,5,0,73,9,2,618,0,151,39,1015,204,ITF,ITF2,14,Molise,Molise,305617,60382,19.76,0.4
312,2021-01-09,MOL,450,152,298,221,27,178,0,5,0,0,0,0,19,450,0,ITF,ITF2,14,Molise,Molise,305617,60832,19.9,0.15
313,2021-02-16,MOL,156,70,86,148,5,0,0,2,0,0,0,0,1,150,6,ITF,ITF2,14,Molise,Molise,305617,60988,19.96,0.05
314,2021-03-20,MOL,2320,968,1352,28,23,0,222,1,6,1857,147,21,15,999,1321,ITF,ITF2,14,Molise,Molise,305617,63308,20.71,0.76
315,2021-02-17,MOL,72,32,40,47,10,6,0,0,0,1,0,0,8,57,15,ITF,ITF2,14,Molise,Molise,305617,63380,20.74,0.02
316,2021-02-07,MOL,66,32,34,49,1,16,0,0,0,0,0,0,0,19,47,ITF,ITF2,14,Molise,Molise,305617,63446,20.76,0.02
317,2021-02-24,MOL,666,278,388,242,66,44,1,6,7,274,0,0,26,333,333,ITF,ITF2,14,Molise,Molise,305617,64112,20.98,0.22
318,2021-04-29,MOL,2224,1139,1085,108,2,2,7,8,147,158,1715,31,46,880,1344,ITF,ITF2,14,Molise,Molise,305617,66336,21.71,0.73
319,2021-03-25,MOL,1806,730,1076,53,4,18,493,3,10,832,269,107,17,1309,497,ITF,ITF2,14,Molise,Molise,305617,68142,22.3,0.59
320,2021-05-06,MOL,2549,1133,1416,245,35,29,26,962,351,141,693,28,39,1986,563,ITF,ITF2,14,Molise,Molise,305617,70691,23.13,0.83
321,2021-01-30,MOL,461,158,303,189,52,180,0,6,0,0,0,0,34,12,449,ITF,ITF2,14,Molise,Molise,305617,71152,23.28,0.15
322,2021-03-04,MOL,850,417,433,252,20,69,0,0,1,469,0,36,3,526,324,ITF,ITF2,14,Molise,Molise,305617,72002,23.56,0.28
323,2021-01-14,MOL,646,239,407,418,102,115,0,2,0,0,0,0,9,646,0,ITF,ITF2,14,Molise,Molise,305617,72648,23.77,0.21
324,2021-04-01,MOL,1454,662,792,27,18,21,20,0,2,720,578,62,6,729,725,ITF,ITF2,14,Molise,Molise,305617,74102,24.25,0.48
325,2021-04-25,MOL,786,393,393,2,1,0,0,0,217,62,504,0,0,557,229,ITF,ITF2,14,Molise,Molise,305617,74888,24.5,0.26
326,2021-01-16,MOL,420,166,254,270,16,127,0,1,0,0,0,0,6,420,0,ITF,ITF2,14,Molise,Molise,305617,75308,24.64,0.14
327,2021-04-03,MOL,1766,848,918,28,74,0,26,13,16,267,1323,7,12,1732,34,ITF,ITF2,14,Molise,Molise,305617,77074,25.22,0.58
328,2021-04-05,MOL,389,188,201,1,0,0,0,1,1,113,273,0,0,290,99,ITF,ITF2,14,Molise,Molise,305617,77463,25.35,0.13
329,2021-03-06,MOL,1728,807,921,156,18,0,0,2,4,1395,0,152,1,1569,159,ITF,ITF2,14,Molise,Molise,305617,79191,25.91,0.57
330,2021-03-03,MOL,672,316,356,63,4,48,127,0,0,385,0,45,0,590,82,ITF,ITF2,14,Molise,Molise,305617,79863,26.13,0.22
331,2021-01-06,MOL,689,260,429,456,26,171,0,1,2,21,0,0,12,689,0,ITF,ITF2,14,Molise,Molise,305617,80552,26.36,0.23
332,2021-04-30,MOL,2914,1542,1372,28,0,2,2,8,272,122,2466,0,14,828,2086,ITF,ITF2,14,Molise,Molise,305617,83466,27.31,0.95
333,2021-04-23,MOL,2047,880,1167,50,18,0,20,7,605,226,1106,11,4,1388,659,ITF,ITF2,14,Molise,Molise,305617,85513,27.98,0.67
334,2021-01-05,MOL,449,180,269,441,0,0,0,1,0,0,0,0,7,449,0,ITF,ITF2,14,Molise,Molise,305617,85962,28.13,0.15
335,2021-02-03,MOL,731,249,482,391,112,180,1,4,3,0,0,0,40,338,393,ITF,ITF2,14,Molise,Molise,305617,86693,28.37,0.24
336,2021-01-19,MOL,173,63,110,90,57,22,2,0,0,0,0,0,2,162,11,ITF,ITF2,14,Molise,Molise,305617,86866,28.42,0.06
337,2021-01-15,MOL,538,242,296,398,17,81,0,8,0,0,0,0,34,538,0,ITF,ITF2,14,Molise,Molise,305617,87404,28.6,0.18
338,2021-01-04,MOL,314,131,183,301,0,0,0,2,0,0,0,0,11,314,0,ITF,ITF2,14,Molise,Molise,305617,87718,28.7,0.1
339,2021-02-06,MOL,429,179,250,276,14,130,1,2,0,0,0,0,6,29,400,ITF,ITF2,14,Molise,Molise,305617,88147,28.84,0.14
340,2021-04-16,MOL,2411,1027,1384,56,5,11,8,7,693,738,880,7,6,1184,1227,ITF,ITF2,14,Molise,Molise,305617,90558,29.63,0.79
341,2021-04-09,MOL,2296,1240,1056,33,10,1,1,93,10,136,2004,2,6,2105,191,ITF,ITF2,14,Molise,Molise,305617,92854,30.38,0.75
342,2021-02-25,MOL,541,239,302,68,3,28,0,6,0,434,0,0,2,473,68,ITF,ITF2,14,Molise,Molise,305617,93395,30.56,0.18
343,2021-05-07,MOL,1756,828,928,64,26,4,22,501,375,25,715,17,7,1345,411,ITF,ITF2,14,Molise,Molise,305617,95151,31.13,0.57
344,2021-03-08,MOL,1378,522,856,359,51,23,404,2,1,411,36,76,15,1238,140,ITF,ITF2,14,Molise,Molise,305617,96529,31.58,0.45
345,2021-05-02,MOL,1858,917,941,1,3,0,0,113,23,30,1647,1,40,563,1295,ITF,ITF2,14,Molise,Molise,305617,98387,32.19,0.61
346,2021-02-12,MOL,330,149,181,224,13,72,2,7,1,0,0,0,11,208,122,ITF,ITF2,14,Molise,Molise,305617,98717,32.3,0.11
347,2021-01-07,MOL,598,209,389,414,2,145,0,5,1,4,0,0,27,598,0,ITF,ITF2,14,Molise,Molise,305617,99315,32.5,0.2
348,2021-04-22,MOL,1834,858,976,12,2,6,5,19,753,338,681,8,10,1063,771,ITF,ITF2,14,Molise,Molise,305617,101149,33.1,0.6
349,2021-01-20,MOL,18,8,10,14,4,0,0,0,0,0,0,0,0,18,0,ITF,ITF2,14,Molise,Molise,305617,101167,33.1,0.01
350,2021-03-11,MOL,1463,636,827,42,2,14,499,4,2,699,12,185,4,1457,6,ITF,ITF2,14,Molise,Molise,305617,102630,33.58,0.48
351,2021-01-25,MOL,319,130,189,317,0,0,2,0,0,0,0,0,0,3,316,ITF,ITF2,14,Molise,Molise,305617,102949,33.69,0.1
352,2021-04-11,MOL,1149,581,568,0,5,0,0,1,1,48,1090,0,4,1136,13,ITF,ITF2,14,Molise,Molise,305617,104098,34.06,0.38
353,2021-01-11,MOL,557,194,363,196,243,111,0,1,0,0,0,0,6,557,0,ITF,ITF2,14,Molise,Molise,305617,104655,34.24,0.18
354,2021-02-04,MOL,758,295,463,502,95,141,1,3,0,0,0,0,16,77,681,ITF,ITF2,14,Molise,Molise,305617,105413,34.49,0.25
355,2021-04-07,MOL,1687,847,840,36,12,63,80,10,3,133,1315,29,6,1412,275,ITF,ITF2,14,Molise,Molise,305617,107100,35.04,0.55
356,2021-03-02,MOL,667,383,284,98,106,51,151,0,0,139,0,113,9,509,158,ITF,ITF2,14,Molise,Molise,305617,107767,35.26,0.22
357,2021-04-08,MOL,1753,899,854,105,15,8,35,5,3,195,1368,8,11,1552,201,ITF,ITF2,14,Molise,Molise,305617,109520,35.84,0.57
358,2021-03-31,MOL,2192,918,1274,202,13,32,263,10,18,826,707,96,25,1373,819,ITF,ITF2,14,Molise,Molise,305617,111712,36.55,0.72
359,2021-04-04,MOL,253,141,112,1,0,0,0,0,0,3,248,0,1,238,15,ITF,ITF2,14,Molise,Molise,305617,111965,36.64,0.08
360,2021-02-11,MOL,293,133,160,225,19,45,1,0,0,0,0,3,0,257,36,ITF,ITF2,14,Molise,Molise,305617,112258,36.73,0.1
361,2021-03-01,MOL,661,274,387,200,36,108,147,8,1,135,0,2,24,447,214,ITF,ITF2,14,Molise,Molise,305617,112919,36.95,0.22
362,2021-03-13,MOL,1189,594,595,29,5,6,0,5,4,981,6,151,2,200,989,ITF,ITF2,14,Molise,Molise,305617,114108,37.34,0.39
363,2021-03-26,MOL,2574,1045,1529,72,64,23,548,7,16,1014,747,70,13,1932,642,ITF,ITF2,14,Molise,Molise,305617,116682,38.18,0.84
364,2021-02-10,MOL,150,78,72,91,6,53,0,0,0,0,0,0,0,130,20,ITF,ITF2,14,Molise,Molise,305617,116832,38.23,0.05
365,2021-04-14,MOL,1785,760,1025,44,1,11,3,5,974,431,307,5,4,1133,652,ITF,ITF2,14,Molise,Molise,305617,118617,38.81,0.58
366,2021-02-15,MOL,144,70,74,117,10,15,0,0,0,0,0,0,2,141,3,ITF,ITF2,14,Molise,Molise,305617,118761,38.86,0.05
367,2021-02-20,MOL,1018,441,577,20,5,8,0,0,1,983,0,0,1,998,20,ITF,ITF2,14,Molise,Molise,305617,119779,39.19,0.33
368,2021-01-18,MOL,114,48,66,97,14,0,0,1,0,0,0,0,2,114,0,ITF,ITF2,14,Molise,Molise,305617,119893,39.23,0.04
369,2021-04-12,MOL,1259,547,712,17,2,1,0,12,945,88,188,1,5,1017,242,ITF,ITF2,14,Molise,Molise,305617,121152,39.64,0.41
370,2021-05-04,MOL,2697,1179,1518,17,4,1,2,863,494,121,1193,0,2,2570,127,ITF,ITF2,14,Molise,Molise,305617,123849,40.52,0.88
371,2021-02-13,MOL,132,80,52,129,3,0,0,0,0,0,0,0,0,132,0,ITF,ITF2,14,Molise,Molise,305617,123981,40.57,0.04
372,2021-01-27,MOL,674,251,423,436,12,209,1,10,0,0,0,1,5,8,666,ITF,ITF2,14,Molise,Molise,305617,124655,40.79,0.22
373,2021-02-26,MOL,563,260,303,42,7,3,55,9,1,406,1,0,39,490,73,ITF,ITF2,14,Molise,Molise,305617,125218,40.97,0.18
374,2021-03-09,MOL,1329,579,750,199,6,0,393,4,1,409,76,218,23,1177,152,ITF,ITF2,14,Molise,Molise,305617,126547,41.41,0.43
375,2021-03-27,MOL,2738,1272,1466,18,58,0,1,6,4,1908,717,23,3,1305,1433,ITF,ITF2,14,Molise,Molise,305617,129285,42.3,0.9
376,2021-04-02,MOL,1405,691,714,47,77,0,2,8,8,663,477,105,18,644,761,ITF,ITF2,14,Molise,Molise,305617,130690,42.76,0.46
377,2021-01-21,MOL,6,2,4,0,6,0,0,0,0,0,0,0,0,6,0,ITF,ITF2,14,Molise,Molise,305617,130696,42.76,0.0
378,2021-03-21,PUG,2689,1224,1465,462,32,13,285,0,5,1792,15,38,47,585,2104,ITF,ITF4,16,Puglia,Puglia,4029053,2689,0.07,0.07
379,2021-01-30,PUG,5526,2514,3012,4750,325,419,6,0,2,3,5,4,12,411,5115,ITF,ITF4,16,Puglia,Puglia,4029053,8215,0.2,0.14
380,2021-01-14,PUG,4067,1588,2479,3185,377,499,2,1,0,0,0,0,3,4067,0,ITF,ITF4,16,Puglia,Puglia,4029053,12282,0.3,0.1
381,2021-04-20,PUG,20726,9603,11123,493,209,121,92,1390,8959,3370,5803,76,213,17276,3450,ITF,ITF4,16,Puglia,Puglia,4029053,33008,0.82,0.51
382,2021-01-24,PUG,1669,749,920,1286,231,150,0,0,0,1,1,0,0,153,1516,ITF,ITF4,16,Puglia,Puglia,4029053,34677,0.86,0.04
383,2021-03-05,PUG,17042,6787,10255,2311,827,274,7008,34,23,5336,18,1175,36,14878,2164,ITF,ITF4,16,Puglia,Puglia,4029053,51719,1.28,0.42
384,2021-03-15,PUG,11758,5615,6143,2091,647,116,682,24,30,7671,23,461,13,5262,6496,ITF,ITF4,16,Puglia,Puglia,4029053,63477,1.58,0.29
385,2021-05-06,PUG,36046,15688,20358,552,399,43,3803,6328,6947,2980,13892,622,480,17587,18459,ITF,ITF4,16,Puglia,Puglia,4029053,99523,2.47,0.89
386,2021-03-03,PUG,16612,6677,9935,2035,636,286,6713,5,6,5987,2,939,3,14721,1891,ITF,ITF4,16,Puglia,Puglia,4029053,116135,2.88,0.41
387,2021-03-07,PUG,4913,1939,2974,930,101,3,1852,4,4,1681,7,325,6,4342,571,ITF,ITF4,16,Puglia,Puglia,4029053,121048,3.0,0.12
388,2021-04-14,PUG,31652,14924,16728,626,219,39,83,4655,15207,4918,5473,123,309,28342,3310,ITF,ITF4,16,Puglia,Puglia,4029053,152700,3.79,0.79
389,2021-04-25,PUG,10912,5046,5866,184,87,43,145,909,3178,1128,5040,11,187,9752,1160,ITF,ITF4,16,Puglia,Puglia,4029053,163612,4.06,0.27
390,2021-01-13,PUG,4537,1729,2808,3973,329,230,2,1,0,0,0,0,2,4537,0,ITF,ITF4,16,Puglia,Puglia,4029053,168149,4.17,0.11
391,2021-04-19,PUG,27297,12666,14631,547,143,76,57,1994,14640,3260,6352,49,179,24247,3050,ITF,ITF4,16,Puglia,Puglia,4029053,195446,4.85,0.68
392,2021-02-23,PUG,9338,4416,4922,1789,362,168,1019,11,15,5554,1,400,19,8863,475,ITF,ITF4,16,Puglia,Puglia,4029053,204784,5.08,0.23
393,2021-04-26,PUG,25789,11810,13979,422,232,102,126,6466,8060,2754,7420,34,173,22536,3253,ITF,ITF4,16,Puglia,Puglia,4029053,230573,5.72,0.64
394,2021-02-12,PUG,4099,1629,2470,2938,443,690,5,0,0,5,5,10,3,3008,1091,ITF,ITF4,16,Puglia,Puglia,4029053,234672,5.82,0.1
395,2021-03-20,PUG,8236,3723,4513,1427,87,54,811,23,51,5649,43,70,21,3654,4582,ITF,ITF4,16,Puglia,Puglia,4029053,242908,6.03,0.2
396,2021-01-27,PUG,4576,1928,2648,3932,239,396,2,1,3,0,0,0,3,610,3966,ITF,ITF4,16,Puglia,Puglia,4029053,247484,6.14,0.11
397,2021-03-18,PUG,9395,4249,5146,1754,488,225,90,17,27,6690,44,40,20,3281,6114,ITF,ITF4,16,Puglia,Puglia,4029053,256879,6.38,0.23
398,2021-01-29,PUG,6192,2659,3533,5516,376,288,3,3,0,1,0,0,5,436,5756,ITF,ITF4,16,Puglia,Puglia,4029053,263071,6.53,0.15
399,2021-02-24,PUG,10026,4699,5327,1925,601,117,560,9,12,6410,0,375,17,9437,589,ITF,ITF4,16,Puglia,Puglia,4029053,273097,6.78,0.25
400,2021-02-13,PUG,3723,1454,2269,2884,517,290,7,0,2,5,0,18,0,3029,694,ITF,ITF4,16,Puglia,Puglia,4029053,276820,6.87,0.09
401,2021-01-22,PUG,1409,578,831,878,154,373,1,0,0,1,1,0,1,991,418,ITF,ITF4,16,Puglia,Puglia,4029053,278229,6.91,0.03
402,2021-02-10,PUG,3635,1429,2206,2511,254,869,1,0,0,0,0,0,0,2125,1510,ITF,ITF4,16,Puglia,Puglia,4029053,281864,7.0,0.09
403,2021-03-08,PUG,14661,6075,8586,2141,840,224,3942,13,9,6829,6,635,22,12266,2395,ITF,ITF4,16,Puglia,Puglia,4029053,296525,7.36,0.36
404,2021-01-09,PUG,4876,2247,2629,4322,255,247,1,5,1,4,5,0,36,4876,0,ITF,ITF4,16,Puglia,Puglia,4029053,301401,7.48,0.12
405,2021-05-07,PUG,22467,10174,12293,401,240,53,1657,6437,4909,1236,6817,465,252,11306,11161,ITF,ITF4,16,Puglia,Puglia,4029053,323868,8.04,0.56
406,2021-01-21,PUG,2131,903,1228,1431,167,528,0,0,1,2,0,0,2,1271,860,ITF,ITF4,16,Puglia,Puglia,4029053,325999,8.09,0.05
407,2021-02-15,PUG,3254,1268,1986,2249,527,454,3,0,1,1,1,7,11,2634,620,ITF,ITF4,16,Puglia,Puglia,4029053,329253,8.17,0.08
408,2021-03-19,PUG,7947,3646,4301,1761,279,70,260,13,20,5382,74,66,22,3406,4541,ITF,ITF4,16,Puglia,Puglia,4029053,337200,8.37,0.2
409,2021-03-29,PUG,12837,5987,6850,1595,587,241,1129,35,140,7960,672,409,69,6118,6719,ITF,ITF4,16,Puglia,Puglia,4029053,350037,8.69,0.32
410,2021-03-13,PUG,10371,4094,6277,2157,280,131,3322,7,12,4129,46,255,32,8642,1729,ITF,ITF4,16,Puglia,Puglia,4029053,360408,8.95,0.26
411,2021-03-17,PUG,10276,4683,5593,1793,464,64,70,29,39,7682,38,51,46,4174,6102,ITF,ITF4,16,Puglia,Puglia,4029053,370684,9.2,0.26
412,2021-01-28,PUG,5465,2271,3194,4782,339,327,3,3,0,0,0,6,5,472,4993,ITF,ITF4,16,Puglia,Puglia,4029053,376149,9.34,0.14
413,2021-04-11,PUG,16376,7221,9155,331,86,14,119,397,1045,5493,8763,18,110,14712,1664,ITF,ITF4,16,Puglia,Puglia,4029053,392525,9.74,0.41
414,2021-02-26,PUG,13672,5014,8658,2128,681,298,4664,10,10,5228,18,612,23,12643,1029,ITF,ITF4,16,Puglia,Puglia,4029053,406197,10.08,0.34
415,2021-01-04,PUG,4503,2012,2491,4397,88,11,1,0,0,0,0,0,6,4503,0,ITF,ITF4,16,Puglia,Puglia,4029053,410700,10.19,0.11
416,2021-03-02,PUG,16292,6046,10246,1399,665,113,8173,17,17,4351,5,1539,13,14986,1306,ITF,ITF4,16,Puglia,Puglia,4029053,426992,10.6,0.4
417,2021-01-19,PUG,1221,452,769,531,113,577,0,0,0,0,0,0,0,1211,10,ITF,ITF4,16,Puglia,Puglia,4029053,428213,10.63,0.03
418,2021-04-07,PUG,15020,6634,8386,1054,437,124,363,191,587,8686,3184,145,249,8409,6611,ITF,ITF4,16,Puglia,Puglia,4029053,443233,11.0,0.37
419,2021-01-23,PUG,3038,1293,1745,2524,176,309,1,3,6,14,0,0,5,886,2152,ITF,ITF4,16,Puglia,Puglia,4029053,446271,11.08,0.08
420,2021-02-03,PUG,5031,2002,3029,4366,476,184,3,2,0,0,0,0,0,730,4301,ITF,ITF4,16,Puglia,Puglia,4029053,451302,11.2,0.12
421,2021-04-08,PUG,17292,7516,9776,1030,330,181,506,217,823,9682,4272,88,163,11165,6127,ITF,ITF4,16,Puglia,Puglia,4029053,468594,11.63,0.43
422,2021-01-18,PUG,1846,770,1076,1183,215,445,0,0,0,1,0,1,1,1497,349,ITF,ITF4,16,Puglia,Puglia,4029053,470440,11.68,0.05
423,2021-01-06,PUG,3942,1664,2278,3313,224,372,0,11,1,0,0,0,21,3942,0,ITF,ITF4,16,Puglia,Puglia,4029053,474382,11.77,0.1
424,2021-03-06,PUG,15901,5941,9960,2176,472,99,7048,16,14,5469,25,567,15,13833,2068,ITF,ITF4,16,Puglia,Puglia,4029053,490283,12.17,0.39
425,2021-01-08,PUG,5583,2340,3243,4872,373,328,3,0,0,0,2,4,1,5583,0,ITF,ITF4,16,Puglia,Puglia,4029053,495866,12.31,0.14
426,2021-03-01,PUG,15046,5842,9204,1974,724,83,5144,7,15,6182,4,891,22,13676,1370,ITF,ITF4,16,Puglia,Puglia,4029053,510912,12.68,0.37
427,2021-04-30,PUG,33769,15078,18691,805,417,195,161,4027,8116,6992,12472,120,464,22071,11698,ITF,ITF4,16,Puglia,Puglia,4029053,544681,13.52,0.84
428,2020-12-31,PUG,1635,782,853,1549,38,44,3,0,1,0,0,0,0,1635,0,ITF,ITF4,16,Puglia,Puglia,4029053,546316,13.56,0.04
429,2021-04-22,PUG,22621,10328,12293,779,279,215,115,1825,9120,4156,5801,56,275,17766,4855,ITF,ITF4,16,Puglia,Puglia,4029053,568937,14.12,0.56
430,2021-02-09,PUG,3839,1569,2270,2533,661,622,6,2,3,9,1,0,2,2167,1672,ITF,ITF4,16,Puglia,Puglia,4029053,572776,14.22,0.1
431,2021-03-27,PUG,12096,5675,6421,970,592,71,1372,35,90,7560,1114,216,76,6952,5144,ITF,ITF4,16,Puglia,Puglia,4029053,584872,14.52,0.3
432,2021-02-28,PUG,5937,1794,4143,559,136,26,3466,6,3,1543,1,194,3,5751,186,ITF,ITF4,16,Puglia,Puglia,4029053,590809,14.66,0.15
433,2021-03-26,PUG,11437,5336,6101,1612,919,287,1339,38,119,6466,98,442,117,6793,4644,ITF,ITF4,16,Puglia,Puglia,4029053,602246,14.95,0.28
434,2021-01-31,PUG,1808,825,983,1502,103,198,2,1,0,2,0,0,0,73,1735,ITF,ITF4,16,Puglia,Puglia,4029053,604054,14.99,0.04
435,2021-04-04,PUG,5937,2953,2984,98,25,7,48,29,46,285,5323,26,50,5931,6,ITF,ITF4,16,Puglia,Puglia,4029053,609991,15.14,0.15
436,2021-04-05,PUG,12678,6162,6516,57,59,4,30,59,239,942,11206,12,70,12145,533,ITF,ITF4,16,Puglia,Puglia,4029053,622669,15.45,0.31
437,2021-01-11,PUG,3751,1588,2163,3223,336,175,2,4,0,0,0,6,5,3751,0,ITF,ITF4,16,Puglia,Puglia,4029053,626420,15.55,0.09
438,2021-01-20,PUG,1546,541,1005,781,125,627,0,0,3,9,0,0,1,1538,8,ITF,ITF4,16,Puglia,Puglia,4029053,627966,15.59,0.04
439,2021-01-02,PUG,2948,1300,1648,2829,91,23,4,0,0,0,0,0,1,2948,0,ITF,ITF4,16,Puglia,Puglia,4029053,630914,15.66,0.07
440,2021-02-21,PUG,2176,472,1704,537,73,49,1460,1,5,32,0,12,7,2115,61,ITF,ITF4,16,Puglia,Puglia,4029053,633090,15.71,0.05
441,2021-01-16,PUG,2507,1033,1474,1682,300,518,1,1,1,0,0,0,4,2507,0,ITF,ITF4,16,Puglia,Puglia,4029053,635597,15.78,0.06
442,2021-02-02,PUG,4339,1843,2496,3629,389,317,3,1,0,0,0,0,0,593,3746,ITF,ITF4,16,Puglia,Puglia,4029053,639936,15.88,0.11
443,2021-03-11,PUG,14346,6179,8167,2913,933,515,3677,5,7,5277,8,991,20,11241,3105,ITF,ITF4,16,Puglia,Puglia,4029053,654282,16.24,0.36
444,2021-01-15,PUG,4552,1866,2686,3599,369,558,4,2,0,1,1,13,5,4552,0,ITF,ITF4,16,Puglia,Puglia,4029053,658834,16.35,0.11
445,2021-04-01,PUG,13476,6147,7329,1246,453,221,1037,86,330,8070,1578,320,135,7137,6339,ITF,ITF4,16,Puglia,Puglia,4029053,672310,16.69,0.33
446,2021-04-18,PUG,22352,10683,11669,80,39,4,9,4067,9418,1437,7072,12,214,21267,1085,ITF,ITF4,16,Puglia,Puglia,4029053,694662,17.24,0.55
447,2020-12-27,PUG,509,252,257,440,6,63,0,0,0,0,0,0,0,509,0,ITF,ITF4,16,Puglia,Puglia,4029053,695171,17.25,0.01
448,2021-02-17,PUG,4270,1745,2525,2479,1182,598,1,0,1,2,1,1,5,3669,601,ITF,ITF4,16,Puglia,Puglia,4029053,699441,17.36,0.11
449,2021-03-23,PUG,10396,4990,5406,1851,414,51,991,29,44,6095,52,744,125,3934,6462,ITF,ITF4,16,Puglia,Puglia,4029053,709837,17.62,0.26
450,2021-03-24,PUG,12965,5976,6989,1908,628,193,1543,29,58,7921,84,497,104,5712,7253,ITF,ITF4,16,Puglia,Puglia,4029053,722802,17.94,0.32
451,2021-04-21,PUG,22893,10567,12326,681,241,61,377,1966,12272,2779,4264,115,137,19145,3748,ITF,ITF4,16,Puglia,Puglia,4029053,745695,18.51,0.57
452,2021-05-04,PUG,33722,14215,19507,607,224,61,3966,5305,9205,3041,10686,312,315,17783,15939,ITF,ITF4,16,Puglia,Puglia,4029053,779417,19.34,0.84
453,2021-04-27,PUG,26143,11827,14316,653,259,232,237,5222,7457,4188,7553,64,278,20649,5494,ITF,ITF4,16,Puglia,Puglia,4029053,805560,19.99,0.65
454,2021-04-24,PUG,28829,13128,15701,551,292,91,74,2483,11241,3603,10011,33,450,24853,3976,ITF,ITF4,16,Puglia,Puglia,4029053,834389,20.71,0.72
455,2021-02-16,PUG,3378,1451,1927,2154,740,412,2,7,0,5,0,16,42,2734,644,ITF,ITF4,16,Puglia,Puglia,4029053,837767,20.79,0.08
456,2021-03-14,PUG,3313,1428,1885,957,89,107,1001,28,10,976,9,43,93,2503,810,ITF,ITF4,16,Puglia,Puglia,4029053,841080,20.88,0.08
457,2021-04-02,PUG,12529,5739,6790,894,398,298,695,121,645,7476,1497,193,312,8010,4519,ITF,ITF4,16,Puglia,Puglia,4029053,853609,21.19,0.31
458,2021-01-12,PUG,4208,1768,2440,3635,343,218,5,2,3,1,0,0,1,4208,0,ITF,ITF4,16,Puglia,Puglia,4029053,857817,21.29,0.1
459,2021-01-25,PUG,3821,1678,2143,3471,170,169,1,1,0,2,1,0,6,423,3398,ITF,ITF4,16,Puglia,Puglia,4029053,861638,21.39,0.09
460,2021-04-12,PUG,28874,13599,15275,504,238,26,158,2184,14767,4852,5781,152,212,26048,2826,ITF,ITF4,16,Puglia,Puglia,4029053,890512,22.1,0.72
461,2021-01-01,PUG,146,60,86,145,1,0,0,0,0,0,0,0,0,146,0,ITF,ITF4,16,Puglia,Puglia,4029053,890658,22.11,0.0
462,2021-03-04,PUG,15039,5868,9171,1535,589,325,6293,20,15,4777,5,1452,28,13653,1386,ITF,ITF4,16,Puglia,Puglia,4029053,905697,22.48,0.37
463,2021-02-11,PUG,3699,1402,2297,2577,391,725,2,0,0,0,0,0,4,2422,1277,ITF,ITF4,16,Puglia,Puglia,4029053,909396,22.57,0.09
464,2021-04-29,PUG,25375,11720,13655,549,383,127,71,3002,9042,4114,7744,33,310,18778,6597,ITF,ITF4,16,Puglia,Puglia,4029053,934771,23.2,0.63
465,2021-03-09,PUG,13158,5743,7415,1871,713,225,3543,16,10,5628,7,1090,55,11160,1998,ITF,ITF4,16,Puglia,Puglia,4029053,947929,23.53,0.33
466,2021-03-12,PUG,13912,6101,7811,3282,1136,432,3024,9,16,5006,9,986,12,9988,3924,ITF,ITF4,16,Puglia,Puglia,4029053,961841,23.87,0.35
467,2021-01-07,PUG,5714,2455,3259,5218,263,217,3,4,0,0,2,7,0,5714,0,ITF,ITF4,16,Puglia,Puglia,4029053,967555,24.01,0.14
468,2021-02-22,PUG,9622,4528,5094,1440,650,140,318,14,19,6809,5,216,11,9290,332,ITF,ITF4,16,Puglia,Puglia,4029053,977177,24.25,0.24
469,2021-02-08,PUG,3993,1611,2382,2966,605,389,1,1,0,1,1,26,3,1598,2395,ITF,ITF4,16,Puglia,Puglia,4029053,981170,24.35,0.1
470,2021-02-01,PUG,3963,1658,2305,3445,287,208,5,4,0,0,0,6,8,375,3588,ITF,ITF4,16,Puglia,Puglia,4029053,985133,24.45,0.1
471,2021-02-20,PUG,2967,1079,1888,2113,236,168,425,0,1,9,1,4,10,2711,256,ITF,ITF4,16,Puglia,Puglia,4029053,988100,24.52,0.07
472,2021-04-10,PUG,30370,12908,17462,632,235,122,281,663,1663,11834,14532,149,259,26198,4172,ITF,ITF4,16,Puglia,Puglia,4029053,1018470,25.28,0.75
473,2021-02-05,PUG,5632,2272,3360,4570,512,526,6,0,0,0,0,14,4,1331,4301,ITF,ITF4,16,Puglia,Puglia,4029053,1024102,25.42,0.14
474,2021-03-22,PUG,9345,4550,4795,614,368,12,1071,12,38,6753,49,362,66,3700,5645,ITF,ITF4,16,Puglia,Puglia,4029053,1033447,25.65,0.23
475,2021-02-27,PUG,14128,4785,9343,1587,655,181,6183,14,8,5120,17,350,13,12948,1180,ITF,ITF4,16,Puglia,Puglia,4029053,1047575,26.0,0.35
476,2021-05-05,PUG,36903,16135,20768,398,214,93,3677,11345,5832,3113,11204,710,317,23394,13509,ITF,ITF4,16,Puglia,Puglia,4029053,1084478,26.92,0.92
477,2021-01-17,PUG,1308,590,718,818,154,336,0,0,0,0,0,0,0,1239,69,ITF,ITF4,16,Puglia,Puglia,4029053,1085786,26.95,0.03
478,2021-03-31,PUG,14028,6346,7682,1789,564,177,811,30,189,8651,1337,371,109,8475,5553,ITF,ITF4,16,Puglia,Puglia,4029053,1099814,27.3,0.35
479,2021-02-04,PUG,5897,2357,3540,4444,792,653,6,0,0,0,1,0,1,1167,4730,ITF,ITF4,16,Puglia,Puglia,4029053,1105711,27.44,0.15
480,2021-02-06,PUG,4510,1916,2594,3493,484,527,3,0,1,0,0,0,2,1589,2921,ITF,ITF4,16,Puglia,Puglia,4029053,1110221,27.56,0.11
481,2021-04-16,PUG,35339,16609,18730,694,283,135,210,4902,14892,4551,9240,100,332,32051,3288,ITF,ITF4,16,Puglia,Puglia,4029053,1145560,28.43,0.88
482,2021-02-18,PUG,4375,1845,2530,2712,961,680,2,1,1,5,1,11,1,3772,603,ITF,ITF4,16,Puglia,Puglia,4029053,1149935,28.54,0.11
483,2021-05-02,PUG,20992,9528,11464,94,93,17,39,3939,4837,3493,8151,20,309,13818,7174,ITF,ITF4,16,Puglia,Puglia,4029053,1170927,29.06,0.52
484,2021-04-03,PUG,10426,4569,5857,919,236,135,541,121,364,5418,2387,18,287,6880,3546,ITF,ITF4,16,Puglia,Puglia,4029053,1181353,29.32,0.26
485,2021-03-28,PUG,3523,1650,1873,638,151,47,119,6,11,2016,520,3,12,1198,2325,ITF,ITF4,16,Puglia,Puglia,4029053,1184876,29.41,0.09
486,2021-04-06,PUG,13347,5898,7449,749,378,159,221,88,505,8458,2569,131,89,6725,6622,ITF,ITF4,16,Puglia,Puglia,4029053,1198223,29.74,0.33
487,2021-04-15,PUG,32026,14934,17092,558,225,77,121,4285,13225,5120,7975,96,344,28533,3493,ITF,ITF4,16,Puglia,Puglia,4029053,1230249,30.53,0.79
488,2021-03-10,PUG,14377,6234,8143,2592,1080,355,3083,6,33,6545,7,655,21,11262,3115,ITF,ITF4,16,Puglia,Puglia,4029053,1244626,30.89,0.36
489,2021-04-17,PUG,39120,18528,20592,523,169,86,181,4763,13008,5012,14815,83,480,35535,3585,ITF,ITF4,16,Puglia,Puglia,4029053,1283746,31.86,0.97
490,2021-04-28,PUG,19452,8708,10744,334,164,93,85,2241,7625,3227,5521,55,107,14743,4709,ITF,ITF4,16,Puglia,Puglia,4029053,1303198,32.35,0.48
491,2021-02-19,PUG,4729,2010,2719,3065,1189,389,7,2,1,2,0,49,25,4338,391,ITF,ITF4,16,Puglia,Puglia,4029053,1307927,32.46,0.12
492,2021-02-14,PUG,785,348,437,682,32,70,1,0,0,0,0,0,0,662,123,ITF,ITF4,16,Puglia,Puglia,4029053,1308712,32.48,0.02
493,2021-04-09,PUG,21656,9292,12364,1112,546,170,418,474,1170,9796,7505,146,319,17029,4627,ITF,ITF4,16,Puglia,Puglia,4029053,1330368,33.02,0.54
494,2021-03-16,PUG,9858,4682,5176,2200,554,91,40,21,23,6634,129,143,23,3501,6357,ITF,ITF4,16,Puglia,Puglia,4029053,1340226,33.26,0.24
495,2021-01-03,PUG,2007,943,1064,1818,38,145,1,1,1,0,3,0,0,2007,0,ITF,ITF4,16,Puglia,Puglia,4029053,1342233,33.31,0.05
496,2021-02-25,PUG,11929,5042,6887,1746,763,420,2419,19,15,5784,2,727,34,10772,1157,ITF,ITF4,16,Puglia,Puglia,4029053,1354162,33.61,0.3
497,2021-05-03,PUG,32729,14629,18100,471,321,188,1450,11327,6010,3472,9161,80,249,22157,10572,ITF,ITF4,16,Puglia,Puglia,4029053,1386891,34.42,0.81
498,2021-04-13,PUG,28423,13487,14936,659,252,58,118,4552,10822,5323,6168,122,349,25029,3394,ITF,ITF4,16,Puglia,Puglia,4029053,1415314,35.13,0.71
499,2021-01-26,PUG,5358,2396,2962,4850,269,232,0,2,1,1,0,0,3,571,4787,ITF,ITF4,16,Puglia,Puglia,4029053,1420672,35.26,0.13
500,2021-01-05,PUG,5100,2248,2852,4784,178,98,4,9,9,5,0,0,13,5100,0,ITF,ITF4,16,Puglia,Puglia,4029053,1425772,35.39,0.13
501,2021-01-10,PUG,2349,1061,1288,2038,106,202,0,2,0,0,1,0,0,2349,0,ITF,ITF4,16,Puglia,Puglia,4029053,1428121,35.45,0.06
502,2021-03-30,PUG,11833,5487,6346,1333,493,266,960,47,166,7133,1008,372,55,5967,5866,ITF,ITF4,16,Puglia,Puglia,4029053,1439954,35.74,0.29
503,2020-12-30,PUG,1,0,1,1,0,0,0,0,0,0,0,0,0,1,0,ITF,ITF4,16,Puglia,Puglia,4029053,1439955,35.74,0.0
504,2021-03-25,PUG,10872,5277,5595,1270,671,184,658,22,50,7197,59,675,86,4648,6224,ITF,ITF4,16,Puglia,Puglia,4029053,1450827,36.01,0.27
505,2021-04-23,PUG,28711,13339,15372,644,241,190,104,2450,12925,4501,7058,196,402,23705,5006,ITF,ITF4,16,Puglia,Puglia,4029053,1479538,36.72,0.71
506,2021-02-07,PUG,1578,669,909,1039,227,309,1,0,2,0,0,0,0,253,1325,ITF,ITF4,16,Puglia,Puglia,4029053,1481116,36.76,0.04
507,2021-05-01,PUG,26889,12342,14547,175,159,95,26,3381,5486,3953,13208,15,391,16390,10499,ITF,ITF4,16,Puglia,Puglia,4029053,1508005,37.43,0.67
508,2021-02-28,LOM,7884,3255,4629,1106,761,76,31,594,199,4343,0,88,686,7668,216,ITC,ITC4,3,Lombardia,Lombardia,10060574,7884,0.08,0.08
509,2021-03-19,LOM,32387,12894,19493,2748,1934,1418,3009,69,115,22444,350,158,142,19208,13179,ITC,ITC4,3,Lombardia,Lombardia,10060574,40271,0.4,0.32
510,2021-02-15,LOM,8913,3119,5794,6034,1677,1071,9,12,9,29,4,31,37,8492,421,ITC,ITC4,3,Lombardia,Lombardia,10060574,49184,0.49,0.09
511,2021-02-18,LOM,14039,4926,9113,6164,1880,1593,28,13,18,3438,3,859,43,13012,1027,ITC,ITC4,3,Lombardia,Lombardia,10060574,63223,0.63,0.14
512,2021-01-08,LOM,12664,3910,8754,9964,2236,376,0,17,9,6,1,0,55,12664,0,ITC,ITC4,3,Lombardia,Lombardia,10060574,75887,0.75,0.13
513,2021-04-06,LOM,42991,17541,25450,2178,1931,685,4532,281,557,27994,4393,128,312,25042,17949,ITC,ITC4,3,Lombardia,Lombardia,10060574,118878,1.18,0.43
514,2020-12-30,LOM,114,42,72,106,7,0,0,0,0,0,0,0,1,114,0,ITC,ITC4,3,Lombardia,Lombardia,10060574,118992,1.18,0.0
515,2021-03-28,LOM,20418,7782,12636,2017,1291,115,3875,197,427,11349,1008,34,105,14255,6163,ITC,ITC4,3,Lombardia,Lombardia,10060574,139410,1.39,0.2
516,2020-12-31,LOM,713,300,413,657,56,0,0,0,0,0,0,0,0,713,0,ITC,ITC4,3,Lombardia,Lombardia,10060574,140123,1.39,0.01
517,2021-02-09,LOM,12262,3335,8927,5743,2245,4128,4,16,5,79,4,2,36,4113,8149,ITC,ITC4,3,Lombardia,Lombardia,10060574,152385,1.51,0.12
518,2021-02-21,LOM,5052,1862,3190,1766,910,57,3,2,14,2234,2,42,22,5034,18,ITC,ITC4,3,Lombardia,Lombardia,10060574,157437,1.56,0.05
519,2021-04-02,LOM,41025,16787,24238,2553,1825,1166,4639,539,2172,24629,3026,130,346,26638,14387,ITC,ITC4,3,Lombardia,Lombardia,10060574,198462,1.97,0.41
520,2021-01-12,LOM,19859,6616,13243,13439,4542,1631,0,20,13,102,2,1,109,19859,0,ITC,ITC4,3,Lombardia,Lombardia,10060574,218321,2.17,0.2
521,2021-01-01,LOM,24,7,17,24,0,0,0,0,0,0,0,0,0,24,0,ITC,ITC4,3,Lombardia,Lombardia,10060574,218345,2.17,0.0
522,2021-03-16,LOM,25473,10111,15362,3316,1463,1459,76,311,249,18138,28,17,416,16417,9056,ITC,ITC4,3,Lombardia,Lombardia,10060574,243818,2.42,0.25
523,2021-04-20,LOM,67552,30791,36761,1158,587,744,568,8885,34196,11039,9578,232,565,57244,10308,ITC,ITC4,3,Lombardia,Lombardia,10060574,311370,3.09,0.67
524,2021-01-21,LOM,5341,1569,3772,3024,1211,1025,0,8,4,7,1,0,61,4652,689,ITC,ITC4,3,Lombardia,Lombardia,10060574,316711,3.15,0.05
525,2021-03-15,LOM,31568,11333,20235,4691,2871,882,8319,273,376,13103,8,637,408,23050,8518,ITC,ITC4,3,Lombardia,Lombardia,10060574,348279,3.46,0.31
526,2021-02-19,LOM,14112,5368,8744,5572,1752,1153,16,22,42,4543,2,929,81,13433,679,ITC,ITC4,3,Lombardia,Lombardia,10060574,362391,3.6,0.14
527,2021-04-28,LOM,95196,43494,51702,1406,654,767,315,23418,28627,23118,15881,310,700,68524,26672,ITC,ITC4,3,Lombardia,Lombardia,10060574,457587,4.55,0.95
528,2021-01-22,LOM,3098,864,2234,1582,619,874,0,2,3,13,0,0,5,3028,70,ITC,ITC4,3,Lombardia,Lombardia,10060574,460685,4.58,0.03
529,2021-03-12,LOM,35232,12947,22285,5134,3225,1507,7381,184,278,16072,10,1114,327,25027,10205,ITC,ITC4,3,Lombardia,Lombardia,10060574,495917,4.93,0.35
530,2021-02-08,LOM,10079,2918,7161,5324,2252,2405,4,5,2,53,4,0,30,2139,7940,ITC,ITC4,3,Lombardia,Lombardia,10060574,505996,5.03,0.1
531,2021-04-22,LOM,73383,33181,40202,1190,704,1139,438,11021,31866,15452,10851,185,537,57148,16235,ITC,ITC4,3,Lombardia,Lombardia,10060574,579379,5.76,0.73
532,2021-03-10,LOM,33220,12724,20496,6907,3854,2102,5479,429,302,12092,9,1608,438,25369,7851,ITC,ITC4,3,Lombardia,Lombardia,10060574,612599,6.09,0.33
533,2021-05-07,LOM,63020,29749,33271,2726,725,478,390,20065,14205,3966,17509,914,2042,45092,17928,ITC,ITC4,3,Lombardia,Lombardia,10060574,675619,6.72,0.63
534,2021-03-08,LOM,29734,11168,18566,6595,2985,1160,4622,423,212,11767,10,1613,347,22671,7063,ITC,ITC4,3,Lombardia,Lombardia,10060574,705353,7.01,0.3
535,2021-04-17,LOM,48021,21119,26902,520,203,287,383,424,28575,11585,5780,124,140,37259,10762,ITC,ITC4,3,Lombardia,Lombardia,10060574,753374,7.49,0.48
536,2021-04-18,LOM,36284,16188,20096,262,115,72,142,235,25851,5661,3733,99,114,31057,5227,ITC,ITC4,3,Lombardia,Lombardia,10060574,789658,7.85,0.36
537,2021-03-17,LOM,26205,10468,15737,2533,1418,1969,44,73,110,19587,175,45,251,15242,10963,ITC,ITC4,3,Lombardia,Lombardia,10060574,815863,8.11,0.26
538,2021-02-04,LOM,27644,8069,19575,15831,5866,5659,0,11,1,199,4,7,66,1963,25681,ITC,ITC4,3,Lombardia,Lombardia,10060574,843507,8.38,0.27
539,2021-03-31,LOM,41865,16945,24920,2598,1888,1472,6195,403,1820,24079,2833,150,427,26722,15143,ITC,ITC4,3,Lombardia,Lombardia,10060574,885372,8.8,0.42
540,2021-04-21,LOM,71483,32447,39036,1051,482,722,346,10505,32412,14565,10799,178,423,56916,14567,ITC,ITC4,3,Lombardia,Lombardia,10060574,956855,9.51,0.71
541,2021-02-17,LOM,11966,3744,8222,7641,2229,1950,10,7,9,40,6,38,36,10577,1389,ITC,ITC4,3,Lombardia,Lombardia,10060574,968821,9.63,0.12
542,2020-12-27,LOM,717,413,304,615,46,14,0,13,7,1,1,0,20,717,0,ITC,ITC4,3,Lombardia,Lombardia,10060574,969538,9.64,0.01
543,2021-04-19,LOM,60074,27337,32737,1168,445,447,480,3372,34720,9985,8798,177,482,50665,9409,ITC,ITC4,3,Lombardia,Lombardia,10060574,1029612,10.23,0.6
544,2021-04-24,LOM,75251,33379,41872,669,368,88,166,12521,29500,21238,10014,278,409,54339,20912,ITC,ITC4,3,Lombardia,Lombardia,10060574,1104863,10.98,0.75
545,2021-04-05,LOM,27378,11693,15685,545,572,70,703,196,325,23744,1105,28,90,19269,8109,ITC,ITC4,3,Lombardia,Lombardia,10060574,1132241,11.25,0.27
546,2021-02-01,LOM,16054,5316,10738,11676,3377,903,1,3,3,45,3,1,42,305,15749,ITC,ITC4,3,Lombardia,Lombardia,10060574,1148295,11.41,0.16
547,2021-01-31,LOM,9746,3763,5983,7577,2043,87,0,2,2,7,3,2,23,34,9712,ITC,ITC4,3,Lombardia,Lombardia,10060574,1158041,11.51,0.1
548,2021-01-28,LOM,12192,3693,8499,9203,1859,971,1,11,5,29,2,1,110,780,11412,ITC,ITC4,3,Lombardia,Lombardia,10060574,1170233,11.63,0.12
549,2021-01-03,LOM,853,316,537,744,89,4,0,0,0,1,1,0,14,853,0,ITC,ITC4,3,Lombardia,Lombardia,10060574,1171086,11.64,0.01
550,2021-01-04,LOM,6075,2097,3978,4993,736,173,0,22,4,11,0,0,136,6075,0,ITC,ITC4,3,Lombardia,Lombardia,10060574,1177161,11.7,0.06
551,2021-01-19,LOM,8102,2348,5754,4045,1773,2169,0,9,5,67,4,1,29,7628,474,ITC,ITC4,3,Lombardia,Lombardia,10060574,1185263,11.78,0.08
552,2021-02-25,LOM,15187,6296,8891,2981,1339,1294,10,39,86,8100,4,1251,83,13640,1547,ITC,ITC4,3,Lombardia,Lombardia,10060574,1200450,11.93,0.15
553,2021-02-03,LOM,25577,7908,17669,15603,5634,4100,1,17,9,144,6,8,55,1153,24424,ITC,ITC4,3,Lombardia,Lombardia,10060574,1226027,12.19,0.25
554,2021-02-14,LOM,3578,1546,2032,2750,623,42,10,5,1,3,2,0,142,2944,634,ITC,ITC4,3,Lombardia,Lombardia,10060574,1229605,12.22,0.04
555,2021-02-27,LOM,13943,5867,8076,2090,1235,568,48,208,309,8311,7,1124,43,13301,642,ITC,ITC4,3,Lombardia,Lombardia,10060574,1243548,12.36,0.14
556,2021-03-18,LOM,27416,10954,16462,2205,1209,1547,100,65,161,21448,503,50,128,16189,11227,ITC,ITC4,3,Lombardia,Lombardia,10060574,1270964,12.63,0.27
557,2021-05-03,LOM,83368,39632,43736,1742,493,297,746,31546,23726,4287,19015,284,1232,71413,11955,ITC,ITC4,3,Lombardia,Lombardia,10060574,1354332,13.46,0.83
558,2021-05-01,LOM,95183,43358,51825,685,513,72,308,28096,24002,24902,14355,336,1914,66587,28596,ITC,ITC4,3,Lombardia,Lombardia,10060574,1449515,14.41,0.95
559,2021-02-07,LOM,7251,2805,4446,5584,1320,293,5,5,2,18,0,3,21,340,6911,ITC,ITC4,3,Lombardia,Lombardia,10060574,1456766,14.48,0.07
560,2021-04-13,LOM,47849,21376,26473,947,646,706,956,537,25216,13450,4962,129,300,33784,14065,ITC,ITC4,3,Lombardia,Lombardia,10060574,1504615,14.96,0.48
561,2020-12-28,LOM,107,47,60,105,2,0,0,0,0,0,0,0,0,107,0,ITC,ITC4,3,Lombardia,Lombardia,10060574,1504722,14.96,0.0
562,2021-03-07,LOM,12005,5342,6663,3012,2099,82,707,261,333,4628,2,672,209,9446,2559,ITC,ITC4,3,Lombardia,Lombardia,10060574,1516727,15.08,0.12
563,2021-03-25,LOM,42517,15872,26645,3457,2237,1428,10845,231,769,21231,1665,318,336,30008,12509,ITC,ITC4,3,Lombardia,Lombardia,10060574,1559244,15.5,0.42
564,2021-03-30,LOM,39436,15461,23975,2777,1928,1167,6914,262,414,22342,2866,223,543,24684,14752,ITC,ITC4,3,Lombardia,Lombardia,10060574,1598680,15.89,0.39
565,2021-01-26,LOM,8338,2711,5627,6651,1337,223,0,22,4,27,0,0,74,336,8002,ITC,ITC4,3,Lombardia,Lombardia,10060574,1607018,15.97,0.08
566,2021-03-04,LOM,29383,12135,17248,7056,2496,2142,376,1623,1848,11148,6,2052,636,20256,9127,ITC,ITC4,3,Lombardia,Lombardia,10060574,1636401,16.27,0.29
567,2021-01-17,LOM,8292,3329,4963,5555,750,244,0,169,55,72,6,5,1436,8091,201,ITC,ITC4,3,Lombardia,Lombardia,10060574,1644693,16.35,0.08
568,2021-02-05,LOM,25587,7429,18158,14466,6215,4524,7,19,11,260,2,2,81,2382,23205,ITC,ITC4,3,Lombardia,Lombardia,10060574,1670280,16.6,0.25
569,2021-03-24,LOM,43263,15605,27658,2985,2447,1502,12497,413,750,20417,1264,563,425,31423,11840,ITC,ITC4,3,Lombardia,Lombardia,10060574,1713543,17.03,0.43
570,2021-04-10,LOM,51933,21518,30415,874,858,314,1465,509,2949,38720,5930,61,253,40139,11794,ITC,ITC4,3,Lombardia,Lombardia,10060574,1765476,17.55,0.52
571,2021-03-22,LOM,40259,14273,25986,2520,2361,895,12170,255,193,20475,542,533,315,29736,10523,ITC,ITC4,3,Lombardia,Lombardia,10060574,1805735,17.95,0.4
572,2021-03-23,LOM,42417,15371,27046,2254,2329,1310,12510,430,584,21316,770,405,509,29635,12782,ITC,ITC4,3,Lombardia,Lombardia,10060574,1848152,18.37,0.42
573,2021-01-24,LOM,1201,459,742,832,136,36,0,8,2,1,1,0,185,537,664,ITC,ITC4,3,Lombardia,Lombardia,10060574,1849353,18.38,0.01
574,2021-01-30,LOM,12323,4570,7753,9911,2119,161,1,18,2,8,1,1,101,174,12149,ITC,ITC4,3,Lombardia,Lombardia,10060574,1861676,18.5,0.12
575,2021-04-26,LOM,87755,40862,46893,623,363,319,383,22158,30870,18511,13702,205,621,68651,19104,ITC,ITC4,3,Lombardia,Lombardia,10060574,1949431,19.38,0.87
576,2021-04-01,LOM,42681,17120,25561,2719,2085,1277,5749,823,1630,25094,2761,135,408,26677,16004,ITC,ITC4,3,Lombardia,Lombardia,10060574,1992112,19.8,0.42
577,2021-01-05,LOM,7817,2565,5252,6271,1207,173,0,29,4,8,0,0,125,7817,0,ITC,ITC4,3,Lombardia,Lombardia,10060574,1999929,19.88,0.08
578,2021-02-22,LOM,11891,4807,7084,4235,1468,1026,28,13,22,4066,4,966,63,11583,308,ITC,ITC4,3,Lombardia,Lombardia,10060574,2011820,20.0,0.12
579,2021-01-18,LOM,9156,2968,6188,5197,1962,1852,0,16,13,54,5,2,55,8175,981,ITC,ITC4,3,Lombardia,Lombardia,10060574,2020976,20.09,0.09
580,2021-04-03,LOM,36163,14837,21326,961,963,86,2241,1004,1547,27483,1654,80,144,26106,10057,ITC,ITC4,3,Lombardia,Lombardia,10060574,2057139,20.45,0.36
581,2021-04-15,LOM,49220,21785,27435,1109,640,1073,653,278,25698,12752,6708,97,212,35421,13799,ITC,ITC4,3,Lombardia,Lombardia,10060574,2106359,20.94,0.49
582,2021-01-16,LOM,15359,5706,9653,8617,1384,1505,0,556,211,227,5,3,2851,15359,0,ITC,ITC4,3,Lombardia,Lombardia,10060574,2121718,21.09,0.15
583,2021-03-06,LOM,21313,9085,12228,4764,2181,451,1357,1898,1306,7524,7,1147,678,16800,4513,ITC,ITC4,3,Lombardia,Lombardia,10060574,2143031,21.3,0.21
584,2021-03-27,LOM,32278,12302,19976,1973,2424,323,6664,406,610,18266,1186,71,355,23675,8603,ITC,ITC4,3,Lombardia,Lombardia,10060574,2175309,21.62,0.32
585,2021-01-06,LOM,7059,2490,4569,5848,1106,38,2,24,1,0,0,0,40,7059,0,ITC,ITC4,3,Lombardia,Lombardia,10060574,2182368,21.69,0.07
586,2021-04-30,LOM,116398,54464,61934,1725,731,774,1094,32504,27535,20743,28387,455,2450,89420,26978,ITC,ITC4,3,Lombardia,Lombardia,10060574,2298766,22.85,1.16
587,2021-03-01,LOM,18775,8224,10551,2718,1182,930,29,554,321,10845,3,1656,537,17070,1705,ITC,ITC4,3,Lombardia,Lombardia,10060574,2317541,23.04,0.19
588,2021-03-20,LOM,32509,12150,20359,1991,2349,524,7861,155,140,18459,544,322,164,22658,9851,ITC,ITC4,3,Lombardia,Lombardia,10060574,2350050,23.36,0.32
589,2021-04-09,LOM,52057,22240,29817,2237,1906,1256,3038,261,2336,34036,6443,97,447,36106,15951,ITC,ITC4,3,Lombardia,Lombardia,10060574,2402107,23.88,0.52
590,2021-01-29,LOM,13438,4114,9324,10487,2325,573,0,5,3,9,1,0,35,655,12783,ITC,ITC4,3,Lombardia,Lombardia,10060574,2415545,24.01,0.13
591,2021-05-04,LOM,86166,40848,45318,1891,539,326,362,34154,21519,4320,21142,258,1655,72233,13933,ITC,ITC4,3,Lombardia,Lombardia,10060574,2501711,24.87,0.86
592,2021-02-24,LOM,14668,5924,8744,3595,1500,1787,24,36,44,6321,0,1203,158,13744,924,ITC,ITC4,3,Lombardia,Lombardia,10060574,2516379,25.01,0.15
593,2021-02-16,LOM,9539,3085,6454,5848,2209,1395,19,13,4,10,7,8,26,9084,455,ITC,ITC4,3,Lombardia,Lombardia,10060574,2525918,25.11,0.09
594,2021-01-09,LOM,12409,4572,7837,9526,2122,196,0,60,12,6,0,1,486,12409,0,ITC,ITC4,3,Lombardia,Lombardia,10060574,2538327,25.23,0.12
595,2021-01-07,LOM,11714,3622,8092,8964,1794,786,1,14,8,34,2,1,110,11714,0,ITC,ITC4,3,Lombardia,Lombardia,10060574,2550041,25.35,0.12
596,2021-03-29,LOM,39974,15500,24474,2997,2154,455,8608,221,471,21720,2708,209,431,25181,14793,ITC,ITC4,3,Lombardia,Lombardia,10060574,2590015,25.74,0.4
597,2021-02-20,LOM,9431,3895,5536,4299,1020,225,4,24,37,2919,2,864,37,9132,299,ITC,ITC4,3,Lombardia,Lombardia,10060574,2599446,25.84,0.09
598,2021-04-11,LOM,32130,13919,18211,967,543,437,1215,228,712,23141,4014,795,78,24744,7386,ITC,ITC4,3,Lombardia,Lombardia,10060574,2631576,26.16,0.32
599,2021-03-21,LOM,23575,8549,15026,1086,1632,441,9131,114,207,9738,198,756,272,18314,5261,ITC,ITC4,3,Lombardia,Lombardia,10060574,2655151,26.39,0.23
600,2021-04-04,LOM,7616,3231,4385,204,263,68,206,199,347,5879,361,9,80,3718,3898,ITC,ITC4,3,Lombardia,Lombardia,10060574,2662767,26.47,0.08
601,2020-12-29,LOM,104,44,60,103,1,0,0,0,0,0,0,0,0,104,0,ITC,ITC4,3,Lombardia,Lombardia,10060574,2662871,26.47,0.0
602,2021-03-05,LOM,28980,11943,17037,7241,3081,1556,424,1294,2142,11074,16,1980,172,20580,8400,ITC,ITC4,3,Lombardia,Lombardia,10060574,2691851,26.76,0.29
603,2021-02-26,LOM,18354,7549,10805,3331,1716,1183,24,66,40,10579,7,1339,69,16506,1848,ITC,ITC4,3,Lombardia,Lombardia,10060574,2710205,26.94,0.18
604,2021-03-26,LOM,41105,15590,25515,2730,2218,834,8659,252,552,22708,2464,256,432,28090,13015,ITC,ITC4,3,Lombardia,Lombardia,10060574,2751310,27.35,0.41
605,2021-04-25,LOM,51203,23512,27691,422,143,12,287,10015,26868,4701,8311,154,290,46702,4501,ITC,ITC4,3,Lombardia,Lombardia,10060574,2802513,27.86,0.51
606,2021-02-10,LOM,14390,4503,9887,8534,2364,3336,6,25,17,79,1,3,25,7572,6818,ITC,ITC4,3,Lombardia,Lombardia,10060574,2816903,28.0,0.14
607,2021-04-27,LOM,85607,39856,45751,1095,457,288,356,22991,29383,14575,15551,308,603,69160,16447,ITC,ITC4,3,Lombardia,Lombardia,10060574,2902510,28.85,0.85
608,2021-01-10,LOM,10518,3957,6561,8175,2197,85,1,4,1,12,5,2,36,10518,0,ITC,ITC4,3,Lombardia,Lombardia,10060574,2913028,28.95,0.1
609,2021-03-03,LOM,26901,11489,15412,6403,1783,1799,471,1269,1901,10199,11,2030,1035,19628,7273,ITC,ITC4,3,Lombardia,Lombardia,10060574,2939929,29.22,0.27
610,2021-02-23,LOM,11772,4791,6981,3960,1411,877,3,20,31,4312,1,991,166,11464,308,ITC,ITC4,3,Lombardia,Lombardia,10060574,2951701,29.34,0.12
611,2021-01-13,LOM,26216,8009,18207,15798,5796,4193,1,28,14,197,4,3,182,26216,0,ITC,ITC4,3,Lombardia,Lombardia,10060574,2977917,29.6,0.26
612,2021-03-14,LOM,14875,5348,9527,1520,1746,80,5450,99,117,5274,2,413,174,11589,3286,ITC,ITC4,3,Lombardia,Lombardia,10060574,2992792,29.75,0.15
613,2021-04-23,LOM,73324,33263,40061,1402,607,710,348,12270,30461,15361,11461,237,467,56829,16495,ITC,ITC4,3,Lombardia,Lombardia,10060574,3066116,30.48,0.73
614,2021-04-14,LOM,47029,20980,26049,931,742,671,786,295,24956,12431,5920,86,211,34072,12957,ITC,ITC4,3,Lombardia,Lombardia,10060574,3113145,30.94,0.47
615,2021-01-25,LOM,7024,2372,4652,5632,941,218,0,26,3,15,0,0,189,489,6535,ITC,ITC4,3,Lombardia,Lombardia,10060574,3120169,31.01,0.07
616,2021-02-12,LOM,13946,4355,9591,8116,2724,2957,3,7,8,102,3,5,21,9028,4918,ITC,ITC4,3,Lombardia,Lombardia,10060574,3134115,31.15,0.14
617,2021-01-27,LOM,8045,2677,5368,6205,1338,434,2,22,3,1,0,0,40,821,7224,ITC,ITC4,3,Lombardia,Lombardia,10060574,3142160,31.23,0.08
618,2021-03-09,LOM,33231,12845,20386,6078,4095,2389,5482,434,352,12531,10,1464,396,25809,7422,ITC,ITC4,3,Lombardia,Lombardia,10060574,3175391,31.56,0.33
619,2021-02-06,LOM,15251,5527,9724,9855,3034,1897,3,42,13,75,2,1,329,1068,14183,ITC,ITC4,3,Lombardia,Lombardia,10060574,3190642,31.71,0.15
620,2021-05-05,LOM,87050,41618,45432,2303,572,397,343,33914,17977,4154,22216,232,4942,72429,14621,ITC,ITC4,3,Lombardia,Lombardia,10060574,3277692,32.58,0.87
621,2021-02-13,LOM,6414,2441,3973,4178,1466,709,4,7,6,17,3,4,20,4937,1477,ITC,ITC4,3,Lombardia,Lombardia,10060574,3284106,32.64,0.06
622,2021-04-16,LOM,53541,23877,29664,1743,723,1020,463,385,28451,13457,6978,114,207,39257,14284,ITC,ITC4,3,Lombardia,Lombardia,10060574,3337647,33.18,0.53
623,2021-04-12,LOM,47163,20548,26615,1147,902,504,1678,312,24481,13780,4085,76,198,32856,14307,ITC,ITC4,3,Lombardia,Lombardia,10060574,3384810,33.64,0.47
624,2021-01-02,LOM,199,72,127,178,16,0,0,1,0,0,0,0,4,199,0,ITC,ITC4,3,Lombardia,Lombardia,10060574,3385009,33.65,0.0
625,2021-02-02,LOM,19848,6583,13265,13499,4508,1687,1,6,4,76,0,7,60,491,19357,ITC,ITC4,3,Lombardia,Lombardia,10060574,3404857,33.84,0.2
626,2021-01-20,LOM,5581,1365,4216,2744,1177,1558,0,14,6,61,0,0,21,5466,115,ITC,ITC4,3,Lombardia,Lombardia,10060574,3410438,33.9,0.06
627,2021-05-02,LOM,83444,38316,45128,779,368,36,467,23644,19768,18583,17782,288,1729,61048,22396,ITC,ITC4,3,Lombardia,Lombardia,10060574,3493882,34.73,0.83
628,2021-01-15,LOM,25134,7419,17715,13799,5912,4737,9,54,24,316,3,2,278,25134,0,ITC,ITC4,3,Lombardia,Lombardia,10060574,3519016,34.98,0.25
629,2021-03-11,LOM,36191,13460,22731,5875,3536,2192,6670,225,298,15633,9,1295,458,26294,9897,ITC,ITC4,3,Lombardia,Lombardia,10060574,3555207,35.34,0.36
630,2021-01-11,LOM,16036,5329,10707,11823,3367,701,2,9,5,44,1,1,83,16036,0,ITC,ITC4,3,Lombardia,Lombardia,10060574,3571243,35.5,0.16
631,2021-05-06,LOM,88041,41608,46433,2282,725,374,346,33145,17850,4001,24259,244,4815,72691,15350,ITC,ITC4,3,Lombardia,Lombardia,10060574,3659284,36.37,0.88
632,2021-03-02,LOM,22813,9692,13121,3193,1453,2200,130,1113,378,11264,8,1843,1231,19779,3034,ITC,ITC4,3,Lombardia,Lombardia,10060574,3682097,36.6,0.23
633,2021-04-07,LOM,50459,20853,29606,1738,1437,1187,2473,280,1911,36788,4201,69,375,34687,15772,ITC,ITC4,3,Lombardia,Lombardia,10060574,3732556,37.1,0.5
634,2021-01-23,LOM,1114,357,757,644,259,138,0,8,6,1,0,0,58,916,198,ITC,ITC4,3,Lombardia,Lombardia,10060574,3733670,37.11,0.01
635,2021-04-08,LOM,52135,21685,30450,2249,1365,918,1565,285,2255,37493,5439,69,497,35688,16447,ITC,ITC4,3,Lombardia,Lombardia,10060574,3785805,37.63,0.52
636,2021-02-11,LOM,17042,5002,12040,9764,3335,3872,6,3,2,33,1,4,22,9698,7344,ITC,ITC4,3,Lombardia,Lombardia,10060574,3802847,37.8,0.17
637,2021-04-29,LOM,114816,53364,61452,2096,748,627,413,30922,28538,24469,24648,306,2049,85382,29434,ITC,ITC4,3,Lombardia,Lombardia,10060574,3917663,38.94,1.14
638,2021-01-14,LOM,26727,7770,18957,15204,5577,5458,2,34,14,249,3,1,185,26727,0,ITC,ITC4,3,Lombardia,Lombardia,10060574,3944390,39.21,0.27
639,2021-03-13,LOM,27118,9753,17365,3751,2789,264,8141,222,682,10340,15,639,275,21061,6057,ITC,ITC4,3,Lombardia,Lombardia,10060574,3971508,39.48,0.27
640,2021-01-04,TOS,5065,1894,3171,4100,29,933,0,0,0,0,0,0,3,5065,0,ITI,ITI1,9,Toscana,Toscana,3729641,5065,0.14,0.14
641,2021-03-11,TOS,15488,5990,9498,2440,907,270,12,0,7,10325,1293,217,17,12168,3320,ITI,ITI1,9,Toscana,Toscana,3729641,20553,0.55,0.42
642,2021-03-03,TOS,18189,6507,11682,3324,1083,135,3446,2,0,9186,1,1002,10,14583,3606,ITI,ITI1,9,Toscana,Toscana,3729641,38742,1.04,0.49
643,2021-02-20,TOS,4641,1790,2851,3350,1038,203,18,0,0,17,0,15,0,4128,513,ITI,ITI1,9,Toscana,Toscana,3729641,43383,1.16,0.12
644,2021-01-19,TOS,1104,531,573,392,220,491,0,0,0,0,0,0,1,1104,0,ITI,ITI1,9,Toscana,Toscana,3729641,44487,1.19,0.03
645,2021-03-18,TOS,9967,3980,5987,438,562,280,3,2,3,7795,871,7,6,6005,3962,ITI,ITI1,9,Toscana,Toscana,3729641,54454,1.46,0.27
646,2021-04-25,TOS,11041,5244,5797,242,101,61,15,32,6267,389,3923,5,6,8904,2137,ITI,ITI1,9,Toscana,Toscana,3729641,65495,1.76,0.3
647,2021-02-13,TOS,7785,2360,5425,3667,574,163,2,0,2,0,0,186,3191,7558,227,ITI,ITI1,9,Toscana,Toscana,3729641,73280,1.96,0.21
648,2021-04-05,TOS,15279,6823,8456,27,52,0,35,12,13541,257,1328,4,23,14542,737,ITI,ITI1,9,Toscana,Toscana,3729641,88559,2.37,0.41
649,2021-04-23,TOS,25539,11373,14166,345,245,112,6,167,485,16471,7547,13,148,9251,16288,ITI,ITI1,9,Toscana,Toscana,3729641,114098,3.06,0.68
650,2021-02-01,TOS,5508,1958,3550,4485,403,616,0,0,0,0,0,0,4,520,4988,ITI,ITI1,9,Toscana,Toscana,3729641,119606,3.21,0.15
651,2021-02-25,TOS,10632,4304,6328,1078,1634,259,3199,0,1,3232,5,1220,4,9634,998,ITI,ITI1,9,Toscana,Toscana,3729641,130238,3.49,0.29
652,2021-01-03,TOS,3335,1051,2284,2564,9,762,0,0,0,0,0,0,0,3335,0,ITI,ITI1,9,Toscana,Toscana,3729641,133573,3.58,0.09
653,2021-02-06,TOS,4527,1550,2977,3725,574,227,0,0,0,0,0,0,1,1294,3233,ITI,ITI1,9,Toscana,Toscana,3729641,138100,3.7,0.12
654,2021-01-22,TOS,2866,1064,1802,2026,81,758,0,0,0,0,1,0,0,528,2338,ITI,ITI1,9,Toscana,Toscana,3729641,140966,3.78,0.08
655,2021-02-12,TOS,7606,2683,4923,3742,380,188,0,0,1,3,0,402,2890,7393,213,ITI,ITI1,9,Toscana,Toscana,3729641,148572,3.98,0.2
656,2021-04-17,TOS,20483,9184,11299,598,388,83,1,22,7391,5918,6052,8,22,18362,2121,ITI,ITI1,9,Toscana,Toscana,3729641,169055,4.53,0.55
657,2021-03-08,TOS,6368,2629,3739,4062,747,191,8,0,0,66,965,327,2,1550,4818,ITI,ITI1,9,Toscana,Toscana,3729641,175423,4.7,0.17
658,2021-05-07,TOS,16733,8028,8705,375,233,78,1087,988,1203,3665,8511,437,156,6631,10102,ITI,ITI1,9,Toscana,Toscana,3729641,192156,5.15,0.45
659,2021-04-13,TOS,8487,3504,4983,251,462,265,5,35,54,5551,1822,30,12,6030,2457,ITI,ITI1,9,Toscana,Toscana,3729641,200643,5.38,0.23
660,2021-02-26,TOS,10075,3832,6243,1556,1653,298,3562,0,0,1816,2,1188,0,8869,1206,ITI,ITI1,9,Toscana,Toscana,3729641,210718,5.65,0.27
661,2021-04-22,TOS,35654,15275,20379,317,500,139,6,123,7342,20430,6659,15,123,18228,17426,ITI,ITI1,9,Toscana,Toscana,3729641,246372,6.61,0.96
662,2021-05-02,TOS,11145,4916,6229,38,21,2,2,56,6821,1720,2447,12,26,9195,1950,ITI,ITI1,9,Toscana,Toscana,3729641,257517,6.9,0.3
663,2021-02-03,TOS,4221,1452,2769,3475,239,505,0,0,0,1,0,0,1,241,3980,ITI,ITI1,9,Toscana,Toscana,3729641,261738,7.02,0.11
664,2021-04-16,TOS,28878,12851,16027,522,522,92,2,65,6608,15173,5822,22,50,21987,6891,ITI,ITI1,9,Toscana,Toscana,3729641,290616,7.79,0.77
665,2021-01-23,TOS,3949,1354,2595,2936,170,841,0,0,0,0,0,0,2,640,3309,ITI,ITI1,9,Toscana,Toscana,3729641,294565,7.9,0.11
666,2021-03-22,TOS,4881,2443,2438,221,367,380,314,27,2418,474,466,139,75,4438,443,ITI,ITI1,9,Toscana,Toscana,3729641,299446,8.03,0.13
667,2021-04-08,TOS,29641,12526,17115,264,319,206,5,63,1784,23689,3234,17,60,23267,6374,ITI,ITI1,9,Toscana,Toscana,3729641,329087,8.82,0.79
668,2021-03-30,TOS,16811,7464,9347,212,151,250,113,13,4545,8532,2736,212,47,13248,3563,ITI,ITI1,9,Toscana,Toscana,3729641,345898,9.27,0.45
669,2021-01-24,TOS,3349,1073,2276,2602,35,709,0,0,0,1,0,0,2,201,3148,ITI,ITI1,9,Toscana,Toscana,3729641,349247,9.36,0.09
670,2021-03-25,TOS,23597,10120,13477,225,313,406,711,46,2777,16114,2662,268,75,15274,8323,ITI,ITI1,9,Toscana,Toscana,3729641,372844,10.0,0.63
671,2021-03-02,TOS,10600,3799,6801,3171,986,154,3512,0,0,1851,0,922,4,7156,3444,ITI,ITI1,9,Toscana,Toscana,3729641,383444,10.28,0.28
672,2021-01-14,TOS,3254,1179,2075,2459,475,320,0,0,0,0,0,0,0,3254,0,ITI,ITI1,9,Toscana,Toscana,3729641,386698,10.37,0.09
673,2021-05-06,TOS,28609,12491,16118,301,510,40,1715,296,3766,10277,11244,116,344,13937,14672,ITI,ITI1,9,Toscana,Toscana,3729641,415307,11.14,0.77
674,2021-04-19,TOS,9084,4500,4584,636,245,74,7,24,378,509,7206,2,3,8057,1027,ITI,ITI1,9,Toscana,Toscana,3729641,424391,11.38,0.24
675,2021-02-15,TOS,8769,3375,5394,4537,922,216,1138,0,0,56,0,801,1099,7944,825,ITI,ITI1,9,Toscana,Toscana,3729641,433160,11.61,0.24
676,2021-03-19,TOS,10137,4457,5680,641,442,303,35,22,2644,5284,712,13,41,7275,2862,ITI,ITI1,9,Toscana,Toscana,3729641,443297,11.89,0.27
677,2021-03-04,TOS,17529,6679,10850,2816,953,274,3694,2,8,8236,597,945,4,14447,3082,ITI,ITI1,9,Toscana,Toscana,3729641,460826,12.36,0.47
678,2021-01-17,TOS,2535,871,1664,2002,293,240,0,0,0,0,0,0,0,2022,513,ITI,ITI1,9,Toscana,Toscana,3729641,463361,12.42,0.07
679,2021-04-26,TOS,10117,4925,5192,117,272,72,4,47,4250,205,5102,7,41,7576,2541,ITI,ITI1,9,Toscana,Toscana,3729641,473478,12.7,0.27
680,2021-04-14,TOS,20088,8300,11788,398,406,122,1,34,146,16640,2290,10,41,14998,5090,ITI,ITI1,9,Toscana,Toscana,3729641,493566,13.23,0.54
681,2021-04-29,TOS,39283,17689,21594,304,330,150,14,97,13130,19424,5716,19,99,19210,20073,ITI,ITI1,9,Toscana,Toscana,3729641,532849,14.29,1.05
682,2021-03-28,TOS,6198,2800,3398,37,26,145,89,22,2401,893,2545,22,18,5944,254,ITI,ITI1,9,Toscana,Toscana,3729641,539047,14.45,0.17
683,2021-04-02,TOS,31916,13516,18400,298,65,370,6,15,8606,19835,2554,117,50,23898,8018,ITI,ITI1,9,Toscana,Toscana,3729641,570963,15.31,0.86
684,2021-04-03,TOS,15010,6643,8367,101,64,99,13,16,6585,4915,3181,10,26,13883,1127,ITI,ITI1,9,Toscana,Toscana,3729641,585973,15.71,0.4
685,2021-02-18,TOS,8817,3285,5532,2924,1447,230,3142,0,0,214,0,860,0,7923,894,ITI,ITI1,9,Toscana,Toscana,3729641,594790,15.95,0.24
686,2021-03-15,TOS,8324,3315,5009,3214,1609,404,2281,0,2,36,325,450,3,3882,4442,ITI,ITI1,9,Toscana,Toscana,3729641,603114,16.17,0.22
687,2021-01-15,TOS,3878,1347,2531,2758,674,444,0,0,0,0,0,0,2,3878,0,ITI,ITI1,9,Toscana,Toscana,3729641,606992,16.27,0.1
688,2021-05-04,TOS,18060,8112,9948,368,421,60,11,125,3753,3714,9411,85,112,12802,5258,ITI,ITI1,9,Toscana,Toscana,3729641,625052,16.76,0.48
689,2021-01-21,TOS,1589,686,903,579,220,790,0,0,0,0,0,0,0,867,722,ITI,ITI1,9,Toscana,Toscana,3729641,626641,16.8,0.04
690,2021-03-27,TOS,8824,4122,4702,113,71,243,198,17,3197,2074,2840,51,20,8609,215,ITI,ITI1,9,Toscana,Toscana,3729641,635465,17.04,0.24
691,2021-03-20,TOS,6489,2882,3607,914,563,165,34,4,3576,773,423,27,10,5354,1135,ITI,ITI1,9,Toscana,Toscana,3729641,641954,17.21,0.17
692,2021-02-17,TOS,8173,3168,5005,3464,1122,249,2485,0,0,218,0,635,0,7422,751,ITI,ITI1,9,Toscana,Toscana,3729641,650127,17.43,0.22
693,2021-04-09,TOS,24505,10535,13970,242,121,220,3,42,94,20291,3437,17,38,21107,3398,ITI,ITI1,9,Toscana,Toscana,3729641,674632,18.09,0.66
694,2021-02-23,TOS,7720,3324,4396,1490,1512,204,2831,0,0,510,1,1170,2,7559,161,ITI,ITI1,9,Toscana,Toscana,3729641,682352,18.3,0.21
695,2021-02-24,TOS,10372,4466,5906,81,1513,301,2947,0,0,4142,0,1383,5,10171,201,ITI,ITI1,9,Toscana,Toscana,3729641,692724,18.57,0.28
696,2021-03-07,TOS,5647,2356,3291,3103,642,123,774,0,0,15,417,573,0,2105,3542,ITI,ITI1,9,Toscana,Toscana,3729641,698371,18.72,0.15
697,2021-01-13,TOS,4062,1398,2664,3308,348,404,0,0,0,0,0,0,2,4062,0,ITI,ITI1,9,Toscana,Toscana,3729641,702433,18.83,0.11
698,2021-02-16,TOS,9278,3339,5939,5084,952,188,2323,0,0,10,0,720,1,8557,721,ITI,ITI1,9,Toscana,Toscana,3729641,711711,19.08,0.25
699,2021-04-04,TOS,13910,6601,7309,17,20,1,52,14,12885,173,723,5,20,13657,253,ITI,ITI1,9,Toscana,Toscana,3729641,725621,19.46,0.37
700,2021-03-01,TOS,4472,1733,2739,3192,597,137,25,0,0,9,1,509,2,832,3640,ITI,ITI1,9,Toscana,Toscana,3729641,730093,19.58,0.12
701,2021-04-18,TOS,8323,4078,4245,426,217,68,2,25,678,1412,5464,4,27,7327,996,ITI,ITI1,9,Toscana,Toscana,3729641,738416,19.8,0.22
702,2021-01-07,TOS,6018,1751,4267,5308,29,680,0,0,0,0,0,0,1,6018,0,ITI,ITI1,9,Toscana,Toscana,3729641,744434,19.96,0.16
703,2021-03-31,TOS,32562,13125,19437,279,111,277,3699,64,2643,23403,1481,451,154,20409,12153,ITI,ITI1,9,Toscana,Toscana,3729641,776996,20.83,0.87
704,2021-01-09,TOS,4485,1596,2889,3780,143,560,0,0,0,1,0,0,1,4485,0,ITI,ITI1,9,Toscana,Toscana,3729641,781481,20.95,0.12
705,2021-02-28,TOS,1649,667,982,1111,202,78,9,0,0,0,0,249,0,922,727,ITI,ITI1,9,Toscana,Toscana,3729641,783130,21.0,0.04
706,2021-04-24,TOS,13196,6052,7144,123,129,84,4,77,309,6590,5806,2,72,5782,7414,ITI,ITI1,9,Toscana,Toscana,3729641,796326,21.35,0.35
707,2021-01-31,TOS,3049,1129,1920,2465,133,448,0,0,0,1,0,0,2,106,2943,ITI,ITI1,9,Toscana,Toscana,3729641,799375,21.43,0.08
708,2021-04-01,TOS,26884,11097,15787,248,114,304,6,5,30,24562,1402,159,54,16284,10600,ITI,ITI1,9,Toscana,Toscana,3729641,826259,22.15,0.72
709,2021-02-21,TOS,5105,2089,3016,3666,1220,195,9,0,0,2,0,13,0,4935,170,ITI,ITI1,9,Toscana,Toscana,3729641,831364,22.29,0.14
710,2021-01-16,TOS,3271,1046,2225,2493,538,240,0,0,0,0,0,0,0,3271,0,ITI,ITI1,9,Toscana,Toscana,3729641,834635,22.38,0.09
711,2021-02-04,TOS,4253,1594,2659,3168,623,456,0,0,0,5,0,0,1,961,3292,ITI,ITI1,9,Toscana,Toscana,3729641,838888,22.49,0.11
712,2021-03-26,TOS,20382,9148,11234,251,326,213,333,27,3493,11885,3664,145,45,14636,5746,ITI,ITI1,9,Toscana,Toscana,3729641,859270,23.04,0.55
713,2021-04-06,TOS,22145,9760,12385,805,400,136,1626,125,10038,5663,2912,165,275,18432,3713,ITI,ITI1,9,Toscana,Toscana,3729641,881415,23.63,0.59
714,2021-01-10,TOS,3001,1104,1897,2432,134,431,0,1,0,0,0,0,3,3001,0,ITI,ITI1,9,Toscana,Toscana,3729641,884416,23.71,0.08
715,2021-01-20,TOS,1331,637,694,435,255,640,0,0,0,0,0,0,1,1083,248,ITI,ITI1,9,Toscana,Toscana,3729641,885747,23.75,0.04
716,2021-01-28,TOS,6282,1883,4399,5427,64,788,0,0,0,1,0,0,2,354,5928,ITI,ITI1,9,Toscana,Toscana,3729641,892029,23.92,0.17
717,2021-04-07,TOS,35616,15290,20326,310,595,98,20,57,11343,19887,3099,81,126,28381,7235,ITI,ITI1,9,Toscana,Toscana,3729641,927645,24.87,0.95
718,2021-01-11,TOS,5094,1691,3403,4362,209,522,0,0,0,0,0,0,1,5094,0,ITI,ITI1,9,Toscana,Toscana,3729641,932739,25.01,0.14
719,2021-04-12,TOS,2607,1180,1427,168,440,225,6,4,13,381,1364,4,2,1954,653,ITI,ITI1,9,Toscana,Toscana,3729641,935346,25.08,0.07
720,2021-01-25,TOS,5126,1896,3230,4160,54,909,0,0,0,1,0,0,2,249,4877,ITI,ITI1,9,Toscana,Toscana,3729641,940472,25.22,0.14
721,2021-04-11,TOS,3638,1676,1962,62,87,98,4,7,67,1671,1638,0,4,3483,155,ITI,ITI1,9,Toscana,Toscana,3729641,944110,25.31,0.1
722,2021-03-09,TOS,10591,4092,6499,4806,907,180,11,2,3,3302,1163,214,3,5039,5552,ITI,ITI1,9,Toscana,Toscana,3729641,954701,25.6,0.28
723,2021-02-27,TOS,1948,726,1222,1352,311,132,19,0,0,1,0,132,1,1046,902,ITI,ITI1,9,Toscana,Toscana,3729641,956649,25.65,0.05
724,2021-01-02,TOS,3497,1096,2401,2681,15,801,0,0,0,0,0,0,0,3497,0,ITI,ITI1,9,Toscana,Toscana,3729641,960146,25.74,0.09
725,2021-05-03,TOS,11886,5489,6397,158,96,41,3,141,3856,682,6839,14,56,10599,1287,ITI,ITI1,9,Toscana,Toscana,3729641,972032,26.06,0.32
726,2021-05-05,TOS,29270,13081,16189,317,504,162,8,356,3704,11353,12581,18,267,15532,13738,ITI,ITI1,9,Toscana,Toscana,3729641,1001302,26.85,0.78
727,2021-05-01,TOS,23242,10027,13215,75,169,122,2,111,10226,7464,5024,8,41,14113,9129,ITI,ITI1,9,Toscana,Toscana,3729641,1024544,27.47,0.62
728,2021-03-24,TOS,19633,7959,11674,222,385,195,773,51,2845,13977,872,235,78,10179,9454,ITI,ITI1,9,Toscana,Toscana,3729641,1044177,28.0,0.53
729,2021-03-23,TOS,9064,4088,4976,310,312,328,338,52,2819,4030,659,148,68,6816,2248,ITI,ITI1,9,Toscana,Toscana,3729641,1053241,28.24,0.24
730,2021-02-05,TOS,5749,2245,3504,4122,1180,442,0,0,0,1,0,0,4,1924,3825,ITI,ITI1,9,Toscana,Toscana,3729641,1058990,28.39,0.15
731,2021-02-02,TOS,3742,1475,2267,3021,283,422,0,0,0,6,0,6,4,195,3547,ITI,ITI1,9,Toscana,Toscana,3729641,1062732,28.49,0.1
732,2021-02-11,TOS,5383,2021,3362,2809,284,323,13,0,0,12,0,10,1932,5141,242,ITI,ITI1,9,Toscana,Toscana,3729641,1068115,28.64,0.14
733,2021-04-10,TOS,11721,5349,6372,290,195,117,3,26,79,8132,2851,10,18,10975,746,ITI,ITI1,9,Toscana,Toscana,3729641,1079836,28.95,0.31
734,2021-03-13,TOS,9274,3300,5974,2835,1697,68,3740,0,2,178,384,369,1,5312,3962,ITI,ITI1,9,Toscana,Toscana,3729641,1089110,29.2,0.25
735,2021-01-18,TOS,1119,636,483,430,313,375,0,0,0,0,0,0,1,1021,98,ITI,ITI1,9,Toscana,Toscana,3729641,1090229,29.23,0.03
736,2021-02-10,TOS,4263,1281,2982,3535,239,485,0,1,1,1,0,1,0,3740,523,ITI,ITI1,9,Toscana,Toscana,3729641,1094492,29.35,0.11
737,2021-01-27,TOS,4834,1572,3262,4018,73,742,0,0,0,0,0,0,1,207,4627,ITI,ITI1,9,Toscana,Toscana,3729641,1099326,29.48,0.13
738,2021-02-22,TOS,9818,4254,5564,3483,2235,316,2703,0,0,22,0,1058,1,9541,277,ITI,ITI1,9,Toscana,Toscana,3729641,1109144,29.74,0.26
739,2021-03-29,TOS,9377,4579,4798,227,140,244,200,15,4855,774,2709,197,16,9053,324,ITI,ITI1,9,Toscana,Toscana,3729641,1118521,29.99,0.25
740,2021-02-07,TOS,2806,953,1853,2349,299,157,0,0,0,0,0,0,1,885,1921,ITI,ITI1,9,Toscana,Toscana,3729641,1121327,30.07,0.08
741,2021-01-08,TOS,5945,1642,4303,5361,36,545,0,0,0,0,0,0,3,5945,0,ITI,ITI1,9,Toscana,Toscana,3729641,1127272,30.22,0.16
742,2021-01-12,TOS,3581,1398,2183,2944,282,354,0,0,0,0,0,0,1,3581,0,ITI,ITI1,9,Toscana,Toscana,3729641,1130853,30.32,0.1
743,2021-04-15,TOS,24338,10169,14169,359,300,174,6,37,149,20272,2980,11,50,15822,8516,ITI,ITI1,9,Toscana,Toscana,3729641,1155191,30.97,0.65
744,2021-01-06,TOS,4519,1459,3060,3984,9,525,0,0,0,0,0,0,1,4519,0,ITI,ITI1,9,Toscana,Toscana,3729641,1159710,31.09,0.12
745,2021-01-01,TOS,2369,787,1582,1715,2,650,0,0,0,2,0,0,0,2369,0,ITI,ITI1,9,Toscana,Toscana,3729641,1162079,31.16,0.06
746,2021-03-05,TOS,16491,6337,10154,3922,1684,170,3871,0,2,5297,656,885,4,11750,4741,ITI,ITI1,9,Toscana,Toscana,3729641,1178570,31.6,0.44
747,2021-01-05,TOS,5249,1755,3494,4354,15,878,0,0,0,0,0,0,2,5249,0,ITI,ITI1,9,Toscana,Toscana,3729641,1183819,31.74,0.14
748,2021-02-08,TOS,4097,1360,2737,3373,343,377,0,0,0,2,0,0,2,3638,459,ITI,ITI1,9,Toscana,Toscana,3729641,1187916,31.85,0.11
749,2021-01-30,TOS,4622,1622,3000,3765,218,638,0,0,0,0,0,0,1,198,4424,ITI,ITI1,9,Toscana,Toscana,3729641,1192538,31.97,0.12
750,2021-04-20,TOS,18133,8101,10032,225,295,70,3,36,7071,6511,3898,3,21,12576,5557,ITI,ITI1,9,Toscana,Toscana,3729641,1210671,32.46,0.49
751,2021-01-29,TOS,6136,1698,4438,5375,138,622,0,0,0,0,0,0,1,302,5834,ITI,ITI1,9,Toscana,Toscana,3729641,1216807,32.63,0.16
752,2021-03-12,TOS,16509,6217,10292,2612,1587,303,3922,3,4,7033,303,728,14,12981,3528,ITI,ITI1,9,Toscana,Toscana,3729641,1233316,33.07,0.44
753,2021-03-21,TOS,3232,1574,1658,660,796,77,12,0,1245,274,160,6,2,1799,1433,ITI,ITI1,9,Toscana,Toscana,3729641,1236548,33.15,0.09
754,2021-04-28,TOS,19063,8171,10892,413,362,19,6,57,159,14006,3924,30,87,3816,15247,ITI,ITI1,9,Toscana,Toscana,3729641,1255611,33.67,0.51
755,2021-03-10,TOS,18013,7073,10940,3006,851,271,14,3,3,12284,1317,253,11,13996,4017,ITI,ITI1,9,Toscana,Toscana,3729641,1273624,34.15,0.48
756,2021-02-19,TOS,8286,2947,5339,2967,1207,245,3105,0,0,154,1,605,2,7779,507,ITI,ITI1,9,Toscana,Toscana,3729641,1281910,34.37,0.22
757,2020-12-27,TOS,620,267,353,460,10,13,0,23,4,5,0,0,105,620,0,ITI,ITI1,9,Toscana,Toscana,3729641,1282530,34.39,0.02
758,2020-12-30,TOS,327,104,223,34,10,283,0,0,0,0,0,0,0,327,0,ITI,ITI1,9,Toscana,Toscana,3729641,1282857,34.4,0.01
759,2021-03-16,TOS,4898,1880,3018,1551,427,124,16,1,5,2115,643,13,3,2655,2243,ITI,ITI1,9,Toscana,Toscana,3729641,1287755,34.53,0.13
760,2021-03-06,TOS,7095,2838,4257,3803,657,145,1146,0,2,30,918,394,0,2904,4191,ITI,ITI1,9,Toscana,Toscana,3729641,1294850,34.72,0.19
761,2021-04-30,TOS,39824,17598,22226,280,101,163,2,115,13621,18054,7326,47,115,20055,19769,ITI,ITI1,9,Toscana,Toscana,3729641,1334674,35.79,1.07
762,2021-04-21,TOS,29537,12636,16901,297,283,76,2,131,7377,16768,4469,16,118,17456,12081,ITI,ITI1,9,Toscana,Toscana,3729641,1364211,36.58,0.79
763,2021-03-14,TOS,7207,2574,4633,3104,1195,122,2476,0,1,44,26,239,0,3272,3935,ITI,ITI1,9,Toscana,Toscana,3729641,1371418,36.77,0.19
764,2021-02-09,TOS,4488,1468,3020,3582,386,514,0,0,0,4,0,0,2,3877,611,ITI,ITI1,9,Toscana,Toscana,3729641,1375906,36.89,0.12
765,2021-03-17,TOS,11415,4584,6831,364,327,189,2,5,8,9766,740,2,12,6887,4528,ITI,ITI1,9,Toscana,Toscana,3729641,1387321,37.2,0.31
766,2021-02-14,TOS,8997,2568,6429,3033,549,81,9,2,1,0,0,261,5061,8887,110,ITI,ITI1,9,Toscana,Toscana,3729641,1396318,37.44,0.24
767,2021-04-27,TOS,10310,4893,5417,332,346,39,1,47,347,3956,5199,2,41,3857,6453,ITI,ITI1,9,Toscana,Toscana,3729641,1406628,37.71,0.28
768,2021-01-26,TOS,5393,1792,3601,4358,81,951,0,0,0,0,0,0,3,220,5173,ITI,ITI1,9,Toscana,Toscana,3729641,1412021,37.86,0.14
769,2020-12-31,TOS,805,202,603,97,10,698,0,0,0,0,0,0,0,805,0,ITI,ITI1,9,Toscana,Toscana,3729641,1412826,37.88,0.02
770,2021-05-03,PAB,1829,846,983,21,8,0,1,313,1166,72,231,4,13,417,1412,ITH,ITH1,4,Provincia Autonoma Bolzano / Bozen,P.A. Bolzano,533050,1829,0.34,0.34
771,2021-01-07,PAB,917,327,590,617,107,0,0,25,16,61,0,0,91,917,0,ITH,ITH1,4,Provincia Autonoma Bolzano / Bozen,P.A. Bolzano,533050,2746,0.52,0.17
772,2021-04-23,PAB,4539,2148,2391,230,109,22,15,1791,718,489,1114,27,24,3248,1291,ITH,ITH1,4,Provincia Autonoma Bolzano / Bozen,P.A. Bolzano,533050,7285,1.37,0.85
773,2021-01-04,PAB,508,201,307,420,49,4,0,6,6,0,0,0,23,508,0,ITH,ITH1,4,Provincia Autonoma Bolzano / Bozen,P.A. Bolzano,533050,7793,1.46,0.1
774,2021-02-20,PAB,1802,540,1262,196,53,24,1009,5,6,477,0,1,31,1784,18,ITH,ITH1,4,Provincia Autonoma Bolzano / Bozen,P.A. Bolzano,533050,9595,1.8,0.34
775,2021-03-11,PAB,1681,823,858,89,309,79,335,3,14,371,87,379,15,1143,538,ITH,ITH1,4,Provincia Autonoma Bolzano / Bozen,P.A. Bolzano,533050,11276,2.12,0.32
776,2021-02-01,PAB,1450,440,1010,773,314,295,1,6,0,2,1,1,57,12,1438,ITH,ITH1,4,Provincia Autonoma Bolzano / Bozen,P.A. Bolzano,533050,12726,2.39,0.27
777,2021-04-05,PAB,301,144,157,4,3,0,1,6,16,62,201,7,1,23,278,ITH,ITH1,4,Provincia Autonoma Bolzano / Bozen,P.A. Bolzano,533050,13027,2.44,0.06
778,2021-05-02,PAB,2456,1287,1169,81,22,3,60,212,227,49,1501,278,23,1535,921,ITH,ITH1,4,Provincia Autonoma Bolzano / Bozen,P.A. Bolzano,533050,15483,2.9,0.46
779,2021-02-05,PAB,3195,1181,2014,762,505,440,0,21,12,1381,0,0,74,8,3187,ITH,ITH1,4,Provincia Autonoma Bolzano / Bozen,P.A. Bolzano,533050,18678,3.5,0.6
780,2021-04-10,PAB,5390,2664,2726,146,54,3,22,183,3270,552,942,197,21,4802,588,ITH,ITH1,4,Provincia Autonoma Bolzano / Bozen,P.A. Bolzano,533050,24068,4.52,1.01
781,2021-02-06,PAB,2626,1171,1455,452,43,6,1,28,76,1932,0,0,88,19,2607,ITH,ITH1,4,Provincia Autonoma Bolzano / Bozen,P.A. Bolzano,533050,26694,5.01,0.49
782,2021-04-30,PAB,3336,1591,1745,182,97,44,16,648,616,143,1366,44,180,1560,1776,ITH,ITH1,4,Provincia Autonoma Bolzano / Bozen,P.A. Bolzano,533050,30030,5.63,0.63
783,2021-02-26,PAB,1525,550,975,62,32,2,333,4,1,1051,2,0,38,1495,30,ITH,ITH1,4,Provincia Autonoma Bolzano / Bozen,P.A. Bolzano,533050,31555,5.92,0.29
784,2021-03-06,PAB,3969,2079,1890,479,164,7,381,10,19,1981,48,859,21,3758,211,ITH,ITH1,4,Provincia Autonoma Bolzano / Bozen,P.A. Bolzano,533050,35524,6.66,0.74
785,2021-01-22,PAB,248,143,105,136,8,84,1,4,0,3,1,0,11,124,124,ITH,ITH1,4,Provincia Autonoma Bolzano / Bozen,P.A. Bolzano,533050,35772,6.71,0.05
786,2021-04-17,PAB,5230,2598,2632,69,12,36,76,2791,1237,99,734,161,15,5186,44,ITH,ITH1,4,Provincia Autonoma Bolzano / Bozen,P.A. Bolzano,533050,41002,7.69,0.98
787,2021-02-03,PAB,1503,478,1025,666,341,321,0,12,5,72,1,0,85,5,1498,ITH,ITH1,4,Provincia Autonoma Bolzano / Bozen,P.A. Bolzano,533050,42505,7.97,0.28
788,2021-04-16,PAB,2949,1418,1531,194,36,5,38,1422,616,115,419,98,6,2438,511,ITH,ITH1,4,Provincia Autonoma Bolzano / Bozen,P.A. Bolzano,533050,45454,8.53,0.55
789,2021-03-13,PAB,2885,1459,1426,168,59,1,20,11,879,1295,58,381,13,2784,101,ITH,ITH1,4,Provincia Autonoma Bolzano / Bozen,P.A. Bolzano,533050,48339,9.07,0.54
790,2021-01-19,PAB,853,371,482,174,55,0,0,7,6,578,3,0,30,723,130,ITH,ITH1,4,Provincia Autonoma Bolzano / Bozen,P.A. Bolzano,533050,49192,9.23,0.16
791,2021-04-03,PAB,831,364,467,9,6,0,0,1,12,799,0,4,0,22,809,ITH,ITH1,4,Provincia Autonoma Bolzano / Bozen,P.A. Bolzano,533050,50023,9.38,0.16
792,2021-04-22,PAB,2921,1499,1422,66,29,16,88,728,614,165,844,350,21,1979,942,ITH,ITH1,4,Provincia Autonoma Bolzano / Bozen,P.A. Bolzano,533050,52944,9.93,0.55
793,2021-03-01,PAB,917,220,697,18,2,5,735,18,0,0,0,0,139,917,0,ITH,ITH1,4,Provincia Autonoma Bolzano / Bozen,P.A. Bolzano,533050,53861,10.1,0.17
794,2021-02-16,PAB,529,205,324,10,1,0,0,0,0,517,1,0,0,529,0,ITH,ITH1,4,Provincia Autonoma Bolzano / Bozen,P.A. Bolzano,533050,54390,10.2,0.1
795,2021-01-06,PAB,59,18,41,57,2,0,0,0,0,0,0,0,0,59,0,ITH,ITH1,4,Provincia Autonoma Bolzano / Bozen,P.A. Bolzano,533050,54449,10.21,0.01
796,2021-03-10,PAB,1261,524,737,660,102,0,118,4,9,134,10,133,91,1118,143,ITH,ITH1,4,Provincia Autonoma Bolzano / Bozen,P.A. Bolzano,533050,55710,10.45,0.24
797,2021-02-14,PAB,297,130,167,0,0,0,0,0,1,296,0,0,0,297,0,ITH,ITH1,4,Provincia Autonoma Bolzano / Bozen,P.A. Bolzano,533050,56007,10.51,0.06
798,2021-01-02,PAB,91,48,43,69,1,0,0,5,1,0,0,0,15,91,0,ITH,ITH1,4,Provincia Autonoma Bolzano / Bozen,P.A. Bolzano,533050,56098,10.52,0.02
799,2020-12-30,PAB,388,182,206,343,41,0,0,0,0,0,0,0,4,388,0,ITH,ITH1,4,Provincia Autonoma Bolzano / Bozen,P.A. Bolzano,533050,56486,10.6,0.07
800,2021-01-11,PAB,1569,513,1056,586,284,175,0,54,41,161,1,0,267,1569,0,ITH,ITH1,4,Provincia Autonoma Bolzano / Bozen,P.A. Bolzano,533050,58055,10.89,0.29
801,2021-04-09,PAB,2926,1292,1634,336,113,102,14,47,634,280,1363,13,24,2196,730,ITH,ITH1,4,Provincia Autonoma Bolzano / Bozen,P.A. Bolzano,533050,60981,11.44,0.55
802,2021-02-08,PAB,2,1,1,0,0,0,0,0,0,1,0,0,1,1,1,ITH,ITH1,4,Provincia Autonoma Bolzano / Bozen,P.A. Bolzano,533050,60983,11.44,0.0
803,2021-02-02,PAB,1745,506,1239,630,370,605,0,9,10,11,0,0,110,8,1737,ITH,ITH1,4,Provincia Autonoma Bolzano / Bozen,P.A. Bolzano,533050,62728,11.77,0.33
804,2021-01-14,PAB,1946,575,1371,521,441,313,0,63,43,329,0,0,236,1946,0,ITH,ITH1,4,Provincia Autonoma Bolzano / Bozen,P.A. Bolzano,533050,64674,12.13,0.37
805,2021-01-15,PAB,3282,1228,2054,608,307,342,0,81,29,1447,0,0,468,3282,0,ITH,ITH1,4,Provincia Autonoma Bolzano / Bozen,P.A. Bolzano,533050,67956,12.75,0.62
806,2021-01-09,PAB,612,326,286,76,28,75,0,66,19,13,0,0,335,612,0,ITH,ITH1,4,Provincia Autonoma Bolzano / Bozen,P.A. Bolzano,533050,68568,12.86,0.11
807,2021-03-29,PAB,1170,499,671,14,2,0,13,1,184,842,85,26,3,411,759,ITH,ITH1,4,Provincia Autonoma Bolzano / Bozen,P.A. Bolzano,533050,69738,13.08,0.22
808,2021-03-15,PAB,1192,451,741,294,97,13,4,15,533,93,66,4,73,710,482,ITH,ITH1,4,Provincia Autonoma Bolzano / Bozen,P.A. Bolzano,533050,70930,13.31,0.22
809,2021-03-19,PAB,1906,773,1133,158,59,15,14,11,138,1182,310,1,18,799,1107,ITH,ITH1,4,Provincia Autonoma Bolzano / Bozen,P.A. Bolzano,533050,72836,13.66,0.36
810,2021-04-24,PAB,5101,2448,2653,294,197,2,7,2727,762,184,856,54,18,4617,484,ITH,ITH1,4,Provincia Autonoma Bolzano / Bozen,P.A. Bolzano,533050,77937,14.62,0.96
811,2021-03-05,PAB,1838,624,1214,337,98,59,240,8,2,896,125,9,64,1396,442,ITH,ITH1,4,Provincia Autonoma Bolzano / Bozen,P.A. Bolzano,533050,79775,14.97,0.34
812,2021-05-06,PAB,5177,2746,2431,190,74,16,197,983,671,148,1928,642,328,2608,2569,ITH,ITH1,4,Provincia Autonoma Bolzano / Bozen,P.A. Bolzano,533050,84952,15.94,0.97
813,2021-04-18,PAB,3110,1607,1503,28,14,2,27,1916,524,134,188,273,4,2100,1010,ITH,ITH1,4,Provincia Autonoma Bolzano / Bozen,P.A. Bolzano,533050,88062,16.52,0.58
814,2021-03-21,PAB,768,285,483,165,17,1,3,3,9,568,0,0,2,14,754,ITH,ITH1,4,Provincia Autonoma Bolzano / Bozen,P.A. Bolzano,533050,88830,16.66,0.14
815,2021-01-13,PAB,1691,557,1134,446,310,270,0,66,30,175,0,0,394,1691,0,ITH,ITH1,4,Provincia Autonoma Bolzano / Bozen,P.A. Bolzano,533050,90521,16.98,0.32
816,2021-03-30,PAB,1298,532,766,51,7,153,27,0,121,924,1,11,3,218,1080,ITH,ITH1,4,Provincia Autonoma Bolzano / Bozen,P.A. Bolzano,533050,91819,17.23,0.24
817,2021-01-18,PAB,1772,687,1085,391,102,8,0,32,56,1019,0,0,164,1767,5,ITH,ITH1,4,Provincia Autonoma Bolzano / Bozen,P.A. Bolzano,533050,93591,17.56,0.33
818,2021-03-27,PAB,3047,1552,1495,320,36,0,46,31,484,1441,358,305,26,1541,1506,ITH,ITH1,4,Provincia Autonoma Bolzano / Bozen,P.A. Bolzano,533050,96638,18.13,0.57
819,2021-03-07,PAB,114,13,101,59,50,0,1,0,0,3,0,0,1,9,105,ITH,ITH1,4,Provincia Autonoma Bolzano / Bozen,P.A. Bolzano,533050,96752,18.15,0.02
820,2021-04-14,PAB,3591,1644,1947,418,139,20,30,1096,829,124,844,80,11,3499,92,ITH,ITH1,4,Provincia Autonoma Bolzano / Bozen,P.A. Bolzano,533050,100343,18.82,0.67
821,2021-04-02,PAB,2077,837,1240,189,66,60,17,5,253,935,532,11,9,720,1357,ITH,ITH1,4,Provincia Autonoma Bolzano / Bozen,P.A. Bolzano,533050,102420,19.21,0.39
822,2021-04-12,PAB,2104,946,1158,33,11,1,2,159,1653,93,143,3,6,2098,6,ITH,ITH1,4,Provincia Autonoma Bolzano / Bozen,P.A. Bolzano,533050,104524,19.61,0.39
823,2021-03-20,PAB,1757,848,909,115,48,9,1,7,265,967,238,99,8,1132,625,ITH,ITH1,4,Provincia Autonoma Bolzano / Bozen,P.A. Bolzano,533050,106281,19.94,0.33
824,2021-04-26,PAB,1540,770,770,24,36,0,56,918,285,31,101,85,4,1535,5,ITH,ITH1,4,Provincia Autonoma Bolzano / Bozen,P.A. Bolzano,533050,107821,20.23,0.29
825,2021-02-12,PAB,730,217,513,322,71,106,0,10,6,141,0,2,72,482,248,ITH,ITH1,4,Provincia Autonoma Bolzano / Bozen,P.A. Bolzano,533050,108551,20.36,0.14
826,2021-02-22,PAB,526,143,383,342,68,0,10,15,4,5,0,1,81,514,12,ITH,ITH1,4,Provincia Autonoma Bolzano / Bozen,P.A. Bolzano,533050,109077,20.46,0.1
827,2021-03-04,PAB,1709,1000,709,307,80,39,262,12,5,171,74,710,49,1480,229,ITH,ITH1,4,Provincia Autonoma Bolzano / Bozen,P.A. Bolzano,533050,110786,20.78,0.32
828,2021-02-13,PAB,318,79,239,126,57,7,0,0,0,126,0,0,2,312,6,ITH,ITH1,4,Provincia Autonoma Bolzano / Bozen,P.A. Bolzano,533050,111104,20.84,0.06
829,2021-02-24,PAB,1366,405,961,10,3,0,1345,0,0,0,0,8,0,1354,12,ITH,ITH1,4,Provincia Autonoma Bolzano / Bozen,P.A. Bolzano,533050,112470,21.1,0.26
830,2021-03-09,PAB,1194,543,651,29,81,22,47,0,1,930,0,80,4,1192,2,ITH,ITH1,4,Provincia Autonoma Bolzano / Bozen,P.A. Bolzano,533050,113664,21.32,0.22
831,2021-01-27,PAB,84,28,56,54,26,0,0,1,0,0,0,0,3,1,83,ITH,ITH1,4,Provincia Autonoma Bolzano / Bozen,P.A. Bolzano,533050,113748,21.34,0.02
832,2021-03-31,PAB,1831,693,1138,419,304,22,16,15,160,430,425,20,20,820,1011,ITH,ITH1,4,Provincia Autonoma Bolzano / Bozen,P.A. Bolzano,533050,115579,21.68,0.34
833,2021-05-07,PAB,3818,1863,1955,204,45,13,39,653,287,56,1374,114,1033,3350,468,ITH,ITH1,4,Provincia Autonoma Bolzano / Bozen,P.A. Bolzano,533050,119397,22.4,0.72
834,2021-03-08,PAB,1200,526,674,23,10,166,3,30,47,755,147,0,19,1173,27,ITH,ITH1,4,Provincia Autonoma Bolzano / Bozen,P.A. Bolzano,533050,120597,22.62,0.23
835,2021-01-10,PAB,2,2,0,1,0,0,0,0,0,0,0,0,1,2,0,ITH,ITH1,4,Provincia Autonoma Bolzano / Bozen,P.A. Bolzano,533050,120599,22.62,0.0
836,2021-04-08,PAB,2753,1336,1417,47,34,121,2,17,2011,83,310,91,37,2550,203,ITH,ITH1,4,Provincia Autonoma Bolzano / Bozen,P.A. Bolzano,533050,123352,23.14,0.52
837,2021-03-02,PAB,695,200,495,11,1,0,676,0,0,0,0,7,0,693,2,ITH,ITH1,4,Provincia Autonoma Bolzano / Bozen,P.A. Bolzano,533050,124047,23.27,0.13
838,2021-01-20,PAB,617,252,365,287,51,0,0,6,3,257,0,0,13,409,208,ITH,ITH1,4,Provincia Autonoma Bolzano / Bozen,P.A. Bolzano,533050,124664,23.39,0.12
839,2021-01-23,PAB,197,117,80,191,0,0,0,2,0,0,0,0,4,0,197,ITH,ITH1,4,Provincia Autonoma Bolzano / Bozen,P.A. Bolzano,533050,124861,23.42,0.04
840,2021-04-06,PAB,2249,1117,1132,131,46,130,3,10,988,91,818,16,16,2146,103,ITH,ITH1,4,Provincia Autonoma Bolzano / Bozen,P.A. Bolzano,533050,127110,23.85,0.42
841,2021-01-17,PAB,2328,1044,1284,56,38,37,0,57,46,1989,0,0,105,2317,11,ITH,ITH1,4,Provincia Autonoma Bolzano / Bozen,P.A. Bolzano,533050,129438,24.28,0.44
842,2021-02-04,PAB,1958,593,1365,650,507,458,0,23,26,233,0,0,61,8,1950,ITH,ITH1,4,Provincia Autonoma Bolzano / Bozen,P.A. Bolzano,533050,131396,24.65,0.37
843,2021-04-11,PAB,2720,1291,1429,46,17,3,63,350,1672,84,222,258,5,2543,177,ITH,ITH1,4,Provincia Autonoma Bolzano / Bozen,P.A. Bolzano,533050,134116,25.16,0.51
844,2021-01-28,PAB,869,307,562,584,187,69,0,8,0,0,0,2,19,10,859,ITH,ITH1,4,Provincia Autonoma Bolzano / Bozen,P.A. Bolzano,533050,134985,25.32,0.16
845,2021-03-22,PAB,1133,514,619,2,0,0,0,6,900,192,13,15,5,1129,4,ITH,ITH1,4,Provincia Autonoma Bolzano / Bozen,P.A. Bolzano,533050,136118,25.54,0.21
846,2021-05-05,PAB,4152,1945,2207,275,126,39,73,929,549,156,1730,138,137,2037,2115,ITH,ITH1,4,Provincia Autonoma Bolzano / Bozen,P.A. Bolzano,533050,140270,26.31,0.78
847,2021-02-27,PAB,2457,759,1698,202,87,8,1233,8,13,885,0,3,18,2447,10,ITH,ITH1,4,Provincia Autonoma Bolzano / Bozen,P.A. Bolzano,533050,142727,26.78,0.46
848,2021-01-25,PAB,487,183,304,401,68,0,1,4,0,1,0,2,10,3,484,ITH,ITH1,4,Provincia Autonoma Bolzano / Bozen,P.A. Bolzano,533050,143214,26.87,0.09
849,2021-04-07,PAB,1777,802,975,128,81,57,2,6,908,459,26,100,10,1238,539,ITH,ITH1,4,Provincia Autonoma Bolzano / Bozen,P.A. Bolzano,533050,144991,27.2,0.33
850,2021-02-09,PAB,317,126,191,64,17,2,2,1,0,228,0,0,3,1,316,ITH,ITH1,4,Provincia Autonoma Bolzano / Bozen,P.A. Bolzano,533050,145308,27.26,0.06
851,2021-03-17,PAB,581,213,368,12,6,46,0,0,16,491,0,0,10,580,1,ITH,ITH1,4,Provincia Autonoma Bolzano / Bozen,P.A. Bolzano,533050,145889,27.37,0.11
852,2021-04-25,PAB,3068,1496,1572,53,24,0,24,1445,735,156,442,180,9,2397,671,ITH,ITH1,4,Provincia Autonoma Bolzano / Bozen,P.A. Bolzano,533050,148957,27.94,0.58
853,2021-03-03,PAB,1178,393,785,24,5,6,738,3,0,349,0,51,2,1165,13,ITH,ITH1,4,Provincia Autonoma Bolzano / Bozen,P.A. Bolzano,533050,150135,28.17,0.22
854,2021-01-08,PAB,1521,479,1042,790,170,168,0,51,29,104,0,0,209,1521,0,ITH,ITH1,4,Provincia Autonoma Bolzano / Bozen,P.A. Bolzano,533050,151656,28.45,0.29
855,2021-02-19,PAB,2249,512,1737,122,143,84,1782,3,3,86,6,0,20,2238,11,ITH,ITH1,4,Provincia Autonoma Bolzano / Bozen,P.A. Bolzano,533050,153905,28.87,0.42
856,2021-02-18,PAB,1838,457,1381,76,78,21,1285,3,2,353,4,0,16,1831,7,ITH,ITH1,4,Provincia Autonoma Bolzano / Bozen,P.A. Bolzano,533050,155743,29.22,0.34
857,2021-02-25,PAB,1498,549,949,22,5,0,405,2,1,1041,0,0,22,1497,1,ITH,ITH1,4,Provincia Autonoma Bolzano / Bozen,P.A. Bolzano,533050,157241,29.5,0.28
858,2020-12-31,PAB,911,518,393,478,61,0,0,47,9,1,0,0,315,911,0,ITH,ITH1,4,Provincia Autonoma Bolzano / Bozen,P.A. Bolzano,533050,158152,29.67,0.17
859,2021-01-03,PAB,41,16,25,33,5,0,0,0,0,1,0,0,2,41,0,ITH,ITH1,4,Provincia Autonoma Bolzano / Bozen,P.A. Bolzano,533050,158193,29.68,0.01
860,2021-01-26,PAB,810,291,519,673,129,0,0,3,1,0,0,0,4,1,809,ITH,ITH1,4,Provincia Autonoma Bolzano / Bozen,P.A. Bolzano,533050,159003,29.83,0.15
861,2021-03-26,PAB,1644,721,923,30,16,68,1,8,132,917,424,0,48,511,1133,ITH,ITH1,4,Provincia Autonoma Bolzano / Bozen,P.A. Bolzano,533050,160647,30.14,0.31
862,2021-03-16,PAB,1289,532,757,26,31,48,0,4,14,1159,4,2,1,124,1165,ITH,ITH1,4,Provincia Autonoma Bolzano / Bozen,P.A. Bolzano,533050,161936,30.38,0.24
863,2021-04-01,PAB,2786,1407,1379,238,104,44,65,22,512,607,731,446,17,2642,144,ITH,ITH1,4,Provincia Autonoma Bolzano / Bozen,P.A. Bolzano,533050,164722,30.9,0.52
864,2021-04-13,PAB,2391,1130,1261,23,4,1,6,1246,932,30,93,55,1,2383,8,ITH,ITH1,4,Provincia Autonoma Bolzano / Bozen,P.A. Bolzano,533050,167113,31.35,0.45
865,2021-01-16,PAB,2840,1265,1575,435,93,77,1,54,98,1976,0,0,106,2840,0,ITH,ITH1,4,Provincia Autonoma Bolzano / Bozen,P.A. Bolzano,533050,169953,31.88,0.53
866,2021-04-28,PAB,2458,1300,1158,78,56,10,59,1156,464,76,472,74,13,2455,3,ITH,ITH1,4,Provincia Autonoma Bolzano / Bozen,P.A. Bolzano,533050,172411,32.34,0.46
867,2021-02-07,PAB,2361,1057,1304,102,75,68,0,51,44,1951,0,0,70,14,2347,ITH,ITH1,4,Provincia Autonoma Bolzano / Bozen,P.A. Bolzano,533050,174772,32.79,0.44
868,2021-05-04,PAB,3443,1840,1603,48,38,9,78,499,388,77,2058,176,72,2408,1035,ITH,ITH1,4,Provincia Autonoma Bolzano / Bozen,P.A. Bolzano,533050,178215,33.43,0.65
869,2021-05-01,PAB,2103,1066,1037,119,29,0,90,772,308,62,479,217,27,1943,160,ITH,ITH1,4,Provincia Autonoma Bolzano / Bozen,P.A. Bolzano,533050,180318,33.83,0.39
870,2021-01-21,PAB,952,442,510,750,88,68,0,1,0,28,0,5,12,139,813,ITH,ITH1,4,Provincia Autonoma Bolzano / Bozen,P.A. Bolzano,533050,181270,34.01,0.18
871,2021-03-25,PAB,2139,1058,1081,230,72,27,46,24,843,305,297,268,27,1697,442,ITH,ITH1,4,Provincia Autonoma Bolzano / Bozen,P.A. Bolzano,533050,183409,34.41,0.4
872,2020-12-27,PAB,144,65,79,139,2,0,0,0,0,1,0,0,2,144,0,ITH,ITH1,4,Provincia Autonoma Bolzano / Bozen,P.A. Bolzano,533050,183553,34.43,0.03
873,2021-03-23,PAB,1552,759,793,0,1,0,34,5,1156,215,58,68,15,1551,1,ITH,ITH1,4,Provincia Autonoma Bolzano / Bozen,P.A. Bolzano,533050,185105,34.73,0.29
874,2021-03-24,PAB,2040,977,1063,13,16,7,29,6,1361,248,278,61,21,2027,13,ITH,ITH1,4,Provincia Autonoma Bolzano / Bozen,P.A. Bolzano,533050,187145,35.11,0.38
875,2021-01-05,PAB,830,286,544,734,62,0,0,8,2,0,0,0,24,830,0,ITH,ITH1,4,Provincia Autonoma Bolzano / Bozen,P.A. Bolzano,533050,187975,35.26,0.16
876,2021-03-14,PAB,758,336,422,130,11,33,0,3,7,562,1,2,9,25,733,ITH,ITH1,4,Provincia Autonoma Bolzano / Bozen,P.A. Bolzano,533050,188733,35.41,0.14
877,2021-01-30,PAB,498,245,253,217,46,101,0,29,2,0,0,0,103,4,494,ITH,ITH1,4,Provincia Autonoma Bolzano / Bozen,P.A. Bolzano,533050,189231,35.5,0.09
878,2021-04-20,PAB,1558,781,777,10,13,12,8,619,364,46,474,9,3,1557,1,ITH,ITH1,4,Provincia Autonoma Bolzano / Bozen,P.A. Bolzano,533050,190789,35.79,0.29
879,2021-01-24,PAB,12,10,2,1,0,0,0,2,1,0,0,0,8,0,12,ITH,ITH1,4,Provincia Autonoma Bolzano / Bozen,P.A. Bolzano,533050,190801,35.79,0.0
880,2021-04-21,PAB,3009,1467,1542,112,12,2,11,1727,490,88,541,17,9,2161,848,ITH,ITH1,4,Provincia Autonoma Bolzano / Bozen,P.A. Bolzano,533050,193810,36.36,0.56
881,2021-02-17,PAB,156,51,105,18,7,0,0,0,2,128,1,0,0,139,17,ITH,ITH1,4,Provincia Autonoma Bolzano / Bozen,P.A. Bolzano,533050,193966,36.39,0.03
882,2021-02-23,PAB,769,324,445,0,0,0,85,2,1,673,0,0,8,763,6,ITH,ITH1,4,Provincia Autonoma Bolzano / Bozen,P.A. Bolzano,533050,194735,36.53,0.14
883,2021-04-19,PAB,1869,857,1012,44,22,1,11,1039,300,166,269,8,9,1687,182,ITH,ITH1,4,Provincia Autonoma Bolzano / Bozen,P.A. Bolzano,533050,196604,36.88,0.35
884,2021-04-27,PAB,2224,1011,1213,109,58,21,53,589,1115,78,118,76,7,1148,1076,ITH,ITH1,4,Provincia Autonoma Bolzano / Bozen,P.A. Bolzano,533050,198828,37.3,0.42
885,2021-04-15,PAB,4398,2306,2092,121,47,39,118,1385,736,174,1262,493,23,4135,263,ITH,ITH1,4,Provincia Autonoma Bolzano / Bozen,P.A. Bolzano,533050,203226,38.13,0.83
886,2021-03-28,PAB,569,212,357,45,38,0,2,6,5,470,2,0,1,11,558,ITH,ITH1,4,Provincia Autonoma Bolzano / Bozen,P.A. Bolzano,533050,203795,38.23,0.11
887,2021-01-12,PAB,1709,459,1250,369,228,479,0,54,43,134,0,0,402,1709,0,ITH,ITH1,4,Provincia Autonoma Bolzano / Bozen,P.A. Bolzano,533050,205504,38.55,0.32
888,2021-02-11,PAB,1092,431,661,215,92,104,0,4,2,589,57,0,29,239,853,ITH,ITH1,4,Provincia Autonoma Bolzano / Bozen,P.A. Bolzano,533050,206596,38.76,0.2
889,2021-04-29,PAB,2630,1351,1279,127,117,71,74,600,541,124,509,245,222,1936,694,ITH,ITH1,4,Provincia Autonoma Bolzano / Bozen,P.A. Bolzano,533050,209226,39.25,0.49
890,2021-02-10,PAB,1635,604,1031,489,166,1,0,18,5,872,0,1,83,26,1609,ITH,ITH1,4,Provincia Autonoma Bolzano / Bozen,P.A. Bolzano,533050,210861,39.56,0.31
891,2021-01-01,PAB,6,5,1,6,0,0,0,0,0,0,0,0,0,6,0,ITH,ITH1,4,Provincia Autonoma Bolzano / Bozen,P.A. Bolzano,533050,210867,39.56,0.0
892,2021-01-29,PAB,1497,510,987,882,282,295,4,7,1,4,0,0,22,24,1473,ITH,ITH1,4,Provincia Autonoma Bolzano / Bozen,P.A. Bolzano,533050,212364,39.84,0.28
893,2021-03-18,PAB,1302,531,771,50,16,51,0,10,15,1056,69,0,35,226,1076,ITH,ITH1,4,Provincia Autonoma Bolzano / Bozen,P.A. Bolzano,533050,213666,40.08,0.24
894,2021-03-12,PAB,1664,734,930,150,173,82,101,9,268,524,134,204,19,1251,413,ITH,ITH1,4,Provincia Autonoma Bolzano / Bozen,P.A. Bolzano,533050,215330,40.4,0.31
895,2021-02-15,PAB,72,42,30,17,2,40,0,0,1,7,0,0,5,26,46,ITH,ITH1,4,Provincia Autonoma Bolzano / Bozen,P.A. Bolzano,533050,215402,40.41,0.01
896,2021-05-06,PAT,5240,2592,2648,106,128,17,51,1522,513,373,366,167,1997,4472,768,ITH,ITH2,4,Provincia Autonoma Trento,P.A. Trento,541380,5240,0.97,0.97
897,2021-01-30,PAT,386,132,254,346,7,32,1,0,0,0,0,0,0,152,234,ITH,ITH2,4,Provincia Autonoma Trento,P.A. Trento,541380,5626,1.04,0.07
898,2021-03-05,PAT,2241,701,1540,126,70,102,787,5,24,957,2,158,10,1675,566,ITH,ITH2,4,Provincia Autonoma Trento,P.A. Trento,541380,7867,1.45,0.41
899,2021-01-14,PAT,699,203,496,482,6,208,0,0,0,0,0,0,3,699,0,ITH,ITH2,4,Provincia Autonoma Trento,P.A. Trento,541380,8566,1.58,0.13
900,2021-01-24,PAT,547,276,271,535,12,0,0,0,0,0,0,0,0,224,323,ITH,ITH2,4,Provincia Autonoma Trento,P.A. Trento,541380,9113,1.68,0.1
901,2021-03-15,PAT,1410,545,865,58,130,26,175,3,285,624,15,54,40,946,464,ITH,ITH2,4,Provincia Autonoma Trento,P.A. Trento,541380,10523,1.94,0.26
902,2021-01-21,PAT,351,94,257,320,13,16,0,0,0,0,0,0,2,228,123,ITH,ITH2,4,Provincia Autonoma Trento,P.A. Trento,541380,10874,2.01,0.06
903,2021-04-29,PAT,4572,2207,2365,81,86,11,22,2484,1203,187,462,2,34,4372,200,ITH,ITH2,4,Provincia Autonoma Trento,P.A. Trento,541380,15446,2.85,0.84
904,2021-03-04,PAT,2351,790,1561,161,26,23,347,14,12,1727,0,19,22,1572,779,ITH,ITH2,4,Provincia Autonoma Trento,P.A. Trento,541380,17797,3.29,0.43
905,2021-03-21,PAT,129,69,60,34,1,0,18,2,18,0,56,0,0,129,0,ITH,ITH2,4,Provincia Autonoma Trento,P.A. Trento,541380,17926,3.31,0.02
906,2021-04-25,PAT,1969,938,1031,9,4,0,0,1304,215,31,384,0,22,1960,9,ITH,ITH2,4,Provincia Autonoma Trento,P.A. Trento,541380,19895,3.67,0.36
907,2021-04-14,PAT,3111,1463,1648,116,50,7,7,98,1486,1019,311,2,15,2375,736,ITH,ITH2,4,Provincia Autonoma Trento,P.A. Trento,541380,23006,4.25,0.57
908,2021-03-03,PAT,1653,621,1032,74,11,60,203,4,5,1267,3,19,7,1136,517,ITH,ITH2,4,Provincia Autonoma Trento,P.A. Trento,541380,24659,4.55,0.31
909,2021-04-05,PAT,33,16,17,0,0,0,1,21,11,0,0,0,0,33,0,ITH,ITH2,4,Provincia Autonoma Trento,P.A. Trento,541380,24692,4.56,0.01
910,2021-04-19,PAT,2619,1234,1385,40,12,0,6,592,906,314,678,2,69,2593,26,ITH,ITH2,4,Provincia Autonoma Trento,P.A. Trento,541380,27311,5.04,0.48
911,2021-02-23,PAT,1108,395,713,272,13,17,50,1,0,751,0,3,1,897,211,ITH,ITH2,4,Provincia Autonoma Trento,P.A. Trento,541380,28419,5.25,0.2
912,2021-01-13,PAT,421,123,298,392,6,23,0,0,0,0,0,0,0,421,0,ITH,ITH2,4,Provincia Autonoma Trento,P.A. Trento,541380,28840,5.33,0.08
913,2021-03-07,PAT,22,6,16,0,0,0,22,0,0,0,0,0,0,22,0,ITH,ITH2,4,Provincia Autonoma Trento,P.A. Trento,541380,28862,5.33,0.0
914,2021-01-27,PAT,802,277,525,463,33,304,0,0,0,1,0,0,1,91,711,ITH,ITH2,4,Provincia Autonoma Trento,P.A. Trento,541380,29664,5.48,0.15
915,2021-01-29,PAT,1352,331,1021,724,74,542,0,0,0,3,0,0,9,55,1297,ITH,ITH2,4,Provincia Autonoma Trento,P.A. Trento,541380,31016,5.73,0.25
916,2021-04-15,PAT,3177,1436,1741,179,112,16,3,129,1514,527,683,1,13,3025,152,ITH,ITH2,4,Provincia Autonoma Trento,P.A. Trento,541380,34193,6.32,0.59
917,2021-03-18,PAT,2307,951,1356,63,1,2,3,9,533,1669,16,2,9,1225,1082,ITH,ITH2,4,Provincia Autonoma Trento,P.A. Trento,541380,36500,6.74,0.43
918,2021-02-13,PAT,536,333,203,373,4,0,0,1,0,158,0,0,0,171,365,ITH,ITH2,4,Provincia Autonoma Trento,P.A. Trento,541380,37036,6.84,0.1
919,2021-03-27,PAT,1612,707,905,271,362,0,165,12,352,61,227,135,27,1360,252,ITH,ITH2,4,Provincia Autonoma Trento,P.A. Trento,541380,38648,7.14,0.3
920,2021-02-12,PAT,1010,340,670,335,54,55,0,2,9,553,0,0,2,589,421,ITH,ITH2,4,Provincia Autonoma Trento,P.A. Trento,541380,39658,7.33,0.19
921,2021-03-20,PAT,871,402,469,154,97,0,69,0,343,78,127,0,3,670,201,ITH,ITH2,4,Provincia Autonoma Trento,P.A. Trento,541380,40529,7.49,0.16
922,2021-03-10,PAT,2398,925,1473,356,36,25,316,4,10,1421,2,221,7,1477,921,ITH,ITH2,4,Provincia Autonoma Trento,P.A. Trento,541380,42927,7.93,0.44
923,2021-05-07,PAT,2788,1405,1383,50,55,0,66,538,294,363,244,83,1095,2297,491,ITH,ITH2,4,Provincia Autonoma Trento,P.A. Trento,541380,45715,8.44,0.51
924,2021-01-09,PAT,190,40,150,146,13,31,0,0,0,0,0,0,0,190,0,ITH,ITH2,4,Provincia Autonoma Trento,P.A. Trento,541380,45905,8.48,0.04
925,2021-03-08,PAT,1398,433,965,65,15,0,277,2,6,1017,1,7,8,1045,353,ITH,ITH2,4,Provincia Autonoma Trento,P.A. Trento,541380,47303,8.74,0.26
926,2021-03-29,PAT,2452,957,1495,98,30,5,91,33,802,1004,99,4,286,1717,735,ITH,ITH2,4,Provincia Autonoma Trento,P.A. Trento,541380,49755,9.19,0.45
927,2021-04-17,PAT,2201,1119,1082,13,2,0,0,146,1503,77,451,0,9,2144,57,ITH,ITH2,4,Provincia Autonoma Trento,P.A. Trento,541380,51956,9.6,0.41
928,2021-01-22,PAT,1668,433,1235,904,121,631,3,3,5,1,0,0,0,329,1339,ITH,ITH2,4,Provincia Autonoma Trento,P.A. Trento,541380,53624,9.91,0.31
929,2021-02-16,PAT,663,244,419,73,2,3,10,0,8,563,0,0,4,658,5,ITH,ITH2,4,Provincia Autonoma Trento,P.A. Trento,541380,54287,10.03,0.12
930,2021-02-24,PAT,1318,523,795,236,5,29,66,4,2,974,1,1,0,922,396,ITH,ITH2,4,Provincia Autonoma Trento,P.A. Trento,541380,55605,10.27,0.24
931,2021-01-23,PAT,577,334,243,487,2,88,0,0,0,0,0,0,0,388,189,ITH,ITH2,4,Provincia Autonoma Trento,P.A. Trento,541380,56182,10.38,0.11
932,2021-03-17,PAT,2075,795,1280,399,15,55,10,4,279,1270,23,1,19,1202,873,ITH,ITH2,4,Provincia Autonoma Trento,P.A. Trento,541380,58257,10.76,0.38
933,2021-03-02,PAT,1302,440,862,138,16,55,146,4,9,925,1,1,7,926,376,ITH,ITH2,4,Provincia Autonoma Trento,P.A. Trento,541380,59559,11.0,0.24
934,2021-02-26,PAT,1218,435,783,250,12,19,105,3,2,823,0,1,3,923,295,ITH,ITH2,4,Provincia Autonoma Trento,P.A. Trento,541380,60777,11.23,0.22
935,2021-04-07,PAT,2590,1008,1582,264,27,29,101,19,630,1364,131,10,15,1650,940,ITH,ITH2,4,Provincia Autonoma Trento,P.A. Trento,541380,63367,11.7,0.48
936,2021-04-08,PAT,3112,1293,1819,184,25,46,38,57,1023,1414,307,3,15,1994,1118,ITH,ITH2,4,Provincia Autonoma Trento,P.A. Trento,541380,66479,12.28,0.57
937,2021-03-13,PAT,829,380,449,203,15,30,259,0,0,44,0,278,0,781,48,ITH,ITH2,4,Provincia Autonoma Trento,P.A. Trento,541380,67308,12.43,0.15
938,2021-01-08,PAT,1449,313,1136,775,128,530,0,0,7,7,0,0,2,1449,0,ITH,ITH2,4,Provincia Autonoma Trento,P.A. Trento,541380,68757,12.7,0.27
939,2021-04-11,PAT,2335,1133,1202,45,57,8,177,26,1754,21,235,7,5,2244,91,ITH,ITH2,4,Provincia Autonoma Trento,P.A. Trento,541380,71092,13.13,0.43
940,2020-12-31,PAT,1624,449,1175,841,105,676,0,0,1,1,0,0,0,1624,0,ITH,ITH2,4,Provincia Autonoma Trento,P.A. Trento,541380,72716,13.43,0.3
941,2021-02-15,PAT,533,187,346,145,21,27,11,1,1,322,0,0,5,419,114,ITH,ITH2,4,Provincia Autonoma Trento,P.A. Trento,541380,73249,13.53,0.1
942,2021-03-01,PAT,1237,454,783,74,1,10,95,5,8,1037,0,3,4,942,295,ITH,ITH2,4,Provincia Autonoma Trento,P.A. Trento,541380,74486,13.76,0.23
943,2021-02-09,PAT,914,287,627,447,8,73,0,2,1,381,0,0,2,441,473,ITH,ITH2,4,Provincia Autonoma Trento,P.A. Trento,541380,75400,13.93,0.17
944,2021-04-22,PAT,3127,1459,1668,74,49,8,0,1318,900,242,519,2,15,3081,46,ITH,ITH2,4,Provincia Autonoma Trento,P.A. Trento,541380,78527,14.5,0.58
945,2021-03-06,PAT,773,277,496,362,11,0,195,3,0,195,0,5,2,622,151,ITH,ITH2,4,Provincia Autonoma Trento,P.A. Trento,541380,79300,14.65,0.14
946,2021-04-30,PAT,4826,2353,2473,61,126,14,30,2789,890,172,580,3,161,4671,155,ITH,ITH2,4,Provincia Autonoma Trento,P.A. Trento,541380,84126,15.54,0.89
947,2021-01-06,PAT,42,13,29,42,0,0,0,0,0,0,0,0,0,42,0,ITH,ITH2,4,Provincia Autonoma Trento,P.A. Trento,541380,84168,15.55,0.01
948,2021-01-18,PAT,643,154,489,529,35,73,0,1,0,1,0,0,4,588,55,ITH,ITH2,4,Provincia Autonoma Trento,P.A. Trento,541380,84811,15.67,0.12
949,2021-01-05,PAT,709,232,477,495,46,162,0,1,1,0,0,0,4,709,0,ITH,ITH2,4,Provincia Autonoma Trento,P.A. Trento,541380,85520,15.8,0.13
950,2021-05-05,PAT,4878,2531,2347,137,133,11,87,1708,678,84,241,222,1577,4591,287,ITH,ITH2,4,Provincia Autonoma Trento,P.A. Trento,541380,90398,16.7,0.9
951,2021-04-20,PAT,2860,1369,1491,40,20,0,4,942,1274,175,388,2,15,2820,40,ITH,ITH2,4,Provincia Autonoma Trento,P.A. Trento,541380,93258,17.23,0.53
952,2021-03-26,PAT,3150,1226,1924,136,178,108,554,30,1096,901,63,46,38,2551,599,ITH,ITH2,4,Provincia Autonoma Trento,P.A. Trento,541380,96408,17.81,0.58
953,2021-04-23,PAT,3580,1740,1840,33,16,20,9,1590,798,200,886,1,27,3522,58,ITH,ITH2,4,Provincia Autonoma Trento,P.A. Trento,541380,99988,18.47,0.66
954,2021-02-06,PAT,574,298,276,179,0,0,0,1,0,391,0,0,3,433,141,ITH,ITH2,4,Provincia Autonoma Trento,P.A. Trento,541380,100562,18.58,0.11
955,2021-02-21,PAT,155,92,63,154,0,0,1,0,0,0,0,0,0,43,112,ITH,ITH2,4,Provincia Autonoma Trento,P.A. Trento,541380,100717,18.6,0.03
956,2021-01-20,PAT,291,73,218,232,10,48,0,0,0,0,0,0,1,279,12,ITH,ITH2,4,Provincia Autonoma Trento,P.A. Trento,541380,101008,18.66,0.05
957,2021-01-02,PAT,502,143,359,336,21,141,0,0,0,3,0,0,1,502,0,ITH,ITH2,4,Provincia Autonoma Trento,P.A. Trento,541380,101510,18.75,0.09
958,2021-04-01,PAT,2893,1228,1665,192,137,8,125,35,503,1644,120,24,105,1798,1095,ITH,ITH2,4,Provincia Autonoma Trento,P.A. Trento,541380,104403,19.28,0.53
959,2021-03-11,PAT,2293,851,1442,105,50,41,391,8,13,1587,22,59,17,1471,822,ITH,ITH2,4,Provincia Autonoma Trento,P.A. Trento,541380,106696,19.71,0.42
960,2021-02-02,PAT,907,240,667,507,33,189,0,2,5,170,0,0,1,190,717,ITH,ITH2,4,Provincia Autonoma Trento,P.A. Trento,541380,107603,19.88,0.17
961,2021-01-11,PAT,730,221,509,523,49,153,0,1,0,0,0,0,4,730,0,ITH,ITH2,4,Provincia Autonoma Trento,P.A. Trento,541380,108333,20.01,0.13
962,2021-04-18,PAT,1853,844,1009,10,54,4,3,1025,509,23,219,0,6,1845,8,ITH,ITH2,4,Provincia Autonoma Trento,P.A. Trento,541380,110186,20.35,0.34
963,2021-01-15,PAT,594,131,463,463,18,111,0,0,1,0,0,0,1,594,0,ITH,ITH2,4,Provincia Autonoma Trento,P.A. Trento,541380,110780,20.46,0.11
964,2021-05-04,PAT,4457,2416,2041,38,65,27,26,1575,441,81,365,182,1657,4368,89,ITH,ITH2,4,Provincia Autonoma Trento,P.A. Trento,541380,115237,21.29,0.82
965,2021-04-21,PAT,2892,1348,1544,47,12,3,1,1176,920,195,532,0,6,2837,55,ITH,ITH2,4,Provincia Autonoma Trento,P.A. Trento,541380,118129,21.82,0.53
966,2021-02-17,PAT,1110,425,685,326,9,35,12,3,11,709,0,3,2,1020,90,ITH,ITH2,4,Provincia Autonoma Trento,P.A. Trento,541380,119239,22.03,0.21
967,2021-03-23,PAT,2439,941,1498,146,111,71,163,7,845,1011,35,34,16,1699,740,ITH,ITH2,4,Provincia Autonoma Trento,P.A. Trento,541380,121678,22.48,0.45
968,2021-03-24,PAT,2374,940,1434,206,90,42,225,6,237,1450,66,42,10,1554,820,ITH,ITH2,4,Provincia Autonoma Trento,P.A. Trento,541380,124052,22.91,0.44
969,2020-12-27,PAT,103,40,63,76,4,21,0,0,0,0,0,0,2,103,0,ITH,ITH2,4,Provincia Autonoma Trento,P.A. Trento,541380,124155,22.93,0.02
970,2021-03-14,PAT,107,65,42,102,0,0,5,0,0,0,0,0,0,20,87,ITH,ITH2,4,Provincia Autonoma Trento,P.A. Trento,541380,124262,22.95,0.02
971,2021-04-24,PAT,3441,1654,1787,3,30,3,2,2125,338,43,884,0,13,3422,19,ITH,ITH2,4,Provincia Autonoma Trento,P.A. Trento,541380,127703,23.59,0.64
972,2021-04-27,PAT,3862,1861,2001,26,104,1,5,2093,902,147,529,16,39,3797,65,ITH,ITH2,4,Provincia Autonoma Trento,P.A. Trento,541380,131565,24.3,0.71
973,2021-01-10,PAT,84,19,65,54,18,12,0,0,0,0,0,0,0,84,0,ITH,ITH2,4,Provincia Autonoma Trento,P.A. Trento,541380,131649,24.32,0.02
974,2021-01-31,PAT,75,15,60,55,13,6,0,1,0,0,0,0,0,1,74,ITH,ITH2,4,Provincia Autonoma Trento,P.A. Trento,541380,131724,24.33,0.01
975,2021-02-10,PAT,851,291,560,311,7,51,0,1,0,481,0,0,0,509,342,ITH,ITH2,4,Provincia Autonoma Trento,P.A. Trento,541380,132575,24.49,0.16
976,2021-04-02,PAT,2774,1140,1634,152,65,44,298,58,1168,689,133,15,152,2110,664,ITH,ITH2,4,Provincia Autonoma Trento,P.A. Trento,541380,135349,25.0,0.51
977,2021-01-12,PAT,505,158,347,418,25,61,0,0,0,0,0,0,1,505,0,ITH,ITH2,4,Provincia Autonoma Trento,P.A. Trento,541380,135854,25.09,0.09
978,2021-01-01,PAT,213,50,163,114,11,88,0,0,0,0,0,0,0,213,0,ITH,ITH2,4,Provincia Autonoma Trento,P.A. Trento,541380,136067,25.13,0.04
979,2021-02-11,PAT,1132,365,767,332,3,48,0,0,5,739,0,0,5,796,336,ITH,ITH2,4,Provincia Autonoma Trento,P.A. Trento,541380,137199,25.34,0.21
980,2021-03-09,PAT,1579,588,991,98,44,31,199,2,8,1102,1,92,2,936,643,ITH,ITH2,4,Provincia Autonoma Trento,P.A. Trento,541380,138778,25.63,0.29
981,2021-04-12,PAT,3077,1401,1676,136,35,31,365,76,1319,754,318,12,31,2582,495,ITH,ITH2,4,Provincia Autonoma Trento,P.A. Trento,541380,141855,26.2,0.57
982,2021-02-01,PAT,1220,335,885,767,70,375,0,1,1,0,0,0,6,92,1128,ITH,ITH2,4,Provincia Autonoma Trento,P.A. Trento,541380,143075,26.43,0.23
983,2021-03-12,PAT,2493,931,1562,207,254,106,557,9,26,1120,5,203,6,1688,805,ITH,ITH2,4,Provincia Autonoma Trento,P.A. Trento,541380,145568,26.89,0.46
984,2021-01-07,PAT,1270,310,960,649,46,557,0,1,4,13,0,0,0,1270,0,ITH,ITH2,4,Provincia Autonoma Trento,P.A. Trento,541380,146838,27.12,0.23
985,2021-02-27,PAT,1025,456,569,459,5,2,113,0,2,435,0,4,5,604,421,ITH,ITH2,4,Provincia Autonoma Trento,P.A. Trento,541380,147863,27.31,0.19
986,2021-02-20,PAT,406,245,161,330,10,30,31,0,0,1,0,3,1,122,284,ITH,ITH2,4,Provincia Autonoma Trento,P.A. Trento,541380,148269,27.39,0.07
987,2021-01-25,PAT,817,215,602,524,27,263,0,0,0,2,0,0,1,23,794,ITH,ITH2,4,Provincia Autonoma Trento,P.A. Trento,541380,149086,27.54,0.15
988,2021-02-08,PAT,1151,318,833,551,53,237,1,1,4,303,0,0,1,342,809,ITH,ITH2,4,Provincia Autonoma Trento,P.A. Trento,541380,150237,27.75,0.21
989,2021-03-31,PAT,2552,983,1569,147,34,5,227,26,480,1474,101,6,52,1695,857,ITH,ITH2,4,Provincia Autonoma Trento,P.A. Trento,541380,152789,28.22,0.47
990,2021-02-05,PAT,801,271,530,466,19,66,0,1,0,248,0,0,1,283,518,ITH,ITH2,4,Provincia Autonoma Trento,P.A. Trento,541380,153590,28.37,0.15
991,2021-04-10,PAT,2790,1306,1484,21,8,1,188,42,2183,67,257,11,12,1996,794,ITH,ITH2,4,Provincia Autonoma Trento,P.A. Trento,541380,156380,28.89,0.52
992,2021-04-16,PAT,2828,1340,1488,84,28,25,8,224,1246,389,799,2,23,2683,145,ITH,ITH2,4,Provincia Autonoma Trento,P.A. Trento,541380,159208,29.41,0.52
993,2021-02-04,PAT,973,304,669,544,10,89,0,1,2,325,0,0,2,420,553,ITH,ITH2,4,Provincia Autonoma Trento,P.A. Trento,541380,160181,29.59,0.18
994,2021-03-22,PAT,2304,972,1332,82,132,8,103,11,849,994,61,38,26,1429,875,ITH,ITH2,4,Provincia Autonoma Trento,P.A. Trento,541380,162485,30.01,0.43
995,2021-01-17,PAT,251,195,56,251,0,0,0,0,0,0,0,0,0,251,0,ITH,ITH2,4,Provincia Autonoma Trento,P.A. Trento,541380,162736,30.06,0.05
996,2021-01-16,PAT,319,148,171,304,0,15,0,0,0,0,0,0,0,319,0,ITH,ITH2,4,Provincia Autonoma Trento,P.A. Trento,541380,163055,30.12,0.06
997,2021-02-18,PAT,1205,426,779,300,25,35,55,2,3,782,0,3,0,1143,62,ITH,ITH2,4,Provincia Autonoma Trento,P.A. Trento,541380,164260,30.34,0.22
998,2021-05-02,PAT,3511,1954,1557,18,137,0,3,1509,149,21,252,128,1294,3471,40,ITH,ITH2,4,Provincia Autonoma Trento,P.A. Trento,541380,167771,30.99,0.65
999,2021-02-28,PAT,242,121,121,231,0,0,11,0,0,0,0,0,0,242,0,ITH,ITH2,4,Provincia Autonoma Trento,P.A. Trento,541380,168013,31.03,0.04
1000,2021-04-06,PAT,2257,949,1308,40,6,9,101,11,850,1069,141,18,12,1489,768,ITH,ITH2,4,Provincia Autonoma Trento,P.A. Trento,541380,170270,31.45,0.42
1001,2021-03-28,PAT,746,290,456,18,413,0,2,9,18,8,167,107,4,743,3,ITH,ITH2,4,Provincia Autonoma Trento,P.A. Trento,541380,171016,31.59,0.14
1002,2021-04-03,PAT,1133,471,662,143,266,0,31,10,146,60,365,107,5,966,167,ITH,ITH2,4,Provincia Autonoma Trento,P.A. Trento,541380,172149,31.8,0.21
1003,2021-02-22,PAT,745,259,486,119,4,70,45,1,4,501,0,0,1,661,84,ITH,ITH2,4,Provincia Autonoma Trento,P.A. Trento,541380,172894,31.94,0.14
1004,2021-04-26,PAT,2636,1243,1393,18,12,0,10,667,1147,148,618,1,15,2545,91,ITH,ITH2,4,Provincia Autonoma Trento,P.A. Trento,541380,175530,32.42,0.49
1005,2021-03-19,PAT,2423,915,1508,321,70,53,68,17,758,1065,50,2,19,1571,852,ITH,ITH2,4,Provincia Autonoma Trento,P.A. Trento,541380,177953,32.87,0.45
1006,2021-02-19,PAT,927,358,569,169,38,93,28,5,11,582,0,1,0,869,58,ITH,ITH2,4,Provincia Autonoma Trento,P.A. Trento,541380,178880,33.04,0.17
1007,2021-01-28,PAT,530,147,383,390,29,107,0,1,1,2,0,0,0,48,482,ITH,ITH2,4,Provincia Autonoma Trento,P.A. Trento,541380,179410,33.14,0.1
1008,2021-03-16,PAT,1391,506,885,221,7,36,5,1,24,1073,11,0,13,608,783,ITH,ITH2,4,Provincia Autonoma Trento,P.A. Trento,541380,180801,33.4,0.26
1009,2021-01-04,PAT,870,227,643,486,41,336,0,2,4,1,0,0,0,870,0,ITH,ITH2,4,Provincia Autonoma Trento,P.A. Trento,541380,181671,33.56,0.16
1010,2021-04-09,PAT,2705,1143,1562,86,27,27,196,60,1290,897,111,4,7,1506,1199,ITH,ITH2,4,Provincia Autonoma Trento,P.A. Trento,541380,184376,34.06,0.5
1011,2021-02-25,PAT,1640,643,997,120,9,32,93,2,3,1377,0,1,3,1200,440,ITH,ITH2,4,Provincia Autonoma Trento,P.A. Trento,541380,186016,34.36,0.3
1012,2021-01-03,PAT,492,160,332,419,9,63,0,0,0,0,0,0,1,492,0,ITH,ITH2,4,Provincia Autonoma Trento,P.A. Trento,541380,186508,34.45,0.09
1013,2021-04-28,PAT,4187,1945,2242,99,43,5,23,2377,897,168,532,3,40,4040,147,ITH,ITH2,4,Provincia Autonoma Trento,P.A. Trento,541380,190695,35.22,0.77
1014,2021-01-19,PAT,405,77,328,365,3,36,0,0,0,0,0,0,1,405,0,ITH,ITH2,4,Provincia Autonoma Trento,P.A. Trento,541380,191100,35.3,0.07
1015,2021-02-03,PAT,846,314,532,356,13,73,0,1,2,400,0,0,1,414,432,ITH,ITH2,4,Provincia Autonoma Trento,P.A. Trento,541380,191946,35.45,0.16
1016,2021-02-14,PAT,246,186,60,246,0,0,0,0,0,0,0,0,0,11,235,ITH,ITH2,4,Provincia Autonoma Trento,P.A. Trento,541380,192192,35.5,0.05
1017,2021-04-13,PAT,2546,1054,1492,25,12,3,389,40,1218,693,144,2,20,2039,507,ITH,ITH2,4,Provincia Autonoma Trento,P.A. Trento,541380,194738,35.97,0.47
1018,2020-12-30,PAT,7,3,4,4,1,2,0,0,0,0,0,0,0,7,0,ITH,ITH2,4,Provincia Autonoma Trento,P.A. Trento,541380,194745,35.97,0.0
1019,2021-05-03,PAT,4229,2175,2054,90,80,3,7,2060,444,115,513,135,782,4058,171,ITH,ITH2,4,Provincia Autonoma Trento,P.A. Trento,541380,198974,36.75,0.78
1020,2021-05-01,PAT,4815,2454,2361,25,71,0,4,2906,175,44,564,81,945,4777,38,ITH,ITH2,4,Provincia Autonoma Trento,P.A. Trento,541380,203789,37.64,0.89
1021,2021-03-25,PAT,2872,1103,1769,184,141,28,359,32,631,1326,83,25,63,1823,1049,ITH,ITH2,4,Provincia Autonoma Trento,P.A. Trento,541380,206661,38.17,0.53
1022,2021-03-30,PAT,2379,970,1409,71,60,53,176,18,792,1048,94,9,58,1742,637,ITH,ITH2,4,Provincia Autonoma Trento,P.A. Trento,541380,209040,38.61,0.44
1023,2021-01-26,PAT,542,154,388,441,16,84,0,0,0,0,0,0,1,27,515,ITH,ITH2,4,Provincia Autonoma Trento,P.A. Trento,541380,209582,38.71,0.1
1024,2021-01-07,LIG,3229,1095,2134,2340,315,465,4,18,5,0,0,1,81,3229,0,ITC,ITC3,7,Liguria,Liguria,1550640,3229,0.21,0.21
1025,2021-01-08,LIG,2926,999,1927,2083,343,431,4,12,0,0,0,1,52,2926,0,ITC,ITC3,7,Liguria,Liguria,1550640,6155,0.4,0.19
1026,2021-02-18,LIG,2762,1126,1636,958,195,350,2,22,7,1006,35,0,187,2431,331,ITC,ITC3,7,Liguria,Liguria,1550640,8917,0.58,0.18
1027,2021-02-19,LIG,3102,1283,1819,994,246,97,3,39,22,1450,0,4,247,2926,176,ITC,ITC3,7,Liguria,Liguria,1550640,12019,0.78,0.2
1028,2021-04-28,LIG,14444,6519,7925,276,181,85,333,3102,4047,3120,2889,59,352,6456,7988,ITC,ITC3,7,Liguria,Liguria,1550640,26463,1.71,0.93
1029,2021-04-10,LIG,7877,3556,4321,216,90,34,9,172,3954,1578,1612,6,206,6963,914,ITC,ITC3,7,Liguria,Liguria,1550640,34340,2.21,0.51
1030,2021-02-11,LIG,1971,765,1206,1249,230,456,6,2,1,0,4,0,23,1101,870,ITC,ITC3,7,Liguria,Liguria,1550640,36311,2.34,0.13
1031,2021-03-13,LIG,3826,1615,2211,332,120,72,790,100,45,1782,11,179,395,2971,855,ITC,ITC3,7,Liguria,Liguria,1550640,40137,2.59,0.25
1032,2021-01-18,LIG,2134,744,1390,1252,384,438,10,12,5,1,0,0,32,1977,157,ITC,ITC3,7,Liguria,Liguria,1550640,42271,2.73,0.14
1033,2021-02-22,LIG,3331,1464,1867,713,104,236,2,2,13,2237,0,7,17,3193,138,ITC,ITC3,7,Liguria,Liguria,1550640,45602,2.94,0.21
1034,2021-03-16,LIG,6073,2722,3351,939,176,324,6,35,77,4275,142,14,85,2349,3724,ITC,ITC3,7,Liguria,Liguria,1550640,51675,3.33,0.39
1035,2020-12-29,LIG,125,33,92,93,11,21,0,0,0,0,0,0,0,125,0,ITC,ITC3,7,Liguria,Liguria,1550640,51800,3.34,0.01
1036,2021-03-26,LIG,9122,3854,5268,602,325,65,1297,221,265,3896,1840,377,234,5968,3154,ITC,ITC3,7,Liguria,Liguria,1550640,60922,3.93,0.59
1037,2021-03-12,LIG,6152,2815,3337,1208,459,84,4,77,79,3504,53,590,94,3683,2469,ITC,ITC3,7,Liguria,Liguria,1550640,67074,4.33,0.4
1038,2021-04-02,LIG,11661,5113,6548,434,225,40,905,355,3180,3623,2464,139,296,9175,2486,ITC,ITC3,7,Liguria,Liguria,1550640,78735,5.08,0.75
1039,2021-01-16,LIG,1278,557,721,753,196,299,1,4,2,0,1,0,22,1278,0,ITC,ITC3,7,Liguria,Liguria,1550640,80013,5.16,0.08
1040,2021-04-04,LIG,756,366,390,30,0,0,0,36,64,325,222,0,79,507,249,ITC,ITC3,7,Liguria,Liguria,1550640,80769,5.21,0.05
1041,2021-01-01,LIG,144,55,89,139,5,0,0,0,0,0,0,0,0,144,0,ITC,ITC3,7,Liguria,Liguria,1550640,80913,5.22,0.01
1042,2021-01-05,LIG,2879,896,1983,2308,240,261,7,7,1,17,0,0,38,2879,0,ITC,ITC3,7,Liguria,Liguria,1550640,83792,5.4,0.19
1043,2021-04-01,LIG,12378,5468,6910,437,239,142,939,345,3490,3710,2546,188,342,9608,2770,ITC,ITC3,7,Liguria,Liguria,1550640,96170,6.2,0.8
1044,2021-01-20,LIG,1549,554,995,727,332,480,2,0,2,0,0,0,6,1537,12,ITC,ITC3,7,Liguria,Liguria,1550640,97719,6.3,0.1
1045,2021-04-03,LIG,5406,2498,2908,117,79,3,19,136,2420,1395,1125,9,103,4463,943,ITC,ITC3,7,Liguria,Liguria,1550640,103125,6.65,0.35
1046,2021-01-15,LIG,2254,753,1501,1326,349,517,2,8,1,2,1,0,48,2254,0,ITC,ITC3,7,Liguria,Liguria,1550640,105379,6.8,0.15
1047,2021-01-06,LIG,1660,616,1044,1230,142,113,3,36,10,65,0,0,61,1660,0,ITC,ITC3,7,Liguria,Liguria,1550640,107039,6.9,0.11
1048,2021-01-10,LIG,648,262,386,369,101,176,0,1,0,0,0,0,1,648,0,ITC,ITC3,7,Liguria,Liguria,1550640,107687,6.94,0.04
1049,2021-02-02,LIG,2668,1005,1663,1974,216,464,2,2,0,0,0,0,10,134,2534,ITC,ITC3,7,Liguria,Liguria,1550640,110355,7.12,0.17
1050,2021-04-07,LIG,13586,6032,7554,443,287,108,574,491,4246,4295,2631,150,361,11297,2289,ITC,ITC3,7,Liguria,Liguria,1550640,123941,7.99,0.88
1051,2021-01-28,LIG,2847,971,1876,2239,270,310,5,0,1,1,0,1,20,39,2808,ITC,ITC3,7,Liguria,Liguria,1550640,126788,8.18,0.18
1052,2021-01-02,LIG,691,245,446,595,95,0,0,0,0,0,0,0,1,691,0,ITC,ITC3,7,Liguria,Liguria,1550640,127479,8.22,0.04
1053,2021-05-05,LIG,13545,6077,7468,534,201,83,18,2571,4610,2957,2123,132,316,5170,8375,ITC,ITC3,7,Liguria,Liguria,1550640,141024,9.09,0.87
1054,2021-04-09,LIG,12374,5539,6835,529,353,97,582,441,4130,3625,2244,61,312,10646,1728,ITC,ITC3,7,Liguria,Liguria,1550640,153398,9.89,0.8
1055,2021-01-11,LIG,2654,990,1664,1992,314,315,1,7,0,0,1,0,24,2654,0,ITC,ITC3,7,Liguria,Liguria,1550640,156052,10.06,0.17
1056,2021-01-14,LIG,2982,1056,1926,1872,524,553,1,5,0,0,0,2,25,2982,0,ITC,ITC3,7,Liguria,Liguria,1550640,159034,10.26,0.19
1057,2021-03-03,LIG,4579,1846,2733,1039,202,308,4,4,5,2982,0,4,31,3554,1025,ITC,ITC3,7,Liguria,Liguria,1550640,163613,10.55,0.3
1058,2021-01-09,LIG,1335,481,854,999,131,188,2,4,0,0,0,1,10,1335,0,ITC,ITC3,7,Liguria,Liguria,1550640,164948,10.64,0.09
1059,2021-02-16,LIG,2397,954,1443,984,238,283,2,19,4,704,12,0,151,2004,393,ITC,ITC3,7,Liguria,Liguria,1550640,167345,10.79,0.15
1060,2021-04-18,LIG,2604,1160,1444,216,93,44,1,20,825,520,879,0,6,2135,469,ITC,ITC3,7,Liguria,Liguria,1550640,169949,10.96,0.17
1061,2021-05-06,LIG,14002,6192,7810,652,338,114,50,2887,4313,2807,2388,155,298,5739,8263,ITC,ITC3,7,Liguria,Liguria,1550640,183951,11.86,0.9
1062,2021-04-24,LIG,8168,3784,4384,137,116,58,4,1872,2563,1293,1900,8,217,5016,3152,ITC,ITC3,7,Liguria,Liguria,1550640,192119,12.39,0.53
1063,2021-04-29,LIG,15535,6964,8571,553,228,140,527,3459,4704,2931,2631,82,280,6722,8813,ITC,ITC3,7,Liguria,Liguria,1550640,207654,13.39,1.0
1064,2021-02-10,LIG,2300,834,1466,1357,391,513,5,6,2,5,0,0,21,1017,1283,ITC,ITC3,7,Liguria,Liguria,1550640,209954,13.54,0.15
1065,2021-01-31,LIG,624,270,354,418,71,135,0,0,0,0,0,0,0,9,615,ITC,ITC3,7,Liguria,Liguria,1550640,210578,13.58,0.04
1066,2021-02-20,LIG,1336,637,699,160,107,123,0,34,5,589,0,4,314,1335,1,ITC,ITC3,7,Liguria,Liguria,1550640,211914,13.67,0.09
1067,2021-01-21,LIG,1102,385,717,584,159,332,0,2,2,1,0,0,22,672,430,ITC,ITC3,7,Liguria,Liguria,1550640,213016,13.74,0.07
1068,2021-05-04,LIG,13525,6057,7468,476,99,107,17,2804,4454,3025,2151,89,303,5322,8203,ITC,ITC3,7,Liguria,Liguria,1550640,226541,14.61,0.87
1069,2021-02-23,LIG,3805,1559,2246,688,163,116,1,5,5,2749,42,4,32,3696,109,ITC,ITC3,7,Liguria,Liguria,1550640,230346,14.85,0.25
1070,2021-02-26,LIG,3763,1523,2240,782,147,168,2,16,26,2607,0,0,15,3435,328,ITC,ITC3,7,Liguria,Liguria,1550640,234109,15.1,0.24
1071,2021-04-30,LIG,14274,6368,7906,346,172,76,513,2956,4281,2923,2677,57,273,5706,8568,ITC,ITC3,7,Liguria,Liguria,1550640,248383,16.02,0.92
1072,2021-04-11,LIG,4248,1931,2317,67,55,24,73,66,2116,627,1175,10,35,3999,249,ITC,ITC3,7,Liguria,Liguria,1550640,252631,16.29,0.27
1073,2021-02-13,LIG,1080,508,572,543,80,148,0,0,0,257,0,2,50,800,280,ITC,ITC3,7,Liguria,Liguria,1550640,253711,16.36,0.07
1074,2021-02-24,LIG,3763,1560,2203,806,193,153,1,2,6,2583,1,0,18,3505,258,ITC,ITC3,7,Liguria,Liguria,1550640,257474,16.6,0.24
1075,2021-03-20,LIG,2316,995,1321,224,81,0,0,12,44,1857,12,67,19,1142,1174,ITC,ITC3,7,Liguria,Liguria,1550640,259790,16.75,0.15
1076,2021-02-17,LIG,2625,1165,1460,885,202,261,1,15,8,1121,0,8,124,2262,363,ITC,ITC3,7,Liguria,Liguria,1550640,262415,16.92,0.17
1077,2021-03-06,LIG,3301,1841,1460,377,150,120,1,58,6,1537,0,559,493,2597,704,ITC,ITC3,7,Liguria,Liguria,1550640,265716,17.14,0.21
1078,2021-01-25,LIG,2717,888,1829,2208,175,317,2,5,1,0,0,0,9,471,2246,ITC,ITC3,7,Liguria,Liguria,1550640,268433,17.31,0.18
1079,2021-04-12,LIG,12373,5469,6904,529,227,111,45,540,4163,4211,2154,68,325,10356,2017,ITC,ITC3,7,Liguria,Liguria,1550640,280806,18.11,0.8
1080,2021-02-12,LIG,1921,687,1234,872,203,394,1,2,1,431,0,7,10,896,1025,ITC,ITC3,7,Liguria,Liguria,1550640,282727,18.23,0.12
1081,2021-03-10,LIG,5879,2840,3039,826,352,95,1,23,28,3752,43,610,149,3973,1906,ITC,ITC3,7,Liguria,Liguria,1550640,288606,18.61,0.38
1082,2021-04-22,LIG,13801,6188,7613,530,166,50,534,2709,3374,3002,2957,135,344,8737,5064,ITC,ITC3,7,Liguria,Liguria,1550640,302407,19.5,0.89
1083,2021-03-27,LIG,3920,1538,2382,176,175,36,706,26,89,2057,502,92,61,2525,1395,ITC,ITC3,7,Liguria,Liguria,1550640,306327,19.75,0.25
1084,2021-03-31,LIG,11844,5207,6637,527,179,103,879,352,2612,4217,2444,219,312,9074,2770,ITC,ITC3,7,Liguria,Liguria,1550640,318171,20.52,0.76
1085,2021-05-02,LIG,3872,1768,2104,51,20,2,1,275,2277,402,786,2,56,500,3372,ITC,ITC3,7,Liguria,Liguria,1550640,322043,20.77,0.25
1086,2021-04-08,LIG,13718,6152,7566,685,322,109,651,461,4357,3929,2791,76,337,11674,2044,ITC,ITC3,7,Liguria,Liguria,1550640,335761,21.65,0.88
1087,2021-03-02,LIG,4074,1689,2385,727,93,76,4,8,16,3089,42,3,16,3764,310,ITC,ITC3,7,Liguria,Liguria,1550640,339835,21.92,0.26
1088,2021-03-01,LIG,3500,1427,2073,528,81,106,1,4,6,2751,0,0,23,3378,122,ITC,ITC3,7,Liguria,Liguria,1550640,343335,22.14,0.23
1089,2021-03-30,LIG,12143,5377,6766,484,255,152,850,317,2406,4296,2815,279,289,8754,3389,ITC,ITC3,7,Liguria,Liguria,1550640,355478,22.92,0.78
1090,2021-03-08,LIG,5622,2456,3166,1124,319,80,7,35,15,3570,11,384,77,3933,1689,ITC,ITC3,7,Liguria,Liguria,1550640,361100,23.29,0.36
1091,2021-05-07,LIG,7505,3332,4173,334,132,28,4,1101,2572,1659,1250,96,329,2773,4732,ITC,ITC3,7,Liguria,Liguria,1550640,368605,23.77,0.48
1092,2021-04-17,LIG,7253,3176,4077,177,153,106,4,1232,2595,1493,1320,8,165,6521,732,ITC,ITC3,7,Liguria,Liguria,1550640,375858,24.24,0.47
1093,2021-03-17,LIG,5553,2369,3184,782,156,93,8,20,74,4260,109,4,47,2474,3079,ITC,ITC3,7,Liguria,Liguria,1550640,381411,24.6,0.36
1094,2021-02-04,LIG,2815,985,1830,1866,461,471,8,0,0,0,0,1,8,179,2636,ITC,ITC3,7,Liguria,Liguria,1550640,384226,24.78,0.18
1095,2021-01-23,LIG,809,295,514,633,129,43,1,2,1,0,0,0,0,153,656,ITC,ITC3,7,Liguria,Liguria,1550640,385035,24.83,0.05
1096,2021-04-06,LIG,13170,5856,7314,543,269,208,553,373,4063,4151,2496,134,380,10930,2240,ITC,ITC3,7,Liguria,Liguria,1550640,398205,25.68,0.85
1097,2021-02-15,LIG,2264,839,1425,1091,217,241,2,12,1,664,0,1,35,1867,397,ITC,ITC3,7,Liguria,Liguria,1550640,400469,25.83,0.15
1098,2021-02-28,LIG,1060,581,479,12,2,4,0,63,7,474,0,0,498,1051,9,ITC,ITC3,7,Liguria,Liguria,1550640,401529,25.89,0.07
1099,2020-12-30,LIG,12,5,7,12,0,0,0,0,0,0,0,0,0,12,0,ITC,ITC3,7,Liguria,Liguria,1550640,401541,25.9,0.0
1100,2021-02-09,LIG,1906,684,1222,1089,325,455,22,2,0,0,0,0,13,256,1650,ITC,ITC3,7,Liguria,Liguria,1550640,403447,26.02,0.12
1101,2021-03-22,LIG,7653,3394,4259,579,192,83,877,122,96,4086,1107,370,141,4720,2933,ITC,ITC3,7,Liguria,Liguria,1550640,411100,26.51,0.49
1102,2021-01-17,LIG,861,300,561,516,30,262,1,4,2,0,0,0,46,861,0,ITC,ITC3,7,Liguria,Liguria,1550640,411961,26.57,0.06
1103,2021-04-26,LIG,10403,4888,5515,350,111,123,3,3401,2499,1363,2337,58,158,7789,2614,ITC,ITC3,7,Liguria,Liguria,1550640,422364,27.24,0.67
1104,2021-02-07,LIG,407,153,254,191,18,187,0,0,0,0,9,0,2,2,405,ITC,ITC3,7,Liguria,Liguria,1550640,422771,27.26,0.03
1105,2021-03-11,LIG,6348,3053,3295,1146,170,262,2,42,39,3800,90,720,77,4342,2006,ITC,ITC3,7,Liguria,Liguria,1550640,429119,27.67,0.41
1106,2021-04-05,LIG,3976,1751,2225,188,44,10,10,141,921,2211,338,5,108,2327,1649,ITC,ITC3,7,Liguria,Liguria,1550640,433095,27.93,0.26
1107,2021-01-04,LIG,2616,854,1762,2198,158,176,3,22,3,0,1,0,55,2616,0,ITC,ITC3,7,Liguria,Liguria,1550640,435711,28.1,0.17
1108,2021-05-03,LIG,13202,5903,7299,338,192,90,24,3649,3299,2936,2317,92,265,6415,6787,ITC,ITC3,7,Liguria,Liguria,1550640,448913,28.95,0.85
1109,2021-04-25,LIG,1936,921,1015,12,2,0,0,676,739,162,340,0,5,1521,415,ITC,ITC3,7,Liguria,Liguria,1550640,450849,29.08,0.12
1110,2021-04-23,LIG,14617,6623,7994,352,221,72,544,3310,3463,3261,3015,90,289,8522,6095,ITC,ITC3,7,Liguria,Liguria,1550640,465466,30.02,0.94
1111,2020-12-31,LIG,989,354,635,751,34,155,0,4,10,28,0,0,7,989,0,ITC,ITC3,7,Liguria,Liguria,1550640,466455,30.08,0.06
1112,2021-03-15,LIG,7301,3075,4226,819,338,106,962,126,83,3782,628,304,153,4597,2704,ITC,ITC3,7,Liguria,Liguria,1550640,473756,30.55,0.47
1113,2021-02-21,LIG,869,491,378,183,21,102,0,38,4,267,0,0,254,865,4,ITC,ITC3,7,Liguria,Liguria,1550640,474625,30.61,0.06
1114,2021-02-06,LIG,1891,767,1124,1309,186,375,1,0,1,0,0,0,19,145,1746,ITC,ITC3,7,Liguria,Liguria,1550640,476516,30.73,0.12
1115,2021-01-13,LIG,2756,1014,1742,1914,307,487,4,8,7,1,0,0,28,2756,0,ITC,ITC3,7,Liguria,Liguria,1550640,479272,30.91,0.18
1116,2021-04-13,LIG,13047,5857,7190,515,227,112,103,593,4633,4364,2139,88,273,11028,2019,ITC,ITC3,7,Liguria,Liguria,1550640,492319,31.75,0.84
1117,2021-01-03,LIG,734,230,504,658,62,0,1,2,0,0,0,0,11,734,0,ITC,ITC3,7,Liguria,Liguria,1550640,493053,31.8,0.05
1118,2021-04-16,LIG,11914,5253,6661,490,249,113,43,1840,3396,3453,2036,77,217,10103,1811,ITC,ITC3,7,Liguria,Liguria,1550640,504967,32.57,0.77
1119,2021-01-19,LIG,1370,437,933,718,313,329,3,1,0,0,0,0,6,1280,90,ITC,ITC3,7,Liguria,Liguria,1550640,506337,32.65,0.09
1120,2021-01-30,LIG,1661,567,1094,1261,121,257,2,6,0,0,0,0,14,25,1636,ITC,ITC3,7,Liguria,Liguria,1550640,507998,32.76,0.11
1121,2021-04-20,LIG,14209,6503,7706,460,131,171,378,3169,3309,3466,2790,18,317,9860,4349,ITC,ITC3,7,Liguria,Liguria,1550640,522207,33.68,0.92
1122,2021-02-05,LIG,2674,986,1688,1744,417,494,4,1,1,0,0,0,13,304,2370,ITC,ITC3,7,Liguria,Liguria,1550640,524881,33.85,0.17
1123,2021-02-03,LIG,2316,792,1524,1628,224,416,1,7,4,0,0,0,36,55,2261,ITC,ITC3,7,Liguria,Liguria,1550640,527197,34.0,0.15
1124,2020-12-28,LIG,80,30,50,77,0,0,0,1,0,1,0,0,1,80,0,ITC,ITC3,7,Liguria,Liguria,1550640,527277,34.0,0.01
1125,2021-05-01,LIG,7105,3244,3861,167,63,24,3,691,3847,922,1231,6,151,1303,5802,ITC,ITC3,7,Liguria,Liguria,1550640,534382,34.46,0.46
1126,2021-03-24,LIG,8925,3829,5096,524,236,103,1337,154,140,4342,1378,556,155,5636,3289,ITC,ITC3,7,Liguria,Liguria,1550640,543307,35.04,0.58
1127,2021-03-23,LIG,9029,4080,4949,662,222,126,1311,150,103,4052,1657,583,163,5820,3209,ITC,ITC3,7,Liguria,Liguria,1550640,552336,35.62,0.58
1128,2021-02-25,LIG,3453,1349,2104,555,138,92,1,7,2,2586,42,2,28,3323,130,ITC,ITC3,7,Liguria,Liguria,1550640,555789,35.84,0.22
1129,2021-01-24,LIG,756,237,519,632,61,60,0,0,0,0,0,0,3,113,643,ITC,ITC3,7,Liguria,Liguria,1550640,556545,35.89,0.05
1130,2021-03-25,LIG,9586,4077,5509,660,265,172,1614,151,259,3733,2060,524,148,6195,3391,ITC,ITC3,7,Liguria,Liguria,1550640,566131,36.51,0.62
1131,2021-03-07,LIG,1857,1084,773,184,200,258,1,29,3,509,0,404,269,1556,301,ITC,ITC3,7,Liguria,Liguria,1550640,567988,36.63,0.12
1132,2021-04-14,LIG,13009,5650,7359,461,291,125,61,566,4738,4359,2128,38,242,10808,2201,ITC,ITC3,7,Liguria,Liguria,1550640,580997,37.47,0.84
1133,2020-12-27,LIG,135,56,79,88,0,45,0,0,0,0,0,0,2,135,0,ITC,ITC3,7,Liguria,Liguria,1550640,581132,37.48,0.01
1134,2021-01-27,LIG,1744,603,1141,1337,169,226,1,0,0,0,0,0,11,141,1603,ITC,ITC3,7,Liguria,Liguria,1550640,582876,37.59,0.11
1135,2021-04-19,LIG,12789,5610,7179,551,168,101,247,2647,2919,3339,2559,35,223,8981,3808,ITC,ITC3,7,Liguria,Liguria,1550640,595665,38.41,0.82
1136,2021-03-04,LIG,4736,2117,2619,922,171,289,4,3,8,2922,42,327,48,3891,845,ITC,ITC3,7,Liguria,Liguria,1550640,600401,38.72,0.31
1137,2021-03-09,LIG,5931,2753,3178,1034,324,132,1,51,45,3586,42,630,86,4502,1429,ITC,ITC3,7,Liguria,Liguria,1550640,606332,39.1,0.38
1138,2021-03-14,LIG,1658,752,906,66,68,176,431,70,13,577,3,52,202,1054,604,ITC,ITC3,7,Liguria,Liguria,1550640,607990,39.21,0.11
1139,2021-04-21,LIG,14221,6421,7800,518,195,61,498,2661,3510,3661,2753,78,286,8898,5323,ITC,ITC3,7,Liguria,Liguria,1550640,622211,40.13,0.92
1140,2021-02-14,LIG,233,122,111,31,0,112,0,0,0,60,0,0,30,233,0,ITC,ITC3,7,Liguria,Liguria,1550640,622444,40.14,0.02
1141,2021-04-27,LIG,14722,6671,8051,324,171,103,320,3771,3740,3273,2728,42,250,7144,7578,ITC,ITC3,7,Liguria,Liguria,1550640,637166,41.09,0.95
1142,2021-01-26,LIG,2484,803,1681,1965,253,252,5,1,0,0,1,0,7,13,2471,ITC,ITC3,7,Liguria,Liguria,1550640,639650,41.25,0.16
1143,2021-03-29,LIG,10442,4511,5931,467,259,119,884,255,1567,3962,2396,205,328,7312,3130,ITC,ITC3,7,Liguria,Liguria,1550640,650092,41.92,0.67
1144,2021-01-12,LIG,2460,886,1574,1750,250,439,2,2,1,0,0,1,15,2460,0,ITC,ITC3,7,Liguria,Liguria,1550640,652552,42.08,0.16
1145,2021-03-28,LIG,1142,511,631,135,92,145,0,25,86,532,86,2,39,391,751,ITC,ITC3,7,Liguria,Liguria,1550640,653694,42.16,0.07
1146,2021-02-01,LIG,2553,918,1635,1946,202,381,1,6,0,0,1,0,16,86,2467,ITC,ITC3,7,Liguria,Liguria,1550640,656247,42.32,0.16
1147,2021-04-15,LIG,11797,5210,6587,485,257,138,58,485,3982,3708,2405,76,203,9946,1851,ITC,ITC3,7,Liguria,Liguria,1550640,668044,43.08,0.76
1148,2021-02-08,LIG,1977,742,1235,1255,367,311,7,11,4,1,0,0,21,306,1671,ITC,ITC3,7,Liguria,Liguria,1550640,670021,43.21,0.13
1149,2021-03-19,LIG,5294,2234,3060,735,202,137,83,54,80,3701,165,88,49,2149,3145,ITC,ITC3,7,Liguria,Liguria,1550640,675315,43.55,0.34
1150,2021-03-21,LIG,552,221,331,7,3,0,0,0,13,525,1,0,3,69,483,ITC,ITC3,7,Liguria,Liguria,1550640,675867,43.59,0.04
1151,2021-01-29,LIG,3079,1064,2015,2312,300,441,2,4,0,0,0,0,20,67,3012,ITC,ITC3,7,Liguria,Liguria,1550640,678946,43.78,0.2
1152,2021-02-27,LIG,1888,921,967,139,18,5,0,61,0,1205,0,0,460,1759,129,ITC,ITC3,7,Liguria,Liguria,1550640,680834,43.91,0.12
1153,2021-01-22,LIG,1814,603,1211,1065,175,565,0,2,0,1,1,0,5,1328,486,ITC,ITC3,7,Liguria,Liguria,1550640,682648,44.02,0.12
1154,2021-03-18,LIG,4982,2124,2858,636,87,98,5,63,80,3691,219,6,97,2009,2973,ITC,ITC3,7,Liguria,Liguria,1550640,687630,44.34,0.32
1155,2021-03-05,LIG,4869,2150,2719,801,221,81,5,5,8,3339,6,365,38,3737,1132,ITC,ITC3,7,Liguria,Liguria,1550640,692499,44.66,0.31
1156,2020-12-31,EMR,2207,777,1430,1676,96,330,0,9,5,13,0,0,78,2207,0,ITH,ITH5,8,Emilia-Romagna,Emilia-Romagna,4459477,2207,0.05,0.05
1157,2021-04-12,EMR,19174,8977,10197,440,170,313,62,392,4520,6699,6445,95,38,14745,4429,ITH,ITH5,8,Emilia-Romagna,Emilia-Romagna,4459477,21381,0.48,0.43
1158,2021-02-07,EMR,4793,1537,3256,3689,565,447,3,8,1,10,0,0,70,1732,3061,ITH,ITH5,8,Emilia-Romagna,Emilia-Romagna,4459477,26174,0.59,0.11
1159,2021-03-28,EMR,12798,5705,7093,290,140,50,326,60,4002,4915,2683,258,74,9245,3553,ITH,ITH5,8,Emilia-Romagna,Emilia-Romagna,4459477,38972,0.87,0.29
1160,2021-01-17,EMR,2890,887,2003,1914,378,547,4,14,5,2,0,0,26,2644,246,ITH,ITH5,8,Emilia-Romagna,Emilia-Romagna,4459477,41862,0.94,0.06
1161,2021-03-19,EMR,15500,6752,8748,1132,564,118,342,79,847,10562,959,763,134,7672,7828,ITH,ITH5,8,Emilia-Romagna,Emilia-Romagna,4459477,57362,1.29,0.35
1162,2021-04-26,EMR,27740,12870,14870,890,245,138,17,1274,8841,5588,10462,136,149,18497,9243,ITH,ITH5,8,Emilia-Romagna,Emilia-Romagna,4459477,85102,1.91,0.62
1163,2021-03-20,EMR,16073,6827,9246,702,385,98,832,57,2957,9369,941,578,154,9109,6964,ITH,ITH5,8,Emilia-Romagna,Emilia-Romagna,4459477,101175,2.27,0.36
1164,2021-04-06,EMR,24597,11101,13496,639,207,187,410,239,5965,11504,5212,86,148,19867,4730,ITH,ITH5,8,Emilia-Romagna,Emilia-Romagna,4459477,125772,2.82,0.55
1165,2021-03-05,EMR,17644,5737,11907,3087,855,272,5959,59,40,6396,109,544,323,14207,3437,ITH,ITH5,8,Emilia-Romagna,Emilia-Romagna,4459477,143416,3.22,0.4
1166,2021-01-11,EMR,9333,3269,6064,6581,1347,1267,0,25,5,4,0,0,104,9333,0,ITH,ITH5,8,Emilia-Romagna,Emilia-Romagna,4459477,152749,3.43,0.21
1167,2021-01-25,EMR,6436,2137,4299,5253,317,679,0,21,2,3,0,0,161,201,6235,ITH,ITH5,8,Emilia-Romagna,Emilia-Romagna,4459477,159185,3.57,0.14
1168,2021-04-11,EMR,15218,6907,8311,413,140,104,59,359,2376,6873,4701,77,116,12187,3031,ITH,ITH5,8,Emilia-Romagna,Emilia-Romagna,4459477,174403,3.91,0.34
1169,2021-01-30,EMR,10075,3518,6557,7566,1400,801,0,45,5,2,0,0,256,142,9933,ITH,ITH5,8,Emilia-Romagna,Emilia-Romagna,4459477,184478,4.14,0.23
1170,2021-01-21,EMR,2156,727,1429,1287,156,653,0,9,1,0,0,0,50,811,1345,ITH,ITH5,8,Emilia-Romagna,Emilia-Romagna,4459477,186634,4.19,0.05
1171,2021-04-17,EMR,26954,12896,14058,392,148,66,57,355,8438,4212,13200,24,62,17682,9272,ITH,ITH5,8,Emilia-Romagna,Emilia-Romagna,4459477,213588,4.79,0.6
1172,2021-05-07,EMR,20342,9727,10615,401,85,98,112,4582,2670,1512,10769,38,75,13159,7183,ITH,ITH5,8,Emilia-Romagna,Emilia-Romagna,4459477,233930,5.25,0.46
1173,2021-03-10,EMR,18670,7649,11021,1315,586,143,4540,28,66,10045,285,1594,68,13031,5639,ITH,ITH5,8,Emilia-Romagna,Emilia-Romagna,4459477,252600,5.66,0.42
1174,2021-04-18,EMR,17430,8363,9067,265,164,152,26,213,6263,2349,7962,15,21,12523,4907,ITH,ITH5,8,Emilia-Romagna,Emilia-Romagna,4459477,270030,6.06,0.39
1175,2021-03-06,EMR,20553,5870,14683,2717,412,49,10397,66,46,5920,111,565,270,17827,2726,ITH,ITH5,8,Emilia-Romagna,Emilia-Romagna,4459477,290583,6.52,0.46
1176,2021-04-22,EMR,28876,13365,15511,563,133,146,41,281,8346,8358,10958,13,37,14886,13990,ITH,ITH5,8,Emilia-Romagna,Emilia-Romagna,4459477,319459,7.16,0.65
1177,2021-04-04,EMR,9884,4718,5166,187,113,0,58,145,1630,4658,2876,54,163,7615,2269,ITH,ITH5,8,Emilia-Romagna,Emilia-Romagna,4459477,329343,7.39,0.22
1178,2021-03-16,EMR,12241,5025,7216,418,93,116,123,34,113,10914,391,9,30,4934,7307,ITH,ITH5,8,Emilia-Romagna,Emilia-Romagna,4459477,341584,7.66,0.27
1179,2021-01-22,EMR,1828,477,1351,942,66,722,0,19,1,10,0,0,68,1088,740,ITH,ITH5,8,Emilia-Romagna,Emilia-Romagna,4459477,343412,7.7,0.04
1180,2021-04-21,EMR,23823,10914,12909,384,89,79,48,203,7839,6765,8390,7,19,14113,9710,ITH,ITH5,8,Emilia-Romagna,Emilia-Romagna,4459477,367235,8.23,0.53
1181,2021-04-13,EMR,23550,11033,12517,480,145,186,51,345,10341,6152,5726,50,74,19267,4283,ITH,ITH5,8,Emilia-Romagna,Emilia-Romagna,4459477,390785,8.76,0.53
1182,2021-02-02,EMR,9476,3047,6429,6241,1347,1633,1,27,4,127,6,0,90,526,8950,ITH,ITH5,8,Emilia-Romagna,Emilia-Romagna,4459477,400261,8.98,0.21
1183,2021-03-14,EMR,8692,3744,4948,729,212,69,926,16,66,5530,650,407,87,4896,3796,ITH,ITH5,8,Emilia-Romagna,Emilia-Romagna,4459477,408953,9.17,0.19
1184,2021-01-31,EMR,7695,2761,4934,6174,1124,263,0,16,12,32,0,0,74,241,7454,ITH,ITH5,8,Emilia-Romagna,Emilia-Romagna,4459477,416648,9.34,0.17
1185,2021-03-17,EMR,13704,5689,8015,361,137,108,19,52,399,11882,669,1,76,5865,7839,ITH,ITH5,8,Emilia-Romagna,Emilia-Romagna,4459477,430352,9.65,0.31
1186,2021-01-06,EMR,8264,2943,5321,6853,641,649,0,13,9,44,0,1,54,8264,0,ITH,ITH5,8,Emilia-Romagna,Emilia-Romagna,4459477,438616,9.84,0.19
1187,2021-04-03,EMR,19925,8760,11165,376,192,39,428,194,2855,10578,5082,76,105,16187,3738,ITH,ITH5,8,Emilia-Romagna,Emilia-Romagna,4459477,458541,10.28,0.45
1188,2021-02-25,EMR,9228,3497,5731,799,187,157,95,47,41,7673,30,0,199,8273,955,ITH,ITH5,8,Emilia-Romagna,Emilia-Romagna,4459477,467769,10.49,0.21
1189,2021-04-24,EMR,28531,13198,15333,498,249,37,37,383,7205,8585,11412,33,92,14337,14194,ITH,ITH5,8,Emilia-Romagna,Emilia-Romagna,4459477,496300,11.13,0.64
1190,2021-01-26,EMR,8334,3000,5334,6609,537,1031,0,22,2,5,0,0,128,215,8119,ITH,ITH5,8,Emilia-Romagna,Emilia-Romagna,4459477,504634,11.32,0.19
1191,2021-02-04,EMR,9931,3203,6728,6436,1465,1675,0,39,11,160,5,0,140,1251,8680,ITH,ITH5,8,Emilia-Romagna,Emilia-Romagna,4459477,514565,11.54,0.22
1192,2021-04-27,EMR,29750,13769,15981,817,158,120,26,3364,7729,7159,9986,181,210,17333,12417,ITH,ITH5,8,Emilia-Romagna,Emilia-Romagna,4459477,544315,12.21,0.67
1193,2021-03-15,EMR,13229,6061,7168,812,461,190,537,25,101,9158,810,1075,60,6734,6495,ITH,ITH5,8,Emilia-Romagna,Emilia-Romagna,4459477,557544,12.5,0.3
1194,2021-03-29,EMR,21153,9417,11736,696,204,118,640,127,5517,9293,4249,204,105,16529,4624,ITH,ITH5,8,Emilia-Romagna,Emilia-Romagna,4459477,578697,12.98,0.47
1195,2021-01-12,EMR,9410,3111,6299,6377,1182,1690,0,31,2,33,0,0,95,9410,0,ITH,ITH5,8,Emilia-Romagna,Emilia-Romagna,4459477,588107,13.19,0.21
1196,2021-01-10,EMR,7130,2665,4465,5648,951,499,1,4,1,7,0,0,19,7130,0,ITH,ITH5,8,Emilia-Romagna,Emilia-Romagna,4459477,595237,13.35,0.16
1197,2021-03-21,EMR,11914,5269,6645,567,357,114,587,31,2734,6116,803,501,104,7310,4604,ITH,ITH5,8,Emilia-Romagna,Emilia-Romagna,4459477,607151,13.61,0.27
1198,2021-01-13,EMR,9070,2939,6131,6008,916,1745,1,39,12,91,0,0,258,9070,0,ITH,ITH5,8,Emilia-Romagna,Emilia-Romagna,4459477,616221,13.82,0.2
1199,2021-04-23,EMR,29304,13685,15619,500,113,112,54,288,7133,8969,12085,20,30,14584,14720,ITH,ITH5,8,Emilia-Romagna,Emilia-Romagna,4459477,645525,14.48,0.66
1200,2021-02-06,EMR,7598,2405,5193,5379,862,1221,0,13,4,51,0,1,67,2130,5468,ITH,ITH5,8,Emilia-Romagna,Emilia-Romagna,4459477,653123,14.65,0.17
1201,2021-02-26,EMR,7851,2989,4862,1060,360,258,312,24,28,5595,60,0,154,6805,1046,ITH,ITH5,8,Emilia-Romagna,Emilia-Romagna,4459477,660974,14.82,0.18
1202,2021-04-16,EMR,28720,13514,15206,615,153,90,71,376,10523,5828,10918,37,109,19917,8803,ITH,ITH5,8,Emilia-Romagna,Emilia-Romagna,4459477,689694,15.47,0.64
1203,2021-05-05,EMR,28640,13287,15353,1232,134,68,197,6861,4342,4149,11414,74,169,17473,11167,ITH,ITH5,8,Emilia-Romagna,Emilia-Romagna,4459477,718334,16.11,0.64
1204,2021-05-01,EMR,28351,12751,15600,596,138,9,52,4467,5016,6095,11934,19,25,15589,12762,ITH,ITH5,8,Emilia-Romagna,Emilia-Romagna,4459477,746685,16.74,0.64
1205,2021-02-05,EMR,9313,2966,6347,6217,1148,1611,1,19,9,223,3,0,82,1637,7676,ITH,ITH5,8,Emilia-Romagna,Emilia-Romagna,4459477,755998,16.95,0.21
1206,2021-01-24,EMR,2443,885,1558,2080,93,249,0,5,1,0,0,0,15,299,2144,ITH,ITH5,8,Emilia-Romagna,Emilia-Romagna,4459477,758441,17.01,0.05
1207,2021-04-02,EMR,23258,10475,12783,728,312,104,944,342,3821,10965,5728,227,87,18802,4456,ITH,ITH5,8,Emilia-Romagna,Emilia-Romagna,4459477,781699,17.53,0.52
1208,2021-02-13,EMR,3624,1085,2539,2790,382,144,0,8,7,244,0,0,49,3026,598,ITH,ITH5,8,Emilia-Romagna,Emilia-Romagna,4459477,785323,17.61,0.08
1209,2021-03-23,EMR,18691,8063,10628,1126,486,196,1362,80,3704,9340,1866,438,93,12005,6686,ITH,ITH5,8,Emilia-Romagna,Emilia-Romagna,4459477,804014,18.03,0.42
1210,2021-03-04,EMR,16409,5342,11067,2611,604,254,5453,50,55,6405,163,512,302,13406,3003,ITH,ITH5,8,Emilia-Romagna,Emilia-Romagna,4459477,820423,18.4,0.37
1211,2021-03-22,EMR,17452,7644,9808,1135,426,169,600,50,3598,9567,1242,587,78,10588,6864,ITH,ITH5,8,Emilia-Romagna,Emilia-Romagna,4459477,837875,18.79,0.39
1212,2021-04-10,EMR,20799,9242,11557,515,209,88,188,193,4088,8929,6494,24,71,16672,4127,ITH,ITH5,8,Emilia-Romagna,Emilia-Romagna,4459477,858674,19.26,0.47
1213,2021-03-24,EMR,21033,9286,11747,1214,377,124,1718,269,3449,10636,2702,394,150,13662,7371,ITH,ITH5,8,Emilia-Romagna,Emilia-Romagna,4459477,879707,19.73,0.47
1214,2021-04-29,EMR,44556,20953,23603,1393,255,79,64,7176,7526,8726,18898,70,369,27084,17472,ITH,ITH5,8,Emilia-Romagna,Emilia-Romagna,4459477,924263,20.73,1.0
1215,2021-02-08,EMR,5227,1532,3695,2840,577,1485,1,10,8,247,0,0,59,2313,2914,ITH,ITH5,8,Emilia-Romagna,Emilia-Romagna,4459477,929490,20.84,0.12
1216,2021-04-08,EMR,30660,14054,16606,2479,574,222,312,401,6640,11049,8614,135,234,25386,5274,ITH,ITH5,8,Emilia-Romagna,Emilia-Romagna,4459477,960150,21.53,0.69
1217,2021-02-22,EMR,7481,3091,4390,389,110,130,0,12,25,6797,9,0,9,7206,275,ITH,ITH5,8,Emilia-Romagna,Emilia-Romagna,4459477,967631,21.7,0.17
1218,2021-04-19,EMR,20800,9742,11058,328,108,164,25,170,8519,3396,8029,21,40,14551,6249,ITH,ITH5,8,Emilia-Romagna,Emilia-Romagna,4459477,988431,22.16,0.47
1219,2021-02-01,EMR,10318,3609,6709,7472,1502,1260,0,13,7,0,0,0,64,363,9955,ITH,ITH5,8,Emilia-Romagna,Emilia-Romagna,4459477,998749,22.4,0.23
1220,2021-05-06,EMR,34200,15713,18487,1751,439,106,208,6997,5183,3858,15520,64,74,21310,12890,ITH,ITH5,8,Emilia-Romagna,Emilia-Romagna,4459477,1032949,23.16,0.77
1221,2021-02-03,EMR,9338,2991,6347,6239,1177,1653,0,29,15,126,7,1,91,972,8366,ITH,ITH5,8,Emilia-Romagna,Emilia-Romagna,4459477,1042287,23.37,0.21
1222,2021-01-16,EMR,5625,1718,3907,3689,694,1136,1,18,2,0,0,3,82,5625,0,ITH,ITH5,8,Emilia-Romagna,Emilia-Romagna,4459477,1047912,23.5,0.13
1223,2021-03-12,EMR,18071,7527,10544,1584,898,311,3028,47,73,9902,461,1554,213,11354,6717,ITH,ITH5,8,Emilia-Romagna,Emilia-Romagna,4459477,1065983,23.9,0.41
1224,2021-04-01,EMR,23845,10723,13122,1024,267,135,994,217,4250,11359,5328,171,100,19328,4517,ITH,ITH5,8,Emilia-Romagna,Emilia-Romagna,4459477,1089828,24.44,0.53
1225,2021-01-19,EMR,2045,505,1540,747,133,1161,0,0,0,0,0,0,4,2028,17,ITH,ITH5,8,Emilia-Romagna,Emilia-Romagna,4459477,1091873,24.48,0.05
1226,2021-01-18,EMR,3126,879,2247,1681,239,1129,0,12,0,3,0,0,62,2449,677,ITH,ITH5,8,Emilia-Romagna,Emilia-Romagna,4459477,1094999,24.55,0.07
1227,2021-01-03,EMR,2754,941,1813,2504,61,170,0,3,0,0,0,0,16,2754,0,ITH,ITH5,8,Emilia-Romagna,Emilia-Romagna,4459477,1097753,24.62,0.06
1228,2021-01-04,EMR,7270,2514,4756,6173,350,578,0,16,9,43,0,1,100,7270,0,ITH,ITH5,8,Emilia-Romagna,Emilia-Romagna,4459477,1105023,24.78,0.16
1229,2021-03-08,EMR,12064,4973,7091,2308,614,324,2384,19,39,4340,82,1810,144,9393,2671,ITH,ITH5,8,Emilia-Romagna,Emilia-Romagna,4459477,1117087,25.05,0.27
1230,2021-01-15,EMR,7743,2403,5340,5303,946,1319,1,15,11,61,0,0,87,7743,0,ITH,ITH5,8,Emilia-Romagna,Emilia-Romagna,4459477,1124830,25.22,0.17
1231,2021-03-30,EMR,23268,10284,12984,870,246,164,1187,125,5417,10712,4290,140,117,18237,5031,ITH,ITH5,8,Emilia-Romagna,Emilia-Romagna,4459477,1148098,25.75,0.52
1232,2021-05-04,EMR,28311,13260,15051,654,133,94,57,5994,4911,6474,9882,38,74,14679,13632,ITH,ITH5,8,Emilia-Romagna,Emilia-Romagna,4459477,1176409,26.38,0.63
1233,2021-01-29,EMR,10409,3496,6913,8107,1084,1060,1,32,7,11,0,0,107,289,10120,ITH,ITH5,8,Emilia-Romagna,Emilia-Romagna,4459477,1186818,26.61,0.23
1234,2021-05-02,EMR,25270,11511,13759,575,122,63,58,5155,4476,6000,8685,97,39,13422,11848,ITH,ITH5,8,Emilia-Romagna,Emilia-Romagna,4459477,1212088,27.18,0.57
1235,2021-02-12,EMR,5320,1679,3641,3400,772,704,0,10,19,359,11,0,45,3917,1403,ITH,ITH5,8,Emilia-Romagna,Emilia-Romagna,4459477,1217408,27.3,0.12
1236,2021-04-09,EMR,25378,11516,13862,1371,277,196,433,263,4866,10679,7179,83,31,19730,5648,ITH,ITH5,8,Emilia-Romagna,Emilia-Romagna,4459477,1242786,27.87,0.57
1237,2021-04-15,EMR,28886,13762,15124,942,207,141,50,300,10048,5813,11224,34,127,19256,9630,ITH,ITH5,8,Emilia-Romagna,Emilia-Romagna,4459477,1271672,28.52,0.65
1238,2021-03-01,EMR,10084,3573,6511,1835,340,434,1254,25,37,5619,65,311,164,7831,2253,ITH,ITH5,8,Emilia-Romagna,Emilia-Romagna,4459477,1281756,28.74,0.23
1239,2021-04-30,EMR,36356,16665,19691,1253,255,118,100,5616,7376,7513,13754,79,292,21650,14706,ITH,ITH5,8,Emilia-Romagna,Emilia-Romagna,4459477,1318112,29.56,0.82
1240,2021-02-18,EMR,7039,2892,4147,894,180,236,0,4,13,5672,26,1,13,6456,583,ITH,ITH5,8,Emilia-Romagna,Emilia-Romagna,4459477,1325151,29.72,0.16
1241,2021-03-31,EMR,25123,10946,14177,1171,287,123,1286,188,4696,12478,4595,160,139,19666,5457,ITH,ITH5,8,Emilia-Romagna,Emilia-Romagna,4459477,1350274,30.28,0.56
1242,2021-01-09,EMR,9941,3439,6502,7865,1067,889,0,18,2,2,0,0,98,9941,0,ITH,ITH5,8,Emilia-Romagna,Emilia-Romagna,4459477,1360215,30.5,0.22
1243,2021-02-17,EMR,6538,2764,3774,804,258,404,0,10,15,4989,25,0,33,5765,773,ITH,ITH5,8,Emilia-Romagna,Emilia-Romagna,4459477,1366753,30.65,0.15
1244,2021-02-16,EMR,5766,2443,3323,745,339,437,0,8,7,4207,8,2,13,5235,531,ITH,ITH5,8,Emilia-Romagna,Emilia-Romagna,4459477,1372519,30.78,0.13
1245,2021-01-08,EMR,10835,3569,7266,8466,1135,1089,1,25,3,5,0,1,110,10835,0,ITH,ITH5,8,Emilia-Romagna,Emilia-Romagna,4459477,1383354,31.02,0.24
1246,2021-02-24,EMR,9320,3555,5765,651,156,228,63,50,29,7854,19,0,270,8443,877,ITH,ITH5,8,Emilia-Romagna,Emilia-Romagna,4459477,1392674,31.23,0.21
1247,2021-02-27,EMR,10958,3996,6962,1731,245,116,940,37,30,7755,8,0,96,9220,1738,ITH,ITH5,8,Emilia-Romagna,Emilia-Romagna,4459477,1403632,31.48,0.25
1248,2021-02-19,EMR,7327,3010,4317,821,214,257,0,4,18,5959,33,0,21,6813,514,ITH,ITH5,8,Emilia-Romagna,Emilia-Romagna,4459477,1410959,31.64,0.16
1249,2021-04-25,EMR,22299,10209,12090,776,129,6,32,254,6807,4121,9852,160,162,14800,7499,ITH,ITH5,8,Emilia-Romagna,Emilia-Romagna,4459477,1433258,32.14,0.5
1250,2021-05-03,EMR,27654,13035,14619,471,111,57,93,8651,5132,4699,8341,24,75,16808,10846,ITH,ITH5,8,Emilia-Romagna,Emilia-Romagna,4459477,1460912,32.76,0.62
1251,2021-04-05,EMR,14853,6807,8046,283,89,6,243,74,2914,7583,3593,30,38,11960,2893,ITH,ITH5,8,Emilia-Romagna,Emilia-Romagna,4459477,1475765,33.09,0.33
1252,2021-02-21,EMR,4450,1708,2742,396,108,190,0,4,11,3708,18,0,15,4010,440,ITH,ITH5,8,Emilia-Romagna,Emilia-Romagna,4459477,1480215,33.19,0.1
1253,2021-04-28,EMR,32573,15045,17528,858,144,118,148,5251,7216,6784,11726,45,283,19733,12840,ITH,ITH5,8,Emilia-Romagna,Emilia-Romagna,4459477,1512788,33.92,0.73
1254,2021-02-14,EMR,1401,378,1023,860,363,39,0,19,5,19,1,0,95,1281,120,ITH,ITH5,8,Emilia-Romagna,Emilia-Romagna,4459477,1514189,33.95,0.03
1255,2021-02-28,EMR,6822,2527,4295,1775,248,53,304,29,17,4251,8,4,133,4976,1846,ITH,ITH5,8,Emilia-Romagna,Emilia-Romagna,4459477,1521011,34.11,0.15
1256,2021-03-26,EMR,23398,9894,13504,1421,600,233,2642,174,4779,9348,3787,278,136,16965,6433,ITH,ITH5,8,Emilia-Romagna,Emilia-Romagna,4459477,1544409,34.63,0.52
1257,2021-02-09,EMR,4151,1246,2905,2219,376,1198,0,2,15,278,0,0,63,2306,1845,ITH,ITH5,8,Emilia-Romagna,Emilia-Romagna,4459477,1548560,34.73,0.09
1258,2021-01-05,EMR,9347,3167,6180,7929,552,769,0,18,4,0,1,0,74,9347,0,ITH,ITH5,8,Emilia-Romagna,Emilia-Romagna,4459477,1557907,34.93,0.21
1259,2021-01-20,EMR,1322,269,1053,392,131,787,0,0,0,1,0,0,11,1321,1,ITH,ITH5,8,Emilia-Romagna,Emilia-Romagna,4459477,1559229,34.96,0.03
1260,2021-01-02,EMR,2352,905,1447,2074,57,198,0,3,0,2,0,0,18,2352,0,ITH,ITH5,8,Emilia-Romagna,Emilia-Romagna,4459477,1561581,35.02,0.05
1261,2020-12-27,EMR,969,372,597,824,5,26,0,24,1,0,0,0,89,969,0,ITH,ITH5,8,Emilia-Romagna,Emilia-Romagna,4459477,1562550,35.04,0.02
1262,2021-04-20,EMR,22508,10350,12158,302,83,58,30,211,7739,5585,8458,21,21,14182,8326,ITH,ITH5,8,Emilia-Romagna,Emilia-Romagna,4459477,1585058,35.54,0.5
1263,2021-03-11,EMR,17215,7113,10102,1134,838,319,3835,35,52,8851,425,1532,194,11363,5852,ITH,ITH5,8,Emilia-Romagna,Emilia-Romagna,4459477,1602273,35.93,0.39
1264,2021-03-18,EMR,13672,5807,7865,449,150,94,49,47,474,10853,1358,5,193,5674,7998,ITH,ITH5,8,Emilia-Romagna,Emilia-Romagna,4459477,1615945,36.24,0.31
1265,2021-01-07,EMR,10217,3385,6832,8189,855,1068,0,20,5,3,0,0,77,10217,0,ITH,ITH5,8,Emilia-Romagna,Emilia-Romagna,4459477,1626162,36.47,0.23
1266,2021-02-23,EMR,8214,3218,4996,409,147,113,1,24,22,7455,23,0,20,7828,386,ITH,ITH5,8,Emilia-Romagna,Emilia-Romagna,4459477,1634376,36.65,0.18
1267,2021-04-07,EMR,25724,11688,14036,665,188,157,360,371,5591,12977,5237,78,100,19724,6000,ITH,ITH5,8,Emilia-Romagna,Emilia-Romagna,4459477,1660100,37.23,0.58
1268,2021-01-28,EMR,10242,3336,6906,8076,860,1126,0,28,10,0,0,0,142,351,9891,ITH,ITH5,8,Emilia-Romagna,Emilia-Romagna,4459477,1670342,37.46,0.23
1269,2021-03-03,EMR,15797,5236,10561,2533,524,154,4849,50,48,6848,95,342,354,13337,2460,ITH,ITH5,8,Emilia-Romagna,Emilia-Romagna,4459477,1686139,37.81,0.35
1270,2021-03-07,EMR,6852,2636,4216,1459,338,22,1251,10,14,2597,565,560,36,5335,1517,ITH,ITH5,8,Emilia-Romagna,Emilia-Romagna,4459477,1692991,37.96,0.15
1271,2021-01-23,EMR,2446,870,1576,1902,86,430,0,5,1,2,0,0,20,443,2003,ITH,ITH5,8,Emilia-Romagna,Emilia-Romagna,4459477,1695437,38.02,0.05
1272,2021-03-02,EMR,11812,3889,7923,1974,409,229,3047,42,40,5419,41,373,238,9791,2021,ITH,ITH5,8,Emilia-Romagna,Emilia-Romagna,4459477,1707249,38.28,0.26
1273,2021-01-14,EMR,8098,2578,5520,5400,920,1607,0,39,7,5,1,1,118,8098,0,ITH,ITH5,8,Emilia-Romagna,Emilia-Romagna,4459477,1715347,38.47,0.18
1274,2021-02-11,EMR,4247,1414,2833,2530,528,719,2,15,18,374,3,0,58,3407,840,ITH,ITH5,8,Emilia-Romagna,Emilia-Romagna,4459477,1719594,38.56,0.1
1275,2021-04-14,EMR,26876,12758,14118,674,193,138,71,528,10065,7423,7702,59,23,20816,6060,ITH,ITH5,8,Emilia-Romagna,Emilia-Romagna,4459477,1746470,39.16,0.6
1276,2021-03-13,EMR,16045,6299,9746,1251,479,81,3991,52,55,8277,566,1124,169,10733,5312,ITH,ITH5,8,Emilia-Romagna,Emilia-Romagna,4459477,1762515,39.52,0.36
1277,2021-03-25,EMR,21362,9333,12029,1103,351,165,2089,156,3063,9932,3623,725,155,14375,6987,ITH,ITH5,8,Emilia-Romagna,Emilia-Romagna,4459477,1783877,40.0,0.48
1278,2021-03-27,EMR,21529,9009,12520,756,295,48,2338,117,4190,9568,3820,242,155,14636,6893,ITH,ITH5,8,Emilia-Romagna,Emilia-Romagna,4459477,1805406,40.48,0.48
1279,2021-03-09,EMR,14634,5948,8686,1029,456,228,3582,21,56,7702,185,1332,43,10678,3956,ITH,ITH5,8,Emilia-Romagna,Emilia-Romagna,4459477,1820040,40.81,0.33
1280,2021-02-10,EMR,4012,1378,2634,2396,357,779,0,23,15,317,9,0,116,2759,1253,ITH,ITH5,8,Emilia-Romagna,Emilia-Romagna,4459477,1824052,40.9,0.09
1281,2021-01-27,EMR,8359,2947,5412,6907,653,672,0,26,4,2,0,1,94,464,7895,ITH,ITH5,8,Emilia-Romagna,Emilia-Romagna,4459477,1832411,41.09,0.19
1282,2021-02-20,EMR,5317,2094,3223,408,116,155,0,7,21,4591,5,0,14,5053,264,ITH,ITH5,8,Emilia-Romagna,Emilia-Romagna,4459477,1837728,41.21,0.12
1283,2021-02-15,EMR,2900,849,2051,1985,369,160,0,3,9,326,18,0,30,2774,126,ITH,ITH5,8,Emilia-Romagna,Emilia-Romagna,4459477,1840628,41.27,0.07
1284,2021-01-17,ABR,187,59,128,136,44,0,0,0,0,0,0,0,7,180,7,ITF,ITF1,13,Abruzzo,Abruzzo,1304970,187,0.01,0.01
1285,2021-03-17,ABR,4545,1876,2669,285,102,144,11,19,33,3876,16,36,23,2802,1743,ITF,ITF1,13,Abruzzo,Abruzzo,1304970,4732,0.36,0.35
1286,2021-02-28,ABR,1709,511,1198,23,6,0,1424,8,1,79,0,149,19,1707,2,ITF,ITF1,13,Abruzzo,Abruzzo,1304970,6441,0.49,0.13
1287,2021-02-09,ABR,908,311,597,612,161,131,0,1,1,1,0,0,1,499,409,ITF,ITF1,13,Abruzzo,Abruzzo,1304970,7349,0.56,0.07
1288,2021-02-04,ABR,1682,617,1065,1168,415,57,0,5,0,0,0,0,37,609,1073,ITF,ITF1,13,Abruzzo,Abruzzo,1304970,9031,0.69,0.13
1289,2021-04-06,ABR,7689,3583,4106,433,98,44,54,115,499,2350,3944,46,106,5369,2320,ITF,ITF1,13,Abruzzo,Abruzzo,1304970,16720,1.28,0.59
1290,2021-01-23,ABR,264,114,150,224,14,26,0,0,0,0,0,0,0,57,207,ITF,ITF1,13,Abruzzo,Abruzzo,1304970,16984,1.3,0.02
1291,2021-04-26,ABR,8569,4070,4499,138,104,131,20,1663,2915,1078,2329,38,153,7350,1219,ITF,ITF1,13,Abruzzo,Abruzzo,1304970,25553,1.96,0.66
1292,2021-03-22,ABR,4289,1853,2436,385,389,56,442,32,19,2578,10,234,144,2319,1970,ITF,ITF1,13,Abruzzo,Abruzzo,1304970,29842,2.29,0.33
1293,2021-01-21,ABR,157,47,110,10,6,141,0,0,0,0,0,0,0,157,0,ITF,ITF1,13,Abruzzo,Abruzzo,1304970,29999,2.3,0.01
1294,2021-03-28,ABR,2422,1021,1401,247,132,1,175,106,54,896,422,242,147,2050,372,ITF,ITF1,13,Abruzzo,Abruzzo,1304970,32421,2.48,0.19
1295,2021-02-07,ABR,777,307,470,646,111,1,0,3,0,0,0,0,16,201,576,ITF,ITF1,13,Abruzzo,Abruzzo,1304970,33198,2.54,0.06
1296,2021-03-29,ABR,5627,2525,3102,463,54,49,195,71,73,3616,907,63,136,2987,2640,ITF,ITF1,13,Abruzzo,Abruzzo,1304970,38825,2.98,0.43
1297,2021-03-19,ABR,5797,2584,3213,756,280,118,13,14,42,4400,19,103,52,2776,3021,ITF,ITF1,13,Abruzzo,Abruzzo,1304970,44622,3.42,0.44
1298,2021-02-15,ABR,1796,831,965,625,258,221,0,0,10,395,0,261,26,1754,42,ITF,ITF1,13,Abruzzo,Abruzzo,1304970,46418,3.56,0.14
1299,2021-02-21,ABR,1221,551,670,2,0,3,0,0,2,1210,0,2,2,1220,1,ITF,ITF1,13,Abruzzo,Abruzzo,1304970,47639,3.65,0.09
1300,2021-01-22,ABR,118,57,61,2,1,112,0,1,0,0,0,0,2,118,0,ITF,ITF1,13,Abruzzo,Abruzzo,1304970,47757,3.66,0.01
1301,2021-02-26,ABR,3920,1671,2249,1025,336,160,262,64,11,1651,6,270,135,2951,969,ITF,ITF1,13,Abruzzo,Abruzzo,1304970,51677,3.96,0.3
1302,2021-04-30,ABR,12195,5711,6484,345,140,74,99,1990,2803,1098,5375,33,238,6627,5568,ITF,ITF1,13,Abruzzo,Abruzzo,1304970,63872,4.89,0.93
1303,2021-02-12,ABR,1228,567,661,438,151,310,0,1,0,66,0,260,2,1039,189,ITF,ITF1,13,Abruzzo,Abruzzo,1304970,65100,4.99,0.09
1304,2021-03-06,ABR,4175,1354,2821,433,187,52,1559,29,8,1748,0,15,144,3605,570,ITF,ITF1,13,Abruzzo,Abruzzo,1304970,69275,5.31,0.32
1305,2021-01-12,ABR,1804,666,1138,1470,190,0,0,23,33,28,0,0,60,1804,0,ITF,ITF1,13,Abruzzo,Abruzzo,1304970,71079,5.45,0.14
1306,2021-03-21,ABR,2136,914,1222,9,0,1,130,7,9,1924,13,34,9,844,1292,ITF,ITF1,13,Abruzzo,Abruzzo,1304970,73215,5.61,0.16
1307,2021-03-05,ABR,5269,1939,3330,562,218,108,1353,77,4,2587,2,232,126,4571,698,ITF,ITF1,13,Abruzzo,Abruzzo,1304970,78484,6.01,0.4
1308,2021-03-18,ABR,3896,1651,2245,281,135,20,7,21,33,3297,4,68,30,2065,1831,ITF,ITF1,13,Abruzzo,Abruzzo,1304970,82380,6.31,0.3
1309,2021-02-13,ABR,851,384,467,554,207,72,0,1,1,8,0,0,8,437,414,ITF,ITF1,13,Abruzzo,Abruzzo,1304970,83231,6.38,0.07
1310,2021-03-01,ABR,3490,1393,2097,698,176,174,282,18,10,1915,2,131,84,2725,765,ITF,ITF1,13,Abruzzo,Abruzzo,1304970,86721,6.65,0.27
1311,2021-04-22,ABR,6668,3193,3475,83,46,116,28,313,2116,921,2870,37,138,4984,1684,ITF,ITF1,13,Abruzzo,Abruzzo,1304970,93389,7.16,0.51
1312,2021-03-03,ABR,4629,1883,2746,1222,211,105,855,28,0,1587,3,385,233,3723,906,ITF,ITF1,13,Abruzzo,Abruzzo,1304970,98018,7.51,0.35
1313,2021-04-17,ABR,7348,3399,3949,349,251,23,65,192,454,2264,3666,32,52,4295,3053,ITF,ITF1,13,Abruzzo,Abruzzo,1304970,105366,8.07,0.56
1314,2020-12-27,ABR,37,19,18,34,1,2,0,0,0,0,0,0,0,37,0,ITF,ITF1,13,Abruzzo,Abruzzo,1304970,105403,8.08,0.0
1315,2021-05-07,ABR,7617,3565,4052,83,58,23,21,964,1398,353,4430,58,229,4581,3036,ITF,ITF1,13,Abruzzo,Abruzzo,1304970,113020,8.66,0.58
1316,2021-03-08,ABR,5128,1670,3458,1190,280,116,2195,51,3,1032,0,105,156,4153,975,ITF,ITF1,13,Abruzzo,Abruzzo,1304970,118148,9.05,0.39
1317,2021-03-31,ABR,6657,2884,3773,446,279,80,245,54,83,3259,2048,30,133,4589,2068,ITF,ITF1,13,Abruzzo,Abruzzo,1304970,124805,9.56,0.51
1318,2021-03-10,ABR,4951,1640,3311,736,300,248,1872,27,4,1520,11,130,103,3994,957,ITF,ITF1,13,Abruzzo,Abruzzo,1304970,129756,9.94,0.38
1319,2021-02-23,ABR,2784,1274,1510,324,184,217,100,4,8,1491,2,287,167,2773,11,ITF,ITF1,13,Abruzzo,Abruzzo,1304970,132540,10.16,0.21
1320,2021-04-19,ABR,6231,2860,3371,76,74,36,22,148,2251,1259,2221,26,118,3858,2373,ITF,ITF1,13,Abruzzo,Abruzzo,1304970,138771,10.63,0.48
1321,2021-04-18,ABR,5817,2727,3090,149,71,25,19,76,169,964,4306,13,25,4875,942,ITF,ITF1,13,Abruzzo,Abruzzo,1304970,144588,11.08,0.45
1322,2021-03-04,ABR,5937,2359,3578,1171,322,93,818,39,12,2992,5,329,156,5015,922,ITF,ITF1,13,Abruzzo,Abruzzo,1304970,150525,11.53,0.45
1323,2021-04-24,ABR,8717,3974,4743,85,138,137,23,324,1368,1227,5318,21,76,7184,1533,ITF,ITF1,13,Abruzzo,Abruzzo,1304970,159242,12.2,0.67
1324,2021-03-23,ABR,4786,2145,2641,180,183,183,400,14,23,3356,13,356,78,2217,2569,ITF,ITF1,13,Abruzzo,Abruzzo,1304970,164028,12.57,0.37
1325,2021-01-24,ABR,50,22,28,49,1,0,0,0,0,0,0,0,0,6,44,ITF,ITF1,13,Abruzzo,Abruzzo,1304970,164078,12.57,0.0
1326,2021-01-31,ABR,1502,488,1014,1154,236,103,0,1,0,0,0,0,8,287,1215,ITF,ITF1,13,Abruzzo,Abruzzo,1304970,165580,12.69,0.12
1327,2021-01-27,ABR,1364,515,849,1301,61,0,0,1,0,0,0,0,1,39,1325,ITF,ITF1,13,Abruzzo,Abruzzo,1304970,166944,12.79,0.1
1328,2021-03-09,ABR,5173,1796,3377,991,311,86,2046,31,3,1320,69,214,102,4234,939,ITF,ITF1,13,Abruzzo,Abruzzo,1304970,172117,13.19,0.4
1329,2021-01-04,ABR,1401,575,826,1396,5,0,0,0,0,0,0,0,0,1401,0,ITF,ITF1,13,Abruzzo,Abruzzo,1304970,173518,13.3,0.11
1330,2021-03-11,ABR,5430,2191,3239,1328,265,241,1565,50,20,1539,16,247,159,4291,1139,ITF,ITF1,13,Abruzzo,Abruzzo,1304970,178948,13.71,0.42
1331,2021-02-01,ABR,1632,573,1059,1384,228,1,0,3,0,0,0,0,16,271,1361,ITF,ITF1,13,Abruzzo,Abruzzo,1304970,180580,13.84,0.13
1332,2021-01-20,ABR,447,156,291,147,73,204,0,12,0,0,0,0,11,445,2,ITF,ITF1,13,Abruzzo,Abruzzo,1304970,181027,13.87,0.03
1333,2021-04-05,ABR,2698,1151,1547,137,205,4,16,31,41,1372,846,11,35,1818,880,ITF,ITF1,13,Abruzzo,Abruzzo,1304970,183725,14.08,0.21
1334,2021-01-03,ABR,471,185,286,464,7,0,0,0,0,0,0,0,0,471,0,ITF,ITF1,13,Abruzzo,Abruzzo,1304970,184196,14.11,0.04
1335,2021-03-15,ABR,3640,1399,2241,657,358,79,330,27,41,1964,2,55,127,1824,1816,ITF,ITF1,13,Abruzzo,Abruzzo,1304970,187836,14.39,0.28
1336,2021-04-13,ABR,5892,2757,3135,94,63,78,150,86,410,1261,3671,31,48,4691,1201,ITF,ITF1,13,Abruzzo,Abruzzo,1304970,193728,14.85,0.45
1337,2021-04-09,ABR,8746,4114,4632,313,121,32,45,101,807,3287,3904,40,96,6204,2542,ITF,ITF1,13,Abruzzo,Abruzzo,1304970,202474,15.52,0.67
1338,2021-04-07,ABR,7122,3284,3838,187,214,82,15,69,106,3220,3056,96,77,4396,2726,ITF,ITF1,13,Abruzzo,Abruzzo,1304970,209596,16.06,0.55
1339,2021-01-28,ABR,1433,495,938,1370,61,1,0,0,1,0,0,0,0,12,1421,ITF,ITF1,13,Abruzzo,Abruzzo,1304970,211029,16.17,0.11
1340,2021-02-03,ABR,2061,717,1344,1541,362,118,0,4,0,0,0,0,36,419,1642,ITF,ITF1,13,Abruzzo,Abruzzo,1304970,213090,16.33,0.16
1341,2021-01-19,ABR,111,55,56,27,3,50,0,8,0,0,0,0,23,91,20,ITF,ITF1,13,Abruzzo,Abruzzo,1304970,213201,16.34,0.01
1342,2021-03-27,ABR,6120,2620,3500,189,229,48,216,87,157,4264,736,77,117,3641,2479,ITF,ITF1,13,Abruzzo,Abruzzo,1304970,219321,16.81,0.47
1343,2021-05-01,ABR,10734,5046,5688,114,61,41,39,1235,1709,1133,6243,23,136,5757,4977,ITF,ITF1,13,Abruzzo,Abruzzo,1304970,230055,17.63,0.82
1344,2021-01-13,ABR,1253,440,813,1103,99,0,0,7,1,7,0,0,36,1253,0,ITF,ITF1,13,Abruzzo,Abruzzo,1304970,231308,17.73,0.1
1345,2021-03-07,ABR,2523,630,1893,28,99,4,1823,68,10,463,0,1,27,2523,0,ITF,ITF1,13,Abruzzo,Abruzzo,1304970,233831,17.92,0.19
1346,2021-03-24,ABR,6353,2766,3587,485,300,231,430,108,230,3409,541,344,275,4097,2256,ITF,ITF1,13,Abruzzo,Abruzzo,1304970,240184,18.41,0.49
1347,2021-03-30,ABR,5061,2199,2862,211,205,38,286,52,57,2745,1328,51,88,3236,1825,ITF,ITF1,13,Abruzzo,Abruzzo,1304970,245245,18.79,0.39
1348,2021-03-25,ABR,5691,2565,3126,249,211,40,448,59,102,3825,239,311,207,3074,2617,ITF,ITF1,13,Abruzzo,Abruzzo,1304970,250936,19.23,0.44
1349,2021-04-14,ABR,6509,2898,3611,336,94,119,61,85,434,1467,3849,18,46,4431,2078,ITF,ITF1,13,Abruzzo,Abruzzo,1304970,257445,19.73,0.5
1350,2021-03-13,ABR,4254,1460,2794,539,624,138,1061,82,36,1468,6,106,194,3178,1076,ITF,ITF1,13,Abruzzo,Abruzzo,1304970,261699,20.05,0.33
1351,2021-04-04,ABR,1626,766,860,94,57,2,4,8,280,446,718,2,15,1497,129,ITF,ITF1,13,Abruzzo,Abruzzo,1304970,263325,20.18,0.12
1352,2021-03-26,ABR,5297,2259,3038,264,213,37,449,75,122,3394,357,241,145,3231,2066,ITF,ITF1,13,Abruzzo,Abruzzo,1304970,268622,20.58,0.41
1353,2021-04-28,ABR,9505,4583,4922,162,149,74,20,2353,1816,848,3888,35,160,7480,2025,ITF,ITF1,13,Abruzzo,Abruzzo,1304970,278127,21.31,0.73
1354,2021-02-22,ABR,2644,1175,1469,477,275,46,251,4,4,1094,0,419,74,2614,30,ITF,ITF1,13,Abruzzo,Abruzzo,1304970,280771,21.52,0.2
1355,2021-03-12,ABR,6024,1990,4034,1006,593,138,2189,46,11,1727,1,144,169,4441,1583,ITF,ITF1,13,Abruzzo,Abruzzo,1304970,286795,21.98,0.46
1356,2021-04-02,ABR,6689,3097,3592,184,611,26,94,77,215,3308,2044,79,51,5202,1487,ITF,ITF1,13,Abruzzo,Abruzzo,1304970,293484,22.49,0.51
1357,2021-01-16,ABR,928,428,500,711,188,15,0,4,0,0,0,0,10,928,0,ITF,ITF1,13,Abruzzo,Abruzzo,1304970,294412,22.56,0.07
1358,2021-04-10,ABR,8774,4059,4715,390,302,13,147,224,1133,2931,3458,32,144,6266,2508,ITF,ITF1,13,Abruzzo,Abruzzo,1304970,303186,23.23,0.67
1359,2021-02-11,ABR,816,262,554,473,184,154,0,0,0,0,0,0,5,773,43,ITF,ITF1,13,Abruzzo,Abruzzo,1304970,304002,23.3,0.06
1360,2021-03-16,ABR,3486,1453,2033,284,74,169,12,19,44,2850,6,8,20,1831,1655,ITF,ITF1,13,Abruzzo,Abruzzo,1304970,307488,23.56,0.27
1361,2021-04-15,ABR,7762,3618,4144,209,100,92,53,87,331,1567,5245,22,56,5917,1845,ITF,ITF1,13,Abruzzo,Abruzzo,1304970,315250,24.16,0.59
1362,2021-01-06,ABR,1830,664,1166,1546,148,133,0,0,0,0,0,0,3,1830,0,ITF,ITF1,13,Abruzzo,Abruzzo,1304970,317080,24.3,0.14
1363,2021-04-03,ABR,5073,2213,2860,174,91,28,84,73,112,2401,1958,62,90,3479,1594,ITF,ITF1,13,Abruzzo,Abruzzo,1304970,322153,24.69,0.39
1364,2021-01-05,ABR,1614,604,1010,1604,10,0,0,0,0,0,0,0,0,1614,0,ITF,ITF1,13,Abruzzo,Abruzzo,1304970,323767,24.81,0.12
1365,2021-02-08,ABR,1201,398,803,710,218,264,0,1,0,0,0,0,8,491,710,ITF,ITF1,13,Abruzzo,Abruzzo,1304970,324968,24.9,0.09
1366,2021-05-04,ABR,10693,5038,5655,176,116,17,36,1762,2521,358,5312,45,350,7075,3618,ITF,ITF1,13,Abruzzo,Abruzzo,1304970,335661,25.72,0.82
1367,2021-01-18,ABR,122,48,74,106,8,2,0,3,0,0,0,0,3,46,76,ITF,ITF1,13,Abruzzo,Abruzzo,1304970,335783,25.73,0.01
1368,2021-04-01,ABR,5532,2450,3082,274,117,57,153,153,156,2914,1527,48,133,3443,2089,ITF,ITF1,13,Abruzzo,Abruzzo,1304970,341315,26.16,0.42
1369,2021-01-15,ABR,379,149,230,223,79,35,0,7,2,0,0,0,33,379,0,ITF,ITF1,13,Abruzzo,Abruzzo,1304970,341694,26.18,0.03
1370,2021-02-27,ABR,2809,1337,1472,253,84,125,874,17,6,732,1,656,61,2543,266,ITF,ITF1,13,Abruzzo,Abruzzo,1304970,344503,26.4,0.22
1371,2021-02-24,ABR,3304,1440,1864,391,180,248,131,13,12,1969,4,247,109,3128,176,ITF,ITF1,13,Abruzzo,Abruzzo,1304970,347807,26.65,0.25
1372,2021-01-29,ABR,1386,449,937,1290,95,0,0,1,0,0,0,0,0,74,1312,ITF,ITF1,13,Abruzzo,Abruzzo,1304970,349193,26.76,0.11
1373,2021-04-11,ABR,5333,2607,2726,15,8,7,6,93,628,784,3735,6,51,4850,483,ITF,ITF1,13,Abruzzo,Abruzzo,1304970,354526,27.17,0.41
1374,2021-01-25,ABR,1604,633,971,1584,19,0,0,0,0,0,0,0,1,20,1584,ITF,ITF1,13,Abruzzo,Abruzzo,1304970,356130,27.29,0.12
1375,2021-02-17,ABR,2077,952,1125,512,144,394,1,0,22,718,0,210,76,1794,283,ITF,ITF1,13,Abruzzo,Abruzzo,1304970,358207,27.45,0.16
1376,2021-03-20,ABR,4733,2159,2574,318,206,63,97,50,99,3653,45,99,103,2569,2164,ITF,ITF1,13,Abruzzo,Abruzzo,1304970,362940,27.81,0.36
1377,2021-04-12,ABR,6229,2951,3278,217,66,50,36,194,505,1300,3760,20,81,5057,1172,ITF,ITF1,13,Abruzzo,Abruzzo,1304970,369169,28.29,0.48
1378,2021-01-07,ABR,1603,552,1051,1566,37,0,0,0,0,0,0,0,0,1603,0,ITF,ITF1,13,Abruzzo,Abruzzo,1304970,370772,28.41,0.12
1379,2021-01-09,ABR,1483,565,918,1430,50,0,0,1,0,0,0,0,2,1483,0,ITF,ITF1,13,Abruzzo,Abruzzo,1304970,372255,28.53,0.11
1380,2021-01-08,ABR,1525,507,1018,1487,36,0,0,1,1,0,0,0,0,1525,0,ITF,ITF1,13,Abruzzo,Abruzzo,1304970,373780,28.64,0.12
1381,2021-02-18,ABR,2291,934,1357,670,297,417,0,3,5,612,0,215,72,2161,130,ITF,ITF1,13,Abruzzo,Abruzzo,1304970,376071,28.82,0.18
1382,2021-02-19,ABR,3301,1552,1749,990,346,371,8,10,9,1113,1,402,51,3201,100,ITF,ITF1,13,Abruzzo,Abruzzo,1304970,379372,29.07,0.25
1383,2021-02-16,ABR,1978,869,1109,841,278,139,0,4,2,561,0,75,78,1966,12,ITF,ITF1,13,Abruzzo,Abruzzo,1304970,381350,29.22,0.15
1384,2021-04-29,ABR,12655,5843,6812,286,87,85,109,2847,3182,817,4968,57,217,9557,3098,ITF,ITF1,13,Abruzzo,Abruzzo,1304970,394005,30.19,0.97
1385,2021-01-14,ABR,530,189,341,364,114,0,0,4,5,34,0,0,9,530,0,ITF,ITF1,13,Abruzzo,Abruzzo,1304970,394535,30.23,0.04
1386,2021-05-06,ABR,12910,5995,6915,252,123,53,29,1635,2298,504,7188,90,738,7906,5004,ITF,ITF1,13,Abruzzo,Abruzzo,1304970,407445,31.22,0.99
1387,2021-01-26,ABR,1542,567,975,1513,29,0,0,0,0,0,0,0,0,29,1513,ITF,ITF1,13,Abruzzo,Abruzzo,1304970,408987,31.34,0.12
1388,2021-04-21,ABR,6386,3101,3285,63,53,13,14,990,1514,1020,2597,9,113,4711,1675,ITF,ITF1,13,Abruzzo,Abruzzo,1304970,415373,31.83,0.49
1389,2021-02-25,ABR,3086,1347,1739,615,398,57,126,28,6,1508,2,262,84,2558,528,ITF,ITF1,13,Abruzzo,Abruzzo,1304970,418459,32.07,0.24
1390,2021-02-10,ABR,948,313,635,622,182,116,0,5,0,0,0,0,23,504,444,ITF,ITF1,13,Abruzzo,Abruzzo,1304970,419407,32.14,0.07
1391,2021-02-20,ABR,4782,1843,2939,310,444,193,1887,5,12,1417,1,406,107,4706,76,ITF,ITF1,13,Abruzzo,Abruzzo,1304970,424189,32.51,0.37
1392,2021-04-25,ABR,9067,4617,4450,67,54,22,5,4353,1779,589,2069,19,110,8256,811,ITF,ITF1,13,Abruzzo,Abruzzo,1304970,433256,33.2,0.69
1393,2021-01-10,ABR,1139,409,730,1091,44,0,0,0,0,0,0,0,4,1139,0,ITF,ITF1,13,Abruzzo,Abruzzo,1304970,434395,33.29,0.09
1394,2021-04-27,ABR,9096,4378,4718,115,101,22,34,1768,2361,959,3558,27,151,6624,2472,ITF,ITF1,13,Abruzzo,Abruzzo,1304970,443491,33.98,0.7
1395,2021-05-03,ABR,11106,5240,5866,279,119,65,93,1668,2763,490,5371,21,237,7257,3849,ITF,ITF1,13,Abruzzo,Abruzzo,1304970,454597,34.84,0.85
1396,2021-03-14,ABR,1895,733,1162,8,3,0,249,20,7,1489,0,2,117,1228,667,ITF,ITF1,13,Abruzzo,Abruzzo,1304970,456492,34.98,0.15
1397,2021-04-23,ABR,7354,3376,3978,158,67,122,27,533,1641,1521,3173,14,98,5068,2286,ITF,ITF1,13,Abruzzo,Abruzzo,1304970,463846,35.54,0.56
1398,2021-02-05,ABR,1536,521,1015,1188,188,107,0,9,0,0,0,0,44,789,747,ITF,ITF1,13,Abruzzo,Abruzzo,1304970,465382,35.66,0.12
1399,2021-04-20,ABR,5592,2691,2901,39,83,1,20,326,2182,920,1948,18,55,4181,1411,ITF,ITF1,13,Abruzzo,Abruzzo,1304970,470974,36.09,0.43
1400,2021-04-16,ABR,7543,3492,4051,157,79,46,33,168,271,1685,5049,12,43,5623,1920,ITF,ITF1,13,Abruzzo,Abruzzo,1304970,478517,36.67,0.58
1401,2021-05-05,ABR,11575,5542,6033,160,194,49,31,1228,2111,476,6689,29,608,6448,5127,ITF,ITF1,13,Abruzzo,Abruzzo,1304970,490092,37.56,0.89
1402,2021-01-30,ABR,1510,567,943,1349,112,47,0,0,0,0,0,0,2,69,1441,ITF,ITF1,13,Abruzzo,Abruzzo,1304970,491602,37.67,0.12
1403,2021-01-02,ABR,548,218,330,540,5,0,0,0,0,0,0,0,3,548,0,ITF,ITF1,13,Abruzzo,Abruzzo,1304970,492150,37.71,0.04
1404,2021-02-06,ABR,1611,742,869,1168,278,72,0,14,7,2,0,0,70,602,1009,ITF,ITF1,13,Abruzzo,Abruzzo,1304970,493761,37.84,0.12
1405,2021-01-11,ABR,1551,557,994,1337,152,48,0,3,0,0,0,0,11,1551,0,ITF,ITF1,13,Abruzzo,Abruzzo,1304970,495312,37.96,0.12
1406,2021-05-02,ABR,10424,5087,5337,149,78,4,20,1155,1683,336,6831,23,145,5216,5208,ITF,ITF1,13,Abruzzo,Abruzzo,1304970,505736,38.75,0.8
1407,2021-03-02,ABR,3964,1676,2288,934,220,53,405,82,3,1857,2,299,109,3280,684,ITF,ITF1,13,Abruzzo,Abruzzo,1304970,509700,39.06,0.3
1408,2021-04-08,ABR,7355,3322,4033,156,84,73,204,70,409,2634,3629,45,51,5074,2281,ITF,ITF1,13,Abruzzo,Abruzzo,1304970,517055,39.62,0.56
1409,2021-02-02,ABR,1798,677,1121,1243,404,142,0,1,0,0,0,0,8,241,1557,ITF,ITF1,13,Abruzzo,Abruzzo,1304970,518853,39.76,0.14
1410,2021-04-10,CAM,28340,13487,14853,259,61,90,735,333,7068,6314,12856,213,411,23425,4915,ITF,ITF3,15,Campania,Campania,5801692,28340,0.49,0.49
1411,2021-04-04,CAM,7951,4007,3944,177,28,6,73,48,1215,1996,4044,63,301,6908,1043,ITF,ITF3,15,Campania,Campania,5801692,36291,0.63,0.14
1412,2021-04-28,CAM,36458,17629,18829,168,46,52,226,7011,6955,3761,15812,335,2092,26722,9736,ITF,ITF3,15,Campania,Campania,5801692,72749,1.25,0.63
1413,2021-01-12,CAM,5214,2563,2651,3439,722,340,0,104,29,7,0,0,573,5214,0,ITF,ITF3,15,Campania,Campania,5801692,77963,1.34,0.09
1414,2021-04-02,CAM,21728,10408,11320,263,48,108,1063,138,6337,3966,8558,514,733,19410,2318,ITF,ITF3,15,Campania,Campania,5801692,99691,1.72,0.37
1415,2021-02-19,CAM,9567,3557,6010,1663,169,161,2204,103,35,4457,0,0,775,8917,650,ITF,ITF3,15,Campania,Campania,5801692,109258,1.88,0.16
1416,2021-01-01,CAM,919,506,413,831,85,0,0,2,0,0,0,0,1,919,0,ITF,ITF3,15,Campania,Campania,5801692,110177,1.9,0.02
1417,2021-03-26,CAM,19452,8927,10525,363,40,142,1633,100,3151,7624,5466,464,469,15642,3810,ITF,ITF3,15,Campania,Campania,5801692,129629,2.23,0.34
1418,2021-02-11,CAM,6278,2704,3574,1861,279,129,0,238,90,2410,0,0,1271,6212,66,ITF,ITF3,15,Campania,Campania,5801692,135907,2.34,0.11
1419,2021-01-18,CAM,957,399,558,576,93,187,0,12,4,17,0,0,68,713,244,ITF,ITF3,15,Campania,Campania,5801692,136864,2.36,0.02
1420,2021-02-22,CAM,10676,3295,7381,545,60,143,5552,63,38,3899,0,0,376,10413,263,ITF,ITF3,15,Campania,Campania,5801692,147540,2.54,0.18
1421,2021-04-03,CAM,21104,10309,10795,203,50,185,558,106,5968,4524,8849,207,454,18728,2376,ITF,ITF3,15,Campania,Campania,5801692,168644,2.91,0.36
1422,2021-02-08,CAM,5112,2449,2663,1387,320,226,0,327,180,1436,0,0,1236,4310,802,ITF,ITF3,15,Campania,Campania,5801692,173756,2.99,0.09
1423,2021-01-16,CAM,3369,1675,1694,1355,230,373,0,231,63,32,0,0,1085,3369,0,ITF,ITF3,15,Campania,Campania,5801692,177125,3.05,0.06
1424,2021-04-01,CAM,24303,11665,12638,415,63,83,1626,170,4314,7021,9396,572,643,20172,4131,ITF,ITF3,15,Campania,Campania,5801692,201428,3.47,0.42
1425,2021-03-13,CAM,14252,6793,7459,404,136,193,3685,84,27,6717,0,2322,684,8967,5285,ITF,ITF3,15,Campania,Campania,5801692,215680,3.72,0.25
1426,2021-01-06,CAM,7652,3749,3903,5781,838,300,0,116,29,4,0,0,584,7652,0,ITF,ITF3,15,Campania,Campania,5801692,223332,3.85,0.13
1427,2021-03-16,CAM,8088,3519,4569,289,61,60,114,47,85,6876,235,29,292,3774,4314,ITF,ITF3,15,Campania,Campania,5801692,231420,3.99,0.14
1428,2021-03-12,CAM,14248,7096,7152,1022,156,82,2803,114,56,6606,0,2438,971,8165,6083,ITF,ITF3,15,Campania,Campania,5801692,245668,4.23,0.25
1429,2021-04-15,CAM,34310,16649,17661,313,46,21,318,4261,7019,6159,15617,121,435,24427,9883,ITF,ITF3,15,Campania,Campania,5801692,279978,4.83,0.59
1430,2020-12-27,CAM,720,422,298,703,14,0,0,0,1,0,0,0,2,720,0,ITF,ITF3,15,Campania,Campania,5801692,280698,4.84,0.01
1431,2021-05-04,CAM,48355,23308,25047,201,116,102,234,11781,7374,2085,17169,517,8776,39490,8865,ITF,ITF3,15,Campania,Campania,5801692,329053,5.67,0.83
1432,2021-04-18,CAM,27160,13263,13897,108,23,7,240,3940,5519,5347,11734,84,158,18266,8894,ITF,ITF3,15,Campania,Campania,5801692,356213,6.14,0.47
1433,2021-01-29,CAM,10052,4812,5240,6405,1052,259,0,307,75,19,0,0,1935,47,10005,ITF,ITF3,15,Campania,Campania,5801692,366265,6.31,0.17
1434,2021-04-12,CAM,23300,10919,12381,149,64,70,218,1027,10305,3270,7757,129,311,20263,3037,ITF,ITF3,15,Campania,Campania,5801692,389565,6.71,0.4
1435,2021-02-17,CAM,7388,3210,4178,1013,208,38,362,129,70,4913,0,0,655,6328,1060,ITF,ITF3,15,Campania,Campania,5801692,396953,6.84,0.13
1436,2021-02-16,CAM,5435,2410,3025,983,276,169,1,118,43,3189,0,0,656,4664,771,ITF,ITF3,15,Campania,Campania,5801692,402388,6.94,0.09
1437,2021-04-21,CAM,30251,14730,15521,103,43,6,264,5932,7879,3761,11922,103,238,18033,12218,ITF,ITF3,15,Campania,Campania,5801692,432639,7.46,0.52
1438,2021-01-25,CAM,5744,2926,2818,4743,644,56,0,46,13,2,0,0,240,164,5580,ITF,ITF3,15,Campania,Campania,5801692,438383,7.56,0.1
1439,2021-02-27,CAM,13943,4471,9472,825,290,82,8311,245,112,3184,0,0,894,12301,1642,ITF,ITF3,15,Campania,Campania,5801692,452326,7.8,0.24
1440,2021-01-09,CAM,10566,5024,5542,6759,1256,269,0,253,64,21,0,0,1944,10566,0,ITF,ITF3,15,Campania,Campania,5801692,462892,7.98,0.18
1441,2021-04-24,CAM,36288,17508,18780,147,36,7,371,4560,8223,4163,18175,142,464,25056,11232,ITF,ITF3,15,Campania,Campania,5801692,499180,8.6,0.63
1442,2021-02-18,CAM,9080,3812,5268,1752,241,89,438,142,57,5562,0,1,798,8372,708,ITF,ITF3,15,Campania,Campania,5801692,508260,8.76,0.16
1443,2021-01-08,CAM,10455,4968,5487,6714,1147,212,0,309,80,18,0,0,1975,10455,0,ITF,ITF3,15,Campania,Campania,5801692,518715,8.94,0.18
1444,2021-04-11,CAM,17522,8607,8915,116,34,2,203,313,5114,1835,9597,82,226,15443,2079,ITF,ITF3,15,Campania,Campania,5801692,536237,9.24,0.3
1445,2021-05-06,CAM,57068,27803,29265,221,127,94,292,8734,5730,3122,20017,362,18369,42657,14411,ITF,ITF3,15,Campania,Campania,5801692,593305,10.23,0.98
1446,2021-04-29,CAM,41273,20003,21270,267,106,76,674,7033,7486,3627,19969,344,1691,24815,16458,ITF,ITF3,15,Campania,Campania,5801692,634578,10.94,0.71
1447,2021-02-25,CAM,12424,4479,7945,803,119,124,4807,144,81,5692,0,0,654,11236,1188,ITF,ITF3,15,Campania,Campania,5801692,647002,11.15,0.21
1448,2021-01-14,CAM,7073,2977,4096,3707,1264,350,0,206,61,14,0,0,1471,7073,0,ITF,ITF3,15,Campania,Campania,5801692,654075,11.27,0.12
1449,2021-02-20,CAM,8574,3081,5493,1023,158,145,1976,57,13,4588,0,0,614,8271,303,ITF,ITF3,15,Campania,Campania,5801692,662649,11.42,0.15
1450,2021-04-27,CAM,32078,15578,16500,228,270,36,456,6665,6227,2853,14057,279,1007,24167,7911,ITF,ITF3,15,Campania,Campania,5801692,694727,11.97,0.55
1451,2021-01-26,CAM,7341,3726,3615,5776,847,231,0,87,27,5,0,0,368,353,6988,ITF,ITF3,15,Campania,Campania,5801692,702068,12.1,0.13
1452,2021-02-14,CAM,3924,1921,2003,626,102,15,0,130,122,2472,0,0,457,3890,34,ITF,ITF3,15,Campania,Campania,5801692,705992,12.17,0.07
1453,2021-04-13,CAM,26597,12678,13919,226,69,97,243,2699,11288,4204,7136,135,500,21069,5528,ITF,ITF3,15,Campania,Campania,5801692,732589,12.63,0.46
1454,2021-03-14,CAM,8505,3721,4784,328,115,2,2018,56,27,4563,0,975,421,4367,4138,ITF,ITF3,15,Campania,Campania,5801692,741094,12.77,0.15
1455,2021-02-10,CAM,6904,3413,3491,1945,284,98,0,448,235,2218,0,0,1676,6728,176,ITF,ITF3,15,Campania,Campania,5801692,747998,12.89,0.12
1456,2021-05-03,CAM,40732,19875,20857,158,69,74,272,6905,8089,2220,14036,371,8538,28891,11841,ITF,ITF3,15,Campania,Campania,5801692,788730,13.59,0.7
1457,2021-02-06,CAM,5340,2665,2675,1990,520,458,0,427,176,58,0,0,1711,2102,3238,ITF,ITF3,15,Campania,Campania,5801692,794070,13.69,0.09
1458,2021-05-05,CAM,51057,24811,26246,219,106,241,254,13167,8035,1806,14224,412,12593,44702,6355,ITF,ITF3,15,Campania,Campania,5801692,845127,14.57,0.88
1459,2021-01-10,CAM,8165,3736,4429,5179,1010,97,0,232,62,13,0,0,1572,8165,0,ITF,ITF3,15,Campania,Campania,5801692,853292,14.71,0.14
1460,2021-04-20,CAM,32082,15544,16538,152,40,199,332,7680,7198,4704,11293,142,342,20760,11322,ITF,ITF3,15,Campania,Campania,5801692,885374,15.26,0.55
1461,2021-01-05,CAM,7236,3637,3599,5809,923,106,0,68,20,4,0,0,306,7236,0,ITF,ITF3,15,Campania,Campania,5801692,892610,15.39,0.12
1462,2021-01-30,CAM,10721,5079,5642,6930,1278,227,0,251,68,18,0,0,1949,39,10682,ITF,ITF3,15,Campania,Campania,5801692,903331,15.57,0.18
1463,2021-04-25,CAM,30680,15162,15518,343,104,5,200,8493,5520,2242,13358,89,326,25294,5386,ITF,ITF3,15,Campania,Campania,5801692,934011,16.1,0.53
1464,2021-04-23,CAM,32316,15511,16805,161,42,69,320,5739,6224,3789,15468,181,323,23181,9135,ITF,ITF3,15,Campania,Campania,5801692,966327,16.66,0.56
1465,2021-02-05,CAM,7261,3463,3798,3447,995,308,0,348,140,35,0,0,1988,2133,5128,ITF,ITF3,15,Campania,Campania,5801692,973588,16.78,0.13
1466,2021-01-11,CAM,4072,1871,2201,2386,681,252,0,111,28,14,0,0,600,4072,0,ITF,ITF3,15,Campania,Campania,5801692,977660,16.85,0.07
1467,2021-04-16,CAM,34280,16545,17735,236,50,108,315,3196,6274,6616,16839,277,369,23623,10657,ITF,ITF3,15,Campania,Campania,5801692,1011940,17.44,0.59
1468,2021-05-02,CAM,43482,21530,21952,130,37,5,305,7583,6672,1847,17106,213,9584,32153,11329,ITF,ITF3,15,Campania,Campania,5801692,1055422,18.19,0.75
1469,2021-03-27,CAM,21273,10029,11244,356,39,63,1956,88,4052,7142,6936,210,431,17410,3863,ITF,ITF3,15,Campania,Campania,5801692,1076695,18.56,0.37
1470,2021-03-22,CAM,12743,5921,6822,308,762,72,2470,80,3639,3502,588,922,400,10705,2038,ITF,ITF3,15,Campania,Campania,5801692,1089438,18.78,0.22
1471,2021-03-17,CAM,11586,5096,6490,490,134,49,137,55,158,10009,141,43,370,5007,6579,ITF,ITF3,15,Campania,Campania,5801692,1101024,18.98,0.2
1472,2021-03-01,CAM,12125,4246,7879,1153,319,147,5788,304,181,3104,0,0,1129,8014,4111,ITF,ITF3,15,Campania,Campania,5801692,1113149,19.19,0.21
1473,2021-02-04,CAM,7943,3429,4514,3965,1245,292,0,328,140,25,0,0,1948,1308,6635,ITF,ITF3,15,Campania,Campania,5801692,1121092,19.32,0.14
1474,2021-03-31,CAM,22671,10900,11771,340,85,111,1164,143,7469,5173,7333,307,546,19233,3438,ITF,ITF3,15,Campania,Campania,5801692,1143763,19.71,0.39
1475,2021-03-02,CAM,12746,4551,8195,1294,197,147,5899,366,225,3279,0,2,1337,8403,4343,ITF,ITF3,15,Campania,Campania,5801692,1156509,19.93,0.22
1476,2021-01-23,CAM,3838,2028,1810,3161,343,69,0,40,8,0,0,0,217,273,3565,ITF,ITF3,15,Campania,Campania,5801692,1160347,20.0,0.07
1477,2021-02-09,CAM,4643,2202,2441,1148,178,6,0,356,211,1381,0,0,1363,4391,252,ITF,ITF3,15,Campania,Campania,5801692,1164990,20.08,0.08
1478,2021-02-15,CAM,5470,2516,2954,987,238,94,1,98,64,3403,1,1,583,5297,173,ITF,ITF3,15,Campania,Campania,5801692,1170460,20.17,0.09
1479,2021-03-28,CAM,15549,7498,8051,79,156,18,679,55,3591,5102,5532,165,172,13926,1623,ITF,ITF3,15,Campania,Campania,5801692,1186009,20.44,0.27
1480,2021-02-24,CAM,11772,4147,7625,845,194,145,4193,45,24,5963,1,0,362,11084,688,ITF,ITF3,15,Campania,Campania,5801692,1197781,20.65,0.2
1481,2021-04-06,CAM,24385,11423,12962,306,116,141,1554,102,10173,5377,5994,210,412,19865,4520,ITF,ITF3,15,Campania,Campania,5801692,1222166,21.07,0.42
1482,2021-02-28,CAM,10411,3206,7205,496,116,22,5495,303,139,2261,0,0,1579,8511,1900,ITF,ITF3,15,Campania,Campania,5801692,1232577,21.25,0.18
1483,2021-02-07,CAM,2929,1382,1547,706,189,225,0,260,155,342,0,0,1052,2158,771,ITF,ITF3,15,Campania,Campania,5801692,1235506,21.3,0.05
1484,2020-12-31,CAM,1490,811,679,1273,150,1,0,11,2,0,0,0,53,1490,0,ITF,ITF3,15,Campania,Campania,5801692,1236996,21.32,0.03
1485,2021-03-20,CAM,13884,6429,7455,295,43,35,2882,76,1677,6507,772,1020,577,10145,3739,ITF,ITF3,15,Campania,Campania,5801692,1250880,21.56,0.24
1486,2021-04-26,CAM,33978,16625,17353,216,141,4,165,8370,4157,2346,18106,148,325,28361,5617,ITF,ITF3,15,Campania,Campania,5801692,1284858,22.15,0.59
1487,2021-01-17,CAM,1155,551,604,718,54,151,0,22,7,3,0,0,200,702,453,ITF,ITF3,15,Campania,Campania,5801692,1286013,22.17,0.02
1488,2021-02-21,CAM,5833,2239,3594,780,45,22,508,56,14,3871,0,0,537,5608,225,ITF,ITF3,15,Campania,Campania,5801692,1291846,22.27,0.1
1489,2021-03-19,CAM,11030,4868,6162,392,68,21,853,70,134,8441,474,138,439,7161,3869,ITF,ITF3,15,Campania,Campania,5801692,1302876,22.46,0.19
1490,2021-01-21,CAM,2093,1116,977,1379,153,75,0,95,32,22,0,0,337,677,1416,ITF,ITF3,15,Campania,Campania,5801692,1304969,22.49,0.04
1491,2021-03-29,CAM,18949,9134,9815,362,51,129,1198,83,4477,5049,6846,304,450,17405,1544,ITF,ITF3,15,Campania,Campania,5801692,1323918,22.82,0.33
1492,2021-02-26,CAM,13330,4228,9102,951,127,220,7831,130,65,3422,0,1,583,11995,1335,ITF,ITF3,15,Campania,Campania,5801692,1337248,23.05,0.23
1493,2021-03-18,CAM,12161,5375,6786,460,79,34,459,72,260,9971,231,99,496,5973,6188,ITF,ITF3,15,Campania,Campania,5801692,1349409,23.26,0.21
1494,2021-03-05,CAM,16476,6347,10129,1683,243,64,5788,320,141,6364,0,4,1869,9816,6660,ITF,ITF3,15,Campania,Campania,5801692,1365885,23.54,0.28
1495,2021-01-07,CAM,8910,4166,4744,6313,1087,332,0,193,29,11,0,0,945,8910,0,ITF,ITF3,15,Campania,Campania,5801692,1374795,23.7,0.15
1496,2021-03-06,CAM,16304,6750,9554,993,135,173,5486,250,170,7145,0,1105,847,10637,5667,ITF,ITF3,15,Campania,Campania,5801692,1391099,23.98,0.28
1497,2021-04-22,CAM,33915,16514,17401,226,53,22,306,5244,6686,5071,15844,135,328,21519,12396,ITF,ITF3,15,Campania,Campania,5801692,1425014,24.56,0.58
1498,2021-04-30,CAM,42155,20092,22063,314,67,68,1043,6344,8480,3498,19047,529,2765,25760,16395,ITF,ITF3,15,Campania,Campania,5801692,1467169,25.29,0.73
1499,2021-03-03,CAM,13916,5492,8424,2088,240,156,4232,469,251,4809,0,4,1667,7287,6629,ITF,ITF3,15,Campania,Campania,5801692,1481085,25.53,0.24
1500,2021-04-17,CAM,36152,17494,18658,218,41,7,433,4709,6961,6348,16955,140,340,24639,11513,ITF,ITF3,15,Campania,Campania,5801692,1517237,26.15,0.62
1501,2021-03-10,CAM,15242,7376,7866,705,246,26,2469,121,44,8441,1,2345,844,8412,6830,ITF,ITF3,15,Campania,Campania,5801692,1532479,26.41,0.26
1502,2021-05-07,CAM,40341,19638,20703,229,101,66,243,4679,3769,1860,16027,378,12989,26253,14088,ITF,ITF3,15,Campania,Campania,5801692,1572820,27.11,0.7
1503,2021-03-21,CAM,9983,4592,5391,168,28,17,1678,46,3788,2935,762,382,179,7594,2389,ITF,ITF3,15,Campania,Campania,5801692,1582803,27.28,0.17
1504,2021-03-08,CAM,14536,6715,7821,888,248,70,4958,156,78,4873,0,2275,990,9761,4775,ITF,ITF3,15,Campania,Campania,5801692,1597339,27.53,0.25
1505,2021-02-23,CAM,10998,3385,7613,520,87,294,5943,57,30,3760,0,0,307,10473,525,ITF,ITF3,15,Campania,Campania,5801692,1608337,27.72,0.19
1506,2021-01-22,CAM,1523,775,748,970,120,209,0,28,6,4,0,0,186,673,850,ITF,ITF3,15,Campania,Campania,5801692,1609860,27.75,0.03
1507,2021-02-12,CAM,6527,2859,3668,1885,306,208,4,160,69,3061,0,0,834,6341,186,ITF,ITF3,15,Campania,Campania,5801692,1616387,27.86,0.11
1508,2021-02-13,CAM,5509,2550,2959,960,114,131,2,160,127,3622,0,0,393,5292,217,ITF,ITF3,15,Campania,Campania,5801692,1621896,27.96,0.09
1509,2021-03-04,CAM,14651,5349,9302,1901,305,136,4838,302,98,5595,0,1,1475,8758,5893,ITF,ITF3,15,Campania,Campania,5801692,1636547,28.21,0.25
1510,2021-03-23,CAM,15328,7054,8274,359,491,181,3289,160,2743,4739,2113,577,676,12823,2505,ITF,ITF3,15,Campania,Campania,5801692,1651875,28.47,0.26
1511,2021-03-24,CAM,17614,8080,9534,410,99,70,2438,111,1943,6725,4802,621,395,14663,2951,ITF,ITF3,15,Campania,Campania,5801692,1669489,28.78,0.3
1512,2021-01-24,CAM,4128,2123,2005,3140,410,166,0,46,10,0,0,0,356,383,3745,ITF,ITF3,15,Campania,Campania,5801692,1673617,28.85,0.07
1513,2021-03-25,CAM,19993,9336,10657,308,52,8,2483,123,2561,7454,6030,395,579,16491,3502,ITF,ITF3,15,Campania,Campania,5801692,1693610,29.19,0.34
1514,2021-04-19,CAM,30461,14750,15711,177,51,91,242,7794,5423,5106,11193,121,263,18897,11564,ITF,ITF3,15,Campania,Campania,5801692,1724071,29.72,0.53
1515,2021-02-01,CAM,3985,1813,2172,2504,656,152,0,102,26,14,0,0,531,110,3875,ITF,ITF3,15,Campania,Campania,5801692,1728056,29.79,0.07
1516,2021-01-02,CAM,3673,1962,1711,3167,340,0,0,22,8,0,0,0,136,3673,0,ITF,ITF3,15,Campania,Campania,5801692,1731729,29.85,0.06
1517,2021-01-20,CAM,1257,650,607,395,146,101,0,101,100,17,0,0,397,1257,0,ITF,ITF3,15,Campania,Campania,5801692,1732986,29.87,0.02
1518,2021-03-09,CAM,13838,6619,7219,797,276,184,4187,177,49,4512,1,2515,1140,10057,3781,ITF,ITF3,15,Campania,Campania,5801692,1746824,30.11,0.24
1519,2021-04-05,CAM,11635,5542,6093,141,23,6,432,31,2455,2878,5306,111,252,9213,2422,ITF,ITF3,15,Campania,Campania,5801692,1758459,30.31,0.2
1520,2021-01-27,CAM,7738,3820,3918,5839,875,270,0,118,32,4,0,0,600,163,7575,ITF,ITF3,15,Campania,Campania,5801692,1766197,30.44,0.13
1521,2021-01-31,CAM,8067,3711,4356,5107,1012,67,0,238,61,12,0,0,1570,23,8044,ITF,ITF3,15,Campania,Campania,5801692,1774264,30.58,0.14
1522,2021-01-19,CAM,1095,474,621,534,129,171,0,36,7,1,0,0,217,1092,3,ITF,ITF3,15,Campania,Campania,5801692,1775359,30.6,0.02
1523,2021-03-11,CAM,17576,8667,8909,1049,296,105,2834,180,87,8956,0,2957,1112,10298,7278,ITF,ITF3,15,Campania,Campania,5801692,1792935,30.9,0.3
1524,2021-01-28,CAM,8832,4121,4711,6216,1094,347,0,190,32,12,0,0,941,134,8698,ITF,ITF3,15,Campania,Campania,5801692,1801767,31.06,0.15
1525,2021-01-04,CAM,5826,2963,2863,4850,679,0,0,45,5,1,0,0,246,5826,0,ITF,ITF3,15,Campania,Campania,5801692,1807593,31.16,0.1
1526,2021-04-09,CAM,29813,13949,15864,261,74,39,958,183,9293,7322,10729,353,601,23697,6116,ITF,ITF3,15,Campania,Campania,5801692,1837406,31.67,0.51
1527,2021-02-02,CAM,5722,2804,2918,3640,828,354,0,140,50,22,0,0,688,443,5279,ITF,ITF3,15,Campania,Campania,5801692,1843128,31.77,0.1
1528,2021-03-15,CAM,12935,6088,6847,821,142,78,2559,82,1445,6287,12,1066,443,8190,4745,ITF,ITF3,15,Campania,Campania,5801692,1856063,31.99,0.22
1529,2021-02-03,CAM,8902,4002,4900,4736,1101,714,0,295,74,34,0,0,1948,878,8024,ITF,ITF3,15,Campania,Campania,5801692,1864965,32.15,0.15
1530,2021-04-08,CAM,28262,13636,14626,283,131,58,1040,135,6666,7226,11877,401,445,22428,5834,ITF,ITF3,15,Campania,Campania,5801692,1893227,32.63,0.49
1531,2021-01-15,CAM,4980,2381,2599,2740,832,191,0,159,72,22,0,0,964,4980,0,ITF,ITF3,15,Campania,Campania,5801692,1898207,32.72,0.09
1532,2021-04-14,CAM,27634,13326,14308,268,55,22,268,3203,11169,5110,7057,133,349,19071,8563,ITF,ITF3,15,Campania,Campania,5801692,1925841,33.19,0.48
1533,2021-01-03,CAM,3837,2009,1828,3191,401,0,0,31,6,0,0,0,208,3837,0,ITF,ITF3,15,Campania,Campania,5801692,1929678,33.26,0.07
1534,2021-05-01,CAM,46279,22640,23639,161,60,1,636,6334,6259,3649,22213,319,6647,30186,16093,ITF,ITF3,15,Campania,Campania,5801692,1975957,34.06,0.8
1535,2021-03-07,CAM,11911,5344,6567,533,110,85,4351,158,134,4030,0,1953,557,8070,3841,ITF,ITF3,15,Campania,Campania,5801692,1987868,34.26,0.21
1536,2021-03-30,CAM,21723,10270,11453,278,47,182,1836,155,5857,5685,6766,284,633,18767,2956,ITF,ITF3,15,Campania,Campania,5801692,2009591,34.64,0.37
1537,2021-01-13,CAM,8019,3665,4354,4350,1031,587,0,267,65,30,0,0,1689,8019,0,ITF,ITF3,15,Campania,Campania,5801692,2017610,34.78,0.14
1538,2021-04-07,CAM,24735,11770,12965,347,206,62,1043,135,7508,6622,7998,274,540,20013,4722,ITF,ITF3,15,Campania,Campania,5801692,2042345,35.2,0.43
1539,2021-01-31,LAZ,4457,1853,2604,3572,142,244,0,58,44,154,0,0,243,474,3983,ITI,ITI4,12,Lazio,Lazio,5879082,4457,0.08,0.08
1540,2021-01-26,LAZ,7956,3125,4831,6594,219,631,0,86,47,162,0,0,217,724,7232,ITI,ITI4,12,Lazio,Lazio,5879082,12413,0.21,0.14
1541,2021-02-13,LAZ,6607,2624,3983,2125,100,280,0,63,70,3721,0,2,246,6197,410,ITI,ITI4,12,Lazio,Lazio,5879082,19020,0.32,0.11
1542,2021-03-18,LAZ,14217,6073,8144,1025,94,330,6,378,1038,9671,1285,15,375,7828,6389,ITI,ITI4,12,Lazio,Lazio,5879082,33237,0.57,0.24
1543,2021-04-13,LAZ,25491,11815,13676,752,109,296,57,4923,8119,7827,2927,23,458,17798,7693,ITI,ITI4,12,Lazio,Lazio,5879082,58728,1.0,0.43
1544,2021-01-27,LAZ,6113,2386,3727,4797,228,457,0,106,50,150,0,0,325,996,5117,ITI,ITI4,12,Lazio,Lazio,5879082,64841,1.1,0.1
1545,2021-02-10,LAZ,8167,3388,4779,2647,278,634,0,96,80,4057,0,0,375,4850,3317,ITI,ITI4,12,Lazio,Lazio,5879082,73008,1.24,0.14
1546,2021-02-25,LAZ,12654,5517,7137,1754,440,489,2611,139,117,5236,1,1423,444,11604,1050,ITI,ITI4,12,Lazio,Lazio,5879082,85662,1.46,0.22
1547,2021-05-07,LAZ,37898,17883,20015,1081,126,193,70,9304,10102,3964,4605,1337,7116,23998,13900,ITI,ITI4,12,Lazio,Lazio,5879082,123560,2.1,0.64
1548,2021-03-08,LAZ,20058,8310,11748,1580,135,380,4725,937,274,9236,906,1104,781,14785,5273,ITI,ITI4,12,Lazio,Lazio,5879082,143618,2.44,0.34
1549,2021-04-08,LAZ,26600,12140,14460,1233,94,187,59,3609,9056,8457,2522,173,1210,18927,7673,ITI,ITI4,12,Lazio,Lazio,5879082,170218,2.9,0.45
1550,2021-03-02,LAZ,16973,7416,9557,1478,362,229,3767,465,96,8231,328,1280,737,13039,3934,ITI,ITI4,12,Lazio,Lazio,5879082,187191,3.18,0.29
1551,2021-01-10,LAZ,4039,1700,2339,3424,160,252,0,35,27,24,0,0,117,4039,0,ITI,ITI4,12,Lazio,Lazio,5879082,191230,3.25,0.07
1552,2021-01-20,LAZ,4802,1939,2863,3282,233,427,0,91,59,380,0,0,330,3259,1543,ITI,ITI4,12,Lazio,Lazio,5879082,196032,3.33,0.08
1553,2021-05-05,LAZ,46229,21254,24975,1714,163,103,65,10872,12518,4775,5432,951,9636,30763,15466,ITI,ITI4,12,Lazio,Lazio,5879082,242261,4.12,0.79
1554,2021-04-20,LAZ,30850,14158,16692,701,143,230,75,7359,10158,8000,3724,35,425,19604,11246,ITI,ITI4,12,Lazio,Lazio,5879082,273111,4.65,0.52
1555,2021-01-24,LAZ,5694,2229,3465,4945,132,134,0,56,107,170,0,0,150,612,5082,ITI,ITI4,12,Lazio,Lazio,5879082,278805,4.74,0.1
1556,2021-03-15,LAZ,19277,8331,10946,1606,136,411,2535,710,1680,9760,813,967,659,12541,6736,ITI,ITI4,12,Lazio,Lazio,5879082,298082,5.07,0.33
1557,2021-01-28,LAZ,8275,3163,5112,6811,381,514,0,112,39,150,0,0,268,779,7496,ITI,ITI4,12,Lazio,Lazio,5879082,306357,5.21,0.14
1558,2021-04-07,LAZ,24940,11301,13639,1150,89,190,94,2830,8843,8433,2081,123,1107,17639,7301,ITI,ITI4,12,Lazio,Lazio,5879082,331297,5.64,0.42
1559,2021-01-30,LAZ,7007,2890,4117,5299,283,651,0,114,70,187,0,0,403,805,6202,ITI,ITI4,12,Lazio,Lazio,5879082,338304,5.75,0.12
1560,2021-04-14,LAZ,29113,13217,15896,672,87,152,82,5056,9717,9107,3754,19,467,18996,10117,ITI,ITI4,12,Lazio,Lazio,5879082,367417,6.25,0.5
1561,2021-01-11,LAZ,5528,2104,3424,4554,312,569,0,12,9,14,0,0,58,5528,0,ITI,ITI4,12,Lazio,Lazio,5879082,372945,6.34,0.09
1562,2021-03-07,LAZ,14094,5429,8665,1002,27,148,3542,311,137,7469,405,701,352,10501,3593,ITI,ITI4,12,Lazio,Lazio,5879082,387039,6.58,0.24
1563,2021-04-19,LAZ,29965,13626,16339,642,108,157,38,6884,9940,8287,3387,45,477,19344,10621,ITI,ITI4,12,Lazio,Lazio,5879082,417004,7.09,0.51
1564,2021-01-13,LAZ,5669,2145,3524,4147,273,1009,0,39,12,28,0,0,161,5669,0,ITI,ITI4,12,Lazio,Lazio,5879082,422673,7.19,0.1
1565,2021-02-22,LAZ,11441,4982,6459,1780,130,473,2226,36,30,5276,1,1392,97,10939,502,ITI,ITI4,12,Lazio,Lazio,5879082,434114,7.38,0.19
1566,2021-02-24,LAZ,12040,5198,6842,1799,435,337,2404,75,64,5245,0,1329,352,11046,994,ITI,ITI4,12,Lazio,Lazio,5879082,446154,7.59,0.2
1567,2021-04-10,LAZ,23790,10308,13482,678,60,111,87,3950,7288,7864,3221,33,498,16617,7173,ITI,ITI4,12,Lazio,Lazio,5879082,469944,7.99,0.4
1568,2021-03-22,LAZ,21676,9046,12630,885,80,245,3878,424,4388,9342,1380,563,491,15015,6661,ITI,ITI4,12,Lazio,Lazio,5879082,491620,8.36,0.37
1569,2021-03-16,LAZ,13537,5731,7806,1194,70,280,6,215,849,9689,860,9,365,7095,6442,ITI,ITI4,12,Lazio,Lazio,5879082,505157,8.59,0.23
1570,2020-12-30,LAZ,1630,629,1001,1603,0,27,0,0,0,0,0,0,0,1630,0,ITI,ITI4,12,Lazio,Lazio,5879082,506787,8.62,0.03
1571,2021-01-17,LAZ,4893,2027,2866,3271,149,200,0,54,81,915,0,0,223,4681,212,ITI,ITI4,12,Lazio,Lazio,5879082,511680,8.7,0.08
1572,2021-04-26,LAZ,29110,13375,15735,980,83,349,57,7381,11284,5655,2670,431,220,19926,9184,ITI,ITI4,12,Lazio,Lazio,5879082,540790,9.2,0.5
1573,2021-04-09,LAZ,27166,12191,14975,853,150,163,70,4185,8876,8617,2911,161,1180,18959,8207,ITI,ITI4,12,Lazio,Lazio,5879082,567956,9.66,0.46
1574,2021-04-02,LAZ,28517,13363,15154,1174,114,166,197,3350,9055,9407,3368,295,1391,21201,7316,ITI,ITI4,12,Lazio,Lazio,5879082,596473,10.15,0.49
1575,2021-03-20,LAZ,18223,6810,11413,910,148,360,3054,398,2119,9118,1479,215,422,12340,5883,ITI,ITI4,12,Lazio,Lazio,5879082,614696,10.46,0.31
1576,2021-04-28,LAZ,32726,14962,17764,2032,167,68,94,8055,11204,5913,4260,329,604,21239,11487,ITI,ITI4,12,Lazio,Lazio,5879082,647422,11.01,0.56
1577,2020-12-29,LAZ,488,176,312,486,2,0,0,0,0,0,0,0,0,488,0,ITI,ITI4,12,Lazio,Lazio,5879082,647910,11.02,0.01
1578,2021-03-28,LAZ,18838,7542,11296,550,22,77,2617,1393,4242,8572,961,140,264,13528,5310,ITI,ITI4,12,Lazio,Lazio,5879082,666748,11.34,0.32
1579,2021-01-09,LAZ,6294,2561,3733,5116,240,620,0,61,41,39,0,0,177,6294,0,ITI,ITI4,12,Lazio,Lazio,5879082,673042,11.45,0.11
1580,2021-01-05,LAZ,7371,2802,4569,6691,98,577,0,1,1,1,0,1,1,7371,0,ITI,ITI4,12,Lazio,Lazio,5879082,680413,11.57,0.13
1581,2021-03-19,LAZ,17197,7346,9851,1161,149,389,1011,399,2081,9700,1489,272,546,10870,6327,ITI,ITI4,12,Lazio,Lazio,5879082,697610,11.87,0.29
1582,2020-12-28,LAZ,959,412,547,957,2,0,0,0,0,0,0,0,0,959,0,ITI,ITI4,12,Lazio,Lazio,5879082,698569,11.88,0.02
1583,2021-05-01,LAZ,37783,17018,20765,1634,251,44,51,10751,11590,3870,3693,74,5825,25909,11874,ITI,ITI4,12,Lazio,Lazio,5879082,736352,12.52,0.64
1584,2021-02-07,LAZ,4940,2022,2918,3252,139,218,1,84,96,911,0,0,239,387,4553,ITI,ITI4,12,Lazio,Lazio,5879082,741292,12.61,0.08
1585,2021-02-08,LAZ,9739,4153,5586,3789,430,918,0,134,101,3832,0,0,535,4508,5231,ITI,ITI4,12,Lazio,Lazio,5879082,751031,12.77,0.17
1586,2021-03-29,LAZ,23938,10750,13188,771,94,143,805,1560,7503,9781,2417,369,495,16911,7027,ITI,ITI4,12,Lazio,Lazio,5879082,774969,13.18,0.41
1587,2021-02-27,LAZ,11410,4261,7149,1361,403,516,2710,83,103,4901,12,1122,199,10455,955,ITI,ITI4,12,Lazio,Lazio,5879082,786379,13.38,0.19
1588,2021-01-22,LAZ,4002,1633,2369,3380,76,70,0,54,23,177,0,0,222,487,3515,ITI,ITI4,12,Lazio,Lazio,5879082,790381,13.44,0.07
1589,2021-03-05,LAZ,18769,7943,10826,1787,180,256,3975,1080,188,8585,562,1323,833,14037,4732,ITI,ITI4,12,Lazio,Lazio,5879082,809150,13.76,0.32
1590,2021-04-18,LAZ,23754,10549,13205,449,23,37,27,6151,7908,7112,1860,12,175,16121,7633,ITI,ITI4,12,Lazio,Lazio,5879082,832904,14.17,0.4
1591,2021-03-21,LAZ,17860,6828,11032,1148,33,111,3449,115,3168,8281,1233,118,204,12811,5049,ITI,ITI4,12,Lazio,Lazio,5879082,850764,14.47,0.3
1592,2021-02-04,LAZ,6301,2480,3821,4460,358,892,0,105,70,123,0,0,293,989,5312,ITI,ITI4,12,Lazio,Lazio,5879082,857065,14.58,0.11
1593,2021-04-06,LAZ,23863,10647,13216,1125,88,94,167,2641,8584,8202,1925,234,803,16773,7090,ITI,ITI4,12,Lazio,Lazio,5879082,880928,14.98,0.41
1594,2021-03-10,LAZ,21977,9466,12511,1890,177,452,4622,2218,547,9061,913,1180,917,16333,5644,ITI,ITI4,12,Lazio,Lazio,5879082,902905,15.36,0.37
1595,2021-04-24,LAZ,33187,14934,18253,703,97,155,93,8599,11041,7236,3909,553,801,20475,12712,ITI,ITI4,12,Lazio,Lazio,5879082,936092,15.92,0.56
1596,2021-02-18,LAZ,10009,4971,5038,2165,111,473,1,168,63,4988,0,1671,369,9202,807,ITI,ITI4,12,Lazio,Lazio,5879082,946101,16.09,0.17
1597,2021-02-19,LAZ,10037,5071,4966,2172,105,408,34,94,94,5138,0,1639,353,9208,829,ITI,ITI4,12,Lazio,Lazio,5879082,956138,16.26,0.17
1598,2021-04-17,LAZ,32245,14143,18102,833,101,219,55,7173,9304,9345,4404,10,801,20307,11938,ITI,ITI4,12,Lazio,Lazio,5879082,988383,16.81,0.55
1599,2021-02-14,LAZ,5773,2370,3403,1647,38,127,0,74,131,3503,0,0,253,5303,470,ITI,ITI4,12,Lazio,Lazio,5879082,994156,16.91,0.1
1600,2021-01-14,LAZ,5454,2134,3320,3890,306,811,0,63,38,109,0,0,237,5454,0,ITI,ITI4,12,Lazio,Lazio,5879082,999610,17.0,0.09
1601,2021-05-06,LAZ,47847,22312,25535,1631,155,152,103,11347,12687,5247,6094,1368,9063,30873,16974,ITI,ITI4,12,Lazio,Lazio,5879082,1047457,17.82,0.81
1602,2021-04-29,LAZ,38352,17112,21240,3407,439,218,127,9495,11879,6050,5236,315,1186,25234,13118,ITI,ITI4,12,Lazio,Lazio,5879082,1085809,18.47,0.65
1603,2021-01-02,LAZ,6705,2630,4075,6269,77,358,0,0,0,0,0,0,1,6705,0,ITI,ITI4,12,Lazio,Lazio,5879082,1092514,18.58,0.11
1604,2021-03-09,LAZ,20869,8939,11930,1906,113,338,4636,1509,333,9103,1061,1234,636,15674,5195,ITI,ITI4,12,Lazio,Lazio,5879082,1113383,18.94,0.35
1605,2021-03-04,LAZ,18596,7957,10639,2014,216,506,3906,927,134,8283,429,1322,859,13580,5016,ITI,ITI4,12,Lazio,Lazio,5879082,1131979,19.25,0.32
1606,2021-01-04,LAZ,7480,2908,4572,7077,86,316,1,0,0,0,0,0,0,7480,0,ITI,ITI4,12,Lazio,Lazio,5879082,1139459,19.38,0.13
1607,2021-02-01,LAZ,5673,2175,3498,4785,193,559,0,17,27,30,1,0,61,354,5319,ITI,ITI4,12,Lazio,Lazio,5879082,1145132,19.48,0.1
1608,2021-03-11,LAZ,23771,10568,13203,1996,133,440,4459,2785,736,9466,1073,1896,787,17543,6228,ITI,ITI4,12,Lazio,Lazio,5879082,1168903,19.88,0.4
1609,2021-04-23,LAZ,37388,17949,19439,771,156,176,88,8166,12131,7785,5593,684,1838,22208,15180,ITI,ITI4,12,Lazio,Lazio,5879082,1206291,20.52,0.64
1610,2021-01-07,LAZ,7743,2901,4842,6898,182,566,0,16,10,9,0,0,62,7743,0,ITI,ITI4,12,Lazio,Lazio,5879082,1214034,20.65,0.13
1611,2021-02-20,LAZ,9190,4265,4925,1943,123,298,22,114,116,4856,0,1313,405,8426,764,ITI,ITI4,12,Lazio,Lazio,5879082,1223224,20.81,0.16
1612,2021-04-05,LAZ,19770,8991,10779,504,36,29,63,1815,8173,7595,1250,20,285,13593,6177,ITI,ITI4,12,Lazio,Lazio,5879082,1242994,21.14,0.34
1613,2021-05-03,LAZ,38852,17553,21299,2240,93,74,48,10444,12519,4073,3963,99,5299,26487,12365,ITI,ITI4,12,Lazio,Lazio,5879082,1281846,21.8,0.66
1614,2021-01-03,LAZ,5250,1972,3278,5125,50,65,0,1,4,1,0,0,4,5250,0,ITI,ITI4,12,Lazio,Lazio,5879082,1287096,21.89,0.09
1615,2021-02-06,LAZ,6134,2473,3661,3697,272,946,0,140,159,610,0,0,310,817,5317,ITI,ITI4,12,Lazio,Lazio,5879082,1293230,22.0,0.1
1616,2021-04-16,LAZ,34267,15626,18641,710,141,335,86,6828,10444,9669,5032,53,969,22223,12044,ITI,ITI4,12,Lazio,Lazio,5879082,1327497,22.58,0.58
1617,2021-02-05,LAZ,7277,2962,4315,5096,380,995,0,120,95,257,0,0,334,1185,6092,ITI,ITI4,12,Lazio,Lazio,5879082,1334774,22.7,0.12
1618,2021-03-13,LAZ,21399,8397,13002,1377,120,330,3751,3194,1278,9185,722,860,582,15505,5894,ITI,ITI4,12,Lazio,Lazio,5879082,1356173,23.07,0.36
1619,2021-02-03,LAZ,6489,2488,4001,4651,342,1078,0,65,38,86,0,0,229,965,5524,ITI,ITI4,12,Lazio,Lazio,5879082,1362662,23.18,0.11
1620,2021-03-24,LAZ,25867,11282,14585,1030,103,107,3624,1745,6517,9669,1820,285,967,19632,6235,ITI,ITI4,12,Lazio,Lazio,5879082,1388529,23.62,0.44
1621,2021-03-23,LAZ,23476,10208,13268,1036,101,181,3863,1058,4934,9333,1411,644,915,16902,6574,ITI,ITI4,12,Lazio,Lazio,5879082,1412005,24.02,0.4
1622,2021-01-19,LAZ,4767,1954,2813,2968,223,424,0,115,123,463,0,0,451,4313,454,ITI,ITI4,12,Lazio,Lazio,5879082,1416772,24.1,0.08
1623,2021-01-18,LAZ,6264,2555,3709,3925,388,736,0,114,77,520,0,0,504,5286,978,ITI,ITI4,12,Lazio,Lazio,5879082,1423036,24.21,0.11
1624,2021-03-30,LAZ,25218,11555,13663,1241,97,249,296,2461,7847,9620,2342,383,682,18086,7132,ITI,ITI4,12,Lazio,Lazio,5879082,1448254,24.63,0.43
1625,2021-04-15,LAZ,31753,14243,17510,702,121,333,87,5426,10364,9678,4157,45,840,20966,10787,ITI,ITI4,12,Lazio,Lazio,5879082,1480007,25.17,0.54
1626,2021-03-25,LAZ,26893,11492,15401,936,95,318,3522,2240,6679,9905,1961,238,999,20295,6598,ITI,ITI4,12,Lazio,Lazio,5879082,1506900,25.63,0.46
1627,2021-03-27,LAZ,26005,10391,15614,1316,127,290,3480,2067,5487,9662,2257,205,1114,19538,6467,ITI,ITI4,12,Lazio,Lazio,5879082,1532905,26.07,0.44
1628,2021-05-02,LAZ,32576,14315,18261,1627,142,34,30,9433,10347,3036,2727,45,5155,23231,9345,ITI,ITI4,12,Lazio,Lazio,5879082,1565481,26.63,0.55
1629,2021-01-29,LAZ,8040,3078,4962,6391,283,776,0,89,47,135,0,0,319,811,7229,ITI,ITI4,12,Lazio,Lazio,5879082,1573521,26.76,0.14
1630,2021-02-11,LAZ,6978,2992,3986,2197,179,499,0,80,40,3685,0,0,298,6467,511,ITI,ITI4,12,Lazio,Lazio,5879082,1580499,26.88,0.12
1631,2021-02-28,LAZ,10232,3998,6234,1601,265,77,2599,88,45,4677,5,682,193,9718,514,ITI,ITI4,12,Lazio,Lazio,5879082,1590731,27.06,0.17
1632,2021-03-26,LAZ,28217,12244,15973,1018,119,332,3294,1992,6728,10288,2601,310,1535,21374,6843,ITI,ITI4,12,Lazio,Lazio,5879082,1618948,27.54,0.48
1633,2021-03-12,LAZ,22864,10111,12753,2005,188,401,3964,2404,1173,9645,916,1198,970,16552,6312,ITI,ITI4,12,Lazio,Lazio,5879082,1641812,27.93,0.39
1634,2021-04-04,LAZ,17464,8036,9428,307,40,11,42,1821,7370,6805,877,17,174,12198,5266,ITI,ITI4,12,Lazio,Lazio,5879082,1659276,28.22,0.3
1635,2021-01-12,LAZ,5391,1974,3417,4343,344,584,0,21,11,10,0,0,78,5391,0,ITI,ITI4,12,Lazio,Lazio,5879082,1664667,28.32,0.09
1636,2021-01-01,LAZ,3554,1382,2172,3483,2,68,0,0,0,0,0,0,1,3554,0,ITI,ITI4,12,Lazio,Lazio,5879082,1668221,28.38,0.06
1637,2021-01-23,LAZ,7210,2867,4343,6064,255,417,0,45,48,182,0,0,199,581,6629,ITI,ITI4,12,Lazio,Lazio,5879082,1675431,28.5,0.12
1638,2021-01-16,LAZ,5637,2277,3360,3358,246,1066,0,73,93,549,0,0,252,5637,0,ITI,ITI4,12,Lazio,Lazio,5879082,1681068,28.59,0.1
1639,2021-01-15,LAZ,6561,2698,3863,4499,423,988,0,96,66,196,0,0,293,6561,0,ITI,ITI4,12,Lazio,Lazio,5879082,1687629,28.71,0.11
1640,2021-01-21,LAZ,5592,2340,3252,4781,92,232,0,60,18,178,0,0,231,540,5052,ITI,ITI4,12,Lazio,Lazio,5879082,1693221,28.8,0.1
1641,2021-02-02,LAZ,5908,2212,3696,4712,368,571,0,57,39,37,0,0,124,637,5271,ITI,ITI4,12,Lazio,Lazio,5879082,1699129,28.9,0.1
1642,2021-05-04,LAZ,39432,18139,21293,2215,166,103,53,10161,12315,3987,4294,554,5584,26176,13256,ITI,ITI4,12,Lazio,Lazio,5879082,1738561,29.57,0.67
1643,2021-02-21,LAZ,6983,3176,3807,1245,65,51,16,88,94,4580,0,608,236,6523,460,ITI,ITI4,12,Lazio,Lazio,5879082,1745544,29.69,0.12
1644,2021-04-01,LAZ,28359,13012,15347,1141,112,284,256,3042,9003,9723,3292,347,1159,21223,7136,ITI,ITI4,12,Lazio,Lazio,5879082,1773903,30.17,0.48
1645,2020-12-27,LAZ,272,131,141,272,0,0,0,0,0,0,0,0,0,272,0,ITI,ITI4,12,Lazio,Lazio,5879082,1774175,30.18,0.0
1646,2021-02-15,LAZ,8074,3587,4487,2447,378,379,0,89,88,4292,0,11,390,7443,631,ITI,ITI4,12,Lazio,Lazio,5879082,1782249,30.32,0.14
1647,2021-04-03,LAZ,24650,11083,13567,844,72,111,214,3160,8261,8597,2200,44,1147,17966,6684,ITI,ITI4,12,Lazio,Lazio,5879082,1806899,30.73,0.42
1648,2021-04-30,LAZ,40913,18121,22792,4563,580,80,202,9360,11902,6139,6252,343,1492,26941,13972,ITI,ITI4,12,Lazio,Lazio,5879082,1847812,31.43,0.7
1649,2021-02-26,LAZ,13070,5698,7372,1913,542,352,2744,118,96,5269,4,1385,647,11708,1362,ITI,ITI4,12,Lazio,Lazio,5879082,1860882,31.65,0.22
1650,2021-02-17,LAZ,9180,4601,4579,2285,247,499,1,124,62,4278,0,1349,335,8308,872,ITI,ITI4,12,Lazio,Lazio,5879082,1870062,31.81,0.16
1651,2021-02-12,LAZ,6843,2845,3998,1997,183,302,0,85,43,3844,0,1,388,6433,410,ITI,ITI4,12,Lazio,Lazio,5879082,1876905,31.93,0.12
1652,2021-04-21,LAZ,32799,14912,17887,699,122,135,70,7636,10791,8220,4449,50,627,20489,12310,ITI,ITI4,12,Lazio,Lazio,5879082,1909704,32.48,0.56
1653,2021-01-25,LAZ,8111,3246,4865,7006,218,363,0,66,73,143,0,0,242,771,7340,ITI,ITI4,12,Lazio,Lazio,5879082,1917815,32.62,0.14
1654,2021-03-06,LAZ,18261,7030,11231,1508,119,327,3783,2227,143,8032,583,934,605,14005,4256,ITI,ITI4,12,Lazio,Lazio,5879082,1936076,32.93,0.31
1655,2021-04-11,LAZ,19116,8432,10684,392,30,50,31,3821,6136,6542,2003,14,97,13235,5881,ITI,ITI4,12,Lazio,Lazio,5879082,1955192,33.26,0.33
1656,2021-04-12,LAZ,23601,10614,12987,653,73,101,72,4147,7672,7745,2647,108,383,16710,6891,ITI,ITI4,12,Lazio,Lazio,5879082,1978793,33.66,0.4
1657,2021-03-17,LAZ,13789,5898,7891,1046,100,255,14,291,938,9700,967,7,471,7534,6255,ITI,ITI4,12,Lazio,Lazio,5879082,1992582,33.89,0.23
1658,2021-03-14,LAZ,17087,6609,10478,1163,96,81,3466,453,1103,8439,543,567,1176,11933,5154,ITI,ITI4,12,Lazio,Lazio,5879082,2009669,34.18,0.29
1659,2021-03-01,LAZ,17053,7322,9731,1326,531,385,3580,389,145,8190,391,1406,710,13168,3885,ITI,ITI4,12,Lazio,Lazio,5879082,2026722,34.47,0.29
1660,2021-02-16,LAZ,8409,4089,4320,2064,125,261,1,137,94,4265,0,956,506,7805,604,ITI,ITI4,12,Lazio,Lazio,5879082,2035131,34.62,0.14
1661,2021-01-08,LAZ,7726,2894,4832,6519,196,798,0,36,32,32,0,0,113,7726,0,ITI,ITI4,12,Lazio,Lazio,5879082,2042857,34.75,0.13
1662,2021-03-03,LAZ,17287,7331,9956,1561,211,380,3943,697,117,8196,259,1251,672,12993,4294,ITI,ITI4,12,Lazio,Lazio,5879082,2060144,35.04,0.29
1663,2021-01-06,LAZ,5119,1960,3159,4619,154,320,1,1,4,8,5,1,6,5119,0,ITI,ITI4,12,Lazio,Lazio,5879082,2065263,35.13,0.09
1664,2021-04-25,LAZ,24405,11181,13224,794,23,10,21,7122,9687,5211,1118,152,267,16602,7803,ITI,ITI4,12,Lazio,Lazio,5879082,2089668,35.54,0.42
1665,2021-02-23,LAZ,11088,4778,6310,1897,119,309,1913,68,61,5226,0,1015,480,10327,761,ITI,ITI4,12,Lazio,Lazio,5879082,2100756,35.73,0.19
1666,2021-03-31,LAZ,26051,12008,14043,1021,96,135,255,2521,8152,9629,2835,372,1035,18967,7084,ITI,ITI4,12,Lazio,Lazio,5879082,2126807,36.18,0.44
1667,2021-04-27,LAZ,30473,13750,16723,1478,163,44,79,7604,11125,5825,3346,386,423,19687,10786,ITI,ITI4,12,Lazio,Lazio,5879082,2157280,36.69,0.52
1668,2021-02-09,LAZ,8797,3768,5029,3258,246,548,0,115,124,4068,0,0,438,4580,4217,ITI,ITI4,12,Lazio,Lazio,5879082,2166077,36.84,0.15
1669,2020-12-31,LAZ,5291,2121,3170,4987,20,279,0,1,0,0,0,0,4,5291,0,ITI,ITI4,12,Lazio,Lazio,5879082,2171368,36.93,0.09
1670,2021-04-22,LAZ,38240,18806,19434,871,114,296,78,7983,11751,8208,5104,478,3357,23790,14450,ITI,ITI4,12,Lazio,Lazio,5879082,2209608,37.58,0.65
1671,2021-03-29,VEN,31442,13660,17782,634,429,514,446,984,5772,16998,3660,932,1073,27554,3888,ITH,ITH3,5,Veneto,Veneto,4905854,31442,0.64,0.64
1672,2021-01-02,VEN,5742,1765,3977,4820,233,544,3,24,2,3,0,0,113,5742,0,ITH,ITH3,5,Veneto,Veneto,4905854,37184,0.76,0.12
1673,2021-03-15,VEN,16595,7259,9336,1390,772,430,1969,145,599,9248,1061,709,272,11379,5216,ITH,ITH3,5,Veneto,Veneto,4905854,53779,1.1,0.34
1674,2021-03-09,VEN,16457,7378,9079,1354,347,749,2948,108,60,8546,687,1116,542,10143,6314,ITH,ITH3,5,Veneto,Veneto,4905854,70236,1.43,0.34
1675,2021-04-20,VEN,22312,9453,12859,549,121,521,155,833,4571,9790,5314,31,427,8319,13993,ITH,ITH3,5,Veneto,Veneto,4905854,92548,1.89,0.45
1676,2021-02-05,VEN,8369,2535,5834,4450,1466,2164,14,66,21,8,1,6,173,1425,6944,ITH,ITH3,5,Veneto,Veneto,4905854,100917,2.06,0.17
1677,2021-04-23,VEN,30796,13678,17118,646,321,313,116,1020,13445,7036,7096,38,765,22124,8672,ITH,ITH3,5,Veneto,Veneto,4905854,131713,2.68,0.63
1678,2021-01-07,VEN,8358,2318,6040,5565,858,1802,2,41,18,35,0,0,37,8358,0,ITH,ITH3,5,Veneto,Veneto,4905854,140071,2.86,0.17
1679,2021-03-18,VEN,12599,5133,7466,1685,482,495,856,105,140,7504,1055,36,241,7373,5226,ITH,ITH3,5,Veneto,Veneto,4905854,152670,3.11,0.26
1680,2021-02-26,VEN,8288,3266,5022,1803,544,747,315,64,30,4380,145,91,169,7036,1252,ITH,ITH3,5,Veneto,Veneto,4905854,160958,3.28,0.17
1681,2021-01-13,VEN,5986,1607,4379,2889,1128,1889,2,21,6,3,2,1,45,5986,0,ITH,ITH3,5,Veneto,Veneto,4905854,166944,3.4,0.12
1682,2021-03-21,VEN,11984,4755,7229,1602,1131,42,2532,130,201,4244,1639,180,283,8522,3462,ITH,ITH3,5,Veneto,Veneto,4905854,178928,3.65,0.24
1683,2021-03-11,VEN,19693,8766,10927,1839,958,889,3690,191,72,9321,728,1287,718,14110,5583,ITH,ITH3,5,Veneto,Veneto,4905854,198621,4.05,0.4
1684,2021-02-23,VEN,7369,3245,4124,1102,205,245,190,50,21,5342,49,69,96,7107,262,ITH,ITH3,5,Veneto,Veneto,4905854,205990,4.2,0.15
1685,2021-03-01,VEN,9388,3711,5677,2146,421,954,2519,107,21,2607,165,272,176,7567,1821,ITH,ITH3,5,Veneto,Veneto,4905854,215378,4.39,0.19
1686,2021-02-16,VEN,6635,2869,3766,728,241,479,3,18,14,5020,35,2,95,6458,177,ITH,ITH3,5,Veneto,Veneto,4905854,222013,4.53,0.14
1687,2021-02-17,VEN,6022,2772,3250,424,158,361,4,23,11,4946,26,5,64,5928,94,ITH,ITH3,5,Veneto,Veneto,4905854,228035,4.65,0.12
1688,2021-03-06,VEN,10637,4320,6317,3561,566,1491,1329,63,26,1971,1274,168,188,7366,3271,ITH,ITH3,5,Veneto,Veneto,4905854,238672,4.87,0.22
1689,2021-01-22,VEN,1080,332,748,962,52,57,3,1,0,0,0,0,5,25,1055,ITH,ITH3,5,Veneto,Veneto,4905854,239752,4.89,0.02
1690,2021-04-17,VEN,22241,9011,13230,807,216,129,86,497,3416,10319,6464,16,291,14956,7285,ITH,ITH3,5,Veneto,Veneto,4905854,261993,5.34,0.45
1691,2021-01-29,VEN,9014,2785,6229,6198,1230,1437,6,64,18,4,0,2,55,368,8646,ITH,ITH3,5,Veneto,Veneto,4905854,271007,5.52,0.18
1692,2021-03-03,VEN,12032,4591,7441,3356,661,1239,2342,101,41,3377,145,442,328,8538,3494,ITH,ITH3,5,Veneto,Veneto,4905854,283039,5.77,0.25
1693,2021-05-07,VEN,32430,15564,16866,1028,460,211,177,15484,5824,1879,5427,65,1875,25399,7031,ITH,ITH3,5,Veneto,Veneto,4905854,315469,6.43,0.66
1694,2021-03-31,VEN,38452,16163,22289,1898,664,811,414,1253,9244,18494,4131,482,1061,31007,7445,ITH,ITH3,5,Veneto,Veneto,4905854,353921,7.21,0.78
1695,2021-04-22,VEN,31514,13721,17793,675,295,374,110,1039,13046,9196,5917,45,817,15858,15656,ITH,ITH3,5,Veneto,Veneto,4905854,385435,7.86,0.64
1696,2021-02-28,VEN,4136,1389,2747,1741,942,15,15,22,1,992,301,76,31,3299,837,ITH,ITH3,5,Veneto,Veneto,4905854,389571,7.94,0.08
1697,2021-02-04,VEN,7321,2016,5305,3585,1102,2381,6,34,15,21,1,0,176,553,6768,ITH,ITH3,5,Veneto,Veneto,4905854,396892,8.09,0.15
1698,2021-03-10,VEN,18929,8634,10295,1566,791,560,4150,189,86,9048,652,1318,569,13245,5684,ITH,ITH3,5,Veneto,Veneto,4905854,415821,8.48,0.39
1699,2021-01-31,VEN,4768,1563,3205,3753,562,377,4,16,2,5,2,13,34,394,4374,ITH,ITH3,5,Veneto,Veneto,4905854,420589,8.57,0.1
1700,2021-02-09,VEN,5244,1890,3354,3099,643,1269,6,41,10,21,1,1,153,3445,1799,ITH,ITH3,5,Veneto,Veneto,4905854,425833,8.68,0.11
1701,2021-02-21,VEN,4630,1208,3422,495,0,18,3694,0,0,417,0,2,4,4627,3,ITH,ITH3,5,Veneto,Veneto,4905854,430463,8.77,0.09
1702,2021-01-26,VEN,6916,2090,4826,5363,522,977,5,9,3,0,0,1,36,154,6762,ITH,ITH3,5,Veneto,Veneto,4905854,437379,8.92,0.14
1703,2021-03-17,VEN,14641,5990,8651,2253,500,317,700,126,192,8778,1428,26,321,7847,6794,ITH,ITH3,5,Veneto,Veneto,4905854,452020,9.21,0.3
1704,2021-01-09,VEN,7928,2538,5390,5245,975,1573,6,37,4,3,22,12,51,7928,0,ITH,ITH3,5,Veneto,Veneto,4905854,459948,9.38,0.16
1705,2021-04-13,VEN,13936,6286,7650,744,175,300,66,334,2225,5160,4532,26,374,8459,5477,ITH,ITH3,5,Veneto,Veneto,4905854,473884,9.66,0.28
1706,2021-03-14,VEN,15162,5931,9231,3409,1056,100,3661,154,1440,3750,996,275,321,14268,894,ITH,ITH3,5,Veneto,Veneto,4905854,489046,9.97,0.31
1707,2021-02-07,VEN,2315,862,1453,1974,238,50,2,14,3,2,0,7,25,714,1601,ITH,ITH3,5,Veneto,Veneto,4905854,491361,10.02,0.05
1708,2021-01-04,VEN,6735,2033,4702,5341,426,913,6,14,2,1,0,0,32,6735,0,ITH,ITH3,5,Veneto,Veneto,4905854,498096,10.15,0.14
1709,2021-01-18,VEN,2763,777,1986,1224,478,992,1,11,4,8,0,1,44,2564,199,ITH,ITH3,5,Veneto,Veneto,4905854,500859,10.21,0.06
1710,2020-12-30,VEN,699,245,454,598,52,39,2,0,0,0,0,0,8,699,0,ITH,ITH3,5,Veneto,Veneto,4905854,501558,10.22,0.01
1711,2021-02-01,VEN,8557,2500,6057,4422,1543,2136,10,69,25,267,0,0,85,161,8396,ITH,ITH3,5,Veneto,Veneto,4905854,510115,10.4,0.17
1712,2021-01-19,VEN,1309,472,837,726,218,326,0,6,3,7,1,0,22,1159,150,ITH,ITH3,5,Veneto,Veneto,4905854,511424,10.42,0.03
1713,2021-03-12,VEN,18552,8114,10438,2137,1193,755,3511,210,117,8048,861,1009,711,11807,6745,ITH,ITH3,5,Veneto,Veneto,4905854,529976,10.8,0.38
1714,2020-12-31,VEN,3219,1042,2177,2765,94,252,2,23,0,0,0,0,83,3219,0,ITH,ITH3,5,Veneto,Veneto,4905854,533195,10.87,0.07
1715,2021-04-05,VEN,19146,8371,10775,660,392,327,176,338,9870,5520,1711,22,130,13693,5453,ITH,ITH3,5,Veneto,Veneto,4905854,552341,11.26,0.39
1716,2021-01-03,VEN,5158,1563,3595,4607,255,249,2,13,1,0,0,0,31,5158,0,ITH,ITH3,5,Veneto,Veneto,4905854,557499,11.36,0.11
1717,2021-05-04,VEN,42182,19971,22211,517,142,105,2369,22968,6795,1529,6493,47,1217,34262,7920,ITH,ITH3,5,Veneto,Veneto,4905854,599681,12.22,0.86
1718,2021-01-21,VEN,2291,719,1572,2052,74,141,3,11,0,0,0,0,10,21,2270,ITH,ITH3,5,Veneto,Veneto,4905854,601972,12.27,0.05
1719,2021-03-30,VEN,35854,15215,20639,869,406,589,478,1509,8619,16799,4767,563,1255,30605,5249,ITH,ITH3,5,Veneto,Veneto,4905854,637826,13.0,0.73
1720,2021-02-03,VEN,5935,1662,4273,2948,1141,1750,6,23,7,3,3,0,54,480,5455,ITH,ITH3,5,Veneto,Veneto,4905854,643761,13.12,0.12
1721,2021-01-30,VEN,8745,2671,6074,6335,1026,1235,9,53,4,4,2,13,64,692,8053,ITH,ITH3,5,Veneto,Veneto,4905854,652506,13.3,0.18
1722,2021-02-13,VEN,3267,1474,1793,1592,198,1438,1,11,2,3,1,1,20,3247,20,ITH,ITH3,5,Veneto,Veneto,4905854,655773,13.37,0.07
1723,2021-05-01,VEN,38633,18143,20490,491,179,42,274,19845,6450,4337,6045,36,934,29746,8887,ITH,ITH3,5,Veneto,Veneto,4905854,694406,14.15,0.79
1724,2021-02-06,VEN,4093,1353,2740,3098,542,367,4,19,5,3,0,1,54,709,3384,ITH,ITH3,5,Veneto,Veneto,4905854,698499,14.24,0.08
1725,2021-01-24,VEN,4117,1219,2898,3763,94,222,4,5,1,1,1,0,26,28,4089,ITH,ITH3,5,Veneto,Veneto,4905854,702616,14.32,0.08
1726,2021-04-16,VEN,24360,10458,13902,744,300,442,125,536,5876,10003,5793,35,506,12449,11911,ITH,ITH3,5,Veneto,Veneto,4905854,726976,14.82,0.5
1727,2021-03-22,VEN,18087,8131,9956,1478,1154,549,2496,212,2765,6700,1615,783,335,13045,5042,ITH,ITH3,5,Veneto,Veneto,4905854,745063,15.19,0.37
1728,2021-03-23,VEN,22140,10185,11955,1303,1131,678,2868,284,5281,6686,2362,1046,501,17422,4718,ITH,ITH3,5,Veneto,Veneto,4905854,767203,15.64,0.45
1729,2021-03-24,VEN,22019,9503,12516,1215,1051,807,3108,263,1505,10424,2228,970,448,15211,6808,ITH,ITH3,5,Veneto,Veneto,4905854,789222,16.09,0.45
1730,2021-04-10,VEN,27392,11946,15446,593,314,407,115,429,9462,10760,4996,15,301,18914,8478,ITH,ITH3,5,Veneto,Veneto,4905854,816614,16.65,0.56
1731,2021-04-02,VEN,23941,10542,13399,1214,510,382,299,497,7223,9629,3575,210,402,17612,6329,ITH,ITH3,5,Veneto,Veneto,4905854,840555,17.13,0.49
1732,2021-03-04,VEN,12906,4819,8087,3218,844,1423,2833,90,56,3415,318,471,238,9440,3466,ITH,ITH3,5,Veneto,Veneto,4905854,853461,17.4,0.26
1733,2021-04-19,VEN,21496,8903,12593,965,187,287,202,547,3113,11446,4403,22,324,5082,16414,ITH,ITH3,5,Veneto,Veneto,4905854,874957,17.83,0.44
1734,2021-05-06,VEN,45176,21193,23983,617,208,281,1857,25998,6365,2322,6127,117,1284,36953,8223,ITH,ITH3,5,Veneto,Veneto,4905854,920133,18.76,0.92
1735,2021-04-29,VEN,49991,23278,26713,642,217,436,217,22919,10606,5644,7932,161,1217,36813,13178,ITH,ITH3,5,Veneto,Veneto,4905854,970124,19.77,1.02
1736,2021-02-22,VEN,7013,3041,3972,758,138,362,244,26,15,5401,40,1,28,6626,387,ITH,ITH3,5,Veneto,Veneto,4905854,977137,19.92,0.14
1737,2021-02-08,VEN,4974,1540,3434,2822,785,1178,4,37,8,12,1,0,127,1929,3045,ITH,ITH3,5,Veneto,Veneto,4905854,982111,20.02,0.1
1738,2021-01-01,VEN,1527,471,1056,1513,7,1,3,0,0,0,0,0,3,1527,0,ITH,ITH3,5,Veneto,Veneto,4905854,983638,20.05,0.03
1739,2021-01-27,VEN,7140,2065,5075,5406,723,879,9,89,23,2,0,0,9,245,6895,ITH,ITH3,5,Veneto,Veneto,4905854,990778,20.2,0.15
1740,2021-01-05,VEN,7329,2182,5147,5447,662,1122,5,23,2,1,0,2,65,7329,0,ITH,ITH3,5,Veneto,Veneto,4905854,998107,20.35,0.15
1741,2021-01-20,VEN,1038,368,670,695,116,213,1,5,1,2,0,0,5,386,652,ITH,ITH3,5,Veneto,Veneto,4905854,999145,20.37,0.02
1742,2021-02-02,VEN,6411,1847,4564,2999,1135,2000,3,27,6,153,6,0,82,392,6019,ITH,ITH3,5,Veneto,Veneto,4905854,1005556,20.5,0.13
1743,2021-04-18,VEN,17513,7255,10258,520,155,69,110,380,2326,7391,6312,14,236,9920,7593,ITH,ITH3,5,Veneto,Veneto,4905854,1023069,20.85,0.36
1744,2021-04-27,VEN,27995,12709,15286,864,224,286,75,3077,13369,4544,4979,47,530,21068,6927,ITH,ITH3,5,Veneto,Veneto,4905854,1051064,21.42,0.57
1745,2020-12-27,VEN,880,395,485,875,1,0,1,0,1,0,0,0,2,880,0,ITH,ITH3,5,Veneto,Veneto,4905854,1051944,21.44,0.02
1746,2021-04-03,VEN,21874,9592,12282,1870,299,150,130,384,6141,8255,4136,31,478,14157,7717,ITH,ITH3,5,Veneto,Veneto,4905854,1073818,21.89,0.45
1747,2021-01-28,VEN,9208,2662,6546,6585,1080,1451,5,40,2,7,2,0,36,173,9035,ITH,ITH3,5,Veneto,Veneto,4905854,1083026,22.08,0.19
1748,2021-04-21,VEN,31967,13024,18943,997,304,395,119,661,10441,13338,5200,16,496,15979,15988,ITH,ITH3,5,Veneto,Veneto,4905854,1114993,22.73,0.65
1749,2021-04-08,VEN,32217,14292,17925,1159,389,592,443,857,11089,10113,6991,120,464,24337,7880,ITH,ITH3,5,Veneto,Veneto,4905854,1147210,23.38,0.66
1750,2021-01-10,VEN,5032,1671,3361,3893,565,462,1,10,2,4,0,2,93,5032,0,ITH,ITH3,5,Veneto,Veneto,4905854,1152242,23.49,0.1
1751,2021-04-24,VEN,24611,10774,13837,606,262,106,61,636,10454,7051,4854,17,564,15547,9064,ITH,ITH3,5,Veneto,Veneto,4905854,1176853,23.99,0.5
1752,2021-05-05,VEN,43042,20667,22375,441,187,130,852,22411,10081,1466,5999,45,1430,36629,6413,ITH,ITH3,5,Veneto,Veneto,4905854,1219895,24.87,0.88
1753,2021-02-18,VEN,5828,2455,3373,976,265,667,8,34,15,3797,4,1,61,5764,64,ITH,ITH3,5,Veneto,Veneto,4905854,1225723,24.98,0.12
1754,2021-02-27,VEN,8990,2693,6297,2322,180,65,4137,44,14,1964,32,86,146,8138,852,ITH,ITH3,5,Veneto,Veneto,4905854,1234713,25.17,0.18
1755,2021-04-04,VEN,7776,3531,4245,24,40,1,13,128,4953,1318,1258,2,39,6625,1151,ITH,ITH3,5,Veneto,Veneto,4905854,1242489,25.33,0.16
1756,2021-03-16,VEN,12486,5345,7141,1479,384,486,129,125,113,7720,1769,21,260,6874,5612,ITH,ITH3,5,Veneto,Veneto,4905854,1254975,25.58,0.25
1757,2021-02-25,VEN,7899,3339,4560,1548,342,476,297,34,35,4936,21,109,101,7294,605,ITH,ITH3,5,Veneto,Veneto,4905854,1262874,25.74,0.16
1758,2021-03-26,VEN,29493,13074,16419,1296,1753,1230,1922,467,8141,9812,3172,986,714,24029,5464,ITH,ITH3,5,Veneto,Veneto,4905854,1292367,26.34,0.6
1759,2021-02-19,VEN,7322,3140,4182,1561,573,665,9,35,16,4367,5,4,87,7118,204,ITH,ITH3,5,Veneto,Veneto,4905854,1299689,26.49,0.15
1760,2021-01-06,VEN,8131,2385,5746,6514,672,808,10,83,24,2,2,2,14,8131,0,ITH,ITH3,5,Veneto,Veneto,4905854,1307820,26.66,0.17
1761,2021-02-14,VEN,125,56,69,97,22,0,0,2,0,0,0,0,4,112,13,ITH,ITH3,5,Veneto,Veneto,4905854,1307945,26.66,0.0
1762,2021-01-08,VEN,9404,2835,6569,6132,1323,1807,12,65,18,4,1,1,41,9404,0,ITH,ITH3,5,Veneto,Veneto,4905854,1317349,26.85,0.19
1763,2021-04-28,VEN,32110,15046,17064,694,243,587,92,4663,15624,2775,6441,36,955,23110,9000,ITH,ITH3,5,Veneto,Veneto,4905854,1349459,27.51,0.65
1764,2021-05-03,VEN,40287,19631,20656,320,128,100,712,23142,6053,1643,6860,27,1302,33883,6404,ITH,ITH3,5,Veneto,Veneto,4905854,1389746,28.33,0.82
1765,2021-01-16,VEN,4607,1541,3066,3196,670,657,0,14,6,0,0,1,63,4607,0,ITH,ITH3,5,Veneto,Veneto,4905854,1394353,28.42,0.09
1766,2021-03-20,VEN,12941,5341,7600,710,269,320,2412,152,1615,4728,2100,219,416,10843,2098,ITH,ITH3,5,Veneto,Veneto,4905854,1407294,28.69,0.26
1767,2021-03-19,VEN,13790,5668,8122,2161,862,516,727,157,127,7564,1254,55,367,7696,6094,ITH,ITH3,5,Veneto,Veneto,4905854,1421084,28.97,0.28
1768,2021-04-26,VEN,20615,9406,11209,463,156,122,87,907,10618,2998,4639,49,576,15461,5154,ITH,ITH3,5,Veneto,Veneto,4905854,1441699,29.39,0.42
1769,2021-04-06,VEN,28723,13205,15518,443,202,388,105,524,16665,5362,4746,69,219,23648,5075,ITH,ITH3,5,Veneto,Veneto,4905854,1470422,29.97,0.59
1770,2021-04-01,VEN,24910,10926,13984,1055,604,587,162,668,7074,9825,4149,291,495,18539,6371,ITH,ITH3,5,Veneto,Veneto,4905854,1495332,30.48,0.51
1771,2021-01-17,VEN,1933,781,1152,1589,193,120,2,3,1,3,0,0,22,1584,349,ITH,ITH3,5,Veneto,Veneto,4905854,1497265,30.52,0.04
1772,2021-04-25,VEN,18265,8131,10134,354,94,112,59,417,9064,4030,3907,4,224,13438,4827,ITH,ITH3,5,Veneto,Veneto,4905854,1515530,30.89,0.37
1773,2021-02-24,VEN,8612,3678,4934,1592,411,521,14,35,28,5592,38,273,108,8128,484,ITH,ITH3,5,Veneto,Veneto,4905854,1524142,31.07,0.18
1774,2021-03-28,VEN,31285,13597,17688,1467,1447,172,2445,1170,8603,9244,3871,56,2810,27612,3673,ITH,ITH3,5,Veneto,Veneto,4905854,1555427,31.71,0.64
1775,2021-02-12,VEN,4313,1447,2866,2768,441,692,8,43,14,6,0,4,337,3741,572,ITH,ITH3,5,Veneto,Veneto,4905854,1559740,31.79,0.09
1776,2021-01-25,VEN,6467,2075,4392,5137,377,904,2,13,2,6,0,0,26,160,6307,ITH,ITH3,5,Veneto,Veneto,4905854,1566207,31.93,0.13
1777,2021-04-30,VEN,49453,23244,26209,642,315,460,241,21114,10505,5563,9204,102,1307,33839,15614,ITH,ITH3,5,Veneto,Veneto,4905854,1615660,32.93,1.01
1778,2021-03-05,VEN,13282,4978,8304,3643,692,1467,2979,109,50,3091,474,353,424,9622,3660,ITH,ITH3,5,Veneto,Veneto,4905854,1628942,33.2,0.27
1779,2021-01-11,VEN,7239,2101,5138,3688,1161,1958,8,58,22,254,6,0,84,7239,0,ITH,ITH3,5,Veneto,Veneto,4905854,1636181,33.35,0.15
1780,2021-01-15,VEN,5865,1820,4045,3124,992,1569,4,46,18,9,0,5,98,5865,0,ITH,ITH3,5,Veneto,Veneto,4905854,1642046,33.47,0.12
1781,2021-04-11,VEN,20978,8864,12114,1896,137,83,345,321,4325,8118,5480,11,262,14670,6308,ITH,ITH3,5,Veneto,Veneto,4905854,1663024,33.9,0.43
1782,2021-04-12,VEN,14870,6317,8553,698,121,122,940,277,2072,6050,4308,19,263,6652,8218,ITH,ITH3,5,Veneto,Veneto,4905854,1677894,34.2,0.3
1783,2021-03-08,VEN,13529,6188,7341,717,201,391,2947,84,54,7165,475,1149,346,9462,4067,ITH,ITH3,5,Veneto,Veneto,4905854,1691423,34.48,0.28
1784,2021-04-15,VEN,20770,8574,12196,759,255,492,688,431,3890,8816,4994,8,437,9970,10800,ITH,ITH3,5,Veneto,Veneto,4905854,1712193,34.9,0.42
1785,2021-05-02,VEN,37095,17197,19898,695,174,21,534,18908,4826,4505,6520,21,891,26774,10321,ITH,ITH3,5,Veneto,Veneto,4905854,1749288,35.66,0.76
1786,2021-01-14,VEN,7062,1924,5138,3349,1066,2491,4,26,7,17,1,0,101,7062,0,ITH,ITH3,5,Veneto,Veneto,4905854,1756350,35.8,0.14
1787,2021-04-07,VEN,35703,16029,19674,2016,688,757,358,953,18113,5565,6047,118,1088,28372,7331,ITH,ITH3,5,Veneto,Veneto,4905854,1792053,36.53,0.73
1788,2021-04-14,VEN,15798,6855,8943,816,266,184,137,396,3640,5540,4420,24,375,9174,6624,ITH,ITH3,5,Veneto,Veneto,4905854,1807851,36.85,0.32
1789,2021-02-11,VEN,4013,1239,2774,2661,390,804,8,20,8,10,6,2,104,3385,628,ITH,ITH3,5,Veneto,Veneto,4905854,1811864,36.93,0.08
1790,2021-01-12,VEN,5230,1516,3714,2275,855,1753,5,29,16,176,0,0,121,5230,0,ITH,ITH3,5,Veneto,Veneto,4905854,1817094,37.04,0.11
1791,2021-03-07,VEN,4470,1754,2716,1911,196,26,832,24,4,982,388,49,58,3911,559,ITH,ITH3,5,Veneto,Veneto,4905854,1821564,37.13,0.09
1792,2021-03-02,VEN,11449,4614,6835,2930,775,1197,1869,95,33,3290,465,468,327,8171,3278,ITH,ITH3,5,Veneto,Veneto,4905854,1833013,37.36,0.23
1793,2021-01-23,VEN,4051,1246,2805,3424,173,436,3,3,2,1,1,0,8,33,4018,ITH,ITH3,5,Veneto,Veneto,4905854,1837064,37.45,0.08
1794,2021-04-09,VEN,31071,13683,17388,1752,913,609,199,925,8485,9882,7281,97,928,22745,8326,ITH,ITH3,5,Veneto,Veneto,4905854,1868135,38.08,0.63
1795,2021-03-27,VEN,32015,13970,18045,2285,1677,197,1581,667,6999,12302,4040,222,2045,26207,5808,ITH,ITH3,5,Veneto,Veneto,4905854,1900150,38.73,0.65
1796,2021-03-13,VEN,17175,7256,9919,2682,1651,109,4041,274,210,4814,2103,462,829,14041,3134,ITH,ITH3,5,Veneto,Veneto,4905854,1917325,39.08,0.35
1797,2021-02-10,VEN,4751,1588,3163,3175,552,783,2,50,19,6,1,0,163,3697,1054,ITH,ITH3,5,Veneto,Veneto,4905854,1922076,39.18,0.1
1798,2021-02-15,VEN,4386,1821,2565,486,84,383,2,19,9,3272,55,14,62,4146,240,ITH,ITH3,5,Veneto,Veneto,4905854,1926462,39.27,0.09
1799,2021-03-25,VEN,25825,10948,14877,1535,1437,1020,2263,348,5620,9923,2252,842,585,19705,6120,ITH,ITH3,5,Veneto,Veneto,4905854,1952287,39.8,0.53
1800,2021-02-20,VEN,6422,2015,4407,1905,114,100,3244,31,10,968,3,6,41,6353,69,ITH,ITH3,5,Veneto,Veneto,4905854,1958709,39.93,0.13
1801,2021-04-07,FVG,7503,3325,4178,340,299,114,34,5,2712,2098,1881,13,7,6718,785,ITH,ITH4,6,Friuli-Venezia Giulia,Friuli Venezia Giulia,1215220,7503,0.62,0.62
1802,2021-02-27,FVG,3426,1178,2248,203,140,4,1503,1,0,1523,27,25,0,3425,1,ITH,ITH4,6,Friuli-Venezia Giulia,Friuli Venezia Giulia,1215220,10929,0.9,0.28
1803,2021-01-02,FVG,1217,471,746,1150,67,0,0,0,0,0,0,0,0,1217,0,ITH,ITH4,6,Friuli-Venezia Giulia,Friuli Venezia Giulia,1215220,12146,1.0,0.1
1804,2021-01-24,FVG,305,119,186,277,27,1,0,0,0,0,0,0,0,1,304,ITH,ITH4,6,Friuli-Venezia Giulia,Friuli Venezia Giulia,1215220,12451,1.02,0.03
1805,2021-01-14,FVG,2588,789,1799,1608,550,430,0,0,0,0,0,0,0,2588,0,ITH,ITH4,6,Friuli-Venezia Giulia,Friuli Venezia Giulia,1215220,15039,1.24,0.21
1806,2021-01-07,FVG,2092,718,1374,1760,222,110,0,0,0,0,0,0,0,2092,0,ITH,ITH4,6,Friuli-Venezia Giulia,Friuli Venezia Giulia,1215220,17131,1.41,0.17
1807,2021-04-28,FVG,7217,3189,4028,256,131,39,4,357,2051,1825,2511,3,40,3745,3472,ITH,ITH4,6,Friuli-Venezia Giulia,Friuli Venezia Giulia,1215220,24348,2.0,0.59
1808,2021-03-04,FVG,3427,1591,1836,359,216,96,402,1,1,1815,33,504,0,2785,642,ITH,ITH4,6,Friuli-Venezia Giulia,Friuli Venezia Giulia,1215220,27775,2.29,0.28
1809,2021-01-08,FVG,2322,747,1575,1680,242,396,0,1,0,0,0,0,3,2322,0,ITH,ITH4,6,Friuli-Venezia Giulia,Friuli Venezia Giulia,1215220,30097,2.48,0.19
1810,2021-03-26,FVG,5806,2429,3377,500,212,234,754,22,650,2050,1264,88,32,3791,2015,ITH,ITH4,6,Friuli-Venezia Giulia,Friuli Venezia Giulia,1215220,35903,2.95,0.48
1811,2021-04-19,FVG,6695,3128,3567,191,155,39,29,263,1103,1762,3141,2,10,3283,3412,ITH,ITH4,6,Friuli-Venezia Giulia,Friuli Venezia Giulia,1215220,42598,3.51,0.55
1812,2021-02-18,FVG,3217,1492,1725,229,122,331,983,0,0,1502,16,34,0,2811,406,ITH,ITH4,6,Friuli-Venezia Giulia,Friuli Venezia Giulia,1215220,45815,3.77,0.26
1813,2021-02-19,FVG,3254,1290,1964,568,309,315,426,0,0,1589,11,35,1,2825,429,ITH,ITH4,6,Friuli-Venezia Giulia,Friuli Venezia Giulia,1215220,49069,4.04,0.27
1814,2021-02-20,FVG,2068,933,1135,11,1,148,306,0,2,1584,16,0,0,1924,144,ITH,ITH4,6,Friuli-Venezia Giulia,Friuli Venezia Giulia,1215220,51137,4.21,0.17
1815,2021-03-12,FVG,3942,1545,2397,178,63,47,589,1,5,2865,92,101,1,2562,1380,ITH,ITH4,6,Friuli-Venezia Giulia,Friuli Venezia Giulia,1215220,55079,4.53,0.32
1816,2021-02-01,FVG,2097,688,1409,1590,372,135,0,0,0,0,0,0,0,16,2081,ITH,ITH4,6,Friuli-Venezia Giulia,Friuli Venezia Giulia,1215220,57176,4.7,0.17
1817,2021-02-13,FVG,567,179,388,337,230,0,0,0,0,0,0,0,0,561,6,ITH,ITH4,6,Friuli-Venezia Giulia,Friuli Venezia Giulia,1215220,57743,4.75,0.05
1818,2021-02-08,FVG,2357,694,1663,1401,521,435,0,0,0,0,0,0,0,92,2265,ITH,ITH4,6,Friuli-Venezia Giulia,Friuli Venezia Giulia,1215220,60100,4.95,0.19
1819,2021-01-18,FVG,1962,607,1355,1360,492,110,0,0,0,0,0,0,0,1868,94,ITH,ITH4,6,Friuli-Venezia Giulia,Friuli Venezia Giulia,1215220,62062,5.11,0.16
1820,2021-01-27,FVG,1272,425,847,851,357,64,0,0,0,0,0,0,0,450,822,ITH,ITH4,6,Friuli-Venezia Giulia,Friuli Venezia Giulia,1215220,63334,5.21,0.1
1821,2021-02-12,FVG,1200,428,772,674,392,128,1,0,1,2,1,0,1,1150,50,ITH,ITH4,6,Friuli-Venezia Giulia,Friuli Venezia Giulia,1215220,64534,5.31,0.1
1822,2021-04-30,FVG,7233,3181,4052,336,238,64,8,324,1141,1732,3344,2,44,3625,3608,ITH,ITH4,6,Friuli-Venezia Giulia,Friuli Venezia Giulia,1215220,71767,5.91,0.6
1823,2021-04-15,FVG,6489,2860,3629,220,66,83,6,250,1118,1957,2767,1,21,5216,1273,ITH,ITH4,6,Friuli-Venezia Giulia,Friuli Venezia Giulia,1215220,78256,6.44,0.53
1824,2021-03-08,FVG,4065,1594,2471,694,513,140,436,0,7,2190,22,63,0,1977,2088,ITH,ITH4,6,Friuli-Venezia Giulia,Friuli Venezia Giulia,1215220,82321,6.77,0.33
1825,2021-05-04,FVG,8955,4034,4921,252,97,25,13,509,1596,1535,4916,6,6,5643,3312,ITH,ITH4,6,Friuli-Venezia Giulia,Friuli Venezia Giulia,1215220,91276,7.51,0.74
1826,2021-04-10,FVG,4988,2160,2828,157,187,81,77,28,733,2086,1602,15,22,3763,1225,ITH,ITH4,6,Friuli-Venezia Giulia,Friuli Venezia Giulia,1215220,96264,7.92,0.41
1827,2021-03-01,FVG,2958,1042,1916,93,81,176,949,1,1,1636,17,4,0,2905,53,ITH,ITH4,6,Friuli-Venezia Giulia,Friuli Venezia Giulia,1215220,99222,8.16,0.24
1828,2021-01-29,FVG,2414,814,1600,1856,321,237,0,0,0,0,0,0,0,264,2150,ITH,ITH4,6,Friuli-Venezia Giulia,Friuli Venezia Giulia,1215220,101636,8.36,0.2
1829,2021-03-22,FVG,3544,1344,2200,150,88,206,464,0,1,2471,155,6,3,1589,1955,ITH,ITH4,6,Friuli-Venezia Giulia,Friuli Venezia Giulia,1215220,105180,8.66,0.29
1830,2021-03-31,FVG,8039,3503,4536,170,108,296,878,5,2336,2163,1969,112,2,7190,849,ITH,ITH4,6,Friuli-Venezia Giulia,Friuli Venezia Giulia,1215220,113219,9.32,0.66
1831,2021-04-02,FVG,6580,2918,3662,370,243,84,3,1,609,3137,2093,15,25,4744,1836,ITH,ITH4,6,Friuli-Venezia Giulia,Friuli Venezia Giulia,1215220,119799,9.86,0.54
1832,2021-02-22,FVG,2493,1196,1297,431,312,115,5,1,0,1369,14,246,0,2075,418,ITH,ITH4,6,Friuli-Venezia Giulia,Friuli Venezia Giulia,1215220,122292,10.06,0.21
1833,2021-05-06,FVG,9335,4269,5066,209,111,33,420,694,1420,1531,4901,12,4,5593,3742,ITH,ITH4,6,Friuli-Venezia Giulia,Friuli Venezia Giulia,1215220,131627,10.83,0.77
1834,2021-02-28,FVG,2670,989,1681,234,162,0,1488,0,0,405,1,380,0,2275,395,ITH,ITH4,6,Friuli-Venezia Giulia,Friuli Venezia Giulia,1215220,134297,11.05,0.22
1835,2021-02-25,FVG,3076,1608,1468,22,5,299,744,0,1,1557,12,436,0,3051,25,ITH,ITH4,6,Friuli-Venezia Giulia,Friuli Venezia Giulia,1215220,137373,11.3,0.25
1836,2021-02-21,FVG,800,281,519,213,166,27,1,0,0,382,10,1,0,423,377,ITH,ITH4,6,Friuli-Venezia Giulia,Friuli Venezia Giulia,1215220,138173,11.37,0.07
1837,2021-04-29,FVG,6605,2906,3699,350,146,6,7,391,1206,1466,2951,25,57,4103,2502,ITH,ITH4,6,Friuli-Venezia Giulia,Friuli Venezia Giulia,1215220,144778,11.91,0.54
1838,2021-03-15,FVG,3765,1637,2128,329,256,180,234,1,1,2426,101,237,0,1445,2320,ITH,ITH4,6,Friuli-Venezia Giulia,Friuli Venezia Giulia,1215220,148543,12.22,0.31
1839,2021-04-03,FVG,3982,1970,2012,36,580,4,149,3,3,2248,919,36,4,2653,1329,ITH,ITH4,6,Friuli-Venezia Giulia,Friuli Venezia Giulia,1215220,152525,12.55,0.33
1840,2021-01-04,FVG,1510,559,951,1392,118,0,0,0,0,0,0,0,0,1510,0,ITH,ITH4,6,Friuli-Venezia Giulia,Friuli Venezia Giulia,1215220,154035,12.68,0.12
1841,2021-01-19,FVG,7,2,5,5,0,2,0,0,0,0,0,0,0,7,0,ITH,ITH4,6,Friuli-Venezia Giulia,Friuli Venezia Giulia,1215220,154042,12.68,0.0
1842,2021-04-05,FVG,2869,1427,1442,34,222,13,121,3,607,468,1374,27,0,2853,16,ITH,ITH4,6,Friuli-Venezia Giulia,Friuli Venezia Giulia,1215220,156911,12.91,0.24
1843,2020-12-30,FVG,630,246,384,601,29,0,0,0,0,0,0,0,0,630,0,ITH,ITH4,6,Friuli-Venezia Giulia,Friuli Venezia Giulia,1215220,157541,12.96,0.05
1844,2021-04-27,FVG,8038,3687,4351,295,287,29,2,575,1893,2113,2803,1,40,3579,4459,ITH,ITH4,6,Friuli-Venezia Giulia,Friuli Venezia Giulia,1215220,165579,13.63,0.66
1845,2020-12-31,FVG,1053,384,669,1011,42,0,0,0,0,0,0,0,0,1053,0,ITH,ITH4,6,Friuli-Venezia Giulia,Friuli Venezia Giulia,1215220,166632,13.71,0.09
1846,2021-02-07,FVG,1562,483,1079,867,693,2,0,0,0,0,0,0,0,386,1176,ITH,ITH4,6,Friuli-Venezia Giulia,Friuli Venezia Giulia,1215220,168194,13.84,0.13
1847,2021-01-03,FVG,312,122,190,285,26,1,0,0,0,0,0,0,0,312,0,ITH,ITH4,6,Friuli-Venezia Giulia,Friuli Venezia Giulia,1215220,168506,13.87,0.03
1848,2021-02-05,FVG,2613,784,1829,1612,511,490,0,0,0,0,0,0,0,90,2523,ITH,ITH4,6,Friuli-Venezia Giulia,Friuli Venezia Giulia,1215220,171119,14.08,0.22
1849,2021-04-13,FVG,7369,3291,4078,349,308,189,23,245,2202,2236,1790,12,15,5762,1607,ITH,ITH4,6,Friuli-Venezia Giulia,Friuli Venezia Giulia,1215220,178488,14.69,0.61
1850,2021-05-05,FVG,8701,3781,4920,293,171,35,12,716,1642,1208,4614,2,8,5298,3403,ITH,ITH4,6,Friuli-Venezia Giulia,Friuli Venezia Giulia,1215220,187189,15.4,0.72
1851,2021-03-30,FVG,7097,3145,3952,422,335,405,139,14,2004,1937,1785,53,3,6175,922,ITH,ITH4,6,Friuli-Venezia Giulia,Friuli Venezia Giulia,1215220,194286,15.99,0.58
1852,2021-01-30,FVG,2272,744,1528,1475,355,442,0,0,0,0,0,0,0,270,2002,ITH,ITH4,6,Friuli-Venezia Giulia,Friuli Venezia Giulia,1215220,196558,16.17,0.19
1853,2021-02-03,FVG,2647,791,1856,1702,558,386,0,0,0,1,0,0,0,23,2624,ITH,ITH4,6,Friuli-Venezia Giulia,Friuli Venezia Giulia,1215220,199205,16.39,0.22
1854,2021-05-03,FVG,7107,3236,3871,216,184,56,11,316,1353,1254,3682,10,25,3341,3766,ITH,ITH4,6,Friuli-Venezia Giulia,Friuli Venezia Giulia,1215220,206312,16.98,0.58
1855,2021-04-23,FVG,7420,3358,4062,300,138,53,8,418,1197,2202,3071,4,29,3573,3847,ITH,ITH4,6,Friuli-Venezia Giulia,Friuli Venezia Giulia,1215220,213732,17.59,0.61
1856,2021-01-10,FVG,2941,919,2022,1745,951,245,0,0,0,0,0,0,0,2941,0,ITH,ITH4,6,Friuli-Venezia Giulia,Friuli Venezia Giulia,1215220,216673,17.83,0.24
1857,2021-01-13,FVG,2651,834,1817,1822,599,230,0,0,0,0,0,0,0,2651,0,ITH,ITH4,6,Friuli-Venezia Giulia,Friuli Venezia Giulia,1215220,219324,18.05,0.22
1858,2021-02-02,FVG,2467,806,1661,1658,393,416,0,0,0,0,0,0,0,217,2250,ITH,ITH4,6,Friuli-Venezia Giulia,Friuli Venezia Giulia,1215220,221791,18.25,0.2
1859,2021-03-06,FVG,3492,1194,2298,182,249,5,1465,0,0,1565,6,20,0,3166,326,ITH,ITH4,6,Friuli-Venezia Giulia,Friuli Venezia Giulia,1215220,225283,18.54,0.29
1860,2021-04-22,FVG,6743,3073,3670,122,110,34,2,329,1560,2118,2451,1,16,3061,3682,ITH,ITH4,6,Friuli-Venezia Giulia,Friuli Venezia Giulia,1215220,232026,19.09,0.55
1861,2021-05-01,FVG,7157,3232,3925,215,36,0,2,216,107,579,5941,3,58,6110,1047,ITH,ITH4,6,Friuli-Venezia Giulia,Friuli Venezia Giulia,1215220,239183,19.68,0.59
1862,2021-04-16,FVG,6907,2993,3914,290,184,171,16,311,980,2034,2900,1,20,4984,1923,ITH,ITH4,6,Friuli-Venezia Giulia,Friuli Venezia Giulia,1215220,246090,20.25,0.57
1863,2021-03-24,FVG,3772,1530,2242,183,183,148,427,1,21,2324,419,62,4,2290,1482,ITH,ITH4,6,Friuli-Venezia Giulia,Friuli Venezia Giulia,1215220,249862,20.56,0.31
1864,2021-04-18,FVG,5983,2771,3212,320,76,81,2,397,1485,728,2866,0,28,5577,406,ITH,ITH4,6,Friuli-Venezia Giulia,Friuli Venezia Giulia,1215220,255845,21.05,0.49
1865,2021-03-23,FVG,3761,1561,2200,321,303,245,241,0,3,2449,169,29,1,1618,2143,ITH,ITH4,6,Friuli-Venezia Giulia,Friuli Venezia Giulia,1215220,259606,21.36,0.31
1866,2021-05-07,FVG,3801,1691,2110,150,38,0,24,235,640,942,1772,0,0,1646,2155,ITH,ITH4,6,Friuli-Venezia Giulia,Friuli Venezia Giulia,1215220,263407,21.68,0.31
1867,2021-03-03,FVG,3643,1629,2014,750,546,104,427,0,0,1331,15,470,0,2365,1278,ITH,ITH4,6,Friuli-Venezia Giulia,Friuli Venezia Giulia,1215220,267050,21.98,0.3
1868,2020-12-27,FVG,262,149,113,259,3,0,0,0,0,0,0,0,0,262,0,ITH,ITH4,6,Friuli-Venezia Giulia,Friuli Venezia Giulia,1215220,267312,22.0,0.02
1869,2021-04-17,FVG,7371,3206,4165,317,116,1,3,625,592,2425,3266,3,23,5889,1482,ITH,ITH4,6,Friuli-Venezia Giulia,Friuli Venezia Giulia,1215220,274683,22.6,0.61
1870,2021-02-06,FVG,1154,338,816,755,208,191,0,0,0,0,0,0,0,22,1132,ITH,ITH4,6,Friuli-Venezia Giulia,Friuli Venezia Giulia,1215220,275837,22.7,0.09
1871,2021-01-22,FVG,90,30,60,89,1,0,0,0,0,0,0,0,0,0,90,ITH,ITH4,6,Friuli-Venezia Giulia,Friuli Venezia Giulia,1215220,275927,22.71,0.01
1872,2021-04-24,FVG,6647,2927,3720,430,55,0,1,522,281,1988,3313,1,56,5402,1245,ITH,ITH4,6,Friuli-Venezia Giulia,Friuli Venezia Giulia,1215220,282574,23.25,0.55
1873,2021-01-31,FVG,2715,836,1879,1693,1004,18,0,0,0,0,0,0,0,385,2330,ITH,ITH4,6,Friuli-Venezia Giulia,Friuli Venezia Giulia,1215220,285289,23.48,0.22
1874,2021-03-17,FVG,3237,1268,1969,430,219,199,6,0,1,2247,132,3,0,744,2493,ITH,ITH4,6,Friuli-Venezia Giulia,Friuli Venezia Giulia,1215220,288526,23.74,0.27
1875,2021-03-10,FVG,3362,1494,1868,306,301,209,195,0,1,1973,67,309,1,1570,1792,ITH,ITH4,6,Friuli-Venezia Giulia,Friuli Venezia Giulia,1215220,291888,24.02,0.28
1876,2021-03-27,FVG,4983,2560,2423,60,811,1,98,3,906,1990,1096,16,2,3572,1411,ITH,ITH4,6,Friuli-Venezia Giulia,Friuli Venezia Giulia,1215220,296871,24.43,0.41
1877,2021-04-21,FVG,7697,3440,4257,108,73,30,9,549,2463,2057,2398,4,6,4015,3682,ITH,ITH4,6,Friuli-Venezia Giulia,Friuli Venezia Giulia,1215220,304568,25.06,0.63
1878,2021-03-14,FVG,1397,548,849,0,1,0,797,0,0,248,16,335,0,1144,253,ITH,ITH4,6,Friuli-Venezia Giulia,Friuli Venezia Giulia,1215220,305965,25.18,0.11
1879,2021-02-10,FVG,1352,496,856,745,487,119,1,0,0,0,0,0,0,1266,86,ITH,ITH4,6,Friuli-Venezia Giulia,Friuli Venezia Giulia,1215220,307317,25.29,0.11
1880,2021-04-08,FVG,7175,3004,4171,261,145,237,34,4,1533,2975,1972,4,10,5251,1924,ITH,ITH4,6,Friuli-Venezia Giulia,Friuli Venezia Giulia,1215220,314492,25.88,0.59
1881,2021-01-26,FVG,1975,647,1328,1442,152,381,0,0,0,0,0,0,0,214,1761,ITH,ITH4,6,Friuli-Venezia Giulia,Friuli Venezia Giulia,1215220,316467,26.04,0.16
1882,2021-03-29,FVG,6878,3002,3876,241,211,160,316,10,2110,2417,1358,47,8,5298,1580,ITH,ITH4,6,Friuli-Venezia Giulia,Friuli Venezia Giulia,1215220,323345,26.61,0.57
1883,2021-01-12,FVG,2260,713,1547,1529,370,361,0,0,0,0,0,0,0,2260,0,ITH,ITH4,6,Friuli-Venezia Giulia,Friuli Venezia Giulia,1215220,325605,26.79,0.19
1884,2021-03-09,FVG,3863,1590,2273,657,480,200,424,2,4,2005,28,60,3,1110,2753,ITH,ITH4,6,Friuli-Venezia Giulia,Friuli Venezia Giulia,1215220,329468,27.11,0.32
1885,2021-03-28,FVG,4808,2272,2536,13,745,5,1306,8,1526,425,662,111,7,4668,140,ITH,ITH4,6,Friuli-Venezia Giulia,Friuli Venezia Giulia,1215220,334276,27.51,0.4
1886,2021-03-19,FVG,3236,1341,1895,107,47,296,134,0,0,2513,139,0,0,1302,1934,ITH,ITH4,6,Friuli-Venezia Giulia,Friuli Venezia Giulia,1215220,337512,27.77,0.27
1887,2021-01-17,FVG,1720,524,1196,674,560,486,0,0,0,0,0,0,0,1720,0,ITH,ITH4,6,Friuli-Venezia Giulia,Friuli Venezia Giulia,1215220,339232,27.92,0.14
1888,2021-04-26,FVG,5430,2445,2985,186,147,16,14,328,2093,701,1892,5,48,3790,1640,ITH,ITH4,6,Friuli-Venezia Giulia,Friuli Venezia Giulia,1215220,344662,28.36,0.45
1889,2021-01-25,FVG,1584,568,1016,1371,141,72,0,0,0,0,0,0,0,194,1390,ITH,ITH4,6,Friuli-Venezia Giulia,Friuli Venezia Giulia,1215220,346246,28.49,0.13
1890,2021-02-23,FVG,2615,1252,1363,104,44,247,1,0,2,1943,19,255,0,2437,178,ITH,ITH4,6,Friuli-Venezia Giulia,Friuli Venezia Giulia,1215220,348861,28.71,0.22
1891,2021-02-26,FVG,3740,2094,1646,75,26,561,299,0,2,1739,5,1033,0,3593,147,ITH,ITH4,6,Friuli-Venezia Giulia,Friuli Venezia Giulia,1215220,352601,29.02,0.31
1892,2021-04-12,FVG,7254,3184,4070,283,182,230,22,97,1739,2083,2593,4,21,6123,1131,ITH,ITH4,6,Friuli-Venezia Giulia,Friuli Venezia Giulia,1215220,359855,29.61,0.6
1893,2021-03-21,FVG,2600,937,1663,6,9,88,1119,0,0,1333,3,27,15,2192,408,ITH,ITH4,6,Friuli-Venezia Giulia,Friuli Venezia Giulia,1215220,362455,29.83,0.21
1894,2021-01-21,FVG,895,345,550,864,31,0,0,0,0,0,0,0,0,1,894,ITH,ITH4,6,Friuli-Venezia Giulia,Friuli Venezia Giulia,1215220,363350,29.9,0.07
1895,2021-04-11,FVG,3436,1521,1915,233,100,7,27,13,535,1225,1270,7,19,2530,906,ITH,ITH4,6,Friuli-Venezia Giulia,Friuli Venezia Giulia,1215220,366786,30.18,0.28
1896,2021-03-18,FVG,3375,1423,1952,60,23,168,4,1,1,2865,253,0,0,1693,1682,ITH,ITH4,6,Friuli-Venezia Giulia,Friuli Venezia Giulia,1215220,370161,30.46,0.28
1897,2021-03-05,FVG,3742,1481,2261,1050,654,77,146,0,8,1733,26,46,2,2669,1073,ITH,ITH4,6,Friuli-Venezia Giulia,Friuli Venezia Giulia,1215220,373903,30.77,0.31
1898,2021-01-23,FVG,816,324,492,768,48,0,0,0,0,0,0,0,0,4,812,ITH,ITH4,6,Friuli-Venezia Giulia,Friuli Venezia Giulia,1215220,374719,30.84,0.07
1899,2021-04-14,FVG,7199,3113,4086,335,224,78,3,281,1560,2158,2550,2,8,5482,1717,ITH,ITH4,6,Friuli-Venezia Giulia,Friuli Venezia Giulia,1215220,381918,31.43,0.59
1900,2021-03-20,FVG,3347,1353,1994,415,279,10,66,2,1,2382,13,179,0,1252,2095,ITH,ITH4,6,Friuli-Venezia Giulia,Friuli Venezia Giulia,1215220,385265,31.7,0.28
1901,2021-02-17,FVG,2352,998,1354,329,178,230,0,0,0,1555,14,46,0,1873,479,ITH,ITH4,6,Friuli-Venezia Giulia,Friuli Venezia Giulia,1215220,387617,31.9,0.19
1902,2021-02-16,FVG,2516,1135,1381,260,244,221,0,0,3,1760,28,0,0,2400,116,ITH,ITH4,6,Friuli-Venezia Giulia,Friuli Venezia Giulia,1215220,390133,32.1,0.21
1903,2021-03-07,FVG,2537,926,1611,1,5,153,1782,0,0,143,0,453,0,2536,1,ITH,ITH4,6,Friuli-Venezia Giulia,Friuli Venezia Giulia,1215220,392670,32.31,0.21
1904,2021-03-02,FVG,4220,1518,2702,1163,659,203,634,0,1,1538,17,5,0,2717,1503,ITH,ITH4,6,Friuli-Venezia Giulia,Friuli Venezia Giulia,1215220,396890,32.66,0.35
1905,2021-04-09,FVG,7700,3501,4199,298,172,77,23,56,1280,2622,3164,0,8,6480,1220,ITH,ITH4,6,Friuli-Venezia Giulia,Friuli Venezia Giulia,1215220,404590,33.29,0.63
1906,2021-02-24,FVG,2518,1082,1436,23,5,312,297,1,0,1835,15,0,30,2500,18,ITH,ITH4,6,Friuli-Venezia Giulia,Friuli Venezia Giulia,1215220,407108,33.5,0.21
1907,2021-02-11,FVG,1935,665,1270,1134,566,230,0,0,1,3,0,1,0,1742,193,ITH,ITH4,6,Friuli-Venezia Giulia,Friuli Venezia Giulia,1215220,409043,33.66,0.16
1908,2021-03-16,FVG,3156,1288,1868,330,256,245,1,0,3,2204,117,0,0,1076,2080,ITH,ITH4,6,Friuli-Venezia Giulia,Friuli Venezia Giulia,1215220,412199,33.92,0.26
1909,2021-02-09,FVG,1848,556,1292,1053,509,286,0,0,0,0,0,0,0,1559,289,ITH,ITH4,6,Friuli-Venezia Giulia,Friuli Venezia Giulia,1215220,414047,34.07,0.15
1910,2021-03-25,FVG,5313,2261,3052,55,57,303,835,3,956,2059,980,63,2,3178,2135,ITH,ITH4,6,Friuli-Venezia Giulia,Friuli Venezia Giulia,1215220,419360,34.51,0.44
1911,2021-02-15,FVG,2454,909,1545,700,390,316,0,0,4,1034,10,0,0,2204,250,ITH,ITH4,6,Friuli-Venezia Giulia,Friuli Venezia Giulia,1215220,421814,34.71,0.2
1912,2021-01-09,FVG,2518,841,1677,1519,406,593,0,0,0,0,0,0,0,2518,0,ITH,ITH4,6,Friuli-Venezia Giulia,Friuli Venezia Giulia,1215220,424332,34.92,0.21
1913,2021-03-13,FVG,2935,1119,1816,12,4,86,723,1,2,2058,9,40,0,1662,1273,ITH,ITH4,6,Friuli-Venezia Giulia,Friuli Venezia Giulia,1215220,427267,35.16,0.24
1914,2021-01-20,FVG,751,323,428,719,32,0,0,0,0,0,0,0,0,12,739,ITH,ITH4,6,Friuli-Venezia Giulia,Friuli Venezia Giulia,1215220,428018,35.22,0.06
1915,2021-01-05,FVG,1680,551,1129,1350,133,197,0,0,0,0,0,0,0,1680,0,ITH,ITH4,6,Friuli-Venezia Giulia,Friuli Venezia Giulia,1215220,429698,35.36,0.14
1916,2021-02-04,FVG,2731,807,1924,1723,543,465,0,0,0,0,0,0,0,36,2695,ITH,ITH4,6,Friuli-Venezia Giulia,Friuli Venezia Giulia,1215220,432429,35.58,0.22
1917,2021-04-06,FVG,6284,2774,3510,256,205,132,29,5,1099,2696,1839,19,4,5132,1152,ITH,ITH4,6,Friuli-Venezia Giulia,Friuli Venezia Giulia,1215220,438713,36.1,0.52
1918,2021-04-25,FVG,2360,988,1372,331,50,0,1,733,478,66,684,0,17,2349,11,ITH,ITH4,6,Friuli-Venezia Giulia,Friuli Venezia Giulia,1215220,441073,36.3,0.19
1919,2021-01-16,FVG,1231,360,871,771,212,248,0,0,0,0,0,0,0,1231,0,ITH,ITH4,6,Friuli-Venezia Giulia,Friuli Venezia Giulia,1215220,442304,36.4,0.1
1920,2021-04-01,FVG,6327,3000,3327,172,118,208,94,2,1171,2058,2436,57,11,5312,1015,ITH,ITH4,6,Friuli-Venezia Giulia,Friuli Venezia Giulia,1215220,448631,36.92,0.52
1921,2021-04-20,FVG,7103,3057,4046,498,314,38,8,430,1150,2362,2296,1,6,3199,3904,ITH,ITH4,6,Friuli-Venezia Giulia,Friuli Venezia Giulia,1215220,455734,37.5,0.58
1922,2021-01-06,FVG,710,264,446,515,195,0,0,0,0,0,0,0,0,710,0,ITH,ITH4,6,Friuli-Venezia Giulia,Friuli Venezia Giulia,1215220,456444,37.56,0.06
1923,2021-03-11,FVG,3351,1413,1938,263,114,290,504,1,2,2014,35,126,2,1602,1749,ITH,ITH4,6,Friuli-Venezia Giulia,Friuli Venezia Giulia,1215220,459795,37.84,0.28
1924,2021-01-28,FVG,2237,793,1444,1756,287,194,0,0,0,0,0,0,0,354,1883,ITH,ITH4,6,Friuli-Venezia Giulia,Friuli Venezia Giulia,1215220,462032,38.02,0.18
1925,2021-05-02,FVG,6778,3188,3590,262,104,1,6,442,440,1133,4348,2,40,3880,2898,ITH,ITH4,6,Friuli-Venezia Giulia,Friuli Venezia Giulia,1215220,468810,38.58,0.56
1926,2021-01-15,FVG,2028,606,1422,1283,370,375,0,0,0,0,0,0,0,2028,0,ITH,ITH4,6,Friuli-Venezia Giulia,Friuli Venezia Giulia,1215220,470838,38.75,0.17
1927,2021-01-11,FVG,1884,609,1275,1502,336,46,0,0,0,0,0,0,0,1884,0,ITH,ITH4,6,Friuli-Venezia Giulia,Friuli Venezia Giulia,1215220,472722,38.9,0.16
1928,2021-04-18,SIC,19801,9896,9905,243,84,105,95,6005,1815,2686,8670,15,83,15412,4389,ITG,ITG1,19,Sicilia,Sicilia,4999891,19801,0.4,0.4
1929,2021-04-24,SIC,31385,14813,16572,444,172,374,136,4690,2834,5674,16666,99,296,23663,7722,ITG,ITG1,19,Sicilia,Sicilia,4999891,51186,1.02,0.63
1930,2021-01-31,SIC,4113,1959,2154,2602,835,295,0,61,26,26,0,0,268,114,3999,ITG,ITG1,19,Sicilia,Sicilia,4999891,55299,1.11,0.08
1931,2021-02-10,SIC,4434,1819,2615,1975,1154,741,0,59,33,18,0,0,454,4009,425,ITG,ITG1,19,Sicilia,Sicilia,4999891,59733,1.19,0.09
1932,2021-02-17,SIC,5435,3295,2140,1531,719,887,2,39,8,10,0,2000,239,4761,674,ITG,ITG1,19,Sicilia,Sicilia,4999891,65168,1.3,0.11
1933,2021-04-21,SIC,22652,10878,11774,552,222,348,121,1670,1614,3738,14108,29,250,16454,6198,ITG,ITG1,19,Sicilia,Sicilia,4999891,87820,1.76,0.45
1934,2021-03-23,SIC,21146,10117,11029,886,434,433,1648,185,3540,5914,7399,405,302,15490,5656,ITG,ITG1,19,Sicilia,Sicilia,4999891,108966,2.18,0.42
1935,2021-03-14,SIC,8837,3951,4886,571,416,180,678,146,1692,4351,148,67,588,4978,3859,ITG,ITG1,19,Sicilia,Sicilia,4999891,117803,2.36,0.18
1936,2021-04-27,SIC,26439,12718,13721,618,224,408,103,1794,1786,4435,16763,97,211,15610,10829,ITG,ITG1,19,Sicilia,Sicilia,4999891,144242,2.88,0.53
1937,2021-01-10,SIC,3619,1615,2004,2127,552,464,0,42,22,92,0,0,320,3619,0,ITG,ITG1,19,Sicilia,Sicilia,4999891,147861,2.96,0.07
1938,2021-03-15,SIC,10876,4736,6140,1255,496,731,1155,60,1533,4920,134,308,284,5803,5073,ITG,ITG1,19,Sicilia,Sicilia,4999891,158737,3.17,0.22
1939,2021-01-28,SIC,9335,4404,4931,7470,1372,295,0,35,11,4,0,0,148,414,8921,ITG,ITG1,19,Sicilia,Sicilia,4999891,168072,3.36,0.19
1940,2021-02-14,SIC,1058,403,655,433,301,236,0,9,3,4,0,0,72,918,140,ITG,ITG1,19,Sicilia,Sicilia,4999891,169130,3.38,0.02
1941,2021-03-16,SIC,10177,4467,5710,1665,549,852,218,60,128,5733,621,75,276,4025,6152,ITG,ITG1,19,Sicilia,Sicilia,4999891,179307,3.59,0.2
1942,2021-05-05,SIC,26360,12203,14157,678,325,325,89,2436,1888,3456,15903,458,802,16770,9590,ITG,ITG1,19,Sicilia,Sicilia,4999891,205667,4.11,0.53
1943,2021-04-20,SIC,19366,9117,10249,476,281,458,59,1477,1443,3615,11412,22,123,14004,5362,ITG,ITG1,19,Sicilia,Sicilia,4999891,225033,4.5,0.39
1944,2021-01-02,SIC,4877,2537,2340,4316,144,0,0,87,7,2,0,0,321,4877,0,ITG,ITG1,19,Sicilia,Sicilia,4999891,229910,4.6,0.1
1945,2021-04-28,SIC,29596,13883,15713,654,238,450,96,2464,2178,4549,18439,170,358,20370,9226,ITG,ITG1,19,Sicilia,Sicilia,4999891,259506,5.19,0.59
1946,2021-02-02,SIC,5542,2624,2918,3157,1562,429,0,50,7,21,0,0,316,634,4908,ITG,ITG1,19,Sicilia,Sicilia,4999891,265048,5.3,0.11
1947,2021-05-03,SIC,23609,10880,12729,613,268,284,88,1701,1785,3100,15466,128,176,13707,9902,ITG,ITG1,19,Sicilia,Sicilia,4999891,288657,5.77,0.47
1948,2021-05-01,SIC,24431,11314,13117,439,163,146,105,2722,2076,2534,15979,78,189,19237,5194,ITG,ITG1,19,Sicilia,Sicilia,4999891,313088,6.26,0.49
1949,2020-12-28,SIC,207,124,83,205,2,0,0,0,0,0,0,0,0,207,0,ITG,ITG1,19,Sicilia,Sicilia,4999891,313295,6.27,0.0
1950,2021-01-15,SIC,5083,2234,2849,2826,1047,479,0,67,19,2,0,0,643,5083,0,ITG,ITG1,19,Sicilia,Sicilia,4999891,318378,6.37,0.1
1951,2021-03-11,SIC,15506,6547,8959,1611,1276,1026,3325,200,2112,4052,158,993,753,12932,2574,ITG,ITG1,19,Sicilia,Sicilia,4999891,333884,6.68,0.31
1952,2021-01-11,SIC,5906,2592,3314,3923,1015,382,0,83,17,89,0,0,397,5906,0,ITG,ITG1,19,Sicilia,Sicilia,4999891,339790,6.8,0.12
1953,2021-03-24,SIC,21189,9916,11273,958,493,608,1463,346,3222,5953,7634,200,312,15300,5889,ITG,ITG1,19,Sicilia,Sicilia,4999891,360979,7.22,0.42
1954,2021-03-07,SIC,9300,3471,5829,968,561,479,3299,88,12,3462,18,227,186,8216,1084,ITG,ITG1,19,Sicilia,Sicilia,4999891,370279,7.41,0.19
1955,2021-03-26,SIC,18010,8379,9631,1074,588,380,1312,225,2839,5599,5626,125,242,12471,5539,ITG,ITG1,19,Sicilia,Sicilia,4999891,388289,7.77,0.36
1956,2021-02-28,SIC,7181,3072,4109,871,410,112,1359,90,7,3359,2,268,703,6551,630,ITG,ITG1,19,Sicilia,Sicilia,4999891,395470,7.91,0.14
1957,2021-04-07,SIC,15810,7777,8033,764,386,474,182,246,1685,4479,7174,81,339,8639,7171,ITG,ITG1,19,Sicilia,Sicilia,4999891,411280,8.23,0.32
1958,2021-01-16,SIC,2776,1195,1581,1329,561,298,0,24,15,6,0,0,543,2776,0,ITG,ITG1,19,Sicilia,Sicilia,4999891,414056,8.28,0.06
1959,2021-04-04,SIC,6989,3384,3605,192,106,184,44,114,855,2489,2896,17,92,5696,1293,ITG,ITG1,19,Sicilia,Sicilia,4999891,421045,8.42,0.14
1960,2021-01-23,SIC,4207,2172,2035,3968,200,16,0,1,2,0,0,0,20,225,3982,ITG,ITG1,19,Sicilia,Sicilia,4999891,425252,8.51,0.08
1961,2021-02-11,SIC,5336,2103,3233,2459,1444,891,0,77,25,7,0,0,433,4869,467,ITG,ITG1,19,Sicilia,Sicilia,4999891,430588,8.61,0.11
1962,2021-04-06,SIC,18215,8735,9480,808,279,609,188,280,1951,5500,8041,105,454,13885,4330,ITG,ITG1,19,Sicilia,Sicilia,4999891,448803,8.98,0.36
1963,2021-03-13,SIC,12467,5493,6974,1174,771,513,1768,210,2143,4708,133,203,844,7859,4608,ITG,ITG1,19,Sicilia,Sicilia,4999891,461270,9.23,0.25
1964,2021-02-04,SIC,6971,3200,3771,4431,1465,574,0,49,13,18,0,0,421,1460,5511,ITG,ITG1,19,Sicilia,Sicilia,4999891,468241,9.37,0.14
1965,2021-02-15,SIC,3987,1884,2103,1704,1004,636,26,28,10,14,11,352,202,3418,569,ITG,ITG1,19,Sicilia,Sicilia,4999891,472228,9.44,0.08
1966,2021-04-01,SIC,14517,6714,7803,625,239,520,191,129,2244,5126,4897,405,141,9788,4729,ITG,ITG1,19,Sicilia,Sicilia,4999891,486745,9.74,0.29
1967,2021-02-19,SIC,5179,2763,2416,1488,854,610,239,31,13,83,2,1541,318,4608,571,ITG,ITG1,19,Sicilia,Sicilia,4999891,491924,9.84,0.1
1968,2021-02-18,SIC,5510,3177,2333,1636,886,842,96,21,8,11,5,1838,167,5077,433,ITG,ITG1,19,Sicilia,Sicilia,4999891,497434,9.95,0.11
1969,2021-02-21,SIC,5178,2508,2670,379,165,174,153,38,6,3920,3,174,166,5070,108,ITG,ITG1,19,Sicilia,Sicilia,4999891,502612,10.05,0.1
1970,2021-05-04,SIC,26912,12510,14402,589,279,350,98,2273,2284,3335,17050,274,380,17748,9164,ITG,ITG1,19,Sicilia,Sicilia,4999891,529524,10.59,0.54
1971,2021-01-18,SIC,1640,660,980,723,189,268,0,22,11,0,0,0,427,1494,146,ITG,ITG1,19,Sicilia,Sicilia,4999891,531164,10.62,0.03
1972,2021-04-03,SIC,16455,7820,8635,439,168,327,199,1008,4322,4992,4566,36,398,13612,2843,ITG,ITG1,19,Sicilia,Sicilia,4999891,547619,10.95,0.33
1973,2021-03-27,SIC,15828,7471,8357,652,415,372,742,248,1826,5663,5581,56,273,10907,4921,ITG,ITG1,19,Sicilia,Sicilia,4999891,563447,11.27,0.32
1974,2021-02-12,SIC,4747,1853,2894,2301,1398,644,0,45,17,10,0,0,332,4416,331,ITG,ITG1,19,Sicilia,Sicilia,4999891,568194,11.36,0.09
1975,2021-01-27,SIC,7538,3842,3696,6333,819,152,0,44,11,7,0,0,172,189,7349,ITG,ITG1,19,Sicilia,Sicilia,4999891,575732,11.51,0.15
1976,2021-04-02,SIC,14084,6627,7457,633,224,377,205,131,2133,5235,4906,79,161,9291,4793,ITG,ITG1,19,Sicilia,Sicilia,4999891,589816,11.8,0.28
1977,2021-02-13,SIC,3108,1169,1939,1296,921,570,0,36,19,13,0,1,252,2850,258,ITG,ITG1,19,Sicilia,Sicilia,4999891,592924,11.86,0.06
1978,2021-01-25,SIC,7518,3702,3816,6639,577,70,0,21,7,44,0,0,160,322,7196,ITG,ITG1,19,Sicilia,Sicilia,4999891,600442,12.01,0.15
1979,2021-04-12,SIC,19111,9305,9806,428,153,399,118,1396,1675,3667,11054,27,194,11753,7358,ITG,ITG1,19,Sicilia,Sicilia,4999891,619553,12.39,0.38
1980,2021-03-20,SIC,18944,9094,9850,836,316,434,1221,191,2527,5565,7308,113,433,13554,5390,ITG,ITG1,19,Sicilia,Sicilia,4999891,638497,12.77,0.38
1981,2021-04-11,SIC,15513,7632,7881,220,102,188,97,795,1033,3252,9694,15,117,8483,7030,ITG,ITG1,19,Sicilia,Sicilia,4999891,654010,13.08,0.31
1982,2021-03-09,SIC,13247,5635,7612,1595,1210,713,3699,112,19,4036,218,1138,507,10871,2376,ITG,ITG1,19,Sicilia,Sicilia,4999891,667257,13.35,0.26
1983,2021-02-24,SIC,9602,4871,4731,1424,755,504,923,25,23,4101,1,1618,228,9006,596,ITG,ITG1,19,Sicilia,Sicilia,4999891,676859,13.54,0.19
1984,2021-04-22,SIC,27104,12809,14295,629,168,382,98,3052,2046,4404,16081,36,208,20574,6530,ITG,ITG1,19,Sicilia,Sicilia,4999891,703963,14.08,0.54
1985,2021-02-08,SIC,4086,1759,2327,2346,1028,397,0,37,5,16,0,0,257,2128,1958,ITG,ITG1,19,Sicilia,Sicilia,4999891,708049,14.16,0.08
1986,2021-01-07,SIC,9174,4240,4934,7695,974,210,0,64,8,2,0,0,221,9174,0,ITG,ITG1,19,Sicilia,Sicilia,4999891,717223,14.34,0.18
1987,2021-02-16,SIC,4414,2300,2114,1465,976,818,1,35,9,27,8,878,197,3947,467,ITG,ITG1,19,Sicilia,Sicilia,4999891,721637,14.43,0.09
1988,2021-01-09,SIC,7326,3424,3902,5034,1070,456,0,117,36,41,0,0,572,7326,0,ITG,ITG1,19,Sicilia,Sicilia,4999891,728963,14.58,0.15
1989,2021-03-31,SIC,14678,6777,7901,649,299,539,190,140,2230,5251,5097,108,175,9650,5028,ITG,ITG1,19,Sicilia,Sicilia,4999891,743641,14.87,0.29
1990,2021-05-07,SIC,23024,11138,11886,336,168,208,149,1742,1419,2479,14053,1096,1374,13940,9084,ITG,ITG1,19,Sicilia,Sicilia,4999891,766665,15.33,0.46
1991,2021-03-08,SIC,13588,5851,7737,2015,1127,715,4001,135,24,3936,73,1025,537,10774,2814,ITG,ITG1,19,Sicilia,Sicilia,4999891,780253,15.61,0.27
1992,2021-03-29,SIC,15064,7058,8006,878,349,342,304,130,2532,5053,5193,104,179,10543,4521,ITG,ITG1,19,Sicilia,Sicilia,4999891,795317,15.91,0.3
1993,2021-01-30,SIC,7841,3571,4270,5454,1611,475,0,47,12,4,0,0,238,175,7666,ITG,ITG1,19,Sicilia,Sicilia,4999891,803158,16.06,0.16
1994,2021-01-14,SIC,5260,2519,2741,3053,1281,259,0,106,34,90,0,0,437,5260,0,ITG,ITG1,19,Sicilia,Sicilia,4999891,808418,16.17,0.11
1995,2021-03-21,SIC,15228,7338,7890,489,228,75,958,161,2142,4573,6221,112,269,11253,3975,ITG,ITG1,19,Sicilia,Sicilia,4999891,823646,16.47,0.3
1996,2021-01-13,SIC,5266,2491,2775,3046,1192,461,0,92,28,27,0,1,419,5266,0,ITG,ITG1,19,Sicilia,Sicilia,4999891,828912,16.58,0.11
1997,2021-03-04,SIC,15217,6561,8656,2812,1839,750,3832,117,36,4034,27,1207,563,11012,4205,ITG,ITG1,19,Sicilia,Sicilia,4999891,844129,16.88,0.3
1998,2021-03-05,SIC,15948,6877,9071,3193,1697,757,4085,94,30,4081,106,1489,416,11622,4326,ITG,ITG1,19,Sicilia,Sicilia,4999891,860077,17.2,0.32
1999,2021-04-29,SIC,31855,14855,17000,913,290,429,108,2657,2208,4638,20180,152,280,22400,9455,ITG,ITG1,19,Sicilia,Sicilia,4999891,891932,17.84,0.64
2000,2021-01-24,SIC,4344,2266,2078,3999,265,3,0,12,6,37,0,0,22,148,4196,ITG,ITG1,19,Sicilia,Sicilia,4999891,896276,17.93,0.09
2001,2021-02-23,SIC,8952,4690,4262,1268,736,535,582,16,9,4077,2,1486,241,8462,490,ITG,ITG1,19,Sicilia,Sicilia,4999891,905228,18.1,0.18
2002,2021-05-06,SIC,28867,13668,15199,629,271,342,138,2473,1920,3581,17711,935,867,18320,10547,ITG,ITG1,19,Sicilia,Sicilia,4999891,934095,18.68,0.58
2003,2021-04-19,SIC,18595,8799,9796,671,435,387,80,917,1255,3505,11184,24,137,12867,5728,ITG,ITG1,19,Sicilia,Sicilia,4999891,952690,19.05,0.37
2004,2021-04-25,SIC,21332,10188,11144,252,135,126,51,3358,1751,3634,11825,54,146,16412,4920,ITG,ITG1,19,Sicilia,Sicilia,4999891,974022,19.48,0.43
2005,2021-01-04,SIC,8375,4172,4203,7597,547,6,0,26,8,2,0,0,189,8375,0,ITG,ITG1,19,Sicilia,Sicilia,4999891,982397,19.65,0.17
2006,2021-03-03,SIC,14721,6548,8173,2409,1522,526,3833,68,15,4374,44,1427,503,11622,3099,ITG,ITG1,19,Sicilia,Sicilia,4999891,997118,19.94,0.29
2007,2021-04-23,SIC,28962,13863,15099,642,230,427,109,4086,2412,4349,16435,64,208,22994,5968,ITG,ITG1,19,Sicilia,Sicilia,4999891,1026080,20.52,0.58
2008,2021-04-05,SIC,8195,4035,4160,232,72,177,56,116,964,2926,3585,5,62,6754,1441,ITG,ITG1,19,Sicilia,Sicilia,4999891,1034275,20.69,0.16
2009,2021-02-25,SIC,10175,5279,4896,1772,927,527,672,30,7,4058,26,1743,413,8995,1180,ITG,ITG1,19,Sicilia,Sicilia,4999891,1044450,20.89,0.2
2010,2021-02-01,SIC,6080,2685,3395,4168,1239,318,0,47,13,44,0,0,251,304,5776,ITG,ITG1,19,Sicilia,Sicilia,4999891,1050530,21.01,0.12
2011,2021-04-14,SIC,20679,9946,10733,602,191,395,100,1634,1626,4180,11765,29,157,11841,8838,ITG,ITG1,19,Sicilia,Sicilia,4999891,1071209,21.42,0.41
2012,2021-01-26,SIC,9531,4686,4845,8394,768,254,0,21,7,2,0,0,85,265,9266,ITG,ITG1,19,Sicilia,Sicilia,4999891,1080740,21.62,0.19
2013,2021-04-09,SIC,20700,10101,10599,740,355,385,285,916,1937,4401,11351,89,241,11506,9194,ITG,ITG1,19,Sicilia,Sicilia,4999891,1101440,22.03,0.41
2014,2021-01-03,SIC,4696,2455,2241,4364,206,0,0,34,3,1,0,0,88,4696,0,ITG,ITG1,19,Sicilia,Sicilia,4999891,1106136,22.12,0.09
2015,2021-02-06,SIC,5071,2229,2842,2537,1496,592,0,36,12,5,0,0,393,1488,3583,ITG,ITG1,19,Sicilia,Sicilia,4999891,1111207,22.22,0.1
2016,2021-01-19,SIC,1277,524,753,526,125,238,0,20,13,18,0,0,337,1095,182,ITG,ITG1,19,Sicilia,Sicilia,4999891,1112484,22.25,0.03
2017,2021-02-03,SIC,6107,2860,3247,3360,1499,624,0,91,20,11,0,0,502,756,5351,ITG,ITG1,19,Sicilia,Sicilia,4999891,1118591,22.37,0.12
2018,2021-04-13,SIC,20167,9804,10363,674,217,330,127,1599,1867,3813,11362,41,137,11305,8862,ITG,ITG1,19,Sicilia,Sicilia,4999891,1138758,22.78,0.4
2019,2021-04-16,SIC,28851,14480,14371,746,332,661,107,8351,2388,4283,11771,33,179,20464,8387,ITG,ITG1,19,Sicilia,Sicilia,4999891,1167609,23.35,0.58
2020,2021-02-07,SIC,2349,997,1352,1611,435,157,0,16,9,1,0,0,120,675,1674,ITG,ITG1,19,Sicilia,Sicilia,4999891,1169958,23.4,0.05
2021,2021-04-08,SIC,17083,8417,8666,702,432,486,159,235,1588,3902,9167,132,280,8559,8524,ITG,ITG1,19,Sicilia,Sicilia,4999891,1187041,23.74,0.34
2022,2021-03-02,SIC,14961,6391,8570,2384,1212,525,4336,50,5,4535,57,1411,446,12135,2826,ITG,ITG1,19,Sicilia,Sicilia,4999891,1202002,24.04,0.3
2023,2021-05-02,SIC,24778,11491,13287,469,152,113,102,2785,1832,2255,16694,62,314,18136,6642,ITG,ITG1,19,Sicilia,Sicilia,4999891,1226780,24.54,0.5
2024,2021-03-25,SIC,20575,9559,11016,1333,544,639,1381,256,3206,5613,7180,195,228,15032,5543,ITG,ITG1,19,Sicilia,Sicilia,4999891,1247355,24.95,0.41
2025,2021-03-30,SIC,14650,6776,7874,717,411,402,255,149,2531,5128,4720,171,166,9822,4828,ITG,ITG1,19,Sicilia,Sicilia,4999891,1262005,25.24,0.29
2026,2021-01-20,SIC,810,412,398,424,59,192,0,20,2,0,0,0,113,573,237,ITG,ITG1,19,Sicilia,Sicilia,4999891,1262815,25.26,0.02
2027,2021-04-26,SIC,22026,10429,11597,490,236,491,73,1392,1356,3698,14081,51,158,13842,8184,ITG,ITG1,19,Sicilia,Sicilia,4999891,1284841,25.7,0.44
2028,2020-12-29,SIC,235,146,89,235,0,0,0,0,0,0,0,0,0,235,0,ITG,ITG1,19,Sicilia,Sicilia,4999891,1285076,25.7,0.0
2029,2021-04-30,SIC,35003,16377,18626,952,358,294,183,2955,2634,5037,22042,203,345,23779,11224,ITG,ITG1,19,Sicilia,Sicilia,4999891,1320079,26.4,0.7
2030,2021-02-26,SIC,12250,5978,6272,1837,1124,399,2455,47,18,3954,1,1854,561,10560,1690,ITG,ITG1,19,Sicilia,Sicilia,4999891,1332329,26.65,0.25
2031,2021-02-09,SIC,4433,1832,2601,2241,894,679,0,59,27,15,0,0,518,3365,1068,ITG,ITG1,19,Sicilia,Sicilia,4999891,1336762,26.74,0.09
2032,2021-01-17,SIC,1299,587,712,621,319,160,0,12,8,3,0,0,176,1245,54,ITG,ITG1,19,Sicilia,Sicilia,4999891,1338061,26.76,0.03
2033,2021-03-06,SIC,12957,5185,7772,2003,1212,878,3652,106,20,3963,66,704,353,10050,2907,ITG,ITG1,19,Sicilia,Sicilia,4999891,1351018,27.02,0.26
2034,2021-03-22,SIC,16892,7958,8934,916,365,385,1231,151,2166,5647,5682,121,228,11338,5554,ITG,ITG1,19,Sicilia,Sicilia,4999891,1367910,27.36,0.34
2035,2021-04-10,SIC,20692,10104,10588,487,196,367,240,1395,1768,4248,11740,44,207,11633,9059,ITG,ITG1,19,Sicilia,Sicilia,4999891,1388602,27.77,0.41
2036,2021-02-05,SIC,7217,3232,3985,3618,1903,856,0,74,32,109,0,0,625,2132,5085,ITG,ITG1,19,Sicilia,Sicilia,4999891,1395819,27.92,0.14
2037,2020-12-30,SIC,173,101,72,156,11,0,0,0,0,0,0,0,6,173,0,ITG,ITG1,19,Sicilia,Sicilia,4999891,1395992,27.92,0.0
2038,2021-03-17,SIC,15460,7579,7881,1406,548,688,306,158,206,5778,6051,73,246,9513,5947,ITG,ITG1,19,Sicilia,Sicilia,4999891,1411452,28.23,0.31
2039,2021-02-22,SIC,8043,4165,3878,1110,452,561,322,30,10,4149,0,1154,255,7549,494,ITG,ITG1,19,Sicilia,Sicilia,4999891,1419495,28.39,0.16
2040,2021-03-19,SIC,16558,8146,8412,1266,590,622,456,149,579,5436,7125,52,283,10813,5745,ITG,ITG1,19,Sicilia,Sicilia,4999891,1436053,28.72,0.33
2041,2021-01-06,SIC,6472,3403,3069,5718,434,2,0,51,31,15,0,0,221,6472,0,ITG,ITG1,19,Sicilia,Sicilia,4999891,1442525,28.85,0.13
2042,2021-04-15,SIC,21425,10414,11011,801,448,345,112,1746,1531,4208,12000,35,199,11835,9590,ITG,ITG1,19,Sicilia,Sicilia,4999891,1463950,29.28,0.43
2043,2021-01-08,SIC,8328,3864,4464,6591,942,213,0,78,33,23,0,0,448,8328,0,ITG,ITG1,19,Sicilia,Sicilia,4999891,1472278,29.45,0.17
2044,2021-03-01,SIC,12986,6132,6854,1559,1042,395,3154,58,18,4377,34,1859,490,11327,1659,ITG,ITG1,19,Sicilia,Sicilia,4999891,1485264,29.71,0.26
2045,2021-03-28,SIC,11043,5186,5857,536,303,171,187,90,948,4521,4117,28,142,7026,4017,ITG,ITG1,19,Sicilia,Sicilia,4999891,1496307,29.93,0.22
2046,2021-01-12,SIC,4543,2235,2308,2863,1177,195,0,61,14,29,0,0,204,4543,0,ITG,ITG1,19,Sicilia,Sicilia,4999891,1500850,30.02,0.09
2047,2020-12-31,SIC,878,470,408,828,6,0,0,4,0,0,0,0,40,878,0,ITG,ITG1,19,Sicilia,Sicilia,4999891,1501728,30.04,0.02
2048,2021-01-05,SIC,10528,5160,5368,9075,915,207,0,47,7,4,0,0,273,10528,0,ITG,ITG1,19,Sicilia,Sicilia,4999891,1512256,30.25,0.21
2049,2021-01-22,SIC,1243,629,614,1043,59,118,0,3,0,0,0,0,20,242,1001,ITG,ITG1,19,Sicilia,Sicilia,4999891,1513499,30.27,0.02
2050,2021-01-01,SIC,815,437,378,740,29,0,0,10,0,0,0,0,36,815,0,ITG,ITG1,19,Sicilia,Sicilia,4999891,1514314,30.29,0.02
2051,2021-01-29,SIC,9365,4323,5042,7155,1601,305,0,27,8,79,1,0,189,433,8932,ITG,ITG1,19,Sicilia,Sicilia,4999891,1523679,30.47,0.19
2052,2021-03-18,SIC,15647,7796,7851,1285,500,617,37,162,191,5468,7023,73,291,9920,5727,ITG,ITG1,19,Sicilia,Sicilia,4999891,1539326,30.79,0.31
2053,2021-03-12,SIC,13146,5622,7524,1391,873,751,2407,238,1989,3885,158,627,827,10922,2224,ITG,ITG1,19,Sicilia,Sicilia,4999891,1552472,31.05,0.26
2054,2021-02-27,SIC,12450,5570,6880,1515,777,280,3371,149,11,3976,2,1146,1223,11239,1211,ITG,ITG1,19,Sicilia,Sicilia,4999891,1564922,31.3,0.25
2055,2021-03-10,SIC,13991,5977,8014,1481,1362,983,3767,148,24,4189,154,1120,763,11600,2391,ITG,ITG1,19,Sicilia,Sicilia,4999891,1578913,31.58,0.28
2056,2021-01-21,SIC,1345,655,690,1015,126,138,0,11,4,0,0,0,51,501,844,ITG,ITG1,19,Sicilia,Sicilia,4999891,1580258,31.61,0.03
2057,2021-04-17,SIC,26214,13243,12971,324,118,249,89,7813,2371,3876,11185,31,158,19056,7158,ITG,ITG1,19,Sicilia,Sicilia,4999891,1606472,32.13,0.52
2058,2020-12-27,SIC,90,54,36,62,1,26,0,0,0,0,0,0,1,90,0,ITG,ITG1,19,Sicilia,Sicilia,4999891,1606562,32.13,0.0
2059,2021-02-20,SIC,7286,3738,3548,848,712,561,175,39,14,3987,9,731,210,7034,252,ITG,ITG1,19,Sicilia,Sicilia,4999891,1613848,32.28,0.15
2060,2021-01-26,BAS,793,350,443,622,70,35,0,18,0,0,0,0,48,101,692,ITF,ITF5,17,Basilicata,Basilicata,559084,793,0.14,0.14
2061,2021-01-31,BAS,77,24,53,75,2,0,0,0,0,0,0,0,0,0,77,ITF,ITF5,17,Basilicata,Basilicata,559084,870,0.16,0.01
2062,2021-02-10,BAS,547,237,310,176,153,127,1,0,0,90,0,0,0,495,52,ITF,ITF5,17,Basilicata,Basilicata,559084,1417,0.25,0.1
2063,2021-04-13,BAS,2149,1064,1085,149,15,1,73,425,443,824,181,7,31,1314,835,ITF,ITF5,17,Basilicata,Basilicata,559084,3566,0.64,0.38
2064,2021-03-27,BAS,2114,792,1322,21,37,0,383,14,25,1578,30,5,21,1798,316,ITF,ITF5,17,Basilicata,Basilicata,559084,5680,1.02,0.38
2065,2021-04-15,BAS,3460,1679,1781,115,37,1,35,244,207,739,2042,6,34,2649,811,ITF,ITF5,17,Basilicata,Basilicata,559084,9140,1.63,0.62
2066,2021-03-10,BAS,1650,814,836,101,57,33,273,1,4,877,2,300,2,811,839,ITF,ITF5,17,Basilicata,Basilicata,559084,10790,1.93,0.3
2067,2021-03-08,BAS,1451,708,743,222,158,38,273,7,12,410,2,299,30,840,611,ITF,ITF5,17,Basilicata,Basilicata,559084,12241,2.19,0.26
2068,2021-03-28,BAS,2149,746,1403,92,6,8,714,3,8,1279,7,2,30,2126,23,ITF,ITF5,17,Basilicata,Basilicata,559084,14390,2.57,0.38
2069,2021-03-20,BAS,1286,566,720,45,69,0,178,0,8,950,30,5,1,275,1011,ITF,ITF5,17,Basilicata,Basilicata,559084,15676,2.8,0.23
2070,2021-04-06,BAS,1423,486,937,211,72,7,597,29,8,348,62,27,62,1227,196,ITF,ITF5,17,Basilicata,Basilicata,559084,17099,3.06,0.25
2071,2021-04-26,BAS,4467,2163,2304,24,12,0,74,440,1008,180,2636,17,76,4245,222,ITF,ITF5,17,Basilicata,Basilicata,559084,21566,3.86,0.8
2072,2021-03-19,BAS,2285,989,1296,58,96,0,142,1,8,1950,3,22,5,261,2024,ITF,ITF5,17,Basilicata,Basilicata,559084,23851,4.27,0.41
2073,2021-01-29,BAS,613,229,384,398,38,70,0,41,2,16,0,0,48,63,550,ITF,ITF5,17,Basilicata,Basilicata,559084,24464,4.38,0.11
2074,2021-02-24,BAS,1803,743,1060,85,14,2,0,4,8,1686,0,1,3,1734,69,ITF,ITF5,17,Basilicata,Basilicata,559084,26267,4.7,0.32
2075,2021-02-07,BAS,373,159,214,259,74,40,0,0,0,0,0,0,0,49,324,ITF,ITF5,17,Basilicata,Basilicata,559084,26640,4.76,0.07
2076,2021-01-17,BAS,328,133,195,233,12,54,0,5,1,0,0,0,23,327,1,ITF,ITF5,17,Basilicata,Basilicata,559084,26968,4.82,0.06
2077,2021-04-11,BAS,849,330,519,74,3,9,225,3,5,47,475,3,5,788,61,ITF,ITF5,17,Basilicata,Basilicata,559084,27817,4.98,0.15
2078,2021-01-21,BAS,30,10,20,0,0,0,0,2,0,4,0,0,24,30,0,ITF,ITF5,17,Basilicata,Basilicata,559084,27847,4.98,0.01
2079,2021-04-12,BAS,2274,1098,1176,229,24,31,102,731,443,523,165,14,12,1699,575,ITF,ITF5,17,Basilicata,Basilicata,559084,30121,5.39,0.41
2080,2021-02-23,BAS,1901,771,1130,159,24,35,0,4,15,1658,0,0,6,1763,138,ITF,ITF5,17,Basilicata,Basilicata,559084,32022,5.73,0.34
2081,2021-02-26,BAS,2148,904,1244,88,94,1,0,2,6,1954,0,0,3,2069,79,ITF,ITF5,17,Basilicata,Basilicata,559084,34170,6.11,0.38
2082,2021-01-25,BAS,1022,429,593,830,80,1,0,33,2,0,0,0,76,74,948,ITF,ITF5,17,Basilicata,Basilicata,559084,35192,6.29,0.18
2083,2021-03-21,BAS,1047,482,565,32,1,0,159,2,9,805,0,0,39,352,695,ITF,ITF5,17,Basilicata,Basilicata,559084,36239,6.48,0.19
2084,2021-03-05,BAS,1851,855,996,298,158,72,309,6,12,690,2,296,8,1105,746,ITF,ITF5,17,Basilicata,Basilicata,559084,38090,6.81,0.33
2085,2021-01-07,BAS,640,319,321,556,8,29,0,16,0,0,0,0,31,640,0,ITF,ITF5,17,Basilicata,Basilicata,559084,38730,6.93,0.11
2086,2021-04-04,BAS,543,215,328,9,8,0,88,7,0,406,20,4,1,130,413,ITF,ITF5,17,Basilicata,Basilicata,559084,39273,7.02,0.1
2087,2021-05-07,BAS,2983,1421,1562,34,8,0,10,197,599,52,2018,2,63,2022,961,ITF,ITF5,17,Basilicata,Basilicata,559084,42256,7.56,0.53
2088,2021-04-17,BAS,3457,1656,1801,53,7,0,10,13,17,1235,2105,12,5,2192,1265,ITF,ITF5,17,Basilicata,Basilicata,559084,45713,8.18,0.62
2089,2021-04-22,BAS,5037,2346,2691,61,17,23,85,273,903,1451,2080,61,83,3434,1603,ITF,ITF5,17,Basilicata,Basilicata,559084,50750,9.08,0.9
2090,2021-03-03,BAS,1741,813,928,192,298,99,244,3,3,590,58,253,1,1184,557,ITF,ITF5,17,Basilicata,Basilicata,559084,52491,9.39,0.31
2091,2021-03-06,BAS,1352,535,817,296,140,57,259,0,2,383,0,212,3,757,595,ITF,ITF5,17,Basilicata,Basilicata,559084,53843,9.63,0.24
2092,2021-01-22,BAS,67,24,43,6,0,0,0,13,10,19,0,0,19,67,0,ITF,ITF5,17,Basilicata,Basilicata,559084,53910,9.64,0.01
2093,2021-03-25,BAS,1780,585,1195,38,53,11,688,4,12,918,29,24,3,1465,315,ITF,ITF5,17,Basilicata,Basilicata,559084,55690,9.96,0.32
2094,2021-03-16,BAS,1900,799,1101,103,30,0,62,4,13,1672,2,6,8,228,1672,ITF,ITF5,17,Basilicata,Basilicata,559084,57590,10.3,0.34
2095,2021-01-09,BAS,557,160,397,386,55,67,1,7,0,0,0,0,41,557,0,ITF,ITF5,17,Basilicata,Basilicata,559084,58147,10.4,0.1
2096,2021-02-15,BAS,621,232,389,191,134,46,0,0,3,246,0,1,0,580,41,ITF,ITF5,17,Basilicata,Basilicata,559084,58768,10.51,0.11
2097,2021-03-13,BAS,1794,888,906,82,325,46,213,2,6,864,1,245,10,749,1045,ITF,ITF5,17,Basilicata,Basilicata,559084,60562,10.83,0.32
2098,2021-02-09,BAS,491,213,278,200,237,54,0,0,0,0,0,0,0,316,175,ITF,ITF5,17,Basilicata,Basilicata,559084,61053,10.92,0.09
2099,2020-12-27,BAS,106,41,65,104,0,0,0,0,0,0,0,0,2,106,0,ITF,ITF5,17,Basilicata,Basilicata,559084,61159,10.94,0.02
2100,2021-05-01,BAS,4706,2135,2571,78,23,9,339,432,704,95,2709,33,284,3955,751,ITF,ITF5,17,Basilicata,Basilicata,559084,65865,11.78,0.84
2101,2021-01-27,BAS,411,175,236,299,17,26,0,12,9,25,0,0,23,113,298,ITF,ITF5,17,Basilicata,Basilicata,559084,66276,11.85,0.07
2102,2021-01-02,BAS,949,380,569,855,43,0,3,9,0,0,0,0,39,949,0,ITF,ITF5,17,Basilicata,Basilicata,559084,67225,12.02,0.17
2103,2021-01-05,BAS,945,409,536,861,44,0,0,12,0,0,0,0,28,945,0,ITF,ITF5,17,Basilicata,Basilicata,559084,68170,12.19,0.17
2104,2021-01-20,BAS,84,22,62,0,0,0,0,10,8,43,0,0,23,84,0,ITF,ITF5,17,Basilicata,Basilicata,559084,68254,12.21,0.02
2105,2021-03-09,BAS,1391,706,685,222,51,33,238,2,2,545,0,292,6,787,604,ITF,ITF5,17,Basilicata,Basilicata,559084,69645,12.46,0.25
2106,2021-03-23,BAS,1209,496,713,49,5,2,283,7,2,832,5,21,3,1102,107,ITF,ITF5,17,Basilicata,Basilicata,559084,70854,12.67,0.22
2107,2021-04-20,BAS,4034,1917,2117,32,13,10,60,57,213,1699,1924,10,16,2197,1837,ITF,ITF5,17,Basilicata,Basilicata,559084,74888,13.39,0.72
2108,2021-01-15,BAS,813,350,463,578,21,174,0,5,1,1,0,0,33,813,0,ITF,ITF5,17,Basilicata,Basilicata,559084,75701,13.54,0.15
2109,2021-05-02,BAS,4188,2004,2184,54,8,0,175,296,766,24,2730,10,125,3559,629,ITF,ITF5,17,Basilicata,Basilicata,559084,79889,14.29,0.75
2110,2021-04-19,BAS,4215,1925,2290,79,21,58,125,30,103,1590,2159,11,39,2554,1661,ITF,ITF5,17,Basilicata,Basilicata,559084,84104,15.04,0.75
2111,2021-04-08,BAS,892,410,482,267,57,0,188,17,9,85,201,37,31,881,11,ITF,ITF5,17,Basilicata,Basilicata,559084,84996,15.2,0.16
2112,2021-01-11,BAS,183,66,117,107,21,41,0,4,0,0,0,0,10,183,0,ITF,ITF5,17,Basilicata,Basilicata,559084,85179,15.24,0.03
2113,2021-01-28,BAS,903,401,502,717,24,81,0,30,0,1,0,0,50,119,784,ITF,ITF5,17,Basilicata,Basilicata,559084,86082,15.4,0.16
2114,2021-03-11,BAS,1783,919,864,163,83,77,223,5,5,905,3,289,30,824,959,ITF,ITF5,17,Basilicata,Basilicata,559084,87865,15.72,0.32
2115,2021-03-02,BAS,791,381,410,110,33,5,213,5,4,184,0,237,0,656,135,ITF,ITF5,17,Basilicata,Basilicata,559084,88656,15.86,0.14
2116,2021-02-11,BAS,951,401,550,200,158,107,0,0,6,472,0,4,4,868,83,ITF,ITF5,17,Basilicata,Basilicata,559084,89607,16.03,0.17
2117,2021-04-14,BAS,2084,1012,1072,34,4,2,92,297,603,676,337,14,25,1393,691,ITF,ITF5,17,Basilicata,Basilicata,559084,91691,16.4,0.37
2118,2021-01-12,BAS,217,88,129,87,22,99,0,1,0,0,0,0,8,217,0,ITF,ITF5,17,Basilicata,Basilicata,559084,91908,16.44,0.04
2119,2021-01-23,BAS,712,301,411,597,38,1,0,18,2,8,0,0,48,33,679,ITF,ITF5,17,Basilicata,Basilicata,559084,92620,16.57,0.13
2120,2021-04-09,BAS,1158,354,804,142,16,1,625,13,13,138,128,50,32,1090,68,ITF,ITF5,17,Basilicata,Basilicata,559084,93778,16.77,0.21
2121,2021-01-14,BAS,969,413,556,504,112,323,0,6,0,0,0,0,24,969,0,ITF,ITF5,17,Basilicata,Basilicata,559084,94747,16.95,0.17
2122,2021-03-07,BAS,882,308,574,39,12,4,471,2,0,328,0,22,4,844,38,ITF,ITF5,17,Basilicata,Basilicata,559084,95629,17.1,0.16
2123,2021-01-18,BAS,463,157,306,364,52,45,0,0,0,0,0,0,2,364,99,ITF,ITF5,17,Basilicata,Basilicata,559084,96092,17.19,0.08
2124,2021-04-07,BAS,1409,583,826,273,21,20,585,8,10,109,340,23,20,1374,35,ITF,ITF5,17,Basilicata,Basilicata,559084,97501,17.44,0.25
2125,2021-05-03,BAS,4521,2048,2473,233,21,27,286,278,714,187,2636,16,123,3695,826,ITF,ITF5,17,Basilicata,Basilicata,559084,102022,18.25,0.81
2126,2021-03-04,BAS,1873,889,984,217,151,66,242,1,5,843,41,302,5,1080,793,ITF,ITF5,17,Basilicata,Basilicata,559084,103895,18.58,0.34
2127,2021-04-28,BAS,4714,2162,2552,117,51,11,41,335,1156,135,2736,11,121,4272,442,ITF,ITF5,17,Basilicata,Basilicata,559084,108609,19.43,0.84
2128,2021-02-20,BAS,1161,531,630,77,171,80,0,0,9,810,11,0,3,1043,118,ITF,ITF5,17,Basilicata,Basilicata,559084,109770,19.63,0.21
2129,2021-04-05,BAS,445,166,279,2,3,0,78,2,1,338,16,4,1,143,302,ITF,ITF5,17,Basilicata,Basilicata,559084,110215,19.71,0.08
2130,2021-02-14,BAS,151,48,103,55,12,65,0,0,1,18,0,0,0,151,0,ITF,ITF5,17,Basilicata,Basilicata,559084,110366,19.74,0.03
2131,2021-02-19,BAS,1622,737,885,219,360,66,0,1,13,962,0,0,1,1560,62,ITF,ITF5,17,Basilicata,Basilicata,559084,111988,20.03,0.29
2132,2021-03-26,BAS,1964,709,1255,196,8,3,475,13,9,1214,22,8,16,1702,262,ITF,ITF5,17,Basilicata,Basilicata,559084,113952,20.38,0.35
2133,2021-01-08,BAS,554,219,335,383,33,59,0,36,0,0,0,0,43,554,0,ITF,ITF5,17,Basilicata,Basilicata,559084,114506,20.48,0.1
2134,2021-02-01,BAS,242,91,151,156,24,48,0,4,1,0,0,0,9,46,196,ITF,ITF5,17,Basilicata,Basilicata,559084,114748,20.52,0.04
2135,2021-01-16,BAS,721,304,417,466,17,161,2,17,0,1,0,0,57,721,0,ITF,ITF5,17,Basilicata,Basilicata,559084,115469,20.65,0.13
2136,2021-03-12,BAS,1896,975,921,266,64,37,258,1,8,985,0,274,3,798,1098,ITF,ITF5,17,Basilicata,Basilicata,559084,117365,20.99,0.34
2137,2021-01-19,BAS,199,84,115,78,48,44,0,3,6,8,0,0,12,199,0,ITF,ITF5,17,Basilicata,Basilicata,559084,117564,21.03,0.04
2138,2021-04-25,BAS,2988,1460,1528,18,10,12,85,184,649,33,1947,10,40,2932,56,ITF,ITF5,17,Basilicata,Basilicata,559084,120552,21.56,0.53
2139,2021-01-04,BAS,607,271,336,550,49,0,2,1,0,0,0,0,5,607,0,ITF,ITF5,17,Basilicata,Basilicata,559084,121159,21.67,0.11
2140,2021-04-01,BAS,2851,1154,1697,79,33,24,293,15,23,2193,104,18,69,2136,715,ITF,ITF5,17,Basilicata,Basilicata,559084,124010,22.18,0.51
2141,2021-03-14,BAS,1008,477,531,41,110,8,249,0,3,516,0,79,2,539,469,ITF,ITF5,17,Basilicata,Basilicata,559084,125018,22.36,0.18
2142,2021-04-24,BAS,4588,2218,2370,56,18,2,103,371,879,788,2262,16,93,3561,1027,ITF,ITF5,17,Basilicata,Basilicata,559084,129606,23.18,0.82
2143,2021-03-17,BAS,1449,606,843,22,12,0,2,6,9,1391,0,5,2,27,1422,ITF,ITF5,17,Basilicata,Basilicata,559084,131055,23.44,0.26
2144,2021-04-21,BAS,3945,1851,2094,20,6,0,66,115,232,1500,1963,21,22,2269,1676,ITF,ITF5,17,Basilicata,Basilicata,559084,135000,24.15,0.71
2145,2021-04-30,BAS,5296,2378,2918,133,58,2,382,350,895,479,2809,58,130,4128,1168,ITF,ITF5,17,Basilicata,Basilicata,559084,140296,25.09,0.95
2146,2021-05-04,BAS,4134,1990,2144,60,12,0,89,370,765,190,2438,10,200,3610,524,ITF,ITF5,17,Basilicata,Basilicata,559084,144430,25.83,0.74
2147,2021-02-12,BAS,775,332,443,288,192,90,0,3,4,192,0,6,0,744,31,ITF,ITF5,17,Basilicata,Basilicata,559084,145205,25.97,0.14
2148,2021-02-16,BAS,905,377,528,250,93,67,0,1,1,492,0,1,0,807,98,ITF,ITF5,17,Basilicata,Basilicata,559084,146110,26.13,0.16
2149,2021-02-27,BAS,1986,856,1130,103,123,21,0,16,6,1678,4,0,35,1822,164,ITF,ITF5,17,Basilicata,Basilicata,559084,148096,26.49,0.36
2150,2021-02-17,BAS,1135,493,642,123,53,57,1,0,12,885,0,1,3,1059,76,ITF,ITF5,17,Basilicata,Basilicata,559084,149231,26.69,0.2
2151,2021-02-04,BAS,1096,443,653,639,106,281,0,26,1,3,0,0,40,63,1033,ITF,ITF5,17,Basilicata,Basilicata,559084,150327,26.89,0.2
2152,2021-03-31,BAS,3254,1295,1959,69,46,0,234,20,13,2673,131,21,47,2470,784,ITF,ITF5,17,Basilicata,Basilicata,559084,153581,27.47,0.58
2153,2021-04-27,BAS,4727,2243,2484,81,21,5,23,340,1159,215,2794,18,71,4399,328,ITF,ITF5,17,Basilicata,Basilicata,559084,158308,28.32,0.85
2154,2021-01-06,BAS,294,129,165,229,9,36,0,6,0,0,0,0,14,294,0,ITF,ITF5,17,Basilicata,Basilicata,559084,158602,28.37,0.05
2155,2021-03-01,BAS,542,279,263,122,107,4,50,1,1,169,0,86,2,376,166,ITF,ITF5,17,Basilicata,Basilicata,559084,159144,28.47,0.1
2156,2021-02-18,BAS,1070,401,669,270,59,150,0,0,0,588,0,0,3,855,215,ITF,ITF5,17,Basilicata,Basilicata,559084,160214,28.66,0.19
2157,2021-05-06,BAS,5046,2432,2614,68,23,2,64,418,935,85,3191,11,249,3476,1570,ITF,ITF5,17,Basilicata,Basilicata,559084,165260,29.56,0.9
2158,2021-02-21,BAS,284,113,171,16,1,11,1,0,1,254,0,0,0,284,0,ITF,ITF5,17,Basilicata,Basilicata,559084,165544,29.61,0.05
2159,2021-02-25,BAS,1787,736,1051,67,3,0,0,1,6,1705,0,1,4,1741,46,ITF,ITF5,17,Basilicata,Basilicata,559084,167331,29.93,0.32
2160,2021-02-22,BAS,1790,773,1017,125,23,2,0,2,7,1627,0,0,4,1737,53,ITF,ITF5,17,Basilicata,Basilicata,559084,169121,30.25,0.32
2161,2021-03-18,BAS,1348,562,786,32,0,0,0,1,7,1306,0,0,2,24,1324,ITF,ITF5,17,Basilicata,Basilicata,559084,170469,30.49,0.24
2162,2021-02-28,BAS,803,342,461,33,29,0,0,0,0,740,0,0,1,775,28,ITF,ITF5,17,Basilicata,Basilicata,559084,171272,30.63,0.14
2163,2021-04-29,BAS,4852,2394,2458,191,62,1,13,550,835,76,2966,33,125,4429,423,ITF,ITF5,17,Basilicata,Basilicata,559084,176124,31.5,0.87
2164,2021-02-08,BAS,557,193,364,436,72,49,0,0,0,0,0,0,0,151,406,ITF,ITF5,17,Basilicata,Basilicata,559084,176681,31.6,0.1
2165,2021-04-18,BAS,3725,1847,1878,30,6,0,17,44,214,1343,2053,15,3,2355,1370,ITF,ITF5,17,Basilicata,Basilicata,559084,180406,32.27,0.67
2166,2021-04-03,BAS,1836,764,1072,45,3,0,314,12,8,1114,304,14,22,1492,344,ITF,ITF5,17,Basilicata,Basilicata,559084,182242,32.6,0.33
2167,2021-03-29,BAS,2694,989,1705,71,20,1,674,15,10,1790,63,8,42,2354,340,ITF,ITF5,17,Basilicata,Basilicata,559084,184936,33.08,0.48
2168,2021-03-15,BAS,2347,981,1366,78,30,0,266,3,6,1934,1,23,6,520,1827,ITF,ITF5,17,Basilicata,Basilicata,559084,187283,33.5,0.42
2169,2021-02-02,BAS,367,143,224,212,15,102,0,9,1,0,0,2,26,175,192,ITF,ITF5,17,Basilicata,Basilicata,559084,187650,33.56,0.07
2170,2021-01-30,BAS,704,227,477,424,82,126,0,20,0,0,0,0,52,128,576,ITF,ITF5,17,Basilicata,Basilicata,559084,188354,33.69,0.13
2171,2021-02-03,BAS,666,300,366,425,15,172,0,40,1,0,0,0,13,32,634,ITF,ITF5,17,Basilicata,Basilicata,559084,189020,33.81,0.12
2172,2021-05-05,BAS,4332,2046,2286,73,43,21,119,553,688,177,2428,20,210,3443,889,ITF,ITF5,17,Basilicata,Basilicata,559084,193352,34.58,0.77
2173,2021-04-23,BAS,4547,2186,2361,75,29,6,46,233,997,768,2250,22,121,3538,1009,ITF,ITF5,17,Basilicata,Basilicata,559084,197899,35.4,0.81
2174,2021-01-03,BAS,900,344,556,790,53,0,2,7,0,0,0,0,48,900,0,ITF,ITF5,17,Basilicata,Basilicata,559084,198799,35.56,0.16
2175,2021-01-10,BAS,77,24,53,9,2,0,0,7,4,0,0,0,55,77,0,ITF,ITF5,17,Basilicata,Basilicata,559084,198876,35.57,0.01
2176,2021-03-30,BAS,2931,1197,1734,37,15,0,513,8,15,2206,99,13,25,2586,345,ITF,ITF5,17,Basilicata,Basilicata,559084,201807,36.1,0.52
2177,2021-02-05,BAS,984,443,541,611,38,191,0,23,8,5,0,0,108,64,920,ITF,ITF5,17,Basilicata,Basilicata,559084,202791,36.27,0.18
2178,2021-01-13,BAS,916,387,529,699,11,148,1,37,1,1,0,0,18,916,0,ITF,ITF5,17,Basilicata,Basilicata,559084,203707,36.44,0.16
2179,2021-03-24,BAS,1578,646,932,70,24,0,430,5,8,957,6,51,27,1222,356,ITF,ITF5,17,Basilicata,Basilicata,559084,205285,36.72,0.28
2180,2021-04-02,BAS,2331,1052,1279,98,35,2,25,19,33,1747,271,42,59,1723,608,ITF,ITF5,17,Basilicata,Basilicata,559084,207616,37.14,0.42
2181,2021-01-24,BAS,836,300,536,708,46,1,0,13,0,0,0,0,68,58,778,ITF,ITF5,17,Basilicata,Basilicata,559084,208452,37.28,0.15
2182,2021-02-06,BAS,902,367,535,546,186,168,1,1,0,0,0,0,0,146,756,ITF,ITF5,17,Basilicata,Basilicata,559084,209354,37.45,0.16
2183,2021-04-16,BAS,3359,1649,1710,32,21,1,71,19,35,888,2271,6,15,2441,918,ITF,ITF5,17,Basilicata,Basilicata,559084,212713,38.05,0.6
2184,2021-03-22,BAS,1174,531,643,46,68,0,385,2,5,642,8,16,2,627,547,ITF,ITF5,17,Basilicata,Basilicata,559084,213887,38.26,0.21
2185,2021-04-10,BAS,1045,387,658,65,12,8,491,5,4,148,284,21,7,963,82,ITF,ITF5,17,Basilicata,Basilicata,559084,214932,38.44,0.19
2186,2021-02-13,BAS,799,313,486,279,155,115,0,5,14,201,0,2,28,738,61,ITF,ITF5,17,Basilicata,Basilicata,559084,215731,38.59,0.14
2187,2021-04-27,MAR,9416,4316,5100,146,58,37,290,1368,3923,1045,2468,37,44,5415,4001,ITI,ITI3,11,Marche,Marche,1525271,9416,0.62,0.62
2188,2021-02-16,MAR,1306,482,824,750,435,92,0,3,2,0,0,0,24,1276,30,ITI,ITI3,11,Marche,Marche,1525271,10722,0.7,0.09
2189,2021-02-28,MAR,2841,1251,1590,19,6,0,2,2,3,2800,0,2,7,2835,6,ITI,ITI3,11,Marche,Marche,1525271,13563,0.89,0.19
2190,2021-03-25,MAR,6657,2774,3883,464,148,373,519,95,27,4383,258,122,268,3247,3410,ITI,ITI3,11,Marche,Marche,1525271,20220,1.33,0.44
2191,2021-01-23,MAR,560,190,370,441,55,63,0,0,0,0,0,0,1,123,437,ITI,ITI3,11,Marche,Marche,1525271,20780,1.36,0.04
2192,2021-03-22,MAR,5661,2378,3283,408,232,70,433,14,14,4183,19,238,50,2532,3129,ITI,ITI3,11,Marche,Marche,1525271,26441,1.73,0.37
2193,2021-04-29,MAR,13252,6067,7185,264,136,92,636,1909,3647,1415,4965,90,98,7159,6093,ITI,ITI3,11,Marche,Marche,1525271,39693,2.6,0.87
2194,2021-02-21,MAR,377,142,235,204,62,57,1,11,1,0,0,0,41,376,1,ITI,ITI3,11,Marche,Marche,1525271,40070,2.63,0.02
2195,2021-03-29,MAR,5898,2587,3311,228,147,39,215,34,67,4280,732,75,81,3446,2452,ITI,ITI3,11,Marche,Marche,1525271,45968,3.01,0.39
2196,2021-05-06,MAR,12659,5820,6839,310,202,135,428,1449,3160,1039,5433,169,334,5586,7073,ITI,ITI3,11,Marche,Marche,1525271,58627,3.84,0.83
2197,2021-03-09,MAR,5534,2377,3157,755,226,41,1070,20,4,2588,124,652,54,4645,889,ITI,ITI3,11,Marche,Marche,1525271,64161,4.21,0.36
2198,2021-01-02,MAR,453,139,314,444,9,0,0,0,0,0,0,0,0,453,0,ITI,ITI3,11,Marche,Marche,1525271,64614,4.24,0.03
2199,2021-02-15,MAR,973,413,560,544,390,1,0,4,1,1,12,0,20,960,13,ITI,ITI3,11,Marche,Marche,1525271,65587,4.3,0.06
2200,2021-02-03,MAR,2125,742,1383,1344,569,166,0,4,5,2,0,0,35,119,2006,ITI,ITI3,11,Marche,Marche,1525271,67712,4.44,0.14
2201,2021-01-15,MAR,1772,500,1272,985,358,366,0,9,3,0,0,0,51,1772,0,ITI,ITI3,11,Marche,Marche,1525271,69484,4.56,0.12
2202,2021-04-23,MAR,11164,5141,6023,182,84,73,53,2841,3419,1686,2723,45,58,8108,3056,ITI,ITI3,11,Marche,Marche,1525271,80648,5.29,0.73
2203,2021-01-24,MAR,894,344,550,775,118,0,0,0,0,0,0,0,1,17,877,ITI,ITI3,11,Marche,Marche,1525271,81542,5.35,0.06
2204,2021-04-20,MAR,10726,5007,5719,181,74,101,87,1953,4637,594,3053,21,25,9301,1425,ITI,ITI3,11,Marche,Marche,1525271,92268,6.05,0.7
2205,2021-03-15,MAR,4513,2120,2393,300,81,11,242,38,8,3478,27,217,111,1423,3090,ITI,ITI3,11,Marche,Marche,1525271,96781,6.35,0.3
2206,2021-04-01,MAR,7606,3195,4411,391,239,46,284,37,159,4615,1692,70,73,4180,3426,ITI,ITI3,11,Marche,Marche,1525271,104387,6.84,0.5
2207,2021-01-03,MAR,896,348,548,759,130,0,0,1,0,0,0,0,6,896,0,ITI,ITI3,11,Marche,Marche,1525271,105283,6.9,0.06
2208,2021-01-04,MAR,1502,564,938,1291,195,11,0,1,0,0,0,0,4,1502,0,ITI,ITI3,11,Marche,Marche,1525271,106785,7.0,0.1
2209,2021-01-19,MAR,226,82,144,121,20,85,0,0,0,0,0,0,0,141,85,ITI,ITI3,11,Marche,Marche,1525271,107011,7.02,0.01
2210,2021-03-11,MAR,6833,2930,3903,1095,386,52,1148,25,9,3227,86,700,105,5462,1371,ITI,ITI3,11,Marche,Marche,1525271,113844,7.46,0.45
2211,2021-03-13,MAR,5877,2708,3169,664,168,58,237,26,10,4248,13,353,100,1916,3961,ITI,ITI3,11,Marche,Marche,1525271,119721,7.85,0.39
2212,2021-05-02,MAR,8905,3939,4966,275,116,4,936,1937,2169,745,2641,39,43,3163,5742,ITI,ITI3,11,Marche,Marche,1525271,128626,8.43,0.58
2213,2021-04-16,MAR,10173,4748,5425,325,155,76,513,228,3854,697,4095,21,209,9636,537,ITI,ITI3,11,Marche,Marche,1525271,138799,9.1,0.67
2214,2021-03-30,MAR,7449,3057,4392,524,321,277,367,44,113,4273,1385,80,65,4610,2839,ITI,ITI3,11,Marche,Marche,1525271,146248,9.59,0.49
2215,2021-01-13,MAR,2105,746,1359,1408,578,76,0,6,5,15,0,0,17,2105,0,ITI,ITI3,11,Marche,Marche,1525271,148353,9.73,0.14
2216,2021-02-06,MAR,2460,900,1560,1402,536,415,0,21,8,4,0,0,74,523,1937,ITI,ITI3,11,Marche,Marche,1525271,150813,9.89,0.16
2217,2021-02-05,MAR,2158,653,1505,1318,348,419,0,6,8,2,0,0,57,440,1718,ITI,ITI3,11,Marche,Marche,1525271,152971,10.03,0.14
2218,2021-04-19,MAR,9614,4500,5114,245,124,13,64,1479,4118,975,2417,36,143,8030,1584,ITI,ITI3,11,Marche,Marche,1525271,162585,10.66,0.63
2219,2021-02-19,MAR,1971,716,1255,1273,405,203,2,7,4,2,13,0,62,1836,135,ITI,ITI3,11,Marche,Marche,1525271,164556,10.79,0.13
2220,2021-02-18,MAR,2105,746,1359,1150,502,402,1,14,4,1,0,0,31,1817,288,ITI,ITI3,11,Marche,Marche,1525271,166661,10.93,0.14
2221,2021-03-27,MAR,7421,3084,4337,278,170,144,711,77,107,4087,1536,133,178,5052,2369,ITI,ITI3,11,Marche,Marche,1525271,174082,11.41,0.49
2222,2021-01-31,MAR,1929,773,1156,1533,392,0,0,1,0,0,0,0,3,105,1824,ITI,ITI3,11,Marche,Marche,1525271,176011,11.54,0.13
2223,2021-01-14,MAR,2010,692,1318,1112,558,298,0,4,1,0,0,0,37,2010,0,ITI,ITI3,11,Marche,Marche,1525271,178021,11.67,0.13
2224,2021-02-10,MAR,1439,452,987,881,292,215,0,6,1,0,0,0,44,1080,359,ITI,ITI3,11,Marche,Marche,1525271,179460,11.77,0.09
2225,2021-04-17,MAR,11756,5332,6424,204,152,130,614,326,4109,925,5166,14,116,10681,1075,ITI,ITI3,11,Marche,Marche,1525271,191216,12.54,0.77
2226,2021-03-10,MAR,5784,2490,3294,721,411,114,1042,12,11,2675,100,652,46,4647,1137,ITI,ITI3,11,Marche,Marche,1525271,197000,12.92,0.38
2227,2021-01-18,MAR,673,230,443,370,116,132,0,5,8,30,0,0,12,547,126,ITI,ITI3,11,Marche,Marche,1525271,197673,12.96,0.04
2228,2020-12-30,MAR,17,5,12,14,3,0,0,0,0,0,0,0,0,17,0,ITI,ITI3,11,Marche,Marche,1525271,197690,12.96,0.0
2229,2021-02-24,MAR,3497,1518,1979,229,192,214,1,5,4,2823,22,3,4,3417,80,ITI,ITI3,11,Marche,Marche,1525271,201187,13.19,0.23
2230,2021-01-17,MAR,1604,685,919,969,367,46,0,50,30,4,0,0,138,1550,54,ITI,ITI3,11,Marche,Marche,1525271,202791,13.3,0.11
2231,2021-03-02,MAR,4968,1944,3024,590,184,260,538,12,3,3320,4,3,54,4402,566,ITI,ITI3,11,Marche,Marche,1525271,207759,13.62,0.33
2232,2021-02-20,MAR,4127,1708,2419,118,118,261,0,17,13,3581,0,3,16,4016,111,ITI,ITI3,11,Marche,Marche,1525271,211886,13.89,0.27
2233,2021-04-28,MAR,10736,4891,5845,217,60,85,322,1631,3739,991,3401,42,248,6003,4733,ITI,ITI3,11,Marche,Marche,1525271,222622,14.6,0.7
2234,2021-04-09,MAR,9690,4264,5426,274,74,104,1321,108,2334,1619,3693,70,93,9488,202,ITI,ITI3,11,Marche,Marche,1525271,232312,15.23,0.64
2235,2021-04-26,MAR,8995,3988,5007,158,70,30,179,1740,4042,899,1776,42,59,5969,3026,ITI,ITI3,11,Marche,Marche,1525271,241307,15.82,0.59
2236,2021-03-20,MAR,4146,1745,2401,181,63,114,89,10,4,3641,14,12,18,1054,3092,ITI,ITI3,11,Marche,Marche,1525271,245453,16.09,0.27
2237,2021-04-05,MAR,5696,2359,3337,253,84,103,758,54,1005,2268,1112,28,31,4427,1269,ITI,ITI3,11,Marche,Marche,1525271,251149,16.47,0.37
2238,2021-04-11,MAR,7137,3126,4011,282,97,10,783,47,2168,1233,2453,44,20,6851,286,ITI,ITI3,11,Marche,Marche,1525271,258286,16.93,0.47
2239,2021-03-28,MAR,4134,1744,2390,45,45,6,396,17,32,2667,873,11,42,2439,1695,ITI,ITI3,11,Marche,Marche,1525271,262420,17.2,0.27
2240,2021-01-09,MAR,1709,605,1104,1406,238,0,0,17,2,0,0,0,46,1709,0,ITI,ITI3,11,Marche,Marche,1525271,264129,17.32,0.11
2241,2021-04-12,MAR,8598,3788,4810,179,83,88,1157,107,2848,1324,2615,79,118,8111,487,ITI,ITI3,11,Marche,Marche,1525271,272727,17.88,0.56
2242,2021-05-07,MAR,8824,4096,4728,215,93,71,680,953,2982,428,3059,13,330,2429,6395,ITI,ITI3,11,Marche,Marche,1525271,281551,18.46,0.58
2243,2021-01-25,MAR,1597,560,1037,1426,111,56,0,0,0,2,0,0,2,97,1500,ITI,ITI3,11,Marche,Marche,1525271,283148,18.56,0.1
2244,2021-01-07,MAR,1802,633,1169,1480,279,0,0,8,0,0,0,0,35,1802,0,ITI,ITI3,11,Marche,Marche,1525271,284950,18.68,0.12
2245,2021-03-19,MAR,3872,1605,2267,495,135,295,6,5,7,2838,63,13,15,345,3527,ITI,ITI3,11,Marche,Marche,1525271,288822,18.94,0.25
2246,2021-02-12,MAR,1583,618,965,815,423,88,0,32,14,3,0,0,208,1431,152,ITI,ITI3,11,Marche,Marche,1525271,290405,19.04,0.1
2247,2021-04-21,MAR,10811,4978,5833,273,111,46,81,2394,4300,557,2874,43,132,9612,1199,ITI,ITI3,11,Marche,Marche,1525271,301216,19.75,0.71
2248,2021-02-04,MAR,2342,810,1532,1406,602,275,0,11,3,1,0,0,44,112,2230,ITI,ITI3,11,Marche,Marche,1525271,303558,19.9,0.15
2249,2021-04-06,MAR,8891,3699,5192,310,185,161,1729,97,1740,1891,2584,98,96,8076,815,ITI,ITI3,11,Marche,Marche,1525271,312449,20.48,0.58
2250,2021-04-25,MAR,8856,4120,4736,207,37,1,20,4116,2158,677,1603,22,15,7214,1642,ITI,ITI3,11,Marche,Marche,1525271,321305,21.07,0.58
2251,2021-01-22,MAR,487,167,320,315,74,87,0,1,0,0,0,0,10,194,293,ITI,ITI3,11,Marche,Marche,1525271,321792,21.1,0.03
2252,2021-03-14,MAR,2517,1036,1481,442,58,1,456,4,3,1537,5,2,9,1919,598,ITI,ITI3,11,Marche,Marche,1525271,324309,21.26,0.17
2253,2021-03-05,MAR,6297,2960,3337,1131,324,144,803,52,27,2389,185,1116,126,4830,1467,ITI,ITI3,11,Marche,Marche,1525271,330606,21.68,0.41
2254,2021-02-09,MAR,125,42,83,78,21,26,0,0,0,0,0,0,0,47,78,ITI,ITI3,11,Marche,Marche,1525271,330731,21.68,0.01
2255,2021-03-01,MAR,3728,1489,2239,388,138,87,286,4,1,2793,4,5,22,3480,248,ITI,ITI3,11,Marche,Marche,1525271,334459,21.93,0.24
2256,2021-04-30,MAR,13945,6103,7842,343,78,92,1476,1652,3683,1646,4815,55,105,5404,8541,ITI,ITI3,11,Marche,Marche,1525271,348404,22.84,0.91
2257,2021-03-03,MAR,6767,3097,3670,820,375,257,783,36,12,3134,195,1057,98,5886,881,ITI,ITI3,11,Marche,Marche,1525271,355171,23.29,0.44
2258,2021-02-27,MAR,3374,1440,1934,186,142,161,1,6,1,2848,17,6,6,3165,209,ITI,ITI3,11,Marche,Marche,1525271,358545,23.51,0.22
2259,2021-01-06,MAR,2181,792,1389,1738,261,147,0,5,1,0,0,0,29,2181,0,ITI,ITI3,11,Marche,Marche,1525271,360726,23.65,0.14
2260,2021-02-23,MAR,3274,1400,1874,219,57,118,0,7,4,2826,0,8,35,3218,56,ITI,ITI3,11,Marche,Marche,1525271,364000,23.86,0.21
2261,2021-03-31,MAR,7386,3088,4298,478,327,163,257,31,103,4560,1302,87,78,4358,3028,ITI,ITI3,11,Marche,Marche,1525271,371386,24.35,0.48
2262,2021-04-14,MAR,10282,4598,5684,419,161,80,1013,182,3553,902,3795,41,136,9908,374,ITI,ITI3,11,Marche,Marche,1525271,381668,25.02,0.67
2263,2021-02-11,MAR,1988,658,1330,1155,370,212,0,32,22,32,0,0,165,1599,389,ITI,ITI3,11,Marche,Marche,1525271,383656,25.15,0.13
2264,2021-02-22,MAR,3414,1499,1915,326,89,77,2,7,0,2869,1,5,38,3339,75,ITI,ITI3,11,Marche,Marche,1525271,387070,25.38,0.22
2265,2021-04-10,MAR,11115,4717,6398,313,170,80,1112,210,2823,2242,4036,53,76,10796,319,ITI,ITI3,11,Marche,Marche,1525271,398185,26.11,0.73
2266,2021-03-16,MAR,3577,1549,2028,317,71,56,5,7,6,2931,46,111,27,394,3183,ITI,ITI3,11,Marche,Marche,1525271,401762,26.34,0.23
2267,2021-04-04,MAR,3828,1793,2035,189,117,7,84,10,633,2010,755,10,13,2657,1171,ITI,ITI3,11,Marche,Marche,1525271,405590,26.59,0.25
2268,2021-03-07,MAR,5183,2108,3075,607,167,32,896,13,2,3007,76,336,47,4430,753,ITI,ITI3,11,Marche,Marche,1525271,410773,26.93,0.34
2269,2021-04-02,MAR,7004,3033,3971,391,210,112,424,47,735,2701,2129,213,42,6261,743,ITI,ITI3,11,Marche,Marche,1525271,417777,27.39,0.46
2270,2021-01-12,MAR,1226,413,813,912,255,50,0,2,0,0,0,0,7,1226,0,ITI,ITI3,11,Marche,Marche,1525271,419003,27.47,0.08
2271,2021-02-02,MAR,1193,397,796,804,265,93,0,5,0,5,0,0,21,73,1120,ITI,ITI3,11,Marche,Marche,1525271,420196,27.55,0.08
2272,2021-05-01,MAR,9319,3923,5396,186,138,15,1281,2036,1825,875,2892,14,57,3577,5742,ITI,ITI3,11,Marche,Marche,1525271,429515,28.16,0.61
2273,2021-02-08,MAR,833,258,575,408,133,262,0,6,3,4,0,0,17,371,462,ITI,ITI3,11,Marche,Marche,1525271,430348,28.21,0.05
2274,2021-02-25,MAR,3563,1447,2116,432,137,423,1,8,5,2493,27,3,34,3384,179,ITI,ITI3,11,Marche,Marche,1525271,433911,28.45,0.23
2275,2021-01-05,MAR,1562,586,976,1436,112,0,0,3,2,0,0,0,9,1562,0,ITI,ITI3,11,Marche,Marche,1525271,435473,28.55,0.1
2276,2021-01-27,MAR,2122,780,1342,1754,156,140,0,13,10,8,0,0,41,122,2000,ITI,ITI3,11,Marche,Marche,1525271,437595,28.69,0.14
2277,2021-04-03,MAR,7597,3217,4380,322,152,60,293,76,827,2954,2820,20,73,6925,672,ITI,ITI3,11,Marche,Marche,1525271,445192,29.19,0.5
2278,2020-12-27,MAR,200,97,103,184,12,4,0,0,0,0,0,0,0,200,0,ITI,ITI3,11,Marche,Marche,1525271,445392,29.2,0.01
2279,2021-03-18,MAR,3445,1514,1931,326,188,125,3,7,8,2653,23,98,14,216,3229,ITI,ITI3,11,Marche,Marche,1525271,448837,29.43,0.23
2280,2021-01-10,MAR,1737,699,1038,1462,253,0,0,5,1,0,0,0,16,1737,0,ITI,ITI3,11,Marche,Marche,1525271,450574,29.54,0.11
2281,2021-02-07,MAR,1873,735,1138,1156,482,46,0,41,20,4,0,0,124,344,1529,ITI,ITI3,11,Marche,Marche,1525271,452447,29.66,0.12
2282,2021-04-08,MAR,7543,3291,4252,276,96,97,715,82,2073,1334,2805,26,39,7212,331,ITI,ITI3,11,Marche,Marche,1525271,459990,30.16,0.49
2283,2021-03-23,MAR,5819,2538,3281,260,104,139,328,23,7,4639,27,220,72,2272,3547,ITI,ITI3,11,Marche,Marche,1525271,465809,30.54,0.38
2284,2021-03-24,MAR,7039,2984,4055,485,152,202,592,40,25,4814,321,161,247,3370,3669,ITI,ITI3,11,Marche,Marche,1525271,472848,31.0,0.46
2285,2021-01-20,MAR,400,100,300,148,56,190,0,2,0,1,0,0,3,386,14,ITI,ITI3,11,Marche,Marche,1525271,473248,31.03,0.03
2286,2021-04-07,MAR,7823,3443,4380,189,143,177,973,75,1889,1335,2904,30,108,7487,336,ITI,ITI3,11,Marche,Marche,1525271,481071,31.54,0.51
2287,2021-01-11,MAR,1176,411,765,1021,155,0,0,0,0,0,0,0,0,1176,0,ITI,ITI3,11,Marche,Marche,1525271,482247,31.62,0.08
2288,2021-01-28,MAR,1975,661,1314,1583,238,101,0,9,1,0,0,0,43,167,1808,ITI,ITI3,11,Marche,Marche,1525271,484222,31.75,0.13
2289,2021-01-30,MAR,1908,669,1239,1566,293,0,0,12,0,0,0,0,37,29,1879,ITI,ITI3,11,Marche,Marche,1525271,486130,31.87,0.13
2290,2021-05-05,MAR,11637,5295,6342,269,162,123,645,1281,3596,900,4325,64,272,5224,6413,ITI,ITI3,11,Marche,Marche,1525271,497767,32.63,0.76
2291,2021-02-14,MAR,738,301,437,578,109,0,0,10,0,0,0,0,41,738,0,ITI,ITI3,11,Marche,Marche,1525271,498505,32.68,0.05
2292,2021-01-08,MAR,1576,588,988,1227,324,0,0,5,0,0,0,0,20,1576,0,ITI,ITI3,11,Marche,Marche,1525271,500081,32.79,0.1
2293,2021-01-26,MAR,2017,746,1271,1736,153,86,0,15,4,1,0,0,22,92,1925,ITI,ITI3,11,Marche,Marche,1525271,502098,32.92,0.13
2294,2021-02-13,MAR,1064,455,609,457,311,90,0,25,10,16,0,0,155,1012,52,ITI,ITI3,11,Marche,Marche,1525271,503162,32.99,0.07
2295,2020-12-31,MAR,385,180,205,371,14,0,0,0,0,0,0,0,0,385,0,ITI,ITI3,11,Marche,Marche,1525271,503547,33.01,0.03
2296,2021-04-15,MAR,10391,4679,5712,503,138,128,933,192,3639,780,3842,55,181,9826,565,ITI,ITI3,11,Marche,Marche,1525271,513938,33.69,0.68
2297,2021-04-22,MAR,10805,4942,5863,236,84,30,58,2750,3928,688,2953,37,41,9224,1581,ITI,ITI3,11,Marche,Marche,1525271,524743,34.4,0.71
2298,2021-03-04,MAR,6627,2978,3649,1064,375,115,769,53,18,2806,222,1041,164,5233,1394,ITI,ITI3,11,Marche,Marche,1525271,531370,34.84,0.43
2299,2021-03-08,MAR,6368,2809,3559,768,228,220,1015,8,2,3102,147,830,48,5366,1002,ITI,ITI3,11,Marche,Marche,1525271,537738,35.26,0.42
2300,2021-01-29,MAR,1992,730,1262,1480,404,74,0,6,0,3,0,0,25,168,1824,ITI,ITI3,11,Marche,Marche,1525271,539730,35.39,0.13
2301,2021-01-16,MAR,2006,723,1283,1059,415,285,0,53,42,21,0,0,131,2006,0,ITI,ITI3,11,Marche,Marche,1525271,541736,35.52,0.13
2302,2021-03-12,MAR,4718,2020,2698,821,445,17,929,20,11,1907,3,487,78,3472,1246,ITI,ITI3,11,Marche,Marche,1525271,546454,35.83,0.31
2303,2021-03-26,MAR,6347,2614,3733,336,222,191,501,58,31,4092,396,204,316,3536,2811,ITI,ITI3,11,Marche,Marche,1525271,552801,36.24,0.42
2304,2021-02-01,MAR,1365,480,885,1057,200,81,0,5,0,0,0,0,22,98,1267,ITI,ITI3,11,Marche,Marche,1525271,554166,36.33,0.09
2305,2021-04-13,MAR,9868,4278,5590,205,105,61,1076,163,3749,956,3471,32,50,9627,241,ITI,ITI3,11,Marche,Marche,1525271,564034,36.98,0.65
2306,2021-05-03,MAR,10202,4607,5595,247,77,33,812,1004,3632,964,3260,75,98,4789,5413,ITI,ITI3,11,Marche,Marche,1525271,574236,37.65,0.67
2307,2021-03-21,MAR,4512,1878,2634,87,42,57,205,19,7,4047,9,13,26,1632,2880,ITI,ITI3,11,Marche,Marche,1525271,578748,37.94,0.3
2308,2021-01-21,MAR,899,255,644,461,85,336,0,1,0,3,0,0,13,585,314,ITI,ITI3,11,Marche,Marche,1525271,579647,38.0,0.06
2309,2021-04-18,MAR,8843,4141,4702,261,67,2,455,1077,2952,377,3618,11,23,7922,921,ITI,ITI3,11,Marche,Marche,1525271,588490,38.58,0.58
2310,2021-05-04,MAR,10848,4788,6060,205,116,63,658,1101,3919,1045,3670,28,43,4954,5894,ITI,ITI3,11,Marche,Marche,1525271,599338,39.29,0.71
2311,2021-04-24,MAR,12034,5311,6723,132,134,46,78,2369,3734,1675,3744,33,89,7565,4469,ITI,ITI3,11,Marche,Marche,1525271,611372,40.08,0.79
2312,2021-02-17,MAR,1791,664,1127,968,472,309,0,6,1,1,22,0,12,1672,119,ITI,ITI3,11,Marche,Marche,1525271,613163,40.2,0.12
2313,2021-03-06,MAR,5735,2650,3085,973,225,172,747,37,7,2400,221,867,86,4467,1268,ITI,ITI3,11,Marche,Marche,1525271,618898,40.58,0.38
2314,2021-03-17,MAR,3435,1497,1938,301,79,117,5,10,10,2822,61,7,23,111,3324,ITI,ITI3,11,Marche,Marche,1525271,622333,40.8,0.23
2315,2021-02-26,MAR,3636,1503,2133,449,178,389,39,8,4,2521,31,4,13,3160,476,ITI,ITI3,11,Marche,Marche,1525271,625969,41.04,0.24
2316,2021-04-09,VDA,237,111,126,0,1,7,0,155,32,30,8,0,4,204,33,ITC,ITC2,2,Valle d'Aosta / Vallée d'Aoste,Valle d'Aosta,125666,237,0.19,0.19
2317,2021-01-29,VDA,316,138,178,259,32,16,0,6,3,0,0,0,0,2,314,ITC,ITC2,2,Valle d'Aosta / Vallée d'Aoste,Valle d'Aosta,125666,553,0.44,0.25
2318,2021-03-20,VDA,208,86,122,5,5,15,2,87,46,14,1,27,6,172,36,ITC,ITC2,2,Valle d'Aosta / Vallée d'Aoste,Valle d'Aosta,125666,761,0.61,0.17
2319,2021-02-24,VDA,183,82,101,30,9,13,7,0,4,66,0,54,0,164,19,ITC,ITC2,2,Valle d'Aosta / Vallée d'Aoste,Valle d'Aosta,125666,944,0.75,0.15
2320,2021-01-09,VDA,443,199,244,225,183,22,0,7,6,0,0,0,0,443,0,ITC,ITC2,2,Valle d'Aosta / Vallée d'Aoste,Valle d'Aosta,125666,1387,1.1,0.35
2321,2021-02-07,VDA,292,120,172,110,63,0,3,1,1,105,7,2,0,190,102,ITC,ITC2,2,Valle d'Aosta / Vallée d'Aoste,Valle d'Aosta,125666,1679,1.34,0.23
2322,2021-03-29,VDA,493,233,260,7,5,18,2,50,172,209,23,1,6,453,40,ITC,ITC2,2,Valle d'Aosta / Vallée d'Aoste,Valle d'Aosta,125666,2172,1.73,0.39
2323,2021-02-16,VDA,325,53,272,10,0,14,236,11,8,32,0,4,10,320,5,ITC,ITC2,2,Valle d'Aosta / Vallée d'Aoste,Valle d'Aosta,125666,2497,1.99,0.26
2324,2021-01-21,VDA,33,12,21,0,0,33,0,0,0,0,0,0,0,33,0,ITC,ITC2,2,Valle d'Aosta / Vallée d'Aoste,Valle d'Aosta,125666,2530,2.01,0.03
2325,2021-02-21,VDA,18,3,15,0,0,18,0,0,0,0,0,0,0,0,18,ITC,ITC2,2,Valle d'Aosta / Vallée d'Aoste,Valle d'Aosta,125666,2548,2.03,0.01
2326,2021-03-25,VDA,389,154,235,13,0,1,1,8,57,287,14,0,8,379,10,ITC,ITC2,2,Valle d'Aosta / Vallée d'Aoste,Valle d'Aosta,125666,2937,2.34,0.31
2327,2021-03-15,VDA,362,123,239,21,4,10,65,8,16,217,14,7,0,159,203,ITC,ITC2,2,Valle d'Aosta / Vallée d'Aoste,Valle d'Aosta,125666,3299,2.63,0.29
2328,2021-01-30,VDA,437,202,235,232,181,12,0,7,4,0,0,0,1,14,423,ITC,ITC2,2,Valle d'Aosta / Vallée d'Aoste,Valle d'Aosta,125666,3736,2.97,0.35
2329,2021-01-14,VDA,237,69,168,151,62,0,0,16,6,2,0,0,0,237,0,ITC,ITC2,2,Valle d'Aosta / Vallée d'Aoste,Valle d'Aosta,125666,3973,3.16,0.19
2330,2021-05-06,VDA,1062,509,553,11,4,4,5,279,344,178,209,5,23,679,383,ITC,ITC2,2,Valle d'Aosta / Vallée d'Aoste,Valle d'Aosta,125666,5035,4.01,0.85
2331,2021-04-19,VDA,751,325,426,12,5,2,1,105,132,311,175,1,7,542,209,ITC,ITC2,2,Valle d'Aosta / Vallée d'Aoste,Valle d'Aosta,125666,5786,4.6,0.6
2332,2021-02-22,VDA,316,94,222,62,10,39,67,0,15,111,0,6,6,213,103,ITC,ITC2,2,Valle d'Aosta / Vallée d'Aoste,Valle d'Aosta,125666,6102,4.86,0.25
2333,2021-03-04,VDA,291,139,152,56,19,2,2,3,10,160,2,14,23,42,249,ITC,ITC2,2,Valle d'Aosta / Vallée d'Aoste,Valle d'Aosta,125666,6393,5.09,0.23
2334,2021-01-13,VDA,337,110,227,166,138,28,0,3,2,0,0,0,0,337,0,ITC,ITC2,2,Valle d'Aosta / Vallée d'Aoste,Valle d'Aosta,125666,6730,5.36,0.27
2335,2021-04-10,VDA,404,190,214,2,3,1,0,109,223,22,32,0,12,399,5,ITC,ITC2,2,Valle d'Aosta / Vallée d'Aoste,Valle d'Aosta,125666,7134,5.68,0.32
2336,2021-02-05,VDA,294,102,192,159,52,0,0,14,16,53,0,0,0,101,193,ITC,ITC2,2,Valle d'Aosta / Vallée d'Aoste,Valle d'Aosta,125666,7428,5.91,0.23
2337,2021-04-29,VDA,1291,634,657,9,3,39,0,242,506,243,223,6,20,757,534,ITC,ITC2,2,Valle d'Aosta / Vallée d'Aoste,Valle d'Aosta,125666,8719,6.94,1.03
2338,2021-04-16,VDA,599,261,338,63,10,2,0,235,81,26,172,0,10,597,2,ITC,ITC2,2,Valle d'Aosta / Vallée d'Aoste,Valle d'Aosta,125666,9318,7.41,0.48
2339,2021-03-13,VDA,145,86,59,3,11,0,3,82,0,0,0,24,22,145,0,ITC,ITC2,2,Valle d'Aosta / Vallée d'Aoste,Valle d'Aosta,125666,9463,7.53,0.12
2340,2021-05-02,VDA,765,345,420,3,4,0,1,353,277,35,82,1,9,605,160,ITC,ITC2,2,Valle d'Aosta / Vallée d'Aoste,Valle d'Aosta,125666,10228,8.14,0.61
2341,2021-04-14,VDA,935,425,510,16,3,0,1,83,257,405,150,3,17,712,223,ITC,ITC2,2,Valle d'Aosta / Vallée d'Aoste,Valle d'Aosta,125666,11163,8.88,0.74
2342,2021-04-15,VDA,809,377,432,30,1,0,1,232,135,241,155,2,12,670,139,ITC,ITC2,2,Valle d'Aosta / Vallée d'Aoste,Valle d'Aosta,125666,11972,9.53,0.64
2343,2021-03-27,VDA,333,164,169,24,12,14,1,111,72,66,4,21,8,302,31,ITC,ITC2,2,Valle d'Aosta / Vallée d'Aoste,Valle d'Aosta,125666,12305,9.79,0.26
2344,2021-03-07,VDA,64,30,34,16,3,0,1,1,4,26,0,2,11,11,53,ITC,ITC2,2,Valle d'Aosta / Vallée d'Aoste,Valle d'Aosta,125666,12369,9.84,0.05
2345,2021-01-18,VDA,213,74,139,29,7,27,0,104,0,46,0,0,0,213,0,ITC,ITC2,2,Valle d'Aosta / Vallée d'Aoste,Valle d'Aosta,125666,12582,10.01,0.17
2346,2021-02-27,VDA,230,84,146,69,8,2,0,10,4,128,0,4,5,124,106,ITC,ITC2,2,Valle d'Aosta / Vallée d'Aoste,Valle d'Aosta,125666,12812,10.2,0.18
2347,2021-05-05,VDA,1034,564,470,11,1,9,3,91,402,220,267,2,28,456,578,ITC,ITC2,2,Valle d'Aosta / Vallée d'Aoste,Valle d'Aosta,125666,13846,11.02,0.82
2348,2021-01-02,VDA,6,5,1,0,0,6,0,0,0,0,0,0,0,6,0,ITC,ITC2,2,Valle d'Aosta / Vallée d'Aoste,Valle d'Aosta,125666,13852,11.02,0.0
2349,2021-03-18,VDA,136,43,93,4,0,26,0,0,2,102,1,1,0,99,37,ITC,ITC2,2,Valle d'Aosta / Vallée d'Aoste,Valle d'Aosta,125666,13988,11.13,0.11
2350,2021-01-22,VDA,56,21,35,36,0,20,0,0,0,0,0,0,0,20,36,ITC,ITC2,2,Valle d'Aosta / Vallée d'Aoste,Valle d'Aosta,125666,14044,11.18,0.04
2351,2021-02-06,VDA,289,104,185,170,36,0,0,1,2,74,5,1,0,92,197,ITC,ITC2,2,Valle d'Aosta / Vallée d'Aoste,Valle d'Aosta,125666,14333,11.41,0.23
2352,2021-03-10,VDA,437,182,255,9,0,17,0,1,19,362,20,7,2,225,212,ITC,ITC2,2,Valle d'Aosta / Vallée d'Aoste,Valle d'Aosta,125666,14770,11.75,0.35
2353,2021-03-02,VDA,339,166,173,17,9,39,5,34,1,145,0,65,24,336,3,ITC,ITC2,2,Valle d'Aosta / Vallée d'Aoste,Valle d'Aosta,125666,15109,12.02,0.27
2354,2021-01-20,VDA,23,8,15,0,0,6,0,0,0,17,0,0,0,23,0,ITC,ITC2,2,Valle d'Aosta / Vallée d'Aoste,Valle d'Aosta,125666,15132,12.04,0.02
2355,2021-03-11,VDA,195,74,121,4,0,8,2,1,10,167,1,1,1,65,130,ITC,ITC2,2,Valle d'Aosta / Vallée d'Aoste,Valle d'Aosta,125666,15327,12.2,0.16
2356,2021-02-20,VDA,251,210,41,6,17,11,9,3,2,8,0,183,12,241,10,ITC,ITC2,2,Valle d'Aosta / Vallée d'Aoste,Valle d'Aosta,125666,15578,12.4,0.2
2357,2021-04-08,VDA,584,282,302,6,0,4,2,50,146,281,82,0,13,441,143,ITC,ITC2,2,Valle d'Aosta / Vallée d'Aoste,Valle d'Aosta,125666,16162,12.86,0.46
2358,2021-01-11,VDA,325,112,213,238,50,30,0,3,3,0,0,0,1,325,0,ITC,ITC2,2,Valle d'Aosta / Vallée d'Aoste,Valle d'Aosta,125666,16487,13.12,0.26
2359,2021-04-17,VDA,638,407,231,8,8,0,2,158,199,46,207,0,10,636,2,ITC,ITC2,2,Valle d'Aosta / Vallée d'Aoste,Valle d'Aosta,125666,17125,13.63,0.51
2360,2021-04-11,VDA,479,208,271,3,4,0,3,265,142,6,47,0,9,479,0,ITC,ITC2,2,Valle d'Aosta / Vallée d'Aoste,Valle d'Aosta,125666,17604,14.01,0.38
2361,2021-02-23,VDA,216,123,93,0,1,0,16,0,0,0,0,46,153,216,0,ITC,ITC2,2,Valle d'Aosta / Vallée d'Aoste,Valle d'Aosta,125666,17820,14.18,0.17
2362,2021-03-17,VDA,433,185,248,36,4,16,7,14,23,254,9,42,28,273,160,ITC,ITC2,2,Valle d'Aosta / Vallée d'Aoste,Valle d'Aosta,125666,18253,14.53,0.34
2363,2021-02-09,VDA,251,84,167,78,16,14,53,8,3,75,2,1,1,68,183,ITC,ITC2,2,Valle d'Aosta / Vallée d'Aoste,Valle d'Aosta,125666,18504,14.72,0.2
2364,2021-02-17,VDA,327,144,183,25,1,30,0,0,16,237,0,17,1,227,100,ITC,ITC2,2,Valle d'Aosta / Vallée d'Aoste,Valle d'Aosta,125666,18831,14.98,0.26
2365,2021-03-06,VDA,22,4,18,13,0,5,0,0,0,4,0,0,0,22,0,ITC,ITC2,2,Valle d'Aosta / Vallée d'Aoste,Valle d'Aosta,125666,18853,15.0,0.02
2366,2021-02-26,VDA,206,57,149,67,8,6,1,6,6,102,1,4,5,122,84,ITC,ITC2,2,Valle d'Aosta / Vallée d'Aoste,Valle d'Aosta,125666,19059,15.17,0.16
2367,2021-04-30,VDA,831,355,476,65,9,5,2,227,233,28,212,14,36,485,346,ITC,ITC2,2,Valle d'Aosta / Vallée d'Aoste,Valle d'Aosta,125666,19890,15.83,0.66
2368,2021-04-21,VDA,868,410,458,24,16,1,5,66,152,285,259,10,50,619,249,ITC,ITC2,2,Valle d'Aosta / Vallée d'Aoste,Valle d'Aosta,125666,20758,16.52,0.69
2369,2021-01-05,VDA,150,54,96,127,11,11,0,0,1,0,0,0,0,150,0,ITC,ITC2,2,Valle d'Aosta / Vallée d'Aoste,Valle d'Aosta,125666,20908,16.64,0.12
2370,2021-01-08,VDA,299,130,169,240,35,16,0,5,3,0,0,0,0,299,0,ITC,ITC2,2,Valle d'Aosta / Vallée d'Aoste,Valle d'Aosta,125666,21207,16.88,0.24
2371,2021-04-25,VDA,848,408,440,3,7,0,1,299,334,55,127,1,21,709,139,ITC,ITC2,2,Valle d'Aosta / Vallée d'Aoste,Valle d'Aosta,125666,22055,17.55,0.67
2372,2020-12-31,VDA,18,4,14,16,2,0,0,0,0,0,0,0,0,18,0,ITC,ITC2,2,Valle d'Aosta / Vallée d'Aoste,Valle d'Aosta,125666,22073,17.56,0.01
2373,2021-03-14,VDA,392,200,192,8,21,0,52,205,1,0,0,34,71,392,0,ITC,ITC2,2,Valle d'Aosta / Vallée d'Aoste,Valle d'Aosta,125666,22465,17.88,0.31
2374,2021-03-01,VDA,181,66,115,19,8,29,0,0,3,116,2,2,2,147,34,ITC,ITC2,2,Valle d'Aosta / Vallée d'Aoste,Valle d'Aosta,125666,22646,18.02,0.14
2375,2021-04-22,VDA,1065,447,618,9,3,3,3,182,249,465,128,2,21,684,381,ITC,ITC2,2,Valle d'Aosta / Vallée d'Aoste,Valle d'Aosta,125666,23711,18.87,0.85
2376,2021-04-27,VDA,977,423,554,41,13,4,1,129,278,231,227,3,50,685,292,ITC,ITC2,2,Valle d'Aosta / Vallée d'Aoste,Valle d'Aosta,125666,24688,19.65,0.78
2377,2021-01-10,VDA,220,71,149,172,25,19,0,4,0,0,0,0,0,220,0,ITC,ITC2,2,Valle d'Aosta / Vallée d'Aoste,Valle d'Aosta,125666,24908,19.82,0.18
2378,2021-03-03,VDA,255,118,137,9,11,1,4,4,9,208,6,1,2,186,69,ITC,ITC2,2,Valle d'Aosta / Vallée d'Aoste,Valle d'Aosta,125666,25163,20.02,0.2
2379,2021-01-06,VDA,65,33,32,29,8,18,0,7,3,0,0,0,0,65,0,ITC,ITC2,2,Valle d'Aosta / Vallée d'Aoste,Valle d'Aosta,125666,25228,20.08,0.05
2380,2021-04-23,VDA,921,443,478,40,7,29,0,165,277,252,139,0,12,538,383,ITC,ITC2,2,Valle d'Aosta / Vallée d'Aoste,Valle d'Aosta,125666,26149,20.81,0.73
2381,2021-04-02,VDA,872,344,528,63,9,12,178,89,167,195,74,11,74,648,224,ITC,ITC2,2,Valle d'Aosta / Vallée d'Aoste,Valle d'Aosta,125666,27021,21.5,0.69
2382,2021-03-12,VDA,531,175,356,15,8,8,255,44,21,148,8,2,22,305,226,ITC,ITC2,2,Valle d'Aosta / Vallée d'Aoste,Valle d'Aosta,125666,27552,21.92,0.42
2383,2021-01-12,VDA,302,72,230,242,34,11,0,14,1,0,0,0,0,302,0,ITC,ITC2,2,Valle d'Aosta / Vallée d'Aoste,Valle d'Aosta,125666,27854,22.17,0.24
2384,2021-03-16,VDA,180,37,143,4,0,13,0,15,14,121,0,0,13,118,62,ITC,ITC2,2,Valle d'Aosta / Vallée d'Aoste,Valle d'Aosta,125666,28034,22.31,0.14
2385,2021-04-04,VDA,571,252,319,1,8,0,96,270,155,22,5,4,10,570,1,ITC,ITC2,2,Valle d'Aosta / Vallée d'Aoste,Valle d'Aosta,125666,28605,22.76,0.45
2386,2021-02-11,VDA,231,107,124,53,21,0,0,2,10,128,1,13,3,222,9,ITC,ITC2,2,Valle d'Aosta / Vallée d'Aoste,Valle d'Aosta,125666,28836,22.95,0.18
2387,2021-04-20,VDA,931,430,501,25,9,8,2,152,174,278,253,1,29,738,193,ITC,ITC2,2,Valle d'Aosta / Vallée d'Aoste,Valle d'Aosta,125666,29767,23.69,0.74
2388,2021-04-28,VDA,1216,631,585,24,7,30,0,81,597,235,212,1,29,713,503,ITC,ITC2,2,Valle d'Aosta / Vallée d'Aoste,Valle d'Aosta,125666,30983,24.66,0.97
2389,2021-03-26,VDA,498,204,294,4,2,0,227,54,79,100,3,3,26,491,7,ITC,ITC2,2,Valle d'Aosta / Vallée d'Aoste,Valle d'Aosta,125666,31481,25.05,0.4
2390,2021-01-15,VDA,218,82,136,116,32,28,0,18,17,6,0,0,1,218,0,ITC,ITC2,2,Valle d'Aosta / Vallée d'Aoste,Valle d'Aosta,125666,31699,25.22,0.17
2391,2021-03-24,VDA,515,230,285,11,5,0,1,16,34,420,18,3,7,258,257,ITC,ITC2,2,Valle d'Aosta / Vallée d'Aoste,Valle d'Aosta,125666,32214,25.63,0.41
2392,2021-05-01,VDA,937,561,376,15,1,0,1,230,287,56,140,184,23,454,483,ITC,ITC2,2,Valle d'Aosta / Vallée d'Aoste,Valle d'Aosta,125666,33151,26.38,0.75
2393,2021-05-04,VDA,1135,510,625,18,4,2,201,153,255,158,282,13,49,462,673,ITC,ITC2,2,Valle d'Aosta / Vallée d'Aoste,Valle d'Aosta,125666,34286,27.28,0.9
2394,2020-12-27,VDA,20,9,11,20,0,0,0,0,0,0,0,0,0,20,0,ITC,ITC2,2,Valle d'Aosta / Vallée d'Aoste,Valle d'Aosta,125666,34306,27.3,0.02
2395,2021-04-01,VDA,776,394,382,1,1,0,0,205,306,201,55,0,7,764,12,ITC,ITC2,2,Valle d'Aosta / Vallée d'Aoste,Valle d'Aosta,125666,35082,27.92,0.62
2396,2021-02-08,VDA,223,83,140,28,19,3,25,82,0,64,0,0,2,25,198,ITC,ITC2,2,Valle d'Aosta / Vallée d'Aoste,Valle d'Aosta,125666,35305,28.09,0.18
2397,2021-02-02,VDA,271,70,201,225,34,3,0,8,1,0,0,0,0,2,269,ITC,ITC2,2,Valle d'Aosta / Vallée d'Aoste,Valle d'Aosta,125666,35576,28.31,0.22
2398,2021-03-23,VDA,378,150,228,14,2,7,9,37,18,279,0,9,3,244,134,ITC,ITC2,2,Valle d'Aosta / Vallée d'Aoste,Valle d'Aosta,125666,35954,28.61,0.3
2399,2021-04-07,VDA,907,473,434,16,0,0,1,84,271,390,92,0,53,679,228,ITC,ITC2,2,Valle d'Aosta / Vallée d'Aoste,Valle d'Aosta,125666,36861,29.33,0.72
2400,2021-03-22,VDA,560,205,355,37,5,18,19,54,37,340,29,11,10,333,227,ITC,ITC2,2,Valle d'Aosta / Vallée d'Aoste,Valle d'Aosta,125666,37421,29.78,0.45
2401,2021-02-10,VDA,248,77,171,51,14,26,18,4,3,128,0,1,3,141,107,ITC,ITC2,2,Valle d'Aosta / Vallée d'Aoste,Valle d'Aosta,125666,37669,29.98,0.2
2402,2021-01-17,VDA,131,56,75,49,2,20,0,1,0,59,0,0,0,131,0,ITC,ITC2,2,Valle d'Aosta / Vallée d'Aoste,Valle d'Aosta,125666,37800,30.08,0.1
2403,2021-04-26,VDA,715,327,388,13,2,0,2,80,246,213,126,7,26,545,170,ITC,ITC2,2,Valle d'Aosta / Vallée d'Aoste,Valle d'Aosta,125666,38515,30.65,0.57
2404,2021-02-15,VDA,264,136,128,24,2,25,2,0,6,173,2,29,1,229,35,ITC,ITC2,2,Valle d'Aosta / Vallée d'Aoste,Valle d'Aosta,125666,38779,30.86,0.21
2405,2021-03-28,VDA,522,212,310,52,10,0,47,168,99,53,18,55,20,521,1,ITC,ITC2,2,Valle d'Aosta / Vallée d'Aoste,Valle d'Aosta,125666,39301,31.27,0.42
2406,2021-03-19,VDA,322,85,237,9,1,21,211,42,1,9,0,1,27,286,36,ITC,ITC2,2,Valle d'Aosta / Vallée d'Aoste,Valle d'Aosta,125666,39623,31.53,0.26
2407,2021-04-13,VDA,373,171,202,2,1,8,0,69,108,120,56,0,9,329,44,ITC,ITC2,2,Valle d'Aosta / Vallée d'Aoste,Valle d'Aosta,125666,39996,31.83,0.3
2408,2021-01-27,VDA,151,71,80,55,8,18,0,10,3,53,0,0,4,79,72,ITC,ITC2,2,Valle d'Aosta / Vallée d'Aoste,Valle d'Aosta,125666,40147,31.95,0.12
2409,2021-01-26,VDA,139,48,91,115,11,12,0,0,1,0,0,0,0,0,139,ITC,ITC2,2,Valle d'Aosta / Vallée d'Aoste,Valle d'Aosta,125666,40286,32.06,0.11
2410,2021-02-03,VDA,351,114,237,157,136,52,0,4,1,1,0,0,0,14,337,ITC,ITC2,2,Valle d'Aosta / Vallée d'Aoste,Valle d'Aosta,125666,40637,32.34,0.28
2411,2021-01-25,VDA,147,65,82,125,13,6,0,3,0,0,0,0,0,0,147,ITC,ITC2,2,Valle d'Aosta / Vallée d'Aoste,Valle d'Aosta,125666,40784,32.45,0.12
2412,2021-04-12,VDA,483,185,298,8,9,22,2,89,60,229,61,0,3,321,162,ITC,ITC2,2,Valle d'Aosta / Vallée d'Aoste,Valle d'Aosta,125666,41267,32.84,0.38
2413,2021-01-28,VDA,290,123,167,202,35,6,0,12,7,2,0,0,26,56,234,ITC,ITC2,2,Valle d'Aosta / Vallée d'Aoste,Valle d'Aosta,125666,41557,33.07,0.23
2414,2021-03-09,VDA,206,96,110,3,0,23,26,56,5,36,0,39,18,174,32,ITC,ITC2,2,Valle d'Aosta / Vallée d'Aoste,Valle d'Aosta,125666,41763,33.23,0.16
2415,2021-02-13,VDA,216,196,20,0,0,0,0,0,0,0,0,216,0,215,1,ITC,ITC2,2,Valle d'Aosta / Vallée d'Aoste,Valle d'Aosta,125666,41979,33.41,0.17
2416,2021-01-19,VDA,256,77,179,160,10,15,0,10,3,57,0,0,1,256,0,ITC,ITC2,2,Valle d'Aosta / Vallée d'Aoste,Valle d'Aosta,125666,42235,33.61,0.2
2417,2021-02-14,VDA,48,16,32,6,0,42,0,0,0,0,0,0,0,1,47,ITC,ITC2,2,Valle d'Aosta / Vallée d'Aoste,Valle d'Aosta,125666,42283,33.65,0.04
2418,2021-02-12,VDA,263,96,167,51,13,28,5,2,10,133,18,0,3,217,46,ITC,ITC2,2,Valle d'Aosta / Vallée d'Aoste,Valle d'Aosta,125666,42546,33.86,0.21
2419,2021-02-01,VDA,403,127,276,268,56,70,0,2,2,3,0,0,2,87,316,ITC,ITC2,2,Valle d'Aosta / Vallée d'Aoste,Valle d'Aosta,125666,42949,34.18,0.32
2420,2021-05-03,VDA,839,400,439,16,5,1,24,201,331,50,191,3,17,488,351,ITC,ITC2,2,Valle d'Aosta / Vallée d'Aoste,Valle d'Aosta,125666,43788,34.84,0.67
2421,2021-03-31,VDA,555,302,253,7,1,0,0,22,309,203,6,0,7,529,26,ITC,ITC2,2,Valle d'Aosta / Vallée d'Aoste,Valle d'Aosta,125666,44343,35.29,0.44
2422,2021-01-07,VDA,275,111,164,224,38,5,0,3,2,0,0,0,3,275,0,ITC,ITC2,2,Valle d'Aosta / Vallée d'Aoste,Valle d'Aosta,125666,44618,35.51,0.22
2423,2021-05-07,VDA,253,119,134,14,0,2,0,167,16,23,12,10,9,225,28,ITC,ITC2,2,Valle d'Aosta / Vallée d'Aoste,Valle d'Aosta,125666,44871,35.71,0.2
2424,2021-03-08,VDA,482,231,251,29,1,13,1,6,25,365,7,28,7,237,245,ITC,ITC2,2,Valle d'Aosta / Vallée d'Aoste,Valle d'Aosta,125666,45353,36.09,0.38
2425,2021-03-30,VDA,402,223,179,11,2,5,5,32,180,124,28,9,6,382,20,ITC,ITC2,2,Valle d'Aosta / Vallée d'Aoste,Valle d'Aosta,125666,45755,36.41,0.32
2426,2021-04-18,VDA,520,253,267,11,6,4,4,203,82,13,183,0,14,516,4,ITC,ITC2,2,Valle d'Aosta / Vallée d'Aoste,Valle d'Aosta,125666,46275,36.82,0.41
2427,2021-03-05,VDA,275,124,151,51,10,13,5,4,10,138,18,0,26,53,222,ITC,ITC2,2,Valle d'Aosta / Vallée d'Aoste,Valle d'Aosta,125666,46550,37.04,0.22
2428,2021-01-16,VDA,236,80,156,127,32,22,0,2,2,51,0,0,0,236,0,ITC,ITC2,2,Valle d'Aosta / Vallée d'Aoste,Valle d'Aosta,125666,46786,37.23,0.19
2429,2021-04-06,VDA,741,381,360,24,4,1,0,55,192,239,160,14,52,629,112,ITC,ITC2,2,Valle d'Aosta / Vallée d'Aoste,Valle d'Aosta,125666,47527,37.82,0.59
2430,2021-04-24,VDA,722,400,322,14,7,7,1,131,174,96,238,4,50,555,167,ITC,ITC2,2,Valle d'Aosta / Vallée d'Aoste,Valle d'Aosta,125666,48249,38.39,0.57
2431,2021-02-04,VDA,294,86,208,168,76,34,0,12,3,1,0,0,0,8,286,ITC,ITC2,2,Valle d'Aosta / Vallée d'Aoste,Valle d'Aosta,125666,48543,38.63,0.23
2432,2021-02-28,VDA,260,86,174,78,36,24,4,7,10,94,0,3,4,77,183,ITC,ITC2,2,Valle d'Aosta / Vallée d'Aoste,Valle d'Aosta,125666,48803,38.84,0.21
2433,2021-03-21,VDA,355,165,190,2,5,0,30,208,57,1,0,27,25,355,0,ITC,ITC2,2,Valle d'Aosta / Vallée d'Aoste,Valle d'Aosta,125666,49158,39.12,0.28
2434,2021-01-31,VDA,290,90,200,231,33,18,0,5,0,0,0,0,3,58,232,ITC,ITC2,2,Valle d'Aosta / Vallée d'Aoste,Valle d'Aosta,125666,49448,39.35,0.23
2435,2021-04-05,VDA,461,222,239,18,4,0,35,186,118,8,84,0,8,457,4,ITC,ITC2,2,Valle d'Aosta / Vallée d'Aoste,Valle d'Aosta,125666,49909,39.72,0.37
2436,2021-02-18,VDA,349,153,196,61,9,45,8,6,17,184,0,16,3,261,88,ITC,ITC2,2,Valle d'Aosta / Vallée d'Aoste,Valle d'Aosta,125666,50258,39.99,0.28
2437,2021-02-19,VDA,292,102,190,17,1,35,65,3,16,154,0,0,1,268,24,ITC,ITC2,2,Valle d'Aosta / Vallée d'Aoste,Valle d'Aosta,125666,50550,40.23,0.23
2438,2021-01-04,VDA,142,59,83,126,14,0,0,2,0,0,0,0,0,142,0,ITC,ITC2,2,Valle d'Aosta / Vallée d'Aoste,Valle d'Aosta,125666,50692,40.34,0.11
2439,2021-02-25,VDA,201,101,100,6,4,12,2,84,1,0,0,27,65,194,7,ITC,ITC2,2,Valle d'Aosta / Vallée d'Aoste,Valle d'Aosta,125666,50893,40.5,0.16
2440,2021-04-03,VDA,676,341,335,13,11,4,1,117,333,58,72,5,62,661,15,ITC,ITC2,2,Valle d'Aosta / Vallée d'Aoste,Valle d'Aosta,125666,51569,41.04,0.54
2441,2021-04-14,CAL,8006,3872,4134,172,185,141,175,208,1539,1570,3829,74,113,6539,1467,ITF,ITF6,18,Calabria,Calabria,1947131,8006,0.41,0.41
2442,2021-01-30,CAL,2175,1148,1027,1976,189,0,0,3,0,1,0,0,6,358,1817,ITF,ITF6,18,Calabria,Calabria,1947131,10181,0.52,0.11
2443,2021-01-12,CAL,2059,1018,1041,1707,237,29,0,21,1,19,0,0,45,2059,0,ITF,ITF6,18,Calabria,Calabria,1947131,12240,0.63,0.11
2444,2021-04-02,CAL,8080,3689,4391,362,135,605,1154,115,177,2800,2247,198,287,4217,3863,ITF,ITF6,18,Calabria,Calabria,1947131,20320,1.04,0.41
2445,2021-05-06,CAL,13192,6239,6953,322,307,143,465,2331,2019,836,6161,74,534,8928,4264,ITF,ITF6,18,Calabria,Calabria,1947131,33512,1.72,0.68
2446,2021-04-04,CAL,1741,877,864,34,23,23,67,249,266,508,516,2,53,1237,504,ITF,ITF6,18,Calabria,Calabria,1947131,35253,1.81,0.09
2447,2021-02-25,CAL,2821,1519,1302,736,228,235,4,41,15,971,36,425,130,2242,579,ITF,ITF6,18,Calabria,Calabria,1947131,38074,1.96,0.14
2448,2021-02-11,CAL,2342,1044,1298,1465,372,241,0,25,18,156,0,0,65,1081,1261,ITF,ITF6,18,Calabria,Calabria,1947131,40416,2.08,0.12
2449,2021-03-07,CAL,3132,1561,1571,106,33,348,2,10,31,1741,474,363,24,3042,90,ITF,ITF6,18,Calabria,Calabria,1947131,43548,2.24,0.16
2450,2021-03-16,CAL,3778,1851,1927,460,203,22,30,49,79,2138,594,68,135,2180,1598,ITF,ITF6,18,Calabria,Calabria,1947131,47326,2.43,0.19
2451,2020-12-27,CAL,279,154,125,278,1,0,0,0,0,0,0,0,0,279,0,ITF,ITF6,18,Calabria,Calabria,1947131,47605,2.44,0.01
2452,2021-03-18,CAL,4248,1979,2269,360,210,232,45,65,115,2312,753,60,96,2278,1970,ITF,ITF6,18,Calabria,Calabria,1947131,51853,2.66,0.22
2453,2021-03-19,CAL,4188,1949,2239,486,121,295,102,64,114,2010,883,12,101,1900,2288,ITF,ITF6,18,Calabria,Calabria,1947131,56041,2.88,0.22
2454,2021-03-08,CAL,5323,2822,2501,708,245,453,3,49,65,1553,1138,849,260,4265,1058,ITF,ITF6,18,Calabria,Calabria,1947131,61364,3.15,0.27
2455,2021-01-29,CAL,2055,989,1066,1756,234,49,0,3,3,1,0,0,9,234,1821,ITF,ITF6,18,Calabria,Calabria,1947131,63419,3.26,0.11
2456,2021-01-27,CAL,1458,735,723,1227,201,23,0,4,0,0,0,0,3,396,1062,ITF,ITF6,18,Calabria,Calabria,1947131,64877,3.33,0.07
2457,2021-03-31,CAL,8830,4008,4822,378,283,653,2053,145,193,2693,1992,118,322,4890,3940,ITF,ITF6,18,Calabria,Calabria,1947131,73707,3.79,0.45
2458,2021-02-08,CAL,1847,733,1114,1214,406,121,0,14,1,0,0,0,91,661,1186,ITF,ITF6,18,Calabria,Calabria,1947131,75554,3.88,0.09
2459,2021-03-20,CAL,6484,2983,3501,432,100,408,467,72,124,3574,1022,75,210,4095,2389,ITF,ITF6,18,Calabria,Calabria,1947131,82038,4.21,0.33
2460,2021-02-24,CAL,1843,940,903,658,108,115,4,15,10,754,84,47,48,1368,475,ITF,ITF6,18,Calabria,Calabria,1947131,83881,4.31,0.09
2461,2021-01-22,CAL,658,274,384,298,146,112,0,37,29,4,0,0,32,656,2,ITF,ITF6,18,Calabria,Calabria,1947131,84539,4.34,0.03
2462,2021-04-21,CAL,11483,5782,5701,260,200,196,238,1608,2286,1124,5162,187,222,8571,2912,ITF,ITF6,18,Calabria,Calabria,1947131,96022,4.93,0.59
2463,2021-01-09,CAL,1917,1036,881,1530,315,0,0,26,2,1,0,0,43,1917,0,ITF,ITF6,18,Calabria,Calabria,1947131,97939,5.03,0.1
2464,2021-01-21,CAL,958,444,514,735,82,115,0,4,2,0,0,0,20,929,29,ITF,ITF6,18,Calabria,Calabria,1947131,98897,5.08,0.05
2465,2021-03-14,CAL,2543,1018,1525,322,103,312,722,15,30,811,128,30,70,2143,400,ITF,ITF6,18,Calabria,Calabria,1947131,101440,5.21,0.13
2466,2021-05-07,CAL,9336,4375,4961,201,162,107,364,1550,1297,526,4654,107,368,5589,3747,ITF,ITF6,18,Calabria,Calabria,1947131,110776,5.69,0.48
2467,2021-04-11,CAL,4085,1861,2224,136,49,51,167,59,209,1725,1621,12,56,2144,1941,ITF,ITF6,18,Calabria,Calabria,1947131,114861,5.9,0.21
2468,2021-04-24,CAL,18943,9454,9489,288,229,146,113,6014,3565,1945,6097,230,316,15546,3397,ITF,ITF6,18,Calabria,Calabria,1947131,133804,6.87,0.97
2469,2021-03-05,CAL,6175,3567,2608,698,257,712,5,46,61,2014,880,1405,97,5597,578,ITF,ITF6,18,Calabria,Calabria,1947131,139979,7.19,0.32
2470,2021-04-18,CAL,5777,2763,3014,150,89,102,79,130,1437,1202,2529,12,47,4897,880,ITF,ITF6,18,Calabria,Calabria,1947131,145756,7.49,0.3
2471,2021-02-28,CAL,2169,983,1186,114,39,190,0,10,24,1707,28,6,51,2017,152,ITF,ITF6,18,Calabria,Calabria,1947131,147925,7.6,0.11
2472,2021-02-09,CAL,2148,904,1244,1423,394,231,0,20,5,0,0,0,75,948,1200,ITF,ITF6,18,Calabria,Calabria,1947131,150073,7.71,0.11
2473,2021-02-06,CAL,2910,1338,1572,2095,368,248,0,45,9,10,0,0,135,442,2468,ITF,ITF6,18,Calabria,Calabria,1947131,152983,7.86,0.15
2474,2021-04-25,CAL,15822,8029,7793,150,314,121,122,5767,2982,746,4585,273,762,14701,1121,ITF,ITF6,18,Calabria,Calabria,1947131,168805,8.67,0.81
2475,2021-02-05,CAL,3800,1709,2091,2331,745,554,0,41,8,3,0,0,118,491,3309,ITF,ITF6,18,Calabria,Calabria,1947131,172605,8.86,0.2
2476,2021-03-03,CAL,4871,2655,2216,631,351,917,4,38,43,1408,462,935,82,3808,1063,ITF,ITF6,18,Calabria,Calabria,1947131,177476,9.11,0.25
2477,2021-04-26,CAL,10316,5184,5132,224,145,409,112,1388,1669,977,4864,401,127,7913,2403,ITF,ITF6,18,Calabria,Calabria,1947131,187792,9.64,0.53
2478,2021-04-06,CAL,7225,3237,3988,377,163,453,804,103,244,2468,2372,51,190,4147,3078,ITF,ITF6,18,Calabria,Calabria,1947131,195017,10.02,0.37
2479,2021-02-04,CAL,3391,1623,1768,2560,505,222,0,23,6,7,0,0,68,644,2747,ITF,ITF6,18,Calabria,Calabria,1947131,198408,10.19,0.17
2480,2021-04-17,CAL,10645,4995,5650,211,138,218,118,302,2656,2181,4527,98,196,8928,1717,ITF,ITF6,18,Calabria,Calabria,1947131,209053,10.74,0.55
2481,2021-01-17,CAL,867,418,449,527,121,48,0,17,4,33,0,0,117,801,66,ITF,ITF6,18,Calabria,Calabria,1947131,209920,10.78,0.04
2482,2021-05-05,CAL,13590,6513,7077,382,171,198,235,1916,1769,1205,6788,108,818,8480,5110,ITF,ITF6,18,Calabria,Calabria,1947131,223510,11.48,0.7
2483,2021-04-16,CAL,10132,4956,5176,332,214,288,233,254,2333,1094,5020,133,231,8532,1600,ITF,ITF6,18,Calabria,Calabria,1947131,233642,12.0,0.52
2484,2021-02-27,CAL,3681,1913,1768,422,193,396,2,24,41,2075,96,348,84,3302,379,ITF,ITF6,18,Calabria,Calabria,1947131,237323,12.19,0.19
2485,2021-03-04,CAL,5390,3112,2278,646,252,744,2,63,46,1636,631,1237,133,4594,796,ITF,ITF6,18,Calabria,Calabria,1947131,242713,12.47,0.28
2486,2021-01-31,CAL,1109,555,554,766,282,58,0,1,0,0,0,0,2,155,954,ITF,ITF6,18,Calabria,Calabria,1947131,243822,12.52,0.06
2487,2021-03-28,CAL,2535,1172,1363,127,109,31,412,74,67,785,739,15,176,1405,1130,ITF,ITF6,18,Calabria,Calabria,1947131,246357,12.65,0.13
2488,2021-04-28,CAL,12488,6034,6454,174,152,237,167,2323,2219,630,6259,91,236,9686,2802,ITF,ITF6,18,Calabria,Calabria,1947131,258845,13.29,0.64
2489,2021-02-13,CAL,1331,583,748,731,144,111,0,31,9,167,0,0,138,968,363,ITF,ITF6,18,Calabria,Calabria,1947131,260176,13.36,0.07
2490,2021-02-18,CAL,1801,804,997,586,369,299,61,7,6,388,11,0,74,1578,223,ITF,ITF6,18,Calabria,Calabria,1947131,261977,13.45,0.09
2491,2021-01-25,CAL,1082,523,559,1037,35,0,0,0,1,0,0,0,9,156,926,ITF,ITF6,18,Calabria,Calabria,1947131,263059,13.51,0.06
2492,2021-03-10,CAL,6446,3281,3165,744,516,586,64,79,53,2233,1023,797,351,5252,1194,ITF,ITF6,18,Calabria,Calabria,1947131,269505,13.84,0.33
2493,2021-04-15,CAL,7403,3631,3772,161,153,162,199,144,1668,1068,3697,35,116,5799,1604,ITF,ITF6,18,Calabria,Calabria,1947131,276908,14.22,0.38
2494,2021-02-19,CAL,1461,652,809,544,208,195,0,9,9,422,57,1,16,1200,261,ITF,ITF6,18,Calabria,Calabria,1947131,278369,14.3,0.08
2495,2021-04-12,CAL,6703,3269,3434,219,136,277,104,105,858,1439,3435,37,93,5101,1602,ITF,ITF6,18,Calabria,Calabria,1947131,285072,14.64,0.34
2496,2021-02-12,CAL,1713,669,1044,816,301,136,0,64,32,210,0,0,154,945,768,ITF,ITF6,18,Calabria,Calabria,1947131,286785,14.73,0.09
2497,2021-01-11,CAL,2155,1041,1114,1760,301,3,0,17,4,39,0,0,31,2155,0,ITF,ITF6,18,Calabria,Calabria,1947131,288940,14.84,0.11
2498,2021-03-02,CAL,4137,2396,1741,705,202,430,2,26,24,1451,222,1003,72,3428,709,ITF,ITF6,18,Calabria,Calabria,1947131,293077,15.05,0.21
2499,2021-01-04,CAL,1008,499,509,980,28,0,0,0,0,0,0,0,0,1008,0,ITF,ITF6,18,Calabria,Calabria,1947131,294085,15.1,0.05
2500,2021-04-09,CAL,7826,3669,4157,343,140,471,306,151,506,2172,3497,31,209,4912,2914,ITF,ITF6,18,Calabria,Calabria,1947131,301911,15.51,0.4
2501,2021-03-15,CAL,3508,1675,1833,542,166,140,587,56,81,1183,431,177,145,2079,1429,ITF,ITF6,18,Calabria,Calabria,1947131,305419,15.69,0.18
2502,2021-02-02,CAL,2294,1115,1179,1868,341,75,0,1,1,1,0,0,7,177,2117,ITF,ITF6,18,Calabria,Calabria,1947131,307713,15.8,0.12
2503,2021-01-14,CAL,2557,1214,1343,1962,349,3,0,61,24,47,0,0,111,2557,0,ITF,ITF6,18,Calabria,Calabria,1947131,310270,15.93,0.13
2504,2021-04-05,CAL,3459,1634,1825,134,22,149,134,286,439,1181,1042,18,54,2558,901,ITF,ITF6,18,Calabria,Calabria,1947131,313729,16.11,0.18
2505,2021-01-10,CAL,929,524,405,830,99,0,0,0,0,0,0,0,0,929,0,ITF,ITF6,18,Calabria,Calabria,1947131,314658,16.16,0.05
2506,2021-02-07,CAL,860,428,432,567,121,81,0,10,0,0,0,0,81,147,713,ITF,ITF6,18,Calabria,Calabria,1947131,315518,16.2,0.04
2507,2021-01-23,CAL,400,186,214,325,25,23,0,2,0,1,0,0,24,358,42,ITF,ITF6,18,Calabria,Calabria,1947131,315918,16.22,0.02
2508,2021-03-25,CAL,7005,3317,3688,293,362,564,1100,112,124,2270,1840,80,260,4486,2519,ITF,ITF6,18,Calabria,Calabria,1947131,322923,16.58,0.36
2509,2021-02-10,CAL,2463,1074,1389,1469,340,357,0,56,25,72,0,0,144,839,1624,ITF,ITF6,18,Calabria,Calabria,1947131,325386,16.71,0.13
2510,2021-02-15,CAL,1137,538,599,499,121,164,1,11,20,294,4,0,23,989,148,ITF,ITF6,18,Calabria,Calabria,1947131,326523,16.77,0.06
2511,2021-04-23,CAL,12615,6268,6347,302,189,226,205,1709,2409,1203,5884,180,308,9372,3243,ITF,ITF6,18,Calabria,Calabria,1947131,339138,17.42,0.65
2512,2021-02-03,CAL,2767,1432,1335,2173,394,103,0,18,4,2,0,0,73,583,2184,ITF,ITF6,18,Calabria,Calabria,1947131,341905,17.56,0.14
2513,2021-01-13,CAL,2028,1022,1006,1800,152,34,0,14,4,4,0,0,20,2028,0,ITF,ITF6,18,Calabria,Calabria,1947131,343933,17.66,0.1
2514,2021-03-13,CAL,6677,2946,3731,425,159,356,685,95,43,3806,749,123,236,5684,993,ITF,ITF6,18,Calabria,Calabria,1947131,350610,18.01,0.34
2515,2021-01-19,CAL,1109,488,621,853,105,76,0,11,11,14,0,0,39,1098,11,ITF,ITF6,18,Calabria,Calabria,1947131,351719,18.06,0.06
2516,2021-04-27,CAL,9977,4896,5081,167,161,173,85,1993,2005,675,4507,75,136,8069,1908,ITF,ITF6,18,Calabria,Calabria,1947131,361696,18.58,0.51
2517,2021-03-01,CAL,2690,1534,1156,400,156,258,3,10,11,1053,71,656,72,2240,450,ITF,ITF6,18,Calabria,Calabria,1947131,364386,18.71,0.14
2518,2021-02-17,CAL,1683,673,1010,675,239,285,81,7,6,354,2,0,34,1472,211,ITF,ITF6,18,Calabria,Calabria,1947131,366069,18.8,0.09
2519,2021-04-03,CAL,8830,3789,5041,363,123,359,622,88,215,4982,1908,57,113,4209,4621,ITF,ITF6,18,Calabria,Calabria,1947131,374899,19.25,0.45
2520,2021-01-06,CAL,926,500,426,822,90,0,0,5,0,0,0,0,9,926,0,ITF,ITF6,18,Calabria,Calabria,1947131,375825,19.3,0.05
2521,2021-02-16,CAL,1534,643,891,659,191,265,0,14,23,334,1,0,47,1255,279,ITF,ITF6,18,Calabria,Calabria,1947131,377359,19.38,0.08
2522,2021-02-21,CAL,608,286,322,36,46,48,0,2,2,374,28,30,42,531,77,ITF,ITF6,18,Calabria,Calabria,1947131,377967,19.41,0.03
2523,2021-03-29,CAL,5638,2385,3253,207,320,134,1580,134,162,1130,1673,71,227,3883,1755,ITF,ITF6,18,Calabria,Calabria,1947131,383605,19.7,0.29
2524,2021-03-09,CAL,5829,3034,2795,803,267,461,18,65,71,1928,1124,934,158,4852,977,ITF,ITF6,18,Calabria,Calabria,1947131,389434,20.0,0.3
2525,2021-04-29,CAL,11632,5654,5978,288,216,208,170,2085,1940,920,5571,49,185,8292,3340,ITF,ITF6,18,Calabria,Calabria,1947131,401066,20.6,0.6
2526,2021-03-12,CAL,5095,2438,2657,469,397,220,787,61,38,2148,412,403,160,4051,1044,ITF,ITF6,18,Calabria,Calabria,1947131,406161,20.86,0.26
2527,2021-02-20,CAL,1359,735,624,439,185,55,2,13,5,490,54,19,97,1044,315,ITF,ITF6,18,Calabria,Calabria,1947131,407520,20.93,0.07
2528,2021-02-01,CAL,2504,1196,1308,2051,359,43,0,14,2,1,0,0,34,248,2256,ITF,ITF6,18,Calabria,Calabria,1947131,410024,21.06,0.13
2529,2021-04-30,CAL,14669,7211,7458,311,303,335,283,2532,2421,872,7273,104,235,10571,4098,ITF,ITF6,18,Calabria,Calabria,1947131,424693,21.81,0.75
2530,2021-05-04,CAL,16349,7508,8841,302,244,184,531,3082,2125,1455,7988,91,347,11721,4628,ITF,ITF6,18,Calabria,Calabria,1947131,441042,22.65,0.84
2531,2021-01-07,CAL,2183,1063,1120,1885,212,0,0,20,4,0,0,0,62,2183,0,ITF,ITF6,18,Calabria,Calabria,1947131,443225,22.76,0.11
2532,2021-03-21,CAL,4366,1883,2483,135,38,200,745,80,92,2129,695,83,169,2663,1703,ITF,ITF6,18,Calabria,Calabria,1947131,447591,22.99,0.22
2533,2021-02-23,CAL,1549,728,821,437,177,206,1,13,10,583,63,2,57,1434,115,ITF,ITF6,18,Calabria,Calabria,1947131,449140,23.07,0.08
2534,2021-03-06,CAL,7958,4063,3895,703,225,760,6,41,97,4059,1136,840,91,7202,756,ITF,ITF6,18,Calabria,Calabria,1947131,457098,23.48,0.41
2535,2021-01-28,CAL,2236,1110,1126,1924,284,0,0,2,1,0,0,0,25,84,2152,ITF,ITF6,18,Calabria,Calabria,1947131,459334,23.59,0.11
2536,2021-04-07,CAL,6198,2810,3388,193,70,399,539,113,181,2098,2442,32,131,3641,2557,ITF,ITF6,18,Calabria,Calabria,1947131,465532,23.91,0.32
2537,2021-02-26,CAL,3082,1632,1450,540,193,408,4,21,18,1362,85,370,81,2611,471,ITF,ITF6,18,Calabria,Calabria,1947131,468614,24.07,0.16
2538,2021-01-18,CAL,1241,556,685,992,138,11,0,25,3,6,0,0,66,1040,201,ITF,ITF6,18,Calabria,Calabria,1947131,469855,24.13,0.06
2539,2021-03-17,CAL,3648,1626,2022,282,148,165,95,40,82,2179,584,31,42,1950,1698,ITF,ITF6,18,Calabria,Calabria,1947131,473503,24.32,0.19
2540,2021-02-14,CAL,371,145,226,146,31,83,0,2,2,95,0,0,12,341,30,ITF,ITF6,18,Calabria,Calabria,1947131,473874,24.34,0.02
2541,2021-03-27,CAL,8322,3778,4544,306,389,149,1400,125,179,3416,1871,66,421,4460,3862,ITF,ITF6,18,Calabria,Calabria,1947131,482196,24.76,0.43
2542,2021-04-22,CAL,9354,4670,4684,236,170,274,96,1451,1801,966,4105,41,214,6666,2688,ITF,ITF6,18,Calabria,Calabria,1947131,491550,25.24,0.48
2543,2021-01-08,CAL,2113,1016,1097,1899,203,0,0,3,0,0,0,0,8,2113,0,ITF,ITF6,18,Calabria,Calabria,1947131,493663,25.35,0.11
2544,2021-01-26,CAL,1895,915,980,1608,202,70,0,1,0,0,0,0,14,285,1610,ITF,ITF6,18,Calabria,Calabria,1947131,495558,25.45,0.1
2545,2021-01-03,CAL,6,3,3,4,2,0,0,0,0,0,0,0,0,6,0,ITF,ITF6,18,Calabria,Calabria,1947131,495564,25.45,0.0
2546,2021-04-13,CAL,6492,3198,3294,245,92,40,106,103,1275,1273,3086,153,119,5234,1258,ITF,ITF6,18,Calabria,Calabria,1947131,502056,25.78,0.33
2547,2021-03-26,CAL,7648,3628,4020,511,371,218,1039,151,231,2562,2059,135,371,4533,3115,ITF,ITF6,18,Calabria,Calabria,1947131,509704,26.18,0.39
2548,2021-01-02,CAL,165,94,71,165,0,0,0,0,0,0,0,0,0,165,0,ITF,ITF6,18,Calabria,Calabria,1947131,509869,26.19,0.01
2549,2021-01-24,CAL,44,18,26,15,3,26,0,0,0,0,0,0,0,39,5,ITF,ITF6,18,Calabria,Calabria,1947131,509913,26.19,0.0
2550,2020-12-28,CAL,6,2,4,6,0,0,0,0,0,0,0,0,0,6,0,ITF,ITF6,18,Calabria,Calabria,1947131,509919,26.19,0.0
2551,2021-04-01,CAL,8356,3776,4580,455,247,680,1116,122,218,3070,1992,113,343,3852,4504,ITF,ITF6,18,Calabria,Calabria,1947131,518275,26.62,0.43
2552,2021-03-24,CAL,7392,3368,4024,386,289,700,1495,151,147,2605,1295,105,219,4213,3179,ITF,ITF6,18,Calabria,Calabria,1947131,525667,27.0,0.38
2553,2021-05-01,CAL,16450,7850,8600,174,277,48,326,2337,3051,2072,7739,108,318,12389,4061,ITF,ITF6,18,Calabria,Calabria,1947131,542117,27.84,0.84
2554,2021-03-23,CAL,5207,2442,2765,280,145,55,1083,98,74,2046,1078,102,246,3409,1798,ITF,ITF6,18,Calabria,Calabria,1947131,547324,28.11,0.27
2555,2021-01-05,CAL,1442,675,767,1309,120,0,0,2,0,0,0,0,11,1442,0,ITF,ITF6,18,Calabria,Calabria,1947131,548766,28.18,0.07
2556,2021-01-16,CAL,2394,1120,1274,1664,264,241,0,49,12,9,0,0,155,2394,0,ITF,ITF6,18,Calabria,Calabria,1947131,551160,28.31,0.12
2557,2021-03-30,CAL,5793,2490,3303,166,103,213,1122,154,196,1991,1473,89,286,3200,2593,ITF,ITF6,18,Calabria,Calabria,1947131,556953,28.6,0.3
2558,2021-05-03,CAL,14665,6717,7948,317,217,335,545,2713,2113,771,7080,114,460,10537,4128,ITF,ITF6,18,Calabria,Calabria,1947131,571618,29.36,0.75
2559,2021-03-11,CAL,6888,3283,3605,936,474,574,600,122,88,2560,873,412,249,5630,1258,ITF,ITF6,18,Calabria,Calabria,1947131,578506,29.71,0.35
2560,2021-04-08,CAL,9382,4412,4970,453,178,537,304,216,581,3377,3463,44,229,5704,3678,ITF,ITF6,18,Calabria,Calabria,1947131,587888,30.19,0.48
2561,2021-04-10,CAL,11189,5039,6150,424,161,463,303,145,705,5608,3148,49,183,6356,4833,ITF,ITF6,18,Calabria,Calabria,1947131,599077,30.77,0.57
2562,2021-03-22,CAL,4710,2203,2507,196,125,148,1125,49,50,1994,804,77,142,3041,1669,ITF,ITF6,18,Calabria,Calabria,1947131,603787,31.01,0.24
2563,2021-04-20,CAL,7647,3842,3805,295,301,137,165,420,1716,1066,3151,115,281,6024,1623,ITF,ITF6,18,Calabria,Calabria,1947131,611434,31.4,0.39
2564,2021-01-15,CAL,2793,1258,1535,1690,349,412,0,54,19,44,0,0,225,2793,0,ITF,ITF6,18,Calabria,Calabria,1947131,614227,31.55,0.14
2565,2021-01-20,CAL,1397,624,773,866,127,179,0,41,14,25,0,0,145,1396,1,ITF,ITF6,18,Calabria,Calabria,1947131,615624,31.62,0.07
2566,2021-02-22,CAL,1998,1014,984,729,231,166,5,32,7,678,33,3,114,1441,557,ITF,ITF6,18,Calabria,Calabria,1947131,617622,31.72,0.1
2567,2021-04-19,CAL,7699,3706,3993,291,132,64,156,244,1971,1172,3482,92,95,6081,1618,ITF,ITF6,18,Calabria,Calabria,1947131,625321,32.11,0.4
2568,2021-05-02,CAL,12430,5802,6628,146,177,25,261,2530,1902,829,6216,69,275,10654,1776,ITF,ITF6,18,Calabria,Calabria,1947131,637751,32.75,0.64
2569,2021-04-20,SAR,10794,4916,5878,144,97,75,31,3944,2527,2007,1901,6,62,7628,3166,ITG,ITG2,20,Sardegna,Sardegna,1639591,10794,0.66,0.66
2570,2021-03-29,SAR,4379,1546,2833,624,490,182,1411,22,117,1022,312,98,101,3791,588,ITG,ITG2,20,Sardegna,Sardegna,1639591,15173,0.93,0.27
2571,2021-01-02,SAR,60,21,39,60,0,0,0,0,0,0,0,0,0,60,0,ITG,ITG2,20,Sardegna,Sardegna,1639591,15233,0.93,0.0
2572,2021-03-09,SAR,5150,2371,2779,1057,567,287,310,9,32,2278,16,561,33,4421,729,ITG,ITG2,20,Sardegna,Sardegna,1639591,20383,1.24,0.31
2573,2021-03-15,SAR,2685,1216,1469,458,591,86,1019,7,10,325,8,170,11,2312,373,ITG,ITG2,20,Sardegna,Sardegna,1639591,23068,1.41,0.16
2574,2021-01-07,SAR,3111,1077,2034,2720,373,0,0,1,2,0,0,11,4,3111,0,ITG,ITG2,20,Sardegna,Sardegna,1639591,26179,1.6,0.19
2575,2021-04-23,SAR,12741,5683,7058,395,189,71,129,2322,2042,3609,3670,8,306,7355,5386,ITG,ITG2,20,Sardegna,Sardegna,1639591,38920,2.37,0.78
2576,2021-02-26,SAR,2800,1108,1692,1224,878,221,7,20,16,289,5,98,42,2494,306,ITG,ITG2,20,Sardegna,Sardegna,1639591,41720,2.54,0.17
2577,2021-02-05,SAR,1897,749,1148,1214,511,164,0,0,0,1,1,3,3,433,1464,ITG,ITG2,20,Sardegna,Sardegna,1639591,43617,2.66,0.12
2578,2021-02-23,SAR,1519,1010,509,602,387,89,0,7,6,16,0,374,38,1285,234,ITG,ITG2,20,Sardegna,Sardegna,1639591,45136,2.75,0.09
2579,2020-12-28,SAR,65,25,40,65,0,0,0,0,0,0,0,0,0,65,0,ITG,ITG2,20,Sardegna,Sardegna,1639591,45201,2.76,0.0
2580,2021-01-13,SAR,573,178,395,494,79,0,0,0,0,0,0,0,0,573,0,ITG,ITG2,20,Sardegna,Sardegna,1639591,45774,2.79,0.03
2581,2021-03-21,SAR,4030,1809,2221,64,240,1,575,14,56,2890,17,107,66,2590,1440,ITG,ITG2,20,Sardegna,Sardegna,1639591,49804,3.04,0.25
2582,2021-03-11,SAR,6035,2725,3310,1011,567,418,102,52,98,2957,120,643,67,4834,1201,ITG,ITG2,20,Sardegna,Sardegna,1639591,55839,3.41,0.37
2583,2021-03-18,SAR,7253,3069,4184,1078,315,354,63,55,639,4243,431,12,63,5650,1603,ITG,ITG2,20,Sardegna,Sardegna,1639591,63092,3.85,0.44
2584,2021-03-31,SAR,10142,4045,6097,396,575,230,1379,148,701,5008,1487,33,185,7695,2447,ITG,ITG2,20,Sardegna,Sardegna,1639591,73234,4.47,0.62
2585,2021-04-17,SAR,10055,4489,5566,299,90,108,24,1698,2720,3716,1225,3,172,5459,4596,ITG,ITG2,20,Sardegna,Sardegna,1639591,83289,5.08,0.61
2586,2021-05-07,SAR,7927,3649,4278,201,93,28,59,1373,1414,1025,3659,8,67,5044,2883,ITG,ITG2,20,Sardegna,Sardegna,1639591,91216,5.56,0.48
2587,2021-01-29,SAR,2952,1067,1885,2581,366,3,0,0,0,0,0,0,2,48,2904,ITG,ITG2,20,Sardegna,Sardegna,1639591,94168,5.74,0.18
2588,2021-03-03,SAR,3854,2068,1786,1070,554,620,1,5,5,704,1,857,37,2607,1247,ITG,ITG2,20,Sardegna,Sardegna,1639591,98022,5.98,0.24
2589,2021-01-09,SAR,4026,1417,2609,3182,832,0,0,3,1,1,0,0,7,4026,0,ITG,ITG2,20,Sardegna,Sardegna,1639591,102048,6.22,0.25
2590,2021-03-01,SAR,2162,1055,1107,1137,341,141,1,8,19,104,10,391,10,1503,659,ITG,ITG2,20,Sardegna,Sardegna,1639591,104210,6.36,0.13
2591,2021-01-22,SAR,83,47,36,45,38,0,0,0,0,0,0,0,0,55,28,ITG,ITG2,20,Sardegna,Sardegna,1639591,104293,6.36,0.01
2592,2021-02-17,SAR,1407,577,830,690,338,313,0,1,0,0,1,33,31,1333,74,ITG,ITG2,20,Sardegna,Sardegna,1639591,105700,6.45,0.09
2593,2021-03-06,SAR,2639,1079,1560,1108,886,469,36,3,10,24,2,79,22,858,1781,ITG,ITG2,20,Sardegna,Sardegna,1639591,108339,6.61,0.16
2594,2021-02-16,SAR,700,289,411,376,211,112,0,0,0,0,0,0,1,673,27,ITG,ITG2,20,Sardegna,Sardegna,1639591,109039,6.65,0.04
2595,2021-04-22,SAR,10318,4569,5749,218,121,76,36,2641,1572,2895,2526,6,227,5473,4845,ITG,ITG2,20,Sardegna,Sardegna,1639591,119357,7.28,0.63
2596,2021-04-27,SAR,7580,3534,4046,164,68,51,42,532,879,1607,4097,2,138,5541,2039,ITG,ITG2,20,Sardegna,Sardegna,1639591,126937,7.74,0.46
2597,2021-03-10,SAR,6009,2917,3092,719,497,414,335,14,85,2986,29,902,28,5159,850,ITG,ITG2,20,Sardegna,Sardegna,1639591,132946,8.11,0.37
2598,2021-04-13,SAR,7592,3587,4005,216,62,45,15,486,3658,1493,1437,144,36,5769,1823,ITG,ITG2,20,Sardegna,Sardegna,1639591,140538,8.57,0.46
2599,2021-02-21,SAR,1589,710,879,67,28,59,0,0,7,1422,0,6,0,1559,30,ITG,ITG2,20,Sardegna,Sardegna,1639591,142127,8.67,0.1
2600,2021-02-28,SAR,368,169,199,245,76,47,0,0,0,0,0,0,0,142,226,ITG,ITG2,20,Sardegna,Sardegna,1639591,142495,8.69,0.02
2601,2021-01-26,SAR,1336,453,883,1296,39,0,1,0,0,0,0,0,0,27,1309,ITG,ITG2,20,Sardegna,Sardegna,1639591,143831,8.77,0.08
2602,2021-02-09,SAR,2286,837,1449,1308,471,497,1,4,0,1,2,0,2,1290,996,ITG,ITG2,20,Sardegna,Sardegna,1639591,146117,8.91,0.14
2603,2021-01-31,SAR,2121,750,1371,1544,555,0,0,6,0,1,1,0,14,48,2073,ITG,ITG2,20,Sardegna,Sardegna,1639591,148238,9.04,0.13
2604,2021-01-16,SAR,1492,525,967,1282,207,0,1,1,1,0,0,0,0,1492,0,ITG,ITG2,20,Sardegna,Sardegna,1639591,149730,9.13,0.09
2605,2021-04-25,SAR,4127,2112,2015,41,4,0,3,1322,894,599,1250,1,13,3612,515,ITG,ITG2,20,Sardegna,Sardegna,1639591,153857,9.38,0.25
2606,2021-02-24,SAR,2410,1292,1118,1193,521,301,0,6,2,7,0,366,14,2221,189,ITG,ITG2,20,Sardegna,Sardegna,1639591,156267,9.53,0.15
2607,2021-03-20,SAR,5193,2073,3120,692,307,127,855,20,91,2744,206,105,46,2916,2277,ITG,ITG2,20,Sardegna,Sardegna,1639591,161460,9.85,0.32
2608,2021-04-06,SAR,7445,3113,4332,657,252,226,456,102,1847,2833,597,35,440,5018,2427,ITG,ITG2,20,Sardegna,Sardegna,1639591,168905,10.3,0.45
2609,2021-03-28,SAR,4619,1814,2805,83,42,23,681,49,131,3276,216,13,105,4540,79,ITG,ITG2,20,Sardegna,Sardegna,1639591,173524,10.58,0.28
2610,2021-01-17,SAR,860,277,583,747,113,0,0,0,0,0,0,0,0,859,1,ITG,ITG2,20,Sardegna,Sardegna,1639591,174384,10.64,0.05
2611,2021-03-19,SAR,7264,3046,4218,1315,773,222,10,141,581,3509,325,247,141,5052,2212,ITG,ITG2,20,Sardegna,Sardegna,1639591,181648,11.08,0.44
2612,2021-04-01,SAR,10098,4025,6073,461,377,210,1257,169,896,4690,1535,203,300,7085,3013,ITG,ITG2,20,Sardegna,Sardegna,1639591,191746,11.69,0.62
2613,2021-04-26,SAR,6804,3258,3546,57,84,24,7,2321,1340,819,2112,4,36,5931,873,ITG,ITG2,20,Sardegna,Sardegna,1639591,198550,12.11,0.41
2614,2021-04-12,SAR,6984,3176,3808,89,83,44,11,599,2825,2204,1003,30,96,5271,1713,ITG,ITG2,20,Sardegna,Sardegna,1639591,205534,12.54,0.43
2615,2021-03-05,SAR,5033,2443,2590,1694,1153,669,10,29,14,647,14,747,56,2681,2352,ITG,ITG2,20,Sardegna,Sardegna,1639591,210567,12.84,0.31
2616,2021-04-30,SAR,10545,5029,5516,383,163,18,207,782,956,1377,6176,334,149,6638,3907,ITG,ITG2,20,Sardegna,Sardegna,1639591,221112,13.49,0.64
2617,2021-03-08,SAR,4004,1786,2218,740,1027,650,153,8,8,854,46,505,13,2784,1220,ITG,ITG2,20,Sardegna,Sardegna,1639591,225116,13.73,0.24
2618,2021-05-02,SAR,5560,2526,3034,78,58,1,54,668,919,406,3229,13,134,5105,455,ITG,ITG2,20,Sardegna,Sardegna,1639591,230676,14.07,0.34
2619,2021-01-11,SAR,1183,505,678,656,525,0,0,0,0,1,0,0,1,1183,0,ITG,ITG2,20,Sardegna,Sardegna,1639591,231859,14.14,0.07
2620,2021-01-25,SAR,588,212,376,553,34,0,0,0,0,0,0,0,1,22,566,ITG,ITG2,20,Sardegna,Sardegna,1639591,232447,14.18,0.04
2621,2021-04-09,SAR,12161,5392,6769,437,257,39,163,442,3512,4893,2163,37,218,7808,4353,ITG,ITG2,20,Sardegna,Sardegna,1639591,244608,14.92,0.74
2622,2021-02-12,SAR,2237,933,1304,986,720,501,0,4,0,1,4,0,21,2178,59,ITG,ITG2,20,Sardegna,Sardegna,1639591,246845,15.06,0.14
2623,2021-04-11,SAR,5389,2442,2947,62,16,1,20,26,3233,1860,150,9,12,4269,1120,ITG,ITG2,20,Sardegna,Sardegna,1639591,252234,15.38,0.33
2624,2021-01-15,SAR,1563,573,990,1170,384,0,0,0,0,0,6,3,0,1563,0,ITG,ITG2,20,Sardegna,Sardegna,1639591,253797,15.48,0.1
2625,2021-01-23,SAR,60,22,38,60,0,0,0,0,0,0,0,0,0,0,60,ITG,ITG2,20,Sardegna,Sardegna,1639591,253857,15.48,0.0
2626,2021-01-12,SAR,865,408,457,504,361,0,0,0,0,0,0,0,0,865,0,ITG,ITG2,20,Sardegna,Sardegna,1639591,254722,15.54,0.05
2627,2021-01-14,SAR,1105,426,679,885,220,0,0,0,0,0,0,0,0,1105,0,ITG,ITG2,20,Sardegna,Sardegna,1639591,255827,15.6,0.07
2628,2021-03-07,SAR,1657,750,907,321,230,78,2,5,1,1012,1,0,7,1117,540,ITG,ITG2,20,Sardegna,Sardegna,1639591,257484,15.7,0.1
2629,2021-03-02,SAR,2865,1459,1406,1067,608,381,2,8,10,324,1,461,3,1712,1153,ITG,ITG2,20,Sardegna,Sardegna,1639591,260349,15.88,0.17
2630,2021-02-11,SAR,1315,490,825,588,266,369,0,31,1,3,0,0,57,1204,111,ITG,ITG2,20,Sardegna,Sardegna,1639591,261664,15.96,0.08
2631,2021-04-07,SAR,13465,5979,7486,673,443,257,352,188,3337,5606,2364,72,173,7816,5649,ITG,ITG2,20,Sardegna,Sardegna,1639591,275129,16.78,0.82
2632,2021-04-14,SAR,8175,3864,4311,145,34,96,17,477,4876,845,1629,1,55,6940,1235,ITG,ITG2,20,Sardegna,Sardegna,1639591,283304,17.28,0.5
2633,2021-02-10,SAR,1959,765,1194,1169,299,488,1,0,1,0,0,0,1,1441,518,ITG,ITG2,20,Sardegna,Sardegna,1639591,285263,17.4,0.12
2634,2021-03-25,SAR,8790,3702,5088,815,312,189,1562,157,455,3870,946,343,141,7487,1303,ITG,ITG2,20,Sardegna,Sardegna,1639591,294053,17.93,0.54
2635,2021-02-20,SAR,2041,855,1186,484,150,195,1,2,4,1204,0,0,1,1707,334,ITG,ITG2,20,Sardegna,Sardegna,1639591,296094,18.06,0.12
2636,2021-02-15,SAR,958,349,609,440,231,279,0,2,0,0,3,0,3,927,31,ITG,ITG2,20,Sardegna,Sardegna,1639591,297052,18.12,0.06
2637,2021-03-13,SAR,2751,1072,1679,274,142,240,132,13,101,1765,22,44,18,2470,281,ITG,ITG2,20,Sardegna,Sardegna,1639591,299803,18.29,0.17
2638,2021-03-27,SAR,5712,2174,3538,331,322,217,1309,31,188,2635,507,83,89,5290,422,ITG,ITG2,20,Sardegna,Sardegna,1639591,305515,18.63,0.35
2639,2021-02-02,SAR,1482,655,827,988,475,0,0,0,0,0,0,0,19,241,1241,ITG,ITG2,20,Sardegna,Sardegna,1639591,306997,18.72,0.09
2640,2021-01-20,SAR,210,77,133,154,56,0,0,0,0,0,0,0,0,208,2,ITG,ITG2,20,Sardegna,Sardegna,1639591,307207,18.74,0.01
2641,2021-03-23,SAR,6150,2636,3514,1109,317,283,1140,34,166,2312,614,95,80,5072,1078,ITG,ITG2,20,Sardegna,Sardegna,1639591,313357,19.11,0.38
2642,2021-01-05,SAR,1327,446,881,1283,40,0,0,1,0,0,0,0,3,1327,0,ITG,ITG2,20,Sardegna,Sardegna,1639591,314684,19.19,0.08
2643,2021-04-03,SAR,4530,1744,2786,181,275,153,425,53,431,2684,209,23,96,2693,1837,ITG,ITG2,20,Sardegna,Sardegna,1639591,319214,19.47,0.28
2644,2020-12-27,SAR,65,34,31,65,0,0,0,0,0,0,0,0,0,65,0,ITG,ITG2,20,Sardegna,Sardegna,1639591,319279,19.47,0.0
2645,2021-04-18,SAR,5155,2239,2916,48,6,0,3,863,323,3472,418,11,11,2287,2868,ITG,ITG2,20,Sardegna,Sardegna,1639591,324434,19.79,0.31
2646,2021-01-27,SAR,1409,494,915,1304,103,0,0,0,0,0,0,0,2,79,1330,ITG,ITG2,20,Sardegna,Sardegna,1639591,325843,19.87,0.09
2647,2021-03-17,SAR,6556,2849,3707,1077,529,528,128,80,443,3343,369,5,54,4949,1607,ITG,ITG2,20,Sardegna,Sardegna,1639591,332399,20.27,0.4
2648,2021-04-24,SAR,10338,4842,5496,110,55,58,41,1958,1938,2266,3732,2,178,8009,2329,ITG,ITG2,20,Sardegna,Sardegna,1639591,342737,20.9,0.63
2649,2021-05-05,SAR,9596,4384,5212,241,192,77,12,704,3356,701,4077,17,219,7652,1944,ITG,ITG2,20,Sardegna,Sardegna,1639591,352333,21.49,0.59
2650,2021-01-28,SAR,2968,1044,1924,2554,400,0,0,1,0,0,0,11,2,69,2899,ITG,ITG2,20,Sardegna,Sardegna,1639591,355301,21.67,0.18
2651,2021-01-10,SAR,2183,750,1433,1632,548,0,0,0,0,0,0,0,3,2183,0,ITG,ITG2,20,Sardegna,Sardegna,1639591,357484,21.8,0.13
2652,2021-03-14,SAR,606,376,230,34,210,0,12,2,1,251,0,87,9,606,0,ITG,ITG2,20,Sardegna,Sardegna,1639591,358090,21.84,0.04
2653,2021-04-21,SAR,12030,5542,6488,151,63,101,41,2752,1973,4295,2520,8,126,6532,5498,ITG,ITG2,20,Sardegna,Sardegna,1639591,370120,22.57,0.73
2654,2021-04-08,SAR,13423,5921,7502,715,198,77,288,393,2924,4980,3634,41,173,8306,5117,ITG,ITG2,20,Sardegna,Sardegna,1639591,383543,23.39,0.82
2655,2021-01-08,SAR,3258,1184,2074,2930,323,0,0,0,0,2,1,0,2,3258,0,ITG,ITG2,20,Sardegna,Sardegna,1639591,386801,23.59,0.2
2656,2021-02-18,SAR,1878,732,1146,1074,344,298,110,4,0,1,1,33,13,1814,64,ITG,ITG2,20,Sardegna,Sardegna,1639591,388679,23.71,0.11
2657,2021-02-27,SAR,1921,647,1274,1055,316,306,0,15,2,178,3,0,46,1366,555,ITG,ITG2,20,Sardegna,Sardegna,1639591,390600,23.82,0.12
2658,2021-04-04,SAR,1,0,1,0,0,0,0,0,0,1,0,0,0,0,1,ITG,ITG2,20,Sardegna,Sardegna,1639591,390601,23.82,0.0
2659,2021-02-04,SAR,2271,816,1455,1737,360,170,0,1,1,1,1,0,0,916,1355,ITG,ITG2,20,Sardegna,Sardegna,1639591,392872,23.96,0.14
2660,2021-02-19,SAR,1498,472,1026,677,390,388,0,4,4,1,13,1,20,1442,56,ITG,ITG2,20,Sardegna,Sardegna,1639591,394370,24.05,0.09
2661,2021-04-05,SAR,2036,784,1252,55,150,0,694,93,395,150,123,22,354,2035,1,ITG,ITG2,20,Sardegna,Sardegna,1639591,396406,24.18,0.12
2662,2021-05-03,SAR,8144,3807,4337,215,124,26,16,933,1254,715,4723,78,60,6576,1568,ITG,ITG2,20,Sardegna,Sardegna,1639591,404550,24.67,0.5
2663,2020-12-29,SAR,57,32,25,56,1,0,0,0,0,0,0,0,0,57,0,ITG,ITG2,20,Sardegna,Sardegna,1639591,404607,24.68,0.0
2664,2021-03-16,SAR,4374,1949,2425,663,224,352,8,36,163,2549,337,1,41,3452,922,ITG,ITG2,20,Sardegna,Sardegna,1639591,408981,24.94,0.27
2665,2021-03-26,SAR,8087,3178,4909,845,567,414,1523,140,466,2761,1002,227,142,6562,1525,ITG,ITG2,20,Sardegna,Sardegna,1639591,417068,25.44,0.49
2666,2021-04-28,SAR,8716,4114,4602,111,89,48,11,1014,1415,2153,3787,4,84,5031,3685,ITG,ITG2,20,Sardegna,Sardegna,1639591,425784,25.97,0.53
2667,2021-02-14,SAR,539,263,276,284,188,57,0,2,0,3,1,0,4,537,2,ITG,ITG2,20,Sardegna,Sardegna,1639591,426323,26.0,0.03
2668,2021-01-06,SAR,1615,549,1066,1510,99,0,0,0,0,1,0,0,5,1615,0,ITG,ITG2,20,Sardegna,Sardegna,1639591,427938,26.1,0.1
2669,2021-02-25,SAR,2898,1254,1644,1474,611,466,9,6,2,241,2,74,13,2293,605,ITG,ITG2,20,Sardegna,Sardegna,1639591,430836,26.28,0.18
2670,2021-03-12,SAR,5756,2408,3348,1048,766,464,159,33,56,2573,84,468,105,4448,1308,ITG,ITG2,20,Sardegna,Sardegna,1639591,436592,26.63,0.35
2671,2021-01-04,SAR,592,217,375,565,20,0,0,0,0,1,1,0,5,592,0,ITG,ITG2,20,Sardegna,Sardegna,1639591,437184,26.66,0.04
2672,2021-02-07,SAR,1116,394,722,975,141,0,0,0,0,0,0,0,0,228,888,ITG,ITG2,20,Sardegna,Sardegna,1639591,438300,26.73,0.07
2673,2020-12-31,SAR,32,16,16,28,4,0,0,0,0,0,0,0,0,32,0,ITG,ITG2,20,Sardegna,Sardegna,1639591,438332,26.73,0.0
2674,2021-02-01,SAR,1524,605,919,896,551,77,0,0,0,0,0,0,0,225,1299,ITG,ITG2,20,Sardegna,Sardegna,1639591,439856,26.83,0.09
2675,2021-01-19,SAR,747,270,477,423,163,160,1,0,0,0,0,0,0,692,55,ITG,ITG2,20,Sardegna,Sardegna,1639591,440603,26.87,0.05
2676,2021-01-18,SAR,904,326,578,714,188,0,0,0,0,0,0,1,1,780,124,ITG,ITG2,20,Sardegna,Sardegna,1639591,441507,26.93,0.06
2677,2021-03-30,SAR,8582,3436,5146,651,514,237,1453,104,894,3361,1211,60,97,6310,2272,ITG,ITG2,20,Sardegna,Sardegna,1639591,450089,27.45,0.52
2678,2021-01-03,SAR,90,36,54,89,1,0,0,0,0,0,0,0,0,90,0,ITG,ITG2,20,Sardegna,Sardegna,1639591,450179,27.46,0.01
2679,2021-01-30,SAR,3862,1392,2470,2987,873,0,0,0,0,1,0,0,1,362,3500,ITG,ITG2,20,Sardegna,Sardegna,1639591,454041,27.69,0.24
2680,2021-01-21,SAR,126,60,66,60,66,0,0,0,0,0,0,0,0,94,32,ITG,ITG2,20,Sardegna,Sardegna,1639591,454167,27.7,0.01
2681,2021-05-04,SAR,9418,4331,5087,344,177,13,13,1552,2046,538,4622,22,91,7594,1824,ITG,ITG2,20,Sardegna,Sardegna,1639591,463585,28.27,0.57
2682,2021-02-03,SAR,1119,419,700,920,169,19,0,1,0,0,0,0,10,426,693,ITG,ITG2,20,Sardegna,Sardegna,1639591,464704,28.34,0.07
2683,2021-04-02,SAR,8973,3540,5433,533,693,177,1309,96,803,4209,920,71,162,5744,3229,ITG,ITG2,20,Sardegna,Sardegna,1639591,473677,28.89,0.55
2684,2021-04-16,SAR,14434,6488,7946,477,159,107,27,2161,4365,4312,2688,19,119,9091,5343,ITG,ITG2,20,Sardegna,Sardegna,1639591,488111,29.77,0.88
2685,2021-01-24,SAR,90,34,56,89,1,0,0,0,0,0,0,0,0,5,85,ITG,ITG2,20,Sardegna,Sardegna,1639591,488201,29.78,0.01
2686,2021-03-24,SAR,7284,2997,4287,739,254,397,1059,58,400,3164,788,330,95,5925,1359,ITG,ITG2,20,Sardegna,Sardegna,1639591,495485,30.22,0.44
2687,2021-05-01,SAR,9260,4459,4801,116,39,10,5,495,1189,2581,4726,8,91,5267,3993,ITG,ITG2,20,Sardegna,Sardegna,1639591,504745,30.78,0.56
2688,2021-03-22,SAR,3548,1362,2186,838,344,109,1136,15,42,784,153,105,22,3035,513,ITG,ITG2,20,Sardegna,Sardegna,1639591,508293,31.0,0.22
2689,2021-04-10,SAR,10322,4654,5668,153,110,11,218,590,4668,3601,803,11,157,8387,1935,ITG,ITG2,20,Sardegna,Sardegna,1639591,518615,31.63,0.63
2690,2021-02-06,SAR,1970,697,1273,1544,284,139,1,0,1,0,0,0,1,569,1401,ITG,ITG2,20,Sardegna,Sardegna,1639591,520585,31.75,0.12
2691,2021-02-13,SAR,1456,565,891,732,433,256,5,4,3,1,1,0,21,1454,2,ITG,ITG2,20,Sardegna,Sardegna,1639591,522041,31.84,0.09
2692,2021-02-08,SAR,1470,533,937,998,337,126,0,1,0,1,1,1,5,856,614,ITG,ITG2,20,Sardegna,Sardegna,1639591,523511,31.93,0.09
2693,2021-01-01,SAR,32,17,15,30,0,0,0,0,0,0,2,0,0,32,0,ITG,ITG2,20,Sardegna,Sardegna,1639591,523543,31.93,0.0
2694,2021-05-06,SAR,11687,5428,6259,261,120,69,113,2684,1280,1200,5758,48,154,8689,2998,ITG,ITG2,20,Sardegna,Sardegna,1639591,535230,32.64,0.71
2695,2021-04-19,SAR,10105,4588,5517,186,75,88,43,3704,3199,1398,1375,6,31,8752,1353,ITG,ITG2,20,Sardegna,Sardegna,1639591,545335,33.26,0.62
2696,2021-03-04,SAR,4002,1953,2049,987,552,542,42,44,18,1153,1,581,82,2747,1255,ITG,ITG2,20,Sardegna,Sardegna,1639591,549337,33.5,0.24
2697,2021-02-22,SAR,1638,948,690,606,294,190,0,6,3,5,11,516,7,1410,228,ITG,ITG2,20,Sardegna,Sardegna,1639591,550975,33.6,0.1
2698,2021-04-15,SAR,11784,5509,6275,271,93,135,20,1055,4003,3897,2147,29,134,6835,4949,ITG,ITG2,20,Sardegna,Sardegna,1639591,562759,34.32,0.72
2699,2021-04-29,SAR,10245,4758,5487,237,94,57,21,949,1173,1270,6290,5,149,6321,3924,ITG,ITG2,20,Sardegna,Sardegna,1639591,573004,34.95,0.62
