,data,area,Vaccinazioni giornaliere,sesso_maschile,sesso_femminile,Operatori sanitari - sociosanitari,Personale non sanitario,categoria_altro,Ospiti RSA,categoria_over80,categoria_forze_armate,categoria_personale_scolastico,prima_dose,seconda_dose,codice_NUTS1,codice_NUTS2,codice_regione_ISTAT,nome_area,Regione,popolazione,Totale vaccinazioni,Totale vaccinazioni ogni cento ab,Vaccinazioni giornaliere ogni cento ab
0,2021-01-28,CAM,8832,4122,4710,6216,1093,1176,347,0,0,0,135,8697,ITF,ITF3,15,Campania,Campania,5801692,8832,0.15,0.15
1,2021-01-19,CAM,1095,474,621,534,129,261,171,0,0,0,1092,3,ITF,ITF3,15,Campania,Campania,5801692,9927,0.17,0.02
2,2021-03-11,CAM,17529,8640,8889,1009,244,4985,105,7629,986,2571,10251,7278,ITF,ITF3,15,Campania,Campania,5801692,27456,0.47,0.3
3,2021-02-02,CAM,5722,2804,2918,3640,828,900,354,0,0,0,443,5279,ITF,ITF3,15,Campania,Campania,5801692,33178,0.57,0.1
4,2021-02-06,CAM,5341,2665,2676,1990,520,2357,459,15,0,0,2103,3238,ITF,ITF3,15,Campania,Campania,5801692,38519,0.66,0.09
5,2021-01-10,CAM,8165,3736,4429,5179,1010,1879,97,0,0,0,8165,0,ITF,ITF3,15,Campania,Campania,5801692,46684,0.8,0.14
6,2021-01-11,CAM,4072,1871,2201,2386,681,753,252,0,0,0,4072,0,ITF,ITF3,15,Campania,Campania,5801692,50756,0.87,0.07
7,2021-03-02,CAM,12746,4550,8196,1266,186,4166,148,1938,2,5040,8402,4344,ITF,ITF3,15,Campania,Campania,5801692,63502,1.09,0.22
8,2021-03-22,CAM,12767,5928,6839,219,740,5827,71,3396,315,2199,10729,2038,ITF,ITF3,15,Campania,Campania,5801692,76269,1.31,0.22
9,2021-01-23,CAM,3839,2029,1810,3161,344,265,69,0,0,0,273,3566,ITF,ITF3,15,Campania,Campania,5801692,80108,1.38,0.07
10,2021-03-17,CAM,11574,5092,6482,459,119,1944,49,8869,20,114,4997,6577,ITF,ITF3,15,Campania,Campania,5801692,91682,1.58,0.2
11,2021-01-04,CAM,5826,2963,2863,4850,679,297,0,0,0,0,5826,0,ITF,ITF3,15,Campania,Campania,5801692,97508,1.68,0.1
12,2021-01-15,CAM,4980,2381,2599,2740,832,1217,191,0,0,0,4980,0,ITF,ITF3,15,Campania,Campania,5801692,102488,1.77,0.09
13,2021-03-15,CAM,13015,6124,6891,483,129,3692,85,5809,235,2582,8312,4703,ITF,ITF3,15,Campania,Campania,5801692,115503,1.99,0.22
14,2021-02-03,CAM,8902,4002,4900,4735,1102,2350,714,1,0,0,878,8024,ITF,ITF3,15,Campania,Campania,5801692,124405,2.14,0.15
15,2021-01-18,CAM,957,399,558,576,93,101,187,0,0,0,713,244,ITF,ITF3,15,Campania,Campania,5801692,125362,2.16,0.02
16,2021-03-13,CAM,14257,6793,7464,342,79,4155,193,5318,1197,2973,8972,5285,ITF,ITF3,15,Campania,Campania,5801692,139619,2.41,0.25
17,2021-02-22,CAM,10613,3282,7331,512,46,2230,139,3867,0,3819,10351,262,ITF,ITF3,15,Campania,Campania,5801692,150232,2.59,0.18
18,2021-01-06,CAM,7652,3749,3903,5781,838,733,300,0,0,0,7652,0,ITF,ITF3,15,Campania,Campania,5801692,157884,2.72,0.13
19,2021-03-16,CAM,8091,3522,4569,287,51,1766,60,5789,23,115,3777,4314,ITF,ITF3,15,Campania,Campania,5801692,165975,2.86,0.14
20,2021-02-20,CAM,8565,3079,5486,1015,59,799,145,4582,0,1965,8262,303,ITF,ITF3,15,Campania,Campania,5801692,174540,3.01,0.15
21,2021-02-10,CAM,6904,3413,3491,1945,284,2419,98,2158,0,0,6728,176,ITF,ITF3,15,Campania,Campania,5801692,181444,3.13,0.12
22,2021-03-14,CAM,8542,3734,4808,137,93,2122,36,3623,844,1687,4404,4138,ITF,ITF3,15,Campania,Campania,5801692,189986,3.27,0.15
23,2021-02-05,CAM,7261,3463,3798,3447,995,2502,308,9,0,0,2133,5128,ITF,ITF3,15,Campania,Campania,5801692,197247,3.4,0.13
24,2021-01-05,CAM,7237,3638,3599,5810,923,398,106,0,0,0,7237,0,ITF,ITF3,15,Campania,Campania,5801692,204484,3.52,0.12
25,2021-01-30,CAM,10721,5079,5642,6930,1278,2286,227,0,0,0,39,10682,ITF,ITF3,15,Campania,Campania,5801692,215205,3.71,0.18
26,2021-01-29,CAM,10052,4812,5240,6405,1052,2336,259,0,0,0,47,10005,ITF,ITF3,15,Campania,Campania,5801692,225257,3.88,0.17
27,2020-12-27,CAM,720,422,298,703,14,3,0,0,0,0,720,0,ITF,ITF3,15,Campania,Campania,5801692,225977,3.9,0.01
28,2021-03-01,CAM,12119,4243,7876,1095,287,3423,145,1723,0,5446,8008,4111,ITF,ITF3,15,Campania,Campania,5801692,238096,4.1,0.21
29,2021-02-04,CAM,7943,3429,4514,3965,1245,2440,292,1,0,0,1308,6635,ITF,ITF3,15,Campania,Campania,5801692,246039,4.24,0.14
30,2021-03-12,CAM,14234,7084,7150,979,145,4555,82,5285,1234,1954,8154,6080,ITF,ITF3,15,Campania,Campania,5801692,260273,4.49,0.25
31,2021-01-16,CAM,3369,1675,1694,1355,230,1411,373,0,0,0,3369,0,ITF,ITF3,15,Campania,Campania,5801692,263642,4.54,0.06
32,2021-02-08,CAM,5113,2449,2664,1388,320,1801,226,1378,0,0,4311,802,ITF,ITF3,15,Campania,Campania,5801692,268755,4.63,0.09
33,2021-02-14,CAM,3933,1926,2007,550,64,841,17,2461,0,0,3890,43,ITF,ITF3,15,Campania,Campania,5801692,272688,4.7,0.07
34,2021-03-06,CAM,16296,6747,9549,957,131,4300,172,5827,1027,3882,10630,5666,ITF,ITF3,15,Campania,Campania,5801692,288984,4.98,0.28
35,2021-03-21,CAM,9947,4571,5376,164,27,5321,17,2695,186,1537,7578,2369,ITF,ITF3,15,Campania,Campania,5801692,298931,5.15,0.17
36,2021-03-08,CAM,14502,6703,7799,835,240,4955,36,4175,1334,2927,9727,4775,ITF,ITF3,15,Campania,Campania,5801692,313433,5.4,0.25
37,2021-03-10,CAM,15236,7371,7865,638,228,3769,26,7285,1006,2284,8408,6828,ITF,ITF3,15,Campania,Campania,5801692,328669,5.67,0.26
38,2021-02-23,CAM,10988,3383,7605,514,84,2127,288,3688,0,4287,10462,526,ITF,ITF3,15,Campania,Campania,5801692,339657,5.85,0.19
39,2021-03-03,CAM,13921,5495,8426,2017,225,5055,158,3468,3,2995,7292,6629,ITF,ITF3,15,Campania,Campania,5801692,353578,6.09,0.24
40,2021-02-12,CAM,6555,2876,3679,1812,245,1222,214,3058,0,4,6343,212,ITF,ITF3,15,Campania,Campania,5801692,360133,6.21,0.11
41,2021-01-22,CAM,1523,775,748,970,120,224,209,0,0,0,673,850,ITF,ITF3,15,Campania,Campania,5801692,361656,6.23,0.03
42,2021-01-14,CAM,7072,2976,4096,3706,1264,1752,350,0,0,0,7072,0,ITF,ITF3,15,Campania,Campania,5801692,368728,6.36,0.12
43,2021-02-25,CAM,12422,4479,7943,600,79,2593,124,4916,0,4110,11234,1188,ITF,ITF3,15,Campania,Campania,5801692,381150,6.57,0.21
44,2021-01-02,CAM,3674,1963,1711,3167,341,166,0,0,0,0,3674,0,ITF,ITF3,15,Campania,Campania,5801692,384824,6.63,0.06
45,2021-01-20,CAM,1257,650,607,395,146,615,101,0,0,0,1257,0,ITF,ITF3,15,Campania,Campania,5801692,386081,6.65,0.02
46,2021-03-09,CAM,13861,6629,7232,744,263,4358,217,3729,1118,3432,10080,3781,ITF,ITF3,15,Campania,Campania,5801692,399942,6.89,0.24
47,2021-01-27,CAM,7737,3820,3917,5837,875,755,270,0,0,0,162,7575,ITF,ITF3,15,Campania,Campania,5801692,407679,7.03,0.13
48,2021-01-21,CAM,2093,1116,977,1379,153,486,75,0,0,0,677,1416,ITF,ITF3,15,Campania,Campania,5801692,409772,7.06,0.04
49,2021-01-12,CAM,5214,2563,2651,3439,722,713,340,0,0,0,5214,0,ITF,ITF3,15,Campania,Campania,5801692,414986,7.15,0.09
50,2021-02-19,CAM,9556,3557,5999,1647,136,992,161,4453,0,2167,8906,650,ITF,ITF3,15,Campania,Campania,5801692,424542,7.32,0.16
51,2021-02-16,CAM,5437,2410,3027,911,254,929,169,3174,0,0,4666,771,ITF,ITF3,15,Campania,Campania,5801692,429979,7.41,0.09
52,2021-01-25,CAM,5744,2926,2818,4743,644,301,56,0,0,0,164,5580,ITF,ITF3,15,Campania,Campania,5801692,435723,7.51,0.1
53,2021-03-20,CAM,13907,6432,7475,219,34,5139,35,6145,289,2046,10167,3740,ITF,ITF3,15,Campania,Campania,5801692,449630,7.75,0.24
54,2021-02-15,CAM,5469,2515,2954,976,212,790,94,3395,1,1,5296,173,ITF,ITF3,15,Campania,Campania,5801692,455099,7.84,0.09
55,2021-02-09,CAM,4643,2202,2441,1148,178,1973,6,1338,0,0,4391,252,ITF,ITF3,15,Campania,Campania,5801692,459742,7.92,0.08
56,2021-02-07,CAM,2936,1386,1550,712,189,1519,226,290,0,0,2158,778,ITF,ITF3,15,Campania,Campania,5801692,462678,7.97,0.05
57,2020-12-31,CAM,1490,811,679,1273,150,66,1,0,0,0,1490,0,ITF,ITF3,15,Campania,Campania,5801692,464168,8.0,0.03
58,2021-01-31,CAM,8067,3711,4356,5107,1012,1881,67,0,0,0,23,8044,ITF,ITF3,15,Campania,Campania,5801692,472235,8.14,0.14
59,2021-03-18,CAM,12157,5377,6780,444,70,2422,34,8658,74,455,5970,6187,ITF,ITF3,15,Campania,Campania,5801692,484392,8.35,0.21
60,2021-03-05,CAM,16472,6347,10125,1640,220,5207,64,5029,4,4308,9814,6658,ITF,ITF3,15,Campania,Campania,5801692,500864,8.63,0.28
61,2021-02-26,CAM,13329,4230,9099,623,101,2280,223,3222,1,6879,11994,1335,ITF,ITF3,15,Campania,Campania,5801692,514193,8.86,0.23
62,2021-01-01,CAM,919,506,413,831,85,3,0,0,0,0,919,0,ITF,ITF3,15,Campania,Campania,5801692,515112,8.88,0.02
63,2021-02-11,CAM,6279,2705,3574,1861,279,1647,129,2363,0,0,6213,66,ITF,ITF3,15,Campania,Campania,5801692,521391,8.99,0.11
64,2021-02-27,CAM,13941,4470,9471,597,261,2801,78,3146,0,7058,12299,1642,ITF,ITF3,15,Campania,Campania,5801692,535332,9.23,0.24
65,2021-02-18,CAM,9078,3811,5267,1710,215,1127,70,5520,0,436,8370,708,ITF,ITF3,15,Campania,Campania,5801692,544410,9.38,0.16
66,2021-02-17,CAM,7388,3210,4178,995,194,891,38,4908,0,362,6328,1060,ITF,ITF3,15,Campania,Campania,5801692,551798,9.51,0.13
67,2021-01-09,CAM,10566,5024,5542,6759,1256,2282,269,0,0,0,10566,0,ITF,ITF3,15,Campania,Campania,5801692,562364,9.69,0.18
68,2021-03-19,CAM,11014,4864,6150,263,65,2956,21,7226,28,455,7149,3865,ITF,ITF3,15,Campania,Campania,5801692,573378,9.88,0.19
69,2021-02-24,CAM,11768,4143,7625,712,157,2154,145,5096,0,3504,11080,688,ITF,ITF3,15,Campania,Campania,5801692,585146,10.09,0.2
70,2021-02-28,CAM,10400,3204,7196,485,113,3543,22,1943,0,4294,8501,1899,ITF,ITF3,15,Campania,Campania,5801692,595546,10.27,0.18
71,2021-02-01,CAM,3985,1813,2172,2504,656,673,152,0,0,0,110,3875,ITF,ITF3,15,Campania,Campania,5801692,599531,10.33,0.07
72,2021-03-04,CAM,14645,5345,9300,1788,280,4808,135,4198,1,3435,8752,5893,ITF,ITF3,15,Campania,Campania,5801692,614176,10.59,0.25
73,2021-01-13,CAM,8019,3665,4354,4350,1031,2051,587,0,0,0,8019,0,ITF,ITF3,15,Campania,Campania,5801692,622195,10.72,0.14
74,2021-01-03,CAM,3837,2009,1828,3191,401,245,0,0,0,0,3837,0,ITF,ITF3,15,Campania,Campania,5801692,626032,10.79,0.07
75,2021-03-07,CAM,11911,5344,6567,513,106,4152,85,3276,1512,2267,8070,3841,ITF,ITF3,15,Campania,Campania,5801692,637943,11.0,0.21
76,2021-03-24,CAM,5913,2693,3220,111,13,2363,56,2482,26,862,4558,1355,ITF,ITF3,15,Campania,Campania,5801692,643856,11.1,0.1
77,2021-01-24,CAM,4128,2123,2005,3140,410,412,166,0,0,0,383,3745,ITF,ITF3,15,Campania,Campania,5801692,647984,11.17,0.07
78,2021-03-23,CAM,15324,7051,8273,305,481,6997,180,4241,260,2860,12820,2504,ITF,ITF3,15,Campania,Campania,5801692,663308,11.43,0.26
79,2021-02-13,CAM,5508,2549,2959,952,99,709,131,3615,0,2,5291,217,ITF,ITF3,15,Campania,Campania,5801692,668816,11.53,0.09
80,2021-02-21,CAM,5834,2239,3595,780,43,610,22,3871,0,508,5609,225,ITF,ITF3,15,Campania,Campania,5801692,674650,11.63,0.1
81,2021-01-17,CAM,1155,551,604,718,54,232,151,0,0,0,702,453,ITF,ITF3,15,Campania,Campania,5801692,675805,11.65,0.02
82,2021-01-08,CAM,10455,4969,5486,6714,1147,2382,212,0,0,0,10455,0,ITF,ITF3,15,Campania,Campania,5801692,686260,11.83,0.18
83,2021-01-26,CAM,7297,3701,3596,5742,846,487,222,0,0,0,352,6945,ITF,ITF3,15,Campania,Campania,5801692,693557,11.95,0.13
84,2021-01-07,CAM,8910,4166,4744,6313,1087,1178,332,0,0,0,8910,0,ITF,ITF3,15,Campania,Campania,5801692,702467,12.11,0.15
85,2021-01-23,EMR,2443,868,1575,1899,4,110,430,0,0,0,441,2002,ITH,ITH5,8,Emilia-Romagna,Emilia-Romagna,4459477,2443,0.05,0.05
86,2021-03-07,EMR,6528,2433,4095,1452,320,417,22,2555,513,1249,5013,1515,ITH,ITH5,8,Emilia-Romagna,Emilia-Romagna,4459477,8971,0.2,0.15
87,2021-03-02,EMR,11596,3807,7789,1921,330,455,221,5270,355,3044,9623,1973,ITH,ITH5,8,Emilia-Romagna,Emilia-Romagna,4459477,20567,0.46,0.26
88,2021-03-13,EMR,15662,6078,9584,1245,157,1124,73,8217,886,3960,10376,5286,ITH,ITH5,8,Emilia-Romagna,Emilia-Romagna,4459477,36229,0.81,0.35
89,2021-01-14,EMR,8085,2573,5512,5390,497,591,1606,0,1,0,8085,0,ITH,ITH5,8,Emilia-Romagna,Emilia-Romagna,4459477,44314,0.99,0.18
90,2021-03-23,EMR,17473,7419,10054,1090,276,5887,101,8752,56,1311,11250,6223,ITH,ITH5,8,Emilia-Romagna,Emilia-Romagna,4459477,61787,1.39,0.39
91,2021-01-24,EMR,2442,884,1558,2079,51,63,249,0,0,0,299,2143,ITH,ITH5,8,Emilia-Romagna,Emilia-Romagna,4459477,64229,1.44,0.05
92,2021-03-04,EMR,16275,5297,10978,2595,482,695,239,6346,511,5407,13287,2988,ITH,ITH5,8,Emilia-Romagna,Emilia-Romagna,4459477,80504,1.81,0.36
93,2021-03-22,EMR,16653,7147,9506,1118,316,4994,120,9446,65,594,9828,6825,ITH,ITH5,8,Emilia-Romagna,Emilia-Romagna,4459477,97157,2.18,0.37
94,2021-03-24,EMR,5702,2547,3155,395,103,1485,16,3358,22,323,3196,2506,ITH,ITH5,8,Emilia-Romagna,Emilia-Romagna,4459477,102859,2.31,0.13
95,2021-02-08,EMR,5185,1519,3666,2827,378,315,1478,186,0,1,2290,2895,ITH,ITH5,8,Emilia-Romagna,Emilia-Romagna,4459477,108044,2.42,0.12
96,2021-02-22,EMR,7462,3080,4382,386,84,134,129,6729,0,0,7199,263,ITH,ITH5,8,Emilia-Romagna,Emilia-Romagna,4459477,115506,2.59,0.17
97,2021-01-19,EMR,2039,502,1537,745,84,51,1159,0,0,0,2022,17,ITH,ITH5,8,Emilia-Romagna,Emilia-Romagna,4459477,117545,2.64,0.05
98,2021-01-18,EMR,3125,879,2246,1681,102,214,1128,0,0,0,2448,677,ITH,ITH5,8,Emilia-Romagna,Emilia-Romagna,4459477,120670,2.71,0.07
99,2021-02-11,EMR,4244,1414,2830,2528,350,300,719,345,0,2,3406,838,ITH,ITH5,8,Emilia-Romagna,Emilia-Romagna,4459477,124914,2.8,0.1
100,2021-03-05,EMR,17500,5692,11808,3063,620,855,254,6249,531,5928,14106,3394,ITH,ITH5,8,Emilia-Romagna,Emilia-Romagna,4459477,142414,3.19,0.39
101,2021-01-30,EMR,10037,3508,6529,7562,715,991,769,0,0,0,143,9894,ITH,ITH5,8,Emilia-Romagna,Emilia-Romagna,4459477,152451,3.42,0.23
102,2021-02-26,EMR,7624,2888,4736,1008,293,331,217,5463,0,312,6587,1037,ITH,ITH5,8,Emilia-Romagna,Emilia-Romagna,4459477,160075,3.59,0.17
103,2021-03-21,EMR,11381,4924,6457,564,291,3699,106,6079,58,584,6784,4597,ITH,ITH5,8,Emilia-Romagna,Emilia-Romagna,4459477,171456,3.84,0.26
104,2021-01-13,EMR,9062,2938,6124,6005,435,877,1744,0,0,1,9062,0,ITH,ITH5,8,Emilia-Romagna,Emilia-Romagna,4459477,180518,4.05,0.2
105,2021-02-06,EMR,7526,2379,5147,5358,480,466,1172,50,0,0,2120,5406,ITH,ITH5,8,Emilia-Romagna,Emilia-Romagna,4459477,188044,4.22,0.17
106,2021-02-13,EMR,3603,1077,2526,2779,238,255,145,186,0,0,3005,598,ITH,ITH5,8,Emilia-Romagna,Emilia-Romagna,4459477,191647,4.3,0.08
107,2021-03-06,EMR,20334,5811,14523,2672,268,696,40,5859,517,10282,17642,2692,ITH,ITH5,8,Emilia-Romagna,Emilia-Romagna,4459477,211981,4.75,0.46
108,2021-03-16,EMR,11970,4881,7089,408,67,623,86,10658,6,122,4747,7223,ITH,ITH5,8,Emilia-Romagna,Emilia-Romagna,4459477,223951,5.02,0.27
109,2021-01-22,EMR,1827,477,1350,941,25,139,722,0,0,0,1088,739,ITH,ITH5,8,Emilia-Romagna,Emilia-Romagna,4459477,225778,5.06,0.04
110,2021-02-19,EMR,7293,3002,4291,818,187,181,257,5850,0,0,6790,503,ITH,ITH5,8,Emilia-Romagna,Emilia-Romagna,4459477,233071,5.23,0.16
111,2021-01-04,EMR,7258,2510,4748,6165,123,393,577,0,0,0,7258,0,ITH,ITH5,8,Emilia-Romagna,Emilia-Romagna,4459477,240329,5.39,0.16
112,2021-03-12,EMR,17544,7172,10372,1575,360,1438,285,9771,1094,3021,10863,6681,ITH,ITH5,8,Emilia-Romagna,Emilia-Romagna,4459477,257873,5.78,0.39
113,2021-02-03,EMR,9269,2972,6297,6227,701,639,1617,85,0,0,953,8316,ITH,ITH5,8,Emilia-Romagna,Emilia-Romagna,4459477,267142,5.99,0.21
114,2021-02-01,EMR,10288,3595,6693,7445,787,797,1259,0,0,0,365,9923,ITH,ITH5,8,Emilia-Romagna,Emilia-Romagna,4459477,277430,6.22,0.23
115,2021-01-11,EMR,9323,3266,6057,6574,641,841,1267,0,0,0,9323,0,ITH,ITH5,8,Emilia-Romagna,Emilia-Romagna,4459477,286753,6.43,0.21
116,2021-01-25,EMR,6413,2128,4285,5231,124,380,678,0,0,0,221,6192,ITH,ITH5,8,Emilia-Romagna,Emilia-Romagna,4459477,293166,6.57,0.14
117,2021-02-05,EMR,9293,2959,6334,6211,628,659,1607,187,0,1,1625,7668,ITH,ITH5,8,Emilia-Romagna,Emilia-Romagna,4459477,302459,6.78,0.21
118,2021-02-09,EMR,4150,1246,2904,2217,226,241,1198,268,0,0,2305,1845,ITH,ITH5,8,Emilia-Romagna,Emilia-Romagna,4459477,306609,6.88,0.09
119,2021-02-14,EMR,1398,377,1021,858,337,145,39,19,0,0,1278,120,ITH,ITH5,8,Emilia-Romagna,Emilia-Romagna,4459477,308007,6.91,0.03
120,2021-02-21,EMR,4406,1693,2713,394,82,187,190,3553,0,0,3969,437,ITH,ITH5,8,Emilia-Romagna,Emilia-Romagna,4459477,312413,7.01,0.1
121,2021-02-28,EMR,6813,2524,4289,1769,226,235,53,4222,4,304,4970,1843,ITH,ITH5,8,Emilia-Romagna,Emilia-Romagna,4459477,319226,7.16,0.15
122,2021-03-15,EMR,12610,5656,6954,792,179,1107,168,9062,777,525,6191,6419,ITH,ITH5,8,Emilia-Romagna,Emilia-Romagna,4459477,331836,7.44,0.28
123,2021-01-10,EMR,7125,2663,4462,5642,652,325,499,6,0,1,7125,0,ITH,ITH5,8,Emilia-Romagna,Emilia-Romagna,4459477,338961,7.6,0.16
124,2021-01-12,EMR,9313,3084,6229,6349,593,740,1631,0,0,0,9313,0,ITH,ITH5,8,Emilia-Romagna,Emilia-Romagna,4459477,348274,7.81,0.21
125,2021-01-03,EMR,2729,934,1795,2479,12,68,170,0,0,0,2729,0,ITH,ITH5,8,Emilia-Romagna,Emilia-Romagna,4459477,351003,7.87,0.06
126,2021-01-16,EMR,5592,1717,3875,3687,347,446,1108,0,3,1,5592,0,ITH,ITH5,8,Emilia-Romagna,Emilia-Romagna,4459477,356595,8.0,0.13
127,2021-01-07,EMR,10208,3381,6827,8181,287,672,1068,0,0,0,10208,0,ITH,ITH5,8,Emilia-Romagna,Emilia-Romagna,4459477,366803,8.23,0.23
128,2021-02-23,EMR,8190,3212,4978,407,79,238,112,7353,0,1,7805,385,ITH,ITH5,8,Emilia-Romagna,Emilia-Romagna,4459477,374993,8.41,0.18
129,2021-02-17,EMR,6533,2761,3772,803,205,1073,404,4048,0,0,5760,773,ITH,ITH5,8,Emilia-Romagna,Emilia-Romagna,4459477,381526,8.56,0.15
130,2021-02-16,EMR,5728,2427,3301,743,241,667,437,3640,0,0,5198,530,ITH,ITH5,8,Emilia-Romagna,Emilia-Romagna,4459477,387254,8.68,0.13
131,2021-02-18,EMR,7043,2892,4151,891,135,396,236,5385,0,0,6461,582,ITH,ITH5,8,Emilia-Romagna,Emilia-Romagna,4459477,394297,8.84,0.16
132,2021-01-17,EMR,2889,887,2002,1913,278,147,547,0,0,4,2643,246,ITH,ITH5,8,Emilia-Romagna,Emilia-Romagna,4459477,397186,8.91,0.06
133,2020-12-31,EMR,2204,776,1428,1675,31,171,327,0,0,0,2204,0,ITH,ITH5,8,Emilia-Romagna,Emilia-Romagna,4459477,399390,8.96,0.05
134,2021-03-19,EMR,13169,5527,7642,1017,265,1921,70,9499,78,319,6025,7144,ITH,ITH5,8,Emilia-Romagna,Emilia-Romagna,4459477,412559,9.25,0.3
135,2021-01-21,EMR,2151,725,1426,1282,97,119,653,0,0,0,809,1342,ITH,ITH5,8,Emilia-Romagna,Emilia-Romagna,4459477,414710,9.3,0.05
136,2021-01-06,EMR,8262,2941,5321,6850,169,592,650,0,1,0,8262,0,ITH,ITH5,8,Emilia-Romagna,Emilia-Romagna,4459477,422972,9.48,0.19
137,2021-01-31,EMR,7692,2758,4934,6172,806,453,261,0,0,0,242,7450,ITH,ITH5,8,Emilia-Romagna,Emilia-Romagna,4459477,430664,9.66,0.17
138,2021-03-14,EMR,8465,3620,4845,699,172,770,69,5494,359,902,4689,3776,ITH,ITH5,8,Emilia-Romagna,Emilia-Romagna,4459477,439129,9.85,0.19
139,2021-03-08,EMR,11444,4506,6938,2297,390,641,295,4272,1212,2337,8821,2623,ITH,ITH5,8,Emilia-Romagna,Emilia-Romagna,4459477,450573,10.1,0.26
140,2021-01-15,EMR,7699,2393,5306,5297,438,646,1317,0,0,1,7699,0,ITH,ITH5,8,Emilia-Romagna,Emilia-Romagna,4459477,458272,10.28,0.17
141,2021-03-18,EMR,13267,5611,7656,448,119,1979,19,10652,1,49,5496,7771,ITH,ITH5,8,Emilia-Romagna,Emilia-Romagna,4459477,471539,10.57,0.3
142,2021-02-27,EMR,10942,3988,6954,1719,178,321,114,7671,0,939,9211,1731,ITH,ITH5,8,Emilia-Romagna,Emilia-Romagna,4459477,482481,10.82,0.25
143,2021-03-20,EMR,15188,6266,8922,697,254,4102,82,9154,73,826,8370,6818,ITH,ITH5,8,Emilia-Romagna,Emilia-Romagna,4459477,497669,11.16,0.34
144,2021-02-07,EMR,4786,1534,3252,3685,384,260,444,10,0,3,1727,3059,ITH,ITH5,8,Emilia-Romagna,Emilia-Romagna,4459477,502455,11.27,0.11
145,2021-02-25,EMR,9152,3472,5680,793,132,383,140,7619,0,85,8201,951,ITH,ITH5,8,Emilia-Romagna,Emilia-Romagna,4459477,511607,11.47,0.21
146,2021-03-17,EMR,13408,5563,7845,351,116,1219,49,11654,0,19,5687,7721,ITH,ITH5,8,Emilia-Romagna,Emilia-Romagna,4459477,525015,11.77,0.3
147,2021-02-02,EMR,9431,3030,6401,6230,729,761,1630,80,0,1,497,8934,ITH,ITH5,8,Emilia-Romagna,Emilia-Romagna,4459477,534446,11.98,0.21
148,2021-01-26,EMR,8324,3000,5324,6599,228,465,1032,0,0,0,216,8108,ITH,ITH5,8,Emilia-Romagna,Emilia-Romagna,4459477,542770,12.17,0.19
149,2021-01-29,EMR,10326,3477,6849,8081,388,840,1017,0,0,0,289,10037,ITH,ITH5,8,Emilia-Romagna,Emilia-Romagna,4459477,553096,12.4,0.23
150,2021-02-12,EMR,5308,1676,3632,3391,458,450,704,305,0,0,3908,1400,ITH,ITH5,8,Emilia-Romagna,Emilia-Romagna,4459477,558404,12.52,0.12
151,2021-03-01,EMR,9986,3543,6443,1819,265,331,433,5587,309,1242,7745,2241,ITH,ITH5,8,Emilia-Romagna,Emilia-Romagna,4459477,568390,12.75,0.22
152,2021-01-28,EMR,10220,3333,6887,8068,288,742,1122,0,0,0,348,9872,ITH,ITH5,8,Emilia-Romagna,Emilia-Romagna,4459477,578610,12.97,0.23
153,2021-03-03,EMR,15646,5178,10468,2526,345,703,160,6797,340,4775,13204,2442,ITH,ITH5,8,Emilia-Romagna,Emilia-Romagna,4459477,594256,13.33,0.35
154,2021-02-20,EMR,5309,2100,3209,406,92,147,155,4509,0,0,5045,264,ITH,ITH5,8,Emilia-Romagna,Emilia-Romagna,4459477,599565,13.44,0.12
155,2021-02-15,EMR,2890,845,2045,1981,322,141,157,289,0,0,2764,126,ITH,ITH5,8,Emilia-Romagna,Emilia-Romagna,4459477,602455,13.51,0.06
156,2021-02-10,EMR,3935,1353,2582,2330,215,359,775,256,0,0,2735,1200,ITH,ITH5,8,Emilia-Romagna,Emilia-Romagna,4459477,606390,13.6,0.09
157,2021-01-27,EMR,8316,2934,5382,6886,224,551,654,0,1,0,463,7853,ITH,ITH5,8,Emilia-Romagna,Emilia-Romagna,4459477,614706,13.78,0.19
158,2021-01-02,EMR,2347,903,1444,2071,1,78,197,0,0,0,2347,0,ITH,ITH5,8,Emilia-Romagna,Emilia-Romagna,4459477,617053,13.84,0.05
159,2021-01-20,EMR,1321,269,1052,391,111,32,787,0,0,0,1320,1,ITH,ITH5,8,Emilia-Romagna,Emilia-Romagna,4459477,618374,13.87,0.03
160,2020-12-27,EMR,968,372,596,824,1,117,26,0,0,0,968,0,ITH,ITH5,8,Emilia-Romagna,Emilia-Romagna,4459477,619342,13.89,0.02
161,2021-01-05,EMR,9324,3163,6161,7924,280,355,765,0,0,0,9324,0,ITH,ITH5,8,Emilia-Romagna,Emilia-Romagna,4459477,628666,14.1,0.21
162,2021-03-11,EMR,16892,6925,9967,1131,293,1426,245,8799,1216,3782,11070,5822,ITH,ITH5,8,Emilia-Romagna,Emilia-Romagna,4459477,645558,14.48,0.38
163,2021-02-04,EMR,9902,3191,6711,6426,824,860,1674,118,0,0,1237,8665,ITH,ITH5,8,Emilia-Romagna,Emilia-Romagna,4459477,655460,14.7,0.22
164,2021-03-10,EMR,18142,7318,10824,1314,218,1009,128,9894,1113,4466,12519,5623,ITH,ITH5,8,Emilia-Romagna,Emilia-Romagna,4459477,673602,15.1,0.41
165,2021-03-09,EMR,14335,5763,8572,1023,240,698,180,7563,1072,3559,10401,3934,ITH,ITH5,8,Emilia-Romagna,Emilia-Romagna,4459477,687937,15.43,0.32
166,2021-01-09,EMR,9874,3425,6449,7824,555,614,881,0,0,0,9874,0,ITH,ITH5,8,Emilia-Romagna,Emilia-Romagna,4459477,697811,15.65,0.22
167,2021-01-08,EMR,10808,3555,7253,8454,423,851,1080,0,0,0,10808,0,ITH,ITH5,8,Emilia-Romagna,Emilia-Romagna,4459477,708619,15.89,0.24
168,2021-02-24,EMR,9270,3542,5728,639,87,495,220,7766,0,63,8411,859,ITH,ITH5,8,Emilia-Romagna,Emilia-Romagna,4459477,717889,16.1,0.21
169,2021-01-03,BAS,900,344,556,790,45,63,0,0,0,2,900,0,ITF,ITF5,17,Basilicata,Basilicata,559084,900,0.16,0.16
170,2021-01-30,BAS,703,226,477,424,81,72,126,0,0,0,127,576,ITF,ITF5,17,Basilicata,Basilicata,559084,1603,0.29,0.13
171,2021-02-03,BAS,666,300,366,425,15,54,172,0,0,0,32,634,ITF,ITF5,17,Basilicata,Basilicata,559084,2269,0.41,0.12
172,2021-01-15,BAS,813,350,463,578,21,40,174,0,0,0,813,0,ITF,ITF5,17,Basilicata,Basilicata,559084,3082,0.55,0.15
173,2021-01-14,BAS,969,413,556,504,110,32,323,0,0,0,969,0,ITF,ITF5,17,Basilicata,Basilicata,559084,4051,0.72,0.17
174,2021-01-18,BAS,463,157,306,364,51,3,45,0,0,0,364,99,ITF,ITF5,17,Basilicata,Basilicata,559084,4514,0.81,0.08
175,2021-03-07,BAS,882,308,574,39,12,6,4,328,22,471,844,38,ITF,ITF5,17,Basilicata,Basilicata,559084,5396,0.97,0.16
176,2021-02-05,BAS,983,443,540,611,36,145,191,0,0,0,64,919,ITF,ITF5,17,Basilicata,Basilicata,559084,6379,1.14,0.18
177,2021-01-13,BAS,916,387,529,699,11,57,148,0,0,1,916,0,ITF,ITF5,17,Basilicata,Basilicata,559084,7295,1.3,0.16
178,2021-02-24,BAS,1803,743,1060,85,9,20,2,1686,1,0,1734,69,ITF,ITF5,17,Basilicata,Basilicata,559084,9098,1.63,0.32
179,2021-01-29,BAS,612,228,384,397,38,107,70,0,0,0,63,549,ITF,ITF5,17,Basilicata,Basilicata,559084,9710,1.74,0.11
180,2021-01-05,BAS,945,409,536,861,38,46,0,0,0,0,945,0,ITF,ITF5,17,Basilicata,Basilicata,559084,10655,1.91,0.17
181,2021-01-27,BAS,410,174,236,299,16,69,26,0,0,0,113,297,ITF,ITF5,17,Basilicata,Basilicata,559084,11065,1.98,0.07
182,2021-03-11,BAS,1783,919,864,163,63,99,77,905,253,223,824,959,ITF,ITF5,17,Basilicata,Basilicata,559084,12848,2.3,0.32
183,2021-01-11,BAS,183,66,117,107,15,20,41,0,0,0,183,0,ITF,ITF5,17,Basilicata,Basilicata,559084,13031,2.33,0.03
184,2021-01-28,BAS,903,401,502,717,24,80,81,1,0,0,119,784,ITF,ITF5,17,Basilicata,Basilicata,559084,13934,2.49,0.16
185,2021-02-16,BAS,905,377,528,250,90,5,67,492,1,0,807,98,ITF,ITF5,17,Basilicata,Basilicata,559084,14839,2.65,0.16
186,2021-02-27,BAS,1986,856,1130,103,123,61,21,1678,0,0,1822,164,ITF,ITF5,17,Basilicata,Basilicata,559084,16825,3.01,0.36
187,2021-01-06,BAS,294,129,165,229,9,20,36,0,0,0,294,0,ITF,ITF5,17,Basilicata,Basilicata,559084,17119,3.06,0.05
188,2021-03-01,BAS,540,279,261,121,50,79,4,169,67,50,376,164,ITF,ITF5,17,Basilicata,Basilicata,559084,17659,3.16,0.1
189,2021-02-17,BAS,1135,493,642,123,42,27,57,884,1,1,1059,76,ITF,ITF5,17,Basilicata,Basilicata,559084,18794,3.36,0.2
190,2021-02-04,BAS,1092,440,652,636,106,69,281,0,0,0,63,1029,ITF,ITF5,17,Basilicata,Basilicata,559084,19886,3.56,0.2
191,2021-02-15,BAS,621,232,389,191,93,44,46,246,1,0,580,41,ITF,ITF5,17,Basilicata,Basilicata,559084,20507,3.67,0.11
192,2021-03-04,BAS,1872,889,983,217,107,136,66,842,263,241,1079,793,ITF,ITF5,17,Basilicata,Basilicata,559084,22379,4.0,0.33
193,2021-02-14,BAS,151,48,103,55,12,1,65,18,0,0,151,0,ITF,ITF5,17,Basilicata,Basilicata,559084,22530,4.03,0.03
194,2021-01-08,BAS,554,219,335,383,30,82,59,0,0,0,554,0,ITF,ITF5,17,Basilicata,Basilicata,559084,23084,4.13,0.1
195,2021-02-20,BAS,1160,530,630,77,170,31,80,802,0,0,1043,117,ITF,ITF5,17,Basilicata,Basilicata,559084,24244,4.34,0.21
196,2021-03-02,BAS,791,381,410,110,23,55,5,184,201,213,656,135,ITF,ITF5,17,Basilicata,Basilicata,559084,25035,4.48,0.14
197,2021-02-11,BAS,951,401,550,200,95,74,107,471,4,0,868,83,ITF,ITF5,17,Basilicata,Basilicata,559084,25986,4.65,0.17
198,2021-01-23,BAS,707,299,408,592,38,76,1,0,0,0,33,674,ITF,ITF5,17,Basilicata,Basilicata,559084,26693,4.77,0.13
199,2021-02-07,BAS,373,159,214,259,25,49,40,0,0,0,49,324,ITF,ITF5,17,Basilicata,Basilicata,559084,27066,4.84,0.07
200,2021-03-20,BAS,1286,566,720,45,68,47,0,943,5,178,275,1011,ITF,ITF5,17,Basilicata,Basilicata,559084,28352,5.07,0.23
201,2021-01-02,BAS,949,380,569,855,39,52,0,0,0,3,949,0,ITF,ITF5,17,Basilicata,Basilicata,559084,29301,5.24,0.17
202,2021-03-09,BAS,1391,706,685,222,47,48,33,545,258,238,787,604,ITF,ITF5,17,Basilicata,Basilicata,559084,30692,5.49,0.25
203,2021-03-23,BAS,616,235,381,37,0,13,0,518,5,43,611,5,ITF,ITF5,17,Basilicata,Basilicata,559084,31308,5.6,0.11
204,2021-01-20,BAS,84,22,62,0,0,84,0,0,0,0,84,0,ITF,ITF5,17,Basilicata,Basilicata,559084,31392,5.61,0.02
205,2021-01-21,BAS,30,10,20,0,0,30,0,0,0,0,30,0,ITF,ITF5,17,Basilicata,Basilicata,559084,31422,5.62,0.01
206,2021-03-21,BAS,1045,480,565,32,0,51,0,803,0,159,352,693,ITF,ITF5,17,Basilicata,Basilicata,559084,32467,5.81,0.19
207,2021-03-05,BAS,1849,855,994,298,123,104,72,689,254,309,1104,745,ITF,ITF5,17,Basilicata,Basilicata,559084,34316,6.14,0.33
208,2021-02-18,BAS,1070,401,669,270,55,19,150,576,0,0,855,215,ITF,ITF5,17,Basilicata,Basilicata,559084,35386,6.33,0.19
209,2021-03-13,BAS,1794,888,906,82,292,66,46,864,231,213,749,1045,ITF,ITF5,17,Basilicata,Basilicata,559084,37180,6.65,0.32
210,2021-02-09,BAS,491,213,278,200,225,12,54,0,0,0,316,175,ITF,ITF5,17,Basilicata,Basilicata,559084,37671,6.74,0.09
211,2021-03-16,BAS,1899,799,1100,103,27,31,0,1671,5,62,228,1671,ITF,ITF5,17,Basilicata,Basilicata,559084,39570,7.08,0.34
212,2021-01-09,BAS,557,160,397,386,52,51,67,0,0,1,557,0,ITF,ITF5,17,Basilicata,Basilicata,559084,40127,7.18,0.1
213,2021-02-19,BAS,1622,737,885,219,356,19,66,962,0,0,1560,62,ITF,ITF5,17,Basilicata,Basilicata,559084,41749,7.47,0.29
214,2021-01-12,BAS,217,88,129,87,22,9,99,0,0,0,217,0,ITF,ITF5,17,Basilicata,Basilicata,559084,41966,7.51,0.04
215,2021-03-10,BAS,1650,814,836,101,46,64,33,877,256,273,811,839,ITF,ITF5,17,Basilicata,Basilicata,559084,43616,7.8,0.3
216,2021-01-17,BAS,328,133,195,233,11,30,54,0,0,0,327,1,ITF,ITF5,17,Basilicata,Basilicata,559084,43944,7.86,0.06
217,2021-03-19,BAS,2284,988,1296,58,75,37,0,1950,22,142,261,2023,ITF,ITF5,17,Basilicata,Basilicata,559084,46228,8.27,0.41
218,2021-03-15,BAS,2347,981,1366,78,26,20,0,1934,23,266,520,1827,ITF,ITF5,17,Basilicata,Basilicata,559084,48575,8.69,0.42
219,2021-03-14,BAS,1008,477,531,41,110,13,8,516,71,249,539,469,ITF,ITF5,17,Basilicata,Basilicata,559084,49583,8.87,0.18
220,2021-02-12,BAS,775,332,443,288,138,63,90,190,6,0,744,31,ITF,ITF5,17,Basilicata,Basilicata,559084,50358,9.01,0.14
221,2021-01-26,BAS,793,350,443,622,70,66,35,0,0,0,101,692,ITF,ITF5,17,Basilicata,Basilicata,559084,51151,9.15,0.14
222,2021-03-08,BAS,1450,707,743,221,126,126,38,410,256,273,840,610,ITF,ITF5,17,Basilicata,Basilicata,559084,52601,9.41,0.26
223,2021-01-04,BAS,607,271,336,550,45,10,0,0,0,2,607,0,ITF,ITF5,17,Basilicata,Basilicata,559084,53208,9.52,0.11
224,2021-02-01,BAS,242,91,151,156,24,14,48,0,0,0,46,196,ITF,ITF5,17,Basilicata,Basilicata,559084,53450,9.56,0.04
225,2021-03-12,BAS,1896,975,921,266,61,48,37,985,241,258,798,1098,ITF,ITF5,17,Basilicata,Basilicata,559084,55346,9.9,0.34
226,2021-01-19,BAS,199,84,115,78,48,29,44,0,0,0,199,0,ITF,ITF5,17,Basilicata,Basilicata,559084,55545,9.94,0.04
227,2021-02-02,BAS,365,141,224,212,15,36,102,0,0,0,175,190,ITF,ITF5,17,Basilicata,Basilicata,559084,55910,10.0,0.07
228,2021-02-06,BAS,902,367,535,546,115,72,168,0,0,1,146,756,ITF,ITF5,17,Basilicata,Basilicata,559084,56812,10.16,0.16
229,2021-02-13,BAS,799,313,486,279,125,79,115,199,2,0,738,61,ITF,ITF5,17,Basilicata,Basilicata,559084,57611,10.3,0.14
230,2021-02-10,BAS,547,237,310,176,95,58,127,90,0,1,495,52,ITF,ITF5,17,Basilicata,Basilicata,559084,58158,10.4,0.1
231,2021-01-31,BAS,77,24,53,75,2,0,0,0,0,0,0,77,ITF,ITF5,17,Basilicata,Basilicata,559084,58235,10.42,0.01
232,2021-01-24,BAS,834,299,535,706,46,81,1,0,0,0,58,776,ITF,ITF5,17,Basilicata,Basilicata,559084,59069,10.57,0.15
233,2021-03-24,BAS,235,99,136,9,0,3,0,182,0,41,111,124,ITF,ITF5,17,Basilicata,Basilicata,559084,59304,10.61,0.04
234,2021-02-21,BAS,284,113,171,16,1,1,11,254,0,1,284,0,ITF,ITF5,17,Basilicata,Basilicata,559084,59588,10.66,0.05
235,2021-02-28,BAS,802,342,460,32,0,30,0,740,0,0,774,28,ITF,ITF5,17,Basilicata,Basilicata,559084,60390,10.8,0.14
236,2021-02-25,BAS,1787,736,1051,67,2,12,0,1705,1,0,1741,46,ITF,ITF5,17,Basilicata,Basilicata,559084,62177,11.12,0.32
237,2021-03-18,BAS,1346,561,785,30,0,10,0,1306,0,0,22,1324,ITF,ITF5,17,Basilicata,Basilicata,559084,63523,11.36,0.24
238,2021-02-08,BAS,557,193,364,436,49,23,49,0,0,0,151,406,ITF,ITF5,17,Basilicata,Basilicata,559084,64080,11.46,0.1
239,2021-02-22,BAS,1790,773,1017,125,18,68,2,1577,0,0,1737,53,ITF,ITF5,17,Basilicata,Basilicata,559084,65870,11.78,0.32
240,2021-01-16,BAS,721,304,417,466,17,75,161,0,0,2,721,0,ITF,ITF5,17,Basilicata,Basilicata,559084,66591,11.91,0.13
241,2021-03-06,BAS,1350,534,816,296,118,52,57,383,185,259,756,594,ITF,ITF5,17,Basilicata,Basilicata,559084,67941,12.15,0.24
242,2021-03-03,BAS,1740,813,927,191,252,161,99,590,203,244,1184,556,ITF,ITF5,17,Basilicata,Basilicata,559084,69681,12.46,0.31
243,2021-01-22,BAS,67,24,43,6,0,60,0,1,0,0,67,0,ITF,ITF5,17,Basilicata,Basilicata,559084,69748,12.48,0.01
244,2021-02-26,BAS,2148,904,1244,88,93,12,1,1954,0,0,2069,79,ITF,ITF5,17,Basilicata,Basilicata,559084,71896,12.86,0.38
245,2021-01-25,BAS,1020,427,593,828,80,111,1,0,0,0,74,946,ITF,ITF5,17,Basilicata,Basilicata,559084,72916,13.04,0.18
246,2021-01-07,BAS,640,319,321,556,8,47,29,0,0,0,640,0,ITF,ITF5,17,Basilicata,Basilicata,559084,73556,13.16,0.11
247,2021-02-23,BAS,1901,771,1130,159,24,25,35,1658,0,0,1763,138,ITF,ITF5,17,Basilicata,Basilicata,559084,75457,13.5,0.34
248,2020-12-27,BAS,106,41,65,104,0,2,0,0,0,0,106,0,ITF,ITF5,17,Basilicata,Basilicata,559084,75563,13.52,0.02
249,2021-03-22,BAS,1172,529,643,46,49,38,0,638,16,385,626,546,ITF,ITF5,17,Basilicata,Basilicata,559084,76735,13.73,0.21
250,2021-01-10,BAS,77,24,53,9,2,66,0,0,0,0,77,0,ITF,ITF5,17,Basilicata,Basilicata,559084,76812,13.74,0.01
251,2021-03-17,BAS,1448,606,842,22,11,18,0,1390,5,2,27,1421,ITF,ITF5,17,Basilicata,Basilicata,559084,78260,14.0,0.26
252,2021-01-12,LIG,2393,862,1531,1726,174,95,396,0,0,2,2393,0,ITC,ITC3,7,Liguria,Liguria,1550640,2393,0.15,0.15
253,2021-02-08,LIG,1858,716,1142,1224,200,185,242,0,0,7,306,1552,ITC,ITC3,7,Liguria,Liguria,1550640,4251,0.27,0.12
254,2021-02-13,LIG,1079,508,571,543,77,58,147,254,0,0,800,279,ITC,ITC3,7,Liguria,Liguria,1550640,5330,0.34,0.07
255,2021-03-10,LIG,5702,2757,2945,814,92,695,85,3610,405,1,3805,1897,ITC,ITC3,7,Liguria,Liguria,1550640,11032,0.71,0.37
256,2021-03-08,LIG,5578,2439,3139,1121,172,354,80,3538,306,7,3894,1684,ITC,ITC3,7,Liguria,Liguria,1550640,16610,1.07,0.36
257,2021-03-19,LIG,5050,2190,2860,667,135,431,57,3656,21,83,2058,2992,ITC,ITC3,7,Liguria,Liguria,1550640,21660,1.4,0.33
258,2021-02-01,LIG,2442,904,1538,1914,158,54,315,0,0,1,76,2366,ITC,ITC3,7,Liguria,Liguria,1550640,24102,1.55,0.16
259,2020-12-29,LIG,125,33,92,93,11,0,21,0,0,0,125,0,ITC,ITC3,7,Liguria,Liguria,1550640,24227,1.56,0.01
260,2021-03-12,LIG,5991,2763,3228,1193,209,711,77,3360,437,4,3551,2440,ITC,ITC3,7,Liguria,Liguria,1550640,30218,1.95,0.39
261,2021-01-21,LIG,1102,385,717,584,69,116,332,1,0,0,672,430,ITC,ITC3,7,Liguria,Liguria,1550640,31320,2.02,0.07
262,2021-02-20,LIG,1334,636,698,159,28,436,122,589,0,0,1333,1,ITC,ITC3,7,Liguria,Liguria,1550640,32654,2.11,0.09
263,2021-01-05,LIG,2878,896,1982,2307,107,196,261,0,0,7,2878,0,ITC,ITC3,7,Liguria,Liguria,1550640,35532,2.29,0.19
264,2021-01-15,LIG,2245,751,1494,1323,271,137,512,0,0,2,2245,0,ITC,ITC3,7,Liguria,Liguria,1550640,37777,2.44,0.14
265,2021-01-13,LIG,2753,1012,1741,1912,226,124,487,0,0,4,2753,0,ITC,ITC3,7,Liguria,Liguria,1550640,40530,2.61,0.18
266,2021-01-30,LIG,1661,567,1094,1261,88,53,257,0,0,2,25,1636,ITC,ITC3,7,Liguria,Liguria,1550640,42191,2.72,0.11
267,2021-02-06,LIG,1891,767,1124,1309,161,45,375,0,0,1,145,1746,ITC,ITC3,7,Liguria,Liguria,1550640,44082,2.84,0.12
268,2021-01-14,LIG,2977,1053,1924,1868,335,220,553,0,0,1,2977,0,ITC,ITC3,7,Liguria,Liguria,1550640,47059,3.03,0.19
269,2021-03-02,LIG,4071,1687,2384,726,60,125,76,3079,1,4,3761,310,ITC,ITC3,7,Liguria,Liguria,1550640,51130,3.3,0.26
270,2021-03-01,LIG,3497,1424,2073,528,62,57,105,2744,0,1,3375,122,ITC,ITC3,7,Liguria,Liguria,1550640,54627,3.52,0.23
271,2021-02-24,LIG,3735,1548,2187,796,82,183,150,2523,0,1,3477,258,ITC,ITC3,7,Liguria,Liguria,1550640,58362,3.76,0.24
272,2021-02-23,LIG,3802,1560,2242,685,79,192,116,2727,2,1,3693,109,ITC,ITC3,7,Liguria,Liguria,1550640,62164,4.01,0.25
273,2021-02-17,LIG,2623,1165,1458,883,131,231,262,1115,0,1,2260,363,ITC,ITC3,7,Liguria,Liguria,1550640,64787,4.18,0.17
274,2021-03-06,LIG,3243,1818,1425,373,12,776,120,1490,472,0,2538,705,ITC,ITC3,7,Liguria,Liguria,1550640,68030,4.39,0.21
275,2021-01-25,LIG,2717,888,1829,2208,128,62,317,0,0,2,471,2246,ITC,ITC3,7,Liguria,Liguria,1550640,70747,4.56,0.18
276,2021-01-16,LIG,1278,557,721,753,62,163,299,0,0,1,1278,0,ITC,ITC3,7,Liguria,Liguria,1550640,72025,4.64,0.08
277,2021-02-11,LIG,1953,758,1195,1234,125,133,455,0,0,6,1091,862,ITC,ITC3,7,Liguria,Liguria,1550640,73978,4.77,0.13
278,2021-01-01,LIG,144,55,89,139,4,1,0,0,0,0,144,0,ITC,ITC3,7,Liguria,Liguria,1550640,74122,4.78,0.01
279,2021-03-13,LIG,3522,1493,2029,329,76,634,71,1502,120,790,2669,853,ITC,ITC3,7,Liguria,Liguria,1550640,77644,5.01,0.23
280,2021-01-31,LIG,624,270,354,418,67,4,135,0,0,0,9,615,ITC,ITC3,7,Liguria,Liguria,1550640,78268,5.05,0.04
281,2021-02-10,LIG,2275,827,1448,1350,233,186,496,5,0,5,1014,1261,ITC,ITC3,7,Liguria,Liguria,1550640,80543,5.19,0.15
282,2021-01-19,LIG,1356,429,927,709,130,186,328,0,0,3,1266,90,ITC,ITC3,7,Liguria,Liguria,1550640,81899,5.28,0.09
283,2021-01-03,LIG,734,230,504,658,23,52,0,0,0,1,734,0,ITC,ITC3,7,Liguria,Liguria,1550640,82633,5.33,0.05
284,2021-02-03,LIG,2242,771,1471,1602,197,60,382,0,0,1,54,2188,ITC,ITC3,7,Liguria,Liguria,1550640,84875,5.47,0.14
285,2021-02-16,LIG,2391,948,1443,982,199,211,283,714,0,2,1998,393,ITC,ITC3,7,Liguria,Liguria,1550640,87266,5.63,0.15
286,2021-03-03,LIG,4521,1811,2710,1029,116,125,288,2955,3,5,3528,993,ITC,ITC3,7,Liguria,Liguria,1550640,91787,5.92,0.29
287,2021-03-04,LIG,4718,2112,2606,919,106,211,277,2919,282,4,3888,830,ITC,ITC3,7,Liguria,Liguria,1550640,96505,6.22,0.3
288,2021-02-12,LIG,1909,683,1226,864,119,104,391,430,0,1,948,961,ITC,ITC3,7,Liguria,Liguria,1550640,98414,6.35,0.12
289,2021-02-26,LIG,3759,1519,2240,780,128,96,168,2585,0,2,3431,328,ITC,ITC3,7,Liguria,Liguria,1550640,102173,6.59,0.24
290,2021-03-20,LIG,2304,991,1313,224,44,184,0,1843,9,0,1131,1173,ITC,ITC3,7,Liguria,Liguria,1550640,104477,6.74,0.15
291,2021-02-07,LIG,407,153,254,191,12,17,187,0,0,0,2,405,ITC,ITC3,7,Liguria,Liguria,1550640,104884,6.76,0.03
292,2021-01-07,LIG,3166,1076,2090,2313,145,275,428,0,1,4,3166,0,ITC,ITC3,7,Liguria,Liguria,1550640,108050,6.97,0.2
293,2021-01-08,LIG,2926,999,1927,2084,167,239,431,0,1,4,2926,0,ITC,ITC3,7,Liguria,Liguria,1550640,110976,7.16,0.19
294,2021-01-18,LIG,2125,740,1385,1247,182,248,438,0,0,10,1968,157,ITC,ITC3,7,Liguria,Liguria,1550640,113101,7.29,0.14
295,2021-02-22,LIG,3317,1454,1863,707,99,113,229,2167,0,2,3179,138,ITC,ITC3,7,Liguria,Liguria,1550640,116418,7.51,0.21
296,2021-03-16,LIG,6009,2685,3324,925,105,408,317,4246,3,5,2307,3702,ITC,ITC3,7,Liguria,Liguria,1550640,122427,7.9,0.39
297,2021-01-28,LIG,2840,968,1872,2237,183,105,309,0,1,5,39,2801,ITC,ITC3,7,Liguria,Liguria,1550640,125267,8.08,0.18
298,2021-01-09,LIG,1335,481,854,998,73,74,188,0,0,2,1335,0,ITC,ITC3,7,Liguria,Liguria,1550640,126602,8.16,0.09
299,2021-03-22,LIG,7193,3211,3982,556,102,1548,38,3821,280,848,4416,2777,ITC,ITC3,7,Liguria,Liguria,1550640,133795,8.63,0.46
300,2021-03-17,LIG,5498,2350,3148,772,112,286,76,4244,2,6,2444,3054,ITC,ITC3,7,Liguria,Liguria,1550640,139293,8.98,0.35
301,2021-02-09,LIG,1893,680,1213,1080,193,143,455,0,0,22,256,1637,ITC,ITC3,7,Liguria,Liguria,1550640,141186,9.11,0.12
302,2021-03-09,LIG,5783,2689,3094,1027,148,497,131,3447,533,0,4360,1423,ITC,ITC3,7,Liguria,Liguria,1550640,146969,9.48,0.37
303,2021-01-26,LIG,2479,801,1678,1962,151,110,251,0,0,5,70,2409,ITC,ITC3,7,Liguria,Liguria,1550640,149448,9.64,0.16
304,2021-01-27,LIG,1743,603,1140,1336,89,90,227,0,0,1,142,1601,ITC,ITC3,7,Liguria,Liguria,1550640,151191,9.75,0.11
305,2021-02-14,LIG,233,122,111,31,0,30,112,60,0,0,233,0,ITC,ITC3,7,Liguria,Liguria,1550640,151424,9.77,0.02
306,2021-03-14,LIG,1648,747,901,64,36,347,176,567,27,431,1044,604,ITC,ITC3,7,Liguria,Liguria,1550640,153072,9.87,0.11
307,2020-12-31,LIG,988,354,634,750,17,38,155,28,0,0,988,0,ITC,ITC3,7,Liguria,Liguria,1550640,154060,9.94,0.06
308,2021-03-11,LIG,6192,2972,3220,1141,107,513,262,3671,496,2,4190,2002,ITC,ITC3,7,Liguria,Liguria,1550640,160252,10.33,0.4
309,2021-01-04,LIG,2553,839,1714,2172,78,158,142,0,0,3,2553,0,ITC,ITC3,7,Liguria,Liguria,1550640,162805,10.5,0.16
310,2021-03-15,LIG,7107,3032,4075,763,132,1237,10,3781,221,963,4477,2630,ITC,ITC3,7,Liguria,Liguria,1550640,169912,10.96,0.46
311,2021-02-19,LIG,3093,1279,1814,988,123,469,97,1413,0,3,2917,176,ITC,ITC3,7,Liguria,Liguria,1550640,173005,11.16,0.2
312,2021-01-02,LIG,691,245,446,595,54,42,0,0,0,0,691,0,ITC,ITC3,7,Liguria,Liguria,1550640,173696,11.2,0.04
313,2021-01-11,LIG,2652,990,1662,1990,143,202,316,0,0,1,2652,0,ITC,ITC3,7,Liguria,Liguria,1550640,176348,11.37,0.17
314,2021-02-15,LIG,2256,837,1419,1083,185,82,241,662,1,2,1861,395,ITC,ITC3,7,Liguria,Liguria,1550640,178604,11.52,0.15
315,2021-02-04,LIG,2813,984,1829,1865,376,92,471,0,1,8,179,2634,ITC,ITC3,7,Liguria,Liguria,1550640,181417,11.7,0.18
316,2021-01-17,LIG,861,300,561,516,16,66,262,0,0,1,861,0,ITC,ITC3,7,Liguria,Liguria,1550640,182278,11.76,0.06
317,2021-02-28,LIG,1060,581,479,12,1,570,3,474,0,0,1059,1,ITC,ITC3,7,Liguria,Liguria,1550640,183338,11.82,0.07
318,2021-02-27,LIG,1888,921,967,139,13,527,5,1204,0,0,1759,129,ITC,ITC3,7,Liguria,Liguria,1550640,185226,11.95,0.12
319,2021-02-18,LIG,2757,1126,1631,954,119,303,349,1030,0,2,2428,329,ITC,ITC3,7,Liguria,Liguria,1550640,187983,12.12,0.18
320,2021-02-25,LIG,3438,1346,2092,550,91,122,88,2584,2,1,3309,129,ITC,ITC3,7,Liguria,Liguria,1550640,191421,12.34,0.22
321,2020-12-28,LIG,80,30,50,77,0,3,0,0,0,0,80,0,ITC,ITC3,7,Liguria,Liguria,1550640,191501,12.35,0.01
322,2021-03-21,LIG,552,221,331,7,1,19,0,525,0,0,69,483,ITC,ITC3,7,Liguria,Liguria,1550640,192053,12.39,0.04
323,2021-01-29,LIG,3040,1057,1983,2298,194,117,429,0,0,2,66,2974,ITC,ITC3,7,Liguria,Liguria,1550640,195093,12.58,0.2
324,2021-01-22,LIG,1812,602,1210,1063,143,41,565,0,0,0,1327,485,ITC,ITC3,7,Liguria,Liguria,1550640,196905,12.7,0.12
325,2021-03-23,LIG,8560,3884,4676,631,79,2162,50,3910,454,1274,5361,3199,ITC,ITC3,7,Liguria,Liguria,1550640,205465,13.25,0.55
326,2021-03-24,LIG,1621,749,872,83,20,291,0,908,95,224,872,749,ITC,ITC3,7,Liguria,Liguria,1550640,207086,13.35,0.1
327,2021-03-07,LIG,1858,1085,773,184,8,516,258,508,383,1,1557,301,ITC,ITC3,7,Liguria,Liguria,1550640,208944,13.47,0.12
328,2021-01-24,LIG,755,236,519,632,60,3,60,0,0,0,113,642,ITC,ITC3,7,Liguria,Liguria,1550640,209699,13.52,0.05
329,2020-12-27,LIG,135,56,79,88,0,2,45,0,0,0,135,0,ITC,ITC3,7,Liguria,Liguria,1550640,209834,13.53,0.01
330,2021-01-23,LIG,809,295,514,633,94,38,43,0,0,1,153,656,ITC,ITC3,7,Liguria,Liguria,1550640,210643,13.58,0.05
331,2020-12-30,LIG,12,5,7,12,0,0,0,0,0,0,12,0,ITC,ITC3,7,Liguria,Liguria,1550640,210655,13.59,0.0
332,2021-01-20,LIG,1492,540,952,724,120,219,427,0,0,2,1480,12,ITC,ITC3,7,Liguria,Liguria,1550640,212147,13.68,0.1
333,2021-02-02,LIG,2598,979,1619,1947,195,33,421,0,0,2,198,2400,ITC,ITC3,7,Liguria,Liguria,1550640,214745,13.85,0.17
334,2021-01-06,LIG,1660,616,1044,1230,40,210,113,64,0,3,1660,0,ITC,ITC3,7,Liguria,Liguria,1550640,216405,13.96,0.11
335,2021-01-10,LIG,648,262,386,369,84,19,176,0,0,0,648,0,ITC,ITC3,7,Liguria,Liguria,1550640,217053,14.0,0.04
336,2021-02-05,LIG,2628,975,1653,1728,357,75,464,0,0,4,301,2327,ITC,ITC3,7,Liguria,Liguria,1550640,219681,14.17,0.17
337,2021-03-18,LIG,4960,2118,2842,622,59,492,93,3683,6,5,2016,2944,ITC,ITC3,7,Liguria,Liguria,1550640,224641,14.49,0.32
338,2021-03-05,LIG,4853,2143,2710,800,66,259,81,3330,312,5,3729,1124,ITC,ITC3,7,Liguria,Liguria,1550640,229494,14.8,0.31
339,2021-02-21,LIG,869,491,378,183,21,296,102,267,0,0,865,4,ITC,ITC3,7,Liguria,Liguria,1550640,230363,14.86,0.06
340,2021-01-29,SIC,9360,4321,5039,7151,174,1730,305,0,0,0,432,8928,ITG,ITG1,19,Sicilia,Sicilia,4999891,9360,0.19,0.19
341,2021-01-22,SIC,1235,625,610,1035,13,69,118,0,0,0,242,993,ITG,ITG1,19,Sicilia,Sicilia,4999891,10595,0.21,0.02
342,2021-03-18,SIC,15578,7762,7816,1284,80,8163,598,5355,61,37,9867,5711,ITG,ITG1,19,Sicilia,Sicilia,4999891,26173,0.52,0.31
343,2021-02-12,SIC,4745,1852,2893,2300,260,1542,643,0,0,0,4414,331,ITG,ITG1,19,Sicilia,Sicilia,4999891,30918,0.62,0.09
344,2021-01-27,SIC,7531,3835,3696,6329,66,984,152,0,0,0,189,7342,ITG,ITG1,19,Sicilia,Sicilia,4999891,38449,0.77,0.15
345,2021-02-08,SIC,4086,1759,2327,2346,188,1155,397,0,0,0,2128,1958,ITG,ITG1,19,Sicilia,Sicilia,4999891,42535,0.85,0.08
346,2021-01-07,SIC,9173,4239,4934,7694,70,1199,210,0,0,0,9173,0,ITG,ITG1,19,Sicilia,Sicilia,4999891,51708,1.03,0.18
347,2021-03-08,SIC,13498,5780,7718,2011,113,1992,626,3835,920,4001,10685,2813,ITG,ITG1,19,Sicilia,Sicilia,4999891,65206,1.3,0.27
348,2021-01-30,SIC,7837,3569,4268,5450,253,1659,475,0,0,0,175,7662,ITG,ITG1,19,Sicilia,Sicilia,4999891,73043,1.46,0.16
349,2021-01-14,SIC,5250,2514,2736,3046,91,1854,259,0,0,0,5250,0,ITG,ITG1,19,Sicilia,Sicilia,4999891,78293,1.57,0.11
350,2021-03-21,SIC,15192,7319,7873,489,10,9087,57,4502,92,955,11218,3974,ITG,ITG1,19,Sicilia,Sicilia,4999891,93485,1.87,0.3
351,2021-01-24,SIC,4335,2262,2073,3990,31,311,3,0,0,0,148,4187,ITG,ITG1,19,Sicilia,Sicilia,4999891,97820,1.96,0.09
352,2021-01-01,SIC,815,437,378,740,0,75,0,0,0,0,815,0,ITG,ITG1,19,Sicilia,Sicilia,4999891,98635,1.97,0.02
353,2021-03-12,SIC,13114,5615,7499,1386,110,4408,695,3764,344,2407,10891,2223,ITG,ITG1,19,Sicilia,Sicilia,4999891,111749,2.24,0.26
354,2021-02-27,SIC,12449,5570,6879,1515,72,2351,277,3843,1021,3370,11238,1211,ITG,ITG1,19,Sicilia,Sicilia,4999891,124198,2.48,0.25
355,2021-02-15,SIC,3951,1862,2089,1700,108,1237,563,10,307,26,3382,569,ITG,ITG1,19,Sicilia,Sicilia,4999891,128149,2.56,0.08
356,2021-02-19,SIC,5159,2757,2402,1486,183,1181,600,74,1396,239,4588,571,ITG,ITG1,19,Sicilia,Sicilia,4999891,133308,2.67,0.1
357,2021-02-24,SIC,9600,4869,4731,1423,80,1173,499,4028,1474,923,9004,596,ITG,ITG1,19,Sicilia,Sicilia,4999891,142908,2.86,0.19
358,2021-02-13,SIC,3107,1168,1939,1296,160,1081,570,0,0,0,2850,257,ITG,ITG1,19,Sicilia,Sicilia,4999891,146015,2.92,0.06
359,2021-03-09,SIC,13041,5480,7561,1593,132,2159,584,3943,939,3691,10668,2373,ITG,ITG1,19,Sicilia,Sicilia,4999891,159056,3.18,0.26
360,2021-01-25,SIC,7512,3697,3815,6634,14,794,70,0,0,0,322,7190,ITG,ITG1,19,Sicilia,Sicilia,4999891,166568,3.33,0.15
361,2021-03-20,SIC,18897,9073,9824,836,43,10833,413,5474,79,1219,13508,5389,ITG,ITG1,19,Sicilia,Sicilia,4999891,185465,3.71,0.38
362,2021-03-15,SIC,10740,4708,6032,1238,48,2589,665,4830,216,1154,5669,5071,ITG,ITG1,19,Sicilia,Sicilia,4999891,196205,3.92,0.21
363,2021-02-07,SIC,2348,996,1352,1610,109,472,157,0,0,0,675,1673,ITG,ITG1,19,Sicilia,Sicilia,4999891,198553,3.97,0.05
364,2021-03-02,SIC,14954,6387,8567,2383,98,1831,500,4470,1338,4334,12129,2825,ITG,ITG1,19,Sicilia,Sicilia,4999891,213507,4.27,0.3
365,2021-02-28,SIC,7180,3072,4108,871,33,1279,93,3291,254,1359,6550,630,ITG,ITG1,19,Sicilia,Sicilia,4999891,220687,4.41,0.14
366,2021-02-11,SIC,5332,2103,3229,2458,307,1677,890,0,0,0,4868,464,ITG,ITG1,19,Sicilia,Sicilia,4999891,226019,4.52,0.11
367,2021-03-13,SIC,12435,5477,6958,1173,87,4170,493,4615,133,1764,7829,4606,ITG,ITG1,19,Sicilia,Sicilia,4999891,238454,4.77,0.25
368,2021-01-13,SIC,5204,2462,2742,3033,169,1561,441,0,0,0,5204,0,ITG,ITG1,19,Sicilia,Sicilia,4999891,243658,4.87,0.1
369,2021-03-04,SIC,15195,6549,8646,2811,186,2620,698,3927,1124,3829,10992,4203,ITG,ITG1,19,Sicilia,Sicilia,4999891,258853,5.18,0.3
370,2021-03-05,SIC,15894,6851,9043,3190,153,2334,712,3998,1423,4084,11569,4325,ITG,ITG1,19,Sicilia,Sicilia,4999891,274747,5.5,0.32
371,2021-02-23,SIC,8946,4687,4259,1266,103,1133,502,3996,1367,579,8456,490,ITG,ITG1,19,Sicilia,Sicilia,4999891,283693,5.67,0.18
372,2021-02-16,SIC,4413,2299,2114,1464,207,1080,779,25,857,1,3946,467,ITG,ITG1,19,Sicilia,Sicilia,4999891,288106,5.76,0.09
373,2021-01-09,SIC,7325,3424,3901,5034,146,1689,456,0,0,0,7325,0,ITG,ITG1,19,Sicilia,Sicilia,4999891,295431,5.91,0.15
374,2021-03-14,SIC,8818,3944,4874,569,42,3037,176,4280,36,678,4961,3857,ITG,ITG1,19,Sicilia,Sicilia,4999891,304249,6.09,0.18
375,2021-02-18,SIC,5494,3174,2320,1635,165,1079,813,9,1697,96,5063,431,ITG,ITG1,19,Sicilia,Sicilia,4999891,309743,6.19,0.11
376,2021-01-18,SIC,1548,646,902,721,68,551,208,0,0,0,1432,116,ITG,ITG1,19,Sicilia,Sicilia,4999891,311291,6.23,0.03
377,2021-02-21,SIC,5176,2507,2669,378,30,621,174,3682,138,153,5068,108,ITG,ITG1,19,Sicilia,Sicilia,4999891,316467,6.33,0.1
378,2021-01-28,SIC,9328,4399,4929,7464,221,1348,295,0,0,0,414,8914,ITG,ITG1,19,Sicilia,Sicilia,4999891,325795,6.52,0.19
379,2021-03-16,SIC,10168,4462,5706,1662,105,1628,810,5677,68,218,4016,6152,ITG,ITG1,19,Sicilia,Sicilia,4999891,335963,6.72,0.2
380,2021-01-20,SIC,808,410,398,422,51,143,192,0,0,0,573,235,ITG,ITG1,19,Sicilia,Sicilia,4999891,336771,6.74,0.02
381,2021-02-04,SIC,6877,3159,3718,4417,172,1748,540,0,0,0,1460,5417,ITG,ITG1,19,Sicilia,Sicilia,4999891,343648,6.87,0.14
382,2021-01-16,SIC,2776,1195,1581,1329,165,984,298,0,0,0,2776,0,ITG,ITG1,19,Sicilia,Sicilia,4999891,346424,6.93,0.06
383,2021-01-23,SIC,4149,2147,2002,3912,33,188,16,0,0,0,225,3924,ITG,ITG1,19,Sicilia,Sicilia,4999891,350573,7.01,0.08
384,2021-03-19,SIC,16484,8112,8372,1261,101,8712,561,5351,42,456,10757,5727,ITG,ITG1,19,Sicilia,Sicilia,4999891,367057,7.34,0.33
385,2021-01-03,SIC,4693,2454,2239,4361,0,332,0,0,0,0,4693,0,ITG,ITG1,19,Sicilia,Sicilia,4999891,371750,7.44,0.09
386,2021-02-17,SIC,5431,3293,2138,1530,118,1008,880,8,1885,2,4757,674,ITG,ITG1,19,Sicilia,Sicilia,4999891,377181,7.54,0.11
387,2021-01-10,SIC,3618,1615,2003,2126,125,903,464,0,0,0,3618,0,ITG,ITG1,19,Sicilia,Sicilia,4999891,380799,7.62,0.07
388,2021-03-11,SIC,15443,6504,8939,1610,127,5064,906,3931,481,3324,12870,2573,ITG,ITG1,19,Sicilia,Sicilia,4999891,396242,7.93,0.31
389,2021-02-02,SIC,5539,2622,2917,3154,221,1735,429,0,0,0,633,4906,ITG,ITG1,19,Sicilia,Sicilia,4999891,401781,8.04,0.11
390,2021-02-25,SIC,10155,5276,4879,1770,49,1653,507,3980,1525,671,8975,1180,ITG,ITG1,19,Sicilia,Sicilia,4999891,411936,8.24,0.2
391,2021-03-03,SIC,14693,6539,8154,2408,130,2196,507,4292,1330,3830,11608,3085,ITG,ITG1,19,Sicilia,Sicilia,4999891,426629,8.53,0.29
392,2021-01-06,SIC,6471,3402,3069,5717,24,728,2,0,0,0,6471,0,ITG,ITG1,19,Sicilia,Sicilia,4999891,433100,8.66,0.13
393,2021-03-01,SIC,12978,6129,6849,1557,75,1735,392,4302,1764,3153,11319,1659,ITG,ITG1,19,Sicilia,Sicilia,4999891,446078,8.92,0.26
394,2021-01-12,SIC,4542,2234,2308,2863,128,1356,195,0,0,0,4542,0,ITG,ITG1,19,Sicilia,Sicilia,4999891,450620,9.01,0.09
395,2021-01-05,SIC,10527,5159,5368,9074,122,1124,207,0,0,0,10527,0,ITG,ITG1,19,Sicilia,Sicilia,4999891,461147,9.22,0.21
396,2021-02-03,SIC,6102,2857,3245,3358,151,1969,624,0,0,0,756,5346,ITG,ITG1,19,Sicilia,Sicilia,4999891,467249,9.35,0.12
397,2021-01-26,SIC,9515,4679,4836,8379,72,810,254,0,0,0,265,9250,ITG,ITG1,19,Sicilia,Sicilia,4999891,476764,9.54,0.19
398,2021-02-06,SIC,5066,2225,2841,2535,251,1688,592,0,0,0,1488,3578,ITG,ITG1,19,Sicilia,Sicilia,4999891,481830,9.64,0.1
399,2021-03-23,SIC,20938,10038,10900,873,41,11882,365,5824,306,1647,15333,5605,ITG,ITG1,19,Sicilia,Sicilia,4999891,502768,10.06,0.42
400,2021-01-31,SIC,4111,1958,2153,2600,117,1099,295,0,0,0,113,3998,ITG,ITG1,19,Sicilia,Sicilia,4999891,506879,10.14,0.08
401,2021-02-10,SIC,4433,1819,2614,1975,221,1496,741,0,0,0,4008,425,ITG,ITG1,19,Sicilia,Sicilia,4999891,511312,10.23,0.09
402,2021-01-11,SIC,5903,2590,3313,3923,194,1404,382,0,0,0,5903,0,ITG,ITG1,19,Sicilia,Sicilia,4999891,517215,10.34,0.12
403,2021-03-24,SIC,7572,3624,3948,350,5,3979,232,2618,35,353,4920,2652,ITG,ITG1,19,Sicilia,Sicilia,4999891,524787,10.5,0.15
404,2021-02-01,SIC,6077,2684,3393,4168,214,1377,318,0,0,0,304,5773,ITG,ITG1,19,Sicilia,Sicilia,4999891,530864,10.62,0.12
405,2021-01-04,SIC,8373,4172,4201,7595,20,752,6,0,0,0,8373,0,ITG,ITG1,19,Sicilia,Sicilia,4999891,539237,10.78,0.17
406,2020-12-31,SIC,877,469,408,827,0,50,0,0,0,0,877,0,ITG,ITG1,19,Sicilia,Sicilia,4999891,540114,10.8,0.02
407,2021-01-08,SIC,8328,3864,4464,6591,87,1437,213,0,0,0,8328,0,ITG,ITG1,19,Sicilia,Sicilia,4999891,548442,10.97,0.17
408,2021-01-17,SIC,1295,584,711,619,118,398,160,0,0,0,1245,50,ITG,ITG1,19,Sicilia,Sicilia,4999891,549737,10.99,0.03
409,2020-12-29,SIC,235,146,89,235,0,0,0,0,0,0,235,0,ITG,ITG1,19,Sicilia,Sicilia,4999891,549972,11.0,0.0
410,2021-03-06,SIC,12936,5172,7764,2003,127,1873,758,3887,638,3650,10030,2906,ITG,ITG1,19,Sicilia,Sicilia,4999891,562908,11.26,0.26
411,2021-03-22,SIC,16801,7915,8886,912,19,8674,356,5541,71,1228,11258,5543,ITG,ITG1,19,Sicilia,Sicilia,4999891,579709,11.59,0.34
412,2021-01-21,SIC,1328,647,681,1001,86,104,137,0,0,0,499,829,ITG,ITG1,19,Sicilia,Sicilia,4999891,581037,11.62,0.03
413,2021-02-20,SIC,7262,3732,3530,840,76,1256,546,3749,620,175,7011,251,ITG,ITG1,19,Sicilia,Sicilia,4999891,588299,11.77,0.15
414,2021-02-05,SIC,7216,3232,3984,3618,267,2475,856,0,0,0,2132,5084,ITG,ITG1,19,Sicilia,Sicilia,4999891,595515,11.91,0.14
415,2021-02-26,SIC,12246,5977,6269,1836,74,1898,361,3891,1733,2453,10557,1689,ITG,ITG1,19,Sicilia,Sicilia,4999891,607761,12.16,0.24
416,2020-12-30,SIC,173,101,72,156,3,14,0,0,0,0,173,0,ITG,ITG1,19,Sicilia,Sicilia,4999891,607934,12.16,0.0
417,2021-02-09,SIC,4371,1831,2540,2241,155,1335,640,0,0,0,3365,1006,ITG,ITG1,19,Sicilia,Sicilia,4999891,612305,12.25,0.09
418,2021-03-17,SIC,15387,7549,7838,1401,100,7153,664,5720,43,306,9443,5944,ITG,ITG1,19,Sicilia,Sicilia,4999891,627692,12.55,0.31
419,2021-02-22,SIC,8036,4160,3876,1107,34,902,554,4065,1053,321,7544,492,ITG,ITG1,19,Sicilia,Sicilia,4999891,635728,12.71,0.16
420,2021-01-15,SIC,5079,2233,2846,2824,158,1618,479,0,0,0,5079,0,ITG,ITG1,19,Sicilia,Sicilia,4999891,640807,12.82,0.1
421,2021-03-07,SIC,9269,3458,5811,967,62,903,431,3393,216,3297,8185,1084,ITG,ITG1,19,Sicilia,Sicilia,4999891,650076,13.0,0.19
422,2020-12-28,SIC,207,124,83,205,0,2,0,0,0,0,207,0,ITG,ITG1,19,Sicilia,Sicilia,4999891,650283,13.01,0.0
423,2021-01-02,SIC,4872,2533,2339,4311,0,561,0,0,0,0,4872,0,ITG,ITG1,19,Sicilia,Sicilia,4999891,655155,13.1,0.1
424,2021-02-14,SIC,1057,402,655,433,58,330,236,0,0,0,917,140,ITG,ITG1,19,Sicilia,Sicilia,4999891,656212,13.12,0.02
425,2021-03-10,SIC,13837,5878,7959,1479,134,2866,933,4061,646,3718,11447,2390,ITG,ITG1,19,Sicilia,Sicilia,4999891,670049,13.4,0.28
426,2020-12-27,SIC,89,54,35,62,0,2,25,0,0,0,89,0,ITG,ITG1,19,Sicilia,Sicilia,4999891,670138,13.4,0.0
427,2021-01-19,SIC,1271,521,750,521,59,453,238,0,0,0,1093,178,ITG,ITG1,19,Sicilia,Sicilia,4999891,671409,13.43,0.03
428,2021-02-19,PAT,902,347,555,170,37,16,70,580,1,28,845,57,ITH,ITH2,4,Provincia Autonoma Trento,P.A. Trento,541380,902,0.17,0.17
429,2021-01-19,PAT,403,77,326,363,3,1,36,0,0,0,403,0,ITH,ITH2,4,Provincia Autonoma Trento,P.A. Trento,541380,1305,0.24,0.07
430,2021-01-28,PAT,530,147,383,390,29,4,107,0,0,0,48,482,ITH,ITH2,4,Provincia Autonoma Trento,P.A. Trento,541380,1835,0.34,0.1
431,2021-01-05,PAT,707,231,476,494,46,6,161,0,0,0,707,0,ITH,ITH2,4,Provincia Autonoma Trento,P.A. Trento,541380,2542,0.47,0.13
432,2021-03-11,PAT,2230,828,1402,98,49,115,41,1497,59,371,1372,858,ITH,ITH2,4,Provincia Autonoma Trento,P.A. Trento,541380,4772,0.88,0.41
433,2020-12-27,PAT,103,40,63,76,4,2,21,0,0,0,103,0,ITH,ITH2,4,Provincia Autonoma Trento,P.A. Trento,541380,4875,0.9,0.02
434,2021-01-15,PAT,592,130,462,460,18,3,111,0,0,0,592,0,ITH,ITH2,4,Provincia Autonoma Trento,P.A. Trento,541380,5467,1.01,0.11
435,2021-02-03,PAT,845,313,532,354,13,12,73,393,0,0,414,431,ITH,ITH2,4,Provincia Autonoma Trento,P.A. Trento,541380,6312,1.17,0.16
436,2021-03-16,PAT,1361,497,864,221,7,74,36,1020,0,3,587,774,ITH,ITH2,4,Provincia Autonoma Trento,P.A. Trento,541380,7673,1.42,0.25
437,2021-01-03,PAT,483,158,325,409,9,3,62,0,0,0,483,0,ITH,ITH2,4,Provincia Autonoma Trento,P.A. Trento,541380,8156,1.51,0.09
438,2021-02-14,PAT,246,186,60,246,0,0,0,0,0,0,11,235,ITH,ITH2,4,Provincia Autonoma Trento,P.A. Trento,541380,8402,1.55,0.05
439,2021-01-04,PAT,853,223,630,481,41,8,322,1,0,0,853,0,ITH,ITH2,4,Provincia Autonoma Trento,P.A. Trento,541380,9255,1.71,0.16
440,2021-02-25,PAT,1584,620,964,120,9,7,32,1322,1,93,1159,425,ITH,ITH2,4,Provincia Autonoma Trento,P.A. Trento,541380,10839,2.0,0.29
441,2021-01-08,PAT,1442,312,1130,764,128,24,526,0,0,0,1442,0,ITH,ITH2,4,Provincia Autonoma Trento,P.A. Trento,541380,12281,2.27,0.27
442,2021-03-01,PAT,1235,453,782,74,1,17,10,1035,3,95,937,298,ITH,ITH2,4,Provincia Autonoma Trento,P.A. Trento,541380,13516,2.5,0.23
443,2021-02-09,PAT,914,287,627,447,8,5,73,381,0,0,441,473,ITH,ITH2,4,Provincia Autonoma Trento,P.A. Trento,541380,14430,2.67,0.17
444,2021-02-06,PAT,573,297,276,178,0,8,0,387,0,0,433,140,ITH,ITH2,4,Provincia Autonoma Trento,P.A. Trento,541380,15003,2.77,0.11
445,2021-03-18,PAT,2233,922,1311,55,0,585,2,1585,2,4,1162,1071,ITH,ITH2,4,Provincia Autonoma Trento,P.A. Trento,541380,17236,3.18,0.41
446,2021-02-20,PAT,406,245,161,330,10,1,30,1,3,31,122,284,ITH,ITH2,4,Provincia Autonoma Trento,P.A. Trento,541380,17642,3.26,0.07
447,2021-02-01,PAT,1217,334,883,765,70,8,374,0,0,0,92,1125,ITH,ITH2,4,Provincia Autonoma Trento,P.A. Trento,541380,18859,3.48,0.22
448,2021-03-12,PAT,2397,898,1499,205,247,98,85,1025,203,534,1617,780,ITH,ITH2,4,Provincia Autonoma Trento,P.A. Trento,541380,21256,3.93,0.44
449,2021-01-07,PAT,1268,310,958,649,45,18,556,0,0,0,1268,0,ITH,ITH2,4,Provincia Autonoma Trento,P.A. Trento,541380,22524,4.16,0.23
450,2021-01-23,PAT,570,330,240,480,2,0,88,0,0,0,384,186,ITH,ITH2,4,Provincia Autonoma Trento,P.A. Trento,541380,23094,4.27,0.11
451,2021-02-26,PAT,1206,431,775,249,12,11,19,809,1,105,892,314,ITH,ITH2,4,Provincia Autonoma Trento,P.A. Trento,541380,24300,4.49,0.22
452,2021-02-17,PAT,1108,424,684,324,9,18,35,707,3,12,1017,91,ITH,ITH2,4,Provincia Autonoma Trento,P.A. Trento,541380,25408,4.69,0.2
453,2021-02-02,PAT,889,237,652,507,33,14,171,164,0,0,190,699,ITH,ITH2,4,Provincia Autonoma Trento,P.A. Trento,541380,26297,4.86,0.16
454,2021-01-20,PAT,288,71,217,229,10,1,48,0,0,0,276,12,ITH,ITH2,4,Provincia Autonoma Trento,P.A. Trento,541380,26585,4.91,0.05
455,2021-02-23,PAT,1097,393,704,272,13,2,17,741,3,49,886,211,ITH,ITH2,4,Provincia Autonoma Trento,P.A. Trento,541380,27682,5.11,0.2
456,2021-03-06,PAT,734,256,478,325,10,7,0,194,5,193,582,152,ITH,ITH2,4,Provincia Autonoma Trento,P.A. Trento,541380,28416,5.25,0.14
457,2020-12-31,PAT,1598,440,1158,819,105,4,670,0,0,0,1598,0,ITH,ITH2,4,Provincia Autonoma Trento,P.A. Trento,541380,30014,5.54,0.3
458,2021-01-18,PAT,640,154,486,527,35,5,73,0,0,0,586,54,ITH,ITH2,4,Provincia Autonoma Trento,P.A. Trento,541380,30654,5.66,0.12
459,2021-02-15,PAT,531,186,345,145,21,7,27,320,0,11,417,114,ITH,ITH2,4,Provincia Autonoma Trento,P.A. Trento,541380,31185,5.76,0.1
460,2021-02-13,PAT,536,333,203,373,4,1,0,158,0,0,171,365,ITH,ITH2,4,Provincia Autonoma Trento,P.A. Trento,541380,31721,5.86,0.1
461,2021-02-12,PAT,1009,340,669,335,54,14,55,551,0,0,588,421,ITH,ITH2,4,Provincia Autonoma Trento,P.A. Trento,541380,32730,6.05,0.19
462,2021-02-27,PAT,1022,455,567,445,12,16,0,434,4,111,599,423,ITH,ITH2,4,Provincia Autonoma Trento,P.A. Trento,541380,33752,6.23,0.19
463,2021-01-25,PAT,774,205,569,482,27,3,262,0,0,0,23,751,ITH,ITH2,4,Provincia Autonoma Trento,P.A. Trento,541380,34526,6.38,0.14
464,2021-03-17,PAT,2043,786,1257,390,15,350,55,1227,1,5,1160,883,ITH,ITH2,4,Provincia Autonoma Trento,P.A. Trento,541380,36569,6.75,0.38
465,2021-03-02,PAT,1284,432,852,130,15,28,53,914,0,144,894,390,ITH,ITH2,4,Provincia Autonoma Trento,P.A. Trento,541380,37853,6.99,0.24
466,2021-03-23,PAT,2293,879,1414,136,97,897,70,973,4,116,1579,714,ITH,ITH2,4,Provincia Autonoma Trento,P.A. Trento,541380,40146,7.42,0.42
467,2021-03-24,PAT,857,351,506,39,21,46,0,729,0,22,367,490,ITH,ITH2,4,Provincia Autonoma Trento,P.A. Trento,541380,41003,7.57,0.16
468,2021-02-22,PAT,745,259,486,118,4,7,70,501,0,45,660,85,ITH,ITH2,4,Provincia Autonoma Trento,P.A. Trento,541380,41748,7.71,0.14
469,2021-02-18,PAT,1196,422,774,300,25,5,35,773,3,55,1138,58,ITH,ITH2,4,Provincia Autonoma Trento,P.A. Trento,541380,42944,7.93,0.22
470,2021-01-02,PAT,498,142,356,334,21,4,139,0,0,0,498,0,ITH,ITH2,4,Provincia Autonoma Trento,P.A. Trento,541380,43442,8.02,0.09
471,2021-01-11,PAT,724,220,504,516,49,9,150,0,0,0,724,0,ITH,ITH2,4,Provincia Autonoma Trento,P.A. Trento,541380,44166,8.16,0.13
472,2021-02-21,PAT,155,92,63,154,0,0,0,0,0,1,43,112,ITH,ITH2,4,Provincia Autonoma Trento,P.A. Trento,541380,44321,8.19,0.03
473,2021-01-14,PAT,696,201,495,477,6,5,208,0,0,0,696,0,ITH,ITH2,4,Provincia Autonoma Trento,P.A. Trento,541380,45017,8.32,0.13
474,2021-01-30,PAT,383,130,253,345,7,0,31,0,0,0,151,232,ITH,ITH2,4,Provincia Autonoma Trento,P.A. Trento,541380,45400,8.39,0.07
475,2021-03-05,PAT,2178,686,1492,125,66,64,101,903,157,762,1580,598,ITH,ITH2,4,Provincia Autonoma Trento,P.A. Trento,541380,47578,8.79,0.4
476,2021-03-15,PAT,1372,529,843,62,118,376,7,592,54,163,908,464,ITH,ITH2,4,Provincia Autonoma Trento,P.A. Trento,541380,48950,9.04,0.25
477,2021-03-03,PAT,1636,617,1019,71,11,21,58,1255,19,201,1078,558,ITH,ITH2,4,Provincia Autonoma Trento,P.A. Trento,541380,50586,9.34,0.3
478,2021-01-13,PAT,420,123,297,391,6,0,23,0,0,0,420,0,ITH,ITH2,4,Provincia Autonoma Trento,P.A. Trento,541380,51006,9.42,0.08
479,2021-03-07,PAT,22,6,16,0,0,0,0,0,0,22,22,0,ITH,ITH2,4,Provincia Autonoma Trento,P.A. Trento,541380,51028,9.43,0.0
480,2021-03-13,PAT,830,382,448,200,15,5,30,39,282,259,780,50,ITH,ITH2,4,Provincia Autonoma Trento,P.A. Trento,541380,51858,9.58,0.15
481,2021-01-16,PAT,318,147,171,303,0,1,14,0,0,0,318,0,ITH,ITH2,4,Provincia Autonoma Trento,P.A. Trento,541380,52176,9.64,0.06
482,2021-01-12,PAT,501,158,343,413,25,4,59,0,0,0,501,0,ITH,ITH2,4,Provincia Autonoma Trento,P.A. Trento,541380,52677,9.73,0.09
483,2021-01-01,PAT,206,48,158,109,11,0,86,0,0,0,206,0,ITH,ITH2,4,Provincia Autonoma Trento,P.A. Trento,541380,52883,9.77,0.04
484,2021-03-09,PAT,1537,578,959,95,42,24,28,1065,91,192,902,635,ITH,ITH2,4,Provincia Autonoma Trento,P.A. Trento,541380,54420,10.05,0.28
485,2021-02-11,PAT,1130,364,766,331,3,13,48,735,0,0,796,334,ITH,ITH2,4,Provincia Autonoma Trento,P.A. Trento,541380,55550,10.26,0.21
486,2021-01-21,PAT,349,93,256,318,13,2,16,0,0,0,227,122,ITH,ITH2,4,Provincia Autonoma Trento,P.A. Trento,541380,55899,10.33,0.06
487,2021-03-04,PAT,2327,782,1545,160,23,59,23,1698,19,345,1479,848,ITH,ITH2,4,Provincia Autonoma Trento,P.A. Trento,541380,58226,10.76,0.43
488,2021-03-10,PAT,2339,905,1434,347,35,45,25,1375,222,290,1398,941,ITH,ITH2,4,Provincia Autonoma Trento,P.A. Trento,541380,60565,11.19,0.43
489,2021-01-09,PAT,184,40,144,139,13,1,31,0,0,0,184,0,ITH,ITH2,4,Provincia Autonoma Trento,P.A. Trento,541380,60749,11.22,0.03
490,2021-03-14,PAT,107,65,42,102,0,0,0,0,0,5,20,87,ITH,ITH2,4,Provincia Autonoma Trento,P.A. Trento,541380,60856,11.24,0.02
491,2021-03-19,PAT,2326,887,1439,277,63,931,37,952,2,64,1521,805,ITH,ITH2,4,Provincia Autonoma Trento,P.A. Trento,541380,63182,11.67,0.43
492,2021-02-28,PAT,242,121,121,231,0,0,0,0,0,11,242,0,ITH,ITH2,4,Provincia Autonoma Trento,P.A. Trento,541380,63424,11.72,0.04
493,2021-01-24,PAT,545,274,271,533,12,0,0,0,0,0,223,322,ITH,ITH2,4,Provincia Autonoma Trento,P.A. Trento,541380,63969,11.82,0.1
494,2021-03-21,PAT,129,69,60,34,1,76,0,0,0,18,128,1,ITH,ITH2,4,Provincia Autonoma Trento,P.A. Trento,541380,64098,11.84,0.02
495,2021-02-04,PAT,971,303,668,541,10,7,89,324,0,0,420,551,ITH,ITH2,4,Provincia Autonoma Trento,P.A. Trento,541380,65069,12.02,0.18
496,2020-12-30,PAT,6,2,4,4,1,0,1,0,0,0,6,0,ITH,ITH2,4,Provincia Autonoma Trento,P.A. Trento,541380,65075,12.02,0.0
497,2021-02-05,PAT,802,271,531,467,19,3,66,247,0,0,283,519,ITH,ITH2,4,Provincia Autonoma Trento,P.A. Trento,541380,65877,12.17,0.15
498,2021-03-22,PAT,2237,950,1287,69,132,973,4,949,18,92,1368,869,ITH,ITH2,4,Provincia Autonoma Trento,P.A. Trento,541380,68114,12.58,0.41
499,2021-01-17,PAT,251,195,56,251,0,0,0,0,0,0,251,0,ITH,ITH2,4,Provincia Autonoma Trento,P.A. Trento,541380,68365,12.63,0.05
500,2021-01-31,PAT,74,15,59,55,13,0,6,0,0,0,0,74,ITH,ITH2,4,Provincia Autonoma Trento,P.A. Trento,541380,68439,12.64,0.01
501,2021-02-10,PAT,849,289,560,310,7,2,51,479,0,0,509,340,ITH,ITH2,4,Provincia Autonoma Trento,P.A. Trento,541380,69288,12.8,0.16
502,2021-01-10,PAT,84,19,65,53,18,1,12,0,0,0,84,0,ITH,ITH2,4,Provincia Autonoma Trento,P.A. Trento,541380,69372,12.81,0.02
503,2021-01-22,PAT,1628,422,1206,874,119,9,623,0,0,3,317,1311,ITH,ITH2,4,Provincia Autonoma Trento,P.A. Trento,541380,71000,13.11,0.3
504,2021-02-24,PAT,1311,521,790,237,4,7,28,968,1,66,918,393,ITH,ITH2,4,Provincia Autonoma Trento,P.A. Trento,541380,72311,13.36,0.24
505,2021-02-16,PAT,663,244,419,73,2,12,3,563,0,10,658,5,ITH,ITH2,4,Provincia Autonoma Trento,P.A. Trento,541380,72974,13.48,0.12
506,2021-03-08,PAT,1385,431,954,65,15,30,0,992,7,276,1025,360,ITH,ITH2,4,Provincia Autonoma Trento,P.A. Trento,541380,74359,13.74,0.26
507,2021-03-20,PAT,854,396,458,151,97,469,0,76,0,61,652,202,ITH,ITH2,4,Provincia Autonoma Trento,P.A. Trento,541380,75213,13.89,0.16
508,2021-01-27,PAT,734,257,477,395,33,1,304,1,0,0,73,661,ITH,ITH2,4,Provincia Autonoma Trento,P.A. Trento,541380,75947,14.03,0.14
509,2021-01-29,PAT,1349,331,1018,722,74,12,541,0,0,0,54,1295,ITH,ITH2,4,Provincia Autonoma Trento,P.A. Trento,541380,77296,14.28,0.25
510,2021-01-06,PAT,42,13,29,42,0,0,0,0,0,0,42,0,ITH,ITH2,4,Provincia Autonoma Trento,P.A. Trento,541380,77338,14.29,0.01
511,2021-02-08,PAT,1149,318,831,550,53,6,237,302,0,1,341,808,ITH,ITH2,4,Provincia Autonoma Trento,P.A. Trento,541380,78487,14.5,0.21
512,2021-01-26,PAT,497,138,359,397,15,1,84,0,0,0,25,472,ITH,ITH2,4,Provincia Autonoma Trento,P.A. Trento,541380,78984,14.59,0.09
513,2021-03-22,SAR,3487,1319,2168,838,151,411,109,777,66,1135,2974,513,ITG,ITG2,20,Sardegna,Sardegna,1639591,3487,0.21,0.21
514,2021-01-14,SAR,1105,426,679,885,167,53,0,0,0,0,1105,0,ITG,ITG2,20,Sardegna,Sardegna,1639591,4592,0.28,0.07
515,2021-01-23,SAR,60,22,38,60,0,0,0,0,0,0,0,60,ITG,ITG2,20,Sardegna,Sardegna,1639591,4652,0.28,0.0
516,2021-01-12,SAR,865,408,457,504,88,273,0,0,0,0,865,0,ITG,ITG2,20,Sardegna,Sardegna,1639591,5517,0.34,0.05
517,2021-02-10,SAR,1959,765,1194,1169,245,56,488,0,0,1,1441,518,ITG,ITG2,20,Sardegna,Sardegna,1639591,7476,0.46,0.12
518,2021-03-13,SAR,2723,1059,1664,274,103,291,145,1734,43,133,2442,281,ITG,ITG2,20,Sardegna,Sardegna,1639591,10199,0.62,0.17
519,2021-03-23,SAR,5602,2372,3230,1010,175,819,233,2140,90,1135,4585,1017,ITG,ITG2,20,Sardegna,Sardegna,1639591,15801,0.96,0.34
520,2021-02-02,SAR,1482,655,827,988,187,307,0,0,0,0,241,1241,ITG,ITG2,20,Sardegna,Sardegna,1639591,17283,1.05,0.09
521,2021-01-05,SAR,1327,446,881,1283,33,11,0,0,0,0,1327,0,ITG,ITG2,20,Sardegna,Sardegna,1639591,18610,1.14,0.08
522,2021-03-24,SAR,2573,1101,1472,97,40,514,120,1459,93,250,2088,485,ITG,ITG2,20,Sardegna,Sardegna,1639591,21183,1.29,0.16
523,2021-01-24,SAR,90,34,56,89,0,1,0,0,0,0,5,85,ITG,ITG2,20,Sardegna,Sardegna,1639591,21273,1.3,0.01
524,2021-02-13,SAR,1454,563,891,732,400,64,253,0,0,5,1452,2,ITG,ITG2,20,Sardegna,Sardegna,1639591,22727,1.39,0.09
525,2021-02-06,SAR,1970,697,1273,1544,237,49,139,0,0,1,569,1401,ITG,ITG2,20,Sardegna,Sardegna,1639591,24697,1.51,0.12
526,2020-12-28,SAR,65,25,40,65,0,0,0,0,0,0,65,0,ITG,ITG2,20,Sardegna,Sardegna,1639591,24762,1.51,0.0
527,2021-01-13,SAR,573,178,395,494,76,3,0,0,0,0,573,0,ITG,ITG2,20,Sardegna,Sardegna,1639591,25335,1.55,0.03
528,2021-03-21,SAR,3708,1645,2063,63,5,398,0,2565,102,575,2268,1440,ITG,ITG2,20,Sardegna,Sardegna,1639591,29043,1.77,0.23
529,2021-02-23,SAR,1519,1010,509,602,191,330,89,6,301,0,1285,234,ITG,ITG2,20,Sardegna,Sardegna,1639591,30562,1.86,0.09
530,2021-01-07,SAR,3111,1077,2034,2720,311,69,0,0,11,0,3111,0,ITG,ITG2,20,Sardegna,Sardegna,1639591,33673,2.05,0.19
531,2021-03-05,SAR,4957,2427,2530,1692,774,587,669,566,659,10,2669,2288,ITG,ITG2,20,Sardegna,Sardegna,1639591,38630,2.36,0.3
532,2021-01-11,SAR,1183,505,678,656,139,387,0,1,0,0,1183,0,ITG,ITG2,20,Sardegna,Sardegna,1639591,39813,2.43,0.07
533,2021-01-25,SAR,588,212,376,553,29,6,0,0,0,0,22,566,ITG,ITG2,20,Sardegna,Sardegna,1639591,40401,2.46,0.04
534,2021-03-02,SAR,2741,1417,1324,1045,277,454,260,319,384,2,1708,1033,ITG,ITG2,20,Sardegna,Sardegna,1639591,43142,2.63,0.17
535,2021-02-11,SAR,1314,490,824,588,240,116,369,1,0,0,1203,111,ITG,ITG2,20,Sardegna,Sardegna,1639591,44456,2.71,0.08
536,2021-03-07,SAR,1590,724,866,307,227,11,32,1011,0,2,1117,473,ITG,ITG2,20,Sardegna,Sardegna,1639591,46046,2.81,0.1
537,2021-03-06,SAR,2535,1046,1489,1086,531,391,405,7,79,36,852,1683,ITG,ITG2,20,Sardegna,Sardegna,1639591,48581,2.96,0.15
538,2021-02-17,SAR,1406,576,830,689,292,85,313,0,27,0,1332,74,ITG,ITG2,20,Sardegna,Sardegna,1639591,49987,3.05,0.09
539,2021-01-22,SAR,83,47,36,45,38,0,0,0,0,0,55,28,ITG,ITG2,20,Sardegna,Sardegna,1639591,50070,3.05,0.01
540,2021-03-03,SAR,3742,2036,1706,1058,273,443,525,702,740,1,2604,1138,ITG,ITG2,20,Sardegna,Sardegna,1639591,53812,3.28,0.23
541,2021-02-16,SAR,700,289,411,376,135,77,112,0,0,0,673,27,ITG,ITG2,20,Sardegna,Sardegna,1639591,54512,3.32,0.04
542,2021-01-09,SAR,4026,1417,2609,3181,602,243,0,0,0,0,4026,0,ITG,ITG2,20,Sardegna,Sardegna,1639591,58538,3.57,0.25
543,2021-01-29,SAR,2951,1067,1884,2580,226,142,3,0,0,0,48,2903,ITG,ITG2,20,Sardegna,Sardegna,1639591,61489,3.75,0.18
544,2021-03-16,SAR,4057,1806,2251,644,173,696,311,2225,0,8,3126,931,ITG,ITG2,20,Sardegna,Sardegna,1639591,65546,4.0,0.25
545,2021-02-14,SAR,539,263,276,286,187,6,57,3,0,0,537,2,ITG,ITG2,20,Sardegna,Sardegna,1639591,66085,4.03,0.03
546,2021-02-19,SAR,1495,470,1025,677,336,101,379,1,1,0,1439,56,ITG,ITG2,20,Sardegna,Sardegna,1639591,67580,4.12,0.09
547,2021-01-17,SAR,860,277,583,747,113,0,0,0,0,0,859,1,ITG,ITG2,20,Sardegna,Sardegna,1639591,68440,4.17,0.05
548,2021-03-19,SAR,6683,2750,3933,1315,444,1501,222,3002,189,10,4468,2215,ITG,ITG2,20,Sardegna,Sardegna,1639591,75123,4.58,0.41
549,2021-01-16,SAR,1492,525,967,1282,165,44,0,0,0,1,1492,0,ITG,ITG2,20,Sardegna,Sardegna,1639591,76615,4.67,0.09
550,2021-01-20,SAR,210,77,133,154,56,0,0,0,0,0,208,2,ITG,ITG2,20,Sardegna,Sardegna,1639591,76825,4.69,0.01
551,2020-12-27,SAR,65,34,31,65,0,0,0,0,0,0,65,0,ITG,ITG2,20,Sardegna,Sardegna,1639591,76890,4.69,0.0
552,2021-01-27,SAR,1408,494,914,1303,75,30,0,0,0,0,79,1329,ITG,ITG2,20,Sardegna,Sardegna,1639591,78298,4.78,0.09
553,2021-02-20,SAR,2037,854,1183,483,128,29,195,1201,0,1,1703,334,ITG,ITG2,20,Sardegna,Sardegna,1639591,80335,4.9,0.12
554,2021-02-26,SAR,2797,1107,1690,1224,509,561,221,203,74,5,2491,306,ITG,ITG2,20,Sardegna,Sardegna,1639591,83132,5.07,0.17
555,2021-03-11,SAR,5795,2617,3178,1010,418,646,416,2713,490,102,4576,1219,ITG,ITG2,20,Sardegna,Sardegna,1639591,88927,5.42,0.35
556,2021-03-08,SAR,3965,1777,2188,732,492,668,624,852,444,153,2776,1189,ITG,ITG2,20,Sardegna,Sardegna,1639591,92892,5.67,0.24
557,2021-02-12,SAR,2237,933,1304,986,660,89,501,1,0,0,2178,59,ITG,ITG2,20,Sardegna,Sardegna,1639591,95129,5.8,0.14
558,2021-01-15,SAR,1563,573,990,1170,338,52,0,0,3,0,1563,0,ITG,ITG2,20,Sardegna,Sardegna,1639591,96692,5.9,0.1
559,2021-01-06,SAR,1615,549,1066,1510,67,38,0,0,0,0,1615,0,ITG,ITG2,20,Sardegna,Sardegna,1639591,98307,6.0,0.1
560,2021-02-25,SAR,2899,1255,1644,1474,348,390,466,161,51,9,2293,606,ITG,ITG2,20,Sardegna,Sardegna,1639591,101206,6.17,0.18
561,2021-03-20,SAR,4980,1976,3004,695,255,341,127,2602,105,855,2704,2276,ITG,ITG2,20,Sardegna,Sardegna,1639591,106186,6.48,0.3
562,2021-02-24,SAR,2410,1292,1118,1193,311,303,301,3,299,0,2221,189,ITG,ITG2,20,Sardegna,Sardegna,1639591,108596,6.62,0.15
563,2021-02-15,SAR,958,349,609,440,226,13,279,0,0,0,927,31,ITG,ITG2,20,Sardegna,Sardegna,1639591,109554,6.68,0.06
564,2021-02-18,SAR,1877,732,1145,1073,301,61,298,1,33,110,1813,64,ITG,ITG2,20,Sardegna,Sardegna,1639591,111431,6.8,0.11
565,2021-01-08,SAR,3257,1184,2073,2929,230,98,0,0,0,0,3257,0,ITG,ITG2,20,Sardegna,Sardegna,1639591,114688,6.99,0.2
566,2021-03-18,SAR,6784,2859,3925,1069,240,1266,354,3787,6,62,5182,1602,ITG,ITG2,20,Sardegna,Sardegna,1639591,121472,7.41,0.41
567,2021-02-05,SAR,1897,749,1148,1214,420,95,164,1,3,0,433,1464,ITG,ITG2,20,Sardegna,Sardegna,1639591,123369,7.52,0.12
568,2021-02-09,SAR,2286,837,1449,1308,408,71,497,1,0,1,1290,996,ITG,ITG2,20,Sardegna,Sardegna,1639591,125655,7.66,0.14
569,2021-01-28,SAR,2968,1044,1924,2554,327,76,0,0,11,0,69,2899,ITG,ITG2,20,Sardegna,Sardegna,1639591,128623,7.84,0.18
570,2021-01-10,SAR,2183,750,1433,1632,228,323,0,0,0,0,2183,0,ITG,ITG2,20,Sardegna,Sardegna,1639591,130806,7.98,0.13
571,2021-03-17,SAR,6091,2620,3471,1072,452,950,528,2958,3,128,4484,1607,ITG,ITG2,20,Sardegna,Sardegna,1639591,136897,8.35,0.37
572,2021-01-21,SAR,126,60,66,60,44,22,0,0,0,0,94,32,ITG,ITG2,20,Sardegna,Sardegna,1639591,137023,8.36,0.01
573,2021-02-03,SAR,1118,418,700,919,169,11,19,0,0,0,426,692,ITG,ITG2,20,Sardegna,Sardegna,1639591,138141,8.43,0.07
574,2021-01-30,SAR,3862,1392,2470,2987,500,374,0,1,0,0,362,3500,ITG,ITG2,20,Sardegna,Sardegna,1639591,142003,8.66,0.24
575,2021-03-09,SAR,5140,2368,2772,1055,367,525,285,2266,332,310,4410,730,ITG,ITG2,20,Sardegna,Sardegna,1639591,147143,8.97,0.31
576,2021-01-31,SAR,2121,750,1371,1544,128,448,0,1,0,0,48,2073,ITG,ITG2,20,Sardegna,Sardegna,1639591,149264,9.1,0.13
577,2021-02-21,SAR,1584,709,875,66,25,7,59,1421,6,0,1554,30,ITG,ITG2,20,Sardegna,Sardegna,1639591,150848,9.2,0.1
578,2021-01-03,SAR,90,36,54,89,1,0,0,0,0,0,90,0,ITG,ITG2,20,Sardegna,Sardegna,1639591,150938,9.21,0.01
579,2021-02-08,SAR,1470,533,937,998,315,30,126,1,0,0,856,614,ITG,ITG2,20,Sardegna,Sardegna,1639591,152408,9.3,0.09
580,2021-02-22,SAR,1623,944,679,597,238,166,180,2,440,0,1395,228,ITG,ITG2,20,Sardegna,Sardegna,1639591,154031,9.39,0.1
581,2021-03-15,SAR,2678,1214,1464,457,171,477,85,322,149,1017,2305,373,ITG,ITG2,20,Sardegna,Sardegna,1639591,156709,9.56,0.16
582,2021-01-02,SAR,60,21,39,60,0,0,0,0,0,0,60,0,ITG,ITG2,20,Sardegna,Sardegna,1639591,156769,9.56,0.0
583,2021-03-12,SAR,5618,2353,3265,1035,481,774,456,2442,271,159,4309,1309,ITG,ITG2,20,Sardegna,Sardegna,1639591,162387,9.9,0.34
584,2021-03-04,SAR,3881,1889,1992,953,306,554,462,1092,475,39,2733,1148,ITG,ITG2,20,Sardegna,Sardegna,1639591,166268,10.14,0.24
585,2021-01-01,SAR,30,16,14,30,0,0,0,0,0,0,30,0,ITG,ITG2,20,Sardegna,Sardegna,1639591,166298,10.14,0.0
586,2021-02-01,SAR,1524,605,919,896,151,400,77,0,0,0,225,1299,ITG,ITG2,20,Sardegna,Sardegna,1639591,167822,10.24,0.09
587,2021-01-04,SAR,591,217,374,565,15,11,0,0,0,0,591,0,ITG,ITG2,20,Sardegna,Sardegna,1639591,168413,10.27,0.04
588,2020-12-31,SAR,32,16,16,28,0,4,0,0,0,0,32,0,ITG,ITG2,20,Sardegna,Sardegna,1639591,168445,10.27,0.0
589,2021-01-19,SAR,747,270,477,423,163,0,160,0,0,1,692,55,ITG,ITG2,20,Sardegna,Sardegna,1639591,169192,10.32,0.05
590,2021-02-07,SAR,1116,394,722,975,136,5,0,0,0,0,228,888,ITG,ITG2,20,Sardegna,Sardegna,1639591,170308,10.39,0.07
591,2021-01-18,SAR,904,326,578,714,173,17,0,0,0,0,780,124,ITG,ITG2,20,Sardegna,Sardegna,1639591,171212,10.44,0.06
592,2021-03-14,SAR,606,376,230,34,1,235,0,251,73,12,606,0,ITG,ITG2,20,Sardegna,Sardegna,1639591,171818,10.48,0.04
593,2021-01-26,SAR,1336,453,883,1296,27,12,0,0,0,1,27,1309,ITG,ITG2,20,Sardegna,Sardegna,1639591,173154,10.56,0.08
594,2021-02-28,SAR,368,169,199,245,69,7,47,0,0,0,142,226,ITG,ITG2,20,Sardegna,Sardegna,1639591,173522,10.58,0.02
595,2021-03-01,SAR,2159,1054,1105,1135,232,212,141,104,334,1,1500,659,ITG,ITG2,20,Sardegna,Sardegna,1639591,175681,10.71,0.13
596,2021-03-10,SAR,5860,2836,3024,719,384,510,414,2841,657,335,5005,855,ITG,ITG2,20,Sardegna,Sardegna,1639591,181541,11.07,0.36
597,2020-12-29,SAR,57,32,25,56,1,0,0,0,0,0,57,0,ITG,ITG2,20,Sardegna,Sardegna,1639591,181598,11.08,0.0
598,2021-02-27,SAR,1920,647,1273,1059,291,88,306,176,0,0,1365,555,ITG,ITG2,20,Sardegna,Sardegna,1639591,183518,11.19,0.12
599,2021-02-04,SAR,2271,816,1455,1737,307,56,170,1,0,0,916,1355,ITG,ITG2,20,Sardegna,Sardegna,1639591,185789,11.33,0.14
600,2021-02-12,LAZ,6494,2645,3849,1995,136,287,302,3774,0,0,6417,77,ITI,ITI4,12,Lazio,Lazio,5879082,6494,0.11,0.11
601,2021-01-25,LAZ,7761,3041,4720,7006,205,65,363,122,0,0,421,7340,ITI,ITI4,12,Lazio,Lazio,5879082,14255,0.24,0.13
602,2021-02-26,LAZ,12864,5600,7264,1909,533,800,352,5146,1385,2739,11646,1218,ITI,ITI4,12,Lazio,Lazio,5879082,27119,0.46,0.22
603,2021-02-17,LAZ,8808,4371,4437,2282,225,207,499,4249,1345,1,8280,528,ITI,ITI4,12,Lazio,Lazio,5879082,35927,0.61,0.15
604,2021-02-27,LAZ,11368,4246,7122,1358,399,486,515,4787,1120,2703,10415,953,ITI,ITI4,12,Lazio,Lazio,5879082,47295,0.8,0.19
605,2021-03-21,LAZ,17726,6793,10933,1236,27,4677,111,8146,100,3429,12728,4998,ITI,ITI4,12,Lazio,Lazio,5879082,65021,1.11,0.3
606,2021-03-10,LAZ,21777,9370,12407,4011,143,2488,451,8888,1179,4617,16151,5626,ITI,ITI4,12,Lazio,Lazio,5879082,86798,1.48,0.37
607,2021-02-18,LAZ,9676,4799,4877,2162,91,328,473,4956,1665,1,9178,498,ITI,ITI4,12,Lazio,Lazio,5879082,96474,1.64,0.16
608,2021-02-19,LAZ,9698,4893,4805,2170,93,297,408,5060,1636,34,9201,497,ITI,ITI4,12,Lazio,Lazio,5879082,106172,1.81,0.16
609,2021-02-14,LAZ,5536,2246,3290,1645,20,298,127,3446,0,0,5287,249,ITI,ITI4,12,Lazio,Lazio,5879082,111708,1.9,0.09
610,2021-03-17,LAZ,13453,5744,7709,1500,87,2238,254,9353,7,14,7266,6187,ITI,ITI4,12,Lazio,Lazio,5879082,125161,2.13,0.23
611,2021-03-06,LAZ,17941,6889,11052,3655,113,1251,327,7891,932,3772,13687,4254,ITI,ITI4,12,Lazio,Lazio,5879082,143102,2.43,0.31
612,2021-03-02,LAZ,16595,7181,9414,1808,357,1067,229,8102,1278,3754,12666,3929,ITI,ITI4,12,Lazio,Lazio,5879082,159697,2.72,0.28
613,2021-01-10,LAZ,4039,1700,2339,3424,156,207,252,0,0,0,4039,0,ITI,ITI4,12,Lazio,Lazio,5879082,163736,2.79,0.07
614,2021-03-08,LAZ,19841,8203,11638,2427,120,2062,379,9042,1102,4709,14579,5262,ITI,ITI4,12,Lazio,Lazio,5879082,183577,3.12,0.34
615,2021-02-07,LAZ,4668,1865,2803,3251,138,247,218,813,0,1,382,4286,ITI,ITI4,12,Lazio,Lazio,5879082,188245,3.2,0.08
616,2021-02-08,LAZ,9334,3868,5466,3788,428,446,918,3754,0,0,4487,4847,ITI,ITI4,12,Lazio,Lazio,5879082,197579,3.36,0.16
617,2021-03-05,LAZ,18494,7801,10693,2725,171,1574,256,8476,1323,3969,13773,4721,ITI,ITI4,12,Lazio,Lazio,5879082,216073,3.68,0.31
618,2021-02-04,LAZ,6045,2281,3764,4460,354,267,892,72,0,0,942,5103,ITI,ITI4,12,Lazio,Lazio,5879082,222118,3.78,0.1
619,2021-01-22,LAZ,3662,1442,2220,3379,63,27,70,123,0,0,148,3514,ITI,ITI4,12,Lazio,Lazio,5879082,225780,3.84,0.06
620,2021-02-22,LAZ,11415,4975,6440,1779,123,186,473,5242,1390,2222,10914,501,ITI,ITI4,12,Lazio,Lazio,5879082,237195,4.03,0.19
621,2021-03-22,LAZ,21216,8832,12384,1507,75,5957,243,9056,517,3861,14893,6323,ITI,ITI4,12,Lazio,Lazio,5879082,258411,4.4,0.36
622,2021-02-24,LAZ,11982,5179,6803,1797,428,508,337,5185,1327,2400,10993,989,ITI,ITI4,12,Lazio,Lazio,5879082,270393,4.6,0.2
623,2021-03-20,LAZ,18058,6752,11306,1811,139,3749,360,8748,204,3047,12247,5811,ITI,ITI4,12,Lazio,Lazio,5879082,288451,4.91,0.31
624,2021-03-16,LAZ,13416,5692,7724,1494,69,2140,280,9421,7,5,7031,6385,ITI,ITI4,12,Lazio,Lazio,5879082,301867,5.13,0.23
625,2020-12-30,LAZ,1630,629,1001,1603,0,0,27,0,0,0,1630,0,ITI,ITI4,12,Lazio,Lazio,5879082,303497,5.16,0.03
626,2021-01-02,LAZ,6704,2629,4075,6268,47,31,358,0,0,0,6704,0,ITI,ITI4,12,Lazio,Lazio,5879082,310201,5.28,0.11
627,2021-03-09,LAZ,20792,8912,11880,3364,104,2187,338,8952,1230,4617,15600,5192,ITI,ITI4,12,Lazio,Lazio,5879082,330993,5.63,0.35
628,2021-01-14,LAZ,5232,1961,3271,3887,304,146,811,84,0,0,5232,0,ITI,ITI4,12,Lazio,Lazio,5879082,336225,5.72,0.09
629,2021-01-20,LAZ,4390,1657,2733,3279,233,166,426,286,0,0,2849,1541,ITI,ITI4,12,Lazio,Lazio,5879082,340615,5.79,0.07
630,2021-01-09,LAZ,6288,2556,3732,5110,229,329,620,0,0,0,6288,0,ITI,ITI4,12,Lazio,Lazio,5879082,346903,5.9,0.11
631,2020-12-28,LAZ,959,412,547,957,0,2,0,0,0,0,959,0,ITI,ITI4,12,Lazio,Lazio,5879082,347862,5.92,0.02
632,2021-01-24,LAZ,5467,2109,3358,4945,131,131,134,126,0,0,385,5082,ITI,ITI4,12,Lazio,Lazio,5879082,353329,6.01,0.09
633,2021-01-28,LAZ,7954,2998,4956,6810,374,122,514,134,0,0,459,7495,ITI,ITI4,12,Lazio,Lazio,5879082,361283,6.15,0.14
634,2021-01-30,LAZ,6649,2730,3919,5298,265,309,651,126,0,0,448,6201,ITI,ITI4,12,Lazio,Lazio,5879082,367932,6.26,0.11
635,2021-01-18,LAZ,5835,2268,3567,3901,387,369,725,453,0,0,4857,978,ITI,ITI4,12,Lazio,Lazio,5879082,373767,6.36,0.1
636,2021-01-17,LAZ,4555,1841,2714,3231,145,191,177,811,0,0,4343,212,ITI,ITI4,12,Lazio,Lazio,5879082,378322,6.44,0.08
637,2021-03-04,LAZ,18172,7736,10436,2771,211,1341,507,8122,1315,3905,13167,5005,ITI,ITI4,12,Lazio,Lazio,5879082,396494,6.74,0.31
638,2021-01-15,LAZ,6223,2465,3758,4476,417,187,988,155,0,0,6223,0,ITI,ITI4,12,Lazio,Lazio,5879082,402717,6.85,0.11
639,2021-03-13,LAZ,21247,8338,12909,5084,109,2378,325,8892,720,3739,15361,5886,ITI,ITI4,12,Lazio,Lazio,5879082,423964,7.21,0.36
640,2021-01-03,LAZ,5250,1972,3278,5125,18,42,65,0,0,0,5250,0,ITI,ITI4,12,Lazio,Lazio,5879082,429214,7.3,0.09
641,2021-02-03,LAZ,6288,2348,3940,4620,335,220,1078,35,0,0,901,5387,ITI,ITI4,12,Lazio,Lazio,5879082,435502,7.41,0.11
642,2021-01-27,LAZ,5768,2170,3598,4797,215,170,457,129,0,0,651,5117,ITI,ITI4,12,Lazio,Lazio,5879082,441270,7.51,0.1
643,2021-02-10,LAZ,7776,3116,4660,2646,275,306,633,3916,0,0,4841,2935,ITI,ITI4,12,Lazio,Lazio,5879082,449046,7.64,0.13
644,2021-01-31,LAZ,4279,1783,2496,3572,139,200,244,124,0,0,296,3983,ITI,ITI4,12,Lazio,Lazio,5879082,453325,7.71,0.07
645,2021-01-11,LAZ,5525,2103,3422,4553,307,96,569,0,0,0,5525,0,ITI,ITI4,12,Lazio,Lazio,5879082,458850,7.8,0.09
646,2020-12-29,LAZ,440,155,285,440,0,0,0,0,0,0,440,0,ITI,ITI4,12,Lazio,Lazio,5879082,459290,7.81,0.01
647,2021-01-04,LAZ,7478,2907,4571,7075,5,81,316,0,0,1,7478,0,ITI,ITI4,12,Lazio,Lazio,5879082,466768,7.94,0.13
648,2021-02-01,LAZ,5669,2173,3496,4784,189,130,559,7,0,0,353,5316,ITI,ITI4,12,Lazio,Lazio,5879082,472437,8.04,0.1
649,2021-01-07,LAZ,7724,2894,4830,6881,173,104,566,0,0,0,7724,0,ITI,ITI4,12,Lazio,Lazio,5879082,480161,8.17,0.13
650,2021-02-21,LAZ,6799,3101,3698,1245,53,309,51,4518,607,16,6517,282,ITI,ITI4,12,Lazio,Lazio,5879082,486960,8.28,0.12
651,2021-02-15,LAZ,7726,3379,4347,2447,362,313,378,4218,8,0,7429,297,ITI,ITI4,12,Lazio,Lazio,5879082,494686,8.41,0.13
652,2021-01-21,LAZ,5247,2109,3138,4780,78,32,232,125,0,0,196,5051,ITI,ITI4,12,Lazio,Lazio,5879082,499933,8.5,0.09
653,2021-03-24,LAZ,10920,4812,6108,1112,32,3272,42,5001,147,1314,7804,3116,ITI,ITI4,12,Lazio,Lazio,5879082,510853,8.69,0.19
654,2021-03-23,LAZ,22653,9730,12923,2400,98,6693,181,9090,381,3810,16457,6196,ITI,ITI4,12,Lazio,Lazio,5879082,533506,9.07,0.39
655,2021-02-06,LAZ,5069,2015,3054,3270,206,424,660,509,0,0,769,4300,ITI,ITI4,12,Lazio,Lazio,5879082,538575,9.16,0.09
656,2021-01-19,LAZ,4361,1671,2690,2967,222,340,424,408,0,0,3908,453,ITI,ITI4,12,Lazio,Lazio,5879082,542936,9.24,0.07
657,2021-02-13,LAZ,6274,2436,3838,2123,42,171,280,3658,0,0,6186,88,ITI,ITI4,12,Lazio,Lazio,5879082,549210,9.34,0.11
658,2021-03-18,LAZ,14078,6024,8054,1740,90,2618,330,9285,9,6,7740,6338,ITI,ITI4,12,Lazio,Lazio,5879082,563288,9.58,0.24
659,2021-02-25,LAZ,12618,5509,7109,1754,434,775,489,5132,1423,2611,11572,1046,ITI,ITI4,12,Lazio,Lazio,5879082,575906,9.8,0.21
660,2021-01-26,LAZ,7602,2907,4695,6590,212,44,631,125,0,0,372,7230,ITI,ITI4,12,Lazio,Lazio,5879082,583508,9.93,0.13
661,2021-03-07,LAZ,14031,5408,8623,1200,24,1205,148,7225,696,3533,10442,3589,ITI,ITI4,12,Lazio,Lazio,5879082,597539,10.16,0.24
662,2021-01-13,LAZ,5559,2063,3496,4145,270,132,1009,3,0,0,5559,0,ITI,ITI4,12,Lazio,Lazio,5879082,603098,10.26,0.09
663,2021-03-11,LAZ,23607,10502,13105,4816,124,3021,440,9244,1526,4436,17384,6223,ITI,ITI4,12,Lazio,Lazio,5879082,626705,10.66,0.4
664,2021-02-20,LAZ,8795,4082,4713,1942,111,350,298,4762,1310,22,8378,417,ITI,ITI4,12,Lazio,Lazio,5879082,635500,10.81,0.15
665,2021-02-02,LAZ,5772,2133,3639,4712,367,119,571,3,0,0,501,5271,ITI,ITI4,12,Lazio,Lazio,5879082,641272,10.91,0.1
666,2020-12-27,LAZ,272,131,141,272,0,0,0,0,0,0,272,0,ITI,ITI4,12,Lazio,Lazio,5879082,641544,10.91,0.0
667,2021-03-03,LAZ,17034,7202,9832,2109,200,1175,374,7990,1249,3937,12744,4290,ITI,ITI4,12,Lazio,Lazio,5879082,658578,11.2,0.29
668,2021-03-01,LAZ,16627,7104,9523,1554,527,1209,383,7969,1406,3579,12777,3850,ITI,ITI4,12,Lazio,Lazio,5879082,675205,11.48,0.28
669,2021-02-16,LAZ,8043,3862,4181,2058,102,476,261,4195,950,1,7786,257,ITI,ITI4,12,Lazio,Lazio,5879082,683248,11.62,0.14
670,2021-01-06,LAZ,5096,1951,3145,4619,22,133,320,0,1,1,5096,0,ITI,ITI4,12,Lazio,Lazio,5879082,688344,11.71,0.09
671,2021-03-14,LAZ,17025,6581,10444,1342,89,3293,81,8329,445,3446,11874,5151,ITI,ITI4,12,Lazio,Lazio,5879082,705369,12.0,0.29
672,2021-01-29,LAZ,7594,2866,4728,6373,258,169,704,90,0,0,477,7117,ITI,ITI4,12,Lazio,Lazio,5879082,712963,12.13,0.13
673,2021-02-28,LAZ,10223,3996,6227,1601,260,428,77,4576,682,2599,9709,514,ITI,ITI4,12,Lazio,Lazio,5879082,723186,12.3,0.17
674,2021-02-11,LAZ,6658,2788,3870,2197,174,160,500,3627,0,0,6460,198,ITI,ITI4,12,Lazio,Lazio,5879082,729844,12.41,0.11
675,2021-01-01,LAZ,3553,1381,2172,3483,0,2,68,0,0,0,3553,0,ITI,ITI4,12,Lazio,Lazio,5879082,733397,12.47,0.06
676,2021-02-23,LAZ,10896,4678,6218,1896,109,493,309,5164,1015,1910,10272,624,ITI,ITI4,12,Lazio,Lazio,5879082,744293,12.66,0.19
677,2021-01-08,LAZ,7707,2887,4820,6517,186,206,798,0,0,0,7707,0,ITI,ITI4,12,Lazio,Lazio,5879082,752000,12.79,0.13
678,2021-02-09,LAZ,8393,3484,4909,3258,244,338,548,4005,0,0,4571,3822,ITI,ITI4,12,Lazio,Lazio,5879082,760393,12.93,0.14
679,2021-03-12,LAZ,22573,9977,12596,4616,170,3252,400,9413,774,3948,16261,6312,ITI,ITI4,12,Lazio,Lazio,5879082,782966,13.32,0.38
680,2021-01-12,LAZ,5391,1974,3417,4343,342,122,584,0,0,0,5391,0,ITI,ITI4,12,Lazio,Lazio,5879082,788357,13.41,0.09
681,2021-01-23,LAZ,6883,2682,4201,6063,247,31,417,125,0,0,255,6628,ITI,ITI4,12,Lazio,Lazio,5879082,795240,13.53,0.12
682,2021-01-16,LAZ,5345,2072,3273,3350,241,220,1064,470,0,0,5345,0,ITI,ITI4,12,Lazio,Lazio,5879082,800585,13.62,0.09
683,2021-03-15,LAZ,19191,8303,10888,2300,122,3553,408,9576,706,2526,12476,6715,ITI,ITI4,12,Lazio,Lazio,5879082,819776,13.94,0.33
684,2021-01-05,LAZ,7370,2802,4568,6690,0,102,577,0,1,0,7370,0,ITI,ITI4,12,Lazio,Lazio,5879082,827146,14.07,0.13
685,2021-03-19,LAZ,16871,7214,9657,2105,140,3743,387,9242,248,1006,10626,6245,ITI,ITI4,12,Lazio,Lazio,5879082,844017,14.36,0.29
686,2020-12-31,LAZ,5218,2095,3123,4927,0,12,279,0,0,0,5218,0,ITI,ITI4,12,Lazio,Lazio,5879082,849235,14.45,0.09
687,2021-02-05,LAZ,6910,2722,4188,5095,373,258,995,189,0,0,1131,5779,ITI,ITI4,12,Lazio,Lazio,5879082,856145,14.56,0.12
688,2021-01-05,CAL,1350,618,732,1256,0,94,0,0,0,0,1350,0,ITF,ITF6,18,Calabria,Calabria,1947131,1350,0.07,0.07
689,2021-03-24,CAL,1436,691,745,102,4,399,44,644,8,235,673,763,ITF,ITF6,18,Calabria,Calabria,1947131,2786,0.14,0.07
690,2021-01-16,CAL,2394,1120,1274,1664,22,467,241,0,0,0,2394,0,ITF,ITF6,18,Calabria,Calabria,1947131,5180,0.27,0.12
691,2021-01-02,CAL,165,94,71,165,0,0,0,0,0,0,165,0,ITF,ITF6,18,Calabria,Calabria,1947131,5345,0.27,0.01
692,2021-03-23,CAL,5158,2411,2747,280,4,1798,47,1869,77,1083,3388,1770,ITF,ITF6,18,Calabria,Calabria,1947131,10503,0.54,0.26
693,2021-01-24,CAL,44,18,26,15,0,3,26,0,0,0,39,5,ITF,ITF6,18,Calabria,Calabria,1947131,10547,0.54,0.0
694,2021-01-04,CAL,996,492,504,969,0,27,0,0,0,0,996,0,ITF,ITF6,18,Calabria,Calabria,1947131,11543,0.59,0.05
695,2021-03-02,CAL,4131,2390,1741,705,58,677,427,1390,872,2,3422,709,ITF,ITF6,18,Calabria,Calabria,1947131,15674,0.8,0.21
696,2021-02-02,CAL,2289,1112,1177,1863,4,347,75,0,0,0,177,2112,ITF,ITF6,18,Calabria,Calabria,1947131,17963,0.92,0.12
697,2021-02-15,CAL,1137,538,599,499,26,386,159,66,0,1,989,148,ITF,ITF6,18,Calabria,Calabria,1947131,19100,0.98,0.06
698,2021-02-03,CAL,2763,1428,1335,2170,22,468,103,0,0,0,583,2180,ITF,ITF6,18,Calabria,Calabria,1947131,21863,1.12,0.14
699,2021-01-06,CAL,926,500,426,822,0,104,0,0,0,0,926,0,ITF,ITF6,18,Calabria,Calabria,1947131,22789,1.17,0.05
700,2021-03-01,CAL,2688,1533,1155,399,6,416,257,971,636,3,2238,450,ITF,ITF6,18,Calabria,Calabria,1947131,25477,1.31,0.14
701,2021-03-16,CAL,3767,1847,1920,459,5,1116,22,2077,58,30,2171,1596,ITF,ITF6,18,Calabria,Calabria,1947131,29244,1.5,0.19
702,2021-02-25,CAL,2821,1519,1302,736,49,587,234,863,348,4,2242,579,ITF,ITF6,18,Calabria,Calabria,1947131,32065,1.65,0.14
703,2021-03-04,CAL,5381,3104,2277,646,105,1308,731,1540,1049,2,4585,796,ITF,ITF6,18,Calabria,Calabria,1947131,37446,1.92,0.28
704,2021-01-31,CAL,1107,554,553,764,1,284,58,0,0,0,155,952,ITF,ITF6,18,Calabria,Calabria,1947131,38553,1.98,0.06
705,2021-02-12,CAL,1711,669,1042,815,42,718,136,0,0,0,943,768,ITF,ITF6,18,Calabria,Calabria,1947131,40264,2.07,0.09
706,2021-03-15,CAL,3447,1652,1795,542,38,889,136,1093,163,586,2018,1429,ITF,ITF6,18,Calabria,Calabria,1947131,43711,2.24,0.18
707,2021-01-14,CAL,2557,1214,1343,1962,0,592,3,0,0,0,2557,0,ITF,ITF6,18,Calabria,Calabria,1947131,46268,2.38,0.13
708,2020-12-27,CAL,275,150,125,274,0,1,0,0,0,0,275,0,ITF,ITF6,18,Calabria,Calabria,1947131,46543,2.39,0.01
709,2021-03-18,CAL,4240,1978,2262,359,49,1316,232,2195,44,45,2271,1969,ITF,ITF6,18,Calabria,Calabria,1947131,50783,2.61,0.22
710,2021-03-19,CAL,4184,1947,2237,486,5,1326,293,1964,8,102,1898,2286,ITF,ITF6,18,Calabria,Calabria,1947131,54967,2.82,0.21
711,2021-03-21,CAL,3395,1404,1991,105,0,555,198,1791,23,723,1695,1700,ITF,ITF6,18,Calabria,Calabria,1947131,58362,3.0,0.17
712,2021-03-03,CAL,4865,2651,2214,631,110,1047,917,1367,789,4,3802,1063,ITF,ITF6,18,Calabria,Calabria,1947131,63227,3.25,0.25
713,2021-02-04,CAL,3391,1623,1768,2560,38,571,222,0,0,0,644,2747,ITF,ITF6,18,Calabria,Calabria,1947131,66618,3.42,0.17
714,2021-02-06,CAL,2909,1337,1572,2095,30,537,247,0,0,0,442,2467,ITF,ITF6,18,Calabria,Calabria,1947131,69527,3.57,0.15
715,2021-02-17,CAL,1681,672,1009,673,21,322,285,299,0,81,1471,210,ITF,ITF6,18,Calabria,Calabria,1947131,71208,3.66,0.09
716,2021-01-13,CAL,2028,1022,1006,1800,0,194,34,0,0,0,2028,0,ITF,ITF6,18,Calabria,Calabria,1947131,73236,3.76,0.1
717,2021-03-13,CAL,6654,2933,3721,425,44,1333,338,3764,65,685,5680,974,ITF,ITF6,18,Calabria,Calabria,1947131,79890,4.1,0.34
718,2021-02-07,CAL,859,428,431,566,15,197,81,0,0,0,147,712,ITF,ITF6,18,Calabria,Calabria,1947131,80749,4.15,0.04
719,2021-01-19,CAL,1109,488,621,853,8,172,76,0,0,0,1098,11,ITF,ITF6,18,Calabria,Calabria,1947131,81858,4.2,0.06
720,2021-01-10,CAL,929,524,405,830,0,99,0,0,0,0,929,0,ITF,ITF6,18,Calabria,Calabria,1947131,82787,4.25,0.05
721,2021-02-11,CAL,2341,1043,1298,1464,71,565,241,0,0,0,1081,1260,ITF,ITF6,18,Calabria,Calabria,1947131,85128,4.37,0.12
722,2021-02-18,CAL,1800,803,997,586,55,454,299,345,0,61,1577,223,ITF,ITF6,18,Calabria,Calabria,1947131,86928,4.46,0.09
723,2021-02-13,CAL,1331,583,748,731,18,470,111,1,0,0,968,363,ITF,ITF6,18,Calabria,Calabria,1947131,88259,4.53,0.07
724,2021-01-25,CAL,1064,512,552,1021,0,43,0,0,0,0,156,908,ITF,ITF6,18,Calabria,Calabria,1947131,89323,4.59,0.05
725,2021-02-19,CAL,1461,652,809,544,21,320,195,380,1,0,1200,261,ITF,ITF6,18,Calabria,Calabria,1947131,90784,4.66,0.08
726,2021-02-08,CAL,1847,733,1114,1214,158,354,121,0,0,0,661,1186,ITF,ITF6,18,Calabria,Calabria,1947131,92631,4.76,0.09
727,2021-03-08,CAL,5313,2816,2497,707,25,1788,453,1514,823,3,4255,1058,ITF,ITF6,18,Calabria,Calabria,1947131,97944,5.03,0.27
728,2021-02-24,CAL,1843,940,903,658,7,359,115,653,47,4,1368,475,ITF,ITF6,18,Calabria,Calabria,1947131,99787,5.12,0.09
729,2021-01-29,CAL,2048,984,1064,1752,4,243,49,0,0,0,234,1814,ITF,ITF6,18,Calabria,Calabria,1947131,101835,5.23,0.11
730,2021-01-22,CAL,656,274,382,298,4,244,110,0,0,0,654,2,ITF,ITF6,18,Calabria,Calabria,1947131,102491,5.26,0.03
731,2021-03-20,CAL,6478,2982,3496,432,7,1581,398,3561,34,465,4090,2388,ITF,ITF6,18,Calabria,Calabria,1947131,108969,5.6,0.33
732,2021-01-07,CAL,2180,1061,1119,1883,0,297,0,0,0,0,2180,0,ITF,ITF6,18,Calabria,Calabria,1947131,111149,5.71,0.11
733,2021-02-05,CAL,3795,1709,2086,2327,298,616,554,0,0,0,488,3307,ITF,ITF6,18,Calabria,Calabria,1947131,114944,5.9,0.19
734,2021-01-17,CAL,867,418,449,527,9,283,48,0,0,0,801,66,ITF,ITF6,18,Calabria,Calabria,1947131,115811,5.95,0.04
735,2021-02-27,CAL,3679,1913,1766,421,37,551,395,1971,302,2,3301,378,ITF,ITF6,18,Calabria,Calabria,1947131,119490,6.14,0.19
736,2021-02-14,CAL,371,145,226,146,13,129,83,0,0,0,341,30,ITF,ITF6,18,Calabria,Calabria,1947131,119861,6.16,0.02
737,2021-02-10,CAL,2463,1074,1389,1469,66,571,357,0,0,0,839,1624,ITF,ITF6,18,Calabria,Calabria,1947131,122324,6.28,0.13
738,2021-01-23,CAL,400,186,214,325,1,51,23,0,0,0,358,42,ITF,ITF6,18,Calabria,Calabria,1947131,122724,6.3,0.02
739,2021-03-12,CAL,5092,2438,2654,468,26,1300,217,1963,333,785,4049,1043,ITF,ITF6,18,Calabria,Calabria,1947131,127816,6.56,0.26
740,2021-03-09,CAL,5820,3031,2789,803,23,1916,419,1768,873,18,4843,977,ITF,ITF6,18,Calabria,Calabria,1947131,133636,6.86,0.3
741,2021-01-30,CAL,2173,1147,1026,1974,0,199,0,0,0,0,358,1815,ITF,ITF6,18,Calabria,Calabria,1947131,135809,6.97,0.11
742,2021-01-12,CAL,2058,1017,1041,1706,0,323,29,0,0,0,2058,0,ITF,ITF6,18,Calabria,Calabria,1947131,137867,7.08,0.11
743,2021-03-07,CAL,3131,1561,1570,105,0,655,348,1674,347,2,3042,89,ITF,ITF6,18,Calabria,Calabria,1947131,140998,7.24,0.16
744,2021-03-05,CAL,6145,3540,2605,695,33,1556,710,1854,1292,5,5570,575,ITF,ITF6,18,Calabria,Calabria,1947131,147143,7.56,0.32
745,2021-01-08,CAL,2109,1014,1095,1898,0,211,0,0,0,0,2109,0,ITF,ITF6,18,Calabria,Calabria,1947131,149252,7.67,0.11
746,2021-01-26,CAL,1805,861,944,1571,18,146,70,0,0,0,285,1520,ITF,ITF6,18,Calabria,Calabria,1947131,151057,7.76,0.09
747,2021-01-03,CAL,6,3,3,4,0,2,0,0,0,0,6,0,ITF,ITF6,18,Calabria,Calabria,1947131,151063,7.76,0.0
748,2021-02-28,CAL,2167,983,1184,113,8,144,190,1706,6,0,2016,151,ITF,ITF6,18,Calabria,Calabria,1947131,153230,7.87,0.11
749,2021-01-21,CAL,958,444,514,735,1,107,115,0,0,0,929,29,ITF,ITF6,18,Calabria,Calabria,1947131,154188,7.92,0.05
750,2021-03-14,CAL,2542,1018,1524,322,2,374,312,802,9,721,2142,400,ITF,ITF6,18,Calabria,Calabria,1947131,156730,8.05,0.13
751,2021-02-21,CAL,608,286,322,36,28,136,47,331,30,0,531,77,ITF,ITF6,18,Calabria,Calabria,1947131,157338,8.08,0.03
752,2021-02-16,CAL,1534,643,891,659,11,506,240,118,0,0,1255,279,ITF,ITF6,18,Calabria,Calabria,1947131,158872,8.16,0.08
753,2021-01-20,CAL,1395,622,773,864,6,346,179,0,0,0,1394,1,ITF,ITF6,18,Calabria,Calabria,1947131,160267,8.23,0.07
754,2021-03-11,CAL,6875,3276,3599,934,25,2038,570,2379,329,600,5619,1256,ITF,ITF6,18,Calabria,Calabria,1947131,167142,8.58,0.35
755,2021-01-18,CAL,1230,550,680,982,0,237,11,0,0,0,1040,190,ITF,ITF6,18,Calabria,Calabria,1947131,168372,8.65,0.06
756,2021-03-06,CAL,7945,4053,3892,701,69,1803,758,3795,813,6,7190,755,ITF,ITF6,18,Calabria,Calabria,1947131,176317,9.06,0.41
757,2021-01-28,CAL,2232,1107,1125,1920,1,311,0,0,0,0,84,2148,ITF,ITF6,18,Calabria,Calabria,1947131,178549,9.17,0.11
758,2021-02-22,CAL,1996,1013,983,727,48,495,166,552,3,5,1441,555,ITF,ITF6,18,Calabria,Calabria,1947131,180545,9.27,0.1
759,2021-03-22,CAL,4705,2201,2504,194,10,1197,145,1994,40,1125,3041,1664,ITF,ITF6,18,Calabria,Calabria,1947131,185250,9.51,0.24
760,2021-03-17,CAL,3634,1621,2013,277,49,931,165,2093,26,93,1937,1697,ITF,ITF6,18,Calabria,Calabria,1947131,188884,9.7,0.19
761,2021-02-26,CAL,3079,1631,1448,539,57,631,407,1147,294,4,2611,468,ITF,ITF6,18,Calabria,Calabria,1947131,191963,9.86,0.16
762,2021-02-09,CAL,2147,904,1243,1422,220,274,231,0,0,0,948,1199,ITF,ITF6,18,Calabria,Calabria,1947131,194110,9.97,0.11
763,2021-01-09,CAL,1916,1036,880,1529,0,387,0,0,0,0,1916,0,ITF,ITF6,18,Calabria,Calabria,1947131,196026,10.07,0.1
764,2021-01-27,CAL,1457,734,723,1226,2,206,23,0,0,0,396,1061,ITF,ITF6,18,Calabria,Calabria,1947131,197483,10.14,0.07
765,2021-03-10,CAL,6441,3278,3163,742,42,2309,586,2021,677,64,5250,1191,ITF,ITF6,18,Calabria,Calabria,1947131,203924,10.47,0.33
766,2021-01-11,CAL,2154,1040,1114,1759,0,392,3,0,0,0,2154,0,ITF,ITF6,18,Calabria,Calabria,1947131,206078,10.58,0.11
767,2021-02-23,CAL,1549,728,821,437,33,348,206,522,2,1,1434,115,ITF,ITF6,18,Calabria,Calabria,1947131,207627,10.66,0.08
768,2021-01-15,CAL,2793,1258,1535,1690,35,656,412,0,0,0,2793,0,ITF,ITF6,18,Calabria,Calabria,1947131,210420,10.81,0.14
769,2020-12-28,CAL,6,2,4,6,0,0,0,0,0,0,6,0,ITF,ITF6,18,Calabria,Calabria,1947131,210426,10.81,0.0
770,2021-02-20,CAL,1358,735,623,438,23,388,55,433,19,2,1043,315,ITF,ITF6,18,Calabria,Calabria,1947131,211784,10.88,0.07
771,2021-02-01,CAL,2497,1192,1305,2044,4,406,43,0,0,0,248,2249,ITF,ITF6,18,Calabria,Calabria,1947131,214281,11.0,0.13
772,2021-01-13,PIE,10078,3222,6856,6484,2039,226,1329,0,0,0,10078,0,ITC,ITC1,1,Piemonte,Piemonte,4356406,10078,0.23,0.23
773,2021-01-15,PIE,8962,2951,6011,5495,1860,64,1543,0,0,0,8962,0,ITC,ITC1,1,Piemonte,Piemonte,4356406,19040,0.44,0.21
774,2021-03-07,PIE,11949,4649,7300,1321,726,419,107,7327,0,2049,11070,879,ITC,ITC1,1,Piemonte,Piemonte,4356406,30989,0.71,0.27
775,2021-01-14,PIE,9761,3150,6611,6175,2006,96,1484,0,0,0,9761,0,ITC,ITC1,1,Piemonte,Piemonte,4356406,40750,0.94,0.22
776,2021-01-23,PIE,4254,1325,2929,3206,453,75,520,0,0,0,878,3376,ITC,ITC1,1,Piemonte,Piemonte,4356406,45004,1.03,0.1
777,2021-02-11,PIE,6761,2106,4655,3421,1136,191,2010,0,0,3,3004,3757,ITC,ITC1,1,Piemonte,Piemonte,4356406,51765,1.19,0.16
778,2021-01-17,PIE,3517,1168,2349,2082,588,7,840,0,0,0,2870,647,ITC,ITC1,1,Piemonte,Piemonte,4356406,55282,1.27,0.08
779,2021-01-26,PIE,6328,1878,4450,4725,831,44,728,0,0,0,735,5593,ITC,ITC1,1,Piemonte,Piemonte,4356406,61610,1.41,0.15
780,2020-12-28,PIE,1,1,0,1,0,0,0,0,0,0,1,0,ITC,ITC1,1,Piemonte,Piemonte,4356406,61611,1.41,0.0
781,2021-01-30,PIE,5978,2135,3843,4367,1049,67,495,0,0,0,218,5760,ITC,ITC1,1,Piemonte,Piemonte,4356406,67589,1.55,0.14
782,2021-02-06,PIE,7982,2664,5318,5100,1528,104,1250,0,0,0,400,7582,ITC,ITC1,1,Piemonte,Piemonte,4356406,75571,1.73,0.18
783,2021-01-19,PIE,6421,2099,4322,3574,1238,61,1548,0,0,0,6412,9,ITC,ITC1,1,Piemonte,Piemonte,4356406,81992,1.88,0.15
784,2021-02-13,PIE,4150,1334,2816,2309,654,68,1113,1,0,5,2928,1222,ITC,ITC1,1,Piemonte,Piemonte,4356406,86142,1.98,0.1
785,2021-01-18,PIE,6162,2047,4115,3236,1322,82,1522,0,0,0,5914,248,ITC,ITC1,1,Piemonte,Piemonte,4356406,92304,2.12,0.14
786,2021-01-20,PIE,6538,2067,4471,3573,1140,13,1812,0,0,0,5813,725,ITC,ITC1,1,Piemonte,Piemonte,4356406,98842,2.27,0.15
787,2021-03-11,PIE,13526,4968,8558,2308,809,635,369,7314,0,2091,10444,3082,ITC,ITC1,1,Piemonte,Piemonte,4356406,112368,2.58,0.31
788,2021-02-25,PIE,12199,5244,6955,1439,592,1485,405,6320,0,1958,11651,548,ITC,ITC1,1,Piemonte,Piemonte,4356406,124567,2.86,0.28
789,2021-01-28,PIE,5588,1809,3779,4118,829,50,590,1,0,0,384,5204,ITC,ITC1,1,Piemonte,Piemonte,4356406,130155,2.99,0.13
790,2021-01-11,PIE,8740,2980,5760,6053,1484,77,1126,0,0,0,8740,0,ITC,ITC1,1,Piemonte,Piemonte,4356406,138895,3.19,0.2
791,2021-02-02,PIE,10232,3504,6728,6867,1979,69,1317,0,0,0,814,9418,ITC,ITC1,1,Piemonte,Piemonte,4356406,149127,3.42,0.23
792,2021-02-27,PIE,12660,4840,7820,882,464,517,232,7529,0,3036,12312,348,ITC,ITC1,1,Piemonte,Piemonte,4356406,161787,3.71,0.29
793,2021-03-20,PIE,11511,4748,6763,858,420,753,146,7403,0,1931,5683,5828,ITC,ITC1,1,Piemonte,Piemonte,4356406,173298,3.98,0.26
794,2021-03-09,PIE,13531,5263,8268,1679,850,718,354,7615,0,2315,11184,2347,ITC,ITC1,1,Piemonte,Piemonte,4356406,186829,4.29,0.31
795,2021-03-16,PIE,10269,4151,6118,2227,798,296,320,6615,0,13,4213,6056,ITC,ITC1,1,Piemonte,Piemonte,4356406,197098,4.52,0.24
796,2021-03-06,PIE,13965,5202,8763,2261,771,357,456,7428,0,2692,11180,2785,ITC,ITC1,1,Piemonte,Piemonte,4356406,211063,4.84,0.32
797,2020-12-27,PIE,912,368,544,760,65,11,76,0,0,0,912,0,ITC,ITC1,1,Piemonte,Piemonte,4356406,211975,4.87,0.02
798,2021-01-22,PIE,3864,1248,2616,2280,609,41,934,0,0,0,2523,1341,ITC,ITC1,1,Piemonte,Piemonte,4356406,215839,4.95,0.09
799,2021-02-09,PIE,7350,2309,5041,4154,1323,43,1830,0,0,0,722,6628,ITC,ITC1,1,Piemonte,Piemonte,4356406,223189,5.12,0.17
800,2021-01-27,PIE,4196,1453,2743,2983,541,115,557,0,0,0,999,3197,ITC,ITC1,1,Piemonte,Piemonte,4356406,227385,5.22,0.1
801,2021-02-10,PIE,7445,2346,5099,3850,1461,37,2097,0,0,0,1316,6129,ITC,ITC1,1,Piemonte,Piemonte,4356406,234830,5.39,0.17
802,2021-03-14,PIE,8181,3322,4859,794,233,384,2,5795,0,973,5286,2895,ITC,ITC1,1,Piemonte,Piemonte,4356406,243011,5.58,0.19
803,2021-01-04,PIE,5562,1678,3884,4590,716,21,235,0,0,0,5562,0,ITC,ITC1,1,Piemonte,Piemonte,4356406,248573,5.71,0.13
804,2021-01-03,PIE,3061,966,2095,2714,268,27,52,0,0,0,3061,0,ITC,ITC1,1,Piemonte,Piemonte,4356406,251634,5.78,0.07
805,2021-01-16,PIE,7754,2630,5124,4795,1515,80,1364,0,0,0,7754,0,ITC,ITC1,1,Piemonte,Piemonte,4356406,259388,5.95,0.18
806,2021-01-05,PIE,5377,1602,3775,4364,683,45,285,0,0,0,5377,0,ITC,ITC1,1,Piemonte,Piemonte,4356406,264765,6.08,0.12
807,2021-01-29,PIE,5940,1886,4054,4198,1018,51,673,0,0,0,455,5485,ITC,ITC1,1,Piemonte,Piemonte,4356406,270705,6.21,0.14
808,2021-02-17,PIE,4730,2124,2606,2188,954,1089,497,1,0,1,3741,989,ITC,ITC1,1,Piemonte,Piemonte,4356406,275435,6.32,0.11
809,2021-03-08,PIE,13792,5247,8545,2040,892,538,411,7394,0,2517,11079,2713,ITC,ITC1,1,Piemonte,Piemonte,4356406,289227,6.64,0.32
810,2021-03-12,PIE,13720,5073,8647,2131,854,476,454,7550,0,2255,10811,2909,ITC,ITC1,1,Piemonte,Piemonte,4356406,302947,6.95,0.31
811,2021-03-10,PIE,13374,5061,8313,1662,732,642,279,7918,0,2141,11079,2295,ITC,ITC1,1,Piemonte,Piemonte,4356406,316321,7.26,0.31
812,2021-01-06,PIE,3114,1110,2004,2368,319,114,313,0,0,0,3114,0,ITC,ITC1,1,Piemonte,Piemonte,4356406,319435,7.33,0.07
813,2021-02-15,PIE,4426,1594,2832,2319,841,303,961,1,0,1,3221,1205,ITC,ITC1,1,Piemonte,Piemonte,4356406,323861,7.43,0.1
814,2021-03-17,PIE,12255,4970,7285,2075,717,342,235,8877,0,9,4969,7286,ITC,ITC1,1,Piemonte,Piemonte,4356406,336116,7.72,0.28
815,2021-02-04,PIE,10196,3337,6859,6234,2129,70,1763,0,0,0,588,9608,ITC,ITC1,1,Piemonte,Piemonte,4356406,346312,7.95,0.23
816,2021-01-31,PIE,4105,1748,2357,3076,636,18,375,0,0,0,112,3993,ITC,ITC1,1,Piemonte,Piemonte,4356406,350417,8.04,0.09
817,2021-03-13,PIE,12773,4619,8154,1168,503,510,157,8300,0,2135,11332,1441,ITC,ITC1,1,Piemonte,Piemonte,4356406,363190,8.34,0.29
818,2021-03-02,PIE,11132,4476,6656,901,316,816,214,6384,0,2501,10315,817,ITC,ITC1,1,Piemonte,Piemonte,4356406,374322,8.59,0.26
819,2021-03-05,PIE,15254,5954,9300,2538,1098,925,654,7663,0,2376,11430,3824,ITC,ITC1,1,Piemonte,Piemonte,4356406,389576,8.94,0.35
820,2021-03-18,PIE,11468,4706,6762,1459,677,329,342,8643,0,18,3760,7708,ITC,ITC1,1,Piemonte,Piemonte,4356406,401044,9.21,0.26
821,2021-01-21,PIE,6876,2314,4562,4705,825,30,1316,0,0,0,3381,3495,ITC,ITC1,1,Piemonte,Piemonte,4356406,407920,9.36,0.16
822,2021-02-01,PIE,8641,3053,5588,6170,1324,79,1068,0,0,0,578,8063,ITC,ITC1,1,Piemonte,Piemonte,4356406,416561,9.56,0.2
823,2021-02-19,PIE,5526,2171,3355,1987,788,977,666,30,0,1078,5024,502,ITC,ITC1,1,Piemonte,Piemonte,4356406,422087,9.69,0.13
824,2021-02-05,PIE,9450,3077,6373,5766,1959,82,1643,0,0,0,657,8793,ITC,ITC1,1,Piemonte,Piemonte,4356406,431537,9.91,0.22
825,2021-02-03,PIE,10185,3301,6884,6641,2041,268,1235,0,0,0,611,9574,ITC,ITC1,1,Piemonte,Piemonte,4356406,441722,10.14,0.23
826,2021-02-12,PIE,6881,2212,4669,3525,1509,138,1707,0,0,2,3924,2957,ITC,ITC1,1,Piemonte,Piemonte,4356406,448603,10.3,0.16
827,2021-02-16,PIE,3962,1752,2210,1819,778,816,548,0,0,1,3204,758,ITC,ITC1,1,Piemonte,Piemonte,4356406,452565,10.39,0.09
828,2021-02-18,PIE,4780,2088,2692,2250,868,1036,624,0,0,2,4350,430,ITC,ITC1,1,Piemonte,Piemonte,4356406,457345,10.5,0.11
829,2021-03-19,PIE,10574,4330,6244,1085,453,444,416,7906,0,270,4147,6427,ITC,ITC1,1,Piemonte,Piemonte,4356406,467919,10.74,0.24
830,2021-01-12,PIE,10040,3401,6639,6859,1917,92,1172,0,0,0,10040,0,ITC,ITC1,1,Piemonte,Piemonte,4356406,477959,10.97,0.23
831,2021-03-21,PIE,10342,4527,5815,575,383,1237,9,6823,0,1315,3819,6523,ITC,ITC1,1,Piemonte,Piemonte,4356406,488301,11.21,0.24
832,2021-01-10,PIE,5207,2273,2934,3904,765,19,519,0,0,0,5207,0,ITC,ITC1,1,Piemonte,Piemonte,4356406,493508,11.33,0.12
833,2021-02-23,PIE,9226,3708,5518,2294,821,570,389,4100,0,1052,8645,581,ITC,ITC1,1,Piemonte,Piemonte,4356406,502734,11.54,0.21
834,2021-02-26,PIE,12234,4909,7325,811,376,1071,487,6593,0,2896,11497,737,ITC,ITC1,1,Piemonte,Piemonte,4356406,514968,11.82,0.28
835,2021-01-25,PIE,6209,1938,4271,4782,839,26,562,0,0,0,982,5227,ITC,ITC1,1,Piemonte,Piemonte,4356406,521177,11.96,0.14
836,2021-02-20,PIE,3828,1251,2577,1100,394,669,219,30,0,1416,3654,174,ITC,ITC1,1,Piemonte,Piemonte,4356406,525005,12.05,0.09
837,2021-02-14,PIE,1475,498,977,796,331,49,285,0,0,14,875,600,ITC,ITC1,1,Piemonte,Piemonte,4356406,526480,12.09,0.03
838,2021-01-09,PIE,6183,2185,3998,4488,1094,33,568,0,0,0,6183,0,ITC,ITC1,1,Piemonte,Piemonte,4356406,532663,12.23,0.14
839,2021-02-24,PIE,11382,4617,6765,1843,586,728,407,5660,0,2158,10871,511,ITC,ITC1,1,Piemonte,Piemonte,4356406,544045,12.49,0.26
840,2021-01-07,PIE,5385,1739,3646,4158,837,49,341,0,0,0,5385,0,ITC,ITC1,1,Piemonte,Piemonte,4356406,549430,12.61,0.12
841,2020-12-30,PIE,730,322,408,685,45,0,0,0,0,0,730,0,ITC,ITC1,1,Piemonte,Piemonte,4356406,550160,12.63,0.02
842,2021-01-08,PIE,5529,1761,3768,4078,971,58,422,0,0,0,5529,0,ITC,ITC1,1,Piemonte,Piemonte,4356406,555689,12.76,0.13
843,2020-12-31,PIE,3907,1332,2575,3413,354,6,134,0,0,0,3907,0,ITC,ITC1,1,Piemonte,Piemonte,4356406,559596,12.85,0.09
844,2021-03-15,PIE,10595,4138,6457,1715,923,579,229,5689,0,1460,4980,5615,ITC,ITC1,1,Piemonte,Piemonte,4356406,570191,13.09,0.24
845,2021-02-22,PIE,8460,3462,4998,1702,800,639,511,3888,0,920,7871,589,ITC,ITC1,1,Piemonte,Piemonte,4356406,578651,13.28,0.19
846,2021-03-22,PIE,10607,4376,6231,871,456,508,158,7400,0,1214,3385,7222,ITC,ITC1,1,Piemonte,Piemonte,4356406,589258,13.53,0.24
847,2021-03-04,PIE,14425,5716,8709,2169,870,1093,581,7523,0,2189,11514,2911,ITC,ITC1,1,Piemonte,Piemonte,4356406,603683,13.86,0.33
848,2021-03-24,PIE,5757,2401,3356,442,222,298,4,4530,22,239,1718,4039,ITC,ITC1,1,Piemonte,Piemonte,4356406,609440,13.99,0.13
849,2021-03-23,PIE,12232,5040,7192,642,323,900,148,8964,0,1255,6012,6220,ITC,ITC1,1,Piemonte,Piemonte,4356406,621672,14.27,0.28
850,2021-01-24,PIE,3150,957,2193,2632,344,28,146,0,0,0,434,2716,ITC,ITC1,1,Piemonte,Piemonte,4356406,624822,14.34,0.07
851,2021-01-02,PIE,3540,1134,2406,3073,336,78,53,0,0,0,3540,0,ITC,ITC1,1,Piemonte,Piemonte,4356406,628362,14.42,0.08
852,2021-02-28,PIE,10803,4054,6749,642,344,167,53,6812,0,2785,10563,240,ITC,ITC1,1,Piemonte,Piemonte,4356406,639165,14.67,0.25
853,2021-02-08,PIE,6914,2355,4559,3784,1480,78,1572,0,0,0,666,6248,ITC,ITC1,1,Piemonte,Piemonte,4356406,646079,14.83,0.16
854,2021-02-21,PIE,5086,2080,3006,686,189,75,47,3352,0,737,4983,103,ITC,ITC1,1,Piemonte,Piemonte,4356406,651165,14.95,0.12
855,2021-02-07,PIE,3087,974,2113,1648,643,19,777,0,0,0,445,2642,ITC,ITC1,1,Piemonte,Piemonte,4356406,654252,15.02,0.07
856,2021-03-01,PIE,11703,4685,7018,1142,538,743,281,6596,0,2403,10891,812,ITC,ITC1,1,Piemonte,Piemonte,4356406,665955,15.29,0.27
857,2021-03-03,PIE,12057,4618,7439,1102,434,594,257,7016,0,2654,11234,823,ITC,ITC1,1,Piemonte,Piemonte,4356406,678012,15.56,0.28
858,2021-01-01,PIE,1038,395,643,922,116,0,0,0,0,0,1038,0,ITC,ITC1,1,Piemonte,Piemonte,4356406,679050,15.59,0.02
859,2021-03-11,LOM,35453,13220,22233,5768,2379,2345,2069,15024,1216,6652,25774,9679,ITC,ITC4,3,Lombardia,Lombardia,10060574,35453,0.35,0.35
860,2021-02-02,LOM,19807,6568,13239,13481,4408,155,1679,76,7,1,489,19318,ITC,ITC4,3,Lombardia,Lombardia,10060574,55260,0.55,0.2
861,2021-01-20,LOM,5578,1364,4214,2743,1174,45,1557,59,0,0,5463,115,ITC,ITC4,3,Lombardia,Lombardia,10060574,60838,0.6,0.06
862,2021-01-02,LOM,199,72,127,178,16,5,0,0,0,0,199,0,ITC,ITC4,3,Lombardia,Lombardia,10060574,61037,0.61,0.0
863,2021-02-07,LOM,7172,2793,4379,5540,1285,60,263,17,2,5,339,6833,ITC,ITC4,3,Lombardia,Lombardia,10060574,68209,0.68,0.07
864,2021-01-17,LOM,8249,3321,4928,5547,699,1751,211,36,5,0,8049,200,ITC,ITC4,3,Lombardia,Lombardia,10060574,76458,0.76,0.08
865,2021-01-24,LOM,1186,454,732,830,134,197,24,1,0,0,523,663,ITC,ITC4,3,Lombardia,Lombardia,10060574,77644,0.77,0.01
866,2021-03-04,LOM,28857,11933,16924,6894,2175,4647,2055,10779,1931,376,19979,8878,ITC,ITC4,3,Lombardia,Lombardia,10060574,106501,1.06,0.29
867,2021-03-06,LOM,21117,9009,12108,4750,1850,4275,438,7432,1025,1347,16611,4506,ITC,ITC4,3,Lombardia,Lombardia,10060574,127618,1.27,0.21
868,2021-01-18,LOM,9092,2948,6144,5159,1940,107,1830,54,2,0,8110,982,ITC,ITC4,3,Lombardia,Lombardia,10060574,136710,1.36,0.09
869,2021-01-05,LOM,7692,2524,5168,6178,1108,227,172,7,0,0,7692,0,ITC,ITC4,3,Lombardia,Lombardia,10060574,144402,1.44,0.08
870,2021-02-22,LOM,11655,4713,6942,4165,1393,143,932,4029,965,28,11346,309,ITC,ITC4,3,Lombardia,Lombardia,10060574,156057,1.55,0.12
871,2021-01-11,LOM,16016,5321,10695,11811,3303,158,699,42,1,2,16016,0,ITC,ITC4,3,Lombardia,Lombardia,10060574,172073,1.71,0.16
872,2021-01-15,LOM,24535,7232,17303,13581,5769,428,4453,302,2,0,24535,0,ITC,ITC4,3,Lombardia,Lombardia,10060574,196608,1.95,0.24
873,2021-03-15,LOM,31102,11152,19950,4648,2128,1826,822,12867,593,8218,22720,8382,ITC,ITC4,3,Lombardia,Lombardia,10060574,227710,2.26,0.31
874,2021-02-19,LOM,14035,5357,8678,5529,1618,268,1136,4540,928,16,13358,677,ITC,ITC4,3,Lombardia,Lombardia,10060574,241745,2.4,0.14
875,2021-01-12,LOM,19733,6581,13152,13405,4437,235,1563,92,1,0,19733,0,ITC,ITC4,3,Lombardia,Lombardia,10060574,261478,2.6,0.2
876,2021-02-03,LOM,25382,7858,17524,15538,5550,152,3991,142,8,1,1120,24262,ITC,ITC4,3,Lombardia,Lombardia,10060574,286860,2.85,0.25
877,2021-01-04,LOM,5979,2059,3920,4917,692,186,173,11,0,0,5979,0,ITC,ITC4,3,Lombardia,Lombardia,10060574,292839,2.91,0.06
878,2021-01-28,LOM,12155,3684,8471,9172,1783,199,971,28,1,1,775,11380,ITC,ITC4,3,Lombardia,Lombardia,10060574,304994,3.03,0.12
879,2021-01-26,LOM,8325,2704,5621,6640,1270,170,223,22,0,0,334,7991,ITC,ITC4,3,Lombardia,Lombardia,10060574,313319,3.11,0.08
880,2021-03-07,LOM,10858,4788,6070,2998,895,1165,73,4520,552,655,8306,2552,ITC,ITC4,3,Lombardia,Lombardia,10060574,324177,3.22,0.11
881,2020-12-28,LOM,103,44,59,102,1,0,0,0,0,0,103,0,ITC,ITC4,3,Lombardia,Lombardia,10060574,324280,3.22,0.0
882,2021-03-08,LOM,29096,10912,18184,6504,1962,2234,1011,11288,1575,4522,22187,6909,ITC,ITC4,3,Lombardia,Lombardia,10060574,353376,3.51,0.29
883,2021-01-22,LOM,2935,828,2107,1569,595,34,728,9,0,0,2882,53,ITC,ITC4,3,Lombardia,Lombardia,10060574,356311,3.54,0.03
884,2021-03-12,LOM,33925,12549,21376,5016,2146,2025,1396,15382,1086,6874,23897,10028,ITC,ITC4,3,Lombardia,Lombardia,10060574,390236,3.88,0.34
885,2021-02-08,LOM,9802,2859,6943,5195,2170,69,2315,53,0,0,2089,7713,ITC,ITC4,3,Lombardia,Lombardia,10060574,400038,3.98,0.1
886,2021-03-21,LOM,22592,8041,14551,1046,551,1265,410,9681,734,8905,17340,5252,ITC,ITC4,3,Lombardia,Lombardia,10060574,422630,4.2,0.22
887,2021-01-16,LOM,15316,5695,9621,8599,1230,3850,1482,152,3,0,15316,0,ITC,ITC4,3,Lombardia,Lombardia,10060574,437946,4.35,0.15
888,2021-03-24,LOM,12079,4465,7614,969,352,892,498,5826,223,3319,8119,3960,ITC,ITC4,3,Lombardia,Lombardia,10060574,450025,4.47,0.12
889,2021-03-22,LOM,38408,13505,24903,2379,1288,2330,659,19389,443,11920,28549,9859,ITC,ITC4,3,Lombardia,Lombardia,10060574,488433,4.85,0.38
890,2021-01-30,LOM,12309,4565,7744,9902,2048,189,160,8,1,1,192,12117,ITC,ITC4,3,Lombardia,Lombardia,10060574,500742,4.98,0.12
891,2021-01-01,LOM,24,7,17,24,0,0,0,0,0,0,24,0,ITC,ITC4,3,Lombardia,Lombardia,10060574,500766,4.98,0.0
892,2021-03-16,LOM,25251,10019,15232,3290,1344,1542,1388,17595,17,75,16277,8974,ITC,ITC4,3,Lombardia,Lombardia,10060574,526017,5.23,0.25
893,2021-01-03,LOM,852,316,536,744,87,16,4,1,0,0,852,0,ITC,ITC4,3,Lombardia,Lombardia,10060574,526869,5.24,0.01
894,2021-02-25,LOM,15090,6267,8823,2948,1286,327,1292,8011,1216,10,13546,1544,ITC,ITC4,3,Lombardia,Lombardia,10060574,541959,5.39,0.15
895,2021-03-10,LOM,32097,12236,19861,6775,2497,2429,1920,11505,1530,5441,24495,7602,ITC,ITC4,3,Lombardia,Lombardia,10060574,574056,5.71,0.32
896,2021-02-26,LOM,17953,7424,10529,3085,1640,274,1155,10471,1304,24,16322,1631,ITC,ITC4,3,Lombardia,Lombardia,10060574,592009,5.88,0.18
897,2021-03-05,LOM,28091,11575,16516,7011,2453,4232,1470,10620,1900,405,19949,8142,ITC,ITC4,3,Lombardia,Lombardia,10060574,620100,6.16,0.28
898,2021-01-31,LOM,9727,3754,5973,7568,1996,67,87,7,2,0,33,9694,ITC,ITC4,3,Lombardia,Lombardia,10060574,629827,6.26,0.1
899,2021-02-01,LOM,16029,5308,10721,11661,3315,106,902,43,1,1,324,15705,ITC,ITC4,3,Lombardia,Lombardia,10060574,645856,6.42,0.16
900,2021-03-01,LOM,18575,8138,10437,2635,1017,1598,897,10791,1609,28,16871,1704,ITC,ITC4,3,Lombardia,Lombardia,10060574,664431,6.6,0.18
901,2021-01-06,LOM,7051,2487,4564,5841,1020,150,38,0,0,2,7051,0,ITC,ITC4,3,Lombardia,Lombardia,10060574,671482,6.67,0.07
902,2021-03-09,LOM,32202,12362,19840,6029,2530,2548,2265,11992,1427,5411,24882,7320,ITC,ITC4,3,Lombardia,Lombardia,10060574,703684,6.99,0.32
903,2021-02-12,LOM,13467,4213,9254,7975,2565,93,2724,102,5,3,8730,4737,ITC,ITC4,3,Lombardia,Lombardia,10060574,717151,7.13,0.13
904,2021-01-25,LOM,7020,2370,4650,5629,911,248,218,14,0,0,486,6534,ITC,ITC4,3,Lombardia,Lombardia,10060574,724171,7.2,0.07
905,2021-01-27,LOM,8028,2675,5353,6192,1244,155,434,1,0,2,820,7208,ITC,ITC4,3,Lombardia,Lombardia,10060574,732199,7.28,0.08
906,2021-02-06,LOM,15028,5462,9566,9698,2910,485,1860,71,1,3,977,14051,ITC,ITC4,3,Lombardia,Lombardia,10060574,747227,7.43,0.15
907,2021-03-23,LOM,38925,13958,24967,1995,1262,2910,1025,19262,321,12150,27986,10939,ITC,ITC4,3,Lombardia,Lombardia,10060574,786152,7.81,0.39
908,2021-02-05,LOM,24968,7257,17711,14109,6041,183,4376,258,1,0,2132,22836,ITC,ITC4,3,Lombardia,Lombardia,10060574,811120,8.06,0.25
909,2021-02-20,LOM,9387,3880,5507,4275,973,137,216,2919,863,4,9094,293,ITC,ITC4,3,Lombardia,Lombardia,10060574,820507,8.16,0.09
910,2020-12-31,LOM,713,300,413,657,56,0,0,0,0,0,713,0,ITC,ITC4,3,Lombardia,Lombardia,10060574,821220,8.16,0.01
911,2021-02-28,LOM,7834,3234,4600,1106,694,1586,76,4259,82,31,7618,216,ITC,ITC4,3,Lombardia,Lombardia,10060574,829054,8.24,0.08
912,2021-03-19,LOM,31715,12612,19103,2707,1695,1184,1266,21708,150,3005,18889,12826,ITC,ITC4,3,Lombardia,Lombardia,10060574,860769,8.56,0.32
913,2021-02-15,LOM,8784,3074,5710,6011,1603,150,976,4,31,9,8364,420,ITC,ITC4,3,Lombardia,Lombardia,10060574,869553,8.64,0.09
914,2021-02-18,LOM,13949,4904,9045,6113,1790,157,1567,3437,857,28,12926,1023,ITC,ITC4,3,Lombardia,Lombardia,10060574,883502,8.78,0.14
915,2021-01-21,LOM,5322,1566,3756,3008,1208,78,1024,4,0,0,4635,687,ITC,ITC4,3,Lombardia,Lombardia,10060574,888824,8.83,0.05
916,2021-03-17,LOM,25630,10237,15393,2488,1297,987,1898,18877,44,39,14936,10694,ITC,ITC4,3,Lombardia,Lombardia,10060574,914454,9.09,0.25
917,2021-02-17,LOM,11793,3707,8086,7590,2149,107,1860,39,38,10,10438,1355,ITC,ITC4,3,Lombardia,Lombardia,10060574,926247,9.21,0.12
918,2021-03-20,LOM,31421,11662,19759,1889,1157,1848,519,17962,284,7762,21679,9742,ITC,ITC4,3,Lombardia,Lombardia,10060574,957668,9.52,0.31
919,2021-02-13,LOM,6380,2431,3949,4172,1416,85,682,17,4,4,4931,1449,ITC,ITC4,3,Lombardia,Lombardia,10060574,964048,9.58,0.06
920,2021-02-16,LOM,9462,3074,6388,5832,2098,159,1338,8,8,19,9011,451,ITC,ITC4,3,Lombardia,Lombardia,10060574,973510,9.68,0.09
921,2021-01-09,LOM,12381,4560,7821,9503,2051,624,196,6,1,0,12381,0,ITC,ITC4,3,Lombardia,Lombardia,10060574,985891,9.8,0.12
922,2021-01-08,LOM,12599,3898,8701,9962,2175,143,314,5,0,0,12599,0,ITC,ITC4,3,Lombardia,Lombardia,10060574,998490,9.92,0.13
923,2021-02-21,LOM,5004,1851,3153,1743,807,152,32,2227,40,3,4984,20,ITC,ITC4,3,Lombardia,Lombardia,10060574,1003494,9.97,0.05
924,2020-12-30,LOM,113,42,71,105,7,1,0,0,0,0,113,0,ITC,ITC4,3,Lombardia,Lombardia,10060574,1003607,9.98,0.0
925,2021-02-09,LOM,12104,3298,8806,5716,2206,92,4009,75,2,4,4001,8103,ITC,ITC4,3,Lombardia,Lombardia,10060574,1015711,10.1,0.12
926,2020-12-27,LOM,702,407,295,601,45,41,14,1,0,0,702,0,ITC,ITC4,3,Lombardia,Lombardia,10060574,1016413,10.1,0.01
927,2021-02-04,LOM,27164,7963,19201,15584,5728,150,5501,194,7,0,1940,25224,ITC,ITC4,3,Lombardia,Lombardia,10060574,1043577,10.37,0.27
928,2021-02-11,LOM,16782,4938,11844,9646,3188,58,3848,32,4,6,9458,7324,ITC,ITC4,3,Lombardia,Lombardia,10060574,1060359,10.54,0.17
929,2021-02-23,LOM,11696,4772,6924,3936,1350,266,841,4310,990,3,11388,308,ITC,ITC4,3,Lombardia,Lombardia,10060574,1072055,10.66,0.12
930,2021-01-13,LOM,25903,7942,17961,15621,5671,297,4122,189,2,1,25903,0,ITC,ITC4,3,Lombardia,Lombardia,10060574,1097958,10.91,0.26
931,2021-03-02,LOM,22452,9567,12885,3046,1297,2893,2087,11221,1778,130,19514,2938,ITC,ITC4,3,Lombardia,Lombardia,10060574,1120410,11.14,0.22
932,2021-03-13,LOM,26045,9336,16709,3726,933,2411,250,10218,617,7890,20059,5986,ITC,ITC4,3,Lombardia,Lombardia,10060574,1146455,11.4,0.26
933,2021-03-14,LOM,13866,4840,9026,1494,566,795,80,5258,396,5277,10597,3269,ITC,ITC4,3,Lombardia,Lombardia,10060574,1160321,11.53,0.14
934,2021-02-10,LOM,14190,4446,9744,8450,2269,109,3282,71,3,6,7451,6739,ITC,ITC4,3,Lombardia,Lombardia,10060574,1174511,11.67,0.14
935,2021-01-10,LOM,10516,3955,6561,8173,2159,85,85,11,2,1,10516,0,ITC,ITC4,3,Lombardia,Lombardia,10060574,1185027,11.78,0.1
936,2021-03-03,LOM,26366,11245,15121,6331,1598,4773,1608,9729,1856,471,19212,7154,ITC,ITC4,3,Lombardia,Lombardia,10060574,1211393,12.04,0.26
937,2021-01-29,LOM,13436,4114,9322,10485,2256,113,573,9,0,0,654,12782,ITC,ITC4,3,Lombardia,Lombardia,10060574,1224829,12.17,0.13
938,2021-02-24,LOM,14627,5909,8718,3576,1441,306,1784,6315,1181,24,13704,923,ITC,ITC4,3,Lombardia,Lombardia,10060574,1239456,12.32,0.15
939,2021-01-19,LOM,8069,2340,5729,4041,1742,77,2143,65,1,0,7593,476,ITC,ITC4,3,Lombardia,Lombardia,10060574,1247525,12.4,0.08
940,2021-02-14,LOM,3559,1540,2019,2749,491,282,24,3,0,10,2937,622,ITC,ITC4,3,Lombardia,Lombardia,10060574,1251084,12.44,0.04
941,2021-02-27,LOM,13814,5817,7997,2001,1082,786,558,8248,1091,48,13270,544,ITC,ITC4,3,Lombardia,Lombardia,10060574,1264898,12.57,0.14
942,2021-03-18,LOM,26452,10536,15916,2151,1075,1057,1452,20576,44,97,15696,10756,ITC,ITC4,3,Lombardia,Lombardia,10060574,1291350,12.84,0.26
943,2020-12-29,LOM,100,43,57,100,0,0,0,0,0,0,100,0,ITC,ITC4,3,Lombardia,Lombardia,10060574,1291450,12.84,0.0
944,2021-01-14,LOM,26416,7706,18710,15072,5448,305,5362,228,1,0,26416,0,ITC,ITC4,3,Lombardia,Lombardia,10060574,1317866,13.1,0.26
945,2021-01-23,LOM,1114,357,757,644,258,74,138,0,0,0,916,198,ITC,ITC4,3,Lombardia,Lombardia,10060574,1318980,13.11,0.01
946,2021-01-07,LOM,11696,3621,8075,8959,1718,212,773,32,1,1,11696,0,ITC,ITC4,3,Lombardia,Lombardia,10060574,1330676,13.23,0.12
947,2021-02-05,ABR,1535,520,1015,1188,11,230,106,0,0,0,788,747,ITF,ITF1,13,Abruzzo,Abruzzo,1304970,1535,0.12,0.12
948,2021-01-03,ABR,471,185,286,464,0,7,0,0,0,0,471,0,ITF,ITF1,13,Abruzzo,Abruzzo,1304970,2006,0.15,0.04
949,2021-03-15,ABR,3517,1378,2139,656,8,562,78,1963,41,209,1701,1816,ITF,ITF1,13,Abruzzo,Abruzzo,1304970,5523,0.42,0.27
950,2021-02-03,ABR,2061,717,1344,1541,47,355,118,0,0,0,419,1642,ITF,ITF1,13,Abruzzo,Abruzzo,1304970,7584,0.58,0.16
951,2021-01-28,ABR,1433,495,938,1370,1,61,1,0,0,0,12,1421,ITF,ITF1,13,Abruzzo,Abruzzo,1304970,9017,0.69,0.11
952,2021-03-13,ABR,4252,1459,2793,538,17,1008,137,1468,23,1061,3177,1075,ITF,ITF1,13,Abruzzo,Abruzzo,1304970,13269,1.02,0.33
953,2021-03-12,ABR,6021,1988,4033,1005,28,847,135,1700,117,2189,4438,1583,ITF,ITF1,13,Abruzzo,Abruzzo,1304970,19290,1.48,0.46
954,2021-01-16,ABR,927,428,499,710,7,195,15,0,0,0,927,0,ITF,ITF1,13,Abruzzo,Abruzzo,1304970,20217,1.55,0.07
955,2021-01-30,ABR,1509,566,943,1348,1,113,47,0,0,0,69,1440,ITF,ITF1,13,Abruzzo,Abruzzo,1304970,21726,1.66,0.12
956,2021-01-02,ABR,548,218,330,540,0,8,0,0,0,0,548,0,ITF,ITF1,13,Abruzzo,Abruzzo,1304970,22274,1.71,0.04
957,2021-02-06,ABR,1611,742,869,1168,29,342,72,0,0,0,602,1009,ITF,ITF1,13,Abruzzo,Abruzzo,1304970,23885,1.83,0.12
958,2021-02-15,ABR,1796,831,965,625,30,457,221,217,246,0,1754,42,ITF,ITF1,13,Abruzzo,Abruzzo,1304970,25681,1.97,0.14
959,2021-03-19,ABR,5795,2584,3211,755,28,432,118,4398,51,13,2774,3021,ITF,ITF1,13,Abruzzo,Abruzzo,1304970,31476,2.41,0.44
960,2021-01-04,ABR,1401,575,826,1396,0,5,0,0,0,0,1401,0,ITF,ITF1,13,Abruzzo,Abruzzo,1304970,32877,2.52,0.11
961,2021-03-11,ABR,5425,2188,3237,1324,39,519,241,1539,199,1564,4286,1139,ITF,ITF1,13,Abruzzo,Abruzzo,1304970,38302,2.94,0.42
962,2021-01-19,ABR,111,55,56,27,1,33,50,0,0,0,91,20,ITF,ITF1,13,Abruzzo,Abruzzo,1304970,38413,2.94,0.01
963,2021-03-05,ABR,5261,1937,3324,561,10,447,107,2582,202,1352,4564,697,ITF,ITF1,13,Abruzzo,Abruzzo,1304970,43674,3.35,0.4
964,2021-02-26,ABR,3920,1671,2249,1025,13,552,160,1651,257,262,2951,969,ITF,ITF1,13,Abruzzo,Abruzzo,1304970,47594,3.65,0.3
965,2021-01-12,ABR,1804,666,1138,1470,42,292,0,0,0,0,1804,0,ITF,ITF1,13,Abruzzo,Abruzzo,1304970,49398,3.79,0.14
966,2021-02-12,ABR,968,319,649,438,11,209,310,0,0,0,779,189,ITF,ITF1,13,Abruzzo,Abruzzo,1304970,50366,3.86,0.07
967,2021-02-18,ABR,2291,934,1357,670,36,344,416,610,215,0,2161,130,ITF,ITF1,13,Abruzzo,Abruzzo,1304970,52657,4.04,0.18
968,2021-01-09,ABR,1483,565,918,1430,0,53,0,0,0,0,1483,0,ITF,ITF1,13,Abruzzo,Abruzzo,1304970,54140,4.15,0.11
969,2021-02-19,ABR,3301,1552,1749,990,32,401,371,1111,388,8,3201,100,ITF,ITF1,13,Abruzzo,Abruzzo,1304970,57441,4.4,0.25
970,2021-01-08,ABR,1525,507,1018,1487,0,38,0,0,0,0,1525,0,ITF,ITF1,13,Abruzzo,Abruzzo,1304970,58966,4.52,0.12
971,2021-01-07,ABR,1603,552,1051,1566,0,37,0,0,0,0,1603,0,ITF,ITF1,13,Abruzzo,Abruzzo,1304970,60569,4.64,0.12
972,2021-03-04,ABR,5936,2358,3578,1170,14,521,93,2992,328,818,5015,921,ITF,ITF1,13,Abruzzo,Abruzzo,1304970,66505,5.1,0.45
973,2021-01-24,ABR,50,22,28,49,0,1,0,0,0,0,6,44,ITF,ITF1,13,Abruzzo,Abruzzo,1304970,66555,5.1,0.0
974,2021-02-22,ABR,2644,1175,1469,477,5,352,46,1094,419,251,2614,30,ITF,ITF1,13,Abruzzo,Abruzzo,1304970,69199,5.3,0.2
975,2021-02-11,ABR,816,262,554,473,26,163,154,0,0,0,773,43,ITF,ITF1,13,Abruzzo,Abruzzo,1304970,70015,5.37,0.06
976,2021-03-16,ABR,3486,1453,2033,284,3,163,169,2849,6,12,1831,1655,ITF,ITF1,13,Abruzzo,Abruzzo,1304970,73501,5.63,0.27
977,2021-01-13,ABR,1253,440,813,1103,0,150,0,0,0,0,1253,0,ITF,ITF1,13,Abruzzo,Abruzzo,1304970,74754,5.73,0.1
978,2021-03-24,ABR,1559,726,833,55,1,455,15,918,66,49,961,598,ITF,ITF1,13,Abruzzo,Abruzzo,1304970,76313,5.85,0.12
979,2021-03-07,ABR,2523,630,1893,28,0,210,0,461,1,1823,2523,0,ITF,ITF1,13,Abruzzo,Abruzzo,1304970,78836,6.04,0.19
980,2021-01-21,ABR,157,47,110,10,4,2,141,0,0,0,157,0,ITF,ITF1,13,Abruzzo,Abruzzo,1304970,78993,6.05,0.01
981,2021-02-07,ABR,777,307,470,646,6,124,1,0,0,0,201,576,ITF,ITF1,13,Abruzzo,Abruzzo,1304970,79770,6.11,0.06
982,2021-01-20,ABR,447,156,291,147,1,95,204,0,0,0,445,2,ITF,ITF1,13,Abruzzo,Abruzzo,1304970,80217,6.15,0.03
983,2021-03-06,ABR,4174,1354,2820,432,24,344,52,1748,15,1559,3604,570,ITF,ITF1,13,Abruzzo,Abruzzo,1304970,84391,6.47,0.32
984,2021-01-22,ABR,118,57,61,2,1,3,112,0,0,0,118,0,ITF,ITF1,13,Abruzzo,Abruzzo,1304970,84509,6.48,0.01
985,2021-02-16,ABR,1978,869,1109,841,20,493,139,410,75,0,1966,12,ITF,ITF1,13,Abruzzo,Abruzzo,1304970,86487,6.63,0.15
986,2021-01-31,ABR,1502,488,1014,1154,85,160,103,0,0,0,287,1215,ITF,ITF1,13,Abruzzo,Abruzzo,1304970,87989,6.74,0.12
987,2021-01-27,ABR,1364,515,849,1301,1,62,0,0,0,0,39,1325,ITF,ITF1,13,Abruzzo,Abruzzo,1304970,89353,6.85,0.1
988,2021-03-09,ABR,5169,1795,3374,987,21,507,84,1320,204,2046,4230,939,ITF,ITF1,13,Abruzzo,Abruzzo,1304970,94522,7.24,0.4
989,2021-03-23,ABR,4765,2180,2585,180,25,499,183,3273,206,399,2278,2487,ITF,ITF1,13,Abruzzo,Abruzzo,1304970,99287,7.61,0.37
990,2021-01-10,ABR,1139,409,730,1091,0,48,0,0,0,0,1139,0,ITF,ITF1,13,Abruzzo,Abruzzo,1304970,100426,7.7,0.09
991,2021-02-24,ABR,3302,1439,1863,391,17,323,247,1967,226,131,3126,176,ITF,ITF1,13,Abruzzo,Abruzzo,1304970,103728,7.95,0.25
992,2021-01-29,ABR,1386,449,937,1290,2,94,0,0,0,0,74,1312,ITF,ITF1,13,Abruzzo,Abruzzo,1304970,105114,8.05,0.11
993,2021-01-17,ABR,187,59,128,136,13,38,0,0,0,0,180,7,ITF,ITF1,13,Abruzzo,Abruzzo,1304970,105301,8.07,0.01
994,2021-03-17,ABR,4543,1876,2667,285,26,187,144,3873,17,11,2800,1743,ITF,ITF1,13,Abruzzo,Abruzzo,1304970,109844,8.42,0.35
995,2021-02-28,ABR,1707,511,1196,23,0,34,0,79,149,1422,1705,2,ITF,ITF1,13,Abruzzo,Abruzzo,1304970,111551,8.55,0.13
996,2021-02-21,ABR,1221,551,670,2,0,4,3,1210,2,0,1220,1,ITF,ITF1,13,Abruzzo,Abruzzo,1304970,112772,8.64,0.09
997,2021-01-06,ABR,1830,664,1166,1546,119,32,133,0,0,0,1830,0,ITF,ITF1,13,Abruzzo,Abruzzo,1304970,114602,8.78,0.14
998,2021-02-20,ABR,4782,1843,2939,310,7,563,192,1417,406,1887,4706,76,ITF,ITF1,13,Abruzzo,Abruzzo,1304970,119384,9.15,0.37
999,2021-03-14,ABR,1895,733,1162,8,0,150,0,1488,0,249,1228,667,ITF,ITF1,13,Abruzzo,Abruzzo,1304970,121279,9.29,0.15
1000,2021-02-17,ABR,2077,952,1125,512,27,215,394,718,210,1,1794,283,ITF,ITF1,13,Abruzzo,Abruzzo,1304970,123356,9.45,0.16
1001,2021-03-20,ABR,4733,2159,2574,318,15,509,60,3650,84,97,2569,2164,ITF,ITF1,13,Abruzzo,Abruzzo,1304970,128089,9.82,0.36
1002,2021-01-23,ABR,263,114,149,223,0,14,26,0,0,0,57,206,ITF,ITF1,13,Abruzzo,Abruzzo,1304970,128352,9.84,0.02
1003,2021-03-22,ABR,4276,1918,2358,340,8,771,50,2578,136,393,2306,1970,ITF,ITF1,13,Abruzzo,Abruzzo,1304970,132628,10.16,0.33
1004,2021-02-09,ABR,908,311,597,612,56,109,131,0,0,0,499,409,ITF,ITF1,13,Abruzzo,Abruzzo,1304970,133536,10.23,0.07
1005,2021-02-04,ABR,1681,616,1065,1168,47,409,57,0,0,0,609,1072,ITF,ITF1,13,Abruzzo,Abruzzo,1304970,135217,10.36,0.13
1006,2021-03-01,ABR,3486,1391,2095,698,29,264,174,1911,128,282,2722,764,ITF,ITF1,13,Abruzzo,Abruzzo,1304970,138703,10.63,0.27
1007,2021-03-08,ABR,5127,1669,3458,1190,30,477,112,1019,104,2195,4153,974,ITF,ITF1,13,Abruzzo,Abruzzo,1304970,143830,11.02,0.39
1008,2020-12-27,ABR,37,19,18,34,0,1,2,0,0,0,37,0,ITF,ITF1,13,Abruzzo,Abruzzo,1304970,143867,11.02,0.0
1009,2021-03-03,ABR,4627,1881,2746,1222,6,577,36,1585,346,855,3721,906,ITF,ITF1,13,Abruzzo,Abruzzo,1304970,148494,11.38,0.35
1010,2021-01-05,ABR,1614,604,1010,1604,0,10,0,0,0,0,1614,0,ITF,ITF1,13,Abruzzo,Abruzzo,1304970,150108,11.5,0.12
1011,2021-01-18,ABR,122,48,74,106,0,14,2,0,0,0,46,76,ITF,ITF1,13,Abruzzo,Abruzzo,1304970,150230,11.51,0.01
1012,2021-03-02,ABR,3963,1676,2287,934,15,424,53,1856,276,405,3279,684,ITF,ITF1,13,Abruzzo,Abruzzo,1304970,154193,11.82,0.3
1013,2021-01-14,ABR,530,189,341,364,0,166,0,0,0,0,530,0,ITF,ITF1,13,Abruzzo,Abruzzo,1304970,154723,11.86,0.04
1014,2021-01-11,ABR,1551,557,994,1337,62,104,48,0,0,0,1551,0,ITF,ITF1,13,Abruzzo,Abruzzo,1304970,156274,11.98,0.12
1015,2021-01-26,ABR,1542,567,975,1513,0,29,0,0,0,0,29,1513,ITF,ITF1,13,Abruzzo,Abruzzo,1304970,157816,12.09,0.12
1016,2021-02-25,ABR,3086,1347,1739,615,29,528,18,1508,262,126,2558,528,ITF,ITF1,13,Abruzzo,Abruzzo,1304970,160902,12.33,0.24
1017,2021-02-10,ABR,948,313,635,622,42,168,116,0,0,0,504,444,ITF,ITF1,13,Abruzzo,Abruzzo,1304970,161850,12.4,0.07
1018,2021-02-08,ABR,1201,398,803,710,122,105,264,0,0,0,491,710,ITF,ITF1,13,Abruzzo,Abruzzo,1304970,163051,12.49,0.09
1019,2021-01-15,ABR,379,149,230,223,6,115,35,0,0,0,379,0,ITF,ITF1,13,Abruzzo,Abruzzo,1304970,163430,12.52,0.03
1020,2021-02-23,ABR,2784,1274,1510,324,22,401,215,1436,286,100,2773,11,ITF,ITF1,13,Abruzzo,Abruzzo,1304970,166214,12.74,0.21
1021,2021-03-10,ABR,4948,1640,3308,735,29,426,242,1518,127,1871,3992,956,ITF,ITF1,13,Abruzzo,Abruzzo,1304970,171162,13.12,0.38
1022,2021-02-13,ABR,845,383,462,549,25,199,72,0,0,0,437,408,ITF,ITF1,13,Abruzzo,Abruzzo,1304970,172007,13.18,0.06
1023,2021-03-18,ABR,3896,1651,2245,281,2,284,3,3297,22,7,2065,1831,ITF,ITF1,13,Abruzzo,Abruzzo,1304970,175903,13.48,0.3
1024,2021-03-21,ABR,2135,913,1222,9,0,47,1,1919,29,130,844,1291,ITF,ITF1,13,Abruzzo,Abruzzo,1304970,178038,13.64,0.16
1025,2021-02-01,ABR,1632,573,1059,1384,34,213,1,0,0,0,271,1361,ITF,ITF1,13,Abruzzo,Abruzzo,1304970,179670,13.77,0.13
1026,2021-02-02,ABR,1798,677,1121,1243,67,346,142,0,0,0,241,1557,ITF,ITF1,13,Abruzzo,Abruzzo,1304970,181468,13.91,0.14
1027,2021-01-25,ABR,1604,633,971,1584,0,20,0,0,0,0,20,1584,ITF,ITF1,13,Abruzzo,Abruzzo,1304970,183072,14.03,0.12
1028,2021-02-27,ABR,2809,1337,1472,253,23,162,123,732,642,874,2543,266,ITF,ITF1,13,Abruzzo,Abruzzo,1304970,185881,14.24,0.22
1029,2021-01-18,MOL,114,48,66,97,14,3,0,0,0,0,114,0,ITF,ITF2,14,Molise,Molise,305617,114,0.04,0.04
1030,2021-02-10,MOL,150,78,72,91,6,0,53,0,0,0,130,20,ITF,ITF2,14,Molise,Molise,305617,264,0.09,0.05
1031,2021-02-22,MOL,265,129,136,56,31,108,62,8,0,0,250,15,ITF,ITF2,14,Molise,Molise,305617,529,0.17,0.09
1032,2021-02-01,MOL,562,201,361,301,143,6,111,0,0,1,14,548,ITF,ITF2,14,Molise,Molise,305617,1091,0.36,0.18
1033,2021-02-08,MOL,334,141,193,206,38,5,85,0,0,0,216,118,ITF,ITF2,14,Molise,Molise,305617,1425,0.47,0.11
1034,2021-01-29,MOL,421,136,285,227,23,59,109,0,0,3,6,415,ITF,ITF2,14,Molise,Molise,305617,1846,0.6,0.14
1035,2021-03-18,MOL,1156,476,680,73,10,174,45,854,0,0,692,464,ITF,ITF2,14,Molise,Molise,305617,3002,0.98,0.38
1036,2021-02-07,MOL,66,32,34,49,1,0,16,0,0,0,19,47,ITF,ITF2,14,Molise,Molise,305617,3068,1.0,0.02
1037,2021-03-20,MOL,2320,968,1352,28,2,206,0,1855,7,222,999,1321,ITF,ITF2,14,Molise,Molise,305617,5388,1.76,0.76
1038,2021-02-05,MOL,593,269,324,460,22,48,63,0,0,0,55,538,ITF,ITF2,14,Molise,Molise,305617,5981,1.96,0.19
1039,2021-01-17,MOL,78,38,40,78,0,0,0,0,0,0,48,30,ITF,ITF2,14,Molise,Molise,305617,6059,1.98,0.03
1040,2021-03-19,MOL,1180,479,701,32,0,163,9,726,2,248,753,427,ITF,ITF2,14,Molise,Molise,305617,7239,2.37,0.39
1041,2021-02-09,MOL,359,170,189,161,83,5,110,0,0,0,197,162,ITF,ITF2,14,Molise,Molise,305617,7598,2.49,0.12
1042,2021-01-08,MOL,429,141,288,244,6,59,120,0,0,0,429,0,ITF,ITF2,14,Molise,Molise,305617,8027,2.63,0.14
1043,2021-01-04,MOL,314,131,183,301,0,13,0,0,0,0,314,0,ITF,ITF2,14,Molise,Molise,305617,8341,2.73,0.1
1044,2021-01-05,MOL,449,180,269,441,0,8,0,0,0,0,449,0,ITF,ITF2,14,Molise,Molise,305617,8790,2.88,0.15
1045,2021-02-06,MOL,429,179,250,276,13,9,130,0,0,1,29,400,ITF,ITF2,14,Molise,Molise,305617,9219,3.02,0.14
1046,2021-02-03,MOL,731,249,482,391,110,49,180,0,0,1,338,393,ITF,ITF2,14,Molise,Molise,305617,9950,3.26,0.24
1047,2021-02-27,MOL,1366,568,798,25,2,34,14,1290,0,1,1347,19,ITF,ITF2,14,Molise,Molise,305617,11316,3.7,0.45
1048,2021-03-10,MOL,1737,720,1017,188,3,92,1,757,187,509,1687,50,ITF,ITF2,14,Molise,Molise,305617,13053,4.27,0.57
1049,2021-02-16,MOL,156,70,86,148,4,4,0,0,0,0,150,6,ITF,ITF2,14,Molise,Molise,305617,13209,4.32,0.05
1050,2021-02-17,MOL,72,32,40,47,9,10,6,0,0,0,57,15,ITF,ITF2,14,Molise,Molise,305617,13281,4.35,0.02
1051,2021-02-24,MOL,666,278,388,242,61,44,44,274,0,1,333,333,ITF,ITF2,14,Molise,Molise,305617,13947,4.56,0.22
1052,2021-01-09,MOL,450,152,298,221,27,24,178,0,0,0,450,0,ITF,ITF2,14,Molise,Molise,305617,14397,4.71,0.15
1053,2021-03-05,MOL,1219,649,570,322,1,54,0,618,151,73,1015,204,ITF,ITF2,14,Molise,Molise,305617,15616,5.11,0.4
1054,2021-03-23,MOL,1627,687,940,76,2,452,6,559,79,453,1420,207,ITF,ITF2,14,Molise,Molise,305617,17243,5.64,0.53
1055,2021-03-24,MOL,648,279,369,58,0,149,0,188,44,209,517,131,ITF,ITF2,14,Molise,Molise,305617,17891,5.85,0.21
1056,2021-03-16,MOL,614,230,384,13,3,188,11,395,4,0,267,347,ITF,ITF2,14,Molise,Molise,305617,18505,6.05,0.2
1057,2021-03-22,MOL,1144,438,706,106,3,281,2,255,39,458,901,243,ITF,ITF2,14,Molise,Molise,305617,19649,6.43,0.37
1058,2021-03-17,MOL,894,381,513,34,22,211,42,572,12,1,563,331,ITF,ITF2,14,Molise,Molise,305617,20543,6.72,0.29
1059,2021-03-14,MOL,594,239,355,2,0,11,0,581,0,0,16,578,ITF,ITF2,14,Molise,Molise,305617,21137,6.92,0.19
1060,2021-01-31,MOL,268,70,198,85,18,0,164,0,0,1,6,262,ITF,ITF2,14,Molise,Molise,305617,21405,7.0,0.09
1061,2021-02-21,MOL,573,227,346,1,0,4,0,568,0,0,571,2,ITF,ITF2,14,Molise,Molise,305617,21978,7.19,0.19
1062,2021-01-10,MOL,270,72,198,82,19,0,169,0,0,0,270,0,ITF,ITF2,14,Molise,Molise,305617,22248,7.28,0.09
1063,2021-01-15,MOL,538,242,296,398,17,42,81,0,0,0,538,0,ITF,ITF2,14,Molise,Molise,305617,22786,7.46,0.18
1064,2021-02-25,MOL,541,239,302,68,3,9,28,433,0,0,473,68,ITF,ITF2,14,Molise,Molise,305617,23327,7.63,0.18
1065,2021-01-12,MOL,336,114,222,132,74,1,129,0,0,0,336,0,ITF,ITF2,14,Molise,Molise,305617,23663,7.74,0.11
1066,2021-02-23,MOL,527,202,325,136,38,4,8,340,0,1,362,165,ITF,ITF2,14,Molise,Molise,305617,24190,7.92,0.17
1067,2021-03-07,MOL,1114,499,615,2,7,0,0,1105,0,0,1112,2,ITF,ITF2,14,Molise,Molise,305617,25304,8.28,0.36
1068,2021-01-13,MOL,474,160,314,256,66,7,144,0,0,1,474,0,ITF,ITF2,14,Molise,Molise,305617,25778,8.43,0.16
1069,2020-12-27,MOL,50,20,30,29,4,0,17,0,0,0,50,0,ITF,ITF2,14,Molise,Molise,305617,25828,8.45,0.02
1070,2021-01-22,MOL,126,35,91,21,32,0,73,0,0,0,126,0,ITF,ITF2,14,Molise,Molise,305617,25954,8.49,0.04
1071,2021-03-01,MOL,641,268,373,200,28,40,108,116,2,147,427,214,ITF,ITF2,14,Molise,Molise,305617,26595,8.7,0.21
1072,2021-02-04,MOL,758,295,463,502,76,38,141,0,0,1,77,681,ITF,ITF2,14,Molise,Molise,305617,27353,8.95,0.25
1073,2021-02-11,MOL,293,133,160,225,19,0,45,0,3,1,257,36,ITF,ITF2,14,Molise,Molise,305617,27646,9.05,0.1
1074,2021-03-13,MOL,1189,594,595,29,0,23,5,981,151,0,200,989,ITF,ITF2,14,Molise,Molise,305617,28835,9.44,0.39
1075,2021-03-02,MOL,667,383,284,98,106,12,51,136,113,151,509,158,ITF,ITF2,14,Molise,Molise,305617,29502,9.65,0.22
1076,2021-03-06,MOL,1728,807,921,156,15,10,0,1395,152,0,1569,159,ITF,ITF2,14,Molise,Molise,305617,31230,10.22,0.57
1077,2021-03-21,MOL,1245,542,703,14,1,141,0,1089,0,0,479,766,ITF,ITF2,14,Molise,Molise,305617,32475,10.63,0.41
1078,2021-02-02,MOL,486,155,331,295,63,0,128,0,0,0,163,323,ITF,ITF2,14,Molise,Molise,305617,32961,10.79,0.16
1079,2021-03-15,MOL,832,338,494,137,6,149,66,116,61,297,587,245,ITF,ITF2,14,Molise,Molise,305617,33793,11.06,0.27
1080,2021-01-30,MOL,461,158,303,189,52,40,180,0,0,0,12,449,ITF,ITF2,14,Molise,Molise,305617,34254,11.21,0.15
1081,2021-03-04,MOL,850,417,433,252,18,6,69,469,36,0,526,324,ITF,ITF2,14,Molise,Molise,305617,35104,11.49,0.28
1082,2021-01-14,MOL,646,239,407,418,82,31,115,0,0,0,646,0,ITF,ITF2,14,Molise,Molise,305617,35750,11.7,0.21
1083,2021-01-27,MOL,674,251,423,436,11,17,209,0,0,1,8,666,ITF,ITF2,14,Molise,Molise,305617,36424,11.92,0.22
1084,2021-02-26,MOL,563,260,303,42,7,50,3,406,0,55,490,73,ITF,ITF2,14,Molise,Molise,305617,36987,12.1,0.18
1085,2021-03-12,MOL,1156,489,667,38,31,26,0,596,68,397,1120,36,ITF,ITF2,14,Molise,Molise,305617,38143,12.48,0.38
1086,2021-03-09,MOL,1329,579,750,199,1,109,0,409,218,393,1177,152,ITF,ITF2,14,Molise,Molise,305617,39472,12.92,0.43
1087,2021-02-13,MOL,132,80,52,129,3,0,0,0,0,0,132,0,ITF,ITF2,14,Molise,Molise,305617,39604,12.96,0.04
1088,2021-03-08,MOL,1376,522,854,359,44,61,23,409,76,404,1236,140,ITF,ITF2,14,Molise,Molise,305617,40980,13.41,0.45
1089,2021-01-07,MOL,598,209,389,414,1,38,145,0,0,0,598,0,ITF,ITF2,14,Molise,Molise,305617,41578,13.6,0.2
1090,2021-01-20,MOL,18,8,10,14,4,0,0,0,0,0,18,0,ITF,ITF2,14,Molise,Molise,305617,41596,13.61,0.01
1091,2021-03-11,MOL,695,315,380,18,1,7,12,250,147,260,689,6,ITF,ITF2,14,Molise,Molise,305617,42291,13.84,0.23
1092,2021-02-12,MOL,330,149,181,224,12,20,72,0,0,2,208,122,ITF,ITF2,14,Molise,Molise,305617,42621,13.95,0.11
1093,2021-01-25,MOL,319,130,189,317,0,0,0,0,0,2,3,316,ITF,ITF2,14,Molise,Molise,305617,42940,14.05,0.1
1094,2021-01-11,MOL,557,194,363,196,193,57,111,0,0,0,557,0,ITF,ITF2,14,Molise,Molise,305617,43497,14.23,0.18
1095,2021-01-28,MOL,613,217,396,430,9,19,154,0,0,1,17,596,ITF,ITF2,14,Molise,Molise,305617,44110,14.43,0.2
1096,2021-02-19,MOL,169,93,76,95,28,42,1,0,0,3,167,2,ITF,ITF2,14,Molise,Molise,305617,44279,14.49,0.06
1097,2021-01-26,MOL,450,184,266,444,0,5,0,0,0,1,8,442,ITF,ITF2,14,Molise,Molise,305617,44729,14.64,0.15
1098,2021-02-28,MOL,828,331,497,38,1,4,27,758,0,0,786,42,ITF,ITF2,14,Molise,Molise,305617,45557,14.91,0.27
1099,2021-02-18,MOL,319,74,245,296,8,15,0,0,0,0,306,13,ITF,ITF2,14,Molise,Molise,305617,45876,15.01,0.1
1100,2021-01-19,MOL,173,63,110,90,57,2,22,0,0,2,162,11,ITF,ITF2,14,Molise,Molise,305617,46049,15.07,0.06
1101,2021-01-21,MOL,6,2,4,0,6,0,0,0,0,0,6,0,ITF,ITF2,14,Molise,Molise,305617,46055,15.07,0.0
1102,2021-02-20,MOL,1018,441,577,20,4,53,8,933,0,0,998,20,ITF,ITF2,14,Molise,Molise,305617,47073,15.4,0.33
1103,2021-02-15,MOL,144,70,74,117,8,4,15,0,0,0,141,3,ITF,ITF2,14,Molise,Molise,305617,47217,15.45,0.05
1104,2021-01-16,MOL,420,166,254,270,14,9,127,0,0,0,420,0,ITF,ITF2,14,Molise,Molise,305617,47637,15.59,0.14
1105,2021-03-03,MOL,672,316,356,63,1,4,48,384,45,127,590,82,ITF,ITF2,14,Molise,Molise,305617,48309,15.81,0.22
1106,2021-01-06,MOL,689,260,429,456,26,36,171,0,0,0,689,0,ITF,ITF2,14,Molise,Molise,305617,48998,16.03,0.23
1107,2021-02-11,VEN,4010,1238,2772,2613,152,444,789,9,1,2,3381,629,ITH,ITH3,5,Veneto,Veneto,4905854,4010,0.08,0.08
1108,2021-02-13,VEN,3266,1473,1793,1559,74,596,1034,2,0,1,3246,20,ITH,ITH3,5,Veneto,Veneto,4905854,7276,0.15,0.07
1109,2021-01-24,VEN,4117,1219,2898,3752,17,122,222,1,0,3,28,4089,ITH,ITH3,5,Veneto,Veneto,4905854,11393,0.23,0.08
1110,2021-03-04,VEN,12689,4693,7996,3100,379,1297,1349,3408,330,2826,9285,3404,ITH,ITH3,5,Veneto,Veneto,4905854,24082,0.49,0.26
1111,2021-01-05,VEN,7327,2183,5144,5410,304,485,1122,0,1,5,7327,0,ITH,ITH3,5,Veneto,Veneto,4905854,31409,0.64,0.15
1112,2021-01-27,VEN,7140,2064,5076,5206,210,837,879,0,0,8,246,6894,ITH,ITH3,5,Veneto,Veneto,4905854,38549,0.79,0.15
1113,2021-01-20,VEN,1038,368,670,695,58,72,213,0,0,0,386,652,ITH,ITH3,5,Veneto,Veneto,4905854,39587,0.81,0.02
1114,2021-01-14,VEN,7060,1925,5135,3235,524,809,2473,17,0,2,7060,0,ITH,ITH3,5,Veneto,Veneto,4905854,46647,0.95,0.14
1115,2021-01-12,VEN,5231,1516,3715,2251,359,697,1753,168,0,3,5231,0,ITH,ITH3,5,Veneto,Veneto,4905854,51878,1.06,0.11
1116,2021-01-23,VEN,4063,1255,2808,3404,115,90,450,1,0,3,34,4029,ITH,ITH3,5,Veneto,Veneto,4905854,55941,1.14,0.08
1117,2021-03-07,VEN,4446,1739,2707,1692,1,926,17,983,0,827,3891,555,ITH,ITH3,5,Veneto,Veneto,4905854,60387,1.23,0.09
1118,2021-03-02,VEN,11318,4547,6771,2760,435,1414,1166,3285,410,1848,8043,3275,ITH,ITH3,5,Veneto,Veneto,4905854,71705,1.46,0.23
1119,2021-02-05,VEN,8362,2531,5831,4272,679,1233,2162,7,5,4,1425,6937,ITH,ITH3,5,Veneto,Veneto,4905854,80067,1.63,0.17
1120,2021-01-13,VEN,5978,1601,4377,2792,428,872,1881,3,0,2,5978,0,ITH,ITH3,5,Veneto,Veneto,4905854,86045,1.75,0.12
1121,2021-03-21,VEN,11904,4683,7221,1470,50,3144,26,4588,112,2514,8444,3460,ITH,ITH3,5,Veneto,Veneto,4905854,97949,2.0,0.24
1122,2021-01-21,VEN,2290,719,1571,1985,48,114,141,0,0,2,21,2269,ITH,ITH3,5,Veneto,Veneto,4905854,100239,2.04,0.05
1123,2021-01-03,VEN,5159,1563,3596,4597,59,253,249,0,0,1,5159,0,ITH,ITH3,5,Veneto,Veneto,4905854,105398,2.15,0.11
1124,2021-02-03,VEN,5934,1660,4274,2851,426,908,1744,1,0,4,482,5452,ITH,ITH3,5,Veneto,Veneto,4905854,111332,2.27,0.12
1125,2021-03-22,VEN,17709,7865,9844,1136,115,6461,452,6731,505,2309,12743,4966,ITH,ITH3,5,Veneto,Veneto,4905854,129041,2.63,0.36
1126,2021-03-23,VEN,20878,9419,11459,962,171,9308,530,6664,549,2694,16293,4585,ITH,ITH3,5,Veneto,Veneto,4905854,149919,3.06,0.43
1127,2021-02-06,VEN,4090,1351,2739,3023,171,526,367,3,0,0,709,3381,ITH,ITH3,5,Veneto,Veneto,4905854,154009,3.14,0.08
1128,2021-03-24,VEN,8364,3720,4644,541,161,1397,467,5131,112,555,4661,3703,ITH,ITH3,5,Veneto,Veneto,4905854,162373,3.31,0.17
1129,2021-03-01,VEN,9358,3699,5659,2013,141,996,923,2629,156,2500,7536,1822,ITH,ITH3,5,Veneto,Veneto,4905854,171731,3.5,0.19
1130,2021-02-25,VEN,7852,3321,4531,1491,248,317,467,4946,109,274,7254,598,ITH,ITH3,5,Veneto,Veneto,4905854,179583,3.66,0.16
1131,2021-01-08,VEN,9398,2832,6566,5978,567,1036,1807,3,1,6,9398,0,ITH,ITH3,5,Veneto,Veneto,4905854,188981,3.85,0.19
1132,2021-03-16,VEN,12371,5294,7077,1262,105,2571,453,7858,19,103,6839,5532,ITH,ITH3,5,Veneto,Veneto,4905854,201352,4.1,0.25
1133,2021-02-07,VEN,2313,861,1452,1930,11,319,50,2,0,1,714,1599,ITH,ITH3,5,Veneto,Veneto,4905854,203665,4.15,0.05
1134,2020-12-30,VEN,699,245,454,598,12,50,39,0,0,0,699,0,ITH,ITH3,5,Veneto,Veneto,4905854,204364,4.17,0.01
1135,2021-01-04,VEN,6726,2029,4697,5238,181,388,913,1,0,5,6726,0,ITH,ITH3,5,Veneto,Veneto,4905854,211090,4.3,0.14
1136,2020-12-27,VEN,880,395,485,875,0,4,0,0,0,1,880,0,ITH,ITH3,5,Veneto,Veneto,4905854,211970,4.32,0.02
1137,2021-02-02,VEN,6402,1842,4560,2969,533,752,1994,152,0,2,391,6011,ITH,ITH3,5,Veneto,Veneto,4905854,218372,4.45,0.13
1138,2021-01-01,VEN,1525,470,1055,1494,0,30,1,0,0,0,1525,0,ITH,ITH3,5,Veneto,Veneto,4905854,219897,4.48,0.03
1139,2021-02-08,VEN,4964,1538,3426,2788,268,725,1169,12,0,2,1929,3035,ITH,ITH3,5,Veneto,Veneto,4905854,224861,4.58,0.1
1140,2021-02-22,VEN,6958,3016,3942,742,44,188,341,5402,1,240,6572,386,ITH,ITH3,5,Veneto,Veneto,4905854,231819,4.73,0.14
1141,2021-03-11,VEN,19390,8601,10789,1552,116,2965,822,9336,965,3634,13899,5491,ITH,ITH3,5,Veneto,Veneto,4905854,251209,5.12,0.4
1142,2021-01-07,VEN,8359,2319,6040,5467,460,627,1805,0,0,0,8359,0,ITH,ITH3,5,Veneto,Veneto,4905854,259568,5.29,0.17
1143,2021-03-18,VEN,12477,5068,7409,1388,224,1968,421,7617,20,839,7300,5177,ITH,ITH3,5,Veneto,Veneto,4905854,272045,5.55,0.25
1144,2021-01-30,VEN,8730,2668,6062,6209,291,994,1218,4,12,2,687,8043,ITH,ITH3,5,Veneto,Veneto,4905854,280775,5.72,0.18
1145,2021-02-16,VEN,6630,2868,3762,718,109,279,478,5044,1,1,6453,177,ITH,ITH3,5,Veneto,Veneto,4905854,287405,5.86,0.14
1146,2021-01-22,VEN,1079,332,747,946,35,41,57,0,0,0,25,1054,ITH,ITH3,5,Veneto,Veneto,4905854,288484,5.88,0.02
1147,2021-02-17,VEN,6004,2764,3240,411,19,262,361,4946,5,0,5910,94,ITH,ITH3,5,Veneto,Veneto,4905854,294488,6.0,0.12
1148,2021-03-06,VEN,10502,4253,6249,2955,48,2667,1487,1973,46,1326,7307,3195,ITH,ITH3,5,Veneto,Veneto,4905854,304990,6.22,0.21
1149,2021-02-14,VEN,125,56,69,95,1,29,0,0,0,0,112,13,ITH,ITH3,5,Veneto,Veneto,4905854,305115,6.22,0.0
1150,2021-02-19,VEN,7292,3121,4171,1535,175,541,664,4368,3,6,7090,202,ITH,ITH3,5,Veneto,Veneto,4905854,312407,6.37,0.15
1151,2021-01-18,VEN,2770,782,1988,1222,233,308,999,8,0,0,2571,199,ITH,ITH3,5,Veneto,Veneto,4905854,315177,6.42,0.06
1152,2020-12-31,VEN,3219,1043,2176,2700,77,188,252,0,0,2,3219,0,ITH,ITH3,5,Veneto,Veneto,4905854,318396,6.49,0.07
1153,2021-02-01,VEN,8517,2488,6029,4206,489,1464,2106,245,0,7,165,8352,ITH,ITH3,5,Veneto,Veneto,4905854,326913,6.66,0.17
1154,2021-01-19,VEN,1309,472,837,726,83,170,324,6,0,0,1160,149,ITH,ITH3,5,Veneto,Veneto,4905854,328222,6.69,0.03
1155,2021-03-15,VEN,16292,7024,9268,1346,36,2907,324,9298,433,1948,11099,5193,ITH,ITH3,5,Veneto,Veneto,4905854,344514,7.02,0.33
1156,2021-03-09,VEN,16192,7302,8890,1214,81,1831,671,8541,912,2942,10077,6115,ITH,ITH3,5,Veneto,Veneto,4905854,360706,7.35,0.33
1157,2021-02-26,VEN,8221,3243,4978,1676,202,910,739,4381,31,282,6971,1250,ITH,ITH3,5,Veneto,Veneto,4905854,368927,7.52,0.17
1158,2021-02-23,VEN,7306,3214,4092,1008,62,431,214,5343,69,179,7048,258,ITH,ITH3,5,Veneto,Veneto,4905854,376233,7.67,0.15
1159,2021-03-12,VEN,18285,7943,10342,1917,211,3258,619,8053,755,3472,11587,6698,ITH,ITH3,5,Veneto,Veneto,4905854,394518,8.04,0.37
1160,2021-01-28,VEN,9203,2661,6542,6458,358,931,1448,5,0,3,175,9028,ITH,ITH3,5,Veneto,Veneto,4905854,403721,8.23,0.19
1161,2021-02-12,VEN,4312,1447,2865,2761,137,743,659,6,2,4,3740,572,ITH,ITH3,5,Veneto,Veneto,4905854,408033,8.32,0.09
1162,2021-01-25,VEN,6466,2074,4392,5060,152,347,904,1,0,2,170,6296,ITH,ITH3,5,Veneto,Veneto,4905854,414499,8.45,0.13
1163,2021-03-05,VEN,13141,4894,8247,3430,266,1730,1398,3090,275,2952,9558,3583,ITH,ITH3,5,Veneto,Veneto,4905854,427640,8.72,0.27
1164,2021-02-27,VEN,8960,2687,6273,2170,38,617,45,1960,12,4118,8128,832,ITH,ITH3,5,Veneto,Veneto,4905854,436600,8.9,0.18
1165,2021-01-02,VEN,5741,1765,3976,4797,147,249,544,2,0,2,5741,0,ITH,ITH3,5,Veneto,Veneto,4905854,442341,9.02,0.12
1166,2021-01-26,VEN,6902,2081,4821,5338,220,375,963,0,1,5,155,6747,ITH,ITH3,5,Veneto,Veneto,4905854,449243,9.16,0.14
1167,2021-02-04,VEN,7314,2013,5301,3459,446,1013,2380,12,0,4,555,6759,ITH,ITH3,5,Veneto,Veneto,4905854,456557,9.31,0.15
1168,2021-03-10,VEN,18799,8537,10262,1452,64,2465,555,9051,1078,4134,13126,5673,ITH,ITH3,5,Veneto,Veneto,4905854,475356,9.69,0.38
1169,2021-02-28,VEN,4127,1382,2745,1702,30,1394,15,983,0,3,3290,837,ITH,ITH3,5,Veneto,Veneto,4905854,479483,9.77,0.08
1170,2021-02-09,VEN,5153,1871,3282,3096,313,557,1167,19,0,1,3423,1730,ITH,ITH3,5,Veneto,Veneto,4905854,484636,9.88,0.11
1171,2021-01-31,VEN,4740,1550,3190,3676,147,532,377,4,2,2,393,4347,ITH,ITH3,5,Veneto,Veneto,4905854,489376,9.98,0.1
1172,2021-01-10,VEN,5020,1662,3358,3839,165,550,462,2,2,0,5020,0,ITH,ITH3,5,Veneto,Veneto,4905854,494396,10.08,0.1
1173,2021-03-08,VEN,13373,6057,7316,699,56,1158,384,7149,986,2941,9334,4039,ITH,ITH3,5,Veneto,Veneto,4905854,507769,10.35,0.27
1174,2021-01-11,VEN,7237,2100,5137,3499,501,1029,1956,247,0,5,7237,0,ITH,ITH3,5,Veneto,Veneto,4905854,515006,10.5,0.15
1175,2021-01-15,VEN,5863,1819,4044,2984,453,846,1565,9,3,3,5863,0,ITH,ITH3,5,Veneto,Veneto,4905854,520869,10.62,0.12
1176,2021-01-16,VEN,4599,1539,3060,3193,273,484,649,0,0,0,4599,0,ITH,ITH3,5,Veneto,Veneto,4905854,525468,10.71,0.09
1177,2021-03-20,VEN,12309,5068,7241,636,25,4459,199,4808,52,2130,10209,2100,ITH,ITH3,5,Veneto,Veneto,4905854,537777,10.96,0.25
1178,2021-02-10,VEN,4750,1587,3163,3117,199,666,767,0,0,1,3698,1052,ITH,ITH3,5,Veneto,Veneto,4905854,542527,11.06,0.1
1179,2021-02-15,VEN,4386,1820,2566,483,65,145,383,3294,14,2,4146,240,ITH,ITH3,5,Veneto,Veneto,4905854,546913,11.15,0.09
1180,2021-03-13,VEN,16812,6995,9817,2242,21,5350,75,4816,281,4027,13731,3081,ITH,ITH3,5,Veneto,Veneto,4905854,563725,11.49,0.34
1181,2021-03-19,VEN,13362,5497,7865,1633,106,2662,348,7870,42,701,7557,5805,ITH,ITH3,5,Veneto,Veneto,4905854,577087,11.76,0.27
1182,2021-01-17,VEN,1932,780,1152,1587,40,180,120,3,0,2,1583,349,ITH,ITH3,5,Veneto,Veneto,4905854,579019,11.8,0.04
1183,2021-02-24,VEN,8540,3655,4885,1522,222,418,506,5601,260,11,8058,482,ITH,ITH3,5,Veneto,Veneto,4905854,587559,11.98,0.17
1184,2021-01-09,VEN,7927,2537,5390,5174,335,829,1573,3,11,2,7927,0,ITH,ITH3,5,Veneto,Veneto,4905854,595486,12.14,0.16
1185,2021-03-17,VEN,14472,5906,8566,1862,165,2582,226,8921,26,690,7789,6683,ITH,ITH3,5,Veneto,Veneto,4905854,609958,12.43,0.29
1186,2021-02-21,VEN,4624,1203,3421,495,0,9,18,417,2,3683,4619,5,ITH,ITH3,5,Veneto,Veneto,4905854,614582,12.53,0.09
1187,2021-03-14,VEN,15120,5903,9217,2242,208,4592,100,4137,242,3599,14224,896,ITH,ITH3,5,Veneto,Veneto,4905854,629702,12.84,0.31
1188,2021-01-29,VEN,8996,2780,6216,6039,478,1039,1434,3,1,2,366,8630,ITH,ITH3,5,Veneto,Veneto,4905854,638698,13.02,0.18
1189,2021-03-03,VEN,11893,4512,7381,3312,294,1233,1110,3375,310,2259,8400,3493,ITH,ITH3,5,Veneto,Veneto,4905854,650591,13.26,0.24
1190,2021-01-06,VEN,8131,2383,5748,6308,170,834,807,1,2,9,8131,0,ITH,ITH3,5,Veneto,Veneto,4905854,658722,13.43,0.17
1191,2021-02-20,VEN,6325,1988,4337,1802,2,202,100,971,6,3242,6321,4,ITH,ITH3,5,Veneto,Veneto,4905854,665047,13.56,0.13
1192,2021-02-18,VEN,5700,2440,3260,934,64,289,607,3799,1,6,5637,63,ITH,ITH3,5,Veneto,Veneto,4905854,670747,13.67,0.12
1193,2021-01-05,FVG,1680,551,1129,1350,1,132,197,0,0,0,1680,0,ITH,ITH4,6,Friuli-Venezia Giulia,Friuli Venezia Giulia,1215220,1680,0.14,0.14
1194,2021-01-16,FVG,1231,360,871,771,1,211,248,0,0,0,1231,0,ITH,ITH4,6,Friuli-Venezia Giulia,Friuli Venezia Giulia,1215220,2911,0.24,0.1
1195,2021-01-20,FVG,751,323,428,719,1,31,0,0,0,0,12,739,ITH,ITH4,6,Friuli-Venezia Giulia,Friuli Venezia Giulia,1215220,3662,0.3,0.06
1196,2021-03-15,FVG,3753,1631,2122,327,253,105,180,2420,234,234,1435,2318,ITH,ITH4,6,Friuli-Venezia Giulia,Friuli Venezia Giulia,1215220,7415,0.61,0.31
1197,2020-12-31,FVG,1053,384,669,1011,0,42,0,0,0,0,1053,0,ITH,ITH4,6,Friuli-Venezia Giulia,Friuli Venezia Giulia,1215220,8468,0.7,0.09
1198,2021-01-04,FVG,1510,559,951,1392,0,118,0,0,0,0,1510,0,ITH,ITH4,6,Friuli-Venezia Giulia,Friuli Venezia Giulia,1215220,9978,0.82,0.12
1199,2021-01-03,FVG,312,122,190,285,0,26,1,0,0,0,312,0,ITH,ITH4,6,Friuli-Venezia Giulia,Friuli Venezia Giulia,1215220,10290,0.85,0.03
1200,2021-02-05,FVG,2613,784,1829,1612,511,0,490,0,0,0,90,2523,ITH,ITH4,6,Friuli-Venezia Giulia,Friuli Venezia Giulia,1215220,12903,1.06,0.22
1201,2021-01-30,FVG,2271,744,1527,1475,2,352,442,0,0,0,270,2001,ITH,ITH4,6,Friuli-Venezia Giulia,Friuli Venezia Giulia,1215220,15174,1.25,0.19
1202,2021-02-03,FVG,2646,790,1856,1701,558,0,386,1,0,0,23,2623,ITH,ITH4,6,Friuli-Venezia Giulia,Friuli Venezia Giulia,1215220,17820,1.47,0.22
1203,2021-03-03,FVG,3634,1623,2011,749,493,71,100,1325,469,427,2356,1278,ITH,ITH4,6,Friuli-Venezia Giulia,Friuli Venezia Giulia,1215220,21454,1.77,0.3
1204,2020-12-27,FVG,262,149,113,259,0,3,0,0,0,0,262,0,ITH,ITH4,6,Friuli-Venezia Giulia,Friuli Venezia Giulia,1215220,21716,1.79,0.02
1205,2021-02-02,FVG,2466,806,1660,1657,393,0,416,0,0,0,217,2249,ITH,ITH4,6,Friuli-Venezia Giulia,Friuli Venezia Giulia,1215220,24182,1.99,0.2
1206,2021-03-06,FVG,3487,1192,2295,182,148,111,1,1561,20,1464,3161,326,ITH,ITH4,6,Friuli-Venezia Giulia,Friuli Venezia Giulia,1215220,27669,2.28,0.29
1207,2021-02-04,FVG,2731,807,1924,1723,543,0,465,0,0,0,36,2695,ITH,ITH4,6,Friuli-Venezia Giulia,Friuli Venezia Giulia,1215220,30400,2.5,0.22
1208,2021-03-04,FVG,3397,1572,1825,357,212,38,88,1811,490,401,2764,633,ITH,ITH4,6,Friuli-Venezia Giulia,Friuli Venezia Giulia,1215220,33797,2.78,0.28
1209,2021-01-07,FVG,2091,718,1373,1759,1,221,110,0,0,0,2091,0,ITH,ITH4,6,Friuli-Venezia Giulia,Friuli Venezia Giulia,1215220,35888,2.95,0.17
1210,2021-02-22,FVG,2493,1196,1297,431,312,15,115,1369,246,5,2075,418,ITH,ITH4,6,Friuli-Venezia Giulia,Friuli Venezia Giulia,1215220,38381,3.16,0.21
1211,2021-02-25,FVG,3067,1603,1464,22,3,124,188,1556,433,741,3042,25,ITH,ITH4,6,Friuli-Venezia Giulia,Friuli Venezia Giulia,1215220,41448,3.41,0.25
1212,2021-02-07,FVG,1561,483,1078,866,693,0,2,0,0,0,386,1175,ITH,ITH4,6,Friuli-Venezia Giulia,Friuli Venezia Giulia,1215220,43009,3.54,0.13
1213,2020-12-30,FVG,630,246,384,601,0,29,0,0,0,0,630,0,ITH,ITH4,6,Friuli-Venezia Giulia,Friuli Venezia Giulia,1215220,43639,3.59,0.05
1214,2021-02-08,FVG,2354,693,1661,1399,521,0,434,0,0,0,91,2263,ITH,ITH4,6,Friuli-Venezia Giulia,Friuli Venezia Giulia,1215220,45993,3.78,0.19
1215,2021-01-25,FVG,1582,567,1015,1369,0,141,72,0,0,0,194,1388,ITH,ITH4,6,Friuli-Venezia Giulia,Friuli Venezia Giulia,1215220,47575,3.91,0.13
1216,2021-03-01,FVG,2956,1042,1914,93,32,68,175,1635,4,949,2903,53,ITH,ITH4,6,Friuli-Venezia Giulia,Friuli Venezia Giulia,1215220,50531,4.16,0.24
1217,2021-02-06,FVG,1154,338,816,755,208,0,191,0,0,0,22,1132,ITH,ITH4,6,Friuli-Venezia Giulia,Friuli Venezia Giulia,1215220,51685,4.25,0.09
1218,2021-03-23,FVG,3535,1471,2064,305,297,66,177,2441,8,241,1461,2074,ITH,ITH4,6,Friuli-Venezia Giulia,Friuli Venezia Giulia,1215220,55220,4.54,0.29
1219,2021-03-24,FVG,761,340,421,51,58,106,18,528,0,0,295,466,ITH,ITH4,6,Friuli-Venezia Giulia,Friuli Venezia Giulia,1215220,55981,4.61,0.06
1220,2021-01-10,FVG,2941,919,2022,1745,6,945,245,0,0,0,2941,0,ITH,ITH4,6,Friuli-Venezia Giulia,Friuli Venezia Giulia,1215220,58922,4.85,0.24
1221,2021-01-13,FVG,2651,834,1817,1822,9,590,230,0,0,0,2651,0,ITH,ITH4,6,Friuli-Venezia Giulia,Friuli Venezia Giulia,1215220,61573,5.07,0.22
1222,2021-01-08,FVG,2322,747,1575,1680,5,241,396,0,0,0,2322,0,ITH,ITH4,6,Friuli-Venezia Giulia,Friuli Venezia Giulia,1215220,63895,5.26,0.19
1223,2021-02-28,FVG,2668,988,1680,234,162,1,0,405,378,1488,2273,395,ITH,ITH4,6,Friuli-Venezia Giulia,Friuli Venezia Giulia,1215220,66563,5.48,0.22
1224,2021-02-21,FVG,800,281,519,213,166,11,25,383,1,1,423,377,ITH,ITH4,6,Friuli-Venezia Giulia,Friuli Venezia Giulia,1215220,67363,5.54,0.07
1225,2021-02-20,FVG,2068,933,1135,11,1,18,148,1584,0,306,1924,144,ITH,ITH4,6,Friuli-Venezia Giulia,Friuli Venezia Giulia,1215220,69431,5.71,0.17
1226,2021-03-12,FVG,3902,1534,2368,175,61,110,27,2840,100,589,2522,1380,ITH,ITH4,6,Friuli-Venezia Giulia,Friuli Venezia Giulia,1215220,73333,6.03,0.32
1227,2021-01-27,FVG,1272,425,847,851,1,356,64,0,0,0,450,822,ITH,ITH4,6,Friuli-Venezia Giulia,Friuli Venezia Giulia,1215220,74605,6.14,0.1
1228,2021-01-18,FVG,1961,607,1354,1359,4,488,110,0,0,0,1867,94,ITH,ITH4,6,Friuli-Venezia Giulia,Friuli Venezia Giulia,1215220,76566,6.3,0.16
1229,2021-02-13,FVG,567,179,388,337,230,0,0,0,0,0,561,6,ITH,ITH4,6,Friuli-Venezia Giulia,Friuli Venezia Giulia,1215220,77133,6.35,0.05
1230,2021-01-21,FVG,894,345,549,863,0,31,0,0,0,0,1,893,ITH,ITH4,6,Friuli-Venezia Giulia,Friuli Venezia Giulia,1215220,78027,6.42,0.07
1231,2021-03-21,FVG,2596,935,1661,6,3,111,0,1331,27,1118,2189,407,ITH,ITH4,6,Friuli-Venezia Giulia,Friuli Venezia Giulia,1215220,80623,6.63,0.21
1232,2021-02-23,FVG,2615,1252,1363,104,44,63,206,1943,254,1,2437,178,ITH,ITH4,6,Friuli-Venezia Giulia,Friuli Venezia Giulia,1215220,83238,6.85,0.22
1233,2021-02-26,FVG,3736,2092,1644,75,26,114,451,1739,1032,299,3590,146,ITH,ITH4,6,Friuli-Venezia Giulia,Friuli Venezia Giulia,1215220,86974,7.16,0.31
1234,2021-03-18,FVG,3259,1386,1873,53,21,263,64,2857,0,1,1633,1626,ITH,ITH4,6,Friuli-Venezia Giulia,Friuli Venezia Giulia,1215220,90233,7.43,0.27
1235,2021-01-29,FVG,2413,813,1600,1855,0,321,237,0,0,0,264,2149,ITH,ITH4,6,Friuli-Venezia Giulia,Friuli Venezia Giulia,1215220,92646,7.62,0.2
1236,2021-01-22,FVG,90,30,60,89,0,1,0,0,0,0,0,90,ITH,ITH4,6,Friuli-Venezia Giulia,Friuli Venezia Giulia,1215220,92736,7.63,0.01
1237,2021-01-09,FVG,2518,841,1677,1519,2,404,593,0,0,0,2518,0,ITH,ITH4,6,Friuli-Venezia Giulia,Friuli Venezia Giulia,1215220,95254,7.84,0.21
1238,2021-03-16,FVG,3076,1268,1808,325,254,99,196,2202,0,0,1038,2038,ITH,ITH4,6,Friuli-Venezia Giulia,Friuli Venezia Giulia,1215220,98330,8.09,0.25
1239,2021-01-12,FVG,2259,712,1547,1528,19,351,361,0,0,0,2259,0,ITH,ITH4,6,Friuli-Venezia Giulia,Friuli Venezia Giulia,1215220,100589,8.28,0.19
1240,2021-01-24,FVG,305,119,186,277,0,27,1,0,0,0,1,304,ITH,ITH4,6,Friuli-Venezia Giulia,Friuli Venezia Giulia,1215220,100894,8.3,0.03
1241,2021-02-18,FVG,3210,1488,1722,229,122,16,331,1500,34,978,2804,406,ITH,ITH4,6,Friuli-Venezia Giulia,Friuli Venezia Giulia,1215220,104104,8.57,0.26
1242,2021-02-19,FVG,3253,1290,1963,568,309,14,312,1589,35,426,2824,429,ITH,ITH4,6,Friuli-Venezia Giulia,Friuli Venezia Giulia,1215220,107357,8.83,0.27
1243,2021-03-22,FVG,3389,1307,2082,130,86,80,161,2463,6,463,1463,1926,ITH,ITH4,6,Friuli-Venezia Giulia,Friuli Venezia Giulia,1215220,110746,9.11,0.28
1244,2021-03-17,FVG,3109,1235,1874,423,218,109,111,2243,3,2,621,2488,ITH,ITH4,6,Friuli-Venezia Giulia,Friuli Venezia Giulia,1215220,113855,9.37,0.26
1245,2021-02-10,FVG,1352,496,856,745,487,0,119,0,0,1,1266,86,ITH,ITH4,6,Friuli-Venezia Giulia,Friuli Venezia Giulia,1215220,115207,9.48,0.11
1246,2021-01-26,FVG,1972,647,1325,1439,0,152,381,0,0,0,214,1758,ITH,ITH4,6,Friuli-Venezia Giulia,Friuli Venezia Giulia,1215220,117179,9.64,0.16
1247,2021-03-10,FVG,3359,1494,1865,305,243,128,207,1972,309,195,1567,1792,ITH,ITH4,6,Friuli-Venezia Giulia,Friuli Venezia Giulia,1215220,120538,9.92,0.28
1248,2021-02-09,FVG,1848,556,1292,1053,509,0,286,0,0,0,1559,289,ITH,ITH4,6,Friuli-Venezia Giulia,Friuli Venezia Giulia,1215220,122386,10.07,0.15
1249,2021-03-09,FVG,3861,1590,2271,656,420,102,196,2003,60,424,1108,2753,ITH,ITH4,6,Friuli-Venezia Giulia,Friuli Venezia Giulia,1215220,126247,10.39,0.32
1250,2021-03-19,FVG,3102,1307,1795,102,44,120,195,2508,0,133,1238,1864,ITH,ITH4,6,Friuli-Venezia Giulia,Friuli Venezia Giulia,1215220,129349,10.64,0.26
1251,2021-01-14,FVG,2588,789,1799,1608,14,536,430,0,0,0,2588,0,ITH,ITH4,6,Friuli-Venezia Giulia,Friuli Venezia Giulia,1215220,131937,10.86,0.21
1252,2021-02-27,FVG,3420,1177,2243,203,140,32,0,1523,25,1497,3419,1,ITH,ITH4,6,Friuli-Venezia Giulia,Friuli Venezia Giulia,1215220,135357,11.14,0.28
1253,2021-03-08,FVG,3987,1552,2435,690,365,176,109,2172,39,436,1899,2088,ITH,ITH4,6,Friuli-Venezia Giulia,Friuli Venezia Giulia,1215220,139344,11.47,0.33
1254,2021-02-12,FVG,1200,428,772,674,392,3,128,2,0,1,1150,50,ITH,ITH4,6,Friuli-Venezia Giulia,Friuli Venezia Giulia,1215220,140544,11.57,0.1
1255,2021-01-31,FVG,2713,836,1877,1692,1,1002,18,0,0,0,385,2328,ITH,ITH4,6,Friuli-Venezia Giulia,Friuli Venezia Giulia,1215220,143257,11.79,0.22
1256,2021-02-15,FVG,2453,909,1544,699,386,19,315,1034,0,0,2203,250,ITH,ITH4,6,Friuli-Venezia Giulia,Friuli Venezia Giulia,1215220,145710,11.99,0.2
1257,2021-03-13,FVG,2928,1117,1811,11,4,11,86,2056,37,723,1657,1271,ITH,ITH4,6,Friuli-Venezia Giulia,Friuli Venezia Giulia,1215220,148638,12.23,0.24
1258,2021-01-28,FVG,2235,792,1443,1754,0,287,194,0,0,0,354,1881,ITH,ITH4,6,Friuli-Venezia Giulia,Friuli Venezia Giulia,1215220,150873,12.42,0.18
1259,2021-03-11,FVG,3310,1391,1919,262,109,47,271,2013,104,504,1576,1734,ITH,ITH4,6,Friuli-Venezia Giulia,Friuli Venezia Giulia,1215220,154183,12.69,0.27
1260,2021-01-02,FVG,1217,471,746,1150,0,67,0,0,0,0,1217,0,ITH,ITH4,6,Friuli-Venezia Giulia,Friuli Venezia Giulia,1215220,155400,12.79,0.1
1261,2021-03-02,FVG,4218,1518,2700,1164,656,19,202,1538,5,634,2715,1503,ITH,ITH4,6,Friuli-Venezia Giulia,Friuli Venezia Giulia,1215220,159618,13.13,0.35
1262,2021-03-07,FVG,2536,925,1611,1,1,157,0,143,453,1781,2535,1,ITH,ITH4,6,Friuli-Venezia Giulia,Friuli Venezia Giulia,1215220,162154,13.34,0.21
1263,2021-01-23,FVG,816,324,492,768,1,47,0,0,0,0,4,812,ITH,ITH4,6,Friuli-Venezia Giulia,Friuli Venezia Giulia,1215220,162970,13.41,0.07
1264,2021-02-24,FVG,2517,1082,1435,23,5,48,310,1834,0,297,2499,18,ITH,ITH4,6,Friuli-Venezia Giulia,Friuli Venezia Giulia,1215220,165487,13.62,0.21
1265,2021-02-11,FVG,1930,663,1267,1134,566,2,224,3,1,0,1737,193,ITH,ITH4,6,Friuli-Venezia Giulia,Friuli Venezia Giulia,1215220,167417,13.78,0.16
1266,2021-03-20,FVG,3342,1350,1992,413,274,22,7,2381,179,66,1249,2093,ITH,ITH4,6,Friuli-Venezia Giulia,Friuli Venezia Giulia,1215220,170759,14.05,0.28
1267,2021-02-17,FVG,2351,997,1354,328,178,15,229,1555,46,0,1872,479,ITH,ITH4,6,Friuli-Venezia Giulia,Friuli Venezia Giulia,1215220,173110,14.25,0.19
1268,2021-02-16,FVG,2516,1135,1381,260,244,31,221,1760,0,0,2400,116,ITH,ITH4,6,Friuli-Venezia Giulia,Friuli Venezia Giulia,1215220,175626,14.45,0.21
1269,2021-03-14,FVG,1395,548,847,0,1,17,0,247,333,797,1143,252,ITH,ITH4,6,Friuli-Venezia Giulia,Friuli Venezia Giulia,1215220,177021,14.57,0.11
1270,2021-02-01,FVG,2093,687,1406,1587,254,117,135,0,0,0,14,2079,ITH,ITH4,6,Friuli-Venezia Giulia,Friuli Venezia Giulia,1215220,179114,14.74,0.17
1271,2021-01-19,FVG,7,2,5,5,0,0,2,0,0,0,7,0,ITH,ITH4,6,Friuli-Venezia Giulia,Friuli Venezia Giulia,1215220,179121,14.74,0.0
1272,2021-03-05,FVG,3654,1444,2210,1043,651,35,70,1668,43,144,2583,1071,ITH,ITH4,6,Friuli-Venezia Giulia,Friuli Venezia Giulia,1215220,182775,15.04,0.3
1273,2021-01-11,FVG,1882,609,1273,1500,3,333,46,0,0,0,1882,0,ITH,ITH4,6,Friuli-Venezia Giulia,Friuli Venezia Giulia,1215220,184657,15.2,0.15
1274,2021-01-15,FVG,2028,606,1422,1283,6,364,375,0,0,0,2028,0,ITH,ITH4,6,Friuli-Venezia Giulia,Friuli Venezia Giulia,1215220,186685,15.36,0.17
1275,2021-01-06,FVG,709,264,445,514,0,195,0,0,0,0,709,0,ITH,ITH4,6,Friuli-Venezia Giulia,Friuli Venezia Giulia,1215220,187394,15.42,0.06
1276,2021-01-17,FVG,1720,524,1196,674,5,555,486,0,0,0,1720,0,ITH,ITH4,6,Friuli-Venezia Giulia,Friuli Venezia Giulia,1215220,189114,15.56,0.14
1277,2021-02-19,TOS,8299,2951,5348,2968,1207,27,243,154,580,3120,7792,507,ITI,ITI1,9,Toscana,Toscana,3729641,8299,0.22,0.22
1278,2021-02-16,TOS,9268,3338,5930,5084,952,30,178,10,691,2323,8557,711,ITI,ITI1,9,Toscana,Toscana,3729641,17567,0.47,0.25
1279,2021-03-01,TOS,4373,1664,2709,3188,592,9,136,2,421,25,738,3635,ITI,ITI1,9,Toscana,Toscana,3729641,21940,0.59,0.12
1280,2021-01-09,TOS,4484,1596,2888,3779,143,1,560,1,0,0,4484,0,ITI,ITI1,9,Toscana,Toscana,3729641,26424,0.71,0.12
1281,2021-01-16,TOS,3271,1046,2225,2493,538,0,240,0,0,0,3271,0,ITI,ITI1,9,Toscana,Toscana,3729641,29695,0.8,0.09
1282,2021-02-28,TOS,1649,667,982,1111,201,1,78,0,249,9,922,727,ITI,ITI1,9,Toscana,Toscana,3729641,31344,0.84,0.04
1283,2021-01-10,TOS,3001,1104,1897,2432,134,4,431,0,0,0,3001,0,ITI,ITI1,9,Toscana,Toscana,3729641,34345,0.92,0.08
1284,2021-02-06,TOS,4527,1550,2977,3725,574,1,227,0,0,0,1294,3233,ITI,ITI1,9,Toscana,Toscana,3729641,38872,1.04,0.12
1285,2021-02-26,TOS,10048,3817,6231,1557,636,1070,298,1787,1137,3563,8842,1206,ITI,ITI1,9,Toscana,Toscana,3729641,48920,1.31,0.27
1286,2021-01-22,TOS,2861,1063,1798,2022,81,0,758,0,0,0,525,2336,ITI,ITI1,9,Toscana,Toscana,3729641,51781,1.39,0.08
1287,2021-02-12,TOS,7606,2683,4923,3742,380,2892,188,2,402,0,7393,213,ITI,ITI1,9,Toscana,Toscana,3729641,59387,1.59,0.2
1288,2021-01-03,TOS,3336,1052,2284,2565,9,0,762,0,0,0,3336,0,ITI,ITI1,9,Toscana,Toscana,3729641,62723,1.68,0.09
1289,2021-03-20,TOS,6356,2790,3566,881,551,4739,109,28,14,34,5250,1106,ITI,ITI1,9,Toscana,Toscana,3729641,69079,1.85,0.17
1290,2021-02-24,TOS,10346,4457,5889,81,302,1268,301,4115,1331,2948,10149,197,ITI,ITI1,9,Toscana,Toscana,3729641,79425,2.13,0.28
1291,2021-02-17,TOS,8175,3168,5007,3465,1122,51,249,218,584,2486,7424,751,ITI,ITI1,9,Toscana,Toscana,3729641,87600,2.35,0.22
1292,2021-01-07,TOS,6018,1751,4267,5308,29,1,680,0,0,0,6018,0,ITI,ITI1,9,Toscana,Toscana,3729641,93618,2.51,0.16
1293,2021-03-02,TOS,10534,3769,6765,3169,428,598,125,1832,870,3512,7097,3437,ITI,ITI1,9,Toscana,Toscana,3729641,104152,2.79,0.28
1294,2021-01-24,TOS,3348,1072,2276,2601,35,2,709,1,0,0,200,3148,ITI,ITI1,9,Toscana,Toscana,3729641,107500,2.88,0.09
1295,2021-03-13,TOS,9254,3282,5972,2833,1156,953,54,174,344,3740,5308,3946,ITI,ITI1,9,Toscana,Toscana,3729641,116754,3.13,0.25
1296,2021-03-15,TOS,8299,3300,4999,3216,1248,709,402,23,420,2281,3863,4436,ITI,ITI1,9,Toscana,Toscana,3729641,125053,3.35,0.22
1297,2021-02-18,TOS,8815,3284,5531,2924,1447,64,228,214,796,3142,7923,892,ITI,ITI1,9,Toscana,Toscana,3729641,133868,3.59,0.24
1298,2021-01-20,TOS,1314,635,679,432,255,1,626,0,0,0,1077,237,ITI,ITI1,9,Toscana,Toscana,3729641,135182,3.62,0.04
1299,2021-02-04,TOS,4251,1594,2657,3166,623,1,456,5,0,0,961,3290,ITI,ITI1,9,Toscana,Toscana,3729641,139433,3.74,0.11
1300,2021-01-31,TOS,3048,1129,1919,2465,133,2,448,0,0,0,105,2943,ITI,ITI1,9,Toscana,Toscana,3729641,142481,3.82,0.08
1301,2021-03-08,TOS,6266,2560,3706,4063,746,986,177,64,222,8,1448,4818,ITI,ITI1,9,Toscana,Toscana,3729641,148747,3.99,0.17
1302,2021-02-03,TOS,4221,1452,2769,3475,239,1,505,1,0,0,241,3980,ITI,ITI1,9,Toscana,Toscana,3729641,152968,4.1,0.11
1303,2021-02-23,TOS,7720,3323,4397,1491,530,1041,204,509,1114,2831,7559,161,ITI,ITI1,9,Toscana,Toscana,3729641,160688,4.31,0.21
1304,2021-03-07,TOS,5647,2356,3291,3102,511,586,123,15,536,774,2106,3541,ITI,ITI1,9,Toscana,Toscana,3729641,166335,4.46,0.15
1305,2021-03-22,TOS,4716,2336,2380,217,348,3431,270,9,126,315,4314,402,ITI,ITI1,9,Toscana,Toscana,3729641,171051,4.59,0.13
1306,2021-01-18,TOS,1119,636,483,430,313,1,375,0,0,0,1021,98,ITI,ITI1,9,Toscana,Toscana,3729641,172170,4.62,0.03
1307,2021-02-22,TOS,9817,4253,5564,3484,1390,889,315,22,1014,2703,9539,278,ITI,ITI1,9,Toscana,Toscana,3729641,181987,4.88,0.26
1308,2021-01-27,TOS,4835,1572,3263,4019,73,1,742,0,0,0,207,4628,ITI,ITI1,9,Toscana,Toscana,3729641,186822,5.01,0.13
1309,2021-02-10,TOS,4262,1280,2982,3536,239,2,484,0,1,0,3739,523,ITI,ITI1,9,Toscana,Toscana,3729641,191084,5.12,0.11
1310,2021-01-21,TOS,1589,686,903,579,220,0,790,0,0,0,867,722,ITI,ITI1,9,Toscana,Toscana,3729641,192673,5.17,0.04
1311,2021-01-28,TOS,6275,1880,4395,5421,64,2,788,0,0,0,349,5926,ITI,ITI1,9,Toscana,Toscana,3729641,198948,5.33,0.17
1312,2021-01-29,TOS,6136,1698,4438,5375,138,1,622,0,0,0,302,5834,ITI,ITI1,9,Toscana,Toscana,3729641,205084,5.5,0.16
1313,2021-02-21,TOS,5104,2089,3015,3666,1219,0,195,2,13,9,4935,169,ITI,ITI1,9,Toscana,Toscana,3729641,210188,5.64,0.14
1314,2021-03-24,TOS,4599,1869,2730,51,157,818,39,3401,34,99,2099,2500,ITI,ITI1,9,Toscana,Toscana,3729641,214787,5.76,0.12
1315,2021-01-04,TOS,5063,1893,3170,4099,29,3,932,0,0,0,5063,0,ITI,ITI1,9,Toscana,Toscana,3729641,219850,5.89,0.14
1316,2021-03-03,TOS,18027,6429,11598,3318,496,657,135,9077,898,3446,14430,3597,ITI,ITI1,9,Toscana,Toscana,3729641,237877,6.38,0.48
1317,2021-03-11,TOS,15123,5827,9296,2436,905,1363,229,10013,165,12,11814,3309,ITI,ITI1,9,Toscana,Toscana,3729641,253000,6.78,0.41
1318,2021-02-20,TOS,4641,1790,2851,3350,1038,0,203,17,15,18,4128,513,ITI,ITI1,9,Toscana,Toscana,3729641,257641,6.91,0.12
1319,2021-02-15,TOS,8770,3374,5396,4536,922,1106,216,56,794,1140,7945,825,ITI,ITI1,9,Toscana,Toscana,3729641,266411,7.14,0.24
1320,2021-03-19,TOS,9845,4342,5503,639,437,3998,275,4448,13,35,7110,2735,ITI,ITI1,9,Toscana,Toscana,3729641,276256,7.41,0.26
1321,2021-03-04,TOS,17393,6618,10775,2816,275,1392,274,8127,814,3695,14317,3076,ITI,ITI1,9,Toscana,Toscana,3729641,293649,7.87,0.47
1322,2021-01-15,TOS,3878,1347,2531,2758,674,2,444,0,0,0,3878,0,ITI,ITI1,9,Toscana,Toscana,3729641,297527,7.98,0.1
1323,2021-01-11,TOS,5092,1689,3403,4360,209,1,522,0,0,0,5092,0,ITI,ITI1,9,Toscana,Toscana,3729641,302619,8.11,0.14
1324,2021-03-12,TOS,16106,6013,10093,2604,952,999,186,6756,684,3925,12585,3521,ITI,ITI1,9,Toscana,Toscana,3729641,318725,8.55,0.43
1325,2021-03-21,TOS,3230,1574,1656,660,791,1677,77,7,6,12,1797,1433,ITI,ITI1,9,Toscana,Toscana,3729641,321955,8.63,0.09
1326,2021-03-23,TOS,8599,3913,4686,254,298,4136,308,3127,138,338,6496,2103,ITI,ITI1,9,Toscana,Toscana,3729641,330554,8.86,0.23
1327,2021-02-05,TOS,5748,2244,3504,4121,1180,4,442,1,0,0,1924,3824,ITI,ITI1,9,Toscana,Toscana,3729641,336302,9.02,0.15
1328,2021-01-19,TOS,1104,531,573,392,220,1,491,0,0,0,1104,0,ITI,ITI1,9,Toscana,Toscana,3729641,337406,9.05,0.03
1329,2021-03-18,TOS,9608,3833,5775,427,542,886,256,7487,7,3,5738,3870,ITI,ITI1,9,Toscana,Toscana,3729641,347014,9.3,0.26
1330,2021-02-13,TOS,7785,2360,5425,3667,574,3194,163,0,186,1,7558,227,ITI,ITI1,9,Toscana,Toscana,3729641,354799,9.51,0.21
1331,2021-02-01,TOS,5465,1942,3523,4441,403,4,617,0,0,0,521,4944,ITI,ITI1,9,Toscana,Toscana,3729641,360264,9.66,0.15
1332,2021-02-25,TOS,10580,4281,6299,1078,421,1281,259,3201,1141,3199,9586,994,ITI,ITI1,9,Toscana,Toscana,3729641,370844,9.94,0.28
1333,2021-01-17,TOS,2535,871,1664,2002,293,0,240,0,0,0,2022,513,ITI,ITI1,9,Toscana,Toscana,3729641,373379,10.01,0.07
1334,2021-03-09,TOS,10459,4013,6446,4804,905,1180,151,3244,164,11,4907,5552,ITI,ITI1,9,Toscana,Toscana,3729641,383838,10.29,0.28
1335,2021-02-27,TOS,1944,723,1221,1352,311,3,132,1,126,19,1042,902,ITI,ITI1,9,Toscana,Toscana,3729641,385782,10.34,0.05
1336,2021-01-25,TOS,5124,1896,3228,4159,54,2,909,0,0,0,248,4876,ITI,ITI1,9,Toscana,Toscana,3729641,390906,10.48,0.14
1337,2021-01-06,TOS,4519,1459,3060,3984,9,1,525,0,0,0,4519,0,ITI,ITI1,9,Toscana,Toscana,3729641,395425,10.6,0.12
1338,2021-02-07,TOS,2806,953,1853,2349,299,1,157,0,0,0,885,1921,ITI,ITI1,9,Toscana,Toscana,3729641,398231,10.68,0.08
1339,2021-01-01,TOS,2368,786,1582,1716,2,0,650,0,0,0,2368,0,ITI,ITI1,9,Toscana,Toscana,3729641,400599,10.74,0.06
1340,2021-03-14,TOS,7161,2561,4600,3102,797,452,121,2,211,2476,3230,3931,ITI,ITI1,9,Toscana,Toscana,3729641,407760,10.93,0.19
1341,2020-12-30,TOS,327,104,223,34,10,0,283,0,0,0,327,0,ITI,ITI1,9,Toscana,Toscana,3729641,408087,10.94,0.01
1342,2021-02-14,TOS,8993,2567,6426,3033,549,5064,81,0,261,5,8883,110,ITI,ITI1,9,Toscana,Toscana,3729641,417080,11.18,0.24
1343,2021-02-09,TOS,4488,1468,3020,3583,386,2,513,4,0,0,3877,611,ITI,ITI1,9,Toscana,Toscana,3729641,421568,11.3,0.12
1344,2021-03-16,TOS,4834,1852,2982,1543,424,669,120,2050,12,16,2611,2223,ITI,ITI1,9,Toscana,Toscana,3729641,426402,11.43,0.13
1345,2021-01-08,TOS,5944,1641,4303,5360,36,3,545,0,0,0,5944,0,ITI,ITI1,9,Toscana,Toscana,3729641,432346,11.59,0.16
1346,2021-03-05,TOS,16264,6230,10034,3920,926,1485,170,5143,748,3872,11524,4740,ITI,ITI1,9,Toscana,Toscana,3729641,448610,12.03,0.44
1347,2021-02-08,TOS,4095,1358,2737,3373,343,2,377,0,0,0,3636,459,ITI,ITI1,9,Toscana,Toscana,3729641,452705,12.14,0.11
1348,2021-01-30,TOS,4620,1622,2998,3763,218,1,638,0,0,0,197,4423,ITI,ITI1,9,Toscana,Toscana,3729641,457325,12.26,0.12
1349,2021-01-05,TOS,5244,1755,3489,4354,9,2,879,0,0,0,5244,0,ITI,ITI1,9,Toscana,Toscana,3729641,462569,12.4,0.14
1350,2021-01-12,TOS,3581,1398,2183,2944,282,1,354,0,0,0,3581,0,ITI,ITI1,9,Toscana,Toscana,3729641,466150,12.5,0.1
1351,2021-01-02,TOS,3497,1097,2400,2682,15,0,800,0,0,0,3497,0,ITI,ITI1,9,Toscana,Toscana,3729641,469647,12.59,0.09
1352,2021-01-14,TOS,3254,1179,2075,2459,475,0,320,0,0,0,3254,0,ITI,ITI1,9,Toscana,Toscana,3729641,472901,12.68,0.09
1353,2021-01-23,TOS,3949,1354,2595,2936,170,2,841,0,0,0,640,3309,ITI,ITI1,9,Toscana,Toscana,3729641,476850,12.79,0.11
1354,2021-01-13,TOS,4063,1398,2665,3308,348,2,405,0,0,0,4063,0,ITI,ITI1,9,Toscana,Toscana,3729641,480913,12.89,0.11
1355,2021-03-17,TOS,11074,4443,6631,352,271,876,171,9400,2,2,6655,4419,ITI,ITI1,9,Toscana,Toscana,3729641,491987,13.19,0.3
1356,2021-01-26,TOS,5392,1791,3601,4357,81,3,951,0,0,0,219,5173,ITI,ITI1,9,Toscana,Toscana,3729641,497379,13.34,0.14
1357,2021-03-06,TOS,7096,2839,4257,3804,482,1132,145,30,357,1146,2905,4191,ITI,ITI1,9,Toscana,Toscana,3729641,504475,13.53,0.19
1358,2020-12-31,TOS,805,202,603,97,10,0,698,0,0,0,805,0,ITI,ITI1,9,Toscana,Toscana,3729641,505280,13.55,0.02
1359,2021-03-10,TOS,17588,6874,10714,2993,849,1373,204,11978,178,13,13620,3968,ITI,ITI1,9,Toscana,Toscana,3729641,522868,14.02,0.47
1360,2020-12-27,TOS,620,267,353,460,10,137,13,0,0,0,620,0,ITI,ITI1,9,Toscana,Toscana,3729641,523488,14.04,0.02
1361,2021-02-11,TOS,5383,2021,3362,2809,284,1934,323,12,10,11,5141,242,ITI,ITI1,9,Toscana,Toscana,3729641,528871,14.18,0.14
1362,2021-02-02,TOS,3741,1475,2266,3020,283,4,422,6,6,0,194,3547,ITI,ITI1,9,Toscana,Toscana,3729641,532612,14.28,0.1
1363,2021-03-19,UMB,1696,547,1149,444,135,129,47,191,26,724,1071,625,ITI,ITI2,10,Umbria,Umbria,882015,1696,0.19,0.19
1364,2021-03-07,UMB,844,180,664,16,66,17,25,44,0,676,837,7,ITI,ITI2,10,Umbria,Umbria,882015,2540,0.29,0.1
1365,2021-02-10,UMB,715,349,366,606,106,0,3,0,0,0,700,15,ITI,ITI2,10,Umbria,Umbria,882015,3255,0.37,0.08
1366,2021-01-13,UMB,450,139,311,379,28,1,42,0,0,0,450,0,ITI,ITI2,10,Umbria,Umbria,882015,3705,0.42,0.05
1367,2021-03-13,UMB,1731,524,1207,120,122,60,49,152,77,1151,1486,245,ITI,ITI2,10,Umbria,Umbria,882015,5436,0.62,0.2
1368,2021-01-18,UMB,588,215,373,315,114,35,124,0,0,0,504,84,ITI,ITI2,10,Umbria,Umbria,882015,6024,0.68,0.07
1369,2021-01-27,UMB,838,329,509,837,1,0,0,0,0,0,13,825,ITI,ITI2,10,Umbria,Umbria,882015,6862,0.78,0.1
1370,2021-02-12,UMB,671,224,447,459,208,0,1,1,0,2,665,6,ITI,ITI2,10,Umbria,Umbria,882015,7533,0.85,0.08
1371,2021-01-26,UMB,814,390,424,813,1,0,0,0,0,0,18,796,ITI,ITI2,10,Umbria,Umbria,882015,8347,0.95,0.09
1372,2021-01-31,UMB,1056,276,780,765,10,0,281,0,0,0,25,1031,ITI,ITI2,10,Umbria,Umbria,882015,9403,1.07,0.12
1373,2021-01-17,UMB,54,17,37,47,7,0,0,0,0,0,54,0,ITI,ITI2,10,Umbria,Umbria,882015,9457,1.07,0.01
1374,2021-02-22,UMB,1858,777,1081,732,88,32,1,1005,0,0,1772,86,ITI,ITI2,10,Umbria,Umbria,882015,11315,1.28,0.21
1375,2021-01-19,UMB,103,23,80,21,2,0,80,0,0,0,103,0,ITI,ITI2,10,Umbria,Umbria,882015,11418,1.29,0.01
1376,2021-02-26,UMB,660,253,407,385,73,1,40,154,4,3,652,8,ITI,ITI2,10,Umbria,Umbria,882015,12078,1.37,0.07
1377,2021-01-15,UMB,692,212,480,588,44,0,60,0,0,0,692,0,ITI,ITI2,10,Umbria,Umbria,882015,12770,1.45,0.08
1378,2021-01-09,UMB,1719,492,1227,888,7,3,821,0,0,0,1719,0,ITI,ITI2,10,Umbria,Umbria,882015,14489,1.64,0.19
1379,2021-02-15,UMB,1368,692,676,10,4,4,0,1350,0,0,1367,1,ITI,ITI2,10,Umbria,Umbria,882015,15857,1.8,0.16
1380,2021-01-06,UMB,843,323,520,840,0,3,0,0,0,0,843,0,ITI,ITI2,10,Umbria,Umbria,882015,16700,1.89,0.1
1381,2021-03-14,UMB,66,48,18,0,6,55,1,0,0,4,66,0,ITI,ITI2,10,Umbria,Umbria,882015,16766,1.9,0.01
1382,2021-03-10,UMB,3970,1900,2070,120,745,113,144,2564,209,75,2683,1287,ITI,ITI2,10,Umbria,Umbria,882015,20736,2.35,0.45
1383,2021-02-25,UMB,1334,495,839,826,96,5,97,305,0,5,1282,52,ITI,ITI2,10,Umbria,Umbria,882015,22070,2.5,0.15
1384,2021-03-20,UMB,2272,821,1451,315,178,507,0,0,72,1200,2247,25,ITI,ITI2,10,Umbria,Umbria,882015,24342,2.76,0.26
1385,2021-02-24,UMB,1520,565,955,1082,45,1,91,292,9,0,1505,15,ITI,ITI2,10,Umbria,Umbria,882015,25862,2.93,0.17
1386,2021-01-22,UMB,276,105,171,273,1,0,2,0,0,0,32,244,ITI,ITI2,10,Umbria,Umbria,882015,26138,2.96,0.03
1387,2021-01-03,UMB,267,111,156,267,0,0,0,0,0,0,267,0,ITI,ITI2,10,Umbria,Umbria,882015,26405,2.99,0.03
1388,2021-03-08,UMB,3665,1797,1868,140,272,83,45,2853,230,42,2303,1362,ITI,ITI2,10,Umbria,Umbria,882015,30070,3.41,0.42
1389,2021-01-04,UMB,809,397,412,808,0,1,0,0,0,0,809,0,ITI,ITI2,10,Umbria,Umbria,882015,30879,3.5,0.09
1390,2021-02-06,UMB,396,138,258,333,47,0,16,0,0,0,34,362,ITI,ITI2,10,Umbria,Umbria,882015,31275,3.55,0.04
1391,2021-02-05,UMB,780,234,546,645,51,0,84,0,0,0,18,762,ITI,ITI2,10,Umbria,Umbria,882015,32055,3.63,0.09
1392,2021-01-07,UMB,1291,383,908,883,0,4,404,0,0,0,1291,0,ITI,ITI2,10,Umbria,Umbria,882015,33346,3.78,0.15
1393,2021-01-14,UMB,749,200,549,696,35,0,17,0,0,1,749,0,ITI,ITI2,10,Umbria,Umbria,882015,34095,3.87,0.08
1394,2021-03-05,UMB,4586,1378,3208,604,295,94,7,685,347,2554,3930,656,ITI,ITI2,10,Umbria,Umbria,882015,38681,4.39,0.52
1395,2021-03-06,UMB,4251,1109,3142,422,178,69,26,1114,120,2322,4108,143,ITI,ITI2,10,Umbria,Umbria,882015,42932,4.87,0.48
1396,2021-02-16,UMB,1307,655,652,33,4,8,0,1262,0,0,1298,9,ITI,ITI2,10,Umbria,Umbria,882015,44239,5.02,0.15
1397,2021-02-19,UMB,743,293,450,281,12,4,14,432,0,0,526,217,ITI,ITI2,10,Umbria,Umbria,882015,44982,5.1,0.08
1398,2021-02-08,UMB,637,203,434,368,111,1,153,0,4,0,88,549,ITI,ITI2,10,Umbria,Umbria,882015,45619,5.17,0.07
1399,2021-01-16,UMB,221,73,148,146,32,0,43,0,0,0,221,0,ITI,ITI2,10,Umbria,Umbria,882015,45840,5.2,0.03
1400,2021-01-20,UMB,613,222,391,583,14,1,14,0,0,1,613,0,ITI,ITI2,10,Umbria,Umbria,882015,46453,5.27,0.07
1401,2021-03-24,UMB,1824,889,935,108,76,90,4,1493,31,22,1021,803,ITI,ITI2,10,Umbria,Umbria,882015,48277,5.47,0.21
1402,2021-03-23,UMB,3753,1661,2092,395,179,191,12,2827,89,60,2124,1629,ITI,ITI2,10,Umbria,Umbria,882015,52030,5.9,0.43
1403,2021-01-24,UMB,254,104,150,254,0,0,0,0,0,0,1,253,ITI,ITI2,10,Umbria,Umbria,882015,52284,5.93,0.03
1404,2021-01-30,UMB,1577,483,1094,841,18,0,717,1,0,0,44,1533,ITI,ITI2,10,Umbria,Umbria,882015,53861,6.11,0.18
1405,2021-03-04,UMB,4475,1849,2626,849,164,74,4,1552,366,1466,3647,828,ITI,ITI2,10,Umbria,Umbria,882015,58336,6.61,0.51
1406,2021-02-13,UMB,115,28,87,68,46,0,0,1,0,0,112,3,ITI,ITI2,10,Umbria,Umbria,882015,58451,6.63,0.01
1407,2021-02-27,UMB,1658,354,1304,14,11,0,13,0,60,1560,1642,16,ITI,ITI2,10,Umbria,Umbria,882015,60109,6.81,0.19
1408,2021-02-01,UMB,1260,333,927,876,32,0,352,0,0,0,47,1213,ITI,ITI2,10,Umbria,Umbria,882015,61369,6.96,0.14
1409,2021-01-02,UMB,301,110,191,301,0,0,0,0,0,0,301,0,ITI,ITI2,10,Umbria,Umbria,882015,61670,6.99,0.03
1410,2021-01-11,UMB,1271,336,935,878,11,9,373,0,0,0,1271,0,ITI,ITI2,10,Umbria,Umbria,882015,62941,7.14,0.14
1411,2021-03-09,UMB,4028,1950,2078,142,549,132,105,2912,165,23,2735,1293,ITI,ITI2,10,Umbria,Umbria,882015,66969,7.59,0.46
1412,2021-03-11,UMB,3538,1680,1858,143,604,180,238,2014,201,158,2532,1006,ITI,ITI2,10,Umbria,Umbria,882015,70507,7.99,0.4
1413,2021-02-03,UMB,725,174,551,560,34,3,128,0,0,0,67,658,ITI,ITI2,10,Umbria,Umbria,882015,71232,8.08,0.08
1414,2021-01-23,UMB,277,100,177,276,1,0,0,0,0,0,2,275,ITI,ITI2,10,Umbria,Umbria,882015,71509,8.11,0.03
1415,2021-02-04,UMB,732,226,506,692,19,1,20,0,0,0,25,707,ITI,ITI2,10,Umbria,Umbria,882015,72241,8.19,0.08
1416,2021-03-02,UMB,3638,1345,2293,318,223,53,55,1302,241,1446,3634,4,ITI,ITI2,10,Umbria,Umbria,882015,75879,8.6,0.41
1417,2021-03-03,UMB,4435,1771,2664,720,235,55,86,1517,289,1533,3723,712,ITI,ITI2,10,Umbria,Umbria,882015,80314,9.11,0.5
1418,2021-03-21,UMB,665,330,335,31,14,523,0,0,34,63,665,0,ITI,ITI2,10,Umbria,Umbria,882015,80979,9.18,0.08
1419,2021-02-18,UMB,1495,582,913,324,14,2,170,985,0,0,1029,466,ITI,ITI2,10,Umbria,Umbria,882015,82474,9.35,0.17
1420,2021-01-08,UMB,1173,337,836,926,8,1,238,0,0,0,1173,0,ITI,ITI2,10,Umbria,Umbria,882015,83647,9.48,0.13
1421,2020-12-31,UMB,322,127,195,310,0,12,0,0,0,0,322,0,ITI,ITI2,10,Umbria,Umbria,882015,83969,9.52,0.04
1422,2021-01-25,UMB,647,322,325,645,2,0,0,0,0,0,5,642,ITI,ITI2,10,Umbria,Umbria,882015,84616,9.59,0.07
1423,2021-02-20,UMB,282,100,182,83,7,1,39,152,0,0,258,24,ITI,ITI2,10,Umbria,Umbria,882015,84898,9.63,0.03
1424,2021-03-01,UMB,1503,774,729,110,10,15,0,1249,118,1,1389,114,ITI,ITI2,10,Umbria,Umbria,882015,86401,9.8,0.17
1425,2021-03-22,UMB,3558,1653,1905,163,120,204,0,2825,99,147,2312,1246,ITI,ITI2,10,Umbria,Umbria,882015,89959,10.2,0.4
1426,2021-01-28,UMB,1240,392,848,891,4,0,345,0,0,0,19,1221,ITI,ITI2,10,Umbria,Umbria,882015,91199,10.34,0.14
1427,2021-01-21,UMB,610,202,408,428,13,0,169,0,0,0,341,269,ITI,ITI2,10,Umbria,Umbria,882015,91809,10.41,0.07
1428,2020-12-27,UMB,85,45,40,67,2,0,16,0,0,0,85,0,ITI,ITI2,10,Umbria,Umbria,882015,91894,10.42,0.01
1429,2021-03-18,UMB,2785,1079,1706,962,115,30,205,1459,3,11,1552,1233,ITI,ITI2,10,Umbria,Umbria,882015,94679,10.73,0.32
1430,2021-03-16,UMB,3504,1433,2071,1633,68,21,65,1707,0,10,1877,1627,ITI,ITI2,10,Umbria,Umbria,882015,98183,11.13,0.4
1431,2021-01-29,UMB,1221,343,878,934,16,0,271,0,0,0,79,1142,ITI,ITI2,10,Umbria,Umbria,882015,99404,11.27,0.14
1432,2021-02-11,UMB,842,349,493,735,98,1,5,0,0,3,837,5,ITI,ITI2,10,Umbria,Umbria,882015,100246,11.37,0.1
1433,2021-03-12,UMB,2633,1031,1602,111,410,186,41,463,229,1193,2135,498,ITI,ITI2,10,Umbria,Umbria,882015,102879,11.66,0.3
1434,2021-02-07,UMB,54,17,37,46,8,0,0,0,0,0,1,53,ITI,ITI2,10,Umbria,Umbria,882015,102933,11.67,0.01
1435,2021-01-10,UMB,1056,275,781,740,3,6,307,0,0,0,1056,0,ITI,ITI2,10,Umbria,Umbria,882015,103989,11.79,0.12
1436,2021-03-17,UMB,3327,1313,2014,1429,52,12,129,1681,8,16,1855,1472,ITI,ITI2,10,Umbria,Umbria,882015,107316,12.17,0.38
1437,2021-01-05,UMB,850,428,422,845,0,5,0,0,0,0,850,0,ITI,ITI2,10,Umbria,Umbria,882015,108166,12.26,0.1
1438,2021-02-17,UMB,1618,748,870,363,3,11,0,1240,0,1,1267,351,ITI,ITI2,10,Umbria,Umbria,882015,109784,12.45,0.18
1439,2021-03-15,UMB,4592,1927,2665,1426,193,154,78,2337,141,263,2822,1770,ITI,ITI2,10,Umbria,Umbria,882015,114376,12.97,0.52
1440,2021-02-02,UMB,942,274,668,713,16,1,212,0,0,0,32,910,ITI,ITI2,10,Umbria,Umbria,882015,115318,13.07,0.11
1441,2021-01-12,UMB,784,247,537,665,7,7,105,0,0,0,784,0,ITI,ITI2,10,Umbria,Umbria,882015,116102,13.16,0.09
1442,2021-01-01,UMB,269,102,167,268,0,1,0,0,0,0,269,0,ITI,ITI2,10,Umbria,Umbria,882015,116371,13.19,0.03
1443,2021-02-23,UMB,1693,658,1035,1187,95,0,17,394,0,0,1651,42,ITI,ITI2,10,Umbria,Umbria,882015,118064,13.39,0.19
1444,2021-02-19,PUG,4724,2009,2715,3039,981,256,390,2,49,7,4334,390,ITF,ITF4,16,Puglia,Puglia,4029053,4724,0.12,0.12
1445,2021-01-31,PUG,1805,825,980,1499,103,1,198,2,0,2,73,1732,ITF,ITF4,16,Puglia,Puglia,4029053,6529,0.16,0.04
1446,2021-01-20,PUG,1550,543,1007,783,125,40,602,0,0,0,1542,8,ITF,ITF4,16,Puglia,Puglia,4029053,8079,0.2,0.04
1447,2021-01-02,PUG,2946,1298,1648,2826,64,29,23,0,0,4,2946,0,ITF,ITF4,16,Puglia,Puglia,4029053,11025,0.27,0.07
1448,2021-02-21,PUG,2171,472,1699,537,24,61,49,32,12,1456,2110,61,ITF,ITF4,16,Puglia,Puglia,4029053,13196,0.33,0.05
1449,2021-01-11,PUG,3749,1587,2162,3212,318,39,175,0,3,2,3749,0,ITF,ITF4,16,Puglia,Puglia,4029053,16945,0.42,0.09
1450,2021-01-16,PUG,2510,1033,1477,1685,299,7,518,0,0,1,2510,0,ITF,ITF4,16,Puglia,Puglia,4029053,19455,0.48,0.06
1451,2021-02-02,PUG,4331,1838,2493,3622,376,13,317,0,0,3,591,3740,ITF,ITF4,16,Puglia,Puglia,4029053,23786,0.59,0.11
1452,2020-12-27,PUG,506,249,257,401,2,40,63,0,0,0,506,0,ITF,ITF4,16,Puglia,Puglia,4029053,24292,0.6,0.01
1453,2021-01-03,PUG,2006,943,1063,1816,33,11,145,0,0,1,2006,0,ITF,ITF4,16,Puglia,Puglia,4029053,26298,0.65,0.05
1454,2021-02-25,PUG,11685,4962,6723,1721,524,349,419,5613,725,2334,10535,1150,ITF,ITF4,16,Puglia,Puglia,4029053,37983,0.94,0.29
1455,2021-03-16,PUG,9560,4556,5004,2164,515,307,76,6400,62,36,3235,6325,ITF,ITF4,16,Puglia,Puglia,4029053,47543,1.18,0.24
1456,2021-03-03,PUG,16332,6547,9785,2014,416,400,192,5817,810,6683,14511,1821,ITF,ITF4,16,Puglia,Puglia,4029053,63875,1.59,0.41
1457,2021-01-13,PUG,4534,1728,2806,3968,309,25,230,0,0,2,4534,0,ITF,ITF4,16,Puglia,Puglia,4029053,68409,1.7,0.11
1458,2021-02-23,PUG,9302,4401,4901,1763,308,179,156,5483,398,1015,8835,467,ITF,ITF4,16,Puglia,Puglia,4029053,77711,1.93,0.23
1459,2021-03-07,PUG,4905,1937,2968,930,48,189,2,1617,323,1796,4335,570,ITF,ITF4,16,Puglia,Puglia,4029053,82616,2.05,0.12
1460,2020-12-31,PUG,1635,782,853,1549,33,6,44,0,0,3,1635,0,ITF,ITF4,16,Puglia,Puglia,4029053,84251,2.09,0.04
1461,2021-01-18,PUG,1844,770,1074,1182,210,6,446,0,0,0,1495,349,ITF,ITF4,16,Puglia,Puglia,4029053,86095,2.14,0.05
1462,2021-01-06,PUG,3943,1664,2279,3221,204,145,373,0,0,0,3943,0,ITF,ITF4,16,Puglia,Puglia,4029053,90038,2.23,0.1
1463,2021-02-28,PUG,5842,1771,4071,557,119,142,26,1484,194,3320,5656,186,ITF,ITF4,16,Puglia,Puglia,4029053,95880,2.38,0.14
1464,2021-02-24,PUG,9881,4629,5252,1891,415,293,117,6244,365,556,9293,588,ITF,ITF4,16,Puglia,Puglia,4029053,105761,2.62,0.25
1465,2021-01-29,PUG,6188,2659,3529,5465,341,91,288,0,0,3,436,5752,ITF,ITF4,16,Puglia,Puglia,4029053,111949,2.78,0.15
1466,2021-02-12,PUG,4098,1629,2469,2937,440,11,690,5,10,5,3008,1090,ITF,ITF4,16,Puglia,Puglia,4029053,116047,2.88,0.1
1467,2021-03-12,PUG,13720,6031,7689,3278,907,404,430,4881,887,2933,9796,3924,ITF,ITF4,16,Puglia,Puglia,4029053,129767,3.22,0.34
1468,2021-02-20,PUG,2960,1076,1884,2113,194,50,167,8,4,424,2704,256,ITF,ITF4,16,Puglia,Puglia,4029053,132727,3.29,0.07
1469,2021-01-07,PUG,5707,2448,3259,5210,246,30,217,0,1,3,5707,0,ITF,ITF4,16,Puglia,Puglia,4029053,138434,3.44,0.14
1470,2021-02-01,PUG,3957,1656,2301,3439,279,21,209,0,4,5,375,3582,ITF,ITF4,16,Puglia,Puglia,4029053,142391,3.53,0.1
1471,2021-03-13,PUG,9995,3940,6055,2154,226,197,128,3826,226,3238,8271,1724,ITF,ITF4,16,Puglia,Puglia,4029053,152386,3.78,0.25
1472,2021-01-19,PUG,1221,452,769,527,113,4,577,0,0,0,1211,10,ITF,ITF4,16,Puglia,Puglia,4029053,153607,3.81,0.03
1473,2021-03-17,PUG,10120,4640,5480,1758,427,180,62,7595,33,65,4067,6053,ITF,ITF4,16,Puglia,Puglia,4029053,163727,4.06,0.25
1474,2021-03-02,PUG,16219,6017,10202,1392,370,687,112,4278,1247,8133,14914,1305,ITF,ITF4,16,Puglia,Puglia,4029053,179946,4.47,0.4
1475,2021-01-04,PUG,4503,2012,2491,4371,84,36,11,0,0,1,4503,0,ITF,ITF4,16,Puglia,Puglia,4029053,184449,4.58,0.11
1476,2021-02-17,PUG,4263,1742,2521,2453,1170,40,598,1,0,1,3666,597,ITF,ITF4,16,Puglia,Puglia,4029053,188712,4.68,0.11
1477,2021-03-23,PUG,9851,4777,5074,1831,291,597,19,5911,448,754,3670,6181,ITF,ITF4,16,Puglia,Puglia,4029053,198563,4.93,0.24
1478,2021-01-15,PUG,4545,1860,2685,3592,337,51,558,0,3,4,4545,0,ITF,ITF4,16,Puglia,Puglia,4029053,203108,5.04,0.11
1479,2021-03-06,PUG,15574,5800,9774,2113,339,439,70,5161,479,6973,13609,1965,ITF,ITF4,16,Puglia,Puglia,4029053,218682,5.43,0.39
1480,2021-01-08,PUG,5573,2337,3236,4844,356,45,325,0,0,3,5573,0,ITF,ITF4,16,Puglia,Puglia,4029053,224255,5.57,0.14
1481,2021-03-01,PUG,14920,5812,9108,1958,479,444,83,6083,819,5054,13553,1367,ITF,ITF4,16,Puglia,Puglia,4029053,239175,5.94,0.37
1482,2021-03-20,PUG,7761,3506,4255,1410,64,229,51,5165,35,807,3244,4517,ITF,ITF4,16,Puglia,Puglia,4029053,246936,6.13,0.19
1483,2021-01-27,PUG,4575,1927,2648,3916,221,40,396,0,0,2,610,3965,ITF,ITF4,16,Puglia,Puglia,4029053,251511,6.24,0.11
1484,2021-02-08,PUG,3987,1606,2381,2956,568,47,389,1,25,1,1597,2390,ITF,ITF4,16,Puglia,Puglia,4029053,255498,6.34,0.1
1485,2021-01-28,PUG,5464,2271,3193,4759,314,62,327,0,0,2,474,4990,ITF,ITF4,16,Puglia,Puglia,4029053,260962,6.48,0.14
1486,2021-02-03,PUG,5028,1999,3029,4363,469,9,184,0,0,3,729,4299,ITF,ITF4,16,Puglia,Puglia,4029053,265990,6.6,0.12
1487,2021-01-23,PUG,3036,1291,1745,2522,174,32,307,0,0,1,885,2151,ITF,ITF4,16,Puglia,Puglia,4029053,269026,6.68,0.08
1488,2021-02-26,PUG,13526,4943,8583,2115,620,225,284,5065,602,4615,12507,1019,ITF,ITF4,16,Puglia,Puglia,4029053,282552,7.01,0.34
1489,2021-03-24,PUG,2643,1253,1390,495,60,194,26,1648,46,174,1329,1314,ITF,ITF4,16,Puglia,Puglia,4029053,285195,7.08,0.07
1490,2021-03-11,PUG,14124,6081,8043,2886,746,443,515,5063,797,3674,11032,3092,ITF,ITF4,16,Puglia,Puglia,4029053,299319,7.43,0.35
1491,2021-03-21,PUG,2606,1158,1448,462,15,40,13,1778,14,284,503,2103,ITF,ITF4,16,Puglia,Puglia,4029053,301925,7.49,0.06
1492,2021-01-24,PUG,1668,749,919,1286,231,0,150,1,0,0,152,1516,ITF,ITF4,16,Puglia,Puglia,4029053,303593,7.54,0.04
1493,2021-01-21,PUG,2129,903,1226,1429,166,8,526,0,0,0,1270,859,ITF,ITF4,16,Puglia,Puglia,4029053,305722,7.59,0.05
1494,2021-01-22,PUG,1409,579,830,876,150,7,373,2,0,1,992,417,ITF,ITF4,16,Puglia,Puglia,4029053,307131,7.62,0.03
1495,2021-02-10,PUG,3603,1425,2178,2491,247,0,864,0,0,1,2122,1481,ITF,ITF4,16,Puglia,Puglia,4029053,310734,7.71,0.09
1496,2021-03-08,PUG,14426,5983,8443,2094,525,613,202,6662,521,3809,12050,2376,ITF,ITF4,16,Puglia,Puglia,4029053,325160,8.07,0.36
1497,2021-02-18,PUG,4368,1843,2525,2709,912,56,682,5,2,2,3765,603,ITF,ITF4,16,Puglia,Puglia,4029053,329528,8.18,0.11
1498,2021-03-10,PUG,14202,6155,8047,2563,908,336,355,6363,601,3076,11091,3111,ITF,ITF4,16,Puglia,Puglia,4029053,343730,8.53,0.35
1499,2021-01-01,PUG,146,60,86,145,1,0,0,0,0,0,146,0,ITF,ITF4,16,Puglia,Puglia,4029053,343876,8.53,0.0
1500,2021-01-12,PUG,4202,1765,2437,3628,339,11,218,1,0,5,4202,0,ITF,ITF4,16,Puglia,Puglia,4029053,348078,8.64,0.1
1501,2021-03-04,PUG,14962,5827,9135,1540,389,508,322,4698,1231,6274,13585,1377,ITF,ITF4,16,Puglia,Puglia,4029053,363040,9.01,0.37
1502,2021-03-05,PUG,16931,6746,10185,2307,542,679,272,5193,1022,6916,14770,2161,ITF,ITF4,16,Puglia,Puglia,4029053,379971,9.43,0.42
1503,2021-01-30,PUG,5523,2510,3013,4747,323,25,419,3,0,6,413,5110,ITF,ITF4,16,Puglia,Puglia,4029053,385494,9.57,0.14
1504,2021-03-15,PUG,11656,5566,6090,2070,503,307,115,7630,353,678,5172,6484,ITF,ITF4,16,Puglia,Puglia,4029053,397150,9.86,0.29
1505,2021-01-09,PUG,4867,2245,2622,4313,246,57,246,4,0,1,4867,0,ITF,ITF4,16,Puglia,Puglia,4029053,402017,9.98,0.12
1506,2021-02-15,PUG,3252,1267,1985,2249,518,23,452,1,6,3,2632,620,ITF,ITF4,16,Puglia,Puglia,4029053,405269,10.06,0.08
1507,2021-03-19,PUG,7732,3567,4165,1747,211,202,69,5182,64,257,3293,4439,ITF,ITF4,16,Puglia,Puglia,4029053,413001,10.25,0.19
1508,2021-03-14,PUG,3241,1396,1845,952,62,141,73,973,42,998,2486,755,ITF,ITF4,16,Puglia,Puglia,4029053,416242,10.33,0.08
1509,2021-02-16,PUG,3379,1450,1929,2133,727,83,414,4,16,2,2733,646,ITF,ITF4,16,Puglia,Puglia,4029053,419621,10.41,0.08
1510,2021-01-14,PUG,4061,1585,2476,3164,368,28,499,0,0,2,4061,0,ITF,ITF4,16,Puglia,Puglia,4029053,423682,10.52,0.1
1511,2021-02-05,PUG,5622,2269,3353,4562,494,31,526,0,3,6,1325,4297,ITF,ITF4,16,Puglia,Puglia,4029053,429304,10.66,0.14
1512,2021-03-22,PUG,8938,4406,4532,583,185,494,11,6554,198,913,3575,5363,ITF,ITF4,16,Puglia,Puglia,4029053,438242,10.88,0.22
1513,2021-01-10,PUG,2346,1060,1286,2035,100,9,202,0,0,0,2346,0,ITF,ITF4,16,Puglia,Puglia,4029053,440588,10.94,0.06
1514,2020-12-30,PUG,1,0,1,1,0,0,0,0,0,0,1,0,ITF,ITF4,16,Puglia,Puglia,4029053,440589,10.94,0.0
1515,2021-02-07,PUG,1503,648,855,1014,218,4,266,0,0,1,252,1251,ITF,ITF4,16,Puglia,Puglia,4029053,442092,10.97,0.04
1516,2021-01-05,PUG,5096,2244,2852,4740,153,96,98,5,0,4,5096,0,ITF,ITF4,16,Puglia,Puglia,4029053,447188,11.1,0.13
1517,2021-01-26,PUG,5360,2397,2963,4846,241,40,232,1,0,0,574,4786,ITF,ITF4,16,Puglia,Puglia,4029053,452548,11.23,0.13
1518,2021-01-17,PUG,1306,589,717,823,146,1,336,0,0,0,1237,69,ITF,ITF4,16,Puglia,Puglia,4029053,453854,11.26,0.03
1519,2021-02-27,PUG,13952,4724,9228,1575,542,251,178,5064,345,5997,12778,1174,ITF,ITF4,16,Puglia,Puglia,4029053,467806,11.61,0.35
1520,2021-02-06,PUG,4509,1913,2596,3491,483,4,528,0,0,3,1591,2918,ITF,ITF4,16,Puglia,Puglia,4029053,472315,11.72,0.11
1521,2021-02-04,PUG,5892,2356,3536,4422,623,189,652,0,0,6,1166,4726,ITF,ITF4,16,Puglia,Puglia,4029053,478207,11.87,0.15
1522,2021-03-18,PUG,8980,4061,4919,1737,293,322,195,6304,39,90,2971,6009,ITF,ITF4,16,Puglia,Puglia,4029053,487187,12.09,0.22
1523,2021-02-13,PUG,3719,1451,2268,2880,507,12,291,4,18,7,3027,692,ITF,ITF4,16,Puglia,Puglia,4029053,490906,12.18,0.09
1524,2021-02-09,PUG,3835,1568,2267,2533,651,17,621,8,0,5,2163,1672,ITF,ITF4,16,Puglia,Puglia,4029053,494741,12.28,0.1
1525,2021-02-22,PUG,9602,4522,5080,1425,431,302,139,6772,215,318,9272,330,ITF,ITF4,16,Puglia,Puglia,4029053,504343,12.52,0.24
1526,2021-02-14,PUG,784,348,436,681,32,0,70,0,0,1,662,122,ITF,ITF4,16,Puglia,Puglia,4029053,505127,12.54,0.02
1527,2021-02-11,PUG,3693,1401,2292,2568,389,11,723,0,0,2,2417,1276,ITF,ITF4,16,Puglia,Puglia,4029053,508820,12.63,0.09
1528,2021-01-25,PUG,3820,1677,2143,3470,155,24,168,2,0,1,422,3398,ITF,ITF4,16,Puglia,Puglia,4029053,512640,12.72,0.09
1529,2021-03-09,PUG,12777,5608,7169,1768,482,381,197,5408,1007,3534,10784,1993,ITF,ITF4,16,Puglia,Puglia,4029053,525417,13.04,0.32
1530,2021-01-21,MAR,896,253,643,460,41,59,336,0,0,0,585,311,ITI,ITI3,11,Marche,Marche,1525271,896,0.06,0.06
1531,2021-01-09,MAR,1709,605,1104,1406,0,303,0,0,0,0,1709,0,ITI,ITI3,11,Marche,Marche,1525271,2605,0.17,0.11
1532,2021-02-12,MAR,1583,618,965,815,11,669,88,0,0,0,1431,152,ITI,ITI3,11,Marche,Marche,1525271,4188,0.27,0.1
1533,2021-03-01,MAR,3727,1489,2238,387,6,171,82,2790,5,286,3480,247,ITI,ITI3,11,Marche,Marche,1525271,7915,0.52,0.24
1534,2021-02-04,MAR,2342,810,1532,1406,54,607,275,0,0,0,112,2230,ITI,ITI3,11,Marche,Marche,1525271,10257,0.67,0.15
1535,2021-02-09,MAR,125,42,83,78,0,21,26,0,0,0,47,78,ITI,ITI3,11,Marche,Marche,1525271,10382,0.68,0.01
1536,2021-03-16,MAR,3577,1549,2028,317,3,193,54,2928,77,5,394,3183,ITI,ITI3,11,Marche,Marche,1525271,13959,0.92,0.23
1537,2021-02-22,MAR,3414,1499,1915,326,10,398,77,2596,5,2,3339,75,ITI,ITI3,11,Marche,Marche,1525271,17373,1.14,0.22
1538,2021-02-11,MAR,1988,658,1330,1155,15,606,212,0,0,0,1599,389,ITI,ITI3,11,Marche,Marche,1525271,19361,1.27,0.13
1539,2021-03-21,MAR,4511,1878,2633,87,0,109,54,4046,10,205,1631,2880,ITI,ITI3,11,Marche,Marche,1525271,23872,1.57,0.3
1540,2021-02-20,MAR,4127,1708,2419,118,24,387,261,3334,3,0,4016,111,ITI,ITI3,11,Marche,Marche,1525271,27999,1.84,0.27
1541,2021-03-20,MAR,4146,1745,2401,181,8,110,111,3641,6,89,1054,3092,ITI,ITI3,11,Marche,Marche,1525271,32145,2.11,0.27
1542,2021-01-25,MAR,1596,559,1037,1426,12,102,56,0,0,0,97,1499,ITI,ITI3,11,Marche,Marche,1525271,33741,2.21,0.1
1543,2021-03-19,MAR,3842,1598,2244,495,1,233,266,2837,4,6,343,3499,ITI,ITI3,11,Marche,Marche,1525271,37583,2.46,0.25
1544,2021-01-07,MAR,1802,633,1169,1480,0,322,0,0,0,0,1802,0,ITI,ITI3,11,Marche,Marche,1525271,39385,2.58,0.12
1545,2021-02-03,MAR,2125,742,1383,1344,2,613,166,0,0,0,119,2006,ITI,ITI3,11,Marche,Marche,1525271,41510,2.72,0.14
1546,2021-01-15,MAR,1771,500,1271,985,60,360,366,0,0,0,1771,0,ITI,ITI3,11,Marche,Marche,1525271,43281,2.84,0.12
1547,2021-01-04,MAR,1500,563,937,1290,36,163,11,0,0,0,1500,0,ITI,ITI3,11,Marche,Marche,1525271,44781,2.94,0.1
1548,2021-03-15,MAR,4489,2109,2380,300,4,469,8,3453,14,241,1422,3067,ITI,ITI3,11,Marche,Marche,1525271,49270,3.23,0.29
1549,2021-01-28,MAR,1973,659,1314,1581,0,291,101,0,0,0,167,1806,ITI,ITI3,11,Marche,Marche,1525271,51243,3.36,0.13
1550,2021-03-10,MAR,5770,2483,3287,721,22,797,101,2673,418,1038,4633,1137,ITI,ITI3,11,Marche,Marche,1525271,57013,3.74,0.38
1551,2021-01-18,MAR,673,230,443,370,5,166,132,0,0,0,547,126,ITI,ITI3,11,Marche,Marche,1525271,57686,3.78,0.04
1552,2021-02-19,MAR,1971,716,1255,1273,11,481,203,1,0,2,1836,135,ITI,ITI3,11,Marche,Marche,1525271,59657,3.91,0.13
1553,2021-01-12,MAR,1226,413,813,912,0,264,50,0,0,0,1226,0,ITI,ITI3,11,Marche,Marche,1525271,60883,3.99,0.08
1554,2021-02-27,MAR,3374,1440,1934,186,9,163,161,2848,6,1,3165,209,ITI,ITI3,11,Marche,Marche,1525271,64257,4.21,0.22
1555,2021-01-06,MAR,2181,792,1389,1738,40,256,147,0,0,0,2181,0,ITI,ITI3,11,Marche,Marche,1525271,66438,4.36,0.14
1556,2021-03-14,MAR,2515,1036,1479,442,0,80,0,1535,2,456,1917,598,ITI,ITI3,11,Marche,Marche,1525271,68953,4.52,0.16
1557,2021-02-23,MAR,3274,1400,1874,219,4,133,116,2794,8,0,3218,56,ITI,ITI3,11,Marche,Marche,1525271,72227,4.74,0.21
1558,2021-03-05,MAR,6282,2950,3332,1128,13,864,143,2374,958,802,4815,1467,ITI,ITI3,11,Marche,Marche,1525271,78509,5.15,0.41
1559,2021-01-22,MAR,487,167,320,315,19,66,87,0,0,0,194,293,ITI,ITI3,11,Marche,Marche,1525271,78996,5.18,0.03
1560,2021-02-21,MAR,377,142,235,204,1,114,57,0,0,1,376,1,ITI,ITI3,11,Marche,Marche,1525271,79373,5.2,0.02
1561,2021-01-02,MAR,453,139,314,444,0,9,0,0,0,0,453,0,ITI,ITI3,11,Marche,Marche,1525271,79826,5.23,0.03
1562,2021-02-15,MAR,973,413,560,544,60,368,1,0,0,0,960,13,ITI,ITI3,11,Marche,Marche,1525271,80799,5.3,0.06
1563,2021-03-09,MAR,5521,2366,3155,754,8,460,36,2588,605,1070,4632,889,ITI,ITI3,11,Marche,Marche,1525271,86320,5.66,0.36
1564,2021-02-24,MAR,3441,1506,1935,226,11,224,165,2811,3,1,3362,79,ITI,ITI3,11,Marche,Marche,1525271,89761,5.88,0.23
1565,2020-12-30,MAR,17,5,12,14,0,3,0,0,0,0,17,0,ITI,ITI3,11,Marche,Marche,1525271,89778,5.89,0.0
1566,2021-01-17,MAR,1598,682,916,964,14,574,46,0,0,0,1549,49,ITI,ITI3,11,Marche,Marche,1525271,91376,5.99,0.1
1567,2021-01-03,MAR,896,348,548,759,0,137,0,0,0,0,896,0,ITI,ITI3,11,Marche,Marche,1525271,92272,6.05,0.06
1568,2021-01-24,MAR,891,342,549,772,0,119,0,0,0,0,17,874,ITI,ITI3,11,Marche,Marche,1525271,93163,6.11,0.06
1569,2021-01-30,MAR,1908,669,1239,1566,0,342,0,0,0,0,29,1879,ITI,ITI3,11,Marche,Marche,1525271,95071,6.23,0.13
1570,2021-01-11,MAR,1176,411,765,1021,2,153,0,0,0,0,1176,0,ITI,ITI3,11,Marche,Marche,1525271,96247,6.31,0.08
1571,2021-02-18,MAR,2104,746,1358,1150,41,509,402,1,0,1,1816,288,ITI,ITI3,11,Marche,Marche,1525271,98351,6.45,0.14
1572,2021-02-10,MAR,1439,452,987,881,26,317,215,0,0,0,1080,359,ITI,ITI3,11,Marche,Marche,1525271,99790,6.54,0.09
1573,2021-01-31,MAR,1927,772,1155,1532,0,395,0,0,0,0,105,1822,ITI,ITI3,11,Marche,Marche,1525271,101717,6.67,0.13
1574,2021-03-07,MAR,5183,2108,3075,607,2,355,0,3007,316,896,4430,753,ITI,ITI3,11,Marche,Marche,1525271,106900,7.01,0.34
1575,2021-01-16,MAR,2006,723,1283,1059,43,619,285,0,0,0,2006,0,ITI,ITI3,11,Marche,Marche,1525271,108906,7.14,0.13
1576,2021-03-03,MAR,6757,3090,3667,818,23,798,254,3132,949,783,5876,881,ITI,ITI3,11,Marche,Marche,1525271,115663,7.58,0.44
1577,2021-03-23,MAR,5781,2523,3258,259,9,329,126,4586,144,328,2245,3536,ITI,ITI3,11,Marche,Marche,1525271,121444,7.96,0.38
1578,2021-01-14,MAR,2010,692,1318,1112,67,533,298,0,0,0,2010,0,ITI,ITI3,11,Marche,Marche,1525271,123454,8.09,0.13
1579,2021-02-02,MAR,1193,397,796,804,17,279,93,0,0,0,73,1120,ITI,ITI3,11,Marche,Marche,1525271,124647,8.17,0.08
1580,2021-02-08,MAR,833,258,575,408,21,142,262,0,0,0,371,462,ITI,ITI3,11,Marche,Marche,1525271,125480,8.23,0.05
1581,2021-01-27,MAR,2120,780,1340,1754,7,219,140,0,0,0,122,1998,ITI,ITI3,11,Marche,Marche,1525271,127600,8.37,0.14
1582,2021-03-12,MAR,4711,2015,2696,820,10,718,0,1904,330,929,3466,1245,ITI,ITI3,11,Marche,Marche,1525271,132311,8.67,0.31
1583,2021-03-08,MAR,6362,2804,3558,768,14,604,219,3101,642,1014,5360,1002,ITI,ITI3,11,Marche,Marche,1525271,138673,9.09,0.42
1584,2021-02-01,MAR,1365,480,885,1057,1,226,81,0,0,0,98,1267,ITI,ITI3,11,Marche,Marche,1525271,140038,9.18,0.09
1585,2021-01-20,MAR,398,99,299,146,15,47,190,0,0,0,386,12,ITI,ITI3,11,Marche,Marche,1525271,140436,9.21,0.03
1586,2021-01-10,MAR,1737,699,1038,1462,0,275,0,0,0,0,1737,0,ITI,ITI3,11,Marche,Marche,1525271,142173,9.32,0.11
1587,2021-03-24,MAR,2532,1158,1374,98,6,181,94,1891,54,208,1092,1440,ITI,ITI3,11,Marche,Marche,1525271,144705,9.49,0.17
1588,2021-02-28,MAR,2838,1250,1588,19,0,18,0,2797,2,2,2832,6,ITI,ITI3,11,Marche,Marche,1525271,147543,9.67,0.19
1589,2021-02-16,MAR,1292,475,817,737,8,455,92,0,0,0,1262,30,ITI,ITI3,11,Marche,Marche,1525271,148835,9.76,0.08
1590,2021-01-23,MAR,557,190,367,440,14,40,63,0,0,0,123,434,ITI,ITI3,11,Marche,Marche,1525271,149392,9.79,0.04
1591,2021-02-05,MAR,2156,653,1503,1317,20,400,419,0,0,0,440,1716,ITI,ITI3,11,Marche,Marche,1525271,151548,9.94,0.14
1592,2021-01-13,MAR,2105,746,1359,1408,11,610,76,0,0,0,2105,0,ITI,ITI3,11,Marche,Marche,1525271,153653,10.07,0.14
1593,2021-01-05,MAR,1562,586,976,1436,0,126,0,0,0,0,1562,0,ITI,ITI3,11,Marche,Marche,1525271,155215,10.18,0.1
1594,2021-03-18,MAR,3445,1514,1931,326,6,258,123,2653,76,3,216,3229,ITI,ITI3,11,Marche,Marche,1525271,158660,10.4,0.23
1595,2021-02-25,MAR,3563,1447,2116,432,6,207,423,2491,3,1,3384,179,ITI,ITI3,11,Marche,Marche,1525271,162223,10.64,0.23
1596,2020-12-27,MAR,200,97,103,184,4,8,4,0,0,0,200,0,ITI,ITI3,11,Marche,Marche,1525271,162423,10.65,0.01
1597,2021-01-29,MAR,1991,730,1261,1479,4,434,74,0,0,0,168,1823,ITI,ITI3,11,Marche,Marche,1525271,164414,10.78,0.13
1598,2021-03-17,MAR,3435,1497,1938,301,5,178,117,2822,7,5,111,3324,ITI,ITI3,11,Marche,Marche,1525271,167849,11.0,0.23
1599,2021-03-06,MAR,5731,2646,3085,973,4,833,125,2400,649,747,4463,1268,ITI,ITI3,11,Marche,Marche,1525271,173580,11.38,0.38
1600,2021-03-22,MAR,5659,2377,3282,407,8,448,69,4181,113,433,2530,3129,ITI,ITI3,11,Marche,Marche,1525271,179239,11.75,0.37
1601,2021-01-08,MAR,1574,588,986,1226,0,348,0,0,0,0,1574,0,ITI,ITI3,11,Marche,Marche,1525271,180813,11.85,0.1
1602,2021-01-26,MAR,2016,746,1270,1736,1,193,86,0,0,0,92,1924,ITI,ITI3,11,Marche,Marche,1525271,182829,11.99,0.13
1603,2021-02-14,MAR,738,301,437,578,2,158,0,0,0,0,738,0,ITI,ITI3,11,Marche,Marche,1525271,183567,12.04,0.05
1604,2020-12-31,MAR,383,178,205,370,0,13,0,0,0,0,383,0,ITI,ITI3,11,Marche,Marche,1525271,183950,12.06,0.03
1605,2021-02-13,MAR,1064,455,609,457,28,489,90,0,0,0,1012,52,ITI,ITI3,11,Marche,Marche,1525271,185014,12.13,0.07
1606,2021-03-04,MAR,6618,2970,3648,1064,8,930,106,2798,943,769,5224,1394,ITI,ITI3,11,Marche,Marche,1525271,191632,12.56,0.43
1607,2021-02-06,MAR,2460,900,1560,1402,40,603,415,0,0,0,523,1937,ITI,ITI3,11,Marche,Marche,1525271,194092,12.73,0.16
1608,2021-03-13,MAR,5713,2554,3159,664,21,353,57,4248,133,237,1752,3961,ITI,ITI3,11,Marche,Marche,1525271,199805,13.1,0.37
1609,2021-01-19,MAR,225,81,144,120,0,20,85,0,0,0,141,84,ITI,ITI3,11,Marche,Marche,1525271,200030,13.11,0.01
1610,2021-03-11,MAR,6830,2929,3901,1094,11,910,38,3227,402,1148,5459,1371,ITI,ITI3,11,Marche,Marche,1525271,206860,13.56,0.45
1611,2021-03-02,MAR,4963,1943,3020,589,24,251,242,3316,3,538,4397,566,ITI,ITI3,11,Marche,Marche,1525271,211823,13.89,0.33
1612,2021-02-17,MAR,1791,664,1127,968,24,498,300,1,0,0,1672,119,ITI,ITI3,11,Marche,Marche,1525271,213614,14.0,0.12
1613,2021-02-26,MAR,3569,1493,2076,446,27,204,330,2519,4,39,3093,476,ITI,ITI3,11,Marche,Marche,1525271,217183,14.24,0.23
1614,2021-02-07,MAR,1871,735,1136,1156,5,664,46,0,0,0,344,1527,ITI,ITI3,11,Marche,Marche,1525271,219054,14.36,0.12
1615,2021-03-05,VDA,275,124,151,50,8,61,13,138,0,5,53,222,ITC,ITC2,2,Valle d'Aosta / Vallée d'Aoste,Valle d'Aosta,125666,275,0.22,0.22
1616,2021-02-26,VDA,206,57,149,67,4,30,4,96,4,1,122,84,ITC,ITC2,2,Valle d'Aosta / Vallée d'Aoste,Valle d'Aosta,125666,481,0.38,0.16
1617,2021-02-17,VDA,327,144,183,25,1,18,30,237,16,0,227,100,ITC,ITC2,2,Valle d'Aosta / Vallée d'Aoste,Valle d'Aosta,125666,808,0.64,0.26
1618,2021-02-09,VDA,251,84,167,78,9,21,14,75,1,53,68,183,ITC,ITC2,2,Valle d'Aosta / Vallée d'Aoste,Valle d'Aosta,125666,1059,0.84,0.2
1619,2021-03-06,VDA,22,4,18,13,0,0,5,4,0,0,22,0,ITC,ITC2,2,Valle d'Aosta / Vallée d'Aoste,Valle d'Aosta,125666,1081,0.86,0.02
1620,2021-01-08,VDA,299,130,169,240,35,8,16,0,0,0,299,0,ITC,ITC2,2,Valle d'Aosta / Vallée d'Aoste,Valle d'Aosta,125666,1380,1.1,0.24
1621,2021-01-05,VDA,150,54,96,127,11,1,11,0,0,0,150,0,ITC,ITC2,2,Valle d'Aosta / Vallée d'Aoste,Valle d'Aosta,125666,1530,1.22,0.12
1622,2021-03-12,VDA,529,175,354,14,7,97,7,148,2,254,303,226,ITC,ITC2,2,Valle d'Aosta / Vallée d'Aoste,Valle d'Aosta,125666,2059,1.64,0.42
1623,2021-01-12,VDA,302,72,230,242,34,15,11,0,0,0,302,0,ITC,ITC2,2,Valle d'Aosta / Vallée d'Aoste,Valle d'Aosta,125666,2361,1.88,0.24
1624,2021-01-16,VDA,236,80,156,127,32,4,22,51,0,0,236,0,ITC,ITC2,2,Valle d'Aosta / Vallée d'Aoste,Valle d'Aosta,125666,2597,2.07,0.19
1625,2021-02-28,VDA,260,86,174,78,31,27,24,93,3,4,77,183,ITC,ITC2,2,Valle d'Aosta / Vallée d'Aoste,Valle d'Aosta,125666,2857,2.27,0.21
1626,2021-01-31,VDA,290,90,200,231,31,10,18,0,0,0,58,232,ITC,ITC2,2,Valle d'Aosta / Vallée d'Aoste,Valle d'Aosta,125666,3147,2.5,0.23
1627,2021-01-09,VDA,443,199,244,225,183,13,22,0,0,0,443,0,ITC,ITC2,2,Valle d'Aosta / Vallée d'Aoste,Valle d'Aosta,125666,3590,2.86,0.35
1628,2021-03-11,VDA,192,72,120,2,0,14,7,166,1,2,64,128,ITC,ITC2,2,Valle d'Aosta / Vallée d'Aoste,Valle d'Aosta,125666,3782,3.01,0.15
1629,2021-03-10,VDA,436,182,254,9,0,67,17,337,6,0,225,211,ITC,ITC2,2,Valle d'Aosta / Vallée d'Aoste,Valle d'Aosta,125666,4218,3.36,0.35
1630,2021-03-17,VDA,430,185,245,35,2,90,15,240,41,7,270,160,ITC,ITC2,2,Valle d'Aosta / Vallée d'Aoste,Valle d'Aosta,125666,4648,3.7,0.34
1631,2021-01-30,VDA,436,202,234,232,181,11,12,0,0,0,13,423,ITC,ITC2,2,Valle d'Aosta / Vallée d'Aoste,Valle d'Aosta,125666,5084,4.05,0.35
1632,2021-02-15,VDA,264,136,128,24,2,27,24,170,15,2,229,35,ITC,ITC2,2,Valle d'Aosta / Vallée d'Aoste,Valle d'Aosta,125666,5348,4.26,0.21
1633,2021-03-18,VDA,134,43,91,4,0,3,25,101,1,0,98,36,ITC,ITC2,2,Valle d'Aosta / Vallée d'Aoste,Valle d'Aosta,125666,5482,4.36,0.11
1634,2021-01-02,VDA,6,5,1,0,0,0,6,0,0,0,6,0,ITC,ITC2,2,Valle d'Aosta / Vallée d'Aoste,Valle d'Aosta,125666,5488,4.37,0.0
1635,2021-03-16,VDA,175,35,140,2,0,42,13,118,0,0,114,61,ITC,ITC2,2,Valle d'Aosta / Vallée d'Aoste,Valle d'Aosta,125666,5663,4.51,0.14
1636,2021-03-01,VDA,181,66,115,19,5,10,29,116,2,0,147,34,ITC,ITC2,2,Valle d'Aosta / Vallée d'Aoste,Valle d'Aosta,125666,5844,4.65,0.14
1637,2021-03-03,VDA,255,118,137,9,1,105,1,134,1,4,186,69,ITC,ITC2,2,Valle d'Aosta / Vallée d'Aoste,Valle d'Aosta,125666,6099,4.85,0.2
1638,2021-03-14,VDA,390,200,190,6,3,295,0,0,34,52,390,0,ITC,ITC2,2,Valle d'Aosta / Vallée d'Aoste,Valle d'Aosta,125666,6489,5.16,0.31
1639,2021-01-06,VDA,65,33,32,29,8,10,18,0,0,0,65,0,ITC,ITC2,2,Valle d'Aosta / Vallée d'Aoste,Valle d'Aosta,125666,6554,5.22,0.05
1640,2021-02-21,VDA,18,3,15,0,0,0,18,0,0,0,0,18,ITC,ITC2,2,Valle d'Aosta / Vallée d'Aoste,Valle d'Aosta,125666,6572,5.23,0.01
1641,2021-02-07,VDA,292,120,172,110,55,17,0,105,2,3,190,102,ITC,ITC2,2,Valle d'Aosta / Vallée d'Aoste,Valle d'Aosta,125666,6864,5.46,0.23
1642,2021-03-15,VDA,361,122,239,20,4,41,10,215,6,65,159,202,ITC,ITC2,2,Valle d'Aosta / Vallée d'Aoste,Valle d'Aosta,125666,7225,5.75,0.29
1643,2021-02-20,VDA,250,210,40,6,2,49,8,2,174,9,241,9,ITC,ITC2,2,Valle d'Aosta / Vallée d'Aoste,Valle d'Aosta,125666,7475,5.95,0.2
1644,2021-03-02,VDA,339,166,173,17,1,103,39,109,65,5,336,3,ITC,ITC2,2,Valle d'Aosta / Vallée d'Aoste,Valle d'Aosta,125666,7814,6.22,0.27
1645,2021-01-14,VDA,237,69,168,151,62,22,0,2,0,0,237,0,ITC,ITC2,2,Valle d'Aosta / Vallée d'Aoste,Valle d'Aosta,125666,8051,6.41,0.19
1646,2021-03-04,VDA,291,139,152,55,13,45,2,160,14,2,42,249,ITC,ITC2,2,Valle d'Aosta / Vallée d'Aoste,Valle d'Aosta,125666,8342,6.64,0.23
1647,2021-02-05,VDA,294,102,192,159,45,37,0,53,0,0,101,193,ITC,ITC2,2,Valle d'Aosta / Vallée d'Aoste,Valle d'Aosta,125666,8636,6.87,0.23
1648,2021-01-13,VDA,337,110,227,166,138,5,28,0,0,0,337,0,ITC,ITC2,2,Valle d'Aosta / Vallée d'Aoste,Valle d'Aosta,125666,8973,7.14,0.27
1649,2021-03-19,VDA,319,84,235,7,1,71,21,9,1,209,284,35,ITC,ITC2,2,Valle d'Aosta / Vallée d'Aoste,Valle d'Aosta,125666,9292,7.39,0.25
1650,2021-02-06,VDA,289,104,185,170,31,13,0,74,1,0,92,197,ITC,ITC2,2,Valle d'Aosta / Vallée d'Aoste,Valle d'Aosta,125666,9581,7.62,0.23
1651,2021-02-27,VDA,230,84,146,69,2,28,1,126,4,0,124,106,ITC,ITC2,2,Valle d'Aosta / Vallée d'Aoste,Valle d'Aosta,125666,9811,7.81,0.18
1652,2021-02-11,VDA,231,107,124,53,17,21,0,127,13,0,222,9,ITC,ITC2,2,Valle d'Aosta / Vallée d'Aoste,Valle d'Aosta,125666,10042,7.99,0.18
1653,2021-03-08,VDA,481,231,250,28,1,80,13,343,15,1,237,244,ITC,ITC2,2,Valle d'Aosta / Vallée d'Aoste,Valle d'Aosta,125666,10523,8.37,0.38
1654,2021-01-10,VDA,220,71,149,172,25,4,19,0,0,0,220,0,ITC,ITC2,2,Valle d'Aosta / Vallée d'Aoste,Valle d'Aosta,125666,10743,8.55,0.18
1655,2020-12-31,VDA,18,4,14,16,2,0,0,0,0,0,18,0,ITC,ITC2,2,Valle d'Aosta / Vallée d'Aoste,Valle d'Aosta,125666,10761,8.56,0.01
1656,2021-02-16,VDA,325,53,272,10,0,58,12,5,4,236,320,5,ITC,ITC2,2,Valle d'Aosta / Vallée d'Aoste,Valle d'Aosta,125666,11086,8.82,0.26
1657,2021-01-21,VDA,33,12,21,0,0,0,33,0,0,0,33,0,ITC,ITC2,2,Valle d'Aosta / Vallée d'Aoste,Valle d'Aosta,125666,11119,8.85,0.03
1658,2021-01-22,VDA,56,21,35,36,0,0,20,0,0,0,20,36,ITC,ITC2,2,Valle d'Aosta / Vallée d'Aoste,Valle d'Aosta,125666,11175,8.89,0.04
1659,2021-01-15,VDA,218,82,136,116,32,36,28,6,0,0,218,0,ITC,ITC2,2,Valle d'Aosta / Vallée d'Aoste,Valle d'Aosta,125666,11393,9.07,0.17
1660,2021-02-01,VDA,403,127,276,268,56,9,70,0,0,0,87,316,ITC,ITC2,2,Valle d'Aosta / Vallée d'Aoste,Valle d'Aosta,125666,11796,9.39,0.32
1661,2021-01-07,VDA,275,111,164,224,38,8,5,0,0,0,275,0,ITC,ITC2,2,Valle d'Aosta / Vallée d'Aoste,Valle d'Aosta,125666,12071,9.61,0.22
1662,2021-03-22,VDA,551,201,350,36,3,137,14,334,10,17,325,226,ITC,ITC2,2,Valle d'Aosta / Vallée d'Aoste,Valle d'Aosta,125666,12622,10.04,0.44
1663,2021-02-10,VDA,248,77,171,51,8,17,26,127,1,18,141,107,ITC,ITC2,2,Valle d'Aosta / Vallée d'Aoste,Valle d'Aosta,125666,12870,10.24,0.2
1664,2021-03-20,VDA,205,85,120,5,2,164,15,14,4,1,170,35,ITC,ITC2,2,Valle d'Aosta / Vallée d'Aoste,Valle d'Aosta,125666,13075,10.4,0.16
1665,2021-02-24,VDA,183,82,101,30,7,8,13,65,53,7,164,19,ITC,ITC2,2,Valle d'Aosta / Vallée d'Aoste,Valle d'Aosta,125666,13258,10.55,0.15
1666,2020-12-27,VDA,20,9,11,20,0,0,0,0,0,0,20,0,ITC,ITC2,2,Valle d'Aosta / Vallée d'Aoste,Valle d'Aosta,125666,13278,10.57,0.02
1667,2021-02-08,VDA,223,83,140,28,17,86,3,64,0,25,25,198,ITC,ITC2,2,Valle d'Aosta / Vallée d'Aoste,Valle d'Aosta,125666,13501,10.74,0.18
1668,2021-02-19,VDA,292,102,190,17,0,30,35,145,0,65,268,24,ITC,ITC2,2,Valle d'Aosta / Vallée d'Aoste,Valle d'Aosta,125666,13793,10.98,0.23
1669,2021-01-29,VDA,316,138,178,259,32,9,16,0,0,0,2,314,ITC,ITC2,2,Valle d'Aosta / Vallée d'Aoste,Valle d'Aosta,125666,14109,11.23,0.25
1670,2021-01-28,VDA,290,123,167,197,34,51,6,2,0,0,56,234,ITC,ITC2,2,Valle d'Aosta / Vallée d'Aoste,Valle d'Aosta,125666,14399,11.46,0.23
1671,2021-02-18,VDA,349,153,196,61,4,37,45,180,14,8,261,88,ITC,ITC2,2,Valle d'Aosta / Vallée d'Aoste,Valle d'Aosta,125666,14748,11.74,0.28
1672,2021-03-09,VDA,204,96,108,2,0,79,23,36,39,25,172,32,ITC,ITC2,2,Valle d'Aosta / Vallée d'Aoste,Valle d'Aosta,125666,14952,11.9,0.16
1673,2021-01-27,VDA,151,71,80,55,8,17,18,53,0,0,79,72,ITC,ITC2,2,Valle d'Aosta / Vallée d'Aoste,Valle d'Aosta,125666,15103,12.02,0.12
1674,2021-01-19,VDA,256,77,179,160,10,14,15,57,0,0,256,0,ITC,ITC2,2,Valle d'Aosta / Vallée d'Aoste,Valle d'Aosta,125666,15359,12.22,0.2
1675,2021-02-13,VDA,215,195,20,0,0,54,0,0,161,0,215,0,ITC,ITC2,2,Valle d'Aosta / Vallée d'Aoste,Valle d'Aosta,125666,15574,12.39,0.17
1676,2021-02-03,VDA,351,114,237,157,135,6,52,1,0,0,14,337,ITC,ITC2,2,Valle d'Aosta / Vallée d'Aoste,Valle d'Aosta,125666,15925,12.67,0.28
1677,2021-01-26,VDA,139,48,91,115,11,1,12,0,0,0,0,139,ITC,ITC2,2,Valle d'Aosta / Vallée d'Aoste,Valle d'Aosta,125666,16064,12.78,0.11
1678,2021-02-12,VDA,263,96,167,51,9,41,26,131,0,5,217,46,ITC,ITC2,2,Valle d'Aosta / Vallée d'Aoste,Valle d'Aosta,125666,16327,12.99,0.21
1679,2021-01-25,VDA,147,65,82,125,13,3,6,0,0,0,0,147,ITC,ITC2,2,Valle d'Aosta / Vallée d'Aoste,Valle d'Aosta,125666,16474,13.11,0.12
1680,2021-02-14,VDA,48,16,32,6,0,0,42,0,0,0,1,47,ITC,ITC2,2,Valle d'Aosta / Vallée d'Aoste,Valle d'Aosta,125666,16522,13.15,0.04
1681,2021-02-02,VDA,271,70,201,225,34,9,3,0,0,0,2,269,ITC,ITC2,2,Valle d'Aosta / Vallée d'Aoste,Valle d'Aosta,125666,16793,13.36,0.22
1682,2021-03-24,VDA,212,96,116,2,0,38,0,169,2,1,11,201,ITC,ITC2,2,Valle d'Aosta / Vallée d'Aoste,Valle d'Aosta,125666,17005,13.53,0.17
1683,2021-01-18,VDA,213,74,139,29,7,104,27,46,0,0,213,0,ITC,ITC2,2,Valle d'Aosta / Vallée d'Aoste,Valle d'Aosta,125666,17218,13.7,0.17
1684,2021-03-07,VDA,64,30,34,16,3,16,0,26,2,1,11,53,ITC,ITC2,2,Valle d'Aosta / Vallée d'Aoste,Valle d'Aosta,125666,17282,13.75,0.05
1685,2021-02-22,VDA,316,94,222,62,7,34,37,103,6,67,213,103,ITC,ITC2,2,Valle d'Aosta / Vallée d'Aoste,Valle d'Aosta,125666,17598,14.0,0.25
1686,2021-03-13,VDA,142,84,58,2,1,113,0,0,23,3,142,0,ITC,ITC2,2,Valle d'Aosta / Vallée d'Aoste,Valle d'Aosta,125666,17740,14.12,0.11
1687,2021-02-23,VDA,216,123,93,0,1,164,0,0,35,16,216,0,ITC,ITC2,2,Valle d'Aosta / Vallée d'Aoste,Valle d'Aosta,125666,17956,14.29,0.17
1688,2021-01-11,VDA,325,112,213,238,50,7,30,0,0,0,325,0,ITC,ITC2,2,Valle d'Aosta / Vallée d'Aoste,Valle d'Aosta,125666,18281,14.55,0.26
1689,2021-01-20,VDA,23,8,15,0,0,0,6,17,0,0,23,0,ITC,ITC2,2,Valle d'Aosta / Vallée d'Aoste,Valle d'Aosta,125666,18304,14.57,0.02
1690,2021-02-25,VDA,201,101,100,6,3,154,11,0,25,2,194,7,ITC,ITC2,2,Valle d'Aosta / Vallée d'Aoste,Valle d'Aosta,125666,18505,14.73,0.16
1691,2021-01-04,VDA,142,59,83,126,14,2,0,0,0,0,142,0,ITC,ITC2,2,Valle d'Aosta / Vallée d'Aoste,Valle d'Aosta,125666,18647,14.84,0.11
1692,2021-02-04,VDA,294,86,208,168,74,17,34,1,0,0,8,286,ITC,ITC2,2,Valle d'Aosta / Vallée d'Aoste,Valle d'Aosta,125666,18941,15.07,0.23
1693,2021-03-21,VDA,353,164,189,2,4,312,0,1,6,28,353,0,ITC,ITC2,2,Valle d'Aosta / Vallée d'Aoste,Valle d'Aosta,125666,19294,15.35,0.28
1694,2021-03-23,VDA,375,149,226,13,2,70,7,276,0,7,242,133,ITC,ITC2,2,Valle d'Aosta / Vallée d'Aoste,Valle d'Aosta,125666,19669,15.65,0.3
1695,2021-01-17,VDA,131,56,75,49,2,1,20,59,0,0,131,0,ITC,ITC2,2,Valle d'Aosta / Vallée d'Aoste,Valle d'Aosta,125666,19800,15.76,0.1
1696,2021-03-04,PAB,1681,994,687,292,72,527,37,40,452,261,1469,212,ITH,ITH1,4,Provincia Autonoma Bolzano / Bozen,P.A. Bolzano,533050,1681,0.32,0.32
1697,2021-02-22,PAB,521,142,379,339,66,102,0,4,0,10,510,11,ITH,ITH1,4,Provincia Autonoma Bolzano / Bozen,P.A. Bolzano,533050,2202,0.41,0.1
1698,2021-01-12,PAB,1527,398,1129,299,204,476,475,73,0,0,1527,0,ITH,ITH1,4,Provincia Autonoma Bolzano / Bozen,P.A. Bolzano,533050,3729,0.7,0.29
1699,2021-02-03,PAB,1445,457,988,615,335,106,321,68,0,0,5,1440,ITH,ITH1,4,Provincia Autonoma Bolzano / Bozen,P.A. Bolzano,533050,5174,0.97,0.27
1700,2021-02-05,PAB,2826,1057,1769,647,313,393,396,1077,0,0,6,2820,ITH,ITH1,4,Provincia Autonoma Bolzano / Bozen,P.A. Bolzano,533050,8000,1.5,0.53
1701,2021-03-05,PAB,1756,590,1166,337,92,291,28,760,9,239,1314,442,ITH,ITH1,4,Provincia Autonoma Bolzano / Bozen,P.A. Bolzano,533050,9756,1.83,0.33
1702,2021-01-18,PAB,1655,638,1017,368,102,197,7,981,0,0,1651,4,ITH,ITH1,4,Provincia Autonoma Bolzano / Bozen,P.A. Bolzano,533050,11411,2.14,0.31
1703,2021-03-07,PAB,114,13,101,59,28,23,0,3,0,1,9,105,ITH,ITH1,4,Provincia Autonoma Bolzano / Bozen,P.A. Bolzano,533050,11525,2.16,0.02
1704,2021-03-01,PAB,909,217,692,11,2,157,5,0,0,734,909,0,ITH,ITH1,4,Provincia Autonoma Bolzano / Bozen,P.A. Bolzano,533050,12434,2.33,0.17
1705,2021-03-16,PAB,632,249,383,24,29,34,48,497,0,0,115,517,ITH,ITH1,4,Provincia Autonoma Bolzano / Bozen,P.A. Bolzano,533050,13066,2.45,0.12
1706,2021-01-26,PAB,809,291,518,681,119,9,0,0,0,0,1,808,ITH,ITH1,4,Provincia Autonoma Bolzano / Bozen,P.A. Bolzano,533050,13875,2.6,0.15
1707,2021-01-14,PAB,1810,541,1269,477,427,335,285,286,0,0,1810,0,ITH,ITH1,4,Provincia Autonoma Bolzano / Bozen,P.A. Bolzano,533050,15685,2.94,0.34
1708,2021-03-19,PAB,1896,768,1128,159,52,560,15,1096,0,14,793,1103,ITH,ITH1,4,Provincia Autonoma Bolzano / Bozen,P.A. Bolzano,533050,17581,3.3,0.36
1709,2021-03-15,PAB,838,292,546,285,94,384,13,56,2,4,365,473,ITH,ITH1,4,Provincia Autonoma Bolzano / Bozen,P.A. Bolzano,533050,18419,3.46,0.16
1710,2021-02-02,PAB,1731,500,1231,617,370,130,605,9,0,0,8,1723,ITH,ITH1,4,Provincia Autonoma Bolzano / Bozen,P.A. Bolzano,533050,20150,3.78,0.32
1711,2021-02-08,PAB,1,1,0,0,0,1,0,0,0,0,1,0,ITH,ITH1,4,Provincia Autonoma Bolzano / Bozen,P.A. Bolzano,533050,20151,3.78,0.0
1712,2021-03-02,PAB,681,193,488,1,0,0,0,0,7,673,681,0,ITH,ITH1,4,Provincia Autonoma Bolzano / Bozen,P.A. Bolzano,533050,20832,3.91,0.13
1713,2021-03-08,PAB,1187,517,670,23,10,275,164,712,0,3,1162,25,ITH,ITH1,4,Provincia Autonoma Bolzano / Bozen,P.A. Bolzano,533050,22019,4.13,0.22
1714,2021-02-13,PAB,318,79,239,126,57,127,7,1,0,0,312,6,ITH,ITH1,4,Provincia Autonoma Bolzano / Bozen,P.A. Bolzano,533050,22337,4.19,0.06
1715,2021-02-24,PAB,1361,403,958,10,3,0,0,0,8,1340,1349,12,ITH,ITH1,4,Provincia Autonoma Bolzano / Bozen,P.A. Bolzano,533050,23698,4.45,0.26
1716,2021-03-20,PAB,1749,843,906,113,47,618,9,956,5,1,1126,623,ITH,ITH1,4,Provincia Autonoma Bolzano / Bozen,P.A. Bolzano,533050,25447,4.77,0.33
1717,2021-01-27,PAB,84,28,56,54,26,4,0,0,0,0,1,83,ITH,ITH1,4,Provincia Autonoma Bolzano / Bozen,P.A. Bolzano,533050,25531,4.79,0.02
1718,2021-02-26,PAB,1386,492,894,62,32,111,2,846,0,333,1356,30,ITH,ITH1,4,Provincia Autonoma Bolzano / Bozen,P.A. Bolzano,533050,26917,5.05,0.26
1719,2021-03-06,PAB,3946,2069,1877,478,160,711,7,1953,256,381,3734,212,ITH,ITH1,4,Provincia Autonoma Bolzano / Bozen,P.A. Bolzano,533050,30863,5.79,0.74
1720,2021-01-22,PAB,242,138,104,130,8,15,85,3,0,1,124,118,ITH,ITH1,4,Provincia Autonoma Bolzano / Bozen,P.A. Bolzano,533050,31105,5.84,0.05
1721,2021-02-06,PAB,2300,1025,1275,447,43,332,6,1471,0,1,18,2282,ITH,ITH1,4,Provincia Autonoma Bolzano / Bozen,P.A. Bolzano,533050,33405,6.27,0.43
1722,2021-03-13,PAB,2859,1448,1411,165,52,1261,1,1272,89,19,2758,101,ITH,ITH1,4,Provincia Autonoma Bolzano / Bozen,P.A. Bolzano,533050,36264,6.8,0.54
1723,2021-03-21,PAB,763,280,483,165,17,16,1,561,0,3,14,749,ITH,ITH1,4,Provincia Autonoma Bolzano / Bozen,P.A. Bolzano,533050,37027,6.95,0.14
1724,2021-01-13,PAB,1317,409,908,368,284,304,255,106,0,0,1317,0,ITH,ITH1,4,Provincia Autonoma Bolzano / Bozen,P.A. Bolzano,533050,38344,7.19,0.25
1725,2021-02-16,PAB,529,205,324,10,1,6,0,512,0,0,529,0,ITH,ITH1,4,Provincia Autonoma Bolzano / Bozen,P.A. Bolzano,533050,38873,7.29,0.1
1726,2021-01-06,PAB,59,18,41,59,0,0,0,0,0,0,59,0,ITH,ITH1,4,Provincia Autonoma Bolzano / Bozen,P.A. Bolzano,533050,38932,7.3,0.01
1727,2021-01-03,PAB,41,16,25,33,5,2,0,1,0,0,41,0,ITH,ITH1,4,Provincia Autonoma Bolzano / Bozen,P.A. Bolzano,533050,38973,7.31,0.01
1728,2021-01-16,PAB,2749,1229,1520,450,57,303,77,1861,0,1,2749,0,ITH,ITH1,4,Provincia Autonoma Bolzano / Bozen,P.A. Bolzano,533050,41722,7.83,0.52
1729,2021-01-15,PAB,3069,1141,1928,592,303,574,339,1261,0,0,3069,0,ITH,ITH1,4,Provincia Autonoma Bolzano / Bozen,P.A. Bolzano,533050,44791,8.4,0.58
1730,2021-01-20,PAB,609,248,361,287,50,22,0,250,0,0,401,208,ITH,ITH1,4,Provincia Autonoma Bolzano / Bozen,P.A. Bolzano,533050,45400,8.52,0.11
1731,2021-01-10,PAB,2,2,0,1,0,1,0,0,0,0,2,0,ITH,ITH1,4,Provincia Autonoma Bolzano / Bozen,P.A. Bolzano,533050,45402,8.52,0.0
1732,2021-01-30,PAB,496,244,252,216,44,135,101,0,0,0,4,492,ITH,ITH1,4,Provincia Autonoma Bolzano / Bozen,P.A. Bolzano,533050,45898,8.61,0.09
1733,2021-03-14,PAB,754,336,418,130,11,26,33,553,1,0,25,729,ITH,ITH1,4,Provincia Autonoma Bolzano / Bozen,P.A. Bolzano,533050,46652,8.75,0.14
1734,2021-03-09,PAB,1185,540,645,29,6,95,21,915,72,47,1183,2,ITH,ITH1,4,Provincia Autonoma Bolzano / Bozen,P.A. Bolzano,533050,47837,8.97,0.22
1735,2021-02-12,PAB,721,214,507,316,69,223,104,7,2,0,475,246,ITH,ITH1,4,Provincia Autonoma Bolzano / Bozen,P.A. Bolzano,533050,48558,9.11,0.14
1736,2021-03-03,PAB,1162,391,771,12,5,8,6,345,51,735,1149,13,ITH,ITH1,4,Provincia Autonoma Bolzano / Bozen,P.A. Bolzano,533050,49720,9.33,0.22
1737,2021-01-04,PAB,469,191,278,397,41,31,0,0,0,0,469,0,ITH,ITH1,4,Provincia Autonoma Bolzano / Bozen,P.A. Bolzano,533050,50189,9.42,0.09
1738,2021-02-20,PAB,1502,471,1031,196,53,30,24,469,1,729,1484,18,ITH,ITH1,4,Provincia Autonoma Bolzano / Bozen,P.A. Bolzano,533050,51691,9.7,0.28
1739,2021-03-11,PAB,1644,806,838,89,79,473,68,365,237,333,1129,515,ITH,ITH1,4,Provincia Autonoma Bolzano / Bozen,P.A. Bolzano,533050,53335,10.01,0.31
1740,2021-01-19,PAB,811,349,462,170,19,47,0,575,0,0,681,130,ITH,ITH1,4,Provincia Autonoma Bolzano / Bozen,P.A. Bolzano,533050,54146,10.16,0.15
1741,2021-01-09,PAB,600,317,283,75,28,411,74,12,0,0,600,0,ITH,ITH1,4,Provincia Autonoma Bolzano / Bozen,P.A. Bolzano,533050,54746,10.27,0.11
1742,2021-02-27,PAB,2454,758,1696,202,86,42,8,881,3,1232,2447,7,ITH,ITH1,4,Provincia Autonoma Bolzano / Bozen,P.A. Bolzano,533050,57200,10.73,0.46
1743,2021-01-25,PAB,462,177,285,380,68,12,0,1,0,1,3,459,ITH,ITH1,4,Provincia Autonoma Bolzano / Bozen,P.A. Bolzano,533050,57662,10.82,0.09
1744,2021-02-04,PAB,1878,569,1309,624,497,124,419,214,0,0,8,1870,ITH,ITH1,4,Provincia Autonoma Bolzano / Bozen,P.A. Bolzano,533050,59540,11.17,0.35
1745,2021-02-17,PAB,4,1,3,1,0,2,0,1,0,0,2,2,ITH,ITH1,4,Provincia Autonoma Bolzano / Bozen,P.A. Bolzano,533050,59544,11.17,0.0
1746,2021-01-24,PAB,12,10,2,1,0,11,0,0,0,0,0,12,ITH,ITH1,4,Provincia Autonoma Bolzano / Bozen,P.A. Bolzano,533050,59556,11.17,0.0
1747,2021-02-25,PAB,1495,548,947,22,5,335,0,728,0,405,1494,1,ITH,ITH1,4,Provincia Autonoma Bolzano / Bozen,P.A. Bolzano,533050,61051,11.45,0.28
1748,2021-01-07,PAB,892,317,575,613,103,124,0,52,0,0,892,0,ITH,ITH1,4,Provincia Autonoma Bolzano / Bozen,P.A. Bolzano,533050,61943,11.62,0.17
1749,2021-02-01,PAB,1385,404,981,709,312,67,296,0,0,1,11,1374,ITH,ITH1,4,Provincia Autonoma Bolzano / Bozen,P.A. Bolzano,533050,63328,11.88,0.26
1750,2021-01-11,PAB,1501,476,1025,537,268,372,174,150,0,0,1501,0,ITH,ITH1,4,Provincia Autonoma Bolzano / Bozen,P.A. Bolzano,533050,64829,12.16,0.28
1751,2021-01-23,PAB,195,115,80,183,0,12,0,0,0,0,0,195,ITH,ITH1,4,Provincia Autonoma Bolzano / Bozen,P.A. Bolzano,533050,65024,12.2,0.04
1752,2021-01-17,PAB,2270,1025,1245,54,28,208,19,1961,0,0,2259,11,ITH,ITH1,4,Provincia Autonoma Bolzano / Bozen,P.A. Bolzano,533050,67294,12.62,0.43
1753,2021-03-22,PAB,1123,511,612,1,0,921,0,191,10,0,1123,0,ITH,ITH1,4,Provincia Autonoma Bolzano / Bozen,P.A. Bolzano,533050,68417,12.84,0.21
1754,2021-03-17,PAB,570,212,358,7,6,34,42,481,0,0,569,1,ITH,ITH1,4,Provincia Autonoma Bolzano / Bozen,P.A. Bolzano,533050,68987,12.94,0.11
1755,2021-02-23,PAB,763,320,443,0,0,58,0,621,0,84,758,5,ITH,ITH1,4,Provincia Autonoma Bolzano / Bozen,P.A. Bolzano,533050,69750,13.09,0.14
1756,2021-01-29,PAB,1488,508,980,874,282,31,295,2,0,4,23,1465,ITH,ITH1,4,Provincia Autonoma Bolzano / Bozen,P.A. Bolzano,533050,71238,13.36,0.28
1757,2021-03-18,PAB,1289,524,765,49,15,154,48,1023,0,0,215,1074,ITH,ITH1,4,Provincia Autonoma Bolzano / Bozen,P.A. Bolzano,533050,72527,13.61,0.24
1758,2021-02-11,PAB,1031,408,623,205,47,334,102,343,0,0,222,809,ITH,ITH1,4,Provincia Autonoma Bolzano / Bozen,P.A. Bolzano,533050,73558,13.8,0.19
1759,2021-02-10,PAB,1630,602,1028,489,164,394,1,582,0,0,26,1604,ITH,ITH1,4,Provincia Autonoma Bolzano / Bozen,P.A. Bolzano,533050,75188,14.11,0.31
1760,2021-02-07,PAB,2165,975,1190,99,25,373,1,1667,0,0,12,2153,ITH,ITH1,4,Provincia Autonoma Bolzano / Bozen,P.A. Bolzano,533050,77353,14.51,0.41
1761,2021-01-21,PAB,915,426,489,720,88,12,68,27,0,0,138,777,ITH,ITH1,4,Provincia Autonoma Bolzano / Bozen,P.A. Bolzano,533050,78268,14.68,0.17
1762,2021-03-12,PAB,868,400,468,65,72,286,41,298,57,49,718,150,ITH,ITH1,4,Provincia Autonoma Bolzano / Bozen,P.A. Bolzano,533050,79136,14.85,0.16
1763,2021-03-24,PAB,961,464,497,0,0,798,0,128,16,19,961,0,ITH,ITH1,4,Provincia Autonoma Bolzano / Bozen,P.A. Bolzano,533050,80097,15.03,0.18
1764,2021-01-05,PAB,821,283,538,728,58,35,0,0,0,0,821,0,ITH,ITH1,4,Provincia Autonoma Bolzano / Bozen,P.A. Bolzano,533050,80918,15.18,0.15
1765,2021-03-23,PAB,1542,751,791,0,0,1238,0,213,57,34,1542,0,ITH,ITH1,4,Provincia Autonoma Bolzano / Bozen,P.A. Bolzano,533050,82460,15.47,0.29
1766,2020-12-27,PAB,143,65,78,136,2,4,0,1,0,0,143,0,ITH,ITH1,4,Provincia Autonoma Bolzano / Bozen,P.A. Bolzano,533050,82603,15.5,0.03
1767,2021-01-28,PAB,867,307,560,584,185,29,69,0,0,0,10,857,ITH,ITH1,4,Provincia Autonoma Bolzano / Bozen,P.A. Bolzano,533050,83470,15.66,0.16
1768,2021-02-09,PAB,317,126,191,64,16,6,2,227,0,2,1,316,ITH,ITH1,4,Provincia Autonoma Bolzano / Bozen,P.A. Bolzano,533050,83787,15.72,0.06
1769,2020-12-30,PAB,384,181,203,340,40,4,0,0,0,0,384,0,ITH,ITH1,4,Provincia Autonoma Bolzano / Bozen,P.A. Bolzano,533050,84171,15.79,0.07
1770,2021-01-02,PAB,91,48,43,69,1,21,0,0,0,0,91,0,ITH,ITH1,4,Provincia Autonoma Bolzano / Bozen,P.A. Bolzano,533050,84262,15.81,0.02
1771,2021-03-10,PAB,1172,446,726,653,7,181,0,134,80,117,1029,143,ITH,ITH1,4,Provincia Autonoma Bolzano / Bozen,P.A. Bolzano,533050,85434,16.03,0.22
1772,2021-02-15,PAB,72,42,30,17,2,8,40,5,0,0,26,46,ITH,ITH1,4,Provincia Autonoma Bolzano / Bozen,P.A. Bolzano,533050,85506,16.04,0.01
1773,2021-01-01,PAB,1,1,0,1,0,0,0,0,0,0,1,0,ITH,ITH1,4,Provincia Autonoma Bolzano / Bozen,P.A. Bolzano,533050,85507,16.04,0.0
1774,2021-02-18,PAB,1641,401,1240,23,44,269,20,4,0,1281,1638,3,ITH,ITH1,4,Provincia Autonoma Bolzano / Bozen,P.A. Bolzano,533050,87148,16.35,0.31
1775,2021-01-08,PAB,1488,469,1019,777,167,282,166,96,0,0,1488,0,ITH,ITH1,4,Provincia Autonoma Bolzano / Bozen,P.A. Bolzano,533050,88636,16.63,0.28
1776,2020-12-31,PAB,847,485,362,424,58,365,0,0,0,0,847,0,ITH,ITH1,4,Provincia Autonoma Bolzano / Bozen,P.A. Bolzano,533050,89483,16.79,0.16
1777,2021-02-19,PAB,1962,449,1513,121,139,111,79,7,0,1505,1951,11,ITH,ITH1,4,Provincia Autonoma Bolzano / Bozen,P.A. Bolzano,533050,91445,17.16,0.37
