,data,area,Vaccinazioni giornaliere,sesso_maschile,sesso_femminile,prima_dose,seconda_dose,pregressa_infezione,codice_NUTS1,codice_NUTS2,codice_regione_ISTAT,nome_area,Regione,popolazione,Totale vaccinazioni,Totale vaccinazioni ogni cento ab,Vaccinazioni giornaliere ogni cento ab
0,2021-04-11,CAM,17529,8610,8919,15030,2089,410,ITF,ITF3,15,Campania,Campania,5801692,17529,0.3,0.3
1,2021-04-28,CAM,36424,17631,18793,25829,9761,834,ITF,ITF3,15,Campania,Campania,5801692,53953,0.93,0.63
2,2021-01-18,CAM,960,399,561,684,244,32,ITF,ITF3,15,Campania,Campania,5801692,54913,0.95,0.02
3,2021-07-20,CAM,40105,19783,20322,6139,33334,632,ITF,ITF3,15,Campania,Campania,5801692,95018,1.64,0.69
4,2021-01-30,CAM,10733,5083,5650,43,10688,2,ITF,ITF3,15,Campania,Campania,5801692,105751,1.82,0.18
5,2021-07-03,CAM,67283,32498,34785,8131,58712,440,ITF,ITF3,15,Campania,Campania,5801692,173034,2.98,1.16
6,2021-08-29,CAM,10260,5574,4686,3714,6277,269,ITF,ITF3,15,Campania,Campania,5801692,183294,3.16,0.18
7,2021-01-16,CAM,3372,1677,1695,3261,0,111,ITF,ITF3,15,Campania,Campania,5801692,186666,3.22,0.06
8,2021-03-02,CAM,12762,4560,8202,8182,4345,235,ITF,ITF3,15,Campania,Campania,5801692,199428,3.44,0.22
9,2021-07-15,CAM,66737,32057,34680,8704,57081,952,ITF,ITF3,15,Campania,Campania,5801692,266165,4.59,1.15
10,2021-06-07,CAM,57603,27731,29872,52538,4051,1014,ITF,ITF3,15,Campania,Campania,5801692,323768,5.58,0.99
11,2021-02-25,CAM,12444,4487,7957,10940,1208,296,ITF,ITF3,15,Campania,Campania,5801692,336212,5.8,0.21
12,2021-04-09,CAM,29952,14085,15867,23154,6139,659,ITF,ITF3,15,Campania,Campania,5801692,366164,6.31,0.52
13,2021-06-05,CAM,77650,37594,40056,70578,6039,1033,ITF,ITF3,15,Campania,Campania,5801692,443814,7.65,1.34
14,2021-05-24,CAM,31363,15157,16206,15853,15159,351,ITF,ITF3,15,Campania,Campania,5801692,475177,8.19,0.54
15,2021-02-13,CAM,5508,2549,2959,5106,217,185,ITF,ITF3,15,Campania,Campania,5801692,480685,8.29,0.09
16,2021-08-01,CAM,16086,8415,7671,6887,8834,365,ITF,ITF3,15,Campania,Campania,5801692,496771,8.56,0.28
17,2021-04-23,CAM,32361,15538,16823,22428,9161,772,ITF,ITF3,15,Campania,Campania,5801692,529132,9.12,0.56
18,2021-08-15,CAM,1121,638,483,215,898,8,ITF,ITF3,15,Campania,Campania,5801692,530253,9.14,0.02
19,2021-03-28,CAM,15565,7510,8055,13564,1625,376,ITF,ITF3,15,Campania,Campania,5801692,545818,9.41,0.27
20,2021-01-04,CAM,5828,2962,2866,5728,0,100,ITF,ITF3,15,Campania,Campania,5801692,551646,9.51,0.1
21,2021-09-10,CAM,18438,9421,9017,8303,9259,876,ITF,ITF3,15,Campania,Campania,5801692,570084,9.83,0.32
22,2021-06-19,CAM,62408,29712,32696,24080,37769,559,ITF,ITF3,15,Campania,Campania,5801692,632492,10.9,1.08
23,2021-06-24,CAM,66122,31869,34253,13285,52311,526,ITF,ITF3,15,Campania,Campania,5801692,698614,12.04,1.14
24,2021-03-16,CAM,8090,3519,4571,3695,4317,78,ITF,ITF3,15,Campania,Campania,5801692,706704,12.18,0.14
25,2021-08-20,CAM,17416,9330,8086,7439,9422,555,ITF,ITF3,15,Campania,Campania,5801692,724120,12.48,0.3
26,2021-01-25,CAM,5760,2929,2831,174,5586,0,ITF,ITF3,15,Campania,Campania,5801692,729880,12.58,0.1
27,2021-07-01,CAM,61540,29869,31671,19718,41034,788,ITF,ITF3,15,Campania,Campania,5801692,791420,13.64,1.06
28,2021-03-23,CAM,15745,7447,8298,12849,2515,381,ITF,ITF3,15,Campania,Campania,5801692,807165,13.91,0.27
29,2021-08-27,CAM,24403,13015,11388,7834,15885,684,ITF,ITF3,15,Campania,Campania,5801692,831568,14.33,0.42
30,2021-08-03,CAM,31995,16222,15773,14469,16655,871,ITF,ITF3,15,Campania,Campania,5801692,863563,14.88,0.55
31,2021-02-11,CAM,6294,2716,3578,5913,77,304,ITF,ITF3,15,Campania,Campania,5801692,869857,14.99,0.11
32,2021-05-17,CAM,49510,21757,27753,23602,25397,511,ITF,ITF3,15,Campania,Campania,5801692,919367,15.85,0.85
33,2021-02-06,CAM,5343,2666,2677,2002,3241,100,ITF,ITF3,15,Campania,Campania,5801692,924710,15.94,0.09
34,2021-07-22,CAM,61854,30553,31301,6494,54792,568,ITF,ITF3,15,Campania,Campania,5801692,986564,17.0,1.07
35,2021-08-08,CAM,7574,4041,3533,4646,2666,262,ITF,ITF3,15,Campania,Campania,5801692,994138,17.14,0.13
36,2021-04-30,CAM,42331,20199,22132,24949,16509,873,ITF,ITF3,15,Campania,Campania,5801692,1036469,17.86,0.73
37,2021-02-04,CAM,7946,3430,4516,1249,6638,59,ITF,ITF3,15,Campania,Campania,5801692,1044415,18.0,0.14
38,2021-08-22,CAM,6811,3877,2934,2536,4127,148,ITF,ITF3,15,Campania,Campania,5801692,1051226,18.12,0.12
39,2021-01-23,CAM,3843,2032,1811,267,3570,6,ITF,ITF3,15,Campania,Campania,5801692,1055069,18.19,0.07
40,2021-03-21,CAM,10076,4677,5399,7483,2391,202,ITF,ITF3,15,Campania,Campania,5801692,1065145,18.36,0.17
41,2021-02-10,CAM,6939,3439,3500,6483,206,250,ITF,ITF3,15,Campania,Campania,5801692,1072084,18.48,0.12
42,2021-07-17,CAM,55272,27562,27710,3354,51548,370,ITF,ITF3,15,Campania,Campania,5801692,1127356,19.43,0.95
43,2021-04-08,CAM,28500,13824,14676,22014,5848,638,ITF,ITF3,15,Campania,Campania,5801692,1155856,19.92,0.49
44,2021-01-11,CAM,4081,1879,2202,3971,0,110,ITF,ITF3,15,Campania,Campania,5801692,1159937,19.99,0.07
45,2021-09-03,CAM,26488,13636,12852,10802,14767,919,ITF,ITF3,15,Campania,Campania,5801692,1186425,20.45,0.46
46,2021-05-26,CAM,52746,25880,26866,21113,31159,474,ITF,ITF3,15,Campania,Campania,5801692,1239171,21.36,0.91
47,2021-06-14,CAM,37133,17921,19212,18702,18024,407,ITF,ITF3,15,Campania,Campania,5801692,1276304,22.0,0.64
48,2021-08-10,CAM,21641,11192,10449,13587,6950,1104,ITF,ITF3,15,Campania,Campania,5801692,1297945,22.37,0.37
49,2021-03-09,CAM,14144,6877,7267,9900,3799,445,ITF,ITF3,15,Campania,Campania,5801692,1312089,22.62,0.24
50,2021-05-31,CAM,40825,20716,20109,29842,10401,582,ITF,ITF3,15,Campania,Campania,5801692,1352914,23.32,0.7
51,2021-06-26,CAM,62953,30696,32257,14508,47863,582,ITF,ITF3,15,Campania,Campania,5801692,1415867,24.4,1.09
52,2021-07-13,CAM,53696,25798,27898,4678,48504,514,ITF,ITF3,15,Campania,Campania,5801692,1469563,25.33,0.93
53,2021-04-04,CAM,7965,4016,3949,6675,1046,244,ITF,ITF3,15,Campania,Campania,5801692,1477528,25.47,0.14
54,2021-06-12,CAM,64001,31546,32455,55608,7216,1177,ITF,ITF3,15,Campania,Campania,5801692,1541529,26.57,1.1
55,2021-03-04,CAM,14709,5395,9314,8522,5897,290,ITF,ITF3,15,Campania,Campania,5801692,1556238,26.82,0.25
56,2021-05-19,CAM,51310,22660,28650,33756,16759,795,ITF,ITF3,15,Campania,Campania,5801692,1607548,27.71,0.88
57,2021-05-05,CAM,51190,24869,26321,43159,6398,1633,ITF,ITF3,15,Campania,Campania,5801692,1658738,28.59,0.88
58,2021-07-27,CAM,49162,24447,24715,12613,35723,826,ITF,ITF3,15,Campania,Campania,5801692,1707900,29.44,0.85
59,2021-09-08,CAM,19130,9650,9480,8699,9618,813,ITF,ITF3,15,Campania,Campania,5801692,1727030,29.77,0.33
60,2021-04-16,CAM,34450,16638,17812,23052,10668,730,ITF,ITF3,15,Campania,Campania,5801692,1761480,30.36,0.59
61,2021-01-06,CAM,7652,3751,3901,7508,0,144,ITF,ITF3,15,Campania,Campania,5801692,1769132,30.49,0.13
62,2021-02-18,CAM,9111,3833,5278,8149,727,235,ITF,ITF3,15,Campania,Campania,5801692,1778243,30.65,0.16
63,2021-01-01,CAM,919,506,413,899,0,20,ITF,ITF3,15,Campania,Campania,5801692,1779162,30.67,0.02
64,2021-03-25,CAM,20327,9656,10671,16325,3507,495,ITF,ITF3,15,Campania,Campania,5801692,1799489,31.02,0.35
65,2021-04-06,CAM,24529,11570,12959,19460,4526,543,ITF,ITF3,15,Campania,Campania,5801692,1824018,31.44,0.42
66,2021-07-12,CAM,56703,27375,29328,3712,52605,386,ITF,ITF3,15,Campania,Campania,5801692,1880721,32.42,0.98
67,2020-12-27,CAM,720,422,298,716,0,4,ITF,ITF3,15,Campania,Campania,5801692,1881441,32.43,0.01
68,2021-07-29,CAM,48516,24353,24163,13443,34141,932,ITF,ITF3,15,Campania,Campania,5801692,1929957,33.27,0.84
69,2021-04-20,CAM,32169,15551,16618,20234,11325,610,ITF,ITF3,15,Campania,Campania,5801692,1962126,33.82,0.55
70,2021-06-28,CAM,46536,22742,23794,20387,25414,735,ITF,ITF3,15,Campania,Campania,5801692,2008662,34.62,0.8
71,2021-03-20,CAM,13990,6531,7459,9974,3739,277,ITF,ITF3,15,Campania,Campania,5801692,2022652,34.86,0.24
72,2021-02-27,CAM,13958,4471,9487,11964,1653,341,ITF,ITF3,15,Campania,Campania,5801692,2036610,35.1,0.24
73,2021-06-16,CAM,31653,15012,16641,20365,10775,513,ITF,ITF3,15,Campania,Campania,5801692,2068263,35.65,0.55
74,2021-08-12,CAM,18926,9998,8928,12400,5717,809,ITF,ITF3,15,Campania,Campania,5801692,2087189,35.98,0.33
75,2021-05-02,CAM,43495,21552,21943,31176,11377,942,ITF,ITF3,15,Campania,Campania,5801692,2130684,36.73,0.75
76,2021-01-22,CAM,1534,783,751,666,854,14,ITF,ITF3,15,Campania,Campania,5801692,2132218,36.75,0.03
77,2021-08-26,CAM,24534,12759,11775,8189,15527,818,ITF,ITF3,15,Campania,Campania,5801692,2156752,37.17,0.42
78,2021-06-02,CAM,42944,20184,22760,37628,4732,584,ITF,ITF3,15,Campania,Campania,5801692,2199696,37.91,0.74
79,2021-02-22,CAM,10699,3298,7401,10150,279,270,ITF,ITF3,15,Campania,Campania,5801692,2210395,38.1,0.18
80,2021-03-11,CAM,18019,9068,8951,10273,7293,453,ITF,ITF3,15,Campania,Campania,5801692,2228414,38.41,0.31
81,2021-08-24,CAM,22607,11703,10904,8673,13185,749,ITF,ITF3,15,Campania,Campania,5801692,2251021,38.8,0.39
82,2021-05-16,CAM,51161,23229,27932,32761,17587,813,ITF,ITF3,15,Campania,Campania,5801692,2302182,39.68,0.88
83,2021-02-20,CAM,8573,3080,5493,8090,303,180,ITF,ITF3,15,Campania,Campania,5801692,2310755,39.83,0.15
84,2021-06-04,CAM,74589,35845,38744,64423,9136,1030,ITF,ITF3,15,Campania,Campania,5801692,2385344,41.11,1.29
85,2021-05-21,CAM,63874,29653,34221,42142,20704,1028,ITF,ITF3,15,Campania,Campania,5801692,2449218,42.22,1.1
86,2021-04-01,CAM,24695,12023,12672,20033,4137,525,ITF,ITF3,15,Campania,Campania,5801692,2473913,42.64,0.43
87,2021-05-12,CAM,40939,19980,20959,30498,9172,1269,ITF,ITF3,15,Campania,Campania,5801692,2514852,43.35,0.71
88,2021-07-08,CAM,61129,29426,31703,5614,55158,357,ITF,ITF3,15,Campania,Campania,5801692,2575981,44.4,1.05
89,2021-09-07,CAM,20533,10387,10146,9503,10182,848,ITF,ITF3,15,Campania,Campania,5801692,2596514,44.75,0.35
90,2021-02-08,CAM,5128,2459,2669,4163,815,150,ITF,ITF3,15,Campania,Campania,5801692,2601642,44.84,0.09
91,2021-02-01,CAM,3988,1814,2174,104,3876,8,ITF,ITF3,15,Campania,Campania,5801692,2605630,44.91,0.07
92,2021-07-24,CAM,47997,24872,23125,6614,40889,494,ITF,ITF3,15,Campania,Campania,5801692,2653627,45.74,0.83
93,2021-01-20,CAM,1264,654,610,1233,0,31,ITF,ITF3,15,Campania,Campania,5801692,2654891,45.76,0.02
94,2021-04-13,CAM,26616,12690,13926,20532,5538,546,ITF,ITF3,15,Campania,Campania,5801692,2681507,46.22,0.46
95,2021-01-03,CAM,3836,2009,1827,3787,0,49,ITF,ITF3,15,Campania,Campania,5801692,2685343,46.29,0.07
96,2021-07-05,CAM,63323,30527,32796,12629,49898,796,ITF,ITF3,15,Campania,Campania,5801692,2748666,47.38,1.09
97,2021-09-09,CAM,18335,9380,8955,8165,9364,806,ITF,ITF3,15,Campania,Campania,5801692,2767001,47.69,0.32
98,2021-08-31,CAM,27774,13966,13808,10825,15975,974,ITF,ITF3,15,Campania,Campania,5801692,2794775,48.17,0.48
99,2021-02-15,CAM,5472,2516,2956,5150,175,147,ITF,ITF3,15,Campania,Campania,5801692,2800247,48.27,0.09
100,2021-06-09,CAM,53065,26052,27013,41419,10917,729,ITF,ITF3,15,Campania,Campania,5801692,2853312,49.18,0.91
101,2021-03-01,CAM,12134,4249,7885,7740,4113,281,ITF,ITF3,15,Campania,Campania,5801692,2865446,49.39,0.21
102,2021-08-17,CAM,22280,12043,10237,7293,14442,545,ITF,ITF3,15,Campania,Campania,5801692,2887726,49.77,0.38
103,2021-05-09,CAM,43215,20293,22922,30876,11107,1232,ITF,ITF3,15,Campania,Campania,5801692,2930941,50.52,0.74
104,2021-07-31,CAM,30727,16215,14512,10441,19598,688,ITF,ITF3,15,Campania,Campania,5801692,2961668,51.05,0.53
105,2021-05-07,CAM,59791,29215,30576,42317,15969,1505,ITF,ITF3,15,Campania,Campania,5801692,3021459,52.08,1.03
106,2021-01-27,CAM,7755,3824,3931,168,7582,5,ITF,ITF3,15,Campania,Campania,5801692,3029214,52.21,0.13
107,2021-03-18,CAM,12180,5383,6797,5786,6193,201,ITF,ITF3,15,Campania,Campania,5801692,3041394,52.42,0.21
108,2021-07-07,CAM,52315,24824,27491,7114,44644,557,ITF,ITF3,15,Campania,Campania,5801692,3093709,53.32,0.9
109,2021-03-29,CAM,19412,9580,9832,17420,1551,441,ITF,ITF3,15,Campania,Campania,5801692,3113121,53.66,0.33
110,2021-06-20,CAM,47615,22749,24866,14191,32996,428,ITF,ITF3,15,Campania,Campania,5801692,3160736,54.48,0.82
111,2021-03-27,CAM,21516,10242,11274,17204,3869,443,ITF,ITF3,15,Campania,Campania,5801692,3182252,54.85,0.37
112,2021-06-01,CAM,42307,20989,21318,31446,10550,311,ITF,ITF3,15,Campania,Campania,5801692,3224559,55.58,0.73
113,2021-02-03,CAM,8909,4006,4903,843,8030,36,ITF,ITF3,15,Campania,Campania,5801692,3233468,55.73,0.15
114,2021-03-30,CAM,22060,10583,11477,18548,2959,553,ITF,ITF3,15,Campania,Campania,5801692,3255528,56.11,0.38
115,2021-04-17,CAM,36203,17518,18685,23934,11518,751,ITF,ITF3,15,Campania,Campania,5801692,3291731,56.74,0.62
116,2021-06-13,CAM,43428,21243,22185,37879,4731,818,ITF,ITF3,15,Campania,Campania,5801692,3335159,57.49,0.75
117,2021-05-30,CAM,52171,25453,26718,37949,13329,893,ITF,ITF3,15,Campania,Campania,5801692,3387330,58.39,0.9
118,2021-02-19,CAM,9588,3569,6019,8684,662,242,ITF,ITF3,15,Campania,Campania,5801692,3396918,58.55,0.17
119,2021-07-14,CAM,51120,24586,26534,4261,46502,357,ITF,ITF3,15,Campania,Campania,5801692,3448038,59.43,0.88
120,2021-04-05,CAM,11641,5541,6100,8895,2424,322,ITF,ITF3,15,Campania,Campania,5801692,3459679,59.63,0.2
121,2021-03-17,CAM,11598,5102,6496,4846,6591,161,ITF,ITF3,15,Campania,Campania,5801692,3471277,59.83,0.2
122,2021-06-11,CAM,70845,34425,36420,63470,6058,1317,ITF,ITF3,15,Campania,Campania,5801692,3542122,61.05,1.22
123,2021-03-03,CAM,13924,5496,8428,7066,6632,226,ITF,ITF3,15,Campania,Campania,5801692,3556046,61.29,0.24
124,2021-01-10,CAM,8165,3736,4429,7963,0,202,ITF,ITF3,15,Campania,Campania,5801692,3564211,61.43,0.14
125,2021-04-03,CAM,21120,10316,10804,18232,2383,505,ITF,ITF3,15,Campania,Campania,5801692,3585331,61.8,0.36
126,2021-08-16,CAM,12465,6693,5772,6214,5723,528,ITF,ITF3,15,Campania,Campania,5801692,3597796,62.01,0.21
127,2021-06-18,CAM,65900,31407,34493,34814,30311,775,ITF,ITF3,15,Campania,Campania,5801692,3663696,63.15,1.14
128,2021-03-10,CAM,15634,7734,7900,8420,6853,361,ITF,ITF3,15,Campania,Campania,5801692,3679330,63.42,0.27
129,2021-08-06,CAM,31226,16258,14968,17531,12643,1052,ITF,ITF3,15,Campania,Campania,5801692,3710556,63.96,0.54
130,2021-08-23,CAM,23712,12356,11356,9516,13347,849,ITF,ITF3,15,Campania,Campania,5801692,3734268,64.37,0.41
131,2021-05-15,CAM,62819,29085,33734,41938,18875,2006,ITF,ITF3,15,Campania,Campania,5801692,3797087,65.45,1.08
132,2021-03-12,CAM,14581,7412,7169,8132,6088,361,ITF,ITF3,15,Campania,Campania,5801692,3811668,65.7,0.25
133,2021-09-11,CAM,7777,4248,3529,3767,3576,434,ITF,ITF3,15,Campania,Campania,5801692,3819445,65.83,0.13
134,2021-06-03,CAM,72658,35244,37414,60855,10682,1121,ITF,ITF3,15,Campania,Campania,5801692,3892103,67.09,1.25
135,2021-02-23,CAM,11018,3397,7621,10153,542,323,ITF,ITF3,15,Campania,Campania,5801692,3903121,67.28,0.19
136,2021-08-25,CAM,22834,12019,10815,8702,13422,710,ITF,ITF3,15,Campania,Campania,5801692,3925955,67.67,0.39
137,2021-02-21,CAM,5840,2242,3598,5487,228,125,ITF,ITF3,15,Campania,Campania,5801692,3931795,67.77,0.1
138,2021-03-06,CAM,16377,6819,9558,10366,5672,339,ITF,ITF3,15,Campania,Campania,5801692,3948172,68.05,0.28
139,2021-08-19,CAM,22019,11637,10382,9579,11774,666,ITF,ITF3,15,Campania,Campania,5801692,3970191,68.43,0.38
140,2021-05-18,CAM,52276,23283,28993,31806,19729,741,ITF,ITF3,15,Campania,Campania,5801692,4022467,69.33,0.9
141,2021-08-09,CAM,25083,13083,12000,13677,10464,942,ITF,ITF3,15,Campania,Campania,5801692,4047550,69.76,0.43
142,2021-02-05,CAM,7268,3464,3804,2023,5130,115,ITF,ITF3,15,Campania,Campania,5801692,4054818,69.89,0.13
143,2021-08-07,CAM,17197,9179,8018,11204,5288,705,ITF,ITF3,15,Campania,Campania,5801692,4072015,70.19,0.3
144,2021-04-29,CAM,41563,20183,21380,23976,16748,839,ITF,ITF3,15,Campania,Campania,5801692,4113578,70.9,0.72
145,2021-01-19,CAM,1110,485,625,1055,5,50,ITF,ITF3,15,Campania,Campania,5801692,4114688,70.92,0.02
146,2021-07-26,CAM,48862,24318,24544,10237,37939,686,ITF,ITF3,15,Campania,Campania,5801692,4163550,71.76,0.84
147,2020-12-31,CAM,1490,811,679,1470,0,20,ITF,ITF3,15,Campania,Campania,5801692,4165040,71.79,0.03
148,2021-06-06,CAM,63233,31450,31783,61567,651,1015,ITF,ITF3,15,Campania,Campania,5801692,4228273,72.88,1.09
149,2021-02-26,CAM,13367,4237,9130,11687,1368,312,ITF,ITF3,15,Campania,Campania,5801692,4241640,73.11,0.23
150,2021-08-02,CAM,41766,21212,20554,13057,28012,697,ITF,ITF3,15,Campania,Campania,5801692,4283406,73.83,0.72
151,2021-04-24,CAM,36386,17538,18848,24306,11250,830,ITF,ITF3,15,Campania,Campania,5801692,4319792,74.46,0.63
152,2021-06-25,CAM,65519,31805,33714,13608,51347,564,ITF,ITF3,15,Campania,Campania,5801692,4385311,75.59,1.13
153,2021-09-02,CAM,25516,13184,12332,10162,14452,902,ITF,ITF3,15,Campania,Campania,5801692,4410827,76.03,0.44
154,2021-05-25,CAM,46575,22431,24144,22550,23459,566,ITF,ITF3,15,Campania,Campania,5801692,4457402,76.83,0.8
155,2021-04-22,CAM,34121,16637,17484,20879,12546,696,ITF,ITF3,15,Campania,Campania,5801692,4491523,77.42,0.59
156,2021-05-23,CAM,58765,28649,30116,37208,20906,651,ITF,ITF3,15,Campania,Campania,5801692,4550288,78.43,1.01
157,2021-02-12,CAM,6563,2876,3687,6085,218,260,ITF,ITF3,15,Campania,Campania,5801692,4556851,78.54,0.11
158,2021-01-29,CAM,10086,4822,5264,67,10015,4,ITF,ITF3,15,Campania,Campania,5801692,4566937,78.72,0.17
159,2021-06-27,CAM,43560,21452,22108,13986,29073,501,ITF,ITF3,15,Campania,Campania,5801692,4610497,79.47,0.75
160,2021-03-19,CAM,11153,4979,6174,7074,3877,202,ITF,ITF3,15,Campania,Campania,5801692,4621650,79.66,0.19
161,2021-09-05,CAM,8207,4271,3936,5165,2582,460,ITF,ITF3,15,Campania,Campania,5801692,4629857,79.8,0.14
162,2021-05-28,CAM,73082,35334,37748,26268,46183,631,ITF,ITF3,15,Campania,Campania,5801692,4702939,81.06,1.26
163,2021-05-14,CAM,61045,27583,33462,34658,24738,1649,ITF,ITF3,15,Campania,Campania,5801692,4763984,82.11,1.05
164,2021-07-10,CAM,66913,32668,34245,2701,63963,249,ITF,ITF3,15,Campania,Campania,5801692,4830897,83.27,1.15
165,2021-07-19,CAM,43997,21545,22452,5153,38374,470,ITF,ITF3,15,Campania,Campania,5801692,4874894,84.03,0.76
166,2021-04-10,CAM,28364,13498,14866,22761,4917,686,ITF,ITF3,15,Campania,Campania,5801692,4903258,84.51,0.49
167,2021-01-07,CAM,8909,4167,4742,8734,0,175,ITF,ITF3,15,Campania,Campania,5801692,4912167,84.67,0.15
168,2021-03-05,CAM,16826,6670,10156,9829,6672,325,ITF,ITF3,15,Campania,Campania,5801692,4928993,84.96,0.29
169,2021-06-10,CAM,76017,36712,39305,67641,7108,1268,ITF,ITF3,15,Campania,Campania,5801692,5005010,86.27,1.31
170,2021-05-08,CAM,56453,27149,29304,39007,15849,1597,ITF,ITF3,15,Campania,Campania,5801692,5061463,87.24,0.97
171,2021-01-28,CAM,8851,4130,4721,140,8703,8,ITF,ITF3,15,Campania,Campania,5801692,5070314,87.39,0.15
172,2021-07-30,CAM,44830,22823,22007,14331,29502,997,ITF,ITF3,15,Campania,Campania,5801692,5115144,88.17,0.77
173,2021-04-21,CAM,30350,14773,15577,17545,12232,573,ITF,ITF3,15,Campania,Campania,5801692,5145494,88.69,0.52
174,2021-08-13,CAM,16869,9152,7717,9715,6604,550,ITF,ITF3,15,Campania,Campania,5801692,5162363,88.98,0.29
175,2021-01-14,CAM,7082,2983,4099,6816,0,266,ITF,ITF3,15,Campania,Campania,5801692,5169445,89.1,0.12
176,2021-07-21,CAM,50181,24428,25753,8361,40889,931,ITF,ITF3,15,Campania,Campania,5801692,5219626,89.97,0.86
177,2021-01-21,CAM,2106,1125,981,678,1421,7,ITF,ITF3,15,Campania,Campania,5801692,5221732,90.0,0.04
178,2021-03-08,CAM,14693,6851,7842,9433,4781,479,ITF,ITF3,15,Campania,Campania,5801692,5236425,90.26,0.25
179,2021-05-04,CAM,48482,23344,25138,38215,8907,1360,ITF,ITF3,15,Campania,Campania,5801692,5284907,91.09,0.84
180,2021-01-24,CAM,4123,2120,2003,361,3745,17,ITF,ITF3,15,Campania,Campania,5801692,5289030,91.16,0.07
181,2021-08-21,CAM,9800,5397,4403,4078,5342,380,ITF,ITF3,15,Campania,Campania,5801692,5298830,91.33,0.17
182,2021-05-13,CAM,55457,24834,30623,37699,16025,1733,ITF,ITF3,15,Campania,Campania,5801692,5354287,92.29,0.96
183,2021-07-09,CAM,61510,29781,31729,4309,56844,357,ITF,ITF3,15,Campania,Campania,5801692,5415797,93.35,1.06
184,2021-01-31,CAM,8069,3712,4357,21,8047,1,ITF,ITF3,15,Campania,Campania,5801692,5423866,93.49,0.14
185,2021-01-12,CAM,5221,2569,2652,5082,0,139,ITF,ITF3,15,Campania,Campania,5801692,5429087,93.58,0.09
186,2021-08-14,CAM,4918,2804,2114,2050,2706,162,ITF,ITF3,15,Campania,Campania,5801692,5434005,93.66,0.08
187,2021-05-06,CAM,57624,28141,29483,41174,14778,1672,ITF,ITF3,15,Campania,Campania,5801692,5491629,94.66,0.99
188,2021-09-01,CAM,27216,13716,13500,10235,16119,862,ITF,ITF3,15,Campania,Campania,5801692,5518845,95.12,0.47
189,2021-08-18,CAM,19592,10344,9248,7734,11292,566,ITF,ITF3,15,Campania,Campania,5801692,5538437,95.46,0.34
190,2021-02-28,CAM,10411,3207,7204,8273,1901,237,ITF,ITF3,15,Campania,Campania,5801692,5548848,95.64,0.18
191,2021-02-14,CAM,3929,1923,2006,3842,34,53,ITF,ITF3,15,Campania,Campania,5801692,5552777,95.71,0.07
192,2021-01-26,CAM,7350,3733,3617,335,6994,21,ITF,ITF3,15,Campania,Campania,5801692,5560127,95.84,0.13
193,2021-04-19,CAM,30774,14828,15946,18641,11578,555,ITF,ITF3,15,Campania,Campania,5801692,5590901,96.37,0.53
194,2021-01-09,CAM,10564,5022,5542,10301,0,263,ITF,ITF3,15,Campania,Campania,5801692,5601465,96.55,0.18
195,2021-02-24,CAM,11810,4158,7652,10808,715,287,ITF,ITF3,15,Campania,Campania,5801692,5613275,96.75,0.2
196,2021-01-05,CAM,7237,3637,3600,7074,0,163,ITF,ITF3,15,Campania,Campania,5801692,5620512,96.88,0.12
197,2021-02-17,CAM,7419,3229,4190,6212,1073,134,ITF,ITF3,15,Campania,Campania,5801692,5627931,97.0,0.13
198,2021-04-15,CAM,34352,16667,17685,23762,9906,684,ITF,ITF3,15,Campania,Campania,5801692,5662283,97.6,0.59
199,2021-05-11,CAM,39891,19253,20638,29521,9407,963,ITF,ITF3,15,Campania,Campania,5801692,5702174,98.28,0.69
200,2021-07-11,CAM,40868,19670,21198,1001,39775,92,ITF,ITF3,15,Campania,Campania,5801692,5743042,98.99,0.7
201,2021-02-02,CAM,5733,2811,2922,415,5287,31,ITF,ITF3,15,Campania,Campania,5801692,5748775,99.09,0.1
202,2021-03-31,CAM,23205,11381,11824,19305,3442,458,ITF,ITF3,15,Campania,Campania,5801692,5771980,99.49,0.4
203,2021-07-18,CAM,31387,15807,15580,3786,27168,433,ITF,ITF3,15,Campania,Campania,5801692,5803367,100.03,0.54
204,2021-07-23,CAM,61839,30810,31029,8351,52868,620,ITF,ITF3,15,Campania,Campania,5801692,5865206,101.09,1.07
205,2021-04-14,CAM,27664,13338,14326,18623,8590,451,ITF,ITF3,15,Campania,Campania,5801692,5892870,101.57,0.48
206,2021-05-01,CAM,46355,22667,23688,29247,16116,992,ITF,ITF3,15,Campania,Campania,5801692,5939225,102.37,0.8
207,2021-07-06,CAM,56709,27079,29630,15819,40113,777,ITF,ITF3,15,Campania,Campania,5801692,5995934,103.35,0.98
208,2021-04-12,CAM,23310,10921,12389,19733,3038,539,ITF,ITF3,15,Campania,Campania,5801692,6019244,103.75,0.4
209,2021-01-02,CAM,3672,1963,1709,3614,0,58,ITF,ITF3,15,Campania,Campania,5801692,6022916,103.81,0.06
210,2021-06-17,CAM,60218,28867,31351,32700,26801,717,ITF,ITF3,15,Campania,Campania,5801692,6083134,104.85,1.04
211,2021-07-04,CAM,48824,23766,25058,6160,42321,343,ITF,ITF3,15,Campania,Campania,5801692,6131958,105.69,0.84
212,2021-03-26,CAM,19871,9327,10544,15596,3818,457,ITF,ITF3,15,Campania,Campania,5801692,6151829,106.04,0.34
213,2021-04-07,CAM,24977,11990,12987,19647,4726,604,ITF,ITF3,15,Campania,Campania,5801692,6176806,106.47,0.43
214,2021-07-16,CAM,61061,29871,31190,6521,53914,626,ITF,ITF3,15,Campania,Campania,5801692,6237867,107.52,1.05
215,2021-04-02,CAM,21868,10526,11342,19041,2324,503,ITF,ITF3,15,Campania,Campania,5801692,6259735,107.89,0.38
216,2021-07-28,CAM,49456,24549,24907,13741,34779,936,ITF,ITF3,15,Campania,Campania,5801692,6309191,108.75,0.85
217,2021-06-22,CAM,52454,25014,27440,13070,39004,380,ITF,ITF3,15,Campania,Campania,5801692,6361645,109.65,0.9
218,2021-03-14,CAM,8618,3827,4791,4356,4142,120,ITF,ITF3,15,Campania,Campania,5801692,6370263,109.8,0.15
219,2021-05-10,CAM,35480,16394,19086,24837,9932,711,ITF,ITF3,15,Campania,Campania,5801692,6405743,110.41,0.61
220,2021-06-08,CAM,53119,25879,27240,45254,7080,785,ITF,ITF3,15,Campania,Campania,5801692,6458862,111.33,0.92
221,2021-08-04,CAM,29838,15308,14530,15776,13100,962,ITF,ITF3,15,Campania,Campania,5801692,6488700,111.84,0.51
222,2021-04-26,CAM,34060,16654,17406,27518,5630,912,ITF,ITF3,15,Campania,Campania,5801692,6522760,112.43,0.59
223,2021-03-07,CAM,11974,5406,6568,7765,3844,365,ITF,ITF3,15,Campania,Campania,5801692,6534734,112.63,0.21
224,2021-08-11,CAM,21052,11096,9956,12042,8143,867,ITF,ITF3,15,Campania,Campania,5801692,6555786,113.0,0.36
225,2021-05-03,CAM,40761,19894,20867,27833,11872,1056,ITF,ITF3,15,Campania,Campania,5801692,6596547,113.7,0.7
226,2021-06-29,CAM,49361,24017,25344,19671,29147,543,ITF,ITF3,15,Campania,Campania,5801692,6645908,114.55,0.85
227,2021-06-15,CAM,18687,9095,9592,10984,7421,282,ITF,ITF3,15,Campania,Campania,5801692,6664595,114.87,0.32
228,2021-04-25,CAM,30745,15179,15566,24523,5408,814,ITF,ITF3,15,Campania,Campania,5801692,6695340,115.4,0.53
229,2021-01-13,CAM,8032,3676,4356,7787,0,245,ITF,ITF3,15,Campania,Campania,5801692,6703372,115.54,0.14
230,2021-04-18,CAM,27222,13287,13935,17769,8903,550,ITF,ITF3,15,Campania,Campania,5801692,6730594,116.01,0.47
231,2021-01-08,CAM,10458,4970,5488,10196,0,262,ITF,ITF3,15,Campania,Campania,5801692,6741052,116.19,0.18
232,2021-04-27,CAM,32169,15632,16537,23421,7930,818,ITF,ITF3,15,Campania,Campania,5801692,6773221,116.75,0.55
233,2021-06-23,CAM,46774,22094,24680,10582,35801,391,ITF,ITF3,15,Campania,Campania,5801692,6819995,117.55,0.81
234,2021-08-05,CAM,35176,18032,17144,17286,16832,1058,ITF,ITF3,15,Campania,Campania,5801692,6855171,118.16,0.61
235,2021-01-15,CAM,5000,2394,2606,4840,0,160,ITF,ITF3,15,Campania,Campania,5801692,6860171,118.24,0.09
236,2021-06-21,CAM,46922,22686,24236,11204,35293,425,ITF,ITF3,15,Campania,Campania,5801692,6907093,119.05,0.81
237,2021-03-13,CAM,14524,7042,7482,8943,5283,298,ITF,ITF3,15,Campania,Campania,5801692,6921617,119.3,0.25
238,2021-03-22,CAM,13187,6352,6835,10813,2045,329,ITF,ITF3,15,Campania,Campania,5801692,6934804,119.53,0.23
239,2021-02-07,CAM,2929,1382,1547,2066,771,92,ITF,ITF3,15,Campania,Campania,5801692,6937733,119.58,0.05
240,2021-06-30,CAM,47672,22778,24894,18220,28658,794,ITF,ITF3,15,Campania,Campania,5801692,6985405,120.4,0.82
241,2021-09-04,CAM,18060,9827,8233,8646,8439,975,ITF,ITF3,15,Campania,Campania,5801692,7003465,120.71,0.31
242,2021-01-17,CAM,1155,551,604,682,453,20,ITF,ITF3,15,Campania,Campania,5801692,7004620,120.73,0.02
243,2021-03-15,CAM,13352,6496,6856,8307,4748,297,ITF,ITF3,15,Campania,Campania,5801692,7017972,120.96,0.23
244,2021-07-02,CAM,55892,27012,28880,14352,40962,578,ITF,ITF3,15,Campania,Campania,5801692,7073864,121.93,0.96
245,2021-08-28,CAM,17706,9615,8091,5362,11840,504,ITF,ITF3,15,Campania,Campania,5801692,7091570,122.23,0.31
246,2021-05-27,CAM,73046,35398,37648,25814,46658,574,ITF,ITF3,15,Campania,Campania,5801692,7164616,123.49,1.26
247,2021-02-16,CAM,5471,2431,3040,4499,787,185,ITF,ITF3,15,Campania,Campania,5801692,7170087,123.59,0.09
248,2021-05-22,CAM,68134,32557,35577,45600,21660,874,ITF,ITF3,15,Campania,Campania,5801692,7238221,124.76,1.17
249,2021-08-30,CAM,29105,15014,14091,9746,18545,814,ITF,ITF3,15,Campania,Campania,5801692,7267326,125.26,0.5
250,2021-03-24,CAM,17923,8370,9553,14574,2958,391,ITF,ITF3,15,Campania,Campania,5801692,7285249,125.57,0.31
251,2021-05-20,CAM,61042,28273,32769,42255,17800,987,ITF,ITF3,15,Campania,Campania,5801692,7346291,126.62,1.05
252,2021-02-09,CAM,4654,2209,2445,4228,263,163,ITF,ITF3,15,Campania,Campania,5801692,7350945,126.7,0.08
253,2021-09-06,CAM,22765,11628,11137,10667,11054,1044,ITF,ITF3,15,Campania,Campania,5801692,7373710,127.1,0.39
254,2021-05-29,CAM,67881,32283,35598,43057,23965,859,ITF,ITF3,15,Campania,Campania,5801692,7441591,128.27,1.17
255,2021-07-25,CAM,23224,11803,11421,4214,18740,270,ITF,ITF3,15,Campania,Campania,5801692,7464815,128.67,0.4
256,2021-05-24,FVG,11482,5558,5924,7529,3650,303,ITH,ITH4,6,Friuli-Venezia Giulia,Friuli Venezia Giulia,1215220,11482,0.94,0.94
257,2021-02-13,FVG,568,180,388,560,6,2,ITH,ITH4,6,Friuli-Venezia Giulia,Friuli Venezia Giulia,1215220,12050,0.99,0.05
258,2021-08-15,FVG,1,1,0,0,1,0,ITH,ITH4,6,Friuli-Venezia Giulia,Friuli Venezia Giulia,1215220,12051,0.99,0.0
259,2021-03-02,FVG,4224,1520,2704,2702,1500,22,ITH,ITH4,6,Friuli-Venezia Giulia,Friuli Venezia Giulia,1215220,16275,1.34,0.35
260,2021-09-03,FVG,3997,2068,1929,2038,1693,266,ITH,ITH4,6,Friuli-Venezia Giulia,Friuli Venezia Giulia,1215220,20272,1.67,0.33
261,2021-03-04,FVG,3462,1601,1861,2772,661,29,ITH,ITH4,6,Friuli-Venezia Giulia,Friuli Venezia Giulia,1215220,23734,1.95,0.28
262,2021-06-12,FVG,8237,4721,3516,6794,1162,281,ITH,ITH4,6,Friuli-Venezia Giulia,Friuli Venezia Giulia,1215220,31971,2.63,0.68
263,2021-07-20,FVG,9410,4932,4478,2448,6666,296,ITH,ITH4,6,Friuli-Venezia Giulia,Friuli Venezia Giulia,1215220,41381,3.41,0.77
264,2021-08-03,FVG,10190,5368,4822,5269,4558,363,ITH,ITH4,6,Friuli-Venezia Giulia,Friuli Venezia Giulia,1215220,51571,4.24,0.84
265,2021-04-11,FVG,3435,1519,1916,2414,907,114,ITH,ITH4,6,Friuli-Venezia Giulia,Friuli Venezia Giulia,1215220,55006,4.53,0.28
266,2021-06-07,FVG,9231,4787,4444,7844,1001,386,ITH,ITH4,6,Friuli-Venezia Giulia,Friuli Venezia Giulia,1215220,64237,5.29,0.76
267,2020-12-28,FVG,1,0,1,1,0,0,ITH,ITH4,6,Friuli-Venezia Giulia,Friuli Venezia Giulia,1215220,64238,5.29,0.0
268,2021-07-08,FVG,13119,7089,6030,1364,11574,181,ITH,ITH4,6,Friuli-Venezia Giulia,Friuli Venezia Giulia,1215220,77357,6.37,1.08
269,2021-02-04,FVG,2728,808,1920,35,2693,0,ITH,ITH4,6,Friuli-Venezia Giulia,Friuli Venezia Giulia,1215220,80085,6.59,0.22
270,2021-08-08,FVG,4337,2355,1982,1919,2327,91,ITH,ITH4,6,Friuli-Venezia Giulia,Friuli Venezia Giulia,1215220,84422,6.95,0.36
271,2021-04-30,FVG,7417,3270,4147,3577,3666,174,ITH,ITH4,6,Friuli-Venezia Giulia,Friuli Venezia Giulia,1215220,91839,7.56,0.61
272,2021-04-28,FVG,7343,3242,4101,3692,3515,136,ITH,ITH4,6,Friuli-Venezia Giulia,Friuli Venezia Giulia,1215220,99182,8.16,0.6
273,2021-01-23,FVG,816,323,493,5,811,0,ITH,ITH4,6,Friuli-Venezia Giulia,Friuli Venezia Giulia,1215220,99998,8.23,0.07
274,2021-03-28,FVG,4947,2356,2591,4690,158,99,ITH,ITH4,6,Friuli-Venezia Giulia,Friuli Venezia Giulia,1215220,104945,8.64,0.41
275,2021-01-18,FVG,1964,608,1356,1870,94,0,ITH,ITH4,6,Friuli-Venezia Giulia,Friuli Venezia Giulia,1215220,106909,8.8,0.16
276,2021-01-04,FVG,1509,560,949,1509,0,0,ITH,ITH4,6,Friuli-Venezia Giulia,Friuli Venezia Giulia,1215220,108418,8.92,0.12
277,2021-01-30,FVG,2285,745,1540,270,2015,0,ITH,ITH4,6,Friuli-Venezia Giulia,Friuli Venezia Giulia,1215220,110703,9.11,0.19
278,2021-07-13,FVG,11088,5715,5373,1172,9765,151,ITH,ITH4,6,Friuli-Venezia Giulia,Friuli Venezia Giulia,1215220,121791,10.02,0.91
279,2021-02-18,FVG,3230,1503,1727,2804,408,18,ITH,ITH4,6,Friuli-Venezia Giulia,Friuli Venezia Giulia,1215220,125021,10.29,0.27
280,2021-04-02,FVG,6610,2938,3672,4640,1841,129,ITH,ITH4,6,Friuli-Venezia Giulia,Friuli Venezia Giulia,1215220,131631,10.83,0.54
281,2021-08-29,FVG,3153,1776,1377,1797,1256,100,ITH,ITH4,6,Friuli-Venezia Giulia,Friuli Venezia Giulia,1215220,134784,11.09,0.26
282,2021-06-24,FVG,11124,5675,5449,1898,9116,110,ITH,ITH4,6,Friuli-Venezia Giulia,Friuli Venezia Giulia,1215220,145908,12.01,0.92
283,2021-03-16,FVG,3193,1302,1891,1023,2085,85,ITH,ITH4,6,Friuli-Venezia Giulia,Friuli Venezia Giulia,1215220,149101,12.27,0.26
284,2021-08-20,FVG,6268,3545,2723,2696,3304,268,ITH,ITH4,6,Friuli-Venezia Giulia,Friuli Venezia Giulia,1215220,155369,12.79,0.52
285,2021-05-12,FVG,11198,5179,6019,9351,1433,414,ITH,ITH4,6,Friuli-Venezia Giulia,Friuli Venezia Giulia,1215220,166567,13.71,0.92
286,2021-03-21,FVG,2676,1003,1673,2214,410,52,ITH,ITH4,6,Friuli-Venezia Giulia,Friuli Venezia Giulia,1215220,169243,13.93,0.22
287,2021-09-08,FVG,3177,1812,1365,1453,1548,176,ITH,ITH4,6,Friuli-Venezia Giulia,Friuli Venezia Giulia,1215220,172420,14.19,0.26
288,2021-05-31,FVG,8960,4449,4511,6475,2230,255,ITH,ITH4,6,Friuli-Venezia Giulia,Friuli Venezia Giulia,1215220,181380,14.93,0.74
289,2021-07-27,FVG,9526,4793,4733,2650,6651,225,ITH,ITH4,6,Friuli-Venezia Giulia,Friuli Venezia Giulia,1215220,190906,15.71,0.78
290,2021-08-27,FVG,6167,3323,2844,1394,4561,212,ITH,ITH4,6,Friuli-Venezia Giulia,Friuli Venezia Giulia,1215220,197073,16.22,0.51
291,2021-06-19,FVG,8572,4468,4104,1353,7154,65,ITH,ITH4,6,Friuli-Venezia Giulia,Friuli Venezia Giulia,1215220,205645,16.92,0.71
292,2021-09-10,FVG,3833,2126,1707,619,3105,109,ITH,ITH4,6,Friuli-Venezia Giulia,Friuli Venezia Giulia,1215220,209478,17.24,0.32
293,2021-05-05,FVG,9805,4279,5526,6082,3479,244,ITH,ITH4,6,Friuli-Venezia Giulia,Friuli Venezia Giulia,1215220,219283,18.04,0.81
294,2021-01-25,FVG,1595,571,1024,200,1395,0,ITH,ITH4,6,Friuli-Venezia Giulia,Friuli Venezia Giulia,1215220,220878,18.18,0.13
295,2021-07-01,FVG,12388,6446,5942,2641,9491,256,ITH,ITH4,6,Friuli-Venezia Giulia,Friuli Venezia Giulia,1215220,233266,19.2,1.02
296,2021-03-23,FVG,3909,1697,2212,1743,2145,21,ITH,ITH4,6,Friuli-Venezia Giulia,Friuli Venezia Giulia,1215220,237175,19.52,0.32
297,2021-01-16,FVG,1232,362,870,1232,0,0,ITH,ITH4,6,Friuli-Venezia Giulia,Friuli Venezia Giulia,1215220,238407,19.62,0.1
298,2021-07-03,FVG,11431,6096,5335,1097,10186,148,ITH,ITH4,6,Friuli-Venezia Giulia,Friuli Venezia Giulia,1215220,249838,20.56,0.94
299,2021-04-04,FVG,4,2,2,2,2,0,ITH,ITH4,6,Friuli-Venezia Giulia,Friuli Venezia Giulia,1215220,249842,20.56,0.0
300,2021-06-26,FVG,10396,5304,5092,4131,6176,89,ITH,ITH4,6,Friuli-Venezia Giulia,Friuli Venezia Giulia,1215220,260238,21.41,0.86
301,2021-04-21,FVG,7785,3471,4314,4020,3684,81,ITH,ITH4,6,Friuli-Venezia Giulia,Friuli Venezia Giulia,1215220,268023,22.06,0.64
302,2021-01-11,FVG,1895,613,1282,1894,0,1,ITH,ITH4,6,Friuli-Venezia Giulia,Friuli Venezia Giulia,1215220,269918,22.21,0.16
303,2021-07-15,FVG,10096,5142,4954,946,8906,244,ITH,ITH4,6,Friuli-Venezia Giulia,Friuli Venezia Giulia,1215220,280014,23.04,0.83
304,2021-04-23,FVG,7563,3428,4135,3521,3902,140,ITH,ITH4,6,Friuli-Venezia Giulia,Friuli Venezia Giulia,1215220,287577,23.66,0.62
305,2021-08-01,FVG,3601,1928,1673,1478,1875,248,ITH,ITH4,6,Friuli-Venezia Giulia,Friuli Venezia Giulia,1215220,291178,23.96,0.3
306,2021-02-06,FVG,1155,339,816,21,1133,1,ITH,ITH4,6,Friuli-Venezia Giulia,Friuli Venezia Giulia,1215220,292333,24.06,0.1
307,2021-02-23,FVG,2651,1281,1370,2463,181,7,ITH,ITH4,6,Friuli-Venezia Giulia,Friuli Venezia Giulia,1215220,294984,24.27,0.22
308,2021-05-17,FVG,8847,4111,4736,6078,2498,271,ITH,ITH4,6,Friuli-Venezia Giulia,Friuli Venezia Giulia,1215220,303831,25.0,0.73
309,2021-03-09,FVG,4023,1729,2294,1243,2756,24,ITH,ITH4,6,Friuli-Venezia Giulia,Friuli Venezia Giulia,1215220,307854,25.33,0.33
310,2021-04-16,FVG,7016,3054,3962,4939,1942,135,ITH,ITH4,6,Friuli-Venezia Giulia,Friuli Venezia Giulia,1215220,314870,25.91,0.58
311,2021-01-06,FVG,716,265,451,716,0,0,ITH,ITH4,6,Friuli-Venezia Giulia,Friuli Venezia Giulia,1215220,315586,25.97,0.06
312,2021-02-11,FVG,1969,679,1290,1740,225,4,ITH,ITH4,6,Friuli-Venezia Giulia,Friuli Venezia Giulia,1215220,317555,26.13,0.16
313,2021-04-09,FVG,8055,3736,4319,6576,1305,174,ITH,ITH4,6,Friuli-Venezia Giulia,Friuli Venezia Giulia,1215220,325610,26.79,0.66
314,2021-08-22,FVG,2058,1179,879,786,1235,37,ITH,ITH4,6,Friuli-Venezia Giulia,Friuli Venezia Giulia,1215220,327668,26.96,0.17
315,2021-05-19,FVG,12137,5993,6144,9326,2375,436,ITH,ITH4,6,Friuli-Venezia Giulia,Friuli Venezia Giulia,1215220,339805,27.96,1.0
316,2021-03-14,FVG,1403,554,849,1124,252,27,ITH,ITH4,6,Friuli-Venezia Giulia,Friuli Venezia Giulia,1215220,341208,28.08,0.12
317,2021-01-27,FVG,1273,427,846,450,821,2,ITH,ITH4,6,Friuli-Venezia Giulia,Friuli Venezia Giulia,1215220,342481,28.18,0.1
318,2021-05-07,FVG,10947,5011,5936,7184,3563,200,ITH,ITH4,6,Friuli-Venezia Giulia,Friuli Venezia Giulia,1215220,353428,29.08,0.9
319,2021-05-09,FVG,7387,3317,4070,3375,3877,135,ITH,ITH4,6,Friuli-Venezia Giulia,Friuli Venezia Giulia,1215220,360815,29.69,0.61
320,2021-07-31,FVG,7367,3786,3581,1270,6007,90,ITH,ITH4,6,Friuli-Venezia Giulia,Friuli Venezia Giulia,1215220,368182,30.3,0.61
321,2021-08-17,FVG,3523,1899,1624,2690,600,233,ITH,ITH4,6,Friuli-Venezia Giulia,Friuli Venezia Giulia,1215220,371705,30.59,0.29
322,2021-05-26,FVG,13472,6728,6744,9648,3467,357,ITH,ITH4,6,Friuli-Venezia Giulia,Friuli Venezia Giulia,1215220,385177,31.7,1.11
323,2021-02-15,FVG,2461,914,1547,2201,254,6,ITH,ITH4,6,Friuli-Venezia Giulia,Friuli Venezia Giulia,1215220,387638,31.9,0.2
324,2021-03-11,FVG,3484,1520,1964,1715,1754,15,ITH,ITH4,6,Friuli-Venezia Giulia,Friuli Venezia Giulia,1215220,391122,32.19,0.29
325,2021-04-13,FVG,7396,3299,4097,5657,1611,128,ITH,ITH4,6,Friuli-Venezia Giulia,Friuli Venezia Giulia,1215220,398518,32.79,0.61
326,2021-01-03,FVG,313,123,190,313,0,0,ITH,ITH4,6,Friuli-Venezia Giulia,Friuli Venezia Giulia,1215220,398831,32.82,0.03
327,2021-07-22,FVG,7721,4106,3615,3271,4147,303,ITH,ITH4,6,Friuli-Venezia Giulia,Friuli Venezia Giulia,1215220,406552,33.46,0.64
328,2021-03-25,FVG,5545,2432,3113,3332,2140,73,ITH,ITH4,6,Friuli-Venezia Giulia,Friuli Venezia Giulia,1215220,412097,33.91,0.46
329,2021-03-30,FVG,7623,3407,4216,6287,1201,135,ITH,ITH4,6,Friuli-Venezia Giulia,Friuli Venezia Giulia,1215220,419720,34.54,0.63
330,2021-06-09,FVG,11368,5984,5384,9490,1400,478,ITH,ITH4,6,Friuli-Venezia Giulia,Friuli Venezia Giulia,1215220,431088,35.47,0.94
331,2021-02-27,FVG,3540,1206,2334,3522,1,17,ITH,ITH4,6,Friuli-Venezia Giulia,Friuli Venezia Giulia,1215220,434628,35.77,0.29
332,2021-04-25,FVG,2382,992,1390,2188,13,181,ITH,ITH4,6,Friuli-Venezia Giulia,Friuli Venezia Giulia,1215220,437010,35.96,0.2
333,2021-01-01,FVG,2,2,0,2,0,0,ITH,ITH4,6,Friuli-Venezia Giulia,Friuli Venezia Giulia,1215220,437012,35.96,0.0
334,2021-01-15,FVG,2021,605,1416,2020,0,1,ITH,ITH4,6,Friuli-Venezia Giulia,Friuli Venezia Giulia,1215220,439033,36.13,0.17
335,2020-12-30,FVG,626,244,382,626,0,0,ITH,ITH4,6,Friuli-Venezia Giulia,Friuli Venezia Giulia,1215220,439659,36.18,0.05
336,2021-06-05,FVG,10346,5348,4998,8399,1555,392,ITH,ITH4,6,Friuli-Venezia Giulia,Friuli Venezia Giulia,1215220,450005,37.03,0.85
337,2021-02-25,FVG,3178,1660,1518,3115,30,33,ITH,ITH4,6,Friuli-Venezia Giulia,Friuli Venezia Giulia,1215220,453183,37.29,0.26
338,2021-06-16,FVG,12205,5923,6282,3900,8040,265,ITH,ITH4,6,Friuli-Venezia Giulia,Friuli Venezia Giulia,1215220,465388,38.3,1.0
339,2021-08-12,FVG,7981,4279,3702,5188,2499,294,ITH,ITH4,6,Friuli-Venezia Giulia,Friuli Venezia Giulia,1215220,473369,38.95,0.66
340,2021-06-23,FVG,12105,5859,6246,1998,9961,146,ITH,ITH4,6,Friuli-Venezia Giulia,Friuli Venezia Giulia,1215220,485474,39.95,1.0
341,2021-08-19,FVG,4805,2570,2235,1648,3002,155,ITH,ITH4,6,Friuli-Venezia Giulia,Friuli Venezia Giulia,1215220,490279,40.34,0.4
342,2021-08-05,FVG,7142,3674,3468,3246,3694,202,ITH,ITH4,6,Friuli-Venezia Giulia,Friuli Venezia Giulia,1215220,497421,40.93,0.59
343,2021-04-27,FVG,8151,3742,4409,3552,4498,101,ITH,ITH4,6,Friuli-Venezia Giulia,Friuli Venezia Giulia,1215220,505572,41.6,0.67
344,2021-07-29,FVG,9613,4903,4710,3229,6088,296,ITH,ITH4,6,Friuli-Venezia Giulia,Friuli Venezia Giulia,1215220,515185,42.39,0.79
345,2021-04-20,FVG,7147,3079,4068,3098,3920,129,ITH,ITH4,6,Friuli-Venezia Giulia,Friuli Venezia Giulia,1215220,522332,42.98,0.59
346,2021-01-10,FVG,2942,919,2023,2942,0,0,ITH,ITH4,6,Friuli-Venezia Giulia,Friuli Venezia Giulia,1215220,525274,43.22,0.24
347,2021-07-14,FVG,10911,5582,5329,1257,9462,192,ITH,ITH4,6,Friuli-Venezia Giulia,Friuli Venezia Giulia,1215220,536185,44.12,0.9
348,2021-04-05,FVG,2912,1449,1463,2834,16,62,ITH,ITH4,6,Friuli-Venezia Giulia,Friuli Venezia Giulia,1215220,539097,44.36,0.24
349,2021-01-12,FVG,2273,719,1554,2273,0,0,ITH,ITH4,6,Friuli-Venezia Giulia,Friuli Venezia Giulia,1215220,541370,44.55,0.19
350,2021-01-29,FVG,2419,815,1604,266,2153,0,ITH,ITH4,6,Friuli-Venezia Giulia,Friuli Venezia Giulia,1215220,543789,44.75,0.2
351,2021-04-22,FVG,6802,3093,3709,3034,3696,72,ITH,ITH4,6,Friuli-Venezia Giulia,Friuli Venezia Giulia,1215220,550591,45.31,0.56
352,2021-01-20,FVG,754,322,432,18,736,0,ITH,ITH4,6,Friuli-Venezia Giulia,Friuli Venezia Giulia,1215220,551345,45.37,0.06
353,2021-02-22,FVG,2494,1199,1295,2070,419,5,ITH,ITH4,6,Friuli-Venezia Giulia,Friuli Venezia Giulia,1215220,553839,45.58,0.21
354,2021-06-02,FVG,9429,4963,4466,8814,282,333,ITH,ITH4,6,Friuli-Venezia Giulia,Friuli Venezia Giulia,1215220,563268,46.35,0.78
355,2021-09-12,FVG,1009,545,464,499,473,37,ITH,ITH4,6,Friuli-Venezia Giulia,Friuli Venezia Giulia,1215220,564277,46.43,0.08
356,2021-06-04,FVG,12172,6238,5934,10274,1454,444,ITH,ITH4,6,Friuli-Venezia Giulia,Friuli Venezia Giulia,1215220,576449,47.44,1.0
357,2021-07-05,FVG,9598,4882,4716,1320,8135,143,ITH,ITH4,6,Friuli-Venezia Giulia,Friuli Venezia Giulia,1215220,586047,48.23,0.79
358,2021-06-21,FVG,9219,4509,4710,1828,7253,138,ITH,ITH4,6,Friuli-Venezia Giulia,Friuli Venezia Giulia,1215220,595266,48.98,0.76
359,2021-03-13,FVG,2947,1124,1823,1660,1274,13,ITH,ITH4,6,Friuli-Venezia Giulia,Friuli Venezia Giulia,1215220,598213,49.23,0.24
360,2021-07-24,FVG,6171,3336,2835,2918,3080,173,ITH,ITH4,6,Friuli-Venezia Giulia,Friuli Venezia Giulia,1215220,604384,49.73,0.51
361,2021-08-24,FVG,6616,3575,3041,728,5753,135,ITH,ITH4,6,Friuli-Venezia Giulia,Friuli Venezia Giulia,1215220,611000,50.28,0.54
362,2021-08-10,FVG,7304,4076,3228,5287,1657,360,ITH,ITH4,6,Friuli-Venezia Giulia,Friuli Venezia Giulia,1215220,618304,50.88,0.6
363,2021-05-02,FVG,6916,3256,3660,3809,2964,143,ITH,ITH4,6,Friuli-Venezia Giulia,Friuli Venezia Giulia,1215220,625220,51.45,0.57
364,2021-05-16,FVG,10027,4802,5225,8376,1407,244,ITH,ITH4,6,Friuli-Venezia Giulia,Friuli Venezia Giulia,1215220,635247,52.27,0.83
365,2021-08-02,FVG,9033,4641,4392,2861,5915,257,ITH,ITH4,6,Friuli-Venezia Giulia,Friuli Venezia Giulia,1215220,644280,53.02,0.74
366,2021-04-03,FVG,4022,1994,2028,2622,1339,61,ITH,ITH4,6,Friuli-Venezia Giulia,Friuli Venezia Giulia,1215220,648302,53.35,0.33
367,2021-03-01,FVG,2969,1044,1925,2891,53,25,ITH,ITH4,6,Friuli-Venezia Giulia,Friuli Venezia Giulia,1215220,651271,53.59,0.24
368,2021-03-18,FVG,3378,1424,1954,1684,1686,8,ITH,ITH4,6,Friuli-Venezia Giulia,Friuli Venezia Giulia,1215220,654649,53.87,0.28
369,2021-06-28,FVG,9926,5002,4924,2133,7713,80,ITH,ITH4,6,Friuli-Venezia Giulia,Friuli Venezia Giulia,1215220,664575,54.69,0.82
370,2021-03-20,FVG,3410,1414,1996,1300,2096,14,ITH,ITH4,6,Friuli-Venezia Giulia,Friuli Venezia Giulia,1215220,667985,54.97,0.28
371,2021-01-13,FVG,2657,837,1820,2656,0,1,ITH,ITH4,6,Friuli-Venezia Giulia,Friuli Venezia Giulia,1215220,670642,55.19,0.22
372,2021-04-06,FVG,6691,3142,3549,5427,1157,107,ITH,ITH4,6,Friuli-Venezia Giulia,Friuli Venezia Giulia,1215220,677333,55.74,0.55
373,2020-12-27,FVG,262,149,113,261,0,1,ITH,ITH4,6,Friuli-Venezia Giulia,Friuli Venezia Giulia,1215220,677595,55.76,0.02
374,2021-05-04,FVG,9617,4342,5275,6004,3387,226,ITH,ITH4,6,Friuli-Venezia Giulia,Friuli Venezia Giulia,1215220,687212,56.55,0.79
375,2021-01-24,FVG,307,121,186,2,305,0,ITH,ITH4,6,Friuli-Venezia Giulia,Friuli Venezia Giulia,1215220,687519,56.58,0.03
376,2021-06-30,FVG,13205,6722,6483,1386,11645,174,ITH,ITH4,6,Friuli-Venezia Giulia,Friuli Venezia Giulia,1215220,700724,57.66,1.09
377,2021-03-08,FVG,4135,1648,2487,2028,2092,15,ITH,ITH4,6,Friuli-Venezia Giulia,Friuli Venezia Giulia,1215220,704859,58.0,0.34
378,2021-03-22,FVG,3670,1455,2215,1671,1959,40,ITH,ITH4,6,Friuli-Venezia Giulia,Friuli Venezia Giulia,1215220,708529,58.3,0.3
379,2021-06-18,FVG,10980,5421,5559,3402,7312,266,ITH,ITH4,6,Friuli-Venezia Giulia,Friuli Venezia Giulia,1215220,719509,59.21,0.9
380,2021-03-10,FVG,3602,1711,1891,1745,1796,61,ITH,ITH4,6,Friuli-Venezia Giulia,Friuli Venezia Giulia,1215220,723111,59.5,0.3
381,2021-02-24,FVG,2532,1093,1439,2503,18,11,ITH,ITH4,6,Friuli-Venezia Giulia,Friuli Venezia Giulia,1215220,725643,59.71,0.21
382,2021-08-09,FVG,7838,4194,3644,2371,5283,184,ITH,ITH4,6,Friuli-Venezia Giulia,Friuli Venezia Giulia,1215220,733481,60.36,0.64
383,2021-02-07,FVG,1568,482,1086,384,1183,1,ITH,ITH4,6,Friuli-Venezia Giulia,Friuli Venezia Giulia,1215220,735049,60.49,0.13
384,2021-09-09,FVG,3709,1953,1756,1821,1666,222,ITH,ITH4,6,Friuli-Venezia Giulia,Friuli Venezia Giulia,1215220,738758,60.79,0.31
385,2021-08-26,FVG,7468,4042,3426,1405,5828,235,ITH,ITH4,6,Friuli-Venezia Giulia,Friuli Venezia Giulia,1215220,746226,61.41,0.61
386,2021-05-18,FVG,10866,5434,5432,8402,2101,363,ITH,ITH4,6,Friuli-Venezia Giulia,Friuli Venezia Giulia,1215220,757092,62.3,0.89
387,2021-06-01,FVG,10146,5132,5014,7695,2129,322,ITH,ITH4,6,Friuli-Venezia Giulia,Friuli Venezia Giulia,1215220,767238,63.14,0.83
388,2021-06-20,FVG,6527,3240,3287,1491,4940,96,ITH,ITH4,6,Friuli-Venezia Giulia,Friuli Venezia Giulia,1215220,773765,63.67,0.54
389,2021-06-10,FVG,11593,6035,5558,9696,1485,412,ITH,ITH4,6,Friuli-Venezia Giulia,Friuli Venezia Giulia,1215220,785358,64.63,0.95
390,2021-09-01,FVG,8488,4615,3873,2067,6213,208,ITH,ITH4,6,Friuli-Venezia Giulia,Friuli Venezia Giulia,1215220,793846,65.33,0.7
391,2021-03-19,FVG,3279,1370,1909,1317,1947,15,ITH,ITH4,6,Friuli-Venezia Giulia,Friuli Venezia Giulia,1215220,797125,65.6,0.27
392,2021-06-27,FVG,7670,3831,3839,3727,3857,86,ITH,ITH4,6,Friuli-Venezia Giulia,Friuli Venezia Giulia,1215220,804795,66.23,0.63
393,2021-06-29,FVG,11386,5807,5579,1229,10050,107,ITH,ITH4,6,Friuli-Venezia Giulia,Friuli Venezia Giulia,1215220,816181,67.16,0.94
394,2021-07-16,FVG,9809,5239,4570,1702,7958,149,ITH,ITH4,6,Friuli-Venezia Giulia,Friuli Venezia Giulia,1215220,825990,67.97,0.81
395,2021-04-07,FVG,7860,3644,4216,6952,789,119,ITH,ITH4,6,Friuli-Venezia Giulia,Friuli Venezia Giulia,1215220,833850,68.62,0.65
396,2021-07-10,FVG,8807,4546,4261,143,8638,26,ITH,ITH4,6,Friuli-Venezia Giulia,Friuli Venezia Giulia,1215220,842657,69.34,0.72
397,2021-04-01,FVG,6435,3074,3361,5327,1018,90,ITH,ITH4,6,Friuli-Venezia Giulia,Friuli Venezia Giulia,1215220,849092,69.87,0.53
398,2021-09-05,FVG,2718,1475,1243,1311,1313,94,ITH,ITH4,6,Friuli-Venezia Giulia,Friuli Venezia Giulia,1215220,851810,70.1,0.22
399,2021-05-28,FVG,10661,5109,5552,6234,4145,282,ITH,ITH4,6,Friuli-Venezia Giulia,Friuli Venezia Giulia,1215220,862471,70.97,0.88
400,2021-09-07,FVG,3109,1673,1436,1217,1700,192,ITH,ITH4,6,Friuli-Venezia Giulia,Friuli Venezia Giulia,1215220,865580,71.23,0.26
401,2021-07-12,FVG,10041,5157,4884,1111,8775,155,ITH,ITH4,6,Friuli-Venezia Giulia,Friuli Venezia Giulia,1215220,875621,72.05,0.83
402,2021-02-12,FVG,1195,428,767,1142,49,4,ITH,ITH4,6,Friuli-Venezia Giulia,Friuli Venezia Giulia,1215220,876816,72.15,0.1
403,2021-01-17,FVG,1715,522,1193,1713,0,2,ITH,ITH4,6,Friuli-Venezia Giulia,Friuli Venezia Giulia,1215220,878531,72.29,0.14
404,2021-03-15,FVG,3963,1813,2150,1614,2326,23,ITH,ITH4,6,Friuli-Venezia Giulia,Friuli Venezia Giulia,1215220,882494,72.62,0.33
405,2021-05-11,FVG,9188,4432,4756,7157,1812,219,ITH,ITH4,6,Friuli-Venezia Giulia,Friuli Venezia Giulia,1215220,891682,73.38,0.76
406,2021-01-31,FVG,2727,842,1885,385,2342,0,ITH,ITH4,6,Friuli-Venezia Giulia,Friuli Venezia Giulia,1215220,894409,73.6,0.22
407,2021-03-27,FVG,5383,2922,2461,3923,1412,48,ITH,ITH4,6,Friuli-Venezia Giulia,Friuli Venezia Giulia,1215220,899792,74.04,0.44
408,2021-04-15,FVG,6527,2886,3641,5092,1275,160,ITH,ITH4,6,Friuli-Venezia Giulia,Friuli Venezia Giulia,1215220,906319,74.58,0.54
409,2021-04-29,FVG,6809,2998,3811,4014,2607,188,ITH,ITH4,6,Friuli-Venezia Giulia,Friuli Venezia Giulia,1215220,913128,75.14,0.56
410,2021-01-05,FVG,1679,552,1127,1677,0,2,ITH,ITH4,6,Friuli-Venezia Giulia,Friuli Venezia Giulia,1215220,914807,75.28,0.14
411,2021-08-07,FVG,4839,2613,2226,2777,1932,130,ITH,ITH4,6,Friuli-Venezia Giulia,Friuli Venezia Giulia,1215220,919646,75.68,0.4
412,2021-03-29,FVG,7040,3134,3906,5374,1590,76,ITH,ITH4,6,Friuli-Venezia Giulia,Friuli Venezia Giulia,1215220,926686,76.26,0.58
413,2021-07-07,FVG,11328,5800,5528,1450,9751,127,ITH,ITH4,6,Friuli-Venezia Giulia,Friuli Venezia Giulia,1215220,938014,77.19,0.93
414,2021-07-21,FVG,8654,4384,4270,2044,6348,262,ITH,ITH4,6,Friuli-Venezia Giulia,Friuli Venezia Giulia,1215220,946668,77.9,0.71
415,2021-04-18,FVG,6063,2814,3249,5420,410,233,ITH,ITH4,6,Friuli-Venezia Giulia,Friuli Venezia Giulia,1215220,952731,78.4,0.5
416,2021-01-08,FVG,2344,751,1593,2344,0,0,ITH,ITH4,6,Friuli-Venezia Giulia,Friuli Venezia Giulia,1215220,955075,78.59,0.19
417,2021-06-14,FVG,10322,5011,5311,5189,4838,295,ITH,ITH4,6,Friuli-Venezia Giulia,Friuli Venezia Giulia,1215220,965397,79.44,0.85
418,2021-02-20,FVG,2079,941,1138,1932,144,3,ITH,ITH4,6,Friuli-Venezia Giulia,Friuli Venezia Giulia,1215220,967476,79.61,0.17
419,2021-01-22,FVG,117,56,61,28,89,0,ITH,ITH4,6,Friuli-Venezia Giulia,Friuli Venezia Giulia,1215220,967593,79.62,0.01
420,2021-03-06,FVG,3513,1201,2312,3154,327,32,ITH,ITH4,6,Friuli-Venezia Giulia,Friuli Venezia Giulia,1215220,971106,79.91,0.29
421,2021-08-23,FVG,4709,2430,2279,2567,1783,359,ITH,ITH4,6,Friuli-Venezia Giulia,Friuli Venezia Giulia,1215220,975815,80.3,0.39
422,2021-05-29,FVG,12044,5857,6187,6782,4997,265,ITH,ITH4,6,Friuli-Venezia Giulia,Friuli Venezia Giulia,1215220,987859,81.29,0.99
423,2021-07-25,FVG,3899,2027,1872,1918,1875,106,ITH,ITH4,6,Friuli-Venezia Giulia,Friuli Venezia Giulia,1215220,991758,81.61,0.32
424,2021-07-11,FVG,6871,3589,3282,2387,4184,300,ITH,ITH4,6,Friuli-Venezia Giulia,Friuli Venezia Giulia,1215220,998629,82.18,0.57
425,2021-09-06,FVG,3933,2232,1701,728,3082,123,ITH,ITH4,6,Friuli-Venezia Giulia,Friuli Venezia Giulia,1215220,1002562,82.5,0.32
426,2021-05-15,FVG,12694,6120,6574,7687,4705,302,ITH,ITH4,6,Friuli-Venezia Giulia,Friuli Venezia Giulia,1215220,1015256,83.55,1.04
427,2021-05-01,FVG,7215,3252,3963,5909,1046,260,ITH,ITH4,6,Friuli-Venezia Giulia,Friuli Venezia Giulia,1215220,1022471,84.14,0.59
428,2021-01-21,FVG,899,347,552,3,896,0,ITH,ITH4,6,Friuli-Venezia Giulia,Friuli Venezia Giulia,1215220,1023370,84.21,0.07
429,2021-02-21,FVG,802,281,521,421,379,2,ITH,ITH4,6,Friuli-Venezia Giulia,Friuli Venezia Giulia,1215220,1024172,84.28,0.07
430,2021-07-04,FVG,9358,4797,4561,2892,6211,255,ITH,ITH4,6,Friuli-Venezia Giulia,Friuli Venezia Giulia,1215220,1033530,85.05,0.77
431,2021-03-26,FVG,6060,2633,3427,3854,2029,177,ITH,ITH4,6,Friuli-Venezia Giulia,Friuli Venezia Giulia,1215220,1039590,85.55,0.5
432,2021-03-12,FVG,4164,1736,2428,2753,1385,26,ITH,ITH4,6,Friuli-Venezia Giulia,Friuli Venezia Giulia,1215220,1043754,85.89,0.34
433,2021-01-02,FVG,1217,470,747,1217,0,0,ITH,ITH4,6,Friuli-Venezia Giulia,Friuli Venezia Giulia,1215220,1044971,85.99,0.1
434,2021-04-12,FVG,7288,3196,4092,5997,1136,155,ITH,ITH4,6,Friuli-Venezia Giulia,Friuli Venezia Giulia,1215220,1052259,86.59,0.6
435,2021-08-30,FVG,7338,3906,3432,2480,4623,235,ITH,ITH4,6,Friuli-Venezia Giulia,Friuli Venezia Giulia,1215220,1059597,87.19,0.6
436,2021-05-22,FVG,11604,5209,6395,7087,4242,275,ITH,ITH4,6,Friuli-Venezia Giulia,Friuli Venezia Giulia,1215220,1071201,88.15,0.95
437,2021-07-18,FVG,5470,2960,2510,439,5007,24,ITH,ITH4,6,Friuli-Venezia Giulia,Friuli Venezia Giulia,1215220,1076671,88.6,0.45
438,2021-09-02,FVG,6952,3769,3183,1920,4792,240,ITH,ITH4,6,Friuli-Venezia Giulia,Friuli Venezia Giulia,1215220,1083623,89.17,0.57
439,2021-05-25,FVG,12962,6407,6555,9288,3328,346,ITH,ITH4,6,Friuli-Venezia Giulia,Friuli Venezia Giulia,1215220,1096585,90.24,1.07
440,2021-08-16,FVG,4807,2587,2220,2683,1876,248,ITH,ITH4,6,Friuli-Venezia Giulia,Friuli Venezia Giulia,1215220,1101392,90.63,0.4
441,2021-06-11,FVG,10944,5968,4976,9635,839,470,ITH,ITH4,6,Friuli-Venezia Giulia,Friuli Venezia Giulia,1215220,1112336,91.53,0.9
442,2021-03-03,FVG,3657,1642,2015,2350,1277,30,ITH,ITH4,6,Friuli-Venezia Giulia,Friuli Venezia Giulia,1215220,1115993,91.83,0.3
443,2021-09-04,FVG,2791,1511,1280,1601,992,198,ITH,ITH4,6,Friuli-Venezia Giulia,Friuli Venezia Giulia,1215220,1118784,92.06,0.23
444,2021-02-19,FVG,3301,1320,1981,2842,442,17,ITH,ITH4,6,Friuli-Venezia Giulia,Friuli Venezia Giulia,1215220,1122085,92.34,0.27
445,2021-04-24,FVG,6693,2952,3741,5207,1245,241,ITH,ITH4,6,Friuli-Venezia Giulia,Friuli Venezia Giulia,1215220,1128778,92.89,0.55
446,2021-02-05,FVG,2632,792,1840,89,2543,0,ITH,ITH4,6,Friuli-Venezia Giulia,Friuli Venezia Giulia,1215220,1131410,93.1,0.22
447,2021-04-14,FVG,7256,3135,4121,5412,1719,125,ITH,ITH4,6,Friuli-Venezia Giulia,Friuli Venezia Giulia,1215220,1138666,93.7,0.6
448,2021-07-06,FVG,11222,5858,5364,1352,9757,113,ITH,ITH4,6,Friuli-Venezia Giulia,Friuli Venezia Giulia,1215220,1149888,94.62,0.92
449,2021-07-23,FVG,9060,4644,4416,3042,5593,425,ITH,ITH4,6,Friuli-Venezia Giulia,Friuli Venezia Giulia,1215220,1158948,95.37,0.75
450,2021-08-25,FVG,7849,4202,3647,3022,4463,364,ITH,ITH4,6,Friuli-Venezia Giulia,Friuli Venezia Giulia,1215220,1166797,96.02,0.65
451,2021-06-03,FVG,12477,6766,5711,9912,2131,434,ITH,ITH4,6,Friuli-Venezia Giulia,Friuli Venezia Giulia,1215220,1179274,97.04,1.03
452,2021-09-11,FVG,1064,600,464,500,521,43,ITH,ITH4,6,Friuli-Venezia Giulia,Friuli Venezia Giulia,1215220,1180338,97.13,0.09
453,2021-01-19,FVG,6,2,4,6,0,0,ITH,ITH4,6,Friuli-Venezia Giulia,Friuli Venezia Giulia,1215220,1180344,97.13,0.0
454,2021-08-14,FVG,205,151,54,187,4,14,ITH,ITH4,6,Friuli-Venezia Giulia,Friuli Venezia Giulia,1215220,1180549,97.15,0.02
455,2021-08-28,FVG,2895,1574,1321,1776,961,158,ITH,ITH4,6,Friuli-Venezia Giulia,Friuli Venezia Giulia,1215220,1183444,97.39,0.24
456,2021-05-06,FVG,11981,5570,6411,7714,3987,280,ITH,ITH4,6,Friuli-Venezia Giulia,Friuli Venezia Giulia,1215220,1195425,98.37,0.99
457,2021-07-02,FVG,11115,5747,5368,2115,8808,192,ITH,ITH4,6,Friuli-Venezia Giulia,Friuli Venezia Giulia,1215220,1206540,99.29,0.91
458,2021-06-06,FVG,9505,4637,4868,7642,1568,295,ITH,ITH4,6,Friuli-Venezia Giulia,Friuli Venezia Giulia,1215220,1216045,100.07,0.78
459,2021-02-26,FVG,3785,2131,1654,3582,171,32,ITH,ITH4,6,Friuli-Venezia Giulia,Friuli Venezia Giulia,1215220,1219830,100.38,0.31
460,2021-02-17,FVG,2365,1006,1359,1873,489,3,ITH,ITH4,6,Friuli-Venezia Giulia,Friuli Venezia Giulia,1215220,1222195,100.57,0.19
461,2021-05-30,FVG,11079,4997,6082,7237,3594,248,ITH,ITH4,6,Friuli-Venezia Giulia,Friuli Venezia Giulia,1215220,1233274,101.49,0.91
462,2021-08-06,FVG,6461,3397,3064,2362,3932,167,ITH,ITH4,6,Friuli-Venezia Giulia,Friuli Venezia Giulia,1215220,1239735,102.02,0.53
463,2021-08-11,FVG,7937,4192,3745,5228,2375,334,ITH,ITH4,6,Friuli-Venezia Giulia,Friuli Venezia Giulia,1215220,1247672,102.67,0.65
464,2021-05-03,FVG,7255,3303,3952,3345,3793,117,ITH,ITH4,6,Friuli-Venezia Giulia,Friuli Venezia Giulia,1215220,1254927,103.27,0.6
465,2021-01-14,FVG,2593,794,1799,2590,0,3,ITH,ITH4,6,Friuli-Venezia Giulia,Friuli Venezia Giulia,1215220,1257520,103.48,0.21
466,2021-05-27,FVG,12866,6159,6707,7393,5248,225,ITH,ITH4,6,Friuli-Venezia Giulia,Friuli Venezia Giulia,1215220,1270386,104.54,1.06
467,2021-07-30,FVG,9079,4730,4349,2772,6044,263,ITH,ITH4,6,Friuli-Venezia Giulia,Friuli Venezia Giulia,1215220,1279465,105.29,0.75
468,2021-01-28,FVG,2250,798,1452,355,1895,0,ITH,ITH4,6,Friuli-Venezia Giulia,Friuli Venezia Giulia,1215220,1281715,105.47,0.19
469,2021-05-08,FVG,10344,4674,5670,5360,4793,191,ITH,ITH4,6,Friuli-Venezia Giulia,Friuli Venezia Giulia,1215220,1292059,106.32,0.85
470,2021-02-14,FVG,1,0,1,0,1,0,ITH,ITH4,6,Friuli-Venezia Giulia,Friuli Venezia Giulia,1215220,1292060,106.32,0.0
471,2021-08-18,FVG,4717,2512,2205,3011,1473,233,ITH,ITH4,6,Friuli-Venezia Giulia,Friuli Venezia Giulia,1215220,1296777,106.71,0.39
472,2021-05-10,FVG,8010,3558,4452,6223,1545,242,ITH,ITH4,6,Friuli-Venezia Giulia,Friuli Venezia Giulia,1215220,1304787,107.37,0.66
473,2021-08-13,FVG,3882,2179,1703,2714,968,200,ITH,ITH4,6,Friuli-Venezia Giulia,Friuli Venezia Giulia,1215220,1308669,107.69,0.32
474,2021-06-08,FVG,10560,5537,5023,9635,501,424,ITH,ITH4,6,Friuli-Venezia Giulia,Friuli Venezia Giulia,1215220,1319229,108.56,0.87
475,2021-02-28,FVG,2692,1005,1687,2269,394,29,ITH,ITH4,6,Friuli-Venezia Giulia,Friuli Venezia Giulia,1215220,1321921,108.78,0.22
476,2021-08-04,FVG,9354,4837,4517,4671,4381,302,ITH,ITH4,6,Friuli-Venezia Giulia,Friuli Venezia Giulia,1215220,1331275,109.55,0.77
477,2021-04-26,FVG,5494,2467,3027,3718,1656,120,ITH,ITH4,6,Friuli-Venezia Giulia,Friuli Venezia Giulia,1215220,1336769,110.0,0.45
478,2021-06-25,FVG,11008,5533,5475,2380,8563,65,ITH,ITH4,6,Friuli-Venezia Giulia,Friuli Venezia Giulia,1215220,1347777,110.91,0.91
479,2021-07-09,FVG,11960,6355,5605,2125,9545,290,ITH,ITH4,6,Friuli-Venezia Giulia,Friuli Venezia Giulia,1215220,1359737,111.89,0.98
480,2021-03-17,FVG,3242,1270,1972,736,2496,10,ITH,ITH4,6,Friuli-Venezia Giulia,Friuli Venezia Giulia,1215220,1362979,112.16,0.27
481,2021-08-21,FVG,2896,1558,1338,280,2574,42,ITH,ITH4,6,Friuli-Venezia Giulia,Friuli Venezia Giulia,1215220,1365875,112.4,0.24
482,2021-05-13,FVG,11226,5428,5798,8745,2081,400,ITH,ITH4,6,Friuli-Venezia Giulia,Friuli Venezia Giulia,1215220,1377101,113.32,0.92
483,2021-02-16,FVG,2518,1136,1382,2398,116,4,ITH,ITH4,6,Friuli-Venezia Giulia,Friuli Venezia Giulia,1215220,1379619,113.53,0.21
484,2021-03-24,FVG,3988,1727,2261,2465,1485,38,ITH,ITH4,6,Friuli-Venezia Giulia,Friuli Venezia Giulia,1215220,1383607,113.86,0.33
485,2021-05-20,FVG,12736,6336,6400,9796,2532,408,ITH,ITH4,6,Friuli-Venezia Giulia,Friuli Venezia Giulia,1215220,1396343,114.9,1.05
486,2021-01-26,FVG,1979,649,1330,217,1761,1,ITH,ITH4,6,Friuli-Venezia Giulia,Friuli Venezia Giulia,1215220,1398322,115.07,0.16
487,2021-02-09,FVG,1845,555,1290,1556,288,1,ITH,ITH4,6,Friuli-Venezia Giulia,Friuli Venezia Giulia,1215220,1400167,115.22,0.15
488,2021-02-02,FVG,2489,816,1673,218,2271,0,ITH,ITH4,6,Friuli-Venezia Giulia,Friuli Venezia Giulia,1215220,1402656,115.42,0.2
489,2021-03-31,FVG,8149,3574,4575,7173,850,126,ITH,ITH4,6,Friuli-Venezia Giulia,Friuli Venezia Giulia,1215220,1410805,116.09,0.67
490,2021-04-08,FVG,7471,3235,4236,5407,1930,134,ITH,ITH4,6,Friuli-Venezia Giulia,Friuli Venezia Giulia,1215220,1418276,116.71,0.61
491,2021-05-21,FVG,11294,5045,6249,7914,3034,346,ITH,ITH4,6,Friuli-Venezia Giulia,Friuli Venezia Giulia,1215220,1429570,117.64,0.93
492,2021-02-10,FVG,1353,499,854,1265,88,0,ITH,ITH4,6,Friuli-Venezia Giulia,Friuli Venezia Giulia,1215220,1430923,117.75,0.11
493,2021-07-17,FVG,7392,3967,3425,620,6688,84,ITH,ITH4,6,Friuli-Venezia Giulia,Friuli Venezia Giulia,1215220,1438315,118.36,0.61
494,2021-02-01,FVG,2106,690,1416,17,2089,0,ITH,ITH4,6,Friuli-Venezia Giulia,Friuli Venezia Giulia,1215220,1440421,118.53,0.17
495,2021-08-31,FVG,7550,4041,3509,1349,6008,193,ITH,ITH4,6,Friuli-Venezia Giulia,Friuli Venezia Giulia,1215220,1447971,119.15,0.62
496,2021-05-14,FVG,10865,5400,5465,7929,2638,298,ITH,ITH4,6,Friuli-Venezia Giulia,Friuli Venezia Giulia,1215220,1458836,120.05,0.89
497,2021-02-03,FVG,2650,792,1858,22,2627,1,ITH,ITH4,6,Friuli-Venezia Giulia,Friuli Venezia Giulia,1215220,1461486,120.27,0.22
498,2021-02-08,FVG,2361,697,1664,90,2270,1,ITH,ITH4,6,Friuli-Venezia Giulia,Friuli Venezia Giulia,1215220,1463847,120.46,0.19
499,2021-06-13,FVG,8715,4538,4177,5171,3329,215,ITH,ITH4,6,Friuli-Venezia Giulia,Friuli Venezia Giulia,1215220,1472562,121.18,0.72
500,2021-07-26,FVG,8560,4268,4292,1776,6572,212,ITH,ITH4,6,Friuli-Venezia Giulia,Friuli Venezia Giulia,1215220,1481122,121.88,0.7
501,2021-04-17,FVG,7469,3240,4229,5819,1484,166,ITH,ITH4,6,Friuli-Venezia Giulia,Friuli Venezia Giulia,1215220,1488591,122.5,0.61
502,2021-07-28,FVG,10503,5357,5146,4011,6042,450,ITH,ITH4,6,Friuli-Venezia Giulia,Friuli Venezia Giulia,1215220,1499094,123.36,0.86
503,2021-07-19,FVG,9445,4938,4507,851,8440,154,ITH,ITH4,6,Friuli-Venezia Giulia,Friuli Venezia Giulia,1215220,1508539,124.14,0.78
504,2021-04-10,FVG,5060,2217,2843,3753,1230,77,ITH,ITH4,6,Friuli-Venezia Giulia,Friuli Venezia Giulia,1215220,1513599,124.55,0.42
505,2021-05-23,FVG,10297,4869,5428,5922,4158,217,ITH,ITH4,6,Friuli-Venezia Giulia,Friuli Venezia Giulia,1215220,1523896,125.4,0.85
506,2021-01-07,FVG,2108,726,1382,2108,0,0,ITH,ITH4,6,Friuli-Venezia Giulia,Friuli Venezia Giulia,1215220,1526004,125.57,0.17
507,2021-03-05,FVG,3833,1543,2290,2731,1079,23,ITH,ITH4,6,Friuli-Venezia Giulia,Friuli Venezia Giulia,1215220,1529837,125.89,0.32
508,2021-04-19,FVG,6733,3142,3591,3213,3426,94,ITH,ITH4,6,Friuli-Venezia Giulia,Friuli Venezia Giulia,1215220,1536570,126.44,0.55
509,2021-01-09,FVG,2534,846,1688,2533,0,1,ITH,ITH4,6,Friuli-Venezia Giulia,Friuli Venezia Giulia,1215220,1539104,126.65,0.21
510,2021-06-15,FVG,12176,6196,5980,5351,6542,283,ITH,ITH4,6,Friuli-Venezia Giulia,Friuli Venezia Giulia,1215220,1551280,127.65,1.0
511,2021-03-07,FVG,2557,939,1618,2496,1,60,ITH,ITH4,6,Friuli-Venezia Giulia,Friuli Venezia Giulia,1215220,1553837,127.86,0.21
512,2020-12-31,FVG,1048,381,667,1047,0,1,ITH,ITH4,6,Friuli-Venezia Giulia,Friuli Venezia Giulia,1215220,1554885,127.95,0.09
513,2021-06-17,FVG,11441,5788,5653,2280,9047,114,ITH,ITH4,6,Friuli-Venezia Giulia,Friuli Venezia Giulia,1215220,1566326,128.89,0.94
514,2021-06-22,FVG,11610,5979,5631,2364,9111,135,ITH,ITH4,6,Friuli-Venezia Giulia,Friuli Venezia Giulia,1215220,1577936,129.85,0.96
515,2021-06-04,BAS,4832,2289,2543,3749,1046,37,ITF,ITF5,17,Basilicata,Basilicata,559084,4832,0.86,0.86
516,2021-09-12,BAS,1505,796,709,256,1228,21,ITF,ITF5,17,Basilicata,Basilicata,559084,6337,1.13,0.27
517,2021-02-24,BAS,1815,744,1071,1729,75,11,ITF,ITF5,17,Basilicata,Basilicata,559084,8152,1.46,0.32
518,2021-08-26,BAS,2523,1278,1245,1120,1339,64,ITF,ITF5,17,Basilicata,Basilicata,559084,10675,1.91,0.45
519,2021-02-22,BAS,1797,777,1020,1735,53,9,ITF,ITF5,17,Basilicata,Basilicata,559084,12472,2.23,0.32
520,2021-03-25,BAS,1884,605,1279,1513,347,24,ITF,ITF5,17,Basilicata,Basilicata,559084,14356,2.57,0.34
521,2021-01-27,BAS,421,179,242,113,308,0,ITF,ITF5,17,Basilicata,Basilicata,559084,14777,2.64,0.08
522,2021-02-10,BAS,552,241,311,497,53,2,ITF,ITF5,17,Basilicata,Basilicata,559084,15329,2.74,0.1
523,2021-05-21,BAS,4578,2321,2257,1480,3086,12,ITF,ITF5,17,Basilicata,Basilicata,559084,19907,3.56,0.82
524,2021-09-02,BAS,3032,1624,1408,882,2072,78,ITF,ITF5,17,Basilicata,Basilicata,559084,22939,4.1,0.54
525,2021-01-15,BAS,819,353,466,819,0,0,ITF,ITF5,17,Basilicata,Basilicata,559084,23758,4.25,0.15
526,2020-12-27,BAS,106,41,65,106,0,0,ITF,ITF5,17,Basilicata,Basilicata,559084,23864,4.27,0.02
527,2021-03-20,BAS,1307,577,730,276,1024,7,ITF,ITF5,17,Basilicata,Basilicata,559084,25171,4.5,0.23
528,2021-06-28,BAS,3641,1747,1894,2113,1509,19,ITF,ITF5,17,Basilicata,Basilicata,559084,28812,5.15,0.65
529,2021-01-10,BAS,77,24,53,77,0,0,ITF,ITF5,17,Basilicata,Basilicata,559084,28889,5.17,0.01
530,2021-04-20,BAS,4149,1982,2167,2179,1942,28,ITF,ITF5,17,Basilicata,Basilicata,559084,33038,5.91,0.74
531,2021-08-07,BAS,4516,2376,2140,1360,3096,60,ITF,ITF5,17,Basilicata,Basilicata,559084,37554,6.72,0.81
532,2021-01-08,BAS,556,220,336,556,0,0,ITF,ITF5,17,Basilicata,Basilicata,559084,38110,6.82,0.1
533,2021-04-08,BAS,788,361,427,760,10,18,ITF,ITF5,17,Basilicata,Basilicata,559084,38898,6.96,0.14
534,2021-04-22,BAS,5051,2353,2698,3382,1614,55,ITF,ITF5,17,Basilicata,Basilicata,559084,43949,7.86,0.9
535,2021-07-31,BAS,5472,2879,2593,1825,3591,56,ITF,ITF5,17,Basilicata,Basilicata,559084,49421,8.84,0.98
536,2021-07-17,BAS,5857,2917,2940,1709,4109,39,ITF,ITF5,17,Basilicata,Basilicata,559084,55278,9.89,1.05
537,2021-06-30,BAS,3452,1668,1784,2315,1111,26,ITF,ITF5,17,Basilicata,Basilicata,559084,58730,10.5,0.62
538,2021-08-12,BAS,3918,2000,1918,1677,2159,82,ITF,ITF5,17,Basilicata,Basilicata,559084,62648,11.21,0.7
539,2021-07-26,BAS,5416,2720,2696,1991,3387,38,ITF,ITF5,17,Basilicata,Basilicata,559084,68064,12.17,0.97
540,2021-01-22,BAS,67,24,43,67,0,0,ITF,ITF5,17,Basilicata,Basilicata,559084,68131,12.19,0.01
541,2021-07-24,BAS,5749,2945,2804,1775,3924,50,ITF,ITF5,17,Basilicata,Basilicata,559084,73880,13.21,1.03
542,2021-05-30,BAS,2778,1421,1357,920,1853,5,ITF,ITF5,17,Basilicata,Basilicata,559084,76658,13.71,0.5
543,2021-04-03,BAS,1815,754,1061,1464,338,13,ITF,ITF5,17,Basilicata,Basilicata,559084,78473,14.04,0.32
544,2021-09-07,BAS,2657,1371,1286,679,1906,72,ITF,ITF5,17,Basilicata,Basilicata,559084,81130,14.51,0.48
545,2021-08-24,BAS,3268,1767,1501,1478,1713,77,ITF,ITF5,17,Basilicata,Basilicata,559084,84398,15.1,0.58
546,2021-05-04,BAS,4142,1994,2148,3568,524,50,ITF,ITF5,17,Basilicata,Basilicata,559084,88540,15.84,0.74
547,2021-03-08,BAS,1477,725,752,823,621,33,ITF,ITF5,17,Basilicata,Basilicata,559084,90017,16.1,0.26
548,2021-06-16,BAS,4606,2086,2520,2126,2460,20,ITF,ITF5,17,Basilicata,Basilicata,559084,94623,16.92,0.82
549,2021-06-23,BAS,3240,1522,1718,2331,876,33,ITF,ITF5,17,Basilicata,Basilicata,559084,97863,17.5,0.58
550,2021-03-13,BAS,1811,896,915,740,1049,22,ITF,ITF5,17,Basilicata,Basilicata,559084,99674,17.83,0.32
551,2021-04-01,BAS,2737,1120,1617,1968,738,31,ITF,ITF5,17,Basilicata,Basilicata,559084,102411,18.32,0.49
552,2021-02-03,BAS,675,305,370,32,643,0,ITF,ITF5,17,Basilicata,Basilicata,559084,103086,18.44,0.12
553,2021-03-06,BAS,1377,544,833,752,612,13,ITF,ITF5,17,Basilicata,Basilicata,559084,104463,18.68,0.25
554,2021-05-09,BAS,4688,2342,2346,2945,1694,49,ITF,ITF5,17,Basilicata,Basilicata,559084,109151,19.52,0.84
555,2021-02-15,BAS,636,240,396,576,44,16,ITF,ITF5,17,Basilicata,Basilicata,559084,109787,19.64,0.11
556,2021-01-29,BAS,619,233,386,63,556,0,ITF,ITF5,17,Basilicata,Basilicata,559084,110406,19.75,0.11
557,2021-03-15,BAS,2380,996,1384,510,1851,19,ITF,ITF5,17,Basilicata,Basilicata,559084,112786,20.17,0.43
558,2021-01-17,BAS,331,133,198,330,1,0,ITF,ITF5,17,Basilicata,Basilicata,559084,113117,20.23,0.06
559,2021-04-27,BAS,4730,2243,2487,4349,327,54,ITF,ITF5,17,Basilicata,Basilicata,559084,117847,21.08,0.85
560,2021-08-05,BAS,4557,2319,2238,1284,3232,41,ITF,ITF5,17,Basilicata,Basilicata,559084,122404,21.89,0.82
561,2021-05-02,BAS,4182,2001,2181,3489,629,64,ITF,ITF5,17,Basilicata,Basilicata,559084,126586,22.64,0.75
562,2021-04-15,BAS,3431,1679,1752,2586,799,46,ITF,ITF5,17,Basilicata,Basilicata,559084,130017,23.26,0.61
563,2021-07-07,BAS,5203,2470,2733,2019,3169,15,ITF,ITF5,17,Basilicata,Basilicata,559084,135220,24.19,0.93
564,2021-01-03,BAS,910,347,563,910,0,0,ITF,ITF5,17,Basilicata,Basilicata,559084,136130,24.35,0.16
565,2021-02-17,BAS,1137,493,644,1058,77,2,ITF,ITF5,17,Basilicata,Basilicata,559084,137267,24.55,0.2
566,2021-05-28,BAS,3617,1811,1806,918,2666,33,ITF,ITF5,17,Basilicata,Basilicata,559084,140884,25.2,0.65
567,2021-06-11,BAS,4236,1982,2254,3166,1028,42,ITF,ITF5,17,Basilicata,Basilicata,559084,145120,25.96,0.76
568,2021-08-19,BAS,3595,1871,1724,1671,1836,88,ITF,ITF5,17,Basilicata,Basilicata,559084,148715,26.6,0.64
569,2021-05-11,BAS,2654,1353,1301,1597,1033,24,ITF,ITF5,17,Basilicata,Basilicata,559084,151369,27.07,0.47
570,2021-02-05,BAS,998,449,549,64,932,2,ITF,ITF5,17,Basilicata,Basilicata,559084,152367,27.25,0.18
571,2021-07-12,BAS,5441,2592,2849,1606,3809,26,ITF,ITF5,17,Basilicata,Basilicata,559084,157808,28.23,0.97
572,2021-05-16,BAS,4973,2468,2505,2809,2113,51,ITF,ITF5,17,Basilicata,Basilicata,559084,162781,29.12,0.89
573,2021-07-19,BAS,5926,2890,3036,1998,3886,42,ITF,ITF5,17,Basilicata,Basilicata,559084,168707,30.18,1.06
574,2021-05-23,BAS,4518,2302,2216,1527,2984,7,ITF,ITF5,17,Basilicata,Basilicata,559084,173225,30.98,0.81
575,2021-06-09,BAS,4423,2072,2351,3967,423,33,ITF,ITF5,17,Basilicata,Basilicata,559084,177648,31.77,0.79
576,2021-04-13,BAS,2120,1054,1066,1279,823,18,ITF,ITF5,17,Basilicata,Basilicata,559084,179768,32.15,0.38
577,2021-03-01,BAS,553,286,267,384,169,0,ITF,ITF5,17,Basilicata,Basilicata,559084,180321,32.25,0.1
578,2021-08-14,BAS,3478,1906,1572,1421,1997,60,ITF,ITF5,17,Basilicata,Basilicata,559084,183799,32.88,0.62
579,2021-06-18,BAS,4465,2066,2399,2179,2259,27,ITF,ITF5,17,Basilicata,Basilicata,559084,188264,33.67,0.8
580,2021-08-23,BAS,3315,1736,1579,1369,1864,82,ITF,ITF5,17,Basilicata,Basilicata,559084,191579,34.27,0.59
581,2021-02-07,BAS,384,163,221,49,335,0,ITF,ITF5,17,Basilicata,Basilicata,559084,191963,34.34,0.07
582,2021-05-18,BAS,5895,2855,3040,3379,2492,24,ITF,ITF5,17,Basilicata,Basilicata,559084,197858,35.39,1.05
583,2021-08-09,BAS,4011,2066,1945,1568,2396,47,ITF,ITF5,17,Basilicata,Basilicata,559084,201869,36.11,0.72
584,2021-07-23,BAS,5551,2781,2770,1889,3616,46,ITF,ITF5,17,Basilicata,Basilicata,559084,207420,37.1,0.99
585,2021-05-01,BAS,4708,2139,2569,3883,755,70,ITF,ITF5,17,Basilicata,Basilicata,559084,212128,37.94,0.84
586,2021-03-05,BAS,1878,866,1012,1103,760,15,ITF,ITF5,17,Basilicata,Basilicata,559084,214006,38.28,0.34
587,2021-06-13,BAS,3014,1440,1574,2678,308,28,ITF,ITF5,17,Basilicata,Basilicata,559084,217020,38.82,0.54
588,2021-05-27,BAS,3623,1863,1760,1073,2536,14,ITF,ITF5,17,Basilicata,Basilicata,559084,220643,39.47,0.65
589,2021-09-04,BAS,2605,1397,1208,773,1764,68,ITF,ITF5,17,Basilicata,Basilicata,559084,223248,39.93,0.47
590,2021-06-27,BAS,3007,1477,1530,2377,616,14,ITF,ITF5,17,Basilicata,Basilicata,559084,226255,40.47,0.54
591,2021-04-29,BAS,4859,2399,2460,4342,441,76,ITF,ITF5,17,Basilicata,Basilicata,559084,231114,41.34,0.87
592,2021-03-17,BAS,1473,615,858,24,1445,4,ITF,ITF5,17,Basilicata,Basilicata,559084,232587,41.6,0.26
593,2021-01-19,BAS,199,84,115,199,0,0,ITF,ITF5,17,Basilicata,Basilicata,559084,232786,41.64,0.04
594,2021-06-25,BAS,3317,1571,1746,2444,839,34,ITF,ITF5,17,Basilicata,Basilicata,559084,236103,42.23,0.59
595,2021-07-04,BAS,3112,1563,1549,2164,922,26,ITF,ITF5,17,Basilicata,Basilicata,559084,239215,42.79,0.56
596,2021-07-09,BAS,5338,2608,2730,1696,3633,9,ITF,ITF5,17,Basilicata,Basilicata,559084,244553,43.74,0.95
597,2021-04-17,BAS,3461,1655,1806,2170,1262,29,ITF,ITF5,17,Basilicata,Basilicata,559084,248014,44.36,0.62
598,2021-06-01,BAS,6137,2927,3210,3034,3076,27,ITF,ITF5,17,Basilicata,Basilicata,559084,254151,45.46,1.1
599,2021-09-09,BAS,3182,1702,1480,684,2418,80,ITF,ITF5,17,Basilicata,Basilicata,559084,257333,46.03,0.57
600,2021-08-04,BAS,4500,2232,2268,1424,3035,41,ITF,ITF5,17,Basilicata,Basilicata,559084,261833,46.83,0.8
601,2021-06-08,BAS,4587,2195,2392,4191,358,38,ITF,ITF5,17,Basilicata,Basilicata,559084,266420,47.65,0.82
602,2021-03-27,BAS,2257,866,1391,1809,434,14,ITF,ITF5,17,Basilicata,Basilicata,559084,268677,48.06,0.4
603,2021-08-31,BAS,3098,1593,1505,1677,1276,145,ITF,ITF5,17,Basilicata,Basilicata,559084,271775,48.61,0.55
604,2021-07-05,BAS,3271,1615,1656,2214,1022,35,ITF,ITF5,17,Basilicata,Basilicata,559084,275046,49.2,0.59
605,2021-01-07,BAS,644,321,323,644,0,0,ITF,ITF5,17,Basilicata,Basilicata,559084,275690,49.31,0.12
606,2021-02-19,BAS,1627,739,888,1559,63,5,ITF,ITF5,17,Basilicata,Basilicata,559084,277317,49.6,0.29
607,2021-02-12,BAS,781,334,447,748,32,1,ITF,ITF5,17,Basilicata,Basilicata,559084,278098,49.74,0.14
608,2021-04-10,BAS,1035,379,656,923,84,28,ITF,ITF5,17,Basilicata,Basilicata,559084,279133,49.93,0.19
609,2021-02-26,BAS,2161,907,1254,2073,82,6,ITF,ITF5,17,Basilicata,Basilicata,559084,281294,50.31,0.39
610,2021-05-20,BAS,5885,2981,2904,2886,2971,28,ITF,ITF5,17,Basilicata,Basilicata,559084,287179,51.37,1.05
611,2021-08-28,BAS,2275,1287,988,1110,1105,60,ITF,ITF5,17,Basilicata,Basilicata,559084,289454,51.77,0.41
612,2021-06-06,BAS,4512,2074,2438,3695,779,38,ITF,ITF5,17,Basilicata,Basilicata,559084,293966,52.58,0.81
613,2021-08-11,BAS,3709,1922,1787,1428,2223,58,ITF,ITF5,17,Basilicata,Basilicata,559084,297675,53.24,0.66
614,2021-04-14,BAS,2047,1002,1045,1354,677,16,ITF,ITF5,17,Basilicata,Basilicata,559084,299722,53.61,0.37
615,2021-01-21,BAS,31,10,21,30,1,0,ITF,ITF5,17,Basilicata,Basilicata,559084,299753,53.62,0.01
616,2021-01-04,BAS,614,275,339,614,0,0,ITF,ITF5,17,Basilicata,Basilicata,559084,300367,53.72,0.11
617,2021-07-06,BAS,4209,2008,2201,2113,2060,36,ITF,ITF5,17,Basilicata,Basilicata,559084,304576,54.48,0.75
618,2021-04-24,BAS,4584,2222,2362,3477,1051,56,ITF,ITF5,17,Basilicata,Basilicata,559084,309160,55.3,0.82
619,2021-08-02,BAS,4609,2334,2275,1779,2790,40,ITF,ITF5,17,Basilicata,Basilicata,559084,313769,56.12,0.82
620,2021-07-16,BAS,5932,2899,3033,1802,4096,34,ITF,ITF5,17,Basilicata,Basilicata,559084,319701,57.18,1.06
621,2021-03-19,BAS,2313,1003,1310,260,2046,7,ITF,ITF5,17,Basilicata,Basilicata,559084,322014,57.6,0.41
622,2021-07-14,BAS,5641,2721,2920,1627,3989,25,ITF,ITF5,17,Basilicata,Basilicata,559084,327655,58.61,1.01
623,2021-04-05,BAS,726,235,491,411,305,10,ITF,ITF5,17,Basilicata,Basilicata,559084,328381,58.74,0.13
624,2021-03-22,BAS,1222,549,673,641,573,8,ITF,ITF5,17,Basilicata,Basilicata,559084,329603,58.95,0.22
625,2021-03-03,BAS,1806,842,964,1215,565,26,ITF,ITF5,17,Basilicata,Basilicata,559084,331409,59.28,0.32
626,2021-05-25,BAS,4200,2114,2086,868,3322,10,ITF,ITF5,17,Basilicata,Basilicata,559084,335609,60.03,0.75
627,2021-02-14,BAS,151,48,103,105,0,46,ITF,ITF5,17,Basilicata,Basilicata,559084,335760,60.06,0.03
628,2021-01-31,BAS,78,24,54,0,78,0,ITF,ITF5,17,Basilicata,Basilicata,559084,335838,60.07,0.01
629,2021-01-12,BAS,217,88,129,217,0,0,ITF,ITF5,17,Basilicata,Basilicata,559084,336055,60.11,0.04
630,2021-01-23,BAS,762,325,437,33,729,0,ITF,ITF5,17,Basilicata,Basilicata,559084,336817,60.24,0.14
631,2021-05-03,BAS,4511,2043,2468,3620,827,64,ITF,ITF5,17,Basilicata,Basilicata,559084,341328,61.05,0.81
632,2021-02-09,BAS,495,216,279,317,178,0,ITF,ITF5,17,Basilicata,Basilicata,559084,341823,61.14,0.09
633,2021-07-25,BAS,4478,2254,2224,1606,2848,24,ITF,ITF5,17,Basilicata,Basilicata,559084,346301,61.94,0.8
634,2021-03-29,BAS,2482,898,1584,2141,288,53,ITF,ITF5,17,Basilicata,Basilicata,559084,348783,62.38,0.44
635,2021-01-05,BAS,952,410,542,952,0,0,ITF,ITF5,17,Basilicata,Basilicata,559084,349735,62.56,0.17
636,2021-06-20,BAS,4010,1883,2127,1939,2036,35,ITF,ITF5,17,Basilicata,Basilicata,559084,353745,63.27,0.72
637,2021-09-11,BAS,2868,1519,1349,764,2040,64,ITF,ITF5,17,Basilicata,Basilicata,559084,356613,63.79,0.51
638,2021-06-24,BAS,4090,1939,2151,2152,1901,37,ITF,ITF5,17,Basilicata,Basilicata,559084,360703,64.52,0.73
639,2021-04-28,BAS,4709,2159,2550,4205,441,63,ITF,ITF5,17,Basilicata,Basilicata,559084,365412,65.36,0.84
640,2021-03-02,BAS,803,387,416,660,138,5,ITF,ITF5,17,Basilicata,Basilicata,559084,366215,65.5,0.14
641,2021-08-06,BAS,4216,2158,2058,1317,2846,53,ITF,ITF5,17,Basilicata,Basilicata,559084,370431,66.26,0.75
642,2021-06-10,BAS,4347,2101,2246,3868,442,37,ITF,ITF5,17,Basilicata,Basilicata,559084,374778,67.03,0.78
643,2021-09-06,BAS,3013,1569,1444,746,2189,78,ITF,ITF5,17,Basilicata,Basilicata,559084,377791,67.57,0.54
644,2021-05-10,BAS,4804,2382,2422,2709,2042,53,ITF,ITF5,17,Basilicata,Basilicata,559084,382595,68.43,0.86
645,2021-08-18,BAS,3571,1975,1596,1499,1976,96,ITF,ITF5,17,Basilicata,Basilicata,559084,386166,69.07,0.64
646,2021-08-20,BAS,3123,1679,1444,1451,1593,79,ITF,ITF5,17,Basilicata,Basilicata,559084,389289,69.63,0.56
647,2021-02-16,BAS,908,377,531,791,98,19,ITF,ITF5,17,Basilicata,Basilicata,559084,390197,69.79,0.16
648,2021-01-28,BAS,920,407,513,119,801,0,ITF,ITF5,17,Basilicata,Basilicata,559084,391117,69.96,0.16
649,2021-06-21,BAS,4258,2045,2213,2142,2095,21,ITF,ITF5,17,Basilicata,Basilicata,559084,395375,70.72,0.76
650,2021-06-19,BAS,4466,2178,2288,2370,2074,22,ITF,ITF5,17,Basilicata,Basilicata,559084,399841,71.52,0.8
651,2021-03-28,BAS,2147,746,1401,2111,19,17,ITF,ITF5,17,Basilicata,Basilicata,559084,401988,71.9,0.38
652,2021-03-11,BAS,1804,934,870,819,964,21,ITF,ITF5,17,Basilicata,Basilicata,559084,403792,72.22,0.32
653,2021-03-30,BAS,2872,1219,1653,2495,361,16,ITF,ITF5,17,Basilicata,Basilicata,559084,406664,72.74,0.51
654,2021-07-08,BAS,5137,2429,2708,1852,3260,25,ITF,ITF5,17,Basilicata,Basilicata,559084,411801,73.66,0.92
655,2021-01-06,BAS,296,130,166,296,0,0,ITF,ITF5,17,Basilicata,Basilicata,559084,412097,73.71,0.05
656,2021-08-30,BAS,3199,1711,1488,1549,1546,104,ITF,ITF5,17,Basilicata,Basilicata,559084,415296,74.28,0.57
657,2021-03-24,BAS,2002,771,1231,1482,494,26,ITF,ITF5,17,Basilicata,Basilicata,559084,417298,74.64,0.36
658,2021-07-02,BAS,3689,1839,1850,2484,1176,29,ITF,ITF5,17,Basilicata,Basilicata,559084,420987,75.3,0.66
659,2021-03-14,BAS,1014,480,534,530,471,13,ITF,ITF5,17,Basilicata,Basilicata,559084,422001,75.48,0.18
660,2021-03-31,BAS,3122,1273,1849,2301,791,30,ITF,ITF5,17,Basilicata,Basilicata,559084,425123,76.04,0.56
661,2021-06-22,BAS,4355,2061,2294,2223,2100,32,ITF,ITF5,17,Basilicata,Basilicata,559084,429478,76.82,0.78
662,2021-06-05,BAS,4801,2210,2591,3824,941,36,ITF,ITF5,17,Basilicata,Basilicata,559084,434279,77.68,0.86
663,2021-08-13,BAS,3661,1904,1757,1423,2147,91,ITF,ITF5,17,Basilicata,Basilicata,559084,437940,78.33,0.65
664,2021-07-30,BAS,4765,2436,2329,1914,2802,49,ITF,ITF5,17,Basilicata,Basilicata,559084,442705,79.18,0.85
665,2021-06-17,BAS,4442,2045,2397,2087,2330,25,ITF,ITF5,17,Basilicata,Basilicata,559084,447147,79.98,0.79
666,2021-04-21,BAS,3951,1845,2106,2242,1679,30,ITF,ITF5,17,Basilicata,Basilicata,559084,451098,80.69,0.71
667,2021-07-18,BAS,4389,2163,2226,1577,2785,27,ITF,ITF5,17,Basilicata,Basilicata,559084,455487,81.47,0.79
668,2021-08-01,BAS,4211,2114,2097,1634,2537,40,ITF,ITF5,17,Basilicata,Basilicata,559084,459698,82.22,0.75
669,2021-06-29,BAS,3856,1880,1976,2785,1043,28,ITF,ITF5,17,Basilicata,Basilicata,559084,463554,82.91,0.69
670,2021-03-21,BAS,1177,547,630,474,700,3,ITF,ITF5,17,Basilicata,Basilicata,559084,464731,83.12,0.21
671,2021-01-14,BAS,973,413,560,973,0,0,ITF,ITF5,17,Basilicata,Basilicata,559084,465704,83.3,0.17
672,2021-04-07,BAS,1212,552,660,1156,36,20,ITF,ITF5,17,Basilicata,Basilicata,559084,466916,83.51,0.22
673,2021-04-25,BAS,2990,1459,1531,2906,52,32,ITF,ITF5,17,Basilicata,Basilicata,559084,469906,84.05,0.53
674,2021-08-03,BAS,5060,2574,2486,1827,3184,49,ITF,ITF5,17,Basilicata,Basilicata,559084,474966,84.95,0.91
675,2021-04-16,BAS,3326,1636,1690,2399,902,25,ITF,ITF5,17,Basilicata,Basilicata,559084,478292,85.55,0.59
676,2021-04-12,BAS,2175,1054,1121,1651,494,30,ITF,ITF5,17,Basilicata,Basilicata,559084,480467,85.94,0.39
677,2021-07-21,BAS,5845,2942,2903,1611,4201,33,ITF,ITF5,17,Basilicata,Basilicata,559084,486312,86.98,1.05
678,2021-04-19,BAS,4182,1920,2262,2395,1653,134,ITF,ITF5,17,Basilicata,Basilicata,559084,490494,87.73,0.75
679,2021-07-28,BAS,5038,2576,2462,1930,3048,60,ITF,ITF5,17,Basilicata,Basilicata,559084,495532,88.63,0.9
680,2021-06-15,BAS,3222,1417,1805,2225,976,21,ITF,ITF5,17,Basilicata,Basilicata,559084,498754,89.21,0.58
681,2021-01-18,BAS,465,158,307,366,99,0,ITF,ITF5,17,Basilicata,Basilicata,559084,499219,89.29,0.08
682,2021-03-16,BAS,1924,808,1116,226,1695,3,ITF,ITF5,17,Basilicata,Basilicata,559084,501143,89.64,0.34
683,2021-08-17,BAS,3508,1763,1745,1398,2044,66,ITF,ITF5,17,Basilicata,Basilicata,559084,504651,90.26,0.63
684,2021-05-12,BAS,4730,2330,2400,2800,1881,49,ITF,ITF5,17,Basilicata,Basilicata,559084,509381,91.11,0.85
685,2021-07-15,BAS,6479,3211,3268,1668,4785,26,ITF,ITF5,17,Basilicata,Basilicata,559084,515860,92.27,1.16
686,2021-04-06,BAS,1275,465,810,1073,184,18,ITF,ITF5,17,Basilicata,Basilicata,559084,517135,92.5,0.23
687,2021-06-14,BAS,4825,2156,2669,2090,2711,24,ITF,ITF5,17,Basilicata,Basilicata,559084,521960,93.36,0.86
688,2021-03-23,BAS,1643,634,1009,1452,171,20,ITF,ITF5,17,Basilicata,Basilicata,559084,523603,93.65,0.29
689,2021-07-01,BAS,3711,1856,1855,2564,1113,34,ITF,ITF5,17,Basilicata,Basilicata,559084,527314,94.32,0.66
690,2021-09-03,BAS,2863,1522,1341,762,2038,63,ITF,ITF5,17,Basilicata,Basilicata,559084,530177,94.83,0.51
691,2021-02-01,BAS,248,94,154,46,202,0,ITF,ITF5,17,Basilicata,Basilicata,559084,530425,94.87,0.04
692,2021-05-05,BAS,4338,2050,2288,3376,891,71,ITF,ITF5,17,Basilicata,Basilicata,559084,534763,95.65,0.78
693,2021-03-09,BAS,1418,726,692,780,615,23,ITF,ITF5,17,Basilicata,Basilicata,559084,536181,95.9,0.25
694,2021-01-25,BAS,1054,441,613,74,979,1,ITF,ITF5,17,Basilicata,Basilicata,559084,537235,96.09,0.19
695,2021-01-11,BAS,186,67,119,186,0,0,ITF,ITF5,17,Basilicata,Basilicata,559084,537421,96.13,0.03
696,2021-08-27,BAS,2479,1313,1166,999,1410,70,ITF,ITF5,17,Basilicata,Basilicata,559084,539900,96.57,0.44
697,2021-02-23,BAS,1910,772,1138,1751,141,18,ITF,ITF5,17,Basilicata,Basilicata,559084,541810,96.91,0.34
698,2021-06-03,BAS,4922,2258,2664,3703,1181,38,ITF,ITF5,17,Basilicata,Basilicata,559084,546732,97.79,0.88
699,2021-03-12,BAS,1922,987,935,786,1107,29,ITF,ITF5,17,Basilicata,Basilicata,559084,548654,98.13,0.34
700,2021-05-17,BAS,5548,2735,2813,3362,2136,50,ITF,ITF5,17,Basilicata,Basilicata,559084,554202,99.13,0.99
701,2021-08-25,BAS,2682,1407,1275,1259,1339,84,ITF,ITF5,17,Basilicata,Basilicata,559084,556884,99.61,0.48
702,2021-09-01,BAS,3248,1683,1565,1045,2104,99,ITF,ITF5,17,Basilicata,Basilicata,559084,560132,100.19,0.58
703,2021-02-11,BAS,958,406,552,873,83,2,ITF,ITF5,17,Basilicata,Basilicata,559084,561090,100.36,0.17
704,2021-05-29,BAS,3060,1534,1526,824,2225,11,ITF,ITF5,17,Basilicata,Basilicata,559084,564150,100.91,0.55
705,2021-01-13,BAS,917,387,530,917,0,0,ITF,ITF5,17,Basilicata,Basilicata,559084,565067,101.07,0.16
706,2021-04-23,BAS,4551,2191,2360,3476,1014,61,ITF,ITF5,17,Basilicata,Basilicata,559084,569618,101.88,0.81
707,2021-01-30,BAS,713,230,483,129,584,0,ITF,ITF5,17,Basilicata,Basilicata,559084,570331,102.01,0.13
708,2021-09-05,BAS,2282,1205,1077,466,1783,33,ITF,ITF5,17,Basilicata,Basilicata,559084,572613,102.42,0.41
709,2021-03-04,BAS,1906,905,1001,1071,809,26,ITF,ITF5,17,Basilicata,Basilicata,559084,574519,102.76,0.34
710,2021-06-12,BAS,3686,1694,1992,2959,689,38,ITF,ITF5,17,Basilicata,Basilicata,559084,578205,103.42,0.66
711,2021-02-28,BAS,813,347,466,772,37,4,ITF,ITF5,17,Basilicata,Basilicata,559084,579018,103.57,0.15
712,2021-01-02,BAS,957,383,574,956,0,1,ITF,ITF5,17,Basilicata,Basilicata,559084,579975,103.74,0.17
713,2021-01-16,BAS,725,305,420,725,0,0,ITF,ITF5,17,Basilicata,Basilicata,559084,580700,103.87,0.13
714,2021-04-26,BAS,4466,2164,2302,4197,221,48,ITF,ITF5,17,Basilicata,Basilicata,559084,585166,104.67,0.8
715,2021-05-26,BAS,4489,2260,2229,1676,2784,29,ITF,ITF5,17,Basilicata,Basilicata,559084,589655,105.47,0.8
716,2021-05-22,BAS,5493,2725,2768,1929,3553,11,ITF,ITF5,17,Basilicata,Basilicata,559084,595148,106.45,0.98
717,2021-03-26,BAS,1958,703,1255,1668,262,28,ITF,ITF5,17,Basilicata,Basilicata,559084,597106,106.8,0.35
718,2021-09-08,BAS,2819,1492,1327,766,2004,49,ITF,ITF5,17,Basilicata,Basilicata,559084,599925,107.3,0.5
719,2021-02-13,BAS,802,314,488,703,61,38,ITF,ITF5,17,Basilicata,Basilicata,559084,600727,107.45,0.14
720,2021-05-24,BAS,4833,2344,2489,1087,3733,13,ITF,ITF5,17,Basilicata,Basilicata,559084,605560,108.31,0.86
721,2021-07-29,BAS,4856,2523,2333,1907,2902,47,ITF,ITF5,17,Basilicata,Basilicata,559084,610416,109.18,0.87
722,2021-06-02,BAS,5962,2806,3156,4375,1544,43,ITF,ITF5,17,Basilicata,Basilicata,559084,616378,110.25,1.07
723,2021-09-10,BAS,2656,1342,1314,539,2057,60,ITF,ITF5,17,Basilicata,Basilicata,559084,619034,110.72,0.48
724,2021-04-18,BAS,3720,1843,1877,2327,1370,23,ITF,ITF5,17,Basilicata,Basilicata,559084,622754,111.39,0.67
725,2021-02-08,BAS,566,195,371,155,411,0,ITF,ITF5,17,Basilicata,Basilicata,559084,623320,111.49,0.1
726,2021-05-19,BAS,2872,1499,1373,1183,1676,13,ITF,ITF5,17,Basilicata,Basilicata,559084,626192,112.0,0.51
727,2021-02-25,BAS,1796,740,1056,1737,48,11,ITF,ITF5,17,Basilicata,Basilicata,559084,627988,112.32,0.32
728,2021-08-10,BAS,4415,2325,2090,1513,2831,71,ITF,ITF5,17,Basilicata,Basilicata,559084,632403,113.11,0.79
729,2021-02-06,BAS,927,381,546,146,781,0,ITF,ITF5,17,Basilicata,Basilicata,559084,633330,113.28,0.17
730,2021-04-30,BAS,5288,2377,2911,4062,1164,62,ITF,ITF5,17,Basilicata,Basilicata,559084,638618,114.23,0.95
731,2021-01-20,BAS,85,22,63,84,1,0,ITF,ITF5,17,Basilicata,Basilicata,559084,638703,114.24,0.02
732,2021-02-20,BAS,1169,536,633,1050,119,0,ITF,ITF5,17,Basilicata,Basilicata,559084,639872,114.45,0.21
733,2021-07-27,BAS,4713,2370,2343,1812,2855,46,ITF,ITF5,17,Basilicata,Basilicata,559084,644585,115.29,0.84
734,2021-05-31,BAS,4230,2010,2220,1713,2509,8,ITF,ITF5,17,Basilicata,Basilicata,559084,648815,116.05,0.76
735,2021-02-18,BAS,1075,404,671,855,217,3,ITF,ITF5,17,Basilicata,Basilicata,559084,649890,116.24,0.19
736,2021-08-08,BAS,3664,1873,1791,1112,2521,31,ITF,ITF5,17,Basilicata,Basilicata,559084,653554,116.9,0.66
737,2021-02-21,BAS,284,113,171,284,0,0,ITF,ITF5,17,Basilicata,Basilicata,559084,653838,116.95,0.05
738,2021-03-07,BAS,897,313,584,847,40,10,ITF,ITF5,17,Basilicata,Basilicata,559084,654735,117.11,0.16
739,2021-01-09,BAS,560,161,399,560,0,0,ITF,ITF5,17,Basilicata,Basilicata,559084,655295,117.21,0.1
740,2021-08-29,BAS,2331,1249,1082,1255,979,97,ITF,ITF5,17,Basilicata,Basilicata,559084,657626,117.63,0.42
741,2021-07-03,BAS,3946,2104,1842,2756,1144,46,ITF,ITF5,17,Basilicata,Basilicata,559084,661572,118.33,0.71
742,2021-05-07,BAS,4637,2280,2357,3264,1341,32,ITF,ITF5,17,Basilicata,Basilicata,559084,666209,119.16,0.83
743,2021-08-15,BAS,2705,1431,1274,1137,1528,40,ITF,ITF5,17,Basilicata,Basilicata,559084,668914,119.64,0.48
744,2021-07-10,BAS,5530,2668,2862,1596,3925,9,ITF,ITF5,17,Basilicata,Basilicata,559084,674444,120.63,0.99
745,2021-05-14,BAS,5907,2798,3109,3271,2530,106,ITF,ITF5,17,Basilicata,Basilicata,559084,680351,121.69,1.06
746,2021-03-18,BAS,1364,571,793,17,1338,9,ITF,ITF5,17,Basilicata,Basilicata,559084,681715,121.93,0.24
747,2021-08-22,BAS,2443,1282,1161,1023,1371,49,ITF,ITF5,17,Basilicata,Basilicata,559084,684158,122.37,0.44
748,2021-06-26,BAS,3337,1614,1723,2750,558,29,ITF,ITF5,17,Basilicata,Basilicata,559084,687495,122.97,0.6
749,2021-01-24,BAS,869,317,552,58,810,1,ITF,ITF5,17,Basilicata,Basilicata,559084,688364,123.12,0.16
750,2021-05-13,BAS,5985,2969,3016,3298,2597,90,ITF,ITF5,17,Basilicata,Basilicata,559084,694349,124.19,1.07
751,2021-08-21,BAS,3268,1778,1490,1711,1461,96,ITF,ITF5,17,Basilicata,Basilicata,559084,697617,124.78,0.58
752,2021-05-08,BAS,4845,2407,2438,3379,1413,53,ITF,ITF5,17,Basilicata,Basilicata,559084,702462,125.65,0.87
753,2021-08-16,BAS,3566,1866,1700,1484,1998,84,ITF,ITF5,17,Basilicata,Basilicata,559084,706028,126.28,0.64
754,2021-03-10,BAS,1688,847,841,838,839,11,ITF,ITF5,17,Basilicata,Basilicata,559084,707716,126.58,0.3
755,2021-01-26,BAS,813,358,455,101,712,0,ITF,ITF5,17,Basilicata,Basilicata,559084,708529,126.73,0.15
756,2021-05-06,BAS,5068,2440,2628,3431,1586,51,ITF,ITF5,17,Basilicata,Basilicata,559084,713597,127.64,0.91
757,2021-05-15,BAS,6533,3344,3189,3875,2575,83,ITF,ITF5,17,Basilicata,Basilicata,559084,720130,128.81,1.17
758,2021-04-02,BAS,2345,1058,1287,1715,605,25,ITF,ITF5,17,Basilicata,Basilicata,559084,722475,129.22,0.42
759,2021-02-04,BAS,1108,446,662,64,1044,0,ITF,ITF5,17,Basilicata,Basilicata,559084,723583,129.42,0.2
760,2021-07-11,BAS,5031,2405,2626,1508,3498,25,ITF,ITF5,17,Basilicata,Basilicata,559084,728614,130.32,0.9
761,2021-02-02,BAS,370,145,225,175,194,1,ITF,ITF5,17,Basilicata,Basilicata,559084,728984,130.39,0.07
762,2021-04-09,BAS,1153,351,802,1063,63,27,ITF,ITF5,17,Basilicata,Basilicata,559084,730137,130.6,0.21
763,2021-07-13,BAS,5853,2825,3028,1770,4034,49,ITF,ITF5,17,Basilicata,Basilicata,559084,735990,131.64,1.05
764,2021-02-27,BAS,2003,863,1140,1821,165,17,ITF,ITF5,17,Basilicata,Basilicata,559084,737993,132.0,0.36
765,2021-07-20,BAS,5693,2792,2901,1688,3965,40,ITF,ITF5,17,Basilicata,Basilicata,559084,743686,133.02,1.02
766,2021-06-07,BAS,4239,1921,2318,3885,316,38,ITF,ITF5,17,Basilicata,Basilicata,559084,747925,133.78,0.76
767,2021-04-11,BAS,966,393,573,760,176,30,ITF,ITF5,17,Basilicata,Basilicata,559084,748891,133.95,0.17
768,2021-04-04,BAS,612,227,385,188,418,6,ITF,ITF5,17,Basilicata,Basilicata,559084,749503,134.06,0.11
769,2021-07-22,BAS,5796,2888,2908,1786,3948,62,ITF,ITF5,17,Basilicata,Basilicata,559084,755299,135.1,1.04
770,2021-02-22,ABR,2641,1174,1467,2584,30,27,ITF,ITF1,13,Abruzzo,Abruzzo,1304970,2641,0.2,0.2
771,2021-02-05,ABR,1535,521,1014,772,747,16,ITF,ITF1,13,Abruzzo,Abruzzo,1304970,4176,0.32,0.12
772,2021-05-16,ABR,9577,4134,5443,5645,3812,120,ITF,ITF1,13,Abruzzo,Abruzzo,1304970,13753,1.05,0.73
773,2021-06-04,ABR,15650,7395,8255,10758,4703,189,ITF,ITF1,13,Abruzzo,Abruzzo,1304970,29403,2.25,1.2
774,2021-05-18,ABR,12112,5660,6452,7562,4379,171,ITF,ITF1,13,Abruzzo,Abruzzo,1304970,41515,3.18,0.93
775,2021-02-24,ABR,3306,1442,1864,3112,177,17,ITF,ITF1,13,Abruzzo,Abruzzo,1304970,44821,3.43,0.25
776,2021-08-09,ABR,10702,5547,5155,3094,7414,194,ITF,ITF1,13,Abruzzo,Abruzzo,1304970,55523,4.25,0.82
777,2021-08-26,ABR,5802,3037,2765,2015,3636,151,ITF,ITF1,13,Abruzzo,Abruzzo,1304970,61325,4.7,0.44
778,2021-09-09,ABR,6997,3668,3329,1342,5526,129,ITF,ITF1,13,Abruzzo,Abruzzo,1304970,68322,5.24,0.54
779,2021-02-10,ABR,946,311,635,492,444,10,ITF,ITF1,13,Abruzzo,Abruzzo,1304970,69268,5.31,0.07
780,2020-12-27,ABR,47,24,23,47,0,0,ITF,ITF1,13,Abruzzo,Abruzzo,1304970,69315,5.31,0.0
781,2021-03-20,ABR,4794,2200,2594,2563,2171,60,ITF,ITF1,13,Abruzzo,Abruzzo,1304970,74109,5.68,0.37
782,2021-06-13,ABR,9845,4925,4920,7846,1834,165,ITF,ITF1,13,Abruzzo,Abruzzo,1304970,83954,6.43,0.75
783,2021-01-10,ABR,1271,539,732,1267,0,4,ITF,ITF1,13,Abruzzo,Abruzzo,1304970,85225,6.53,0.1
784,2021-04-29,ABR,12685,5856,6829,9272,3098,315,ITF,ITF1,13,Abruzzo,Abruzzo,1304970,97910,7.5,0.97
785,2021-08-07,ABR,6494,3615,2879,1837,4559,98,ITF,ITF1,13,Abruzzo,Abruzzo,1304970,104404,8.0,0.5
786,2021-06-25,ABR,11061,5479,5582,4904,6014,143,ITF,ITF1,13,Abruzzo,Abruzzo,1304970,115465,8.85,0.85
787,2021-01-15,ABR,385,155,230,371,0,14,ITF,ITF1,13,Abruzzo,Abruzzo,1304970,115850,8.88,0.03
788,2021-03-03,ABR,4641,1899,2742,3716,906,19,ITF,ITF1,13,Abruzzo,Abruzzo,1304970,120491,9.23,0.36
789,2021-07-14,ABR,13722,6798,6924,2435,11135,152,ITF,ITF1,13,Abruzzo,Abruzzo,1304970,134213,10.28,1.05
790,2021-04-08,ABR,7395,3336,4059,4935,2330,130,ITF,ITF1,13,Abruzzo,Abruzzo,1304970,141608,10.85,0.57
791,2021-04-22,ABR,6738,3252,3486,4828,1734,176,ITF,ITF1,13,Abruzzo,Abruzzo,1304970,148346,11.37,0.52
792,2021-07-31,ABR,11741,6341,5400,3478,8060,203,ITF,ITF1,13,Abruzzo,Abruzzo,1304970,160087,12.27,0.9
793,2021-01-22,ABR,118,57,61,118,0,0,ITF,ITF1,13,Abruzzo,Abruzzo,1304970,160205,12.28,0.01
794,2021-01-03,ABR,501,212,289,499,0,2,ITF,ITF1,13,Abruzzo,Abruzzo,1304970,160706,12.31,0.04
795,2021-05-30,ABR,8661,4110,4551,5326,3256,79,ITF,ITF1,13,Abruzzo,Abruzzo,1304970,169367,12.98,0.66
796,2021-04-03,ABR,5164,2259,2905,3485,1598,81,ITF,ITF1,13,Abruzzo,Abruzzo,1304970,174531,13.37,0.4
797,2021-09-07,ABR,5352,2814,2538,1471,3772,109,ITF,ITF1,13,Abruzzo,Abruzzo,1304970,179883,13.78,0.41
798,2021-07-26,ABR,14258,7459,6799,3867,10192,199,ITF,ITF1,13,Abruzzo,Abruzzo,1304970,194141,14.88,1.09
799,2021-07-12,ABR,15078,7458,7620,2358,12603,117,ITF,ITF1,13,Abruzzo,Abruzzo,1304970,209219,16.03,1.16
800,2021-08-21,ABR,3842,2099,1743,1729,1991,122,ITF,ITF1,13,Abruzzo,Abruzzo,1304970,213061,16.33,0.29
801,2021-05-04,ABR,10855,5094,5761,7039,3628,188,ITF,ITF1,13,Abruzzo,Abruzzo,1304970,223916,17.16,0.83
802,2021-03-08,ABR,5155,1694,3461,4083,976,96,ITF,ITF1,13,Abruzzo,Abruzzo,1304970,229071,17.55,0.4
803,2021-01-24,ABR,50,22,28,6,44,0,ITF,ITF1,13,Abruzzo,Abruzzo,1304970,229121,17.56,0.0
804,2021-08-28,ABR,2303,1332,971,699,1555,49,ITF,ITF1,13,Abruzzo,Abruzzo,1304970,231424,17.73,0.18
805,2021-07-21,ABR,11077,5717,5360,2424,8518,135,ITF,ITF1,13,Abruzzo,Abruzzo,1304970,242501,18.58,0.85
806,2021-02-03,ABR,2062,717,1345,411,1643,8,ITF,ITF1,13,Abruzzo,Abruzzo,1304970,244563,18.74,0.16
807,2021-01-29,ABR,1387,449,938,71,1315,1,ITF,ITF1,13,Abruzzo,Abruzzo,1304970,245950,18.85,0.11
808,2021-08-02,ABR,13857,7155,6702,3544,10054,259,ITF,ITF1,13,Abruzzo,Abruzzo,1304970,259807,19.91,1.06
809,2021-04-27,ABR,9083,4366,4717,6504,2466,113,ITF,ITF1,13,Abruzzo,Abruzzo,1304970,268890,20.61,0.7
810,2021-07-02,ABR,11834,5946,5888,4827,6822,185,ITF,ITF1,13,Abruzzo,Abruzzo,1304970,280724,21.51,0.91
811,2021-03-15,ABR,3680,1445,2235,1840,1808,32,ITF,ITF1,13,Abruzzo,Abruzzo,1304970,284404,21.79,0.28
812,2021-01-17,ABR,193,64,129,185,7,1,ITF,ITF1,13,Abruzzo,Abruzzo,1304970,284597,21.81,0.01
813,2021-06-23,ABR,11015,5284,5731,5578,5291,146,ITF,ITF1,13,Abruzzo,Abruzzo,1304970,295612,22.65,0.84
814,2021-03-27,ABR,6124,2622,3502,3560,2492,72,ITF,ITF1,13,Abruzzo,Abruzzo,1304970,301736,23.12,0.47
815,2021-01-05,ABR,1735,721,1014,1730,0,5,ITF,ITF1,13,Abruzzo,Abruzzo,1304970,303471,23.26,0.13
816,2021-04-15,ABR,7831,3686,4145,5826,1843,162,ITF,ITF1,13,Abruzzo,Abruzzo,1304970,311302,23.86,0.6
817,2021-07-07,ABR,12064,5906,6158,4026,7797,241,ITF,ITF1,13,Abruzzo,Abruzzo,1304970,323366,24.78,0.92
818,2021-03-22,ABR,4348,1912,2436,2310,1971,67,ITF,ITF1,13,Abruzzo,Abruzzo,1304970,327714,25.11,0.33
819,2021-06-30,ABR,11169,5430,5739,4493,6509,167,ITF,ITF1,13,Abruzzo,Abruzzo,1304970,338883,25.97,0.86
820,2021-02-17,ABR,2071,948,1123,1780,282,9,ITF,ITF1,13,Abruzzo,Abruzzo,1304970,340954,26.13,0.16
821,2021-09-02,ABR,6118,3201,2917,1860,4128,130,ITF,ITF1,13,Abruzzo,Abruzzo,1304970,347072,26.6,0.47
822,2021-06-11,ABR,11783,5854,5929,8831,2766,186,ITF,ITF1,13,Abruzzo,Abruzzo,1304970,358855,27.5,0.9
823,2021-08-19,ABR,6721,3609,3112,3254,3275,192,ITF,ITF1,13,Abruzzo,Abruzzo,1304970,365576,28.01,0.52
824,2021-02-12,ABR,1228,567,661,1026,189,13,ITF,ITF1,13,Abruzzo,Abruzzo,1304970,366804,28.11,0.09
825,2021-07-19,ABR,11777,5982,5795,2663,8943,171,ITF,ITF1,13,Abruzzo,Abruzzo,1304970,378581,29.01,0.9
826,2021-05-23,ABR,9880,4693,5187,7067,2692,121,ITF,ITF1,13,Abruzzo,Abruzzo,1304970,388461,29.77,0.76
827,2021-06-06,ABR,11149,5309,5840,8776,2240,133,ITF,ITF1,13,Abruzzo,Abruzzo,1304970,399610,30.62,0.85
828,2021-04-10,ABR,8778,4059,4719,6122,2510,146,ITF,ITF1,13,Abruzzo,Abruzzo,1304970,408388,31.29,0.67
829,2021-03-01,ABR,3477,1384,2093,2702,751,24,ITF,ITF1,13,Abruzzo,Abruzzo,1304970,411865,31.56,0.27
830,2021-08-14,ABR,128,69,59,101,25,2,ITF,ITF1,13,Abruzzo,Abruzzo,1304970,411993,31.57,0.01
831,2021-06-18,ABR,10193,5005,5188,6550,3494,149,ITF,ITF1,13,Abruzzo,Abruzzo,1304970,422186,32.35,0.78
832,2021-02-02,ABR,1764,668,1096,218,1542,4,ITF,ITF1,13,Abruzzo,Abruzzo,1304970,423950,32.49,0.14
833,2021-01-19,ABR,112,56,56,90,21,1,ITF,ITF1,13,Abruzzo,Abruzzo,1304970,424062,32.5,0.01
834,2021-02-07,ABR,779,307,472,200,578,1,ITF,ITF1,13,Abruzzo,Abruzzo,1304970,424841,32.56,0.06
835,2021-07-23,ABR,12572,6463,6109,2850,9562,160,ITF,ITF1,13,Abruzzo,Abruzzo,1304970,437413,33.52,0.96
836,2021-01-21,ABR,157,47,110,157,0,0,ITF,ITF1,13,Abruzzo,Abruzzo,1304970,437570,33.53,0.01
837,2021-05-01,ABR,10752,5052,5700,5630,4984,138,ITF,ITF1,13,Abruzzo,Abruzzo,1304970,448322,34.35,0.82
838,2021-05-27,ABR,13322,6104,7218,8315,4831,176,ITF,ITF1,13,Abruzzo,Abruzzo,1304970,461644,35.38,1.02
839,2021-09-04,ABR,2139,1136,1003,740,1338,61,ITF,ITF1,13,Abruzzo,Abruzzo,1304970,463783,35.54,0.16
840,2021-03-19,ABR,5798,2586,3212,2730,3025,43,ITF,ITF1,13,Abruzzo,Abruzzo,1304970,469581,35.98,0.44
841,2021-03-05,ABR,5344,1957,3387,4588,697,59,ITF,ITF1,13,Abruzzo,Abruzzo,1304970,474925,36.39,0.41
842,2021-06-27,ABR,8366,4299,4067,5018,3208,140,ITF,ITF1,13,Abruzzo,Abruzzo,1304970,483291,37.03,0.64
843,2021-03-17,ABR,4540,1873,2667,2777,1740,23,ITF,ITF1,13,Abruzzo,Abruzzo,1304970,487831,37.38,0.35
844,2021-09-06,ABR,6218,3244,2974,2205,3865,148,ITF,ITF1,13,Abruzzo,Abruzzo,1304970,494049,37.86,0.48
845,2021-07-09,ABR,13614,6795,6819,2890,10585,139,ITF,ITF1,13,Abruzzo,Abruzzo,1304970,507663,38.9,1.04
846,2021-06-22,ABR,10413,4879,5534,5387,4846,180,ITF,ITF1,13,Abruzzo,Abruzzo,1304970,518076,39.7,0.8
847,2021-02-28,ABR,1703,509,1194,1665,2,36,ITF,ITF1,13,Abruzzo,Abruzzo,1304970,519779,39.83,0.13
848,2021-08-04,ABR,10881,5628,5253,4300,6337,244,ITF,ITF1,13,Abruzzo,Abruzzo,1304970,530660,40.66,0.83
849,2021-01-02,ABR,559,226,333,558,0,1,ITF,ITF1,13,Abruzzo,Abruzzo,1304970,531219,40.71,0.04
850,2021-06-08,ABR,12871,6622,6249,10431,2197,243,ITF,ITF1,13,Abruzzo,Abruzzo,1304970,544090,41.69,0.99
851,2021-04-26,ABR,8563,4067,4496,7137,1214,212,ITF,ITF1,13,Abruzzo,Abruzzo,1304970,552653,42.35,0.66
852,2021-06-01,ABR,10999,4878,6121,6511,4367,121,ITF,ITF1,13,Abruzzo,Abruzzo,1304970,563652,43.19,0.84
853,2021-04-17,ABR,7357,3402,3955,4209,3051,97,ITF,ITF1,13,Abruzzo,Abruzzo,1304970,571009,43.76,0.56
854,2021-02-19,ABR,3300,1552,1748,3161,100,39,ITF,ITF1,13,Abruzzo,Abruzzo,1304970,574309,44.01,0.25
855,2021-01-07,ABR,1712,657,1055,1705,0,7,ITF,ITF1,13,Abruzzo,Abruzzo,1304970,576021,44.14,0.13
856,2021-07-30,ABR,12089,6436,5653,3793,8070,226,ITF,ITF1,13,Abruzzo,Abruzzo,1304970,588110,45.07,0.93
857,2021-02-26,ABR,3923,1679,2244,2928,969,26,ITF,ITF1,13,Abruzzo,Abruzzo,1304970,592033,45.37,0.3
858,2021-05-20,ABR,12807,5926,6881,7411,5268,128,ITF,ITF1,13,Abruzzo,Abruzzo,1304970,604840,46.35,0.98
859,2021-08-11,ABR,8275,4414,3861,2614,5503,158,ITF,ITF1,13,Abruzzo,Abruzzo,1304970,613115,46.98,0.63
860,2021-06-19,ABR,10558,5202,5356,6484,3900,174,ITF,ITF1,13,Abruzzo,Abruzzo,1304970,623673,47.79,0.81
861,2021-03-28,ABR,2431,1018,1413,1994,386,51,ITF,ITF1,13,Abruzzo,Abruzzo,1304970,626104,47.98,0.19
862,2021-07-06,ABR,10463,5199,5264,4299,5989,175,ITF,ITF1,13,Abruzzo,Abruzzo,1304970,636567,48.78,0.8
863,2021-04-14,ABR,6597,2952,3645,4339,2123,135,ITF,ITF1,13,Abruzzo,Abruzzo,1304970,643164,49.29,0.51
864,2021-01-04,ABR,1515,685,830,1509,0,6,ITF,ITF1,13,Abruzzo,Abruzzo,1304970,644679,49.4,0.12
865,2021-04-07,ABR,7562,3493,4069,4516,2911,135,ITF,ITF1,13,Abruzzo,Abruzzo,1304970,652241,49.98,0.58
866,2021-07-16,ABR,16149,8237,7912,2468,13564,117,ITF,ITF1,13,Abruzzo,Abruzzo,1304970,668390,51.22,1.24
867,2021-05-08,ABR,10291,4869,5422,6307,3836,148,ITF,ITF1,13,Abruzzo,Abruzzo,1304970,678681,52.01,0.79
868,2021-04-24,ABR,8731,3975,4756,6937,1532,262,ITF,ITF1,13,Abruzzo,Abruzzo,1304970,687412,52.68,0.67
869,2021-08-16,ABR,6097,3209,2888,2257,3694,146,ITF,ITF1,13,Abruzzo,Abruzzo,1304970,693509,53.14,0.47
870,2021-01-14,ABR,568,227,341,566,0,2,ITF,ITF1,13,Abruzzo,Abruzzo,1304970,694077,53.19,0.04
871,2021-05-11,ABR,10763,5120,5643,5731,4856,176,ITF,ITF1,13,Abruzzo,Abruzzo,1304970,704840,54.01,0.82
872,2021-08-18,ABR,7381,3918,3463,3087,4103,191,ITF,ITF1,13,Abruzzo,Abruzzo,1304970,712221,54.58,0.57
873,2021-04-05,ABR,2693,1148,1545,1730,880,83,ITF,ITF1,13,Abruzzo,Abruzzo,1304970,714914,54.78,0.21
874,2021-01-12,ABR,1901,761,1140,1887,0,14,ITF,ITF1,13,Abruzzo,Abruzzo,1304970,716815,54.93,0.15
875,2021-05-25,ABR,11422,5325,6097,8085,3139,198,ITF,ITF1,13,Abruzzo,Abruzzo,1304970,728237,55.8,0.88
876,2021-01-31,ABR,1525,496,1029,286,1238,1,ITF,ITF1,13,Abruzzo,Abruzzo,1304970,729762,55.92,0.12
877,2021-01-23,ABR,265,116,149,51,208,6,ITF,ITF1,13,Abruzzo,Abruzzo,1304970,730027,55.94,0.02
878,2021-05-03,ABR,11154,5262,5892,7131,3837,186,ITF,ITF1,13,Abruzzo,Abruzzo,1304970,741181,56.8,0.85
879,2021-07-25,ABR,9862,5217,4645,2170,7569,123,ITF,ITF1,13,Abruzzo,Abruzzo,1304970,751043,57.55,0.76
880,2021-07-08,ABR,13495,6683,6812,3408,9921,166,ITF,ITF1,13,Abruzzo,Abruzzo,1304970,764538,58.59,1.03
881,2021-04-16,ABR,7546,3492,4054,5500,1916,130,ITF,ITF1,13,Abruzzo,Abruzzo,1304970,772084,59.16,0.58
882,2021-09-11,ABR,2385,1331,1054,1047,1231,107,ITF,ITF1,13,Abruzzo,Abruzzo,1304970,774469,59.35,0.18
883,2021-03-29,ABR,5710,2600,3110,3020,2640,50,ITF,ITF1,13,Abruzzo,Abruzzo,1304970,780179,59.79,0.44
884,2021-06-03,ABR,13198,6286,6912,9244,3779,175,ITF,ITF1,13,Abruzzo,Abruzzo,1304970,793377,60.8,1.01
885,2021-03-12,ABR,6043,1993,4050,4353,1611,79,ITF,ITF1,13,Abruzzo,Abruzzo,1304970,799420,61.26,0.46
886,2021-06-20,ABR,8445,4237,4208,5410,2932,103,ITF,ITF1,13,Abruzzo,Abruzzo,1304970,807865,61.91,0.65
887,2021-03-14,ABR,1883,732,1151,1201,669,13,ITF,ITF1,13,Abruzzo,Abruzzo,1304970,809748,62.05,0.14
888,2021-01-18,ABR,154,71,83,53,101,0,ITF,ITF1,13,Abruzzo,Abruzzo,1304970,809902,62.06,0.01
889,2021-06-24,ABR,10871,5411,5460,5721,4979,171,ITF,ITF1,13,Abruzzo,Abruzzo,1304970,820773,62.9,0.83
890,2021-04-28,ABR,9517,4591,4926,7307,2025,185,ITF,ITF1,13,Abruzzo,Abruzzo,1304970,830290,63.63,0.73
891,2021-05-12,ABR,9630,4602,5028,5871,3582,177,ITF,ITF1,13,Abruzzo,Abruzzo,1304970,839920,64.36,0.74
892,2021-03-16,ABR,3486,1453,2033,1804,1654,28,ITF,ITF1,13,Abruzzo,Abruzzo,1304970,843406,64.63,0.27
893,2021-05-10,ABR,10114,4785,5329,5343,4653,118,ITF,ITF1,13,Abruzzo,Abruzzo,1304970,853520,65.41,0.78
894,2021-04-23,ABR,7404,3397,4007,4927,2308,169,ITF,ITF1,13,Abruzzo,Abruzzo,1304970,860924,65.97,0.57
895,2021-01-30,ABR,1514,570,944,62,1451,1,ITF,ITF1,13,Abruzzo,Abruzzo,1304970,862438,66.09,0.12
896,2021-08-01,ABR,7571,4057,3514,2004,5465,102,ITF,ITF1,13,Abruzzo,Abruzzo,1304970,870009,66.67,0.58
897,2021-02-16,ABR,1916,842,1074,1891,12,13,ITF,ITF1,13,Abruzzo,Abruzzo,1304970,871925,66.82,0.15
898,2021-03-02,ABR,3967,1676,2291,3264,686,17,ITF,ITF1,13,Abruzzo,Abruzzo,1304970,875892,67.12,0.3
899,2021-06-10,ABR,12710,6319,6391,10307,2164,239,ITF,ITF1,13,Abruzzo,Abruzzo,1304970,888602,68.09,0.97
900,2021-03-11,ABR,5492,2216,3276,4263,1140,89,ITF,ITF1,13,Abruzzo,Abruzzo,1304970,894094,68.51,0.42
901,2021-06-02,ABR,9774,4751,5023,6837,2819,118,ITF,ITF1,13,Abruzzo,Abruzzo,1304970,903868,69.26,0.75
902,2021-09-10,ABR,4964,2656,2308,1513,3347,104,ITF,ITF1,13,Abruzzo,Abruzzo,1304970,908832,69.64,0.38
903,2021-09-12,ABR,1451,779,672,678,717,56,ITF,ITF1,13,Abruzzo,Abruzzo,1304970,910283,69.76,0.11
904,2021-03-13,ABR,4123,1420,2703,3017,1043,63,ITF,ITF1,13,Abruzzo,Abruzzo,1304970,914406,70.07,0.32
905,2021-06-21,ABR,11056,5388,5668,4938,5990,128,ITF,ITF1,13,Abruzzo,Abruzzo,1304970,925462,70.92,0.85
906,2021-03-30,ABR,5128,2262,2866,3141,1825,162,ITF,ITF1,13,Abruzzo,Abruzzo,1304970,930590,71.31,0.39
907,2021-01-06,ABR,1991,819,1172,1981,0,10,ITF,ITF1,13,Abruzzo,Abruzzo,1304970,932581,71.46,0.15
908,2021-03-24,ABR,6387,2786,3601,3992,2252,143,ITF,ITF1,13,Abruzzo,Abruzzo,1304970,938968,71.95,0.49
909,2021-02-09,ABR,923,325,598,512,410,1,ITF,ITF1,13,Abruzzo,Abruzzo,1304970,939891,72.02,0.07
910,2021-07-04,ABR,8370,4215,4155,3330,4915,125,ITF,ITF1,13,Abruzzo,Abruzzo,1304970,948261,72.67,0.64
911,2021-08-30,ABR,7415,4055,3360,1944,5341,130,ITF,ITF1,13,Abruzzo,Abruzzo,1304970,955676,73.23,0.57
912,2021-02-25,ABR,3056,1344,1712,2507,530,19,ITF,ITF1,13,Abruzzo,Abruzzo,1304970,958732,73.47,0.23
913,2021-06-05,ABR,14617,6865,7752,10363,4051,203,ITF,ITF1,13,Abruzzo,Abruzzo,1304970,973349,74.59,1.12
914,2021-08-20,ABR,6046,3165,2881,2033,3882,131,ITF,ITF1,13,Abruzzo,Abruzzo,1304970,979395,75.05,0.46
915,2021-08-06,ABR,10674,5707,4967,3684,6747,243,ITF,ITF1,13,Abruzzo,Abruzzo,1304970,990069,75.87,0.82
916,2021-05-05,ABR,11649,5576,6073,6275,5211,163,ITF,ITF1,13,Abruzzo,Abruzzo,1304970,1001718,76.76,0.89
917,2021-03-09,ABR,5177,1806,3371,4148,938,91,ITF,ITF1,13,Abruzzo,Abruzzo,1304970,1006895,77.16,0.4
918,2021-08-13,ABR,7121,3832,3289,2016,5000,105,ITF,ITF1,13,Abruzzo,Abruzzo,1304970,1014016,77.7,0.55
919,2021-06-29,ABR,11429,5639,5790,5245,5996,188,ITF,ITF1,13,Abruzzo,Abruzzo,1304970,1025445,78.58,0.88
920,2021-03-21,ABR,2134,914,1220,839,1291,4,ITF,ITF1,13,Abruzzo,Abruzzo,1304970,1027579,78.74,0.16
921,2021-06-12,ABR,11423,5916,5507,9890,1351,182,ITF,ITF1,13,Abruzzo,Abruzzo,1304970,1039002,79.62,0.88
922,2021-09-03,ABR,5938,3185,2753,1828,3979,131,ITF,ITF1,13,Abruzzo,Abruzzo,1304970,1044940,80.07,0.46
923,2021-01-28,ABR,1435,495,940,11,1424,0,ITF,ITF1,13,Abruzzo,Abruzzo,1304970,1046375,80.18,0.11
924,2021-01-11,ABR,1689,690,999,1685,0,4,ITF,ITF1,13,Abruzzo,Abruzzo,1304970,1048064,80.31,0.13
925,2021-04-21,ABR,6392,3103,3289,4633,1673,86,ITF,ITF1,13,Abruzzo,Abruzzo,1304970,1054456,80.8,0.49
926,2021-04-19,ABR,6235,2864,3371,3788,2374,73,ITF,ITF1,13,Abruzzo,Abruzzo,1304970,1060691,81.28,0.48
927,2021-02-21,ABR,1218,550,668,1193,1,24,ITF,ITF1,13,Abruzzo,Abruzzo,1304970,1061909,81.37,0.09
928,2021-07-28,ABR,13274,6955,6319,3435,9671,168,ITF,ITF1,13,Abruzzo,Abruzzo,1304970,1075183,82.39,1.02
929,2021-06-15,ABR,11330,5562,5768,8682,2439,209,ITF,ITF1,13,Abruzzo,Abruzzo,1304970,1086513,83.26,0.87
930,2021-04-12,ABR,6238,2956,3282,4983,1173,82,ITF,ITF1,13,Abruzzo,Abruzzo,1304970,1092751,83.74,0.48
931,2021-07-01,ABR,12762,6282,6480,5768,6768,226,ITF,ITF1,13,Abruzzo,Abruzzo,1304970,1105513,84.72,0.98
932,2021-06-17,ABR,10914,5457,5457,7298,3452,164,ITF,ITF1,13,Abruzzo,Abruzzo,1304970,1116427,85.55,0.84
933,2021-08-24,ABR,6357,3409,2948,1876,4329,152,ITF,ITF1,13,Abruzzo,Abruzzo,1304970,1122784,86.04,0.49
934,2021-07-15,ABR,15944,8088,7856,3129,12639,176,ITF,ITF1,13,Abruzzo,Abruzzo,1304970,1138728,87.26,1.22
935,2021-06-28,ABR,10054,4837,5217,5310,4574,170,ITF,ITF1,13,Abruzzo,Abruzzo,1304970,1148782,88.03,0.77
936,2021-04-06,ABR,7677,3578,4099,5227,2320,130,ITF,ITF1,13,Abruzzo,Abruzzo,1304970,1156459,88.62,0.59
937,2021-08-03,ABR,12721,6574,6147,3645,8907,169,ITF,ITF1,13,Abruzzo,Abruzzo,1304970,1169180,89.59,0.97
938,2021-08-17,ABR,6583,3468,3115,2824,3541,218,ITF,ITF1,13,Abruzzo,Abruzzo,1304970,1175763,90.1,0.5
939,2021-05-09,ABR,9158,4091,5067,4171,4874,113,ITF,ITF1,13,Abruzzo,Abruzzo,1304970,1184921,90.8,0.7
940,2021-02-15,ABR,1794,832,962,1735,42,17,ITF,ITF1,13,Abruzzo,Abruzzo,1304970,1186715,90.94,0.14
941,2021-05-26,ABR,13552,6045,7507,8397,4996,159,ITF,ITF1,13,Abruzzo,Abruzzo,1304970,1200267,91.98,1.04
942,2021-06-14,ABR,10979,5430,5549,7425,3379,175,ITF,ITF1,13,Abruzzo,Abruzzo,1304970,1211246,92.82,0.84
943,2021-02-01,ABR,1633,574,1059,268,1364,1,ITF,ITF1,13,Abruzzo,Abruzzo,1304970,1212879,92.94,0.13
944,2021-08-31,ABR,6383,3476,2907,1694,4579,110,ITF,ITF1,13,Abruzzo,Abruzzo,1304970,1219262,93.43,0.49
945,2021-03-23,ABR,4835,2191,2644,2209,2567,59,ITF,ITF1,13,Abruzzo,Abruzzo,1304970,1224097,93.8,0.37
946,2021-01-25,ABR,1606,634,972,11,1593,2,ITF,ITF1,13,Abruzzo,Abruzzo,1304970,1225703,93.93,0.12
947,2021-08-08,ABR,4450,2428,2022,1886,2474,90,ITF,ITF1,13,Abruzzo,Abruzzo,1304970,1230153,94.27,0.34
948,2021-05-17,ABR,11038,5039,5999,6017,4857,164,ITF,ITF1,13,Abruzzo,Abruzzo,1304970,1241191,95.11,0.85
949,2021-08-25,ABR,7126,3795,3331,2372,4585,169,ITF,ITF1,13,Abruzzo,Abruzzo,1304970,1248317,95.66,0.55
950,2021-08-27,ABR,7969,4201,3768,2466,5343,160,ITF,ITF1,13,Abruzzo,Abruzzo,1304970,1256286,96.27,0.61
951,2021-02-23,ABR,2779,1273,1506,2753,11,15,ITF,ITF1,13,Abruzzo,Abruzzo,1304970,1259065,96.48,0.21
952,2021-02-06,ABR,1613,745,868,595,1011,7,ITF,ITF1,13,Abruzzo,Abruzzo,1304970,1260678,96.61,0.12
953,2021-09-01,ABR,6856,3650,3206,1575,5179,102,ITF,ITF1,13,Abruzzo,Abruzzo,1304970,1267534,97.13,0.53
954,2021-02-11,ABR,815,262,553,770,43,2,ITF,ITF1,13,Abruzzo,Abruzzo,1304970,1268349,97.19,0.06
955,2021-05-24,ABR,12222,5839,6383,8725,3341,156,ITF,ITF1,13,Abruzzo,Abruzzo,1304970,1280571,98.13,0.94
956,2021-01-13,ABR,1305,483,822,1297,0,8,ITF,ITF1,13,Abruzzo,Abruzzo,1304970,1281876,98.23,0.1
957,2021-02-13,ABR,869,395,474,441,424,4,ITF,ITF1,13,Abruzzo,Abruzzo,1304970,1282745,98.3,0.07
958,2021-07-17,ABR,14095,7384,6711,2647,11269,179,ITF,ITF1,13,Abruzzo,Abruzzo,1304970,1296840,99.38,1.08
959,2021-03-04,ABR,5943,2360,3583,4973,928,42,ITF,ITF1,13,Abruzzo,Abruzzo,1304970,1302783,99.83,0.46
960,2021-05-28,ABR,14025,6311,7714,7492,6364,169,ITF,ITF1,13,Abruzzo,Abruzzo,1304970,1316808,100.91,1.07
961,2021-09-05,ABR,1428,781,647,437,963,28,ITF,ITF1,13,Abruzzo,Abruzzo,1304970,1318236,101.02,0.11
962,2021-01-16,ABR,938,431,507,930,0,8,ITF,ITF1,13,Abruzzo,Abruzzo,1304970,1319174,101.09,0.07
963,2021-02-18,ABR,2292,934,1358,2142,133,17,ITF,ITF1,13,Abruzzo,Abruzzo,1304970,1321466,101.26,0.18
964,2021-05-29,ABR,10318,4430,5888,4454,5772,92,ITF,ITF1,13,Abruzzo,Abruzzo,1304970,1331784,102.05,0.79
965,2021-05-22,ABR,13161,6393,6768,8131,4918,112,ITF,ITF1,13,Abruzzo,Abruzzo,1304970,1344945,103.06,1.01
966,2021-03-26,ABR,5363,2315,3048,3175,2080,108,ITF,ITF1,13,Abruzzo,Abruzzo,1304970,1350308,103.47,0.41
967,2021-09-08,ABR,4423,2349,2074,1589,2732,102,ITF,ITF1,13,Abruzzo,Abruzzo,1304970,1354731,103.81,0.34
968,2021-07-27,ABR,15139,7906,7233,3339,11624,176,ITF,ITF1,13,Abruzzo,Abruzzo,1304970,1369870,104.97,1.16
969,2021-05-31,ABR,11339,5115,6224,6769,4444,126,ITF,ITF1,13,Abruzzo,Abruzzo,1304970,1381209,105.84,0.87
970,2021-04-20,ABR,5638,2714,2924,4104,1456,78,ITF,ITF1,13,Abruzzo,Abruzzo,1304970,1386847,106.27,0.43
971,2021-07-29,ABR,15180,7972,7208,3927,11042,211,ITF,ITF1,13,Abruzzo,Abruzzo,1304970,1402027,107.44,1.16
972,2021-04-25,ABR,9073,4626,4447,8054,809,210,ITF,ITF1,13,Abruzzo,Abruzzo,1304970,1411100,108.13,0.7
973,2021-02-08,ABR,1196,396,800,486,710,0,ITF,ITF1,13,Abruzzo,Abruzzo,1304970,1412296,108.22,0.09
974,2021-05-19,ABR,10730,5127,5603,7567,3037,126,ITF,ITF1,13,Abruzzo,Abruzzo,1304970,1423026,109.05,0.82
975,2021-04-30,ABR,12512,5871,6641,6511,5728,273,ITF,ITF1,13,Abruzzo,Abruzzo,1304970,1435538,110.01,0.96
976,2021-04-13,ABR,5893,2755,3138,4557,1238,98,ITF,ITF1,13,Abruzzo,Abruzzo,1304970,1441431,110.46,0.45
977,2021-01-20,ABR,449,157,292,427,2,20,ITF,ITF1,13,Abruzzo,Abruzzo,1304970,1441880,110.49,0.03
978,2021-07-05,ABR,10910,5350,5560,4041,6676,193,ITF,ITF1,13,Abruzzo,Abruzzo,1304970,1452790,111.33,0.84
979,2021-07-22,ABR,14487,7412,7075,3515,10762,210,ITF,ITF1,13,Abruzzo,Abruzzo,1304970,1467277,112.44,1.11
980,2021-07-24,ABR,12632,6840,5792,3810,8586,236,ITF,ITF1,13,Abruzzo,Abruzzo,1304970,1479909,113.41,0.97
981,2021-05-02,ABR,10465,5115,5350,5087,5233,145,ITF,ITF1,13,Abruzzo,Abruzzo,1304970,1490374,114.21,0.8
982,2021-08-10,ABR,9269,4963,4306,3396,5661,212,ITF,ITF1,13,Abruzzo,Abruzzo,1304970,1499643,114.92,0.71
983,2021-08-05,ABR,13901,7162,6739,4714,8915,272,ITF,ITF1,13,Abruzzo,Abruzzo,1304970,1513544,115.98,1.07
984,2021-01-08,ABR,1659,638,1021,1650,0,9,ITF,ITF1,13,Abruzzo,Abruzzo,1304970,1515203,116.11,0.13
985,2021-04-18,ABR,5821,2730,3091,4728,944,149,ITF,ITF1,13,Abruzzo,Abruzzo,1304970,1521024,116.56,0.45
986,2021-02-20,ABR,4778,1844,2934,4658,76,44,ITF,ITF1,13,Abruzzo,Abruzzo,1304970,1525802,116.92,0.37
987,2021-03-07,ABR,2521,630,1891,2483,0,38,ITF,ITF1,13,Abruzzo,Abruzzo,1304970,1528323,117.12,0.19
988,2021-01-09,ABR,1613,693,920,1601,0,12,ITF,ITF1,13,Abruzzo,Abruzzo,1304970,1529936,117.24,0.12
989,2021-05-07,ABR,12215,5714,6501,7642,4425,148,ITF,ITF1,13,Abruzzo,Abruzzo,1304970,1542151,118.18,0.94
990,2021-03-25,ABR,5801,2666,3135,3063,2625,113,ITF,ITF1,13,Abruzzo,Abruzzo,1304970,1547952,118.62,0.44
991,2021-08-29,ABR,1466,875,591,521,931,14,ITF,ITF1,13,Abruzzo,Abruzzo,1304970,1549418,118.73,0.11
992,2021-01-27,ABR,1367,515,852,32,1335,0,ITF,ITF1,13,Abruzzo,Abruzzo,1304970,1550785,118.84,0.1
993,2021-07-03,ABR,10195,5150,5045,3500,6547,148,ITF,ITF1,13,Abruzzo,Abruzzo,1304970,1560980,119.62,0.78
994,2021-05-21,ABR,13019,6329,6690,7864,4979,176,ITF,ITF1,13,Abruzzo,Abruzzo,1304970,1573999,120.62,1.0
995,2021-03-18,ABR,3900,1652,2248,2038,1835,27,ITF,ITF1,13,Abruzzo,Abruzzo,1304970,1577899,120.91,0.3
996,2021-08-22,ABR,1832,948,884,537,1243,52,ITF,ITF1,13,Abruzzo,Abruzzo,1304970,1579731,121.05,0.14
997,2021-06-26,ABR,10052,5019,5033,5688,4201,163,ITF,ITF1,13,Abruzzo,Abruzzo,1304970,1589783,121.83,0.77
998,2021-07-10,ABR,13121,6632,6489,3010,9946,165,ITF,ITF1,13,Abruzzo,Abruzzo,1304970,1602904,122.83,1.01
999,2021-05-14,ABR,10595,5071,5524,5282,5151,162,ITF,ITF1,13,Abruzzo,Abruzzo,1304970,1613499,123.64,0.81
1000,2021-04-01,ABR,5629,2522,3107,3430,2120,79,ITF,ITF1,13,Abruzzo,Abruzzo,1304970,1619128,124.07,0.43
1001,2021-05-13,ABR,11152,5044,6108,6954,3964,234,ITF,ITF1,13,Abruzzo,Abruzzo,1304970,1630280,124.93,0.85
1002,2021-03-31,ABR,6723,2947,3776,4559,2069,95,ITF,ITF1,13,Abruzzo,Abruzzo,1304970,1637003,125.44,0.52
1003,2021-05-15,ABR,11444,5184,6260,5938,5327,179,ITF,ITF1,13,Abruzzo,Abruzzo,1304970,1648447,126.32,0.88
1004,2021-08-23,ABR,5920,3109,2811,1658,4118,144,ITF,ITF1,13,Abruzzo,Abruzzo,1304970,1654367,126.77,0.45
1005,2021-07-11,ABR,9887,4976,4911,2364,7388,135,ITF,ITF1,13,Abruzzo,Abruzzo,1304970,1664254,127.53,0.76
1006,2021-03-10,ABR,5050,1686,3364,4026,957,67,ITF,ITF1,13,Abruzzo,Abruzzo,1304970,1669304,127.92,0.39
1007,2021-01-26,ABR,1550,568,982,31,1519,0,ITF,ITF1,13,Abruzzo,Abruzzo,1304970,1670854,128.04,0.12
1008,2021-05-06,ABR,13004,6087,6917,7796,5049,159,ITF,ITF1,13,Abruzzo,Abruzzo,1304970,1683858,129.03,1.0
1009,2021-04-09,ABR,8992,4261,4731,6245,2603,144,ITF,ITF1,13,Abruzzo,Abruzzo,1304970,1692850,129.72,0.69
1010,2021-07-18,ABR,12206,6311,5895,1998,10085,123,ITF,ITF1,13,Abruzzo,Abruzzo,1304970,1705056,130.66,0.94
1011,2021-04-02,ABR,6697,3105,3592,5113,1489,95,ITF,ITF1,13,Abruzzo,Abruzzo,1304970,1711753,131.17,0.51
1012,2021-02-04,ABR,1685,617,1068,601,1072,12,ITF,ITF1,13,Abruzzo,Abruzzo,1304970,1713438,131.3,0.13
1013,2021-07-20,ABR,12589,6389,6200,3222,9178,189,ITF,ITF1,13,Abruzzo,Abruzzo,1304970,1726027,132.27,0.96
1014,2021-04-04,ABR,1633,769,864,1458,129,46,ITF,ITF1,13,Abruzzo,Abruzzo,1304970,1727660,132.39,0.13
1015,2021-07-13,ABR,15525,7753,7772,2825,12523,177,ITF,ITF1,13,Abruzzo,Abruzzo,1304970,1743185,133.58,1.19
1016,2021-08-12,ABR,8771,4627,4144,3180,5411,180,ITF,ITF1,13,Abruzzo,Abruzzo,1304970,1751956,134.25,0.67
1017,2021-06-16,ABR,10895,5452,5443,7989,2689,217,ITF,ITF1,13,Abruzzo,Abruzzo,1304970,1762851,135.09,0.83
1018,2021-02-27,ABR,2813,1338,1475,2513,267,33,ITF,ITF1,13,Abruzzo,Abruzzo,1304970,1765664,135.3,0.22
1019,2021-06-07,ABR,11101,5290,5811,9071,1844,186,ITF,ITF1,13,Abruzzo,Abruzzo,1304970,1776765,136.15,0.85
1020,2021-04-11,ABR,5380,2629,2751,4835,487,58,ITF,ITF1,13,Abruzzo,Abruzzo,1304970,1782145,136.57,0.41
1021,2021-06-09,ABR,11573,6092,5481,9704,1686,183,ITF,ITF1,13,Abruzzo,Abruzzo,1304970,1793718,137.45,0.89
1022,2021-03-06,ABR,4182,1361,2821,3570,571,41,ITF,ITF1,13,Abruzzo,Abruzzo,1304970,1797900,137.77,0.32
1023,2021-06-02,UMB,3926,1886,2040,3805,42,79,ITI,ITI2,10,Umbria,Umbria,882015,3926,0.45,0.45
1024,2021-09-10,UMB,4540,2484,2056,722,3774,44,ITI,ITI2,10,Umbria,Umbria,882015,8466,0.96,0.51
1025,2021-02-20,UMB,283,101,182,259,24,0,ITI,ITI2,10,Umbria,Umbria,882015,8749,0.99,0.03
1026,2021-03-09,UMB,4092,2002,2090,2795,1288,9,ITI,ITI2,10,Umbria,Umbria,882015,12841,1.46,0.46
1027,2021-04-23,UMB,6659,2821,3838,3301,3159,199,ITI,ITI2,10,Umbria,Umbria,882015,19500,2.21,0.75
1028,2021-02-25,UMB,1334,496,838,1274,52,8,ITI,ITI2,10,Umbria,Umbria,882015,20834,2.36,0.15
1029,2021-03-11,UMB,3687,1799,1888,2668,1006,13,ITI,ITI2,10,Umbria,Umbria,882015,24521,2.78,0.42
1030,2021-01-13,UMB,451,139,312,451,0,0,ITI,ITI2,10,Umbria,Umbria,882015,24972,2.83,0.05
1031,2021-06-19,UMB,4589,2206,2383,2463,2033,93,ITI,ITI2,10,Umbria,Umbria,882015,29561,3.35,0.52
1032,2021-01-06,UMB,847,326,521,847,0,0,ITI,ITI2,10,Umbria,Umbria,882015,30408,3.45,0.1
1033,2021-06-12,UMB,7722,3688,4034,5962,1580,180,ITI,ITI2,10,Umbria,Umbria,882015,38130,4.32,0.88
1034,2021-02-13,UMB,114,27,87,111,3,0,ITI,ITI2,10,Umbria,Umbria,882015,38244,4.34,0.01
1035,2021-05-24,UMB,9078,4521,4557,8030,882,166,ITI,ITI2,10,Umbria,Umbria,882015,47322,5.37,1.03
1036,2021-04-18,UMB,1532,681,851,578,931,23,ITI,ITI2,10,Umbria,Umbria,882015,48854,5.54,0.17
1037,2021-01-11,UMB,1337,364,973,1337,0,0,ITI,ITI2,10,Umbria,Umbria,882015,50191,5.69,0.15
1038,2021-07-27,UMB,8146,4092,4054,2694,5335,117,ITI,ITI2,10,Umbria,Umbria,882015,58337,6.61,0.92
1039,2021-05-05,UMB,7224,3306,3918,3834,3306,84,ITI,ITI2,10,Umbria,Umbria,882015,65561,7.43,0.82
1040,2021-01-25,UMB,649,322,327,5,644,0,ITI,ITI2,10,Umbria,Umbria,882015,66210,7.51,0.07
1041,2021-04-06,UMB,5294,2167,3127,2865,2392,37,ITI,ITI2,10,Umbria,Umbria,882015,71504,8.11,0.6
1042,2021-03-28,UMB,1096,441,655,1041,24,31,ITI,ITI2,10,Umbria,Umbria,882015,72600,8.23,0.12
1043,2021-01-30,UMB,1575,486,1089,43,1532,0,ITI,ITI2,10,Umbria,Umbria,882015,74175,8.41,0.18
1044,2021-07-15,UMB,10577,5178,5399,568,9910,99,ITI,ITI2,10,Umbria,Umbria,882015,84752,9.61,1.2
1045,2021-08-15,UMB,4391,2385,2006,2866,1382,143,ITI,ITI2,10,Umbria,Umbria,882015,89143,10.11,0.5
1046,2021-07-29,UMB,8203,4228,3975,2145,5940,118,ITI,ITI2,10,Umbria,Umbria,882015,97346,11.04,0.93
1047,2021-05-07,UMB,10134,4716,5418,6656,3192,286,ITI,ITI2,10,Umbria,Umbria,882015,107480,12.19,1.15
1048,2021-08-29,UMB,1947,1004,943,685,1253,9,ITI,ITI2,10,Umbria,Umbria,882015,109427,12.41,0.22
1049,2021-07-03,UMB,6481,3248,3233,2832,3497,152,ITI,ITI2,10,Umbria,Umbria,882015,115908,13.14,0.73
1050,2021-07-20,UMB,8269,4108,4161,1096,7089,84,ITI,ITI2,10,Umbria,Umbria,882015,124177,14.08,0.94
1051,2021-08-10,UMB,7402,3935,3467,4003,3256,143,ITI,ITI2,10,Umbria,Umbria,882015,131579,14.92,0.84
1052,2021-06-14,UMB,5387,2750,2637,3253,2015,119,ITI,ITI2,10,Umbria,Umbria,882015,136966,15.53,0.61
1053,2021-09-05,UMB,3390,1798,1592,259,3117,14,ITI,ITI2,10,Umbria,Umbria,882015,140356,15.91,0.38
1054,2021-03-23,UMB,3828,1714,2114,2159,1632,37,ITI,ITI2,10,Umbria,Umbria,882015,144184,16.35,0.43
1055,2021-08-27,UMB,4601,2419,2182,1500,3000,101,ITI,ITI2,10,Umbria,Umbria,882015,148785,16.87,0.52
1056,2021-07-01,UMB,9747,4819,4928,3304,6289,154,ITI,ITI2,10,Umbria,Umbria,882015,158532,17.97,1.11
1057,2021-02-08,UMB,637,203,434,88,549,0,ITI,ITI2,10,Umbria,Umbria,882015,159169,18.05,0.07
1058,2021-05-19,UMB,9432,4219,5213,5601,3745,86,ITI,ITI2,10,Umbria,Umbria,882015,168601,19.12,1.07
1059,2021-08-22,UMB,1470,773,697,479,977,14,ITI,ITI2,10,Umbria,Umbria,882015,170071,19.28,0.17
1060,2021-05-31,UMB,5824,2848,2976,4854,885,85,ITI,ITI2,10,Umbria,Umbria,882015,175895,19.94,0.66
1061,2021-05-14,UMB,5347,2526,2821,3354,1819,174,ITI,ITI2,10,Umbria,Umbria,882015,181242,20.55,0.61
1062,2021-02-01,UMB,1285,342,943,48,1237,0,ITI,ITI2,10,Umbria,Umbria,882015,182527,20.69,0.15
1063,2021-02-18,UMB,1497,583,914,1029,467,1,ITI,ITI2,10,Umbria,Umbria,882015,184024,20.86,0.17
1064,2021-04-16,UMB,8101,3744,4357,6084,1838,179,ITI,ITI2,10,Umbria,Umbria,882015,192125,21.78,0.92
1065,2021-04-30,UMB,6258,2971,3287,2735,3401,122,ITI,ITI2,10,Umbria,Umbria,882015,198383,22.49,0.71
1066,2021-03-04,UMB,4486,1856,2630,3644,827,15,ITI,ITI2,10,Umbria,Umbria,882015,202869,23.0,0.51
1067,2021-08-08,UMB,5066,2712,2354,3557,1414,95,ITI,ITI2,10,Umbria,Umbria,882015,207935,23.57,0.57
1068,2021-01-20,UMB,603,221,382,603,0,0,ITI,ITI2,10,Umbria,Umbria,882015,208538,23.64,0.07
1069,2021-04-04,UMB,57,20,37,22,35,0,ITI,ITI2,10,Umbria,Umbria,882015,208595,23.65,0.01
1070,2021-06-07,UMB,6959,3436,3523,6085,696,178,ITI,ITI2,10,Umbria,Umbria,882015,215554,24.44,0.79
1071,2021-03-16,UMB,3538,1454,2084,1909,1627,2,ITI,ITI2,10,Umbria,Umbria,882015,219092,24.84,0.4
1072,2021-02-27,UMB,1658,354,1304,1642,16,0,ITI,ITI2,10,Umbria,Umbria,882015,220750,25.03,0.19
1073,2021-04-03,UMB,2099,712,1387,1034,1054,11,ITI,ITI2,10,Umbria,Umbria,882015,222849,25.27,0.24
1074,2021-07-08,UMB,9576,4634,4942,180,9349,47,ITI,ITI2,10,Umbria,Umbria,882015,232425,26.35,1.09
1075,2021-05-12,UMB,6528,3038,3490,4209,2149,170,ITI,ITI2,10,Umbria,Umbria,882015,238953,27.09,0.74
1076,2021-03-30,UMB,3988,1735,2253,2406,1544,38,ITI,ITI2,10,Umbria,Umbria,882015,242941,27.54,0.45
1077,2020-12-27,UMB,88,47,41,88,0,0,ITI,ITI2,10,Umbria,Umbria,882015,243029,27.55,0.01
1078,2021-07-22,UMB,10075,4924,5151,1653,8317,105,ITI,ITI2,10,Umbria,Umbria,882015,253104,28.7,1.14
1079,2021-01-01,UMB,273,104,169,273,0,0,ITI,ITI2,10,Umbria,Umbria,882015,253377,28.73,0.03
1080,2021-04-11,UMB,3101,1506,1595,3035,49,17,ITI,ITI2,10,Umbria,Umbria,882015,256478,29.08,0.35
1081,2021-01-18,UMB,619,221,398,531,88,0,ITI,ITI2,10,Umbria,Umbria,882015,257097,29.15,0.07
1082,2021-03-18,UMB,2987,1179,1808,1713,1265,9,ITI,ITI2,10,Umbria,Umbria,882015,260084,29.49,0.34
1083,2021-06-26,UMB,9381,4758,4623,5581,3639,161,ITI,ITI2,10,Umbria,Umbria,882015,269465,30.55,1.06
1084,2021-07-10,UMB,7690,3810,3880,66,7610,14,ITI,ITI2,10,Umbria,Umbria,882015,277155,31.42,0.87
1085,2021-04-25,UMB,4362,1687,2675,3868,83,411,ITI,ITI2,10,Umbria,Umbria,882015,281517,31.92,0.49
1086,2021-08-03,UMB,9207,4761,4446,3505,5519,183,ITI,ITI2,10,Umbria,Umbria,882015,290724,32.96,1.04
1087,2021-02-06,UMB,437,163,274,34,403,0,ITI,ITI2,10,Umbria,Umbria,882015,291161,33.01,0.05
1088,2021-05-26,UMB,9665,4573,5092,8220,1253,192,ITI,ITI2,10,Umbria,Umbria,882015,300826,34.11,1.1
1089,2021-09-03,UMB,4234,2193,2041,1320,2854,60,ITI,ITI2,10,Umbria,Umbria,882015,305060,34.59,0.48
1090,2021-08-07,UMB,7232,3800,3432,2541,4619,72,ITI,ITI2,10,Umbria,Umbria,882015,312292,35.41,0.82
1091,2021-05-16,UMB,5227,2493,2734,5088,50,89,ITI,ITI2,10,Umbria,Umbria,882015,317519,36.0,0.59
1092,2021-08-24,UMB,4436,2247,2189,1872,2475,89,ITI,ITI2,10,Umbria,Umbria,882015,321955,36.5,0.5
1093,2021-07-12,UMB,4632,2242,2390,105,4515,12,ITI,ITI2,10,Umbria,Umbria,882015,326587,37.03,0.53
1094,2021-01-08,UMB,1193,344,849,1193,0,0,ITI,ITI2,10,Umbria,Umbria,882015,327780,37.16,0.14
1095,2021-05-23,UMB,5074,1857,3217,637,4421,16,ITI,ITI2,10,Umbria,Umbria,882015,332854,37.74,0.58
1096,2021-02-22,UMB,1891,807,1084,1805,86,0,ITI,ITI2,10,Umbria,Umbria,882015,334745,37.95,0.21
1097,2021-06-11,UMB,7009,3519,3490,6001,772,236,ITI,ITI2,10,Umbria,Umbria,882015,341754,38.75,0.79
1098,2021-09-07,UMB,4811,2488,2323,1023,3712,76,ITI,ITI2,10,Umbria,Umbria,882015,346565,39.29,0.55
1099,2021-05-30,UMB,5982,2999,2983,5662,202,118,ITI,ITI2,10,Umbria,Umbria,882015,352547,39.97,0.68
1100,2021-03-08,UMB,3701,1825,1876,2327,1361,13,ITI,ITI2,10,Umbria,Umbria,882015,356248,40.39,0.42
1101,2021-06-16,UMB,6326,3095,3231,3072,3100,154,ITI,ITI2,10,Umbria,Umbria,882015,362574,41.11,0.72
1102,2021-03-25,UMB,3937,1728,2209,2826,1064,47,ITI,ITI2,10,Umbria,Umbria,882015,366511,41.55,0.45
1103,2021-08-12,UMB,7354,3902,3452,4589,2546,219,ITI,ITI2,10,Umbria,Umbria,882015,373865,42.39,0.83
1104,2021-06-30,UMB,10552,5326,5226,3675,6726,151,ITI,ITI2,10,Umbria,Umbria,882015,384417,43.58,1.2
1105,2021-09-02,UMB,4360,2268,2092,959,3360,41,ITI,ITI2,10,Umbria,Umbria,882015,388777,44.08,0.49
1106,2021-07-07,UMB,9499,4502,4997,88,9380,31,ITI,ITI2,10,Umbria,Umbria,882015,398276,45.16,1.08
1107,2021-08-17,UMB,3665,1909,1756,2489,1088,88,ITI,ITI2,10,Umbria,Umbria,882015,401941,45.57,0.42
1108,2021-06-21,UMB,7552,3953,3599,5068,2338,146,ITI,ITI2,10,Umbria,Umbria,882015,409493,46.43,0.86
1109,2021-03-06,UMB,4308,1149,3159,4136,138,34,ITI,ITI2,10,Umbria,Umbria,882015,413801,46.92,0.49
1110,2021-01-22,UMB,276,105,171,32,244,0,ITI,ITI2,10,Umbria,Umbria,882015,414077,46.95,0.03
1111,2021-06-28,UMB,9831,4844,4987,3712,5990,129,ITI,ITI2,10,Umbria,Umbria,882015,423908,48.06,1.11
1112,2021-05-02,UMB,3782,1867,1915,1298,2455,29,ITI,ITI2,10,Umbria,Umbria,882015,427690,48.49,0.43
1113,2021-03-20,UMB,2320,845,1475,2290,25,5,ITI,ITI2,10,Umbria,Umbria,882015,430010,48.75,0.26
1114,2021-03-13,UMB,1735,524,1211,1486,249,0,ITI,ITI2,10,Umbria,Umbria,882015,431745,48.95,0.2
1115,2021-01-15,UMB,698,213,485,698,0,0,ITI,ITI2,10,Umbria,Umbria,882015,432443,49.03,0.08
1116,2021-08-05,UMB,9702,5076,4626,3840,5697,165,ITI,ITI2,10,Umbria,Umbria,882015,442145,50.13,1.1
1117,2021-07-19,UMB,7669,3842,3827,1525,6043,101,ITI,ITI2,10,Umbria,Umbria,882015,449814,51.0,0.87
1118,2021-04-27,UMB,5668,2401,3267,3054,2579,35,ITI,ITI2,10,Umbria,Umbria,882015,455482,51.64,0.64
1119,2021-02-03,UMB,727,174,553,67,660,0,ITI,ITI2,10,Umbria,Umbria,882015,456209,51.72,0.08
1120,2021-02-05,UMB,783,234,549,18,765,0,ITI,ITI2,10,Umbria,Umbria,882015,456992,51.81,0.09
1121,2021-07-21,UMB,9856,4914,4942,1233,8536,87,ITI,ITI2,10,Umbria,Umbria,882015,466848,52.93,1.12
1122,2021-07-04,UMB,3411,1741,1670,2342,971,98,ITI,ITI2,10,Umbria,Umbria,882015,470259,53.32,0.39
1123,2021-04-12,UMB,7093,3081,4012,5316,1717,60,ITI,ITI2,10,Umbria,Umbria,882015,477352,54.12,0.8
1124,2021-01-19,UMB,102,23,79,102,0,0,ITI,ITI2,10,Umbria,Umbria,882015,477454,54.13,0.01
1125,2021-08-31,UMB,4135,2137,1998,1223,2842,70,ITI,ITI2,10,Umbria,Umbria,882015,481589,54.6,0.47
1126,2021-08-14,UMB,5852,3233,2619,2917,2785,150,ITI,ITI2,10,Umbria,Umbria,882015,487441,55.26,0.66
1127,2021-04-20,UMB,5451,2365,3086,3429,1947,75,ITI,ITI2,10,Umbria,Umbria,882015,492892,55.88,0.62
1128,2021-01-27,UMB,842,330,512,13,829,0,ITI,ITI2,10,Umbria,Umbria,882015,493734,55.98,0.1
1129,2021-01-10,UMB,1067,274,793,1067,0,0,ITI,ITI2,10,Umbria,Umbria,882015,494801,56.1,0.12
1130,2021-05-21,UMB,8981,3672,5309,4066,4830,85,ITI,ITI2,10,Umbria,Umbria,882015,503782,57.12,1.02
1131,2021-05-04,UMB,5544,2547,2997,2355,3127,62,ITI,ITI2,10,Umbria,Umbria,882015,509326,57.75,0.63
1132,2021-04-01,UMB,4474,1911,2563,2326,2110,38,ITI,ITI2,10,Umbria,Umbria,882015,513800,58.25,0.51
1133,2021-03-01,UMB,1505,775,730,1385,114,6,ITI,ITI2,10,Umbria,Umbria,882015,515305,58.42,0.17
1134,2021-06-09,UMB,8162,3951,4211,7136,725,301,ITI,ITI2,10,Umbria,Umbria,882015,523467,59.35,0.93
1135,2021-06-23,UMB,11360,5806,5554,7679,3412,269,ITI,ITI2,10,Umbria,Umbria,882015,534827,60.64,1.29
1136,2021-03-15,UMB,4599,1941,2658,2827,1769,3,ITI,ITI2,10,Umbria,Umbria,882015,539426,61.16,0.52
1137,2021-02-10,UMB,715,350,365,700,15,0,ITI,ITI2,10,Umbria,Umbria,882015,540141,61.24,0.08
1138,2021-04-29,UMB,5240,2261,2979,2806,2343,91,ITI,ITI2,10,Umbria,Umbria,882015,545381,61.83,0.59
1139,2021-03-24,UMB,4108,1794,2314,2746,1323,39,ITI,ITI2,10,Umbria,Umbria,882015,549489,62.3,0.47
1140,2021-07-02,UMB,8759,4331,4428,2967,5611,181,ITI,ITI2,10,Umbria,Umbria,882015,558248,63.29,0.99
1141,2021-04-10,UMB,7404,3481,3923,7183,86,135,ITI,ITI2,10,Umbria,Umbria,882015,565652,64.13,0.84
1142,2021-01-17,UMB,55,17,38,55,0,0,ITI,ITI2,10,Umbria,Umbria,882015,565707,64.14,0.01
1143,2020-12-31,UMB,322,127,195,322,0,0,ITI,ITI2,10,Umbria,Umbria,882015,566029,64.17,0.04
1144,2021-03-27,UMB,4253,1515,2738,3857,340,56,ITI,ITI2,10,Umbria,Umbria,882015,570282,64.66,0.48
1145,2021-06-18,UMB,4814,2374,2440,1569,3166,79,ITI,ITI2,10,Umbria,Umbria,882015,575096,65.2,0.55
1146,2021-07-05,UMB,8422,4083,4339,153,8255,14,ITI,ITI2,10,Umbria,Umbria,882015,583518,66.16,0.95
1147,2021-05-13,UMB,5944,2671,3273,3730,2085,129,ITI,ITI2,10,Umbria,Umbria,882015,589462,66.83,0.67
1148,2021-01-29,UMB,1240,350,890,79,1161,0,ITI,ITI2,10,Umbria,Umbria,882015,590702,66.97,0.14
1149,2021-05-09,UMB,5764,2756,3008,5253,391,120,ITI,ITI2,10,Umbria,Umbria,882015,596466,67.63,0.65
1150,2021-09-04,UMB,3435,1776,1659,1100,2273,62,ITI,ITI2,10,Umbria,Umbria,882015,599901,68.01,0.39
1151,2021-07-09,UMB,9569,4631,4938,128,9417,24,ITI,ITI2,10,Umbria,Umbria,882015,609470,69.1,1.08
1152,2021-07-23,UMB,10665,5453,5212,1333,9226,106,ITI,ITI2,10,Umbria,Umbria,882015,620135,70.31,1.21
1153,2021-01-24,UMB,258,106,152,1,257,0,ITI,ITI2,10,Umbria,Umbria,882015,620393,70.34,0.03
1154,2021-08-16,UMB,3518,1742,1776,1977,1472,69,ITI,ITI2,10,Umbria,Umbria,882015,623911,70.74,0.4
1155,2021-08-30,UMB,1951,951,1000,1497,372,82,ITI,ITI2,10,Umbria,Umbria,882015,625862,70.96,0.22
1156,2021-06-08,UMB,7421,3659,3762,6655,557,209,ITI,ITI2,10,Umbria,Umbria,882015,633283,71.8,0.84
1157,2021-03-17,UMB,3331,1313,2018,1855,1474,2,ITI,ITI2,10,Umbria,Umbria,882015,636614,72.18,0.38
1158,2021-01-07,UMB,1301,388,913,1301,0,0,ITI,ITI2,10,Umbria,Umbria,882015,637915,72.32,0.15
1159,2021-06-25,UMB,10241,5318,4923,5252,4785,204,ITI,ITI2,10,Umbria,Umbria,882015,648156,73.49,1.16
1160,2021-01-26,UMB,816,390,426,17,799,0,ITI,ITI2,10,Umbria,Umbria,882015,648972,73.58,0.09
1161,2021-06-15,UMB,5992,3017,2975,3798,2075,119,ITI,ITI2,10,Umbria,Umbria,882015,654964,74.26,0.68
1162,2021-06-17,UMB,6979,3545,3434,4752,2081,146,ITI,ITI2,10,Umbria,Umbria,882015,661943,75.05,0.79
1163,2021-03-26,UMB,4602,1721,2881,4345,173,84,ITI,ITI2,10,Umbria,Umbria,882015,666545,75.57,0.52
1164,2021-01-02,UMB,304,111,193,304,0,0,ITI,ITI2,10,Umbria,Umbria,882015,666849,75.61,0.03
1165,2021-03-07,UMB,846,180,666,838,7,1,ITI,ITI2,10,Umbria,Umbria,882015,667695,75.7,0.1
1166,2021-09-08,UMB,4614,2470,2144,987,3555,72,ITI,ITI2,10,Umbria,Umbria,882015,672309,76.22,0.52
1167,2021-05-29,UMB,7862,3614,4248,6177,1571,114,ITI,ITI2,10,Umbria,Umbria,882015,680171,77.12,0.89
1168,2021-04-08,UMB,5904,2525,3379,4024,1807,73,ITI,ITI2,10,Umbria,Umbria,882015,686075,77.78,0.67
1169,2021-09-12,UMB,2546,1403,1143,389,2142,15,ITI,ITI2,10,Umbria,Umbria,882015,688621,78.07,0.29
1170,2021-07-17,UMB,7674,3857,3817,1287,6239,148,ITI,ITI2,10,Umbria,Umbria,882015,696295,78.94,0.87
1171,2021-06-04,UMB,8928,4413,4515,7541,1205,182,ITI,ITI2,10,Umbria,Umbria,882015,705223,79.96,1.01
1172,2021-08-21,UMB,2789,1465,1324,1609,1115,65,ITI,ITI2,10,Umbria,Umbria,882015,708012,80.27,0.32
1173,2021-02-19,UMB,743,293,450,525,217,1,ITI,ITI2,10,Umbria,Umbria,882015,708755,80.36,0.08
1174,2021-08-04,UMB,10671,5541,5130,3310,7195,166,ITI,ITI2,10,Umbria,Umbria,882015,719426,81.57,1.21
1175,2021-08-28,UMB,2770,1429,1341,1357,1342,71,ITI,ITI2,10,Umbria,Umbria,882015,722196,81.88,0.31
1176,2021-07-16,UMB,9630,4899,4731,666,8885,79,ITI,ITI2,10,Umbria,Umbria,882015,731826,82.97,1.09
1177,2021-05-20,UMB,9873,4610,5263,6105,3658,110,ITI,ITI2,10,Umbria,Umbria,882015,741699,84.09,1.12
1178,2021-09-11,UMB,3379,1867,1512,641,2695,43,ITI,ITI2,10,Umbria,Umbria,882015,745078,84.47,0.38
1179,2021-06-27,UMB,7480,3738,3742,1730,5672,78,ITI,ITI2,10,Umbria,Umbria,882015,752558,85.32,0.85
1180,2021-02-12,UMB,674,224,450,668,6,0,ITI,ITI2,10,Umbria,Umbria,882015,753232,85.4,0.08
1181,2021-02-26,UMB,660,253,407,650,8,2,ITI,ITI2,10,Umbria,Umbria,882015,753892,85.47,0.07
1182,2021-05-06,UMB,9474,4326,5148,6028,3316,130,ITI,ITI2,10,Umbria,Umbria,882015,763366,86.55,1.07
1183,2021-05-11,UMB,6260,2842,3418,3925,2193,142,ITI,ITI2,10,Umbria,Umbria,882015,769626,87.26,0.71
1184,2021-08-19,UMB,5725,3037,2688,3935,1611,179,ITI,ITI2,10,Umbria,Umbria,882015,775351,87.91,0.65
1185,2021-08-26,UMB,4059,2151,1908,1791,2158,110,ITI,ITI2,10,Umbria,Umbria,882015,779410,88.37,0.46
1186,2021-03-31,UMB,3900,1730,2170,2183,1685,32,ITI,ITI2,10,Umbria,Umbria,882015,783310,88.81,0.44
1187,2021-02-16,UMB,1308,655,653,1299,9,0,ITI,ITI2,10,Umbria,Umbria,882015,784618,88.96,0.15
1188,2021-05-27,UMB,9982,4871,5111,8475,1325,182,ITI,ITI2,10,Umbria,Umbria,882015,794600,90.09,1.13
1189,2021-01-04,UMB,810,397,413,810,0,0,ITI,ITI2,10,Umbria,Umbria,882015,795410,90.18,0.09
1190,2021-04-14,UMB,8159,3682,4477,6100,1980,79,ITI,ITI2,10,Umbria,Umbria,882015,803569,91.11,0.93
1191,2021-09-01,UMB,4595,2368,2227,1135,3402,58,ITI,ITI2,10,Umbria,Umbria,882015,808164,91.63,0.52
1192,2021-06-10,UMB,7568,3769,3799,6464,790,314,ITI,ITI2,10,Umbria,Umbria,882015,815732,92.49,0.86
1193,2021-08-13,UMB,6972,3869,3103,4247,2525,200,ITI,ITI2,10,Umbria,Umbria,882015,822704,93.28,0.79
1194,2021-07-13,UMB,4235,2006,2229,78,4149,8,ITI,ITI2,10,Umbria,Umbria,882015,826939,93.76,0.48
1195,2021-04-21,UMB,5332,2320,3012,3061,2232,39,ITI,ITI2,10,Umbria,Umbria,882015,832271,94.36,0.6
1196,2021-07-30,UMB,6219,3243,2976,3185,2913,121,ITI,ITI2,10,Umbria,Umbria,882015,838490,95.07,0.71
1197,2021-03-02,UMB,3646,1346,2300,3637,6,3,ITI,ITI2,10,Umbria,Umbria,882015,842136,95.48,0.41
1198,2021-06-24,UMB,10268,5169,5099,6026,4013,229,ITI,ITI2,10,Umbria,Umbria,882015,852404,96.64,1.16
1199,2021-06-03,UMB,9051,4474,4577,8584,290,177,ITI,ITI2,10,Umbria,Umbria,882015,861455,97.67,1.03
1200,2021-04-07,UMB,5627,2305,3322,3534,2006,87,ITI,ITI2,10,Umbria,Umbria,882015,867082,98.31,0.64
1201,2021-02-23,UMB,1691,657,1034,1648,42,1,ITI,ITI2,10,Umbria,Umbria,882015,868773,98.5,0.19
1202,2021-08-23,UMB,5290,2820,2470,1543,3662,85,ITI,ITI2,10,Umbria,Umbria,882015,874063,99.1,0.6
1203,2021-09-09,UMB,5450,2836,2614,1037,4361,52,ITI,ITI2,10,Umbria,Umbria,882015,879513,99.72,0.62
1204,2021-06-01,UMB,4389,2090,2299,4161,156,72,ITI,ITI2,10,Umbria,Umbria,882015,883902,100.21,0.5
1205,2021-03-10,UMB,4032,1943,2089,2760,1257,15,ITI,ITI2,10,Umbria,Umbria,882015,887934,100.67,0.46
1206,2021-06-13,UMB,6767,3558,3209,6392,230,145,ITI,ITI2,10,Umbria,Umbria,882015,894701,101.44,0.77
1207,2021-05-01,UMB,5377,2641,2736,2099,3232,46,ITI,ITI2,10,Umbria,Umbria,882015,900078,102.05,0.61
1208,2021-03-05,UMB,4624,1403,3221,3950,659,15,ITI,ITI2,10,Umbria,Umbria,882015,904702,102.57,0.52
1209,2021-08-09,UMB,6696,3547,3149,3503,3033,160,ITI,ITI2,10,Umbria,Umbria,882015,911398,103.33,0.76
1210,2021-03-03,UMB,4433,1772,2661,3719,711,3,ITI,ITI2,10,Umbria,Umbria,882015,915831,103.83,0.5
1211,2021-08-11,UMB,7621,4086,3535,3719,3716,186,ITI,ITI2,10,Umbria,Umbria,882015,923452,104.7,0.86
1212,2021-07-28,UMB,8241,4335,3906,2972,5156,113,ITI,ITI2,10,Umbria,Umbria,882015,931693,105.63,0.93
1213,2021-02-11,UMB,839,348,491,834,5,0,ITI,ITI2,10,Umbria,Umbria,882015,932532,105.73,0.1
1214,2021-05-22,UMB,6984,2762,4222,2603,4332,49,ITI,ITI2,10,Umbria,Umbria,882015,939516,106.52,0.79
1215,2021-07-11,UMB,5875,2967,2908,89,5785,1,ITI,ITI2,10,Umbria,Umbria,882015,945391,107.19,0.67
1216,2021-04-02,UMB,4349,1782,2567,3548,756,45,ITI,ITI2,10,Umbria,Umbria,882015,949740,107.68,0.49
1217,2021-01-09,UMB,1718,495,1223,1718,0,0,ITI,ITI2,10,Umbria,Umbria,882015,951458,107.87,0.19
1218,2021-04-19,UMB,5038,2228,2810,2932,2048,58,ITI,ITI2,10,Umbria,Umbria,882015,956496,108.44,0.57
1219,2021-03-29,UMB,3638,1604,2034,2153,1424,61,ITI,ITI2,10,Umbria,Umbria,882015,960134,108.86,0.41
1220,2021-01-31,UMB,1061,276,785,25,1036,0,ITI,ITI2,10,Umbria,Umbria,882015,961195,108.98,0.12
1221,2021-05-25,UMB,8827,4304,4523,7588,1066,173,ITI,ITI2,10,Umbria,Umbria,882015,970022,109.98,1.0
1222,2021-06-06,UMB,7610,3906,3704,6790,694,126,ITI,ITI2,10,Umbria,Umbria,882015,977632,110.84,0.86
1223,2021-02-24,UMB,1521,564,957,1506,15,0,ITI,ITI2,10,Umbria,Umbria,882015,979153,111.01,0.17
1224,2021-08-18,UMB,4703,2459,2244,3439,1146,118,ITI,ITI2,10,Umbria,Umbria,882015,983856,111.55,0.53
1225,2021-07-06,UMB,8600,4093,4507,149,8428,23,ITI,ITI2,10,Umbria,Umbria,882015,992456,112.52,0.98
1226,2021-05-10,UMB,6012,2814,3198,3743,2152,117,ITI,ITI2,10,Umbria,Umbria,882015,998468,113.2,0.68
1227,2021-05-08,UMB,8162,3749,4413,4806,3250,106,ITI,ITI2,10,Umbria,Umbria,882015,1006630,114.13,0.93
1228,2021-01-28,UMB,1248,394,854,18,1230,0,ITI,ITI2,10,Umbria,Umbria,882015,1007878,114.27,0.14
1229,2021-05-03,UMB,5091,2273,2818,2099,2888,104,ITI,ITI2,10,Umbria,Umbria,882015,1012969,114.85,0.58
1230,2021-01-16,UMB,204,61,143,203,0,1,ITI,ITI2,10,Umbria,Umbria,882015,1013173,114.87,0.02
1231,2021-02-02,UMB,945,272,673,32,913,0,ITI,ITI2,10,Umbria,Umbria,882015,1014118,114.98,0.11
1232,2021-04-26,UMB,5402,2342,3060,3105,2255,42,ITI,ITI2,10,Umbria,Umbria,882015,1019520,115.59,0.61
1233,2021-04-09,UMB,6750,3130,3620,6412,216,122,ITI,ITI2,10,Umbria,Umbria,882015,1026270,116.36,0.77
1234,2021-04-28,UMB,5394,2332,3062,2939,2398,57,ITI,ITI2,10,Umbria,Umbria,882015,1031664,116.97,0.61
1235,2021-08-06,UMB,8240,4309,3931,3330,4822,88,ITI,ITI2,10,Umbria,Umbria,882015,1039904,117.9,0.93
1236,2021-02-04,UMB,736,226,510,26,710,0,ITI,ITI2,10,Umbria,Umbria,882015,1040640,117.98,0.08
1237,2021-05-15,UMB,4998,1886,3112,1766,3168,64,ITI,ITI2,10,Umbria,Umbria,882015,1045638,118.55,0.57
1238,2021-02-21,UMB,1,0,1,1,0,0,ITI,ITI2,10,Umbria,Umbria,882015,1045639,118.55,0.0
1239,2021-01-23,UMB,280,100,180,2,278,0,ITI,ITI2,10,Umbria,Umbria,882015,1045919,118.58,0.03
1240,2021-01-21,UMB,609,203,406,339,269,1,ITI,ITI2,10,Umbria,Umbria,882015,1046528,118.65,0.07
1241,2021-08-20,UMB,4345,2314,2031,2920,1280,145,ITI,ITI2,10,Umbria,Umbria,882015,1050873,119.14,0.49
1242,2021-05-18,UMB,7768,3364,4404,3837,3841,90,ITI,ITI2,10,Umbria,Umbria,882015,1058641,120.03,0.88
1243,2021-03-22,UMB,3562,1657,1905,2306,1246,10,ITI,ITI2,10,Umbria,Umbria,882015,1062203,120.43,0.4
1244,2021-04-05,UMB,4251,1729,2522,2182,2057,12,ITI,ITI2,10,Umbria,Umbria,882015,1066454,120.91,0.48
1245,2021-02-07,UMB,55,17,38,1,54,0,ITI,ITI2,10,Umbria,Umbria,882015,1066509,120.92,0.01
1246,2021-07-14,UMB,6207,3011,3196,1634,4264,309,ITI,ITI2,10,Umbria,Umbria,882015,1072716,121.62,0.7
1247,2021-08-01,UMB,3026,1533,1493,1330,1650,46,ITI,ITI2,10,Umbria,Umbria,882015,1075742,121.96,0.34
1248,2021-07-18,UMB,7853,4063,3790,273,7553,27,ITI,ITI2,10,Umbria,Umbria,882015,1083595,122.85,0.89
1249,2021-06-05,UMB,8232,3777,4455,5416,2655,161,ITI,ITI2,10,Umbria,Umbria,882015,1091827,123.79,0.93
1250,2021-09-06,UMB,4576,2385,2191,894,3645,37,ITI,ITI2,10,Umbria,Umbria,882015,1096403,124.31,0.52
1251,2021-07-25,UMB,7310,3852,3458,1167,6099,44,ITI,ITI2,10,Umbria,Umbria,882015,1103713,125.14,0.83
1252,2021-07-26,UMB,9090,4803,4287,3873,5090,127,ITI,ITI2,10,Umbria,Umbria,882015,1112803,126.17,1.03
1253,2021-05-28,UMB,9600,4440,5160,7116,2300,184,ITI,ITI2,10,Umbria,Umbria,882015,1122403,127.25,1.09
1254,2021-04-15,UMB,7665,3505,4160,5702,1889,74,ITI,ITI2,10,Umbria,Umbria,882015,1130068,128.12,0.87
1255,2021-02-17,UMB,1619,748,871,1266,352,1,ITI,ITI2,10,Umbria,Umbria,882015,1131687,128.31,0.18
1256,2021-07-24,UMB,8698,4368,4330,1346,7284,68,ITI,ITI2,10,Umbria,Umbria,882015,1140385,129.29,0.99
1257,2021-04-13,UMB,7683,3402,4281,5924,1669,90,ITI,ITI2,10,Umbria,Umbria,882015,1148068,130.16,0.87
1258,2021-02-15,UMB,1367,692,675,1364,1,2,ITI,ITI2,10,Umbria,Umbria,882015,1149435,130.32,0.15
1259,2021-01-03,UMB,270,112,158,270,0,0,ITI,ITI2,10,Umbria,Umbria,882015,1149705,130.35,0.03
1260,2021-07-31,UMB,4334,2262,2072,1478,2809,47,ITI,ITI2,10,Umbria,Umbria,882015,1154039,130.84,0.49
1261,2021-04-22,UMB,5458,2251,3207,2702,2674,82,ITI,ITI2,10,Umbria,Umbria,882015,1159497,131.46,0.62
1262,2021-04-17,UMB,6696,3077,3619,5186,1343,167,ITI,ITI2,10,Umbria,Umbria,882015,1166193,132.22,0.76
1263,2021-01-05,UMB,855,430,425,855,0,0,ITI,ITI2,10,Umbria,Umbria,882015,1167048,132.32,0.1
1264,2021-08-02,UMB,5537,2897,2640,259,5256,22,ITI,ITI2,10,Umbria,Umbria,882015,1172585,132.94,0.63
1265,2021-06-20,UMB,6225,3007,3218,1577,4605,43,ITI,ITI2,10,Umbria,Umbria,882015,1178810,133.65,0.71
1266,2021-04-24,UMB,4566,1962,2604,3277,1183,106,ITI,ITI2,10,Umbria,Umbria,882015,1183376,134.17,0.52
1267,2021-01-12,UMB,838,247,591,838,0,0,ITI,ITI2,10,Umbria,Umbria,882015,1184214,134.26,0.1
1268,2021-03-14,UMB,66,48,18,66,0,0,ITI,ITI2,10,Umbria,Umbria,882015,1184280,134.27,0.01
1269,2021-06-22,UMB,8091,4105,3986,5146,2800,145,ITI,ITI2,10,Umbria,Umbria,882015,1192371,135.19,0.92
1270,2021-03-12,UMB,2695,1082,1613,2191,496,8,ITI,ITI2,10,Umbria,Umbria,882015,1195066,135.49,0.31
1271,2021-03-21,UMB,676,338,338,673,0,3,ITI,ITI2,10,Umbria,Umbria,882015,1195742,135.57,0.08
1272,2021-08-25,UMB,4287,2230,2057,1541,2666,80,ITI,ITI2,10,Umbria,Umbria,882015,1200029,136.06,0.49
1273,2021-06-29,UMB,9975,5083,4892,4112,5703,160,ITI,ITI2,10,Umbria,Umbria,882015,1210004,137.19,1.13
1274,2021-05-17,UMB,6379,3068,3311,4113,2180,86,ITI,ITI2,10,Umbria,Umbria,882015,1216383,137.91,0.72
1275,2021-01-14,UMB,725,192,533,725,0,0,ITI,ITI2,10,Umbria,Umbria,882015,1217108,137.99,0.08
1276,2021-03-19,UMB,1744,566,1178,1083,656,5,ITI,ITI2,10,Umbria,Umbria,882015,1218852,138.19,0.2
1277,2021-08-23,MOL,1723,933,790,270,1440,13,ITF,ITF2,14,Molise,Molise,305617,1723,0.56,0.56
1278,2021-02-19,MOL,171,95,76,169,2,0,ITF,ITF2,14,Molise,Molise,305617,1894,0.62,0.06
1279,2021-03-10,MOL,1750,725,1025,1677,50,23,ITF,ITF2,14,Molise,Molise,305617,3644,1.19,0.57
1280,2021-06-01,MOL,2640,1342,1298,2483,111,46,ITF,ITF2,14,Molise,Molise,305617,6284,2.06,0.86
1281,2021-09-09,MOL,1200,624,576,416,769,15,ITF,ITF2,14,Molise,Molise,305617,7484,2.45,0.39
1282,2021-05-01,MOL,2673,1282,1391,407,2232,34,ITF,ITF2,14,Molise,Molise,305617,10157,3.32,0.87
1283,2021-03-05,MOL,1232,656,576,1009,209,14,ITF,ITF2,14,Molise,Molise,305617,11389,3.73,0.4
1284,2021-08-09,MOL,3442,1780,1662,1632,1759,51,ITF,ITF2,14,Molise,Molise,305617,14831,4.85,1.13
1285,2021-06-13,MOL,2940,1563,1377,2565,329,46,ITF,ITF2,14,Molise,Molise,305617,17771,5.81,0.96
1286,2021-04-17,MOL,3103,1528,1575,1555,1503,45,ITF,ITF2,14,Molise,Molise,305617,20874,6.83,1.02
1287,2021-01-26,MOL,450,184,266,8,442,0,ITF,ITF2,14,Molise,Molise,305617,21324,6.98,0.15
1288,2021-05-06,MOL,2750,1244,1506,2061,611,78,ITF,ITF2,14,Molise,Molise,305617,24074,7.88,0.9
1289,2021-07-28,MOL,2459,1306,1153,1151,1273,35,ITF,ITF2,14,Molise,Molise,305617,26533,8.68,0.8
1290,2021-07-14,MOL,3440,1683,1757,210,3213,17,ITF,ITF2,14,Molise,Molise,305617,29973,9.81,1.13
1291,2021-04-05,MOL,392,190,202,293,99,0,ITF,ITF2,14,Molise,Molise,305617,30365,9.94,0.13
1292,2021-03-29,MOL,2070,846,1224,1524,489,57,ITF,ITF2,14,Molise,Molise,305617,32435,10.61,0.68
1293,2021-06-27,MOL,2389,1129,1260,1141,1237,11,ITF,ITF2,14,Molise,Molise,305617,34824,11.39,0.78
1294,2021-01-07,MOL,602,210,392,602,0,0,ITF,ITF2,14,Molise,Molise,305617,35426,11.59,0.2
1295,2021-02-12,MOL,337,152,185,212,124,1,ITF,ITF2,14,Molise,Molise,305617,35763,11.7,0.11
1296,2021-03-24,MOL,1657,662,995,1221,402,34,ITF,ITF2,14,Molise,Molise,305617,37420,12.24,0.54
1297,2021-07-02,MOL,2709,1315,1394,137,2562,10,ITF,ITF2,14,Molise,Molise,305617,40129,13.13,0.89
1298,2021-07-04,MOL,2162,1091,1071,585,1554,23,ITF,ITF2,14,Molise,Molise,305617,42291,13.84,0.71
1299,2021-08-11,MOL,2024,1058,966,1144,816,64,ITF,ITF2,14,Molise,Molise,305617,44315,14.5,0.66
1300,2021-01-12,MOL,337,114,223,337,0,0,ITF,ITF2,14,Molise,Molise,305617,44652,14.61,0.11
1301,2021-02-07,MOL,67,32,35,20,47,0,ITF,ITF2,14,Molise,Molise,305617,44719,14.63,0.02
1302,2021-05-18,MOL,1675,893,782,1004,658,13,ITF,ITF2,14,Molise,Molise,305617,46394,15.18,0.55
1303,2021-03-22,MOL,1172,450,722,897,245,30,ITF,ITF2,14,Molise,Molise,305617,47566,15.56,0.38
1304,2021-07-23,MOL,2935,1527,1408,876,2000,59,ITF,ITF2,14,Molise,Molise,305617,50501,16.52,0.96
1305,2021-09-04,MOL,1636,902,734,684,931,21,ITF,ITF2,14,Molise,Molise,305617,52137,17.06,0.54
1306,2021-08-28,MOL,1727,960,767,644,1067,16,ITF,ITF2,14,Molise,Molise,305617,53864,17.62,0.57
1307,2021-05-13,MOL,3111,1445,1666,2556,461,94,ITF,ITF2,14,Molise,Molise,305617,56975,18.64,1.02
1308,2021-08-21,MOL,2167,1220,947,1099,1016,52,ITF,ITF2,14,Molise,Molise,305617,59142,19.35,0.71
1309,2021-08-04,MOL,2526,1308,1218,964,1543,19,ITF,ITF2,14,Molise,Molise,305617,61668,20.18,0.83
1310,2021-06-20,MOL,424,174,250,48,372,4,ITF,ITF2,14,Molise,Molise,305617,62092,20.32,0.14
1311,2021-04-24,MOL,2579,1215,1364,701,1850,28,ITF,ITF2,14,Molise,Molise,305617,64671,21.16,0.84
1312,2021-02-26,MOL,566,261,305,492,73,1,ITF,ITF2,14,Molise,Molise,305617,65237,21.35,0.19
1313,2021-08-02,MOL,2725,1421,1304,1203,1474,48,ITF,ITF2,14,Molise,Molise,305617,67962,22.24,0.89
1314,2021-06-06,MOL,2116,1090,1026,1760,328,28,ITF,ITF2,14,Molise,Molise,305617,70078,22.93,0.69
1315,2021-03-19,MOL,1209,489,720,747,430,32,ITF,ITF2,14,Molise,Molise,305617,71287,23.33,0.4
1316,2021-01-21,MOL,6,2,4,6,0,0,ITF,ITF2,14,Molise,Molise,305617,71293,23.33,0.0
1317,2021-03-17,MOL,977,407,570,526,333,118,ITF,ITF2,14,Molise,Molise,305617,72270,23.65,0.32
1318,2021-06-25,MOL,3460,1703,1757,1478,1921,61,ITF,ITF2,14,Molise,Molise,305617,75730,24.78,1.13
1319,2021-06-08,MOL,2906,1603,1303,2202,701,3,ITF,ITF2,14,Molise,Molise,305617,78636,25.73,0.95
1320,2021-01-31,MOL,268,70,198,6,262,0,ITF,ITF2,14,Molise,Molise,305617,78904,25.82,0.09
1321,2021-09-11,MOL,1226,689,537,179,1035,12,ITF,ITF2,14,Molise,Molise,305617,80130,26.22,0.4
1322,2021-07-16,MOL,3103,1570,1533,399,2674,30,ITF,ITF2,14,Molise,Molise,305617,83233,27.23,1.02
1323,2021-07-09,MOL,3450,1659,1791,168,3264,18,ITF,ITF2,14,Molise,Molise,305617,86683,28.36,1.13
1324,2021-01-17,MOL,78,38,40,48,30,0,ITF,ITF2,14,Molise,Molise,305617,86761,28.39,0.03
1325,2021-04-10,MOL,2685,1278,1407,2466,154,65,ITF,ITF2,14,Molise,Molise,305617,89446,29.27,0.88
1326,2021-02-05,MOL,598,270,328,55,543,0,ITF,ITF2,14,Molise,Molise,305617,90044,29.46,0.2
1327,2021-01-19,MOL,174,63,111,163,11,0,ITF,ITF2,14,Molise,Molise,305617,90218,29.52,0.06
1328,2021-04-29,MOL,2264,1162,1102,883,1355,26,ITF,ITF2,14,Molise,Molise,305617,92482,30.26,0.74
1329,2021-04-12,MOL,1311,563,748,1041,252,18,ITF,ITF2,14,Molise,Molise,305617,93793,30.69,0.43
1330,2021-07-21,MOL,2121,1065,1056,794,1282,45,ITF,ITF2,14,Molise,Molise,305617,95914,31.38,0.69
1331,2021-08-16,MOL,1786,926,860,829,941,16,ITF,ITF2,14,Molise,Molise,305617,97700,31.97,0.58
1332,2021-03-15,MOL,854,349,505,576,245,33,ITF,ITF2,14,Molise,Molise,305617,98554,32.25,0.28
1333,2021-02-24,MOL,672,281,391,326,338,8,ITF,ITF2,14,Molise,Molise,305617,99226,32.47,0.22
1334,2021-05-20,MOL,2750,1417,1333,2423,190,137,ITF,ITF2,14,Molise,Molise,305617,101976,33.37,0.9
1335,2021-05-25,MOL,1984,894,1090,1309,635,40,ITF,ITF2,14,Molise,Molise,305617,103960,34.02,0.65
1336,2021-04-28,MOL,1724,944,780,491,1221,12,ITF,ITF2,14,Molise,Molise,305617,105684,34.58,0.56
1337,2021-08-06,MOL,2337,1235,1102,1088,1206,43,ITF,ITF2,14,Molise,Molise,305617,108021,35.35,0.76
1338,2021-02-21,MOL,577,228,349,575,2,0,ITF,ITF2,14,Molise,Molise,305617,108598,35.53,0.19
1339,2021-02-04,MOL,762,296,466,78,684,0,ITF,ITF2,14,Molise,Molise,305617,109360,35.78,0.25
1340,2021-05-15,MOL,3035,1426,1609,2559,388,88,ITF,ITF2,14,Molise,Molise,305617,112395,36.78,0.99
1341,2021-09-01,MOL,1848,976,872,395,1433,20,ITF,ITF2,14,Molise,Molise,305617,114243,37.38,0.6
1342,2021-01-09,MOL,457,154,303,457,0,0,ITF,ITF2,14,Molise,Molise,305617,114700,37.53,0.15
1343,2021-04-19,MOL,1900,864,1036,992,784,124,ITF,ITF2,14,Molise,Molise,305617,116600,38.15,0.62
1344,2021-03-31,MOL,2271,938,1333,1321,820,130,ITF,ITF2,14,Molise,Molise,305617,118871,38.9,0.74
1345,2021-03-07,MOL,1133,501,632,1128,2,3,ITF,ITF2,14,Molise,Molise,305617,120004,39.27,0.37
1346,2021-06-15,MOL,2254,1061,1193,777,1459,18,ITF,ITF2,14,Molise,Molise,305617,122258,40.0,0.74
1347,2021-08-20,MOL,2460,1295,1165,505,1935,20,ITF,ITF2,14,Molise,Molise,305617,124718,40.81,0.8
1348,2021-01-28,MOL,617,218,399,19,598,0,ITF,ITF2,14,Molise,Molise,305617,125335,41.01,0.2
1349,2021-03-03,MOL,677,320,357,588,83,6,ITF,ITF2,14,Molise,Molise,305617,126012,41.23,0.22
1350,2021-01-05,MOL,451,180,271,451,0,0,ITF,ITF2,14,Molise,Molise,305617,126463,41.38,0.15
1351,2021-07-06,MOL,3072,1433,1639,38,3029,5,ITF,ITF2,14,Molise,Molise,305617,129535,42.38,1.01
1352,2021-05-10,MOL,2950,1306,1644,2511,376,63,ITF,ITF2,14,Molise,Molise,305617,132485,43.35,0.97
1353,2021-06-29,MOL,2510,1168,1342,386,2093,31,ITF,ITF2,14,Molise,Molise,305617,134995,44.17,0.82
1354,2021-05-03,MOL,2553,1212,1341,2319,164,70,ITF,ITF2,14,Molise,Molise,305617,137548,45.01,0.84
1355,2021-05-17,MOL,2266,1108,1158,1718,498,50,ITF,ITF2,14,Molise,Molise,305617,139814,45.75,0.74
1356,2021-03-21,MOL,1254,546,708,481,770,3,ITF,ITF2,14,Molise,Molise,305617,141068,46.16,0.41
1357,2021-08-25,MOL,1503,809,694,342,1151,10,ITF,ITF2,14,Molise,Molise,305617,142571,46.65,0.49
1358,2021-03-14,MOL,601,242,359,18,583,0,ITF,ITF2,14,Molise,Molise,305617,143172,46.85,0.2
1359,2021-08-18,MOL,1347,706,641,344,981,22,ITF,ITF2,14,Molise,Molise,305617,144519,47.29,0.44
1360,2021-06-22,MOL,2982,1378,1604,675,2287,20,ITF,ITF2,14,Molise,Molise,305617,147501,48.26,0.98
1361,2021-02-02,MOL,540,176,364,216,323,1,ITF,ITF2,14,Molise,Molise,305617,148041,48.44,0.18
1362,2021-01-16,MOL,426,169,257,426,0,0,ITF,ITF2,14,Molise,Molise,305617,148467,48.58,0.14
1363,2021-04-26,MOL,1174,528,646,816,332,26,ITF,ITF2,14,Molise,Molise,305617,149641,48.96,0.38
1364,2021-04-09,MOL,2367,1271,1096,2118,192,57,ITF,ITF2,14,Molise,Molise,305617,152008,49.74,0.77
1365,2021-01-18,MOL,117,48,69,117,0,0,ITF,ITF2,14,Molise,Molise,305617,152125,49.78,0.04
1366,2021-04-11,MOL,1220,603,617,1175,14,31,ITF,ITF2,14,Molise,Molise,305617,153345,50.18,0.4
1367,2021-07-20,MOL,2198,1110,1088,1028,1120,50,ITF,ITF2,14,Molise,Molise,305617,155543,50.89,0.72
1368,2021-07-03,MOL,2765,1391,1374,579,2164,22,ITF,ITF2,14,Molise,Molise,305617,158308,51.8,0.9
1369,2021-08-08,MOL,893,467,426,648,229,16,ITF,ITF2,14,Molise,Molise,305617,159201,52.09,0.29
1370,2021-07-22,MOL,2259,1120,1139,846,1354,59,ITF,ITF2,14,Molise,Molise,305617,161460,52.83,0.74
1371,2021-07-13,MOL,2831,1436,1395,323,2490,18,ITF,ITF2,14,Molise,Molise,305617,164291,53.76,0.93
1372,2021-02-28,MOL,838,337,501,793,43,2,ITF,ITF2,14,Molise,Molise,305617,165129,54.03,0.27
1373,2021-02-27,MOL,1374,571,803,1348,20,6,ITF,ITF2,14,Molise,Molise,305617,166503,54.48,0.45
1374,2021-08-30,MOL,1693,911,782,228,1446,19,ITF,ITF2,14,Molise,Molise,305617,168196,55.03,0.55
1375,2021-06-24,MOL,3361,1564,1797,442,2881,38,ITF,ITF2,14,Molise,Molise,305617,171557,56.13,1.1
1376,2021-03-02,MOL,674,387,287,508,159,7,ITF,ITF2,14,Molise,Molise,305617,172231,56.36,0.22
1377,2021-06-10,MOL,2624,1206,1418,1276,1301,47,ITF,ITF2,14,Molise,Molise,305617,174855,57.21,0.86
1378,2021-04-02,MOL,1487,727,760,669,784,34,ITF,ITF2,14,Molise,Molise,305617,176342,57.7,0.49
1379,2021-07-11,MOL,2465,1200,1265,181,2280,4,ITF,ITF2,14,Molise,Molise,305617,178807,58.51,0.81
1380,2021-08-13,MOL,1538,801,737,1123,384,31,ITF,ITF2,14,Molise,Molise,305617,180345,59.01,0.5
1381,2021-05-08,MOL,3039,1478,1561,1718,1258,63,ITF,ITF2,14,Molise,Molise,305617,183384,60.0,0.99
1382,2021-04-21,MOL,1892,798,1094,971,910,11,ITF,ITF2,14,Molise,Molise,305617,185276,60.62,0.62
1383,2021-07-30,MOL,2699,1398,1301,1442,1196,61,ITF,ITF2,14,Molise,Molise,305617,187975,61.51,0.88
1384,2021-02-11,MOL,297,133,164,260,37,0,ITF,ITF2,14,Molise,Molise,305617,188272,61.6,0.1
1385,2021-05-22,MOL,2312,1197,1115,2197,91,24,ITF,ITF2,14,Molise,Molise,305617,190584,62.36,0.76
1386,2021-06-17,MOL,2325,1026,1299,921,1373,31,ITF,ITF2,14,Molise,Molise,305617,192909,63.12,0.76
1387,2021-09-08,MOL,974,515,459,251,719,4,ITF,ITF2,14,Molise,Molise,305617,193883,63.44,0.32
1388,2021-03-26,MOL,2638,1062,1576,1907,646,85,ITF,ITF2,14,Molise,Molise,305617,196521,64.3,0.86
1389,2021-03-28,MOL,1640,757,883,523,1103,14,ITF,ITF2,14,Molise,Molise,305617,198161,64.84,0.54
1390,2021-01-30,MOL,465,161,304,12,453,0,ITF,ITF2,14,Molise,Molise,305617,198626,64.99,0.15
1391,2021-06-07,MOL,1987,875,1112,1136,824,27,ITF,ITF2,14,Molise,Molise,305617,200613,65.64,0.65
1392,2021-02-13,MOL,132,80,52,132,0,0,ITF,ITF2,14,Molise,Molise,305617,200745,65.69,0.04
1393,2021-08-29,MOL,1431,780,651,111,1311,9,ITF,ITF2,14,Molise,Molise,305617,202176,66.15,0.47
1394,2021-05-24,MOL,1989,865,1124,1282,675,32,ITF,ITF2,14,Molise,Molise,305617,204165,66.8,0.65
1395,2021-05-07,MOL,2697,1257,1440,2031,602,64,ITF,ITF2,14,Molise,Molise,305617,206862,67.69,0.88
1396,2021-04-18,MOL,1092,486,606,143,939,10,ITF,ITF2,14,Molise,Molise,305617,207954,68.04,0.36
1397,2021-03-25,MOL,1837,741,1096,1291,498,48,ITF,ITF2,14,Molise,Molise,305617,209791,68.65,0.6
1398,2021-03-08,MOL,1399,528,871,1214,140,45,ITF,ITF2,14,Molise,Molise,305617,211190,69.1,0.46
1399,2021-06-16,MOL,2128,1052,1076,1167,943,18,ITF,ITF2,14,Molise,Molise,305617,213318,69.8,0.7
1400,2021-04-13,MOL,1643,722,921,1040,589,14,ITF,ITF2,14,Molise,Molise,305617,214961,70.34,0.54
1401,2021-03-27,MOL,2766,1284,1482,1303,1434,29,ITF,ITF2,14,Molise,Molise,305617,217727,71.24,0.91
1402,2021-07-05,MOL,2745,1286,1459,40,2703,2,ITF,ITF2,14,Molise,Molise,305617,220472,72.14,0.9
1403,2021-06-18,MOL,2793,1264,1529,1303,1462,28,ITF,ITF2,14,Molise,Molise,305617,223265,73.05,0.91
1404,2021-05-30,MOL,1889,946,943,1567,287,35,ITF,ITF2,14,Molise,Molise,305617,225154,73.67,0.62
1405,2021-09-07,MOL,921,498,423,346,563,12,ITF,ITF2,14,Molise,Molise,305617,226075,73.97,0.3
1406,2021-02-23,MOL,586,223,363,362,221,3,ITF,ITF2,14,Molise,Molise,305617,226661,74.17,0.19
1407,2021-06-03,MOL,3334,1588,1746,2726,560,48,ITF,ITF2,14,Molise,Molise,305617,229995,75.26,1.09
1408,2021-04-07,MOL,1740,882,858,1376,276,88,ITF,ITF2,14,Molise,Molise,305617,231735,75.83,0.57
1409,2021-06-05,MOL,3042,1536,1506,2825,177,40,ITF,ITF2,14,Molise,Molise,305617,234777,76.82,1.0
1410,2021-07-18,MOL,1777,895,882,126,1641,10,ITF,ITF2,14,Molise,Molise,305617,236554,77.4,0.58
1411,2021-02-18,MOL,324,74,250,307,13,4,ITF,ITF2,14,Molise,Molise,305617,236878,77.51,0.11
1412,2021-03-09,MOL,1342,585,757,1155,154,33,ITF,ITF2,14,Molise,Molise,305617,238220,77.95,0.44
1413,2021-09-05,MOL,7,6,1,7,0,0,ITF,ITF2,14,Molise,Molise,305617,238227,77.95,0.0
1414,2021-02-06,MOL,431,179,252,30,401,0,ITF,ITF2,14,Molise,Molise,305617,238658,78.09,0.14
1415,2021-03-16,MOL,618,230,388,266,348,4,ITF,ITF2,14,Molise,Molise,305617,239276,78.29,0.2
1416,2021-01-11,MOL,562,194,368,562,0,0,ITF,ITF2,14,Molise,Molise,305617,239838,78.48,0.18
1417,2021-07-29,MOL,2473,1270,1203,1600,822,51,ITF,ITF2,14,Molise,Molise,305617,242311,79.29,0.81
1418,2021-07-27,MOL,1956,1079,877,1331,555,70,ITF,ITF2,14,Molise,Molise,305617,244267,79.93,0.64
1419,2021-07-10,MOL,3744,1789,1955,326,3404,14,ITF,ITF2,14,Molise,Molise,305617,248011,81.15,1.23
1420,2021-04-04,MOL,258,142,116,231,15,12,ITF,ITF2,14,Molise,Molise,305617,248269,81.24,0.08
1421,2021-03-18,MOL,1220,495,725,637,465,118,ITF,ITF2,14,Molise,Molise,305617,249489,81.63,0.4
1422,2021-06-26,MOL,3141,1545,1596,530,2596,15,ITF,ITF2,14,Molise,Molise,305617,252630,82.66,1.03
1423,2021-03-12,MOL,1470,641,829,1410,36,24,ITF,ITF2,14,Molise,Molise,305617,254100,83.14,0.48
1424,2021-01-14,MOL,652,240,412,652,0,0,ITF,ITF2,14,Molise,Molise,305617,254752,83.36,0.21
1425,2021-06-04,MOL,3113,1531,1582,2613,459,41,ITF,ITF2,14,Molise,Molise,305617,257865,84.38,1.02
1426,2021-04-08,MOL,1806,928,878,1555,203,48,ITF,ITF2,14,Molise,Molise,305617,259671,84.97,0.59
1427,2021-09-12,MOL,326,169,157,290,25,11,ITF,ITF2,14,Molise,Molise,305617,259997,85.07,0.11
1428,2021-07-17,MOL,2878,1533,1345,303,2552,23,ITF,ITF2,14,Molise,Molise,305617,262875,86.01,0.94
1429,2021-04-22,MOL,1861,871,990,1062,781,18,ITF,ITF2,14,Molise,Molise,305617,264736,86.62,0.61
1430,2021-02-10,MOL,152,80,72,132,20,0,ITF,ITF2,14,Molise,Molise,305617,264888,86.67,0.05
1431,2021-05-21,MOL,2292,1157,1135,1811,330,151,ITF,ITF2,14,Molise,Molise,305617,267180,87.42,0.75
1432,2021-01-27,MOL,675,251,424,8,667,0,ITF,ITF2,14,Molise,Molise,305617,267855,87.64,0.22
1433,2021-08-14,MOL,1622,875,747,705,896,21,ITF,ITF2,14,Molise,Molise,305617,269477,88.17,0.53
1434,2021-01-08,MOL,432,142,290,432,0,0,ITF,ITF2,14,Molise,Molise,305617,269909,88.32,0.14
1435,2021-09-02,MOL,1527,790,737,306,1195,26,ITF,ITF2,14,Molise,Molise,305617,271436,88.82,0.5
1436,2021-04-01,MOL,1499,677,822,742,730,27,ITF,ITF2,14,Molise,Molise,305617,272935,89.31,0.49
1437,2021-07-31,MOL,2012,1122,890,764,1202,46,ITF,ITF2,14,Molise,Molise,305617,274947,89.96,0.66
1438,2021-02-17,MOL,72,32,40,50,15,7,ITF,ITF2,14,Molise,Molise,305617,275019,89.99,0.02
1439,2021-07-24,MOL,3158,1698,1460,738,2390,30,ITF,ITF2,14,Molise,Molise,305617,278177,91.02,1.03
1440,2021-05-28,MOL,2684,1377,1307,2062,549,73,ITF,ITF2,14,Molise,Molise,305617,280861,91.9,0.88
1441,2021-06-11,MOL,3490,1679,1811,1997,1440,53,ITF,ITF2,14,Molise,Molise,305617,284351,93.04,1.14
1442,2021-04-15,MOL,1956,805,1151,1096,851,9,ITF,ITF2,14,Molise,Molise,305617,286307,93.68,0.64
1443,2021-02-20,MOL,1021,444,577,1001,20,0,ITF,ITF2,14,Molise,Molise,305617,287328,94.02,0.33
1444,2021-05-31,MOL,2391,1164,1227,1915,428,48,ITF,ITF2,14,Molise,Molise,305617,289719,94.8,0.78
1445,2021-05-14,MOL,2690,1241,1449,1901,724,65,ITF,ITF2,14,Molise,Molise,305617,292409,95.68,0.88
1446,2021-08-22,MOL,389,202,187,3,386,0,ITF,ITF2,14,Molise,Molise,305617,292798,95.81,0.13
1447,2021-06-02,MOL,2862,1376,1486,2728,100,34,ITF,ITF2,14,Molise,Molise,305617,295660,96.74,0.94
1448,2021-09-10,MOL,1002,528,474,382,606,14,ITF,ITF2,14,Molise,Molise,305617,296662,97.07,0.33
1449,2021-03-04,MOL,858,422,436,517,325,16,ITF,ITF2,14,Molise,Molise,305617,297520,97.35,0.28
1450,2021-06-12,MOL,5959,3065,2894,5666,203,90,ITF,ITF2,14,Molise,Molise,305617,303479,99.3,1.95
1451,2021-08-17,MOL,1667,878,789,340,1310,17,ITF,ITF2,14,Molise,Molise,305617,305146,99.85,0.55
1452,2021-06-14,MOL,1653,822,831,549,1087,17,ITF,ITF2,14,Molise,Molise,305617,306799,100.39,0.54
1453,2021-01-25,MOL,319,130,189,3,316,0,ITF,ITF2,14,Molise,Molise,305617,307118,100.49,0.1
1454,2021-05-05,MOL,2495,1070,1425,2304,145,46,ITF,ITF2,14,Molise,Molise,305617,309613,101.31,0.82
1455,2021-05-04,MOL,2751,1198,1553,2561,132,58,ITF,ITF2,14,Molise,Molise,305617,312364,102.21,0.9
1456,2021-01-10,MOL,270,72,198,270,0,0,ITF,ITF2,14,Molise,Molise,305617,312634,102.3,0.09
1457,2021-04-20,MOL,2342,1038,1304,1215,1112,15,ITF,ITF2,14,Molise,Molise,305617,314976,103.06,0.77
1458,2021-06-09,MOL,1834,923,911,868,935,31,ITF,ITF2,14,Molise,Molise,305617,316810,103.66,0.6
1459,2021-05-23,MOL,1795,904,891,1751,10,34,ITF,ITF2,14,Molise,Molise,305617,318605,104.25,0.59
1460,2021-08-31,MOL,1744,954,790,312,1422,10,ITF,ITF2,14,Molise,Molise,305617,320349,104.82,0.57
1461,2021-03-01,MOL,668,275,393,433,215,20,ITF,ITF2,14,Molise,Molise,305617,321017,105.04,0.22
1462,2021-04-03,MOL,1804,867,937,1728,37,39,ITF,ITF2,14,Molise,Molise,305617,322821,105.63,0.59
1463,2021-07-12,MOL,2695,1332,1363,362,2312,21,ITF,ITF2,14,Molise,Molise,305617,325516,106.51,0.88
1464,2021-05-26,MOL,1640,749,891,826,771,43,ITF,ITF2,14,Molise,Molise,305617,327156,107.05,0.54
1465,2021-03-30,MOL,2032,873,1159,1485,514,33,ITF,ITF2,14,Molise,Molise,305617,329188,107.71,0.66
1466,2021-09-03,MOL,1681,876,805,357,1301,23,ITF,ITF2,14,Molise,Molise,305617,330869,108.26,0.55
1467,2021-02-01,MOL,563,201,362,14,549,0,ITF,ITF2,14,Molise,Molise,305617,331432,108.45,0.18
1468,2021-07-08,MOL,3448,1661,1787,108,3317,23,ITF,ITF2,14,Molise,Molise,305617,334880,109.58,1.13
1469,2021-05-12,MOL,2925,1327,1598,2715,100,110,ITF,ITF2,14,Molise,Molise,305617,337805,110.53,0.96
1470,2021-01-20,MOL,18,8,10,18,0,0,ITF,ITF2,14,Molise,Molise,305617,337823,110.54,0.01
1471,2021-04-30,MOL,2970,1575,1395,825,2122,23,ITF,ITF2,14,Molise,Molise,305617,340793,111.51,0.97
1472,2021-02-25,MOL,543,239,304,471,69,3,ITF,ITF2,14,Molise,Molise,305617,341336,111.69,0.18
1473,2021-08-10,MOL,1927,1047,880,688,1207,32,ITF,ITF2,14,Molise,Molise,305617,343263,112.32,0.63
1474,2021-08-12,MOL,1465,761,704,1026,400,39,ITF,ITF2,14,Molise,Molise,305617,344728,112.8,0.48
1475,2021-01-29,MOL,424,137,287,6,418,0,ITF,ITF2,14,Molise,Molise,305617,345152,112.94,0.14
1476,2021-05-09,MOL,2083,951,1132,1938,98,47,ITF,ITF2,14,Molise,Molise,305617,347235,113.62,0.68
1477,2021-07-19,MOL,2815,1376,1439,518,2266,31,ITF,ITF2,14,Molise,Molise,305617,350050,114.54,0.92
1478,2021-02-03,MOL,748,255,493,347,401,0,ITF,ITF2,14,Molise,Molise,305617,350798,114.78,0.24
1479,2021-04-27,MOL,1628,782,846,447,1138,43,ITF,ITF2,14,Molise,Molise,305617,352426,115.32,0.53
1480,2021-08-05,MOL,2297,1159,1138,1621,625,51,ITF,ITF2,14,Molise,Molise,305617,354723,116.07,0.75
1481,2021-05-16,MOL,1284,585,699,1064,185,35,ITF,ITF2,14,Molise,Molise,305617,356007,116.49,0.42
1482,2021-08-24,MOL,1708,923,785,261,1422,25,ITF,ITF2,14,Molise,Molise,305617,357715,117.05,0.56
1483,2021-08-07,MOL,1938,1072,866,1058,852,28,ITF,ITF2,14,Molise,Molise,305617,359653,117.68,0.63
1484,2021-07-07,MOL,2969,1374,1595,58,2907,4,ITF,ITF2,14,Molise,Molise,305617,362622,118.65,0.97
1485,2021-05-11,MOL,3276,1447,1829,2926,254,96,ITF,ITF2,14,Molise,Molise,305617,365898,119.72,1.07
1486,2021-08-19,MOL,2284,1147,1137,609,1648,27,ITF,ITF2,14,Molise,Molise,305617,368182,120.47,0.75
1487,2021-01-22,MOL,128,36,92,128,0,0,ITF,ITF2,14,Molise,Molise,305617,368310,120.51,0.04
1488,2021-05-02,MOL,1922,950,972,584,1318,20,ITF,ITF2,14,Molise,Molise,305617,370232,121.14,0.63
1489,2021-03-06,MOL,1730,809,921,1559,160,11,ITF,ITF2,14,Molise,Molise,305617,371962,121.71,0.57
1490,2021-04-06,MOL,1528,714,814,1142,346,40,ITF,ITF2,14,Molise,Molise,305617,373490,122.21,0.5
1491,2021-02-08,MOL,336,141,195,216,120,0,ITF,ITF2,14,Molise,Molise,305617,373826,122.32,0.11
1492,2021-07-15,MOL,3229,1624,1605,214,3000,15,ITF,ITF2,14,Molise,Molise,305617,377055,123.38,1.06
1493,2021-05-19,MOL,2403,1227,1176,1906,431,66,ITF,ITF2,14,Molise,Molise,305617,379458,124.16,0.79
1494,2021-03-23,MOL,1686,711,975,1428,211,47,ITF,ITF2,14,Molise,Molise,305617,381144,124.71,0.55
1495,2021-08-27,MOL,2118,1090,1028,414,1682,22,ITF,ITF2,14,Molise,Molise,305617,383262,125.41,0.69
1496,2021-07-01,MOL,2683,1306,1377,275,2391,17,ITF,ITF2,14,Molise,Molise,305617,385945,126.28,0.88
1497,2021-07-26,MOL,2455,1264,1191,1264,1124,67,ITF,ITF2,14,Molise,Molise,305617,388400,127.09,0.8
1498,2021-02-15,MOL,145,70,75,142,3,0,ITF,ITF2,14,Molise,Molise,305617,388545,127.13,0.05
1499,2021-02-22,MOL,267,129,138,250,15,2,ITF,ITF2,14,Molise,Molise,305617,388812,127.22,0.09
1500,2020-12-27,MOL,50,20,30,50,0,0,ITF,ITF2,14,Molise,Molise,305617,388862,127.24,0.02
1501,2021-01-04,MOL,315,132,183,315,0,0,ITF,ITF2,14,Molise,Molise,305617,389177,127.34,0.1
1502,2021-04-14,MOL,1827,775,1052,1139,669,19,ITF,ITF2,14,Molise,Molise,305617,391004,127.94,0.6
1503,2021-02-16,MOL,159,73,86,152,6,1,ITF,ITF2,14,Molise,Molise,305617,391163,127.99,0.05
1504,2021-05-27,MOL,2870,1367,1503,1984,844,42,ITF,ITF2,14,Molise,Molise,305617,394033,128.93,0.94
1505,2021-07-25,MOL,2023,1066,957,356,1651,16,ITF,ITF2,14,Molise,Molise,305617,396056,129.59,0.66
1506,2021-05-29,MOL,2385,1242,1143,1947,394,44,ITF,ITF2,14,Molise,Molise,305617,398441,130.37,0.78
1507,2021-09-06,MOL,1186,627,559,354,826,6,ITF,ITF2,14,Molise,Molise,305617,399627,130.76,0.39
1508,2021-02-09,MOL,361,171,190,198,163,0,ITF,ITF2,14,Molise,Molise,305617,399988,130.88,0.12
1509,2021-08-01,MOL,966,530,436,759,175,32,ITF,ITF2,14,Molise,Molise,305617,400954,131.19,0.32
1510,2021-08-03,MOL,2218,1154,1064,1226,956,36,ITF,ITF2,14,Molise,Molise,305617,403172,131.92,0.73
1511,2021-03-11,MOL,1477,641,836,1454,6,17,ITF,ITF2,14,Molise,Molise,305617,404649,132.4,0.48
1512,2021-01-06,MOL,695,263,432,695,0,0,ITF,ITF2,14,Molise,Molise,305617,405344,132.63,0.23
1513,2021-04-16,MOL,2464,1049,1415,1187,1238,39,ITF,ITF2,14,Molise,Molise,305617,407808,133.44,0.81
1514,2021-06-21,MOL,2939,1365,1574,1652,1239,48,ITF,ITF2,14,Molise,Molise,305617,410747,134.4,0.96
1515,2021-04-25,MOL,800,401,399,559,233,8,ITF,ITF2,14,Molise,Molise,305617,411547,134.66,0.26
1516,2021-01-13,MOL,481,163,318,481,0,0,ITF,ITF2,14,Molise,Molise,305617,412028,134.82,0.16
1517,2021-06-19,MOL,2374,1178,1196,1302,1026,46,ITF,ITF2,14,Molise,Molise,305617,414402,135.6,0.78
1518,2021-04-23,MOL,2084,903,1181,1382,671,31,ITF,ITF2,14,Molise,Molise,305617,416486,136.28,0.68
1519,2021-08-26,MOL,1725,935,790,307,1411,7,ITF,ITF2,14,Molise,Molise,305617,418211,136.84,0.56
1520,2021-06-30,MOL,2987,1419,1568,880,2023,84,ITF,ITF2,14,Molise,Molise,305617,421198,137.82,0.98
1521,2021-03-13,MOL,1193,598,595,184,990,19,ITF,ITF2,14,Molise,Molise,305617,422391,138.21,0.39
1522,2021-01-15,MOL,548,245,303,548,0,0,ITF,ITF2,14,Molise,Molise,305617,422939,138.39,0.18
1523,2021-06-23,MOL,2816,1297,1519,223,2583,10,ITF,ITF2,14,Molise,Molise,305617,425755,139.31,0.92
1524,2021-03-20,MOL,2352,986,1366,1011,1323,18,ITF,ITF2,14,Molise,Molise,305617,428107,140.08,0.77
1525,2021-06-28,MOL,2935,1368,1567,1015,1896,24,ITF,ITF2,14,Molise,Molise,305617,431042,141.04,0.96
1526,2021-02-18,LAZ,10097,5022,5075,9110,877,110,ITI,ITI4,12,Lazio,Lazio,5879082,10097,0.17,0.17
1527,2021-05-12,LAZ,47633,21626,26007,30244,16698,691,ITI,ITI4,12,Lazio,Lazio,5879082,57730,0.98,0.81
1528,2021-02-01,LAZ,5687,2186,3501,354,5332,1,ITI,ITI4,12,Lazio,Lazio,5879082,63417,1.08,0.1
1529,2021-08-08,LAZ,50329,26057,24272,18025,31469,835,ITI,ITI4,12,Lazio,Lazio,5879082,113746,1.93,0.86
1530,2021-06-26,LAZ,56245,26514,29731,24706,30939,600,ITI,ITI4,12,Lazio,Lazio,5879082,169991,2.89,0.96
1531,2021-04-30,LAZ,41741,18496,23245,26624,14394,723,ITI,ITI4,12,Lazio,Lazio,5879082,211732,3.6,0.71
1532,2021-08-22,LAZ,8774,5303,3471,2535,6150,89,ITI,ITI4,12,Lazio,Lazio,5879082,220506,3.75,0.15
1533,2021-03-30,LAZ,27153,13208,13945,19561,7226,366,ITI,ITI4,12,Lazio,Lazio,5879082,247659,4.21,0.46
1534,2021-07-08,LAZ,64370,31599,32771,28172,35511,687,ITI,ITI4,12,Lazio,Lazio,5879082,312029,5.31,1.09
1535,2021-07-27,LAZ,56445,27413,29032,8110,48002,333,ITI,ITI4,12,Lazio,Lazio,5879082,368474,6.27,0.96
1536,2021-04-18,LAZ,23871,10609,13262,15852,7702,317,ITI,ITI4,12,Lazio,Lazio,5879082,392345,6.67,0.41
1537,2021-02-20,LAZ,9226,4279,4947,8367,785,74,ITI,ITI4,12,Lazio,Lazio,5879082,401571,6.83,0.16
1538,2021-05-31,LAZ,51822,23077,28745,30882,19920,1020,ITI,ITI4,12,Lazio,Lazio,5879082,453393,7.71,0.88
1539,2021-04-04,LAZ,17670,8202,9468,12261,5292,117,ITI,ITI4,12,Lazio,Lazio,5879082,471063,8.01,0.3
1540,2021-09-10,LAZ,11318,5808,5510,6079,4624,615,ITI,ITI4,12,Lazio,Lazio,5879082,482381,8.21,0.19
1541,2021-04-16,LAZ,34581,15769,18812,21918,12227,436,ITI,ITI4,12,Lazio,Lazio,5879082,516962,8.79,0.59
1542,2021-01-23,LAZ,7219,2871,4348,589,6630,0,ITI,ITI4,12,Lazio,Lazio,5879082,524181,8.92,0.12
1543,2021-01-06,LAZ,5202,1991,3211,5082,0,120,ITI,ITI4,12,Lazio,Lazio,5879082,529383,9.0,0.09
1544,2021-05-26,LAZ,47685,21931,25754,34883,12154,648,ITI,ITI4,12,Lazio,Lazio,5879082,577068,9.82,0.81
1545,2021-03-04,LAZ,19476,8751,10725,14181,5034,261,ITI,ITI4,12,Lazio,Lazio,5879082,596544,10.15,0.33
1546,2021-06-12,LAZ,69958,32126,37832,39882,29423,653,ITI,ITI4,12,Lazio,Lazio,5879082,666502,11.34,1.19
1547,2021-06-14,LAZ,63115,29576,33539,32326,30218,571,ITI,ITI4,12,Lazio,Lazio,5879082,729617,12.41,1.07
1548,2021-03-21,LAZ,18294,7204,11090,13023,5071,200,ITI,ITI4,12,Lazio,Lazio,5879082,747911,12.72,0.31
1549,2021-03-16,LAZ,13644,5782,7862,7052,6508,84,ITI,ITI4,12,Lazio,Lazio,5879082,761555,12.95,0.23
1550,2021-03-09,LAZ,22054,9966,12088,16463,5228,363,ITI,ITI4,12,Lazio,Lazio,5879082,783609,13.33,0.38
1551,2021-01-11,LAZ,5705,2174,3531,5559,0,146,ITI,ITI4,12,Lazio,Lazio,5879082,789314,13.43,0.1
1552,2021-07-22,LAZ,61193,30577,30616,28498,31160,1535,ITI,ITI4,12,Lazio,Lazio,5879082,850507,14.47,1.04
1553,2021-09-03,LAZ,25973,13548,12425,7349,18145,479,ITI,ITI4,12,Lazio,Lazio,5879082,876480,14.91,0.44
1554,2021-05-17,LAZ,44655,20451,24204,35416,8625,614,ITI,ITI4,12,Lazio,Lazio,5879082,921135,15.67,0.76
1555,2021-02-06,LAZ,6243,2548,3695,905,5334,4,ITI,ITI4,12,Lazio,Lazio,5879082,927378,15.77,0.11
1556,2021-07-15,LAZ,45051,22060,22991,6710,37905,436,ITI,ITI4,12,Lazio,Lazio,5879082,972429,16.54,0.77
1557,2021-01-13,LAZ,5866,2244,3622,5704,0,162,ITI,ITI4,12,Lazio,Lazio,5879082,978295,16.64,0.1
1558,2021-04-23,LAZ,37992,18297,19695,22045,15409,538,ITI,ITI4,12,Lazio,Lazio,5879082,1016287,17.29,0.65
1559,2021-08-03,LAZ,32388,16491,15897,5118,27068,202,ITI,ITI4,12,Lazio,Lazio,5879082,1048675,17.84,0.55
1560,2021-01-30,LAZ,7025,2898,4127,819,6205,1,ITI,ITI4,12,Lazio,Lazio,5879082,1055700,17.96,0.12
1561,2021-06-19,LAZ,66585,31414,35171,35285,30482,818,ITI,ITI4,12,Lazio,Lazio,5879082,1122285,19.09,1.13
1562,2021-05-07,LAZ,48346,22664,25682,29789,17836,721,ITI,ITI4,12,Lazio,Lazio,5879082,1170631,19.91,0.82
1563,2021-03-11,LAZ,25523,12040,13483,18874,6288,361,ITI,ITI4,12,Lazio,Lazio,5879082,1196154,20.35,0.43
1564,2021-08-15,LAZ,1502,925,577,782,697,23,ITI,ITI4,12,Lazio,Lazio,5879082,1197656,20.37,0.03
1565,2021-07-03,LAZ,53260,25081,28179,4646,48466,148,ITI,ITI4,12,Lazio,Lazio,5879082,1250916,21.28,0.91
1566,2021-08-10,LAZ,51030,26397,24633,21591,28452,987,ITI,ITI4,12,Lazio,Lazio,5879082,1301946,22.15,0.87
1567,2021-05-19,LAZ,47341,21749,25592,36492,10170,679,ITI,ITI4,12,Lazio,Lazio,5879082,1349287,22.95,0.81
1568,2021-08-27,LAZ,30628,16069,14559,7647,22409,572,ITI,ITI4,12,Lazio,Lazio,5879082,1379915,23.47,0.52
1569,2021-01-04,LAZ,7586,2944,4642,7480,0,106,ITI,ITI4,12,Lazio,Lazio,5879082,1387501,23.6,0.13
1570,2021-06-24,LAZ,64086,30570,33516,28619,34805,662,ITI,ITI4,12,Lazio,Lazio,5879082,1451587,24.69,1.09
1571,2021-06-07,LAZ,62686,29345,33341,32716,29368,602,ITI,ITI4,12,Lazio,Lazio,5879082,1514273,25.76,1.07
1572,2021-03-28,LAZ,19203,7839,11364,13539,5318,346,ITI,ITI4,12,Lazio,Lazio,5879082,1533476,26.08,0.33
1573,2020-12-30,LAZ,1658,640,1018,1647,0,11,ITI,ITI4,12,Lazio,Lazio,5879082,1535134,26.11,0.03
1574,2021-07-01,LAZ,48578,23239,25339,7187,41169,222,ITI,ITI4,12,Lazio,Lazio,5879082,1583712,26.94,0.83
1575,2021-04-09,LAZ,27738,12632,15106,19125,8280,333,ITI,ITI4,12,Lazio,Lazio,5879082,1611450,27.41,0.47
1576,2021-03-23,LAZ,25495,11974,13521,18493,6645,357,ITI,ITI4,12,Lazio,Lazio,5879082,1636945,27.84,0.43
1577,2021-02-25,LAZ,12821,5612,7209,11399,1215,207,ITI,ITI4,12,Lazio,Lazio,5879082,1649766,28.06,0.22
1578,2021-06-05,LAZ,66406,32717,33689,42938,22788,680,ITI,ITI4,12,Lazio,Lazio,5879082,1716172,29.19,1.13
1579,2021-01-25,LAZ,8173,3287,4886,828,7345,0,ITI,ITI4,12,Lazio,Lazio,5879082,1724345,29.33,0.14
1580,2021-05-05,LAZ,46872,21507,25365,30360,15883,629,ITI,ITI4,12,Lazio,Lazio,5879082,1771217,30.13,0.8
1581,2021-03-02,LAZ,17264,7645,9619,13115,3955,194,ITI,ITI4,12,Lazio,Lazio,5879082,1788481,30.42,0.29
1582,2021-01-18,LAZ,6390,2606,3784,5283,981,126,ITI,ITI4,12,Lazio,Lazio,5879082,1794871,30.53,0.11
1583,2021-04-28,LAZ,33044,15078,17966,20917,11670,457,ITI,ITI4,12,Lazio,Lazio,5879082,1827915,31.09,0.56
1584,2021-02-11,LAZ,7080,3069,4011,6448,607,25,ITI,ITI4,12,Lazio,Lazio,5879082,1834995,31.21,0.12
1585,2021-04-11,LAZ,19245,8536,10709,13120,5934,191,ITI,ITI4,12,Lazio,Lazio,5879082,1854240,31.54,0.33
1586,2021-02-13,LAZ,6615,2628,3987,6147,422,46,ITI,ITI4,12,Lazio,Lazio,5879082,1860855,31.65,0.11
1587,2021-07-20,LAZ,63457,31659,31798,28465,33746,1246,ITI,ITI4,12,Lazio,Lazio,5879082,1924312,32.73,1.08
1588,2021-05-24,LAZ,44055,20212,23843,33563,9836,656,ITI,ITI4,12,Lazio,Lazio,5879082,1968367,33.48,0.75
1589,2021-07-19,LAZ,63193,31073,32120,28313,33738,1142,ITI,ITI4,12,Lazio,Lazio,5879082,2031560,34.56,1.07
1590,2021-01-15,LAZ,6725,2772,3953,6554,0,171,ITI,ITI4,12,Lazio,Lazio,5879082,2038285,34.67,0.11
1591,2021-04-25,LAZ,24581,11280,13301,16374,7875,332,ITI,ITI4,12,Lazio,Lazio,5879082,2062866,35.09,0.42
1592,2021-04-06,LAZ,24670,11296,13374,17153,7189,328,ITI,ITI4,12,Lazio,Lazio,5879082,2087536,35.51,0.42
1593,2021-06-21,LAZ,62050,28832,33218,28503,32930,617,ITI,ITI4,12,Lazio,Lazio,5879082,2149586,36.56,1.06
1594,2021-03-13,LAZ,21857,8759,13098,15704,5916,237,ITI,ITI4,12,Lazio,Lazio,5879082,2171443,36.94,0.37
1595,2021-06-09,LAZ,70554,33419,37135,35989,33917,648,ITI,ITI4,12,Lazio,Lazio,5879082,2241997,38.14,1.2
1596,2021-04-27,LAZ,30851,13933,16918,19423,10974,454,ITI,ITI4,12,Lazio,Lazio,5879082,2272848,38.66,0.52
1597,2021-03-01,LAZ,17140,7373,9767,12983,3896,261,ITI,ITI4,12,Lazio,Lazio,5879082,2289988,38.95,0.29
1598,2021-08-05,LAZ,33616,17450,16166,21992,10584,1040,ITI,ITI4,12,Lazio,Lazio,5879082,2323604,39.52,0.57
1599,2021-02-15,LAZ,8052,3553,4499,7309,652,91,ITI,ITI4,12,Lazio,Lazio,5879082,2331656,39.66,0.14
1600,2021-01-29,LAZ,8418,3206,5212,931,7485,2,ITI,ITI4,12,Lazio,Lazio,5879082,2340074,39.8,0.14
1601,2021-09-05,LAZ,10089,5161,4928,6601,3047,441,ITI,ITI4,12,Lazio,Lazio,5879082,2350163,39.97,0.17
1602,2021-02-17,LAZ,9232,4625,4607,8262,898,72,ITI,ITI4,12,Lazio,Lazio,5879082,2359395,40.13,0.16
1603,2021-05-28,LAZ,57280,26644,30636,43154,13344,782,ITI,ITI4,12,Lazio,Lazio,5879082,2416675,41.11,0.97
1604,2021-08-19,LAZ,9234,5301,3933,2952,6175,107,ITI,ITI4,12,Lazio,Lazio,5879082,2425909,41.26,0.16
1605,2021-02-03,LAZ,6501,2495,4006,963,5531,7,ITI,ITI4,12,Lazio,Lazio,5879082,2432410,41.37,0.11
1606,2021-01-20,LAZ,4837,1960,2877,3287,1545,5,ITI,ITI4,12,Lazio,Lazio,5879082,2437247,41.46,0.08
1607,2021-05-14,LAZ,51655,23605,28050,32423,18415,817,ITI,ITI4,12,Lazio,Lazio,5879082,2488902,42.33,0.88
1608,2021-03-18,LAZ,14316,6116,8200,7778,6446,92,ITI,ITI4,12,Lazio,Lazio,5879082,2503218,42.58,0.24
1609,2021-03-27,LAZ,26569,10812,15757,19497,6520,552,ITI,ITI4,12,Lazio,Lazio,5879082,2529787,43.03,0.45
1610,2021-08-31,LAZ,31030,15361,15669,11664,18420,946,ITI,ITI4,12,Lazio,Lazio,5879082,2560817,43.56,0.53
1611,2021-07-05,LAZ,61747,29723,32024,25601,35070,1076,ITI,ITI4,12,Lazio,Lazio,5879082,2622564,44.61,1.05
1612,2021-05-23,LAZ,47185,22893,24292,39130,7408,647,ITI,ITI4,12,Lazio,Lazio,5879082,2669749,45.41,0.8
1613,2021-05-09,LAZ,37576,17273,20303,25784,11291,501,ITI,ITI4,12,Lazio,Lazio,5879082,2707325,46.05,0.64
1614,2021-08-17,LAZ,8020,4599,3421,3792,4135,93,ITI,ITI4,12,Lazio,Lazio,5879082,2715345,46.19,0.14
1615,2021-07-12,LAZ,41458,20732,20726,5868,35357,233,ITI,ITI4,12,Lazio,Lazio,5879082,2756803,46.89,0.71
1616,2021-05-16,LAZ,51030,24575,26455,36908,13521,601,ITI,ITI4,12,Lazio,Lazio,5879082,2807833,47.76,0.87
1617,2021-08-24,LAZ,18741,10009,8732,11665,6358,718,ITI,ITI4,12,Lazio,Lazio,5879082,2826574,48.08,0.32
1618,2021-06-28,LAZ,58981,28203,30778,27485,31038,458,ITI,ITI4,12,Lazio,Lazio,5879082,2885555,49.08,1.0
1619,2020-12-27,LAZ,276,132,144,276,0,0,ITI,ITI4,12,Lazio,Lazio,5879082,2885831,49.09,0.0
1620,2021-03-20,LAZ,19281,7676,11605,13091,5923,267,ITI,ITI4,12,Lazio,Lazio,5879082,2905112,49.41,0.33
1621,2021-07-17,LAZ,43949,22169,21780,2187,41655,107,ITI,ITI4,12,Lazio,Lazio,5879082,2949061,50.16,0.75
1622,2021-06-30,LAZ,63045,29672,33373,29755,32736,554,ITI,ITI4,12,Lazio,Lazio,5879082,3012106,51.23,1.07
1623,2021-04-08,LAZ,26903,12333,14570,18760,7726,417,ITI,ITI4,12,Lazio,Lazio,5879082,3039009,51.69,0.46
1624,2021-07-02,LAZ,48577,23278,25299,6617,41769,191,ITI,ITI4,12,Lazio,Lazio,5879082,3087586,52.52,0.83
1625,2021-02-08,LAZ,9761,4170,5591,4511,5248,2,ITI,ITI4,12,Lazio,Lazio,5879082,3097347,52.68,0.17
1626,2021-05-02,LAZ,32945,14466,18479,22941,9473,531,ITI,ITI4,12,Lazio,Lazio,5879082,3130292,53.24,0.56
1627,2021-01-22,LAZ,4036,1653,2383,520,3516,0,ITI,ITI4,12,Lazio,Lazio,5879082,3134328,53.31,0.07
1628,2021-02-27,LAZ,11544,4337,7207,10351,1052,141,ITI,ITI4,12,Lazio,Lazio,5879082,3145872,53.51,0.2
1629,2021-08-29,LAZ,27432,13959,13473,9014,17829,589,ITI,ITI4,12,Lazio,Lazio,5879082,3173304,53.98,0.47
1630,2021-04-01,LAZ,29807,14143,15664,22224,7181,402,ITI,ITI4,12,Lazio,Lazio,5879082,3203111,54.48,0.51
1631,2021-07-10,LAZ,71148,35713,35435,25060,45420,668,ITI,ITI4,12,Lazio,Lazio,5879082,3274259,55.69,1.21
1632,2021-07-24,LAZ,30774,15523,15251,3226,27389,159,ITI,ITI4,12,Lazio,Lazio,5879082,3305033,56.22,0.52
1633,2021-06-23,LAZ,62372,29385,32987,28439,33430,503,ITI,ITI4,12,Lazio,Lazio,5879082,3367405,57.28,1.06
1634,2021-04-15,LAZ,32057,14357,17700,20658,10890,509,ITI,ITI4,12,Lazio,Lazio,5879082,3399462,57.82,0.55
1635,2021-08-26,LAZ,32180,16694,15486,8263,23356,561,ITI,ITI4,12,Lazio,Lazio,5879082,3431642,58.37,0.55
1636,2021-02-10,LAZ,8261,3459,4802,4852,3404,5,ITI,ITI4,12,Lazio,Lazio,5879082,3439903,58.51,0.14
1637,2021-05-21,LAZ,52146,25089,27057,37319,14123,704,ITI,ITI4,12,Lazio,Lazio,5879082,3492049,59.4,0.89
1638,2021-06-04,LAZ,62097,30275,31822,43563,17870,664,ITI,ITI4,12,Lazio,Lazio,5879082,3554146,60.45,1.06
1639,2021-09-12,LAZ,6815,3394,3421,4408,1913,494,ITI,ITI4,12,Lazio,Lazio,5879082,3560961,60.57,0.12
1640,2021-05-04,LAZ,40315,18544,21771,26073,13719,523,ITI,ITI4,12,Lazio,Lazio,5879082,3601276,61.26,0.69
1641,2021-03-22,LAZ,23439,10575,12864,16362,6739,338,ITI,ITI4,12,Lazio,Lazio,5879082,3624715,61.65,0.4
1642,2020-12-29,LAZ,498,182,316,494,0,4,ITI,ITI4,12,Lazio,Lazio,5879082,3625213,61.66,0.01
1643,2021-09-07,LAZ,13151,6673,6478,6943,5756,452,ITI,ITI4,12,Lazio,Lazio,5879082,3638364,61.89,0.22
1644,2021-03-06,LAZ,18407,7098,11309,13900,4278,229,ITI,ITI4,12,Lazio,Lazio,5879082,3656771,62.2,0.31
1645,2021-02-12,LAZ,6902,2883,4019,6380,440,82,ITI,ITI4,12,Lazio,Lazio,5879082,3663673,62.32,0.12
1646,2021-08-12,LAZ,48018,24871,23147,20829,26206,983,ITI,ITI4,12,Lazio,Lazio,5879082,3711691,63.13,0.82
1647,2021-02-24,LAZ,12110,5237,6873,10938,1044,128,ITI,ITI4,12,Lazio,Lazio,5879082,3723801,63.34,0.21
1648,2021-07-07,LAZ,62717,31059,31658,28384,33727,606,ITI,ITI4,12,Lazio,Lazio,5879082,3786518,64.41,1.07
1649,2021-03-29,LAZ,25604,12163,13441,18204,7085,315,ITI,ITI4,12,Lazio,Lazio,5879082,3812122,64.84,0.44
1650,2021-05-20,LAZ,51955,25075,26880,37233,13990,732,ITI,ITI4,12,Lazio,Lazio,5879082,3864077,65.73,0.88
1651,2021-08-28,LAZ,32608,17028,15580,11033,20829,746,ITI,ITI4,12,Lazio,Lazio,5879082,3896685,66.28,0.55
1652,2021-06-20,LAZ,55343,25455,29888,29606,24967,770,ITI,ITI4,12,Lazio,Lazio,5879082,3952028,67.22,0.94
1653,2021-06-06,LAZ,58294,28105,30189,35145,22545,604,ITI,ITI4,12,Lazio,Lazio,5879082,4010322,68.21,0.99
1654,2021-02-26,LAZ,13197,5760,7437,11545,1465,187,ITI,ITI4,12,Lazio,Lazio,5879082,4023519,68.44,0.22
1655,2021-09-04,LAZ,14281,7267,7014,9678,3871,732,ITI,ITI4,12,Lazio,Lazio,5879082,4037800,68.68,0.24
1656,2021-06-13,LAZ,58472,26238,32234,33075,24881,516,ITI,ITI4,12,Lazio,Lazio,5879082,4096272,69.68,0.99
1657,2021-03-07,LAZ,14176,5485,8691,10354,3604,218,ITI,ITI4,12,Lazio,Lazio,5879082,4110448,69.92,0.24
1658,2021-06-15,LAZ,66246,32027,34219,33376,32290,580,ITI,ITI4,12,Lazio,Lazio,5879082,4176694,71.04,1.13
1659,2021-03-24,LAZ,27996,13152,14844,21314,6277,405,ITI,ITI4,12,Lazio,Lazio,5879082,4204690,71.52,0.48
1660,2021-09-06,LAZ,14418,7363,7055,7940,5875,603,ITI,ITI4,12,Lazio,Lazio,5879082,4219108,71.76,0.25
1661,2021-08-20,LAZ,8414,4741,3673,2116,6201,97,ITI,ITI4,12,Lazio,Lazio,5879082,4227522,71.91,0.14
1662,2021-05-29,LAZ,52115,23449,28666,40197,11054,864,ITI,ITI4,12,Lazio,Lazio,5879082,4279637,72.79,0.89
1663,2021-08-01,LAZ,39765,21199,18566,5726,33729,310,ITI,ITI4,12,Lazio,Lazio,5879082,4319402,73.47,0.68
1664,2021-05-10,LAZ,44526,20363,24163,30364,13451,711,ITI,ITI4,12,Lazio,Lazio,5879082,4363928,74.23,0.76
1665,2021-08-18,LAZ,9501,5495,4006,3262,6121,118,ITI,ITI4,12,Lazio,Lazio,5879082,4373429,74.39,0.16
1666,2021-05-27,LAZ,58574,27253,31321,43964,13819,791,ITI,ITI4,12,Lazio,Lazio,5879082,4432003,75.39,1.0
1667,2021-02-22,LAZ,11518,5028,6490,10807,554,157,ITI,ITI4,12,Lazio,Lazio,5879082,4443521,75.58,0.2
1668,2021-06-02,LAZ,43538,21609,21929,31440,11538,560,ITI,ITI4,12,Lazio,Lazio,5879082,4487059,76.32,0.74
1669,2021-06-11,LAZ,69840,32861,36979,36681,32496,663,ITI,ITI4,12,Lazio,Lazio,5879082,4556899,77.51,1.19
1670,2021-08-07,LAZ,35011,18956,16055,21986,11898,1127,ITI,ITI4,12,Lazio,Lazio,5879082,4591910,78.11,0.6
1671,2021-05-06,LAZ,48900,22789,26111,30544,17621,735,ITI,ITI4,12,Lazio,Lazio,5879082,4640810,78.94,0.83
1672,2021-01-31,LAZ,4466,1858,2608,481,3985,0,ITI,ITI4,12,Lazio,Lazio,5879082,4645276,79.01,0.08
1673,2021-05-11,LAZ,48405,22233,26172,31130,16597,678,ITI,ITI4,12,Lazio,Lazio,5879082,4693681,79.84,0.82
1674,2021-07-16,LAZ,44341,21313,23028,3213,40943,185,ITI,ITI4,12,Lazio,Lazio,5879082,4738022,80.59,0.75
1675,2021-04-24,LAZ,33591,15159,18432,20139,12908,544,ITI,ITI4,12,Lazio,Lazio,5879082,4771613,81.16,0.57
1676,2021-08-02,LAZ,37534,19621,17913,6544,30756,234,ITI,ITI4,12,Lazio,Lazio,5879082,4809147,81.8,0.64
1677,2021-08-21,LAZ,10208,5872,4336,3217,6887,104,ITI,ITI4,12,Lazio,Lazio,5879082,4819355,81.97,0.17
1678,2020-12-31,LAZ,5377,2153,3224,5317,0,60,ITI,ITI4,12,Lazio,Lazio,5879082,4824732,82.07,0.09
1679,2021-09-11,LAZ,12278,6048,6230,8273,3127,878,ITI,ITI4,12,Lazio,Lazio,5879082,4837010,82.27,0.21
1680,2021-04-10,LAZ,23957,10425,13532,16473,7208,276,ITI,ITI4,12,Lazio,Lazio,5879082,4860967,82.68,0.41
1681,2021-02-05,LAZ,7343,3004,4339,1221,6118,4,ITI,ITI4,12,Lazio,Lazio,5879082,4868310,82.81,0.12
1682,2021-04-03,LAZ,24866,11230,13636,17892,6743,231,ITI,ITI4,12,Lazio,Lazio,5879082,4893176,83.23,0.42
1683,2021-03-15,LAZ,21039,9877,11162,14002,6772,265,ITI,ITI4,12,Lazio,Lazio,5879082,4914215,83.59,0.36
1684,2021-01-05,LAZ,7456,2832,4624,7353,0,103,ITI,ITI4,12,Lazio,Lazio,5879082,4921671,83.71,0.13
1685,2021-01-24,LAZ,5705,2232,3473,620,5085,0,ITI,ITI4,12,Lazio,Lazio,5879082,4927376,83.81,0.1
1686,2021-02-07,LAZ,4973,2050,2923,412,4560,1,ITI,ITI4,12,Lazio,Lazio,5879082,4932349,83.9,0.08
1687,2021-05-18,LAZ,45129,20649,24480,34903,9614,612,ITI,ITI4,12,Lazio,Lazio,5879082,4977478,84.66,0.77
1688,2021-07-09,LAZ,65097,31411,33686,27618,36718,761,ITI,ITI4,12,Lazio,Lazio,5879082,5042575,85.77,1.11
1689,2021-05-01,LAZ,38274,17211,21063,25708,12080,486,ITI,ITI4,12,Lazio,Lazio,5879082,5080849,86.42,0.65
1690,2021-04-17,LAZ,32496,14255,18241,19960,12071,465,ITI,ITI4,12,Lazio,Lazio,5879082,5113345,86.98,0.55
1691,2021-07-26,LAZ,50906,25077,25829,6665,43919,322,ITI,ITI4,12,Lazio,Lazio,5879082,5164251,87.84,0.87
1692,2021-03-05,LAZ,19629,8696,10933,14619,4764,246,ITI,ITI4,12,Lazio,Lazio,5879082,5183880,88.17,0.33
1693,2021-02-16,LAZ,8376,4046,4330,7706,626,44,ITI,ITI4,12,Lazio,Lazio,5879082,5192256,88.32,0.14
1694,2021-03-25,LAZ,29551,13733,15818,22388,6685,478,ITI,ITI4,12,Lazio,Lazio,5879082,5221807,88.82,0.5
1695,2021-01-27,LAZ,6190,2417,3773,1063,5127,0,ITI,ITI4,12,Lazio,Lazio,5879082,5227997,88.93,0.11
1696,2021-02-19,LAZ,10101,5105,4996,9079,873,149,ITI,ITI4,12,Lazio,Lazio,5879082,5238098,89.1,0.17
1697,2021-06-17,LAZ,67080,32283,34797,31810,34536,734,ITI,ITI4,12,Lazio,Lazio,5879082,5305178,90.24,1.14
1698,2021-04-21,LAZ,33182,15082,18100,20239,12501,442,ITI,ITI4,12,Lazio,Lazio,5879082,5338360,90.8,0.56
1699,2021-03-12,LAZ,24158,11172,12986,17388,6402,368,ITI,ITI4,12,Lazio,Lazio,5879082,5362518,91.21,0.41
1700,2021-08-13,LAZ,43619,22679,20940,20109,22420,1090,ITI,ITI4,12,Lazio,Lazio,5879082,5406137,91.96,0.74
1701,2021-02-09,LAZ,8858,3808,5050,4582,4269,7,ITI,ITI4,12,Lazio,Lazio,5879082,5414995,92.11,0.15
1702,2021-02-23,LAZ,11119,4796,6323,10210,778,131,ITI,ITI4,12,Lazio,Lazio,5879082,5426114,92.3,0.19
1703,2021-01-21,LAZ,5744,2416,3328,632,5112,0,ITI,ITI4,12,Lazio,Lazio,5879082,5431858,92.39,0.1
1704,2021-03-31,LAZ,27907,13499,14408,20399,7157,351,ITI,ITI4,12,Lazio,Lazio,5879082,5459765,92.87,0.47
1705,2021-07-30,LAZ,56000,29008,26992,7401,48242,357,ITI,ITI4,12,Lazio,Lazio,5879082,5515765,93.82,0.95
1706,2021-06-03,LAZ,56904,28752,28152,38293,17875,736,ITI,ITI4,12,Lazio,Lazio,5879082,5572669,94.79,0.97
1707,2021-08-06,LAZ,33622,17682,15940,22389,10171,1062,ITI,ITI4,12,Lazio,Lazio,5879082,5606291,95.36,0.57
1708,2021-06-10,LAZ,72281,34157,38124,37316,34108,857,ITI,ITI4,12,Lazio,Lazio,5879082,5678572,96.59,1.23
1709,2021-04-14,LAZ,29404,13328,16076,18854,10197,353,ITI,ITI4,12,Lazio,Lazio,5879082,5707976,97.09,0.5
1710,2021-07-23,LAZ,58514,29353,29161,26809,29925,1780,ITI,ITI4,12,Lazio,Lazio,5879082,5766490,98.08,1.0
1711,2021-05-30,LAZ,41285,17662,23623,33242,7379,664,ITI,ITI4,12,Lazio,Lazio,5879082,5807775,98.79,0.7
1712,2021-05-13,LAZ,50298,22616,27682,31656,17886,756,ITI,ITI4,12,Lazio,Lazio,5879082,5858073,99.64,0.86
1713,2021-08-04,LAZ,47965,24171,23794,20708,26574,683,ITI,ITI4,12,Lazio,Lazio,5879082,5906038,100.46,0.82
1714,2021-08-14,LAZ,2538,1436,1102,993,1513,32,ITI,ITI4,12,Lazio,Lazio,5879082,5908576,100.5,0.04
1715,2021-08-16,LAZ,3701,2039,1662,2061,1577,63,ITI,ITI4,12,Lazio,Lazio,5879082,5912277,100.56,0.06
1716,2021-01-17,LAZ,4958,2051,2907,4680,213,65,ITI,ITI4,12,Lazio,Lazio,5879082,5917235,100.65,0.08
1717,2021-01-19,LAZ,4791,1969,2822,4334,454,3,ITI,ITI4,12,Lazio,Lazio,5879082,5922026,100.73,0.08
1718,2021-08-11,LAZ,49010,25707,23303,20484,27646,880,ITI,ITI4,12,Lazio,Lazio,5879082,5971036,101.56,0.83
1719,2021-05-03,LAZ,39652,17906,21746,26183,12788,681,ITI,ITI4,12,Lazio,Lazio,5879082,6010688,102.24,0.67
1720,2021-07-25,LAZ,24672,12147,12525,2099,22523,50,ITI,ITI4,12,Lazio,Lazio,5879082,6035360,102.66,0.42
1721,2021-06-22,LAZ,62868,29085,33783,28598,33546,724,ITI,ITI4,12,Lazio,Lazio,5879082,6098228,103.73,1.07
1722,2021-03-14,LAZ,17304,6781,10523,11855,5182,267,ITI,ITI4,12,Lazio,Lazio,5879082,6115532,104.02,0.29
1723,2021-06-01,LAZ,49177,23732,25445,30088,18602,487,ITI,ITI4,12,Lazio,Lazio,5879082,6164709,104.86,0.84
1724,2021-04-05,LAZ,19990,9156,10834,13618,6216,156,ITI,ITI4,12,Lazio,Lazio,5879082,6184699,105.2,0.34
1725,2021-09-09,LAZ,11898,6050,5848,6063,5293,542,ITI,ITI4,12,Lazio,Lazio,5879082,6196597,105.4,0.2
1726,2021-07-28,LAZ,58344,29808,28536,8667,49320,357,ITI,ITI4,12,Lazio,Lazio,5879082,6254941,106.39,0.99
1727,2021-05-25,LAZ,47651,22372,25279,35317,11735,599,ITI,ITI4,12,Lazio,Lazio,5879082,6302592,107.2,0.81
1728,2021-09-02,LAZ,26228,13468,12760,8004,17782,442,ITI,ITI4,12,Lazio,Lazio,5879082,6328820,107.65,0.45
1729,2021-01-07,LAZ,7942,2982,4960,7785,0,157,ITI,ITI4,12,Lazio,Lazio,5879082,6336762,107.78,0.14
1730,2021-04-29,LAZ,38868,17357,21511,24812,13374,682,ITI,ITI4,12,Lazio,Lazio,5879082,6375630,108.45,0.66
1731,2021-03-03,LAZ,17919,7900,10019,13341,4315,263,ITI,ITI4,12,Lazio,Lazio,5879082,6393549,108.75,0.3
1732,2021-08-09,LAZ,52696,26769,25927,21946,29678,1072,ITI,ITI4,12,Lazio,Lazio,5879082,6446245,109.65,0.9
1733,2021-01-26,LAZ,7989,3134,4855,744,7245,0,ITI,ITI4,12,Lazio,Lazio,5879082,6454234,109.78,0.14
1734,2021-04-02,LAZ,29569,14183,15386,21758,7401,410,ITI,ITI4,12,Lazio,Lazio,5879082,6483803,110.29,0.5
1735,2021-07-11,LAZ,44165,22272,21893,3764,40247,154,ITI,ITI4,12,Lazio,Lazio,5879082,6527968,111.04,0.75
1736,2021-01-28,LAZ,8340,3188,5152,837,7502,1,ITI,ITI4,12,Lazio,Lazio,5879082,6536308,111.18,0.14
1737,2021-07-04,LAZ,46622,21707,24915,4126,42407,89,ITI,ITI4,12,Lazio,Lazio,5879082,6582930,111.97,0.79
1738,2021-05-08,LAZ,45520,20783,24737,29323,15462,735,ITI,ITI4,12,Lazio,Lazio,5879082,6628450,112.75,0.77
1739,2021-09-08,LAZ,12218,6291,5927,6820,4823,575,ITI,ITI4,12,Lazio,Lazio,5879082,6640668,112.95,0.21
1740,2021-07-13,LAZ,42764,20968,21796,5512,36909,343,ITI,ITI4,12,Lazio,Lazio,5879082,6683432,113.68,0.73
1741,2021-06-29,LAZ,59533,28288,31245,27745,31192,596,ITI,ITI4,12,Lazio,Lazio,5879082,6742965,114.69,1.01
1742,2021-01-14,LAZ,5670,2236,3434,5495,0,175,ITI,ITI4,12,Lazio,Lazio,5879082,6748635,114.79,0.1
1743,2021-04-07,LAZ,26049,12195,13854,18343,7330,376,ITI,ITI4,12,Lazio,Lazio,5879082,6774684,115.23,0.44
1744,2020-12-28,LAZ,961,414,547,956,0,5,ITI,ITI4,12,Lazio,Lazio,5879082,6775645,115.25,0.02
1745,2021-01-16,LAZ,5781,2338,3443,5633,0,148,ITI,ITI4,12,Lazio,Lazio,5879082,6781426,115.35,0.1
1746,2021-04-26,LAZ,29358,13511,15847,19547,9301,510,ITI,ITI4,12,Lazio,Lazio,5879082,6810784,115.85,0.5
1747,2021-02-02,LAZ,5921,2219,3702,641,5277,3,ITI,ITI4,12,Lazio,Lazio,5879082,6816705,115.95,0.1
1748,2021-07-18,LAZ,58406,29738,28668,22793,34811,802,ITI,ITI4,12,Lazio,Lazio,5879082,6875111,116.94,0.99
1749,2021-03-26,LAZ,30394,14085,16309,23012,6913,469,ITI,ITI4,12,Lazio,Lazio,5879082,6905505,117.46,0.52
1750,2021-07-06,LAZ,62622,30388,32234,28556,33564,502,ITI,ITI4,12,Lazio,Lazio,5879082,6968127,118.52,1.07
1751,2021-04-12,LAZ,23953,10802,13151,16655,6967,331,ITI,ITI4,12,Lazio,Lazio,5879082,6992080,118.93,0.41
1752,2021-07-21,LAZ,62978,31856,31122,28762,32835,1381,ITI,ITI4,12,Lazio,Lazio,5879082,7055058,120.0,1.07
1753,2021-06-08,LAZ,66843,31909,34934,36159,30026,658,ITI,ITI4,12,Lazio,Lazio,5879082,7121901,121.14,1.14
1754,2021-07-14,LAZ,42226,20586,21640,6213,35647,366,ITI,ITI4,12,Lazio,Lazio,5879082,7164127,121.86,0.72
1755,2021-01-09,LAZ,6426,2617,3809,6313,0,113,ITI,ITI4,12,Lazio,Lazio,5879082,7170553,121.97,0.11
1756,2021-04-19,LAZ,30173,13722,16451,18957,10734,482,ITI,ITI4,12,Lazio,Lazio,5879082,7200726,122.48,0.51
1757,2021-02-21,LAZ,7000,3184,3816,6484,467,49,ITI,ITI4,12,Lazio,Lazio,5879082,7207726,122.6,0.12
1758,2021-02-14,LAZ,5809,2383,3426,5302,476,31,ITI,ITI4,12,Lazio,Lazio,5879082,7213535,122.7,0.1
1759,2021-02-28,LAZ,10292,4041,6251,9647,544,101,ITI,ITI4,12,Lazio,Lazio,5879082,7223827,122.87,0.18
1760,2021-01-02,LAZ,6843,2682,4161,6763,0,80,ITI,ITI4,12,Lazio,Lazio,5879082,7230670,122.99,0.12
1761,2021-01-03,LAZ,5349,2017,3332,5290,0,59,ITI,ITI4,12,Lazio,Lazio,5879082,7236019,123.08,0.09
1762,2021-04-13,LAZ,25846,11983,13863,17638,7752,456,ITI,ITI4,12,Lazio,Lazio,5879082,7261865,123.52,0.44
1763,2021-07-31,LAZ,56262,29578,26684,5558,50398,306,ITI,ITI4,12,Lazio,Lazio,5879082,7318127,124.48,0.96
1764,2021-01-08,LAZ,7967,2988,4979,7770,0,197,ITI,ITI4,12,Lazio,Lazio,5879082,7326094,124.61,0.14
1765,2021-07-29,LAZ,56084,28573,27511,7672,48030,382,ITI,ITI4,12,Lazio,Lazio,5879082,7382178,125.57,0.95
1766,2021-01-01,LAZ,3603,1398,2205,3563,0,40,ITI,ITI4,12,Lazio,Lazio,5879082,7385781,125.63,0.06
1767,2021-01-10,LAZ,4136,1739,2397,4069,0,67,ITI,ITI4,12,Lazio,Lazio,5879082,7389917,125.7,0.07
1768,2021-06-16,LAZ,64769,31107,33662,32078,32046,645,ITI,ITI4,12,Lazio,Lazio,5879082,7454686,126.8,1.1
1769,2021-04-20,LAZ,31187,14312,16875,19371,11375,441,ITI,ITI4,12,Lazio,Lazio,5879082,7485873,127.33,0.53
1770,2021-03-08,LAZ,20962,9106,11856,15351,5309,302,ITI,ITI4,12,Lazio,Lazio,5879082,7506835,127.69,0.36
1771,2021-04-22,LAZ,39249,19523,19726,23818,14744,687,ITI,ITI4,12,Lazio,Lazio,5879082,7546084,128.35,0.67
1772,2021-03-10,LAZ,23387,10686,12701,17359,5668,360,ITI,ITI4,12,Lazio,Lazio,5879082,7569471,128.75,0.4
1773,2021-01-12,LAZ,5551,2048,3503,5408,0,143,ITI,ITI4,12,Lazio,Lazio,5879082,7575022,128.85,0.09
1774,2021-06-18,LAZ,64463,31055,33408,30306,33393,764,ITI,ITI4,12,Lazio,Lazio,5879082,7639485,129.94,1.1
1775,2021-03-17,LAZ,13889,5953,7936,7472,6299,118,ITI,ITI4,12,Lazio,Lazio,5879082,7653374,130.18,0.24
1776,2021-06-25,LAZ,63461,30652,32809,28137,34720,604,ITI,ITI4,12,Lazio,Lazio,5879082,7716835,131.26,1.08
1777,2021-06-27,LAZ,47269,21620,25649,20575,26195,499,ITI,ITI4,12,Lazio,Lazio,5879082,7764104,132.06,0.8
1778,2021-08-23,LAZ,22706,12371,10335,16308,5407,991,ITI,ITI4,12,Lazio,Lazio,5879082,7786810,132.45,0.39
1779,2021-02-04,LAZ,6476,2582,3894,1151,5324,1,ITI,ITI4,12,Lazio,Lazio,5879082,7793286,132.56,0.11
1780,2021-08-25,LAZ,31729,16655,15074,9916,21206,607,ITI,ITI4,12,Lazio,Lazio,5879082,7825015,133.1,0.54
1781,2021-05-22,LAZ,55233,27069,28164,43676,10713,844,ITI,ITI4,12,Lazio,Lazio,5879082,7880248,134.04,0.94
1782,2021-08-30,LAZ,30551,15429,15122,9992,19869,690,ITI,ITI4,12,Lazio,Lazio,5879082,7910799,134.56,0.52
1783,2021-05-15,LAZ,57523,27477,30046,40053,16591,879,ITI,ITI4,12,Lazio,Lazio,5879082,7968322,135.54,0.98
1784,2021-03-19,LAZ,17522,7603,9919,11004,6359,159,ITI,ITI4,12,Lazio,Lazio,5879082,7985844,135.83,0.3
1785,2021-09-01,LAZ,26449,13557,12892,8159,17767,523,ITI,ITI4,12,Lazio,Lazio,5879082,8012293,136.28,0.45
1786,2021-08-17,EMR,22380,12299,10081,14499,6855,1026,ITH,ITH5,8,Emilia-Romagna,Emilia-Romagna,4459477,22380,0.5,0.5
1787,2021-09-03,EMR,23744,12777,10967,6316,16824,604,ITH,ITH5,8,Emilia-Romagna,Emilia-Romagna,4459477,46124,1.03,0.53
1788,2021-05-26,EMR,33349,14758,18591,9928,23035,386,ITH,ITH5,8,Emilia-Romagna,Emilia-Romagna,4459477,79473,1.78,0.75
1789,2021-06-12,EMR,41392,21889,19503,35471,4920,1001,ITH,ITH5,8,Emilia-Romagna,Emilia-Romagna,4459477,120865,2.71,0.93
1790,2021-03-04,EMR,16461,5351,11110,13344,3025,92,ITH,ITH5,8,Emilia-Romagna,Emilia-Romagna,4459477,137326,3.08,0.37
1791,2021-05-24,EMR,30012,13740,16272,17968,11530,514,ITH,ITH5,8,Emilia-Romagna,Emilia-Romagna,4459477,167338,3.75,0.67
1792,2021-02-13,EMR,3631,1086,2545,3018,599,14,ITH,ITH5,8,Emilia-Romagna,Emilia-Romagna,4459477,170969,3.83,0.08
1793,2021-05-12,EMR,38969,18311,20658,28474,9701,794,ITH,ITH5,8,Emilia-Romagna,Emilia-Romagna,4459477,209938,4.71,0.87
1794,2021-02-01,EMR,10330,3618,6712,355,9973,2,ITH,ITH5,8,Emilia-Romagna,Emilia-Romagna,4459477,220268,4.94,0.23
1795,2021-01-18,EMR,3131,881,2250,2448,680,3,ITH,ITH5,8,Emilia-Romagna,Emilia-Romagna,4459477,223399,5.01,0.07
1796,2021-03-16,EMR,12255,5028,7227,4875,7315,65,ITH,ITH5,8,Emilia-Romagna,Emilia-Romagna,4459477,235654,5.28,0.27
1797,2021-01-25,EMR,6466,2148,4318,205,6260,1,ITH,ITH5,8,Emilia-Romagna,Emilia-Romagna,4459477,242120,5.43,0.14
1798,2021-07-01,EMR,34543,16882,17661,14812,18853,878,ITH,ITH5,8,Emilia-Romagna,Emilia-Romagna,4459477,276663,6.2,0.77
1799,2021-03-23,EMR,18803,8149,10654,11947,6690,166,ITH,ITH5,8,Emilia-Romagna,Emilia-Romagna,4459477,295466,6.63,0.42
1800,2021-04-16,EMR,29243,13766,15477,20014,8842,387,ITH,ITH5,8,Emilia-Romagna,Emilia-Romagna,4459477,324709,7.28,0.66
1801,2021-01-06,EMR,8291,2955,5336,8290,0,1,ITH,ITH5,8,Emilia-Romagna,Emilia-Romagna,4459477,333000,7.47,0.19
1802,2021-08-08,EMR,21622,11716,9906,10572,10497,553,ITH,ITH5,8,Emilia-Romagna,Emilia-Romagna,4459477,354622,7.95,0.48
1803,2021-04-30,EMR,36660,16810,19850,21239,14810,611,ITH,ITH5,8,Emilia-Romagna,Emilia-Romagna,4459477,391282,8.77,0.82
1804,2021-03-28,EMR,13549,6059,7490,9545,3885,119,ITH,ITH5,8,Emilia-Romagna,Emilia-Romagna,4459477,404831,9.08,0.3
1805,2021-07-20,EMR,43147,22554,20593,6676,35789,682,ITH,ITH5,8,Emilia-Romagna,Emilia-Romagna,4459477,447978,10.05,0.97
1806,2021-04-11,EMR,15285,6940,8345,11981,3050,254,ITH,ITH5,8,Emilia-Romagna,Emilia-Romagna,4459477,463263,10.39,0.34
1807,2021-06-21,EMR,37599,19007,18592,16082,20896,621,ITH,ITH5,8,Emilia-Romagna,Emilia-Romagna,4459477,500862,11.23,0.84
1808,2021-07-08,EMR,41353,20601,20752,4726,36208,419,ITH,ITH5,8,Emilia-Romagna,Emilia-Romagna,4459477,542215,12.16,0.93
1809,2021-03-30,EMR,23346,10336,13010,17994,5042,310,ITH,ITH5,8,Emilia-Romagna,Emilia-Romagna,4459477,565561,12.68,0.52
1810,2021-07-22,EMR,40382,21556,18826,15255,24201,926,ITH,ITH5,8,Emilia-Romagna,Emilia-Romagna,4459477,605943,13.59,0.91
1811,2021-01-04,EMR,7312,2526,4786,7309,0,3,ITH,ITH5,8,Emilia-Romagna,Emilia-Romagna,4459477,613255,13.75,0.16
1812,2021-01-30,EMR,10094,3528,6566,137,9956,1,ITH,ITH5,8,Emilia-Romagna,Emilia-Romagna,4459477,623349,13.98,0.23
1813,2021-01-23,EMR,2448,871,1577,439,2009,0,ITH,ITH5,8,Emilia-Romagna,Emilia-Romagna,4459477,625797,14.03,0.05
1814,2021-05-07,EMR,35339,16986,18353,22669,11895,775,ITH,ITH5,8,Emilia-Romagna,Emilia-Romagna,4459477,661136,14.83,0.79
1815,2021-07-03,EMR,32125,15936,16189,11409,20022,694,ITH,ITH5,8,Emilia-Romagna,Emilia-Romagna,4459477,693261,15.55,0.72
1816,2021-08-29,EMR,20590,11392,9198,8476,11256,858,ITH,ITH5,8,Emilia-Romagna,Emilia-Romagna,4459477,713851,16.01,0.46
1817,2021-02-18,EMR,7045,2893,4152,6441,588,16,ITH,ITH5,8,Emilia-Romagna,Emilia-Romagna,4459477,720896,16.17,0.16
1818,2021-06-07,EMR,40575,20826,19749,33446,6265,864,ITH,ITH5,8,Emilia-Romagna,Emilia-Romagna,4459477,761471,17.08,0.91
1819,2021-08-03,EMR,38515,20273,18242,15572,22292,651,ITH,ITH5,8,Emilia-Romagna,Emilia-Romagna,4459477,799986,17.94,0.86
1820,2021-09-05,EMR,17097,9200,7897,6390,9982,725,ITH,ITH5,8,Emilia-Romagna,Emilia-Romagna,4459477,817083,18.32,0.38
1821,2021-03-09,EMR,14806,6037,8769,10756,3954,96,ITH,ITH5,8,Emilia-Romagna,Emilia-Romagna,4459477,831889,18.65,0.33
1822,2021-05-05,EMR,30146,14005,16141,18306,11275,565,ITH,ITH5,8,Emilia-Romagna,Emilia-Romagna,4459477,862035,19.33,0.68
1823,2021-02-25,EMR,9250,3498,5752,8272,955,23,ITH,ITH5,8,Emilia-Romagna,Emilia-Romagna,4459477,871285,19.54,0.21
1824,2021-06-19,EMR,36694,18365,18329,16739,19407,548,ITH,ITH5,8,Emilia-Romagna,Emilia-Romagna,4459477,907979,20.36,0.82
1825,2021-03-11,EMR,17499,7332,10167,11455,5857,187,ITH,ITH5,8,Emilia-Romagna,Emilia-Romagna,4459477,925478,20.75,0.39
1826,2021-02-06,EMR,7603,2408,5195,2108,5491,4,ITH,ITH5,8,Emilia-Romagna,Emilia-Romagna,4459477,933081,20.92,0.17
1827,2021-02-11,EMR,4257,1416,2841,3397,843,17,ITH,ITH5,8,Emilia-Romagna,Emilia-Romagna,4459477,937338,21.02,0.1
1828,2021-07-29,EMR,40791,21529,19262,14515,25550,726,ITH,ITH5,8,Emilia-Romagna,Emilia-Romagna,4459477,978129,21.93,0.91
1829,2021-07-27,EMR,41133,21853,19280,17016,23325,792,ITH,ITH5,8,Emilia-Romagna,Emilia-Romagna,4459477,1019262,22.86,0.92
1830,2021-04-18,EMR,17528,8406,9122,12365,4934,229,ITH,ITH5,8,Emilia-Romagna,Emilia-Romagna,4459477,1036790,23.25,0.39
1831,2021-06-14,EMR,41345,21374,19971,27458,13088,799,ITH,ITH5,8,Emilia-Romagna,Emilia-Romagna,4459477,1078135,24.18,0.93
1832,2021-07-15,EMR,50399,26249,24150,7898,41793,708,ITH,ITH5,8,Emilia-Romagna,Emilia-Romagna,4459477,1128534,25.31,1.13
1833,2021-04-23,EMR,29584,13818,15766,14309,14896,379,ITH,ITH5,8,Emilia-Romagna,Emilia-Romagna,4459477,1158118,25.97,0.66
1834,2021-01-13,EMR,9079,2943,6136,9074,0,5,ITH,ITH5,8,Emilia-Romagna,Emilia-Romagna,4459477,1167197,26.17,0.2
1835,2021-04-04,EMR,9884,4719,5165,7529,2271,84,ITH,ITH5,8,Emilia-Romagna,Emilia-Romagna,4459477,1177081,26.4,0.22
1836,2021-01-11,EMR,9356,3278,6078,9347,0,9,ITH,ITH5,8,Emilia-Romagna,Emilia-Romagna,4459477,1186437,26.6,0.21
1837,2021-08-27,EMR,27873,14992,12881,6936,20200,737,ITH,ITH5,8,Emilia-Romagna,Emilia-Romagna,4459477,1214310,27.23,0.63
1838,2021-05-19,EMR,33845,14998,18847,18042,15270,533,ITH,ITH5,8,Emilia-Romagna,Emilia-Romagna,4459477,1248155,27.99,0.76
1839,2021-09-10,EMR,25700,13914,11786,5071,19977,652,ITH,ITH5,8,Emilia-Romagna,Emilia-Romagna,4459477,1273855,28.57,0.58
1840,2021-06-02,EMR,24123,12071,12052,18683,4980,460,ITH,ITH5,8,Emilia-Romagna,Emilia-Romagna,4459477,1297978,29.11,0.54
1841,2021-08-15,EMR,6651,3690,2961,3281,3200,170,ITH,ITH5,8,Emilia-Romagna,Emilia-Romagna,4459477,1304629,29.26,0.15
1842,2021-06-26,EMR,37488,18998,18490,21010,15540,938,ITH,ITH5,8,Emilia-Romagna,Emilia-Romagna,4459477,1342117,30.1,0.84
1843,2021-08-22,EMR,16469,9044,7425,6735,9103,631,ITH,ITH5,8,Emilia-Romagna,Emilia-Romagna,4459477,1358586,30.47,0.37
1844,2021-07-10,EMR,42099,21438,20661,6801,34649,649,ITH,ITH5,8,Emilia-Romagna,Emilia-Romagna,4459477,1400685,31.41,0.94
1845,2021-05-31,EMR,29816,13778,16038,17732,11532,552,ITH,ITH5,8,Emilia-Romagna,Emilia-Romagna,4459477,1430501,32.08,0.67
1846,2021-02-20,EMR,5320,2094,3226,5050,263,7,ITH,ITH5,8,Emilia-Romagna,Emilia-Romagna,4459477,1435821,32.2,0.12
1847,2021-01-15,EMR,7753,2407,5346,7745,0,8,ITH,ITH5,8,Emilia-Romagna,Emilia-Romagna,4459477,1443574,32.37,0.17
1848,2021-05-09,EMR,25644,12269,13375,18279,6973,392,ITH,ITH5,8,Emilia-Romagna,Emilia-Romagna,4459477,1469218,32.95,0.58
1849,2021-01-29,EMR,10427,3500,6927,290,10137,0,ITH,ITH5,8,Emilia-Romagna,Emilia-Romagna,4459477,1479645,33.18,0.23
1850,2021-02-15,EMR,2902,849,2053,2709,125,68,ITH,ITH5,8,Emilia-Romagna,Emilia-Romagna,4459477,1482547,33.24,0.07
1851,2021-01-27,EMR,8371,2951,5420,461,7910,0,ITH,ITH5,8,Emilia-Romagna,Emilia-Romagna,4459477,1490918,33.43,0.19
1852,2021-07-31,EMR,36226,19238,16988,12143,23383,700,ITH,ITH5,8,Emilia-Romagna,Emilia-Romagna,4459477,1527144,34.24,0.81
1853,2021-08-26,EMR,27598,14726,12872,9342,17298,958,ITH,ITH5,8,Emilia-Romagna,Emilia-Romagna,4459477,1554742,34.86,0.62
1854,2021-09-12,EMR,10450,5736,4714,2796,7322,332,ITH,ITH5,8,Emilia-Romagna,Emilia-Romagna,4459477,1565192,35.1,0.23
1855,2021-06-04,EMR,45766,23028,22738,36811,8206,749,ITH,ITH5,8,Emilia-Romagna,Emilia-Romagna,4459477,1610958,36.12,1.03
1856,2021-01-10,EMR,7173,2686,4487,7172,0,1,ITH,ITH5,8,Emilia-Romagna,Emilia-Romagna,4459477,1618131,36.29,0.16
1857,2021-06-16,EMR,45964,23540,22424,25246,19966,752,ITH,ITH5,8,Emilia-Romagna,Emilia-Romagna,4459477,1664095,37.32,1.03
1858,2021-03-08,EMR,12219,5098,7121,9470,2664,85,ITH,ITH5,8,Emilia-Romagna,Emilia-Romagna,4459477,1676314,37.59,0.27
1859,2021-06-30,EMR,34264,17292,16972,17704,15667,893,ITH,ITH5,8,Emilia-Romagna,Emilia-Romagna,4459477,1710578,38.36,0.77
1860,2021-07-17,EMR,43667,23055,20612,7175,35752,740,ITH,ITH5,8,Emilia-Romagna,Emilia-Romagna,4459477,1754245,39.34,0.98
1861,2021-06-11,EMR,45992,23871,22121,38334,6557,1101,ITH,ITH5,8,Emilia-Romagna,Emilia-Romagna,4459477,1800237,40.37,1.03
1862,2021-08-31,EMR,27953,14859,13094,8304,18586,1063,ITH,ITH5,8,Emilia-Romagna,Emilia-Romagna,4459477,1828190,41.0,0.63
1863,2021-05-23,EMR,25506,11868,13638,13580,11609,317,ITH,ITH5,8,Emilia-Romagna,Emilia-Romagna,4459477,1853696,41.57,0.57
1864,2021-07-19,EMR,42008,22125,19883,6635,34775,598,ITH,ITH5,8,Emilia-Romagna,Emilia-Romagna,4459477,1895704,42.51,0.94
1865,2021-03-25,EMR,21484,9420,12064,14235,6993,256,ITH,ITH5,8,Emilia-Romagna,Emilia-Romagna,4459477,1917188,42.99,0.48
1866,2021-05-21,EMR,39388,17562,21826,21637,17132,619,ITH,ITH5,8,Emilia-Romagna,Emilia-Romagna,4459477,1956576,43.87,0.88
1867,2021-02-10,EMR,4024,1385,2639,2757,1261,6,ITH,ITH5,8,Emilia-Romagna,Emilia-Romagna,4459477,1960600,43.96,0.09
1868,2021-04-08,EMR,31401,14419,16982,25328,5333,740,ITH,ITH5,8,Emilia-Romagna,Emilia-Romagna,4459477,1992001,44.67,0.7
1869,2021-03-18,EMR,13772,5849,7923,5680,8005,87,ITH,ITH5,8,Emilia-Romagna,Emilia-Romagna,4459477,2005773,44.98,0.31
1870,2021-05-14,EMR,37356,17203,20153,26801,9655,900,ITH,ITH5,8,Emilia-Romagna,Emilia-Romagna,4459477,2043129,45.82,0.84
1871,2021-02-03,EMR,9349,2992,6357,962,8386,1,ITH,ITH5,8,Emilia-Romagna,Emilia-Romagna,4459477,2052478,46.03,0.21
1872,2021-04-01,EMR,23947,10765,13182,19071,4557,319,ITH,ITH5,8,Emilia-Romagna,Emilia-Romagna,4459477,2076425,46.56,0.54
1873,2021-02-17,EMR,6543,2766,3777,5757,773,13,ITH,ITH5,8,Emilia-Romagna,Emilia-Romagna,4459477,2082968,46.71,0.15
1874,2021-08-19,EMR,21550,11571,9979,11932,8730,888,ITH,ITH5,8,Emilia-Romagna,Emilia-Romagna,4459477,2104518,47.19,0.48
1875,2021-05-28,EMR,41304,18966,22338,17272,23434,598,ITH,ITH5,8,Emilia-Romagna,Emilia-Romagna,4459477,2145822,48.12,0.93
1876,2021-04-22,EMR,29060,13455,15605,14616,14080,364,ITH,ITH5,8,Emilia-Romagna,Emilia-Romagna,4459477,2174882,48.77,0.65
1877,2021-01-12,EMR,9484,3127,6357,9475,0,9,ITH,ITH5,8,Emilia-Romagna,Emilia-Romagna,4459477,2184366,48.98,0.21
1878,2021-07-16,EMR,49792,26284,23508,7037,42085,670,ITH,ITH5,8,Emilia-Romagna,Emilia-Romagna,4459477,2234158,50.1,1.12
1879,2021-06-27,EMR,29598,14894,14704,16191,12735,672,ITH,ITH5,8,Emilia-Romagna,Emilia-Romagna,4459477,2263756,50.76,0.66
1880,2021-07-14,EMR,47981,24547,23434,5589,41857,535,ITH,ITH5,8,Emilia-Romagna,Emilia-Romagna,4459477,2311737,51.84,1.08
1881,2021-04-05,EMR,14857,6810,8047,11786,2895,176,ITH,ITH5,8,Emilia-Romagna,Emilia-Romagna,4459477,2326594,52.17,0.33
1882,2021-01-20,EMR,1331,269,1062,1329,1,1,ITH,ITH5,8,Emilia-Romagna,Emilia-Romagna,4459477,2327925,52.2,0.03
1883,2021-07-24,EMR,38880,20966,17914,17245,20638,997,ITH,ITH5,8,Emilia-Romagna,Emilia-Romagna,4459477,2366805,53.07,0.87
1884,2021-04-15,EMR,29368,13986,15382,19240,9683,445,ITH,ITH5,8,Emilia-Romagna,Emilia-Romagna,4459477,2396173,53.73,0.66
1885,2021-08-10,EMR,31324,16757,14567,15334,14915,1075,ITH,ITH5,8,Emilia-Romagna,Emilia-Romagna,4459477,2427497,54.43,0.7
1886,2021-03-13,EMR,16144,6363,9781,10593,5314,237,ITH,ITH5,8,Emilia-Romagna,Emilia-Romagna,4459477,2443641,54.8,0.36
1887,2021-07-05,EMR,33242,16209,17033,11202,21385,655,ITH,ITH5,8,Emilia-Romagna,Emilia-Romagna,4459477,2476883,55.54,0.75
1888,2021-03-27,EMR,21683,9074,12609,14523,6912,248,ITH,ITH5,8,Emilia-Romagna,Emilia-Romagna,4459477,2498566,56.03,0.49
1889,2021-04-13,EMR,23726,11132,12594,19032,4344,350,ITH,ITH5,8,Emilia-Romagna,Emilia-Romagna,4459477,2522292,56.56,0.53
1890,2021-01-03,EMR,2763,945,1818,2763,0,0,ITH,ITH5,8,Emilia-Romagna,Emilia-Romagna,4459477,2525055,56.62,0.06
1891,2021-05-02,EMR,25595,11656,13939,13190,12000,405,ITH,ITH5,8,Emilia-Romagna,Emilia-Romagna,4459477,2550650,57.2,0.57
1892,2021-01-22,EMR,1832,477,1355,1087,743,2,ITH,ITH5,8,Emilia-Romagna,Emilia-Romagna,4459477,2552482,57.24,0.04
1893,2021-08-24,EMR,23383,12702,10681,10499,11765,1119,ITH,ITH5,8,Emilia-Romagna,Emilia-Romagna,4459477,2575865,57.76,0.52
1894,2021-02-08,EMR,5238,1537,3701,2317,2918,3,ITH,ITH5,8,Emilia-Romagna,Emilia-Romagna,4459477,2581103,57.88,0.12
1895,2021-05-16,EMR,25891,12183,13708,18366,7146,379,ITH,ITH5,8,Emilia-Romagna,Emilia-Romagna,4459477,2606994,58.46,0.58
1896,2021-02-22,EMR,7487,3094,4393,7201,273,13,ITH,ITH5,8,Emilia-Romagna,Emilia-Romagna,4459477,2614481,58.63,0.17
1897,2021-08-02,EMR,38530,20357,18173,14774,23091,665,ITH,ITH5,8,Emilia-Romagna,Emilia-Romagna,4459477,2653011,59.49,0.86
1898,2021-04-24,EMR,28655,13251,15404,14063,14242,350,ITH,ITH5,8,Emilia-Romagna,Emilia-Romagna,4459477,2681666,60.13,0.64
1899,2021-05-11,EMR,35821,16806,19015,27862,7263,696,ITH,ITH5,8,Emilia-Romagna,Emilia-Romagna,4459477,2717487,60.94,0.8
1900,2021-01-31,EMR,7709,2771,4938,240,7469,0,ITH,ITH5,8,Emilia-Romagna,Emilia-Romagna,4459477,2725196,61.11,0.17
1901,2021-06-28,EMR,40082,19669,20413,19632,19580,870,ITH,ITH5,8,Emilia-Romagna,Emilia-Romagna,4459477,2765278,62.01,0.9
1902,2021-03-20,EMR,16094,6832,9262,8958,6967,169,ITH,ITH5,8,Emilia-Romagna,Emilia-Romagna,4459477,2781372,62.37,0.36
1903,2021-04-06,EMR,24771,11182,13589,19728,4751,292,ITH,ITH5,8,Emilia-Romagna,Emilia-Romagna,4459477,2806143,62.93,0.56
1904,2020-12-27,EMR,972,374,598,972,0,0,ITH,ITH5,8,Emilia-Romagna,Emilia-Romagna,4459477,2807115,62.95,0.02
1905,2021-06-01,EMR,27199,13115,14084,16834,9931,434,ITH,ITH5,8,Emilia-Romagna,Emilia-Romagna,4459477,2834314,63.56,0.61
1906,2021-07-28,EMR,38704,20755,17949,13963,24050,691,ITH,ITH5,8,Emilia-Romagna,Emilia-Romagna,4459477,2873018,64.42,0.87
1907,2021-08-09,EMR,30228,16125,14103,16612,12557,1059,ITH,ITH5,8,Emilia-Romagna,Emilia-Romagna,4459477,2903246,65.1,0.68
1908,2021-05-01,EMR,28432,12782,15650,15278,12795,359,ITH,ITH5,8,Emilia-Romagna,Emilia-Romagna,4459477,2931678,65.74,0.64
1909,2021-06-18,EMR,42789,21456,21333,16287,25932,570,ITH,ITH5,8,Emilia-Romagna,Emilia-Romagna,4459477,2974467,66.7,0.96
1910,2021-03-10,EMR,18813,7743,11070,12983,5648,182,ITH,ITH5,8,Emilia-Romagna,Emilia-Romagna,4459477,2993280,67.12,0.42
1911,2021-05-18,EMR,29237,13282,15955,18100,10647,490,ITH,ITH5,8,Emilia-Romagna,Emilia-Romagna,4459477,3022517,67.78,0.66
1912,2021-02-07,EMR,4794,1537,3257,1724,3068,2,ITH,ITH5,8,Emilia-Romagna,Emilia-Romagna,4459477,3027311,67.88,0.11
1913,2021-02-24,EMR,9359,3568,5791,8453,890,16,ITH,ITH5,8,Emilia-Romagna,Emilia-Romagna,4459477,3036670,68.09,0.21
1914,2021-01-05,EMR,9373,3173,6200,9369,0,4,ITH,ITH5,8,Emilia-Romagna,Emilia-Romagna,4459477,3046043,68.3,0.21
1915,2021-06-29,EMR,37735,18610,19125,18135,18798,802,ITH,ITH5,8,Emilia-Romagna,Emilia-Romagna,4459477,3083778,69.15,0.85
1916,2021-03-21,EMR,11960,5297,6663,7261,4605,94,ITH,ITH5,8,Emilia-Romagna,Emilia-Romagna,4459477,3095738,69.42,0.27
1917,2021-06-10,EMR,45105,23169,21936,38682,5387,1036,ITH,ITH5,8,Emilia-Romagna,Emilia-Romagna,4459477,3140843,70.43,1.01
1918,2021-03-02,EMR,12665,4274,8391,10515,2092,58,ITH,ITH5,8,Emilia-Romagna,Emilia-Romagna,4459477,3153508,70.71,0.28
1919,2021-03-19,EMR,15920,6970,8950,7791,7971,158,ITH,ITH5,8,Emilia-Romagna,Emilia-Romagna,4459477,3169428,71.07,0.36
1920,2021-04-07,EMR,26888,12306,14582,20463,6079,346,ITH,ITH5,8,Emilia-Romagna,Emilia-Romagna,4459477,3196316,71.67,0.6
1921,2021-01-14,EMR,8132,2595,5537,8123,0,9,ITH,ITH5,8,Emilia-Romagna,Emilia-Romagna,4459477,3204448,71.86,0.18
1922,2021-04-20,EMR,22654,10418,12236,13886,8367,401,ITH,ITH5,8,Emilia-Romagna,Emilia-Romagna,4459477,3227102,72.37,0.51
1923,2021-06-23,EMR,38081,19097,18984,18471,18887,723,ITH,ITH5,8,Emilia-Romagna,Emilia-Romagna,4459477,3265183,73.22,0.85
1924,2021-01-08,EMR,10877,3587,7290,10874,0,3,ITH,ITH5,8,Emilia-Romagna,Emilia-Romagna,4459477,3276060,73.46,0.24
1925,2021-03-06,EMR,21036,5971,15065,18169,2743,124,ITH,ITH5,8,Emilia-Romagna,Emilia-Romagna,4459477,3297096,73.93,0.47
1926,2021-06-13,EMR,28773,15010,13763,23809,4287,677,ITH,ITH5,8,Emilia-Romagna,Emilia-Romagna,4459477,3325869,74.58,0.65
1927,2021-03-05,EMR,17921,5864,12057,14292,3504,125,ITH,ITH5,8,Emilia-Romagna,Emilia-Romagna,4459477,3343790,74.98,0.4
1928,2021-03-22,EMR,17660,7821,9839,10616,6872,172,ITH,ITH5,8,Emilia-Romagna,Emilia-Romagna,4459477,3361450,75.38,0.4
1929,2021-03-03,EMR,15897,5268,10629,13357,2487,53,ITH,ITH5,8,Emilia-Romagna,Emilia-Romagna,4459477,3377347,75.73,0.36
1930,2021-09-09,EMR,24278,12891,11387,5071,18591,616,ITH,ITH5,8,Emilia-Romagna,Emilia-Romagna,4459477,3401625,76.28,0.54
1931,2021-04-12,EMR,19260,9016,10244,14449,4452,359,ITH,ITH5,8,Emilia-Romagna,Emilia-Romagna,4459477,3420885,76.71,0.43
1932,2021-06-08,EMR,45148,23117,22031,36800,7545,803,ITH,ITH5,8,Emilia-Romagna,Emilia-Romagna,4459477,3466033,77.72,1.01
1933,2021-08-04,EMR,35344,18844,16500,13031,21687,626,ITH,ITH5,8,Emilia-Romagna,Emilia-Romagna,4459477,3501377,78.52,0.79
1934,2021-02-05,EMR,9310,2963,6347,1617,7689,4,ITH,ITH5,8,Emilia-Romagna,Emilia-Romagna,4459477,3510687,78.72,0.21
1935,2021-09-11,EMR,24433,13877,10556,4450,19435,548,ITH,ITH5,8,Emilia-Romagna,Emilia-Romagna,4459477,3535120,79.27,0.55
1936,2021-06-20,EMR,30752,15601,15151,15593,14674,485,ITH,ITH5,8,Emilia-Romagna,Emilia-Romagna,4459477,3565872,79.96,0.69
1937,2021-04-29,EMR,44992,21152,23840,26606,17565,821,ITH,ITH5,8,Emilia-Romagna,Emilia-Romagna,4459477,3610864,80.97,1.01
1938,2021-01-19,EMR,2050,507,1543,2032,17,1,ITH,ITH5,8,Emilia-Romagna,Emilia-Romagna,4459477,3612914,81.02,0.05
1939,2021-07-07,EMR,37921,19149,18772,13400,23721,800,ITH,ITH5,8,Emilia-Romagna,Emilia-Romagna,4459477,3650835,81.87,0.85
1940,2021-03-29,EMR,21437,9619,11818,16540,4665,232,ITH,ITH5,8,Emilia-Romagna,Emilia-Romagna,4459477,3672272,82.35,0.48
1941,2021-02-21,EMR,4449,1707,2742,3999,440,10,ITH,ITH5,8,Emilia-Romagna,Emilia-Romagna,4459477,3676721,82.45,0.1
1942,2021-07-12,EMR,44070,22330,21740,5427,38133,510,ITH,ITH5,8,Emilia-Romagna,Emilia-Romagna,4459477,3720791,83.44,0.99
1943,2021-09-07,EMR,26039,14076,11963,5862,19591,586,ITH,ITH5,8,Emilia-Romagna,Emilia-Romagna,4459477,3746830,84.02,0.58
1944,2021-07-21,EMR,43693,23306,20387,10781,32283,629,ITH,ITH5,8,Emilia-Romagna,Emilia-Romagna,4459477,3790523,85.0,0.98
1945,2021-04-19,EMR,20922,9806,11116,14337,6284,301,ITH,ITH5,8,Emilia-Romagna,Emilia-Romagna,4459477,3811445,85.47,0.47
1946,2021-01-09,EMR,9999,3458,6541,9995,0,4,ITH,ITH5,8,Emilia-Romagna,Emilia-Romagna,4459477,3821444,85.69,0.22
1947,2021-06-15,EMR,43879,22643,21236,27908,15075,896,ITH,ITH5,8,Emilia-Romagna,Emilia-Romagna,4459477,3865323,86.68,0.98
1948,2021-03-07,EMR,7850,2962,4888,6288,1525,37,ITH,ITH5,8,Emilia-Romagna,Emilia-Romagna,4459477,3873173,86.85,0.18
1949,2021-05-03,EMR,28739,13570,15169,17396,10887,456,ITH,ITH5,8,Emilia-Romagna,Emilia-Romagna,4459477,3901912,87.5,0.64
1950,2021-07-25,EMR,28478,15183,13295,10552,17441,485,ITH,ITH5,8,Emilia-Romagna,Emilia-Romagna,4459477,3930390,88.14,0.64
1951,2021-08-11,EMR,27751,14876,12875,12061,14878,812,ITH,ITH5,8,Emilia-Romagna,Emilia-Romagna,4459477,3958141,88.76,0.62
1952,2021-08-25,EMR,25129,13541,11588,9552,14610,967,ITH,ITH5,8,Emilia-Romagna,Emilia-Romagna,4459477,3983270,89.32,0.56
1953,2021-01-02,EMR,2379,917,1462,2379,0,0,ITH,ITH5,8,Emilia-Romagna,Emilia-Romagna,4459477,3985649,89.37,0.05
1954,2021-06-05,EMR,44327,22386,21941,36623,6925,779,ITH,ITH5,8,Emilia-Romagna,Emilia-Romagna,4459477,4029976,90.37,0.99
1955,2021-06-22,EMR,36543,18200,18343,16259,19640,644,ITH,ITH5,8,Emilia-Romagna,Emilia-Romagna,4459477,4066519,91.19,0.82
1956,2021-07-06,EMR,36815,18511,18304,12923,23198,694,ITH,ITH5,8,Emilia-Romagna,Emilia-Romagna,4459477,4103334,92.01,0.83
1957,2021-05-17,EMR,32485,15417,17068,22336,9565,584,ITH,ITH5,8,Emilia-Romagna,Emilia-Romagna,4459477,4135819,92.74,0.73
1958,2021-02-28,EMR,6830,2528,4302,4959,1852,19,ITH,ITH5,8,Emilia-Romagna,Emilia-Romagna,4459477,4142649,92.9,0.15
1959,2021-04-26,EMR,27915,12940,14975,18038,9324,553,ITH,ITH5,8,Emilia-Romagna,Emilia-Romagna,4459477,4170564,93.52,0.63
1960,2021-01-16,EMR,5632,1719,3913,5631,0,1,ITH,ITH5,8,Emilia-Romagna,Emilia-Romagna,4459477,4176196,93.65,0.13
1961,2021-03-14,EMR,8807,3840,4967,4943,3800,64,ITH,ITH5,8,Emilia-Romagna,Emilia-Romagna,4459477,4185003,93.85,0.2
1962,2021-09-04,EMR,23718,12906,10812,8380,14444,894,ITH,ITH5,8,Emilia-Romagna,Emilia-Romagna,4459477,4208721,94.38,0.53
1963,2021-08-16,EMR,20219,10868,9351,12624,6579,1016,ITH,ITH5,8,Emilia-Romagna,Emilia-Romagna,4459477,4228940,94.83,0.45
1964,2021-09-02,EMR,24935,13241,11694,6461,17779,695,ITH,ITH5,8,Emilia-Romagna,Emilia-Romagna,4459477,4253875,95.39,0.56
1965,2021-05-25,EMR,25244,11240,14004,11301,13513,430,ITH,ITH5,8,Emilia-Romagna,Emilia-Romagna,4459477,4279119,95.96,0.57
1966,2021-02-14,EMR,1405,378,1027,1277,120,8,ITH,ITH5,8,Emilia-Romagna,Emilia-Romagna,4459477,4280524,95.99,0.03
1967,2021-08-28,EMR,26286,14541,11745,8619,16842,825,ITH,ITH5,8,Emilia-Romagna,Emilia-Romagna,4459477,4306810,96.58,0.59
1968,2021-05-20,EMR,40415,18345,22070,18392,21504,519,ITH,ITH5,8,Emilia-Romagna,Emilia-Romagna,4459477,4347225,97.48,0.91
1969,2021-08-23,EMR,22594,11764,10830,11824,9473,1297,ITH,ITH5,8,Emilia-Romagna,Emilia-Romagna,4459477,4369819,97.99,0.51
1970,2021-07-23,EMR,40434,21907,18527,19803,19490,1141,ITH,ITH5,8,Emilia-Romagna,Emilia-Romagna,4459477,4410253,98.9,0.91
1971,2021-04-14,EMR,27063,12851,14212,20522,6114,427,ITH,ITH5,8,Emilia-Romagna,Emilia-Romagna,4459477,4437316,99.5,0.61
1972,2021-01-21,EMR,2167,730,1437,819,1348,0,ITH,ITH5,8,Emilia-Romagna,Emilia-Romagna,4459477,4439483,99.55,0.05
1973,2021-06-03,EMR,37936,18443,19493,29686,7560,690,ITH,ITH5,8,Emilia-Romagna,Emilia-Romagna,4459477,4477419,100.4,0.85
1974,2021-02-23,EMR,8217,3219,4998,7819,386,12,ITH,ITH5,8,Emilia-Romagna,Emilia-Romagna,4459477,4485636,100.59,0.18
1975,2021-03-12,EMR,18325,7709,10616,11308,6721,296,ITH,ITH5,8,Emilia-Romagna,Emilia-Romagna,4459477,4503961,101.0,0.41
1976,2021-02-12,EMR,5330,1679,3651,3900,1407,23,ITH,ITH5,8,Emilia-Romagna,Emilia-Romagna,4459477,4509291,101.12,0.12
1977,2021-04-10,EMR,20938,9305,11633,16455,4148,335,ITH,ITH5,8,Emilia-Romagna,Emilia-Romagna,4459477,4530229,101.59,0.47
1978,2021-04-17,EMR,27324,13087,14237,17578,9355,391,ITH,ITH5,8,Emilia-Romagna,Emilia-Romagna,4459477,4557553,102.2,0.61
1979,2021-01-07,EMR,10292,3408,6884,10288,0,4,ITH,ITH5,8,Emilia-Romagna,Emilia-Romagna,4459477,4567845,102.43,0.23
1980,2021-06-25,EMR,42864,21812,21052,19742,22320,802,ITH,ITH5,8,Emilia-Romagna,Emilia-Romagna,4459477,4610709,103.39,0.96
1981,2021-03-17,EMR,13731,5699,8032,5817,7855,59,ITH,ITH5,8,Emilia-Romagna,Emilia-Romagna,4459477,4624440,103.7,0.31
1982,2021-08-21,EMR,19097,10684,8413,10432,7768,897,ITH,ITH5,8,Emilia-Romagna,Emilia-Romagna,4459477,4643537,104.13,0.43
1983,2021-05-13,EMR,35864,16520,19344,27291,7852,721,ITH,ITH5,8,Emilia-Romagna,Emilia-Romagna,4459477,4679401,104.93,0.8
1984,2021-03-15,EMR,13461,6252,7209,6852,6507,102,ITH,ITH5,8,Emilia-Romagna,Emilia-Romagna,4459477,4692862,105.23,0.3
1985,2021-02-09,EMR,4161,1253,2908,2307,1853,1,ITH,ITH5,8,Emilia-Romagna,Emilia-Romagna,4459477,4697023,105.33,0.09
1986,2021-09-01,EMR,22593,12042,10551,7181,14668,744,ITH,ITH5,8,Emilia-Romagna,Emilia-Romagna,4459477,4719616,105.83,0.51
1987,2021-05-15,EMR,33297,14998,18299,22214,10442,641,ITH,ITH5,8,Emilia-Romagna,Emilia-Romagna,4459477,4752913,106.58,0.75
1988,2021-02-04,EMR,9935,3208,6727,1235,8699,1,ITH,ITH5,8,Emilia-Romagna,Emilia-Romagna,4459477,4762848,106.8,0.22
1989,2021-05-22,EMR,33177,14161,19016,16473,16247,457,ITH,ITH5,8,Emilia-Romagna,Emilia-Romagna,4459477,4796025,107.55,0.74
1990,2021-07-18,EMR,34586,17916,16670,8191,25827,568,ITH,ITH5,8,Emilia-Romagna,Emilia-Romagna,4459477,4830611,108.32,0.78
1991,2021-05-27,EMR,42350,18770,23580,13556,28287,507,ITH,ITH5,8,Emilia-Romagna,Emilia-Romagna,4459477,4872961,109.27,0.95
1992,2021-02-16,EMR,5774,2448,3326,5230,530,14,ITH,ITH5,8,Emilia-Romagna,Emilia-Romagna,4459477,4878735,109.4,0.13
1993,2021-08-01,EMR,30049,16162,13887,10278,19364,407,ITH,ITH5,8,Emilia-Romagna,Emilia-Romagna,4459477,4908784,110.08,0.67
1994,2021-08-18,EMR,22278,12200,10078,14564,6652,1062,ITH,ITH5,8,Emilia-Romagna,Emilia-Romagna,4459477,4931062,110.57,0.5
1995,2021-05-10,EMR,33895,16151,17744,26005,7263,627,ITH,ITH5,8,Emilia-Romagna,Emilia-Romagna,4459477,4964957,111.33,0.76
1996,2021-07-30,EMR,39862,21413,18449,15672,23465,725,ITH,ITH5,8,Emilia-Romagna,Emilia-Romagna,4459477,5004819,112.23,0.89
1997,2021-04-21,EMR,23976,10972,13004,13869,9745,362,ITH,ITH5,8,Emilia-Romagna,Emilia-Romagna,4459477,5028795,112.77,0.54
1998,2021-05-08,EMR,32380,15113,17267,20398,11439,543,ITH,ITH5,8,Emilia-Romagna,Emilia-Romagna,4459477,5061175,113.49,0.73
1999,2021-01-28,EMR,10263,3343,6920,348,9915,0,ITH,ITH5,8,Emilia-Romagna,Emilia-Romagna,4459477,5071438,113.72,0.23
2000,2021-04-09,EMR,25803,11695,14108,19527,5761,515,ITH,ITH5,8,Emilia-Romagna,Emilia-Romagna,4459477,5097241,114.3,0.58
2001,2021-02-02,EMR,9499,3056,6443,534,8964,1,ITH,ITH5,8,Emilia-Romagna,Emilia-Romagna,4459477,5106740,114.51,0.21
2002,2021-08-30,EMR,27015,14185,12830,7629,18355,1031,ITH,ITH5,8,Emilia-Romagna,Emilia-Romagna,4459477,5133755,115.12,0.61
2003,2021-04-03,EMR,19971,8763,11208,15956,3800,215,ITH,ITH5,8,Emilia-Romagna,Emilia-Romagna,4459477,5153726,115.57,0.45
2004,2021-05-30,EMR,27103,12808,14295,12984,13714,405,ITH,ITH5,8,Emilia-Romagna,Emilia-Romagna,4459477,5180829,116.18,0.61
2005,2021-02-19,EMR,7330,3012,4318,6802,514,14,ITH,ITH5,8,Emilia-Romagna,Emilia-Romagna,4459477,5188159,116.34,0.16
2006,2021-07-26,EMR,39571,21100,18471,15898,22884,789,ITH,ITH5,8,Emilia-Romagna,Emilia-Romagna,4459477,5227730,117.23,0.89
2007,2020-12-31,EMR,2214,779,1435,2213,0,1,ITH,ITH5,8,Emilia-Romagna,Emilia-Romagna,4459477,5229944,117.28,0.05
2008,2021-06-06,EMR,36603,19002,17601,31539,4415,649,ITH,ITH5,8,Emilia-Romagna,Emilia-Romagna,4459477,5266547,118.1,0.82
2009,2021-02-26,EMR,9643,3677,5966,8563,1054,26,ITH,ITH5,8,Emilia-Romagna,Emilia-Romagna,4459477,5276190,118.31,0.22
2010,2021-08-06,EMR,34667,18593,16074,18796,14986,885,ITH,ITH5,8,Emilia-Romagna,Emilia-Romagna,4459477,5310857,119.09,0.78
2011,2021-04-28,EMR,33752,15604,18148,20263,12899,590,ITH,ITH5,8,Emilia-Romagna,Emilia-Romagna,4459477,5344609,119.85,0.76
2012,2021-06-24,EMR,40651,20417,20234,20273,19569,809,ITH,ITH5,8,Emilia-Romagna,Emilia-Romagna,4459477,5385260,120.76,0.91
2013,2021-08-20,EMR,19726,10739,8987,10242,8514,970,ITH,ITH5,8,Emilia-Romagna,Emilia-Romagna,4459477,5404986,121.2,0.44
2014,2021-06-17,EMR,46707,23667,23040,21779,24229,699,ITH,ITH5,8,Emilia-Romagna,Emilia-Romagna,4459477,5451693,122.25,1.05
2015,2021-08-13,EMR,21254,11799,9455,14259,6085,910,ITH,ITH5,8,Emilia-Romagna,Emilia-Romagna,4459477,5472947,122.73,0.48
2016,2021-06-09,EMR,43186,21934,21252,35729,6436,1021,ITH,ITH5,8,Emilia-Romagna,Emilia-Romagna,4459477,5516133,123.69,0.97
2017,2021-03-01,EMR,10104,3585,6519,7817,2262,25,ITH,ITH5,8,Emilia-Romagna,Emilia-Romagna,4459477,5526237,123.92,0.23
2018,2021-08-05,EMR,36767,19456,17311,18387,17407,973,ITH,ITH5,8,Emilia-Romagna,Emilia-Romagna,4459477,5563004,124.75,0.82
2019,2021-08-12,EMR,27706,15052,12654,19262,6878,1566,ITH,ITH5,8,Emilia-Romagna,Emilia-Romagna,4459477,5590710,125.37,0.62
2020,2021-05-04,EMR,29315,13729,15586,15165,13673,477,ITH,ITH5,8,Emilia-Romagna,Emilia-Romagna,4459477,5620025,126.02,0.66
2021,2021-02-27,EMR,10968,3998,6970,9193,1742,33,ITH,ITH5,8,Emilia-Romagna,Emilia-Romagna,4459477,5630993,126.27,0.25
2022,2021-04-25,EMR,22360,10244,12116,14403,7515,442,ITH,ITH5,8,Emilia-Romagna,Emilia-Romagna,4459477,5653353,126.77,0.5
2023,2021-08-07,EMR,30978,17039,13939,17727,12211,1040,ITH,ITH5,8,Emilia-Romagna,Emilia-Romagna,4459477,5684331,127.47,0.69
2024,2021-04-27,EMR,32135,14874,17261,19233,12471,431,ITH,ITH5,8,Emilia-Romagna,Emilia-Romagna,4459477,5716466,128.19,0.72
2025,2021-08-14,EMR,15797,8909,6888,8315,7026,456,ITH,ITH5,8,Emilia-Romagna,Emilia-Romagna,4459477,5732263,128.54,0.35
2026,2021-05-06,EMR,35985,16627,19358,22154,13102,729,ITH,ITH5,8,Emilia-Romagna,Emilia-Romagna,4459477,5768248,129.35,0.81
2027,2021-01-26,EMR,8340,3002,5338,209,8130,1,ITH,ITH5,8,Emilia-Romagna,Emilia-Romagna,4459477,5776588,129.54,0.19
2028,2021-07-02,EMR,34761,17094,17667,12381,21726,654,ITH,ITH5,8,Emilia-Romagna,Emilia-Romagna,4459477,5811349,130.31,0.78
2029,2021-03-24,EMR,21242,9414,11828,13632,7387,223,ITH,ITH5,8,Emilia-Romagna,Emilia-Romagna,4459477,5832591,130.79,0.48
2030,2021-01-24,EMR,2446,887,1559,298,2148,0,ITH,ITH5,8,Emilia-Romagna,Emilia-Romagna,4459477,5835037,130.85,0.05
2031,2021-07-09,EMR,44925,22954,21971,5415,39087,423,ITH,ITH5,8,Emilia-Romagna,Emilia-Romagna,4459477,5879962,131.85,1.01
2032,2021-01-17,EMR,2898,890,2008,2648,249,1,ITH,ITH5,8,Emilia-Romagna,Emilia-Romagna,4459477,5882860,131.92,0.06
2033,2021-04-02,EMR,23374,10536,12838,18553,4488,333,ITH,ITH5,8,Emilia-Romagna,Emilia-Romagna,4459477,5906234,132.44,0.52
2034,2021-09-06,EMR,25266,13403,11863,7035,17422,809,ITH,ITH5,8,Emilia-Romagna,Emilia-Romagna,4459477,5931500,133.01,0.57
2035,2021-05-29,EMR,37952,16522,21430,16660,20766,526,ITH,ITH5,8,Emilia-Romagna,Emilia-Romagna,4459477,5969452,133.86,0.85
2036,2021-07-11,EMR,30400,15244,15156,2756,27375,269,ITH,ITH5,8,Emilia-Romagna,Emilia-Romagna,4459477,5999852,134.54,0.68
2037,2021-03-31,EMR,25290,11057,14233,19506,5473,311,ITH,ITH5,8,Emilia-Romagna,Emilia-Romagna,4459477,6025142,135.11,0.57
2038,2021-07-13,EMR,48502,24845,23657,6469,41346,687,ITH,ITH5,8,Emilia-Romagna,Emilia-Romagna,4459477,6073644,136.2,1.09
2039,2021-09-08,EMR,22536,12157,10379,5748,16168,620,ITH,ITH5,8,Emilia-Romagna,Emilia-Romagna,4459477,6096180,136.7,0.51
2040,2021-07-04,EMR,24272,12070,12202,10172,13609,491,ITH,ITH5,8,Emilia-Romagna,Emilia-Romagna,4459477,6120452,137.25,0.54
2041,2021-03-26,EMR,23739,10125,13614,17022,6443,274,ITH,ITH5,8,Emilia-Romagna,Emilia-Romagna,4459477,6144191,137.78,0.53
2042,2021-02-21,PUG,2178,475,1703,2064,63,51,ITF,ITF4,16,Puglia,Puglia,4029053,2178,0.05,0.05
2043,2021-06-01,PUG,35063,17562,17501,21649,13016,398,ITF,ITF4,16,Puglia,Puglia,4029053,37241,0.92,0.87
2044,2021-05-15,PUG,43733,19044,24689,22840,20180,713,ITF,ITF4,16,Puglia,Puglia,4029053,80974,2.01,1.09
2045,2021-06-03,PUG,50726,24604,26122,30554,19445,727,ITF,ITF4,16,Puglia,Puglia,4029053,131700,3.27,1.26
2046,2021-09-11,PUG,4128,2237,1891,961,3010,157,ITF,ITF4,16,Puglia,Puglia,4029053,135828,3.37,0.1
2047,2021-03-10,PUG,14866,6649,8217,11563,3140,163,ITF,ITF4,16,Puglia,Puglia,4029053,150694,3.74,0.37
2048,2021-09-06,PUG,21624,11312,10312,7189,13513,922,ITF,ITF4,16,Puglia,Puglia,4029053,172318,4.28,0.54
2049,2021-07-11,PUG,12195,5765,6430,2577,9520,98,ITF,ITF4,16,Puglia,Puglia,4029053,184513,4.58,0.3
2050,2021-08-23,PUG,30285,15660,14625,10616,18774,895,ITF,ITF4,16,Puglia,Puglia,4029053,214798,5.33,0.75
2051,2021-01-12,PUG,4223,1774,2449,4222,0,1,ITF,ITF4,16,Puglia,Puglia,4029053,219021,5.44,0.1
2052,2021-04-07,PUG,15750,7151,8599,8841,6711,198,ITF,ITF4,16,Puglia,Puglia,4029053,234771,5.83,0.39
2053,2021-07-16,PUG,46611,22621,23990,12946,32852,813,ITF,ITF4,16,Puglia,Puglia,4029053,281382,6.98,1.16
2054,2021-04-19,PUG,27770,12903,14867,24379,3051,340,ITF,ITF4,16,Puglia,Puglia,4029053,309152,7.67,0.69
2055,2021-07-28,PUG,45404,22963,22441,14731,29786,887,ITF,ITF4,16,Puglia,Puglia,4029053,354556,8.8,1.13
2056,2021-04-24,PUG,29468,13426,16042,25174,3957,337,ITF,ITF4,16,Puglia,Puglia,4029053,384024,9.53,0.73
2057,2021-04-05,PUG,12782,6207,6575,12107,534,141,ITF,ITF4,16,Puglia,Puglia,4029053,396806,9.85,0.32
2058,2021-03-19,PUG,7998,3672,4326,3367,4595,36,ITF,ITF4,16,Puglia,Puglia,4029053,404804,10.05,0.2
2059,2021-06-27,PUG,18581,9231,9350,9954,8360,267,ITF,ITF4,16,Puglia,Puglia,4029053,423385,10.51,0.46
2060,2021-02-07,PUG,1585,669,916,253,1332,0,ITF,ITF4,16,Puglia,Puglia,4029053,424970,10.55,0.04
2061,2021-01-21,PUG,2132,905,1227,1268,862,2,ITF,ITF4,16,Puglia,Puglia,4029053,427102,10.6,0.05
2062,2021-05-01,PUG,27729,12697,15032,16732,10716,281,ITF,ITF4,16,Puglia,Puglia,4029053,454831,11.29,0.69
2063,2021-08-09,PUG,27980,14419,13561,11290,15825,865,ITF,ITF4,16,Puglia,Puglia,4029053,482811,11.98,0.69
2064,2021-01-02,PUG,2958,1306,1652,2958,0,0,ITF,ITF4,16,Puglia,Puglia,4029053,485769,12.06,0.07
2065,2021-02-09,PUG,3856,1576,2280,2159,1677,20,ITF,ITF4,16,Puglia,Puglia,4029053,489625,12.15,0.1
2066,2021-05-20,PUG,33741,15311,18430,20767,12458,516,ITF,ITF4,16,Puglia,Puglia,4029053,523366,12.99,0.84
2067,2021-03-24,PUG,13630,6541,7089,6051,7458,121,ITF,ITF4,16,Puglia,Puglia,4029053,536996,13.33,0.34
2068,2021-08-28,PUG,5717,3129,2588,2013,3516,188,ITF,ITF4,16,Puglia,Puglia,4029053,542713,13.47,0.14
2069,2021-01-26,PUG,5381,2408,2973,563,4817,1,ITF,ITF4,16,Puglia,Puglia,4029053,548094,13.6,0.13
2070,2021-07-02,PUG,47484,22574,24910,17367,29189,928,ITF,ITF4,16,Puglia,Puglia,4029053,595578,14.78,1.18
2071,2021-03-05,PUG,17750,7202,10548,15203,2320,227,ITF,ITF4,16,Puglia,Puglia,4029053,613328,15.22,0.44
2072,2021-02-26,PUG,13805,5070,8735,12525,1080,200,ITF,ITF4,16,Puglia,Puglia,4029053,627133,15.57,0.34
2073,2020-12-31,PUG,1638,785,853,1638,0,0,ITF,ITF4,16,Puglia,Puglia,4029053,628771,15.61,0.04
2074,2021-08-11,PUG,23909,12286,11623,12100,10790,1019,ITF,ITF4,16,Puglia,Puglia,4029053,652680,16.2,0.59
2075,2021-06-15,PUG,42755,20902,21853,22390,19771,594,ITF,ITF4,16,Puglia,Puglia,4029053,695435,17.26,1.06
2076,2021-06-08,PUG,39416,19195,20221,20961,17893,562,ITF,ITF4,16,Puglia,Puglia,4029053,734851,18.24,0.98
2077,2021-03-29,PUG,13587,6631,6956,6616,6771,200,ITF,ITF4,16,Puglia,Puglia,4029053,748438,18.58,0.34
2078,2021-03-12,PUG,14327,6463,7864,10234,3949,144,ITF,ITF4,16,Puglia,Puglia,4029053,762765,18.93,0.36
2079,2021-06-20,PUG,21630,10868,10762,14066,7238,326,ITF,ITF4,16,Puglia,Puglia,4029053,784395,19.47,0.54
2080,2021-08-30,PUG,28451,14799,13652,11493,15931,1027,ITF,ITF4,16,Puglia,Puglia,4029053,812846,20.17,0.71
2081,2021-01-31,PUG,1827,835,992,73,1754,0,ITF,ITF4,16,Puglia,Puglia,4029053,814673,20.22,0.05
2082,2021-05-29,PUG,30717,14482,16235,20612,9558,547,ITF,ITF4,16,Puglia,Puglia,4029053,845390,20.98,0.76
2083,2021-04-02,PUG,12868,6012,6856,8185,4531,152,ITF,ITF4,16,Puglia,Puglia,4029053,858258,21.3,0.32
2084,2021-07-30,PUG,36451,18730,17721,13173,22402,876,ITF,ITF4,16,Puglia,Puglia,4029053,894709,22.21,0.9
2085,2021-05-27,PUG,41034,19396,21638,22899,17459,676,ITF,ITF4,16,Puglia,Puglia,4029053,935743,23.22,1.02
2086,2021-09-04,PUG,5521,2991,2530,1644,3697,180,ITF,ITF4,16,Puglia,Puglia,4029053,941264,23.36,0.14
2087,2021-08-18,PUG,20176,10674,9502,10694,8558,924,ITF,ITF4,16,Puglia,Puglia,4029053,961440,23.86,0.5
2088,2021-01-14,PUG,4081,1595,2486,4080,0,1,ITF,ITF4,16,Puglia,Puglia,4029053,965521,23.96,0.1
2089,2021-01-07,PUG,5736,2470,3266,5736,0,0,ITF,ITF4,16,Puglia,Puglia,4029053,971257,24.11,0.14
2090,2021-04-17,PUG,40105,19007,21098,36087,3592,426,ITF,ITF4,16,Puglia,Puglia,4029053,1011362,25.1,1.0
2091,2021-02-19,PUG,4757,2026,2731,4309,393,55,ITF,ITF4,16,Puglia,Puglia,4029053,1016119,25.22,0.12
2092,2021-06-22,PUG,42583,20658,21925,19064,22947,572,ITF,ITF4,16,Puglia,Puglia,4029053,1058702,26.28,1.06
2093,2021-04-26,PUG,26363,12082,14281,22728,3241,394,ITF,ITF4,16,Puglia,Puglia,4029053,1085065,26.93,0.65
2094,2021-08-04,PUG,35312,17993,17319,12455,21800,1057,ITF,ITF4,16,Puglia,Puglia,4029053,1120377,27.81,0.88
2095,2021-04-12,PUG,29502,13875,15627,26158,3026,318,ITF,ITF4,16,Puglia,Puglia,4029053,1149879,28.54,0.73
2096,2021-07-21,PUG,45079,22220,22859,11879,32353,847,ITF,ITF4,16,Puglia,Puglia,4029053,1194958,29.66,1.12
2097,2021-07-04,PUG,19953,9705,10248,7936,11732,285,ITF,ITF4,16,Puglia,Puglia,4029053,1214911,30.15,0.5
2098,2021-07-23,PUG,43387,21952,21435,13659,28753,975,ITF,ITF4,16,Puglia,Puglia,4029053,1258298,31.23,1.08
2099,2021-01-19,PUG,1221,452,769,1210,10,1,ITF,ITF4,16,Puglia,Puglia,4029053,1259519,31.26,0.03
2100,2021-02-14,PUG,789,348,441,657,127,5,ITF,ITF4,16,Puglia,Puglia,4029053,1260308,31.28,0.02
2101,2021-05-25,PUG,34857,16272,18585,20581,13689,587,ITF,ITF4,16,Puglia,Puglia,4029053,1295165,32.15,0.87
2102,2021-05-08,PUG,54490,23068,31422,23950,29952,588,ITF,ITF4,16,Puglia,Puglia,4029053,1349655,33.5,1.35
2103,2021-08-16,PUG,12067,6399,5668,7058,4370,639,ITF,ITF4,16,Puglia,Puglia,4029053,1361722,33.8,0.3
2104,2021-05-06,PUG,39797,17409,22388,19303,19933,561,ITF,ITF4,16,Puglia,Puglia,4029053,1401519,34.79,0.99
2105,2021-03-31,PUG,14587,6839,7748,8843,5591,153,ITF,ITF4,16,Puglia,Puglia,4029053,1416106,35.15,0.36
2106,2021-06-13,PUG,21889,10963,10926,16376,5227,286,ITF,ITF4,16,Puglia,Puglia,4029053,1437995,35.69,0.54
2107,2021-02-28,PUG,6080,1812,4268,5812,191,77,ITF,ITF4,16,Puglia,Puglia,4029053,1444075,35.84,0.15
2108,2021-02-04,PUG,5939,2367,3572,1132,4803,4,ITF,ITF4,16,Puglia,Puglia,4029053,1450014,35.99,0.15
2109,2021-05-17,PUG,32992,15295,17697,20473,12019,500,ITF,ITF4,16,Puglia,Puglia,4029053,1483006,36.81,0.82
2110,2021-08-25,PUG,25656,13469,12187,10285,14426,945,ITF,ITF4,16,Puglia,Puglia,4029053,1508662,37.44,0.64
2111,2021-08-08,PUG,5123,2602,2521,1657,3417,49,ITF,ITF4,16,Puglia,Puglia,4029053,1513785,37.57,0.13
2112,2021-03-02,PUG,16436,6110,10326,14873,1311,252,ITF,ITF4,16,Puglia,Puglia,4029053,1530221,37.98,0.41
2113,2021-06-10,PUG,47281,23248,24033,29416,17146,719,ITF,ITF4,16,Puglia,Puglia,4029053,1577502,39.15,1.17
2114,2021-04-04,PUG,6000,2978,3022,5912,7,81,ITF,ITF4,16,Puglia,Puglia,4029053,1583502,39.3,0.15
2115,2021-07-13,PUG,48859,23037,25822,7781,40493,585,ITF,ITF4,16,Puglia,Puglia,4029053,1632361,40.51,1.21
2116,2021-03-21,PUG,2697,1227,1470,578,2107,12,ITF,ITF4,16,Puglia,Puglia,4029053,1635058,40.58,0.07
2117,2021-06-29,PUG,46771,22432,24339,15362,30716,693,ITF,ITF4,16,Puglia,Puglia,4029053,1681829,41.74,1.16
2118,2021-03-16,PUG,9894,4696,5198,3453,6382,59,ITF,ITF4,16,Puglia,Puglia,4029053,1691723,41.99,0.25
2119,2021-06-24,PUG,53080,25680,27400,23608,28686,786,ITF,ITF4,16,Puglia,Puglia,4029053,1744803,43.31,1.32
2120,2021-04-28,PUG,19893,8921,10972,14835,4794,264,ITF,ITF4,16,Puglia,Puglia,4029053,1764696,43.8,0.49
2121,2021-08-06,PUG,30397,15829,14568,9161,20482,754,ITF,ITF4,16,Puglia,Puglia,4029053,1795093,44.55,0.75
2122,2021-01-09,PUG,4899,2252,2647,4895,0,4,ITF,ITF4,16,Puglia,Puglia,4029053,1799992,44.68,0.12
2123,2021-07-08,PUG,41642,19315,22327,5425,35758,459,ITF,ITF4,16,Puglia,Puglia,4029053,1841634,45.71,1.03
2124,2021-01-04,PUG,4514,2017,2497,4512,0,2,ITF,ITF4,16,Puglia,Puglia,4029053,1846148,45.82,0.11
2125,2021-04-16,PUG,36159,16994,19165,32437,3291,431,ITF,ITF4,16,Puglia,Puglia,4029053,1882307,46.72,0.9
2126,2021-02-18,PUG,4390,1850,2540,3719,610,61,ITF,ITF4,16,Puglia,Puglia,4029053,1886697,46.83,0.11
2127,2021-07-25,PUG,14323,7407,6916,4279,9839,205,ITF,ITF4,16,Puglia,Puglia,4029053,1901020,47.18,0.36
2128,2021-02-02,PUG,4365,1857,2508,574,3790,1,ITF,ITF4,16,Puglia,Puglia,4029053,1905385,47.29,0.11
2129,2021-07-09,PUG,37172,17908,19264,6399,30094,679,ITF,ITF4,16,Puglia,Puglia,4029053,1942557,48.21,0.92
2130,2021-05-13,PUG,38897,17340,21557,21008,17321,568,ITF,ITF4,16,Puglia,Puglia,4029053,1981454,49.18,0.97
2131,2021-03-17,PUG,10356,4706,5650,4102,6191,63,ITF,ITF4,16,Puglia,Puglia,4029053,1991810,49.44,0.26
2132,2021-07-20,PUG,47057,23090,23967,8207,38344,506,ITF,ITF4,16,Puglia,Puglia,4029053,2038867,50.6,1.17
2133,2021-09-08,PUG,18392,9641,8751,5866,11776,750,ITF,ITF4,16,Puglia,Puglia,4029053,2057259,51.06,0.46
2134,2021-07-27,PUG,48678,24224,24454,13352,34518,808,ITF,ITF4,16,Puglia,Puglia,4029053,2105937,52.27,1.21
2135,2021-05-31,PUG,37990,18322,19668,23169,14265,556,ITF,ITF4,16,Puglia,Puglia,4029053,2143927,53.21,0.94
2136,2021-08-27,PUG,23860,12503,11357,9955,12960,945,ITF,ITF4,16,Puglia,Puglia,4029053,2167787,53.8,0.59
2137,2021-02-23,PUG,9403,4435,4968,8814,497,92,ITF,ITF4,16,Puglia,Puglia,4029053,2177190,54.04,0.23
2138,2021-01-18,PUG,1848,772,1076,1496,351,1,ITF,ITF4,16,Puglia,Puglia,4029053,2179038,54.08,0.05
2139,2021-02-06,PUG,4558,1936,2622,1579,2964,15,ITF,ITF4,16,Puglia,Puglia,4029053,2183596,54.2,0.11
2140,2021-01-20,PUG,1547,541,1006,1537,8,2,ITF,ITF4,16,Puglia,Puglia,4029053,2185143,54.23,0.04
2141,2021-04-30,PUG,35064,15713,19351,22483,12012,569,ITF,ITF4,16,Puglia,Puglia,4029053,2220207,55.1,0.87
2142,2021-04-13,PUG,28800,13661,15139,24945,3539,316,ITF,ITF4,16,Puglia,Puglia,4029053,2249007,55.82,0.71
2143,2021-07-22,PUG,47665,23636,24029,8488,38490,687,ITF,ITF4,16,Puglia,Puglia,4029053,2296672,57.0,1.18
2144,2021-07-05,PUG,38990,18298,20692,7233,31204,553,ITF,ITF4,16,Puglia,Puglia,4029053,2335662,57.97,0.97
2145,2021-01-11,PUG,3759,1592,2167,3758,0,1,ITF,ITF4,16,Puglia,Puglia,4029053,2339421,58.06,0.09
2146,2021-04-21,PUG,23175,10701,12474,19127,3746,302,ITF,ITF4,16,Puglia,Puglia,4029053,2362596,58.64,0.58
2147,2021-05-24,PUG,36246,17100,19146,24514,11120,612,ITF,ITF4,16,Puglia,Puglia,4029053,2398842,59.54,0.9
2148,2021-09-01,PUG,24810,12878,11932,9856,13894,1060,ITF,ITF4,16,Puglia,Puglia,4029053,2423652,60.15,0.62
2149,2021-02-16,PUG,3393,1456,1937,2713,649,31,ITF,ITF4,16,Puglia,Puglia,4029053,2427045,60.24,0.08
2150,2021-01-30,PUG,5543,2516,3027,380,5162,1,ITF,ITF4,16,Puglia,Puglia,4029053,2432588,60.38,0.14
2151,2021-05-10,PUG,37940,16767,21173,19311,18113,516,ITF,ITF4,16,Puglia,Puglia,4029053,2470528,61.32,0.94
2152,2021-09-03,PUG,21237,10955,10282,8356,11697,1184,ITF,ITF4,16,Puglia,Puglia,4029053,2491765,61.84,0.53
2153,2021-06-12,PUG,34675,17280,17395,25086,8994,595,ITF,ITF4,16,Puglia,Puglia,4029053,2526440,62.71,0.86
2154,2021-01-28,PUG,5490,2286,3204,441,5049,0,ITF,ITF4,16,Puglia,Puglia,4029053,2531930,62.84,0.14
2155,2021-08-15,PUG,57,34,23,56,1,0,ITF,ITF4,16,Puglia,Puglia,4029053,2531987,62.84,0.0
2156,2021-04-23,PUG,29634,13776,15858,23926,5292,416,ITF,ITF4,16,Puglia,Puglia,4029053,2561621,63.58,0.74
2157,2021-08-01,PUG,12437,6515,5922,4329,7988,120,ITF,ITF4,16,Puglia,Puglia,4029053,2574058,63.89,0.31
2158,2021-05-02,PUG,21364,9680,11684,13904,7279,181,ITF,ITF4,16,Puglia,Puglia,4029053,2595422,64.42,0.53
2159,2021-08-10,PUG,27293,14208,13085,14074,12061,1158,ITF,ITF4,16,Puglia,Puglia,4029053,2622715,65.1,0.68
2160,2021-07-24,PUG,26773,13893,12880,8008,18292,473,ITF,ITF4,16,Puglia,Puglia,4029053,2649488,65.76,0.66
2161,2021-03-26,PUG,12046,5866,6180,7224,4681,141,ITF,ITF4,16,Puglia,Puglia,4029053,2661534,66.06,0.3
2162,2021-03-09,PUG,13701,6124,7577,11496,2021,184,ITF,ITF4,16,Puglia,Puglia,4029053,2675235,66.4,0.34
2163,2021-04-14,PUG,32079,15132,16947,28470,3304,305,ITF,ITF4,16,Puglia,Puglia,4029053,2707314,67.19,0.8
2164,2021-03-28,PUG,3550,1659,1891,1177,2337,36,ITF,ITF4,16,Puglia,Puglia,4029053,2710864,67.28,0.09
2165,2021-07-06,PUG,42447,19545,22902,6102,35928,417,ITF,ITF4,16,Puglia,Puglia,4029053,2753311,68.34,1.05
2166,2021-06-19,PUG,34836,17473,17363,22228,11954,654,ITF,ITF4,16,Puglia,Puglia,4029053,2788147,69.2,0.86
2167,2021-04-25,PUG,11328,5244,6084,10051,1143,134,ITF,ITF4,16,Puglia,Puglia,4029053,2799475,69.48,0.28
2168,2021-02-27,PUG,14248,4827,9421,12825,1237,186,ITF,ITF4,16,Puglia,Puglia,4029053,2813723,69.84,0.35
2169,2021-08-03,PUG,36478,18510,17968,9213,26499,766,ITF,ITF4,16,Puglia,Puglia,4029053,2850201,70.74,0.91
2170,2021-01-01,PUG,150,61,89,150,0,0,ITF,ITF4,16,Puglia,Puglia,4029053,2850351,70.74,0.0
2171,2021-06-07,PUG,44483,21715,22768,30389,13327,767,ITF,ITF4,16,Puglia,Puglia,4029053,2894834,71.85,1.1
2172,2021-04-11,PUG,16492,7270,9222,14657,1649,186,ITF,ITF4,16,Puglia,Puglia,4029053,2911326,72.26,0.41
2173,2021-03-18,PUG,9628,4376,5252,3344,6218,66,ITF,ITF4,16,Puglia,Puglia,4029053,2920954,72.5,0.24
2174,2021-06-26,PUG,32478,16361,16117,15898,16010,570,ITF,ITF4,16,Puglia,Puglia,4029053,2953432,73.3,0.81
2175,2021-03-04,PUG,15401,6117,9284,13726,1440,235,ITF,ITF4,16,Puglia,Puglia,4029053,2968833,73.69,0.38
2176,2021-06-09,PUG,42031,20813,21218,29987,11333,711,ITF,ITF4,16,Puglia,Puglia,4029053,3010864,74.73,1.04
2177,2021-08-17,PUG,19957,10355,9602,9273,9975,709,ITF,ITF4,16,Puglia,Puglia,4029053,3030821,75.22,0.5
2178,2021-02-13,PUG,3733,1461,2272,3021,696,16,ITF,ITF4,16,Puglia,Puglia,4029053,3034554,75.32,0.09
2179,2021-06-18,PUG,47918,23585,24333,28887,18104,927,ITF,ITF4,16,Puglia,Puglia,4029053,3082472,76.51,1.19
2180,2021-09-09,PUG,18036,9340,8696,5043,12222,771,ITF,ITF4,16,Puglia,Puglia,4029053,3100508,76.95,0.45
2181,2021-01-03,PUG,2010,944,1066,2009,0,1,ITF,ITF4,16,Puglia,Puglia,4029053,3102518,77.0,0.05
2182,2021-03-27,PUG,12189,5727,6462,6886,5191,112,ITF,ITF4,16,Puglia,Puglia,4029053,3114707,77.31,0.3
2183,2021-01-05,PUG,5118,2256,2862,5115,0,3,ITF,ITF4,16,Puglia,Puglia,4029053,3119825,77.43,0.13
2184,2021-04-15,PUG,32798,15308,17490,28613,3784,401,ITF,ITF4,16,Puglia,Puglia,4029053,3152623,78.25,0.81
2185,2021-07-07,PUG,38793,18571,20222,6085,32199,509,ITF,ITF4,16,Puglia,Puglia,4029053,3191416,79.21,0.96
2186,2021-07-01,PUG,48561,22738,25823,11457,36470,634,ITF,ITF4,16,Puglia,Puglia,4029053,3239977,80.42,1.21
2187,2021-03-14,PUG,3383,1466,1917,2474,868,41,ITF,ITF4,16,Puglia,Puglia,4029053,3243360,80.5,0.08
2188,2021-01-16,PUG,2510,1035,1475,2509,0,1,ITF,ITF4,16,Puglia,Puglia,4029053,3245870,80.56,0.06
2189,2021-06-21,PUG,41981,20469,21512,21471,19873,637,ITF,ITF4,16,Puglia,Puglia,4029053,3287851,81.6,1.04
2190,2021-09-12,PUG,739,398,341,235,466,38,ITF,ITF4,16,Puglia,Puglia,4029053,3288590,81.62,0.02
2191,2021-08-24,PUG,25080,12832,12248,9288,14964,828,ITF,ITF4,16,Puglia,Puglia,4029053,3313670,82.24,0.62
2192,2021-03-06,PUG,16193,6142,10051,13891,2129,173,ITF,ITF4,16,Puglia,Puglia,4029053,3329863,82.65,0.4
2193,2021-01-08,PUG,5698,2398,3300,5696,0,2,ITF,ITF4,16,Puglia,Puglia,4029053,3335561,82.79,0.14
2194,2021-06-14,PUG,42151,20621,21530,28867,12491,793,ITF,ITF4,16,Puglia,Puglia,4029053,3377712,83.83,1.05
2195,2021-04-18,PUG,22693,10860,11833,21436,1058,199,ITF,ITF4,16,Puglia,Puglia,4029053,3400405,84.4,0.56
2196,2021-02-20,PUG,2978,1080,1898,2688,257,33,ITF,ITF4,16,Puglia,Puglia,4029053,3403383,84.47,0.07
2197,2021-02-15,PUG,3270,1273,1997,2602,623,45,ITF,ITF4,16,Puglia,Puglia,4029053,3406653,84.55,0.08
2198,2021-05-26,PUG,38756,18621,20135,26255,11845,656,ITF,ITF4,16,Puglia,Puglia,4029053,3445409,85.51,0.96
2199,2021-01-27,PUG,4607,1946,2661,618,3989,0,ITF,ITF4,16,Puglia,Puglia,4029053,3450016,85.63,0.11
2200,2021-05-07,PUG,50283,22437,27846,25965,23709,609,ITF,ITF4,16,Puglia,Puglia,4029053,3500299,86.88,1.25
2201,2021-07-29,PUG,43065,21775,21290,12295,29981,789,ITF,ITF4,16,Puglia,Puglia,4029053,3543364,87.95,1.07
2202,2021-01-13,PUG,4556,1734,2822,4555,0,1,ITF,ITF4,16,Puglia,Puglia,4029053,3547920,88.06,0.11
2203,2021-06-28,PUG,48752,23644,25108,21666,26289,797,ITF,ITF4,16,Puglia,Puglia,4029053,3596672,89.27,1.21
2204,2021-05-09,PUG,30855,12665,18190,14796,15682,377,ITF,ITF4,16,Puglia,Puglia,4029053,3627527,90.03,0.77
2205,2021-04-09,PUG,22186,9560,12626,17090,4708,388,ITF,ITF4,16,Puglia,Puglia,4029053,3649713,90.58,0.55
2206,2021-02-11,PUG,3700,1401,2299,2392,1280,28,ITF,ITF4,16,Puglia,Puglia,4029053,3653413,90.68,0.09
2207,2021-07-18,PUG,18849,9653,9196,6204,12308,337,ITF,ITF4,16,Puglia,Puglia,4029053,3672262,91.14,0.47
2208,2021-05-22,PUG,34795,15928,18867,23659,10591,545,ITF,ITF4,16,Puglia,Puglia,4029053,3707057,92.01,0.86
2209,2021-02-25,PUG,12002,5074,6928,10681,1184,137,ITF,ITF4,16,Puglia,Puglia,4029053,3719059,92.31,0.3
2210,2021-06-05,PUG,42697,20911,21786,29209,12768,720,ITF,ITF4,16,Puglia,Puglia,4029053,3761756,93.37,1.06
2211,2021-08-14,PUG,1089,561,528,498,572,19,ITF,ITF4,16,Puglia,Puglia,4029053,3762845,93.39,0.03
2212,2021-01-15,PUG,4559,1866,2693,4554,0,5,ITF,ITF4,16,Puglia,Puglia,4029053,3767404,93.51,0.11
2213,2021-04-22,PUG,23074,10558,12516,17740,4948,386,ITF,ITF4,16,Puglia,Puglia,4029053,3790478,94.08,0.57
2214,2021-07-31,PUG,20034,10646,9388,7908,11646,480,ITF,ITF4,16,Puglia,Puglia,4029053,3810512,94.58,0.5
2215,2021-02-12,PUG,4216,1673,2543,3099,1094,23,ITF,ITF4,16,Puglia,Puglia,4029053,3814728,94.68,0.1
2216,2021-01-29,PUG,6218,2673,3545,220,5998,0,ITF,ITF4,16,Puglia,Puglia,4029053,3820946,94.83,0.15
2217,2021-03-20,PUG,8447,3894,4553,3769,4630,48,ITF,ITF4,16,Puglia,Puglia,4029053,3829393,95.04,0.21
2218,2021-03-03,PUG,16834,6830,10004,14739,1940,155,ITF,ITF4,16,Puglia,Puglia,4029053,3846227,95.46,0.42
2219,2021-06-11,PUG,48068,23514,24554,33032,14125,911,ITF,ITF4,16,Puglia,Puglia,4029053,3894295,96.66,1.19
2220,2021-04-03,PUG,10587,4661,5926,6816,3577,194,ITF,ITF4,16,Puglia,Puglia,4029053,3904882,96.92,0.26
2221,2021-01-22,PUG,1414,579,835,992,421,1,ITF,ITF4,16,Puglia,Puglia,4029053,3906296,96.95,0.04
2222,2021-08-21,PUG,4307,2309,1998,1972,2101,234,ITF,ITF4,16,Puglia,Puglia,4029053,3910603,97.06,0.11
2223,2021-06-25,PUG,50955,25090,25865,23849,26206,900,ITF,ITF4,16,Puglia,Puglia,4029053,3961558,98.32,1.26
2224,2021-03-11,PUG,14872,6607,8265,11469,3195,208,ITF,ITF4,16,Puglia,Puglia,4029053,3976430,98.69,0.37
2225,2021-06-02,PUG,27114,13256,13858,21914,4843,357,ITF,ITF4,16,Puglia,Puglia,4029053,4003544,99.37,0.67
2226,2021-09-10,PUG,18398,9576,8822,5699,11678,1021,ITF,ITF4,16,Puglia,Puglia,4029053,4021942,99.82,0.46
2227,2021-05-21,PUG,39270,18656,20614,28281,10196,793,ITF,ITF4,16,Puglia,Puglia,4029053,4061212,100.8,0.97
2228,2021-08-31,PUG,24835,12787,12048,8304,15681,850,ITF,ITF4,16,Puglia,Puglia,4029053,4086047,101.41,0.62
2229,2021-05-19,PUG,26509,12814,13695,19571,6501,437,ITF,ITF4,16,Puglia,Puglia,4029053,4112556,102.07,0.66
2230,2021-03-23,PUG,11162,5666,5496,4530,6536,96,ITF,ITF4,16,Puglia,Puglia,4029053,4123718,102.35,0.28
2231,2021-04-06,PUG,13873,6266,7607,6926,6773,174,ITF,ITF4,16,Puglia,Puglia,4029053,4137591,102.69,0.34
2232,2021-07-15,PUG,44944,21756,23188,8898,35368,678,ITF,ITF4,16,Puglia,Puglia,4029053,4182535,103.81,1.12
2233,2021-07-14,PUG,46297,22206,24091,13374,32087,836,ITF,ITF4,16,Puglia,Puglia,4029053,4228832,104.96,1.15
2234,2021-08-02,PUG,39793,20174,19619,14229,24343,1221,ITF,ITF4,16,Puglia,Puglia,4029053,4268625,105.95,0.99
2235,2021-03-01,PUG,15142,5885,9257,13602,1386,154,ITF,ITF4,16,Puglia,Puglia,4029053,4283767,106.32,0.38
2236,2021-09-02,PUG,23159,12041,11118,7432,14855,872,ITF,ITF4,16,Puglia,Puglia,4029053,4306926,106.9,0.57
2237,2021-01-10,PUG,2351,1062,1289,2351,0,0,ITF,ITF4,16,Puglia,Puglia,4029053,4309277,106.96,0.06
2238,2021-04-20,PUG,21236,9862,11374,17476,3491,269,ITF,ITF4,16,Puglia,Puglia,4029053,4330513,107.48,0.53
2239,2020-12-27,PUG,510,252,258,510,0,0,ITF,ITF4,16,Puglia,Puglia,4029053,4331023,107.49,0.01
2240,2021-08-05,PUG,34477,17364,17113,9526,24080,871,ITF,ITF4,16,Puglia,Puglia,4029053,4365500,108.35,0.86
2241,2021-01-06,PUG,3966,1680,2286,3965,0,1,ITF,ITF4,16,Puglia,Puglia,4029053,4369466,108.45,0.1
2242,2021-09-05,PUG,3202,1750,1452,963,2117,122,ITF,ITF4,16,Puglia,Puglia,4029053,4372668,108.53,0.08
2243,2021-03-25,PUG,11784,6042,5742,5258,6423,103,ITF,ITF4,16,Puglia,Puglia,4029053,4384452,108.82,0.29
2244,2021-08-29,PUG,1288,665,623,422,838,28,ITF,ITF4,16,Puglia,Puglia,4029053,4385740,108.85,0.03
2245,2021-07-03,PUG,33330,16700,16630,13472,19353,505,ITF,ITF4,16,Puglia,Puglia,4029053,4419070,109.68,0.83
2246,2021-02-08,PUG,4011,1622,2389,1583,2413,15,ITF,ITF4,16,Puglia,Puglia,4029053,4423081,109.78,0.1
2247,2021-02-10,PUG,3660,1444,2216,2127,1513,20,ITF,ITF4,16,Puglia,Puglia,4029053,4426741,109.87,0.09
2248,2021-05-23,PUG,17987,8412,9575,13885,3841,261,ITF,ITF4,16,Puglia,Puglia,4029053,4444728,110.32,0.45
2249,2021-03-13,PUG,10489,4141,6348,8574,1816,99,ITF,ITF4,16,Puglia,Puglia,4029053,4455217,110.58,0.26
2250,2021-02-24,PUG,10071,4718,5353,9376,597,98,ITF,ITF4,16,Puglia,Puglia,4029053,4465288,110.83,0.25
2251,2021-06-04,PUG,52907,25606,27301,34223,17857,827,ITF,ITF4,16,Puglia,Puglia,4029053,4518195,112.14,1.31
2252,2021-05-18,PUG,28997,13489,15508,15784,12915,298,ITF,ITF4,16,Puglia,Puglia,4029053,4547192,112.86,0.72
2253,2021-08-26,PUG,20226,10436,9790,8637,10710,879,ITF,ITF4,16,Puglia,Puglia,4029053,4567418,113.36,0.5
2254,2021-04-29,PUG,26332,12176,14156,19193,6709,430,ITF,ITF4,16,Puglia,Puglia,4029053,4593750,114.02,0.65
2255,2021-08-07,PUG,10111,5337,4774,3558,6255,298,ITF,ITF4,16,Puglia,Puglia,4029053,4603861,114.27,0.25
2256,2021-02-22,PUG,9658,4539,5119,9232,336,90,ITF,ITF4,16,Puglia,Puglia,4029053,4613519,114.51,0.24
2257,2021-02-05,PUG,5654,2278,3376,1312,4337,5,ITF,ITF4,16,Puglia,Puglia,4029053,4619173,114.65,0.14
2258,2021-05-16,PUG,24660,11125,13535,12473,11961,226,ITF,ITF4,16,Puglia,Puglia,4029053,4643833,115.26,0.61
2259,2021-02-17,PUG,4297,1755,2542,3617,640,40,ITF,ITF4,16,Puglia,Puglia,4029053,4648130,115.37,0.11
2260,2021-05-28,PUG,44160,20902,23258,27439,15917,804,ITF,ITF4,16,Puglia,Puglia,4029053,4692290,116.46,1.1
2261,2021-07-26,PUG,48025,23970,24055,17131,29972,922,ITF,ITF4,16,Puglia,Puglia,4029053,4740315,117.65,1.19
2262,2021-05-30,PUG,21064,10079,10985,15730,5077,257,ITF,ITF4,16,Puglia,Puglia,4029053,4761379,118.18,0.52
2263,2021-09-07,PUG,22505,11793,10712,6882,14810,813,ITF,ITF4,16,Puglia,Puglia,4029053,4783884,118.73,0.56
2264,2021-08-12,PUG,19465,10353,9112,10998,7560,907,ITF,ITF4,16,Puglia,Puglia,4029053,4803349,119.22,0.48
2265,2021-06-16,PUG,42196,20762,21434,26927,14538,731,ITF,ITF4,16,Puglia,Puglia,4029053,4845545,120.27,1.05
2266,2020-12-30,PUG,1,0,1,1,0,0,ITF,ITF4,16,Puglia,Puglia,4029053,4845546,120.27,0.0
2267,2021-03-22,PUG,9994,5144,4850,4251,5671,72,ITF,ITF4,16,Puglia,Puglia,4029053,4855540,120.51,0.25
2268,2021-01-24,PUG,1674,754,920,151,1523,0,ITF,ITF4,16,Puglia,Puglia,4029053,4857214,120.55,0.04
2269,2021-06-30,PUG,47959,23261,24698,18842,28259,858,ITF,ITF4,16,Puglia,Puglia,4029053,4905173,121.75,1.19
2270,2021-03-15,PUG,12362,6160,6202,5741,6517,104,ITF,ITF4,16,Puglia,Puglia,4029053,4917535,122.05,0.31
2271,2021-08-19,PUG,17854,9303,8551,8747,8383,724,ITF,ITF4,16,Puglia,Puglia,4029053,4935389,122.5,0.44
2272,2021-01-17,PUG,1312,593,719,1242,70,0,ITF,ITF4,16,Puglia,Puglia,4029053,4936701,122.53,0.03
2273,2021-06-23,PUG,29456,14393,15063,16950,11895,611,ITF,ITF4,16,Puglia,Puglia,4029053,4966157,123.26,0.73
2274,2021-04-27,PUG,26742,12103,14639,20784,5628,330,ITF,ITF4,16,Puglia,Puglia,4029053,4992899,123.92,0.66
2275,2021-05-11,PUG,32759,14480,18279,13705,18562,492,ITF,ITF4,16,Puglia,Puglia,4029053,5025658,124.74,0.81
2276,2021-05-04,PUG,35240,14908,20332,18248,16571,421,ITF,ITF4,16,Puglia,Puglia,4029053,5060898,125.61,0.87
2277,2021-03-08,PUG,15021,6448,8573,12444,2416,161,ITF,ITF4,16,Puglia,Puglia,4029053,5075919,125.98,0.37
2278,2021-05-12,PUG,36676,16354,20322,23538,12552,586,ITF,ITF4,16,Puglia,Puglia,4029053,5112595,126.89,0.91
2279,2021-08-20,PUG,17915,9308,8607,8200,8967,748,ITF,ITF4,16,Puglia,Puglia,4029053,5130510,127.34,0.44
2280,2021-01-23,PUG,3044,1295,1749,880,2162,2,ITF,ITF4,16,Puglia,Puglia,4029053,5133554,127.41,0.08
2281,2021-05-03,PUG,33437,14945,18492,22170,10698,569,ITF,ITF4,16,Puglia,Puglia,4029053,5166991,128.24,0.83
2282,2021-03-07,PUG,4996,2007,2989,4370,578,48,ITF,ITF4,16,Puglia,Puglia,4029053,5171987,128.37,0.12
2283,2021-05-05,PUG,39375,17287,22088,24506,14273,596,ITF,ITF4,16,Puglia,Puglia,4029053,5211362,129.34,0.98
2284,2021-08-13,PUG,13788,7328,6460,7289,5906,593,ITF,ITF4,16,Puglia,Puglia,4029053,5225150,129.69,0.34
2285,2021-06-17,PUG,42975,20998,21977,21403,21010,562,ITF,ITF4,16,Puglia,Puglia,4029053,5268125,130.75,1.07
2286,2021-03-30,PUG,12456,5972,6484,6198,6102,156,ITF,ITF4,16,Puglia,Puglia,4029053,5280581,131.06,0.31
2287,2021-02-01,PUG,3980,1667,2313,353,3626,1,ITF,ITF4,16,Puglia,Puglia,4029053,5284561,131.16,0.1
2288,2021-07-17,PUG,30863,15496,15367,9534,20700,629,ITF,ITF4,16,Puglia,Puglia,4029053,5315424,131.93,0.77
2289,2021-05-14,PUG,45118,20620,24498,28015,16242,861,ITF,ITF4,16,Puglia,Puglia,4029053,5360542,133.05,1.12
2290,2021-08-22,PUG,1479,770,709,530,924,25,ITF,ITF4,16,Puglia,Puglia,4029053,5362021,133.08,0.04
2291,2021-01-25,PUG,3838,1685,2153,425,3412,1,ITF,ITF4,16,Puglia,Puglia,4029053,5365859,133.18,0.1
2292,2021-07-10,PUG,22419,11043,11376,4462,17661,296,ITF,ITF4,16,Puglia,Puglia,4029053,5388278,133.74,0.56
2293,2021-04-08,PUG,17535,7616,9919,11120,6201,214,ITF,ITF4,16,Puglia,Puglia,4029053,5405813,134.17,0.44
2294,2021-06-06,PUG,30776,15500,15276,25383,5072,321,ITF,ITF4,16,Puglia,Puglia,4029053,5436589,134.93,0.76
2295,2021-04-10,PUG,30965,13134,17831,26112,4465,388,ITF,ITF4,16,Puglia,Puglia,4029053,5467554,135.7,0.77
2296,2021-07-19,PUG,49578,24359,25219,10947,37867,764,ITF,ITF4,16,Puglia,Puglia,4029053,5517132,136.93,1.23
2297,2021-04-01,PUG,13988,6577,7411,7383,6383,222,ITF,ITF4,16,Puglia,Puglia,4029053,5531120,137.28,0.35
2298,2021-02-03,PUG,5056,2008,3048,705,4350,1,ITF,ITF4,16,Puglia,Puglia,4029053,5536176,137.41,0.13
2299,2021-07-12,PUG,45834,21645,24189,12737,32342,755,ITF,ITF4,16,Puglia,Puglia,4029053,5582010,138.54,1.14
2300,2021-08-03,SIC,32098,15752,16346,13905,17773,420,ITG,ITG1,19,Sicilia,Sicilia,4999891,32098,0.64,0.64
2301,2021-08-15,SIC,2513,1428,1085,1509,954,50,ITG,ITG1,19,Sicilia,Sicilia,4999891,34611,0.69,0.05
2302,2021-08-01,SIC,19966,10434,9532,7855,11965,146,ITG,ITG1,19,Sicilia,Sicilia,4999891,54577,1.09,0.4
2303,2021-06-19,SIC,44304,21065,23239,18761,25222,321,ITG,ITG1,19,Sicilia,Sicilia,4999891,98881,1.98,0.89
2304,2021-04-23,SIC,28633,13724,14909,22407,5841,385,ITG,ITG1,19,Sicilia,Sicilia,4999891,127514,2.55,0.57
2305,2021-06-24,SIC,42367,19671,22696,17634,24373,360,ITG,ITG1,19,Sicilia,Sicilia,4999891,169881,3.4,0.85
2306,2021-06-07,SIC,49692,23418,26274,41116,8041,535,ITG,ITG1,19,Sicilia,Sicilia,4999891,219573,4.39,0.99
2307,2021-01-25,SIC,7453,3689,3764,266,7180,7,ITG,ITG1,19,Sicilia,Sicilia,4999891,227026,4.54,0.15
2308,2021-05-05,SIC,26408,12235,14173,16279,9684,445,ITG,ITG1,19,Sicilia,Sicilia,4999891,253434,5.07,0.53
2309,2021-05-19,SIC,42917,20776,22141,28197,14336,384,ITG,ITG1,19,Sicilia,Sicilia,4999891,296351,5.93,0.86
2310,2021-01-30,SIC,7734,3556,4178,141,7590,3,ITG,ITG1,19,Sicilia,Sicilia,4999891,304085,6.08,0.15
2311,2021-03-28,SIC,10993,5153,5840,6912,4013,68,ITG,ITG1,19,Sicilia,Sicilia,4999891,315078,6.3,0.22
2312,2021-09-10,SIC,25256,12591,12665,8831,15995,430,ITG,ITG1,19,Sicilia,Sicilia,4999891,340334,6.81,0.51
2313,2021-07-15,SIC,48424,22471,25953,8006,40155,263,ITG,ITG1,19,Sicilia,Sicilia,4999891,388758,7.78,0.97
2314,2021-08-29,SIC,14523,7927,6596,4753,9624,146,ITG,ITG1,19,Sicilia,Sicilia,4999891,403281,8.07,0.29
2315,2021-02-25,SIC,9941,5208,4733,8684,1164,93,ITG,ITG1,19,Sicilia,Sicilia,4999891,413222,8.26,0.2
2316,2021-06-05,SIC,59961,28523,31438,48734,10599,628,ITG,ITG1,19,Sicilia,Sicilia,4999891,473183,9.46,1.2
2317,2021-03-14,SIC,8784,3931,4853,4895,3837,52,ITG,ITG1,19,Sicilia,Sicilia,4999891,481967,9.64,0.18
2318,2021-04-11,SIC,15381,7596,7785,8227,7040,114,ITG,ITG1,19,Sicilia,Sicilia,4999891,497348,9.95,0.31
2319,2021-07-20,SIC,48504,23627,24877,12785,35357,362,ITG,ITG1,19,Sicilia,Sicilia,4999891,545852,10.92,0.97
2320,2020-12-30,SIC,186,110,76,185,0,1,ITG,ITG1,19,Sicilia,Sicilia,4999891,546038,10.92,0.0
2321,2021-01-16,SIC,2737,1221,1516,2716,0,21,ITG,ITG1,19,Sicilia,Sicilia,4999891,548775,10.98,0.05
2322,2021-07-01,SIC,31034,14099,16935,10779,19998,257,ITG,ITG1,19,Sicilia,Sicilia,4999891,579809,11.6,0.62
2323,2021-04-09,SIC,20236,9846,10390,10922,9048,266,ITG,ITG1,19,Sicilia,Sicilia,4999891,600045,12.0,0.4
2324,2021-03-23,SIC,20977,10092,10885,15231,5568,178,ITG,ITG1,19,Sicilia,Sicilia,4999891,621022,12.42,0.42
2325,2021-03-02,SIC,14783,6379,8404,11886,2781,116,ITG,ITG1,19,Sicilia,Sicilia,4999891,635805,12.72,0.3
2326,2021-01-04,SIC,8685,4330,4355,8635,0,50,ITG,ITG1,19,Sicilia,Sicilia,4999891,644490,12.89,0.17
2327,2021-01-18,SIC,1627,676,951,1456,160,11,ITG,ITG1,19,Sicilia,Sicilia,4999891,646117,12.92,0.03
2328,2021-04-28,SIC,29294,13727,15567,19719,9163,412,ITG,ITG1,19,Sicilia,Sicilia,4999891,675411,13.51,0.59
2329,2021-08-10,SIC,21834,10876,10958,10658,10915,261,ITG,ITG1,19,Sicilia,Sicilia,4999891,697245,13.95,0.44
2330,2021-02-13,SIC,2979,1124,1855,2686,256,37,ITG,ITG1,19,Sicilia,Sicilia,4999891,700224,14.0,0.06
2331,2021-05-24,SIC,35893,17454,18439,15596,20064,233,ITG,ITG1,19,Sicilia,Sicilia,4999891,736117,14.72,0.72
2332,2021-08-27,SIC,23363,11881,11482,9850,13186,327,ITG,ITG1,19,Sicilia,Sicilia,4999891,759480,15.19,0.47
2333,2021-05-31,SIC,38140,17171,20969,21284,16560,296,ITG,ITG1,19,Sicilia,Sicilia,4999891,797620,15.95,0.76
2334,2021-09-08,SIC,20320,10120,10200,9209,10704,407,ITG,ITG1,19,Sicilia,Sicilia,4999891,817940,16.36,0.41
2335,2021-08-22,SIC,10335,5505,4830,3916,6301,118,ITG,ITG1,19,Sicilia,Sicilia,4999891,828275,16.57,0.21
2336,2021-02-18,SIC,5343,3149,2194,4844,431,68,ITG,ITG1,19,Sicilia,Sicilia,4999891,833618,16.67,0.11
2337,2021-05-12,SIC,36867,17395,19472,21406,14928,533,ITG,ITG1,19,Sicilia,Sicilia,4999891,870485,17.41,0.74
2338,2021-08-20,SIC,18796,9362,9434,9858,8672,266,ITG,ITG1,19,Sicilia,Sicilia,4999891,889281,17.79,0.38
2339,2021-07-17,SIC,49326,24296,25030,9317,39709,300,ITG,ITG1,19,Sicilia,Sicilia,4999891,938607,18.77,0.99
2340,2021-06-26,SIC,37268,17782,19486,16350,20610,308,ITG,ITG1,19,Sicilia,Sicilia,4999891,975875,19.52,0.75
2341,2021-04-30,SIC,35068,16363,18705,23525,11056,487,ITG,ITG1,19,Sicilia,Sicilia,4999891,1010943,20.22,0.7
2342,2021-03-04,SIC,15261,6710,8551,11012,4122,127,ITG,ITG1,19,Sicilia,Sicilia,4999891,1026204,20.52,0.31
2343,2021-08-08,SIC,15322,8132,7190,7417,7715,190,ITG,ITG1,19,Sicilia,Sicilia,4999891,1041526,20.83,0.31
2344,2021-06-12,SIC,45802,22398,23404,39371,5896,535,ITG,ITG1,19,Sicilia,Sicilia,4999891,1087328,21.75,0.92
2345,2021-07-27,SIC,43336,21477,21859,19268,23605,463,ITG,ITG1,19,Sicilia,Sicilia,4999891,1130664,22.61,0.87
2346,2021-03-16,SIC,9643,4334,5309,3569,6003,71,ITG,ITG1,19,Sicilia,Sicilia,4999891,1140307,22.81,0.19
2347,2021-07-08,SIC,38402,17497,20905,6530,31646,226,ITG,ITG1,19,Sicilia,Sicilia,4999891,1178709,23.57,0.77
2348,2021-04-04,SIC,6798,3323,3475,5434,1295,69,ITG,ITG1,19,Sicilia,Sicilia,4999891,1185507,23.71,0.14
2349,2021-07-13,SIC,46137,21175,24962,6920,38997,220,ITG,ITG1,19,Sicilia,Sicilia,4999891,1231644,24.63,0.92
2350,2020-12-28,SIC,226,139,87,225,0,1,ITG,ITG1,19,Sicilia,Sicilia,4999891,1231870,24.64,0.0
2351,2021-02-11,SIC,5239,2061,3178,4654,467,118,ITG,ITG1,19,Sicilia,Sicilia,4999891,1237109,24.74,0.1
2352,2021-04-16,SIC,28872,14505,14367,20245,8302,325,ITG,ITG1,19,Sicilia,Sicilia,4999891,1265981,25.32,0.58
2353,2021-01-23,SIC,4491,2310,2181,209,4272,10,ITG,ITG1,19,Sicilia,Sicilia,4999891,1270472,25.41,0.09
2354,2021-01-06,SIC,6270,3302,2968,6205,0,65,ITG,ITG1,19,Sicilia,Sicilia,4999891,1276742,25.54,0.13
2355,2021-02-23,SIC,8785,4667,4118,8229,468,88,ITG,ITG1,19,Sicilia,Sicilia,4999891,1285527,25.71,0.18
2356,2021-03-09,SIC,13192,5780,7412,10843,2218,131,ITG,ITG1,19,Sicilia,Sicilia,4999891,1298719,25.97,0.26
2357,2021-01-11,SIC,5929,2618,3311,5869,0,60,ITG,ITG1,19,Sicilia,Sicilia,4999891,1304648,26.09,0.12
2358,2021-05-17,SIC,31941,15412,16529,18999,12646,296,ITG,ITG1,19,Sicilia,Sicilia,4999891,1336589,26.73,0.64
2359,2021-03-21,SIC,15226,7346,7880,11184,3970,72,ITG,ITG1,19,Sicilia,Sicilia,4999891,1351815,27.04,0.3
2360,2021-02-06,SIC,4736,2119,2617,1450,3266,20,ITG,ITG1,19,Sicilia,Sicilia,4999891,1356551,27.13,0.09
2361,2021-02-04,SIC,6762,3084,3678,1420,5312,30,ITG,ITG1,19,Sicilia,Sicilia,4999891,1363313,27.27,0.14
2362,2021-09-03,SIC,21887,11055,10832,9913,11601,373,ITG,ITG1,19,Sicilia,Sicilia,4999891,1385200,27.7,0.44
2363,2021-04-08,SIC,19015,9346,9669,9274,9542,199,ITG,ITG1,19,Sicilia,Sicilia,4999891,1404215,28.08,0.38
2364,2021-02-20,SIC,7171,3707,3464,6802,272,97,ITG,ITG1,19,Sicilia,Sicilia,4999891,1411386,28.23,0.14
2365,2021-02-27,SIC,12241,5505,6736,10936,1204,101,ITG,ITG1,19,Sicilia,Sicilia,4999891,1423627,28.47,0.24
2366,2021-07-12,SIC,49011,22617,26394,6442,42367,202,ITG,ITG1,19,Sicilia,Sicilia,4999891,1472638,29.45,0.98
2367,2021-02-08,SIC,3888,1680,2208,2081,1759,48,ITG,ITG1,19,Sicilia,Sicilia,4999891,1476526,29.53,0.08
2368,2021-01-22,SIC,1294,641,653,261,1031,2,ITG,ITG1,19,Sicilia,Sicilia,4999891,1477820,29.56,0.03
2369,2021-06-04,SIC,57869,26769,31100,45399,11962,508,ITG,ITG1,19,Sicilia,Sicilia,4999891,1535689,30.71,1.16
2370,2021-09-12,SIC,11670,6254,5416,3877,7617,176,ITG,ITG1,19,Sicilia,Sicilia,4999891,1547359,30.95,0.23
2371,2021-04-06,SIC,17765,8485,9280,13256,4297,212,ITG,ITG1,19,Sicilia,Sicilia,4999891,1565124,31.3,0.36
2372,2021-02-22,SIC,7946,4131,3815,7370,493,83,ITG,ITG1,19,Sicilia,Sicilia,4999891,1573070,31.46,0.16
2373,2020-12-27,SIC,93,55,38,92,0,1,ITG,ITG1,19,Sicilia,Sicilia,4999891,1573163,31.46,0.0
2374,2021-06-02,SIC,35283,16298,18985,27101,7782,400,ITG,ITG1,19,Sicilia,Sicilia,4999891,1608446,32.17,0.71
2375,2021-06-16,SIC,40443,18806,21637,21271,18813,359,ITG,ITG1,19,Sicilia,Sicilia,4999891,1648889,32.98,0.81
2376,2021-03-25,SIC,20479,9536,10943,14751,5549,179,ITG,ITG1,19,Sicilia,Sicilia,4999891,1669368,33.39,0.41
2377,2021-07-03,SIC,33885,16289,17596,9031,24608,246,ITG,ITG1,19,Sicilia,Sicilia,4999891,1703253,34.07,0.68
2378,2021-09-07,SIC,22698,11290,11408,9471,12807,420,ITG,ITG1,19,Sicilia,Sicilia,4999891,1725951,34.52,0.45
2379,2021-03-06,SIC,12651,5064,7587,9765,2783,103,ITG,ITG1,19,Sicilia,Sicilia,4999891,1738602,34.77,0.25
2380,2021-05-07,SIC,36605,17281,19324,24584,11627,394,ITG,ITG1,19,Sicilia,Sicilia,4999891,1775207,35.5,0.73
2381,2021-03-11,SIC,15463,6715,8748,12890,2418,155,ITG,ITG1,19,Sicilia,Sicilia,4999891,1790670,35.81,0.31
2382,2021-01-27,SIC,7296,3714,3582,165,7130,1,ITG,ITG1,19,Sicilia,Sicilia,4999891,1797966,35.96,0.15
2383,2021-01-13,SIC,5191,2448,2743,5157,0,34,ITG,ITG1,19,Sicilia,Sicilia,4999891,1803157,36.06,0.1
2384,2021-05-16,SIC,33718,16444,17274,21893,11526,299,ITG,ITG1,19,Sicilia,Sicilia,4999891,1836875,36.74,0.67
2385,2021-05-02,SIC,24618,11435,13183,17698,6605,315,ITG,ITG1,19,Sicilia,Sicilia,4999891,1861493,37.23,0.49
2386,2021-03-20,SIC,18605,8987,9618,13366,5144,95,ITG,ITG1,19,Sicilia,Sicilia,4999891,1880098,37.6,0.37
2387,2021-08-24,SIC,23725,11755,11970,10960,12397,368,ITG,ITG1,19,Sicilia,Sicilia,4999891,1903823,38.08,0.47
2388,2021-06-28,SIC,31943,14878,17065,14906,16743,294,ITG,ITG1,19,Sicilia,Sicilia,4999891,1935766,38.72,0.64
2389,2021-07-05,SIC,37540,17619,19921,8911,28388,241,ITG,ITG1,19,Sicilia,Sicilia,4999891,1973306,39.47,0.75
2390,2021-06-21,SIC,40251,18632,21619,18419,21503,329,ITG,ITG1,19,Sicilia,Sicilia,4999891,2013557,40.27,0.81
2391,2021-02-03,SIC,5945,2793,3152,706,5231,8,ITG,ITG1,19,Sicilia,Sicilia,4999891,2019502,40.39,0.12
2392,2021-04-27,SIC,26460,12689,13771,15147,10960,353,ITG,ITG1,19,Sicilia,Sicilia,4999891,2045962,40.92,0.53
2393,2021-08-05,SIC,23866,11849,12017,11524,12035,307,ITG,ITG1,19,Sicilia,Sicilia,4999891,2069828,41.4,0.48
2394,2021-05-14,SIC,52249,24500,27749,35788,15682,779,ITG,ITG1,19,Sicilia,Sicilia,4999891,2122077,42.44,1.05
2395,2021-01-15,SIC,5325,2335,2990,5258,0,67,ITG,ITG1,19,Sicilia,Sicilia,4999891,2127402,42.55,0.11
2396,2021-04-25,SIC,21406,10210,11196,16139,5019,248,ITG,ITG1,19,Sicilia,Sicilia,4999891,2148808,42.98,0.43
2397,2021-02-01,SIC,5953,2641,3312,293,5646,14,ITG,ITG1,19,Sicilia,Sicilia,4999891,2154761,43.1,0.12
2398,2021-03-22,SIC,16695,7922,8773,11167,5432,96,ITG,ITG1,19,Sicilia,Sicilia,4999891,2171456,43.43,0.33
2399,2021-06-30,SIC,32618,15041,17577,11446,20850,322,ITG,ITG1,19,Sicilia,Sicilia,4999891,2204074,44.08,0.65
2400,2020-12-29,SIC,245,152,93,244,0,1,ITG,ITG1,19,Sicilia,Sicilia,4999891,2204319,44.09,0.0
2401,2021-06-13,SIC,34551,17168,17383,30607,3511,433,ITG,ITG1,19,Sicilia,Sicilia,4999891,2238870,44.78,0.69
2402,2021-01-08,SIC,8157,3797,4360,8064,0,93,ITG,ITG1,19,Sicilia,Sicilia,4999891,2247027,44.94,0.16
2403,2021-04-18,SIC,19837,9918,9919,15284,4364,189,ITG,ITG1,19,Sicilia,Sicilia,4999891,2266864,45.34,0.4
2404,2021-08-31,SIC,27966,14175,13791,10305,17362,299,ITG,ITG1,19,Sicilia,Sicilia,4999891,2294830,45.9,0.56
2405,2021-03-30,SIC,14589,6774,7815,9715,4771,103,ITG,ITG1,19,Sicilia,Sicilia,4999891,2309419,46.19,0.29
2406,2021-03-13,SIC,12226,5395,6831,7635,4499,92,ITG,ITG1,19,Sicilia,Sicilia,4999891,2321645,46.43,0.24
2407,2021-04-02,SIC,13905,6562,7343,9047,4738,120,ITG,ITG1,19,Sicilia,Sicilia,4999891,2335550,46.71,0.28
2408,2021-02-10,SIC,4354,1776,2578,3888,383,83,ITG,ITG1,19,Sicilia,Sicilia,4999891,2339904,46.8,0.09
2409,2021-05-21,SIC,48719,23080,25639,26665,21628,426,ITG,ITG1,19,Sicilia,Sicilia,4999891,2388623,47.77,0.97
2410,2021-08-12,SIC,15123,7581,7542,7979,6902,242,ITG,ITG1,19,Sicilia,Sicilia,4999891,2403746,48.08,0.3
2411,2021-04-01,SIC,14331,6628,7703,9517,4669,145,ITG,ITG1,19,Sicilia,Sicilia,4999891,2418077,48.36,0.29
2412,2021-07-10,SIC,46918,22356,24562,6055,40654,209,ITG,ITG1,19,Sicilia,Sicilia,4999891,2464995,49.3,0.94
2413,2021-06-23,SIC,44514,20710,23804,17928,26250,336,ITG,ITG1,19,Sicilia,Sicilia,4999891,2509509,50.19,0.89
2414,2021-04-10,SIC,20448,9978,10470,11301,8972,175,ITG,ITG1,19,Sicilia,Sicilia,4999891,2529957,50.6,0.41
2415,2021-01-17,SIC,1314,598,716,1240,65,9,ITG,ITG1,19,Sicilia,Sicilia,4999891,2531271,50.63,0.03
2416,2021-07-02,SIC,30578,14240,16338,9942,20350,286,ITG,ITG1,19,Sicilia,Sicilia,4999891,2561849,51.24,0.61
2417,2021-07-19,SIC,48973,23597,25376,11649,36965,359,ITG,ITG1,19,Sicilia,Sicilia,4999891,2610822,52.22,0.98
2418,2021-09-05,SIC,12737,6904,5833,5499,7044,194,ITG,ITG1,19,Sicilia,Sicilia,4999891,2623559,52.47,0.25
2419,2021-06-14,SIC,43493,20661,22832,28167,14897,429,ITG,ITG1,19,Sicilia,Sicilia,4999891,2667052,53.34,0.87
2420,2021-05-28,SIC,51283,22992,28291,24317,26553,413,ITG,ITG1,19,Sicilia,Sicilia,4999891,2718335,54.37,1.03
2421,2021-08-19,SIC,19564,9763,9801,10487,8766,311,ITG,ITG1,19,Sicilia,Sicilia,4999891,2737899,54.76,0.39
2422,2021-05-09,SIC,28443,13323,15120,19766,8299,378,ITG,ITG1,19,Sicilia,Sicilia,4999891,2766342,55.33,0.57
2423,2021-08-17,SIC,18566,9495,9071,10104,8137,325,ITG,ITG1,19,Sicilia,Sicilia,4999891,2784908,55.7,0.37
2424,2021-09-04,SIC,18295,9850,8445,8347,9604,344,ITG,ITG1,19,Sicilia,Sicilia,4999891,2803203,56.07,0.37
2425,2021-02-05,SIC,6789,3006,3783,2086,4665,38,ITG,ITG1,19,Sicilia,Sicilia,4999891,2809992,56.2,0.14
2426,2021-04-03,SIC,16420,7818,8602,13419,2837,164,ITG,ITG1,19,Sicilia,Sicilia,4999891,2826412,56.53,0.33
2427,2021-01-24,SIC,4336,2268,2068,122,4212,2,ITG,ITG1,19,Sicilia,Sicilia,4999891,2830748,56.62,0.09
2428,2021-05-04,SIC,26864,12477,14387,17147,9299,418,ITG,ITG1,19,Sicilia,Sicilia,4999891,2857612,57.15,0.54
2429,2021-04-17,SIC,26012,13154,12858,18664,7068,280,ITG,ITG1,19,Sicilia,Sicilia,4999891,2883624,57.67,0.52
2430,2021-07-26,SIC,44549,22206,22343,16702,27475,372,ITG,ITG1,19,Sicilia,Sicilia,4999891,2928173,58.56,0.89
2431,2021-03-17,SIC,15056,7444,7612,9077,5852,127,ITG,ITG1,19,Sicilia,Sicilia,4999891,2943229,58.87,0.3
2432,2021-06-25,SIC,39806,18681,21125,17384,22083,339,ITG,ITG1,19,Sicilia,Sicilia,4999891,2983035,59.66,0.8
2433,2021-07-09,SIC,44827,20688,24139,6402,38241,184,ITG,ITG1,19,Sicilia,Sicilia,4999891,3027862,60.56,0.9
2434,2021-03-05,SIC,15790,6853,8937,11396,4244,150,ITG,ITG1,19,Sicilia,Sicilia,4999891,3043652,60.87,0.32
2435,2021-02-16,SIC,4202,2208,1994,3665,467,70,ITG,ITG1,19,Sicilia,Sicilia,4999891,3047854,60.96,0.08
2436,2021-06-17,SIC,41891,19505,22386,20361,21155,375,ITG,ITG1,19,Sicilia,Sicilia,4999891,3089745,61.8,0.84
2437,2020-12-31,SIC,897,477,420,889,0,8,ITG,ITG1,19,Sicilia,Sicilia,4999891,3090642,61.81,0.02
2438,2021-03-07,SIC,9271,3457,5814,8129,1083,59,ITG,ITG1,19,Sicilia,Sicilia,4999891,3099913,62.0,0.19
2439,2021-06-15,SIC,46173,21761,24412,28202,17535,436,ITG,ITG1,19,Sicilia,Sicilia,4999891,3146086,62.92,0.92
2440,2021-03-24,SIC,20989,9881,11108,15039,5743,207,ITG,ITG1,19,Sicilia,Sicilia,4999891,3167075,63.34,0.42
2441,2021-09-06,SIC,23275,11833,11442,9959,12902,414,ITG,ITG1,19,Sicilia,Sicilia,4999891,3190350,63.81,0.47
2442,2021-03-01,SIC,12775,6078,6697,10991,1658,126,ITG,ITG1,19,Sicilia,Sicilia,4999891,3203125,64.06,0.26
2443,2021-06-09,SIC,49786,23683,26103,41909,7266,611,ITG,ITG1,19,Sicilia,Sicilia,4999891,3252911,65.06,1.0
2444,2021-02-19,SIC,4979,2695,2284,4328,564,87,ITG,ITG1,19,Sicilia,Sicilia,4999891,3257890,65.16,0.1
2445,2021-03-08,SIC,13527,5976,7551,10782,2616,129,ITG,ITG1,19,Sicilia,Sicilia,4999891,3271417,65.43,0.27
2446,2021-08-21,SIC,13746,7172,6574,6204,7354,188,ITG,ITG1,19,Sicilia,Sicilia,4999891,3285163,65.7,0.27
2447,2021-05-30,SIC,35787,16179,19608,17429,18062,296,ITG,ITG1,19,Sicilia,Sicilia,4999891,3320950,66.42,0.72
2448,2021-05-13,SIC,47498,22275,25223,30297,16555,646,ITG,ITG1,19,Sicilia,Sicilia,4999891,3368448,67.37,0.95
2449,2021-01-31,SIC,4061,1944,2117,107,3952,2,ITG,ITG1,19,Sicilia,Sicilia,4999891,3372509,67.45,0.08
2450,2021-03-27,SIC,15699,7406,8293,10684,4888,127,ITG,ITG1,19,Sicilia,Sicilia,4999891,3388208,67.77,0.31
2451,2021-01-29,SIC,9186,4257,4929,404,8770,12,ITG,ITG1,19,Sicilia,Sicilia,4999891,3397394,67.95,0.18
2452,2021-03-15,SIC,10691,4736,5955,5657,4954,80,ITG,ITG1,19,Sicilia,Sicilia,4999891,3408085,68.16,0.21
2453,2021-06-06,SIC,49534,23925,25609,41148,7829,557,ITG,ITG1,19,Sicilia,Sicilia,4999891,3457619,69.15,0.99
2454,2021-02-26,SIC,11989,5882,6107,10192,1681,116,ITG,ITG1,19,Sicilia,Sicilia,4999891,3469608,69.39,0.24
2455,2021-05-06,SIC,29487,14018,15469,18152,10841,494,ITG,ITG1,19,Sicilia,Sicilia,4999891,3499095,69.98,0.59
2456,2021-08-28,SIC,20872,11177,9695,7260,13392,220,ITG,ITG1,19,Sicilia,Sicilia,4999891,3519967,70.4,0.42
2457,2021-08-14,SIC,6143,3341,2802,3308,2714,121,ITG,ITG1,19,Sicilia,Sicilia,4999891,3526110,70.52,0.12
2458,2021-05-29,SIC,47216,21484,25732,23546,23222,448,ITG,ITG1,19,Sicilia,Sicilia,4999891,3573326,71.47,0.94
2459,2021-01-20,SIC,969,513,456,691,275,3,ITG,ITG1,19,Sicilia,Sicilia,4999891,3574295,71.49,0.02
2460,2021-03-18,SIC,15418,7758,7660,9739,5624,55,ITG,ITG1,19,Sicilia,Sicilia,4999891,3589713,71.8,0.31
2461,2021-02-12,SIC,4606,1829,2777,4241,286,79,ITG,ITG1,19,Sicilia,Sicilia,4999891,3594319,71.89,0.09
2462,2021-05-23,SIC,34108,16607,17501,19854,14026,228,ITG,ITG1,19,Sicilia,Sicilia,4999891,3628427,72.57,0.68
2463,2021-06-10,SIC,53054,24909,28145,45148,7252,654,ITG,ITG1,19,Sicilia,Sicilia,4999891,3681481,73.63,1.06
2464,2021-05-27,SIC,47623,21934,25689,24464,22738,421,ITG,ITG1,19,Sicilia,Sicilia,4999891,3729104,74.58,0.95
2465,2021-04-14,SIC,20585,9939,10646,11613,8774,198,ITG,ITG1,19,Sicilia,Sicilia,4999891,3749689,75.0,0.41
2466,2021-07-23,SIC,41516,20855,20661,14373,26819,324,ITG,ITG1,19,Sicilia,Sicilia,4999891,3791205,75.83,0.83
2467,2021-03-31,SIC,14526,6710,7816,9441,4935,150,ITG,ITG1,19,Sicilia,Sicilia,4999891,3805731,76.12,0.29
2468,2021-01-07,SIC,9075,4212,4863,8991,0,84,ITG,ITG1,19,Sicilia,Sicilia,4999891,3814806,76.3,0.18
2469,2021-08-13,SIC,11516,5967,5549,5976,5301,239,ITG,ITG1,19,Sicilia,Sicilia,4999891,3826322,76.53,0.23
2470,2021-02-09,SIC,4350,1800,2550,3248,1037,65,ITG,ITG1,19,Sicilia,Sicilia,4999891,3830672,76.62,0.09
2471,2021-05-20,SIC,44106,21134,22972,27753,15937,416,ITG,ITG1,19,Sicilia,Sicilia,4999891,3874778,77.5,0.88
2472,2021-04-21,SIC,22400,10753,11647,15990,6127,283,ITG,ITG1,19,Sicilia,Sicilia,4999891,3897178,77.95,0.45
2473,2021-04-07,SIC,18454,9069,9385,9737,8518,199,ITG,ITG1,19,Sicilia,Sicilia,4999891,3915632,78.31,0.37
2474,2021-09-11,SIC,21358,11081,10277,7696,13286,376,ITG,ITG1,19,Sicilia,Sicilia,4999891,3936990,78.74,0.43
2475,2021-07-16,SIC,49373,23382,25991,8720,40363,290,ITG,ITG1,19,Sicilia,Sicilia,4999891,3986363,79.73,0.99
2476,2021-07-30,SIC,32511,16116,16395,12080,20144,287,ITG,ITG1,19,Sicilia,Sicilia,4999891,4018874,80.38,0.65
2477,2021-06-03,SIC,46007,21100,24907,33765,11719,523,ITG,ITG1,19,Sicilia,Sicilia,4999891,4064881,81.3,0.92
2478,2021-05-11,SIC,32691,15505,17186,19682,12501,508,ITG,ITG1,19,Sicilia,Sicilia,4999891,4097572,81.95,0.65
2479,2021-02-17,SIC,5222,3204,2018,4500,670,52,ITG,ITG1,19,Sicilia,Sicilia,4999891,4102794,82.06,0.1
2480,2021-04-24,SIC,31219,14718,16501,23141,7640,438,ITG,ITG1,19,Sicilia,Sicilia,4999891,4134013,82.68,0.62
2481,2021-08-02,SIC,32982,16392,16590,12849,19784,349,ITG,ITG1,19,Sicilia,Sicilia,4999891,4166995,83.34,0.66
2482,2021-08-09,SIC,25179,12861,12318,12485,12318,376,ITG,ITG1,19,Sicilia,Sicilia,4999891,4192174,83.85,0.5
2483,2021-01-19,SIC,1527,677,850,1271,241,15,ITG,ITG1,19,Sicilia,Sicilia,4999891,4193701,83.88,0.03
2484,2021-06-11,SIC,49976,23848,26128,41595,7711,670,ITG,ITG1,19,Sicilia,Sicilia,4999891,4243677,84.88,1.0
2485,2021-04-29,SIC,31822,14849,16973,21802,9562,458,ITG,ITG1,19,Sicilia,Sicilia,4999891,4275499,85.51,0.64
2486,2021-03-03,SIC,14591,6551,8040,11384,3076,131,ITG,ITG1,19,Sicilia,Sicilia,4999891,4290090,85.8,0.29
2487,2021-08-07,SIC,20069,10411,9658,10832,8900,337,ITG,ITG1,19,Sicilia,Sicilia,4999891,4310159,86.21,0.4
2488,2021-08-16,SIC,20311,10425,9886,10906,9089,316,ITG,ITG1,19,Sicilia,Sicilia,4999891,4330470,86.61,0.41
2489,2021-07-28,SIC,37668,18870,18798,14684,22661,323,ITG,ITG1,19,Sicilia,Sicilia,4999891,4368138,87.36,0.75
2490,2021-06-22,SIC,40053,18408,21645,18340,21335,378,ITG,ITG1,19,Sicilia,Sicilia,4999891,4408191,88.17,0.8
2491,2021-05-22,SIC,48026,22813,25213,28304,19325,397,ITG,ITG1,19,Sicilia,Sicilia,4999891,4456217,89.13,0.96
2492,2021-08-30,SIC,28212,14381,13831,10213,17653,346,ITG,ITG1,19,Sicilia,Sicilia,4999891,4484429,89.69,0.56
2493,2021-02-28,SIC,7130,3032,4098,6455,630,45,ITG,ITG1,19,Sicilia,Sicilia,4999891,4491559,89.83,0.14
2494,2021-06-08,SIC,47710,22406,25304,40455,6713,542,ITG,ITG1,19,Sicilia,Sicilia,4999891,4539269,90.79,0.95
2495,2021-08-11,SIC,16202,8338,7864,8727,7186,289,ITG,ITG1,19,Sicilia,Sicilia,4999891,4555471,91.11,0.32
2496,2021-01-09,SIC,7256,3425,3831,7195,0,61,ITG,ITG1,19,Sicilia,Sicilia,4999891,4562727,91.26,0.15
2497,2021-05-03,SIC,23327,10802,12525,13263,9799,265,ITG,ITG1,19,Sicilia,Sicilia,4999891,4586054,91.72,0.47
2498,2021-07-11,SIC,36044,16871,19173,3664,32285,95,ITG,ITG1,19,Sicilia,Sicilia,4999891,4622098,92.44,0.72
2499,2021-07-25,SIC,31812,16766,15046,11848,19705,259,ITG,ITG1,19,Sicilia,Sicilia,4999891,4653910,93.08,0.64
2500,2021-04-19,SIC,18293,8672,9621,12464,5590,239,ITG,ITG1,19,Sicilia,Sicilia,4999891,4672203,93.45,0.37
2501,2021-08-26,SIC,20016,10108,9908,9100,10608,308,ITG,ITG1,19,Sicilia,Sicilia,4999891,4692219,93.85,0.4
2502,2021-02-07,SIC,2323,983,1340,664,1649,10,ITG,ITG1,19,Sicilia,Sicilia,4999891,4694542,93.89,0.05
2503,2021-07-14,SIC,47565,22030,25535,7930,39374,261,ITG,ITG1,19,Sicilia,Sicilia,4999891,4742107,94.84,0.95
2504,2021-05-18,SIC,36145,17400,18745,23250,12491,404,ITG,ITG1,19,Sicilia,Sicilia,4999891,4778252,95.57,0.72
2505,2021-07-21,SIC,42969,20969,22000,10636,32019,314,ITG,ITG1,19,Sicilia,Sicilia,4999891,4821221,96.43,0.86
2506,2021-07-07,SIC,35431,16207,19224,6036,29154,241,ITG,ITG1,19,Sicilia,Sicilia,4999891,4856652,97.14,0.71
2507,2021-05-25,SIC,33575,15439,18136,13946,19374,255,ITG,ITG1,19,Sicilia,Sicilia,4999891,4890227,97.81,0.67
2508,2021-03-29,SIC,15050,7086,7964,10400,4500,150,ITG,ITG1,19,Sicilia,Sicilia,4999891,4905277,98.11,0.3
2509,2021-02-24,SIC,9379,4803,4576,8701,567,111,ITG,ITG1,19,Sicilia,Sicilia,4999891,4914656,98.3,0.19
2510,2021-01-21,SIC,1457,715,742,490,956,11,ITG,ITG1,19,Sicilia,Sicilia,4999891,4916113,98.32,0.03
2511,2021-05-01,SIC,24457,11321,13136,19000,5171,286,ITG,ITG1,19,Sicilia,Sicilia,4999891,4940570,98.81,0.49
2512,2021-07-06,SIC,37126,17168,19958,10286,26529,311,ITG,ITG1,19,Sicilia,Sicilia,4999891,4977696,99.56,0.74
2513,2021-05-10,SIC,28739,13797,14942,16171,12220,348,ITG,ITG1,19,Sicilia,Sicilia,4999891,5006435,100.13,0.57
2514,2021-08-18,SIC,21944,11324,10620,11666,9909,369,ITG,ITG1,19,Sicilia,Sicilia,4999891,5028379,100.57,0.44
2515,2021-03-26,SIC,17998,8361,9637,12340,5502,156,ITG,ITG1,19,Sicilia,Sicilia,4999891,5046377,100.93,0.36
2516,2021-08-06,SIC,24789,12583,12206,13509,10871,409,ITG,ITG1,19,Sicilia,Sicilia,4999891,5071166,101.43,0.5
2517,2021-04-26,SIC,21709,10277,11432,13300,8089,320,ITG,ITG1,19,Sicilia,Sicilia,4999891,5092875,101.86,0.43
2518,2021-02-02,SIC,5322,2497,2825,610,4702,10,ITG,ITG1,19,Sicilia,Sicilia,4999891,5098197,101.97,0.11
2519,2021-08-04,SIC,24362,12011,12351,10980,13057,325,ITG,ITG1,19,Sicilia,Sicilia,4999891,5122559,102.45,0.49
2520,2021-07-18,SIC,39281,19784,19497,8094,30952,235,ITG,ITG1,19,Sicilia,Sicilia,4999891,5161840,103.24,0.79
2521,2021-01-14,SIC,5267,2494,2773,5205,0,62,ITG,ITG1,19,Sicilia,Sicilia,4999891,5167107,103.34,0.11
2522,2021-01-28,SIC,9037,4277,4760,361,8675,1,ITG,ITG1,19,Sicilia,Sicilia,4999891,5176144,103.53,0.18
2523,2021-07-04,SIC,26518,12805,13713,7609,18734,175,ITG,ITG1,19,Sicilia,Sicilia,4999891,5202662,104.06,0.53
2524,2021-05-08,SIC,35670,17046,18624,24892,10323,455,ITG,ITG1,19,Sicilia,Sicilia,4999891,5238332,104.77,0.71
2525,2021-01-26,SIC,9581,4745,4836,213,9367,1,ITG,ITG1,19,Sicilia,Sicilia,4999891,5247913,104.96,0.19
2526,2021-09-02,SIC,23150,11855,11295,10008,12753,389,ITG,ITG1,19,Sicilia,Sicilia,4999891,5271063,105.42,0.46
2527,2021-06-01,SIC,38991,17728,21263,24596,14044,351,ITG,ITG1,19,Sicilia,Sicilia,4999891,5310054,106.2,0.78
2528,2021-04-05,SIC,8024,3958,4066,6511,1442,71,ITG,ITG1,19,Sicilia,Sicilia,4999891,5318078,106.36,0.16
2529,2021-09-09,SIC,23628,11820,11808,8336,14852,440,ITG,ITG1,19,Sicilia,Sicilia,4999891,5341706,106.84,0.47
2530,2021-04-12,SIC,19023,9221,9802,11485,7277,261,ITG,ITG1,19,Sicilia,Sicilia,4999891,5360729,107.22,0.38
2531,2021-02-14,SIC,1055,402,653,905,140,10,ITG,ITG1,19,Sicilia,Sicilia,4999891,5361784,107.24,0.02
2532,2021-01-02,SIC,4887,2545,2342,4851,0,36,ITG,ITG1,19,Sicilia,Sicilia,4999891,5366671,107.34,0.1
2533,2021-02-21,SIC,5169,2501,2668,5044,107,18,ITG,ITG1,19,Sicilia,Sicilia,4999891,5371840,107.44,0.1
2534,2021-01-01,SIC,825,441,384,821,0,4,ITG,ITG1,19,Sicilia,Sicilia,4999891,5372665,107.46,0.02
2535,2021-04-20,SIC,18995,9005,9990,13437,5249,309,ITG,ITG1,19,Sicilia,Sicilia,4999891,5391660,107.84,0.38
2536,2021-07-29,SIC,36202,17888,18314,14326,21534,342,ITG,ITG1,19,Sicilia,Sicilia,4999891,5427862,108.56,0.72
2537,2021-07-24,SIC,40734,21213,19521,16792,23631,311,ITG,ITG1,19,Sicilia,Sicilia,4999891,5468596,109.37,0.81
2538,2021-02-15,SIC,3777,1769,2008,3137,564,76,ITG,ITG1,19,Sicilia,Sicilia,4999891,5472373,109.45,0.08
2539,2021-07-22,SIC,40678,19970,20708,11226,29155,297,ITG,ITG1,19,Sicilia,Sicilia,4999891,5513051,110.26,0.81
2540,2021-05-26,SIC,44744,21039,23705,23909,20490,345,ITG,ITG1,19,Sicilia,Sicilia,4999891,5557795,111.16,0.89
2541,2021-01-03,SIC,4814,2517,2297,4780,0,34,ITG,ITG1,19,Sicilia,Sicilia,4999891,5562609,111.25,0.1
2542,2021-04-13,SIC,20272,9876,10396,11226,8843,203,ITG,ITG1,19,Sicilia,Sicilia,4999891,5582881,111.66,0.41
2543,2021-07-31,SIC,28759,14938,13821,10446,18045,268,ITG,ITG1,19,Sicilia,Sicilia,4999891,5611640,112.24,0.58
2544,2021-01-10,SIC,3566,1598,1968,3544,0,22,ITG,ITG1,19,Sicilia,Sicilia,4999891,5615206,112.31,0.07
2545,2021-01-05,SIC,10632,5229,5403,10549,0,83,ITG,ITG1,19,Sicilia,Sicilia,4999891,5625838,112.52,0.21
2546,2021-04-15,SIC,21596,10499,11097,12000,9356,240,ITG,ITG1,19,Sicilia,Sicilia,4999891,5647434,112.95,0.43
2547,2021-06-20,SIC,33452,15829,17623,15113,18078,261,ITG,ITG1,19,Sicilia,Sicilia,4999891,5680886,113.62,0.67
2548,2021-04-22,SIC,26778,12645,14133,19892,6463,423,ITG,ITG1,19,Sicilia,Sicilia,4999891,5707664,114.16,0.54
2549,2021-03-10,SIC,13960,6134,7826,11625,2187,148,ITG,ITG1,19,Sicilia,Sicilia,4999891,5721624,114.43,0.28
2550,2021-01-12,SIC,4377,2142,2235,4331,0,46,ITG,ITG1,19,Sicilia,Sicilia,4999891,5726001,114.52,0.09
2551,2021-06-18,SIC,43612,20152,23460,18860,24380,372,ITG,ITG1,19,Sicilia,Sicilia,4999891,5769613,115.39,0.87
2552,2021-06-27,SIC,25312,12202,13110,12097,12983,232,ITG,ITG1,19,Sicilia,Sicilia,4999891,5794925,115.9,0.51
2553,2021-05-15,SIC,56536,26405,30131,40369,15250,917,ITG,ITG1,19,Sicilia,Sicilia,4999891,5851461,117.03,1.13
2554,2021-03-19,SIC,16325,8061,8264,10651,5579,95,ITG,ITG1,19,Sicilia,Sicilia,4999891,5867786,117.36,0.33
2555,2021-08-23,SIC,24083,11904,12179,10792,12939,352,ITG,ITG1,19,Sicilia,Sicilia,4999891,5891869,117.84,0.48
2556,2021-09-01,SIC,24939,12716,12223,10575,14009,355,ITG,ITG1,19,Sicilia,Sicilia,4999891,5916808,118.34,0.5
2557,2021-03-12,SIC,12897,5575,7322,10666,2071,160,ITG,ITG1,19,Sicilia,Sicilia,4999891,5929705,118.6,0.26
2558,2021-08-25,SIC,21846,10844,11002,9969,11517,360,ITG,ITG1,19,Sicilia,Sicilia,4999891,5951551,119.03,0.44
2559,2021-06-29,SIC,31458,14737,16721,15726,15326,406,ITG,ITG1,19,Sicilia,Sicilia,4999891,5983009,119.66,0.63
2560,2021-04-26,LIG,10592,4998,5594,7864,2642,86,ITC,ITC3,7,Liguria,Liguria,1550640,10592,0.68,0.68
2561,2021-01-16,LIG,1279,558,721,1274,0,5,ITC,ITC3,7,Liguria,Liguria,1550640,11871,0.77,0.08
2562,2021-02-02,LIG,2675,1007,1668,127,2546,2,ITC,ITC3,7,Liguria,Liguria,1550640,14546,0.94,0.17
2563,2021-04-28,LIG,14470,6527,7943,6381,8001,88,ITC,ITC3,7,Liguria,Liguria,1550640,29016,1.87,0.93
2564,2021-03-14,LIG,1659,752,907,1043,604,12,ITC,ITC3,7,Liguria,Liguria,1550640,30675,1.98,0.11
2565,2021-08-18,LIG,12218,6590,5628,4245,7851,122,ITC,ITC3,7,Liguria,Liguria,1550640,42893,2.77,0.79
2566,2021-06-22,LIG,15821,7469,8352,7615,8139,67,ITC,ITC3,7,Liguria,Liguria,1550640,58714,3.79,1.02
2567,2021-07-06,LIG,12374,6073,6301,5627,6658,89,ITC,ITC3,7,Liguria,Liguria,1550640,71088,4.58,0.8
2568,2021-05-10,LIG,12663,5649,7014,6201,6382,80,ITC,ITC3,7,Liguria,Liguria,1550640,83751,5.4,0.82
2569,2021-08-30,LIG,9786,5228,4558,2465,7241,80,ITC,ITC3,7,Liguria,Liguria,1550640,93537,6.03,0.63
2570,2021-02-11,LIG,1990,772,1218,1093,888,9,ITC,ITC3,7,Liguria,Liguria,1550640,95527,6.16,0.13
2571,2021-05-22,LIG,6656,3221,3435,4878,1687,91,ITC,ITC3,7,Liguria,Liguria,1550640,102183,6.59,0.43
2572,2021-06-10,LIG,18896,9741,9155,13125,5677,94,ITC,ITC3,7,Liguria,Liguria,1550640,121079,7.81,1.22
2573,2021-03-19,LIG,5304,2237,3067,2100,3153,51,ITC,ITC3,7,Liguria,Liguria,1550640,126383,8.15,0.34
2574,2021-03-02,LIG,4083,1695,2388,3765,310,8,ITC,ITC3,7,Liguria,Liguria,1550640,130466,8.41,0.26
2575,2021-07-11,LIG,2153,1195,958,1232,903,18,ITC,ITC3,7,Liguria,Liguria,1550640,132619,8.55,0.14
2576,2021-07-18,LIG,2384,1223,1161,384,1984,16,ITC,ITC3,7,Liguria,Liguria,1550640,135003,8.71,0.15
2577,2021-06-05,LIG,8110,4132,3978,4923,3156,31,ITC,ITC3,7,Liguria,Liguria,1550640,143113,9.23,0.52
2578,2021-04-09,LIG,12483,5569,6914,10560,1787,136,ITC,ITC3,7,Liguria,Liguria,1550640,155596,10.03,0.81
2579,2021-03-31,LIG,11956,5292,6664,9072,2780,104,ITC,ITC3,7,Liguria,Liguria,1550640,167552,10.81,0.77
2580,2021-02-28,LIG,1060,580,480,1048,11,1,ITC,ITC3,7,Liguria,Liguria,1550640,168612,10.87,0.07
2581,2021-09-01,LIG,8498,4475,4023,2713,5715,70,ITC,ITC3,7,Liguria,Liguria,1550640,177110,11.42,0.55
2582,2021-03-26,LIG,9361,4043,5318,6094,3160,107,ITC,ITC3,7,Liguria,Liguria,1550640,186471,12.03,0.6
2583,2021-07-04,LIG,4863,2583,2280,3803,1001,59,ITC,ITC3,7,Liguria,Liguria,1550640,191334,12.34,0.31
2584,2021-01-02,LIG,693,247,446,693,0,0,ITC,ITC3,7,Liguria,Liguria,1550640,192027,12.38,0.04
2585,2021-01-28,LIG,2851,972,1879,37,2814,0,ITC,ITC3,7,Liguria,Liguria,1550640,194878,12.57,0.18
2586,2021-08-01,LIG,1490,856,634,152,1338,0,ITC,ITC3,7,Liguria,Liguria,1550640,196368,12.66,0.1
2587,2021-02-16,LIG,2430,958,1472,1995,430,5,ITC,ITC3,7,Liguria,Liguria,1550640,198798,12.82,0.16
2588,2021-07-23,LIG,20021,10313,9708,5131,14775,115,ITC,ITC3,7,Liguria,Liguria,1550640,218819,14.11,1.29
2589,2021-05-27,LIG,17013,8720,8293,12677,4176,160,ITC,ITC3,7,Liguria,Liguria,1550640,235832,15.21,1.1
2590,2021-04-14,LIG,13084,5675,7409,10752,2210,122,ITC,ITC3,7,Liguria,Liguria,1550640,248916,16.05,0.84
2591,2021-08-06,LIG,12212,6206,6006,3971,8124,117,ITC,ITC3,7,Liguria,Liguria,1550640,261128,16.84,0.79
2592,2021-02-04,LIG,2820,990,1830,177,2643,0,ITC,ITC3,7,Liguria,Liguria,1550640,263948,17.02,0.18
2593,2021-05-15,LIG,7325,3277,4048,4296,2963,66,ITC,ITC3,7,Liguria,Liguria,1550640,271273,17.49,0.47
2594,2021-02-21,LIG,868,490,378,862,4,2,ITC,ITC3,7,Liguria,Liguria,1550640,272141,17.55,0.06
2595,2021-05-03,LIG,13270,5925,7345,6361,6822,87,ITC,ITC3,7,Liguria,Liguria,1550640,285411,18.41,0.86
2596,2021-08-11,LIG,13131,6734,6397,4784,8231,116,ITC,ITC3,7,Liguria,Liguria,1550640,298542,19.25,0.85
2597,2021-03-21,LIG,551,220,331,69,482,0,ITC,ITC3,7,Liguria,Liguria,1550640,299093,19.29,0.04
2598,2021-08-25,LIG,9355,5038,4317,3221,6024,110,ITC,ITC3,7,Liguria,Liguria,1550640,308448,19.89,0.6
2599,2021-01-23,LIG,813,297,516,156,657,0,ITC,ITC3,7,Liguria,Liguria,1550640,309261,19.94,0.05
2600,2021-06-29,LIG,15191,7237,7954,8634,6464,93,ITC,ITC3,7,Liguria,Liguria,1550640,324452,20.92,0.98
2601,2021-05-17,LIG,12048,5528,6520,8608,3371,69,ITC,ITC3,7,Liguria,Liguria,1550640,336500,21.7,0.78
2602,2021-06-24,LIG,11166,5451,5715,6221,4869,76,ITC,ITC3,7,Liguria,Liguria,1550640,347666,22.42,0.72
2603,2021-04-02,LIG,11796,5223,6573,9221,2489,86,ITC,ITC3,7,Liguria,Liguria,1550640,359462,23.18,0.76
2604,2021-04-21,LIG,14297,6461,7836,8862,5346,89,ITC,ITC3,7,Liguria,Liguria,1550640,373759,24.1,0.92
2605,2021-07-30,LIG,16090,8337,7753,4667,11337,86,ITC,ITC3,7,Liguria,Liguria,1550640,389849,25.14,1.04
2606,2021-08-13,LIG,10896,5626,5270,3931,6876,89,ITC,ITC3,7,Liguria,Liguria,1550640,400745,25.84,0.7
2607,2021-05-08,LIG,7540,3337,4203,2274,5228,38,ITC,ITC3,7,Liguria,Liguria,1550640,408285,26.33,0.49
2608,2021-01-25,LIG,2734,893,1841,474,2259,1,ITC,ITC3,7,Liguria,Liguria,1550640,411019,26.51,0.18
2609,2021-05-05,LIG,13726,6143,7583,5177,8464,85,ITC,ITC3,7,Liguria,Liguria,1550640,424745,27.39,0.89
2610,2020-12-28,LIG,80,30,50,80,0,0,ITC,ITC3,7,Liguria,Liguria,1550640,424825,27.4,0.01
2611,2021-06-03,LIG,15553,7710,7843,9110,6390,53,ITC,ITC3,7,Liguria,Liguria,1550640,440378,28.4,1.0
2612,2021-04-07,LIG,13695,6115,7580,11311,2292,92,ITC,ITC3,7,Liguria,Liguria,1550640,454073,29.28,0.88
2613,2021-02-23,LIG,3809,1559,2250,3663,109,37,ITC,ITC3,7,Liguria,Liguria,1550640,457882,29.53,0.25
2614,2021-08-10,LIG,13138,6560,6578,4282,8714,142,ITC,ITC3,7,Liguria,Liguria,1550640,471020,30.38,0.85
2615,2021-06-15,LIG,17441,8474,8967,9277,8093,71,ITC,ITC3,7,Liguria,Liguria,1550640,488461,31.5,1.12
2616,2021-03-07,LIG,1915,1139,776,1602,301,12,ITC,ITC3,7,Liguria,Liguria,1550640,490376,31.62,0.12
2617,2021-09-08,LIG,7476,3906,3570,2131,5245,100,ITC,ITC3,7,Liguria,Liguria,1550640,497852,32.11,0.48
2618,2021-06-17,LIG,16709,7941,8768,9082,7545,82,ITC,ITC3,7,Liguria,Liguria,1550640,514561,33.18,1.08
2619,2021-01-09,LIG,1338,484,854,1337,0,1,ITC,ITC3,7,Liguria,Liguria,1550640,515899,33.27,0.09
2620,2021-04-19,LIG,12842,5622,7220,8918,3835,89,ITC,ITC3,7,Liguria,Liguria,1550640,528741,34.1,0.83
2621,2021-07-13,LIG,13106,6447,6659,3475,9580,51,ITC,ITC3,7,Liguria,Liguria,1550640,541847,34.94,0.85
2622,2021-01-21,LIG,1108,385,723,676,431,1,ITC,ITC3,7,Liguria,Liguria,1550640,542955,35.01,0.07
2623,2021-08-20,LIG,9432,5029,4403,3142,6198,92,ITC,ITC3,7,Liguria,Liguria,1550640,552387,35.62,0.61
2624,2021-05-29,LIG,6879,3261,3618,3979,2873,27,ITC,ITC3,7,Liguria,Liguria,1550640,559266,36.07,0.44
2625,2021-09-06,LIG,8031,4153,3878,2724,5206,101,ITC,ITC3,7,Liguria,Liguria,1550640,567297,36.58,0.52
2626,2021-07-25,LIG,6404,3271,3133,650,5743,11,ITC,ITC3,7,Liguria,Liguria,1550640,573701,37.0,0.41
2627,2021-02-09,LIG,1956,696,1260,262,1691,3,ITC,ITC3,7,Liguria,Liguria,1550640,575657,37.12,0.13
2628,2020-12-30,LIG,12,5,7,12,0,0,ITC,ITC3,7,Liguria,Liguria,1550640,575669,37.12,0.0
2629,2021-07-03,LIG,8826,4378,4448,5441,3330,55,ITC,ITC3,7,Liguria,Liguria,1550640,584495,37.69,0.57
2630,2021-04-11,LIG,4251,1930,2321,3958,249,44,ITC,ITC3,7,Liguria,Liguria,1550640,588746,37.97,0.27
2631,2021-07-20,LIG,13982,6883,7099,2713,11203,66,ITC,ITC3,7,Liguria,Liguria,1550640,602728,38.87,0.9
2632,2021-07-29,LIG,18002,9212,8790,4408,13512,82,ITC,ITC3,7,Liguria,Liguria,1550640,620730,40.03,1.16
2633,2021-03-16,LIG,6091,2733,3358,2317,3735,39,ITC,ITC3,7,Liguria,Liguria,1550640,626821,40.42,0.39
2634,2021-06-14,LIG,15169,7323,7846,8210,6882,77,ITC,ITC3,7,Liguria,Liguria,1550640,641990,41.4,0.98
2635,2021-02-25,LIG,3460,1350,2110,3307,130,23,ITC,ITC3,7,Liguria,Liguria,1550640,645450,41.62,0.22
2636,2021-09-10,LIG,6876,3654,3222,1932,4847,97,ITC,ITC3,7,Liguria,Liguria,1550640,652326,42.07,0.44
2637,2021-06-02,LIG,8546,4349,4197,5337,3177,32,ITC,ITC3,7,Liguria,Liguria,1550640,660872,42.62,0.55
2638,2021-06-19,LIG,7416,3777,3639,5692,1672,52,ITC,ITC3,7,Liguria,Liguria,1550640,668288,43.1,0.48
2639,2021-01-30,LIG,1666,572,1094,22,1643,1,ITC,ITC3,7,Liguria,Liguria,1550640,669954,43.2,0.11
2640,2021-03-28,LIG,1141,510,631,381,752,8,ITC,ITC3,7,Liguria,Liguria,1550640,671095,43.28,0.07
2641,2021-08-29,LIG,737,419,318,173,561,3,ITC,ITC3,7,Liguria,Liguria,1550640,671832,43.33,0.05
2642,2021-01-14,LIG,2983,1056,1927,2982,0,1,ITC,ITC3,7,Liguria,Liguria,1550640,674815,43.52,0.19
2643,2021-03-12,LIG,6223,2874,3349,3690,2475,58,ITC,ITC3,7,Liguria,Liguria,1550640,681038,43.92,0.4
2644,2021-07-01,LIG,13574,6546,7028,7293,6177,104,ITC,ITC3,7,Liguria,Liguria,1550640,694612,44.8,0.88
2645,2021-05-19,LIG,13585,5966,7619,10326,3127,132,ITC,ITC3,7,Liguria,Liguria,1550640,708197,45.67,0.88
2646,2021-03-23,LIG,9298,4236,5062,5993,3219,86,ITC,ITC3,7,Liguria,Liguria,1550640,717495,46.27,0.6
2647,2021-08-27,LIG,9208,4914,4294,2832,6301,75,ITC,ITC3,7,Liguria,Liguria,1550640,726703,46.86,0.59
2648,2021-07-15,LIG,14791,7483,7308,5142,9516,133,ITC,ITC3,7,Liguria,Liguria,1550640,741494,47.82,0.95
2649,2021-02-01,LIG,2574,929,1645,101,2473,0,ITC,ITC3,7,Liguria,Liguria,1550640,744068,47.98,0.17
2650,2021-07-08,LIG,13677,6721,6956,6145,7425,107,ITC,ITC3,7,Liguria,Liguria,1550640,757745,48.87,0.88
2651,2021-05-12,LIG,12122,5492,6630,6611,5410,101,ITC,ITC3,7,Liguria,Liguria,1550640,769867,49.65,0.78
2652,2021-05-26,LIG,16700,8433,8267,12171,4383,146,ITC,ITC3,7,Liguria,Liguria,1550640,786567,50.73,1.08
2653,2021-03-30,LIG,12228,5432,6796,8752,3395,81,ITC,ITC3,7,Liguria,Liguria,1550640,798795,51.51,0.79
2654,2021-09-03,LIG,7359,4058,3301,2204,5083,72,ITC,ITC3,7,Liguria,Liguria,1550640,806154,51.99,0.47
2655,2021-01-18,LIG,2146,749,1397,1987,157,2,ITC,ITC3,7,Liguria,Liguria,1550640,808300,52.13,0.14
2656,2021-08-08,LIG,1207,650,557,542,659,6,ITC,ITC3,7,Liguria,Liguria,1550640,809507,52.2,0.08
2657,2021-07-22,LIG,21451,10900,10551,4555,16783,113,ITC,ITC3,7,Liguria,Liguria,1550640,830958,53.59,1.38
2658,2021-09-07,LIG,7798,4125,3673,2653,5057,88,ITC,ITC3,7,Liguria,Liguria,1550640,838756,54.09,0.5
2659,2021-06-16,LIG,16414,7930,8484,9195,7136,83,ITC,ITC3,7,Liguria,Liguria,1550640,855170,55.15,1.06
2660,2021-03-08,LIG,5631,2462,3169,3907,1692,32,ITC,ITC3,7,Liguria,Liguria,1550640,860801,55.51,0.36
2661,2021-03-25,LIG,9784,4236,5548,6244,3397,143,ITC,ITC3,7,Liguria,Liguria,1550640,870585,56.14,0.63
2662,2021-01-01,LIG,146,56,90,146,0,0,ITC,ITC3,7,Liguria,Liguria,1550640,870731,56.15,0.01
2663,2021-01-11,LIG,2658,994,1664,2656,0,2,ITC,ITC3,7,Liguria,Liguria,1550640,873389,56.32,0.17
2664,2021-08-15,LIG,1408,783,625,848,527,33,ITC,ITC3,7,Liguria,Liguria,1550640,874797,56.42,0.09
2665,2021-05-24,LIG,11894,5596,6298,9282,2512,100,ITC,ITC3,7,Liguria,Liguria,1550640,886691,57.18,0.77
2666,2021-05-07,LIG,13617,6049,7568,5712,7812,93,ITC,ITC3,7,Liguria,Liguria,1550640,900308,58.06,0.88
2667,2021-02-13,LIG,1080,508,572,797,280,3,ITC,ITC3,7,Liguria,Liguria,1550640,901388,58.13,0.07
2668,2021-06-07,LIG,15718,7670,8048,8621,7039,58,ITC,ITC3,7,Liguria,Liguria,1550640,917106,59.14,1.01
2669,2021-06-26,LIG,7230,3366,3864,4432,2724,74,ITC,ITC3,7,Liguria,Liguria,1550640,924336,59.61,0.47
2670,2021-07-10,LIG,6910,3486,3424,2726,4135,49,ITC,ITC3,7,Liguria,Liguria,1550640,931246,60.06,0.45
2671,2021-04-04,LIG,764,369,395,508,251,5,ITC,ITC3,7,Liguria,Liguria,1550640,932010,60.1,0.05
2672,2021-04-18,LIG,2619,1165,1454,2094,470,55,ITC,ITC3,7,Liguria,Liguria,1550640,934629,60.27,0.17
2673,2021-03-27,LIG,3935,1549,2386,2515,1397,23,ITC,ITC3,7,Liguria,Liguria,1550640,938564,60.53,0.25
2674,2021-07-05,LIG,11932,5778,6154,5304,6547,81,ITC,ITC3,7,Liguria,Liguria,1550640,950496,61.3,0.77
2675,2021-04-13,LIG,13089,5875,7214,10948,2029,112,ITC,ITC3,7,Liguria,Liguria,1550640,963585,62.14,0.84
2676,2021-02-18,LIG,2772,1128,1644,2425,339,8,ITC,ITC3,7,Liguria,Liguria,1550640,966357,62.32,0.18
2677,2021-05-14,LIG,13165,5872,7293,8639,4352,174,ITC,ITC3,7,Liguria,Liguria,1550640,979522,63.17,0.85
2678,2021-08-22,LIG,760,441,319,174,579,7,ITC,ITC3,7,Liguria,Liguria,1550640,980282,63.22,0.05
2679,2021-05-31,LIG,14735,7391,7344,9123,5529,83,ITC,ITC3,7,Liguria,Liguria,1550640,995017,64.17,0.95
2680,2021-03-09,LIG,5941,2757,3184,4450,1433,58,ITC,ITC3,7,Liguria,Liguria,1550640,1000958,64.55,0.38
2681,2021-02-20,LIG,1338,639,699,1335,1,2,ITC,ITC3,7,Liguria,Liguria,1550640,1002296,64.64,0.09
2682,2021-04-06,LIG,13267,5906,7361,10895,2265,107,ITC,ITC3,7,Liguria,Liguria,1550640,1015563,65.49,0.86
2683,2021-02-08,LIG,1983,744,1239,299,1684,0,ITC,ITC3,7,Liguria,Liguria,1550640,1017546,65.62,0.13
2684,2020-12-27,LIG,135,56,79,134,0,1,ITC,ITC3,7,Liguria,Liguria,1550640,1017681,65.63,0.01
2685,2021-07-27,LIG,17443,8887,8556,4356,13005,82,ITC,ITC3,7,Liguria,Liguria,1550640,1035124,66.75,1.12
2686,2021-01-08,LIG,2941,1002,1939,2939,0,2,ITC,ITC3,7,Liguria,Liguria,1550640,1038065,66.94,0.19
2687,2021-01-27,LIG,1749,604,1145,139,1609,1,ITC,ITC3,7,Liguria,Liguria,1550640,1039814,67.06,0.11
2688,2021-05-21,LIG,12872,5967,6905,9604,3135,133,ITC,ITC3,7,Liguria,Liguria,1550640,1052686,67.89,0.83
2689,2021-07-12,LIG,13462,6466,6996,4150,9243,69,ITC,ITC3,7,Liguria,Liguria,1550640,1066148,68.76,0.87
2690,2021-01-10,LIG,651,264,387,647,0,4,ITC,ITC3,7,Liguria,Liguria,1550640,1066799,68.8,0.04
2691,2021-04-20,LIG,14251,6522,7729,9742,4358,151,ITC,ITC3,7,Liguria,Liguria,1550640,1081050,69.72,0.92
2692,2021-08-21,LIG,3067,1669,1398,903,2119,45,ITC,ITC3,7,Liguria,Liguria,1550640,1084117,69.91,0.2
2693,2021-05-13,LIG,13328,6093,7235,8895,4273,160,ITC,ITC3,7,Liguria,Liguria,1550640,1097445,70.77,0.86
2694,2021-02-19,LIG,3223,1307,1916,3033,176,14,ITC,ITC3,7,Liguria,Liguria,1550640,1100668,70.98,0.21
2695,2021-05-30,LIG,3309,1616,1693,1339,1947,23,ITC,ITC3,7,Liguria,Liguria,1550640,1103977,71.19,0.21
2696,2021-08-23,LIG,10568,5514,5054,3538,6925,105,ITC,ITC3,7,Liguria,Liguria,1550640,1114545,71.88,0.68
2697,2021-06-01,LIG,16355,8237,8118,10915,5376,64,ITC,ITC3,7,Liguria,Liguria,1550640,1130900,72.93,1.05
2698,2021-09-09,LIG,7721,4128,3593,2546,5076,99,ITC,ITC3,7,Liguria,Liguria,1550640,1138621,73.43,0.5
2699,2021-06-18,LIG,15427,7509,7918,8115,7225,87,ITC,ITC3,7,Liguria,Liguria,1550640,1154048,74.42,0.99
2700,2021-03-10,LIG,5924,2868,3056,3952,1917,55,ITC,ITC3,7,Liguria,Liguria,1550640,1159972,74.81,0.38
2701,2021-08-17,LIG,9853,5171,4682,3643,6114,96,ITC,ITC3,7,Liguria,Liguria,1550640,1169825,75.44,0.64
2702,2021-03-04,LIG,4742,2118,2624,3840,847,55,ITC,ITC3,7,Liguria,Liguria,1550640,1174567,75.75,0.31
2703,2021-06-12,LIG,10264,4993,5271,7447,2760,57,ITC,ITC3,7,Liguria,Liguria,1550640,1184831,76.41,0.66
2704,2021-04-30,LIG,14440,6452,7988,5773,8580,87,ITC,ITC3,7,Liguria,Liguria,1550640,1199271,77.34,0.93
2705,2021-03-06,LIG,3306,1842,1464,2581,705,20,ITC,ITC3,7,Liguria,Liguria,1550640,1202577,77.55,0.21
2706,2021-08-07,LIG,5203,2658,2545,1123,4057,23,ITC,ITC3,7,Liguria,Liguria,1550640,1207780,77.89,0.34
2707,2021-05-16,LIG,3712,1863,1849,2118,1567,27,ITC,ITC3,7,Liguria,Liguria,1550640,1211492,78.13,0.24
2708,2021-08-24,LIG,8734,4529,4205,2907,5737,90,ITC,ITC3,7,Liguria,Liguria,1550640,1220226,78.69,0.56
2709,2021-02-22,LIG,3349,1479,1870,3197,143,9,ITC,ITC3,7,Liguria,Liguria,1550640,1223575,78.91,0.22
2710,2021-02-15,LIG,2264,839,1425,1853,399,12,ITC,ITC3,7,Liguria,Liguria,1550640,1225839,79.05,0.15
2711,2021-01-03,LIG,738,233,505,736,0,2,ITC,ITC3,7,Liguria,Liguria,1550640,1226577,79.1,0.05
2712,2021-02-27,LIG,1888,921,967,1755,129,4,ITC,ITC3,7,Liguria,Liguria,1550640,1228465,79.22,0.12
2713,2021-02-10,LIG,2325,840,1485,1017,1305,3,ITC,ITC3,7,Liguria,Liguria,1550640,1230790,79.37,0.15
2714,2021-08-14,LIG,3211,1717,1494,896,2297,18,ITC,ITC3,7,Liguria,Liguria,1550640,1234001,79.58,0.21
2715,2021-03-18,LIG,4991,2125,2866,1978,2983,30,ITC,ITC3,7,Liguria,Liguria,1550640,1238992,79.9,0.32
2716,2021-04-01,LIG,12442,5520,6922,9588,2776,78,ITC,ITC3,7,Liguria,Liguria,1550640,1251434,80.7,0.8
2717,2021-08-31,LIG,9550,5048,4502,2655,6838,57,ITC,ITC3,7,Liguria,Liguria,1550640,1260984,81.32,0.62
2718,2021-05-23,LIG,2310,1121,1189,1172,1124,14,ITC,ITC3,7,Liguria,Liguria,1550640,1263294,81.47,0.15
2719,2021-03-01,LIG,3541,1447,2094,3386,136,19,ITC,ITC3,7,Liguria,Liguria,1550640,1266835,81.7,0.23
2720,2021-06-09,LIG,19104,9589,9515,12444,6587,73,ITC,ITC3,7,Liguria,Liguria,1550640,1285939,82.93,1.23
2721,2021-02-06,LIG,1892,768,1124,145,1747,0,ITC,ITC3,7,Liguria,Liguria,1550640,1287831,83.05,0.12
2722,2021-09-05,LIG,1014,569,445,271,738,5,ITC,ITC3,7,Liguria,Liguria,1550640,1288845,83.12,0.07
2723,2021-07-26,LIG,17683,9023,8660,4717,12859,107,ITC,ITC3,7,Liguria,Liguria,1550640,1306528,84.26,1.14
2724,2021-01-07,LIG,3226,1096,2130,3223,0,3,ITC,ITC3,7,Liguria,Liguria,1550640,1309754,84.47,0.21
2725,2021-06-13,LIG,5643,2706,2937,5135,456,52,ITC,ITC3,7,Liguria,Liguria,1550640,1315397,84.83,0.36
2726,2021-04-17,LIG,7393,3219,4174,6580,755,58,ITC,ITC3,7,Liguria,Liguria,1550640,1322790,85.31,0.48
2727,2021-05-01,LIG,7152,3260,3892,1314,5808,30,ITC,ITC3,7,Liguria,Liguria,1550640,1329942,85.77,0.46
2728,2021-03-05,LIG,4876,2155,2721,3692,1137,47,ITC,ITC3,7,Liguria,Liguria,1550640,1334818,86.08,0.31
2729,2021-08-09,LIG,12002,6105,5897,4347,7529,126,ITC,ITC3,7,Liguria,Liguria,1550640,1346820,86.86,0.77
2730,2021-04-03,LIG,5410,2500,2910,4435,944,31,ITC,ITC3,7,Liguria,Liguria,1550640,1352230,87.2,0.35
2731,2021-01-24,LIG,762,242,520,116,646,0,ITC,ITC3,7,Liguria,Liguria,1550640,1352992,87.25,0.05
2732,2021-06-27,LIG,1950,895,1055,681,1253,16,ITC,ITC3,7,Liguria,Liguria,1550640,1354942,87.38,0.13
2733,2021-02-12,LIG,1941,691,1250,896,1044,1,ITC,ITC3,7,Liguria,Liguria,1550640,1356883,87.5,0.13
2734,2021-08-16,LIG,9916,5130,4786,3767,6048,101,ITC,ITC3,7,Liguria,Liguria,1550640,1366799,88.14,0.64
2735,2021-03-15,LIG,7371,3123,4248,4502,2822,47,ITC,ITC3,7,Liguria,Liguria,1550640,1374170,88.62,0.48
2736,2021-06-06,LIG,3814,2032,1782,2936,862,16,ITC,ITC3,7,Liguria,Liguria,1550640,1377984,88.87,0.25
2737,2021-04-24,LIG,8221,3798,4423,4984,3155,82,ITC,ITC3,7,Liguria,Liguria,1550640,1386205,89.4,0.53
2738,2021-02-26,LIG,3772,1526,2246,3418,329,25,ITC,ITC3,7,Liguria,Liguria,1550640,1389977,89.64,0.24
2739,2021-08-02,LIG,13110,6516,6594,2971,10057,82,ITC,ITC3,7,Liguria,Liguria,1550640,1403087,90.48,0.85
2740,2021-06-20,LIG,1336,658,678,1045,275,16,ITC,ITC3,7,Liguria,Liguria,1550640,1404423,90.57,0.09
2741,2021-07-19,LIG,12112,6037,6075,3328,8700,84,ITC,ITC3,7,Liguria,Liguria,1550640,1416535,91.35,0.78
2742,2021-08-05,LIG,14253,7363,6890,4113,10052,88,ITC,ITC3,7,Liguria,Liguria,1550640,1430788,92.27,0.92
2743,2021-04-27,LIG,14824,6701,8123,7145,7612,67,ITC,ITC3,7,Liguria,Liguria,1550640,1445612,93.23,0.96
2744,2021-02-03,LIG,2319,792,1527,51,2268,0,ITC,ITC3,7,Liguria,Liguria,1550640,1447931,93.38,0.15
2745,2021-07-21,LIG,19211,9522,9689,3806,15325,80,ITC,ITC3,7,Liguria,Liguria,1550640,1467142,94.62,1.24
2746,2021-01-22,LIG,1828,606,1222,1337,489,2,ITC,ITC3,7,Liguria,Liguria,1550640,1468970,94.73,0.12
2747,2021-05-02,LIG,3981,1837,2144,503,3472,6,ITC,ITC3,7,Liguria,Liguria,1550640,1472951,94.99,0.26
2748,2021-05-04,LIG,13662,6095,7567,5361,8235,66,ITC,ITC3,7,Liguria,Liguria,1550640,1486613,95.87,0.88
2749,2021-08-12,LIG,12537,6448,6089,4597,7849,91,ITC,ITC3,7,Liguria,Liguria,1550640,1499150,96.68,0.81
2750,2021-05-09,LIG,2827,1245,1582,1085,1712,30,ITC,ITC3,7,Liguria,Liguria,1550640,1501977,96.86,0.18
2751,2021-09-02,LIG,8453,4505,3948,2853,5518,82,ITC,ITC3,7,Liguria,Liguria,1550640,1510430,97.41,0.55
2752,2021-06-08,LIG,18128,9044,9084,11393,6653,82,ITC,ITC3,7,Liguria,Liguria,1550640,1528558,98.58,1.17
2753,2021-03-17,LIG,5559,2371,3188,2455,3085,19,ITC,ITC3,7,Liguria,Liguria,1550640,1534117,98.93,0.36
2754,2021-06-25,LIG,13848,6621,7227,6855,6921,72,ITC,ITC3,7,Liguria,Liguria,1550640,1547965,99.83,0.89
2755,2021-07-14,LIG,11525,5674,5851,3412,8039,74,ITC,ITC3,7,Liguria,Liguria,1550640,1559490,100.57,0.74
2756,2021-07-28,LIG,18483,9521,8962,5799,12552,132,ITC,ITC3,7,Liguria,Liguria,1550640,1577973,101.76,1.19
2757,2021-05-06,LIG,14540,6446,8094,6071,8340,129,ITC,ITC3,7,Liguria,Liguria,1550640,1592513,102.7,0.94
2758,2021-01-26,LIG,2490,809,1681,16,2474,0,ITC,ITC3,7,Liguria,Liguria,1550640,1595003,102.86,0.16
2759,2021-06-11,LIG,17873,9100,8773,11723,6082,68,ITC,ITC3,7,Liguria,Liguria,1550640,1612876,104.01,1.15
2760,2021-04-15,LIG,11854,5242,6612,9891,1859,104,ITC,ITC3,7,Liguria,Liguria,1550640,1624730,104.78,0.76
2761,2021-04-08,LIG,13798,6184,7614,11614,2049,135,ITC,ITC3,7,Liguria,Liguria,1550640,1638528,105.67,0.89
2762,2021-09-12,LIG,87,49,38,45,41,1,ITC,ITC3,7,Liguria,Liguria,1550640,1638615,105.67,0.01
2763,2021-07-17,LIG,6514,3359,3155,1800,4696,18,ITC,ITC3,7,Liguria,Liguria,1550640,1645129,106.09,0.42
2764,2021-07-31,LIG,8265,4413,3852,1310,6927,28,ITC,ITC3,7,Liguria,Liguria,1550640,1653394,106.63,0.53
2765,2021-06-04,LIG,14800,7267,7533,9225,5500,75,ITC,ITC3,7,Liguria,Liguria,1550640,1668194,107.58,0.95
2766,2021-01-29,LIG,3101,1070,2031,63,3038,0,ITC,ITC3,7,Liguria,Liguria,1550640,1671295,107.78,0.2
2767,2021-01-20,LIG,1560,557,1003,1547,12,1,ITC,ITC3,7,Liguria,Liguria,1550640,1672855,107.88,0.1
2768,2021-08-19,LIG,9828,5173,4655,2715,7013,100,ITC,ITC3,7,Liguria,Liguria,1550640,1682683,108.52,0.63
2769,2021-07-09,LIG,12847,6333,6514,4176,8594,77,ITC,ITC3,7,Liguria,Liguria,1550640,1695530,109.34,0.83
2770,2021-04-05,LIG,3985,1757,2228,2313,1651,21,ITC,ITC3,7,Liguria,Liguria,1550640,1699515,109.6,0.26
2771,2021-04-29,LIG,15593,6983,8610,6643,8856,94,ITC,ITC3,7,Liguria,Liguria,1550640,1715108,110.61,1.01
2772,2021-04-12,LIG,12395,5479,6916,10277,2022,96,ITC,ITC3,7,Liguria,Liguria,1550640,1727503,111.41,0.8
2773,2021-01-19,LIG,1375,440,935,1281,90,4,ITC,ITC3,7,Liguria,Liguria,1550640,1728878,111.49,0.09
2774,2021-02-05,LIG,2740,994,1746,299,2440,1,ITC,ITC3,7,Liguria,Liguria,1550640,1731618,111.67,0.18
2775,2021-03-24,LIG,9194,4039,5155,5820,3292,82,ITC,ITC3,7,Liguria,Liguria,1550640,1740812,112.26,0.59
2776,2021-07-02,LIG,12995,6375,6620,6370,6524,101,ITC,ITC3,7,Liguria,Liguria,1550640,1753807,113.1,0.84
2777,2020-12-31,LIG,990,352,638,990,0,0,ITC,ITC3,7,Liguria,Liguria,1550640,1754797,113.17,0.06
2778,2021-04-10,LIG,7893,3564,4329,6904,914,75,ITC,ITC3,7,Liguria,Liguria,1550640,1762690,113.67,0.51
2779,2021-01-17,LIG,866,301,565,865,0,1,ITC,ITC3,7,Liguria,Liguria,1550640,1763556,113.73,0.06
2780,2021-07-16,LIG,12632,6225,6407,3141,9436,55,ITC,ITC3,7,Liguria,Liguria,1550640,1776188,114.55,0.81
2781,2021-09-11,LIG,1771,951,820,674,1082,15,ITC,ITC3,7,Liguria,Liguria,1550640,1777959,114.66,0.11
2782,2021-05-11,LIG,13943,6400,7543,7199,6632,112,ITC,ITC3,7,Liguria,Liguria,1550640,1791902,115.56,0.9
2783,2021-03-29,LIG,10594,4629,5965,7364,3135,95,ITC,ITC3,7,Liguria,Liguria,1550640,1802496,116.24,0.68
2784,2021-01-31,LIG,625,271,354,4,621,0,ITC,ITC3,7,Liguria,Liguria,1550640,1803121,116.28,0.04
2785,2021-07-07,LIG,11803,5652,6151,4926,6801,76,ITC,ITC3,7,Liguria,Liguria,1550640,1814924,117.04,0.76
2786,2021-02-17,LIG,2701,1185,1516,2254,435,12,ITC,ITC3,7,Liguria,Liguria,1550640,1817625,117.22,0.17
2787,2021-07-24,LIG,11609,6039,5570,2307,9248,54,ITC,ITC3,7,Liguria,Liguria,1550640,1829234,117.97,0.75
2788,2021-05-28,LIG,16324,8157,8167,11619,4560,145,ITC,ITC3,7,Liguria,Liguria,1550640,1845558,119.02,1.05
2789,2021-01-05,LIG,2880,896,1984,2880,0,0,ITC,ITC3,7,Liguria,Liguria,1550640,1848438,119.2,0.19
2790,2021-03-03,LIG,4586,1850,2736,3446,1030,110,ITC,ITC3,7,Liguria,Liguria,1550640,1853024,119.5,0.3
2791,2021-08-04,LIG,13861,6978,6883,3253,10500,108,ITC,ITC3,7,Liguria,Liguria,1550640,1866885,120.39,0.89
2792,2021-02-24,LIG,3769,1562,2207,3458,259,52,ITC,ITC3,7,Liguria,Liguria,1550640,1870654,120.64,0.24
2793,2020-12-29,LIG,125,33,92,125,0,0,ITC,ITC3,7,Liguria,Liguria,1550640,1870779,120.65,0.01
2794,2021-01-12,LIG,2476,890,1586,2475,0,1,ITC,ITC3,7,Liguria,Liguria,1550640,1873255,120.81,0.16
2795,2021-04-22,LIG,13881,6217,7664,8657,5090,134,ITC,ITC3,7,Liguria,Liguria,1550640,1887136,121.7,0.9
2796,2021-04-23,LIG,14698,6653,8045,8459,6130,109,ITC,ITC3,7,Liguria,Liguria,1550640,1901834,122.65,0.95
2797,2021-03-11,LIG,6424,3103,3321,4359,2014,51,ITC,ITC3,7,Liguria,Liguria,1550640,1908258,123.06,0.41
2798,2021-01-13,LIG,2760,1016,1744,2759,0,1,ITC,ITC3,7,Liguria,Liguria,1550640,1911018,123.24,0.18
2799,2021-01-04,LIG,2625,857,1768,2624,0,1,ITC,ITC3,7,Liguria,Liguria,1550640,1913643,123.41,0.17
2800,2021-08-03,LIG,14138,7221,6917,3976,10069,93,ITC,ITC3,7,Liguria,Liguria,1550640,1927781,124.32,0.91
2801,2021-06-21,LIG,14853,7043,7810,8511,6260,82,ITC,ITC3,7,Liguria,Liguria,1550640,1942634,125.28,0.96
2802,2021-04-16,LIG,12013,5296,6717,10023,1833,157,ITC,ITC3,7,Liguria,Liguria,1550640,1954647,126.05,0.77
2803,2021-01-06,LIG,1666,618,1048,1663,0,3,ITC,ITC3,7,Liguria,Liguria,1550640,1956313,126.16,0.11
2804,2021-06-28,LIG,11628,5627,6001,7218,4315,95,ITC,ITC3,7,Liguria,Liguria,1550640,1967941,126.91,0.75
2805,2021-03-20,LIG,2317,995,1322,1130,1174,13,ITC,ITC3,7,Liguria,Liguria,1550640,1970258,127.06,0.15
2806,2021-08-26,LIG,9052,4738,4314,2624,6358,70,ITC,ITC3,7,Liguria,Liguria,1550640,1979310,127.64,0.58
2807,2021-06-30,LIG,15099,7204,7895,8183,6824,92,ITC,ITC3,7,Liguria,Liguria,1550640,1994409,128.62,0.97
2808,2021-01-15,LIG,2264,756,1508,2259,0,5,ITC,ITC3,7,Liguria,Liguria,1550640,1996673,128.76,0.15
2809,2021-04-25,LIG,1936,921,1015,1509,415,12,ITC,ITC3,7,Liguria,Liguria,1550640,1998609,128.89,0.12
2810,2021-03-13,LIG,3853,1638,2215,2964,859,30,ITC,ITC3,7,Liguria,Liguria,1550640,2002462,129.14,0.25
2811,2021-06-23,LIG,14353,6868,7485,9059,5207,87,ITC,ITC3,7,Liguria,Liguria,1550640,2016815,130.06,0.93
2812,2021-02-14,LIG,233,122,111,233,0,0,ITC,ITC3,7,Liguria,Liguria,1550640,2017048,130.08,0.02
2813,2021-05-25,LIG,14279,6959,7320,10958,3195,126,ITC,ITC3,7,Liguria,Liguria,1550640,2031327,131.0,0.92
2814,2021-09-04,LIG,3019,1684,1335,879,2114,26,ITC,ITC3,7,Liguria,Liguria,1550640,2034346,131.19,0.19
2815,2021-03-22,LIG,7760,3476,4284,4745,2943,72,ITC,ITC3,7,Liguria,Liguria,1550640,2042106,131.69,0.5
2816,2021-02-07,LIG,407,153,254,2,405,0,ITC,ITC3,7,Liguria,Liguria,1550640,2042513,131.72,0.03
2817,2021-05-18,LIG,13499,6135,7364,10056,3316,127,ITC,ITC3,7,Liguria,Liguria,1550640,2056012,132.59,0.87
2818,2021-08-28,LIG,4130,2337,1793,1007,3098,25,ITC,ITC3,7,Liguria,Liguria,1550640,2060142,132.86,0.27
2819,2021-05-20,LIG,12952,6010,6942,8791,4040,121,ITC,ITC3,7,Liguria,Liguria,1550640,2073094,133.69,0.84
2820,2021-06-17,VEN,51768,25937,25831,25554,25066,1148,ITH,ITH3,5,Veneto,Veneto,4905854,51768,1.06,1.06
2821,2021-03-09,VEN,16566,7459,9107,9828,6338,400,ITH,ITH3,5,Veneto,Veneto,4905854,68334,1.39,0.34
2822,2021-09-08,VEN,27768,14661,13107,5246,21723,799,ITH,ITH3,5,Veneto,Veneto,4905854,96102,1.96,0.57
2823,2021-05-31,VEN,31656,16247,15409,20889,9936,831,ITH,ITH3,5,Veneto,Veneto,4905854,127758,2.6,0.65
2824,2021-03-26,VEN,29619,13164,16455,23281,5469,869,ITH,ITH3,5,Veneto,Veneto,4905854,157377,3.21,0.6
2825,2021-08-13,VEN,24458,13831,10627,18314,5372,772,ITH,ITH3,5,Veneto,Veneto,4905854,181835,3.71,0.5
2826,2021-08-27,VEN,26752,14313,12439,8255,17917,580,ITH,ITH3,5,Veneto,Veneto,4905854,208587,4.25,0.55
2827,2021-05-05,VEN,44416,21282,23134,36224,6563,1629,ITH,ITH3,5,Veneto,Veneto,4905854,253003,5.16,0.91
2828,2021-07-01,VEN,51012,26057,24955,20697,29308,1007,ITH,ITH3,5,Veneto,Veneto,4905854,304015,6.2,1.04
2829,2021-07-13,VEN,43577,22615,20962,5422,37846,309,ITH,ITH3,5,Veneto,Veneto,4905854,347592,7.09,0.89
2830,2021-04-04,VEN,7790,3535,4255,6514,1148,128,ITH,ITH3,5,Veneto,Veneto,4905854,355382,7.24,0.16
2831,2021-07-27,VEN,42265,22181,20084,11789,30043,433,ITH,ITH3,5,Veneto,Veneto,4905854,397647,8.11,0.86
2832,2021-08-01,VEN,27915,14943,12972,11050,16355,510,ITH,ITH3,5,Veneto,Veneto,4905854,425562,8.67,0.57
2833,2021-04-23,VEN,31321,13862,17459,21443,8711,1167,ITH,ITH3,5,Veneto,Veneto,4905854,456883,9.31,0.64
2834,2021-01-11,VEN,7244,2102,5142,7243,0,1,ITH,ITH3,5,Veneto,Veneto,4905854,464127,9.46,0.15
2835,2021-04-21,VEN,32409,13205,19204,15566,16065,778,ITH,ITH3,5,Veneto,Veneto,4905854,496536,10.12,0.66
2836,2021-05-22,VEN,34845,16711,18134,12720,21453,672,ITH,ITH3,5,Veneto,Veneto,4905854,531381,10.83,0.71
2837,2021-02-11,VEN,4015,1238,2777,3349,628,38,ITH,ITH3,5,Veneto,Veneto,4905854,535396,10.91,0.08
2838,2021-01-28,VEN,9216,2666,6550,169,9045,2,ITH,ITH3,5,Veneto,Veneto,4905854,544612,11.1,0.19
2839,2021-05-17,VEN,26553,13002,13551,15650,10079,824,ITH,ITH3,5,Veneto,Veneto,4905854,571165,11.64,0.54
2840,2021-02-06,VEN,4099,1354,2745,708,3391,0,ITH,ITH3,5,Veneto,Veneto,4905854,575264,11.73,0.08
2841,2021-08-25,VEN,20066,10885,9181,8028,11457,581,ITH,ITH3,5,Veneto,Veneto,4905854,595330,12.14,0.41
2842,2021-02-23,VEN,7384,3253,4131,7028,270,86,ITH,ITH3,5,Veneto,Veneto,4905854,602714,12.29,0.15
2843,2021-01-23,VEN,4057,1250,2807,31,4026,0,ITH,ITH3,5,Veneto,Veneto,4905854,606771,12.37,0.08
2844,2021-06-29,VEN,45584,22738,22846,19051,25845,688,ITH,ITH3,5,Veneto,Veneto,4905854,652355,13.3,0.93
2845,2021-03-21,VEN,11992,4756,7236,8286,3466,240,ITH,ITH3,5,Veneto,Veneto,4905854,664347,13.54,0.24
2846,2021-01-16,VEN,4612,1542,3070,4612,0,0,ITH,ITH3,5,Veneto,Veneto,4905854,668959,13.64,0.09
2847,2021-07-18,VEN,37722,19763,17959,3847,33625,250,ITH,ITH3,5,Veneto,Veneto,4905854,706681,14.4,0.77
2848,2021-02-25,VEN,7904,3345,4559,7158,607,139,ITH,ITH3,5,Veneto,Veneto,4905854,714585,14.57,0.16
2849,2021-04-09,VEN,31205,13767,17438,21912,8350,943,ITH,ITH3,5,Veneto,Veneto,4905854,745790,15.2,0.64
2850,2021-06-05,VEN,46877,24146,22731,37316,8104,1457,ITH,ITH3,5,Veneto,Veneto,4905854,792667,16.16,0.96
2851,2021-03-28,VEN,31315,13610,17705,26883,3615,817,ITH,ITH3,5,Veneto,Veneto,4905854,823982,16.8,0.64
2852,2021-06-19,VEN,49308,25084,24224,25678,22599,1031,ITH,ITH3,5,Veneto,Veneto,4905854,873290,17.8,1.01
2853,2021-07-06,VEN,36155,18628,17527,13206,22314,635,ITH,ITH3,5,Veneto,Veneto,4905854,909445,18.54,0.74
2854,2021-04-14,VEN,15946,6917,9029,8768,6634,544,ITH,ITH3,5,Veneto,Veneto,4905854,925391,18.86,0.33
2855,2021-01-04,VEN,6740,2037,4703,6738,0,2,ITH,ITH3,5,Veneto,Veneto,4905854,932131,19.0,0.14
2856,2021-05-12,VEN,37002,17913,19089,30249,5128,1625,ITH,ITH3,5,Veneto,Veneto,4905854,969133,19.75,0.75
2857,2021-07-08,VEN,46732,24317,22415,4506,41925,301,ITH,ITH3,5,Veneto,Veneto,4905854,1015865,20.71,0.95
2858,2021-06-24,VEN,56224,28475,27749,17635,37902,687,ITH,ITH3,5,Veneto,Veneto,4905854,1072089,21.85,1.15
2859,2021-03-16,VEN,12538,5358,7180,6633,5626,279,ITH,ITH3,5,Veneto,Veneto,4905854,1084627,22.11,0.26
2860,2021-08-20,VEN,19462,10543,8919,11295,7580,587,ITH,ITH3,5,Veneto,Veneto,4905854,1104089,22.51,0.4
2861,2021-09-01,VEN,21011,10749,10262,7624,12633,754,ITH,ITH3,5,Veneto,Veneto,4905854,1125100,22.93,0.43
2862,2021-05-24,VEN,33093,16435,16658,7630,25054,409,ITH,ITH3,5,Veneto,Veneto,4905854,1158193,23.61,0.67
2863,2021-08-15,VEN,3106,1763,1343,2617,426,63,ITH,ITH3,5,Veneto,Veneto,4905854,1161299,23.67,0.06
2864,2021-01-09,VEN,7937,2539,5398,7932,0,5,ITH,ITH3,5,Veneto,Veneto,4905854,1169236,23.83,0.16
2865,2021-03-18,VEN,12626,5145,7481,7037,5236,353,ITH,ITH3,5,Veneto,Veneto,4905854,1181862,24.09,0.26
2866,2021-02-16,VEN,6644,2870,3774,6439,176,29,ITH,ITH3,5,Veneto,Veneto,4905854,1188506,24.23,0.14
2867,2021-05-29,VEN,33067,16702,16365,24244,7700,1123,ITH,ITH3,5,Veneto,Veneto,4905854,1221573,24.9,0.67
2868,2021-02-18,VEN,5833,2456,3377,5730,64,39,ITH,ITH3,5,Veneto,Veneto,4905854,1227406,25.02,0.12
2869,2021-07-25,VEN,33203,17544,15659,10847,21891,465,ITH,ITH3,5,Veneto,Veneto,4905854,1260609,25.7,0.68
2870,2021-04-16,VEN,24472,10504,13968,11894,11894,684,ITH,ITH3,5,Veneto,Veneto,4905854,1285081,26.19,0.5
2871,2021-08-06,VEN,38338,20926,17412,19878,17592,868,ITH,ITH3,5,Veneto,Veneto,4905854,1323419,26.98,0.78
2872,2021-04-28,VEN,32466,15198,17268,22250,9024,1192,ITH,ITH3,5,Veneto,Veneto,4905854,1355885,27.64,0.66
2873,2021-07-20,VEN,44379,23691,20688,6880,36991,508,ITH,ITH3,5,Veneto,Veneto,4905854,1400264,28.54,0.9
2874,2021-01-18,VEN,2766,778,1988,2560,201,5,ITH,ITH3,5,Veneto,Veneto,4905854,1403030,28.6,0.06
2875,2021-02-04,VEN,7397,2029,5368,550,6846,1,ITH,ITH3,5,Veneto,Veneto,4905854,1410427,28.75,0.15
2876,2021-08-08,VEN,20529,11402,9127,10675,9544,310,ITH,ITH3,5,Veneto,Veneto,4905854,1430956,29.17,0.42
2877,2021-03-02,VEN,11498,4628,6870,7935,3312,251,ITH,ITH3,5,Veneto,Veneto,4905854,1442454,29.4,0.23
2878,2021-06-10,VEN,52410,27043,25367,41325,9382,1703,ITH,ITH3,5,Veneto,Veneto,4905854,1494864,30.47,1.07
2879,2021-04-02,VEN,24121,10635,13486,17146,6332,643,ITH,ITH3,5,Veneto,Veneto,4905854,1518985,30.96,0.49
2880,2021-03-14,VEN,15187,5945,9242,13844,894,449,ITH,ITH3,5,Veneto,Veneto,4905854,1534172,31.27,0.31
2881,2021-05-10,VEN,36519,17087,19432,25416,9856,1247,ITH,ITH3,5,Veneto,Veneto,4905854,1570691,32.02,0.74
2882,2021-01-30,VEN,8764,2680,6084,690,8074,0,ITH,ITH3,5,Veneto,Veneto,4905854,1579455,32.2,0.18
2883,2021-03-07,VEN,4494,1768,2726,3862,560,72,ITH,ITH3,5,Veneto,Veneto,4905854,1583949,32.29,0.09
2884,2021-06-12,VEN,48706,24503,24203,36404,10833,1469,ITH,ITH3,5,Veneto,Veneto,4905854,1632655,33.28,0.99
2885,2021-08-22,VEN,9246,5043,4203,5860,3107,279,ITH,ITH3,5,Veneto,Veneto,4905854,1641901,33.47,0.19
2886,2021-05-14,VEN,46830,22275,24555,24284,20960,1586,ITH,ITH3,5,Veneto,Veneto,4905854,1688731,34.42,0.95
2887,2021-02-20,VEN,6433,2019,4414,6277,75,81,ITH,ITH3,5,Veneto,Veneto,4905854,1695164,34.55,0.13
2888,2021-06-02,VEN,20318,10239,10079,15347,4347,624,ITH,ITH3,5,Veneto,Veneto,4905854,1715482,34.97,0.41
2889,2021-08-24,VEN,19895,10608,9287,8898,10462,535,ITH,ITH3,5,Veneto,Veneto,4905854,1735377,35.37,0.41
2890,2021-09-10,VEN,28109,15490,12619,4292,23389,428,ITH,ITH3,5,Veneto,Veneto,4905854,1763486,35.95,0.57
2891,2021-06-26,VEN,48092,24519,23573,13595,34007,490,ITH,ITH3,5,Veneto,Veneto,4905854,1811578,36.93,0.98
2892,2021-05-07,VEN,48653,23311,25342,37606,8683,2364,ITH,ITH3,5,Veneto,Veneto,4905854,1860231,37.92,0.99
2893,2021-01-27,VEN,7149,2069,5080,239,6909,1,ITH,ITH3,5,Veneto,Veneto,4905854,1867380,38.06,0.15
2894,2021-08-05,VEN,39252,21446,17806,15714,22935,603,ITH,ITH3,5,Veneto,Veneto,4905854,1906632,38.86,0.8
2895,2021-04-18,VEN,17531,7262,10269,9506,7567,458,ITH,ITH3,5,Veneto,Veneto,4905854,1924163,39.22,0.36
2896,2021-01-08,VEN,9416,2837,6579,9402,0,14,ITH,ITH3,5,Veneto,Veneto,4905854,1933579,39.41,0.19
2897,2021-04-30,VEN,50267,23621,26646,33164,15673,1430,ITH,ITH3,5,Veneto,Veneto,4905854,1983846,40.44,1.02
2898,2021-01-20,VEN,1039,368,671,387,652,0,ITH,ITH3,5,Veneto,Veneto,4905854,1984885,40.46,0.02
2899,2021-03-23,VEN,22229,10249,11980,16868,4718,643,ITH,ITH3,5,Veneto,Veneto,4905854,2007114,40.91,0.45
2900,2021-05-19,VEN,33161,15186,17975,16226,15995,940,ITH,ITH3,5,Veneto,Veneto,4905854,2040275,41.59,0.68
2901,2021-02-08,VEN,5007,1559,3448,1923,3078,6,ITH,ITH3,5,Veneto,Veneto,4905854,2045282,41.69,0.1
2902,2021-04-06,VEN,29033,13367,15666,23258,5046,729,ITH,ITH3,5,Veneto,Veneto,4905854,2074315,42.28,0.59
2903,2021-05-03,VEN,40711,19812,20899,32801,6439,1471,ITH,ITH3,5,Veneto,Veneto,4905854,2115026,43.11,0.83
2904,2021-05-28,VEN,46965,22978,23987,23674,22081,1210,ITH,ITH3,5,Veneto,Veneto,4905854,2161991,44.07,0.96
2905,2021-07-24,VEN,41708,22363,19345,13298,27774,636,ITH,ITH3,5,Veneto,Veneto,4905854,2203699,44.92,0.85
2906,2021-07-10,VEN,43198,23216,19982,6303,36542,353,ITH,ITH3,5,Veneto,Veneto,4905854,2246897,45.8,0.88
2907,2021-09-05,VEN,15189,8391,6798,3469,11428,292,ITH,ITH3,5,Veneto,Veneto,4905854,2262086,46.11,0.31
2908,2021-07-17,VEN,40612,21484,19128,4292,35975,345,ITH,ITH3,5,Veneto,Veneto,4905854,2302698,46.94,0.83
2909,2021-08-29,VEN,13395,7350,6045,4493,8578,324,ITH,ITH3,5,Veneto,Veneto,4905854,2316093,47.21,0.27
2910,2021-05-21,VEN,44864,22066,22798,19799,23957,1108,ITH,ITH3,5,Veneto,Veneto,4905854,2360957,48.13,0.91
2911,2021-03-11,VEN,19838,8893,10945,13795,5576,467,ITH,ITH3,5,Veneto,Veneto,4905854,2380795,48.53,0.4
2912,2021-04-27,VEN,28213,12798,15415,20132,6916,1165,ITH,ITH3,5,Veneto,Veneto,4905854,2409008,49.1,0.58
2913,2021-01-17,VEN,1933,781,1152,1584,349,0,ITH,ITH3,5,Veneto,Veneto,4905854,2410941,49.14,0.04
2914,2021-02-03,VEN,5955,1672,4283,474,5477,4,ITH,ITH3,5,Veneto,Veneto,4905854,2416896,49.27,0.12
2915,2021-08-07,VEN,28952,16294,12658,16333,12072,547,ITH,ITH3,5,Veneto,Veneto,4905854,2445848,49.86,0.59
2916,2021-04-29,VEN,50333,23414,26919,35407,13184,1742,ITH,ITH3,5,Veneto,Veneto,4905854,2496181,50.88,1.03
2917,2021-07-21,VEN,43279,22339,20940,8697,34084,498,ITH,ITH3,5,Veneto,Veneto,4905854,2539460,51.76,0.88
2918,2021-02-05,VEN,8391,2541,5850,1407,6975,9,ITH,ITH3,5,Veneto,Veneto,4905854,2547851,51.93,0.17
2919,2021-02-22,VEN,7019,3044,3975,6581,391,47,ITH,ITH3,5,Veneto,Veneto,4905854,2554870,52.08,0.14
2920,2021-05-16,VEN,28422,14015,14407,20316,7081,1025,ITH,ITH3,5,Veneto,Veneto,4905854,2583292,52.66,0.58
2921,2021-02-13,VEN,3267,1473,1794,3231,20,16,ITH,ITH3,5,Veneto,Veneto,4905854,2586559,52.72,0.07
2922,2021-09-03,VEN,32053,17159,14894,7543,23713,797,ITH,ITH3,5,Veneto,Veneto,4905854,2618612,53.38,0.65
2923,2021-06-09,VEN,42839,21972,20867,33778,7506,1555,ITH,ITH3,5,Veneto,Veneto,4905854,2661451,54.25,0.87
2924,2021-06-28,VEN,47674,24127,23547,18422,28548,704,ITH,ITH3,5,Veneto,Veneto,4905854,2709125,55.22,0.97
2925,2021-01-25,VEN,6472,2077,4395,157,6315,0,ITH,ITH3,5,Veneto,Veneto,4905854,2715597,55.35,0.13
2926,2021-07-29,VEN,47542,25133,22409,20154,26544,844,ITH,ITH3,5,Veneto,Veneto,4905854,2763139,56.32,0.97
2927,2021-07-15,VEN,51449,26924,24525,6033,45037,379,ITH,ITH3,5,Veneto,Veneto,4905854,2814588,57.37,1.05
2928,2021-04-20,VEN,22469,9509,12960,7881,14011,577,ITH,ITH3,5,Veneto,Veneto,4905854,2837057,57.83,0.46
2929,2021-08-17,VEN,19260,10462,8798,11207,7592,461,ITH,ITH3,5,Veneto,Veneto,4905854,2856317,58.22,0.39
2930,2021-05-09,VEN,35091,16145,18946,23789,10055,1247,ITH,ITH3,5,Veneto,Veneto,4905854,2891408,58.94,0.72
2931,2021-08-09,VEN,34770,18643,16127,17133,16864,773,ITH,ITH3,5,Veneto,Veneto,4905854,2926178,59.65,0.71
2932,2021-08-26,VEN,22322,11892,10430,8322,13393,607,ITH,ITH3,5,Veneto,Veneto,4905854,2948500,60.1,0.46
2933,2021-07-03,VEN,38706,20120,18586,11028,27103,575,ITH,ITH3,5,Veneto,Veneto,4905854,2987206,60.89,0.79
2934,2021-06-16,VEN,47798,23580,24218,25260,21441,1097,ITH,ITH3,5,Veneto,Veneto,4905854,3035004,61.86,0.97
2935,2021-01-01,VEN,1524,469,1055,1523,0,1,ITH,ITH3,5,Veneto,Veneto,4905854,3036528,61.9,0.03
2936,2021-03-25,VEN,25976,11063,14913,18970,6105,901,ITH,ITH3,5,Veneto,Veneto,4905854,3062504,62.43,0.53
2937,2021-04-11,VEN,21015,8878,12137,14228,6299,488,ITH,ITH3,5,Veneto,Veneto,4905854,3083519,62.85,0.43
2938,2021-07-22,VEN,48402,25129,23273,13314,34436,652,ITH,ITH3,5,Veneto,Veneto,4905854,3131921,63.84,0.99
2939,2021-04-13,VEN,14042,6330,7712,8055,5481,506,ITH,ITH3,5,Veneto,Veneto,4905854,3145963,64.13,0.29
2940,2021-07-05,VEN,39143,20285,18858,14147,24197,799,ITH,ITH3,5,Veneto,Veneto,4905854,3185106,64.92,0.8
2941,2021-02-17,VEN,6022,2772,3250,5900,94,28,ITH,ITH3,5,Veneto,Veneto,4905854,3191128,65.05,0.12
2942,2021-04-01,VEN,25405,11197,14208,18211,6414,780,ITH,ITH3,5,Veneto,Veneto,4905854,3216533,65.57,0.52
2943,2021-04-15,VEN,20942,8654,12288,9362,10833,747,ITH,ITH3,5,Veneto,Veneto,4905854,3237475,65.99,0.43
2944,2021-01-05,VEN,7335,2186,5149,7333,0,2,ITH,ITH3,5,Veneto,Veneto,4905854,3244810,66.14,0.15
2945,2021-05-26,VEN,31165,15234,15931,13987,16497,681,ITH,ITH3,5,Veneto,Veneto,4905854,3275975,66.78,0.64
2946,2021-08-31,VEN,19776,10451,9325,6983,12195,598,ITH,ITH3,5,Veneto,Veneto,4905854,3295751,67.18,0.4
2947,2021-03-01,VEN,9395,3717,5678,7410,1822,163,ITH,ITH3,5,Veneto,Veneto,4905854,3305146,67.37,0.19
2948,2021-07-12,VEN,43247,22782,20465,4013,38912,322,ITH,ITH3,5,Veneto,Veneto,4905854,3348393,68.25,0.88
2949,2021-04-03,VEN,21995,9647,12348,13867,7722,406,ITH,ITH3,5,Veneto,Veneto,4905854,3370388,68.7,0.45
2950,2021-09-02,VEN,22705,12125,10580,6096,15814,795,ITH,ITH3,5,Veneto,Veneto,4905854,3393093,69.16,0.46
2951,2021-03-03,VEN,12102,4648,7454,8389,3502,211,ITH,ITH3,5,Veneto,Veneto,4905854,3405195,69.41,0.25
2952,2021-06-11,VEN,47323,24621,22702,34711,11184,1428,ITH,ITH3,5,Veneto,Veneto,4905854,3452518,70.38,0.96
2953,2021-06-25,VEN,51724,26168,25556,15076,36007,641,ITH,ITH3,5,Veneto,Veneto,4905854,3504242,71.43,1.05
2954,2020-12-31,VEN,3221,1042,2179,3221,0,0,ITH,ITH3,5,Veneto,Veneto,4905854,3507463,71.5,0.07
2955,2021-07-04,VEN,33886,17580,16306,14991,18289,606,ITH,ITH3,5,Veneto,Veneto,4905854,3541349,72.19,0.69
2956,2021-04-12,VEN,14920,6346,8574,6397,8219,304,ITH,ITH3,5,Veneto,Veneto,4905854,3556269,72.49,0.3
2957,2021-01-02,VEN,5742,1766,3976,5741,0,1,ITH,ITH3,5,Veneto,Veneto,4905854,3562011,72.61,0.12
2958,2021-01-19,VEN,1313,475,838,1163,149,1,ITH,ITH3,5,Veneto,Veneto,4905854,3563324,72.63,0.03
2959,2021-07-23,VEN,44497,23460,21037,15138,28786,573,ITH,ITH3,5,Veneto,Veneto,4905854,3607821,73.54,0.91
2960,2021-05-01,VEN,38877,18252,20625,28711,8929,1237,ITH,ITH3,5,Veneto,Veneto,4905854,3646698,74.33,0.79
2961,2021-01-13,VEN,5989,1606,4383,5986,0,3,ITH,ITH3,5,Veneto,Veneto,4905854,3652687,74.46,0.12
2962,2021-08-03,VEN,40736,21561,19175,17594,22427,715,ITH,ITH3,5,Veneto,Veneto,4905854,3693423,75.29,0.83
2963,2021-04-25,VEN,18336,8155,10181,12902,4836,598,ITH,ITH3,5,Veneto,Veneto,4905854,3711759,75.66,0.37
2964,2021-06-21,VEN,44339,22192,22147,20463,22968,908,ITH,ITH3,5,Veneto,Veneto,4905854,3756098,76.56,0.9
2965,2021-01-06,VEN,8142,2391,5751,8139,0,3,ITH,ITH3,5,Veneto,Veneto,4905854,3764240,76.73,0.17
2966,2021-06-23,VEN,49372,24459,24913,14554,34019,799,ITH,ITH3,5,Veneto,Veneto,4905854,3813612,77.74,1.01
2967,2021-01-03,VEN,5158,1562,3596,5158,0,0,ITH,ITH3,5,Veneto,Veneto,4905854,3818770,77.84,0.11
2968,2021-03-08,VEN,13644,6282,7362,9304,4077,263,ITH,ITH3,5,Veneto,Veneto,4905854,3832414,78.12,0.28
2969,2021-02-10,VEN,4763,1593,3170,3692,1061,10,ITH,ITH3,5,Veneto,Veneto,4905854,3837177,78.22,0.1
2970,2021-04-08,VEN,32411,14388,18023,23345,7888,1178,ITH,ITH3,5,Veneto,Veneto,4905854,3869588,78.88,0.66
2971,2021-03-20,VEN,13035,5393,7642,10657,2082,296,ITH,ITH3,5,Veneto,Veneto,4905854,3882623,79.14,0.27
2972,2021-01-10,VEN,5036,1673,3363,5035,0,1,ITH,ITH3,5,Veneto,Veneto,4905854,3887659,79.25,0.1
2973,2021-05-23,VEN,34492,16470,18022,10620,23400,472,ITH,ITH3,5,Veneto,Veneto,4905854,3922151,79.95,0.7
2974,2021-07-14,VEN,43634,22433,21201,5281,37957,396,ITH,ITH3,5,Veneto,Veneto,4905854,3965785,80.84,0.89
2975,2021-04-22,VEN,32077,13946,18131,15471,15780,826,ITH,ITH3,5,Veneto,Veneto,4905854,3997862,81.49,0.65
2976,2021-07-31,VEN,35178,18903,16275,17034,17503,641,ITH,ITH3,5,Veneto,Veneto,4905854,4033040,82.21,0.72
2977,2021-08-14,VEN,9917,5808,4109,7267,2400,250,ITH,ITH3,5,Veneto,Veneto,4905854,4042957,82.41,0.2
2978,2021-02-01,VEN,8563,2502,6061,157,8406,0,ITH,ITH3,5,Veneto,Veneto,4905854,4051520,82.59,0.17
2979,2021-02-15,VEN,4392,1827,2565,4143,240,9,ITH,ITH3,5,Veneto,Veneto,4905854,4055912,82.67,0.09
2980,2021-03-30,VEN,36006,15317,20689,29731,5252,1023,ITH,ITH3,5,Veneto,Veneto,4905854,4091918,83.41,0.73
2981,2021-06-04,VEN,49651,25840,23811,39831,8143,1677,ITH,ITH3,5,Veneto,Veneto,4905854,4141569,84.42,1.01
2982,2021-02-24,VEN,8622,3680,4942,7998,489,135,ITH,ITH3,5,Veneto,Veneto,4905854,4150191,84.6,0.18
2983,2021-06-22,VEN,43746,21630,22116,18502,24389,855,ITH,ITH3,5,Veneto,Veneto,4905854,4193937,85.49,0.89
2984,2021-08-18,VEN,23322,12571,10751,14199,8442,681,ITH,ITH3,5,Veneto,Veneto,4905854,4217259,85.96,0.48
2985,2021-06-08,VEN,43859,22677,21182,36186,6153,1520,ITH,ITH3,5,Veneto,Veneto,4905854,4261118,86.86,0.89
2986,2021-05-25,VEN,27870,13453,14417,11274,16096,500,ITH,ITH3,5,Veneto,Veneto,4905854,4288988,87.43,0.57
2987,2021-02-14,VEN,125,55,70,112,13,0,ITH,ITH3,5,Veneto,Veneto,4905854,4289113,87.43,0.0
2988,2021-02-28,VEN,4136,1389,2747,3224,837,75,ITH,ITH3,5,Veneto,Veneto,4905854,4293249,87.51,0.08
2989,2021-03-17,VEN,14646,5991,8655,7526,6797,323,ITH,ITH3,5,Veneto,Veneto,4905854,4307895,87.81,0.3
2990,2021-07-28,VEN,40303,20926,19377,12056,27798,449,ITH,ITH3,5,Veneto,Veneto,4905854,4348198,88.63,0.82
2991,2021-01-12,VEN,5231,1517,3714,5223,0,8,ITH,ITH3,5,Veneto,Veneto,4905854,4353429,88.74,0.11
2992,2021-04-19,VEN,21558,8929,12629,4708,16420,430,ITH,ITH3,5,Veneto,Veneto,4905854,4374987,89.18,0.44
2993,2021-04-05,VEN,19165,8376,10789,13422,5439,304,ITH,ITH3,5,Veneto,Veneto,4905854,4394152,89.57,0.39
2994,2021-01-26,VEN,6926,2092,4834,149,6777,0,ITH,ITH3,5,Veneto,Veneto,4905854,4401078,89.71,0.14
2995,2021-08-04,VEN,42470,22683,19787,22607,18767,1096,ITH,ITH3,5,Veneto,Veneto,4905854,4443548,90.58,0.87
2996,2021-04-26,VEN,20734,9461,11273,14912,5140,682,ITH,ITH3,5,Veneto,Veneto,4905854,4464282,91.0,0.42
2997,2021-06-15,VEN,47845,24303,23542,29143,17548,1154,ITH,ITH3,5,Veneto,Veneto,4905854,4512127,91.97,0.98
2998,2021-08-11,VEN,26788,14795,11993,15640,10571,577,ITH,ITH3,5,Veneto,Veneto,4905854,4538915,92.52,0.55
2999,2021-06-18,VEN,53662,26782,26880,23981,28638,1043,ITH,ITH3,5,Veneto,Veneto,4905854,4592577,93.61,1.09
3000,2021-09-09,VEN,29920,16544,13376,4251,25246,423,ITH,ITH3,5,Veneto,Veneto,4905854,4622497,94.22,0.61
3001,2021-03-27,VEN,32093,14018,18075,25377,5807,909,ITH,ITH3,5,Veneto,Veneto,4905854,4654590,94.88,0.65
3002,2021-09-11,VEN,8996,5042,3954,1406,7419,171,ITH,ITH3,5,Veneto,Veneto,4905854,4663586,95.06,0.18
3003,2021-03-15,VEN,16673,7331,9342,10955,5212,506,ITH,ITH3,5,Veneto,Veneto,4905854,4680259,95.4,0.34
3004,2021-02-12,VEN,4314,1446,2868,3671,572,71,ITH,ITH3,5,Veneto,Veneto,4905854,4684573,95.49,0.09
3005,2021-01-29,VEN,9029,2789,6240,365,8664,0,ITH,ITH3,5,Veneto,Veneto,4905854,4693602,95.67,0.18
3006,2021-05-08,VEN,41530,18787,22743,28255,11836,1439,ITH,ITH3,5,Veneto,Veneto,4905854,4735132,96.52,0.85
3007,2021-07-30,VEN,45589,24248,21341,22630,22083,876,ITH,ITH3,5,Veneto,Veneto,4905854,4780721,97.45,0.93
3008,2021-08-16,VEN,19707,10669,9038,12960,6165,582,ITH,ITH3,5,Veneto,Veneto,4905854,4800428,97.85,0.4
3009,2021-06-27,VEN,40240,20557,19683,15346,24312,582,ITH,ITH3,5,Veneto,Veneto,4905854,4840668,98.67,0.82
3010,2021-03-19,VEN,13804,5672,8132,7403,6106,295,ITH,ITH3,5,Veneto,Veneto,4905854,4854472,98.95,0.28
3011,2021-08-02,VEN,40104,21037,19067,16304,23172,628,ITH,ITH3,5,Veneto,Veneto,4905854,4894576,99.77,0.82
3012,2021-04-10,VEN,27485,11989,15496,18376,8474,635,ITH,ITH3,5,Veneto,Veneto,4905854,4922061,100.33,0.56
3013,2021-06-06,VEN,37450,19173,18277,31494,4731,1225,ITH,ITH3,5,Veneto,Veneto,4905854,4959511,101.09,0.76
3014,2020-12-27,VEN,880,395,485,880,0,0,ITH,ITH3,5,Veneto,Veneto,4905854,4960391,101.11,0.02
3015,2021-09-07,VEN,26484,14106,12378,5522,20235,727,ITH,ITH3,5,Veneto,Veneto,4905854,4986875,101.65,0.54
3016,2021-05-30,VEN,22550,11272,11278,15205,6691,654,ITH,ITH3,5,Veneto,Veneto,4905854,5009425,102.11,0.46
3017,2021-07-26,VEN,43649,22947,20702,17000,26017,632,ITH,ITH3,5,Veneto,Veneto,4905854,5053074,103.0,0.89
3018,2021-05-06,VEN,47056,22067,24989,36577,8499,1980,ITH,ITH3,5,Veneto,Veneto,4905854,5100130,103.96,0.96
3019,2021-05-18,VEN,27035,12552,14483,12631,13639,765,ITH,ITH3,5,Veneto,Veneto,4905854,5127165,104.51,0.55
3020,2021-06-30,VEN,45821,23103,22718,17874,27197,750,ITH,ITH3,5,Veneto,Veneto,4905854,5172986,105.45,0.93
3021,2021-03-22,VEN,18156,8184,9972,12585,5050,521,ITH,ITH3,5,Veneto,Veneto,4905854,5191142,105.82,0.37
3022,2021-03-13,VEN,17241,7312,9929,13735,3132,374,ITH,ITH3,5,Veneto,Veneto,4905854,5208383,106.17,0.35
3023,2021-01-15,VEN,5880,1819,4061,5874,0,6,ITH,ITH3,5,Veneto,Veneto,4905854,5214263,106.29,0.12
3024,2021-08-28,VEN,20864,11588,9276,8640,11486,738,ITH,ITH3,5,Veneto,Veneto,4905854,5235127,106.71,0.43
3025,2021-05-20,VEN,44852,21263,23589,19364,24378,1110,ITH,ITH3,5,Veneto,Veneto,4905854,5279979,107.63,0.91
3026,2021-02-09,VEN,5250,1892,3358,3431,1806,13,ITH,ITH3,5,Veneto,Veneto,4905854,5285229,107.73,0.11
3027,2021-08-30,VEN,26911,14264,12647,7974,18317,620,ITH,ITH3,5,Veneto,Veneto,4905854,5312140,108.28,0.55
3028,2021-06-03,VEN,54534,28044,26490,40875,12005,1654,ITH,ITH3,5,Veneto,Veneto,4905854,5366674,109.39,1.11
3029,2021-06-20,VEN,41215,20068,21147,18927,21545,743,ITH,ITH3,5,Veneto,Veneto,4905854,5407889,110.23,0.84
3030,2021-02-19,VEN,7323,3141,4182,6995,204,124,ITH,ITH3,5,Veneto,Veneto,4905854,5415212,110.38,0.15
3031,2021-08-23,VEN,24518,13030,11488,10569,13235,714,ITH,ITH3,5,Veneto,Veneto,4905854,5439730,110.88,0.5
3032,2021-02-21,VEN,4640,1212,3428,4516,5,119,ITH,ITH3,5,Veneto,Veneto,4905854,5444370,110.98,0.09
3033,2021-05-15,VEN,36275,17520,18755,24819,10023,1433,ITH,ITH3,5,Veneto,Veneto,4905854,5480645,111.72,0.74
3034,2021-06-01,VEN,26996,13569,13427,15787,10560,649,ITH,ITH3,5,Veneto,Veneto,4905854,5507641,112.27,0.55
3035,2021-03-10,VEN,19044,8728,10316,12959,5686,399,ITH,ITH3,5,Veneto,Veneto,4905854,5526685,112.65,0.39
3036,2021-09-04,VEN,23572,12881,10691,6046,16874,652,ITH,ITH3,5,Veneto,Veneto,4905854,5550257,113.14,0.48
3037,2021-05-27,VEN,46668,22924,23744,22363,23259,1046,ITH,ITH3,5,Veneto,Veneto,4905854,5596925,114.09,0.95
3038,2021-02-07,VEN,2316,863,1453,714,1601,1,ITH,ITH3,5,Veneto,Veneto,4905854,5599241,114.13,0.05
3039,2021-09-06,VEN,28267,15192,13075,5822,21762,683,ITH,ITH3,5,Veneto,Veneto,4905854,5627508,114.71,0.58
3040,2021-07-02,VEN,49568,25142,24426,16289,32495,784,ITH,ITH3,5,Veneto,Veneto,4905854,5677076,115.72,1.01
3041,2021-03-24,VEN,22126,9581,12545,14664,6806,656,ITH,ITH3,5,Veneto,Veneto,4905854,5699202,116.17,0.45
3042,2021-07-19,VEN,44746,23569,21177,7962,36388,396,ITH,ITH3,5,Veneto,Veneto,4905854,5743948,117.08,0.91
3043,2021-02-26,VEN,8297,3273,5024,6942,1260,95,ITH,ITH3,5,Veneto,Veneto,4905854,5752245,117.25,0.17
3044,2021-04-24,VEN,24769,10831,13938,14965,9080,724,ITH,ITH3,5,Veneto,Veneto,4905854,5777014,117.76,0.5
3045,2021-01-14,VEN,7066,1927,5139,7046,0,20,ITH,ITH3,5,Veneto,Veneto,4905854,5784080,117.9,0.14
3046,2021-03-12,VEN,18665,8196,10469,11330,6752,583,ITH,ITH3,5,Veneto,Veneto,4905854,5802745,118.28,0.38
3047,2021-04-17,VEN,22451,9099,13352,14374,7278,799,ITH,ITH3,5,Veneto,Veneto,4905854,5825196,118.74,0.46
3048,2021-01-07,VEN,8361,2317,6044,8360,0,1,ITH,ITH3,5,Veneto,Veneto,4905854,5833557,118.91,0.17
3049,2021-06-13,VEN,37345,19259,18086,29317,6957,1071,ITH,ITH3,5,Veneto,Veneto,4905854,5870902,119.67,0.76
3050,2021-01-21,VEN,2294,719,1575,19,2275,0,ITH,ITH3,5,Veneto,Veneto,4905854,5873196,119.72,0.05
3051,2021-03-05,VEN,13341,5023,8318,9222,3674,445,ITH,ITH3,5,Veneto,Veneto,4905854,5886537,119.99,0.27
3052,2021-05-02,VEN,37247,17266,19981,25606,10331,1310,ITH,ITH3,5,Veneto,Veneto,4905854,5923784,120.75,0.76
3053,2021-06-14,VEN,42629,21561,21068,26294,15320,1015,ITH,ITH3,5,Veneto,Veneto,4905854,5966413,121.62,0.87
3054,2021-03-06,VEN,10687,4357,6330,7216,3280,191,ITH,ITH3,5,Veneto,Veneto,4905854,5977100,121.84,0.22
3055,2021-08-10,VEN,28494,15632,12862,16407,11479,608,ITH,ITH3,5,Veneto,Veneto,4905854,6005594,122.42,0.58
3056,2020-12-30,VEN,699,245,454,699,0,0,ITH,ITH3,5,Veneto,Veneto,4905854,6006293,122.43,0.01
3057,2021-08-12,VEN,24165,13082,11083,17292,6164,709,ITH,ITH3,5,Veneto,Veneto,4905854,6030458,122.92,0.49
3058,2021-06-07,VEN,44701,23319,21382,36172,7043,1486,ITH,ITH3,5,Veneto,Veneto,4905854,6075159,123.83,0.91
3059,2021-02-27,VEN,8994,2693,6301,7963,849,182,ITH,ITH3,5,Veneto,Veneto,4905854,6084153,124.02,0.18
3060,2021-03-04,VEN,12990,4890,8100,9119,3479,392,ITH,ITH3,5,Veneto,Veneto,4905854,6097143,124.28,0.26
3061,2021-07-07,VEN,40983,21323,19660,15644,24542,797,ITH,ITH3,5,Veneto,Veneto,4905854,6138126,125.12,0.84
3062,2021-08-19,VEN,19559,10662,8897,12217,6814,528,ITH,ITH3,5,Veneto,Veneto,4905854,6157685,125.52,0.4
3063,2021-05-11,VEN,33198,16515,16683,27144,4729,1325,ITH,ITH3,5,Veneto,Veneto,4905854,6190883,126.19,0.68
3064,2021-01-22,VEN,1080,332,748,25,1055,0,ITH,ITH3,5,Veneto,Veneto,4905854,6191963,126.22,0.02
3065,2021-08-21,VEN,12188,6877,5311,8281,3386,521,ITH,ITH3,5,Veneto,Veneto,4905854,6204151,126.46,0.25
3066,2021-05-04,VEN,43033,20383,22650,33354,8033,1646,ITH,ITH3,5,Veneto,Veneto,4905854,6247184,127.34,0.88
3067,2021-01-24,VEN,4117,1219,2898,28,4089,0,ITH,ITH3,5,Veneto,Veneto,4905854,6251301,127.43,0.08
3068,2021-04-07,VEN,36064,16206,19858,27609,7341,1114,ITH,ITH3,5,Veneto,Veneto,4905854,6287365,128.16,0.74
3069,2021-07-16,VEN,44741,24068,20673,6957,37323,461,ITH,ITH3,5,Veneto,Veneto,4905854,6332106,129.07,0.91
3070,2021-01-31,VEN,4789,1566,3223,408,4381,0,ITH,ITH3,5,Veneto,Veneto,4905854,6336895,129.17,0.1
3071,2021-03-29,VEN,31478,13707,17771,26644,3830,1004,ITH,ITH3,5,Veneto,Veneto,4905854,6368373,129.81,0.64
3072,2021-05-13,VEN,44344,21882,22462,32578,9919,1847,ITH,ITH3,5,Veneto,Veneto,4905854,6412717,130.72,0.9
3073,2021-02-02,VEN,6515,1881,4634,396,6119,0,ITH,ITH3,5,Veneto,Veneto,4905854,6419232,130.85,0.13
3074,2021-07-09,VEN,45091,23782,21309,4126,40680,285,ITH,ITH3,5,Veneto,Veneto,4905854,6464323,131.77,0.92
3075,2021-03-31,VEN,38980,16460,22520,30423,7508,1049,ITH,ITH3,5,Veneto,Veneto,4905854,6503303,132.56,0.79
3076,2021-07-11,VEN,34239,17925,16314,3700,30284,255,ITH,ITH3,5,Veneto,Veneto,4905854,6537542,133.26,0.7
3077,2021-06-29,PAT,6428,3241,3187,2771,3534,123,ITH,ITH2,4,Provincia Autonoma Trento,P.A. Trento,541380,6428,1.19,1.19
3078,2021-06-12,PAT,5429,2718,2711,436,4943,50,ITH,ITH2,4,Provincia Autonoma Trento,P.A. Trento,541380,11857,2.19,1.0
3079,2021-03-21,PAT,136,74,62,131,0,5,ITH,ITH2,4,Provincia Autonoma Trento,P.A. Trento,541380,11993,2.22,0.03
3080,2021-09-08,PAT,1542,780,762,481,1032,29,ITH,ITH2,4,Provincia Autonoma Trento,P.A. Trento,541380,13535,2.5,0.28
3081,2021-07-27,PAT,4816,2547,2269,1753,2951,112,ITH,ITH2,4,Provincia Autonoma Trento,P.A. Trento,541380,18351,3.39,0.89
3082,2021-05-31,PAT,4806,2214,2592,1607,3088,111,ITH,ITH2,4,Provincia Autonoma Trento,P.A. Trento,541380,23157,4.28,0.89
3083,2021-08-08,PAT,635,338,297,241,386,8,ITH,ITH2,4,Provincia Autonoma Trento,P.A. Trento,541380,23792,4.39,0.12
3084,2021-08-27,PAT,3797,2064,1733,926,2790,81,ITH,ITH2,4,Provincia Autonoma Trento,P.A. Trento,541380,27589,5.1,0.7
3085,2021-03-26,PAT,3277,1282,1995,2518,612,147,ITH,ITH2,4,Provincia Autonoma Trento,P.A. Trento,541380,30866,5.7,0.61
3086,2021-01-23,PAT,584,338,246,389,194,1,ITH,ITH2,4,Provincia Autonoma Trento,P.A. Trento,541380,31450,5.81,0.11
3087,2021-05-03,PAT,4311,2223,2088,3844,157,310,ITH,ITH2,4,Provincia Autonoma Trento,P.A. Trento,541380,35761,6.61,0.8
3088,2021-08-13,PAT,5958,3375,2583,2584,3224,150,ITH,ITH2,4,Provincia Autonoma Trento,P.A. Trento,541380,41719,7.71,1.1
3089,2021-07-01,PAT,7150,3737,3413,3590,3364,196,ITH,ITH2,4,Provincia Autonoma Trento,P.A. Trento,541380,48869,9.03,1.32
3090,2021-05-05,PAT,5060,2611,2449,4434,306,320,ITH,ITH2,4,Provincia Autonoma Trento,P.A. Trento,541380,53929,9.96,0.93
3091,2021-02-06,PAT,582,302,280,439,143,0,ITH,ITH2,4,Provincia Autonoma Trento,P.A. Trento,541380,54511,10.07,0.11
3092,2021-02-23,PAT,1128,403,725,887,218,23,ITH,ITH2,4,Provincia Autonoma Trento,P.A. Trento,541380,55639,10.28,0.21
3093,2021-05-17,PAT,4357,2157,2200,3752,363,242,ITH,ITH2,4,Provincia Autonoma Trento,P.A. Trento,541380,59996,11.08,0.8
3094,2021-08-25,PAT,4392,2345,2047,1082,3237,73,ITH,ITH2,4,Provincia Autonoma Trento,P.A. Trento,541380,64388,11.89,0.81
3095,2021-07-13,PAT,3839,1952,1887,1777,1934,128,ITH,ITH2,4,Provincia Autonoma Trento,P.A. Trento,541380,68227,12.6,0.71
3096,2021-04-21,PAT,2945,1372,1573,2739,51,155,ITH,ITH2,4,Provincia Autonoma Trento,P.A. Trento,541380,71172,13.15,0.54
3097,2021-01-28,PAT,554,156,398,51,503,0,ITH,ITH2,4,Provincia Autonoma Trento,P.A. Trento,541380,71726,13.25,0.1
3098,2021-01-11,PAT,765,235,530,765,0,0,ITH,ITH2,4,Provincia Autonoma Trento,P.A. Trento,541380,72491,13.39,0.14
3099,2021-04-09,PAT,2806,1195,1611,1528,1209,69,ITH,ITH2,4,Provincia Autonoma Trento,P.A. Trento,541380,75297,13.91,0.52
3100,2021-02-11,PAT,1171,377,794,803,367,1,ITH,ITH2,4,Provincia Autonoma Trento,P.A. Trento,541380,76468,14.12,0.22
3101,2021-07-18,PAT,464,243,221,116,339,9,ITH,ITH2,4,Provincia Autonoma Trento,P.A. Trento,541380,76932,14.21,0.09
3102,2021-02-25,PAT,1656,649,1007,1200,446,10,ITH,ITH2,4,Provincia Autonoma Trento,P.A. Trento,541380,78588,14.52,0.31
3103,2020-12-30,PAT,7,3,4,7,0,0,ITH,ITH2,4,Provincia Autonoma Trento,P.A. Trento,541380,78595,14.52,0.0
3104,2021-06-05,PAT,4132,1939,2193,689,3364,79,ITH,ITH2,4,Provincia Autonoma Trento,P.A. Trento,541380,82727,15.28,0.76
3105,2021-03-09,PAT,1670,620,1050,980,653,37,ITH,ITH2,4,Provincia Autonoma Trento,P.A. Trento,541380,84397,15.59,0.31
3106,2021-06-17,PAT,6752,3563,3189,2044,4538,170,ITH,ITH2,4,Provincia Autonoma Trento,P.A. Trento,541380,91149,16.84,1.25
3107,2021-05-24,PAT,4493,2077,2416,1269,3110,114,ITH,ITH2,4,Provincia Autonoma Trento,P.A. Trento,541380,95642,17.67,0.83
3108,2021-09-01,PAT,3917,2088,1829,830,3012,75,ITH,ITH2,4,Provincia Autonoma Trento,P.A. Trento,541380,99559,18.39,0.72
3109,2021-03-02,PAT,1323,446,877,910,382,31,ITH,ITH2,4,Provincia Autonoma Trento,P.A. Trento,541380,100882,18.63,0.24
3110,2021-06-10,PAT,6215,3027,3188,1813,4265,137,ITH,ITH2,4,Provincia Autonoma Trento,P.A. Trento,541380,107097,19.78,1.15
3111,2021-09-03,PAT,3478,1904,1574,784,2645,49,ITH,ITH2,4,Provincia Autonoma Trento,P.A. Trento,541380,110575,20.42,0.64
3112,2021-07-20,PAT,4830,2610,2220,1744,2934,152,ITH,ITH2,4,Provincia Autonoma Trento,P.A. Trento,541380,115405,21.32,0.89
3113,2021-06-19,PAT,3146,1722,1424,236,2879,31,ITH,ITH2,4,Provincia Autonoma Trento,P.A. Trento,541380,118551,21.9,0.58
3114,2021-07-08,PAT,4165,2214,1951,2514,1483,168,ITH,ITH2,4,Provincia Autonoma Trento,P.A. Trento,541380,122716,22.67,0.77
3115,2021-02-04,PAT,1014,321,693,430,583,1,ITH,ITH2,4,Provincia Autonoma Trento,P.A. Trento,541380,123730,22.85,0.19
3116,2021-08-06,PAT,6474,3566,2908,2668,3685,121,ITH,ITH2,4,Provincia Autonoma Trento,P.A. Trento,541380,130204,24.05,1.2
3117,2021-01-16,PAT,322,148,174,322,0,0,ITH,ITH2,4,Provincia Autonoma Trento,P.A. Trento,541380,130526,24.11,0.06
3118,2021-04-28,PAT,4289,1994,2295,3896,139,254,ITH,ITH2,4,Provincia Autonoma Trento,P.A. Trento,541380,134815,24.9,0.79
3119,2021-02-16,PAT,676,248,428,660,5,11,ITH,ITH2,4,Provincia Autonoma Trento,P.A. Trento,541380,135491,25.03,0.12
3120,2021-04-23,PAT,3668,1786,1882,3430,56,182,ITH,ITH2,4,Provincia Autonoma Trento,P.A. Trento,541380,139159,25.7,0.68
3121,2021-01-30,PAT,396,136,260,155,241,0,ITH,ITH2,4,Provincia Autonoma Trento,P.A. Trento,541380,139555,25.78,0.07
3122,2021-05-10,PAT,3270,1678,1592,2531,518,221,ITH,ITH2,4,Provincia Autonoma Trento,P.A. Trento,541380,142825,26.38,0.6
3123,2021-04-14,PAT,3146,1480,1666,2253,738,155,ITH,ITH2,4,Provincia Autonoma Trento,P.A. Trento,541380,145971,26.96,0.58
3124,2021-03-28,PAT,768,304,464,717,2,49,ITH,ITH2,4,Provincia Autonoma Trento,P.A. Trento,541380,146739,27.1,0.14
3125,2021-01-04,PAT,905,250,655,903,0,2,ITH,ITH2,4,Provincia Autonoma Trento,P.A. Trento,541380,147644,27.27,0.17
3126,2021-07-06,PAT,5238,2763,2475,3115,1931,192,ITH,ITH2,4,Provincia Autonoma Trento,P.A. Trento,541380,152882,28.24,0.97
3127,2021-01-18,PAT,690,168,522,631,59,0,ITH,ITH2,4,Provincia Autonoma Trento,P.A. Trento,541380,153572,28.37,0.13
3128,2021-05-22,PAT,3375,1666,1709,849,2435,91,ITH,ITH2,4,Provincia Autonoma Trento,P.A. Trento,541380,156947,28.99,0.62
3129,2021-05-29,PAT,2445,1328,1117,783,1571,91,ITH,ITH2,4,Provincia Autonoma Trento,P.A. Trento,541380,159392,29.44,0.45
3130,2021-04-02,PAT,2892,1178,1714,2043,684,165,ITH,ITH2,4,Provincia Autonoma Trento,P.A. Trento,541380,162284,29.98,0.53
3131,2021-04-16,PAT,2906,1377,1529,2597,150,159,ITH,ITH2,4,Provincia Autonoma Trento,P.A. Trento,541380,165190,30.51,0.54
3132,2021-02-18,PAT,1436,504,932,1349,69,18,ITH,ITH2,4,Provincia Autonoma Trento,P.A. Trento,541380,166626,30.78,0.27
3133,2021-07-25,PAT,366,205,161,139,218,9,ITH,ITH2,4,Provincia Autonoma Trento,P.A. Trento,541380,166992,30.85,0.07
3134,2021-03-14,PAT,110,67,43,19,89,2,ITH,ITH2,4,Provincia Autonoma Trento,P.A. Trento,541380,167102,30.87,0.02
3135,2021-03-07,PAT,24,6,18,24,0,0,ITH,ITH2,4,Provincia Autonoma Trento,P.A. Trento,541380,167126,30.87,0.0
3136,2021-01-09,PAT,195,42,153,195,0,0,ITH,ITH2,4,Provincia Autonoma Trento,P.A. Trento,541380,167321,30.91,0.04
3137,2021-06-24,PAT,6056,3171,2885,3650,2208,198,ITH,ITH2,4,Provincia Autonoma Trento,P.A. Trento,541380,173377,32.03,1.12
3138,2021-05-12,PAT,3348,1511,1837,1962,1220,166,ITH,ITH2,4,Provincia Autonoma Trento,P.A. Trento,541380,176725,32.64,0.62
3139,2021-03-16,PAT,1407,514,893,581,792,34,ITH,ITH2,4,Provincia Autonoma Trento,P.A. Trento,541380,178132,32.9,0.26
3140,2021-08-20,PAT,5216,2879,2337,1484,3630,102,ITH,ITH2,4,Provincia Autonoma Trento,P.A. Trento,541380,183348,33.87,0.96
3141,2021-05-14,PAT,5443,2614,2829,3714,1428,301,ITH,ITH2,4,Provincia Autonoma Trento,P.A. Trento,541380,188791,34.87,1.01
3142,2021-08-22,PAT,406,243,163,220,171,15,ITH,ITH2,4,Provincia Autonoma Trento,P.A. Trento,541380,189197,34.95,0.07
3143,2021-03-04,PAT,2388,807,1581,1556,790,42,ITH,ITH2,4,Provincia Autonoma Trento,P.A. Trento,541380,191585,35.39,0.44
3144,2021-04-13,PAT,2618,1090,1528,2026,509,83,ITH,ITH2,4,Provincia Autonoma Trento,P.A. Trento,541380,194203,35.87,0.48
3145,2021-01-20,PAT,308,77,231,296,12,0,ITH,ITH2,4,Provincia Autonoma Trento,P.A. Trento,541380,194511,35.93,0.06
3146,2021-04-30,PAT,4992,2434,2558,4443,163,386,ITH,ITH2,4,Provincia Autonoma Trento,P.A. Trento,541380,199503,36.85,0.92
3147,2021-05-19,PAT,5196,2514,2682,3670,1274,252,ITH,ITH2,4,Provincia Autonoma Trento,P.A. Trento,541380,204699,37.81,0.96
3148,2021-09-10,PAT,2212,1144,1068,657,1479,76,ITH,ITH2,4,Provincia Autonoma Trento,P.A. Trento,541380,206911,38.22,0.41
3149,2021-04-01,PAT,2945,1251,1694,1745,1106,94,ITH,ITH2,4,Provincia Autonoma Trento,P.A. Trento,541380,209856,38.76,0.54
3150,2021-07-10,PAT,1098,565,533,148,920,30,ITH,ITH2,4,Provincia Autonoma Trento,P.A. Trento,541380,210954,38.97,0.2
3151,2021-03-23,PAT,2483,962,1521,1628,755,100,ITH,ITH2,4,Provincia Autonoma Trento,P.A. Trento,541380,213437,39.42,0.46
3152,2021-05-28,PAT,3805,1768,2037,1399,2265,141,ITH,ITH2,4,Provincia Autonoma Trento,P.A. Trento,541380,217242,40.13,0.7
3153,2021-01-25,PAT,849,231,618,25,824,0,ITH,ITH2,4,Provincia Autonoma Trento,P.A. Trento,541380,218091,40.28,0.16
3154,2021-03-25,PAT,2916,1128,1788,1742,1060,114,ITH,ITH2,4,Provincia Autonoma Trento,P.A. Trento,541380,221007,40.82,0.54
3155,2021-03-18,PAT,2335,964,1371,1221,1089,25,ITH,ITH2,4,Provincia Autonoma Trento,P.A. Trento,541380,223342,41.25,0.43
3156,2021-06-09,PAT,6328,3123,3205,2114,4130,84,ITH,ITH2,4,Provincia Autonoma Trento,P.A. Trento,541380,229670,42.42,1.17
3157,2021-06-26,PAT,1436,753,683,677,727,32,ITH,ITH2,4,Provincia Autonoma Trento,P.A. Trento,541380,231106,42.69,0.27
3158,2021-06-28,PAT,6954,3597,3357,2958,3869,127,ITH,ITH2,4,Provincia Autonoma Trento,P.A. Trento,541380,238060,43.97,1.28
3159,2021-04-06,PAT,2288,969,1319,1459,770,59,ITH,ITH2,4,Provincia Autonoma Trento,P.A. Trento,541380,240348,44.4,0.42
3160,2021-07-15,PAT,4298,2300,1998,1790,2364,144,ITH,ITH2,4,Provincia Autonoma Trento,P.A. Trento,541380,244646,45.19,0.79
3161,2021-02-20,PAT,412,247,165,124,287,1,ITH,ITH2,4,Provincia Autonoma Trento,P.A. Trento,541380,245058,45.27,0.08
3162,2021-01-08,PAT,1538,341,1197,1537,0,1,ITH,ITH2,4,Provincia Autonoma Trento,P.A. Trento,541380,246596,45.55,0.28
3163,2021-06-14,PAT,5819,3010,2809,2043,3656,120,ITH,ITH2,4,Provincia Autonoma Trento,P.A. Trento,541380,252415,46.62,1.07
3164,2021-04-18,PAT,1865,850,1015,1796,9,60,ITH,ITH2,4,Provincia Autonoma Trento,P.A. Trento,541380,254280,46.97,0.34
3165,2021-03-06,PAT,809,285,524,615,152,42,ITH,ITH2,4,Provincia Autonoma Trento,P.A. Trento,541380,255089,47.12,0.15
3166,2021-01-06,PAT,43,13,30,43,0,0,ITH,ITH2,4,Provincia Autonoma Trento,P.A. Trento,541380,255132,47.13,0.01
3167,2021-08-05,PAT,6390,3495,2895,2950,3317,123,ITH,ITH2,4,Provincia Autonoma Trento,P.A. Trento,541380,261522,48.31,1.18
3168,2021-08-12,PAT,5699,3049,2650,2197,3327,175,ITH,ITH2,4,Provincia Autonoma Trento,P.A. Trento,541380,267221,49.36,1.05
3169,2021-07-29,PAT,5480,2912,2568,2647,2714,119,ITH,ITH2,4,Provincia Autonoma Trento,P.A. Trento,541380,272701,50.37,1.01
3170,2021-06-16,PAT,6327,3416,2911,1989,4214,124,ITH,ITH2,4,Provincia Autonoma Trento,P.A. Trento,541380,279028,51.54,1.17
3171,2021-01-27,PAT,873,310,563,115,756,2,ITH,ITH2,4,Provincia Autonoma Trento,P.A. Trento,541380,279901,51.7,0.16
3172,2021-02-13,PAT,540,335,205,172,368,0,ITH,ITH2,4,Provincia Autonoma Trento,P.A. Trento,541380,280441,51.8,0.1
3173,2021-05-07,PAT,6092,3133,2959,4853,854,385,ITH,ITH2,4,Provincia Autonoma Trento,P.A. Trento,541380,286533,52.93,1.13
3174,2021-04-20,PAT,2909,1388,1521,2690,37,182,ITH,ITH2,4,Provincia Autonoma Trento,P.A. Trento,541380,289442,53.46,0.54
3175,2021-05-09,PAT,2354,1225,1129,1870,347,137,ITH,ITH2,4,Provincia Autonoma Trento,P.A. Trento,541380,291796,53.9,0.43
3176,2021-08-17,PAT,5450,2882,2568,1940,3379,131,ITH,ITH2,4,Provincia Autonoma Trento,P.A. Trento,541380,297246,54.91,1.01
3177,2021-02-15,PAT,547,193,354,419,126,2,ITH,ITH2,4,Provincia Autonoma Trento,P.A. Trento,541380,297793,55.01,0.1
3178,2021-05-26,PAT,3963,1870,2093,1116,2724,123,ITH,ITH2,4,Provincia Autonoma Trento,P.A. Trento,541380,301756,55.74,0.73
3179,2021-08-02,PAT,5376,2852,2524,1607,3701,68,ITH,ITH2,4,Provincia Autonoma Trento,P.A. Trento,541380,307132,56.73,0.99
3180,2021-06-02,PAT,2884,1383,1501,895,1916,73,ITH,ITH2,4,Provincia Autonoma Trento,P.A. Trento,541380,310016,57.26,0.53
3181,2021-03-11,PAT,2622,984,1638,1507,1055,60,ITH,ITH2,4,Provincia Autonoma Trento,P.A. Trento,541380,312638,57.75,0.48
3182,2021-07-22,PAT,4778,2587,2191,1900,2738,140,ITH,ITH2,4,Provincia Autonoma Trento,P.A. Trento,541380,317416,58.63,0.88
3183,2021-08-24,PAT,4603,2468,2135,1289,3221,93,ITH,ITH2,4,Provincia Autonoma Trento,P.A. Trento,541380,322019,59.48,0.85
3184,2021-07-24,PAT,994,547,447,523,445,26,ITH,ITH2,4,Provincia Autonoma Trento,P.A. Trento,541380,323013,59.66,0.18
3185,2021-05-02,PAT,3564,1979,1585,3294,39,231,ITH,ITH2,4,Provincia Autonoma Trento,P.A. Trento,541380,326577,60.32,0.66
3186,2021-08-10,PAT,5995,3204,2791,2898,2911,186,ITH,ITH2,4,Provincia Autonoma Trento,P.A. Trento,541380,332572,61.43,1.11
3187,2021-03-13,PAT,965,496,469,841,48,76,ITH,ITH2,4,Provincia Autonoma Trento,P.A. Trento,541380,333537,61.61,0.18
3188,2021-07-05,PAT,5433,2850,2583,3792,1392,249,ITH,ITH2,4,Provincia Autonoma Trento,P.A. Trento,541380,338970,62.61,1.0
3189,2021-09-12,PAT,3,1,2,0,3,0,ITH,ITH2,4,Provincia Autonoma Trento,P.A. Trento,541380,338973,62.61,0.0
3190,2021-06-21,PAT,6260,3387,2873,3649,2425,186,ITH,ITH2,4,Provincia Autonoma Trento,P.A. Trento,541380,345233,63.77,1.16
3191,2021-01-10,PAT,87,20,67,87,0,0,ITH,ITH2,4,Provincia Autonoma Trento,P.A. Trento,541380,345320,63.79,0.02
3192,2021-01-29,PAT,1426,363,1063,56,1370,0,ITH,ITH2,4,Provincia Autonoma Trento,P.A. Trento,541380,346746,64.05,0.26
3193,2021-07-14,PAT,4189,2177,2012,1702,2355,132,ITH,ITH2,4,Provincia Autonoma Trento,P.A. Trento,541380,350935,64.82,0.77
3194,2021-01-13,PAT,444,131,313,444,0,0,ITH,ITH2,4,Provincia Autonoma Trento,P.A. Trento,541380,351379,64.9,0.08
3195,2021-03-15,PAT,1453,573,880,929,469,55,ITH,ITH2,4,Provincia Autonoma Trento,P.A. Trento,541380,352832,65.17,0.27
3196,2021-08-19,PAT,4630,2484,2146,1108,3439,83,ITH,ITH2,4,Provincia Autonoma Trento,P.A. Trento,541380,357462,66.03,0.86
3197,2021-01-17,PAT,255,199,56,255,0,0,ITH,ITH2,4,Provincia Autonoma Trento,P.A. Trento,541380,357717,66.08,0.05
3198,2021-06-23,PAT,6694,3547,3147,4626,1871,197,ITH,ITH2,4,Provincia Autonoma Trento,P.A. Trento,541380,364411,67.31,1.24
3199,2021-05-11,PAT,3743,1768,1975,2641,863,239,ITH,ITH2,4,Provincia Autonoma Trento,P.A. Trento,541380,368154,68.0,0.69
3200,2021-04-27,PAT,3956,1902,2054,3597,70,289,ITH,ITH2,4,Provincia Autonoma Trento,P.A. Trento,541380,372110,68.73,0.73
3201,2021-04-29,PAT,4702,2266,2436,4173,214,315,ITH,ITH2,4,Provincia Autonoma Trento,P.A. Trento,541380,376812,69.6,0.87
3202,2021-08-07,PAT,1624,931,693,817,769,38,ITH,ITH2,4,Provincia Autonoma Trento,P.A. Trento,541380,378436,69.9,0.3
3203,2021-01-22,PAT,1748,459,1289,350,1396,2,ITH,ITH2,4,Provincia Autonoma Trento,P.A. Trento,541380,380184,70.22,0.32
3204,2021-02-05,PAT,835,288,547,285,550,0,ITH,ITH2,4,Provincia Autonoma Trento,P.A. Trento,541380,381019,70.38,0.15
3205,2021-05-16,PAT,1358,756,602,1042,248,68,ITH,ITH2,4,Provincia Autonoma Trento,P.A. Trento,541380,382377,70.63,0.25
3206,2021-07-07,PAT,4529,2432,2097,2922,1406,201,ITH,ITH2,4,Provincia Autonoma Trento,P.A. Trento,541380,386906,71.47,0.84
3207,2021-01-03,PAT,503,166,337,503,0,0,ITH,ITH2,4,Provincia Autonoma Trento,P.A. Trento,541380,387409,71.56,0.09
3208,2021-07-21,PAT,4707,2521,2186,1526,3085,96,ITH,ITH2,4,Provincia Autonoma Trento,P.A. Trento,541380,392116,72.43,0.87
3209,2021-08-09,PAT,5349,2854,2495,2284,2923,142,ITH,ITH2,4,Provincia Autonoma Trento,P.A. Trento,541380,397465,73.42,0.99
3210,2021-04-22,PAT,3175,1482,1693,2946,46,183,ITH,ITH2,4,Provincia Autonoma Trento,P.A. Trento,541380,400640,74.0,0.59
3211,2021-07-31,PAT,1497,856,641,1075,383,39,ITH,ITH2,4,Provincia Autonoma Trento,P.A. Trento,541380,402137,74.28,0.28
3212,2021-04-07,PAT,2655,1028,1627,1576,955,124,ITH,ITH2,4,Provincia Autonoma Trento,P.A. Trento,541380,404792,74.77,0.49
3213,2021-07-16,PAT,4598,2369,2229,1738,2706,154,ITH,ITH2,4,Provincia Autonoma Trento,P.A. Trento,541380,409390,75.62,0.85
3214,2021-06-27,PAT,1368,735,633,396,961,11,ITH,ITH2,4,Provincia Autonoma Trento,P.A. Trento,541380,410758,75.87,0.25
3215,2021-01-12,PAT,541,173,368,540,0,1,ITH,ITH2,4,Provincia Autonoma Trento,P.A. Trento,541380,411299,75.97,0.1
3216,2021-03-19,PAT,2467,925,1542,1503,881,83,ITH,ITH2,4,Provincia Autonoma Trento,P.A. Trento,541380,413766,76.43,0.46
3217,2021-07-03,PAT,1268,681,587,78,1185,5,ITH,ITH2,4,Provincia Autonoma Trento,P.A. Trento,541380,415034,76.66,0.23
3218,2021-03-30,PAT,2467,999,1468,1672,693,102,ITH,ITH2,4,Provincia Autonoma Trento,P.A. Trento,541380,417501,77.12,0.46
3219,2021-02-12,PAT,1033,346,687,592,439,2,ITH,ITH2,4,Provincia Autonoma Trento,P.A. Trento,541380,418534,77.31,0.19
3220,2021-03-01,PAT,1254,460,794,928,301,25,ITH,ITH2,4,Provincia Autonoma Trento,P.A. Trento,541380,419788,77.54,0.23
3221,2021-03-20,PAT,888,409,479,663,211,14,ITH,ITH2,4,Provincia Autonoma Trento,P.A. Trento,541380,420676,77.7,0.16
3222,2021-03-03,PAT,1672,628,1044,1115,520,37,ITH,ITH2,4,Provincia Autonoma Trento,P.A. Trento,541380,422348,78.01,0.31
3223,2021-09-02,PAT,3345,1751,1594,948,2349,48,ITH,ITH2,4,Provincia Autonoma Trento,P.A. Trento,541380,425693,78.63,0.62
3224,2021-06-11,PAT,7309,3477,3832,1492,5711,106,ITH,ITH2,4,Provincia Autonoma Trento,P.A. Trento,541380,433002,79.98,1.35
3225,2021-05-04,PAT,4571,2490,2081,4169,97,305,ITH,ITH2,4,Provincia Autonoma Trento,P.A. Trento,541380,437573,80.83,0.84
3226,2021-03-08,PAT,1426,439,987,1042,354,30,ITH,ITH2,4,Provincia Autonoma Trento,P.A. Trento,541380,438999,81.09,0.26
3227,2021-03-22,PAT,2349,995,1354,1405,885,59,ITH,ITH2,4,Provincia Autonoma Trento,P.A. Trento,541380,441348,81.52,0.43
3228,2021-01-24,PAT,562,285,277,226,336,0,ITH,ITH2,4,Provincia Autonoma Trento,P.A. Trento,541380,441910,81.63,0.1
3229,2021-06-30,PAT,6875,3531,3344,2692,4056,127,ITH,ITH2,4,Provincia Autonoma Trento,P.A. Trento,541380,448785,82.9,1.27
3230,2021-01-05,PAT,759,262,497,759,0,0,ITH,ITH2,4,Provincia Autonoma Trento,P.A. Trento,541380,449544,83.04,0.14
3231,2021-04-15,PAT,3234,1459,1775,2830,156,248,ITH,ITH2,4,Provincia Autonoma Trento,P.A. Trento,541380,452778,83.63,0.6
3232,2021-06-18,PAT,7068,3761,3307,1785,5190,93,ITH,ITH2,4,Provincia Autonoma Trento,P.A. Trento,541380,459846,84.94,1.31
3233,2021-03-27,PAT,1673,747,926,1322,263,88,ITH,ITH2,4,Provincia Autonoma Trento,P.A. Trento,541380,461519,85.25,0.31
3234,2021-06-04,PAT,5928,2651,3277,1731,4062,135,ITH,ITH2,4,Provincia Autonoma Trento,P.A. Trento,541380,467447,86.34,1.09
3235,2021-08-26,PAT,4123,2163,1960,1069,2957,97,ITH,ITH2,4,Provincia Autonoma Trento,P.A. Trento,541380,471570,87.11,0.76
3236,2021-02-22,PAT,755,262,493,663,86,6,ITH,ITH2,4,Provincia Autonoma Trento,P.A. Trento,541380,472325,87.24,0.14
3237,2021-05-18,PAT,4323,2047,2276,3169,869,285,ITH,ITH2,4,Provincia Autonoma Trento,P.A. Trento,541380,476648,88.04,0.8
3238,2021-09-09,PAT,1679,834,845,580,1043,56,ITH,ITH2,4,Provincia Autonoma Trento,P.A. Trento,541380,478327,88.35,0.31
3239,2021-04-05,PAT,35,17,18,30,2,3,ITH,ITH2,4,Provincia Autonoma Trento,P.A. Trento,541380,478362,88.36,0.01
3240,2021-04-11,PAT,2392,1161,1231,2201,99,92,ITH,ITH2,4,Provincia Autonoma Trento,P.A. Trento,541380,480754,88.8,0.44
3241,2021-02-27,PAT,1054,468,586,606,428,20,ITH,ITH2,4,Provincia Autonoma Trento,P.A. Trento,541380,481808,89.0,0.19
3242,2021-08-03,PAT,6213,3357,2856,2488,3596,129,ITH,ITH2,4,Provincia Autonoma Trento,P.A. Trento,541380,488021,90.14,1.15
3243,2021-01-01,PAT,222,51,171,222,0,0,ITH,ITH2,4,Provincia Autonoma Trento,P.A. Trento,541380,488243,90.18,0.04
3244,2021-06-07,PAT,5887,2930,2957,2679,3027,181,ITH,ITH2,4,Provincia Autonoma Trento,P.A. Trento,541380,494130,91.27,1.09
3245,2021-04-25,PAT,2003,953,1050,1873,7,123,ITH,ITH2,4,Provincia Autonoma Trento,P.A. Trento,541380,496133,91.64,0.37
3246,2021-01-31,PAT,77,16,61,1,76,0,ITH,ITH2,4,Provincia Autonoma Trento,P.A. Trento,541380,496210,91.66,0.01
3247,2021-07-04,PAT,225,125,100,66,157,2,ITH,ITH2,4,Provincia Autonoma Trento,P.A. Trento,541380,496435,91.7,0.04
3248,2021-03-12,PAT,2603,991,1612,1709,815,79,ITH,ITH2,4,Provincia Autonoma Trento,P.A. Trento,541380,499038,92.18,0.48
3249,2021-06-20,PAT,1900,1050,850,31,1864,5,ITH,ITH2,4,Provincia Autonoma Trento,P.A. Trento,541380,500938,92.53,0.35
3250,2021-01-02,PAT,522,149,373,522,0,0,ITH,ITH2,4,Provincia Autonoma Trento,P.A. Trento,541380,501460,92.63,0.1
3251,2021-03-29,PAT,2568,1011,1557,1696,742,130,ITH,ITH2,4,Provincia Autonoma Trento,P.A. Trento,541380,504028,93.1,0.47
3252,2021-04-12,PAT,3156,1455,1701,2527,504,125,ITH,ITH2,4,Provincia Autonoma Trento,P.A. Trento,541380,507184,93.68,0.58
3253,2021-01-21,PAT,376,104,272,247,129,0,ITH,ITH2,4,Provincia Autonoma Trento,P.A. Trento,541380,507560,93.75,0.07
3254,2021-05-01,PAT,4889,2486,2403,4552,37,300,ITH,ITH2,4,Provincia Autonoma Trento,P.A. Trento,541380,512449,94.66,0.9
3255,2021-02-21,PAT,158,95,63,44,114,0,ITH,ITH2,4,Provincia Autonoma Trento,P.A. Trento,541380,512607,94.69,0.03
3256,2021-05-15,PAT,1605,833,772,649,915,41,ITH,ITH2,4,Provincia Autonoma Trento,P.A. Trento,541380,514212,94.98,0.3
3257,2021-06-01,PAT,4105,1926,2179,1081,2912,112,ITH,ITH2,4,Provincia Autonoma Trento,P.A. Trento,541380,518317,95.74,0.76
3258,2021-08-30,PAT,3894,1986,1908,1180,2603,111,ITH,ITH2,4,Provincia Autonoma Trento,P.A. Trento,541380,522211,96.46,0.72
3259,2021-08-23,PAT,4340,2289,2051,1429,2746,165,ITH,ITH2,4,Provincia Autonoma Trento,P.A. Trento,541380,526551,97.26,0.8
3260,2021-09-06,PAT,3134,1646,1488,968,2065,101,ITH,ITH2,4,Provincia Autonoma Trento,P.A. Trento,541380,529685,97.84,0.58
3261,2021-07-11,PAT,1035,566,469,132,894,9,ITH,ITH2,4,Provincia Autonoma Trento,P.A. Trento,541380,530720,98.03,0.19
3262,2021-06-13,PAT,3734,2061,1673,279,3430,25,ITH,ITH2,4,Provincia Autonoma Trento,P.A. Trento,541380,534454,98.72,0.69
3263,2020-12-27,PAT,107,43,64,107,0,0,ITH,ITH2,4,Provincia Autonoma Trento,P.A. Trento,541380,534561,98.74,0.02
3264,2021-06-06,PAT,2269,1080,1189,431,1817,21,ITH,ITH2,4,Provincia Autonoma Trento,P.A. Trento,541380,536830,99.16,0.42
3265,2021-07-12,PAT,4272,2152,2120,2038,2042,192,ITH,ITH2,4,Provincia Autonoma Trento,P.A. Trento,541380,541102,99.95,0.79
3266,2021-02-17,PAT,1175,450,725,1058,112,5,ITH,ITH2,4,Provincia Autonoma Trento,P.A. Trento,541380,542277,100.17,0.22
3267,2021-02-24,PAT,1373,543,830,943,406,24,ITH,ITH2,4,Provincia Autonoma Trento,P.A. Trento,541380,543650,100.42,0.25
3268,2021-06-03,PAT,4845,2279,2566,1237,3515,93,ITH,ITH2,4,Provincia Autonoma Trento,P.A. Trento,541380,548495,101.31,0.89
3269,2021-09-11,PAT,689,392,297,468,187,34,ITH,ITH2,4,Provincia Autonoma Trento,P.A. Trento,541380,549184,101.44,0.13
3270,2021-01-19,PAT,434,89,345,434,0,0,ITH,ITH2,4,Provincia Autonoma Trento,P.A. Trento,541380,549618,101.52,0.08
3271,2021-07-23,PAT,4762,2442,2320,1671,2955,136,ITH,ITH2,4,Provincia Autonoma Trento,P.A. Trento,541380,554380,102.4,0.88
3272,2021-03-10,PAT,2486,973,1513,1473,948,65,ITH,ITH2,4,Provincia Autonoma Trento,P.A. Trento,541380,556866,102.86,0.46
3273,2021-08-28,PAT,1343,827,516,548,758,37,ITH,ITH2,4,Provincia Autonoma Trento,P.A. Trento,541380,558209,103.11,0.25
3274,2021-08-21,PAT,1319,782,537,602,678,39,ITH,ITH2,4,Provincia Autonoma Trento,P.A. Trento,541380,559528,103.35,0.24
3275,2021-06-25,PAT,7796,4158,3638,4174,3448,174,ITH,ITH2,4,Provincia Autonoma Trento,P.A. Trento,541380,567324,104.79,1.44
3276,2021-05-30,PAT,1777,876,901,864,843,70,ITH,ITH2,4,Provincia Autonoma Trento,P.A. Trento,541380,569101,105.12,0.33
3277,2021-04-03,PAT,1181,485,696,935,178,68,ITH,ITH2,4,Provincia Autonoma Trento,P.A. Trento,541380,570282,105.34,0.22
3278,2021-09-07,PAT,1519,792,727,448,1027,44,ITH,ITH2,4,Provincia Autonoma Trento,P.A. Trento,541380,571801,105.62,0.28
3279,2021-04-24,PAT,3580,1714,1866,3352,16,212,ITH,ITH2,4,Provincia Autonoma Trento,P.A. Trento,541380,575381,106.28,0.66
3280,2021-02-26,PAT,1257,445,812,932,299,26,ITH,ITH2,4,Provincia Autonoma Trento,P.A. Trento,541380,576638,106.51,0.23
3281,2021-01-14,PAT,731,218,513,729,0,2,ITH,ITH2,4,Provincia Autonoma Trento,P.A. Trento,541380,577369,106.65,0.14
3282,2021-02-28,PAT,246,122,124,236,0,10,ITH,ITH2,4,Provincia Autonoma Trento,P.A. Trento,541380,577615,106.69,0.05
3283,2021-08-04,PAT,6209,3313,2896,2572,3499,138,ITH,ITH2,4,Provincia Autonoma Trento,P.A. Trento,541380,583824,107.84,1.15
3284,2021-06-08,PAT,6045,2919,3126,1785,4133,127,ITH,ITH2,4,Provincia Autonoma Trento,P.A. Trento,541380,589869,108.96,1.12
3285,2021-04-26,PAT,2676,1260,1416,2411,96,169,ITH,ITH2,4,Provincia Autonoma Trento,P.A. Trento,541380,592545,109.45,0.49
3286,2021-07-30,PAT,5851,3097,2754,2292,3449,110,ITH,ITH2,4,Provincia Autonoma Trento,P.A. Trento,541380,598396,110.53,1.08
3287,2021-08-16,PAT,4850,2562,2288,1810,2931,109,ITH,ITH2,4,Provincia Autonoma Trento,P.A. Trento,541380,603246,111.43,0.9
3288,2021-05-25,PAT,4867,2315,2552,1743,2975,149,ITH,ITH2,4,Provincia Autonoma Trento,P.A. Trento,541380,608113,112.33,0.9
3289,2021-05-08,PAT,3195,1743,1452,2571,426,198,ITH,ITH2,4,Provincia Autonoma Trento,P.A. Trento,541380,611308,112.92,0.59
3290,2021-02-14,PAT,250,189,61,11,239,0,ITH,ITH2,4,Provincia Autonoma Trento,P.A. Trento,541380,611558,112.96,0.05
3291,2021-08-18,PAT,4634,2553,2081,1435,3113,86,ITH,ITH2,4,Provincia Autonoma Trento,P.A. Trento,541380,616192,113.82,0.86
3292,2021-05-27,PAT,4379,2034,2345,1164,3081,134,ITH,ITH2,4,Provincia Autonoma Trento,P.A. Trento,541380,620571,114.63,0.81
3293,2021-09-04,PAT,932,544,388,482,412,38,ITH,ITH2,4,Provincia Autonoma Trento,P.A. Trento,541380,621503,114.8,0.17
3294,2021-02-19,PAT,945,366,579,847,65,33,ITH,ITH2,4,Provincia Autonoma Trento,P.A. Trento,541380,622448,114.97,0.17
3295,2021-08-11,PAT,5848,3150,2698,3094,2591,163,ITH,ITH2,4,Provincia Autonoma Trento,P.A. Trento,541380,628296,116.05,1.08
3296,2021-08-14,PAT,290,156,134,50,237,3,ITH,ITH2,4,Provincia Autonoma Trento,P.A. Trento,541380,628586,116.11,0.05
3297,2021-07-02,PAT,7424,4037,3387,3583,3596,245,ITH,ITH2,4,Provincia Autonoma Trento,P.A. Trento,541380,636010,117.48,1.37
3298,2021-01-15,PAT,628,149,479,627,0,1,ITH,ITH2,4,Provincia Autonoma Trento,P.A. Trento,541380,636638,117.6,0.12
3299,2021-05-20,PAT,5122,2408,2714,3149,1690,283,ITH,ITH2,4,Provincia Autonoma Trento,P.A. Trento,541380,641760,118.54,0.95
3300,2021-03-24,PAT,2415,963,1452,1468,827,120,ITH,ITH2,4,Provincia Autonoma Trento,P.A. Trento,541380,644175,118.99,0.45
3301,2021-02-09,PAT,952,303,649,448,503,1,ITH,ITH2,4,Provincia Autonoma Trento,P.A. Trento,541380,645127,119.16,0.18
3302,2021-03-17,PAT,2131,813,1318,1130,907,94,ITH,ITH2,4,Provincia Autonoma Trento,P.A. Trento,541380,647258,119.56,0.39
3303,2021-02-02,PAT,942,254,688,192,750,0,ITH,ITH2,4,Provincia Autonoma Trento,P.A. Trento,541380,648200,119.73,0.17
3304,2021-07-09,PAT,5154,2733,2421,3046,1885,223,ITH,ITH2,4,Provincia Autonoma Trento,P.A. Trento,541380,653354,120.68,0.95
3305,2021-05-13,PAT,3458,1607,1851,2103,1127,228,ITH,ITH2,4,Provincia Autonoma Trento,P.A. Trento,541380,656812,121.32,0.64
3306,2021-03-31,PAT,2623,1001,1622,1655,868,100,ITH,ITH2,4,Provincia Autonoma Trento,P.A. Trento,541380,659435,121.81,0.48
3307,2021-01-26,PAT,577,173,404,28,549,0,ITH,ITH2,4,Provincia Autonoma Trento,P.A. Trento,541380,660012,121.91,0.11
3308,2021-05-06,PAT,5616,2795,2821,4447,794,375,ITH,ITH2,4,Provincia Autonoma Trento,P.A. Trento,541380,665628,122.95,1.04
3309,2021-02-08,PAT,1194,333,861,347,847,0,ITH,ITH2,4,Provincia Autonoma Trento,P.A. Trento,541380,666822,123.17,0.22
3310,2021-08-29,PAT,615,346,269,310,281,24,ITH,ITH2,4,Provincia Autonoma Trento,P.A. Trento,541380,667437,123.28,0.11
3311,2021-07-17,PAT,1099,537,562,270,809,20,ITH,ITH2,4,Provincia Autonoma Trento,P.A. Trento,541380,668536,123.49,0.2
3312,2021-05-21,PAT,5216,2506,2710,3138,1806,272,ITH,ITH2,4,Provincia Autonoma Trento,P.A. Trento,541380,673752,124.45,0.96
3313,2021-02-01,PAT,1278,356,922,98,1180,0,ITH,ITH2,4,Provincia Autonoma Trento,P.A. Trento,541380,675030,124.69,0.24
3314,2021-08-31,PAT,4401,2290,2111,1240,3060,101,ITH,ITH2,4,Provincia Autonoma Trento,P.A. Trento,541380,679431,125.5,0.81
3315,2021-02-03,PAT,877,326,551,417,460,0,ITH,ITH2,4,Provincia Autonoma Trento,P.A. Trento,541380,680308,125.66,0.16
3316,2021-07-19,PAT,4811,2534,2277,1456,3225,130,ITH,ITH2,4,Provincia Autonoma Trento,P.A. Trento,541380,685119,126.55,0.89
3317,2021-05-23,PAT,1995,1015,980,431,1535,29,ITH,ITH2,4,Provincia Autonoma Trento,P.A. Trento,541380,687114,126.92,0.37
3318,2021-04-10,PAT,2877,1352,1525,1995,803,79,ITH,ITH2,4,Provincia Autonoma Trento,P.A. Trento,541380,689991,127.45,0.53
3319,2021-02-10,PAT,872,295,577,513,358,1,ITH,ITH2,4,Provincia Autonoma Trento,P.A. Trento,541380,690863,127.61,0.16
3320,2021-07-26,PAT,3900,2058,1842,835,2995,70,ITH,ITH2,4,Provincia Autonoma Trento,P.A. Trento,541380,694763,128.33,0.72
3321,2021-04-08,PAT,3181,1335,1846,1953,1133,95,ITH,ITH2,4,Provincia Autonoma Trento,P.A. Trento,541380,697944,128.92,0.59
3322,2020-12-31,PAT,1701,480,1221,1701,0,0,ITH,ITH2,4,Provincia Autonoma Trento,P.A. Trento,541380,699645,129.23,0.31
3323,2021-06-22,PAT,6383,3479,2904,3627,2568,188,ITH,ITH2,4,Provincia Autonoma Trento,P.A. Trento,541380,706028,130.41,1.18
3324,2021-03-05,PAT,2308,736,1572,1643,569,96,ITH,ITH2,4,Provincia Autonoma Trento,P.A. Trento,541380,708336,130.84,0.43
3325,2021-01-07,PAT,1301,328,973,1298,0,3,ITH,ITH2,4,Provincia Autonoma Trento,P.A. Trento,541380,709637,131.08,0.24
3326,2021-04-17,PAT,2253,1148,1105,2090,57,106,ITH,ITH2,4,Provincia Autonoma Trento,P.A. Trento,541380,711890,131.5,0.42
3327,2021-04-19,PAT,2646,1244,1402,2429,23,194,ITH,ITH2,4,Provincia Autonoma Trento,P.A. Trento,541380,714536,131.98,0.49
3328,2021-07-28,PAT,4868,2670,2198,2160,2572,136,ITH,ITH2,4,Provincia Autonoma Trento,P.A. Trento,541380,719404,132.88,0.9
3329,2021-06-15,PAT,6332,3342,2990,1632,4565,135,ITH,ITH2,4,Provincia Autonoma Trento,P.A. Trento,541380,725736,134.05,1.17
3330,2021-04-05,MAR,5703,2367,3336,4352,1269,82,ITI,ITI3,11,Marche,Marche,1525271,5703,0.37,0.37
3331,2021-06-27,MAR,9949,4819,5130,4486,5292,171,ITI,ITI3,11,Marche,Marche,1525271,15652,1.03,0.65
3332,2021-03-19,MAR,3881,1621,2260,325,3544,12,ITI,ITI3,11,Marche,Marche,1525271,19533,1.28,0.25
3333,2021-08-11,MAR,7571,4099,3472,3170,4165,236,ITI,ITI3,11,Marche,Marche,1525271,27104,1.78,0.5
3334,2021-06-15,MAR,13198,6572,6626,9827,3052,319,ITI,ITI3,11,Marche,Marche,1525271,40302,2.64,0.87
3335,2021-01-12,MAR,1237,418,819,1224,0,13,ITI,ITI3,11,Marche,Marche,1525271,41539,2.72,0.08
3336,2021-06-22,MAR,13219,6482,6737,6475,6461,283,ITI,ITI3,11,Marche,Marche,1525271,54758,3.59,0.87
3337,2021-04-26,MAR,9175,4063,5112,6017,3028,130,ITI,ITI3,11,Marche,Marche,1525271,63933,4.19,0.6
3338,2021-08-06,MAR,11703,6353,5350,4143,7278,282,ITI,ITI3,11,Marche,Marche,1525271,75636,4.96,0.77
3339,2021-05-15,MAR,14118,6441,7677,7826,6044,248,ITI,ITI3,11,Marche,Marche,1525271,89754,5.88,0.93
3340,2021-08-23,MAR,6195,3340,2855,2277,3650,268,ITI,ITI3,11,Marche,Marche,1525271,95949,6.29,0.41
3341,2021-02-19,MAR,2002,739,1263,1826,135,41,ITI,ITI3,11,Marche,Marche,1525271,97951,6.42,0.13
3342,2021-05-20,MAR,12684,5961,6723,7537,4896,251,ITI,ITI3,11,Marche,Marche,1525271,110635,7.25,0.83
3343,2021-02-07,MAR,1872,735,1137,331,1529,12,ITI,ITI3,11,Marche,Marche,1525271,112507,7.38,0.12
3344,2021-07-23,MAR,15542,8280,7262,2528,12789,225,ITI,ITI3,11,Marche,Marche,1525271,128049,8.4,1.02
3345,2021-03-24,MAR,7098,3019,4079,3309,3716,73,ITI,ITI3,11,Marche,Marche,1525271,135147,8.86,0.47
3346,2021-06-01,MAR,12055,6157,5898,9679,2090,286,ITI,ITI3,11,Marche,Marche,1525271,147202,9.65,0.79
3347,2021-03-10,MAR,5713,2442,3271,4479,1180,54,ITI,ITI3,11,Marche,Marche,1525271,152915,10.03,0.37
3348,2021-02-21,MAR,376,141,235,363,1,12,ITI,ITI3,11,Marche,Marche,1525271,153291,10.05,0.02
3349,2021-01-26,MAR,2021,747,1274,70,1942,9,ITI,ITI3,11,Marche,Marche,1525271,155312,10.18,0.13
3350,2021-07-11,MAR,10399,5220,5179,1605,8657,137,ITI,ITI3,11,Marche,Marche,1525271,165711,10.86,0.68
3351,2021-04-19,MAR,9609,4503,5106,7898,1588,123,ITI,ITI3,11,Marche,Marche,1525271,175320,11.49,0.63
3352,2021-07-28,MAR,14198,7369,6829,3249,10717,232,ITI,ITI3,11,Marche,Marche,1525271,189518,12.43,0.93
3353,2021-01-21,MAR,922,262,660,577,328,17,ITI,ITI3,11,Marche,Marche,1525271,190440,12.49,0.06
3354,2021-05-01,MAR,9328,3927,5401,3500,5751,77,ITI,ITI3,11,Marche,Marche,1525271,199768,13.1,0.61
3355,2021-09-06,MAR,6374,3388,2986,1770,4391,213,ITI,ITI3,11,Marche,Marche,1525271,206142,13.52,0.42
3356,2021-05-27,MAR,13733,6818,6915,9180,4301,252,ITI,ITI3,11,Marche,Marche,1525271,219875,14.42,0.9
3357,2021-03-31,MAR,7377,3088,4289,4264,3025,88,ITI,ITI3,11,Marche,Marche,1525271,227252,14.9,0.48
3358,2021-09-04,MAR,5448,2975,2473,1640,3624,184,ITI,ITI3,11,Marche,Marche,1525271,232700,15.26,0.36
3359,2021-03-17,MAR,3477,1525,1952,105,3370,2,ITI,ITI3,11,Marche,Marche,1525271,236177,15.48,0.23
3360,2021-08-30,MAR,5676,2841,2835,2358,3048,270,ITI,ITI3,11,Marche,Marche,1525271,241853,15.86,0.37
3361,2021-02-28,MAR,2836,1251,1585,2822,6,8,ITI,ITI3,11,Marche,Marche,1525271,244689,16.04,0.19
3362,2021-06-08,MAR,14098,7094,7004,11195,2611,292,ITI,ITI3,11,Marche,Marche,1525271,258787,16.97,0.92
3363,2021-08-18,MAR,6421,3421,3000,3214,2872,335,ITI,ITI3,11,Marche,Marche,1525271,265208,17.39,0.42
3364,2021-08-04,MAR,12003,6381,5622,4060,7701,242,ITI,ITI3,11,Marche,Marche,1525271,277211,18.17,0.79
3365,2021-07-04,MAR,10896,5445,5451,3204,7531,161,ITI,ITI3,11,Marche,Marche,1525271,288107,18.89,0.71
3366,2021-09-11,MAR,3664,1898,1766,1371,2125,168,ITI,ITI3,11,Marche,Marche,1525271,291771,19.13,0.24
3367,2020-12-31,MAR,392,184,208,390,0,2,ITI,ITI3,11,Marche,Marche,1525271,292163,19.15,0.03
3368,2021-07-18,MAR,12124,6310,5814,1333,10673,118,ITI,ITI3,11,Marche,Marche,1525271,304287,19.95,0.79
3369,2021-01-31,MAR,1921,772,1149,93,1824,4,ITI,ITI3,11,Marche,Marche,1525271,306208,20.08,0.13
3370,2021-04-07,MAR,8873,3932,4941,8357,369,147,ITI,ITI3,11,Marche,Marche,1525271,315081,20.66,0.58
3371,2021-02-09,MAR,125,42,83,46,79,0,ITI,ITI3,11,Marche,Marche,1525271,315206,20.67,0.01
3372,2021-07-16,MAR,15838,8239,7599,1844,13736,258,ITI,ITI3,11,Marche,Marche,1525271,331044,21.7,1.04
3373,2021-06-12,MAR,13781,7315,6466,12104,1346,331,ITI,ITI3,11,Marche,Marche,1525271,344825,22.61,0.9
3374,2021-02-14,MAR,738,301,437,726,0,12,ITI,ITI3,11,Marche,Marche,1525271,345563,22.66,0.05
3375,2021-08-16,MAR,5165,2781,2384,2983,2022,160,ITI,ITI3,11,Marche,Marche,1525271,350728,22.99,0.34
3376,2021-05-08,MAR,12293,5486,6807,4850,7265,178,ITI,ITI3,11,Marche,Marche,1525271,363021,23.8,0.81
3377,2021-07-30,MAR,14714,7863,6851,4867,9559,288,ITI,ITI3,11,Marche,Marche,1525271,377735,24.77,0.96
3378,2021-01-19,MAR,233,87,146,140,90,3,ITI,ITI3,11,Marche,Marche,1525271,377968,24.78,0.02
3379,2021-02-02,MAR,1193,398,795,70,1123,0,ITI,ITI3,11,Marche,Marche,1525271,379161,24.86,0.08
3380,2021-05-13,MAR,12613,5698,6915,6823,5508,282,ITI,ITI3,11,Marche,Marche,1525271,391774,25.69,0.83
3381,2021-04-12,MAR,8571,3773,4798,7931,482,158,ITI,ITI3,11,Marche,Marche,1525271,400345,26.25,0.56
3382,2021-01-02,MAR,458,143,315,456,0,2,ITI,ITI3,11,Marche,Marche,1525271,400803,26.28,0.03
3383,2021-03-05,MAR,6224,2873,3351,4689,1469,66,ITI,ITI3,11,Marche,Marche,1525271,407027,26.69,0.41
3384,2021-01-07,MAR,1821,642,1179,1804,0,17,ITI,ITI3,11,Marche,Marche,1525271,408848,26.8,0.12
3385,2021-03-12,MAR,4681,1999,2682,3346,1280,55,ITI,ITI3,11,Marche,Marche,1525271,413529,27.11,0.31
3386,2021-01-14,MAR,2019,696,1323,1995,0,24,ITI,ITI3,11,Marche,Marche,1525271,415548,27.24,0.13
3387,2021-06-20,MAR,11160,5547,5613,5990,4988,182,ITI,ITI3,11,Marche,Marche,1525271,426708,27.98,0.73
3388,2021-07-09,MAR,14903,7502,7401,2557,12132,214,ITI,ITI3,11,Marche,Marche,1525271,441611,28.95,0.98
3389,2021-03-29,MAR,5898,2584,3314,3391,2458,49,ITI,ITI3,11,Marche,Marche,1525271,447509,29.34,0.39
3390,2021-06-03,MAR,14638,7483,7155,12081,2252,305,ITI,ITI3,11,Marche,Marche,1525271,462147,30.3,0.96
3391,2021-03-02,MAR,5002,1967,3035,4370,566,66,ITI,ITI3,11,Marche,Marche,1525271,467149,30.63,0.33
3392,2021-06-10,MAR,14930,7695,7235,12575,2013,342,ITI,ITI3,11,Marche,Marche,1525271,482079,31.61,0.98
3393,2021-09-01,MAR,6204,3279,2925,2019,3952,233,ITI,ITI3,11,Marche,Marche,1525271,488283,32.01,0.41
3394,2021-08-15,MAR,225,112,113,205,13,7,ITI,ITI3,11,Marche,Marche,1525271,488508,32.03,0.01
3395,2021-05-24,MAR,10999,5193,5806,7957,2865,177,ITI,ITI3,11,Marche,Marche,1525271,499507,32.75,0.72
3396,2021-02-04,MAR,2389,844,1545,107,2277,5,ITI,ITI3,11,Marche,Marche,1525271,501896,32.91,0.16
3397,2021-01-18,MAR,696,237,459,536,149,11,ITI,ITI3,11,Marche,Marche,1525271,502592,32.95,0.05
3398,2021-04-28,MAR,10938,4983,5955,6018,4745,175,ITI,ITI3,11,Marche,Marche,1525271,513530,33.67,0.72
3399,2021-04-16,MAR,10086,4705,5381,9349,526,211,ITI,ITI3,11,Marche,Marche,1525271,523616,34.33,0.66
3400,2021-07-25,MAR,9351,4933,4418,1004,8249,98,ITI,ITI3,11,Marche,Marche,1525271,532967,34.94,0.61
3401,2021-01-04,MAR,1528,574,954,1515,0,13,ITI,ITI3,11,Marche,Marche,1525271,534495,35.04,0.1
3402,2021-04-14,MAR,10219,4565,5654,9651,369,199,ITI,ITI3,11,Marche,Marche,1525271,544714,35.71,0.67
3403,2021-01-09,MAR,1718,606,1112,1698,0,20,ITI,ITI3,11,Marche,Marche,1525271,546432,35.83,0.11
3404,2021-04-02,MAR,6894,2988,3906,6042,739,113,ITI,ITI3,11,Marche,Marche,1525271,553326,36.28,0.45
3405,2021-03-16,MAR,3522,1523,1999,285,3231,6,ITI,ITI3,11,Marche,Marche,1525271,556848,36.51,0.23
3406,2021-06-24,MAR,13845,6679,7166,6187,7387,271,ITI,ITI3,11,Marche,Marche,1525271,570693,37.42,0.91
3407,2021-01-23,MAR,557,190,367,118,436,3,ITI,ITI3,11,Marche,Marche,1525271,571250,37.45,0.04
3408,2021-06-29,MAR,13371,6599,6772,4926,8215,230,ITI,ITI3,11,Marche,Marche,1525271,584621,38.33,0.88
3409,2021-05-03,MAR,10410,4690,5720,4857,5414,139,ITI,ITI3,11,Marche,Marche,1525271,595031,39.01,0.68
3410,2021-03-28,MAR,4128,1741,2387,2397,1693,38,ITI,ITI3,11,Marche,Marche,1525271,599159,39.28,0.27
3411,2021-01-30,MAR,1905,668,1237,24,1881,0,ITI,ITI3,11,Marche,Marche,1525271,601064,39.41,0.12
3412,2021-04-24,MAR,12172,5366,6806,7557,4467,148,ITI,ITI3,11,Marche,Marche,1525271,613236,40.21,0.8
3413,2021-02-26,MAR,3681,1523,2158,3096,480,105,ITI,ITI3,11,Marche,Marche,1525271,616917,40.45,0.24
3414,2021-05-12,MAR,10430,4691,5739,4732,5505,193,ITI,ITI3,11,Marche,Marche,1525271,627347,41.13,0.68
3415,2021-08-20,MAR,4963,2693,2270,2952,1687,324,ITI,ITI3,11,Marche,Marche,1525271,632310,41.46,0.33
3416,2021-09-03,MAR,6437,3384,3053,2190,3967,280,ITI,ITI3,11,Marche,Marche,1525271,638747,41.88,0.42
3417,2021-07-08,MAR,15040,7539,7501,2787,12027,226,ITI,ITI3,11,Marche,Marche,1525271,653787,42.86,0.99
3418,2021-08-27,MAR,5714,3049,2665,2800,2513,401,ITI,ITI3,11,Marche,Marche,1525271,659501,43.24,0.37
3419,2021-07-01,MAR,14696,7367,7329,4658,9760,278,ITI,ITI3,11,Marche,Marche,1525271,674197,44.2,0.96
3420,2021-05-22,MAR,11941,5720,6221,7321,4449,171,ITI,ITI3,11,Marche,Marche,1525271,686138,44.98,0.78
3421,2021-02-11,MAR,1988,657,1331,1557,390,41,ITI,ITI3,11,Marche,Marche,1525271,688126,45.11,0.13
3422,2021-05-05,MAR,11696,5321,6375,5101,6433,162,ITI,ITI3,11,Marche,Marche,1525271,699822,45.88,0.77
3423,2021-08-13,MAR,6751,3759,2992,3388,3151,212,ITI,ITI3,11,Marche,Marche,1525271,706573,46.32,0.44
3424,2021-05-07,MAR,12838,5803,7035,3550,9186,102,ITI,ITI3,11,Marche,Marche,1525271,719411,47.17,0.84
3425,2021-02-13,MAR,1093,462,631,988,82,23,ITI,ITI3,11,Marche,Marche,1525271,720504,47.24,0.07
3426,2021-03-26,MAR,6392,2626,3766,3475,2859,58,ITI,ITI3,11,Marche,Marche,1525271,726896,47.66,0.42
3427,2021-06-17,MAR,15205,7565,7640,8796,6111,298,ITI,ITI3,11,Marche,Marche,1525271,742101,48.65,1.0
3428,2021-03-09,MAR,5430,2293,3137,4457,881,92,ITI,ITI3,11,Marche,Marche,1525271,747531,49.01,0.36
3429,2021-07-22,MAR,15746,8048,7698,2018,13487,241,ITI,ITI3,11,Marche,Marche,1525271,763277,50.04,1.03
3430,2021-08-25,MAR,5584,2990,2594,2724,2539,321,ITI,ITI3,11,Marche,Marche,1525271,768861,50.41,0.37
3431,2021-03-07,MAR,5180,2107,3073,4377,754,49,ITI,ITI3,11,Marche,Marche,1525271,774041,50.75,0.34
3432,2021-08-08,MAR,5637,3020,2617,1681,3845,111,ITI,ITI3,11,Marche,Marche,1525271,779678,51.12,0.37
3433,2021-07-06,MAR,13963,6920,7043,3142,10598,223,ITI,ITI3,11,Marche,Marche,1525271,793641,52.03,0.92
3434,2021-07-20,MAR,14396,7435,6961,1767,12454,175,ITI,ITI3,11,Marche,Marche,1525271,808037,52.98,0.94
3435,2021-01-16,MAR,2040,735,1305,1989,0,51,ITI,ITI3,11,Marche,Marche,1525271,810077,53.11,0.13
3436,2021-06-19,MAR,14696,7404,7292,7749,6682,265,ITI,ITI3,11,Marche,Marche,1525271,824773,54.07,0.96
3437,2021-05-31,MAR,11782,5944,5838,8599,2931,252,ITI,ITI3,11,Marche,Marche,1525271,836555,54.85,0.77
3438,2021-05-17,MAR,12047,5649,6398,7465,4354,228,ITI,ITI3,11,Marche,Marche,1525271,848602,55.64,0.79
3439,2021-01-27,MAR,2119,778,1341,113,2004,2,ITI,ITI3,11,Marche,Marche,1525271,850721,55.78,0.14
3440,2021-04-20,MAR,10756,5030,5726,9147,1472,137,ITI,ITI3,11,Marche,Marche,1525271,861477,56.48,0.71
3441,2021-07-29,MAR,14843,7879,6964,4578,9954,311,ITI,ITI3,11,Marche,Marche,1525271,876320,57.45,0.97
3442,2021-01-25,MAR,1597,559,1038,90,1507,0,ITI,ITI3,11,Marche,Marche,1525271,877917,57.56,0.1
3443,2021-01-08,MAR,1583,592,991,1568,0,15,ITI,ITI3,11,Marche,Marche,1525271,879500,57.66,0.1
3444,2021-04-18,MAR,8824,4131,4693,7728,921,175,ITI,ITI3,11,Marche,Marche,1525271,888324,58.24,0.58
3445,2021-01-11,MAR,1182,413,769,1164,0,18,ITI,ITI3,11,Marche,Marche,1525271,889506,58.32,0.08
3446,2021-04-21,MAR,10787,4969,5818,9426,1196,165,ITI,ITI3,11,Marche,Marche,1525271,900293,59.03,0.71
3447,2021-01-28,MAR,2091,726,1365,158,1932,1,ITI,ITI3,11,Marche,Marche,1525271,902384,59.16,0.14
3448,2021-04-04,MAR,3835,1797,2038,2614,1169,52,ITI,ITI3,11,Marche,Marche,1525271,906219,59.41,0.25
3449,2021-07-13,MAR,14853,7278,7575,1456,13268,129,ITI,ITI3,11,Marche,Marche,1525271,921072,60.39,0.97
3450,2021-02-15,MAR,967,412,555,939,13,15,ITI,ITI3,11,Marche,Marche,1525271,922039,60.45,0.06
3451,2021-05-26,MAR,11889,5952,5937,8448,3227,214,ITI,ITI3,11,Marche,Marche,1525271,933928,61.23,0.78
3452,2021-03-30,MAR,7487,3080,4407,4576,2834,77,ITI,ITI3,11,Marche,Marche,1525271,941415,61.72,0.49
3453,2021-02-01,MAR,1362,479,883,93,1266,3,ITI,ITI3,11,Marche,Marche,1525271,942777,61.81,0.09
3454,2021-09-08,MAR,7230,3781,3449,2063,4909,258,ITI,ITI3,11,Marche,Marche,1525271,950007,62.28,0.47
3455,2021-04-30,MAR,14166,6204,7962,5395,8573,198,ITI,ITI3,11,Marche,Marche,1525271,964173,63.21,0.93
3456,2021-04-11,MAR,7117,3116,4001,6681,287,149,ITI,ITI3,11,Marche,Marche,1525271,971290,63.68,0.47
3457,2021-03-11,MAR,6635,2823,3812,5144,1412,79,ITI,ITI3,11,Marche,Marche,1525271,977925,64.11,0.44
3458,2021-04-13,MAR,9840,4262,5578,9396,234,210,ITI,ITI3,11,Marche,Marche,1525271,987765,64.76,0.65
3459,2021-07-05,MAR,13167,6510,6657,2918,10077,172,ITI,ITI3,11,Marche,Marche,1525271,1000932,65.62,0.86
3460,2021-06-16,MAR,13755,6912,6843,9126,4365,264,ITI,ITI3,11,Marche,Marche,1525271,1014687,66.53,0.9
3461,2021-06-02,MAR,11902,5939,5963,11028,678,196,ITI,ITI3,11,Marche,Marche,1525271,1026589,67.31,0.78
3462,2021-09-10,MAR,7565,4075,3490,2069,5195,301,ITI,ITI3,11,Marche,Marche,1525271,1034154,67.8,0.5
3463,2021-07-31,MAR,13203,7250,5953,5142,7731,330,ITI,ITI3,11,Marche,Marche,1525271,1047357,68.67,0.87
3464,2021-07-14,MAR,13851,6818,7033,1784,11875,192,ITI,ITI3,11,Marche,Marche,1525271,1061208,69.58,0.91
3465,2021-01-10,MAR,1746,702,1044,1732,0,14,ITI,ITI3,11,Marche,Marche,1525271,1062954,69.69,0.11
3466,2021-07-12,MAR,13724,6805,6919,1228,12378,118,ITI,ITI3,11,Marche,Marche,1525271,1076678,70.59,0.9
3467,2021-04-03,MAR,7577,3204,4373,6736,667,174,ITI,ITI3,11,Marche,Marche,1525271,1084255,71.09,0.5
3468,2021-06-25,MAR,14344,7171,7173,6418,7637,289,ITI,ITI3,11,Marche,Marche,1525271,1098599,72.03,0.94
3469,2020-12-30,MAR,17,5,12,17,0,0,ITI,ITI3,11,Marche,Marche,1525271,1098616,72.03,0.0
3470,2021-04-09,MAR,9570,4191,5379,9149,200,221,ITI,ITI3,11,Marche,Marche,1525271,1108186,72.66,0.63
3471,2021-07-27,MAR,14370,7537,6833,3032,11112,226,ITI,ITI3,11,Marche,Marche,1525271,1122556,73.6,0.94
3472,2021-01-06,MAR,2215,804,1411,2196,0,19,ITI,ITI3,11,Marche,Marche,1525271,1124771,73.74,0.15
3473,2021-08-31,MAR,4828,2561,2267,2013,2586,229,ITI,ITI3,11,Marche,Marche,1525271,1129599,74.06,0.32
3474,2021-06-09,MAR,14279,7417,6862,12108,1869,302,ITI,ITI3,11,Marche,Marche,1525271,1143878,75.0,0.94
3475,2021-06-07,MAR,13322,6589,6733,10569,2450,303,ITI,ITI3,11,Marche,Marche,1525271,1157200,75.87,0.87
3476,2021-02-27,MAR,3401,1457,1944,3158,209,34,ITI,ITI3,11,Marche,Marche,1525271,1160601,76.09,0.22
3477,2021-04-06,MAR,8876,3693,5183,7928,810,138,ITI,ITI3,11,Marche,Marche,1525271,1169477,76.67,0.58
3478,2021-03-23,MAR,5839,2556,3283,2224,3576,39,ITI,ITI3,11,Marche,Marche,1525271,1175316,77.06,0.38
3479,2021-02-08,MAR,834,259,575,366,463,5,ITI,ITI3,11,Marche,Marche,1525271,1176150,77.11,0.05
3480,2021-07-15,MAR,16010,8287,7723,1750,14032,228,ITI,ITI3,11,Marche,Marche,1525271,1192160,78.16,1.05
3481,2021-05-19,MAR,11665,5364,6301,8366,3101,198,ITI,ITI3,11,Marche,Marche,1525271,1203825,78.93,0.76
3482,2021-03-25,MAR,6703,2794,3909,3186,3456,61,ITI,ITI3,11,Marche,Marche,1525271,1210528,79.36,0.44
3483,2021-07-03,MAR,13843,6991,6852,4136,9395,312,ITI,ITI3,11,Marche,Marche,1525271,1224371,80.27,0.91
3484,2021-02-20,MAR,4163,1732,2431,4042,111,10,ITI,ITI3,11,Marche,Marche,1525271,1228534,80.55,0.27
3485,2021-08-22,MAR,109,60,49,75,26,8,ITI,ITI3,11,Marche,Marche,1525271,1228643,80.55,0.01
3486,2021-02-22,MAR,3461,1532,1929,3351,75,35,ITI,ITI3,11,Marche,Marche,1525271,1232104,80.78,0.23
3487,2021-08-24,MAR,6438,3400,3038,3297,2759,382,ITI,ITI3,11,Marche,Marche,1525271,1238542,81.2,0.42
3488,2021-08-05,MAR,11905,6393,5512,4078,7560,267,ITI,ITI3,11,Marche,Marche,1525271,1250447,81.98,0.78
3489,2021-03-27,MAR,7428,3098,4330,4957,2396,75,ITI,ITI3,11,Marche,Marche,1525271,1257875,82.47,0.49
3490,2021-05-10,MAR,9463,4343,5120,4755,4564,144,ITI,ITI3,11,Marche,Marche,1525271,1267338,83.09,0.62
3491,2021-03-14,MAR,2499,1032,1467,1896,592,11,ITI,ITI3,11,Marche,Marche,1525271,1269837,83.25,0.16
3492,2021-03-21,MAR,4506,1873,2633,1612,2877,17,ITI,ITI3,11,Marche,Marche,1525271,1274343,83.55,0.3
3493,2021-02-06,MAR,2463,902,1561,512,1942,9,ITI,ITI3,11,Marche,Marche,1525271,1276806,83.71,0.16
3494,2021-04-17,MAR,11705,5317,6388,10393,1073,239,ITI,ITI3,11,Marche,Marche,1525271,1288511,84.48,0.77
3495,2021-07-26,MAR,11031,5737,5294,2109,8715,207,ITI,ITI3,11,Marche,Marche,1525271,1299542,85.2,0.72
3496,2021-04-10,MAR,10931,4625,6306,10370,314,247,ITI,ITI3,11,Marche,Marche,1525271,1310473,85.92,0.72
3497,2021-01-03,MAR,912,358,554,902,0,10,ITI,ITI3,11,Marche,Marche,1525271,1311385,85.98,0.06
3498,2021-07-19,MAR,14678,7531,7147,1925,12538,215,ITI,ITI3,11,Marche,Marche,1525271,1326063,86.94,0.96
3499,2021-03-08,MAR,6301,2762,3539,5188,1002,111,ITI,ITI3,11,Marche,Marche,1525271,1332364,87.35,0.41
3500,2021-02-05,MAR,2158,655,1503,438,1719,1,ITI,ITI3,11,Marche,Marche,1525271,1334522,87.49,0.14
3501,2021-05-16,MAR,10899,4958,5941,6546,4231,122,ITI,ITI3,11,Marche,Marche,1525271,1345421,88.21,0.71
3502,2021-05-30,MAR,9736,4691,5045,6546,2993,197,ITI,ITI3,11,Marche,Marche,1525271,1355157,88.85,0.64
3503,2021-09-07,MAR,6133,3220,2913,1740,4190,203,ITI,ITI3,11,Marche,Marche,1525271,1361290,89.25,0.4
3504,2021-04-27,MAR,9594,4390,5204,5506,3990,98,ITI,ITI3,11,Marche,Marche,1525271,1370884,89.88,0.63
3505,2021-08-09,MAR,9095,4828,4267,4052,4770,273,ITI,ITI3,11,Marche,Marche,1525271,1379979,90.47,0.6
3506,2021-06-13,MAR,10752,5566,5186,9203,1299,250,ITI,ITI3,11,Marche,Marche,1525271,1390731,91.18,0.7
3507,2020-12-27,MAR,209,100,109,207,0,2,ITI,ITI3,11,Marche,Marche,1525271,1390940,91.19,0.01
3508,2021-08-02,MAR,11726,6209,5517,4600,6868,258,ITI,ITI3,11,Marche,Marche,1525271,1402666,91.96,0.77
3509,2021-06-06,MAR,12453,6137,6316,10639,1578,236,ITI,ITI3,11,Marche,Marche,1525271,1415119,92.78,0.82
3510,2021-03-18,MAR,3440,1507,1933,149,3279,12,ITI,ITI3,11,Marche,Marche,1525271,1418559,93.0,0.23
3511,2021-06-26,MAR,13577,6906,6671,5688,7672,217,ITI,ITI3,11,Marche,Marche,1525271,1432136,93.89,0.89
3512,2021-05-23,MAR,9210,4284,4926,7414,1672,124,ITI,ITI3,11,Marche,Marche,1525271,1441346,94.5,0.6
3513,2021-03-04,MAR,6539,2894,3645,5081,1395,63,ITI,ITI3,11,Marche,Marche,1525271,1447885,94.93,0.43
3514,2021-03-13,MAR,5807,2681,3126,1764,4002,41,ITI,ITI3,11,Marche,Marche,1525271,1453692,95.31,0.38
3515,2021-08-17,MAR,7594,4040,3554,3085,4285,224,ITI,ITI3,11,Marche,Marche,1525271,1461286,95.81,0.5
3516,2021-06-21,MAR,12607,6184,6423,5479,6881,247,ITI,ITI3,11,Marche,Marche,1525271,1473893,96.63,0.83
3517,2021-05-09,MAR,8866,4022,4844,3559,5230,77,ITI,ITI3,11,Marche,Marche,1525271,1482759,97.21,0.58
3518,2021-01-20,MAR,406,100,306,384,20,2,ITI,ITI3,11,Marche,Marche,1525271,1483165,97.24,0.03
3519,2021-02-03,MAR,2129,743,1386,97,2011,21,ITI,ITI3,11,Marche,Marche,1525271,1485294,97.38,0.14
3520,2021-05-14,MAR,13638,6294,7344,6505,6915,218,ITI,ITI3,11,Marche,Marche,1525271,1498932,98.27,0.89
3521,2021-07-02,MAR,14553,7178,7375,4674,9648,231,ITI,ITI3,11,Marche,Marche,1525271,1513485,99.23,0.95
3522,2021-06-18,MAR,15346,7647,7699,8293,6753,300,ITI,ITI3,11,Marche,Marche,1525271,1528831,100.23,1.01
3523,2021-09-09,MAR,6465,3467,2998,1914,4313,238,ITI,ITI3,11,Marche,Marche,1525271,1535296,100.66,0.42
3524,2021-08-07,MAR,9454,5194,4260,3474,5742,238,ITI,ITI3,11,Marche,Marche,1525271,1544750,101.28,0.62
3525,2021-07-21,MAR,14920,7617,7303,2064,12643,213,ITI,ITI3,11,Marche,Marche,1525271,1559670,102.26,0.98
3526,2021-04-29,MAR,13452,6159,7293,7161,6107,184,ITI,ITI3,11,Marche,Marche,1525271,1573122,103.14,0.88
3527,2021-07-17,MAR,15139,7792,7347,1384,13544,211,ITI,ITI3,11,Marche,Marche,1525271,1588261,104.13,0.99
3528,2021-05-21,MAR,13909,6594,7315,7225,6472,212,ITI,ITI3,11,Marche,Marche,1525271,1602170,105.04,0.91
3529,2021-09-12,MAR,225,114,111,164,31,30,ITI,ITI3,11,Marche,Marche,1525271,1602395,105.06,0.01
3530,2021-08-29,MAR,453,255,198,245,182,26,ITI,ITI3,11,Marche,Marche,1525271,1602848,105.09,0.03
3531,2021-01-17,MAR,1625,695,930,1555,64,6,ITI,ITI3,11,Marche,Marche,1525271,1604473,105.19,0.11
3532,2021-03-06,MAR,5739,2642,3097,4419,1268,52,ITI,ITI3,11,Marche,Marche,1525271,1610212,105.57,0.38
3533,2021-06-14,MAR,12838,6486,6352,9256,3310,272,ITI,ITI3,11,Marche,Marche,1525271,1623050,106.41,0.84
3534,2021-08-28,MAR,3145,1696,1449,1201,1800,144,ITI,ITI3,11,Marche,Marche,1525271,1626195,106.62,0.21
3535,2021-01-29,MAR,1994,731,1263,154,1835,5,ITI,ITI3,11,Marche,Marche,1525271,1628189,106.75,0.13
3536,2021-05-18,MAR,11272,5347,5925,7487,3604,181,ITI,ITI3,11,Marche,Marche,1525271,1639461,107.49,0.74
3537,2021-08-26,MAR,5681,3027,2654,2775,2546,360,ITI,ITI3,11,Marche,Marche,1525271,1645142,107.86,0.37
3538,2021-08-21,MAR,2978,1664,1314,1493,1311,174,ITI,ITI3,11,Marche,Marche,1525271,1648120,108.05,0.2
3539,2021-05-06,MAR,12660,5825,6835,5356,7076,228,ITI,ITI3,11,Marche,Marche,1525271,1660780,108.88,0.83
3540,2021-02-12,MAR,1581,618,963,1404,151,26,ITI,ITI3,11,Marche,Marche,1525271,1662361,108.99,0.1
3541,2021-08-14,MAR,2400,1378,1022,1033,1318,49,ITI,ITI3,11,Marche,Marche,1525271,1664761,109.15,0.16
3542,2021-02-10,MAR,1440,452,988,1039,359,42,ITI,ITI3,11,Marche,Marche,1525271,1666201,109.24,0.09
3543,2021-06-11,MAR,14003,7156,6847,11374,2324,305,ITI,ITI3,11,Marche,Marche,1525271,1680204,110.16,0.92
3544,2021-05-25,MAR,11769,5798,5971,8497,3052,220,ITI,ITI3,11,Marche,Marche,1525271,1691973,110.93,0.77
3545,2021-09-02,MAR,6387,3402,2985,2129,4044,214,ITI,ITI3,11,Marche,Marche,1525271,1698360,111.35,0.42
3546,2021-03-01,MAR,3772,1520,2252,3503,248,21,ITI,ITI3,11,Marche,Marche,1525271,1702132,111.6,0.25
3547,2021-05-11,MAR,10624,4831,5793,5489,4943,192,ITI,ITI3,11,Marche,Marche,1525271,1712756,112.29,0.7
3548,2021-03-15,MAR,4452,2061,2391,1291,3140,21,ITI,ITI3,11,Marche,Marche,1525271,1717208,112.58,0.29
3549,2021-08-19,MAR,6273,3347,2926,3490,2454,329,ITI,ITI3,11,Marche,Marche,1525271,1723481,113.0,0.41
3550,2021-06-23,MAR,13892,6818,7074,6626,7010,256,ITI,ITI3,11,Marche,Marche,1525271,1737373,113.91,0.91
3551,2021-05-28,MAR,13963,6741,7222,8801,4864,298,ITI,ITI3,11,Marche,Marche,1525271,1751336,114.82,0.92
3552,2021-04-01,MAR,7578,3185,4393,4063,3419,96,ITI,ITI3,11,Marche,Marche,1525271,1758914,115.32,0.5
3553,2021-09-05,MAR,194,99,95,131,37,26,ITI,ITI3,11,Marche,Marche,1525271,1759108,115.33,0.01
3554,2021-07-24,MAR,13277,7118,6159,2943,10077,257,ITI,ITI3,11,Marche,Marche,1525271,1772385,116.2,0.87
3555,2021-07-10,MAR,14160,7233,6927,1656,12301,203,ITI,ITI3,11,Marche,Marche,1525271,1786545,117.13,0.93
3556,2021-04-22,MAR,10798,4931,5867,9078,1579,141,ITI,ITI3,11,Marche,Marche,1525271,1797343,117.84,0.71
3557,2021-02-24,MAR,3534,1547,1987,3424,78,32,ITI,ITI3,11,Marche,Marche,1525271,1800877,118.07,0.23
3558,2021-06-04,MAR,14338,7290,7048,11588,2440,310,ITI,ITI3,11,Marche,Marche,1525271,1815215,119.01,0.94
3559,2021-04-08,MAR,9490,4157,5333,8959,370,161,ITI,ITI3,11,Marche,Marche,1525271,1824705,119.63,0.62
3560,2021-03-03,MAR,6700,3076,3624,5716,885,99,ITI,ITI3,11,Marche,Marche,1525271,1831405,120.07,0.44
3561,2021-01-05,MAR,1589,594,995,1570,0,19,ITI,ITI3,11,Marche,Marche,1525271,1832994,120.17,0.1
3562,2021-04-15,MAR,10378,4675,5703,9572,563,243,ITI,ITI3,11,Marche,Marche,1525271,1843372,120.86,0.68
3563,2021-02-17,MAR,1828,701,1127,1642,118,68,ITI,ITI3,11,Marche,Marche,1525271,1845200,120.98,0.12
3564,2021-02-18,MAR,2146,787,1359,1806,288,52,ITI,ITI3,11,Marche,Marche,1525271,1847346,121.12,0.14
3565,2021-05-29,MAR,12875,6239,6636,8117,4540,218,ITI,ITI3,11,Marche,Marche,1525271,1860221,121.96,0.84
3566,2021-02-16,MAR,1287,475,812,1225,30,32,ITI,ITI3,11,Marche,Marche,1525271,1861508,122.04,0.08
3567,2021-02-25,MAR,3561,1465,2096,3317,181,63,ITI,ITI3,11,Marche,Marche,1525271,1865069,122.28,0.23
3568,2021-08-01,MAR,7497,4049,3448,1835,5577,85,ITI,ITI3,11,Marche,Marche,1525271,1872566,122.77,0.49
3569,2021-06-05,MAR,13944,7011,6933,11519,2058,367,ITI,ITI3,11,Marche,Marche,1525271,1886510,123.68,0.91
3570,2021-04-23,MAR,11318,5222,6096,8097,3055,166,ITI,ITI3,11,Marche,Marche,1525271,1897828,124.43,0.74
3571,2021-02-23,MAR,3314,1432,1882,3243,56,15,ITI,ITI3,11,Marche,Marche,1525271,1901142,124.64,0.22
3572,2021-01-15,MAR,1772,500,1272,1755,0,17,ITI,ITI3,11,Marche,Marche,1525271,1902914,124.76,0.12
3573,2021-04-25,MAR,8605,3996,4609,6894,1578,133,ITI,ITI3,11,Marche,Marche,1525271,1911519,125.32,0.56
3574,2021-08-03,MAR,10877,5736,5141,4030,6581,266,ITI,ITI3,11,Marche,Marche,1525271,1922396,126.04,0.71
3575,2021-08-12,MAR,8017,4329,3688,3888,3768,361,ITI,ITI3,11,Marche,Marche,1525271,1930413,126.56,0.53
3576,2021-01-13,MAR,2114,747,1367,2073,0,41,ITI,ITI3,11,Marche,Marche,1525271,1932527,126.7,0.14
3577,2021-05-02,MAR,8905,3940,4965,3078,5742,85,ITI,ITI3,11,Marche,Marche,1525271,1941432,127.28,0.58
3578,2021-08-10,MAR,9200,4814,4386,3333,5592,275,ITI,ITI3,11,Marche,Marche,1525271,1950632,127.89,0.6
3579,2021-06-28,MAR,12362,6026,6336,4614,7511,237,ITI,ITI3,11,Marche,Marche,1525271,1962994,128.7,0.81
3580,2021-03-22,MAR,5704,2413,3291,2478,3179,47,ITI,ITI3,11,Marche,Marche,1525271,1968698,129.07,0.37
3581,2021-01-24,MAR,881,339,542,3,878,0,ITI,ITI3,11,Marche,Marche,1525271,1969579,129.13,0.06
3582,2021-06-30,MAR,13649,6663,6986,4452,8986,211,ITI,ITI3,11,Marche,Marche,1525271,1983228,130.02,0.89
3583,2021-05-04,MAR,10974,4840,6134,4926,5905,143,ITI,ITI3,11,Marche,Marche,1525271,1994202,130.74,0.72
3584,2021-03-20,MAR,4178,1759,2419,1034,3129,15,ITI,ITI3,11,Marche,Marche,1525271,1998380,131.02,0.27
3585,2021-01-22,MAR,489,168,321,193,294,2,ITI,ITI3,11,Marche,Marche,1525271,1998869,131.05,0.03
3586,2021-07-07,MAR,14258,7068,7190,2933,11082,243,ITI,ITI3,11,Marche,Marche,1525271,2013127,131.98,0.93
3587,2021-08-15,PIE,6579,3631,2948,5035,1270,274,ITC,ITC1,1,Piemonte,Piemonte,4356406,6579,0.15,0.15
3588,2021-09-01,PIE,18658,9647,9011,6715,11251,692,ITC,ITC1,1,Piemonte,Piemonte,4356406,25237,0.58,0.43
3589,2021-05-24,PIE,29032,13443,15589,16654,11989,389,ITC,ITC1,1,Piemonte,Piemonte,4356406,54269,1.25,0.67
3590,2021-03-02,PIE,11343,4620,6723,10334,815,194,ITC,ITC1,1,Piemonte,Piemonte,4356406,65612,1.51,0.26
3591,2021-06-07,PIE,34975,17892,17083,29545,4807,623,ITC,ITC1,1,Piemonte,Piemonte,4356406,100587,2.31,0.8
3592,2021-08-03,PIE,30194,15797,14397,9322,20386,486,ITC,ITC1,1,Piemonte,Piemonte,4356406,130781,3.0,0.69
3593,2021-09-10,PIE,17102,8937,8165,5024,11386,692,ITC,ITC1,1,Piemonte,Piemonte,4356406,147883,3.39,0.39
3594,2021-06-19,PIE,40139,20356,19783,22899,16683,557,ITC,ITC1,1,Piemonte,Piemonte,4356406,188022,4.32,0.92
3595,2021-02-04,PIE,10255,3363,6892,583,9670,2,ITC,ITC1,1,Piemonte,Piemonte,4356406,198277,4.55,0.24
3596,2021-03-23,PIE,13219,5577,7642,6644,6254,321,ITC,ITC1,1,Piemonte,Piemonte,4356406,211496,4.85,0.3
3597,2021-01-16,PIE,7785,2629,5156,7778,0,7,ITC,ITC1,1,Piemonte,Piemonte,4356406,219281,5.03,0.18
3598,2021-07-06,PIE,38335,19402,18933,8652,29128,555,ITC,ITC1,1,Piemonte,Piemonte,4356406,257616,5.91,0.88
3599,2021-03-28,PIE,16091,6906,9185,8127,7624,340,ITC,ITC1,1,Piemonte,Piemonte,4356406,273707,6.28,0.37
3600,2021-07-20,PIE,39108,20576,18532,5755,32784,569,ITC,ITC1,1,Piemonte,Piemonte,4356406,312815,7.18,0.9
3601,2021-04-11,PIE,20854,9328,11526,18233,2151,470,ITC,ITC1,1,Piemonte,Piemonte,4356406,333669,7.66,0.48
3602,2021-01-04,PIE,5585,1690,3895,5584,0,1,ITC,ITC1,1,Piemonte,Piemonte,4356406,339254,7.79,0.13
3603,2021-04-28,PIE,26098,11764,14334,15484,10061,553,ITC,ITC1,1,Piemonte,Piemonte,4356406,365352,8.39,0.6
3604,2021-07-15,PIE,42625,22021,20604,4109,38056,460,ITC,ITC1,1,Piemonte,Piemonte,4356406,407977,9.36,0.98
3605,2021-08-01,PIE,27257,14441,12816,8481,18288,488,ITC,ITC1,1,Piemonte,Piemonte,4356406,435234,9.99,0.63
3606,2021-04-23,PIE,27476,12616,14860,19995,6767,714,ITC,ITC1,1,Piemonte,Piemonte,4356406,462710,10.62,0.63
3607,2021-02-11,PIE,6776,2110,4666,2991,3766,19,ITC,ITC1,1,Piemonte,Piemonte,4356406,469486,10.78,0.16
3608,2021-04-09,PIE,25922,11412,14510,20836,4508,578,ITC,ITC1,1,Piemonte,Piemonte,4356406,495408,11.37,0.6
3609,2020-12-30,PIE,742,327,415,742,0,0,ITC,ITC1,1,Piemonte,Piemonte,4356406,496150,11.39,0.02
3610,2021-06-05,PIE,37031,18961,18070,31916,4464,651,ITC,ITC1,1,Piemonte,Piemonte,4356406,533181,12.24,0.85
3611,2021-02-25,PIE,12291,5308,6983,11557,547,187,ITC,ITC1,1,Piemonte,Piemonte,4356406,545472,12.52,0.28
3612,2021-08-27,PIE,17390,9283,8107,7486,9253,651,ITC,ITC1,1,Piemonte,Piemonte,4356406,562862,12.92,0.4
3613,2021-05-19,PIE,33218,15346,17872,21475,11141,602,ITC,ITC1,1,Piemonte,Piemonte,4356406,596080,13.68,0.76
3614,2021-03-14,PIE,8220,3342,4878,5175,2903,142,ITC,ITC1,1,Piemonte,Piemonte,4356406,604300,13.87,0.19
3615,2021-05-10,PIE,29091,14036,15055,15311,13140,640,ITC,ITC1,1,Piemonte,Piemonte,4356406,633391,14.54,0.67
3616,2021-01-30,PIE,6006,2148,3858,218,5787,1,ITC,ITC1,1,Piemonte,Piemonte,4356406,639397,14.68,0.14
3617,2021-06-24,PIE,39313,19732,19581,18360,20348,605,ITC,ITC1,1,Piemonte,Piemonte,4356406,678710,15.58,0.9
3618,2021-03-16,PIE,10544,4283,6261,4374,6076,94,ITC,ITC1,1,Piemonte,Piemonte,4356406,689254,15.82,0.24
3619,2021-08-20,PIE,16590,8907,7683,10334,5546,710,ITC,ITC1,1,Piemonte,Piemonte,4356406,705844,16.2,0.38
3620,2021-09-03,PIE,18358,9693,8665,6406,11297,655,ITC,ITC1,1,Piemonte,Piemonte,4356406,724202,16.62,0.42
3621,2021-06-12,PIE,42721,22514,20207,39282,2629,810,ITC,ITC1,1,Piemonte,Piemonte,4356406,766923,17.6,0.98
3622,2020-12-28,PIE,1,1,0,1,0,0,ITC,ITC1,1,Piemonte,Piemonte,4356406,766924,17.6,0.0
3623,2021-09-08,PIE,15609,8071,7538,6121,8727,761,ITC,ITC1,1,Piemonte,Piemonte,4356406,782533,17.96,0.36
3624,2021-07-27,PIE,33817,17657,16160,8262,24993,562,ITC,ITC1,1,Piemonte,Piemonte,4356406,816350,18.74,0.78
3625,2021-05-02,PIE,25162,11292,13870,14014,10751,397,ITC,ITC1,1,Piemonte,Piemonte,4356406,841512,19.32,0.58
3626,2021-08-08,PIE,20296,10838,9458,9019,10932,345,ITC,ITC1,1,Piemonte,Piemonte,4356406,861808,19.78,0.47
3627,2021-04-30,PIE,31993,14392,17601,17955,13348,690,ITC,ITC1,1,Piemonte,Piemonte,4356406,893801,20.52,0.73
3628,2021-07-08,PIE,41046,20989,20057,7461,33008,577,ITC,ITC1,1,Piemonte,Piemonte,4356406,934847,21.46,0.94
3629,2021-01-23,PIE,4264,1328,2936,878,3384,2,ITC,ITC1,1,Piemonte,Piemonte,4356406,939111,21.56,0.1
3630,2021-03-21,PIE,10748,4747,6001,4032,6542,174,ITC,ITC1,1,Piemonte,Piemonte,4356406,949859,21.8,0.25
3631,2021-08-13,PIE,20008,10660,9348,12070,7234,704,ITC,ITC1,1,Piemonte,Piemonte,4356406,969867,22.26,0.46
3632,2021-05-05,PIE,34724,16267,18457,20345,13677,702,ITC,ITC1,1,Piemonte,Piemonte,4356406,1004591,23.06,0.8
3633,2021-07-01,PIE,42008,21019,20989,19822,21149,1037,ITC,ITC1,1,Piemonte,Piemonte,4356406,1046599,24.02,0.96
3634,2021-06-26,PIE,41288,21012,20276,21974,18597,717,ITC,ITC1,1,Piemonte,Piemonte,4356406,1087887,24.97,0.95
3635,2021-07-13,PIE,38912,20075,18837,3677,34897,338,ITC,ITC1,1,Piemonte,Piemonte,4356406,1126799,25.87,0.89
3636,2021-04-04,PIE,9267,4060,5207,6398,2713,156,ITC,ITC1,1,Piemonte,Piemonte,4356406,1136066,26.08,0.21
3637,2021-04-21,PIE,25806,11854,13952,19776,5359,671,ITC,ITC1,1,Piemonte,Piemonte,4356406,1161872,26.67,0.59
3638,2021-01-11,PIE,8787,3000,5787,8781,0,6,ITC,ITC1,1,Piemonte,Piemonte,4356406,1170659,26.87,0.2
3639,2021-01-18,PIE,6179,2051,4128,5924,251,4,ITC,ITC1,1,Piemonte,Piemonte,4356406,1176838,27.01,0.14
3640,2021-05-17,PIE,31015,14647,16368,17383,13214,418,ITC,ITC1,1,Piemonte,Piemonte,4356406,1207853,27.73,0.71
3641,2021-02-06,PIE,8013,2667,5346,396,7615,2,ITC,ITC1,1,Piemonte,Piemonte,4356406,1215866,27.91,0.18
3642,2021-02-23,PIE,9281,3740,5541,8516,590,175,ITC,ITC1,1,Piemonte,Piemonte,4356406,1225147,28.12,0.21
3643,2021-05-31,PIE,29167,14082,15085,20168,8588,411,ITC,ITC1,1,Piemonte,Piemonte,4356406,1254314,28.79,0.67
3644,2021-06-17,PIE,41232,20700,20532,24236,16367,629,ITC,ITC1,1,Piemonte,Piemonte,4356406,1295546,29.74,0.95
3645,2021-04-02,PIE,20178,8332,11846,11339,8434,405,ITC,ITC1,1,Piemonte,Piemonte,4356406,1315724,30.2,0.46
3646,2021-05-29,PIE,32858,15252,17606,20303,12192,363,ITC,ITC1,1,Piemonte,Piemonte,4356406,1348582,30.96,0.75
3647,2021-02-18,PIE,4817,2112,2705,4300,429,88,ITC,ITC1,1,Piemonte,Piemonte,4356406,1353399,31.07,0.11
3648,2021-07-25,PIE,28787,15265,13522,6598,21694,495,ITC,ITC1,1,Piemonte,Piemonte,4356406,1382186,31.73,0.66
3649,2021-04-16,PIE,28478,13238,15240,22691,5015,772,ITC,ITC1,1,Piemonte,Piemonte,4356406,1410664,32.38,0.65
3650,2021-05-12,PIE,31965,15215,16750,18388,12949,628,ITC,ITC1,1,Piemonte,Piemonte,4356406,1442629,33.12,0.73
3651,2021-08-22,PIE,9611,5249,4362,5134,4098,379,ITC,ITC1,1,Piemonte,Piemonte,4356406,1452240,33.34,0.22
3652,2021-07-12,PIE,39250,20242,19008,4563,34211,476,ITC,ITC1,1,Piemonte,Piemonte,4356406,1491490,34.24,0.9
3653,2021-07-29,PIE,36696,19070,17626,9369,26668,659,ITC,ITC1,1,Piemonte,Piemonte,4356406,1528186,35.08,0.84
3654,2021-04-20,PIE,25540,11690,13850,18554,6357,629,ITC,ITC1,1,Piemonte,Piemonte,4356406,1553726,35.67,0.59
3655,2021-05-07,PIE,33157,15688,17469,18381,14155,621,ITC,ITC1,1,Piemonte,Piemonte,4356406,1586883,36.43,0.76
3656,2021-01-27,PIE,4208,1456,2752,995,3211,2,ITC,ITC1,1,Piemonte,Piemonte,4356406,1591091,36.52,0.1
3657,2021-02-13,PIE,4171,1343,2828,2930,1225,16,ITC,ITC1,1,Piemonte,Piemonte,4356406,1595262,36.62,0.1
3658,2021-07-31,PIE,35769,19014,16755,10755,24636,378,ITC,ITC1,1,Piemonte,Piemonte,4356406,1631031,37.44,0.82
3659,2021-06-02,PIE,26769,13103,13666,21675,4648,446,ITC,ITC1,1,Piemonte,Piemonte,4356406,1657800,38.05,0.61
3660,2021-02-22,PIE,8507,3476,5031,7807,595,105,ITC,ITC1,1,Piemonte,Piemonte,4356406,1666307,38.25,0.2
3661,2021-03-11,PIE,14039,5317,8722,10688,3100,251,ITC,ITC1,1,Piemonte,Piemonte,4356406,1680346,38.57,0.32
3662,2021-03-25,PIE,17168,7285,9883,8088,8637,443,ITC,ITC1,1,Piemonte,Piemonte,4356406,1697514,38.97,0.39
3663,2021-09-07,PIE,18321,9635,8686,6112,11526,683,ITC,ITC1,1,Piemonte,Piemonte,4356406,1715835,39.39,0.42
3664,2021-07-03,PIE,40146,20149,19997,15349,24049,748,ITC,ITC1,1,Piemonte,Piemonte,4356406,1755981,40.31,0.92
3665,2021-06-28,PIE,38496,19114,19382,15144,22752,600,ITC,ITC1,1,Piemonte,Piemonte,4356406,1794477,41.19,0.88
3666,2021-04-06,PIE,20800,9073,11727,15132,5212,456,ITC,ITC1,1,Piemonte,Piemonte,4356406,1815277,41.67,0.48
3667,2020-12-27,PIE,915,370,545,915,0,0,ITC,ITC1,1,Piemonte,Piemonte,4356406,1816192,41.69,0.02
3668,2021-02-27,PIE,12732,4861,7871,12153,337,242,ITC,ITC1,1,Piemonte,Piemonte,4356406,1828924,41.98,0.29
3669,2021-04-25,PIE,20267,9326,10941,17296,2506,465,ITC,ITC1,1,Piemonte,Piemonte,4356406,1849191,42.45,0.47
3670,2021-01-15,PIE,9129,3013,6116,9123,0,6,ITC,ITC1,1,Piemonte,Piemonte,4356406,1858320,42.66,0.21
3671,2021-06-21,PIE,38520,19259,19261,17168,20782,570,ITC,ITC1,1,Piemonte,Piemonte,4356406,1896840,43.54,0.88
3672,2021-03-13,PIE,13053,4726,8327,11347,1432,274,ITC,ITC1,1,Piemonte,Piemonte,4356406,1909893,43.84,0.3
3673,2021-01-13,PIE,10112,3240,6872,10103,0,9,ITC,ITC1,1,Piemonte,Piemonte,4356406,1920005,44.07,0.23
3674,2021-06-16,PIE,40484,20279,20205,23567,16280,637,ITC,ITC1,1,Piemonte,Piemonte,4356406,1960489,45.0,0.93
3675,2021-08-12,PIE,22054,11831,10223,13472,7826,756,ITC,ITC1,1,Piemonte,Piemonte,4356406,1982543,45.51,0.51
3676,2021-01-06,PIE,3119,1106,2013,3118,0,1,ITC,ITC1,1,Piemonte,Piemonte,4356406,1985662,45.58,0.07
3677,2021-08-05,PIE,30349,16097,14252,11240,18553,556,ITC,ITC1,1,Piemonte,Piemonte,4356406,2016011,46.28,0.7
3678,2021-06-23,PIE,39822,19781,20041,16420,22895,507,ITC,ITC1,1,Piemonte,Piemonte,4356406,2055833,47.19,0.91
3679,2021-08-19,PIE,15889,8550,7339,10562,4596,731,ITC,ITC1,1,Piemonte,Piemonte,4356406,2071722,47.56,0.36
3680,2021-08-17,PIE,18072,9687,8385,11693,5600,779,ITC,ITC1,1,Piemonte,Piemonte,4356406,2089794,47.97,0.41
3681,2021-05-09,PIE,27179,12942,14237,13160,13623,396,ITC,ITC1,1,Piemonte,Piemonte,4356406,2116973,48.59,0.62
3682,2021-05-26,PIE,34232,15777,18455,15356,18513,363,ITC,ITC1,1,Piemonte,Piemonte,4356406,2151205,49.38,0.79
3683,2021-02-15,PIE,4445,1602,2843,3213,1209,23,ITC,ITC1,1,Piemonte,Piemonte,4356406,2155650,49.48,0.1
3684,2021-03-04,PIE,14757,5947,8810,11583,2950,224,ITC,ITC1,1,Piemonte,Piemonte,4356406,2170407,49.82,0.34
3685,2021-06-25,PIE,45611,22724,22887,20289,24593,729,ITC,ITC1,1,Piemonte,Piemonte,4356406,2216018,50.87,1.05
3686,2021-04-03,PIE,19505,8212,11293,10614,8577,314,ITC,ITC1,1,Piemonte,Piemonte,4356406,2235523,51.32,0.45
3687,2021-01-10,PIE,5246,2288,2958,5243,0,3,ITC,ITC1,1,Piemonte,Piemonte,4356406,2240769,51.44,0.12
3688,2021-07-14,PIE,39074,20094,18980,3601,35045,428,ITC,ITC1,1,Piemonte,Piemonte,4356406,2279843,52.33,0.9
3689,2021-07-22,PIE,41661,21930,19731,7015,34048,598,ITC,ITC1,1,Piemonte,Piemonte,4356406,2321504,53.29,0.96
3690,2021-04-13,PIE,26767,12038,14729,22606,3465,696,ITC,ITC1,1,Piemonte,Piemonte,4356406,2348271,53.9,0.61
3691,2021-01-20,PIE,6635,2093,4542,5905,723,7,ITC,ITC1,1,Piemonte,Piemonte,4356406,2354906,54.06,0.15
3692,2021-02-03,PIE,10224,3312,6912,609,9613,2,ITC,ITC1,1,Piemonte,Piemonte,4356406,2365130,54.29,0.23
3693,2021-03-09,PIE,14337,5740,8597,11748,2353,236,ITC,ITC1,1,Piemonte,Piemonte,4356406,2379467,54.62,0.33
3694,2021-08-24,PIE,15227,8125,7102,7863,6727,637,ITC,ITC1,1,Piemonte,Piemonte,4356406,2394694,54.97,0.35
3695,2021-01-01,PIE,1041,396,645,1040,0,1,ITC,ITC1,1,Piemonte,Piemonte,4356406,2395735,54.99,0.02
3696,2021-09-12,PIE,9746,5162,4584,3202,6117,427,ITC,ITC1,1,Piemonte,Piemonte,4356406,2405481,55.22,0.22
3697,2021-07-05,PIE,35631,17830,17801,11701,23239,691,ITC,ITC1,1,Piemonte,Piemonte,4356406,2441112,56.03,0.82
3698,2021-02-20,PIE,3848,1263,2585,3572,174,102,ITC,ITC1,1,Piemonte,Piemonte,4356406,2444960,56.12,0.09
3699,2021-07-24,PIE,34900,18360,16540,7910,26386,604,ITC,ITC1,1,Piemonte,Piemonte,4356406,2479860,56.92,0.8
3700,2021-04-22,PIE,27694,12755,14939,20204,6695,795,ITC,ITC1,1,Piemonte,Piemonte,4356406,2507554,57.56,0.64
3701,2021-01-12,PIE,10108,3421,6687,10102,0,6,ITC,ITC1,1,Piemonte,Piemonte,4356406,2517662,57.79,0.23
3702,2021-01-29,PIE,5961,1894,4067,454,5507,0,ITC,ITC1,1,Piemonte,Piemonte,4356406,2523623,57.93,0.14
3703,2021-08-31,PIE,19006,10022,8984,6818,11636,552,ITC,ITC1,1,Piemonte,Piemonte,4356406,2542629,58.37,0.44
3704,2021-06-09,PIE,38740,20405,18335,35189,2748,803,ITC,ITC1,1,Piemonte,Piemonte,4356406,2581369,59.25,0.89
3705,2021-03-18,PIE,11783,4817,6966,3840,7749,194,ITC,ITC1,1,Piemonte,Piemonte,4356406,2593152,59.53,0.27
3706,2021-03-03,PIE,12391,4871,7520,11375,821,195,ITC,ITC1,1,Piemonte,Piemonte,4356406,2605543,59.81,0.28
3707,2021-03-08,PIE,14310,5606,8704,11350,2717,243,ITC,ITC1,1,Piemonte,Piemonte,4356406,2619853,60.14,0.33
3708,2021-05-04,PIE,31627,14620,17007,17305,13727,595,ITC,ITC1,1,Piemonte,Piemonte,4356406,2651480,60.86,0.73
3709,2021-01-24,PIE,3161,964,2197,435,2724,2,ITC,ITC1,1,Piemonte,Piemonte,4356406,2654641,60.94,0.07
3710,2021-06-30,PIE,41350,20214,21136,18491,21976,883,ITC,ITC1,1,Piemonte,Piemonte,4356406,2695991,61.89,0.95
3711,2021-03-22,PIE,11545,4899,6646,3719,7609,217,ITC,ITC1,1,Piemonte,Piemonte,4356406,2707536,62.15,0.27
3712,2021-08-07,PIE,29784,15944,13840,12650,16645,489,ITC,ITC1,1,Piemonte,Piemonte,4356406,2737320,62.83,0.68
3713,2021-04-29,PIE,48594,22016,26578,34730,12648,1216,ITC,ITC1,1,Piemonte,Piemonte,4356406,2785914,63.95,1.12
3714,2021-05-16,PIE,28228,12810,15418,14762,13090,376,ITC,ITC1,1,Piemonte,Piemonte,4356406,2814142,64.6,0.65
3715,2021-02-05,PIE,9635,3146,6489,656,8977,2,ITC,ITC1,1,Piemonte,Piemonte,4356406,2823777,64.82,0.22
3716,2021-08-09,PIE,24750,12910,11840,12036,11995,719,ITC,ITC1,1,Piemonte,Piemonte,4356406,2848527,65.39,0.57
3717,2021-08-26,PIE,16884,9143,7741,8106,8026,752,ITC,ITC1,1,Piemonte,Piemonte,4356406,2865411,65.77,0.39
3718,2021-05-18,PIE,32242,14874,17368,19103,12690,449,ITC,ITC1,1,Piemonte,Piemonte,4356406,2897653,66.51,0.74
3719,2021-09-09,PIE,15890,8250,7640,6053,9076,761,ITC,ITC1,1,Piemonte,Piemonte,4356406,2913543,66.88,0.36
3720,2021-02-28,PIE,10842,4066,6776,10421,241,180,ITC,ITC1,1,Piemonte,Piemonte,4356406,2924385,67.13,0.25
3721,2021-03-17,PIE,12534,5065,7469,5038,7307,189,ITC,ITC1,1,Piemonte,Piemonte,4356406,2936919,67.42,0.29
3722,2021-06-10,PIE,40605,21224,19381,37126,2593,886,ITC,ITC1,1,Piemonte,Piemonte,4356406,2977524,68.35,0.93
3723,2021-06-27,PIE,37593,18628,18965,15213,21771,609,ITC,ITC1,1,Piemonte,Piemonte,4356406,3015117,69.21,0.86
3724,2021-03-19,PIE,11045,4525,6520,4223,6612,210,ITC,ITC1,1,Piemonte,Piemonte,4356406,3026162,69.46,0.25
3725,2021-04-05,PIE,14774,6248,8526,11959,2562,253,ITC,ITC1,1,Piemonte,Piemonte,4356406,3040936,69.8,0.34
3726,2021-06-29,PIE,40669,20311,20358,19228,20730,711,ITC,ITC1,1,Piemonte,Piemonte,4356406,3081605,70.74,0.93
3727,2021-03-30,PIE,17009,7123,9886,8737,7875,397,ITC,ITC1,1,Piemonte,Piemonte,4356406,3098614,71.13,0.39
3728,2021-07-10,PIE,41252,20917,20335,6732,33975,545,ITC,ITC1,1,Piemonte,Piemonte,4356406,3139866,72.07,0.95
3729,2021-04-01,PIE,19443,8155,11288,10977,8141,325,ITC,ITC1,1,Piemonte,Piemonte,4356406,3159309,72.52,0.45
3730,2021-09-05,PIE,13020,6896,6124,4455,8094,471,ITC,ITC1,1,Piemonte,Piemonte,4356406,3172329,72.82,0.3
3731,2021-05-28,PIE,35125,16634,18491,18688,16022,415,ITC,ITC1,1,Piemonte,Piemonte,4356406,3207454,73.63,0.81
3732,2021-01-25,PIE,6232,1947,4285,976,5254,2,ITC,ITC1,1,Piemonte,Piemonte,4356406,3213686,73.77,0.14
3733,2021-03-20,PIE,11950,4905,7045,5782,5916,252,ITC,ITC1,1,Piemonte,Piemonte,4356406,3225636,74.04,0.27
3734,2021-04-27,PIE,22658,10236,12422,16840,5161,657,ITC,ITC1,1,Piemonte,Piemonte,4356406,3248294,74.56,0.52
3735,2021-01-17,PIE,3530,1169,2361,2878,650,2,ITC,ITC1,1,Piemonte,Piemonte,4356406,3251824,74.64,0.08
3736,2021-06-18,PIE,40727,20361,20366,25796,14240,691,ITC,ITC1,1,Piemonte,Piemonte,4356406,3292551,75.58,0.93
3737,2021-03-10,PIE,13956,5453,8503,11391,2295,270,ITC,ITC1,1,Piemonte,Piemonte,4356406,3306507,75.9,0.32
3738,2021-03-27,PIE,18428,7839,10589,9139,8835,454,ITC,ITC1,1,Piemonte,Piemonte,4356406,3324935,76.32,0.42
3739,2021-01-03,PIE,3068,972,2096,3067,0,1,ITC,ITC1,1,Piemonte,Piemonte,4356406,3328003,76.39,0.07
3740,2021-07-07,PIE,38052,18908,19144,9703,27753,596,ITC,ITC1,1,Piemonte,Piemonte,4356406,3366055,77.27,0.87
3741,2021-03-29,PIE,15272,6485,8787,8388,6615,269,ITC,ITC1,1,Piemonte,Piemonte,4356406,3381327,77.62,0.35
3742,2021-07-21,PIE,38060,20188,17872,6556,30977,527,ITC,ITC1,1,Piemonte,Piemonte,4356406,3419387,78.49,0.87
3743,2021-04-12,PIE,22973,10373,12600,19452,2995,526,ITC,ITC1,1,Piemonte,Piemonte,4356406,3442360,79.02,0.53
3744,2021-01-02,PIE,3552,1134,2418,3551,0,1,ITC,ITC1,1,Piemonte,Piemonte,4356406,3445912,79.1,0.08
3745,2021-04-18,PIE,22972,10819,12153,19633,2756,583,ITC,ITC1,1,Piemonte,Piemonte,4356406,3468884,79.63,0.53
3746,2021-01-08,PIE,5549,1767,3782,5547,0,2,ITC,ITC1,1,Piemonte,Piemonte,4356406,3474433,79.75,0.13
3747,2021-06-14,PIE,38089,19613,18476,30273,7098,718,ITC,ITC1,1,Piemonte,Piemonte,4356406,3512522,80.63,0.87
3748,2021-03-06,PIE,14042,5233,8809,11063,2799,180,ITC,ITC1,1,Piemonte,Piemonte,4356406,3526564,80.95,0.32
3749,2021-08-10,PIE,22052,11682,10370,12508,8892,652,ITC,ITC1,1,Piemonte,Piemonte,4356406,3548616,81.46,0.51
3750,2021-03-15,PIE,10706,4201,6505,4935,5615,156,ITC,ITC1,1,Piemonte,Piemonte,4356406,3559322,81.7,0.25
3751,2021-05-11,PIE,32327,15583,16744,18428,13257,642,ITC,ITC1,1,Piemonte,Piemonte,4356406,3591649,82.45,0.74
3752,2021-01-31,PIE,4155,1768,2387,115,4040,0,ITC,ITC1,1,Piemonte,Piemonte,4356406,3595804,82.54,0.1
3753,2021-07-18,PIE,32934,17272,15662,3251,29348,335,ITC,ITC1,1,Piemonte,Piemonte,4356406,3628738,83.3,0.76
3754,2021-02-07,PIE,3102,977,2125,446,2655,1,ITC,ITC1,1,Piemonte,Piemonte,4356406,3631840,83.37,0.07
3755,2021-05-01,PIE,28608,13022,15586,16346,11810,452,ITC,ITC1,1,Piemonte,Piemonte,4356406,3660448,84.02,0.66
3756,2021-01-21,PIE,6887,2317,4570,3375,3506,6,ITC,ITC1,1,Piemonte,Piemonte,4356406,3667335,84.18,0.16
3757,2021-08-23,PIE,18353,9861,8492,8832,8931,590,ITC,ITC1,1,Piemonte,Piemonte,4356406,3685688,84.6,0.42
3758,2021-05-15,PIE,33841,15782,18059,19420,13744,677,ITC,ITC1,1,Piemonte,Piemonte,4356406,3719529,85.38,0.78
3759,2021-06-01,PIE,29622,14882,14740,24503,4684,435,ITC,ITC1,1,Piemonte,Piemonte,4356406,3749151,86.06,0.68
3760,2021-02-21,PIE,5103,2090,3013,4949,104,50,ITC,ITC1,1,Piemonte,Piemonte,4356406,3754254,86.18,0.12
3761,2021-06-20,PIE,34138,17114,17024,18791,14781,566,ITC,ITC1,1,Piemonte,Piemonte,4356406,3788392,86.96,0.78
3762,2021-03-12,PIE,14234,5412,8822,10995,2947,292,ITC,ITC1,1,Piemonte,Piemonte,4356406,3802626,87.29,0.33
3763,2021-07-04,PIE,33861,17065,16796,11245,21986,630,ITC,ITC1,1,Piemonte,Piemonte,4356406,3836487,88.07,0.78
3764,2021-03-26,PIE,17953,7137,10816,8533,8889,531,ITC,ITC1,1,Piemonte,Piemonte,4356406,3854440,88.48,0.41
3765,2021-07-11,PIE,33223,16932,16291,4531,28371,321,ITC,ITC1,1,Piemonte,Piemonte,4356406,3887663,89.24,0.76
3766,2021-09-06,PIE,18200,9523,8677,6104,11410,686,ITC,ITC1,1,Piemonte,Piemonte,4356406,3905863,89.66,0.42
3767,2021-08-30,PIE,20909,10926,9983,7224,13018,667,ITC,ITC1,1,Piemonte,Piemonte,4356406,3926772,90.14,0.48
3768,2021-05-22,PIE,33585,15169,18416,16922,16250,413,ITC,ITC1,1,Piemonte,Piemonte,4356406,3960357,90.91,0.77
3769,2021-08-14,PIE,15116,8141,6975,9793,4759,564,ITC,ITC1,1,Piemonte,Piemonte,4356406,3975473,91.26,0.35
3770,2021-05-06,PIE,33473,15808,17665,19305,13561,607,ITC,ITC1,1,Piemonte,Piemonte,4356406,4008946,92.02,0.77
3771,2021-05-23,PIE,28827,13172,15655,15490,13017,320,ITC,ITC1,1,Piemonte,Piemonte,4356406,4037773,92.69,0.66
3772,2021-02-12,PIE,6919,2226,4693,3923,2971,25,ITC,ITC1,1,Piemonte,Piemonte,4356406,4044692,92.84,0.16
3773,2021-03-01,PIE,12188,4967,7221,11195,813,180,ITC,ITC1,1,Piemonte,Piemonte,4356406,4056880,93.12,0.28
3774,2021-09-02,PIE,16853,8781,8072,6145,10069,639,ITC,ITC1,1,Piemonte,Piemonte,4356406,4073733,93.51,0.39
3775,2021-05-25,PIE,31935,14799,17136,15642,15897,396,ITC,ITC1,1,Piemonte,Piemonte,4356406,4105668,94.24,0.73
3776,2021-06-11,PIE,43678,23111,20567,40012,2843,823,ITC,ITC1,1,Piemonte,Piemonte,4356406,4149346,95.25,1.0
3777,2021-05-30,PIE,27829,13233,14596,18053,9398,378,ITC,ITC1,1,Piemonte,Piemonte,4356406,4177175,95.89,0.64
3778,2021-02-19,PIE,5562,2187,3375,4933,504,125,ITC,ITC1,1,Piemonte,Piemonte,4356406,4182737,96.01,0.13
3779,2021-06-04,PIE,37690,19709,17981,34100,2966,624,ITC,ITC1,1,Piemonte,Piemonte,4356406,4220427,96.88,0.87
3780,2021-02-24,PIE,11412,4617,6795,10755,505,152,ITC,ITC1,1,Piemonte,Piemonte,4356406,4231839,97.14,0.26
3781,2021-01-19,PIE,6475,2108,4367,6457,9,9,ITC,ITC1,1,Piemonte,Piemonte,4356406,4238314,97.29,0.15
3782,2021-07-23,PIE,38167,20125,18042,8030,29503,634,ITC,ITC1,1,Piemonte,Piemonte,4356406,4276481,98.17,0.88
3783,2021-04-14,PIE,28355,12840,15515,23057,4575,723,ITC,ITC1,1,Piemonte,Piemonte,4356406,4304836,98.82,0.65
3784,2021-08-06,PIE,30484,16123,14361,13298,16503,683,ITC,ITC1,1,Piemonte,Piemonte,4356406,4335320,99.52,0.7
3785,2021-08-25,PIE,16422,8857,7565,8268,7432,722,ITC,ITC1,1,Piemonte,Piemonte,4356406,4351742,99.89,0.38
3786,2021-09-11,PIE,17427,9151,8276,5404,11294,729,ITC,ITC1,1,Piemonte,Piemonte,4356406,4369169,100.29,0.4
3787,2021-06-03,PIE,34817,18024,16793,29773,4494,550,ITC,ITC1,1,Piemonte,Piemonte,4356406,4403986,101.09,0.8
3788,2021-01-22,PIE,3885,1256,2629,2539,1345,1,ITC,ITC1,1,Piemonte,Piemonte,4356406,4407871,101.18,0.09
3789,2021-08-21,PIE,13322,7120,6202,7711,5087,524,ITC,ITC1,1,Piemonte,Piemonte,4356406,4421193,101.49,0.31
3790,2021-06-06,PIE,35174,18374,16800,32127,2491,556,ITC,ITC1,1,Piemonte,Piemonte,4356406,4456367,102.29,0.81
3791,2021-08-02,PIE,30010,15855,14155,9408,20064,538,ITC,ITC1,1,Piemonte,Piemonte,4356406,4486377,102.98,0.69
3792,2021-02-17,PIE,4817,2170,2647,3764,991,62,ITC,ITC1,1,Piemonte,Piemonte,4356406,4491194,103.09,0.11
3793,2021-06-08,PIE,37762,19531,18231,34189,2856,717,ITC,ITC1,1,Piemonte,Piemonte,4356406,4528956,103.96,0.87
3794,2021-08-04,PIE,29322,15504,13818,8959,19854,509,ITC,ITC1,1,Piemonte,Piemonte,4356406,4558278,104.63,0.67
3795,2021-04-26,PIE,19841,8768,11073,14923,4402,516,ITC,ITC1,1,Piemonte,Piemonte,4356406,4578119,105.09,0.46
3796,2021-08-18,PIE,18116,9779,8337,11607,5766,743,ITC,ITC1,1,Piemonte,Piemonte,4356406,4596235,105.51,0.42
3797,2021-04-19,PIE,22588,10783,11805,17664,4358,566,ITC,ITC1,1,Piemonte,Piemonte,4356406,4618823,106.02,0.52
3798,2021-01-09,PIE,6203,2196,4007,6201,0,2,ITC,ITC1,1,Piemonte,Piemonte,4356406,4625026,106.17,0.14
3799,2021-01-26,PIE,6362,1896,4466,737,5624,1,ITC,ITC1,1,Piemonte,Piemonte,4356406,4631388,106.31,0.15
3800,2021-07-30,PIE,35846,18718,17128,9561,25778,507,ITC,ITC1,1,Piemonte,Piemonte,4356406,4667234,107.13,0.82
3801,2021-08-16,PIE,19248,10223,9025,11590,6810,848,ITC,ITC1,1,Piemonte,Piemonte,4356406,4686482,107.58,0.44
3802,2021-05-08,PIE,34365,16298,18067,18167,15666,532,ITC,ITC1,1,Piemonte,Piemonte,4356406,4720847,108.37,0.79
3803,2021-01-28,PIE,5613,1815,3798,380,5233,0,ITC,ITC1,1,Piemonte,Piemonte,4356406,4726460,108.49,0.13
3804,2021-02-14,PIE,1483,501,982,871,605,7,ITC,ITC1,1,Piemonte,Piemonte,4356406,4727943,108.53,0.03
3805,2021-08-11,PIE,23448,12610,10838,13443,9359,646,ITC,ITC1,1,Piemonte,Piemonte,4356406,4751391,109.07,0.54
3806,2021-05-03,PIE,26722,12221,14501,12049,14226,447,ITC,ITC1,1,Piemonte,Piemonte,4356406,4778113,109.68,0.61
3807,2021-02-26,PIE,12322,4943,7379,11368,743,211,ITC,ITC1,1,Piemonte,Piemonte,4356406,4790435,109.96,0.28
3808,2021-04-24,PIE,27557,12458,15099,21324,5664,569,ITC,ITC1,1,Piemonte,Piemonte,4356406,4817992,110.6,0.63
3809,2021-01-14,PIE,9799,3160,6639,9793,0,6,ITC,ITC1,1,Piemonte,Piemonte,4356406,4827791,110.82,0.22
3810,2021-07-02,PIE,43843,22057,21786,17384,25589,870,ITC,ITC1,1,Piemonte,Piemonte,4356406,4871634,111.83,1.01
3811,2021-08-28,PIE,17479,9203,8276,7289,9559,631,ITC,ITC1,1,Piemonte,Piemonte,4356406,4889113,112.23,0.4
3812,2021-05-13,PIE,35784,17581,18203,19913,15147,724,ITC,ITC1,1,Piemonte,Piemonte,4356406,4924897,113.05,0.82
3813,2021-02-02,PIE,10291,3524,6767,814,9476,1,ITC,ITC1,1,Piemonte,Piemonte,4356406,4935188,113.29,0.24
3814,2021-07-09,PIE,40490,20660,19830,5766,34185,539,ITC,ITC1,1,Piemonte,Piemonte,4356406,4975678,114.22,0.93
3815,2021-03-31,PIE,19145,8128,11017,10104,8699,342,ITC,ITC1,1,Piemonte,Piemonte,4356406,4994823,114.65,0.44
3816,2021-09-04,PIE,18565,9706,8859,6339,11513,713,ITC,ITC1,1,Piemonte,Piemonte,4356406,5013388,115.08,0.43
3817,2021-05-27,PIE,37526,17446,20080,18870,18203,453,ITC,ITC1,1,Piemonte,Piemonte,4356406,5050914,115.94,0.86
3818,2021-02-16,PIE,3988,1767,2221,3174,765,49,ITC,ITC1,1,Piemonte,Piemonte,4356406,5054902,116.03,0.09
3819,2021-03-24,PIE,15616,6415,9201,6111,9140,365,ITC,ITC1,1,Piemonte,Piemonte,4356406,5070518,116.39,0.36
3820,2021-05-20,PIE,38714,17987,20727,13368,24984,362,ITC,ITC1,1,Piemonte,Piemonte,4356406,5109232,117.28,0.89
3821,2021-02-09,PIE,7409,2319,5090,717,6690,2,ITC,ITC1,1,Piemonte,Piemonte,4356406,5116641,117.45,0.17
3822,2021-07-16,PIE,42143,22013,20130,3608,38116,419,ITC,ITC1,1,Piemonte,Piemonte,4356406,5158784,118.42,0.97
3823,2021-04-07,PIE,23706,10040,13666,17704,5462,540,ITC,ITC1,1,Piemonte,Piemonte,4356406,5182490,118.96,0.54
3824,2021-02-08,PIE,6932,2356,4576,664,6263,5,ITC,ITC1,1,Piemonte,Piemonte,4356406,5189422,119.12,0.16
3825,2021-08-29,PIE,15127,8112,7015,5031,9666,430,ITC,ITC1,1,Piemonte,Piemonte,4356406,5204549,119.47,0.35
3826,2021-05-21,PIE,36291,16860,19431,20090,15678,523,ITC,ITC1,1,Piemonte,Piemonte,4356406,5240840,120.3,0.83
3827,2021-07-17,PIE,42047,22133,19914,4955,36597,495,ITC,ITC1,1,Piemonte,Piemonte,4356406,5282887,121.27,0.97
3828,2021-02-01,PIE,8698,3072,5626,579,8118,1,ITC,ITC1,1,Piemonte,Piemonte,4356406,5291585,121.47,0.2
3829,2021-05-14,PIE,33494,16311,17183,17366,15452,676,ITC,ITC1,1,Piemonte,Piemonte,4356406,5325079,122.24,0.77
3830,2021-07-26,PIE,32833,17082,15751,8308,23892,633,ITC,ITC1,1,Piemonte,Piemonte,4356406,5357912,122.99,0.75
3831,2021-04-17,PIE,30519,14173,16346,26481,3313,725,ITC,ITC1,1,Piemonte,Piemonte,4356406,5388431,123.69,0.7
3832,2021-06-13,PIE,38204,20163,18041,33293,4136,775,ITC,ITC1,1,Piemonte,Piemonte,4356406,5426635,124.57,0.88
3833,2021-02-10,PIE,7563,2378,5185,1301,6247,15,ITC,ITC1,1,Piemonte,Piemonte,4356406,5434198,124.74,0.17
3834,2021-04-08,PIE,25356,11037,14319,20059,4729,568,ITC,ITC1,1,Piemonte,Piemonte,4356406,5459554,125.32,0.58
3835,2021-07-19,PIE,39656,20635,19021,4500,34737,419,ITC,ITC1,1,Piemonte,Piemonte,4356406,5499210,126.23,0.91
3836,2021-04-10,PIE,30206,13428,16778,25276,4269,661,ITC,ITC1,1,Piemonte,Piemonte,4356406,5529416,126.93,0.69
3837,2021-04-15,PIE,29656,13588,16068,23418,5543,695,ITC,ITC1,1,Piemonte,Piemonte,4356406,5559072,127.61,0.68
3838,2021-01-05,PIE,5405,1616,3789,5398,0,7,ITC,ITC1,1,Piemonte,Piemonte,4356406,5564477,127.73,0.12
3839,2021-06-22,PIE,40716,20134,20582,17813,22334,569,ITC,ITC1,1,Piemonte,Piemonte,4356406,5605193,128.67,0.93
3840,2021-01-07,PIE,5402,1740,3662,5400,0,2,ITC,ITC1,1,Piemonte,Piemonte,4356406,5610595,128.79,0.12
3841,2021-03-05,PIE,15671,6309,9362,11553,3838,280,ITC,ITC1,1,Piemonte,Piemonte,4356406,5626266,129.15,0.36
3842,2021-07-28,PIE,34831,18099,16732,9172,25055,604,ITC,ITC1,1,Piemonte,Piemonte,4356406,5661097,129.95,0.8
3843,2021-06-15,PIE,39030,20098,18932,26547,11788,695,ITC,ITC1,1,Piemonte,Piemonte,4356406,5700127,130.84,0.9
3844,2021-03-07,PIE,12006,4673,7333,10875,877,254,ITC,ITC1,1,Piemonte,Piemonte,4356406,5712133,131.12,0.28
3845,2020-12-31,PIE,3896,1329,2567,3896,0,0,ITC,ITC1,1,Piemonte,Piemonte,4356406,5716029,131.21,0.09
3846,2021-08-08,CAL,4221,2148,2073,1495,2698,28,ITF,ITF6,18,Calabria,Calabria,1947131,4221,0.22,0.22
3847,2021-07-22,CAL,18329,9026,9303,3489,14749,91,ITF,ITF6,18,Calabria,Calabria,1947131,22550,1.16,0.94
3848,2021-04-30,CAL,15113,7413,7700,10526,4507,80,ITF,ITF6,18,Calabria,Calabria,1947131,37663,1.93,0.78
3849,2021-02-06,CAL,2936,1352,1584,439,2496,1,ITF,ITF6,18,Calabria,Calabria,1947131,40599,2.09,0.15
3850,2021-09-05,CAL,1496,812,684,697,782,17,ITF,ITF6,18,Calabria,Calabria,1947131,42095,2.16,0.08
3851,2021-07-10,CAL,15945,7539,8406,3244,12657,44,ITF,ITF6,18,Calabria,Calabria,1947131,58040,2.98,0.82
3852,2021-01-23,CAL,403,188,215,360,43,0,ITF,ITF6,18,Calabria,Calabria,1947131,58443,3.0,0.02
3853,2021-01-11,CAL,2192,1062,1130,2190,0,2,ITF,ITF6,18,Calabria,Calabria,1947131,60635,3.11,0.11
3854,2021-01-25,CAL,1090,522,568,150,940,0,ITF,ITF6,18,Calabria,Calabria,1947131,61725,3.17,0.06
3855,2021-05-05,CAL,13624,6518,7106,8406,5139,79,ITF,ITF6,18,Calabria,Calabria,1947131,75349,3.87,0.7
3856,2021-08-17,CAL,7685,3914,3771,2760,4829,96,ITF,ITF6,18,Calabria,Calabria,1947131,83034,4.26,0.39
3857,2021-08-10,CAL,9783,4914,4869,3598,6084,101,ITF,ITF6,18,Calabria,Calabria,1947131,92817,4.77,0.5
3858,2021-06-14,CAL,14358,6511,7847,9627,4654,77,ITF,ITF6,18,Calabria,Calabria,1947131,107175,5.5,0.74
3859,2021-03-04,CAL,5497,3198,2299,4677,800,20,ITF,ITF6,18,Calabria,Calabria,1947131,112672,5.79,0.28
3860,2021-06-12,CAL,13247,6298,6949,10781,2398,68,ITF,ITF6,18,Calabria,Calabria,1947131,125919,6.47,0.68
3861,2021-04-18,CAL,5882,2809,3073,4939,918,25,ITF,ITF6,18,Calabria,Calabria,1947131,131801,6.77,0.3
3862,2021-04-04,CAL,1574,789,785,1141,422,11,ITF,ITF6,18,Calabria,Calabria,1947131,133375,6.85,0.08
3863,2021-06-26,CAL,15585,7201,8384,7573,7941,71,ITF,ITF6,18,Calabria,Calabria,1947131,148960,7.65,0.8
3864,2021-03-09,CAL,6586,3438,3148,5523,989,74,ITF,ITF6,18,Calabria,Calabria,1947131,155546,7.99,0.34
3865,2021-02-20,CAL,1510,790,720,1167,329,14,ITF,ITF6,18,Calabria,Calabria,1947131,157056,8.07,0.08
3866,2021-08-22,CAL,1525,770,755,484,1022,19,ITF,ITF6,18,Calabria,Calabria,1947131,158581,8.14,0.08
3867,2021-05-31,CAL,15301,7348,7953,7311,7909,81,ITF,ITF6,18,Calabria,Calabria,1947131,173882,8.93,0.79
3868,2021-07-01,CAL,12399,5838,6561,5476,6839,84,ITF,ITF6,18,Calabria,Calabria,1947131,186281,9.57,0.64
3869,2021-02-01,CAL,2558,1212,1346,237,2318,3,ITF,ITF6,18,Calabria,Calabria,1947131,188839,9.7,0.13
3870,2021-07-08,CAL,12050,5616,6434,2691,9314,45,ITF,ITF6,18,Calabria,Calabria,1947131,200889,10.32,0.62
3871,2021-07-27,CAL,17584,8992,8592,5020,12477,87,ITF,ITF6,18,Calabria,Calabria,1947131,218473,11.22,0.9
3872,2021-01-06,CAL,956,520,436,956,0,0,ITF,ITF6,18,Calabria,Calabria,1947131,219429,11.27,0.05
3873,2021-04-16,CAL,10345,5050,5295,8641,1644,60,ITF,ITF6,18,Calabria,Calabria,1947131,229774,11.8,0.53
3874,2021-02-18,CAL,1890,877,1013,1638,233,19,ITF,ITF6,18,Calabria,Calabria,1947131,231664,11.9,0.1
3875,2021-08-03,CAL,14096,7126,6970,3909,10113,74,ITF,ITF6,18,Calabria,Calabria,1947131,245760,12.62,0.72
3876,2021-01-18,CAL,1309,594,715,1056,249,4,ITF,ITF6,18,Calabria,Calabria,1947131,247069,12.69,0.07
3877,2021-07-03,CAL,15182,7147,8035,5284,9820,78,ITF,ITF6,18,Calabria,Calabria,1947131,262251,13.47,0.78
3878,2021-04-11,CAL,4213,1915,2298,2243,1953,17,ITF,ITF6,18,Calabria,Calabria,1947131,266464,13.68,0.22
3879,2021-07-20,CAL,17494,8483,9011,3196,14224,74,ITF,ITF6,18,Calabria,Calabria,1947131,283958,14.58,0.9
3880,2021-03-28,CAL,2697,1236,1461,1566,1126,5,ITF,ITF6,18,Calabria,Calabria,1947131,286655,14.72,0.14
3881,2021-08-29,CAL,1683,887,796,721,932,30,ITF,ITF6,18,Calabria,Calabria,1947131,288338,14.81,0.09
3882,2021-01-30,CAL,2211,1171,1040,295,1913,3,ITF,ITF6,18,Calabria,Calabria,1947131,290549,14.92,0.11
3883,2021-02-17,CAL,1879,833,1046,1649,213,17,ITF,ITF6,18,Calabria,Calabria,1947131,292428,15.02,0.1
3884,2021-07-24,CAL,18182,9345,8837,4684,13398,100,ITF,ITF6,18,Calabria,Calabria,1947131,310610,15.95,0.93
3885,2021-05-28,CAL,21020,10216,10804,11424,9483,113,ITF,ITF6,18,Calabria,Calabria,1947131,331630,17.03,1.08
3886,2021-03-02,CAL,4425,2502,1923,3620,796,9,ITF,ITF6,18,Calabria,Calabria,1947131,336055,17.26,0.23
3887,2021-03-16,CAL,3874,1901,1973,2183,1678,13,ITF,ITF6,18,Calabria,Calabria,1947131,339929,17.46,0.2
3888,2021-07-29,CAL,17592,8771,8821,4719,12772,101,ITF,ITF6,18,Calabria,Calabria,1947131,357521,18.36,0.9
3889,2021-02-11,CAL,2353,1053,1300,1064,1267,22,ITF,ITF6,18,Calabria,Calabria,1947131,359874,18.48,0.12
3890,2021-02-25,CAL,2929,1575,1354,2285,604,40,ITF,ITF6,18,Calabria,Calabria,1947131,362803,18.63,0.15
3891,2021-03-11,CAL,7318,3484,3834,5949,1316,53,ITF,ITF6,18,Calabria,Calabria,1947131,370121,19.01,0.38
3892,2021-06-19,CAL,15855,7421,8434,8498,7289,68,ITF,ITF6,18,Calabria,Calabria,1947131,385976,19.82,0.81
3893,2021-09-10,CAL,8989,4558,4431,3615,5171,203,ITF,ITF6,18,Calabria,Calabria,1947131,394965,20.28,0.46
3894,2021-06-07,CAL,18007,8424,9583,14711,3215,81,ITF,ITF6,18,Calabria,Calabria,1947131,412972,21.21,0.92
3895,2021-05-24,CAL,17787,8913,8874,9936,7769,82,ITF,ITF6,18,Calabria,Calabria,1947131,430759,22.12,0.91
3896,2021-05-07,CAL,16284,7669,8615,9650,6538,96,ITF,ITF6,18,Calabria,Calabria,1947131,447043,22.96,0.84
3897,2021-02-13,CAL,1418,612,806,1045,370,3,ITF,ITF6,18,Calabria,Calabria,1947131,448461,23.03,0.07
3898,2021-08-15,CAL,52,24,28,18,33,1,ITF,ITF6,18,Calabria,Calabria,1947131,448513,23.03,0.0
3899,2021-05-12,CAL,16495,8046,8449,10826,5572,97,ITF,ITF6,18,Calabria,Calabria,1947131,465008,23.88,0.85
3900,2021-05-26,CAL,18750,9340,9410,10334,8323,93,ITF,ITF6,18,Calabria,Calabria,1947131,483758,24.84,0.96
3901,2021-03-30,CAL,6519,2849,3670,3652,2842,25,ITF,ITF6,18,Calabria,Calabria,1947131,490277,25.18,0.33
3902,2021-09-03,CAL,9058,4629,4429,3568,5301,189,ITF,ITF6,18,Calabria,Calabria,1947131,499335,25.64,0.47
3903,2021-05-19,CAL,18325,9081,9244,11259,6990,76,ITF,ITF6,18,Calabria,Calabria,1947131,517660,26.59,0.94
3904,2021-06-21,CAL,15418,7104,8314,7996,7383,39,ITF,ITF6,18,Calabria,Calabria,1947131,533078,27.38,0.79
3905,2021-01-04,CAL,1076,533,543,1073,0,3,ITF,ITF6,18,Calabria,Calabria,1947131,534154,27.43,0.06
3906,2021-04-23,CAL,13152,6458,6694,9437,3615,100,ITF,ITF6,18,Calabria,Calabria,1947131,547306,28.11,0.68
3907,2021-01-13,CAL,2110,1067,1043,2098,0,12,ITF,ITF6,18,Calabria,Calabria,1947131,549416,28.22,0.11
3908,2021-04-13,CAL,6973,3424,3549,5610,1336,27,ITF,ITF6,18,Calabria,Calabria,1947131,556389,28.57,0.36
3909,2021-01-20,CAL,1410,630,780,1406,1,3,ITF,ITF6,18,Calabria,Calabria,1947131,557799,28.65,0.07
3910,2021-01-03,CAL,6,3,3,6,0,0,ITF,ITF6,18,Calabria,Calabria,1947131,557805,28.65,0.0
3911,2021-03-27,CAL,8854,4032,4822,4666,4143,45,ITF,ITF6,18,Calabria,Calabria,1947131,566659,29.1,0.45
3912,2021-07-05,CAL,13384,6252,7132,4262,9057,65,ITF,ITF6,18,Calabria,Calabria,1947131,580043,29.79,0.69
3913,2021-05-23,CAL,11394,5555,5839,6994,4356,44,ITF,ITF6,18,Calabria,Calabria,1947131,591437,30.37,0.59
3914,2021-03-01,CAL,2760,1566,1194,2295,461,4,ITF,ITF6,18,Calabria,Calabria,1947131,594197,30.52,0.14
3915,2021-06-09,CAL,18263,8624,9639,15896,2282,85,ITF,ITF6,18,Calabria,Calabria,1947131,612460,31.45,0.94
3916,2021-08-31,CAL,6827,3376,3451,2670,4030,127,ITF,ITF6,18,Calabria,Calabria,1947131,619287,31.81,0.35
3917,2021-03-06,CAL,8547,4405,4142,7705,817,25,ITF,ITF6,18,Calabria,Calabria,1947131,627834,32.24,0.44
3918,2021-08-19,CAL,5871,2944,2927,2346,3467,58,ITF,ITF6,18,Calabria,Calabria,1947131,633705,32.55,0.3
3919,2021-05-09,CAL,9696,4531,5165,6041,3607,48,ITF,ITF6,18,Calabria,Calabria,1947131,643401,33.04,0.5
3920,2021-01-29,CAL,2080,1005,1075,226,1853,1,ITF,ITF6,18,Calabria,Calabria,1947131,645481,33.15,0.11
3921,2021-05-14,CAL,19948,9581,10367,12943,6887,118,ITF,ITF6,18,Calabria,Calabria,1947131,665429,34.17,1.02
3922,2021-04-27,CAL,9983,4908,5075,7961,1972,50,ITF,ITF6,18,Calabria,Calabria,1947131,675412,34.69,0.51
3923,2021-02-03,CAL,2872,1481,1391,516,2351,5,ITF,ITF6,18,Calabria,Calabria,1947131,678284,34.84,0.15
3924,2021-07-19,CAL,19019,9109,9910,3033,15936,50,ITF,ITF6,18,Calabria,Calabria,1947131,697303,35.81,0.98
3925,2021-08-05,CAL,12471,6288,6183,3879,8494,98,ITF,ITF6,18,Calabria,Calabria,1947131,709774,36.45,0.64
3926,2021-04-15,CAL,7795,3819,3976,5992,1756,47,ITF,ITF6,18,Calabria,Calabria,1947131,717569,36.85,0.4
3927,2021-04-01,CAL,8699,3960,4739,4153,4508,38,ITF,ITF6,18,Calabria,Calabria,1947131,726268,37.3,0.45
3928,2021-03-23,CAL,5269,2471,2798,3421,1824,24,ITF,ITF6,18,Calabria,Calabria,1947131,731537,37.57,0.27
3929,2021-08-27,CAL,9162,4772,4390,3612,5390,160,ITF,ITF6,18,Calabria,Calabria,1947131,740699,38.04,0.47
3930,2021-07-15,CAL,18281,8808,9473,2519,15709,53,ITF,ITF6,18,Calabria,Calabria,1947131,758980,38.98,0.94
3931,2021-02-15,CAL,1182,567,615,1012,165,5,ITF,ITF6,18,Calabria,Calabria,1947131,760162,39.04,0.06
3932,2020-12-27,CAL,317,169,148,317,0,0,ITF,ITF6,18,Calabria,Calabria,1947131,760479,39.06,0.02
3933,2021-03-08,CAL,5523,2991,2532,4405,1085,33,ITF,ITF6,18,Calabria,Calabria,1947131,766002,39.34,0.28
3934,2021-03-25,CAL,7555,3571,3984,4585,2933,37,ITF,ITF6,18,Calabria,Calabria,1947131,773557,39.73,0.39
3935,2021-09-07,CAL,5889,2978,2911,2769,2979,141,ITF,ITF6,18,Calabria,Calabria,1947131,779446,40.03,0.3
3936,2021-06-16,CAL,18342,8475,9867,12127,6125,90,ITF,ITF6,18,Calabria,Calabria,1947131,797788,40.97,0.94
3937,2021-09-11,CAL,4843,2581,2262,1913,2809,121,ITF,ITF6,18,Calabria,Calabria,1947131,802631,41.22,0.25
3938,2021-06-18,CAL,18920,8810,10110,11285,7518,117,ITF,ITF6,18,Calabria,Calabria,1947131,821551,42.19,0.97
3939,2021-07-12,CAL,17982,8540,9442,2688,15245,49,ITF,ITF6,18,Calabria,Calabria,1947131,839533,43.12,0.92
3940,2021-01-10,CAL,958,540,418,958,0,0,ITF,ITF6,18,Calabria,Calabria,1947131,840491,43.17,0.05
3941,2021-04-20,CAL,7903,3990,3913,6076,1749,78,ITF,ITF6,18,Calabria,Calabria,1947131,848394,43.57,0.41
3942,2021-06-11,CAL,17832,8761,9071,15126,2581,125,ITF,ITF6,18,Calabria,Calabria,1947131,866226,44.49,0.92
3943,2021-01-08,CAL,2202,1049,1153,2195,0,7,ITF,ITF6,18,Calabria,Calabria,1947131,868428,44.6,0.11
3944,2021-03-18,CAL,4507,2107,2400,2344,2137,26,ITF,ITF6,18,Calabria,Calabria,1947131,872935,44.83,0.23
3945,2021-02-27,CAL,4063,2094,1969,3669,387,7,ITF,ITF6,18,Calabria,Calabria,1947131,876998,45.04,0.21
3946,2021-07-31,CAL,13810,7062,6748,3640,10095,75,ITF,ITF6,18,Calabria,Calabria,1947131,890808,45.75,0.71
3947,2021-01-27,CAL,1491,757,734,384,1106,1,ITF,ITF6,18,Calabria,Calabria,1947131,892299,45.83,0.08
3948,2021-03-10,CAL,6888,3508,3380,5471,1378,39,ITF,ITF6,18,Calabria,Calabria,1947131,899187,46.18,0.35
3949,2021-08-23,CAL,7680,3814,3866,2793,4781,106,ITF,ITF6,18,Calabria,Calabria,1947131,906867,46.57,0.39
3950,2021-06-01,CAL,12887,5977,6910,7884,4942,61,ITF,ITF6,18,Calabria,Calabria,1947131,919754,47.24,0.66
3951,2021-09-09,CAL,6303,3157,3146,2402,3787,114,ITF,ITF6,18,Calabria,Calabria,1947131,926057,47.56,0.32
3952,2021-05-13,CAL,15984,7693,8291,11173,4732,79,ITF,ITF6,18,Calabria,Calabria,1947131,942041,48.38,0.82
3953,2021-02-19,CAL,1521,689,832,1248,264,9,ITF,ITF6,18,Calabria,Calabria,1947131,943562,48.46,0.08
3954,2021-05-30,CAL,11010,5308,5702,6821,4154,35,ITF,ITF6,18,Calabria,Calabria,1947131,954572,49.02,0.57
3955,2021-02-22,CAL,2104,1074,1030,1534,561,9,ITF,ITF6,18,Calabria,Calabria,1947131,956676,49.13,0.11
3956,2021-06-02,CAL,12103,5801,6302,8786,3269,48,ITF,ITF6,18,Calabria,Calabria,1947131,968779,49.75,0.62
3957,2021-08-07,CAL,9532,4876,4656,3021,6447,64,ITF,ITF6,18,Calabria,Calabria,1947131,978311,50.24,0.49
3958,2021-05-16,CAL,13817,6741,7076,9919,3843,55,ITF,ITF6,18,Calabria,Calabria,1947131,992128,50.95,0.71
3959,2021-08-24,CAL,6504,3228,3276,2319,4100,85,ITF,ITF6,18,Calabria,Calabria,1947131,998632,51.29,0.33
3960,2021-04-06,CAL,8185,3730,4455,4462,3686,37,ITF,ITF6,18,Calabria,Calabria,1947131,1006817,51.71,0.42
3961,2021-02-08,CAL,1880,748,1132,667,1210,3,ITF,ITF6,18,Calabria,Calabria,1947131,1008697,51.8,0.1
3962,2021-04-24,CAL,19309,9608,9701,15756,3463,90,ITF,ITF6,18,Calabria,Calabria,1947131,1028006,52.8,0.99
3963,2021-02-26,CAL,3170,1685,1485,2692,463,15,ITF,ITF6,18,Calabria,Calabria,1947131,1031176,52.96,0.16
3964,2021-08-02,CAL,15081,7537,7544,3725,11298,58,ITF,ITF6,18,Calabria,Calabria,1947131,1046257,53.73,0.77
3965,2021-06-20,CAL,6652,3151,3501,3816,2808,28,ITF,ITF6,18,Calabria,Calabria,1947131,1052909,54.07,0.34
3966,2021-06-06,CAL,13809,6640,7169,12015,1723,71,ITF,ITF6,18,Calabria,Calabria,1947131,1066718,54.78,0.71
3967,2021-09-02,CAL,7539,3916,3623,3159,4258,122,ITF,ITF6,18,Calabria,Calabria,1947131,1074257,55.17,0.39
3968,2021-02-14,CAL,491,229,262,453,37,1,ITF,ITF6,18,Calabria,Calabria,1947131,1074748,55.2,0.03
3969,2021-05-25,CAL,16428,8047,8381,10216,6125,87,ITF,ITF6,18,Calabria,Calabria,1947131,1091176,56.04,0.84
3970,2021-01-26,CAL,1894,910,984,269,1624,1,ITF,ITF6,18,Calabria,Calabria,1947131,1093070,56.14,0.1
3971,2021-07-28,CAL,21380,10734,10646,5895,15372,113,ITF,ITF6,18,Calabria,Calabria,1947131,1114450,57.24,1.1
3972,2021-04-22,CAL,9840,4921,4919,6849,2937,54,ITF,ITF6,18,Calabria,Calabria,1947131,1124290,57.74,0.51
3973,2021-08-16,CAL,6974,3566,3408,2376,4536,62,ITF,ITF6,18,Calabria,Calabria,1947131,1131264,58.1,0.36
3974,2021-02-12,CAL,1717,673,1044,943,768,6,ITF,ITF6,18,Calabria,Calabria,1947131,1132981,58.19,0.09
3975,2021-05-17,CAL,14913,7464,7449,10138,4721,54,ITF,ITF6,18,Calabria,Calabria,1947131,1147894,58.95,0.77
3976,2021-08-25,CAL,8846,4330,4516,3325,5387,134,ITF,ITF6,18,Calabria,Calabria,1947131,1156740,59.41,0.45
3977,2021-02-21,CAL,668,306,362,588,79,1,ITF,ITF6,18,Calabria,Calabria,1947131,1157408,59.44,0.03
3978,2021-04-28,CAL,12577,6100,6477,9621,2884,72,ITF,ITF6,18,Calabria,Calabria,1947131,1169985,60.09,0.65
3979,2021-02-04,CAL,3677,1748,1929,646,3025,6,ITF,ITF6,18,Calabria,Calabria,1947131,1173662,60.28,0.19
3980,2021-05-15,CAL,27281,13057,14224,20267,6878,136,ITF,ITF6,18,Calabria,Calabria,1947131,1200943,61.68,1.4
3981,2021-08-06,CAL,15624,7932,7692,5087,10403,134,ITF,ITF6,18,Calabria,Calabria,1947131,1216567,62.48,0.8
3982,2021-02-02,CAL,2376,1170,1206,176,2200,0,ITF,ITF6,18,Calabria,Calabria,1947131,1218943,62.6,0.12
3983,2021-01-16,CAL,2429,1140,1289,2426,0,3,ITF,ITF6,18,Calabria,Calabria,1947131,1221372,62.73,0.12
3984,2021-05-04,CAL,16533,7624,8909,11623,4804,106,ITF,ITF6,18,Calabria,Calabria,1947131,1237905,63.58,0.85
3985,2021-08-12,CAL,7641,3879,3762,2798,4667,176,ITF,ITF6,18,Calabria,Calabria,1947131,1245546,63.97,0.39
3986,2021-01-22,CAL,662,276,386,660,2,0,ITF,ITF6,18,Calabria,Calabria,1947131,1246208,64.0,0.03
3987,2021-05-02,CAL,12561,5862,6699,10584,1911,66,ITF,ITF6,18,Calabria,Calabria,1947131,1258769,64.65,0.65
3988,2021-03-29,CAL,5784,2501,3283,3976,1776,32,ITF,ITF6,18,Calabria,Calabria,1947131,1264553,64.94,0.3
3989,2021-01-31,CAL,1132,564,568,148,984,0,ITF,ITF6,18,Calabria,Calabria,1947131,1265685,65.0,0.06
3990,2021-07-07,CAL,13971,6583,7388,3899,9996,76,ITF,ITF6,18,Calabria,Calabria,1947131,1279656,65.72,0.72
3991,2021-07-21,CAL,22117,10622,11495,4514,17488,115,ITF,ITF6,18,Calabria,Calabria,1947131,1301773,66.86,1.14
3992,2021-01-17,CAL,914,441,473,808,100,6,ITF,ITF6,18,Calabria,Calabria,1947131,1302687,66.9,0.05
3993,2021-03-24,CAL,7981,3649,4332,4551,3405,25,ITF,ITF6,18,Calabria,Calabria,1947131,1310668,67.31,0.41
3994,2021-04-10,CAL,11737,5311,6426,6826,4865,46,ITF,ITF6,18,Calabria,Calabria,1947131,1322405,67.92,0.6
3995,2021-01-07,CAL,2223,1091,1132,2219,0,4,ITF,ITF6,18,Calabria,Calabria,1947131,1324628,68.03,0.11
3996,2021-06-13,CAL,6861,3367,3494,5729,1076,56,ITF,ITF6,18,Calabria,Calabria,1947131,1331489,68.38,0.35
3997,2021-04-17,CAL,10861,5078,5783,9024,1786,51,ITF,ITF6,18,Calabria,Calabria,1947131,1342350,68.94,0.56
3998,2021-05-01,CAL,16752,7982,8770,12399,4260,93,ITF,ITF6,18,Calabria,Calabria,1947131,1359102,69.8,0.86
3999,2021-03-05,CAL,6243,3624,2619,5648,579,16,ITF,ITF6,18,Calabria,Calabria,1947131,1365345,70.12,0.32
4000,2021-08-09,CAL,13173,6713,6460,4640,8371,162,ITF,ITF6,18,Calabria,Calabria,1947131,1378518,70.8,0.68
4001,2021-05-06,CAL,13357,6322,7035,8925,4359,73,ITF,ITF6,18,Calabria,Calabria,1947131,1391875,71.48,0.69
4002,2021-08-14,CAL,2231,1195,1036,726,1489,16,ITF,ITF6,18,Calabria,Calabria,1947131,1394106,71.6,0.11
4003,2021-07-14,CAL,22648,10681,11967,4159,18412,77,ITF,ITF6,18,Calabria,Calabria,1947131,1416754,72.76,1.16
4004,2021-04-05,CAL,3645,1729,1916,2672,960,13,ITF,ITF6,18,Calabria,Calabria,1947131,1420399,72.95,0.19
4005,2021-06-27,CAL,8425,3947,4478,4987,3397,41,ITF,ITF6,18,Calabria,Calabria,1947131,1428824,73.38,0.43
4006,2021-04-03,CAL,9461,4092,5369,4535,4863,63,ITF,ITF6,18,Calabria,Calabria,1947131,1438285,73.87,0.49
4007,2021-01-28,CAL,2300,1144,1156,79,2221,0,ITF,ITF6,18,Calabria,Calabria,1947131,1440585,73.99,0.12
4008,2021-08-13,CAL,7595,3919,3676,2444,5083,68,ITF,ITF6,18,Calabria,Calabria,1947131,1448180,74.38,0.39
4009,2021-05-08,CAL,18573,8430,10143,10503,7992,78,ITF,ITF6,18,Calabria,Calabria,1947131,1466753,75.33,0.95
4010,2021-04-08,CAL,9373,4440,4933,5833,3489,51,ITF,ITF6,18,Calabria,Calabria,1947131,1476126,75.81,0.48
4011,2021-09-12,CAL,1559,812,747,643,888,28,ITF,ITF6,18,Calabria,Calabria,1947131,1477685,75.89,0.08
4012,2021-02-10,CAL,2526,1086,1440,876,1635,15,ITF,ITF6,18,Calabria,Calabria,1947131,1480211,76.02,0.13
4013,2021-07-17,CAL,18337,9046,9291,2708,15561,68,ITF,ITF6,18,Calabria,Calabria,1947131,1498548,76.96,0.94
4014,2021-06-04,CAL,17548,8159,9389,12954,4524,70,ITF,ITF6,18,Calabria,Calabria,1947131,1516096,77.86,0.9
4015,2021-05-21,CAL,21372,10885,10487,13857,7405,110,ITF,ITF6,18,Calabria,Calabria,1947131,1537468,78.96,1.1
4016,2021-07-26,CAL,18798,9339,9459,5216,13489,93,ITF,ITF6,18,Calabria,Calabria,1947131,1556266,79.93,0.97
4017,2021-03-12,CAL,5162,2473,2689,4074,1065,23,ITF,ITF6,18,Calabria,Calabria,1947131,1561428,80.19,0.27
4018,2021-01-14,CAL,2677,1272,1405,2671,0,6,ITF,ITF6,18,Calabria,Calabria,1947131,1564105,80.33,0.14
4019,2021-05-22,CAL,22203,10564,11639,14210,7902,91,ITF,ITF6,18,Calabria,Calabria,1947131,1586308,81.47,1.14
4020,2021-08-30,CAL,9383,4713,4670,3150,6109,124,ITF,ITF6,18,Calabria,Calabria,1947131,1595691,81.95,0.48
4021,2021-04-21,CAL,11630,5843,5787,8634,2935,61,ITF,ITF6,18,Calabria,Calabria,1947131,1607321,82.55,0.6
4022,2021-07-30,CAL,19736,10061,9675,5515,14094,127,ITF,ITF6,18,Calabria,Calabria,1947131,1627057,83.56,1.01
4023,2021-04-02,CAL,8558,3922,4636,4583,3941,34,ITF,ITF6,18,Calabria,Calabria,1947131,1635615,84.0,0.44
4024,2021-06-24,CAL,15421,7025,8396,6982,8359,80,ITF,ITF6,18,Calabria,Calabria,1947131,1651036,84.79,0.79
4025,2021-03-19,CAL,4265,1996,2269,1884,2374,7,ITF,ITF6,18,Calabria,Calabria,1947131,1655301,85.01,0.22
4026,2021-07-11,CAL,6434,2985,3449,846,5577,11,ITF,ITF6,18,Calabria,Calabria,1947131,1661735,85.34,0.33
4027,2021-06-10,CAL,15895,7333,8562,12985,2809,101,ITF,ITF6,18,Calabria,Calabria,1947131,1677630,86.16,0.82
4028,2021-01-21,CAL,984,461,523,946,35,3,ITF,ITF6,18,Calabria,Calabria,1947131,1678614,86.21,0.05
4029,2021-08-20,CAL,7569,3823,3746,3020,4458,91,ITF,ITF6,18,Calabria,Calabria,1947131,1686183,86.6,0.39
4030,2021-02-05,CAL,3866,1747,2119,472,3379,15,ITF,ITF6,18,Calabria,Calabria,1947131,1690049,86.8,0.2
4031,2021-04-29,CAL,12525,6092,6433,8655,3811,59,ITF,ITF6,18,Calabria,Calabria,1947131,1702574,87.44,0.64
4032,2021-04-12,CAL,7046,3428,3618,5352,1664,30,ITF,ITF6,18,Calabria,Calabria,1947131,1709620,87.8,0.36
4033,2021-01-19,CAL,1132,499,633,1117,13,2,ITF,ITF6,18,Calabria,Calabria,1947131,1710752,87.86,0.06
4034,2021-07-04,CAL,5957,2824,3133,1992,3929,36,ITF,ITF6,18,Calabria,Calabria,1947131,1716709,88.17,0.31
4035,2021-05-11,CAL,15146,7333,7813,10241,4831,74,ITF,ITF6,18,Calabria,Calabria,1947131,1731855,88.94,0.78
4036,2021-07-16,CAL,21057,10035,11022,3375,17606,76,ITF,ITF6,18,Calabria,Calabria,1947131,1752912,90.03,1.08
4037,2021-06-08,CAL,16685,7902,8783,14513,2050,122,ITF,ITF6,18,Calabria,Calabria,1947131,1769597,90.88,0.86
4038,2021-03-17,CAL,4198,1881,2317,2191,1997,10,ITF,ITF6,18,Calabria,Calabria,1947131,1773795,91.1,0.22
4039,2021-06-25,CAL,18834,8747,10087,8065,10682,87,ITF,ITF6,18,Calabria,Calabria,1947131,1792629,92.07,0.97
4040,2021-07-13,CAL,17440,8159,9281,2307,15063,70,ITF,ITF6,18,Calabria,Calabria,1947131,1810069,92.96,0.9
4041,2021-04-19,CAL,7907,3819,4088,6172,1687,48,ITF,ITF6,18,Calabria,Calabria,1947131,1817976,93.37,0.41
4042,2021-01-09,CAL,2103,1129,974,2095,0,8,ITF,ITF6,18,Calabria,Calabria,1947131,1820079,93.47,0.11
4043,2021-09-01,CAL,9139,4692,4447,3499,5495,145,ITF,ITF6,18,Calabria,Calabria,1947131,1829218,93.94,0.47
4044,2021-02-28,CAL,2374,1082,1292,2215,156,3,ITF,ITF6,18,Calabria,Calabria,1947131,1831592,94.07,0.12
4045,2021-01-05,CAL,1552,732,820,1550,0,2,ITF,ITF6,18,Calabria,Calabria,1947131,1833144,94.15,0.08
4046,2021-01-12,CAL,2094,1035,1059,2085,0,9,ITF,ITF6,18,Calabria,Calabria,1947131,1835238,94.25,0.11
4047,2021-02-24,CAL,1950,997,953,1465,479,6,ITF,ITF6,18,Calabria,Calabria,1947131,1837188,94.35,0.1
4048,2021-01-24,CAL,47,20,27,41,6,0,ITF,ITF6,18,Calabria,Calabria,1947131,1837235,94.36,0.0
4049,2021-07-09,CAL,15680,7307,8373,3635,11974,71,ITF,ITF6,18,Calabria,Calabria,1947131,1852915,95.16,0.81
4050,2021-08-21,CAL,3646,1859,1787,1440,2159,47,ITF,ITF6,18,Calabria,Calabria,1947131,1856561,95.35,0.19
4051,2020-12-28,CAL,6,2,4,6,0,0,ITF,ITF6,18,Calabria,Calabria,1947131,1856567,95.35,0.0
4052,2021-06-03,CAL,14258,6655,7603,9588,4616,54,ITF,ITF6,18,Calabria,Calabria,1947131,1870825,96.08,0.73
4053,2021-04-07,CAL,9188,4175,5013,5055,4075,58,ITF,ITF6,18,Calabria,Calabria,1947131,1880013,96.55,0.47
4054,2021-02-23,CAL,1617,765,852,1493,119,5,ITF,ITF6,18,Calabria,Calabria,1947131,1881630,96.64,0.08
4055,2021-06-17,CAL,15819,7228,8591,9595,6170,54,ITF,ITF6,18,Calabria,Calabria,1947131,1897449,97.45,0.81
4056,2021-03-26,CAL,8120,3854,4266,4947,3139,34,ITF,ITF6,18,Calabria,Calabria,1947131,1905569,97.87,0.42
4057,2021-09-08,CAL,7719,3982,3737,3300,4264,155,ITF,ITF6,18,Calabria,Calabria,1947131,1913288,98.26,0.4
4058,2021-07-06,CAL,12492,5750,6742,3825,8601,66,ITF,ITF6,18,Calabria,Calabria,1947131,1925780,98.9,0.64
4059,2021-01-02,CAL,166,94,72,166,0,0,ITF,ITF6,18,Calabria,Calabria,1947131,1925946,98.91,0.01
4060,2021-03-31,CAL,9162,4180,4982,5065,4060,37,ITF,ITF6,18,Calabria,Calabria,1947131,1935108,99.38,0.47
4061,2021-04-09,CAL,8042,3772,4270,5056,2896,90,ITF,ITF6,18,Calabria,Calabria,1947131,1943150,99.8,0.41
4062,2021-07-18,CAL,8791,4205,4586,1280,7479,32,ITF,ITF6,18,Calabria,Calabria,1947131,1951941,100.25,0.45
4063,2021-06-05,CAL,20797,9715,11082,17635,3082,80,ITF,ITF6,18,Calabria,Calabria,1947131,1972738,101.32,1.07
4064,2021-03-03,CAL,5122,2797,2325,4018,1090,14,ITF,ITF6,18,Calabria,Calabria,1947131,1977860,101.58,0.26
4065,2021-08-04,CAL,16021,8121,7900,4251,11668,102,ITF,ITF6,18,Calabria,Calabria,1947131,1993881,102.4,0.82
4066,2021-06-29,CAL,13076,6040,7036,5351,7673,52,ITF,ITF6,18,Calabria,Calabria,1947131,2006957,103.07,0.67
4067,2021-05-03,CAL,14859,6808,8051,10463,4301,95,ITF,ITF6,18,Calabria,Calabria,1947131,2021816,103.84,0.76
4068,2021-03-21,CAL,4467,1928,2539,2727,1727,13,ITF,ITF6,18,Calabria,Calabria,1947131,2026283,104.07,0.23
4069,2021-03-07,CAL,3415,1744,1671,3308,93,14,ITF,ITF6,18,Calabria,Calabria,1947131,2029698,104.24,0.18
4070,2021-08-11,CAL,11056,5672,5384,3520,7421,115,ITF,ITF6,18,Calabria,Calabria,1947131,2040754,104.81,0.57
4071,2021-06-15,CAL,15161,7052,8109,10237,4832,92,ITF,ITF6,18,Calabria,Calabria,1947131,2055915,105.59,0.78
4072,2021-03-14,CAL,2773,1072,1701,2283,483,7,ITF,ITF6,18,Calabria,Calabria,1947131,2058688,105.73,0.14
4073,2021-08-18,CAL,9456,4849,4607,3389,5967,100,ITF,ITF6,18,Calabria,Calabria,1947131,2068144,106.21,0.49
4074,2021-06-22,CAL,14625,6918,7707,7379,7150,96,ITF,ITF6,18,Calabria,Calabria,1947131,2082769,106.97,0.75
4075,2021-05-10,CAL,13173,6126,7047,7688,5419,66,ITF,ITF6,18,Calabria,Calabria,1947131,2095942,107.64,0.68
4076,2021-04-26,CAL,10192,5061,5131,7709,2433,50,ITF,ITF6,18,Calabria,Calabria,1947131,2106134,108.17,0.52
4077,2021-06-23,CAL,17251,7878,9373,8145,9023,83,ITF,ITF6,18,Calabria,Calabria,1947131,2123385,109.05,0.89
4078,2021-03-13,CAL,7030,3048,3982,5945,1047,38,ITF,ITF6,18,Calabria,Calabria,1947131,2130415,109.41,0.36
4079,2021-01-15,CAL,2820,1267,1553,2814,0,6,ITF,ITF6,18,Calabria,Calabria,1947131,2133235,109.56,0.14
4080,2021-04-25,CAL,15902,8071,7831,14801,1033,68,ITF,ITF6,18,Calabria,Calabria,1947131,2149137,110.37,0.82
4081,2021-08-26,CAL,7207,3602,3605,3178,3907,122,ITF,ITF6,18,Calabria,Calabria,1947131,2156344,110.74,0.37
4082,2021-06-30,CAL,16391,7508,8883,7016,9273,102,ITF,ITF6,18,Calabria,Calabria,1947131,2172735,111.59,0.84
4083,2021-06-28,CAL,13309,6128,7181,5374,7867,68,ITF,ITF6,18,Calabria,Calabria,1947131,2186044,112.27,0.68
4084,2021-03-20,CAL,6784,3108,3676,4182,2585,17,ITF,ITF6,18,Calabria,Calabria,1947131,2192828,112.62,0.35
4085,2021-03-15,CAL,3664,1770,1894,2165,1486,13,ITF,ITF6,18,Calabria,Calabria,1947131,2196492,112.81,0.19
4086,2021-08-28,CAL,5302,2779,2523,1895,3314,93,ITF,ITF6,18,Calabria,Calabria,1947131,2201794,113.08,0.27
4087,2021-07-02,CAL,16276,7536,8740,6239,9950,87,ITF,ITF6,18,Calabria,Calabria,1947131,2218070,113.91,0.84
4088,2021-05-20,CAL,16996,8507,8489,11270,5657,69,ITF,ITF6,18,Calabria,Calabria,1947131,2235066,114.79,0.87
4089,2021-02-07,CAL,872,435,437,143,727,2,ITF,ITF6,18,Calabria,Calabria,1947131,2235938,114.83,0.04
4090,2021-05-18,CAL,15345,7678,7667,11847,3428,70,ITF,ITF6,18,Calabria,Calabria,1947131,2251283,115.62,0.79
4091,2021-03-22,CAL,5004,2353,2651,3183,1796,25,ITF,ITF6,18,Calabria,Calabria,1947131,2256287,115.88,0.26
4092,2021-09-04,CAL,5552,2960,2592,2319,3127,106,ITF,ITF6,18,Calabria,Calabria,1947131,2261839,116.16,0.29
4093,2021-02-09,CAL,2178,922,1256,953,1215,10,ITF,ITF6,18,Calabria,Calabria,1947131,2264017,116.27,0.11
4094,2021-05-29,CAL,19302,8963,10339,9353,9873,76,ITF,ITF6,18,Calabria,Calabria,1947131,2283319,117.27,0.99
4095,2021-09-06,CAL,7999,4115,3884,3440,4419,140,ITF,ITF6,18,Calabria,Calabria,1947131,2291318,117.68,0.41
4096,2021-07-25,CAL,6949,3571,3378,1467,5450,32,ITF,ITF6,18,Calabria,Calabria,1947131,2298267,118.03,0.36
4097,2021-04-14,CAL,8098,3911,4187,6588,1460,50,ITF,ITF6,18,Calabria,Calabria,1947131,2306365,118.45,0.42
4098,2021-02-16,CAL,1754,746,1008,1467,281,6,ITF,ITF6,18,Calabria,Calabria,1947131,2308119,118.54,0.09
4099,2021-07-23,CAL,22745,11351,11394,5558,17085,102,ITF,ITF6,18,Calabria,Calabria,1947131,2330864,119.71,1.17
4100,2021-05-27,CAL,17674,8740,8934,9770,7820,84,ITF,ITF6,18,Calabria,Calabria,1947131,2348538,120.62,0.91
4101,2021-08-01,CAL,4896,2563,2333,1172,3700,24,ITF,ITF6,18,Calabria,Calabria,1947131,2353434,120.87,0.25
4102,2021-08-27,LOM,35738,19219,16519,18529,14622,2587,ITC,ITC4,3,Lombardia,Lombardia,10060574,35738,0.36,0.36
4103,2021-06-05,LOM,102449,52962,49487,91101,9835,1513,ITC,ITC4,3,Lombardia,Lombardia,10060574,138187,1.37,1.02
4104,2021-03-14,LOM,14883,5349,9534,11215,3290,378,ITC,ITC4,3,Lombardia,Lombardia,10060574,153070,1.52,0.15
4105,2021-01-16,LOM,15648,5786,9862,15637,0,11,ITC,ITC4,3,Lombardia,Lombardia,10060574,168718,1.68,0.16
4106,2021-08-15,LOM,7000,3988,3012,2933,3884,183,ITC,ITC4,3,Lombardia,Lombardia,10060574,175718,1.75,0.07
4107,2021-02-16,LOM,9529,3081,6448,8977,451,101,ITC,ITC4,3,Lombardia,Lombardia,10060574,185247,1.84,0.09
4108,2021-06-10,LOM,102733,52273,50460,86427,14504,1802,ITC,ITC4,3,Lombardia,Lombardia,10060574,287980,2.86,1.02
4109,2021-03-02,LOM,22842,9711,13131,19529,3047,266,ITC,ITC4,3,Lombardia,Lombardia,10060574,310822,3.09,0.23
4110,2021-08-20,LOM,27131,15011,12120,14128,11908,1095,ITC,ITC4,3,Lombardia,Lombardia,10060574,337953,3.36,0.27
4111,2021-07-20,LOM,95026,49095,45931,6919,87369,738,ITC,ITC4,3,Lombardia,Lombardia,10060574,432979,4.3,0.94
4112,2021-02-04,LOM,28019,8169,19850,2049,25965,5,ITC,ITC4,3,Lombardia,Lombardia,10060574,460998,4.58,0.28
4113,2021-07-18,LOM,97107,50593,46514,8542,87871,694,ITC,ITC4,3,Lombardia,Lombardia,10060574,558105,5.55,0.97
4114,2021-04-09,LOM,52461,22397,30064,35593,16023,845,ITC,ITC4,3,Lombardia,Lombardia,10060574,610566,6.07,0.52
4115,2021-07-13,LOM,108718,56843,51875,15458,92027,1233,ITC,ITC4,3,Lombardia,Lombardia,10060574,719284,7.15,1.08
4116,2021-08-01,LOM,53142,28433,24709,27337,24266,1539,ITC,ITC4,3,Lombardia,Lombardia,10060574,772426,7.68,0.53
4117,2021-04-23,LOM,73640,33371,40269,55551,16657,1432,ITC,ITC4,3,Lombardia,Lombardia,10060574,846066,8.41,0.73
4118,2021-03-28,LOM,20640,7882,12758,13968,6287,385,ITC,ITC4,3,Lombardia,Lombardia,10060574,866706,8.61,0.21
4119,2021-04-14,LOM,47237,21049,26188,33538,12987,712,ITC,ITC4,3,Lombardia,Lombardia,10060574,913943,9.08,0.47
4120,2021-01-04,LOM,6135,2120,4015,6128,0,7,ITC,ITC4,3,Lombardia,Lombardia,10060574,920078,9.15,0.06
4121,2021-06-19,LOM,104404,52031,52373,56227,46753,1424,ITC,ITC4,3,Lombardia,Lombardia,10060574,1024482,10.18,1.04
4122,2021-07-06,LOM,102182,50887,51295,23097,77669,1416,ITC,ITC4,3,Lombardia,Lombardia,10060574,1126664,11.2,1.02
4123,2021-08-06,LOM,85609,46653,38956,17799,66960,850,ITC,ITC4,3,Lombardia,Lombardia,10060574,1212273,12.05,0.85
4124,2021-04-28,LOM,95805,43693,52112,66884,26948,1973,ITC,ITC4,3,Lombardia,Lombardia,10060574,1308078,13.0,0.95
4125,2021-06-24,LOM,109766,56739,53027,78373,29013,2380,ITC,ITC4,3,Lombardia,Lombardia,10060574,1417844,14.09,1.09
4126,2021-03-16,LOM,25540,10134,15406,16309,9109,122,ITC,ITC4,3,Lombardia,Lombardia,10060574,1443384,14.35,0.25
4127,2021-05-12,LOM,87569,41776,45793,57283,27608,2678,ITC,ITC4,3,Lombardia,Lombardia,10060574,1530953,15.22,0.87
4128,2021-09-01,LOM,60216,32355,27861,30533,25953,3730,ITC,ITC4,3,Lombardia,Lombardia,10060574,1591169,15.82,0.6
4129,2021-05-24,LOM,89626,43529,46097,48602,40087,937,ITC,ITC4,3,Lombardia,Lombardia,10060574,1680795,16.71,0.89
4130,2021-02-11,LOM,17136,5026,12110,9636,7421,79,ITC,ITC4,3,Lombardia,Lombardia,10060574,1697931,16.88,0.17
4131,2021-02-23,LOM,11835,4807,7028,11292,332,211,ITC,ITC4,3,Lombardia,Lombardia,10060574,1709766,16.99,0.12
4132,2021-08-08,LOM,58843,31959,26884,16681,41366,796,ITC,ITC4,3,Lombardia,Lombardia,10060574,1768609,17.58,0.58
4133,2021-08-25,LOM,44515,24042,20473,21654,19752,3109,ITC,ITC4,3,Lombardia,Lombardia,10060574,1813124,18.02,0.44
4134,2021-05-17,LOM,94695,45374,49321,29504,64442,749,ITC,ITC4,3,Lombardia,Lombardia,10060574,1907819,18.96,0.94
4135,2021-01-09,LOM,12509,4612,7897,12501,0,8,ITC,ITC4,3,Lombardia,Lombardia,10060574,1920328,19.09,0.12
4136,2021-03-07,LOM,12098,5365,6733,9339,2563,196,ITC,ITC4,3,Lombardia,Lombardia,10060574,1932426,19.21,0.12
4137,2021-01-27,LOM,8073,2688,5385,807,7264,2,ITC,ITC4,3,Lombardia,Lombardia,10060574,1940499,19.29,0.08
4138,2021-07-03,LOM,102516,51720,50796,44540,55866,2110,ITC,ITC4,3,Lombardia,Lombardia,10060574,2043015,20.31,1.02
4139,2021-03-25,LOM,43049,16097,26952,29252,12881,916,ITC,ITC4,3,Lombardia,Lombardia,10060574,2086064,20.74,0.43
4140,2021-08-29,LOM,25186,13530,11656,12726,11159,1301,ITC,ITC4,3,Lombardia,Lombardia,10060574,2111250,20.99,0.25
4141,2020-12-28,LOM,108,47,61,108,0,0,ITC,ITC4,3,Lombardia,Lombardia,10060574,2111358,20.99,0.0
4142,2021-04-21,LOM,71886,32580,39306,55815,14700,1371,ITC,ITC4,3,Lombardia,Lombardia,10060574,2183244,21.7,0.71
4143,2021-01-11,LOM,16315,5394,10921,16305,0,10,ITC,ITC4,3,Lombardia,Lombardia,10060574,2199559,21.86,0.16
4144,2021-01-28,LOM,12279,3723,8556,795,11477,7,ITC,ITC4,3,Lombardia,Lombardia,10060574,2211838,21.99,0.12
4145,2021-09-03,LOM,52920,28448,24472,22719,27553,2648,ITC,ITC4,3,Lombardia,Lombardia,10060574,2264758,22.51,0.53
4146,2021-04-04,LOM,7615,3232,4383,3682,3899,34,ITC,ITC4,3,Lombardia,Lombardia,10060574,2272373,22.59,0.08
4147,2021-04-02,LOM,41419,16954,24465,26215,14649,555,ITC,ITC4,3,Lombardia,Lombardia,10060574,2313792,23.0,0.41
4148,2021-07-08,LOM,114713,58458,56255,13230,100458,1025,ITC,ITC4,3,Lombardia,Lombardia,10060574,2428505,24.14,1.14
4149,2021-07-25,LOM,86640,45738,40902,9423,76436,781,ITC,ITC4,3,Lombardia,Lombardia,10060574,2515145,25.0,0.86
4150,2021-04-16,LOM,53731,23940,29791,38416,14396,919,ITC,ITC4,3,Lombardia,Lombardia,10060574,2568876,25.53,0.53
4151,2021-05-03,LOM,83745,39780,43965,69439,12144,2162,ITC,ITC4,3,Lombardia,Lombardia,10060574,2652621,26.37,0.83
4152,2021-01-23,LOM,1127,361,766,925,199,3,ITC,ITC4,3,Lombardia,Lombardia,10060574,2653748,26.38,0.01
4153,2021-05-10,LOM,85312,40903,44409,61480,21601,2231,ITC,ITC4,3,Lombardia,Lombardia,10060574,2739060,27.23,0.85
4154,2021-01-30,LOM,12357,4585,7772,146,12202,9,ITC,ITC4,3,Lombardia,Lombardia,10060574,2751417,27.35,0.12
4155,2021-06-17,LOM,108664,52751,55913,50292,57193,1179,ITC,ITC4,3,Lombardia,Lombardia,10060574,2860081,28.43,1.08
4156,2021-03-09,LOM,33269,12882,20387,25247,7423,599,ITC,ITC4,3,Lombardia,Lombardia,10060574,2893350,28.76,0.33
4157,2021-08-13,LOM,53452,29607,23845,20525,31660,1267,ITC,ITC4,3,Lombardia,Lombardia,10060574,2946802,29.29,0.53
4158,2021-05-05,LOM,88119,42011,46108,70413,15362,2344,ITC,ITC4,3,Lombardia,Lombardia,10060574,3034921,30.17,0.88
4159,2021-07-01,LOM,105139,52892,52247,53336,49400,2403,ITC,ITC4,3,Lombardia,Lombardia,10060574,3140060,31.21,1.05
4160,2021-09-08,LOM,58103,31728,26375,13497,42871,1735,ITC,ITC4,3,Lombardia,Lombardia,10060574,3198163,31.79,0.58
4161,2021-05-31,LOM,95745,47432,48313,78388,16255,1102,ITC,ITC4,3,Lombardia,Lombardia,10060574,3293908,32.74,0.95
4162,2021-07-27,LOM,104941,56846,48095,7481,96757,703,ITC,ITC4,3,Lombardia,Lombardia,10060574,3398849,33.78,1.04
4163,2021-03-26,LOM,41379,15730,25649,27503,13193,683,ITC,ITC4,3,Lombardia,Lombardia,10060574,3440228,34.2,0.41
4164,2021-05-22,LOM,70685,33871,36814,31727,38242,716,ITC,ITC4,3,Lombardia,Lombardia,10060574,3510913,34.9,0.7
4165,2021-05-29,LOM,88395,42443,45952,41396,46155,844,ITC,ITC4,3,Lombardia,Lombardia,10060574,3599308,35.78,0.88
4166,2021-02-18,LOM,14065,4931,9134,12828,1038,199,ITC,ITC4,3,Lombardia,Lombardia,10060574,3613373,35.92,0.14
4167,2021-05-19,LOM,83304,39786,43518,33119,49374,811,ITC,ITC4,3,Lombardia,Lombardia,10060574,3696677,36.74,0.83
4168,2021-02-08,LOM,10135,2936,7199,2125,8002,8,ITC,ITC4,3,Lombardia,Lombardia,10060574,3706812,36.84,0.1
4169,2021-02-25,LOM,15359,6371,8988,13535,1623,201,ITC,ITC4,3,Lombardia,Lombardia,10060574,3722171,37.0,0.15
4170,2021-02-06,LOM,15311,5556,9755,1014,14292,5,ITC,ITC4,3,Lombardia,Lombardia,10060574,3737482,37.15,0.15
4171,2021-08-03,LOM,85830,46538,39292,13485,71621,724,ITC,ITC4,3,Lombardia,Lombardia,10060574,3823312,38.0,0.85
4172,2021-04-25,LOM,51619,23666,27953,45521,4841,1257,ITC,ITC4,3,Lombardia,Lombardia,10060574,3874931,38.52,0.51
4173,2021-06-28,LOM,108100,55066,53034,74294,31194,2612,ITC,ITC4,3,Lombardia,Lombardia,10060574,3983031,39.59,1.07
4174,2021-07-15,LOM,109394,56280,53114,13384,94820,1190,ITC,ITC4,3,Lombardia,Lombardia,10060574,4092425,40.68,1.09
4175,2021-04-06,LOM,43102,17598,25504,24450,17957,695,ITC,ITC4,3,Lombardia,Lombardia,10060574,4135527,41.11,0.43
4176,2021-08-12,LOM,56894,31252,25642,21994,33520,1380,ITC,ITC4,3,Lombardia,Lombardia,10060574,4192421,41.67,0.57
4177,2021-04-11,LOM,32231,13947,18284,24321,7397,513,ITC,ITC4,3,Lombardia,Lombardia,10060574,4224652,41.99,0.32
4178,2021-01-01,LOM,24,7,17,24,0,0,ITC,ITC4,3,Lombardia,Lombardia,10060574,4224676,41.99,0.0
4179,2021-06-07,LOM,99043,50448,48595,84031,13384,1628,ITC,ITC4,3,Lombardia,Lombardia,10060574,4323719,42.98,0.98
4180,2021-02-27,LOM,13955,5876,8079,13153,645,157,ITC,ITC4,3,Lombardia,Lombardia,10060574,4337674,43.12,0.14
4181,2020-12-30,LOM,115,42,73,115,0,0,ITC,ITC4,3,Lombardia,Lombardia,10060574,4337789,43.12,0.0
4182,2021-06-16,LOM,99374,50480,48894,49853,48367,1154,ITC,ITC4,3,Lombardia,Lombardia,10060574,4437163,44.1,0.99
4183,2021-09-12,LOM,20897,11388,9509,6537,13533,827,ITC,ITC4,3,Lombardia,Lombardia,10060574,4458060,44.31,0.21
4184,2021-06-21,LOM,113386,58085,55301,78223,32989,2174,ITC,ITC4,3,Lombardia,Lombardia,10060574,4571446,45.44,1.13
4185,2021-09-10,LOM,51194,27536,23658,11091,38386,1717,ITC,ITC4,3,Lombardia,Lombardia,10060574,4622640,45.95,0.51
4186,2021-06-02,LOM,84712,43616,41096,76986,6405,1321,ITC,ITC4,3,Lombardia,Lombardia,10060574,4707352,46.79,0.84
4187,2021-03-11,LOM,36282,13506,22776,25638,9957,687,ITC,ITC4,3,Lombardia,Lombardia,10060574,4743634,47.15,0.36
4188,2021-05-21,LOM,93935,45281,48654,28391,64783,761,ITC,ITC4,3,Lombardia,Lombardia,10060574,4837569,48.08,0.93
4189,2021-05-07,LOM,92458,43749,48709,67934,22473,2051,ITC,ITC4,3,Lombardia,Lombardia,10060574,4930027,49.0,0.92
4190,2021-01-18,LOM,9268,2992,6276,8278,975,15,ITC,ITC4,3,Lombardia,Lombardia,10060574,4939295,49.1,0.09
4191,2021-03-23,LOM,42639,15493,27146,28862,12907,870,ITC,ITC4,3,Lombardia,Lombardia,10060574,4981934,49.52,0.42
4192,2021-08-24,LOM,47537,25867,21670,24443,19455,3639,ITC,ITC4,3,Lombardia,Lombardia,10060574,5029471,49.99,0.47
4193,2021-01-25,LOM,7126,2399,4727,514,6609,3,ITC,ITC4,3,Lombardia,Lombardia,10060574,5036597,50.06,0.07
4194,2021-02-01,LOM,16130,5341,10789,307,15821,2,ITC,ITC4,3,Lombardia,Lombardia,10060574,5052727,50.22,0.16
4195,2021-07-05,LOM,101934,49790,52144,31504,68539,1891,ITC,ITC4,3,Lombardia,Lombardia,10060574,5154661,51.24,1.01
4196,2021-08-31,LOM,62823,33489,29334,36687,21584,4552,ITC,ITC4,3,Lombardia,Lombardia,10060574,5217484,51.86,0.62
4197,2021-07-24,LOM,95878,50656,45222,9741,85280,857,ITC,ITC4,3,Lombardia,Lombardia,10060574,5313362,52.81,0.95
4198,2021-08-10,LOM,61475,33266,28209,18708,41698,1069,ITC,ITC4,3,Lombardia,Lombardia,10060574,5374837,53.42,0.61
4199,2021-05-02,LOM,83545,38351,45194,59223,22481,1841,ITC,ITC4,3,Lombardia,Lombardia,10060574,5458382,54.26,0.83
4200,2021-07-22,LOM,99405,52037,47368,12510,85443,1452,ITC,ITC4,3,Lombardia,Lombardia,10060574,5557787,55.24,0.99
4201,2021-04-13,LOM,47699,21291,26408,32929,14111,659,ITC,ITC4,3,Lombardia,Lombardia,10060574,5605486,55.72,0.47
4202,2021-04-30,LOM,117546,54897,62649,87201,27684,2661,ITC,ITC4,3,Lombardia,Lombardia,10060574,5723032,56.89,1.17
4203,2021-01-20,LOM,5716,1392,4324,5596,115,5,ITC,ITC4,3,Lombardia,Lombardia,10060574,5728748,56.94,0.06
4204,2021-01-22,LOM,3199,885,2314,3125,69,5,ITC,ITC4,3,Lombardia,Lombardia,10060574,5731947,56.97,0.03
4205,2021-06-14,LOM,94880,48204,46676,49127,44635,1118,ITC,ITC4,3,Lombardia,Lombardia,10060574,5826827,57.92,0.94
4206,2021-08-17,LOM,33269,18412,14857,17407,14676,1186,ITC,ITC4,3,Lombardia,Lombardia,10060574,5860096,58.25,0.33
4207,2021-05-26,LOM,93789,44686,49103,42746,50153,890,ITC,ITC4,3,Lombardia,Lombardia,10060574,5953885,59.18,0.93
4208,2021-02-15,LOM,9062,3171,5891,8398,485,179,ITC,ITC4,3,Lombardia,Lombardia,10060574,5962947,59.27,0.09
4209,2021-06-12,LOM,89326,48066,41260,84304,3176,1846,ITC,ITC4,3,Lombardia,Lombardia,10060574,6052273,60.16,0.89
4210,2021-06-29,LOM,107316,53216,54100,57424,47883,2009,ITC,ITC4,3,Lombardia,Lombardia,10060574,6159589,61.23,1.07
4211,2021-03-21,LOM,23522,8499,15023,17722,5197,603,ITC,ITC4,3,Lombardia,Lombardia,10060574,6183111,61.46,0.23
4212,2021-02-13,LOM,6427,2445,3982,4887,1479,61,ITC,ITC4,3,Lombardia,Lombardia,10060574,6189538,61.52,0.06
4213,2021-07-17,LOM,108506,57295,51211,10219,97360,927,ITC,ITC4,3,Lombardia,Lombardia,10060574,6298044,62.6,1.08
4214,2021-01-13,LOM,26490,8102,18388,26465,0,25,ITC,ITC4,3,Lombardia,Lombardia,10060574,6324534,62.86,0.26
4215,2021-09-05,LOM,33252,18027,15225,12429,19466,1357,ITC,ITC4,3,Lombardia,Lombardia,10060574,6357786,63.2,0.33
4216,2021-03-04,LOM,29376,12135,17241,20064,9087,225,ITC,ITC4,3,Lombardia,Lombardia,10060574,6387162,63.49,0.29
4217,2021-07-07,LOM,112059,56171,55888,17999,92900,1160,ITC,ITC4,3,Lombardia,Lombardia,10060574,6499221,64.6,1.11
4218,2021-04-15,LOM,49490,21873,27617,34891,13840,759,ITC,ITC4,3,Lombardia,Lombardia,10060574,6548711,65.09,0.49
4219,2021-01-05,LOM,7878,2584,5294,7872,0,6,ITC,ITC4,3,Lombardia,Lombardia,10060574,6556589,65.17,0.08
4220,2021-03-27,LOM,32530,12413,20117,23116,8774,640,ITC,ITC4,3,Lombardia,Lombardia,10060574,6589119,65.49,0.32
4221,2021-03-30,LOM,39746,15638,24108,24259,14870,617,ITC,ITC4,3,Lombardia,Lombardia,10060574,6628865,65.89,0.4
4222,2021-01-06,LOM,7168,2532,4636,7162,0,6,ITC,ITC4,3,Lombardia,Lombardia,10060574,6636033,65.96,0.07
4223,2021-07-12,LOM,111887,57513,54374,14803,95945,1139,ITC,ITC4,3,Lombardia,Lombardia,10060574,6747920,67.07,1.11
4224,2021-06-30,LOM,107003,53006,53997,56589,48292,2122,ITC,ITC4,3,Lombardia,Lombardia,10060574,6854923,68.14,1.06
4225,2021-03-22,LOM,40369,14315,26054,28946,10580,843,ITC,ITC4,3,Lombardia,Lombardia,10060574,6895292,68.54,0.4
4226,2021-04-08,LOM,52476,21801,30675,35304,16498,674,ITC,ITC4,3,Lombardia,Lombardia,10060574,6947768,69.06,0.52
4227,2020-12-29,LOM,106,45,61,106,0,0,ITC,ITC4,3,Lombardia,Lombardia,10060574,6947874,69.06,0.0
4228,2021-07-14,LOM,109451,56860,52591,14354,93689,1408,ITC,ITC4,3,Lombardia,Lombardia,10060574,7057325,70.15,1.09
4229,2021-07-31,LOM,71113,38776,32337,36368,32723,2022,ITC,ITC4,3,Lombardia,Lombardia,10060574,7128438,70.86,0.71
4230,2021-04-22,LOM,74072,33446,40626,56218,16444,1410,ITC,ITC4,3,Lombardia,Lombardia,10060574,7202510,71.59,0.74
4231,2021-03-03,LOM,27029,11533,15496,19492,7318,219,ITC,ITC4,3,Lombardia,Lombardia,10060574,7229539,71.86,0.27
4232,2021-03-20,LOM,32612,12172,20440,22247,9860,505,ITC,ITC4,3,Lombardia,Lombardia,10060574,7262151,72.18,0.32
4233,2020-12-27,LOM,718,414,304,718,0,0,ITC,ITC4,3,Lombardia,Lombardia,10060574,7262869,72.19,0.01
4234,2021-08-02,LOM,83639,45307,38332,18336,64392,911,ITC,ITC4,3,Lombardia,Lombardia,10060574,7346508,73.02,0.83
4235,2021-01-03,LOM,857,316,541,856,0,1,ITC,ITC4,3,Lombardia,Lombardia,10060574,7347365,73.03,0.01
4236,2021-06-22,LOM,111256,58107,53149,79173,29958,2125,ITC,ITC4,3,Lombardia,Lombardia,10060574,7458621,74.14,1.11
4237,2021-07-09,LOM,115790,59017,56773,11739,103166,885,ITC,ITC4,3,Lombardia,Lombardia,10060574,7574411,75.29,1.15
4238,2021-06-03,LOM,97203,49744,47459,84616,10918,1669,ITC,ITC4,3,Lombardia,Lombardia,10060574,7671614,76.25,0.97
4239,2021-06-20,LOM,89049,44374,44675,52801,35007,1241,ITC,ITC4,3,Lombardia,Lombardia,10060574,7760663,77.14,0.89
4240,2021-03-12,LOM,35337,12990,22347,24458,10259,620,ITC,ITC4,3,Lombardia,Lombardia,10060574,7796000,77.49,0.35
4241,2021-03-29,LOM,40078,15558,24520,24537,14862,679,ITC,ITC4,3,Lombardia,Lombardia,10060574,7836078,77.89,0.4
4242,2021-03-06,LOM,21365,9109,12256,16542,4519,304,ITC,ITC4,3,Lombardia,Lombardia,10060574,7857443,78.1,0.21
4243,2021-06-09,LOM,103747,52257,51490,87433,14585,1729,ITC,ITC4,3,Lombardia,Lombardia,10060574,7961190,79.13,1.03
4244,2021-03-08,LOM,29828,11212,18616,22166,7129,533,ITC,ITC4,3,Lombardia,Lombardia,10060574,7991018,79.43,0.3
4245,2021-05-04,LOM,86887,41098,45789,70260,14425,2202,ITC,ITC4,3,Lombardia,Lombardia,10060574,8077905,80.29,0.86
4246,2021-08-26,LOM,38676,20775,17901,20337,15545,2794,ITC,ITC4,3,Lombardia,Lombardia,10060574,8116581,80.68,0.38
4247,2021-05-18,LOM,88253,42175,46078,31857,55592,804,ITC,ITC4,3,Lombardia,Lombardia,10060574,8204834,81.55,0.88
4248,2021-06-04,LOM,104652,54322,50330,93201,9663,1788,ITC,ITC4,3,Lombardia,Lombardia,10060574,8309486,82.59,1.04
4249,2021-02-24,LOM,14728,5961,8767,13576,958,194,ITC,ITC4,3,Lombardia,Lombardia,10060574,8324214,82.74,0.15
4250,2021-05-16,LOM,68740,32518,36222,35548,32234,958,ITC,ITC4,3,Lombardia,Lombardia,10060574,8392954,83.42,0.68
4251,2021-02-05,LOM,25791,7494,18297,2428,23350,13,ITC,ITC4,3,Lombardia,Lombardia,10060574,8418745,83.68,0.26
4252,2021-02-22,LOM,11952,4823,7129,11442,310,200,ITC,ITC4,3,Lombardia,Lombardia,10060574,8430697,83.8,0.12
4253,2021-04-03,LOM,36336,14903,21433,25790,10162,384,ITC,ITC4,3,Lombardia,Lombardia,10060574,8467033,84.16,0.36
4254,2021-09-07,LOM,61000,33305,27695,15599,43336,2065,ITC,ITC4,3,Lombardia,Lombardia,10060574,8528033,84.77,0.61
4255,2021-05-30,LOM,74427,35614,38813,33793,40015,619,ITC,ITC4,3,Lombardia,Lombardia,10060574,8602460,85.51,0.74
4256,2021-07-26,LOM,109614,58920,50694,7714,101145,755,ITC,ITC4,3,Lombardia,Lombardia,10060574,8712074,86.6,1.09
4257,2021-08-19,LOM,28973,15938,13035,14775,13074,1124,ITC,ITC4,3,Lombardia,Lombardia,10060574,8741047,86.88,0.29
4258,2021-05-11,LOM,86950,41460,45490,58213,26252,2485,ITC,ITC4,3,Lombardia,Lombardia,10060574,8827997,87.75,0.86
4259,2021-09-02,LOM,56469,30558,25911,25772,27699,2998,ITC,ITC4,3,Lombardia,Lombardia,10060574,8884466,88.31,0.56
4260,2021-05-28,LOM,93709,44883,48826,42038,50758,913,ITC,ITC4,3,Lombardia,Lombardia,10060574,8978175,89.24,0.93
4261,2021-02-17,LOM,12038,3779,8259,10448,1392,198,ITC,ITC4,3,Lombardia,Lombardia,10060574,8990213,89.36,0.12
4262,2021-06-11,LOM,101536,51718,49818,84939,14701,1896,ITC,ITC4,3,Lombardia,Lombardia,10060574,9091749,90.37,1.01
4263,2021-05-09,LOM,69739,32899,36840,54426,13283,2030,ITC,ITC4,3,Lombardia,Lombardia,10060574,9161488,91.06,0.69
4264,2021-01-29,LOM,13551,4149,9402,686,12862,3,ITC,ITC4,3,Lombardia,Lombardia,10060574,9175039,91.2,0.13
4265,2021-06-13,LOM,76004,40567,35437,72283,2131,1590,ITC,ITC4,3,Lombardia,Lombardia,10060574,9251043,91.95,0.76
4266,2021-03-05,LOM,29007,11973,17034,20253,8446,308,ITC,ITC4,3,Lombardia,Lombardia,10060574,9280050,92.24,0.29
4267,2021-09-11,LOM,40878,22181,18697,13101,25929,1848,ITC,ITC4,3,Lombardia,Lombardia,10060574,9320928,92.65,0.41
4268,2021-03-18,LOM,27466,10983,16483,15939,11300,227,ITC,ITC4,3,Lombardia,Lombardia,10060574,9348394,92.92,0.27
4269,2021-08-22,LOM,18211,10165,8046,7602,10066,543,ITC,ITC4,3,Lombardia,Lombardia,10060574,9366605,93.1,0.18
4270,2021-05-14,LOM,86049,41438,44611,53159,30369,2521,ITC,ITC4,3,Lombardia,Lombardia,10060574,9452654,93.96,0.86
4271,2021-07-10,LOM,107272,54303,52969,13913,92176,1183,ITC,ITC4,3,Lombardia,Lombardia,10060574,9559926,95.02,1.07
4272,2021-06-26,LOM,105933,55457,50476,77783,25746,2404,ITC,ITC4,3,Lombardia,Lombardia,10060574,9665859,96.08,1.05
4273,2021-05-23,LOM,60823,28966,31857,26297,34013,513,ITC,ITC4,3,Lombardia,Lombardia,10060574,9726682,96.68,0.6
4274,2021-02-12,LOM,14027,4389,9638,8886,4982,159,ITC,ITC4,3,Lombardia,Lombardia,10060574,9740709,96.82,0.14
4275,2021-07-19,LOM,96927,50319,46608,10806,85041,1080,ITC,ITC4,3,Lombardia,Lombardia,10060574,9837636,97.78,0.96
4276,2021-04-10,LOM,52822,21877,30945,40096,11976,750,ITC,ITC4,3,Lombardia,Lombardia,10060574,9890458,98.31,0.53
4277,2021-06-06,LOM,90138,46351,43787,79537,9222,1379,ITC,ITC4,3,Lombardia,Lombardia,10060574,9980596,99.21,0.9
4278,2021-01-07,LOM,11812,3657,8155,11771,0,41,ITC,ITC4,3,Lombardia,Lombardia,10060574,9992408,99.32,0.12
4279,2021-02-19,LOM,14230,5402,8828,13329,725,176,ITC,ITC4,3,Lombardia,Lombardia,10060574,10006638,99.46,0.14
4280,2021-06-27,LOM,90951,46821,44130,69775,18874,2302,ITC,ITC4,3,Lombardia,Lombardia,10060574,10097589,100.37,0.9
4281,2021-03-19,LOM,32513,12953,19560,18920,13269,324,ITC,ITC4,3,Lombardia,Lombardia,10060574,10130102,100.69,0.32
4282,2021-09-04,LOM,45668,24740,20928,20520,22615,2533,ITC,ITC4,3,Lombardia,Lombardia,10060574,10175770,101.15,0.45
4283,2021-05-27,LOM,95023,45508,49515,40621,53611,791,ITC,ITC4,3,Lombardia,Lombardia,10060574,10270793,102.09,0.94
4284,2021-04-24,LOM,75872,33627,42245,53413,21167,1292,ITC,ITC4,3,Lombardia,Lombardia,10060574,10346665,102.84,0.75
4285,2021-01-14,LOM,26980,7823,19157,26928,0,52,ITC,ITC4,3,Lombardia,Lombardia,10060574,10373645,103.11,0.27
4286,2021-08-16,LOM,38941,21055,17886,16832,21064,1045,ITC,ITC4,3,Lombardia,Lombardia,10060574,10412586,103.5,0.39
4287,2021-05-08,LOM,87846,40796,47050,63432,22118,2296,ITC,ITC4,3,Lombardia,Lombardia,10060574,10500432,104.37,0.87
4288,2021-07-16,LOM,108926,56713,52213,11136,96627,1163,ITC,ITC4,3,Lombardia,Lombardia,10060574,10609358,105.45,1.08
4289,2021-04-17,LOM,48585,21330,27255,36979,10878,728,ITC,ITC4,3,Lombardia,Lombardia,10060574,10657943,105.94,0.48
4290,2021-02-26,LOM,18446,7572,10874,16331,1907,208,ITC,ITC4,3,Lombardia,Lombardia,10060574,10676389,106.12,0.18
4291,2021-07-30,LOM,73308,39804,33504,35095,36094,2119,ITC,ITC4,3,Lombardia,Lombardia,10060574,10749697,106.85,0.73
4292,2020-12-31,LOM,715,302,413,715,0,0,ITC,ITC4,3,Lombardia,Lombardia,10060574,10750412,106.86,0.01
4293,2021-03-13,LOM,27235,9794,17441,20556,6123,556,ITC,ITC4,3,Lombardia,Lombardia,10060574,10777647,107.13,0.27
4294,2021-07-23,LOM,95530,50070,45460,11433,82841,1256,ITC,ITC4,3,Lombardia,Lombardia,10060574,10873177,108.08,0.95
4295,2021-01-24,LOM,1202,458,744,538,664,0,ITC,ITC4,3,Lombardia,Lombardia,10060574,10874379,108.09,0.01
4296,2021-08-21,LOM,21333,11880,9453,9489,11071,773,ITC,ITC4,3,Lombardia,Lombardia,10060574,10895712,108.3,0.21
4297,2021-04-05,LOM,27391,11698,15693,19027,8109,255,ITC,ITC4,3,Lombardia,Lombardia,10060574,10923103,108.57,0.27
4298,2021-08-18,LOM,30909,17057,13852,17898,11642,1369,ITC,ITC4,3,Lombardia,Lombardia,10060574,10954012,108.88,0.31
4299,2021-01-31,LOM,9826,3814,6012,29,9797,0,ITC,ITC4,3,Lombardia,Lombardia,10060574,10963838,108.98,0.1
4300,2021-05-25,LOM,91227,43648,47579,43858,46545,824,ITC,ITC4,3,Lombardia,Lombardia,10060574,11055065,109.89,0.91
4301,2021-02-14,LOM,3586,1547,2039,2934,637,15,ITC,ITC4,3,Lombardia,Lombardia,10060574,11058651,109.92,0.04
4302,2021-01-12,LOM,20340,6746,13594,20309,0,31,ITC,ITC4,3,Lombardia,Lombardia,10060574,11078991,110.12,0.2
4303,2021-02-10,LOM,14462,4527,9935,7568,6865,29,ITC,ITC4,3,Lombardia,Lombardia,10060574,11093453,110.27,0.14
4304,2021-09-09,LOM,56592,31066,25526,11904,43071,1617,ITC,ITC4,3,Lombardia,Lombardia,10060574,11150045,110.83,0.56
4305,2021-02-03,LOM,25736,7957,17779,1078,24653,5,ITC,ITC4,3,Lombardia,Lombardia,10060574,11175781,111.08,0.26
4306,2021-04-07,LOM,50658,20952,29706,34082,15865,711,ITC,ITC4,3,Lombardia,Lombardia,10060574,11226439,111.59,0.5
4307,2021-06-18,LOM,107728,52913,54815,51830,54657,1241,ITC,ITC4,3,Lombardia,Lombardia,10060574,11334167,112.66,1.07
4308,2021-08-14,LOM,26548,14890,11658,11134,14861,553,ITC,ITC4,3,Lombardia,Lombardia,10060574,11360715,112.92,0.26
4309,2021-03-01,LOM,18802,8236,10566,16889,1708,205,ITC,ITC4,3,Lombardia,Lombardia,10060574,11379517,113.11,0.19
4310,2021-08-23,LOM,57489,31499,25990,23770,30430,3289,ITC,ITC4,3,Lombardia,Lombardia,10060574,11437006,113.68,0.57
4311,2021-05-15,LOM,80991,38808,42183,45385,33445,2161,ITC,ITC4,3,Lombardia,Lombardia,10060574,11517997,114.49,0.81
4312,2021-07-11,LOM,90340,45704,44636,11765,77517,1058,ITC,ITC4,3,Lombardia,Lombardia,10060574,11608337,115.38,0.9
4313,2021-05-13,LOM,87234,41797,45437,55591,28903,2740,ITC,ITC4,3,Lombardia,Lombardia,10060574,11695571,116.25,0.87
4314,2021-02-02,LOM,20009,6648,13361,497,19509,3,ITC,ITC4,3,Lombardia,Lombardia,10060574,11715580,116.45,0.2
4315,2021-03-31,LOM,42276,17150,25126,26200,15389,687,ITC,ITC4,3,Lombardia,Lombardia,10060574,11757856,116.87,0.42
4316,2021-08-09,LOM,68978,37021,31957,18634,49295,1049,ITC,ITC4,3,Lombardia,Lombardia,10060574,11826834,117.56,0.69
4317,2021-05-01,LOM,96102,43735,52367,65015,29325,1762,ITC,ITC4,3,Lombardia,Lombardia,10060574,11922936,118.51,0.96
4318,2021-01-21,LOM,5533,1612,3921,4821,695,17,ITC,ITC4,3,Lombardia,Lombardia,10060574,11928469,118.57,0.05
4319,2021-02-07,LOM,7322,2831,4491,335,6984,3,ITC,ITC4,3,Lombardia,Lombardia,10060574,11935791,118.64,0.07
4320,2021-01-19,LOM,8063,2332,5731,7579,470,14,ITC,ITC4,3,Lombardia,Lombardia,10060574,11943854,118.72,0.08
4321,2021-08-11,LOM,61386,33589,27797,22459,37579,1348,ITC,ITC4,3,Lombardia,Lombardia,10060574,12005240,119.33,0.61
4322,2021-08-28,LOM,35007,19241,15766,17761,15041,2205,ITC,ITC4,3,Lombardia,Lombardia,10060574,12040247,119.68,0.35
4323,2021-05-20,LOM,95617,46244,49373,31716,63084,817,ITC,ITC4,3,Lombardia,Lombardia,10060574,12135864,120.63,0.95
4324,2021-03-10,LOM,33368,12761,20607,24851,7911,606,ITC,ITC4,3,Lombardia,Lombardia,10060574,12169232,120.96,0.33
4325,2021-05-06,LOM,89954,42233,47721,70955,16583,2416,ITC,ITC4,3,Lombardia,Lombardia,10060574,12259186,121.85,0.89
4326,2021-01-26,LOM,8396,2719,5677,348,8047,1,ITC,ITC4,3,Lombardia,Lombardia,10060574,12267582,121.94,0.08
4327,2021-04-01,LOM,43199,17323,25876,26086,16398,715,ITC,ITC4,3,Lombardia,Lombardia,10060574,12310781,122.37,0.43
4328,2021-06-01,LOM,94043,46131,47912,75800,17132,1111,ITC,ITC4,3,Lombardia,Lombardia,10060574,12404824,123.3,0.93
4329,2021-01-02,LOM,202,74,128,202,0,0,ITC,ITC4,3,Lombardia,Lombardia,10060574,12405026,123.3,0.0
4330,2021-06-08,LOM,102957,52319,50638,87173,14104,1680,ITC,ITC4,3,Lombardia,Lombardia,10060574,12507983,124.33,1.02
4331,2021-02-28,LOM,7886,3256,4630,7604,210,72,ITC,ITC4,3,Lombardia,Lombardia,10060574,12515869,124.41,0.08
4332,2021-08-04,LOM,90176,48835,41341,14485,75031,660,ITC,ITC4,3,Lombardia,Lombardia,10060574,12606045,125.3,0.9
4333,2021-04-26,LOM,88034,40952,47082,67037,19171,1826,ITC,ITC4,3,Lombardia,Lombardia,10060574,12694079,126.18,0.88
4334,2021-07-21,LOM,94011,48497,45514,8617,84531,863,ITC,ITC4,3,Lombardia,Lombardia,10060574,12788090,127.11,0.93
4335,2021-04-12,LOM,47357,20626,26731,32292,14414,651,ITC,ITC4,3,Lombardia,Lombardia,10060574,12835447,127.58,0.47
4336,2021-02-21,LOM,5055,1864,3191,4940,17,98,ITC,ITC4,3,Lombardia,Lombardia,10060574,12840502,127.63,0.05
4337,2021-07-28,LOM,77456,41729,35727,19119,56587,1750,ITC,ITC4,3,Lombardia,Lombardia,10060574,12917958,128.4,0.77
4338,2021-04-19,LOM,60410,27489,32921,49684,9421,1305,ITC,ITC4,3,Lombardia,Lombardia,10060574,12978368,129.0,0.6
4339,2021-06-15,LOM,96078,48896,47182,49023,45999,1056,ITC,ITC4,3,Lombardia,Lombardia,10060574,13074446,129.96,0.95
4340,2021-07-29,LOM,74428,40429,33999,33777,38700,1951,ITC,ITC4,3,Lombardia,Lombardia,10060574,13148874,130.7,0.74
4341,2021-02-20,LOM,9376,3876,5500,8846,333,197,ITC,ITC4,3,Lombardia,Lombardia,10060574,13158250,130.79,0.09
4342,2021-04-18,LOM,36446,16245,20201,30526,5247,673,ITC,ITC4,3,Lombardia,Lombardia,10060574,13194696,131.15,0.36
4343,2021-01-08,LOM,12757,3941,8816,12746,0,11,ITC,ITC4,3,Lombardia,Lombardia,10060574,13207453,131.28,0.13
4344,2021-08-05,LOM,90300,49271,41029,15754,73757,789,ITC,ITC4,3,Lombardia,Lombardia,10060574,13297753,132.18,0.9
4345,2021-01-15,LOM,25295,7458,17837,25243,0,52,ITC,ITC4,3,Lombardia,Lombardia,10060574,13323048,132.43,0.25
4346,2021-08-07,LOM,79726,43275,36451,16071,62847,808,ITC,ITC4,3,Lombardia,Lombardia,10060574,13402774,133.22,0.79
4347,2021-04-29,LOM,115655,53634,62021,83084,29917,2654,ITC,ITC4,3,Lombardia,Lombardia,10060574,13518429,134.37,1.15
4348,2021-06-25,LOM,108339,56259,52080,78363,27668,2308,ITC,ITC4,3,Lombardia,Lombardia,10060574,13626768,135.45,1.08
4349,2021-04-20,LOM,67716,30852,36864,55895,10361,1460,ITC,ITC4,3,Lombardia,Lombardia,10060574,13694484,136.12,0.67
4350,2021-01-10,LOM,10556,3982,6574,10547,0,9,ITC,ITC4,3,Lombardia,Lombardia,10060574,13705040,136.23,0.1
4351,2021-01-17,LOM,8361,3351,5010,8154,201,6,ITC,ITC4,3,Lombardia,Lombardia,10060574,13713401,136.31,0.08
4352,2021-06-23,LOM,111086,57464,53622,76659,32287,2140,ITC,ITC4,3,Lombardia,Lombardia,10060574,13824487,137.41,1.1
4353,2021-03-15,LOM,31634,11360,20274,22425,8583,626,ITC,ITC4,3,Lombardia,Lombardia,10060574,13856121,137.73,0.31
4354,2021-04-27,LOM,86116,40011,46105,67634,16611,1871,ITC,ITC4,3,Lombardia,Lombardia,10060574,13942237,138.58,0.86
4355,2021-09-06,LOM,56247,30313,25934,16496,37722,2029,ITC,ITC4,3,Lombardia,Lombardia,10060574,13998484,139.14,0.56
4356,2021-03-17,LOM,26344,10530,15814,15139,11044,161,ITC,ITC4,3,Lombardia,Lombardia,10060574,14024828,139.4,0.26
4357,2021-07-04,LOM,86771,43400,43371,40189,44623,1959,ITC,ITC4,3,Lombardia,Lombardia,10060574,14111599,140.27,0.86
4358,2021-08-30,LOM,71228,37841,33387,43170,22406,5652,ITC,ITC4,3,Lombardia,Lombardia,10060574,14182827,140.97,0.71
4359,2021-07-02,LOM,104036,52144,51892,48877,52957,2202,ITC,ITC4,3,Lombardia,Lombardia,10060574,14286863,142.01,1.03
4360,2021-03-24,LOM,43431,15683,27748,30471,12061,899,ITC,ITC4,3,Lombardia,Lombardia,10060574,14330294,142.44,0.43
4361,2021-02-09,LOM,12233,3337,8896,4027,8192,14,ITC,ITC4,3,Lombardia,Lombardia,10060574,14342527,142.56,0.12
4362,2021-06-19,SAR,15348,7516,7832,9120,6129,99,ITG,ITG2,20,Sardegna,Sardegna,1639591,15348,0.94,0.94
4363,2021-07-06,SAR,15935,7722,8213,4660,11175,100,ITG,ITG2,20,Sardegna,Sardegna,1639591,31283,1.91,0.97
4364,2021-03-28,SAR,4628,1827,2801,4474,79,75,ITG,ITG2,20,Sardegna,Sardegna,1639591,35911,2.19,0.28
4365,2021-01-04,SAR,609,230,379,609,0,0,ITG,ITG2,20,Sardegna,Sardegna,1639591,36520,2.23,0.04
4366,2021-01-16,SAR,1498,530,968,1498,0,0,ITG,ITG2,20,Sardegna,Sardegna,1639591,38018,2.32,0.09
4367,2021-08-15,SAR,19,10,9,9,10,0,ITG,ITG2,20,Sardegna,Sardegna,1639591,38037,2.32,0.0
4368,2021-07-01,SAR,19833,9762,10071,7256,12484,93,ITG,ITG2,20,Sardegna,Sardegna,1639591,57870,3.53,1.21
4369,2021-03-23,SAR,6500,2905,3595,5229,1089,182,ITG,ITG2,20,Sardegna,Sardegna,1639591,64370,3.93,0.4
4370,2021-07-15,SAR,18778,9236,9542,4645,14032,101,ITG,ITG2,20,Sardegna,Sardegna,1639591,83148,5.07,1.15
4371,2021-02-11,SAR,1322,490,832,1207,115,0,ITG,ITG2,20,Sardegna,Sardegna,1639591,84470,5.15,0.08
4372,2021-09-10,SAR,10291,5474,4817,2648,7473,170,ITG,ITG2,20,Sardegna,Sardegna,1639591,94761,5.78,0.63
4373,2021-09-01,SAR,8245,4308,3937,3115,5040,90,ITG,ITG2,20,Sardegna,Sardegna,1639591,103006,6.28,0.5
4374,2021-05-24,SAR,14491,7259,7232,8360,5999,132,ITG,ITG2,20,Sardegna,Sardegna,1639591,117497,7.17,0.88
4375,2021-02-13,SAR,1458,563,895,1452,2,4,ITG,ITG2,20,Sardegna,Sardegna,1639591,118955,7.26,0.09
4376,2021-08-01,SAR,3055,1502,1553,1031,1988,36,ITG,ITG2,20,Sardegna,Sardegna,1639591,122010,7.44,0.19
4377,2021-04-23,SAR,13065,5791,7274,7361,5556,148,ITG,ITG2,20,Sardegna,Sardegna,1639591,135075,8.24,0.8
4378,2021-05-10,SAR,9949,4416,5533,7210,2560,179,ITG,ITG2,20,Sardegna,Sardegna,1639591,145024,8.85,0.61
4379,2021-01-30,SAR,3946,1426,2520,368,3578,0,ITG,ITG2,20,Sardegna,Sardegna,1639591,148970,9.09,0.24
4380,2021-08-27,SAR,8385,4495,3890,4909,3334,142,ITG,ITG2,20,Sardegna,Sardegna,1639591,157355,9.6,0.51
4381,2021-05-19,SAR,17084,8682,8402,12631,4282,171,ITG,ITG2,20,Sardegna,Sardegna,1639591,174439,10.64,1.04
4382,2021-06-05,SAR,17889,8442,9447,11286,6468,135,ITG,ITG2,20,Sardegna,Sardegna,1639591,192328,11.73,1.09
4383,2021-02-25,SAR,2939,1275,1664,2296,608,35,ITG,ITG2,20,Sardegna,Sardegna,1639591,195267,11.91,0.18
4384,2021-03-14,SAR,613,379,234,602,1,10,ITG,ITG2,20,Sardegna,Sardegna,1639591,195880,11.95,0.04
4385,2021-03-09,SAR,5562,2754,2808,4757,732,73,ITG,ITG2,20,Sardegna,Sardegna,1639591,201442,12.29,0.34
4386,2021-08-13,SAR,9951,5419,4532,6314,3518,119,ITG,ITG2,20,Sardegna,Sardegna,1639591,211393,12.89,0.61
4387,2021-05-05,SAR,10282,4678,5604,8009,2062,211,ITG,ITG2,20,Sardegna,Sardegna,1639591,221675,13.52,0.63
4388,2021-04-09,SAR,12479,5526,6953,7934,4402,143,ITG,ITG2,20,Sardegna,Sardegna,1639591,234154,14.28,0.76
4389,2021-07-20,SAR,16151,7931,8220,3654,12406,91,ITG,ITG2,20,Sardegna,Sardegna,1639591,250305,15.27,0.99
4390,2021-04-11,SAR,5416,2450,2966,4263,1124,29,ITG,ITG2,20,Sardegna,Sardegna,1639591,255721,15.6,0.33
4391,2021-06-07,SAR,12567,6145,6422,9437,3007,123,ITG,ITG2,20,Sardegna,Sardegna,1639591,268288,16.36,0.77
4392,2021-07-08,SAR,18445,8972,9473,3832,14528,85,ITG,ITG2,20,Sardegna,Sardegna,1639591,286733,17.49,1.12
4393,2021-07-25,SAR,4343,2142,2201,862,3466,15,ITG,ITG2,20,Sardegna,Sardegna,1639591,291076,17.75,0.26
4394,2021-04-16,SAR,14604,6529,8075,9005,5421,178,ITG,ITG2,20,Sardegna,Sardegna,1639591,305680,18.64,0.89
4395,2021-01-23,SAR,61,23,38,0,61,0,ITG,ITG2,20,Sardegna,Sardegna,1639591,305741,18.65,0.0
4396,2021-08-08,SAR,1884,979,905,1020,841,23,ITG,ITG2,20,Sardegna,Sardegna,1639591,307625,18.76,0.11
4397,2021-06-26,SAR,19164,9013,10151,5451,13635,78,ITG,ITG2,20,Sardegna,Sardegna,1639591,326789,19.93,1.17
4398,2021-08-22,SAR,1162,650,512,403,756,3,ITG,ITG2,20,Sardegna,Sardegna,1639591,327951,20.0,0.07
4399,2021-08-03,SAR,14575,7509,7066,7514,6863,198,ITG,ITG2,20,Sardegna,Sardegna,1639591,342526,20.89,0.89
4400,2021-08-20,SAR,10173,5353,4820,4794,5229,150,ITG,ITG2,20,Sardegna,Sardegna,1639591,352699,21.51,0.62
4401,2021-05-12,SAR,11225,5281,5944,7862,3154,209,ITG,ITG2,20,Sardegna,Sardegna,1639591,363924,22.2,0.68
4402,2021-09-03,SAR,8713,4697,4016,3080,5539,94,ITG,ITG2,20,Sardegna,Sardegna,1639591,372637,22.73,0.53
4403,2020-12-28,SAR,69,27,42,69,0,0,ITG,ITG2,20,Sardegna,Sardegna,1639591,372706,22.73,0.0
4404,2021-05-29,SAR,18031,8658,9373,13249,4612,170,ITG,ITG2,20,Sardegna,Sardegna,1639591,390737,23.83,1.1
4405,2021-02-18,SAR,1898,738,1160,1794,64,40,ITG,ITG2,20,Sardegna,Sardegna,1639591,392635,23.95,0.12
4406,2021-09-08,SAR,12252,6564,5688,3188,8922,142,ITG,ITG2,20,Sardegna,Sardegna,1639591,404887,24.69,0.75
4407,2021-05-31,SAR,11372,5409,5963,8162,3112,98,ITG,ITG2,20,Sardegna,Sardegna,1639591,416259,25.39,0.69
4408,2021-07-27,SAR,16532,8384,8148,4215,12206,111,ITG,ITG2,20,Sardegna,Sardegna,1639591,432791,26.4,1.01
4409,2021-04-18,SAR,5155,2237,2918,2240,2885,30,ITG,ITG2,20,Sardegna,Sardegna,1639591,437946,26.71,0.31
4410,2021-04-30,SAR,11316,5344,5972,6823,4301,192,ITG,ITG2,20,Sardegna,Sardegna,1639591,449262,27.4,0.69
4411,2021-05-17,SAR,12841,6266,6575,9138,3554,149,ITG,ITG2,20,Sardegna,Sardegna,1639591,462103,28.18,0.78
4412,2021-02-06,SAR,1983,706,1277,566,1414,3,ITG,ITG2,20,Sardegna,Sardegna,1639591,464086,28.3,0.12
4413,2021-02-23,SAR,1577,1050,527,1278,282,17,ITG,ITG2,20,Sardegna,Sardegna,1639591,465663,28.4,0.1
4414,2021-06-12,SAR,14755,7194,7561,9935,4702,118,ITG,ITG2,20,Sardegna,Sardegna,1639591,480418,29.3,0.9
4415,2021-03-04,SAR,4393,2313,2080,3067,1260,66,ITG,ITG2,20,Sardegna,Sardegna,1639591,484811,29.57,0.27
4416,2021-03-21,SAR,4053,1815,2238,2586,1441,26,ITG,ITG2,20,Sardegna,Sardegna,1639591,488864,29.82,0.25
4417,2021-03-02,SAR,3060,1634,1426,1823,1162,75,ITG,ITG2,20,Sardegna,Sardegna,1639591,491924,30.0,0.19
4418,2021-04-28,SAR,9126,4309,4817,5213,3761,152,ITG,ITG2,20,Sardegna,Sardegna,1639591,501050,30.56,0.56
4419,2021-01-18,SAR,911,328,583,782,129,0,ITG,ITG2,20,Sardegna,Sardegna,1639591,501961,30.62,0.06
4420,2021-06-24,SAR,19202,9215,9987,8112,10985,105,ITG,ITG2,20,Sardegna,Sardegna,1639591,521163,31.79,1.17
4421,2021-03-16,SAR,4447,1967,2480,3472,930,45,ITG,ITG2,20,Sardegna,Sardegna,1639591,525610,32.06,0.27
4422,2021-02-04,SAR,2302,825,1477,915,1384,3,ITG,ITG2,20,Sardegna,Sardegna,1639591,527912,32.2,0.14
4423,2021-04-02,SAR,9330,3625,5705,5928,3252,150,ITG,ITG2,20,Sardegna,Sardegna,1639591,537242,32.77,0.57
4424,2021-07-13,SAR,17806,8522,9284,3250,14478,78,ITG,ITG2,20,Sardegna,Sardegna,1639591,555048,33.85,1.09
4425,2021-04-04,SAR,2,1,1,0,2,0,ITG,ITG2,20,Sardegna,Sardegna,1639591,555050,33.85,0.0
4426,2021-02-22,SAR,1651,954,697,1391,234,26,ITG,ITG2,20,Sardegna,Sardegna,1639591,556701,33.95,0.1
4427,2021-03-11,SAR,6464,3110,3354,5171,1209,84,ITG,ITG2,20,Sardegna,Sardegna,1639591,563165,34.35,0.39
4428,2021-06-14,SAR,13750,6644,7106,9791,3817,142,ITG,ITG2,20,Sardegna,Sardegna,1639591,576915,35.19,0.84
4429,2021-03-06,SAR,2950,1219,1731,1081,1795,74,ITG,ITG2,20,Sardegna,Sardegna,1639591,579865,35.37,0.18
4430,2021-06-28,SAR,14994,7041,7953,3049,11878,67,ITG,ITG2,20,Sardegna,Sardegna,1639591,594859,36.28,0.91
4431,2021-04-06,SAR,7578,3159,4419,5062,2438,78,ITG,ITG2,20,Sardegna,Sardegna,1639591,602437,36.74,0.46
4432,2020-12-27,SAR,68,37,31,68,0,0,ITG,ITG2,20,Sardegna,Sardegna,1639591,602505,36.75,0.0
4433,2021-01-08,SAR,3352,1237,2115,3350,0,2,ITG,ITG2,20,Sardegna,Sardegna,1639591,605857,36.95,0.2
4434,2021-06-02,SAR,9786,4692,5094,8060,1640,86,ITG,ITG2,20,Sardegna,Sardegna,1639591,615643,37.55,0.6
4435,2021-07-29,SAR,17901,9045,8856,6530,11205,166,ITG,ITG2,20,Sardegna,Sardegna,1639591,633544,38.64,1.09
4436,2021-04-20,SAR,11195,5065,6130,7797,3297,101,ITG,ITG2,20,Sardegna,Sardegna,1639591,644739,39.32,0.68
4437,2021-07-24,SAR,12385,6386,5999,1993,10363,29,ITG,ITG2,20,Sardegna,Sardegna,1639591,657124,40.08,0.76
4438,2021-08-10,SAR,14241,7508,6733,6251,7828,162,ITG,ITG2,20,Sardegna,Sardegna,1639591,671365,40.95,0.87
4439,2021-05-02,SAR,6075,2727,3348,5296,676,103,ITG,ITG2,20,Sardegna,Sardegna,1639591,677440,41.32,0.37
4440,2021-02-08,SAR,1477,536,941,859,617,1,ITG,ITG2,20,Sardegna,Sardegna,1639591,678917,41.41,0.09
4441,2021-08-12,SAR,12481,6614,5867,6626,5687,168,ITG,ITG2,20,Sardegna,Sardegna,1639591,691398,42.17,0.76
4442,2021-05-07,SAR,14605,6666,7939,9788,4557,260,ITG,ITG2,20,Sardegna,Sardegna,1639591,706003,43.06,0.89
4443,2021-01-27,SAR,1435,506,929,78,1357,0,ITG,ITG2,20,Sardegna,Sardegna,1639591,707438,43.15,0.09
4444,2021-07-03,SAR,15844,7563,8281,3235,12576,33,ITG,ITG2,20,Sardegna,Sardegna,1639591,723282,44.11,0.97
4445,2021-03-25,SAR,9276,4021,5255,7821,1308,147,ITG,ITG2,20,Sardegna,Sardegna,1639591,732558,44.68,0.57
4446,2021-08-29,SAR,467,250,217,355,98,14,ITG,ITG2,20,Sardegna,Sardegna,1639591,733025,44.71,0.03
4447,2021-05-21,SAR,22798,11233,11565,16385,6133,280,ITG,ITG2,20,Sardegna,Sardegna,1639591,755823,46.1,1.39
4448,2021-04-21,SAR,12178,5578,6600,6478,5597,103,ITG,ITG2,20,Sardegna,Sardegna,1639591,768001,46.84,0.74
4449,2021-01-11,SAR,1219,522,697,1218,0,1,ITG,ITG2,20,Sardegna,Sardegna,1639591,769220,46.92,0.07
4450,2021-06-17,SAR,18468,8531,9937,9920,8427,121,ITG,ITG2,20,Sardegna,Sardegna,1639591,787688,48.04,1.13
4451,2021-01-25,SAR,612,228,384,23,589,0,ITG,ITG2,20,Sardegna,Sardegna,1639591,788300,48.08,0.04
4452,2021-08-24,SAR,10103,5401,4702,4811,5137,155,ITG,ITG2,20,Sardegna,Sardegna,1639591,798403,48.7,0.62
4453,2021-05-16,SAR,8251,3838,4413,6002,2162,87,ITG,ITG2,20,Sardegna,Sardegna,1639591,806654,49.2,0.5
4454,2021-07-12,SAR,15335,7414,7921,2400,12877,58,ITG,ITG2,20,Sardegna,Sardegna,1639591,821989,50.13,0.94
4455,2021-09-07,SAR,9563,5084,4479,2541,6903,119,ITG,ITG2,20,Sardegna,Sardegna,1639591,831552,50.72,0.58
4456,2021-07-05,SAR,15585,7571,8014,3328,12208,49,ITG,ITG2,20,Sardegna,Sardegna,1639591,847137,51.67,0.95
4457,2021-08-31,SAR,9294,4957,4337,4748,4387,159,ITG,ITG2,20,Sardegna,Sardegna,1639591,856431,52.23,0.57
4458,2021-09-12,SAR,2785,1555,1230,527,2235,23,ITG,ITG2,20,Sardegna,Sardegna,1639591,859216,52.4,0.17
4459,2021-06-04,SAR,14513,6946,7567,9789,4565,159,ITG,ITG2,20,Sardegna,Sardegna,1639591,873729,53.29,0.89
4460,2021-06-21,SAR,14035,6738,7297,5124,8837,74,ITG,ITG2,20,Sardegna,Sardegna,1639591,887764,54.15,0.86
4461,2021-03-13,SAR,2773,1084,1689,2451,281,41,ITG,ITG2,20,Sardegna,Sardegna,1639591,890537,54.31,0.17
4462,2021-03-30,SAR,8926,3622,5304,6485,2286,155,ITG,ITG2,20,Sardegna,Sardegna,1639591,899463,54.86,0.54
4463,2021-01-06,SAR,1638,556,1082,1638,0,0,ITG,ITG2,20,Sardegna,Sardegna,1639591,901101,54.96,0.1
4464,2021-06-23,SAR,20548,9669,10879,6193,14262,93,ITG,ITG2,20,Sardegna,Sardegna,1639591,921649,56.21,1.25
4465,2021-08-09,SAR,13414,6972,6442,6474,6794,146,ITG,ITG2,20,Sardegna,Sardegna,1639591,935063,57.03,0.82
4466,2021-08-26,SAR,9429,4999,4430,5353,3949,127,ITG,ITG2,20,Sardegna,Sardegna,1639591,944492,57.61,0.58
4467,2021-04-25,SAR,4534,2282,2252,3701,784,49,ITG,ITG2,20,Sardegna,Sardegna,1639591,949026,57.88,0.28
4468,2021-01-15,SAR,1575,576,999,1573,0,2,ITG,ITG2,20,Sardegna,Sardegna,1639591,950601,57.98,0.1
4469,2021-08-17,SAR,10608,5535,5073,6093,4389,126,ITG,ITG2,20,Sardegna,Sardegna,1639591,961209,58.62,0.65
4470,2021-02-01,SAR,1554,620,934,226,1328,0,ITG,ITG2,20,Sardegna,Sardegna,1639591,962763,58.72,0.09
4471,2021-05-09,SAR,6181,2888,3293,5162,926,93,ITG,ITG2,20,Sardegna,Sardegna,1639591,968944,59.1,0.38
4472,2021-05-26,SAR,15549,8195,7354,9706,5661,182,ITG,ITG2,20,Sardegna,Sardegna,1639591,984493,60.05,0.95
4473,2021-02-15,SAR,961,349,612,923,31,7,ITG,ITG2,20,Sardegna,Sardegna,1639591,985454,60.1,0.06
4474,2021-01-13,SAR,579,182,397,579,0,0,ITG,ITG2,20,Sardegna,Sardegna,1639591,986033,60.14,0.04
4475,2021-07-17,SAR,12871,6301,6570,3178,9626,67,ITG,ITG2,20,Sardegna,Sardegna,1639591,998904,60.92,0.79
4476,2021-07-31,SAR,10321,5458,4863,5276,4963,82,ITG,ITG2,20,Sardegna,Sardegna,1639591,1009225,61.55,0.63
4477,2021-08-19,SAR,10762,5689,5073,5732,4897,133,ITG,ITG2,20,Sardegna,Sardegna,1639591,1019987,62.21,0.66
4478,2021-05-18,SAR,14786,7386,7400,9421,5226,139,ITG,ITG2,20,Sardegna,Sardegna,1639591,1034773,63.11,0.9
4479,2021-02-24,SAR,2448,1310,1138,2211,195,42,ITG,ITG2,20,Sardegna,Sardegna,1639591,1037221,63.26,0.15
4480,2021-08-28,SAR,4163,2395,1768,2853,1251,59,ITG,ITG2,20,Sardegna,Sardegna,1639591,1041384,63.51,0.25
4481,2021-06-06,SAR,10037,5001,5036,6314,3654,69,ITG,ITG2,20,Sardegna,Sardegna,1639591,1051421,64.13,0.61
4482,2021-01-20,SAR,215,78,137,213,2,0,ITG,ITG2,20,Sardegna,Sardegna,1639591,1051636,64.14,0.01
4483,2021-03-29,SAR,4860,1887,2973,4169,595,96,ITG,ITG2,20,Sardegna,Sardegna,1639591,1056496,64.44,0.3
4484,2021-02-05,SAR,1923,757,1166,435,1486,2,ITG,ITG2,20,Sardegna,Sardegna,1639591,1058419,64.55,0.12
4485,2021-04-03,SAR,4728,1824,2904,2671,1986,71,ITG,ITG2,20,Sardegna,Sardegna,1639591,1063147,64.84,0.29
4486,2021-05-30,SAR,9746,4842,4904,7312,2366,68,ITG,ITG2,20,Sardegna,Sardegna,1639591,1072893,65.44,0.59
4487,2021-02-19,SAR,1519,477,1042,1414,56,49,ITG,ITG2,20,Sardegna,Sardegna,1639591,1074412,65.53,0.09
4488,2021-09-05,SAR,664,370,294,133,525,6,ITG,ITG2,20,Sardegna,Sardegna,1639591,1075076,65.57,0.04
4489,2021-05-28,SAR,18011,8714,9297,13527,4297,187,ITG,ITG2,20,Sardegna,Sardegna,1639591,1093087,66.67,1.1
4490,2021-02-17,SAR,1415,581,834,1279,74,62,ITG,ITG2,20,Sardegna,Sardegna,1639591,1094502,66.75,0.09
4491,2021-05-25,SAR,15158,7705,7453,8496,6487,175,ITG,ITG2,20,Sardegna,Sardegna,1639591,1109660,67.68,0.92
4492,2021-06-11,SAR,14783,7025,7758,9089,5538,156,ITG,ITG2,20,Sardegna,Sardegna,1639591,1124443,68.58,0.9
4493,2021-03-03,SAR,4139,2294,1845,2746,1306,87,ITG,ITG2,20,Sardegna,Sardegna,1639591,1128582,68.83,0.25
4494,2021-06-30,SAR,17774,8515,9259,4806,12886,82,ITG,ITG2,20,Sardegna,Sardegna,1639591,1146356,69.92,1.08
4495,2021-03-20,SAR,5222,2079,3143,2909,2286,27,ITG,ITG2,20,Sardegna,Sardegna,1639591,1151578,70.24,0.32
4496,2021-09-04,SAR,5113,2803,2310,1553,3512,48,ITG,ITG2,20,Sardegna,Sardegna,1639591,1156691,70.55,0.31
4497,2021-06-13,SAR,9502,4678,4824,6162,3260,80,ITG,ITG2,20,Sardegna,Sardegna,1639591,1166193,71.13,0.58
4498,2021-07-23,SAR,15761,7788,7973,3405,12278,78,ITG,ITG2,20,Sardegna,Sardegna,1639591,1181954,72.09,0.96
4499,2021-04-14,SAR,8369,3928,4441,7029,1276,64,ITG,ITG2,20,Sardegna,Sardegna,1639591,1190323,72.6,0.51
4500,2021-05-01,SAR,10010,4797,5213,5421,4487,102,ITG,ITG2,20,Sardegna,Sardegna,1639591,1200333,73.21,0.61
4501,2021-01-21,SAR,140,69,71,98,42,0,ITG,ITG2,20,Sardegna,Sardegna,1639591,1200473,73.22,0.01
4502,2021-02-07,SAR,1128,397,731,228,899,1,ITG,ITG2,20,Sardegna,Sardegna,1639591,1201601,73.29,0.07
4503,2021-08-11,SAR,11927,6361,5566,6147,5600,180,ITG,ITG2,20,Sardegna,Sardegna,1639591,1213528,74.01,0.73
4504,2021-05-03,SAR,8337,3855,4482,6602,1623,112,ITG,ITG2,20,Sardegna,Sardegna,1639591,1221865,74.52,0.51
4505,2021-05-20,SAR,16415,7895,8520,11295,4913,207,ITG,ITG2,20,Sardegna,Sardegna,1639591,1238280,75.52,1.0
4506,2021-02-09,SAR,2299,840,1459,1290,1004,5,ITG,ITG2,20,Sardegna,Sardegna,1639591,1240579,75.66,0.14
4507,2021-02-26,SAR,2834,1117,1717,2473,308,53,ITG,ITG2,20,Sardegna,Sardegna,1639591,1243413,75.84,0.17
4508,2021-08-05,SAR,15655,8232,7423,8691,6800,164,ITG,ITG2,20,Sardegna,Sardegna,1639591,1259068,76.79,0.95
4509,2021-02-20,SAR,2044,856,1188,1683,337,24,ITG,ITG2,20,Sardegna,Sardegna,1639591,1261112,76.92,0.12
4510,2021-04-15,SAR,11957,5574,6383,6817,5022,118,ITG,ITG2,20,Sardegna,Sardegna,1639591,1273069,77.65,0.73
4511,2021-01-05,SAR,1358,458,900,1358,0,0,ITG,ITG2,20,Sardegna,Sardegna,1639591,1274427,77.73,0.08
4512,2021-01-22,SAR,84,47,37,56,28,0,ITG,ITG2,20,Sardegna,Sardegna,1639591,1274511,77.73,0.01
4513,2021-07-26,SAR,14608,7289,7319,4121,10410,77,ITG,ITG2,20,Sardegna,Sardegna,1639591,1289119,78.62,0.89
4514,2021-04-17,SAR,10176,4525,5651,5421,4670,85,ITG,ITG2,20,Sardegna,Sardegna,1639591,1299295,79.25,0.62
4515,2021-03-27,SAR,5831,2217,3614,5310,423,98,ITG,ITG2,20,Sardegna,Sardegna,1639591,1305126,79.6,0.36
4516,2021-05-23,SAR,10036,4817,5219,7685,2255,96,ITG,ITG2,20,Sardegna,Sardegna,1639591,1315162,80.21,0.61
4517,2021-02-12,SAR,2249,938,1311,2183,60,6,ITG,ITG2,20,Sardegna,Sardegna,1639591,1317411,80.35,0.14
4518,2021-07-19,SAR,15231,7630,7601,2797,12383,51,ITG,ITG2,20,Sardegna,Sardegna,1639591,1332642,81.28,0.93
4519,2021-04-10,SAR,10604,4784,5820,8535,1962,107,ITG,ITG2,20,Sardegna,Sardegna,1639591,1343246,81.93,0.65
4520,2021-03-22,SAR,3744,1517,2227,3132,526,86,ITG,ITG2,20,Sardegna,Sardegna,1639591,1346990,82.15,0.23
4521,2021-04-08,SAR,13607,5971,7636,8333,5154,120,ITG,ITG2,20,Sardegna,Sardegna,1639591,1360597,82.98,0.83
4522,2021-07-14,SAR,16913,8191,8722,3774,13028,111,ITG,ITG2,20,Sardegna,Sardegna,1639591,1377510,84.02,1.03
4523,2020-12-29,SAR,57,32,25,57,0,0,ITG,ITG2,20,Sardegna,Sardegna,1639591,1377567,84.02,0.0
4524,2021-04-22,SAR,10629,4687,5942,5541,4993,95,ITG,ITG2,20,Sardegna,Sardegna,1639591,1388196,84.67,0.65
4525,2021-01-12,SAR,890,417,473,890,0,0,ITG,ITG2,20,Sardegna,Sardegna,1639591,1389086,84.72,0.05
4526,2021-01-29,SAR,3044,1118,1926,45,2997,2,ITG,ITG2,20,Sardegna,Sardegna,1639591,1392130,84.91,0.19
4527,2021-08-02,SAR,13118,6603,6515,6209,6730,179,ITG,ITG2,20,Sardegna,Sardegna,1639591,1405248,85.71,0.8
4528,2021-01-28,SAR,3038,1084,1954,68,2970,0,ITG,ITG2,20,Sardegna,Sardegna,1639591,1408286,85.89,0.19
4529,2021-03-18,SAR,7318,3096,4222,5601,1640,77,ITG,ITG2,20,Sardegna,Sardegna,1639591,1415604,86.34,0.45
4530,2021-05-14,SAR,14665,6894,7771,10815,3652,198,ITG,ITG2,20,Sardegna,Sardegna,1639591,1430269,87.23,0.89
4531,2021-02-03,SAR,1122,419,703,426,695,1,ITG,ITG2,20,Sardegna,Sardegna,1639591,1431391,87.3,0.07
4532,2021-07-10,SAR,14241,6889,7352,2705,11503,33,ITG,ITG2,20,Sardegna,Sardegna,1639591,1445632,88.17,0.87
4533,2021-04-01,SAR,10295,4105,6190,7119,3024,152,ITG,ITG2,20,Sardegna,Sardegna,1639591,1455927,88.8,0.63
4534,2021-01-07,SAR,3170,1110,2060,3166,0,4,ITG,ITG2,20,Sardegna,Sardegna,1639591,1459097,88.99,0.19
4535,2021-06-10,SAR,17814,8479,9335,11645,6043,126,ITG,ITG2,20,Sardegna,Sardegna,1639591,1476911,90.08,1.09
4536,2021-05-27,SAR,17862,9268,8594,12109,5544,209,ITG,ITG2,20,Sardegna,Sardegna,1639591,1494773,91.17,1.09
4537,2021-02-16,SAR,703,291,412,667,27,9,ITG,ITG2,20,Sardegna,Sardegna,1639591,1495476,91.21,0.04
4538,2021-03-05,SAR,5234,2621,2613,2822,2372,40,ITG,ITG2,20,Sardegna,Sardegna,1639591,1500710,91.53,0.32
4539,2021-03-19,SAR,7323,3064,4259,5017,2244,62,ITG,ITG2,20,Sardegna,Sardegna,1639591,1508033,91.98,0.45
4540,2021-07-16,SAR,16935,8476,8459,4552,12248,135,ITG,ITG2,20,Sardegna,Sardegna,1639591,1524968,93.01,1.03
4541,2021-04-07,SAR,13731,6104,7627,7908,5739,84,ITG,ITG2,20,Sardegna,Sardegna,1639591,1538699,93.85,0.84
4542,2021-04-24,SAR,10548,4904,5644,7959,2450,139,ITG,ITG2,20,Sardegna,Sardegna,1639591,1549247,94.49,0.64
4543,2021-01-14,SAR,1128,433,695,1128,0,0,ITG,ITG2,20,Sardegna,Sardegna,1639591,1550375,94.56,0.07
4544,2021-08-06,SAR,13824,7175,6649,7992,5659,173,ITG,ITG2,20,Sardegna,Sardegna,1639591,1564199,95.4,0.84
4545,2020-12-31,SAR,41,22,19,41,0,0,ITG,ITG2,20,Sardegna,Sardegna,1639591,1564240,95.4,0.0
4546,2021-07-30,SAR,15207,7858,7349,6624,8416,167,ITG,ITG2,20,Sardegna,Sardegna,1639591,1579447,96.33,0.93
4547,2021-01-03,SAR,90,36,54,90,0,0,ITG,ITG2,20,Sardegna,Sardegna,1639591,1579537,96.34,0.01
4548,2021-07-07,SAR,15909,7729,8180,4084,11772,53,ITG,ITG2,20,Sardegna,Sardegna,1639591,1595446,97.31,0.97
4549,2021-08-07,SAR,8214,4309,3905,5440,2706,68,ITG,ITG2,20,Sardegna,Sardegna,1639591,1603660,97.81,0.5
4550,2021-04-29,SAR,11275,5133,6142,6685,4431,159,ITG,ITG2,20,Sardegna,Sardegna,1639591,1614935,98.5,0.69
4551,2021-06-25,SAR,16517,7813,8704,3900,12559,58,ITG,ITG2,20,Sardegna,Sardegna,1639591,1631452,99.5,1.01
4552,2021-01-10,SAR,2220,762,1458,2219,0,1,ITG,ITG2,20,Sardegna,Sardegna,1639591,1633672,99.64,0.14
4553,2021-05-11,SAR,9112,4247,4865,6453,2521,138,ITG,ITG2,20,Sardegna,Sardegna,1639591,1642784,100.19,0.56
4554,2021-01-31,SAR,2153,765,1388,45,2108,0,ITG,ITG2,20,Sardegna,Sardegna,1639591,1644937,100.33,0.13
4555,2021-02-14,SAR,542,263,279,540,2,0,ITG,ITG2,20,Sardegna,Sardegna,1639591,1645479,100.36,0.03
4556,2021-07-18,SAR,5693,2874,2819,982,4701,10,ITG,ITG2,20,Sardegna,Sardegna,1639591,1651172,100.71,0.35
4557,2021-08-18,SAR,10695,5535,5160,5708,4857,130,ITG,ITG2,20,Sardegna,Sardegna,1639591,1661867,101.36,0.65
4558,2021-04-05,SAR,2092,798,1294,2047,1,44,ITG,ITG2,20,Sardegna,Sardegna,1639591,1663959,101.49,0.13
4559,2021-09-06,SAR,9286,4875,4411,2548,6624,114,ITG,ITG2,20,Sardegna,Sardegna,1639591,1673245,102.05,0.57
4560,2021-06-29,SAR,17893,8605,9288,3752,14092,49,ITG,ITG2,20,Sardegna,Sardegna,1639591,1691138,103.14,1.09
4561,2021-09-02,SAR,10322,5547,4775,3968,6243,111,ITG,ITG2,20,Sardegna,Sardegna,1639591,1701460,103.77,0.63
4562,2021-07-21,SAR,19392,9500,9892,3907,15401,84,ITG,ITG2,20,Sardegna,Sardegna,1639591,1720852,104.96,1.18
4563,2021-02-10,SAR,1976,775,1201,1444,526,6,ITG,ITG2,20,Sardegna,Sardegna,1639591,1722828,105.08,0.12
4564,2021-09-09,SAR,11717,6262,5455,2228,9350,139,ITG,ITG2,20,Sardegna,Sardegna,1639591,1734545,105.79,0.71
4565,2021-07-02,SAR,18944,8892,10052,4405,14441,98,ITG,ITG2,20,Sardegna,Sardegna,1639591,1753489,106.95,1.16
4566,2021-04-27,SAR,7756,3590,4166,5573,2072,111,ITG,ITG2,20,Sardegna,Sardegna,1639591,1761245,107.42,0.47
4567,2021-01-17,SAR,867,278,589,866,1,0,ITG,ITG2,20,Sardegna,Sardegna,1639591,1762112,107.47,0.05
4568,2021-03-15,SAR,2828,1328,1500,2409,377,42,ITG,ITG2,20,Sardegna,Sardegna,1639591,1764940,107.65,0.17
4569,2021-07-04,SAR,8207,3988,4219,2067,6125,15,ITG,ITG2,20,Sardegna,Sardegna,1639591,1773147,108.15,0.5
4570,2021-03-26,SAR,8635,3550,5085,6963,1532,140,ITG,ITG2,20,Sardegna,Sardegna,1639591,1781782,108.67,0.53
4571,2021-08-30,SAR,8756,4672,4084,4839,3760,157,ITG,ITG2,20,Sardegna,Sardegna,1639591,1790538,109.21,0.53
4572,2021-05-22,SAR,25068,12011,13057,19587,5177,304,ITG,ITG2,20,Sardegna,Sardegna,1639591,1815606,110.74,1.53
4573,2021-01-19,SAR,751,271,480,695,55,1,ITG,ITG2,20,Sardegna,Sardegna,1639591,1816357,110.78,0.05
4574,2021-03-17,SAR,6627,2870,3757,4956,1633,38,ITG,ITG2,20,Sardegna,Sardegna,1639591,1822984,111.19,0.4
4575,2021-06-27,SAR,9019,4310,4709,2956,6035,28,ITG,ITG2,20,Sardegna,Sardegna,1639591,1832003,111.74,0.55
4576,2021-06-22,SAR,19342,8991,10351,7164,12077,101,ITG,ITG2,20,Sardegna,Sardegna,1639591,1851345,112.92,1.18
4577,2021-07-09,SAR,15884,7601,8283,3432,12369,83,ITG,ITG2,20,Sardegna,Sardegna,1639591,1867229,113.88,0.97
4578,2021-03-31,SAR,10635,4234,6401,8065,2438,132,ITG,ITG2,20,Sardegna,Sardegna,1639591,1877864,114.53,0.65
4579,2021-08-25,SAR,10063,5291,4772,4241,5711,111,ITG,ITG2,20,Sardegna,Sardegna,1639591,1887927,115.15,0.61
4580,2021-09-11,SAR,6501,3467,3034,1212,5255,34,ITG,ITG2,20,Sardegna,Sardegna,1639591,1894428,115.54,0.4
4581,2021-06-03,SAR,16398,7645,8753,10564,5693,141,ITG,ITG2,20,Sardegna,Sardegna,1639591,1910826,116.54,1.0
4582,2021-06-20,SAR,6295,2807,3488,3635,2628,32,ITG,ITG2,20,Sardegna,Sardegna,1639591,1917121,116.93,0.38
4583,2021-03-12,SAR,6023,2635,3388,4553,1317,153,ITG,ITG2,20,Sardegna,Sardegna,1639591,1923144,117.29,0.37
4584,2021-03-24,SAR,7505,3134,4371,5994,1360,151,ITG,ITG2,20,Sardegna,Sardegna,1639591,1930649,117.75,0.46
4585,2021-04-12,SAR,7058,3202,3856,5256,1728,74,ITG,ITG2,20,Sardegna,Sardegna,1639591,1937707,118.18,0.43
4586,2021-01-02,SAR,61,22,39,61,0,0,ITG,ITG2,20,Sardegna,Sardegna,1639591,1937768,118.19,0.0
4587,2021-06-08,SAR,14838,7072,7766,11169,3512,157,ITG,ITG2,20,Sardegna,Sardegna,1639591,1952606,119.09,0.9
4588,2021-02-28,SAR,368,169,199,139,227,2,ITG,ITG2,20,Sardegna,Sardegna,1639591,1952974,119.11,0.02
4589,2021-08-04,SAR,16218,8528,7690,9601,6352,265,ITG,ITG2,20,Sardegna,Sardegna,1639591,1969192,120.1,0.99
4590,2021-04-26,SAR,6947,3297,3650,5921,927,99,ITG,ITG2,20,Sardegna,Sardegna,1639591,1976139,120.53,0.42
4591,2021-06-01,SAR,14328,6659,7669,9637,4595,96,ITG,ITG2,20,Sardegna,Sardegna,1639591,1990467,121.4,0.87
4592,2021-02-21,SAR,1589,709,880,1558,30,1,ITG,ITG2,20,Sardegna,Sardegna,1639591,1992056,121.5,0.1
4593,2021-07-28,SAR,16793,8620,8173,6319,10326,148,ITG,ITG2,20,Sardegna,Sardegna,1639591,2008849,122.52,1.02
4594,2021-04-19,SAR,10256,4645,5611,8662,1449,145,ITG,ITG2,20,Sardegna,Sardegna,1639591,2019105,123.15,0.63
4595,2021-01-09,SAR,4087,1443,2644,4087,0,0,ITG,ITG2,20,Sardegna,Sardegna,1639591,2023192,123.4,0.25
4596,2021-06-15,SAR,14690,6808,7882,9812,4742,136,ITG,ITG2,20,Sardegna,Sardegna,1639591,2037882,124.29,0.9
4597,2021-03-07,SAR,1663,752,911,1114,545,4,ITG,ITG2,20,Sardegna,Sardegna,1639591,2039545,124.39,0.1
4598,2021-06-16,SAR,17635,8276,9359,12164,5310,161,ITG,ITG2,20,Sardegna,Sardegna,1639591,2057180,125.47,1.08
4599,2021-01-01,SAR,33,17,16,33,0,0,ITG,ITG2,20,Sardegna,Sardegna,1639591,2057213,125.47,0.0
4600,2021-02-27,SAR,1930,646,1284,1326,561,43,ITG,ITG2,20,Sardegna,Sardegna,1639591,2059143,125.59,0.12
4601,2021-07-22,SAR,18336,9268,9068,4507,13720,109,ITG,ITG2,20,Sardegna,Sardegna,1639591,2077479,126.71,1.12
4602,2021-04-13,SAR,7706,3624,4082,5786,1854,66,ITG,ITG2,20,Sardegna,Sardegna,1639591,2085185,127.18,0.47
4603,2021-06-09,SAR,15473,7368,8105,11575,3747,151,ITG,ITG2,20,Sardegna,Sardegna,1639591,2100658,128.12,0.94
4604,2021-08-21,SAR,5622,3055,2567,3638,1894,90,ITG,ITG2,20,Sardegna,Sardegna,1639591,2106280,128.46,0.34
4605,2021-03-08,SAR,4734,2464,2270,3455,1226,53,ITG,ITG2,20,Sardegna,Sardegna,1639591,2111014,128.75,0.29
4606,2021-05-04,SAR,9682,4428,5254,7623,1904,155,ITG,ITG2,20,Sardegna,Sardegna,1639591,2120696,129.34,0.59
4607,2021-01-24,SAR,91,35,56,5,86,0,ITG,ITG2,20,Sardegna,Sardegna,1639591,2120787,129.35,0.01
4608,2021-06-18,SAR,16490,7509,8981,8603,7771,116,ITG,ITG2,20,Sardegna,Sardegna,1639591,2137277,130.35,1.01
4609,2021-03-10,SAR,6079,2964,3115,5147,855,77,ITG,ITG2,20,Sardegna,Sardegna,1639591,2143356,130.73,0.37
4610,2021-08-14,SAR,1794,1025,769,990,794,10,ITG,ITG2,20,Sardegna,Sardegna,1639591,2145150,130.83,0.11
4611,2021-05-06,SAR,13176,6066,7110,9735,3193,248,ITG,ITG2,20,Sardegna,Sardegna,1639591,2158326,131.64,0.8
4612,2021-03-01,SAR,2296,1167,1129,1598,667,31,ITG,ITG2,20,Sardegna,Sardegna,1639591,2160622,131.78,0.14
4613,2021-05-13,SAR,12453,5875,6578,8770,3469,214,ITG,ITG2,20,Sardegna,Sardegna,1639591,2173075,132.54,0.76
4614,2021-02-02,SAR,1534,681,853,258,1276,0,ITG,ITG2,20,Sardegna,Sardegna,1639591,2174609,132.63,0.09
4615,2021-08-23,SAR,10522,5566,4956,5635,4711,176,ITG,ITG2,20,Sardegna,Sardegna,1639591,2185131,133.27,0.64
4616,2021-05-15,SAR,13879,6443,7436,10244,3444,191,ITG,ITG2,20,Sardegna,Sardegna,1639591,2199010,134.12,0.85
4617,2021-07-11,SAR,6380,3119,3261,1424,4920,36,ITG,ITG2,20,Sardegna,Sardegna,1639591,2205390,134.51,0.39
4618,2021-01-26,SAR,1381,474,907,27,1354,0,ITG,ITG2,20,Sardegna,Sardegna,1639591,2206771,134.59,0.08
4619,2021-08-16,SAR,8462,4412,4050,4551,3795,116,ITG,ITG2,20,Sardegna,Sardegna,1639591,2215233,135.11,0.52
4620,2021-05-08,SAR,13214,6001,7213,10758,2289,167,ITG,ITG2,20,Sardegna,Sardegna,1639591,2228447,135.91,0.81
4621,2021-03-22,PAB,1159,527,632,1124,17,18,ITH,ITH1,4,Provincia Autonoma Bolzano / Bozen,P.A. Bolzano,533050,1159,0.22,0.22
4622,2021-08-23,PAB,2128,1202,926,799,1326,3,ITH,ITH1,4,Provincia Autonoma Bolzano / Bozen,P.A. Bolzano,533050,3287,0.62,0.4
4623,2021-05-20,PAB,4975,2502,2473,3346,1480,149,ITH,ITH1,4,Provincia Autonoma Bolzano / Bozen,P.A. Bolzano,533050,8262,1.55,0.93
4624,2021-08-11,PAB,1203,604,599,714,487,2,ITH,ITH1,4,Provincia Autonoma Bolzano / Bozen,P.A. Bolzano,533050,9465,1.78,0.23
4625,2021-08-28,PAB,3269,1838,1431,1026,2213,30,ITH,ITH1,4,Provincia Autonoma Bolzano / Bozen,P.A. Bolzano,533050,12734,2.39,0.61
4626,2021-09-11,PAB,493,259,234,163,330,0,ITH,ITH1,4,Provincia Autonoma Bolzano / Bozen,P.A. Bolzano,533050,13227,2.48,0.09
4627,2021-07-09,PAB,5227,2612,2615,917,4168,142,ITH,ITH1,4,Provincia Autonoma Bolzano / Bozen,P.A. Bolzano,533050,18454,3.46,0.98
4628,2021-02-12,PAB,730,217,513,482,248,0,ITH,ITH1,4,Provincia Autonoma Bolzano / Bozen,P.A. Bolzano,533050,19184,3.6,0.14
4629,2021-04-10,PAB,5416,2673,2743,4825,590,1,ITH,ITH1,4,Provincia Autonoma Bolzano / Bozen,P.A. Bolzano,533050,24600,4.61,1.02
4630,2020-12-31,PAB,929,528,401,929,0,0,ITH,ITH1,4,Provincia Autonoma Bolzano / Bozen,P.A. Bolzano,533050,25529,4.79,0.17
4631,2021-04-19,PAB,1876,860,1016,1694,182,0,ITH,ITH1,4,Provincia Autonoma Bolzano / Bozen,P.A. Bolzano,533050,27405,5.14,0.35
4632,2021-06-15,PAB,2045,1184,861,481,1534,30,ITH,ITH1,4,Provincia Autonoma Bolzano / Bozen,P.A. Bolzano,533050,29450,5.52,0.38
4633,2021-07-28,PAB,1438,784,654,879,496,63,ITH,ITH1,4,Provincia Autonoma Bolzano / Bozen,P.A. Bolzano,533050,30888,5.79,0.27
4634,2021-06-20,PAB,5250,2854,2396,620,4604,26,ITH,ITH1,4,Provincia Autonoma Bolzano / Bozen,P.A. Bolzano,533050,36138,6.78,0.98
4635,2021-02-07,PAB,2680,1186,1494,330,2350,0,ITH,ITH1,4,Provincia Autonoma Bolzano / Bozen,P.A. Bolzano,533050,38818,7.28,0.5
4636,2021-05-18,PAB,3364,1765,1599,2091,1191,82,ITH,ITH1,4,Provincia Autonoma Bolzano / Bozen,P.A. Bolzano,533050,42182,7.91,0.63
4637,2021-07-16,PAB,4513,2449,2064,1072,3319,122,ITH,ITH1,4,Provincia Autonoma Bolzano / Bozen,P.A. Bolzano,533050,46695,8.76,0.85
4638,2021-04-24,PAB,5119,2458,2661,4628,488,3,ITH,ITH1,4,Provincia Autonoma Bolzano / Bozen,P.A. Bolzano,533050,51814,9.72,0.96
4639,2021-08-02,PAB,2133,1278,855,1167,875,91,ITH,ITH1,4,Provincia Autonoma Bolzano / Bozen,P.A. Bolzano,533050,53947,10.12,0.4
4640,2021-07-14,PAB,873,453,420,482,361,30,ITH,ITH1,4,Provincia Autonoma Bolzano / Bozen,P.A. Bolzano,533050,54820,10.28,0.16
4641,2021-04-05,PAB,304,147,157,24,280,0,ITH,ITH1,4,Provincia Autonoma Bolzano / Bozen,P.A. Bolzano,533050,55124,10.34,0.06
4642,2021-06-27,PAB,4429,2315,2114,590,3810,29,ITH,ITH1,4,Provincia Autonoma Bolzano / Bozen,P.A. Bolzano,533050,59553,11.17,0.83
4643,2021-01-12,PAB,1712,461,1251,1712,0,0,ITH,ITH1,4,Provincia Autonoma Bolzano / Bozen,P.A. Bolzano,533050,61265,11.49,0.32
4644,2021-01-26,PAB,810,291,519,1,809,0,ITH,ITH1,4,Provincia Autonoma Bolzano / Bozen,P.A. Bolzano,533050,62075,11.65,0.15
4645,2021-07-02,PAB,3202,1658,1544,855,2171,176,ITH,ITH1,4,Provincia Autonoma Bolzano / Bozen,P.A. Bolzano,533050,65277,12.25,0.6
4646,2021-03-24,PAB,2068,1003,1065,2049,13,6,ITH,ITH1,4,Provincia Autonoma Bolzano / Bozen,P.A. Bolzano,533050,67345,12.63,0.39
4647,2021-03-10,PAB,1277,537,740,1133,144,0,ITH,ITH1,4,Provincia Autonoma Bolzano / Bozen,P.A. Bolzano,533050,68622,12.87,0.24
4648,2021-06-06,PAB,4553,2189,2364,812,3693,48,ITH,ITH1,4,Provincia Autonoma Bolzano / Bozen,P.A. Bolzano,533050,73175,13.73,0.85
4649,2021-02-26,PAB,1528,551,977,1498,30,0,ITH,ITH1,4,Provincia Autonoma Bolzano / Bozen,P.A. Bolzano,533050,74703,14.01,0.29
4650,2021-09-09,PAB,1624,814,810,695,929,0,ITH,ITH1,4,Provincia Autonoma Bolzano / Bozen,P.A. Bolzano,533050,76327,14.32,0.3
4651,2021-06-01,PAB,3677,2385,1292,2062,1479,136,ITH,ITH1,4,Provincia Autonoma Bolzano / Bozen,P.A. Bolzano,533050,80004,15.01,0.69
4652,2021-09-04,PAB,1359,715,644,578,748,33,ITH,ITH1,4,Provincia Autonoma Bolzano / Bozen,P.A. Bolzano,533050,81363,15.26,0.25
4653,2021-03-05,PAB,1843,627,1216,1397,443,3,ITH,ITH1,4,Provincia Autonoma Bolzano / Bozen,P.A. Bolzano,533050,83206,15.61,0.35
4654,2021-05-27,PAB,6211,3276,2935,3914,2014,283,ITH,ITH1,4,Provincia Autonoma Bolzano / Bozen,P.A. Bolzano,533050,89417,16.77,1.17
4655,2021-06-13,PAB,3689,2055,1634,453,3197,39,ITH,ITH1,4,Provincia Autonoma Bolzano / Bozen,P.A. Bolzano,533050,93106,17.47,0.69
4656,2021-05-25,PAB,3898,2024,1874,2910,888,100,ITH,ITH1,4,Provincia Autonoma Bolzano / Bozen,P.A. Bolzano,533050,97004,18.2,0.73
4657,2021-02-14,PAB,299,131,168,297,2,0,ITH,ITH1,4,Provincia Autonoma Bolzano / Bozen,P.A. Bolzano,533050,97303,18.25,0.06
4658,2021-08-16,PAB,1963,1114,849,875,1084,4,ITH,ITH1,4,Provincia Autonoma Bolzano / Bozen,P.A. Bolzano,533050,99266,18.62,0.37
4659,2021-05-08,PAB,4430,2383,2047,3574,664,192,ITH,ITH1,4,Provincia Autonoma Bolzano / Bozen,P.A. Bolzano,533050,103696,19.45,0.83
4660,2021-03-03,PAB,1181,395,786,1168,13,0,ITH,ITH1,4,Provincia Autonoma Bolzano / Bozen,P.A. Bolzano,533050,104877,19.67,0.22
4661,2021-01-24,PAB,12,10,2,0,12,0,ITH,ITH1,4,Provincia Autonoma Bolzano / Bozen,P.A. Bolzano,533050,104889,19.68,0.0
4662,2021-07-04,PAB,4422,2132,2290,160,4234,28,ITH,ITH1,4,Provincia Autonoma Bolzano / Bozen,P.A. Bolzano,533050,109311,20.51,0.83
4663,2021-08-30,PAB,2141,1126,1015,824,1293,24,ITH,ITH1,4,Provincia Autonoma Bolzano / Bozen,P.A. Bolzano,533050,111452,20.91,0.4
4664,2021-03-31,PAB,1836,696,1140,822,1014,0,ITH,ITH1,4,Provincia Autonoma Bolzano / Bozen,P.A. Bolzano,533050,113288,21.25,0.34
4665,2021-07-23,PAB,4358,2376,1982,1706,2391,261,ITH,ITH1,4,Provincia Autonoma Bolzano / Bozen,P.A. Bolzano,533050,117646,22.07,0.82
4666,2021-01-05,PAB,830,286,544,829,0,1,ITH,ITH1,4,Provincia Autonoma Bolzano / Bozen,P.A. Bolzano,533050,118476,22.23,0.16
4667,2021-01-23,PAB,197,117,80,0,197,0,ITH,ITH1,4,Provincia Autonoma Bolzano / Bozen,P.A. Bolzano,533050,118673,22.26,0.04
4668,2021-04-17,PAB,5255,2609,2646,5210,44,1,ITH,ITH1,4,Provincia Autonoma Bolzano / Bozen,P.A. Bolzano,533050,123928,23.25,0.99
4669,2021-01-07,PAB,921,329,592,921,0,0,ITH,ITH1,4,Provincia Autonoma Bolzano / Bozen,P.A. Bolzano,533050,124849,23.42,0.17
4670,2021-07-21,PAB,3220,1882,1338,536,2644,40,ITH,ITH1,4,Provincia Autonoma Bolzano / Bozen,P.A. Bolzano,533050,128069,24.03,0.6
4671,2021-04-12,PAB,2110,948,1162,2104,6,0,ITH,ITH1,4,Provincia Autonoma Bolzano / Bozen,P.A. Bolzano,533050,130179,24.42,0.4
4672,2021-06-29,PAB,1883,1016,867,247,1616,20,ITH,ITH1,4,Provincia Autonoma Bolzano / Bozen,P.A. Bolzano,533050,132062,24.77,0.35
4673,2021-08-09,PAB,1541,861,680,1121,413,7,ITH,ITH1,4,Provincia Autonoma Bolzano / Bozen,P.A. Bolzano,533050,133603,25.06,0.29
4674,2021-05-01,PAB,2105,1067,1038,1815,160,130,ITH,ITH1,4,Provincia Autonoma Bolzano / Bozen,P.A. Bolzano,533050,135708,25.46,0.39
4675,2021-03-12,PAB,1668,736,932,1252,413,3,ITH,ITH1,4,Provincia Autonoma Bolzano / Bozen,P.A. Bolzano,533050,137376,25.77,0.31
4676,2021-03-29,PAB,1173,500,673,411,761,1,ITH,ITH1,4,Provincia Autonoma Bolzano / Bozen,P.A. Bolzano,533050,138549,25.99,0.22
4677,2021-05-06,PAB,5191,2752,2439,2375,2571,245,ITH,ITH1,4,Provincia Autonoma Bolzano / Bozen,P.A. Bolzano,533050,143740,26.97,0.97
4678,2021-03-17,PAB,581,213,368,580,1,0,ITH,ITH1,4,Provincia Autonoma Bolzano / Bozen,P.A. Bolzano,533050,144321,27.07,0.11
4679,2021-08-21,PAB,1703,917,786,625,1074,4,ITH,ITH1,4,Provincia Autonoma Bolzano / Bozen,P.A. Bolzano,533050,146024,27.39,0.32
4680,2021-05-13,PAB,3005,1360,1645,1023,1934,48,ITH,ITH1,4,Provincia Autonoma Bolzano / Bozen,P.A. Bolzano,533050,149029,27.96,0.56
4681,2021-04-29,PAB,2643,1358,1285,1943,699,1,ITH,ITH1,4,Provincia Autonoma Bolzano / Bozen,P.A. Bolzano,533050,151672,28.45,0.5
4682,2021-02-19,PAB,2252,512,1740,2241,11,0,ITH,ITH1,4,Provincia Autonoma Bolzano / Bozen,P.A. Bolzano,533050,153924,28.88,0.42
4683,2021-08-04,PAB,3811,2017,1794,2719,978,114,ITH,ITH1,4,Provincia Autonoma Bolzano / Bozen,P.A. Bolzano,533050,157735,29.59,0.71
4684,2021-06-08,PAB,4267,2185,2082,893,3346,28,ITH,ITH1,4,Provincia Autonoma Bolzano / Bozen,P.A. Bolzano,533050,162002,30.39,0.8
4685,2021-08-20,PAB,3928,2071,1857,946,2972,10,ITH,ITH1,4,Provincia Autonoma Bolzano / Bozen,P.A. Bolzano,533050,165930,31.13,0.74
4686,2021-08-25,PAB,2733,1453,1280,779,1914,40,ITH,ITH1,4,Provincia Autonoma Bolzano / Bozen,P.A. Bolzano,533050,168663,31.64,0.51
4687,2021-05-03,PAB,1838,851,987,398,1419,21,ITH,ITH1,4,Provincia Autonoma Bolzano / Bozen,P.A. Bolzano,533050,170501,31.99,0.34
4688,2021-02-23,PAB,769,324,445,763,6,0,ITH,ITH1,4,Provincia Autonoma Bolzano / Bozen,P.A. Bolzano,533050,171270,32.13,0.14
4689,2021-05-17,PAB,3154,1525,1629,2288,697,169,ITH,ITH1,4,Provincia Autonoma Bolzano / Bozen,P.A. Bolzano,533050,174424,32.72,0.59
4690,2021-06-03,PAB,4890,2663,2227,3691,972,227,ITH,ITH1,4,Provincia Autonoma Bolzano / Bozen,P.A. Bolzano,533050,179314,33.64,0.92
4691,2021-03-07,PAB,440,150,290,19,420,1,ITH,ITH1,4,Provincia Autonoma Bolzano / Bozen,P.A. Bolzano,533050,179754,33.72,0.08
4692,2021-07-30,PAB,5303,2844,2459,3405,1543,355,ITH,ITH1,4,Provincia Autonoma Bolzano / Bozen,P.A. Bolzano,533050,185057,34.72,0.99
4693,2021-04-21,PAB,3017,1470,1547,2168,848,1,ITH,ITH1,4,Provincia Autonoma Bolzano / Bozen,P.A. Bolzano,533050,188074,35.28,0.57
4694,2021-06-24,PAB,3946,2042,1904,1570,2204,172,ITH,ITH1,4,Provincia Autonoma Bolzano / Bozen,P.A. Bolzano,533050,192020,36.02,0.74
4695,2021-01-09,PAB,612,326,286,612,0,0,ITH,ITH1,4,Provincia Autonoma Bolzano / Bozen,P.A. Bolzano,533050,192632,36.14,0.11
4696,2021-03-21,PAB,769,286,483,15,754,0,ITH,ITH1,4,Provincia Autonoma Bolzano / Bozen,P.A. Bolzano,533050,193401,36.28,0.14
4697,2021-06-12,PAB,5079,2754,2325,1674,3289,116,ITH,ITH1,4,Provincia Autonoma Bolzano / Bozen,P.A. Bolzano,533050,198480,37.23,0.95
4698,2021-01-14,PAB,1953,578,1375,1953,0,0,ITH,ITH1,4,Provincia Autonoma Bolzano / Bozen,P.A. Bolzano,533050,200433,37.6,0.37
4699,2021-04-07,PAB,1803,825,978,1262,541,0,ITH,ITH1,4,Provincia Autonoma Bolzano / Bozen,P.A. Bolzano,533050,202236,37.94,0.34
4700,2021-03-02,PAB,696,200,496,694,2,0,ITH,ITH1,4,Provincia Autonoma Bolzano / Bozen,P.A. Bolzano,533050,202932,38.07,0.13
4701,2021-03-19,PAB,1921,777,1144,800,1120,1,ITH,ITH1,4,Provincia Autonoma Bolzano / Bozen,P.A. Bolzano,533050,204853,38.43,0.36
4702,2021-05-15,PAB,7021,3697,3324,6339,294,388,ITH,ITH1,4,Provincia Autonoma Bolzano / Bozen,P.A. Bolzano,533050,211874,39.75,1.32
4703,2021-02-04,PAB,1968,598,1370,8,1960,0,ITH,ITH1,4,Provincia Autonoma Bolzano / Bozen,P.A. Bolzano,533050,213842,40.12,0.37
4704,2021-07-11,PAB,6075,3094,2981,1087,4879,109,ITH,ITH1,4,Provincia Autonoma Bolzano / Bozen,P.A. Bolzano,533050,219917,41.26,1.14
4705,2021-04-02,PAB,2090,841,1249,701,1357,32,ITH,ITH1,4,Provincia Autonoma Bolzano / Bozen,P.A. Bolzano,533050,222007,41.65,0.39
4706,2021-09-06,PAB,1128,582,546,575,534,19,ITH,ITH1,4,Provincia Autonoma Bolzano / Bozen,P.A. Bolzano,533050,223135,41.86,0.21
4707,2021-05-29,PAB,7341,3908,3433,4045,3144,152,ITH,ITH1,4,Provincia Autonoma Bolzano / Bozen,P.A. Bolzano,533050,230476,43.24,1.38
4708,2021-01-19,PAB,853,371,482,723,130,0,ITH,ITH1,4,Provincia Autonoma Bolzano / Bozen,P.A. Bolzano,533050,231329,43.4,0.16
4709,2021-06-25,PAB,4179,2308,1871,1025,3014,140,ITH,ITH1,4,Provincia Autonoma Bolzano / Bozen,P.A. Bolzano,533050,235508,44.18,0.78
4710,2021-02-09,PAB,317,126,191,1,316,0,ITH,ITH1,4,Provincia Autonoma Bolzano / Bozen,P.A. Bolzano,533050,235825,44.24,0.06
4711,2021-09-08,PAB,459,243,216,237,222,0,ITH,ITH1,4,Provincia Autonoma Bolzano / Bozen,P.A. Bolzano,533050,236284,44.33,0.09
4712,2021-07-13,PAB,3384,1732,1652,1320,1930,134,ITH,ITH1,4,Provincia Autonoma Bolzano / Bozen,P.A. Bolzano,533050,239668,44.96,0.63
4713,2021-02-02,PAB,1752,509,1243,8,1744,0,ITH,ITH1,4,Provincia Autonoma Bolzano / Bozen,P.A. Bolzano,533050,241420,45.29,0.33
4714,2021-07-20,PAB,3134,1730,1404,1402,1524,208,ITH,ITH1,4,Provincia Autonoma Bolzano / Bozen,P.A. Bolzano,533050,244554,45.88,0.59
4715,2021-09-01,PAB,1058,503,555,596,450,12,ITH,ITH1,4,Provincia Autonoma Bolzano / Bozen,P.A. Bolzano,533050,245612,46.08,0.2
4716,2021-05-10,PAB,3029,1306,1723,1338,1611,80,ITH,ITH1,4,Provincia Autonoma Bolzano / Bozen,P.A. Bolzano,533050,248641,46.64,0.57
4717,2021-08-01,PAB,1318,759,559,709,551,58,ITH,ITH1,4,Provincia Autonoma Bolzano / Bozen,P.A. Bolzano,533050,249959,46.89,0.25
4718,2021-08-18,PAB,881,461,420,380,498,3,ITH,ITH1,4,Provincia Autonoma Bolzano / Bozen,P.A. Bolzano,533050,250840,47.06,0.17
4719,2021-02-16,PAB,530,205,325,530,0,0,ITH,ITH1,4,Provincia Autonoma Bolzano / Bozen,P.A. Bolzano,533050,251370,47.16,0.1
4720,2021-01-28,PAB,872,309,563,9,863,0,ITH,ITH1,4,Provincia Autonoma Bolzano / Bozen,P.A. Bolzano,533050,252242,47.32,0.16
4721,2021-04-25,PAB,3078,1501,1577,2405,672,1,ITH,ITH1,4,Provincia Autonoma Bolzano / Bozen,P.A. Bolzano,533050,255320,47.9,0.58
4722,2021-08-03,PAB,2948,1585,1363,1979,838,131,ITH,ITH1,4,Provincia Autonoma Bolzano / Bozen,P.A. Bolzano,533050,258268,48.45,0.55
4723,2021-07-06,PAB,1724,926,798,691,983,50,ITH,ITH1,4,Provincia Autonoma Bolzano / Bozen,P.A. Bolzano,533050,259992,48.77,0.32
4724,2021-06-22,PAB,2471,1423,1048,319,2126,26,ITH,ITH1,4,Provincia Autonoma Bolzano / Bozen,P.A. Bolzano,533050,262463,49.24,0.46
4725,2021-03-14,PAB,758,336,422,25,733,0,ITH,ITH1,4,Provincia Autonoma Bolzano / Bozen,P.A. Bolzano,533050,263221,49.38,0.14
4726,2021-04-14,PAB,3603,1650,1953,3507,95,1,ITH,ITH1,4,Provincia Autonoma Bolzano / Bozen,P.A. Bolzano,533050,266824,50.06,0.68
4727,2021-01-04,PAB,510,201,309,510,0,0,ITH,ITH1,4,Provincia Autonoma Bolzano / Bozen,P.A. Bolzano,533050,267334,50.15,0.1
4728,2021-08-08,PAB,1875,1024,851,1008,855,12,ITH,ITH1,4,Provincia Autonoma Bolzano / Bozen,P.A. Bolzano,533050,269209,50.5,0.35
4729,2021-01-21,PAB,969,452,517,140,829,0,ITH,ITH1,4,Provincia Autonoma Bolzano / Bozen,P.A. Bolzano,533050,270178,50.69,0.18
4730,2021-07-25,PAB,1892,1127,765,666,1146,80,ITH,ITH1,4,Provincia Autonoma Bolzano / Bozen,P.A. Bolzano,533050,272070,51.04,0.35
4731,2021-06-05,PAB,6087,3035,3052,4700,1097,290,ITH,ITH1,4,Provincia Autonoma Bolzano / Bozen,P.A. Bolzano,533050,278157,52.18,1.14
4732,2021-08-27,PAB,2733,1419,1314,925,1729,79,ITH,ITH1,4,Provincia Autonoma Bolzano / Bozen,P.A. Bolzano,533050,280890,52.69,0.51
4733,2021-01-13,PAB,1727,569,1158,1727,0,0,ITH,ITH1,4,Provincia Autonoma Bolzano / Bozen,P.A. Bolzano,533050,282617,53.02,0.32
4734,2021-01-30,PAB,498,245,253,4,494,0,ITH,ITH1,4,Provincia Autonoma Bolzano / Bozen,P.A. Bolzano,533050,283115,53.11,0.09
4735,2021-04-23,PAB,4554,2157,2397,3258,1293,3,ITH,ITH1,4,Provincia Autonoma Bolzano / Bozen,P.A. Bolzano,533050,287669,53.97,0.85
4736,2021-01-11,PAB,1594,522,1072,1594,0,0,ITH,ITH1,4,Provincia Autonoma Bolzano / Bozen,P.A. Bolzano,533050,289263,54.27,0.3
4737,2021-07-01,PAB,4640,2305,2335,1311,3167,162,ITH,ITH1,4,Provincia Autonoma Bolzano / Bozen,P.A. Bolzano,533050,293903,55.14,0.87
4738,2021-05-31,PAB,3068,1514,1554,2087,868,113,ITH,ITH1,4,Provincia Autonoma Bolzano / Bozen,P.A. Bolzano,533050,296971,55.71,0.58
4739,2021-01-01,PAB,6,5,1,6,0,0,ITH,ITH1,4,Provincia Autonoma Bolzano / Bozen,P.A. Bolzano,533050,296977,55.71,0.0
4740,2021-06-07,PAB,2987,1554,1433,2523,324,140,ITH,ITH1,4,Provincia Autonoma Bolzano / Bozen,P.A. Bolzano,533050,299964,56.27,0.56
4741,2021-02-27,PAB,2458,759,1699,2448,10,0,ITH,ITH1,4,Provincia Autonoma Bolzano / Bozen,P.A. Bolzano,533050,302422,56.73,0.46
4742,2021-04-30,PAB,3348,1599,1749,1567,1778,3,ITH,ITH1,4,Provincia Autonoma Bolzano / Bozen,P.A. Bolzano,533050,305770,57.36,0.63
4743,2021-01-20,PAB,619,254,365,410,209,0,ITH,ITH1,4,Provincia Autonoma Bolzano / Bozen,P.A. Bolzano,533050,306389,57.48,0.12
4744,2021-07-22,PAB,3736,1941,1795,1735,1789,212,ITH,ITH1,4,Provincia Autonoma Bolzano / Bozen,P.A. Bolzano,533050,310125,58.18,0.7
4745,2021-01-06,PAB,59,18,41,59,0,0,ITH,ITH1,4,Provincia Autonoma Bolzano / Bozen,P.A. Bolzano,533050,310184,58.19,0.01
4746,2021-03-30,PAB,1302,532,770,220,1082,0,ITH,ITH1,4,Provincia Autonoma Bolzano / Bozen,P.A. Bolzano,533050,311486,58.43,0.24
4747,2021-04-16,PAB,2958,1424,1534,2445,512,1,ITH,ITH1,4,Provincia Autonoma Bolzano / Bozen,P.A. Bolzano,533050,314444,58.99,0.55
4748,2021-02-06,PAB,2633,1176,1457,19,2614,0,ITH,ITH1,4,Provincia Autonoma Bolzano / Bozen,P.A. Bolzano,533050,317077,59.48,0.49
4749,2021-06-21,PAB,3168,1615,1553,260,2868,40,ITH,ITH1,4,Provincia Autonoma Bolzano / Bozen,P.A. Bolzano,533050,320245,60.08,0.59
4750,2021-07-15,PAB,4397,2320,2077,1512,2703,182,ITH,ITH1,4,Provincia Autonoma Bolzano / Bozen,P.A. Bolzano,533050,324642,60.9,0.82
4751,2021-04-06,PAB,2254,1120,1134,2151,102,1,ITH,ITH1,4,Provincia Autonoma Bolzano / Bozen,P.A. Bolzano,533050,326896,61.33,0.42
4752,2021-07-17,PAB,3147,1801,1346,706,2352,89,ITH,ITH1,4,Provincia Autonoma Bolzano / Bozen,P.A. Bolzano,533050,330043,61.92,0.59
4753,2021-04-08,PAB,2797,1361,1436,2588,204,5,ITH,ITH1,4,Provincia Autonoma Bolzano / Bozen,P.A. Bolzano,533050,332840,62.44,0.52
4754,2020-12-27,PAB,144,65,79,144,0,0,ITH,ITH1,4,Provincia Autonoma Bolzano / Bozen,P.A. Bolzano,533050,332984,62.47,0.03
4755,2021-06-30,PAB,3064,1565,1499,399,2608,57,ITH,ITH1,4,Provincia Autonoma Bolzano / Bozen,P.A. Bolzano,533050,336048,63.04,0.57
4756,2021-06-11,PAB,5841,3006,2835,2140,3486,215,ITH,ITH1,4,Provincia Autonoma Bolzano / Bozen,P.A. Bolzano,533050,341889,64.14,1.1
4757,2021-09-02,PAB,1207,626,581,714,467,26,ITH,ITH1,4,Provincia Autonoma Bolzano / Bozen,P.A. Bolzano,533050,343096,64.36,0.23
4758,2021-03-20,PAB,1760,851,909,1130,625,5,ITH,ITH1,4,Provincia Autonoma Bolzano / Bozen,P.A. Bolzano,533050,344856,64.69,0.33
4759,2021-06-17,PAB,1773,982,791,623,1078,72,ITH,ITH1,4,Provincia Autonoma Bolzano / Bozen,P.A. Bolzano,533050,346629,65.03,0.33
4760,2021-01-02,PAB,91,48,43,91,0,0,ITH,ITH1,4,Provincia Autonoma Bolzano / Bozen,P.A. Bolzano,533050,346720,65.04,0.02
4761,2021-06-26,PAB,4548,2331,2217,1365,3077,106,ITH,ITH1,4,Provincia Autonoma Bolzano / Bozen,P.A. Bolzano,533050,351268,65.9,0.85
4762,2021-03-04,PAB,1723,1011,712,1490,229,4,ITH,ITH1,4,Provincia Autonoma Bolzano / Bozen,P.A. Bolzano,533050,352991,66.22,0.32
4763,2021-09-05,PAB,1082,573,509,644,423,15,ITH,ITH1,4,Provincia Autonoma Bolzano / Bozen,P.A. Bolzano,533050,354073,66.42,0.2
4764,2021-09-03,PAB,3228,1708,1520,1067,2112,49,ITH,ITH1,4,Provincia Autonoma Bolzano / Bozen,P.A. Bolzano,533050,357301,67.03,0.61
4765,2021-05-26,PAB,5019,2537,2482,2870,1978,171,ITH,ITH1,4,Provincia Autonoma Bolzano / Bozen,P.A. Bolzano,533050,362320,67.97,0.94
4766,2021-08-17,PAB,1250,690,560,855,391,4,ITH,ITH1,4,Provincia Autonoma Bolzano / Bozen,P.A. Bolzano,533050,363570,68.21,0.23
4767,2021-02-13,PAB,318,79,239,312,6,0,ITH,ITH1,4,Provincia Autonoma Bolzano / Bozen,P.A. Bolzano,533050,363888,68.27,0.06
4768,2021-04-11,PAB,2734,1301,1433,2555,178,1,ITH,ITH1,4,Provincia Autonoma Bolzano / Bozen,P.A. Bolzano,533050,366622,68.78,0.51
4769,2021-05-24,PAB,1459,769,690,1061,335,63,ITH,ITH1,4,Provincia Autonoma Bolzano / Bozen,P.A. Bolzano,533050,368081,69.05,0.27
4770,2021-07-08,PAB,5512,2783,2729,550,4887,75,ITH,ITH1,4,Provincia Autonoma Bolzano / Bozen,P.A. Bolzano,533050,373593,70.09,1.03
4771,2021-06-19,PAB,5666,3018,2648,555,5039,72,ITH,ITH1,4,Provincia Autonoma Bolzano / Bozen,P.A. Bolzano,533050,379259,71.15,1.06
4772,2021-03-11,PAB,1691,830,861,1144,538,9,ITH,ITH1,4,Provincia Autonoma Bolzano / Bozen,P.A. Bolzano,533050,380950,71.47,0.32
4773,2021-02-25,PAB,1498,549,949,1497,1,0,ITH,ITH1,4,Provincia Autonoma Bolzano / Bozen,P.A. Bolzano,533050,382448,71.75,0.28
4774,2021-06-02,PAB,1468,824,644,978,459,31,ITH,ITH1,4,Provincia Autonoma Bolzano / Bozen,P.A. Bolzano,533050,383916,72.02,0.28
4775,2021-02-08,PAB,2,1,1,1,1,0,ITH,ITH1,4,Provincia Autonoma Bolzano / Bozen,P.A. Bolzano,533050,383918,72.02,0.0
4776,2021-03-28,PAB,569,212,357,11,558,0,ITH,ITH1,4,Provincia Autonoma Bolzano / Bozen,P.A. Bolzano,533050,384487,72.13,0.11
4777,2021-08-10,PAB,1851,1016,835,1560,281,10,ITH,ITH1,4,Provincia Autonoma Bolzano / Bozen,P.A. Bolzano,533050,386338,72.48,0.35
4778,2021-06-28,PAB,4614,2308,2306,217,4373,24,ITH,ITH1,4,Provincia Autonoma Bolzano / Bozen,P.A. Bolzano,533050,390952,73.34,0.87
4779,2021-03-26,PAB,1663,737,926,525,1136,2,ITH,ITH1,4,Provincia Autonoma Bolzano / Bozen,P.A. Bolzano,533050,392615,73.65,0.31
4780,2021-04-09,PAB,2942,1303,1639,2211,730,1,ITH,ITH1,4,Provincia Autonoma Bolzano / Bozen,P.A. Bolzano,533050,395557,74.21,0.55
4781,2021-05-22,PAB,6844,3572,3272,4479,2169,196,ITH,ITH1,4,Provincia Autonoma Bolzano / Bozen,P.A. Bolzano,533050,402401,75.49,1.28
4782,2021-02-11,PAB,1096,433,663,239,857,0,ITH,ITH1,4,Provincia Autonoma Bolzano / Bozen,P.A. Bolzano,533050,403497,75.7,0.21
4783,2021-07-18,PAB,1870,1033,837,649,1150,71,ITH,ITH1,4,Provincia Autonoma Bolzano / Bozen,P.A. Bolzano,533050,405367,76.05,0.35
4784,2021-02-20,PAB,1802,540,1262,1784,18,0,ITH,ITH1,4,Provincia Autonoma Bolzano / Bozen,P.A. Bolzano,533050,407169,76.38,0.34
4785,2021-07-27,PAB,3157,1885,1272,908,2181,68,ITH,ITH1,4,Provincia Autonoma Bolzano / Bozen,P.A. Bolzano,533050,410326,76.98,0.59
4786,2021-04-18,PAB,3116,1611,1505,2104,1011,1,ITH,ITH1,4,Provincia Autonoma Bolzano / Bozen,P.A. Bolzano,533050,413442,77.56,0.58
4787,2021-01-15,PAB,3292,1234,2058,3292,0,0,ITH,ITH1,4,Provincia Autonoma Bolzano / Bozen,P.A. Bolzano,533050,416734,78.18,0.62
4788,2021-08-14,PAB,2060,1120,940,786,1271,3,ITH,ITH1,4,Provincia Autonoma Bolzano / Bozen,P.A. Bolzano,533050,418794,78.57,0.39
4789,2021-06-04,PAB,6721,3388,3333,4950,1537,234,ITH,ITH1,4,Provincia Autonoma Bolzano / Bozen,P.A. Bolzano,533050,425515,79.83,1.26
4790,2021-02-24,PAB,1368,407,961,1356,12,0,ITH,ITH1,4,Provincia Autonoma Bolzano / Bozen,P.A. Bolzano,533050,426883,80.08,0.26
4791,2021-03-27,PAB,3053,1554,1499,1544,1508,1,ITH,ITH1,4,Provincia Autonoma Bolzano / Bozen,P.A. Bolzano,533050,429936,80.66,0.57
4792,2021-03-13,PAB,2886,1460,1426,2785,101,0,ITH,ITH1,4,Provincia Autonoma Bolzano / Bozen,P.A. Bolzano,533050,432822,81.2,0.54
4793,2021-02-05,PAB,3204,1188,2016,8,3196,0,ITH,ITH1,4,Provincia Autonoma Bolzano / Bozen,P.A. Bolzano,533050,436026,81.8,0.6
4794,2021-04-15,PAB,4410,2314,2096,4141,266,3,ITH,ITH1,4,Provincia Autonoma Bolzano / Bozen,P.A. Bolzano,533050,440436,82.63,0.83
4795,2021-07-24,PAB,4830,2848,1982,1383,3330,117,ITH,ITH1,4,Provincia Autonoma Bolzano / Bozen,P.A. Bolzano,533050,445266,83.53,0.91
4796,2021-05-02,PAB,2453,1284,1169,1431,915,107,ITH,ITH1,4,Provincia Autonoma Bolzano / Bozen,P.A. Bolzano,533050,447719,83.99,0.46
4797,2021-06-18,PAB,4544,2351,2193,1466,2912,166,ITH,ITH1,4,Provincia Autonoma Bolzano / Bozen,P.A. Bolzano,533050,452263,84.84,0.85
4798,2021-01-08,PAB,1537,484,1053,1537,0,0,ITH,ITH1,4,Provincia Autonoma Bolzano / Bozen,P.A. Bolzano,533050,453800,85.13,0.29
4799,2021-08-07,PAB,2376,1353,1023,1691,665,20,ITH,ITH1,4,Provincia Autonoma Bolzano / Bozen,P.A. Bolzano,533050,456176,85.58,0.45
4800,2021-06-14,PAB,2984,1617,1367,577,2361,46,ITH,ITH1,4,Provincia Autonoma Bolzano / Bozen,P.A. Bolzano,533050,459160,86.14,0.56
4801,2021-03-18,PAB,1302,531,771,226,1076,0,ITH,ITH1,4,Provincia Autonoma Bolzano / Bozen,P.A. Bolzano,533050,460462,86.38,0.24
4802,2021-08-22,PAB,993,546,447,307,685,1,ITH,ITH1,4,Provincia Autonoma Bolzano / Bozen,P.A. Bolzano,533050,461455,86.57,0.19
4803,2021-05-14,PAB,5145,2323,2822,2905,2044,196,ITH,ITH1,4,Provincia Autonoma Bolzano / Bozen,P.A. Bolzano,533050,466600,87.53,0.97
4804,2021-03-16,PAB,1290,532,758,124,1166,0,ITH,ITH1,4,Provincia Autonoma Bolzano / Bozen,P.A. Bolzano,533050,467890,87.78,0.24
4805,2021-05-12,PAB,3805,2063,1742,3422,154,229,ITH,ITH1,4,Provincia Autonoma Bolzano / Bozen,P.A. Bolzano,533050,471695,88.49,0.71
4806,2021-02-01,PAB,1467,448,1019,14,1453,0,ITH,ITH1,4,Provincia Autonoma Bolzano / Bozen,P.A. Bolzano,533050,473162,88.77,0.28
4807,2021-05-19,PAB,3887,1997,1890,1964,1789,134,ITH,ITH1,4,Provincia Autonoma Bolzano / Bozen,P.A. Bolzano,533050,477049,89.49,0.73
4808,2021-01-03,PAB,41,16,25,41,0,0,ITH,ITH1,4,Provincia Autonoma Bolzano / Bozen,P.A. Bolzano,533050,477090,89.5,0.01
4809,2021-04-13,PAB,2400,1134,1266,2393,7,0,ITH,ITH1,4,Provincia Autonoma Bolzano / Bozen,P.A. Bolzano,533050,479490,89.95,0.45
4810,2021-07-26,PAB,1628,940,688,1125,411,92,ITH,ITH1,4,Provincia Autonoma Bolzano / Bozen,P.A. Bolzano,533050,481118,90.26,0.31
4811,2021-02-22,PAB,526,143,383,514,12,0,ITH,ITH1,4,Provincia Autonoma Bolzano / Bozen,P.A. Bolzano,533050,481644,90.36,0.1
4812,2021-08-26,PAB,2239,1134,1105,830,1358,51,ITH,ITH1,4,Provincia Autonoma Bolzano / Bozen,P.A. Bolzano,533050,483883,90.78,0.42
4813,2021-07-07,PAB,1993,1033,960,600,1336,57,ITH,ITH1,4,Provincia Autonoma Bolzano / Bozen,P.A. Bolzano,533050,485876,91.15,0.37
4814,2021-02-18,PAB,1838,457,1381,1830,7,1,ITH,ITH1,4,Provincia Autonoma Bolzano / Bozen,P.A. Bolzano,533050,487714,91.49,0.34
4815,2021-01-22,PAB,248,143,105,124,124,0,ITH,ITH1,4,Provincia Autonoma Bolzano / Bozen,P.A. Bolzano,533050,487962,91.54,0.05
4816,2021-08-29,PAB,868,479,389,358,498,12,ITH,ITH1,4,Provincia Autonoma Bolzano / Bozen,P.A. Bolzano,533050,488830,91.7,0.16
4817,2021-03-09,PAB,1194,543,651,1192,2,0,ITH,ITH1,4,Provincia Autonoma Bolzano / Bozen,P.A. Bolzano,533050,490024,91.93,0.22
4818,2021-05-23,PAB,4343,2305,2038,4141,8,194,ITH,ITH1,4,Provincia Autonoma Bolzano / Bozen,P.A. Bolzano,533050,494367,92.74,0.81
4819,2021-07-19,PAB,2782,1395,1387,625,2047,110,ITH,ITH1,4,Provincia Autonoma Bolzano / Bozen,P.A. Bolzano,533050,497149,93.26,0.52
4820,2021-02-03,PAB,1507,480,1027,5,1502,0,ITH,ITH1,4,Provincia Autonoma Bolzano / Bozen,P.A. Bolzano,533050,498656,93.55,0.28
4821,2021-02-10,PAB,1637,605,1032,27,1610,0,ITH,ITH1,4,Provincia Autonoma Bolzano / Bozen,P.A. Bolzano,533050,500293,93.85,0.31
4822,2021-08-31,PAB,2029,1095,934,751,1260,18,ITH,ITH1,4,Provincia Autonoma Bolzano / Bozen,P.A. Bolzano,533050,502322,94.24,0.38
4823,2021-02-15,PAB,72,42,30,26,46,0,ITH,ITH1,4,Provincia Autonoma Bolzano / Bozen,P.A. Bolzano,533050,502394,94.25,0.01
4824,2021-08-19,PAB,1749,965,784,1128,614,7,ITH,ITH1,4,Provincia Autonoma Bolzano / Bozen,P.A. Bolzano,533050,504143,94.58,0.33
4825,2021-05-11,PAB,2854,1338,1516,1262,1523,69,ITH,ITH1,4,Provincia Autonoma Bolzano / Bozen,P.A. Bolzano,533050,506997,95.11,0.54
4826,2021-07-31,PAB,3168,1720,1448,2109,924,135,ITH,ITH1,4,Provincia Autonoma Bolzano / Bozen,P.A. Bolzano,533050,510165,95.71,0.59
4827,2021-01-29,PAB,1515,518,997,24,1491,0,ITH,ITH1,4,Provincia Autonoma Bolzano / Bozen,P.A. Bolzano,533050,511680,95.99,0.28
4828,2021-04-22,PAB,2939,1512,1427,1993,942,4,ITH,ITH1,4,Provincia Autonoma Bolzano / Bozen,P.A. Bolzano,533050,514619,96.54,0.55
4829,2021-05-09,PAB,4243,2410,1833,2935,1150,158,ITH,ITH1,4,Provincia Autonoma Bolzano / Bozen,P.A. Bolzano,533050,518862,97.34,0.8
4830,2021-03-06,PAB,3976,2082,1894,3763,211,2,ITH,ITH1,4,Provincia Autonoma Bolzano / Bozen,P.A. Bolzano,533050,522838,98.08,0.75
4831,2021-05-28,PAB,7467,3942,3525,5370,1895,202,ITH,ITH1,4,Provincia Autonoma Bolzano / Bozen,P.A. Bolzano,533050,530305,99.49,1.4
4832,2021-02-17,PAB,156,51,105,139,17,0,ITH,ITH1,4,Provincia Autonoma Bolzano / Bozen,P.A. Bolzano,533050,530461,99.51,0.03
4833,2021-05-21,PAB,7396,4065,3331,5230,1879,287,ITH,ITH1,4,Provincia Autonoma Bolzano / Bozen,P.A. Bolzano,533050,537857,100.9,1.39
4834,2021-08-24,PAB,1968,1027,941,565,1396,7,ITH,ITH1,4,Provincia Autonoma Bolzano / Bozen,P.A. Bolzano,533050,539825,101.27,0.37
4835,2021-05-16,PAB,2029,935,1094,1285,694,50,ITH,ITH1,4,Provincia Autonoma Bolzano / Bozen,P.A. Bolzano,533050,541854,101.65,0.38
4836,2021-07-29,PAB,1340,717,623,718,570,52,ITH,ITH1,4,Provincia Autonoma Bolzano / Bozen,P.A. Bolzano,533050,543194,101.9,0.25
4837,2020-12-30,PAB,389,183,206,389,0,0,ITH,ITH1,4,Provincia Autonoma Bolzano / Bozen,P.A. Bolzano,533050,543583,101.98,0.07
4838,2021-09-10,PAB,1181,635,546,571,610,0,ITH,ITH1,4,Provincia Autonoma Bolzano / Bozen,P.A. Bolzano,533050,544764,102.2,0.22
4839,2021-06-09,PAB,3870,1919,1951,1266,2498,106,ITH,ITH1,4,Provincia Autonoma Bolzano / Bozen,P.A. Bolzano,533050,548634,102.92,0.73
4840,2021-03-01,PAB,925,224,701,923,1,1,ITH,ITH1,4,Provincia Autonoma Bolzano / Bozen,P.A. Bolzano,533050,549559,103.1,0.17
4841,2021-08-05,PAB,3471,1888,1583,1801,1580,90,ITH,ITH1,4,Provincia Autonoma Bolzano / Bozen,P.A. Bolzano,533050,553030,103.75,0.65
4842,2021-03-15,PAB,1194,452,742,711,482,1,ITH,ITH1,4,Provincia Autonoma Bolzano / Bozen,P.A. Bolzano,533050,554224,103.97,0.22
4843,2021-04-27,PAB,2235,1015,1220,1156,1079,0,ITH,ITH1,4,Provincia Autonoma Bolzano / Bozen,P.A. Bolzano,533050,556459,104.39,0.42
4844,2021-01-17,PAB,2329,1044,1285,2318,11,0,ITH,ITH1,4,Provincia Autonoma Bolzano / Bozen,P.A. Bolzano,533050,558788,104.83,0.44
4845,2021-06-23,PAB,1153,595,558,333,768,52,ITH,ITH1,4,Provincia Autonoma Bolzano / Bozen,P.A. Bolzano,533050,559941,105.04,0.22
4846,2021-04-20,PAB,1565,785,780,1562,3,0,ITH,ITH1,4,Provincia Autonoma Bolzano / Bozen,P.A. Bolzano,533050,561506,105.34,0.29
4847,2021-01-10,PAB,2,2,0,2,0,0,ITH,ITH1,4,Provincia Autonoma Bolzano / Bozen,P.A. Bolzano,533050,561508,105.34,0.0
4848,2021-06-16,PAB,3823,2028,1795,11,3807,5,ITH,ITH1,4,Provincia Autonoma Bolzano / Bozen,P.A. Bolzano,533050,565331,106.06,0.72
4849,2021-03-08,PAB,1213,535,678,1185,27,1,ITH,ITH1,4,Provincia Autonoma Bolzano / Bozen,P.A. Bolzano,533050,566544,106.28,0.23
4850,2021-08-12,PAB,3365,1724,1641,649,2711,5,ITH,ITH1,4,Provincia Autonoma Bolzano / Bozen,P.A. Bolzano,533050,569909,106.91,0.63
4851,2021-05-04,PAB,3453,1845,1608,2270,1038,145,ITH,ITH1,4,Provincia Autonoma Bolzano / Bozen,P.A. Bolzano,533050,573362,107.56,0.65
4852,2021-08-06,PAB,3641,1918,1723,1201,2430,10,ITH,ITH1,4,Provincia Autonoma Bolzano / Bozen,P.A. Bolzano,533050,577003,108.25,0.68
4853,2021-04-28,PAB,2469,1307,1162,2459,5,5,ITH,ITH1,4,Provincia Autonoma Bolzano / Bozen,P.A. Bolzano,533050,579472,108.71,0.46
4854,2021-01-16,PAB,2841,1265,1576,2841,0,0,ITH,ITH1,4,Provincia Autonoma Bolzano / Bozen,P.A. Bolzano,533050,582313,109.24,0.53
4855,2021-06-10,PAB,4498,2334,2164,1308,3098,92,ITH,ITH1,4,Provincia Autonoma Bolzano / Bozen,P.A. Bolzano,533050,586811,110.09,0.84
4856,2021-08-13,PAB,2912,1557,1355,1600,1301,11,ITH,ITH1,4,Provincia Autonoma Bolzano / Bozen,P.A. Bolzano,533050,589723,110.63,0.55
4857,2021-04-26,PAB,1550,776,774,1544,5,1,ITH,ITH1,4,Provincia Autonoma Bolzano / Bozen,P.A. Bolzano,533050,591273,110.92,0.29
4858,2021-07-10,PAB,5813,3001,2812,952,4749,112,ITH,ITH1,4,Provincia Autonoma Bolzano / Bozen,P.A. Bolzano,533050,597086,112.01,1.09
4859,2021-01-18,PAB,1777,689,1088,1772,5,0,ITH,ITH1,4,Provincia Autonoma Bolzano / Bozen,P.A. Bolzano,533050,598863,112.35,0.33
4860,2021-08-15,PAB,616,333,283,282,334,0,ITH,ITH1,4,Provincia Autonoma Bolzano / Bozen,P.A. Bolzano,533050,599479,112.46,0.12
4861,2021-05-07,PAB,4200,2063,2137,3398,528,274,ITH,ITH1,4,Provincia Autonoma Bolzano / Bozen,P.A. Bolzano,533050,603679,113.25,0.79
4862,2021-07-03,PAB,5639,2793,2846,968,4566,105,ITH,ITH1,4,Provincia Autonoma Bolzano / Bozen,P.A. Bolzano,533050,609318,114.31,1.06
4863,2021-05-05,PAB,4161,1948,2213,1826,2118,217,ITH,ITH1,4,Provincia Autonoma Bolzano / Bozen,P.A. Bolzano,533050,613479,115.09,0.78
4864,2021-01-25,PAB,493,187,306,3,490,0,ITH,ITH1,4,Provincia Autonoma Bolzano / Bozen,P.A. Bolzano,533050,613972,115.18,0.09
4865,2021-03-23,PAB,1557,761,796,1544,1,12,ITH,ITH1,4,Provincia Autonoma Bolzano / Bozen,P.A. Bolzano,533050,615529,115.47,0.29
4866,2021-04-01,PAB,2791,1409,1382,2644,146,1,ITH,ITH1,4,Provincia Autonoma Bolzano / Bozen,P.A. Bolzano,533050,618320,116.0,0.52
4867,2021-07-05,PAB,2936,1406,1530,824,1984,128,ITH,ITH1,4,Provincia Autonoma Bolzano / Bozen,P.A. Bolzano,533050,621256,116.55,0.55
4868,2021-05-30,PAB,4793,2531,2262,733,4030,30,ITH,ITH1,4,Provincia Autonoma Bolzano / Bozen,P.A. Bolzano,533050,626049,117.45,0.9
4869,2021-07-12,PAB,3534,1755,1779,252,3243,39,ITH,ITH1,4,Provincia Autonoma Bolzano / Bozen,P.A. Bolzano,533050,629583,118.11,0.66
4870,2021-04-03,PAB,833,366,467,22,811,0,ITH,ITH1,4,Provincia Autonoma Bolzano / Bozen,P.A. Bolzano,533050,630416,118.27,0.16
4871,2021-09-07,PAB,1279,698,581,238,1041,0,ITH,ITH1,4,Provincia Autonoma Bolzano / Bozen,P.A. Bolzano,533050,631695,118.51,0.24
4872,2021-03-25,PAB,2173,1080,1093,1724,445,4,ITH,ITH1,4,Provincia Autonoma Bolzano / Bozen,P.A. Bolzano,533050,633868,118.91,0.41
4873,2021-01-27,PAB,85,29,56,2,83,0,ITH,ITH1,4,Provincia Autonoma Bolzano / Bozen,P.A. Bolzano,533050,633953,118.93,0.02
4874,2021-04-15,VDA,814,378,436,643,140,31,ITC,ITC2,2,Valle d'Aosta / Vallée d'Aoste,Valle d'Aosta,125666,814,0.65,0.65
4875,2021-07-07,VDA,795,442,353,414,364,17,ITC,ITC2,2,Valle d'Aosta / Vallée d'Aoste,Valle d'Aosta,125666,1609,1.28,0.63
4876,2021-07-24,VDA,1019,536,483,328,682,9,ITC,ITC2,2,Valle d'Aosta / Vallée d'Aoste,Valle d'Aosta,125666,2628,2.09,0.81
4877,2021-03-08,VDA,488,233,255,240,245,3,ITC,ITC2,2,Valle d'Aosta / Vallée d'Aoste,Valle d'Aosta,125666,3116,2.48,0.39
4878,2021-08-12,VDA,377,204,173,117,248,12,ITC,ITC2,2,Valle d'Aosta / Vallée d'Aoste,Valle d'Aosta,125666,3493,2.78,0.3
4879,2021-05-04,VDA,1136,511,625,435,674,27,ITC,ITC2,2,Valle d'Aosta / Vallée d'Aoste,Valle d'Aosta,125666,4629,3.68,0.9
4880,2021-06-16,VDA,1065,566,499,665,395,5,ITC,ITC2,2,Valle d'Aosta / Vallée d'Aoste,Valle d'Aosta,125666,5694,4.53,0.85
4881,2021-03-15,VDA,387,141,246,175,203,9,ITC,ITC2,2,Valle d'Aosta / Vallée d'Aoste,Valle d'Aosta,125666,6081,4.84,0.31
4882,2021-08-19,VDA,265,158,107,70,180,15,ITC,ITC2,2,Valle d'Aosta / Vallée d'Aoste,Valle d'Aosta,125666,6346,5.05,0.21
4883,2021-05-11,VDA,649,326,323,472,150,27,ITC,ITC2,2,Valle d'Aosta / Vallée d'Aoste,Valle d'Aosta,125666,6995,5.57,0.52
4884,2021-04-27,VDA,979,424,555,653,292,34,ITC,ITC2,2,Valle d'Aosta / Vallée d'Aoste,Valle d'Aosta,125666,7974,6.35,0.78
4885,2021-07-12,VDA,979,483,496,238,733,8,ITC,ITC2,2,Valle d'Aosta / Vallée d'Aoste,Valle d'Aosta,125666,8953,7.12,0.78
4886,2021-04-03,VDA,676,341,335,649,15,12,ITC,ITC2,2,Valle d'Aosta / Vallée d'Aoste,Valle d'Aosta,125666,9629,7.66,0.54
4887,2021-03-20,VDA,209,87,122,168,36,5,ITC,ITC2,2,Valle d'Aosta / Vallée d'Aoste,Valle d'Aosta,125666,9838,7.83,0.17
4888,2021-06-28,VDA,992,499,493,326,661,5,ITC,ITC2,2,Valle d'Aosta / Vallée d'Aoste,Valle d'Aosta,125666,10830,8.62,0.79
4889,2021-06-11,VDA,1048,484,564,752,283,13,ITC,ITC2,2,Valle d'Aosta / Vallée d'Aoste,Valle d'Aosta,125666,11878,9.45,0.83
4890,2021-05-30,VDA,865,429,436,682,171,12,ITC,ITC2,2,Valle d'Aosta / Vallée d'Aoste,Valle d'Aosta,125666,12743,10.14,0.69
4891,2021-07-26,VDA,1008,512,496,317,683,8,ITC,ITC2,2,Valle d'Aosta / Vallée d'Aoste,Valle d'Aosta,125666,13751,10.94,0.8
4892,2021-09-07,VDA,408,212,196,61,344,3,ITC,ITC2,2,Valle d'Aosta / Vallée d'Aoste,Valle d'Aosta,125666,14159,11.27,0.32
4893,2021-05-28,VDA,977,415,562,546,413,18,ITC,ITC2,2,Valle d'Aosta / Vallée d'Aoste,Valle d'Aosta,125666,15136,12.04,0.78
4894,2021-02-17,VDA,329,146,183,225,101,3,ITC,ITC2,2,Valle d'Aosta / Vallée d'Aoste,Valle d'Aosta,125666,15465,12.31,0.26
4895,2021-01-27,VDA,156,75,81,80,76,0,ITC,ITC2,2,Valle d'Aosta / Vallée d'Aoste,Valle d'Aosta,125666,15621,12.43,0.12
4896,2021-04-20,VDA,936,430,506,710,195,31,ITC,ITC2,2,Valle d'Aosta / Vallée d'Aoste,Valle d'Aosta,125666,16557,13.18,0.74
4897,2021-01-10,VDA,220,71,149,212,0,8,ITC,ITC2,2,Valle d'Aosta / Vallée d'Aoste,Valle d'Aosta,125666,16777,13.35,0.18
4898,2020-12-27,VDA,20,9,11,20,0,0,ITC,ITC2,2,Valle d'Aosta / Vallée d'Aoste,Valle d'Aosta,125666,16797,13.37,0.02
4899,2021-09-02,VDA,520,271,249,89,416,15,ITC,ITC2,2,Valle d'Aosta / Vallée d'Aoste,Valle d'Aosta,125666,17317,13.78,0.41
4900,2021-02-05,VDA,296,103,193,102,194,0,ITC,ITC2,2,Valle d'Aosta / Vallée d'Aoste,Valle d'Aosta,125666,17613,14.02,0.24
4901,2021-02-22,VDA,317,94,223,211,104,2,ITC,ITC2,2,Valle d'Aosta / Vallée d'Aoste,Valle d'Aosta,125666,17930,14.27,0.25
4902,2021-05-16,VDA,690,342,348,340,342,8,ITC,ITC2,2,Valle d'Aosta / Vallée d'Aoste,Valle d'Aosta,125666,18620,14.82,0.55
4903,2021-08-07,VDA,740,434,306,305,421,14,ITC,ITC2,2,Valle d'Aosta / Vallée d'Aoste,Valle d'Aosta,125666,19360,15.41,0.59
4904,2021-05-02,VDA,765,345,420,581,160,24,ITC,ITC2,2,Valle d'Aosta / Vallée d'Aoste,Valle d'Aosta,125666,20125,16.01,0.61
4905,2021-01-22,VDA,58,22,36,22,36,0,ITC,ITC2,2,Valle d'Aosta / Vallée d'Aoste,Valle d'Aosta,125666,20183,16.06,0.05
4906,2021-01-08,VDA,301,131,170,301,0,0,ITC,ITC2,2,Valle d'Aosta / Vallée d'Aoste,Valle d'Aosta,125666,20484,16.3,0.24
4907,2021-03-06,VDA,22,4,18,18,0,4,ITC,ITC2,2,Valle d'Aosta / Vallée d'Aoste,Valle d'Aosta,125666,20506,16.32,0.02
4908,2021-02-03,VDA,354,116,238,15,339,0,ITC,ITC2,2,Valle d'Aosta / Vallée d'Aoste,Valle d'Aosta,125666,20860,16.6,0.28
4909,2021-04-01,VDA,778,394,384,747,12,19,ITC,ITC2,2,Valle d'Aosta / Vallée d'Aoste,Valle d'Aosta,125666,21638,17.22,0.62
4910,2021-04-13,VDA,373,171,202,312,44,17,ITC,ITC2,2,Valle d'Aosta / Vallée d'Aoste,Valle d'Aosta,125666,22011,17.52,0.3
4911,2021-07-05,VDA,836,357,479,313,510,13,ITC,ITC2,2,Valle d'Aosta / Vallée d'Aoste,Valle d'Aosta,125666,22847,18.18,0.67
4912,2021-03-27,VDA,337,166,171,292,31,14,ITC,ITC2,2,Valle d'Aosta / Vallée d'Aoste,Valle d'Aosta,125666,23184,18.45,0.27
4913,2021-06-18,VDA,1003,445,558,589,400,14,ITC,ITC2,2,Valle d'Aosta / Vallée d'Aoste,Valle d'Aosta,125666,24187,19.25,0.8
4914,2021-01-17,VDA,131,56,75,131,0,0,ITC,ITC2,2,Valle d'Aosta / Vallée d'Aoste,Valle d'Aosta,125666,24318,19.35,0.1
4915,2021-06-23,VDA,1044,551,493,422,617,5,ITC,ITC2,2,Valle d'Aosta / Vallée d'Aoste,Valle d'Aosta,125666,25362,20.18,0.83
4916,2021-06-30,VDA,1120,543,577,416,695,9,ITC,ITC2,2,Valle d'Aosta / Vallée d'Aoste,Valle d'Aosta,125666,26482,21.07,0.89
4917,2021-05-23,VDA,999,465,534,654,340,5,ITC,ITC2,2,Valle d'Aosta / Vallée d'Aoste,Valle d'Aosta,125666,27481,21.87,0.79
4918,2021-01-29,VDA,321,139,182,2,319,0,ITC,ITC2,2,Valle d'Aosta / Vallée d'Aoste,Valle d'Aosta,125666,27802,22.12,0.26
4919,2021-08-31,VDA,672,344,328,135,531,6,ITC,ITC2,2,Valle d'Aosta / Vallée d'Aoste,Valle d'Aosta,125666,28474,22.66,0.53
4920,2021-04-22,VDA,1068,450,618,652,383,33,ITC,ITC2,2,Valle d'Aosta / Vallée d'Aoste,Valle d'Aosta,125666,29542,23.51,0.85
4921,2021-05-09,VDA,574,287,287,425,130,19,ITC,ITC2,2,Valle d'Aosta / Vallée d'Aoste,Valle d'Aosta,125666,30116,23.97,0.46
4922,2021-07-31,VDA,892,466,426,320,557,15,ITC,ITC2,2,Valle d'Aosta / Vallée d'Aoste,Valle d'Aosta,125666,31008,24.67,0.71
4923,2021-02-10,VDA,248,77,171,141,107,0,ITC,ITC2,2,Valle d'Aosta / Vallée d'Aoste,Valle d'Aosta,125666,31256,24.87,0.2
4924,2021-03-25,VDA,389,154,235,364,10,15,ITC,ITC2,2,Valle d'Aosta / Vallée d'Aoste,Valle d'Aosta,125666,31645,25.18,0.31
4925,2021-05-21,VDA,933,443,490,523,401,9,ITC,ITC2,2,Valle d'Aosta / Vallée d'Aoste,Valle d'Aosta,125666,32578,25.92,0.74
4926,2021-04-17,VDA,638,407,231,596,2,40,ITC,ITC2,2,Valle d'Aosta / Vallée d'Aoste,Valle d'Aosta,125666,33216,26.43,0.51
4927,2021-06-04,VDA,910,385,525,468,435,7,ITC,ITC2,2,Valle d'Aosta / Vallée d'Aoste,Valle d'Aosta,125666,34126,27.16,0.72
4928,2021-08-26,VDA,343,168,175,82,254,7,ITC,ITC2,2,Valle d'Aosta / Vallée d'Aoste,Valle d'Aosta,125666,34469,27.43,0.27
4929,2021-06-09,VDA,1055,560,495,1012,35,8,ITC,ITC2,2,Valle d'Aosta / Vallée d'Aoste,Valle d'Aosta,125666,35524,28.27,0.84
4930,2021-03-01,VDA,182,66,116,140,34,8,ITC,ITC2,2,Valle d'Aosta / Vallée d'Aoste,Valle d'Aosta,125666,35706,28.41,0.14
4931,2021-02-15,VDA,264,136,128,226,35,3,ITC,ITC2,2,Valle d'Aosta / Vallée d'Aoste,Valle d'Aosta,125666,35970,28.62,0.21
4932,2021-08-14,VDA,465,256,209,135,314,16,ITC,ITC2,2,Valle d'Aosta / Vallée d'Aoste,Valle d'Aosta,125666,36435,28.99,0.37
4933,2021-03-13,VDA,147,88,59,141,0,6,ITC,ITC2,2,Valle d'Aosta / Vallée d'Aoste,Valle d'Aosta,125666,36582,29.11,0.12
4934,2021-01-15,VDA,220,83,137,220,0,0,ITC,ITC2,2,Valle d'Aosta / Vallée d'Aoste,Valle d'Aosta,125666,36802,29.29,0.18
4935,2021-07-19,VDA,878,460,418,252,618,8,ITC,ITC2,2,Valle d'Aosta / Vallée d'Aoste,Valle d'Aosta,125666,37680,29.98,0.7
4936,2021-02-24,VDA,185,84,101,163,21,1,ITC,ITC2,2,Valle d'Aosta / Vallée d'Aoste,Valle d'Aosta,125666,37865,30.13,0.15
4937,2021-04-08,VDA,585,282,303,420,144,21,ITC,ITC2,2,Valle d'Aosta / Vallée d'Aoste,Valle d'Aosta,125666,38450,30.6,0.47
4938,2021-03-29,VDA,494,233,261,450,40,4,ITC,ITC2,2,Valle d'Aosta / Vallée d'Aoste,Valle d'Aosta,125666,38944,30.99,0.39
4939,2021-06-20,VDA,1134,545,589,477,644,13,ITC,ITC2,2,Valle d'Aosta / Vallée d'Aoste,Valle d'Aosta,125666,40078,31.89,0.9
4940,2021-03-12,VDA,535,177,358,301,226,8,ITC,ITC2,2,Valle d'Aosta / Vallée d'Aoste,Valle d'Aosta,125666,40613,32.32,0.43
4941,2021-09-04,VDA,513,271,242,131,368,14,ITC,ITC2,2,Valle d'Aosta / Vallée d'Aoste,Valle d'Aosta,125666,41126,32.73,0.41
4942,2021-03-17,VDA,438,185,253,259,165,14,ITC,ITC2,2,Valle d'Aosta / Vallée d'Aoste,Valle d'Aosta,125666,41564,33.07,0.35
4943,2021-03-03,VDA,258,119,139,182,71,5,ITC,ITC2,2,Valle d'Aosta / Vallée d'Aoste,Valle d'Aosta,125666,41822,33.28,0.21
4944,2021-01-07,VDA,280,113,167,280,0,0,ITC,ITC2,2,Valle d'Aosta / Vallée d'Aoste,Valle d'Aosta,125666,42102,33.5,0.22
4945,2021-02-19,VDA,292,102,190,267,24,1,ITC,ITC2,2,Valle d'Aosta / Vallée d'Aoste,Valle d'Aosta,125666,42394,33.74,0.23
4946,2021-08-04,VDA,1046,571,475,372,656,18,ITC,ITC2,2,Valle d'Aosta / Vallée d'Aoste,Valle d'Aosta,125666,43440,34.57,0.83
4947,2021-01-05,VDA,151,55,96,151,0,0,ITC,ITC2,2,Valle d'Aosta / Vallée d'Aoste,Valle d'Aosta,125666,43591,34.69,0.12
4948,2021-01-14,VDA,237,69,168,237,0,0,ITC,ITC2,2,Valle d'Aosta / Vallée d'Aoste,Valle d'Aosta,125666,43828,34.88,0.19
4949,2021-08-02,VDA,760,407,353,305,446,9,ITC,ITC2,2,Valle d'Aosta / Vallée d'Aoste,Valle d'Aosta,125666,44588,35.48,0.6
4950,2021-07-23,VDA,974,485,489,358,608,8,ITC,ITC2,2,Valle d'Aosta / Vallée d'Aoste,Valle d'Aosta,125666,45562,36.26,0.78
4951,2021-01-19,VDA,256,77,179,256,0,0,ITC,ITC2,2,Valle d'Aosta / Vallée d'Aoste,Valle d'Aosta,125666,45818,36.46,0.2
4952,2021-04-12,VDA,487,187,300,305,164,18,ITC,ITC2,2,Valle d'Aosta / Vallée d'Aoste,Valle d'Aosta,125666,46305,36.85,0.39
4953,2021-04-29,VDA,1293,636,657,742,532,19,ITC,ITC2,2,Valle d'Aosta / Vallée d'Aoste,Valle d'Aosta,125666,47598,37.88,1.03
4954,2021-07-21,VDA,1169,639,530,308,850,11,ITC,ITC2,2,Valle d'Aosta / Vallée d'Aoste,Valle d'Aosta,125666,48767,38.81,0.93
4955,2021-07-04,VDA,1192,530,662,349,829,14,ITC,ITC2,2,Valle d'Aosta / Vallée d'Aoste,Valle d'Aosta,125666,49959,39.76,0.95
4956,2021-08-30,VDA,546,275,271,115,393,38,ITC,ITC2,2,Valle d'Aosta / Vallée d'Aoste,Valle d'Aosta,125666,50505,40.19,0.43
4957,2021-01-31,VDA,291,91,200,58,233,0,ITC,ITC2,2,Valle d'Aosta / Vallée d'Aoste,Valle d'Aosta,125666,50796,40.42,0.23
4958,2021-03-31,VDA,555,302,253,511,26,18,ITC,ITC2,2,Valle d'Aosta / Vallée d'Aoste,Valle d'Aosta,125666,51351,40.86,0.44
4959,2021-05-27,VDA,1093,498,595,575,506,12,ITC,ITC2,2,Valle d'Aosta / Vallée d'Aoste,Valle d'Aosta,125666,52444,41.73,0.87
4960,2021-05-13,VDA,1146,561,585,523,602,21,ITC,ITC2,2,Valle d'Aosta / Vallée d'Aoste,Valle d'Aosta,125666,53590,42.64,0.91
4961,2021-02-02,VDA,287,73,214,3,284,0,ITC,ITC2,2,Valle d'Aosta / Vallée d'Aoste,Valle d'Aosta,125666,53877,42.87,0.23
4962,2021-07-09,VDA,946,446,500,279,657,10,ITC,ITC2,2,Valle d'Aosta / Vallée d'Aoste,Valle d'Aosta,125666,54823,43.63,0.75
4963,2021-06-25,VDA,980,445,535,323,653,4,ITC,ITC2,2,Valle d'Aosta / Vallée d'Aoste,Valle d'Aosta,125666,55803,44.41,0.78
4964,2021-08-21,VDA,441,221,220,93,331,17,ITC,ITC2,2,Valle d'Aosta / Vallée d'Aoste,Valle d'Aosta,125666,56244,44.76,0.35
4965,2021-05-20,VDA,1045,475,570,592,440,13,ITC,ITC2,2,Valle d'Aosta / Vallée d'Aoste,Valle d'Aosta,125666,57289,45.59,0.83
4966,2021-07-02,VDA,872,386,486,304,562,6,ITC,ITC2,2,Valle d'Aosta / Vallée d'Aoste,Valle d'Aosta,125666,58161,46.28,0.69
4967,2021-03-24,VDA,518,230,288,256,259,3,ITC,ITC2,2,Valle d'Aosta / Vallée d'Aoste,Valle d'Aosta,125666,58679,46.69,0.41
4968,2021-08-28,VDA,535,285,250,91,423,21,ITC,ITC2,2,Valle d'Aosta / Vallée d'Aoste,Valle d'Aosta,125666,59214,47.12,0.43
4969,2021-05-06,VDA,1083,516,567,664,385,34,ITC,ITC2,2,Valle d'Aosta / Vallée d'Aoste,Valle d'Aosta,125666,60297,47.98,0.86
4970,2021-09-11,VDA,389,237,152,2,384,3,ITC,ITC2,2,Valle d'Aosta / Vallée d'Aoste,Valle d'Aosta,125666,60686,48.29,0.31
4971,2021-03-10,VDA,439,184,255,220,214,5,ITC,ITC2,2,Valle d'Aosta / Vallée d'Aoste,Valle d'Aosta,125666,61125,48.64,0.35
4972,2021-02-21,VDA,18,3,15,0,18,0,ITC,ITC2,2,Valle d'Aosta / Vallée d'Aoste,Valle d'Aosta,125666,61143,48.66,0.01
4973,2021-09-09,VDA,324,174,150,100,215,9,ITC,ITC2,2,Valle d'Aosta / Vallée d'Aoste,Valle d'Aosta,125666,61467,48.91,0.26
4974,2021-06-01,VDA,874,471,403,511,354,9,ITC,ITC2,2,Valle d'Aosta / Vallée d'Aoste,Valle d'Aosta,125666,62341,49.61,0.7
4975,2021-08-23,VDA,404,205,199,91,299,14,ITC,ITC2,2,Valle d'Aosta / Vallée d'Aoste,Valle d'Aosta,125666,62745,49.93,0.32
4976,2021-02-23,VDA,217,124,93,216,0,1,ITC,ITC2,2,Valle d'Aosta / Vallée d'Aoste,Valle d'Aosta,125666,62962,50.1,0.17
4977,2021-07-16,VDA,1078,555,523,340,731,7,ITC,ITC2,2,Valle d'Aosta / Vallée d'Aoste,Valle d'Aosta,125666,64040,50.96,0.86
4978,2021-01-26,VDA,149,52,97,2,147,0,ITC,ITC2,2,Valle d'Aosta / Vallée d'Aoste,Valle d'Aosta,125666,64189,51.08,0.12
4979,2021-02-12,VDA,263,96,167,216,46,1,ITC,ITC2,2,Valle d'Aosta / Vallée d'Aoste,Valle d'Aosta,125666,64452,51.29,0.21
4980,2021-01-12,VDA,303,73,230,303,0,0,ITC,ITC2,2,Valle d'Aosta / Vallée d'Aoste,Valle d'Aosta,125666,64755,51.53,0.24
4981,2021-09-01,VDA,800,428,372,188,586,26,ITC,ITC2,2,Valle d'Aosta / Vallée d'Aoste,Valle d'Aosta,125666,65555,52.17,0.64
4982,2021-05-25,VDA,1117,532,585,530,575,12,ITC,ITC2,2,Valle d'Aosta / Vallée d'Aoste,Valle d'Aosta,125666,66672,53.05,0.89
4983,2021-02-14,VDA,48,16,32,1,47,0,ITC,ITC2,2,Valle d'Aosta / Vallée d'Aoste,Valle d'Aosta,125666,66720,53.09,0.04
4984,2021-05-08,VDA,909,544,365,500,383,26,ITC,ITC2,2,Valle d'Aosta / Vallée d'Aoste,Valle d'Aosta,125666,67629,53.82,0.72
4985,2021-08-16,VDA,422,211,211,129,276,17,ITC,ITC2,2,Valle d'Aosta / Vallée d'Aoste,Valle d'Aosta,125666,68051,54.15,0.34
4986,2021-04-05,VDA,465,223,242,445,6,14,ITC,ITC2,2,Valle d'Aosta / Vallée d'Aoste,Valle d'Aosta,125666,68516,54.52,0.37
4987,2021-06-27,VDA,1254,609,645,311,931,12,ITC,ITC2,2,Valle d'Aosta / Vallée d'Aoste,Valle d'Aosta,125666,69770,55.52,1.0
4988,2021-07-14,VDA,1021,534,487,289,728,4,ITC,ITC2,2,Valle d'Aosta / Vallée d'Aoste,Valle d'Aosta,125666,70791,56.33,0.81
4989,2021-06-03,VDA,1312,670,642,882,413,17,ITC,ITC2,2,Valle d'Aosta / Vallée d'Aoste,Valle d'Aosta,125666,72103,57.38,1.04
4990,2021-08-25,VDA,681,348,333,128,527,26,ITC,ITC2,2,Valle d'Aosta / Vallée d'Aoste,Valle d'Aosta,125666,72784,57.92,0.54
4991,2021-05-17,VDA,809,417,392,365,434,10,ITC,ITC2,2,Valle d'Aosta / Vallée d'Aoste,Valle d'Aosta,125666,73593,58.56,0.64
4992,2021-08-08,VDA,579,297,282,175,394,10,ITC,ITC2,2,Valle d'Aosta / Vallée d'Aoste,Valle d'Aosta,125666,74172,59.02,0.46
4993,2021-05-15,VDA,1067,614,453,368,686,13,ITC,ITC2,2,Valle d'Aosta / Vallée d'Aoste,Valle d'Aosta,125666,75239,59.87,0.85
4994,2021-02-04,VDA,295,86,209,8,287,0,ITC,ITC2,2,Valle d'Aosta / Vallée d'Aoste,Valle d'Aosta,125666,75534,60.11,0.23
4995,2021-04-28,VDA,1220,633,587,683,503,34,ITC,ITC2,2,Valle d'Aosta / Vallée d'Aoste,Valle d'Aosta,125666,76754,61.08,0.97
4996,2021-05-18,VDA,972,484,488,349,619,4,ITC,ITC2,2,Valle d'Aosta / Vallée d'Aoste,Valle d'Aosta,125666,77726,61.85,0.77
4997,2021-02-07,VDA,292,120,172,190,102,0,ITC,ITC2,2,Valle d'Aosta / Vallée d'Aoste,Valle d'Aosta,125666,78018,62.08,0.23
4998,2021-08-09,VDA,674,335,339,251,402,21,ITC,ITC2,2,Valle d'Aosta / Vallée d'Aoste,Valle d'Aosta,125666,78692,62.62,0.54
4999,2021-05-01,VDA,941,564,377,440,484,17,ITC,ITC2,2,Valle d'Aosta / Vallée d'Aoste,Valle d'Aosta,125666,79633,63.37,0.75
5000,2021-04-14,VDA,942,430,512,692,224,26,ITC,ITC2,2,Valle d'Aosta / Vallée d'Aoste,Valle d'Aosta,125666,80575,64.12,0.75
5001,2021-02-16,VDA,327,53,274,315,6,6,ITC,ITC2,2,Valle d'Aosta / Vallée d'Aoste,Valle d'Aosta,125666,80902,64.38,0.26
5002,2021-08-01,VDA,842,445,397,286,547,9,ITC,ITC2,2,Valle d'Aosta / Vallée d'Aoste,Valle d'Aosta,125666,81744,65.05,0.67
5003,2021-01-28,VDA,294,124,170,55,239,0,ITC,ITC2,2,Valle d'Aosta / Vallée d'Aoste,Valle d'Aosta,125666,82038,65.28,0.23
5004,2021-05-24,VDA,1140,518,622,678,447,15,ITC,ITC2,2,Valle d'Aosta / Vallée d'Aoste,Valle d'Aosta,125666,83178,66.19,0.91
5005,2021-05-10,VDA,786,385,401,533,235,18,ITC,ITC2,2,Valle d'Aosta / Vallée d'Aoste,Valle d'Aosta,125666,83964,66.82,0.63
5006,2021-08-18,VDA,687,356,331,235,433,19,ITC,ITC2,2,Valle d'Aosta / Vallée d'Aoste,Valle d'Aosta,125666,84651,67.36,0.55
5007,2021-07-30,VDA,965,501,464,418,525,22,ITC,ITC2,2,Valle d'Aosta / Vallée d'Aoste,Valle d'Aosta,125666,85616,68.13,0.77
5008,2021-04-21,VDA,869,410,459,588,249,32,ITC,ITC2,2,Valle d'Aosta / Vallée d'Aoste,Valle d'Aosta,125666,86485,68.82,0.69
5009,2021-07-13,VDA,1063,567,496,309,748,6,ITC,ITC2,2,Valle d'Aosta / Vallée d'Aoste,Valle d'Aosta,125666,87548,69.67,0.85
5010,2021-08-06,VDA,821,400,421,405,398,18,ITC,ITC2,2,Valle d'Aosta / Vallée d'Aoste,Valle d'Aosta,125666,88369,70.32,0.65
5011,2021-08-10,VDA,854,437,417,581,263,10,ITC,ITC2,2,Valle d'Aosta / Vallée d'Aoste,Valle d'Aosta,125666,89223,71.0,0.68
5012,2021-02-06,VDA,290,104,186,91,198,1,ITC,ITC2,2,Valle d'Aosta / Vallée d'Aoste,Valle d'Aosta,125666,89513,71.23,0.23
5013,2021-04-30,VDA,833,357,476,469,347,17,ITC,ITC2,2,Valle d'Aosta / Vallée d'Aoste,Valle d'Aosta,125666,90346,71.89,0.66
5014,2021-01-20,VDA,64,15,49,64,0,0,ITC,ITC2,2,Valle d'Aosta / Vallée d'Aoste,Valle d'Aosta,125666,90410,71.94,0.05
5015,2021-07-22,VDA,981,519,462,268,704,9,ITC,ITC2,2,Valle d'Aosta / Vallée d'Aoste,Valle d'Aosta,125666,91391,72.73,0.78
5016,2021-01-18,VDA,214,74,140,214,0,0,ITC,ITC2,2,Valle d'Aosta / Vallée d'Aoste,Valle d'Aosta,125666,91605,72.9,0.17
5017,2021-04-24,VDA,723,401,322,534,167,22,ITC,ITC2,2,Valle d'Aosta / Vallée d'Aoste,Valle d'Aosta,125666,92328,73.47,0.58
5018,2021-07-28,VDA,1424,765,659,361,1048,15,ITC,ITC2,2,Valle d'Aosta / Vallée d'Aoste,Valle d'Aosta,125666,93752,74.6,1.13
5019,2021-04-19,VDA,753,326,427,521,209,23,ITC,ITC2,2,Valle d'Aosta / Vallée d'Aoste,Valle d'Aosta,125666,94505,75.2,0.6
5020,2021-07-06,VDA,886,481,405,158,723,5,ITC,ITC2,2,Valle d'Aosta / Vallée d'Aoste,Valle d'Aosta,125666,95391,75.91,0.71
5021,2021-01-02,VDA,6,5,1,6,0,0,ITC,ITC2,2,Valle d'Aosta / Vallée d'Aoste,Valle d'Aosta,125666,95397,75.91,0.0
5022,2021-03-26,VDA,498,204,294,481,7,10,ITC,ITC2,2,Valle d'Aosta / Vallée d'Aoste,Valle d'Aosta,125666,95895,76.31,0.4
5023,2021-06-17,VDA,991,530,461,635,342,14,ITC,ITC2,2,Valle d'Aosta / Vallée d'Aoste,Valle d'Aosta,125666,96886,77.1,0.79
5024,2021-04-07,VDA,910,474,436,655,229,26,ITC,ITC2,2,Valle d'Aosta / Vallée d'Aoste,Valle d'Aosta,125666,97796,77.82,0.72
5025,2021-09-08,VDA,607,307,300,207,346,54,ITC,ITC2,2,Valle d'Aosta / Vallée d'Aoste,Valle d'Aosta,125666,98403,78.31,0.48
5026,2021-02-09,VDA,255,86,169,70,184,1,ITC,ITC2,2,Valle d'Aosta / Vallée d'Aoste,Valle d'Aosta,125666,98658,78.51,0.2
5027,2021-06-12,VDA,1234,600,634,1059,167,8,ITC,ITC2,2,Valle d'Aosta / Vallée d'Aoste,Valle d'Aosta,125666,99892,79.49,0.98
5028,2021-03-21,VDA,360,169,191,351,0,9,ITC,ITC2,2,Valle d'Aosta / Vallée d'Aoste,Valle d'Aosta,125666,100252,79.78,0.29
5029,2021-06-29,VDA,782,390,392,236,543,3,ITC,ITC2,2,Valle d'Aosta / Vallée d'Aoste,Valle d'Aosta,125666,101034,80.4,0.62
5030,2021-06-10,VDA,1058,611,447,1007,41,10,ITC,ITC2,2,Valle d'Aosta / Vallée d'Aoste,Valle d'Aosta,125666,102092,81.24,0.84
5031,2021-03-02,VDA,340,166,174,291,3,46,ITC,ITC2,2,Valle d'Aosta / Vallée d'Aoste,Valle d'Aosta,125666,102432,81.51,0.27
5032,2021-04-11,VDA,479,208,271,462,0,17,ITC,ITC2,2,Valle d'Aosta / Vallée d'Aoste,Valle d'Aosta,125666,102911,81.89,0.38
5033,2021-03-22,VDA,561,205,356,326,229,6,ITC,ITC2,2,Valle d'Aosta / Vallée d'Aoste,Valle d'Aosta,125666,103472,82.34,0.45
5034,2021-07-20,VDA,1121,585,536,387,724,10,ITC,ITC2,2,Valle d'Aosta / Vallée d'Aoste,Valle d'Aosta,125666,104593,83.23,0.89
5035,2021-04-18,VDA,523,255,268,495,2,26,ITC,ITC2,2,Valle d'Aosta / Vallée d'Aoste,Valle d'Aosta,125666,105116,83.65,0.42
5036,2021-06-14,VDA,1017,523,494,575,428,14,ITC,ITC2,2,Valle d'Aosta / Vallée d'Aoste,Valle d'Aosta,125666,106133,84.46,0.81
5037,2021-01-11,VDA,328,113,215,328,0,0,ITC,ITC2,2,Valle d'Aosta / Vallée d'Aoste,Valle d'Aosta,125666,106461,84.72,0.26
5038,2021-04-04,VDA,573,254,319,562,0,11,ITC,ITC2,2,Valle d'Aosta / Vallée d'Aoste,Valle d'Aosta,125666,107034,85.17,0.46
5039,2021-08-17,VDA,560,306,254,210,342,8,ITC,ITC2,2,Valle d'Aosta / Vallée d'Aoste,Valle d'Aosta,125666,107594,85.62,0.45
5040,2021-02-13,VDA,217,197,20,214,1,2,ITC,ITC2,2,Valle d'Aosta / Vallée d'Aoste,Valle d'Aosta,125666,107811,85.79,0.17
5041,2021-05-31,VDA,881,396,485,490,380,11,ITC,ITC2,2,Valle d'Aosta / Vallée d'Aoste,Valle d'Aosta,125666,108692,86.49,0.7
5042,2021-07-27,VDA,1122,597,525,561,552,9,ITC,ITC2,2,Valle d'Aosta / Vallée d'Aoste,Valle d'Aosta,125666,109814,87.39,0.89
5043,2021-04-25,VDA,850,409,441,674,139,37,ITC,ITC2,2,Valle d'Aosta / Vallée d'Aoste,Valle d'Aosta,125666,110664,88.06,0.68
5044,2021-06-21,VDA,1124,600,524,608,506,10,ITC,ITC2,2,Valle d'Aosta / Vallée d'Aoste,Valle d'Aosta,125666,111788,88.96,0.89
5045,2021-06-07,VDA,711,347,364,637,61,13,ITC,ITC2,2,Valle d'Aosta / Vallée d'Aoste,Valle d'Aosta,125666,112499,89.52,0.57
5046,2021-02-27,VDA,232,86,146,120,107,5,ITC,ITC2,2,Valle d'Aosta / Vallée d'Aoste,Valle d'Aosta,125666,112731,89.71,0.18
5047,2021-08-03,VDA,936,485,451,564,358,14,ITC,ITC2,2,Valle d'Aosta / Vallée d'Aoste,Valle d'Aosta,125666,113667,90.45,0.74
5048,2021-01-21,VDA,33,12,21,33,0,0,ITC,ITC2,2,Valle d'Aosta / Vallée d'Aoste,Valle d'Aosta,125666,113700,90.48,0.03
5049,2021-01-04,VDA,144,61,83,144,0,0,ITC,ITC2,2,Valle d'Aosta / Vallée d'Aoste,Valle d'Aosta,125666,113844,90.59,0.11
5050,2021-03-28,VDA,524,213,311,497,0,27,ITC,ITC2,2,Valle d'Aosta / Vallée d'Aoste,Valle d'Aosta,125666,114368,91.01,0.42
5051,2021-01-16,VDA,238,80,158,238,0,0,ITC,ITC2,2,Valle d'Aosta / Vallée d'Aoste,Valle d'Aosta,125666,114606,91.2,0.19
5052,2021-06-22,VDA,1192,666,526,531,649,12,ITC,ITC2,2,Valle d'Aosta / Vallée d'Aoste,Valle d'Aosta,125666,115798,92.15,0.95
5053,2021-03-14,VDA,394,202,192,376,0,18,ITC,ITC2,2,Valle d'Aosta / Vallée d'Aoste,Valle d'Aosta,125666,116192,92.46,0.31
5054,2021-04-26,VDA,718,330,388,516,170,32,ITC,ITC2,2,Valle d'Aosta / Vallée d'Aoste,Valle d'Aosta,125666,116910,93.03,0.57
5055,2021-08-27,VDA,498,259,239,126,366,6,ITC,ITC2,2,Valle d'Aosta / Vallée d'Aoste,Valle d'Aosta,125666,117408,93.43,0.4
5056,2021-07-01,VDA,962,473,489,328,621,13,ITC,ITC2,2,Valle d'Aosta / Vallée d'Aoste,Valle d'Aosta,125666,118370,94.19,0.77
5057,2021-03-19,VDA,322,85,237,285,35,2,ITC,ITC2,2,Valle d'Aosta / Vallée d'Aoste,Valle d'Aosta,125666,118692,94.45,0.26
5058,2021-05-07,VDA,566,247,319,514,30,22,ITC,ITC2,2,Valle d'Aosta / Vallée d'Aoste,Valle d'Aosta,125666,119258,94.9,0.45
5059,2021-04-23,VDA,923,443,480,511,383,29,ITC,ITC2,2,Valle d'Aosta / Vallée d'Aoste,Valle d'Aosta,125666,120181,95.64,0.73
5060,2021-01-13,VDA,338,110,228,338,0,0,ITC,ITC2,2,Valle d'Aosta / Vallée d'Aoste,Valle d'Aosta,125666,120519,95.9,0.27
5061,2021-07-29,VDA,997,508,489,320,667,10,ITC,ITC2,2,Valle d'Aosta / Vallée d'Aoste,Valle d'Aosta,125666,121516,96.7,0.79
5062,2021-07-15,VDA,1099,596,503,290,800,9,ITC,ITC2,2,Valle d'Aosta / Vallée d'Aoste,Valle d'Aosta,125666,122615,97.57,0.87
5063,2021-04-06,VDA,743,382,361,598,112,33,ITC,ITC2,2,Valle d'Aosta / Vallée d'Aoste,Valle d'Aosta,125666,123358,98.16,0.59
5064,2021-03-18,VDA,136,43,93,96,37,3,ITC,ITC2,2,Valle d'Aosta / Vallée d'Aoste,Valle d'Aosta,125666,123494,98.27,0.11
5065,2021-06-26,VDA,1066,512,554,352,707,7,ITC,ITC2,2,Valle d'Aosta / Vallée d'Aoste,Valle d'Aosta,125666,124560,99.12,0.85
5066,2021-03-04,VDA,291,139,152,38,251,2,ITC,ITC2,2,Valle d'Aosta / Vallée d'Aoste,Valle d'Aosta,125666,124851,99.35,0.23
5067,2021-05-26,VDA,1212,587,625,567,634,11,ITC,ITC2,2,Valle d'Aosta / Vallée d'Aoste,Valle d'Aosta,125666,126063,100.32,0.96
5068,2021-09-03,VDA,534,283,251,140,369,25,ITC,ITC2,2,Valle d'Aosta / Vallée d'Aoste,Valle d'Aosta,125666,126597,100.74,0.42
5069,2021-06-05,VDA,927,477,450,730,188,9,ITC,ITC2,2,Valle d'Aosta / Vallée d'Aoste,Valle d'Aosta,125666,127524,101.48,0.74
5070,2021-02-11,VDA,232,107,125,222,9,1,ITC,ITC2,2,Valle d'Aosta / Vallée d'Aoste,Valle d'Aosta,125666,127756,101.66,0.18
5071,2021-07-18,VDA,930,456,474,244,674,12,ITC,ITC2,2,Valle d'Aosta / Vallée d'Aoste,Valle d'Aosta,125666,128686,102.4,0.74
5072,2021-04-09,VDA,238,111,127,201,33,4,ITC,ITC2,2,Valle d'Aosta / Vallée d'Aoste,Valle d'Aosta,125666,128924,102.59,0.19
5073,2021-05-22,VDA,956,505,451,545,401,10,ITC,ITC2,2,Valle d'Aosta / Vallée d'Aoste,Valle d'Aosta,125666,129880,103.35,0.76
5074,2021-01-09,VDA,445,200,245,445,0,0,ITC,ITC2,2,Valle d'Aosta / Vallée d'Aoste,Valle d'Aosta,125666,130325,103.71,0.35
5075,2021-06-24,VDA,1227,631,596,381,837,9,ITC,ITC2,2,Valle d'Aosta / Vallée d'Aoste,Valle d'Aosta,125666,131552,104.68,0.98
5076,2021-07-03,VDA,937,486,451,391,537,9,ITC,ITC2,2,Valle d'Aosta / Vallée d'Aoste,Valle d'Aosta,125666,132489,105.43,0.75
5077,2021-08-29,VDA,209,120,89,6,202,1,ITC,ITC2,2,Valle d'Aosta / Vallée d'Aoste,Valle d'Aosta,125666,132698,105.6,0.17
5078,2021-02-08,VDA,224,83,141,25,199,0,ITC,ITC2,2,Valle d'Aosta / Vallée d'Aoste,Valle d'Aosta,125666,132922,105.77,0.18
5079,2021-03-23,VDA,381,150,231,230,135,16,ITC,ITC2,2,Valle d'Aosta / Vallée d'Aoste,Valle d'Aosta,125666,133303,106.08,0.3
5080,2021-05-19,VDA,993,498,495,410,575,8,ITC,ITC2,2,Valle d'Aosta / Vallée d'Aoste,Valle d'Aosta,125666,134296,106.87,0.79
5081,2021-09-05,VDA,143,75,68,4,136,3,ITC,ITC2,2,Valle d'Aosta / Vallée d'Aoste,Valle d'Aosta,125666,134439,106.98,0.11
5082,2021-03-11,VDA,392,164,228,152,239,1,ITC,ITC2,2,Valle d'Aosta / Vallée d'Aoste,Valle d'Aosta,125666,134831,107.29,0.31
5083,2021-06-02,VDA,1217,689,528,811,402,4,ITC,ITC2,2,Valle d'Aosta / Vallée d'Aoste,Valle d'Aosta,125666,136048,108.26,0.97
5084,2021-06-19,VDA,1295,671,624,658,621,16,ITC,ITC2,2,Valle d'Aosta / Vallée d'Aoste,Valle d'Aosta,125666,137343,109.29,1.03
5085,2021-09-10,VDA,614,299,315,208,363,43,ITC,ITC2,2,Valle d'Aosta / Vallée d'Aoste,Valle d'Aosta,125666,137957,109.78,0.49
5086,2021-08-24,VDA,672,370,302,144,518,10,ITC,ITC2,2,Valle d'Aosta / Vallée d'Aoste,Valle d'Aosta,125666,138629,110.32,0.53
5087,2021-03-09,VDA,206,96,110,167,32,7,ITC,ITC2,2,Valle d'Aosta / Vallée d'Aoste,Valle d'Aosta,125666,138835,110.48,0.16
5088,2021-02-20,VDA,257,215,42,244,10,3,ITC,ITC2,2,Valle d'Aosta / Vallée d'Aoste,Valle d'Aosta,125666,139092,110.68,0.2
5089,2021-03-16,VDA,185,37,148,109,67,9,ITC,ITC2,2,Valle d'Aosta / Vallée d'Aoste,Valle d'Aosta,125666,139277,110.83,0.15
5090,2021-07-25,VDA,1021,494,527,262,749,10,ITC,ITC2,2,Valle d'Aosta / Vallée d'Aoste,Valle d'Aosta,125666,140298,111.64,0.81
5091,2021-04-16,VDA,599,261,338,566,2,31,ITC,ITC2,2,Valle d'Aosta / Vallée d'Aoste,Valle d'Aosta,125666,140897,112.12,0.48
5092,2021-04-02,VDA,875,345,530,626,226,23,ITC,ITC2,2,Valle d'Aosta / Vallée d'Aoste,Valle d'Aosta,125666,141772,112.82,0.7
5093,2021-09-06,VDA,495,245,250,146,319,30,ITC,ITC2,2,Valle d'Aosta / Vallée d'Aoste,Valle d'Aosta,125666,142267,113.21,0.39
5094,2021-05-29,VDA,800,436,364,554,239,7,ITC,ITC2,2,Valle d'Aosta / Vallée d'Aoste,Valle d'Aosta,125666,143067,113.85,0.64
5095,2021-07-11,VDA,908,472,436,253,643,12,ITC,ITC2,2,Valle d'Aosta / Vallée d'Aoste,Valle d'Aosta,125666,143975,114.57,0.72
5096,2021-02-25,VDA,202,101,101,190,8,4,ITC,ITC2,2,Valle d'Aosta / Vallée d'Aoste,Valle d'Aosta,125666,144177,114.73,0.16
5097,2021-08-05,VDA,787,406,381,281,480,26,ITC,ITC2,2,Valle d'Aosta / Vallée d'Aoste,Valle d'Aosta,125666,144964,115.36,0.63
5098,2021-01-06,VDA,66,34,32,66,0,0,ITC,ITC2,2,Valle d'Aosta / Vallée d'Aoste,Valle d'Aosta,125666,145030,115.41,0.05
5099,2021-02-18,VDA,349,153,196,256,88,5,ITC,ITC2,2,Valle d'Aosta / Vallée d'Aoste,Valle d'Aosta,125666,145379,115.69,0.28
5100,2021-06-13,VDA,857,403,454,370,482,5,ITC,ITC2,2,Valle d'Aosta / Vallée d'Aoste,Valle d'Aosta,125666,146236,116.37,0.68
5101,2021-06-08,VDA,772,408,364,731,33,8,ITC,ITC2,2,Valle d'Aosta / Vallée d'Aoste,Valle d'Aosta,125666,147008,116.98,0.61
5102,2021-02-26,VDA,210,58,152,110,86,14,ITC,ITC2,2,Valle d'Aosta / Vallée d'Aoste,Valle d'Aosta,125666,147218,117.15,0.17
5103,2021-04-10,VDA,405,191,214,389,5,11,ITC,ITC2,2,Valle d'Aosta / Vallée d'Aoste,Valle d'Aosta,125666,147623,117.47,0.32
5104,2020-12-31,VDA,18,4,14,18,0,0,ITC,ITC2,2,Valle d'Aosta / Vallée d'Aoste,Valle d'Aosta,125666,147641,117.49,0.01
5105,2021-06-06,VDA,1160,582,578,780,373,7,ITC,ITC2,2,Valle d'Aosta / Vallée d'Aoste,Valle d'Aosta,125666,148801,118.41,0.92
5106,2021-06-15,VDA,924,508,416,654,257,13,ITC,ITC2,2,Valle d'Aosta / Vallée d'Aoste,Valle d'Aosta,125666,149725,119.15,0.74
5107,2021-08-11,VDA,777,380,397,304,452,21,ITC,ITC2,2,Valle d'Aosta / Vallée d'Aoste,Valle d'Aosta,125666,150502,119.76,0.62
5108,2021-03-05,VDA,277,125,152,53,223,1,ITC,ITC2,2,Valle d'Aosta / Vallée d'Aoste,Valle d'Aosta,125666,150779,119.98,0.22
5109,2021-02-28,VDA,260,86,174,73,183,4,ITC,ITC2,2,Valle d'Aosta / Vallée d'Aoste,Valle d'Aosta,125666,151039,120.19,0.21
5110,2021-05-05,VDA,1038,566,472,434,582,22,ITC,ITC2,2,Valle d'Aosta / Vallée d'Aoste,Valle d'Aosta,125666,152077,121.02,0.83
5111,2021-08-13,VDA,495,273,222,203,283,9,ITC,ITC2,2,Valle d'Aosta / Vallée d'Aoste,Valle d'Aosta,125666,152572,121.41,0.39
5112,2021-05-03,VDA,841,400,441,459,352,30,ITC,ITC2,2,Valle d'Aosta / Vallée d'Aoste,Valle d'Aosta,125666,153413,122.08,0.67
5113,2021-03-07,VDA,64,30,34,11,53,0,ITC,ITC2,2,Valle d'Aosta / Vallée d'Aoste,Valle d'Aosta,125666,153477,122.13,0.05
5114,2021-08-20,VDA,473,240,233,142,316,15,ITC,ITC2,2,Valle d'Aosta / Vallée d'Aoste,Valle d'Aosta,125666,153950,122.51,0.38
5115,2021-01-30,VDA,440,203,237,12,426,2,ITC,ITC2,2,Valle d'Aosta / Vallée d'Aoste,Valle d'Aosta,125666,154390,122.86,0.35
5116,2021-01-25,VDA,150,67,83,1,149,0,ITC,ITC2,2,Valle d'Aosta / Vallée d'Aoste,Valle d'Aosta,125666,154540,122.98,0.12
5117,2021-07-10,VDA,1295,670,625,320,964,11,ITC,ITC2,2,Valle d'Aosta / Vallée d'Aoste,Valle d'Aosta,125666,155835,124.01,1.03
5118,2021-08-22,VDA,177,88,89,8,169,0,ITC,ITC2,2,Valle d'Aosta / Vallée d'Aoste,Valle d'Aosta,125666,156012,124.15,0.14
5119,2021-05-14,VDA,964,444,520,264,670,30,ITC,ITC2,2,Valle d'Aosta / Vallée d'Aoste,Valle d'Aosta,125666,156976,124.92,0.77
5120,2021-02-01,VDA,409,128,281,86,320,3,ITC,ITC2,2,Valle d'Aosta / Vallée d'Aoste,Valle d'Aosta,125666,157385,125.24,0.33
5121,2021-07-08,VDA,1276,709,567,340,925,11,ITC,ITC2,2,Valle d'Aosta / Vallée d'Aoste,Valle d'Aosta,125666,158661,126.26,1.02
5122,2021-03-30,VDA,402,223,179,364,20,18,ITC,ITC2,2,Valle d'Aosta / Vallée d'Aoste,Valle d'Aosta,125666,159063,126.58,0.32
5123,2021-05-12,VDA,1144,550,594,449,671,24,ITC,ITC2,2,Valle d'Aosta / Vallée d'Aoste,Valle d'Aosta,125666,160207,127.49,0.91
5124,2021-07-17,VDA,987,521,466,249,731,7,ITC,ITC2,2,Valle d'Aosta / Vallée d'Aoste,Valle d'Aosta,125666,161194,128.27,0.79
5125,2021-07-30,TOS,37917,20407,17510,10794,26765,358,ITI,ITI1,9,Toscana,Toscana,3729641,37917,1.02,1.02
5126,2021-08-27,TOS,16281,8704,7577,7746,8007,528,ITI,ITI1,9,Toscana,Toscana,3729641,54198,1.45,0.44
5127,2021-01-28,TOS,6289,1885,4404,349,5933,7,ITI,ITI1,9,Toscana,Toscana,3729641,60487,1.62,0.17
5128,2021-01-16,TOS,3298,1059,2239,3240,0,58,ITI,ITI1,9,Toscana,Toscana,3729641,63785,1.71,0.09
5129,2021-04-26,TOS,10149,4936,5213,7456,2557,136,ITI,ITI1,9,Toscana,Toscana,3729641,73934,1.98,0.27
5130,2021-01-02,TOS,3547,1126,2421,3503,0,44,ITI,ITI1,9,Toscana,Toscana,3729641,77481,2.08,0.1
5131,2021-09-08,TOS,21335,11083,10252,7207,13387,741,ITI,ITI1,9,Toscana,Toscana,3729641,98816,2.65,0.57
5132,2021-08-01,TOS,29933,15324,14609,13792,15654,487,ITI,ITI1,9,Toscana,Toscana,3729641,128749,3.45,0.8
5133,2021-06-05,TOS,28456,13609,14847,20559,7621,276,ITI,ITI1,9,Toscana,Toscana,3729641,157205,4.22,0.76
5134,2021-08-08,TOS,25038,12921,12117,14611,9926,501,ITI,ITI1,9,Toscana,Toscana,3729641,182243,4.89,0.67
5135,2021-01-11,TOS,5185,1719,3466,5084,0,101,ITI,ITI1,9,Toscana,Toscana,3729641,187428,5.03,0.14
5136,2021-04-21,TOS,29659,12692,16967,16851,12169,639,ITI,ITI1,9,Toscana,Toscana,3729641,217087,5.82,0.8
5137,2021-02-23,TOS,7755,3337,4418,7241,162,352,ITI,ITI1,9,Toscana,Toscana,3729641,224842,6.03,0.21
5138,2021-06-03,TOS,32066,15457,16609,27152,4589,325,ITI,ITI1,9,Toscana,Toscana,3729641,256908,6.89,0.86
5139,2021-07-01,TOS,32085,15535,16550,10722,21080,283,ITI,ITI1,9,Toscana,Toscana,3729641,288993,7.75,0.86
5140,2021-03-26,TOS,20752,9435,11317,14709,5831,212,ITI,ITI1,9,Toscana,Toscana,3729641,309745,8.3,0.56
5141,2021-03-09,TOS,11177,4586,6591,5532,5565,80,ITI,ITI1,9,Toscana,Toscana,3729641,320922,8.6,0.3
5142,2021-04-09,TOS,24611,10590,14021,20717,3444,450,ITI,ITI1,9,Toscana,Toscana,3729641,345533,9.26,0.66
5143,2021-07-18,TOS,30390,15280,15110,8338,21842,210,ITI,ITI1,9,Toscana,Toscana,3729641,375923,10.08,0.81
5144,2021-06-17,TOS,32622,16713,15909,26713,5564,345,ITI,ITI1,9,Toscana,Toscana,3729641,408545,10.95,0.87
5145,2021-05-22,TOS,26036,12667,13369,21489,4298,249,ITI,ITI1,9,Toscana,Toscana,3729641,434581,11.65,0.7
5146,2021-05-05,TOS,30166,13465,16701,14854,14576,736,ITI,ITI1,9,Toscana,Toscana,3729641,464747,12.46,0.81
5147,2021-08-13,TOS,23111,12521,10590,11336,11229,546,ITI,ITI1,9,Toscana,Toscana,3729641,487858,13.08,0.62
5148,2021-02-28,TOS,1665,669,996,868,727,70,ITI,ITI1,9,Toscana,Toscana,3729641,489523,13.13,0.04
5149,2021-02-11,TOS,5423,2037,3386,5099,242,82,ITI,ITI1,9,Toscana,Toscana,3729641,494946,13.27,0.15
5150,2021-02-09,TOS,4534,1485,3049,3809,611,114,ITI,ITI1,9,Toscana,Toscana,3729641,499480,13.39,0.12
5151,2021-06-22,TOS,31063,15632,15431,22464,8219,380,ITI,ITI1,9,Toscana,Toscana,3729641,530543,14.23,0.83
5152,2021-05-17,TOS,29784,14883,14901,20560,8946,278,ITI,ITI1,9,Toscana,Toscana,3729641,560327,15.02,0.8
5153,2021-03-21,TOS,3296,1629,1667,1819,1434,43,ITI,ITI1,9,Toscana,Toscana,3729641,563623,15.11,0.09
5154,2021-08-25,TOS,20301,10601,9700,10600,8972,729,ITI,ITI1,9,Toscana,Toscana,3729641,583924,15.66,0.54
5155,2021-01-23,TOS,3982,1361,2621,641,3335,6,ITI,ITI1,9,Toscana,Toscana,3729641,587906,15.76,0.11
5156,2021-06-29,TOS,37057,18042,19015,7976,28926,155,ITI,ITI1,9,Toscana,Toscana,3729641,624963,16.76,0.99
5157,2021-05-03,TOS,11945,5518,6427,10363,1334,248,ITI,ITI1,9,Toscana,Toscana,3729641,636908,17.08,0.32
5158,2021-04-07,TOS,35848,15483,20365,28158,7267,423,ITI,ITI1,9,Toscana,Toscana,3729641,672756,18.04,0.96
5159,2021-07-13,TOS,29348,14736,14612,7713,21459,176,ITI,ITI1,9,Toscana,Toscana,3729641,702104,18.82,0.79
5160,2021-04-02,TOS,32015,13579,18436,23682,8078,255,ITI,ITI1,9,Toscana,Toscana,3729641,734119,19.68,0.86
5161,2021-07-11,TOS,26191,12729,13462,9172,16845,174,ITI,ITI1,9,Toscana,Toscana,3729641,760310,20.39,0.7
5162,2021-06-24,TOS,29470,14633,14837,19320,9754,396,ITI,ITI1,9,Toscana,Toscana,3729641,789780,21.18,0.79
5163,2021-01-09,TOS,4542,1622,2920,4475,0,67,ITI,ITI1,9,Toscana,Toscana,3729641,794322,21.3,0.12
5164,2021-08-20,TOS,20221,11091,9130,9962,9762,497,ITI,ITI1,9,Toscana,Toscana,3729641,814543,21.84,0.54
5165,2021-03-19,TOS,10176,4476,5700,7131,2897,148,ITI,ITI1,9,Toscana,Toscana,3729641,824719,22.11,0.27
5166,2021-01-21,TOS,1593,687,906,862,722,9,ITI,ITI1,9,Toscana,Toscana,3729641,826312,22.16,0.04
5167,2021-03-07,TOS,5659,2362,3297,2001,3547,111,ITI,ITI1,9,Toscana,Toscana,3729641,831971,22.31,0.15
5168,2021-07-20,TOS,37342,19108,18234,7967,29183,192,ITI,ITI1,9,Toscana,Toscana,3729641,869313,23.31,1.0
5169,2021-02-16,TOS,9372,3367,6005,8420,721,231,ITI,ITI1,9,Toscana,Toscana,3729641,878685,23.56,0.25
5170,2021-05-02,TOS,11181,4936,6245,8979,1968,234,ITI,ITI1,9,Toscana,Toscana,3729641,889866,23.86,0.3
5171,2021-09-01,TOS,23578,12404,11174,13372,9164,1042,ITI,ITI1,9,Toscana,Toscana,3729641,913444,24.49,0.63
5172,2021-06-10,TOS,26457,13572,12885,25547,561,349,ITI,ITI1,9,Toscana,Toscana,3729641,939901,25.2,0.71
5173,2021-05-24,TOS,33764,16728,17036,23898,9586,280,ITI,ITI1,9,Toscana,Toscana,3729641,973665,26.11,0.91
5174,2021-09-06,TOS,22644,11694,10950,9293,12324,1027,ITI,ITI1,9,Toscana,Toscana,3729641,996309,26.71,0.61
5175,2021-02-04,TOS,4264,1597,2667,942,3295,27,ITI,ITI1,9,Toscana,Toscana,3729641,1000573,26.83,0.11
5176,2021-05-15,TOS,29377,13866,15511,22871,5910,596,ITI,ITI1,9,Toscana,Toscana,3729641,1029950,27.62,0.79
5177,2021-04-28,TOS,19155,8194,10961,3446,15351,358,ITI,ITI1,9,Toscana,Toscana,3729641,1049105,28.13,0.51
5178,2021-02-18,TOS,8874,3301,5573,7793,897,184,ITI,ITI1,9,Toscana,Toscana,3729641,1057979,28.37,0.24
5179,2021-05-29,TOS,31582,15266,16316,23182,8173,227,ITI,ITI1,9,Toscana,Toscana,3729641,1089561,29.21,0.85
5180,2021-03-28,TOS,6211,2807,3404,5875,253,83,ITI,ITI1,9,Toscana,Toscana,3729641,1095772,29.38,0.17
5181,2021-01-30,TOS,4625,1623,3002,173,4434,18,ITI,ITI1,9,Toscana,Toscana,3729641,1100397,29.5,0.12
5182,2021-07-06,TOS,25797,13040,12757,11038,14530,229,ITI,ITI1,9,Toscana,Toscana,3729641,1126194,30.2,0.69
5183,2021-05-10,TOS,26243,12417,13826,15247,10649,347,ITI,ITI1,9,Toscana,Toscana,3729641,1152437,30.9,0.7
5184,2021-03-14,TOS,7191,2577,4614,3163,3935,93,ITI,ITI1,9,Toscana,Toscana,3729641,1159628,31.09,0.19
5185,2021-08-18,TOS,25948,13821,12127,12841,12503,604,ITI,ITI1,9,Toscana,Toscana,3729641,1185576,31.79,0.7
5186,2021-06-12,TOS,29406,15158,14248,24657,4393,356,ITI,ITI1,9,Toscana,Toscana,3729641,1214982,32.58,0.79
5187,2021-04-16,TOS,29000,12897,16103,21439,6927,634,ITI,ITI1,9,Toscana,Toscana,3729641,1243982,33.35,0.78
5188,2021-07-25,TOS,33928,16777,17151,7053,26694,181,ITI,ITI1,9,Toscana,Toscana,3729641,1277910,34.26,0.91
5189,2021-03-02,TOS,10600,3795,6805,7039,3447,114,ITI,ITI1,9,Toscana,Toscana,3729641,1288510,34.55,0.28
5190,2021-01-04,TOS,5240,1998,3242,5173,0,67,ITI,ITI1,9,Toscana,Toscana,3729641,1293750,34.69,0.14
5191,2021-04-14,TOS,20208,8352,11856,14533,5126,549,ITI,ITI1,9,Toscana,Toscana,3729641,1313958,35.23,0.54
5192,2021-03-18,TOS,9993,3987,6006,5865,3989,139,ITI,ITI1,9,Toscana,Toscana,3729641,1323951,35.5,0.27
5193,2021-06-26,TOS,34584,16776,17808,9992,24360,232,ITI,ITI1,9,Toscana,Toscana,3729641,1358535,36.43,0.93
5194,2021-06-09,TOS,34853,17585,17268,33960,463,430,ITI,ITI1,9,Toscana,Toscana,3729641,1393388,37.36,0.93
5195,2021-04-04,TOS,13930,6613,7317,13510,255,165,ITI,ITI1,9,Toscana,Toscana,3729641,1407318,37.73,0.37
5196,2021-08-22,TOS,18524,9966,8558,7305,10903,316,ITI,ITI1,9,Toscana,Toscana,3729641,1425842,38.23,0.5
5197,2021-02-20,TOS,4724,1815,2909,4051,537,136,ITI,ITI1,9,Toscana,Toscana,3729641,1430566,38.36,0.13
5198,2021-05-31,TOS,30361,14652,15709,19270,10849,242,ITI,ITI1,9,Toscana,Toscana,3729641,1460927,39.17,0.81
5199,2021-05-14,TOS,33406,15461,17945,20023,12741,642,ITI,ITI1,9,Toscana,Toscana,3729641,1494333,40.07,0.9
5200,2021-08-10,TOS,25936,13492,12444,16355,8933,648,ITI,ITI1,9,Toscana,Toscana,3729641,1520269,40.76,0.7
5201,2021-02-25,TOS,10648,4315,6333,9484,995,169,ITI,ITI1,9,Toscana,Toscana,3729641,1530917,41.05,0.29
5202,2021-06-28,TOS,37708,18146,19562,8436,29102,170,ITI,ITI1,9,Toscana,Toscana,3729641,1568625,42.06,1.01
5203,2021-01-20,TOS,1346,644,702,1034,249,63,ITI,ITI1,9,Toscana,Toscana,3729641,1569971,42.09,0.04
5204,2021-04-30,TOS,40253,17814,22439,19653,19954,646,ITI,ITI1,9,Toscana,Toscana,3729641,1610224,43.17,1.08
5205,2021-01-25,TOS,5136,1895,3241,243,4889,4,ITI,ITI1,9,Toscana,Toscana,3729641,1615360,43.31,0.14
5206,2021-04-18,TOS,8372,4097,4275,7061,1035,276,ITI,ITI1,9,Toscana,Toscana,3729641,1623732,43.54,0.22
5207,2021-07-27,TOS,38738,20141,18597,11271,27118,349,ITI,ITI1,9,Toscana,Toscana,3729641,1662470,44.57,1.04
5208,2021-07-10,TOS,29317,14188,15129,7952,21175,190,ITI,ITI1,9,Toscana,Toscana,3729641,1691787,45.36,0.79
5209,2021-06-02,TOS,27614,13633,13981,21867,5512,235,ITI,ITI1,9,Toscana,Toscana,3729641,1719401,46.1,0.74
5210,2021-04-06,TOS,22252,9843,12409,18091,3742,419,ITI,ITI1,9,Toscana,Toscana,3729641,1741653,46.7,0.6
5211,2021-09-10,TOS,17980,9437,8543,5458,11909,613,ITI,ITI1,9,Toscana,Toscana,3729641,1759633,47.18,0.48
5212,2021-02-08,TOS,4132,1372,2760,3561,459,112,ITI,ITI1,9,Toscana,Toscana,3729641,1763765,47.29,0.11
5213,2021-07-15,TOS,31265,15303,15962,8094,22923,248,ITI,ITI1,9,Toscana,Toscana,3729641,1795030,48.13,0.84
5214,2021-05-19,TOS,27979,13589,14390,18644,9068,267,ITI,ITI1,9,Toscana,Toscana,3729641,1823009,48.88,0.75
5215,2021-04-13,TOS,8505,3513,4992,5741,2481,283,ITI,ITI1,9,Toscana,Toscana,3729641,1831514,49.11,0.23
5216,2021-09-05,TOS,15146,8036,7110,6343,8279,524,ITI,ITI1,9,Toscana,Toscana,3729641,1846660,49.51,0.41
5217,2021-02-06,TOS,4539,1555,2984,1270,3236,33,ITI,ITI1,9,Toscana,Toscana,3729641,1851199,49.63,0.12
5218,2021-09-12,TOS,13857,7149,6708,3397,10007,453,ITI,ITI1,9,Toscana,Toscana,3729641,1865056,50.01,0.37
5219,2021-07-17,TOS,27761,14345,13416,8963,18557,241,ITI,ITI1,9,Toscana,Toscana,3729641,1892817,50.75,0.74
5220,2021-03-16,TOS,4924,1889,3035,2584,2259,81,ITI,ITI1,9,Toscana,Toscana,3729641,1897741,50.88,0.13
5221,2021-02-27,TOS,2000,763,1237,1019,903,78,ITI,ITI1,9,Toscana,Toscana,3729641,1899741,50.94,0.05
5222,2021-06-07,TOS,34980,17164,17816,30977,3655,348,ITI,ITI1,9,Toscana,Toscana,3729641,1934721,51.87,0.94
5223,2021-05-21,TOS,28962,13504,15458,17229,11476,257,ITI,ITI1,9,Toscana,Toscana,3729641,1963683,52.65,0.78
5224,2021-08-29,TOS,16992,8982,8010,7577,8832,583,ITI,ITI1,9,Toscana,Toscana,3729641,1980675,53.11,0.46
5225,2021-03-01,TOS,4476,1732,2744,766,3643,67,ITI,ITI1,9,Toscana,Toscana,3729641,1985151,53.23,0.12
5226,2021-01-01,TOS,2410,814,1596,2364,0,46,ITI,ITI1,9,Toscana,Toscana,3729641,1987561,53.29,0.06
5227,2021-04-11,TOS,3641,1680,1961,3331,155,155,ITI,ITI1,9,Toscana,Toscana,3729641,1991202,53.39,0.1
5228,2021-07-03,TOS,29437,14831,14606,11876,17176,385,ITI,ITI1,9,Toscana,Toscana,3729641,2020639,54.18,0.79
5229,2021-08-07,TOS,30475,16295,14180,14217,15771,487,ITI,ITI1,9,Toscana,Toscana,3729641,2051114,54.99,0.82
5230,2021-08-06,TOS,32963,17674,15289,15346,17140,477,ITI,ITI1,9,Toscana,Toscana,3729641,2084077,55.88,0.88
5231,2021-03-23,TOS,9449,4414,5035,6961,2288,200,ITI,ITI1,9,Toscana,Toscana,3729641,2093526,56.13,0.25
5232,2020-12-30,TOS,327,104,223,326,0,1,ITI,ITI1,9,Toscana,Toscana,3729641,2093853,56.14,0.01
5233,2021-08-24,TOS,21886,11478,10408,12727,8295,864,ITI,ITI1,9,Toscana,Toscana,3729641,2115739,56.73,0.59
5234,2021-08-05,TOS,34754,18025,16729,12128,22253,373,ITI,ITI1,9,Toscana,Toscana,3729641,2150493,57.66,0.93
5235,2021-05-12,TOS,34235,15591,18644,13584,20065,586,ITI,ITI1,9,Toscana,Toscana,3729641,2184728,58.58,0.92
5236,2021-01-18,TOS,1127,639,488,979,98,50,ITI,ITI1,9,Toscana,Toscana,3729641,2185855,58.61,0.03
5237,2021-02-01,TOS,5524,1962,3562,520,4994,10,ITI,ITI1,9,Toscana,Toscana,3729641,2191379,58.76,0.15
5238,2021-05-23,TOS,28443,13678,14765,25611,2563,269,ITI,ITI1,9,Toscana,Toscana,3729641,2219822,59.52,0.76
5239,2021-08-31,TOS,20910,10892,10018,11383,8778,749,ITI,ITI1,9,Toscana,Toscana,3729641,2240732,60.08,0.56
5240,2021-08-14,TOS,22391,12223,10168,10457,11515,419,ITI,ITI1,9,Toscana,Toscana,3729641,2263123,60.68,0.6
5241,2021-08-12,TOS,25849,13448,12401,14309,10896,644,ITI,ITI1,9,Toscana,Toscana,3729641,2288972,61.37,0.69
5242,2021-07-26,TOS,38303,19867,18436,10084,27909,310,ITI,ITI1,9,Toscana,Toscana,3729641,2327275,62.4,1.03
5243,2021-02-10,TOS,4315,1309,3006,3633,526,156,ITI,ITI1,9,Toscana,Toscana,3729641,2331590,62.52,0.12
5244,2021-05-07,TOS,32190,14720,17470,11348,20227,615,ITI,ITI1,9,Toscana,Toscana,3729641,2363780,63.38,0.86
5245,2021-08-15,TOS,14689,7761,6928,5269,9236,184,ITI,ITI1,9,Toscana,Toscana,3729641,2378469,63.77,0.39
5246,2021-07-29,TOS,39417,20535,18882,12611,26458,348,ITI,ITI1,9,Toscana,Toscana,3729641,2417886,64.83,1.06
5247,2021-02-13,TOS,7869,2390,5479,7493,227,149,ITI,ITI1,9,Toscana,Toscana,3729641,2425755,65.04,0.21
5248,2021-06-11,TOS,29764,15502,14262,24737,4661,366,ITI,ITI1,9,Toscana,Toscana,3729641,2455519,65.84,0.8
5249,2021-04-15,TOS,24508,10242,14266,15353,8624,531,ITI,ITI1,9,Toscana,Toscana,3729641,2480027,66.5,0.66
5250,2021-02-17,TOS,8228,3193,5035,7349,754,125,ITI,ITI1,9,Toscana,Toscana,3729641,2488255,66.72,0.22
5251,2021-07-24,TOS,38456,19376,19080,6848,31376,232,ITI,ITI1,9,Toscana,Toscana,3729641,2526711,67.75,1.03
5252,2021-04-27,TOS,10377,4927,5450,3667,6506,204,ITI,ITI1,9,Toscana,Toscana,3729641,2537088,68.02,0.28
5253,2021-07-19,TOS,38039,18960,19079,8806,28943,290,ITI,ITI1,9,Toscana,Toscana,3729641,2575127,69.04,1.02
5254,2021-03-06,TOS,7137,2859,4278,2849,4203,85,ITI,ITI1,9,Toscana,Toscana,3729641,2582264,69.24,0.19
5255,2021-08-21,TOS,17983,9957,8026,8147,9458,378,ITI,ITI1,9,Toscana,Toscana,3729641,2600247,69.72,0.48
5256,2021-02-03,TOS,4227,1452,2775,236,3987,4,ITI,ITI1,9,Toscana,Toscana,3729641,2604474,69.83,0.11
5257,2021-01-15,TOS,3916,1362,2554,3856,0,60,ITI,ITI1,9,Toscana,Toscana,3729641,2608390,69.94,0.1
5258,2021-05-04,TOS,18329,8220,10109,12414,5470,445,ITI,ITI1,9,Toscana,Toscana,3729641,2626719,70.43,0.49
5259,2021-02-12,TOS,7682,2719,4963,7355,213,114,ITI,ITI1,9,Toscana,Toscana,3729641,2634401,70.63,0.21
5260,2021-07-28,TOS,38577,20170,18407,12107,26131,339,ITI,ITI1,9,Toscana,Toscana,3729641,2672978,71.67,1.03
5261,2021-01-26,TOS,5400,1795,3605,218,5178,4,ITI,ITI1,9,Toscana,Toscana,3729641,2678378,71.81,0.14
5262,2021-05-06,TOS,31437,13674,17763,13451,17291,695,ITI,ITI1,9,Toscana,Toscana,3729641,2709815,72.66,0.84
5263,2021-04-19,TOS,9105,4516,4589,7754,1034,317,ITI,ITI1,9,Toscana,Toscana,3729641,2718920,72.9,0.24
5264,2021-04-17,TOS,20584,9232,11352,17948,2146,490,ITI,ITI1,9,Toscana,Toscana,3729641,2739504,73.45,0.55
5265,2021-04-25,TOS,11067,5252,5815,8760,2146,161,ITI,ITI1,9,Toscana,Toscana,3729641,2750571,73.75,0.3
5266,2021-08-03,TOS,36353,18926,17427,12167,23808,378,ITI,ITI1,9,Toscana,Toscana,3729641,2786924,74.72,0.97
5267,2021-01-13,TOS,4126,1423,2703,4061,0,65,ITI,ITI1,9,Toscana,Toscana,3729641,2791050,74.83,0.11
5268,2021-04-23,TOS,25684,11434,14250,8799,16354,531,ITI,ITI1,9,Toscana,Toscana,3729641,2816734,75.52,0.69
5269,2021-01-08,TOS,6063,1695,4368,5970,0,93,ITI,ITI1,9,Toscana,Toscana,3729641,2822797,75.69,0.16
5270,2021-07-12,TOS,28288,14007,14281,9664,18320,304,ITI,ITI1,9,Toscana,Toscana,3729641,2851085,76.44,0.76
5271,2021-04-01,TOS,27170,11271,15899,16193,10735,242,ITI,ITI1,9,Toscana,Toscana,3729641,2878255,77.17,0.73
5272,2021-03-15,TOS,8703,3646,5057,4080,4449,174,ITI,ITI1,9,Toscana,Toscana,3729641,2886958,77.41,0.23
5273,2021-06-23,TOS,31584,15317,16267,19820,11398,366,ITI,ITI1,9,Toscana,Toscana,3729641,2918542,78.25,0.85
5274,2021-05-28,TOS,30155,13959,16196,17431,12493,231,ITI,ITI1,9,Toscana,Toscana,3729641,2948697,79.06,0.81
5275,2021-04-22,TOS,35788,15317,20471,17401,17559,828,ITI,ITI1,9,Toscana,Toscana,3729641,2984485,80.02,0.96
5276,2021-02-24,TOS,10408,4489,5919,10070,198,140,ITI,ITI1,9,Toscana,Toscana,3729641,2994893,80.3,0.28
5277,2021-07-31,TOS,35846,19218,16628,12373,23018,455,ITI,ITI1,9,Toscana,Toscana,3729641,3030739,81.26,0.96
5278,2021-06-04,TOS,28342,13452,14890,20261,7811,270,ITI,ITI1,9,Toscana,Toscana,3729641,3059081,82.02,0.76
5279,2021-04-08,TOS,29815,12613,17202,22998,6448,369,ITI,ITI1,9,Toscana,Toscana,3729641,3088896,82.82,0.8
5280,2021-01-17,TOS,2542,871,1671,1993,514,35,ITI,ITI1,9,Toscana,Toscana,3729641,3091438,82.89,0.07
5281,2021-07-05,TOS,30532,15095,15437,10342,19959,231,ITI,ITI1,9,Toscana,Toscana,3729641,3121970,83.71,0.82
5282,2021-03-08,TOS,6742,2960,3782,1865,4830,47,ITI,ITI1,9,Toscana,Toscana,3729641,3128712,83.89,0.18
5283,2021-06-16,TOS,31800,16280,15520,26287,5189,324,ITI,ITI1,9,Toscana,Toscana,3729641,3160512,84.74,0.85
5284,2021-05-30,TOS,28706,13958,14748,21510,6954,242,ITI,ITI1,9,Toscana,Toscana,3729641,3189218,85.51,0.77
5285,2021-09-07,TOS,18911,9790,9121,6725,11554,632,ITI,ITI1,9,Toscana,Toscana,3729641,3208129,86.02,0.51
5286,2021-09-09,TOS,19995,10255,9740,6881,12184,930,ITI,ITI1,9,Toscana,Toscana,3729641,3228124,86.55,0.54
5287,2021-06-18,TOS,30831,16269,14562,25005,5411,415,ITI,ITI1,9,Toscana,Toscana,3729641,3258955,87.38,0.83
5288,2021-03-25,TOS,23989,10409,13580,15319,8408,262,ITI,ITI1,9,Toscana,Toscana,3729641,3282944,88.02,0.64
5289,2021-04-12,TOS,2631,1195,1436,1806,656,169,ITI,ITI1,9,Toscana,Toscana,3729641,3285575,88.09,0.07
5290,2021-01-24,TOS,3349,1072,2277,196,3150,3,ITI,ITI1,9,Toscana,Toscana,3729641,3288924,88.18,0.09
5291,2021-01-07,TOS,6180,1840,4340,6092,0,88,ITI,ITI1,9,Toscana,Toscana,3729641,3295104,88.35,0.17
5292,2021-07-22,TOS,39403,19804,19599,4481,34752,170,ITI,ITI1,9,Toscana,Toscana,3729641,3334507,89.41,1.06
5293,2021-05-26,TOS,35627,17118,18509,20149,15222,256,ITI,ITI1,9,Toscana,Toscana,3729641,3370134,90.36,0.96
5294,2021-03-30,TOS,17040,7644,9396,13268,3574,198,ITI,ITI1,9,Toscana,Toscana,3729641,3387174,90.82,0.46
5295,2021-09-03,TOS,14158,7396,6762,7538,5915,705,ITI,ITI1,9,Toscana,Toscana,3729641,3401332,91.2,0.38
5296,2021-07-08,TOS,21098,10372,10726,9268,11589,241,ITI,ITI1,9,Toscana,Toscana,3729641,3422430,91.76,0.57
5297,2021-03-03,TOS,18233,6538,11695,14496,3609,128,ITI,ITI1,9,Toscana,Toscana,3729641,3440663,92.25,0.49
5298,2021-01-05,TOS,5386,1835,3551,5326,0,60,ITI,ITI1,9,Toscana,Toscana,3729641,3446049,92.4,0.14
5299,2021-01-19,TOS,1116,535,581,1074,0,42,ITI,ITI1,9,Toscana,Toscana,3729641,3447165,92.43,0.03
5300,2021-07-21,TOS,38515,19658,18857,7343,30935,237,ITI,ITI1,9,Toscana,Toscana,3729641,3485680,93.46,1.03
5301,2021-05-13,TOS,35199,15548,19651,13204,21354,641,ITI,ITI1,9,Toscana,Toscana,3729641,3520879,94.4,0.94
5302,2021-08-04,TOS,34855,18033,16822,11355,23080,420,ITI,ITI1,9,Toscana,Toscana,3729641,3555734,95.34,0.93
5303,2021-04-29,TOS,39393,17744,21649,18561,20168,664,ITI,ITI1,9,Toscana,Toscana,3729641,3595127,96.39,1.06
5304,2021-03-24,TOS,20047,8317,11730,10411,9491,145,ITI,ITI1,9,Toscana,Toscana,3729641,3615174,96.93,0.54
5305,2021-02-21,TOS,5165,2104,3061,4790,170,205,ITI,ITI1,9,Toscana,Toscana,3729641,3620339,97.07,0.14
5306,2021-06-01,TOS,26966,13400,13566,22872,3838,256,ITI,ITI1,9,Toscana,Toscana,3729641,3647305,97.79,0.72
5307,2021-07-02,TOS,28315,14211,14104,10815,17202,298,ITI,ITI1,9,Toscana,Toscana,3729641,3675620,98.55,0.76
5308,2021-06-15,TOS,31236,16079,15157,26313,4574,349,ITI,ITI1,9,Toscana,Toscana,3729641,3706856,99.39,0.84
5309,2021-03-10,TOS,18418,7421,10997,14315,3997,106,ITI,ITI1,9,Toscana,Toscana,3729641,3725274,99.88,0.49
5310,2021-02-02,TOS,3745,1477,2268,187,3551,7,ITI,ITI1,9,Toscana,Toscana,3729641,3729019,99.98,0.1
5311,2021-08-11,TOS,27067,14196,12871,16912,9418,737,ITI,ITI1,9,Toscana,Toscana,3729641,3756086,100.71,0.73
5312,2021-01-12,TOS,3631,1417,2214,3558,0,73,ITI,ITI1,9,Toscana,Toscana,3729641,3759717,100.81,0.1
5313,2021-01-10,TOS,3036,1123,1913,2982,0,54,ITI,ITI1,9,Toscana,Toscana,3729641,3762753,100.89,0.08
5314,2021-04-20,TOS,18164,8111,10053,12207,5593,364,ITI,ITI1,9,Toscana,Toscana,3729641,3780917,101.37,0.49
5315,2021-04-03,TOS,15018,6647,8371,13679,1123,216,ITI,ITI1,9,Toscana,Toscana,3729641,3795935,101.78,0.4
5316,2021-01-27,TOS,4837,1575,3262,200,4632,5,ITI,ITI1,9,Toscana,Toscana,3729641,3800772,101.91,0.13
5317,2021-09-02,TOS,18081,9433,8648,11057,6110,914,ITI,ITI1,9,Toscana,Toscana,3729641,3818853,102.39,0.48
5318,2021-03-20,TOS,6593,2979,3614,5363,1139,91,ITI,ITI1,9,Toscana,Toscana,3729641,3825446,102.57,0.18
5319,2021-01-22,TOS,2867,1064,1803,526,2338,3,ITI,ITI1,9,Toscana,Toscana,3729641,3828313,102.65,0.08
5320,2021-07-07,TOS,25647,12610,13037,9332,16122,193,ITI,ITI1,9,Toscana,Toscana,3729641,3853960,103.33,0.69
5321,2021-07-04,TOS,31550,15322,16228,9361,21890,299,ITI,ITI1,9,Toscana,Toscana,3729641,3885510,104.18,0.85
5322,2020-12-31,TOS,802,201,601,798,0,4,ITI,ITI1,9,Toscana,Toscana,3729641,3886312,104.2,0.02
5323,2021-04-10,TOS,11715,5345,6370,10735,742,238,ITI,ITI1,9,Toscana,Toscana,3729641,3898027,104.51,0.31
5324,2021-08-23,TOS,22743,11813,10930,11474,10540,729,ITI,ITI1,9,Toscana,Toscana,3729641,3920770,105.12,0.61
5325,2021-02-19,TOS,8345,2968,5377,7652,513,180,ITI,ITI1,9,Toscana,Toscana,3729641,3929115,105.35,0.22
5326,2020-12-27,TOS,629,275,354,624,0,5,ITI,ITI1,9,Toscana,Toscana,3729641,3929744,105.37,0.02
5327,2021-08-02,TOS,35310,18089,17221,13357,21559,394,ITI,ITI1,9,Toscana,Toscana,3729641,3965054,106.31,0.95
5328,2021-01-03,TOS,3364,1070,2294,3317,0,47,ITI,ITI1,9,Toscana,Toscana,3729641,3968418,106.4,0.09
5329,2021-03-27,TOS,8866,4156,4710,8512,216,138,ITI,ITI1,9,Toscana,Toscana,3729641,3977284,106.64,0.24
5330,2021-06-30,TOS,38288,18527,19761,8462,29606,220,ITI,ITI1,9,Toscana,Toscana,3729641,4015572,107.67,1.03
5331,2021-02-14,TOS,9064,2587,6477,8800,110,154,ITI,ITI1,9,Toscana,Toscana,3729641,4024636,107.91,0.24
5332,2021-05-25,TOS,34210,16517,17693,19293,14644,273,ITI,ITI1,9,Toscana,Toscana,3729641,4058846,108.83,0.92
5333,2021-03-29,TOS,9686,4843,4843,9201,350,135,ITI,ITI1,9,Toscana,Toscana,3729641,4068532,109.09,0.26
5334,2021-09-11,TOS,19017,9963,9054,5428,12971,618,ITI,ITI1,9,Toscana,Toscana,3729641,4087549,109.6,0.51
5335,2021-08-30,TOS,24783,12538,12245,13120,10536,1127,ITI,ITI1,9,Toscana,Toscana,3729641,4112332,110.26,0.66
5336,2021-03-17,TOS,11449,4600,6849,6818,4537,94,ITI,ITI1,9,Toscana,Toscana,3729641,4123781,110.57,0.31
5337,2021-06-25,TOS,33654,16832,16822,12105,21266,283,ITI,ITI1,9,Toscana,Toscana,3729641,4157435,111.47,0.9
5338,2021-06-08,TOS,32612,16730,15882,31736,491,385,ITI,ITI1,9,Toscana,Toscana,3729641,4190047,112.34,0.87
5339,2021-02-26,TOS,10105,3848,6257,8675,1211,219,ITI,ITI1,9,Toscana,Toscana,3729641,4200152,112.62,0.27
5340,2021-06-06,TOS,28330,13665,14665,22590,5373,367,ITI,ITI1,9,Toscana,Toscana,3729641,4228482,113.38,0.76
5341,2021-05-27,TOS,28383,13212,15171,13279,14882,222,ITI,ITI1,9,Toscana,Toscana,3729641,4256865,114.14,0.76
5342,2021-03-31,TOS,32802,13293,19509,20207,12252,343,ITI,ITI1,9,Toscana,Toscana,3729641,4289667,115.02,0.88
5343,2021-09-04,TOS,16669,8914,7755,7539,8366,764,ITI,ITI1,9,Toscana,Toscana,3729641,4306336,115.46,0.45
5344,2021-07-09,TOS,29145,14118,15027,7690,21259,196,ITI,ITI1,9,Toscana,Toscana,3729641,4335481,116.24,0.78
5345,2021-03-22,TOS,5261,2771,2490,4676,448,137,ITI,ITI1,9,Toscana,Toscana,3729641,4340742,116.38,0.14
5346,2021-02-15,TOS,8866,3407,5459,7866,828,172,ITI,ITI1,9,Toscana,Toscana,3729641,4349608,116.62,0.24
5347,2021-02-22,TOS,9891,4276,5615,9236,277,378,ITI,ITI1,9,Toscana,Toscana,3729641,4359499,116.89,0.27
5348,2021-05-08,TOS,29193,13132,16061,13263,15529,401,ITI,ITI1,9,Toscana,Toscana,3729641,4388692,117.67,0.78
5349,2021-03-12,TOS,17049,6645,10404,13322,3532,195,ITI,ITI1,9,Toscana,Toscana,3729641,4405741,118.13,0.46
5350,2021-08-16,TOS,30004,15751,14253,16600,12701,703,ITI,ITI1,9,Toscana,Toscana,3729641,4435745,118.93,0.8
5351,2021-01-14,TOS,3285,1186,2099,3249,0,36,ITI,ITI1,9,Toscana,Toscana,3729641,4439030,119.02,0.09
5352,2021-06-20,TOS,25188,12489,12699,15423,9522,243,ITI,ITI1,9,Toscana,Toscana,3729641,4464218,119.7,0.68
5353,2021-04-24,TOS,13452,6175,7277,5622,7461,369,ITI,ITI1,9,Toscana,Toscana,3729641,4477670,120.06,0.36
5354,2021-06-27,TOS,33310,16081,17229,5911,27265,134,ITI,ITI1,9,Toscana,Toscana,3729641,4510980,120.95,0.89
5355,2021-05-01,TOS,23341,10071,13270,13728,9228,385,ITI,ITI1,9,Toscana,Toscana,3729641,4534321,121.58,0.63
5356,2021-03-05,TOS,16906,6697,10209,11963,4761,182,ITI,ITI1,9,Toscana,Toscana,3729641,4551227,122.03,0.45
5357,2021-08-09,TOS,28979,14721,14258,18505,9764,710,ITI,ITI1,9,Toscana,Toscana,3729641,4580206,122.81,0.78
5358,2021-06-13,TOS,24622,12355,12267,22600,1659,363,ITI,ITI1,9,Toscana,Toscana,3729641,4604828,123.47,0.66
5359,2021-06-14,TOS,31837,16353,15484,27430,4109,298,ITI,ITI1,9,Toscana,Toscana,3729641,4636665,124.32,0.85
5360,2021-03-04,TOS,17902,6981,10921,14657,3085,160,ITI,ITI1,9,Toscana,Toscana,3729641,4654567,124.8,0.48
5361,2021-08-17,TOS,25993,14023,11970,11461,14035,497,ITI,ITI1,9,Toscana,Toscana,3729641,4680560,125.5,0.7
5362,2021-06-21,TOS,31210,15500,15710,18143,12801,266,ITI,ITI1,9,Toscana,Toscana,3729641,4711770,126.33,0.84
5363,2021-01-06,TOS,4614,1503,3111,4562,0,52,ITI,ITI1,9,Toscana,Toscana,3729641,4716384,126.46,0.12
5364,2021-03-11,TOS,16044,6416,9628,12486,3373,185,ITI,ITI1,9,Toscana,Toscana,3729641,4732428,126.89,0.43
5365,2021-06-19,TOS,26525,13931,12594,21394,4792,339,ITI,ITI1,9,Toscana,Toscana,3729641,4758953,127.6,0.71
5366,2021-02-05,TOS,5770,2250,3520,1905,3831,34,ITI,ITI1,9,Toscana,Toscana,3729641,4764723,127.75,0.15
5367,2021-05-16,TOS,26693,12896,13797,23927,2470,296,ITI,ITI1,9,Toscana,Toscana,3729641,4791416,128.47,0.72
5368,2021-05-11,TOS,27972,12997,14975,12102,15490,380,ITI,ITI1,9,Toscana,Toscana,3729641,4819388,129.22,0.75
5369,2021-08-19,TOS,24199,12836,11363,11915,11653,631,ITI,ITI1,9,Toscana,Toscana,3729641,4843587,129.87,0.65
5370,2021-03-13,TOS,9312,3317,5995,5189,3968,155,ITI,ITI1,9,Toscana,Toscana,3729641,4852899,130.12,0.25
5371,2021-07-14,TOS,28963,14295,14668,8605,20099,259,ITI,ITI1,9,Toscana,Toscana,3729641,4881862,130.89,0.78
5372,2021-01-29,TOS,6150,1702,4448,290,5848,12,ITI,ITI1,9,Toscana,Toscana,3729641,4888012,131.06,0.16
5373,2021-05-09,TOS,22557,9785,12772,9413,12882,262,ITI,ITI1,9,Toscana,Toscana,3729641,4910569,131.66,0.6
5374,2021-08-26,TOS,18584,9740,8844,9497,8365,722,ITI,ITI1,9,Toscana,Toscana,3729641,4929153,132.16,0.5
5375,2021-07-16,TOS,27685,14051,13634,7705,19726,254,ITI,ITI1,9,Toscana,Toscana,3729641,4956838,132.9,0.74
5376,2021-05-20,TOS,29785,13927,15858,18641,10859,285,ITI,ITI1,9,Toscana,Toscana,3729641,4986623,133.7,0.8
5377,2021-08-28,TOS,15783,8502,7281,6370,8959,454,ITI,ITI1,9,Toscana,Toscana,3729641,5002406,134.13,0.42
5378,2021-01-31,TOS,3052,1131,1921,100,2949,3,ITI,ITI1,9,Toscana,Toscana,3729641,5005458,134.21,0.08
5379,2021-04-05,TOS,15288,6826,8462,14371,737,180,ITI,ITI1,9,Toscana,Toscana,3729641,5020746,134.62,0.41
5380,2021-02-07,TOS,2818,958,1860,872,1926,20,ITI,ITI1,9,Toscana,Toscana,3729641,5023564,134.69,0.08
5381,2021-07-23,TOS,38463,19308,19155,4387,33919,157,ITI,ITI1,9,Toscana,Toscana,3729641,5062027,135.72,1.03
5382,2021-05-18,TOS,28853,14281,14572,19765,8835,253,ITI,ITI1,9,Toscana,Toscana,3729641,5090880,136.5,0.77
