,data,area,Vaccinazioni giornaliere,sesso_maschile,sesso_femminile,Operatori sanitari - sociosanitari,Personale non sanitario,categoria_altro,Ospiti RSA,categoria_over80,categoria_forze_armate,categoria_personale_scolastico,prima_dose,seconda_dose,codice_NUTS1,codice_NUTS2,codice_regione_ISTAT,nome_area,Regione,popolazione,Totale vaccinazioni,Totale vaccinazioni ogni cento ab,Vaccinazioni giornaliere ogni cento ab
0,2020-12-27,CAL,275,150,125,274,0,1,0,0,0,0,275,0,ITF,ITF6,18,Calabria,Calabria,1947131,275,0.01,0.01
1,2021-03-18,CAL,4242,1979,2263,359,49,1318,232,2195,44,45,2273,1969,ITF,ITF6,18,Calabria,Calabria,1947131,4517,0.23,0.22
2,2021-03-19,CAL,4185,1947,2238,486,5,1326,293,1965,8,102,1899,2286,ITF,ITF6,18,Calabria,Calabria,1947131,8702,0.45,0.21
3,2021-03-08,CAL,5322,2821,2501,708,25,1793,453,1517,823,3,4264,1058,ITF,ITF6,18,Calabria,Calabria,1947131,14024,0.72,0.27
4,2021-01-29,CAL,2048,984,1064,1752,4,243,49,0,0,0,234,1814,ITF,ITF6,18,Calabria,Calabria,1947131,16072,0.83,0.11
5,2021-04-04,CAL,1735,875,860,34,0,1110,22,502,0,67,1236,499,ITF,ITF6,18,Calabria,Calabria,1947131,17807,0.91,0.09
6,2021-02-25,CAL,2821,1519,1302,736,49,587,234,863,348,4,2242,579,ITF,ITF6,18,Calabria,Calabria,1947131,20628,1.06,0.14
7,2021-03-16,CAL,3777,1850,1927,460,5,1121,22,2081,58,30,2179,1598,ITF,ITF6,18,Calabria,Calabria,1947131,24405,1.25,0.19
8,2021-02-11,CAL,2341,1043,1298,1464,71,565,241,0,0,0,1081,1260,ITF,ITF6,18,Calabria,Calabria,1947131,26746,1.37,0.12
9,2021-01-27,CAL,1457,734,723,1226,2,206,23,0,0,0,396,1061,ITF,ITF6,18,Calabria,Calabria,1947131,28203,1.45,0.07
10,2021-03-31,CAL,8821,4006,4815,378,10,3173,629,2512,68,2051,4882,3939,ITF,ITF6,18,Calabria,Calabria,1947131,37024,1.9,0.45
11,2021-02-08,CAL,1847,733,1114,1214,158,354,121,0,0,0,661,1186,ITF,ITF6,18,Calabria,Calabria,1947131,38871,2.0,0.09
12,2021-01-30,CAL,2173,1147,1026,1974,0,199,0,0,0,0,358,1815,ITF,ITF6,18,Calabria,Calabria,1947131,41044,2.11,0.11
13,2021-01-12,CAL,2058,1017,1041,1706,0,323,29,0,0,0,2058,0,ITF,ITF6,18,Calabria,Calabria,1947131,43102,2.21,0.11
14,2021-04-02,CAL,8077,3689,4388,361,21,3085,597,2764,96,1153,4214,3863,ITF,ITF6,18,Calabria,Calabria,1947131,51179,2.63,0.41
15,2021-03-07,CAL,3131,1561,1570,105,0,655,348,1674,347,2,3042,89,ITF,ITF6,18,Calabria,Calabria,1947131,54310,2.79,0.16
16,2021-03-20,CAL,6480,2982,3498,432,7,1581,398,3562,34,466,4092,2388,ITF,ITF6,18,Calabria,Calabria,1947131,60790,3.12,0.33
17,2021-02-24,CAL,1843,940,903,658,7,359,115,653,47,4,1368,475,ITF,ITF6,18,Calabria,Calabria,1947131,62633,3.22,0.09
18,2021-01-22,CAL,656,274,382,298,4,244,110,0,0,0,654,2,ITF,ITF6,18,Calabria,Calabria,1947131,63289,3.25,0.03
19,2021-03-04,CAL,5389,3111,2278,646,105,1312,731,1540,1053,2,4593,796,ITF,ITF6,18,Calabria,Calabria,1947131,68678,3.53,0.28
20,2021-01-31,CAL,1108,554,554,765,1,284,58,0,0,0,155,953,ITF,ITF6,18,Calabria,Calabria,1947131,69786,3.58,0.06
21,2021-03-28,CAL,2534,1172,1362,127,20,1216,26,719,14,412,1404,1130,ITF,ITF6,18,Calabria,Calabria,1947131,72320,3.71,0.13
22,2021-02-18,CAL,1801,804,997,586,55,454,299,346,0,61,1578,223,ITF,ITF6,18,Calabria,Calabria,1947131,74121,3.81,0.09
23,2021-03-05,CAL,6171,3565,2606,696,33,1557,710,1856,1314,5,5595,576,ITF,ITF6,18,Calabria,Calabria,1947131,80292,4.12,0.32
24,2021-02-28,CAL,2168,983,1185,113,8,144,190,1707,6,0,2017,151,ITF,ITF6,18,Calabria,Calabria,1947131,82460,4.23,0.11
25,2021-01-09,CAL,1916,1036,880,1529,0,387,0,0,0,0,1916,0,ITF,ITF6,18,Calabria,Calabria,1947131,84376,4.33,0.1
26,2021-01-21,CAL,958,444,514,735,1,107,115,0,0,0,929,29,ITF,ITF6,18,Calabria,Calabria,1947131,85334,4.38,0.05
27,2021-03-14,CAL,2543,1018,1525,322,2,374,312,802,9,722,2143,400,ITF,ITF6,18,Calabria,Calabria,1947131,87877,4.51,0.13
28,2021-02-09,CAL,2147,904,1243,1422,220,274,231,0,0,0,948,1199,ITF,ITF6,18,Calabria,Calabria,1947131,90024,4.62,0.11
29,2021-02-13,CAL,1331,583,748,731,18,470,111,1,0,0,968,363,ITF,ITF6,18,Calabria,Calabria,1947131,91355,4.69,0.07
30,2021-01-25,CAL,1064,512,552,1021,0,43,0,0,0,0,156,908,ITF,ITF6,18,Calabria,Calabria,1947131,92419,4.75,0.05
31,2021-03-10,CAL,6445,3280,3165,743,42,2312,586,2021,677,64,5252,1193,ITF,ITF6,18,Calabria,Calabria,1947131,98864,5.08,0.33
32,2021-02-19,CAL,1461,652,809,544,21,320,195,380,1,0,1200,261,ITF,ITF6,18,Calabria,Calabria,1947131,100325,5.15,0.08
33,2021-02-12,CAL,1711,669,1042,815,42,718,136,0,0,0,943,768,ITF,ITF6,18,Calabria,Calabria,1947131,102036,5.24,0.09
34,2021-02-06,CAL,2910,1338,1572,2095,30,537,248,0,0,0,442,2468,ITF,ITF6,18,Calabria,Calabria,1947131,104946,5.39,0.15
35,2021-02-05,CAL,3796,1709,2087,2327,298,617,554,0,0,0,488,3308,ITF,ITF6,18,Calabria,Calabria,1947131,108742,5.58,0.19
36,2021-03-03,CAL,4871,2655,2216,631,110,1047,917,1369,793,4,3808,1063,ITF,ITF6,18,Calabria,Calabria,1947131,113613,5.83,0.25
37,2021-04-06,CAL,7196,3227,3969,376,6,3091,444,2442,33,804,4134,3062,ITF,ITF6,18,Calabria,Calabria,1947131,120809,6.2,0.37
38,2021-02-04,CAL,3391,1623,1768,2560,38,571,222,0,0,0,644,2747,ITF,ITF6,18,Calabria,Calabria,1947131,124200,6.38,0.17
39,2021-01-17,CAL,867,418,449,527,9,283,48,0,0,0,801,66,ITF,ITF6,18,Calabria,Calabria,1947131,125067,6.42,0.04
40,2021-02-27,CAL,3680,1913,1767,421,37,551,395,1972,302,2,3302,378,ITF,ITF6,18,Calabria,Calabria,1947131,128747,6.61,0.19
41,2021-03-01,CAL,2689,1534,1155,399,6,416,257,971,637,3,2239,450,ITF,ITF6,18,Calabria,Calabria,1947131,131436,6.75,0.14
42,2021-02-17,CAL,1682,672,1010,674,21,322,285,299,0,81,1471,211,ITF,ITF6,18,Calabria,Calabria,1947131,133118,6.84,0.09
43,2021-04-03,CAL,8820,3788,5032,363,3,2617,353,4820,42,622,4203,4617,ITF,ITF6,18,Calabria,Calabria,1947131,141938,7.29,0.45
44,2021-01-06,CAL,926,500,426,822,0,104,0,0,0,0,926,0,ITF,ITF6,18,Calabria,Calabria,1947131,142864,7.34,0.05
45,2021-01-11,CAL,2154,1040,1114,1759,0,392,3,0,0,0,2154,0,ITF,ITF6,18,Calabria,Calabria,1947131,145018,7.45,0.11
46,2021-02-14,CAL,371,145,226,146,13,129,83,0,0,0,341,30,ITF,ITF6,18,Calabria,Calabria,1947131,145389,7.47,0.02
47,2021-02-21,CAL,608,286,322,36,28,136,47,331,30,0,531,77,ITF,ITF6,18,Calabria,Calabria,1947131,145997,7.5,0.03
48,2021-03-27,CAL,8237,3729,4508,306,4,3180,144,3179,24,1400,4439,3798,ITF,ITF6,18,Calabria,Calabria,1947131,154234,7.92,0.42
49,2021-02-16,CAL,1534,643,891,659,11,506,240,118,0,0,1255,279,ITF,ITF6,18,Calabria,Calabria,1947131,155768,8.0,0.08
50,2021-01-08,CAL,2109,1014,1095,1898,0,211,0,0,0,0,2109,0,ITF,ITF6,18,Calabria,Calabria,1947131,157877,8.11,0.11
51,2021-01-26,CAL,1805,861,944,1571,18,146,70,0,0,0,285,1520,ITF,ITF6,18,Calabria,Calabria,1947131,159682,8.2,0.09
52,2021-01-03,CAL,6,3,3,4,0,2,0,0,0,0,6,0,ITF,ITF6,18,Calabria,Calabria,1947131,159688,8.2,0.0
53,2021-03-12,CAL,5093,2438,2655,468,26,1300,217,1963,333,786,4050,1043,ITF,ITF6,18,Calabria,Calabria,1947131,164781,8.46,0.26
54,2021-03-29,CAL,5626,2379,3247,206,6,2559,134,1111,31,1579,3874,1752,ITF,ITF6,18,Calabria,Calabria,1947131,170407,8.75,0.29
55,2021-03-09,CAL,5824,3032,2792,803,23,1918,419,1769,874,18,4847,977,ITF,ITF6,18,Calabria,Calabria,1947131,176231,9.05,0.3
56,2021-02-20,CAL,1358,735,623,438,23,388,55,433,19,2,1043,315,ITF,ITF6,18,Calabria,Calabria,1947131,177589,9.12,0.07
57,2021-02-01,CAL,2497,1192,1305,2044,4,406,43,0,0,0,248,2249,ITF,ITF6,18,Calabria,Calabria,1947131,180086,9.25,0.13
58,2021-01-07,CAL,2180,1061,1119,1883,0,297,0,0,0,0,2180,0,ITF,ITF6,18,Calabria,Calabria,1947131,182266,9.36,0.11
59,2021-03-21,CAL,4362,1882,2480,135,0,1127,200,2126,29,745,2660,1702,ITF,ITF6,18,Calabria,Calabria,1947131,186628,9.58,0.22
60,2021-02-23,CAL,1549,728,821,437,33,348,206,522,2,1,1434,115,ITF,ITF6,18,Calabria,Calabria,1947131,188177,9.66,0.08
61,2021-03-24,CAL,7352,3348,4004,386,23,2325,696,2362,65,1495,4176,3176,ITF,ITF6,18,Calabria,Calabria,1947131,195529,10.04,0.38
62,2021-03-23,CAL,5207,2442,2765,280,4,1847,47,1869,77,1083,3409,1798,ITF,ITF6,18,Calabria,Calabria,1947131,200736,10.31,0.27
63,2021-01-05,CAL,1350,618,732,1256,0,94,0,0,0,0,1350,0,ITF,ITF6,18,Calabria,Calabria,1947131,202086,10.38,0.07
64,2021-03-26,CAL,7638,3621,4017,511,21,3406,211,2382,68,1039,4525,3113,ITF,ITF6,18,Calabria,Calabria,1947131,209724,10.77,0.39
65,2021-01-16,CAL,2394,1120,1274,1664,22,467,241,0,0,0,2394,0,ITF,ITF6,18,Calabria,Calabria,1947131,212118,10.89,0.12
66,2021-01-02,CAL,165,94,71,165,0,0,0,0,0,0,165,0,ITF,ITF6,18,Calabria,Calabria,1947131,212283,10.9,0.01
67,2021-01-24,CAL,44,18,26,15,0,3,26,0,0,0,39,5,ITF,ITF6,18,Calabria,Calabria,1947131,212327,10.9,0.0
68,2020-12-28,CAL,6,2,4,6,0,0,0,0,0,0,6,0,ITF,ITF6,18,Calabria,Calabria,1947131,212333,10.9,0.0
69,2021-04-01,CAL,8349,3772,4577,455,36,3117,669,2915,41,1116,3848,4501,ITF,ITF6,18,Calabria,Calabria,1947131,220682,11.33,0.43
70,2021-03-30,CAL,5787,2486,3301,166,7,2369,200,1883,42,1120,3194,2593,ITF,ITF6,18,Calabria,Calabria,1947131,226469,11.63,0.3
71,2021-01-20,CAL,1395,622,773,864,6,346,179,0,0,0,1394,1,ITF,ITF6,18,Calabria,Calabria,1947131,227864,11.7,0.07
72,2021-03-11,CAL,6877,3278,3599,934,25,2039,570,2380,329,600,5621,1256,ITF,ITF6,18,Calabria,Calabria,1947131,234741,12.06,0.35
73,2021-04-08,CAL,9369,4408,4961,450,25,4735,523,3302,30,304,5691,3678,ITF,ITF6,18,Calabria,Calabria,1947131,244110,12.54,0.48
74,2021-04-10,CAL,4849,2227,2622,170,2,1630,108,2778,6,155,2328,2521,ITF,ITF6,18,Calabria,Calabria,1947131,248959,12.79,0.25
75,2021-03-22,CAL,4707,2202,2505,194,10,1197,147,1994,40,1125,3041,1666,ITF,ITF6,18,Calabria,Calabria,1947131,253666,13.03,0.24
76,2021-02-22,CAL,1997,1013,984,728,48,495,166,552,3,5,1441,556,ITF,ITF6,18,Calabria,Calabria,1947131,255663,13.13,0.1
77,2021-03-02,CAL,4136,2395,1741,705,58,677,427,1390,877,2,3427,709,ITF,ITF6,18,Calabria,Calabria,1947131,259799,13.34,0.21
78,2021-01-04,CAL,996,492,504,969,0,27,0,0,0,0,996,0,ITF,ITF6,18,Calabria,Calabria,1947131,260795,13.39,0.05
79,2021-02-02,CAL,2289,1112,1177,1863,4,347,75,0,0,0,177,2112,ITF,ITF6,18,Calabria,Calabria,1947131,263084,13.51,0.12
80,2021-01-14,CAL,2557,1214,1343,1962,0,592,3,0,0,0,2557,0,ITF,ITF6,18,Calabria,Calabria,1947131,265641,13.64,0.13
81,2021-04-09,CAL,7788,3656,4132,342,23,4620,407,2071,23,302,4875,2913,ITF,ITF6,18,Calabria,Calabria,1947131,273429,14.04,0.4
82,2021-04-05,CAL,3444,1627,1817,133,3,1835,148,1180,11,134,2543,901,ITF,ITF6,18,Calabria,Calabria,1947131,276873,14.22,0.18
83,2021-03-15,CAL,3448,1652,1796,542,38,889,136,1093,163,587,2019,1429,ITF,ITF6,18,Calabria,Calabria,1947131,280321,14.4,0.18
84,2021-01-10,CAL,929,524,405,830,0,99,0,0,0,0,929,0,ITF,ITF6,18,Calabria,Calabria,1947131,281250,14.44,0.05
85,2021-02-07,CAL,860,428,432,567,15,197,81,0,0,0,147,713,ITF,ITF6,18,Calabria,Calabria,1947131,282110,14.49,0.04
86,2021-01-23,CAL,400,186,214,325,1,51,23,0,0,0,358,42,ITF,ITF6,18,Calabria,Calabria,1947131,282510,14.51,0.02
87,2021-03-25,CAL,7000,3315,3685,291,34,2932,428,2158,57,1100,4483,2517,ITF,ITF6,18,Calabria,Calabria,1947131,289510,14.87,0.36
88,2021-02-10,CAL,2463,1074,1389,1469,66,571,357,0,0,0,839,1624,ITF,ITF6,18,Calabria,Calabria,1947131,291973,15.0,0.13
89,2021-02-15,CAL,1137,538,599,499,26,386,159,66,0,1,989,148,ITF,ITF6,18,Calabria,Calabria,1947131,293110,15.05,0.06
90,2021-02-03,CAL,2763,1428,1335,2170,22,468,103,0,0,0,583,2180,ITF,ITF6,18,Calabria,Calabria,1947131,295873,15.2,0.14
91,2021-01-13,CAL,2028,1022,1006,1800,0,194,34,0,0,0,2028,0,ITF,ITF6,18,Calabria,Calabria,1947131,297901,15.3,0.1
92,2021-03-13,CAL,6657,2933,3724,425,44,1334,338,3766,65,685,5683,974,ITF,ITF6,18,Calabria,Calabria,1947131,304558,15.64,0.34
93,2021-01-19,CAL,1109,488,621,853,8,172,76,0,0,0,1098,11,ITF,ITF6,18,Calabria,Calabria,1947131,305667,15.7,0.06
94,2021-01-18,CAL,1230,550,680,982,0,237,11,0,0,0,1040,190,ITF,ITF6,18,Calabria,Calabria,1947131,306897,15.76,0.06
95,2021-03-06,CAL,7954,4060,3894,702,69,1804,758,3799,816,6,7198,756,ITF,ITF6,18,Calabria,Calabria,1947131,314851,16.17,0.41
96,2021-01-28,CAL,2232,1107,1125,1920,1,311,0,0,0,0,84,2148,ITF,ITF6,18,Calabria,Calabria,1947131,317083,16.28,0.11
97,2021-04-07,CAL,6159,2789,3370,193,12,2919,395,2087,15,538,3611,2548,ITF,ITF6,18,Calabria,Calabria,1947131,323242,16.6,0.32
98,2021-03-17,CAL,3636,1622,2014,277,49,931,165,2094,26,94,1938,1698,ITF,ITF6,18,Calabria,Calabria,1947131,326878,16.79,0.19
99,2021-01-15,CAL,2793,1258,1535,1690,35,656,412,0,0,0,2793,0,ITF,ITF6,18,Calabria,Calabria,1947131,329671,16.93,0.14
100,2021-02-26,CAL,3079,1631,1448,539,57,631,407,1147,294,4,2611,468,ITF,ITF6,18,Calabria,Calabria,1947131,332750,17.09,0.16
101,2021-03-31,SAR,9655,3847,5808,396,103,2819,228,4715,16,1378,7230,2425,ITG,ITG2,20,Sardegna,Sardegna,1639591,9655,0.59,0.59
102,2021-01-29,SAR,2951,1067,1884,2580,226,142,3,0,0,0,48,2903,ITG,ITG2,20,Sardegna,Sardegna,1639591,12606,0.77,0.18
103,2021-03-03,SAR,3745,2038,1707,1058,273,444,525,703,741,1,2607,1138,ITG,ITG2,20,Sardegna,Sardegna,1639591,16351,1.0,0.23
104,2021-01-09,SAR,4026,1417,2609,3182,602,242,0,0,0,0,4026,0,ITG,ITG2,20,Sardegna,Sardegna,1639591,20377,1.24,0.25
105,2021-02-23,SAR,1519,1010,509,602,191,328,89,8,301,0,1285,234,ITG,ITG2,20,Sardegna,Sardegna,1639591,21896,1.34,0.09
106,2021-01-07,SAR,3111,1077,2034,2720,311,69,0,0,11,0,3111,0,ITG,ITG2,20,Sardegna,Sardegna,1639591,25007,1.53,0.19
107,2020-12-28,SAR,65,25,40,65,0,0,0,0,0,0,65,0,ITG,ITG2,20,Sardegna,Sardegna,1639591,25072,1.53,0.0
108,2021-01-13,SAR,573,178,395,494,76,3,0,0,0,0,573,0,ITG,ITG2,20,Sardegna,Sardegna,1639591,25645,1.56,0.03
109,2021-03-21,SAR,4030,1809,2221,64,5,404,0,2880,102,575,2590,1440,ITG,ITG2,20,Sardegna,Sardegna,1639591,29675,1.81,0.25
110,2021-02-26,SAR,2797,1107,1690,1224,509,561,221,203,74,5,2491,306,ITG,ITG2,20,Sardegna,Sardegna,1639591,32472,1.98,0.17
111,2021-03-01,SAR,2160,1054,1106,1135,233,212,141,104,334,1,1501,659,ITG,ITG2,20,Sardegna,Sardegna,1639591,34632,2.11,0.13
112,2021-01-22,SAR,83,47,36,45,38,0,0,0,0,0,55,28,ITG,ITG2,20,Sardegna,Sardegna,1639591,34715,2.12,0.01
113,2021-03-11,SAR,5904,2671,3233,1011,419,650,417,2815,490,102,4685,1219,ITG,ITG2,20,Sardegna,Sardegna,1639591,40619,2.48,0.36
114,2021-03-18,SAR,7220,3053,4167,1077,241,1335,354,4138,12,63,5618,1602,ITG,ITG2,20,Sardegna,Sardegna,1639591,47839,2.92,0.44
115,2021-02-05,SAR,1897,749,1148,1214,420,95,164,1,3,0,433,1464,ITG,ITG2,20,Sardegna,Sardegna,1639591,49736,3.03,0.12
116,2021-03-06,SAR,2638,1079,1559,1108,543,393,467,12,79,36,857,1781,ITG,ITG2,20,Sardegna,Sardegna,1639591,52374,3.19,0.16
117,2021-02-17,SAR,1406,576,830,689,292,85,313,0,27,0,1332,74,ITG,ITG2,20,Sardegna,Sardegna,1639591,53780,3.28,0.09
118,2021-02-16,SAR,700,289,411,376,135,77,112,0,0,0,673,27,ITG,ITG2,20,Sardegna,Sardegna,1639591,54480,3.32,0.04
119,2021-03-29,SAR,4367,1538,2829,624,209,841,182,1012,88,1411,3781,586,ITG,ITG2,20,Sardegna,Sardegna,1639591,58847,3.59,0.27
120,2021-01-02,SAR,60,21,39,60,0,0,0,0,0,0,60,0,ITG,ITG2,20,Sardegna,Sardegna,1639591,58907,3.59,0.0
121,2021-03-09,SAR,5149,2371,2778,1056,368,528,285,2270,332,310,4419,730,ITG,ITG2,20,Sardegna,Sardegna,1639591,64056,3.91,0.31
122,2021-03-10,SAR,6006,2915,3091,719,383,516,414,2982,657,335,5154,852,ITG,ITG2,20,Sardegna,Sardegna,1639591,70062,4.27,0.37
123,2021-03-05,SAR,4963,2430,2533,1692,775,588,669,570,659,10,2675,2288,ITG,ITG2,20,Sardegna,Sardegna,1639591,75025,4.58,0.3
124,2021-03-15,SAR,2683,1215,1468,458,172,477,85,323,149,1019,2310,373,ITG,ITG2,20,Sardegna,Sardegna,1639591,77708,4.74,0.16
125,2021-02-09,SAR,2286,837,1449,1308,408,71,497,1,0,1,1290,996,ITG,ITG2,20,Sardegna,Sardegna,1639591,79994,4.88,0.14
126,2021-02-21,SAR,1589,710,879,67,25,10,59,1422,6,0,1559,30,ITG,ITG2,20,Sardegna,Sardegna,1639591,81583,4.98,0.1
127,2021-01-31,SAR,2121,750,1371,1544,128,448,0,1,0,0,48,2073,ITG,ITG2,20,Sardegna,Sardegna,1639591,83704,5.11,0.13
128,2021-02-28,SAR,368,169,199,245,69,7,47,0,0,0,142,226,ITG,ITG2,20,Sardegna,Sardegna,1639591,84072,5.13,0.02
129,2021-01-26,SAR,1336,453,883,1296,27,12,0,0,0,1,27,1309,ITG,ITG2,20,Sardegna,Sardegna,1639591,85408,5.21,0.08
130,2021-03-08,SAR,4001,1785,2216,740,492,669,650,853,444,153,2782,1219,ITG,ITG2,20,Sardegna,Sardegna,1639591,89409,5.45,0.24
131,2021-01-11,SAR,1183,505,678,656,139,387,0,1,0,0,1183,0,ITG,ITG2,20,Sardegna,Sardegna,1639591,90592,5.53,0.07
132,2021-01-25,SAR,588,212,376,553,29,6,0,0,0,0,22,566,ITG,ITG2,20,Sardegna,Sardegna,1639591,91180,5.56,0.04
133,2021-01-16,SAR,1492,525,967,1282,165,44,0,0,0,1,1492,0,ITG,ITG2,20,Sardegna,Sardegna,1639591,92672,5.65,0.09
134,2021-02-24,SAR,2410,1292,1118,1193,311,303,301,3,299,0,2221,189,ITG,ITG2,20,Sardegna,Sardegna,1639591,95082,5.8,0.15
135,2021-03-20,SAR,5188,2073,3115,695,255,434,127,2717,105,855,2912,2276,ITG,ITG2,20,Sardegna,Sardegna,1639591,100270,6.12,0.32
136,2021-04-06,SAR,6924,2865,4059,656,79,3170,168,2365,31,455,4943,1981,ITG,ITG2,20,Sardegna,Sardegna,1639591,107194,6.54,0.42
137,2021-03-28,SAR,4499,1773,2726,83,19,487,21,3196,12,681,4420,79,ITG,ITG2,20,Sardegna,Sardegna,1639591,111693,6.81,0.27
138,2021-01-17,SAR,860,277,583,747,113,0,0,0,0,0,859,1,ITG,ITG2,20,Sardegna,Sardegna,1639591,112553,6.86,0.05
139,2021-03-19,SAR,7191,2996,4195,1315,444,1598,222,3412,190,10,4976,2215,ITG,ITG2,20,Sardegna,Sardegna,1639591,119744,7.3,0.44
140,2021-04-01,SAR,9583,3792,5791,455,135,3261,204,4197,81,1250,6728,2855,ITG,ITG2,20,Sardegna,Sardegna,1639591,129327,7.89,0.58
141,2021-02-02,SAR,1482,655,827,988,187,307,0,0,0,0,241,1241,ITG,ITG2,20,Sardegna,Sardegna,1639591,130809,7.98,0.09
142,2021-01-20,SAR,210,77,133,154,56,0,0,0,0,0,208,2,ITG,ITG2,20,Sardegna,Sardegna,1639591,131019,7.99,0.01
143,2021-03-23,SAR,6076,2583,3493,1108,209,974,260,2294,90,1141,4996,1080,ITG,ITG2,20,Sardegna,Sardegna,1639591,137095,8.36,0.37
144,2021-01-05,SAR,1327,446,881,1283,33,11,0,0,0,0,1327,0,ITG,ITG2,20,Sardegna,Sardegna,1639591,138422,8.44,0.08
145,2021-04-03,SAR,4236,1629,2607,181,174,930,61,2448,17,425,2515,1721,ITG,ITG2,20,Sardegna,Sardegna,1639591,142658,8.7,0.26
146,2020-12-27,SAR,65,34,31,65,0,0,0,0,0,0,65,0,ITG,ITG2,20,Sardegna,Sardegna,1639591,142723,8.7,0.0
147,2021-04-09,SAR,10895,4811,6084,407,63,6046,18,4171,29,161,7212,3683,ITG,ITG2,20,Sardegna,Sardegna,1639591,153618,9.37,0.66
148,2021-02-12,SAR,2237,933,1304,986,660,89,501,1,0,0,2178,59,ITG,ITG2,20,Sardegna,Sardegna,1639591,155855,9.51,0.14
149,2021-01-15,SAR,1563,573,990,1170,338,52,0,0,3,0,1563,0,ITG,ITG2,20,Sardegna,Sardegna,1639591,157418,9.6,0.1
150,2021-01-27,SAR,1408,494,914,1303,75,30,0,0,0,0,79,1329,ITG,ITG2,20,Sardegna,Sardegna,1639591,158826,9.69,0.09
151,2021-03-17,SAR,6548,2847,3701,1077,452,1030,528,3329,4,128,4939,1609,ITG,ITG2,20,Sardegna,Sardegna,1639591,165374,10.09,0.4
152,2021-01-28,SAR,2968,1044,1924,2554,327,76,0,0,11,0,69,2899,ITG,ITG2,20,Sardegna,Sardegna,1639591,168342,10.27,0.18
153,2021-03-30,SAR,7500,2955,4545,628,224,2123,207,2850,28,1440,5631,1869,ITG,ITG2,20,Sardegna,Sardegna,1639591,175842,10.72,0.46
154,2021-01-03,SAR,90,36,54,89,1,0,0,0,0,0,90,0,ITG,ITG2,20,Sardegna,Sardegna,1639591,175932,10.73,0.01
155,2021-01-10,SAR,2183,750,1433,1632,228,323,0,0,0,0,2183,0,ITG,ITG2,20,Sardegna,Sardegna,1639591,178115,10.86,0.13
156,2021-03-14,SAR,606,376,230,34,1,235,0,251,73,12,606,0,ITG,ITG2,20,Sardegna,Sardegna,1639591,178721,10.9,0.04
157,2021-01-30,SAR,3862,1392,2470,2987,500,374,0,1,0,0,362,3500,ITG,ITG2,20,Sardegna,Sardegna,1639591,182583,11.14,0.24
158,2021-01-21,SAR,126,60,66,60,44,22,0,0,0,0,94,32,ITG,ITG2,20,Sardegna,Sardegna,1639591,182709,11.14,0.01
159,2021-04-08,SAR,12080,5287,6793,710,123,6769,61,4097,33,287,7725,4355,ITG,ITG2,20,Sardegna,Sardegna,1639591,194789,11.88,0.74
160,2021-01-08,SAR,3257,1184,2073,2929,230,98,0,0,0,0,3257,0,ITG,ITG2,20,Sardegna,Sardegna,1639591,198046,12.08,0.2
161,2021-02-18,SAR,1877,732,1145,1073,301,61,298,1,33,110,1813,64,ITG,ITG2,20,Sardegna,Sardegna,1639591,199923,12.19,0.11
162,2021-04-04,SAR,39,16,23,0,0,3,0,36,0,0,39,0,ITG,ITG2,20,Sardegna,Sardegna,1639591,199962,12.2,0.0
163,2021-02-27,SAR,1920,647,1273,1059,291,88,306,176,0,0,1365,555,ITG,ITG2,20,Sardegna,Sardegna,1639591,201882,12.31,0.12
164,2021-02-04,SAR,2271,816,1455,1737,307,56,170,1,0,0,916,1355,ITG,ITG2,20,Sardegna,Sardegna,1639591,204153,12.45,0.14
165,2021-02-19,SAR,1495,470,1025,677,336,101,379,1,1,0,1439,56,ITG,ITG2,20,Sardegna,Sardegna,1639591,205648,12.54,0.09
166,2021-04-05,SAR,2030,781,1249,55,35,1086,0,144,16,694,2028,2,ITG,ITG2,20,Sardegna,Sardegna,1639591,207678,12.67,0.12
167,2020-12-29,SAR,57,32,25,56,1,0,0,0,0,0,57,0,ITG,ITG2,20,Sardegna,Sardegna,1639591,207735,12.67,0.0
168,2021-03-16,SAR,4367,1945,2422,663,180,648,340,2528,0,8,3445,922,ITG,ITG2,20,Sardegna,Sardegna,1639591,212102,12.94,0.27
169,2021-03-26,SAR,7984,3130,4854,842,254,2077,413,2727,151,1520,6460,1524,ITG,ITG2,20,Sardegna,Sardegna,1639591,220086,13.42,0.49
170,2021-02-14,SAR,539,263,276,286,187,6,57,3,0,0,537,2,ITG,ITG2,20,Sardegna,Sardegna,1639591,220625,13.46,0.03
171,2021-02-25,SAR,2899,1255,1644,1474,348,390,466,161,51,9,2293,606,ITG,ITG2,20,Sardegna,Sardegna,1639591,223524,13.63,0.18
172,2021-01-06,SAR,1615,549,1066,1510,67,38,0,0,0,0,1615,0,ITG,ITG2,20,Sardegna,Sardegna,1639591,225139,13.73,0.1
173,2021-03-22,SAR,3492,1322,2170,838,151,412,109,781,66,1135,2979,513,ITG,ITG2,20,Sardegna,Sardegna,1639591,228631,13.94,0.21
174,2021-04-10,SAR,4527,2036,2491,78,23,2396,1,1862,3,164,3321,1206,ITG,ITG2,20,Sardegna,Sardegna,1639591,233158,14.22,0.28
175,2021-04-02,SAR,8577,3355,5222,524,199,2500,164,3858,31,1301,5689,2888,ITG,ITG2,20,Sardegna,Sardegna,1639591,241735,14.74,0.52
176,2021-01-24,SAR,90,34,56,89,0,1,0,0,0,0,5,85,ITG,ITG2,20,Sardegna,Sardegna,1639591,241825,14.75,0.01
177,2021-02-06,SAR,1970,697,1273,1544,237,49,139,0,0,1,569,1401,ITG,ITG2,20,Sardegna,Sardegna,1639591,243795,14.87,0.12
178,2021-03-24,SAR,7019,2878,4141,738,159,1514,390,2975,184,1059,5659,1360,ITG,ITG2,20,Sardegna,Sardegna,1639591,250814,15.3,0.43
179,2021-02-13,SAR,1454,563,891,732,400,63,254,0,0,5,1452,2,ITG,ITG2,20,Sardegna,Sardegna,1639591,252268,15.39,0.09
180,2021-02-08,SAR,1470,533,937,998,315,30,126,1,0,0,856,614,ITG,ITG2,20,Sardegna,Sardegna,1639591,253738,15.48,0.09
181,2021-03-04,SAR,3949,1923,2026,955,306,553,525,1094,474,42,2746,1203,ITG,ITG2,20,Sardegna,Sardegna,1639591,257687,15.72,0.24
182,2021-02-22,SAR,1637,948,689,606,239,170,180,2,440,0,1409,228,ITG,ITG2,20,Sardegna,Sardegna,1639591,259324,15.82,0.1
183,2021-01-01,SAR,30,16,14,30,0,0,0,0,0,0,30,0,ITG,ITG2,20,Sardegna,Sardegna,1639591,259354,15.82,0.0
184,2021-01-23,SAR,60,22,38,60,0,0,0,0,0,0,0,60,ITG,ITG2,20,Sardegna,Sardegna,1639591,259414,15.82,0.0
185,2021-01-12,SAR,865,408,457,504,88,273,0,0,0,0,865,0,ITG,ITG2,20,Sardegna,Sardegna,1639591,260279,15.87,0.05
186,2021-01-14,SAR,1105,426,679,885,167,53,0,0,0,0,1105,0,ITG,ITG2,20,Sardegna,Sardegna,1639591,261384,15.94,0.07
187,2021-02-11,SAR,1314,490,824,588,240,116,369,1,0,0,1203,111,ITG,ITG2,20,Sardegna,Sardegna,1639591,262698,16.02,0.08
188,2021-03-07,SAR,1657,750,907,323,227,15,78,1012,0,2,1117,540,ITG,ITG2,20,Sardegna,Sardegna,1639591,264355,16.12,0.1
189,2021-04-07,SAR,12063,5382,6681,665,260,5866,249,4653,20,350,6987,5076,ITG,ITG2,20,Sardegna,Sardegna,1639591,276418,16.86,0.74
190,2021-03-02,SAR,2763,1423,1340,1047,277,454,278,321,384,2,1712,1051,ITG,ITG2,20,Sardegna,Sardegna,1639591,279181,17.03,0.17
191,2021-02-10,SAR,1959,765,1194,1169,245,56,488,0,0,1,1441,518,ITG,ITG2,20,Sardegna,Sardegna,1639591,281140,17.15,0.12
192,2021-03-25,SAR,8326,3470,4856,815,153,1776,188,3581,251,1562,7023,1303,ITG,ITG2,20,Sardegna,Sardegna,1639591,289466,17.65,0.51
193,2021-02-20,SAR,2041,855,1186,484,128,29,195,1204,0,1,1707,334,ITG,ITG2,20,Sardegna,Sardegna,1639591,291507,17.78,0.12
194,2021-02-15,SAR,958,349,609,440,226,13,279,0,0,0,927,31,ITG,ITG2,20,Sardegna,Sardegna,1639591,292465,17.84,0.06
195,2021-03-13,SAR,2749,1071,1678,274,103,294,145,1758,43,132,2468,281,ITG,ITG2,20,Sardegna,Sardegna,1639591,295214,18.01,0.17
196,2021-03-27,SAR,5492,2078,3414,331,135,1014,203,2485,15,1309,5069,423,ITG,ITG2,20,Sardegna,Sardegna,1639591,300706,18.34,0.33
197,2021-03-12,SAR,5755,2408,3347,1048,482,768,456,2571,271,159,4447,1308,ITG,ITG2,20,Sardegna,Sardegna,1639591,306461,18.69,0.35
198,2021-01-04,SAR,591,217,374,565,15,11,0,0,0,0,591,0,ITG,ITG2,20,Sardegna,Sardegna,1639591,307052,18.73,0.04
199,2020-12-31,SAR,32,16,16,28,0,4,0,0,0,0,32,0,ITG,ITG2,20,Sardegna,Sardegna,1639591,307084,18.73,0.0
200,2021-02-01,SAR,1524,605,919,896,151,400,77,0,0,0,225,1299,ITG,ITG2,20,Sardegna,Sardegna,1639591,308608,18.82,0.09
201,2021-01-19,SAR,747,270,477,423,163,0,160,0,0,1,692,55,ITG,ITG2,20,Sardegna,Sardegna,1639591,309355,18.87,0.05
202,2021-02-07,SAR,1116,394,722,975,136,5,0,0,0,0,228,888,ITG,ITG2,20,Sardegna,Sardegna,1639591,310471,18.94,0.07
203,2021-02-03,SAR,1119,419,700,920,169,11,19,0,0,0,426,693,ITG,ITG2,20,Sardegna,Sardegna,1639591,311590,19.0,0.07
204,2021-01-18,SAR,904,326,578,714,173,17,0,0,0,0,780,124,ITG,ITG2,20,Sardegna,Sardegna,1639591,312494,19.06,0.06
205,2021-01-22,ABR,118,57,61,2,1,3,112,0,0,0,118,0,ITF,ITF1,13,Abruzzo,Abruzzo,1304970,118,0.01,0.01
206,2021-02-26,ABR,3920,1671,2249,1025,13,552,160,1651,257,262,2951,969,ITF,ITF1,13,Abruzzo,Abruzzo,1304970,4038,0.31,0.3
207,2021-02-12,ABR,968,319,649,438,11,209,310,0,0,0,779,189,ITF,ITF1,13,Abruzzo,Abruzzo,1304970,5006,0.38,0.07
208,2021-03-06,ABR,4174,1354,2820,432,24,344,52,1748,15,1559,3604,570,ITF,ITF1,13,Abruzzo,Abruzzo,1304970,9180,0.7,0.32
209,2021-01-12,ABR,1804,666,1138,1470,42,292,0,0,0,0,1804,0,ITF,ITF1,13,Abruzzo,Abruzzo,1304970,10984,0.84,0.14
210,2021-03-29,ABR,5625,2524,3101,463,1,1296,42,3593,35,195,2985,2640,ITF,ITF1,13,Abruzzo,Abruzzo,1304970,16609,1.27,0.43
211,2021-03-19,ABR,5796,2584,3212,755,28,432,118,4399,51,13,2775,3021,ITF,ITF1,13,Abruzzo,Abruzzo,1304970,22405,1.72,0.44
212,2021-02-15,ABR,1796,831,965,625,30,457,221,217,246,0,1754,42,ITF,ITF1,13,Abruzzo,Abruzzo,1304970,24201,1.85,0.14
213,2021-01-21,ABR,157,47,110,10,4,2,141,0,0,0,157,0,ITF,ITF1,13,Abruzzo,Abruzzo,1304970,24358,1.87,0.01
214,2021-03-28,ABR,2417,1018,1399,247,0,883,1,877,234,175,2045,372,ITF,ITF1,13,Abruzzo,Abruzzo,1304970,26775,2.05,0.19
215,2021-03-21,ABR,2135,913,1222,9,0,47,1,1919,29,130,844,1291,ITF,ITF1,13,Abruzzo,Abruzzo,1304970,28910,2.22,0.16
216,2021-01-17,ABR,187,59,128,136,13,38,0,0,0,0,180,7,ITF,ITF1,13,Abruzzo,Abruzzo,1304970,29097,2.23,0.01
217,2021-02-07,ABR,777,307,470,646,6,124,1,0,0,0,201,576,ITF,ITF1,13,Abruzzo,Abruzzo,1304970,29874,2.29,0.06
218,2021-02-21,ABR,1221,551,670,2,0,4,3,1210,2,0,1220,1,ITF,ITF1,13,Abruzzo,Abruzzo,1304970,31095,2.38,0.09
219,2021-03-05,ABR,5262,1938,3324,561,10,447,108,2582,202,1352,4564,698,ITF,ITF1,13,Abruzzo,Abruzzo,1304970,36357,2.79,0.4
220,2021-03-18,ABR,3896,1651,2245,281,2,284,3,3297,22,7,2065,1831,ITF,ITF1,13,Abruzzo,Abruzzo,1304970,40253,3.08,0.3
221,2021-02-13,ABR,845,383,462,549,25,199,72,0,0,0,437,408,ITF,ITF1,13,Abruzzo,Abruzzo,1304970,41098,3.15,0.06
222,2021-03-17,ABR,4545,1876,2669,285,26,187,144,3875,17,11,2802,1743,ITF,ITF1,13,Abruzzo,Abruzzo,1304970,45643,3.5,0.35
223,2021-02-28,ABR,1707,511,1196,23,0,34,0,79,149,1422,1705,2,ITF,ITF1,13,Abruzzo,Abruzzo,1304970,47350,3.63,0.13
224,2021-01-23,ABR,264,114,150,224,0,14,26,0,0,0,57,207,ITF,ITF1,13,Abruzzo,Abruzzo,1304970,47614,3.65,0.02
225,2021-02-09,ABR,908,311,597,612,56,109,131,0,0,0,499,409,ITF,ITF1,13,Abruzzo,Abruzzo,1304970,48522,3.72,0.07
226,2021-02-04,ABR,1681,616,1065,1168,47,409,57,0,0,0,609,1072,ITF,ITF1,13,Abruzzo,Abruzzo,1304970,50203,3.85,0.13
227,2021-01-04,ABR,1401,575,826,1396,0,5,0,0,0,0,1401,0,ITF,ITF1,13,Abruzzo,Abruzzo,1304970,51604,3.95,0.11
228,2021-03-11,ABR,5429,2190,3239,1327,39,519,241,1539,199,1565,4290,1139,ITF,ITF1,13,Abruzzo,Abruzzo,1304970,57033,4.37,0.42
229,2021-04-06,ABR,7685,3580,4105,433,7,4773,44,2340,34,54,5365,2320,ITF,ITF1,13,Abruzzo,Abruzzo,1304970,64718,4.96,0.59
230,2021-03-22,ABR,4399,1959,2440,385,8,800,50,2578,136,442,2429,1970,ITF,ITF1,13,Abruzzo,Abruzzo,1304970,69117,5.3,0.34
231,2021-03-01,ABR,3489,1392,2097,698,29,264,174,1914,128,282,2725,764,ITF,ITF1,13,Abruzzo,Abruzzo,1304970,72606,5.56,0.27
232,2020-12-27,ABR,37,19,18,34,0,1,2,0,0,0,37,0,ITF,ITF1,13,Abruzzo,Abruzzo,1304970,72643,5.57,0.0
233,2021-03-08,ABR,5127,1669,3458,1190,30,477,112,1019,104,2195,4153,974,ITF,ITF1,13,Abruzzo,Abruzzo,1304970,77770,5.96,0.39
234,2021-03-31,ABR,6655,2882,3773,446,5,2615,77,3255,12,245,4587,2068,ITF,ITF1,13,Abruzzo,Abruzzo,1304970,84425,6.47,0.51
235,2021-03-10,ABR,4951,1640,3311,736,29,426,242,1519,127,1872,3994,957,ITF,ITF1,13,Abruzzo,Abruzzo,1304970,89376,6.85,0.38
236,2021-03-03,ABR,4629,1883,2746,1222,6,577,36,1587,346,855,3723,906,ITF,ITF1,13,Abruzzo,Abruzzo,1304970,94005,7.2,0.35
237,2021-02-23,ABR,2784,1274,1510,324,22,401,215,1436,286,100,2773,11,ITF,ITF1,13,Abruzzo,Abruzzo,1304970,96789,7.42,0.21
238,2021-02-01,ABR,1632,573,1059,1384,34,213,1,0,0,0,271,1361,ITF,ITF1,13,Abruzzo,Abruzzo,1304970,98421,7.54,0.13
239,2021-03-04,ABR,5937,2359,3578,1171,14,521,93,2992,328,818,5015,922,ITF,ITF1,13,Abruzzo,Abruzzo,1304970,104358,8.0,0.45
240,2021-03-23,ABR,4852,2210,2642,180,25,505,183,3353,206,400,2283,2569,ITF,ITF1,13,Abruzzo,Abruzzo,1304970,109210,8.37,0.37
241,2021-01-24,ABR,50,22,28,49,0,1,0,0,0,0,6,44,ITF,ITF1,13,Abruzzo,Abruzzo,1304970,109260,8.37,0.0
242,2021-01-31,ABR,1502,488,1014,1154,85,160,103,0,0,0,287,1215,ITF,ITF1,13,Abruzzo,Abruzzo,1304970,110762,8.49,0.12
243,2021-01-27,ABR,1364,515,849,1301,1,62,0,0,0,0,39,1325,ITF,ITF1,13,Abruzzo,Abruzzo,1304970,112126,8.59,0.1
244,2021-03-09,ABR,5172,1796,3376,990,21,507,84,1320,204,2046,4233,939,ITF,ITF1,13,Abruzzo,Abruzzo,1304970,117298,8.99,0.4
245,2021-03-13,ABR,4254,1460,2794,539,17,1009,137,1468,23,1061,3178,1076,ITF,ITF1,13,Abruzzo,Abruzzo,1304970,121552,9.31,0.33
246,2021-04-04,ABR,1625,766,859,94,7,1071,2,446,1,4,1496,129,ITF,ITF1,13,Abruzzo,Abruzzo,1304970,123177,9.44,0.12
247,2021-03-26,ABR,5303,2269,3034,264,1,1061,37,3327,164,449,3242,2061,ITF,ITF1,13,Abruzzo,Abruzzo,1304970,128480,9.85,0.41
248,2021-02-22,ABR,2644,1175,1469,477,5,352,46,1094,419,251,2614,30,ITF,ITF1,13,Abruzzo,Abruzzo,1304970,131124,10.05,0.2
249,2021-03-12,ABR,6023,1989,4034,1006,28,848,135,1700,117,2189,4440,1583,ITF,ITF1,13,Abruzzo,Abruzzo,1304970,137147,10.51,0.46
250,2021-04-02,ABR,6683,3093,3590,184,2,3074,2,3305,22,94,5197,1486,ITF,ITF1,13,Abruzzo,Abruzzo,1304970,143830,11.02,0.51
251,2021-01-20,ABR,447,156,291,147,1,95,204,0,0,0,445,2,ITF,ITF1,13,Abruzzo,Abruzzo,1304970,144277,11.06,0.03
252,2021-04-05,ABR,2696,1150,1546,136,1,1167,3,1368,5,16,1816,880,ITF,ITF1,13,Abruzzo,Abruzzo,1304970,146973,11.26,0.21
253,2021-01-16,ABR,927,428,499,710,7,195,15,0,0,0,927,0,ITF,ITF1,13,Abruzzo,Abruzzo,1304970,147900,11.33,0.07
254,2021-04-10,ABR,2676,1245,1431,138,15,1452,4,1000,4,63,1693,983,ITF,ITF1,13,Abruzzo,Abruzzo,1304970,150576,11.54,0.21
255,2021-02-11,ABR,816,262,554,473,26,163,154,0,0,0,773,43,ITF,ITF1,13,Abruzzo,Abruzzo,1304970,151392,11.6,0.06
256,2021-03-16,ABR,3486,1453,2033,284,3,163,169,2849,6,12,1831,1655,ITF,ITF1,13,Abruzzo,Abruzzo,1304970,154878,11.87,0.27
257,2021-01-06,ABR,1830,664,1166,1546,119,32,133,0,0,0,1830,0,ITF,ITF1,13,Abruzzo,Abruzzo,1304970,156708,12.01,0.14
258,2021-04-03,ABR,5073,2213,2860,174,1,2378,27,2401,8,84,3479,1594,ITF,ITF1,13,Abruzzo,Abruzzo,1304970,161781,12.4,0.39
259,2021-02-20,ABR,4782,1843,2939,310,7,563,192,1417,406,1887,4706,76,ITF,ITF1,13,Abruzzo,Abruzzo,1304970,166563,12.76,0.37
260,2021-01-10,ABR,1139,409,730,1091,0,48,0,0,0,0,1139,0,ITF,ITF1,13,Abruzzo,Abruzzo,1304970,167702,12.85,0.09
261,2021-01-05,ABR,1614,604,1010,1604,0,10,0,0,0,0,1614,0,ITF,ITF1,13,Abruzzo,Abruzzo,1304970,169316,12.97,0.12
262,2021-01-18,ABR,122,48,74,106,0,14,2,0,0,0,46,76,ITF,ITF1,13,Abruzzo,Abruzzo,1304970,169438,12.98,0.01
263,2021-04-01,ABR,5530,2450,3080,274,8,2095,57,2908,35,153,3441,2089,ITF,ITF1,13,Abruzzo,Abruzzo,1304970,174968,13.41,0.42
264,2021-03-14,ABR,1895,733,1162,8,0,150,0,1488,0,249,1228,667,ITF,ITF1,13,Abruzzo,Abruzzo,1304970,176863,13.55,0.15
265,2021-02-08,ABR,1201,398,803,710,122,105,264,0,0,0,491,710,ITF,ITF1,13,Abruzzo,Abruzzo,1304970,178064,13.65,0.09
266,2021-01-15,ABR,379,149,230,223,6,115,35,0,0,0,379,0,ITF,ITF1,13,Abruzzo,Abruzzo,1304970,178443,13.67,0.03
267,2021-02-24,ABR,3304,1440,1864,391,17,324,247,1968,226,131,3128,176,ITF,ITF1,13,Abruzzo,Abruzzo,1304970,181747,13.93,0.25
268,2021-01-29,ABR,1386,449,937,1290,2,94,0,0,0,0,74,1312,ITF,ITF1,13,Abruzzo,Abruzzo,1304970,183133,14.03,0.11
269,2021-01-25,ABR,1604,633,971,1584,0,20,0,0,0,0,20,1584,ITF,ITF1,13,Abruzzo,Abruzzo,1304970,184737,14.16,0.12
270,2021-02-17,ABR,2077,952,1125,512,27,215,394,718,210,1,1794,283,ITF,ITF1,13,Abruzzo,Abruzzo,1304970,186814,14.32,0.16
271,2021-03-20,ABR,4733,2159,2574,318,15,509,60,3650,84,97,2569,2164,ITF,ITF1,13,Abruzzo,Abruzzo,1304970,191547,14.68,0.36
272,2021-02-27,ABR,2809,1337,1472,253,23,162,123,732,642,874,2543,266,ITF,ITF1,13,Abruzzo,Abruzzo,1304970,194356,14.89,0.22
273,2021-01-07,ABR,1603,552,1051,1566,0,37,0,0,0,0,1603,0,ITF,ITF1,13,Abruzzo,Abruzzo,1304970,195959,15.02,0.12
274,2021-01-09,ABR,1483,565,918,1430,0,53,0,0,0,0,1483,0,ITF,ITF1,13,Abruzzo,Abruzzo,1304970,197442,15.13,0.11
275,2021-01-08,ABR,1525,507,1018,1487,0,38,0,0,0,0,1525,0,ITF,ITF1,13,Abruzzo,Abruzzo,1304970,198967,15.25,0.12
276,2021-02-18,ABR,2291,934,1357,670,36,344,416,610,215,0,2161,130,ITF,ITF1,13,Abruzzo,Abruzzo,1304970,201258,15.42,0.18
277,2021-02-19,ABR,3301,1552,1749,990,32,401,371,1111,388,8,3201,100,ITF,ITF1,13,Abruzzo,Abruzzo,1304970,204559,15.68,0.25
278,2021-02-16,ABR,1978,869,1109,841,20,493,139,410,75,0,1966,12,ITF,ITF1,13,Abruzzo,Abruzzo,1304970,206537,15.83,0.15
279,2021-02-05,ABR,1536,521,1015,1188,11,230,107,0,0,0,789,747,ITF,ITF1,13,Abruzzo,Abruzzo,1304970,208073,15.94,0.12
280,2021-01-30,ABR,1509,566,943,1348,1,113,47,0,0,0,69,1440,ITF,ITF1,13,Abruzzo,Abruzzo,1304970,209582,16.06,0.12
281,2021-01-02,ABR,548,218,330,540,0,8,0,0,0,0,548,0,ITF,ITF1,13,Abruzzo,Abruzzo,1304970,210130,16.1,0.04
282,2021-02-06,ABR,1611,742,869,1168,29,342,72,0,0,0,602,1009,ITF,ITF1,13,Abruzzo,Abruzzo,1304970,211741,16.23,0.12
283,2021-03-02,ABR,3964,1676,2288,934,15,424,53,1857,276,405,3280,684,ITF,ITF1,13,Abruzzo,Abruzzo,1304970,215705,16.53,0.3
284,2021-04-08,ABR,7214,3251,3963,146,11,4146,73,2626,9,203,4934,2280,ITF,ITF1,13,Abruzzo,Abruzzo,1304970,222919,17.08,0.55
285,2021-01-11,ABR,1551,557,994,1337,62,104,48,0,0,0,1551,0,ITF,ITF1,13,Abruzzo,Abruzzo,1304970,224470,17.2,0.12
286,2021-02-02,ABR,1798,677,1121,1243,67,346,142,0,0,0,241,1557,ITF,ITF1,13,Abruzzo,Abruzzo,1304970,226268,17.34,0.14
287,2021-01-03,ABR,471,185,286,464,0,7,0,0,0,0,471,0,ITF,ITF1,13,Abruzzo,Abruzzo,1304970,226739,17.38,0.04
288,2021-03-15,ABR,3640,1399,2241,657,8,562,78,1964,41,330,1824,1816,ITF,ITF1,13,Abruzzo,Abruzzo,1304970,230379,17.65,0.28
289,2021-02-03,ABR,2061,717,1344,1541,47,355,118,0,0,0,419,1642,ITF,ITF1,13,Abruzzo,Abruzzo,1304970,232440,17.81,0.16
290,2021-04-09,ABR,7983,3740,4243,270,10,4613,29,2996,26,39,5741,2242,ITF,ITF1,13,Abruzzo,Abruzzo,1304970,240423,18.42,0.61
291,2021-04-07,ABR,7121,3283,3838,187,6,3544,79,3206,84,15,4395,2726,ITF,ITF1,13,Abruzzo,Abruzzo,1304970,247544,18.97,0.55
292,2021-01-28,ABR,1433,495,938,1370,1,61,1,0,0,0,12,1421,ITF,ITF1,13,Abruzzo,Abruzzo,1304970,248977,19.08,0.11
293,2021-01-19,ABR,111,55,56,27,1,33,50,0,0,0,91,20,ITF,ITF1,13,Abruzzo,Abruzzo,1304970,249088,19.09,0.01
294,2021-03-27,ABR,6119,2619,3500,189,11,1386,42,4235,40,216,3640,2479,ITF,ITF1,13,Abruzzo,Abruzzo,1304970,255207,19.56,0.47
295,2021-01-13,ABR,1253,440,813,1103,0,150,0,0,0,0,1253,0,ITF,ITF1,13,Abruzzo,Abruzzo,1304970,256460,19.65,0.1
296,2021-03-24,ABR,6422,2829,3593,484,10,1762,143,3378,215,430,4166,2256,ITF,ITF1,13,Abruzzo,Abruzzo,1304970,262882,20.14,0.49
297,2021-03-07,ABR,2523,630,1893,28,0,210,0,461,1,1823,2523,0,ITF,ITF1,13,Abruzzo,Abruzzo,1304970,265405,20.34,0.19
298,2021-03-30,ABR,5059,2199,2860,211,2,1749,31,2741,39,286,3234,1825,ITF,ITF1,13,Abruzzo,Abruzzo,1304970,270464,20.73,0.39
299,2021-03-25,ABR,5685,2560,3125,249,10,945,39,3781,213,448,3069,2616,ITF,ITF1,13,Abruzzo,Abruzzo,1304970,276149,21.16,0.44
300,2021-01-14,ABR,530,189,341,364,0,166,0,0,0,0,530,0,ITF,ITF1,13,Abruzzo,Abruzzo,1304970,276679,21.2,0.04
301,2021-01-26,ABR,1542,567,975,1513,0,29,0,0,0,0,29,1513,ITF,ITF1,13,Abruzzo,Abruzzo,1304970,278221,21.32,0.12
302,2021-02-25,ABR,3086,1347,1739,615,29,528,18,1508,262,126,2558,528,ITF,ITF1,13,Abruzzo,Abruzzo,1304970,281307,21.56,0.24
303,2021-02-10,ABR,948,313,635,622,42,168,116,0,0,0,504,444,ITF,ITF1,13,Abruzzo,Abruzzo,1304970,282255,21.63,0.07
304,2021-01-05,LIG,2877,895,1982,2306,107,196,261,0,0,7,2877,0,ITC,ITC3,7,Liguria,Liguria,1550640,2877,0.19,0.19
305,2021-04-01,LIG,11979,5295,6684,433,63,6577,139,3693,138,936,9211,2768,ITC,ITC3,7,Liguria,Liguria,1550640,14856,0.96,0.77
306,2021-01-20,LIG,1548,554,994,726,121,219,480,0,0,2,1536,12,ITC,ITC3,7,Liguria,Liguria,1550640,16404,1.06,0.1
307,2020-12-29,LIG,125,33,92,93,11,0,21,0,0,0,125,0,ITC,ITC3,7,Liguria,Liguria,1550640,16529,1.07,0.01
308,2021-03-26,LIG,9093,3842,5251,603,180,2753,65,3879,316,1297,5939,3154,ITC,ITC3,7,Liguria,Liguria,1550640,25622,1.65,0.59
309,2021-03-12,LIG,6001,2767,3234,1195,209,714,78,3364,437,4,3560,2441,ITC,ITC3,7,Liguria,Liguria,1550640,31623,2.04,0.39
310,2021-04-10,LIG,1439,698,741,42,8,1184,0,204,1,0,1307,132,ITC,ITC3,7,Liguria,Liguria,1550640,33062,2.13,0.09
311,2021-04-02,LIG,11308,4958,6350,432,118,6117,31,3611,102,897,8823,2485,ITC,ITC3,7,Liguria,Liguria,1550640,44370,2.86,0.73
312,2021-01-16,LIG,1278,557,721,753,62,163,299,0,0,1,1278,0,ITC,ITC3,7,Liguria,Liguria,1550640,45648,2.94,0.08
313,2021-04-04,LIG,642,312,330,30,0,391,0,221,0,0,507,135,ITC,ITC3,7,Liguria,Liguria,1550640,46290,2.99,0.04
314,2021-01-01,LIG,144,55,89,139,4,1,0,0,0,0,144,0,ITC,ITC3,7,Liguria,Liguria,1550640,46434,2.99,0.01
315,2021-04-03,LIG,5128,2358,2770,116,19,3624,3,1344,3,19,4239,889,ITC,ITC3,7,Liguria,Liguria,1550640,51562,3.33,0.33
316,2021-01-15,LIG,2246,752,1494,1324,271,137,512,0,0,2,2246,0,ITC,ITC3,7,Liguria,Liguria,1550640,53808,3.47,0.14
317,2021-01-07,LIG,3166,1077,2089,2314,144,275,428,0,1,4,3166,0,ITC,ITC3,7,Liguria,Liguria,1550640,56974,3.67,0.2
318,2021-02-11,LIG,1961,761,1200,1240,126,133,456,0,0,6,1091,870,ITC,ITC3,7,Liguria,Liguria,1550640,58935,3.8,0.13
319,2021-03-13,LIG,3537,1497,2040,330,77,633,71,1516,120,790,2683,854,ITC,ITC3,7,Liguria,Liguria,1550640,62472,4.03,0.23
320,2021-01-18,LIG,2128,741,1387,1250,182,248,438,0,0,10,1971,157,ITC,ITC3,7,Liguria,Liguria,1550640,64600,4.17,0.14
321,2021-02-22,LIG,3329,1463,1866,712,100,113,235,2167,0,2,3191,138,ITC,ITC3,7,Liguria,Liguria,1550640,67929,4.38,0.21
322,2021-03-16,LIG,6060,2714,3346,934,109,420,323,4265,3,6,2343,3717,ITC,ITC3,7,Liguria,Liguria,1550640,73989,4.77,0.39
323,2021-01-06,LIG,1660,616,1044,1230,40,210,113,64,0,3,1660,0,ITC,ITC3,7,Liguria,Liguria,1550640,75649,4.88,0.11
324,2021-01-10,LIG,648,262,386,369,84,19,176,0,0,0,648,0,ITC,ITC3,7,Liguria,Liguria,1550640,76297,4.92,0.04
325,2021-01-08,LIG,2927,999,1928,2084,167,240,431,0,1,4,2927,0,ITC,ITC3,7,Liguria,Liguria,1550640,79224,5.11,0.19
326,2021-02-02,LIG,2665,1003,1662,1971,195,33,464,0,0,2,198,2467,ITC,ITC3,7,Liguria,Liguria,1550640,81889,5.28,0.17
327,2021-02-18,LIG,2761,1126,1635,958,119,303,349,1030,0,2,2431,330,ITC,ITC3,7,Liguria,Liguria,1550640,84650,5.46,0.18
328,2021-02-19,LIG,3095,1279,1816,989,123,469,97,1414,0,3,2919,176,ITC,ITC3,7,Liguria,Liguria,1550640,87745,5.66,0.2
329,2021-04-07,LIG,12886,5715,7171,426,143,7420,103,4121,105,568,10747,2139,ITC,ITC3,7,Liguria,Liguria,1550640,100631,6.49,0.83
330,2021-01-28,LIG,2840,969,1871,2238,182,105,309,0,1,5,39,2801,ITC,ITC3,7,Liguria,Liguria,1550640,103471,6.67,0.18
331,2021-01-02,LIG,691,245,446,595,54,42,0,0,0,0,691,0,ITC,ITC3,7,Liguria,Liguria,1550640,104162,6.72,0.04
332,2021-04-09,LIG,11730,5276,6454,492,161,6989,65,3425,26,572,10199,1531,ITC,ITC3,7,Liguria,Liguria,1550640,115892,7.47,0.76
333,2021-01-11,LIG,2652,990,1662,1990,143,202,316,0,0,1,2652,0,ITC,ITC3,7,Liguria,Liguria,1550640,118544,7.64,0.17
334,2021-01-14,LIG,2979,1055,1924,1869,336,220,553,0,0,1,2979,0,ITC,ITC3,7,Liguria,Liguria,1550640,121523,7.84,0.19
335,2021-03-03,LIG,4548,1825,2723,1029,118,128,288,2978,3,4,3555,993,ITC,ITC3,7,Liguria,Liguria,1550640,126071,8.13,0.29
336,2021-01-09,LIG,1335,481,854,998,73,74,188,0,0,2,1335,0,ITC,ITC3,7,Liguria,Liguria,1550640,127406,8.22,0.09
337,2021-02-16,LIG,2392,949,1443,982,200,211,283,714,0,2,1999,393,ITC,ITC3,7,Liguria,Liguria,1550640,129798,8.37,0.15
338,2021-03-10,LIG,5756,2782,2974,823,94,700,95,3627,416,1,3852,1904,ITC,ITC3,7,Liguria,Liguria,1550640,135554,8.74,0.37
339,2021-03-27,LIG,3919,1538,2381,176,22,854,36,2056,69,706,2523,1396,ITC,ITC3,7,Liguria,Liguria,1550640,139473,8.99,0.25
340,2021-03-31,LIG,11301,4955,6346,522,85,5366,83,4196,179,870,8540,2761,ITC,ITC3,7,Liguria,Liguria,1550640,150774,9.72,0.73
341,2021-04-08,LIG,9442,4284,5158,440,110,5691,61,2764,33,343,7952,1490,ITC,ITC3,7,Liguria,Liguria,1550640,160216,10.33,0.61
342,2021-03-02,LIG,4072,1687,2385,726,60,126,76,3079,1,4,3762,310,ITC,ITC3,7,Liguria,Liguria,1550640,164288,10.59,0.26
343,2021-03-01,LIG,3498,1425,2073,528,62,58,105,2744,0,1,3376,122,ITC,ITC3,7,Liguria,Liguria,1550640,167786,10.82,0.23
344,2021-03-30,LIG,11689,5166,6523,486,94,5643,106,4287,228,845,8301,3388,ITC,ITC3,7,Liguria,Liguria,1550640,179475,11.57,0.75
345,2021-03-08,LIG,5617,2456,3161,1122,171,364,80,3567,306,7,3933,1684,ITC,ITC3,7,Liguria,Liguria,1550640,185092,11.94,0.36
346,2021-02-10,LIG,2275,827,1448,1350,233,186,496,5,0,5,1014,1261,ITC,ITC3,7,Liguria,Liguria,1550640,187367,12.08,0.15
347,2021-01-31,LIG,624,270,354,418,67,4,135,0,0,0,9,615,ITC,ITC3,7,Liguria,Liguria,1550640,187991,12.12,0.04
348,2021-02-09,LIG,1899,681,1218,1085,194,143,455,0,0,22,256,1643,ITC,ITC3,7,Liguria,Liguria,1550640,189890,12.25,0.12
349,2021-03-22,LIG,7365,3277,4088,576,115,1615,82,3822,281,874,4524,2841,ITC,ITC3,7,Liguria,Liguria,1550640,197255,12.72,0.47
350,2021-03-17,LIG,5520,2356,3164,781,112,288,76,4254,2,7,2462,3058,ITC,ITC3,7,Liguria,Liguria,1550640,202775,13.08,0.36
351,2021-01-27,LIG,1743,603,1140,1336,89,90,227,0,0,1,142,1601,ITC,ITC3,7,Liguria,Liguria,1550640,204518,13.19,0.11
352,2021-03-04,LIG,4721,2111,2610,920,106,212,276,2921,282,4,3891,830,ITC,ITC3,7,Liguria,Liguria,1550640,209239,13.49,0.3
353,2021-03-09,LIG,5804,2701,3103,1031,148,504,131,3457,533,0,4379,1425,ITC,ITC3,7,Liguria,Liguria,1550640,215043,13.87,0.37
354,2021-03-14,LIG,1658,752,906,66,36,345,176,577,27,431,1054,604,ITC,ITC3,7,Liguria,Liguria,1550640,216701,13.97,0.11
355,2021-02-04,LIG,2814,985,1829,1866,376,92,471,0,1,8,179,2635,ITC,ITC3,7,Liguria,Liguria,1550640,219515,14.16,0.18
356,2021-01-23,LIG,809,295,514,633,94,38,43,0,0,1,153,656,ITC,ITC3,7,Liguria,Liguria,1550640,220324,14.21,0.05
357,2021-02-14,LIG,233,122,111,31,0,30,112,60,0,0,233,0,ITC,ITC3,7,Liguria,Liguria,1550640,220557,14.22,0.02
358,2021-01-26,LIG,2482,802,1680,1963,152,110,252,0,0,5,13,2469,ITC,ITC3,7,Liguria,Liguria,1550640,223039,14.38,0.16
359,2021-04-06,LIG,12456,5535,6921,538,111,7000,204,3983,70,550,10359,2097,ITC,ITC3,7,Liguria,Liguria,1550640,235495,15.19,0.8
360,2021-02-15,LIG,2259,838,1421,1086,185,82,241,662,1,2,1862,397,ITC,ITC3,7,Liguria,Liguria,1550640,237754,15.33,0.15
361,2021-01-17,LIG,861,300,561,516,16,66,262,0,0,1,861,0,ITC,ITC3,7,Liguria,Liguria,1550640,238615,15.39,0.06
362,2021-02-28,LIG,1060,581,479,12,1,570,3,474,0,0,1054,6,ITC,ITC3,7,Liguria,Liguria,1550640,239675,15.46,0.07
363,2020-12-30,LIG,12,5,7,12,0,0,0,0,0,0,12,0,ITC,ITC3,7,Liguria,Liguria,1550640,239687,15.46,0.0
364,2021-02-07,LIG,407,153,254,191,12,17,187,0,0,0,2,405,ITC,ITC3,7,Liguria,Liguria,1550640,240094,15.48,0.03
365,2021-03-11,LIG,6203,2981,3222,1142,108,511,260,3681,499,2,4201,2002,ITC,ITC3,7,Liguria,Liguria,1550640,246297,15.88,0.4
366,2021-04-05,LIG,3970,1748,2222,190,22,1528,9,2210,1,10,2321,1649,ITC,ITC3,7,Liguria,Liguria,1550640,250267,16.14,0.26
367,2020-12-31,LIG,988,354,634,750,17,38,155,28,0,0,988,0,ITC,ITC3,7,Liguria,Liguria,1550640,251255,16.2,0.06
368,2021-01-04,LIG,2614,853,1761,2196,81,158,176,0,0,3,2614,0,ITC,ITC3,7,Liguria,Liguria,1550640,253869,16.37,0.17
369,2021-03-15,LIG,7297,3071,4226,819,171,1245,106,3773,221,962,4595,2702,ITC,ITC3,7,Liguria,Liguria,1550640,261166,16.84,0.47
370,2021-02-21,LIG,869,491,378,183,21,296,102,267,0,0,865,4,ITC,ITC3,7,Liguria,Liguria,1550640,262035,16.9,0.06
371,2021-02-06,LIG,1891,767,1124,1309,161,45,375,0,0,1,145,1746,ITC,ITC3,7,Liguria,Liguria,1550640,263926,17.02,0.12
372,2021-01-13,LIG,2753,1012,1741,1912,226,124,487,0,0,4,2753,0,ITC,ITC3,7,Liguria,Liguria,1550640,266679,17.2,0.18
373,2021-01-03,LIG,734,230,504,658,23,52,0,0,0,1,734,0,ITC,ITC3,7,Liguria,Liguria,1550640,267413,17.25,0.05
374,2021-01-19,LIG,1359,431,928,712,130,186,328,0,0,3,1269,90,ITC,ITC3,7,Liguria,Liguria,1550640,268772,17.33,0.09
375,2021-01-30,LIG,1661,567,1094,1260,88,54,257,0,0,2,25,1636,ITC,ITC3,7,Liguria,Liguria,1550640,270433,17.44,0.11
376,2021-02-05,LIG,2627,974,1653,1727,357,75,464,0,0,4,301,2326,ITC,ITC3,7,Liguria,Liguria,1550640,273060,17.61,0.17
377,2021-02-03,LIG,2313,790,1523,1624,212,60,416,0,0,1,55,2258,ITC,ITC3,7,Liguria,Liguria,1550640,275373,17.76,0.15
378,2021-03-29,LIG,10366,4480,5886,462,126,4692,115,3906,182,883,7238,3128,ITC,ITC3,7,Liguria,Liguria,1550640,285739,18.43,0.67
379,2021-02-08,LIG,1928,731,1197,1242,208,185,286,0,0,7,306,1622,ITC,ITC3,7,Liguria,Liguria,1550640,287667,18.55,0.12
380,2021-01-12,LIG,2459,885,1574,1749,174,95,439,0,0,2,2459,0,ITC,ITC3,7,Liguria,Liguria,1550640,290126,18.71,0.16
381,2021-03-28,LIG,1140,509,631,135,91,236,145,532,1,0,389,751,ITC,ITC3,7,Liguria,Liguria,1550640,291266,18.78,0.07
382,2021-02-01,LIG,2460,907,1553,1919,159,54,327,0,0,1,81,2379,ITC,ITC3,7,Liguria,Liguria,1550640,293726,18.94,0.16
383,2021-03-19,LIG,5276,2228,3048,733,162,459,137,3681,21,83,2145,3131,ITC,ITC3,7,Liguria,Liguria,1550640,299002,19.28,0.34
384,2021-02-27,LIG,1888,921,967,139,13,527,5,1204,0,0,1759,129,ITC,ITC3,7,Liguria,Liguria,1550640,300890,19.4,0.12
385,2021-03-21,LIG,552,221,331,7,1,19,0,525,0,0,69,483,ITC,ITC3,7,Liguria,Liguria,1550640,301442,19.44,0.04
386,2021-01-22,LIG,1813,603,1210,1064,143,41,565,0,0,0,1328,485,ITC,ITC3,7,Liguria,Liguria,1550640,303255,19.56,0.12
387,2021-01-29,LIG,3042,1058,1984,2299,194,117,430,0,0,2,66,2976,ITC,ITC3,7,Liguria,Liguria,1550640,306297,19.75,0.2
388,2021-01-21,LIG,1102,385,717,584,69,116,332,1,0,0,672,430,ITC,ITC3,7,Liguria,Liguria,1550640,307399,19.82,0.07
389,2021-02-20,LIG,1334,636,698,159,28,436,122,589,0,0,1333,1,ITC,ITC3,7,Liguria,Liguria,1550640,308733,19.91,0.09
390,2021-02-23,LIG,3803,1559,2244,686,79,192,116,2727,2,1,3694,109,ITC,ITC3,7,Liguria,Liguria,1550640,312536,20.16,0.25
391,2021-02-26,LIG,3760,1521,2239,781,127,97,168,2585,0,2,3433,327,ITC,ITC3,7,Liguria,Liguria,1550640,316296,20.4,0.24
392,2021-02-13,LIG,1079,508,571,543,77,58,147,254,0,0,800,279,ITC,ITC3,7,Liguria,Liguria,1550640,317375,20.47,0.07
393,2021-02-24,LIG,3758,1557,2201,804,92,182,154,2525,0,1,3499,259,ITC,ITC3,7,Liguria,Liguria,1550640,321133,20.71,0.24
394,2021-03-20,LIG,2316,995,1321,224,44,184,0,1855,9,0,1142,1174,ITC,ITC3,7,Liguria,Liguria,1550640,323449,20.86,0.15
395,2021-02-17,LIG,2623,1165,1458,883,131,231,262,1115,0,1,2260,363,ITC,ITC3,7,Liguria,Liguria,1550640,326072,21.03,0.17
396,2021-03-06,LIG,3302,1841,1461,377,12,782,120,1537,473,1,2597,705,ITC,ITC3,7,Liguria,Liguria,1550640,329374,21.24,0.21
397,2021-01-25,LIG,2717,888,1829,2208,128,62,317,0,0,2,471,2246,ITC,ITC3,7,Liguria,Liguria,1550640,332091,21.42,0.18
398,2021-02-12,LIG,1913,684,1229,866,119,104,393,430,0,1,895,1018,ITC,ITC3,7,Liguria,Liguria,1550640,334004,21.54,0.12
399,2021-02-25,LIG,3439,1348,2091,550,91,122,88,2585,2,1,3310,129,ITC,ITC3,7,Liguria,Liguria,1550640,337443,21.76,0.22
400,2020-12-28,LIG,80,30,50,77,0,3,0,0,0,0,80,0,ITC,ITC3,7,Liguria,Liguria,1550640,337523,21.77,0.01
401,2021-01-24,LIG,755,236,519,632,60,3,60,0,0,0,113,642,ITC,ITC3,7,Liguria,Liguria,1550640,338278,21.82,0.05
402,2021-03-25,LIG,9478,4034,5444,645,173,2823,170,3673,381,1613,6088,3390,ITC,ITC3,7,Liguria,Liguria,1550640,347756,22.43,0.61
403,2021-03-24,LIG,8761,3759,5002,521,104,2129,61,4209,401,1336,5474,3287,ITC,ITC3,7,Liguria,Liguria,1550640,356517,22.99,0.56
404,2021-03-07,LIG,1858,1085,773,184,8,516,258,508,383,1,1557,301,ITC,ITC3,7,Liguria,Liguria,1550640,358375,23.11,0.12
405,2021-03-23,LIG,8773,3971,4802,638,79,2300,56,3919,474,1307,5567,3206,ITC,ITC3,7,Liguria,Liguria,1550640,367148,23.68,0.57
406,2020-12-27,LIG,135,56,79,88,0,2,45,0,0,0,135,0,ITC,ITC3,7,Liguria,Liguria,1550640,367283,23.69,0.01
407,2021-03-18,LIG,4986,2127,2859,632,69,486,94,3694,6,5,2022,2964,ITC,ITC3,7,Liguria,Liguria,1550640,372269,24.01,0.32
408,2021-03-05,LIG,4861,2147,2714,795,65,267,81,3336,312,5,3737,1124,ITC,ITC3,7,Liguria,Liguria,1550640,377130,24.32,0.31
409,2021-02-03,MAR,2125,742,1383,1344,2,613,166,0,0,0,119,2006,ITI,ITI3,11,Marche,Marche,1525271,2125,0.14,0.14
410,2021-01-15,MAR,1771,500,1271,985,60,360,366,0,0,0,1771,0,ITI,ITI3,11,Marche,Marche,1525271,3896,0.26,0.12
411,2021-02-21,MAR,377,142,235,204,1,114,57,0,0,1,376,1,ITI,ITI3,11,Marche,Marche,1525271,4273,0.28,0.02
412,2021-01-02,MAR,453,139,314,444,0,9,0,0,0,0,453,0,ITI,ITI3,11,Marche,Marche,1525271,4726,0.31,0.03
413,2021-03-29,MAR,5895,2586,3309,228,5,1161,35,4240,11,215,3443,2452,ITI,ITI3,11,Marche,Marche,1525271,10621,0.7,0.39
414,2021-01-24,MAR,892,342,550,773,0,119,0,0,0,0,17,875,ITI,ITI3,11,Marche,Marche,1525271,11513,0.75,0.06
415,2021-03-15,MAR,4511,2119,2392,300,4,469,8,3475,14,241,1422,3089,ITI,ITI3,11,Marche,Marche,1525271,16024,1.05,0.3
416,2021-02-28,MAR,2840,1251,1589,19,0,18,0,2799,2,2,2834,6,ITI,ITI3,11,Marche,Marche,1525271,18864,1.24,0.19
417,2021-02-15,MAR,973,413,560,544,60,368,1,0,0,0,960,13,ITI,ITI3,11,Marche,Marche,1525271,19837,1.3,0.06
418,2021-03-09,MAR,5532,2375,3157,754,8,463,36,2588,613,1070,4643,889,ITI,ITI3,11,Marche,Marche,1525271,25369,1.66,0.36
419,2021-04-01,MAR,7593,3186,4407,390,4,2261,38,4590,26,284,4167,3426,ITI,ITI3,11,Marche,Marche,1525271,32962,2.16,0.5
420,2021-01-03,MAR,896,348,548,759,0,137,0,0,0,0,896,0,ITI,ITI3,11,Marche,Marche,1525271,33858,2.22,0.06
421,2021-01-04,MAR,1500,563,937,1290,36,163,11,0,0,0,1500,0,ITI,ITI3,11,Marche,Marche,1525271,35358,2.32,0.1
422,2021-01-19,MAR,225,81,144,120,0,20,85,0,0,0,141,84,ITI,ITI3,11,Marche,Marche,1525271,35583,2.33,0.01
423,2021-03-11,MAR,6832,2930,3902,1094,11,911,38,3227,403,1148,5461,1371,ITI,ITI3,11,Marche,Marche,1525271,42415,2.78,0.45
424,2021-03-13,MAR,5877,2708,3169,664,21,517,57,4248,133,237,1916,3961,ITI,ITI3,11,Marche,Marche,1525271,48292,3.17,0.39
425,2021-03-25,MAR,6657,2774,3883,464,12,947,365,4307,43,519,3247,3410,ITI,ITI3,11,Marche,Marche,1525271,54949,3.6,0.44
426,2021-01-23,MAR,557,190,367,440,14,40,63,0,0,0,123,434,ITI,ITI3,11,Marche,Marche,1525271,55506,3.64,0.04
427,2021-02-24,MAR,3444,1506,1938,226,11,224,168,2811,3,1,3364,80,ITI,ITI3,11,Marche,Marche,1525271,58950,3.86,0.23
428,2020-12-30,MAR,17,5,12,14,0,3,0,0,0,0,17,0,ITI,ITI3,11,Marche,Marche,1525271,58967,3.87,0.0
429,2021-01-17,MAR,1598,682,916,964,14,574,46,0,0,0,1549,49,ITI,ITI3,11,Marche,Marche,1525271,60565,3.97,0.1
430,2021-02-16,MAR,1292,475,817,737,8,455,92,0,0,0,1262,30,ITI,ITI3,11,Marche,Marche,1525271,61857,4.06,0.08
431,2021-03-22,MAR,5660,2378,3282,407,8,448,69,4182,113,433,2531,3129,ITI,ITI3,11,Marche,Marche,1525271,67517,4.43,0.37
432,2021-02-05,MAR,2157,653,1504,1318,20,400,419,0,0,0,440,1717,ITI,ITI3,11,Marche,Marche,1525271,69674,4.57,0.14
433,2021-03-30,MAR,7445,3056,4389,524,2,2020,244,4258,30,367,4607,2838,ITI,ITI3,11,Marche,Marche,1525271,77119,5.06,0.49
434,2021-01-13,MAR,2105,746,1359,1408,11,610,76,0,0,0,2105,0,ITI,ITI3,11,Marche,Marche,1525271,79224,5.19,0.14
435,2021-02-06,MAR,2460,900,1560,1402,40,603,415,0,0,0,523,1937,ITI,ITI3,11,Marche,Marche,1525271,81684,5.36,0.16
436,2021-03-02,MAR,4965,1943,3022,589,24,251,242,3318,3,538,4399,566,ITI,ITI3,11,Marche,Marche,1525271,86649,5.68,0.33
437,2021-02-20,MAR,4127,1708,2419,118,24,387,261,3334,3,0,4016,111,ITI,ITI3,11,Marche,Marche,1525271,90776,5.95,0.27
438,2021-04-09,MAR,9612,4218,5394,270,5,6345,31,1613,27,1321,9412,200,ITI,ITI3,11,Marche,Marche,1525271,100388,6.58,0.63
439,2021-03-20,MAR,4146,1745,2401,181,8,110,111,3641,6,89,1054,3092,ITI,ITI3,11,Marche,Marche,1525271,104534,6.85,0.27
440,2021-02-19,MAR,1971,716,1255,1273,11,481,203,1,0,2,1836,135,ITI,ITI3,11,Marche,Marche,1525271,106505,6.98,0.13
441,2021-02-18,MAR,2104,746,1358,1150,41,509,402,1,0,1,1816,288,ITI,ITI3,11,Marche,Marche,1525271,108609,7.12,0.14
442,2021-03-27,MAR,7418,3082,4336,278,1,2494,135,3729,70,711,5049,2369,ITI,ITI3,11,Marche,Marche,1525271,116027,7.61,0.49
443,2021-01-31,MAR,1928,772,1156,1532,0,396,0,0,0,0,105,1823,ITI,ITI3,11,Marche,Marche,1525271,117955,7.73,0.13
444,2021-01-14,MAR,2010,692,1318,1112,67,533,298,0,0,0,2010,0,ITI,ITI3,11,Marche,Marche,1525271,119965,7.87,0.13
445,2021-02-10,MAR,1439,452,987,881,26,317,215,0,0,0,1080,359,ITI,ITI3,11,Marche,Marche,1525271,121404,7.96,0.09
446,2021-03-10,MAR,5783,2490,3293,721,22,799,101,2675,424,1041,4646,1137,ITI,ITI3,11,Marche,Marche,1525271,127187,8.34,0.38
447,2021-01-18,MAR,673,230,443,370,5,166,132,0,0,0,547,126,ITI,ITI3,11,Marche,Marche,1525271,127860,8.38,0.04
448,2021-02-11,MAR,1988,658,1330,1155,15,606,212,0,0,0,1599,389,ITI,ITI3,11,Marche,Marche,1525271,129848,8.51,0.13
449,2021-02-22,MAR,3414,1499,1915,326,10,398,77,2596,5,2,3339,75,ITI,ITI3,11,Marche,Marche,1525271,133262,8.74,0.22
450,2021-04-10,MAR,3938,1723,2215,109,3,2494,41,805,16,470,3782,156,ITI,ITI3,11,Marche,Marche,1525271,137200,9.0,0.26
451,2021-03-16,MAR,3577,1549,2028,317,3,193,54,2928,77,5,394,3183,ITI,ITI3,11,Marche,Marche,1525271,140777,9.23,0.23
452,2021-04-05,MAR,5691,2356,3335,253,5,2344,60,2261,10,758,4422,1269,ITI,ITI3,11,Marche,Marche,1525271,146468,9.6,0.37
453,2021-02-02,MAR,1193,397,796,804,17,279,93,0,0,0,73,1120,ITI,ITI3,11,Marche,Marche,1525271,147661,9.68,0.08
454,2021-04-04,MAR,3825,1792,2033,189,0,1538,0,2009,5,84,2654,1171,ITI,ITI3,11,Marche,Marche,1525271,151486,9.93,0.25
455,2021-03-07,MAR,5183,2108,3075,607,2,355,0,3007,316,896,4430,753,ITI,ITI3,11,Marche,Marche,1525271,156669,10.27,0.34
456,2021-04-02,MAR,6987,3030,3957,388,3,3270,108,2656,140,422,6245,742,ITI,ITI3,11,Marche,Marche,1525271,163656,10.73,0.46
457,2021-01-12,MAR,1226,413,813,912,0,264,50,0,0,0,1226,0,ITI,ITI3,11,Marche,Marche,1525271,164882,10.81,0.08
458,2021-01-05,MAR,1562,586,976,1436,0,126,0,0,0,0,1562,0,ITI,ITI3,11,Marche,Marche,1525271,166444,10.91,0.1
459,2021-01-27,MAR,2120,780,1340,1754,7,219,140,0,0,0,122,1998,ITI,ITI3,11,Marche,Marche,1525271,168564,11.05,0.14
460,2021-04-03,MAR,7580,3207,4373,321,3,3984,55,2922,2,293,6909,671,ITI,ITI3,11,Marche,Marche,1525271,176144,11.55,0.5
461,2021-02-08,MAR,833,258,575,408,21,142,262,0,0,0,371,462,ITI,ITI3,11,Marche,Marche,1525271,176977,11.6,0.05
462,2021-03-08,MAR,6366,2807,3559,768,14,604,219,3102,644,1015,5364,1002,ITI,ITI3,11,Marche,Marche,1525271,183343,12.02,0.42
463,2020-12-27,MAR,200,97,103,184,4,8,4,0,0,0,200,0,ITI,ITI3,11,Marche,Marche,1525271,183543,12.03,0.01
464,2021-01-29,MAR,1991,730,1261,1479,4,434,74,0,0,0,168,1823,ITI,ITI3,11,Marche,Marche,1525271,185534,12.16,0.13
465,2021-01-16,MAR,2006,723,1283,1059,43,619,285,0,0,0,2006,0,ITI,ITI3,11,Marche,Marche,1525271,187540,12.3,0.13
466,2021-03-12,MAR,4716,2020,2696,820,10,723,0,1904,330,929,3471,1245,ITI,ITI3,11,Marche,Marche,1525271,192256,12.6,0.31
467,2021-03-26,MAR,6345,2614,3731,335,21,1322,182,3928,56,501,3534,2811,ITI,ITI3,11,Marche,Marche,1525271,198601,13.02,0.42
468,2021-02-01,MAR,1365,480,885,1057,1,226,81,0,0,0,98,1267,ITI,ITI3,11,Marche,Marche,1525271,199966,13.11,0.09
469,2021-03-18,MAR,3445,1514,1931,326,6,258,123,2653,76,3,216,3229,ITI,ITI3,11,Marche,Marche,1525271,203411,13.34,0.23
470,2021-02-25,MAR,3563,1447,2116,432,6,207,423,2491,3,1,3384,179,ITI,ITI3,11,Marche,Marche,1525271,206974,13.57,0.23
471,2021-03-23,MAR,5818,2538,3280,259,9,360,130,4588,144,328,2271,3547,ITI,ITI3,11,Marche,Marche,1525271,212792,13.95,0.38
472,2021-01-10,MAR,1737,699,1038,1462,0,275,0,0,0,0,1737,0,ITI,ITI3,11,Marche,Marche,1525271,214529,14.06,0.11
473,2021-03-24,MAR,7035,2982,4053,483,20,961,187,4728,64,592,3367,3668,ITI,ITI3,11,Marche,Marche,1525271,221564,14.53,0.46
474,2021-01-20,MAR,398,99,299,146,15,47,190,0,0,0,386,12,ITI,ITI3,11,Marche,Marche,1525271,221962,14.55,0.03
475,2021-02-07,MAR,1871,735,1136,1156,5,664,46,0,0,0,344,1527,ITI,ITI3,11,Marche,Marche,1525271,223833,14.67,0.12
476,2021-04-08,MAR,7449,3248,4201,273,8,5122,37,1308,7,694,7118,331,ITI,ITI3,11,Marche,Marche,1525271,231282,15.16,0.49
477,2021-04-07,MAR,7788,3429,4359,188,2,5283,13,1305,24,973,7452,336,ITI,ITI3,11,Marche,Marche,1525271,239070,15.67,0.51
478,2021-01-11,MAR,1176,411,765,1021,2,153,0,0,0,0,1176,0,ITI,ITI3,11,Marche,Marche,1525271,240246,15.75,0.08
479,2021-01-28,MAR,1973,659,1314,1581,0,291,101,0,0,0,167,1806,ITI,ITI3,11,Marche,Marche,1525271,242219,15.88,0.13
480,2021-01-30,MAR,1908,669,1239,1566,0,342,0,0,0,0,29,1879,ITI,ITI3,11,Marche,Marche,1525271,244127,16.01,0.13
481,2021-03-21,MAR,4512,1878,2634,87,0,109,54,4047,10,205,1632,2880,ITI,ITI3,11,Marche,Marche,1525271,248639,16.3,0.3
482,2021-01-21,MAR,896,253,643,460,41,59,336,0,0,0,585,311,ITI,ITI3,11,Marche,Marche,1525271,249535,16.36,0.06
483,2021-03-06,MAR,5732,2647,3085,973,4,833,125,2400,650,747,4464,1268,ITI,ITI3,11,Marche,Marche,1525271,255267,16.74,0.38
484,2021-03-17,MAR,3435,1497,1938,301,5,178,117,2822,7,5,111,3324,ITI,ITI3,11,Marche,Marche,1525271,258702,16.96,0.23
485,2021-02-17,MAR,1791,664,1127,968,24,498,300,1,0,0,1672,119,ITI,ITI3,11,Marche,Marche,1525271,260493,17.08,0.12
486,2021-02-26,MAR,3635,1502,2133,449,34,205,385,2519,4,39,3159,476,ITI,ITI3,11,Marche,Marche,1525271,264128,17.32,0.24
487,2021-03-28,MAR,4132,1742,2390,45,1,1030,5,2651,4,396,2437,1695,ITI,ITI3,11,Marche,Marche,1525271,268260,17.59,0.27
488,2021-01-09,MAR,1709,605,1104,1406,0,303,0,0,0,0,1709,0,ITI,ITI3,11,Marche,Marche,1525271,269969,17.7,0.11
489,2021-02-12,MAR,1583,618,965,815,11,669,88,0,0,0,1431,152,ITI,ITI3,11,Marche,Marche,1525271,271552,17.8,0.1
490,2021-01-25,MAR,1596,559,1037,1426,12,102,56,0,0,0,97,1499,ITI,ITI3,11,Marche,Marche,1525271,273148,17.91,0.1
491,2021-01-07,MAR,1802,633,1169,1480,0,322,0,0,0,0,1802,0,ITI,ITI3,11,Marche,Marche,1525271,274950,18.03,0.12
492,2021-03-19,MAR,3869,1604,2265,495,1,233,293,2837,4,6,343,3526,ITI,ITI3,11,Marche,Marche,1525271,278819,18.28,0.25
493,2021-02-04,MAR,2342,810,1532,1406,54,607,275,0,0,0,112,2230,ITI,ITI3,11,Marche,Marche,1525271,281161,18.43,0.15
494,2021-04-06,MAR,8878,3693,5185,310,2,4864,67,1865,42,1728,8064,814,ITI,ITI3,11,Marche,Marche,1525271,290039,19.02,0.58
495,2021-01-22,MAR,487,167,320,315,19,66,87,0,0,0,194,293,ITI,ITI3,11,Marche,Marche,1525271,290526,19.05,0.03
496,2021-03-14,MAR,2516,1036,1480,442,0,80,0,1536,2,456,1918,598,ITI,ITI3,11,Marche,Marche,1525271,293042,19.21,0.16
497,2021-03-05,MAR,6289,2955,3334,1128,13,865,143,2378,960,802,4822,1467,ITI,ITI3,11,Marche,Marche,1525271,299331,19.62,0.41
498,2021-02-09,MAR,125,42,83,78,0,21,26,0,0,0,47,78,ITI,ITI3,11,Marche,Marche,1525271,299456,19.63,0.01
499,2021-03-01,MAR,3727,1489,2238,387,6,171,82,2790,5,286,3480,247,ITI,ITI3,11,Marche,Marche,1525271,303183,19.88,0.24
500,2021-03-03,MAR,6758,3091,3667,818,23,798,254,3133,949,783,5877,881,ITI,ITI3,11,Marche,Marche,1525271,309941,20.32,0.44
501,2021-02-27,MAR,3374,1440,1934,186,9,163,161,2848,6,1,3165,209,ITI,ITI3,11,Marche,Marche,1525271,313315,20.54,0.22
502,2021-01-06,MAR,2181,792,1389,1738,40,256,147,0,0,0,2181,0,ITI,ITI3,11,Marche,Marche,1525271,315496,20.68,0.14
503,2021-02-23,MAR,3274,1400,1874,219,4,133,116,2794,8,0,3218,56,ITI,ITI3,11,Marche,Marche,1525271,318770,20.9,0.21
504,2021-03-31,MAR,7369,3084,4285,473,8,1910,153,4538,30,257,4351,3018,ITI,ITI3,11,Marche,Marche,1525271,326139,21.38,0.48
505,2020-12-31,MAR,383,178,205,370,0,13,0,0,0,0,383,0,ITI,ITI3,11,Marche,Marche,1525271,326522,21.41,0.03
506,2021-02-14,MAR,738,301,437,578,2,158,0,0,0,0,738,0,ITI,ITI3,11,Marche,Marche,1525271,327260,21.46,0.05
507,2021-01-08,MAR,1574,588,986,1226,0,348,0,0,0,0,1574,0,ITI,ITI3,11,Marche,Marche,1525271,328834,21.56,0.1
508,2021-01-26,MAR,2016,746,1270,1736,1,193,86,0,0,0,92,1924,ITI,ITI3,11,Marche,Marche,1525271,330850,21.69,0.13
509,2021-02-13,MAR,1064,455,609,457,28,489,90,0,0,0,1012,52,ITI,ITI3,11,Marche,Marche,1525271,331914,21.76,0.07
510,2021-03-04,MAR,6623,2974,3649,1064,8,930,106,2800,946,769,5229,1394,ITI,ITI3,11,Marche,Marche,1525271,338537,22.2,0.43
511,2021-02-12,PUG,4098,1629,2469,2937,440,11,690,5,10,5,3008,1090,ITF,ITF4,16,Puglia,Puglia,4029053,4098,0.1,0.1
512,2021-03-20,PUG,8011,3628,4383,1422,67,232,54,5393,35,808,3436,4575,ITF,ITF4,16,Puglia,Puglia,4029053,12109,0.3,0.2
513,2021-01-27,PUG,4576,1928,2648,3932,224,22,396,0,0,2,611,3965,ITF,ITF4,16,Puglia,Puglia,4029053,16685,0.41,0.11
514,2021-03-03,PUG,16457,6605,9852,1989,453,384,192,5930,807,6702,14634,1823,ITF,ITF4,16,Puglia,Puglia,4029053,33142,0.82,0.41
515,2021-01-13,PUG,4537,1729,2808,3972,312,21,230,0,0,2,4537,0,ITF,ITF4,16,Puglia,Puglia,4029053,37679,0.94,0.11
516,2021-03-07,PUG,4910,1937,2973,930,48,135,2,1621,323,1851,4340,570,ITF,ITF4,16,Puglia,Puglia,4029053,42589,1.06,0.12
517,2021-02-23,PUG,9331,4411,4920,1787,347,108,169,5506,398,1016,8858,473,ITF,ITF4,16,Puglia,Puglia,4029053,51920,1.29,0.23
518,2021-03-18,PUG,9071,4103,4968,1737,409,207,195,6393,39,91,2978,6093,ITF,ITF4,16,Puglia,Puglia,4029053,60991,1.51,0.23
519,2021-01-29,PUG,6192,2659,3533,5470,341,89,288,1,0,3,437,5755,ITF,ITF4,16,Puglia,Puglia,4029053,67183,1.67,0.15
520,2021-02-24,PUG,10009,4689,5320,1923,417,272,117,6359,365,556,9420,589,ITF,ITF4,16,Puglia,Puglia,4029053,77192,1.92,0.25
521,2021-03-21,PUG,2669,1219,1450,462,15,103,13,1778,14,284,566,2103,ITF,ITF4,16,Puglia,Puglia,4029053,79861,1.98,0.07
522,2021-01-24,PUG,1668,749,919,1286,231,0,150,1,0,0,152,1516,ITF,ITF4,16,Puglia,Puglia,4029053,81529,2.02,0.04
523,2021-02-13,PUG,3722,1453,2269,2883,507,12,291,4,18,7,3029,693,ITF,ITF4,16,Puglia,Puglia,4029053,85251,2.12,0.09
524,2021-03-05,PUG,17013,6773,10240,2303,570,619,273,5231,1022,6995,14852,2161,ITF,ITF4,16,Puglia,Puglia,4029053,102264,2.54,0.42
525,2021-01-30,PUG,5526,2513,3013,4750,324,22,419,3,2,6,412,5114,ITF,ITF4,16,Puglia,Puglia,4029053,107790,2.68,0.14
526,2021-03-15,PUG,11683,5578,6105,2079,553,264,115,7636,353,683,5199,6484,ITF,ITF4,16,Puglia,Puglia,4029053,119473,2.97,0.29
527,2021-01-18,PUG,1844,769,1075,1182,210,6,445,1,0,0,1495,349,ITF,ITF4,16,Puglia,Puglia,4029053,121317,3.01,0.05
528,2021-01-06,PUG,3943,1664,2279,3313,218,39,373,0,0,0,3943,0,ITF,ITF4,16,Puglia,Puglia,4029053,125260,3.11,0.1
529,2021-03-06,PUG,15779,5892,9887,2102,359,375,71,5358,479,7035,13813,1966,ITF,ITF4,16,Puglia,Puglia,4029053,141039,3.5,0.39
530,2021-01-14,PUG,4064,1587,2477,3181,368,14,499,0,0,2,4064,0,ITF,ITF4,16,Puglia,Puglia,4029053,145103,3.6,0.1
531,2021-03-08,PUG,14589,6050,8539,2109,535,527,204,6755,522,3937,12210,2379,ITF,ITF4,16,Puglia,Puglia,4029053,159692,3.96,0.36
532,2021-01-09,PUG,4871,2245,2626,4319,244,57,246,4,0,1,4871,0,ITF,ITF4,16,Puglia,Puglia,4029053,164563,4.08,0.12
533,2021-01-21,PUG,2129,903,1226,1429,166,7,527,0,0,0,1270,859,ITF,ITF4,16,Puglia,Puglia,4029053,166692,4.14,0.05
534,2021-01-22,PUG,1408,578,830,877,150,5,373,2,0,1,991,417,ITF,ITF4,16,Puglia,Puglia,4029053,168100,4.17,0.03
535,2021-02-10,PUG,3603,1425,2178,2491,247,0,864,0,0,1,2122,1481,ITF,ITF4,16,Puglia,Puglia,4029053,171703,4.26,0.09
536,2021-02-15,PUG,3252,1267,1985,2249,522,19,452,1,6,3,2632,620,ITF,ITF4,16,Puglia,Puglia,4029053,174955,4.34,0.08
537,2021-03-19,PUG,7894,3632,4262,1760,250,177,69,5315,64,259,3355,4539,ITF,ITF4,16,Puglia,Puglia,4029053,182849,4.54,0.2
538,2021-03-29,PUG,12523,5828,6695,1539,341,1313,192,7896,134,1108,5827,6696,ITF,ITF4,16,Puglia,Puglia,4029053,195372,4.85,0.31
539,2021-01-08,PUG,5575,2336,3239,4852,356,36,328,0,0,3,5575,0,ITF,ITF4,16,Puglia,Puglia,4029053,200947,4.99,0.14
540,2021-03-01,PUG,15038,5836,9202,1968,489,417,83,6117,819,5145,13671,1367,ITF,ITF4,16,Puglia,Puglia,4029053,215985,5.36,0.37
541,2021-03-13,PUG,10071,3964,6107,2158,229,144,129,3863,227,3321,8348,1723,ITF,ITF4,16,Puglia,Puglia,4029053,226056,5.61,0.25
542,2021-03-17,PUG,10231,4674,5557,1792,428,214,62,7630,33,72,4129,6102,ITF,ITF4,16,Puglia,Puglia,4029053,236287,5.86,0.25
543,2021-01-28,PUG,5465,2271,3194,4779,319,34,327,0,3,3,473,4992,ITF,ITF4,16,Puglia,Puglia,4029053,241752,6.0,0.14
544,2021-02-26,PUG,13634,4994,8640,2123,625,190,286,5151,602,4657,12609,1025,ITF,ITF4,16,Puglia,Puglia,4029053,255386,6.34,0.34
545,2021-01-04,PUG,4503,2012,2491,4371,84,36,11,0,0,1,4503,0,ITF,ITF4,16,Puglia,Puglia,4029053,259889,6.45,0.11
546,2021-03-02,PUG,16274,6034,10240,1395,394,664,113,4287,1256,8165,14969,1305,ITF,ITF4,16,Puglia,Puglia,4029053,276163,6.85,0.4
547,2021-01-19,PUG,1221,452,769,531,113,0,577,0,0,0,1211,10,ITF,ITF4,16,Puglia,Puglia,4029053,277384,6.88,0.03
548,2021-04-07,PUG,13524,5967,7557,1026,195,3527,74,8294,69,339,7029,6495,ITF,ITF4,16,Puglia,Puglia,4029053,290908,7.22,0.34
549,2021-01-23,PUG,3037,1292,1745,2524,174,30,308,0,0,1,886,2151,ITF,ITF4,16,Puglia,Puglia,4029053,293945,7.3,0.08
550,2021-02-03,PUG,5031,2002,3029,4366,469,9,184,0,0,3,730,4301,ITF,ITF4,16,Puglia,Puglia,4029053,298976,7.42,0.12
551,2021-04-08,PUG,15690,6836,8854,998,222,4405,157,9367,38,503,9671,6019,ITF,ITF4,16,Puglia,Puglia,4029053,314666,7.81,0.39
552,2020-12-27,PUG,506,249,257,403,2,38,63,0,0,0,506,0,ITF,ITF4,16,Puglia,Puglia,4029053,315172,7.82,0.01
553,2020-12-31,PUG,1635,782,853,1549,33,6,44,0,0,3,1635,0,ITF,ITF4,16,Puglia,Puglia,4029053,316807,7.86,0.04
554,2021-02-09,PUG,3837,1568,2269,2532,661,7,622,9,0,6,2165,1672,ITF,ITF4,16,Puglia,Puglia,4029053,320644,7.96,0.1
555,2021-03-27,PUG,11655,5494,6161,955,172,1861,68,7174,58,1367,6788,4867,ITF,ITF4,16,Puglia,Puglia,4029053,332299,8.25,0.29
556,2021-02-17,PUG,4263,1742,2521,2453,1170,40,598,1,0,1,3666,597,ITF,ITF4,16,Puglia,Puglia,4029053,336562,8.35,0.11
557,2021-03-23,PUG,10354,4964,5390,1851,307,642,51,6050,464,989,3899,6455,ITF,ITF4,16,Puglia,Puglia,4029053,346916,8.61,0.26
558,2021-03-24,PUG,12787,5897,6890,1880,445,695,119,7863,244,1541,5654,7133,ITF,ITF4,16,Puglia,Puglia,4029053,359703,8.93,0.32
559,2021-02-18,PUG,4367,1842,2525,2701,913,56,680,5,10,2,3764,603,ITF,ITF4,16,Puglia,Puglia,4029053,364070,9.04,0.11
560,2021-04-03,PUG,9270,3963,5307,910,89,2624,122,4981,12,532,6056,3214,ITF,ITF4,16,Puglia,Puglia,4029053,373340,9.27,0.23
561,2021-02-16,PUG,3378,1451,1927,2133,728,83,412,4,16,2,2733,645,ITF,ITF4,16,Puglia,Puglia,4029053,376718,9.35,0.08
562,2021-03-14,PUG,3279,1411,1868,953,63,141,84,997,42,999,2513,766,ITF,ITF4,16,Puglia,Puglia,4029053,379997,9.43,0.08
563,2021-04-02,PUG,11702,5380,6322,860,170,2540,208,7200,103,621,7193,4509,ITF,ITF4,16,Puglia,Puglia,4029053,391699,9.72,0.29
564,2021-01-01,PUG,146,60,86,145,1,0,0,0,0,0,146,0,ITF,ITF4,16,Puglia,Puglia,4029053,391845,9.73,0.0
565,2021-01-12,PUG,4204,1766,2438,3630,339,11,218,1,0,5,4204,0,ITF,ITF4,16,Puglia,Puglia,4029053,396049,9.83,0.1
566,2021-03-04,PUG,15010,5851,9159,1528,405,512,322,4728,1232,6283,13632,1378,ITF,ITF4,16,Puglia,Puglia,4029053,411059,10.2,0.37
567,2021-02-11,PUG,3693,1401,2292,2568,389,11,723,0,0,2,2417,1276,ITF,ITF4,16,Puglia,Puglia,4029053,414752,10.29,0.09
568,2021-01-25,PUG,3820,1677,2143,3472,159,17,169,2,0,1,422,3398,ITF,ITF4,16,Puglia,Puglia,4029053,418572,10.39,0.09
569,2021-03-09,PUG,13138,5736,7402,1863,494,387,225,5622,1006,3541,11144,1994,ITF,ITF4,16,Puglia,Puglia,4029053,431710,10.71,0.33
570,2021-03-12,PUG,13788,6060,7728,3272,916,412,431,4928,886,2943,9864,3924,ITF,ITF4,16,Puglia,Puglia,4029053,445498,11.06,0.34
571,2021-01-07,PUG,5712,2453,3259,5215,246,30,217,0,1,3,5712,0,ITF,ITF4,16,Puglia,Puglia,4029053,451210,11.2,0.14
572,2021-02-22,PUG,9615,4523,5092,1438,446,256,140,6801,215,319,9284,331,ITF,ITF4,16,Puglia,Puglia,4029053,460825,11.44,0.24
573,2021-02-08,PUG,3990,1608,2382,2961,572,41,389,1,25,1,1597,2393,ITF,ITF4,16,Puglia,Puglia,4029053,464815,11.54,0.1
574,2021-02-01,PUG,3961,1657,2304,3444,283,16,208,0,5,5,375,3586,ITF,ITF4,16,Puglia,Puglia,4029053,468776,11.63,0.1
575,2021-02-20,PUG,2961,1076,1885,2113,195,49,168,8,4,424,2705,256,ITF,ITF4,16,Puglia,Puglia,4029053,471737,11.71,0.07
576,2021-02-19,PUG,4729,2009,2720,3040,981,260,390,2,49,7,4339,390,ITF,ITF4,16,Puglia,Puglia,4029053,476466,11.83,0.12
577,2021-02-14,PUG,784,348,436,681,32,0,70,0,0,1,662,122,ITF,ITF4,16,Puglia,Puglia,4029053,477250,11.85,0.02
578,2021-04-09,PUG,16767,7174,9593,1058,357,6126,107,8706,43,370,12467,4300,ITF,ITF4,16,Puglia,Puglia,4029053,494017,12.26,0.42
579,2021-03-16,PUG,9592,4570,5022,2166,518,314,76,6418,62,38,3260,6332,ITF,ITF4,16,Puglia,Puglia,4029053,503609,12.5,0.24
580,2021-01-03,PUG,2007,943,1064,1817,33,11,145,0,0,1,2007,0,ITF,ITF4,16,Puglia,Puglia,4029053,505616,12.55,0.05
581,2021-02-25,PUG,11884,5034,6850,1746,563,270,419,5781,726,2379,10728,1156,ITF,ITF4,16,Puglia,Puglia,4029053,517500,12.84,0.29
582,2021-01-10,PUG,2347,1060,1287,2037,101,7,202,0,0,0,2347,0,ITF,ITF4,16,Puglia,Puglia,4029053,519847,12.9,0.06
583,2021-03-30,PUG,11502,5384,6118,1319,217,1774,198,6924,115,955,5649,5853,ITF,ITF4,16,Puglia,Puglia,4029053,531349,13.19,0.29
584,2020-12-30,PUG,1,0,1,1,0,0,0,0,0,0,1,0,ITF,ITF4,16,Puglia,Puglia,4029053,531350,13.19,0.0
585,2021-01-26,PUG,5360,2397,2963,4849,243,35,232,1,0,0,574,4786,ITF,ITF4,16,Puglia,Puglia,4029053,536710,13.32,0.13
586,2021-03-25,PUG,10671,5168,5503,1255,315,935,53,7071,386,656,4521,6150,ITF,ITF4,16,Puglia,Puglia,4029053,547381,13.59,0.26
587,2021-02-07,PUG,1578,669,909,1039,224,5,309,0,0,1,253,1325,ITF,ITF4,16,Puglia,Puglia,4029053,548959,13.63,0.04
588,2021-01-05,PUG,5098,2245,2853,4747,153,91,98,5,0,4,5098,0,ITF,ITF4,16,Puglia,Puglia,4029053,554057,13.75,0.13
589,2021-01-31,PUG,1808,825,983,1502,103,1,198,2,0,2,73,1735,ITF,ITF4,16,Puglia,Puglia,4029053,555865,13.8,0.04
590,2021-04-04,PUG,5810,2896,2914,43,4,5434,0,276,15,38,5804,6,ITF,ITF4,16,Puglia,Puglia,4029053,561675,13.94,0.14
591,2021-02-28,PUG,5885,1786,4099,559,119,88,26,1484,194,3415,5699,186,ITF,ITF4,16,Puglia,Puglia,4029053,567560,14.09,0.15
592,2021-03-26,PUG,11317,5294,6023,1608,496,981,287,6350,254,1341,6678,4639,ITF,ITF4,16,Puglia,Puglia,4029053,578877,14.37,0.28
593,2021-04-05,PUG,12320,6003,6317,52,18,11311,0,908,7,24,11787,533,ITF,ITF4,16,Puglia,Puglia,4029053,591197,14.67,0.31
594,2021-01-11,PUG,3749,1587,2162,3217,318,34,175,0,3,2,3749,0,ITF,ITF4,16,Puglia,Puglia,4029053,594946,14.77,0.09
595,2021-01-20,PUG,1547,542,1005,782,125,13,627,0,0,0,1539,8,ITF,ITF4,16,Puglia,Puglia,4029053,596493,14.8,0.04
596,2021-01-02,PUG,2948,1300,1648,2828,64,29,23,0,0,4,2948,0,ITF,ITF4,16,Puglia,Puglia,4029053,599441,14.88,0.07
597,2021-02-21,PUG,2171,472,1699,537,24,61,49,32,12,1456,2110,61,ITF,ITF4,16,Puglia,Puglia,4029053,601612,14.93,0.05
598,2021-01-16,PUG,2508,1033,1475,1683,299,7,518,0,0,1,2508,0,ITF,ITF4,16,Puglia,Puglia,4029053,604120,14.99,0.06
599,2021-02-02,PUG,4332,1839,2493,3622,377,13,317,0,0,3,592,3740,ITF,ITF4,16,Puglia,Puglia,4029053,608452,15.1,0.11
600,2021-03-11,PUG,14326,6169,8157,2901,754,444,515,5232,804,3676,11224,3102,ITF,ITF4,16,Puglia,Puglia,4029053,622778,15.46,0.36
601,2021-01-15,PUG,4551,1865,2686,3599,342,43,558,0,5,4,4551,0,ITF,ITF4,16,Puglia,Puglia,4029053,627329,15.57,0.11
602,2021-04-01,PUG,13008,5949,7059,1211,285,2290,178,7849,163,1032,6678,6330,ITF,ITF4,16,Puglia,Puglia,4029053,640337,15.89,0.32
603,2021-04-10,PUG,7093,3245,3848,325,57,2758,42,3779,41,91,4551,2542,ITF,ITF4,16,Puglia,Puglia,4029053,647430,16.07,0.18
604,2021-02-05,PUG,5628,2270,3358,4566,497,28,526,0,5,6,1331,4297,ITF,ITF4,16,Puglia,Puglia,4029053,653058,16.21,0.14
605,2021-03-22,PUG,9289,4537,4752,604,187,496,11,6741,208,1042,3676,5613,ITF,ITF4,16,Puglia,Puglia,4029053,662347,16.44,0.23
606,2021-02-27,PUG,14103,4777,9326,1586,549,160,181,5111,345,6171,12924,1179,ITF,ITF4,16,Puglia,Puglia,4029053,676450,16.79,0.35
607,2021-01-17,PUG,1308,590,718,818,153,1,336,0,0,0,1239,69,ITF,ITF4,16,Puglia,Puglia,4029053,677758,16.82,0.03
608,2021-03-31,PUG,13512,6150,7362,1767,382,1861,122,8384,187,809,7962,5550,ITF,ITF4,16,Puglia,Puglia,4029053,691270,17.16,0.34
609,2021-03-28,PUG,3318,1560,1758,611,52,696,25,1812,3,119,1108,2210,ITF,ITF4,16,Puglia,Puglia,4029053,694588,17.24,0.08
610,2021-04-06,PUG,12575,5562,7013,689,175,3169,124,8149,62,207,6057,6518,ITF,ITF4,16,Puglia,Puglia,4029053,707163,17.55,0.31
611,2021-03-10,PUG,14364,6226,8138,2599,919,330,355,6484,600,3077,11249,3115,ITF,ITF4,16,Puglia,Puglia,4029053,721527,17.91,0.36
612,2021-02-04,PUG,5897,2356,3541,4446,649,144,652,0,0,6,1167,4730,ITF,ITF4,16,Puglia,Puglia,4029053,727424,18.05,0.15
613,2021-02-06,PUG,4511,1917,2594,3494,483,4,527,0,0,3,1590,2921,ITF,ITF4,16,Puglia,Puglia,4029053,731935,18.17,0.11
614,2021-04-06,MOL,1462,688,774,33,2,1174,9,238,5,1,1119,343,ITF,ITF2,14,Molise,Molise,305617,1462,0.48,0.48
615,2021-01-08,MOL,429,141,288,244,6,59,120,0,0,0,429,0,ITF,ITF2,14,Molise,Molise,305617,1891,0.62,0.14
616,2021-02-21,MOL,573,227,346,1,0,4,0,568,0,0,571,2,ITF,ITF2,14,Molise,Molise,305617,2464,0.81,0.19
617,2021-03-14,MOL,594,239,355,2,0,11,0,581,0,0,16,578,ITF,ITF2,14,Molise,Molise,305617,3058,1.0,0.19
618,2021-03-24,MOL,1630,658,972,77,1,348,0,707,47,450,1228,402,ITF,ITF2,14,Molise,Molise,305617,4688,1.53,0.53
619,2021-02-28,MOL,829,331,498,38,1,4,27,759,0,0,787,42,ITF,ITF2,14,Molise,Molise,305617,5517,1.81,0.27
620,2021-02-18,MOL,319,74,245,296,8,15,0,0,0,0,306,13,ITF,ITF2,14,Molise,Molise,305617,5836,1.91,0.1
621,2021-01-10,MOL,270,72,198,82,19,0,169,0,0,0,270,0,ITF,ITF2,14,Molise,Molise,305617,6106,2.0,0.09
622,2021-01-31,MOL,268,70,198,85,18,0,164,0,0,1,6,262,ITF,ITF2,14,Molise,Molise,305617,6374,2.09,0.09
623,2021-03-21,MOL,1246,542,704,14,1,141,0,1090,0,0,479,767,ITF,ITF2,14,Molise,Molise,305617,7620,2.49,0.41
624,2021-03-07,MOL,1131,501,630,2,16,0,0,1113,0,0,1129,2,ITF,ITF2,14,Molise,Molise,305617,8751,2.86,0.37
625,2021-02-23,MOL,581,223,358,136,39,4,61,340,0,1,362,219,ITF,ITF2,14,Molise,Molise,305617,9332,3.05,0.19
626,2021-03-23,MOL,1642,694,948,76,2,453,6,572,79,454,1435,207,ITF,ITF2,14,Molise,Molise,305617,10974,3.59,0.54
627,2020-12-27,MOL,50,20,30,29,4,0,17,0,0,0,50,0,ITF,ITF2,14,Molise,Molise,305617,11024,3.61,0.02
628,2021-02-09,MOL,359,170,189,161,83,5,110,0,0,0,197,162,ITF,ITF2,14,Molise,Molise,305617,11383,3.72,0.12
629,2021-01-13,MOL,474,160,314,256,66,7,144,0,0,1,474,0,ITF,ITF2,14,Molise,Molise,305617,11857,3.88,0.16
630,2021-02-02,MOL,539,176,363,295,64,0,180,0,0,0,216,323,ITF,ITF2,14,Molise,Molise,305617,12396,4.06,0.18
631,2021-03-12,MOL,1438,629,809,42,31,47,0,698,115,505,1402,36,ITF,ITF2,14,Molise,Molise,305617,13834,4.53,0.47
632,2021-01-26,MOL,450,184,266,444,0,5,0,0,0,1,8,442,ITF,ITF2,14,Molise,Molise,305617,14284,4.67,0.15
633,2021-02-19,MOL,169,93,76,95,28,42,1,0,0,3,167,2,ITF,ITF2,14,Molise,Molise,305617,14453,4.73,0.06
634,2021-01-28,MOL,613,217,396,430,9,19,154,0,0,1,17,596,ITF,ITF2,14,Molise,Molise,305617,15066,4.93,0.2
635,2021-03-15,MOL,832,338,494,137,6,149,66,116,61,297,587,245,ITF,ITF2,14,Molise,Molise,305617,15898,5.2,0.27
636,2021-03-22,MOL,1146,439,707,106,3,283,2,255,39,458,903,243,ITF,ITF2,14,Molise,Molise,305617,17044,5.58,0.37
637,2021-04-10,MOL,981,489,492,4,0,801,0,165,2,9,905,76,ITF,ITF2,14,Molise,Molise,305617,18025,5.9,0.32
638,2021-03-16,MOL,614,230,384,13,3,188,11,395,4,0,267,347,ITF,ITF2,14,Molise,Molise,305617,18639,6.1,0.2
639,2021-03-10,MOL,1737,720,1017,188,3,92,1,757,187,509,1687,50,ITF,ITF2,14,Molise,Molise,305617,20376,6.67,0.57
640,2021-02-27,MOL,1366,568,798,25,2,34,14,1290,0,1,1347,19,ITF,ITF2,14,Molise,Molise,305617,21742,7.11,0.45
641,2021-03-30,MOL,1952,839,1113,45,0,830,1,572,80,424,1440,512,ITF,ITF2,14,Molise,Molise,305617,23694,7.75,0.64
642,2021-01-22,MOL,126,35,91,21,32,0,73,0,0,0,126,0,ITF,ITF2,14,Molise,Molise,305617,23820,7.79,0.04
643,2021-01-09,MOL,450,152,298,221,27,24,178,0,0,0,450,0,ITF,ITF2,14,Molise,Molise,305617,24270,7.94,0.15
644,2021-03-20,MOL,2320,968,1352,28,2,206,0,1855,7,222,999,1321,ITF,ITF2,14,Molise,Molise,305617,26590,8.7,0.76
645,2021-02-16,MOL,156,70,86,148,4,4,0,0,0,0,150,6,ITF,ITF2,14,Molise,Molise,305617,26746,8.75,0.05
646,2021-02-17,MOL,72,32,40,47,9,10,6,0,0,0,57,15,ITF,ITF2,14,Molise,Molise,305617,26818,8.78,0.02
647,2021-02-07,MOL,66,32,34,49,1,0,16,0,0,0,19,47,ITF,ITF2,14,Molise,Molise,305617,26884,8.8,0.02
648,2021-02-05,MOL,593,269,324,460,22,48,63,0,0,0,55,538,ITF,ITF2,14,Molise,Molise,305617,27477,8.99,0.19
649,2021-03-17,MOL,905,384,521,45,22,211,42,572,12,1,574,331,ITF,ITF2,14,Molise,Molise,305617,28382,9.29,0.3
650,2021-02-24,MOL,666,278,388,242,61,44,44,274,0,1,333,333,ITF,ITF2,14,Molise,Molise,305617,29048,9.5,0.22
651,2021-03-25,MOL,1806,730,1076,53,2,322,18,832,86,493,1309,497,ITF,ITF2,14,Molise,Molise,305617,30854,10.1,0.59
652,2021-02-04,MOL,758,295,463,502,76,38,141,0,0,1,77,681,ITF,ITF2,14,Molise,Molise,305617,31612,10.34,0.25
653,2021-04-07,MOL,1658,834,824,36,8,1337,62,109,26,80,1383,275,ITF,ITF2,14,Molise,Molise,305617,33270,10.89,0.54
654,2021-03-02,MOL,667,383,284,98,106,12,51,136,113,151,509,158,ITF,ITF2,14,Molise,Molise,305617,33937,11.1,0.22
655,2021-04-08,MOL,1715,886,829,104,12,1391,6,162,5,35,1525,190,ITF,ITF2,14,Molise,Molise,305617,35652,11.67,0.56
656,2021-03-31,MOL,2131,894,1237,202,8,778,32,799,49,263,1312,819,ITF,ITF2,14,Molise,Molise,305617,37783,12.36,0.7
657,2021-01-30,MOL,461,158,303,189,52,40,180,0,0,0,12,449,ITF,ITF2,14,Molise,Molise,305617,38244,12.51,0.15
658,2021-03-04,MOL,850,417,433,252,18,6,69,469,36,0,526,324,ITF,ITF2,14,Molise,Molise,305617,39094,12.79,0.28
659,2021-01-14,MOL,646,239,407,418,82,31,115,0,0,0,646,0,ITF,ITF2,14,Molise,Molise,305617,39740,13.0,0.21
660,2021-04-04,MOL,252,141,111,1,0,249,0,2,0,0,238,14,ITF,ITF2,14,Molise,Molise,305617,39992,13.09,0.08
661,2021-02-11,MOL,293,133,160,225,19,0,45,0,3,1,257,36,ITF,ITF2,14,Molise,Molise,305617,40285,13.18,0.1
662,2021-03-01,MOL,661,274,387,200,28,41,108,135,2,147,447,214,ITF,ITF2,14,Molise,Molise,305617,40946,13.4,0.22
663,2021-04-01,MOL,1419,647,772,27,8,626,21,699,18,20,694,725,ITF,ITF2,14,Molise,Molise,305617,42365,13.86,0.46
664,2021-03-06,MOL,1728,807,921,156,15,10,0,1395,152,0,1569,159,ITF,ITF2,14,Molise,Molise,305617,44093,14.43,0.57
665,2021-03-03,MOL,672,316,356,63,1,4,48,384,45,127,590,82,ITF,ITF2,14,Molise,Molise,305617,44765,14.65,0.22
666,2021-01-16,MOL,420,166,254,270,14,9,127,0,0,0,420,0,ITF,ITF2,14,Molise,Molise,305617,45185,14.78,0.14
667,2021-04-03,MOL,1764,847,917,28,0,1441,0,266,3,26,1731,33,ITF,ITF2,14,Molise,Molise,305617,46949,15.36,0.58
668,2021-01-06,MOL,689,260,429,456,26,36,171,0,0,0,689,0,ITF,ITF2,14,Molise,Molise,305617,47638,15.59,0.23
669,2021-04-05,MOL,370,181,189,1,0,273,0,96,0,0,271,99,ITF,ITF2,14,Molise,Molise,305617,48008,15.71,0.12
670,2021-01-05,MOL,449,180,269,441,0,8,0,0,0,0,449,0,ITF,ITF2,14,Molise,Molise,305617,48457,15.86,0.15
671,2021-02-03,MOL,731,249,482,391,110,49,180,0,0,1,338,393,ITF,ITF2,14,Molise,Molise,305617,49188,16.09,0.24
672,2021-01-19,MOL,173,63,110,90,57,2,22,0,0,2,162,11,ITF,ITF2,14,Molise,Molise,305617,49361,16.15,0.06
673,2021-01-15,MOL,538,242,296,398,17,42,81,0,0,0,538,0,ITF,ITF2,14,Molise,Molise,305617,49899,16.33,0.18
674,2021-01-04,MOL,314,131,183,301,0,13,0,0,0,0,314,0,ITF,ITF2,14,Molise,Molise,305617,50213,16.43,0.1
675,2021-02-06,MOL,429,179,250,276,13,9,130,0,0,1,29,400,ITF,ITF2,14,Molise,Molise,305617,50642,16.57,0.14
676,2021-04-09,MOL,2225,1224,1001,33,4,2110,1,75,1,1,2064,161,ITF,ITF2,14,Molise,Molise,305617,52867,17.3,0.73
677,2021-02-25,MOL,541,239,302,68,3,9,28,433,0,0,473,68,ITF,ITF2,14,Molise,Molise,305617,53408,17.48,0.18
678,2021-02-10,MOL,150,78,72,91,6,0,53,0,0,0,130,20,ITF,ITF2,14,Molise,Molise,305617,53558,17.52,0.05
679,2021-01-18,MOL,114,48,66,97,14,3,0,0,0,0,114,0,ITF,ITF2,14,Molise,Molise,305617,53672,17.56,0.04
680,2021-02-15,MOL,144,70,74,117,8,4,15,0,0,0,141,3,ITF,ITF2,14,Molise,Molise,305617,53816,17.61,0.05
681,2021-02-20,MOL,1018,441,577,20,4,53,8,933,0,0,998,20,ITF,ITF2,14,Molise,Molise,305617,54834,17.94,0.33
682,2021-01-27,MOL,674,251,423,436,11,17,209,0,0,1,8,666,ITF,ITF2,14,Molise,Molise,305617,55508,18.16,0.22
683,2021-02-26,MOL,563,260,303,42,7,50,3,406,0,55,490,73,ITF,ITF2,14,Molise,Molise,305617,56071,18.35,0.18
684,2021-03-09,MOL,1329,579,750,199,1,109,0,409,218,393,1177,152,ITF,ITF2,14,Molise,Molise,305617,57400,18.78,0.43
685,2021-03-27,MOL,2685,1250,1435,18,3,781,0,1879,3,1,1252,1433,ITF,ITF2,14,Molise,Molise,305617,60085,19.66,0.88
686,2021-02-13,MOL,132,80,52,129,3,0,0,0,0,0,132,0,ITF,ITF2,14,Molise,Molise,305617,60217,19.7,0.04
687,2021-04-02,MOL,1381,678,703,47,0,673,0,655,4,2,620,761,ITF,ITF2,14,Molise,Molise,305617,61598,20.16,0.45
688,2021-02-01,MOL,562,201,361,301,143,6,111,0,0,1,14,548,ITF,ITF2,14,Molise,Molise,305617,62160,20.34,0.18
689,2021-03-28,MOL,1589,741,848,155,15,234,0,1184,0,1,487,1102,ITF,ITF2,14,Molise,Molise,305617,63749,20.86,0.52
690,2021-02-22,MOL,265,129,136,56,31,108,62,8,0,0,250,15,ITF,ITF2,14,Molise,Molise,305617,64014,20.95,0.09
691,2021-02-08,MOL,334,141,193,206,38,5,85,0,0,0,216,118,ITF,ITF2,14,Molise,Molise,305617,64348,21.06,0.11
692,2021-01-17,MOL,78,38,40,78,0,0,0,0,0,0,48,30,ITF,ITF2,14,Molise,Molise,305617,64426,21.08,0.03
693,2021-03-19,MOL,1180,479,701,32,0,163,9,726,2,248,753,427,ITF,ITF2,14,Molise,Molise,305617,65606,21.47,0.39
694,2021-01-29,MOL,421,136,285,227,23,59,109,0,0,3,6,415,ITF,ITF2,14,Molise,Molise,305617,66027,21.6,0.14
695,2021-03-29,MOL,1996,826,1170,108,5,857,5,480,16,525,1510,486,ITF,ITF2,14,Molise,Molise,305617,68023,22.26,0.65
696,2021-03-18,MOL,1156,476,680,73,10,174,45,854,0,0,692,464,ITF,ITF2,14,Molise,Molise,305617,69179,22.64,0.38
697,2021-01-12,MOL,336,114,222,132,74,1,129,0,0,0,336,0,ITF,ITF2,14,Molise,Molise,305617,69515,22.75,0.11
698,2021-03-05,MOL,1219,649,570,322,1,54,0,618,151,73,1015,204,ITF,ITF2,14,Molise,Molise,305617,70734,23.14,0.4
699,2021-03-08,MOL,1376,522,854,359,44,61,23,409,76,404,1236,140,ITF,ITF2,14,Molise,Molise,305617,72110,23.59,0.45
700,2021-01-07,MOL,598,209,389,414,1,38,145,0,0,0,598,0,ITF,ITF2,14,Molise,Molise,305617,72708,23.79,0.2
701,2021-03-11,MOL,1463,636,827,42,2,22,14,699,185,499,1457,6,ITF,ITF2,14,Molise,Molise,305617,74171,24.27,0.48
702,2021-01-25,MOL,319,130,189,317,0,0,0,0,0,2,3,316,ITF,ITF2,14,Molise,Molise,305617,74490,24.37,0.1
703,2021-02-12,MOL,330,149,181,224,12,20,72,0,0,2,208,122,ITF,ITF2,14,Molise,Molise,305617,74820,24.48,0.11
704,2021-01-20,MOL,18,8,10,14,4,0,0,0,0,0,18,0,ITF,ITF2,14,Molise,Molise,305617,74838,24.49,0.01
705,2021-03-13,MOL,1189,594,595,29,0,23,5,981,151,0,200,989,ITF,ITF2,14,Molise,Molise,305617,76027,24.88,0.39
706,2021-03-26,MOL,2559,1037,1522,70,5,839,23,1004,70,548,1917,642,ITF,ITF2,14,Molise,Molise,305617,78586,25.71,0.84
707,2021-01-21,MOL,6,2,4,0,6,0,0,0,0,0,6,0,ITF,ITF2,14,Molise,Molise,305617,78592,25.72,0.0
708,2021-01-11,MOL,557,194,363,196,193,57,111,0,0,0,557,0,ITF,ITF2,14,Molise,Molise,305617,79149,25.9,0.18
709,2021-01-22,LOM,2971,835,2136,1570,595,34,763,9,0,0,2901,70,ITC,ITC4,3,Lombardia,Lombardia,10060574,2971,0.03,0.03
710,2021-03-12,LOM,35095,12917,22178,5087,2153,2332,1457,15603,1086,7377,24958,10137,ITC,ITC4,3,Lombardia,Lombardia,10060574,38066,0.38,0.35
711,2021-02-08,LOM,9885,2874,7011,5244,2177,70,2341,53,0,0,2137,7748,ITC,ITC4,3,Lombardia,Lombardia,10060574,47951,0.48,0.1
712,2021-03-15,LOM,31304,11223,20081,4671,2148,1855,841,12882,594,8313,22883,8421,ITC,ITC4,3,Lombardia,Lombardia,10060574,79255,0.79,0.31
713,2021-04-02,LOM,40038,16359,23679,2496,1338,6857,990,23616,119,4622,26054,13984,ITC,ITC4,3,Lombardia,Lombardia,10060574,119293,1.19,0.4
714,2021-02-19,LOM,14041,5357,8684,5529,1620,268,1140,4540,928,16,13360,681,ITC,ITC4,3,Lombardia,Lombardia,10060574,133334,1.33,0.14
715,2021-01-12,LOM,19784,6596,13188,13426,4447,235,1582,93,1,0,19784,0,ITC,ITC4,3,Lombardia,Lombardia,10060574,153118,1.52,0.2
716,2021-01-01,LOM,24,7,17,24,0,0,0,0,0,0,24,0,ITC,ITC4,3,Lombardia,Lombardia,10060574,153142,1.52,0.0
717,2021-03-16,LOM,25418,10098,15320,3313,1351,1581,1426,17654,17,76,16386,9032,ITC,ITC4,3,Lombardia,Lombardia,10060574,178560,1.77,0.25
718,2021-03-10,LOM,33045,12656,20389,6885,2525,3022,2032,11598,1531,5452,25231,7814,ITC,ITC4,3,Lombardia,Lombardia,10060574,211605,2.1,0.33
719,2021-02-28,LOM,7883,3254,4629,1106,694,1586,76,4308,82,31,7667,216,ITC,ITC4,3,Lombardia,Lombardia,10060574,219488,2.18,0.08
720,2021-03-19,LOM,32293,12863,19430,2719,1707,1237,1411,22060,150,3009,19154,13139,ITC,ITC4,3,Lombardia,Lombardia,10060574,251781,2.5,0.32
721,2021-02-15,LOM,8909,3117,5792,6031,1613,150,1071,4,31,9,8489,420,ITC,ITC4,3,Lombardia,Lombardia,10060574,260690,2.59,0.09
722,2021-02-18,LOM,13975,4908,9067,6131,1796,157,1569,3437,857,28,12948,1027,ITC,ITC4,3,Lombardia,Lombardia,10060574,274665,2.73,0.14
723,2020-12-31,LOM,713,300,413,657,56,0,0,0,0,0,713,0,ITC,ITC4,3,Lombardia,Lombardia,10060574,275378,2.74,0.01
724,2021-01-21,LOM,5330,1566,3764,3014,1209,78,1025,4,0,0,4643,687,ITC,ITC4,3,Lombardia,Lombardia,10060574,280708,2.79,0.05
725,2021-03-08,LOM,29536,11094,18442,6562,1974,2452,1122,11312,1575,4539,22469,7067,ITC,ITC4,3,Lombardia,Lombardia,10060574,310244,3.08,0.29
726,2021-01-08,LOM,12600,3898,8702,9963,2175,143,314,5,0,0,12600,0,ITC,ITC4,3,Lombardia,Lombardia,10060574,322844,3.21,0.13
727,2021-04-06,LOM,42078,17153,24925,2119,1409,6290,542,27119,125,4474,24474,17604,ITC,ITC4,3,Lombardia,Lombardia,10060574,364922,3.63,0.42
728,2021-02-09,LOM,12241,3328,8913,5736,2207,92,4125,75,2,4,4109,8132,ITC,ITC4,3,Lombardia,Lombardia,10060574,377163,3.75,0.12
729,2021-01-28,LOM,12158,3686,8472,9174,1784,199,971,28,1,1,775,11383,ITC,ITC4,3,Lombardia,Lombardia,10060574,389321,3.87,0.12
730,2021-01-03,LOM,853,316,537,744,88,16,4,1,0,0,853,0,ITC,ITC4,3,Lombardia,Lombardia,10060574,390174,3.88,0.01
731,2021-01-04,LOM,5979,2059,3920,4917,692,186,173,11,0,0,5979,0,ITC,ITC4,3,Lombardia,Lombardia,10060574,396153,3.94,0.06
732,2021-02-21,LOM,5004,1851,3153,1743,807,152,32,2227,40,3,4984,20,ITC,ITC4,3,Lombardia,Lombardia,10060574,401157,3.99,0.05
733,2020-12-30,LOM,113,42,71,105,7,1,0,0,0,0,113,0,ITC,ITC4,3,Lombardia,Lombardia,10060574,401270,3.99,0.0
734,2021-03-28,LOM,20150,7677,12473,2006,838,2152,104,11149,30,3871,14104,6046,ITC,ITC4,3,Lombardia,Lombardia,10060574,421420,4.19,0.2
735,2021-03-17,LOM,26069,10426,15643,2527,1315,1037,1925,19182,44,39,15198,10871,ITC,ITC4,3,Lombardia,Lombardia,10060574,447489,4.45,0.26
736,2021-02-17,LOM,11893,3730,8163,7628,2176,107,1895,39,38,10,10507,1386,ITC,ITC4,3,Lombardia,Lombardia,10060574,459382,4.57,0.12
737,2020-12-27,LOM,702,407,295,601,45,41,14,1,0,0,702,0,ITC,ITC4,3,Lombardia,Lombardia,10060574,460084,4.57,0.01
738,2021-02-04,LOM,27292,7995,19297,15673,5738,150,5530,194,7,0,1962,25330,ITC,ITC4,3,Lombardia,Lombardia,10060574,487376,4.84,0.27
739,2021-03-31,LOM,41128,16660,24468,2556,1300,6359,1398,23277,75,6163,26277,14851,ITC,ITC4,3,Lombardia,Lombardia,10060574,528504,5.25,0.41
740,2021-01-19,LOM,8096,2347,5749,4044,1743,77,2166,65,1,0,7620,476,ITC,ITC4,3,Lombardia,Lombardia,10060574,536600,5.33,0.08
741,2021-02-25,LOM,15144,6285,8859,2948,1289,332,1293,8056,1216,10,13600,1544,ITC,ITC4,3,Lombardia,Lombardia,10060574,551744,5.48,0.15
742,2021-02-03,LOM,25465,7873,17592,15584,5560,152,4018,142,8,1,1120,24345,ITC,ITC4,3,Lombardia,Lombardia,10060574,577209,5.74,0.25
743,2021-04-05,LOM,26956,11527,15429,537,243,2317,69,23075,26,689,19118,7838,ITC,ITC4,3,Lombardia,Lombardia,10060574,604165,6.01,0.27
744,2021-02-01,LOM,16037,5312,10725,11668,3316,106,902,43,1,1,324,15713,ITC,ITC4,3,Lombardia,Lombardia,10060574,620202,6.16,0.16
745,2021-01-31,LOM,9727,3754,5973,7568,1996,67,87,7,2,0,33,9694,ITC,ITC4,3,Lombardia,Lombardia,10060574,629929,6.26,0.1
746,2021-04-01,LOM,41795,16763,25032,2702,1674,6348,1222,24034,103,5712,26314,15481,ITC,ITC4,3,Lombardia,Lombardia,10060574,671724,6.68,0.42
747,2021-01-05,LOM,7692,2524,5168,6178,1108,227,172,7,0,0,7692,0,ITC,ITC4,3,Lombardia,Lombardia,10060574,679416,6.75,0.08
748,2021-02-22,LOM,11663,4715,6948,4169,1394,143,935,4029,965,28,11353,310,ITC,ITC4,3,Lombardia,Lombardia,10060574,691079,6.87,0.12
749,2021-01-18,LOM,9118,2952,6166,5183,1941,107,1831,54,2,0,8136,982,ITC,ITC4,3,Lombardia,Lombardia,10060574,700197,6.96,0.09
750,2021-04-03,LOM,35307,14499,20808,959,220,5303,77,26442,78,2228,25530,9777,ITC,ITC4,3,Lombardia,Lombardia,10060574,735504,7.31,0.35
751,2021-01-16,LOM,15344,5703,9641,8608,1231,3850,1500,152,3,0,15344,0,ITC,ITC4,3,Lombardia,Lombardia,10060574,750848,7.46,0.15
752,2021-03-06,LOM,21279,9071,12208,4752,1850,4337,444,7517,1025,1354,16763,4516,ITC,ITC4,3,Lombardia,Lombardia,10060574,772127,7.67,0.21
753,2021-02-14,LOM,3578,1546,2032,2750,491,282,42,3,0,10,2944,634,ITC,ITC4,3,Lombardia,Lombardia,10060574,775705,7.71,0.04
754,2021-02-27,LOM,13919,5860,8059,2084,1101,787,558,8250,1091,48,13274,645,ITC,ITC4,3,Lombardia,Lombardia,10060574,789624,7.85,0.14
755,2021-03-18,LOM,27316,10926,16390,2180,1126,1290,1516,21060,44,100,16161,11155,ITC,ITC4,3,Lombardia,Lombardia,10060574,816940,8.12,0.27
756,2021-03-27,LOM,31925,12164,19761,1953,1125,3820,243,18060,66,6658,23373,8552,ITC,ITC4,3,Lombardia,Lombardia,10060574,848865,8.44,0.32
757,2021-01-06,LOM,7051,2487,4564,5841,1020,150,38,0,0,2,7051,0,ITC,ITC4,3,Lombardia,Lombardia,10060574,855916,8.51,0.07
758,2021-03-01,LOM,18737,8208,10529,2701,1055,1602,925,10816,1609,29,17033,1704,ITC,ITC4,3,Lombardia,Lombardia,10060574,874653,8.69,0.19
759,2021-02-12,LOM,13789,4316,9473,8079,2654,95,2851,102,5,3,9021,4768,ITC,ITC4,3,Lombardia,Lombardia,10060574,888442,8.83,0.14
760,2021-01-25,LOM,7020,2370,4650,5629,911,248,218,14,0,0,486,6534,ITC,ITC4,3,Lombardia,Lombardia,10060574,895462,8.9,0.07
761,2021-01-27,LOM,8028,2675,5353,6192,1244,155,434,1,0,2,820,7208,ITC,ITC4,3,Lombardia,Lombardia,10060574,903490,8.98,0.08
762,2021-03-20,LOM,32205,12013,20192,1974,1157,2229,524,18190,284,7847,22429,9776,ITC,ITC4,3,Lombardia,Lombardia,10060574,935695,9.3,0.32
763,2021-03-09,LOM,33108,12787,20321,6073,2534,3215,2351,12056,1427,5452,25675,7433,ITC,ITC4,3,Lombardia,Lombardia,10060574,968803,9.63,0.33
764,2021-02-06,LOM,15237,5525,9712,9843,2933,488,1896,73,1,3,1082,14155,ITC,ITC4,3,Lombardia,Lombardia,10060574,984040,9.78,0.15
765,2021-02-13,LOM,6404,2438,3966,4172,1416,85,706,17,4,4,4937,1467,ITC,ITC4,3,Lombardia,Lombardia,10060574,990444,9.84,0.06
766,2021-04-09,LOM,46449,20008,26441,1971,1394,8978,929,30179,85,2913,31662,14787,ITC,ITC4,3,Lombardia,Lombardia,10060574,1036893,10.31,0.46
767,2021-01-29,LOM,13438,4114,9324,10487,2256,113,573,9,0,0,654,12784,ITC,ITC4,3,Lombardia,Lombardia,10060574,1050331,10.44,0.13
768,2021-02-24,LOM,14633,5910,8723,3576,1442,306,1784,6320,1181,24,13710,923,ITC,ITC4,3,Lombardia,Lombardia,10060574,1064964,10.59,0.15
769,2021-03-29,LOM,39691,15359,24332,2972,1617,4715,426,21195,168,8598,24994,14697,ITC,ITC4,3,Lombardia,Lombardia,10060574,1104655,10.98,0.39
770,2021-02-20,LOM,9392,3882,5510,4276,975,139,216,2919,863,4,9097,295,ITC,ITC4,3,Lombardia,Lombardia,10060574,1114047,11.07,0.09
771,2021-02-16,LOM,9522,3084,6438,5847,2100,159,1381,8,8,19,9071,451,ITC,ITC4,3,Lombardia,Lombardia,10060574,1123569,11.17,0.09
772,2021-01-09,LOM,12384,4562,7822,9506,2051,624,196,6,1,0,12384,0,ITC,ITC4,3,Lombardia,Lombardia,10060574,1135953,11.29,0.12
773,2021-01-07,LOM,11708,3622,8086,8959,1718,212,785,32,1,1,11708,0,ITC,ITC4,3,Lombardia,Lombardia,10060574,1147661,11.41,0.12
774,2021-03-21,LOM,23481,8502,14979,1078,551,1891,410,9724,734,9093,18226,5255,ITC,ITC4,3,Lombardia,Lombardia,10060574,1171142,11.64,0.23
775,2021-04-04,LOM,7535,3211,4324,204,227,984,68,5839,8,205,3650,3885,ITC,ITC4,3,Lombardia,Lombardia,10060574,1178677,11.72,0.07
776,2021-03-05,LOM,28831,11896,16935,7204,2555,4451,1508,10803,1900,410,20443,8388,ITC,ITC4,3,Lombardia,Lombardia,10060574,1207508,12.0,0.29
777,2020-12-29,LOM,100,43,57,100,0,0,0,0,0,0,100,0,ITC,ITC4,3,Lombardia,Lombardia,10060574,1207608,12.0,0.0
778,2021-02-26,LOM,18212,7499,10713,3292,1658,274,1176,10484,1304,24,16364,1848,ITC,ITC4,3,Lombardia,Lombardia,10060574,1225820,12.18,0.18
779,2021-03-26,LOM,40410,15324,25086,2616,1478,4595,762,22093,208,8658,27782,12628,ITC,ITC4,3,Lombardia,Lombardia,10060574,1266230,12.59,0.4
780,2021-01-02,LOM,199,72,127,178,16,5,0,0,0,0,199,0,ITC,ITC4,3,Lombardia,Lombardia,10060574,1266429,12.59,0.0
781,2021-03-11,LOM,36002,13395,22607,5832,2397,2633,2179,15084,1216,6661,26162,9840,ITC,ITC4,3,Lombardia,Lombardia,10060574,1302431,12.95,0.36
782,2021-02-02,LOM,19827,6577,13250,13492,4416,155,1680,76,7,1,489,19338,ITC,ITC4,3,Lombardia,Lombardia,10060574,1322258,13.14,0.2
783,2021-01-20,LOM,5578,1364,4214,2743,1174,45,1557,59,0,0,5463,115,ITC,ITC4,3,Lombardia,Lombardia,10060574,1327836,13.2,0.06
784,2021-01-11,LOM,16018,5322,10696,11813,3303,158,699,42,1,2,16018,0,ITC,ITC4,3,Lombardia,Lombardia,10060574,1343854,13.36,0.16
785,2021-01-15,LOM,24988,7382,17606,13711,5803,431,4728,309,2,4,24988,0,ITC,ITC4,3,Lombardia,Lombardia,10060574,1368842,13.61,0.25
786,2021-02-11,LOM,16953,4992,11961,9701,3286,58,3865,33,4,6,9613,7340,ITC,ITC4,3,Lombardia,Lombardia,10060574,1385795,13.77,0.17
787,2021-03-02,LOM,22747,9666,13081,3166,1337,2902,2177,11257,1778,130,19717,3030,ITC,ITC4,3,Lombardia,Lombardia,10060574,1408542,14.0,0.23
788,2021-01-14,LOM,26549,7739,18810,15111,5464,305,5440,228,1,0,26549,0,ITC,ITC4,3,Lombardia,Lombardia,10060574,1435091,14.26,0.26
789,2021-04-07,LOM,48801,20194,28607,1672,1112,6992,1084,35437,61,2443,33486,15315,ITC,ITC4,3,Lombardia,Lombardia,10060574,1483892,14.75,0.49
790,2021-01-23,LOM,1114,357,757,644,258,74,138,0,0,0,916,198,ITC,ITC4,3,Lombardia,Lombardia,10060574,1485006,14.76,0.01
791,2021-04-08,LOM,49161,20566,28595,2151,994,8523,843,35071,49,1530,33219,15942,ITC,ITC4,3,Lombardia,Lombardia,10060574,1534167,15.25,0.49
792,2021-03-13,LOM,27025,9709,17316,3737,980,2997,254,10322,617,8118,20986,6039,ITC,ITC4,3,Lombardia,Lombardia,10060574,1561192,15.52,0.27
793,2021-03-25,LOM,41776,15530,26246,3387,1315,4242,1279,20518,199,10836,29770,12006,ITC,ITC4,3,Lombardia,Lombardia,10060574,1602968,15.93,0.42
794,2021-03-30,LOM,38896,15255,23641,2641,1353,4996,1132,21726,154,6894,24234,14662,ITC,ITC4,3,Lombardia,Lombardia,10060574,1641864,16.32,0.39
795,2021-02-07,LOM,7204,2796,4408,5542,1285,60,293,17,2,5,339,6865,ITC,ITC4,3,Lombardia,Lombardia,10060574,1649068,16.39,0.07
796,2021-01-26,LOM,8326,2704,5622,6641,1270,170,223,22,0,0,334,7992,ITC,ITC4,3,Lombardia,Lombardia,10060574,1657394,16.47,0.08
797,2020-12-28,LOM,103,44,59,102,1,0,0,0,0,0,103,0,ITC,ITC4,3,Lombardia,Lombardia,10060574,1657497,16.48,0.0
798,2021-03-07,LOM,11825,5266,6559,3002,895,2096,73,4525,552,682,9272,2553,ITC,ITC4,3,Lombardia,Lombardia,10060574,1669322,16.59,0.12
799,2021-03-04,LOM,29157,12070,17087,6974,2273,4660,2126,10801,1947,376,20105,9052,ITC,ITC4,3,Lombardia,Lombardia,10060574,1698479,16.88,0.29
800,2021-01-17,LOM,8279,3323,4956,5547,699,1751,241,36,5,0,8079,200,ITC,ITC4,3,Lombardia,Lombardia,10060574,1706758,16.96,0.08
801,2021-02-05,LOM,25323,7372,17951,14335,6068,183,4477,259,1,0,2379,22944,ITC,ITC4,3,Lombardia,Lombardia,10060574,1732081,17.22,0.25
802,2021-03-24,LOM,42872,15453,27419,2967,1294,4446,1491,19753,434,12487,31270,11602,ITC,ITC4,3,Lombardia,Lombardia,10060574,1774953,17.64,0.43
803,2021-04-10,LOM,16656,6850,9806,282,151,2337,55,13239,22,570,10741,5915,ITC,ITC4,3,Lombardia,Lombardia,10060574,1791609,17.81,0.17
804,2021-03-22,LOM,39964,14148,25816,2456,1317,2724,800,20098,446,12123,29641,10323,ITC,ITC4,3,Lombardia,Lombardia,10060574,1831573,18.21,0.4
805,2021-03-23,LOM,42215,15296,26919,2222,1347,3667,1266,20898,324,12491,29490,12725,ITC,ITC4,3,Lombardia,Lombardia,10060574,1873788,18.63,0.42
806,2021-01-24,LOM,1200,459,741,831,135,197,36,1,0,0,536,664,ITC,ITC4,3,Lombardia,Lombardia,10060574,1874988,18.64,0.01
807,2021-01-30,LOM,12314,4567,7747,9906,2049,189,160,8,1,1,195,12119,ITC,ITC4,3,Lombardia,Lombardia,10060574,1887302,18.76,0.12
808,2021-02-23,LOM,11697,4772,6925,3937,1350,266,841,4310,990,3,11389,308,ITC,ITC4,3,Lombardia,Lombardia,10060574,1898999,18.88,0.12
809,2021-01-13,LOM,26155,7997,18158,15787,5731,297,4148,189,2,1,26155,0,ITC,ITC4,3,Lombardia,Lombardia,10060574,1925154,19.14,0.26
810,2021-03-14,LOM,14799,5308,9491,1500,573,1577,80,5264,396,5409,11528,3271,ITC,ITC4,3,Lombardia,Lombardia,10060574,1939953,19.28,0.15
811,2021-02-10,LOM,14386,4501,9885,8533,2328,110,3335,71,3,6,7569,6817,ITC,ITC4,3,Lombardia,Lombardia,10060574,1954339,19.43,0.14
812,2021-01-10,LOM,10516,3955,6561,8173,2159,85,85,11,2,1,10516,0,ITC,ITC4,3,Lombardia,Lombardia,10060574,1964855,19.53,0.1
813,2021-03-03,LOM,26835,11471,15364,6388,1644,4788,1796,9886,1862,471,19566,7269,ITC,ITC4,3,Lombardia,Lombardia,10060574,1991690,19.8,0.27
814,2021-01-30,VDA,437,202,235,232,181,12,12,0,0,0,14,423,ITC,ITC2,2,Valle d'Aosta / Vallée d'Aoste,Valle d'Aosta,125666,437,0.35,0.35
815,2021-01-14,VDA,237,69,168,151,62,22,0,2,0,0,237,0,ITC,ITC2,2,Valle d'Aosta / Vallée d'Aoste,Valle d'Aosta,125666,674,0.54,0.19
816,2021-01-09,VDA,443,199,244,225,183,13,22,0,0,0,443,0,ITC,ITC2,2,Valle d'Aosta / Vallée d'Aoste,Valle d'Aosta,125666,1117,0.89,0.35
817,2021-02-21,VDA,18,3,15,0,0,0,18,0,0,0,0,18,ITC,ITC2,2,Valle d'Aosta / Vallée d'Aoste,Valle d'Aosta,125666,1135,0.9,0.01
818,2021-03-25,VDA,386,154,232,10,0,123,1,251,0,1,377,9,ITC,ITC2,2,Valle d'Aosta / Vallée d'Aoste,Valle d'Aosta,125666,1521,1.21,0.31
819,2021-02-07,VDA,292,120,172,110,55,17,0,105,2,3,190,102,ITC,ITC2,2,Valle d'Aosta / Vallée d'Aoste,Valle d'Aosta,125666,1813,1.44,0.23
820,2021-03-15,VDA,361,122,239,20,4,41,10,215,6,65,159,202,ITC,ITC2,2,Valle d'Aosta / Vallée d'Aoste,Valle d'Aosta,125666,2174,1.73,0.29
821,2021-02-22,VDA,316,94,222,62,7,34,37,103,6,67,213,103,ITC,ITC2,2,Valle d'Aosta / Vallée d'Aoste,Valle d'Aosta,125666,2490,1.98,0.25
822,2021-03-29,VDA,489,232,257,6,1,259,18,204,1,0,450,39,ITC,ITC2,2,Valle d'Aosta / Vallée d'Aoste,Valle d'Aosta,125666,2979,2.37,0.39
823,2021-02-16,VDA,325,53,272,10,0,58,12,5,4,236,320,5,ITC,ITC2,2,Valle d'Aosta / Vallée d'Aoste,Valle d'Aosta,125666,3304,2.63,0.26
824,2021-01-21,VDA,33,12,21,0,0,0,33,0,0,0,33,0,ITC,ITC2,2,Valle d'Aosta / Vallée d'Aoste,Valle d'Aosta,125666,3337,2.66,0.03
825,2021-03-04,VDA,291,139,152,56,13,44,2,160,14,2,42,249,ITC,ITC2,2,Valle d'Aosta / Vallée d'Aoste,Valle d'Aosta,125666,3628,2.89,0.23
826,2021-01-13,VDA,337,110,227,166,138,5,28,0,0,0,337,0,ITC,ITC2,2,Valle d'Aosta / Vallée d'Aoste,Valle d'Aosta,125666,3965,3.16,0.27
827,2021-04-10,VDA,29,9,20,1,0,25,1,2,0,0,24,5,ITC,ITC2,2,Valle d'Aosta / Vallée d'Aoste,Valle d'Aosta,125666,3994,3.18,0.02
828,2021-02-05,VDA,294,102,192,159,45,37,0,53,0,0,101,193,ITC,ITC2,2,Valle d'Aosta / Vallée d'Aoste,Valle d'Aosta,125666,4288,3.41,0.23
829,2021-03-20,VDA,205,85,120,5,2,164,15,14,4,1,170,35,ITC,ITC2,2,Valle d'Aosta / Vallée d'Aoste,Valle d'Aosta,125666,4493,3.58,0.16
830,2021-04-09,VDA,233,110,123,0,0,199,6,28,0,0,200,33,ITC,ITC2,2,Valle d'Aosta / Vallée d'Aoste,Valle d'Aosta,125666,4726,3.76,0.19
831,2021-03-13,VDA,142,84,58,2,1,113,0,0,23,3,142,0,ITC,ITC2,2,Valle d'Aosta / Vallée d'Aoste,Valle d'Aosta,125666,4868,3.87,0.11
832,2021-03-10,VDA,436,182,254,9,0,67,17,337,6,0,225,211,ITC,ITC2,2,Valle d'Aosta / Vallée d'Aoste,Valle d'Aosta,125666,5304,4.22,0.35
833,2021-03-02,VDA,339,166,173,17,1,103,39,109,65,5,336,3,ITC,ITC2,2,Valle d'Aosta / Vallée d'Aoste,Valle d'Aosta,125666,5643,4.49,0.27
834,2021-02-24,VDA,183,82,101,30,7,8,13,65,53,7,164,19,ITC,ITC2,2,Valle d'Aosta / Vallée d'Aoste,Valle d'Aosta,125666,5826,4.64,0.15
835,2021-01-29,VDA,316,138,178,259,32,9,16,0,0,0,2,314,ITC,ITC2,2,Valle d'Aosta / Vallée d'Aoste,Valle d'Aosta,125666,6142,4.89,0.25
836,2021-03-27,VDA,332,164,168,23,6,221,14,66,1,1,301,31,ITC,ITC2,2,Valle d'Aosta / Vallée d'Aoste,Valle d'Aosta,125666,6474,5.15,0.26
837,2021-03-07,VDA,64,30,34,16,3,16,0,26,2,1,11,53,ITC,ITC2,2,Valle d'Aosta / Vallée d'Aoste,Valle d'Aosta,125666,6538,5.2,0.05
838,2021-01-18,VDA,213,74,139,29,7,104,27,46,0,0,213,0,ITC,ITC2,2,Valle d'Aosta / Vallée d'Aoste,Valle d'Aosta,125666,6751,5.37,0.17
839,2021-01-20,VDA,23,8,15,0,0,0,6,17,0,0,23,0,ITC,ITC2,2,Valle d'Aosta / Vallée d'Aoste,Valle d'Aosta,125666,6774,5.39,0.02
840,2021-02-27,VDA,230,84,146,69,2,28,1,126,4,0,124,106,ITC,ITC2,2,Valle d'Aosta / Vallée d'Aoste,Valle d'Aosta,125666,7004,5.57,0.18
841,2021-01-02,VDA,6,5,1,0,0,0,6,0,0,0,6,0,ITC,ITC2,2,Valle d'Aosta / Vallée d'Aoste,Valle d'Aosta,125666,7010,5.58,0.0
842,2021-03-18,VDA,134,43,91,4,0,3,25,101,1,0,98,36,ITC,ITC2,2,Valle d'Aosta / Vallée d'Aoste,Valle d'Aosta,125666,7144,5.68,0.11
843,2021-01-22,VDA,56,21,35,36,0,0,20,0,0,0,20,36,ITC,ITC2,2,Valle d'Aosta / Vallée d'Aoste,Valle d'Aosta,125666,7200,5.73,0.04
844,2021-02-06,VDA,289,104,185,170,31,13,0,74,1,0,92,197,ITC,ITC2,2,Valle d'Aosta / Vallée d'Aoste,Valle d'Aosta,125666,7489,5.96,0.23
845,2021-04-02,VDA,868,343,525,61,5,413,12,191,9,177,645,223,ITC,ITC2,2,Valle d'Aosta / Vallée d'Aoste,Valle d'Aosta,125666,8357,6.65,0.69
846,2021-03-12,VDA,529,175,354,14,7,96,7,148,2,255,303,226,ITC,ITC2,2,Valle d'Aosta / Vallée d'Aoste,Valle d'Aosta,125666,8886,7.07,0.42
847,2021-01-12,VDA,302,72,230,242,34,15,11,0,0,0,302,0,ITC,ITC2,2,Valle d'Aosta / Vallée d'Aoste,Valle d'Aosta,125666,9188,7.31,0.24
848,2021-03-16,VDA,176,36,140,2,0,43,13,118,0,0,115,61,ITC,ITC2,2,Valle d'Aosta / Vallée d'Aoste,Valle d'Aosta,125666,9364,7.45,0.14
849,2021-04-04,VDA,569,251,318,1,8,446,0,20,0,94,568,1,ITC,ITC2,2,Valle d'Aosta / Vallée d'Aoste,Valle d'Aosta,125666,9933,7.9,0.45
850,2021-02-11,VDA,231,107,124,53,17,21,0,127,13,0,222,9,ITC,ITC2,2,Valle d'Aosta / Vallée d'Aoste,Valle d'Aosta,125666,10164,8.09,0.18
851,2021-03-11,VDA,192,72,120,2,0,14,7,166,1,2,64,128,ITC,ITC2,2,Valle d'Aosta / Vallée d'Aoste,Valle d'Aosta,125666,10356,8.24,0.15
852,2021-02-20,VDA,251,210,41,6,2,50,8,2,174,9,241,10,ITC,ITC2,2,Valle d'Aosta / Vallée d'Aoste,Valle d'Aosta,125666,10607,8.44,0.2
853,2021-04-08,VDA,582,282,300,6,0,298,3,273,0,2,438,144,ITC,ITC2,2,Valle d'Aosta / Vallée d'Aoste,Valle d'Aosta,125666,11189,8.9,0.46
854,2021-01-11,VDA,325,112,213,238,50,7,30,0,0,0,325,0,ITC,ITC2,2,Valle d'Aosta / Vallée d'Aoste,Valle d'Aosta,125666,11514,9.16,0.26
855,2021-03-26,VDA,494,203,291,4,2,171,0,88,3,226,487,7,ITC,ITC2,2,Valle d'Aosta / Vallée d'Aoste,Valle d'Aosta,125666,12008,9.56,0.39
856,2020-12-27,VDA,20,9,11,20,0,0,0,0,0,0,20,0,ITC,ITC2,2,Valle d'Aosta / Vallée d'Aoste,Valle d'Aosta,125666,12028,9.57,0.02
857,2021-04-01,VDA,770,391,379,1,0,573,0,196,0,0,759,11,ITC,ITC2,2,Valle d'Aosta / Vallée d'Aoste,Valle d'Aosta,125666,12798,10.18,0.61
858,2021-01-15,VDA,218,82,136,116,32,36,28,6,0,0,218,0,ITC,ITC2,2,Valle d'Aosta / Vallée d'Aoste,Valle d'Aosta,125666,13016,10.36,0.17
859,2021-02-01,VDA,403,127,276,268,56,9,70,0,0,0,87,316,ITC,ITC2,2,Valle d'Aosta / Vallée d'Aoste,Valle d'Aosta,125666,13419,10.68,0.32
860,2021-03-31,VDA,550,300,250,6,0,363,0,181,0,0,525,25,ITC,ITC2,2,Valle d'Aosta / Vallée d'Aoste,Valle d'Aosta,125666,13969,11.12,0.44
861,2021-01-07,VDA,275,111,164,224,38,8,5,0,0,0,275,0,ITC,ITC2,2,Valle d'Aosta / Vallée d'Aoste,Valle d'Aosta,125666,14244,11.33,0.22
862,2021-03-24,VDA,512,230,282,8,3,135,0,363,2,1,257,255,ITC,ITC2,2,Valle d'Aosta / Vallée d'Aoste,Valle d'Aosta,125666,14756,11.74,0.41
863,2021-03-08,VDA,481,231,250,28,1,80,13,343,15,1,237,244,ITC,ITC2,2,Valle d'Aosta / Vallée d'Aoste,Valle d'Aosta,125666,15237,12.12,0.38
864,2021-03-30,VDA,399,221,178,9,0,258,5,120,2,5,380,19,ITC,ITC2,2,Valle d'Aosta / Vallée d'Aoste,Valle d'Aosta,125666,15636,12.44,0.32
865,2021-02-08,VDA,223,83,140,28,17,86,3,64,0,25,25,198,ITC,ITC2,2,Valle d'Aosta / Vallée d'Aoste,Valle d'Aosta,125666,15859,12.62,0.18
866,2021-02-02,VDA,271,70,201,225,34,9,3,0,0,0,2,269,ITC,ITC2,2,Valle d'Aosta / Vallée d'Aoste,Valle d'Aosta,125666,16130,12.84,0.22
867,2021-04-07,VDA,904,472,432,15,0,510,0,378,0,1,676,228,ITC,ITC2,2,Valle d'Aosta / Vallée d'Aoste,Valle d'Aosta,125666,17034,13.55,0.72
868,2021-03-22,VDA,556,204,352,36,4,137,18,334,10,17,330,226,ITC,ITC2,2,Valle d'Aosta / Vallée d'Aoste,Valle d'Aosta,125666,17590,14.0,0.44
869,2021-02-10,VDA,248,77,171,51,8,17,26,127,1,18,141,107,ITC,ITC2,2,Valle d'Aosta / Vallée d'Aoste,Valle d'Aosta,125666,17838,14.19,0.2
870,2021-03-23,VDA,375,149,226,13,2,70,7,276,0,7,242,133,ITC,ITC2,2,Valle d'Aosta / Vallée d'Aoste,Valle d'Aosta,125666,18213,14.49,0.3
871,2021-01-17,VDA,131,56,75,49,2,1,20,59,0,0,131,0,ITC,ITC2,2,Valle d'Aosta / Vallée d'Aoste,Valle d'Aosta,125666,18344,14.6,0.1
872,2021-02-15,VDA,264,136,128,24,2,27,24,170,15,2,229,35,ITC,ITC2,2,Valle d'Aosta / Vallée d'Aoste,Valle d'Aosta,125666,18608,14.81,0.21
873,2021-03-28,VDA,520,212,308,51,6,352,0,52,13,46,519,1,ITC,ITC2,2,Valle d'Aosta / Vallée d'Aoste,Valle d'Aosta,125666,19128,15.22,0.41
874,2021-03-19,VDA,319,84,235,8,1,70,21,9,1,209,284,35,ITC,ITC2,2,Valle d'Aosta / Vallée d'Aoste,Valle d'Aosta,125666,19447,15.48,0.25
875,2021-03-05,VDA,275,124,151,51,8,60,13,138,0,5,53,222,ITC,ITC2,2,Valle d'Aosta / Vallée d'Aoste,Valle d'Aosta,125666,19722,15.69,0.22
876,2021-01-16,VDA,236,80,156,127,32,4,22,51,0,0,236,0,ITC,ITC2,2,Valle d'Aosta / Vallée d'Aoste,Valle d'Aosta,125666,19958,15.88,0.19
877,2021-04-06,VDA,739,379,360,24,3,484,1,227,0,0,627,112,ITC,ITC2,2,Valle d'Aosta / Vallée d'Aoste,Valle d'Aosta,125666,20697,16.47,0.59
878,2021-03-21,VDA,353,164,189,2,4,312,0,1,6,28,353,0,ITC,ITC2,2,Valle d'Aosta / Vallée d'Aoste,Valle d'Aosta,125666,21050,16.75,0.28
879,2021-01-31,VDA,290,90,200,231,31,10,18,0,0,0,58,232,ITC,ITC2,2,Valle d'Aosta / Vallée d'Aoste,Valle d'Aosta,125666,21340,16.98,0.23
880,2021-02-04,VDA,294,86,208,168,74,17,34,1,0,0,8,286,ITC,ITC2,2,Valle d'Aosta / Vallée d'Aoste,Valle d'Aosta,125666,21634,17.22,0.23
881,2021-02-28,VDA,260,86,174,78,31,27,24,93,3,4,77,183,ITC,ITC2,2,Valle d'Aosta / Vallée d'Aoste,Valle d'Aosta,125666,21894,17.42,0.21
882,2021-04-05,VDA,458,221,237,18,0,398,0,8,0,34,455,3,ITC,ITC2,2,Valle d'Aosta / Vallée d'Aoste,Valle d'Aosta,125666,22352,17.79,0.36
883,2021-04-03,VDA,673,339,334,13,4,592,4,54,5,1,658,15,ITC,ITC2,2,Valle d'Aosta / Vallée d'Aoste,Valle d'Aosta,125666,23025,18.32,0.54
884,2021-02-18,VDA,349,153,196,61,4,37,45,180,14,8,261,88,ITC,ITC2,2,Valle d'Aosta / Vallée d'Aoste,Valle d'Aosta,125666,23374,18.6,0.28
885,2021-02-19,VDA,292,102,190,17,0,30,35,145,0,65,268,24,ITC,ITC2,2,Valle d'Aosta / Vallée d'Aoste,Valle d'Aosta,125666,23666,18.83,0.23
886,2021-01-04,VDA,142,59,83,126,14,2,0,0,0,0,142,0,ITC,ITC2,2,Valle d'Aosta / Vallée d'Aoste,Valle d'Aosta,125666,23808,18.95,0.11
887,2021-02-25,VDA,201,101,100,6,3,154,11,0,25,2,194,7,ITC,ITC2,2,Valle d'Aosta / Vallée d'Aoste,Valle d'Aosta,125666,24009,19.11,0.16
888,2021-02-09,VDA,251,84,167,78,9,21,14,75,1,53,68,183,ITC,ITC2,2,Valle d'Aosta / Vallée d'Aoste,Valle d'Aosta,125666,24260,19.31,0.2
889,2021-02-17,VDA,327,144,183,25,1,18,30,237,16,0,227,100,ITC,ITC2,2,Valle d'Aosta / Vallée d'Aoste,Valle d'Aosta,125666,24587,19.57,0.26
890,2021-03-06,VDA,22,4,18,13,0,0,5,4,0,0,22,0,ITC,ITC2,2,Valle d'Aosta / Vallée d'Aoste,Valle d'Aosta,125666,24609,19.58,0.02
891,2021-02-26,VDA,206,57,149,67,4,30,4,96,4,1,122,84,ITC,ITC2,2,Valle d'Aosta / Vallée d'Aoste,Valle d'Aosta,125666,24815,19.75,0.16
892,2021-03-17,VDA,430,185,245,35,2,90,15,240,41,7,270,160,ITC,ITC2,2,Valle d'Aosta / Vallée d'Aoste,Valle d'Aosta,125666,25245,20.09,0.34
893,2021-02-23,VDA,216,123,93,0,1,164,0,0,35,16,216,0,ITC,ITC2,2,Valle d'Aosta / Vallée d'Aoste,Valle d'Aosta,125666,25461,20.26,0.17
894,2021-01-05,VDA,150,54,96,127,11,1,11,0,0,0,150,0,ITC,ITC2,2,Valle d'Aosta / Vallée d'Aoste,Valle d'Aosta,125666,25611,20.38,0.12
895,2021-01-08,VDA,299,130,169,240,35,8,16,0,0,0,299,0,ITC,ITC2,2,Valle d'Aosta / Vallée d'Aoste,Valle d'Aosta,125666,25910,20.62,0.24
896,2020-12-31,VDA,18,4,14,16,2,0,0,0,0,0,18,0,ITC,ITC2,2,Valle d'Aosta / Vallée d'Aoste,Valle d'Aosta,125666,25928,20.63,0.01
897,2021-03-14,VDA,390,200,190,6,3,295,0,0,34,52,390,0,ITC,ITC2,2,Valle d'Aosta / Vallée d'Aoste,Valle d'Aosta,125666,26318,20.94,0.31
898,2021-03-01,VDA,181,66,115,19,5,10,29,116,2,0,147,34,ITC,ITC2,2,Valle d'Aosta / Vallée d'Aoste,Valle d'Aosta,125666,26499,21.09,0.14
899,2021-01-10,VDA,220,71,149,172,25,4,19,0,0,0,220,0,ITC,ITC2,2,Valle d'Aosta / Vallée d'Aoste,Valle d'Aosta,125666,26719,21.26,0.18
900,2021-03-03,VDA,255,118,137,9,1,105,1,134,1,4,186,69,ITC,ITC2,2,Valle d'Aosta / Vallée d'Aoste,Valle d'Aosta,125666,26974,21.46,0.2
901,2021-01-06,VDA,65,33,32,29,8,10,18,0,0,0,65,0,ITC,ITC2,2,Valle d'Aosta / Vallée d'Aoste,Valle d'Aosta,125666,27039,21.52,0.05
902,2021-01-28,VDA,290,123,167,202,34,46,6,2,0,0,56,234,ITC,ITC2,2,Valle d'Aosta / Vallée d'Aoste,Valle d'Aosta,125666,27329,21.75,0.23
903,2021-01-27,VDA,151,71,80,55,8,17,18,53,0,0,79,72,ITC,ITC2,2,Valle d'Aosta / Vallée d'Aoste,Valle d'Aosta,125666,27480,21.87,0.12
904,2021-03-09,VDA,204,96,108,2,0,79,23,36,39,25,172,32,ITC,ITC2,2,Valle d'Aosta / Vallée d'Aoste,Valle d'Aosta,125666,27684,22.03,0.16
905,2021-02-13,VDA,215,195,20,0,0,54,0,0,161,0,215,0,ITC,ITC2,2,Valle d'Aosta / Vallée d'Aoste,Valle d'Aosta,125666,27899,22.2,0.17
906,2021-01-19,VDA,256,77,179,160,10,14,15,57,0,0,256,0,ITC,ITC2,2,Valle d'Aosta / Vallée d'Aoste,Valle d'Aosta,125666,28155,22.4,0.2
907,2021-02-14,VDA,48,16,32,6,0,0,42,0,0,0,1,47,ITC,ITC2,2,Valle d'Aosta / Vallée d'Aoste,Valle d'Aosta,125666,28203,22.44,0.04
908,2021-02-12,VDA,263,96,167,51,9,41,26,131,0,5,217,46,ITC,ITC2,2,Valle d'Aosta / Vallée d'Aoste,Valle d'Aosta,125666,28466,22.65,0.21
909,2021-02-03,VDA,351,114,237,157,135,6,52,1,0,0,14,337,ITC,ITC2,2,Valle d'Aosta / Vallée d'Aoste,Valle d'Aosta,125666,28817,22.93,0.28
910,2021-01-25,VDA,147,65,82,125,13,3,6,0,0,0,0,147,ITC,ITC2,2,Valle d'Aosta / Vallée d'Aoste,Valle d'Aosta,125666,28964,23.05,0.12
911,2021-01-26,VDA,139,48,91,115,11,1,12,0,0,0,0,139,ITC,ITC2,2,Valle d'Aosta / Vallée d'Aoste,Valle d'Aosta,125666,29103,23.16,0.11
912,2021-03-09,PIE,13879,5394,8485,1683,850,716,357,7955,0,2318,11536,2343,ITC,ITC1,1,Piemonte,Piemonte,4356406,13879,0.32,0.32
913,2021-02-27,PIE,12667,4844,7823,883,464,517,232,7534,0,3037,12318,349,ITC,ITC1,1,Piemonte,Piemonte,4356406,26546,0.61,0.29
914,2021-03-20,PIE,11855,4875,6980,879,449,785,163,7644,0,1935,5959,5896,ITC,ITC1,1,Piemonte,Piemonte,4356406,38401,0.88,0.27
915,2021-02-17,PIE,4787,2154,2633,2245,954,1089,497,1,0,1,3798,989,ITC,ITC1,1,Piemonte,Piemonte,4356406,43188,0.99,0.11
916,2021-03-08,PIE,13907,5274,8633,2040,892,538,413,7397,0,2627,11195,2712,ITC,ITC1,1,Piemonte,Piemonte,4356406,57095,1.31,0.32
917,2021-01-19,PIE,6421,2099,4322,3574,1238,61,1548,0,0,0,6412,9,ITC,ITC1,1,Piemonte,Piemonte,4356406,63516,1.46,0.15
918,2021-02-13,PIE,4151,1334,2817,2309,654,68,1114,1,0,5,2929,1222,ITC,ITC1,1,Piemonte,Piemonte,4356406,67667,1.55,0.1
919,2021-01-18,PIE,6162,2047,4115,3236,1322,82,1522,0,0,0,5914,248,ITC,ITC1,1,Piemonte,Piemonte,4356406,73829,1.69,0.14
920,2021-01-03,PIE,3061,966,2095,2714,268,27,52,0,0,0,3061,0,ITC,ITC1,1,Piemonte,Piemonte,4356406,76890,1.76,0.07
921,2021-01-04,PIE,5562,1678,3884,4590,716,21,235,0,0,0,5562,0,ITC,ITC1,1,Piemonte,Piemonte,4356406,82452,1.89,0.13
922,2021-01-16,PIE,7754,2630,5124,4795,1515,80,1364,0,0,0,7754,0,ITC,ITC1,1,Piemonte,Piemonte,4356406,90206,2.07,0.18
923,2021-03-27,PIE,18294,7787,10507,1210,546,2604,110,11667,54,2103,9481,8813,ITC,ITC1,1,Piemonte,Piemonte,4356406,108500,2.49,0.42
924,2021-03-01,PIE,11711,4690,7021,1142,539,744,281,6602,0,2403,10899,812,ITC,ITC1,1,Piemonte,Piemonte,4356406,120211,2.76,0.27
925,2021-01-29,PIE,5940,1886,4054,4198,1018,51,673,0,0,0,455,5485,ITC,ITC1,1,Piemonte,Piemonte,4356406,126151,2.9,0.14
926,2021-02-01,PIE,8641,3053,5588,6170,1324,79,1068,0,0,0,578,8063,ITC,ITC1,1,Piemonte,Piemonte,4356406,134792,3.09,0.2
927,2021-02-19,PIE,5528,2171,3357,1988,788,977,666,31,0,1078,5026,502,ITC,ITC1,1,Piemonte,Piemonte,4356406,140320,3.22,0.13
928,2021-02-03,PIE,10185,3301,6884,6641,2041,268,1235,0,0,0,611,9574,ITC,ITC1,1,Piemonte,Piemonte,4356406,150505,3.45,0.23
929,2021-04-01,PIE,19147,7966,11181,664,266,3013,280,13831,183,910,11055,8092,ITC,ITC1,1,Piemonte,Piemonte,4356406,169652,3.89,0.44
930,2021-02-12,PIE,6882,2212,4670,3525,1510,138,1707,0,0,2,3925,2957,ITC,ITC1,1,Piemonte,Piemonte,4356406,176534,4.05,0.16
931,2021-02-05,PIE,9451,3078,6373,5766,1959,82,1643,1,0,0,657,8794,ITC,ITC1,1,Piemonte,Piemonte,4356406,185985,4.27,0.22
932,2021-04-05,PIE,14723,6225,8498,148,49,5821,0,7977,26,702,12162,2561,ITC,ITC1,1,Piemonte,Piemonte,4356406,200708,4.61,0.34
933,2021-02-20,PIE,3829,1252,2577,1100,395,669,219,30,0,1416,3655,174,ITC,ITC1,1,Piemonte,Piemonte,4356406,204537,4.7,0.09
934,2021-03-26,PIE,17668,6959,10709,1155,450,1415,525,11479,220,2424,8763,8905,ITC,ITC1,1,Piemonte,Piemonte,4356406,222205,5.1,0.41
935,2021-03-11,PIE,13636,4996,8640,2310,809,635,381,7329,0,2172,10546,3090,ITC,ITC1,1,Piemonte,Piemonte,4356406,235841,5.41,0.31
936,2021-02-16,PIE,3963,1753,2210,1819,778,816,548,0,1,1,3205,758,ITC,ITC1,1,Piemonte,Piemonte,4356406,239804,5.5,0.09
937,2021-02-14,PIE,1475,498,977,796,331,49,285,0,0,14,875,600,ITC,ITC1,1,Piemonte,Piemonte,4356406,241279,5.54,0.03
938,2021-02-24,PIE,11384,4618,6766,1843,586,726,407,5663,0,2159,10873,511,ITC,ITC1,1,Piemonte,Piemonte,4356406,252663,5.8,0.26
939,2021-03-31,PIE,19043,8073,10970,959,405,3490,311,13134,57,687,10352,8691,ITC,ITC1,1,Piemonte,Piemonte,4356406,271706,6.24,0.44
940,2021-01-09,PIE,6183,2185,3998,4488,1094,33,568,0,0,0,6183,0,ITC,ITC1,1,Piemonte,Piemonte,4356406,277889,6.38,0.14
941,2021-01-07,PIE,5385,1739,3646,4158,837,49,341,0,0,0,5385,0,ITC,ITC1,1,Piemonte,Piemonte,4356406,283274,6.5,0.12
942,2021-01-20,PIE,6538,2067,4471,3573,1140,13,1812,0,0,0,5813,725,ITC,ITC1,1,Piemonte,Piemonte,4356406,289812,6.65,0.15
943,2021-02-09,PIE,7350,2309,5041,4154,1323,43,1830,0,0,0,722,6628,ITC,ITC1,1,Piemonte,Piemonte,4356406,297162,6.82,0.17
944,2021-02-15,PIE,4428,1595,2833,2319,841,303,962,1,1,1,3223,1205,ITC,ITC1,1,Piemonte,Piemonte,4356406,301590,6.92,0.1
945,2021-01-27,PIE,4196,1453,2743,2983,541,115,557,0,0,0,999,3197,ITC,ITC1,1,Piemonte,Piemonte,4356406,305786,7.02,0.1
946,2021-01-06,PIE,3114,1110,2004,2368,319,114,313,0,0,0,3114,0,ITC,ITC1,1,Piemonte,Piemonte,4356406,308900,7.09,0.07
947,2021-01-17,PIE,3517,1168,2349,2082,588,7,840,0,0,0,2870,647,ITC,ITC1,1,Piemonte,Piemonte,4356406,312417,7.17,0.08
948,2021-04-08,PIE,23953,10393,13560,980,431,10963,173,10941,61,404,19314,4639,ITC,ITC1,1,Piemonte,Piemonte,4356406,336370,7.72,0.55
949,2021-01-26,PIE,6329,1878,4451,4726,831,44,728,0,0,0,735,5594,ITC,ITC1,1,Piemonte,Piemonte,4356406,342699,7.87,0.15
950,2021-03-17,PIE,12506,5048,7458,2081,718,366,236,9096,0,9,5221,7285,ITC,ITC1,1,Piemonte,Piemonte,4356406,355205,8.15,0.29
951,2021-03-14,PIE,8197,3329,4868,794,233,370,2,5809,0,989,5303,2894,ITC,ITC1,1,Piemonte,Piemonte,4356406,363402,8.34,0.19
952,2021-02-04,PIE,10196,3337,6859,6234,2129,70,1763,0,0,0,588,9608,ITC,ITC1,1,Piemonte,Piemonte,4356406,373598,8.58,0.23
953,2021-01-05,PIE,5378,1602,3776,4365,683,45,285,0,0,0,5378,0,ITC,ITC1,1,Piemonte,Piemonte,4356406,378976,8.7,0.12
954,2021-04-02,PIE,19855,8165,11690,863,307,4102,318,13295,92,878,11455,8400,ITC,ITC1,1,Piemonte,Piemonte,4356406,398831,9.16,0.46
955,2021-02-18,PIE,4784,2089,2695,2254,868,1035,624,0,1,2,4354,430,ITC,ITC1,1,Piemonte,Piemonte,4356406,403615,9.26,0.11
956,2020-12-30,PIE,730,322,408,685,45,0,0,0,0,0,730,0,ITC,ITC1,1,Piemonte,Piemonte,4356406,404345,9.28,0.02
957,2021-02-10,PIE,7445,2346,5099,3850,1461,37,2097,0,0,0,1316,6129,ITC,ITC1,1,Piemonte,Piemonte,4356406,411790,9.45,0.17
958,2021-01-31,PIE,4105,1748,2357,3076,636,18,375,0,0,0,112,3993,ITC,ITC1,1,Piemonte,Piemonte,4356406,415895,9.55,0.09
959,2021-03-19,PIE,10751,4394,6357,1093,467,498,429,7993,0,271,4324,6427,ITC,ITC1,1,Piemonte,Piemonte,4356406,426646,9.79,0.25
960,2021-01-10,PIE,5207,2273,2934,3904,765,19,519,0,0,0,5207,0,ITC,ITC1,1,Piemonte,Piemonte,4356406,431853,9.91,0.12
961,2021-03-28,PIE,15999,6881,9118,924,772,2788,34,8899,106,2476,8392,7607,ITC,ITC1,1,Piemonte,Piemonte,4356406,447852,10.28,0.37
962,2020-12-31,PIE,3907,1332,2575,3413,354,6,134,0,0,0,3907,0,ITC,ITC1,1,Piemonte,Piemonte,4356406,451759,10.37,0.09
963,2021-02-07,PIE,3087,974,2113,1648,643,19,777,0,0,0,445,2642,ITC,ITC1,1,Piemonte,Piemonte,4356406,454846,10.44,0.07
964,2021-01-12,PIE,10040,3401,6639,6859,1917,92,1172,0,0,0,10040,0,ITC,ITC1,1,Piemonte,Piemonte,4356406,464886,10.67,0.23
965,2021-03-21,PIE,10368,4533,5835,575,383,1240,9,6846,0,1315,3846,6522,ITC,ITC1,1,Piemonte,Piemonte,4356406,475254,10.91,0.24
966,2021-03-29,PIE,15074,6333,8741,415,326,2431,137,10357,78,1330,8471,6603,ITC,ITC1,1,Piemonte,Piemonte,4356406,490328,11.26,0.35
967,2021-01-08,PIE,5529,1761,3768,4078,971,58,422,0,0,0,5529,0,ITC,ITC1,1,Piemonte,Piemonte,4356406,495857,11.38,0.13
968,2021-04-06,PIE,19982,8677,11305,645,312,7805,260,9557,92,1311,14818,5164,ITC,ITC1,1,Piemonte,Piemonte,4356406,515839,11.84,0.46
969,2021-03-05,PIE,15253,5953,9300,2540,1099,923,654,7665,1,2371,11435,3818,ITC,ITC1,1,Piemonte,Piemonte,4356406,531092,12.19,0.35
970,2021-02-23,PIE,9227,3709,5518,2295,821,570,389,4100,0,1052,8646,581,ITC,ITC1,1,Piemonte,Piemonte,4356406,540319,12.4,0.21
971,2021-03-18,PIE,11729,4795,6934,1462,677,367,342,8863,0,18,4019,7710,ITC,ITC1,1,Piemonte,Piemonte,4356406,552048,12.67,0.27
972,2021-01-21,PIE,6876,2314,4562,4704,826,30,1316,0,0,0,3381,3495,ITC,ITC1,1,Piemonte,Piemonte,4356406,558924,12.83,0.16
973,2021-02-26,PIE,12235,4909,7326,812,377,1068,487,6594,1,2896,11497,738,ITC,ITC1,1,Piemonte,Piemonte,4356406,571159,13.11,0.28
974,2021-01-25,PIE,6209,1938,4271,4782,839,26,562,0,0,0,982,5227,ITC,ITC1,1,Piemonte,Piemonte,4356406,577368,13.25,0.14
975,2021-03-03,PIE,12062,4622,7440,1102,434,594,257,7023,0,2652,11240,822,ITC,ITC1,1,Piemonte,Piemonte,4356406,589430,13.53,0.28
976,2021-01-01,PIE,1038,395,643,922,116,0,0,0,0,0,1038,0,ITC,ITC1,1,Piemonte,Piemonte,4356406,590468,13.55,0.02
977,2021-03-06,PIE,13977,5205,8772,2261,771,358,462,7431,0,2694,11188,2789,ITC,ITC1,1,Piemonte,Piemonte,4356406,604445,13.87,0.32
978,2021-04-04,PIE,9235,4049,5186,197,72,4446,0,4220,6,294,6522,2713,ITC,ITC1,1,Piemonte,Piemonte,4356406,613680,14.09,0.21
979,2021-03-16,PIE,10515,4265,6250,2229,799,360,322,6792,0,13,4460,6055,ITC,ITC1,1,Piemonte,Piemonte,4356406,624195,14.33,0.24
980,2020-12-27,PIE,912,368,544,760,65,11,76,0,0,0,912,0,ITC,ITC1,1,Piemonte,Piemonte,4356406,625107,14.35,0.02
981,2021-01-22,PIE,3864,1248,2616,2280,609,41,934,0,0,0,2523,1341,ITC,ITC1,1,Piemonte,Piemonte,4356406,628971,14.44,0.09
982,2021-03-12,PIE,13886,5149,8737,2142,854,484,470,7600,63,2273,10952,2934,ITC,ITC1,1,Piemonte,Piemonte,4356406,642857,14.76,0.32
983,2021-03-10,PIE,13469,5083,8386,1663,732,641,279,7934,0,2220,11175,2294,ITC,ITC1,1,Piemonte,Piemonte,4356406,656326,15.07,0.31
984,2021-01-13,PIE,10078,3222,6856,6484,2039,226,1329,0,0,0,10078,0,ITC,ITC1,1,Piemonte,Piemonte,4356406,666404,15.3,0.23
985,2021-03-30,PIE,16764,6961,9803,781,353,2154,284,12097,101,994,8900,7864,ITC,ITC1,1,Piemonte,Piemonte,4356406,683168,15.68,0.38
986,2020-12-28,PIE,1,1,0,1,0,0,0,0,0,0,1,0,ITC,ITC1,1,Piemonte,Piemonte,4356406,683169,15.68,0.0
987,2021-01-30,PIE,5978,2135,3843,4367,1049,67,495,0,0,0,218,5760,ITC,ITC1,1,Piemonte,Piemonte,4356406,689147,15.82,0.14
988,2021-02-06,PIE,7982,2664,5318,5100,1528,104,1250,0,0,0,400,7582,ITC,ITC1,1,Piemonte,Piemonte,4356406,697129,16.0,0.18
989,2021-04-10,PIE,9850,4359,5491,467,166,4439,16,4723,9,30,7430,2420,ITC,ITC1,1,Piemonte,Piemonte,4356406,706979,16.23,0.23
990,2021-03-22,PIE,10975,4616,6359,870,458,725,182,7518,0,1222,3753,7222,ITC,ITC1,1,Piemonte,Piemonte,4356406,717954,16.48,0.25
991,2021-03-04,PIE,14473,5725,8748,2187,872,1092,609,7523,0,2190,11518,2955,ITC,ITC1,1,Piemonte,Piemonte,4356406,732427,16.81,0.33
992,2021-03-24,PIE,15426,6317,9109,1068,502,1017,478,11489,37,835,6299,9127,ITC,ITC1,1,Piemonte,Piemonte,4356406,747853,17.17,0.35
993,2021-03-23,PIE,12946,5375,7571,688,325,1156,222,9223,0,1332,6709,6237,ITC,ITC1,1,Piemonte,Piemonte,4356406,760799,17.46,0.3
994,2021-01-02,PIE,3540,1134,2406,3073,336,78,53,0,0,0,3540,0,ITC,ITC1,1,Piemonte,Piemonte,4356406,764339,17.55,0.08
995,2021-01-24,PIE,3150,957,2193,2632,344,28,146,0,0,0,434,2716,ITC,ITC1,1,Piemonte,Piemonte,4356406,767489,17.62,0.07
996,2021-04-09,PIE,24550,10771,13779,1195,438,11804,223,10821,24,45,20078,4472,ITC,ITC1,1,Piemonte,Piemonte,4356406,792039,18.18,0.56
997,2021-01-15,PIE,8963,2952,6011,5495,1860,64,1544,0,0,0,8963,0,ITC,ITC1,1,Piemonte,Piemonte,4356406,801002,18.39,0.21
998,2021-04-07,PIE,23148,9768,13380,940,339,8735,255,12292,55,532,17707,5441,ITC,ITC1,1,Piemonte,Piemonte,4356406,824150,18.92,0.53
999,2021-01-28,PIE,5588,1809,3779,4118,829,50,590,1,0,0,384,5204,ITC,ITC1,1,Piemonte,Piemonte,4356406,829738,19.05,0.13
1000,2021-01-11,PIE,8740,2980,5760,6053,1484,77,1126,0,0,0,8740,0,ITC,ITC1,1,Piemonte,Piemonte,4356406,838478,19.25,0.2
1001,2021-02-02,PIE,10232,3504,6728,6867,1979,69,1317,0,0,0,814,9418,ITC,ITC1,1,Piemonte,Piemonte,4356406,848710,19.48,0.23
1002,2021-02-25,PIE,12199,5244,6955,1439,592,1484,405,6320,1,1958,11651,548,ITC,ITC1,1,Piemonte,Piemonte,4356406,860909,19.76,0.28
1003,2021-02-11,PIE,6761,2106,4655,3421,1136,191,2010,0,0,3,3004,3757,ITC,ITC1,1,Piemonte,Piemonte,4356406,867670,19.92,0.16
1004,2021-03-02,PIE,11137,4477,6660,904,316,812,215,6388,0,2502,10320,817,ITC,ITC1,1,Piemonte,Piemonte,4356406,878807,20.17,0.26
1005,2021-03-07,PIE,11961,4652,7309,1322,727,419,111,7333,0,2049,11080,881,ITC,ITC1,1,Piemonte,Piemonte,4356406,890768,20.45,0.27
1006,2021-01-14,PIE,9761,3150,6611,6175,2006,96,1484,0,0,0,9761,0,ITC,ITC1,1,Piemonte,Piemonte,4356406,900529,20.67,0.22
1007,2021-03-25,PIE,16983,7171,9812,1031,509,1335,624,11933,179,1372,8349,8634,ITC,ITC1,1,Piemonte,Piemonte,4356406,917512,21.06,0.39
1008,2021-01-23,PIE,4254,1325,2929,3206,453,75,520,0,0,0,878,3376,ITC,ITC1,1,Piemonte,Piemonte,4356406,921766,21.16,0.1
1009,2021-03-13,PIE,13021,4711,8310,1169,504,511,157,8544,0,2136,11578,1443,ITC,ITC1,1,Piemonte,Piemonte,4356406,934787,21.46,0.3
1010,2021-04-03,PIE,19309,8053,11256,306,137,4793,76,13404,55,538,10764,8545,ITC,ITC1,1,Piemonte,Piemonte,4356406,954096,21.9,0.44
1011,2021-02-22,PIE,8463,3464,4999,1703,800,639,512,3889,0,920,7873,590,ITC,ITC1,1,Piemonte,Piemonte,4356406,962559,22.1,0.19
1012,2021-02-28,PIE,10804,4055,6749,642,344,167,53,6813,0,2785,10564,240,ITC,ITC1,1,Piemonte,Piemonte,4356406,973363,22.34,0.25
1013,2021-02-08,PIE,6914,2355,4559,3784,1480,78,1572,0,0,0,666,6248,ITC,ITC1,1,Piemonte,Piemonte,4356406,980277,22.5,0.16
1014,2021-03-15,PIE,10628,4148,6480,1716,924,579,230,5715,0,1464,5014,5614,ITC,ITC1,1,Piemonte,Piemonte,4356406,990905,22.75,0.24
1015,2021-02-21,PIE,5086,2080,3006,686,189,75,47,3352,0,737,4983,103,ITC,ITC1,1,Piemonte,Piemonte,4356406,995991,22.86,0.12
1016,2020-12-27,CAM,720,422,298,703,14,3,0,0,0,0,720,0,ITF,ITF3,15,Campania,Campania,5801692,720,0.01,0.01
1017,2021-01-18,CAM,957,399,558,576,93,101,187,0,0,0,713,244,ITF,ITF3,15,Campania,Campania,5801692,1677,0.03,0.02
1018,2021-03-13,CAM,14255,6793,7462,404,82,1879,193,6614,1397,3686,8970,5285,ITF,ITF3,15,Campania,Campania,5801692,15932,0.27,0.25
1019,2021-02-22,CAM,10661,3291,7370,544,46,492,141,3896,0,5542,10398,263,ITF,ITF3,15,Campania,Campania,5801692,26593,0.46,0.18
1020,2021-01-06,CAM,7652,3749,3903,5781,838,733,300,0,0,0,7652,0,ITF,ITF3,15,Campania,Campania,5801692,34245,0.59,0.13
1021,2021-03-16,CAM,8087,3519,4568,289,53,679,60,6869,23,114,3772,4315,ITF,ITF3,15,Campania,Campania,5801692,42332,0.73,0.14
1022,2021-04-03,CAM,21133,10322,10811,203,46,15490,186,4491,159,558,18759,2374,ITF,ITF3,15,Campania,Campania,5801692,63465,1.09,0.36
1023,2021-03-12,CAM,14245,7094,7151,1022,151,2028,82,6592,1569,2801,8164,6081,ITF,ITF3,15,Campania,Campania,5801692,77710,1.34,0.25
1024,2021-02-08,CAM,5112,2449,2663,1387,320,1801,226,1378,0,0,4310,802,ITF,ITF3,15,Campania,Campania,5801692,82822,1.43,0.09
1025,2021-04-10,CAM,10983,5259,5724,128,14,7760,40,2672,54,315,8241,2742,ITF,ITF3,15,Campania,Campania,5801692,93805,1.62,0.19
1026,2021-04-04,CAM,7942,4002,3940,177,24,5623,6,1985,54,73,6898,1044,ITF,ITF3,15,Campania,Campania,5801692,101747,1.75,0.14
1027,2021-01-12,CAM,5214,2563,2651,3439,722,713,340,0,0,0,5214,0,ITF,ITF3,15,Campania,Campania,5801692,106961,1.84,0.09
1028,2021-04-02,CAM,21767,10418,11349,263,43,16024,105,3984,285,1063,19449,2318,ITF,ITF3,15,Campania,Campania,5801692,128728,2.22,0.38
1029,2021-01-16,CAM,3369,1675,1694,1355,230,1411,373,0,0,0,3369,0,ITF,ITF3,15,Campania,Campania,5801692,132097,2.28,0.06
1030,2021-04-01,CAM,24307,11668,12639,418,50,14919,83,7006,206,1625,20174,4133,ITF,ITF3,15,Campania,Campania,5801692,156404,2.7,0.42
1031,2021-01-29,CAM,10052,4812,5240,6405,1052,2336,259,0,0,0,47,10005,ITF,ITF3,15,Campania,Campania,5801692,166456,2.87,0.17
1032,2021-02-19,CAM,9556,3557,5999,1663,141,943,161,4455,0,2193,8906,650,ITF,ITF3,15,Campania,Campania,5801692,176012,3.03,0.16
1033,2021-01-01,CAM,919,506,413,831,85,3,0,0,0,0,919,0,ITF,ITF3,15,Campania,Campania,5801692,176931,3.05,0.02
1034,2021-03-26,CAM,19454,8929,10525,363,36,9425,142,7621,232,1635,15644,3810,ITF,ITF3,15,Campania,Campania,5801692,196385,3.38,0.34
1035,2021-02-20,CAM,8565,3079,5486,1023,60,788,145,4582,0,1967,8262,303,ITF,ITF3,15,Campania,Campania,5801692,204950,3.53,0.15
1036,2021-02-11,CAM,6279,2705,3574,1862,279,1646,129,2363,0,0,6213,66,ITF,ITF3,15,Campania,Campania,5801692,211229,3.64,0.11
1037,2021-02-17,CAM,7388,3210,4178,1013,197,870,38,4908,0,362,6328,1060,ITF,ITF3,15,Campania,Campania,5801692,218617,3.77,0.13
1038,2021-01-09,CAM,10566,5024,5542,6759,1256,2282,269,0,0,0,10566,0,ITF,ITF3,15,Campania,Campania,5801692,229183,3.95,0.18
1039,2021-02-16,CAM,5435,2410,3025,983,272,836,169,3174,0,1,4664,771,ITF,ITF3,15,Campania,Campania,5801692,234618,4.04,0.09
1040,2021-01-25,CAM,5744,2926,2818,4743,644,301,56,0,0,0,164,5580,ITF,ITF3,15,Campania,Campania,5801692,240362,4.14,0.1
1041,2021-02-27,CAM,13943,4471,9472,825,285,1280,82,3160,0,8311,12301,1642,ITF,ITF3,15,Campania,Campania,5801692,254305,4.38,0.24
1042,2021-02-18,CAM,9079,3811,5268,1752,228,1033,88,5540,0,438,8371,708,ITF,ITF3,15,Campania,Campania,5801692,263384,4.54,0.16
1043,2021-01-08,CAM,10456,4969,5487,6715,1147,2382,212,0,0,0,10456,0,ITF,ITF3,15,Campania,Campania,5801692,273840,4.72,0.18
1044,2021-01-26,CAM,7340,3726,3614,5775,847,487,231,0,0,0,352,6988,ITF,ITF3,15,Campania,Campania,5801692,281180,4.85,0.13
1045,2021-02-14,CAM,3924,1921,2003,626,84,736,15,2463,0,0,3890,34,ITF,ITF3,15,Campania,Campania,5801692,285104,4.91,0.07
1046,2021-03-14,CAM,8506,3722,4784,328,97,666,2,4545,850,2018,4368,4138,ITF,ITF3,15,Campania,Campania,5801692,293610,5.06,0.15
1047,2021-02-25,CAM,12422,4479,7943,803,119,907,124,5664,0,4805,11234,1188,ITF,ITF3,15,Campania,Campania,5801692,306032,5.27,0.21
1048,2021-01-14,CAM,7073,2977,4096,3707,1264,1752,350,0,0,0,7073,0,ITF,ITF3,15,Campania,Campania,5801692,313105,5.4,0.12
1049,2021-03-27,CAM,21235,10017,11218,356,35,11581,63,7098,146,1956,17372,3863,ITF,ITF3,15,Campania,Campania,5801692,334340,5.76,0.37
1050,2021-03-22,CAM,12744,5921,6823,309,755,5169,71,3500,469,2471,10706,2038,ITF,ITF3,15,Campania,Campania,5801692,347084,5.98,0.22
1051,2021-03-17,CAM,11585,5096,6489,490,123,748,49,10005,33,137,5006,6579,ITF,ITF3,15,Campania,Campania,5801692,358669,6.18,0.2
1052,2021-03-01,CAM,12122,4245,7877,1153,306,1665,147,3065,0,5786,8011,4111,ITF,ITF3,15,Campania,Campania,5801692,370791,6.39,0.21
1053,2021-02-04,CAM,7943,3429,4514,3965,1245,2440,292,1,0,0,1308,6635,ITF,ITF3,15,Campania,Campania,5801692,378734,6.53,0.14
1054,2021-03-31,CAM,22706,10904,11802,359,35,15751,114,5149,134,1164,19227,3479,ITF,ITF3,15,Campania,Campania,5801692,401440,6.92,0.39
1055,2021-03-02,CAM,12745,4550,8195,1294,193,1978,147,3232,2,5899,8401,4344,ITF,ITF3,15,Campania,Campania,5801692,414185,7.14,0.22
1056,2021-01-23,CAM,3838,2028,1810,3161,343,265,69,0,0,0,273,3565,ITF,ITF3,15,Campania,Campania,5801692,418023,7.21,0.07
1057,2021-02-10,CAM,6904,3413,3491,1945,284,2419,98,2158,0,0,6728,176,ITF,ITF3,15,Campania,Campania,5801692,424927,7.32,0.12
1058,2021-02-09,CAM,4643,2202,2441,1148,178,1973,6,1338,0,0,4391,252,ITF,ITF3,15,Campania,Campania,5801692,429570,7.4,0.08
1059,2021-02-07,CAM,2929,1382,1547,706,189,1519,225,290,0,0,2158,771,ITF,ITF3,15,Campania,Campania,5801692,432499,7.45,0.05
1060,2020-12-31,CAM,1490,811,679,1273,150,66,1,0,0,0,1490,0,ITF,ITF3,15,Campania,Campania,5801692,433989,7.48,0.03
1061,2021-03-20,CAM,13895,6433,7462,295,35,3812,35,6510,324,2884,10156,3739,ITF,ITF3,15,Campania,Campania,5801692,447884,7.72,0.24
1062,2021-02-15,CAM,5469,2515,2954,987,220,771,94,3395,1,1,5296,173,ITF,ITF3,15,Campania,Campania,5801692,453353,7.81,0.09
1063,2021-03-28,CAM,15547,7496,8051,79,155,9389,18,5103,124,679,13924,1623,ITF,ITF3,15,Campania,Campania,5801692,468900,8.08,0.27
1064,2021-02-24,CAM,11763,4143,7620,845,192,436,141,5960,0,4189,11075,688,ITF,ITF3,15,Campania,Campania,5801692,480663,8.28,0.2
1065,2021-02-21,CAM,5833,2239,3594,780,44,609,22,3870,0,508,5608,225,ITF,ITF3,15,Campania,Campania,5801692,486496,8.39,0.1
1066,2021-01-17,CAM,1155,551,604,718,54,232,151,0,0,0,702,453,ITF,ITF3,15,Campania,Campania,5801692,487651,8.41,0.02
1067,2021-02-01,CAM,3985,1813,2172,2504,656,673,152,0,0,0,110,3875,ITF,ITF3,15,Campania,Campania,5801692,491636,8.47,0.07
1068,2021-01-02,CAM,3673,1962,1711,3167,340,166,0,0,0,0,3673,0,ITF,ITF3,15,Campania,Campania,5801692,495309,8.54,0.06
1069,2021-01-20,CAM,1257,650,607,395,146,615,101,0,0,0,1257,0,ITF,ITF3,15,Campania,Campania,5801692,496566,8.56,0.02
1070,2021-03-09,CAM,13839,6619,7220,797,266,2762,184,4495,1148,4187,10058,3781,ITF,ITF3,15,Campania,Campania,5801692,510405,8.8,0.24
1071,2021-04-05,CAM,11639,5541,6098,141,19,8113,6,2882,46,432,9218,2421,ITF,ITF3,15,Campania,Campania,5801692,522044,9.0,0.2
1072,2021-01-27,CAM,7737,3820,3917,5838,875,754,270,0,0,0,162,7575,ITF,ITF3,15,Campania,Campania,5801692,529781,9.13,0.13
1073,2021-03-19,CAM,11030,4868,6162,392,67,1215,21,8437,45,853,7161,3869,ITF,ITF3,15,Campania,Campania,5801692,540811,9.32,0.19
1074,2021-04-06,CAM,24341,11408,12933,302,107,16786,123,5363,105,1555,19826,4515,ITF,ITF3,15,Campania,Campania,5801692,565152,9.74,0.42
1075,2021-02-28,CAM,10411,3206,7205,496,113,2047,22,2237,0,5496,8511,1900,ITF,ITF3,15,Campania,Campania,5801692,575563,9.92,0.18
1076,2021-01-21,CAM,2093,1116,977,1379,153,486,75,0,0,0,677,1416,ITF,ITF3,15,Campania,Campania,5801692,577656,9.96,0.04
1077,2021-03-29,CAM,18952,9135,9817,362,49,12016,128,5040,153,1204,17408,1544,ITF,ITF3,15,Campania,Campania,5801692,596608,10.28,0.33
1078,2021-02-26,CAM,13327,4228,9099,951,125,798,220,3403,1,7829,11992,1335,ITF,ITF3,15,Campania,Campania,5801692,609935,10.51,0.23
1079,2021-03-18,CAM,12164,5376,6788,460,76,1097,34,9962,76,459,5975,6189,ITF,ITF3,15,Campania,Campania,5801692,622099,10.72,0.21
1080,2021-03-05,CAM,16473,6346,10127,1681,224,2364,64,6349,4,5787,9814,6659,ITF,ITF3,15,Campania,Campania,5801692,638572,11.01,0.28
1081,2021-01-07,CAM,8910,4166,4744,6313,1087,1178,332,0,0,0,8910,0,ITF,ITF3,15,Campania,Campania,5801692,647482,11.16,0.15
1082,2021-03-06,CAM,16298,6748,9550,993,133,1359,172,7128,1027,5486,10631,5667,ITF,ITF3,15,Campania,Campania,5801692,663780,11.44,0.28
1083,2021-03-03,CAM,13918,5494,8424,2088,234,2459,156,4746,3,4232,7289,6629,ITF,ITF3,15,Campania,Campania,5801692,677698,11.68,0.24
1084,2021-03-10,CAM,15240,7374,7866,704,240,2311,26,8433,1058,2468,8411,6829,ITF,ITF3,15,Campania,Campania,5801692,692938,11.94,0.26
1085,2021-03-21,CAM,9979,4592,5387,168,27,4971,17,2933,188,1675,7590,2389,ITF,ITF3,15,Campania,Campania,5801692,702917,12.12,0.17
1086,2021-03-08,CAM,14536,6715,7821,888,245,2179,70,4863,1334,4957,9760,4776,ITF,ITF3,15,Campania,Campania,5801692,717453,12.37,0.25
1087,2021-02-23,CAM,10988,3383,7605,520,85,401,289,3755,0,5938,10462,526,ITF,ITF3,15,Campania,Campania,5801692,728441,12.56,0.19
1088,2021-02-12,CAM,6529,2861,3668,1886,262,1111,208,3058,0,4,6343,186,ITF,ITF3,15,Campania,Campania,5801692,734970,12.67,0.11
1089,2021-01-22,CAM,1523,775,748,970,120,224,209,0,0,0,673,850,ITF,ITF3,15,Campania,Campania,5801692,736493,12.69,0.03
1090,2021-01-19,CAM,1095,474,621,534,129,261,171,0,0,0,1092,3,ITF,ITF3,15,Campania,Campania,5801692,737588,12.71,0.02
1091,2021-03-11,CAM,17573,8666,8907,1048,254,3013,105,8933,1384,2836,10297,7276,ITF,ITF3,15,Campania,Campania,5801692,755161,13.02,0.3
1092,2021-01-28,CAM,8833,4122,4711,6216,1094,1176,347,0,0,0,135,8698,ITF,ITF3,15,Campania,Campania,5801692,763994,13.17,0.15
1093,2021-02-02,CAM,5722,2804,2918,3640,828,900,354,0,0,0,443,5279,ITF,ITF3,15,Campania,Campania,5801692,769716,13.27,0.1
1094,2021-01-04,CAM,5826,2963,2863,4850,679,297,0,0,0,0,5826,0,ITF,ITF3,15,Campania,Campania,5801692,775542,13.37,0.1
1095,2021-03-15,CAM,12899,6079,6820,800,131,2535,82,6279,511,2561,8198,4701,ITF,ITF3,15,Campania,Campania,5801692,788441,13.59,0.22
1096,2021-02-03,CAM,8902,4002,4900,4736,1101,2350,714,1,0,0,878,8024,ITF,ITF3,15,Campania,Campania,5801692,797343,13.74,0.15
1097,2021-04-09,CAM,29745,13922,15823,259,42,21032,38,7289,128,957,23630,6115,ITF,ITF3,15,Campania,Campania,5801692,827088,14.26,0.51
1098,2021-04-08,CAM,28227,13619,14608,282,62,19439,58,7176,169,1041,22394,5833,ITF,ITF3,15,Campania,Campania,5801692,855315,14.74,0.49
1099,2021-01-15,CAM,4980,2381,2599,2740,832,1217,191,0,0,0,4980,0,ITF,ITF3,15,Campania,Campania,5801692,860295,14.83,0.09
1100,2021-03-30,CAM,21671,10258,11413,278,45,13530,165,5648,170,1835,18716,2955,ITF,ITF3,15,Campania,Campania,5801692,881966,15.2,0.37
1101,2021-01-13,CAM,8019,3665,4354,4350,1031,2051,587,0,0,0,8019,0,ITF,ITF3,15,Campania,Campania,5801692,889985,15.34,0.14
1102,2021-01-03,CAM,3837,2009,1828,3191,401,245,0,0,0,0,3837,0,ITF,ITF3,15,Campania,Campania,5801692,893822,15.41,0.07
1103,2021-03-07,CAM,11911,5344,6567,533,109,1302,85,4019,1512,4351,8070,3841,ITF,ITF3,15,Campania,Campania,5801692,905733,15.61,0.21
1104,2021-02-06,CAM,5341,2665,2676,1990,520,2357,459,15,0,0,2103,3238,ITF,ITF3,15,Campania,Campania,5801692,911074,15.7,0.09
1105,2021-01-10,CAM,8165,3736,4429,5179,1010,1879,97,0,0,0,8165,0,ITF,ITF3,15,Campania,Campania,5801692,919239,15.84,0.14
1106,2021-02-05,CAM,7261,3463,3798,3447,995,2502,308,9,0,0,2132,5129,ITF,ITF3,15,Campania,Campania,5801692,926500,15.97,0.13
1107,2021-01-05,CAM,7237,3638,3599,5810,923,398,106,0,0,0,7237,0,ITF,ITF3,15,Campania,Campania,5801692,933737,16.09,0.12
1108,2021-01-30,CAM,10721,5079,5642,6930,1278,2286,227,0,0,0,39,10682,ITF,ITF3,15,Campania,Campania,5801692,944458,16.28,0.18
1109,2021-01-11,CAM,4072,1871,2201,2386,681,753,252,0,0,0,4072,0,ITF,ITF3,15,Campania,Campania,5801692,948530,16.35,0.07
1110,2021-03-04,CAM,14649,5348,9301,1901,289,1923,136,5562,1,4837,8756,5893,ITF,ITF3,15,Campania,Campania,5801692,963179,16.6,0.25
1111,2021-03-23,CAM,15334,7058,8276,359,488,6023,181,4730,260,3293,12829,2505,ITF,ITF3,15,Campania,Campania,5801692,978513,16.87,0.26
1112,2021-03-24,CAM,17618,8081,9537,410,71,7675,70,6718,232,2442,14667,2951,ITF,ITF3,15,Campania,Campania,5801692,996131,17.17,0.3
1113,2021-01-24,CAM,4128,2123,2005,3140,410,412,166,0,0,0,383,3745,ITF,ITF3,15,Campania,Campania,5801692,1000259,17.24,0.07
1114,2021-03-25,CAM,19994,9339,10655,308,38,9538,8,7448,170,2484,16491,3503,ITF,ITF3,15,Campania,Campania,5801692,1020253,17.59,0.34
1115,2021-01-31,CAM,8066,3711,4355,5106,1012,1881,67,0,0,0,23,8043,ITF,ITF3,15,Campania,Campania,5801692,1028319,17.72,0.14
1116,2021-04-07,CAM,24732,11771,12961,348,42,16414,62,6616,207,1043,20010,4722,ITF,ITF3,15,Campania,Campania,5801692,1053051,18.15,0.43
1117,2021-02-13,CAM,5509,2550,2959,960,99,701,131,3616,0,2,5292,217,ITF,ITF3,15,Campania,Campania,5801692,1058560,18.25,0.09
1118,2021-01-21,BAS,30,10,20,0,0,30,0,0,0,0,30,0,ITF,ITF5,17,Basilicata,Basilicata,559084,30,0.01,0.01
1119,2021-01-29,BAS,612,228,384,397,38,107,70,0,0,0,63,549,ITF,ITF5,17,Basilicata,Basilicata,559084,642,0.11,0.11
1120,2021-03-28,BAS,2141,742,1399,92,0,72,1,1264,1,711,2121,20,ITF,ITF5,17,Basilicata,Basilicata,559084,2783,0.5,0.38
1121,2021-02-24,BAS,1803,743,1060,85,9,20,2,1686,1,0,1734,69,ITF,ITF5,17,Basilicata,Basilicata,559084,4586,0.82,0.32
1122,2021-03-20,BAS,1286,566,720,45,68,47,0,943,5,178,275,1011,ITF,ITF5,17,Basilicata,Basilicata,559084,5872,1.05,0.23
1123,2021-04-06,BAS,1397,478,919,205,0,234,1,343,26,588,1201,196,ITF,ITF5,17,Basilicata,Basilicata,559084,7269,1.3,0.25
1124,2021-02-23,BAS,1901,771,1130,159,24,25,35,1658,0,0,1763,138,ITF,ITF5,17,Basilicata,Basilicata,559084,9170,1.64,0.34
1125,2021-02-26,BAS,2148,904,1244,88,93,12,1,1954,0,0,2069,79,ITF,ITF5,17,Basilicata,Basilicata,559084,11318,2.02,0.38
1126,2021-01-25,BAS,1020,427,593,828,80,111,1,0,0,0,74,946,ITF,ITF5,17,Basilicata,Basilicata,559084,12338,2.21,0.18
1127,2021-02-07,BAS,373,159,214,259,25,49,40,0,0,0,49,324,ITF,ITF5,17,Basilicata,Basilicata,559084,12711,2.27,0.07
1128,2021-01-17,BAS,328,133,195,233,11,30,54,0,0,0,327,1,ITF,ITF5,17,Basilicata,Basilicata,559084,13039,2.33,0.06
1129,2021-03-19,BAS,2284,988,1296,58,75,37,0,1950,22,142,261,2023,ITF,ITF5,17,Basilicata,Basilicata,559084,15323,2.74,0.41
1130,2021-03-21,BAS,1045,480,565,32,0,51,0,803,0,159,352,693,ITF,ITF5,17,Basilicata,Basilicata,559084,16368,2.93,0.19
1131,2021-03-05,BAS,1849,855,994,298,123,104,72,689,254,309,1104,745,ITF,ITF5,17,Basilicata,Basilicata,559084,18217,3.26,0.33
1132,2021-01-07,BAS,640,319,321,556,8,47,29,0,0,0,640,0,ITF,ITF5,17,Basilicata,Basilicata,559084,18857,3.37,0.11
1133,2021-03-10,BAS,1650,814,836,101,46,64,33,877,256,273,811,839,ITF,ITF5,17,Basilicata,Basilicata,559084,20507,3.67,0.3
1134,2021-01-26,BAS,793,350,443,622,70,66,35,0,0,0,101,692,ITF,ITF5,17,Basilicata,Basilicata,559084,21300,3.81,0.14
1135,2021-01-31,BAS,77,24,53,75,2,0,0,0,0,0,0,77,ITF,ITF5,17,Basilicata,Basilicata,559084,21377,3.82,0.01
1136,2021-03-08,BAS,1450,707,743,221,126,126,38,410,256,273,840,610,ITF,ITF5,17,Basilicata,Basilicata,559084,22827,4.08,0.26
1137,2021-02-10,BAS,547,237,310,176,95,58,127,90,0,1,495,52,ITF,ITF5,17,Basilicata,Basilicata,559084,23374,4.18,0.1
1138,2021-03-27,BAS,2024,747,1277,17,0,99,0,1530,0,378,1710,314,ITF,ITF5,17,Basilicata,Basilicata,559084,25398,4.54,0.36
1139,2021-03-03,BAS,1740,813,927,191,252,161,99,590,203,244,1184,556,ITF,ITF5,17,Basilicata,Basilicata,559084,27138,4.85,0.31
1140,2021-04-04,BAS,543,215,328,9,0,40,0,406,0,88,130,413,ITF,ITF5,17,Basilicata,Basilicata,559084,27681,4.95,0.1
1141,2021-03-06,BAS,1350,534,816,296,118,52,57,383,185,259,756,594,ITF,ITF5,17,Basilicata,Basilicata,559084,29031,5.19,0.24
1142,2021-01-22,BAS,67,24,43,6,0,60,0,1,0,0,67,0,ITF,ITF5,17,Basilicata,Basilicata,559084,29098,5.2,0.01
1143,2020-12-27,BAS,106,41,65,104,0,2,0,0,0,0,106,0,ITF,ITF5,17,Basilicata,Basilicata,559084,29204,5.22,0.02
1144,2021-01-27,BAS,411,175,236,299,16,70,26,0,0,0,113,298,ITF,ITF5,17,Basilicata,Basilicata,559084,29615,5.3,0.07
1145,2021-01-02,BAS,949,380,569,855,39,52,0,0,0,3,949,0,ITF,ITF5,17,Basilicata,Basilicata,559084,30564,5.47,0.17
1146,2021-03-25,BAS,1716,574,1142,38,0,110,0,910,22,636,1404,312,ITF,ITF5,17,Basilicata,Basilicata,559084,32280,5.77,0.31
1147,2021-03-16,BAS,1899,799,1100,103,27,31,0,1671,5,62,228,1671,ITF,ITF5,17,Basilicata,Basilicata,559084,34179,6.11,0.34
1148,2021-01-09,BAS,557,160,397,386,52,51,67,0,0,1,557,0,ITF,ITF5,17,Basilicata,Basilicata,559084,34736,6.21,0.1
1149,2021-02-15,BAS,621,232,389,191,93,44,46,246,1,0,580,41,ITF,ITF5,17,Basilicata,Basilicata,559084,35357,6.32,0.11
1150,2021-03-13,BAS,1794,888,906,82,292,66,46,864,231,213,749,1045,ITF,ITF5,17,Basilicata,Basilicata,559084,37151,6.64,0.32
1151,2021-02-09,BAS,491,213,278,200,225,12,54,0,0,0,316,175,ITF,ITF5,17,Basilicata,Basilicata,559084,37642,6.73,0.09
1152,2021-03-04,BAS,1872,889,983,217,107,136,66,842,263,241,1079,793,ITF,ITF5,17,Basilicata,Basilicata,559084,39514,7.07,0.33
1153,2021-02-20,BAS,1160,530,630,77,170,31,80,802,0,0,1043,117,ITF,ITF5,17,Basilicata,Basilicata,559084,40674,7.28,0.21
1154,2021-04-05,BAS,437,166,271,2,0,25,0,338,1,71,135,302,ITF,ITF5,17,Basilicata,Basilicata,559084,41111,7.35,0.08
1155,2021-01-05,BAS,945,409,536,861,38,46,0,0,0,0,945,0,ITF,ITF5,17,Basilicata,Basilicata,559084,42056,7.52,0.17
1156,2021-01-20,BAS,84,22,62,0,0,84,0,0,0,0,84,0,ITF,ITF5,17,Basilicata,Basilicata,559084,42140,7.54,0.02
1157,2021-03-09,BAS,1391,706,685,222,47,48,33,545,258,238,787,604,ITF,ITF5,17,Basilicata,Basilicata,559084,43531,7.79,0.25
1158,2021-03-23,BAS,1189,490,699,48,0,30,0,814,20,277,1082,107,ITF,ITF5,17,Basilicata,Basilicata,559084,44720,8.0,0.21
1159,2021-02-14,BAS,151,48,103,55,12,1,65,18,0,0,151,0,ITF,ITF5,17,Basilicata,Basilicata,559084,44871,8.03,0.03
1160,2021-02-19,BAS,1622,737,885,219,356,19,66,962,0,0,1560,62,ITF,ITF5,17,Basilicata,Basilicata,559084,46493,8.32,0.29
1161,2021-03-26,BAS,1884,688,1196,194,0,64,0,1150,1,475,1622,262,ITF,ITF5,17,Basilicata,Basilicata,559084,48377,8.65,0.34
1162,2021-01-08,BAS,554,219,335,383,30,82,59,0,0,0,554,0,ITF,ITF5,17,Basilicata,Basilicata,559084,48931,8.75,0.1
1163,2021-02-01,BAS,242,91,151,156,24,14,48,0,0,0,46,196,ITF,ITF5,17,Basilicata,Basilicata,559084,49173,8.8,0.04
1164,2021-01-04,BAS,607,271,336,550,45,10,0,0,0,2,607,0,ITF,ITF5,17,Basilicata,Basilicata,559084,49780,8.9,0.11
1165,2021-04-03,BAS,1805,751,1054,39,1,343,0,1104,4,314,1469,336,ITF,ITF5,17,Basilicata,Basilicata,559084,51585,9.23,0.32
1166,2021-03-29,BAS,2682,986,1696,70,0,154,0,1780,4,674,2342,340,ITF,ITF5,17,Basilicata,Basilicata,559084,54267,9.71,0.48
1167,2021-04-01,BAS,2825,1145,1680,79,0,273,0,2174,11,288,2111,714,ITF,ITF5,17,Basilicata,Basilicata,559084,57092,10.21,0.51
1168,2021-01-16,BAS,721,304,417,466,17,75,161,0,0,2,721,0,ITF,ITF5,17,Basilicata,Basilicata,559084,57813,10.34,0.13
1169,2021-03-15,BAS,2347,981,1366,78,26,20,0,1934,23,266,520,1827,ITF,ITF5,17,Basilicata,Basilicata,559084,60160,10.76,0.42
1170,2021-03-12,BAS,1896,975,921,266,61,48,37,985,241,258,798,1098,ITF,ITF5,17,Basilicata,Basilicata,559084,62056,11.1,0.34
1171,2021-01-19,BAS,199,84,115,78,48,29,44,0,0,0,199,0,ITF,ITF5,17,Basilicata,Basilicata,559084,62255,11.14,0.04
1172,2021-03-14,BAS,1008,477,531,41,110,13,8,516,71,249,539,469,ITF,ITF5,17,Basilicata,Basilicata,559084,63263,11.32,0.18
1173,2021-02-12,BAS,775,332,443,288,138,63,90,190,6,0,744,31,ITF,ITF5,17,Basilicata,Basilicata,559084,64038,11.45,0.14
1174,2021-03-17,BAS,1448,606,842,22,11,18,0,1390,5,2,27,1421,ITF,ITF5,17,Basilicata,Basilicata,559084,65486,11.71,0.26
1175,2021-02-16,BAS,905,377,528,250,90,5,67,492,1,0,807,98,ITF,ITF5,17,Basilicata,Basilicata,559084,66391,11.87,0.16
1176,2021-02-27,BAS,1986,856,1130,103,123,61,21,1678,0,0,1822,164,ITF,ITF5,17,Basilicata,Basilicata,559084,68377,12.23,0.36
1177,2021-02-17,BAS,1135,493,642,123,42,27,57,884,1,1,1059,76,ITF,ITF5,17,Basilicata,Basilicata,559084,69512,12.43,0.2
1178,2021-02-04,BAS,1092,440,652,636,106,69,281,0,0,0,63,1029,ITF,ITF5,17,Basilicata,Basilicata,559084,70604,12.63,0.2
1179,2021-03-31,BAS,3238,1288,1950,68,0,257,0,2664,18,231,2454,784,ITF,ITF5,17,Basilicata,Basilicata,559084,73842,13.21,0.58
1180,2021-01-06,BAS,294,129,165,229,9,20,36,0,0,0,294,0,ITF,ITF5,17,Basilicata,Basilicata,559084,74136,13.26,0.05
1181,2021-03-01,BAS,540,279,261,121,50,79,4,169,67,50,376,164,ITF,ITF5,17,Basilicata,Basilicata,559084,74676,13.36,0.1
1182,2021-02-18,BAS,1070,401,669,270,55,19,150,576,0,0,855,215,ITF,ITF5,17,Basilicata,Basilicata,559084,75746,13.55,0.19
1183,2021-01-30,BAS,703,226,477,424,81,72,126,0,0,0,127,576,ITF,ITF5,17,Basilicata,Basilicata,559084,76449,13.67,0.13
1184,2021-01-03,BAS,900,344,556,790,45,63,0,0,0,2,900,0,ITF,ITF5,17,Basilicata,Basilicata,559084,77349,13.83,0.16
1185,2021-02-03,BAS,666,300,366,425,15,54,172,0,0,0,32,634,ITF,ITF5,17,Basilicata,Basilicata,559084,78015,13.95,0.12
1186,2021-01-10,BAS,77,24,53,9,2,66,0,0,0,0,77,0,ITF,ITF5,17,Basilicata,Basilicata,559084,78092,13.97,0.01
1187,2021-03-30,BAS,2896,1180,1716,37,0,148,0,2192,7,512,2551,345,ITF,ITF5,17,Basilicata,Basilicata,559084,80988,14.49,0.52
1188,2021-02-05,BAS,983,443,540,611,36,145,191,0,0,0,64,919,ITF,ITF5,17,Basilicata,Basilicata,559084,81971,14.66,0.18
1189,2021-01-13,BAS,916,387,529,699,11,57,148,0,0,1,916,0,ITF,ITF5,17,Basilicata,Basilicata,559084,82887,14.83,0.16
1190,2021-02-13,BAS,799,313,486,279,125,79,115,199,2,0,738,61,ITF,ITF5,17,Basilicata,Basilicata,559084,83686,14.97,0.14
1191,2021-03-24,BAS,1540,625,915,67,0,62,0,951,43,417,1187,353,ITF,ITF5,17,Basilicata,Basilicata,559084,85226,15.24,0.28
1192,2021-04-02,BAS,2308,1043,1265,97,0,447,0,1729,10,25,1701,607,ITF,ITF5,17,Basilicata,Basilicata,559084,87534,15.66,0.41
1193,2021-01-24,BAS,834,299,535,706,46,81,1,0,0,0,58,776,ITF,ITF5,17,Basilicata,Basilicata,559084,88368,15.81,0.15
1194,2021-02-06,BAS,902,367,535,546,115,72,168,0,0,1,146,756,ITF,ITF5,17,Basilicata,Basilicata,559084,89270,15.97,0.16
1195,2021-03-22,BAS,1172,529,643,46,49,38,0,638,16,385,626,546,ITF,ITF5,17,Basilicata,Basilicata,559084,90442,16.18,0.21
1196,2021-04-10,BAS,260,116,144,25,0,126,2,48,7,52,245,15,ITF,ITF5,17,Basilicata,Basilicata,559084,90702,16.22,0.05
1197,2021-01-15,BAS,813,350,463,578,21,40,174,0,0,0,813,0,ITF,ITF5,17,Basilicata,Basilicata,559084,91515,16.37,0.15
1198,2021-04-08,BAS,876,404,472,260,0,316,0,80,33,187,867,9,ITF,ITF5,17,Basilicata,Basilicata,559084,92391,16.53,0.16
1199,2021-01-11,BAS,183,66,117,107,15,20,41,0,0,0,183,0,ITF,ITF5,17,Basilicata,Basilicata,559084,92574,16.56,0.03
1200,2021-01-28,BAS,903,401,502,717,24,80,81,1,0,0,119,784,ITF,ITF5,17,Basilicata,Basilicata,559084,93477,16.72,0.16
1201,2021-03-11,BAS,1783,919,864,163,63,99,77,905,253,223,824,959,ITF,ITF5,17,Basilicata,Basilicata,559084,95260,17.04,0.32
1202,2021-03-02,BAS,791,381,410,110,23,55,5,184,201,213,656,135,ITF,ITF5,17,Basilicata,Basilicata,559084,96051,17.18,0.14
1203,2021-02-11,BAS,951,401,550,200,95,74,107,471,4,0,868,83,ITF,ITF5,17,Basilicata,Basilicata,559084,97002,17.35,0.17
1204,2021-01-12,BAS,217,88,129,87,22,9,99,0,0,0,217,0,ITF,ITF5,17,Basilicata,Basilicata,559084,97219,17.39,0.04
1205,2021-01-23,BAS,707,299,408,592,38,76,1,0,0,0,33,674,ITF,ITF5,17,Basilicata,Basilicata,559084,97926,17.52,0.13
1206,2021-04-09,BAS,986,321,665,141,0,186,0,136,48,475,922,64,ITF,ITF5,17,Basilicata,Basilicata,559084,98912,17.69,0.18
1207,2021-01-14,BAS,969,413,556,504,110,32,323,0,0,0,969,0,ITF,ITF5,17,Basilicata,Basilicata,559084,99881,17.87,0.17
1208,2021-03-07,BAS,882,308,574,39,12,6,4,328,22,471,844,38,ITF,ITF5,17,Basilicata,Basilicata,559084,100763,18.02,0.16
1209,2021-01-18,BAS,463,157,306,364,51,3,45,0,0,0,364,99,ITF,ITF5,17,Basilicata,Basilicata,559084,101226,18.11,0.08
1210,2021-04-07,BAS,1394,578,816,267,0,431,0,103,10,583,1359,35,ITF,ITF5,17,Basilicata,Basilicata,559084,102620,18.36,0.25
1211,2021-03-18,BAS,1346,561,785,30,0,10,0,1306,0,0,22,1324,ITF,ITF5,17,Basilicata,Basilicata,559084,103966,18.6,0.24
1212,2021-02-28,BAS,802,342,460,32,0,30,0,740,0,0,774,28,ITF,ITF5,17,Basilicata,Basilicata,559084,104768,18.74,0.14
1213,2021-02-21,BAS,284,113,171,16,1,1,11,254,0,1,284,0,ITF,ITF5,17,Basilicata,Basilicata,559084,105052,18.79,0.05
1214,2021-02-25,BAS,1787,736,1051,67,2,12,0,1705,1,0,1741,46,ITF,ITF5,17,Basilicata,Basilicata,559084,106839,19.11,0.32
1215,2021-02-02,BAS,365,141,224,212,15,36,102,0,0,0,175,190,ITF,ITF5,17,Basilicata,Basilicata,559084,107204,19.17,0.07
1216,2021-02-22,BAS,1790,773,1017,125,18,68,2,1577,0,0,1737,53,ITF,ITF5,17,Basilicata,Basilicata,559084,108994,19.5,0.32
1217,2021-02-08,BAS,557,193,364,436,49,23,49,0,0,0,151,406,ITF,ITF5,17,Basilicata,Basilicata,559084,109551,19.59,0.1
1218,2021-03-15,SIC,10765,4725,6040,1241,48,2608,666,4831,217,1154,5692,5073,ITG,ITG1,19,Sicilia,Sicilia,4999891,10765,0.22,0.22
1219,2021-01-28,SIC,9330,4400,4930,7466,221,1348,295,0,0,0,414,8916,ITG,ITG1,19,Sicilia,Sicilia,4999891,20095,0.4,0.19
1220,2021-03-14,SIC,8825,3947,4878,569,42,3043,176,4281,36,678,4967,3858,ITG,ITG1,19,Sicilia,Sicilia,4999891,28920,0.58,0.18
1221,2021-02-14,SIC,1057,402,655,433,58,330,236,0,0,0,917,140,ITG,ITG1,19,Sicilia,Sicilia,4999891,29977,0.6,0.02
1222,2021-02-17,SIC,5433,3293,2140,1531,118,1009,880,8,1885,2,4759,674,ITG,ITG1,19,Sicilia,Sicilia,4999891,35410,0.71,0.11
1223,2021-01-10,SIC,3618,1615,2003,2126,125,903,464,0,0,0,3618,0,ITG,ITG1,19,Sicilia,Sicilia,4999891,39028,0.78,0.07
1224,2021-03-16,SIC,10169,4463,5706,1662,105,1629,810,5677,68,218,4017,6152,ITG,ITG1,19,Sicilia,Sicilia,4999891,49197,0.98,0.2
1225,2021-03-23,SIC,21032,10096,10936,873,41,11975,365,5825,306,1647,15425,5607,ITG,ITG1,19,Sicilia,Sicilia,4999891,70229,1.4,0.42
1226,2021-01-31,SIC,4112,1958,2154,2601,117,1099,295,0,0,0,113,3999,ITG,ITG1,19,Sicilia,Sicilia,4999891,74341,1.49,0.08
1227,2021-01-02,SIC,4872,2533,2339,4311,0,561,0,0,0,0,4872,0,ITG,ITG1,19,Sicilia,Sicilia,4999891,79213,1.58,0.1
1228,2021-02-15,SIC,3951,1862,2089,1700,108,1237,563,10,307,26,3382,569,ITG,ITG1,19,Sicilia,Sicilia,4999891,83164,1.66,0.08
1229,2021-04-01,SIC,14462,6694,7768,623,29,8094,490,5015,20,191,9737,4725,ITG,ITG1,19,Sicilia,Sicilia,4999891,97626,1.95,0.29
1230,2021-02-19,SIC,5160,2757,2403,1487,183,1181,600,74,1396,239,4589,571,ITG,ITG1,19,Sicilia,Sicilia,4999891,102786,2.06,0.1
1231,2021-02-18,SIC,5496,3174,2322,1636,165,1080,813,9,1697,96,5065,431,ITG,ITG1,19,Sicilia,Sicilia,4999891,108282,2.17,0.11
1232,2021-02-10,SIC,4433,1819,2614,1975,221,1496,741,0,0,0,4008,425,ITG,ITG1,19,Sicilia,Sicilia,4999891,112715,2.25,0.09
1233,2021-02-02,SIC,5540,2622,2918,3155,221,1735,429,0,0,0,633,4907,ITG,ITG1,19,Sicilia,Sicilia,4999891,118255,2.37,0.11
1234,2021-03-11,SIC,15451,6507,8944,1610,127,5070,906,3933,481,3324,12878,2573,ITG,ITG1,19,Sicilia,Sicilia,4999891,133706,2.67,0.31
1235,2021-01-11,SIC,5905,2591,3314,3923,196,1404,382,0,0,0,5905,0,ITG,ITG1,19,Sicilia,Sicilia,4999891,139611,2.79,0.12
1236,2020-12-28,SIC,207,124,83,205,0,2,0,0,0,0,207,0,ITG,ITG1,19,Sicilia,Sicilia,4999891,139818,2.8,0.0
1237,2021-03-24,SIC,21123,9882,11241,955,64,12151,549,5856,86,1462,15236,5887,ITG,ITG1,19,Sicilia,Sicilia,4999891,160941,3.22,0.42
1238,2021-01-15,SIC,5079,2233,2846,2824,158,1618,479,0,0,0,5079,0,ITG,ITG1,19,Sicilia,Sicilia,4999891,166020,3.32,0.1
1239,2021-03-07,SIC,9279,3465,5814,968,62,908,431,3396,216,3298,8195,1084,ITG,ITG1,19,Sicilia,Sicilia,4999891,175299,3.51,0.19
1240,2021-02-21,SIC,5178,2508,2670,379,30,622,174,3682,138,153,5070,108,ITG,ITG1,19,Sicilia,Sicilia,4999891,180477,3.61,0.1
1241,2021-01-18,SIC,1576,657,919,721,75,551,229,0,0,0,1432,144,ITG,ITG1,19,Sicilia,Sicilia,4999891,182053,3.64,0.03
1242,2021-04-03,SIC,15156,7203,7953,429,14,9376,202,4930,17,188,12314,2842,ITG,ITG1,19,Sicilia,Sicilia,4999891,197209,3.94,0.3
1243,2021-03-27,SIC,15801,7457,8344,650,25,8413,350,5587,34,742,10881,4920,ITG,ITG1,19,Sicilia,Sicilia,4999891,213010,4.26,0.32
1244,2021-03-26,SIC,17872,8317,9555,1071,40,9558,314,5524,57,1308,12356,5516,ITG,ITG1,19,Sicilia,Sicilia,4999891,230882,4.62,0.36
1245,2021-02-28,SIC,7181,3072,4109,871,33,1280,93,3291,254,1359,6551,630,ITG,ITG1,19,Sicilia,Sicilia,4999891,238063,4.76,0.14
1246,2021-04-07,SIC,15745,7759,7986,764,114,9763,465,4423,34,182,8580,7165,ITG,ITG1,19,Sicilia,Sicilia,4999891,253808,5.08,0.31
1247,2021-01-16,SIC,2776,1195,1581,1329,165,984,298,0,0,0,2776,0,ITG,ITG1,19,Sicilia,Sicilia,4999891,256584,5.13,0.06
1248,2021-04-04,SIC,6979,3379,3600,192,33,4097,119,2486,8,44,5689,1290,ITG,ITG1,19,Sicilia,Sicilia,4999891,263563,5.27,0.14
1249,2021-01-23,SIC,4150,2148,2002,3913,33,188,16,0,0,0,225,3925,ITG,ITG1,19,Sicilia,Sicilia,4999891,267713,5.35,0.08
1250,2021-02-11,SIC,5332,2103,3229,2458,307,1677,890,0,0,0,4868,464,ITG,ITG1,19,Sicilia,Sicilia,4999891,273045,5.46,0.11
1251,2021-04-06,SIC,18160,8715,9445,803,66,11027,562,5457,57,188,13838,4322,ITG,ITG1,19,Sicilia,Sicilia,4999891,291205,5.82,0.36
1252,2021-03-13,SIC,12453,5487,6966,1174,87,4187,493,4615,133,1764,7847,4606,ITG,ITG1,19,Sicilia,Sicilia,4999891,303658,6.07,0.25
1253,2021-02-04,SIC,6877,3159,3718,4417,172,1748,540,0,0,0,1460,5417,ITG,ITG1,19,Sicilia,Sicilia,4999891,310535,6.21,0.14
1254,2021-01-30,SIC,7838,3569,4269,5451,253,1659,475,0,0,0,175,7663,ITG,ITG1,19,Sicilia,Sicilia,4999891,318373,6.37,0.16
1255,2021-01-14,SIC,5250,2514,2736,3046,91,1854,259,0,0,0,5250,0,ITG,ITG1,19,Sicilia,Sicilia,4999891,323623,6.47,0.11
1256,2021-03-21,SIC,15203,7324,7879,489,10,9095,57,4502,92,958,11229,3974,ITG,ITG1,19,Sicilia,Sicilia,4999891,338826,6.78,0.3
1257,2021-01-13,SIC,5204,2462,2742,3033,169,1561,441,0,0,0,5204,0,ITG,ITG1,19,Sicilia,Sicilia,4999891,344030,6.88,0.1
1258,2021-03-05,SIC,15947,6877,9070,3192,177,2348,720,4002,1423,4085,11622,4325,ITG,ITG1,19,Sicilia,Sicilia,4999891,359977,7.2,0.32
1259,2021-03-04,SIC,15213,6559,8654,2811,187,2635,698,3928,1124,3830,11009,4204,ITG,ITG1,19,Sicilia,Sicilia,4999891,375190,7.5,0.3
1260,2021-01-24,SIC,4338,2264,2074,3993,31,311,3,0,0,0,148,4190,ITG,ITG1,19,Sicilia,Sicilia,4999891,379528,7.59,0.09
1261,2021-02-23,SIC,8949,4689,4260,1267,103,1133,502,3996,1367,581,8459,490,ITG,ITG1,19,Sicilia,Sicilia,4999891,388477,7.77,0.18
1262,2021-03-19,SIC,16490,8117,8373,1262,101,8717,561,5351,42,456,10762,5728,ITG,ITG1,19,Sicilia,Sicilia,4999891,404967,8.1,0.33
1263,2021-01-04,SIC,8373,4172,4201,7595,20,752,6,0,0,0,8373,0,ITG,ITG1,19,Sicilia,Sicilia,4999891,413340,8.27,0.17
1264,2021-02-25,SIC,10161,5277,4884,1771,49,1656,507,3981,1525,672,8981,1180,ITG,ITG1,19,Sicilia,Sicilia,4999891,423501,8.47,0.2
1265,2021-01-06,SIC,6471,3402,3069,5717,24,728,2,0,0,0,6471,0,ITG,ITG1,19,Sicilia,Sicilia,4999891,429972,8.6,0.13
1266,2021-01-08,SIC,8328,3864,4464,6591,87,1437,213,0,0,0,8328,0,ITG,ITG1,19,Sicilia,Sicilia,4999891,438300,8.77,0.17
1267,2021-03-03,SIC,14704,6544,8160,2408,130,2201,507,4295,1330,3833,11619,3085,ITG,ITG1,19,Sicilia,Sicilia,4999891,453004,9.06,0.29
1268,2021-02-01,SIC,6078,2684,3394,4168,214,1378,318,0,0,0,304,5774,ITG,ITG1,19,Sicilia,Sicilia,4999891,459082,9.18,0.12
1269,2021-04-05,SIC,8191,4033,4158,232,6,4792,176,2925,4,56,6750,1441,ITG,ITG1,19,Sicilia,Sicilia,4999891,467273,9.35,0.16
1270,2021-03-01,SIC,12979,6129,6850,1557,75,1735,392,4303,1764,3153,11320,1659,ITG,ITG1,19,Sicilia,Sicilia,4999891,480252,9.61,0.26
1271,2021-03-28,SIC,10999,5166,5833,535,22,5629,168,4445,14,186,6985,4014,ITG,ITG1,19,Sicilia,Sicilia,4999891,491251,9.83,0.22
1272,2021-01-12,SIC,4543,2235,2308,2863,128,1357,195,0,0,0,4543,0,ITG,ITG1,19,Sicilia,Sicilia,4999891,495794,9.92,0.09
1273,2021-02-03,SIC,6102,2857,3245,3358,151,1969,624,0,0,0,756,5346,ITG,ITG1,19,Sicilia,Sicilia,4999891,501896,10.04,0.12
1274,2021-01-26,SIC,9528,4685,4843,8391,72,811,254,0,0,0,265,9263,ITG,ITG1,19,Sicilia,Sicilia,4999891,511424,10.23,0.19
1275,2021-04-09,SIC,20624,10069,10555,739,110,14717,358,4370,45,285,11458,9166,ITG,ITG1,19,Sicilia,Sicilia,4999891,532048,10.64,0.41
1276,2021-01-03,SIC,4693,2454,2239,4361,0,332,0,0,0,0,4693,0,ITG,ITG1,19,Sicilia,Sicilia,4999891,536741,10.74,0.09
1277,2021-02-06,SIC,5067,2226,2841,2535,251,1689,592,0,0,0,1488,3579,ITG,ITG1,19,Sicilia,Sicilia,4999891,541808,10.84,0.1
1278,2021-01-19,SIC,1271,521,750,521,59,453,238,0,0,0,1093,178,ITG,ITG1,19,Sicilia,Sicilia,4999891,543079,10.86,0.03
1279,2021-02-07,SIC,2349,997,1352,1611,109,472,157,0,0,0,675,1674,ITG,ITG1,19,Sicilia,Sicilia,4999891,545428,10.91,0.05
1280,2021-04-08,SIC,17003,8385,8618,698,146,11619,468,3832,82,158,8493,8510,ITG,ITG1,19,Sicilia,Sicilia,4999891,562431,11.25,0.34
1281,2021-03-02,SIC,14956,6388,8568,2383,98,1831,501,4471,1338,4334,12131,2825,ITG,ITG1,19,Sicilia,Sicilia,4999891,577387,11.55,0.3
1282,2021-03-25,SIC,20472,9524,10948,1325,76,11503,582,5524,82,1380,14931,5541,ITG,ITG1,19,Sicilia,Sicilia,4999891,597859,11.96,0.41
1283,2021-03-30,SIC,14567,6757,7810,715,32,8089,371,4992,113,255,9739,4828,ITG,ITG1,19,Sicilia,Sicilia,4999891,612426,12.25,0.29
1284,2021-01-20,SIC,808,410,398,422,51,143,192,0,0,0,573,235,ITG,ITG1,19,Sicilia,Sicilia,4999891,613234,12.26,0.02
1285,2021-01-29,SIC,9362,4322,5040,7153,174,1730,305,0,0,0,432,8930,ITG,ITG1,19,Sicilia,Sicilia,4999891,622596,12.45,0.19
1286,2021-03-18,SIC,15607,7777,7830,1284,80,8190,598,5357,61,37,9895,5712,ITG,ITG1,19,Sicilia,Sicilia,4999891,638203,12.76,0.31
1287,2021-01-22,SIC,1235,625,610,1035,13,69,118,0,0,0,242,993,ITG,ITG1,19,Sicilia,Sicilia,4999891,639438,12.79,0.02
1288,2021-01-01,SIC,815,437,378,740,0,75,0,0,0,0,815,0,ITG,ITG1,19,Sicilia,Sicilia,4999891,640253,12.81,0.02
1289,2021-03-12,SIC,13120,5617,7503,1387,110,4409,695,3768,344,2407,10897,2223,ITG,ITG1,19,Sicilia,Sicilia,4999891,653373,13.07,0.26
1290,2021-02-27,SIC,12450,5570,6880,1515,72,2351,277,3843,1021,3371,11239,1211,ITG,ITG1,19,Sicilia,Sicilia,4999891,665823,13.32,0.25
1291,2020-12-27,SIC,90,54,36,62,0,2,26,0,0,0,90,0,ITG,ITG1,19,Sicilia,Sicilia,4999891,665913,13.32,0.0
1292,2021-02-20,SIC,7285,3737,3548,848,76,1258,558,3750,620,175,7033,252,ITG,ITG1,19,Sicilia,Sicilia,4999891,673198,13.46,0.15
1293,2021-03-10,SIC,13844,5882,7962,1479,134,2868,934,4064,646,3719,11454,2390,ITG,ITG1,19,Sicilia,Sicilia,4999891,687042,13.74,0.28
1294,2021-01-21,SIC,1330,649,681,1003,86,104,137,0,0,0,499,831,ITG,ITG1,19,Sicilia,Sicilia,4999891,688372,13.77,0.03
1295,2021-02-12,SIC,4747,1853,2894,2301,260,1542,644,0,0,0,4416,331,ITG,ITG1,19,Sicilia,Sicilia,4999891,693119,13.86,0.09
1296,2021-01-27,SIC,7534,3838,3696,6330,66,986,152,0,0,0,189,7345,ITG,ITG1,19,Sicilia,Sicilia,4999891,700653,14.01,0.15
1297,2021-04-02,SIC,14033,6605,7428,632,29,7635,367,5151,16,203,9247,4786,ITG,ITG1,19,Sicilia,Sicilia,4999891,714686,14.29,0.28
1298,2021-02-13,SIC,3107,1168,1939,1296,160,1081,570,0,0,0,2850,257,ITG,ITG1,19,Sicilia,Sicilia,4999891,717793,14.36,0.06
1299,2021-03-09,SIC,13064,5494,7570,1595,132,2175,585,3947,939,3691,10689,2375,ITG,ITG1,19,Sicilia,Sicilia,4999891,730857,14.62,0.26
1300,2021-01-25,SIC,7513,3698,3815,6635,14,794,70,0,0,0,322,7191,ITG,ITG1,19,Sicilia,Sicilia,4999891,738370,14.77,0.15
1301,2021-02-24,SIC,9601,4870,4731,1423,80,1174,499,4028,1474,923,9005,596,ITG,ITG1,19,Sicilia,Sicilia,4999891,747971,14.96,0.19
1302,2021-03-20,SIC,18908,9077,9831,836,43,10842,414,5475,79,1219,13518,5390,ITG,ITG1,19,Sicilia,Sicilia,4999891,766879,15.34,0.38
1303,2021-02-08,SIC,4086,1759,2327,2346,188,1155,397,0,0,0,2128,1958,ITG,ITG1,19,Sicilia,Sicilia,4999891,770965,15.42,0.08
1304,2021-01-07,SIC,9173,4239,4934,7694,70,1199,210,0,0,0,9173,0,ITG,ITG1,19,Sicilia,Sicilia,4999891,780138,15.6,0.18
1305,2021-02-16,SIC,4414,2300,2114,1465,207,1080,779,25,857,1,3947,467,ITG,ITG1,19,Sicilia,Sicilia,4999891,784552,15.69,0.09
1306,2021-01-09,SIC,7325,3424,3901,5034,146,1689,456,0,0,0,7325,0,ITG,ITG1,19,Sicilia,Sicilia,4999891,791877,15.84,0.15
1307,2021-03-31,SIC,14592,6732,7860,646,50,7996,520,5139,52,189,9564,5028,ITG,ITG1,19,Sicilia,Sicilia,4999891,806469,16.13,0.29
1308,2021-03-08,SIC,13506,5781,7725,2012,113,1994,626,3840,920,4001,10692,2814,ITG,ITG1,19,Sicilia,Sicilia,4999891,819975,16.4,0.27
1309,2021-03-29,SIC,14993,7036,7957,876,39,8419,328,5008,19,304,10475,4518,ITG,ITG1,19,Sicilia,Sicilia,4999891,834968,16.7,0.3
1310,2021-01-17,SIC,1295,584,711,619,118,398,160,0,0,0,1245,50,ITG,ITG1,19,Sicilia,Sicilia,4999891,836263,16.73,0.03
1311,2020-12-29,SIC,235,146,89,235,0,0,0,0,0,0,235,0,ITG,ITG1,19,Sicilia,Sicilia,4999891,836498,16.73,0.0
1312,2021-03-06,SIC,12942,5177,7765,2003,127,1878,758,3888,638,3650,10036,2906,ITG,ITG1,19,Sicilia,Sicilia,4999891,849440,16.99,0.26
1313,2021-03-22,SIC,16811,7916,8895,915,19,8678,356,5543,71,1229,11265,5546,ITG,ITG1,19,Sicilia,Sicilia,4999891,866251,17.33,0.34
1314,2021-04-10,SIC,8465,4137,4328,237,9,5694,110,2314,17,84,4343,4122,ITG,ITG1,19,Sicilia,Sicilia,4999891,874716,17.49,0.17
1315,2021-02-05,SIC,7216,3232,3984,3618,267,2475,856,0,0,0,2132,5084,ITG,ITG1,19,Sicilia,Sicilia,4999891,881932,17.64,0.14
1316,2020-12-30,SIC,173,101,72,156,3,14,0,0,0,0,173,0,ITG,ITG1,19,Sicilia,Sicilia,4999891,882105,17.64,0.0
1317,2021-02-26,SIC,12247,5977,6270,1837,74,1898,361,3891,1733,2453,10558,1689,ITG,ITG1,19,Sicilia,Sicilia,4999891,894352,17.89,0.24
1318,2020-12-31,SIC,878,470,408,828,0,50,0,0,0,0,878,0,ITG,ITG1,19,Sicilia,Sicilia,4999891,895230,17.9,0.02
1319,2021-01-05,SIC,10527,5159,5368,9074,122,1124,207,0,0,0,10527,0,ITG,ITG1,19,Sicilia,Sicilia,4999891,905757,18.12,0.21
1320,2021-02-09,SIC,4371,1831,2540,2241,155,1335,640,0,0,0,3365,1006,ITG,ITG1,19,Sicilia,Sicilia,4999891,910128,18.2,0.09
1321,2021-03-17,SIC,15396,7554,7842,1401,100,7160,664,5722,43,306,9452,5944,ITG,ITG1,19,Sicilia,Sicilia,4999891,925524,18.51,0.31
1322,2021-02-22,SIC,8039,4162,3877,1107,34,902,554,4066,1054,322,7547,492,ITG,ITG1,19,Sicilia,Sicilia,4999891,933563,18.67,0.16
1323,2021-03-14,UMB,66,48,18,0,6,55,1,0,0,4,66,0,ITI,ITI2,10,Umbria,Umbria,882015,66,0.01,0.01
1324,2021-01-19,UMB,103,23,80,21,2,0,80,0,0,0,103,0,ITI,ITI2,10,Umbria,Umbria,882015,169,0.02,0.01
1325,2021-02-06,UMB,396,138,258,333,47,0,16,0,0,0,34,362,ITI,ITI2,10,Umbria,Umbria,882015,565,0.06,0.04
1326,2021-02-26,UMB,660,253,407,386,73,0,40,154,4,3,652,8,ITI,ITI2,10,Umbria,Umbria,882015,1225,0.14,0.07
1327,2021-01-04,UMB,809,397,412,809,0,0,0,0,0,0,809,0,ITI,ITI2,10,Umbria,Umbria,882015,2034,0.23,0.09
1328,2021-04-10,UMB,2154,1060,1094,44,2,1949,10,105,10,34,2132,22,ITI,ITI2,10,Umbria,Umbria,882015,4188,0.47,0.24
1329,2021-02-01,UMB,1260,333,927,875,33,0,352,0,0,0,47,1213,ITI,ITI2,10,Umbria,Umbria,882015,5448,0.62,0.14
1330,2021-01-02,UMB,301,110,191,301,0,0,0,0,0,0,301,0,ITI,ITI2,10,Umbria,Umbria,882015,5749,0.65,0.03
1331,2021-01-11,UMB,1281,337,944,878,12,7,384,0,0,0,1281,0,ITI,ITI2,10,Umbria,Umbria,882015,7030,0.8,0.15
1332,2021-03-09,UMB,4029,1951,2078,143,549,131,106,2912,165,23,2737,1292,ITI,ITI2,10,Umbria,Umbria,882015,11059,1.25,0.46
1333,2021-01-25,UMB,647,322,325,645,2,0,0,0,0,0,5,642,ITI,ITI2,10,Umbria,Umbria,882015,11706,1.33,0.07
1334,2021-02-05,UMB,780,234,546,645,51,0,84,0,0,0,18,762,ITI,ITI2,10,Umbria,Umbria,882015,12486,1.42,0.09
1335,2021-02-03,UMB,725,174,551,560,34,0,131,0,0,0,67,658,ITI,ITI2,10,Umbria,Umbria,882015,13211,1.5,0.08
1336,2021-01-07,UMB,1291,383,908,884,1,2,404,0,0,0,1291,0,ITI,ITI2,10,Umbria,Umbria,882015,14502,1.64,0.15
1337,2021-03-11,UMB,3539,1681,1858,144,604,175,239,2018,201,158,2533,1006,ITI,ITI2,10,Umbria,Umbria,882015,18041,2.05,0.4
1338,2021-01-06,UMB,843,323,520,840,0,3,0,0,0,0,843,0,ITI,ITI2,10,Umbria,Umbria,882015,18884,2.14,0.1
1339,2021-03-10,UMB,3985,1908,2077,122,745,113,157,2564,209,75,2729,1256,ITI,ITI2,10,Umbria,Umbria,882015,22869,2.59,0.45
1340,2021-03-06,UMB,4260,1110,3150,422,178,71,26,1121,120,2322,4117,143,ITI,ITI2,10,Umbria,Umbria,882015,27129,3.08,0.48
1341,2021-02-16,UMB,1307,655,652,34,4,7,0,1262,0,0,1298,9,ITI,ITI2,10,Umbria,Umbria,882015,28436,3.22,0.15
1342,2021-02-20,UMB,282,100,182,83,7,1,39,152,0,0,258,24,ITI,ITI2,10,Umbria,Umbria,882015,28718,3.26,0.03
1343,2021-02-17,UMB,1618,748,870,363,3,11,0,1240,0,1,1267,351,ITI,ITI2,10,Umbria,Umbria,882015,30336,3.44,0.18
1344,2021-01-15,UMB,696,213,483,588,44,0,64,0,0,0,696,0,ITI,ITI2,10,Umbria,Umbria,882015,31032,3.52,0.08
1345,2021-01-09,UMB,1719,492,1227,888,7,0,824,0,0,0,1719,0,ITI,ITI2,10,Umbria,Umbria,882015,32751,3.71,0.19
1346,2021-01-14,UMB,750,200,550,697,35,0,17,0,0,1,750,0,ITI,ITI2,10,Umbria,Umbria,882015,33501,3.8,0.09
1347,2021-04-03,UMB,2034,690,1344,143,22,383,30,1233,7,216,1030,1004,ITI,ITI2,10,Umbria,Umbria,882015,35535,4.03,0.23
1348,2021-03-01,UMB,1503,774,729,110,10,15,0,1249,118,1,1389,114,ITI,ITI2,10,Umbria,Umbria,882015,37038,4.2,0.17
1349,2021-01-05,UMB,850,428,422,847,0,3,0,0,0,0,850,0,ITI,ITI2,10,Umbria,Umbria,882015,37888,4.3,0.1
1350,2021-03-29,UMB,3783,1639,2144,245,34,594,49,2834,1,26,2313,1470,ITI,ITI2,10,Umbria,Umbria,882015,41671,4.72,0.43
1351,2021-02-24,UMB,1520,565,955,1083,45,1,90,292,9,0,1505,15,ITI,ITI2,10,Umbria,Umbria,882015,43191,4.9,0.17
1352,2021-01-16,UMB,221,73,148,146,32,0,43,0,0,0,221,0,ITI,ITI2,10,Umbria,Umbria,882015,43412,4.92,0.03
1353,2021-04-01,UMB,4107,1696,2411,193,12,514,239,3127,3,19,2149,1958,ITI,ITI2,10,Umbria,Umbria,882015,47519,5.39,0.47
1354,2021-03-20,UMB,2272,821,1451,316,178,506,0,0,72,1200,2247,25,ITI,ITI2,10,Umbria,Umbria,882015,49791,5.65,0.26
1355,2021-02-08,UMB,637,203,434,368,111,0,154,0,4,0,88,549,ITI,ITI2,10,Umbria,Umbria,882015,50428,5.72,0.07
1356,2021-01-26,UMB,814,390,424,813,1,0,0,0,0,0,18,796,ITI,ITI2,10,Umbria,Umbria,882015,51242,5.81,0.09
1357,2021-01-31,UMB,1056,276,780,765,10,0,281,0,0,0,25,1031,ITI,ITI2,10,Umbria,Umbria,882015,52298,5.93,0.12
1358,2021-03-30,UMB,3936,1703,2233,179,27,537,108,3065,0,20,2404,1532,ITI,ITI2,10,Umbria,Umbria,882015,56234,6.38,0.45
1359,2021-01-20,UMB,613,222,391,583,14,1,14,0,0,1,613,0,ITI,ITI2,10,Umbria,Umbria,882015,56847,6.45,0.07
1360,2021-01-03,UMB,267,111,156,267,0,0,0,0,0,0,267,0,ITI,ITI2,10,Umbria,Umbria,882015,57114,6.48,0.03
1361,2021-02-12,UMB,671,224,447,459,208,0,1,1,0,2,665,6,ITI,ITI2,10,Umbria,Umbria,882015,57785,6.55,0.08
1362,2021-03-05,UMB,4590,1379,3211,604,296,92,7,689,348,2554,3934,656,ITI,ITI2,10,Umbria,Umbria,882015,62375,7.07,0.52
1363,2021-02-02,UMB,942,274,668,713,16,1,212,0,0,0,32,910,ITI,ITI2,10,Umbria,Umbria,882015,63317,7.18,0.11
1364,2021-03-15,UMB,4595,1929,2666,1425,194,152,79,2340,142,263,2827,1768,ITI,ITI2,10,Umbria,Umbria,882015,67912,7.7,0.52
1365,2021-01-22,UMB,276,105,171,273,1,0,2,0,0,0,32,244,ITI,ITI2,10,Umbria,Umbria,882015,68188,7.73,0.03
1366,2021-03-08,UMB,3666,1798,1868,140,273,81,45,2855,230,42,2303,1363,ITI,ITI2,10,Umbria,Umbria,882015,71854,8.15,0.42
1367,2021-01-30,UMB,1577,483,1094,841,18,0,717,1,0,0,44,1533,ITI,ITI2,10,Umbria,Umbria,882015,73431,8.33,0.18
1368,2021-03-25,UMB,3863,1686,2177,256,51,158,63,3255,48,32,2799,1064,ITI,ITI2,10,Umbria,Umbria,882015,77294,8.76,0.44
1369,2021-04-08,UMB,4278,1745,2533,343,11,885,163,2859,5,12,2606,1672,ITI,ITI2,10,Umbria,Umbria,882015,81572,9.25,0.49
1370,2021-01-23,UMB,277,100,177,276,1,0,0,0,0,0,2,275,ITI,ITI2,10,Umbria,Umbria,882015,81849,9.28,0.03
1371,2021-01-24,UMB,254,104,150,254,0,0,0,0,0,0,1,253,ITI,ITI2,10,Umbria,Umbria,882015,82103,9.31,0.03
1372,2021-02-04,UMB,732,226,506,692,19,1,20,0,0,0,25,707,ITI,ITI2,10,Umbria,Umbria,882015,82835,9.39,0.08
1373,2021-03-02,UMB,3638,1345,2293,318,223,51,55,1302,243,1446,3634,4,ITI,ITI2,10,Umbria,Umbria,882015,86473,9.8,0.41
1374,2021-03-22,UMB,3558,1653,1905,163,120,201,0,2828,99,147,2312,1246,ITI,ITI2,10,Umbria,Umbria,882015,90031,10.21,0.4
1375,2021-01-28,UMB,1240,392,848,891,4,0,345,0,0,0,19,1221,ITI,ITI2,10,Umbria,Umbria,882015,91271,10.35,0.14
1376,2021-03-17,UMB,3330,1313,2017,1430,53,9,131,1683,8,16,1858,1472,ITI,ITI2,10,Umbria,Umbria,882015,94601,10.73,0.38
1377,2020-12-27,UMB,85,45,40,67,2,0,16,0,0,0,85,0,ITI,ITI2,10,Umbria,Umbria,882015,94686,10.74,0.01
1378,2021-03-24,UMB,4067,1758,2309,215,98,169,1,3505,37,42,2743,1324,ITI,ITI2,10,Umbria,Umbria,882015,98753,11.2,0.46
1379,2021-03-23,UMB,3793,1685,2108,395,179,206,12,2852,89,60,2164,1629,ITI,ITI2,10,Umbria,Umbria,882015,102546,11.63,0.43
1380,2021-03-31,UMB,3867,1712,2155,177,21,530,160,2954,2,23,2206,1661,ITI,ITI2,10,Umbria,Umbria,882015,106413,12.06,0.44
1381,2021-01-10,UMB,1056,275,781,740,3,4,309,0,0,0,1056,0,ITI,ITI2,10,Umbria,Umbria,882015,107469,12.18,0.12
1382,2021-03-21,UMB,665,330,335,31,14,522,0,0,34,64,665,0,ITI,ITI2,10,Umbria,Umbria,882015,108134,12.26,0.08
1383,2021-02-27,UMB,1658,354,1304,14,11,0,13,0,60,1560,1642,16,ITI,ITI2,10,Umbria,Umbria,882015,109792,12.45,0.19
1384,2021-04-06,UMB,4849,1963,2886,598,43,787,79,3313,1,28,2519,2330,ITI,ITI2,10,Umbria,Umbria,882015,114641,13.0,0.55
1385,2021-03-03,UMB,4436,1772,2664,720,236,53,86,1518,290,1533,3724,712,ITI,ITI2,10,Umbria,Umbria,882015,119077,13.5,0.5
1386,2021-02-18,UMB,1495,582,913,324,14,2,170,985,0,0,1029,466,ITI,ITI2,10,Umbria,Umbria,882015,120572,13.67,0.17
1387,2020-12-31,UMB,322,127,195,310,0,12,0,0,0,0,322,0,ITI,ITI2,10,Umbria,Umbria,882015,120894,13.71,0.04
1388,2021-02-23,UMB,1693,658,1035,1187,95,0,17,394,0,0,1651,42,ITI,ITI2,10,Umbria,Umbria,882015,122587,13.9,0.19
1389,2021-01-08,UMB,1173,337,836,926,8,1,238,0,0,0,1173,0,ITI,ITI2,10,Umbria,Umbria,882015,123760,14.03,0.13
1390,2021-04-05,UMB,4171,1691,2480,764,16,640,69,2650,6,26,2116,2055,ITI,ITI2,10,Umbria,Umbria,882015,127931,14.5,0.47
1391,2021-04-04,UMB,19,3,16,0,0,0,0,19,0,0,1,18,ITI,ITI2,10,Umbria,Umbria,882015,127950,14.51,0.0
1392,2021-02-25,UMB,1335,496,839,827,96,3,99,305,0,5,1283,52,ITI,ITI2,10,Umbria,Umbria,882015,129285,14.66,0.15
1393,2021-02-19,UMB,743,293,450,282,12,2,14,433,0,0,526,217,ITI,ITI2,10,Umbria,Umbria,882015,130028,14.74,0.08
1394,2021-03-26,UMB,4563,1682,2881,570,152,479,91,2481,52,738,4390,173,ITI,ITI2,10,Umbria,Umbria,882015,134591,15.26,0.52
1395,2021-01-17,UMB,54,17,37,47,7,0,0,0,0,0,54,0,ITI,ITI2,10,Umbria,Umbria,882015,134645,15.27,0.01
1396,2021-03-19,UMB,1734,561,1173,462,144,118,68,192,26,724,1078,656,ITI,ITI2,10,Umbria,Umbria,882015,136379,15.46,0.2
1397,2021-03-28,UMB,1094,442,652,65,8,20,5,935,24,37,1070,24,ITI,ITI2,10,Umbria,Umbria,882015,137473,15.59,0.12
1398,2021-02-22,UMB,1859,778,1081,736,89,27,1,1006,0,0,1773,86,ITI,ITI2,10,Umbria,Umbria,882015,139332,15.8,0.21
1399,2021-02-11,UMB,842,349,493,735,98,1,5,0,0,3,837,5,ITI,ITI2,10,Umbria,Umbria,882015,140174,15.89,0.1
1400,2021-03-18,UMB,2824,1097,1727,974,115,19,242,1459,3,12,1591,1233,ITI,ITI2,10,Umbria,Umbria,882015,142998,16.21,0.32
1401,2021-01-12,UMB,784,247,537,665,7,7,105,0,0,0,784,0,ITI,ITI2,10,Umbria,Umbria,882015,143782,16.3,0.09
1402,2021-03-07,UMB,845,180,665,17,68,14,25,45,0,676,838,7,ITI,ITI2,10,Umbria,Umbria,882015,144627,16.4,0.1
1403,2021-01-13,UMB,450,139,311,379,28,1,42,0,0,0,450,0,ITI,ITI2,10,Umbria,Umbria,882015,145077,16.45,0.05
1404,2021-04-07,UMB,4598,1844,2754,481,35,825,86,3146,6,19,2597,2001,ITI,ITI2,10,Umbria,Umbria,882015,149675,16.97,0.52
1405,2021-03-13,UMB,1731,524,1207,120,122,58,49,152,78,1152,1486,245,ITI,ITI2,10,Umbria,Umbria,882015,151406,17.17,0.2
1406,2021-02-10,UMB,715,349,366,606,106,0,3,0,0,0,700,15,ITI,ITI2,10,Umbria,Umbria,882015,152121,17.25,0.08
1407,2021-01-18,UMB,613,219,394,347,114,8,144,0,0,0,529,84,ITI,ITI2,10,Umbria,Umbria,882015,152734,17.32,0.07
1408,2021-02-15,UMB,1368,692,676,10,4,3,0,1351,0,0,1367,1,ITI,ITI2,10,Umbria,Umbria,882015,154102,17.47,0.16
1409,2021-03-27,UMB,4245,1510,2735,752,154,508,1,2230,24,576,3905,340,ITI,ITI2,10,Umbria,Umbria,882015,158347,17.95,0.48
1410,2021-03-04,UMB,4485,1853,2632,849,164,72,4,1562,368,1466,3657,828,ITI,ITI2,10,Umbria,Umbria,882015,162832,18.46,0.51
1411,2021-04-02,UMB,4211,1687,2524,375,76,2505,46,847,31,331,3497,714,ITI,ITI2,10,Umbria,Umbria,882015,167043,18.94,0.48
1412,2021-01-27,UMB,838,329,509,837,1,0,0,0,0,0,13,825,ITI,ITI2,10,Umbria,Umbria,882015,167881,19.03,0.1
1413,2021-02-13,UMB,115,28,87,68,46,0,0,1,0,0,112,3,ITI,ITI2,10,Umbria,Umbria,882015,167996,19.05,0.01
1414,2021-01-29,UMB,1221,343,878,934,16,0,271,0,0,0,79,1142,ITI,ITI2,10,Umbria,Umbria,882015,169217,19.19,0.14
1415,2021-03-16,UMB,3505,1434,2071,1634,68,20,65,1707,0,11,1878,1627,ITI,ITI2,10,Umbria,Umbria,882015,172722,19.58,0.4
1416,2021-03-12,UMB,2633,1031,1602,113,410,183,41,464,229,1193,2135,498,ITI,ITI2,10,Umbria,Umbria,882015,175355,19.88,0.3
1417,2021-04-09,UMB,4415,2069,2346,77,28,3669,16,538,2,85,4233,182,ITI,ITI2,10,Umbria,Umbria,882015,179770,20.38,0.5
1418,2021-02-07,UMB,54,17,37,46,8,0,0,0,0,0,1,53,ITI,ITI2,10,Umbria,Umbria,882015,179824,20.39,0.01
1419,2021-01-21,UMB,610,202,408,428,13,0,169,0,0,0,341,269,ITI,ITI2,10,Umbria,Umbria,882015,180434,20.46,0.07
1420,2021-01-01,UMB,273,105,168,272,0,1,0,0,0,0,273,0,ITI,ITI2,10,Umbria,Umbria,882015,180707,20.49,0.03
1421,2021-03-01,VEN,9368,3703,5665,2024,145,993,923,2615,156,2512,7546,1822,ITH,ITH3,5,Veneto,Veneto,4905854,9368,0.19,0.19
1422,2021-02-16,VEN,6629,2868,3761,719,109,294,478,5024,2,3,6450,179,ITH,ITH3,5,Veneto,Veneto,4905854,15997,0.33,0.14
1423,2021-02-17,VEN,6020,2771,3249,413,19,269,361,4949,5,4,5926,94,ITH,ITH3,5,Veneto,Veneto,4905854,22017,0.45,0.12
1424,2021-03-06,VEN,10513,4256,6257,2979,48,2650,1490,1972,46,1328,7315,3198,ITH,ITH3,5,Veneto,Veneto,4905854,32530,0.66,0.21
1425,2021-02-05,VEN,8363,2532,5831,4295,679,1201,2163,7,5,13,1424,6939,ITH,ITH3,5,Veneto,Veneto,4905854,40893,0.83,0.17
1426,2021-01-13,VEN,5986,1607,4379,2795,430,868,1888,3,0,2,5986,0,ITH,ITH3,5,Veneto,Veneto,4905854,46879,0.96,0.12
1427,2021-03-21,VEN,11972,4750,7222,1481,50,3139,30,4565,179,2528,8513,3459,ITH,ITH3,5,Veneto,Veneto,4905854,58851,1.2,0.24
1428,2021-03-11,VEN,19567,8665,10902,1573,125,2968,886,9339,1021,3655,13988,5579,ITH,ITH3,5,Veneto,Veneto,4905854,78418,1.6,0.4
1429,2021-01-07,VEN,8359,2319,6040,5467,460,625,1805,0,0,2,8359,0,ITH,ITH3,5,Veneto,Veneto,4905854,86777,1.77,0.17
1430,2021-01-22,VEN,1078,331,747,945,35,38,57,0,0,3,25,1053,ITH,ITH3,5,Veneto,Veneto,4905854,87855,1.79,0.02
1431,2021-03-29,VEN,31145,13466,17679,593,117,11598,461,17282,652,442,27313,3832,ITH,ITH3,5,Veneto,Veneto,4905854,119000,2.43,0.63
1432,2021-01-02,VEN,5741,1765,3976,4797,147,248,544,2,0,3,5741,0,ITH,ITH3,5,Veneto,Veneto,4905854,124741,2.54,0.12
1433,2021-03-15,VEN,16509,7186,9323,1351,36,2876,370,9314,598,1964,11293,5216,ITH,ITH3,5,Veneto,Veneto,4905854,141250,2.88,0.34
1434,2021-03-18,VEN,12531,5107,7424,1406,225,1920,495,7610,21,854,7344,5187,ITH,ITH3,5,Veneto,Veneto,4905854,153781,3.13,0.26
1435,2021-02-23,VEN,7333,3224,4109,1015,62,423,216,5366,69,182,7073,260,ITH,ITH3,5,Veneto,Veneto,4905854,161114,3.28,0.15
1436,2021-02-26,VEN,8275,3261,5014,1726,205,876,742,4381,31,314,7024,1251,ITH,ITH3,5,Veneto,Veneto,4905854,169389,3.45,0.17
1437,2021-01-29,VEN,9001,2781,6220,6046,479,1032,1434,3,1,6,367,8634,ITH,ITH3,5,Veneto,Veneto,4905854,178390,3.64,0.18
1438,2021-03-03,VEN,11967,4537,7430,3325,303,1104,1220,3372,311,2332,8474,3493,ITH,ITH3,5,Veneto,Veneto,4905854,190357,3.88,0.24
1439,2021-03-31,VEN,37865,15819,22046,1551,88,16460,697,18378,293,398,30441,7424,ITH,ITH3,5,Veneto,Veneto,4905854,228222,4.65,0.77
1440,2021-03-09,VEN,16409,7363,9046,1261,142,1832,720,8546,963,2945,10135,6274,ITH,ITH3,5,Veneto,Veneto,4905854,244631,4.99,0.33
1441,2021-01-03,VEN,5159,1563,3596,4597,59,252,249,0,0,2,5159,0,ITH,ITH3,5,Veneto,Veneto,4905854,249790,5.09,0.11
1442,2021-02-28,VEN,4127,1382,2745,1703,30,1381,15,983,0,15,3290,837,ITH,ITH3,5,Veneto,Veneto,4905854,253917,5.18,0.08
1443,2021-01-26,VEN,6901,2081,4820,5337,221,374,963,0,1,5,154,6747,ITH,ITH3,5,Veneto,Veneto,4905854,260818,5.32,0.14
1444,2021-02-04,VEN,7315,2014,5301,3463,455,999,2380,12,0,6,554,6761,ITH,ITH3,5,Veneto,Veneto,4905854,268133,5.47,0.15
1445,2021-03-10,VEN,18849,8566,10283,1456,68,2463,559,9055,1101,4147,13166,5683,ITH,ITH3,5,Veneto,Veneto,4905854,286982,5.85,0.38
1446,2021-01-31,VEN,4744,1550,3194,3678,147,532,377,4,2,4,393,4351,ITH,ITH3,5,Veneto,Veneto,4905854,291726,5.95,0.1
1447,2021-03-17,VEN,14551,5936,8615,1909,168,2540,267,8942,26,699,7819,6732,ITH,ITH3,5,Veneto,Veneto,4905854,306277,6.24,0.3
1448,2021-02-09,VEN,5175,1876,3299,3099,313,548,1190,19,0,6,3444,1731,ITH,ITH3,5,Veneto,Veneto,4905854,311452,6.35,0.11
1449,2021-01-09,VEN,7929,2538,5391,5175,336,825,1573,3,11,6,7929,0,ITH,ITH3,5,Veneto,Veneto,4905854,319381,6.51,0.16
1450,2021-02-21,VEN,4624,1203,3421,495,0,9,18,417,2,3683,4619,5,ITH,ITH3,5,Veneto,Veneto,4905854,324005,6.6,0.09
1451,2021-03-14,VEN,15129,5904,9225,2316,209,4485,100,4141,246,3632,14233,896,ITH,ITH3,5,Veneto,Veneto,4905854,339134,6.91,0.31
1452,2021-02-07,VEN,2314,861,1453,1935,11,314,50,2,0,2,714,1600,ITH,ITH3,5,Veneto,Veneto,4905854,341448,6.96,0.05
1453,2021-01-04,VEN,6726,2029,4697,5238,181,387,913,1,0,6,6726,0,ITH,ITH3,5,Veneto,Veneto,4905854,348174,7.1,0.14
1454,2021-01-18,VEN,2763,777,1986,1225,234,303,992,8,0,1,2564,199,ITH,ITH3,5,Veneto,Veneto,4905854,350937,7.15,0.06
1455,2020-12-30,VEN,699,245,454,598,12,48,39,0,0,2,699,0,ITH,ITH3,5,Veneto,Veneto,4905854,351636,7.17,0.01
1456,2021-02-01,VEN,8520,2490,6030,4208,495,1456,2106,245,0,10,165,8355,ITH,ITH3,5,Veneto,Veneto,4905854,360156,7.34,0.17
1457,2021-01-19,VEN,1308,471,837,726,83,168,325,6,0,0,1159,149,ITH,ITH3,5,Veneto,Veneto,4905854,361464,7.37,0.03
1458,2021-03-12,VEN,18531,8101,10430,1962,225,3130,750,8063,904,3497,11813,6718,ITH,ITH3,5,Veneto,Veneto,4905854,379995,7.75,0.38
1459,2020-12-31,VEN,3219,1043,2176,2701,77,187,252,0,0,2,3219,0,ITH,ITH3,5,Veneto,Veneto,4905854,383214,7.81,0.07
1460,2021-04-05,VEN,19140,8375,10765,622,7,12488,327,5504,16,176,13689,5451,ITH,ITH3,5,Veneto,Veneto,4905854,402354,8.2,0.39
1461,2021-01-27,VEN,7140,2064,5076,5207,211,834,879,0,0,9,246,6894,ITH,ITH3,5,Veneto,Veneto,4905854,409494,8.35,0.15
1462,2021-01-05,VEN,7328,2183,5145,5412,304,484,1122,0,1,5,7328,0,ITH,ITH3,5,Veneto,Veneto,4905854,416822,8.5,0.15
1463,2021-01-20,VEN,1038,368,670,695,58,71,213,0,0,1,386,652,ITH,ITH3,5,Veneto,Veneto,4905854,417860,8.52,0.02
1464,2021-02-02,VEN,6404,1843,4561,2971,533,750,1994,153,0,3,391,6013,ITH,ITH3,5,Veneto,Veneto,4905854,424264,8.65,0.13
1465,2021-03-30,VEN,35530,15039,20491,749,112,16452,549,16871,331,466,30298,5232,ITH,ITH3,5,Veneto,Veneto,4905854,459794,9.37,0.72
1466,2021-01-21,VEN,2291,720,1571,1987,48,112,141,0,0,3,21,2270,ITH,ITH3,5,Veneto,Veneto,4905854,462085,9.42,0.05
1467,2021-02-03,VEN,5934,1660,4274,2852,428,903,1744,1,0,6,482,5452,ITH,ITH3,5,Veneto,Veneto,4905854,468019,9.54,0.12
1468,2021-01-30,VEN,8745,2671,6074,6237,298,951,1234,4,12,9,695,8050,ITH,ITH3,5,Veneto,Veneto,4905854,476764,9.72,0.18
1469,2020-12-27,VEN,880,395,485,875,0,4,0,0,0,1,880,0,ITH,ITH3,5,Veneto,Veneto,4905854,477644,9.74,0.02
1470,2021-04-03,VEN,21636,9473,12163,1294,39,11539,147,8471,19,127,13911,7725,ITH,ITH3,5,Veneto,Veneto,4905854,499280,10.18,0.44
1471,2021-01-28,VEN,9206,2662,6544,6463,360,922,1451,5,0,5,175,9031,ITH,ITH3,5,Veneto,Veneto,4905854,508486,10.36,0.19
1472,2021-02-12,VEN,4312,1447,2865,2765,141,730,659,6,3,8,3740,572,ITH,ITH3,5,Veneto,Veneto,4905854,512798,10.45,0.09
1473,2021-01-25,VEN,6466,2075,4391,5060,152,347,904,1,0,2,169,6297,ITH,ITH3,5,Veneto,Veneto,4905854,519264,10.58,0.13
1474,2021-03-05,VEN,13167,4906,8261,3438,267,1724,1415,3085,285,2953,9585,3582,ITH,ITH3,5,Veneto,Veneto,4905854,532431,10.85,0.27
1475,2021-01-11,VEN,7239,2100,5139,3499,503,1026,1956,247,0,8,7239,0,ITH,ITH3,5,Veneto,Veneto,4905854,539670,11.0,0.15
1476,2021-01-15,VEN,5863,1818,4045,2984,460,838,1565,9,3,4,5863,0,ITH,ITH3,5,Veneto,Veneto,4905854,545533,11.12,0.12
1477,2021-04-08,VEN,31090,13812,17278,772,73,19071,417,10218,98,441,23324,7766,ITH,ITH3,5,Veneto,Veneto,4905854,576623,11.75,0.63
1478,2021-01-10,VEN,5020,1662,3358,3840,166,547,462,2,2,1,5020,0,ITH,ITH3,5,Veneto,Veneto,4905854,581643,11.86,0.1
1479,2021-02-27,VEN,8984,2690,6294,2177,38,604,63,1962,12,4128,8135,849,ITH,ITH3,5,Veneto,Veneto,4905854,590627,12.04,0.18
1480,2021-02-18,VEN,5790,2444,3346,954,74,288,667,3798,1,8,5726,64,ITH,ITH3,5,Veneto,Veneto,4905854,596417,12.16,0.12
1481,2021-04-04,VEN,7764,3523,4241,21,0,6358,0,1371,2,12,6614,1150,ITH,ITH3,5,Veneto,Veneto,4905854,604181,12.32,0.16
1482,2021-03-16,VEN,12462,5328,7134,1292,105,2585,461,7882,19,118,6852,5610,ITH,ITH3,5,Veneto,Veneto,4905854,616643,12.57,0.25
1483,2021-02-25,VEN,7894,3337,4557,1531,252,297,472,4937,109,296,7292,602,ITH,ITH3,5,Veneto,Veneto,4905854,624537,12.73,0.16
1484,2021-03-26,VEN,29338,12974,16364,1255,369,13527,1178,10345,814,1850,23847,5491,ITH,ITH3,5,Veneto,Veneto,4905854,653875,13.33,0.6
1485,2021-02-19,VEN,7294,3122,4172,1542,175,534,665,4366,3,9,7092,202,ITH,ITH3,5,Veneto,Veneto,4905854,661169,13.48,0.15
1486,2021-01-06,VEN,8130,2383,5747,6308,170,831,808,1,2,10,8130,0,ITH,ITH3,5,Veneto,Veneto,4905854,669299,13.64,0.17
1487,2021-02-14,VEN,125,56,69,97,1,27,0,0,0,0,112,13,ITH,ITH3,5,Veneto,Veneto,4905854,669424,13.65,0.0
1488,2021-01-08,VEN,9398,2832,6566,5982,590,1003,1807,3,1,12,9398,0,ITH,ITH3,5,Veneto,Veneto,4905854,678822,13.84,0.19
1489,2021-02-11,VEN,4013,1239,2774,2659,156,391,789,9,1,8,3383,630,ITH,ITH3,5,Veneto,Veneto,4905854,682835,13.92,0.08
1490,2021-01-14,VEN,7058,1923,5135,3237,526,783,2491,17,0,4,7058,0,ITH,ITH3,5,Veneto,Veneto,4905854,689893,14.06,0.14
1491,2021-01-12,VEN,5231,1516,3715,2251,359,695,1753,168,0,5,5231,0,ITH,ITH3,5,Veneto,Veneto,4905854,695124,14.17,0.11
1492,2021-03-07,VEN,4453,1742,2711,1692,2,924,23,983,0,829,3900,553,ITH,ITH3,5,Veneto,Veneto,4905854,699577,14.26,0.09
1493,2021-03-02,VEN,11333,4556,6777,2770,437,1389,1173,3290,410,1864,8059,3274,ITH,ITH3,5,Veneto,Veneto,4905854,710910,14.49,0.23
1494,2021-04-07,VEN,34421,15447,18974,1535,333,26233,655,5254,61,350,27259,7162,ITH,ITH3,5,Veneto,Veneto,4905854,745331,15.19,0.7
1495,2021-01-23,VEN,4063,1255,2808,3406,119,84,450,1,0,3,34,4029,ITH,ITH3,5,Veneto,Veneto,4905854,749394,15.28,0.08
1496,2021-04-09,VEN,30055,13307,16748,1243,126,17693,394,10366,47,186,21825,8230,ITH,ITH3,5,Veneto,Veneto,4905854,779449,15.89,0.61
1497,2021-02-10,VEN,4750,1587,3163,3173,228,572,775,0,0,2,3698,1052,ITH,ITH3,5,Veneto,Veneto,4905854,784199,15.98,0.1
1498,2021-03-27,VEN,31866,13890,17976,1967,41,15512,170,12502,126,1548,26041,5825,ITH,ITH3,5,Veneto,Veneto,4905854,816065,16.63,0.65
1499,2021-02-15,VEN,4386,1821,2565,484,65,144,383,3294,14,2,4145,241,ITH,ITH3,5,Veneto,Veneto,4905854,820451,16.72,0.09
1500,2021-03-25,VEN,25586,10826,14760,1363,342,9873,952,10173,665,2218,19524,6062,ITH,ITH3,5,Veneto,Veneto,4905854,846037,17.25,0.52
1501,2021-03-13,VEN,17146,7231,9915,2498,54,5204,103,4820,426,4041,14039,3107,ITH,ITH3,5,Veneto,Veneto,4905854,863183,17.59,0.35
1502,2021-02-13,VEN,3267,1474,1793,1568,75,181,1438,3,1,1,3247,20,ITH,ITH3,5,Veneto,Veneto,4905854,866450,17.66,0.07
1503,2021-01-24,VEN,4117,1219,2898,3752,17,121,222,1,0,4,28,4089,ITH,ITH3,5,Veneto,Veneto,4905854,870567,17.75,0.08
1504,2021-03-22,VEN,18040,8103,9937,1165,123,6413,516,6742,742,2339,13010,5030,ITH,ITH3,5,Veneto,Veneto,4905854,888607,18.11,0.37
1505,2021-03-23,VEN,21936,10091,11845,1085,202,9566,638,6708,944,2793,17336,4600,ITH,ITH3,5,Veneto,Veneto,4905854,910543,18.56,0.45
1506,2021-03-24,VEN,21846,9384,12462,1159,235,5606,800,10491,743,2812,15063,6783,ITH,ITH3,5,Veneto,Veneto,4905854,932389,19.01,0.45
1507,2021-04-10,VEN,12058,5147,6911,337,13,5294,178,6153,8,75,7287,4771,ITH,ITH3,5,Veneto,Veneto,4905854,944447,19.25,0.25
1508,2021-04-02,VEN,23376,10280,13096,987,60,11703,327,9932,75,292,17126,6250,ITH,ITH3,5,Veneto,Veneto,4905854,967823,19.73,0.48
1509,2021-02-06,VEN,4090,1351,2739,3027,171,518,367,3,0,4,709,3381,ITH,ITH3,5,Veneto,Veneto,4905854,971913,19.81,0.08
1510,2021-03-04,VEN,12736,4717,8019,3126,380,1260,1385,3406,352,2827,9318,3418,ITH,ITH3,5,Veneto,Veneto,4905854,984649,20.07,0.26
1511,2021-02-22,VEN,6986,3028,3958,744,44,191,342,5422,1,242,6599,387,ITH,ITH3,5,Veneto,Veneto,4905854,991635,20.21,0.14
1512,2021-02-08,VEN,4970,1539,3431,2819,274,686,1175,12,0,4,1930,3040,ITH,ITH3,5,Veneto,Veneto,4905854,996605,20.31,0.1
1513,2021-01-01,VEN,1527,471,1056,1495,0,28,1,0,0,3,1527,0,ITH,ITH3,5,Veneto,Veneto,4905854,998132,20.35,0.03
1514,2021-01-16,VEN,4606,1541,3065,3194,273,482,657,0,0,0,4606,0,ITH,ITH3,5,Veneto,Veneto,4905854,1002738,20.44,0.09
1515,2021-03-20,VEN,12812,5310,7502,655,27,4566,215,4839,217,2293,10713,2099,ITH,ITH3,5,Veneto,Veneto,4905854,1015550,20.7,0.26
1516,2021-04-01,VEN,23894,10407,13487,900,150,11911,543,10050,193,147,17548,6346,ITH,ITH3,5,Veneto,Veneto,4905854,1039444,21.19,0.49
1517,2021-03-19,VEN,13722,5646,8076,1788,148,2644,477,7899,48,718,7670,6052,ITH,ITH3,5,Veneto,Veneto,4905854,1053166,21.47,0.28
1518,2021-01-17,VEN,1932,780,1152,1588,40,179,120,3,0,2,1583,349,ITH,ITH3,5,Veneto,Veneto,4905854,1055098,21.51,0.04
1519,2021-03-08,VEN,13464,6140,7324,709,56,1168,384,7162,1040,2945,9426,4038,ITH,ITH3,5,Veneto,Veneto,4905854,1068562,21.78,0.27
1520,2021-02-20,VEN,6418,2012,4406,1865,35,199,100,970,6,3243,6349,69,ITH,ITH3,5,Veneto,Veneto,4905854,1074980,21.91,0.13
1521,2021-04-06,VEN,27756,12750,15006,402,45,21252,356,5545,56,100,22699,5057,ITH,ITH3,5,Veneto,Veneto,4905854,1102736,22.48,0.57
1522,2021-02-24,VEN,8609,3676,4933,1566,226,412,521,5606,264,14,8125,484,ITH,ITH3,5,Veneto,Veneto,4905854,1111345,22.65,0.18
1523,2021-03-28,VEN,31272,13594,17678,1414,45,16951,144,10250,52,2416,27578,3694,ITH,ITH3,5,Veneto,Veneto,4905854,1142617,23.29,0.64
1524,2021-02-20,FVG,2068,933,1135,11,1,18,148,1584,0,306,1924,144,ITH,ITH4,6,Friuli-Venezia Giulia,Friuli Venezia Giulia,1215220,2068,0.17,0.17
1525,2021-03-12,FVG,3935,1542,2393,176,61,116,27,2865,101,589,2555,1380,ITH,ITH4,6,Friuli-Venezia Giulia,Friuli Venezia Giulia,1215220,6003,0.49,0.32
1526,2021-03-26,FVG,5659,2372,3287,496,193,1962,123,2046,87,752,3646,2013,ITH,ITH4,6,Friuli-Venezia Giulia,Friuli Venezia Giulia,1215220,11662,0.96,0.47
1527,2021-01-07,FVG,2092,718,1374,1760,1,221,110,0,0,0,2092,0,ITH,ITH4,6,Friuli-Venezia Giulia,Friuli Venezia Giulia,1215220,13754,1.13,0.17
1528,2021-03-04,FVG,3411,1578,1833,357,212,39,96,1815,491,401,2769,642,ITH,ITH4,6,Friuli-Venezia Giulia,Friuli Venezia Giulia,1215220,17165,1.41,0.28
1529,2021-02-01,FVG,2094,688,1406,1588,254,117,135,0,0,0,15,2079,ITH,ITH4,6,Friuli-Venezia Giulia,Friuli Venezia Giulia,1215220,19259,1.58,0.17
1530,2021-02-13,FVG,567,179,388,337,230,0,0,0,0,0,561,6,ITH,ITH4,6,Friuli-Venezia Giulia,Friuli Venezia Giulia,1215220,19826,1.63,0.05
1531,2021-02-08,FVG,2356,693,1663,1400,521,0,435,0,0,0,92,2264,ITH,ITH4,6,Friuli-Venezia Giulia,Friuli Venezia Giulia,1215220,22182,1.83,0.19
1532,2021-01-24,FVG,305,119,186,277,0,27,1,0,0,0,1,304,ITH,ITH4,6,Friuli-Venezia Giulia,Friuli Venezia Giulia,1215220,22487,1.85,0.03
1533,2021-04-07,FVG,5696,2575,3121,306,270,3557,28,1506,8,21,4951,745,ITH,ITH4,6,Friuli-Venezia Giulia,Friuli Venezia Giulia,1215220,28183,2.32,0.47
1534,2021-01-08,FVG,2322,747,1575,1680,5,241,396,0,0,0,2322,0,ITH,ITH4,6,Friuli-Venezia Giulia,Friuli Venezia Giulia,1215220,30505,2.51,0.19
1535,2021-02-18,FVG,3211,1488,1723,229,122,16,331,1501,34,978,2805,406,ITH,ITH4,6,Friuli-Venezia Giulia,Friuli Venezia Giulia,1215220,33716,2.77,0.26
1536,2021-02-19,FVG,3254,1290,1964,568,309,14,313,1589,35,426,2825,429,ITH,ITH4,6,Friuli-Venezia Giulia,Friuli Venezia Giulia,1215220,36970,3.04,0.27
1537,2021-01-18,FVG,1962,607,1355,1360,4,488,110,0,0,0,1868,94,ITH,ITH4,6,Friuli-Venezia Giulia,Friuli Venezia Giulia,1215220,38932,3.2,0.16
1538,2021-01-27,FVG,1272,425,847,851,1,356,64,0,0,0,450,822,ITH,ITH4,6,Friuli-Venezia Giulia,Friuli Venezia Giulia,1215220,40204,3.31,0.1
1539,2021-02-27,FVG,3422,1178,2244,203,140,32,0,1523,25,1499,3421,1,ITH,ITH4,6,Friuli-Venezia Giulia,Friuli Venezia Giulia,1215220,43626,3.59,0.28
1540,2021-01-02,FVG,1217,471,746,1150,0,67,0,0,0,0,1217,0,ITH,ITH4,6,Friuli-Venezia Giulia,Friuli Venezia Giulia,1215220,44843,3.69,0.1
1541,2021-02-22,FVG,2493,1196,1297,431,312,15,115,1369,246,5,2075,418,ITH,ITH4,6,Friuli-Venezia Giulia,Friuli Venezia Giulia,1215220,47336,3.9,0.21
1542,2021-02-28,FVG,2668,988,1680,234,162,1,0,405,378,1488,2273,395,ITH,ITH4,6,Friuli-Venezia Giulia,Friuli Venezia Giulia,1215220,50004,4.11,0.22
1543,2021-02-25,FVG,3074,1606,1468,22,4,125,188,1557,436,742,3049,25,ITH,ITH4,6,Friuli-Venezia Giulia,Friuli Venezia Giulia,1215220,53078,4.37,0.25
1544,2021-01-14,FVG,2588,789,1799,1608,14,536,430,0,0,0,2588,0,ITH,ITH4,6,Friuli-Venezia Giulia,Friuli Venezia Giulia,1215220,55666,4.58,0.21
1545,2021-03-08,FVG,4041,1574,2467,694,366,176,140,2190,39,436,1953,2088,ITH,ITH4,6,Friuli-Venezia Giulia,Friuli Venezia Giulia,1215220,59707,4.91,0.33
1546,2021-02-12,FVG,1200,428,772,674,392,3,128,2,0,1,1150,50,ITH,ITH4,6,Friuli-Venezia Giulia,Friuli Venezia Giulia,1215220,60907,5.01,0.1
1547,2021-04-10,FVG,1220,578,642,15,15,699,0,458,2,31,1161,59,ITH,ITH4,6,Friuli-Venezia Giulia,Friuli Venezia Giulia,1215220,62127,5.11,0.1
1548,2021-03-01,FVG,2958,1042,1916,93,32,68,176,1636,4,949,2905,53,ITH,ITH4,6,Friuli-Venezia Giulia,Friuli Venezia Giulia,1215220,65085,5.36,0.24
1549,2021-01-29,FVG,2413,813,1600,1855,0,321,237,0,0,0,264,2149,ITH,ITH4,6,Friuli-Venezia Giulia,Friuli Venezia Giulia,1215220,67498,5.55,0.2
1550,2021-03-22,FVG,3475,1327,2148,147,86,102,207,2464,6,463,1522,1953,ITH,ITH4,6,Friuli-Venezia Giulia,Friuli Venezia Giulia,1215220,70973,5.84,0.29
1551,2021-03-31,FVG,7949,3464,4485,168,85,4263,287,2156,112,878,7118,831,ITH,ITH4,6,Friuli-Venezia Giulia,Friuli Venezia Giulia,1215220,78922,6.49,0.65
1552,2021-04-02,FVG,6381,2830,3551,354,235,2615,76,3088,10,3,4580,1801,ITH,ITH4,6,Friuli-Venezia Giulia,Friuli Venezia Giulia,1215220,85303,7.02,0.53
1553,2021-02-02,FVG,2467,806,1661,1658,393,0,416,0,0,0,217,2250,ITH,ITH4,6,Friuli-Venezia Giulia,Friuli Venezia Giulia,1215220,87770,7.22,0.2
1554,2021-03-06,FVG,3491,1194,2297,182,148,111,1,1565,20,1464,3165,326,ITH,ITH4,6,Friuli-Venezia Giulia,Friuli Venezia Giulia,1215220,91261,7.51,0.29
1555,2021-03-24,FVG,3712,1506,2206,178,176,426,129,2315,61,427,2240,1472,ITH,ITH4,6,Friuli-Venezia Giulia,Friuli Venezia Giulia,1215220,94973,7.82,0.31
1556,2021-03-23,FVG,3733,1551,2182,320,297,159,240,2447,29,241,1594,2139,ITH,ITH4,6,Friuli-Venezia Giulia,Friuli Venezia Giulia,1215220,98706,8.12,0.31
1557,2021-03-03,FVG,3642,1628,2014,750,493,72,100,1331,469,427,2364,1278,ITH,ITH4,6,Friuli-Venezia Giulia,Friuli Venezia Giulia,1215220,102348,8.42,0.3
1558,2020-12-27,FVG,262,149,113,259,0,3,0,0,0,0,262,0,ITH,ITH4,6,Friuli-Venezia Giulia,Friuli Venezia Giulia,1215220,102610,8.44,0.02
1559,2021-02-21,FVG,800,281,519,213,166,11,26,382,1,1,423,377,ITH,ITH4,6,Friuli-Venezia Giulia,Friuli Venezia Giulia,1215220,103410,8.51,0.07
1560,2021-02-06,FVG,1154,338,816,755,208,0,191,0,0,0,22,1132,ITH,ITH4,6,Friuli-Venezia Giulia,Friuli Venezia Giulia,1215220,104564,8.6,0.09
1561,2021-01-22,FVG,90,30,60,89,0,1,0,0,0,0,0,90,ITH,ITH4,6,Friuli-Venezia Giulia,Friuli Venezia Giulia,1215220,104654,8.61,0.01
1562,2021-02-10,FVG,1352,496,856,745,487,0,119,0,0,1,1266,86,ITH,ITH4,6,Friuli-Venezia Giulia,Friuli Venezia Giulia,1215220,106006,8.72,0.11
1563,2021-01-31,FVG,2715,836,1879,1693,2,1002,18,0,0,0,385,2330,ITH,ITH4,6,Friuli-Venezia Giulia,Friuli Venezia Giulia,1215220,108721,8.95,0.22
1564,2021-04-08,FVG,6007,2526,3481,203,101,2886,147,2660,0,10,4478,1529,ITH,ITH4,6,Friuli-Venezia Giulia,Friuli Venezia Giulia,1215220,114728,9.44,0.49
1565,2021-03-17,FVG,3207,1257,1950,428,219,108,199,2244,3,6,717,2490,ITH,ITH4,6,Friuli-Venezia Giulia,Friuli Venezia Giulia,1215220,117935,9.7,0.26
1566,2021-03-16,FVG,3137,1281,1856,326,255,110,243,2202,0,1,1058,2079,ITH,ITH4,6,Friuli-Venezia Giulia,Friuli Venezia Giulia,1215220,121072,9.96,0.26
1567,2021-02-09,FVG,1848,556,1292,1053,509,0,286,0,0,0,1559,289,ITH,ITH4,6,Friuli-Venezia Giulia,Friuli Venezia Giulia,1215220,122920,10.12,0.15
1568,2021-03-25,FVG,5225,2220,3005,53,54,1989,186,2056,53,834,3092,2133,ITH,ITH4,6,Friuli-Venezia Giulia,Friuli Venezia Giulia,1215220,128145,10.55,0.43
1569,2021-01-26,FVG,1973,647,1326,1440,0,152,381,0,0,0,214,1759,ITH,ITH4,6,Friuli-Venezia Giulia,Friuli Venezia Giulia,1215220,130118,10.71,0.16
1570,2021-03-27,FVG,4977,2556,2421,60,30,2784,1,1989,15,98,3566,1411,ITH,ITH4,6,Friuli-Venezia Giulia,Friuli Venezia Giulia,1215220,135095,11.12,0.41
1571,2021-03-10,FVG,3362,1494,1868,306,244,128,207,1973,309,195,1570,1792,ITH,ITH4,6,Friuli-Venezia Giulia,Friuli Venezia Giulia,1215220,138457,11.39,0.28
1572,2021-02-15,FVG,2454,909,1545,700,386,19,315,1034,0,0,2204,250,ITH,ITH4,6,Friuli-Venezia Giulia,Friuli Venezia Giulia,1215220,140911,11.6,0.2
1573,2021-01-09,FVG,2518,841,1677,1519,2,404,593,0,0,0,2518,0,ITH,ITH4,6,Friuli-Venezia Giulia,Friuli Venezia Giulia,1215220,143429,11.8,0.21
1574,2021-03-13,FVG,2932,1119,1813,12,4,11,86,2057,39,723,1660,1272,ITH,ITH4,6,Friuli-Venezia Giulia,Friuli Venezia Giulia,1215220,146361,12.04,0.24
1575,2021-03-14,FVG,1395,548,847,0,1,17,0,247,333,797,1143,252,ITH,ITH4,6,Friuli-Venezia Giulia,Friuli Venezia Giulia,1215220,147756,12.16,0.11
1576,2021-03-29,FVG,6803,2977,3826,236,179,3486,143,2401,46,312,5224,1579,ITH,ITH4,6,Friuli-Venezia Giulia,Friuli Venezia Giulia,1215220,154559,12.72,0.56
1577,2021-01-12,FVG,2259,712,1547,1528,19,351,361,0,0,0,2259,0,ITH,ITH4,6,Friuli-Venezia Giulia,Friuli Venezia Giulia,1215220,156818,12.9,0.19
1578,2021-03-09,FVG,3863,1590,2273,657,420,102,195,2005,60,424,1110,2753,ITH,ITH4,6,Friuli-Venezia Giulia,Friuli Venezia Giulia,1215220,160681,13.22,0.32
1579,2021-03-28,FVG,4804,2270,2534,13,13,2936,0,425,111,1306,4664,140,ITH,ITH4,6,Friuli-Venezia Giulia,Friuli Venezia Giulia,1215220,165485,13.62,0.4
1580,2021-03-19,FVG,3200,1327,1873,105,46,121,282,2512,0,134,1272,1928,ITH,ITH4,6,Friuli-Venezia Giulia,Friuli Venezia Giulia,1215220,168685,13.88,0.26
1581,2021-01-17,FVG,1720,524,1196,674,5,555,486,0,0,0,1720,0,ITH,ITH4,6,Friuli-Venezia Giulia,Friuli Venezia Giulia,1215220,170405,14.02,0.14
1582,2021-01-25,FVG,1583,567,1016,1370,0,141,72,0,0,0,194,1389,ITH,ITH4,6,Friuli-Venezia Giulia,Friuli Venezia Giulia,1215220,171988,14.15,0.13
1583,2021-02-23,FVG,2615,1252,1363,104,44,63,206,1943,254,1,2437,178,ITH,ITH4,6,Friuli-Venezia Giulia,Friuli Venezia Giulia,1215220,174603,14.37,0.22
1584,2021-02-26,FVG,3739,2094,1645,75,26,115,453,1739,1032,299,3592,147,ITH,ITH4,6,Friuli-Venezia Giulia,Friuli Venezia Giulia,1215220,178342,14.68,0.31
1585,2021-03-21,FVG,2600,937,1663,6,3,112,0,1333,27,1119,2192,408,ITH,ITH4,6,Friuli-Venezia Giulia,Friuli Venezia Giulia,1215220,180942,14.89,0.21
1586,2021-01-21,FVG,895,345,550,864,0,31,0,0,0,0,1,894,ITH,ITH4,6,Friuli-Venezia Giulia,Friuli Venezia Giulia,1215220,181837,14.96,0.07
1587,2021-03-18,FVG,3348,1413,1935,60,22,270,129,2863,0,4,1668,1680,ITH,ITH4,6,Friuli-Venezia Giulia,Friuli Venezia Giulia,1215220,185185,15.24,0.28
1588,2021-03-05,FVG,3737,1478,2259,1049,652,42,70,1735,43,146,2664,1073,ITH,ITH4,6,Friuli-Venezia Giulia,Friuli Venezia Giulia,1215220,188922,15.55,0.31
1589,2021-01-20,FVG,751,323,428,719,1,31,0,0,0,0,12,739,ITH,ITH4,6,Friuli-Venezia Giulia,Friuli Venezia Giulia,1215220,189673,15.61,0.06
1590,2021-01-05,FVG,1680,551,1129,1350,1,132,197,0,0,0,1680,0,ITH,ITH4,6,Friuli-Venezia Giulia,Friuli Venezia Giulia,1215220,191353,15.75,0.14
1591,2021-01-16,FVG,1231,360,871,771,1,211,248,0,0,0,1231,0,ITH,ITH4,6,Friuli-Venezia Giulia,Friuli Venezia Giulia,1215220,192584,15.85,0.1
1592,2021-02-04,FVG,2731,807,1924,1723,543,0,465,0,0,0,36,2695,ITH,ITH4,6,Friuli-Venezia Giulia,Friuli Venezia Giulia,1215220,195315,16.07,0.22
1593,2021-04-01,FVG,5744,2735,3009,165,109,3149,193,1979,56,93,4752,992,ITH,ITH4,6,Friuli-Venezia Giulia,Friuli Venezia Giulia,1215220,201059,16.55,0.47
1594,2021-01-06,FVG,710,264,446,515,0,195,0,0,0,0,710,0,ITH,ITH4,6,Friuli-Venezia Giulia,Friuli Venezia Giulia,1215220,201769,16.6,0.06
1595,2021-04-06,FVG,6052,2680,3372,248,190,2879,52,2637,19,27,4943,1109,ITH,ITH4,6,Friuli-Venezia Giulia,Friuli Venezia Giulia,1215220,207821,17.1,0.5
1596,2021-03-11,FVG,3327,1393,1934,262,109,47,287,2014,104,504,1578,1749,ITH,ITH4,6,Friuli-Venezia Giulia,Friuli Venezia Giulia,1215220,211148,17.38,0.27
1597,2021-01-28,FVG,2236,792,1444,1755,0,287,194,0,0,0,354,1882,ITH,ITH4,6,Friuli-Venezia Giulia,Friuli Venezia Giulia,1215220,213384,17.56,0.18
1598,2021-01-15,FVG,2028,606,1422,1283,6,364,375,0,0,0,2028,0,ITH,ITH4,6,Friuli-Venezia Giulia,Friuli Venezia Giulia,1215220,215412,17.73,0.17
1599,2021-01-11,FVG,1882,609,1273,1500,3,333,46,0,0,0,1882,0,ITH,ITH4,6,Friuli-Venezia Giulia,Friuli Venezia Giulia,1215220,217294,17.88,0.15
1600,2021-03-15,FVG,3760,1634,2126,327,253,107,180,2425,234,234,1441,2319,ITH,ITH4,6,Friuli-Venezia Giulia,Friuli Venezia Giulia,1215220,221054,18.19,0.31
1601,2021-04-03,FVG,3965,1962,2003,38,24,1491,0,2240,23,149,2640,1325,ITH,ITH4,6,Friuli-Venezia Giulia,Friuli Venezia Giulia,1215220,225019,18.52,0.33
1602,2020-12-31,FVG,1053,384,669,1011,0,42,0,0,0,0,1053,0,ITH,ITH4,6,Friuli-Venezia Giulia,Friuli Venezia Giulia,1215220,226072,18.6,0.09
1603,2021-01-04,FVG,1510,559,951,1392,0,118,0,0,0,0,1510,0,ITH,ITH4,6,Friuli-Venezia Giulia,Friuli Venezia Giulia,1215220,227582,18.73,0.12
1604,2021-02-07,FVG,1561,483,1078,866,693,0,2,0,0,0,386,1175,ITH,ITH4,6,Friuli-Venezia Giulia,Friuli Venezia Giulia,1215220,229143,18.86,0.13
1605,2021-04-05,FVG,2860,1425,1435,33,22,2195,0,465,24,121,2845,15,ITH,ITH4,6,Friuli-Venezia Giulia,Friuli Venezia Giulia,1215220,232003,19.09,0.24
1606,2020-12-30,FVG,630,246,384,601,0,29,0,0,0,0,630,0,ITH,ITH4,6,Friuli-Venezia Giulia,Friuli Venezia Giulia,1215220,232633,19.14,0.05
1607,2021-01-19,FVG,7,2,5,5,0,0,2,0,0,0,7,0,ITH,ITH4,6,Friuli-Venezia Giulia,Friuli Venezia Giulia,1215220,232640,19.14,0.0
1608,2021-01-03,FVG,312,122,190,285,0,26,1,0,0,0,312,0,ITH,ITH4,6,Friuli-Venezia Giulia,Friuli Venezia Giulia,1215220,232952,19.17,0.03
1609,2021-02-05,FVG,2613,784,1829,1612,511,0,490,0,0,0,90,2523,ITH,ITH4,6,Friuli-Venezia Giulia,Friuli Venezia Giulia,1215220,235565,19.38,0.22
1610,2021-03-30,FVG,7006,3106,3900,416,306,3764,393,1933,54,140,6086,920,ITH,ITH4,6,Friuli-Venezia Giulia,Friuli Venezia Giulia,1215220,242571,19.96,0.58
1611,2021-01-30,FVG,2271,744,1527,1475,2,352,442,0,0,0,270,2001,ITH,ITH4,6,Friuli-Venezia Giulia,Friuli Venezia Giulia,1215220,244842,20.15,0.19
1612,2021-02-03,FVG,2646,790,1856,1701,558,0,386,1,0,0,23,2623,ITH,ITH4,6,Friuli-Venezia Giulia,Friuli Venezia Giulia,1215220,247488,20.37,0.22
1613,2021-01-10,FVG,2941,919,2022,1745,6,945,245,0,0,0,2941,0,ITH,ITH4,6,Friuli-Venezia Giulia,Friuli Venezia Giulia,1215220,250429,20.61,0.24
1614,2021-01-13,FVG,2651,834,1817,1822,9,590,230,0,0,0,2651,0,ITH,ITH4,6,Friuli-Venezia Giulia,Friuli Venezia Giulia,1215220,253080,20.83,0.22
1615,2021-01-23,FVG,816,324,492,768,1,47,0,0,0,0,4,812,ITH,ITH4,6,Friuli-Venezia Giulia,Friuli Venezia Giulia,1215220,253896,20.89,0.07
1616,2021-03-07,FVG,2537,926,1611,1,1,157,0,143,453,1782,2536,1,ITH,ITH4,6,Friuli-Venezia Giulia,Friuli Venezia Giulia,1215220,256433,21.1,0.21
1617,2021-03-02,FVG,4220,1518,2702,1164,658,19,202,1538,5,634,2717,1503,ITH,ITH4,6,Friuli-Venezia Giulia,Friuli Venezia Giulia,1215220,260653,21.45,0.35
1618,2021-04-09,FVG,6509,2962,3547,238,149,3816,20,2265,0,21,5678,831,ITH,ITH4,6,Friuli-Venezia Giulia,Friuli Venezia Giulia,1215220,267162,21.98,0.54
1619,2021-02-24,FVG,2518,1082,1436,23,5,48,310,1835,0,297,2500,18,ITH,ITH4,6,Friuli-Venezia Giulia,Friuli Venezia Giulia,1215220,269680,22.19,0.21
1620,2021-02-11,FVG,1935,665,1270,1134,566,2,229,3,1,0,1742,193,ITH,ITH4,6,Friuli-Venezia Giulia,Friuli Venezia Giulia,1215220,271615,22.35,0.16
1621,2021-03-20,FVG,3345,1352,1993,413,274,24,8,2381,179,66,1251,2094,ITH,ITH4,6,Friuli-Venezia Giulia,Friuli Venezia Giulia,1215220,274960,22.63,0.28
1622,2021-02-17,FVG,2352,998,1354,328,178,15,230,1555,46,0,1873,479,ITH,ITH4,6,Friuli-Venezia Giulia,Friuli Venezia Giulia,1215220,277312,22.82,0.19
1623,2021-02-16,FVG,2516,1135,1381,260,244,31,221,1760,0,0,2400,116,ITH,ITH4,6,Friuli-Venezia Giulia,Friuli Venezia Giulia,1215220,279828,23.03,0.21
1624,2021-01-24,LAZ,5467,2109,3358,4945,131,131,134,126,0,0,385,5082,ITI,ITI4,12,Lazio,Lazio,5879082,5467,0.09,0.09
1625,2021-03-02,LAZ,16605,7185,9420,1808,357,1069,229,8110,1278,3754,12676,3929,ITI,ITI4,12,Lazio,Lazio,5879082,22072,0.38,0.28
1626,2021-01-10,LAZ,4039,1700,2339,3424,156,207,252,0,0,0,4039,0,ITI,ITI4,12,Lazio,Lazio,5879082,26111,0.44,0.07
1627,2021-03-08,LAZ,19880,8221,11659,2451,120,2062,380,9056,1102,4709,14618,5262,ITI,ITI4,12,Lazio,Lazio,5879082,45991,0.78,0.34
1628,2021-04-08,LAZ,25354,11620,13734,4190,80,13415,178,7304,135,52,17926,7428,ITI,ITI4,12,Lazio,Lazio,5879082,71345,1.21,0.43
1629,2021-01-20,LAZ,4391,1658,2733,3279,233,166,427,286,0,0,2850,1541,ITI,ITI4,12,Lazio,Lazio,5879082,75736,1.29,0.07
1630,2021-03-15,LAZ,19205,8306,10899,2307,122,3553,408,9583,706,2526,12484,6721,ITI,ITI4,12,Lazio,Lazio,5879082,94941,1.61,0.33
1631,2021-01-28,LAZ,7954,2998,4956,6810,374,122,514,134,0,0,459,7495,ITI,ITI4,12,Lazio,Lazio,5879082,102895,1.75,0.14
1632,2021-04-07,LAZ,24142,11004,13138,2888,77,13289,189,7505,101,93,17175,6967,ITI,ITI4,12,Lazio,Lazio,5879082,127037,2.16,0.41
1633,2021-01-30,LAZ,6649,2730,3919,5298,265,309,651,126,0,0,448,6201,ITI,ITI4,12,Lazio,Lazio,5879082,133686,2.27,0.11
1634,2021-01-31,LAZ,4279,1783,2496,3572,139,200,244,124,0,0,296,3983,ITI,ITI4,12,Lazio,Lazio,5879082,137965,2.35,0.07
1635,2021-01-27,LAZ,5768,2170,3598,4797,215,170,457,129,0,0,651,5117,ITI,ITI4,12,Lazio,Lazio,5879082,143733,2.44,0.1
1636,2021-02-10,LAZ,7777,3117,4660,2646,275,306,634,3916,0,0,4841,2936,ITI,ITI4,12,Lazio,Lazio,5879082,151510,2.58,0.13
1637,2021-02-25,LAZ,12636,5514,7122,1754,434,776,489,5149,1423,2611,11590,1046,ITI,ITI4,12,Lazio,Lazio,5879082,164146,2.79,0.21
1638,2021-01-26,LAZ,7605,2907,4698,6592,213,44,631,125,0,0,374,7231,ITI,ITI4,12,Lazio,Lazio,5879082,171751,2.92,0.13
1639,2021-03-28,LAZ,18781,7522,11259,1060,17,6542,77,8373,106,2606,13484,5297,ITI,ITI4,12,Lazio,Lazio,5879082,190532,3.24,0.32
1640,2021-01-09,LAZ,6293,2560,3733,5115,229,329,620,0,0,0,6293,0,ITI,ITI4,12,Lazio,Lazio,5879082,196825,3.35,0.11
1641,2021-02-13,LAZ,6274,2436,3838,2123,42,171,280,3658,0,0,6186,88,ITI,ITI4,12,Lazio,Lazio,5879082,203099,3.45,0.11
1642,2021-03-18,LAZ,14169,6057,8112,1763,90,2632,330,9339,9,6,7794,6375,ITI,ITI4,12,Lazio,Lazio,5879082,217268,3.7,0.24
1643,2021-03-07,LAZ,14058,5419,8639,1201,24,1207,148,7249,696,3533,10469,3589,ITI,ITI4,12,Lazio,Lazio,5879082,231326,3.93,0.24
1644,2021-01-13,LAZ,5559,2063,3496,4145,270,132,1009,3,0,0,5559,0,ITI,ITI4,12,Lazio,Lazio,5879082,236885,4.03,0.09
1645,2021-01-11,LAZ,5525,2103,3422,4553,307,96,569,0,0,0,5525,0,ITI,ITI4,12,Lazio,Lazio,5879082,242410,4.12,0.09
1646,2021-01-05,LAZ,7370,2802,4568,6690,0,102,577,0,1,0,7370,0,ITI,ITI4,12,Lazio,Lazio,5879082,249780,4.25,0.13
1647,2021-03-19,LAZ,17009,7268,9741,2122,140,3762,389,9342,248,1006,10709,6300,ITI,ITI4,12,Lazio,Lazio,5879082,266789,4.54,0.29
1648,2020-12-28,LAZ,959,412,547,957,0,2,0,0,0,0,959,0,ITI,ITI4,12,Lazio,Lazio,5879082,267748,4.55,0.02
1649,2021-02-07,LAZ,4668,1865,2803,3251,138,247,218,813,0,1,382,4286,ITI,ITI4,12,Lazio,Lazio,5879082,272416,4.63,0.08
1650,2021-02-08,LAZ,9335,3868,5467,3789,428,446,918,3754,0,0,4487,4848,ITI,ITI4,12,Lazio,Lazio,5879082,281751,4.79,0.16
1651,2021-02-22,LAZ,11421,4975,6446,1779,123,186,473,5248,1390,2222,10920,501,ITI,ITI4,12,Lazio,Lazio,5879082,293172,4.99,0.19
1652,2021-02-24,LAZ,11995,5182,6813,1798,428,508,337,5197,1327,2400,11005,990,ITI,ITI4,12,Lazio,Lazio,5879082,305167,5.19,0.2
1653,2021-04-10,LAZ,11447,4888,6559,1723,22,5764,37,3848,9,44,7812,3635,ITI,ITI4,12,Lazio,Lazio,5879082,316614,5.39,0.19
1654,2021-03-22,LAZ,21321,8870,12451,1528,75,5972,244,9124,517,3861,14940,6381,ITI,ITI4,12,Lazio,Lazio,5879082,337935,5.75,0.36
1655,2021-03-16,LAZ,13479,5712,7767,1504,69,2147,280,9467,7,5,7057,6422,ITI,ITI4,12,Lazio,Lazio,5879082,351414,5.98,0.23
1656,2020-12-30,LAZ,1630,629,1001,1603,0,0,27,0,0,0,1630,0,ITI,ITI4,12,Lazio,Lazio,5879082,353044,6.01,0.03
1657,2021-01-17,LAZ,4566,1844,2722,3242,145,191,177,811,0,0,4354,212,ITI,ITI4,12,Lazio,Lazio,5879082,357610,6.08,0.08
1658,2021-04-09,LAZ,26027,11725,14302,4388,130,13844,161,7310,129,65,18165,7862,ITI,ITI4,12,Lazio,Lazio,5879082,383637,6.53,0.44
1659,2021-04-02,LAZ,27618,12908,14710,5708,89,12843,166,8407,221,184,20415,7203,ITI,ITI4,12,Lazio,Lazio,5879082,411255,7.0,0.47
1660,2021-03-20,LAZ,18126,6781,11345,1838,139,3763,360,8775,204,3047,12290,5836,ITI,ITI4,12,Lazio,Lazio,5879082,429381,7.3,0.31
1661,2020-12-29,LAZ,488,176,312,486,2,0,0,0,0,0,488,0,ITI,ITI4,12,Lazio,Lazio,5879082,429869,7.31,0.01
1662,2021-02-14,LAZ,5536,2246,3290,1645,20,298,127,3446,0,0,5287,249,ITI,ITI4,12,Lazio,Lazio,5879082,435405,7.41,0.09
1663,2021-01-14,LAZ,5232,1961,3271,3887,304,146,811,84,0,0,5232,0,ITI,ITI4,12,Lazio,Lazio,5879082,440637,7.49,0.09
1664,2021-03-29,LAZ,23617,10600,13017,2050,87,10808,143,9473,259,797,16735,6882,ITI,ITI4,12,Lazio,Lazio,5879082,464254,7.9,0.4
1665,2021-01-02,LAZ,6704,2629,4075,6268,47,31,358,0,0,0,6704,0,ITI,ITI4,12,Lazio,Lazio,5879082,470958,8.01,0.11
1666,2021-03-09,LAZ,20820,8920,11900,3379,104,2188,338,8964,1230,4617,15627,5193,ITI,ITI4,12,Lazio,Lazio,5879082,491778,8.36,0.35
1667,2021-03-04,LAZ,18252,7766,10486,2799,211,1345,507,8170,1315,3905,13240,5012,ITI,ITI4,12,Lazio,Lazio,5879082,510030,8.68,0.31
1668,2021-01-04,LAZ,7478,2907,4571,7075,5,81,316,0,0,1,7478,0,ITI,ITI4,12,Lazio,Lazio,5879082,517508,8.8,0.13
1669,2021-02-01,LAZ,5669,2173,3496,4784,189,130,559,7,0,0,353,5316,ITI,ITI4,12,Lazio,Lazio,5879082,523177,8.9,0.1
1670,2021-01-07,LAZ,7742,2901,4841,6897,175,104,566,0,0,0,7742,0,ITI,ITI4,12,Lazio,Lazio,5879082,530919,9.03,0.13
1671,2021-01-15,LAZ,6245,2477,3768,4498,417,187,988,155,0,0,6245,0,ITI,ITI4,12,Lazio,Lazio,5879082,537164,9.14,0.11
1672,2021-01-21,LAZ,5247,2109,3138,4780,78,32,232,125,0,0,196,5051,ITI,ITI4,12,Lazio,Lazio,5879082,542411,9.23,0.09
1673,2021-03-11,LAZ,23660,10520,13140,4844,124,3028,440,9261,1526,4437,17436,6224,ITI,ITI4,12,Lazio,Lazio,5879082,566071,9.63,0.4
1674,2021-02-20,LAZ,8795,4082,4713,1942,111,350,298,4762,1310,22,8378,417,ITI,ITI4,12,Lazio,Lazio,5879082,574866,9.78,0.15
1675,2021-02-02,LAZ,5772,2133,3639,4712,367,119,571,3,0,0,501,5271,ITI,ITI4,12,Lazio,Lazio,5879082,580638,9.88,0.1
1676,2021-02-21,LAZ,6799,3101,3698,1245,53,309,51,4518,607,16,6517,282,ITI,ITI4,12,Lazio,Lazio,5879082,587437,9.99,0.12
1677,2021-04-01,LAZ,27533,12656,14877,5724,91,12332,284,8567,287,248,20515,7018,ITI,ITI4,12,Lazio,Lazio,5879082,614970,10.46,0.47
1678,2021-04-05,LAZ,19621,8942,10679,537,34,11503,28,7446,10,63,13496,6125,ITI,ITI4,12,Lazio,Lazio,5879082,634591,10.79,0.33
1679,2021-03-13,LAZ,21326,8370,12956,5129,109,2382,330,8917,720,3739,15433,5893,ITI,ITI4,12,Lazio,Lazio,5879082,655917,11.16,0.36
1680,2021-01-03,LAZ,5250,1972,3278,5125,18,42,65,0,0,0,5250,0,ITI,ITI4,12,Lazio,Lazio,5879082,661167,11.25,0.09
1681,2021-02-03,LAZ,6288,2348,3940,4620,335,220,1078,35,0,0,901,5387,ITI,ITI4,12,Lazio,Lazio,5879082,667455,11.35,0.11
1682,2021-03-24,LAZ,25586,11136,14450,3762,92,8388,107,9398,240,3599,19482,6104,ITI,ITI4,12,Lazio,Lazio,5879082,693041,11.79,0.44
1683,2021-03-23,LAZ,23104,9987,13117,2485,98,6788,181,9158,538,3856,16836,6268,ITI,ITI4,12,Lazio,Lazio,5879082,716145,12.18,0.39
1684,2021-02-06,LAZ,5069,2015,3054,3270,206,424,660,509,0,0,769,4300,ITI,ITI4,12,Lazio,Lazio,5879082,721214,12.27,0.09
1685,2021-01-19,LAZ,4361,1671,2690,2967,222,340,424,408,0,0,3908,453,ITI,ITI4,12,Lazio,Lazio,5879082,725575,12.34,0.07
1686,2021-02-05,LAZ,6910,2722,4188,5095,373,258,995,189,0,0,1131,5779,ITI,ITI4,12,Lazio,Lazio,5879082,732485,12.46,0.12
1687,2021-01-18,LAZ,5839,2268,3571,3905,387,369,725,453,0,0,4861,978,ITI,ITI4,12,Lazio,Lazio,5879082,738324,12.56,0.1
1688,2021-03-30,LAZ,24941,11439,13502,3774,86,11217,248,9107,221,288,17860,7081,ITI,ITI4,12,Lazio,Lazio,5879082,763265,12.98,0.42
1689,2021-03-25,LAZ,26364,11246,15118,4792,84,8019,318,9468,199,3484,20066,6298,ITI,ITI4,12,Lazio,Lazio,5879082,789629,13.43,0.45
1690,2021-03-27,LAZ,25570,10192,15378,5574,103,6819,289,9196,134,3455,19322,6248,ITI,ITI4,12,Lazio,Lazio,5879082,815199,13.87,0.43
1691,2021-02-26,LAZ,12894,5607,7287,1909,533,804,352,5171,1385,2740,11676,1218,ITI,ITI4,12,Lazio,Lazio,5879082,828093,14.09,0.22
1692,2021-02-17,LAZ,8810,4372,4438,2282,226,208,499,4249,1345,1,8282,528,ITI,ITI4,12,Lazio,Lazio,5879082,836903,14.24,0.15
1693,2021-02-12,LAZ,6494,2645,3849,1995,136,287,302,3774,0,0,6417,77,ITI,ITI4,12,Lazio,Lazio,5879082,843397,14.35,0.11
1694,2021-01-25,LAZ,7761,3041,4720,7006,205,65,363,122,0,0,421,7340,ITI,ITI4,12,Lazio,Lazio,5879082,851158,14.48,0.13
1695,2021-03-06,LAZ,17993,6907,11086,3681,113,1252,327,7916,932,3772,13739,4254,ITI,ITI4,12,Lazio,Lazio,5879082,869151,14.78,0.31
1696,2021-03-17,LAZ,13492,5759,7733,1510,87,2241,254,9379,7,14,7293,6199,ITI,ITI4,12,Lazio,Lazio,5879082,882643,15.01,0.23
1697,2021-03-14,LAZ,17052,6597,10455,1361,89,3295,81,8335,445,3446,11898,5154,ITI,ITI4,12,Lazio,Lazio,5879082,899695,15.3,0.29
1698,2021-03-03,LAZ,17109,7222,9887,2111,200,1177,379,8056,1249,3937,12819,4290,ITI,ITI4,12,Lazio,Lazio,5879082,916804,15.59,0.29
1699,2021-03-01,LAZ,16649,7112,9537,1555,527,1209,385,7988,1406,3579,12798,3851,ITI,ITI4,12,Lazio,Lazio,5879082,933453,15.88,0.28
1700,2021-02-16,LAZ,8044,3863,4181,2058,102,476,261,4195,951,1,7787,257,ITI,ITI4,12,Lazio,Lazio,5879082,941497,16.01,0.14
1701,2021-01-06,LAZ,5119,1960,3159,4619,45,133,320,0,1,1,5119,0,ITI,ITI4,12,Lazio,Lazio,5879082,946616,16.1,0.09
1702,2021-02-23,LAZ,10914,4682,6232,1897,109,493,309,5181,1015,1910,10290,624,ITI,ITI4,12,Lazio,Lazio,5879082,957530,16.29,0.19
1703,2021-03-31,LAZ,25611,11796,13815,4241,82,11753,135,8934,220,246,18642,6969,ITI,ITI4,12,Lazio,Lazio,5879082,983141,16.72,0.44
1704,2021-02-09,LAZ,8393,3484,4909,3258,244,338,548,4005,0,0,4571,3822,ITI,ITI4,12,Lazio,Lazio,5879082,991534,16.87,0.14
1705,2020-12-31,LAZ,5291,2121,3170,4987,12,13,279,0,0,0,5291,0,ITI,ITI4,12,Lazio,Lazio,5879082,996825,16.96,0.09
1706,2021-01-08,LAZ,7726,2894,4832,6519,191,218,798,0,0,0,7726,0,ITI,ITI4,12,Lazio,Lazio,5879082,1004551,17.09,0.13
1707,2021-02-27,LAZ,11379,4248,7131,1358,399,486,515,4798,1120,2703,10426,953,ITI,ITI4,12,Lazio,Lazio,5879082,1015930,17.28,0.19
1708,2021-03-21,LAZ,17777,6807,10970,1239,27,4691,111,8173,100,3436,12756,5021,ITI,ITI4,12,Lazio,Lazio,5879082,1033707,17.58,0.3
1709,2021-02-04,LAZ,6045,2281,3764,4460,354,267,892,72,0,0,942,5103,ITI,ITI4,12,Lazio,Lazio,5879082,1039752,17.69,0.1
1710,2021-01-22,LAZ,3663,1442,2221,3380,63,27,70,123,0,0,148,3515,ITI,ITI4,12,Lazio,Lazio,5879082,1043415,17.75,0.06
1711,2021-04-06,LAZ,23357,10469,12888,2164,82,13077,94,7577,200,163,16454,6903,ITI,ITI4,12,Lazio,Lazio,5879082,1066772,18.15,0.4
1712,2021-03-05,LAZ,18506,7806,10700,2728,171,1574,256,8485,1323,3969,13785,4721,ITI,ITI4,12,Lazio,Lazio,5879082,1085278,18.46,0.31
1713,2021-03-10,LAZ,21862,9406,12456,4075,143,2492,452,8904,1179,4617,16227,5635,ITI,ITI4,12,Lazio,Lazio,5879082,1107140,18.83,0.37
1714,2021-02-18,LAZ,9676,4799,4877,2162,91,328,473,4956,1665,1,9178,498,ITI,ITI4,12,Lazio,Lazio,5879082,1116816,19.0,0.16
1715,2021-02-19,LAZ,9698,4893,4805,2170,93,297,408,5060,1636,34,9201,497,ITI,ITI4,12,Lazio,Lazio,5879082,1126514,19.16,0.16
1716,2021-01-29,LAZ,7595,2867,4728,6373,259,169,704,90,0,0,477,7118,ITI,ITI4,12,Lazio,Lazio,5879082,1134109,19.29,0.13
1717,2021-02-28,LAZ,10224,3996,6228,1601,260,428,77,4577,682,2599,9710,514,ITI,ITI4,12,Lazio,Lazio,5879082,1144333,19.46,0.17
1718,2021-02-11,LAZ,6658,2788,3870,2197,174,160,500,3627,0,0,6460,198,ITI,ITI4,12,Lazio,Lazio,5879082,1150991,19.58,0.11
1719,2021-01-01,LAZ,3554,1382,2172,3483,0,3,68,0,0,0,3554,0,ITI,ITI4,12,Lazio,Lazio,5879082,1154545,19.64,0.06
1720,2021-03-26,LAZ,27578,11968,15610,5358,94,8698,330,9574,275,3249,20986,6592,ITI,ITI4,12,Lazio,Lazio,5879082,1182123,20.11,0.47
1721,2021-03-12,LAZ,22679,10026,12653,4709,170,3253,400,9425,774,3948,16367,6312,ITI,ITI4,12,Lazio,Lazio,5879082,1204802,20.49,0.39
1722,2020-12-27,LAZ,272,131,141,272,0,0,0,0,0,0,272,0,ITI,ITI4,12,Lazio,Lazio,5879082,1205074,20.5,0.0
1723,2021-02-15,LAZ,7727,3379,4348,2447,362,313,379,4218,8,0,7430,297,ITI,ITI4,12,Lazio,Lazio,5879082,1212801,20.63,0.13
1724,2021-04-03,LAZ,23915,10709,13206,4611,65,11200,111,7691,30,207,17348,6567,ITI,ITI4,12,Lazio,Lazio,5879082,1236716,21.04,0.41
1725,2021-01-23,LAZ,6883,2682,4201,6063,247,31,417,125,0,0,255,6628,ITI,ITI4,12,Lazio,Lazio,5879082,1243599,21.15,0.12
1726,2021-04-04,LAZ,17326,7991,9335,396,38,10159,11,6665,15,42,12134,5192,ITI,ITI4,12,Lazio,Lazio,5879082,1260925,21.45,0.29
1727,2021-01-12,LAZ,5391,1974,3417,4343,342,122,584,0,0,0,5391,0,ITI,ITI4,12,Lazio,Lazio,5879082,1266316,21.54,0.09
1728,2021-01-16,LAZ,5353,2075,3278,3358,241,220,1064,470,0,0,5353,0,ITI,ITI4,12,Lazio,Lazio,5879082,1271669,21.63,0.09
1729,2021-02-06,TOS,4527,1550,2977,3725,574,1,227,0,0,0,1294,3233,ITI,ITI1,9,Toscana,Toscana,3729641,4527,0.12,0.12
1730,2021-01-03,TOS,3336,1052,2284,2565,9,0,762,0,0,0,3336,0,ITI,ITI1,9,Toscana,Toscana,3729641,7863,0.21,0.09
1731,2021-02-26,TOS,10065,3825,6240,1557,637,1070,298,1802,1138,3563,8859,1206,ITI,ITI1,9,Toscana,Toscana,3729641,17928,0.48,0.27
1732,2021-01-22,TOS,2861,1063,1798,2022,81,0,758,0,0,0,525,2336,ITI,ITI1,9,Toscana,Toscana,3729641,20789,0.56,0.08
1733,2021-02-12,TOS,7606,2683,4923,3742,380,2892,188,2,402,0,7393,213,ITI,ITI1,9,Toscana,Toscana,3729641,28395,0.76,0.2
1734,2021-03-08,TOS,6345,2610,3735,4063,746,990,191,65,282,8,1526,4819,ITI,ITI1,9,Toscana,Toscana,3729641,34740,0.93,0.17
1735,2021-01-23,TOS,3949,1354,2595,2936,170,2,841,0,0,0,640,3309,ITI,ITI1,9,Toscana,Toscana,3729641,38689,1.04,0.11
1736,2021-03-22,TOS,4842,2401,2441,221,348,3433,381,9,135,315,4398,444,ITI,ITI1,9,Toscana,Toscana,3729641,43531,1.17,0.13
1737,2021-04-08,TOS,27175,11550,15625,252,251,5223,140,21288,16,5,21242,5933,ITI,ITI1,9,Toscana,Toscana,3729641,70706,1.9,0.73
1738,2021-03-30,TOS,16551,7320,9231,207,129,7868,249,7816,169,113,13024,3527,ITI,ITI1,9,Toscana,Toscana,3729641,87257,2.34,0.44
1739,2021-01-24,TOS,3349,1073,2276,2602,35,2,709,1,0,0,201,3148,ITI,ITI1,9,Toscana,Toscana,3729641,90606,2.43,0.09
1740,2021-03-25,TOS,23250,9954,13296,224,269,6175,406,15253,218,705,14998,8252,ITI,ITI1,9,Toscana,Toscana,3729641,113856,3.05,0.62
1741,2021-01-04,TOS,5064,1893,3171,4100,29,3,932,0,0,0,5064,0,ITI,ITI1,9,Toscana,Toscana,3729641,118920,3.19,0.14
1742,2021-03-11,TOS,15414,5964,9450,2440,906,1373,270,10206,207,12,12096,3318,ITI,ITI1,9,Toscana,Toscana,3729641,134334,3.6,0.41
1743,2021-03-03,TOS,18099,6455,11644,3325,496,663,135,9135,899,3446,14495,3604,ITI,ITI1,9,Toscana,Toscana,3729641,152433,4.09,0.49
1744,2021-02-03,TOS,4221,1452,2769,3475,239,1,505,1,0,0,241,3980,ITI,ITI1,9,Toscana,Toscana,3729641,156654,4.2,0.11
1745,2021-03-02,TOS,10559,3776,6783,3170,431,598,131,1847,870,3512,7115,3444,ITI,ITI1,9,Toscana,Toscana,3729641,167213,4.48,0.28
1746,2021-01-14,TOS,3254,1179,2075,2459,475,0,320,0,0,0,3254,0,ITI,ITI1,9,Toscana,Toscana,3729641,170467,4.57,0.09
1747,2021-02-20,TOS,4641,1790,2851,3350,1038,0,203,17,15,18,4128,513,ITI,ITI1,9,Toscana,Toscana,3729641,175108,4.7,0.12
1748,2021-01-19,TOS,1104,531,573,392,220,1,491,0,0,0,1104,0,ITI,ITI1,9,Toscana,Toscana,3729641,176212,4.72,0.03
1749,2021-02-01,TOS,5505,1957,3548,4482,403,4,616,0,0,0,521,4984,ITI,ITI1,9,Toscana,Toscana,3729641,181717,4.87,0.15
1750,2021-03-20,TOS,6490,2882,3608,914,552,4772,165,29,24,34,5355,1135,ITI,ITI1,9,Toscana,Toscana,3729641,188207,5.05,0.17
1751,2021-02-17,TOS,8175,3168,5007,3465,1122,51,249,218,584,2486,7424,751,ITI,ITI1,9,Toscana,Toscana,3729641,196382,5.27,0.22
1752,2021-04-09,TOS,20916,9078,11838,194,108,3666,105,16825,15,3,18004,2912,ITI,ITI1,9,Toscana,Toscana,3729641,217298,5.83,0.56
1753,2021-02-23,TOS,7721,3324,4397,1491,530,1041,204,509,1114,2832,7560,161,ITI,ITI1,9,Toscana,Toscana,3729641,225019,6.03,0.21
1754,2021-03-18,TOS,9877,3945,5932,437,544,932,279,7675,7,3,5941,3936,ITI,ITI1,9,Toscana,Toscana,3729641,234896,6.3,0.26
1755,2021-02-13,TOS,7784,2360,5424,3667,574,3193,163,0,186,1,7557,227,ITI,ITI1,9,Toscana,Toscana,3729641,242680,6.51,0.21
1756,2021-02-25,TOS,10592,4286,6306,1078,421,1281,259,3212,1142,3199,9598,994,ITI,ITI1,9,Toscana,Toscana,3729641,253272,6.79,0.28
1757,2021-04-05,TOS,15274,6823,8451,27,41,15098,0,71,2,35,14536,738,ITI,ITI1,9,Toscana,Toscana,3729641,268546,7.2,0.41
1758,2021-02-15,TOS,8770,3374,5396,4536,922,1106,216,56,794,1140,7945,825,ITI,ITI1,9,Toscana,Toscana,3729641,277316,7.44,0.24
1759,2021-03-19,TOS,10010,4398,5612,639,439,4013,275,4596,13,35,7219,2791,ITI,ITI1,9,Toscana,Toscana,3729641,287326,7.7,0.27
1760,2021-03-04,TOS,17508,6670,10838,2816,275,1397,274,8186,865,3695,14432,3076,ITI,ITI1,9,Toscana,Toscana,3729641,304834,8.17,0.47
1761,2021-01-17,TOS,2535,871,1664,2002,293,0,240,0,0,0,2022,513,ITI,ITI1,9,Toscana,Toscana,3729641,307369,8.24,0.07
1762,2021-03-28,TOS,6133,2748,3385,38,15,5410,99,471,14,86,5879,254,ITI,ITI1,9,Toscana,Toscana,3729641,313502,8.41,0.16
1763,2021-02-24,TOS,10357,4460,5897,81,302,1267,301,4127,1331,2948,10160,197,ITI,ITI1,9,Toscana,Toscana,3729641,323859,8.68,0.28
1764,2021-04-02,TOS,31198,13200,17998,297,52,11378,363,18994,108,6,23402,7796,ITI,ITI1,9,Toscana,Toscana,3729641,355057,9.52,0.84
1765,2021-04-03,TOS,14818,6563,8255,101,34,9896,93,4671,10,13,13697,1121,ITI,ITI1,9,Toscana,Toscana,3729641,369875,9.92,0.4
1766,2021-02-18,TOS,8817,3285,5532,2924,1447,64,230,214,796,3142,7923,894,ITI,ITI1,9,Toscana,Toscana,3729641,378692,10.15,0.24
1767,2021-03-15,TOS,8312,3309,5003,3214,1248,709,404,36,420,2281,3870,4442,ITI,ITI1,9,Toscana,Toscana,3729641,387004,10.38,0.22
1768,2021-01-15,TOS,3878,1347,2531,2758,674,2,444,0,0,0,3878,0,ITI,ITI1,9,Toscana,Toscana,3729641,390882,10.48,0.1
1769,2021-01-21,TOS,1589,686,903,579,220,0,790,0,0,0,867,722,ITI,ITI1,9,Toscana,Toscana,3729641,392471,10.52,0.04
1770,2021-03-27,TOS,8700,4016,4684,112,56,6735,181,1383,35,198,8483,217,ITI,ITI1,9,Toscana,Toscana,3729641,401171,10.76,0.23
1771,2021-01-10,TOS,3001,1104,1897,2432,134,4,431,0,0,0,3001,0,ITI,ITI1,9,Toscana,Toscana,3729641,404172,10.84,0.08
1772,2021-01-20,TOS,1331,637,694,435,255,1,640,0,0,0,1083,248,ITI,ITI1,9,Toscana,Toscana,3729641,405503,10.87,0.04
1773,2021-03-07,TOS,5648,2356,3292,3103,511,586,123,15,536,774,2106,3542,ITI,ITI1,9,Toscana,Toscana,3729641,411151,11.02,0.15
1774,2021-01-13,TOS,4063,1398,2665,3308,348,2,405,0,0,0,4063,0,ITI,ITI1,9,Toscana,Toscana,3729641,415214,11.13,0.11
1775,2021-01-28,TOS,6282,1883,4399,5427,64,2,788,1,0,0,354,5928,ITI,ITI1,9,Toscana,Toscana,3729641,421496,11.3,0.17
1776,2021-04-07,TOS,33955,14621,19334,291,478,14881,91,18140,54,20,27112,6843,ITI,ITI1,9,Toscana,Toscana,3729641,455451,12.21,0.91
1777,2021-01-11,TOS,5094,1691,3403,4362,209,1,522,0,0,0,5094,0,ITI,ITI1,9,Toscana,Toscana,3729641,460545,12.35,0.14
1778,2021-03-09,TOS,10587,4089,6498,4806,905,1179,180,3292,214,11,5035,5552,ITI,ITI1,9,Toscana,Toscana,3729641,471132,12.63,0.28
1779,2021-02-27,TOS,1944,723,1221,1352,311,3,132,1,126,19,1042,902,ITI,ITI1,9,Toscana,Toscana,3729641,473076,12.68,0.05
1780,2021-01-29,TOS,6136,1698,4438,5375,138,1,622,0,0,0,302,5834,ITI,ITI1,9,Toscana,Toscana,3729641,479212,12.85,0.16
1781,2021-03-12,TOS,16424,6170,10254,2611,955,998,299,6940,696,3925,12899,3525,ITI,ITI1,9,Toscana,Toscana,3729641,495636,13.29,0.44
1782,2021-01-02,TOS,3497,1097,2400,2682,15,0,800,0,0,0,3497,0,ITI,ITI1,9,Toscana,Toscana,3729641,499133,13.38,0.09
1783,2021-01-25,TOS,5125,1896,3229,4159,54,2,909,1,0,0,249,4876,ITI,ITI1,9,Toscana,Toscana,3729641,504258,13.52,0.14
1784,2021-03-24,TOS,19396,7865,11531,222,326,4436,195,13233,211,773,10058,9338,ITI,ITI1,9,Toscana,Toscana,3729641,523654,14.04,0.52
1785,2021-03-23,TOS,9040,4077,4963,309,302,4189,328,3435,139,338,6800,2240,ITI,ITI1,9,Toscana,Toscana,3729641,532694,14.28,0.24
1786,2021-02-05,TOS,5748,2244,3504,4121,1180,4,442,1,0,0,1924,3824,ITI,ITI1,9,Toscana,Toscana,3729641,538442,14.44,0.15
1787,2021-02-02,TOS,3742,1475,2267,3021,283,4,422,6,6,0,195,3547,ITI,ITI1,9,Toscana,Toscana,3729641,542184,14.54,0.1
1788,2021-02-11,TOS,5383,2021,3362,2809,284,1934,323,12,10,11,5141,242,ITI,ITI1,9,Toscana,Toscana,3729641,547567,14.68,0.14
1789,2021-04-10,TOS,4756,2230,2526,116,142,1195,25,3271,4,3,4376,380,ITI,ITI1,9,Toscana,Toscana,3729641,552323,14.81,0.13
1790,2021-03-13,TOS,9277,3300,5977,2836,1156,953,68,180,344,3740,5314,3963,ITI,ITI1,9,Toscana,Toscana,3729641,561600,15.06,0.25
1791,2021-01-18,TOS,1119,636,483,430,313,1,375,0,0,0,1021,98,ITI,ITI1,9,Toscana,Toscana,3729641,562719,15.09,0.03
1792,2021-02-10,TOS,4264,1280,2984,3537,239,2,485,0,1,0,3740,524,ITI,ITI1,9,Toscana,Toscana,3729641,566983,15.2,0.11
1793,2021-01-27,TOS,4835,1572,3263,4019,73,1,742,0,0,0,207,4628,ITI,ITI1,9,Toscana,Toscana,3729641,571818,15.33,0.13
1794,2021-02-22,TOS,9818,4254,5564,3484,1390,889,316,22,1014,2703,9540,278,ITI,ITI1,9,Toscana,Toscana,3729641,581636,15.59,0.26
1795,2021-02-19,TOS,8302,2953,5349,2968,1207,28,245,154,580,3120,7795,507,ITI,ITI1,9,Toscana,Toscana,3729641,589938,15.82,0.22
1796,2020-12-27,TOS,620,267,353,460,10,137,13,0,0,0,620,0,ITI,ITI1,9,Toscana,Toscana,3729641,590558,15.83,0.02
1797,2021-03-10,TOS,17867,7009,10858,3005,850,1384,271,12129,214,14,13861,4006,ITI,ITI1,9,Toscana,Toscana,3729641,608425,16.31,0.48
1798,2020-12-30,TOS,327,104,223,34,10,0,283,0,0,0,327,0,ITI,ITI1,9,Toscana,Toscana,3729641,608752,16.32,0.01
1799,2021-03-14,TOS,7167,2561,4606,3106,798,452,122,2,211,2476,3230,3937,ITI,ITI1,9,Toscana,Toscana,3729641,615919,16.51,0.19
1800,2021-02-09,TOS,4489,1468,3021,3583,386,2,514,4,0,0,3878,611,ITI,ITI1,9,Toscana,Toscana,3729641,620408,16.63,0.12
1801,2021-03-16,TOS,4867,1864,3003,1551,424,670,124,2070,12,16,2632,2235,ITI,ITI1,9,Toscana,Toscana,3729641,625275,16.77,0.13
1802,2021-03-17,TOS,11265,4523,6742,363,272,877,189,9560,2,2,6787,4478,ITI,ITI1,9,Toscana,Toscana,3729641,636540,17.07,0.3
1803,2021-02-14,TOS,8993,2567,6426,3033,549,5064,81,0,261,5,8883,110,ITI,ITI1,9,Toscana,Toscana,3729641,645533,17.31,0.24
1804,2021-02-16,TOS,9268,3338,5930,5084,952,30,178,10,691,2323,8557,711,ITI,ITI1,9,Toscana,Toscana,3729641,654801,17.56,0.25
1805,2021-04-04,TOS,13907,6600,7307,17,8,13797,1,29,3,52,13655,252,ITI,ITI1,9,Toscana,Toscana,3729641,668708,17.93,0.37
1806,2021-03-01,TOS,4381,1667,2714,3192,593,10,137,3,421,25,741,3640,ITI,ITI1,9,Toscana,Toscana,3729641,673089,18.05,0.12
1807,2021-01-09,TOS,4485,1596,2889,3780,143,1,560,1,0,0,4485,0,ITI,ITI1,9,Toscana,Toscana,3729641,677574,18.17,0.12
1808,2021-01-07,TOS,6018,1751,4267,5308,29,1,680,0,0,0,6018,0,ITI,ITI1,9,Toscana,Toscana,3729641,683592,18.33,0.16
1809,2021-03-31,TOS,31884,12794,19090,275,84,4740,264,22424,398,3699,19979,11905,ITI,ITI1,9,Toscana,Toscana,3729641,715476,19.18,0.85
1810,2021-02-28,TOS,1649,667,982,1111,201,1,78,0,249,9,922,727,ITI,ITI1,9,Toscana,Toscana,3729641,717125,19.23,0.04
1811,2021-01-31,TOS,3049,1129,1920,2465,133,2,448,1,0,0,106,2943,ITI,ITI1,9,Toscana,Toscana,3729641,720174,19.31,0.08
1812,2021-04-01,TOS,26143,10768,15375,225,99,1560,273,23842,138,6,15770,10373,ITI,ITI1,9,Toscana,Toscana,3729641,746317,20.01,0.7
1813,2021-02-21,TOS,5104,2089,3015,3666,1219,0,195,2,13,9,4935,169,ITI,ITI1,9,Toscana,Toscana,3729641,751421,20.15,0.14
1814,2021-01-16,TOS,3271,1046,2225,2493,538,0,240,0,0,0,3271,0,ITI,ITI1,9,Toscana,Toscana,3729641,754692,20.23,0.09
1815,2021-02-04,TOS,4251,1594,2657,3166,623,1,456,5,0,0,961,3290,ITI,ITI1,9,Toscana,Toscana,3729641,758943,20.35,0.11
1816,2021-03-26,TOS,20115,9035,11080,249,303,8008,192,10893,137,333,14480,5635,ITI,ITI1,9,Toscana,Toscana,3729641,779058,20.89,0.54
1817,2021-04-06,TOS,21733,9575,12158,768,372,13539,136,5159,132,1627,18114,3619,ITI,ITI1,9,Toscana,Toscana,3729641,800791,21.47,0.58
1818,2021-01-06,TOS,4519,1459,3060,3984,9,1,525,0,0,0,4519,0,ITI,ITI1,9,Toscana,Toscana,3729641,805310,21.59,0.12
1819,2021-03-29,TOS,9209,4460,4749,227,101,8328,200,20,133,200,8885,324,ITI,ITI1,9,Toscana,Toscana,3729641,814519,21.84,0.25
1820,2021-02-07,TOS,2806,953,1853,2349,299,1,157,0,0,0,885,1921,ITI,ITI1,9,Toscana,Toscana,3729641,817325,21.91,0.08
1821,2021-01-01,TOS,2370,788,1582,1716,2,0,650,2,0,0,2370,0,ITI,ITI1,9,Toscana,Toscana,3729641,819695,21.98,0.06
1822,2021-01-08,TOS,5944,1641,4303,5360,36,3,545,0,0,0,5944,0,ITI,ITI1,9,Toscana,Toscana,3729641,825639,22.14,0.16
1823,2021-03-05,TOS,16403,6300,10103,3921,926,1485,170,5210,819,3872,11663,4740,ITI,ITI1,9,Toscana,Toscana,3729641,842042,22.58,0.44
1824,2021-03-21,TOS,3231,1574,1657,660,791,1677,77,8,6,12,1798,1433,ITI,ITI1,9,Toscana,Toscana,3729641,845273,22.66,0.09
1825,2021-01-26,TOS,5393,1792,3601,4358,81,3,951,0,0,0,219,5174,ITI,ITI1,9,Toscana,Toscana,3729641,850666,22.81,0.14
1826,2021-03-06,TOS,7096,2839,4257,3804,482,1132,145,30,357,1146,2905,4191,ITI,ITI1,9,Toscana,Toscana,3729641,857762,23.0,0.19
1827,2020-12-31,TOS,805,202,603,97,10,0,698,0,0,0,805,0,ITI,ITI1,9,Toscana,Toscana,3729641,858567,23.02,0.02
1828,2021-01-05,TOS,5243,1754,3489,4354,9,2,878,0,0,0,5243,0,ITI,ITI1,9,Toscana,Toscana,3729641,863810,23.16,0.14
1829,2021-01-12,TOS,3581,1398,2183,2944,282,1,354,0,0,0,3581,0,ITI,ITI1,9,Toscana,Toscana,3729641,867391,23.26,0.1
1830,2021-02-08,TOS,4097,1360,2737,3373,343,2,377,2,0,0,3638,459,ITI,ITI1,9,Toscana,Toscana,3729641,871488,23.37,0.11
1831,2021-01-30,TOS,4622,1622,3000,3765,218,1,638,0,0,0,198,4424,ITI,ITI1,9,Toscana,Toscana,3729641,876110,23.49,0.12
1832,2021-03-05,EMR,17578,5722,11856,3074,621,875,254,6285,531,5938,14179,3399,ITH,ITH5,8,Emilia-Romagna,Emilia-Romagna,4459477,17578,0.39,0.39
1833,2021-01-30,EMR,10067,3516,6551,7564,715,993,795,0,0,0,142,9925,ITH,ITH5,8,Emilia-Romagna,Emilia-Romagna,4459477,27645,0.62,0.23
1834,2021-01-11,EMR,9323,3266,6057,6574,641,841,1267,0,0,0,9323,0,ITH,ITH5,8,Emilia-Romagna,Emilia-Romagna,4459477,36968,0.83,0.21
1835,2021-01-25,EMR,6416,2129,4287,5233,124,381,678,0,0,0,221,6195,ITH,ITH5,8,Emilia-Romagna,Emilia-Romagna,4459477,43384,0.97,0.14
1836,2021-03-10,EMR,18632,7633,10999,1312,218,1113,124,9923,1413,4529,13008,5624,ITH,ITH5,8,Emilia-Romagna,Emilia-Romagna,4459477,62016,1.39,0.42
1837,2021-03-06,EMR,20474,5859,14615,2708,282,728,41,5867,517,10331,17753,2721,ITH,ITH5,8,Emilia-Romagna,Emilia-Romagna,4459477,82490,1.85,0.46
1838,2021-04-04,EMR,9857,4702,5155,186,87,4961,0,4515,51,57,7589,2268,ITH,ITH5,8,Emilia-Romagna,Emilia-Romagna,4459477,92347,2.07,0.22
1839,2021-01-17,EMR,2890,887,2003,1914,278,147,547,0,0,4,2644,246,ITH,ITH5,8,Emilia-Romagna,Emilia-Romagna,4459477,95237,2.14,0.06
1840,2020-12-31,EMR,2205,777,1428,1676,30,171,328,0,0,0,2205,0,ITH,ITH5,8,Emilia-Romagna,Emilia-Romagna,4459477,97442,2.19,0.05
1841,2021-03-19,EMR,15203,6610,8593,1120,290,2379,116,10362,600,336,7466,7737,ITH,ITH5,8,Emilia-Romagna,Emilia-Romagna,4459477,112645,2.53,0.34
1842,2021-01-21,EMR,2154,726,1428,1285,97,119,653,0,0,0,809,1345,ITH,ITH5,8,Emilia-Romagna,Emilia-Romagna,4459477,114799,2.57,0.05
1843,2021-03-16,EMR,12174,4994,7180,417,71,767,98,10689,9,123,4927,7247,ITH,ITH5,8,Emilia-Romagna,Emilia-Romagna,4459477,126973,2.85,0.27
1844,2021-01-22,EMR,1827,477,1350,941,25,139,722,0,0,0,1087,740,ITH,ITH5,8,Emilia-Romagna,Emilia-Romagna,4459477,128800,2.89,0.04
1845,2021-02-07,EMR,4786,1534,3252,3685,384,260,444,10,0,3,1727,3059,ITH,ITH5,8,Emilia-Romagna,Emilia-Romagna,4459477,133586,3.0,0.11
1846,2021-03-21,EMR,11893,5258,6635,567,320,3751,106,6093,470,586,7290,4603,ITH,ITH5,8,Emilia-Romagna,Emilia-Romagna,4459477,145479,3.26,0.27
1847,2021-01-13,EMR,9063,2939,6124,6006,435,877,1744,0,0,1,9063,0,ITH,ITH5,8,Emilia-Romagna,Emilia-Romagna,4459477,154542,3.47,0.2
1848,2021-03-28,EMR,12542,5582,6960,277,74,6832,47,4803,183,326,9054,3488,ITH,ITH5,8,Emilia-Romagna,Emilia-Romagna,4459477,167084,3.75,0.28
1849,2021-03-20,EMR,15994,6787,9207,699,327,4253,93,9258,533,831,9078,6916,ITH,ITH5,8,Emilia-Romagna,Emilia-Romagna,4459477,183078,4.11,0.36
1850,2021-04-06,EMR,24328,10970,13358,636,112,12501,105,10532,40,402,19711,4617,ITH,ITH5,8,Emilia-Romagna,Emilia-Romagna,4459477,207406,4.65,0.55
1851,2021-01-31,EMR,7696,2761,4935,6174,806,453,263,0,0,0,242,7454,ITH,ITH5,8,Emilia-Romagna,Emilia-Romagna,4459477,215102,4.82,0.17
1852,2021-03-17,EMR,13664,5674,7990,357,117,1305,64,11801,1,19,5848,7816,ITH,ITH5,8,Emilia-Romagna,Emilia-Romagna,4459477,228766,5.13,0.31
1853,2021-02-02,EMR,9438,3033,6405,6235,730,762,1630,80,0,1,498,8940,ITH,ITH5,8,Emilia-Romagna,Emilia-Romagna,4459477,238204,5.34,0.21
1854,2021-01-06,EMR,8261,2941,5320,6851,169,592,648,0,1,0,8261,0,ITH,ITH5,8,Emilia-Romagna,Emilia-Romagna,4459477,246465,5.53,0.19
1855,2021-03-14,EMR,8686,3741,4945,727,175,932,69,5495,362,926,4893,3793,ITH,ITH5,8,Emilia-Romagna,Emilia-Romagna,4459477,255151,5.72,0.19
1856,2021-04-03,EMR,19870,8735,11135,371,73,10170,33,8739,65,419,16143,3727,ITH,ITH5,8,Emilia-Romagna,Emilia-Romagna,4459477,275021,6.17,0.45
1857,2021-02-25,EMR,9172,3479,5693,793,136,374,140,7634,0,95,8217,955,ITH,ITH5,8,Emilia-Romagna,Emilia-Romagna,4459477,284193,6.37,0.21
1858,2021-01-26,EMR,8327,3000,5327,6602,228,465,1032,0,0,0,217,8110,ITH,ITH5,8,Emilia-Romagna,Emilia-Romagna,4459477,292520,6.56,0.19
1859,2021-02-04,EMR,9910,3193,6717,6430,824,864,1674,118,0,0,1240,8670,ITH,ITH5,8,Emilia-Romagna,Emilia-Romagna,4459477,302430,6.78,0.22
1860,2021-02-06,EMR,7539,2386,5153,5362,480,466,1181,50,0,0,2123,5416,ITH,ITH5,8,Emilia-Romagna,Emilia-Romagna,4459477,309969,6.95,0.17
1861,2021-03-15,EMR,13085,5997,7088,798,201,1331,168,9081,977,529,6660,6425,ITH,ITH5,8,Emilia-Romagna,Emilia-Romagna,4459477,323054,7.24,0.29
1862,2021-03-29,EMR,21025,9373,11652,687,148,10167,114,9215,93,601,16426,4599,ITH,ITH5,8,Emilia-Romagna,Emilia-Romagna,4459477,344079,7.72,0.47
1863,2021-01-12,EMR,9317,3086,6231,6352,593,741,1631,0,0,0,9317,0,ITH,ITH5,8,Emilia-Romagna,Emilia-Romagna,4459477,353396,7.92,0.21
1864,2021-01-10,EMR,7127,2663,4464,5644,652,325,499,6,0,1,7127,0,ITH,ITH5,8,Emilia-Romagna,Emilia-Romagna,4459477,360523,8.08,0.16
1865,2021-02-03,EMR,9279,2976,6303,6230,701,640,1617,91,0,0,960,8319,ITH,ITH5,8,Emilia-Romagna,Emilia-Romagna,4459477,369802,8.29,0.21
1866,2021-01-16,EMR,5591,1717,3874,3686,347,446,1108,0,3,1,5591,0,ITH,ITH5,8,Emilia-Romagna,Emilia-Romagna,4459477,375393,8.42,0.13
1867,2021-03-12,EMR,18021,7512,10509,1583,365,1577,292,9840,1340,3024,11333,6688,ITH,ITH5,8,Emilia-Romagna,Emilia-Romagna,4459477,393414,8.82,0.4
1868,2021-04-01,EMR,23679,10655,13024,1008,117,10315,113,11073,65,988,19215,4464,ITH,ITH5,8,Emilia-Romagna,Emilia-Romagna,4459477,417093,9.35,0.53
1869,2021-01-19,EMR,2032,500,1532,744,84,51,1153,0,0,0,2015,17,ITH,ITH5,8,Emilia-Romagna,Emilia-Romagna,4459477,419125,9.4,0.05
1870,2021-02-26,EMR,7675,2909,4766,1015,297,340,232,5479,0,312,6630,1045,ITH,ITH5,8,Emilia-Romagna,Emilia-Romagna,4459477,426800,9.57,0.17
1871,2021-02-05,EMR,9297,2959,6338,6213,628,659,1609,187,0,1,1627,7670,ITH,ITH5,8,Emilia-Romagna,Emilia-Romagna,4459477,436097,9.78,0.21
1872,2021-04-09,EMR,24334,11033,13301,1325,162,11952,100,10335,53,407,19097,5237,ITH,ITH5,8,Emilia-Romagna,Emilia-Romagna,4459477,460431,10.32,0.55
1873,2021-01-18,EMR,3126,879,2247,1681,102,214,1129,0,0,0,2449,677,ITH,ITH5,8,Emilia-Romagna,Emilia-Romagna,4459477,463557,10.39,0.07
1874,2021-01-03,EMR,2730,935,1795,2480,12,68,170,0,0,0,2730,0,ITH,ITH5,8,Emilia-Romagna,Emilia-Romagna,4459477,466287,10.46,0.06
1875,2021-01-04,EMR,7260,2511,4749,6167,123,393,577,0,0,0,7260,0,ITH,ITH5,8,Emilia-Romagna,Emilia-Romagna,4459477,473547,10.62,0.16
1876,2021-03-08,EMR,11950,4942,7008,2297,407,849,295,4277,1488,2337,9312,2638,ITH,ITH5,8,Emilia-Romagna,Emilia-Romagna,4459477,485497,10.89,0.27
1877,2021-01-15,EMR,7700,2393,5307,5298,438,646,1317,0,0,1,7700,0,ITH,ITH5,8,Emilia-Romagna,Emilia-Romagna,4459477,493197,11.06,0.17
1878,2021-03-30,EMR,23173,10250,12923,862,181,10090,159,10634,85,1162,18150,5023,ITH,ITH5,8,Emilia-Romagna,Emilia-Romagna,4459477,516370,11.58,0.52
1879,2021-01-29,EMR,10399,3492,6907,8102,393,848,1056,0,0,0,290,10109,ITH,ITH5,8,Emilia-Romagna,Emilia-Romagna,4459477,526769,11.81,0.23
1880,2021-03-18,EMR,13593,5777,7816,448,120,2116,76,10781,3,49,5616,7977,ITH,ITH5,8,Emilia-Romagna,Emilia-Romagna,4459477,540362,12.12,0.3
1881,2021-01-07,EMR,10209,3382,6827,8181,287,673,1068,0,0,0,10209,0,ITH,ITH5,8,Emilia-Romagna,Emilia-Romagna,4459477,550571,12.35,0.23
1882,2021-02-23,EMR,8211,3217,4994,408,91,238,113,7360,0,1,7825,386,ITH,ITH5,8,Emilia-Romagna,Emilia-Romagna,4459477,558782,12.53,0.18
1883,2021-03-01,EMR,10045,3567,6478,1823,280,359,431,5588,311,1253,7800,2245,ITH,ITH5,8,Emilia-Romagna,Emilia-Romagna,4459477,568827,12.76,0.23
1884,2021-04-07,EMR,24798,11226,13572,638,111,10985,111,12608,19,326,18963,5835,ITH,ITH5,8,Emilia-Romagna,Emilia-Romagna,4459477,593625,13.31,0.56
1885,2021-02-12,EMR,5310,1676,3634,3392,458,451,704,305,0,0,3909,1401,ITH,ITH5,8,Emilia-Romagna,Emilia-Romagna,4459477,598935,13.43,0.12
1886,2021-02-17,EMR,6535,2764,3771,803,206,1072,404,4050,0,0,5762,773,ITH,ITH5,8,Emilia-Romagna,Emilia-Romagna,4459477,605470,13.58,0.15
1887,2021-02-16,EMR,5732,2430,3302,742,241,668,437,3642,2,0,5202,530,ITH,ITH5,8,Emilia-Romagna,Emilia-Romagna,4459477,611202,13.71,0.13
1888,2021-02-18,EMR,7039,2892,4147,894,136,396,236,5377,0,0,6456,583,ITH,ITH5,8,Emilia-Romagna,Emilia-Romagna,4459477,618241,13.86,0.16
1889,2021-03-31,EMR,24832,10823,14009,1161,185,9774,89,12250,88,1285,19419,5413,ITH,ITH5,8,Emilia-Romagna,Emilia-Romagna,4459477,643073,14.42,0.56
1890,2021-01-08,EMR,10811,3557,7254,8456,423,851,1081,0,0,0,10811,0,ITH,ITH5,8,Emilia-Romagna,Emilia-Romagna,4459477,653884,14.66,0.24
1891,2021-02-24,EMR,9294,3544,5750,648,88,495,228,7772,0,63,8418,876,ITH,ITH5,8,Emilia-Romagna,Emilia-Romagna,4459477,663178,14.87,0.21
1892,2021-02-27,EMR,10947,3989,6958,1722,177,321,114,7673,0,940,9215,1732,ITH,ITH5,8,Emilia-Romagna,Emilia-Romagna,4459477,674125,15.12,0.25
1893,2021-01-09,EMR,9873,3424,6449,7824,555,614,880,0,0,0,9873,0,ITH,ITH5,8,Emilia-Romagna,Emilia-Romagna,4459477,683998,15.34,0.22
1894,2021-02-19,EMR,7304,3007,4297,820,198,182,257,5847,0,0,6791,513,ITH,ITH5,8,Emilia-Romagna,Emilia-Romagna,4459477,691302,15.5,0.16
1895,2021-04-05,EMR,14516,6660,7856,279,36,6468,4,7462,24,243,11634,2882,ITH,ITH5,8,Emilia-Romagna,Emilia-Romagna,4459477,705818,15.83,0.33
1896,2021-02-21,EMR,4424,1700,2724,394,98,187,190,3555,0,0,3984,440,ITH,ITH5,8,Emilia-Romagna,Emilia-Romagna,4459477,710242,15.93,0.1
1897,2021-02-14,EMR,1400,378,1022,859,338,145,39,19,0,0,1280,120,ITH,ITH5,8,Emilia-Romagna,Emilia-Romagna,4459477,711642,15.96,0.03
1898,2021-02-28,EMR,6821,2526,4295,1773,223,236,53,4228,4,304,4977,1844,ITH,ITH5,8,Emilia-Romagna,Emilia-Romagna,4459477,718463,16.11,0.15
1899,2021-03-26,EMR,23147,9775,13372,1341,306,9243,196,9298,142,2621,16860,6287,ITH,ITH5,8,Emilia-Romagna,Emilia-Romagna,4459477,741610,16.63,0.52
1900,2021-02-09,EMR,4149,1244,2905,2218,226,241,1198,266,0,0,2304,1845,ITH,ITH5,8,Emilia-Romagna,Emilia-Romagna,4459477,745759,16.72,0.09
1901,2021-03-07,EMR,6651,2511,4140,1455,322,525,22,2564,514,1249,5134,1517,ITH,ITH5,8,Emilia-Romagna,Emilia-Romagna,4459477,752410,16.87,0.15
1902,2021-03-13,EMR,16013,6288,9725,1248,161,1289,75,8222,1028,3990,10722,5291,ITH,ITH5,8,Emilia-Romagna,Emilia-Romagna,4459477,768423,17.23,0.36
1903,2021-01-23,EMR,2446,870,1576,1902,4,110,430,0,0,0,443,2003,ITH,ITH5,8,Emilia-Romagna,Emilia-Romagna,4459477,770869,17.29,0.05
1904,2021-03-02,EMR,11727,3868,7859,1956,336,470,224,5322,373,3046,9729,1998,ITH,ITH5,8,Emilia-Romagna,Emilia-Romagna,4459477,782596,17.55,0.26
1905,2021-01-14,EMR,8088,2573,5515,5394,497,591,1605,0,1,0,8088,0,ITH,ITH5,8,Emilia-Romagna,Emilia-Romagna,4459477,790684,17.73,0.18
1906,2021-02-11,EMR,4245,1414,2831,2529,350,300,719,345,0,2,3406,839,ITH,ITH5,8,Emilia-Romagna,Emilia-Romagna,4459477,794929,17.83,0.1
1907,2021-03-25,EMR,21186,9269,11917,1099,230,7258,130,9841,557,2071,14222,6964,ITH,ITH5,8,Emilia-Romagna,Emilia-Romagna,4459477,816115,18.3,0.48
1908,2021-02-20,EMR,5278,2081,3197,408,95,145,155,4475,0,0,5014,264,ITH,ITH5,8,Emilia-Romagna,Emilia-Romagna,4459477,821393,18.42,0.12
1909,2021-02-15,EMR,2893,845,2048,1981,325,141,157,289,0,0,2767,126,ITH,ITH5,8,Emilia-Romagna,Emilia-Romagna,4459477,824286,18.48,0.06
1910,2021-03-27,EMR,21475,8991,12484,748,233,8489,42,9477,149,2337,14594,6881,ITH,ITH5,8,Emilia-Romagna,Emilia-Romagna,4459477,845761,18.97,0.48
1911,2021-03-09,EMR,14568,5927,8641,1023,240,790,180,7573,1197,3565,10627,3941,ITH,ITH5,8,Emilia-Romagna,Emilia-Romagna,4459477,860329,19.29,0.33
1912,2021-02-10,EMR,3994,1375,2619,2387,222,360,769,256,0,0,2755,1239,ITH,ITH5,8,Emilia-Romagna,Emilia-Romagna,4459477,864323,19.38,0.09
1913,2021-01-27,EMR,8354,2944,5410,6902,225,554,672,0,1,0,464,7890,ITH,ITH5,8,Emilia-Romagna,Emilia-Romagna,4459477,872677,19.57,0.19
1914,2021-03-23,EMR,18618,8031,10587,1123,283,6176,195,9187,304,1350,11945,6673,ITH,ITH5,8,Emilia-Romagna,Emilia-Romagna,4459477,891295,19.99,0.42
1915,2021-03-04,EMR,16370,5329,11041,2602,483,737,239,6362,511,5436,13380,2990,ITH,ITH5,8,Emilia-Romagna,Emilia-Romagna,4459477,907665,20.35,0.37
1916,2021-03-22,EMR,17351,7593,9758,1129,318,5346,123,9478,357,600,10498,6853,ITH,ITH5,8,Emilia-Romagna,Emilia-Romagna,4459477,925016,20.74,0.39
1917,2021-04-02,EMR,23136,10410,12726,705,163,12523,103,8629,84,929,18685,4451,ITH,ITH5,8,Emilia-Romagna,Emilia-Romagna,4459477,948152,21.26,0.52
1918,2021-01-24,EMR,2442,884,1558,2079,51,63,249,0,0,0,299,2143,ITH,ITH5,8,Emilia-Romagna,Emilia-Romagna,4459477,950594,21.32,0.05
1919,2021-04-10,EMR,5432,2398,3034,105,30,2470,7,2730,8,82,4112,1320,ITH,ITH5,8,Emilia-Romagna,Emilia-Romagna,4459477,956026,21.44,0.12
1920,2021-03-24,EMR,20833,9206,11627,1212,270,6835,118,10499,234,1665,13512,7321,ITH,ITH5,8,Emilia-Romagna,Emilia-Romagna,4459477,976859,21.91,0.47
1921,2021-02-13,EMR,3606,1080,2526,2782,239,255,144,186,0,0,3008,598,ITH,ITH5,8,Emilia-Romagna,Emilia-Romagna,4459477,980465,21.99,0.08
1922,2021-02-08,EMR,5190,1520,3670,2830,379,316,1478,186,0,1,2293,2897,ITH,ITH5,8,Emilia-Romagna,Emilia-Romagna,4459477,985655,22.1,0.12
1923,2021-04-08,EMR,28797,13058,15739,2457,376,14682,163,10798,34,287,23711,5086,ITH,ITH5,8,Emilia-Romagna,Emilia-Romagna,4459477,1014452,22.75,0.65
1924,2021-02-22,EMR,7479,3090,4389,388,98,134,129,6730,0,0,7204,275,ITH,ITH5,8,Emilia-Romagna,Emilia-Romagna,4459477,1021931,22.92,0.17
1925,2021-02-01,EMR,10295,3598,6697,7452,787,797,1259,0,0,0,366,9929,ITH,ITH5,8,Emilia-Romagna,Emilia-Romagna,4459477,1032226,23.15,0.23
1926,2021-01-20,EMR,1321,269,1052,391,111,32,787,0,0,0,1320,1,ITH,ITH5,8,Emilia-Romagna,Emilia-Romagna,4459477,1033547,23.18,0.03
1927,2021-01-02,EMR,2348,904,1444,2072,1,78,197,0,0,0,2348,0,ITH,ITH5,8,Emilia-Romagna,Emilia-Romagna,4459477,1035895,23.23,0.05
1928,2020-12-27,EMR,969,372,597,825,1,117,26,0,0,0,969,0,ITH,ITH5,8,Emilia-Romagna,Emilia-Romagna,4459477,1036864,23.25,0.02
1929,2021-01-28,EMR,10232,3333,6899,8071,296,742,1123,0,0,0,352,9880,ITH,ITH5,8,Emilia-Romagna,Emilia-Romagna,4459477,1047096,23.48,0.23
1930,2021-03-03,EMR,15739,5219,10520,2529,352,768,141,6800,340,4809,13292,2447,ITH,ITH5,8,Emilia-Romagna,Emilia-Romagna,4459477,1062835,23.83,0.35
1931,2021-01-05,EMR,9321,3162,6159,7924,279,354,764,0,0,0,9321,0,ITH,ITH5,8,Emilia-Romagna,Emilia-Romagna,4459477,1072156,24.04,0.21
1932,2021-03-11,EMR,17165,7097,10068,1133,296,1533,277,8802,1312,3812,11333,5832,ITH,ITH5,8,Emilia-Romagna,Emilia-Romagna,4459477,1089321,24.43,0.38
1933,2021-02-03,PAB,1473,462,1011,641,337,106,321,68,0,0,5,1468,ITH,ITH1,4,Provincia Autonoma Bolzano / Bozen,P.A. Bolzano,533050,1473,0.28,0.28
1934,2021-02-05,PAB,3192,1179,2013,760,504,399,441,1088,0,0,8,3184,ITH,ITH1,4,Provincia Autonoma Bolzano / Bozen,P.A. Bolzano,533050,4665,0.88,0.6
1935,2021-04-10,PAB,2281,1118,1163,89,34,1879,1,272,2,4,1918,363,ITH,ITH1,4,Provincia Autonoma Bolzano / Bozen,P.A. Bolzano,533050,6946,1.3,0.43
1936,2021-02-06,PAB,2626,1171,1455,452,43,580,6,1544,0,1,18,2608,ITH,ITH1,4,Provincia Autonoma Bolzano / Bozen,P.A. Bolzano,533050,9572,1.8,0.49
1937,2021-04-03,PAB,831,364,467,9,6,14,0,799,3,0,22,809,ITH,ITH1,4,Provincia Autonoma Bolzano / Bozen,P.A. Bolzano,533050,10403,1.95,0.16
1938,2021-01-04,PAB,508,201,307,420,49,35,4,0,0,0,508,0,ITH,ITH1,4,Provincia Autonoma Bolzano / Bozen,P.A. Bolzano,533050,10911,2.05,0.1
1939,2021-02-20,PAB,1502,471,1031,196,53,30,24,469,1,729,1484,18,ITH,ITH1,4,Provincia Autonoma Bolzano / Bozen,P.A. Bolzano,533050,12413,2.33,0.28
1940,2021-01-07,PAB,916,327,589,618,106,133,0,59,0,0,916,0,ITH,ITH1,4,Provincia Autonoma Bolzano / Bozen,P.A. Bolzano,533050,13329,2.5,0.17
1941,2021-02-26,PAB,1393,496,897,62,32,112,2,852,0,333,1363,30,ITH,ITH1,4,Provincia Autonoma Bolzano / Bozen,P.A. Bolzano,533050,14722,2.76,0.26
1942,2021-03-06,PAB,3965,2078,1887,479,161,712,7,1968,257,381,3753,212,ITH,ITH1,4,Provincia Autonoma Bolzano / Bozen,P.A. Bolzano,533050,18687,3.51,0.74
1943,2021-01-22,PAB,243,139,104,131,8,15,85,3,0,1,124,119,ITH,ITH1,4,Provincia Autonoma Bolzano / Bozen,P.A. Bolzano,533050,18930,3.55,0.05
1944,2021-03-13,PAB,2885,1459,1426,168,53,1263,1,1291,89,20,2784,101,ITH,ITH1,4,Provincia Autonoma Bolzano / Bozen,P.A. Bolzano,533050,21815,4.09,0.54
1945,2021-01-19,PAB,817,351,466,174,19,45,0,579,0,0,687,130,ITH,ITH1,4,Provincia Autonoma Bolzano / Bozen,P.A. Bolzano,533050,22632,4.25,0.15
1946,2021-03-01,PAB,910,217,693,11,2,157,5,0,0,735,910,0,ITH,ITH1,4,Provincia Autonoma Bolzano / Bozen,P.A. Bolzano,533050,23542,4.42,0.17
1947,2021-02-16,PAB,529,205,324,10,1,6,0,512,0,0,529,0,ITH,ITH1,4,Provincia Autonoma Bolzano / Bozen,P.A. Bolzano,533050,24071,4.52,0.1
1948,2021-01-06,PAB,59,18,41,59,0,0,0,0,0,0,59,0,ITH,ITH1,4,Provincia Autonoma Bolzano / Bozen,P.A. Bolzano,533050,24130,4.53,0.01
1949,2021-03-11,PAB,1682,823,859,89,97,482,73,367,239,335,1143,539,ITH,ITH1,4,Provincia Autonoma Bolzano / Bozen,P.A. Bolzano,533050,25812,4.84,0.32
1950,2021-03-10,PAB,1177,448,729,655,8,182,0,134,80,118,1034,143,ITH,ITH1,4,Provincia Autonoma Bolzano / Bozen,P.A. Bolzano,533050,26989,5.06,0.22
1951,2021-03-05,PAB,1802,613,1189,337,95,292,59,770,9,240,1360,442,ITH,ITH1,4,Provincia Autonoma Bolzano / Bozen,P.A. Bolzano,533050,28791,5.4,0.34
1952,2021-02-01,PAB,1404,413,991,728,312,66,296,0,1,1,12,1392,ITH,ITH1,4,Provincia Autonoma Bolzano / Bozen,P.A. Bolzano,533050,30195,5.66,0.26
1953,2021-04-05,PAB,301,144,157,5,3,218,0,70,4,1,23,278,ITH,ITH1,4,Provincia Autonoma Bolzano / Bozen,P.A. Bolzano,533050,30496,5.72,0.06
1954,2021-01-02,PAB,91,48,43,69,1,21,0,0,0,0,91,0,ITH,ITH1,4,Provincia Autonoma Bolzano / Bozen,P.A. Bolzano,533050,30587,5.74,0.02
1955,2020-12-30,PAB,387,181,206,342,41,4,0,0,0,0,387,0,ITH,ITH1,4,Provincia Autonoma Bolzano / Bozen,P.A. Bolzano,533050,30974,5.81,0.07
1956,2021-01-11,PAB,1564,512,1052,582,282,371,175,154,0,0,1564,0,ITH,ITH1,4,Provincia Autonoma Bolzano / Bozen,P.A. Bolzano,533050,32538,6.1,0.29
1957,2021-04-09,PAB,2838,1260,1578,331,105,2081,26,277,4,14,2122,716,ITH,ITH1,4,Provincia Autonoma Bolzano / Bozen,P.A. Bolzano,533050,35376,6.64,0.53
1958,2021-03-21,PAB,768,285,483,165,17,16,1,566,0,3,14,754,ITH,ITH1,4,Provincia Autonoma Bolzano / Bozen,P.A. Bolzano,533050,36144,6.78,0.14
1959,2021-01-13,PAB,1691,557,1134,446,309,501,270,165,0,0,1691,0,ITH,ITH1,4,Provincia Autonoma Bolzano / Bozen,P.A. Bolzano,533050,37835,7.1,0.32
1960,2021-02-02,PAB,1739,505,1234,624,370,131,605,9,0,0,8,1731,ITH,ITH1,4,Provincia Autonoma Bolzano / Bozen,P.A. Bolzano,533050,39574,7.42,0.33
1961,2021-01-14,PAB,1905,567,1338,520,430,360,290,305,0,0,1905,0,ITH,ITH1,4,Provincia Autonoma Bolzano / Bozen,P.A. Bolzano,533050,41479,7.78,0.36
1962,2021-02-08,PAB,2,1,1,0,0,1,0,1,0,0,1,1,ITH,ITH1,4,Provincia Autonoma Bolzano / Bozen,P.A. Bolzano,533050,41481,7.78,0.0
1963,2021-01-15,PAB,3276,1226,2050,607,307,740,342,1280,0,0,3276,0,ITH,ITH1,4,Provincia Autonoma Bolzano / Bozen,P.A. Bolzano,533050,44757,8.4,0.61
1964,2021-01-09,PAB,612,326,286,76,28,422,74,12,0,0,612,0,ITH,ITH1,4,Provincia Autonoma Bolzano / Bozen,P.A. Bolzano,533050,45369,8.51,0.11
1965,2021-03-29,PAB,989,423,566,10,2,230,0,709,25,13,230,759,ITH,ITH1,4,Provincia Autonoma Bolzano / Bozen,P.A. Bolzano,533050,46358,8.7,0.19
1966,2021-03-15,PAB,848,295,553,293,94,386,13,56,2,4,366,482,ITH,ITH1,4,Provincia Autonoma Bolzano / Bozen,P.A. Bolzano,533050,47206,8.86,0.16
1967,2021-03-19,PAB,1902,772,1130,158,53,562,15,1100,0,14,796,1106,ITH,ITH1,4,Provincia Autonoma Bolzano / Bozen,P.A. Bolzano,533050,49108,9.21,0.36
1968,2021-03-31,PAB,1831,693,1138,420,300,647,16,426,6,16,818,1013,ITH,ITH1,4,Provincia Autonoma Bolzano / Bozen,P.A. Bolzano,533050,50939,9.56,0.34
1969,2021-03-08,PAB,1200,526,674,23,10,278,166,720,0,3,1173,27,ITH,ITH1,4,Provincia Autonoma Bolzano / Bozen,P.A. Bolzano,533050,52139,9.78,0.23
1970,2021-01-10,PAB,2,2,0,1,0,1,0,0,0,0,2,0,ITH,ITH1,4,Provincia Autonoma Bolzano / Bozen,P.A. Bolzano,533050,52141,9.78,0.0
1971,2021-04-08,PAB,2745,1334,1411,47,31,2472,118,74,1,2,2549,196,ITH,ITH1,4,Provincia Autonoma Bolzano / Bozen,P.A. Bolzano,533050,54886,10.3,0.51
1972,2021-01-23,PAB,197,117,80,191,0,6,0,0,0,0,0,197,ITH,ITH1,4,Provincia Autonoma Bolzano / Bozen,P.A. Bolzano,533050,55083,10.33,0.04
1973,2021-03-02,PAB,684,194,490,1,0,0,0,0,7,676,684,0,ITH,ITH1,4,Provincia Autonoma Bolzano / Bozen,P.A. Bolzano,533050,55767,10.46,0.13
1974,2021-01-20,PAB,617,252,365,287,51,22,0,257,0,0,409,208,ITH,ITH1,4,Provincia Autonoma Bolzano / Bozen,P.A. Bolzano,533050,56384,10.58,0.12
1975,2021-03-14,PAB,758,336,422,130,11,26,33,557,1,0,25,733,ITH,ITH1,4,Provincia Autonoma Bolzano / Bozen,P.A. Bolzano,533050,57142,10.72,0.14
1976,2021-02-27,PAB,2457,759,1698,202,86,43,8,882,3,1233,2447,10,ITH,ITH1,4,Provincia Autonoma Bolzano / Bozen,P.A. Bolzano,533050,59599,11.18,0.46
1977,2021-01-25,PAB,487,183,304,401,68,14,0,1,2,1,3,484,ITH,ITH1,4,Provincia Autonoma Bolzano / Bozen,P.A. Bolzano,533050,60086,11.27,0.09
1978,2021-04-07,PAB,1753,788,965,125,75,1036,55,452,8,2,1216,537,ITH,ITH1,4,Provincia Autonoma Bolzano / Bozen,P.A. Bolzano,533050,61839,11.6,0.33
1979,2021-04-06,PAB,2042,1024,1018,107,45,1691,130,62,4,3,1940,102,ITH,ITH1,4,Provincia Autonoma Bolzano / Bozen,P.A. Bolzano,533050,63881,11.98,0.38
1980,2021-01-17,PAB,2328,1044,1284,56,38,212,37,1985,0,0,2316,12,ITH,ITH1,4,Provincia Autonoma Bolzano / Bozen,P.A. Bolzano,533050,66209,12.42,0.44
1981,2021-01-30,PAB,498,245,253,217,44,136,101,0,0,0,4,494,ITH,ITH1,4,Provincia Autonoma Bolzano / Bozen,P.A. Bolzano,533050,66707,12.51,0.09
1982,2021-02-04,PAB,1927,587,1340,650,505,125,433,214,0,0,8,1919,ITH,ITH1,4,Provincia Autonoma Bolzano / Bozen,P.A. Bolzano,533050,68634,12.88,0.36
1983,2021-02-09,PAB,317,126,191,64,16,6,2,227,0,2,1,316,ITH,ITH1,4,Provincia Autonoma Bolzano / Bozen,P.A. Bolzano,533050,68951,12.94,0.06
1984,2021-03-17,PAB,580,213,367,11,6,35,46,482,0,0,579,1,ITH,ITH1,4,Provincia Autonoma Bolzano / Bozen,P.A. Bolzano,533050,69531,13.04,0.11
1985,2021-01-24,PAB,12,10,2,1,0,11,0,0,0,0,0,12,ITH,ITH1,4,Provincia Autonoma Bolzano / Bozen,P.A. Bolzano,533050,69543,13.05,0.0
1986,2021-02-17,PAB,4,1,3,1,0,2,0,1,0,0,2,2,ITH,ITH1,4,Provincia Autonoma Bolzano / Bozen,P.A. Bolzano,533050,69547,13.05,0.0
1987,2021-02-23,PAB,768,323,445,0,0,58,0,625,0,85,762,6,ITH,ITH1,4,Provincia Autonoma Bolzano / Bozen,P.A. Bolzano,533050,70315,13.19,0.14
1988,2021-01-28,PAB,868,307,561,584,186,27,69,0,2,0,10,858,ITH,ITH1,4,Provincia Autonoma Bolzano / Bozen,P.A. Bolzano,533050,71183,13.35,0.16
1989,2021-03-22,PAB,1133,514,619,2,0,929,0,192,10,0,1129,4,ITH,ITH1,4,Provincia Autonoma Bolzano / Bozen,P.A. Bolzano,533050,72316,13.57,0.21
1990,2021-02-25,PAB,1498,549,949,22,5,335,0,731,0,405,1497,1,ITH,ITH1,4,Provincia Autonoma Bolzano / Bozen,P.A. Bolzano,533050,73814,13.85,0.28
1991,2021-03-03,PAB,1166,391,775,12,5,9,6,345,51,738,1153,13,ITH,ITH1,4,Provincia Autonoma Bolzano / Bozen,P.A. Bolzano,533050,74980,14.07,0.22
1992,2021-01-08,PAB,1514,476,1038,787,167,291,168,101,0,0,1514,0,ITH,ITH1,4,Provincia Autonoma Bolzano / Bozen,P.A. Bolzano,533050,76494,14.35,0.28
1993,2021-02-19,PAB,1969,450,1519,121,139,111,80,7,0,1511,1958,11,ITH,ITH1,4,Provincia Autonoma Bolzano / Bozen,P.A. Bolzano,533050,78463,14.72,0.37
1994,2021-02-18,PAB,1646,401,1245,23,44,270,20,4,0,1285,1642,4,ITH,ITH1,4,Provincia Autonoma Bolzano / Bozen,P.A. Bolzano,533050,80109,15.03,0.31
1995,2020-12-31,PAB,910,517,393,477,61,372,0,0,0,0,910,0,ITH,ITH1,4,Provincia Autonoma Bolzano / Bozen,P.A. Bolzano,533050,81019,15.2,0.17
1996,2021-01-03,PAB,41,16,25,33,5,2,0,1,0,0,41,0,ITH,ITH1,4,Provincia Autonoma Bolzano / Bozen,P.A. Bolzano,533050,81060,15.21,0.01
1997,2021-01-26,PAB,810,291,519,673,129,8,0,0,0,0,1,809,ITH,ITH1,4,Provincia Autonoma Bolzano / Bozen,P.A. Bolzano,533050,81870,15.36,0.15
1998,2021-03-26,PAB,1630,716,914,20,14,622,68,905,0,1,509,1121,ITH,ITH1,4,Provincia Autonoma Bolzano / Bozen,P.A. Bolzano,533050,83500,15.66,0.31
1999,2021-03-16,PAB,775,307,468,25,30,38,48,634,0,0,123,652,ITH,ITH1,4,Provincia Autonoma Bolzano / Bozen,P.A. Bolzano,533050,84275,15.81,0.15
2000,2021-04-01,PAB,2781,1405,1376,238,94,1709,42,598,35,65,2638,143,ITH,ITH1,4,Provincia Autonoma Bolzano / Bozen,P.A. Bolzano,533050,87056,16.33,0.52
2001,2021-01-16,PAB,2820,1253,1567,435,93,269,77,1945,0,1,2820,0,ITH,ITH1,4,Provincia Autonoma Bolzano / Bozen,P.A. Bolzano,533050,89876,16.86,0.53
2002,2021-03-28,PAB,569,212,357,45,38,15,0,469,0,2,11,558,ITH,ITH1,4,Provincia Autonoma Bolzano / Bozen,P.A. Bolzano,533050,90445,16.97,0.11
2003,2021-01-12,PAB,1709,459,1250,369,228,537,479,96,0,0,1709,0,ITH,ITH1,4,Provincia Autonoma Bolzano / Bozen,P.A. Bolzano,533050,92154,17.29,0.32
2004,2021-02-11,PAB,1055,411,644,213,56,335,104,347,0,0,239,816,ITH,ITH1,4,Provincia Autonoma Bolzano / Bozen,P.A. Bolzano,533050,93209,17.49,0.2
2005,2021-02-10,PAB,1635,604,1031,489,165,394,1,586,0,0,26,1609,ITH,ITH1,4,Provincia Autonoma Bolzano / Bozen,P.A. Bolzano,533050,94844,17.79,0.31
2006,2021-01-29,PAB,1496,510,986,882,282,31,295,2,0,4,23,1473,ITH,ITH1,4,Provincia Autonoma Bolzano / Bozen,P.A. Bolzano,533050,96340,18.07,0.28
2007,2021-03-18,PAB,1299,530,769,50,15,161,48,1025,0,0,223,1076,ITH,ITH1,4,Provincia Autonoma Bolzano / Bozen,P.A. Bolzano,533050,97639,18.32,0.24
2008,2021-03-12,PAB,1631,714,917,149,122,665,73,435,86,101,1224,407,ITH,ITH1,4,Provincia Autonoma Bolzano / Bozen,P.A. Bolzano,533050,99270,18.62,0.31
2009,2021-02-15,PAB,72,42,30,17,2,8,40,5,0,0,26,46,ITH,ITH1,4,Provincia Autonoma Bolzano / Bozen,P.A. Bolzano,533050,99342,18.64,0.01
2010,2021-01-01,PAB,2,2,0,2,0,0,0,0,0,0,2,0,ITH,ITH1,4,Provincia Autonoma Bolzano / Bozen,P.A. Bolzano,533050,99344,18.64,0.0
2011,2021-03-27,PAB,3045,1550,1495,322,32,1206,0,1436,3,46,1542,1503,ITH,ITH1,4,Provincia Autonoma Bolzano / Bozen,P.A. Bolzano,533050,102389,19.21,0.57
2012,2021-03-30,PAB,1298,532,766,51,4,133,153,920,10,27,218,1080,ITH,ITH1,4,Provincia Autonoma Bolzano / Bozen,P.A. Bolzano,533050,103687,19.45,0.24
2013,2021-03-07,PAB,114,13,101,59,28,23,0,3,0,1,9,105,ITH,ITH1,4,Provincia Autonoma Bolzano / Bozen,P.A. Bolzano,533050,103801,19.47,0.02
2014,2021-01-18,PAB,1769,686,1083,388,102,253,7,1019,0,0,1764,5,ITH,ITH1,4,Provincia Autonoma Bolzano / Bozen,P.A. Bolzano,533050,105570,19.8,0.33
2015,2021-04-02,PAB,2077,837,1240,191,64,826,60,919,0,17,720,1357,ITH,ITH1,4,Provincia Autonoma Bolzano / Bozen,P.A. Bolzano,533050,107647,20.19,0.39
2016,2021-03-20,PAB,1756,848,908,115,47,619,9,960,5,1,1131,625,ITH,ITH1,4,Provincia Autonoma Bolzano / Bozen,P.A. Bolzano,533050,109403,20.52,0.33
2017,2021-02-12,PAB,730,217,513,322,69,224,106,7,2,0,482,248,ITH,ITH1,4,Provincia Autonoma Bolzano / Bozen,P.A. Bolzano,533050,110133,20.66,0.14
2018,2021-02-22,PAB,526,143,383,342,66,103,0,5,0,10,514,12,ITH,ITH1,4,Provincia Autonoma Bolzano / Bozen,P.A. Bolzano,533050,110659,20.76,0.1
2019,2021-03-04,PAB,1703,998,705,301,79,527,39,40,455,262,1474,229,ITH,ITH1,4,Provincia Autonoma Bolzano / Bozen,P.A. Bolzano,533050,112362,21.08,0.32
2020,2021-02-13,PAB,318,79,239,126,57,127,7,1,0,0,312,6,ITH,ITH1,4,Provincia Autonoma Bolzano / Bozen,P.A. Bolzano,533050,112680,21.14,0.06
2021,2021-02-24,PAB,1365,405,960,10,3,0,0,0,8,1344,1353,12,ITH,ITH1,4,Provincia Autonoma Bolzano / Bozen,P.A. Bolzano,533050,114045,21.39,0.26
2022,2021-03-09,PAB,1194,543,651,29,6,96,22,922,72,47,1192,2,ITH,ITH1,4,Provincia Autonoma Bolzano / Bozen,P.A. Bolzano,533050,115239,21.62,0.22
2023,2021-01-27,PAB,84,28,56,54,26,4,0,0,0,0,1,83,ITH,ITH1,4,Provincia Autonoma Bolzano / Bozen,P.A. Bolzano,533050,115323,21.63,0.02
2024,2021-02-07,PAB,2360,1056,1304,102,75,381,68,1734,0,0,14,2346,ITH,ITH1,4,Provincia Autonoma Bolzano / Bozen,P.A. Bolzano,533050,117683,22.08,0.44
2025,2021-01-21,PAB,951,441,510,750,88,13,68,27,5,0,139,812,ITH,ITH1,4,Provincia Autonoma Bolzano / Bozen,P.A. Bolzano,533050,118634,22.26,0.18
2026,2021-03-25,PAB,2115,1049,1066,209,68,1405,32,299,56,46,1695,420,ITH,ITH1,4,Provincia Autonoma Bolzano / Bozen,P.A. Bolzano,533050,120749,22.65,0.4
2027,2021-03-23,PAB,1552,759,793,0,0,1246,0,215,57,34,1551,1,ITH,ITH1,4,Provincia Autonoma Bolzano / Bozen,P.A. Bolzano,533050,122301,22.94,0.29
2028,2021-03-24,PAB,2040,977,1063,13,11,1678,5,247,57,29,2027,13,ITH,ITH1,4,Provincia Autonoma Bolzano / Bozen,P.A. Bolzano,533050,124341,23.33,0.38
2029,2021-01-05,PAB,830,286,544,734,61,35,0,0,0,0,830,0,ITH,ITH1,4,Provincia Autonoma Bolzano / Bozen,P.A. Bolzano,533050,125171,23.48,0.16
2030,2020-12-27,PAB,144,65,79,139,2,2,0,1,0,0,144,0,ITH,ITH1,4,Provincia Autonoma Bolzano / Bozen,P.A. Bolzano,533050,125315,23.51,0.03
2031,2021-04-05,PAT,33,16,17,0,0,32,0,0,0,1,33,0,ITH,ITH2,4,Provincia Autonoma Trento,P.A. Trento,541380,33,0.01,0.01
2032,2021-02-23,PAT,1108,395,713,272,13,2,17,751,3,50,897,211,ITH,ITH2,4,Provincia Autonoma Trento,P.A. Trento,541380,1141,0.21,0.2
2033,2021-01-27,PAT,802,277,525,463,33,1,304,1,0,0,91,711,ITH,ITH2,4,Provincia Autonoma Trento,P.A. Trento,541380,1943,0.36,0.15
2034,2021-01-29,PAT,1352,331,1021,724,74,12,542,0,0,0,55,1297,ITH,ITH2,4,Provincia Autonoma Trento,P.A. Trento,541380,3295,0.61,0.25
2035,2021-03-18,PAT,2275,944,1331,63,0,565,2,1640,2,3,1199,1076,ITH,ITH2,4,Provincia Autonoma Trento,P.A. Trento,541380,5570,1.03,0.42
2036,2021-02-13,PAT,536,333,203,373,4,1,0,158,0,0,171,365,ITH,ITH2,4,Provincia Autonoma Trento,P.A. Trento,541380,6106,1.13,0.1
2037,2021-01-30,PAT,386,132,254,346,7,0,32,0,0,1,152,234,ITH,ITH2,4,Provincia Autonoma Trento,P.A. Trento,541380,6492,1.2,0.07
2038,2021-03-05,PAT,2225,700,1525,126,67,45,102,954,158,773,1653,572,ITH,ITH2,4,Provincia Autonoma Trento,P.A. Trento,541380,8717,1.61,0.41
2039,2021-03-15,PAT,1398,540,858,57,126,345,26,617,52,175,942,456,ITH,ITH2,4,Provincia Autonoma Trento,P.A. Trento,541380,10115,1.87,0.26
2040,2021-01-14,PAT,698,203,495,481,6,3,208,0,0,0,698,0,ITH,ITH2,4,Provincia Autonoma Trento,P.A. Trento,541380,10813,2.0,0.13
2041,2021-03-03,PAT,1653,621,1032,74,11,20,59,1267,19,203,1135,518,ITH,ITH2,4,Provincia Autonoma Trento,P.A. Trento,541380,12466,2.3,0.31
2042,2021-01-13,PAT,421,123,298,392,6,0,23,0,0,0,421,0,ITH,ITH2,4,Provincia Autonoma Trento,P.A. Trento,541380,12887,2.38,0.08
2043,2021-03-07,PAT,22,6,16,0,0,0,0,0,0,22,22,0,ITH,ITH2,4,Provincia Autonoma Trento,P.A. Trento,541380,12909,2.38,0.0
2044,2021-03-27,PAT,1583,695,888,264,188,845,0,58,72,156,1330,253,ITH,ITH2,4,Provincia Autonoma Trento,P.A. Trento,541380,14492,2.68,0.29
2045,2021-02-12,PAT,1010,340,670,335,54,13,55,553,0,0,589,421,ITH,ITH2,4,Provincia Autonoma Trento,P.A. Trento,541380,15502,2.86,0.19
2046,2021-03-20,PAT,868,399,469,154,97,471,0,77,0,69,665,203,ITH,ITH2,4,Provincia Autonoma Trento,P.A. Trento,541380,16370,3.02,0.16
2047,2021-01-21,PAT,351,94,257,320,13,2,16,0,0,0,228,123,ITH,ITH2,4,Provincia Autonoma Trento,P.A. Trento,541380,16721,3.09,0.06
2048,2021-01-08,PAT,1449,313,1136,775,128,16,530,0,0,0,1449,0,ITH,ITH2,4,Provincia Autonoma Trento,P.A. Trento,541380,18170,3.36,0.27
2049,2021-03-04,PAT,2351,790,1561,161,24,51,23,1726,19,347,1572,779,ITH,ITH2,4,Provincia Autonoma Trento,P.A. Trento,541380,20521,3.79,0.43
2050,2021-01-24,PAT,547,276,271,535,12,0,0,0,0,0,224,323,ITH,ITH2,4,Provincia Autonoma Trento,P.A. Trento,541380,21068,3.89,0.1
2051,2021-03-21,PAT,129,69,60,34,1,76,0,0,0,18,128,1,ITH,ITH2,4,Provincia Autonoma Trento,P.A. Trento,541380,21197,3.92,0.02
2052,2021-03-10,PAT,2398,925,1473,354,36,25,25,1421,221,316,1476,922,ITH,ITH2,4,Provincia Autonoma Trento,P.A. Trento,541380,23595,4.36,0.44
2053,2021-03-29,PAT,2410,945,1465,93,26,1237,5,954,4,91,1672,738,ITH,ITH2,4,Provincia Autonoma Trento,P.A. Trento,541380,26005,4.8,0.45
2054,2021-01-09,PAT,190,40,150,146,13,0,31,0,0,0,190,0,ITH,ITH2,4,Provincia Autonoma Trento,P.A. Trento,541380,26195,4.84,0.04
2055,2021-01-22,PAT,1666,433,1233,903,121,9,630,0,0,3,329,1337,ITH,ITH2,4,Provincia Autonoma Trento,P.A. Trento,541380,27861,5.15,0.31
2056,2021-02-16,PAT,663,244,419,73,2,12,3,563,0,10,658,5,ITH,ITH2,4,Provincia Autonoma Trento,P.A. Trento,541380,28524,5.27,0.12
2057,2021-02-24,PAT,1318,523,795,236,5,7,29,974,1,66,922,396,ITH,ITH2,4,Provincia Autonoma Trento,P.A. Trento,541380,29842,5.51,0.24
2058,2020-12-31,PAT,1624,449,1175,841,105,2,676,0,0,0,1624,0,ITH,ITH2,4,Provincia Autonoma Trento,P.A. Trento,541380,31466,5.81,0.3
2059,2021-02-15,PAT,533,187,346,145,21,7,27,322,0,11,419,114,ITH,ITH2,4,Provincia Autonoma Trento,P.A. Trento,541380,31999,5.91,0.1
2060,2021-03-01,PAT,1237,454,783,74,1,17,10,1037,3,95,942,295,ITH,ITH2,4,Provincia Autonoma Trento,P.A. Trento,541380,33236,6.14,0.23
2061,2021-02-09,PAT,914,287,627,447,8,5,73,381,0,0,441,473,ITH,ITH2,4,Provincia Autonoma Trento,P.A. Trento,541380,34150,6.31,0.17
2062,2021-03-06,PAT,772,276,496,361,10,6,0,195,5,195,621,151,ITH,ITH2,4,Provincia Autonoma Trento,P.A. Trento,541380,34922,6.45,0.14
2063,2021-03-08,PAT,1397,433,964,65,15,17,0,1016,7,277,1044,353,ITH,ITH2,4,Provincia Autonoma Trento,P.A. Trento,541380,36319,6.71,0.26
2064,2021-01-23,PAT,577,334,243,487,2,0,88,0,0,0,388,189,ITH,ITH2,4,Provincia Autonoma Trento,P.A. Trento,541380,36896,6.82,0.11
2065,2021-03-17,PAT,2058,791,1267,399,15,324,55,1259,1,5,1184,874,ITH,ITH2,4,Provincia Autonoma Trento,P.A. Trento,541380,38954,7.2,0.38
2066,2021-03-02,PAT,1300,439,861,137,16,24,53,924,1,145,923,377,ITH,ITH2,4,Provincia Autonoma Trento,P.A. Trento,541380,40254,7.44,0.24
2067,2021-02-26,PAT,1217,435,782,249,12,11,19,820,1,105,921,296,ITH,ITH2,4,Provincia Autonoma Trento,P.A. Trento,541380,41471,7.66,0.22
2068,2021-04-07,PAT,2536,996,1540,256,27,809,29,1308,9,98,1623,913,ITH,ITH2,4,Provincia Autonoma Trento,P.A. Trento,541380,44007,8.13,0.47
2069,2021-04-08,PAT,3008,1261,1747,179,25,1436,26,1302,2,38,1950,1058,ITH,ITH2,4,Provincia Autonoma Trento,P.A. Trento,541380,47015,8.68,0.56
2070,2021-03-13,PAT,831,382,449,203,15,0,30,44,280,259,781,50,ITH,ITH2,4,Provincia Autonoma Trento,P.A. Trento,541380,47846,8.84,0.15
2071,2021-01-15,PAT,594,131,463,463,18,2,111,0,0,0,594,0,ITH,ITH2,4,Provincia Autonoma Trento,P.A. Trento,541380,48440,8.95,0.11
2072,2021-02-17,PAT,1110,425,685,326,9,17,35,708,3,12,1020,90,ITH,ITH2,4,Provincia Autonoma Trento,P.A. Trento,541380,49550,9.15,0.21
2073,2021-03-23,PAT,2381,907,1474,145,96,901,71,998,8,162,1640,741,ITH,ITH2,4,Provincia Autonoma Trento,P.A. Trento,541380,51931,9.59,0.44
2074,2021-03-24,PAT,2310,907,1403,204,78,317,42,1430,16,223,1490,820,ITH,ITH2,4,Provincia Autonoma Trento,P.A. Trento,541380,54241,10.02,0.43
2075,2020-12-27,PAT,103,40,63,76,4,2,21,0,0,0,103,0,ITH,ITH2,4,Provincia Autonoma Trento,P.A. Trento,541380,54344,10.04,0.02
2076,2021-01-06,PAT,42,13,29,42,0,0,0,0,0,0,42,0,ITH,ITH2,4,Provincia Autonoma Trento,P.A. Trento,541380,54386,10.05,0.01
2077,2021-01-18,PAT,642,154,488,528,35,6,73,0,0,0,587,55,ITH,ITH2,4,Provincia Autonoma Trento,P.A. Trento,541380,55028,10.16,0.12
2078,2021-01-16,PAT,318,147,171,303,0,0,15,0,0,0,318,0,ITH,ITH2,4,Provincia Autonoma Trento,P.A. Trento,541380,55346,10.22,0.06
2079,2021-02-18,PAT,1205,426,779,300,25,5,35,782,3,55,1143,62,ITH,ITH2,4,Provincia Autonoma Trento,P.A. Trento,541380,56551,10.45,0.22
2080,2021-02-28,PAT,242,121,121,231,0,0,0,0,0,11,242,0,ITH,ITH2,4,Provincia Autonoma Trento,P.A. Trento,541380,56793,10.49,0.04
2081,2021-04-06,PAT,2208,937,1271,39,5,1027,9,1017,17,94,1483,725,ITH,ITH2,4,Provincia Autonoma Trento,P.A. Trento,541380,59001,10.9,0.41
2082,2021-03-28,PAT,754,293,461,18,386,270,0,8,70,2,743,11,ITH,ITH2,4,Provincia Autonoma Trento,P.A. Trento,541380,59755,11.04,0.14
2083,2021-01-10,PAT,84,19,65,54,18,0,12,0,0,0,84,0,ITH,ITH2,4,Provincia Autonoma Trento,P.A. Trento,541380,59839,11.05,0.02
2084,2021-03-14,PAT,107,65,42,102,0,0,0,0,0,5,20,87,ITH,ITH2,4,Provincia Autonoma Trento,P.A. Trento,541380,59946,11.07,0.02
2085,2021-01-31,PAT,75,15,60,55,13,1,6,0,0,0,1,74,ITH,ITH2,4,Provincia Autonoma Trento,P.A. Trento,541380,60021,11.09,0.01
2086,2021-04-03,PAT,1119,466,653,141,250,585,0,47,66,30,954,165,ITH,ITH2,4,Provincia Autonoma Trento,P.A. Trento,541380,61140,11.29,0.21
2087,2021-02-22,PAT,745,259,486,119,4,6,70,501,0,45,661,84,ITH,ITH2,4,Provincia Autonoma Trento,P.A. Trento,541380,61885,11.43,0.14
2088,2021-02-10,PAT,850,290,560,310,7,2,51,480,0,0,509,341,ITH,ITH2,4,Provincia Autonoma Trento,P.A. Trento,541380,62735,11.59,0.16
2089,2021-04-02,PAT,2724,1126,1598,148,65,1526,44,636,15,290,2090,634,ITH,ITH2,4,Provincia Autonoma Trento,P.A. Trento,541380,65459,12.09,0.5
2090,2021-01-12,PAT,504,158,346,418,25,0,61,0,0,0,504,0,ITH,ITH2,4,Provincia Autonoma Trento,P.A. Trento,541380,65963,12.18,0.09
2091,2021-01-01,PAT,213,50,163,114,11,0,88,0,0,0,213,0,ITH,ITH2,4,Provincia Autonoma Trento,P.A. Trento,541380,66176,12.22,0.04
2092,2021-02-11,PAT,1131,365,766,331,3,11,48,738,0,0,796,335,ITH,ITH2,4,Provincia Autonoma Trento,P.A. Trento,541380,67307,12.43,0.21
2093,2021-03-09,PAT,1566,584,982,98,42,14,29,1092,92,199,932,634,ITH,ITH2,4,Provincia Autonoma Trento,P.A. Trento,541380,68873,12.72,0.29
2094,2021-02-01,PAT,1220,335,885,767,70,8,375,0,0,0,92,1128,ITH,ITH2,4,Provincia Autonoma Trento,P.A. Trento,541380,70093,12.95,0.23
2095,2021-03-12,PAT,2458,922,1536,207,251,45,106,1094,203,552,1667,791,ITH,ITH2,4,Provincia Autonoma Trento,P.A. Trento,541380,72551,13.4,0.45
2096,2021-01-07,PAT,1270,310,960,649,46,18,557,0,0,0,1270,0,ITH,ITH2,4,Provincia Autonoma Trento,P.A. Trento,541380,73821,13.64,0.23
2097,2021-02-27,PAT,1024,455,569,459,5,9,0,434,4,113,604,420,ITH,ITH2,4,Provincia Autonoma Trento,P.A. Trento,541380,74845,13.82,0.19
2098,2021-02-20,PAT,406,245,161,330,10,1,30,1,3,31,122,284,ITH,ITH2,4,Provincia Autonoma Trento,P.A. Trento,541380,75251,13.9,0.07
2099,2021-01-25,PAT,817,215,602,524,27,3,263,0,0,0,23,794,ITH,ITH2,4,Provincia Autonoma Trento,P.A. Trento,541380,76068,14.05,0.15
2100,2021-02-08,PAT,1150,318,832,550,53,6,237,303,0,1,342,808,ITH,ITH2,4,Provincia Autonoma Trento,P.A. Trento,541380,77218,14.26,0.21
2101,2021-02-19,PAT,927,358,569,170,37,16,93,582,1,28,869,58,ITH,ITH2,4,Provincia Autonoma Trento,P.A. Trento,541380,78145,14.43,0.17
2102,2021-01-19,PAT,405,77,328,365,3,1,36,0,0,0,405,0,ITH,ITH2,4,Provincia Autonoma Trento,P.A. Trento,541380,78550,14.51,0.07
2103,2021-01-28,PAT,530,147,383,390,29,4,107,0,0,0,48,482,ITH,ITH2,4,Provincia Autonoma Trento,P.A. Trento,541380,79080,14.61,0.1
2104,2021-03-16,PAT,1390,505,885,221,7,49,36,1073,0,4,607,783,ITH,ITH2,4,Provincia Autonoma Trento,P.A. Trento,541380,80470,14.86,0.26
2105,2021-01-04,PAT,870,227,643,486,41,6,336,1,0,0,870,0,ITH,ITH2,4,Provincia Autonoma Trento,P.A. Trento,541380,81340,15.02,0.16
2106,2021-04-09,PAT,2028,837,1191,45,3,1001,1,813,3,162,920,1108,ITH,ITH2,4,Provincia Autonoma Trento,P.A. Trento,541380,83368,15.4,0.37
2107,2021-02-25,PAT,1639,642,997,120,9,8,32,1376,1,93,1199,440,ITH,ITH2,4,Provincia Autonoma Trento,P.A. Trento,541380,85007,15.7,0.3
2108,2021-02-03,PAT,846,314,532,356,13,10,73,394,0,0,414,432,ITH,ITH2,4,Provincia Autonoma Trento,P.A. Trento,541380,85853,15.86,0.16
2109,2021-01-03,PAT,492,160,332,419,9,1,63,0,0,0,492,0,ITH,ITH2,4,Provincia Autonoma Trento,P.A. Trento,541380,86345,15.95,0.09
2110,2021-02-14,PAT,246,186,60,246,0,0,0,0,0,0,11,235,ITH,ITH2,4,Provincia Autonoma Trento,P.A. Trento,541380,86591,15.99,0.05
2111,2020-12-30,PAT,7,3,4,4,1,0,2,0,0,0,7,0,ITH,ITH2,4,Provincia Autonoma Trento,P.A. Trento,541380,86598,16.0,0.0
2112,2021-03-30,PAT,2366,965,1401,71,57,995,52,1007,9,175,1740,626,ITH,ITH2,4,Provincia Autonoma Trento,P.A. Trento,541380,88964,16.43,0.44
2113,2021-01-26,PAT,542,154,388,441,16,1,84,0,0,0,26,516,ITH,ITH2,4,Provincia Autonoma Trento,P.A. Trento,541380,89506,16.53,0.1
2114,2021-03-25,PAT,2803,1069,1734,177,136,807,28,1292,6,357,1756,1047,ITH,ITH2,4,Provincia Autonoma Trento,P.A. Trento,541380,92309,17.05,0.52
2115,2021-01-05,PAT,709,232,477,495,46,6,162,0,0,0,709,0,ITH,ITH2,4,Provincia Autonoma Trento,P.A. Trento,541380,93018,17.18,0.13
2116,2021-03-26,PAT,3084,1188,1896,135,169,1230,107,883,9,551,2491,593,ITH,ITH2,4,Provincia Autonoma Trento,P.A. Trento,541380,96102,17.75,0.57
2117,2021-02-06,PAT,573,297,276,178,0,4,0,391,0,0,433,140,ITH,ITH2,4,Provincia Autonoma Trento,P.A. Trento,541380,96675,17.86,0.11
2118,2021-02-21,PAT,155,92,63,154,0,0,0,0,0,1,43,112,ITH,ITH2,4,Provincia Autonoma Trento,P.A. Trento,541380,96830,17.89,0.03
2119,2021-01-20,PAT,290,72,218,231,10,1,48,0,0,0,278,12,ITH,ITH2,4,Provincia Autonoma Trento,P.A. Trento,541380,97120,17.94,0.05
2120,2021-01-02,PAT,502,143,359,336,21,4,141,0,0,0,502,0,ITH,ITH2,4,Provincia Autonoma Trento,P.A. Trento,541380,97622,18.03,0.09
2121,2021-04-01,PAT,2870,1225,1645,190,52,892,6,1602,3,125,1787,1083,ITH,ITH2,4,Provincia Autonoma Trento,P.A. Trento,541380,100492,18.56,0.53
2122,2021-03-11,PAT,2280,846,1434,104,50,65,41,1570,59,391,1467,813,ITH,ITH2,4,Provincia Autonoma Trento,P.A. Trento,541380,102772,18.98,0.42
2123,2021-02-02,PAT,907,240,667,507,33,11,189,167,0,0,190,717,ITH,ITH2,4,Provincia Autonoma Trento,P.A. Trento,541380,103679,19.15,0.17
2124,2021-01-11,PAT,728,221,507,521,49,5,153,0,0,0,728,0,ITH,ITH2,4,Provincia Autonoma Trento,P.A. Trento,541380,104407,19.29,0.13
2125,2021-03-31,PAT,2527,978,1549,141,34,668,5,1446,6,227,1672,855,ITH,ITH2,4,Provincia Autonoma Trento,P.A. Trento,541380,106934,19.75,0.47
2126,2021-02-04,PAT,972,304,668,543,10,5,89,325,0,0,420,552,ITH,ITH2,4,Provincia Autonoma Trento,P.A. Trento,541380,107906,19.93,0.18
2127,2021-02-05,PAT,802,271,531,467,19,2,66,248,0,0,283,519,ITH,ITH2,4,Provincia Autonoma Trento,P.A. Trento,541380,108708,20.08,0.15
2128,2021-04-10,PAT,927,445,482,14,1,846,1,43,5,17,450,477,ITH,ITH2,4,Provincia Autonoma Trento,P.A. Trento,541380,109635,20.25,0.17
2129,2021-03-22,PAT,2280,968,1312,82,132,969,8,970,18,101,1403,877,ITH,ITH2,4,Provincia Autonoma Trento,P.A. Trento,541380,111915,20.67,0.42
2130,2021-03-19,PAT,2406,910,1496,318,70,843,52,1053,2,68,1559,847,ITH,ITH2,4,Provincia Autonoma Trento,P.A. Trento,541380,114321,21.12,0.44
2131,2021-01-17,PAT,251,195,56,251,0,0,0,0,0,0,251,0,ITH,ITH2,4,Provincia Autonoma Trento,P.A. Trento,541380,114572,21.16,0.05
