,data,area,Vaccinazioni giornaliere,sesso_maschile,sesso_femminile,prima_dose,seconda_dose,pregressa_infezione,codice_NUTS1,codice_NUTS2,codice_regione_ISTAT,nome_area,Regione,popolazione,Totale vaccinazioni,Totale vaccinazioni ogni cento ab,Vaccinazioni giornaliere ogni cento ab
0,2021-04-11,CAM,17524,8606,8918,15068,2083,373,ITF,ITF3,15,Campania,Campania,5801692,17524,0.3,0.3
1,2021-04-28,CAM,36436,17642,18794,25918,9756,762,ITF,ITF3,15,Campania,Campania,5801692,53960,0.93,0.63
2,2021-01-18,CAM,959,399,560,683,244,32,ITF,ITF3,15,Campania,Campania,5801692,54919,0.95,0.02
3,2021-06-07,CAM,57582,27719,29863,52872,4033,677,ITF,ITF3,15,Campania,Campania,5801692,112501,1.94,0.99
4,2021-02-25,CAM,12426,4479,7947,10968,1188,270,ITF,ITF3,15,Campania,Campania,5801692,124927,2.15,0.21
5,2021-04-09,CAM,30044,14153,15891,23313,6134,597,ITF,ITF3,15,Campania,Campania,5801692,154971,2.67,0.52
6,2021-06-05,CAM,77622,37579,40043,70889,6022,711,ITF,ITF3,15,Campania,Campania,5801692,232593,4.01,1.34
7,2021-06-14,CAM,37112,17915,19197,18787,18013,312,ITF,ITF3,15,Campania,Campania,5801692,269705,4.65,0.64
8,2021-02-11,CAM,6280,2704,3576,5929,66,285,ITF,ITF3,15,Campania,Campania,5801692,275985,4.76,0.11
9,2021-04-16,CAM,34327,16560,17767,23023,10665,639,ITF,ITF3,15,Campania,Campania,5801692,310312,5.35,0.59
10,2021-03-28,CAM,15563,7509,8054,13608,1625,330,ITF,ITF3,15,Campania,Campania,5801692,325875,5.62,0.27
11,2021-01-04,CAM,5826,2963,2863,5727,0,99,ITF,ITF3,15,Campania,Campania,5801692,331701,5.72,0.1
12,2021-06-19,CAM,62374,29700,32674,24260,37739,375,ITF,ITF3,15,Campania,Campania,5801692,394075,6.79,1.08
13,2021-03-09,CAM,14128,6870,7258,9960,3785,383,ITF,ITF3,15,Campania,Campania,5801692,408203,7.04,0.24
14,2021-03-02,CAM,12761,4558,8203,8214,4345,202,ITF,ITF3,15,Campania,Campania,5801692,420964,7.26,0.22
15,2021-07-15,CAM,66651,32020,34631,9371,57012,268,ITF,ITF3,15,Campania,Campania,5801692,487615,8.4,1.15
16,2021-01-11,CAM,4070,1871,2199,3961,0,109,ITF,ITF3,15,Campania,Campania,5801692,491685,8.47,0.07
17,2021-01-30,CAM,10724,5081,5643,36,10686,2,ITF,ITF3,15,Campania,Campania,5801692,502409,8.66,0.18
18,2021-07-03,CAM,67280,32493,34787,8207,58697,376,ITF,ITF3,15,Campania,Campania,5801692,569689,9.82,1.16
19,2021-01-16,CAM,3371,1677,1694,3262,0,109,ITF,ITF3,15,Campania,Campania,5801692,573060,9.88,0.06
20,2021-05-24,CAM,31358,15151,16207,15863,15150,345,ITF,ITF3,15,Campania,Campania,5801692,604418,10.42,0.54
21,2021-02-13,CAM,5508,2550,2958,5109,217,182,ITF,ITF3,15,Campania,Campania,5801692,609926,10.51,0.09
22,2021-04-23,CAM,32325,15522,16803,22485,9150,690,ITF,ITF3,15,Campania,Campania,5801692,642251,11.07,0.56
23,2021-06-24,CAM,66047,31814,34233,13473,52244,330,ITF,ITF3,15,Campania,Campania,5801692,708298,12.21,1.14
24,2021-03-16,CAM,8086,3519,4567,3700,4314,72,ITF,ITF3,15,Campania,Campania,5801692,716384,12.35,0.14
25,2021-01-25,CAM,5746,2927,2819,163,5583,0,ITF,ITF3,15,Campania,Campania,5801692,722130,12.45,0.1
26,2021-07-01,CAM,61500,29844,31656,19855,40996,649,ITF,ITF3,15,Campania,Campania,5801692,783630,13.51,1.06
27,2021-03-23,CAM,15743,7446,8297,12925,2513,305,ITF,ITF3,15,Campania,Campania,5801692,799373,13.78,0.27
28,2021-05-19,CAM,51155,22604,28551,33826,16608,721,ITF,ITF3,15,Campania,Campania,5801692,850528,14.66,0.88
29,2021-02-27,CAM,13948,4473,9475,12007,1642,299,ITF,ITF3,15,Campania,Campania,5801692,864476,14.9,0.24
30,2021-06-16,CAM,31593,14979,16614,20539,10759,295,ITF,ITF3,15,Campania,Campania,5801692,896069,15.44,0.54
31,2021-05-17,CAM,49362,21701,27661,23654,25257,451,ITF,ITF3,15,Campania,Campania,5801692,945431,16.3,0.85
32,2021-02-06,CAM,5341,2666,2675,2006,3239,96,ITF,ITF3,15,Campania,Campania,5801692,950772,16.39,0.09
33,2021-04-30,CAM,42328,20195,22133,25041,16499,788,ITF,ITF3,15,Campania,Campania,5801692,993100,17.12,0.73
34,2021-02-04,CAM,7943,3429,4514,1249,6635,59,ITF,ITF3,15,Campania,Campania,5801692,1001043,17.25,0.14
35,2021-01-01,CAM,919,506,413,900,0,19,ITF,ITF3,15,Campania,Campania,5801692,1001962,17.27,0.02
36,2021-03-25,CAM,20320,9653,10667,16389,3503,428,ITF,ITF3,15,Campania,Campania,5801692,1022282,17.62,0.35
37,2021-01-06,CAM,7650,3749,3901,7506,0,144,ITF,ITF3,15,Campania,Campania,5801692,1029932,17.75,0.13
38,2021-02-18,CAM,9080,3813,5267,8151,707,222,ITF,ITF3,15,Campania,Campania,5801692,1039012,17.91,0.16
39,2021-04-25,CAM,30739,15174,15565,24599,5402,738,ITF,ITF3,15,Campania,Campania,5801692,1069751,18.44,0.53
40,2021-01-13,CAM,8020,3666,4354,7780,0,240,ITF,ITF3,15,Campania,Campania,5801692,1077771,18.58,0.14
41,2021-05-31,CAM,40728,20664,20064,29851,10311,566,ITF,ITF3,15,Campania,Campania,5801692,1118499,19.28,0.7
42,2021-05-26,CAM,52674,25835,26839,21108,31101,465,ITF,ITF3,15,Campania,Campania,5801692,1171173,20.19,0.91
43,2021-04-06,CAM,24510,11561,12949,19506,4523,481,ITF,ITF3,15,Campania,Campania,5801692,1195683,20.61,0.42
44,2021-07-12,CAM,56673,27362,29311,3771,52584,318,ITF,ITF3,15,Campania,Campania,5801692,1252356,21.59,0.98
45,2020-12-27,CAM,720,422,298,716,0,4,ITF,ITF3,15,Campania,Campania,5801692,1253076,21.6,0.01
46,2021-06-26,CAM,62930,30687,32243,14669,47849,412,ITF,ITF3,15,Campania,Campania,5801692,1316006,22.68,1.08
47,2021-07-13,CAM,53661,25781,27880,4938,48474,249,ITF,ITF3,15,Campania,Campania,5801692,1369667,23.61,0.92
48,2021-04-04,CAM,7966,4017,3949,6701,1047,218,ITF,ITF3,15,Campania,Campania,5801692,1377633,23.75,0.14
49,2021-06-12,CAM,63987,31542,32445,55940,7215,832,ITF,ITF3,15,Campania,Campania,5801692,1441620,24.85,1.1
50,2021-03-04,CAM,14708,5396,9312,8555,5894,259,ITF,ITF3,15,Campania,Campania,5801692,1456328,25.1,0.25
51,2021-01-23,CAM,3840,2030,1810,267,3567,6,ITF,ITF3,15,Campania,Campania,5801692,1460168,25.17,0.07
52,2021-03-21,CAM,10071,4674,5397,7507,2390,174,ITF,ITF3,15,Campania,Campania,5801692,1470239,25.34,0.17
53,2021-02-10,CAM,6905,3413,3492,6483,177,245,ITF,ITF3,15,Campania,Campania,5801692,1477144,25.46,0.12
54,2021-07-17,CAM,55200,27539,27661,3531,51486,183,ITF,ITF3,15,Campania,Campania,5801692,1532344,26.41,0.95
55,2021-04-08,CAM,28392,13750,14642,21992,5844,556,ITF,ITF3,15,Campania,Campania,5801692,1560736,26.9,0.49
56,2021-06-04,CAM,74493,35806,38687,64787,9062,644,ITF,ITF3,15,Campania,Campania,5801692,1635229,28.19,1.28
57,2021-05-21,CAM,63709,29606,34103,42177,20527,1005,ITF,ITF3,15,Campania,Campania,5801692,1698938,29.28,1.1
58,2021-05-05,CAM,51172,24857,26315,43286,6386,1500,ITF,ITF3,15,Campania,Campania,5801692,1750110,30.17,0.88
59,2021-05-12,CAM,40888,19950,20938,30592,9156,1140,ITF,ITF3,15,Campania,Campania,5801692,1790998,30.87,0.7
60,2021-07-08,CAM,61083,29399,31684,5664,55115,304,ITF,ITF3,15,Campania,Campania,5801692,1852081,31.92,1.05
61,2021-05-02,CAM,43495,21540,21955,31285,11359,851,ITF,ITF3,15,Campania,Campania,5801692,1895576,32.67,0.75
62,2021-01-22,CAM,1525,776,749,659,852,14,ITF,ITF3,15,Campania,Campania,5801692,1897101,32.7,0.03
63,2021-03-06,CAM,16371,6815,9556,10411,5669,291,ITF,ITF3,15,Campania,Campania,5801692,1913472,32.98,0.28
64,2021-01-20,CAM,1257,650,607,1226,0,31,ITF,ITF3,15,Campania,Campania,5801692,1914729,33.0,0.02
65,2021-04-13,CAM,26609,12686,13923,20577,5534,498,ITF,ITF3,15,Campania,Campania,5801692,1941338,33.46,0.46
66,2021-01-03,CAM,3836,2009,1827,3787,0,49,ITF,ITF3,15,Campania,Campania,5801692,1945174,33.53,0.07
67,2021-04-18,CAM,27220,13285,13935,17823,8900,497,ITF,ITF3,15,Campania,Campania,5801692,1972394,34.0,0.47
68,2021-01-08,CAM,10453,4967,5486,10194,0,259,ITF,ITF3,15,Campania,Campania,5801692,1982847,34.18,0.18
69,2021-04-27,CAM,32159,15625,16534,23497,7922,740,ITF,ITF3,15,Campania,Campania,5801692,2015006,34.73,0.55
70,2021-06-23,CAM,46735,22079,24656,10749,35780,206,ITF,ITF3,15,Campania,Campania,5801692,2061741,35.54,0.81
71,2021-01-15,CAM,4979,2381,2598,4823,0,156,ITF,ITF3,15,Campania,Campania,5801692,2066720,35.62,0.09
72,2021-06-21,CAM,46853,22629,24224,11349,35221,283,ITF,ITF3,15,Campania,Campania,5801692,2113573,36.43,0.81
73,2021-03-13,CAM,14518,7038,7480,8989,5282,247,ITF,ITF3,15,Campania,Campania,5801692,2128091,36.68,0.25
74,2021-06-02,CAM,42836,20145,22691,37728,4675,433,ITF,ITF3,15,Campania,Campania,5801692,2170927,37.42,0.74
75,2021-02-22,CAM,10683,3295,7388,10195,263,225,ITF,ITF3,15,Campania,Campania,5801692,2181610,37.6,0.18
76,2021-03-11,CAM,17999,9057,8942,10332,7279,388,ITF,ITF3,15,Campania,Campania,5801692,2199609,37.91,0.31
77,2021-05-16,CAM,51147,23226,27921,32868,17573,706,ITF,ITF3,15,Campania,Campania,5801692,2250756,38.79,0.88
78,2021-02-20,CAM,8573,3080,5493,8109,303,161,ITF,ITF3,15,Campania,Campania,5801692,2259329,38.94,0.15
79,2021-02-03,CAM,8903,4003,4900,842,8025,36,ITF,ITF3,15,Campania,Campania,5801692,2268232,39.1,0.15
80,2021-04-20,CAM,32039,15500,16539,20161,11312,566,ITF,ITF3,15,Campania,Campania,5801692,2300271,39.65,0.55
81,2021-06-28,CAM,46517,22739,23778,20590,25404,523,ITF,ITF3,15,Campania,Campania,5801692,2346788,40.45,0.8
82,2021-03-20,CAM,13989,6529,7460,10013,3739,237,ITF,ITF3,15,Campania,Campania,5801692,2360777,40.69,0.24
83,2021-02-15,CAM,5472,2516,2956,5159,175,138,ITF,ITF3,15,Campania,Campania,5801692,2366249,40.79,0.09
84,2021-06-09,CAM,53059,26053,27006,41707,10903,449,ITF,ITF3,15,Campania,Campania,5801692,2419308,41.7,0.91
85,2021-03-01,CAM,12130,4248,7882,7783,4112,235,ITF,ITF3,15,Campania,Campania,5801692,2431438,41.91,0.21
86,2021-04-01,CAM,24680,12010,12670,20081,4133,466,ITF,ITF3,15,Campania,Campania,5801692,2456118,42.33,0.43
87,2021-05-28,CAM,73052,35312,37740,26284,46154,614,ITF,ITF3,15,Campania,Campania,5801692,2529170,43.59,1.26
88,2021-05-14,CAM,61039,27584,33455,34850,24708,1481,ITF,ITF3,15,Campania,Campania,5801692,2590209,44.65,1.05
89,2021-07-10,CAM,66879,32657,34222,2754,63929,196,ITF,ITF3,15,Campania,Campania,5801692,2657088,45.8,1.15
90,2021-03-08,CAM,14687,6846,7841,9504,4777,406,ITF,ITF3,15,Campania,Campania,5801692,2671775,46.05,0.25
91,2021-05-04,CAM,48482,23347,25135,38353,8902,1227,ITF,ITF3,15,Campania,Campania,5801692,2720257,46.89,0.84
92,2021-01-24,CAM,4122,2119,2003,360,3745,17,ITF,ITF3,15,Campania,Campania,5801692,2724379,46.96,0.07
93,2021-05-13,CAM,55449,24827,30622,37875,16005,1569,ITF,ITF3,15,Campania,Campania,5801692,2779828,47.91,0.96
94,2021-07-09,CAM,61437,29743,31694,4367,56779,291,ITF,ITF3,15,Campania,Campania,5801692,2841265,48.97,1.06
95,2021-01-31,CAM,8070,3712,4358,22,8047,1,ITF,ITF3,15,Campania,Campania,5801692,2849335,49.11,0.14
96,2021-02-08,CAM,5113,2449,2664,4164,803,146,ITF,ITF3,15,Campania,Campania,5801692,2854448,49.2,0.09
97,2021-03-22,CAM,13181,6344,6837,10864,2041,276,ITF,ITF3,15,Campania,Campania,5801692,2867629,49.43,0.23
98,2021-02-07,CAM,2928,1381,1547,2067,771,90,ITF,ITF3,15,Campania,Campania,5801692,2870557,49.48,0.05
99,2021-06-30,CAM,47601,22740,24861,18383,28605,613,ITF,ITF3,15,Campania,Campania,5801692,2918158,50.3,0.82
100,2021-07-05,CAM,63281,30506,32775,12746,49864,671,ITF,ITF3,15,Campania,Campania,5801692,2981439,51.39,1.09
101,2021-07-07,CAM,52227,24783,27444,7267,44575,385,ITF,ITF3,15,Campania,Campania,5801692,3033666,52.29,0.9
102,2021-03-29,CAM,19405,9578,9827,17471,1547,387,ITF,ITF3,15,Campania,Campania,5801692,3053071,52.62,0.33
103,2021-05-18,CAM,52185,23230,28955,31876,19656,653,ITF,ITF3,15,Campania,Campania,5801692,3105256,53.52,0.9
104,2021-02-05,CAM,7261,3463,3798,2019,5128,114,ITF,ITF3,15,Campania,Campania,5801692,3112517,53.65,0.13
105,2021-04-29,CAM,41330,20038,21292,24097,16483,750,ITF,ITF3,15,Campania,Campania,5801692,3153847,54.36,0.71
106,2021-01-19,CAM,1095,474,621,1042,3,50,ITF,ITF3,15,Campania,Campania,5801692,3154942,54.38,0.02
107,2021-05-09,CAM,43201,20285,22916,30970,11096,1135,ITF,ITF3,15,Campania,Campania,5801692,3198143,55.12,0.74
108,2021-01-10,CAM,8165,3736,4429,7963,0,202,ITF,ITF3,15,Campania,Campania,5801692,3206308,55.27,0.14
109,2021-04-03,CAM,21117,10316,10801,18283,2381,453,ITF,ITF3,15,Campania,Campania,5801692,3227425,55.63,0.36
110,2021-02-24,CAM,11784,4149,7635,10849,688,247,ITF,ITF3,15,Campania,Campania,5801692,3239209,55.83,0.2
111,2021-01-05,CAM,7237,3637,3600,7076,0,161,ITF,ITF3,15,Campania,Campania,5801692,3246446,55.96,0.12
112,2021-02-17,CAM,7390,3212,4178,6206,1060,124,ITF,ITF3,15,Campania,Campania,5801692,3253836,56.08,0.13
113,2021-04-15,CAM,34343,16663,17680,23813,9902,628,ITF,ITF3,15,Campania,Campania,5801692,3288179,56.68,0.59
114,2021-02-01,CAM,3984,1813,2171,102,3874,8,ITF,ITF3,15,Campania,Campania,5801692,3292163,56.74,0.07
115,2021-03-30,CAM,22052,10577,11475,18598,2957,497,ITF,ITF3,15,Campania,Campania,5801692,3314215,57.12,0.38
116,2021-04-17,CAM,36184,17511,18673,23986,11512,686,ITF,ITF3,15,Campania,Campania,5801692,3350399,57.75,0.62
117,2021-06-13,CAM,43430,21243,22187,38106,4729,595,ITF,ITF3,15,Campania,Campania,5801692,3393829,58.5,0.75
118,2021-05-30,CAM,52153,25441,26712,37961,13313,879,ITF,ITF3,15,Campania,Campania,5801692,3445982,59.4,0.9
119,2021-05-11,CAM,39866,19238,20628,29555,9400,911,ITF,ITF3,15,Campania,Campania,5801692,3485848,60.08,0.69
120,2021-07-11,CAM,40854,19660,21194,1014,39759,81,ITF,ITF3,15,Campania,Campania,5801692,3526702,60.79,0.7
121,2021-01-17,CAM,1155,551,604,682,453,20,ITF,ITF3,15,Campania,Campania,5801692,3527857,60.81,0.02
122,2021-03-15,CAM,13346,6491,6855,8352,4746,248,ITF,ITF3,15,Campania,Campania,5801692,3541203,61.04,0.23
123,2021-07-02,CAM,55860,26991,28869,14437,40940,483,ITF,ITF3,15,Campania,Campania,5801692,3597063,62.0,0.96
124,2021-05-27,CAM,72913,35351,37562,25819,46536,558,ITF,ITF3,15,Campania,Campania,5801692,3669976,63.26,1.26
125,2021-02-16,CAM,5440,2412,3028,4495,771,174,ITF,ITF3,15,Campania,Campania,5801692,3675416,63.35,0.09
126,2021-01-21,CAM,2093,1116,977,670,1417,6,ITF,ITF3,15,Campania,Campania,5801692,3677509,63.39,0.04
127,2021-06-22,CAM,52437,25008,27429,13198,38992,247,ITF,ITF3,15,Campania,Campania,5801692,3729946,64.29,0.9
128,2021-03-14,CAM,8616,3827,4789,4379,4140,97,ITF,ITF3,15,Campania,Campania,5801692,3738562,64.44,0.15
129,2021-06-20,CAM,47603,22743,24860,14333,32985,285,ITF,ITF3,15,Campania,Campania,5801692,3786165,65.26,0.82
130,2021-03-27,CAM,21513,10242,11271,17256,3865,392,ITF,ITF3,15,Campania,Campania,5801692,3807678,65.63,0.37
131,2021-06-01,CAM,42056,20873,21183,31344,10493,219,ITF,ITF3,15,Campania,Campania,5801692,3849734,66.36,0.72
132,2021-06-18,CAM,65882,31398,34484,35096,30295,491,ITF,ITF3,15,Campania,Campania,5801692,3915616,67.49,1.14
133,2021-03-10,CAM,15614,7721,7893,8465,6836,313,ITF,ITF3,15,Campania,Campania,5801692,3931230,67.76,0.27
134,2021-05-15,CAM,62656,29041,33615,42155,18713,1788,ITF,ITF3,15,Campania,Campania,5801692,3993886,68.84,1.08
135,2021-02-02,CAM,5724,2805,2919,413,5280,31,ITF,ITF3,15,Campania,Campania,5801692,3999610,68.94,0.1
136,2021-03-31,CAM,23187,11371,11816,19359,3440,388,ITF,ITF3,15,Campania,Campania,5801692,4022797,69.34,0.4
137,2021-07-18,CAM,26947,13514,13433,3009,23767,171,ITF,ITF3,15,Campania,Campania,5801692,4049744,69.8,0.46
138,2021-04-07,CAM,24971,11986,12985,19713,4725,533,ITF,ITF3,15,Campania,Campania,5801692,4074715,70.23,0.43
139,2021-02-19,CAM,9571,3559,6012,8714,650,207,ITF,ITF3,15,Campania,Campania,5801692,4084286,70.4,0.16
140,2020-12-31,CAM,1490,811,679,1471,0,19,ITF,ITF3,15,Campania,Campania,5801692,4085776,70.42,0.03
141,2021-06-06,CAM,63227,31445,31782,61928,648,651,ITF,ITF3,15,Campania,Campania,5801692,4149003,71.51,1.09
142,2021-02-26,CAM,13335,4227,9108,11731,1336,268,ITF,ITF3,15,Campania,Campania,5801692,4162338,71.74,0.23
143,2021-04-24,CAM,36364,17528,18836,24361,11248,755,ITF,ITF3,15,Campania,Campania,5801692,4198702,72.37,0.63
144,2021-04-10,CAM,28355,13493,14862,22827,4914,614,ITF,ITF3,15,Campania,Campania,5801692,4227057,72.86,0.49
145,2021-05-23,CAM,58748,28639,30109,37221,20898,629,ITF,ITF3,15,Campania,Campania,5801692,4285805,73.87,1.01
146,2021-02-12,CAM,6531,2861,3670,6092,188,251,ITF,ITF3,15,Campania,Campania,5801692,4292336,73.98,0.11
147,2021-01-29,CAM,10053,4812,5241,43,10006,4,ITF,ITF3,15,Campania,Campania,5801692,4302389,74.16,0.17
148,2021-06-27,CAM,43551,21450,22101,14111,29066,374,ITF,ITF3,15,Campania,Campania,5801692,4345940,74.91,0.75
149,2021-03-19,CAM,11143,4973,6170,7096,3873,174,ITF,ITF3,15,Campania,Campania,5801692,4357083,75.1,0.19
150,2021-06-10,CAM,75912,36678,39234,68003,7033,876,ITF,ITF3,15,Campania,Campania,5801692,4432995,76.41,1.31
151,2021-05-22,CAM,67958,32514,35444,45622,21490,846,ITF,ITF3,15,Campania,Campania,5801692,4500953,77.58,1.17
152,2021-03-24,CAM,17922,8369,9553,14625,2958,339,ITF,ITF3,15,Campania,Campania,5801692,4518875,77.89,0.31
153,2021-05-20,CAM,60830,28141,32689,42227,17638,965,ITF,ITF3,15,Campania,Campania,5801692,4579705,78.94,1.05
154,2021-05-10,CAM,35471,16390,19081,25004,9927,540,ITF,ITF3,15,Campania,Campania,5801692,4615176,79.55,0.61
155,2021-06-08,CAM,53037,25852,27185,45459,6996,582,ITF,ITF3,15,Campania,Campania,5801692,4668213,80.46,0.91
156,2021-04-26,CAM,34034,16649,17385,27574,5622,838,ITF,ITF3,15,Campania,Campania,5801692,4702247,81.05,0.59
157,2021-03-07,CAM,11973,5404,6569,7816,3843,314,ITF,ITF3,15,Campania,Campania,5801692,4714220,81.26,0.21
158,2021-05-03,CAM,40780,19899,20881,27960,11857,963,ITF,ITF3,15,Campania,Campania,5801692,4755000,81.96,0.7
159,2021-06-29,CAM,49297,23977,25320,19828,29010,459,ITF,ITF3,15,Campania,Campania,5801692,4804297,82.81,0.85
160,2021-03-12,CAM,14574,7410,7164,8199,6083,292,ITF,ITF3,15,Campania,Campania,5801692,4818871,83.06,0.25
161,2021-06-03,CAM,72636,35228,37408,61158,10674,804,ITF,ITF3,15,Campania,Campania,5801692,4891507,84.31,1.25
162,2021-02-23,CAM,11002,3388,7614,10205,526,271,ITF,ITF3,15,Campania,Campania,5801692,4902509,84.5,0.19
163,2021-04-14,CAM,27650,13338,14312,18669,8570,411,ITF,ITF3,15,Campania,Campania,5801692,4930159,84.98,0.48
164,2021-05-01,CAM,46346,22661,23685,29340,16105,901,ITF,ITF3,15,Campania,Campania,5801692,4976505,85.78,0.8
165,2021-07-06,CAM,56612,27026,29586,16285,39878,449,ITF,ITF3,15,Campania,Campania,5801692,5033117,86.75,0.98
166,2021-04-12,CAM,23307,10921,12386,19773,3035,499,ITF,ITF3,15,Campania,Campania,5801692,5056424,87.15,0.4
167,2021-01-02,CAM,3673,1963,1710,3615,0,58,ITF,ITF3,15,Campania,Campania,5801692,5060097,87.22,0.06
168,2021-06-17,CAM,60160,28848,31312,32898,26763,499,ITF,ITF3,15,Campania,Campania,5801692,5120257,88.25,1.04
169,2021-07-04,CAM,48818,23765,25053,6327,42309,182,ITF,ITF3,15,Campania,Campania,5801692,5169075,89.1,0.84
170,2021-03-26,CAM,19863,9322,10541,15651,3815,397,ITF,ITF3,15,Campania,Campania,5801692,5188938,89.44,0.34
171,2021-07-16,CAM,60961,29821,31140,6743,53851,367,ITF,ITF3,15,Campania,Campania,5801692,5249899,90.49,1.05
172,2021-04-02,CAM,21864,10524,11340,19099,2323,442,ITF,ITF3,15,Campania,Campania,5801692,5271763,90.87,0.38
173,2021-01-07,CAM,8909,4167,4742,8736,0,173,ITF,ITF3,15,Campania,Campania,5801692,5280672,91.02,0.15
174,2021-03-05,CAM,16813,6666,10147,9865,6663,285,ITF,ITF3,15,Campania,Campania,5801692,5297485,91.31,0.29
175,2021-01-14,CAM,7074,2978,4096,6810,0,264,ITF,ITF3,15,Campania,Campania,5801692,5304559,91.43,0.12
176,2021-05-08,CAM,56429,27142,29287,39151,15829,1449,ITF,ITF3,15,Campania,Campania,5801692,5360988,92.4,0.97
177,2021-01-28,CAM,8833,4122,4711,126,8699,8,ITF,ITF3,15,Campania,Campania,5801692,5369821,92.56,0.15
178,2021-04-21,CAM,30233,14729,15504,17484,12227,522,ITF,ITF3,15,Campania,Campania,5801692,5400054,93.08,0.52
179,2021-02-09,CAM,4643,2202,2441,4234,252,157,ITF,ITF3,15,Campania,Campania,5801692,5404697,93.16,0.08
180,2021-05-29,CAM,67816,32258,35558,43107,23870,839,ITF,ITF3,15,Campania,Campania,5801692,5472513,94.33,1.17
181,2021-06-15,CAM,18665,9081,9584,11022,7411,232,ITF,ITF3,15,Campania,Campania,5801692,5491178,94.65,0.32
182,2021-02-21,CAM,5836,2241,3595,5496,225,115,ITF,ITF3,15,Campania,Campania,5801692,5497014,94.75,0.1
183,2021-05-07,CAM,59770,29208,30562,42784,15947,1039,ITF,ITF3,15,Campania,Campania,5801692,5556784,95.78,1.03
184,2021-01-27,CAM,7738,3820,3918,157,7576,5,ITF,ITF3,15,Campania,Campania,5801692,5564522,95.91,0.13
185,2021-03-18,CAM,12176,5381,6795,5796,6189,191,ITF,ITF3,15,Campania,Campania,5801692,5576698,96.12,0.21
186,2021-07-14,CAM,51087,24567,26520,4333,46475,279,ITF,ITF3,15,Campania,Campania,5801692,5627785,97.0,0.88
187,2021-04-05,CAM,11639,5542,6097,8940,2424,275,ITF,ITF3,15,Campania,Campania,5801692,5639424,97.2,0.2
188,2021-03-17,CAM,11590,5100,6490,4860,6581,149,ITF,ITF3,15,Campania,Campania,5801692,5651014,97.4,0.2
189,2021-06-11,CAM,70793,34393,36400,63909,6034,850,ITF,ITF3,15,Campania,Campania,5801692,5721807,98.62,1.22
190,2021-03-03,CAM,13924,5496,8428,7099,6630,195,ITF,ITF3,15,Campania,Campania,5801692,5735731,98.86,0.24
191,2021-06-25,CAM,65502,31799,33703,13793,51330,379,ITF,ITF3,15,Campania,Campania,5801692,5801233,99.99,1.13
192,2021-05-25,CAM,46502,22383,24119,22544,23410,548,ITF,ITF3,15,Campania,Campania,5801692,5847735,100.79,0.8
193,2021-04-22,CAM,33961,16540,17421,20932,12405,624,ITF,ITF3,15,Campania,Campania,5801692,5881696,101.38,0.59
194,2021-01-12,CAM,5215,2564,2651,5076,0,139,ITF,ITF3,15,Campania,Campania,5801692,5886911,101.47,0.09
195,2021-05-06,CAM,57284,27909,29375,41312,14452,1520,ITF,ITF3,15,Campania,Campania,5801692,5944195,102.46,0.99
196,2021-02-28,CAM,10412,3207,7205,8315,1900,197,ITF,ITF3,15,Campania,Campania,5801692,5954607,102.64,0.18
197,2021-02-14,CAM,3929,1923,2006,3845,34,50,ITF,ITF3,15,Campania,Campania,5801692,5958536,102.7,0.07
198,2021-01-26,CAM,7341,3726,3615,331,6989,21,ITF,ITF3,15,Campania,Campania,5801692,5965877,102.83,0.13
199,2021-04-19,CAM,30771,14830,15941,18693,11573,505,ITF,ITF3,15,Campania,Campania,5801692,5996648,103.36,0.53
200,2021-01-09,CAM,10567,5024,5543,10306,0,261,ITF,ITF3,15,Campania,Campania,5801692,6007215,103.54,0.18
201,2021-05-24,FVG,11425,5525,5900,7556,3618,251,ITH,ITH4,6,Friuli-Venezia Giulia,Friuli Venezia Giulia,1215220,11425,0.94,0.94
202,2021-02-13,FVG,566,179,387,559,6,1,ITH,ITH4,6,Friuli-Venezia Giulia,Friuli Venezia Giulia,1215220,11991,0.99,0.05
203,2021-03-02,FVG,4222,1519,2703,2702,1500,20,ITH,ITH4,6,Friuli-Venezia Giulia,Friuli Venezia Giulia,1215220,16213,1.33,0.35
204,2021-03-04,FVG,3452,1598,1854,2769,660,23,ITH,ITH4,6,Friuli-Venezia Giulia,Friuli Venezia Giulia,1215220,19665,1.62,0.28
205,2021-06-12,FVG,8140,4661,3479,6956,1160,24,ITH,ITH4,6,Friuli-Venezia Giulia,Friuli Venezia Giulia,1215220,27805,2.29,0.67
206,2021-03-21,FVG,2673,1001,1672,2228,409,36,ITH,ITH4,6,Friuli-Venezia Giulia,Friuli Venezia Giulia,1215220,30478,2.51,0.22
207,2021-04-28,FVG,7302,3227,4075,3680,3492,130,ITH,ITH4,6,Friuli-Venezia Giulia,Friuli Venezia Giulia,1215220,37780,3.11,0.6
208,2021-01-23,FVG,814,323,491,4,810,0,ITH,ITH4,6,Friuli-Venezia Giulia,Friuli Venezia Giulia,1215220,38594,3.18,0.07
209,2021-05-05,FVG,9764,4264,5500,6055,3471,238,ITH,ITH4,6,Friuli-Venezia Giulia,Friuli Venezia Giulia,1215220,48358,3.98,0.8
210,2021-06-24,FVG,11040,5630,5410,1949,9081,10,ITH,ITH4,6,Friuli-Venezia Giulia,Friuli Venezia Giulia,1215220,59398,4.89,0.91
211,2021-03-16,FVG,3187,1299,1888,1033,2081,73,ITH,ITH4,6,Friuli-Venezia Giulia,Friuli Venezia Giulia,1215220,62585,5.15,0.26
212,2021-05-12,FVG,10875,5041,5834,9070,1412,393,ITH,ITH4,6,Friuli-Venezia Giulia,Friuli Venezia Giulia,1215220,73460,6.04,0.89
213,2021-01-30,FVG,2277,745,1532,270,2007,0,ITH,ITH4,6,Friuli-Venezia Giulia,Friuli Venezia Giulia,1215220,75737,6.23,0.19
214,2021-07-13,FVG,10798,5578,5220,1045,9600,153,ITH,ITH4,6,Friuli-Venezia Giulia,Friuli Venezia Giulia,1215220,86535,7.12,0.89
215,2021-06-26,FVG,10050,5104,4946,3895,6148,7,ITH,ITH4,6,Friuli-Venezia Giulia,Friuli Venezia Giulia,1215220,96585,7.95,0.83
216,2021-07-08,FVG,12899,6972,5927,1279,11423,197,ITH,ITH4,6,Friuli-Venezia Giulia,Friuli Venezia Giulia,1215220,109484,9.01,1.06
217,2021-02-04,FVG,2725,808,1917,35,2690,0,ITH,ITH4,6,Friuli-Venezia Giulia,Friuli Venezia Giulia,1215220,112209,9.23,0.22
218,2021-04-30,FVG,7349,3244,4105,3528,3651,170,ITH,ITH4,6,Friuli-Venezia Giulia,Friuli Venezia Giulia,1215220,119558,9.84,0.6
219,2021-04-11,FVG,3433,1519,1914,2436,906,91,ITH,ITH4,6,Friuli-Venezia Giulia,Friuli Venezia Giulia,1215220,122991,10.12,0.28
220,2021-06-07,FVG,9195,4767,4428,8177,992,26,ITH,ITH4,6,Friuli-Venezia Giulia,Friuli Venezia Giulia,1215220,132186,10.88,0.76
221,2021-05-31,FVG,8902,4423,4479,6505,2185,212,ITH,ITH4,6,Friuli-Venezia Giulia,Friuli Venezia Giulia,1215220,141088,11.61,0.73
222,2021-03-28,FVG,4938,2354,2584,4727,158,53,ITH,ITH4,6,Friuli-Venezia Giulia,Friuli Venezia Giulia,1215220,146026,12.02,0.41
223,2021-01-18,FVG,1961,606,1355,1867,94,0,ITH,ITH4,6,Friuli-Venezia Giulia,Friuli Venezia Giulia,1215220,147987,12.18,0.16
224,2021-01-04,FVG,1507,558,949,1507,0,0,ITH,ITH4,6,Friuli-Venezia Giulia,Friuli Venezia Giulia,1215220,149494,12.3,0.12
225,2021-02-06,FVG,1154,338,816,21,1132,1,ITH,ITH4,6,Friuli-Venezia Giulia,Friuli Venezia Giulia,1215220,150648,12.4,0.09
226,2021-02-23,FVG,2644,1278,1366,2461,180,3,ITH,ITH4,6,Friuli-Venezia Giulia,Friuli Venezia Giulia,1215220,153292,12.61,0.22
227,2021-02-18,FVG,3218,1492,1726,2791,407,20,ITH,ITH4,6,Friuli-Venezia Giulia,Friuli Venezia Giulia,1215220,156510,12.88,0.26
228,2021-04-02,FVG,6594,2926,3668,4643,1838,113,ITH,ITH4,6,Friuli-Venezia Giulia,Friuli Venezia Giulia,1215220,163104,13.42,0.54
229,2021-04-16,FVG,6963,3027,3936,4911,1926,126,ITH,ITH4,6,Friuli-Venezia Giulia,Friuli Venezia Giulia,1215220,170067,13.99,0.57
230,2021-01-06,FVG,716,265,451,716,0,0,ITH,ITH4,6,Friuli-Venezia Giulia,Friuli Venezia Giulia,1215220,170783,14.05,0.06
231,2021-01-25,FVG,1583,567,1016,194,1389,0,ITH,ITH4,6,Friuli-Venezia Giulia,Friuli Venezia Giulia,1215220,172366,14.18,0.13
232,2021-07-01,FVG,12211,6349,5862,2527,9416,268,ITH,ITH4,6,Friuli-Venezia Giulia,Friuli Venezia Giulia,1215220,184577,15.19,1.0
233,2021-03-23,FVG,3892,1685,2207,1737,2141,14,ITH,ITH4,6,Friuli-Venezia Giulia,Friuli Venezia Giulia,1215220,188469,15.51,0.32
234,2021-01-16,FVG,1230,360,870,1230,0,0,ITH,ITH4,6,Friuli-Venezia Giulia,Friuli Venezia Giulia,1215220,189699,15.61,0.1
235,2021-07-03,FVG,11381,6072,5309,1077,10150,154,ITH,ITH4,6,Friuli-Venezia Giulia,Friuli Venezia Giulia,1215220,201080,16.55,0.94
236,2021-03-25,FVG,5533,2424,3109,3340,2137,56,ITH,ITH4,6,Friuli-Venezia Giulia,Friuli Venezia Giulia,1215220,206613,17.0,0.46
237,2021-01-27,FVG,1271,425,846,448,821,2,ITH,ITH4,6,Friuli-Venezia Giulia,Friuli Venezia Giulia,1215220,207884,17.11,0.1
238,2021-05-07,FVG,10636,4870,5766,6946,3526,164,ITH,ITH4,6,Friuli-Venezia Giulia,Friuli Venezia Giulia,1215220,218520,17.98,0.88
239,2021-05-09,FVG,7362,3306,4056,3374,3860,128,ITH,ITH4,6,Friuli-Venezia Giulia,Friuli Venezia Giulia,1215220,225882,18.59,0.61
240,2021-05-19,FVG,12042,5934,6108,9297,2345,400,ITH,ITH4,6,Friuli-Venezia Giulia,Friuli Venezia Giulia,1215220,237924,19.58,0.99
241,2021-03-14,FVG,1398,550,848,1124,252,22,ITH,ITH4,6,Friuli-Venezia Giulia,Friuli Venezia Giulia,1215220,239322,19.69,0.12
242,2021-04-08,FVG,7446,3218,4228,5404,1922,120,ITH,ITH4,6,Friuli-Venezia Giulia,Friuli Venezia Giulia,1215220,246768,20.31,0.61
243,2021-05-21,FVG,11211,5019,6192,7921,2972,318,ITH,ITH4,6,Friuli-Venezia Giulia,Friuli Venezia Giulia,1215220,257979,21.23,0.92
244,2021-02-10,FVG,1350,496,854,1264,86,0,ITH,ITH4,6,Friuli-Venezia Giulia,Friuli Venezia Giulia,1215220,259329,21.34,0.11
245,2021-07-17,FVG,6243,3336,2907,546,5612,85,ITH,ITH4,6,Friuli-Venezia Giulia,Friuli Venezia Giulia,1215220,265572,21.85,0.51
246,2021-02-01,FVG,2098,688,1410,16,2082,0,ITH,ITH4,6,Friuli-Venezia Giulia,Friuli Venezia Giulia,1215220,267670,22.03,0.17
247,2021-04-21,FVG,7773,3468,4305,4018,3680,75,ITH,ITH4,6,Friuli-Venezia Giulia,Friuli Venezia Giulia,1215220,275443,22.67,0.64
248,2021-01-11,FVG,1882,608,1274,1882,0,0,ITH,ITH4,6,Friuli-Venezia Giulia,Friuli Venezia Giulia,1215220,277325,22.82,0.15
249,2021-07-15,FVG,9510,4860,4650,899,8367,244,ITH,ITH4,6,Friuli-Venezia Giulia,Friuli Venezia Giulia,1215220,286835,23.6,0.78
250,2021-04-23,FVG,7472,3379,4093,3476,3866,130,ITH,ITH4,6,Friuli-Venezia Giulia,Friuli Venezia Giulia,1215220,294307,24.22,0.61
251,2021-06-19,FVG,8495,4429,4066,1360,7128,7,ITH,ITH4,6,Friuli-Venezia Giulia,Friuli Venezia Giulia,1215220,302802,24.92,0.7
252,2021-03-11,FVG,3477,1517,1960,1714,1751,12,ITH,ITH4,6,Friuli-Venezia Giulia,Friuli Venezia Giulia,1215220,306279,25.2,0.29
253,2021-05-17,FVG,8807,4089,4718,6096,2485,226,ITH,ITH4,6,Friuli-Venezia Giulia,Friuli Venezia Giulia,1215220,315086,25.93,0.72
254,2021-03-09,FVG,4012,1723,2289,1237,2750,25,ITH,ITH4,6,Friuli-Venezia Giulia,Friuli Venezia Giulia,1215220,319098,26.26,0.33
255,2021-02-27,FVG,3531,1201,2330,3511,1,19,ITH,ITH4,6,Friuli-Venezia Giulia,Friuli Venezia Giulia,1215220,322629,26.55,0.29
256,2021-04-25,FVG,2372,991,1381,2186,11,175,ITH,ITH4,6,Friuli-Venezia Giulia,Friuli Venezia Giulia,1215220,325001,26.74,0.2
257,2021-01-15,FVG,2020,605,1415,2019,0,1,ITH,ITH4,6,Friuli-Venezia Giulia,Friuli Venezia Giulia,1215220,327021,26.91,0.17
258,2021-02-11,FVG,1930,664,1266,1735,192,3,ITH,ITH4,6,Friuli-Venezia Giulia,Friuli Venezia Giulia,1215220,328951,27.07,0.16
259,2021-04-09,FVG,7916,3659,4257,6508,1248,160,ITH,ITH4,6,Friuli-Venezia Giulia,Friuli Venezia Giulia,1215220,336867,27.72,0.65
260,2020-12-30,FVG,626,244,382,626,0,0,ITH,ITH4,6,Friuli-Venezia Giulia,Friuli Venezia Giulia,1215220,337493,27.77,0.05
261,2021-06-05,FVG,10308,5328,4980,8745,1548,15,ITH,ITH4,6,Friuli-Venezia Giulia,Friuli Venezia Giulia,1215220,347801,28.62,0.85
262,2021-02-25,FVG,3165,1652,1513,3112,29,24,ITH,ITH4,6,Friuli-Venezia Giulia,Friuli Venezia Giulia,1215220,350966,28.88,0.26
263,2021-03-30,FVG,7230,3256,3974,6192,926,112,ITH,ITH4,6,Friuli-Venezia Giulia,Friuli Venezia Giulia,1215220,358196,29.48,0.59
264,2021-07-10,FVG,8763,4514,4249,132,8603,28,ITH,ITH4,6,Friuli-Venezia Giulia,Friuli Venezia Giulia,1215220,366959,30.2,0.72
265,2021-04-01,FVG,6423,3069,3354,5338,1015,70,ITH,ITH4,6,Friuli-Venezia Giulia,Friuli Venezia Giulia,1215220,373382,30.73,0.53
266,2021-05-28,FVG,10613,5088,5525,6253,4112,248,ITH,ITH4,6,Friuli-Venezia Giulia,Friuli Venezia Giulia,1215220,383995,31.6,0.87
267,2021-05-26,FVG,13428,6705,6723,9669,3440,319,ITH,ITH4,6,Friuli-Venezia Giulia,Friuli Venezia Giulia,1215220,397423,32.7,1.1
268,2021-02-15,FVG,2454,911,1543,2196,254,4,ITH,ITH4,6,Friuli-Venezia Giulia,Friuli Venezia Giulia,1215220,399877,32.91,0.2
269,2021-04-20,FVG,7125,3069,4056,3096,3906,123,ITH,ITH4,6,Friuli-Venezia Giulia,Friuli Venezia Giulia,1215220,407002,33.49,0.59
270,2021-05-14,FVG,10761,5360,5401,7889,2596,276,ITH,ITH4,6,Friuli-Venezia Giulia,Friuli Venezia Giulia,1215220,417763,34.38,0.89
271,2021-02-03,FVG,2648,791,1857,22,2625,1,ITH,ITH4,6,Friuli-Venezia Giulia,Friuli Venezia Giulia,1215220,420411,34.6,0.22
272,2021-02-08,FVG,2356,694,1662,90,2265,1,ITH,ITH4,6,Friuli-Venezia Giulia,Friuli Venezia Giulia,1215220,422767,34.79,0.19
273,2021-06-09,FVG,11280,5932,5348,9861,1395,24,ITH,ITH4,6,Friuli-Venezia Giulia,Friuli Venezia Giulia,1215220,434047,35.72,0.93
274,2021-03-01,FVG,2959,1041,1918,2887,53,19,ITH,ITH4,6,Friuli-Venezia Giulia,Friuli Venezia Giulia,1215220,437006,35.96,0.24
275,2021-03-18,FVG,3374,1423,1951,1683,1683,8,ITH,ITH4,6,Friuli-Venezia Giulia,Friuli Venezia Giulia,1215220,440380,36.24,0.28
276,2021-06-28,FVG,9824,4949,4875,2121,7684,19,ITH,ITH4,6,Friuli-Venezia Giulia,Friuli Venezia Giulia,1215220,450204,37.05,0.81
277,2021-03-20,FVG,3404,1411,1993,1302,2091,11,ITH,ITH4,6,Friuli-Venezia Giulia,Friuli Venezia Giulia,1215220,453608,37.33,0.28
278,2021-04-13,FVG,7378,3293,4085,5649,1603,126,ITH,ITH4,6,Friuli-Venezia Giulia,Friuli Venezia Giulia,1215220,460986,37.93,0.61
279,2021-01-03,FVG,312,122,190,312,0,0,ITH,ITH4,6,Friuli-Venezia Giulia,Friuli Venezia Giulia,1215220,461298,37.96,0.03
280,2021-01-20,FVG,748,320,428,13,735,0,ITH,ITH4,6,Friuli-Venezia Giulia,Friuli Venezia Giulia,1215220,462046,38.02,0.06
281,2021-02-22,FVG,2485,1193,1292,2064,418,3,ITH,ITH4,6,Friuli-Venezia Giulia,Friuli Venezia Giulia,1215220,464531,38.23,0.2
282,2021-04-18,FVG,6048,2808,3240,5456,407,185,ITH,ITH4,6,Friuli-Venezia Giulia,Friuli Venezia Giulia,1215220,470579,38.72,0.5
283,2021-01-08,FVG,2321,746,1575,2321,0,0,ITH,ITH4,6,Friuli-Venezia Giulia,Friuli Venezia Giulia,1215220,472900,38.91,0.19
284,2021-06-14,FVG,10059,4857,5202,5226,4812,21,ITH,ITH4,6,Friuli-Venezia Giulia,Friuli Venezia Giulia,1215220,482959,39.74,0.83
285,2021-02-20,FVG,2068,933,1135,1921,144,3,ITH,ITH4,6,Friuli-Venezia Giulia,Friuli Venezia Giulia,1215220,485027,39.91,0.17
286,2021-01-22,FVG,89,29,60,0,89,0,ITH,ITH4,6,Friuli-Venezia Giulia,Friuli Venezia Giulia,1215220,485116,39.92,0.01
287,2021-03-06,FVG,3500,1196,2304,3147,325,28,ITH,ITH4,6,Friuli-Venezia Giulia,Friuli Venezia Giulia,1215220,488616,40.21,0.29
288,2021-07-12,FVG,9867,5069,4798,1027,8682,158,ITH,ITH4,6,Friuli-Venezia Giulia,Friuli Venezia Giulia,1215220,498483,41.02,0.81
289,2021-02-19,FVG,3255,1292,1963,2816,427,12,ITH,ITH4,6,Friuli-Venezia Giulia,Friuli Venezia Giulia,1215220,501738,41.29,0.27
290,2021-04-24,FVG,6682,2950,3732,5209,1244,229,ITH,ITH4,6,Friuli-Venezia Giulia,Friuli Venezia Giulia,1215220,508420,41.84,0.55
291,2021-06-16,FVG,12107,5879,6228,4078,8019,10,ITH,ITH4,6,Friuli-Venezia Giulia,Friuli Venezia Giulia,1215220,520527,42.83,1.0
292,2021-06-23,FVG,12048,5827,6221,2113,9930,5,ITH,ITH4,6,Friuli-Venezia Giulia,Friuli Venezia Giulia,1215220,532575,43.83,0.99
293,2021-04-27,FVG,8116,3726,4390,3535,4486,95,ITH,ITH4,6,Friuli-Venezia Giulia,Friuli Venezia Giulia,1215220,540691,44.49,0.67
294,2021-06-13,FVG,8662,4511,4151,5322,3323,17,ITH,ITH4,6,Friuli-Venezia Giulia,Friuli Venezia Giulia,1215220,549353,45.21,0.71
295,2021-04-17,FVG,7457,3238,4219,5815,1483,159,ITH,ITH4,6,Friuli-Venezia Giulia,Friuli Venezia Giulia,1215220,556810,45.82,0.61
296,2021-04-10,FVG,5049,2213,2836,3758,1225,66,ITH,ITH4,6,Friuli-Venezia Giulia,Friuli Venezia Giulia,1215220,561859,46.24,0.42
297,2021-05-23,FVG,10278,4858,5420,5930,4150,198,ITH,ITH4,6,Friuli-Venezia Giulia,Friuli Venezia Giulia,1215220,572137,47.08,0.85
298,2021-01-10,FVG,2940,918,2022,2940,0,0,ITH,ITH4,6,Friuli-Venezia Giulia,Friuli Venezia Giulia,1215220,575077,47.32,0.24
299,2021-07-14,FVG,10631,5428,5203,1153,9279,199,ITH,ITH4,6,Friuli-Venezia Giulia,Friuli Venezia Giulia,1215220,585708,48.2,0.87
300,2021-04-05,FVG,2895,1438,1457,2830,15,50,ITH,ITH4,6,Friuli-Venezia Giulia,Friuli Venezia Giulia,1215220,588603,48.44,0.24
301,2021-01-12,FVG,2257,713,1544,2257,0,0,ITH,ITH4,6,Friuli-Venezia Giulia,Friuli Venezia Giulia,1215220,590860,48.62,0.19
302,2021-01-29,FVG,2412,813,1599,264,2148,0,ITH,ITH4,6,Friuli-Venezia Giulia,Friuli Venezia Giulia,1215220,593272,48.82,0.2
303,2021-04-22,FVG,6790,3088,3702,3043,3689,58,ITH,ITH4,6,Friuli-Venezia Giulia,Friuli Venezia Giulia,1215220,600062,49.38,0.56
304,2021-01-13,FVG,2650,834,1816,2650,0,0,ITH,ITH4,6,Friuli-Venezia Giulia,Friuli Venezia Giulia,1215220,602712,49.6,0.22
305,2021-04-06,FVG,6676,3131,3545,5428,1152,96,ITH,ITH4,6,Friuli-Venezia Giulia,Friuli Venezia Giulia,1215220,609388,50.15,0.55
306,2020-12-27,FVG,262,149,113,261,0,1,ITH,ITH4,6,Friuli-Venezia Giulia,Friuli Venezia Giulia,1215220,609650,50.17,0.02
307,2021-02-12,FVG,1193,428,765,1142,47,4,ITH,ITH4,6,Friuli-Venezia Giulia,Friuli Venezia Giulia,1215220,610843,50.27,0.1
308,2021-06-02,FVG,9413,4952,4461,9120,280,13,ITH,ITH4,6,Friuli-Venezia Giulia,Friuli Venezia Giulia,1215220,620256,51.04,0.77
309,2021-02-07,FVG,1564,482,1082,384,1179,1,ITH,ITH4,6,Friuli-Venezia Giulia,Friuli Venezia Giulia,1215220,621820,51.17,0.13
310,2021-05-18,FVG,10792,5396,5396,8383,2079,330,ITH,ITH4,6,Friuli-Venezia Giulia,Friuli Venezia Giulia,1215220,632612,52.06,0.89
311,2021-06-01,FVG,10107,5117,4990,7957,2123,27,ITH,ITH4,6,Friuli-Venezia Giulia,Friuli Venezia Giulia,1215220,642719,52.89,0.83
312,2021-06-20,FVG,6506,3224,3282,1562,4934,10,ITH,ITH4,6,Friuli-Venezia Giulia,Friuli Venezia Giulia,1215220,649225,53.42,0.54
313,2021-05-06,FVG,11921,5539,6382,7687,3972,262,ITH,ITH4,6,Friuli-Venezia Giulia,Friuli Venezia Giulia,1215220,661146,54.41,0.98
314,2021-07-02,FVG,10917,5643,5274,1934,8779,204,ITH,ITH4,6,Friuli-Venezia Giulia,Friuli Venezia Giulia,1215220,672063,55.3,0.9
315,2021-06-25,FVG,10739,5406,5333,2197,8535,7,ITH,ITH4,6,Friuli-Venezia Giulia,Friuli Venezia Giulia,1215220,682802,56.19,0.88
316,2021-05-04,FVG,9548,4304,5244,5985,3361,202,ITH,ITH4,6,Friuli-Venezia Giulia,Friuli Venezia Giulia,1215220,692350,56.97,0.79
317,2021-01-24,FVG,305,119,186,1,304,0,ITH,ITH4,6,Friuli-Venezia Giulia,Friuli Venezia Giulia,1215220,692655,57.0,0.03
318,2021-06-30,FVG,13143,6691,6452,1367,11592,184,ITH,ITH4,6,Friuli-Venezia Giulia,Friuli Venezia Giulia,1215220,705798,58.08,1.08
319,2021-03-08,FVG,4122,1643,2479,2022,2086,14,ITH,ITH4,6,Friuli-Venezia Giulia,Friuli Venezia Giulia,1215220,709920,58.42,0.34
320,2021-03-22,FVG,3661,1448,2213,1674,1954,33,ITH,ITH4,6,Friuli-Venezia Giulia,Friuli Venezia Giulia,1215220,713581,58.72,0.3
321,2021-06-06,FVG,9479,4625,4854,7912,1563,4,ITH,ITH4,6,Friuli-Venezia Giulia,Friuli Venezia Giulia,1215220,723060,59.5,0.78
322,2021-02-26,FVG,3735,2093,1642,3560,148,27,ITH,ITH4,6,Friuli-Venezia Giulia,Friuli Venezia Giulia,1215220,726795,59.81,0.31
323,2021-02-17,FVG,2355,1000,1355,1873,480,2,ITH,ITH4,6,Friuli-Venezia Giulia,Friuli Venezia Giulia,1215220,729150,60.0,0.19
324,2021-05-30,FVG,11062,4990,6072,7244,3588,230,ITH,ITH4,6,Friuli-Venezia Giulia,Friuli Venezia Giulia,1215220,740212,60.91,0.91
325,2021-01-07,FVG,2093,718,1375,2093,0,0,ITH,ITH4,6,Friuli-Venezia Giulia,Friuli Venezia Giulia,1215220,742305,61.08,0.17
326,2021-03-05,FVG,3775,1513,2262,2634,1076,65,ITH,ITH4,6,Friuli-Venezia Giulia,Friuli Venezia Giulia,1215220,746080,61.39,0.31
327,2021-04-19,FVG,6721,3137,3584,3216,3417,88,ITH,ITH4,6,Friuli-Venezia Giulia,Friuli Venezia Giulia,1215220,752801,61.95,0.55
328,2021-05-25,FVG,12922,6384,6538,9294,3312,316,ITH,ITH4,6,Friuli-Venezia Giulia,Friuli Venezia Giulia,1215220,765723,63.01,1.06
329,2021-06-11,FVG,10838,5902,4936,9978,829,31,ITH,ITH4,6,Friuli-Venezia Giulia,Friuli Venezia Giulia,1215220,776561,63.9,0.89
330,2021-03-03,FVG,3646,1634,2012,2357,1275,14,ITH,ITH4,6,Friuli-Venezia Giulia,Friuli Venezia Giulia,1215220,780207,64.2,0.3
331,2021-05-27,FVG,12829,6142,6687,7410,5230,189,ITH,ITH4,6,Friuli-Venezia Giulia,Friuli Venezia Giulia,1215220,793036,65.26,1.06
332,2021-07-09,FVG,11757,6226,5531,1990,9471,296,ITH,ITH4,6,Friuli-Venezia Giulia,Friuli Venezia Giulia,1215220,804793,66.23,0.97
333,2021-03-17,FVG,3237,1268,1969,739,2492,6,ITH,ITH4,6,Friuli-Venezia Giulia,Friuli Venezia Giulia,1215220,808030,66.49,0.27
334,2021-05-13,FVG,11162,5384,5778,8735,2065,362,ITH,ITH4,6,Friuli-Venezia Giulia,Friuli Venezia Giulia,1215220,819192,67.41,0.92
335,2021-02-16,FVG,2516,1135,1381,2397,116,3,ITH,ITH4,6,Friuli-Venezia Giulia,Friuli Venezia Giulia,1215220,821708,67.62,0.21
336,2021-04-03,FVG,4019,1992,2027,2639,1337,43,ITH,ITH4,6,Friuli-Venezia Giulia,Friuli Venezia Giulia,1215220,825727,67.95,0.33
337,2021-06-10,FVG,11093,5810,5283,10031,1038,24,ITH,ITH4,6,Friuli-Venezia Giulia,Friuli Venezia Giulia,1215220,836820,68.86,0.91
338,2021-03-19,FVG,3251,1350,1901,1301,1936,14,ITH,ITH4,6,Friuli-Venezia Giulia,Friuli Venezia Giulia,1215220,840071,69.13,0.27
339,2021-06-27,FVG,7339,3660,3679,3520,3816,3,ITH,ITH4,6,Friuli-Venezia Giulia,Friuli Venezia Giulia,1215220,847410,69.73,0.6
340,2021-05-03,FVG,7216,3290,3926,3316,3785,115,ITH,ITH4,6,Friuli-Venezia Giulia,Friuli Venezia Giulia,1215220,854626,70.33,0.59
341,2021-01-14,FVG,2584,789,1795,2581,0,3,ITH,ITH4,6,Friuli-Venezia Giulia,Friuli Venezia Giulia,1215220,857210,70.54,0.21
342,2021-06-08,FVG,10473,5483,4990,9989,448,36,ITH,ITH4,6,Friuli-Venezia Giulia,Friuli Venezia Giulia,1215220,867683,71.4,0.86
343,2021-02-28,FVG,2686,1003,1683,2265,394,27,ITH,ITH4,6,Friuli-Venezia Giulia,Friuli Venezia Giulia,1215220,870369,71.62,0.22
344,2021-01-17,FVG,1715,522,1193,1713,0,2,ITH,ITH4,6,Friuli-Venezia Giulia,Friuli Venezia Giulia,1215220,872084,71.76,0.14
345,2021-03-15,FVG,3951,1809,2142,1612,2321,18,ITH,ITH4,6,Friuli-Venezia Giulia,Friuli Venezia Giulia,1215220,876035,72.09,0.33
346,2021-05-11,FVG,9040,4339,4701,7017,1806,217,ITH,ITH4,6,Friuli-Venezia Giulia,Friuli Venezia Giulia,1215220,885075,72.83,0.74
347,2021-01-31,FVG,2717,838,1879,385,2332,0,ITH,ITH4,6,Friuli-Venezia Giulia,Friuli Venezia Giulia,1215220,887792,73.06,0.22
348,2021-03-29,FVG,7022,3126,3896,5378,1582,62,ITH,ITH4,6,Friuli-Venezia Giulia,Friuli Venezia Giulia,1215220,894814,73.63,0.58
349,2021-07-07,FVG,11233,5752,5481,1394,9707,132,ITH,ITH4,6,Friuli-Venezia Giulia,Friuli Venezia Giulia,1215220,906047,74.56,0.92
350,2021-05-15,FVG,12668,6112,6556,7693,4699,276,ITH,ITH4,6,Friuli-Venezia Giulia,Friuli Venezia Giulia,1215220,918715,75.6,1.04
351,2021-05-01,FVG,7196,3246,3950,5898,1045,253,ITH,ITH4,6,Friuli-Venezia Giulia,Friuli Venezia Giulia,1215220,925911,76.19,0.59
352,2021-01-21,FVG,896,345,551,1,895,0,ITH,ITH4,6,Friuli-Venezia Giulia,Friuli Venezia Giulia,1215220,926807,76.27,0.07
353,2021-01-09,FVG,2513,841,1672,2511,0,2,ITH,ITH4,6,Friuli-Venezia Giulia,Friuli Venezia Giulia,1215220,929320,76.47,0.21
354,2021-06-15,FVG,11805,5977,5828,5314,6483,8,ITH,ITH4,6,Friuli-Venezia Giulia,Friuli Venezia Giulia,1215220,941125,77.44,0.97
355,2021-03-07,FVG,2545,932,1613,2489,1,55,ITH,ITH4,6,Friuli-Venezia Giulia,Friuli Venezia Giulia,1215220,943670,77.65,0.21
356,2020-12-31,FVG,1048,381,667,1047,0,1,ITH,ITH4,6,Friuli-Venezia Giulia,Friuli Venezia Giulia,1215220,944718,77.74,0.09
357,2021-06-17,FVG,11327,5718,5609,2310,9012,5,ITH,ITH4,6,Friuli-Venezia Giulia,Friuli Venezia Giulia,1215220,956045,78.67,0.93
358,2021-03-24,FVG,3977,1720,2257,2466,1481,30,ITH,ITH4,6,Friuli-Venezia Giulia,Friuli Venezia Giulia,1215220,960022,79.0,0.33
359,2021-05-20,FVG,12706,6317,6389,9812,2519,375,ITH,ITH4,6,Friuli-Venezia Giulia,Friuli Venezia Giulia,1215220,972728,80.05,1.05
360,2021-01-26,FVG,1977,647,1330,216,1760,1,ITH,ITH4,6,Friuli-Venezia Giulia,Friuli Venezia Giulia,1215220,974705,80.21,0.16
361,2021-02-09,FVG,1842,555,1287,1556,286,0,ITH,ITH4,6,Friuli-Venezia Giulia,Friuli Venezia Giulia,1215220,976547,80.36,0.15
362,2021-06-29,FVG,11274,5748,5526,1157,9999,118,ITH,ITH4,6,Friuli-Venezia Giulia,Friuli Venezia Giulia,1215220,987821,81.29,0.93
363,2021-07-16,FVG,9070,4883,4187,1442,7483,145,ITH,ITH4,6,Friuli-Venezia Giulia,Friuli Venezia Giulia,1215220,996891,82.03,0.75
364,2021-04-07,FVG,7830,3627,4203,6942,782,106,ITH,ITH4,6,Friuli-Venezia Giulia,Friuli Venezia Giulia,1215220,1004721,82.68,0.64
365,2021-01-28,FVG,2241,794,1447,355,1886,0,ITH,ITH4,6,Friuli-Venezia Giulia,Friuli Venezia Giulia,1215220,1006962,82.86,0.18
366,2021-05-08,FVG,10277,4648,5629,5313,4784,180,ITH,ITH4,6,Friuli-Venezia Giulia,Friuli Venezia Giulia,1215220,1017239,83.71,0.85
367,2021-02-14,FVG,1,0,1,0,1,0,ITH,ITH4,6,Friuli-Venezia Giulia,Friuli Venezia Giulia,1215220,1017240,83.71,0.0
368,2021-04-26,FVG,5464,2451,3013,3695,1650,119,ITH,ITH4,6,Friuli-Venezia Giulia,Friuli Venezia Giulia,1215220,1022704,84.16,0.45
369,2021-05-29,FVG,12025,5848,6177,6802,4987,236,ITH,ITH4,6,Friuli-Venezia Giulia,Friuli Venezia Giulia,1215220,1034729,85.15,0.99
370,2021-07-11,FVG,6657,3494,3163,2181,4161,315,ITH,ITH4,6,Friuli-Venezia Giulia,Friuli Venezia Giulia,1215220,1041386,85.7,0.55
371,2021-02-21,FVG,801,281,520,421,378,2,ITH,ITH4,6,Friuli-Venezia Giulia,Friuli Venezia Giulia,1215220,1042187,85.76,0.07
372,2021-07-04,FVG,9181,4708,4473,2732,6185,264,ITH,ITH4,6,Friuli-Venezia Giulia,Friuli Venezia Giulia,1215220,1051368,86.52,0.76
373,2021-03-26,FVG,6006,2607,3399,3831,2018,157,ITH,ITH4,6,Friuli-Venezia Giulia,Friuli Venezia Giulia,1215220,1057374,87.01,0.49
374,2021-03-12,FVG,4102,1696,2406,2698,1381,23,ITH,ITH4,6,Friuli-Venezia Giulia,Friuli Venezia Giulia,1215220,1061476,87.35,0.34
375,2021-01-02,FVG,1216,470,746,1216,0,0,ITH,ITH4,6,Friuli-Venezia Giulia,Friuli Venezia Giulia,1215220,1062692,87.45,0.1
376,2021-06-22,FVG,11516,5934,5582,2426,9081,9,ITH,ITH4,6,Friuli-Venezia Giulia,Friuli Venezia Giulia,1215220,1074208,88.4,0.95
377,2021-02-02,FVG,2467,806,1661,217,2250,0,ITH,ITH4,6,Friuli-Venezia Giulia,Friuli Venezia Giulia,1215220,1076675,88.6,0.2
378,2021-03-31,FVG,8139,3570,4569,7179,846,114,ITH,ITH4,6,Friuli-Venezia Giulia,Friuli Venezia Giulia,1215220,1084814,89.27,0.67
379,2021-05-10,FVG,7942,3530,4412,6235,1542,165,ITH,ITH4,6,Friuli-Venezia Giulia,Friuli Venezia Giulia,1215220,1092756,89.92,0.65
380,2021-04-12,FVG,7272,3188,4084,6000,1132,140,ITH,ITH4,6,Friuli-Venezia Giulia,Friuli Venezia Giulia,1215220,1100028,90.52,0.6
381,2021-05-22,FVG,11583,5202,6381,7098,4239,246,ITH,ITH4,6,Friuli-Venezia Giulia,Friuli Venezia Giulia,1215220,1111611,91.47,0.95
382,2021-07-18,FVG,1960,1053,907,1,1959,0,ITH,ITH4,6,Friuli-Venezia Giulia,Friuli Venezia Giulia,1215220,1113571,91.64,0.16
383,2021-06-04,FVG,12060,6198,5862,10636,1386,38,ITH,ITH4,6,Friuli-Venezia Giulia,Friuli Venezia Giulia,1215220,1125631,92.63,0.99
384,2021-07-05,FVG,9468,4817,4651,1281,8041,146,ITH,ITH4,6,Friuli-Venezia Giulia,Friuli Venezia Giulia,1215220,1135099,93.41,0.78
385,2021-06-21,FVG,9145,4467,4678,1895,7242,8,ITH,ITH4,6,Friuli-Venezia Giulia,Friuli Venezia Giulia,1215220,1144244,94.16,0.75
386,2021-03-13,FVG,2943,1124,1819,1658,1273,12,ITH,ITH4,6,Friuli-Venezia Giulia,Friuli Venezia Giulia,1215220,1147187,94.4,0.24
387,2021-05-02,FVG,6898,3248,3650,3810,2958,130,ITH,ITH4,6,Friuli-Venezia Giulia,Friuli Venezia Giulia,1215220,1154085,94.97,0.57
388,2021-05-16,FVG,9996,4782,5214,8369,1400,227,ITH,ITH4,6,Friuli-Venezia Giulia,Friuli Venezia Giulia,1215220,1164081,95.79,0.82
389,2021-06-18,FVG,10691,5238,5453,3384,7293,14,ITH,ITH4,6,Friuli-Venezia Giulia,Friuli Venezia Giulia,1215220,1174772,96.67,0.88
390,2021-03-10,FVG,3590,1701,1889,1743,1794,53,ITH,ITH4,6,Friuli-Venezia Giulia,Friuli Venezia Giulia,1215220,1178362,96.97,0.3
391,2021-02-24,FVG,2524,1088,1436,2496,18,10,ITH,ITH4,6,Friuli-Venezia Giulia,Friuli Venezia Giulia,1215220,1180886,97.17,0.21
392,2021-03-27,FVG,5377,2918,2459,3939,1411,27,ITH,ITH4,6,Friuli-Venezia Giulia,Friuli Venezia Giulia,1215220,1186263,97.62,0.44
393,2021-04-15,FVG,6514,2878,3636,5106,1270,138,ITH,ITH4,6,Friuli-Venezia Giulia,Friuli Venezia Giulia,1215220,1192777,98.15,0.54
394,2021-04-29,FVG,6761,2980,3781,3975,2592,194,ITH,ITH4,6,Friuli-Venezia Giulia,Friuli Venezia Giulia,1215220,1199538,98.71,0.56
395,2021-01-05,FVG,1678,551,1127,1677,0,1,ITH,ITH4,6,Friuli-Venezia Giulia,Friuli Venezia Giulia,1215220,1201216,98.85,0.14
396,2021-02-05,FVG,2610,784,1826,89,2521,0,ITH,ITH4,6,Friuli-Venezia Giulia,Friuli Venezia Giulia,1215220,1203826,99.06,0.21
397,2021-04-14,FVG,7241,3129,4112,5413,1712,116,ITH,ITH4,6,Friuli-Venezia Giulia,Friuli Venezia Giulia,1215220,1211067,99.66,0.6
398,2021-07-06,FVG,11141,5823,5318,1324,9703,114,ITH,ITH4,6,Friuli-Venezia Giulia,Friuli Venezia Giulia,1215220,1222208,100.58,0.92
399,2021-06-03,FVG,12395,6727,5668,10275,2082,38,ITH,ITH4,6,Friuli-Venezia Giulia,Friuli Venezia Giulia,1215220,1234603,101.6,1.02
400,2021-01-19,FVG,6,2,4,6,0,0,ITH,ITH4,6,Friuli-Venezia Giulia,Friuli Venezia Giulia,1215220,1234609,101.6,0.0
401,2021-06-04,BAS,4832,2288,2544,3750,1046,36,ITF,ITF5,17,Basilicata,Basilicata,559084,4832,0.86,0.86
402,2021-02-24,BAS,1807,743,1064,1723,73,11,ITF,ITF5,17,Basilicata,Basilicata,559084,6639,1.19,0.32
403,2021-02-22,BAS,1791,773,1018,1730,53,8,ITF,ITF5,17,Basilicata,Basilicata,559084,8430,1.51,0.32
404,2021-01-10,BAS,77,24,53,77,0,0,ITF,ITF5,17,Basilicata,Basilicata,559084,8507,1.52,0.01
405,2021-04-20,BAS,4071,1937,2134,2180,1867,24,ITF,ITF5,17,Basilicata,Basilicata,559084,12578,2.25,0.73
406,2021-01-08,BAS,554,219,335,554,0,0,ITF,ITF5,17,Basilicata,Basilicata,559084,13132,2.35,0.1
407,2021-03-15,BAS,2362,987,1375,508,1838,16,ITF,ITF5,17,Basilicata,Basilicata,559084,15494,2.77,0.42
408,2021-01-17,BAS,329,133,196,328,1,0,ITF,ITF5,17,Basilicata,Basilicata,559084,15823,2.83,0.06
409,2021-05-04,BAS,4138,1991,2147,3566,523,49,ITF,ITF5,17,Basilicata,Basilicata,559084,19961,3.57,0.74
410,2021-03-08,BAS,1462,715,747,818,614,30,ITF,ITF5,17,Basilicata,Basilicata,559084,21423,3.83,0.26
411,2021-06-16,BAS,4598,2083,2515,2122,2456,20,ITF,ITF5,17,Basilicata,Basilicata,559084,26021,4.65,0.82
412,2021-01-22,BAS,67,24,43,67,0,0,ITF,ITF5,17,Basilicata,Basilicata,559084,26088,4.67,0.01
413,2021-05-02,BAS,4180,2001,2179,3491,629,60,ITF,ITF5,17,Basilicata,Basilicata,559084,30268,5.41,0.75
414,2021-04-15,BAS,3386,1659,1727,2589,754,43,ITF,ITF5,17,Basilicata,Basilicata,559084,33654,6.02,0.61
415,2021-01-15,BAS,817,352,465,817,0,0,ITF,ITF5,17,Basilicata,Basilicata,559084,34471,6.17,0.15
416,2020-12-27,BAS,106,41,65,106,0,0,ITF,ITF5,17,Basilicata,Basilicata,559084,34577,6.18,0.02
417,2021-03-20,BAS,1294,573,721,274,1013,7,ITF,ITF5,17,Basilicata,Basilicata,559084,35871,6.42,0.23
418,2021-06-28,BAS,3640,1745,1895,2113,1509,18,ITF,ITF5,17,Basilicata,Basilicata,559084,39511,7.07,0.65
419,2021-03-06,BAS,1362,539,823,750,600,12,ITF,ITF5,17,Basilicata,Basilicata,559084,40873,7.31,0.24
420,2021-03-25,BAS,1883,603,1280,1518,344,21,ITF,ITF5,17,Basilicata,Basilicata,559084,42756,7.65,0.34
421,2021-01-27,BAS,413,175,238,113,300,0,ITF,ITF5,17,Basilicata,Basilicata,559084,43169,7.72,0.07
422,2021-02-10,BAS,549,238,311,495,52,2,ITF,ITF5,17,Basilicata,Basilicata,559084,43718,7.82,0.1
423,2021-05-21,BAS,4578,2322,2256,1480,3086,12,ITF,ITF5,17,Basilicata,Basilicata,559084,48296,8.64,0.82
424,2021-04-01,BAS,2721,1115,1606,1970,723,28,ITF,ITF5,17,Basilicata,Basilicata,559084,51017,9.13,0.49
425,2021-02-03,BAS,670,301,369,32,638,0,ITF,ITF5,17,Basilicata,Basilicata,559084,51687,9.24,0.12
426,2021-04-08,BAS,767,352,415,742,10,15,ITF,ITF5,17,Basilicata,Basilicata,559084,52454,9.38,0.14
427,2021-04-22,BAS,5044,2349,2695,3379,1610,55,ITF,ITF5,17,Basilicata,Basilicata,559084,57498,10.28,0.9
428,2021-07-17,BAS,5857,2914,2943,1712,4106,39,ITF,ITF5,17,Basilicata,Basilicata,559084,63355,11.33,1.05
429,2021-06-30,BAS,3452,1668,1784,2315,1111,26,ITF,ITF5,17,Basilicata,Basilicata,559084,66807,11.95,0.62
430,2021-02-17,BAS,1135,493,642,1057,76,2,ITF,ITF5,17,Basilicata,Basilicata,559084,67942,12.15,0.2
431,2021-05-30,BAS,2776,1420,1356,919,1852,5,ITF,ITF5,17,Basilicata,Basilicata,559084,70718,12.65,0.5
432,2021-04-03,BAS,1809,750,1059,1461,336,12,ITF,ITF5,17,Basilicata,Basilicata,559084,72527,12.97,0.32
433,2021-02-05,BAS,990,445,545,63,926,1,ITF,ITF5,17,Basilicata,Basilicata,559084,73517,13.15,0.18
434,2021-07-12,BAS,5442,2593,2849,1606,3810,26,ITF,ITF5,17,Basilicata,Basilicata,559084,78959,14.12,0.97
435,2021-04-27,BAS,4727,2242,2485,4351,325,51,ITF,ITF5,17,Basilicata,Basilicata,559084,83686,14.97,0.85
436,2021-06-27,BAS,3007,1477,1530,2378,615,14,ITF,ITF5,17,Basilicata,Basilicata,559084,86693,15.51,0.54
437,2021-06-23,BAS,3276,1543,1733,2368,876,32,ITF,ITF5,17,Basilicata,Basilicata,559084,89969,16.09,0.59
438,2021-03-13,BAS,1799,890,909,735,1045,19,ITF,ITF5,17,Basilicata,Basilicata,559084,91768,16.41,0.32
439,2021-02-07,BAS,378,159,219,49,329,0,ITF,ITF5,17,Basilicata,Basilicata,559084,92146,16.48,0.07
440,2021-05-18,BAS,5897,2857,3040,3385,2492,20,ITF,ITF5,17,Basilicata,Basilicata,559084,98043,17.54,1.05
441,2021-05-01,BAS,4706,2138,2568,3887,752,67,ITF,ITF5,17,Basilicata,Basilicata,559084,102749,18.38,0.84
442,2021-06-09,BAS,4424,2072,2352,3968,424,32,ITF,ITF5,17,Basilicata,Basilicata,559084,107173,19.17,0.79
443,2021-04-13,BAS,2119,1053,1066,1285,817,17,ITF,ITF5,17,Basilicata,Basilicata,559084,109292,19.55,0.38
444,2021-03-01,BAS,550,286,264,383,167,0,ITF,ITF5,17,Basilicata,Basilicata,559084,109842,19.65,0.1
445,2021-06-18,BAS,4463,2065,2398,2179,2258,26,ITF,ITF5,17,Basilicata,Basilicata,559084,114305,20.45,0.8
446,2021-01-24,BAS,842,305,537,57,784,1,ITF,ITF5,17,Basilicata,Basilicata,559084,115147,20.6,0.15
447,2021-05-13,BAS,5985,2967,3018,3299,2596,90,ITF,ITF5,17,Basilicata,Basilicata,559084,121132,21.67,1.07
448,2021-07-07,BAS,5208,2474,2734,2022,3174,12,ITF,ITF5,17,Basilicata,Basilicata,559084,126340,22.6,0.93
449,2021-01-03,BAS,901,344,557,901,0,0,ITF,ITF5,17,Basilicata,Basilicata,559084,127241,22.76,0.16
450,2021-05-09,BAS,4683,2339,2344,2940,1694,49,ITF,ITF5,17,Basilicata,Basilicata,559084,131924,23.6,0.84
451,2021-02-15,BAS,622,232,390,566,42,14,ITF,ITF5,17,Basilicata,Basilicata,559084,132546,23.71,0.11
452,2021-01-29,BAS,617,231,386,63,554,0,ITF,ITF5,17,Basilicata,Basilicata,559084,133163,23.82,0.11
453,2021-03-05,BAS,1857,858,999,1096,748,13,ITF,ITF5,17,Basilicata,Basilicata,559084,135020,24.15,0.33
454,2021-06-13,BAS,3017,1441,1576,2681,308,28,ITF,ITF5,17,Basilicata,Basilicata,559084,138037,24.69,0.54
455,2021-05-28,BAS,3615,1810,1805,919,2663,33,ITF,ITF5,17,Basilicata,Basilicata,559084,141652,25.34,0.65
456,2021-06-11,BAS,4238,1982,2256,3169,1028,41,ITF,ITF5,17,Basilicata,Basilicata,559084,145890,26.09,0.76
457,2021-05-11,BAS,2654,1354,1300,1597,1033,24,ITF,ITF5,17,Basilicata,Basilicata,559084,148544,26.57,0.47
458,2021-07-14,BAS,5642,2720,2922,1627,3990,25,ITF,ITF5,17,Basilicata,Basilicata,559084,154186,27.58,1.01
459,2021-04-05,BAS,724,233,491,412,302,10,ITF,ITF5,17,Basilicata,Basilicata,559084,154910,27.71,0.13
460,2021-06-01,BAS,6136,2926,3210,3033,3076,27,ITF,ITF5,17,Basilicata,Basilicata,559084,161046,28.81,1.1
461,2021-06-08,BAS,4585,2194,2391,4190,357,38,ITF,ITF5,17,Basilicata,Basilicata,559084,165631,29.63,0.82
462,2021-05-16,BAS,4974,2469,2505,2813,2113,48,ITF,ITF5,17,Basilicata,Basilicata,559084,170605,30.52,0.89
463,2021-05-23,BAS,4518,2302,2216,1527,2984,7,ITF,ITF5,17,Basilicata,Basilicata,559084,175123,31.32,0.81
464,2021-03-27,BAS,2253,864,1389,1808,431,14,ITF,ITF5,17,Basilicata,Basilicata,559084,177376,31.73,0.4
465,2021-07-05,BAS,3269,1614,1655,2214,1022,33,ITF,ITF5,17,Basilicata,Basilicata,559084,180645,32.31,0.58
466,2021-04-29,BAS,4832,2385,2447,4339,421,72,ITF,ITF5,17,Basilicata,Basilicata,559084,185477,33.18,0.86
467,2021-03-17,BAS,1458,611,847,24,1430,4,ITF,ITF5,17,Basilicata,Basilicata,559084,186935,33.44,0.26
468,2021-01-19,BAS,199,84,115,199,0,0,ITF,ITF5,17,Basilicata,Basilicata,559084,187134,33.47,0.04
469,2021-06-25,BAS,3312,1570,1742,2448,831,33,ITF,ITF5,17,Basilicata,Basilicata,559084,190446,34.06,0.59
470,2021-07-04,BAS,3109,1562,1547,2163,921,25,ITF,ITF5,17,Basilicata,Basilicata,559084,193555,34.62,0.56
471,2021-03-24,BAS,1899,724,1175,1479,398,22,ITF,ITF5,17,Basilicata,Basilicata,559084,195454,34.96,0.34
472,2021-02-26,BAS,2152,904,1248,2065,81,6,ITF,ITF5,17,Basilicata,Basilicata,559084,197606,35.34,0.38
473,2021-05-20,BAS,5878,2977,2901,2883,2967,28,ITF,ITF5,17,Basilicata,Basilicata,559084,203484,36.4,1.05
474,2021-06-06,BAS,4513,2074,2439,3696,779,38,ITF,ITF5,17,Basilicata,Basilicata,559084,207997,37.2,0.81
475,2021-05-08,BAS,4836,2401,2435,3385,1409,42,ITF,ITF5,17,Basilicata,Basilicata,559084,212833,38.07,0.86
476,2021-03-10,BAS,1681,843,838,833,839,9,ITF,ITF5,17,Basilicata,Basilicata,559084,214514,38.37,0.3
477,2021-01-26,BAS,804,356,448,101,703,0,ITF,ITF5,17,Basilicata,Basilicata,559084,215318,38.51,0.14
478,2021-07-09,BAS,5345,2613,2732,1699,3637,9,ITF,ITF5,17,Basilicata,Basilicata,559084,220663,39.47,0.96
479,2021-04-17,BAS,3461,1655,1806,2171,1262,28,ITF,ITF5,17,Basilicata,Basilicata,559084,224124,40.09,0.62
480,2021-03-29,BAS,2470,892,1578,2132,287,51,ITF,ITF5,17,Basilicata,Basilicata,559084,226594,40.53,0.44
481,2021-01-05,BAS,947,409,538,947,0,0,ITF,ITF5,17,Basilicata,Basilicata,559084,227541,40.7,0.17
482,2021-06-20,BAS,4011,1884,2127,1941,2036,34,ITF,ITF5,17,Basilicata,Basilicata,559084,231552,41.42,0.72
483,2021-05-27,BAS,3606,1858,1748,1063,2529,14,ITF,ITF5,17,Basilicata,Basilicata,559084,235158,42.06,0.64
484,2021-04-24,BAS,4544,2198,2346,3475,1014,55,ITF,ITF5,17,Basilicata,Basilicata,559084,239702,42.87,0.81
485,2021-07-16,BAS,5933,2901,3032,1803,4096,34,ITF,ITF5,17,Basilicata,Basilicata,559084,245635,43.94,1.06
486,2021-04-12,BAS,2171,1052,1119,1654,488,29,ITF,ITF5,17,Basilicata,Basilicata,559084,247806,44.32,0.39
487,2021-04-19,BAS,4166,1913,2253,2398,1638,130,ITF,ITF5,17,Basilicata,Basilicata,559084,251972,45.07,0.75
488,2021-07-02,BAS,3690,1838,1852,2484,1177,29,ITF,ITF5,17,Basilicata,Basilicata,559084,255662,45.73,0.66
489,2021-02-11,BAS,952,401,551,867,83,2,ITF,ITF5,17,Basilicata,Basilicata,559084,256614,45.9,0.17
490,2021-01-07,BAS,641,319,322,641,0,0,ITF,ITF5,17,Basilicata,Basilicata,559084,257255,46.01,0.11
491,2021-02-19,BAS,1623,738,885,1556,62,5,ITF,ITF5,17,Basilicata,Basilicata,559084,258878,46.3,0.29
492,2021-02-12,BAS,777,332,445,744,32,1,ITF,ITF5,17,Basilicata,Basilicata,559084,259655,46.44,0.14
493,2021-05-06,BAS,5066,2439,2627,3431,1584,51,ITF,ITF5,17,Basilicata,Basilicata,559084,264721,47.35,0.91
494,2021-05-15,BAS,6531,3345,3186,3877,2571,83,ITF,ITF5,17,Basilicata,Basilicata,559084,271252,48.52,1.17
495,2021-04-02,BAS,2340,1056,1284,1714,605,21,ITF,ITF5,17,Basilicata,Basilicata,559084,273592,48.94,0.42
496,2021-02-04,BAS,1100,444,656,63,1037,0,ITF,ITF5,17,Basilicata,Basilicata,559084,274692,49.13,0.2
497,2021-07-11,BAS,5032,2405,2627,1510,3497,25,ITF,ITF5,17,Basilicata,Basilicata,559084,279724,50.03,0.9
498,2021-02-02,BAS,367,143,224,174,192,1,ITF,ITF5,17,Basilicata,Basilicata,559084,280091,50.1,0.07
499,2021-04-09,BAS,1151,350,801,1064,63,24,ITF,ITF5,17,Basilicata,Basilicata,559084,281242,50.3,0.21
500,2021-04-14,BAS,2043,1001,1042,1353,674,16,ITF,ITF5,17,Basilicata,Basilicata,559084,283285,50.67,0.37
501,2021-01-21,BAS,30,10,20,30,0,0,ITF,ITF5,17,Basilicata,Basilicata,559084,283315,50.67,0.01
502,2021-01-04,BAS,608,271,337,608,0,0,ITF,ITF5,17,Basilicata,Basilicata,559084,283923,50.78,0.11
503,2021-07-06,BAS,4072,1942,2130,2033,2005,34,ITF,ITF5,17,Basilicata,Basilicata,559084,287995,51.51,0.73
504,2021-03-14,BAS,1010,477,533,529,469,12,ITF,ITF5,17,Basilicata,Basilicata,559084,289005,51.69,0.18
505,2021-03-31,BAS,3100,1261,1839,2288,782,30,ITF,ITF5,17,Basilicata,Basilicata,559084,292105,52.25,0.55
506,2021-06-22,BAS,4364,2067,2297,2230,2102,32,ITF,ITF5,17,Basilicata,Basilicata,559084,296469,53.03,0.78
507,2021-06-05,BAS,4799,2209,2590,3823,941,35,ITF,ITF5,17,Basilicata,Basilicata,559084,301268,53.89,0.86
508,2021-03-19,BAS,2297,995,1302,259,2031,7,ITF,ITF5,17,Basilicata,Basilicata,559084,303565,54.3,0.41
509,2021-02-16,BAS,907,377,530,790,98,19,ITF,ITF5,17,Basilicata,Basilicata,559084,304472,54.46,0.16
510,2021-01-28,BAS,907,402,505,119,788,0,ITF,ITF5,17,Basilicata,Basilicata,559084,305379,54.62,0.16
511,2021-06-15,BAS,3219,1415,1804,2224,975,20,ITF,ITF5,17,Basilicata,Basilicata,559084,308598,55.2,0.58
512,2021-02-28,BAS,810,346,464,771,35,4,ITF,ITF5,17,Basilicata,Basilicata,559084,309408,55.34,0.14
513,2021-01-02,BAS,950,381,569,949,0,1,ITF,ITF5,17,Basilicata,Basilicata,559084,310358,55.51,0.17
514,2021-01-16,BAS,722,304,418,722,0,0,ITF,ITF5,17,Basilicata,Basilicata,559084,311080,55.64,0.13
515,2021-04-26,BAS,4467,2165,2302,4199,221,47,ITF,ITF5,17,Basilicata,Basilicata,559084,315547,56.44,0.8
516,2021-04-10,BAS,1033,378,655,924,83,26,ITF,ITF5,17,Basilicata,Basilicata,559084,316580,56.62,0.18
517,2021-06-24,BAS,4126,1953,2173,2186,1903,37,ITF,ITF5,17,Basilicata,Basilicata,559084,320706,57.36,0.74
518,2021-04-28,BAS,4706,2158,2548,4206,441,59,ITF,ITF5,17,Basilicata,Basilicata,559084,325412,58.2,0.84
519,2021-03-02,BAS,800,387,413,659,136,5,ITF,ITF5,17,Basilicata,Basilicata,559084,326212,58.35,0.14
520,2021-06-10,BAS,4348,2104,2244,3872,441,35,ITF,ITF5,17,Basilicata,Basilicata,559084,330560,59.13,0.78
521,2021-05-22,BAS,5488,2723,2765,1926,3551,11,ITF,ITF5,17,Basilicata,Basilicata,559084,336048,60.11,0.98
522,2021-03-26,BAS,1955,703,1252,1669,260,26,ITF,ITF5,17,Basilicata,Basilicata,559084,338003,60.46,0.35
523,2021-02-13,BAS,800,314,486,701,61,38,ITF,ITF5,17,Basilicata,Basilicata,559084,338803,60.6,0.14
524,2021-05-24,BAS,4833,2343,2490,1090,3730,13,ITF,ITF5,17,Basilicata,Basilicata,559084,343636,61.46,0.86
525,2021-07-13,BAS,5856,2825,3031,1773,4035,48,ITF,ITF5,17,Basilicata,Basilicata,559084,349492,62.51,1.05
526,2021-02-27,BAS,1993,861,1132,1812,164,17,ITF,ITF5,17,Basilicata,Basilicata,559084,351485,62.87,0.36
527,2021-06-07,BAS,4238,1920,2318,3885,315,38,ITF,ITF5,17,Basilicata,Basilicata,559084,355723,63.63,0.76
528,2021-04-11,BAS,892,349,543,758,105,29,ITF,ITF5,17,Basilicata,Basilicata,559084,356615,63.79,0.16
529,2021-02-23,BAS,1902,771,1131,1746,139,17,ITF,ITF5,17,Basilicata,Basilicata,559084,358517,64.13,0.34
530,2021-06-03,BAS,4921,2258,2663,3703,1180,38,ITF,ITF5,17,Basilicata,Basilicata,559084,363438,65.01,0.88
531,2021-03-12,BAS,1909,981,928,780,1103,26,ITF,ITF5,17,Basilicata,Basilicata,559084,365347,65.35,0.34
532,2021-05-17,BAS,5542,2734,2808,3360,2133,49,ITF,ITF5,17,Basilicata,Basilicata,559084,370889,66.34,0.99
533,2021-02-21,BAS,284,113,171,284,0,0,ITF,ITF5,17,Basilicata,Basilicata,559084,371173,66.39,0.05
534,2021-03-07,BAS,890,309,581,842,38,10,ITF,ITF5,17,Basilicata,Basilicata,559084,372063,66.55,0.16
535,2021-01-09,BAS,557,160,397,557,0,0,ITF,ITF5,17,Basilicata,Basilicata,559084,372620,66.65,0.1
536,2021-07-03,BAS,3945,2102,1843,2757,1145,43,ITF,ITF5,17,Basilicata,Basilicata,559084,376565,67.35,0.71
537,2021-05-07,BAS,4634,2280,2354,3271,1339,24,ITF,ITF5,17,Basilicata,Basilicata,559084,381199,68.18,0.83
538,2021-01-23,BAS,726,309,417,33,693,0,ITF,ITF5,17,Basilicata,Basilicata,559084,381925,68.31,0.13
539,2021-05-03,BAS,4510,2042,2468,3621,827,62,ITF,ITF5,17,Basilicata,Basilicata,559084,386435,69.12,0.81
540,2021-02-09,BAS,491,213,278,316,175,0,ITF,ITF5,17,Basilicata,Basilicata,559084,386926,69.21,0.09
541,2021-06-21,BAS,4253,2042,2211,2142,2092,19,ITF,ITF5,17,Basilicata,Basilicata,559084,391179,69.97,0.76
542,2021-06-19,BAS,4465,2178,2287,2370,2073,22,ITF,ITF5,17,Basilicata,Basilicata,559084,395644,70.77,0.8
543,2021-06-02,BAS,5959,2804,3155,4375,1543,41,ITF,ITF5,17,Basilicata,Basilicata,559084,401603,71.83,1.07
544,2021-04-18,BAS,3717,1843,1874,2329,1366,22,ITF,ITF5,17,Basilicata,Basilicata,559084,405320,72.5,0.66
545,2021-02-20,BAS,1163,532,631,1044,119,0,ITF,ITF5,17,Basilicata,Basilicata,559084,406483,72.71,0.21
546,2021-05-31,BAS,4229,2009,2220,1713,2508,8,ITF,ITF5,17,Basilicata,Basilicata,559084,410712,73.46,0.76
547,2021-06-17,BAS,4440,2044,2396,2089,2327,24,ITF,ITF5,17,Basilicata,Basilicata,559084,415152,74.26,0.79
548,2021-04-21,BAS,3928,1836,2092,2244,1655,29,ITF,ITF5,17,Basilicata,Basilicata,559084,419080,74.96,0.7
549,2021-01-14,BAS,969,413,556,969,0,0,ITF,ITF5,17,Basilicata,Basilicata,559084,420049,75.13,0.17
550,2021-04-07,BAS,1211,551,660,1155,36,20,ITF,ITF5,17,Basilicata,Basilicata,559084,421260,75.35,0.22
551,2021-04-25,BAS,2988,1457,1531,2904,52,32,ITF,ITF5,17,Basilicata,Basilicata,559084,424248,75.88,0.53
552,2021-05-12,BAS,4726,2328,2398,2796,1882,48,ITF,ITF5,17,Basilicata,Basilicata,559084,428974,76.73,0.85
553,2021-04-04,BAS,610,225,385,191,413,6,ITF,ITF5,17,Basilicata,Basilicata,559084,429584,76.84,0.11
554,2021-07-10,BAS,5556,2682,2874,1597,3950,9,ITF,ITF5,17,Basilicata,Basilicata,559084,435140,77.83,0.99
555,2021-05-14,BAS,5907,2799,3108,3273,2531,103,ITF,ITF5,17,Basilicata,Basilicata,559084,441047,78.89,1.06
556,2021-03-18,BAS,1353,565,788,17,1327,9,ITF,ITF5,17,Basilicata,Basilicata,559084,442400,79.13,0.24
557,2021-03-28,BAS,2143,743,1400,2109,17,17,ITF,ITF5,17,Basilicata,Basilicata,559084,444543,79.51,0.38
558,2021-03-11,BAS,1794,928,866,817,959,18,ITF,ITF5,17,Basilicata,Basilicata,559084,446337,79.83,0.32
559,2021-02-08,BAS,558,193,365,151,407,0,ITF,ITF5,17,Basilicata,Basilicata,559084,446895,79.93,0.1
560,2021-05-19,BAS,2872,1499,1373,1183,1676,13,ITF,ITF5,17,Basilicata,Basilicata,559084,449767,80.45,0.51
561,2021-02-25,BAS,1789,738,1051,1732,46,11,ITF,ITF5,17,Basilicata,Basilicata,559084,451556,80.77,0.32
562,2021-02-06,BAS,907,370,537,146,761,0,ITF,ITF5,17,Basilicata,Basilicata,559084,452463,80.93,0.16
563,2021-04-30,BAS,5286,2376,2910,4066,1163,57,ITF,ITF5,17,Basilicata,Basilicata,559084,457749,81.87,0.95
564,2021-01-20,BAS,85,22,63,84,1,0,ITF,ITF5,17,Basilicata,Basilicata,559084,457834,81.89,0.02
565,2021-02-18,BAS,1070,401,669,852,215,3,ITF,ITF5,17,Basilicata,Basilicata,559084,458904,82.08,0.19
566,2021-01-18,BAS,463,157,306,364,99,0,ITF,ITF5,17,Basilicata,Basilicata,559084,459367,82.16,0.08
567,2021-03-16,BAS,1911,805,1106,226,1682,3,ITF,ITF5,17,Basilicata,Basilicata,559084,461278,82.51,0.34
568,2021-05-05,BAS,4334,2048,2286,3378,890,66,ITF,ITF5,17,Basilicata,Basilicata,559084,465612,83.28,0.78
569,2021-03-09,BAS,1406,718,688,779,609,18,ITF,ITF5,17,Basilicata,Basilicata,559084,467018,83.53,0.25
570,2021-01-25,BAS,1027,430,597,73,953,1,ITF,ITF5,17,Basilicata,Basilicata,559084,468045,83.72,0.18
571,2021-01-11,BAS,183,66,117,183,0,0,ITF,ITF5,17,Basilicata,Basilicata,559084,468228,83.75,0.03
572,2021-07-15,BAS,6534,3242,3292,1674,4835,25,ITF,ITF5,17,Basilicata,Basilicata,559084,474762,84.92,1.17
573,2021-04-06,BAS,1274,465,809,1075,184,15,ITF,ITF5,17,Basilicata,Basilicata,559084,476036,85.15,0.23
574,2021-06-14,BAS,4826,2157,2669,2093,2709,24,ITF,ITF5,17,Basilicata,Basilicata,559084,480862,86.01,0.86
575,2021-03-23,BAS,1592,611,981,1407,168,17,ITF,ITF5,17,Basilicata,Basilicata,559084,482454,86.29,0.28
576,2021-07-01,BAS,3707,1856,1851,2563,1111,33,ITF,ITF5,17,Basilicata,Basilicata,559084,486161,86.96,0.66
577,2021-06-26,BAS,3327,1611,1716,2741,558,28,ITF,ITF5,17,Basilicata,Basilicata,559084,489488,87.55,0.6
578,2021-03-30,BAS,2780,1171,1609,2419,346,15,ITF,ITF5,17,Basilicata,Basilicata,559084,492268,88.05,0.5
579,2021-07-08,BAS,5138,2429,2709,1854,3260,24,ITF,ITF5,17,Basilicata,Basilicata,559084,497406,88.97,0.92
580,2021-01-06,BAS,294,129,165,294,0,0,ITF,ITF5,17,Basilicata,Basilicata,559084,497700,89.02,0.05
581,2021-04-16,BAS,3321,1634,1687,2400,898,23,ITF,ITF5,17,Basilicata,Basilicata,559084,501021,89.61,0.59
582,2021-02-01,BAS,243,91,152,46,197,0,ITF,ITF5,17,Basilicata,Basilicata,559084,501264,89.66,0.04
583,2021-05-26,BAS,4488,2259,2229,1677,2782,29,ITF,ITF5,17,Basilicata,Basilicata,559084,505752,90.46,0.8
584,2021-03-22,BAS,1190,537,653,634,548,8,ITF,ITF5,17,Basilicata,Basilicata,559084,506942,90.67,0.21
585,2021-03-03,BAS,1748,818,930,1167,559,22,ITF,ITF5,17,Basilicata,Basilicata,559084,508690,90.99,0.31
586,2021-05-25,BAS,4198,2113,2085,866,3322,10,ITF,ITF5,17,Basilicata,Basilicata,559084,512888,91.74,0.75
587,2021-02-14,BAS,151,48,103,105,0,46,ITF,ITF5,17,Basilicata,Basilicata,559084,513039,91.76,0.03
588,2021-01-31,BAS,77,24,53,0,77,0,ITF,ITF5,17,Basilicata,Basilicata,559084,513116,91.78,0.01
589,2021-01-12,BAS,217,88,129,217,0,0,ITF,ITF5,17,Basilicata,Basilicata,559084,513333,91.82,0.04
590,2021-05-10,BAS,4804,2382,2422,2718,2042,44,ITF,ITF5,17,Basilicata,Basilicata,559084,518137,92.68,0.86
591,2021-07-18,BAS,3698,1843,1855,1276,2399,23,ITF,ITF5,17,Basilicata,Basilicata,559084,521835,93.34,0.66
592,2021-06-29,BAS,3866,1886,1980,2801,1039,26,ITF,ITF5,17,Basilicata,Basilicata,559084,525701,94.03,0.69
593,2021-03-21,BAS,1104,508,596,405,697,2,ITF,ITF5,17,Basilicata,Basilicata,559084,526805,94.23,0.2
594,2021-05-29,BAS,3060,1534,1526,826,2225,9,ITF,ITF5,17,Basilicata,Basilicata,559084,529865,94.77,0.55
595,2021-01-13,BAS,916,387,529,916,0,0,ITF,ITF5,17,Basilicata,Basilicata,559084,530781,94.94,0.16
596,2021-04-23,BAS,4537,2186,2351,3481,997,59,ITF,ITF5,17,Basilicata,Basilicata,559084,535318,95.75,0.81
597,2021-01-30,BAS,707,229,478,129,578,0,ITF,ITF5,17,Basilicata,Basilicata,559084,536025,95.88,0.13
598,2021-03-04,BAS,1887,894,993,1064,800,23,ITF,ITF5,17,Basilicata,Basilicata,559084,537912,96.21,0.34
599,2021-06-12,BAS,3674,1688,1986,2958,677,39,ITF,ITF5,17,Basilicata,Basilicata,559084,541586,96.87,0.66
600,2021-02-22,ABR,2643,1174,1469,2588,30,25,ITF,ITF1,13,Abruzzo,Abruzzo,1304970,2643,0.2,0.2
601,2021-02-05,ABR,1534,521,1013,772,746,16,ITF,ITF1,13,Abruzzo,Abruzzo,1304970,4177,0.32,0.12
602,2021-05-16,ABR,9576,4136,5440,5645,3813,118,ITF,ITF1,13,Abruzzo,Abruzzo,1304970,13753,1.05,0.73
603,2021-06-04,ABR,15634,7391,8243,10755,4694,185,ITF,ITF1,13,Abruzzo,Abruzzo,1304970,29387,2.25,1.2
604,2021-05-18,ABR,12110,5660,6450,7562,4380,168,ITF,ITF1,13,Abruzzo,Abruzzo,1304970,41497,3.18,0.93
605,2021-02-24,ABR,3305,1441,1864,3112,176,17,ITF,ITF1,13,Abruzzo,Abruzzo,1304970,44802,3.43,0.25
606,2021-01-10,ABR,1139,409,730,1135,0,4,ITF,ITF1,13,Abruzzo,Abruzzo,1304970,45941,3.52,0.09
607,2021-04-29,ABR,12675,5850,6825,9280,3092,303,ITF,ITF1,13,Abruzzo,Abruzzo,1304970,58616,4.49,0.97
608,2021-06-25,ABR,11057,5476,5581,4902,6012,143,ITF,ITF1,13,Abruzzo,Abruzzo,1304970,69673,5.34,0.85
609,2021-01-15,ABR,380,150,230,366,0,14,ITF,ITF1,13,Abruzzo,Abruzzo,1304970,70053,5.37,0.03
610,2021-04-27,ABR,9084,4368,4716,6507,2466,111,ITF,ITF1,13,Abruzzo,Abruzzo,1304970,79137,6.06,0.7
611,2021-07-02,ABR,11835,5945,5890,4830,6823,182,ITF,ITF1,13,Abruzzo,Abruzzo,1304970,90972,6.97,0.91
612,2021-05-04,ABR,10861,5100,5761,7055,3616,190,ITF,ITF1,13,Abruzzo,Abruzzo,1304970,101833,7.8,0.83
613,2021-03-08,ABR,5152,1693,3459,4090,971,91,ITF,ITF1,13,Abruzzo,Abruzzo,1304970,106985,8.2,0.39
614,2021-01-24,ABR,50,22,28,6,44,0,ITF,ITF1,13,Abruzzo,Abruzzo,1304970,107035,8.2,0.0
615,2021-03-01,ABR,3478,1385,2093,2704,751,23,ITF,ITF1,13,Abruzzo,Abruzzo,1304970,110513,8.47,0.27
616,2021-06-18,ABR,10178,5002,5176,6548,3486,144,ITF,ITF1,13,Abruzzo,Abruzzo,1304970,120691,9.25,0.78
617,2021-01-22,ABR,118,57,61,118,0,0,ITF,ITF1,13,Abruzzo,Abruzzo,1304970,120809,9.26,0.01
618,2021-01-03,ABR,471,185,286,469,0,2,ITF,ITF1,13,Abruzzo,Abruzzo,1304970,121280,9.29,0.04
619,2020-12-27,ABR,37,19,18,37,0,0,ITF,ITF1,13,Abruzzo,Abruzzo,1304970,121317,9.3,0.0
620,2021-03-20,ABR,4793,2199,2594,2560,2171,62,ITF,ITF1,13,Abruzzo,Abruzzo,1304970,126110,9.66,0.37
621,2021-06-13,ABR,9852,4926,4926,7852,1834,166,ITF,ITF1,13,Abruzzo,Abruzzo,1304970,135962,10.42,0.75
622,2021-02-10,ABR,947,312,635,493,444,10,ITF,ITF1,13,Abruzzo,Abruzzo,1304970,136909,10.49,0.07
623,2021-03-03,ABR,4633,1891,2742,3704,906,23,ITF,ITF1,13,Abruzzo,Abruzzo,1304970,141542,10.85,0.36
624,2021-07-14,ABR,13749,6806,6943,2437,11161,151,ITF,ITF1,13,Abruzzo,Abruzzo,1304970,155291,11.9,1.05
625,2021-04-08,ABR,7395,3338,4057,4934,2330,131,ITF,ITF1,13,Abruzzo,Abruzzo,1304970,162686,12.47,0.57
626,2021-04-22,ABR,6731,3249,3482,4829,1728,174,ITF,ITF1,13,Abruzzo,Abruzzo,1304970,169417,12.98,0.52
627,2021-03-22,ABR,4344,1908,2436,2311,1970,63,ITF,ITF1,13,Abruzzo,Abruzzo,1304970,173761,13.32,0.33
628,2021-06-30,ABR,11132,5422,5710,4491,6476,165,ITF,ITF1,13,Abruzzo,Abruzzo,1304970,184893,14.17,0.85
629,2021-05-30,ABR,8658,4110,4548,5326,3253,79,ITF,ITF1,13,Abruzzo,Abruzzo,1304970,193551,14.83,0.66
630,2021-04-03,ABR,5160,2257,2903,3484,1597,79,ITF,ITF1,13,Abruzzo,Abruzzo,1304970,198711,15.23,0.4
631,2021-07-12,ABR,15069,7454,7615,2363,12592,114,ITF,ITF1,13,Abruzzo,Abruzzo,1304970,213780,16.38,1.15
632,2021-03-15,ABR,3683,1447,2236,1845,1807,31,ITF,ITF1,13,Abruzzo,Abruzzo,1304970,217463,16.66,0.28
633,2021-01-17,ABR,188,59,129,180,7,1,ITF,ITF1,13,Abruzzo,Abruzzo,1304970,217651,16.68,0.01
634,2021-06-23,ABR,11011,5282,5729,5583,5283,145,ITF,ITF1,13,Abruzzo,Abruzzo,1304970,228662,17.52,0.84
635,2021-03-17,ABR,4539,1873,2666,2776,1740,23,ITF,ITF1,13,Abruzzo,Abruzzo,1304970,233201,17.87,0.35
636,2021-01-19,ABR,111,55,56,90,20,1,ITF,ITF1,13,Abruzzo,Abruzzo,1304970,233312,17.88,0.01
637,2021-02-07,ABR,779,308,471,200,578,1,ITF,ITF1,13,Abruzzo,Abruzzo,1304970,234091,17.94,0.06
638,2021-02-02,ABR,1763,668,1095,218,1541,4,ITF,ITF1,13,Abruzzo,Abruzzo,1304970,235854,18.07,0.14
639,2021-05-13,ABR,11147,5042,6105,6960,3959,228,ITF,ITF1,13,Abruzzo,Abruzzo,1304970,247001,18.93,0.85
640,2021-03-31,ABR,6715,2939,3776,4556,2069,90,ITF,ITF1,13,Abruzzo,Abruzzo,1304970,253716,19.44,0.51
641,2021-05-15,ABR,11426,5178,6248,5947,5303,176,ITF,ITF1,13,Abruzzo,Abruzzo,1304970,265142,20.32,0.88
642,2021-03-27,ABR,6121,2620,3501,3564,2486,71,ITF,ITF1,13,Abruzzo,Abruzzo,1304970,271263,20.79,0.47
643,2021-01-05,ABR,1615,604,1011,1610,0,5,ITF,ITF1,13,Abruzzo,Abruzzo,1304970,272878,20.91,0.12
644,2021-04-15,ABR,7818,3678,4140,5833,1840,145,ITF,ITF1,13,Abruzzo,Abruzzo,1304970,280696,21.51,0.6
645,2021-07-07,ABR,12009,5887,6122,4028,7743,238,ITF,ITF1,13,Abruzzo,Abruzzo,1304970,292705,22.43,0.92
646,2021-07-09,ABR,13602,6789,6813,2894,10575,133,ITF,ITF1,13,Abruzzo,Abruzzo,1304970,306307,23.47,1.04
647,2021-06-22,ABR,10411,4878,5533,5385,4848,178,ITF,ITF1,13,Abruzzo,Abruzzo,1304970,316718,24.27,0.8
648,2021-01-29,ABR,1387,449,938,73,1313,1,ITF,ITF1,13,Abruzzo,Abruzzo,1304970,318105,24.38,0.11
649,2021-05-27,ABR,13308,6093,7215,8313,4821,174,ITF,ITF1,13,Abruzzo,Abruzzo,1304970,331413,25.4,1.02
650,2021-03-19,ABR,5794,2584,3210,2733,3020,41,ITF,ITF1,13,Abruzzo,Abruzzo,1304970,337207,25.84,0.44
651,2021-02-17,ABR,2071,948,1123,1780,282,9,ITF,ITF1,13,Abruzzo,Abruzzo,1304970,339278,26.0,0.16
652,2021-06-11,ABR,11777,5850,5927,8835,2761,181,ITF,ITF1,13,Abruzzo,Abruzzo,1304970,351055,26.9,0.9
653,2021-05-11,ABR,10761,5118,5643,5735,4851,175,ITF,ITF1,13,Abruzzo,Abruzzo,1304970,361816,27.73,0.82
654,2021-02-03,ABR,2062,717,1345,411,1643,8,ITF,ITF1,13,Abruzzo,Abruzzo,1304970,363878,27.88,0.16
655,2021-02-28,ABR,1704,510,1194,1668,2,34,ITF,ITF1,13,Abruzzo,Abruzzo,1304970,365582,28.01,0.13
656,2021-01-02,ABR,552,220,332,551,0,1,ITF,ITF1,13,Abruzzo,Abruzzo,1304970,366134,28.06,0.04
657,2021-06-08,ABR,12865,6619,6246,10433,2196,236,ITF,ITF1,13,Abruzzo,Abruzzo,1304970,378999,29.04,0.99
658,2021-04-26,ABR,8562,4066,4496,7143,1213,206,ITF,ITF1,13,Abruzzo,Abruzzo,1304970,387561,29.7,0.66
659,2021-06-01,ABR,11004,4883,6121,6511,4373,120,ITF,ITF1,13,Abruzzo,Abruzzo,1304970,398565,30.54,0.84
660,2021-02-12,ABR,1228,567,661,1026,189,13,ITF,ITF1,13,Abruzzo,Abruzzo,1304970,399793,30.64,0.09
661,2021-05-23,ABR,9880,4695,5185,7067,2692,121,ITF,ITF1,13,Abruzzo,Abruzzo,1304970,409673,31.39,0.76
662,2021-06-06,ABR,11148,5307,5841,8778,2241,129,ITF,ITF1,13,Abruzzo,Abruzzo,1304970,420821,32.25,0.85
663,2021-04-10,ABR,8775,4058,4717,6127,2509,139,ITF,ITF1,13,Abruzzo,Abruzzo,1304970,429596,32.92,0.67
664,2021-03-24,ABR,6382,2784,3598,3998,2250,134,ITF,ITF1,13,Abruzzo,Abruzzo,1304970,435978,33.41,0.49
665,2021-02-09,ABR,909,312,597,499,409,1,ITF,ITF1,13,Abruzzo,Abruzzo,1304970,436887,33.48,0.07
666,2021-07-04,ABR,8374,4215,4159,3333,4917,124,ITF,ITF1,13,Abruzzo,Abruzzo,1304970,445261,34.12,0.64
667,2021-01-21,ABR,157,47,110,157,0,0,ITF,ITF1,13,Abruzzo,Abruzzo,1304970,445418,34.13,0.01
668,2021-05-01,ABR,10735,5042,5693,5629,4974,132,ITF,ITF1,13,Abruzzo,Abruzzo,1304970,456153,34.96,0.82
669,2021-05-20,ABR,12802,5927,6875,7414,5262,126,ITF,ITF1,13,Abruzzo,Abruzzo,1304970,468955,35.94,0.98
670,2021-07-11,ABR,9883,4971,4912,2369,7384,130,ITF,ITF1,13,Abruzzo,Abruzzo,1304970,478838,36.69,0.76
671,2021-03-10,ABR,5048,1682,3366,4027,957,64,ITF,ITF1,13,Abruzzo,Abruzzo,1304970,483886,37.08,0.39
672,2021-01-26,ABR,1542,567,975,29,1513,0,ITF,ITF1,13,Abruzzo,Abruzzo,1304970,485428,37.2,0.12
673,2021-05-06,ABR,12974,6073,6901,7794,5027,153,ITF,ITF1,13,Abruzzo,Abruzzo,1304970,498402,38.19,0.99
674,2021-03-29,ABR,5708,2599,3109,3020,2639,49,ITF,ITF1,13,Abruzzo,Abruzzo,1304970,504110,38.63,0.44
675,2021-03-05,ABR,5349,1958,3391,4593,697,59,ITF,ITF1,13,Abruzzo,Abruzzo,1304970,509459,39.04,0.41
676,2021-06-27,ABR,8374,4304,4070,5015,3218,141,ITF,ITF1,13,Abruzzo,Abruzzo,1304970,517833,39.68,0.64
677,2021-04-07,ABR,7222,3333,3889,4314,2784,124,ITF,ITF1,13,Abruzzo,Abruzzo,1304970,525055,40.24,0.55
678,2021-07-16,ABR,16147,8237,7910,2472,13559,116,ITF,ITF1,13,Abruzzo,Abruzzo,1304970,541202,41.47,1.24
679,2021-05-08,ABR,10292,4870,5422,6339,3832,121,ITF,ITF1,13,Abruzzo,Abruzzo,1304970,551494,42.26,0.79
680,2021-04-19,ABR,6230,2860,3370,3787,2372,71,ITF,ITF1,13,Abruzzo,Abruzzo,1304970,557724,42.74,0.48
681,2021-02-21,ABR,1218,550,668,1193,1,24,ITF,ITF1,13,Abruzzo,Abruzzo,1304970,558942,42.83,0.09
682,2021-06-15,ABR,11316,5560,5756,8682,2427,207,ITF,ITF1,13,Abruzzo,Abruzzo,1304970,570258,43.7,0.87
683,2021-04-12,ABR,6240,2958,3282,4987,1174,79,ITF,ITF1,13,Abruzzo,Abruzzo,1304970,576498,44.18,0.48
684,2021-02-11,ABR,816,262,554,771,43,2,ITF,ITF1,13,Abruzzo,Abruzzo,1304970,577314,44.24,0.06
685,2021-05-24,ABR,12221,5837,6384,8723,3339,159,ITF,ITF1,13,Abruzzo,Abruzzo,1304970,589535,45.18,0.94
686,2021-04-17,ABR,7356,3401,3955,4215,3051,90,ITF,ITF1,13,Abruzzo,Abruzzo,1304970,596891,45.74,0.56
687,2021-02-19,ABR,3300,1551,1749,3162,100,38,ITF,ITF1,13,Abruzzo,Abruzzo,1304970,600191,45.99,0.25
688,2021-01-07,ABR,1605,553,1052,1598,0,7,ITF,ITF1,13,Abruzzo,Abruzzo,1304970,601796,46.12,0.12
689,2021-04-09,ABR,8988,4258,4730,6247,2602,139,ITF,ITF1,13,Abruzzo,Abruzzo,1304970,610784,46.8,0.69
690,2021-07-18,ABR,9105,4717,4388,1383,7648,74,ITF,ITF1,13,Abruzzo,Abruzzo,1304970,619889,47.5,0.7
691,2021-04-02,ABR,6691,3101,3590,5116,1487,88,ITF,ITF1,13,Abruzzo,Abruzzo,1304970,626580,48.01,0.51
692,2021-02-04,ABR,1682,616,1066,598,1072,12,ITF,ITF1,13,Abruzzo,Abruzzo,1304970,628262,48.14,0.13
693,2021-06-19,ABR,10488,5166,5322,6489,3828,171,ITF,ITF1,13,Abruzzo,Abruzzo,1304970,638750,48.95,0.8
694,2021-03-28,ABR,2419,1018,1401,1994,375,50,ITF,ITF1,13,Abruzzo,Abruzzo,1304970,641169,49.13,0.19
695,2021-07-06,ABR,9919,4941,4978,4095,5660,164,ITF,ITF1,13,Abruzzo,Abruzzo,1304970,651088,49.89,0.76
696,2021-04-14,ABR,6593,2949,3644,4341,2120,132,ITF,ITF1,13,Abruzzo,Abruzzo,1304970,657681,50.4,0.51
697,2021-01-04,ABR,1403,576,827,1397,0,6,ITF,ITF1,13,Abruzzo,Abruzzo,1304970,659084,50.51,0.11
698,2021-01-23,ABR,264,115,149,51,207,6,ITF,ITF1,13,Abruzzo,Abruzzo,1304970,659348,50.53,0.02
699,2021-05-03,ABR,11147,5256,5891,7135,3833,179,ITF,ITF1,13,Abruzzo,Abruzzo,1304970,670495,51.38,0.85
700,2021-06-03,ABR,13185,6278,6907,9238,3776,171,ITF,ITF1,13,Abruzzo,Abruzzo,1304970,683680,52.39,1.01
701,2021-03-12,ABR,6016,1987,4029,4356,1583,77,ITF,ITF1,13,Abruzzo,Abruzzo,1304970,689696,52.85,0.46
702,2021-06-20,ABR,8445,4239,4206,5415,2928,102,ITF,ITF1,13,Abruzzo,Abruzzo,1304970,698141,53.5,0.65
703,2021-03-14,ABR,1883,731,1152,1201,666,16,ITF,ITF1,13,Abruzzo,Abruzzo,1304970,700024,53.64,0.14
704,2021-02-25,ABR,3052,1340,1712,2506,528,18,ITF,ITF1,13,Abruzzo,Abruzzo,1304970,703076,53.88,0.23
705,2021-06-05,ABR,14614,6862,7752,10372,4044,198,ITF,ITF1,13,Abruzzo,Abruzzo,1304970,717690,55.0,1.12
706,2021-04-24,ABR,8726,3974,4752,6942,1530,254,ITF,ITF1,13,Abruzzo,Abruzzo,1304970,726416,55.67,0.67
707,2021-01-14,ABR,530,189,341,528,0,2,ITF,ITF1,13,Abruzzo,Abruzzo,1304970,726946,55.71,0.04
708,2021-02-16,ABR,1916,841,1075,1891,12,13,ITF,ITF1,13,Abruzzo,Abruzzo,1304970,728862,55.85,0.15
709,2021-03-02,ABR,3965,1675,2290,3261,684,20,ITF,ITF1,13,Abruzzo,Abruzzo,1304970,732827,56.16,0.3
710,2021-06-10,ABR,12706,6317,6389,10309,2160,237,ITF,ITF1,13,Abruzzo,Abruzzo,1304970,745533,57.13,0.97
711,2021-01-16,ABR,935,430,505,927,0,8,ITF,ITF1,13,Abruzzo,Abruzzo,1304970,746468,57.2,0.07
712,2021-03-07,ABR,2523,630,1893,2484,0,39,ITF,ITF1,13,Abruzzo,Abruzzo,1304970,748991,57.4,0.19
713,2021-01-09,ABR,1484,566,918,1472,0,12,ITF,ITF1,13,Abruzzo,Abruzzo,1304970,750475,57.51,0.11
714,2021-02-26,ABR,3925,1680,2245,2930,969,26,ITF,ITF1,13,Abruzzo,Abruzzo,1304970,754400,57.81,0.3
715,2021-01-18,ABR,125,51,74,46,79,0,ITF,ITF1,13,Abruzzo,Abruzzo,1304970,754525,57.82,0.01
716,2021-06-24,ABR,10821,5384,5437,5685,4969,167,ITF,ITF1,13,Abruzzo,Abruzzo,1304970,765346,58.65,0.83
717,2021-04-28,ABR,9510,4586,4924,7316,2022,172,ITF,ITF1,13,Abruzzo,Abruzzo,1304970,774856,59.38,0.73
718,2021-05-12,ABR,9630,4601,5029,5875,3581,174,ITF,ITF1,13,Abruzzo,Abruzzo,1304970,784486,60.12,0.74
719,2021-02-18,ABR,2288,933,1355,2140,130,18,ITF,ITF1,13,Abruzzo,Abruzzo,1304970,786774,60.29,0.18
720,2021-05-29,ABR,10316,4428,5888,4456,5771,89,ITF,ITF1,13,Abruzzo,Abruzzo,1304970,797090,61.08,0.79
721,2021-05-22,ABR,13154,6391,6763,8131,4911,112,ITF,ITF1,13,Abruzzo,Abruzzo,1304970,810244,62.09,1.01
722,2021-03-26,ABR,5355,2312,3043,3178,2075,102,ITF,ITF1,13,Abruzzo,Abruzzo,1304970,815599,62.5,0.41
723,2021-05-31,ABR,11334,5113,6221,6762,4444,128,ITF,ITF1,13,Abruzzo,Abruzzo,1304970,826933,63.37,0.87
724,2021-04-20,ABR,5636,2713,2923,4110,1454,72,ITF,ITF1,13,Abruzzo,Abruzzo,1304970,832569,63.8,0.43
725,2021-04-04,ABR,1632,768,864,1460,129,43,ITF,ITF1,13,Abruzzo,Abruzzo,1304970,834201,63.92,0.13
726,2021-07-13,ABR,15523,7748,7775,2828,12517,178,ITF,ITF1,13,Abruzzo,Abruzzo,1304970,849724,65.11,1.19
727,2021-06-16,ABR,10883,5447,5436,7994,2676,213,ITF,ITF1,13,Abruzzo,Abruzzo,1304970,860607,65.95,0.83
728,2021-05-17,ABR,11033,5037,5996,6023,4853,157,ITF,ITF1,13,Abruzzo,Abruzzo,1304970,871640,66.79,0.85
729,2021-02-23,ABR,2780,1273,1507,2754,11,15,ITF,ITF1,13,Abruzzo,Abruzzo,1304970,874420,67.01,0.21
730,2021-02-06,ABR,1610,743,867,595,1008,7,ITF,ITF1,13,Abruzzo,Abruzzo,1304970,876030,67.13,0.12
731,2021-02-08,ABR,1194,394,800,486,708,0,ITF,ITF1,13,Abruzzo,Abruzzo,1304970,877224,67.22,0.09
732,2021-05-07,ABR,12198,5710,6488,7666,4413,119,ITF,ITF1,13,Abruzzo,Abruzzo,1304970,889422,68.16,0.93
733,2021-07-08,ABR,13489,6677,6812,3416,9910,163,ITF,ITF1,13,Abruzzo,Abruzzo,1304970,902911,69.19,1.03
734,2021-04-16,ABR,7536,3487,4049,5498,1916,122,ITF,ITF1,13,Abruzzo,Abruzzo,1304970,910447,69.77,0.58
735,2021-03-11,ABR,5494,2220,3274,4272,1138,84,ITF,ITF1,13,Abruzzo,Abruzzo,1304970,915941,70.19,0.42
736,2021-06-02,ABR,9763,4744,5019,6836,2810,117,ITF,ITF1,13,Abruzzo,Abruzzo,1304970,925704,70.94,0.75
737,2021-04-25,ABR,9068,4623,4445,8059,810,199,ITF,ITF1,13,Abruzzo,Abruzzo,1304970,934772,71.63,0.69
738,2021-01-08,ABR,1526,507,1019,1517,0,9,ITF,ITF1,13,Abruzzo,Abruzzo,1304970,936298,71.75,0.12
739,2021-04-18,ABR,5813,2727,3086,4725,943,145,ITF,ITF1,13,Abruzzo,Abruzzo,1304970,942111,72.19,0.45
740,2021-03-16,ABR,3484,1452,2032,1802,1654,28,ITF,ITF1,13,Abruzzo,Abruzzo,1304970,945595,72.46,0.27
741,2021-05-05,ABR,11630,5568,6062,6269,5203,158,ITF,ITF1,13,Abruzzo,Abruzzo,1304970,957225,73.35,0.89
742,2021-03-09,ABR,5177,1804,3373,4156,938,83,ITF,ITF1,13,Abruzzo,Abruzzo,1304970,962402,73.75,0.4
743,2021-07-01,ABR,12752,6278,6474,5769,6760,223,ITF,ITF1,13,Abruzzo,Abruzzo,1304970,975154,74.73,0.98
744,2021-06-17,ABR,10912,5455,5457,7300,3454,158,ITF,ITF1,13,Abruzzo,Abruzzo,1304970,986066,75.56,0.84
745,2021-01-28,ABR,1433,495,938,12,1421,0,ITF,ITF1,13,Abruzzo,Abruzzo,1304970,987499,75.67,0.11
746,2021-01-11,ABR,1553,557,996,1549,0,4,ITF,ITF1,13,Abruzzo,Abruzzo,1304970,989052,75.79,0.12
747,2021-04-21,ABR,6387,3101,3286,4638,1672,77,ITF,ITF1,13,Abruzzo,Abruzzo,1304970,995439,76.28,0.49
748,2021-07-15,ABR,16002,8118,7884,3139,12689,174,ITF,ITF1,13,Abruzzo,Abruzzo,1304970,1011441,77.51,1.23
749,2021-06-28,ABR,10052,4835,5217,5311,4574,167,ITF,ITF1,13,Abruzzo,Abruzzo,1304970,1021493,78.28,0.77
750,2021-04-06,ABR,7677,3578,4099,5234,2318,125,ITF,ITF1,13,Abruzzo,Abruzzo,1304970,1029170,78.87,0.59
751,2021-02-27,ABR,2813,1339,1474,2513,267,33,ITF,ITF1,13,Abruzzo,Abruzzo,1304970,1031983,79.08,0.22
752,2021-06-07,ABR,11093,5288,5805,9070,1838,185,ITF,ITF1,13,Abruzzo,Abruzzo,1304970,1043076,79.93,0.85
753,2021-04-11,ABR,5380,2628,2752,4842,487,51,ITF,ITF1,13,Abruzzo,Abruzzo,1304970,1048456,80.34,0.41
754,2021-06-09,ABR,11576,6095,5481,9709,1685,182,ITF,ITF1,13,Abruzzo,Abruzzo,1304970,1060032,81.23,0.89
755,2021-03-25,ABR,5791,2660,3131,3065,2617,109,ITF,ITF1,13,Abruzzo,Abruzzo,1304970,1065823,81.67,0.44
756,2021-01-27,ABR,1365,515,850,38,1327,0,ITF,ITF1,13,Abruzzo,Abruzzo,1304970,1067188,81.78,0.1
757,2021-07-03,ABR,10206,5151,5055,3500,6558,148,ITF,ITF1,13,Abruzzo,Abruzzo,1304970,1077394,82.56,0.78
758,2021-05-21,ABR,13017,6327,6690,7863,4980,174,ITF,ITF1,13,Abruzzo,Abruzzo,1304970,1090411,83.56,1.0
759,2021-03-18,ABR,3896,1651,2245,2039,1831,26,ITF,ITF1,13,Abruzzo,Abruzzo,1304970,1094307,83.86,0.3
760,2021-06-26,ABR,10033,5011,5022,5679,4196,158,ITF,ITF1,13,Abruzzo,Abruzzo,1304970,1104340,84.63,0.77
761,2021-03-13,ABR,4124,1420,2704,3014,1043,67,ITF,ITF1,13,Abruzzo,Abruzzo,1304970,1108464,84.94,0.32
762,2021-06-21,ABR,11050,5387,5663,4933,5989,128,ITF,ITF1,13,Abruzzo,Abruzzo,1304970,1119514,85.79,0.85
763,2021-03-30,ABR,5128,2261,2867,3147,1822,159,ITF,ITF1,13,Abruzzo,Abruzzo,1304970,1124642,86.18,0.39
764,2021-01-06,ABR,1833,664,1169,1823,0,10,ITF,ITF1,13,Abruzzo,Abruzzo,1304970,1126475,86.32,0.14
765,2021-05-19,ABR,10728,5124,5604,7568,3037,123,ITF,ITF1,13,Abruzzo,Abruzzo,1304970,1137203,87.14,0.82
766,2021-04-30,ABR,12501,5867,6634,6515,5722,264,ITF,ITF1,13,Abruzzo,Abruzzo,1304970,1149704,88.1,0.96
767,2021-04-13,ABR,5893,2754,3139,4561,1237,95,ITF,ITF1,13,Abruzzo,Abruzzo,1304970,1155597,88.55,0.45
768,2021-01-20,ABR,447,156,291,425,2,20,ITF,ITF1,13,Abruzzo,Abruzzo,1304970,1156044,88.59,0.03
769,2021-07-05,ABR,10814,5307,5507,3973,6655,186,ITF,ITF1,13,Abruzzo,Abruzzo,1304970,1166858,89.42,0.83
770,2021-05-02,ABR,10460,5112,5348,5089,5229,142,ITF,ITF1,13,Abruzzo,Abruzzo,1304970,1177318,90.22,0.8
771,2021-02-20,ABR,4777,1843,2934,4661,76,40,ITF,ITF1,13,Abruzzo,Abruzzo,1304970,1182095,90.58,0.37
772,2021-02-01,ABR,1631,573,1058,270,1360,1,ITF,ITF1,13,Abruzzo,Abruzzo,1304970,1183726,90.71,0.12
773,2021-05-09,ABR,9156,4090,5066,4175,4870,111,ITF,ITF1,13,Abruzzo,Abruzzo,1304970,1192882,91.41,0.7
774,2021-02-15,ABR,1795,832,963,1736,42,17,ITF,ITF1,13,Abruzzo,Abruzzo,1304970,1194677,91.55,0.14
775,2021-05-26,ABR,13543,6040,7503,8390,4992,161,ITF,ITF1,13,Abruzzo,Abruzzo,1304970,1208220,92.59,1.04
776,2021-06-14,ABR,10966,5426,5540,7429,3366,171,ITF,ITF1,13,Abruzzo,Abruzzo,1304970,1219186,93.43,0.84
777,2021-03-06,ABR,4179,1359,2820,3569,570,40,ITF,ITF1,13,Abruzzo,Abruzzo,1304970,1223365,93.75,0.32
778,2021-07-10,ABR,13131,6636,6495,3020,9948,163,ITF,ITF1,13,Abruzzo,Abruzzo,1304970,1236496,94.75,1.01
779,2021-05-14,ABR,10593,5069,5524,5285,5147,161,ITF,ITF1,13,Abruzzo,Abruzzo,1304970,1247089,95.56,0.81
780,2021-04-01,ABR,5591,2505,3086,3430,2087,74,ITF,ITF1,13,Abruzzo,Abruzzo,1304970,1252680,95.99,0.43
781,2021-03-23,ABR,4831,2187,2644,2213,2566,52,ITF,ITF1,13,Abruzzo,Abruzzo,1304970,1257511,96.36,0.37
782,2021-01-25,ABR,1604,632,972,15,1587,2,ITF,ITF1,13,Abruzzo,Abruzzo,1304970,1259115,96.49,0.12
783,2021-04-05,ABR,2692,1147,1545,1731,879,82,ITF,ITF1,13,Abruzzo,Abruzzo,1304970,1261807,96.69,0.21
784,2021-01-12,ABR,1805,667,1138,1791,0,14,ITF,ITF1,13,Abruzzo,Abruzzo,1304970,1263612,96.83,0.14
785,2021-05-25,ABR,11419,5325,6094,8083,3138,198,ITF,ITF1,13,Abruzzo,Abruzzo,1304970,1275031,97.71,0.88
786,2021-01-31,ABR,1521,494,1027,288,1232,1,ITF,ITF1,13,Abruzzo,Abruzzo,1304970,1276552,97.82,0.12
787,2021-05-10,ABR,10107,4782,5325,5372,4649,86,ITF,ITF1,13,Abruzzo,Abruzzo,1304970,1286659,98.6,0.77
788,2021-04-23,ABR,7392,3393,3999,4924,2305,163,ITF,ITF1,13,Abruzzo,Abruzzo,1304970,1294051,99.16,0.57
789,2021-01-30,ABR,1511,568,943,68,1442,1,ITF,ITF1,13,Abruzzo,Abruzzo,1304970,1295562,99.28,0.12
790,2021-06-29,ABR,11390,5621,5769,5226,5978,186,ITF,ITF1,13,Abruzzo,Abruzzo,1304970,1306952,100.15,0.87
791,2021-03-21,ABR,2133,913,1220,839,1290,4,ITF,ITF1,13,Abruzzo,Abruzzo,1304970,1309085,100.32,0.16
792,2021-06-12,ABR,11408,5908,5500,9891,1338,179,ITF,ITF1,13,Abruzzo,Abruzzo,1304970,1320493,101.19,0.87
793,2021-01-13,ABR,1260,441,819,1252,0,8,ITF,ITF1,13,Abruzzo,Abruzzo,1304970,1321753,101.29,0.1
794,2021-02-13,ABR,857,387,470,434,419,4,ITF,ITF1,13,Abruzzo,Abruzzo,1304970,1322610,101.35,0.07
795,2021-07-17,ABR,14100,7387,6713,2668,11258,174,ITF,ITF1,13,Abruzzo,Abruzzo,1304970,1336710,102.43,1.08
796,2021-03-04,ABR,5936,2360,3576,4974,922,40,ITF,ITF1,13,Abruzzo,Abruzzo,1304970,1342646,102.89,0.45
797,2021-05-28,ABR,14014,6307,7707,7489,6356,169,ITF,ITF1,13,Abruzzo,Abruzzo,1304970,1356660,103.96,1.07
798,2021-06-02,UMB,3915,1882,2033,3875,40,0,ITI,ITI2,10,Umbria,Umbria,882015,3915,0.44,0.44
799,2021-02-20,UMB,283,101,182,259,24,0,ITI,ITI2,10,Umbria,Umbria,882015,4198,0.48,0.03
800,2021-03-09,UMB,4088,2000,2088,2791,1288,9,ITI,ITI2,10,Umbria,Umbria,882015,8286,0.94,0.46
801,2021-04-06,UMB,5286,2164,3122,2862,2387,37,ITI,ITI2,10,Umbria,Umbria,882015,13572,1.54,0.6
802,2021-03-28,UMB,1095,441,654,1040,24,31,ITI,ITI2,10,Umbria,Umbria,882015,14667,1.66,0.12
803,2021-01-30,UMB,1575,486,1089,44,1531,0,ITI,ITI2,10,Umbria,Umbria,882015,16242,1.84,0.18
804,2021-07-15,UMB,10499,5149,5350,604,9844,51,ITI,ITI2,10,Umbria,Umbria,882015,26741,3.03,1.19
805,2021-03-23,UMB,3824,1713,2111,2158,1629,37,ITI,ITI2,10,Umbria,Umbria,882015,30565,3.47,0.43
806,2021-07-01,UMB,9673,4787,4886,3360,6272,41,ITI,ITI2,10,Umbria,Umbria,882015,40238,4.56,1.1
807,2021-02-08,UMB,635,203,432,88,547,0,ITI,ITI2,10,Umbria,Umbria,882015,40873,4.63,0.07
808,2021-05-19,UMB,9418,4215,5203,5589,3743,86,ITI,ITI2,10,Umbria,Umbria,882015,50291,5.7,1.07
809,2021-02-06,UMB,396,138,258,34,362,0,ITI,ITI2,10,Umbria,Umbria,882015,50687,5.75,0.04
810,2021-07-03,UMB,6463,3241,3222,2922,3486,55,ITI,ITI2,10,Umbria,Umbria,882015,57150,6.48,0.73
811,2021-02-13,UMB,114,27,87,111,3,0,ITI,ITI2,10,Umbria,Umbria,882015,57264,6.49,0.01
812,2021-05-24,UMB,9055,4509,4546,8008,879,168,ITI,ITI2,10,Umbria,Umbria,882015,66319,7.52,1.03
813,2021-04-18,UMB,1531,681,850,578,930,23,ITI,ITI2,10,Umbria,Umbria,882015,67850,7.69,0.17
814,2021-01-11,UMB,1303,341,962,1303,0,0,ITI,ITI2,10,Umbria,Umbria,882015,69153,7.84,0.15
815,2021-05-05,UMB,7211,3301,3910,3827,3304,80,ITI,ITI2,10,Umbria,Umbria,882015,76364,8.66,0.82
816,2021-01-25,UMB,648,323,325,5,643,0,ITI,ITI2,10,Umbria,Umbria,882015,77012,8.73,0.07
817,2021-04-23,UMB,6613,2785,3828,3298,3120,195,ITI,ITI2,10,Umbria,Umbria,882015,83625,9.48,0.75
818,2021-02-25,UMB,1332,495,837,1272,52,8,ITI,ITI2,10,Umbria,Umbria,882015,84957,9.63,0.15
819,2021-03-11,UMB,3582,1722,1860,2564,1006,12,ITI,ITI2,10,Umbria,Umbria,882015,88539,10.04,0.41
820,2021-01-13,UMB,449,139,310,449,0,0,ITI,ITI2,10,Umbria,Umbria,882015,88988,10.09,0.05
821,2021-06-19,UMB,4569,2199,2370,2539,2030,0,ITI,ITI2,10,Umbria,Umbria,882015,93557,10.61,0.52
822,2021-01-06,UMB,846,325,521,846,0,0,ITI,ITI2,10,Umbria,Umbria,882015,94403,10.7,0.1
823,2021-06-12,UMB,7708,3683,4025,6129,1577,2,ITI,ITI2,10,Umbria,Umbria,882015,102111,11.58,0.87
824,2021-04-16,UMB,8096,3740,4356,6080,1838,178,ITI,ITI2,10,Umbria,Umbria,882015,110207,12.49,0.92
825,2021-04-30,UMB,6252,2971,3281,2734,3397,121,ITI,ITI2,10,Umbria,Umbria,882015,116459,13.2,0.71
826,2021-03-04,UMB,4484,1855,2629,3643,827,14,ITI,ITI2,10,Umbria,Umbria,882015,120943,13.71,0.51
827,2021-01-20,UMB,602,221,381,602,0,0,ITI,ITI2,10,Umbria,Umbria,882015,121545,13.78,0.07
828,2021-05-07,UMB,10098,4699,5399,6705,3191,202,ITI,ITI2,10,Umbria,Umbria,882015,131643,14.93,1.14
829,2021-06-14,UMB,5378,2745,2633,3367,2010,1,ITI,ITI2,10,Umbria,Umbria,882015,137021,15.53,0.61
830,2021-07-08,UMB,9487,4595,4892,171,9271,45,ITI,ITI2,10,Umbria,Umbria,882015,146508,16.61,1.08
831,2021-05-12,UMB,6488,3025,3463,4195,2146,147,ITI,ITI2,10,Umbria,Umbria,882015,152996,17.35,0.74
832,2021-03-30,UMB,3976,1729,2247,2400,1540,36,ITI,ITI2,10,Umbria,Umbria,882015,156972,17.8,0.45
833,2020-12-27,UMB,84,44,40,84,0,0,ITI,ITI2,10,Umbria,Umbria,882015,157056,17.81,0.01
834,2021-02-22,UMB,1889,807,1082,1803,86,0,ITI,ITI2,10,Umbria,Umbria,882015,158945,18.02,0.21
835,2021-05-31,UMB,5809,2842,2967,4847,884,78,ITI,ITI2,10,Umbria,Umbria,882015,164754,18.68,0.66
836,2021-05-14,UMB,5326,2508,2818,3353,1817,156,ITI,ITI2,10,Umbria,Umbria,882015,170080,19.28,0.6
837,2021-02-01,UMB,1284,341,943,48,1236,0,ITI,ITI2,10,Umbria,Umbria,882015,171364,19.43,0.15
838,2021-02-18,UMB,1496,582,914,1029,466,1,ITI,ITI2,10,Umbria,Umbria,882015,172860,19.6,0.17
839,2021-05-26,UMB,9646,4564,5082,8204,1250,192,ITI,ITI2,10,Umbria,Umbria,882015,182506,20.69,1.09
840,2021-05-28,UMB,9585,4436,5149,7110,2295,180,ITI,ITI2,10,Umbria,Umbria,882015,192091,21.78,1.09
841,2021-04-15,UMB,7646,3498,4148,5689,1887,70,ITI,ITI2,10,Umbria,Umbria,882015,199737,22.65,0.87
842,2021-01-01,UMB,273,104,169,273,0,0,ITI,ITI2,10,Umbria,Umbria,882015,200010,22.68,0.03
843,2021-04-11,UMB,3097,1504,1593,3031,49,17,ITI,ITI2,10,Umbria,Umbria,882015,203107,23.03,0.35
844,2021-01-18,UMB,613,218,395,529,84,0,ITI,ITI2,10,Umbria,Umbria,882015,203720,23.1,0.07
845,2021-05-30,UMB,5982,2999,2983,5665,202,115,ITI,ITI2,10,Umbria,Umbria,882015,209702,23.78,0.68
846,2021-03-08,UMB,3696,1822,1874,2323,1361,12,ITI,ITI2,10,Umbria,Umbria,882015,213398,24.19,0.42
847,2021-06-16,UMB,6316,3093,3223,3222,3093,1,ITI,ITI2,10,Umbria,Umbria,882015,219714,24.91,0.72
848,2021-04-04,UMB,57,20,37,22,35,0,ITI,ITI2,10,Umbria,Umbria,882015,219771,24.92,0.01
849,2021-06-07,UMB,6943,3426,3517,6246,695,2,ITI,ITI2,10,Umbria,Umbria,882015,226714,25.7,0.79
850,2021-03-16,UMB,3538,1454,2084,1909,1627,2,ITI,ITI2,10,Umbria,Umbria,882015,230252,26.11,0.4
851,2021-02-27,UMB,1658,354,1304,1642,16,0,ITI,ITI2,10,Umbria,Umbria,882015,231910,26.29,0.19
852,2021-04-03,UMB,2097,712,1385,1034,1052,11,ITI,ITI2,10,Umbria,Umbria,882015,234007,26.53,0.24
853,2021-07-12,UMB,4545,2185,2360,107,4429,9,ITI,ITI2,10,Umbria,Umbria,882015,238552,27.05,0.52
854,2021-03-18,UMB,2965,1171,1794,1699,1262,4,ITI,ITI2,10,Umbria,Umbria,882015,241517,27.38,0.34
855,2021-06-26,UMB,9311,4728,4583,5690,3621,0,ITI,ITI2,10,Umbria,Umbria,882015,250828,28.44,1.06
856,2021-07-10,UMB,7676,3807,3869,71,7597,8,ITI,ITI2,10,Umbria,Umbria,882015,258504,29.31,0.87
857,2021-04-20,UMB,5450,2364,3086,3430,1947,73,ITI,ITI2,10,Umbria,Umbria,882015,263954,29.93,0.62
858,2021-01-27,UMB,840,330,510,13,827,0,ITI,ITI2,10,Umbria,Umbria,882015,264794,30.02,0.1
859,2021-06-30,UMB,10466,5293,5173,3764,6702,0,ITI,ITI2,10,Umbria,Umbria,882015,275260,31.21,1.19
860,2021-07-07,UMB,9398,4449,4949,87,9286,25,ITI,ITI2,10,Umbria,Umbria,882015,284658,32.27,1.07
861,2021-04-25,UMB,4357,1684,2673,3866,82,409,ITI,ITI2,10,Umbria,Umbria,882015,289015,32.77,0.49
862,2021-06-21,UMB,7499,3931,3568,5162,2337,0,ITI,ITI2,10,Umbria,Umbria,882015,296514,33.62,0.85
863,2021-06-11,UMB,6910,3468,3442,6143,767,0,ITI,ITI2,10,Umbria,Umbria,882015,303424,34.4,0.78
864,2021-04-08,UMB,5863,2509,3354,4006,1789,68,ITI,ITI2,10,Umbria,Umbria,882015,309287,35.07,0.66
865,2021-07-17,UMB,7588,3816,3772,1365,6158,65,ITI,ITI2,10,Umbria,Umbria,882015,316875,35.93,0.86
866,2021-06-04,UMB,8909,4402,4507,7709,1197,3,ITI,ITI2,10,Umbria,Umbria,882015,325784,36.94,1.01
867,2021-05-16,UMB,5218,2492,2726,5087,49,82,ITI,ITI2,10,Umbria,Umbria,882015,331002,37.53,0.59
868,2021-04-27,UMB,5664,2401,3263,3054,2578,32,ITI,ITI2,10,Umbria,Umbria,882015,336666,38.17,0.64
869,2021-02-03,UMB,724,174,550,67,657,0,ITI,ITI2,10,Umbria,Umbria,882015,337390,38.25,0.08
870,2021-02-17,UMB,1618,748,870,1266,351,1,ITI,ITI2,10,Umbria,Umbria,882015,339008,38.44,0.18
871,2021-04-13,UMB,7677,3398,4279,5920,1668,89,ITI,ITI2,10,Umbria,Umbria,882015,346685,39.31,0.87
872,2021-02-15,UMB,1367,692,675,1364,1,2,ITI,ITI2,10,Umbria,Umbria,882015,348052,39.46,0.15
873,2021-01-03,UMB,270,112,158,270,0,0,ITI,ITI2,10,Umbria,Umbria,882015,348322,39.49,0.03
874,2021-04-22,UMB,5448,2248,3200,2702,2666,80,ITI,ITI2,10,Umbria,Umbria,882015,353770,40.11,0.62
875,2021-03-25,UMB,3928,1724,2204,2820,1063,45,ITI,ITI2,10,Umbria,Umbria,882015,357698,40.55,0.45
876,2021-03-27,UMB,4251,1513,2738,3855,340,56,ITI,ITI2,10,Umbria,Umbria,882015,361949,41.04,0.48
877,2021-06-18,UMB,4760,2347,2413,1605,3154,1,ITI,ITI2,10,Umbria,Umbria,882015,366709,41.58,0.54
878,2021-01-08,UMB,1187,344,843,1187,0,0,ITI,ITI2,10,Umbria,Umbria,882015,367896,41.71,0.13
879,2021-05-23,UMB,5068,1854,3214,635,4416,17,ITI,ITI2,10,Umbria,Umbria,882015,372964,42.29,0.57
880,2021-05-11,UMB,6234,2833,3401,3900,2193,141,ITI,ITI2,10,Umbria,Umbria,882015,379198,42.99,0.71
881,2021-06-13,UMB,6763,3556,3207,6532,230,1,ITI,ITI2,10,Umbria,Umbria,882015,385961,43.76,0.77
882,2021-05-01,UMB,5370,2638,2732,2096,3230,44,ITI,ITI2,10,Umbria,Umbria,882015,391331,44.37,0.61
883,2021-03-05,UMB,4618,1402,3216,3947,656,15,ITI,ITI2,10,Umbria,Umbria,882015,395949,44.89,0.52
884,2021-03-03,UMB,4431,1770,2661,3718,710,3,ITI,ITI2,10,Umbria,Umbria,882015,400380,45.39,0.5
885,2021-03-06,UMB,4303,1146,3157,4133,138,32,ITI,ITI2,10,Umbria,Umbria,882015,404683,45.88,0.49
886,2021-01-22,UMB,276,105,171,32,244,0,ITI,ITI2,10,Umbria,Umbria,882015,404959,45.91,0.03
887,2021-06-28,UMB,9683,4785,4898,3782,5901,0,ITI,ITI2,10,Umbria,Umbria,882015,414642,47.01,1.1
888,2021-05-02,UMB,3780,1866,1914,1298,2454,28,ITI,ITI2,10,Umbria,Umbria,882015,418422,47.44,0.43
889,2021-03-20,UMB,2319,845,1474,2290,25,4,ITI,ITI2,10,Umbria,Umbria,882015,420741,47.7,0.26
890,2021-04-17,UMB,6676,3069,3607,5171,1340,165,ITI,ITI2,10,Umbria,Umbria,882015,427417,48.46,0.76
891,2021-01-05,UMB,854,429,425,854,0,0,ITI,ITI2,10,Umbria,Umbria,882015,428271,48.56,0.1
892,2021-02-05,UMB,780,234,546,18,762,0,ITI,ITI2,10,Umbria,Umbria,882015,429051,48.64,0.09
893,2021-07-04,UMB,3407,1740,1667,2410,968,29,ITI,ITI2,10,Umbria,Umbria,882015,432458,49.03,0.39
894,2021-04-12,UMB,7084,3081,4003,5310,1717,57,ITI,ITI2,10,Umbria,Umbria,882015,439542,49.83,0.8
895,2021-01-19,UMB,102,23,79,102,0,0,ITI,ITI2,10,Umbria,Umbria,882015,439644,49.85,0.01
896,2021-04-29,UMB,5216,2250,2966,2808,2320,88,ITI,ITI2,10,Umbria,Umbria,882015,444860,50.44,0.59
897,2021-03-24,UMB,4104,1792,2312,2744,1323,37,ITI,ITI2,10,Umbria,Umbria,882015,448964,50.9,0.47
898,2021-07-02,UMB,8703,4304,4399,3047,5566,90,ITI,ITI2,10,Umbria,Umbria,882015,457667,51.89,0.99
899,2021-04-10,UMB,7389,3476,3913,7174,84,131,ITI,ITI2,10,Umbria,Umbria,882015,465056,52.73,0.84
900,2021-07-05,UMB,8396,4069,4327,161,8228,7,ITI,ITI2,10,Umbria,Umbria,882015,473452,53.68,0.95
901,2021-05-13,UMB,5914,2657,3257,3701,2083,130,ITI,ITI2,10,Umbria,Umbria,882015,479366,54.35,0.67
902,2021-02-19,UMB,743,293,450,525,217,1,ITI,ITI2,10,Umbria,Umbria,882015,480109,54.43,0.08
903,2021-03-17,UMB,3329,1313,2016,1855,1472,2,ITI,ITI2,10,Umbria,Umbria,882015,483438,54.81,0.38
904,2021-01-07,UMB,1300,387,913,1300,0,0,ITI,ITI2,10,Umbria,Umbria,882015,484738,54.96,0.15
905,2021-06-25,UMB,10149,5278,4871,5385,4760,4,ITI,ITI2,10,Umbria,Umbria,882015,494887,56.11,1.15
906,2021-01-26,UMB,815,389,426,17,798,0,ITI,ITI2,10,Umbria,Umbria,882015,495702,56.2,0.09
907,2021-02-12,UMB,670,224,446,664,6,0,ITI,ITI2,10,Umbria,Umbria,882015,496372,56.28,0.08
908,2021-03-29,UMB,3629,1599,2030,2151,1420,58,ITI,ITI2,10,Umbria,Umbria,882015,500001,56.69,0.41
909,2021-01-31,UMB,1058,276,782,25,1033,0,ITI,ITI2,10,Umbria,Umbria,882015,501059,56.81,0.12
910,2021-05-25,UMB,8813,4301,4512,7584,1063,166,ITI,ITI2,10,Umbria,Umbria,882015,509872,57.81,1.0
911,2021-05-18,UMB,7741,3353,4388,3822,3837,82,ITI,ITI2,10,Umbria,Umbria,882015,517613,58.69,0.88
912,2021-03-22,UMB,3561,1656,1905,2305,1246,10,ITI,ITI2,10,Umbria,Umbria,882015,521174,59.09,0.4
913,2021-03-13,UMB,1735,524,1211,1486,249,0,ITI,ITI2,10,Umbria,Umbria,882015,522909,59.29,0.2
914,2021-01-15,UMB,695,213,482,695,0,0,ITI,ITI2,10,Umbria,Umbria,882015,523604,59.36,0.08
915,2021-01-29,UMB,1230,348,882,79,1151,0,ITI,ITI2,10,Umbria,Umbria,882015,524834,59.5,0.14
916,2021-05-09,UMB,5753,2752,3001,5241,391,121,ITI,ITI2,10,Umbria,Umbria,882015,530587,60.16,0.65
917,2021-07-09,UMB,9468,4578,4890,117,9337,14,ITI,ITI2,10,Umbria,Umbria,882015,540055,61.23,1.07
918,2021-06-06,UMB,7608,3904,3704,6913,693,2,ITI,ITI2,10,Umbria,Umbria,882015,547663,62.09,0.86
919,2021-02-24,UMB,1518,563,955,1503,15,0,ITI,ITI2,10,Umbria,Umbria,882015,549181,62.26,0.17
920,2021-07-06,UMB,8584,4086,4498,152,8411,21,ITI,ITI2,10,Umbria,Umbria,882015,557765,63.24,0.97
921,2021-05-10,UMB,5978,2794,3184,3761,2148,69,ITI,ITI2,10,Umbria,Umbria,882015,563743,63.92,0.68
922,2021-06-20,UMB,6211,2999,3212,1585,4626,0,ITI,ITI2,10,Umbria,Umbria,882015,569954,64.62,0.7
923,2021-04-24,UMB,4561,1961,2600,3276,1182,103,ITI,ITI2,10,Umbria,Umbria,882015,574515,65.14,0.52
924,2021-01-12,UMB,834,247,587,834,0,0,ITI,ITI2,10,Umbria,Umbria,882015,575349,65.23,0.09
925,2021-03-14,UMB,66,48,18,66,0,0,ITI,ITI2,10,Umbria,Umbria,882015,575415,65.24,0.01
926,2021-06-22,UMB,8032,4078,3954,5246,2784,2,ITI,ITI2,10,Umbria,Umbria,882015,583447,66.15,0.91
927,2021-06-01,UMB,4381,2089,2292,4226,155,0,ITI,ITI2,10,Umbria,Umbria,882015,587828,66.65,0.5
928,2021-03-10,UMB,4031,1943,2088,2760,1256,15,ITI,ITI2,10,Umbria,Umbria,882015,591859,67.1,0.46
929,2021-01-16,UMB,217,71,146,216,0,1,ITI,ITI2,10,Umbria,Umbria,882015,592076,67.13,0.02
930,2021-02-02,UMB,942,272,670,32,910,0,ITI,ITI2,10,Umbria,Umbria,882015,593018,67.23,0.11
931,2021-04-05,UMB,4248,1728,2520,2181,2055,12,ITI,ITI2,10,Umbria,Umbria,882015,597266,67.72,0.48
932,2021-02-07,UMB,54,17,37,1,53,0,ITI,ITI2,10,Umbria,Umbria,882015,597320,67.72,0.01
933,2021-07-14,UMB,6164,2993,3171,1750,4230,184,ITI,ITI2,10,Umbria,Umbria,882015,603484,68.42,0.7
934,2021-01-17,UMB,54,17,37,54,0,0,ITI,ITI2,10,Umbria,Umbria,882015,603538,68.43,0.01
935,2020-12-31,UMB,322,127,195,322,0,0,ITI,ITI2,10,Umbria,Umbria,882015,603860,68.46,0.04
936,2021-06-15,UMB,5967,3007,2960,3900,2067,0,ITI,ITI2,10,Umbria,Umbria,882015,609827,69.14,0.68
937,2021-05-08,UMB,8130,3739,4391,4795,3226,109,ITI,ITI2,10,Umbria,Umbria,882015,617957,70.06,0.92
938,2021-01-28,UMB,1248,394,854,19,1229,0,ITI,ITI2,10,Umbria,Umbria,882015,619205,70.2,0.14
939,2021-05-03,UMB,5086,2270,2816,2098,2887,101,ITI,ITI2,10,Umbria,Umbria,882015,624291,70.78,0.58
940,2021-01-23,UMB,280,100,180,2,278,0,ITI,ITI2,10,Umbria,Umbria,882015,624571,70.81,0.03
941,2021-01-21,UMB,608,202,406,338,269,1,ITI,ITI2,10,Umbria,Umbria,882015,625179,70.88,0.07
942,2021-07-16,UMB,9594,4884,4710,698,8857,39,ITI,ITI2,10,Umbria,Umbria,882015,634773,71.97,1.09
943,2021-05-20,UMB,9831,4585,5246,6100,3650,81,ITI,ITI2,10,Umbria,Umbria,882015,644604,73.08,1.11
944,2021-02-26,UMB,660,253,407,650,8,2,ITI,ITI2,10,Umbria,Umbria,882015,645264,73.16,0.07
945,2021-05-06,UMB,9450,4313,5137,6012,3314,124,ITI,ITI2,10,Umbria,Umbria,882015,654714,74.23,1.07
946,2021-06-10,UMB,7458,3718,3740,6684,774,0,ITI,ITI2,10,Umbria,Umbria,882015,662172,75.07,0.85
947,2021-03-12,UMB,2694,1081,1613,2191,495,8,ITI,ITI2,10,Umbria,Umbria,882015,664866,75.38,0.31
948,2021-03-21,UMB,675,338,337,672,0,3,ITI,ITI2,10,Umbria,Umbria,882015,665541,75.46,0.08
949,2021-06-29,UMB,9868,5026,4842,4190,5678,0,ITI,ITI2,10,Umbria,Umbria,882015,675409,76.58,1.12
950,2021-05-17,UMB,6368,3060,3308,4139,2177,52,ITI,ITI2,10,Umbria,Umbria,882015,681777,77.3,0.72
951,2021-01-14,UMB,722,192,530,722,0,0,ITI,ITI2,10,Umbria,Umbria,882015,682499,77.38,0.08
952,2021-03-19,UMB,1740,565,1175,1079,656,5,ITI,ITI2,10,Umbria,Umbria,882015,684239,77.58,0.2
953,2021-07-18,UMB,5866,3031,2835,253,5610,3,ITI,ITI2,10,Umbria,Umbria,882015,690105,78.24,0.67
954,2021-06-05,UMB,8221,3775,4446,5563,2654,4,ITI,ITI2,10,Umbria,Umbria,882015,698326,79.17,0.93
955,2021-06-17,UMB,6968,3542,3426,4880,2079,9,ITI,ITI2,10,Umbria,Umbria,882015,705294,79.96,0.79
956,2021-03-26,UMB,4588,1712,2876,4345,172,71,ITI,ITI2,10,Umbria,Umbria,882015,709882,80.48,0.52
957,2021-01-02,UMB,304,111,193,304,0,0,ITI,ITI2,10,Umbria,Umbria,882015,710186,80.52,0.03
958,2021-03-07,UMB,845,180,665,837,7,1,ITI,ITI2,10,Umbria,Umbria,882015,711031,80.61,0.1
959,2021-04-26,UMB,5395,2340,3055,3104,2251,40,ITI,ITI2,10,Umbria,Umbria,882015,716426,81.23,0.61
960,2021-04-09,UMB,6731,3126,3605,6406,209,116,ITI,ITI2,10,Umbria,Umbria,882015,723157,81.99,0.76
961,2021-04-28,UMB,5382,2327,3055,2942,2395,45,ITI,ITI2,10,Umbria,Umbria,882015,728539,82.6,0.61
962,2021-02-04,UMB,733,226,507,25,708,0,ITI,ITI2,10,Umbria,Umbria,882015,729272,82.68,0.08
963,2021-05-15,UMB,4990,1882,3108,1764,3164,62,ITI,ITI2,10,Umbria,Umbria,882015,734262,83.25,0.57
964,2021-03-31,UMB,3897,1728,2169,2179,1686,32,ITI,ITI2,10,Umbria,Umbria,882015,738159,83.69,0.44
965,2021-02-16,UMB,1308,655,653,1299,9,0,ITI,ITI2,10,Umbria,Umbria,882015,739467,83.84,0.15
966,2021-05-27,UMB,9966,4863,5103,8474,1317,175,ITI,ITI2,10,Umbria,Umbria,882015,749433,84.97,1.13
967,2021-01-04,UMB,809,398,411,809,0,0,ITI,ITI2,10,Umbria,Umbria,882015,750242,85.06,0.09
968,2021-04-14,UMB,8151,3679,4472,6095,1979,77,ITI,ITI2,10,Umbria,Umbria,882015,758393,85.98,0.92
969,2021-06-03,UMB,9038,4469,4569,8750,288,0,ITI,ITI2,10,Umbria,Umbria,882015,767431,87.01,1.02
970,2021-04-07,UMB,5571,2291,3280,3481,2005,85,ITI,ITI2,10,Umbria,Umbria,882015,773002,87.64,0.63
971,2021-02-23,UMB,1691,657,1034,1649,42,0,ITI,ITI2,10,Umbria,Umbria,882015,774693,87.83,0.19
972,2021-07-13,UMB,4204,1994,2210,79,4119,6,ITI,ITI2,10,Umbria,Umbria,882015,778897,88.31,0.48
973,2021-04-21,UMB,5322,2317,3005,3056,2227,39,ITI,ITI2,10,Umbria,Umbria,882015,784219,88.91,0.6
974,2021-05-29,UMB,7854,3609,4245,6174,1566,114,ITI,ITI2,10,Umbria,Umbria,882015,792073,89.8,0.89
975,2021-03-02,UMB,3641,1346,2295,3634,4,3,ITI,ITI2,10,Umbria,Umbria,882015,795714,90.22,0.41
976,2021-06-24,UMB,10140,5113,5027,6142,3998,0,ITI,ITI2,10,Umbria,Umbria,882015,805854,91.37,1.15
977,2021-01-10,UMB,1065,274,791,1065,0,0,ITI,ITI2,10,Umbria,Umbria,882015,806919,91.49,0.12
978,2021-05-21,UMB,8970,3667,5303,4058,4829,83,ITI,ITI2,10,Umbria,Umbria,882015,815889,92.5,1.02
979,2021-05-04,UMB,5537,2543,2994,2352,3125,60,ITI,ITI2,10,Umbria,Umbria,882015,821426,93.13,0.63
980,2021-04-01,UMB,4372,1837,2535,2327,2009,36,ITI,ITI2,10,Umbria,Umbria,882015,825798,93.63,0.5
981,2021-03-01,UMB,1504,774,730,1384,114,6,ITI,ITI2,10,Umbria,Umbria,882015,827302,93.8,0.17
982,2021-06-09,UMB,8063,3908,4155,7341,722,0,ITI,ITI2,10,Umbria,Umbria,882015,835365,94.71,0.91
983,2021-06-23,UMB,11196,5717,5479,7797,3399,0,ITI,ITI2,10,Umbria,Umbria,882015,846561,95.98,1.27
984,2021-03-15,UMB,4594,1938,2656,2825,1766,3,ITI,ITI2,10,Umbria,Umbria,882015,851155,96.5,0.52
985,2021-02-10,UMB,714,348,366,699,15,0,ITI,ITI2,10,Umbria,Umbria,882015,851869,96.58,0.08
986,2021-01-24,UMB,258,106,152,1,257,0,ITI,ITI2,10,Umbria,Umbria,882015,852127,96.61,0.03
987,2021-06-08,UMB,7376,3641,3735,6829,545,2,ITI,ITI2,10,Umbria,Umbria,882015,859503,97.45,0.84
988,2021-06-27,UMB,7455,3729,3726,1768,5687,0,ITI,ITI2,10,Umbria,Umbria,882015,866958,98.29,0.85
989,2021-02-11,UMB,839,348,491,834,5,0,ITI,ITI2,10,Umbria,Umbria,882015,867797,98.39,0.1
990,2021-05-22,UMB,6960,2752,4208,2594,4319,47,ITI,ITI2,10,Umbria,Umbria,882015,874757,99.18,0.79
991,2021-07-11,UMB,5864,2956,2908,83,5780,1,ITI,ITI2,10,Umbria,Umbria,882015,880621,99.84,0.66
992,2021-04-02,UMB,4343,1778,2565,3545,755,43,ITI,ITI2,10,Umbria,Umbria,882015,884964,100.33,0.49
993,2021-01-09,UMB,1717,495,1222,1717,0,0,ITI,ITI2,10,Umbria,Umbria,882015,886681,100.53,0.19
994,2021-04-19,UMB,5033,2226,2807,2930,2048,55,ITI,ITI2,10,Umbria,Umbria,882015,891714,101.1,0.57
995,2021-02-18,LAZ,10018,4974,5044,9102,812,104,ITI,ITI4,12,Lazio,Lazio,5879082,10018,0.17,0.17
996,2021-05-12,LAZ,47568,21591,25977,30264,16661,643,ITI,ITI4,12,Lazio,Lazio,5879082,57586,0.98,0.81
997,2021-02-01,LAZ,5676,2179,3497,353,5322,1,ITI,ITI4,12,Lazio,Lazio,5879082,63262,1.08,0.1
998,2021-07-15,LAZ,44616,21854,22762,6693,37527,396,ITI,ITI4,12,Lazio,Lazio,5879082,107878,1.83,0.76
999,2021-01-13,LAZ,5694,2151,3543,5532,0,162,ITI,ITI4,12,Lazio,Lazio,5879082,113572,1.93,0.1
1000,2021-04-23,LAZ,37834,18227,19607,22101,15281,452,ITI,ITI4,12,Lazio,Lazio,5879082,151406,2.58,0.64
1001,2021-02-20,LAZ,9207,4272,4935,8363,773,71,ITI,ITI4,12,Lazio,Lazio,5879082,160613,2.73,0.16
1002,2021-05-31,LAZ,51728,23028,28700,30845,19854,1029,ITI,ITI4,12,Lazio,Lazio,5879082,212341,3.61,0.88
1003,2021-04-04,LAZ,17590,8160,9430,12213,5266,111,ITI,ITI4,12,Lazio,Lazio,5879082,229931,3.91,0.3
1004,2021-05-17,LAZ,44569,20412,24157,35583,8583,403,ITI,ITI4,12,Lazio,Lazio,5879082,274500,4.67,0.76
1005,2021-02-06,LAZ,6164,2495,3669,838,5320,6,ITI,ITI4,12,Lazio,Lazio,5879082,280664,4.77,0.1
1006,2021-02-11,LAZ,6998,3011,3987,6441,533,24,ITI,ITI4,12,Lazio,Lazio,5879082,287662,4.89,0.12
1007,2021-04-11,LAZ,19168,8480,10688,13120,5886,162,ITI,ITI4,12,Lazio,Lazio,5879082,306830,5.22,0.33
1008,2021-05-26,LAZ,47575,21863,25712,34808,12113,654,ITI,ITI4,12,Lazio,Lazio,5879082,354405,6.03,0.81
1009,2021-03-04,LAZ,19418,8724,10694,14172,5018,228,ITI,ITI4,12,Lazio,Lazio,5879082,373823,6.36,0.33
1010,2021-06-12,LAZ,69851,32076,37775,39855,29372,624,ITI,ITI4,12,Lazio,Lazio,5879082,443674,7.55,1.19
1011,2021-06-14,LAZ,62791,29433,33358,32116,30143,532,ITI,ITI4,12,Lazio,Lazio,5879082,506465,8.61,1.07
1012,2021-03-21,LAZ,18246,7178,11068,13007,5051,188,ITI,ITI4,12,Lazio,Lazio,5879082,524711,8.93,0.31
1013,2020-12-30,LAZ,1631,630,1001,1620,0,11,ITI,ITI4,12,Lazio,Lazio,5879082,526342,8.95,0.03
1014,2021-07-01,LAZ,48162,23027,25135,7153,40809,200,ITI,ITI4,12,Lazio,Lazio,5879082,574504,9.77,0.82
1015,2021-03-30,LAZ,26957,13099,13858,19461,7150,346,ITI,ITI4,12,Lazio,Lazio,5879082,601461,10.23,0.46
1016,2021-07-08,LAZ,63876,31365,32511,28156,35078,642,ITI,ITI4,12,Lazio,Lazio,5879082,665337,11.32,1.09
1017,2021-04-18,LAZ,23814,10579,13235,15890,7654,270,ITI,ITI4,12,Lazio,Lazio,5879082,689151,11.72,0.41
1018,2021-06-26,LAZ,56075,26416,29659,24621,30888,566,ITI,ITI4,12,Lazio,Lazio,5879082,745226,12.68,0.95
1019,2021-04-30,LAZ,41421,18357,23064,26500,14252,669,ITI,ITI4,12,Lazio,Lazio,5879082,786647,13.38,0.7
1020,2021-06-19,LAZ,66386,31289,35097,35252,30353,781,ITI,ITI4,12,Lazio,Lazio,5879082,853033,14.51,1.13
1021,2021-04-16,LAZ,34435,15699,18736,21958,12095,382,ITI,ITI4,12,Lazio,Lazio,5879082,887468,15.1,0.59
1022,2021-01-23,LAZ,7213,2869,4344,584,6629,0,ITI,ITI4,12,Lazio,Lazio,5879082,894681,15.22,0.12
1023,2021-01-06,LAZ,5123,1962,3161,5003,0,120,ITI,ITI4,12,Lazio,Lazio,5879082,899804,15.31,0.09
1024,2021-02-25,LAZ,12681,5539,7142,11417,1081,183,ITI,ITI4,12,Lazio,Lazio,5879082,912485,15.52,0.22
1025,2021-03-16,LAZ,13544,5739,7805,7020,6444,80,ITI,ITI4,12,Lazio,Lazio,5879082,926029,15.75,0.23
1026,2021-03-09,LAZ,21973,9922,12051,16427,5200,346,ITI,ITI4,12,Lazio,Lazio,5879082,948002,16.13,0.37
1027,2021-01-11,LAZ,5542,2109,3433,5397,0,145,ITI,ITI4,12,Lazio,Lazio,5879082,953544,16.22,0.09
1028,2021-03-28,LAZ,19189,7831,11358,13544,5310,335,ITI,ITI4,12,Lazio,Lazio,5879082,972733,16.55,0.33
1029,2021-06-09,LAZ,70231,33219,37012,35821,33781,629,ITI,ITI4,12,Lazio,Lazio,5879082,1042964,17.74,1.19
1030,2021-01-30,LAZ,7014,2895,4119,808,6205,1,ITI,ITI4,12,Lazio,Lazio,5879082,1049978,17.86,0.12
1031,2021-01-15,LAZ,6588,2711,3877,6418,0,170,ITI,ITI4,12,Lazio,Lazio,5879082,1056566,17.97,0.11
1032,2021-04-25,LAZ,24525,11252,13273,16425,7818,282,ITI,ITI4,12,Lazio,Lazio,5879082,1081091,18.39,0.42
1033,2021-02-13,LAZ,6612,2627,3985,6148,418,46,ITI,ITI4,12,Lazio,Lazio,5879082,1087703,18.5,0.11
1034,2021-05-24,LAZ,43974,20159,23815,33536,9772,666,ITI,ITI4,12,Lazio,Lazio,5879082,1131677,19.25,0.75
1035,2021-01-03,LAZ,5255,1973,3282,5196,0,59,ITI,ITI4,12,Lazio,Lazio,5879082,1136932,19.34,0.09
1036,2021-04-13,LAZ,25787,11955,13832,17677,7717,393,ITI,ITI4,12,Lazio,Lazio,5879082,1162719,19.78,0.44
1037,2021-01-08,LAZ,7731,2895,4836,7534,0,197,ITI,ITI4,12,Lazio,Lazio,5879082,1170450,19.91,0.13
1038,2021-04-09,LAZ,27642,12564,15078,19105,8254,283,ITI,ITI4,12,Lazio,Lazio,5879082,1198092,20.38,0.47
1039,2021-03-23,LAZ,25378,11912,13466,18442,6598,338,ITI,ITI4,12,Lazio,Lazio,5879082,1223470,20.81,0.43
1040,2021-02-15,LAZ,8029,3542,4487,7311,634,84,ITI,ITI4,12,Lazio,Lazio,5879082,1231499,20.95,0.14
1041,2021-01-29,LAZ,8046,3081,4965,814,7230,2,ITI,ITI4,12,Lazio,Lazio,5879082,1239545,21.08,0.14
1042,2021-05-19,LAZ,47210,21677,25533,36486,10115,609,ITI,ITI4,12,Lazio,Lazio,5879082,1286755,21.89,0.8
1043,2021-01-04,LAZ,7486,2909,4577,7382,0,104,ITI,ITI4,12,Lazio,Lazio,5879082,1294241,22.01,0.13
1044,2021-06-24,LAZ,63819,30450,33369,28572,34607,640,ITI,ITI4,12,Lazio,Lazio,5879082,1358060,23.1,1.09
1045,2021-06-07,LAZ,62333,29160,33173,32521,29230,582,ITI,ITI4,12,Lazio,Lazio,5879082,1420393,24.16,1.06
1046,2021-06-21,LAZ,61835,28720,33115,28472,32780,583,ITI,ITI4,12,Lazio,Lazio,5879082,1482228,25.21,1.05
1047,2021-03-13,LAZ,21805,8729,13076,15679,5894,232,ITI,ITI4,12,Lazio,Lazio,5879082,1504033,25.58,0.37
1048,2021-06-05,LAZ,66129,32608,33521,42745,22739,645,ITI,ITI4,12,Lazio,Lazio,5879082,1570162,26.71,1.12
1049,2021-05-07,LAZ,48253,22621,25632,30079,17763,411,ITI,ITI4,12,Lazio,Lazio,5879082,1618415,27.53,0.82
1050,2021-03-11,LAZ,25372,11962,13410,18801,6233,338,ITI,ITI4,12,Lazio,Lazio,5879082,1643787,27.96,0.43
1051,2021-07-03,LAZ,53100,25003,28097,4636,48329,135,ITI,ITI4,12,Lazio,Lazio,5879082,1696887,28.86,0.9
1052,2021-02-03,LAZ,6490,2488,4002,958,5525,7,ITI,ITI4,12,Lazio,Lazio,5879082,1703377,28.97,0.11
1053,2021-01-20,LAZ,4813,1947,2866,3265,1544,4,ITI,ITI4,12,Lazio,Lazio,5879082,1708190,29.06,0.08
1054,2021-01-25,LAZ,8113,3247,4866,772,7341,0,ITI,ITI4,12,Lazio,Lazio,5879082,1716303,29.19,0.14
1055,2021-05-05,LAZ,46807,21477,25330,30400,15841,566,ITI,ITI4,12,Lazio,Lazio,5879082,1763110,29.99,0.8
1056,2021-03-02,LAZ,17192,7610,9582,13094,3936,162,ITI,ITI4,12,Lazio,Lazio,5879082,1780302,30.28,0.29
1057,2021-01-18,LAZ,6270,2560,3710,5165,979,126,ITI,ITI4,12,Lazio,Lazio,5879082,1786572,30.39,0.11
1058,2021-04-28,LAZ,32943,15036,17907,20976,11579,388,ITI,ITI4,12,Lazio,Lazio,5879082,1819515,30.95,0.56
1059,2021-03-27,LAZ,26440,10759,15681,19429,6475,536,ITI,ITI4,12,Lazio,Lazio,5879082,1845955,31.4,0.45
1060,2021-04-27,LAZ,30715,13865,16850,19461,10850,404,ITI,ITI4,12,Lazio,Lazio,5879082,1876670,31.92,0.52
1061,2021-03-01,LAZ,17118,7368,9750,13001,3886,231,ITI,ITI4,12,Lazio,Lazio,5879082,1893788,32.21,0.29
1062,2021-02-22,LAZ,11459,4991,6468,10808,502,149,ITI,ITI4,12,Lazio,Lazio,5879082,1905247,32.41,0.19
1063,2021-06-02,LAZ,43297,21516,21781,31245,11514,538,ITI,ITI4,12,Lazio,Lazio,5879082,1948544,33.14,0.74
1064,2021-06-11,LAZ,69530,32721,36809,36522,32394,614,ITI,ITI4,12,Lazio,Lazio,5879082,2018074,34.33,1.18
1065,2021-04-06,LAZ,24466,11181,13285,17033,7115,318,ITI,ITI4,12,Lazio,Lazio,5879082,2042540,34.74,0.42
1066,2020-12-27,LAZ,274,132,142,274,0,0,ITI,ITI4,12,Lazio,Lazio,5879082,2042814,34.75,0.0
1067,2021-03-20,LAZ,19192,7640,11552,13046,5885,261,ITI,ITI4,12,Lazio,Lazio,5879082,2062006,35.07,0.33
1068,2021-07-17,LAZ,43392,21887,21505,2104,41196,92,ITI,ITI4,12,Lazio,Lazio,5879082,2105398,35.81,0.74
1069,2021-06-30,LAZ,62805,29539,33266,29733,32547,525,ITI,ITI4,12,Lazio,Lazio,5879082,2168203,36.88,1.07
1070,2021-04-08,LAZ,26769,12269,14500,18720,7699,350,ITI,ITI4,12,Lazio,Lazio,5879082,2194972,37.34,0.46
1071,2021-01-01,LAZ,3555,1382,2173,3515,0,40,ITI,ITI4,12,Lazio,Lazio,5879082,2198527,37.4,0.06
1072,2021-01-10,LAZ,4044,1702,2342,3977,0,67,ITI,ITI4,12,Lazio,Lazio,5879082,2202571,37.46,0.07
1073,2021-06-16,LAZ,64499,30920,33579,32018,31869,612,ITI,ITI4,12,Lazio,Lazio,5879082,2267070,38.56,1.1
1074,2021-04-20,LAZ,31086,14273,16813,19411,11303,372,ITI,ITI4,12,Lazio,Lazio,5879082,2298156,39.09,0.53
1075,2021-02-17,LAZ,9191,4607,4584,8243,880,68,ITI,ITI4,12,Lazio,Lazio,5879082,2307347,39.25,0.16
1076,2021-05-28,LAZ,57138,26555,30583,43050,13293,795,ITI,ITI4,12,Lazio,Lazio,5879082,2364485,40.22,0.97
1077,2021-03-06,LAZ,18357,7083,11274,13883,4257,217,ITI,ITI4,12,Lazio,Lazio,5879082,2382842,40.53,0.31
1078,2021-02-08,LAZ,9742,4155,5587,4506,5234,2,ITI,ITI4,12,Lazio,Lazio,5879082,2392584,40.7,0.17
1079,2021-05-02,LAZ,32642,14342,18300,22811,9365,466,ITI,ITI4,12,Lazio,Lazio,5879082,2425226,41.25,0.56
1080,2021-01-22,LAZ,4008,1637,2371,493,3515,0,ITI,ITI4,12,Lazio,Lazio,5879082,2429234,41.32,0.07
1081,2021-02-27,LAZ,11452,4286,7166,10335,982,135,ITI,ITI4,12,Lazio,Lazio,5879082,2440686,41.51,0.19
1082,2021-05-14,LAZ,51543,23551,27992,32536,18343,664,ITI,ITI4,12,Lazio,Lazio,5879082,2492229,42.39,0.88
1083,2021-03-18,LAZ,14224,6077,8147,7751,6391,82,ITI,ITI4,12,Lazio,Lazio,5879082,2506453,42.63,0.24
1084,2021-03-25,LAZ,29280,13582,15698,22219,6614,447,ITI,ITI4,12,Lazio,Lazio,5879082,2535733,43.13,0.5
1085,2021-01-27,LAZ,6119,2389,3730,1002,5117,0,ITI,ITI4,12,Lazio,Lazio,5879082,2541852,43.24,0.1
1086,2021-05-06,LAZ,48803,22743,26060,30583,17559,661,ITI,ITI4,12,Lazio,Lazio,5879082,2590655,44.07,0.83
1087,2021-01-17,LAZ,4893,2027,2866,4618,212,63,ITI,ITI4,12,Lazio,Lazio,5879082,2595548,44.15,0.08
1088,2021-01-19,LAZ,4774,1960,2814,4317,454,3,ITI,ITI4,12,Lazio,Lazio,5879082,2600322,44.23,0.08
1089,2021-07-05,LAZ,61203,29437,31766,25599,34600,1004,ITI,ITI4,12,Lazio,Lazio,5879082,2661525,45.27,1.04
1090,2021-05-23,LAZ,47130,22870,24260,39069,7396,665,ITI,ITI4,12,Lazio,Lazio,5879082,2708655,46.07,0.8
1091,2021-05-09,LAZ,37545,17262,20283,25823,11274,448,ITI,ITI4,12,Lazio,Lazio,5879082,2746200,46.71,0.64
1092,2021-07-12,LAZ,41073,20508,20565,5858,35000,215,ITI,ITI4,12,Lazio,Lazio,5879082,2787273,47.41,0.7
1093,2021-05-16,LAZ,50956,24537,26419,36932,13489,535,ITI,ITI4,12,Lazio,Lazio,5879082,2838229,48.28,0.87
1094,2021-06-28,LAZ,58855,28136,30719,27487,30953,415,ITI,ITI4,12,Lazio,Lazio,5879082,2897084,49.28,1.0
1095,2021-03-08,LAZ,20869,9050,11819,15310,5274,285,ITI,ITI4,12,Lazio,Lazio,5879082,2917953,49.63,0.35
1096,2021-04-22,LAZ,39097,19441,19656,23883,14627,587,ITI,ITI4,12,Lazio,Lazio,5879082,2957050,50.3,0.67
1097,2021-03-10,LAZ,23336,10657,12679,17358,5647,331,ITI,ITI4,12,Lazio,Lazio,5879082,2980386,50.69,0.4
1098,2021-01-12,LAZ,5414,1981,3433,5271,0,143,ITI,ITI4,12,Lazio,Lazio,5879082,2985800,50.79,0.09
1099,2021-06-18,LAZ,64194,30898,33296,30262,33224,708,ITI,ITI4,12,Lazio,Lazio,5879082,3049994,51.88,1.09
1100,2021-03-17,LAZ,13814,5915,7899,7448,6257,109,ITI,ITI4,12,Lazio,Lazio,5879082,3063808,52.11,0.23
1101,2021-07-02,LAZ,48243,23113,25130,6589,41481,173,ITI,ITI4,12,Lazio,Lazio,5879082,3112051,52.93,0.82
1102,2021-01-31,LAZ,4463,1856,2607,478,3984,1,ITI,ITI4,12,Lazio,Lazio,5879082,3116514,53.01,0.08
1103,2021-05-11,LAZ,48320,22187,26133,31181,16542,597,ITI,ITI4,12,Lazio,Lazio,5879082,3164834,53.83,0.82
1104,2021-07-16,LAZ,43493,20745,22748,2875,40451,167,ITI,ITI4,12,Lazio,Lazio,5879082,3208327,54.57,0.74
1105,2021-04-24,LAZ,33448,15098,18350,20180,12777,491,ITI,ITI4,12,Lazio,Lazio,5879082,3241775,55.14,0.57
1106,2021-05-20,LAZ,51745,24972,26773,37104,13918,723,ITI,ITI4,12,Lazio,Lazio,5879082,3293520,56.02,0.88
1107,2021-06-20,LAZ,55259,25402,29857,29633,24902,724,ITI,ITI4,12,Lazio,Lazio,5879082,3348779,56.96,0.94
1108,2021-06-06,LAZ,58101,28007,30094,35012,22509,580,ITI,ITI4,12,Lazio,Lazio,5879082,3406880,57.95,0.99
1109,2021-02-26,LAZ,13123,5730,7393,11551,1398,174,ITI,ITI4,12,Lazio,Lazio,5879082,3420003,58.17,0.22
1110,2021-07-09,LAZ,64590,31181,33409,27587,36300,703,ITI,ITI4,12,Lazio,Lazio,5879082,3484593,59.27,1.1
1111,2021-06-01,LAZ,48905,23601,25304,29910,18537,458,ITI,ITI4,12,Lazio,Lazio,5879082,3533498,60.1,0.83
1112,2021-04-05,LAZ,19866,9085,10781,13533,6181,152,ITI,ITI4,12,Lazio,Lazio,5879082,3553364,60.44,0.34
1113,2021-05-25,LAZ,47525,22304,25221,35239,11683,603,ITI,ITI4,12,Lazio,Lazio,5879082,3600889,61.25,0.81
1114,2021-04-12,LAZ,23872,10769,13103,16691,6904,277,ITI,ITI4,12,Lazio,Lazio,5879082,3624761,61.66,0.41
1115,2021-06-08,LAZ,66573,31772,34801,36011,29931,631,ITI,ITI4,12,Lazio,Lazio,5879082,3691334,62.79,1.13
1116,2021-02-12,LAZ,6850,2850,4000,6350,418,82,ITI,ITI4,12,Lazio,Lazio,5879082,3698184,62.9,0.12
1117,2021-04-29,LAZ,38689,17267,21422,24847,13235,607,ITI,ITI4,12,Lazio,Lazio,5879082,3736873,63.56,0.66
1118,2021-03-03,LAZ,17862,7869,9993,13334,4295,233,ITI,ITI4,12,Lazio,Lazio,5879082,3754735,63.87,0.3
1119,2021-01-26,LAZ,7967,3130,4837,728,7239,0,ITI,ITI4,12,Lazio,Lazio,5879082,3762702,64.0,0.14
1120,2021-04-02,LAZ,29402,14090,15312,21681,7340,381,ITI,ITI4,12,Lazio,Lazio,5879082,3792104,64.5,0.5
1121,2021-06-25,LAZ,63139,30479,32660,28016,34554,569,ITI,ITI4,12,Lazio,Lazio,5879082,3855243,65.58,1.07
1122,2021-06-27,LAZ,47202,21568,25634,20615,26132,455,ITI,ITI4,12,Lazio,Lazio,5879082,3902445,66.38,0.8
1123,2021-02-04,LAZ,6340,2508,3832,1023,5316,1,ITI,ITI4,12,Lazio,Lazio,5879082,3908785,66.49,0.11
1124,2021-05-30,LAZ,41231,17644,23587,33204,7356,671,ITI,ITI4,12,Lazio,Lazio,5879082,3950016,67.19,0.7
1125,2021-05-13,LAZ,50162,22541,27621,31681,17802,679,ITI,ITI4,12,Lazio,Lazio,5879082,4000178,68.04,0.85
1126,2021-06-29,LAZ,59392,28232,31160,27724,31110,558,ITI,ITI4,12,Lazio,Lazio,5879082,4059570,69.05,1.01
1127,2021-07-14,LAZ,41836,20380,21456,6167,35324,345,ITI,ITI4,12,Lazio,Lazio,5879082,4101406,69.76,0.71
1128,2021-01-09,LAZ,6300,2562,3738,6187,0,113,ITI,ITI4,12,Lazio,Lazio,5879082,4107706,69.87,0.11
1129,2021-04-19,LAZ,30110,13689,16421,19010,10683,417,ITI,ITI4,12,Lazio,Lazio,5879082,4137816,70.38,0.51
1130,2021-02-21,LAZ,6991,3181,3810,6484,464,43,ITI,ITI4,12,Lazio,Lazio,5879082,4144807,70.5,0.12
1131,2021-03-22,LAZ,23322,10531,12791,16318,6677,327,ITI,ITI4,12,Lazio,Lazio,5879082,4168129,70.9,0.4
1132,2020-12-29,LAZ,488,176,312,484,0,4,ITI,ITI4,12,Lazio,Lazio,5879082,4168617,70.91,0.01
1133,2021-06-13,LAZ,58407,26208,32199,33076,24835,496,ITI,ITI4,12,Lazio,Lazio,5879082,4227024,71.9,0.99
1134,2021-03-07,LAZ,14133,5466,8667,10334,3593,206,ITI,ITI4,12,Lazio,Lazio,5879082,4241157,72.14,0.24
1135,2021-06-15,LAZ,65834,31801,34033,33178,32116,540,ITI,ITI4,12,Lazio,Lazio,5879082,4306991,73.26,1.12
1136,2021-03-24,LAZ,27874,13089,14785,21255,6237,382,ITI,ITI4,12,Lazio,Lazio,5879082,4334865,73.73,0.47
1137,2021-05-29,LAZ,52028,23386,28642,40151,11005,872,ITI,ITI4,12,Lazio,Lazio,5879082,4386893,74.62,0.88
1138,2021-07-11,LAZ,43953,22148,21805,3770,40042,141,ITI,ITI4,12,Lazio,Lazio,5879082,4430846,75.37,0.75
1139,2021-01-28,LAZ,8281,3166,5115,783,7497,1,ITI,ITI4,12,Lazio,Lazio,5879082,4439127,75.51,0.14
1140,2021-07-04,LAZ,46547,21658,24889,4119,42345,83,ITI,ITI4,12,Lazio,Lazio,5879082,4485674,76.3,0.79
1141,2021-05-08,LAZ,45469,20757,24712,29392,15423,654,ITI,ITI4,12,Lazio,Lazio,5879082,4531143,77.07,0.77
1142,2021-07-13,LAZ,42320,20721,21599,5477,36522,321,ITI,ITI4,12,Lazio,Lazio,5879082,4573463,77.79,0.72
1143,2021-03-26,LAZ,30207,13991,16216,22924,6849,434,ITI,ITI4,12,Lazio,Lazio,5879082,4603670,78.31,0.51
1144,2020-12-31,LAZ,5293,2121,3172,5233,0,60,ITI,ITI4,12,Lazio,Lazio,5879082,4608963,78.4,0.09
1145,2021-04-10,LAZ,23936,10413,13523,16500,7190,246,ITI,ITI4,12,Lazio,Lazio,5879082,4632899,78.8,0.41
1146,2021-02-05,LAZ,7318,2985,4333,1210,6105,3,ITI,ITI4,12,Lazio,Lazio,5879082,4640217,78.93,0.12
1147,2021-04-03,LAZ,24796,11194,13602,17876,6702,218,ITI,ITI4,12,Lazio,Lazio,5879082,4665013,79.35,0.42
1148,2021-02-19,LAZ,10047,5080,4967,9067,835,145,ITI,ITI4,12,Lazio,Lazio,5879082,4675060,79.52,0.17
1149,2021-05-01,LAZ,37978,17093,20885,25565,11971,442,ITI,ITI4,12,Lazio,Lazio,5879082,4713038,80.17,0.65
1150,2021-04-17,LAZ,32402,14221,18181,20008,11996,398,ITI,ITI4,12,Lazio,Lazio,5879082,4745440,80.72,0.55
1151,2021-03-12,LAZ,24001,11088,12913,17341,6317,343,ITI,ITI4,12,Lazio,Lazio,5879082,4769441,81.13,0.41
1152,2021-05-22,LAZ,55147,27013,28134,43569,10685,893,ITI,ITI4,12,Lazio,Lazio,5879082,4824588,82.06,0.94
1153,2021-05-15,LAZ,57379,27413,29966,40050,16524,805,ITI,ITI4,12,Lazio,Lazio,5879082,4881967,83.04,0.98
1154,2021-02-14,LAZ,5778,2372,3406,5276,472,30,ITI,ITI4,12,Lazio,Lazio,5879082,4887745,83.14,0.1
1155,2021-02-28,LAZ,10259,4016,6243,9653,515,91,ITI,ITI4,12,Lazio,Lazio,5879082,4898004,83.31,0.17
1156,2021-01-02,LAZ,6708,2631,4077,6628,0,80,ITI,ITI4,12,Lazio,Lazio,5879082,4904712,83.43,0.11
1157,2021-05-10,LAZ,44469,20330,24139,30593,13421,455,ITI,ITI4,12,Lazio,Lazio,5879082,4949181,84.18,0.76
1158,2021-01-14,LAZ,5490,2146,3344,5316,0,174,ITI,ITI4,12,Lazio,Lazio,5879082,4954671,84.28,0.09
1159,2021-04-07,LAZ,25992,12151,13841,18341,7315,336,ITI,ITI4,12,Lazio,Lazio,5879082,4980663,84.72,0.44
1160,2020-12-28,LAZ,959,412,547,954,0,5,ITI,ITI4,12,Lazio,Lazio,5879082,4981622,84.73,0.02
1161,2021-01-16,LAZ,5648,2283,3365,5500,0,148,ITI,ITI4,12,Lazio,Lazio,5879082,4987270,84.83,0.1
1162,2021-04-26,LAZ,29246,13468,15778,19613,9204,429,ITI,ITI4,12,Lazio,Lazio,5879082,5016516,85.33,0.5
1163,2021-02-02,LAZ,5911,2213,3698,636,5272,3,ITI,ITI4,12,Lazio,Lazio,5879082,5022427,85.43,0.1
1164,2021-07-18,LAZ,44576,22592,21984,16953,27066,557,ITI,ITI4,12,Lazio,Lazio,5879082,5067003,86.19,0.76
1165,2021-07-06,LAZ,62106,30153,31953,28520,33124,462,ITI,ITI4,12,Lazio,Lazio,5879082,5129109,87.24,1.06
1166,2021-06-17,LAZ,66806,32107,34699,31768,34340,698,ITI,ITI4,12,Lazio,Lazio,5879082,5195915,88.38,1.14
1167,2021-04-21,LAZ,33050,15022,18028,20309,12383,358,ITI,ITI4,12,Lazio,Lazio,5879082,5228965,88.94,0.56
1168,2021-06-03,LAZ,56454,28558,27896,38027,17735,692,ITI,ITI4,12,Lazio,Lazio,5879082,5285419,89.9,0.96
1169,2021-02-09,LAZ,8808,3775,5033,4575,4226,7,ITI,ITI4,12,Lazio,Lazio,5879082,5294227,90.05,0.15
1170,2021-02-23,LAZ,11091,4782,6309,10200,765,126,ITI,ITI4,12,Lazio,Lazio,5879082,5305318,90.24,0.19
1171,2021-01-21,LAZ,5604,2348,3256,551,5053,0,ITI,ITI4,12,Lazio,Lazio,5879082,5310922,90.34,0.1
1172,2021-03-19,LAZ,17453,7568,9885,10975,6329,149,ITI,ITI4,12,Lazio,Lazio,5879082,5328375,90.63,0.3
1173,2021-05-27,LAZ,58297,27079,31218,43759,13741,797,ITI,ITI4,12,Lazio,Lazio,5879082,5386672,91.62,0.99
1174,2021-03-05,LAZ,19570,8671,10899,14612,4734,224,ITI,ITI4,12,Lazio,Lazio,5879082,5406242,91.96,0.33
1175,2021-02-16,LAZ,8361,4037,4324,7710,608,43,ITI,ITI4,12,Lazio,Lazio,5879082,5414603,92.1,0.14
1176,2021-03-31,LAZ,27753,13426,14327,20321,7099,333,ITI,ITI4,12,Lazio,Lazio,5879082,5442356,92.57,0.47
1177,2021-01-07,LAZ,7751,2903,4848,7594,0,157,ITI,ITI4,12,Lazio,Lazio,5879082,5450107,92.7,0.13
1178,2021-06-10,LAZ,71769,33892,37877,37062,33904,803,ITI,ITI4,12,Lazio,Lazio,5879082,5521876,93.92,1.22
1179,2021-04-14,LAZ,29319,13288,16031,18876,10124,319,ITI,ITI4,12,Lazio,Lazio,5879082,5551195,94.42,0.5
1180,2021-04-01,LAZ,29696,14091,15605,22179,7142,375,ITI,ITI4,12,Lazio,Lazio,5879082,5580891,94.93,0.51
1181,2021-07-10,LAZ,70776,35524,35252,25023,45145,608,ITI,ITI4,12,Lazio,Lazio,5879082,5651667,96.13,1.2
1182,2021-06-23,LAZ,62226,29300,32926,28403,33348,475,ITI,ITI4,12,Lazio,Lazio,5879082,5713893,97.19,1.06
1183,2021-04-15,LAZ,31947,14313,17634,20690,10813,444,ITI,ITI4,12,Lazio,Lazio,5879082,5745840,97.73,0.54
1184,2021-02-10,LAZ,8196,3406,4790,4845,3346,5,ITI,ITI4,12,Lazio,Lazio,5879082,5754036,97.87,0.14
1185,2021-05-21,LAZ,52008,25012,26996,37238,14061,709,ITI,ITI4,12,Lazio,Lazio,5879082,5806044,98.76,0.88
1186,2021-06-04,LAZ,61734,30138,31596,43325,17804,605,ITI,ITI4,12,Lazio,Lazio,5879082,5867778,99.81,1.05
1187,2021-05-04,LAZ,39900,18360,21540,25899,13527,474,ITI,ITI4,12,Lazio,Lazio,5879082,5907678,100.49,0.68
1188,2021-02-24,LAZ,12050,5209,6841,10934,995,121,ITI,ITI4,12,Lazio,Lazio,5879082,5919728,100.69,0.2
1189,2021-07-07,LAZ,62334,30911,31423,28392,33397,545,ITI,ITI4,12,Lazio,Lazio,5879082,5982062,101.75,1.06
1190,2021-03-29,LAZ,25374,12045,13329,18041,7038,295,ITI,ITI4,12,Lazio,Lazio,5879082,6007436,102.18,0.43
1191,2021-03-15,LAZ,20955,9834,11121,13977,6744,234,ITI,ITI4,12,Lazio,Lazio,5879082,6028391,102.54,0.36
1192,2021-01-05,LAZ,7376,2803,4573,7274,0,102,ITI,ITI4,12,Lazio,Lazio,5879082,6035767,102.67,0.13
1193,2021-01-24,LAZ,5697,2229,3468,613,5084,0,ITI,ITI4,12,Lazio,Lazio,5879082,6041464,102.76,0.1
1194,2021-02-07,LAZ,4944,2026,2918,386,4557,1,ITI,ITI4,12,Lazio,Lazio,5879082,6046408,102.85,0.08
1195,2021-05-18,LAZ,44966,20565,24401,34862,9546,558,ITI,ITI4,12,Lazio,Lazio,5879082,6091374,103.61,0.76
1196,2021-05-03,LAZ,39251,17728,21523,26036,12630,585,ITI,ITI4,12,Lazio,Lazio,5879082,6130625,104.28,0.67
1197,2021-06-22,LAZ,62728,29006,33722,28586,33467,675,ITI,ITI4,12,Lazio,Lazio,5879082,6193353,105.35,1.07
1198,2021-03-14,LAZ,17240,6754,10486,11829,5154,257,ITI,ITI4,12,Lazio,Lazio,5879082,6210593,105.64,0.29
1199,2021-02-21,PUG,2177,474,1703,2048,62,67,ITF,ITF4,16,Puglia,Puglia,4029053,2177,0.05,0.05
1200,2021-06-01,PUG,34875,17458,17417,21614,12875,386,ITF,ITF4,16,Puglia,Puglia,4029053,37052,0.92,0.87
1201,2021-05-15,PUG,43570,18969,24601,22829,20023,718,ITF,ITF4,16,Puglia,Puglia,4029053,80622,2.0,1.08
1202,2021-06-03,PUG,50479,24490,25989,30476,19268,735,ITF,ITF4,16,Puglia,Puglia,4029053,131101,3.25,1.25
1203,2021-03-10,PUG,14813,6617,8196,11537,3124,152,ITF,ITF4,16,Puglia,Puglia,4029053,145914,3.62,0.37
1204,2021-03-29,PUG,13543,6604,6939,6604,6745,194,ITF,ITF4,16,Puglia,Puglia,4029053,159457,3.96,0.34
1205,2021-04-19,PUG,27715,12881,14834,24329,3044,342,ITF,ITF4,16,Puglia,Puglia,4029053,187172,4.65,0.69
1206,2021-04-24,PUG,29395,13383,16012,25118,3944,333,ITF,ITF4,16,Puglia,Puglia,4029053,216567,5.38,0.73
1207,2021-03-05,PUG,17689,7171,10518,15171,2305,213,ITF,ITF4,16,Puglia,Puglia,4029053,234256,5.81,0.44
1208,2021-02-26,PUG,13768,5057,8711,12536,1036,196,ITF,ITF4,16,Puglia,Puglia,4029053,248024,6.16,0.34
1209,2020-12-31,PUG,1636,783,853,1636,0,0,ITF,ITF4,16,Puglia,Puglia,4029053,249660,6.2,0.04
1210,2021-06-15,PUG,42484,20779,21705,22272,19581,631,ITF,ITF4,16,Puglia,Puglia,4029053,292144,7.25,1.05
1211,2021-06-08,PUG,39270,19126,20144,20948,17763,559,ITF,ITF4,16,Puglia,Puglia,4029053,331414,8.23,0.97
1212,2021-02-07,PUG,1579,669,910,253,1326,0,ITF,ITF4,16,Puglia,Puglia,4029053,332993,8.26,0.04
1213,2021-01-21,PUG,2133,905,1228,1269,862,2,ITF,ITF4,16,Puglia,Puglia,4029053,335126,8.32,0.05
1214,2021-05-01,PUG,27619,12648,14971,16698,10651,270,ITF,ITF4,16,Puglia,Puglia,4029053,362745,9.0,0.69
1215,2021-01-02,PUG,2951,1302,1649,2951,0,0,ITF,ITF4,16,Puglia,Puglia,4029053,365696,9.08,0.07
1216,2021-04-12,PUG,29275,13792,15483,26083,2878,314,ITF,ITF4,16,Puglia,Puglia,4029053,394971,9.8,0.73
1217,2021-07-04,PUG,19678,9559,10119,7836,11546,296,ITF,ITF4,16,Puglia,Puglia,4029053,414649,10.29,0.49
1218,2021-01-12,PUG,4213,1770,2443,4211,0,2,ITF,ITF4,16,Puglia,Puglia,4029053,418862,10.4,0.1
1219,2021-04-07,PUG,15704,7128,8576,8824,6678,202,ITF,ITF4,16,Puglia,Puglia,4029053,434566,10.79,0.39
1220,2021-07-16,PUG,42282,20505,21777,11700,29839,743,ITF,ITF4,16,Puglia,Puglia,4029053,476848,11.84,1.05
1221,2021-07-11,PUG,11539,5422,6117,2515,8933,91,ITF,ITF4,16,Puglia,Puglia,4029053,488387,12.12,0.29
1222,2021-01-31,PUG,1816,832,984,75,1741,0,ITF,ITF4,16,Puglia,Puglia,4029053,490203,12.17,0.05
1223,2021-04-05,PUG,12753,6194,6559,12078,533,142,ITF,ITF4,16,Puglia,Puglia,4029053,502956,12.48,0.32
1224,2021-03-19,PUG,7968,3657,4311,3378,4553,37,ITF,ITF4,16,Puglia,Puglia,4029053,510924,12.68,0.2
1225,2021-06-27,PUG,18460,9170,9290,9913,8267,280,ITF,ITF4,16,Puglia,Puglia,4029053,529384,13.14,0.46
1226,2021-02-09,PUG,3840,1569,2271,2149,1673,18,ITF,ITF4,16,Puglia,Puglia,4029053,533224,13.23,0.1
1227,2021-05-20,PUG,33591,15245,18346,20725,12348,518,ITF,ITF4,16,Puglia,Puglia,4029053,566815,14.07,0.83
1228,2021-03-24,PUG,13570,6509,7061,6147,7308,115,ITF,ITF4,16,Puglia,Puglia,4029053,580385,14.4,0.34
1229,2021-01-26,PUG,5366,2398,2968,570,4795,1,ITF,ITF4,16,Puglia,Puglia,4029053,585751,14.54,0.13
1230,2021-07-02,PUG,46806,22227,24579,17191,28658,957,ITF,ITF4,16,Puglia,Puglia,4029053,632557,15.7,1.16
1231,2021-05-06,PUG,39583,17306,22277,19331,19694,558,ITF,ITF4,16,Puglia,Puglia,4029053,672140,16.68,0.98
1232,2021-01-14,PUG,4072,1591,2481,4066,0,6,ITF,ITF4,16,Puglia,Puglia,4029053,676212,16.78,0.1
1233,2021-01-07,PUG,5717,2459,3258,5717,0,0,ITF,ITF4,16,Puglia,Puglia,4029053,681929,16.93,0.14
1234,2021-04-17,PUG,39997,18956,21041,36006,3570,421,ITF,ITF4,16,Puglia,Puglia,4029053,721926,17.92,0.99
1235,2021-02-19,PUG,4735,2012,2723,4291,391,53,ITF,ITF4,16,Puglia,Puglia,4029053,726661,18.04,0.12
1236,2021-06-22,PUG,42102,20410,21692,18809,22683,610,ITF,ITF4,16,Puglia,Puglia,4029053,768763,19.08,1.04
1237,2021-04-26,PUG,26273,12037,14236,22648,3234,391,ITF,ITF4,16,Puglia,Puglia,4029053,795036,19.73,0.65
1238,2021-03-16,PUG,9872,4688,5184,3455,6360,57,ITF,ITF4,16,Puglia,Puglia,4029053,804908,19.98,0.25
1239,2021-06-24,PUG,52337,25324,27013,23286,28223,828,ITF,ITF4,16,Puglia,Puglia,4029053,857245,21.28,1.3
1240,2021-04-28,PUG,19827,8889,10938,14790,4770,267,ITF,ITF4,16,Puglia,Puglia,4029053,877072,21.77,0.49
1241,2021-03-12,PUG,14282,6437,7845,10214,3931,137,ITF,ITF4,16,Puglia,Puglia,4029053,891354,22.12,0.35
1242,2021-06-20,PUG,21428,10780,10648,13936,7145,347,ITF,ITF4,16,Puglia,Puglia,4029053,912782,22.66,0.53
1243,2021-02-04,PUG,5928,2365,3563,1183,4736,9,ITF,ITF4,16,Puglia,Puglia,4029053,918710,22.8,0.15
1244,2021-05-17,PUG,32844,15218,17626,20478,11862,504,ITF,ITF4,16,Puglia,Puglia,4029053,951554,23.62,0.82
1245,2021-06-13,PUG,21754,10900,10854,16276,5177,301,ITF,ITF4,16,Puglia,Puglia,4029053,973308,24.16,0.54
1246,2021-02-28,PUG,6061,1807,4254,5801,186,74,ITF,ITF4,16,Puglia,Puglia,4029053,979369,24.31,0.15
1247,2021-05-12,PUG,36566,16311,20255,23480,12492,594,ITF,ITF4,16,Puglia,Puglia,4029053,1015935,25.22,0.91
1248,2021-01-19,PUG,1221,452,769,1210,10,1,ITF,ITF4,16,Puglia,Puglia,4029053,1017156,25.25,0.03
1249,2021-07-08,PUG,41137,19055,22082,5514,35151,472,ITF,ITF4,16,Puglia,Puglia,4029053,1058293,26.27,1.02
1250,2021-05-27,PUG,40842,19300,21542,22874,17294,674,ITF,ITF4,16,Puglia,Puglia,4029053,1099135,27.28,1.01
1251,2021-03-02,PUG,16388,6092,10296,14843,1302,243,ITF,ITF4,16,Puglia,Puglia,4029053,1115523,27.69,0.41
1252,2021-06-10,PUG,47051,23130,23921,29320,17003,728,ITF,ITF4,16,Puglia,Puglia,4029053,1162574,28.85,1.17
1253,2021-04-04,PUG,5971,2965,3006,5885,5,81,ITF,ITF4,16,Puglia,Puglia,4029053,1168545,29.0,0.15
1254,2021-07-13,PUG,46800,22076,24724,7886,38330,584,ITF,ITF4,16,Puglia,Puglia,4029053,1215345,30.16,1.16
1255,2021-02-14,PUG,786,347,439,658,124,4,ITF,ITF4,16,Puglia,Puglia,4029053,1216131,30.18,0.02
1256,2021-05-25,PUG,34690,16188,18502,20587,13517,586,ITF,ITF4,16,Puglia,Puglia,4029053,1250821,31.05,0.86
1257,2021-05-08,PUG,54282,22976,31306,24027,29743,512,ITF,ITF4,16,Puglia,Puglia,4029053,1305103,32.39,1.35
1258,2021-05-29,PUG,30521,14377,16144,20554,9421,546,ITF,ITF4,16,Puglia,Puglia,4029053,1335624,33.15,0.76
1259,2021-04-02,PUG,12841,5998,6843,8166,4524,151,ITF,ITF4,16,Puglia,Puglia,4029053,1348465,33.47,0.32
1260,2021-03-31,PUG,14558,6822,7736,8846,5562,150,ITF,ITF4,16,Puglia,Puglia,4029053,1363023,33.83,0.36
1261,2021-02-02,PUG,4345,1847,2498,590,3754,1,ITF,ITF4,16,Puglia,Puglia,4029053,1367368,33.94,0.11
1262,2021-07-09,PUG,35630,17121,18509,6371,28594,665,ITF,ITF4,16,Puglia,Puglia,4029053,1402998,34.82,0.88
1263,2021-05-13,PUG,38740,17276,21464,20970,17191,579,ITF,ITF4,16,Puglia,Puglia,4029053,1441738,35.78,0.96
1264,2021-03-17,PUG,10341,4700,5641,4105,6174,62,ITF,ITF4,16,Puglia,Puglia,4029053,1452079,36.04,0.26
1265,2021-01-09,PUG,4885,2250,2635,4881,0,4,ITF,ITF4,16,Puglia,Puglia,4029053,1456964,36.16,0.12
1266,2021-07-01,PUG,47765,22361,25404,11330,35783,652,ITF,ITF4,16,Puglia,Puglia,4029053,1504729,37.35,1.19
1267,2021-03-14,PUG,3330,1435,1895,2475,819,36,ITF,ITF4,16,Puglia,Puglia,4029053,1508059,37.43,0.08
1268,2021-02-23,PUG,9362,4422,4940,8781,489,92,ITF,ITF4,16,Puglia,Puglia,4029053,1517421,37.66,0.23
1269,2021-01-23,PUG,3039,1294,1745,885,2153,1,ITF,ITF4,16,Puglia,Puglia,4029053,1520460,37.74,0.08
1270,2021-05-03,PUG,33322,14893,18429,22100,10644,578,ITF,ITF4,16,Puglia,Puglia,4029053,1553782,38.56,0.83
1271,2021-03-07,PUG,4983,2000,2983,4372,571,40,ITF,ITF4,16,Puglia,Puglia,4029053,1558765,38.69,0.12
1272,2021-05-05,PUG,39166,17166,22000,24376,14195,595,ITF,ITF4,16,Puglia,Puglia,4029053,1597931,39.66,0.97
1273,2021-06-17,PUG,42625,20834,21791,21237,20787,601,ITF,ITF4,16,Puglia,Puglia,4029053,1640556,40.72,1.06
1274,2021-01-04,PUG,4510,2017,2493,4508,0,2,ITF,ITF4,16,Puglia,Puglia,4029053,1645066,40.83,0.11
1275,2021-03-26,PUG,12002,5839,6163,7228,4648,126,ITF,ITF4,16,Puglia,Puglia,4029053,1657068,41.13,0.3
1276,2021-03-09,PUG,13627,6090,7537,11432,2012,183,ITF,ITF4,16,Puglia,Puglia,4029053,1670695,41.47,0.34
1277,2021-04-14,PUG,31986,15093,16893,28371,3307,308,ITF,ITF4,16,Puglia,Puglia,4029053,1702681,42.26,0.79
1278,2021-03-28,PUG,3541,1654,1887,1180,2327,34,ITF,ITF4,16,Puglia,Puglia,4029053,1706222,42.35,0.09
1279,2021-07-06,PUG,42107,19379,22728,6190,35486,431,ITF,ITF4,16,Puglia,Puglia,4029053,1748329,43.39,1.05
1280,2021-06-19,PUG,34550,17327,17223,22025,11827,698,ITF,ITF4,16,Puglia,Puglia,4029053,1782879,44.25,0.86
1281,2021-03-21,PUG,2694,1227,1467,579,2104,11,ITF,ITF4,16,Puglia,Puglia,4029053,1785573,44.32,0.07
1282,2021-06-29,PUG,46185,22143,24042,15145,30319,721,ITF,ITF4,16,Puglia,Puglia,4029053,1831758,45.46,1.15
1283,2021-01-11,PUG,3754,1589,2165,3753,0,1,ITF,ITF4,16,Puglia,Puglia,4029053,1835512,45.56,0.09
1284,2021-04-21,PUG,23132,10682,12450,19093,3734,305,ITF,ITF4,16,Puglia,Puglia,4029053,1858644,46.13,0.57
1285,2021-05-24,PUG,36107,17036,19071,24495,10998,614,ITF,ITF4,16,Puglia,Puglia,4029053,1894751,47.03,0.9
1286,2021-02-16,PUG,3384,1455,1929,2708,646,30,ITF,ITF4,16,Puglia,Puglia,4029053,1898135,47.11,0.08
1287,2021-01-30,PUG,5531,2514,3017,408,5122,1,ITF,ITF4,16,Puglia,Puglia,4029053,1903666,47.25,0.14
1288,2021-05-10,PUG,37736,16673,21063,19305,17960,471,ITF,ITF4,16,Puglia,Puglia,4029053,1941402,48.19,0.94
1289,2021-04-16,PUG,36042,16942,19100,32336,3282,424,ITF,ITF4,16,Puglia,Puglia,4029053,1977444,49.08,0.89
1290,2021-02-18,PUG,4382,1848,2534,3716,606,60,ITF,ITF4,16,Puglia,Puglia,4029053,1981826,49.19,0.11
1291,2021-04-09,PUG,22058,9507,12551,17047,4626,385,ITF,ITF4,16,Puglia,Puglia,4029053,2003884,49.74,0.55
1292,2021-02-11,PUG,3697,1401,2296,2393,1278,26,ITF,ITF4,16,Puglia,Puglia,4029053,2007581,49.83,0.09
1293,2021-07-18,PUG,13046,6752,6294,4027,8851,168,ITF,ITF4,16,Puglia,Puglia,4029053,2020627,50.15,0.32
1294,2021-05-22,PUG,34628,15861,18767,23682,10402,544,ITF,ITF4,16,Puglia,Puglia,4029053,2055255,51.01,0.86
1295,2021-02-25,PUG,11968,5062,6906,10660,1173,135,ITF,ITF4,16,Puglia,Puglia,4029053,2067223,51.31,0.3
1296,2021-01-16,PUG,2508,1036,1472,2506,0,2,ITF,ITF4,16,Puglia,Puglia,4029053,2069731,51.37,0.06
1297,2021-05-21,PUG,39080,18547,20533,28231,10058,791,ITF,ITF4,16,Puglia,Puglia,4029053,2108811,52.34,0.97
1298,2021-05-19,PUG,26390,12760,13630,19515,6437,438,ITF,ITF4,16,Puglia,Puglia,4029053,2135201,53.0,0.65
1299,2021-03-23,PUG,11106,5635,5471,4540,6478,88,ITF,ITF4,16,Puglia,Puglia,4029053,2146307,53.27,0.28
1300,2021-05-31,PUG,37848,18237,19611,23121,14176,551,ITF,ITF4,16,Puglia,Puglia,4029053,2184155,54.21,0.94
1301,2021-03-30,PUG,12365,5923,6442,6286,5925,154,ITF,ITF4,16,Puglia,Puglia,4029053,2196520,54.52,0.31
1302,2021-02-01,PUG,3966,1660,2306,369,3595,2,ITF,ITF4,16,Puglia,Puglia,4029053,2200486,54.62,0.1
1303,2021-07-17,PUG,27055,13515,13540,8377,18146,532,ITF,ITF4,16,Puglia,Puglia,4029053,2227541,55.29,0.67
1304,2021-05-14,PUG,44927,20533,24394,27931,16132,864,ITF,ITF4,16,Puglia,Puglia,4029053,2272468,56.4,1.12
1305,2021-01-18,PUG,1845,771,1074,1495,349,1,ITF,ITF4,16,Puglia,Puglia,4029053,2274313,56.45,0.05
1306,2021-02-06,PUG,4551,1932,2619,1578,2958,15,ITF,ITF4,16,Puglia,Puglia,4029053,2278864,56.56,0.11
1307,2021-01-20,PUG,1548,542,1006,1537,8,3,ITF,ITF4,16,Puglia,Puglia,4029053,2280412,56.6,0.04
1308,2021-04-30,PUG,34962,15666,19296,22422,11971,569,ITF,ITF4,16,Puglia,Puglia,4029053,2315374,57.47,0.87
1309,2021-04-13,PUG,28743,13633,15110,25030,3404,309,ITF,ITF4,16,Puglia,Puglia,4029053,2344117,58.18,0.71
1310,2021-07-05,PUG,38483,18057,20426,7319,30601,563,ITF,ITF4,16,Puglia,Puglia,4029053,2382600,59.14,0.96
1311,2021-05-02,PUG,21321,9664,11657,13873,7266,182,ITF,ITF4,16,Puglia,Puglia,4029053,2403921,59.66,0.53
1312,2021-06-21,PUG,41506,20231,21275,21208,19619,679,ITF,ITF4,16,Puglia,Puglia,4029053,2445427,60.69,1.03
1313,2021-02-13,PUG,3727,1456,2271,3015,696,16,ITF,ITF4,16,Puglia,Puglia,4029053,2449154,60.79,0.09
1314,2021-06-28,PUG,48240,23391,24849,21498,25868,874,ITF,ITF4,16,Puglia,Puglia,4029053,2497394,61.98,1.2
1315,2021-06-05,PUG,42431,20795,21636,29076,12629,726,ITF,ITF4,16,Puglia,Puglia,4029053,2539825,63.04,1.05
1316,2021-01-06,PUG,3952,1674,2278,3951,0,1,ITF,ITF4,16,Puglia,Puglia,4029053,2543777,63.14,0.1
1317,2021-04-25,PUG,11302,5235,6067,10022,1149,131,ITF,ITF4,16,Puglia,Puglia,4029053,2555079,63.42,0.28
1318,2021-02-27,PUG,14222,4818,9404,12815,1226,181,ITF,ITF4,16,Puglia,Puglia,4029053,2569301,63.77,0.35
1319,2021-01-01,PUG,148,61,87,148,0,0,ITF,ITF4,16,Puglia,Puglia,4029053,2569449,63.77,0.0
1320,2021-06-07,PUG,44269,21623,22646,30300,13203,766,ITF,ITF4,16,Puglia,Puglia,4029053,2613718,64.87,1.1
1321,2021-04-11,PUG,16467,7253,9214,14632,1658,177,ITF,ITF4,16,Puglia,Puglia,4029053,2630185,65.28,0.41
1322,2021-03-25,PUG,11715,6001,5714,5371,6246,98,ITF,ITF4,16,Puglia,Puglia,4029053,2641900,65.57,0.29
1323,2021-07-03,PUG,32742,16335,16407,13300,18913,529,ITF,ITF4,16,Puglia,Puglia,4029053,2674642,66.38,0.81
1324,2021-02-08,PUG,3995,1611,2384,1581,2398,16,ITF,ITF4,16,Puglia,Puglia,4029053,2678637,66.48,0.1
1325,2021-01-25,PUG,3829,1680,2149,424,3404,1,ITF,ITF4,16,Puglia,Puglia,4029053,2682466,66.58,0.1
1326,2021-07-10,PUG,21723,10684,11039,4399,17026,298,ITF,ITF4,16,Puglia,Puglia,4029053,2704189,67.12,0.54
1327,2021-04-08,PUG,17487,7587,9900,11094,6177,216,ITF,ITF4,16,Puglia,Puglia,4029053,2721676,67.55,0.43
1328,2021-03-11,PUG,14813,6575,8238,11444,3172,197,ITF,ITF4,16,Puglia,Puglia,4029053,2736489,67.92,0.37
1329,2021-06-02,PUG,27016,13210,13806,21841,4815,360,ITF,ITF4,16,Puglia,Puglia,4029053,2763505,68.59,0.67
1330,2021-03-13,PUG,10468,4134,6334,8562,1808,98,ITF,ITF4,16,Puglia,Puglia,4029053,2773973,68.85,0.26
1331,2021-02-24,PUG,10047,4707,5340,9363,594,90,ITF,ITF4,16,Puglia,Puglia,4029053,2784020,69.1,0.25
1332,2021-06-04,PUG,52617,25457,27160,34110,17675,832,ITF,ITF4,16,Puglia,Puglia,4029053,2836637,70.4,1.31
1333,2021-05-18,PUG,28886,13442,15444,15846,12787,253,ITF,ITF4,16,Puglia,Puglia,4029053,2865523,71.12,0.72
1334,2021-06-16,PUG,41809,20563,21246,26656,14384,769,ITF,ITF4,16,Puglia,Puglia,4029053,2907332,72.16,1.04
1335,2020-12-30,PUG,1,0,1,1,0,0,ITF,ITF4,16,Puglia,Puglia,4029053,2907333,72.16,0.0
1336,2021-03-22,PUG,9949,5113,4836,4241,5647,61,ITF,ITF4,16,Puglia,Puglia,4029053,2917282,72.41,0.25
1337,2021-01-24,PUG,1670,750,920,154,1516,0,ITF,ITF4,16,Puglia,Puglia,4029053,2918952,72.45,0.04
1338,2021-06-30,PUG,47231,22938,24293,18634,27715,882,ITF,ITF4,16,Puglia,Puglia,4029053,2966183,73.62,1.17
1339,2021-03-15,PUG,12340,6148,6192,5734,6505,101,ITF,ITF4,16,Puglia,Puglia,4029053,2978523,73.93,0.31
1340,2021-01-17,PUG,1310,592,718,1240,69,1,ITF,ITF4,16,Puglia,Puglia,4029053,2979833,73.96,0.03
1341,2021-06-23,PUG,29179,14252,14927,16809,11729,641,ITF,ITF4,16,Puglia,Puglia,4029053,3009012,74.68,0.72
1342,2021-04-27,PUG,26683,12071,14612,20755,5603,325,ITF,ITF4,16,Puglia,Puglia,4029053,3035695,75.35,0.66
1343,2021-06-18,PUG,47490,23376,24114,28632,17870,988,ITF,ITF4,16,Puglia,Puglia,4029053,3083185,76.52,1.18
1344,2021-02-10,PUG,3646,1436,2210,2114,1511,21,ITF,ITF4,16,Puglia,Puglia,4029053,3086831,76.61,0.09
1345,2021-05-23,PUG,17920,8374,9546,13853,3806,261,ITF,ITF4,16,Puglia,Puglia,4029053,3104751,77.06,0.44
1346,2021-02-17,PUG,4284,1749,2535,3634,610,40,ITF,ITF4,16,Puglia,Puglia,4029053,3109035,77.17,0.11
1347,2021-05-28,PUG,43940,20805,23135,27432,15706,802,ITF,ITF4,16,Puglia,Puglia,4029053,3152975,78.26,1.09
1348,2021-03-06,PUG,16149,6126,10023,13888,2094,167,ITF,ITF4,16,Puglia,Puglia,4029053,3169124,78.66,0.4
1349,2021-01-08,PUG,5653,2373,3280,5647,0,6,ITF,ITF4,16,Puglia,Puglia,4029053,3174777,78.8,0.14
1350,2021-06-14,PUG,41831,20469,21362,28639,12342,850,ITF,ITF4,16,Puglia,Puglia,4029053,3216608,79.84,1.04
1351,2021-04-18,PUG,22645,10832,11813,21393,1056,196,ITF,ITF4,16,Puglia,Puglia,4029053,3239253,80.4,0.56
1352,2021-02-20,PUG,2969,1078,1891,2684,257,28,ITF,ITF4,16,Puglia,Puglia,4029053,3242222,80.47,0.07
1353,2021-05-09,PUG,30713,12596,18117,14719,15619,375,ITF,ITF4,16,Puglia,Puglia,4029053,3272935,81.23,0.76
1354,2021-04-22,PUG,23029,10541,12488,17719,4920,390,ITF,ITF4,16,Puglia,Puglia,4029053,3295964,81.8,0.57
1355,2021-06-06,PUG,30659,15433,15226,25299,5032,328,ITF,ITF4,16,Puglia,Puglia,4029053,3326623,82.57,0.76
1356,2021-04-10,PUG,30898,13105,17793,26295,4224,379,ITF,ITF4,16,Puglia,Puglia,4029053,3357521,83.33,0.77
1357,2021-04-01,PUG,13935,6543,7392,7374,6347,214,ITF,ITF4,16,Puglia,Puglia,4029053,3371456,83.68,0.35
1358,2021-02-03,PUG,5039,2006,3033,727,4309,3,ITF,ITF4,16,Puglia,Puglia,4029053,3376495,83.8,0.13
1359,2021-05-11,PUG,32569,14372,18197,13649,18427,493,ITF,ITF4,16,Puglia,Puglia,4029053,3409064,84.61,0.81
1360,2021-05-04,PUG,35069,14833,20236,18184,16469,416,ITF,ITF4,16,Puglia,Puglia,4029053,3444133,85.48,0.87
1361,2021-03-08,PUG,14995,6440,8555,12440,2402,153,ITF,ITF4,16,Puglia,Puglia,4029053,3459128,85.85,0.37
1362,2021-01-03,PUG,2006,942,1064,2005,0,1,ITF,ITF4,16,Puglia,Puglia,4029053,3461134,85.9,0.05
1363,2021-03-27,PUG,12156,5711,6445,6875,5172,109,ITF,ITF4,16,Puglia,Puglia,4029053,3473290,86.21,0.3
1364,2021-01-05,PUG,5110,2251,2859,5107,0,3,ITF,ITF4,16,Puglia,Puglia,4029053,3478400,86.33,0.13
1365,2021-04-15,PUG,32702,15260,17442,28690,3611,401,ITF,ITF4,16,Puglia,Puglia,4029053,3511102,87.14,0.81
1366,2021-07-07,PUG,38367,18370,19997,6202,31642,523,ITF,ITF4,16,Puglia,Puglia,4029053,3549469,88.1,0.95
1367,2021-04-29,PUG,26206,12127,14079,19121,6664,421,ITF,ITF4,16,Puglia,Puglia,4029053,3575675,88.75,0.65
1368,2021-05-30,PUG,20997,10051,10946,15704,5037,256,ITF,ITF4,16,Puglia,Puglia,4029053,3596672,89.27,0.52
1369,2021-01-15,PUG,4552,1866,2686,4547,0,5,ITF,ITF4,16,Puglia,Puglia,4029053,3601224,89.38,0.11
1370,2021-01-22,PUG,1409,578,831,990,418,1,ITF,ITF4,16,Puglia,Puglia,4029053,3602633,89.42,0.03
1371,2021-02-12,PUG,4212,1672,2540,3098,1092,22,ITF,ITF4,16,Puglia,Puglia,4029053,3606845,89.52,0.1
1372,2021-01-29,PUG,6203,2664,3539,417,5782,4,ITF,ITF4,16,Puglia,Puglia,4029053,3613048,89.67,0.15
1373,2021-03-20,PUG,8413,3878,4535,3775,4595,43,ITF,ITF4,16,Puglia,Puglia,4029053,3621461,89.88,0.21
1374,2021-03-03,PUG,16784,6802,9982,14715,1919,150,ITF,ITF4,16,Puglia,Puglia,4029053,3638245,90.3,0.42
1375,2021-06-11,PUG,47778,23373,24405,32889,13969,920,ITF,ITF4,16,Puglia,Puglia,4029053,3686023,91.49,1.19
1376,2021-07-12,PUG,43756,20654,23102,12335,30683,738,ITF,ITF4,16,Puglia,Puglia,4029053,3729779,92.57,1.09
1377,2021-02-22,PUG,9635,4537,5098,9214,334,87,ITF,ITF4,16,Puglia,Puglia,4029053,3739414,92.81,0.24
1378,2021-02-05,PUG,5636,2273,3363,1328,4303,5,ITF,ITF4,16,Puglia,Puglia,4029053,3745050,92.95,0.14
1379,2021-05-16,PUG,24547,11071,13476,12491,11834,222,ITF,ITF4,16,Puglia,Puglia,4029053,3769597,93.56,0.61
1380,2021-04-03,PUG,10560,4646,5914,6805,3559,196,ITF,ITF4,16,Puglia,Puglia,4029053,3780157,93.82,0.26
1381,2021-06-25,PUG,50490,24877,25613,23649,25891,950,ITF,ITF4,16,Puglia,Puglia,4029053,3830647,95.08,1.25
1382,2021-06-12,PUG,34430,17169,17261,24958,8869,603,ITF,ITF4,16,Puglia,Puglia,4029053,3865077,95.93,0.85
1383,2021-01-28,PUG,5474,2277,3197,470,5004,0,ITF,ITF4,16,Puglia,Puglia,4029053,3870551,96.07,0.14
1384,2021-04-23,PUG,29529,13723,15806,23860,5254,415,ITF,ITF4,16,Puglia,Puglia,4029053,3900080,96.8,0.73
1385,2021-03-18,PUG,9578,4350,5228,3335,6178,65,ITF,ITF4,16,Puglia,Puglia,4029053,3909658,97.04,0.24
1386,2021-06-26,PUG,32155,16183,15972,15753,15804,598,ITF,ITF4,16,Puglia,Puglia,4029053,3941813,97.83,0.8
1387,2021-03-04,PUG,15348,6096,9252,13702,1423,223,ITF,ITF4,16,Puglia,Puglia,4029053,3957161,98.22,0.38
1388,2021-06-09,PUG,41767,20677,21090,29859,11192,716,ITF,ITF4,16,Puglia,Puglia,4029053,3998928,99.25,1.04
1389,2021-02-15,PUG,3258,1270,1988,2592,622,44,ITF,ITF4,16,Puglia,Puglia,4029053,4002186,99.33,0.08
1390,2021-05-26,PUG,38510,18501,20009,26171,11689,650,ITF,ITF4,16,Puglia,Puglia,4029053,4040696,100.29,0.96
1391,2021-01-27,PUG,4603,1941,2662,629,3972,2,ITF,ITF4,16,Puglia,Puglia,4029053,4045299,100.4,0.11
1392,2021-05-07,PUG,50058,22341,27717,26024,23476,558,ITF,ITF4,16,Puglia,Puglia,4029053,4095357,101.65,1.24
1393,2021-01-13,PUG,4544,1729,2815,4541,0,3,ITF,ITF4,16,Puglia,Puglia,4029053,4099901,101.76,0.11
1394,2021-04-06,PUG,13849,6255,7594,6925,6756,168,ITF,ITF4,16,Puglia,Puglia,4029053,4113750,102.1,0.34
1395,2021-07-15,PUG,42072,20384,21688,8773,32616,683,ITF,ITF4,16,Puglia,Puglia,4029053,4155822,103.15,1.04
1396,2021-07-14,PUG,42622,20409,22213,12513,29304,805,ITF,ITF4,16,Puglia,Puglia,4029053,4198444,104.2,1.06
1397,2021-03-01,PUG,15104,5867,9237,13579,1372,153,ITF,ITF4,16,Puglia,Puglia,4029053,4213548,104.58,0.37
1398,2021-01-10,PUG,2349,1062,1287,2348,0,1,ITF,ITF4,16,Puglia,Puglia,4029053,4215897,104.64,0.06
1399,2021-04-20,PUG,21168,9833,11335,17440,3466,262,ITF,ITF4,16,Puglia,Puglia,4029053,4237065,105.16,0.53
1400,2020-12-27,PUG,510,252,258,510,0,0,ITF,ITF4,16,Puglia,Puglia,4029053,4237575,105.18,0.01
1401,2021-05-26,EMR,33241,14732,18509,9926,22931,384,ITH,ITH5,8,Emilia-Romagna,Emilia-Romagna,4459477,33241,0.75,0.75
1402,2021-06-12,EMR,41287,21834,19453,35861,4912,514,ITH,ITH5,8,Emilia-Romagna,Emilia-Romagna,4459477,74528,1.67,0.93
1403,2021-03-04,EMR,16452,5350,11102,13344,3017,91,ITH,ITH5,8,Emilia-Romagna,Emilia-Romagna,4459477,90980,2.04,0.37
1404,2021-05-24,EMR,29956,13719,16237,17950,11489,517,ITH,ITH5,8,Emilia-Romagna,Emilia-Romagna,4459477,120936,2.71,0.67
1405,2021-02-13,EMR,3628,1084,2544,3015,598,15,ITH,ITH5,8,Emilia-Romagna,Emilia-Romagna,4459477,124564,2.79,0.08
1406,2021-04-11,EMR,15278,6935,8343,11981,3048,249,ITH,ITH5,8,Emilia-Romagna,Emilia-Romagna,4459477,139842,3.14,0.34
1407,2021-02-11,EMR,4255,1415,2840,3397,842,16,ITH,ITH5,8,Emilia-Romagna,Emilia-Romagna,4459477,144097,3.23,0.1
1408,2021-02-18,EMR,7039,2892,4147,6440,583,16,ITH,ITH5,8,Emilia-Romagna,Emilia-Romagna,4459477,151136,3.39,0.16
1409,2021-06-07,EMR,40464,20769,19695,33884,6249,331,ITH,ITH5,8,Emilia-Romagna,Emilia-Romagna,4459477,191600,4.3,0.91
1410,2021-01-30,EMR,10081,3520,6561,140,9940,1,ITH,ITH5,8,Emilia-Romagna,Emilia-Romagna,4459477,201681,4.52,0.23
1411,2021-07-15,EMR,49332,25693,23639,8124,40867,341,ITH,ITH5,8,Emilia-Romagna,Emilia-Romagna,4459477,251013,5.63,1.11
1412,2021-04-23,EMR,29562,13811,15751,14305,14883,374,ITH,ITH5,8,Emilia-Romagna,Emilia-Romagna,4459477,280575,6.29,0.66
1413,2021-04-16,EMR,29229,13763,15466,20026,8838,365,ITH,ITH5,8,Emilia-Romagna,Emilia-Romagna,4459477,309804,6.95,0.66
1414,2021-01-06,EMR,8287,2955,5332,8286,0,1,ITH,ITH5,8,Emilia-Romagna,Emilia-Romagna,4459477,318091,7.13,0.19
1415,2021-04-30,EMR,36606,16788,19818,21190,14795,621,ITH,ITH5,8,Emilia-Romagna,Emilia-Romagna,4459477,354697,7.95,0.82
1416,2021-03-28,EMR,13501,6027,7474,9506,3870,125,ITH,ITH5,8,Emilia-Romagna,Emilia-Romagna,4459477,368198,8.26,0.3
1417,2021-02-25,EMR,9249,3499,5750,8274,954,21,ITH,ITH5,8,Emilia-Romagna,Emilia-Romagna,4459477,377447,8.46,0.21
1418,2021-05-12,EMR,38918,18291,20627,28383,9686,849,ITH,ITH5,8,Emilia-Romagna,Emilia-Romagna,4459477,416365,9.34,0.87
1419,2021-02-01,EMR,10320,3610,6710,360,9958,2,ITH,ITH5,8,Emilia-Romagna,Emilia-Romagna,4459477,426685,9.57,0.23
1420,2021-01-18,EMR,3128,879,2249,2446,679,3,ITH,ITH5,8,Emilia-Romagna,Emilia-Romagna,4459477,429813,9.64,0.07
1421,2021-03-16,EMR,12246,5027,7219,4871,7309,66,ITH,ITH5,8,Emilia-Romagna,Emilia-Romagna,4459477,442059,9.91,0.27
1422,2021-01-25,EMR,6462,2146,4316,206,6255,1,ITH,ITH5,8,Emilia-Romagna,Emilia-Romagna,4459477,448521,10.06,0.14
1423,2021-07-01,EMR,34463,16843,17620,15338,18813,312,ITH,ITH5,8,Emilia-Romagna,Emilia-Romagna,4459477,482984,10.83,0.77
1424,2021-03-23,EMR,18798,8144,10654,11952,6687,159,ITH,ITH5,8,Emilia-Romagna,Emilia-Romagna,4459477,501782,11.25,0.42
1425,2021-06-21,EMR,37519,18970,18549,16396,20861,262,ITH,ITH5,8,Emilia-Romagna,Emilia-Romagna,4459477,539301,12.09,0.84
1426,2021-07-08,EMR,41099,20488,20611,4812,36014,273,ITH,ITH5,8,Emilia-Romagna,Emilia-Romagna,4459477,580400,13.01,0.92
1427,2021-03-30,EMR,23345,10338,13007,18008,5041,296,ITH,ITH5,8,Emilia-Romagna,Emilia-Romagna,4459477,603745,13.54,0.52
1428,2021-01-04,EMR,7316,2528,4788,7313,0,3,ITH,ITH5,8,Emilia-Romagna,Emilia-Romagna,4459477,611061,13.7,0.16
1429,2021-01-23,EMR,2448,871,1577,440,2008,0,ITH,ITH5,8,Emilia-Romagna,Emilia-Romagna,4459477,613509,13.76,0.05
1430,2021-05-07,EMR,35282,16963,18319,22733,11864,685,ITH,ITH5,8,Emilia-Romagna,Emilia-Romagna,4459477,648791,14.55,0.79
1431,2021-07-03,EMR,32028,15887,16141,11773,19962,293,ITH,ITH5,8,Emilia-Romagna,Emilia-Romagna,4459477,680819,15.27,0.72
1432,2021-04-18,EMR,17504,8396,9108,12362,4918,224,ITH,ITH5,8,Emilia-Romagna,Emilia-Romagna,4459477,698323,15.66,0.39
1433,2021-06-14,EMR,41249,21321,19928,27732,13069,448,ITH,ITH5,8,Emilia-Romagna,Emilia-Romagna,4459477,739572,16.58,0.92
1434,2021-01-10,EMR,7171,2684,4487,7170,0,1,ITH,ITH5,8,Emilia-Romagna,Emilia-Romagna,4459477,746743,16.75,0.16
1435,2021-05-09,EMR,25609,12251,13358,18230,6968,411,ITH,ITH5,8,Emilia-Romagna,Emilia-Romagna,4459477,772352,17.32,0.57
1436,2021-01-29,EMR,10414,3496,6918,289,10124,1,ITH,ITH5,8,Emilia-Romagna,Emilia-Romagna,4459477,782766,17.55,0.23
1437,2021-02-15,EMR,2904,851,2053,2712,125,67,ITH,ITH5,8,Emilia-Romagna,Emilia-Romagna,4459477,785670,17.62,0.07
1438,2021-01-27,EMR,8362,2948,5414,462,7900,0,ITH,ITH5,8,Emilia-Romagna,Emilia-Romagna,4459477,794032,17.81,0.19
1439,2021-05-31,EMR,29744,13757,15987,17722,11475,547,ITH,ITH5,8,Emilia-Romagna,Emilia-Romagna,4459477,823776,18.47,0.67
1440,2021-02-20,EMR,5319,2094,3225,5049,263,7,ITH,ITH5,8,Emilia-Romagna,Emilia-Romagna,4459477,829095,18.59,0.12
1441,2021-01-15,EMR,7750,2404,5346,7742,0,8,ITH,ITH5,8,Emilia-Romagna,Emilia-Romagna,4459477,836845,18.77,0.17
1442,2021-06-09,EMR,42999,21847,21152,36163,6371,465,ITH,ITH5,8,Emilia-Romagna,Emilia-Romagna,4459477,879844,19.73,0.96
1443,2021-03-01,EMR,10097,3582,6515,7814,2258,25,ITH,ITH5,8,Emilia-Romagna,Emilia-Romagna,4459477,889941,19.96,0.23
1444,2021-05-04,EMR,29275,13705,15570,15122,13659,494,ITH,ITH5,8,Emilia-Romagna,Emilia-Romagna,4459477,919216,20.61,0.66
1445,2021-01-13,EMR,9077,2942,6135,9072,0,5,ITH,ITH5,8,Emilia-Romagna,Emilia-Romagna,4459477,928293,20.82,0.2
1446,2021-04-04,EMR,9879,4717,5162,7525,2267,87,ITH,ITH5,8,Emilia-Romagna,Emilia-Romagna,4459477,938172,21.04,0.22
1447,2021-01-11,EMR,9347,3273,6074,9338,0,9,ITH,ITH5,8,Emilia-Romagna,Emilia-Romagna,4459477,947519,21.25,0.21
1448,2021-06-19,EMR,36606,18321,18285,17022,19376,208,ITH,ITH5,8,Emilia-Romagna,Emilia-Romagna,4459477,984125,22.07,0.82
1449,2021-03-11,EMR,17454,7306,10148,11432,5851,171,ITH,ITH5,8,Emilia-Romagna,Emilia-Romagna,4459477,1001579,22.46,0.39
1450,2021-02-06,EMR,7594,2404,5190,2105,5485,4,ITH,ITH5,8,Emilia-Romagna,Emilia-Romagna,4459477,1009173,22.63,0.17
1451,2021-05-19,EMR,33731,14964,18767,18029,15182,520,ITH,ITH5,8,Emilia-Romagna,Emilia-Romagna,4459477,1042904,23.39,0.76
1452,2021-06-02,EMR,24097,12062,12035,18937,4970,190,ITH,ITH5,8,Emilia-Romagna,Emilia-Romagna,4459477,1067001,23.93,0.54
1453,2021-03-13,EMR,16137,6361,9776,10589,5313,235,ITH,ITH5,8,Emilia-Romagna,Emilia-Romagna,4459477,1083138,24.29,0.36
1454,2021-07-05,EMR,33082,16132,16950,11451,21313,318,ITH,ITH5,8,Emilia-Romagna,Emilia-Romagna,4459477,1116220,25.03,0.74
1455,2021-03-27,EMR,21660,9059,12601,14507,6908,245,ITH,ITH5,8,Emilia-Romagna,Emilia-Romagna,4459477,1137880,25.52,0.49
1456,2021-03-09,EMR,14758,6020,8738,10710,3953,95,ITH,ITH5,8,Emilia-Romagna,Emilia-Romagna,4459477,1152638,25.85,0.33
1457,2021-05-05,EMR,30110,13990,16120,18271,11264,575,ITH,ITH5,8,Emilia-Romagna,Emilia-Romagna,4459477,1182748,26.52,0.68
1458,2021-05-23,EMR,25481,11859,13622,13576,11593,312,ITH,ITH5,8,Emilia-Romagna,Emilia-Romagna,4459477,1208229,27.09,0.57
1459,2021-06-26,EMR,37414,18960,18454,21514,15510,390,ITH,ITH5,8,Emilia-Romagna,Emilia-Romagna,4459477,1245643,27.93,0.84
1460,2021-07-10,EMR,41873,21321,20552,7042,34481,350,ITH,ITH5,8,Emilia-Romagna,Emilia-Romagna,4459477,1287516,28.87,0.94
1461,2021-06-16,EMR,45697,23352,22345,25388,19917,392,ITH,ITH5,8,Emilia-Romagna,Emilia-Romagna,4459477,1333213,29.9,1.02
1462,2021-03-08,EMR,12190,5092,7098,9465,2646,79,ITH,ITH5,8,Emilia-Romagna,Emilia-Romagna,4459477,1345403,30.17,0.27
1463,2021-04-20,EMR,22625,10406,12219,13884,8354,387,ITH,ITH5,8,Emilia-Romagna,Emilia-Romagna,4459477,1368028,30.68,0.51
1464,2021-06-23,EMR,37731,18878,18853,18628,18825,278,ITH,ITH5,8,Emilia-Romagna,Emilia-Romagna,4459477,1405759,31.52,0.85
1465,2021-05-28,EMR,41195,18936,22259,17261,23343,591,ITH,ITH5,8,Emilia-Romagna,Emilia-Romagna,4459477,1446954,32.45,0.92
1466,2021-02-27,EMR,10961,3998,6963,9192,1738,31,ITH,ITH5,8,Emilia-Romagna,Emilia-Romagna,4459477,1457915,32.69,0.25
1467,2021-04-25,EMR,22351,10240,12111,14398,7511,442,ITH,ITH5,8,Emilia-Romagna,Emilia-Romagna,4459477,1480266,33.19,0.5
1468,2021-04-27,EMR,32100,14862,17238,19209,12458,433,ITH,ITH5,8,Emilia-Romagna,Emilia-Romagna,4459477,1512366,33.91,0.72
1469,2021-06-30,EMR,34195,17258,16937,18224,15647,324,ITH,ITH5,8,Emilia-Romagna,Emilia-Romagna,4459477,1546561,34.68,0.77
1470,2021-07-17,EMR,39973,21097,18876,7261,32301,411,ITH,ITH5,8,Emilia-Romagna,Emilia-Romagna,4459477,1586534,35.58,0.9
1471,2021-06-11,EMR,45841,23808,22033,38789,6505,547,ITH,ITH5,8,Emilia-Romagna,Emilia-Romagna,4459477,1632375,36.6,1.03
1472,2021-06-28,EMR,40012,19630,20382,20012,19557,443,ITH,ITH5,8,Emilia-Romagna,Emilia-Romagna,4459477,1672387,37.5,0.9
1473,2021-03-20,EMR,16085,6829,9256,8955,6964,166,ITH,ITH5,8,Emilia-Romagna,Emilia-Romagna,4459477,1688472,37.86,0.36
1474,2021-04-06,EMR,24747,11173,13574,19718,4744,285,ITH,ITH5,8,Emilia-Romagna,Emilia-Romagna,4459477,1713219,38.42,0.55
1475,2020-12-27,EMR,972,373,599,972,0,0,ITH,ITH5,8,Emilia-Romagna,Emilia-Romagna,4459477,1714191,38.44,0.02
1476,2021-06-04,EMR,45625,22979,22646,37171,8141,313,ITH,ITH5,8,Emilia-Romagna,Emilia-Romagna,4459477,1759816,39.46,1.02
1477,2021-01-20,EMR,1326,270,1056,1324,1,1,ITH,ITH5,8,Emilia-Romagna,Emilia-Romagna,4459477,1761142,39.49,0.03
1478,2021-07-12,EMR,43663,22122,21541,5482,37876,305,ITH,ITH5,8,Emilia-Romagna,Emilia-Romagna,4459477,1804805,40.47,0.98
1479,2021-01-08,EMR,10868,3580,7288,10865,0,3,ITH,ITH5,8,Emilia-Romagna,Emilia-Romagna,4459477,1815673,40.71,0.24
1480,2021-03-06,EMR,20910,5941,14969,18049,2738,123,ITH,ITH5,8,Emilia-Romagna,Emilia-Romagna,4459477,1836583,41.18,0.47
1481,2021-05-20,EMR,40275,18311,21964,18401,21377,497,ITH,ITH5,8,Emilia-Romagna,Emilia-Romagna,4459477,1876858,42.09,0.9
1482,2021-03-25,EMR,21483,9418,12065,14234,6990,259,ITH,ITH5,8,Emilia-Romagna,Emilia-Romagna,4459477,1898341,42.57,0.48
1483,2021-05-21,EMR,39281,17533,21748,21629,17040,612,ITH,ITH5,8,Emilia-Romagna,Emilia-Romagna,4459477,1937622,43.45,0.88
1484,2021-02-10,EMR,4023,1385,2638,2761,1256,6,ITH,ITH5,8,Emilia-Romagna,Emilia-Romagna,4459477,1941645,43.54,0.09
1485,2021-04-08,EMR,31214,14332,16882,25213,5304,697,ITH,ITH5,8,Emilia-Romagna,Emilia-Romagna,4459477,1972859,44.24,0.7
1486,2021-03-18,EMR,13675,5806,7869,5584,8000,91,ITH,ITH5,8,Emilia-Romagna,Emilia-Romagna,4459477,1986534,44.55,0.31
1487,2021-05-06,EMR,35927,16602,19325,22155,13056,716,ITH,ITH5,8,Emilia-Romagna,Emilia-Romagna,4459477,2022461,45.35,0.81
1488,2021-01-26,EMR,8334,3000,5334,211,8122,1,ITH,ITH5,8,Emilia-Romagna,Emilia-Romagna,4459477,2030795,45.54,0.19
1489,2021-07-02,EMR,34686,17058,17628,12677,21678,331,ITH,ITH5,8,Emilia-Romagna,Emilia-Romagna,4459477,2065481,46.32,0.78
1490,2021-03-24,EMR,21219,9401,11818,13618,7382,219,ITH,ITH5,8,Emilia-Romagna,Emilia-Romagna,4459477,2086700,46.79,0.48
1491,2021-01-24,EMR,2444,886,1558,298,2146,0,ITH,ITH5,8,Emilia-Romagna,Emilia-Romagna,4459477,2089144,46.85,0.05
1492,2021-04-22,EMR,29053,13453,15600,14614,14077,362,ITH,ITH5,8,Emilia-Romagna,Emilia-Romagna,4459477,2118197,47.5,0.65
1493,2021-01-12,EMR,9476,3124,6352,9466,0,10,ITH,ITH5,8,Emilia-Romagna,Emilia-Romagna,4459477,2127673,47.71,0.21
1494,2021-07-16,EMR,46240,24434,21806,6696,39155,389,ITH,ITH5,8,Emilia-Romagna,Emilia-Romagna,4459477,2173913,48.75,1.04
1495,2021-06-27,EMR,29537,14857,14680,16524,12719,294,ITH,ITH5,8,Emilia-Romagna,Emilia-Romagna,4459477,2203450,49.41,0.66
1496,2021-07-14,EMR,47583,24330,23253,5681,41556,346,ITH,ITH5,8,Emilia-Romagna,Emilia-Romagna,4459477,2251033,50.48,1.07
1497,2021-04-05,EMR,14847,6802,8045,11779,2892,176,ITH,ITH5,8,Emilia-Romagna,Emilia-Romagna,4459477,2265880,50.81,0.33
1498,2021-06-13,EMR,28694,14961,13733,24124,4272,298,ITH,ITH5,8,Emilia-Romagna,Emilia-Romagna,4459477,2294574,51.45,0.64
1499,2021-03-05,EMR,17866,5843,12023,14291,3455,120,ITH,ITH5,8,Emilia-Romagna,Emilia-Romagna,4459477,2312440,51.85,0.4
1500,2021-03-22,EMR,17647,7814,9833,10617,6862,168,ITH,ITH5,8,Emilia-Romagna,Emilia-Romagna,4459477,2330087,52.25,0.4
1501,2021-04-15,EMR,29349,13981,15368,19246,9674,429,ITH,ITH5,8,Emilia-Romagna,Emilia-Romagna,4459477,2359436,52.91,0.66
1502,2021-06-18,EMR,42493,21270,21223,16368,25855,270,ITH,ITH5,8,Emilia-Romagna,Emilia-Romagna,4459477,2401929,53.86,0.95
1503,2021-03-10,EMR,18802,7741,11061,12978,5645,179,ITH,ITH5,8,Emilia-Romagna,Emilia-Romagna,4459477,2420731,54.28,0.42
1504,2021-05-18,EMR,29111,13248,15863,18089,10535,487,ITH,ITH5,8,Emilia-Romagna,Emilia-Romagna,4459477,2449842,54.94,0.65
1505,2021-02-07,EMR,4785,1536,3249,1722,3061,2,ITH,ITH5,8,Emilia-Romagna,Emilia-Romagna,4459477,2454627,55.04,0.11
1506,2021-02-24,EMR,9352,3566,5786,8450,885,17,ITH,ITH5,8,Emilia-Romagna,Emilia-Romagna,4459477,2463979,55.25,0.21
1507,2021-01-05,EMR,9362,3171,6191,9358,0,4,ITH,ITH5,8,Emilia-Romagna,Emilia-Romagna,4459477,2473341,55.46,0.21
1508,2021-04-29,EMR,44952,21134,23818,26592,17548,812,ITH,ITH5,8,Emilia-Romagna,Emilia-Romagna,4459477,2518293,56.47,1.01
1509,2021-01-19,EMR,2046,505,1541,2028,17,1,ITH,ITH5,8,Emilia-Romagna,Emilia-Romagna,4459477,2520339,56.52,0.05
1510,2021-02-12,EMR,5314,1673,3641,3887,1403,24,ITH,ITH5,8,Emilia-Romagna,Emilia-Romagna,4459477,2525653,56.64,0.12
1511,2021-04-10,EMR,20921,9301,11620,16445,4143,333,ITH,ITH5,8,Emilia-Romagna,Emilia-Romagna,4459477,2546574,57.1,0.47
1512,2021-04-17,EMR,27303,13076,14227,17573,9345,385,ITH,ITH5,8,Emilia-Romagna,Emilia-Romagna,4459477,2573877,57.72,0.61
1513,2021-01-07,EMR,10275,3407,6868,10271,0,4,ITH,ITH5,8,Emilia-Romagna,Emilia-Romagna,4459477,2584152,57.95,0.23
1514,2021-04-03,EMR,19939,8767,11172,15954,3740,245,ITH,ITH5,8,Emilia-Romagna,Emilia-Romagna,4459477,2604091,58.39,0.45
1515,2021-05-30,EMR,27075,12792,14283,12976,13693,406,ITH,ITH5,8,Emilia-Romagna,Emilia-Romagna,4459477,2631166,59.0,0.61
1516,2021-02-19,EMR,7327,3010,4317,6800,514,13,ITH,ITH5,8,Emilia-Romagna,Emilia-Romagna,4459477,2638493,59.17,0.16
1517,2020-12-31,EMR,2215,780,1435,2214,0,1,ITH,ITH5,8,Emilia-Romagna,Emilia-Romagna,4459477,2640708,59.22,0.05
1518,2021-06-06,EMR,36564,18984,17580,31993,4406,165,ITH,ITH5,8,Emilia-Romagna,Emilia-Romagna,4459477,2677272,60.04,0.82
1519,2021-02-26,EMR,9634,3673,5961,8566,1048,20,ITH,ITH5,8,Emilia-Romagna,Emilia-Romagna,4459477,2686906,60.25,0.22
1520,2021-05-14,EMR,37259,17169,20090,26750,9610,899,ITH,ITH5,8,Emilia-Romagna,Emilia-Romagna,4459477,2724165,61.09,0.84
1521,2021-02-03,EMR,9340,2989,6351,964,8375,1,ITH,ITH5,8,Emilia-Romagna,Emilia-Romagna,4459477,2733505,61.3,0.21
1522,2021-04-01,EMR,23952,10772,13180,19064,4550,338,ITH,ITH5,8,Emilia-Romagna,Emilia-Romagna,4459477,2757457,61.83,0.54
1523,2021-02-17,EMR,6538,2764,3774,5754,772,12,ITH,ITH5,8,Emilia-Romagna,Emilia-Romagna,4459477,2763995,61.98,0.15
1524,2021-06-01,EMR,27146,13092,14054,17056,9902,188,ITH,ITH5,8,Emilia-Romagna,Emilia-Romagna,4459477,2791141,62.59,0.61
1525,2021-06-25,EMR,42486,21509,20977,19796,22274,416,ITH,ITH5,8,Emilia-Romagna,Emilia-Romagna,4459477,2833627,63.54,0.95
1526,2021-03-17,EMR,13718,5692,8026,5814,7846,58,ITH,ITH5,8,Emilia-Romagna,Emilia-Romagna,4459477,2847345,63.85,0.31
1527,2021-05-13,EMR,35793,16497,19296,27251,7806,736,ITH,ITH5,8,Emilia-Romagna,Emilia-Romagna,4459477,2883138,64.65,0.8
1528,2021-03-15,EMR,13447,6247,7200,6849,6500,98,ITH,ITH5,8,Emilia-Romagna,Emilia-Romagna,4459477,2896585,64.95,0.3
1529,2021-07-09,EMR,44606,22777,21829,5470,38850,286,ITH,ITH5,8,Emilia-Romagna,Emilia-Romagna,4459477,2941191,65.95,1.0
1530,2021-01-17,EMR,2890,887,2003,2643,246,1,ITH,ITH5,8,Emilia-Romagna,Emilia-Romagna,4459477,2944081,66.02,0.06
1531,2021-04-02,EMR,23395,10553,12842,18560,4481,354,ITH,ITH5,8,Emilia-Romagna,Emilia-Romagna,4459477,2967476,66.54,0.52
1532,2021-05-29,EMR,37847,16498,21349,16645,20684,518,ITH,ITH5,8,Emilia-Romagna,Emilia-Romagna,4459477,3005323,67.39,0.85
1533,2021-03-03,EMR,15859,5253,10606,13322,2485,52,ITH,ITH5,8,Emilia-Romagna,Emilia-Romagna,4459477,3021182,67.75,0.36
1534,2021-05-25,EMR,25119,11207,13912,11291,13404,424,ITH,ITH5,8,Emilia-Romagna,Emilia-Romagna,4459477,3046301,68.31,0.56
1535,2021-02-14,EMR,1403,378,1025,1275,120,8,ITH,ITH5,8,Emilia-Romagna,Emilia-Romagna,4459477,3047704,68.34,0.03
1536,2021-04-24,EMR,28635,13243,15392,14055,14230,350,ITH,ITH5,8,Emilia-Romagna,Emilia-Romagna,4459477,3076339,68.98,0.64
1537,2021-05-11,EMR,35786,16794,18992,27775,7254,757,ITH,ITH5,8,Emilia-Romagna,Emilia-Romagna,4459477,3112125,69.79,0.8
1538,2021-01-31,EMR,7698,2763,4935,241,7457,0,ITH,ITH5,8,Emilia-Romagna,Emilia-Romagna,4459477,3119823,69.96,0.17
1539,2021-06-29,EMR,37592,18535,19057,18522,18749,321,ITH,ITH5,8,Emilia-Romagna,Emilia-Romagna,4459477,3157415,70.8,0.84
1540,2021-03-21,EMR,11956,5296,6660,7261,4605,90,ITH,ITH5,8,Emilia-Romagna,Emilia-Romagna,4459477,3169371,71.07,0.27
1541,2021-02-09,EMR,4154,1249,2905,2306,1847,1,ITH,ITH5,8,Emilia-Romagna,Emilia-Romagna,4459477,3173525,71.16,0.09
1542,2021-05-15,EMR,33256,14985,18271,22196,10413,647,ITH,ITH5,8,Emilia-Romagna,Emilia-Romagna,4459477,3206781,71.91,0.75
1543,2021-02-04,EMR,9920,3201,6719,1229,8690,1,ITH,ITH5,8,Emilia-Romagna,Emilia-Romagna,4459477,3216701,72.13,0.22
1544,2021-05-22,EMR,33052,14136,18916,16453,16139,460,ITH,ITH5,8,Emilia-Romagna,Emilia-Romagna,4459477,3249753,72.87,0.74
1545,2021-07-18,EMR,22402,11690,10712,5566,16685,151,ITH,ITH5,8,Emilia-Romagna,Emilia-Romagna,4459477,3272155,73.38,0.5
1546,2021-04-09,EMR,25727,11667,14060,19530,5698,499,ITH,ITH5,8,Emilia-Romagna,Emilia-Romagna,4459477,3297882,73.95,0.58
1547,2021-02-02,EMR,9474,3048,6426,515,8959,0,ITH,ITH5,8,Emilia-Romagna,Emilia-Romagna,4459477,3307356,74.16,0.21
1548,2021-04-12,EMR,19246,9007,10239,14446,4447,353,ITH,ITH5,8,Emilia-Romagna,Emilia-Romagna,4459477,3326602,74.6,0.43
1549,2021-06-08,EMR,44937,23000,21937,37130,7457,350,ITH,ITH5,8,Emilia-Romagna,Emilia-Romagna,4459477,3371539,75.6,1.01
1550,2021-07-07,EMR,37702,19031,18671,13826,23624,252,ITH,ITH5,8,Emilia-Romagna,Emilia-Romagna,4459477,3409241,76.45,0.85
1551,2021-03-29,EMR,21425,9614,11811,16536,4650,239,ITH,ITH5,8,Emilia-Romagna,Emilia-Romagna,4459477,3430666,76.93,0.48
1552,2021-02-21,EMR,4450,1708,2742,4000,440,10,ITH,ITH5,8,Emilia-Romagna,Emilia-Romagna,4459477,3435116,77.03,0.1
1553,2021-07-11,EMR,30164,15118,15046,2859,27176,129,ITH,ITH5,8,Emilia-Romagna,Emilia-Romagna,4459477,3465280,77.71,0.68
1554,2021-03-31,EMR,25265,11043,14222,19492,5453,320,ITH,ITH5,8,Emilia-Romagna,Emilia-Romagna,4459477,3490545,78.27,0.57
1555,2021-07-13,EMR,48040,24609,23431,6660,41023,357,ITH,ITH5,8,Emilia-Romagna,Emilia-Romagna,4459477,3538585,79.35,1.08
1556,2021-04-28,EMR,33718,15590,18128,20253,12887,578,ITH,ITH5,8,Emilia-Romagna,Emilia-Romagna,4459477,3572303,80.11,0.76
1557,2021-06-24,EMR,40301,20167,20134,20398,19543,360,ITH,ITH5,8,Emilia-Romagna,Emilia-Romagna,4459477,3612604,81.01,0.9
1558,2021-06-10,EMR,44947,23081,21866,39099,5352,496,ITH,ITH5,8,Emilia-Romagna,Emilia-Romagna,4459477,3657551,82.02,1.01
1559,2021-03-02,EMR,12659,4272,8387,10526,2077,56,ITH,ITH5,8,Emilia-Romagna,Emilia-Romagna,4459477,3670210,82.3,0.28
1560,2021-03-19,EMR,15925,6972,8953,7799,7969,157,ITH,ITH5,8,Emilia-Romagna,Emilia-Romagna,4459477,3686135,82.66,0.36
1561,2021-04-07,EMR,26117,11890,14227,19790,6012,315,ITH,ITH5,8,Emilia-Romagna,Emilia-Romagna,4459477,3712252,83.24,0.59
1562,2021-05-27,EMR,42250,18743,23507,13623,28195,432,ITH,ITH5,8,Emilia-Romagna,Emilia-Romagna,4459477,3754502,84.19,0.95
1563,2021-02-16,EMR,5772,2446,3326,5227,531,14,ITH,ITH5,8,Emilia-Romagna,Emilia-Romagna,4459477,3760274,84.32,0.13
1564,2021-05-10,EMR,33843,16126,17717,26019,7245,579,ITH,ITH5,8,Emilia-Romagna,Emilia-Romagna,4459477,3794117,85.08,0.76
1565,2021-04-19,EMR,20901,9796,11105,14333,6273,295,ITH,ITH5,8,Emilia-Romagna,Emilia-Romagna,4459477,3815018,85.55,0.47
1566,2021-01-09,EMR,9988,3452,6536,9984,0,4,ITH,ITH5,8,Emilia-Romagna,Emilia-Romagna,4459477,3825006,85.77,0.22
1567,2021-06-15,EMR,43615,22473,21142,28040,15030,545,ITH,ITH5,8,Emilia-Romagna,Emilia-Romagna,4459477,3868621,86.75,0.98
1568,2021-03-07,EMR,7840,2959,4881,6288,1520,32,ITH,ITH5,8,Emilia-Romagna,Emilia-Romagna,4459477,3876461,86.93,0.18
1569,2021-05-03,EMR,28710,13563,15147,17372,10878,460,ITH,ITH5,8,Emilia-Romagna,Emilia-Romagna,4459477,3905171,87.57,0.64
1570,2021-02-28,EMR,6819,2527,4292,4954,1846,19,ITH,ITH5,8,Emilia-Romagna,Emilia-Romagna,4459477,3911990,87.72,0.15
1571,2021-04-26,EMR,27907,12938,14969,18029,9323,555,ITH,ITH5,8,Emilia-Romagna,Emilia-Romagna,4459477,3939897,88.35,0.63
1572,2021-01-16,EMR,5628,1718,3910,5627,0,1,ITH,ITH5,8,Emilia-Romagna,Emilia-Romagna,4459477,3945525,88.48,0.13
1573,2021-03-14,EMR,8802,3839,4963,4941,3798,63,ITH,ITH5,8,Emilia-Romagna,Emilia-Romagna,4459477,3954327,88.67,0.2
1574,2021-01-02,EMR,2379,917,1462,2379,0,0,ITH,ITH5,8,Emilia-Romagna,Emilia-Romagna,4459477,3956706,88.73,0.05
1575,2021-06-05,EMR,44251,22359,21892,36970,6903,378,ITH,ITH5,8,Emilia-Romagna,Emilia-Romagna,4459477,4000957,89.72,0.99
1576,2021-06-22,EMR,36341,18088,18253,16521,19560,260,ITH,ITH5,8,Emilia-Romagna,Emilia-Romagna,4459477,4037298,90.53,0.81
1577,2021-07-06,EMR,36597,18391,18206,13197,23105,295,ITH,ITH5,8,Emilia-Romagna,Emilia-Romagna,4459477,4073895,91.35,0.82
1578,2021-05-17,EMR,32406,15394,17012,22365,9500,541,ITH,ITH5,8,Emilia-Romagna,Emilia-Romagna,4459477,4106301,92.08,0.73
1579,2021-07-04,EMR,24227,12043,12184,10432,13584,211,ITH,ITH5,8,Emilia-Romagna,Emilia-Romagna,4459477,4130528,92.62,0.54
1580,2021-03-26,EMR,23706,10111,13595,16999,6437,270,ITH,ITH5,8,Emilia-Romagna,Emilia-Romagna,4459477,4154234,93.16,0.53
1581,2021-06-17,EMR,46304,23404,22900,21809,24140,355,ITH,ITH5,8,Emilia-Romagna,Emilia-Romagna,4459477,4200538,94.19,1.04
1582,2021-01-14,EMR,8129,2593,5536,8119,0,10,ITH,ITH5,8,Emilia-Romagna,Emilia-Romagna,4459477,4208667,94.38,0.18
1583,2021-04-21,EMR,23961,10964,12997,13856,9745,360,ITH,ITH5,8,Emilia-Romagna,Emilia-Romagna,4459477,4232628,94.91,0.54
1584,2021-05-08,EMR,32345,15095,17250,20375,11421,549,ITH,ITH5,8,Emilia-Romagna,Emilia-Romagna,4459477,4264973,95.64,0.73
1585,2021-01-28,EMR,10255,3339,6916,348,9907,0,ITH,ITH5,8,Emilia-Romagna,Emilia-Romagna,4459477,4275228,95.87,0.23
1586,2021-04-13,EMR,23715,11127,12588,19026,4342,347,ITH,ITH5,8,Emilia-Romagna,Emilia-Romagna,4459477,4298943,96.4,0.53
1587,2021-01-03,EMR,2763,943,1820,2763,0,0,ITH,ITH5,8,Emilia-Romagna,Emilia-Romagna,4459477,4301706,96.46,0.06
1588,2021-05-02,EMR,25578,11651,13927,13186,11990,402,ITH,ITH5,8,Emilia-Romagna,Emilia-Romagna,4459477,4327284,97.04,0.57
1589,2021-01-22,EMR,1829,477,1352,1086,741,2,ITH,ITH5,8,Emilia-Romagna,Emilia-Romagna,4459477,4329113,97.08,0.04
1590,2021-02-08,EMR,5231,1534,3697,2315,2913,3,ITH,ITH5,8,Emilia-Romagna,Emilia-Romagna,4459477,4334344,97.19,0.12
1591,2021-05-16,EMR,25847,12170,13677,18356,7113,378,ITH,ITH5,8,Emilia-Romagna,Emilia-Romagna,4459477,4360191,97.77,0.58
1592,2021-02-22,EMR,7482,3091,4391,7197,272,13,ITH,ITH5,8,Emilia-Romagna,Emilia-Romagna,4459477,4367673,97.94,0.17
1593,2021-05-01,EMR,28405,12775,15630,15268,12777,360,ITH,ITH5,8,Emilia-Romagna,Emilia-Romagna,4459477,4396078,98.58,0.64
1594,2021-02-05,EMR,9290,2956,6334,1601,7683,6,ITH,ITH5,8,Emilia-Romagna,Emilia-Romagna,4459477,4405368,98.79,0.21
1595,2021-06-20,EMR,30704,15582,15122,15931,14647,126,ITH,ITH5,8,Emilia-Romagna,Emilia-Romagna,4459477,4436072,99.48,0.69
1596,2021-04-14,EMR,27043,12844,14199,20512,6104,427,ITH,ITH5,8,Emilia-Romagna,Emilia-Romagna,4459477,4463115,100.08,0.61
1597,2021-01-21,EMR,2165,729,1436,819,1346,0,ITH,ITH5,8,Emilia-Romagna,Emilia-Romagna,4459477,4465280,100.13,0.05
1598,2021-06-03,EMR,37877,18426,19451,30100,7519,258,ITH,ITH5,8,Emilia-Romagna,Emilia-Romagna,4459477,4503157,100.98,0.85
1599,2021-02-23,EMR,8216,3219,4997,7819,386,11,ITH,ITH5,8,Emilia-Romagna,Emilia-Romagna,4459477,4511373,101.16,0.18
1600,2021-03-12,EMR,18306,7701,10605,11305,6717,284,ITH,ITH5,8,Emilia-Romagna,Emilia-Romagna,4459477,4529679,101.57,0.41
1601,2021-04-26,LIG,10561,4982,5579,7821,2636,104,ITC,ITC3,7,Liguria,Liguria,1550640,10561,0.68,0.68
1602,2021-01-16,LIG,1278,557,721,1273,0,5,ITC,ITC3,7,Liguria,Liguria,1550640,11839,0.76,0.08
1603,2021-02-02,LIG,2671,1005,1666,127,2542,2,ITC,ITC3,7,Liguria,Liguria,1550640,14510,0.94,0.17
1604,2021-04-28,LIG,14446,6520,7926,6344,7986,116,ITC,ITC3,7,Liguria,Liguria,1550640,28956,1.87,0.93
1605,2021-02-04,LIG,2817,987,1830,178,2639,0,ITC,ITC3,7,Liguria,Liguria,1550640,31773,2.05,0.18
1606,2021-05-15,LIG,7308,3265,4043,4275,2955,78,ITC,ITC3,7,Liguria,Liguria,1550640,39081,2.52,0.47
1607,2021-02-21,LIG,869,491,378,857,4,8,ITC,ITC3,7,Liguria,Liguria,1550640,39950,2.58,0.06
1608,2021-07-18,LIG,1616,860,756,268,1347,1,ITC,ITC3,7,Liguria,Liguria,1550640,41566,2.68,0.1
1609,2021-06-05,LIG,8098,4116,3982,4946,3152,0,ITC,ITC3,7,Liguria,Liguria,1550640,49664,3.2,0.52
1610,2021-04-09,LIG,12468,5561,6907,10551,1777,140,ITC,ITC3,7,Liguria,Liguria,1550640,62132,4.01,0.8
1611,2021-03-31,LIG,11926,5276,6650,9048,2770,108,ITC,ITC3,7,Liguria,Liguria,1550640,74058,4.78,0.77
1612,2021-02-16,LIG,2427,956,1471,1995,423,9,ITC,ITC3,7,Liguria,Liguria,1550640,76485,4.93,0.16
1613,2021-05-27,LIG,16898,8664,8234,12578,4152,168,ITC,ITC3,7,Liguria,Liguria,1550640,93383,6.02,1.09
1614,2021-04-14,LIG,13075,5671,7404,10751,2201,123,ITC,ITC3,7,Liguria,Liguria,1550640,106458,6.87,0.84
1615,2021-05-29,LIG,6864,3252,3612,3975,2870,19,ITC,ITC3,7,Liguria,Liguria,1550640,113322,7.31,0.44
1616,2021-02-09,LIG,1952,694,1258,264,1686,2,ITC,ITC3,7,Liguria,Liguria,1550640,115274,7.43,0.13
1617,2021-03-26,LIG,9337,4029,5308,6069,3156,112,ITC,ITC3,7,Liguria,Liguria,1550640,124611,8.04,0.6
1618,2021-07-04,LIG,4850,2579,2271,3842,993,15,ITC,ITC3,7,Liguria,Liguria,1550640,129461,8.35,0.31
1619,2021-01-02,LIG,691,245,446,691,0,0,ITC,ITC3,7,Liguria,Liguria,1550640,130152,8.39,0.04
1620,2021-06-15,LIG,17404,8461,8943,9326,8064,14,ITC,ITC3,7,Liguria,Liguria,1550640,147556,9.52,1.12
1621,2021-02-11,LIG,1988,771,1217,1094,885,9,ITC,ITC3,7,Liguria,Liguria,1550640,149544,9.64,0.13
1622,2021-05-22,LIG,6649,3220,3429,4870,1684,95,ITC,ITC3,7,Liguria,Liguria,1550640,156193,10.07,0.43
1623,2021-06-10,LIG,18745,9675,9070,13118,5623,4,ITC,ITC3,7,Liguria,Liguria,1550640,174938,11.28,1.21
1624,2021-03-19,LIG,5296,2234,3062,2095,3146,55,ITC,ITC3,7,Liguria,Liguria,1550640,180234,11.62,0.34
1625,2021-03-02,LIG,4074,1689,2385,3753,310,11,ITC,ITC3,7,Liguria,Liguria,1550640,184308,11.89,0.26
1626,2021-07-11,LIG,2139,1189,950,1234,896,9,ITC,ITC3,7,Liguria,Liguria,1550640,186447,12.02,0.14
1627,2021-06-24,LIG,11100,5422,5678,6259,4829,12,ITC,ITC3,7,Liguria,Liguria,1550640,197547,12.74,0.72
1628,2021-04-02,LIG,11789,5219,6570,9207,2487,95,ITC,ITC3,7,Liguria,Liguria,1550640,209336,13.5,0.76
1629,2021-03-14,LIG,1659,752,907,1033,604,22,ITC,ITC3,7,Liguria,Liguria,1550640,210995,13.61,0.11
1630,2021-06-22,LIG,15793,7456,8337,7653,8116,24,ITC,ITC3,7,Liguria,Liguria,1550640,226788,14.63,1.02
1631,2021-07-06,LIG,12270,6039,6231,5681,6554,35,ITC,ITC3,7,Liguria,Liguria,1550640,239058,15.42,0.79
1632,2021-05-10,LIG,12648,5642,7006,6210,6374,64,ITC,ITC3,7,Liguria,Liguria,1550640,251706,16.23,0.82
1633,2021-05-03,LIG,13283,5926,7357,6334,6815,134,ITC,ITC3,7,Liguria,Liguria,1550640,264989,17.09,0.86
1634,2021-03-21,LIG,550,220,330,69,481,0,ITC,ITC3,7,Liguria,Liguria,1550640,265539,17.12,0.04
1635,2021-01-23,LIG,809,295,514,153,656,0,ITC,ITC3,7,Liguria,Liguria,1550640,266348,17.18,0.05
1636,2021-02-28,LIG,1058,580,478,1042,9,7,ITC,ITC3,7,Liguria,Liguria,1550640,267406,17.24,0.07
1637,2021-01-28,LIG,2848,972,1876,39,2809,0,ITC,ITC3,7,Liguria,Liguria,1550640,270254,17.43,0.18
1638,2020-12-28,LIG,80,30,50,80,0,0,ITC,ITC3,7,Liguria,Liguria,1550640,270334,17.43,0.01
1639,2021-06-03,LIG,15523,7693,7830,9149,6366,8,ITC,ITC3,7,Liguria,Liguria,1550640,285857,18.43,1.0
1640,2021-04-07,LIG,13679,6108,7571,11301,2288,90,ITC,ITC3,7,Liguria,Liguria,1550640,299536,19.32,0.88
1641,2021-02-23,LIG,3806,1559,2247,3657,109,40,ITC,ITC3,7,Liguria,Liguria,1550640,303342,19.56,0.25
1642,2021-06-14,LIG,15108,7290,7818,8258,6848,2,ITC,ITC3,7,Liguria,Liguria,1550640,318450,20.54,0.97
1643,2021-02-25,LIG,3457,1349,2108,3307,130,20,ITC,ITC3,7,Liguria,Liguria,1550640,321907,20.76,0.22
1644,2020-12-30,LIG,12,5,7,12,0,0,ITC,ITC3,7,Liguria,Liguria,1550640,321919,20.76,0.0
1645,2021-07-03,LIG,8798,4356,4442,5476,3310,12,ITC,ITC3,7,Liguria,Liguria,1550640,330717,21.33,0.57
1646,2021-04-11,LIG,4247,1929,2318,3943,249,55,ITC,ITC3,7,Liguria,Liguria,1550640,334964,21.6,0.27
1647,2021-04-23,LIG,14678,6639,8039,8447,6119,112,ITC,ITC3,7,Liguria,Liguria,1550640,349642,22.55,0.95
1648,2021-03-11,LIG,6399,3089,3310,4331,2011,57,ITC,ITC3,7,Liguria,Liguria,1550640,356041,22.96,0.41
1649,2021-01-13,LIG,2758,1014,1744,2757,0,1,ITC,ITC3,7,Liguria,Liguria,1550640,358799,23.14,0.18
1650,2021-03-07,LIG,1915,1138,777,1590,301,24,ITC,ITC3,7,Liguria,Liguria,1550640,360714,23.26,0.12
1651,2021-06-17,LIG,16647,7909,8738,9111,7519,17,ITC,ITC3,7,Liguria,Liguria,1550640,377361,24.34,1.07
1652,2021-04-21,LIG,14271,6446,7825,8845,5329,97,ITC,ITC3,7,Liguria,Liguria,1550640,391632,25.26,0.92
1653,2021-05-08,LIG,7528,3334,4194,2270,5214,44,ITC,ITC3,7,Liguria,Liguria,1550640,399160,25.74,0.49
1654,2021-01-25,LIG,2727,889,1838,477,2249,1,ITC,ITC3,7,Liguria,Liguria,1550640,401887,25.92,0.18
1655,2021-05-05,LIG,13715,6138,7577,5194,8418,103,ITC,ITC3,7,Liguria,Liguria,1550640,415602,26.8,0.88
1656,2021-01-09,LIG,1335,481,854,1334,0,1,ITC,ITC3,7,Liguria,Liguria,1550640,416937,26.89,0.09
1657,2021-04-19,LIG,12836,5619,7217,8915,3831,90,ITC,ITC3,7,Liguria,Liguria,1550640,429773,27.72,0.83
1658,2021-07-13,LIG,13052,6417,6635,3498,9534,20,ITC,ITC3,7,Liguria,Liguria,1550640,442825,28.56,0.84
1659,2021-06-29,LIG,15160,7220,7940,8697,6431,32,ITC,ITC3,7,Liguria,Liguria,1550640,457985,29.54,0.98
1660,2021-05-17,LIG,12026,5520,6506,8654,3322,50,ITC,ITC3,7,Liguria,Liguria,1550640,470011,30.31,0.78
1661,2021-01-30,LIG,1661,567,1094,23,1637,1,ITC,ITC3,7,Liguria,Liguria,1550640,471672,30.42,0.11
1662,2021-03-28,LIG,1141,511,630,378,751,12,ITC,ITC3,7,Liguria,Liguria,1550640,472813,30.49,0.07
1663,2021-01-21,LIG,1106,385,721,674,431,1,ITC,ITC3,7,Liguria,Liguria,1550640,473919,30.56,0.07
1664,2021-01-14,LIG,2982,1055,1927,2980,0,2,ITC,ITC3,7,Liguria,Liguria,1550640,476901,30.76,0.19
1665,2021-03-12,LIG,6216,2873,3343,3688,2471,57,ITC,ITC3,7,Liguria,Liguria,1550640,483117,31.16,0.4
1666,2021-03-04,LIG,4738,2118,2620,3834,847,57,ITC,ITC3,7,Liguria,Liguria,1550640,487855,31.46,0.31
1667,2021-06-12,LIG,10230,4974,5256,7478,2752,0,ITC,ITC3,7,Liguria,Liguria,1550640,498085,32.12,0.66
1668,2021-04-30,LIG,14420,6440,7980,5733,8568,119,ITC,ITC3,7,Liguria,Liguria,1550640,512505,33.05,0.93
1669,2021-01-18,LIG,2143,747,1396,1984,157,2,ITC,ITC3,7,Liguria,Liguria,1550640,514648,33.19,0.14
1670,2021-01-04,LIG,2616,855,1761,2615,0,1,ITC,ITC3,7,Liguria,Liguria,1550640,517264,33.36,0.17
1671,2021-06-21,LIG,14821,7032,7789,8571,6235,15,ITC,ITC3,7,Liguria,Liguria,1550640,532085,34.31,0.96
1672,2021-04-16,LIG,12001,5293,6708,10008,1829,164,ITC,ITC3,7,Liguria,Liguria,1550640,544086,35.09,0.77
1673,2021-01-06,LIG,1664,618,1046,1661,0,3,ITC,ITC3,7,Liguria,Liguria,1550640,545750,35.2,0.11
1674,2021-06-02,LIG,8529,4341,4188,5361,3168,0,ITC,ITC3,7,Liguria,Liguria,1550640,554279,35.75,0.55
1675,2021-06-19,LIG,7409,3775,3634,5727,1666,16,ITC,ITC3,7,Liguria,Liguria,1550640,561688,36.22,0.48
1676,2021-02-18,LIG,2769,1126,1643,2423,335,11,ITC,ITC3,7,Liguria,Liguria,1550640,564457,36.4,0.18
1677,2021-05-14,LIG,13106,5838,7268,8594,4327,185,ITC,ITC3,7,Liguria,Liguria,1550640,577563,37.25,0.85
1678,2021-05-31,LIG,14644,7330,7314,9045,5514,85,ITC,ITC3,7,Liguria,Liguria,1550640,592207,38.19,0.94
1679,2021-03-16,LIG,6083,2731,3352,2309,3733,41,ITC,ITC3,7,Liguria,Liguria,1550640,598290,38.58,0.39
1680,2021-02-06,LIG,1892,768,1124,145,1747,0,ITC,ITC3,7,Liguria,Liguria,1550640,600182,38.71,0.12
1681,2021-03-06,LIG,3304,1842,1462,2550,705,49,ITC,ITC3,7,Liguria,Liguria,1550640,603486,38.92,0.21
1682,2021-01-22,LIG,1819,604,1215,1330,486,3,ITC,ITC3,7,Liguria,Liguria,1550640,605305,39.04,0.12
1683,2021-05-02,LIG,3978,1836,2142,505,3467,6,ITC,ITC3,7,Liguria,Liguria,1550640,609283,39.29,0.26
1684,2021-05-04,LIG,13650,6088,7562,5335,8229,86,ITC,ITC3,7,Liguria,Liguria,1550640,622933,40.17,0.88
1685,2021-07-01,LIG,13505,6509,6996,7346,6126,33,ITC,ITC3,7,Liguria,Liguria,1550640,636438,41.04,0.87
1686,2021-05-19,LIG,13571,5962,7609,10306,3120,145,ITC,ITC3,7,Liguria,Liguria,1550640,650009,41.92,0.88
1687,2021-03-23,LIG,9273,4221,5052,5981,3209,83,ITC,ITC3,7,Liguria,Liguria,1550640,659282,42.52,0.6
1688,2021-07-15,LIG,14599,7381,7218,5217,9330,52,ITC,ITC3,7,Liguria,Liguria,1550640,673881,43.46,0.94
1689,2021-02-01,LIG,2559,923,1636,90,2469,0,ITC,ITC3,7,Liguria,Liguria,1550640,676440,43.62,0.17
1690,2021-07-08,LIG,13579,6687,6892,6185,7357,37,ITC,ITC3,7,Liguria,Liguria,1550640,690019,44.5,0.88
1691,2021-05-12,LIG,12037,5453,6584,6577,5348,112,ITC,ITC3,7,Liguria,Liguria,1550640,702056,45.28,0.78
1692,2021-05-26,LIG,16667,8416,8251,12138,4374,155,ITC,ITC3,7,Liguria,Liguria,1550640,718723,46.35,1.07
1693,2021-03-30,LIG,12214,5428,6786,8738,3388,88,ITC,ITC3,7,Liguria,Liguria,1550640,730937,47.14,0.79
1694,2021-06-28,LIG,11595,5605,5990,7255,4300,40,ITC,ITC3,7,Liguria,Liguria,1550640,742532,47.89,0.75
1695,2021-03-20,LIG,2316,995,1321,1124,1174,18,ITC,ITC3,7,Liguria,Liguria,1550640,744848,48.03,0.15
1696,2021-06-30,LIG,15051,7180,7871,8219,6789,43,ITC,ITC3,7,Liguria,Liguria,1550640,759899,49.01,0.97
1697,2021-01-15,LIG,2257,755,1502,2252,0,5,ITC,ITC3,7,Liguria,Liguria,1550640,762156,49.15,0.15
1698,2021-06-16,LIG,15985,7690,8295,8978,6997,10,ITC,ITC3,7,Liguria,Liguria,1550640,778141,50.18,1.03
1699,2021-03-08,LIG,5624,2459,3165,3894,1689,41,ITC,ITC3,7,Liguria,Liguria,1550640,783765,50.54,0.36
1700,2021-03-25,LIG,9769,4232,5537,6229,3392,148,ITC,ITC3,7,Liguria,Liguria,1550640,793534,51.17,0.63
1701,2021-01-01,LIG,144,55,89,144,0,0,ITC,ITC3,7,Liguria,Liguria,1550640,793678,51.18,0.01
1702,2021-03-09,LIG,5932,2754,3178,4440,1431,61,ITC,ITC3,7,Liguria,Liguria,1550640,799610,51.57,0.38
1703,2021-02-20,LIG,1335,637,698,1330,1,4,ITC,ITC3,7,Liguria,Liguria,1550640,800945,51.65,0.09
1704,2021-05-16,LIG,3705,1862,1843,2118,1560,27,ITC,ITC3,7,Liguria,Liguria,1550640,804650,51.89,0.24
1705,2021-02-22,LIG,3343,1476,1867,3191,142,10,ITC,ITC3,7,Liguria,Liguria,1550640,807993,52.11,0.22
1706,2021-01-11,LIG,2654,991,1663,2653,0,1,ITC,ITC3,7,Liguria,Liguria,1550640,810647,52.28,0.17
1707,2021-07-12,LIG,13372,6419,6953,4163,9180,29,ITC,ITC3,7,Liguria,Liguria,1550640,824019,53.14,0.86
1708,2021-01-10,LIG,648,262,386,644,0,4,ITC,ITC3,7,Liguria,Liguria,1550640,824667,53.18,0.04
1709,2021-04-20,LIG,14240,6520,7720,9733,4352,155,ITC,ITC3,7,Liguria,Liguria,1550640,838907,54.1,0.92
1710,2021-06-11,LIG,17816,9074,8742,11748,6066,2,ITC,ITC3,7,Liguria,Liguria,1550640,856723,55.25,1.15
1711,2021-04-15,LIG,11845,5238,6607,9889,1851,105,ITC,ITC3,7,Liguria,Liguria,1550640,868568,56.01,0.76
1712,2021-04-08,LIG,13787,6179,7608,11589,2045,153,ITC,ITC3,7,Liguria,Liguria,1550640,882355,56.9,0.89
1713,2021-07-17,LIG,6485,3346,3139,1807,4674,4,ITC,ITC3,7,Liguria,Liguria,1550640,888840,57.32,0.42
1714,2021-06-04,LIG,14739,7235,7504,9246,5487,6,ITC,ITC3,7,Liguria,Liguria,1550640,903579,58.27,0.95
1715,2021-04-06,LIG,13248,5902,7346,10882,2260,106,ITC,ITC3,7,Liguria,Liguria,1550640,916827,59.13,0.85
1716,2021-02-08,LIG,1979,742,1237,306,1673,0,ITC,ITC3,7,Liguria,Liguria,1550640,918806,59.25,0.13
1717,2020-12-27,LIG,135,56,79,134,0,1,ITC,ITC3,7,Liguria,Liguria,1550640,918941,59.26,0.01
1718,2021-05-09,LIG,2824,1244,1580,1086,1709,29,ITC,ITC3,7,Liguria,Liguria,1550640,921765,59.44,0.18
1719,2021-01-29,LIG,3082,1064,2018,67,3015,0,ITC,ITC3,7,Liguria,Liguria,1550640,924847,59.64,0.2
1720,2021-01-20,LIG,1555,556,999,1542,12,1,ITC,ITC3,7,Liguria,Liguria,1550640,926402,59.74,0.1
1721,2021-04-25,LIG,1935,920,1015,1506,415,14,ITC,ITC3,7,Liguria,Liguria,1550640,928337,59.87,0.12
1722,2021-03-13,LIG,3849,1637,2212,2949,855,45,ITC,ITC3,7,Liguria,Liguria,1550640,932186,60.12,0.25
1723,2021-06-23,LIG,14281,6830,7451,9077,5185,19,ITC,ITC3,7,Liguria,Liguria,1550640,946467,61.04,0.92
1724,2021-02-14,LIG,233,122,111,233,0,0,ITC,ITC3,7,Liguria,Liguria,1550640,946700,61.05,0.02
1725,2021-05-25,LIG,14121,6867,7254,10814,3179,128,ITC,ITC3,7,Liguria,Liguria,1550640,960821,61.96,0.91
1726,2021-04-27,LIG,14779,6681,8098,7109,7587,83,ITC,ITC3,7,Liguria,Liguria,1550640,975600,62.92,0.95
1727,2021-02-03,LIG,2316,791,1525,54,2262,0,ITC,ITC3,7,Liguria,Liguria,1550640,977916,63.07,0.15
1728,2021-04-29,LIG,15582,6979,8603,6587,8843,152,ITC,ITC3,7,Liguria,Liguria,1550640,993498,64.07,1.0
1729,2021-04-12,LIG,12389,5476,6913,10276,2019,94,ITC,ITC3,7,Liguria,Liguria,1550640,1005887,64.87,0.8
1730,2021-01-19,LIG,1374,439,935,1280,90,4,ITC,ITC3,7,Liguria,Liguria,1550640,1007261,64.96,0.09
1731,2021-02-17,LIG,2690,1182,1508,2252,426,12,ITC,ITC3,7,Liguria,Liguria,1550640,1009951,65.13,0.17
1732,2021-05-28,LIG,16279,8128,8151,11597,4538,144,ITC,ITC3,7,Liguria,Liguria,1550640,1026230,66.18,1.05
1733,2021-01-05,LIG,2879,896,1983,2879,0,0,ITC,ITC3,7,Liguria,Liguria,1550640,1029109,66.37,0.19
1734,2021-03-03,LIG,4581,1847,2734,3444,1027,110,ITC,ITC3,7,Liguria,Liguria,1550640,1033690,66.66,0.3
1735,2021-03-27,LIG,3932,1549,2383,2485,1395,52,ITC,ITC3,7,Liguria,Liguria,1550640,1037622,66.92,0.25
1736,2021-07-05,LIG,11856,5752,6104,5340,6480,36,ITC,ITC3,7,Liguria,Liguria,1550640,1049478,67.68,0.76
1737,2021-04-13,LIG,13080,5868,7212,10943,2025,112,ITC,ITC3,7,Liguria,Liguria,1550640,1062558,68.52,0.84
1738,2021-05-13,LIG,13297,6081,7216,8882,4247,168,ITC,ITC3,7,Liguria,Liguria,1550640,1075855,69.38,0.86
1739,2021-02-19,LIG,3219,1306,1913,2988,176,55,ITC,ITC3,7,Liguria,Liguria,1550640,1079074,69.59,0.21
1740,2021-07-09,LIG,12790,6306,6484,4228,8543,19,ITC,ITC3,7,Liguria,Liguria,1550640,1091864,70.41,0.82
1741,2021-04-05,LIG,3978,1753,2225,2303,1649,26,ITC,ITC3,7,Liguria,Liguria,1550640,1095842,70.67,0.26
1742,2021-07-16,LIG,12561,6191,6370,3146,9377,38,ITC,ITC3,7,Liguria,Liguria,1550640,1108403,71.48,0.81
1743,2021-02-15,LIG,2262,839,1423,1855,397,10,ITC,ITC3,7,Liguria,Liguria,1550640,1110665,71.63,0.15
1744,2021-01-03,LIG,734,230,504,732,0,2,ITC,ITC3,7,Liguria,Liguria,1550640,1111399,71.67,0.05
1745,2021-05-23,LIG,2305,1119,1186,1169,1123,13,ITC,ITC3,7,Liguria,Liguria,1550640,1113704,71.82,0.15
1746,2021-03-01,LIG,3539,1447,2092,3383,136,20,ITC,ITC3,7,Liguria,Liguria,1550640,1117243,72.05,0.23
1747,2021-06-09,LIG,19043,9557,9486,12482,6557,4,ITC,ITC3,7,Liguria,Liguria,1550640,1136286,73.28,1.23
1748,2021-04-03,LIG,5407,2499,2908,4428,943,36,ITC,ITC3,7,Liguria,Liguria,1550640,1141693,73.63,0.35
1749,2021-03-22,LIG,7747,3469,4278,4736,2938,73,ITC,ITC3,7,Liguria,Liguria,1550640,1149440,74.13,0.5
1750,2021-02-07,LIG,407,153,254,2,405,0,ITC,ITC3,7,Liguria,Liguria,1550640,1149847,74.15,0.03
1751,2021-05-18,LIG,13466,6120,7346,10036,3293,137,ITC,ITC3,7,Liguria,Liguria,1550640,1163313,75.02,0.87
1752,2021-05-20,LIG,12875,5976,6899,8722,4026,127,ITC,ITC3,7,Liguria,Liguria,1550640,1176188,75.85,0.83
1753,2021-02-24,LIG,3764,1560,2204,3448,258,58,ITC,ITC3,7,Liguria,Liguria,1550640,1179952,76.09,0.24
1754,2020-12-29,LIG,125,33,92,125,0,0,ITC,ITC3,7,Liguria,Liguria,1550640,1180077,76.1,0.01
1755,2021-01-12,LIG,2473,889,1584,2472,0,1,ITC,ITC3,7,Liguria,Liguria,1550640,1182550,76.26,0.16
1756,2021-04-22,LIG,13863,6211,7652,8641,5084,138,ITC,ITC3,7,Liguria,Liguria,1550640,1196413,77.16,0.89
1757,2021-05-30,LIG,3302,1613,1689,1348,1941,13,ITC,ITC3,7,Liguria,Liguria,1550640,1199715,77.37,0.21
1758,2021-06-01,LIG,16162,8117,8045,10793,5365,4,ITC,ITC3,7,Liguria,Liguria,1550640,1215877,78.41,1.04
1759,2021-06-18,LIG,15387,7490,7897,8179,7190,18,ITC,ITC3,7,Liguria,Liguria,1550640,1231264,79.4,0.99
1760,2021-03-10,LIG,5901,2862,3039,3929,1907,65,ITC,ITC3,7,Liguria,Liguria,1550640,1237165,79.78,0.38
1761,2021-02-05,LIG,2684,988,1696,305,2378,1,ITC,ITC3,7,Liguria,Liguria,1550640,1239849,79.96,0.17
1762,2021-03-24,LIG,9181,4034,5147,5809,3287,85,ITC,ITC3,7,Liguria,Liguria,1550640,1249030,80.55,0.59
1763,2021-07-02,LIG,12928,6349,6579,6433,6464,31,ITC,ITC3,7,Liguria,Liguria,1550640,1261958,81.38,0.83
1764,2020-12-31,LIG,990,353,637,990,0,0,ITC,ITC3,7,Liguria,Liguria,1550640,1262948,81.45,0.06
1765,2021-04-10,LIG,7888,3561,4327,6890,914,84,ITC,ITC3,7,Liguria,Liguria,1550640,1270836,81.96,0.51
1766,2021-01-17,LIG,866,301,565,865,0,1,ITC,ITC3,7,Liguria,Liguria,1550640,1271702,82.01,0.06
1767,2021-05-11,LIG,13917,6390,7527,7181,6617,119,ITC,ITC3,7,Liguria,Liguria,1550640,1285619,82.91,0.9
1768,2021-03-29,LIG,10581,4620,5961,7344,3132,105,ITC,ITC3,7,Liguria,Liguria,1550640,1296200,83.59,0.68
1769,2021-01-31,LIG,624,270,354,9,615,0,ITC,ITC3,7,Liguria,Liguria,1550640,1296824,83.63,0.04
1770,2021-07-07,LIG,11719,5625,6094,4956,6745,18,ITC,ITC3,7,Liguria,Liguria,1550640,1308543,84.39,0.76
1771,2021-01-07,LIG,3226,1095,2131,3223,0,3,ITC,ITC3,7,Liguria,Liguria,1550640,1311769,84.6,0.21
1772,2021-06-13,LIG,5616,2695,2921,5162,454,0,ITC,ITC3,7,Liguria,Liguria,1550640,1317385,84.96,0.36
1773,2021-04-17,LIG,7386,3219,4167,6564,751,71,ITC,ITC3,7,Liguria,Liguria,1550640,1324771,85.43,0.48
1774,2021-05-01,LIG,7143,3257,3886,1303,5801,39,ITC,ITC3,7,Liguria,Liguria,1550640,1331914,85.89,0.46
1775,2021-03-05,LIG,4869,2150,2719,3674,1132,63,ITC,ITC3,7,Liguria,Liguria,1550640,1336783,86.21,0.31
1776,2021-06-06,LIG,3809,2031,1778,2947,862,0,ITC,ITC3,7,Liguria,Liguria,1550640,1340592,86.45,0.25
1777,2021-01-24,LIG,756,237,519,113,643,0,ITC,ITC3,7,Liguria,Liguria,1550640,1341348,86.5,0.05
1778,2021-06-27,LIG,1944,892,1052,691,1243,10,ITC,ITC3,7,Liguria,Liguria,1550640,1343292,86.63,0.13
1779,2021-02-12,LIG,1937,691,1246,895,1040,2,ITC,ITC3,7,Liguria,Liguria,1550640,1345229,86.75,0.12
1780,2021-03-15,LIG,7245,3096,4149,4490,2706,49,ITC,ITC3,7,Liguria,Liguria,1550640,1352474,87.22,0.47
1781,2021-04-24,LIG,8218,3795,4423,4959,3152,107,ITC,ITC3,7,Liguria,Liguria,1550640,1360692,87.75,0.53
1782,2021-02-26,LIG,3766,1524,2242,3412,329,25,ITC,ITC3,7,Liguria,Liguria,1550640,1364458,87.99,0.24
1783,2021-06-20,LIG,1333,658,675,1051,275,7,ITC,ITC3,7,Liguria,Liguria,1550640,1365791,88.08,0.09
1784,2021-05-24,LIG,11829,5565,6264,9232,2495,102,ITC,ITC3,7,Liguria,Liguria,1550640,1377620,88.84,0.76
1785,2021-05-07,LIG,13593,6040,7553,5733,7792,68,ITC,ITC3,7,Liguria,Liguria,1550640,1391213,89.72,0.88
1786,2021-02-13,LIG,1080,508,572,797,280,3,ITC,ITC3,7,Liguria,Liguria,1550640,1392293,89.79,0.07
1787,2021-06-07,LIG,15685,7654,8031,8666,7012,7,ITC,ITC3,7,Liguria,Liguria,1550640,1407978,90.8,1.01
1788,2021-06-26,LIG,7153,3322,3831,4494,2649,10,ITC,ITC3,7,Liguria,Liguria,1550640,1415131,91.26,0.46
1789,2021-07-10,LIG,6863,3465,3398,2751,4104,8,ITC,ITC3,7,Liguria,Liguria,1550640,1421994,91.7,0.44
1790,2021-04-04,LIG,756,366,390,499,249,8,ITC,ITC3,7,Liguria,Liguria,1550640,1422750,91.75,0.05
1791,2021-04-18,LIG,2613,1164,1449,2074,468,71,ITC,ITC3,7,Liguria,Liguria,1550640,1425363,91.92,0.17
1792,2021-01-08,LIG,2930,999,1931,2928,0,2,ITC,ITC3,7,Liguria,Liguria,1550640,1428293,92.11,0.19
1793,2021-01-27,LIG,1744,603,1141,140,1603,1,ITC,ITC3,7,Liguria,Liguria,1550640,1430037,92.22,0.11
1794,2021-05-21,LIG,12845,5956,6889,9576,3126,143,ITC,ITC3,7,Liguria,Liguria,1550640,1442882,93.05,0.83
1795,2021-02-27,LIG,1888,921,967,1750,129,9,ITC,ITC3,7,Liguria,Liguria,1550640,1444770,93.17,0.12
1796,2021-02-10,LIG,2316,837,1479,1015,1297,4,ITC,ITC3,7,Liguria,Liguria,1550640,1447086,93.32,0.15
1797,2021-03-18,LIG,4986,2124,2862,1972,2979,35,ITC,ITC3,7,Liguria,Liguria,1550640,1452072,93.64,0.32
1798,2021-04-01,LIG,12427,5511,6916,9568,2770,89,ITC,ITC3,7,Liguria,Liguria,1550640,1464499,94.44,0.8
1799,2021-06-08,LIG,18085,9020,9065,11449,6629,7,ITC,ITC3,7,Liguria,Liguria,1550640,1482584,95.61,1.17
1800,2021-03-17,LIG,5552,2368,3184,2451,3079,22,ITC,ITC3,7,Liguria,Liguria,1550640,1488136,95.97,0.36
1801,2021-06-25,LIG,13772,6591,7181,6881,6877,14,ITC,ITC3,7,Liguria,Liguria,1550640,1501908,96.86,0.89
1802,2021-07-14,LIG,11418,5627,5791,3435,7958,25,ITC,ITC3,7,Liguria,Liguria,1550640,1513326,97.59,0.74
1803,2021-05-06,LIG,14522,6442,8080,6039,8327,156,ITC,ITC3,7,Liguria,Liguria,1550640,1527848,98.53,0.94
1804,2021-01-26,LIG,2488,807,1681,16,2472,0,ITC,ITC3,7,Liguria,Liguria,1550640,1530336,98.69,0.16
1805,2021-06-17,VEN,51605,25865,25740,25400,24988,1217,ITH,ITH3,5,Veneto,Veneto,4905854,51605,1.05,1.05
1806,2021-03-09,VEN,16543,7446,9097,9824,6323,396,ITH,ITH3,5,Veneto,Veneto,4905854,68148,1.39,0.34
1807,2021-05-31,VEN,31614,16229,15385,20877,9915,822,ITH,ITH3,5,Veneto,Veneto,4905854,99762,2.03,0.64
1808,2021-03-26,VEN,29593,13149,16444,23276,5461,856,ITH,ITH3,5,Veneto,Veneto,4905854,129355,2.64,0.6
1809,2021-03-28,VEN,31302,13604,17698,26881,3612,809,ITH,ITH3,5,Veneto,Veneto,4905854,160657,3.27,0.64
1810,2021-06-19,VEN,49241,25057,24184,25602,22546,1093,ITH,ITH3,5,Veneto,Veneto,4905854,209898,4.28,1.0
1811,2021-07-06,VEN,36027,18568,17459,13144,22231,652,ITH,ITH3,5,Veneto,Veneto,4905854,245925,5.01,0.73
1812,2021-04-23,VEN,31260,13843,17417,21399,8707,1154,ITH,ITH3,5,Veneto,Veneto,4905854,277185,5.65,0.64
1813,2021-02-16,VEN,6644,2870,3774,6438,176,30,ITH,ITH3,5,Veneto,Veneto,4905854,283829,5.79,0.14
1814,2021-07-18,VEN,27945,14674,13271,2025,25788,132,ITH,ITH3,5,Veneto,Veneto,4905854,311774,6.36,0.57
1815,2021-02-25,VEN,7898,3339,4559,7156,605,137,ITH,ITH3,5,Veneto,Veneto,4905854,319672,6.52,0.16
1816,2021-04-09,VEN,31193,13763,17430,21912,8341,940,ITH,ITH3,5,Veneto,Veneto,4905854,350865,7.15,0.64
1817,2021-06-05,VEN,46811,24108,22703,37317,8049,1445,ITH,ITH3,5,Veneto,Veneto,4905854,397676,8.11,0.95
1818,2021-05-17,VEN,26496,12978,13518,15650,10017,829,ITH,ITH3,5,Veneto,Veneto,4905854,424172,8.65,0.54
1819,2021-02-06,VEN,4095,1354,2741,709,3386,0,ITH,ITH3,5,Veneto,Veneto,4905854,428267,8.73,0.08
1820,2021-02-23,VEN,7383,3253,4130,7029,270,84,ITH,ITH3,5,Veneto,Veneto,4905854,435650,8.88,0.15
1821,2021-04-28,VEN,32412,15178,17234,22204,9019,1189,ITH,ITH3,5,Veneto,Veneto,4905854,468062,9.54,0.66
1822,2021-07-13,VEN,43417,22523,20894,5376,37726,315,ITH,ITH3,5,Veneto,Veneto,4905854,511479,10.43,0.89
1823,2021-04-04,VEN,7782,3531,4251,6510,1148,124,ITH,ITH3,5,Veneto,Veneto,4905854,519261,10.58,0.16
1824,2021-05-24,VEN,33030,16408,16622,7627,25000,403,ITH,ITH3,5,Veneto,Veneto,4905854,552291,11.26,0.67
1825,2021-05-05,VEN,44368,21255,23113,36157,6568,1643,ITH,ITH3,5,Veneto,Veneto,4905854,596659,12.16,0.9
1826,2021-07-01,VEN,50696,25889,24807,20568,29096,1032,ITH,ITH3,5,Veneto,Veneto,4905854,647355,13.2,1.03
1827,2021-05-12,VEN,36890,17858,19032,30149,5122,1619,ITH,ITH3,5,Veneto,Veneto,4905854,684245,13.95,0.75
1828,2021-07-08,VEN,46486,24192,22294,4434,41749,303,ITH,ITH3,5,Veneto,Veneto,4905854,730731,14.9,0.95
1829,2021-01-11,VEN,7241,2102,5139,7240,0,1,ITH,ITH3,5,Veneto,Veneto,4905854,737972,15.04,0.15
1830,2021-04-21,VEN,32355,13184,19171,15520,16059,776,ITH,ITH3,5,Veneto,Veneto,4905854,770327,15.7,0.66
1831,2021-05-22,VEN,34776,16677,18099,12701,21406,669,ITH,ITH3,5,Veneto,Veneto,4905854,805103,16.41,0.71
1832,2021-02-11,VEN,4012,1238,2774,3345,628,39,ITH,ITH3,5,Veneto,Veneto,4905854,809115,16.49,0.08
1833,2021-01-28,VEN,9212,2664,6548,170,9040,2,ITH,ITH3,5,Veneto,Veneto,4905854,818327,16.68,0.19
1834,2021-01-23,VEN,4051,1246,2805,31,4020,0,ITH,ITH3,5,Veneto,Veneto,4905854,822378,16.76,0.08
1835,2021-06-29,VEN,45490,22692,22798,18993,25782,715,ITH,ITH3,5,Veneto,Veneto,4905854,867868,17.69,0.93
1836,2021-03-21,VEN,11981,4753,7228,8278,3463,240,ITH,ITH3,5,Veneto,Veneto,4905854,879849,17.93,0.24
1837,2021-01-16,VEN,4611,1542,3069,4611,0,0,ITH,ITH3,5,Veneto,Veneto,4905854,884460,18.03,0.09
1838,2021-03-14,VEN,15176,5942,9234,13845,894,437,ITH,ITH3,5,Veneto,Veneto,4905854,899636,18.34,0.31
1839,2021-05-29,VEN,33008,16678,16330,24230,7663,1115,ITH,ITH3,5,Veneto,Veneto,4905854,932644,19.01,0.67
1840,2021-02-18,VEN,5828,2455,3373,5725,64,39,ITH,ITH3,5,Veneto,Veneto,4905854,938472,19.13,0.12
1841,2021-04-16,VEN,24449,10492,13957,11886,11886,677,ITH,ITH3,5,Veneto,Veneto,4905854,962921,19.63,0.5
1842,2021-04-18,VEN,17514,7253,10261,9499,7565,450,ITH,ITH3,5,Veneto,Veneto,4905854,980435,19.99,0.36
1843,2021-04-14,VEN,15918,6901,9017,8749,6629,540,ITH,ITH3,5,Veneto,Veneto,4905854,996353,20.31,0.32
1844,2021-01-04,VEN,6737,2035,4702,6735,0,2,ITH,ITH3,5,Veneto,Veneto,4905854,1003090,20.45,0.14
1845,2021-05-14,VEN,46743,22230,24513,24289,20880,1574,ITH,ITH3,5,Veneto,Veneto,4905854,1049833,21.4,0.95
1846,2021-02-20,VEN,6425,2015,4410,6274,71,80,ITH,ITH3,5,Veneto,Veneto,4905854,1056258,21.53,0.13
1847,2021-06-12,VEN,48597,24457,24140,36326,10777,1494,ITH,ITH3,5,Veneto,Veneto,4905854,1104855,22.52,0.99
1848,2021-05-02,VEN,37237,17264,19973,25611,10330,1296,ITH,ITH3,5,Veneto,Veneto,4905854,1142092,23.28,0.76
1849,2021-06-14,VEN,42587,21539,21048,26234,15303,1050,ITH,ITH3,5,Veneto,Veneto,4905854,1184679,24.15,0.87
1850,2021-03-06,VEN,10667,4356,6311,7218,3262,187,ITH,ITH3,5,Veneto,Veneto,4905854,1195346,24.37,0.22
1851,2021-01-18,VEN,2762,776,1986,2558,199,5,ITH,ITH3,5,Veneto,Veneto,4905854,1198108,24.42,0.06
1852,2021-02-04,VEN,7387,2025,5362,550,6836,1,ITH,ITH3,5,Veneto,Veneto,4905854,1205495,24.57,0.15
1853,2021-04-30,VEN,50009,23483,26526,32943,15664,1402,ITH,ITH3,5,Veneto,Veneto,4905854,1255504,25.59,1.02
1854,2021-01-20,VEN,1038,368,670,386,652,0,ITH,ITH3,5,Veneto,Veneto,4905854,1256542,25.61,0.02
1855,2021-01-09,VEN,7928,2539,5389,7922,0,6,ITH,ITH3,5,Veneto,Veneto,4905854,1264470,25.77,0.16
1856,2021-03-18,VEN,12613,5139,7474,7033,5229,351,ITH,ITH3,5,Veneto,Veneto,4905854,1277083,26.03,0.26
1857,2021-06-26,VEN,48028,24493,23535,13553,33968,507,ITH,ITH3,5,Veneto,Veneto,4905854,1325111,27.01,0.98
1858,2021-03-02,VEN,11491,4626,6865,7934,3310,247,ITH,ITH3,5,Veneto,Veneto,4905854,1336602,27.25,0.23
1859,2021-06-10,VEN,52262,26979,25283,41262,9302,1698,ITH,ITH3,5,Veneto,Veneto,4905854,1388864,28.31,1.07
1860,2021-04-02,VEN,24095,10621,13474,17127,6328,640,ITH,ITH3,5,Veneto,Veneto,4905854,1412959,28.8,0.49
1861,2021-06-09,VEN,42718,21916,20802,33748,7424,1546,ITH,ITH3,5,Veneto,Veneto,4905854,1455677,29.67,0.87
1862,2021-06-24,VEN,56011,28364,27647,17536,37773,702,ITH,ITH3,5,Veneto,Veneto,4905854,1511688,30.81,1.14
1863,2021-03-16,VEN,12528,5354,7174,6640,5621,267,ITH,ITH3,5,Veneto,Veneto,4905854,1524216,31.07,0.26
1864,2021-03-23,VEN,22213,10241,11972,16865,4712,636,ITH,ITH3,5,Veneto,Veneto,4905854,1546429,31.52,0.45
1865,2021-05-19,VEN,33041,15128,17913,16176,15935,930,ITH,ITH3,5,Veneto,Veneto,4905854,1579470,32.2,0.67
1866,2021-05-10,VEN,36501,17079,19422,25415,9849,1237,ITH,ITH3,5,Veneto,Veneto,4905854,1615971,32.94,0.74
1867,2021-01-30,VEN,8747,2672,6075,693,8054,0,ITH,ITH3,5,Veneto,Veneto,4905854,1624718,33.12,0.18
1868,2021-03-07,VEN,4493,1768,2725,3863,561,69,ITH,ITH3,5,Veneto,Veneto,4905854,1629211,33.21,0.09
1869,2021-05-03,VEN,40692,19800,20892,32778,6445,1469,ITH,ITH3,5,Veneto,Veneto,4905854,1669903,34.04,0.83
1870,2021-01-08,VEN,9407,2835,6572,9393,0,14,ITH,ITH3,5,Veneto,Veneto,4905854,1679310,34.23,0.19
1871,2021-01-13,VEN,5985,1606,4379,5982,0,3,ITH,ITH3,5,Veneto,Veneto,4905854,1685295,34.35,0.12
1872,2021-04-25,VEN,18335,8157,10178,12902,4834,599,ITH,ITH3,5,Veneto,Veneto,4905854,1703630,34.73,0.37
1873,2021-06-21,VEN,44284,22164,22120,20404,22946,934,ITH,ITH3,5,Veneto,Veneto,4905854,1747914,35.63,0.9
1874,2021-01-06,VEN,8135,2387,5748,8132,0,3,ITH,ITH3,5,Veneto,Veneto,4905854,1756049,35.79,0.17
1875,2021-06-02,VEN,20303,10234,10069,15350,4340,613,ITH,ITH3,5,Veneto,Veneto,4905854,1776352,36.21,0.41
1876,2021-03-11,VEN,19829,8889,10940,13794,5571,464,ITH,ITH3,5,Veneto,Veneto,4905854,1796181,36.61,0.4
1877,2020-12-30,VEN,699,245,454,699,0,0,ITH,ITH3,5,Veneto,Veneto,4905854,1796880,36.63,0.01
1878,2021-06-07,VEN,44672,23304,21368,36184,7013,1475,ITH,ITH3,5,Veneto,Veneto,4905854,1841552,37.54,0.91
1879,2021-02-27,VEN,8990,2692,6298,7963,847,180,ITH,ITH3,5,Veneto,Veneto,4905854,1850542,37.72,0.18
1880,2021-03-04,VEN,12982,4885,8097,9120,3473,389,ITH,ITH3,5,Veneto,Veneto,4905854,1863524,37.99,0.26
1881,2021-07-03,VEN,38672,20102,18570,11011,27076,585,ITH,ITH3,5,Veneto,Veneto,4905854,1902196,38.77,0.79
1882,2021-06-16,VEN,47683,23522,24161,25190,21364,1129,ITH,ITH3,5,Veneto,Veneto,4905854,1949879,39.75,0.97
1883,2021-01-01,VEN,1528,471,1057,1527,0,1,ITH,ITH3,5,Veneto,Veneto,4905854,1951407,39.78,0.03
1884,2021-03-25,VEN,25957,11057,14900,18965,6100,892,ITH,ITH3,5,Veneto,Veneto,4905854,1977364,40.31,0.53
1885,2021-04-11,VEN,21001,8870,12131,14221,6293,487,ITH,ITH3,5,Veneto,Veneto,4905854,1998365,40.73,0.43
1886,2021-05-07,VEN,48571,23277,25294,37549,8667,2355,ITH,ITH3,5,Veneto,Veneto,4905854,2046936,41.72,0.99
1887,2021-01-27,VEN,7141,2064,5077,240,6900,1,ITH,ITH3,5,Veneto,Veneto,4905854,2054077,41.87,0.15
1888,2021-02-13,VEN,3266,1473,1793,3230,20,16,ITH,ITH3,5,Veneto,Veneto,4905854,2057343,41.94,0.07
1889,2021-02-08,VEN,5003,1559,3444,1923,3074,6,ITH,ITH3,5,Veneto,Veneto,4905854,2062346,42.04,0.1
1890,2021-04-06,VEN,28960,13329,15631,23195,5042,723,ITH,ITH3,5,Veneto,Veneto,4905854,2091306,42.63,0.59
1891,2021-02-01,VEN,8561,2502,6059,159,8402,0,ITH,ITH3,5,Veneto,Veneto,4905854,2099867,42.8,0.17
1892,2021-02-15,VEN,4389,1824,2565,4140,240,9,ITH,ITH3,5,Veneto,Veneto,4905854,2104256,42.89,0.09
1893,2021-03-30,VEN,35962,15295,20667,29712,5243,1007,ITH,ITH3,5,Veneto,Veneto,4905854,2140218,43.63,0.73
1894,2021-06-23,VEN,49114,24335,24779,14531,33751,832,ITH,ITH3,5,Veneto,Veneto,4905854,2189332,44.63,1.0
1895,2021-03-15,VEN,16669,7328,9341,10959,5208,502,ITH,ITH3,5,Veneto,Veneto,4905854,2206001,44.97,0.34
1896,2021-05-28,VEN,46726,22878,23848,23668,21861,1197,ITH,ITH3,5,Veneto,Veneto,4905854,2252727,45.92,0.95
1897,2021-07-10,VEN,43091,23177,19914,6284,36445,362,ITH,ITH3,5,Veneto,Veneto,4905854,2295818,46.8,0.88
1898,2021-07-17,VEN,40090,21191,18899,4138,35622,330,ITH,ITH3,5,Veneto,Veneto,4905854,2335908,47.61,0.82
1899,2021-05-21,VEN,44785,22025,22760,19915,23766,1104,ITH,ITH3,5,Veneto,Veneto,4905854,2380693,48.53,0.91
1900,2021-07-07,VEN,40698,21179,19519,15565,24327,806,ITH,ITH3,5,Veneto,Veneto,4905854,2421391,49.36,0.83
1901,2021-05-11,VEN,33164,16500,16664,27123,4721,1320,ITH,ITH3,5,Veneto,Veneto,4905854,2454555,50.03,0.68
1902,2021-01-22,VEN,1080,332,748,25,1055,0,ITH,ITH3,5,Veneto,Veneto,4905854,2455635,50.06,0.02
1903,2021-04-27,VEN,28140,12759,15381,20055,6917,1168,ITH,ITH3,5,Veneto,Veneto,4905854,2483775,50.63,0.57
1904,2021-01-17,VEN,1933,781,1152,1584,349,0,ITH,ITH3,5,Veneto,Veneto,4905854,2485708,50.67,0.04
1905,2021-02-03,VEN,5947,1668,4279,477,5466,4,ITH,ITH3,5,Veneto,Veneto,4905854,2491655,50.79,0.12
1906,2021-04-29,VEN,50263,23379,26884,35356,13174,1733,ITH,ITH3,5,Veneto,Veneto,4905854,2541918,51.81,1.02
1907,2021-02-05,VEN,8379,2536,5843,1409,6961,9,ITH,ITH3,5,Veneto,Veneto,4905854,2550297,51.98,0.17
1908,2021-02-22,VEN,7014,3041,3973,6580,387,47,ITH,ITH3,5,Veneto,Veneto,4905854,2557311,52.13,0.14
1909,2021-05-16,VEN,28416,14010,14406,20308,7081,1027,ITH,ITH3,5,Veneto,Veneto,4905854,2585727,52.71,0.58
1910,2021-04-13,VEN,14028,6324,7704,8050,5479,499,ITH,ITH3,5,Veneto,Veneto,4905854,2599755,52.99,0.29
1911,2021-07-05,VEN,39072,20261,18811,14090,24168,814,ITH,ITH3,5,Veneto,Veneto,4905854,2638827,53.79,0.8
1912,2021-01-03,VEN,5157,1562,3595,5157,0,0,ITH,ITH3,5,Veneto,Veneto,4905854,2643984,53.89,0.11
1913,2021-03-03,VEN,12098,4647,7451,8387,3500,211,ITH,ITH3,5,Veneto,Veneto,4905854,2656082,54.14,0.25
1914,2021-06-11,VEN,47275,24588,22687,34688,11169,1418,ITH,ITH3,5,Veneto,Veneto,4905854,2703357,55.1,0.96
1915,2021-06-25,VEN,51613,26121,25492,14993,35968,652,ITH,ITH3,5,Veneto,Veneto,4905854,2754970,56.16,1.05
1916,2021-04-10,VEN,27466,11976,15490,18376,8467,623,ITH,ITH3,5,Veneto,Veneto,4905854,2782436,56.72,0.56
1917,2021-06-06,VEN,37424,19159,18265,31482,4724,1218,ITH,ITH3,5,Veneto,Veneto,4905854,2819860,57.48,0.76
1918,2020-12-27,VEN,880,395,485,880,0,0,ITH,ITH3,5,Veneto,Veneto,4905854,2820740,57.5,0.02
1919,2021-05-30,VEN,22540,11265,11275,15203,6687,650,ITH,ITH3,5,Veneto,Veneto,4905854,2843280,57.96,0.46
1920,2021-02-17,VEN,6022,2772,3250,5900,94,28,ITH,ITH3,5,Veneto,Veneto,4905854,2849302,58.08,0.12
1921,2021-04-01,VEN,25342,11164,14178,18159,6412,771,ITH,ITH3,5,Veneto,Veneto,4905854,2874644,58.6,0.52
1922,2021-04-15,VEN,20913,8636,12277,9344,10823,746,ITH,ITH3,5,Veneto,Veneto,4905854,2895557,59.02,0.43
1923,2021-05-18,VEN,26993,12538,14455,12633,13596,764,ITH,ITH3,5,Veneto,Veneto,4905854,2922550,59.57,0.55
1924,2021-06-30,VEN,45629,23014,22615,17767,27088,774,ITH,ITH3,5,Veneto,Veneto,4905854,2968179,60.5,0.93
1925,2021-03-22,VEN,18146,8178,9968,12583,5046,517,ITH,ITH3,5,Veneto,Veneto,4905854,2986325,60.87,0.37
1926,2021-03-13,VEN,17231,7304,9927,13729,3131,371,ITH,ITH3,5,Veneto,Veneto,4905854,3003556,61.22,0.35
1927,2021-01-15,VEN,5876,1821,4055,5870,0,6,ITH,ITH3,5,Veneto,Veneto,4905854,3009432,61.34,0.12
1928,2021-05-20,VEN,44777,21233,23544,19343,24330,1104,ITH,ITH3,5,Veneto,Veneto,4905854,3054209,62.26,0.91
1929,2021-02-09,VEN,5248,1891,3357,3432,1803,13,ITH,ITH3,5,Veneto,Veneto,4905854,3059457,62.36,0.11
1930,2021-05-04,VEN,42976,20355,22621,33283,8035,1658,ITH,ITH3,5,Veneto,Veneto,4905854,3102433,63.24,0.88
1931,2021-01-24,VEN,4117,1219,2898,28,4089,0,ITH,ITH3,5,Veneto,Veneto,4905854,3106550,63.32,0.08
1932,2021-04-07,VEN,36013,16186,19827,27568,7337,1108,ITH,ITH3,5,Veneto,Veneto,4905854,3142563,64.06,0.73
1933,2021-07-16,VEN,42862,23009,19853,6745,35662,455,ITH,ITH3,5,Veneto,Veneto,4905854,3185425,64.93,0.87
1934,2021-01-31,VEN,4770,1564,3206,391,4379,0,ITH,ITH3,5,Veneto,Veneto,4905854,3190195,65.03,0.1
1935,2021-03-29,VEN,31453,13697,17756,26637,3822,994,ITH,ITH3,5,Veneto,Veneto,4905854,3221648,65.67,0.64
1936,2021-03-08,VEN,13631,6271,7360,9300,4069,262,ITH,ITH3,5,Veneto,Veneto,4905854,3235279,65.95,0.28
1937,2021-06-18,VEN,53551,26729,26822,23926,28543,1082,ITH,ITH3,5,Veneto,Veneto,4905854,3288830,67.04,1.09
1938,2021-03-27,VEN,32071,14013,18058,25369,5798,904,ITH,ITH3,5,Veneto,Veneto,4905854,3320901,67.69,0.65
1939,2021-06-03,VEN,54444,27992,26452,40841,11964,1639,ITH,ITH3,5,Veneto,Veneto,4905854,3375345,68.8,1.11
1940,2021-02-26,VEN,8296,3273,5023,6942,1260,94,ITH,ITH3,5,Veneto,Veneto,4905854,3383641,68.97,0.17
1941,2021-04-24,VEN,24762,10829,13933,14961,9079,722,ITH,ITH3,5,Veneto,Veneto,4905854,3408403,69.48,0.5
1942,2021-01-14,VEN,7063,1924,5139,7043,0,20,ITH,ITH3,5,Veneto,Veneto,4905854,3415466,69.62,0.14
1943,2021-03-12,VEN,18658,8194,10464,11330,6748,580,ITH,ITH3,5,Veneto,Veneto,4905854,3434124,70.0,0.38
1944,2020-12-31,VEN,3219,1042,2177,3219,0,0,ITH,ITH3,5,Veneto,Veneto,4905854,3437343,70.07,0.07
1945,2021-07-04,VEN,33865,17573,16292,14969,18277,619,ITH,ITH3,5,Veneto,Veneto,4905854,3471208,70.76,0.69
1946,2021-04-12,VEN,14905,6336,8569,6391,8214,300,ITH,ITH3,5,Veneto,Veneto,4905854,3486113,71.06,0.3
1947,2021-01-02,VEN,5744,1767,3977,5743,0,1,ITH,ITH3,5,Veneto,Veneto,4905854,3491857,71.18,0.12
1948,2021-05-27,VEN,46562,22881,23681,22326,23197,1039,ITH,ITH3,5,Veneto,Veneto,4905854,3538419,72.13,0.95
1949,2021-02-07,VEN,2316,863,1453,714,1601,1,ITH,ITH3,5,Veneto,Veneto,4905854,3540735,72.17,0.05
1950,2021-01-05,VEN,7331,2184,5147,7329,0,2,ITH,ITH3,5,Veneto,Veneto,4905854,3548066,72.32,0.15
1951,2021-02-10,VEN,4753,1589,3164,3689,1055,9,ITH,ITH3,5,Veneto,Veneto,4905854,3552819,72.42,0.1
1952,2021-04-08,VEN,32366,14366,18000,23321,7875,1170,ITH,ITH3,5,Veneto,Veneto,4905854,3585185,73.08,0.66
1953,2021-06-04,VEN,49600,25820,23780,39805,8127,1668,ITH,ITH3,5,Veneto,Veneto,4905854,3634785,74.09,1.01
1954,2021-02-24,VEN,8616,3679,4937,7994,488,134,ITH,ITH3,5,Veneto,Veneto,4905854,3643401,74.27,0.18
1955,2021-07-14,VEN,42969,22082,20887,5224,37355,390,ITH,ITH3,5,Veneto,Veneto,4905854,3686370,75.14,0.88
1956,2021-04-22,VEN,32029,13929,18100,15459,15749,821,ITH,ITH3,5,Veneto,Veneto,4905854,3718399,75.8,0.65
1957,2021-05-13,VEN,44264,21845,22419,32548,9886,1830,ITH,ITH3,5,Veneto,Veneto,4905854,3762663,76.7,0.9
1958,2021-02-02,VEN,6512,1881,4631,396,6116,0,ITH,ITH3,5,Veneto,Veneto,4905854,3769175,76.83,0.13
1959,2021-07-09,VEN,44928,23709,21219,4055,40590,283,ITH,ITH3,5,Veneto,Veneto,4905854,3814103,77.75,0.92
1960,2021-03-31,VEN,38847,16404,22443,30308,7500,1039,ITH,ITH3,5,Veneto,Veneto,4905854,3852950,78.54,0.79
1961,2021-04-17,VEN,22429,9088,13341,14356,7274,799,ITH,ITH3,5,Veneto,Veneto,4905854,3875379,78.99,0.46
1962,2021-01-07,VEN,8360,2318,6042,8359,0,1,ITH,ITH3,5,Veneto,Veneto,4905854,3883739,79.17,0.17
1963,2021-06-13,VEN,37331,19249,18082,29277,6962,1092,ITH,ITH3,5,Veneto,Veneto,4905854,3921070,79.93,0.76
1964,2021-01-21,VEN,2293,719,1574,21,2272,0,ITH,ITH3,5,Veneto,Veneto,4905854,3923363,79.97,0.05
1965,2021-03-05,VEN,13336,5020,8316,9222,3670,444,ITH,ITH3,5,Veneto,Veneto,4905854,3936699,80.24,0.27
1966,2021-01-19,VEN,1310,473,837,1159,150,1,ITH,ITH3,5,Veneto,Veneto,4905854,3938009,80.27,0.03
1967,2021-05-01,VEN,38858,18240,20618,28693,8938,1227,ITH,ITH3,5,Veneto,Veneto,4905854,3976867,81.06,0.79
1968,2021-06-20,VEN,41186,20057,21129,18884,21530,772,ITH,ITH3,5,Veneto,Veneto,4905854,4018053,81.9,0.84
1969,2021-02-19,VEN,7322,3140,4182,6992,204,126,ITH,ITH3,5,Veneto,Veneto,4905854,4025375,82.05,0.15
1970,2021-02-21,VEN,4640,1212,3428,4516,5,119,ITH,ITH3,5,Veneto,Veneto,4905854,4030015,82.15,0.09
1971,2021-05-15,VEN,36227,17505,18722,24793,10004,1430,ITH,ITH3,5,Veneto,Veneto,4905854,4066242,82.89,0.74
1972,2021-07-02,VEN,49398,25065,24333,16188,32405,805,ITH,ITH3,5,Veneto,Veneto,4905854,4115640,83.89,1.01
1973,2021-03-24,VEN,22112,9574,12538,14661,6803,648,ITH,ITH3,5,Veneto,Veneto,4905854,4137752,84.34,0.45
1974,2021-06-22,VEN,43690,21605,22085,18434,24367,889,ITH,ITH3,5,Veneto,Veneto,4905854,4181442,85.23,0.89
1975,2021-04-26,VEN,20722,9456,11266,14903,5140,679,ITH,ITH3,5,Veneto,Veneto,4905854,4202164,85.66,0.42
1976,2021-06-08,VEN,43827,22660,21167,36181,6137,1509,ITH,ITH3,5,Veneto,Veneto,4905854,4245991,86.55,0.89
1977,2021-05-25,VEN,27787,13416,14371,11253,16036,498,ITH,ITH3,5,Veneto,Veneto,4905854,4273778,87.12,0.57
1978,2021-02-14,VEN,126,56,70,113,13,0,ITH,ITH3,5,Veneto,Veneto,4905854,4273904,87.12,0.0
1979,2021-02-28,VEN,4136,1389,2747,3225,837,74,ITH,ITH3,5,Veneto,Veneto,4905854,4278040,87.2,0.08
1980,2021-03-17,VEN,14645,5992,8653,7526,6796,323,ITH,ITH3,5,Veneto,Veneto,4905854,4292685,87.5,0.3
1981,2021-01-12,VEN,5231,1517,3714,5223,0,8,ITH,ITH3,5,Veneto,Veneto,4905854,4297916,87.61,0.11
1982,2021-07-11,VEN,34220,17916,16304,3689,30273,258,ITH,ITH3,5,Veneto,Veneto,4905854,4332136,88.31,0.7
1983,2021-06-01,VEN,26965,13555,13410,15780,10542,643,ITH,ITH3,5,Veneto,Veneto,4905854,4359101,88.86,0.55
1984,2021-03-10,VEN,19041,8727,10314,12964,5683,394,ITH,ITH3,5,Veneto,Veneto,4905854,4378142,89.24,0.39
1985,2021-04-19,VEN,21543,8921,12622,4708,16408,427,ITH,ITH3,5,Veneto,Veneto,4905854,4399685,89.68,0.44
1986,2021-04-05,VEN,19154,8371,10783,13418,5435,301,ITH,ITH3,5,Veneto,Veneto,4905854,4418839,90.07,0.39
1987,2021-01-26,VEN,6921,2091,4830,149,6772,0,ITH,ITH3,5,Veneto,Veneto,4905854,4425760,90.21,0.14
1988,2021-05-06,VEN,46981,22037,24944,36484,8474,2023,ITH,ITH3,5,Veneto,Veneto,4905854,4472741,91.17,0.96
1989,2021-06-15,VEN,47764,24258,23506,29032,17508,1224,ITH,ITH3,5,Veneto,Veneto,4905854,4520505,92.15,0.97
1990,2021-06-28,VEN,47565,24069,23496,18353,28487,725,ITH,ITH3,5,Veneto,Veneto,4905854,4568070,93.11,0.97
1991,2021-01-25,VEN,6469,2076,4393,159,6310,0,ITH,ITH3,5,Veneto,Veneto,4905854,4574539,93.25,0.13
1992,2021-07-15,VEN,50699,26525,24174,5838,44500,361,ITH,ITH3,5,Veneto,Veneto,4905854,4625238,94.28,1.03
1993,2021-04-20,VEN,22436,9499,12937,7868,14000,568,ITH,ITH3,5,Veneto,Veneto,4905854,4647674,94.74,0.46
1994,2021-05-09,VEN,35070,16137,18933,23769,10054,1247,ITH,ITH3,5,Veneto,Veneto,4905854,4682744,95.45,0.71
1995,2021-05-26,VEN,31101,15200,15901,13961,16464,676,ITH,ITH3,5,Veneto,Veneto,4905854,4713845,96.09,0.63
1996,2021-03-01,VEN,9394,3716,5678,7409,1822,163,ITH,ITH3,5,Veneto,Veneto,4905854,4723239,96.28,0.19
1997,2021-07-12,VEN,43186,22758,20428,3985,38872,329,ITH,ITH3,5,Veneto,Veneto,4905854,4766425,97.16,0.88
1998,2021-04-03,VEN,21961,9631,12330,13848,7709,404,ITH,ITH3,5,Veneto,Veneto,4905854,4788386,97.61,0.45
1999,2021-03-20,VEN,13022,5388,7634,10649,2082,291,ITH,ITH3,5,Veneto,Veneto,4905854,4801408,97.87,0.27
2000,2021-01-10,VEN,5034,1672,3362,5033,0,1,ITH,ITH3,5,Veneto,Veneto,4905854,4806442,97.97,0.1
2001,2021-05-23,VEN,34487,16466,18021,10618,23400,469,ITH,ITH3,5,Veneto,Veneto,4905854,4840929,98.68,0.7
2002,2021-02-12,VEN,4314,1447,2867,3671,572,71,ITH,ITH3,5,Veneto,Veneto,4905854,4845243,98.76,0.09
2003,2021-01-29,VEN,9023,2788,6235,366,8657,0,ITH,ITH3,5,Veneto,Veneto,4905854,4854266,98.95,0.18
2004,2021-05-08,VEN,41468,18758,22710,28206,11821,1441,ITH,ITH3,5,Veneto,Veneto,4905854,4895734,99.79,0.85
2005,2021-06-27,VEN,40230,20551,19679,15330,24300,600,ITH,ITH3,5,Veneto,Veneto,4905854,4935964,100.61,0.82
2006,2021-03-19,VEN,13793,5669,8124,7404,6097,292,ITH,ITH3,5,Veneto,Veneto,4905854,4949757,100.89,0.28
2007,2021-06-29,PAT,6232,3139,3093,2652,3508,72,ITH,ITH2,4,Provincia Autonoma Trento,P.A. Trento,541380,6232,1.15,1.15
2008,2021-06-12,PAT,5362,2689,2673,425,4889,48,ITH,ITH2,4,Provincia Autonoma Trento,P.A. Trento,541380,11594,2.14,0.99
2009,2021-03-21,PAT,129,69,60,125,0,4,ITH,ITH2,4,Provincia Autonoma Trento,P.A. Trento,541380,11723,2.17,0.02
2010,2021-05-24,PAT,4386,2014,2372,1248,3024,114,ITH,ITH2,4,Provincia Autonoma Trento,P.A. Trento,541380,16109,2.98,0.81
2011,2021-03-02,PAT,1307,440,867,902,376,29,ITH,ITH2,4,Provincia Autonoma Trento,P.A. Trento,541380,17416,3.22,0.24
2012,2021-06-10,PAT,6129,2979,3150,1788,4213,128,ITH,ITH2,4,Provincia Autonoma Trento,P.A. Trento,541380,23545,4.35,1.13
2013,2021-01-23,PAT,577,334,243,387,189,1,ITH,ITH2,4,Provincia Autonoma Trento,P.A. Trento,541380,24122,4.46,0.11
2014,2021-05-03,PAT,4260,2197,2063,3807,154,299,ITH,ITH2,4,Provincia Autonoma Trento,P.A. Trento,541380,28382,5.24,0.79
2015,2021-07-01,PAT,6932,3605,3327,3439,3317,176,ITH,ITH2,4,Provincia Autonoma Trento,P.A. Trento,541380,35314,6.52,1.28
2016,2021-05-05,PAT,4991,2580,2411,4386,298,307,ITH,ITH2,4,Provincia Autonoma Trento,P.A. Trento,541380,40305,7.44,0.92
2017,2021-01-16,PAT,319,148,171,319,0,0,ITH,ITH2,4,Provincia Autonoma Trento,P.A. Trento,541380,40624,7.5,0.06
2018,2021-03-09,PAT,1585,591,994,908,646,31,ITH,ITH2,4,Provincia Autonoma Trento,P.A. Trento,541380,42209,7.8,0.29
2019,2021-06-17,PAT,6602,3462,3140,1961,4477,164,ITH,ITH2,4,Provincia Autonoma Trento,P.A. Trento,541380,48811,9.02,1.22
2020,2021-03-14,PAT,108,65,43,19,87,2,ITH,ITH2,4,Provincia Autonoma Trento,P.A. Trento,541380,48919,9.04,0.02
2021,2021-07-13,PAT,3580,1808,1772,1562,1907,111,ITH,ITH2,4,Provincia Autonoma Trento,P.A. Trento,541380,52499,9.7,0.66
2022,2021-04-21,PAT,2910,1359,1551,2710,50,150,ITH,ITH2,4,Provincia Autonoma Trento,P.A. Trento,541380,55409,10.23,0.54
2023,2021-01-28,PAT,530,147,383,48,482,0,ITH,ITH2,4,Provincia Autonoma Trento,P.A. Trento,541380,55939,10.33,0.1
2024,2021-01-11,PAT,732,223,509,732,0,0,ITH,ITH2,4,Provincia Autonoma Trento,P.A. Trento,541380,56671,10.47,0.14
2025,2021-02-16,PAT,666,246,420,650,5,11,ITH,ITH2,4,Provincia Autonoma Trento,P.A. Trento,541380,57337,10.59,0.12
2026,2021-03-26,PAT,3233,1259,1974,2482,610,141,ITH,ITH2,4,Provincia Autonoma Trento,P.A. Trento,541380,60570,11.19,0.6
2027,2021-06-19,PAT,3098,1696,1402,226,2840,32,ITH,ITH2,4,Provincia Autonoma Trento,P.A. Trento,541380,63668,11.76,0.57
2028,2021-05-31,PAT,4725,2175,2550,1569,3047,109,ITH,ITH2,4,Provincia Autonoma Trento,P.A. Trento,541380,68393,12.63,0.87
2029,2021-02-06,PAT,575,299,276,434,141,0,ITH,ITH2,4,Provincia Autonoma Trento,P.A. Trento,541380,68968,12.74,0.11
2030,2021-02-23,PAT,1112,395,717,878,213,21,ITH,ITH2,4,Provincia Autonoma Trento,P.A. Trento,541380,70080,12.94,0.21
2031,2021-05-17,PAT,4294,2122,2172,3710,351,233,ITH,ITH2,4,Provincia Autonoma Trento,P.A. Trento,541380,74374,13.74,0.79
2032,2021-04-14,PAT,3119,1465,1654,2231,737,151,ITH,ITH2,4,Provincia Autonoma Trento,P.A. Trento,541380,77493,14.31,0.58
2033,2021-03-28,PAT,753,294,459,705,2,46,ITH,ITH2,4,Provincia Autonoma Trento,P.A. Trento,541380,78246,14.45,0.14
2034,2021-04-09,PAT,2740,1162,1578,1473,1200,67,ITH,ITH2,4,Provincia Autonoma Trento,P.A. Trento,541380,80986,14.96,0.51
2035,2021-02-11,PAT,1135,365,770,795,339,1,ITH,ITH2,4,Provincia Autonoma Trento,P.A. Trento,541380,82121,15.17,0.21
2036,2021-07-18,PAT,309,155,154,33,271,5,ITH,ITH2,4,Provincia Autonoma Trento,P.A. Trento,541380,82430,15.23,0.06
2037,2021-02-25,PAT,1641,643,998,1190,441,10,ITH,ITH2,4,Provincia Autonoma Trento,P.A. Trento,541380,84071,15.53,0.3
2038,2020-12-30,PAT,7,3,4,7,0,0,ITH,ITH2,4,Provincia Autonoma Trento,P.A. Trento,541380,84078,15.53,0.0
2039,2021-06-05,PAT,4083,1916,2167,679,3333,71,ITH,ITH2,4,Provincia Autonoma Trento,P.A. Trento,541380,88161,16.28,0.75
2040,2021-05-22,PAT,3258,1598,1660,832,2333,93,ITH,ITH2,4,Provincia Autonoma Trento,P.A. Trento,541380,91419,16.89,0.6
2041,2021-04-28,PAT,4253,1979,2274,3869,138,246,ITH,ITH2,4,Provincia Autonoma Trento,P.A. Trento,541380,95672,17.67,0.79
2042,2021-04-01,PAT,2906,1232,1674,1721,1094,91,ITH,ITH2,4,Provincia Autonoma Trento,P.A. Trento,541380,98578,18.21,0.54
2043,2021-07-10,PAT,1046,539,507,133,888,25,ITH,ITH2,4,Provincia Autonoma Trento,P.A. Trento,541380,99624,18.4,0.19
2044,2021-03-04,PAT,2362,794,1568,1542,779,41,ITH,ITH2,4,Provincia Autonoma Trento,P.A. Trento,541380,101986,18.84,0.44
2045,2021-03-07,PAT,22,6,16,22,0,0,ITH,ITH2,4,Provincia Autonoma Trento,P.A. Trento,541380,102008,18.84,0.0
2046,2021-01-09,PAT,190,40,150,190,0,0,ITH,ITH2,4,Provincia Autonoma Trento,P.A. Trento,541380,102198,18.88,0.04
2047,2021-06-24,PAT,5925,3104,2821,3554,2184,187,ITH,ITH2,4,Provincia Autonoma Trento,P.A. Trento,541380,108123,19.97,1.09
2048,2021-05-12,PAT,3305,1494,1811,1953,1187,165,ITH,ITH2,4,Provincia Autonoma Trento,P.A. Trento,541380,111428,20.58,0.61
2049,2021-03-16,PAT,1391,506,885,577,783,31,ITH,ITH2,4,Provincia Autonoma Trento,P.A. Trento,541380,112819,20.84,0.26
2050,2021-05-14,PAT,5323,2544,2779,3640,1387,296,ITH,ITH2,4,Provincia Autonoma Trento,P.A. Trento,541380,118142,21.82,0.98
2051,2021-02-08,PAT,1153,319,834,342,811,0,ITH,ITH2,4,Provincia Autonoma Trento,P.A. Trento,541380,119295,22.04,0.21
2052,2021-04-23,PAT,3638,1770,1868,3405,54,179,ITH,ITH2,4,Provincia Autonoma Trento,P.A. Trento,541380,122933,22.71,0.67
2053,2021-01-30,PAT,386,132,254,152,234,0,ITH,ITH2,4,Provincia Autonoma Trento,P.A. Trento,541380,123319,22.78,0.07
2054,2021-05-10,PAT,3213,1647,1566,2498,506,209,ITH,ITH2,4,Provincia Autonoma Trento,P.A. Trento,541380,126532,23.37,0.59
2055,2021-03-18,PAT,2320,957,1363,1216,1080,24,ITH,ITH2,4,Provincia Autonoma Trento,P.A. Trento,541380,128852,23.8,0.43
2056,2021-06-09,PAT,6243,3080,3163,2085,4079,79,ITH,ITH2,4,Provincia Autonoma Trento,P.A. Trento,541380,135095,24.95,1.15
2057,2021-06-26,PAT,1391,726,665,660,713,18,ITH,ITH2,4,Provincia Autonoma Trento,P.A. Trento,541380,136486,25.21,0.26
2058,2021-07-08,PAT,3957,2106,1851,2359,1437,161,ITH,ITH2,4,Provincia Autonoma Trento,P.A. Trento,541380,140443,25.94,0.73
2059,2021-02-04,PAT,976,304,672,421,554,1,ITH,ITH2,4,Provincia Autonoma Trento,P.A. Trento,541380,141419,26.12,0.18
2060,2021-04-13,PAT,2556,1059,1497,1970,507,79,ITH,ITH2,4,Provincia Autonoma Trento,P.A. Trento,541380,143975,26.59,0.47
2061,2021-01-20,PAT,292,73,219,280,12,0,ITH,ITH2,4,Provincia Autonoma Trento,P.A. Trento,541380,144267,26.65,0.05
2062,2021-04-30,PAT,4932,2406,2526,4411,153,368,ITH,ITH2,4,Provincia Autonoma Trento,P.A. Trento,541380,149199,27.56,0.91
2063,2021-05-19,PAT,5104,2460,2644,3600,1256,248,ITH,ITH2,4,Provincia Autonoma Trento,P.A. Trento,541380,154303,28.5,0.94
2064,2021-01-04,PAT,872,229,643,870,0,2,ITH,ITH2,4,Provincia Autonoma Trento,P.A. Trento,541380,155175,28.66,0.16
2065,2021-07-06,PAT,5006,2634,2372,2916,1907,183,ITH,ITH2,4,Provincia Autonoma Trento,P.A. Trento,541380,160181,29.59,0.92
2066,2021-01-18,PAT,644,154,490,589,55,0,ITH,ITH2,4,Provincia Autonoma Trento,P.A. Trento,541380,160825,29.71,0.12
2067,2021-02-20,PAT,407,245,162,122,284,1,ITH,ITH2,4,Provincia Autonoma Trento,P.A. Trento,541380,161232,29.78,0.08
2068,2021-01-08,PAT,1451,314,1137,1450,0,1,ITH,ITH2,4,Provincia Autonoma Trento,P.A. Trento,541380,162683,30.05,0.27
2069,2021-06-14,PAT,5743,2969,2774,2002,3626,115,ITH,ITH2,4,Provincia Autonoma Trento,P.A. Trento,541380,168426,31.11,1.06
2070,2021-05-29,PAT,2237,1167,1070,755,1398,84,ITH,ITH2,4,Provincia Autonoma Trento,P.A. Trento,541380,170663,31.52,0.41
2071,2021-04-02,PAT,2846,1157,1689,2010,675,161,ITH,ITH2,4,Provincia Autonoma Trento,P.A. Trento,541380,173509,32.05,0.53
2072,2021-04-16,PAT,2866,1360,1506,2566,145,155,ITH,ITH2,4,Provincia Autonoma Trento,P.A. Trento,541380,176375,32.58,0.53
2073,2021-02-18,PAT,1211,429,782,1136,63,12,ITH,ITH2,4,Provincia Autonoma Trento,P.A. Trento,541380,177586,32.8,0.22
2074,2021-03-23,PAT,2448,944,1504,1609,740,99,ITH,ITH2,4,Provincia Autonoma Trento,P.A. Trento,541380,180034,33.25,0.45
2075,2021-05-28,PAT,3721,1736,1985,1359,2228,134,ITH,ITH2,4,Provincia Autonoma Trento,P.A. Trento,541380,183755,33.94,0.69
2076,2021-01-25,PAT,818,215,603,24,794,0,ITH,ITH2,4,Provincia Autonoma Trento,P.A. Trento,541380,184573,34.09,0.15
2077,2021-03-25,PAT,2875,1105,1770,1719,1049,107,ITH,ITH2,4,Provincia Autonoma Trento,P.A. Trento,541380,187448,34.62,0.53
2078,2021-07-03,PAT,1256,669,587,79,1171,6,ITH,ITH2,4,Provincia Autonoma Trento,P.A. Trento,541380,188704,34.86,0.23
2079,2021-03-30,PAT,2388,973,1415,1652,637,99,ITH,ITH2,4,Provincia Autonoma Trento,P.A. Trento,541380,191092,35.3,0.44
2080,2021-01-27,PAT,810,280,530,92,716,2,ITH,ITH2,4,Provincia Autonoma Trento,P.A. Trento,541380,191902,35.45,0.15
2081,2021-02-13,PAT,537,333,204,172,365,0,ITH,ITH2,4,Provincia Autonoma Trento,P.A. Trento,541380,192439,35.55,0.1
2082,2021-05-07,PAT,6000,3086,2914,4798,841,361,ITH,ITH2,4,Provincia Autonoma Trento,P.A. Trento,541380,198439,36.65,1.11
2083,2021-04-20,PAT,2879,1377,1502,2670,36,173,ITH,ITH2,4,Provincia Autonoma Trento,P.A. Trento,541380,201318,37.19,0.53
2084,2021-05-09,PAT,2324,1210,1114,1850,344,130,ITH,ITH2,4,Provincia Autonoma Trento,P.A. Trento,541380,203642,37.62,0.43
2085,2021-02-15,PAT,534,188,346,418,114,2,ITH,ITH2,4,Provincia Autonoma Trento,P.A. Trento,541380,204176,37.71,0.1
2086,2021-05-26,PAT,3918,1843,2075,1106,2692,120,ITH,ITH2,4,Provincia Autonoma Trento,P.A. Trento,541380,208094,38.44,0.72
2087,2021-07-17,PAT,1045,508,537,245,784,16,ITH,ITH2,4,Provincia Autonoma Trento,P.A. Trento,541380,209139,38.63,0.19
2088,2021-05-21,PAT,5055,2422,2633,3078,1711,266,ITH,ITH2,4,Provincia Autonoma Trento,P.A. Trento,541380,214194,39.56,0.93
2089,2021-02-01,PAT,1224,338,886,92,1132,0,ITH,ITH2,4,Provincia Autonoma Trento,P.A. Trento,541380,215418,39.79,0.23
2090,2021-06-28,PAT,6759,3486,3273,2893,3809,57,ITH,ITH2,4,Provincia Autonoma Trento,P.A. Trento,541380,222177,41.04,1.25
2091,2021-04-06,PAT,2261,950,1311,1439,765,57,ITH,ITH2,4,Provincia Autonoma Trento,P.A. Trento,541380,224438,41.46,0.42
2092,2021-07-15,PAT,4000,2118,1882,1568,2309,123,ITH,ITH2,4,Provincia Autonoma Trento,P.A. Trento,541380,228438,42.2,0.74
2093,2021-01-13,PAT,421,123,298,421,0,0,ITH,ITH2,4,Provincia Autonoma Trento,P.A. Trento,541380,228859,42.27,0.08
2094,2021-06-02,PAT,2839,1359,1480,880,1894,65,ITH,ITH2,4,Provincia Autonoma Trento,P.A. Trento,541380,231698,42.8,0.52
2095,2021-03-11,PAT,2317,863,1454,1445,829,43,ITH,ITH2,4,Provincia Autonoma Trento,P.A. Trento,541380,234015,43.23,0.43
2096,2021-04-18,PAT,1855,845,1010,1788,9,58,ITH,ITH2,4,Provincia Autonoma Trento,P.A. Trento,541380,235870,43.57,0.34
2097,2021-03-06,PAT,786,277,509,595,151,40,ITH,ITH2,4,Provincia Autonoma Trento,P.A. Trento,541380,236656,43.71,0.15
2098,2021-04-11,PAT,2340,1135,1205,2161,91,88,ITH,ITH2,4,Provincia Autonoma Trento,P.A. Trento,541380,238996,44.15,0.43
2099,2021-02-27,PAT,1031,458,573,589,422,20,ITH,ITH2,4,Provincia Autonoma Trento,P.A. Trento,541380,240027,44.34,0.19
2100,2021-01-01,PAT,214,50,164,214,0,0,ITH,ITH2,4,Provincia Autonoma Trento,P.A. Trento,541380,240241,44.38,0.04
2101,2021-06-07,PAT,5790,2881,2909,2630,2984,176,ITH,ITH2,4,Provincia Autonoma Trento,P.A. Trento,541380,246031,45.45,1.07
2102,2021-04-25,PAT,1971,940,1031,1849,7,115,ITH,ITH2,4,Provincia Autonoma Trento,P.A. Trento,541380,248002,45.81,0.36
2103,2021-06-06,PAT,2230,1062,1168,424,1785,21,ITH,ITH2,4,Provincia Autonoma Trento,P.A. Trento,541380,250232,46.22,0.41
2104,2021-07-12,PAT,4055,2030,2025,1925,1953,177,ITH,ITH2,4,Provincia Autonoma Trento,P.A. Trento,541380,254287,46.97,0.75
2105,2021-02-17,PAT,1113,425,688,1017,91,5,ITH,ITH2,4,Provincia Autonoma Trento,P.A. Trento,541380,255400,47.18,0.21
2106,2021-01-06,PAT,42,13,29,42,0,0,ITH,ITH2,4,Provincia Autonoma Trento,P.A. Trento,541380,255442,47.18,0.01
2107,2021-06-16,PAT,6217,3348,2869,1929,4168,120,ITH,ITH2,4,Provincia Autonoma Trento,P.A. Trento,541380,261659,48.33,1.15
2108,2021-02-03,PAT,847,315,532,414,433,0,ITH,ITH2,4,Provincia Autonoma Trento,P.A. Trento,541380,262506,48.49,0.16
2109,2021-05-23,PAT,1958,994,964,420,1510,28,ITH,ITH2,4,Provincia Autonoma Trento,P.A. Trento,541380,264464,48.85,0.36
2110,2021-04-10,PAT,2824,1322,1502,1949,796,79,ITH,ITH2,4,Provincia Autonoma Trento,P.A. Trento,541380,267288,49.37,0.52
2111,2021-02-12,PAT,1013,341,672,588,423,2,ITH,ITH2,4,Provincia Autonoma Trento,P.A. Trento,541380,268301,49.56,0.19
2112,2021-03-01,PAT,1237,454,783,918,295,24,ITH,ITH2,4,Provincia Autonoma Trento,P.A. Trento,541380,269538,49.79,0.23
2113,2021-03-20,PAT,874,403,471,658,203,13,ITH,ITH2,4,Provincia Autonoma Trento,P.A. Trento,541380,270412,49.95,0.16
2114,2021-03-03,PAT,1659,622,1037,1107,518,34,ITH,ITH2,4,Provincia Autonoma Trento,P.A. Trento,541380,272071,50.26,0.31
2115,2021-06-11,PAT,7201,3428,3773,1475,5624,102,ITH,ITH2,4,Provincia Autonoma Trento,P.A. Trento,541380,279272,51.59,1.33
2116,2021-07-07,PAT,4339,2325,2014,2757,1384,198,ITH,ITH2,4,Provincia Autonoma Trento,P.A. Trento,541380,283611,52.39,0.8
2117,2021-01-03,PAT,493,160,333,493,0,0,ITH,ITH2,4,Provincia Autonoma Trento,P.A. Trento,541380,284104,52.48,0.09
2118,2021-02-22,PAT,747,259,488,657,84,6,ITH,ITH2,4,Provincia Autonoma Trento,P.A. Trento,541380,284851,52.62,0.14
2119,2021-06-25,PAT,7500,4020,3480,4039,3380,81,ITH,ITH2,4,Provincia Autonoma Trento,P.A. Trento,541380,292351,54.0,1.39
2120,2021-03-15,PAT,1411,545,866,893,464,54,ITH,ITH2,4,Provincia Autonoma Trento,P.A. Trento,541380,293762,54.26,0.26
2121,2021-01-17,PAT,251,195,56,251,0,0,ITH,ITH2,4,Provincia Autonoma Trento,P.A. Trento,541380,294013,54.31,0.05
2122,2021-06-23,PAT,6516,3451,3065,4450,1872,194,ITH,ITH2,4,Provincia Autonoma Trento,P.A. Trento,541380,300529,55.51,1.2
2123,2021-05-11,PAT,3703,1752,1951,2612,852,239,ITH,ITH2,4,Provincia Autonoma Trento,P.A. Trento,541380,304232,56.2,0.68
2124,2021-04-27,PAT,3916,1882,2034,3569,69,278,ITH,ITH2,4,Provincia Autonoma Trento,P.A. Trento,541380,308148,56.92,0.72
2125,2021-05-30,PAT,1770,872,898,862,840,68,ITH,ITH2,4,Provincia Autonoma Trento,P.A. Trento,541380,309918,57.25,0.33
2126,2021-04-03,PAT,1143,471,672,905,171,67,ITH,ITH2,4,Provincia Autonoma Trento,P.A. Trento,541380,311061,57.46,0.21
2127,2021-04-24,PAT,3550,1701,1849,3336,15,199,ITH,ITH2,4,Provincia Autonoma Trento,P.A. Trento,541380,314611,58.11,0.66
2128,2021-02-26,PAT,1218,435,783,900,295,23,ITH,ITH2,4,Provincia Autonoma Trento,P.A. Trento,541380,315829,58.34,0.22
2129,2021-01-14,PAT,701,203,498,699,0,2,ITH,ITH2,4,Provincia Autonoma Trento,P.A. Trento,541380,316530,58.47,0.13
2130,2021-02-10,PAT,854,291,563,511,342,1,ITH,ITH2,4,Provincia Autonoma Trento,P.A. Trento,541380,317384,58.62,0.16
2131,2021-04-08,PAT,3141,1316,1825,1930,1119,92,ITH,ITH2,4,Provincia Autonoma Trento,P.A. Trento,541380,320525,59.21,0.58
2132,2020-12-31,PAT,1627,449,1178,1627,0,0,ITH,ITH2,4,Provincia Autonoma Trento,P.A. Trento,541380,322152,59.51,0.3
2133,2021-06-13,PAT,3686,2033,1653,272,3391,23,ITH,ITH2,4,Provincia Autonoma Trento,P.A. Trento,541380,325838,60.19,0.68
2134,2020-12-27,PAT,103,40,63,103,0,0,ITH,ITH2,4,Provincia Autonoma Trento,P.A. Trento,541380,325941,60.21,0.02
2135,2021-07-02,PAT,7163,3893,3270,3398,3544,221,ITH,ITH2,4,Provincia Autonoma Trento,P.A. Trento,541380,333104,61.53,1.32
2136,2021-01-15,PAT,597,132,465,596,0,1,ITH,ITH2,4,Provincia Autonoma Trento,P.A. Trento,541380,333701,61.64,0.11
2137,2021-05-20,PAT,5016,2358,2658,3104,1636,276,ITH,ITH2,4,Provincia Autonoma Trento,P.A. Trento,541380,338717,62.57,0.93
2138,2021-03-24,PAT,2377,940,1437,1444,820,113,ITH,ITH2,4,Provincia Autonoma Trento,P.A. Trento,541380,341094,63.0,0.44
2139,2021-02-09,PAT,918,287,631,442,475,1,ITH,ITH2,4,Provincia Autonoma Trento,P.A. Trento,541380,342012,63.17,0.17
2140,2021-03-17,PAT,2071,792,1279,1120,871,80,ITH,ITH2,4,Provincia Autonoma Trento,P.A. Trento,541380,344083,63.56,0.38
2141,2021-01-10,PAT,85,20,65,85,0,0,ITH,ITH2,4,Provincia Autonoma Trento,P.A. Trento,541380,344168,63.57,0.02
2142,2021-01-29,PAT,1358,334,1024,55,1303,0,ITH,ITH2,4,Provincia Autonoma Trento,P.A. Trento,541380,345526,63.82,0.25
2143,2021-07-14,PAT,3965,2067,1898,1566,2304,95,ITH,ITH2,4,Provincia Autonoma Trento,P.A. Trento,541380,349491,64.56,0.73
2144,2021-04-22,PAT,3152,1470,1682,2933,45,174,ITH,ITH2,4,Provincia Autonoma Trento,P.A. Trento,541380,352643,65.14,0.58
2145,2021-04-07,PAT,2625,1017,1608,1567,943,115,ITH,ITH2,4,Provincia Autonoma Trento,P.A. Trento,541380,355268,65.62,0.48
2146,2021-07-16,PAT,4083,2093,1990,1530,2416,137,ITH,ITH2,4,Provincia Autonoma Trento,P.A. Trento,541380,359351,66.38,0.75
2147,2021-02-28,PAT,242,121,121,232,0,10,ITH,ITH2,4,Provincia Autonoma Trento,P.A. Trento,541380,359593,66.42,0.04
2148,2021-06-08,PAT,5920,2863,3057,1751,4050,119,ITH,ITH2,4,Provincia Autonoma Trento,P.A. Trento,541380,365513,67.52,1.09
2149,2021-04-26,PAT,2660,1254,1406,2400,95,165,ITH,ITH2,4,Provincia Autonoma Trento,P.A. Trento,541380,368173,68.01,0.49
2150,2021-02-19,PAT,929,359,570,838,59,32,ITH,ITH2,4,Provincia Autonoma Trento,P.A. Trento,541380,369102,68.18,0.17
2151,2021-05-04,PAT,4512,2448,2064,4123,95,294,ITH,ITH2,4,Provincia Autonoma Trento,P.A. Trento,541380,373614,69.01,0.83
2152,2021-03-08,PAT,1411,434,977,1028,354,29,ITH,ITH2,4,Provincia Autonoma Trento,P.A. Trento,541380,375025,69.27,0.26
2153,2021-03-22,PAT,2306,973,1333,1375,875,56,ITH,ITH2,4,Provincia Autonoma Trento,P.A. Trento,541380,377331,69.7,0.43
2154,2021-01-24,PAT,548,276,272,224,324,0,ITH,ITH2,4,Provincia Autonoma Trento,P.A. Trento,541380,377879,69.8,0.1
2155,2021-06-30,PAT,6674,3434,3240,2594,3999,81,ITH,ITH2,4,Provincia Autonoma Trento,P.A. Trento,541380,384553,71.03,1.23
2156,2021-05-18,PAT,4254,2010,2244,3130,846,278,ITH,ITH2,4,Provincia Autonoma Trento,P.A. Trento,541380,388807,71.82,0.79
2157,2021-03-12,PAT,2518,940,1578,1641,806,71,ITH,ITH2,4,Provincia Autonoma Trento,P.A. Trento,541380,391325,72.28,0.47
2158,2021-06-20,PAT,1869,1034,835,27,1837,5,ITH,ITH2,4,Provincia Autonoma Trento,P.A. Trento,541380,393194,72.63,0.35
2159,2021-06-22,PAT,6189,3380,2809,3472,2535,182,ITH,ITH2,4,Provincia Autonoma Trento,P.A. Trento,541380,399383,73.77,1.14
2160,2021-03-05,PAT,2248,704,1544,1590,566,92,ITH,ITH2,4,Provincia Autonoma Trento,P.A. Trento,541380,401631,74.19,0.42
2161,2021-01-07,PAT,1272,310,962,1269,0,3,ITH,ITH2,4,Provincia Autonoma Trento,P.A. Trento,541380,402903,74.42,0.23
2162,2021-04-17,PAT,2233,1139,1094,2073,57,103,ITH,ITH2,4,Provincia Autonoma Trento,P.A. Trento,541380,405136,74.83,0.41
2163,2021-04-19,PAT,2625,1235,1390,2420,22,183,ITH,ITH2,4,Provincia Autonoma Trento,P.A. Trento,541380,407761,75.32,0.48
2164,2021-02-02,PAT,910,240,670,191,719,0,ITH,ITH2,4,Provincia Autonoma Trento,P.A. Trento,541380,408671,75.49,0.17
2165,2021-07-09,PAT,4914,2613,2301,2857,1849,208,ITH,ITH2,4,Provincia Autonoma Trento,P.A. Trento,541380,413585,76.39,0.91
2166,2021-05-13,PAT,3407,1580,1827,2088,1102,217,ITH,ITH2,4,Provincia Autonoma Trento,P.A. Trento,541380,416992,77.02,0.63
2167,2021-03-31,PAT,2586,983,1603,1632,858,96,ITH,ITH2,4,Provincia Autonoma Trento,P.A. Trento,541380,419578,77.5,0.48
2168,2021-01-26,PAT,543,154,389,27,516,0,ITH,ITH2,4,Provincia Autonoma Trento,P.A. Trento,541380,420121,77.6,0.1
2169,2021-06-27,PAT,1303,698,605,359,940,4,ITH,ITH2,4,Provincia Autonoma Trento,P.A. Trento,541380,421424,77.84,0.24
2170,2021-01-12,PAT,507,158,349,506,0,1,ITH,ITH2,4,Provincia Autonoma Trento,P.A. Trento,541380,421931,77.94,0.09
2171,2021-05-25,PAT,4770,2269,2501,1721,2902,147,ITH,ITH2,4,Provincia Autonoma Trento,P.A. Trento,541380,426701,78.82,0.88
2172,2021-05-08,PAT,3162,1726,1436,2548,422,192,ITH,ITH2,4,Provincia Autonoma Trento,P.A. Trento,541380,429863,79.4,0.58
2173,2021-02-14,PAT,246,186,60,11,235,0,ITH,ITH2,4,Provincia Autonoma Trento,P.A. Trento,541380,430109,79.45,0.05
2174,2021-05-27,PAT,4295,1992,2303,1123,3043,129,ITH,ITH2,4,Provincia Autonoma Trento,P.A. Trento,541380,434404,80.24,0.79
2175,2021-01-31,PAT,76,16,60,1,75,0,ITH,ITH2,4,Provincia Autonoma Trento,P.A. Trento,541380,434480,80.25,0.01
2176,2021-07-04,PAT,211,119,92,61,148,2,ITH,ITH2,4,Provincia Autonoma Trento,P.A. Trento,541380,434691,80.29,0.04
2177,2021-01-02,PAT,502,143,359,502,0,0,ITH,ITH2,4,Provincia Autonoma Trento,P.A. Trento,541380,435193,80.39,0.09
2178,2021-03-29,PAT,2494,967,1527,1640,735,119,ITH,ITH2,4,Provincia Autonoma Trento,P.A. Trento,541380,437687,80.85,0.46
2179,2021-04-12,PAT,3085,1408,1677,2468,496,121,ITH,ITH2,4,Provincia Autonoma Trento,P.A. Trento,541380,440772,81.42,0.57
2180,2021-01-21,PAT,353,95,258,229,124,0,ITH,ITH2,4,Provincia Autonoma Trento,P.A. Trento,541380,441125,81.48,0.07
2181,2021-05-01,PAT,4851,2470,2381,4531,36,284,ITH,ITH2,4,Provincia Autonoma Trento,P.A. Trento,541380,445976,82.38,0.9
2182,2021-02-21,PAT,155,92,63,43,112,0,ITH,ITH2,4,Provincia Autonoma Trento,P.A. Trento,541380,446131,82.41,0.03
2183,2021-06-15,PAT,6241,3284,2957,1592,4515,134,ITH,ITH2,4,Provincia Autonoma Trento,P.A. Trento,541380,452372,83.56,1.15
2184,2021-05-06,PAT,5533,2741,2792,4387,780,366,ITH,ITH2,4,Provincia Autonoma Trento,P.A. Trento,541380,457905,84.58,1.02
2185,2021-03-19,PAT,2423,915,1508,1492,852,79,ITH,ITH2,4,Provincia Autonoma Trento,P.A. Trento,541380,460328,85.03,0.45
2186,2021-04-05,PAT,35,17,18,30,2,3,ITH,ITH2,4,Provincia Autonoma Trento,P.A. Trento,541380,460363,85.04,0.01
2187,2021-05-15,PAT,1569,815,754,638,890,41,ITH,ITH2,4,Provincia Autonoma Trento,P.A. Trento,541380,461932,85.32,0.29
2188,2021-06-01,PAT,4018,1879,2139,1054,2858,106,ITH,ITH2,4,Provincia Autonoma Trento,P.A. Trento,541380,465950,86.07,0.74
2189,2021-07-11,PAT,997,549,448,119,870,8,ITH,ITH2,4,Provincia Autonoma Trento,P.A. Trento,541380,466947,86.25,0.18
2190,2021-05-02,PAT,3514,1955,1559,3266,37,211,ITH,ITH2,4,Provincia Autonoma Trento,P.A. Trento,541380,470461,86.9,0.65
2191,2021-03-13,PAT,835,384,451,719,48,68,ITH,ITH2,4,Provincia Autonoma Trento,P.A. Trento,541380,471296,87.05,0.15
2192,2021-07-05,PAT,5235,2744,2491,3631,1366,238,ITH,ITH2,4,Provincia Autonoma Trento,P.A. Trento,541380,476531,88.02,0.97
2193,2021-06-21,PAT,6134,3312,2822,3557,2397,180,ITH,ITH2,4,Provincia Autonoma Trento,P.A. Trento,541380,482665,89.15,1.13
2194,2021-04-29,PAT,4651,2246,2405,4138,214,299,ITH,ITH2,4,Provincia Autonoma Trento,P.A. Trento,541380,487316,90.01,0.86
2195,2021-01-22,PAT,1674,435,1239,330,1343,1,ITH,ITH2,4,Provincia Autonoma Trento,P.A. Trento,541380,488990,90.32,0.31
2196,2021-02-05,PAT,805,272,533,283,522,0,ITH,ITH2,4,Provincia Autonoma Trento,P.A. Trento,541380,489795,90.47,0.15
2197,2021-05-16,PAT,1331,736,595,1025,239,67,ITH,ITH2,4,Provincia Autonoma Trento,P.A. Trento,541380,491126,90.72,0.25
2198,2021-01-05,PAT,711,233,478,711,0,0,ITH,ITH2,4,Provincia Autonoma Trento,P.A. Trento,541380,491837,90.85,0.13
2199,2021-04-15,PAT,3202,1443,1759,2810,154,238,ITH,ITH2,4,Provincia Autonoma Trento,P.A. Trento,541380,495039,91.44,0.59
2200,2021-06-18,PAT,6940,3692,3248,1729,5120,91,ITH,ITH2,4,Provincia Autonoma Trento,P.A. Trento,541380,501979,92.72,1.28
2201,2021-03-27,PAT,1620,710,910,1289,257,74,ITH,ITH2,4,Provincia Autonoma Trento,P.A. Trento,541380,503599,93.02,0.3
2202,2021-06-04,PAT,5834,2609,3225,1715,3997,122,ITH,ITH2,4,Provincia Autonoma Trento,P.A. Trento,541380,509433,94.1,1.08
2203,2021-02-24,PAT,1325,525,800,905,399,21,ITH,ITH2,4,Provincia Autonoma Trento,P.A. Trento,541380,510758,94.34,0.24
2204,2021-06-03,PAT,4771,2237,2534,1213,3466,92,ITH,ITH2,4,Provincia Autonoma Trento,P.A. Trento,541380,515529,95.22,0.88
2205,2021-01-19,PAT,407,77,330,407,0,0,ITH,ITH2,4,Provincia Autonoma Trento,P.A. Trento,541380,515936,95.3,0.08
2206,2021-03-10,PAT,2405,929,1476,1426,922,57,ITH,ITH2,4,Provincia Autonoma Trento,P.A. Trento,541380,518341,95.74,0.44
2207,2021-04-05,MAR,5691,2358,3333,4346,1269,76,ITI,ITI3,11,Marche,Marche,1525271,5691,0.37,0.37
2208,2021-06-27,MAR,9949,4820,5129,4487,5291,171,ITI,ITI3,11,Marche,Marche,1525271,15640,1.03,0.65
2209,2021-03-19,MAR,3881,1621,2260,325,3544,12,ITI,ITI3,11,Marche,Marche,1525271,19521,1.28,0.25
2210,2021-03-17,MAR,3476,1525,1951,105,3369,2,ITI,ITI3,11,Marche,Marche,1525271,22997,1.51,0.23
2211,2021-05-20,MAR,12681,5960,6721,7534,4896,251,ITI,ITI3,11,Marche,Marche,1525271,35678,2.34,0.83
2212,2021-02-07,MAR,1871,735,1136,332,1527,12,ITI,ITI3,11,Marche,Marche,1525271,37549,2.46,0.12
2213,2021-05-27,MAR,13732,6817,6915,9180,4301,251,ITI,ITI3,11,Marche,Marche,1525271,51281,3.36,0.9
2214,2021-03-31,MAR,7374,3086,4288,4268,3023,83,ITI,ITI3,11,Marche,Marche,1525271,58655,3.85,0.48
2215,2021-07-09,MAR,14905,7505,7400,2570,12122,213,ITI,ITI3,11,Marche,Marche,1525271,73560,4.82,0.98
2216,2021-01-26,MAR,2021,747,1274,80,1932,9,ITI,ITI3,11,Marche,Marche,1525271,75581,4.96,0.13
2217,2021-07-11,MAR,10415,5232,5183,1623,8656,136,ITI,ITI3,11,Marche,Marche,1525271,85996,5.64,0.68
2218,2021-04-19,MAR,9602,4498,5104,7901,1581,120,ITI,ITI3,11,Marche,Marche,1525271,95598,6.27,0.63
2219,2021-02-14,MAR,739,301,438,727,0,12,ITI,ITI3,11,Marche,Marche,1525271,96337,6.32,0.05
2220,2021-05-15,MAR,14113,6437,7676,7831,6037,245,ITI,ITI3,11,Marche,Marche,1525271,110450,7.24,0.93
2221,2021-02-19,MAR,2002,739,1263,1826,135,41,ITI,ITI3,11,Marche,Marche,1525271,112452,7.37,0.13
2222,2021-06-15,MAR,13190,6566,6624,9822,3051,317,ITI,ITI3,11,Marche,Marche,1525271,125642,8.24,0.86
2223,2021-01-12,MAR,1231,417,814,1218,0,13,ITI,ITI3,11,Marche,Marche,1525271,126873,8.32,0.08
2224,2021-06-22,MAR,13218,6482,6736,6474,6461,283,ITI,ITI3,11,Marche,Marche,1525271,140091,9.18,0.87
2225,2021-04-26,MAR,9170,4062,5108,6023,3022,125,ITI,ITI3,11,Marche,Marche,1525271,149261,9.79,0.6
2226,2021-03-24,MAR,7080,3009,4071,3296,3716,68,ITI,ITI3,11,Marche,Marche,1525271,156341,10.25,0.46
2227,2021-06-01,MAR,12057,6158,5899,9683,2090,284,ITI,ITI3,11,Marche,Marche,1525271,168398,11.04,0.79
2228,2021-03-10,MAR,5710,2440,3270,4480,1178,52,ITI,ITI3,11,Marche,Marche,1525271,174108,11.41,0.37
2229,2021-02-21,MAR,376,141,235,363,1,12,ITI,ITI3,11,Marche,Marche,1525271,174484,11.44,0.02
2230,2021-01-19,MAR,232,87,145,139,90,3,ITI,ITI3,11,Marche,Marche,1525271,174716,11.45,0.02
2231,2021-01-21,MAR,919,261,658,574,328,17,ITI,ITI3,11,Marche,Marche,1525271,175635,11.52,0.06
2232,2021-05-01,MAR,9318,3924,5394,3500,5742,76,ITI,ITI3,11,Marche,Marche,1525271,184953,12.13,0.61
2233,2021-03-05,MAR,6224,2872,3352,4693,1468,63,ITI,ITI3,11,Marche,Marche,1525271,191177,12.53,0.41
2234,2021-01-07,MAR,1809,636,1173,1793,0,16,ITI,ITI3,11,Marche,Marche,1525271,192986,12.65,0.12
2235,2021-07-18,MAR,9702,5074,4628,1036,8575,91,ITI,ITI3,11,Marche,Marche,1525271,202688,13.29,0.64
2236,2021-01-31,MAR,1919,770,1149,97,1818,4,ITI,ITI3,11,Marche,Marche,1525271,204607,13.41,0.13
2237,2021-04-07,MAR,8178,3615,4563,7716,347,115,ITI,ITI3,11,Marche,Marche,1525271,212785,13.95,0.54
2238,2021-02-09,MAR,124,42,82,46,78,0,ITI,ITI3,11,Marche,Marche,1525271,212909,13.96,0.01
2239,2021-07-16,MAR,15844,8240,7604,1852,13735,257,ITI,ITI3,11,Marche,Marche,1525271,228753,15.0,1.04
2240,2021-06-12,MAR,13775,7312,6463,12105,1339,331,ITI,ITI3,11,Marche,Marche,1525271,242528,15.9,0.9
2241,2021-04-16,MAR,10082,4702,5380,9361,525,196,ITI,ITI3,11,Marche,Marche,1525271,252610,16.56,0.66
2242,2021-02-28,MAR,2836,1251,1585,2822,6,8,ITI,ITI3,11,Marche,Marche,1525271,255446,16.75,0.19
2243,2021-06-08,MAR,14099,7096,7003,11197,2611,291,ITI,ITI3,11,Marche,Marche,1525271,269545,17.67,0.92
2244,2021-03-02,MAR,5002,1967,3035,4371,566,65,ITI,ITI3,11,Marche,Marche,1525271,274547,18.0,0.33
2245,2021-06-10,MAR,14927,7693,7234,12572,2013,342,ITI,ITI3,11,Marche,Marche,1525271,289474,18.98,0.98
2246,2021-03-29,MAR,5894,2581,3313,3392,2455,47,ITI,ITI3,11,Marche,Marche,1525271,295368,19.36,0.39
2247,2021-06-03,MAR,14633,7481,7152,12076,2252,305,ITI,ITI3,11,Marche,Marche,1525271,310001,20.32,0.96
2248,2021-02-18,MAR,2143,785,1358,1808,286,49,ITI,ITI3,11,Marche,Marche,1525271,312144,20.46,0.14
2249,2021-05-29,MAR,12860,6233,6627,8114,4528,218,ITI,ITI3,11,Marche,Marche,1525271,325004,21.31,0.84
2250,2021-05-08,MAR,12271,5477,6794,4857,7249,165,ITI,ITI3,11,Marche,Marche,1525271,337275,22.11,0.8
2251,2021-01-09,MAR,1716,606,1110,1696,0,20,ITI,ITI3,11,Marche,Marche,1525271,338991,22.22,0.11
2252,2021-04-02,MAR,6886,2983,3903,6039,739,108,ITI,ITI3,11,Marche,Marche,1525271,345877,22.68,0.45
2253,2021-03-16,MAR,3519,1521,1998,285,3228,6,ITI,ITI3,11,Marche,Marche,1525271,349396,22.91,0.23
2254,2021-07-04,MAR,10894,5444,5450,3203,7529,162,ITI,ITI3,11,Marche,Marche,1525271,360290,23.62,0.71
2255,2020-12-31,MAR,392,184,208,390,0,2,ITI,ITI3,11,Marche,Marche,1525271,360682,23.65,0.03
2256,2021-02-04,MAR,2386,843,1543,107,2274,5,ITI,ITI3,11,Marche,Marche,1525271,363068,23.8,0.16
2257,2021-01-18,MAR,696,237,459,536,149,11,ITI,ITI3,11,Marche,Marche,1525271,363764,23.85,0.05
2258,2021-02-02,MAR,1193,398,795,71,1122,0,ITI,ITI3,11,Marche,Marche,1525271,364957,23.93,0.08
2259,2021-05-13,MAR,12604,5695,6909,6827,5500,277,ITI,ITI3,11,Marche,Marche,1525271,377561,24.75,0.83
2260,2021-04-12,MAR,8565,3771,4794,7936,482,147,ITI,ITI3,11,Marche,Marche,1525271,386126,25.32,0.56
2261,2021-01-02,MAR,456,141,315,454,0,2,ITI,ITI3,11,Marche,Marche,1525271,386582,25.35,0.03
2262,2021-03-07,MAR,5180,2107,3073,4379,754,47,ITI,ITI3,11,Marche,Marche,1525271,391762,25.68,0.34
2263,2021-01-23,MAR,557,190,367,120,434,3,ITI,ITI3,11,Marche,Marche,1525271,392319,25.72,0.04
2264,2021-06-29,MAR,13370,6599,6771,4927,8216,227,ITI,ITI3,11,Marche,Marche,1525271,405689,26.6,0.88
2265,2021-05-03,MAR,10392,4682,5710,4849,5409,134,ITI,ITI3,11,Marche,Marche,1525271,416081,27.28,0.68
2266,2021-03-28,MAR,4125,1739,2386,2396,1691,38,ITI,ITI3,11,Marche,Marche,1525271,420206,27.55,0.27
2267,2021-01-30,MAR,1905,668,1237,26,1879,0,ITI,ITI3,11,Marche,Marche,1525271,422111,27.67,0.12
2268,2021-03-12,MAR,4682,2000,2682,3348,1280,54,ITI,ITI3,11,Marche,Marche,1525271,426793,27.98,0.31
2269,2021-01-14,MAR,2012,694,1318,1988,0,24,ITI,ITI3,11,Marche,Marche,1525271,428805,28.11,0.13
2270,2021-06-20,MAR,11157,5545,5612,5990,4985,182,ITI,ITI3,11,Marche,Marche,1525271,439962,28.84,0.73
2271,2021-04-24,MAR,12166,5363,6803,7559,4464,143,ITI,ITI3,11,Marche,Marche,1525271,452128,29.64,0.8
2272,2021-02-26,MAR,3677,1523,2154,3098,476,103,ITI,ITI3,11,Marche,Marche,1525271,455805,29.88,0.24
2273,2021-01-04,MAR,1513,573,940,1501,0,12,ITI,ITI3,11,Marche,Marche,1525271,457318,29.98,0.1
2274,2021-04-14,MAR,10213,4562,5651,9659,370,184,ITI,ITI3,11,Marche,Marche,1525271,467531,30.65,0.67
2275,2020-12-30,MAR,17,5,12,17,0,0,ITI,ITI3,11,Marche,Marche,1525271,467548,30.65,0.0
2276,2021-04-09,MAR,9571,4191,5380,9158,200,213,ITI,ITI3,11,Marche,Marche,1525271,477119,31.28,0.63
2277,2021-05-24,MAR,10984,5186,5798,7944,2863,177,ITI,ITI3,11,Marche,Marche,1525271,488103,32.0,0.72
2278,2021-05-22,MAR,11937,5719,6218,7319,4448,170,ITI,ITI3,11,Marche,Marche,1525271,500040,32.78,0.78
2279,2021-02-11,MAR,1987,657,1330,1557,389,41,ITI,ITI3,11,Marche,Marche,1525271,502027,32.91,0.13
2280,2021-05-05,MAR,11691,5320,6371,5105,6429,157,ITI,ITI3,11,Marche,Marche,1525271,513718,33.68,0.77
2281,2021-02-16,MAR,1287,475,812,1226,30,31,ITI,ITI3,11,Marche,Marche,1525271,515005,33.76,0.08
2282,2021-02-25,MAR,3559,1463,2096,3319,181,59,ITI,ITI3,11,Marche,Marche,1525271,518564,34.0,0.23
2283,2021-06-05,MAR,13940,7008,6932,11517,2059,364,ITI,ITI3,11,Marche,Marche,1525271,532504,34.91,0.91
2284,2021-04-23,MAR,11306,5218,6088,8091,3055,160,ITI,ITI3,11,Marche,Marche,1525271,543810,35.65,0.74
2285,2021-02-23,MAR,3314,1432,1882,3243,56,15,ITI,ITI3,11,Marche,Marche,1525271,547124,35.87,0.22
2286,2021-06-24,MAR,13827,6670,7157,6185,7371,271,ITI,ITI3,11,Marche,Marche,1525271,560951,36.78,0.91
2287,2021-01-11,MAR,1177,412,765,1159,0,18,ITI,ITI3,11,Marche,Marche,1525271,562128,36.85,0.08
2288,2021-04-21,MAR,10783,4967,5816,9436,1194,153,ITI,ITI3,11,Marche,Marche,1525271,572911,37.56,0.71
2289,2021-01-28,MAR,2086,725,1361,163,1922,1,ITI,ITI3,11,Marche,Marche,1525271,574997,37.7,0.14
2290,2021-04-28,MAR,10928,4979,5949,6026,4733,169,ITI,ITI3,11,Marche,Marche,1525271,585925,38.41,0.72
2291,2021-03-26,MAR,6381,2620,3761,3470,2855,56,ITI,ITI3,11,Marche,Marche,1525271,592306,38.83,0.42
2292,2021-06-17,MAR,15191,7557,7634,8800,6096,295,ITI,ITI3,11,Marche,Marche,1525271,607497,39.83,1.0
2293,2021-03-09,MAR,5431,2293,3138,4465,881,85,ITI,ITI3,11,Marche,Marche,1525271,612928,40.18,0.36
2294,2021-05-10,MAR,9452,4338,5114,4771,4553,128,ITI,ITI3,11,Marche,Marche,1525271,622380,40.8,0.62
2295,2021-03-14,MAR,2499,1032,1467,1897,592,10,ITI,ITI3,11,Marche,Marche,1525271,624879,40.97,0.16
2296,2021-03-21,MAR,4505,1873,2632,1614,2876,15,ITI,ITI3,11,Marche,Marche,1525271,629384,41.26,0.3
2297,2021-02-06,MAR,2463,902,1561,513,1941,9,ITI,ITI3,11,Marche,Marche,1525271,631847,41.43,0.16
2298,2021-01-06,MAR,2205,801,1404,2186,0,19,ITI,ITI3,11,Marche,Marche,1525271,634052,41.57,0.14
2299,2021-03-04,MAR,6537,2893,3644,5084,1393,60,ITI,ITI3,11,Marche,Marche,1525271,640589,42.0,0.43
2300,2021-03-13,MAR,5804,2680,3124,1765,3999,40,ITI,ITI3,11,Marche,Marche,1525271,646393,42.38,0.38
2301,2021-06-21,MAR,12603,6182,6421,5481,6877,245,ITI,ITI3,11,Marche,Marche,1525271,658996,43.21,0.83
2302,2021-05-09,MAR,8863,4020,4843,3559,5227,77,ITI,ITI3,11,Marche,Marche,1525271,667859,43.79,0.58
2303,2021-05-12,MAR,10430,4691,5739,4737,5503,190,ITI,ITI3,11,Marche,Marche,1525271,678289,44.47,0.68
2304,2021-07-08,MAR,15038,7539,7499,2790,12023,225,ITI,ITI3,11,Marche,Marche,1525271,693327,45.46,0.99
2305,2021-07-01,MAR,14684,7364,7320,4658,9748,278,ITI,ITI3,11,Marche,Marche,1525271,708011,46.42,0.96
2306,2021-01-15,MAR,1771,500,1271,1754,0,17,ITI,ITI3,11,Marche,Marche,1525271,709782,46.53,0.12
2307,2021-04-25,MAR,8599,3993,4606,6897,1575,127,ITI,ITI3,11,Marche,Marche,1525271,718381,47.1,0.56
2308,2021-05-07,MAR,12840,5806,7034,3583,9179,78,ITI,ITI3,11,Marche,Marche,1525271,731221,47.94,0.84
2309,2021-02-13,MAR,1093,462,631,988,82,23,ITI,ITI3,11,Marche,Marche,1525271,732314,48.01,0.07
2310,2021-01-27,MAR,2120,780,1340,118,2000,2,ITI,ITI3,11,Marche,Marche,1525271,734434,48.15,0.14
2311,2021-04-20,MAR,10752,5027,5725,9153,1470,129,ITI,ITI3,11,Marche,Marche,1525271,745186,48.86,0.7
2312,2021-04-04,MAR,3824,1792,2032,2606,1169,49,ITI,ITI3,11,Marche,Marche,1525271,749010,49.11,0.25
2313,2021-07-13,MAR,14845,7275,7570,1452,13263,130,ITI,ITI3,11,Marche,Marche,1525271,763855,50.08,0.97
2314,2021-06-09,MAR,14280,7417,6863,12109,1870,301,ITI,ITI3,11,Marche,Marche,1525271,778135,51.02,0.94
2315,2021-06-07,MAR,13320,6588,6732,10567,2450,303,ITI,ITI3,11,Marche,Marche,1525271,791455,51.89,0.87
2316,2021-02-27,MAR,3401,1457,1944,3158,209,34,ITI,ITI3,11,Marche,Marche,1525271,794856,52.11,0.22
2317,2021-04-13,MAR,9838,4260,5578,9412,233,193,ITI,ITI3,11,Marche,Marche,1525271,804694,52.76,0.65
2318,2021-07-05,MAR,13151,6499,6652,2920,10060,171,ITI,ITI3,11,Marche,Marche,1525271,817845,53.62,0.86
2319,2021-06-16,MAR,13759,6915,6844,9130,4366,263,ITI,ITI3,11,Marche,Marche,1525271,831604,54.52,0.9
2320,2021-06-02,MAR,11901,5939,5962,11030,676,195,ITI,ITI3,11,Marche,Marche,1525271,843505,55.3,0.78
2321,2021-02-22,MAR,3461,1532,1929,3352,75,34,ITI,ITI3,11,Marche,Marche,1525271,846966,55.53,0.23
2322,2021-07-17,MAR,15140,7792,7348,1391,13538,211,ITI,ITI3,11,Marche,Marche,1525271,862106,56.52,0.99
2323,2021-05-21,MAR,13901,6590,7311,7226,6464,211,ITI,ITI3,11,Marche,Marche,1525271,876007,57.43,0.91
2324,2021-05-28,MAR,13956,6736,7220,8801,4857,298,ITI,ITI3,11,Marche,Marche,1525271,889963,58.35,0.91
2325,2021-04-01,MAR,7576,3182,4394,4068,3416,92,ITI,ITI3,11,Marche,Marche,1525271,897539,58.84,0.5
2326,2021-02-15,MAR,967,412,555,939,13,15,ITI,ITI3,11,Marche,Marche,1525271,898506,58.91,0.06
2327,2021-05-26,MAR,11888,5952,5936,8449,3225,214,ITI,ITI3,11,Marche,Marche,1525271,910394,59.69,0.78
2328,2021-03-30,MAR,7475,3075,4400,4580,2823,72,ITI,ITI3,11,Marche,Marche,1525271,917869,60.18,0.49
2329,2021-02-01,MAR,1362,479,883,94,1265,3,ITI,ITI3,11,Marche,Marche,1525271,919231,60.27,0.09
2330,2021-03-06,MAR,5737,2641,3096,4423,1267,47,ITI,ITI3,11,Marche,Marche,1525271,924968,60.64,0.38
2331,2021-06-14,MAR,12833,6484,6349,9256,3308,269,ITI,ITI3,11,Marche,Marche,1525271,937801,61.48,0.84
2332,2021-01-13,MAR,2107,746,1361,2066,0,41,ITI,ITI3,11,Marche,Marche,1525271,939908,61.62,0.14
2333,2021-05-02,MAR,8901,3938,4963,3082,5739,80,ITI,ITI3,11,Marche,Marche,1525271,948809,62.21,0.58
2334,2021-06-28,MAR,12303,5999,6304,4609,7459,235,ITI,ITI3,11,Marche,Marche,1525271,961112,63.01,0.81
2335,2021-03-18,MAR,3438,1505,1933,150,3276,12,ITI,ITI3,11,Marche,Marche,1525271,964550,63.24,0.23
2336,2021-06-26,MAR,13574,6904,6670,5688,7669,217,ITI,ITI3,11,Marche,Marche,1525271,978124,64.13,0.89
2337,2021-05-23,MAR,9209,4283,4926,7413,1672,124,ITI,ITI3,11,Marche,Marche,1525271,987333,64.73,0.6
2338,2021-05-06,MAR,12655,5822,6833,5362,7071,222,ITI,ITI3,11,Marche,Marche,1525271,999988,65.56,0.83
2339,2021-02-12,MAR,1582,618,964,1404,152,26,ITI,ITI3,11,Marche,Marche,1525271,1001570,65.67,0.1
2340,2021-07-10,MAR,14178,7240,6938,1673,12300,205,ITI,ITI3,11,Marche,Marche,1525271,1015748,66.59,0.93
2341,2021-04-22,MAR,10797,4930,5867,9083,1578,136,ITI,ITI3,11,Marche,Marche,1525271,1026545,67.3,0.71
2342,2021-02-24,MAR,3534,1547,1987,3424,78,32,ITI,ITI3,11,Marche,Marche,1525271,1030079,67.53,0.23
2343,2021-01-25,MAR,1596,558,1038,94,1502,0,ITI,ITI3,11,Marche,Marche,1525271,1031675,67.64,0.1
2344,2021-01-08,MAR,1582,592,990,1567,0,15,ITI,ITI3,11,Marche,Marche,1525271,1033257,67.74,0.1
2345,2021-04-18,MAR,8824,4131,4693,7735,921,168,ITI,ITI3,11,Marche,Marche,1525271,1042081,68.32,0.58
2346,2021-01-29,MAR,1992,730,1262,161,1826,5,ITI,ITI3,11,Marche,Marche,1525271,1044073,68.45,0.13
2347,2021-05-18,MAR,11256,5339,5917,7477,3601,178,ITI,ITI3,11,Marche,Marche,1525271,1055329,69.19,0.74
2348,2021-05-11,MAR,10623,4832,5791,5490,4943,190,ITI,ITI3,11,Marche,Marche,1525271,1065952,69.89,0.7
2349,2021-04-06,MAR,8874,3693,5181,7931,810,133,ITI,ITI3,11,Marche,Marche,1525271,1074826,70.47,0.58
2350,2021-03-23,MAR,5838,2556,3282,2227,3576,35,ITI,ITI3,11,Marche,Marche,1525271,1080664,70.85,0.38
2351,2021-02-08,MAR,833,258,575,366,462,5,ITI,ITI3,11,Marche,Marche,1525271,1081497,70.91,0.05
2352,2021-07-15,MAR,16011,8288,7723,1753,14030,228,ITI,ITI3,11,Marche,Marche,1525271,1097508,71.95,1.05
2353,2021-05-19,MAR,11660,5362,6298,8369,3096,195,ITI,ITI3,11,Marche,Marche,1525271,1109168,72.72,0.76
2354,2021-03-27,MAR,7415,3092,4323,4950,2393,72,ITI,ITI3,11,Marche,Marche,1525271,1116583,73.21,0.49
2355,2021-04-10,MAR,10918,4621,6297,10370,313,235,ITI,ITI3,11,Marche,Marche,1525271,1127501,73.92,0.72
2356,2021-01-03,MAR,907,354,553,897,0,10,ITI,ITI3,11,Marche,Marche,1525271,1128408,73.98,0.06
2357,2021-03-22,MAR,5700,2409,3291,2482,3175,43,ITI,ITI3,11,Marche,Marche,1525271,1134108,74.35,0.37
2358,2021-01-24,MAR,881,339,542,5,876,0,ITI,ITI3,11,Marche,Marche,1525271,1134989,74.41,0.06
2359,2021-06-30,MAR,13648,6663,6985,4452,8985,211,ITI,ITI3,11,Marche,Marche,1525271,1148637,75.31,0.89
2360,2021-05-04,MAR,10972,4839,6133,4928,5903,141,ITI,ITI3,11,Marche,Marche,1525271,1159609,76.03,0.72
2361,2021-03-20,MAR,4178,1759,2419,1035,3129,14,ITI,ITI3,11,Marche,Marche,1525271,1163787,76.3,0.27
2362,2021-01-22,MAR,489,168,321,193,294,2,ITI,ITI3,11,Marche,Marche,1525271,1164276,76.33,0.03
2363,2021-07-07,MAR,14276,7079,7197,2958,11077,241,ITI,ITI3,11,Marche,Marche,1525271,1178552,77.27,0.94
2364,2021-06-04,MAR,14335,7289,7046,11590,2438,307,ITI,ITI3,11,Marche,Marche,1525271,1192887,78.21,0.94
2365,2021-04-08,MAR,8692,3805,4887,8217,345,130,ITI,ITI3,11,Marche,Marche,1525271,1201579,78.78,0.57
2366,2021-03-03,MAR,6699,3076,3623,5718,884,97,ITI,ITI3,11,Marche,Marche,1525271,1208278,79.22,0.44
2367,2021-01-05,MAR,1578,591,987,1559,0,19,ITI,ITI3,11,Marche,Marche,1525271,1209856,79.32,0.1
2368,2021-04-15,MAR,10378,4675,5703,9579,565,234,ITI,ITI3,11,Marche,Marche,1525271,1220234,80.0,0.68
2369,2021-07-14,MAR,13850,6820,7030,1784,11875,191,ITI,ITI3,11,Marche,Marche,1525271,1234084,80.91,0.91
2370,2021-01-10,MAR,1745,701,1044,1731,0,14,ITI,ITI3,11,Marche,Marche,1525271,1235829,81.02,0.11
2371,2021-07-12,MAR,13721,6803,6918,1228,12375,118,ITI,ITI3,11,Marche,Marche,1525271,1249550,81.92,0.9
2372,2021-04-03,MAR,7574,3205,4369,6738,667,169,ITI,ITI3,11,Marche,Marche,1525271,1257124,82.42,0.5
2373,2021-06-25,MAR,14343,7171,7172,6422,7634,287,ITI,ITI3,11,Marche,Marche,1525271,1271467,83.36,0.94
2374,2021-02-10,MAR,1439,452,987,1038,359,42,ITI,ITI3,11,Marche,Marche,1525271,1272906,83.45,0.09
2375,2021-06-11,MAR,13991,7151,6840,11367,2321,303,ITI,ITI3,11,Marche,Marche,1525271,1286897,84.37,0.92
2376,2021-05-25,MAR,11767,5798,5969,8497,3050,220,ITI,ITI3,11,Marche,Marche,1525271,1298664,85.14,0.77
2377,2021-03-15,MAR,4449,2059,2390,1291,3137,21,ITI,ITI3,11,Marche,Marche,1525271,1303113,85.43,0.29
2378,2021-06-23,MAR,13893,6817,7076,6626,7012,255,ITI,ITI3,11,Marche,Marche,1525271,1317006,86.35,0.91
2379,2021-04-17,MAR,11704,5316,6388,10400,1073,231,ITI,ITI3,11,Marche,Marche,1525271,1328710,87.11,0.77
2380,2021-06-13,MAR,10746,5563,5183,9203,1294,249,ITI,ITI3,11,Marche,Marche,1525271,1339456,87.82,0.7
2381,2020-12-27,MAR,205,100,105,203,0,2,ITI,ITI3,11,Marche,Marche,1525271,1339661,87.83,0.01
2382,2021-03-08,MAR,6297,2759,3538,5187,1002,108,ITI,ITI3,11,Marche,Marche,1525271,1345958,88.24,0.41
2383,2021-02-05,MAR,2155,654,1501,438,1716,1,ITI,ITI3,11,Marche,Marche,1525271,1348113,88.39,0.14
2384,2021-05-16,MAR,10898,4957,5941,6551,4228,119,ITI,ITI3,11,Marche,Marche,1525271,1359011,89.1,0.71
2385,2021-05-30,MAR,9732,4690,5042,6547,2989,196,ITI,ITI3,11,Marche,Marche,1525271,1368743,89.74,0.64
2386,2021-02-17,MAR,1828,701,1127,1642,118,68,ITI,ITI3,11,Marche,Marche,1525271,1370571,89.86,0.12
2387,2021-03-01,MAR,3772,1520,2252,3503,248,21,ITI,ITI3,11,Marche,Marche,1525271,1374343,90.1,0.25
2388,2021-04-27,MAR,9591,4389,5202,5511,3987,93,ITI,ITI3,11,Marche,Marche,1525271,1383934,90.73,0.63
2389,2021-01-17,MAR,1617,694,923,1550,61,6,ITI,ITI3,11,Marche,Marche,1525271,1385551,90.84,0.11
2390,2021-06-06,MAR,12451,6136,6315,10638,1577,236,ITI,ITI3,11,Marche,Marche,1525271,1398002,91.66,0.82
2391,2021-07-06,MAR,13969,6924,7045,3144,10602,223,ITI,ITI3,11,Marche,Marche,1525271,1411971,92.57,0.92
2392,2021-01-16,MAR,2036,733,1303,1986,0,50,ITI,ITI3,11,Marche,Marche,1525271,1414007,92.71,0.13
2393,2021-06-19,MAR,14688,7402,7286,7749,6674,265,ITI,ITI3,11,Marche,Marche,1525271,1428695,93.67,0.96
2394,2021-05-31,MAR,11782,5944,5838,8600,2930,252,ITI,ITI3,11,Marche,Marche,1525271,1440477,94.44,0.77
2395,2021-05-17,MAR,12044,5649,6395,7470,4354,220,ITI,ITI3,11,Marche,Marche,1525271,1452521,95.23,0.79
2396,2021-04-30,MAR,14150,6199,7951,5404,8559,187,ITI,ITI3,11,Marche,Marche,1525271,1466671,96.16,0.93
2397,2021-04-11,MAR,7116,3115,4001,6692,286,138,ITI,ITI3,11,Marche,Marche,1525271,1473787,96.62,0.47
2398,2021-03-11,MAR,6635,2824,3811,5149,1411,75,ITI,ITI3,11,Marche,Marche,1525271,1480422,97.06,0.44
2399,2021-03-25,MAR,6702,2794,3908,3190,3456,56,ITI,ITI3,11,Marche,Marche,1525271,1487124,97.5,0.44
2400,2021-07-03,MAR,13843,6991,6852,4136,9395,312,ITI,ITI3,11,Marche,Marche,1525271,1500967,98.41,0.91
2401,2021-02-20,MAR,4163,1733,2430,4042,111,10,ITI,ITI3,11,Marche,Marche,1525271,1505130,98.68,0.27
2402,2021-01-20,MAR,406,100,306,384,20,2,ITI,ITI3,11,Marche,Marche,1525271,1505536,98.71,0.03
2403,2021-02-03,MAR,2124,741,1383,98,2005,21,ITI,ITI3,11,Marche,Marche,1525271,1507660,98.85,0.14
2404,2021-05-14,MAR,13633,6292,7341,6509,6912,212,ITI,ITI3,11,Marche,Marche,1525271,1521293,99.74,0.89
2405,2021-07-02,MAR,14544,7173,7371,4673,9641,230,ITI,ITI3,11,Marche,Marche,1525271,1535837,100.69,0.95
2406,2021-06-18,MAR,15349,7649,7700,8299,6751,299,ITI,ITI3,11,Marche,Marche,1525271,1551186,101.7,1.01
2407,2021-04-29,MAR,13439,6153,7286,7164,6098,177,ITI,ITI3,11,Marche,Marche,1525271,1564625,102.58,0.88
2408,2021-02-19,MOL,169,93,76,167,2,0,ITF,ITF2,14,Molise,Molise,305617,169,0.06,0.06
2409,2021-03-10,MOL,1737,720,1017,1667,50,20,ITF,ITF2,14,Molise,Molise,305617,1906,0.62,0.57
2410,2021-06-01,MOL,2598,1322,1276,2454,108,36,ITF,ITF2,14,Molise,Molise,305617,4504,1.47,0.85
2411,2021-07-14,MOL,3340,1638,1702,193,3131,16,ITF,ITF2,14,Molise,Molise,305617,7844,2.57,1.09
2412,2021-04-05,MOL,391,189,202,292,99,0,ITF,ITF2,14,Molise,Molise,305617,8235,2.69,0.13
2413,2021-03-29,MOL,2033,835,1198,1518,486,29,ITF,ITF2,14,Molise,Molise,305617,10268,3.36,0.67
2414,2021-01-31,MOL,268,70,198,6,262,0,ITF,ITF2,14,Molise,Molise,305617,10536,3.45,0.09
2415,2021-07-16,MOL,2773,1407,1366,365,2381,27,ITF,ITF2,14,Molise,Molise,305617,13309,4.35,0.91
2416,2021-02-07,MOL,66,32,34,19,47,0,ITF,ITF2,14,Molise,Molise,305617,13375,4.38,0.02
2417,2021-05-18,MOL,1645,877,768,984,655,6,ITF,ITF2,14,Molise,Molise,305617,15020,4.91,0.54
2418,2021-03-22,MOL,1149,441,708,889,244,16,ITF,ITF2,14,Molise,Molise,305617,16169,5.29,0.38
2419,2021-05-20,MOL,2661,1371,1290,2397,186,78,ITF,ITF2,14,Molise,Molise,305617,18830,6.16,0.87
2420,2021-03-24,MOL,1631,658,973,1212,402,17,ITF,ITF2,14,Molise,Molise,305617,20461,6.69,0.53
2421,2021-07-02,MOL,2628,1275,1353,121,2499,8,ITF,ITF2,14,Molise,Molise,305617,23089,7.55,0.86
2422,2021-07-04,MOL,2150,1085,1065,577,1550,23,ITF,ITF2,14,Molise,Molise,305617,25239,8.26,0.7
2423,2021-01-17,MOL,78,38,40,48,30,0,ITF,ITF2,14,Molise,Molise,305617,25317,8.28,0.03
2424,2021-01-26,MOL,450,184,266,8,442,0,ITF,ITF2,14,Molise,Molise,305617,25767,8.43,0.15
2425,2021-05-06,MOL,2679,1214,1465,2042,598,39,ITF,ITF2,14,Molise,Molise,305617,28446,9.31,0.88
2426,2021-05-01,MOL,2648,1269,1379,405,2224,19,ITF,ITF2,14,Molise,Molise,305617,31094,10.17,0.87
2427,2021-03-05,MOL,1219,649,570,1003,204,12,ITF,ITF2,14,Molise,Molise,305617,32313,10.57,0.4
2428,2021-06-13,MOL,2793,1490,1303,2434,325,34,ITF,ITF2,14,Molise,Molise,305617,35106,11.49,0.91
2429,2021-04-17,MOL,3054,1501,1553,1543,1486,25,ITF,ITF2,14,Molise,Molise,305617,38160,12.49,1.0
2430,2021-06-20,MOL,422,174,248,47,371,4,ITF,ITF2,14,Molise,Molise,305617,38582,12.62,0.14
2431,2021-04-24,MOL,2551,1202,1349,695,1841,15,ITF,ITF2,14,Molise,Molise,305617,41133,13.46,0.83
2432,2021-02-26,MOL,563,260,303,489,73,1,ITF,ITF2,14,Molise,Molise,305617,41696,13.64,0.18
2433,2021-06-06,MOL,2063,1061,1002,1723,323,17,ITF,ITF2,14,Molise,Molise,305617,43759,14.32,0.68
2434,2021-06-27,MOL,2364,1119,1245,1128,1226,10,ITF,ITF2,14,Molise,Molise,305617,46123,15.09,0.77
2435,2021-01-07,MOL,598,209,389,598,0,0,ITF,ITF2,14,Molise,Molise,305617,46721,15.29,0.2
2436,2021-02-12,MOL,332,150,182,207,124,1,ITF,ITF2,14,Molise,Molise,305617,47053,15.4,0.11
2437,2021-01-12,MOL,336,114,222,336,0,0,ITF,ITF2,14,Molise,Molise,305617,47389,15.51,0.11
2438,2021-02-24,MOL,666,278,388,325,333,8,ITF,ITF2,14,Molise,Molise,305617,48055,15.72,0.22
2439,2021-07-09,MOL,3436,1649,1787,166,3252,18,ITF,ITF2,14,Molise,Molise,305617,51491,16.85,1.12
2440,2021-03-31,MOL,2193,919,1274,1307,819,67,ITF,ITF2,14,Molise,Molise,305617,53684,17.57,0.72
2441,2021-05-13,MOL,3039,1410,1629,2528,457,54,ITF,ITF2,14,Molise,Molise,305617,56723,18.56,0.99
2442,2021-04-28,MOL,1696,925,771,471,1218,7,ITF,ITF2,14,Molise,Molise,305617,58419,19.12,0.55
2443,2021-05-25,MOL,1963,887,1076,1297,630,36,ITF,ITF2,14,Molise,Molise,305617,60382,19.76,0.64
2444,2021-01-04,MOL,314,131,183,314,0,0,ITF,ITF2,14,Molise,Molise,305617,60696,19.86,0.1
2445,2021-04-14,MOL,1806,767,1039,1135,661,10,ITF,ITF2,14,Molise,Molise,305617,62502,20.45,0.59
2446,2021-02-16,MOL,156,70,86,149,6,1,ITF,ITF2,14,Molise,Molise,305617,62658,20.5,0.05
2447,2021-05-27,MOL,2835,1348,1487,1962,836,37,ITF,ITF2,14,Molise,Molise,305617,65493,21.43,0.93
2448,2021-04-10,MOL,2641,1262,1379,2454,152,35,ITF,ITF2,14,Molise,Molise,305617,68134,22.29,0.86
2449,2021-02-05,MOL,593,269,324,55,538,0,ITF,ITF2,14,Molise,Molise,305617,68727,22.49,0.19
2450,2021-01-19,MOL,173,63,110,162,11,0,ITF,ITF2,14,Molise,Molise,305617,68900,22.54,0.06
2451,2021-04-29,MOL,2240,1147,1093,878,1348,14,ITF,ITF2,14,Molise,Molise,305617,71140,23.28,0.73
2452,2021-04-12,MOL,1299,557,742,1037,251,11,ITF,ITF2,14,Molise,Molise,305617,72439,23.7,0.43
2453,2021-03-17,MOL,908,385,523,518,332,58,ITF,ITF2,14,Molise,Molise,305617,73347,24.0,0.3
2454,2021-06-25,MOL,3431,1688,1743,1464,1915,52,ITF,ITF2,14,Molise,Molise,305617,76778,25.12,1.12
2455,2021-06-08,MOL,2886,1593,1293,2187,696,3,ITF,ITF2,14,Molise,Molise,305617,79664,26.07,0.94
2456,2021-03-15,MOL,832,338,494,570,245,17,ITF,ITF2,14,Molise,Molise,305617,80496,26.34,0.27
2457,2021-06-24,MOL,3325,1548,1777,432,2857,36,ITF,ITF2,14,Molise,Molise,305617,83821,27.43,1.09
2458,2021-03-02,MOL,667,383,284,504,158,5,ITF,ITF2,14,Molise,Molise,305617,84488,27.65,0.22
2459,2021-06-10,MOL,2571,1182,1389,1233,1301,37,ITF,ITF2,14,Molise,Molise,305617,87059,28.49,0.84
2460,2021-03-19,MOL,1184,482,702,740,427,17,ITF,ITF2,14,Molise,Molise,305617,88243,28.87,0.39
2461,2021-01-21,MOL,6,2,4,6,0,0,ITF,ITF2,14,Molise,Molise,305617,88249,28.88,0.0
2462,2021-03-03,MOL,672,316,356,586,82,4,ITF,ITF2,14,Molise,Molise,305617,88921,29.1,0.22
2463,2021-01-05,MOL,449,180,269,449,0,0,ITF,ITF2,14,Molise,Molise,305617,89370,29.24,0.15
2464,2021-02-23,MOL,582,223,359,361,219,2,ITF,ITF2,14,Molise,Molise,305617,89952,29.43,0.19
2465,2021-06-03,MOL,3294,1568,1726,2707,554,33,ITF,ITF2,14,Molise,Molise,305617,93246,30.51,1.08
2466,2021-04-07,MOL,1688,847,841,1368,275,45,ITF,ITF2,14,Molise,Molise,305617,94934,31.06,0.55
2467,2021-06-05,MOL,2971,1509,1462,2789,155,27,ITF,ITF2,14,Molise,Molise,305617,97905,32.04,0.97
2468,2021-02-21,MOL,574,227,347,572,2,0,ITF,ITF2,14,Molise,Molise,305617,98479,32.22,0.19
2469,2021-02-04,MOL,758,295,463,77,681,0,ITF,ITF2,14,Molise,Molise,305617,99237,32.47,0.25
2470,2021-05-15,MOL,2980,1398,1582,2545,384,51,ITF,ITF2,14,Molise,Molise,305617,102217,33.45,0.98
2471,2021-02-02,MOL,539,176,363,215,323,1,ITF,ITF2,14,Molise,Molise,305617,102756,33.62,0.18
2472,2021-01-16,MOL,422,166,256,422,0,0,ITF,ITF2,14,Molise,Molise,305617,103178,33.76,0.14
2473,2021-04-26,MOL,1158,521,637,810,331,17,ITF,ITF2,14,Molise,Molise,305617,104336,34.14,0.38
2474,2021-04-09,MOL,2325,1252,1073,2106,191,28,ITF,ITF2,14,Molise,Molise,305617,106661,34.9,0.76
2475,2021-05-29,MOL,2351,1223,1128,1918,390,43,ITF,ITF2,14,Molise,Molise,305617,109012,35.67,0.77
2476,2021-02-09,MOL,359,170,189,197,162,0,ITF,ITF2,14,Molise,Molise,305617,109371,35.79,0.12
2477,2021-03-07,MOL,1132,501,631,1127,2,3,ITF,ITF2,14,Molise,Molise,305617,110503,36.16,0.37
2478,2021-06-15,MOL,2215,1042,1173,748,1451,16,ITF,ITF2,14,Molise,Molise,305617,112718,36.88,0.72
2479,2021-06-17,MOL,2307,1017,1290,911,1369,27,ITF,ITF2,14,Molise,Molise,305617,115025,37.64,0.75
2480,2021-01-09,MOL,450,152,298,450,0,0,ITF,ITF2,14,Molise,Molise,305617,115475,37.78,0.15
2481,2021-04-19,MOL,1828,843,985,988,778,62,ITF,ITF2,14,Molise,Molise,305617,117303,38.38,0.6
2482,2021-07-13,MOL,2802,1424,1378,318,2467,17,ITF,ITF2,14,Molise,Molise,305617,120105,39.3,0.92
2483,2021-02-28,MOL,832,334,498,788,42,2,ITF,ITF2,14,Molise,Molise,305617,120937,39.57,0.27
2484,2021-01-28,MOL,613,217,396,17,596,0,ITF,ITF2,14,Molise,Molise,305617,121550,39.77,0.2
2485,2021-03-12,MOL,1459,637,822,1404,36,19,ITF,ITF2,14,Molise,Molise,305617,123009,40.25,0.48
2486,2021-01-14,MOL,646,239,407,646,0,0,ITF,ITF2,14,Molise,Molise,305617,123655,40.46,0.21
2487,2021-07-18,MOL,1411,707,704,67,1337,7,ITF,ITF2,14,Molise,Molise,305617,125066,40.92,0.46
2488,2021-03-04,MOL,850,417,433,514,324,12,ITF,ITF2,14,Molise,Molise,305617,125916,41.2,0.28
2489,2021-06-12,MOL,3408,1752,1656,3243,114,51,ITF,ITF2,14,Molise,Molise,305617,129324,42.32,1.12
2490,2021-06-14,MOL,1628,810,818,535,1075,18,ITF,ITF2,14,Molise,Molise,305617,130952,42.85,0.53
2491,2021-07-06,MOL,3059,1427,1632,35,3020,4,ITF,ITF2,14,Molise,Molise,305617,134011,43.85,1.0
2492,2021-05-10,MOL,2892,1286,1606,2490,373,29,ITF,ITF2,14,Molise,Molise,305617,136903,44.8,0.95
2493,2021-06-29,MOL,2490,1158,1332,376,2088,26,ITF,ITF2,14,Molise,Molise,305617,139393,45.61,0.81
2494,2021-05-03,MOL,2486,1166,1320,2290,163,33,ITF,ITF2,14,Molise,Molise,305617,141879,46.42,0.81
2495,2021-05-17,MOL,2228,1092,1136,1705,496,27,ITF,ITF2,14,Molise,Molise,305617,144107,47.15,0.73
2496,2021-03-21,MOL,1246,542,704,477,767,2,ITF,ITF2,14,Molise,Molise,305617,145353,47.56,0.41
2497,2021-03-14,MOL,596,240,356,17,579,0,ITF,ITF2,14,Molise,Molise,305617,145949,47.76,0.2
2498,2021-06-22,MOL,2960,1368,1592,669,2274,17,ITF,ITF2,14,Molise,Molise,305617,148909,48.72,0.97
2499,2021-03-11,MOL,1465,637,828,1446,6,13,ITF,ITF2,14,Molise,Molise,305617,150374,49.2,0.48
2500,2021-01-06,MOL,689,260,429,689,0,0,ITF,ITF2,14,Molise,Molise,305617,151063,49.43,0.23
2501,2021-04-16,MOL,2431,1033,1398,1177,1233,21,ITF,ITF2,14,Molise,Molise,305617,153494,50.22,0.8
2502,2021-06-21,MOL,2901,1350,1551,1623,1232,46,ITF,ITF2,14,Molise,Molise,305617,156395,51.17,0.95
2503,2021-04-25,MOL,794,397,397,557,233,4,ITF,ITF2,14,Molise,Molise,305617,157189,51.43,0.26
2504,2021-01-18,MOL,115,48,67,115,0,0,ITF,ITF2,14,Molise,Molise,305617,157304,51.47,0.04
2505,2021-04-11,MOL,1196,591,605,1168,14,14,ITF,ITF2,14,Molise,Molise,305617,158500,51.86,0.39
2506,2021-07-03,MOL,2737,1377,1360,565,2152,20,ITF,ITF2,14,Molise,Molise,305617,161237,52.76,0.9
2507,2021-03-26,MOL,2575,1045,1530,1889,642,44,ITF,ITF2,14,Molise,Molise,305617,163812,53.6,0.84
2508,2021-02-18,MOL,319,74,245,302,13,4,ITF,ITF2,14,Molise,Molise,305617,164131,53.7,0.1
2509,2021-02-27,MOL,1366,568,798,1342,19,5,ITF,ITF2,14,Molise,Molise,305617,165497,54.15,0.45
2510,2021-06-07,MOL,1953,859,1094,1113,819,21,ITF,ITF2,14,Molise,Molise,305617,167450,54.79,0.64
2511,2021-02-13,MOL,132,80,52,132,0,0,ITF,ITF2,14,Molise,Molise,305617,167582,54.83,0.04
2512,2021-05-24,MOL,1964,853,1111,1271,666,27,ITF,ITF2,14,Molise,Molise,305617,169546,55.48,0.64
2513,2021-05-07,MOL,2643,1228,1415,2021,597,25,ITF,ITF2,14,Molise,Molise,305617,172189,56.34,0.86
2514,2021-04-18,MOL,1083,483,600,144,934,5,ITF,ITF2,14,Molise,Molise,305617,173272,56.7,0.35
2515,2021-07-10,MOL,3721,1781,1940,321,3386,14,ITF,ITF2,14,Molise,Molise,305617,176993,57.91,1.22
2516,2021-05-26,MOL,1549,698,851,769,754,26,ITF,ITF2,14,Molise,Molise,305617,178542,58.42,0.51
2517,2021-03-30,MOL,2003,857,1146,1472,512,19,ITF,ITF2,14,Molise,Molise,305617,180545,59.08,0.66
2518,2021-02-01,MOL,562,201,361,14,548,0,ITF,ITF2,14,Molise,Molise,305617,181107,59.26,0.18
2519,2021-07-08,MOL,3425,1649,1776,107,3295,23,ITF,ITF2,14,Molise,Molise,305617,184532,60.38,1.12
2520,2021-05-12,MOL,2852,1294,1558,2691,96,65,ITF,ITF2,14,Molise,Molise,305617,187384,61.31,0.93
2521,2021-03-28,MOL,1627,748,879,518,1102,7,ITF,ITF2,14,Molise,Molise,305617,189011,61.85,0.53
2522,2021-01-30,MOL,461,158,303,12,449,0,ITF,ITF2,14,Molise,Molise,305617,189472,62.0,0.15
2523,2021-01-20,MOL,18,8,10,18,0,0,ITF,ITF2,14,Molise,Molise,305617,189490,62.0,0.01
2524,2021-04-30,MOL,2939,1557,1382,818,2109,12,ITF,ITF2,14,Molise,Molise,305617,192429,62.96,0.96
2525,2021-02-25,MOL,542,239,303,471,68,3,ITF,ITF2,14,Molise,Molise,305617,192971,63.14,0.18
2526,2021-01-13,MOL,474,160,314,474,0,0,ITF,ITF2,14,Molise,Molise,305617,193445,63.3,0.16
2527,2021-06-19,MOL,2332,1160,1172,1278,1012,42,ITF,ITF2,14,Molise,Molise,305617,195777,64.06,0.76
2528,2021-04-23,MOL,2050,882,1168,1374,659,17,ITF,ITF2,14,Molise,Molise,305617,197827,64.73,0.67
2529,2021-06-30,MOL,2928,1393,1535,873,1974,81,ITF,ITF2,14,Molise,Molise,305617,200755,65.69,0.96
2530,2021-03-09,MOL,1329,579,750,1149,152,28,ITF,ITF2,14,Molise,Molise,305617,202084,66.12,0.43
2531,2021-02-20,MOL,1019,442,577,999,20,0,ITF,ITF2,14,Molise,Molise,305617,203103,66.46,0.33
2532,2021-05-31,MOL,2361,1146,1215,1902,418,41,ITF,ITF2,14,Molise,Molise,305617,205464,67.23,0.77
2533,2021-05-14,MOL,2644,1215,1429,1890,718,36,ITF,ITF2,14,Molise,Molise,305617,208108,68.09,0.87
2534,2021-06-02,MOL,2810,1356,1454,2693,99,18,ITF,ITF2,14,Molise,Molise,305617,210918,69.01,0.92
2535,2021-04-06,MOL,1494,701,793,1131,343,20,ITF,ITF2,14,Molise,Molise,305617,212412,69.5,0.49
2536,2021-02-08,MOL,335,141,194,216,119,0,ITF,ITF2,14,Molise,Molise,305617,212747,69.61,0.11
2537,2021-07-15,MOL,2993,1514,1479,209,2771,13,ITF,ITF2,14,Molise,Molise,305617,215740,70.59,0.98
2538,2021-05-19,MOL,2342,1205,1137,1880,425,37,ITF,ITF2,14,Molise,Molise,305617,218082,71.36,0.77
2539,2021-03-23,MOL,1642,694,948,1411,207,24,ITF,ITF2,14,Molise,Molise,305617,219724,71.9,0.54
2540,2021-07-01,MOL,2659,1293,1366,269,2375,15,ITF,ITF2,14,Molise,Molise,305617,222383,72.77,0.87
2541,2021-02-15,MOL,144,70,74,141,3,0,ITF,ITF2,14,Molise,Molise,305617,222527,72.81,0.05
2542,2021-03-25,MOL,1806,730,1076,1284,497,25,ITF,ITF2,14,Molise,Molise,305617,224333,73.4,0.59
2543,2021-03-08,MOL,1379,522,857,1202,140,37,ITF,ITF2,14,Molise,Molise,305617,225712,73.85,0.45
2544,2021-06-16,MOL,2003,1014,989,1134,855,14,ITF,ITF2,14,Molise,Molise,305617,227715,74.51,0.66
2545,2021-04-13,MOL,1632,718,914,1037,587,8,ITF,ITF2,14,Molise,Molise,305617,229347,75.04,0.53
2546,2021-01-29,MOL,422,136,286,6,416,0,ITF,ITF2,14,Molise,Molise,305617,229769,75.18,0.14
2547,2021-05-09,MOL,2054,934,1120,1924,97,33,ITF,ITF2,14,Molise,Molise,305617,231823,75.85,0.67
2548,2021-07-07,MOL,2957,1368,1589,56,2897,4,ITF,ITF2,14,Molise,Molise,305617,234780,76.82,0.97
2549,2021-05-11,MOL,3208,1415,1793,2910,251,47,ITF,ITF2,14,Molise,Molise,305617,237988,77.87,1.05
2550,2021-02-06,MOL,430,179,251,29,401,0,ITF,ITF2,14,Molise,Molise,305617,238418,78.01,0.14
2551,2021-04-04,MOL,253,141,112,233,15,5,ITF,ITF2,14,Molise,Molise,305617,238671,78.09,0.08
2552,2021-03-18,MOL,1157,476,681,633,465,59,ITF,ITF2,14,Molise,Molise,305617,239828,78.47,0.38
2553,2021-06-26,MOL,3119,1529,1590,523,2581,15,ITF,ITF2,14,Molise,Molise,305617,242947,79.49,1.02
2554,2021-02-10,MOL,151,79,72,131,20,0,ITF,ITF2,14,Molise,Molise,305617,243098,79.54,0.05
2555,2021-05-21,MOL,2100,1053,1047,1699,322,79,ITF,ITF2,14,Molise,Molise,305617,245198,80.23,0.69
2556,2021-01-27,MOL,674,251,423,8,666,0,ITF,ITF2,14,Molise,Molise,305617,245872,80.45,0.22
2557,2021-03-13,MOL,1189,594,595,183,989,17,ITF,ITF2,14,Molise,Molise,305617,247061,80.84,0.39
2558,2021-01-15,MOL,538,242,296,538,0,0,ITF,ITF2,14,Molise,Molise,305617,247599,81.02,0.18
2559,2021-06-23,MOL,2791,1286,1505,221,2560,10,ITF,ITF2,14,Molise,Molise,305617,250390,81.93,0.91
2560,2021-02-22,MOL,265,129,136,248,15,2,ITF,ITF2,14,Molise,Molise,305617,250655,82.02,0.09
2561,2020-12-27,MOL,50,20,30,50,0,0,ITF,ITF2,14,Molise,Molise,305617,250705,82.03,0.02
2562,2021-03-27,MOL,2743,1273,1470,1295,1433,15,ITF,ITF2,14,Molise,Molise,305617,253448,82.93,0.9
2563,2021-07-05,MOL,2737,1282,1455,39,2696,2,ITF,ITF2,14,Molise,Molise,305617,256185,83.83,0.9
2564,2021-06-18,MOL,2767,1248,1519,1283,1458,26,ITF,ITF2,14,Molise,Molise,305617,258952,84.73,0.91
2565,2021-05-30,MOL,1864,929,935,1552,285,27,ITF,ITF2,14,Molise,Molise,305617,260816,85.34,0.61
2566,2021-02-03,MOL,731,249,482,338,393,0,ITF,ITF2,14,Molise,Molise,305617,261547,85.58,0.24
2567,2021-04-27,MOL,1596,769,827,444,1130,22,ITF,ITF2,14,Molise,Molise,305617,263143,86.1,0.52
2568,2021-05-16,MOL,1248,572,676,1046,182,20,ITF,ITF2,14,Molise,Molise,305617,264391,86.51,0.41
2569,2021-01-22,MOL,128,36,92,128,0,0,ITF,ITF2,14,Molise,Molise,305617,264519,86.55,0.04
2570,2021-05-02,MOL,1894,932,962,577,1306,11,ITF,ITF2,14,Molise,Molise,305617,266413,87.17,0.62
2571,2021-03-06,MOL,1728,807,921,1559,159,10,ITF,ITF2,14,Molise,Molise,305617,268141,87.74,0.57
2572,2021-06-04,MOL,3039,1492,1547,2570,442,27,ITF,ITF2,14,Molise,Molise,305617,271180,88.73,0.99
2573,2021-04-08,MOL,1767,904,863,1540,202,25,ITF,ITF2,14,Molise,Molise,305617,272947,89.31,0.58
2574,2021-07-17,MOL,2557,1371,1186,250,2290,17,ITF,ITF2,14,Molise,Molise,305617,275504,90.15,0.84
2575,2021-04-22,MOL,1846,864,982,1057,779,10,ITF,ITF2,14,Molise,Molise,305617,277350,90.75,0.6
2576,2021-02-17,MOL,72,32,40,50,15,7,ITF,ITF2,14,Molise,Molise,305617,277422,90.77,0.02
2577,2021-05-28,MOL,2650,1365,1285,2038,547,65,ITF,ITF2,14,Molise,Molise,305617,280072,91.64,0.87
2578,2021-01-08,MOL,430,141,289,430,0,0,ITF,ITF2,14,Molise,Molise,305617,280502,91.78,0.14
2579,2021-04-01,MOL,1469,667,802,729,726,14,ITF,ITF2,14,Molise,Molise,305617,281971,92.26,0.48
2580,2021-03-20,MOL,2321,968,1353,992,1321,8,ITF,ITF2,14,Molise,Molise,305617,284292,93.02,0.76
2581,2021-06-28,MOL,2903,1353,1550,997,1884,22,ITF,ITF2,14,Molise,Molise,305617,287195,93.97,0.95
2582,2021-06-11,MOL,3445,1655,1790,1973,1429,43,ITF,ITF2,14,Molise,Molise,305617,290640,95.1,1.13
2583,2021-04-15,MOL,1926,794,1132,1074,845,7,ITF,ITF2,14,Molise,Molise,305617,292566,95.73,0.63
2584,2021-04-02,MOL,1456,710,746,663,778,15,ITF,ITF2,14,Molise,Molise,305617,294022,96.21,0.48
2585,2021-07-11,MOL,2455,1196,1259,179,2273,3,ITF,ITF2,14,Molise,Molise,305617,296477,97.01,0.8
2586,2021-05-08,MOL,2976,1455,1521,1698,1244,34,ITF,ITF2,14,Molise,Molise,305617,299453,97.98,0.97
2587,2021-04-21,MOL,1869,791,1078,968,895,6,ITF,ITF2,14,Molise,Molise,305617,301322,98.59,0.61
2588,2021-02-11,MOL,294,133,161,257,37,0,ITF,ITF2,14,Molise,Molise,305617,301616,98.69,0.1
2589,2021-05-22,MOL,1316,712,604,1225,84,7,ITF,ITF2,14,Molise,Molise,305617,302932,99.12,0.43
2590,2021-03-16,MOL,614,230,384,265,347,2,ITF,ITF2,14,Molise,Molise,305617,303546,99.32,0.2
2591,2021-01-11,MOL,557,194,363,557,0,0,ITF,ITF2,14,Molise,Molise,305617,304103,99.5,0.18
2592,2021-01-25,MOL,319,130,189,3,316,0,ITF,ITF2,14,Molise,Molise,305617,304422,99.61,0.1
2593,2021-05-05,MOL,2415,1042,1373,2250,141,24,ITF,ITF2,14,Molise,Molise,305617,306837,100.4,0.79
2594,2021-05-04,MOL,2705,1181,1524,2541,128,36,ITF,ITF2,14,Molise,Molise,305617,309542,101.28,0.89
2595,2021-01-10,MOL,270,72,198,270,0,0,ITF,ITF2,14,Molise,Molise,305617,309812,101.37,0.09
2596,2021-04-20,MOL,2322,1028,1294,1213,1100,9,ITF,ITF2,14,Molise,Molise,305617,312134,102.13,0.76
2597,2021-06-09,MOL,1023,565,458,507,500,16,ITF,ITF2,14,Molise,Molise,305617,313157,102.47,0.33
2598,2021-05-23,MOL,1703,866,837,1689,6,8,ITF,ITF2,14,Molise,Molise,305617,314860,103.02,0.56
2599,2021-03-01,MOL,662,274,388,430,215,17,ITF,ITF2,14,Molise,Molise,305617,315522,103.24,0.22
2600,2021-04-03,MOL,1773,851,922,1716,35,22,ITF,ITF2,14,Molise,Molise,305617,317295,103.82,0.58
2601,2021-07-12,MOL,2665,1314,1351,353,2291,21,ITF,ITF2,14,Molise,Molise,305617,319960,104.69,0.87
2602,2021-05-24,PIE,28972,13418,15554,16632,11962,378,ITC,ITC1,1,Piemonte,Piemonte,4356406,28972,0.67,0.67
2603,2021-03-02,PIE,11244,4547,6697,10244,815,185,ITC,ITC1,1,Piemonte,Piemonte,4356406,40216,0.92,0.26
2604,2021-03-23,PIE,13181,5556,7625,6635,6242,304,ITC,ITC1,1,Piemonte,Piemonte,4356406,53397,1.23,0.3
2605,2021-01-16,PIE,7761,2624,5137,7754,0,7,ITC,ITC1,1,Piemonte,Piemonte,4356406,61158,1.4,0.18
2606,2021-07-08,PIE,40832,20881,19951,7952,32861,19,ITC,ITC1,1,Piemonte,Piemonte,4356406,101990,2.34,0.94
2607,2021-01-23,PIE,4254,1325,2929,876,3376,2,ITC,ITC1,1,Piemonte,Piemonte,4356406,106244,2.44,0.1
2608,2021-05-19,PIE,33135,15296,17839,21434,11121,580,ITC,ITC1,1,Piemonte,Piemonte,4356406,139379,3.2,0.76
2609,2021-03-14,PIE,8201,3335,4866,5170,2896,135,ITC,ITC1,1,Piemonte,Piemonte,4356406,147580,3.39,0.19
2610,2021-05-10,PIE,28949,13953,14996,15413,13107,429,ITC,ITC1,1,Piemonte,Piemonte,4356406,176529,4.05,0.66
2611,2021-01-30,PIE,5980,2135,3845,216,5763,1,ITC,ITC1,1,Piemonte,Piemonte,4356406,182509,4.19,0.14
2612,2021-06-24,PIE,39152,19642,19510,18871,20279,2,ITC,ITC1,1,Piemonte,Piemonte,4356406,221661,5.09,0.9
2613,2021-03-16,PIE,10512,4269,6243,4370,6051,91,ITC,ITC1,1,Piemonte,Piemonte,4356406,232173,5.33,0.24
2614,2021-05-12,PIE,31881,15183,16698,18370,12897,614,ITC,ITC1,1,Piemonte,Piemonte,4356406,264054,6.06,0.73
2615,2021-07-15,PIE,42249,21868,20381,4231,37776,242,ITC,ITC1,1,Piemonte,Piemonte,4356406,306303,7.03,0.97
2616,2021-04-23,PIE,27413,12594,14819,19969,6759,685,ITC,ITC1,1,Piemonte,Piemonte,4356406,333716,7.66,0.63
2617,2021-06-19,PIE,40007,20299,19708,23358,16645,4,ITC,ITC1,1,Piemonte,Piemonte,4356406,373723,8.58,0.92
2618,2021-02-04,PIE,10200,3339,6861,581,9617,2,ITC,ITC1,1,Piemonte,Piemonte,4356406,383923,8.81,0.23
2619,2021-06-07,PIE,34887,17861,17026,30090,4792,5,ITC,ITC1,1,Piemonte,Piemonte,4356406,418810,9.61,0.8
2620,2020-12-28,PIE,1,1,0,1,0,0,ITC,ITC1,1,Piemonte,Piemonte,4356406,418811,9.61,0.0
2621,2021-07-06,PIE,38254,19375,18879,9177,29075,2,ITC,ITC1,1,Piemonte,Piemonte,4356406,457065,10.49,0.88
2622,2021-03-28,PIE,16055,6897,9158,8113,7621,321,ITC,ITC1,1,Piemonte,Piemonte,4356406,473120,10.86,0.37
2623,2021-04-11,PIE,20823,9319,11504,18221,2149,453,ITC,ITC1,1,Piemonte,Piemonte,4356406,493943,11.34,0.48
2624,2021-01-04,PIE,5558,1676,3882,5557,0,1,ITC,ITC1,1,Piemonte,Piemonte,4356406,499501,11.47,0.13
2625,2021-04-28,PIE,26025,11728,14297,15458,10032,535,ITC,ITC1,1,Piemonte,Piemonte,4356406,525526,12.06,0.6
2626,2021-01-18,PIE,6164,2046,4118,5911,249,4,ITC,ITC1,1,Piemonte,Piemonte,4356406,531690,12.2,0.14
2627,2021-02-11,PIE,6756,2105,4651,2979,3758,19,ITC,ITC1,1,Piemonte,Piemonte,4356406,538446,12.36,0.16
2628,2021-04-09,PIE,25847,11384,14463,20792,4503,552,ITC,ITC1,1,Piemonte,Piemonte,4356406,564293,12.95,0.59
2629,2020-12-30,PIE,731,322,409,731,0,0,ITC,ITC1,1,Piemonte,Piemonte,4356406,565024,12.97,0.02
2630,2021-06-05,PIE,36931,18921,18010,32471,4455,5,ITC,ITC1,1,Piemonte,Piemonte,4356406,601955,13.82,0.85
2631,2021-02-25,PIE,12207,5245,6962,11485,545,177,ITC,ITC1,1,Piemonte,Piemonte,4356406,614162,14.1,0.28
2632,2021-03-21,PIE,10722,4739,5983,4023,6532,167,ITC,ITC1,1,Piemonte,Piemonte,4356406,624884,14.34,0.25
2633,2021-05-05,PIE,32236,15143,17093,18548,13063,625,ITC,ITC1,1,Piemonte,Piemonte,4356406,657120,15.08,0.74
2634,2021-07-01,PIE,41832,20939,20893,20715,21114,3,ITC,ITC1,1,Piemonte,Piemonte,4356406,698952,16.04,0.96
2635,2021-06-12,PIE,42563,22441,20122,39935,2628,0,ITC,ITC1,1,Piemonte,Piemonte,4356406,741515,17.02,0.98
2636,2021-07-12,PIE,39090,20163,18927,4873,34123,94,ITC,ITC1,1,Piemonte,Piemonte,4356406,780605,17.92,0.9
2637,2021-04-20,PIE,25478,11666,13812,18531,6341,606,ITC,ITC1,1,Piemonte,Piemonte,4356406,806083,18.5,0.58
2638,2021-05-07,PIE,33064,15636,17428,18555,14119,390,ITC,ITC1,1,Piemonte,Piemonte,4356406,839147,19.26,0.76
2639,2021-01-27,PIE,4193,1451,2742,994,3197,2,ITC,ITC1,1,Piemonte,Piemonte,4356406,843340,19.36,0.1
2640,2021-02-13,PIE,4154,1336,2818,2917,1223,14,ITC,ITC1,1,Piemonte,Piemonte,4356406,847494,19.45,0.1
2641,2021-02-08,PIE,6914,2354,4560,661,6249,4,ITC,ITC1,1,Piemonte,Piemonte,4356406,854408,19.61,0.16
2642,2021-06-26,PIE,41116,20918,20198,22605,18509,2,ITC,ITC1,1,Piemonte,Piemonte,4356406,895524,20.56,0.94
2643,2021-07-13,PIE,38785,20016,18769,3854,34812,119,ITC,ITC1,1,Piemonte,Piemonte,4356406,934309,21.45,0.89
2644,2021-04-04,PIE,9252,4057,5195,6393,2710,149,ITC,ITC1,1,Piemonte,Piemonte,4356406,943561,21.66,0.21
2645,2021-04-21,PIE,25730,11826,13904,19779,5337,614,ITC,ITC1,1,Piemonte,Piemonte,4356406,969291,22.25,0.59
2646,2021-01-11,PIE,8738,2978,5760,8732,0,6,ITC,ITC1,1,Piemonte,Piemonte,4356406,978029,22.45,0.2
2647,2021-06-28,PIE,38379,19059,19320,15662,22715,2,ITC,ITC1,1,Piemonte,Piemonte,4356406,1016408,23.33,0.88
2648,2021-04-06,PIE,20235,8808,11427,14590,5195,450,ITC,ITC1,1,Piemonte,Piemonte,4356406,1036643,23.8,0.46
2649,2020-12-27,PIE,913,369,544,913,0,0,ITC,ITC1,1,Piemonte,Piemonte,4356406,1037556,23.82,0.02
2650,2021-04-30,PIE,31829,14319,17510,17841,13326,662,ITC,ITC1,1,Piemonte,Piemonte,4356406,1069385,24.55,0.73
2651,2021-06-02,PIE,26530,12997,13533,22063,4467,0,ITC,ITC1,1,Piemonte,Piemonte,4356406,1095915,25.16,0.61
2652,2021-02-22,PIE,8477,3468,5009,7786,590,101,ITC,ITC1,1,Piemonte,Piemonte,4356406,1104392,25.35,0.19
2653,2021-03-11,PIE,13897,5204,8693,10562,3096,239,ITC,ITC1,1,Piemonte,Piemonte,4356406,1118289,25.67,0.32
2654,2021-05-17,PIE,30908,14600,16308,17479,13149,280,ITC,ITC1,1,Piemonte,Piemonte,4356406,1149197,26.38,0.71
2655,2021-02-06,PIE,7992,2665,5327,396,7594,2,ITC,ITC1,1,Piemonte,Piemonte,4356406,1157189,26.56,0.18
2656,2021-02-23,PIE,9232,3714,5518,8483,581,168,ITC,ITC1,1,Piemonte,Piemonte,4356406,1166421,26.77,0.21
2657,2021-05-31,PIE,29101,14054,15047,20139,8576,386,ITC,ITC1,1,Piemonte,Piemonte,4356406,1195522,27.44,0.67
2658,2021-06-17,PIE,41027,20596,20431,24711,16314,2,ITC,ITC1,1,Piemonte,Piemonte,4356406,1236549,28.38,0.94
2659,2021-03-09,PIE,14207,5652,8555,11642,2341,224,ITC,ITC1,1,Piemonte,Piemonte,4356406,1250756,28.71,0.33
2660,2021-05-02,PIE,25080,11268,13812,13956,10742,382,ITC,ITC1,1,Piemonte,Piemonte,4356406,1275836,29.29,0.58
2661,2021-02-27,PIE,12673,4845,7828,12103,344,226,ITC,ITC1,1,Piemonte,Piemonte,4356406,1288509,29.58,0.29
2662,2021-04-02,PIE,20129,8311,11818,11315,8421,393,ITC,ITC1,1,Piemonte,Piemonte,4356406,1308638,30.04,0.46
2663,2021-05-29,PIE,32794,15225,17569,20269,12165,360,ITC,ITC1,1,Piemonte,Piemonte,4356406,1341432,30.79,0.75
2664,2021-02-18,PIE,4788,2094,2694,4273,430,85,ITC,ITC1,1,Piemonte,Piemonte,4356406,1346220,30.9,0.11
2665,2021-04-16,PIE,28391,13206,15185,22653,4990,748,ITC,ITC1,1,Piemonte,Piemonte,4356406,1374611,31.55,0.65
2666,2021-07-03,PIE,40042,20104,19938,16013,24027,2,ITC,ITC1,1,Piemonte,Piemonte,4356406,1414653,32.47,0.92
2667,2021-03-30,PIE,16979,7110,9869,8726,7870,383,ITC,ITC1,1,Piemonte,Piemonte,4356406,1431632,32.86,0.39
2668,2021-07-10,PIE,41109,20827,20282,7177,33884,48,ITC,ITC1,1,Piemonte,Piemonte,4356406,1472741,33.81,0.94
2669,2021-04-01,PIE,19371,8108,11263,10945,8120,306,ITC,ITC1,1,Piemonte,Piemonte,4356406,1492112,34.25,0.44
2670,2021-05-28,PIE,35036,16600,18436,18666,15980,390,ITC,ITC1,1,Piemonte,Piemonte,4356406,1527148,35.06,0.8
2671,2021-05-09,PIE,27142,12928,14214,13145,13618,379,ITC,ITC1,1,Piemonte,Piemonte,4356406,1554290,35.68,0.62
2672,2021-05-26,PIE,32740,15098,17642,15315,17077,348,ITC,ITC1,1,Piemonte,Piemonte,4356406,1587030,36.43,0.75
2673,2021-02-15,PIE,4425,1597,2828,3196,1205,24,ITC,ITC1,1,Piemonte,Piemonte,4356406,1591455,36.53,0.1
2674,2021-03-04,PIE,14631,5859,8772,11474,2939,218,ITC,ITC1,1,Piemonte,Piemonte,4356406,1606086,36.87,0.34
2675,2021-05-21,PIE,36067,16740,19327,19930,15636,501,ITC,ITC1,1,Piemonte,Piemonte,4356406,1642153,37.7,0.83
2676,2021-07-17,PIE,40584,21338,19246,4073,36353,158,ITC,ITC1,1,Piemonte,Piemonte,4356406,1682737,38.63,0.93
2677,2021-02-01,PIE,8656,3052,5604,575,8080,1,ITC,ITC1,1,Piemonte,Piemonte,4356406,1691393,38.83,0.2
2678,2021-05-14,PIE,33405,16273,17132,17329,15419,657,ITC,ITC1,1,Piemonte,Piemonte,4356406,1724798,39.59,0.77
2679,2021-06-09,PIE,38576,20333,18243,35857,2713,6,ITC,ITC1,1,Piemonte,Piemonte,4356406,1763374,40.48,0.89
2680,2021-03-18,PIE,11756,4804,6952,3836,7730,190,ITC,ITC1,1,Piemonte,Piemonte,4356406,1775130,40.75,0.27
2681,2021-03-25,PIE,17125,7266,9859,8055,8635,435,ITC,ITC1,1,Piemonte,Piemonte,4356406,1792255,41.14,0.39
2682,2021-04-13,PIE,25932,11610,14322,21896,3457,579,ITC,ITC1,1,Piemonte,Piemonte,4356406,1818187,41.74,0.6
2683,2021-01-20,PIE,6601,2084,4517,5875,719,7,ITC,ITC1,1,Piemonte,Piemonte,4356406,1824788,41.89,0.15
2684,2021-02-03,PIE,10200,3305,6895,606,9592,2,ITC,ITC1,1,Piemonte,Piemonte,4356406,1834988,42.12,0.23
2685,2021-04-25,PIE,20230,9307,10923,17281,2501,448,ITC,ITC1,1,Piemonte,Piemonte,4356406,1855218,42.59,0.46
2686,2021-01-15,PIE,9100,3006,6094,9094,0,6,ITC,ITC1,1,Piemonte,Piemonte,4356406,1864318,42.79,0.21
2687,2021-06-21,PIE,38339,19138,19201,17632,20705,2,ITC,ITC1,1,Piemonte,Piemonte,4356406,1902657,43.67,0.88
2688,2021-03-13,PIE,13023,4714,8309,11325,1432,266,ITC,ITC1,1,Piemonte,Piemonte,4356406,1915680,43.97,0.3
2689,2021-04-18,PIE,22927,10797,12130,19624,2747,556,ITC,ITC1,1,Piemonte,Piemonte,4356406,1938607,44.5,0.53
2690,2021-01-08,PIE,5523,1758,3765,5521,0,2,ITC,ITC1,1,Piemonte,Piemonte,4356406,1944130,44.63,0.13
2691,2021-06-14,PIE,37922,19541,18381,30826,7093,3,ITC,ITC1,1,Piemonte,Piemonte,4356406,1982052,45.5,0.87
2692,2021-01-25,PIE,6211,1937,4274,976,5233,2,ITC,ITC1,1,Piemonte,Piemonte,4356406,1988263,45.64,0.14
2693,2021-05-30,PIE,27701,13183,14518,18009,9324,368,ITC,ITC1,1,Piemonte,Piemonte,4356406,2015964,46.28,0.64
2694,2021-02-19,PIE,5531,2174,3357,4911,501,119,ITC,ITC1,1,Piemonte,Piemonte,4356406,2021495,46.4,0.13
2695,2021-06-04,PIE,37533,19628,17905,34581,2949,3,ITC,ITC1,1,Piemonte,Piemonte,4356406,2059028,47.26,0.86
2696,2021-02-24,PIE,11373,4602,6771,10731,504,138,ITC,ITC1,1,Piemonte,Piemonte,4356406,2070401,47.53,0.26
2697,2021-01-13,PIE,10072,3225,6847,10063,0,9,ITC,ITC1,1,Piemonte,Piemonte,4356406,2080473,47.76,0.23
2698,2021-06-16,PIE,40337,20218,20119,24089,16246,2,ITC,ITC1,1,Piemonte,Piemonte,4356406,2120810,48.68,0.93
2699,2021-01-06,PIE,3107,1103,2004,3106,0,1,ITC,ITC1,1,Piemonte,Piemonte,4356406,2123917,48.75,0.07
2700,2021-04-17,PIE,30442,14145,16297,26449,3306,687,ITC,ITC1,1,Piemonte,Piemonte,4356406,2154359,49.45,0.7
2701,2021-06-13,PIE,37880,19997,17883,33755,4121,4,ITC,ITC1,1,Piemonte,Piemonte,4356406,2192239,50.32,0.87
2702,2021-02-10,PIE,7528,2368,5160,1298,6215,15,ITC,ITC1,1,Piemonte,Piemonte,4356406,2199767,50.49,0.17
2703,2021-04-08,PIE,25151,10944,14207,19882,4723,546,ITC,ITC1,1,Piemonte,Piemonte,4356406,2224918,51.07,0.58
2704,2021-06-25,PIE,45344,22579,22765,20826,24515,3,ITC,ITC1,1,Piemonte,Piemonte,4356406,2270262,52.11,1.04
2705,2021-04-03,PIE,19443,8179,11264,10597,8543,303,ITC,ITC1,1,Piemonte,Piemonte,4356406,2289705,52.56,0.45
2706,2021-01-10,PIE,5205,2272,2933,5203,0,2,ITC,ITC1,1,Piemonte,Piemonte,4356406,2294910,52.68,0.12
2707,2021-07-14,PIE,38916,20027,18889,3827,34934,155,ITC,ITC1,1,Piemonte,Piemonte,4356406,2333826,53.57,0.89
2708,2021-04-22,PIE,27656,12737,14919,20193,6688,775,ITC,ITC1,1,Piemonte,Piemonte,4356406,2361482,54.21,0.63
2709,2021-01-12,PIE,10077,3411,6666,10070,0,7,ITC,ITC1,1,Piemonte,Piemonte,4356406,2371559,54.44,0.23
2710,2021-01-29,PIE,5937,1883,4054,452,5485,0,ITC,ITC1,1,Piemonte,Piemonte,4356406,2377496,54.57,0.14
2711,2021-03-03,PIE,12257,4771,7486,11251,818,188,ITC,ITC1,1,Piemonte,Piemonte,4356406,2389753,54.86,0.28
2712,2021-03-20,PIE,11915,4896,7019,5776,5896,243,ITC,ITC1,1,Piemonte,Piemonte,4356406,2401668,55.13,0.27
2713,2021-05-18,PIE,32115,14826,17289,19025,12657,433,ITC,ITC1,1,Piemonte,Piemonte,4356406,2433783,55.87,0.74
2714,2021-03-06,PIE,13996,5217,8779,11036,2788,172,ITC,ITC1,1,Piemonte,Piemonte,4356406,2447779,56.19,0.32
2715,2021-01-22,PIE,3865,1249,2616,2523,1340,2,ITC,ITC1,1,Piemonte,Piemonte,4356406,2451644,56.28,0.09
2716,2021-07-02,PIE,43559,21909,21650,18091,25463,5,ITC,ITC1,1,Piemonte,Piemonte,4356406,2495203,57.28,1.0
2717,2021-06-23,PIE,39663,19690,19973,16835,22827,1,ITC,ITC1,1,Piemonte,Piemonte,4356406,2534866,58.19,0.91
2718,2021-03-08,PIE,14130,5462,8668,11191,2711,228,ITC,ITC1,1,Piemonte,Piemonte,4356406,2548996,58.51,0.32
2719,2021-05-04,PIE,28572,13136,15436,15890,12175,507,ITC,ITC1,1,Piemonte,Piemonte,4356406,2577568,59.17,0.66
2720,2021-01-24,PIE,3153,959,2194,432,2719,2,ITC,ITC1,1,Piemonte,Piemonte,4356406,2580721,59.24,0.07
2721,2021-06-30,PIE,41199,20150,21049,19270,21923,6,ITC,ITC1,1,Piemonte,Piemonte,4356406,2621920,60.19,0.95
2722,2021-03-22,PIE,11523,4891,6632,3716,7599,208,ITC,ITC1,1,Piemonte,Piemonte,4356406,2633443,60.45,0.26
2723,2021-06-06,PIE,35076,18328,16748,32587,2488,1,ITC,ITC1,1,Piemonte,Piemonte,4356406,2668519,61.26,0.81
2724,2021-02-17,PIE,4790,2156,2634,3742,990,58,ITC,ITC1,1,Piemonte,Piemonte,4356406,2673309,61.37,0.11
2725,2021-06-08,PIE,37645,19494,18151,34807,2837,1,ITC,ITC1,1,Piemonte,Piemonte,4356406,2710954,62.23,0.86
2726,2021-04-26,PIE,19799,8751,11048,14910,4397,492,ITC,ITC1,1,Piemonte,Piemonte,4356406,2730753,62.68,0.45
2727,2021-04-10,PIE,30149,13403,16746,25253,4263,633,ITC,ITC1,1,Piemonte,Piemonte,4356406,2760902,63.38,0.69
2728,2021-04-15,PIE,29521,13528,15993,23389,5476,656,ITC,ITC1,1,Piemonte,Piemonte,4356406,2790423,64.05,0.68
2729,2021-01-05,PIE,5373,1600,3773,5369,0,4,ITC,ITC1,1,Piemonte,Piemonte,4356406,2795796,64.18,0.12
2730,2021-06-22,PIE,40514,20003,20511,18291,22221,2,ITC,ITC1,1,Piemonte,Piemonte,4356406,2836310,65.11,0.93
2731,2021-05-06,PIE,33435,15779,17656,19320,13522,593,ITC,ITC1,1,Piemonte,Piemonte,4356406,2869745,65.87,0.77
2732,2021-05-23,PIE,28720,13140,15580,15464,12948,308,ITC,ITC1,1,Piemonte,Piemonte,4356406,2898465,66.53,0.66
2733,2021-02-12,PIE,6883,2212,4671,3899,2961,23,ITC,ITC1,1,Piemonte,Piemonte,4356406,2905348,66.69,0.16
2734,2021-03-01,PIE,12110,4910,7200,11133,808,169,ITC,ITC1,1,Piemonte,Piemonte,4356406,2917458,66.97,0.28
2735,2021-05-25,PIE,31141,14447,16694,15615,15141,385,ITC,ITC1,1,Piemonte,Piemonte,4356406,2948599,67.68,0.71
2736,2021-06-11,PIE,43520,23035,20485,40682,2831,7,ITC,ITC1,1,Piemonte,Piemonte,4356406,2992119,68.68,1.0
2737,2021-05-13,PIE,35662,17517,18145,19853,15113,696,ITC,ITC1,1,Piemonte,Piemonte,4356406,3027781,69.5,0.82
2738,2021-02-02,PIE,10251,3513,6738,805,9445,1,ITC,ITC1,1,Piemonte,Piemonte,4356406,3038032,69.74,0.24
2739,2021-07-09,PIE,40332,20569,19763,6193,34081,58,ITC,ITC1,1,Piemonte,Piemonte,4356406,3078364,70.66,0.93
2740,2021-03-31,PIE,19125,8120,11005,10100,8690,335,ITC,ITC1,1,Piemonte,Piemonte,4356406,3097489,71.1,0.44
2741,2021-05-27,PIE,37379,17382,19997,18814,18134,431,ITC,ITC1,1,Piemonte,Piemonte,4356406,3134868,71.96,0.86
2742,2021-02-16,PIE,3965,1755,2210,3159,758,48,ITC,ITC1,1,Piemonte,Piemonte,4356406,3138833,72.05,0.09
2743,2021-02-28,PIE,10807,4057,6750,10394,240,173,ITC,ITC1,1,Piemonte,Piemonte,4356406,3149640,72.3,0.25
2744,2021-03-17,PIE,12512,5054,7458,5041,7291,180,ITC,ITC1,1,Piemonte,Piemonte,4356406,3162152,72.59,0.29
2745,2021-05-03,PIE,26681,12206,14475,12038,14207,436,ITC,ITC1,1,Piemonte,Piemonte,4356406,3188833,73.2,0.61
2746,2021-02-26,PIE,12284,4928,7356,11344,736,204,ITC,ITC1,1,Piemonte,Piemonte,4356406,3201117,73.48,0.28
2747,2021-04-24,PIE,27495,12430,15065,21289,5657,549,ITC,ITC1,1,Piemonte,Piemonte,4356406,3228612,74.11,0.63
2748,2021-01-14,PIE,9754,3146,6608,9747,0,7,ITC,ITC1,1,Piemonte,Piemonte,4356406,3238366,74.34,0.22
2749,2021-04-27,PIE,22609,10218,12391,16838,5142,629,ITC,ITC1,1,Piemonte,Piemonte,4356406,3260975,74.85,0.52
2750,2021-01-17,PIE,3515,1168,2347,2864,649,2,ITC,ITC1,1,Piemonte,Piemonte,4356406,3264490,74.94,0.08
2751,2021-03-15,PIE,10680,4193,6487,4918,5611,151,ITC,ITC1,1,Piemonte,Piemonte,4356406,3275170,75.18,0.25
2752,2021-05-11,PIE,32045,15444,16601,18197,13215,633,ITC,ITC1,1,Piemonte,Piemonte,4356406,3307215,75.92,0.74
2753,2021-01-31,PIE,4114,1754,2360,111,4003,0,ITC,ITC1,1,Piemonte,Piemonte,4356406,3311329,76.01,0.09
2754,2021-01-03,PIE,3059,965,2094,3057,0,2,ITC,ITC1,1,Piemonte,Piemonte,4356406,3314388,76.08,0.07
2755,2021-07-07,PIE,37897,18841,19056,10196,27681,20,ITC,ITC1,1,Piemonte,Piemonte,4356406,3352285,76.95,0.87
2756,2021-03-29,PIE,15242,6469,8773,8375,6610,257,ITC,ITC1,1,Piemonte,Piemonte,4356406,3367527,77.3,0.35
2757,2021-04-12,PIE,22924,10356,12568,19502,2985,437,ITC,ITC1,1,Piemonte,Piemonte,4356406,3390451,77.83,0.53
2758,2021-01-02,PIE,3539,1132,2407,3538,0,1,ITC,ITC1,1,Piemonte,Piemonte,4356406,3393990,77.91,0.08
2759,2021-01-07,PIE,5367,1729,3638,5365,0,2,ITC,ITC1,1,Piemonte,Piemonte,4356406,3399357,78.03,0.12
2760,2021-03-05,PIE,15550,6225,9325,11466,3816,268,ITC,ITC1,1,Piemonte,Piemonte,4356406,3414907,78.39,0.36
2761,2021-06-15,PIE,38875,20022,18853,27105,11766,4,ITC,ITC1,1,Piemonte,Piemonte,4356406,3453782,79.28,0.89
2762,2021-03-07,PIE,11977,4664,7313,10859,878,240,ITC,ITC1,1,Piemonte,Piemonte,4356406,3465759,79.56,0.27
2763,2020-12-31,PIE,3878,1320,2558,3878,0,0,ITC,ITC1,1,Piemonte,Piemonte,4356406,3469637,79.64,0.09
2764,2021-03-24,PIE,15552,6391,9161,6104,9120,328,ITC,ITC1,1,Piemonte,Piemonte,4356406,3485189,80.0,0.36
2765,2021-05-20,PIE,38610,17936,20674,13320,24938,352,ITC,ITC1,1,Piemonte,Piemonte,4356406,3523799,80.89,0.89
2766,2021-02-09,PIE,7385,2312,5073,714,6669,2,ITC,ITC1,1,Piemonte,Piemonte,4356406,3531184,81.06,0.17
2767,2021-07-16,PIE,41630,21754,19876,3700,37722,208,ITC,ITC1,1,Piemonte,Piemonte,4356406,3572814,82.01,0.96
2768,2021-04-07,PIE,23589,9986,13603,17617,5458,514,ITC,ITC1,1,Piemonte,Piemonte,4356406,3596403,82.55,0.54
2769,2021-06-10,PIE,40349,21084,19265,37775,2569,5,ITC,ITC1,1,Piemonte,Piemonte,4356406,3636752,83.48,0.93
2770,2021-06-27,PIE,37422,18562,18860,15684,21735,3,ITC,ITC1,1,Piemonte,Piemonte,4356406,3674174,84.34,0.86
2771,2021-03-19,PIE,11024,4517,6507,4216,6602,206,ITC,ITC1,1,Piemonte,Piemonte,4356406,3685198,84.59,0.25
2772,2021-04-05,PIE,14741,6232,8509,11940,2550,251,ITC,ITC1,1,Piemonte,Piemonte,4356406,3699939,84.93,0.34
2773,2021-06-29,PIE,40457,20215,20242,19810,20646,1,ITC,ITC1,1,Piemonte,Piemonte,4356406,3740396,85.86,0.93
2774,2021-04-19,PIE,22538,10761,11777,17641,4349,548,ITC,ITC1,1,Piemonte,Piemonte,4356406,3762934,86.38,0.52
2775,2021-01-09,PIE,6177,2182,3995,6176,0,1,ITC,ITC1,1,Piemonte,Piemonte,4356406,3769111,86.52,0.14
2776,2021-01-26,PIE,6331,1880,4451,731,5599,1,ITC,ITC1,1,Piemonte,Piemonte,4356406,3775442,86.66,0.15
2777,2021-07-18,PIE,29738,15581,14157,2859,26763,116,ITC,ITC1,1,Piemonte,Piemonte,4356406,3805180,87.35,0.68
2778,2021-02-07,PIE,3083,971,2112,440,2642,1,ITC,ITC1,1,Piemonte,Piemonte,4356406,3808263,87.42,0.07
2779,2021-07-11,PIE,33097,16873,16224,4815,28277,5,ITC,ITC1,1,Piemonte,Piemonte,4356406,3841360,88.18,0.76
2780,2021-05-01,PIE,28522,12989,15533,16302,11788,432,ITC,ITC1,1,Piemonte,Piemonte,4356406,3869882,88.83,0.65
2781,2021-01-21,PIE,6868,2311,4557,3366,3496,6,ITC,ITC1,1,Piemonte,Piemonte,4356406,3876750,88.99,0.16
2782,2021-05-15,PIE,33765,15738,18027,19401,13714,650,ITC,ITC1,1,Piemonte,Piemonte,4356406,3910515,89.76,0.78
2783,2021-06-01,PIE,29281,14689,14592,24856,4424,1,ITC,ITC1,1,Piemonte,Piemonte,4356406,3939796,90.44,0.67
2784,2021-02-21,PIE,5088,2083,3005,4937,102,49,ITC,ITC1,1,Piemonte,Piemonte,4356406,3944884,90.55,0.12
2785,2021-05-08,PIE,34263,16261,18002,18120,15633,510,ITC,ITC1,1,Piemonte,Piemonte,4356406,3979147,91.34,0.79
2786,2021-01-28,PIE,5587,1808,3779,380,5207,0,ITC,ITC1,1,Piemonte,Piemonte,4356406,3984734,91.47,0.13
2787,2021-02-14,PIE,1476,498,978,869,600,7,ITC,ITC1,1,Piemonte,Piemonte,4356406,3986210,91.5,0.03
2788,2021-06-20,PIE,33999,17029,16970,19268,14725,6,ITC,ITC1,1,Piemonte,Piemonte,4356406,4020209,92.28,0.78
2789,2021-03-12,PIE,14098,5327,8771,10886,2935,277,ITC,ITC1,1,Piemonte,Piemonte,4356406,4034307,92.61,0.32
2790,2021-07-04,PIE,33720,16994,16726,11820,21899,1,ITC,ITC1,1,Piemonte,Piemonte,4356406,4068027,93.38,0.77
2791,2021-03-26,PIE,17881,7103,10778,8478,8882,521,ITC,ITC1,1,Piemonte,Piemonte,4356406,4085908,93.79,0.41
2792,2021-05-22,PIE,33467,15107,18360,16857,16215,395,ITC,ITC1,1,Piemonte,Piemonte,4356406,4119375,94.56,0.77
2793,2021-01-01,PIE,1038,395,643,1037,0,1,ITC,ITC1,1,Piemonte,Piemonte,4356406,4120413,94.58,0.02
2794,2021-07-05,PIE,35555,17786,17769,12351,23202,2,ITC,ITC1,1,Piemonte,Piemonte,4356406,4155968,95.4,0.82
2795,2021-02-20,PIE,3831,1253,2578,3559,173,99,ITC,ITC1,1,Piemonte,Piemonte,4356406,4159799,95.49,0.09
2796,2021-04-29,PIE,48419,21943,26476,34652,12612,1155,ITC,ITC1,1,Piemonte,Piemonte,4356406,4208218,96.6,1.11
2797,2021-05-16,PIE,28126,12767,15359,14702,13055,369,ITC,ITC1,1,Piemonte,Piemonte,4356406,4236344,97.24,0.65
2798,2021-02-05,PIE,9597,3135,6462,653,8942,2,ITC,ITC1,1,Piemonte,Piemonte,4356406,4245941,97.46,0.22
2799,2021-06-18,PIE,40533,20252,20281,26367,14165,1,ITC,ITC1,1,Piemonte,Piemonte,4356406,4286474,98.39,0.93
2800,2021-03-10,PIE,13812,5338,8474,11271,2292,249,ITC,ITC1,1,Piemonte,Piemonte,4356406,4300286,98.71,0.32
2801,2021-03-27,PIE,18384,7822,10562,9131,8822,431,ITC,ITC1,1,Piemonte,Piemonte,4356406,4318670,99.13,0.42
2802,2021-01-19,PIE,6452,2102,4350,6434,9,9,ITC,ITC1,1,Piemonte,Piemonte,4356406,4325122,99.28,0.15
2803,2021-04-14,PIE,27673,12546,15127,22459,4519,695,ITC,ITC1,1,Piemonte,Piemonte,4356406,4352795,99.92,0.64
2804,2021-06-03,PIE,34612,17881,16731,30201,4407,4,ITC,ITC1,1,Piemonte,Piemonte,4356406,4387407,100.71,0.79
2805,2021-06-19,SAR,15337,7512,7825,9116,6122,99,ITG,ITG2,20,Sardegna,Sardegna,1639591,15337,0.94,0.94
2806,2021-07-06,SAR,15914,7716,8198,4665,11153,96,ITG,ITG2,20,Sardegna,Sardegna,1639591,31251,1.91,0.97
2807,2021-03-28,SAR,4528,1792,2736,4387,78,63,ITG,ITG2,20,Sardegna,Sardegna,1639591,35779,2.18,0.28
2808,2021-01-04,SAR,587,215,372,587,0,0,ITG,ITG2,20,Sardegna,Sardegna,1639591,36366,2.22,0.04
2809,2021-02-11,SAR,1311,488,823,1200,111,0,ITG,ITG2,20,Sardegna,Sardegna,1639591,37677,2.3,0.08
2810,2021-05-24,SAR,14471,7256,7215,8354,5985,132,ITG,ITG2,20,Sardegna,Sardegna,1639591,52148,3.18,0.88
2811,2021-02-13,SAR,1446,562,884,1440,2,4,ITG,ITG2,20,Sardegna,Sardegna,1639591,53594,3.27,0.09
2812,2021-05-29,SAR,17992,8647,9345,13234,4591,167,ITG,ITG2,20,Sardegna,Sardegna,1639591,71586,4.37,1.1
2813,2021-02-18,SAR,1876,731,1145,1775,64,37,ITG,ITG2,20,Sardegna,Sardegna,1639591,73462,4.48,0.11
2814,2021-04-09,SAR,12299,5468,6831,7827,4353,119,ITG,ITG2,20,Sardegna,Sardegna,1639591,85761,5.23,0.75
2815,2021-04-11,SAR,5398,2444,2954,4251,1121,26,ITG,ITG2,20,Sardegna,Sardegna,1639591,91159,5.56,0.33
2816,2021-06-07,SAR,12562,6143,6419,9436,3004,122,ITG,ITG2,20,Sardegna,Sardegna,1639591,103721,6.33,0.77
2817,2021-02-04,SAR,2270,815,1455,910,1357,3,ITG,ITG2,20,Sardegna,Sardegna,1639591,105991,6.46,0.14
2818,2021-04-02,SAR,8979,3545,5434,5587,3243,149,ITG,ITG2,20,Sardegna,Sardegna,1639591,114970,7.01,0.55
2819,2021-05-19,SAR,17023,8665,8358,12629,4238,156,ITG,ITG2,20,Sardegna,Sardegna,1639591,131993,8.05,1.04
2820,2021-06-05,SAR,17876,8434,9442,11285,6457,134,ITG,ITG2,20,Sardegna,Sardegna,1639591,149869,9.14,1.09
2821,2021-02-25,SAR,2896,1254,1642,2261,604,31,ITG,ITG2,20,Sardegna,Sardegna,1639591,152765,9.32,0.18
2822,2021-03-14,SAR,605,377,228,596,0,9,ITG,ITG2,20,Sardegna,Sardegna,1639591,153370,9.35,0.04
2823,2021-07-01,SAR,19828,9760,10068,7258,12478,92,ITG,ITG2,20,Sardegna,Sardegna,1639591,173198,10.56,1.21
2824,2021-03-23,SAR,6410,2879,3531,5180,1078,152,ITG,ITG2,20,Sardegna,Sardegna,1639591,179608,10.95,0.39
2825,2021-07-15,SAR,11213,5567,5646,3099,8041,73,ITG,ITG2,20,Sardegna,Sardegna,1639591,190821,11.64,0.68
2826,2021-05-12,SAR,11133,5260,5873,7789,3138,206,ITG,ITG2,20,Sardegna,Sardegna,1639591,201954,12.32,0.68
2827,2021-01-16,SAR,1490,525,965,1490,0,0,ITG,ITG2,20,Sardegna,Sardegna,1639591,203444,12.41,0.09
2828,2021-04-23,SAR,12862,5742,7120,7243,5480,139,ITG,ITG2,20,Sardegna,Sardegna,1639591,216306,13.19,0.78
2829,2021-05-10,SAR,9738,4340,5398,7032,2538,168,ITG,ITG2,20,Sardegna,Sardegna,1639591,226044,13.79,0.59
2830,2021-01-30,SAR,3865,1393,2472,363,3502,0,ITG,ITG2,20,Sardegna,Sardegna,1639591,229909,14.02,0.24
2831,2021-03-09,SAR,5529,2738,2791,4744,728,57,ITG,ITG2,20,Sardegna,Sardegna,1639591,235438,14.36,0.34
2832,2021-05-05,SAR,10160,4645,5515,7953,2013,194,ITG,ITG2,20,Sardegna,Sardegna,1639591,245598,14.98,0.62
2833,2021-05-31,SAR,11366,5409,5957,8157,3110,99,ITG,ITG2,20,Sardegna,Sardegna,1639591,256964,15.67,0.69
2834,2021-04-18,SAR,5127,2226,2901,2230,2869,28,ITG,ITG2,20,Sardegna,Sardegna,1639591,262091,15.99,0.31
2835,2021-01-08,SAR,3257,1184,2073,3255,0,2,ITG,ITG2,20,Sardegna,Sardegna,1639591,265348,16.18,0.2
2836,2021-06-02,SAR,9785,4690,5095,8059,1640,86,ITG,ITG2,20,Sardegna,Sardegna,1639591,275133,16.78,0.6
2837,2021-07-08,SAR,18420,8958,9462,3833,14504,83,ITG,ITG2,20,Sardegna,Sardegna,1639591,293553,17.9,1.12
2838,2021-04-16,SAR,14442,6487,7955,8940,5340,162,ITG,ITG2,20,Sardegna,Sardegna,1639591,307995,18.78,0.88
2839,2021-01-23,SAR,60,22,38,0,60,0,ITG,ITG2,20,Sardegna,Sardegna,1639591,308055,18.79,0.0
2840,2021-02-22,SAR,1638,948,690,1384,228,26,ITG,ITG2,20,Sardegna,Sardegna,1639591,309693,18.89,0.1
2841,2021-03-11,SAR,6413,3083,3330,5145,1200,68,ITG,ITG2,20,Sardegna,Sardegna,1639591,316106,19.28,0.39
2842,2021-07-13,SAR,17783,8515,9268,3252,14454,77,ITG,ITG2,20,Sardegna,Sardegna,1639591,333889,20.36,1.08
2843,2021-04-04,SAR,2,1,1,0,2,0,ITG,ITG2,20,Sardegna,Sardegna,1639591,333891,20.36,0.0
2844,2021-06-16,SAR,17632,8275,9357,12168,5304,160,ITG,ITG2,20,Sardegna,Sardegna,1639591,351523,21.44,1.08
2845,2021-04-30,SAR,11129,5299,5830,6752,4205,172,ITG,ITG2,20,Sardegna,Sardegna,1639591,362652,22.12,0.68
2846,2021-05-17,SAR,12815,6258,6557,9126,3544,145,ITG,ITG2,20,Sardegna,Sardegna,1639591,375467,22.9,0.78
2847,2021-02-06,SAR,1969,697,1272,564,1402,3,ITG,ITG2,20,Sardegna,Sardegna,1639591,377436,23.02,0.12
2848,2021-02-23,SAR,1565,1043,522,1270,280,15,ITG,ITG2,20,Sardegna,Sardegna,1639591,379001,23.12,0.1
2849,2021-05-02,SAR,5882,2669,3213,5215,577,90,ITG,ITG2,20,Sardegna,Sardegna,1639591,384883,23.47,0.36
2850,2021-02-08,SAR,1466,531,935,852,613,1,ITG,ITG2,20,Sardegna,Sardegna,1639591,386349,23.56,0.09
2851,2020-12-28,SAR,65,25,40,65,0,0,ITG,ITG2,20,Sardegna,Sardegna,1639591,386414,23.57,0.0
2852,2021-06-14,SAR,13745,6639,7106,9995,3610,140,ITG,ITG2,20,Sardegna,Sardegna,1639591,400159,24.41,0.84
2853,2021-03-06,SAR,2635,1078,1557,781,1781,73,ITG,ITG2,20,Sardegna,Sardegna,1639591,402794,24.57,0.16
2854,2021-06-28,SAR,14987,7038,7949,3051,11871,65,ITG,ITG2,20,Sardegna,Sardegna,1639591,417781,25.48,0.91
2855,2021-04-06,SAR,7457,3123,4334,4970,2429,58,ITG,ITG2,20,Sardegna,Sardegna,1639591,425238,25.94,0.45
2856,2020-12-27,SAR,65,34,31,65,0,0,ITG,ITG2,20,Sardegna,Sardegna,1639591,425303,25.94,0.0
2857,2021-06-12,SAR,14753,7192,7561,9938,4700,115,ITG,ITG2,20,Sardegna,Sardegna,1639591,440056,26.84,0.9
2858,2021-03-04,SAR,4361,2291,2070,3052,1255,54,ITG,ITG2,20,Sardegna,Sardegna,1639591,444417,27.11,0.27
2859,2021-03-21,SAR,4030,1809,2221,2571,1440,19,ITG,ITG2,20,Sardegna,Sardegna,1639591,448447,27.35,0.25
2860,2021-06-26,SAR,19125,9001,10124,5444,13607,74,ITG,ITG2,20,Sardegna,Sardegna,1639591,467572,28.52,1.17
2861,2021-05-07,SAR,14467,6633,7834,9716,4523,228,ITG,ITG2,20,Sardegna,Sardegna,1639591,482039,29.4,0.88
2862,2021-01-27,SAR,1414,498,916,78,1336,0,ITG,ITG2,20,Sardegna,Sardegna,1639591,483453,29.49,0.09
2863,2021-07-03,SAR,15830,7555,8275,3236,12563,31,ITG,ITG2,20,Sardegna,Sardegna,1639591,499283,30.45,0.97
2864,2021-03-25,SAR,9105,3969,5136,7686,1303,116,ITG,ITG2,20,Sardegna,Sardegna,1639591,508388,31.01,0.56
2865,2021-03-02,SAR,3034,1629,1405,1815,1153,66,ITG,ITG2,20,Sardegna,Sardegna,1639591,511422,31.19,0.19
2866,2021-04-28,SAR,9010,4276,4734,5165,3698,147,ITG,ITG2,20,Sardegna,Sardegna,1639591,520432,31.74,0.55
2867,2021-01-18,SAR,903,324,579,779,124,0,ITG,ITG2,20,Sardegna,Sardegna,1639591,521335,31.8,0.06
2868,2021-06-24,SAR,19163,9201,9962,8112,10950,101,ITG,ITG2,20,Sardegna,Sardegna,1639591,540498,32.97,1.17
2869,2021-03-16,SAR,4396,1954,2442,3434,922,40,ITG,ITG2,20,Sardegna,Sardegna,1639591,544894,33.23,0.27
2870,2021-04-21,SAR,12067,5552,6515,6438,5531,98,ITG,ITG2,20,Sardegna,Sardegna,1639591,556961,33.97,0.74
2871,2021-01-11,SAR,1182,504,678,1181,0,1,ITG,ITG2,20,Sardegna,Sardegna,1639591,558143,34.04,0.07
2872,2021-06-17,SAR,18459,8529,9930,9923,8416,120,ITG,ITG2,20,Sardegna,Sardegna,1639591,576602,35.17,1.13
2873,2021-04-20,SAR,10991,4988,6003,7694,3206,91,ITG,ITG2,20,Sardegna,Sardegna,1639591,587593,35.84,0.67
2874,2021-06-04,SAR,14480,6930,7550,9769,4554,157,ITG,ITG2,20,Sardegna,Sardegna,1639591,602073,36.72,0.88
2875,2021-06-21,SAR,14015,6730,7285,5122,8821,72,ITG,ITG2,20,Sardegna,Sardegna,1639591,616088,37.58,0.85
2876,2021-03-13,SAR,2754,1075,1679,2434,281,39,ITG,ITG2,20,Sardegna,Sardegna,1639591,618842,37.74,0.17
2877,2021-03-30,SAR,8757,3582,5175,6345,2274,138,ITG,ITG2,20,Sardegna,Sardegna,1639591,627599,38.28,0.53
2878,2021-01-06,SAR,1613,547,1066,1613,0,0,ITG,ITG2,20,Sardegna,Sardegna,1639591,629212,38.38,0.1
2879,2021-06-23,SAR,20535,9662,10873,6193,14251,91,ITG,ITG2,20,Sardegna,Sardegna,1639591,649747,39.63,1.25
2880,2021-01-01,SAR,32,17,15,32,0,0,ITG,ITG2,20,Sardegna,Sardegna,1639591,649779,39.63,0.0
2881,2021-02-27,SAR,1915,642,1273,1318,556,41,ITG,ITG2,20,Sardegna,Sardegna,1639591,651694,39.75,0.12
2882,2021-04-13,SAR,7616,3598,4018,5734,1825,57,ITG,ITG2,20,Sardegna,Sardegna,1639591,659310,40.21,0.46
2883,2021-06-09,SAR,15464,7367,8097,11577,3738,149,ITG,ITG2,20,Sardegna,Sardegna,1639591,674774,41.16,0.94
2884,2021-01-20,SAR,210,77,133,208,2,0,ITG,ITG2,20,Sardegna,Sardegna,1639591,674984,41.17,0.01
2885,2021-04-25,SAR,4497,2269,2228,3673,778,46,ITG,ITG2,20,Sardegna,Sardegna,1639591,679481,41.44,0.27
2886,2021-01-15,SAR,1559,572,987,1557,0,2,ITG,ITG2,20,Sardegna,Sardegna,1639591,681040,41.54,0.1
2887,2021-02-01,SAR,1523,605,918,224,1299,0,ITG,ITG2,20,Sardegna,Sardegna,1639591,682563,41.63,0.09
2888,2021-05-09,SAR,6127,2874,3253,5113,926,88,ITG,ITG2,20,Sardegna,Sardegna,1639591,688690,42.0,0.37
2889,2021-05-26,SAR,15531,8188,7343,9702,5645,184,ITG,ITG2,20,Sardegna,Sardegna,1639591,704221,42.95,0.95
2890,2021-02-15,SAR,954,347,607,917,31,6,ITG,ITG2,20,Sardegna,Sardegna,1639591,705175,43.01,0.06
2891,2021-05-21,SAR,22638,11203,11435,16260,6098,280,ITG,ITG2,20,Sardegna,Sardegna,1639591,727813,44.39,1.38
2892,2021-03-18,SAR,7254,3072,4182,5574,1607,73,ITG,ITG2,20,Sardegna,Sardegna,1639591,735067,44.83,0.44
2893,2021-05-14,SAR,14570,6866,7704,10767,3641,162,ITG,ITG2,20,Sardegna,Sardegna,1639591,749637,45.72,0.89
2894,2021-02-03,SAR,1119,419,700,424,694,1,ITG,ITG2,20,Sardegna,Sardegna,1639591,750756,45.79,0.07
2895,2021-07-10,SAR,14224,6876,7348,2706,11485,33,ITG,ITG2,20,Sardegna,Sardegna,1639591,764980,46.66,0.87
2896,2021-04-01,SAR,10153,4067,6086,7005,3012,136,ITG,ITG2,20,Sardegna,Sardegna,1639591,775133,47.28,0.62
2897,2021-02-20,SAR,2040,854,1186,1683,334,23,ITG,ITG2,20,Sardegna,Sardegna,1639591,777173,47.4,0.12
2898,2021-04-29,SAR,11120,5105,6015,6616,4353,151,ITG,ITG2,20,Sardegna,Sardegna,1639591,788293,48.08,0.68
2899,2021-06-25,SAR,16494,7801,8693,3897,12541,56,ITG,ITG2,20,Sardegna,Sardegna,1639591,804787,49.08,1.01
2900,2021-01-10,SAR,2176,748,1428,2176,0,0,ITG,ITG2,20,Sardegna,Sardegna,1639591,806963,49.22,0.13
2901,2021-01-25,SAR,591,214,377,22,569,0,ITG,ITG2,20,Sardegna,Sardegna,1639591,807554,49.25,0.04
2902,2021-05-16,SAR,8227,3834,4393,5991,2160,76,ITG,ITG2,20,Sardegna,Sardegna,1639591,815781,49.76,0.5
2903,2021-07-12,SAR,15334,7416,7918,2408,12871,55,ITG,ITG2,20,Sardegna,Sardegna,1639591,831115,50.69,0.94
2904,2021-07-05,SAR,15576,7569,8007,3327,12200,49,ITG,ITG2,20,Sardegna,Sardegna,1639591,846691,51.64,0.95
2905,2021-03-08,SAR,4682,2430,2252,3420,1221,41,ITG,ITG2,20,Sardegna,Sardegna,1639591,851373,51.93,0.29
2906,2021-05-04,SAR,9538,4385,5153,7541,1852,145,ITG,ITG2,20,Sardegna,Sardegna,1639591,860911,52.51,0.58
2907,2021-01-24,SAR,90,34,56,5,85,0,ITG,ITG2,20,Sardegna,Sardegna,1639591,861001,52.51,0.01
2908,2021-05-18,SAR,14751,7378,7373,9447,5200,104,ITG,ITG2,20,Sardegna,Sardegna,1639591,875752,53.41,0.9
2909,2021-02-24,SAR,2412,1294,1118,2183,193,36,ITG,ITG2,20,Sardegna,Sardegna,1639591,878164,53.56,0.15
2910,2021-03-29,SAR,4736,1845,2891,4071,588,77,ITG,ITG2,20,Sardegna,Sardegna,1639591,882900,53.85,0.29
2911,2021-04-15,SAR,11844,5538,6306,6777,4956,111,ITG,ITG2,20,Sardegna,Sardegna,1639591,894744,54.57,0.72
2912,2021-01-05,SAR,1321,443,878,1321,0,0,ITG,ITG2,20,Sardegna,Sardegna,1639591,896065,54.65,0.08
2913,2021-01-22,SAR,83,47,36,55,28,0,ITG,ITG2,20,Sardegna,Sardegna,1639591,896148,54.66,0.01
2914,2021-04-17,SAR,10077,4499,5578,5403,4596,78,ITG,ITG2,20,Sardegna,Sardegna,1639591,906225,55.27,0.61
2915,2021-03-20,SAR,5194,2075,3119,2891,2277,26,ITG,ITG2,20,Sardegna,Sardegna,1639591,911419,55.59,0.32
2916,2021-06-13,SAR,9499,4675,4824,6159,3260,80,ITG,ITG2,20,Sardegna,Sardegna,1639591,920918,56.17,0.58
2917,2021-02-10,SAR,1958,765,1193,1434,518,6,ITG,ITG2,20,Sardegna,Sardegna,1639591,922876,56.29,0.12
2918,2021-02-05,SAR,1898,750,1148,431,1465,2,ITG,ITG2,20,Sardegna,Sardegna,1639591,924774,56.4,0.12
2919,2021-04-03,SAR,4668,1807,2861,2635,1969,64,ITG,ITG2,20,Sardegna,Sardegna,1639591,929442,56.69,0.28
2920,2021-05-30,SAR,9727,4836,4891,7300,2357,70,ITG,ITG2,20,Sardegna,Sardegna,1639591,939169,57.28,0.59
2921,2021-02-19,SAR,1496,470,1026,1397,56,43,ITG,ITG2,20,Sardegna,Sardegna,1639591,940665,57.37,0.09
2922,2021-07-02,SAR,18921,8884,10037,4407,14418,96,ITG,ITG2,20,Sardegna,Sardegna,1639591,959586,58.53,1.15
2923,2021-04-27,SAR,7616,3552,4064,5476,2042,98,ITG,ITG2,20,Sardegna,Sardegna,1639591,967202,58.99,0.46
2924,2021-01-17,SAR,859,277,582,858,1,0,ITG,ITG2,20,Sardegna,Sardegna,1639591,968061,59.04,0.05
2925,2021-03-15,SAR,2796,1317,1479,2382,374,40,ITG,ITG2,20,Sardegna,Sardegna,1639591,970857,59.21,0.17
2926,2021-07-04,SAR,8200,3987,4213,2068,6117,15,ITG,ITG2,20,Sardegna,Sardegna,1639591,979057,59.71,0.5
2927,2021-03-26,SAR,8456,3512,4944,6810,1526,120,ITG,ITG2,20,Sardegna,Sardegna,1639591,987513,60.23,0.52
2928,2021-05-22,SAR,24843,11954,12889,19399,5139,305,ITG,ITG2,20,Sardegna,Sardegna,1639591,1012356,61.74,1.52
2929,2021-06-18,SAR,16483,7506,8977,8602,7766,115,ITG,ITG2,20,Sardegna,Sardegna,1639591,1028839,62.75,1.01
2930,2021-03-10,SAR,6051,2955,3096,5137,852,62,ITG,ITG2,20,Sardegna,Sardegna,1639591,1034890,63.12,0.37
2931,2021-05-06,SAR,12947,6009,6938,9564,3146,237,ITG,ITG2,20,Sardegna,Sardegna,1639591,1047837,63.91,0.79
2932,2021-03-01,SAR,2264,1154,1110,1579,659,26,ITG,ITG2,20,Sardegna,Sardegna,1639591,1050101,64.05,0.14
2933,2021-05-13,SAR,12370,5861,6509,8725,3446,199,ITG,ITG2,20,Sardegna,Sardegna,1639591,1062471,64.8,0.75
2934,2021-02-02,SAR,1499,669,830,257,1242,0,ITG,ITG2,20,Sardegna,Sardegna,1639591,1063970,64.89,0.09
2935,2021-01-03,SAR,90,36,54,90,0,0,ITG,ITG2,20,Sardegna,Sardegna,1639591,1064060,64.9,0.01
2936,2021-07-07,SAR,15894,7724,8170,4086,11757,51,ITG,ITG2,20,Sardegna,Sardegna,1639591,1079954,65.87,0.97
2937,2021-04-12,SAR,6992,3179,3813,5215,1713,64,ITG,ITG2,20,Sardegna,Sardegna,1639591,1086946,66.29,0.43
2938,2021-01-02,SAR,60,21,39,60,0,0,ITG,ITG2,20,Sardegna,Sardegna,1639591,1087006,66.3,0.0
2939,2021-06-08,SAR,14833,7071,7762,11173,3505,155,ITG,ITG2,20,Sardegna,Sardegna,1639591,1101839,67.2,0.9
2940,2021-02-28,SAR,367,169,198,139,226,2,ITG,ITG2,20,Sardegna,Sardegna,1639591,1102206,67.22,0.02
2941,2021-04-26,SAR,6852,3274,3578,5861,903,88,ITG,ITG2,20,Sardegna,Sardegna,1639591,1109058,67.64,0.42
2942,2021-06-06,SAR,10036,5002,5034,6316,3651,69,ITG,ITG2,20,Sardegna,Sardegna,1639591,1119094,68.25,0.61
2943,2021-01-19,SAR,746,269,477,690,55,1,ITG,ITG2,20,Sardegna,Sardegna,1639591,1119840,68.3,0.05
2944,2021-03-17,SAR,6549,2846,3703,4904,1608,37,ITG,ITG2,20,Sardegna,Sardegna,1639591,1126389,68.7,0.4
2945,2021-06-27,SAR,9010,4306,4704,2956,6026,28,ITG,ITG2,20,Sardegna,Sardegna,1639591,1135399,69.25,0.55
2946,2021-03-24,SAR,7393,3105,4288,5905,1356,132,ITG,ITG2,20,Sardegna,Sardegna,1639591,1142792,69.7,0.45
2947,2021-03-27,SAR,5733,2192,3541,5224,422,87,ITG,ITG2,20,Sardegna,Sardegna,1639591,1148525,70.05,0.35
2948,2021-05-23,SAR,9965,4807,5158,7624,2245,96,ITG,ITG2,20,Sardegna,Sardegna,1639591,1158490,70.66,0.61
2949,2021-02-12,SAR,2236,933,1303,2172,59,5,ITG,ITG2,20,Sardegna,Sardegna,1639591,1160726,70.79,0.14
2950,2021-04-10,SAR,10492,4747,5745,8454,1938,100,ITG,ITG2,20,Sardegna,Sardegna,1639591,1171218,71.43,0.64
2951,2021-01-29,SAR,2955,1070,1885,45,2908,2,ITG,ITG2,20,Sardegna,Sardegna,1639591,1174173,71.61,0.18
2952,2021-01-28,SAR,2973,1045,1928,69,2904,0,ITG,ITG2,20,Sardegna,Sardegna,1639591,1177146,71.8,0.18
2953,2021-05-15,SAR,13794,6426,7368,10198,3434,162,ITG,ITG2,20,Sardegna,Sardegna,1639591,1190940,72.64,0.84
2954,2021-07-11,SAR,6367,3113,3254,1426,4906,35,ITG,ITG2,20,Sardegna,Sardegna,1639591,1197307,73.02,0.39
2955,2021-01-26,SAR,1337,454,883,27,1310,0,ITG,ITG2,20,Sardegna,Sardegna,1639591,1198644,73.11,0.08
2956,2021-06-01,SAR,14319,6654,7665,9636,4589,94,ITG,ITG2,20,Sardegna,Sardegna,1639591,1212963,73.98,0.87
2957,2021-02-21,SAR,1588,709,879,1557,30,1,ITG,ITG2,20,Sardegna,Sardegna,1639591,1214551,74.08,0.1
2958,2021-04-19,SAR,10184,4622,5562,8625,1427,132,ITG,ITG2,20,Sardegna,Sardegna,1639591,1224735,74.7,0.62
2959,2021-01-09,SAR,4012,1414,2598,4012,0,0,ITG,ITG2,20,Sardegna,Sardegna,1639591,1228747,74.94,0.24
2960,2021-06-15,SAR,14687,6805,7882,9816,4738,133,ITG,ITG2,20,Sardegna,Sardegna,1639591,1243434,75.84,0.9
2961,2021-03-07,SAR,1658,751,907,1113,541,4,ITG,ITG2,20,Sardegna,Sardegna,1639591,1245092,75.94,0.1
2962,2021-04-14,SAR,8260,3905,4355,6963,1237,60,ITG,ITG2,20,Sardegna,Sardegna,1639591,1253352,76.44,0.5
2963,2021-05-01,SAR,9914,4763,5151,5368,4455,91,ITG,ITG2,20,Sardegna,Sardegna,1639591,1263266,77.05,0.6
2964,2021-01-21,SAR,127,61,66,94,33,0,ITG,ITG2,20,Sardegna,Sardegna,1639591,1263393,77.06,0.01
2965,2021-02-07,SAR,1119,396,723,227,891,1,ITG,ITG2,20,Sardegna,Sardegna,1639591,1264512,77.12,0.07
2966,2021-05-03,SAR,8186,3821,4365,6488,1597,101,ITG,ITG2,20,Sardegna,Sardegna,1639591,1272698,77.62,0.5
2967,2021-05-20,SAR,16360,7879,8481,11267,4893,200,ITG,ITG2,20,Sardegna,Sardegna,1639591,1289058,78.62,1.0
2968,2021-06-22,SAR,19336,8988,10348,7170,12064,102,ITG,ITG2,20,Sardegna,Sardegna,1639591,1308394,79.8,1.18
2969,2021-07-09,SAR,15874,7599,8275,3434,12360,80,ITG,ITG2,20,Sardegna,Sardegna,1639591,1324268,80.77,0.97
2970,2021-03-31,SAR,10253,4150,6103,7702,2429,122,ITG,ITG2,20,Sardegna,Sardegna,1639591,1334521,81.39,0.63
2971,2021-01-07,SAR,3103,1072,2031,3099,0,4,ITG,ITG2,20,Sardegna,Sardegna,1639591,1337624,81.58,0.19
2972,2021-06-10,SAR,17805,8474,9331,11643,6038,124,ITG,ITG2,20,Sardegna,Sardegna,1639591,1355429,82.67,1.09
2973,2021-05-27,SAR,17823,9261,8562,12082,5534,207,ITG,ITG2,20,Sardegna,Sardegna,1639591,1373252,83.76,1.09
2974,2021-02-16,SAR,699,289,410,663,27,9,ITG,ITG2,20,Sardegna,Sardegna,1639591,1373951,83.8,0.04
2975,2021-03-05,SAR,5202,2602,2600,2813,2354,35,ITG,ITG2,20,Sardegna,Sardegna,1639591,1379153,84.12,0.32
2976,2021-03-19,SAR,7260,3046,4214,4992,2215,53,ITG,ITG2,20,Sardegna,Sardegna,1639591,1386413,84.56,0.44
2977,2021-05-08,SAR,13082,5970,7112,10667,2285,130,ITG,ITG2,20,Sardegna,Sardegna,1639591,1399495,85.36,0.8
2978,2021-02-09,SAR,2285,835,1450,1284,996,5,ITG,ITG2,20,Sardegna,Sardegna,1639591,1401780,85.5,0.14
2979,2021-02-26,SAR,2798,1106,1692,2444,306,48,ITG,ITG2,20,Sardegna,Sardegna,1639591,1404578,85.67,0.17
2980,2021-06-03,SAR,16395,7643,8752,10567,5688,140,ITG,ITG2,20,Sardegna,Sardegna,1639591,1420973,86.67,1.0
2981,2021-06-20,SAR,6289,2805,3484,3637,2620,32,ITG,ITG2,20,Sardegna,Sardegna,1639591,1427262,87.05,0.38
2982,2021-03-12,SAR,5967,2616,3351,4517,1306,144,ITG,ITG2,20,Sardegna,Sardegna,1639591,1433229,87.41,0.36
2983,2021-07-16,SAR,16941,8475,8466,4562,12245,134,ITG,ITG2,20,Sardegna,Sardegna,1639591,1450170,88.45,1.03
2984,2021-04-07,SAR,13543,6050,7493,7823,5652,68,ITG,ITG2,20,Sardegna,Sardegna,1639591,1463713,89.27,0.83
2985,2021-04-24,SAR,10356,4845,5511,7890,2339,127,ITG,ITG2,20,Sardegna,Sardegna,1639591,1474069,89.9,0.63
2986,2021-01-14,SAR,1105,425,680,1105,0,0,ITG,ITG2,20,Sardegna,Sardegna,1639591,1475174,89.97,0.07
2987,2020-12-31,SAR,32,16,16,32,0,0,ITG,ITG2,20,Sardegna,Sardegna,1639591,1475206,89.97,0.0
2988,2021-01-13,SAR,574,178,396,574,0,0,ITG,ITG2,20,Sardegna,Sardegna,1639591,1475780,90.01,0.04
2989,2021-07-17,SAR,13120,6419,6701,3180,9873,67,ITG,ITG2,20,Sardegna,Sardegna,1639591,1488900,90.81,0.8
2990,2021-05-28,SAR,17951,8696,9255,13488,4275,188,ITG,ITG2,20,Sardegna,Sardegna,1639591,1506851,91.9,1.09
2991,2021-02-17,SAR,1403,576,827,1273,74,56,ITG,ITG2,20,Sardegna,Sardegna,1639591,1508254,91.99,0.09
2992,2021-05-25,SAR,15138,7702,7436,8487,6476,175,ITG,ITG2,20,Sardegna,Sardegna,1639591,1523392,92.91,0.92
2993,2021-06-11,SAR,14781,7024,7757,9096,5533,152,ITG,ITG2,20,Sardegna,Sardegna,1639591,1538173,93.81,0.9
2994,2021-03-03,SAR,4111,2276,1835,2738,1297,76,ITG,ITG2,20,Sardegna,Sardegna,1639591,1542284,94.07,0.25
2995,2021-06-30,SAR,17770,8512,9258,4814,12875,81,ITG,ITG2,20,Sardegna,Sardegna,1639591,1560054,95.15,1.08
2996,2021-03-22,SAR,3686,1492,2194,3099,512,75,ITG,ITG2,20,Sardegna,Sardegna,1639591,1563740,95.37,0.22
2997,2021-04-08,SAR,13437,5935,7502,8211,5117,109,ITG,ITG2,20,Sardegna,Sardegna,1639591,1577177,96.19,0.82
2998,2021-07-14,SAR,16900,8188,8712,3775,13015,110,ITG,ITG2,20,Sardegna,Sardegna,1639591,1594077,97.22,1.03
2999,2020-12-29,SAR,57,32,25,57,0,0,ITG,ITG2,20,Sardegna,Sardegna,1639591,1594134,97.23,0.0
3000,2021-04-22,SAR,10504,4662,5842,5502,4918,84,ITG,ITG2,20,Sardegna,Sardegna,1639591,1604638,97.87,0.64
3001,2021-01-12,SAR,865,408,457,865,0,0,ITG,ITG2,20,Sardegna,Sardegna,1639591,1605503,97.92,0.05
3002,2021-05-11,SAR,8909,4139,4770,6396,2387,126,ITG,ITG2,20,Sardegna,Sardegna,1639591,1614412,98.46,0.54
3003,2021-01-31,SAR,2117,749,1368,45,2072,0,ITG,ITG2,20,Sardegna,Sardegna,1639591,1616529,98.59,0.13
3004,2021-02-14,SAR,538,263,275,536,2,0,ITG,ITG2,20,Sardegna,Sardegna,1639591,1617067,98.63,0.03
3005,2021-07-18,SAR,4908,2458,2450,812,4089,7,ITG,ITG2,20,Sardegna,Sardegna,1639591,1621975,98.93,0.3
3006,2021-04-05,SAR,2035,783,1252,2003,1,31,ITG,ITG2,20,Sardegna,Sardegna,1639591,1624010,99.05,0.12
3007,2021-06-29,SAR,17884,8602,9282,3757,14079,48,ITG,ITG2,20,Sardegna,Sardegna,1639591,1641894,100.14,1.09
3008,2021-03-22,PAB,1144,523,621,1138,5,1,ITH,ITH1,4,Provincia Autonoma Bolzano / Bozen,P.A. Bolzano,533050,1144,0.21,0.21
3009,2021-02-12,PAB,730,217,513,482,248,0,ITH,ITH1,4,Provincia Autonoma Bolzano / Bozen,P.A. Bolzano,533050,1874,0.35,0.14
3010,2021-04-10,PAB,5396,2666,2730,4802,588,6,ITH,ITH1,4,Provincia Autonoma Bolzano / Bozen,P.A. Bolzano,533050,7270,1.36,1.01
3011,2020-12-31,PAB,913,519,394,913,0,0,ITH,ITH1,4,Provincia Autonoma Bolzano / Bozen,P.A. Bolzano,533050,8183,1.54,0.17
3012,2021-04-19,PAB,1873,859,1014,1689,182,2,ITH,ITH1,4,Provincia Autonoma Bolzano / Bozen,P.A. Bolzano,533050,10056,1.89,0.35
3013,2021-06-15,PAB,2024,1167,857,492,1532,0,ITH,ITH1,4,Provincia Autonoma Bolzano / Bozen,P.A. Bolzano,533050,12080,2.27,0.38
3014,2021-04-17,PAB,5239,2602,2637,5184,44,11,ITH,ITH1,4,Provincia Autonoma Bolzano / Bozen,P.A. Bolzano,533050,17319,3.25,0.98
3015,2021-06-06,PAB,4536,2179,2357,858,3678,0,ITH,ITH1,4,Provincia Autonoma Bolzano / Bozen,P.A. Bolzano,533050,21855,4.1,0.85
3016,2021-02-26,PAB,1527,551,976,1494,30,3,ITH,ITH1,4,Provincia Autonoma Bolzano / Bozen,P.A. Bolzano,533050,23382,4.39,0.29
3017,2021-06-01,PAB,3635,2365,1270,2162,1473,0,ITH,ITH1,4,Provincia Autonoma Bolzano / Bozen,P.A. Bolzano,533050,27017,5.07,0.68
3018,2021-02-19,PAB,2252,512,1740,2241,11,0,ITH,ITH1,4,Provincia Autonoma Bolzano / Bozen,P.A. Bolzano,533050,29269,5.49,0.42
3019,2021-07-16,PAB,4316,2344,1972,1015,3301,0,ITH,ITH1,4,Provincia Autonoma Bolzano / Bozen,P.A. Bolzano,533050,33585,6.3,0.81
3020,2021-04-24,PAB,5110,2452,2658,4607,485,18,ITH,ITH1,4,Provincia Autonoma Bolzano / Bozen,P.A. Bolzano,533050,38695,7.26,0.96
3021,2021-07-14,PAB,858,443,415,501,357,0,ITH,ITH1,4,Provincia Autonoma Bolzano / Bozen,P.A. Bolzano,533050,39553,7.42,0.16
3022,2021-04-05,PAB,301,144,157,22,278,1,ITH,ITH1,4,Provincia Autonoma Bolzano / Bozen,P.A. Bolzano,533050,39854,7.48,0.06
3023,2021-06-27,PAB,4425,2314,2111,618,3807,0,ITH,ITH1,4,Provincia Autonoma Bolzano / Bozen,P.A. Bolzano,533050,44279,8.31,0.83
3024,2021-01-12,PAB,1709,459,1250,1709,0,0,ITH,ITH1,4,Provincia Autonoma Bolzano / Bozen,P.A. Bolzano,533050,45988,8.63,0.32
3025,2021-05-20,PAB,4916,2472,2444,3419,1469,28,ITH,ITH1,4,Provincia Autonoma Bolzano / Bozen,P.A. Bolzano,533050,50904,9.55,0.92
3026,2021-07-09,PAB,5196,2592,2604,1036,4160,0,ITH,ITH1,4,Provincia Autonoma Bolzano / Bozen,P.A. Bolzano,533050,56100,10.52,0.97
3027,2021-03-31,PAB,1832,694,1138,821,1011,0,ITH,ITH1,4,Provincia Autonoma Bolzano / Bozen,P.A. Bolzano,533050,57932,10.87,0.34
3028,2021-01-24,PAB,12,10,2,0,12,0,ITH,ITH1,4,Provincia Autonoma Bolzano / Bozen,P.A. Bolzano,533050,57944,10.87,0.0
3029,2021-07-04,PAB,4412,2129,2283,188,4224,0,ITH,ITH1,4,Provincia Autonoma Bolzano / Bozen,P.A. Bolzano,533050,62356,11.7,0.83
3030,2021-06-20,PAB,5232,2845,2387,615,4593,24,ITH,ITH1,4,Provincia Autonoma Bolzano / Bozen,P.A. Bolzano,533050,67588,12.68,0.98
3031,2021-02-07,PAB,2362,1058,1304,14,2348,0,ITH,ITH1,4,Provincia Autonoma Bolzano / Bozen,P.A. Bolzano,533050,69950,13.12,0.44
3032,2021-05-18,PAB,3343,1754,1589,2135,1186,22,ITH,ITH1,4,Provincia Autonoma Bolzano / Bozen,P.A. Bolzano,533050,73293,13.75,0.63
3033,2021-01-26,PAB,810,291,519,1,809,0,ITH,ITH1,4,Provincia Autonoma Bolzano / Bozen,P.A. Bolzano,533050,74103,13.9,0.15
3034,2021-07-02,PAB,3195,1657,1538,1023,2172,0,ITH,ITH1,4,Provincia Autonoma Bolzano / Bozen,P.A. Bolzano,533050,77298,14.5,0.6
3035,2021-03-24,PAB,2064,999,1065,2049,13,2,ITH,ITH1,4,Provincia Autonoma Bolzano / Bozen,P.A. Bolzano,533050,79362,14.89,0.39
3036,2021-03-10,PAB,1268,529,739,1123,143,2,ITH,ITH1,4,Provincia Autonoma Bolzano / Bozen,P.A. Bolzano,533050,80630,15.13,0.24
3037,2021-05-06,PAB,5181,2747,2434,2590,2568,23,ITH,ITH1,4,Provincia Autonoma Bolzano / Bozen,P.A. Bolzano,533050,85811,16.1,0.97
3038,2021-01-07,PAB,918,327,591,918,0,0,ITH,ITH1,4,Provincia Autonoma Bolzano / Bozen,P.A. Bolzano,533050,86729,16.27,0.17
3039,2021-04-12,PAB,2105,946,1159,2095,7,3,ITH,ITH1,4,Provincia Autonoma Bolzano / Bozen,P.A. Bolzano,533050,88834,16.67,0.39
3040,2021-03-07,PAB,114,13,101,9,105,0,ITH,ITH1,4,Provincia Autonoma Bolzano / Bozen,P.A. Bolzano,533050,88948,16.69,0.02
3041,2021-04-21,PAB,3013,1468,1545,2156,848,9,ITH,ITH1,4,Provincia Autonoma Bolzano / Bozen,P.A. Bolzano,533050,91961,17.25,0.57
3042,2021-03-05,PAB,1840,625,1215,1395,443,2,ITH,ITH1,4,Provincia Autonoma Bolzano / Bozen,P.A. Bolzano,533050,93801,17.6,0.35
3043,2021-05-27,PAB,6146,3236,2910,4079,2010,57,ITH,ITH1,4,Provincia Autonoma Bolzano / Bozen,P.A. Bolzano,533050,99947,18.75,1.15
3044,2021-06-13,PAB,3682,2049,1633,490,3192,0,ITH,ITH1,4,Provincia Autonoma Bolzano / Bozen,P.A. Bolzano,533050,103629,19.44,0.69
3045,2021-05-25,PAB,3859,2000,1859,2955,886,18,ITH,ITH1,4,Provincia Autonoma Bolzano / Bozen,P.A. Bolzano,533050,107488,20.16,0.72
3046,2021-02-14,PAB,297,130,167,297,0,0,ITH,ITH1,4,Provincia Autonoma Bolzano / Bozen,P.A. Bolzano,533050,107785,20.22,0.06
3047,2021-05-08,PAB,4427,2382,2045,3749,663,15,ITH,ITH1,4,Provincia Autonoma Bolzano / Bozen,P.A. Bolzano,533050,112212,21.05,0.83
3048,2021-03-03,PAB,1181,395,786,1168,13,0,ITH,ITH1,4,Provincia Autonoma Bolzano / Bozen,P.A. Bolzano,533050,113393,21.27,0.22
3049,2021-06-08,PAB,4188,2137,2051,871,3317,0,ITH,ITH1,4,Provincia Autonoma Bolzano / Bozen,P.A. Bolzano,533050,117581,22.06,0.79
3050,2021-04-28,PAB,2464,1302,1162,2444,5,15,ITH,ITH1,4,Provincia Autonoma Bolzano / Bozen,P.A. Bolzano,533050,120045,22.52,0.46
3051,2021-06-29,PAB,1874,1011,863,257,1617,0,ITH,ITH1,4,Provincia Autonoma Bolzano / Bozen,P.A. Bolzano,533050,121919,22.87,0.35
3052,2021-03-21,PAB,768,285,483,14,754,0,ITH,ITH1,4,Provincia Autonoma Bolzano / Bozen,P.A. Bolzano,533050,122687,23.02,0.14
3053,2021-06-12,PAB,5057,2744,2313,1769,3288,0,ITH,ITH1,4,Provincia Autonoma Bolzano / Bozen,P.A. Bolzano,533050,127744,23.96,0.95
3054,2021-01-14,PAB,1946,575,1371,1946,0,0,ITH,ITH1,4,Provincia Autonoma Bolzano / Bozen,P.A. Bolzano,533050,129690,24.33,0.37
3055,2021-01-05,PAB,830,286,544,830,0,0,ITH,ITH1,4,Provincia Autonoma Bolzano / Bozen,P.A. Bolzano,533050,130520,24.49,0.16
3056,2021-01-23,PAB,197,117,80,0,197,0,ITH,ITH1,4,Provincia Autonoma Bolzano / Bozen,P.A. Bolzano,533050,130717,24.52,0.04
3057,2021-05-03,PAB,1831,847,984,417,1413,1,ITH,ITH1,4,Provincia Autonoma Bolzano / Bozen,P.A. Bolzano,533050,132548,24.87,0.34
3058,2021-02-23,PAB,769,324,445,763,6,0,ITH,ITH1,4,Provincia Autonoma Bolzano / Bozen,P.A. Bolzano,533050,133317,25.01,0.14
3059,2021-05-17,PAB,3139,1516,1623,2436,694,9,ITH,ITH1,4,Provincia Autonoma Bolzano / Bozen,P.A. Bolzano,533050,136456,25.6,0.59
3060,2021-06-03,PAB,4801,2614,2187,3854,947,0,ITH,ITH1,4,Provincia Autonoma Bolzano / Bozen,P.A. Bolzano,533050,141257,26.5,0.9
3061,2021-05-01,PAB,2104,1067,1037,1940,160,4,ITH,ITH1,4,Provincia Autonoma Bolzano / Bozen,P.A. Bolzano,533050,143361,26.89,0.39
3062,2021-03-12,PAB,1664,734,930,1250,413,1,ITH,ITH1,4,Provincia Autonoma Bolzano / Bozen,P.A. Bolzano,533050,145025,27.21,0.31
3063,2021-03-29,PAB,1171,499,672,411,759,1,ITH,ITH1,4,Provincia Autonoma Bolzano / Bozen,P.A. Bolzano,533050,146196,27.43,0.22
3064,2021-05-15,PAB,7005,3691,3314,6680,294,31,ITH,ITH1,4,Provincia Autonoma Bolzano / Bozen,P.A. Bolzano,533050,153201,28.74,1.31
3065,2021-02-04,PAB,1958,593,1365,8,1950,0,ITH,ITH1,4,Provincia Autonoma Bolzano / Bozen,P.A. Bolzano,533050,155159,29.11,0.37
3066,2021-07-11,PAB,6060,3088,2972,1191,4869,0,ITH,ITH1,4,Provincia Autonoma Bolzano / Bozen,P.A. Bolzano,533050,161219,30.24,1.14
3067,2021-03-17,PAB,582,213,369,580,2,0,ITH,ITH1,4,Provincia Autonoma Bolzano / Bozen,P.A. Bolzano,533050,161801,30.35,0.11
3068,2021-05-13,PAB,2995,1355,1640,1059,1930,6,ITH,ITH1,4,Provincia Autonoma Bolzano / Bozen,P.A. Bolzano,533050,164796,30.92,0.56
3069,2021-04-29,PAB,2631,1351,1280,1925,694,12,ITH,ITH1,4,Provincia Autonoma Bolzano / Bozen,P.A. Bolzano,533050,167427,31.41,0.49
3070,2021-01-19,PAB,853,371,482,723,130,0,ITH,ITH1,4,Provincia Autonoma Bolzano / Bozen,P.A. Bolzano,533050,168280,31.57,0.16
3071,2021-06-25,PAB,4170,2304,1866,1157,3013,0,ITH,ITH1,4,Provincia Autonoma Bolzano / Bozen,P.A. Bolzano,533050,172450,32.35,0.78
3072,2021-06-24,PAB,3917,2026,1891,1727,2190,0,ITH,ITH1,4,Provincia Autonoma Bolzano / Bozen,P.A. Bolzano,533050,176367,33.09,0.73
3073,2021-01-09,PAB,612,326,286,612,0,0,ITH,ITH1,4,Provincia Autonoma Bolzano / Bozen,P.A. Bolzano,533050,176979,33.2,0.11
3074,2021-06-17,PAB,1763,977,786,684,1079,0,ITH,ITH1,4,Provincia Autonoma Bolzano / Bozen,P.A. Bolzano,533050,178742,33.53,0.33
3075,2021-05-10,PAB,3018,1300,1718,1412,1605,1,ITH,ITH1,4,Provincia Autonoma Bolzano / Bozen,P.A. Bolzano,533050,181760,34.1,0.57
3076,2021-02-16,PAB,530,205,325,530,0,0,ITH,ITH1,4,Provincia Autonoma Bolzano / Bozen,P.A. Bolzano,533050,182290,34.2,0.1
3077,2021-01-28,PAB,871,308,563,9,862,0,ITH,ITH1,4,Provincia Autonoma Bolzano / Bozen,P.A. Bolzano,533050,183161,34.36,0.16
3078,2021-01-16,PAB,2840,1265,1575,2840,0,0,ITH,ITH1,4,Provincia Autonoma Bolzano / Bozen,P.A. Bolzano,533050,186001,34.89,0.53
3079,2021-06-10,PAB,4458,2313,2145,1363,3095,0,ITH,ITH1,4,Provincia Autonoma Bolzano / Bozen,P.A. Bolzano,533050,190459,35.73,0.84
3080,2021-04-26,PAB,1543,771,772,1532,5,6,ITH,ITH1,4,Provincia Autonoma Bolzano / Bozen,P.A. Bolzano,533050,192002,36.02,0.29
3081,2021-04-07,PAB,1798,823,975,1255,540,3,ITH,ITH1,4,Provincia Autonoma Bolzano / Bozen,P.A. Bolzano,533050,193800,36.36,0.34
3082,2021-03-02,PAB,695,200,495,692,2,1,ITH,ITH1,4,Provincia Autonoma Bolzano / Bozen,P.A. Bolzano,533050,194495,36.49,0.13
3083,2021-03-19,PAB,1906,773,1133,794,1107,5,ITH,ITH1,4,Provincia Autonoma Bolzano / Bozen,P.A. Bolzano,533050,196401,36.84,0.36
3084,2021-07-01,PAB,4625,2296,2329,1461,3164,0,ITH,ITH1,4,Provincia Autonoma Bolzano / Bozen,P.A. Bolzano,533050,201026,37.71,0.87
3085,2021-07-06,PAB,1719,924,795,738,981,0,ITH,ITH1,4,Provincia Autonoma Bolzano / Bozen,P.A. Bolzano,533050,202745,38.03,0.32
3086,2021-06-22,PAB,2452,1409,1043,335,2117,0,ITH,ITH1,4,Provincia Autonoma Bolzano / Bozen,P.A. Bolzano,533050,205197,38.49,0.46
3087,2021-03-14,PAB,758,336,422,25,733,0,ITH,ITH1,4,Provincia Autonoma Bolzano / Bozen,P.A. Bolzano,533050,205955,38.64,0.14
3088,2021-04-14,PAB,3593,1645,1948,3488,91,14,ITH,ITH1,4,Provincia Autonoma Bolzano / Bozen,P.A. Bolzano,533050,209548,39.31,0.67
3089,2021-01-04,PAB,508,201,307,508,0,0,ITH,ITH1,4,Provincia Autonoma Bolzano / Bozen,P.A. Bolzano,533050,210056,39.41,0.1
3090,2021-04-02,PAB,2077,837,1240,718,1357,2,ITH,ITH1,4,Provincia Autonoma Bolzano / Bozen,P.A. Bolzano,533050,212133,39.8,0.39
3091,2021-05-29,PAB,7316,3893,3423,4150,3139,27,ITH,ITH1,4,Provincia Autonoma Bolzano / Bozen,P.A. Bolzano,533050,219449,41.17,1.37
3092,2021-03-26,PAB,1657,733,924,523,1134,0,ITH,ITH1,4,Provincia Autonoma Bolzano / Bozen,P.A. Bolzano,533050,221106,41.48,0.31
3093,2021-04-09,PAB,2937,1301,1636,2200,730,7,ITH,ITH1,4,Provincia Autonoma Bolzano / Bozen,P.A. Bolzano,533050,224043,42.03,0.55
3094,2021-05-22,PAB,6832,3562,3270,4633,2166,33,ITH,ITH1,4,Provincia Autonoma Bolzano / Bozen,P.A. Bolzano,533050,230875,43.31,1.28
3095,2021-02-11,PAB,1094,432,662,239,855,0,ITH,ITH1,4,Provincia Autonoma Bolzano / Bozen,P.A. Bolzano,533050,231969,43.52,0.21
3096,2021-07-18,PAB,1191,642,549,130,1061,0,ITH,ITH1,4,Provincia Autonoma Bolzano / Bozen,P.A. Bolzano,533050,233160,43.74,0.22
3097,2021-01-02,PAB,91,48,43,91,0,0,ITH,ITH1,4,Provincia Autonoma Bolzano / Bozen,P.A. Bolzano,533050,233251,43.76,0.02
3098,2021-06-26,PAB,4538,2326,2212,1466,3072,0,ITH,ITH1,4,Provincia Autonoma Bolzano / Bozen,P.A. Bolzano,533050,237789,44.61,0.85
3099,2021-03-18,PAB,1302,531,771,226,1076,0,ITH,ITH1,4,Provincia Autonoma Bolzano / Bozen,P.A. Bolzano,533050,239091,44.85,0.24
3100,2021-05-14,PAB,5134,2320,2814,3086,2037,11,ITH,ITH1,4,Provincia Autonoma Bolzano / Bozen,P.A. Bolzano,533050,244225,45.82,0.96
3101,2021-03-16,PAB,1290,532,758,124,1166,0,ITH,ITH1,4,Provincia Autonoma Bolzano / Bozen,P.A. Bolzano,533050,245515,46.06,0.24
3102,2021-05-12,PAB,3792,2058,1734,3621,153,18,ITH,ITH1,4,Provincia Autonoma Bolzano / Bozen,P.A. Bolzano,533050,249307,46.77,0.71
3103,2021-02-01,PAB,1452,440,1012,12,1440,0,ITH,ITH1,4,Provincia Autonoma Bolzano / Bozen,P.A. Bolzano,533050,250759,47.04,0.27
3104,2021-02-09,PAB,317,126,191,1,316,0,ITH,ITH1,4,Provincia Autonoma Bolzano / Bozen,P.A. Bolzano,533050,251076,47.1,0.06
3105,2021-07-13,PAB,3352,1709,1643,1427,1925,0,ITH,ITH1,4,Provincia Autonoma Bolzano / Bozen,P.A. Bolzano,533050,254428,47.73,0.63
3106,2021-02-02,PAB,1745,506,1239,8,1737,0,ITH,ITH1,4,Provincia Autonoma Bolzano / Bozen,P.A. Bolzano,533050,256173,48.06,0.33
3107,2021-07-10,PAB,5765,2971,2794,1030,4735,0,ITH,ITH1,4,Provincia Autonoma Bolzano / Bozen,P.A. Bolzano,533050,261938,49.14,1.08
3108,2021-01-18,PAB,1772,687,1085,1767,5,0,ITH,ITH1,4,Provincia Autonoma Bolzano / Bozen,P.A. Bolzano,533050,263710,49.47,0.33
3109,2021-04-25,PAB,3073,1497,1576,2398,672,3,ITH,ITH1,4,Provincia Autonoma Bolzano / Bozen,P.A. Bolzano,533050,266783,50.05,0.58
3110,2021-01-13,PAB,1691,557,1134,1691,0,0,ITH,ITH1,4,Provincia Autonoma Bolzano / Bozen,P.A. Bolzano,533050,268474,50.37,0.32
3111,2021-01-30,PAB,498,245,253,4,494,0,ITH,ITH1,4,Provincia Autonoma Bolzano / Bozen,P.A. Bolzano,533050,268972,50.46,0.09
3112,2021-03-04,PAB,1715,1005,710,1481,229,5,ITH,ITH1,4,Provincia Autonoma Bolzano / Bozen,P.A. Bolzano,533050,270687,50.78,0.32
3113,2021-05-26,PAB,4990,2517,2473,2997,1974,19,ITH,ITH1,4,Provincia Autonoma Bolzano / Bozen,P.A. Bolzano,533050,275677,51.72,0.94
3114,2021-02-06,PAB,2627,1172,1455,18,2608,1,ITH,ITH1,4,Provincia Autonoma Bolzano / Bozen,P.A. Bolzano,533050,278304,52.21,0.49
3115,2021-06-21,PAB,3162,1612,1550,295,2867,0,ITH,ITH1,4,Provincia Autonoma Bolzano / Bozen,P.A. Bolzano,533050,281466,52.8,0.59
3116,2021-02-18,PAB,1839,457,1382,1832,7,0,ITH,ITH1,4,Provincia Autonoma Bolzano / Bozen,P.A. Bolzano,533050,283305,53.15,0.34
3117,2021-05-31,PAB,3000,1476,1524,2121,867,12,ITH,ITH1,4,Provincia Autonoma Bolzano / Bozen,P.A. Bolzano,533050,286305,53.71,0.56
3118,2021-01-01,PAB,6,5,1,6,0,0,ITH,ITH1,4,Provincia Autonoma Bolzano / Bozen,P.A. Bolzano,533050,286311,53.71,0.0
3119,2021-06-07,PAB,2951,1537,1414,2632,319,0,ITH,ITH1,4,Provincia Autonoma Bolzano / Bozen,P.A. Bolzano,533050,289262,54.27,0.55
3120,2021-03-09,PAB,1194,543,651,1192,2,0,ITH,ITH1,4,Provincia Autonoma Bolzano / Bozen,P.A. Bolzano,533050,290456,54.49,0.22
3121,2021-05-23,PAB,4338,2303,2035,4311,8,19,ITH,ITH1,4,Provincia Autonoma Bolzano / Bozen,P.A. Bolzano,533050,294794,55.3,0.81
3122,2021-02-03,PAB,1503,478,1025,5,1498,0,ITH,ITH1,4,Provincia Autonoma Bolzano / Bozen,P.A. Bolzano,533050,296297,55.59,0.28
3123,2021-05-07,PAB,4194,2062,2132,3650,528,16,ITH,ITH1,4,Provincia Autonoma Bolzano / Bozen,P.A. Bolzano,533050,300491,56.37,0.79
3124,2021-07-03,PAB,5632,2790,2842,1072,4560,0,ITH,ITH1,4,Provincia Autonoma Bolzano / Bozen,P.A. Bolzano,533050,306123,57.43,1.06
3125,2021-05-05,PAB,4155,1945,2210,2026,2116,13,ITH,ITH1,4,Provincia Autonoma Bolzano / Bozen,P.A. Bolzano,533050,310278,58.21,0.78
3126,2021-01-25,PAB,487,183,304,3,484,0,ITH,ITH1,4,Provincia Autonoma Bolzano / Bozen,P.A. Bolzano,533050,310765,58.3,0.09
3127,2021-03-23,PAB,1555,760,795,1554,1,0,ITH,ITH1,4,Provincia Autonoma Bolzano / Bozen,P.A. Bolzano,533050,312320,58.59,0.29
3128,2021-04-01,PAB,2787,1407,1380,2638,144,5,ITH,ITH1,4,Provincia Autonoma Bolzano / Bozen,P.A. Bolzano,533050,315107,59.11,0.52
3129,2021-06-14,PAB,2962,1606,1356,605,2357,0,ITH,ITH1,4,Provincia Autonoma Bolzano / Bozen,P.A. Bolzano,533050,318069,59.67,0.56
3130,2021-02-15,PAB,72,42,30,26,46,0,ITH,ITH1,4,Provincia Autonoma Bolzano / Bozen,P.A. Bolzano,533050,318141,59.68,0.01
3131,2021-05-11,PAB,2844,1335,1509,1310,1522,12,ITH,ITH1,4,Provincia Autonoma Bolzano / Bozen,P.A. Bolzano,533050,320985,60.22,0.53
3132,2020-12-30,PAB,388,182,206,388,0,0,ITH,ITH1,4,Provincia Autonoma Bolzano / Bozen,P.A. Bolzano,533050,321373,60.29,0.07
3133,2021-06-09,PAB,3813,1898,1915,1338,2475,0,ITH,ITH1,4,Provincia Autonoma Bolzano / Bozen,P.A. Bolzano,533050,325186,61.0,0.72
3134,2021-03-01,PAB,922,221,701,918,1,3,ITH,ITH1,4,Provincia Autonoma Bolzano / Bozen,P.A. Bolzano,533050,326108,61.18,0.17
3135,2021-03-15,PAB,1192,451,741,710,482,0,ITH,ITH1,4,Provincia Autonoma Bolzano / Bozen,P.A. Bolzano,533050,327300,61.4,0.22
3136,2021-04-27,PAB,2226,1013,1213,1146,1077,3,ITH,ITH1,4,Provincia Autonoma Bolzano / Bozen,P.A. Bolzano,533050,329526,61.82,0.42
3137,2021-01-17,PAB,2328,1044,1284,2317,11,0,ITH,ITH1,4,Provincia Autonoma Bolzano / Bozen,P.A. Bolzano,533050,331854,62.26,0.44
3138,2021-06-23,PAB,1149,592,557,384,765,0,ITH,ITH1,4,Provincia Autonoma Bolzano / Bozen,P.A. Bolzano,533050,333003,62.47,0.22
3139,2021-04-23,PAB,4543,2151,2392,3244,1291,8,ITH,ITH1,4,Provincia Autonoma Bolzano / Bozen,P.A. Bolzano,533050,337546,63.32,0.85
3140,2021-01-11,PAB,1574,513,1061,1574,0,0,ITH,ITH1,4,Provincia Autonoma Bolzano / Bozen,P.A. Bolzano,533050,339120,63.62,0.3
3141,2021-07-15,PAB,4254,2235,2019,1573,2681,0,ITH,ITH1,4,Provincia Autonoma Bolzano / Bozen,P.A. Bolzano,533050,343374,64.42,0.8
3142,2021-04-06,PAB,2250,1118,1132,2146,103,1,ITH,ITH1,4,Provincia Autonoma Bolzano / Bozen,P.A. Bolzano,533050,345624,64.84,0.42
3143,2021-02-10,PAB,1636,605,1031,26,1610,0,ITH,ITH1,4,Provincia Autonoma Bolzano / Bozen,P.A. Bolzano,533050,347260,65.15,0.31
3144,2021-05-21,PAB,6949,3819,3130,5069,1847,33,ITH,ITH1,4,Provincia Autonoma Bolzano / Bozen,P.A. Bolzano,533050,354209,66.45,1.3
3145,2021-02-27,PAB,2458,759,1699,2445,10,3,ITH,ITH1,4,Provincia Autonoma Bolzano / Bozen,P.A. Bolzano,533050,356667,66.91,0.46
3146,2021-02-13,PAB,318,79,239,312,6,0,ITH,ITH1,4,Provincia Autonoma Bolzano / Bozen,P.A. Bolzano,533050,356985,66.97,0.06
3147,2021-04-11,PAB,2724,1294,1430,2543,177,4,ITH,ITH1,4,Provincia Autonoma Bolzano / Bozen,P.A. Bolzano,533050,359709,67.48,0.51
3148,2021-05-24,PAB,1454,766,688,1103,333,18,ITH,ITH1,4,Provincia Autonoma Bolzano / Bozen,P.A. Bolzano,533050,361163,67.75,0.27
3149,2021-02-20,PAB,1802,540,1262,1784,18,0,ITH,ITH1,4,Provincia Autonoma Bolzano / Bozen,P.A. Bolzano,533050,362965,68.09,0.34
3150,2021-04-18,PAB,3110,1607,1503,2099,1010,1,ITH,ITH1,4,Provincia Autonoma Bolzano / Bozen,P.A. Bolzano,533050,366075,68.68,0.58
3151,2021-03-28,PAB,569,212,357,11,558,0,ITH,ITH1,4,Provincia Autonoma Bolzano / Bozen,P.A. Bolzano,533050,366644,68.78,0.11
3152,2021-06-04,PAB,6561,3295,3266,5032,1529,0,ITH,ITH1,4,Provincia Autonoma Bolzano / Bozen,P.A. Bolzano,533050,373205,70.01,1.23
3153,2021-02-24,PAB,1367,406,961,1354,12,1,ITH,ITH1,4,Provincia Autonoma Bolzano / Bozen,P.A. Bolzano,533050,374572,70.27,0.26
3154,2021-07-05,PAB,2933,1406,1527,950,1983,0,ITH,ITH1,4,Provincia Autonoma Bolzano / Bozen,P.A. Bolzano,533050,377505,70.82,0.55
3155,2021-05-30,PAB,4764,2516,2248,749,4012,3,ITH,ITH1,4,Provincia Autonoma Bolzano / Bozen,P.A. Bolzano,533050,382269,71.71,0.89
3156,2021-07-12,PAB,3528,1753,1775,287,3241,0,ITH,ITH1,4,Provincia Autonoma Bolzano / Bozen,P.A. Bolzano,533050,385797,72.38,0.66
3157,2021-04-03,PAB,831,364,467,20,810,1,ITH,ITH1,4,Provincia Autonoma Bolzano / Bozen,P.A. Bolzano,533050,386628,72.53,0.16
3158,2021-03-25,PAB,2151,1063,1088,1707,443,1,ITH,ITH1,4,Provincia Autonoma Bolzano / Bozen,P.A. Bolzano,533050,388779,72.93,0.4
3159,2021-01-27,PAB,85,29,56,2,83,0,ITH,ITH1,4,Provincia Autonoma Bolzano / Bozen,P.A. Bolzano,533050,388864,72.95,0.02
3160,2021-04-20,PAB,1562,784,778,1558,2,2,ITH,ITH1,4,Provincia Autonoma Bolzano / Bozen,P.A. Bolzano,533050,390426,73.24,0.29
3161,2021-01-10,PAB,2,2,0,2,0,0,ITH,ITH1,4,Provincia Autonoma Bolzano / Bozen,P.A. Bolzano,533050,390428,73.24,0.0
3162,2021-06-16,PAB,3812,2018,1794,9,3803,0,ITH,ITH1,4,Provincia Autonoma Bolzano / Bozen,P.A. Bolzano,533050,394240,73.96,0.72
3163,2021-03-08,PAB,1210,534,676,1183,27,0,ITH,ITH1,4,Provincia Autonoma Bolzano / Bozen,P.A. Bolzano,533050,395450,74.19,0.23
3164,2021-05-04,PAB,3449,1843,1606,2400,1037,12,ITH,ITH1,4,Provincia Autonoma Bolzano / Bozen,P.A. Bolzano,533050,398899,74.83,0.65
3165,2021-07-17,PAB,2909,1656,1253,587,2322,0,ITH,ITH1,4,Provincia Autonoma Bolzano / Bozen,P.A. Bolzano,533050,401808,75.38,0.55
3166,2021-04-08,PAB,2767,1347,1420,2561,204,2,ITH,ITH1,4,Provincia Autonoma Bolzano / Bozen,P.A. Bolzano,533050,404575,75.9,0.52
3167,2020-12-27,PAB,144,65,79,144,0,0,ITH,ITH1,4,Provincia Autonoma Bolzano / Bozen,P.A. Bolzano,533050,404719,75.93,0.03
3168,2021-06-30,PAB,3060,1564,1496,456,2604,0,ITH,ITH1,4,Provincia Autonoma Bolzano / Bozen,P.A. Bolzano,533050,407779,76.5,0.57
3169,2021-06-11,PAB,5783,2974,2809,2304,3479,0,ITH,ITH1,4,Provincia Autonoma Bolzano / Bozen,P.A. Bolzano,533050,413562,77.58,1.08
3170,2021-01-29,PAB,1497,510,987,24,1473,0,ITH,ITH1,4,Provincia Autonoma Bolzano / Bozen,P.A. Bolzano,533050,415059,77.86,0.28
3171,2021-04-22,PAB,2924,1501,1423,1975,942,7,ITH,ITH1,4,Provincia Autonoma Bolzano / Bozen,P.A. Bolzano,533050,417983,78.41,0.55
3172,2021-05-09,PAB,4241,2410,1831,3084,1152,5,ITH,ITH1,4,Provincia Autonoma Bolzano / Bozen,P.A. Bolzano,533050,422224,79.21,0.8
3173,2021-03-06,PAB,3973,2081,1892,3758,211,4,ITH,ITH1,4,Provincia Autonoma Bolzano / Bozen,P.A. Bolzano,533050,426197,79.95,0.75
3174,2021-05-28,PAB,6891,3610,3281,4985,1890,16,ITH,ITH1,4,Provincia Autonoma Bolzano / Bozen,P.A. Bolzano,533050,433088,81.25,1.29
3175,2021-05-16,PAB,2025,932,1093,1329,692,4,ITH,ITH1,4,Provincia Autonoma Bolzano / Bozen,P.A. Bolzano,533050,435113,81.63,0.38
3176,2021-01-15,PAB,3282,1228,2054,3282,0,0,ITH,ITH1,4,Provincia Autonoma Bolzano / Bozen,P.A. Bolzano,533050,438395,82.24,0.62
3177,2021-06-18,PAB,4157,2162,1995,1258,2899,0,ITH,ITH1,4,Provincia Autonoma Bolzano / Bozen,P.A. Bolzano,533050,442552,83.02,0.78
3178,2021-01-08,PAB,1521,479,1042,1521,0,0,ITH,ITH1,4,Provincia Autonoma Bolzano / Bozen,P.A. Bolzano,533050,444073,83.31,0.29
3179,2021-03-27,PAB,3051,1554,1497,1543,1508,0,ITH,ITH1,4,Provincia Autonoma Bolzano / Bozen,P.A. Bolzano,533050,447124,83.88,0.57
3180,2021-03-13,PAB,2885,1459,1426,2782,101,2,ITH,ITH1,4,Provincia Autonoma Bolzano / Bozen,P.A. Bolzano,533050,450009,84.42,0.54
3181,2021-02-05,PAB,3195,1181,2014,8,3187,0,ITH,ITH1,4,Provincia Autonoma Bolzano / Bozen,P.A. Bolzano,533050,453204,85.02,0.6
3182,2021-04-15,PAB,4399,2307,2092,4116,263,20,ITH,ITH1,4,Provincia Autonoma Bolzano / Bozen,P.A. Bolzano,533050,457603,85.85,0.83
3183,2021-03-20,PAB,1758,849,909,1132,625,1,ITH,ITH1,4,Provincia Autonoma Bolzano / Bozen,P.A. Bolzano,533050,459361,86.18,0.33
3184,2021-06-28,PAB,4607,2304,2303,240,4367,0,ITH,ITH1,4,Provincia Autonoma Bolzano / Bozen,P.A. Bolzano,533050,463968,87.04,0.86
3185,2021-02-17,PAB,156,51,105,139,17,0,ITH,ITH1,4,Provincia Autonoma Bolzano / Bozen,P.A. Bolzano,533050,464124,87.07,0.03
3186,2021-05-02,PAB,2457,1288,1169,1531,921,5,ITH,ITH1,4,Provincia Autonoma Bolzano / Bozen,P.A. Bolzano,533050,466581,87.53,0.46
3187,2021-01-22,PAB,248,143,105,124,124,0,ITH,ITH1,4,Provincia Autonoma Bolzano / Bozen,P.A. Bolzano,533050,466829,87.58,0.05
3188,2021-01-21,PAB,953,442,511,139,814,0,ITH,ITH1,4,Provincia Autonoma Bolzano / Bozen,P.A. Bolzano,533050,467782,87.76,0.18
3189,2021-06-05,PAB,6080,3030,3050,4984,1096,0,ITH,ITH1,4,Provincia Autonoma Bolzano / Bozen,P.A. Bolzano,533050,473862,88.9,1.14
3190,2021-04-30,PAB,3342,1594,1748,1559,1776,7,ITH,ITH1,4,Provincia Autonoma Bolzano / Bozen,P.A. Bolzano,533050,477204,89.52,0.63
3191,2021-01-20,PAB,618,253,365,410,208,0,ITH,ITH1,4,Provincia Autonoma Bolzano / Bozen,P.A. Bolzano,533050,477822,89.64,0.12
3192,2021-01-06,PAB,59,18,41,59,0,0,ITH,ITH1,4,Provincia Autonoma Bolzano / Bozen,P.A. Bolzano,533050,477881,89.65,0.01
3193,2021-03-30,PAB,1299,532,767,219,1080,0,ITH,ITH1,4,Provincia Autonoma Bolzano / Bozen,P.A. Bolzano,533050,479180,89.89,0.24
3194,2021-04-16,PAB,2951,1419,1532,2437,511,3,ITH,ITH1,4,Provincia Autonoma Bolzano / Bozen,P.A. Bolzano,533050,482131,90.45,0.55
3195,2021-07-08,PAB,5499,2778,2721,620,4879,0,ITH,ITH1,4,Provincia Autonoma Bolzano / Bozen,P.A. Bolzano,533050,487630,91.48,1.03
3196,2021-06-19,PAB,5660,3014,2646,627,5033,0,ITH,ITH1,4,Provincia Autonoma Bolzano / Bozen,P.A. Bolzano,533050,493290,92.54,1.06
3197,2021-03-11,PAB,1685,825,860,1136,538,11,ITH,ITH1,4,Provincia Autonoma Bolzano / Bozen,P.A. Bolzano,533050,494975,92.86,0.32
3198,2021-02-25,PAB,1498,549,949,1496,1,1,ITH,ITH1,4,Provincia Autonoma Bolzano / Bozen,P.A. Bolzano,533050,496473,93.14,0.28
3199,2021-06-02,PAB,1452,814,638,995,457,0,ITH,ITH1,4,Provincia Autonoma Bolzano / Bozen,P.A. Bolzano,533050,497925,93.41,0.27
3200,2021-02-08,PAB,2,1,1,1,1,0,ITH,ITH1,4,Provincia Autonoma Bolzano / Bozen,P.A. Bolzano,533050,497927,93.41,0.0
3201,2021-05-19,PAB,3849,1976,1873,2055,1786,8,ITH,ITH1,4,Provincia Autonoma Bolzano / Bozen,P.A. Bolzano,533050,501776,94.13,0.72
3202,2021-01-03,PAB,41,16,25,41,0,0,ITH,ITH1,4,Provincia Autonoma Bolzano / Bozen,P.A. Bolzano,533050,501817,94.14,0.01
3203,2021-04-13,PAB,2394,1132,1262,2385,7,2,ITH,ITH1,4,Provincia Autonoma Bolzano / Bozen,P.A. Bolzano,533050,504211,94.59,0.45
3204,2021-02-22,PAB,526,143,383,514,12,0,ITH,ITH1,4,Provincia Autonoma Bolzano / Bozen,P.A. Bolzano,533050,504737,94.69,0.1
3205,2021-07-07,PAB,1978,1026,952,644,1334,0,ITH,ITH1,4,Provincia Autonoma Bolzano / Bozen,P.A. Bolzano,533050,506715,95.06,0.37
3206,2021-04-15,VDA,810,377,433,638,139,33,ITC,ITC2,2,Valle d'Aosta / Vallée d'Aoste,Valle d'Aosta,125666,810,0.64,0.64
3207,2021-07-07,VDA,792,439,353,413,362,17,ITC,ITC2,2,Valle d'Aosta / Vallée d'Aoste,Valle d'Aosta,125666,1602,1.27,0.63
3208,2021-05-30,VDA,865,429,436,682,171,12,ITC,ITC2,2,Valle d'Aosta / Vallée d'Aoste,Valle d'Aosta,125666,2467,1.96,0.69
3209,2021-05-28,VDA,975,414,561,544,412,19,ITC,ITC2,2,Valle d'Aosta / Vallée d'Aoste,Valle d'Aosta,125666,3442,2.74,0.78
3210,2021-02-17,VDA,327,144,183,223,100,4,ITC,ITC2,2,Valle d'Aosta / Vallée d'Aoste,Valle d'Aosta,125666,3769,3.0,0.26
3211,2021-02-03,VDA,351,114,237,14,337,0,ITC,ITC2,2,Valle d'Aosta / Vallée d'Aoste,Valle d'Aosta,125666,4120,3.28,0.28
3212,2021-04-01,VDA,778,394,384,747,12,19,ITC,ITC2,2,Valle d'Aosta / Vallée d'Aoste,Valle d'Aosta,125666,4898,3.9,0.62
3213,2021-02-05,VDA,294,102,192,101,193,0,ITC,ITC2,2,Valle d'Aosta / Vallée d'Aoste,Valle d'Aosta,125666,5192,4.13,0.23
3214,2021-02-22,VDA,316,94,222,210,103,3,ITC,ITC2,2,Valle d'Aosta / Vallée d'Aoste,Valle d'Aosta,125666,5508,4.38,0.25
3215,2021-05-16,VDA,688,341,347,338,341,9,ITC,ITC2,2,Valle d'Aosta / Vallée d'Aoste,Valle d'Aosta,125666,6196,4.93,0.55
3216,2021-07-12,VDA,978,483,495,239,731,8,ITC,ITC2,2,Valle d'Aosta / Vallée d'Aoste,Valle d'Aosta,125666,7174,5.71,0.78
3217,2021-04-03,VDA,676,341,335,649,15,12,ITC,ITC2,2,Valle d'Aosta / Vallée d'Aoste,Valle d'Aosta,125666,7850,6.25,0.54
3218,2021-03-20,VDA,208,86,122,167,36,5,ITC,ITC2,2,Valle d'Aosta / Vallée d'Aoste,Valle d'Aosta,125666,8058,6.41,0.17
3219,2021-06-28,VDA,986,496,490,326,657,3,ITC,ITC2,2,Valle d'Aosta / Vallée d'Aoste,Valle d'Aosta,125666,9044,7.2,0.78
3220,2021-06-11,VDA,1047,483,564,756,283,8,ITC,ITC2,2,Valle d'Aosta / Vallée d'Aoste,Valle d'Aosta,125666,10091,8.03,0.83
3221,2021-05-23,VDA,999,465,534,652,341,6,ITC,ITC2,2,Valle d'Aosta / Vallée d'Aoste,Valle d'Aosta,125666,11090,8.82,0.79
3222,2021-03-08,VDA,485,233,252,237,245,3,ITC,ITC2,2,Valle d'Aosta / Vallée d'Aoste,Valle d'Aosta,125666,11575,9.21,0.39
3223,2021-05-04,VDA,1135,510,625,434,673,28,ITC,ITC2,2,Valle d'Aosta / Vallée d'Aoste,Valle d'Aosta,125666,12710,10.11,0.9
3224,2021-06-16,VDA,683,365,318,638,41,4,ITC,ITC2,2,Valle d'Aosta / Vallée d'Aoste,Valle d'Aosta,125666,13393,10.66,0.54
3225,2021-03-15,VDA,362,123,239,150,203,9,ITC,ITC2,2,Valle d'Aosta / Vallée d'Aoste,Valle d'Aosta,125666,13755,10.95,0.29
3226,2021-05-11,VDA,647,325,322,468,151,28,ITC,ITC2,2,Valle d'Aosta / Vallée d'Aoste,Valle d'Aosta,125666,14402,11.46,0.51
3227,2021-04-27,VDA,978,423,555,650,292,36,ITC,ITC2,2,Valle d'Aosta / Vallée d'Aoste,Valle d'Aosta,125666,15380,12.24,0.78
3228,2021-01-17,VDA,131,56,75,131,0,0,ITC,ITC2,2,Valle d'Aosta / Vallée d'Aoste,Valle d'Aosta,125666,15511,12.34,0.1
3229,2021-06-23,VDA,1043,551,492,423,616,4,ITC,ITC2,2,Valle d'Aosta / Vallée d'Aoste,Valle d'Aosta,125666,16554,13.17,0.83
3230,2021-01-27,VDA,151,71,80,79,72,0,ITC,ITC2,2,Valle d'Aosta / Vallée d'Aoste,Valle d'Aosta,125666,16705,13.29,0.12
3231,2021-04-20,VDA,933,430,503,707,194,32,ITC,ITC2,2,Valle d'Aosta / Vallée d'Aoste,Valle d'Aosta,125666,17638,14.04,0.74
3232,2021-01-10,VDA,220,71,149,208,0,12,ITC,ITC2,2,Valle d'Aosta / Vallée d'Aoste,Valle d'Aosta,125666,17858,14.21,0.18
3233,2020-12-27,VDA,20,9,11,20,0,0,ITC,ITC2,2,Valle d'Aosta / Vallée d'Aoste,Valle d'Aosta,125666,17878,14.23,0.02
3234,2021-05-02,VDA,765,345,420,581,160,24,ITC,ITC2,2,Valle d'Aosta / Vallée d'Aoste,Valle d'Aosta,125666,18643,14.84,0.61
3235,2021-01-22,VDA,56,21,35,20,36,0,ITC,ITC2,2,Valle d'Aosta / Vallée d'Aoste,Valle d'Aosta,125666,18699,14.88,0.04
3236,2021-01-08,VDA,299,130,169,299,0,0,ITC,ITC2,2,Valle d'Aosta / Vallée d'Aoste,Valle d'Aosta,125666,18998,15.12,0.24
3237,2021-03-06,VDA,22,4,18,18,0,4,ITC,ITC2,2,Valle d'Aosta / Vallée d'Aoste,Valle d'Aosta,125666,19020,15.14,0.02
3238,2021-02-10,VDA,248,77,171,141,107,0,ITC,ITC2,2,Valle d'Aosta / Vallée d'Aoste,Valle d'Aosta,125666,19268,15.33,0.2
3239,2021-03-25,VDA,389,154,235,364,10,15,ITC,ITC2,2,Valle d'Aosta / Vallée d'Aoste,Valle d'Aosta,125666,19657,15.64,0.31
3240,2021-05-21,VDA,917,433,484,515,386,16,ITC,ITC2,2,Valle d'Aosta / Vallée d'Aoste,Valle d'Aosta,125666,20574,16.37,0.73
3241,2021-04-17,VDA,638,407,231,593,2,43,ITC,ITC2,2,Valle d'Aosta / Vallée d'Aoste,Valle d'Aosta,125666,21212,16.88,0.51
3242,2021-01-07,VDA,276,111,165,276,0,0,ITC,ITC2,2,Valle d'Aosta / Vallée d'Aoste,Valle d'Aosta,125666,21488,17.1,0.22
3243,2021-02-19,VDA,292,102,190,266,24,2,ITC,ITC2,2,Valle d'Aosta / Vallée d'Aoste,Valle d'Aosta,125666,21780,17.33,0.23
3244,2021-04-13,VDA,373,171,202,311,44,18,ITC,ITC2,2,Valle d'Aosta / Vallée d'Aoste,Valle d'Aosta,125666,22153,17.63,0.3
3245,2021-07-05,VDA,834,355,479,312,508,14,ITC,ITC2,2,Valle d'Aosta / Vallée d'Aoste,Valle d'Aosta,125666,22987,18.29,0.66
3246,2021-03-27,VDA,333,164,169,289,31,13,ITC,ITC2,2,Valle d'Aosta / Vallée d'Aoste,Valle d'Aosta,125666,23320,18.56,0.26
3247,2021-06-18,VDA,998,443,555,589,399,10,ITC,ITC2,2,Valle d'Aosta / Vallée d'Aoste,Valle d'Aosta,125666,24318,19.35,0.79
3248,2021-02-24,VDA,183,82,101,162,19,2,ITC,ITC2,2,Valle d'Aosta / Vallée d'Aoste,Valle d'Aosta,125666,24501,19.5,0.15
3249,2021-04-08,VDA,584,282,302,420,143,21,ITC,ITC2,2,Valle d'Aosta / Vallée d'Aoste,Valle d'Aosta,125666,25085,19.96,0.46
3250,2021-06-13,VDA,852,400,452,371,478,3,ITC,ITC2,2,Valle d'Aosta / Vallée d'Aoste,Valle d'Aosta,125666,25937,20.64,0.68
3251,2021-06-08,VDA,712,356,356,675,33,4,ITC,ITC2,2,Valle d'Aosta / Vallée d'Aoste,Valle d'Aosta,125666,26649,21.21,0.57
3252,2021-06-04,VDA,908,383,525,470,433,5,ITC,ITC2,2,Valle d'Aosta / Vallée d'Aoste,Valle d'Aosta,125666,27557,21.93,0.72
3253,2021-01-19,VDA,256,77,179,256,0,0,ITC,ITC2,2,Valle d'Aosta / Vallée d'Aoste,Valle d'Aosta,125666,27813,22.13,0.2
3254,2021-01-29,VDA,318,138,180,2,316,0,ITC,ITC2,2,Valle d'Aosta / Vallée d'Aoste,Valle d'Aosta,125666,28131,22.39,0.25
3255,2021-04-22,VDA,1068,450,618,652,383,33,ITC,ITC2,2,Valle d'Aosta / Vallée d'Aoste,Valle d'Aosta,125666,29199,23.24,0.85
3256,2021-05-09,VDA,574,287,287,425,130,19,ITC,ITC2,2,Valle d'Aosta / Vallée d'Aoste,Valle d'Aosta,125666,29773,23.69,0.46
3257,2021-03-17,VDA,433,185,248,259,160,14,ITC,ITC2,2,Valle d'Aosta / Vallée d'Aoste,Valle d'Aosta,125666,30206,24.04,0.34
3258,2021-03-03,VDA,255,118,137,182,68,5,ITC,ITC2,2,Valle d'Aosta / Vallée d'Aoste,Valle d'Aosta,125666,30461,24.24,0.2
3259,2021-06-09,VDA,1027,535,492,983,36,8,ITC,ITC2,2,Valle d'Aosta / Vallée d'Aoste,Valle d'Aosta,125666,31488,25.06,0.82
3260,2021-03-01,VDA,181,66,115,139,34,8,ITC,ITC2,2,Valle d'Aosta / Vallée d'Aoste,Valle d'Aosta,125666,31669,25.2,0.14
3261,2021-02-15,VDA,264,136,128,225,35,4,ITC,ITC2,2,Valle d'Aosta / Vallée d'Aoste,Valle d'Aosta,125666,31933,25.41,0.21
3262,2021-06-30,VDA,1117,542,575,415,692,10,ITC,ITC2,2,Valle d'Aosta / Vallée d'Aoste,Valle d'Aosta,125666,33050,26.3,0.89
3263,2021-01-31,VDA,291,91,200,58,233,0,ITC,ITC2,2,Valle d'Aosta / Vallée d'Aoste,Valle d'Aosta,125666,33341,26.53,0.23
3264,2021-03-13,VDA,147,88,59,141,0,6,ITC,ITC2,2,Valle d'Aosta / Vallée d'Aoste,Valle d'Aosta,125666,33488,26.65,0.12
3265,2021-01-15,VDA,218,82,136,218,0,0,ITC,ITC2,2,Valle d'Aosta / Vallée d'Aoste,Valle d'Aosta,125666,33706,26.82,0.17
3266,2021-01-05,VDA,150,54,96,150,0,0,ITC,ITC2,2,Valle d'Aosta / Vallée d'Aoste,Valle d'Aosta,125666,33856,26.94,0.12
3267,2021-01-14,VDA,237,69,168,237,0,0,ITC,ITC2,2,Valle d'Aosta / Vallée d'Aoste,Valle d'Aosta,125666,34093,27.13,0.19
3268,2021-04-24,VDA,722,400,322,533,167,22,ITC,ITC2,2,Valle d'Aosta / Vallée d'Aoste,Valle d'Aosta,125666,34815,27.7,0.57
3269,2021-04-19,VDA,752,325,427,520,209,23,ITC,ITC2,2,Valle d'Aosta / Vallée d'Aoste,Valle d'Aosta,125666,35567,28.3,0.6
3270,2021-03-29,VDA,493,233,260,448,40,5,ITC,ITC2,2,Valle d'Aosta / Vallée d'Aoste,Valle d'Aosta,125666,36060,28.7,0.39
3271,2021-06-20,VDA,1131,545,586,477,644,10,ITC,ITC2,2,Valle d'Aosta / Vallée d'Aoste,Valle d'Aosta,125666,37191,29.6,0.9
3272,2021-03-12,VDA,531,175,356,291,226,14,ITC,ITC2,2,Valle d'Aosta / Vallée d'Aoste,Valle d'Aosta,125666,37722,30.02,0.42
3273,2021-03-10,VDA,438,183,255,220,213,5,ITC,ITC2,2,Valle d'Aosta / Vallée d'Aoste,Valle d'Aosta,125666,38160,30.37,0.35
3274,2021-02-21,VDA,18,3,15,0,18,0,ITC,ITC2,2,Valle d'Aosta / Vallée d'Aoste,Valle d'Aosta,125666,38178,30.38,0.01
3275,2021-06-01,VDA,871,469,402,510,353,8,ITC,ITC2,2,Valle d'Aosta / Vallée d'Aoste,Valle d'Aosta,125666,39049,31.07,0.69
3276,2021-02-26,VDA,207,58,149,108,85,14,ITC,ITC2,2,Valle d'Aosta / Vallée d'Aoste,Valle d'Aosta,125666,39256,31.24,0.16
3277,2021-04-10,VDA,404,190,214,387,5,12,ITC,ITC2,2,Valle d'Aosta / Vallée d'Aoste,Valle d'Aosta,125666,39660,31.56,0.32
3278,2020-12-31,VDA,18,4,14,18,0,0,ITC,ITC2,2,Valle d'Aosta / Vallée d'Aoste,Valle d'Aosta,125666,39678,31.57,0.01
3279,2021-06-06,VDA,1160,582,578,782,373,5,ITC,ITC2,2,Valle d'Aosta / Vallée d'Aoste,Valle d'Aosta,125666,40838,32.5,0.92
3280,2021-06-15,VDA,876,479,397,608,255,13,ITC,ITC2,2,Valle d'Aosta / Vallée d'Aoste,Valle d'Aosta,125666,41714,33.19,0.7
3281,2021-04-12,VDA,486,186,300,306,163,17,ITC,ITC2,2,Valle d'Aosta / Vallée d'Aoste,Valle d'Aosta,125666,42200,33.58,0.39
3282,2021-04-29,VDA,1291,634,657,736,534,21,ITC,ITC2,2,Valle d'Aosta / Vallée d'Aoste,Valle d'Aosta,125666,43491,34.61,1.03
3283,2021-07-04,VDA,1191,530,661,336,840,15,ITC,ITC2,2,Valle d'Aosta / Vallée d'Aoste,Valle d'Aosta,125666,44682,35.56,0.95
3284,2021-05-18,VDA,970,484,486,349,617,4,ITC,ITC2,2,Valle d'Aosta / Vallée d'Aoste,Valle d'Aosta,125666,45652,36.33,0.77
3285,2021-02-07,VDA,292,120,172,190,102,0,ITC,ITC2,2,Valle d'Aosta / Vallée d'Aoste,Valle d'Aosta,125666,45944,36.56,0.23
3286,2021-07-16,VDA,1074,551,523,346,728,0,ITC,ITC2,2,Valle d'Aosta / Vallée d'Aoste,Valle d'Aosta,125666,47018,37.42,0.85
3287,2021-01-26,VDA,140,49,91,0,140,0,ITC,ITC2,2,Valle d'Aosta / Vallée d'Aoste,Valle d'Aosta,125666,47158,37.53,0.11
3288,2021-02-12,VDA,263,96,167,216,46,1,ITC,ITC2,2,Valle d'Aosta / Vallée d'Aoste,Valle d'Aosta,125666,47421,37.74,0.21
3289,2021-01-12,VDA,302,72,230,302,0,0,ITC,ITC2,2,Valle d'Aosta / Vallée d'Aoste,Valle d'Aosta,125666,47723,37.98,0.24
3290,2021-03-22,VDA,560,205,355,324,227,9,ITC,ITC2,2,Valle d'Aosta / Vallée d'Aoste,Valle d'Aosta,125666,48283,38.42,0.45
3291,2021-01-16,VDA,237,80,157,237,0,0,ITC,ITC2,2,Valle d'Aosta / Vallée d'Aoste,Valle d'Aosta,125666,48520,38.61,0.19
3292,2021-06-22,VDA,1189,666,523,529,648,12,ITC,ITC2,2,Valle d'Aosta / Vallée d'Aoste,Valle d'Aosta,125666,49709,39.56,0.95
3293,2021-03-14,VDA,392,200,192,373,0,19,ITC,ITC2,2,Valle d'Aosta / Vallée d'Aoste,Valle d'Aosta,125666,50101,39.87,0.31
3294,2021-04-26,VDA,715,327,388,512,170,33,ITC,ITC2,2,Valle d'Aosta / Vallée d'Aoste,Valle d'Aosta,125666,50816,40.44,0.57
3295,2021-07-01,VDA,962,473,489,328,621,13,ITC,ITC2,2,Valle d'Aosta / Vallée d'Aoste,Valle d'Aosta,125666,51778,41.2,0.77
3296,2021-03-31,VDA,555,302,253,511,26,18,ITC,ITC2,2,Valle d'Aosta / Vallée d'Aoste,Valle d'Aosta,125666,52333,41.64,0.44
3297,2021-05-27,VDA,1089,497,592,574,503,12,ITC,ITC2,2,Valle d'Aosta / Vallée d'Aoste,Valle d'Aosta,125666,53422,42.51,0.87
3298,2021-05-13,VDA,1139,556,583,515,599,25,ITC,ITC2,2,Valle d'Aosta / Vallée d'Aoste,Valle d'Aosta,125666,54561,43.42,0.91
3299,2021-02-02,VDA,273,70,203,2,271,0,ITC,ITC2,2,Valle d'Aosta / Vallée d'Aoste,Valle d'Aosta,125666,54834,43.63,0.22
3300,2021-07-09,VDA,945,446,499,280,656,9,ITC,ITC2,2,Valle d'Aosta / Vallée d'Aoste,Valle d'Aosta,125666,55779,44.39,0.75
3301,2021-06-25,VDA,977,445,532,322,653,2,ITC,ITC2,2,Valle d'Aosta / Vallée d'Aoste,Valle d'Aosta,125666,56756,45.16,0.78
3302,2021-05-20,VDA,823,370,453,373,440,10,ITC,ITC2,2,Valle d'Aosta / Vallée d'Aoste,Valle d'Aosta,125666,57579,45.82,0.65
3303,2021-07-02,VDA,866,383,483,301,560,5,ITC,ITC2,2,Valle d'Aosta / Vallée d'Aoste,Valle d'Aosta,125666,58445,46.51,0.69
3304,2021-03-24,VDA,515,230,285,255,257,3,ITC,ITC2,2,Valle d'Aosta / Vallée d'Aoste,Valle d'Aosta,125666,58960,46.92,0.41
3305,2021-05-06,VDA,1080,513,567,662,384,34,ITC,ITC2,2,Valle d'Aosta / Vallée d'Aoste,Valle d'Aosta,125666,60040,47.78,0.86
3306,2021-03-05,VDA,276,124,152,52,223,1,ITC,ITC2,2,Valle d'Aosta / Vallée d'Aoste,Valle d'Aosta,125666,60316,48.0,0.22
3307,2021-02-28,VDA,260,86,174,73,183,4,ITC,ITC2,2,Valle d'Aosta / Vallée d'Aoste,Valle d'Aosta,125666,60576,48.2,0.21
3308,2021-05-05,VDA,1038,566,472,434,582,22,ITC,ITC2,2,Valle d'Aosta / Vallée d'Aoste,Valle d'Aosta,125666,61614,49.03,0.83
3309,2021-02-23,VDA,216,123,93,215,0,1,ITC,ITC2,2,Valle d'Aosta / Vallée d'Aoste,Valle d'Aosta,125666,61830,49.2,0.17
3310,2021-06-03,VDA,1306,667,639,884,410,12,ITC,ITC2,2,Valle d'Aosta / Vallée d'Aoste,Valle d'Aosta,125666,63136,50.24,1.04
3311,2021-05-01,VDA,940,563,377,439,484,17,ITC,ITC2,2,Valle d'Aosta / Vallée d'Aoste,Valle d'Aosta,125666,64076,50.99,0.75
3312,2021-04-14,VDA,941,430,511,689,224,28,ITC,ITC2,2,Valle d'Aosta / Vallée d'Aoste,Valle d'Aosta,125666,65017,51.74,0.75
3313,2021-07-06,VDA,880,478,402,155,720,5,ITC,ITC2,2,Valle d'Aosta / Vallée d'Aoste,Valle d'Aosta,125666,65897,52.44,0.7
3314,2021-01-02,VDA,6,5,1,6,0,0,ITC,ITC2,2,Valle d'Aosta / Vallée d'Aoste,Valle d'Aosta,125666,65903,52.44,0.0
3315,2021-03-26,VDA,498,204,294,472,7,19,ITC,ITC2,2,Valle d'Aosta / Vallée d'Aoste,Valle d'Aosta,125666,66401,52.84,0.4
3316,2021-06-17,VDA,775,422,353,614,149,12,ITC,ITC2,2,Valle d'Aosta / Vallée d'Aoste,Valle d'Aosta,125666,67176,53.46,0.62
3317,2021-05-24,VDA,1136,516,620,673,447,16,ITC,ITC2,2,Valle d'Aosta / Vallée d'Aoste,Valle d'Aosta,125666,68312,54.36,0.9
3318,2021-05-10,VDA,782,381,401,531,235,16,ITC,ITC2,2,Valle d'Aosta / Vallée d'Aoste,Valle d'Aosta,125666,69094,54.98,0.62
3319,2021-04-21,VDA,868,410,458,588,248,32,ITC,ITC2,2,Valle d'Aosta / Vallée d'Aoste,Valle d'Aosta,125666,69962,55.67,0.69
3320,2021-07-13,VDA,1061,567,494,307,748,6,ITC,ITC2,2,Valle d'Aosta / Vallée d'Aoste,Valle d'Aosta,125666,71023,56.52,0.84
3321,2021-03-21,VDA,355,165,190,346,0,9,ITC,ITC2,2,Valle d'Aosta / Vallée d'Aoste,Valle d'Aosta,125666,71378,56.8,0.28
3322,2021-06-05,VDA,925,476,449,729,188,8,ITC,ITC2,2,Valle d'Aosta / Vallée d'Aoste,Valle d'Aosta,125666,72303,57.54,0.74
3323,2021-02-11,VDA,231,107,124,221,9,1,ITC,ITC2,2,Valle d'Aosta / Vallée d'Aoste,Valle d'Aosta,125666,72534,57.72,0.18
3324,2021-07-18,VDA,756,367,389,101,655,0,ITC,ITC2,2,Valle d'Aosta / Vallée d'Aoste,Valle d'Aosta,125666,73290,58.32,0.6
3325,2021-04-09,VDA,237,111,126,200,33,4,ITC,ITC2,2,Valle d'Aosta / Vallée d'Aoste,Valle d'Aosta,125666,73527,58.51,0.19
3326,2021-05-22,VDA,941,495,446,532,400,9,ITC,ITC2,2,Valle d'Aosta / Vallée d'Aoste,Valle d'Aosta,125666,74468,59.26,0.75
3327,2021-04-16,VDA,599,261,338,565,2,32,ITC,ITC2,2,Valle d'Aosta / Vallée d'Aoste,Valle d'Aosta,125666,75067,59.74,0.48
3328,2021-04-02,VDA,873,344,529,595,225,53,ITC,ITC2,2,Valle d'Aosta / Vallée d'Aoste,Valle d'Aosta,125666,75940,60.43,0.69
3329,2021-02-16,VDA,326,53,273,309,6,11,ITC,ITC2,2,Valle d'Aosta / Vallée d'Aoste,Valle d'Aosta,125666,76266,60.69,0.26
3330,2021-01-09,VDA,443,199,244,442,0,1,ITC,ITC2,2,Valle d'Aosta / Vallée d'Aoste,Valle d'Aosta,125666,76709,61.04,0.35
3331,2021-06-24,VDA,1221,629,592,379,833,9,ITC,ITC2,2,Valle d'Aosta / Vallée d'Aoste,Valle d'Aosta,125666,77930,62.01,0.97
3332,2021-07-03,VDA,935,484,451,390,536,9,ITC,ITC2,2,Valle d'Aosta / Vallée d'Aoste,Valle d'Aosta,125666,78865,62.76,0.74
3333,2021-05-03,VDA,839,400,439,458,351,30,ITC,ITC2,2,Valle d'Aosta / Vallée d'Aoste,Valle d'Aosta,125666,79704,63.43,0.67
3334,2021-03-07,VDA,64,30,34,11,53,0,ITC,ITC2,2,Valle d'Aosta / Vallée d'Aoste,Valle d'Aosta,125666,79768,63.48,0.05
3335,2021-01-30,VDA,439,202,237,12,425,2,ITC,ITC2,2,Valle d'Aosta / Vallée d'Aoste,Valle d'Aosta,125666,80207,63.83,0.35
3336,2021-01-21,VDA,33,12,21,33,0,0,ITC,ITC2,2,Valle d'Aosta / Vallée d'Aoste,Valle d'Aosta,125666,80240,63.85,0.03
3337,2021-01-04,VDA,142,59,83,142,0,0,ITC,ITC2,2,Valle d'Aosta / Vallée d'Aoste,Valle d'Aosta,125666,80382,63.96,0.11
3338,2021-03-28,VDA,522,212,310,493,1,28,ITC,ITC2,2,Valle d'Aosta / Vallée d'Aoste,Valle d'Aosta,125666,80904,64.38,0.42
3339,2021-03-11,VDA,197,76,121,66,131,0,ITC,ITC2,2,Valle d'Aosta / Vallée d'Aoste,Valle d'Aosta,125666,81101,64.54,0.16
3340,2021-06-02,VDA,1215,688,527,812,401,2,ITC,ITC2,2,Valle d'Aosta / Vallée d'Aoste,Valle d'Aosta,125666,82316,65.5,0.97
3341,2021-05-29,VDA,798,434,364,553,237,8,ITC,ITC2,2,Valle d'Aosta / Vallée d'Aoste,Valle d'Aosta,125666,83114,66.14,0.64
3342,2021-07-11,VDA,907,471,436,254,642,11,ITC,ITC2,2,Valle d'Aosta / Vallée d'Aoste,Valle d'Aosta,125666,84021,66.86,0.72
3343,2021-02-25,VDA,201,101,100,190,7,4,ITC,ITC2,2,Valle d'Aosta / Vallée d'Aoste,Valle d'Aosta,125666,84222,67.02,0.16
3344,2021-05-17,VDA,809,417,392,367,434,8,ITC,ITC2,2,Valle d'Aosta / Vallée d'Aoste,Valle d'Aosta,125666,85031,67.66,0.64
3345,2021-05-15,VDA,1065,614,451,367,685,13,ITC,ITC2,2,Valle d'Aosta / Vallée d'Aoste,Valle d'Aosta,125666,86096,68.51,0.85
3346,2021-02-04,VDA,294,86,208,8,286,0,ITC,ITC2,2,Valle d'Aosta / Vallée d'Aoste,Valle d'Aosta,125666,86390,68.75,0.23
3347,2021-04-28,VDA,1218,632,586,681,503,34,ITC,ITC2,2,Valle d'Aosta / Vallée d'Aoste,Valle d'Aosta,125666,87608,69.71,0.97
3348,2021-02-08,VDA,223,83,140,25,198,0,ITC,ITC2,2,Valle d'Aosta / Vallée d'Aoste,Valle d'Aosta,125666,87831,69.89,0.18
3349,2021-03-23,VDA,379,150,229,228,134,17,ITC,ITC2,2,Valle d'Aosta / Vallée d'Aoste,Valle d'Aosta,125666,88210,70.19,0.3
3350,2021-05-19,VDA,993,498,495,411,575,7,ITC,ITC2,2,Valle d'Aosta / Vallée d'Aoste,Valle d'Aosta,125666,89203,70.98,0.79
3351,2021-03-16,VDA,182,37,145,109,64,9,ITC,ITC2,2,Valle d'Aosta / Vallée d'Aoste,Valle d'Aosta,125666,89385,71.13,0.14
3352,2021-04-07,VDA,910,474,436,654,229,27,ITC,ITC2,2,Valle d'Aosta / Vallée d'Aoste,Valle d'Aosta,125666,90295,71.85,0.72
3353,2021-02-09,VDA,251,84,167,67,183,1,ITC,ITC2,2,Valle d'Aosta / Vallée d'Aoste,Valle d'Aosta,125666,90546,72.05,0.2
3354,2021-06-29,VDA,780,390,390,235,542,3,ITC,ITC2,2,Valle d'Aosta / Vallée d'Aoste,Valle d'Aosta,125666,91326,72.67,0.62
3355,2021-06-10,VDA,1002,558,444,953,42,7,ITC,ITC2,2,Valle d'Aosta / Vallée d'Aoste,Valle d'Aosta,125666,92328,73.47,0.8
3356,2021-03-02,VDA,339,166,173,291,3,45,ITC,ITC2,2,Valle d'Aosta / Vallée d'Aoste,Valle d'Aosta,125666,92667,73.74,0.27
3357,2021-01-25,VDA,147,65,82,0,147,0,ITC,ITC2,2,Valle d'Aosta / Vallée d'Aoste,Valle d'Aosta,125666,92814,73.86,0.12
3358,2021-07-10,VDA,1289,667,622,321,957,11,ITC,ITC2,2,Valle d'Aosta / Vallée d'Aoste,Valle d'Aosta,125666,94103,74.88,1.03
3359,2021-05-14,VDA,960,442,518,249,669,42,ITC,ITC2,2,Valle d'Aosta / Vallée d'Aoste,Valle d'Aosta,125666,95063,75.65,0.76
3360,2021-02-01,VDA,404,127,277,84,317,3,ITC,ITC2,2,Valle d'Aosta / Vallée d'Aoste,Valle d'Aosta,125666,95467,75.97,0.32
3361,2021-07-08,VDA,1275,709,566,341,924,10,ITC,ITC2,2,Valle d'Aosta / Vallée d'Aoste,Valle d'Aosta,125666,96742,76.98,1.01
3362,2021-03-30,VDA,402,223,179,365,20,17,ITC,ITC2,2,Valle d'Aosta / Vallée d'Aoste,Valle d'Aosta,125666,97144,77.3,0.32
3363,2021-01-06,VDA,65,33,32,65,0,0,ITC,ITC2,2,Valle d'Aosta / Vallée d'Aoste,Valle d'Aosta,125666,97209,77.36,0.05
3364,2021-02-18,VDA,349,153,196,255,88,6,ITC,ITC2,2,Valle d'Aosta / Vallée d'Aoste,Valle d'Aosta,125666,97558,77.63,0.28
3365,2021-02-06,VDA,289,104,185,91,197,1,ITC,ITC2,2,Valle d'Aosta / Vallée d'Aoste,Valle d'Aosta,125666,97847,77.86,0.23
3366,2021-04-30,VDA,831,355,476,467,346,18,ITC,ITC2,2,Valle d'Aosta / Vallée d'Aoste,Valle d'Aosta,125666,98678,78.52,0.66
3367,2021-01-20,VDA,23,8,15,23,0,0,ITC,ITC2,2,Valle d'Aosta / Vallée d'Aoste,Valle d'Aosta,125666,98701,78.54,0.02
3368,2021-06-19,VDA,1288,667,621,657,619,12,ITC,ITC2,2,Valle d'Aosta / Vallée d'Aoste,Valle d'Aosta,125666,99989,79.57,1.02
3369,2021-03-09,VDA,206,96,110,166,32,8,ITC,ITC2,2,Valle d'Aosta / Vallée d'Aoste,Valle d'Aosta,125666,100195,79.73,0.16
3370,2021-02-20,VDA,251,210,41,238,10,3,ITC,ITC2,2,Valle d'Aosta / Vallée d'Aoste,Valle d'Aosta,125666,100446,79.93,0.2
3371,2021-04-18,VDA,522,254,268,492,4,26,ITC,ITC2,2,Valle d'Aosta / Vallée d'Aoste,Valle d'Aosta,125666,100968,80.35,0.42
3372,2021-06-14,VDA,307,164,143,12,295,0,ITC,ITC2,2,Valle d'Aosta / Vallée d'Aoste,Valle d'Aosta,125666,101275,80.59,0.24
3373,2021-05-31,VDA,880,396,484,490,379,11,ITC,ITC2,2,Valle d'Aosta / Vallée d'Aoste,Valle d'Aosta,125666,102155,81.29,0.7
3374,2021-01-11,VDA,325,112,213,325,0,0,ITC,ITC2,2,Valle d'Aosta / Vallée d'Aoste,Valle d'Aosta,125666,102480,81.55,0.26
3375,2021-04-04,VDA,572,253,319,550,1,21,ITC,ITC2,2,Valle d'Aosta / Vallée d'Aoste,Valle d'Aosta,125666,103052,82.0,0.46
3376,2021-05-12,VDA,1140,549,591,439,670,31,ITC,ITC2,2,Valle d'Aosta / Vallée d'Aoste,Valle d'Aosta,125666,104192,82.91,0.91
3377,2021-07-17,VDA,985,519,466,253,732,0,ITC,ITC2,2,Valle d'Aosta / Vallée d'Aoste,Valle d'Aosta,125666,105177,83.7,0.78
3378,2021-01-18,VDA,213,74,139,213,0,0,ITC,ITC2,2,Valle d'Aosta / Vallée d'Aoste,Valle d'Aosta,125666,105390,83.87,0.17
3379,2021-04-11,VDA,479,208,271,462,0,17,ITC,ITC2,2,Valle d'Aosta / Vallée d'Aoste,Valle d'Aosta,125666,105869,84.25,0.38
3380,2021-02-13,VDA,216,196,20,213,1,2,ITC,ITC2,2,Valle d'Aosta / Vallée d'Aoste,Valle d'Aosta,125666,106085,84.42,0.17
3381,2021-04-25,VDA,849,408,441,673,139,37,ITC,ITC2,2,Valle d'Aosta / Vallée d'Aoste,Valle d'Aosta,125666,106934,85.09,0.68
3382,2021-06-21,VDA,1122,600,522,607,505,10,ITC,ITC2,2,Valle d'Aosta / Vallée d'Aoste,Valle d'Aosta,125666,108056,85.99,0.89
3383,2021-06-07,VDA,710,347,363,638,61,11,ITC,ITC2,2,Valle d'Aosta / Vallée d'Aoste,Valle d'Aosta,125666,108766,86.55,0.56
3384,2021-02-27,VDA,231,85,146,119,107,5,ITC,ITC2,2,Valle d'Aosta / Vallée d'Aoste,Valle d'Aosta,125666,108997,86.74,0.18
3385,2021-05-25,VDA,1115,530,585,529,574,12,ITC,ITC2,2,Valle d'Aosta / Vallée d'Aoste,Valle d'Aosta,125666,110112,87.62,0.89
3386,2021-02-14,VDA,48,16,32,1,47,0,ITC,ITC2,2,Valle d'Aosta / Vallée d'Aoste,Valle d'Aosta,125666,110160,87.66,0.04
3387,2021-05-08,VDA,904,540,364,497,378,29,ITC,ITC2,2,Valle d'Aosta / Vallée d'Aoste,Valle d'Aosta,125666,111064,88.38,0.72
3388,2021-04-05,VDA,464,223,241,439,6,19,ITC,ITC2,2,Valle d'Aosta / Vallée d'Aoste,Valle d'Aosta,125666,111528,88.75,0.37
3389,2021-06-27,VDA,1250,607,643,312,928,10,ITC,ITC2,2,Valle d'Aosta / Vallée d'Aoste,Valle d'Aosta,125666,112778,89.74,0.99
3390,2021-07-14,VDA,1019,532,487,293,726,0,ITC,ITC2,2,Valle d'Aosta / Vallée d'Aoste,Valle d'Aosta,125666,113797,90.56,0.81
3391,2021-01-28,VDA,291,123,168,56,235,0,ITC,ITC2,2,Valle d'Aosta / Vallée d'Aoste,Valle d'Aosta,125666,114088,90.79,0.23
3392,2021-06-12,VDA,1233,599,634,1063,166,4,ITC,ITC2,2,Valle d'Aosta / Vallée d'Aoste,Valle d'Aosta,125666,115321,91.77,0.98
3393,2021-03-19,VDA,322,85,237,277,35,10,ITC,ITC2,2,Valle d'Aosta / Vallée d'Aoste,Valle d'Aosta,125666,115643,92.02,0.26
3394,2021-05-07,VDA,564,245,319,517,31,16,ITC,ITC2,2,Valle d'Aosta / Vallée d'Aoste,Valle d'Aosta,125666,116207,92.47,0.45
3395,2021-04-23,VDA,922,443,479,510,383,29,ITC,ITC2,2,Valle d'Aosta / Vallée d'Aoste,Valle d'Aosta,125666,117129,93.21,0.73
3396,2021-01-13,VDA,337,110,227,337,0,0,ITC,ITC2,2,Valle d'Aosta / Vallée d'Aoste,Valle d'Aosta,125666,117466,93.47,0.27
3397,2021-07-15,VDA,1085,589,496,295,790,0,ITC,ITC2,2,Valle d'Aosta / Vallée d'Aoste,Valle d'Aosta,125666,118551,94.34,0.86
3398,2021-04-06,VDA,741,381,360,595,112,34,ITC,ITC2,2,Valle d'Aosta / Vallée d'Aoste,Valle d'Aosta,125666,119292,94.93,0.59
3399,2021-03-18,VDA,136,43,93,96,37,3,ITC,ITC2,2,Valle d'Aosta / Vallée d'Aoste,Valle d'Aosta,125666,119428,95.04,0.11
3400,2021-06-26,VDA,1061,509,552,350,704,7,ITC,ITC2,2,Valle d'Aosta / Vallée d'Aoste,Valle d'Aosta,125666,120489,95.88,0.84
3401,2021-03-04,VDA,291,139,152,39,250,2,ITC,ITC2,2,Valle d'Aosta / Vallée d'Aoste,Valle d'Aosta,125666,120780,96.11,0.23
3402,2021-05-26,VDA,1209,587,622,565,633,11,ITC,ITC2,2,Valle d'Aosta / Vallée d'Aoste,Valle d'Aosta,125666,121989,97.07,0.96
3403,2021-06-05,LOM,102427,52954,49473,91101,9815,1511,ITC,ITC4,3,Lombardia,Lombardia,10060574,102427,1.02,1.02
3404,2021-03-14,LOM,14874,5348,9526,11218,3283,373,ITC,ITC4,3,Lombardia,Lombardia,10060574,117301,1.17,0.15
3405,2021-02-23,LOM,11829,4803,7026,11289,332,208,ITC,ITC4,3,Lombardia,Lombardia,10060574,129130,1.28,0.12
3406,2021-02-04,LOM,27828,8112,19716,2008,25814,6,ITC,ITC4,3,Lombardia,Lombardia,10060574,156958,1.56,0.28
3407,2021-07-18,LOM,77894,40435,37459,6216,71174,504,ITC,ITC4,3,Lombardia,Lombardia,10060574,234852,2.33,0.77
3408,2021-04-09,LOM,52400,22372,30028,35568,15995,837,ITC,ITC4,3,Lombardia,Lombardia,10060574,287252,2.86,0.52
3409,2021-07-13,LOM,108395,56664,51731,15409,91746,1240,ITC,ITC4,3,Lombardia,Lombardia,10060574,395647,3.93,1.08
3410,2021-04-04,LOM,7611,3230,4381,3682,3895,34,ITC,ITC4,3,Lombardia,Lombardia,10060574,403258,4.01,0.08
3411,2021-05-24,LOM,89514,43484,46030,48580,40000,934,ITC,ITC4,3,Lombardia,Lombardia,10060574,492772,4.9,0.89
3412,2021-02-11,LOM,17086,5013,12073,9632,7375,79,ITC,ITC4,3,Lombardia,Lombardia,10060574,509858,5.07,0.17
3413,2021-05-31,LOM,95648,47396,48252,78343,16201,1104,ITC,ITC4,3,Lombardia,Lombardia,10060574,605506,6.02,0.95
3414,2021-03-26,LOM,41321,15703,25618,27502,13149,670,ITC,ITC4,3,Lombardia,Lombardia,10060574,646827,6.43,0.41
3415,2021-05-22,LOM,70597,33836,36761,31723,38160,714,ITC,ITC4,3,Lombardia,Lombardia,10060574,717424,7.13,0.7
3416,2021-03-28,LOM,20485,7818,12667,13935,6166,384,ITC,ITC4,3,Lombardia,Lombardia,10060574,737909,7.33,0.2
3417,2021-04-14,LOM,47193,21033,26160,33536,12971,686,ITC,ITC4,3,Lombardia,Lombardia,10060574,785102,7.8,0.47
3418,2021-01-04,LOM,6108,2107,4001,6102,0,6,ITC,ITC4,3,Lombardia,Lombardia,10060574,791210,7.86,0.06
3419,2021-06-19,LOM,104302,51984,52318,56249,46630,1423,ITC,ITC4,3,Lombardia,Lombardia,10060574,895512,8.9,1.04
3420,2021-07-06,LOM,99277,49414,49863,22439,75458,1380,ITC,ITC4,3,Lombardia,Lombardia,10060574,994789,9.89,0.99
3421,2021-02-16,LOM,9506,3073,6433,8957,448,101,ITC,ITC4,3,Lombardia,Lombardia,10060574,1004295,9.98,0.09
3422,2021-06-10,LOM,102603,52227,50376,86395,14410,1798,ITC,ITC4,3,Lombardia,Lombardia,10060574,1106898,11.0,1.02
3423,2021-03-02,LOM,22831,9705,13126,19529,3040,262,ITC,ITC4,3,Lombardia,Lombardia,10060574,1129729,11.23,0.23
3424,2020-12-28,LOM,107,47,60,107,0,0,ITC,ITC4,3,Lombardia,Lombardia,10060574,1129836,11.23,0.0
3425,2021-04-21,LOM,71829,32564,39265,55830,14665,1334,ITC,ITC4,3,Lombardia,Lombardia,10060574,1201665,11.94,0.71
3426,2021-01-11,LOM,16266,5379,10887,16256,0,10,ITC,ITC4,3,Lombardia,Lombardia,10060574,1217931,12.11,0.16
3427,2021-01-28,LOM,12229,3704,8525,794,11428,7,ITC,ITC4,3,Lombardia,Lombardia,10060574,1230160,12.23,0.12
3428,2021-01-16,LOM,15439,5738,9701,15428,0,11,ITC,ITC4,3,Lombardia,Lombardia,10060574,1245599,12.38,0.15
3429,2021-04-23,LOM,73532,33323,40209,55562,16584,1386,ITC,ITC4,3,Lombardia,Lombardia,10060574,1319131,13.11,0.73
3430,2021-05-10,LOM,85274,40886,44388,62036,21580,1658,ITC,ITC4,3,Lombardia,Lombardia,10060574,1404405,13.96,0.85
3431,2021-01-30,LOM,12317,4567,7750,146,12162,9,ITC,ITC4,3,Lombardia,Lombardia,10060574,1416722,14.08,0.12
3432,2021-04-28,LOM,95737,43670,52067,66920,26904,1913,ITC,ITC4,3,Lombardia,Lombardia,10060574,1512459,15.03,0.95
3433,2021-06-24,LOM,109513,56629,52884,78326,28800,2387,ITC,ITC4,3,Lombardia,Lombardia,10060574,1621972,16.12,1.09
3434,2021-03-16,LOM,25497,10113,15384,16297,9078,122,ITC,ITC4,3,Lombardia,Lombardia,10060574,1647469,16.38,0.25
3435,2021-05-12,LOM,87489,41750,45739,57405,27561,2523,ITC,ITC4,3,Lombardia,Lombardia,10060574,1734958,17.25,0.87
3436,2021-04-02,LOM,41271,16882,24389,26199,14514,558,ITC,ITC4,3,Lombardia,Lombardia,10060574,1776229,17.66,0.41
3437,2021-04-11,LOM,32221,13944,18277,24315,7395,511,ITC,ITC4,3,Lombardia,Lombardia,10060574,1808450,17.98,0.32
3438,2021-01-01,LOM,24,7,17,24,0,0,ITC,ITC4,3,Lombardia,Lombardia,10060574,1808474,17.98,0.0
3439,2021-06-07,LOM,98955,50423,48532,84022,13317,1616,ITC,ITC4,3,Lombardia,Lombardia,10060574,1907429,18.96,0.98
3440,2021-02-27,LOM,13949,5874,8075,13154,641,154,ITC,ITC4,3,Lombardia,Lombardia,10060574,1921378,19.1,0.14
3441,2021-05-17,LOM,94639,45351,49288,29526,64411,702,ITC,ITC4,3,Lombardia,Lombardia,10060574,2016017,20.04,0.94
3442,2021-05-19,LOM,83225,39744,43481,33095,49324,806,ITC,ITC4,3,Lombardia,Lombardia,10060574,2099242,20.87,0.83
3443,2021-02-08,LOM,10085,2919,7166,2122,7954,9,ITC,ITC4,3,Lombardia,Lombardia,10060574,2109327,20.97,0.1
3444,2021-02-25,LOM,15294,6350,8944,13521,1573,200,ITC,ITC4,3,Lombardia,Lombardia,10060574,2124621,21.12,0.15
3445,2021-05-29,LOM,88306,42410,45896,41396,46068,842,ITC,ITC4,3,Lombardia,Lombardia,10060574,2212927,22.0,0.88
3446,2021-02-18,LOM,14050,4924,9126,12816,1037,197,ITC,ITC4,3,Lombardia,Lombardia,10060574,2226977,22.14,0.14
3447,2021-07-08,LOM,114350,58282,56068,13159,100160,1031,ITC,ITC4,3,Lombardia,Lombardia,10060574,2341327,23.27,1.14
3448,2021-04-16,LOM,53685,23929,29756,38430,14367,888,ITC,ITC4,3,Lombardia,Lombardia,10060574,2395012,23.81,0.53
3449,2021-05-03,LOM,83703,39757,43946,69455,12126,2122,ITC,ITC4,3,Lombardia,Lombardia,10060574,2478715,24.64,0.83
3450,2021-01-23,LOM,1116,357,759,914,199,3,ITC,ITC4,3,Lombardia,Lombardia,10060574,2479831,24.65,0.01
3451,2021-04-25,LOM,51501,23614,27887,45537,4744,1220,ITC,ITC4,3,Lombardia,Lombardia,10060574,2531332,25.16,0.51
3452,2021-06-28,LOM,107888,54973,52915,74274,31005,2609,ITC,ITC4,3,Lombardia,Lombardia,10060574,2639220,26.23,1.07
3453,2021-06-12,LOM,89312,48062,41250,84313,3156,1843,ITC,ITC4,3,Lombardia,Lombardia,10060574,2728532,27.12,0.89
3454,2021-06-29,LOM,107116,53132,53984,57386,47723,2007,ITC,ITC4,3,Lombardia,Lombardia,10060574,2835648,28.19,1.06
3455,2021-03-21,LOM,23515,8494,15021,17731,5194,590,ITC,ITC4,3,Lombardia,Lombardia,10060574,2859163,28.42,0.23
3456,2021-02-13,LOM,6419,2441,3978,4882,1477,60,ITC,ITC4,3,Lombardia,Lombardia,10060574,2865582,28.48,0.06
3457,2021-07-17,LOM,108433,57247,51186,10197,97318,918,ITC,ITC4,3,Lombardia,Lombardia,10060574,2974015,29.56,1.08
3458,2021-01-09,LOM,12429,4578,7851,12421,0,8,ITC,ITC4,3,Lombardia,Lombardia,10060574,2986444,29.68,0.12
3459,2021-03-07,LOM,12088,5362,6726,9337,2560,191,ITC,ITC4,3,Lombardia,Lombardia,10060574,2998532,29.8,0.12
3460,2021-01-27,LOM,8044,2677,5367,808,7234,2,ITC,ITC4,3,Lombardia,Lombardia,10060574,3006576,29.88,0.08
3461,2021-07-03,LOM,102318,51619,50699,44532,55678,2108,ITC,ITC4,3,Lombardia,Lombardia,10060574,3108894,30.9,1.02
3462,2021-03-25,LOM,42863,16031,26832,29238,12721,904,ITC,ITC4,3,Lombardia,Lombardia,10060574,3151757,31.33,0.43
3463,2021-05-21,LOM,93843,45240,48603,28379,64703,761,ITC,ITC4,3,Lombardia,Lombardia,10060574,3245600,32.26,0.93
3464,2021-06-17,LOM,108538,52703,55835,51070,56290,1178,ITC,ITC4,3,Lombardia,Lombardia,10060574,3354138,33.34,1.08
3465,2021-03-09,LOM,33222,12863,20359,25243,7397,582,ITC,ITC4,3,Lombardia,Lombardia,10060574,3387360,33.67,0.33
3466,2021-05-05,LOM,87938,41928,46010,70358,15316,2264,ITC,ITC4,3,Lombardia,Lombardia,10060574,3475298,34.54,0.87
3467,2021-07-01,LOM,104931,52817,52114,53326,49207,2398,ITC,ITC4,3,Lombardia,Lombardia,10060574,3580229,35.59,1.04
3468,2020-12-30,LOM,114,42,72,114,0,0,ITC,ITC4,3,Lombardia,Lombardia,10060574,3580343,35.59,0.0
3469,2021-06-16,LOM,99219,50422,48797,49924,48142,1153,ITC,ITC4,3,Lombardia,Lombardia,10060574,3679562,36.57,0.99
3470,2021-03-06,LOM,21341,9100,12241,16530,4513,298,ITC,ITC4,3,Lombardia,Lombardia,10060574,3700903,36.79,0.21
3471,2021-02-06,LOM,15264,5539,9725,1011,14249,4,ITC,ITC4,3,Lombardia,Lombardia,10060574,3716167,36.94,0.15
3472,2021-05-02,LOM,83507,38338,45169,59262,22465,1780,ITC,ITC4,3,Lombardia,Lombardia,10060574,3799674,37.77,0.83
3473,2021-04-13,LOM,47658,21272,26386,32930,14084,644,ITC,ITC4,3,Lombardia,Lombardia,10060574,3847332,38.24,0.47
3474,2021-04-30,LOM,117292,54808,62484,87222,27505,2565,ITC,ITC4,3,Lombardia,Lombardia,10060574,3964624,39.41,1.17
3475,2021-02-20,LOM,9339,3868,5471,8844,298,197,ITC,ITC4,3,Lombardia,Lombardia,10060574,3973963,39.5,0.09
3476,2021-04-18,LOM,36404,16229,20175,30521,5240,643,ITC,ITC4,3,Lombardia,Lombardia,10060574,4010367,39.86,0.36
3477,2021-01-08,LOM,12715,3923,8792,12704,0,11,ITC,ITC4,3,Lombardia,Lombardia,10060574,4023082,39.99,0.13
3478,2021-06-21,LOM,113256,58025,55231,78342,32739,2175,ITC,ITC4,3,Lombardia,Lombardia,10060574,4136338,41.11,1.13
3479,2021-06-02,LOM,84633,43574,41059,76985,6331,1317,ITC,ITC4,3,Lombardia,Lombardia,10060574,4220971,41.96,0.84
3480,2021-03-11,LOM,36220,13478,22742,25627,9909,684,ITC,ITC4,3,Lombardia,Lombardia,10060574,4257191,42.32,0.36
3481,2021-03-30,LOM,39639,15592,24047,24244,14784,611,ITC,ITC4,3,Lombardia,Lombardia,10060574,4296830,42.71,0.39
3482,2021-01-06,LOM,7062,2494,4568,7057,0,5,ITC,ITC4,3,Lombardia,Lombardia,10060574,4303892,42.78,0.07
3483,2021-07-15,LOM,108604,55872,52732,12865,94546,1193,ITC,ITC4,3,Lombardia,Lombardia,10060574,4412496,43.86,1.08
3484,2021-04-06,LOM,43076,17587,25489,24440,17946,690,ITC,ITC4,3,Lombardia,Lombardia,10060574,4455572,44.29,0.43
3485,2021-06-14,LOM,94756,48144,46612,49104,44520,1132,ITC,ITC4,3,Lombardia,Lombardia,10060574,4550328,45.23,0.94
3486,2021-05-26,LOM,93676,44651,49025,42732,50053,891,ITC,ITC4,3,Lombardia,Lombardia,10060574,4644004,46.16,0.93
3487,2021-02-15,LOM,8950,3137,5813,8353,418,179,ITC,ITC4,3,Lombardia,Lombardia,10060574,4652954,46.25,0.09
3488,2021-05-07,LOM,92312,43705,48607,68368,22403,1541,ITC,ITC4,3,Lombardia,Lombardia,10060574,4745266,47.17,0.92
3489,2021-03-18,LOM,27393,10956,16437,15928,11238,227,ITC,ITC4,3,Lombardia,Lombardia,10060574,4772659,47.44,0.27
3490,2021-05-14,LOM,85955,41392,44563,53250,30321,2384,ITC,ITC4,3,Lombardia,Lombardia,10060574,4858614,48.29,0.85
3491,2021-07-10,LOM,107088,54213,52875,13910,91997,1181,ITC,ITC4,3,Lombardia,Lombardia,10060574,4965702,49.36,1.06
3492,2021-06-09,LOM,103620,52215,51405,87420,14480,1720,ITC,ITC4,3,Lombardia,Lombardia,10060574,5069322,50.39,1.03
3493,2021-03-08,LOM,29759,11191,18568,22163,7079,517,ITC,ITC4,3,Lombardia,Lombardia,10060574,5099081,50.68,0.3
3494,2021-05-04,LOM,86822,41077,45745,70282,14394,2146,ITC,ITC4,3,Lombardia,Lombardia,10060574,5185903,51.55,0.86
3495,2021-01-24,LOM,1199,457,742,536,663,0,ITC,ITC4,3,Lombardia,Lombardia,10060574,5187102,51.56,0.01
3496,2021-01-18,LOM,9203,2972,6231,8213,975,15,ITC,ITC4,3,Lombardia,Lombardia,10060574,5196305,51.65,0.09
3497,2021-03-23,LOM,42576,15468,27108,28860,12861,855,ITC,ITC4,3,Lombardia,Lombardia,10060574,5238881,52.07,0.42
3498,2021-01-25,LOM,7024,2375,4649,474,6547,3,ITC,ITC4,3,Lombardia,Lombardia,10060574,5245905,52.14,0.07
3499,2021-02-01,LOM,16069,5322,10747,307,15760,2,ITC,ITC4,3,Lombardia,Lombardia,10060574,5261974,52.3,0.16
3500,2021-01-15,LOM,25223,7435,17788,25171,0,52,ITC,ITC4,3,Lombardia,Lombardia,10060574,5287197,52.55,0.25
3501,2021-04-29,LOM,115540,53598,61942,83110,29856,2574,ITC,ITC4,3,Lombardia,Lombardia,10060574,5402737,53.7,1.15
3502,2021-06-25,LOM,108033,56065,51968,78193,27531,2309,ITC,ITC4,3,Lombardia,Lombardia,10060574,5510770,54.78,1.07
3503,2021-04-20,LOM,67674,30834,36840,55898,10346,1430,ITC,ITC4,3,Lombardia,Lombardia,10060574,5578444,55.45,0.67
3504,2021-01-10,LOM,10519,3960,6559,10510,0,9,ITC,ITC4,3,Lombardia,Lombardia,10060574,5588963,55.55,0.1
3505,2021-01-17,LOM,8351,3347,5004,8144,201,6,ITC,ITC4,3,Lombardia,Lombardia,10060574,5597314,55.64,0.08
3506,2021-06-23,LOM,110910,57388,53522,76733,32029,2148,ITC,ITC4,3,Lombardia,Lombardia,10060574,5708224,56.74,1.1
3507,2021-03-15,LOM,31561,11336,20225,22429,8518,614,ITC,ITC4,3,Lombardia,Lombardia,10060574,5739785,57.05,0.31
3508,2021-01-20,LOM,5680,1382,4298,5561,114,5,ITC,ITC4,3,Lombardia,Lombardia,10060574,5745465,57.11,0.06
3509,2021-01-22,LOM,3154,870,2284,3080,69,5,ITC,ITC4,3,Lombardia,Lombardia,10060574,5748619,57.14,0.03
3510,2021-05-18,LOM,88216,42164,46052,31873,55577,766,ITC,ITC4,3,Lombardia,Lombardia,10060574,5836835,58.02,0.88
3511,2021-06-04,LOM,104612,54303,50309,93190,9637,1785,ITC,ITC4,3,Lombardia,Lombardia,10060574,5941447,59.06,1.04
3512,2021-02-24,LOM,14720,5957,8763,13557,954,209,ITC,ITC4,3,Lombardia,Lombardia,10060574,5956167,59.2,0.15
3513,2021-05-16,LOM,68701,32506,36195,35587,32204,910,ITC,ITC4,3,Lombardia,Lombardia,10060574,6024868,59.89,0.68
3514,2021-02-05,LOM,25712,7459,18253,2410,23283,19,ITC,ITC4,3,Lombardia,Lombardia,10060574,6050580,60.14,0.26
3515,2021-02-22,LOM,11898,4809,7089,11395,305,198,ITC,ITC4,3,Lombardia,Lombardia,10060574,6062478,60.26,0.12
3516,2021-03-20,LOM,32594,12165,20429,22242,9852,500,ITC,ITC4,3,Lombardia,Lombardia,10060574,6095072,60.58,0.32
3517,2020-12-27,LOM,718,414,304,718,0,0,ITC,ITC4,3,Lombardia,Lombardia,10060574,6095790,60.59,0.01
3518,2021-06-26,LOM,105869,55425,50444,77785,25684,2400,ITC,ITC4,3,Lombardia,Lombardia,10060574,6201659,61.64,1.05
3519,2021-02-10,LOM,14403,4508,9895,7547,6825,31,ITC,ITC4,3,Lombardia,Lombardia,10060574,6216062,61.79,0.14
3520,2021-02-03,LOM,25646,7917,17729,1076,24565,5,ITC,ITC4,3,Lombardia,Lombardia,10060574,6241708,62.04,0.25
3521,2021-04-01,LOM,42984,17241,25743,26052,16219,713,ITC,ITC4,3,Lombardia,Lombardia,10060574,6284692,62.47,0.43
3522,2021-07-05,LOM,101366,49517,51849,31225,68255,1886,ITC,ITC4,3,Lombardia,Lombardia,10060574,6386058,63.48,1.01
3523,2021-07-12,LOM,111642,57397,54245,14787,95710,1145,ITC,ITC4,3,Lombardia,Lombardia,10060574,6497700,64.59,1.11
3524,2021-06-18,LOM,107587,52846,54741,51941,54409,1237,ITC,ITC4,3,Lombardia,Lombardia,10060574,6605287,65.66,1.07
3525,2021-03-01,LOM,18796,8233,10563,16882,1707,207,ITC,ITC4,3,Lombardia,Lombardia,10060574,6624083,65.84,0.19
3526,2021-05-15,LOM,80912,38787,42125,45481,33384,2047,ITC,ITC4,3,Lombardia,Lombardia,10060574,6704995,66.65,0.8
3527,2021-04-27,LOM,86013,39981,46032,67641,16565,1807,ITC,ITC4,3,Lombardia,Lombardia,10060574,6791008,67.5,0.85
3528,2021-03-13,LOM,27189,9777,17412,20543,6095,551,ITC,ITC4,3,Lombardia,Lombardia,10060574,6818197,67.77,0.27
3529,2021-05-01,LOM,95987,43679,52308,65058,29215,1714,ITC,ITC4,3,Lombardia,Lombardia,10060574,6914184,68.73,0.95
3530,2021-01-21,LOM,5490,1604,3886,4783,690,17,ITC,ITC4,3,Lombardia,Lombardia,10060574,6919674,68.78,0.05
3531,2021-06-01,LOM,93958,46104,47854,75754,17097,1107,ITC,ITC4,3,Lombardia,Lombardia,10060574,7013632,69.71,0.93
3532,2021-01-02,LOM,202,74,128,202,0,0,ITC,ITC4,3,Lombardia,Lombardia,10060574,7013834,69.72,0.0
3533,2021-06-08,LOM,102874,52296,50578,87143,14056,1675,ITC,ITC4,3,Lombardia,Lombardia,10060574,7116708,70.74,1.02
3534,2021-02-28,LOM,7884,3254,4630,7602,210,72,ITC,ITC4,3,Lombardia,Lombardia,10060574,7124592,70.82,0.08
3535,2021-04-26,LOM,87965,40929,47036,67032,19165,1768,ITC,ITC4,3,Lombardia,Lombardia,10060574,7212557,71.69,0.87
3536,2021-07-07,LOM,111804,56048,55756,17979,92656,1169,ITC,ITC4,3,Lombardia,Lombardia,10060574,7324361,72.8,1.11
3537,2021-04-15,LOM,49459,21862,27597,34883,13825,751,ITC,ITC4,3,Lombardia,Lombardia,10060574,7373820,73.29,0.49
3538,2021-01-05,LOM,7857,2576,5281,7851,0,6,ITC,ITC4,3,Lombardia,Lombardia,10060574,7381677,73.37,0.08
3539,2021-03-27,LOM,32442,12378,20064,23102,8709,631,ITC,ITC4,3,Lombardia,Lombardia,10060574,7414119,73.69,0.32
3540,2021-01-03,LOM,854,316,538,853,0,1,ITC,ITC4,3,Lombardia,Lombardia,10060574,7414973,73.7,0.01
3541,2021-07-11,LOM,90175,45614,44561,11766,77351,1058,ITC,ITC4,3,Lombardia,Lombardia,10060574,7505148,74.6,0.9
3542,2021-05-13,LOM,87191,41780,45411,55720,28878,2593,ITC,ITC4,3,Lombardia,Lombardia,10060574,7592339,75.47,0.87
3543,2021-02-02,LOM,19884,6598,13286,496,19385,3,ITC,ITC4,3,Lombardia,Lombardia,10060574,7612223,75.66,0.2
3544,2021-03-31,LOM,42157,17099,25058,26186,15294,677,ITC,ITC4,3,Lombardia,Lombardia,10060574,7654380,76.08,0.42
3545,2021-03-10,LOM,33292,12733,20559,24842,7864,586,ITC,ITC4,3,Lombardia,Lombardia,10060574,7687672,76.41,0.33
3546,2021-05-06,LOM,89855,42203,47652,70977,16512,2366,ITC,ITC4,3,Lombardia,Lombardia,10060574,7777527,77.31,0.89
3547,2021-01-26,LOM,8343,2706,5637,349,7994,0,ITC,ITC4,3,Lombardia,Lombardia,10060574,7785870,77.39,0.08
3548,2021-04-03,LOM,36259,14869,21390,25773,10106,380,ITC,ITC4,3,Lombardia,Lombardia,10060574,7822129,77.75,0.36
3549,2021-05-30,LOM,74367,35587,38780,33790,39957,620,ITC,ITC4,3,Lombardia,Lombardia,10060574,7896496,78.49,0.74
3550,2021-05-23,LOM,60764,28929,31835,26293,33957,514,ITC,ITC4,3,Lombardia,Lombardia,10060574,7957260,79.09,0.6
3551,2021-02-12,LOM,13965,4366,9599,8870,4935,160,ITC,ITC4,3,Lombardia,Lombardia,10060574,7971225,79.23,0.14
3552,2021-05-09,LOM,69713,32886,36827,54468,13272,1973,ITC,ITC4,3,Lombardia,Lombardia,10060574,8040938,79.93,0.69
3553,2021-01-29,LOM,13494,4128,9366,684,12807,3,ITC,ITC4,3,Lombardia,Lombardia,10060574,8054432,80.06,0.13
3554,2021-06-13,LOM,75998,40560,35438,72287,2124,1587,ITC,ITC4,3,Lombardia,Lombardia,10060574,8130430,80.81,0.76
3555,2021-03-05,LOM,28951,11941,17010,20231,8420,300,ITC,ITC4,3,Lombardia,Lombardia,10060574,8159381,81.1,0.29
3556,2021-06-27,LOM,90904,46794,44110,69780,18828,2296,ITC,ITC4,3,Lombardia,Lombardia,10060574,8250285,82.01,0.9
3557,2021-03-19,LOM,32434,12917,19517,18909,13202,323,ITC,ITC4,3,Lombardia,Lombardia,10060574,8282719,82.33,0.32
3558,2021-03-17,LOM,26260,10497,15763,15100,11000,160,ITC,ITC4,3,Lombardia,Lombardia,10060574,8308979,82.59,0.26
3559,2021-07-04,LOM,86640,43336,43304,40178,44505,1957,ITC,ITC4,3,Lombardia,Lombardia,10060574,8395619,83.45,0.86
3560,2021-04-12,LOM,47245,20583,26662,32266,14343,636,ITC,ITC4,3,Lombardia,Lombardia,10060574,8442864,83.92,0.47
3561,2021-02-21,LOM,5053,1864,3189,4942,17,94,ITC,ITC4,3,Lombardia,Lombardia,10060574,8447917,83.97,0.05
3562,2021-04-19,LOM,60118,27349,32769,49444,9404,1270,ITC,ITC4,3,Lombardia,Lombardia,10060574,8508035,84.57,0.6
3563,2021-06-22,LOM,110991,57926,53065,78992,29879,2120,ITC,ITC4,3,Lombardia,Lombardia,10060574,8619026,85.67,1.1
3564,2021-07-09,LOM,115490,58880,56610,11722,102882,886,ITC,ITC4,3,Lombardia,Lombardia,10060574,8734516,86.82,1.15
3565,2021-06-03,LOM,97138,49715,47423,84603,10873,1662,ITC,ITC4,3,Lombardia,Lombardia,10060574,8831654,87.78,0.97
3566,2021-06-20,LOM,88954,44336,44618,52831,34885,1238,ITC,ITC4,3,Lombardia,Lombardia,10060574,8920608,88.67,0.88
3567,2021-03-12,LOM,35272,12969,22303,24451,10204,617,ITC,ITC4,3,Lombardia,Lombardia,10060574,8955880,89.02,0.35
3568,2021-03-29,LOM,40047,15543,24504,24529,14838,680,ITC,ITC4,3,Lombardia,Lombardia,10060574,8995927,89.42,0.4
3569,2021-02-07,LOM,7312,2825,4487,335,6974,3,ITC,ITC4,3,Lombardia,Lombardia,10060574,9003239,89.49,0.07
3570,2021-01-19,LOM,8053,2329,5724,7571,468,14,ITC,ITC4,3,Lombardia,Lombardia,10060574,9011292,89.57,0.08
3571,2021-04-10,LOM,52750,21845,30905,40043,11956,751,ITC,ITC4,3,Lombardia,Lombardia,10060574,9064042,90.09,0.52
3572,2021-06-06,LOM,90127,46346,43781,79527,9221,1379,ITC,ITC4,3,Lombardia,Lombardia,10060574,9154169,90.99,0.9
3573,2021-01-07,LOM,11767,3638,8129,11727,0,40,ITC,ITC4,3,Lombardia,Lombardia,10060574,9165936,91.11,0.12
3574,2021-02-19,LOM,14219,5400,8819,13321,723,175,ITC,ITC4,3,Lombardia,Lombardia,10060574,9180155,91.25,0.14
3575,2021-04-17,LOM,48513,21305,27208,36945,10851,717,ITC,ITC4,3,Lombardia,Lombardia,10060574,9228668,91.73,0.48
3576,2021-02-26,LOM,18400,7557,10843,16322,1874,204,ITC,ITC4,3,Lombardia,Lombardia,10060574,9247068,91.91,0.18
3577,2021-05-27,LOM,94845,45443,49402,40616,53442,787,ITC,ITC4,3,Lombardia,Lombardia,10060574,9341913,92.86,0.94
3578,2021-04-24,LOM,75814,33601,42213,53440,21133,1241,ITC,ITC4,3,Lombardia,Lombardia,10060574,9417727,93.61,0.75
3579,2021-01-14,LOM,26928,7806,19122,26873,0,55,ITC,ITC4,3,Lombardia,Lombardia,10060574,9444655,93.88,0.27
3580,2021-05-08,LOM,87753,40761,46992,63467,22065,2221,ITC,ITC4,3,Lombardia,Lombardia,10060574,9532408,94.75,0.87
3581,2021-07-02,LOM,103746,51983,51763,48857,52682,2207,ITC,ITC4,3,Lombardia,Lombardia,10060574,9636154,95.78,1.03
3582,2021-03-24,LOM,43245,15611,27634,30470,11885,890,ITC,ITC4,3,Lombardia,Lombardia,10060574,9679399,96.21,0.43
3583,2021-02-09,LOM,12218,3334,8884,4023,8181,14,ITC,ITC4,3,Lombardia,Lombardia,10060574,9691617,96.33,0.12
3584,2021-06-15,LOM,95966,48839,47127,49007,45890,1069,ITC,ITC4,3,Lombardia,Lombardia,10060574,9787583,97.29,0.95
3585,2021-05-20,LOM,94438,45638,48800,31237,62557,644,ITC,ITC4,3,Lombardia,Lombardia,10060574,9882021,98.23,0.94
3586,2021-07-16,LOM,108737,56646,52091,11117,96459,1161,ITC,ITC4,3,Lombardia,Lombardia,10060574,9990758,99.31,1.08
3587,2021-04-07,LOM,50592,20924,29668,34074,15812,706,ITC,ITC4,3,Lombardia,Lombardia,10060574,10041350,99.81,0.5
3588,2020-12-31,LOM,714,302,412,714,0,0,ITC,ITC4,3,Lombardia,Lombardia,10060574,10042064,99.82,0.01
3589,2021-01-13,LOM,26434,8072,18362,26407,0,27,ITC,ITC4,3,Lombardia,Lombardia,10060574,10068498,100.08,0.26
3590,2021-03-04,LOM,29330,12114,17216,20039,9071,220,ITC,ITC4,3,Lombardia,Lombardia,10060574,10097828,100.37,0.29
3591,2021-06-30,LOM,106757,52899,53858,56573,48079,2105,ITC,ITC4,3,Lombardia,Lombardia,10060574,10204585,101.43,1.06
3592,2021-03-22,LOM,40337,14302,26035,28946,10557,834,ITC,ITC4,3,Lombardia,Lombardia,10060574,10244922,101.83,0.4
3593,2021-04-08,LOM,52381,21769,30612,35247,16462,672,ITC,ITC4,3,Lombardia,Lombardia,10060574,10297303,102.35,0.52
3594,2020-12-29,LOM,106,45,61,106,0,0,ITC,ITC4,3,Lombardia,Lombardia,10060574,10297409,102.35,0.0
3595,2021-07-14,LOM,109137,56717,52420,14327,93403,1407,ITC,ITC4,3,Lombardia,Lombardia,10060574,10406546,103.44,1.08
3596,2021-04-22,LOM,73944,33399,40545,56207,16355,1382,ITC,ITC4,3,Lombardia,Lombardia,10060574,10480490,104.17,0.73
3597,2021-03-03,LOM,26977,11515,15462,19478,7282,217,ITC,ITC4,3,Lombardia,Lombardia,10060574,10507467,104.44,0.27
3598,2021-05-11,LOM,86893,41440,45453,58250,26228,2415,ITC,ITC4,3,Lombardia,Lombardia,10060574,10594360,105.31,0.86
3599,2021-05-28,LOM,93549,44828,48721,42025,50610,914,ITC,ITC4,3,Lombardia,Lombardia,10060574,10687909,106.24,0.93
3600,2021-02-17,LOM,11991,3756,8235,10408,1390,193,ITC,ITC4,3,Lombardia,Lombardia,10060574,10699900,106.35,0.12
3601,2021-06-11,LOM,101433,51675,49758,84921,14616,1896,ITC,ITC4,3,Lombardia,Lombardia,10060574,10801333,107.36,1.01
3602,2021-04-05,LOM,27380,11695,15685,19023,8103,254,ITC,ITC4,3,Lombardia,Lombardia,10060574,10828713,107.64,0.27
3603,2021-01-31,LOM,9741,3766,5975,29,9712,0,ITC,ITC4,3,Lombardia,Lombardia,10060574,10838454,107.73,0.1
3604,2021-05-25,LOM,91164,43622,47542,43845,46495,824,ITC,ITC4,3,Lombardia,Lombardia,10060574,10929618,108.64,0.91
3605,2021-02-14,LOM,3583,1547,2036,2934,635,14,ITC,ITC4,3,Lombardia,Lombardia,10060574,10933201,108.67,0.04
3606,2021-01-12,LOM,20232,6701,13531,20203,0,29,ITC,ITC4,3,Lombardia,Lombardia,10060574,10953433,108.87,0.2
3607,2021-04-30,CAL,15027,7364,7663,10553,4406,68,ITF,ITF6,18,Calabria,Calabria,1947131,15027,0.77,0.77
3608,2021-01-18,CAL,1298,588,710,1052,242,4,ITF,ITF6,18,Calabria,Calabria,1947131,16325,0.84,0.07
3609,2021-06-14,CAL,14350,6507,7843,9626,4648,76,ITF,ITF6,18,Calabria,Calabria,1947131,30675,1.58,0.74
3610,2021-03-04,CAL,5483,3191,2292,4666,797,20,ITF,ITF6,18,Calabria,Calabria,1947131,36158,1.86,0.28
3611,2021-06-12,CAL,13231,6292,6939,10768,2400,63,ITF,ITF6,18,Calabria,Calabria,1947131,49389,2.54,0.68
3612,2021-01-06,CAL,937,505,432,937,0,0,ITF,ITF6,18,Calabria,Calabria,1947131,50326,2.58,0.05
3613,2021-04-16,CAL,10212,4978,5234,8571,1588,53,ITF,ITF6,18,Calabria,Calabria,1947131,60538,3.11,0.52
3614,2021-02-18,CAL,1851,850,1001,1608,228,15,ITF,ITF6,18,Calabria,Calabria,1947131,62389,3.2,0.1
3615,2021-06-21,CAL,15374,7078,8296,7979,7360,35,ITF,ITF6,18,Calabria,Calabria,1947131,77763,3.99,0.79
3616,2021-01-04,CAL,1069,530,539,1066,0,3,ITF,ITF6,18,Calabria,Calabria,1947131,78832,4.05,0.05
3617,2021-03-09,CAL,6491,3383,3108,5446,982,63,ITF,ITF6,18,Calabria,Calabria,1947131,85323,4.38,0.33
3618,2021-02-20,CAL,1438,765,673,1104,320,14,ITF,ITF6,18,Calabria,Calabria,1947131,86761,4.46,0.07
3619,2021-05-31,CAL,15293,7343,7950,7310,7902,81,ITF,ITF6,18,Calabria,Calabria,1947131,102054,5.24,0.79
3620,2021-01-11,CAL,2174,1054,1120,2172,0,2,ITF,ITF6,18,Calabria,Calabria,1947131,104228,5.35,0.11
3621,2021-01-25,CAL,1079,517,562,148,931,0,ITF,ITF6,18,Calabria,Calabria,1947131,105307,5.41,0.06
3622,2021-05-05,CAL,13535,6474,7061,8409,5054,72,ITF,ITF6,18,Calabria,Calabria,1947131,118842,6.1,0.7
3623,2021-03-02,CAL,4371,2493,1878,3607,756,8,ITF,ITF6,18,Calabria,Calabria,1947131,123213,6.33,0.22
3624,2021-03-16,CAL,3857,1891,1966,2185,1660,12,ITF,ITF6,18,Calabria,Calabria,1947131,127070,6.53,0.2
3625,2021-02-06,CAL,2914,1343,1571,444,2469,1,ITF,ITF6,18,Calabria,Calabria,1947131,129984,6.68,0.15
3626,2021-07-10,CAL,15929,7529,8400,3247,12639,43,ITF,ITF6,18,Calabria,Calabria,1947131,145913,7.49,0.82
3627,2021-01-23,CAL,401,186,215,359,42,0,ITF,ITF6,18,Calabria,Calabria,1947131,146314,7.51,0.02
3628,2021-03-28,CAL,2690,1232,1458,1565,1121,4,ITF,ITF6,18,Calabria,Calabria,1947131,149004,7.65,0.14
3629,2021-04-18,CAL,5849,2796,3053,4915,913,21,ITF,ITF6,18,Calabria,Calabria,1947131,154853,7.95,0.3
3630,2021-04-04,CAL,1570,785,785,1139,421,10,ITF,ITF6,18,Calabria,Calabria,1947131,156423,8.03,0.08
3631,2021-06-26,CAL,15562,7185,8377,7554,7941,67,ITF,ITF6,18,Calabria,Calabria,1947131,171985,8.83,0.8
3632,2021-06-07,CAL,17998,8419,9579,14710,3209,79,ITF,ITF6,18,Calabria,Calabria,1947131,189983,9.76,0.92
3633,2021-07-01,CAL,12300,5797,6503,5399,6818,83,ITF,ITF6,18,Calabria,Calabria,1947131,202283,10.39,0.63
3634,2021-02-01,CAL,2529,1203,1326,241,2285,3,ITF,ITF6,18,Calabria,Calabria,1947131,204812,10.52,0.13
3635,2021-07-08,CAL,12044,5617,6427,2696,9306,42,ITF,ITF6,18,Calabria,Calabria,1947131,216856,11.14,0.62
3636,2021-05-12,CAL,16423,8014,8409,10835,5496,92,ITF,ITF6,18,Calabria,Calabria,1947131,233279,11.98,0.84
3637,2021-05-26,CAL,18710,9318,9392,10311,8307,92,ITF,ITF6,18,Calabria,Calabria,1947131,251989,12.94,0.96
3638,2021-02-25,CAL,2892,1557,1335,2256,596,40,ITF,ITF6,18,Calabria,Calabria,1947131,254881,13.09,0.15
3639,2021-03-06,CAL,8460,4357,4103,7644,797,19,ITF,ITF6,18,Calabria,Calabria,1947131,263341,13.52,0.43
3640,2021-07-03,CAL,15137,7128,8009,5258,9804,75,ITF,ITF6,18,Calabria,Calabria,1947131,278478,14.3,0.78
3641,2021-04-11,CAL,4192,1905,2287,2232,1944,16,ITF,ITF6,18,Calabria,Calabria,1947131,282670,14.52,0.22
3642,2021-04-13,CAL,6905,3386,3519,5572,1312,21,ITF,ITF6,18,Calabria,Calabria,1947131,289575,14.87,0.35
3643,2021-01-20,CAL,1405,628,777,1401,1,3,ITF,ITF6,18,Calabria,Calabria,1947131,290980,14.94,0.07
3644,2021-01-03,CAL,6,3,3,6,0,0,ITF,ITF6,18,Calabria,Calabria,1947131,290986,14.94,0.0
3645,2021-04-23,CAL,13122,6443,6679,9430,3596,96,ITF,ITF6,18,Calabria,Calabria,1947131,304108,15.62,0.67
3646,2021-01-13,CAL,2058,1039,1019,2046,0,12,ITF,ITF6,18,Calabria,Calabria,1947131,306166,15.72,0.11
3647,2021-06-23,CAL,17151,7841,9310,8090,8980,81,ITF,ITF6,18,Calabria,Calabria,1947131,323317,16.6,0.88
3648,2021-03-11,CAL,7263,3453,3810,5949,1269,45,ITF,ITF6,18,Calabria,Calabria,1947131,330580,16.98,0.37
3649,2021-06-19,CAL,15836,7411,8425,8494,7277,65,ITF,ITF6,18,Calabria,Calabria,1947131,346416,17.79,0.81
3650,2021-05-14,CAL,19916,9568,10348,12941,6865,110,ITF,ITF6,18,Calabria,Calabria,1947131,366332,18.81,1.02
3651,2021-04-27,CAL,9956,4895,5061,7962,1948,46,ITF,ITF6,18,Calabria,Calabria,1947131,376288,19.33,0.51
3652,2021-02-11,CAL,2341,1045,1296,1062,1257,22,ITF,ITF6,18,Calabria,Calabria,1947131,378629,19.45,0.12
3653,2021-05-23,CAL,11388,5553,5835,6995,4350,43,ITF,ITF6,18,Calabria,Calabria,1947131,390017,20.03,0.58
3654,2021-05-24,CAL,17762,8895,8867,9931,7748,83,ITF,ITF6,18,Calabria,Calabria,1947131,407779,20.94,0.91
3655,2021-05-07,CAL,16123,7596,8527,9659,6390,74,ITF,ITF6,18,Calabria,Calabria,1947131,423902,21.77,0.83
3656,2021-02-13,CAL,1399,604,795,1030,366,3,ITF,ITF6,18,Calabria,Calabria,1947131,425301,21.84,0.07
3657,2021-06-11,CAL,17827,8763,9064,15129,2581,117,ITF,ITF6,18,Calabria,Calabria,1947131,443128,22.76,0.92
3658,2021-01-08,CAL,2181,1039,1142,2174,0,7,ITF,ITF6,18,Calabria,Calabria,1947131,445309,22.87,0.11
3659,2021-01-30,CAL,2189,1154,1035,340,1846,3,ITF,ITF6,18,Calabria,Calabria,1947131,447498,22.98,0.11
3660,2021-02-17,CAL,1869,826,1043,1645,211,13,ITF,ITF6,18,Calabria,Calabria,1947131,449367,23.08,0.1
3661,2021-05-28,CAL,20982,10196,10786,11415,9456,111,ITF,ITF6,18,Calabria,Calabria,1947131,470349,24.16,1.08
3662,2021-04-15,CAL,7743,3797,3946,5974,1731,38,ITF,ITF6,18,Calabria,Calabria,1947131,478092,24.55,0.4
3663,2021-04-01,CAL,8673,3947,4726,4162,4479,32,ITF,ITF6,18,Calabria,Calabria,1947131,486765,25.0,0.45
3664,2021-03-30,CAL,6420,2786,3634,3645,2758,17,ITF,ITF6,18,Calabria,Calabria,1947131,493185,25.33,0.33
3665,2021-05-19,CAL,18297,9063,9234,11248,6976,73,ITF,ITF6,18,Calabria,Calabria,1947131,511482,26.27,0.94
3666,2021-03-23,CAL,5269,2475,2794,3436,1812,21,ITF,ITF6,18,Calabria,Calabria,1947131,516751,26.54,0.27
3667,2021-07-15,CAL,18247,8776,9471,2535,15669,43,ITF,ITF6,18,Calabria,Calabria,1947131,534998,27.48,0.94
3668,2021-05-09,CAL,9634,4498,5136,6055,3538,41,ITF,ITF6,18,Calabria,Calabria,1947131,544632,27.97,0.49
3669,2021-01-29,CAL,2064,994,1070,227,1836,1,ITF,ITF6,18,Calabria,Calabria,1947131,546696,28.08,0.11
3670,2021-05-04,CAL,16437,7577,8860,11649,4703,85,ITF,ITF6,18,Calabria,Calabria,1947131,563133,28.92,0.84
3671,2021-03-27,CAL,8771,3989,4782,4652,4076,43,ITF,ITF6,18,Calabria,Calabria,1947131,571904,29.37,0.45
3672,2021-07-05,CAL,13383,6256,7127,4289,9038,56,ITF,ITF6,18,Calabria,Calabria,1947131,585287,30.06,0.69
3673,2021-03-08,CAL,5492,2973,2519,4397,1068,27,ITF,ITF6,18,Calabria,Calabria,1947131,590779,30.34,0.28
3674,2021-03-25,CAL,7469,3517,3952,4566,2873,30,ITF,ITF6,18,Calabria,Calabria,1947131,598248,30.72,0.38
3675,2021-06-16,CAL,18316,8465,9851,12115,6116,85,ITF,ITF6,18,Calabria,Calabria,1947131,616564,31.67,0.94
3676,2021-03-13,CAL,6948,3018,3930,5935,985,28,ITF,ITF6,18,Calabria,Calabria,1947131,623512,32.02,0.36
3677,2021-01-15,CAL,2805,1260,1545,2799,0,6,ITF,ITF6,18,Calabria,Calabria,1947131,626317,32.17,0.14
3678,2021-04-25,CAL,15885,8059,7826,14797,1026,62,ITF,ITF6,18,Calabria,Calabria,1947131,642202,32.98,0.82
3679,2021-06-30,CAL,16366,7493,8873,7008,9263,95,ITF,ITF6,18,Calabria,Calabria,1947131,658568,33.82,0.84
3680,2021-06-28,CAL,13279,6118,7161,5367,7848,64,ITF,ITF6,18,Calabria,Calabria,1947131,671847,34.5,0.68
3681,2021-02-03,CAL,2828,1454,1374,559,2264,5,ITF,ITF6,18,Calabria,Calabria,1947131,674675,34.65,0.15
3682,2021-02-22,CAL,2056,1044,1012,1489,558,9,ITF,ITF6,18,Calabria,Calabria,1947131,676731,34.76,0.11
3683,2021-06-02,CAL,12097,5801,6296,8785,3265,47,ITF,ITF6,18,Calabria,Calabria,1947131,688828,35.38,0.62
3684,2021-03-01,CAL,2730,1550,1180,2270,456,4,ITF,ITF6,18,Calabria,Calabria,1947131,691558,35.52,0.14
3685,2021-06-09,CAL,18218,8597,9621,15900,2235,83,ITF,ITF6,18,Calabria,Calabria,1947131,709776,36.45,0.94
3686,2021-07-12,CAL,17961,8529,9432,2677,15235,49,ITF,ITF6,18,Calabria,Calabria,1947131,727737,37.37,0.92
3687,2021-01-10,CAL,937,530,407,937,0,0,ITF,ITF6,18,Calabria,Calabria,1947131,728674,37.42,0.05
3688,2021-04-20,CAL,7858,3965,3893,6058,1728,72,ITF,ITF6,18,Calabria,Calabria,1947131,736532,37.83,0.4
3689,2021-04-08,CAL,9306,4399,4907,5794,3467,45,ITF,ITF6,18,Calabria,Calabria,1947131,745838,38.3,0.48
3690,2021-02-10,CAL,2514,1081,1433,868,1631,15,ITF,ITF6,18,Calabria,Calabria,1947131,748352,38.43,0.13
3691,2021-07-17,CAL,18322,9035,9287,2719,15540,63,ITF,ITF6,18,Calabria,Calabria,1947131,766674,39.37,0.94
3692,2021-06-04,CAL,17521,8151,9370,12950,4501,70,ITF,ITF6,18,Calabria,Calabria,1947131,784195,40.27,0.9
3693,2021-05-21,CAL,21331,10864,10467,13864,7359,108,ITF,ITF6,18,Calabria,Calabria,1947131,805526,41.37,1.1
3694,2021-01-22,CAL,659,275,384,657,2,0,ITF,ITF6,18,Calabria,Calabria,1947131,806185,41.4,0.03
3695,2021-05-02,CAL,12519,5844,6675,10612,1850,57,ITF,ITF6,18,Calabria,Calabria,1947131,818704,42.05,0.64
3696,2021-03-29,CAL,5763,2491,3272,3979,1760,24,ITF,ITF6,18,Calabria,Calabria,1947131,824467,42.34,0.3
3697,2021-01-31,CAL,1117,557,560,153,964,0,ITF,ITF6,18,Calabria,Calabria,1947131,825584,42.4,0.06
3698,2021-07-07,CAL,13959,6580,7379,3910,9978,71,ITF,ITF6,18,Calabria,Calabria,1947131,839543,43.12,0.72
3699,2021-05-11,CAL,15081,7305,7776,10237,4778,66,ITF,ITF6,18,Calabria,Calabria,1947131,854624,43.89,0.77
3700,2021-07-16,CAL,20983,9998,10985,3390,17525,68,ITF,ITF6,18,Calabria,Calabria,1947131,875607,44.97,1.08
3701,2021-02-15,CAL,1152,547,605,996,151,5,ITF,ITF6,18,Calabria,Calabria,1947131,876759,45.03,0.06
3702,2020-12-27,CAL,312,170,142,312,0,0,ITF,ITF6,18,Calabria,Calabria,1947131,877071,45.04,0.02
3703,2021-03-20,CAL,6717,3076,3641,4183,2518,16,ITF,ITF6,18,Calabria,Calabria,1947131,883788,45.39,0.34
3704,2021-03-15,CAL,3619,1744,1875,2160,1450,9,ITF,ITF6,18,Calabria,Calabria,1947131,887407,45.58,0.19
3705,2021-07-02,CAL,16249,7527,8722,6237,9931,81,ITF,ITF6,18,Calabria,Calabria,1947131,903656,46.41,0.83
3706,2021-05-20,CAL,16966,8488,8478,11259,5640,67,ITF,ITF6,18,Calabria,Calabria,1947131,920622,47.28,0.87
3707,2021-02-07,CAL,861,430,431,146,713,2,ITF,ITF6,18,Calabria,Calabria,1947131,921483,47.33,0.04
3708,2021-06-18,CAL,18848,8781,10067,11252,7489,107,ITF,ITF6,18,Calabria,Calabria,1947131,940331,48.29,0.97
3709,2021-03-10,CAL,6774,3456,3318,5406,1339,29,ITF,ITF6,18,Calabria,Calabria,1947131,947105,48.64,0.35
3710,2021-06-01,CAL,12862,5964,6898,7886,4918,58,ITF,ITF6,18,Calabria,Calabria,1947131,959967,49.3,0.66
3711,2021-05-16,CAL,13779,6722,7057,9916,3811,52,ITF,ITF6,18,Calabria,Calabria,1947131,973746,50.01,0.71
3712,2021-01-17,CAL,897,431,466,797,95,5,ITF,ITF6,18,Calabria,Calabria,1947131,974643,50.06,0.05
3713,2021-03-24,CAL,7822,3578,4244,4514,3286,22,ITF,ITF6,18,Calabria,Calabria,1947131,982465,50.46,0.4
3714,2021-04-10,CAL,11646,5269,6377,6748,4855,43,ITF,ITF6,18,Calabria,Calabria,1947131,994111,51.06,0.6
3715,2021-02-12,CAL,1710,668,1042,941,763,6,ITF,ITF6,18,Calabria,Calabria,1947131,995821,51.14,0.09
3716,2021-06-27,CAL,8412,3937,4475,4980,3396,36,ITF,ITF6,18,Calabria,Calabria,1947131,1004233,51.58,0.43
3717,2021-01-05,CAL,1523,713,810,1521,0,2,ITF,ITF6,18,Calabria,Calabria,1947131,1005756,51.65,0.08
3718,2021-01-12,CAL,2077,1028,1049,2068,0,9,ITF,ITF6,18,Calabria,Calabria,1947131,1007833,51.76,0.11
3719,2021-02-24,CAL,1914,975,939,1430,478,6,ITF,ITF6,18,Calabria,Calabria,1947131,1009747,51.86,0.1
3720,2021-04-06,CAL,8121,3698,4423,4454,3643,24,ITF,ITF6,18,Calabria,Calabria,1947131,1017868,52.28,0.42
3721,2021-02-08,CAL,1858,739,1119,659,1196,3,ITF,ITF6,18,Calabria,Calabria,1947131,1019726,52.37,0.1
3722,2021-04-24,CAL,19253,9580,9673,15735,3435,83,ITF,ITF6,18,Calabria,Calabria,1947131,1038979,53.36,0.99
3723,2021-02-26,CAL,3085,1646,1439,2617,453,15,ITF,ITF6,18,Calabria,Calabria,1947131,1042064,53.52,0.16
3724,2021-06-20,CAL,6649,3149,3500,3809,2812,28,ITF,ITF6,18,Calabria,Calabria,1947131,1048713,53.86,0.34
3725,2021-06-06,CAL,13738,6599,7139,11977,1694,67,ITF,ITF6,18,Calabria,Calabria,1947131,1062451,54.56,0.71
3726,2021-01-24,CAL,46,19,27,40,6,0,ITF,ITF6,18,Calabria,Calabria,1947131,1062497,54.57,0.0
3727,2021-07-09,CAL,15645,7297,8348,3627,11949,69,ITF,ITF6,18,Calabria,Calabria,1947131,1078142,55.37,0.8
3728,2020-12-28,CAL,6,2,4,6,0,0,ITF,ITF6,18,Calabria,Calabria,1947131,1078148,55.37,0.0
3729,2021-06-03,CAL,14225,6649,7576,9584,4586,55,ITF,ITF6,18,Calabria,Calabria,1947131,1092373,56.1,0.73
3730,2021-05-18,CAL,15334,7670,7664,11849,3417,68,ITF,ITF6,18,Calabria,Calabria,1947131,1107707,56.89,0.79
3731,2021-03-22,CAL,4961,2328,2633,3171,1766,24,ITF,ITF6,18,Calabria,Calabria,1947131,1112668,57.14,0.25
3732,2021-02-05,CAL,3821,1721,2100,473,3333,15,ITF,ITF6,18,Calabria,Calabria,1947131,1116489,57.34,0.2
3733,2021-04-29,CAL,12461,6054,6407,8658,3752,51,ITF,ITF6,18,Calabria,Calabria,1947131,1128950,57.98,0.64
3734,2021-04-12,CAL,6999,3408,3591,5331,1647,21,ITF,ITF6,18,Calabria,Calabria,1947131,1135949,58.34,0.36
3735,2021-01-19,CAL,1119,493,626,1105,12,2,ITF,ITF6,18,Calabria,Calabria,1947131,1137068,58.4,0.06
3736,2021-07-04,CAL,5934,2812,3122,1980,3919,35,ITF,ITF6,18,Calabria,Calabria,1947131,1143002,58.7,0.3
3737,2021-06-17,CAL,15796,7217,8579,9589,6157,50,ITF,ITF6,18,Calabria,Calabria,1947131,1158798,59.51,0.81
3738,2021-03-26,CAL,8091,3840,4251,4940,3123,28,ITF,ITF6,18,Calabria,Calabria,1947131,1166889,59.93,0.42
3739,2021-03-03,CAL,5060,2764,2296,3967,1080,13,ITF,ITF6,18,Calabria,Calabria,1947131,1171949,60.19,0.26
3740,2021-06-29,CAL,13018,6012,7006,5329,7639,50,ITF,ITF6,18,Calabria,Calabria,1947131,1184967,60.86,0.67
3741,2021-05-03,CAL,14774,6771,8003,10462,4226,86,ITF,ITF6,18,Calabria,Calabria,1947131,1199741,61.62,0.76
3742,2021-05-13,CAL,15949,7675,8274,11171,4710,68,ITF,ITF6,18,Calabria,Calabria,1947131,1215690,62.43,0.82
3743,2021-02-19,CAL,1509,682,827,1239,261,9,ITF,ITF6,18,Calabria,Calabria,1947131,1217199,62.51,0.08
3744,2021-05-30,CAL,10956,5268,5688,6769,4151,36,ITF,ITF6,18,Calabria,Calabria,1947131,1228155,63.08,0.56
3745,2021-04-07,CAL,7138,3249,3889,4076,3017,45,ITF,ITF6,18,Calabria,Calabria,1947131,1235293,63.44,0.37
3746,2021-02-23,CAL,1595,754,841,1475,115,5,ITF,ITF6,18,Calabria,Calabria,1947131,1236888,63.52,0.08
3747,2021-01-07,CAL,2204,1077,1127,2200,0,4,ITF,ITF6,18,Calabria,Calabria,1947131,1239092,63.64,0.11
3748,2021-06-13,CAL,6820,3349,3471,5721,1047,52,ITF,ITF6,18,Calabria,Calabria,1947131,1245912,63.99,0.35
3749,2021-04-17,CAL,10852,5086,5766,9009,1798,45,ITF,ITF6,18,Calabria,Calabria,1947131,1256764,64.54,0.56
3750,2021-05-01,CAL,16697,7954,8743,12375,4236,86,ITF,ITF6,18,Calabria,Calabria,1947131,1273461,65.4,0.86
3751,2021-03-05,CAL,6237,3620,2617,5646,575,16,ITF,ITF6,18,Calabria,Calabria,1947131,1279698,65.72,0.32
3752,2021-04-03,CAL,9414,4073,5341,4507,4849,58,ITF,ITF6,18,Calabria,Calabria,1947131,1289112,66.21,0.48
3753,2021-01-28,CAL,2269,1126,1143,82,2187,0,ITF,ITF6,18,Calabria,Calabria,1947131,1291381,66.32,0.12
3754,2021-05-08,CAL,18463,8391,10072,10542,7857,64,ITF,ITF6,18,Calabria,Calabria,1947131,1309844,67.27,0.95
3755,2021-05-22,CAL,22180,10552,11628,14234,7856,90,ITF,ITF6,18,Calabria,Calabria,1947131,1332024,68.41,1.14
3756,2021-04-21,CAL,11556,5804,5752,8605,2898,53,ITF,ITF6,18,Calabria,Calabria,1947131,1343580,69.0,0.59
3757,2021-02-09,CAL,2158,912,1246,946,1203,9,ITF,ITF6,18,Calabria,Calabria,1947131,1345738,69.11,0.11
3758,2021-05-29,CAL,19272,8951,10321,9343,9853,76,ITF,ITF6,18,Calabria,Calabria,1947131,1365010,70.1,0.99
3759,2021-04-14,CAL,8074,3897,4177,6585,1444,45,ITF,ITF6,18,Calabria,Calabria,1947131,1373084,70.52,0.41
3760,2021-02-16,CAL,1743,739,1004,1459,279,5,ITF,ITF6,18,Calabria,Calabria,1947131,1374827,70.61,0.09
3761,2021-05-27,CAL,17652,8727,8925,9768,7802,82,ITF,ITF6,18,Calabria,Calabria,1947131,1392479,71.51,0.91
3762,2021-03-21,CAL,4453,1923,2530,2727,1716,10,ITF,ITF6,18,Calabria,Calabria,1947131,1396932,71.74,0.23
3763,2021-03-07,CAL,3396,1732,1664,3291,92,13,ITF,ITF6,18,Calabria,Calabria,1947131,1400328,71.92,0.17
3764,2021-06-15,CAL,9833,4554,5279,6436,3343,54,ITF,ITF6,18,Calabria,Calabria,1947131,1410161,72.42,0.5
3765,2021-03-14,CAL,2717,1056,1661,2281,430,6,ITF,ITF6,18,Calabria,Calabria,1947131,1412878,72.56,0.14
3766,2021-06-22,CAL,14579,6896,7683,7354,7133,92,ITF,ITF6,18,Calabria,Calabria,1947131,1427457,73.31,0.75
3767,2021-05-17,CAL,14915,7466,7449,10152,4713,50,ITF,ITF6,18,Calabria,Calabria,1947131,1442372,74.08,0.77
3768,2021-02-21,CAL,626,296,330,548,77,1,ITF,ITF6,18,Calabria,Calabria,1947131,1442998,74.11,0.03
3769,2021-04-28,CAL,12558,6088,6470,9623,2864,71,ITF,ITF6,18,Calabria,Calabria,1947131,1455556,74.75,0.64
3770,2021-02-04,CAL,3614,1717,1897,646,2962,6,ITF,ITF6,18,Calabria,Calabria,1947131,1459170,74.94,0.19
3771,2021-05-15,CAL,27243,13033,14210,20260,6852,131,ITF,ITF6,18,Calabria,Calabria,1947131,1486413,76.34,1.4
3772,2021-02-02,CAL,2355,1154,1201,177,2178,0,ITF,ITF6,18,Calabria,Calabria,1947131,1488768,76.46,0.12
3773,2021-01-16,CAL,2403,1127,1276,2400,0,3,ITF,ITF6,18,Calabria,Calabria,1947131,1491171,76.58,0.12
3774,2021-07-06,CAL,11817,5452,6365,3615,8144,58,ITF,ITF6,18,Calabria,Calabria,1947131,1502988,77.19,0.61
3775,2021-03-31,CAL,9103,4150,4953,5028,4041,34,ITF,ITF6,18,Calabria,Calabria,1947131,1512091,77.66,0.47
3776,2021-04-09,CAL,7951,3729,4222,4983,2888,80,ITF,ITF6,18,Calabria,Calabria,1947131,1520042,78.07,0.41
3777,2021-07-18,CAL,5789,2769,3020,735,5040,14,ITF,ITF6,18,Calabria,Calabria,1947131,1525831,78.36,0.3
3778,2021-06-05,CAL,20680,9685,10995,17614,2987,79,ITF,ITF6,18,Calabria,Calabria,1947131,1546511,79.43,1.06
3779,2021-03-12,CAL,5151,2467,2684,4078,1055,18,ITF,ITF6,18,Calabria,Calabria,1947131,1551662,79.69,0.26
3780,2021-01-14,CAL,2650,1257,1393,2644,0,6,ITF,ITF6,18,Calabria,Calabria,1947131,1554312,79.83,0.14
3781,2021-01-21,CAL,968,452,516,934,31,3,ITF,ITF6,18,Calabria,Calabria,1947131,1555280,79.88,0.05
3782,2021-04-02,CAL,8528,3905,4623,4579,3917,32,ITF,ITF6,18,Calabria,Calabria,1947131,1563808,80.31,0.44
3783,2021-06-24,CAL,15282,6964,8318,6883,8325,74,ITF,ITF6,18,Calabria,Calabria,1947131,1579090,81.1,0.78
3784,2021-03-19,CAL,4189,1956,2233,1887,2295,7,ITF,ITF6,18,Calabria,Calabria,1947131,1583279,81.31,0.22
3785,2021-07-11,CAL,6425,2980,3445,843,5572,10,ITF,ITF6,18,Calabria,Calabria,1947131,1589704,81.64,0.33
3786,2021-06-10,CAL,15891,7327,8564,12982,2812,97,ITF,ITF6,18,Calabria,Calabria,1947131,1605595,82.46,0.82
3787,2021-05-10,CAL,13160,6123,7037,7707,5399,54,ITF,ITF6,18,Calabria,Calabria,1947131,1618755,83.14,0.68
3788,2021-04-26,CAL,10183,5059,5124,7721,2418,44,ITF,ITF6,18,Calabria,Calabria,1947131,1628938,83.66,0.52
3789,2021-01-02,CAL,166,94,72,166,0,0,ITF,ITF6,18,Calabria,Calabria,1947131,1629104,83.67,0.01
3790,2021-03-18,CAL,4428,2071,2357,2332,2073,23,ITF,ITF6,18,Calabria,Calabria,1947131,1633532,83.89,0.23
3791,2021-02-27,CAL,4008,2063,1945,3619,382,7,ITF,ITF6,18,Calabria,Calabria,1947131,1637540,84.1,0.21
3792,2021-01-27,CAL,1475,745,730,394,1080,1,ITF,ITF6,18,Calabria,Calabria,1947131,1639015,84.18,0.08
3793,2021-02-14,CAL,473,217,256,442,30,1,ITF,ITF6,18,Calabria,Calabria,1947131,1639488,84.2,0.02
3794,2021-05-25,CAL,16402,8031,8371,10207,6111,84,ITF,ITF6,18,Calabria,Calabria,1947131,1655890,85.04,0.84
3795,2021-01-26,CAL,1855,885,970,276,1578,1,ITF,ITF6,18,Calabria,Calabria,1947131,1657745,85.14,0.1
3796,2021-04-22,CAL,9777,4883,4894,6843,2889,45,ITF,ITF6,18,Calabria,Calabria,1947131,1667522,85.64,0.5
3797,2021-05-06,CAL,13267,6278,6989,8924,4276,67,ITF,ITF6,18,Calabria,Calabria,1947131,1680789,86.32,0.68
3798,2021-07-14,CAL,22593,10656,11937,4154,18365,74,ITF,ITF6,18,Calabria,Calabria,1947131,1703382,87.48,1.16
3799,2021-04-05,CAL,3643,1727,1916,2671,960,12,ITF,ITF6,18,Calabria,Calabria,1947131,1707025,87.67,0.19
3800,2021-06-08,CAL,16669,7897,8772,14518,2031,120,ITF,ITF6,18,Calabria,Calabria,1947131,1723694,88.52,0.86
3801,2021-03-17,CAL,4118,1832,2286,2183,1927,8,ITF,ITF6,18,Calabria,Calabria,1947131,1727812,88.74,0.21
3802,2021-06-25,CAL,18793,8727,10066,8068,10648,77,ITF,ITF6,18,Calabria,Calabria,1947131,1746605,89.7,0.97
3803,2021-07-13,CAL,17398,8145,9253,2316,15016,66,ITF,ITF6,18,Calabria,Calabria,1947131,1764003,90.59,0.89
3804,2021-04-19,CAL,7874,3799,4075,6154,1675,45,ITF,ITF6,18,Calabria,Calabria,1947131,1771877,91.0,0.4
3805,2021-01-09,CAL,1979,1066,913,1971,0,8,ITF,ITF6,18,Calabria,Calabria,1947131,1773856,91.1,0.1
3806,2021-02-28,CAL,2339,1062,1277,2182,154,3,ITF,ITF6,18,Calabria,Calabria,1947131,1776195,91.22,0.12
3807,2021-07-13,TOS,29303,14719,14584,7708,21426,169,ITI,ITI1,9,Toscana,Toscana,3729641,29303,0.79,0.79
3808,2021-04-02,TOS,31990,13569,18421,23714,8028,248,ITI,ITI1,9,Toscana,Toscana,3729641,61293,1.64,0.86
3809,2021-07-11,TOS,26116,12685,13431,9137,16812,167,ITI,ITI1,9,Toscana,Toscana,3729641,87409,2.34,0.7
3810,2021-06-24,TOS,29424,14604,14820,19299,9737,388,ITI,ITI1,9,Toscana,Toscana,3729641,116833,3.13,0.79
3811,2021-06-05,TOS,28435,13598,14837,20559,7612,264,ITI,ITI1,9,Toscana,Toscana,3729641,145268,3.89,0.76
3812,2021-01-11,TOS,5095,1691,3404,4995,0,100,ITI,ITI1,9,Toscana,Toscana,3729641,150363,4.03,0.14
3813,2021-04-21,TOS,29620,12677,16943,16862,12128,630,ITI,ITI1,9,Toscana,Toscana,3729641,179983,4.83,0.79
3814,2021-02-23,TOS,7723,3325,4398,7219,161,343,ITI,ITI1,9,Toscana,Toscana,3729641,187706,5.03,0.21
3815,2021-06-03,TOS,32051,15453,16598,27147,4582,322,ITI,ITI1,9,Toscana,Toscana,3729641,219757,5.89,0.86
3816,2021-04-07,TOS,35826,15464,20362,28169,7249,408,ITI,ITI1,9,Toscana,Toscana,3729641,255583,6.85,0.96
3817,2021-06-12,TOS,29382,15147,14235,24650,4387,345,ITI,ITI1,9,Toscana,Toscana,3729641,284965,7.64,0.79
3818,2021-04-16,TOS,28948,12880,16068,21428,6898,622,ITI,ITI1,9,Toscana,Toscana,3729641,313913,8.42,0.78
3819,2021-05-22,TOS,26017,12658,13359,21457,4286,274,ITI,ITI1,9,Toscana,Toscana,3729641,339930,9.11,0.7
3820,2021-05-05,TOS,30113,13441,16672,14879,14513,721,ITI,ITI1,9,Toscana,Toscana,3729641,370043,9.92,0.81
3821,2021-02-28,TOS,1649,667,982,851,727,71,ITI,ITI1,9,Toscana,Toscana,3729641,371692,9.97,0.04
3822,2021-02-11,TOS,5384,2022,3362,5064,242,78,ITI,ITI1,9,Toscana,Toscana,3729641,377076,10.11,0.14
3823,2021-02-09,TOS,4488,1468,3020,3763,611,114,ITI,ITI1,9,Toscana,Toscana,3729641,381564,10.23,0.12
3824,2021-01-16,TOS,3271,1046,2225,3213,0,58,ITI,ITI1,9,Toscana,Toscana,3729641,384835,10.32,0.09
3825,2021-04-26,TOS,10144,4933,5211,7459,2553,132,ITI,ITI1,9,Toscana,Toscana,3729641,394979,10.59,0.27
3826,2021-01-02,TOS,3498,1096,2402,3454,0,44,ITI,ITI1,9,Toscana,Toscana,3729641,398477,10.68,0.09
3827,2021-03-07,TOS,5647,2357,3290,1997,3544,106,ITI,ITI1,9,Toscana,Toscana,3729641,404124,10.84,0.15
3828,2021-01-28,TOS,6282,1882,4400,347,5928,7,ITI,ITI1,9,Toscana,Toscana,3729641,410406,11.0,0.17
3829,2021-03-19,TOS,10142,4460,5682,7131,2868,143,ITI,ITI1,9,Toscana,Toscana,3729641,420548,11.28,0.27
3830,2021-07-01,TOS,32038,15503,16535,10720,21051,267,ITI,ITI1,9,Toscana,Toscana,3729641,452586,12.13,0.86
3831,2021-03-26,TOS,20679,9393,11286,14716,5765,198,ITI,ITI1,9,Toscana,Toscana,3729641,473265,12.69,0.55
3832,2021-03-09,TOS,11131,4569,6562,5504,5552,75,ITI,ITI1,9,Toscana,Toscana,3729641,484396,12.99,0.3
3833,2021-04-09,TOS,24601,10582,14019,20747,3410,444,ITI,ITI1,9,Toscana,Toscana,3729641,508997,13.65,0.66
3834,2021-07-18,TOS,21194,10536,10658,6067,14981,146,ITI,ITI1,9,Toscana,Toscana,3729641,530191,14.22,0.57
3835,2021-06-17,TOS,32530,16665,15865,26655,5544,331,ITI,ITI1,9,Toscana,Toscana,3729641,562721,15.09,0.87
3836,2021-02-04,TOS,4253,1594,2659,934,3292,27,ITI,ITI1,9,Toscana,Toscana,3729641,566974,15.2,0.11
3837,2021-06-22,TOS,31016,15604,15412,22439,8203,374,ITI,ITI1,9,Toscana,Toscana,3729641,597990,16.03,0.83
3838,2021-05-17,TOS,29757,14872,14885,20623,8933,201,ITI,ITI1,9,Toscana,Toscana,3729641,627747,16.83,0.8
3839,2021-03-21,TOS,3294,1628,1666,1819,1433,42,ITI,ITI1,9,Toscana,Toscana,3729641,631041,16.92,0.09
3840,2021-01-23,TOS,3966,1360,2606,634,3326,6,ITI,ITI1,9,Toscana,Toscana,3729641,635007,17.03,0.11
3841,2021-06-29,TOS,37000,18016,18984,7977,28880,143,ITI,ITI1,9,Toscana,Toscana,3729641,672007,18.02,0.99
3842,2021-05-03,TOS,11927,5507,6420,10369,1317,241,ITI,ITI1,9,Toscana,Toscana,3729641,683934,18.34,0.32
3843,2021-02-16,TOS,9280,3340,5940,8329,721,230,ITI,ITI1,9,Toscana,Toscana,3729641,693214,18.59,0.25
3844,2021-05-02,TOS,11167,4931,6236,8968,1964,235,ITI,ITI1,9,Toscana,Toscana,3729641,704381,18.89,0.3
3845,2021-02-25,TOS,10633,4306,6327,9471,998,164,ITI,ITI1,9,Toscana,Toscana,3729641,715014,19.17,0.29
3846,2021-06-28,TOS,37662,18120,19542,8440,29057,165,ITI,ITI1,9,Toscana,Toscana,3729641,752676,20.18,1.01
3847,2021-01-09,TOS,4485,1596,2889,4419,0,66,ITI,ITI1,9,Toscana,Toscana,3729641,757161,20.3,0.12
3848,2021-03-18,TOS,9980,3984,5996,5870,3972,138,ITI,ITI1,9,Toscana,Toscana,3729641,767141,20.57,0.27
3849,2021-06-26,TOS,34535,16756,17779,10000,24309,226,ITI,ITI1,9,Toscana,Toscana,3729641,801676,21.49,0.93
3850,2021-06-09,TOS,34791,17553,17238,33914,461,416,ITI,ITI1,9,Toscana,Toscana,3729641,836467,22.43,0.93
3851,2021-03-02,TOS,10599,3799,6800,7046,3444,109,ITI,ITI1,9,Toscana,Toscana,3729641,847066,22.71,0.28
3852,2021-01-04,TOS,5066,1895,3171,5001,0,65,ITI,ITI1,9,Toscana,Toscana,3729641,852132,22.85,0.14
3853,2021-04-14,TOS,20183,8345,11838,14538,5109,536,ITI,ITI1,9,Toscana,Toscana,3729641,872315,23.39,0.54
3854,2021-06-14,TOS,31786,16322,15464,27398,4107,281,ITI,ITI1,9,Toscana,Toscana,3729641,904101,24.24,0.85
3855,2021-03-04,TOS,17847,6950,10897,14616,3082,149,ITI,ITI1,9,Toscana,Toscana,3729641,921948,24.72,0.48
3856,2021-06-10,TOS,26375,13531,12844,25488,546,341,ITI,ITI1,9,Toscana,Toscana,3729641,948323,25.43,0.71
3857,2021-05-24,TOS,33737,16716,17021,23857,9578,302,ITI,ITI1,9,Toscana,Toscana,3729641,982060,26.33,0.9
3858,2021-01-25,TOS,5127,1895,3232,242,4880,5,ITI,ITI1,9,Toscana,Toscana,3729641,987187,26.47,0.14
3859,2021-04-18,TOS,8359,4091,4268,7060,1029,270,ITI,ITI1,9,Toscana,Toscana,3729641,995546,26.69,0.22
3860,2021-05-15,TOS,29345,13853,15492,22865,5892,588,ITI,ITI1,9,Toscana,Toscana,3729641,1024891,27.48,0.79
3861,2021-04-28,TOS,19123,8180,10943,3466,15309,348,ITI,ITI1,9,Toscana,Toscana,3729641,1044014,27.99,0.51
3862,2021-02-18,TOS,8822,3285,5537,7744,896,182,ITI,ITI1,9,Toscana,Toscana,3729641,1052836,28.23,0.24
3863,2021-05-29,TOS,31570,15261,16309,23174,8169,227,ITI,ITI1,9,Toscana,Toscana,3729641,1084406,29.08,0.85
3864,2021-03-23,TOS,9429,4402,5027,6964,2275,190,ITI,ITI1,9,Toscana,Toscana,3729641,1093835,29.33,0.25
3865,2021-01-21,TOS,1589,686,903,858,722,9,ITI,ITI1,9,Toscana,Toscana,3729641,1095424,29.37,0.04
3866,2021-06-02,TOS,27590,13617,13973,21856,5506,228,ITI,ITI1,9,Toscana,Toscana,3729641,1123014,30.11,0.74
3867,2021-04-06,TOS,22225,9823,12402,18095,3717,413,ITI,ITI1,9,Toscana,Toscana,3729641,1145239,30.71,0.6
3868,2021-02-08,TOS,4099,1362,2737,3529,459,111,ITI,ITI1,9,Toscana,Toscana,3729641,1149338,30.82,0.11
3869,2021-07-15,TOS,31118,15227,15891,8087,22793,238,ITI,ITI1,9,Toscana,Toscana,3729641,1180456,31.65,0.83
3870,2021-05-19,TOS,27959,13578,14381,18624,9055,280,ITI,ITI1,9,Toscana,Toscana,3729641,1208415,32.4,0.75
3871,2021-04-13,TOS,8488,3505,4983,5750,2458,280,ITI,ITI1,9,Toscana,Toscana,3729641,1216903,32.63,0.23
3872,2021-03-28,TOS,6212,2808,3404,5880,254,78,ITI,ITI1,9,Toscana,Toscana,3729641,1223115,32.79,0.17
3873,2021-01-30,TOS,4622,1622,3000,179,4425,18,ITI,ITI1,9,Toscana,Toscana,3729641,1227737,32.92,0.12
3874,2021-07-06,TOS,25769,13025,12744,11046,14505,218,ITI,ITI1,9,Toscana,Toscana,3729641,1253506,33.61,0.69
3875,2021-05-10,TOS,26207,12400,13807,15331,10632,244,ITI,ITI1,9,Toscana,Toscana,3729641,1279713,34.31,0.7
3876,2021-03-14,TOS,7174,2569,4605,3150,3935,89,ITI,ITI1,9,Toscana,Toscana,3729641,1286887,34.5,0.19
3877,2021-01-20,TOS,1332,638,694,1021,248,63,ITI,ITI1,9,Toscana,Toscana,3729641,1288219,34.54,0.04
3878,2021-04-30,TOS,40194,17787,22407,19650,19894,650,ITI,ITI1,9,Toscana,Toscana,3729641,1328413,35.62,1.08
3879,2021-04-25,TOS,11058,5248,5810,8759,2139,160,ITI,ITI1,9,Toscana,Toscana,3729641,1339471,35.91,0.3
3880,2021-01-13,TOS,4062,1398,2664,3998,0,64,ITI,ITI1,9,Toscana,Toscana,3729641,1343533,36.02,0.11
3881,2021-04-23,TOS,25648,11415,14233,8837,16309,502,ITI,ITI1,9,Toscana,Toscana,3729641,1369181,36.71,0.69
3882,2021-04-04,TOS,13922,6609,7313,13508,253,161,ITI,ITI1,9,Toscana,Toscana,3729641,1383103,37.08,0.37
3883,2021-03-16,TOS,4899,1882,3017,2565,2251,83,ITI,ITI1,9,Toscana,Toscana,3729641,1388002,37.22,0.13
3884,2021-02-27,TOS,1984,756,1228,1007,902,75,ITI,ITI1,9,Toscana,Toscana,3729641,1389986,37.27,0.05
3885,2021-06-07,TOS,34905,17120,17785,30926,3648,331,ITI,ITI1,9,Toscana,Toscana,3729641,1424891,38.2,0.94
3886,2021-05-21,TOS,28919,13477,15442,17202,11443,274,ITI,ITI1,9,Toscana,Toscana,3729641,1453810,38.98,0.78
3887,2021-06-21,TOS,31176,15476,15700,18137,12785,254,ITI,ITI1,9,Toscana,Toscana,3729641,1484986,39.82,0.84
3888,2021-01-06,TOS,4519,1460,3059,4467,0,52,ITI,ITI1,9,Toscana,Toscana,3729641,1489505,39.94,0.12
3889,2021-03-11,TOS,15897,6348,9549,12394,3329,174,ITI,ITI1,9,Toscana,Toscana,3729641,1505402,40.36,0.43
3890,2021-06-19,TOS,26466,13889,12577,21383,4755,328,ITI,ITI1,9,Toscana,Toscana,3729641,1531868,41.07,0.71
3891,2021-07-10,TOS,29280,14170,15110,7954,21145,181,ITI,ITI1,9,Toscana,Toscana,3729641,1561148,41.86,0.79
3892,2021-05-07,TOS,32141,14706,17435,11569,20164,408,ITI,ITI1,9,Toscana,Toscana,3729641,1593289,42.72,0.86
3893,2021-02-20,TOS,4640,1789,2851,3995,513,132,ITI,ITI1,9,Toscana,Toscana,3729641,1597929,42.84,0.12
3894,2021-05-31,TOS,30326,14636,15690,19259,10826,241,ITI,ITI1,9,Toscana,Toscana,3729641,1628255,43.66,0.81
3895,2021-05-14,TOS,33353,15432,17921,20019,12700,634,ITI,ITI1,9,Toscana,Toscana,3729641,1661608,44.55,0.89
3896,2021-01-01,TOS,2370,788,1582,2325,0,45,ITI,ITI1,9,Toscana,Toscana,3729641,1663978,44.61,0.06
3897,2021-05-26,TOS,35591,17103,18488,20123,15200,268,ITI,ITI1,9,Toscana,Toscana,3729641,1699569,45.57,0.95
3898,2021-03-30,TOS,17019,7643,9376,13267,3564,188,ITI,ITI1,9,Toscana,Toscana,3729641,1716588,46.03,0.46
3899,2021-07-08,TOS,21047,10347,10700,9248,11559,240,ITI,ITI1,9,Toscana,Toscana,3729641,1737635,46.59,0.56
3900,2021-03-20,TOS,6587,2978,3609,5364,1136,87,ITI,ITI1,9,Toscana,Toscana,3729641,1744222,46.77,0.18
3901,2021-01-22,TOS,2866,1064,1802,525,2338,3,ITI,ITI1,9,Toscana,Toscana,3729641,1747088,46.84,0.08
3902,2021-07-07,TOS,25610,12596,13014,9334,16095,181,ITI,ITI1,9,Toscana,Toscana,3729641,1772698,47.53,0.69
3903,2021-02-06,TOS,4527,1550,2977,1262,3233,32,ITI,ITI1,9,Toscana,Toscana,3729641,1777225,47.65,0.12
3904,2021-02-05,TOS,5750,2245,3505,1890,3826,34,ITI,ITI1,9,Toscana,Toscana,3729641,1782975,47.81,0.15
3905,2021-05-16,TOS,26675,12886,13789,23888,2467,320,ITI,ITI1,9,Toscana,Toscana,3729641,1809650,48.52,0.72
3906,2021-05-11,TOS,27949,12983,14966,12114,15467,368,ITI,ITI1,9,Toscana,Toscana,3729641,1837599,49.27,0.75
3907,2021-03-13,TOS,9288,3310,5978,5172,3964,152,ITI,ITI1,9,Toscana,Toscana,3729641,1846887,49.52,0.25
3908,2021-03-01,TOS,4474,1734,2740,767,3641,66,ITI,ITI1,9,Toscana,Toscana,3729641,1851361,49.64,0.12
3909,2021-02-13,TOS,7786,2361,5425,7416,227,143,ITI,ITI1,9,Toscana,Toscana,3729641,1859147,49.85,0.21
3910,2021-01-08,TOS,5947,1643,4304,5854,0,93,ITI,ITI1,9,Toscana,Toscana,3729641,1865094,50.01,0.16
3911,2021-07-12,TOS,28245,13984,14261,9665,18286,294,ITI,ITI1,9,Toscana,Toscana,3729641,1893339,50.76,0.76
3912,2021-04-01,TOS,27057,11231,15826,16163,10662,232,ITI,ITI1,9,Toscana,Toscana,3729641,1920396,51.49,0.73
3913,2021-03-15,TOS,8698,3645,5053,4084,4443,171,ITI,ITI1,9,Toscana,Toscana,3729641,1929094,51.72,0.23
3914,2021-06-23,TOS,31508,15272,16236,19784,11373,351,ITI,ITI1,9,Toscana,Toscana,3729641,1960602,52.57,0.84
3915,2021-04-11,TOS,3645,1680,1965,3337,155,153,ITI,ITI1,9,Toscana,Toscana,3729641,1964247,52.67,0.1
3916,2021-07-03,TOS,29373,14793,14580,11853,17146,374,ITI,ITI1,9,Toscana,Toscana,3729641,1993620,53.45,0.79
3917,2021-03-06,TOS,7110,2852,4258,2832,4196,82,ITI,ITI1,9,Toscana,Toscana,3729641,2000730,53.64,0.19
3918,2021-02-03,TOS,4222,1452,2770,237,3981,4,ITI,ITI1,9,Toscana,Toscana,3729641,2004952,53.76,0.11
3919,2021-01-15,TOS,3879,1348,2531,3819,0,60,ITI,ITI1,9,Toscana,Toscana,3729641,2008831,53.86,0.1
3920,2020-12-27,TOS,620,267,353,615,0,5,ITI,ITI1,9,Toscana,Toscana,3729641,2009451,53.88,0.02
3921,2021-01-03,TOS,3336,1052,2284,3290,0,46,ITI,ITI1,9,Toscana,Toscana,3729641,2012787,53.97,0.09
3922,2021-02-15,TOS,8770,3376,5394,7775,826,169,ITI,ITI1,9,Toscana,Toscana,3729641,2021557,54.2,0.24
3923,2021-07-17,TOS,27685,14304,13381,8962,18487,236,ITI,ITI1,9,Toscana,Toscana,3729641,2049242,54.94,0.74
3924,2021-06-11,TOS,29731,15478,14253,24722,4656,353,ITI,ITI1,9,Toscana,Toscana,3729641,2078973,55.74,0.8
3925,2021-04-15,TOS,24403,10195,14208,15305,8572,526,ITI,ITI1,9,Toscana,Toscana,3729641,2103376,56.4,0.65
3926,2021-02-17,TOS,8176,3170,5006,7305,752,119,ITI,ITI1,9,Toscana,Toscana,3729641,2111552,56.62,0.22
3927,2021-03-27,TOS,8863,4154,4709,8514,215,134,ITI,ITI1,9,Toscana,Toscana,3729641,2120415,56.85,0.24
3928,2021-06-30,TOS,38249,18505,19744,8454,29582,213,ITI,ITI1,9,Toscana,Toscana,3729641,2158664,57.88,1.03
3929,2021-02-14,TOS,9000,2569,6431,8740,110,150,ITI,ITI1,9,Toscana,Toscana,3729641,2167664,58.12,0.24
3930,2021-05-25,TOS,34177,16497,17680,19263,14630,284,ITI,ITI1,9,Toscana,Toscana,3729641,2201841,59.04,0.92
3931,2021-03-29,TOS,9672,4830,4842,9218,324,130,ITI,ITI1,9,Toscana,Toscana,3729641,2211513,59.3,0.26
3932,2021-07-14,TOS,28756,14201,14555,8562,19950,244,ITI,ITI1,9,Toscana,Toscana,3729641,2240269,60.07,0.77
3933,2021-01-29,TOS,6144,1700,4444,292,5840,12,ITI,ITI1,9,Toscana,Toscana,3729641,2246413,60.23,0.16
3934,2021-05-09,TOS,22534,9769,12765,9420,12860,254,ITI,ITI1,9,Toscana,Toscana,3729641,2268947,60.84,0.6
3935,2021-01-10,TOS,3002,1105,1897,2948,0,54,ITI,ITI1,9,Toscana,Toscana,3729641,2271949,60.92,0.08
3936,2021-04-20,TOS,18159,8109,10050,12228,5574,357,ITI,ITI1,9,Toscana,Toscana,3729641,2290108,61.4,0.49
3937,2021-04-03,TOS,15014,6646,8368,13675,1126,213,ITI,ITI1,9,Toscana,Toscana,3729641,2305122,61.81,0.4
3938,2021-01-27,TOS,4835,1573,3262,201,4629,5,ITI,ITI1,9,Toscana,Toscana,3729641,2309957,61.94,0.13
3939,2021-03-17,TOS,11421,4587,6834,6799,4529,93,ITI,ITI1,9,Toscana,Toscana,3729641,2321378,62.24,0.31
3940,2021-02-22,TOS,9818,4254,5564,9169,277,372,ITI,ITI1,9,Toscana,Toscana,3729641,2331196,62.5,0.26
3941,2021-05-23,TOS,28415,13661,14754,25563,2560,292,ITI,ITI1,9,Toscana,Toscana,3729641,2359611,63.27,0.76
3942,2021-02-10,TOS,4263,1281,2982,3584,523,156,ITI,ITI1,9,Toscana,Toscana,3729641,2363874,63.38,0.11
3943,2021-05-04,TOS,18315,8216,10099,12429,5452,434,ITI,ITI1,9,Toscana,Toscana,3729641,2382189,63.87,0.49
3944,2021-05-27,TOS,28345,13192,15153,13269,14854,222,ITI,ITI1,9,Toscana,Toscana,3729641,2410534,64.63,0.76
3945,2021-03-31,TOS,32713,13255,19458,20222,12165,326,ITI,ITI1,9,Toscana,Toscana,3729641,2443247,65.51,0.88
3946,2021-05-28,TOS,30114,13946,16168,17423,12464,227,ITI,ITI1,9,Toscana,Toscana,3729641,2473361,66.32,0.81
3947,2021-04-22,TOS,35696,15293,20403,17386,17487,823,ITI,ITI1,9,Toscana,Toscana,3729641,2509057,67.27,0.96
3948,2021-02-24,TOS,10371,4467,5904,10040,197,134,ITI,ITI1,9,Toscana,Toscana,3729641,2519428,67.55,0.28
3949,2021-06-04,TOS,28305,13426,14879,20251,7792,262,ITI,ITI1,9,Toscana,Toscana,3729641,2547733,68.31,0.76
3950,2021-04-08,TOS,29683,12557,17126,22937,6386,360,ITI,ITI1,9,Toscana,Toscana,3729641,2577416,69.11,0.8
3951,2021-06-18,TOS,30769,16232,14537,24991,5382,396,ITI,ITI1,9,Toscana,Toscana,3729641,2608185,69.93,0.82
3952,2021-03-25,TOS,23897,10377,13520,15297,8352,248,ITI,ITI1,9,Toscana,Toscana,3729641,2632082,70.57,0.64
3953,2021-04-12,TOS,2621,1190,1431,1800,654,167,ITI,ITI1,9,Toscana,Toscana,3729641,2634703,70.64,0.07
3954,2021-05-13,TOS,35106,15513,19593,13201,21265,640,ITI,ITI1,9,Toscana,Toscana,3729641,2669809,71.58,0.94
3955,2021-04-29,TOS,39306,17706,21600,18565,20084,657,ITI,ITI1,9,Toscana,Toscana,3729641,2709115,72.64,1.05
3956,2021-07-16,TOS,27514,13980,13534,7673,19600,241,ITI,ITI1,9,Toscana,Toscana,3729641,2736629,73.38,0.74
3957,2021-05-20,TOS,29759,13910,15849,18608,10839,312,ITI,ITI1,9,Toscana,Toscana,3729641,2766388,74.17,0.8
3958,2021-01-31,TOS,3050,1129,1921,103,2944,3,ITI,ITI1,9,Toscana,Toscana,3729641,2769438,74.25,0.08
3959,2021-04-05,TOS,15285,6826,8459,14376,737,172,ITI,ITI1,9,Toscana,Toscana,3729641,2784723,74.66,0.41
3960,2021-02-07,TOS,2808,954,1854,867,1921,20,ITI,ITI1,9,Toscana,Toscana,3729641,2787531,74.74,0.08
3961,2021-05-08,TOS,29150,13112,16038,13287,15472,391,ITI,ITI1,9,Toscana,Toscana,3729641,2816681,75.52,0.78
3962,2021-03-12,TOS,16979,6616,10363,13269,3528,182,ITI,ITI1,9,Toscana,Toscana,3729641,2833660,75.98,0.46
3963,2021-01-14,TOS,3255,1179,2076,3220,0,35,ITI,ITI1,9,Toscana,Toscana,3729641,2836915,76.06,0.09
3964,2021-06-20,TOS,25176,12486,12690,15421,9517,238,ITI,ITI1,9,Toscana,Toscana,3729641,2862091,76.74,0.68
3965,2021-04-24,TOS,13435,6168,7267,5621,7446,368,ITI,ITI1,9,Toscana,Toscana,3729641,2875526,77.1,0.36
3966,2021-02-12,TOS,7618,2694,4924,7296,213,109,ITI,ITI1,9,Toscana,Toscana,3729641,2883144,77.3,0.2
3967,2021-01-26,TOS,5393,1792,3601,216,5173,4,ITI,ITI1,9,Toscana,Toscana,3729641,2888537,77.45,0.14
3968,2021-05-06,TOS,31342,13633,17709,13481,17181,680,ITI,ITI1,9,Toscana,Toscana,3729641,2919879,78.29,0.84
3969,2021-04-19,TOS,9097,4510,4587,7755,1032,310,ITI,ITI1,9,Toscana,Toscana,3729641,2928976,78.53,0.24
3970,2021-04-17,TOS,20535,9207,11328,17922,2134,479,ITI,ITI1,9,Toscana,Toscana,3729641,2949511,79.08,0.55
3971,2021-06-25,TOS,33604,16793,16811,12112,21217,275,ITI,ITI1,9,Toscana,Toscana,3729641,2983115,79.98,0.9
3972,2021-06-08,TOS,32568,16700,15868,31725,487,356,ITI,ITI1,9,Toscana,Toscana,3729641,3015683,80.86,0.87
3973,2021-02-26,TOS,10080,3834,6246,8659,1206,215,ITI,ITI1,9,Toscana,Toscana,3729641,3025763,81.13,0.27
3974,2021-06-06,TOS,28301,13652,14649,22581,5361,359,ITI,ITI1,9,Toscana,Toscana,3729641,3054064,81.89,0.76
3975,2021-07-09,TOS,29109,14099,15010,7708,21209,192,ITI,ITI1,9,Toscana,Toscana,3729641,3083173,82.67,0.78
3976,2021-03-22,TOS,5253,2765,2488,4678,446,129,ITI,ITI1,9,Toscana,Toscana,3729641,3088426,82.81,0.14
3977,2021-03-03,TOS,18229,6539,11690,14499,3606,124,ITI,ITI1,9,Toscana,Toscana,3729641,3106655,83.3,0.49
3978,2021-01-05,TOS,5249,1755,3494,5193,0,56,ITI,ITI1,9,Toscana,Toscana,3729641,3111904,83.44,0.14
3979,2021-01-19,TOS,1106,533,573,1064,0,42,ITI,ITI1,9,Toscana,Toscana,3729641,3113010,83.47,0.03
3980,2021-01-12,TOS,3581,1398,2183,3508,0,73,ITI,ITI1,9,Toscana,Toscana,3729641,3116591,83.56,0.1
3981,2021-03-24,TOS,20016,8303,11713,10418,9457,141,ITI,ITI1,9,Toscana,Toscana,3729641,3136607,84.1,0.54
3982,2021-02-21,TOS,5105,2089,3016,4730,170,205,ITI,ITI1,9,Toscana,Toscana,3729641,3141712,84.24,0.14
3983,2021-06-01,TOS,26948,13393,13555,22869,3834,245,ITI,ITI1,9,Toscana,Toscana,3729641,3168660,84.96,0.72
3984,2021-07-02,TOS,28187,14134,14053,10802,17106,279,ITI,ITI1,9,Toscana,Toscana,3729641,3196847,85.71,0.76
3985,2021-06-15,TOS,31187,16055,15132,26290,4564,333,ITI,ITI1,9,Toscana,Toscana,3729641,3228034,86.55,0.84
3986,2021-03-10,TOS,18374,7409,10965,14252,4018,104,ITI,ITI1,9,Toscana,Toscana,3729641,3246408,87.04,0.49
3987,2021-05-18,TOS,28835,14269,14566,19742,8821,272,ITI,ITI1,9,Toscana,Toscana,3729641,3275243,87.82,0.77
3988,2021-06-27,TOS,33295,16072,17223,5923,27244,128,ITI,ITI1,9,Toscana,Toscana,3729641,3308538,88.71,0.89
3989,2021-05-01,TOS,23317,10064,13253,13723,9184,410,ITI,ITI1,9,Toscana,Toscana,3729641,3331855,89.33,0.63
3990,2021-03-05,TOS,16878,6689,10189,11948,4755,175,ITI,ITI1,9,Toscana,Toscana,3729641,3348733,89.79,0.45
3991,2021-06-13,TOS,24608,12347,12261,22599,1661,348,ITI,ITI1,9,Toscana,Toscana,3729641,3373341,90.45,0.66
3992,2021-01-24,TOS,3349,1073,2276,198,3148,3,ITI,ITI1,9,Toscana,Toscana,3729641,3376690,90.54,0.09
3993,2021-01-07,TOS,6018,1751,4267,5932,0,86,ITI,ITI1,9,Toscana,Toscana,3729641,3382708,90.7,0.16
3994,2021-02-02,TOS,3742,1475,2267,189,3546,7,ITI,ITI1,9,Toscana,Toscana,3729641,3386450,90.8,0.1
3995,2020-12-30,TOS,327,104,223,326,0,1,ITI,ITI1,9,Toscana,Toscana,3729641,3386777,90.81,0.01
3996,2021-05-12,TOS,34201,15574,18627,13581,20033,587,ITI,ITI1,9,Toscana,Toscana,3729641,3420978,91.72,0.92
3997,2021-01-18,TOS,1120,637,483,972,98,50,ITI,ITI1,9,Toscana,Toscana,3729641,3422098,91.75,0.03
3998,2021-02-01,TOS,5509,1958,3551,511,4988,10,ITI,ITI1,9,Toscana,Toscana,3729641,3427607,91.9,0.15
3999,2021-04-27,TOS,10354,4916,5438,3666,6488,200,ITI,ITI1,9,Toscana,Toscana,3729641,3437961,92.18,0.28
4000,2021-01-17,TOS,2536,871,1665,1987,514,35,ITI,ITI1,9,Toscana,Toscana,3729641,3440497,92.25,0.07
4001,2021-07-05,TOS,30487,15067,15420,10335,19924,228,ITI,ITI1,9,Toscana,Toscana,3729641,3470984,93.06,0.82
4002,2021-03-08,TOS,6707,2945,3762,1844,4820,43,ITI,ITI1,9,Toscana,Toscana,3729641,3477691,93.24,0.18
4003,2021-06-16,TOS,31746,16254,15492,26256,5174,316,ITI,ITI1,9,Toscana,Toscana,3729641,3509437,94.1,0.85
4004,2021-05-30,TOS,28684,13946,14738,21496,6946,242,ITI,ITI1,9,Toscana,Toscana,3729641,3538121,94.86,0.77
4005,2021-07-04,TOS,31504,15293,16211,9367,21850,287,ITI,ITI1,9,Toscana,Toscana,3729641,3569625,95.71,0.84
4006,2020-12-31,TOS,802,201,601,798,0,4,ITI,ITI1,9,Toscana,Toscana,3729641,3570427,95.73,0.02
4007,2021-04-10,TOS,11723,5349,6374,10747,743,233,ITI,ITI1,9,Toscana,Toscana,3729641,3582150,96.05,0.31
4008,2021-02-19,TOS,8292,2952,5340,7602,513,177,ITI,ITI1,9,Toscana,Toscana,3729641,3590442,96.27,0.22
4009,2021-05-31,SIC,38089,17148,20941,21282,16510,297,ITG,ITG1,19,Sicilia,Sicilia,4999891,38089,0.76,0.76
4010,2021-01-30,SIC,7695,3536,4159,164,7529,2,ITG,ITG1,19,Sicilia,Sicilia,4999891,45784,0.92,0.15
4011,2021-03-28,SIC,10980,5147,5833,6909,4011,60,ITG,ITG1,19,Sicilia,Sicilia,4999891,56764,1.14,0.22
4012,2021-07-15,SIC,48393,22483,25910,8008,40124,261,ITG,ITG1,19,Sicilia,Sicilia,4999891,105157,2.1,0.97
4013,2021-04-04,SIC,6805,3322,3483,5451,1292,62,ITG,ITG1,19,Sicilia,Sicilia,4999891,111962,2.24,0.14
4014,2021-07-13,SIC,46045,21140,24905,6896,38935,214,ITG,ITG1,19,Sicilia,Sicilia,4999891,158007,3.16,0.92
4015,2021-02-13,SIC,2977,1123,1854,2686,255,36,ITG,ITG1,19,Sicilia,Sicilia,4999891,160984,3.22,0.06
4016,2021-05-24,SIC,35867,17434,18433,15591,20044,232,ITG,ITG1,19,Sicilia,Sicilia,4999891,196851,3.94,0.72
4017,2021-05-17,SIC,31905,15395,16510,19004,12616,285,ITG,ITG1,19,Sicilia,Sicilia,4999891,228756,4.58,0.64
4018,2021-03-21,SIC,15217,7340,7877,11181,3969,67,ITG,ITG1,19,Sicilia,Sicilia,4999891,243973,4.88,0.3
4019,2021-02-06,SIC,4700,2099,2601,1445,3234,21,ITG,ITG1,19,Sicilia,Sicilia,4999891,248673,4.97,0.09
4020,2021-04-11,SIC,15370,7593,7777,8235,7032,103,ITG,ITG1,19,Sicilia,Sicilia,4999891,264043,5.28,0.31
4021,2020-12-30,SIC,184,109,75,183,0,1,ITG,ITG1,19,Sicilia,Sicilia,4999891,264227,5.28,0.0
4022,2021-01-16,SIC,2716,1211,1505,2695,0,21,ITG,ITG1,19,Sicilia,Sicilia,4999891,266943,5.34,0.05
4023,2021-07-01,SIC,30951,14060,16891,10720,19976,255,ITG,ITG1,19,Sicilia,Sicilia,4999891,297894,5.96,0.62
4024,2021-04-09,SIC,20270,9876,10394,10947,9076,247,ITG,ITG1,19,Sicilia,Sicilia,4999891,318164,6.36,0.41
4025,2021-03-23,SIC,20939,10078,10861,15224,5563,152,ITG,ITG1,19,Sicilia,Sicilia,4999891,339103,6.78,0.42
4026,2021-06-24,SIC,42266,19625,22641,17569,24344,353,ITG,ITG1,19,Sicilia,Sicilia,4999891,381369,7.63,0.85
4027,2021-06-07,SIC,49678,23409,26269,41114,8035,529,ITG,ITG1,19,Sicilia,Sicilia,4999891,431047,8.62,0.99
4028,2021-01-25,SIC,7425,3675,3750,279,7139,7,ITG,ITG1,19,Sicilia,Sicilia,4999891,438472,8.77,0.15
4029,2021-05-05,SIC,26304,12190,14114,16252,9628,424,ITG,ITG1,19,Sicilia,Sicilia,4999891,464776,9.3,0.53
4030,2021-05-19,SIC,42855,20760,22095,28188,14301,366,ITG,ITG1,19,Sicilia,Sicilia,4999891,507631,10.15,0.86
4031,2021-06-19,SIC,44256,21041,23215,18748,25191,317,ITG,ITG1,19,Sicilia,Sicilia,4999891,551887,11.04,0.89
4032,2021-04-23,SIC,28566,13695,14871,22366,5836,364,ITG,ITG1,19,Sicilia,Sicilia,4999891,580453,11.61,0.57
4033,2021-06-26,SIC,37244,17770,19474,16356,20590,298,ITG,ITG1,19,Sicilia,Sicilia,4999891,617697,12.35,0.74
4034,2021-04-30,SIC,35014,16342,18672,23538,11029,447,ITG,ITG1,19,Sicilia,Sicilia,4999891,652711,13.05,0.7
4035,2021-02-25,SIC,9940,5204,4736,8691,1164,85,ITG,ITG1,19,Sicilia,Sicilia,4999891,662651,13.25,0.2
4036,2021-06-05,SIC,59926,28506,31420,48737,10570,619,ITG,ITG1,19,Sicilia,Sicilia,4999891,722577,14.45,1.2
4037,2021-03-14,SIC,8773,3927,4846,4886,3836,51,ITG,ITG1,19,Sicilia,Sicilia,4999891,731350,14.63,0.18
4038,2021-02-11,SIC,5236,2059,3177,4656,463,117,ITG,ITG1,19,Sicilia,Sicilia,4999891,736586,14.73,0.1
4039,2021-03-02,SIC,14749,6368,8381,11861,2775,113,ITG,ITG1,19,Sicilia,Sicilia,4999891,751335,15.03,0.29
4040,2021-01-04,SIC,8427,4210,4217,8382,0,45,ITG,ITG1,19,Sicilia,Sicilia,4999891,759762,15.2,0.17
4041,2021-01-18,SIC,1595,653,942,1430,154,11,ITG,ITG1,19,Sicilia,Sicilia,4999891,761357,15.23,0.03
4042,2021-04-28,SIC,29260,13713,15547,19734,9144,382,ITG,ITG1,19,Sicilia,Sicilia,4999891,790617,15.81,0.59
4043,2021-06-04,SIC,57876,26762,31114,45434,11943,499,ITG,ITG1,19,Sicilia,Sicilia,4999891,848493,16.97,1.16
4044,2021-02-18,SIC,5333,3140,2193,4838,430,65,ITG,ITG1,19,Sicilia,Sicilia,4999891,853826,17.08,0.11
4045,2021-05-12,SIC,36830,17364,19466,21389,14912,529,ITG,ITG1,19,Sicilia,Sicilia,4999891,890656,17.81,0.74
4046,2021-07-17,SIC,49302,24283,25019,9351,39655,296,ITG,ITG1,19,Sicilia,Sicilia,4999891,939958,18.8,0.99
4047,2021-04-08,SIC,17549,8642,8907,8496,8902,151,ITG,ITG1,19,Sicilia,Sicilia,4999891,957507,19.15,0.35
4048,2021-02-04,SIC,6750,3075,3675,1423,5298,29,ITG,ITG1,19,Sicilia,Sicilia,4999891,964257,19.29,0.14
4049,2021-01-01,SIC,819,438,381,815,0,4,ITG,ITG1,19,Sicilia,Sicilia,4999891,965076,19.3,0.02
4050,2021-04-20,SIC,18995,9003,9992,13456,5248,291,ITG,ITG1,19,Sicilia,Sicilia,4999891,984071,19.68,0.38
4051,2020-12-28,SIC,216,130,86,215,0,1,ITG,ITG1,19,Sicilia,Sicilia,4999891,984287,19.69,0.0
4052,2021-06-16,SIC,40386,18782,21604,21234,18800,352,ITG,ITG1,19,Sicilia,Sicilia,4999891,1024673,20.49,0.81
4053,2021-03-25,SIC,20452,9526,10926,14740,5543,169,ITG,ITG1,19,Sicilia,Sicilia,4999891,1045125,20.9,0.41
4054,2021-03-16,SIC,9619,4321,5298,3556,5996,67,ITG,ITG1,19,Sicilia,Sicilia,4999891,1054744,21.1,0.19
4055,2021-07-08,SIC,38317,17460,20857,6510,31590,217,ITG,ITG1,19,Sicilia,Sicilia,4999891,1093061,21.86,0.77
4056,2021-02-27,SIC,12236,5502,6734,10935,1206,95,ITG,ITG1,19,Sicilia,Sicilia,4999891,1105297,22.11,0.24
4057,2021-07-12,SIC,48968,22574,26394,6472,42302,194,ITG,ITG1,19,Sicilia,Sicilia,4999891,1154265,23.09,0.98
4058,2021-02-08,SIC,3884,1680,2204,2080,1755,49,ITG,ITG1,19,Sicilia,Sicilia,4999891,1158149,23.16,0.08
4059,2021-04-16,SIC,28849,14491,14358,20252,8293,304,ITG,ITG1,19,Sicilia,Sicilia,4999891,1186998,23.74,0.58
4060,2021-01-23,SIC,4437,2284,2153,192,4235,10,ITG,ITG1,19,Sicilia,Sicilia,4999891,1191435,23.83,0.09
4061,2021-01-06,SIC,6242,3286,2956,6182,0,60,ITG,ITG1,19,Sicilia,Sicilia,4999891,1197677,23.95,0.12
4062,2021-04-02,SIC,13879,6547,7332,9041,4734,104,ITG,ITG1,19,Sicilia,Sicilia,4999891,1211556,24.23,0.28
4063,2021-02-10,SIC,4353,1775,2578,3888,381,84,ITG,ITG1,19,Sicilia,Sicilia,4999891,1215909,24.32,0.09
4064,2021-05-21,SIC,48664,23055,25609,26651,21591,422,ITG,ITG1,19,Sicilia,Sicilia,4999891,1264573,25.29,0.97
4065,2021-03-04,SIC,15226,6687,8539,10985,4117,124,ITG,ITG1,19,Sicilia,Sicilia,4999891,1279799,25.6,0.3
4066,2021-06-12,SIC,45792,22399,23393,39375,5892,525,ITG,ITG1,19,Sicilia,Sicilia,4999891,1325591,26.51,0.92
4067,2021-05-07,SIC,36559,17260,19299,24625,11614,320,ITG,ITG1,19,Sicilia,Sicilia,4999891,1362150,27.24,0.73
4068,2021-03-11,SIC,15435,6700,8735,12879,2418,138,ITG,ITG1,19,Sicilia,Sicilia,4999891,1377585,27.55,0.31
4069,2021-01-27,SIC,7287,3712,3575,176,7110,1,ITG,ITG1,19,Sicilia,Sicilia,4999891,1384872,27.7,0.15
4070,2021-01-13,SIC,5175,2437,2738,5141,0,34,ITG,ITG1,19,Sicilia,Sicilia,4999891,1390047,27.8,0.1
4071,2021-02-23,SIC,8745,4634,4111,8198,466,81,ITG,ITG1,19,Sicilia,Sicilia,4999891,1398792,27.98,0.17
4072,2021-03-09,SIC,13154,5763,7391,10830,2200,124,ITG,ITG1,19,Sicilia,Sicilia,4999891,1411946,28.24,0.26
4073,2021-01-11,SIC,5829,2573,3256,5771,0,58,ITG,ITG1,19,Sicilia,Sicilia,4999891,1417775,28.36,0.12
4074,2021-04-06,SIC,17745,8478,9267,13264,4283,198,ITG,ITG1,19,Sicilia,Sicilia,4999891,1435520,28.71,0.35
4075,2021-02-22,SIC,7946,4132,3814,7375,493,78,ITG,ITG1,19,Sicilia,Sicilia,4999891,1443466,28.87,0.16
4076,2020-12-27,SIC,92,55,37,91,0,1,ITG,ITG1,19,Sicilia,Sicilia,4999891,1443558,28.87,0.0
4077,2021-06-02,SIC,35276,16297,18979,27105,7777,394,ITG,ITG1,19,Sicilia,Sicilia,4999891,1478834,29.58,0.71
4078,2021-03-01,SIC,12761,6070,6691,10980,1657,124,ITG,ITG1,19,Sicilia,Sicilia,4999891,1491595,29.83,0.26
4079,2021-06-09,SIC,49781,23678,26103,41911,7253,617,ITG,ITG1,19,Sicilia,Sicilia,4999891,1541376,30.83,1.0
4080,2021-02-20,SIC,7139,3692,3447,6801,241,97,ITG,ITG1,19,Sicilia,Sicilia,4999891,1548515,30.97,0.14
4081,2021-02-03,SIC,5923,2779,3144,713,5202,8,ITG,ITG1,19,Sicilia,Sicilia,4999891,1554438,31.09,0.12
4082,2021-04-27,SIC,26418,12670,13748,15173,10925,320,ITG,ITG1,19,Sicilia,Sicilia,4999891,1580856,31.62,0.53
4083,2021-05-14,SIC,52181,24463,27718,35762,15667,752,ITG,ITG1,19,Sicilia,Sicilia,4999891,1633037,32.66,1.04
4084,2021-01-15,SIC,5252,2294,2958,5185,0,67,ITG,ITG1,19,Sicilia,Sicilia,4999891,1638289,32.77,0.11
4085,2021-04-25,SIC,21392,10202,11190,16151,5015,226,ITG,ITG1,19,Sicilia,Sicilia,4999891,1659681,33.19,0.43
4086,2021-02-01,SIC,5905,2625,3280,305,5588,12,ITG,ITG1,19,Sicilia,Sicilia,4999891,1665586,33.31,0.12
4087,2021-02-15,SIC,3730,1733,1997,3092,564,74,ITG,ITG1,19,Sicilia,Sicilia,4999891,1669316,33.39,0.07
4088,2021-05-26,SIC,44656,21004,23652,23864,20449,343,ITG,ITG1,19,Sicilia,Sicilia,4999891,1713972,34.28,0.89
4089,2021-01-03,SIC,4788,2500,2288,4758,0,30,ITG,ITG1,19,Sicilia,Sicilia,4999891,1718760,34.38,0.1
4090,2021-04-13,SIC,20235,9862,10373,11241,8836,158,ITG,ITG1,19,Sicilia,Sicilia,4999891,1738995,34.78,0.4
4091,2021-07-03,SIC,33909,16297,17612,9036,24635,238,ITG,ITG1,19,Sicilia,Sicilia,4999891,1772904,35.46,0.68
4092,2021-03-06,SIC,12639,5058,7581,9761,2782,96,ITG,ITG1,19,Sicilia,Sicilia,4999891,1785543,35.71,0.25
4093,2021-06-14,SIC,43464,20645,22819,28157,14891,416,ITG,ITG1,19,Sicilia,Sicilia,4999891,1829007,36.58,0.87
4094,2021-05-28,SIC,51246,22978,28268,24311,26520,415,ITG,ITG1,19,Sicilia,Sicilia,4999891,1880253,37.61,1.02
4095,2021-01-22,SIC,1282,638,644,261,1019,2,ITG,ITG1,19,Sicilia,Sicilia,4999891,1881535,37.63,0.03
4096,2021-01-08,SIC,8120,3784,4336,8031,0,89,ITG,ITG1,19,Sicilia,Sicilia,4999891,1889655,37.79,0.16
4097,2021-04-18,SIC,19821,9911,9910,15285,4360,176,ITG,ITG1,19,Sicilia,Sicilia,4999891,1909476,38.19,0.4
4098,2021-01-20,SIC,958,509,449,688,267,3,ITG,ITG1,19,Sicilia,Sicilia,4999891,1910434,38.21,0.02
4099,2021-03-18,SIC,15359,7715,7644,9738,5571,50,ITG,ITG1,19,Sicilia,Sicilia,4999891,1925793,38.52,0.31
4100,2021-01-19,SIC,1505,665,840,1262,229,14,ITG,ITG1,19,Sicilia,Sicilia,4999891,1927298,38.55,0.03
4101,2021-06-11,SIC,49926,23819,26107,41565,7704,657,ITG,ITG1,19,Sicilia,Sicilia,4999891,1977224,39.55,1.0
4102,2021-04-29,SIC,31790,14831,16959,21797,9555,438,ITG,ITG1,19,Sicilia,Sicilia,4999891,2009014,40.18,0.64
4103,2021-03-03,SIC,14560,6542,8018,11371,3065,124,ITG,ITG1,19,Sicilia,Sicilia,4999891,2023574,40.47,0.29
4104,2021-05-16,SIC,33699,16436,17263,21894,11512,293,ITG,ITG1,19,Sicilia,Sicilia,4999891,2057273,41.15,0.67
4105,2021-05-02,SIC,24603,11428,13175,17705,6603,295,ITG,ITG1,19,Sicilia,Sicilia,4999891,2081876,41.64,0.49
4106,2021-03-20,SIC,18586,8978,9608,13364,5138,84,ITG,ITG1,19,Sicilia,Sicilia,4999891,2100462,42.01,0.37
4107,2021-06-28,SIC,31901,14854,17047,14885,16725,291,ITG,ITG1,19,Sicilia,Sicilia,4999891,2132363,42.65,0.64
4108,2021-01-10,SIC,3535,1579,1956,3514,0,21,ITG,ITG1,19,Sicilia,Sicilia,4999891,2135898,42.72,0.07
4109,2021-01-05,SIC,10349,5086,5263,10274,0,75,ITG,ITG1,19,Sicilia,Sicilia,4999891,2146247,42.93,0.21
4110,2021-04-15,SIC,21550,10481,11069,12008,9340,202,ITG,ITG1,19,Sicilia,Sicilia,4999891,2167797,43.36,0.43
4111,2021-03-22,SIC,16677,7913,8764,11165,5423,89,ITG,ITG1,19,Sicilia,Sicilia,4999891,2184474,43.69,0.33
4112,2021-06-30,SIC,32513,14992,17521,11393,20803,317,ITG,ITG1,19,Sicilia,Sicilia,4999891,2216987,44.34,0.65
4113,2020-12-29,SIC,243,152,91,243,0,0,ITG,ITG1,19,Sicilia,Sicilia,4999891,2217230,44.35,0.0
4114,2021-06-13,SIC,34548,17164,17384,30608,3505,435,ITG,ITG1,19,Sicilia,Sicilia,4999891,2251778,45.04,0.69
4115,2021-02-19,SIC,4978,2694,2284,4334,563,81,ITG,ITG1,19,Sicilia,Sicilia,4999891,2256756,45.14,0.1
4116,2021-03-08,SIC,13491,5953,7538,10764,2613,114,ITG,ITG1,19,Sicilia,Sicilia,4999891,2270247,45.41,0.27
4117,2021-05-30,SIC,35762,16169,19593,17421,18045,296,ITG,ITG1,19,Sicilia,Sicilia,4999891,2306009,46.12,0.72
4118,2021-05-13,SIC,47465,22252,25213,30308,16538,619,ITG,ITG1,19,Sicilia,Sicilia,4999891,2353474,47.07,0.95
4119,2021-01-31,SIC,4033,1928,2105,110,3921,2,ITG,ITG1,19,Sicilia,Sicilia,4999891,2357507,47.15,0.08
4120,2021-03-30,SIC,14558,6761,7797,9702,4763,93,ITG,ITG1,19,Sicilia,Sicilia,4999891,2372065,47.44,0.29
4121,2021-03-13,SIC,12210,5387,6823,7626,4493,91,ITG,ITG1,19,Sicilia,Sicilia,4999891,2384275,47.69,0.24
4122,2021-04-17,SIC,25998,13150,12848,18671,7064,263,ITG,ITG1,19,Sicilia,Sicilia,4999891,2410273,48.21,0.52
4123,2021-03-17,SIC,15041,7435,7606,9073,5846,122,ITG,ITG1,19,Sicilia,Sicilia,4999891,2425314,48.51,0.3
4124,2021-06-25,SIC,39759,18662,21097,17363,22064,332,ITG,ITG1,19,Sicilia,Sicilia,4999891,2465073,49.3,0.8
4125,2021-07-09,SIC,44650,20549,24101,6386,38094,170,ITG,ITG1,19,Sicilia,Sicilia,4999891,2509723,50.2,0.89
4126,2021-02-07,SIC,2322,982,1340,665,1648,9,ITG,ITG1,19,Sicilia,Sicilia,4999891,2512045,50.24,0.05
4127,2021-07-14,SIC,47506,22018,25488,7944,39308,254,ITG,ITG1,19,Sicilia,Sicilia,4999891,2559551,51.19,0.95
4128,2021-05-18,SIC,36142,17396,18746,23273,12474,395,ITG,ITG1,19,Sicilia,Sicilia,4999891,2595693,51.91,0.72
4129,2021-07-07,SIC,35379,16192,19187,6031,29114,234,ITG,ITG1,19,Sicilia,Sicilia,4999891,2631072,52.62,0.71
4130,2021-05-25,SIC,33539,15423,18116,13936,19346,257,ITG,ITG1,19,Sicilia,Sicilia,4999891,2664611,53.29,0.67
4131,2021-03-29,SIC,15032,7075,7957,10398,4497,137,ITG,ITG1,19,Sicilia,Sicilia,4999891,2679643,53.59,0.3
4132,2021-07-05,SIC,37438,17543,19895,8917,28289,232,ITG,ITG1,19,Sicilia,Sicilia,4999891,2717081,54.34,0.75
4133,2021-06-21,SIC,40240,18631,21609,18426,21492,322,ITG,ITG1,19,Sicilia,Sicilia,4999891,2757321,55.15,0.8
4134,2021-05-09,SIC,28404,13306,15098,19778,8283,343,ITG,ITG1,19,Sicilia,Sicilia,4999891,2785725,55.72,0.57
4135,2021-02-05,SIC,6741,2980,3761,2089,4614,38,ITG,ITG1,19,Sicilia,Sicilia,4999891,2792466,55.85,0.13
4136,2021-04-03,SIC,16412,7816,8596,13424,2834,154,ITG,ITG1,19,Sicilia,Sicilia,4999891,2808878,56.18,0.33
4137,2021-02-24,SIC,9371,4803,4568,8707,560,104,ITG,ITG1,19,Sicilia,Sicilia,4999891,2818249,56.37,0.19
4138,2021-01-21,SIC,1438,706,732,490,937,11,ITG,ITG1,19,Sicilia,Sicilia,4999891,2819687,56.39,0.03
4139,2021-05-01,SIC,24441,11313,13128,19002,5165,274,ITG,ITG1,19,Sicilia,Sicilia,4999891,2844128,56.88,0.49
4140,2021-07-06,SIC,37074,17148,19926,10278,26496,300,ITG,ITG1,19,Sicilia,Sicilia,4999891,2881202,57.63,0.74
4141,2021-06-20,SIC,33389,15801,17588,15114,18016,259,ITG,ITG1,19,Sicilia,Sicilia,4999891,2914591,58.29,0.67
4142,2021-04-22,SIC,26735,12628,14107,19880,6458,397,ITG,ITG1,19,Sicilia,Sicilia,4999891,2941326,58.83,0.53
4143,2021-03-10,SIC,13928,6120,7808,11615,2183,130,ITG,ITG1,19,Sicilia,Sicilia,4999891,2955254,59.11,0.28
4144,2021-01-12,SIC,4328,2122,2206,4284,0,44,ITG,ITG1,19,Sicilia,Sicilia,4999891,2959582,59.19,0.09
4145,2021-06-18,SIC,43540,20127,23413,18842,24332,366,ITG,ITG1,19,Sicilia,Sicilia,4999891,3003122,60.06,0.87
4146,2021-06-27,SIC,25301,12199,13102,12100,12975,226,ITG,ITG1,19,Sicilia,Sicilia,4999891,3028423,60.57,0.51
4147,2021-05-15,SIC,56477,26386,30091,40350,15236,891,ITG,ITG1,19,Sicilia,Sicilia,4999891,3084900,61.7,1.13
4148,2021-03-19,SIC,16310,8053,8257,10651,5571,88,ITG,ITG1,19,Sicilia,Sicilia,4999891,3101210,62.03,0.33
4149,2021-05-11,SIC,32573,15475,17098,19592,12488,493,ITG,ITG1,19,Sicilia,Sicilia,4999891,3133783,62.68,0.65
4150,2021-02-17,SIC,5215,3203,2012,4501,668,46,ITG,ITG1,19,Sicilia,Sicilia,4999891,3138998,62.78,0.1
4151,2021-04-24,SIC,31137,14695,16442,23121,7631,385,ITG,ITG1,19,Sicilia,Sicilia,4999891,3170135,63.4,0.62
4152,2021-06-01,SIC,38933,17710,21223,24619,13964,350,ITG,ITG1,19,Sicilia,Sicilia,4999891,3209068,64.18,0.78
4153,2021-04-05,SIC,8014,3954,4060,6511,1440,63,ITG,ITG1,19,Sicilia,Sicilia,4999891,3217082,64.34,0.16
4154,2021-04-10,SIC,20436,9974,10462,11314,8965,157,ITG,ITG1,19,Sicilia,Sicilia,4999891,3237518,64.75,0.41
4155,2021-01-17,SIC,1306,593,713,1237,60,9,ITG,ITG1,19,Sicilia,Sicilia,4999891,3238824,64.78,0.03
4156,2021-07-02,SIC,30498,14207,16291,9923,20297,278,ITG,ITG1,19,Sicilia,Sicilia,4999891,3269322,65.39,0.61
4157,2021-03-05,SIC,15758,6835,8923,11381,4235,142,ITG,ITG1,19,Sicilia,Sicilia,4999891,3285080,65.7,0.32
4158,2021-02-16,SIC,4200,2207,1993,3664,465,71,ITG,ITG1,19,Sicilia,Sicilia,4999891,3289280,65.79,0.08
4159,2021-05-10,SIC,28729,13792,14937,16244,12212,273,ITG,ITG1,19,Sicilia,Sicilia,4999891,3318009,66.36,0.57
4160,2021-03-26,SIC,17990,8355,9635,12355,5500,135,ITG,ITG1,19,Sicilia,Sicilia,4999891,3335999,66.72,0.36
4161,2021-01-28,SIC,9028,4271,4757,390,8637,1,ITG,ITG1,19,Sicilia,Sicilia,4999891,3345027,66.9,0.18
4162,2021-07-04,SIC,26535,12815,13720,7602,18764,169,ITG,ITG1,19,Sicilia,Sicilia,4999891,3371562,67.43,0.53
4163,2021-05-08,SIC,35628,17026,18602,24981,10297,350,ITG,ITG1,19,Sicilia,Sicilia,4999891,3407190,68.15,0.71
4164,2021-01-26,SIC,9552,4726,4826,244,9307,1,ITG,ITG1,19,Sicilia,Sicilia,4999891,3416742,68.34,0.19
4165,2021-03-27,SIC,15645,7377,8268,10675,4852,118,ITG,ITG1,19,Sicilia,Sicilia,4999891,3432387,68.65,0.31
4166,2021-01-29,SIC,9182,4255,4927,413,8757,12,ITG,ITG1,19,Sicilia,Sicilia,4999891,3441569,68.83,0.18
4167,2021-02-12,SIC,4586,1811,2775,4242,266,78,ITG,ITG1,19,Sicilia,Sicilia,4999891,3446155,68.92,0.09
4168,2021-05-23,SIC,34088,16595,17493,19846,14013,229,ITG,ITG1,19,Sicilia,Sicilia,4999891,3480243,69.61,0.68
4169,2021-06-06,SIC,49522,23918,25604,41147,7821,554,ITG,ITG1,19,Sicilia,Sicilia,4999891,3529765,70.6,0.99
4170,2021-02-26,SIC,11974,5874,6100,10181,1680,113,ITG,ITG1,19,Sicilia,Sicilia,4999891,3541739,70.84,0.24
4171,2021-05-06,SIC,29467,14007,15460,18169,10829,469,ITG,ITG1,19,Sicilia,Sicilia,4999891,3571206,71.43,0.59
4172,2021-03-31,SIC,14519,6706,7813,9447,4932,140,ITG,ITG1,19,Sicilia,Sicilia,4999891,3585725,71.72,0.29
4173,2021-01-07,SIC,8933,4134,4799,8853,0,80,ITG,ITG1,19,Sicilia,Sicilia,4999891,3594658,71.89,0.18
4174,2021-03-12,SIC,12865,5559,7306,10650,2067,148,ITG,ITG1,19,Sicilia,Sicilia,4999891,3607523,72.15,0.26
4175,2021-04-12,SIC,19001,9210,9791,11485,7274,242,ITG,ITG1,19,Sicilia,Sicilia,4999891,3626524,72.53,0.38
4176,2021-02-14,SIC,1055,402,653,907,140,8,ITG,ITG1,19,Sicilia,Sicilia,4999891,3627579,72.55,0.02
4177,2021-01-02,SIC,4852,2527,2325,4822,0,30,ITG,ITG1,19,Sicilia,Sicilia,4999891,3632431,72.65,0.1
4178,2021-06-17,SIC,41818,19473,22345,20309,21143,366,ITG,ITG1,19,Sicilia,Sicilia,4999891,3674249,73.49,0.84
4179,2020-12-31,SIC,888,473,415,880,0,8,ITG,ITG1,19,Sicilia,Sicilia,4999891,3675137,73.5,0.02
4180,2021-03-07,SIC,9260,3454,5806,8117,1083,60,ITG,ITG1,19,Sicilia,Sicilia,4999891,3684397,73.69,0.19
4181,2021-06-15,SIC,46178,21759,24419,28228,17520,430,ITG,ITG1,19,Sicilia,Sicilia,4999891,3730575,74.61,0.92
4182,2021-04-26,SIC,21671,10260,11411,13290,8079,302,ITG,ITG1,19,Sicilia,Sicilia,4999891,3752246,75.05,0.43
4183,2021-02-02,SIC,5271,2472,2799,617,4644,10,ITG,ITG1,19,Sicilia,Sicilia,4999891,3757517,75.15,0.11
4184,2021-07-18,SIC,31075,15688,15387,5830,25096,149,ITG,ITG1,19,Sicilia,Sicilia,4999891,3788592,75.77,0.62
4185,2021-01-14,SIC,5251,2483,2768,5189,0,62,ITG,ITG1,19,Sicilia,Sicilia,4999891,3793843,75.88,0.11
4186,2021-06-10,SIC,53004,24887,28117,45143,7211,650,ITG,ITG1,19,Sicilia,Sicilia,4999891,3846847,76.94,1.06
4187,2021-05-27,SIC,47549,21894,25655,24452,22683,414,ITG,ITG1,19,Sicilia,Sicilia,4999891,3894396,77.89,0.95
4188,2021-04-14,SIC,20573,9936,10637,11629,8759,185,ITG,ITG1,19,Sicilia,Sicilia,4999891,3914969,78.3,0.41
4189,2021-04-21,SIC,22385,10744,11641,16001,6119,265,ITG,ITG1,19,Sicilia,Sicilia,4999891,3937354,78.75,0.45
4190,2021-04-07,SIC,15746,7765,7981,8283,7289,174,ITG,ITG1,19,Sicilia,Sicilia,4999891,3953100,79.06,0.31
4191,2021-07-16,SIC,49314,23306,26008,8713,40322,279,ITG,ITG1,19,Sicilia,Sicilia,4999891,4002414,80.05,0.99
4192,2021-06-03,SIC,45958,21077,24881,33763,11683,512,ITG,ITG1,19,Sicilia,Sicilia,4999891,4048372,80.97,0.92
4193,2021-02-09,SIC,4346,1798,2548,3246,1035,65,ITG,ITG1,19,Sicilia,Sicilia,4999891,4052718,81.06,0.09
4194,2021-06-29,SIC,31305,14670,16635,15652,15256,397,ITG,ITG1,19,Sicilia,Sicilia,4999891,4084023,81.68,0.63
4195,2021-02-21,SIC,5168,2501,2667,5047,106,15,ITG,ITG1,19,Sicilia,Sicilia,4999891,4089191,81.79,0.1
4196,2021-03-24,SIC,20962,9867,11095,15037,5735,190,ITG,ITG1,19,Sicilia,Sicilia,4999891,4110153,82.2,0.42
4197,2021-05-29,SIC,47166,21460,25706,23528,23191,447,ITG,ITG1,19,Sicilia,Sicilia,4999891,4157319,83.15,0.94
4198,2021-05-20,SIC,44057,21112,22945,27734,15910,413,ITG,ITG1,19,Sicilia,Sicilia,4999891,4201376,84.03,0.88
4199,2021-04-01,SIC,14288,6617,7671,9496,4664,128,ITG,ITG1,19,Sicilia,Sicilia,4999891,4215664,84.32,0.29
4200,2021-07-10,SIC,46869,22324,24545,6059,40607,203,ITG,ITG1,19,Sicilia,Sicilia,4999891,4262533,85.25,0.94
4201,2021-06-23,SIC,44452,20681,23771,17889,26233,330,ITG,ITG1,19,Sicilia,Sicilia,4999891,4306985,86.14,0.89
4202,2021-01-24,SIC,4321,2259,2062,131,4188,2,ITG,ITG1,19,Sicilia,Sicilia,4999891,4311306,86.23,0.09
4203,2021-05-04,SIC,26827,12468,14359,17149,9291,387,ITG,ITG1,19,Sicilia,Sicilia,4999891,4338133,86.76,0.54
4204,2021-03-15,SIC,10670,4725,5945,5646,4948,76,ITG,ITG1,19,Sicilia,Sicilia,4999891,4348803,86.98,0.21
4205,2021-06-22,SIC,39959,18365,21594,18290,21298,371,ITG,ITG1,19,Sicilia,Sicilia,4999891,4388762,87.78,0.8
4206,2021-05-22,SIC,48006,22804,25202,28298,19309,399,ITG,ITG1,19,Sicilia,Sicilia,4999891,4436768,88.74,0.96
4207,2021-02-28,SIC,7165,3062,4103,6484,630,51,ITG,ITG1,19,Sicilia,Sicilia,4999891,4443933,88.88,0.14
4208,2021-06-08,SIC,47685,22392,25293,40471,6692,522,ITG,ITG1,19,Sicilia,Sicilia,4999891,4491618,89.83,0.95
4209,2021-01-09,SIC,7190,3390,3800,7130,0,60,ITG,ITG1,19,Sicilia,Sicilia,4999891,4498808,89.98,0.14
4210,2021-05-03,SIC,23296,10788,12508,13262,9788,246,ITG,ITG1,19,Sicilia,Sicilia,4999891,4522104,90.44,0.47
4211,2021-07-11,SIC,36031,16869,19162,3663,32273,95,ITG,ITG1,19,Sicilia,Sicilia,4999891,4558135,91.16,0.72
4212,2021-04-19,SIC,18283,8661,9622,12479,5583,221,ITG,ITG1,19,Sicilia,Sicilia,4999891,4576418,91.53,0.37
