,data,area,Vaccinazioni giornaliere,sesso_maschile,sesso_femminile,prima_dose,seconda_dose,codice_NUTS1,codice_NUTS2,codice_regione_ISTAT,nome_area,Regione,popolazione,Totale vaccinazioni,Totale vaccinazioni ogni cento ab,Vaccinazioni giornaliere ogni cento ab
0,2021-04-16,LAZ,34427,15692,18735,22339,12088,ITI,ITI4,12,Lazio,Lazio,5879082,34427,0.59,0.59
1,2021-01-23,LAZ,7214,2869,4345,585,6629,ITI,ITI4,12,Lazio,Lazio,5879082,41641,0.71,0.12
2,2021-01-06,LAZ,5124,1962,3162,5124,0,ITI,ITI4,12,Lazio,Lazio,5879082,46765,0.8,0.09
3,2021-02-25,LAZ,12681,5537,7144,11603,1078,ITI,ITI4,12,Lazio,Lazio,5879082,59446,1.01,0.22
4,2021-06-05,LAZ,65870,32480,33390,43173,22697,ITI,ITI4,12,Lazio,Lazio,5879082,125316,2.13,1.12
5,2021-04-30,LAZ,41349,18315,23034,27139,14210,ITI,ITI4,12,Lazio,Lazio,5879082,166665,2.83,0.7
6,2021-06-19,LAZ,59949,28021,31928,29703,30246,ITI,ITI4,12,Lazio,Lazio,5879082,226614,3.85,1.02
7,2021-05-07,LAZ,48196,22595,25601,30452,17744,ITI,ITI4,12,Lazio,Lazio,5879082,274810,4.67,0.82
8,2021-03-11,LAZ,25255,11862,13393,19025,6230,ITI,ITI4,12,Lazio,Lazio,5879082,300065,5.1,0.43
9,2021-02-18,LAZ,10017,4975,5042,9208,809,ITI,ITI4,12,Lazio,Lazio,5879082,310082,5.27,0.17
10,2021-05-12,LAZ,47520,21561,25959,30894,16626,ITI,ITI4,12,Lazio,Lazio,5879082,357602,6.08,0.81
11,2021-02-01,LAZ,5676,2178,3498,354,5322,ITI,ITI4,12,Lazio,Lazio,5879082,363278,6.18,0.1
12,2021-01-13,LAZ,5694,2151,3543,5694,0,ITI,ITI4,12,Lazio,Lazio,5879082,368972,6.28,0.1
13,2021-04-23,LAZ,37687,18095,19592,22415,15272,ITI,ITI4,12,Lazio,Lazio,5879082,406659,6.92,0.64
14,2021-05-17,LAZ,44490,20362,24128,35925,8565,ITI,ITI4,12,Lazio,Lazio,5879082,451149,7.67,0.76
15,2021-02-06,LAZ,6161,2493,3668,840,5321,ITI,ITI4,12,Lazio,Lazio,5879082,457310,7.78,0.1
16,2021-02-11,LAZ,7001,3013,3988,6467,534,ITI,ITI4,12,Lazio,Lazio,5879082,464311,7.9,0.12
17,2021-04-11,LAZ,19154,8469,10685,13273,5881,ITI,ITI4,12,Lazio,Lazio,5879082,483465,8.22,0.33
18,2021-02-13,LAZ,6611,2627,3984,6194,417,ITI,ITI4,12,Lazio,Lazio,5879082,490076,8.34,0.11
19,2021-03-16,LAZ,13546,5740,7806,7102,6444,ITI,ITI4,12,Lazio,Lazio,5879082,503622,8.57,0.23
20,2021-03-09,LAZ,21953,9907,12046,16754,5199,ITI,ITI4,12,Lazio,Lazio,5879082,525575,8.94,0.37
21,2021-01-11,LAZ,5542,2109,3433,5542,0,ITI,ITI4,12,Lazio,Lazio,5879082,531117,9.03,0.09
22,2021-03-30,LAZ,26777,12948,13829,19628,7149,ITI,ITI4,12,Lazio,Lazio,5879082,557894,9.49,0.46
23,2021-04-18,LAZ,23808,10577,13231,16158,7650,ITI,ITI4,12,Lazio,Lazio,5879082,581702,9.89,0.4
24,2021-05-19,LAZ,47114,21627,25487,37015,10099,ITI,ITI4,12,Lazio,Lazio,5879082,628816,10.7,0.8
25,2021-01-04,LAZ,7484,2909,4575,7484,0,ITI,ITI4,12,Lazio,Lazio,5879082,636300,10.82,0.13
26,2021-06-24,LAZ,62013,29298,32715,28727,33286,ITI,ITI4,12,Lazio,Lazio,5879082,698313,11.88,1.05
27,2021-06-07,LAZ,62085,28987,33098,32996,29089,ITI,ITI4,12,Lazio,Lazio,5879082,760398,12.93,1.06
28,2021-02-20,LAZ,9205,4274,4931,8436,769,ITI,ITI4,12,Lazio,Lazio,5879082,769603,13.09,0.16
29,2021-05-31,LAZ,51439,22830,28609,31790,19649,ITI,ITI4,12,Lazio,Lazio,5879082,821042,13.97,0.87
30,2021-04-04,LAZ,17535,8106,9429,12269,5266,ITI,ITI4,12,Lazio,Lazio,5879082,838577,14.26,0.3
31,2021-02-03,LAZ,6488,2488,4000,964,5524,ITI,ITI4,12,Lazio,Lazio,5879082,845065,14.37,0.11
32,2021-01-20,LAZ,4807,1943,2864,3264,1543,ITI,ITI4,12,Lazio,Lazio,5879082,849872,14.46,0.08
33,2021-05-14,LAZ,51439,23503,27936,33154,18285,ITI,ITI4,12,Lazio,Lazio,5879082,901311,15.33,0.87
34,2021-03-18,LAZ,14225,6078,8147,7834,6391,ITI,ITI4,12,Lazio,Lazio,5879082,915536,15.57,0.24
35,2021-05-24,LAZ,43899,20116,23783,34146,9753,ITI,ITI4,12,Lazio,Lazio,5879082,959435,16.32,0.75
36,2021-01-03,LAZ,5253,1973,3280,5253,0,ITI,ITI4,12,Lazio,Lazio,5879082,964688,16.41,0.09
37,2021-04-13,LAZ,25746,11928,13818,18029,7717,ITI,ITI4,12,Lazio,Lazio,5879082,990434,16.85,0.44
38,2021-01-08,LAZ,7729,2895,4834,7729,0,ITI,ITI4,12,Lazio,Lazio,5879082,998163,16.98,0.13
39,2021-04-01,LAZ,29615,14023,15592,22474,7141,ITI,ITI4,12,Lazio,Lazio,5879082,1027778,17.48,0.5
40,2021-06-23,LAZ,61595,28965,32630,28693,32902,ITI,ITI4,12,Lazio,Lazio,5879082,1089373,18.53,1.05
41,2021-01-25,LAZ,8111,3246,4865,770,7341,ITI,ITI4,12,Lazio,Lazio,5879082,1097484,18.67,0.14
42,2021-05-05,LAZ,46771,21457,25314,30948,15823,ITI,ITI4,12,Lazio,Lazio,5879082,1144255,19.46,0.8
43,2021-03-02,LAZ,17188,7606,9582,13253,3935,ITI,ITI4,12,Lazio,Lazio,5879082,1161443,19.76,0.29
44,2021-01-18,LAZ,6267,2557,3710,5289,978,ITI,ITI4,12,Lazio,Lazio,5879082,1167710,19.86,0.11
45,2021-04-28,LAZ,32927,15027,17900,21358,11569,ITI,ITI4,12,Lazio,Lazio,5879082,1200637,20.42,0.56
46,2021-03-27,LAZ,26304,10645,15659,19831,6473,ITI,ITI4,12,Lazio,Lazio,5879082,1226941,20.87,0.45
47,2021-05-23,LAZ,47077,22838,24239,39697,7380,ITI,ITI4,12,Lazio,Lazio,5879082,1274018,21.67,0.8
48,2021-05-09,LAZ,37536,17256,20280,26266,11270,ITI,ITI4,12,Lazio,Lazio,5879082,1311554,22.31,0.64
49,2021-05-16,LAZ,50925,24519,26406,37441,13484,ITI,ITI4,12,Lazio,Lazio,5879082,1362479,23.18,0.87
50,2021-01-30,LAZ,7012,2894,4118,807,6205,ITI,ITI4,12,Lazio,Lazio,5879082,1369491,23.29,0.12
51,2021-01-15,LAZ,6583,2708,3875,6583,0,ITI,ITI4,12,Lazio,Lazio,5879082,1376074,23.41,0.11
52,2021-04-25,LAZ,24522,11249,13273,16705,7817,ITI,ITI4,12,Lazio,Lazio,5879082,1400596,23.82,0.42
53,2021-04-06,LAZ,24378,11105,13273,17264,7114,ITI,ITI4,12,Lazio,Lazio,5879082,1424974,24.24,0.41
54,2020-12-27,LAZ,274,132,142,274,0,ITI,ITI4,12,Lazio,Lazio,5879082,1425248,24.24,0.0
55,2021-06-21,LAZ,61176,28351,32825,28832,32344,ITI,ITI4,12,Lazio,Lazio,5879082,1486424,25.28,1.04
56,2021-03-13,LAZ,21753,8685,13068,15859,5894,ITI,ITI4,12,Lazio,Lazio,5879082,1508177,25.65,0.37
57,2021-02-08,LAZ,9740,4153,5587,4508,5232,ITI,ITI4,12,Lazio,Lazio,5879082,1517917,25.82,0.17
58,2021-05-02,LAZ,32634,14338,18296,23272,9362,ITI,ITI4,12,Lazio,Lazio,5879082,1550551,26.37,0.56
59,2021-03-28,LAZ,19114,7761,11353,13804,5310,ITI,ITI4,12,Lazio,Lazio,5879082,1569665,26.7,0.33
60,2021-06-09,LAZ,69913,32981,36932,36362,33551,ITI,ITI4,12,Lazio,Lazio,5879082,1639578,27.89,1.19
61,2021-04-27,LAZ,30706,13861,16845,19859,10847,ITI,ITI4,12,Lazio,Lazio,5879082,1670284,28.41,0.52
62,2021-03-01,LAZ,17116,7367,9749,13231,3885,ITI,ITI4,12,Lazio,Lazio,5879082,1687400,28.7,0.29
63,2021-02-22,LAZ,11459,4990,6469,10957,502,ITI,ITI4,12,Lazio,Lazio,5879082,1698859,28.9,0.19
64,2021-06-02,LAZ,43234,21482,21752,31737,11497,ITI,ITI4,12,Lazio,Lazio,5879082,1742093,29.63,0.74
65,2021-03-25,LAZ,28942,13307,15635,22335,6607,ITI,ITI4,12,Lazio,Lazio,5879082,1771035,30.12,0.49
66,2021-01-27,LAZ,6115,2388,3727,998,5117,ITI,ITI4,12,Lazio,Lazio,5879082,1777150,30.23,0.1
67,2021-06-01,LAZ,48728,23511,25217,30265,18463,ITI,ITI4,12,Lazio,Lazio,5879082,1825878,31.06,0.83
68,2021-04-05,LAZ,19844,9063,10781,13663,6181,ITI,ITI4,12,Lazio,Lazio,5879082,1845722,31.39,0.34
69,2021-05-25,LAZ,47356,22198,25158,35706,11650,ITI,ITI4,12,Lazio,Lazio,5879082,1893078,32.2,0.81
70,2021-04-12,LAZ,23841,10746,13095,16942,6899,ITI,ITI4,12,Lazio,Lazio,5879082,1916919,32.61,0.41
71,2021-06-08,LAZ,66242,31540,34702,36527,29715,ITI,ITI4,12,Lazio,Lazio,5879082,1983161,33.73,1.13
72,2021-01-01,LAZ,3554,1382,2172,3554,0,ITI,ITI4,12,Lazio,Lazio,5879082,1986715,33.79,0.06
73,2021-01-10,LAZ,4043,1702,2341,4043,0,ITI,ITI4,12,Lazio,Lazio,5879082,1990758,33.86,0.07
74,2021-06-16,LAZ,63912,30578,33334,32241,31671,ITI,ITI4,12,Lazio,Lazio,5879082,2054670,34.95,1.09
75,2021-04-20,LAZ,31083,14274,16809,19783,11300,ITI,ITI4,12,Lazio,Lazio,5879082,2085753,35.48,0.53
76,2021-03-08,LAZ,20855,9040,11815,15582,5273,ITI,ITI4,12,Lazio,Lazio,5879082,2106608,35.83,0.35
77,2021-04-22,LAZ,38862,19223,19639,24250,14612,ITI,ITI4,12,Lazio,Lazio,5879082,2145470,36.49,0.66
78,2021-03-10,LAZ,23326,10650,12676,17679,5647,ITI,ITI4,12,Lazio,Lazio,5879082,2168796,36.89,0.4
79,2021-01-12,LAZ,5413,1981,3432,5413,0,ITI,ITI4,12,Lazio,Lazio,5879082,2174209,36.98,0.09
80,2021-06-18,LAZ,63681,30593,33088,30679,33002,ITI,ITI4,12,Lazio,Lazio,5879082,2237890,38.07,1.08
81,2021-05-26,LAZ,47445,21787,25658,35355,12090,ITI,ITI4,12,Lazio,Lazio,5879082,2285335,38.87,0.81
82,2021-03-04,LAZ,19407,8714,10693,14389,5018,ITI,ITI4,12,Lazio,Lazio,5879082,2304742,39.2,0.33
83,2021-06-12,LAZ,63718,29019,34699,34382,29336,ITI,ITI4,12,Lazio,Lazio,5879082,2368460,40.29,1.08
84,2021-06-14,LAZ,62473,29281,33192,32408,30065,ITI,ITI4,12,Lazio,Lazio,5879082,2430933,41.35,1.06
85,2021-03-21,LAZ,18226,7162,11064,13175,5051,ITI,ITI4,12,Lazio,Lazio,5879082,2449159,41.66,0.31
86,2020-12-30,LAZ,1630,629,1001,1630,0,ITI,ITI4,12,Lazio,Lazio,5879082,2450789,41.69,0.03
87,2021-04-09,LAZ,27552,12486,15066,19301,8251,ITI,ITI4,12,Lazio,Lazio,5879082,2478341,42.16,0.47
88,2021-03-23,LAZ,25199,11761,13438,18603,6596,ITI,ITI4,12,Lazio,Lazio,5879082,2503540,42.58,0.43
89,2021-04-15,LAZ,31934,14309,17625,21121,10813,ITI,ITI4,12,Lazio,Lazio,5879082,2535474,43.13,0.54
90,2021-02-10,LAZ,8188,3399,4789,4849,3339,ITI,ITI4,12,Lazio,Lazio,5879082,2543662,43.27,0.14
91,2021-05-21,LAZ,51771,24843,26928,37839,13932,ITI,ITI4,12,Lazio,Lazio,5879082,2595433,44.15,0.88
92,2021-06-04,LAZ,61275,29837,31438,43706,17569,ITI,ITI4,12,Lazio,Lazio,5879082,2656708,45.19,1.04
93,2021-05-04,LAZ,39860,18337,21523,26345,13515,ITI,ITI4,12,Lazio,Lazio,5879082,2696568,45.87,0.68
94,2021-02-24,LAZ,12050,5209,6841,11056,994,ITI,ITI4,12,Lazio,Lazio,5879082,2708618,46.07,0.2
95,2021-03-29,LAZ,25199,11880,13319,18162,7037,ITI,ITI4,12,Lazio,Lazio,5879082,2733817,46.5,0.43
96,2021-02-12,LAZ,6848,2849,3999,6432,416,ITI,ITI4,12,Lazio,Lazio,5879082,2740665,46.62,0.12
97,2020-12-31,LAZ,5293,2121,3172,5293,0,ITI,ITI4,12,Lazio,Lazio,5879082,2745958,46.71,0.09
98,2021-04-10,LAZ,23917,10405,13512,16728,7189,ITI,ITI4,12,Lazio,Lazio,5879082,2769875,47.11,0.41
99,2021-02-05,LAZ,7310,2979,4331,1210,6100,ITI,ITI4,12,Lazio,Lazio,5879082,2777185,47.24,0.12
100,2021-04-03,LAZ,24784,11183,13601,18084,6700,ITI,ITI4,12,Lazio,Lazio,5879082,2801969,47.66,0.42
101,2021-02-19,LAZ,10043,5078,4965,9212,831,ITI,ITI4,12,Lazio,Lazio,5879082,2812012,47.83,0.17
102,2021-06-11,LAZ,69003,32357,36646,36867,32136,ITI,ITI4,12,Lazio,Lazio,5879082,2881015,49.0,1.17
103,2021-05-06,LAZ,48726,22687,26039,31189,17537,ITI,ITI4,12,Lazio,Lazio,5879082,2929741,49.83,0.83
104,2021-01-17,LAZ,4894,2028,2866,4682,212,ITI,ITI4,12,Lazio,Lazio,5879082,2934635,49.92,0.08
105,2021-03-17,LAZ,13809,5912,7897,7553,6256,ITI,ITI4,12,Lazio,Lazio,5879082,2948444,50.15,0.23
106,2021-06-25,LAZ,25639,12236,13403,11964,13675,ITI,ITI4,12,Lazio,Lazio,5879082,2974083,50.59,0.44
107,2021-02-04,LAZ,6336,2505,3831,1021,5315,ITI,ITI4,12,Lazio,Lazio,5879082,2980419,50.7,0.11
108,2021-03-20,LAZ,19089,7552,11537,13204,5885,ITI,ITI4,12,Lazio,Lazio,5879082,2999508,51.02,0.32
109,2021-04-08,LAZ,26727,12240,14487,19034,7693,ITI,ITI4,12,Lazio,Lazio,5879082,3026235,51.47,0.45
110,2021-03-22,LAZ,23130,10361,12769,16456,6674,ITI,ITI4,12,Lazio,Lazio,5879082,3049365,51.87,0.39
111,2020-12-29,LAZ,488,176,312,488,0,ITI,ITI4,12,Lazio,Lazio,5879082,3049853,51.88,0.01
112,2021-06-13,LAZ,52554,23271,29283,27734,24820,ITI,ITI4,12,Lazio,Lazio,5879082,3102407,52.77,0.89
113,2021-03-07,LAZ,14133,5466,8667,10540,3593,ITI,ITI4,12,Lazio,Lazio,5879082,3116540,53.01,0.24
114,2021-06-15,LAZ,65324,31482,33842,33444,31880,ITI,ITI4,12,Lazio,Lazio,5879082,3181864,54.12,1.11
115,2021-03-24,LAZ,27596,12854,14742,21359,6237,ITI,ITI4,12,Lazio,Lazio,5879082,3209460,54.59,0.47
116,2021-05-29,LAZ,51918,23329,28589,40950,10968,ITI,ITI4,12,Lazio,Lazio,5879082,3261378,55.47,0.88
117,2021-05-22,LAZ,55065,26969,28096,44396,10669,ITI,ITI4,12,Lazio,Lazio,5879082,3316443,56.41,0.94
118,2021-05-15,LAZ,57327,27389,29938,40821,16506,ITI,ITI4,12,Lazio,Lazio,5879082,3373770,57.39,0.98
119,2021-03-19,LAZ,17411,7535,9876,11083,6328,ITI,ITI4,12,Lazio,Lazio,5879082,3391181,57.68,0.3
120,2021-01-09,LAZ,6298,2562,3736,6298,0,ITI,ITI4,12,Lazio,Lazio,5879082,3397479,57.79,0.11
121,2021-04-19,LAZ,30099,13679,16420,19420,10679,ITI,ITI4,12,Lazio,Lazio,5879082,3427578,58.3,0.51
122,2021-02-21,LAZ,6989,3180,3809,6526,463,ITI,ITI4,12,Lazio,Lazio,5879082,3434567,58.42,0.12
123,2021-02-15,LAZ,8027,3541,4486,7396,631,ITI,ITI4,12,Lazio,Lazio,5879082,3442594,58.56,0.14
124,2021-01-29,LAZ,8042,3079,4963,813,7229,ITI,ITI4,12,Lazio,Lazio,5879082,3450636,58.69,0.14
125,2021-02-17,LAZ,9184,4606,4578,8309,875,ITI,ITI4,12,Lazio,Lazio,5879082,3459820,58.85,0.16
126,2021-05-28,LAZ,56746,26286,30460,43676,13070,ITI,ITI4,12,Lazio,Lazio,5879082,3516566,59.81,0.97
127,2021-03-06,LAZ,18358,7084,11274,14101,4257,ITI,ITI4,12,Lazio,Lazio,5879082,3534924,60.13,0.31
128,2021-01-31,LAZ,4460,1854,2606,477,3983,ITI,ITI4,12,Lazio,Lazio,5879082,3539384,60.2,0.08
129,2021-05-11,LAZ,48252,22157,26095,31726,16526,ITI,ITI4,12,Lazio,Lazio,5879082,3587636,61.02,0.82
130,2021-04-24,LAZ,33408,15067,18341,20634,12774,ITI,ITI4,12,Lazio,Lazio,5879082,3621044,61.59,0.57
131,2021-05-10,LAZ,44429,20302,24127,31017,13412,ITI,ITI4,12,Lazio,Lazio,5879082,3665473,62.35,0.76
132,2021-05-27,LAZ,57933,26894,31039,44251,13682,ITI,ITI4,12,Lazio,Lazio,5879082,3723406,63.33,0.99
133,2021-03-05,LAZ,19562,8663,10899,14829,4733,ITI,ITI4,12,Lazio,Lazio,5879082,3742968,63.67,0.33
134,2021-02-16,LAZ,8359,4034,4325,7753,606,ITI,ITI4,12,Lazio,Lazio,5879082,3751327,63.81,0.14
135,2021-06-17,LAZ,66228,31769,34459,32143,34085,ITI,ITI4,12,Lazio,Lazio,5879082,3817555,64.93,1.13
136,2021-04-21,LAZ,33029,15009,18020,20656,12373,ITI,ITI4,12,Lazio,Lazio,5879082,3850584,65.5,0.56
137,2021-06-03,LAZ,56248,28444,27804,38573,17675,ITI,ITI4,12,Lazio,Lazio,5879082,3906832,66.45,0.96
138,2021-06-10,LAZ,71242,33543,37699,37636,33606,ITI,ITI4,12,Lazio,Lazio,5879082,3978074,67.66,1.21
139,2021-04-14,LAZ,29294,13275,16019,19171,10123,ITI,ITI4,12,Lazio,Lazio,5879082,4007368,68.16,0.5
140,2021-02-14,LAZ,5777,2372,3405,5306,471,ITI,ITI4,12,Lazio,Lazio,5879082,4013145,68.26,0.1
141,2021-02-28,LAZ,10264,4018,6246,9749,515,ITI,ITI4,12,Lazio,Lazio,5879082,4023409,68.44,0.17
142,2021-01-02,LAZ,6707,2631,4076,6707,0,ITI,ITI4,12,Lazio,Lazio,5879082,4030116,68.55,0.11
143,2021-01-19,LAZ,4770,1956,2814,4316,454,ITI,ITI4,12,Lazio,Lazio,5879082,4034886,68.63,0.08
144,2021-04-29,LAZ,38657,17244,21413,25423,13234,ITI,ITI4,12,Lazio,Lazio,5879082,4073543,69.29,0.66
145,2021-03-03,LAZ,17836,7853,9983,13542,4294,ITI,ITI4,12,Lazio,Lazio,5879082,4091379,69.59,0.3
146,2021-01-26,LAZ,7961,3127,4834,725,7236,ITI,ITI4,12,Lazio,Lazio,5879082,4099340,69.73,0.14
147,2021-04-02,LAZ,29301,14010,15291,21964,7337,ITI,ITI4,12,Lazio,Lazio,5879082,4128641,70.23,0.5
148,2021-01-28,LAZ,8279,3165,5114,782,7497,ITI,ITI4,12,Lazio,Lazio,5879082,4136920,70.37,0.14
149,2021-05-30,LAZ,41174,17620,23554,33822,7352,ITI,ITI4,12,Lazio,Lazio,5879082,4178094,71.07,0.7
150,2021-05-13,LAZ,50105,22510,27595,32328,17777,ITI,ITI4,12,Lazio,Lazio,5879082,4228199,71.92,0.85
151,2021-01-14,LAZ,5488,2145,3343,5488,0,ITI,ITI4,12,Lazio,Lazio,5879082,4233687,72.01,0.09
152,2021-03-15,LAZ,20805,9706,11099,14062,6743,ITI,ITI4,12,Lazio,Lazio,5879082,4254492,72.37,0.35
153,2021-01-05,LAZ,7375,2803,4572,7375,0,ITI,ITI4,12,Lazio,Lazio,5879082,4261867,72.49,0.13
154,2021-01-24,LAZ,5694,2229,3465,612,5082,ITI,ITI4,12,Lazio,Lazio,5879082,4267561,72.59,0.1
155,2021-02-07,LAZ,4945,2026,2919,388,4557,ITI,ITI4,12,Lazio,Lazio,5879082,4272506,72.67,0.08
156,2021-05-18,LAZ,44898,20532,24366,35362,9536,ITI,ITI4,12,Lazio,Lazio,5879082,4317404,73.44,0.76
157,2021-05-03,LAZ,39216,17706,21510,26614,12602,ITI,ITI4,12,Lazio,Lazio,5879082,4356620,74.1,0.67
158,2021-06-22,LAZ,61669,28373,33296,29012,32657,ITI,ITI4,12,Lazio,Lazio,5879082,4418289,75.15,1.05
159,2021-03-14,LAZ,17239,6752,10487,12085,5154,ITI,ITI4,12,Lazio,Lazio,5879082,4435528,75.45,0.29
160,2021-05-08,LAZ,45417,20733,24684,30022,15395,ITI,ITI4,12,Lazio,Lazio,5879082,4480945,76.22,0.77
161,2021-03-26,LAZ,29959,13775,16184,23112,6847,ITI,ITI4,12,Lazio,Lazio,5879082,4510904,76.73,0.51
162,2021-04-07,LAZ,25689,11900,13789,18377,7312,ITI,ITI4,12,Lazio,Lazio,5879082,4536593,77.16,0.44
163,2020-12-28,LAZ,959,412,547,959,0,ITI,ITI4,12,Lazio,Lazio,5879082,4537552,77.18,0.02
164,2021-01-16,LAZ,5647,2282,3365,5647,0,ITI,ITI4,12,Lazio,Lazio,5879082,4543199,77.28,0.1
165,2021-04-26,LAZ,29234,13457,15777,20030,9204,ITI,ITI4,12,Lazio,Lazio,5879082,4572433,77.77,0.5
166,2021-02-02,LAZ,5911,2213,3698,639,5272,ITI,ITI4,12,Lazio,Lazio,5879082,4578344,77.88,0.1
167,2021-01-22,LAZ,4006,1636,2370,491,3515,ITI,ITI4,12,Lazio,Lazio,5879082,4582350,77.94,0.07
168,2021-02-27,LAZ,11448,4284,7164,10470,978,ITI,ITI4,12,Lazio,Lazio,5879082,4593798,78.14,0.19
169,2021-05-20,LAZ,51472,24739,26733,37769,13703,ITI,ITI4,12,Lazio,Lazio,5879082,4645270,79.01,0.88
170,2021-06-20,LAZ,49224,22419,26805,24333,24891,ITI,ITI4,12,Lazio,Lazio,5879082,4694494,79.85,0.84
171,2021-06-06,LAZ,57894,27899,29995,35412,22482,ITI,ITI4,12,Lazio,Lazio,5879082,4752388,80.84,0.98
172,2021-02-26,LAZ,13119,5728,7391,11724,1395,ITI,ITI4,12,Lazio,Lazio,5879082,4765507,81.06,0.22
173,2021-05-01,LAZ,37951,17082,20869,25988,11963,ITI,ITI4,12,Lazio,Lazio,5879082,4803458,81.7,0.65
174,2021-04-17,LAZ,32359,14202,18157,20386,11973,ITI,ITI4,12,Lazio,Lazio,5879082,4835817,82.25,0.55
175,2021-03-12,LAZ,23889,10986,12903,17572,6317,ITI,ITI4,12,Lazio,Lazio,5879082,4859706,82.66,0.41
176,2021-02-09,LAZ,8802,3770,5032,4581,4221,ITI,ITI4,12,Lazio,Lazio,5879082,4868508,82.81,0.15
177,2021-02-23,LAZ,11093,4783,6310,10330,763,ITI,ITI4,12,Lazio,Lazio,5879082,4879601,83.0,0.19
178,2021-01-21,LAZ,5604,2349,3255,551,5053,ITI,ITI4,12,Lazio,Lazio,5879082,4885205,83.09,0.1
179,2021-03-31,LAZ,27609,13314,14295,20514,7095,ITI,ITI4,12,Lazio,Lazio,5879082,4912814,83.56,0.47
180,2021-01-07,LAZ,7750,2904,4846,7750,0,ITI,ITI4,12,Lazio,Lazio,5879082,4920564,83.7,0.13
181,2021-06-21,EMR,37024,18717,18307,16207,20817,ITH,ITH5,8,Emilia-Romagna,Emilia-Romagna,4459477,37024,0.83,0.83
182,2021-03-30,EMR,23343,10338,13005,18302,5041,ITH,ITH5,8,Emilia-Romagna,Emilia-Romagna,4459477,60367,1.35,0.52
183,2021-01-04,EMR,7315,2527,4788,7315,0,ITH,ITH5,8,Emilia-Romagna,Emilia-Romagna,4459477,67682,1.52,0.16
184,2021-05-19,EMR,33701,14956,18745,18536,15165,ITH,ITH5,8,Emilia-Romagna,Emilia-Romagna,4459477,101383,2.27,0.76
185,2021-06-02,EMR,24078,12054,12024,19113,4965,ITH,ITH5,8,Emilia-Romagna,Emilia-Romagna,4459477,125461,2.81,0.54
186,2021-05-12,EMR,38859,18274,20585,29220,9639,ITH,ITH5,8,Emilia-Romagna,Emilia-Romagna,4459477,164320,3.68,0.87
187,2021-02-01,EMR,10320,3610,6710,362,9958,ITH,ITH5,8,Emilia-Romagna,Emilia-Romagna,4459477,174640,3.92,0.23
188,2021-01-18,EMR,3128,879,2249,2449,679,ITH,ITH5,8,Emilia-Romagna,Emilia-Romagna,4459477,177768,3.99,0.07
189,2021-03-16,EMR,12245,5026,7219,4937,7308,ITH,ITH5,8,Emilia-Romagna,Emilia-Romagna,4459477,190013,4.26,0.27
190,2021-01-25,EMR,6462,2146,4316,207,6255,ITH,ITH5,8,Emilia-Romagna,Emilia-Romagna,4459477,196475,4.41,0.14
191,2021-03-23,EMR,18795,8144,10651,12108,6687,ITH,ITH5,8,Emilia-Romagna,Emilia-Romagna,4459477,215270,4.83,0.42
192,2021-03-09,EMR,14753,6019,8734,10798,3955,ITH,ITH5,8,Emilia-Romagna,Emilia-Romagna,4459477,230023,5.16,0.33
193,2021-05-05,EMR,30089,13984,16105,18839,11250,ITH,ITH5,8,Emilia-Romagna,Emilia-Romagna,4459477,260112,5.83,0.67
194,2021-05-26,EMR,33211,14725,18486,10297,22914,ITH,ITH5,8,Emilia-Romagna,Emilia-Romagna,4459477,293323,6.58,0.74
195,2021-06-12,EMR,40316,21318,18998,35426,4890,ITH,ITH5,8,Emilia-Romagna,Emilia-Romagna,4459477,333639,7.48,0.9
196,2021-03-04,EMR,16450,5350,11100,13433,3017,ITH,ITH5,8,Emilia-Romagna,Emilia-Romagna,4459477,350089,7.85,0.37
197,2021-05-24,EMR,29925,13707,16218,18453,11472,ITH,ITH5,8,Emilia-Romagna,Emilia-Romagna,4459477,380014,8.52,0.67
198,2021-02-13,EMR,3628,1085,2543,3030,598,ITH,ITH5,8,Emilia-Romagna,Emilia-Romagna,4459477,383642,8.6,0.08
199,2021-02-18,EMR,7039,2892,4147,6456,583,ITH,ITH5,8,Emilia-Romagna,Emilia-Romagna,4459477,390681,8.76,0.16
200,2021-06-07,EMR,40378,20723,19655,34131,6247,ITH,ITH5,8,Emilia-Romagna,Emilia-Romagna,4459477,431059,9.67,0.91
201,2021-05-31,EMR,29720,13743,15977,18259,11461,ITH,ITH5,8,Emilia-Romagna,Emilia-Romagna,4459477,460779,10.33,0.67
202,2021-01-23,EMR,2448,871,1577,443,2005,ITH,ITH5,8,Emilia-Romagna,Emilia-Romagna,4459477,463227,10.39,0.05
203,2021-05-07,EMR,35262,16958,18304,23411,11851,ITH,ITH5,8,Emilia-Romagna,Emilia-Romagna,4459477,498489,11.18,0.79
204,2021-04-16,EMR,29222,13763,15459,20386,8836,ITH,ITH5,8,Emilia-Romagna,Emilia-Romagna,4459477,527711,11.83,0.66
205,2021-01-06,EMR,8287,2955,5332,8287,0,ITH,ITH5,8,Emilia-Romagna,Emilia-Romagna,4459477,535998,12.02,0.19
206,2021-04-30,EMR,36601,16786,19815,21808,14793,ITH,ITH5,8,Emilia-Romagna,Emilia-Romagna,4459477,572599,12.84,0.82
207,2021-03-28,EMR,13499,6025,7474,9629,3870,ITH,ITH5,8,Emilia-Romagna,Emilia-Romagna,4459477,586098,13.14,0.3
208,2021-02-25,EMR,9250,3499,5751,8296,954,ITH,ITH5,8,Emilia-Romagna,Emilia-Romagna,4459477,595348,13.35,0.21
209,2021-06-19,EMR,35941,17996,17945,16622,19319,ITH,ITH5,8,Emilia-Romagna,Emilia-Romagna,4459477,631289,14.16,0.81
210,2021-03-11,EMR,17453,7306,10147,11602,5851,ITH,ITH5,8,Emilia-Romagna,Emilia-Romagna,4459477,648742,14.55,0.39
211,2021-02-06,EMR,7581,2401,5180,2110,5471,ITH,ITH5,8,Emilia-Romagna,Emilia-Romagna,4459477,656323,14.72,0.17
212,2021-04-11,EMR,15276,6933,8343,12228,3048,ITH,ITH5,8,Emilia-Romagna,Emilia-Romagna,4459477,671599,15.06,0.34
213,2021-02-11,EMR,4254,1415,2839,3413,841,ITH,ITH5,8,Emilia-Romagna,Emilia-Romagna,4459477,675853,15.16,0.1
214,2021-05-23,EMR,25475,11859,13616,13884,11591,ITH,ITH5,8,Emilia-Romagna,Emilia-Romagna,4459477,701328,15.73,0.57
215,2021-02-20,EMR,5318,2094,3224,5055,263,ITH,ITH5,8,Emilia-Romagna,Emilia-Romagna,4459477,706646,15.85,0.12
216,2021-01-15,EMR,7750,2404,5346,7750,0,ITH,ITH5,8,Emilia-Romagna,Emilia-Romagna,4459477,714396,16.02,0.17
217,2021-06-09,EMR,42327,21533,20794,35981,6346,ITH,ITH5,8,Emilia-Romagna,Emilia-Romagna,4459477,756723,16.97,0.95
218,2021-03-01,EMR,10095,3582,6513,7837,2258,ITH,ITH5,8,Emilia-Romagna,Emilia-Romagna,4459477,766818,17.2,0.23
219,2021-05-04,EMR,29267,13704,15563,15607,13660,ITH,ITH5,8,Emilia-Romagna,Emilia-Romagna,4459477,796085,17.85,0.66
220,2021-02-27,EMR,10961,3998,6963,9223,1738,ITH,ITH5,8,Emilia-Romagna,Emilia-Romagna,4459477,807046,18.1,0.25
221,2021-04-25,EMR,22349,10239,12110,14840,7509,ITH,ITH5,8,Emilia-Romagna,Emilia-Romagna,4459477,829395,18.6,0.5
222,2021-03-13,EMR,16135,6361,9774,10822,5313,ITH,ITH5,8,Emilia-Romagna,Emilia-Romagna,4459477,845530,18.96,0.36
223,2021-03-27,EMR,21659,9059,12600,14751,6908,ITH,ITH5,8,Emilia-Romagna,Emilia-Romagna,4459477,867189,19.45,0.49
224,2021-04-13,EMR,23717,11127,12590,19376,4341,ITH,ITH5,8,Emilia-Romagna,Emilia-Romagna,4459477,890906,19.98,0.53
225,2021-01-03,EMR,2763,943,1820,2763,0,ITH,ITH5,8,Emilia-Romagna,Emilia-Romagna,4459477,893669,20.04,0.06
226,2021-05-02,EMR,25578,11651,13927,13587,11991,ITH,ITH5,8,Emilia-Romagna,Emilia-Romagna,4459477,919247,20.61,0.57
227,2021-01-22,EMR,1829,477,1352,1088,741,ITH,ITH5,8,Emilia-Romagna,Emilia-Romagna,4459477,921076,20.65,0.04
228,2021-02-08,EMR,5231,1534,3697,2318,2913,ITH,ITH5,8,Emilia-Romagna,Emilia-Romagna,4459477,926307,20.77,0.12
229,2021-03-25,EMR,21468,9412,12056,14479,6989,ITH,ITH5,8,Emilia-Romagna,Emilia-Romagna,4459477,947775,21.25,0.48
230,2021-05-21,EMR,39237,17520,21717,22220,17017,ITH,ITH5,8,Emilia-Romagna,Emilia-Romagna,4459477,987012,22.13,0.88
231,2021-02-10,EMR,4022,1385,2637,2766,1256,ITH,ITH5,8,Emilia-Romagna,Emilia-Romagna,4459477,991034,22.22,0.09
232,2021-04-08,EMR,31210,14332,16878,25907,5303,ITH,ITH5,8,Emilia-Romagna,Emilia-Romagna,4459477,1022244,22.92,0.7
233,2021-05-09,EMR,25609,12252,13357,18642,6967,ITH,ITH5,8,Emilia-Romagna,Emilia-Romagna,4459477,1047853,23.5,0.57
234,2021-01-29,EMR,10414,3496,6918,290,10124,ITH,ITH5,8,Emilia-Romagna,Emilia-Romagna,4459477,1058267,23.73,0.23
235,2021-02-15,EMR,2904,851,2053,2779,125,ITH,ITH5,8,Emilia-Romagna,Emilia-Romagna,4459477,1061171,23.8,0.07
236,2021-01-27,EMR,8361,2947,5414,462,7899,ITH,ITH5,8,Emilia-Romagna,Emilia-Romagna,4459477,1069532,23.98,0.19
237,2021-06-04,EMR,45489,22909,22580,37376,8113,ITH,ITH5,8,Emilia-Romagna,Emilia-Romagna,4459477,1115021,25.0,1.02
238,2021-04-18,EMR,17500,8395,9105,12582,4918,ITH,ITH5,8,Emilia-Romagna,Emilia-Romagna,4459477,1132521,25.4,0.39
239,2021-06-14,EMR,40537,20936,19601,27506,13031,ITH,ITH5,8,Emilia-Romagna,Emilia-Romagna,4459477,1173058,26.3,0.91
240,2021-01-10,EMR,7171,2684,4487,7171,0,ITH,ITH5,8,Emilia-Romagna,Emilia-Romagna,4459477,1180229,26.47,0.16
241,2021-06-16,EMR,45097,23036,22061,25262,19835,ITH,ITH5,8,Emilia-Romagna,Emilia-Romagna,4459477,1225326,27.48,1.01
242,2021-03-08,EMR,12200,5093,7107,9541,2659,ITH,ITH5,8,Emilia-Romagna,Emilia-Romagna,4459477,1237526,27.75,0.27
243,2021-02-12,EMR,5313,1673,3640,3910,1403,ITH,ITH5,8,Emilia-Romagna,Emilia-Romagna,4459477,1242839,27.87,0.12
244,2021-04-10,EMR,20921,9300,11621,16776,4145,ITH,ITH5,8,Emilia-Romagna,Emilia-Romagna,4459477,1263760,28.34,0.47
245,2021-04-17,EMR,27298,13072,14226,17953,9345,ITH,ITH5,8,Emilia-Romagna,Emilia-Romagna,4459477,1291058,28.95,0.61
246,2021-01-07,EMR,10274,3406,6868,10274,0,ITH,ITH5,8,Emilia-Romagna,Emilia-Romagna,4459477,1301332,29.18,0.23
247,2021-04-03,EMR,19937,8765,11172,16197,3740,ITH,ITH5,8,Emilia-Romagna,Emilia-Romagna,4459477,1321269,29.63,0.45
248,2021-05-30,EMR,27070,12789,14281,13377,13693,ITH,ITH5,8,Emilia-Romagna,Emilia-Romagna,4459477,1348339,30.24,0.61
249,2021-02-19,EMR,7327,3010,4317,6813,514,ITH,ITH5,8,Emilia-Romagna,Emilia-Romagna,4459477,1355666,30.4,0.16
250,2020-12-31,EMR,2215,780,1435,2215,0,ITH,ITH5,8,Emilia-Romagna,Emilia-Romagna,4459477,1357881,30.45,0.05
251,2021-06-06,EMR,36406,18911,17495,32000,4406,ITH,ITH5,8,Emilia-Romagna,Emilia-Romagna,4459477,1394287,31.27,0.82
252,2021-04-27,EMR,32101,14863,17238,19640,12461,ITH,ITH5,8,Emilia-Romagna,Emilia-Romagna,4459477,1426388,31.99,0.72
253,2021-05-06,EMR,35926,16601,19325,22870,13056,ITH,ITH5,8,Emilia-Romagna,Emilia-Romagna,4459477,1462314,32.79,0.81
254,2021-01-26,EMR,8334,3000,5334,214,8120,ITH,ITH5,8,Emilia-Romagna,Emilia-Romagna,4459477,1470648,32.98,0.19
255,2021-03-24,EMR,21194,9391,11803,13812,7382,ITH,ITH5,8,Emilia-Romagna,Emilia-Romagna,4459477,1491842,33.45,0.48
256,2021-01-24,EMR,2443,885,1558,298,2145,ITH,ITH5,8,Emilia-Romagna,Emilia-Romagna,4459477,1494285,33.51,0.05
257,2021-01-30,EMR,10079,3520,6559,141,9938,ITH,ITH5,8,Emilia-Romagna,Emilia-Romagna,4459477,1504364,33.73,0.23
258,2021-04-23,EMR,29560,13811,15749,14679,14881,ITH,ITH5,8,Emilia-Romagna,Emilia-Romagna,4459477,1533924,34.4,0.66
259,2021-01-13,EMR,9077,2942,6135,9077,0,ITH,ITH5,8,Emilia-Romagna,Emilia-Romagna,4459477,1543001,34.6,0.2
260,2021-04-04,EMR,9879,4717,5162,7612,2267,ITH,ITH5,8,Emilia-Romagna,Emilia-Romagna,4459477,1552880,34.82,0.22
261,2021-05-16,EMR,25844,12167,13677,18734,7110,ITH,ITH5,8,Emilia-Romagna,Emilia-Romagna,4459477,1578724,35.4,0.58
262,2021-02-22,EMR,7482,3091,4391,7210,272,ITH,ITH5,8,Emilia-Romagna,Emilia-Romagna,4459477,1586206,35.57,0.17
263,2021-05-01,EMR,28402,12774,15628,15626,12776,ITH,ITH5,8,Emilia-Romagna,Emilia-Romagna,4459477,1614608,36.21,0.64
264,2021-03-18,EMR,13675,5806,7869,5675,8000,ITH,ITH5,8,Emilia-Romagna,Emilia-Romagna,4459477,1628283,36.51,0.31
265,2021-05-14,EMR,37237,17163,20074,27641,9596,ITH,ITH5,8,Emilia-Romagna,Emilia-Romagna,4459477,1665520,37.35,0.84
266,2021-02-03,EMR,9338,2989,6349,965,8373,ITH,ITH5,8,Emilia-Romagna,Emilia-Romagna,4459477,1674858,37.56,0.21
267,2021-04-01,EMR,23947,10770,13177,19401,4546,ITH,ITH5,8,Emilia-Romagna,Emilia-Romagna,4459477,1698805,38.09,0.54
268,2021-02-17,EMR,6538,2764,3774,5766,772,ITH,ITH5,8,Emilia-Romagna,Emilia-Romagna,4459477,1705343,38.24,0.15
269,2021-06-01,EMR,27122,13082,14040,17234,9888,ITH,ITH5,8,Emilia-Romagna,Emilia-Romagna,4459477,1732465,38.85,0.61
270,2021-04-12,EMR,19242,9005,10237,14796,4446,ITH,ITH5,8,Emilia-Romagna,Emilia-Romagna,4459477,1751707,39.28,0.43
271,2021-06-08,EMR,44676,22873,21803,37244,7432,ITH,ITH5,8,Emilia-Romagna,Emilia-Romagna,4459477,1796383,40.28,1.0
272,2021-04-19,EMR,20900,9797,11103,14627,6273,ITH,ITH5,8,Emilia-Romagna,Emilia-Romagna,4459477,1817283,40.75,0.47
273,2021-01-09,EMR,9986,3451,6535,9986,0,ITH,ITH5,8,Emilia-Romagna,Emilia-Romagna,4459477,1827269,40.97,0.22
274,2021-06-15,EMR,42913,22093,20820,28002,14911,ITH,ITH5,8,Emilia-Romagna,Emilia-Romagna,4459477,1870182,41.94,0.96
275,2021-03-07,EMR,7840,2958,4882,6320,1520,ITH,ITH5,8,Emilia-Romagna,Emilia-Romagna,4459477,1878022,42.11,0.18
276,2021-04-20,EMR,22619,10403,12216,14266,8353,ITH,ITH5,8,Emilia-Romagna,Emilia-Romagna,4459477,1900641,42.62,0.51
277,2021-06-23,EMR,36996,18527,18469,18320,18676,ITH,ITH5,8,Emilia-Romagna,Emilia-Romagna,4459477,1937637,43.45,0.83
278,2021-01-08,EMR,10866,3580,7286,10866,0,ITH,ITH5,8,Emilia-Romagna,Emilia-Romagna,4459477,1948503,43.69,0.24
279,2021-03-06,EMR,20892,5934,14958,18161,2731,ITH,ITH5,8,Emilia-Romagna,Emilia-Romagna,4459477,1969395,44.16,0.47
280,2021-05-20,EMR,40218,18302,21916,18864,21354,ITH,ITH5,8,Emilia-Romagna,Emilia-Romagna,4459477,2009613,45.06,0.9
281,2021-01-17,EMR,2890,887,2003,2644,246,ITH,ITH5,8,Emilia-Romagna,Emilia-Romagna,4459477,2012503,45.13,0.06
282,2021-04-02,EMR,23394,10552,12842,18913,4481,ITH,ITH5,8,Emilia-Romagna,Emilia-Romagna,4459477,2035897,45.65,0.52
283,2021-05-29,EMR,37778,16480,21298,17150,20628,ITH,ITH5,8,Emilia-Romagna,Emilia-Romagna,4459477,2073675,46.5,0.85
284,2021-05-28,EMR,41159,18925,22234,17844,23315,ITH,ITH5,8,Emilia-Romagna,Emilia-Romagna,4459477,2114834,47.42,0.92
285,2021-04-22,EMR,29048,13449,15599,14970,14078,ITH,ITH5,8,Emilia-Romagna,Emilia-Romagna,4459477,2143882,48.07,0.65
286,2021-01-12,EMR,9476,3124,6352,9476,0,ITH,ITH5,8,Emilia-Romagna,Emilia-Romagna,4459477,2153358,48.29,0.21
287,2021-04-05,EMR,14846,6800,8046,11954,2892,ITH,ITH5,8,Emilia-Romagna,Emilia-Romagna,4459477,2168204,48.62,0.33
288,2021-04-24,EMR,28629,13240,15389,14401,14228,ITH,ITH5,8,Emilia-Romagna,Emilia-Romagna,4459477,2196833,49.26,0.64
289,2021-05-11,EMR,35776,16791,18985,28522,7254,ITH,ITH5,8,Emilia-Romagna,Emilia-Romagna,4459477,2232609,50.06,0.8
290,2021-01-31,EMR,7698,2763,4935,241,7457,ITH,ITH5,8,Emilia-Romagna,Emilia-Romagna,4459477,2240307,50.24,0.17
291,2021-03-21,EMR,11956,5296,6660,7351,4605,ITH,ITH5,8,Emilia-Romagna,Emilia-Romagna,4459477,2252263,50.51,0.27
292,2021-06-10,EMR,43950,22582,21368,38612,5338,ITH,ITH5,8,Emilia-Romagna,Emilia-Romagna,4459477,2296213,51.49,0.99
293,2021-03-31,EMR,25265,11043,14222,19809,5456,ITH,ITH5,8,Emilia-Romagna,Emilia-Romagna,4459477,2321478,52.06,0.57
294,2021-03-26,EMR,23702,10109,13593,17265,6437,ITH,ITH5,8,Emilia-Romagna,Emilia-Romagna,4459477,2345180,52.59,0.53
295,2021-02-26,EMR,9634,3673,5961,8586,1048,ITH,ITH5,8,Emilia-Romagna,Emilia-Romagna,4459477,2354814,52.8,0.22
296,2021-04-28,EMR,33713,15586,18127,20825,12888,ITH,ITH5,8,Emilia-Romagna,Emilia-Romagna,4459477,2388527,53.56,0.76
297,2021-06-24,EMR,38909,19440,19469,19554,19355,ITH,ITH5,8,Emilia-Romagna,Emilia-Romagna,4459477,2427436,54.43,0.87
298,2021-01-11,EMR,9348,3273,6075,9348,0,ITH,ITH5,8,Emilia-Romagna,Emilia-Romagna,4459477,2436784,54.64,0.21
299,2021-06-11,EMR,44829,23281,21548,38344,6485,ITH,ITH5,8,Emilia-Romagna,Emilia-Romagna,4459477,2481613,55.65,1.01
300,2021-03-20,EMR,16085,6829,9256,9121,6964,ITH,ITH5,8,Emilia-Romagna,Emilia-Romagna,4459477,2497698,56.01,0.36
301,2021-04-06,EMR,24747,11174,13573,20006,4741,ITH,ITH5,8,Emilia-Romagna,Emilia-Romagna,4459477,2522445,56.56,0.55
302,2020-12-27,EMR,972,373,599,972,0,ITH,ITH5,8,Emilia-Romagna,Emilia-Romagna,4459477,2523417,56.59,0.02
303,2021-06-13,EMR,27250,14236,13014,22995,4255,ITH,ITH5,8,Emilia-Romagna,Emilia-Romagna,4459477,2550667,57.2,0.61
304,2021-03-05,EMR,17848,5839,12009,14394,3454,ITH,ITH5,8,Emilia-Romagna,Emilia-Romagna,4459477,2568515,57.6,0.4
305,2021-03-22,EMR,17647,7812,9835,10783,6864,ITH,ITH5,8,Emilia-Romagna,Emilia-Romagna,4459477,2586162,57.99,0.4
306,2021-03-02,EMR,12658,4272,8386,10581,2077,ITH,ITH5,8,Emilia-Romagna,Emilia-Romagna,4459477,2598820,58.28,0.28
307,2021-03-19,EMR,15924,6972,8952,7955,7969,ITH,ITH5,8,Emilia-Romagna,Emilia-Romagna,4459477,2614744,58.63,0.36
308,2021-04-07,EMR,26115,11889,14226,20104,6011,ITH,ITH5,8,Emilia-Romagna,Emilia-Romagna,4459477,2640859,59.22,0.59
309,2021-01-14,EMR,8129,2593,5536,8129,0,ITH,ITH5,8,Emilia-Romagna,Emilia-Romagna,4459477,2648988,59.4,0.18
310,2021-05-03,EMR,28697,13556,15141,17819,10878,ITH,ITH5,8,Emilia-Romagna,Emilia-Romagna,4459477,2677685,60.04,0.64
311,2021-02-28,EMR,6818,2526,4292,4973,1845,ITH,ITH5,8,Emilia-Romagna,Emilia-Romagna,4459477,2684503,60.2,0.15
312,2021-04-26,EMR,27900,12936,14964,18579,9321,ITH,ITH5,8,Emilia-Romagna,Emilia-Romagna,4459477,2712403,60.82,0.63
313,2021-01-16,EMR,5628,1718,3910,5628,0,ITH,ITH5,8,Emilia-Romagna,Emilia-Romagna,4459477,2718031,60.95,0.13
314,2021-03-14,EMR,8801,3839,4962,5004,3797,ITH,ITH5,8,Emilia-Romagna,Emilia-Romagna,4459477,2726832,61.15,0.2
315,2021-06-17,EMR,45607,23051,22556,21564,24043,ITH,ITH5,8,Emilia-Romagna,Emilia-Romagna,4459477,2772439,62.17,1.02
316,2021-06-25,EMR,11922,6007,5915,4945,6977,ITH,ITH5,8,Emilia-Romagna,Emilia-Romagna,4459477,2784361,62.44,0.27
317,2021-03-17,EMR,13719,5692,8027,5873,7846,ITH,ITH5,8,Emilia-Romagna,Emilia-Romagna,4459477,2798080,62.74,0.31
318,2021-05-13,EMR,35766,16491,19275,27987,7779,ITH,ITH5,8,Emilia-Romagna,Emilia-Romagna,4459477,2833846,63.55,0.8
319,2021-03-15,EMR,13442,6242,7200,6943,6499,ITH,ITH5,8,Emilia-Romagna,Emilia-Romagna,4459477,2847288,63.85,0.3
320,2021-02-09,EMR,4154,1249,2905,2307,1847,ITH,ITH5,8,Emilia-Romagna,Emilia-Romagna,4459477,2851442,63.94,0.09
321,2021-03-03,EMR,15854,5253,10601,13369,2485,ITH,ITH5,8,Emilia-Romagna,Emilia-Romagna,4459477,2867296,64.3,0.36
322,2021-05-25,EMR,25043,11182,13861,11711,13332,ITH,ITH5,8,Emilia-Romagna,Emilia-Romagna,4459477,2892339,64.86,0.56
323,2021-02-14,EMR,1403,378,1025,1283,120,ITH,ITH5,8,Emilia-Romagna,Emilia-Romagna,4459477,2893742,64.89,0.03
324,2021-05-27,EMR,42136,18690,23446,14010,28126,ITH,ITH5,8,Emilia-Romagna,Emilia-Romagna,4459477,2935878,65.83,0.94
325,2021-02-16,EMR,5772,2446,3326,5241,531,ITH,ITH5,8,Emilia-Romagna,Emilia-Romagna,4459477,2941650,65.96,0.13
326,2021-02-05,EMR,9290,2956,6334,1607,7683,ITH,ITH5,8,Emilia-Romagna,Emilia-Romagna,4459477,2950940,66.17,0.21
327,2021-06-20,EMR,29940,15189,14751,15330,14610,ITH,ITH5,8,Emilia-Romagna,Emilia-Romagna,4459477,2980880,66.84,0.67
328,2021-04-14,EMR,27035,12839,14196,20932,6103,ITH,ITH5,8,Emilia-Romagna,Emilia-Romagna,4459477,3007915,67.45,0.61
329,2021-01-21,EMR,2165,729,1436,819,1346,ITH,ITH5,8,Emilia-Romagna,Emilia-Romagna,4459477,3010080,67.5,0.05
330,2021-06-03,EMR,37848,18416,19432,30345,7503,ITH,ITH5,8,Emilia-Romagna,Emilia-Romagna,4459477,3047928,68.35,0.85
331,2021-02-23,EMR,8215,3218,4997,7829,386,ITH,ITH5,8,Emilia-Romagna,Emilia-Romagna,4459477,3056143,68.53,0.18
332,2021-03-12,EMR,18306,7701,10605,11589,6717,ITH,ITH5,8,Emilia-Romagna,Emilia-Romagna,4459477,3074449,68.94,0.41
333,2021-05-15,EMR,33233,14979,18254,22835,10398,ITH,ITH5,8,Emilia-Romagna,Emilia-Romagna,4459477,3107682,69.69,0.75
334,2021-02-04,EMR,9920,3201,6719,1230,8690,ITH,ITH5,8,Emilia-Romagna,Emilia-Romagna,4459477,3117602,69.91,0.22
335,2021-05-22,EMR,32971,14114,18857,16905,16066,ITH,ITH5,8,Emilia-Romagna,Emilia-Romagna,4459477,3150573,70.65,0.74
336,2021-04-09,EMR,25724,11666,14058,20027,5697,ITH,ITH5,8,Emilia-Romagna,Emilia-Romagna,4459477,3176297,71.23,0.58
337,2021-02-02,EMR,9474,3048,6426,515,8959,ITH,ITH5,8,Emilia-Romagna,Emilia-Romagna,4459477,3185771,71.44,0.21
338,2021-05-10,EMR,33839,16125,17714,26594,7245,ITH,ITH5,8,Emilia-Romagna,Emilia-Romagna,4459477,3219610,72.2,0.76
339,2021-04-21,EMR,23953,10962,12991,14207,9746,ITH,ITH5,8,Emilia-Romagna,Emilia-Romagna,4459477,3243563,72.73,0.54
340,2021-05-08,EMR,32336,15091,17245,20915,11421,ITH,ITH5,8,Emilia-Romagna,Emilia-Romagna,4459477,3275899,73.46,0.73
341,2021-01-28,EMR,10255,3339,6916,348,9907,ITH,ITH5,8,Emilia-Romagna,Emilia-Romagna,4459477,3286154,73.69,0.23
342,2021-01-20,EMR,1325,270,1055,1324,1,ITH,ITH5,8,Emilia-Romagna,Emilia-Romagna,4459477,3287479,73.72,0.03
343,2021-04-15,EMR,29335,13977,15358,19659,9676,ITH,ITH5,8,Emilia-Romagna,Emilia-Romagna,4459477,3316814,74.38,0.66
344,2021-06-18,EMR,41711,20862,20849,16099,25612,ITH,ITH5,8,Emilia-Romagna,Emilia-Romagna,4459477,3358525,75.31,0.94
345,2021-03-10,EMR,18797,7742,11055,13153,5644,ITH,ITH5,8,Emilia-Romagna,Emilia-Romagna,4459477,3377322,75.73,0.42
346,2021-05-18,EMR,29086,13244,15842,18572,10514,ITH,ITH5,8,Emilia-Romagna,Emilia-Romagna,4459477,3406408,76.39,0.65
347,2021-02-07,EMR,4785,1536,3249,1724,3061,ITH,ITH5,8,Emilia-Romagna,Emilia-Romagna,4459477,3411193,76.49,0.11
348,2021-02-24,EMR,9351,3566,5785,8467,884,ITH,ITH5,8,Emilia-Romagna,Emilia-Romagna,4459477,3420544,76.7,0.21
349,2021-01-05,EMR,9361,3170,6191,9361,0,ITH,ITH5,8,Emilia-Romagna,Emilia-Romagna,4459477,3429905,76.91,0.21
350,2021-04-29,EMR,44952,21134,23818,27403,17549,ITH,ITH5,8,Emilia-Romagna,Emilia-Romagna,4459477,3474857,77.92,1.01
351,2021-01-19,EMR,2046,505,1541,2029,17,ITH,ITH5,8,Emilia-Romagna,Emilia-Romagna,4459477,3476903,77.97,0.05
352,2021-03-29,EMR,21423,9613,11810,16773,4650,ITH,ITH5,8,Emilia-Romagna,Emilia-Romagna,4459477,3498326,78.45,0.48
353,2021-02-21,EMR,4450,1708,2742,4010,440,ITH,ITH5,8,Emilia-Romagna,Emilia-Romagna,4459477,3502776,78.55,0.1
354,2021-01-02,EMR,2375,916,1459,2375,0,ITH,ITH5,8,Emilia-Romagna,Emilia-Romagna,4459477,3505151,78.6,0.05
355,2021-06-05,EMR,44007,22250,21757,37151,6856,ITH,ITH5,8,Emilia-Romagna,Emilia-Romagna,4459477,3549158,79.59,0.99
356,2021-06-22,EMR,35349,17605,17744,16044,19305,ITH,ITH5,8,Emilia-Romagna,Emilia-Romagna,4459477,3584507,80.38,0.79
357,2021-05-17,EMR,32386,15387,16999,22900,9486,ITH,ITH5,8,Emilia-Romagna,Emilia-Romagna,4459477,3616893,81.11,0.73
358,2021-04-18,CAL,5841,2791,3050,4929,912,ITF,ITF6,18,Calabria,Calabria,1947131,5841,0.3,0.3
359,2021-04-04,CAL,1760,884,876,1261,499,ITF,ITF6,18,Calabria,Calabria,1947131,7601,0.39,0.09
360,2021-06-07,CAL,17006,7903,9103,13798,3208,ITF,ITF6,18,Calabria,Calabria,1947131,24607,1.26,0.87
361,2021-05-24,CAL,17711,8839,8872,10016,7695,ITF,ITF6,18,Calabria,Calabria,1947131,42318,2.17,0.91
362,2021-02-06,CAL,2911,1341,1570,444,2467,ITF,ITF6,18,Calabria,Calabria,1947131,45229,2.32,0.15
363,2021-01-23,CAL,401,186,215,359,42,ITF,ITF6,18,Calabria,Calabria,1947131,45630,2.34,0.02
364,2021-03-28,CAL,2662,1219,1443,1571,1091,ITF,ITF6,18,Calabria,Calabria,1947131,48292,2.48,0.14
365,2021-01-30,CAL,2182,1149,1033,353,1829,ITF,ITF6,18,Calabria,Calabria,1947131,50474,2.59,0.11
366,2021-02-17,CAL,1849,812,1037,1638,211,ITF,ITF6,18,Calabria,Calabria,1947131,52323,2.69,0.09
367,2021-04-30,CAL,14954,7335,7619,10605,4349,ITF,ITF6,18,Calabria,Calabria,1947131,67277,3.46,0.77
368,2021-01-18,CAL,1288,583,705,1052,236,ITF,ITF6,18,Calabria,Calabria,1947131,68565,3.52,0.07
369,2021-04-11,CAL,4178,1898,2280,2235,1943,ITF,ITF6,18,Calabria,Calabria,1947131,72743,3.74,0.21
370,2021-01-06,CAL,931,502,429,931,0,ITF,ITF6,18,Calabria,Calabria,1947131,73674,3.78,0.05
371,2021-04-16,CAL,10212,4978,5234,8627,1585,ITF,ITF6,18,Calabria,Calabria,1947131,83886,4.31,0.52
372,2021-02-18,CAL,1836,836,1000,1610,226,ITF,ITF6,18,Calabria,Calabria,1947131,85722,4.4,0.09
373,2021-06-21,CAL,15051,6907,8144,7721,7330,ITF,ITF6,18,Calabria,Calabria,1947131,100773,5.18,0.77
374,2021-01-04,CAL,1065,527,538,1065,0,ITF,ITF6,18,Calabria,Calabria,1947131,101838,5.23,0.05
375,2021-04-23,CAL,12989,6369,6620,9451,3538,ITF,ITF6,18,Calabria,Calabria,1947131,114827,5.9,0.67
376,2021-01-13,CAL,2044,1031,1013,2044,0,ITF,ITF6,18,Calabria,Calabria,1947131,116871,6.0,0.1
377,2021-02-01,CAL,2516,1199,1317,244,2272,ITF,ITF6,18,Calabria,Calabria,1947131,119387,6.13,0.13
378,2021-05-12,CAL,16389,7992,8397,10908,5481,ITF,ITF6,18,Calabria,Calabria,1947131,135776,6.97,0.84
379,2021-05-26,CAL,18655,9278,9377,10394,8261,ITF,ITF6,18,Calabria,Calabria,1947131,154431,7.93,0.96
380,2021-03-30,CAL,6211,2666,3545,3470,2741,ITF,ITF6,18,Calabria,Calabria,1947131,160642,8.25,0.32
381,2021-01-11,CAL,2164,1046,1118,2164,0,ITF,ITF6,18,Calabria,Calabria,1947131,162806,8.36,0.11
382,2021-01-25,CAL,1072,514,558,147,925,ITF,ITF6,18,Calabria,Calabria,1947131,163878,8.42,0.06
383,2021-05-05,CAL,13602,6511,7091,8493,5109,ITF,ITF6,18,Calabria,Calabria,1947131,177480,9.11,0.7
384,2021-03-02,CAL,4366,2489,1877,3611,755,ITF,ITF6,18,Calabria,Calabria,1947131,181846,9.34,0.22
385,2021-03-16,CAL,3848,1889,1959,2188,1660,ITF,ITF6,18,Calabria,Calabria,1947131,185694,9.54,0.2
386,2021-02-11,CAL,2333,1042,1291,1082,1251,ITF,ITF6,18,Calabria,Calabria,1947131,188027,9.66,0.12
387,2021-06-14,CAL,13989,6337,7652,9355,4634,ITF,ITF6,18,Calabria,Calabria,1947131,202016,10.38,0.72
388,2021-03-04,CAL,5483,3191,2292,4686,797,ITF,ITF6,18,Calabria,Calabria,1947131,207499,10.66,0.28
389,2021-06-12,CAL,12880,6133,6747,10484,2396,ITF,ITF6,18,Calabria,Calabria,1947131,220379,11.32,0.66
390,2021-02-25,CAL,2885,1552,1333,2290,595,ITF,ITF6,18,Calabria,Calabria,1947131,223264,11.47,0.15
391,2021-05-28,CAL,20979,10193,10786,11519,9460,ITF,ITF6,18,Calabria,Calabria,1947131,244243,12.54,1.08
392,2021-04-15,CAL,7688,3766,3922,5996,1692,ITF,ITF6,18,Calabria,Calabria,1947131,251931,12.94,0.39
393,2021-04-01,CAL,8528,3864,4664,3986,4542,ITF,ITF6,18,Calabria,Calabria,1947131,260459,13.38,0.44
394,2021-04-08,CAL,9405,4434,4971,5807,3598,ITF,ITF6,18,Calabria,Calabria,1947131,269864,13.86,0.48
395,2021-02-10,CAL,2510,1079,1431,883,1627,ITF,ITF6,18,Calabria,Calabria,1947131,272374,13.99,0.13
396,2021-06-04,CAL,17284,8032,9252,12751,4533,ITF,ITF6,18,Calabria,Calabria,1947131,289658,14.88,0.89
397,2021-05-21,CAL,21336,10861,10475,13973,7363,ITF,ITF6,18,Calabria,Calabria,1947131,310994,15.97,1.1
398,2021-06-23,CAL,16824,7677,9147,7894,8930,ITF,ITF6,18,Calabria,Calabria,1947131,327818,16.84,0.86
399,2021-03-13,CAL,6928,3012,3916,5954,974,ITF,ITF6,18,Calabria,Calabria,1947131,334746,17.19,0.36
400,2021-01-15,CAL,2802,1259,1543,2802,0,ITF,ITF6,18,Calabria,Calabria,1947131,337548,17.34,0.14
401,2021-05-07,CAL,16112,7590,8522,9733,6379,ITF,ITF6,18,Calabria,Calabria,1947131,353660,18.16,0.83
402,2021-02-13,CAL,1397,604,793,1032,365,ITF,ITF6,18,Calabria,Calabria,1947131,355057,18.23,0.07
403,2021-06-11,CAL,17317,8509,8808,14733,2584,ITF,ITF6,18,Calabria,Calabria,1947131,372374,19.12,0.89
404,2021-01-08,CAL,2143,1028,1115,2143,0,ITF,ITF6,18,Calabria,Calabria,1947131,374517,19.23,0.11
405,2021-03-18,CAL,4414,2059,2355,2356,2058,ITF,ITF6,18,Calabria,Calabria,1947131,378931,19.46,0.23
406,2021-02-27,CAL,4002,2060,1942,3620,382,ITF,ITF6,18,Calabria,Calabria,1947131,382933,19.67,0.21
407,2021-05-19,CAL,18329,9077,9252,11361,6968,ITF,ITF6,18,Calabria,Calabria,1947131,401262,20.61,0.94
408,2021-03-23,CAL,5232,2449,2783,3423,1809,ITF,ITF6,18,Calabria,Calabria,1947131,406494,20.88,0.27
409,2021-02-15,CAL,1144,542,602,994,150,ITF,ITF6,18,Calabria,Calabria,1947131,407638,20.94,0.06
410,2021-04-13,CAL,6900,3381,3519,5587,1313,ITF,ITF6,18,Calabria,Calabria,1947131,414538,21.29,0.35
411,2021-01-20,CAL,1401,626,775,1400,1,ITF,ITF6,18,Calabria,Calabria,1947131,415939,21.36,0.07
412,2021-01-03,CAL,6,3,3,6,0,ITF,ITF6,18,Calabria,Calabria,1947131,415945,21.36,0.0
413,2021-03-27,CAL,8575,3881,4694,4565,4010,ITF,ITF6,18,Calabria,Calabria,1947131,424520,21.8,0.44
414,2021-03-08,CAL,5419,2904,2515,4353,1066,ITF,ITF6,18,Calabria,Calabria,1947131,429939,22.08,0.28
415,2021-05-23,CAL,11383,5551,5832,7034,4349,ITF,ITF6,18,Calabria,Calabria,1947131,441322,22.67,0.58
416,2021-03-01,CAL,2724,1546,1178,2269,455,ITF,ITF6,18,Calabria,Calabria,1947131,444046,22.81,0.14
417,2021-06-09,CAL,17496,8213,9283,15261,2235,ITF,ITF6,18,Calabria,Calabria,1947131,461542,23.7,0.9
418,2021-03-06,CAL,8436,4345,4091,7642,794,ITF,ITF6,18,Calabria,Calabria,1947131,469978,24.14,0.43
419,2021-05-09,CAL,9619,4483,5136,6086,3533,ITF,ITF6,18,Calabria,Calabria,1947131,479597,24.63,0.49
420,2021-01-29,CAL,2056,990,1066,230,1826,ITF,ITF6,18,Calabria,Calabria,1947131,481653,24.74,0.11
421,2021-05-04,CAL,16444,7581,8863,11730,4714,ITF,ITF6,18,Calabria,Calabria,1947131,498097,25.58,0.84
422,2021-01-05,CAL,1513,708,805,1513,0,ITF,ITF6,18,Calabria,Calabria,1947131,499610,25.66,0.08
423,2021-01-12,CAL,2073,1024,1049,2073,0,ITF,ITF6,18,Calabria,Calabria,1947131,501683,25.77,0.11
424,2021-02-24,CAL,1914,975,939,1436,478,ITF,ITF6,18,Calabria,Calabria,1947131,503597,25.86,0.1
425,2021-04-25,CAL,15703,7982,7721,14693,1010,ITF,ITF6,18,Calabria,Calabria,1947131,519300,26.67,0.81
426,2021-03-20,CAL,6706,3073,3633,4199,2507,ITF,ITF6,18,Calabria,Calabria,1947131,526006,27.01,0.34
427,2021-03-15,CAL,3557,1689,1868,2112,1445,ITF,ITF6,18,Calabria,Calabria,1947131,529563,27.2,0.18
428,2021-03-09,CAL,6370,3277,3093,5389,981,ITF,ITF6,18,Calabria,Calabria,1947131,535933,27.52,0.33
429,2021-02-20,CAL,1429,763,666,1110,319,ITF,ITF6,18,Calabria,Calabria,1947131,537362,27.6,0.07
430,2021-05-31,CAL,15258,7323,7935,7377,7881,ITF,ITF6,18,Calabria,Calabria,1947131,552620,28.38,0.78
431,2021-03-11,CAL,7284,3430,3854,6018,1266,ITF,ITF6,18,Calabria,Calabria,1947131,559904,28.76,0.37
432,2021-01-27,CAL,1461,735,726,397,1064,ITF,ITF6,18,Calabria,Calabria,1947131,561365,28.83,0.08
433,2021-02-14,CAL,465,212,253,435,30,ITF,ITF6,18,Calabria,Calabria,1947131,561830,28.85,0.02
434,2021-05-25,CAL,16359,7995,8364,10281,6078,ITF,ITF6,18,Calabria,Calabria,1947131,578189,29.69,0.84
435,2021-01-26,CAL,1823,870,953,277,1546,ITF,ITF6,18,Calabria,Calabria,1947131,580012,29.79,0.09
436,2021-04-22,CAL,9620,4795,4825,6778,2842,ITF,ITF6,18,Calabria,Calabria,1947131,589632,30.28,0.49
437,2020-12-27,CAL,311,170,141,311,0,ITF,ITF6,18,Calabria,Calabria,1947131,589943,30.3,0.02
438,2021-04-06,CAL,7530,3406,4124,4145,3385,ITF,ITF6,18,Calabria,Calabria,1947131,597473,30.68,0.39
439,2021-02-08,CAL,1856,737,1119,663,1193,ITF,ITF6,18,Calabria,Calabria,1947131,599329,30.78,0.1
440,2021-04-24,CAL,19076,9508,9568,15596,3480,ITF,ITF6,18,Calabria,Calabria,1947131,618405,31.76,0.98
441,2021-02-26,CAL,3075,1638,1437,2622,453,ITF,ITF6,18,Calabria,Calabria,1947131,621480,31.92,0.16
442,2021-06-20,CAL,6526,3087,3439,3689,2837,ITF,ITF6,18,Calabria,Calabria,1947131,628006,32.25,0.34
443,2021-06-06,CAL,13380,6435,6945,11684,1696,ITF,ITF6,18,Calabria,Calabria,1947131,641386,32.94,0.69
444,2021-01-07,CAL,2190,1068,1122,2190,0,ITF,ITF6,18,Calabria,Calabria,1947131,643576,33.05,0.11
445,2021-06-13,CAL,6593,3242,3351,5563,1030,ITF,ITF6,18,Calabria,Calabria,1947131,650169,33.39,0.34
446,2021-04-17,CAL,10822,5072,5750,9046,1776,ITF,ITF6,18,Calabria,Calabria,1947131,660991,33.95,0.56
447,2021-05-01,CAL,16631,7934,8697,12435,4196,ITF,ITF6,18,Calabria,Calabria,1947131,677622,34.8,0.85
448,2021-03-05,CAL,6235,3618,2617,5661,574,ITF,ITF6,18,Calabria,Calabria,1947131,683857,35.12,0.32
449,2021-01-22,CAL,659,275,384,657,2,ITF,ITF6,18,Calabria,Calabria,1947131,684516,35.16,0.03
450,2021-05-02,CAL,12508,5837,6671,10664,1844,ITF,ITF6,18,Calabria,Calabria,1947131,697024,35.8,0.64
451,2021-03-29,CAL,5568,2360,3208,3812,1756,ITF,ITF6,18,Calabria,Calabria,1947131,702592,36.08,0.29
452,2021-01-31,CAL,1111,555,556,154,957,ITF,ITF6,18,Calabria,Calabria,1947131,703703,36.14,0.06
453,2021-05-11,CAL,15055,7284,7771,10284,4771,ITF,ITF6,18,Calabria,Calabria,1947131,718758,36.91,0.77
454,2021-05-20,CAL,16905,8439,8466,11297,5608,ITF,ITF6,18,Calabria,Calabria,1947131,735663,37.78,0.87
455,2021-02-07,CAL,859,428,431,148,711,ITF,ITF6,18,Calabria,Calabria,1947131,736522,37.83,0.04
456,2021-05-18,CAL,15310,7656,7654,11892,3418,ITF,ITF6,18,Calabria,Calabria,1947131,751832,38.61,0.79
457,2021-03-22,CAL,4930,2308,2622,3173,1757,ITF,ITF6,18,Calabria,Calabria,1947131,756762,38.87,0.25
458,2021-03-25,CAL,7408,3468,3940,4554,2854,ITF,ITF6,18,Calabria,Calabria,1947131,764170,39.25,0.38
459,2021-06-16,CAL,17872,8244,9628,11804,6068,ITF,ITF6,18,Calabria,Calabria,1947131,782042,40.16,0.92
460,2021-06-18,CAL,18443,8575,9868,10958,7485,ITF,ITF6,18,Calabria,Calabria,1947131,800485,41.11,0.95
461,2021-03-10,CAL,6561,3317,3244,5277,1284,ITF,ITF6,18,Calabria,Calabria,1947131,807046,41.45,0.34
462,2021-06-01,CAL,12839,5951,6888,7920,4919,ITF,ITF6,18,Calabria,Calabria,1947131,819885,42.11,0.66
463,2021-05-13,CAL,15929,7655,8274,11231,4698,ITF,ITF6,18,Calabria,Calabria,1947131,835814,42.93,0.82
464,2021-02-19,CAL,1508,681,827,1247,261,ITF,ITF6,18,Calabria,Calabria,1947131,837322,43.0,0.08
465,2021-05-30,CAL,10944,5254,5690,6791,4153,ITF,ITF6,18,Calabria,Calabria,1947131,848266,43.56,0.56
466,2021-05-17,CAL,14891,7443,7448,10172,4719,ITF,ITF6,18,Calabria,Calabria,1947131,863157,44.33,0.76
467,2021-02-09,CAL,2157,911,1246,956,1201,ITF,ITF6,18,Calabria,Calabria,1947131,865314,44.44,0.11
468,2021-05-29,CAL,19227,8932,10295,9398,9829,ITF,ITF6,18,Calabria,Calabria,1947131,884541,45.43,0.99
469,2021-04-14,CAL,8127,3920,4207,6681,1446,ITF,ITF6,18,Calabria,Calabria,1947131,892668,45.85,0.42
470,2021-02-16,CAL,1738,734,1004,1460,278,ITF,ITF6,18,Calabria,Calabria,1947131,894406,45.93,0.09
471,2021-05-27,CAL,17579,8678,8901,9817,7762,ITF,ITF6,18,Calabria,Calabria,1947131,911985,46.84,0.9
472,2021-03-03,CAL,5048,2756,2292,3968,1080,ITF,ITF6,18,Calabria,Calabria,1947131,917033,47.1,0.26
473,2021-05-03,CAL,14759,6765,7994,10546,4213,ITF,ITF6,18,Calabria,Calabria,1947131,931792,47.85,0.76
474,2021-03-21,CAL,4454,1924,2530,2734,1720,ITF,ITF6,18,Calabria,Calabria,1947131,936246,48.08,0.23
475,2021-03-07,CAL,3391,1730,1661,3300,91,ITF,ITF6,18,Calabria,Calabria,1947131,939637,48.26,0.17
476,2021-06-19,CAL,15568,7290,8278,8313,7255,ITF,ITF6,18,Calabria,Calabria,1947131,955205,49.06,0.8
477,2021-05-14,CAL,19915,9572,10343,13048,6867,ITF,ITF6,18,Calabria,Calabria,1947131,975120,50.08,1.02
478,2021-04-27,CAL,9955,4893,5062,8008,1947,ITF,ITF6,18,Calabria,Calabria,1947131,985075,50.59,0.51
479,2021-02-03,CAL,2783,1437,1346,575,2208,ITF,ITF6,18,Calabria,Calabria,1947131,987858,50.73,0.14
480,2021-02-22,CAL,2051,1042,1009,1493,558,ITF,ITF6,18,Calabria,Calabria,1947131,989909,50.84,0.11
481,2021-06-02,CAL,12080,5796,6284,8814,3266,ITF,ITF6,18,Calabria,Calabria,1947131,1001989,51.46,0.62
482,2021-05-16,CAL,13774,6724,7050,9965,3809,ITF,ITF6,18,Calabria,Calabria,1947131,1015763,52.17,0.71
483,2021-01-17,CAL,896,430,466,801,95,ITF,ITF6,18,Calabria,Calabria,1947131,1016659,52.21,0.05
484,2021-03-24,CAL,7700,3514,4186,4436,3264,ITF,ITF6,18,Calabria,Calabria,1947131,1024359,52.61,0.4
485,2021-04-10,CAL,11407,5140,6267,6582,4825,ITF,ITF6,18,Calabria,Calabria,1947131,1035766,53.19,0.59
486,2021-02-21,CAL,615,288,327,538,77,ITF,ITF6,18,Calabria,Calabria,1947131,1036381,53.23,0.03
487,2021-04-28,CAL,12522,6059,6463,9663,2859,ITF,ITF6,18,Calabria,Calabria,1947131,1048903,53.87,0.64
488,2021-02-04,CAL,3571,1700,1871,653,2918,ITF,ITF6,18,Calabria,Calabria,1947131,1052474,54.05,0.18
489,2021-05-15,CAL,27222,13020,14202,20375,6847,ITF,ITF6,18,Calabria,Calabria,1947131,1079696,55.45,1.4
490,2021-02-02,CAL,2348,1150,1198,177,2171,ITF,ITF6,18,Calabria,Calabria,1947131,1082044,55.57,0.12
491,2021-01-16,CAL,2400,1124,1276,2400,0,ITF,ITF6,18,Calabria,Calabria,1947131,1084444,55.69,0.12
492,2021-03-12,CAL,5151,2464,2687,4089,1062,ITF,ITF6,18,Calabria,Calabria,1947131,1089595,55.96,0.26
493,2021-01-14,CAL,2639,1252,1387,2639,0,ITF,ITF6,18,Calabria,Calabria,1947131,1092234,56.09,0.14
494,2021-01-21,CAL,962,447,515,932,30,ITF,ITF6,18,Calabria,Calabria,1947131,1093196,56.14,0.05
495,2021-06-15,CAL,9571,4428,5143,6260,3311,ITF,ITF6,18,Calabria,Calabria,1947131,1102767,56.64,0.49
496,2021-03-14,CAL,2705,1049,1656,2285,420,ITF,ITF6,18,Calabria,Calabria,1947131,1105472,56.77,0.14
497,2021-06-22,CAL,14229,6709,7520,7146,7083,ITF,ITF6,18,Calabria,Calabria,1947131,1119701,57.51,0.73
498,2021-05-10,CAL,13120,6086,7034,7725,5395,ITF,ITF6,18,Calabria,Calabria,1947131,1132821,58.18,0.67
499,2021-04-26,CAL,10190,5061,5129,7769,2421,ITF,ITF6,18,Calabria,Calabria,1947131,1143011,58.7,0.52
500,2021-01-24,CAL,45,18,27,39,6,ITF,ITF6,18,Calabria,Calabria,1947131,1143056,58.7,0.0
501,2020-12-28,CAL,6,2,4,6,0,ITF,ITF6,18,Calabria,Calabria,1947131,1143062,58.7,0.0
502,2021-06-03,CAL,14151,6623,7528,9580,4571,ITF,ITF6,18,Calabria,Calabria,1947131,1157213,59.43,0.73
503,2021-04-07,CAL,6512,2939,3573,3726,2786,ITF,ITF6,18,Calabria,Calabria,1947131,1163725,59.77,0.33
504,2021-02-23,CAL,1591,753,838,1476,115,ITF,ITF6,18,Calabria,Calabria,1947131,1165316,59.85,0.08
505,2021-02-05,CAL,3807,1716,2091,489,3318,ITF,ITF6,18,Calabria,Calabria,1947131,1169123,60.04,0.2
506,2021-04-29,CAL,11958,5819,6139,8389,3569,ITF,ITF6,18,Calabria,Calabria,1947131,1181081,60.66,0.61
507,2021-04-12,CAL,6994,3383,3611,5272,1722,ITF,ITF6,18,Calabria,Calabria,1947131,1188075,61.02,0.36
508,2021-01-19,CAL,1116,491,625,1105,11,ITF,ITF6,18,Calabria,Calabria,1947131,1189191,61.07,0.06
509,2021-06-17,CAL,15456,7043,8413,9325,6131,ITF,ITF6,18,Calabria,Calabria,1947131,1204647,61.87,0.79
510,2021-03-26,CAL,8009,3794,4215,4888,3121,ITF,ITF6,18,Calabria,Calabria,1947131,1212656,62.28,0.41
511,2021-05-06,CAL,13258,6277,6981,8991,4267,ITF,ITF6,18,Calabria,Calabria,1947131,1225914,62.96,0.68
512,2021-04-05,CAL,3414,1605,1809,2557,857,ITF,ITF6,18,Calabria,Calabria,1947131,1229328,63.14,0.18
513,2021-06-08,CAL,15855,7481,8374,13850,2005,ITF,ITF6,18,Calabria,Calabria,1947131,1245183,63.95,0.81
514,2021-03-17,CAL,4049,1805,2244,2138,1911,ITF,ITF6,18,Calabria,Calabria,1947131,1249232,64.16,0.21
515,2021-06-25,CAL,5099,2342,2757,2088,3011,ITF,ITF6,18,Calabria,Calabria,1947131,1254331,64.42,0.26
516,2021-04-19,CAL,7857,3792,4065,6186,1671,ITF,ITF6,18,Calabria,Calabria,1947131,1262188,64.82,0.4
517,2021-01-09,CAL,1934,1043,891,1934,0,ITF,ITF6,18,Calabria,Calabria,1947131,1264122,64.92,0.1
518,2021-02-28,CAL,2329,1056,1273,2176,153,ITF,ITF6,18,Calabria,Calabria,1947131,1266451,65.04,0.12
519,2021-03-31,CAL,8811,4001,4810,4853,3958,ITF,ITF6,18,Calabria,Calabria,1947131,1275262,65.49,0.45
520,2021-04-09,CAL,7909,3704,4205,5021,2888,ITF,ITF6,18,Calabria,Calabria,1947131,1283171,65.9,0.41
521,2021-06-05,CAL,20336,9528,10808,17374,2962,ITF,ITF6,18,Calabria,Calabria,1947131,1303507,66.95,1.04
522,2021-01-02,CAL,166,94,72,166,0,ITF,ITF6,18,Calabria,Calabria,1947131,1303673,66.95,0.01
523,2021-01-10,CAL,932,526,406,932,0,ITF,ITF6,18,Calabria,Calabria,1947131,1304605,67.0,0.05
524,2021-04-20,CAL,7843,3955,3888,6120,1723,ITF,ITF6,18,Calabria,Calabria,1947131,1312448,67.4,0.4
525,2021-02-12,CAL,1710,668,1042,947,763,ITF,ITF6,18,Calabria,Calabria,1947131,1314158,67.49,0.09
526,2021-04-03,CAL,9129,3926,5203,4416,4713,ITF,ITF6,18,Calabria,Calabria,1947131,1323287,67.96,0.47
527,2021-01-28,CAL,2245,1114,1131,83,2162,ITF,ITF6,18,Calabria,Calabria,1947131,1325532,68.08,0.12
528,2021-05-08,CAL,18425,8384,10041,10604,7821,ITF,ITF6,18,Calabria,Calabria,1947131,1343957,69.02,0.95
529,2021-05-22,CAL,22172,10551,11621,14322,7850,ITF,ITF6,18,Calabria,Calabria,1947131,1366129,70.16,1.14
530,2021-04-21,CAL,11579,5812,5767,8648,2931,ITF,ITF6,18,Calabria,Calabria,1947131,1377708,70.76,0.59
531,2021-04-02,CAL,8259,3763,4496,4385,3874,ITF,ITF6,18,Calabria,Calabria,1947131,1385967,71.18,0.42
532,2021-06-24,CAL,14944,6784,8160,6679,8265,ITF,ITF6,18,Calabria,Calabria,1947131,1400911,71.95,0.77
533,2021-03-19,CAL,4184,1953,2231,1894,2290,ITF,ITF6,18,Calabria,Calabria,1947131,1405095,72.16,0.21
534,2021-06-10,CAL,15309,7038,8271,12537,2772,ITF,ITF6,18,Calabria,Calabria,1947131,1420404,72.95,0.79
535,2021-04-08,BAS,764,348,416,754,10,ITF,ITF5,17,Basilicata,Basilicata,559084,764,0.14,0.14
536,2021-04-22,BAS,5036,2346,2690,3433,1603,ITF,ITF5,17,Basilicata,Basilicata,559084,5800,1.04,0.9
537,2021-02-17,BAS,1135,493,642,1059,76,ITF,ITF5,17,Basilicata,Basilicata,559084,6935,1.24,0.2
538,2021-05-28,BAS,3612,1807,1805,949,2663,ITF,ITF5,17,Basilicata,Basilicata,559084,10547,1.89,0.65
539,2021-06-11,BAS,4224,1975,2249,3195,1029,ITF,ITF5,17,Basilicata,Basilicata,559084,14771,2.64,0.76
540,2021-03-25,BAS,1884,604,1280,1539,345,ITF,ITF5,17,Basilicata,Basilicata,559084,16655,2.98,0.34
541,2021-01-27,BAS,411,175,236,113,298,ITF,ITF5,17,Basilicata,Basilicata,559084,17066,3.05,0.07
542,2021-02-10,BAS,548,238,310,496,52,ITF,ITF5,17,Basilicata,Basilicata,559084,17614,3.15,0.1
543,2021-05-21,BAS,4573,2320,2253,1490,3083,ITF,ITF5,17,Basilicata,Basilicata,559084,22187,3.97,0.82
544,2021-04-01,BAS,2699,1107,1592,1978,721,ITF,ITF5,17,Basilicata,Basilicata,559084,24886,4.45,0.48
545,2021-02-03,BAS,669,301,368,32,637,ITF,ITF5,17,Basilicata,Basilicata,559084,25555,4.57,0.12
546,2021-06-04,BAS,4831,2286,2545,3785,1046,ITF,ITF5,17,Basilicata,Basilicata,559084,30386,5.43,0.86
547,2021-02-24,BAS,1803,743,1060,1734,69,ITF,ITF5,17,Basilicata,Basilicata,559084,32189,5.76,0.32
548,2021-02-22,BAS,1790,773,1017,1737,53,ITF,ITF5,17,Basilicata,Basilicata,559084,33979,6.08,0.32
549,2021-06-23,BAS,3309,1557,1752,2433,876,ITF,ITF5,17,Basilicata,Basilicata,559084,37288,6.67,0.59
550,2021-05-04,BAS,4137,1991,2146,3614,523,ITF,ITF5,17,Basilicata,Basilicata,559084,41425,7.41,0.74
551,2021-03-08,BAS,1459,712,747,846,613,ITF,ITF5,17,Basilicata,Basilicata,559084,42884,7.67,0.26
552,2021-06-16,BAS,4590,2082,2508,2136,2454,ITF,ITF5,17,Basilicata,Basilicata,559084,47474,8.49,0.82
553,2021-06-09,BAS,4423,2072,2351,3999,424,ITF,ITF5,17,Basilicata,Basilicata,559084,51897,9.28,0.79
554,2021-04-13,BAS,2113,1051,1062,1295,818,ITF,ITF5,17,Basilicata,Basilicata,559084,54010,9.66,0.38
555,2021-03-01,BAS,548,284,264,382,166,ITF,ITF5,17,Basilicata,Basilicata,559084,54558,9.76,0.1
556,2021-05-30,BAS,2773,1419,1354,922,1851,ITF,ITF5,17,Basilicata,Basilicata,559084,57331,10.25,0.5
557,2021-04-03,BAS,1808,748,1060,1471,337,ITF,ITF5,17,Basilicata,Basilicata,559084,59139,10.58,0.32
558,2021-02-05,BAS,986,443,543,64,922,ITF,ITF5,17,Basilicata,Basilicata,559084,60125,10.75,0.18
559,2021-05-16,BAS,4972,2468,2504,2859,2113,ITF,ITF5,17,Basilicata,Basilicata,559084,65097,11.64,0.89
560,2021-01-15,BAS,813,350,463,813,0,ITF,ITF5,17,Basilicata,Basilicata,559084,65910,11.79,0.15
561,2020-12-27,BAS,106,41,65,106,0,ITF,ITF5,17,Basilicata,Basilicata,559084,66016,11.81,0.02
562,2021-03-20,BAS,1294,573,721,281,1013,ITF,ITF5,17,Basilicata,Basilicata,559084,67310,12.04,0.23
563,2021-03-06,BAS,1357,536,821,760,597,ITF,ITF5,17,Basilicata,Basilicata,559084,68667,12.28,0.24
564,2021-05-09,BAS,4683,2339,2344,2989,1694,ITF,ITF5,17,Basilicata,Basilicata,559084,73350,13.12,0.84
565,2021-01-10,BAS,77,24,53,77,0,ITF,ITF5,17,Basilicata,Basilicata,559084,73427,13.13,0.01
566,2021-04-20,BAS,4033,1920,2113,2202,1831,ITF,ITF5,17,Basilicata,Basilicata,559084,77460,13.85,0.72
567,2021-01-08,BAS,554,219,335,554,0,ITF,ITF5,17,Basilicata,Basilicata,559084,78014,13.95,0.1
568,2021-03-15,BAS,2356,983,1373,524,1832,ITF,ITF5,17,Basilicata,Basilicata,559084,80370,14.38,0.42
569,2021-01-17,BAS,328,133,195,327,1,ITF,ITF5,17,Basilicata,Basilicata,559084,80698,14.43,0.06
570,2021-04-27,BAS,4727,2242,2485,4402,325,ITF,ITF5,17,Basilicata,Basilicata,559084,85425,15.28,0.85
571,2021-06-01,BAS,6135,2925,3210,3059,3076,ITF,ITF5,17,Basilicata,Basilicata,559084,91560,16.38,1.1
572,2021-06-08,BAS,4667,2224,2443,4219,448,ITF,ITF5,17,Basilicata,Basilicata,559084,96227,17.21,0.83
573,2021-04-12,BAS,2168,1049,1119,1680,488,ITF,ITF5,17,Basilicata,Basilicata,559084,98395,17.6,0.39
574,2021-06-18,BAS,4451,2058,2393,2193,2258,ITF,ITF5,17,Basilicata,Basilicata,559084,102846,18.4,0.8
575,2021-01-24,BAS,840,303,537,58,782,ITF,ITF5,17,Basilicata,Basilicata,559084,103686,18.55,0.15
576,2021-05-13,BAS,5985,2967,3018,3389,2596,ITF,ITF5,17,Basilicata,Basilicata,559084,109671,19.62,1.07
577,2021-05-08,BAS,4835,2399,2436,3429,1406,ITF,ITF5,17,Basilicata,Basilicata,559084,114506,20.48,0.86
578,2021-05-11,BAS,2654,1353,1301,1621,1033,ITF,ITF5,17,Basilicata,Basilicata,559084,117160,20.96,0.47
579,2021-04-05,BAS,723,233,490,421,302,ITF,ITF5,17,Basilicata,Basilicata,559084,117883,21.09,0.13
580,2021-03-22,BAS,1187,535,652,639,548,ITF,ITF5,17,Basilicata,Basilicata,559084,119070,21.3,0.21
581,2021-03-03,BAS,1746,816,930,1187,559,ITF,ITF5,17,Basilicata,Basilicata,559084,120816,21.61,0.31
582,2021-05-25,BAS,4194,2111,2083,873,3321,ITF,ITF5,17,Basilicata,Basilicata,559084,125010,22.36,0.75
583,2021-05-23,BAS,4517,2302,2215,1533,2984,ITF,ITF5,17,Basilicata,Basilicata,559084,129527,23.17,0.81
584,2021-03-27,BAS,2246,860,1386,1818,428,ITF,ITF5,17,Basilicata,Basilicata,559084,131773,23.57,0.4
585,2021-01-07,BAS,640,319,321,640,0,ITF,ITF5,17,Basilicata,Basilicata,559084,132413,23.68,0.11
586,2021-02-19,BAS,1623,738,885,1561,62,ITF,ITF5,17,Basilicata,Basilicata,559084,134036,23.97,0.29
587,2021-03-13,BAS,1798,890,908,753,1045,ITF,ITF5,17,Basilicata,Basilicata,559084,135834,24.3,0.32
588,2021-02-07,BAS,375,159,216,49,326,ITF,ITF5,17,Basilicata,Basilicata,559084,136209,24.36,0.07
589,2021-05-18,BAS,5897,2857,3040,3405,2492,ITF,ITF5,17,Basilicata,Basilicata,559084,142106,25.42,1.05
590,2021-05-01,BAS,4703,2136,2567,3952,751,ITF,ITF5,17,Basilicata,Basilicata,559084,146809,26.26,0.84
591,2021-02-15,BAS,622,232,390,580,42,ITF,ITF5,17,Basilicata,Basilicata,559084,147431,26.37,0.11
592,2021-01-29,BAS,616,231,385,63,553,ITF,ITF5,17,Basilicata,Basilicata,559084,148047,26.48,0.11
593,2021-03-05,BAS,1855,857,998,1109,746,ITF,ITF5,17,Basilicata,Basilicata,559084,149902,26.81,0.33
594,2021-06-13,BAS,3010,1437,1573,2702,308,ITF,ITF5,17,Basilicata,Basilicata,559084,152912,27.35,0.54
595,2021-05-27,BAS,3604,1857,1747,1073,2531,ITF,ITF5,17,Basilicata,Basilicata,559084,156516,28.0,0.64
596,2021-04-24,BAS,4543,2197,2346,3530,1013,ITF,ITF5,17,Basilicata,Basilicata,559084,161059,28.81,0.81
597,2021-04-29,BAS,4831,2385,2446,4410,421,ITF,ITF5,17,Basilicata,Basilicata,559084,165890,29.67,0.86
598,2021-03-17,BAS,1453,609,844,28,1425,ITF,ITF5,17,Basilicata,Basilicata,559084,167343,29.93,0.26
599,2021-01-19,BAS,199,84,115,199,0,ITF,ITF5,17,Basilicata,Basilicata,559084,167542,29.97,0.04
600,2021-06-25,BAS,1328,608,720,935,393,ITF,ITF5,17,Basilicata,Basilicata,559084,168870,30.2,0.24
601,2021-04-19,BAS,4166,1913,2253,2528,1638,ITF,ITF5,17,Basilicata,Basilicata,559084,173036,30.95,0.75
602,2021-06-15,BAS,3208,1406,1802,2233,975,ITF,ITF5,17,Basilicata,Basilicata,559084,176244,31.52,0.57
603,2021-02-28,BAS,804,343,461,775,29,ITF,ITF5,17,Basilicata,Basilicata,559084,177048,31.67,0.14
604,2021-01-02,BAS,949,380,569,949,0,ITF,ITF5,17,Basilicata,Basilicata,559084,177997,31.84,0.17
605,2021-01-16,BAS,722,304,418,722,0,ITF,ITF5,17,Basilicata,Basilicata,559084,178719,31.97,0.13
606,2021-04-26,BAS,4465,2164,2301,4244,221,ITF,ITF5,17,Basilicata,Basilicata,559084,183184,32.77,0.8
607,2021-03-10,BAS,1680,842,838,841,839,ITF,ITF5,17,Basilicata,Basilicata,559084,184864,33.07,0.3
608,2021-01-26,BAS,799,353,446,101,698,ITF,ITF5,17,Basilicata,Basilicata,559084,185663,33.21,0.14
609,2021-05-06,BAS,5052,2435,2617,3483,1569,ITF,ITF5,17,Basilicata,Basilicata,559084,190715,34.11,0.9
610,2021-05-15,BAS,6529,3344,3185,3958,2571,ITF,ITF5,17,Basilicata,Basilicata,559084,197244,35.28,1.17
611,2021-04-02,BAS,2317,1046,1271,1713,604,ITF,ITF5,17,Basilicata,Basilicata,559084,199561,35.69,0.41
612,2021-02-04,BAS,1096,442,654,63,1033,ITF,ITF5,17,Basilicata,Basilicata,559084,200657,35.89,0.2
613,2021-02-02,BAS,367,143,224,175,192,ITF,ITF5,17,Basilicata,Basilicata,559084,201024,35.96,0.07
614,2021-01-22,BAS,67,24,43,67,0,ITF,ITF5,17,Basilicata,Basilicata,559084,201091,35.97,0.01
615,2021-05-02,BAS,4180,2001,2179,3551,629,ITF,ITF5,17,Basilicata,Basilicata,559084,205271,36.72,0.75
616,2021-04-15,BAS,3386,1659,1727,2632,754,ITF,ITF5,17,Basilicata,Basilicata,559084,208657,37.32,0.61
617,2021-01-03,BAS,901,344,557,901,0,ITF,ITF5,17,Basilicata,Basilicata,559084,209558,37.48,0.16
618,2021-02-14,BAS,151,48,103,151,0,ITF,ITF5,17,Basilicata,Basilicata,559084,209709,37.51,0.03
619,2021-01-31,BAS,77,24,53,0,77,ITF,ITF5,17,Basilicata,Basilicata,559084,209786,37.52,0.01
620,2021-01-12,BAS,217,88,129,217,0,ITF,ITF5,17,Basilicata,Basilicata,559084,210003,37.56,0.04
621,2021-05-10,BAS,4805,2383,2422,2763,2042,ITF,ITF5,17,Basilicata,Basilicata,559084,214808,38.42,0.86
622,2021-02-12,BAS,775,332,443,744,31,ITF,ITF5,17,Basilicata,Basilicata,559084,215583,38.56,0.14
623,2021-04-10,BAS,1032,378,654,949,83,ITF,ITF5,17,Basilicata,Basilicata,559084,216615,38.74,0.18
624,2021-06-24,BAS,4124,1953,2171,2219,1905,ITF,ITF5,17,Basilicata,Basilicata,559084,220739,39.48,0.74
625,2021-04-28,BAS,4704,2158,2546,4263,441,ITF,ITF5,17,Basilicata,Basilicata,559084,225443,40.32,0.84
626,2021-03-02,BAS,797,384,413,661,136,ITF,ITF5,17,Basilicata,Basilicata,559084,226240,40.47,0.14
627,2021-06-10,BAS,4340,2099,2241,3899,441,ITF,ITF5,17,Basilicata,Basilicata,559084,230580,41.24,0.78
628,2021-06-17,BAS,4421,2034,2387,2103,2318,ITF,ITF5,17,Basilicata,Basilicata,559084,235001,42.03,0.79
629,2021-04-21,BAS,3922,1835,2087,2272,1650,ITF,ITF5,17,Basilicata,Basilicata,559084,238923,42.73,0.7
630,2021-01-18,BAS,463,157,306,364,99,ITF,ITF5,17,Basilicata,Basilicata,559084,239386,42.82,0.08
631,2021-03-16,BAS,1908,802,1106,229,1679,ITF,ITF5,17,Basilicata,Basilicata,559084,241294,43.16,0.34
632,2021-03-24,BAS,1895,724,1171,1497,398,ITF,ITF5,17,Basilicata,Basilicata,559084,243189,43.5,0.34
633,2021-02-11,BAS,952,401,551,869,83,ITF,ITF5,17,Basilicata,Basilicata,559084,244141,43.67,0.17
634,2021-04-09,BAS,1151,350,801,1088,63,ITF,ITF5,17,Basilicata,Basilicata,559084,245292,43.87,0.21
635,2021-02-27,BAS,1993,861,1132,1829,164,ITF,ITF5,17,Basilicata,Basilicata,559084,247285,44.23,0.36
636,2021-06-07,BAS,4276,1933,2343,3960,316,ITF,ITF5,17,Basilicata,Basilicata,559084,251561,45.0,0.76
637,2021-04-11,BAS,848,330,518,785,63,ITF,ITF5,17,Basilicata,Basilicata,559084,252409,45.15,0.15
638,2021-02-26,BAS,2149,904,1245,2069,80,ITF,ITF5,17,Basilicata,Basilicata,559084,254558,45.53,0.38
639,2021-05-20,BAS,5857,2965,2892,2892,2965,ITF,ITF5,17,Basilicata,Basilicata,559084,260415,46.58,1.05
640,2021-06-06,BAS,4502,2070,2432,3723,779,ITF,ITF5,17,Basilicata,Basilicata,559084,264917,47.38,0.81
641,2021-04-14,BAS,2041,998,1043,1367,674,ITF,ITF5,17,Basilicata,Basilicata,559084,266958,47.75,0.37
642,2021-01-21,BAS,30,10,20,30,0,ITF,ITF5,17,Basilicata,Basilicata,559084,266988,47.75,0.01
643,2021-01-04,BAS,607,271,336,607,0,ITF,ITF5,17,Basilicata,Basilicata,559084,267595,47.86,0.11
644,2021-01-23,BAS,720,304,416,33,687,ITF,ITF5,17,Basilicata,Basilicata,559084,268315,47.99,0.13
645,2021-05-03,BAS,4513,2043,2470,3685,828,ITF,ITF5,17,Basilicata,Basilicata,559084,272828,48.8,0.81
646,2021-02-09,BAS,491,213,278,316,175,ITF,ITF5,17,Basilicata,Basilicata,559084,273319,48.89,0.09
647,2021-06-21,BAS,4242,2038,2204,2151,2091,ITF,ITF5,17,Basilicata,Basilicata,559084,277561,49.65,0.76
648,2021-06-19,BAS,4460,2175,2285,2388,2072,ITF,ITF5,17,Basilicata,Basilicata,559084,282021,50.44,0.8
649,2021-03-28,BAS,2142,743,1399,2125,17,ITF,ITF5,17,Basilicata,Basilicata,559084,284163,50.83,0.38
650,2021-04-04,BAS,610,225,385,197,413,ITF,ITF5,17,Basilicata,Basilicata,559084,284773,50.94,0.11
651,2021-02-21,BAS,284,113,171,284,0,ITF,ITF5,17,Basilicata,Basilicata,559084,285057,50.99,0.05
652,2021-03-07,BAS,889,309,580,851,38,ITF,ITF5,17,Basilicata,Basilicata,559084,285946,51.15,0.16
653,2021-01-09,BAS,557,160,397,557,0,ITF,ITF5,17,Basilicata,Basilicata,559084,286503,51.25,0.1
654,2021-05-07,BAS,4649,2284,2365,3295,1354,ITF,ITF5,17,Basilicata,Basilicata,559084,291152,52.08,0.83
655,2021-04-17,BAS,3461,1655,1806,2199,1262,ITF,ITF5,17,Basilicata,Basilicata,559084,294613,52.7,0.62
656,2021-03-29,BAS,2434,880,1554,2147,287,ITF,ITF5,17,Basilicata,Basilicata,559084,297047,53.13,0.44
657,2021-01-05,BAS,946,409,537,946,0,ITF,ITF5,17,Basilicata,Basilicata,559084,297993,53.3,0.17
658,2021-06-20,BAS,4005,1880,2125,1968,2037,ITF,ITF5,17,Basilicata,Basilicata,559084,301998,54.02,0.72
659,2021-03-14,BAS,1010,477,533,541,469,ITF,ITF5,17,Basilicata,Basilicata,559084,303008,54.2,0.18
660,2021-03-31,BAS,3094,1258,1836,2312,782,ITF,ITF5,17,Basilicata,Basilicata,559084,306102,54.75,0.55
661,2021-06-22,BAS,4362,2069,2293,2260,2102,ITF,ITF5,17,Basilicata,Basilicata,559084,310464,55.53,0.78
662,2021-06-05,BAS,4796,2206,2590,3853,943,ITF,ITF5,17,Basilicata,Basilicata,559084,315260,56.39,0.86
663,2021-03-11,BAS,1794,928,866,835,959,ITF,ITF5,17,Basilicata,Basilicata,559084,317054,56.71,0.32
664,2021-03-30,BAS,2741,1157,1584,2396,345,ITF,ITF5,17,Basilicata,Basilicata,559084,319795,57.2,0.49
665,2021-01-06,BAS,294,129,165,294,0,ITF,ITF5,17,Basilicata,Basilicata,559084,320089,57.25,0.05
666,2021-04-16,BAS,3319,1632,1687,2421,898,ITF,ITF5,17,Basilicata,Basilicata,559084,323408,57.85,0.59
667,2021-05-05,BAS,4335,2048,2287,3445,890,ITF,ITF5,17,Basilicata,Basilicata,559084,327743,58.62,0.78
668,2021-03-09,BAS,1400,713,687,794,606,ITF,ITF5,17,Basilicata,Basilicata,559084,329143,58.87,0.25
669,2021-01-25,BAS,1024,429,595,74,950,ITF,ITF5,17,Basilicata,Basilicata,559084,330167,59.05,0.18
670,2021-01-11,BAS,183,66,117,183,0,ITF,ITF5,17,Basilicata,Basilicata,559084,330350,59.09,0.03
671,2021-05-14,BAS,5907,2799,3108,3376,2531,ITF,ITF5,17,Basilicata,Basilicata,559084,336257,60.14,1.06
672,2021-03-18,BAS,1350,564,786,25,1325,ITF,ITF5,17,Basilicata,Basilicata,559084,337607,60.39,0.24
673,2021-05-22,BAS,5488,2723,2765,1937,3551,ITF,ITF5,17,Basilicata,Basilicata,559084,343095,61.37,0.98
674,2021-03-26,BAS,1955,703,1252,1695,260,ITF,ITF5,17,Basilicata,Basilicata,559084,345050,61.72,0.35
675,2021-02-13,BAS,799,313,486,738,61,ITF,ITF5,17,Basilicata,Basilicata,559084,345849,61.86,0.14
676,2021-05-24,BAS,4832,2343,2489,1102,3730,ITF,ITF5,17,Basilicata,Basilicata,559084,350681,62.72,0.86
677,2021-02-23,BAS,1901,771,1130,1763,138,ITF,ITF5,17,Basilicata,Basilicata,559084,352582,63.06,0.34
678,2021-06-03,BAS,4919,2256,2663,3738,1181,ITF,ITF5,17,Basilicata,Basilicata,559084,357501,63.94,0.88
679,2021-03-12,BAS,1905,980,925,805,1100,ITF,ITF5,17,Basilicata,Basilicata,559084,359406,64.28,0.34
680,2021-05-17,BAS,5540,2732,2808,3407,2133,ITF,ITF5,17,Basilicata,Basilicata,559084,364946,65.28,0.99
681,2021-03-21,BAS,1055,487,568,360,695,ITF,ITF5,17,Basilicata,Basilicata,559084,366001,65.46,0.19
682,2021-05-29,BAS,3059,1534,1525,834,2225,ITF,ITF5,17,Basilicata,Basilicata,559084,369060,66.01,0.55
683,2021-01-13,BAS,916,387,529,916,0,ITF,ITF5,17,Basilicata,Basilicata,559084,369976,66.18,0.16
684,2021-04-23,BAS,4536,2185,2351,3536,1000,ITF,ITF5,17,Basilicata,Basilicata,559084,374512,66.99,0.81
685,2021-01-30,BAS,706,229,477,129,577,ITF,ITF5,17,Basilicata,Basilicata,559084,375218,67.11,0.13
686,2021-03-04,BAS,1881,892,989,1085,796,ITF,ITF5,17,Basilicata,Basilicata,559084,377099,67.45,0.34
687,2021-06-12,BAS,3674,1687,1987,2988,686,ITF,ITF5,17,Basilicata,Basilicata,559084,380773,68.11,0.66
688,2021-06-02,BAS,5959,2804,3155,4416,1543,ITF,ITF5,17,Basilicata,Basilicata,559084,386732,69.17,1.07
689,2021-04-18,BAS,3720,1847,1873,2352,1368,ITF,ITF5,17,Basilicata,Basilicata,559084,390452,69.84,0.67
690,2021-02-20,BAS,1163,532,631,1044,119,ITF,ITF5,17,Basilicata,Basilicata,559084,391615,70.05,0.21
691,2021-05-31,BAS,4229,2009,2220,1721,2508,ITF,ITF5,17,Basilicata,Basilicata,559084,395844,70.8,0.76
692,2021-02-18,BAS,1070,401,669,855,215,ITF,ITF5,17,Basilicata,Basilicata,559084,396914,70.99,0.19
693,2021-02-08,BAS,557,193,364,151,406,ITF,ITF5,17,Basilicata,Basilicata,559084,397471,71.09,0.1
694,2021-05-19,BAS,2870,1497,1373,1193,1677,ITF,ITF5,17,Basilicata,Basilicata,559084,400341,71.61,0.51
695,2021-02-25,BAS,1787,736,1051,1741,46,ITF,ITF5,17,Basilicata,Basilicata,559084,402128,71.93,0.32
696,2021-02-06,BAS,903,367,536,146,757,ITF,ITF5,17,Basilicata,Basilicata,559084,403031,72.09,0.16
697,2021-04-30,BAS,5284,2373,2911,4122,1162,ITF,ITF5,17,Basilicata,Basilicata,559084,408315,73.03,0.95
698,2021-01-20,BAS,84,22,62,84,0,ITF,ITF5,17,Basilicata,Basilicata,559084,408399,73.05,0.02
699,2021-03-19,BAS,2295,995,1300,265,2030,ITF,ITF5,17,Basilicata,Basilicata,559084,410694,73.46,0.41
700,2021-02-16,BAS,906,377,529,808,98,ITF,ITF5,17,Basilicata,Basilicata,559084,411600,73.62,0.16
701,2021-01-28,BAS,904,402,502,119,785,ITF,ITF5,17,Basilicata,Basilicata,559084,412504,73.78,0.16
702,2021-01-14,BAS,969,413,556,969,0,ITF,ITF5,17,Basilicata,Basilicata,559084,413473,73.96,0.17
703,2021-04-07,BAS,1212,551,661,1174,38,ITF,ITF5,17,Basilicata,Basilicata,559084,414685,74.17,0.22
704,2021-04-25,BAS,2986,1457,1529,2934,52,ITF,ITF5,17,Basilicata,Basilicata,559084,417671,74.71,0.53
705,2021-05-12,BAS,4724,2327,2397,2842,1882,ITF,ITF5,17,Basilicata,Basilicata,559084,422395,75.55,0.84
706,2021-04-06,BAS,1267,461,806,1082,185,ITF,ITF5,17,Basilicata,Basilicata,559084,423662,75.78,0.23
707,2021-06-14,BAS,4811,2148,2663,2103,2708,ITF,ITF5,17,Basilicata,Basilicata,559084,428473,76.64,0.86
708,2021-03-23,BAS,1591,610,981,1423,168,ITF,ITF5,17,Basilicata,Basilicata,559084,430064,76.92,0.28
709,2021-02-01,BAS,242,91,151,46,196,ITF,ITF5,17,Basilicata,Basilicata,559084,430306,76.97,0.04
710,2021-05-26,BAS,4489,2260,2229,1707,2782,ITF,ITF5,17,Basilicata,Basilicata,559084,434795,77.77,0.8
711,2021-01-27,VDA,151,71,80,79,72,ITC,ITC2,2,Valle d'Aosta / Vallée d'Aoste,Valle d'Aosta,125666,151,0.12,0.12
712,2021-04-20,VDA,933,430,503,739,194,ITC,ITC2,2,Valle d'Aosta / Vallée d'Aoste,Valle d'Aosta,125666,1084,0.86,0.74
713,2021-01-10,VDA,220,71,149,220,0,ITC,ITC2,2,Valle d'Aosta / Vallée d'Aoste,Valle d'Aosta,125666,1304,1.04,0.18
714,2020-12-27,VDA,20,9,11,20,0,ITC,ITC2,2,Valle d'Aosta / Vallée d'Aoste,Valle d'Aosta,125666,1324,1.05,0.02
715,2021-06-09,VDA,1027,535,492,991,36,ITC,ITC2,2,Valle d'Aosta / Vallée d'Aoste,Valle d'Aosta,125666,2351,1.87,0.82
716,2021-03-01,VDA,181,66,115,147,34,ITC,ITC2,2,Valle d'Aosta / Vallée d'Aoste,Valle d'Aosta,125666,2532,2.01,0.14
717,2021-02-15,VDA,264,136,128,229,35,ITC,ITC2,2,Valle d'Aosta / Vallée d'Aoste,Valle d'Aosta,125666,2796,2.22,0.21
718,2021-03-08,VDA,485,233,252,240,245,ITC,ITC2,2,Valle d'Aosta / Vallée d'Aoste,Valle d'Aosta,125666,3281,2.61,0.39
719,2021-05-04,VDA,1135,510,625,462,673,ITC,ITC2,2,Valle d'Aosta / Vallée d'Aoste,Valle d'Aosta,125666,4416,3.51,0.9
720,2021-06-16,VDA,683,365,318,642,41,ITC,ITC2,2,Valle d'Aosta / Vallée d'Aoste,Valle d'Aosta,125666,5099,4.06,0.54
721,2021-03-15,VDA,362,123,239,159,203,ITC,ITC2,2,Valle d'Aosta / Vallée d'Aoste,Valle d'Aosta,125666,5461,4.35,0.29
722,2021-05-11,VDA,647,325,322,496,151,ITC,ITC2,2,Valle d'Aosta / Vallée d'Aoste,Valle d'Aosta,125666,6108,4.86,0.51
723,2021-04-27,VDA,978,423,555,686,292,ITC,ITC2,2,Valle d'Aosta / Vallée d'Aoste,Valle d'Aosta,125666,7086,5.64,0.78
724,2021-01-17,VDA,131,56,75,131,0,ITC,ITC2,2,Valle d'Aosta / Vallée d'Aoste,Valle d'Aosta,125666,7217,5.74,0.1
725,2021-06-23,VDA,1043,551,492,427,616,ITC,ITC2,2,Valle d'Aosta / Vallée d'Aoste,Valle d'Aosta,125666,8260,6.57,0.83
726,2021-04-15,VDA,810,377,433,671,139,ITC,ITC2,2,Valle d'Aosta / Vallée d'Aoste,Valle d'Aosta,125666,9070,7.22,0.64
727,2021-04-13,VDA,373,171,202,329,44,ITC,ITC2,2,Valle d'Aosta / Vallée d'Aoste,Valle d'Aosta,125666,9443,7.51,0.3
728,2021-03-27,VDA,333,164,169,302,31,ITC,ITC2,2,Valle d'Aosta / Vallée d'Aoste,Valle d'Aosta,125666,9776,7.78,0.26
729,2021-02-03,VDA,351,114,237,14,337,ITC,ITC2,2,Valle d'Aosta / Vallée d'Aoste,Valle d'Aosta,125666,10127,8.06,0.28
730,2021-04-01,VDA,776,394,382,764,12,ITC,ITC2,2,Valle d'Aosta / Vallée d'Aoste,Valle d'Aosta,125666,10903,8.68,0.62
731,2021-02-24,VDA,183,82,101,164,19,ITC,ITC2,2,Valle d'Aosta / Vallée d'Aoste,Valle d'Aosta,125666,11086,8.82,0.15
732,2021-05-02,VDA,765,345,420,605,160,ITC,ITC2,2,Valle d'Aosta / Vallée d'Aoste,Valle d'Aosta,125666,11851,9.43,0.61
733,2021-01-22,VDA,56,21,35,20,36,ITC,ITC2,2,Valle d'Aosta / Vallée d'Aoste,Valle d'Aosta,125666,11907,9.48,0.04
734,2021-01-08,VDA,299,130,169,299,0,ITC,ITC2,2,Valle d'Aosta / Vallée d'Aoste,Valle d'Aosta,125666,12206,9.71,0.24
735,2021-03-06,VDA,22,4,18,22,0,ITC,ITC2,2,Valle d'Aosta / Vallée d'Aoste,Valle d'Aosta,125666,12228,9.73,0.02
736,2021-04-03,VDA,676,341,335,661,15,ITC,ITC2,2,Valle d'Aosta / Vallée d'Aoste,Valle d'Aosta,125666,12904,10.27,0.54
737,2021-03-20,VDA,208,86,122,172,36,ITC,ITC2,2,Valle d'Aosta / Vallée d'Aoste,Valle d'Aosta,125666,13112,10.43,0.17
738,2021-06-11,VDA,1047,483,564,764,283,ITC,ITC2,2,Valle d'Aosta / Vallée d'Aoste,Valle d'Aosta,125666,14159,11.27,0.83
739,2021-05-23,VDA,999,465,534,658,341,ITC,ITC2,2,Valle d'Aosta / Vallée d'Aoste,Valle d'Aosta,125666,15158,12.06,0.79
740,2021-01-29,VDA,318,138,180,2,316,ITC,ITC2,2,Valle d'Aosta / Vallée d'Aoste,Valle d'Aosta,125666,15476,12.32,0.25
741,2021-04-22,VDA,1068,450,618,685,383,ITC,ITC2,2,Valle d'Aosta / Vallée d'Aoste,Valle d'Aosta,125666,16544,13.17,0.85
742,2021-05-09,VDA,574,287,287,444,130,ITC,ITC2,2,Valle d'Aosta / Vallée d'Aoste,Valle d'Aosta,125666,17118,13.62,0.46
743,2021-05-30,VDA,865,429,436,694,171,ITC,ITC2,2,Valle d'Aosta / Vallée d'Aoste,Valle d'Aosta,125666,17983,14.31,0.69
744,2021-05-28,VDA,975,414,561,563,412,ITC,ITC2,2,Valle d'Aosta / Vallée d'Aoste,Valle d'Aosta,125666,18958,15.09,0.78
745,2021-02-17,VDA,327,144,183,227,100,ITC,ITC2,2,Valle d'Aosta / Vallée d'Aoste,Valle d'Aosta,125666,19285,15.35,0.26
746,2021-02-10,VDA,248,77,171,141,107,ITC,ITC2,2,Valle d'Aosta / Vallée d'Aoste,Valle d'Aosta,125666,19533,15.54,0.2
747,2021-01-31,VDA,291,91,200,58,233,ITC,ITC2,2,Valle d'Aosta / Vallée d'Aoste,Valle d'Aosta,125666,19824,15.78,0.23
748,2021-04-08,VDA,584,282,302,441,143,ITC,ITC2,2,Valle d'Aosta / Vallée d'Aoste,Valle d'Aosta,125666,20408,16.24,0.46
749,2021-06-13,VDA,851,399,452,373,478,ITC,ITC2,2,Valle d'Aosta / Vallée d'Aoste,Valle d'Aosta,125666,21259,16.92,0.68
750,2021-06-08,VDA,712,356,356,679,33,ITC,ITC2,2,Valle d'Aosta / Vallée d'Aoste,Valle d'Aosta,125666,21971,17.48,0.57
751,2021-02-26,VDA,207,58,149,122,85,ITC,ITC2,2,Valle d'Aosta / Vallée d'Aoste,Valle d'Aosta,125666,22178,17.65,0.16
752,2021-04-10,VDA,404,190,214,399,5,ITC,ITC2,2,Valle d'Aosta / Vallée d'Aoste,Valle d'Aosta,125666,22582,17.97,0.32
753,2020-12-31,VDA,18,4,14,18,0,ITC,ITC2,2,Valle d'Aosta / Vallée d'Aoste,Valle d'Aosta,125666,22600,17.98,0.01
754,2021-05-25,VDA,1115,530,585,541,574,ITC,ITC2,2,Valle d'Aosta / Vallée d'Aoste,Valle d'Aosta,125666,23715,18.87,0.89
755,2021-02-14,VDA,48,16,32,1,47,ITC,ITC2,2,Valle d'Aosta / Vallée d'Aoste,Valle d'Aosta,125666,23763,18.91,0.04
756,2021-05-08,VDA,904,540,364,526,378,ITC,ITC2,2,Valle d'Aosta / Vallée d'Aoste,Valle d'Aosta,125666,24667,19.63,0.72
757,2021-03-13,VDA,147,88,59,147,0,ITC,ITC2,2,Valle d'Aosta / Vallée d'Aoste,Valle d'Aosta,125666,24814,19.75,0.12
758,2021-01-15,VDA,218,82,136,218,0,ITC,ITC2,2,Valle d'Aosta / Vallée d'Aoste,Valle d'Aosta,125666,25032,19.92,0.17
759,2021-03-31,VDA,555,302,253,529,26,ITC,ITC2,2,Valle d'Aosta / Vallée d'Aoste,Valle d'Aosta,125666,25587,20.36,0.44
760,2021-05-27,VDA,1089,497,592,586,503,ITC,ITC2,2,Valle d'Aosta / Vallée d'Aoste,Valle d'Aosta,125666,26676,21.23,0.87
761,2021-05-13,VDA,1139,556,583,540,599,ITC,ITC2,2,Valle d'Aosta / Vallée d'Aoste,Valle d'Aosta,125666,27815,22.13,0.91
762,2021-02-02,VDA,272,70,202,2,270,ITC,ITC2,2,Valle d'Aosta / Vallée d'Aoste,Valle d'Aosta,125666,28087,22.35,0.22
763,2021-06-25,VDA,402,161,241,3,399,ITC,ITC2,2,Valle d'Aosta / Vallée d'Aoste,Valle d'Aosta,125666,28489,22.67,0.32
764,2021-06-18,VDA,998,443,555,599,399,ITC,ITC2,2,Valle d'Aosta / Vallée d'Aoste,Valle d'Aosta,125666,29487,23.46,0.79
765,2021-03-29,VDA,493,233,260,453,40,ITC,ITC2,2,Valle d'Aosta / Vallée d'Aoste,Valle d'Aosta,125666,29980,23.86,0.39
766,2021-06-20,VDA,1131,545,586,487,644,ITC,ITC2,2,Valle d'Aosta / Vallée d'Aoste,Valle d'Aosta,125666,31111,24.76,0.9
767,2021-03-12,VDA,531,175,356,305,226,ITC,ITC2,2,Valle d'Aosta / Vallée d'Aoste,Valle d'Aosta,125666,31642,25.18,0.42
768,2021-03-17,VDA,433,185,248,273,160,ITC,ITC2,2,Valle d'Aosta / Vallée d'Aoste,Valle d'Aosta,125666,32075,25.52,0.34
769,2021-03-03,VDA,255,118,137,187,68,ITC,ITC2,2,Valle d'Aosta / Vallée d'Aoste,Valle d'Aosta,125666,32330,25.73,0.2
770,2021-01-26,VDA,139,48,91,0,139,ITC,ITC2,2,Valle d'Aosta / Vallée d'Aoste,Valle d'Aosta,125666,32469,25.84,0.11
771,2021-02-12,VDA,263,96,167,217,46,ITC,ITC2,2,Valle d'Aosta / Vallée d'Aoste,Valle d'Aosta,125666,32732,26.05,0.21
772,2021-03-25,VDA,389,154,235,379,10,ITC,ITC2,2,Valle d'Aosta / Vallée d'Aoste,Valle d'Aosta,125666,33121,26.36,0.31
773,2021-05-21,VDA,917,433,484,531,386,ITC,ITC2,2,Valle d'Aosta / Vallée d'Aoste,Valle d'Aosta,125666,34038,27.09,0.73
774,2021-04-17,VDA,638,407,231,636,2,ITC,ITC2,2,Valle d'Aosta / Vallée d'Aoste,Valle d'Aosta,125666,34676,27.59,0.51
775,2021-01-07,VDA,276,111,165,276,0,ITC,ITC2,2,Valle d'Aosta / Vallée d'Aoste,Valle d'Aosta,125666,34952,27.81,0.22
776,2021-02-19,VDA,292,102,190,268,24,ITC,ITC2,2,Valle d'Aosta / Vallée d'Aoste,Valle d'Aosta,125666,35244,28.05,0.23
777,2021-01-05,VDA,150,54,96,150,0,ITC,ITC2,2,Valle d'Aosta / Vallée d'Aoste,Valle d'Aosta,125666,35394,28.17,0.12
778,2021-01-14,VDA,237,69,168,237,0,ITC,ITC2,2,Valle d'Aosta / Vallée d'Aoste,Valle d'Aosta,125666,35631,28.35,0.19
779,2021-04-24,VDA,722,400,322,555,167,ITC,ITC2,2,Valle d'Aosta / Vallée d'Aoste,Valle d'Aosta,125666,36353,28.93,0.57
780,2021-03-22,VDA,560,205,355,333,227,ITC,ITC2,2,Valle d'Aosta / Vallée d'Aoste,Valle d'Aosta,125666,36913,29.37,0.45
781,2021-06-05,VDA,925,476,449,737,188,ITC,ITC2,2,Valle d'Aosta / Vallée d'Aoste,Valle d'Aosta,125666,37838,30.11,0.74
782,2021-02-11,VDA,231,107,124,222,9,ITC,ITC2,2,Valle d'Aosta / Vallée d'Aoste,Valle d'Aosta,125666,38069,30.29,0.18
783,2021-04-09,VDA,237,111,126,204,33,ITC,ITC2,2,Valle d'Aosta / Vallée d'Aoste,Valle d'Aosta,125666,38306,30.48,0.19
784,2021-05-22,VDA,940,494,446,540,400,ITC,ITC2,2,Valle d'Aosta / Vallée d'Aoste,Valle d'Aosta,125666,39246,31.23,0.75
785,2021-04-16,VDA,599,261,338,597,2,ITC,ITC2,2,Valle d'Aosta / Vallée d'Aoste,Valle d'Aosta,125666,39845,31.71,0.48
786,2021-06-06,VDA,1160,582,578,787,373,ITC,ITC2,2,Valle d'Aosta / Vallée d'Aoste,Valle d'Aosta,125666,41005,32.63,0.92
787,2021-06-15,VDA,876,479,397,621,255,ITC,ITC2,2,Valle d'Aosta / Vallée d'Aoste,Valle d'Aosta,125666,41881,33.33,0.7
788,2021-03-05,VDA,275,124,151,53,222,ITC,ITC2,2,Valle d'Aosta / Vallée d'Aoste,Valle d'Aosta,125666,42156,33.55,0.22
789,2021-02-28,VDA,260,86,174,77,183,ITC,ITC2,2,Valle d'Aosta / Vallée d'Aoste,Valle d'Aosta,125666,42416,33.75,0.21
790,2021-05-05,VDA,1038,566,472,456,582,ITC,ITC2,2,Valle d'Aosta / Vallée d'Aoste,Valle d'Aosta,125666,43454,34.58,0.83
791,2021-02-05,VDA,294,102,192,101,193,ITC,ITC2,2,Valle d'Aosta / Vallée d'Aoste,Valle d'Aosta,125666,43748,34.81,0.23
792,2021-02-22,VDA,316,94,222,213,103,ITC,ITC2,2,Valle d'Aosta / Vallée d'Aoste,Valle d'Aosta,125666,44064,35.06,0.25
793,2021-05-16,VDA,688,341,347,347,341,ITC,ITC2,2,Valle d'Aosta / Vallée d'Aoste,Valle d'Aosta,125666,44752,35.61,0.55
794,2021-06-04,VDA,908,383,525,474,434,ITC,ITC2,2,Valle d'Aosta / Vallée d'Aoste,Valle d'Aosta,125666,45660,36.33,0.72
795,2021-04-05,VDA,464,223,241,458,6,ITC,ITC2,2,Valle d'Aosta / Vallée d'Aoste,Valle d'Aosta,125666,46124,36.7,0.37
796,2021-01-28,VDA,291,123,168,56,235,ITC,ITC2,2,Valle d'Aosta / Vallée d'Aoste,Valle d'Aosta,125666,46415,36.94,0.23
797,2021-05-20,VDA,807,363,444,367,440,ITC,ITC2,2,Valle d'Aosta / Vallée d'Aoste,Valle d'Aosta,125666,47222,37.58,0.64
798,2021-03-24,VDA,515,230,285,258,257,ITC,ITC2,2,Valle d'Aosta / Vallée d'Aoste,Valle d'Aosta,125666,47737,37.99,0.41
799,2021-05-06,VDA,1063,509,554,679,384,ITC,ITC2,2,Valle d'Aosta / Vallée d'Aoste,Valle d'Aosta,125666,48800,38.83,0.85
800,2021-02-16,VDA,326,53,273,320,6,ITC,ITC2,2,Valle d'Aosta / Vallée d'Aoste,Valle d'Aosta,125666,49126,39.09,0.26
801,2021-04-07,VDA,910,474,436,681,229,ITC,ITC2,2,Valle d'Aosta / Vallée d'Aoste,Valle d'Aosta,125666,50036,39.82,0.72
802,2021-02-09,VDA,251,84,167,68,183,ITC,ITC2,2,Valle d'Aosta / Vallée d'Aoste,Valle d'Aosta,125666,50287,40.02,0.2
803,2021-04-19,VDA,751,325,426,542,209,ITC,ITC2,2,Valle d'Aosta / Vallée d'Aoste,Valle d'Aosta,125666,51038,40.61,0.6
804,2021-01-16,VDA,237,80,157,237,0,ITC,ITC2,2,Valle d'Aosta / Vallée d'Aoste,Valle d'Aosta,125666,51275,40.8,0.19
805,2021-06-22,VDA,1189,666,523,541,648,ITC,ITC2,2,Valle d'Aosta / Vallée d'Aoste,Valle d'Aosta,125666,52464,41.75,0.95
806,2021-03-14,VDA,392,200,192,392,0,ITC,ITC2,2,Valle d'Aosta / Vallée d'Aoste,Valle d'Aosta,125666,52856,42.06,0.31
807,2021-04-26,VDA,715,327,388,545,170,ITC,ITC2,2,Valle d'Aosta / Vallée d'Aoste,Valle d'Aosta,125666,53571,42.63,0.57
808,2021-05-03,VDA,839,400,439,488,351,ITC,ITC2,2,Valle d'Aosta / Vallée d'Aoste,Valle d'Aosta,125666,54410,43.3,0.67
809,2021-03-07,VDA,64,30,34,11,53,ITC,ITC2,2,Valle d'Aosta / Vallée d'Aoste,Valle d'Aosta,125666,54474,43.35,0.05
810,2021-01-30,VDA,439,202,237,14,425,ITC,ITC2,2,Valle d'Aosta / Vallée d'Aoste,Valle d'Aosta,125666,54913,43.7,0.35
811,2021-03-10,VDA,438,183,255,225,213,ITC,ITC2,2,Valle d'Aosta / Vallée d'Aoste,Valle d'Aosta,125666,55351,44.05,0.35
812,2021-02-21,VDA,18,3,15,0,18,ITC,ITC2,2,Valle d'Aosta / Vallée d'Aoste,Valle d'Aosta,125666,55369,44.06,0.01
813,2021-06-01,VDA,871,469,402,518,353,ITC,ITC2,2,Valle d'Aosta / Vallée d'Aoste,Valle d'Aosta,125666,56240,44.75,0.69
814,2021-02-23,VDA,216,123,93,216,0,ITC,ITC2,2,Valle d'Aosta / Vallée d'Aoste,Valle d'Aosta,125666,56456,44.93,0.17
815,2021-06-03,VDA,1306,667,639,896,410,ITC,ITC2,2,Valle d'Aosta / Vallée d'Aoste,Valle d'Aosta,125666,57762,45.96,1.04
816,2021-05-17,VDA,809,417,392,375,434,ITC,ITC2,2,Valle d'Aosta / Vallée d'Aoste,Valle d'Aosta,125666,58571,46.61,0.64
817,2021-05-15,VDA,1065,614,451,380,685,ITC,ITC2,2,Valle d'Aosta / Vallée d'Aoste,Valle d'Aosta,125666,59636,47.46,0.85
818,2021-02-04,VDA,294,86,208,8,286,ITC,ITC2,2,Valle d'Aosta / Vallée d'Aoste,Valle d'Aosta,125666,59930,47.69,0.23
819,2021-04-28,VDA,1218,632,586,715,503,ITC,ITC2,2,Valle d'Aosta / Vallée d'Aoste,Valle d'Aosta,125666,61148,48.66,0.97
820,2021-01-25,VDA,147,65,82,0,147,ITC,ITC2,2,Valle d'Aosta / Vallée d'Aoste,Valle d'Aosta,125666,61295,48.78,0.12
821,2021-05-14,VDA,960,442,518,291,669,ITC,ITC2,2,Valle d'Aosta / Vallée d'Aoste,Valle d'Aosta,125666,62255,49.54,0.76
822,2021-02-01,VDA,404,127,277,87,317,ITC,ITC2,2,Valle d'Aosta / Vallée d'Aoste,Valle d'Aosta,125666,62659,49.86,0.32
823,2021-03-30,VDA,402,223,179,382,20,ITC,ITC2,2,Valle d'Aosta / Vallée d'Aoste,Valle d'Aosta,125666,63061,50.18,0.32
824,2021-05-12,VDA,1140,549,591,470,670,ITC,ITC2,2,Valle d'Aosta / Vallée d'Aoste,Valle d'Aosta,125666,64201,51.09,0.91
825,2021-04-02,VDA,873,344,529,648,225,ITC,ITC2,2,Valle d'Aosta / Vallée d'Aoste,Valle d'Aosta,125666,65074,51.78,0.69
826,2021-05-29,VDA,798,434,364,561,237,ITC,ITC2,2,Valle d'Aosta / Vallée d'Aoste,Valle d'Aosta,125666,65872,52.42,0.64
827,2021-02-25,VDA,201,101,100,194,7,ITC,ITC2,2,Valle d'Aosta / Vallée d'Aoste,Valle d'Aosta,125666,66073,52.58,0.16
828,2021-01-19,VDA,256,77,179,256,0,ITC,ITC2,2,Valle d'Aosta / Vallée d'Aoste,Valle d'Aosta,125666,66329,52.78,0.2
829,2021-04-12,VDA,486,186,300,323,163,ITC,ITC2,2,Valle d'Aosta / Vallée d'Aoste,Valle d'Aosta,125666,66815,53.17,0.39
830,2021-04-29,VDA,1291,634,657,757,534,ITC,ITC2,2,Valle d'Aosta / Vallée d'Aoste,Valle d'Aosta,125666,68106,54.2,1.03
831,2021-05-18,VDA,970,484,486,353,617,ITC,ITC2,2,Valle d'Aosta / Vallée d'Aoste,Valle d'Aosta,125666,69076,54.97,0.77
832,2021-02-07,VDA,292,120,172,190,102,ITC,ITC2,2,Valle d'Aosta / Vallée d'Aoste,Valle d'Aosta,125666,69368,55.2,0.23
833,2021-05-01,VDA,940,563,377,456,484,ITC,ITC2,2,Valle d'Aosta / Vallée d'Aoste,Valle d'Aosta,125666,70308,55.95,0.75
834,2021-04-14,VDA,941,430,511,717,224,ITC,ITC2,2,Valle d'Aosta / Vallée d'Aoste,Valle d'Aosta,125666,71249,56.7,0.75
835,2021-01-02,VDA,6,5,1,6,0,ITC,ITC2,2,Valle d'Aosta / Vallée d'Aoste,Valle d'Aosta,125666,71255,56.7,0.0
836,2021-03-26,VDA,498,204,294,491,7,ITC,ITC2,2,Valle d'Aosta / Vallée d'Aoste,Valle d'Aosta,125666,71753,57.1,0.4
837,2021-06-17,VDA,775,422,353,626,149,ITC,ITC2,2,Valle d'Aosta / Vallée d'Aoste,Valle d'Aosta,125666,72528,57.71,0.62
838,2021-02-06,VDA,289,104,185,92,197,ITC,ITC2,2,Valle d'Aosta / Vallée d'Aoste,Valle d'Aosta,125666,72817,57.94,0.23
839,2021-04-30,VDA,831,355,476,485,346,ITC,ITC2,2,Valle d'Aosta / Vallée d'Aoste,Valle d'Aosta,125666,73648,58.61,0.66
840,2021-01-20,VDA,23,8,15,23,0,ITC,ITC2,2,Valle d'Aosta / Vallée d'Aoste,Valle d'Aosta,125666,73671,58.62,0.02
841,2021-01-18,VDA,213,74,139,213,0,ITC,ITC2,2,Valle d'Aosta / Vallée d'Aoste,Valle d'Aosta,125666,73884,58.79,0.17
842,2021-04-11,VDA,479,208,271,479,0,ITC,ITC2,2,Valle d'Aosta / Vallée d'Aoste,Valle d'Aosta,125666,74363,59.18,0.38
843,2021-04-18,VDA,522,254,268,518,4,ITC,ITC2,2,Valle d'Aosta / Vallée d'Aoste,Valle d'Aosta,125666,74885,59.59,0.42
844,2021-06-14,VDA,306,163,143,12,294,ITC,ITC2,2,Valle d'Aosta / Vallée d'Aoste,Valle d'Aosta,125666,75191,59.83,0.24
845,2021-05-31,VDA,879,395,484,500,379,ITC,ITC2,2,Valle d'Aosta / Vallée d'Aoste,Valle d'Aosta,125666,76070,60.53,0.7
846,2021-04-25,VDA,849,408,441,710,139,ITC,ITC2,2,Valle d'Aosta / Vallée d'Aoste,Valle d'Aosta,125666,76919,61.21,0.68
847,2021-06-21,VDA,1122,600,522,617,505,ITC,ITC2,2,Valle d'Aosta / Vallée d'Aoste,Valle d'Aosta,125666,78041,62.1,0.89
848,2021-06-07,VDA,710,347,363,649,61,ITC,ITC2,2,Valle d'Aosta / Vallée d'Aoste,Valle d'Aosta,125666,78751,62.67,0.56
849,2021-02-27,VDA,231,85,146,124,107,ITC,ITC2,2,Valle d'Aosta / Vallée d'Aoste,Valle d'Aosta,125666,78982,62.85,0.18
850,2021-01-06,VDA,65,33,32,65,0,ITC,ITC2,2,Valle d'Aosta / Vallée d'Aoste,Valle d'Aosta,125666,79047,62.9,0.05
851,2021-02-18,VDA,349,153,196,261,88,ITC,ITC2,2,Valle d'Aosta / Vallée d'Aoste,Valle d'Aosta,125666,79396,63.18,0.28
852,2021-01-09,VDA,443,199,244,443,0,ITC,ITC2,2,Valle d'Aosta / Vallée d'Aoste,Valle d'Aosta,125666,79839,63.53,0.35
853,2021-06-24,VDA,1218,629,589,388,830,ITC,ITC2,2,Valle d'Aosta / Vallée d'Aoste,Valle d'Aosta,125666,81057,64.5,0.97
854,2021-02-08,VDA,223,83,140,25,198,ITC,ITC2,2,Valle d'Aosta / Vallée d'Aoste,Valle d'Aosta,125666,81280,64.68,0.18
855,2021-03-23,VDA,379,150,229,245,134,ITC,ITC2,2,Valle d'Aosta / Vallée d'Aoste,Valle d'Aosta,125666,81659,64.98,0.3
856,2021-05-19,VDA,993,498,495,418,575,ITC,ITC2,2,Valle d'Aosta / Vallée d'Aoste,Valle d'Aosta,125666,82652,65.77,0.79
857,2021-01-21,VDA,33,12,21,33,0,ITC,ITC2,2,Valle d'Aosta / Vallée d'Aoste,Valle d'Aosta,125666,82685,65.8,0.03
858,2021-01-04,VDA,142,59,83,142,0,ITC,ITC2,2,Valle d'Aosta / Vallée d'Aoste,Valle d'Aosta,125666,82827,65.91,0.11
859,2021-03-28,VDA,522,212,310,521,1,ITC,ITC2,2,Valle d'Aosta / Vallée d'Aoste,Valle d'Aosta,125666,83349,66.33,0.42
860,2021-03-11,VDA,197,76,121,66,131,ITC,ITC2,2,Valle d'Aosta / Vallée d'Aoste,Valle d'Aosta,125666,83546,66.48,0.16
861,2021-06-02,VDA,1215,688,527,814,401,ITC,ITC2,2,Valle d'Aosta / Vallée d'Aoste,Valle d'Aosta,125666,84761,67.45,0.97
862,2021-06-19,VDA,1287,666,621,669,618,ITC,ITC2,2,Valle d'Aosta / Vallée d'Aoste,Valle d'Aosta,125666,86048,68.47,1.02
863,2021-06-12,VDA,1232,599,633,1066,166,ITC,ITC2,2,Valle d'Aosta / Vallée d'Aoste,Valle d'Aosta,125666,87280,69.45,0.98
864,2021-03-19,VDA,322,85,237,287,35,ITC,ITC2,2,Valle d'Aosta / Vallée d'Aoste,Valle d'Aosta,125666,87602,69.71,0.26
865,2021-05-07,VDA,564,245,319,533,31,ITC,ITC2,2,Valle d'Aosta / Vallée d'Aoste,Valle d'Aosta,125666,88166,70.16,0.45
866,2021-04-23,VDA,921,443,478,538,383,ITC,ITC2,2,Valle d'Aosta / Vallée d'Aoste,Valle d'Aosta,125666,89087,70.89,0.73
867,2021-01-13,VDA,337,110,227,337,0,ITC,ITC2,2,Valle d'Aosta / Vallée d'Aoste,Valle d'Aosta,125666,89424,71.16,0.27
868,2021-04-06,VDA,741,381,360,629,112,ITC,ITC2,2,Valle d'Aosta / Vallée d'Aoste,Valle d'Aosta,125666,90165,71.75,0.59
869,2021-03-18,VDA,136,43,93,99,37,ITC,ITC2,2,Valle d'Aosta / Vallée d'Aoste,Valle d'Aosta,125666,90301,71.86,0.11
870,2021-03-04,VDA,291,139,152,42,249,ITC,ITC2,2,Valle d'Aosta / Vallée d'Aoste,Valle d'Aosta,125666,90592,72.09,0.23
871,2021-05-26,VDA,1209,587,622,576,633,ITC,ITC2,2,Valle d'Aosta / Vallée d'Aoste,Valle d'Aosta,125666,91801,73.05,0.96
872,2021-03-16,VDA,182,37,145,118,64,ITC,ITC2,2,Valle d'Aosta / Vallée d'Aoste,Valle d'Aosta,125666,91983,73.2,0.14
873,2021-03-09,VDA,206,96,110,174,32,ITC,ITC2,2,Valle d'Aosta / Vallée d'Aoste,Valle d'Aosta,125666,92189,73.36,0.16
874,2021-02-20,VDA,251,210,41,241,10,ITC,ITC2,2,Valle d'Aosta / Vallée d'Aoste,Valle d'Aosta,125666,92440,73.56,0.2
875,2021-01-12,VDA,302,72,230,302,0,ITC,ITC2,2,Valle d'Aosta / Vallée d'Aoste,Valle d'Aosta,125666,92742,73.8,0.24
876,2021-05-24,VDA,1136,516,620,689,447,ITC,ITC2,2,Valle d'Aosta / Vallée d'Aoste,Valle d'Aosta,125666,93878,74.7,0.9
877,2021-05-10,VDA,782,381,401,547,235,ITC,ITC2,2,Valle d'Aosta / Vallée d'Aoste,Valle d'Aosta,125666,94660,75.33,0.62
878,2021-04-21,VDA,868,410,458,620,248,ITC,ITC2,2,Valle d'Aosta / Vallée d'Aoste,Valle d'Aosta,125666,95528,76.02,0.69
879,2021-03-21,VDA,355,165,190,355,0,ITC,ITC2,2,Valle d'Aosta / Vallée d'Aoste,Valle d'Aosta,125666,95883,76.3,0.28
880,2021-06-10,VDA,1002,558,444,960,42,ITC,ITC2,2,Valle d'Aosta / Vallée d'Aoste,Valle d'Aosta,125666,96885,77.1,0.8
881,2021-03-02,VDA,339,166,173,336,3,ITC,ITC2,2,Valle d'Aosta / Vallée d'Aoste,Valle d'Aosta,125666,97224,77.37,0.27
882,2021-01-11,VDA,325,112,213,325,0,ITC,ITC2,2,Valle d'Aosta / Vallée d'Aoste,Valle d'Aosta,125666,97549,77.63,0.26
883,2021-04-04,VDA,572,253,319,571,1,ITC,ITC2,2,Valle d'Aosta / Vallée d'Aoste,Valle d'Aosta,125666,98121,78.08,0.46
884,2021-02-13,VDA,216,196,20,215,1,ITC,ITC2,2,Valle d'Aosta / Vallée d'Aoste,Valle d'Aosta,125666,98337,78.25,0.17
885,2021-02-06,PAT,574,298,276,433,141,ITH,ITH2,4,Provincia Autonoma Trento,P.A. Trento,541380,574,0.11,0.11
886,2021-02-23,PAT,1111,395,716,898,213,ITH,ITH2,4,Provincia Autonoma Trento,P.A. Trento,541380,1685,0.31,0.21
887,2021-05-17,PAT,4293,2122,2171,3942,351,ITH,ITH2,4,Provincia Autonoma Trento,P.A. Trento,541380,5978,1.1,0.79
888,2021-04-14,PAT,3116,1464,1652,2379,737,ITH,ITH2,4,Provincia Autonoma Trento,P.A. Trento,541380,9094,1.68,0.58
889,2021-03-28,PAT,751,294,457,749,2,ITH,ITH2,4,Provincia Autonoma Trento,P.A. Trento,541380,9845,1.82,0.14
890,2021-01-04,PAT,870,227,643,870,0,ITH,ITH2,4,Provincia Autonoma Trento,P.A. Trento,541380,10715,1.98,0.16
891,2021-05-31,PAT,4719,2173,2546,1676,3043,ITH,ITH2,4,Provincia Autonoma Trento,P.A. Trento,541380,15434,2.85,0.87
892,2021-06-12,PAT,5356,2688,2668,471,4885,ITH,ITH2,4,Provincia Autonoma Trento,P.A. Trento,541380,20790,3.84,0.99
893,2021-03-21,PAT,129,69,60,129,0,ITH,ITH2,4,Provincia Autonoma Trento,P.A. Trento,541380,20919,3.86,0.02
894,2021-05-24,PAT,4383,2012,2371,1361,3022,ITH,ITH2,4,Provincia Autonoma Trento,P.A. Trento,541380,25302,4.67,0.81
895,2021-03-02,PAT,1306,440,866,930,376,ITH,ITH2,4,Provincia Autonoma Trento,P.A. Trento,541380,26608,4.91,0.24
896,2021-06-10,PAT,6119,2977,3142,1915,4204,ITH,ITH2,4,Provincia Autonoma Trento,P.A. Trento,541380,32727,6.05,1.13
897,2021-03-09,PAT,1582,590,992,938,644,ITH,ITH2,4,Provincia Autonoma Trento,P.A. Trento,541380,34309,6.34,0.29
898,2021-06-17,PAT,6574,3449,3125,2107,4467,ITH,ITH2,4,Provincia Autonoma Trento,P.A. Trento,541380,40883,7.55,1.21
899,2021-03-14,PAT,108,65,43,21,87,ITH,ITH2,4,Provincia Autonoma Trento,P.A. Trento,541380,40991,7.57,0.02
900,2021-03-07,PAT,22,6,16,22,0,ITH,ITH2,4,Provincia Autonoma Trento,P.A. Trento,541380,41013,7.58,0.0
901,2021-01-09,PAT,190,40,150,190,0,ITH,ITH2,4,Provincia Autonoma Trento,P.A. Trento,541380,41203,7.61,0.04
902,2021-04-09,PAT,2739,1162,1577,1539,1200,ITH,ITH2,4,Provincia Autonoma Trento,P.A. Trento,541380,43942,8.12,0.51
903,2021-02-11,PAT,1133,365,768,796,337,ITH,ITH2,4,Provincia Autonoma Trento,P.A. Trento,541380,45075,8.33,0.21
904,2021-02-25,PAT,1641,643,998,1200,441,ITH,ITH2,4,Provincia Autonoma Trento,P.A. Trento,541380,46716,8.63,0.3
905,2020-12-30,PAT,7,3,4,7,0,ITH,ITH2,4,Provincia Autonoma Trento,P.A. Trento,541380,46723,8.63,0.0
906,2021-06-05,PAT,4080,1915,2165,751,3329,ITH,ITH2,4,Provincia Autonoma Trento,P.A. Trento,541380,50803,9.38,0.75
907,2021-05-22,PAT,3256,1596,1660,924,2332,ITH,ITH2,4,Provincia Autonoma Trento,P.A. Trento,541380,54059,9.99,0.6
908,2021-03-26,PAT,3229,1256,1973,2619,610,ITH,ITH2,4,Provincia Autonoma Trento,P.A. Trento,541380,57288,10.58,0.6
909,2021-06-19,PAT,3096,1694,1402,255,2841,ITH,ITH2,4,Provincia Autonoma Trento,P.A. Trento,541380,60384,11.15,0.57
910,2021-01-23,PAT,577,334,243,388,189,ITH,ITH2,4,Provincia Autonoma Trento,P.A. Trento,541380,60961,11.26,0.11
911,2021-05-03,PAT,4258,2196,2062,4104,154,ITH,ITH2,4,Provincia Autonoma Trento,P.A. Trento,541380,65219,12.05,0.79
912,2021-05-05,PAT,4987,2579,2408,4690,297,ITH,ITH2,4,Provincia Autonoma Trento,P.A. Trento,541380,70206,12.97,0.92
913,2021-01-16,PAT,319,148,171,319,0,ITH,ITH2,4,Provincia Autonoma Trento,P.A. Trento,541380,70525,13.03,0.06
914,2021-02-20,PAT,407,245,162,123,284,ITH,ITH2,4,Provincia Autonoma Trento,P.A. Trento,541380,70932,13.1,0.08
915,2021-01-08,PAT,1449,313,1136,1449,0,ITH,ITH2,4,Provincia Autonoma Trento,P.A. Trento,541380,72381,13.37,0.27
916,2021-06-14,PAT,5740,2968,2772,2117,3623,ITH,ITH2,4,Provincia Autonoma Trento,P.A. Trento,541380,78121,14.43,1.06
917,2021-04-18,PAT,1855,845,1010,1846,9,ITH,ITH2,4,Provincia Autonoma Trento,P.A. Trento,541380,79976,14.77,0.34
918,2021-03-06,PAT,786,277,509,635,151,ITH,ITH2,4,Provincia Autonoma Trento,P.A. Trento,541380,80762,14.92,0.15
919,2021-04-11,PAT,2340,1135,1205,2249,91,ITH,ITH2,4,Provincia Autonoma Trento,P.A. Trento,541380,83102,15.35,0.43
920,2021-06-24,PAT,5877,3076,2801,3698,2179,ITH,ITH2,4,Provincia Autonoma Trento,P.A. Trento,541380,88979,16.44,1.09
921,2021-05-12,PAT,3302,1492,1810,2115,1187,ITH,ITH2,4,Provincia Autonoma Trento,P.A. Trento,541380,92281,17.05,0.61
922,2021-03-16,PAT,1391,506,885,608,783,ITH,ITH2,4,Provincia Autonoma Trento,P.A. Trento,541380,93672,17.3,0.26
923,2021-05-14,PAT,5317,2540,2777,3932,1385,ITH,ITH2,4,Provincia Autonoma Trento,P.A. Trento,541380,98989,18.28,0.98
924,2021-02-08,PAT,1152,319,833,342,810,ITH,ITH2,4,Provincia Autonoma Trento,P.A. Trento,541380,100141,18.5,0.21
925,2021-01-18,PAT,643,154,489,588,55,ITH,ITH2,4,Provincia Autonoma Trento,P.A. Trento,541380,100784,18.62,0.12
926,2021-05-02,PAT,3514,1955,1559,3477,37,ITH,ITH2,4,Provincia Autonoma Trento,P.A. Trento,541380,104298,19.27,0.65
927,2021-05-29,PAT,2236,1167,1069,840,1396,ITH,ITH2,4,Provincia Autonoma Trento,P.A. Trento,541380,106534,19.68,0.41
928,2021-04-02,PAT,2845,1157,1688,2170,675,ITH,ITH2,4,Provincia Autonoma Trento,P.A. Trento,541380,109379,20.2,0.53
929,2021-04-16,PAT,2864,1360,1504,2719,145,ITH,ITH2,4,Provincia Autonoma Trento,P.A. Trento,541380,112243,20.73,0.53
930,2021-02-18,PAT,1208,426,782,1146,62,ITH,ITH2,4,Provincia Autonoma Trento,P.A. Trento,541380,113451,20.96,0.22
931,2021-01-06,PAT,42,13,29,42,0,ITH,ITH2,4,Provincia Autonoma Trento,P.A. Trento,541380,113493,20.96,0.01
932,2021-03-04,PAT,2361,794,1567,1583,778,ITH,ITH2,4,Provincia Autonoma Trento,P.A. Trento,541380,115854,21.4,0.44
933,2021-01-27,PAT,804,277,527,93,711,ITH,ITH2,4,Provincia Autonoma Trento,P.A. Trento,541380,116658,21.55,0.15
934,2021-02-13,PAT,537,333,204,172,365,ITH,ITH2,4,Provincia Autonoma Trento,P.A. Trento,541380,117195,21.65,0.1
935,2021-02-04,PAT,976,304,672,422,554,ITH,ITH2,4,Provincia Autonoma Trento,P.A. Trento,541380,118171,21.83,0.18
936,2021-04-13,PAT,2555,1058,1497,2048,507,ITH,ITH2,4,Provincia Autonoma Trento,P.A. Trento,541380,120726,22.3,0.47
937,2021-01-20,PAT,292,73,219,280,12,ITH,ITH2,4,Provincia Autonoma Trento,P.A. Trento,541380,121018,22.35,0.05
938,2021-04-30,PAT,4927,2402,2525,4776,151,ITH,ITH2,4,Provincia Autonoma Trento,P.A. Trento,541380,125945,23.26,0.91
939,2021-05-19,PAT,5097,2455,2642,3842,1255,ITH,ITH2,4,Provincia Autonoma Trento,P.A. Trento,541380,131042,24.21,0.94
940,2021-06-02,PAT,2838,1359,1479,944,1894,ITH,ITH2,4,Provincia Autonoma Trento,P.A. Trento,541380,133880,24.73,0.52
941,2021-04-28,PAT,4250,1976,2274,4112,138,ITH,ITH2,4,Provincia Autonoma Trento,P.A. Trento,541380,138130,25.51,0.79
942,2021-04-01,PAT,2904,1230,1674,1810,1094,ITH,ITH2,4,Provincia Autonoma Trento,P.A. Trento,541380,141034,26.05,0.54
943,2021-03-23,PAT,2448,944,1504,1708,740,ITH,ITH2,4,Provincia Autonoma Trento,P.A. Trento,541380,143482,26.5,0.45
944,2021-05-28,PAT,3717,1735,1982,1492,2225,ITH,ITH2,4,Provincia Autonoma Trento,P.A. Trento,541380,147199,27.19,0.69
945,2021-01-25,PAT,818,215,603,24,794,ITH,ITH2,4,Provincia Autonoma Trento,P.A. Trento,541380,148017,27.34,0.15
946,2021-03-25,PAT,2874,1104,1770,1825,1049,ITH,ITH2,4,Provincia Autonoma Trento,P.A. Trento,541380,150891,27.87,0.53
947,2021-02-27,PAT,1030,457,573,609,421,ITH,ITH2,4,Provincia Autonoma Trento,P.A. Trento,541380,151921,28.06,0.19
948,2021-01-01,PAT,213,50,163,213,0,ITH,ITH2,4,Provincia Autonoma Trento,P.A. Trento,541380,152134,28.1,0.04
949,2021-06-07,PAT,5789,2880,2909,2806,2983,ITH,ITH2,4,Provincia Autonoma Trento,P.A. Trento,541380,157923,29.17,1.07
950,2021-04-25,PAT,1971,940,1031,1964,7,ITH,ITH2,4,Provincia Autonoma Trento,P.A. Trento,541380,159894,29.53,0.36
951,2021-06-25,PAT,1726,886,840,868,858,ITH,ITH2,4,Provincia Autonoma Trento,P.A. Trento,541380,161620,29.85,0.32
952,2021-05-21,PAT,5050,2420,2630,3340,1710,ITH,ITH2,4,Provincia Autonoma Trento,P.A. Trento,541380,166670,30.79,0.93
953,2021-02-01,PAT,1222,336,886,92,1130,ITH,ITH2,4,Provincia Autonoma Trento,P.A. Trento,541380,167892,31.01,0.23
954,2021-02-03,PAT,847,315,532,414,433,ITH,ITH2,4,Provincia Autonoma Trento,P.A. Trento,541380,168739,31.17,0.16
955,2021-05-23,PAT,1955,993,962,447,1508,ITH,ITH2,4,Provincia Autonoma Trento,P.A. Trento,541380,170694,31.53,0.36
956,2021-04-10,PAT,2823,1321,1502,2028,795,ITH,ITH2,4,Provincia Autonoma Trento,P.A. Trento,541380,173517,32.05,0.52
957,2021-04-21,PAT,2910,1359,1551,2860,50,ITH,ITH2,4,Provincia Autonoma Trento,P.A. Trento,541380,176427,32.59,0.54
958,2021-01-28,PAT,530,147,383,48,482,ITH,ITH2,4,Provincia Autonoma Trento,P.A. Trento,541380,176957,32.69,0.1
959,2021-01-11,PAT,731,222,509,731,0,ITH,ITH2,4,Provincia Autonoma Trento,P.A. Trento,541380,177688,32.82,0.14
960,2021-02-16,PAT,664,245,419,659,5,ITH,ITH2,4,Provincia Autonoma Trento,P.A. Trento,541380,178352,32.94,0.12
961,2021-04-23,PAT,3636,1768,1868,3582,54,ITH,ITH2,4,Provincia Autonoma Trento,P.A. Trento,541380,181988,33.62,0.67
962,2021-01-30,PAT,386,132,254,152,234,ITH,ITH2,4,Provincia Autonoma Trento,P.A. Trento,541380,182374,33.69,0.07
963,2021-05-10,PAT,3212,1646,1566,2707,505,ITH,ITH2,4,Provincia Autonoma Trento,P.A. Trento,541380,185586,34.28,0.59
964,2021-03-13,PAT,833,382,451,785,48,ITH,ITH2,4,Provincia Autonoma Trento,P.A. Trento,541380,186419,34.43,0.15
965,2021-06-21,PAT,6127,3307,2820,3730,2397,ITH,ITH2,4,Provincia Autonoma Trento,P.A. Trento,541380,192546,35.57,1.13
966,2021-04-29,PAT,4641,2240,2401,4433,208,ITH,ITH2,4,Provincia Autonoma Trento,P.A. Trento,541380,197187,36.42,0.86
967,2021-01-22,PAT,1669,433,1236,329,1340,ITH,ITH2,4,Provincia Autonoma Trento,P.A. Trento,541380,198856,36.73,0.31
968,2021-02-05,PAT,802,272,530,283,519,ITH,ITH2,4,Provincia Autonoma Trento,P.A. Trento,541380,199658,36.88,0.15
969,2021-05-16,PAT,1331,736,595,1092,239,ITH,ITH2,4,Provincia Autonoma Trento,P.A. Trento,541380,200989,37.13,0.25
970,2021-01-05,PAT,709,232,477,709,0,ITH,ITH2,4,Provincia Autonoma Trento,P.A. Trento,541380,201698,37.26,0.13
971,2021-06-16,PAT,6207,3343,2864,2045,4162,ITH,ITH2,4,Provincia Autonoma Trento,P.A. Trento,541380,207905,38.4,1.15
972,2021-03-15,PAT,1411,545,866,947,464,ITH,ITH2,4,Provincia Autonoma Trento,P.A. Trento,541380,209316,38.66,0.26
973,2021-01-17,PAT,251,195,56,251,0,ITH,ITH2,4,Provincia Autonoma Trento,P.A. Trento,541380,209567,38.71,0.05
974,2021-06-23,PAT,6510,3451,3059,4639,1871,ITH,ITH2,4,Provincia Autonoma Trento,P.A. Trento,541380,216077,39.91,1.2
975,2021-05-11,PAT,3699,1750,1949,2849,850,ITH,ITH2,4,Provincia Autonoma Trento,P.A. Trento,541380,219776,40.6,0.68
976,2021-04-27,PAT,3911,1879,2032,3842,69,ITH,ITH2,4,Provincia Autonoma Trento,P.A. Trento,541380,223687,41.32,0.72
977,2021-05-04,PAT,4511,2448,2063,4417,94,ITH,ITH2,4,Provincia Autonoma Trento,P.A. Trento,541380,228198,42.15,0.83
978,2021-03-08,PAT,1411,434,977,1057,354,ITH,ITH2,4,Provincia Autonoma Trento,P.A. Trento,541380,229609,42.41,0.26
979,2021-03-22,PAT,2306,973,1333,1431,875,ITH,ITH2,4,Provincia Autonoma Trento,P.A. Trento,541380,231915,42.84,0.43
980,2021-01-24,PAT,547,276,271,224,323,ITH,ITH2,4,Provincia Autonoma Trento,P.A. Trento,541380,232462,42.94,0.1
981,2021-01-31,PAT,75,15,60,1,74,ITH,ITH2,4,Provincia Autonoma Trento,P.A. Trento,541380,232537,42.95,0.01
982,2021-03-30,PAT,2388,973,1415,1751,637,ITH,ITH2,4,Provincia Autonoma Trento,P.A. Trento,541380,234925,43.39,0.44
983,2021-06-06,PAT,2228,1061,1167,445,1783,ITH,ITH2,4,Provincia Autonoma Trento,P.A. Trento,541380,237153,43.81,0.41
984,2021-02-17,PAT,1112,425,687,1021,91,ITH,ITH2,4,Provincia Autonoma Trento,P.A. Trento,541380,238265,44.01,0.21
985,2021-02-10,PAT,853,291,562,511,342,ITH,ITH2,4,Provincia Autonoma Trento,P.A. Trento,541380,239118,44.17,0.16
986,2021-04-08,PAT,3124,1302,1822,2005,1119,ITH,ITH2,4,Provincia Autonoma Trento,P.A. Trento,541380,242242,44.75,0.58
987,2020-12-31,PAT,1625,449,1176,1625,0,ITH,ITH2,4,Provincia Autonoma Trento,P.A. Trento,541380,243867,45.05,0.3
988,2021-05-07,PAT,5997,3085,2912,5156,841,ITH,ITH2,4,Provincia Autonoma Trento,P.A. Trento,541380,249864,46.15,1.11
989,2021-04-20,PAT,2879,1377,1502,2843,36,ITH,ITH2,4,Provincia Autonoma Trento,P.A. Trento,541380,252743,46.68,0.53
990,2021-05-09,PAT,2324,1210,1114,1980,344,ITH,ITH2,4,Provincia Autonoma Trento,P.A. Trento,541380,255067,47.11,0.43
991,2021-02-15,PAT,534,188,346,420,114,ITH,ITH2,4,Provincia Autonoma Trento,P.A. Trento,541380,255601,47.21,0.1
992,2021-05-26,PAT,3917,1843,2074,1225,2692,ITH,ITH2,4,Provincia Autonoma Trento,P.A. Trento,541380,259518,47.94,0.72
993,2021-01-10,PAT,84,19,65,84,0,ITH,ITH2,4,Provincia Autonoma Trento,P.A. Trento,541380,259602,47.95,0.02
994,2021-01-29,PAT,1354,332,1022,55,1299,ITH,ITH2,4,Provincia Autonoma Trento,P.A. Trento,541380,260956,48.2,0.25
995,2021-04-22,PAT,3152,1470,1682,3107,45,ITH,ITH2,4,Provincia Autonoma Trento,P.A. Trento,541380,264108,48.78,0.58
996,2021-04-07,PAT,2622,1017,1605,1680,942,ITH,ITH2,4,Provincia Autonoma Trento,P.A. Trento,541380,266730,49.27,0.48
997,2021-06-22,PAT,6155,3368,2787,3634,2521,ITH,ITH2,4,Provincia Autonoma Trento,P.A. Trento,541380,272885,50.41,1.14
998,2021-03-05,PAT,2247,703,1544,1681,566,ITH,ITH2,4,Provincia Autonoma Trento,P.A. Trento,541380,275132,50.82,0.42
999,2021-01-07,PAT,1270,310,960,1270,0,ITH,ITH2,4,Provincia Autonoma Trento,P.A. Trento,541380,276402,51.06,0.23
1000,2021-04-17,PAT,2230,1138,1092,2173,57,ITH,ITH2,4,Provincia Autonoma Trento,P.A. Trento,541380,278632,51.47,0.41
1001,2021-04-19,PAT,2625,1235,1390,2603,22,ITH,ITH2,4,Provincia Autonoma Trento,P.A. Trento,541380,281257,51.95,0.48
1002,2021-06-15,PAT,6236,3279,2957,1723,4513,ITH,ITH2,4,Provincia Autonoma Trento,P.A. Trento,541380,287493,53.1,1.15
1003,2021-01-15,PAT,595,132,463,595,0,ITH,ITH2,4,Provincia Autonoma Trento,P.A. Trento,541380,288088,53.21,0.11
1004,2021-05-20,PAT,5010,2355,2655,3375,1635,ITH,ITH2,4,Provincia Autonoma Trento,P.A. Trento,541380,293098,54.14,0.93
1005,2021-03-24,PAT,2376,940,1436,1556,820,ITH,ITH2,4,Provincia Autonoma Trento,P.A. Trento,541380,295474,54.58,0.44
1006,2021-02-09,PAT,917,287,630,442,475,ITH,ITH2,4,Provincia Autonoma Trento,P.A. Trento,541380,296391,54.75,0.17
1007,2021-03-17,PAT,2071,792,1279,1200,871,ITH,ITH2,4,Provincia Autonoma Trento,P.A. Trento,541380,298462,55.13,0.38
1008,2021-03-18,PAT,2320,957,1363,1240,1080,ITH,ITH2,4,Provincia Autonoma Trento,P.A. Trento,541380,300782,55.56,0.43
1009,2021-06-09,PAT,6233,3076,3157,2164,4069,ITH,ITH2,4,Provincia Autonoma Trento,P.A. Trento,541380,307015,56.71,1.15
1010,2021-04-06,PAT,2261,950,1311,1496,765,ITH,ITH2,4,Provincia Autonoma Trento,P.A. Trento,541380,309276,57.13,0.42
1011,2021-01-13,PAT,421,123,298,421,0,ITH,ITH2,4,Provincia Autonoma Trento,P.A. Trento,541380,309697,57.21,0.08
1012,2021-02-12,PAT,1011,340,671,590,421,ITH,ITH2,4,Provincia Autonoma Trento,P.A. Trento,541380,310708,57.39,0.19
1013,2021-03-01,PAT,1237,454,783,942,295,ITH,ITH2,4,Provincia Autonoma Trento,P.A. Trento,541380,311945,57.62,0.23
1014,2021-03-20,PAT,874,403,471,671,203,ITH,ITH2,4,Provincia Autonoma Trento,P.A. Trento,541380,312819,57.78,0.16
1015,2021-03-03,PAT,1659,622,1037,1141,518,ITH,ITH2,4,Provincia Autonoma Trento,P.A. Trento,541380,314478,58.09,0.31
1016,2021-06-11,PAT,7182,3420,3762,1569,5613,ITH,ITH2,4,Provincia Autonoma Trento,P.A. Trento,541380,321660,59.41,1.33
1017,2021-01-12,PAT,505,158,347,505,0,ITH,ITH2,4,Provincia Autonoma Trento,P.A. Trento,541380,322165,59.51,0.09
1018,2021-03-19,PAT,2423,915,1508,1571,852,ITH,ITH2,4,Provincia Autonoma Trento,P.A. Trento,541380,324588,59.96,0.45
1019,2021-04-05,PAT,35,17,18,33,2,ITH,ITH2,4,Provincia Autonoma Trento,P.A. Trento,541380,324623,59.96,0.01
1020,2021-02-02,PAT,908,240,668,191,717,ITH,ITH2,4,Provincia Autonoma Trento,P.A. Trento,541380,325531,60.13,0.17
1021,2021-05-13,PAT,3406,1579,1827,2305,1101,ITH,ITH2,4,Provincia Autonoma Trento,P.A. Trento,541380,328937,60.76,0.63
1022,2021-03-31,PAT,2584,983,1601,1727,857,ITH,ITH2,4,Provincia Autonoma Trento,P.A. Trento,541380,331521,61.24,0.48
1023,2021-01-26,PAT,542,154,388,27,515,ITH,ITH2,4,Provincia Autonoma Trento,P.A. Trento,541380,332063,61.34,0.1
1024,2021-05-06,PAT,5531,2739,2792,4751,780,ITH,ITH2,4,Provincia Autonoma Trento,P.A. Trento,541380,337594,62.36,1.02
1025,2021-05-30,PAT,1770,872,898,930,840,ITH,ITH2,4,Provincia Autonoma Trento,P.A. Trento,541380,339364,62.68,0.33
1026,2021-04-03,PAT,1140,471,669,972,168,ITH,ITH2,4,Provincia Autonoma Trento,P.A. Trento,541380,340504,62.9,0.21
1027,2021-04-24,PAT,3546,1700,1846,3532,14,ITH,ITH2,4,Provincia Autonoma Trento,P.A. Trento,541380,344050,63.55,0.65
1028,2021-02-26,PAT,1218,435,783,923,295,ITH,ITH2,4,Provincia Autonoma Trento,P.A. Trento,541380,345268,63.78,0.22
1029,2021-01-14,PAT,700,203,497,700,0,ITH,ITH2,4,Provincia Autonoma Trento,P.A. Trento,541380,345968,63.9,0.13
1030,2021-02-28,PAT,242,121,121,242,0,ITH,ITH2,4,Provincia Autonoma Trento,P.A. Trento,541380,346210,63.95,0.04
1031,2021-06-08,PAT,5917,2863,3054,1871,4046,ITH,ITH2,4,Provincia Autonoma Trento,P.A. Trento,541380,352127,65.04,1.09
1032,2021-06-13,PAT,3684,2033,1651,295,3389,ITH,ITH2,4,Provincia Autonoma Trento,P.A. Trento,541380,355811,65.72,0.68
1033,2020-12-27,PAT,103,40,63,103,0,ITH,ITH2,4,Provincia Autonoma Trento,P.A. Trento,541380,355914,65.74,0.02
1034,2021-04-15,PAT,3202,1443,1759,3048,154,ITH,ITH2,4,Provincia Autonoma Trento,P.A. Trento,541380,359116,66.33,0.59
1035,2021-06-18,PAT,6918,3684,3234,1813,5105,ITH,ITH2,4,Provincia Autonoma Trento,P.A. Trento,541380,366034,67.61,1.28
1036,2021-03-27,PAT,1619,710,909,1362,257,ITH,ITH2,4,Provincia Autonoma Trento,P.A. Trento,541380,367653,67.91,0.3
1037,2021-06-04,PAT,5821,2603,3218,1831,3990,ITH,ITH2,4,Provincia Autonoma Trento,P.A. Trento,541380,373474,68.99,1.08
1038,2021-02-24,PAT,1325,525,800,926,399,ITH,ITH2,4,Provincia Autonoma Trento,P.A. Trento,541380,374799,69.23,0.24
1039,2021-06-03,PAT,4765,2234,2531,1301,3464,ITH,ITH2,4,Provincia Autonoma Trento,P.A. Trento,541380,379564,70.11,0.88
1040,2021-01-19,PAT,406,77,329,406,0,ITH,ITH2,4,Provincia Autonoma Trento,P.A. Trento,541380,379970,70.19,0.07
1041,2021-03-10,PAT,2403,929,1474,1482,921,ITH,ITH2,4,Provincia Autonoma Trento,P.A. Trento,541380,382373,70.63,0.44
1042,2021-04-26,PAT,2654,1251,1403,2559,95,ITH,ITH2,4,Provincia Autonoma Trento,P.A. Trento,541380,385027,71.12,0.49
1043,2021-02-19,PAT,929,359,570,870,59,ITH,ITH2,4,Provincia Autonoma Trento,P.A. Trento,541380,385956,71.29,0.17
1044,2021-05-25,PAT,4766,2267,2499,1867,2899,ITH,ITH2,4,Provincia Autonoma Trento,P.A. Trento,541380,390722,72.17,0.88
1045,2021-05-08,PAT,3161,1725,1436,2739,422,ITH,ITH2,4,Provincia Autonoma Trento,P.A. Trento,541380,393883,72.76,0.58
1046,2021-02-14,PAT,246,186,60,11,235,ITH,ITH2,4,Provincia Autonoma Trento,P.A. Trento,541380,394129,72.8,0.05
1047,2021-05-27,PAT,4289,1990,2299,1251,3038,ITH,ITH2,4,Provincia Autonoma Trento,P.A. Trento,541380,398418,73.59,0.79
1048,2021-03-11,PAT,2298,851,1447,1474,824,ITH,ITH2,4,Provincia Autonoma Trento,P.A. Trento,541380,400716,74.02,0.42
1049,2021-01-03,PAT,492,160,332,492,0,ITH,ITH2,4,Provincia Autonoma Trento,P.A. Trento,541380,401208,74.11,0.09
1050,2021-02-22,PAT,745,259,486,661,84,ITH,ITH2,4,Provincia Autonoma Trento,P.A. Trento,541380,401953,74.25,0.14
1051,2021-05-18,PAT,4249,2009,2240,3405,844,ITH,ITH2,4,Provincia Autonoma Trento,P.A. Trento,541380,406202,75.03,0.78
1052,2021-03-12,PAT,2515,938,1577,1709,806,ITH,ITH2,4,Provincia Autonoma Trento,P.A. Trento,541380,408717,75.5,0.46
1053,2021-06-20,PAT,1869,1034,835,32,1837,ITH,ITH2,4,Provincia Autonoma Trento,P.A. Trento,541380,410586,75.84,0.35
1054,2021-01-02,PAT,502,143,359,502,0,ITH,ITH2,4,Provincia Autonoma Trento,P.A. Trento,541380,411088,75.93,0.09
1055,2021-03-29,PAT,2493,966,1527,1758,735,ITH,ITH2,4,Provincia Autonoma Trento,P.A. Trento,541380,413581,76.39,0.46
1056,2021-04-12,PAT,3084,1407,1677,2588,496,ITH,ITH2,4,Provincia Autonoma Trento,P.A. Trento,541380,416665,76.96,0.57
1057,2021-01-21,PAT,352,95,257,228,124,ITH,ITH2,4,Provincia Autonoma Trento,P.A. Trento,541380,417017,77.03,0.07
1058,2021-05-01,PAT,4848,2468,2380,4812,36,ITH,ITH2,4,Provincia Autonoma Trento,P.A. Trento,541380,421865,77.92,0.9
1059,2021-02-21,PAT,155,92,63,43,112,ITH,ITH2,4,Provincia Autonoma Trento,P.A. Trento,541380,422020,77.95,0.03
1060,2021-05-15,PAT,1567,815,752,679,888,ITH,ITH2,4,Provincia Autonoma Trento,P.A. Trento,541380,423587,78.24,0.29
1061,2021-06-01,PAT,4011,1874,2137,1157,2854,ITH,ITH2,4,Provincia Autonoma Trento,P.A. Trento,541380,427598,78.98,0.74
1062,2021-03-26,TOS,20668,9383,11285,14901,5767,ITI,ITI1,9,Toscana,Toscana,3729641,20668,0.55,0.55
1063,2021-03-09,TOS,11128,4566,6562,5576,5552,ITI,ITI1,9,Toscana,Toscana,3729641,31796,0.85,0.3
1064,2021-04-09,TOS,24593,10579,14014,21184,3409,ITI,ITI1,9,Toscana,Toscana,3729641,56389,1.51,0.66
1065,2021-06-17,TOS,32400,16557,15843,26954,5446,ITI,ITI1,9,Toscana,Toscana,3729641,88789,2.38,0.87
1066,2021-02-04,TOS,4253,1594,2659,961,3292,ITI,ITI1,9,Toscana,Toscana,3729641,93042,2.49,0.11
1067,2021-05-15,TOS,29350,13852,15498,23568,5782,ITI,ITI1,9,Toscana,Toscana,3729641,122392,3.28,0.79
1068,2021-04-28,TOS,19123,8183,10940,3832,15291,ITI,ITI1,9,Toscana,Toscana,3729641,141515,3.79,0.51
1069,2021-01-28,TOS,6282,1882,4400,354,5928,ITI,ITI1,9,Toscana,Toscana,3729641,147797,3.96,0.17
1070,2021-03-19,TOS,10143,4460,5683,7275,2868,ITI,ITI1,9,Toscana,Toscana,3729641,157940,4.23,0.27
1071,2021-01-21,TOS,1589,686,903,867,722,ITI,ITI1,9,Toscana,Toscana,3729641,159529,4.28,0.04
1072,2021-04-02,TOS,31971,13560,18411,23944,8027,ITI,ITI1,9,Toscana,Toscana,3729641,191500,5.13,0.86
1073,2021-06-24,TOS,27785,13747,14038,18942,8843,ITI,ITI1,9,Toscana,Toscana,3729641,219285,5.88,0.74
1074,2021-01-09,TOS,4485,1596,2889,4485,0,ITI,ITI1,9,Toscana,Toscana,3729641,223770,6.0,0.12
1075,2021-04-07,TOS,35818,15458,20360,28570,7248,ITI,ITI1,9,Toscana,Toscana,3729641,259588,6.96,0.96
1076,2021-06-12,TOS,29378,15145,14233,24992,4386,ITI,ITI1,9,Toscana,Toscana,3729641,288966,7.75,0.79
1077,2021-04-16,TOS,28955,12887,16068,22047,6908,ITI,ITI1,9,Toscana,Toscana,3729641,317921,8.52,0.78
1078,2021-06-22,TOS,30916,15536,15380,22792,8124,ITI,ITI1,9,Toscana,Toscana,3729641,348837,9.35,0.83
1079,2021-05-17,TOS,29680,14803,14877,20809,8871,ITI,ITI1,9,Toscana,Toscana,3729641,378517,10.15,0.8
1080,2021-03-21,TOS,3293,1627,1666,1860,1433,ITI,ITI1,9,Toscana,Toscana,3729641,381810,10.24,0.09
1081,2021-01-23,TOS,3966,1360,2606,640,3326,ITI,ITI1,9,Toscana,Toscana,3729641,385776,10.34,0.11
1082,2021-05-03,TOS,11933,5510,6423,10615,1318,ITI,ITI1,9,Toscana,Toscana,3729641,397709,10.66,0.32
1083,2021-01-16,TOS,3271,1046,2225,3271,0,ITI,ITI1,9,Toscana,Toscana,3729641,400980,10.75,0.09
1084,2021-04-26,TOS,10151,4943,5208,7598,2553,ITI,ITI1,9,Toscana,Toscana,3729641,411131,11.02,0.27
1085,2021-01-02,TOS,3497,1096,2401,3497,0,ITI,ITI1,9,Toscana,Toscana,3729641,414628,11.12,0.09
1086,2021-03-07,TOS,5647,2357,3290,2104,3543,ITI,ITI1,9,Toscana,Toscana,3729641,420275,11.27,0.15
1087,2021-06-05,TOS,28410,13590,14820,20801,7609,ITI,ITI1,9,Toscana,Toscana,3729641,448685,12.03,0.76
1088,2021-01-11,TOS,5094,1691,3403,5094,0,ITI,ITI1,9,Toscana,Toscana,3729641,453779,12.17,0.14
1089,2021-04-21,TOS,29609,12669,16940,17519,12090,ITI,ITI1,9,Toscana,Toscana,3729641,483388,12.96,0.79
1090,2021-02-23,TOS,7722,3325,4397,7561,161,ITI,ITI1,9,Toscana,Toscana,3729641,491110,13.17,0.21
1091,2021-06-03,TOS,31981,15408,16573,27434,4547,ITI,ITI1,9,Toscana,Toscana,3729641,523091,14.03,0.86
1092,2021-06-02,TOS,27572,13609,13963,22067,5505,ITI,ITI1,9,Toscana,Toscana,3729641,550663,14.76,0.74
1093,2021-04-06,TOS,22216,9816,12400,18501,3715,ITI,ITI1,9,Toscana,Toscana,3729641,572879,15.36,0.6
1094,2021-02-08,TOS,4097,1360,2737,3638,459,ITI,ITI1,9,Toscana,Toscana,3729641,576976,15.47,0.11
1095,2021-05-19,TOS,27919,13559,14360,18883,9036,ITI,ITI1,9,Toscana,Toscana,3729641,604895,16.22,0.75
1096,2021-04-13,TOS,8487,3506,4981,6030,2457,ITI,ITI1,9,Toscana,Toscana,3729641,613382,16.45,0.23
1097,2021-05-26,TOS,35534,17065,18469,20383,15151,ITI,ITI1,9,Toscana,Toscana,3729641,648916,17.4,0.95
1098,2021-03-30,TOS,17017,7641,9376,13454,3563,ITI,ITI1,9,Toscana,Toscana,3729641,665933,17.86,0.46
1099,2021-03-02,TOS,10599,3799,6800,7155,3444,ITI,ITI1,9,Toscana,Toscana,3729641,676532,18.14,0.28
1100,2021-01-04,TOS,5065,1894,3171,5065,0,ITI,ITI1,9,Toscana,Toscana,3729641,681597,18.28,0.14
1101,2021-04-14,TOS,20176,8342,11834,15069,5107,ITI,ITI1,9,Toscana,Toscana,3729641,701773,18.82,0.54
1102,2021-06-14,TOS,31765,16307,15458,27671,4094,ITI,ITI1,9,Toscana,Toscana,3729641,733538,19.67,0.85
1103,2021-03-04,TOS,17847,6950,10897,14765,3082,ITI,ITI1,9,Toscana,Toscana,3729641,751385,20.15,0.48
1104,2021-06-21,TOS,31062,15394,15668,18354,12708,ITI,ITI1,9,Toscana,Toscana,3729641,782447,20.98,0.83
1105,2021-02-18,TOS,8822,3285,5537,7926,896,ITI,ITI1,9,Toscana,Toscana,3729641,791269,21.22,0.24
1106,2021-05-29,TOS,31543,15250,16293,23390,8153,ITI,ITI1,9,Toscana,Toscana,3729641,822812,22.06,0.85
1107,2021-03-23,TOS,9398,4375,5023,7124,2274,ITI,ITI1,9,Toscana,Toscana,3729641,832210,22.31,0.25
1108,2020-12-30,TOS,327,104,223,327,0,ITI,ITI1,9,Toscana,Toscana,3729641,832537,22.32,0.01
1109,2021-05-12,TOS,34178,15567,18611,14165,20013,ITI,ITI1,9,Toscana,Toscana,3729641,866715,23.24,0.92
1110,2021-01-18,TOS,1119,636,483,1021,98,ITI,ITI1,9,Toscana,Toscana,3729641,867834,23.27,0.03
1111,2021-03-28,TOS,6212,2808,3404,5958,254,ITI,ITI1,9,Toscana,Toscana,3729641,874046,23.44,0.17
1112,2021-01-30,TOS,4622,1622,3000,198,4424,ITI,ITI1,9,Toscana,Toscana,3729641,878668,23.56,0.12
1113,2021-05-10,TOS,26188,12384,13804,15568,10620,ITI,ITI1,9,Toscana,Toscana,3729641,904856,24.26,0.7
1114,2021-03-14,TOS,7174,2569,4605,3239,3935,ITI,ITI1,9,Toscana,Toscana,3729641,912030,24.45,0.19
1115,2021-02-06,TOS,4527,1550,2977,1294,3233,ITI,ITI1,9,Toscana,Toscana,3729641,916557,24.57,0.12
1116,2021-03-18,TOS,9979,3984,5995,6007,3972,ITI,ITI1,9,Toscana,Toscana,3729641,926536,24.84,0.27
1117,2021-06-09,TOS,34704,17491,17213,34281,423,ITI,ITI1,9,Toscana,Toscana,3729641,961240,25.77,0.93
1118,2021-04-04,TOS,13915,6605,7310,13662,253,ITI,ITI1,9,Toscana,Toscana,3729641,975155,26.15,0.37
1119,2021-03-16,TOS,4899,1882,3017,2648,2251,ITI,ITI1,9,Toscana,Toscana,3729641,980054,26.28,0.13
1120,2021-02-27,TOS,1984,756,1228,1082,902,ITI,ITI1,9,Toscana,Toscana,3729641,982038,26.33,0.05
1121,2021-02-20,TOS,4640,1789,2851,4127,513,ITI,ITI1,9,Toscana,Toscana,3729641,986678,26.46,0.12
1122,2021-05-31,TOS,30269,14598,15671,19451,10818,ITI,ITI1,9,Toscana,Toscana,3729641,1016947,27.27,0.81
1123,2021-05-14,TOS,33298,15395,17903,20646,12652,ITI,ITI1,9,Toscana,Toscana,3729641,1050245,28.16,0.89
1124,2021-02-16,TOS,9280,3340,5940,8559,721,ITI,ITI1,9,Toscana,Toscana,3729641,1059525,28.41,0.25
1125,2021-05-02,TOS,11166,4931,6235,9203,1963,ITI,ITI1,9,Toscana,Toscana,3729641,1070691,28.71,0.3
1126,2021-02-25,TOS,10633,4306,6327,9635,998,ITI,ITI1,9,Toscana,Toscana,3729641,1081324,28.99,0.29
1127,2021-01-20,TOS,1331,637,694,1083,248,ITI,ITI1,9,Toscana,Toscana,3729641,1082655,29.03,0.04
1128,2021-04-30,TOS,40189,17780,22409,20334,19855,ITI,ITI1,9,Toscana,Toscana,3729641,1122844,30.11,1.08
1129,2021-04-25,TOS,11054,5248,5806,8917,2137,ITI,ITI1,9,Toscana,Toscana,3729641,1133898,30.4,0.3
1130,2020-12-27,TOS,620,267,353,620,0,ITI,ITI1,9,Toscana,Toscana,3729641,1134518,30.42,0.02
1131,2021-01-03,TOS,3336,1052,2284,3336,0,ITI,ITI1,9,Toscana,Toscana,3729641,1137854,30.51,0.09
1132,2021-02-15,TOS,8771,3376,5395,7945,826,ITI,ITI1,9,Toscana,Toscana,3729641,1146625,30.74,0.24
1133,2021-01-06,TOS,4520,1460,3060,4520,0,ITI,ITI1,9,Toscana,Toscana,3729641,1151145,30.86,0.12
1134,2021-03-11,TOS,15882,6338,9544,12554,3328,ITI,ITI1,9,Toscana,Toscana,3729641,1167027,31.29,0.43
1135,2021-06-19,TOS,26428,13858,12570,21709,4719,ITI,ITI1,9,Toscana,Toscana,3729641,1193455,32.0,0.71
1136,2021-02-05,TOS,5749,2245,3504,1924,3825,ITI,ITI1,9,Toscana,Toscana,3729641,1199204,32.15,0.15
1137,2021-05-16,TOS,26661,12879,13782,24200,2461,ITI,ITI1,9,Toscana,Toscana,3729641,1225865,32.87,0.71
1138,2021-05-22,TOS,26005,12651,13354,21725,4280,ITI,ITI1,9,Toscana,Toscana,3729641,1251870,33.57,0.7
1139,2021-05-05,TOS,30123,13445,16678,15647,14476,ITI,ITI1,9,Toscana,Toscana,3729641,1281993,34.37,0.81
1140,2021-02-28,TOS,1649,667,982,922,727,ITI,ITI1,9,Toscana,Toscana,3729641,1283642,34.42,0.04
1141,2021-02-11,TOS,5383,2021,3362,5141,242,ITI,ITI1,9,Toscana,Toscana,3729641,1289025,34.56,0.14
1142,2021-02-09,TOS,4488,1468,3020,3877,611,ITI,ITI1,9,Toscana,Toscana,3729641,1293513,34.68,0.12
1143,2021-02-01,TOS,5509,1958,3551,521,4988,ITI,ITI1,9,Toscana,Toscana,3729641,1299022,34.83,0.15
1144,2021-04-27,TOS,10350,4912,5438,3866,6484,ITI,ITI1,9,Toscana,Toscana,3729641,1309372,35.11,0.28
1145,2021-06-11,TOS,29657,15418,14239,25053,4604,ITI,ITI1,9,Toscana,Toscana,3729641,1339029,35.9,0.8
1146,2021-04-15,TOS,24402,10196,14206,15866,8536,ITI,ITI1,9,Toscana,Toscana,3729641,1363431,36.56,0.65
1147,2021-02-17,TOS,8175,3169,5006,7423,752,ITI,ITI1,9,Toscana,Toscana,3729641,1371606,36.78,0.22
1148,2021-05-28,TOS,30069,13909,16160,17628,12441,ITI,ITI1,9,Toscana,Toscana,3729641,1401675,37.58,0.81
1149,2021-04-22,TOS,35727,15305,20422,18287,17440,ITI,ITI1,9,Toscana,Toscana,3729641,1437402,38.54,0.96
1150,2021-02-24,TOS,10371,4467,5904,10174,197,ITI,ITI1,9,Toscana,Toscana,3729641,1447773,38.82,0.28
1151,2021-06-04,TOS,28248,13376,14872,20496,7752,ITI,ITI1,9,Toscana,Toscana,3729641,1476021,39.58,0.76
1152,2021-04-08,TOS,29681,12555,17126,23294,6387,ITI,ITI1,9,Toscana,Toscana,3729641,1505702,40.37,0.8
1153,2021-03-03,TOS,18228,6538,11690,14622,3606,ITI,ITI1,9,Toscana,Toscana,3729641,1523930,40.86,0.49
1154,2021-01-05,TOS,5249,1755,3494,5249,0,ITI,ITI1,9,Toscana,Toscana,3729641,1529179,41.0,0.14
1155,2021-01-13,TOS,4062,1398,2664,4062,0,ITI,ITI1,9,Toscana,Toscana,3729641,1533241,41.11,0.11
1156,2021-04-23,TOS,25682,11431,14251,9364,16318,ITI,ITI1,9,Toscana,Toscana,3729641,1558923,41.8,0.69
1157,2021-03-20,TOS,6586,2977,3609,5450,1136,ITI,ITI1,9,Toscana,Toscana,3729641,1565509,41.97,0.18
1158,2021-01-22,TOS,2866,1064,1802,528,2338,ITI,ITI1,9,Toscana,Toscana,3729641,1568375,42.05,0.08
1159,2021-05-11,TOS,27944,12982,14962,12485,15459,ITI,ITI1,9,Toscana,Toscana,3729641,1596319,42.8,0.75
1160,2021-03-13,TOS,9288,3310,5978,5324,3964,ITI,ITI1,9,Toscana,Toscana,3729641,1605607,43.05,0.25
1161,2021-01-29,TOS,6144,1700,4444,304,5840,ITI,ITI1,9,Toscana,Toscana,3729641,1611751,43.21,0.16
1162,2021-05-09,TOS,22527,9766,12761,9668,12859,ITI,ITI1,9,Toscana,Toscana,3729641,1634278,43.82,0.6
1163,2021-06-07,TOS,34800,17044,17756,31191,3609,ITI,ITI1,9,Toscana,Toscana,3729641,1669078,44.75,0.93
1164,2021-05-21,TOS,28870,13446,15424,17463,11407,ITI,ITI1,9,Toscana,Toscana,3729641,1697948,45.53,0.77
1165,2021-03-01,TOS,4473,1733,2740,832,3641,ITI,ITI1,9,Toscana,Toscana,3729641,1702421,45.65,0.12
1166,2021-05-23,TOS,28378,13646,14732,25813,2565,ITI,ITI1,9,Toscana,Toscana,3729641,1730799,46.41,0.76
1167,2021-02-10,TOS,4263,1281,2982,3740,523,ITI,ITI1,9,Toscana,Toscana,3729641,1735062,46.52,0.11
1168,2021-05-04,TOS,18301,8207,10094,12855,5446,ITI,ITI1,9,Toscana,Toscana,3729641,1753363,47.01,0.49
1169,2021-02-12,TOS,7606,2683,4923,7393,213,ITI,ITI1,9,Toscana,Toscana,3729641,1760969,47.22,0.2
1170,2021-05-20,TOS,29718,13875,15843,18906,10812,ITI,ITI1,9,Toscana,Toscana,3729641,1790687,48.01,0.8
1171,2021-01-31,TOS,3050,1129,1921,106,2944,ITI,ITI1,9,Toscana,Toscana,3729641,1793737,48.09,0.08
1172,2021-04-05,TOS,15280,6823,8457,14543,737,ITI,ITI1,9,Toscana,Toscana,3729641,1809017,48.5,0.41
1173,2021-02-07,TOS,2806,952,1854,886,1920,ITI,ITI1,9,Toscana,Toscana,3729641,1811823,48.58,0.08
1174,2021-05-18,TOS,28844,14271,14573,20017,8827,ITI,ITI1,9,Toscana,Toscana,3729641,1840667,49.35,0.77
1175,2021-02-22,TOS,9818,4253,5565,9541,277,ITI,ITI1,9,Toscana,Toscana,3729641,1850485,49.62,0.26
1176,2021-05-08,TOS,29149,13114,16035,13693,15456,ITI,ITI1,9,Toscana,Toscana,3729641,1879634,50.4,0.78
1177,2021-03-12,TOS,16973,6611,10362,13445,3528,ITI,ITI1,9,Toscana,Toscana,3729641,1896607,50.85,0.46
1178,2021-01-14,TOS,3255,1179,2076,3255,0,ITI,ITI1,9,Toscana,Toscana,3729641,1899862,50.94,0.09
1179,2021-06-20,TOS,25129,12451,12678,15647,9482,ITI,ITI1,9,Toscana,Toscana,3729641,1924991,51.61,0.67
1180,2021-06-10,TOS,26301,13482,12819,25788,513,ITI,ITI1,9,Toscana,Toscana,3729641,1951292,52.32,0.71
1181,2021-05-24,TOS,33714,16699,17015,24144,9570,ITI,ITI1,9,Toscana,Toscana,3729641,1985006,53.22,0.9
1182,2021-01-25,TOS,5126,1895,3231,247,4879,ITI,ITI1,9,Toscana,Toscana,3729641,1990132,53.36,0.14
1183,2021-04-18,TOS,8357,4090,4267,7342,1015,ITI,ITI1,9,Toscana,Toscana,3729641,1998489,53.58,0.22
1184,2021-05-07,TOS,32117,14688,17429,12003,20114,ITI,ITI1,9,Toscana,Toscana,3729641,2030606,54.45,0.86
1185,2021-02-13,TOS,7786,2361,5425,7559,227,ITI,ITI1,9,Toscana,Toscana,3729641,2038392,54.65,0.21
1186,2021-01-08,TOS,5947,1643,4304,5947,0,ITI,ITI1,9,Toscana,Toscana,3729641,2044339,54.81,0.16
1187,2021-04-01,TOS,27022,11209,15813,16394,10628,ITI,ITI1,9,Toscana,Toscana,3729641,2071361,55.54,0.72
1188,2021-03-15,TOS,8698,3645,5053,4255,4443,ITI,ITI1,9,Toscana,Toscana,3729641,2080059,55.77,0.23
1189,2021-06-23,TOS,31341,15164,16177,20083,11258,ITI,ITI1,9,Toscana,Toscana,3729641,2111400,56.61,0.84
1190,2021-01-26,TOS,5393,1792,3601,220,5173,ITI,ITI1,9,Toscana,Toscana,3729641,2116793,56.76,0.14
1191,2021-05-06,TOS,31327,13616,17711,14175,17152,ITI,ITI1,9,Toscana,Toscana,3729641,2148120,57.6,0.84
1192,2021-04-19,TOS,9096,4508,4588,8062,1034,ITI,ITI1,9,Toscana,Toscana,3729641,2157216,57.84,0.24
1193,2021-04-17,TOS,20533,9206,11327,18411,2122,ITI,ITI1,9,Toscana,Toscana,3729641,2177749,58.39,0.55
1194,2021-01-24,TOS,3349,1073,2276,201,3148,ITI,ITI1,9,Toscana,Toscana,3729641,2181098,58.48,0.09
1195,2021-01-07,TOS,6018,1751,4267,6018,0,ITI,ITI1,9,Toscana,Toscana,3729641,2187116,58.64,0.16
1196,2021-01-19,TOS,1105,532,573,1105,0,ITI,ITI1,9,Toscana,Toscana,3729641,2188221,58.67,0.03
1197,2021-01-12,TOS,3581,1398,2183,3581,0,ITI,ITI1,9,Toscana,Toscana,3729641,2191802,58.77,0.1
1198,2021-04-24,TOS,13439,6169,7270,5991,7448,ITI,ITI1,9,Toscana,Toscana,3729641,2205241,59.13,0.36
1199,2021-05-01,TOS,23315,10064,13251,14139,9176,ITI,ITI1,9,Toscana,Toscana,3729641,2228556,59.75,0.63
1200,2021-03-05,TOS,16875,6686,10189,12133,4742,ITI,ITI1,9,Toscana,Toscana,3729641,2245431,60.21,0.45
1201,2021-06-13,TOS,24477,12279,12198,22827,1650,ITI,ITI1,9,Toscana,Toscana,3729641,2269908,60.86,0.66
1202,2021-03-27,TOS,8863,4153,4710,8648,215,ITI,ITI1,9,Toscana,Toscana,3729641,2278771,61.1,0.24
1203,2021-02-14,TOS,9000,2569,6431,8890,110,ITI,ITI1,9,Toscana,Toscana,3729641,2287771,61.34,0.24
1204,2021-05-25,TOS,34146,16475,17671,19533,14613,ITI,ITI1,9,Toscana,Toscana,3729641,2321917,62.26,0.92
1205,2021-03-29,TOS,9643,4814,4829,9319,324,ITI,ITI1,9,Toscana,Toscana,3729641,2331560,62.51,0.26
1206,2021-01-10,TOS,3001,1104,1897,3001,0,ITI,ITI1,9,Toscana,Toscana,3729641,2334561,62.59,0.08
1207,2021-04-20,TOS,18157,8109,10048,12601,5556,ITI,ITI1,9,Toscana,Toscana,3729641,2352718,63.08,0.49
1208,2021-04-03,TOS,15013,6646,8367,13887,1126,ITI,ITI1,9,Toscana,Toscana,3729641,2367731,63.48,0.4
1209,2021-01-27,TOS,4835,1573,3262,206,4629,ITI,ITI1,9,Toscana,Toscana,3729641,2372566,63.61,0.13
1210,2021-03-17,TOS,11421,4587,6834,6892,4529,ITI,ITI1,9,Toscana,Toscana,3729641,2383987,63.92,0.31
1211,2021-06-08,TOS,32476,16621,15855,32044,432,ITI,ITI1,9,Toscana,Toscana,3729641,2416463,64.79,0.87
1212,2021-02-26,TOS,10080,3834,6246,8874,1206,ITI,ITI1,9,Toscana,Toscana,3729641,2426543,65.06,0.27
1213,2021-06-06,TOS,28294,13648,14646,22939,5355,ITI,ITI1,9,Toscana,Toscana,3729641,2454837,65.82,0.76
1214,2021-01-17,TOS,2535,870,1665,2021,514,ITI,ITI1,9,Toscana,Toscana,3729641,2457372,65.89,0.07
1215,2021-03-08,TOS,6706,2944,3762,1886,4820,ITI,ITI1,9,Toscana,Toscana,3729641,2464078,66.07,0.18
1216,2021-06-16,TOS,31684,16210,15474,26555,5129,ITI,ITI1,9,Toscana,Toscana,3729641,2495762,66.92,0.85
1217,2021-05-30,TOS,28671,13944,14727,21725,6946,ITI,ITI1,9,Toscana,Toscana,3729641,2524433,67.69,0.77
1218,2020-12-31,TOS,802,201,601,802,0,ITI,ITI1,9,Toscana,Toscana,3729641,2525235,67.71,0.02
1219,2021-04-10,TOS,11720,5348,6372,10977,743,ITI,ITI1,9,Toscana,Toscana,3729641,2536955,68.02,0.31
1220,2021-02-19,TOS,8294,2953,5341,7781,513,ITI,ITI1,9,Toscana,Toscana,3729641,2545249,68.24,0.22
1221,2021-05-27,TOS,28320,13172,15148,13484,14836,ITI,ITI1,9,Toscana,Toscana,3729641,2573569,69.0,0.76
1222,2021-03-31,TOS,32702,13247,19455,20541,12161,ITI,ITI1,9,Toscana,Toscana,3729641,2606271,69.88,0.88
1223,2021-03-22,TOS,5250,2762,2488,4806,444,ITI,ITI1,9,Toscana,Toscana,3729641,2611521,70.02,0.14
1224,2021-01-01,TOS,2369,787,1582,2369,0,ITI,ITI1,9,Toscana,Toscana,3729641,2613890,70.08,0.06
1225,2021-04-11,TOS,3645,1680,1965,3490,155,ITI,ITI1,9,Toscana,Toscana,3729641,2617535,70.18,0.1
1226,2021-03-06,TOS,7109,2852,4257,2914,4195,ITI,ITI1,9,Toscana,Toscana,3729641,2624644,70.37,0.19
1227,2021-02-03,TOS,4221,1452,2769,241,3980,ITI,ITI1,9,Toscana,Toscana,3729641,2628865,70.49,0.11
1228,2021-01-15,TOS,3878,1347,2531,3878,0,ITI,ITI1,9,Toscana,Toscana,3729641,2632743,70.59,0.1
1229,2021-06-18,TOS,30683,16166,14517,25360,5323,ITI,ITI1,9,Toscana,Toscana,3729641,2663426,71.41,0.82
1230,2021-03-25,TOS,23894,10377,13517,15543,8351,ITI,ITI1,9,Toscana,Toscana,3729641,2687320,72.05,0.64
1231,2021-04-12,TOS,2612,1183,1429,1958,654,ITI,ITI1,9,Toscana,Toscana,3729641,2689932,72.12,0.07
1232,2021-05-13,TOS,35025,15445,19580,13842,21183,ITI,ITI1,9,Toscana,Toscana,3729641,2724957,73.06,0.94
1233,2021-04-29,TOS,39317,17707,21610,19246,20071,ITI,ITI1,9,Toscana,Toscana,3729641,2764274,74.12,1.05
1234,2021-03-24,TOS,20011,8300,11711,10555,9456,ITI,ITI1,9,Toscana,Toscana,3729641,2784285,74.65,0.54
1235,2021-02-21,TOS,5105,2089,3016,4935,170,ITI,ITI1,9,Toscana,Toscana,3729641,2789390,74.79,0.14
1236,2021-06-01,TOS,26880,13352,13528,23079,3801,ITI,ITI1,9,Toscana,Toscana,3729641,2816270,75.51,0.72
1237,2021-06-15,TOS,31173,16044,15129,26620,4553,ITI,ITI1,9,Toscana,Toscana,3729641,2847443,76.35,0.84
1238,2021-03-10,TOS,18367,7403,10964,14349,4018,ITI,ITI1,9,Toscana,Toscana,3729641,2865810,76.84,0.49
1239,2021-02-02,TOS,3743,1475,2268,196,3547,ITI,ITI1,9,Toscana,Toscana,3729641,2869553,76.94,0.1
1240,2021-03-24,MAR,7033,2983,4050,3365,3668,ITI,ITI3,11,Marche,Marche,1525271,7033,0.46,0.46
1241,2021-06-01,MAR,12067,6160,5907,9972,2095,ITI,ITI3,11,Marche,Marche,1525271,19100,1.25,0.79
1242,2021-03-10,MAR,5666,2400,3266,4529,1137,ITI,ITI3,11,Marche,Marche,1525271,24766,1.62,0.37
1243,2021-02-21,MAR,376,141,235,375,1,ITI,ITI3,11,Marche,Marche,1525271,25142,1.65,0.02
1244,2021-01-19,MAR,230,85,145,142,88,ITI,ITI3,11,Marche,Marche,1525271,25372,1.66,0.02
1245,2021-02-02,MAR,1193,398,795,72,1121,ITI,ITI3,11,Marche,Marche,1525271,26565,1.74,0.08
1246,2021-05-13,MAR,12602,5694,6908,7103,5499,ITI,ITI3,11,Marche,Marche,1525271,39167,2.57,0.83
1247,2021-04-12,MAR,8566,3771,4795,8082,484,ITI,ITI3,11,Marche,Marche,1525271,47733,3.13,0.56
1248,2021-06-15,MAR,12906,6414,6492,9854,3052,ITI,ITI3,11,Marche,Marche,1525271,60639,3.98,0.85
1249,2021-01-12,MAR,1228,414,814,1228,0,ITI,ITI3,11,Marche,Marche,1525271,61867,4.06,0.08
1250,2021-06-22,MAR,12998,6375,6623,6553,6445,ITI,ITI3,11,Marche,Marche,1525271,74865,4.91,0.85
1251,2021-04-26,MAR,9004,3993,5011,5982,3022,ITI,ITI3,11,Marche,Marche,1525271,83869,5.5,0.59
1252,2021-04-05,MAR,5690,2357,3333,4421,1269,ITI,ITI3,11,Marche,Marche,1525271,89559,5.87,0.37
1253,2021-03-19,MAR,3834,1598,2236,338,3496,ITI,ITI3,11,Marche,Marche,1525271,93393,6.12,0.25
1254,2021-03-17,MAR,3428,1494,1934,107,3321,ITI,ITI3,11,Marche,Marche,1525271,96821,6.35,0.22
1255,2021-02-28,MAR,2836,1251,1585,2830,6,ITI,ITI3,11,Marche,Marche,1525271,99657,6.53,0.19
1256,2021-06-08,MAR,13914,7013,6901,11303,2611,ITI,ITI3,11,Marche,Marche,1525271,113571,7.45,0.91
1257,2021-05-27,MAR,13730,6816,6914,9429,4301,ITI,ITI3,11,Marche,Marche,1525271,127301,8.35,0.9
1258,2021-03-31,MAR,7373,3085,4288,4349,3024,ITI,ITI3,11,Marche,Marche,1525271,134674,8.83,0.48
1259,2021-03-29,MAR,5862,2567,3295,3436,2426,ITI,ITI3,11,Marche,Marche,1525271,140536,9.21,0.38
1260,2021-01-21,MAR,917,261,656,591,326,ITI,ITI3,11,Marche,Marche,1525271,141453,9.27,0.06
1261,2021-05-01,MAR,9318,3924,5394,3576,5742,ITI,ITI3,11,Marche,Marche,1525271,150771,9.88,0.61
1262,2021-03-05,MAR,6171,2856,3315,4703,1468,ITI,ITI3,11,Marche,Marche,1525271,156942,10.29,0.4
1263,2021-01-07,MAR,1808,636,1172,1808,0,ITI,ITI3,11,Marche,Marche,1525271,158750,10.41,0.12
1264,2021-05-15,MAR,13966,6376,7590,8077,5889,ITI,ITI3,11,Marche,Marche,1525271,172716,11.32,0.92
1265,2021-02-19,MAR,1965,713,1252,1830,135,ITI,ITI3,11,Marche,Marche,1525271,174681,11.45,0.13
1266,2020-12-31,MAR,390,183,207,390,0,ITI,ITI3,11,Marche,Marche,1525271,175071,11.48,0.03
1267,2021-05-20,MAR,12368,5814,6554,7671,4697,ITI,ITI3,11,Marche,Marche,1525271,187439,12.29,0.81
1268,2021-02-07,MAR,1870,734,1136,344,1526,ITI,ITI3,11,Marche,Marche,1525271,189309,12.41,0.12
1269,2021-01-31,MAR,1918,769,1149,103,1815,ITI,ITI3,11,Marche,Marche,1525271,191227,12.54,0.13
1270,2021-04-07,MAR,7812,3436,4376,7477,335,ITI,ITI3,11,Marche,Marche,1525271,199039,13.05,0.51
1271,2021-02-09,MAR,124,42,82,46,78,ITI,ITI3,11,Marche,Marche,1525271,199163,13.06,0.01
1272,2021-01-23,MAR,557,190,367,123,434,ITI,ITI3,11,Marche,Marche,1525271,199720,13.09,0.04
1273,2021-05-03,MAR,10213,4612,5601,4806,5407,ITI,ITI3,11,Marche,Marche,1525271,209933,13.76,0.67
1274,2021-03-28,MAR,4125,1739,2386,2434,1691,ITI,ITI3,11,Marche,Marche,1525271,214058,14.03,0.27
1275,2021-01-30,MAR,1905,668,1237,28,1877,ITI,ITI3,11,Marche,Marche,1525271,215963,14.16,0.12
1276,2021-05-10,MAR,9448,4336,5112,4897,4551,ITI,ITI3,11,Marche,Marche,1525271,225411,14.78,0.62
1277,2021-03-14,MAR,2499,1032,1467,1907,592,ITI,ITI3,11,Marche,Marche,1525271,227910,14.94,0.16
1278,2021-06-03,MAR,14631,7476,7155,12375,2256,ITI,ITI3,11,Marche,Marche,1525271,242541,15.9,0.96
1279,2021-02-18,MAR,2104,748,1356,1818,286,ITI,ITI3,11,Marche,Marche,1525271,244645,16.04,0.14
1280,2021-05-29,MAR,12788,6194,6594,8260,4528,ITI,ITI3,11,Marche,Marche,1525271,257433,16.88,0.84
1281,2021-02-16,MAR,1288,475,813,1258,30,ITI,ITI3,11,Marche,Marche,1525271,258721,16.96,0.08
1282,2021-02-25,MAR,3515,1437,2078,3336,179,ITI,ITI3,11,Marche,Marche,1525271,262236,17.19,0.23
1283,2021-06-05,MAR,13932,7006,6926,11873,2059,ITI,ITI3,11,Marche,Marche,1525271,276168,18.11,0.91
1284,2021-01-02,MAR,455,140,315,455,0,ITI,ITI3,11,Marche,Marche,1525271,276623,18.14,0.03
1285,2021-03-07,MAR,5179,2106,3073,4425,754,ITI,ITI3,11,Marche,Marche,1525271,281802,18.48,0.34
1286,2021-01-16,MAR,2034,732,1302,2034,0,ITI,ITI3,11,Marche,Marche,1525271,283836,18.61,0.13
1287,2021-06-19,MAR,14458,7284,7174,7789,6669,ITI,ITI3,11,Marche,Marche,1525271,298294,19.56,0.95
1288,2021-03-12,MAR,4640,1972,2668,3402,1238,ITI,ITI3,11,Marche,Marche,1525271,302934,19.86,0.3
1289,2021-01-14,MAR,2010,692,1318,2010,0,ITI,ITI3,11,Marche,Marche,1525271,304944,19.99,0.13
1290,2021-06-20,MAR,10964,5445,5519,5980,4984,ITI,ITI3,11,Marche,Marche,1525271,315908,20.71,0.72
1291,2021-04-24,MAR,12037,5309,6728,7573,4464,ITI,ITI3,11,Marche,Marche,1525271,327945,21.5,0.79
1292,2021-02-26,MAR,3631,1500,2131,3155,476,ITI,ITI3,11,Marche,Marche,1525271,331576,21.74,0.24
1293,2021-05-12,MAR,10423,4686,5737,4922,5501,ITI,ITI3,11,Marche,Marche,1525271,341999,22.42,0.68
1294,2021-03-02,MAR,4961,1943,3018,4395,566,ITI,ITI3,11,Marche,Marche,1525271,346960,22.75,0.33
1295,2021-06-10,MAR,14674,7564,7110,12661,2013,ITI,ITI3,11,Marche,Marche,1525271,361634,23.71,0.96
1296,2021-05-24,MAR,10796,5111,5685,8122,2674,ITI,ITI3,11,Marche,Marche,1525271,372430,24.42,0.71
1297,2021-05-22,MAR,11937,5719,6218,7489,4448,ITI,ITI3,11,Marche,Marche,1525271,384367,25.2,0.78
1298,2021-02-04,MAR,2385,842,1543,112,2273,ITI,ITI3,11,Marche,Marche,1525271,386752,25.36,0.16
1299,2021-01-18,MAR,696,237,459,547,149,ITI,ITI3,11,Marche,Marche,1525271,387448,25.4,0.05
1300,2021-04-28,MAR,10753,4900,5853,6021,4732,ITI,ITI3,11,Marche,Marche,1525271,398201,26.11,0.7
1301,2021-03-26,MAR,6333,2607,3726,3525,2808,ITI,ITI3,11,Marche,Marche,1525271,404534,26.52,0.42
1302,2021-06-12,MAR,13398,7128,6270,12132,1266,ITI,ITI3,11,Marche,Marche,1525271,417932,27.4,0.88
1303,2021-04-16,MAR,10082,4702,5380,9557,525,ITI,ITI3,11,Marche,Marche,1525271,428014,28.06,0.66
1304,2021-01-04,MAR,1509,570,939,1509,0,ITI,ITI3,11,Marche,Marche,1525271,429523,28.16,0.1
1305,2021-04-14,MAR,10214,4563,5651,9842,372,ITI,ITI3,11,Marche,Marche,1525271,439737,28.83,0.67
1306,2020-12-30,MAR,17,5,12,17,0,ITI,ITI3,11,Marche,Marche,1525271,439754,28.83,0.0
1307,2021-03-21,MAR,4504,1873,2631,1629,2875,ITI,ITI3,11,Marche,Marche,1525271,444258,29.13,0.3
1308,2021-02-06,MAR,2463,902,1561,522,1941,ITI,ITI3,11,Marche,Marche,1525271,446721,29.29,0.16
1309,2021-05-21,MAR,12956,6117,6839,6699,6257,ITI,ITI3,11,Marche,Marche,1525271,459677,30.14,0.85
1310,2021-05-28,MAR,13954,6734,7220,9096,4858,ITI,ITI3,11,Marche,Marche,1525271,473631,31.05,0.91
1311,2021-04-23,MAR,11166,5144,6022,8111,3055,ITI,ITI3,11,Marche,Marche,1525271,484797,31.78,0.73
1312,2021-02-23,MAR,3270,1398,1872,3214,56,ITI,ITI3,11,Marche,Marche,1525271,488067,32.0,0.21
1313,2021-01-15,MAR,1771,500,1271,1771,0,ITI,ITI3,11,Marche,Marche,1525271,489838,32.11,0.12
1314,2021-04-25,MAR,8599,3993,4606,7024,1575,ITI,ITI3,11,Marche,Marche,1525271,498437,32.68,0.56
1315,2021-01-26,MAR,2018,746,1272,91,1927,ITI,ITI3,11,Marche,Marche,1525271,500455,32.81,0.13
1316,2021-04-19,MAR,9601,4497,5104,8020,1581,ITI,ITI3,11,Marche,Marche,1525271,510056,33.44,0.63
1317,2021-02-14,MAR,738,301,437,738,0,ITI,ITI3,11,Marche,Marche,1525271,510794,33.49,0.05
1318,2021-05-31,MAR,11781,5942,5839,8851,2930,ITI,ITI3,11,Marche,Marche,1525271,522575,34.26,0.77
1319,2021-05-17,MAR,11854,5568,6286,7691,4163,ITI,ITI3,11,Marche,Marche,1525271,534429,35.04,0.78
1320,2021-04-30,MAR,13954,6108,7846,5411,8543,ITI,ITI3,11,Marche,Marche,1525271,548383,35.95,0.91
1321,2021-04-11,MAR,7117,3115,4002,6831,286,ITI,ITI3,11,Marche,Marche,1525271,555500,36.42,0.47
1322,2021-03-11,MAR,6591,2784,3807,5221,1370,ITI,ITI3,11,Marche,Marche,1525271,562091,36.85,0.43
1323,2021-02-15,MAR,967,412,555,954,13,ITI,ITI3,11,Marche,Marche,1525271,563058,36.92,0.06
1324,2021-05-26,MAR,11804,5917,5887,8621,3183,ITI,ITI3,11,Marche,Marche,1525271,574862,37.69,0.77
1325,2021-03-30,MAR,7430,3053,4377,4615,2815,ITI,ITI3,11,Marche,Marche,1525271,582292,38.18,0.49
1326,2021-02-01,MAR,1362,479,883,98,1264,ITI,ITI3,11,Marche,Marche,1525271,583654,38.27,0.09
1327,2021-04-06,MAR,8877,3693,5184,8065,812,ITI,ITI3,11,Marche,Marche,1525271,592531,38.85,0.58
1328,2021-03-23,MAR,5789,2529,3260,2262,3527,ITI,ITI3,11,Marche,Marche,1525271,598320,39.23,0.38
1329,2021-02-08,MAR,833,258,575,371,462,ITI,ITI3,11,Marche,Marche,1525271,599153,39.28,0.05
1330,2021-05-19,MAR,11472,5272,6200,8563,2909,ITI,ITI3,11,Marche,Marche,1525271,610625,40.03,0.75
1331,2021-04-09,MAR,9566,4190,5376,9366,200,ITI,ITI3,11,Marche,Marche,1525271,620191,40.66,0.63
1332,2021-01-06,MAR,2202,801,1401,2202,0,ITI,ITI3,11,Marche,Marche,1525271,622393,40.81,0.14
1333,2021-03-04,MAR,6487,2869,3618,5094,1393,ITI,ITI3,11,Marche,Marche,1525271,628880,41.23,0.43
1334,2021-03-13,MAR,5763,2653,3110,1805,3958,ITI,ITI3,11,Marche,Marche,1525271,634643,41.61,0.38
1335,2021-06-21,MAR,12455,6109,6346,5579,6876,ITI,ITI3,11,Marche,Marche,1525271,647098,42.43,0.82
1336,2021-05-09,MAR,8865,4021,4844,3638,5227,ITI,ITI3,11,Marche,Marche,1525271,655963,43.01,0.58
1337,2021-01-13,MAR,2106,746,1360,2106,0,ITI,ITI3,11,Marche,Marche,1525271,658069,43.14,0.14
1338,2021-05-02,MAR,8899,3936,4963,3161,5738,ITI,ITI3,11,Marche,Marche,1525271,666968,43.73,0.58
1339,2021-02-11,MAR,1987,657,1330,1598,389,ITI,ITI3,11,Marche,Marche,1525271,668955,43.86,0.13
1340,2021-05-05,MAR,11650,5301,6349,5221,6429,ITI,ITI3,11,Marche,Marche,1525271,680605,44.62,0.76
1341,2021-05-07,MAR,12838,5806,7032,3659,9179,ITI,ITI3,11,Marche,Marche,1525271,693443,45.46,0.84
1342,2021-02-13,MAR,1093,462,631,1011,82,ITI,ITI3,11,Marche,Marche,1525271,694536,45.54,0.07
1343,2021-01-27,MAR,2118,780,1338,122,1996,ITI,ITI3,11,Marche,Marche,1525271,696654,45.67,0.14
1344,2021-04-20,MAR,10697,4996,5701,9279,1418,ITI,ITI3,11,Marche,Marche,1525271,707351,46.38,0.7
1345,2021-01-25,MAR,1595,558,1037,96,1499,ITI,ITI3,11,Marche,Marche,1525271,708946,46.48,0.1
1346,2021-01-08,MAR,1580,592,988,1580,0,ITI,ITI3,11,Marche,Marche,1525271,710526,46.58,0.1
1347,2021-04-18,MAR,8824,4131,4693,7903,921,ITI,ITI3,11,Marche,Marche,1525271,719350,47.16,0.58
1348,2021-03-22,MAR,5652,2375,3277,2524,3128,ITI,ITI3,11,Marche,Marche,1525271,725002,47.53,0.37
1349,2021-01-24,MAR,881,339,542,5,876,ITI,ITI3,11,Marche,Marche,1525271,725883,47.59,0.06
1350,2021-05-04,MAR,10857,4791,6066,4958,5899,ITI,ITI3,11,Marche,Marche,1525271,736740,48.3,0.71
1351,2021-03-20,MAR,4136,1740,2396,1049,3087,ITI,ITI3,11,Marche,Marche,1525271,740876,48.57,0.27
1352,2021-01-22,MAR,487,167,320,194,293,ITI,ITI3,11,Marche,Marche,1525271,741363,48.61,0.03
1353,2021-04-01,MAR,7576,3182,4394,4160,3416,ITI,ITI3,11,Marche,Marche,1525271,748939,49.1,0.5
1354,2021-04-22,MAR,10796,4931,5865,9218,1578,ITI,ITI3,11,Marche,Marche,1525271,759735,49.81,0.71
1355,2021-02-24,MAR,3490,1519,1971,3412,78,ITI,ITI3,11,Marche,Marche,1525271,763225,50.04,0.23
1356,2021-06-04,MAR,14332,7288,7044,11895,2437,ITI,ITI3,11,Marche,Marche,1525271,777557,50.98,0.94
1357,2021-04-08,MAR,7521,3286,4235,7194,327,ITI,ITI3,11,Marche,Marche,1525271,785078,51.47,0.49
1358,2021-05-08,MAR,12268,5476,6792,5022,7246,ITI,ITI3,11,Marche,Marche,1525271,797346,52.28,0.8
1359,2021-01-09,MAR,1711,606,1105,1711,0,ITI,ITI3,11,Marche,Marche,1525271,799057,52.39,0.11
1360,2021-04-02,MAR,6886,2983,3903,6147,739,ITI,ITI3,11,Marche,Marche,1525271,805943,52.84,0.45
1361,2021-03-16,MAR,3472,1485,1987,290,3182,ITI,ITI3,11,Marche,Marche,1525271,809415,53.07,0.23
1362,2021-06-24,MAR,13881,6692,7189,6516,7365,ITI,ITI3,11,Marche,Marche,1525271,823296,53.98,0.91
1363,2021-01-11,MAR,1176,411,765,1176,0,ITI,ITI3,11,Marche,Marche,1525271,824472,54.05,0.08
1364,2021-04-21,MAR,10781,4967,5814,9587,1194,ITI,ITI3,11,Marche,Marche,1525271,835253,54.76,0.71
1365,2021-01-28,MAR,2086,725,1361,165,1921,ITI,ITI3,11,Marche,Marche,1525271,837339,54.9,0.14
1366,2021-04-04,MAR,3824,1792,2032,2655,1169,ITI,ITI3,11,Marche,Marche,1525271,841163,55.15,0.25
1367,2021-06-09,MAR,14044,7304,6740,12175,1869,ITI,ITI3,11,Marche,Marche,1525271,855207,56.07,0.92
1368,2021-06-07,MAR,13161,6500,6661,10712,2449,ITI,ITI3,11,Marche,Marche,1525271,868368,56.93,0.86
1369,2021-02-27,MAR,3362,1438,1924,3153,209,ITI,ITI3,11,Marche,Marche,1525271,871730,57.15,0.22
1370,2021-01-10,MAR,1742,700,1042,1742,0,ITI,ITI3,11,Marche,Marche,1525271,873472,57.27,0.11
1371,2021-04-03,MAR,7575,3205,4370,6906,669,ITI,ITI3,11,Marche,Marche,1525271,881047,57.76,0.5
1372,2021-06-25,MAR,5515,2745,2770,2442,3073,ITI,ITI3,11,Marche,Marche,1525271,886562,58.12,0.36
1373,2021-04-17,MAR,11701,5315,6386,10628,1073,ITI,ITI3,11,Marche,Marche,1525271,898263,58.89,0.77
1374,2021-06-13,MAR,10437,5414,5023,9200,1237,ITI,ITI3,11,Marche,Marche,1525271,908700,59.58,0.68
1375,2020-12-27,MAR,204,99,105,204,0,ITI,ITI3,11,Marche,Marche,1525271,908904,59.59,0.01
1376,2021-06-06,MAR,12388,6104,6284,10811,1577,ITI,ITI3,11,Marche,Marche,1525271,921292,60.4,0.81
1377,2021-03-03,MAR,6647,3047,3600,5763,884,ITI,ITI3,11,Marche,Marche,1525271,927939,60.84,0.44
1378,2021-01-05,MAR,1571,589,982,1571,0,ITI,ITI3,11,Marche,Marche,1525271,929510,60.94,0.1
1379,2021-04-15,MAR,10376,4674,5702,9811,565,ITI,ITI3,11,Marche,Marche,1525271,939886,61.62,0.68
1380,2021-02-17,MAR,1792,668,1124,1675,117,ITI,ITI3,11,Marche,Marche,1525271,941678,61.74,0.12
1381,2021-03-06,MAR,5704,2624,3080,4437,1267,ITI,ITI3,11,Marche,Marche,1525271,947382,62.11,0.37
1382,2021-06-14,MAR,12615,6377,6238,9307,3308,ITI,ITI3,11,Marche,Marche,1525271,959997,62.94,0.83
1383,2021-01-29,MAR,1991,730,1261,167,1824,ITI,ITI3,11,Marche,Marche,1525271,961988,63.07,0.13
1384,2021-05-18,MAR,11061,5258,5803,7657,3404,ITI,ITI3,11,Marche,Marche,1525271,973049,63.8,0.73
1385,2021-03-18,MAR,3389,1475,1914,162,3227,ITI,ITI3,11,Marche,Marche,1525271,976438,64.02,0.22
1386,2021-05-23,MAR,9208,4282,4926,7537,1671,ITI,ITI3,11,Marche,Marche,1525271,985646,64.62,0.6
1387,2021-05-06,MAR,12656,5822,6834,5584,7072,ITI,ITI3,11,Marche,Marche,1525271,998302,65.45,0.83
1388,2021-02-12,MAR,1582,618,964,1430,152,ITI,ITI3,11,Marche,Marche,1525271,999884,65.55,0.1
1389,2021-02-10,MAR,1439,452,987,1080,359,ITI,ITI3,11,Marche,Marche,1525271,1001323,65.65,0.09
1390,2021-03-25,MAR,6654,2772,3882,3246,3408,ITI,ITI3,11,Marche,Marche,1525271,1007977,66.09,0.44
1391,2021-02-20,MAR,4131,1712,2419,4020,111,ITI,ITI3,11,Marche,Marche,1525271,1012108,66.36,0.27
1392,2021-01-20,MAR,403,100,303,384,19,ITI,ITI3,11,Marche,Marche,1525271,1012511,66.38,0.03
1393,2021-02-03,MAR,2124,741,1383,119,2005,ITI,ITI3,11,Marche,Marche,1525271,1014635,66.52,0.14
1394,2021-05-14,MAR,13493,6218,7275,6720,6773,ITI,ITI3,11,Marche,Marche,1525271,1028128,67.41,0.88
1395,2021-06-18,MAR,15117,7550,7567,8370,6747,ITI,ITI3,11,Marche,Marche,1525271,1043245,68.4,0.99
1396,2021-04-29,MAR,13268,6067,7201,7170,6098,ITI,ITI3,11,Marche,Marche,1525271,1056513,69.27,0.87
1397,2021-05-11,MAR,10623,4832,5791,5680,4943,ITI,ITI3,11,Marche,Marche,1525271,1067136,69.96,0.7
1398,2021-03-15,MAR,4401,2026,2375,1311,3090,ITI,ITI3,11,Marche,Marche,1525271,1071537,70.25,0.29
1399,2021-06-23,MAR,13718,6720,6998,6718,7000,ITI,ITI3,11,Marche,Marche,1525271,1085255,71.15,0.9
1400,2021-06-11,MAR,13755,7034,6721,11434,2321,ITI,ITI3,11,Marche,Marche,1525271,1099010,72.05,0.9
1401,2021-05-25,MAR,11647,5745,5902,8717,2930,ITI,ITI3,11,Marche,Marche,1525271,1110657,72.82,0.76
1402,2021-03-01,MAR,3725,1488,2237,3477,248,ITI,ITI3,11,Marche,Marche,1525271,1114382,73.06,0.24
1403,2021-06-17,MAR,14908,7422,7486,8851,6057,ITI,ITI3,11,Marche,Marche,1525271,1129290,74.04,0.98
1404,2021-03-09,MAR,5427,2290,3137,4547,880,ITI,ITI3,11,Marche,Marche,1525271,1134717,74.39,0.36
1405,2021-04-13,MAR,9839,4260,5579,9605,234,ITI,ITI3,11,Marche,Marche,1525271,1144556,75.04,0.65
1406,2021-06-16,MAR,13521,6793,6728,9156,4365,ITI,ITI3,11,Marche,Marche,1525271,1158077,75.93,0.89
1407,2021-06-02,MAR,11898,5937,5961,11221,677,ITI,ITI3,11,Marche,Marche,1525271,1169975,76.71,0.78
1408,2021-02-22,MAR,3421,1505,1916,3346,75,ITI,ITI3,11,Marche,Marche,1525271,1173396,76.93,0.22
1409,2021-03-27,MAR,7380,3074,4306,5022,2358,ITI,ITI3,11,Marche,Marche,1525271,1180776,77.41,0.48
1410,2021-04-10,MAR,10915,4620,6295,10602,313,ITI,ITI3,11,Marche,Marche,1525271,1191691,78.13,0.72
1411,2021-01-03,MAR,907,354,553,907,0,ITI,ITI3,11,Marche,Marche,1525271,1192598,78.19,0.06
1412,2021-03-08,MAR,6266,2746,3520,5264,1002,ITI,ITI3,11,Marche,Marche,1525271,1198864,78.6,0.41
1413,2021-02-05,MAR,2154,653,1501,439,1715,ITI,ITI3,11,Marche,Marche,1525271,1201018,78.74,0.14
1414,2021-05-16,MAR,10898,4957,5941,6670,4228,ITI,ITI3,11,Marche,Marche,1525271,1211916,79.46,0.71
1415,2021-05-30,MAR,9732,4690,5042,6743,2989,ITI,ITI3,11,Marche,Marche,1525271,1221648,80.09,0.64
1416,2021-04-27,MAR,9414,4317,5097,5428,3986,ITI,ITI3,11,Marche,Marche,1525271,1231062,80.71,0.62
1417,2021-01-17,MAR,1615,692,923,1555,60,ITI,ITI3,11,Marche,Marche,1525271,1232677,80.82,0.11
1418,2021-03-28,FVG,4937,2354,2583,4779,158,ITH,ITH4,6,Friuli-Venezia Giulia,Friuli Venezia Giulia,1215220,4937,0.41,0.41
1419,2021-01-18,FVG,1961,606,1355,1867,94,ITH,ITH4,6,Friuli-Venezia Giulia,Friuli Venezia Giulia,1215220,6898,0.57,0.16
1420,2021-01-04,FVG,1507,558,949,1507,0,ITH,ITH4,6,Friuli-Venezia Giulia,Friuli Venezia Giulia,1215220,8405,0.69,0.12
1421,2021-02-06,FVG,1154,338,816,22,1132,ITH,ITH4,6,Friuli-Venezia Giulia,Friuli Venezia Giulia,1215220,9559,0.79,0.09
1422,2021-02-23,FVG,2643,1277,1366,2463,180,ITH,ITH4,6,Friuli-Venezia Giulia,Friuli Venezia Giulia,1215220,12202,1.0,0.22
1423,2021-05-17,FVG,8798,4084,4714,6314,2484,ITH,ITH4,6,Friuli-Venezia Giulia,Friuli Venezia Giulia,1215220,21000,1.73,0.72
1424,2021-03-09,FVG,4009,1722,2287,1262,2747,ITH,ITH4,6,Friuli-Venezia Giulia,Friuli Venezia Giulia,1215220,25009,2.06,0.33
1425,2021-04-11,FVG,3432,1519,1913,2526,906,ITH,ITH4,6,Friuli-Venezia Giulia,Friuli Venezia Giulia,1215220,28441,2.34,0.28
1426,2021-06-07,FVG,9107,4732,4375,8153,954,ITH,ITH4,6,Friuli-Venezia Giulia,Friuli Venezia Giulia,1215220,37548,3.09,0.75
1427,2021-05-31,FVG,8871,4412,4459,6709,2162,ITH,ITH4,6,Friuli-Venezia Giulia,Friuli Venezia Giulia,1215220,46419,3.82,0.73
1428,2021-05-24,FVG,11394,5516,5878,7782,3612,ITH,ITH4,6,Friuli-Venezia Giulia,Friuli Venezia Giulia,1215220,57813,4.76,0.94
1429,2021-02-13,FVG,566,179,387,560,6,ITH,ITH4,6,Friuli-Venezia Giulia,Friuli Venezia Giulia,1215220,58379,4.8,0.05
1430,2021-03-02,FVG,4219,1519,2700,2720,1499,ITH,ITH4,6,Friuli-Venezia Giulia,Friuli Venezia Giulia,1215220,62598,5.15,0.35
1431,2021-03-04,FVG,3451,1597,1854,2792,659,ITH,ITH4,6,Friuli-Venezia Giulia,Friuli Venezia Giulia,1215220,66049,5.44,0.28
1432,2021-06-12,FVG,8068,4626,3442,6916,1152,ITH,ITH4,6,Friuli-Venezia Giulia,Friuli Venezia Giulia,1215220,74117,6.1,0.66
1433,2021-03-21,FVG,2672,1000,1672,2263,409,ITH,ITH4,6,Friuli-Venezia Giulia,Friuli Venezia Giulia,1215220,76789,6.32,0.22
1434,2021-06-24,FVG,10144,5124,5020,1551,8593,ITH,ITH4,6,Friuli-Venezia Giulia,Friuli Venezia Giulia,1215220,86933,7.15,0.83
1435,2021-03-16,FVG,3155,1288,1867,1074,2081,ITH,ITH4,6,Friuli-Venezia Giulia,Friuli Venezia Giulia,1215220,90088,7.41,0.26
1436,2021-05-12,FVG,10863,5031,5832,9458,1405,ITH,ITH4,6,Friuli-Venezia Giulia,Friuli Venezia Giulia,1215220,100951,8.31,0.89
1437,2021-05-19,FVG,11984,5897,6087,9646,2338,ITH,ITH4,6,Friuli-Venezia Giulia,Friuli Venezia Giulia,1215220,112935,9.29,0.99
1438,2021-02-18,FVG,3218,1492,1726,2811,407,ITH,ITH4,6,Friuli-Venezia Giulia,Friuli Venezia Giulia,1215220,116153,9.56,0.26
1439,2021-04-02,FVG,6575,2918,3657,4737,1838,ITH,ITH4,6,Friuli-Venezia Giulia,Friuli Venezia Giulia,1215220,122728,10.1,0.54
1440,2021-04-16,FVG,6917,2997,3920,4993,1924,ITH,ITH4,6,Friuli-Venezia Giulia,Friuli Venezia Giulia,1215220,129645,10.67,0.57
1441,2021-01-06,FVG,710,264,446,710,0,ITH,ITH4,6,Friuli-Venezia Giulia,Friuli Venezia Giulia,1215220,130355,10.73,0.06
1442,2021-02-04,FVG,2725,808,1917,35,2690,ITH,ITH4,6,Friuli-Venezia Giulia,Friuli Venezia Giulia,1215220,133080,10.95,0.22
1443,2021-04-30,FVG,7330,3235,4095,3693,3637,ITH,ITH4,6,Friuli-Venezia Giulia,Friuli Venezia Giulia,1215220,140410,11.55,0.6
1444,2021-04-28,FVG,7284,3218,4066,3796,3488,ITH,ITH4,6,Friuli-Venezia Giulia,Friuli Venezia Giulia,1215220,147694,12.15,0.6
1445,2021-01-23,FVG,816,324,492,4,812,ITH,ITH4,6,Friuli-Venezia Giulia,Friuli Venezia Giulia,1215220,148510,12.22,0.07
1446,2021-05-05,FVG,9751,4259,5492,6283,3468,ITH,ITH4,6,Friuli-Venezia Giulia,Friuli Venezia Giulia,1215220,158261,13.02,0.8
1447,2021-01-25,FVG,1583,567,1016,194,1389,ITH,ITH4,6,Friuli-Venezia Giulia,Friuli Venezia Giulia,1215220,159844,13.15,0.13
1448,2021-03-23,FVG,3887,1681,2206,1746,2141,ITH,ITH4,6,Friuli-Venezia Giulia,Friuli Venezia Giulia,1215220,163731,13.47,0.32
1449,2021-02-27,FVG,3530,1200,2330,3529,1,ITH,ITH4,6,Friuli-Venezia Giulia,Friuli Venezia Giulia,1215220,167261,13.76,0.29
1450,2021-04-25,FVG,2365,990,1375,2354,11,ITH,ITH4,6,Friuli-Venezia Giulia,Friuli Venezia Giulia,1215220,169626,13.96,0.19
1451,2021-01-15,FVG,2021,605,1416,2021,0,ITH,ITH4,6,Friuli-Venezia Giulia,Friuli Venezia Giulia,1215220,171647,14.12,0.17
1452,2021-04-18,FVG,6038,2800,3238,5631,407,ITH,ITH4,6,Friuli-Venezia Giulia,Friuli Venezia Giulia,1215220,177685,14.62,0.5
1453,2021-01-08,FVG,2321,746,1575,2321,0,ITH,ITH4,6,Friuli-Venezia Giulia,Friuli Venezia Giulia,1215220,180006,14.81,0.19
1454,2021-06-14,FVG,9986,4826,5160,5222,4764,ITH,ITH4,6,Friuli-Venezia Giulia,Friuli Venezia Giulia,1215220,189992,15.63,0.82
1455,2021-02-20,FVG,2068,933,1135,1924,144,ITH,ITH4,6,Friuli-Venezia Giulia,Friuli Venezia Giulia,1215220,192060,15.8,0.17
1456,2021-01-22,FVG,90,30,60,0,90,ITH,ITH4,6,Friuli-Venezia Giulia,Friuli Venezia Giulia,1215220,192150,15.81,0.01
1457,2021-03-14,FVG,1398,550,848,1146,252,ITH,ITH4,6,Friuli-Venezia Giulia,Friuli Venezia Giulia,1215220,193548,15.93,0.12
1458,2021-04-08,FVG,7409,3193,4216,5487,1922,ITH,ITH4,6,Friuli-Venezia Giulia,Friuli Venezia Giulia,1215220,200957,16.54,0.61
1459,2021-05-21,FVG,11181,5003,6178,8214,2967,ITH,ITH4,6,Friuli-Venezia Giulia,Friuli Venezia Giulia,1215220,212138,17.46,0.92
1460,2021-02-10,FVG,1352,496,856,1266,86,ITH,ITH4,6,Friuli-Venezia Giulia,Friuli Venezia Giulia,1215220,213490,17.57,0.11
1461,2021-02-01,FVG,2097,688,1409,16,2081,ITH,ITH4,6,Friuli-Venezia Giulia,Friuli Venezia Giulia,1215220,215587,17.74,0.17
1462,2021-05-14,FVG,10742,5350,5392,8159,2583,ITH,ITH4,6,Friuli-Venezia Giulia,Friuli Venezia Giulia,1215220,226329,18.62,0.88
1463,2021-02-03,FVG,2647,791,1856,23,2624,ITH,ITH4,6,Friuli-Venezia Giulia,Friuli Venezia Giulia,1215220,228976,18.84,0.22
1464,2021-06-04,FVG,12020,6175,5845,10637,1383,ITH,ITH4,6,Friuli-Venezia Giulia,Friuli Venezia Giulia,1215220,240996,19.83,0.99
1465,2021-06-21,FVG,9006,4400,4606,1807,7199,ITH,ITH4,6,Friuli-Venezia Giulia,Friuli Venezia Giulia,1215220,250002,20.57,0.74
1466,2021-03-13,FVG,2941,1124,1817,1670,1271,ITH,ITH4,6,Friuli-Venezia Giulia,Friuli Venezia Giulia,1215220,252943,20.81,0.24
1467,2021-02-11,FVG,1930,664,1266,1738,192,ITH,ITH4,6,Friuli-Venezia Giulia,Friuli Venezia Giulia,1215220,254873,20.97,0.16
1468,2021-04-09,FVG,7898,3652,4246,6653,1245,ITH,ITH4,6,Friuli-Venezia Giulia,Friuli Venezia Giulia,1215220,262771,21.62,0.65
1469,2020-12-30,FVG,626,244,382,626,0,ITH,ITH4,6,Friuli-Venezia Giulia,Friuli Venezia Giulia,1215220,263397,21.67,0.05
1470,2021-06-05,FVG,10286,5315,4971,8738,1548,ITH,ITH4,6,Friuli-Venezia Giulia,Friuli Venezia Giulia,1215220,273683,22.52,0.85
1471,2021-02-25,FVG,3165,1652,1513,3136,29,ITH,ITH4,6,Friuli-Venezia Giulia,Friuli Venezia Giulia,1215220,276848,22.78,0.26
1472,2021-06-16,FVG,11945,5812,6133,4052,7893,ITH,ITH4,6,Friuli-Venezia Giulia,Friuli Venezia Giulia,1215220,288793,23.76,0.98
1473,2021-06-23,FVG,11738,5675,6063,1987,9751,ITH,ITH4,6,Friuli-Venezia Giulia,Friuli Venezia Giulia,1215220,300531,24.73,0.97
1474,2021-01-27,FVG,1272,425,847,450,822,ITH,ITH4,6,Friuli-Venezia Giulia,Friuli Venezia Giulia,1215220,301803,24.84,0.1
1475,2021-05-07,FVG,10604,4850,5754,7097,3507,ITH,ITH4,6,Friuli-Venezia Giulia,Friuli Venezia Giulia,1215220,312407,25.71,0.87
1476,2021-05-09,FVG,7355,3301,4054,3498,3857,ITH,ITH4,6,Friuli-Venezia Giulia,Friuli Venezia Giulia,1215220,319762,26.31,0.61
1477,2021-05-26,FVG,13338,6676,6662,9922,3416,ITH,ITH4,6,Friuli-Venezia Giulia,Friuli Venezia Giulia,1215220,333100,27.41,1.1
1478,2021-02-15,FVG,2454,911,1543,2200,254,ITH,ITH4,6,Friuli-Venezia Giulia,Friuli Venezia Giulia,1215220,335554,27.61,0.2
1479,2021-06-19,FVG,8289,4317,3972,1292,6997,ITH,ITH4,6,Friuli-Venezia Giulia,Friuli Venezia Giulia,1215220,343843,28.29,0.68
1480,2021-03-11,FVG,3474,1515,1959,1723,1751,ITH,ITH4,6,Friuli-Venezia Giulia,Friuli Venezia Giulia,1215220,347317,28.58,0.29
1481,2021-04-13,FVG,7365,3289,4076,5762,1603,ITH,ITH4,6,Friuli-Venezia Giulia,Friuli Venezia Giulia,1215220,354682,29.19,0.61
1482,2021-01-03,FVG,312,122,190,312,0,ITH,ITH4,6,Friuli-Venezia Giulia,Friuli Venezia Giulia,1215220,354994,29.21,0.03
1483,2021-01-20,FVG,748,320,428,13,735,ITH,ITH4,6,Friuli-Venezia Giulia,Friuli Venezia Giulia,1215220,355742,29.27,0.06
1484,2021-01-16,FVG,1230,360,870,1230,0,ITH,ITH4,6,Friuli-Venezia Giulia,Friuli Venezia Giulia,1215220,356972,29.38,0.1
1485,2021-03-25,FVG,5526,2418,3108,3391,2135,ITH,ITH4,6,Friuli-Venezia Giulia,Friuli Venezia Giulia,1215220,362498,29.83,0.45
1486,2021-03-30,FVG,7220,3249,3971,6297,923,ITH,ITH4,6,Friuli-Venezia Giulia,Friuli Venezia Giulia,1215220,369718,30.42,0.59
1487,2021-03-06,FVG,3500,1196,2304,3175,325,ITH,ITH4,6,Friuli-Venezia Giulia,Friuli Venezia Giulia,1215220,373218,30.71,0.29
1488,2021-05-06,FVG,11884,5520,6364,7917,3967,ITH,ITH4,6,Friuli-Venezia Giulia,Friuli Venezia Giulia,1215220,385102,31.69,0.98
1489,2021-02-08,FVG,2357,694,1663,92,2265,ITH,ITH4,6,Friuli-Venezia Giulia,Friuli Venezia Giulia,1215220,387459,31.88,0.19
1490,2021-06-13,FVG,8636,4494,4142,5320,3316,ITH,ITH4,6,Friuli-Venezia Giulia,Friuli Venezia Giulia,1215220,396095,32.59,0.71
1491,2021-04-17,FVG,7451,3233,4218,5968,1483,ITH,ITH4,6,Friuli-Venezia Giulia,Friuli Venezia Giulia,1215220,403546,33.21,0.61
1492,2021-01-30,FVG,2276,745,1531,270,2006,ITH,ITH4,6,Friuli-Venezia Giulia,Friuli Venezia Giulia,1215220,405822,33.39,0.19
1493,2021-04-21,FVG,7753,3457,4296,4073,3680,ITH,ITH4,6,Friuli-Venezia Giulia,Friuli Venezia Giulia,1215220,413575,34.03,0.64
1494,2021-01-11,FVG,1882,608,1274,1882,0,ITH,ITH4,6,Friuli-Venezia Giulia,Friuli Venezia Giulia,1215220,415457,34.19,0.15
1495,2021-05-02,FVG,6897,3247,3650,3939,2958,ITH,ITH4,6,Friuli-Venezia Giulia,Friuli Venezia Giulia,1215220,422354,34.76,0.57
1496,2021-05-16,FVG,9985,4778,5207,8586,1399,ITH,ITH4,6,Friuli-Venezia Giulia,Friuli Venezia Giulia,1215220,432339,35.58,0.82
1497,2021-06-18,FVG,10431,5102,5329,3204,7227,ITH,ITH4,6,Friuli-Venezia Giulia,Friuli Venezia Giulia,1215220,442770,36.44,0.86
1498,2021-03-10,FVG,3582,1694,1888,1788,1794,ITH,ITH4,6,Friuli-Venezia Giulia,Friuli Venezia Giulia,1215220,446352,36.73,0.29
1499,2021-02-24,FVG,2522,1086,1436,2504,18,ITH,ITH4,6,Friuli-Venezia Giulia,Friuli Venezia Giulia,1215220,448874,36.94,0.21
1500,2021-04-27,FVG,8101,3718,4383,3626,4475,ITH,ITH4,6,Friuli-Venezia Giulia,Friuli Venezia Giulia,1215220,456975,37.6,0.67
1501,2021-05-04,FVG,9535,4298,5237,6181,3354,ITH,ITH4,6,Friuli-Venezia Giulia,Friuli Venezia Giulia,1215220,466510,38.39,0.78
1502,2021-01-24,FVG,305,119,186,1,304,ITH,ITH4,6,Friuli-Venezia Giulia,Friuli Venezia Giulia,1215220,466815,38.41,0.03
1503,2021-03-08,FVG,4119,1642,2477,2034,2085,ITH,ITH4,6,Friuli-Venezia Giulia,Friuli Venezia Giulia,1215220,470934,38.75,0.34
1504,2021-03-22,FVG,3657,1445,2212,1703,1954,ITH,ITH4,6,Friuli-Venezia Giulia,Friuli Venezia Giulia,1215220,474591,39.05,0.3
1505,2021-01-17,FVG,1716,523,1193,1716,0,ITH,ITH4,6,Friuli-Venezia Giulia,Friuli Venezia Giulia,1215220,476307,39.2,0.14
1506,2021-03-15,FVG,3952,1809,2143,1631,2321,ITH,ITH4,6,Friuli-Venezia Giulia,Friuli Venezia Giulia,1215220,480259,39.52,0.33
1507,2021-05-11,FVG,9026,4328,4698,7224,1802,ITH,ITH4,6,Friuli-Venezia Giulia,Friuli Venezia Giulia,1215220,489285,40.26,0.74
1508,2021-01-31,FVG,2717,838,1879,385,2332,ITH,ITH4,6,Friuli-Venezia Giulia,Friuli Venezia Giulia,1215220,492002,40.49,0.22
1509,2021-04-01,FVG,6383,3048,3335,5368,1015,ITH,ITH4,6,Friuli-Venezia Giulia,Friuli Venezia Giulia,1215220,498385,41.01,0.53
1510,2021-05-28,FVG,10491,5027,5464,6392,4099,ITH,ITH4,6,Friuli-Venezia Giulia,Friuli Venezia Giulia,1215220,508876,41.88,0.86
1511,2021-02-19,FVG,3252,1290,1962,2825,427,ITH,ITH4,6,Friuli-Venezia Giulia,Friuli Venezia Giulia,1215220,512128,42.14,0.27
1512,2021-04-24,FVG,6676,2946,3730,5433,1243,ITH,ITH4,6,Friuli-Venezia Giulia,Friuli Venezia Giulia,1215220,518804,42.69,0.55
1513,2021-04-10,FVG,5041,2211,2830,3816,1225,ITH,ITH4,6,Friuli-Venezia Giulia,Friuli Venezia Giulia,1215220,523845,43.11,0.41
1514,2021-05-23,FVG,10269,4853,5416,6121,4148,ITH,ITH4,6,Friuli-Venezia Giulia,Friuli Venezia Giulia,1215220,534114,43.95,0.85
1515,2021-01-07,FVG,2093,718,1375,2093,0,ITH,ITH4,6,Friuli-Venezia Giulia,Friuli Venezia Giulia,1215220,536207,44.12,0.17
1516,2021-03-05,FVG,3772,1511,2261,2698,1074,ITH,ITH4,6,Friuli-Venezia Giulia,Friuli Venezia Giulia,1215220,539979,44.43,0.31
1517,2021-04-19,FVG,6710,3133,3577,3295,3415,ITH,ITH4,6,Friuli-Venezia Giulia,Friuli Venezia Giulia,1215220,546689,44.99,0.55
1518,2021-04-20,FVG,7111,3060,4051,3208,3903,ITH,ITH4,6,Friuli-Venezia Giulia,Friuli Venezia Giulia,1215220,553800,45.57,0.59
1519,2021-01-10,FVG,2939,918,2021,2939,0,ITH,ITH4,6,Friuli-Venezia Giulia,Friuli Venezia Giulia,1215220,556739,45.81,0.24
1520,2021-04-05,FVG,2895,1438,1457,2880,15,ITH,ITH4,6,Friuli-Venezia Giulia,Friuli Venezia Giulia,1215220,559634,46.05,0.24
1521,2021-01-12,FVG,2260,713,1547,2260,0,ITH,ITH4,6,Friuli-Venezia Giulia,Friuli Venezia Giulia,1215220,561894,46.24,0.19
1522,2021-01-29,FVG,2412,813,1599,264,2148,ITH,ITH4,6,Friuli-Venezia Giulia,Friuli Venezia Giulia,1215220,564306,46.44,0.2
1523,2021-04-22,FVG,6774,3080,3694,3087,3687,ITH,ITH4,6,Friuli-Venezia Giulia,Friuli Venezia Giulia,1215220,571080,46.99,0.56
1524,2021-04-03,FVG,4011,1989,2022,2681,1330,ITH,ITH4,6,Friuli-Venezia Giulia,Friuli Venezia Giulia,1215220,575091,47.32,0.33
1525,2021-06-10,FVG,10625,5584,5041,9644,981,ITH,ITH4,6,Friuli-Venezia Giulia,Friuli Venezia Giulia,1215220,585716,48.2,0.87
1526,2021-03-19,FVG,3251,1350,1901,1315,1936,ITH,ITH4,6,Friuli-Venezia Giulia,Friuli Venezia Giulia,1215220,588967,48.47,0.27
1527,2021-01-09,FVG,2513,841,1672,2513,0,ITH,ITH4,6,Friuli-Venezia Giulia,Friuli Venezia Giulia,1215220,591480,48.67,0.21
1528,2021-06-15,FVG,11692,5908,5784,5300,6392,ITH,ITH4,6,Friuli-Venezia Giulia,Friuli Venezia Giulia,1215220,603172,49.63,0.96
1529,2021-03-07,FVG,2547,932,1615,2546,1,ITH,ITH4,6,Friuli-Venezia Giulia,Friuli Venezia Giulia,1215220,605719,49.84,0.21
1530,2020-12-31,FVG,1053,384,669,1053,0,ITH,ITH4,6,Friuli-Venezia Giulia,Friuli Venezia Giulia,1215220,606772,49.93,0.09
1531,2021-06-17,FVG,11185,5654,5531,2267,8918,ITH,ITH4,6,Friuli-Venezia Giulia,Friuli Venezia Giulia,1215220,617957,50.85,0.92
1532,2021-06-22,FVG,11178,5762,5416,2258,8920,ITH,ITH4,6,Friuli-Venezia Giulia,Friuli Venezia Giulia,1215220,629135,51.77,0.92
1533,2021-06-25,FVG,2423,1216,1207,623,1800,ITH,ITH4,6,Friuli-Venezia Giulia,Friuli Venezia Giulia,1215220,631558,51.97,0.2
1534,2021-03-17,FVG,3236,1267,1969,745,2491,ITH,ITH4,6,Friuli-Venezia Giulia,Friuli Venezia Giulia,1215220,634794,52.24,0.27
1535,2021-05-13,FVG,11137,5367,5770,9080,2057,ITH,ITH4,6,Friuli-Venezia Giulia,Friuli Venezia Giulia,1215220,645931,53.15,0.92
1536,2021-02-16,FVG,2516,1135,1381,2400,116,ITH,ITH4,6,Friuli-Venezia Giulia,Friuli Venezia Giulia,1215220,648447,53.36,0.21
1537,2021-03-24,FVG,3968,1713,2255,2488,1480,ITH,ITH4,6,Friuli-Venezia Giulia,Friuli Venezia Giulia,1215220,652415,53.69,0.33
1538,2021-05-20,FVG,12682,6297,6385,10168,2514,ITH,ITH4,6,Friuli-Venezia Giulia,Friuli Venezia Giulia,1215220,665097,54.73,1.04
1539,2021-04-23,FVG,7464,3377,4087,3602,3862,ITH,ITH4,6,Friuli-Venezia Giulia,Friuli Venezia Giulia,1215220,672561,55.34,0.61
1540,2021-06-09,FVG,11046,5811,5235,9694,1352,ITH,ITH4,6,Friuli-Venezia Giulia,Friuli Venezia Giulia,1215220,683607,56.25,0.91
1541,2021-03-01,FVG,2957,1041,1916,2905,52,ITH,ITH4,6,Friuli-Venezia Giulia,Friuli Venezia Giulia,1215220,686564,56.5,0.24
1542,2021-03-18,FVG,3372,1421,1951,1691,1681,ITH,ITH4,6,Friuli-Venezia Giulia,Friuli Venezia Giulia,1215220,689936,56.77,0.28
1543,2021-03-20,FVG,3400,1408,1992,1309,2091,ITH,ITH4,6,Friuli-Venezia Giulia,Friuli Venezia Giulia,1215220,693336,57.05,0.28
1544,2021-01-13,FVG,2650,834,1816,2650,0,ITH,ITH4,6,Friuli-Venezia Giulia,Friuli Venezia Giulia,1215220,695986,57.27,0.22
1545,2021-04-06,FVG,6655,3115,3540,5505,1150,ITH,ITH4,6,Friuli-Venezia Giulia,Friuli Venezia Giulia,1215220,702641,57.82,0.55
1546,2020-12-27,FVG,262,149,113,262,0,ITH,ITH4,6,Friuli-Venezia Giulia,Friuli Venezia Giulia,1215220,702903,57.84,0.02
1547,2021-02-12,FVG,1193,428,765,1146,47,ITH,ITH4,6,Friuli-Venezia Giulia,Friuli Venezia Giulia,1215220,704096,57.94,0.1
1548,2021-04-07,FVG,7805,3608,4197,7023,782,ITH,ITH4,6,Friuli-Venezia Giulia,Friuli Venezia Giulia,1215220,711901,58.58,0.64
1549,2021-05-29,FVG,12009,5840,6169,7022,4987,ITH,ITH4,6,Friuli-Venezia Giulia,Friuli Venezia Giulia,1215220,723910,59.57,0.99
1550,2021-05-22,FVG,11547,5185,6362,7315,4232,ITH,ITH4,6,Friuli-Venezia Giulia,Friuli Venezia Giulia,1215220,735457,60.52,0.95
1551,2021-01-26,FVG,1977,647,1330,217,1760,ITH,ITH4,6,Friuli-Venezia Giulia,Friuli Venezia Giulia,1215220,737434,60.68,0.16
1552,2021-02-09,FVG,1842,555,1287,1556,286,ITH,ITH4,6,Friuli-Venezia Giulia,Friuli Venezia Giulia,1215220,739276,60.83,0.15
1553,2021-02-02,FVG,2467,806,1661,217,2250,ITH,ITH4,6,Friuli-Venezia Giulia,Friuli Venezia Giulia,1215220,741743,61.04,0.2
1554,2021-03-31,FVG,8113,3558,4555,7267,846,ITH,ITH4,6,Friuli-Venezia Giulia,Friuli Venezia Giulia,1215220,749856,61.71,0.67
1555,2021-06-06,FVG,9450,4614,4836,7905,1545,ITH,ITH4,6,Friuli-Venezia Giulia,Friuli Venezia Giulia,1215220,759306,62.48,0.78
1556,2021-02-26,FVG,3736,2093,1643,3588,148,ITH,ITH4,6,Friuli-Venezia Giulia,Friuli Venezia Giulia,1215220,763042,62.79,0.31
1557,2021-02-17,FVG,2354,999,1355,1874,480,ITH,ITH4,6,Friuli-Venezia Giulia,Friuli Venezia Giulia,1215220,765396,62.98,0.19
1558,2021-05-30,FVG,11059,4987,6072,7474,3585,ITH,ITH4,6,Friuli-Venezia Giulia,Friuli Venezia Giulia,1215220,776455,63.89,0.91
1559,2021-05-25,FVG,12867,6360,6507,9556,3311,ITH,ITH4,6,Friuli-Venezia Giulia,Friuli Venezia Giulia,1215220,789322,64.95,1.06
1560,2021-06-11,FVG,10529,5755,4774,9749,780,ITH,ITH4,6,Friuli-Venezia Giulia,Friuli Venezia Giulia,1215220,799851,65.82,0.87
1561,2021-03-03,FVG,3645,1633,2012,2371,1274,ITH,ITH4,6,Friuli-Venezia Giulia,Friuli Venezia Giulia,1215220,803496,66.12,0.3
1562,2021-05-27,FVG,12789,6121,6668,7574,5215,ITH,ITH4,6,Friuli-Venezia Giulia,Friuli Venezia Giulia,1215220,816285,67.17,1.05
1563,2021-03-27,FVG,5365,2907,2458,3954,1411,ITH,ITH4,6,Friuli-Venezia Giulia,Friuli Venezia Giulia,1215220,821650,67.61,0.44
1564,2021-04-15,FVG,6489,2861,3628,5219,1270,ITH,ITH4,6,Friuli-Venezia Giulia,Friuli Venezia Giulia,1215220,828139,68.15,0.53
1565,2021-04-29,FVG,6728,2957,3771,4165,2563,ITH,ITH4,6,Friuli-Venezia Giulia,Friuli Venezia Giulia,1215220,834867,68.7,0.55
1566,2021-01-05,FVG,1678,551,1127,1678,0,ITH,ITH4,6,Friuli-Venezia Giulia,Friuli Venezia Giulia,1215220,836545,68.84,0.14
1567,2021-02-05,FVG,2609,784,1825,89,2520,ITH,ITH4,6,Friuli-Venezia Giulia,Friuli Venezia Giulia,1215220,839154,69.05,0.21
1568,2021-04-14,FVG,7217,3118,4099,5505,1712,ITH,ITH4,6,Friuli-Venezia Giulia,Friuli Venezia Giulia,1215220,846371,69.65,0.59
1569,2021-06-03,FVG,12231,6668,5563,10257,1974,ITH,ITH4,6,Friuli-Venezia Giulia,Friuli Venezia Giulia,1215220,858602,70.65,1.01
1570,2021-01-19,FVG,6,2,4,6,0,ITH,ITH4,6,Friuli-Venezia Giulia,Friuli Venezia Giulia,1215220,858608,70.65,0.0
1571,2021-05-03,FVG,7208,3285,3923,3429,3779,ITH,ITH4,6,Friuli-Venezia Giulia,Friuli Venezia Giulia,1215220,865816,71.25,0.59
1572,2021-01-14,FVG,2584,789,1795,2584,0,ITH,ITH4,6,Friuli-Venezia Giulia,Friuli Venezia Giulia,1215220,868400,71.46,0.21
1573,2021-06-08,FVG,10272,5376,4896,9860,412,ITH,ITH4,6,Friuli-Venezia Giulia,Friuli Venezia Giulia,1215220,878672,72.31,0.85
1574,2021-02-28,FVG,2685,1002,1683,2292,393,ITH,ITH4,6,Friuli-Venezia Giulia,Friuli Venezia Giulia,1215220,881357,72.53,0.22
1575,2021-04-26,FVG,5461,2451,3010,3812,1649,ITH,ITH4,6,Friuli-Venezia Giulia,Friuli Venezia Giulia,1215220,886818,72.98,0.45
1576,2021-01-28,FVG,2239,794,1445,354,1885,ITH,ITH4,6,Friuli-Venezia Giulia,Friuli Venezia Giulia,1215220,889057,73.16,0.18
1577,2021-05-08,FVG,10267,4641,5626,5487,4780,ITH,ITH4,6,Friuli-Venezia Giulia,Friuli Venezia Giulia,1215220,899324,74.01,0.84
1578,2021-05-10,FVG,7939,3527,4412,6398,1541,ITH,ITH4,6,Friuli-Venezia Giulia,Friuli Venezia Giulia,1215220,907263,74.66,0.65
1579,2021-02-22,FVG,2485,1193,1292,2067,418,ITH,ITH4,6,Friuli-Venezia Giulia,Friuli Venezia Giulia,1215220,909748,74.86,0.2
1580,2021-06-02,FVG,9403,4949,4454,9124,279,ITH,ITH4,6,Friuli-Venezia Giulia,Friuli Venezia Giulia,1215220,919151,75.64,0.77
1581,2021-02-07,FVG,1563,482,1081,385,1178,ITH,ITH4,6,Friuli-Venezia Giulia,Friuli Venezia Giulia,1215220,920714,75.77,0.13
1582,2021-05-18,FVG,10771,5388,5383,8697,2074,ITH,ITH4,6,Friuli-Venezia Giulia,Friuli Venezia Giulia,1215220,931485,76.65,0.89
1583,2021-06-01,FVG,10069,5097,4972,7948,2121,ITH,ITH4,6,Friuli-Venezia Giulia,Friuli Venezia Giulia,1215220,941554,77.48,0.83
1584,2021-06-20,FVG,6133,3034,3099,1213,4920,ITH,ITH4,6,Friuli-Venezia Giulia,Friuli Venezia Giulia,1215220,947687,77.98,0.5
1585,2021-03-29,FVG,7018,3124,3894,5437,1581,ITH,ITH4,6,Friuli-Venezia Giulia,Friuli Venezia Giulia,1215220,954705,78.56,0.58
1586,2021-05-15,FVG,12654,6101,6553,7958,4696,ITH,ITH4,6,Friuli-Venezia Giulia,Friuli Venezia Giulia,1215220,967359,79.6,1.04
1587,2021-05-01,FVG,7189,3244,3945,6146,1043,ITH,ITH4,6,Friuli-Venezia Giulia,Friuli Venezia Giulia,1215220,974548,80.2,0.59
1588,2021-01-21,FVG,896,345,551,1,895,ITH,ITH4,6,Friuli-Venezia Giulia,Friuli Venezia Giulia,1215220,975444,80.27,0.07
1589,2021-02-21,FVG,801,281,520,423,378,ITH,ITH4,6,Friuli-Venezia Giulia,Friuli Venezia Giulia,1215220,976245,80.33,0.07
1590,2021-03-26,FVG,5997,2600,3397,3981,2016,ITH,ITH4,6,Friuli-Venezia Giulia,Friuli Venezia Giulia,1215220,982242,80.83,0.49
1591,2021-03-12,FVG,4101,1695,2406,2720,1381,ITH,ITH4,6,Friuli-Venezia Giulia,Friuli Venezia Giulia,1215220,986343,81.17,0.34
1592,2021-01-02,FVG,1216,470,746,1216,0,ITH,ITH4,6,Friuli-Venezia Giulia,Friuli Venezia Giulia,1215220,987559,81.27,0.1
1593,2021-04-12,FVG,7258,3182,4076,6126,1132,ITH,ITH4,6,Friuli-Venezia Giulia,Friuli Venezia Giulia,1215220,994817,81.86,0.6
1594,2021-04-05,PUG,12739,6184,6555,12206,533,ITF,ITF4,16,Puglia,Puglia,4029053,12739,0.32,0.32
1595,2021-03-19,PUG,7961,3653,4308,3415,4546,ITF,ITF4,16,Puglia,Puglia,4029053,20700,0.51,0.2
1596,2021-02-14,PUG,786,347,439,662,124,ITF,ITF4,16,Puglia,Puglia,4029053,21486,0.53,0.02
1597,2021-05-25,PUG,34553,16114,18439,21057,13496,ITF,ITF4,16,Puglia,Puglia,4029053,56039,1.39,0.86
1598,2021-01-31,PUG,1815,831,984,75,1740,ITF,ITF4,16,Puglia,Puglia,4029053,57854,1.44,0.05
1599,2021-05-29,PUG,30285,14277,16008,20938,9347,ITF,ITF4,16,Puglia,Puglia,4029053,88139,2.19,0.75
1600,2021-02-21,PUG,2176,474,1702,2114,62,ITF,ITF4,16,Puglia,Puglia,4029053,90315,2.24,0.05
1601,2021-06-01,PUG,34692,17346,17346,21863,12829,ITF,ITF4,16,Puglia,Puglia,4029053,125007,3.1,0.86
1602,2021-05-15,PUG,43510,18943,24567,23524,19986,ITF,ITF4,16,Puglia,Puglia,4029053,168517,4.18,1.08
1603,2021-06-03,PUG,50229,24370,25859,31003,19226,ITF,ITF4,16,Puglia,Puglia,4029053,218746,5.43,1.25
1604,2021-03-10,PUG,14808,6612,8196,11685,3123,ITF,ITF4,16,Puglia,Puglia,4029053,233554,5.8,0.37
1605,2021-03-29,PUG,13437,6502,6935,6697,6740,ITF,ITF4,16,Puglia,Puglia,4029053,246991,6.13,0.33
1606,2021-03-12,PUG,14274,6433,7841,10346,3928,ITF,ITF4,16,Puglia,Puglia,4029053,261265,6.48,0.35
1607,2021-06-20,PUG,20830,10488,10342,13789,7041,ITF,ITF4,16,Puglia,Puglia,4029053,282095,7.0,0.52
1608,2021-03-05,PUG,17684,7166,10518,15381,2303,ITF,ITF4,16,Puglia,Puglia,4029053,299779,7.44,0.44
1609,2021-02-26,PUG,13762,5054,8708,12728,1034,ITF,ITF4,16,Puglia,Puglia,4029053,313541,7.78,0.34
1610,2020-12-31,PUG,1634,782,852,1634,0,ITF,ITF4,16,Puglia,Puglia,4029053,315175,7.82,0.04
1611,2021-06-15,PUG,42035,20552,21483,22536,19499,ITF,ITF4,16,Puglia,Puglia,4029053,357210,8.87,1.04
1612,2021-06-08,PUG,38910,18918,19992,21223,17687,ITF,ITF4,16,Puglia,Puglia,4029053,396120,9.83,0.97
1613,2021-06-13,PUG,21382,10695,10687,16214,5168,ITF,ITF4,16,Puglia,Puglia,4029053,417502,10.36,0.53
1614,2021-02-09,PUG,3840,1570,2270,2168,1672,ITF,ITF4,16,Puglia,Puglia,4029053,421342,10.46,0.1
1615,2021-05-20,PUG,33520,15202,18318,21181,12339,ITF,ITF4,16,Puglia,Puglia,4029053,454862,11.29,0.83
1616,2021-03-24,PUG,13452,6401,7051,6146,7306,ITF,ITF4,16,Puglia,Puglia,4029053,468314,11.62,0.33
1617,2021-01-26,PUG,5362,2397,2965,571,4791,ITF,ITF4,16,Puglia,Puglia,4029053,473676,11.76,0.13
1618,2021-05-06,PUG,39536,17290,22246,19861,19675,ITF,ITF4,16,Puglia,Puglia,4029053,513212,12.74,0.98
1619,2021-01-12,PUG,4215,1772,2443,4215,0,ITF,ITF4,16,Puglia,Puglia,4029053,517427,12.84,0.1
1620,2021-04-07,PUG,15540,6983,8557,8865,6675,ITF,ITF4,16,Puglia,Puglia,4029053,532967,13.23,0.39
1621,2021-05-27,PUG,40478,19095,21383,23271,17207,ITF,ITF4,16,Puglia,Puglia,4029053,573445,14.23,1.0
1622,2021-04-19,PUG,27629,12837,14792,24586,3043,ITF,ITF4,16,Puglia,Puglia,4029053,601074,14.92,0.69
1623,2021-04-24,PUG,29326,13354,15972,25379,3947,ITF,ITF4,16,Puglia,Puglia,4029053,630400,15.65,0.73
1624,2021-01-14,PUG,4072,1590,2482,4072,0,ITF,ITF4,16,Puglia,Puglia,4029053,634472,15.75,0.1
1625,2021-01-07,PUG,5717,2459,3258,5717,0,ITF,ITF4,16,Puglia,Puglia,4029053,640189,15.89,0.14
1626,2021-04-17,PUG,39936,18928,21008,36368,3568,ITF,ITF4,16,Puglia,Puglia,4029053,680125,16.88,0.99
1627,2021-02-19,PUG,4732,2011,2721,4340,392,ITF,ITF4,16,Puglia,Puglia,4029053,684857,17.0,0.12
1628,2021-06-22,PUG,40184,19478,20706,18553,21631,ITF,ITF4,16,Puglia,Puglia,4029053,725041,18.0,1.0
1629,2021-04-02,PUG,12841,5999,6842,8317,4524,ITF,ITF4,16,Puglia,Puglia,4029053,737882,18.31,0.32
1630,2021-04-16,PUG,35965,16903,19062,32683,3282,ITF,ITF4,16,Puglia,Puglia,4029053,773847,19.21,0.89
1631,2021-02-18,PUG,4378,1846,2532,3773,605,ITF,ITF4,16,Puglia,Puglia,4029053,778225,19.32,0.11
1632,2021-04-09,PUG,21985,9466,12519,17362,4623,ITF,ITF4,16,Puglia,Puglia,4029053,800210,19.86,0.55
1633,2021-02-11,PUG,3697,1401,2296,2419,1278,ITF,ITF4,16,Puglia,Puglia,4029053,803907,19.95,0.09
1634,2021-05-22,PUG,34486,15787,18699,24108,10378,ITF,ITF4,16,Puglia,Puglia,4029053,838393,20.81,0.86
1635,2021-02-28,PUG,6057,1806,4251,5871,186,ITF,ITF4,16,Puglia,Puglia,4029053,844450,20.96,0.15
1636,2021-05-12,PUG,36528,16304,20224,24056,12472,ITF,ITF4,16,Puglia,Puglia,4029053,880978,21.87,0.91
1637,2021-01-23,PUG,3039,1294,1745,886,2153,ITF,ITF4,16,Puglia,Puglia,4029053,884017,21.94,0.08
1638,2021-05-03,PUG,33284,14877,18407,22660,10624,ITF,ITF4,16,Puglia,Puglia,4029053,917301,22.77,0.83
1639,2021-03-07,PUG,4983,2000,2983,4412,571,ITF,ITF4,16,Puglia,Puglia,4029053,922284,22.89,0.12
1640,2021-05-08,PUG,54225,22957,31268,24510,29715,ITF,ITF4,16,Puglia,Puglia,4029053,976509,24.24,1.35
1641,2021-06-12,PUG,33744,16829,16915,24973,8771,ITF,ITF4,16,Puglia,Puglia,4029053,1010253,25.07,0.84
1642,2021-03-31,PUG,14487,6763,7724,8929,5558,ITF,ITF4,16,Puglia,Puglia,4029053,1024740,25.43,0.36
1643,2021-02-02,PUG,4344,1846,2498,592,3752,ITF,ITF4,16,Puglia,Puglia,4029053,1029084,25.54,0.11
1644,2021-05-13,PUG,38654,17241,21413,21504,17150,ITF,ITF4,16,Puglia,Puglia,4029053,1067738,26.5,0.96
1645,2021-03-17,PUG,10345,4701,5644,4171,6174,ITF,ITF4,16,Puglia,Puglia,4029053,1078083,26.76,0.26
1646,2021-02-04,PUG,5929,2366,3563,1195,4734,ITF,ITF4,16,Puglia,Puglia,4029053,1084012,26.9,0.15
1647,2021-05-17,PUG,32804,15193,17611,20951,11853,ITF,ITF4,16,Puglia,Puglia,4029053,1116816,27.72,0.81
1648,2021-03-02,PUG,16386,6091,10295,15084,1302,ITF,ITF4,16,Puglia,Puglia,4029053,1133202,28.13,0.41
1649,2021-06-10,PUG,46593,22874,23719,29706,16887,ITF,ITF4,16,Puglia,Puglia,4029053,1179795,29.28,1.16
1650,2021-04-04,PUG,5965,2962,3003,5960,5,ITF,ITF4,16,Puglia,Puglia,4029053,1185760,29.43,0.15
1651,2021-03-21,PUG,2694,1227,1467,590,2104,ITF,ITF4,16,Puglia,Puglia,4029053,1188454,29.5,0.07
1652,2021-01-11,PUG,3754,1588,2166,3754,0,ITF,ITF4,16,Puglia,Puglia,4029053,1192208,29.59,0.09
1653,2021-04-21,PUG,23087,10658,12429,19353,3734,ITF,ITF4,16,Puglia,Puglia,4029053,1215295,30.16,0.57
1654,2021-04-26,PUG,26252,12026,14226,23019,3233,ITF,ITF4,16,Puglia,Puglia,4029053,1241547,30.81,0.65
1655,2021-03-16,PUG,9872,4688,5184,3512,6360,ITF,ITF4,16,Puglia,Puglia,4029053,1251419,31.06,0.25
1656,2021-06-24,PUG,46853,22443,24410,21343,25510,ITF,ITF4,16,Puglia,Puglia,4029053,1298272,32.22,1.16
1657,2021-04-28,PUG,19774,8865,10909,15020,4754,ITF,ITF4,16,Puglia,Puglia,4029053,1318046,32.71,0.49
1658,2021-01-09,PUG,4887,2250,2637,4887,0,ITF,ITF4,16,Puglia,Puglia,4029053,1322933,32.83,0.12
1659,2021-02-25,PUG,11972,5063,6909,10799,1173,ITF,ITF4,16,Puglia,Puglia,4029053,1334905,33.13,0.3
1660,2021-06-05,PUG,41986,20581,21405,29487,12499,ITF,ITF4,16,Puglia,Puglia,4029053,1376891,34.17,1.04
1661,2021-01-06,PUG,3950,1672,2278,3950,0,ITF,ITF4,16,Puglia,Puglia,4029053,1380841,34.27,0.1
1662,2021-05-05,PUG,39110,17137,21973,24948,14162,ITF,ITF4,16,Puglia,Puglia,4029053,1419951,35.24,0.97
1663,2021-06-17,PUG,41542,20296,21246,21139,20403,ITF,ITF4,16,Puglia,Puglia,4029053,1461493,36.27,1.03
1664,2021-03-30,PUG,12280,5871,6409,6376,5904,ITF,ITF4,16,Puglia,Puglia,4029053,1473773,36.58,0.3
1665,2021-02-01,PUG,3966,1660,2306,373,3593,ITF,ITF4,16,Puglia,Puglia,4029053,1477739,36.68,0.1
1666,2021-05-14,PUG,44888,20512,24376,28779,16109,ITF,ITF4,16,Puglia,Puglia,4029053,1522627,37.79,1.11
1667,2021-02-07,PUG,1579,669,910,253,1326,ITF,ITF4,16,Puglia,Puglia,4029053,1524206,37.83,0.04
1668,2021-01-21,PUG,2132,904,1228,1271,861,ITF,ITF4,16,Puglia,Puglia,4029053,1526338,37.88,0.05
1669,2021-05-01,PUG,27605,12641,14964,16955,10650,ITF,ITF4,16,Puglia,Puglia,4029053,1553943,38.57,0.69
1670,2021-01-02,PUG,2949,1301,1648,2949,0,ITF,ITF4,16,Puglia,Puglia,4029053,1556892,38.64,0.07
1671,2021-04-12,PUG,29217,13760,15457,26339,2878,ITF,ITF4,16,Puglia,Puglia,4029053,1586109,39.37,0.73
1672,2021-01-28,PUG,5475,2278,3197,472,5003,ITF,ITF4,16,Puglia,Puglia,4029053,1591584,39.5,0.14
1673,2021-04-23,PUG,29466,13694,15772,24211,5255,ITF,ITF4,16,Puglia,Puglia,4029053,1621050,40.23,0.73
1674,2021-03-18,PUG,9475,4291,5184,3329,6146,ITF,ITF4,16,Puglia,Puglia,4029053,1630525,40.47,0.24
1675,2021-03-04,PUG,15342,6090,9252,13922,1420,ITF,ITF4,16,Puglia,Puglia,4029053,1645867,40.85,0.38
1676,2021-06-09,PUG,41431,20520,20911,30305,11126,ITF,ITF4,16,Puglia,Puglia,4029053,1687298,41.88,1.03
1677,2021-05-31,PUG,37612,18093,19519,23546,14066,ITF,ITF4,16,Puglia,Puglia,4029053,1724910,42.81,0.93
1678,2021-04-25,PUG,11305,5235,6070,10147,1158,ITF,ITF4,16,Puglia,Puglia,4029053,1736215,43.09,0.28
1679,2021-02-27,PUG,14221,4818,9403,12996,1225,ITF,ITF4,16,Puglia,Puglia,4029053,1750436,43.45,0.35
1680,2021-01-01,PUG,148,61,87,148,0,ITF,ITF4,16,Puglia,Puglia,4029053,1750584,43.45,0.0
1681,2021-06-07,PUG,44012,21491,22521,30822,13190,ITF,ITF4,16,Puglia,Puglia,4029053,1794596,44.54,1.09
1682,2021-04-11,PUG,16458,7246,9212,14800,1658,ITF,ITF4,16,Puglia,Puglia,4029053,1811054,44.95,0.41
1683,2021-03-06,PUG,16146,6125,10021,14057,2089,ITF,ITF4,16,Puglia,Puglia,4029053,1827200,45.35,0.4
1684,2021-01-08,PUG,5642,2367,3275,5642,0,ITF,ITF4,16,Puglia,Puglia,4029053,1832842,45.49,0.14
1685,2021-06-14,PUG,41526,20324,21202,29225,12301,ITF,ITF4,16,Puglia,Puglia,4029053,1874368,46.52,1.03
1686,2021-04-18,PUG,22589,10805,11784,21526,1063,ITF,ITF4,16,Puglia,Puglia,4029053,1896957,47.08,0.56
1687,2021-02-20,PUG,2971,1080,1891,2714,257,ITF,ITF4,16,Puglia,Puglia,4029053,1899928,47.16,0.07
1688,2021-01-15,PUG,4552,1866,2686,4552,0,ITF,ITF4,16,Puglia,Puglia,4029053,1904480,47.27,0.11
1689,2021-03-14,PUG,3325,1433,1892,2511,814,ITF,ITF4,16,Puglia,Puglia,4029053,1907805,47.35,0.08
1690,2021-01-16,PUG,2506,1033,1473,2506,0,ITF,ITF4,16,Puglia,Puglia,4029053,1910311,47.41,0.06
1691,2021-05-21,PUG,38857,18454,20403,28842,10015,ITF,ITF4,16,Puglia,Puglia,4029053,1949168,48.38,0.96
1692,2021-01-25,PUG,3826,1680,2146,423,3403,ITF,ITF4,16,Puglia,Puglia,4029053,1952994,48.47,0.09
1693,2021-04-08,PUG,17464,7580,9884,11288,6176,ITF,ITF4,16,Puglia,Puglia,4029053,1970458,48.91,0.43
1694,2021-02-23,PUG,9351,4421,4930,8873,478,ITF,ITF4,16,Puglia,Puglia,4029053,1979809,49.14,0.23
1695,2021-01-18,PUG,1845,771,1074,1496,349,ITF,ITF4,16,Puglia,Puglia,4029053,1981654,49.18,0.05
1696,2021-02-06,PUG,4548,1930,2618,1592,2956,ITF,ITF4,16,Puglia,Puglia,4029053,1986202,49.3,0.11
1697,2021-01-20,PUG,1548,542,1006,1540,8,ITF,ITF4,16,Puglia,Puglia,4029053,1987750,49.34,0.04
1698,2021-04-30,PUG,34906,15634,19272,22940,11966,ITF,ITF4,16,Puglia,Puglia,4029053,2022656,50.2,0.87
1699,2021-04-13,PUG,28699,13611,15088,25299,3400,ITF,ITF4,16,Puglia,Puglia,4029053,2051355,50.91,0.71
1700,2021-05-02,PUG,21307,9657,11650,14042,7265,ITF,ITF4,16,Puglia,Puglia,4029053,2072662,51.44,0.53
1701,2021-06-18,PUG,46260,22761,23499,28647,17613,ITF,ITF4,16,Puglia,Puglia,4029053,2118922,52.59,1.15
1702,2021-06-06,PUG,30507,15360,15147,25482,5025,ITF,ITF4,16,Puglia,Puglia,4029053,2149429,53.35,0.76
1703,2021-04-10,PUG,30824,13062,17762,26601,4223,ITF,ITF4,16,Puglia,Puglia,4029053,2180253,54.11,0.77
1704,2021-04-01,PUG,13858,6477,7381,7512,6346,ITF,ITF4,16,Puglia,Puglia,4029053,2194111,54.46,0.34
1705,2021-02-03,PUG,5036,2005,3031,730,4306,ITF,ITF4,16,Puglia,Puglia,4029053,2199147,54.58,0.12
1706,2021-06-16,PUG,41043,20191,20852,26760,14283,ITF,ITF4,16,Puglia,Puglia,4029053,2240190,55.6,1.02
1707,2020-12-30,PUG,1,0,1,1,0,ITF,ITF4,16,Puglia,Puglia,4029053,2240191,55.6,0.0
1708,2021-03-22,PUG,9859,5038,4821,4213,5646,ITF,ITF4,16,Puglia,Puglia,4029053,2250050,55.85,0.24
1709,2021-01-24,PUG,1670,750,920,154,1516,ITF,ITF4,16,Puglia,Puglia,4029053,2251720,55.89,0.04
1710,2021-03-15,PUG,12260,6077,6183,5757,6503,ITF,ITF4,16,Puglia,Puglia,4029053,2263980,56.19,0.3
1711,2021-01-17,PUG,1308,590,718,1239,69,ITF,ITF4,16,Puglia,Puglia,4029053,2265288,56.22,0.03
1712,2021-06-23,PUG,27630,13522,14108,16292,11338,ITF,ITF4,16,Puglia,Puglia,4029053,2292918,56.91,0.69
1713,2021-04-27,PUG,26653,12067,14586,21066,5587,ITF,ITF4,16,Puglia,Puglia,4029053,2319571,57.57,0.66
1714,2021-01-19,PUG,1221,452,769,1211,10,ITF,ITF4,16,Puglia,Puglia,4029053,2320792,57.6,0.03
1715,2021-01-04,PUG,4508,2016,2492,4508,0,ITF,ITF4,16,Puglia,Puglia,4029053,2325300,57.71,0.11
1716,2021-03-26,PUG,11920,5764,6156,7275,4645,ITF,ITF4,16,Puglia,Puglia,4029053,2337220,58.01,0.3
1717,2021-03-09,PUG,13597,6068,7529,11587,2010,ITF,ITF4,16,Puglia,Puglia,4029053,2350817,58.35,0.34
1718,2021-04-14,PUG,31889,15058,16831,28582,3307,ITF,ITF4,16,Puglia,Puglia,4029053,2382706,59.14,0.79
1719,2021-03-28,PUG,3540,1654,1886,1214,2326,ITF,ITF4,16,Puglia,Puglia,4029053,2386246,59.23,0.09
1720,2021-06-19,PUG,33590,16801,16789,21976,11614,ITF,ITF4,16,Puglia,Puglia,4029053,2419836,60.06,0.83
1721,2021-06-21,PUG,40075,19517,20558,20839,19236,ITF,ITF4,16,Puglia,Puglia,4029053,2459911,61.05,0.99
1722,2021-01-03,PUG,2007,943,1064,2007,0,ITF,ITF4,16,Puglia,Puglia,4029053,2461918,61.1,0.05
1723,2021-03-27,PUG,12152,5708,6444,6983,5169,ITF,ITF4,16,Puglia,Puglia,4029053,2474070,61.41,0.3
1724,2021-01-05,PUG,5107,2251,2856,5107,0,ITF,ITF4,16,Puglia,Puglia,4029053,2479177,61.53,0.13
1725,2021-04-15,PUG,32535,15181,17354,28991,3544,ITF,ITF4,16,Puglia,Puglia,4029053,2511712,62.34,0.81
1726,2021-01-22,PUG,1409,578,831,991,418,ITF,ITF4,16,Puglia,Puglia,4029053,2513121,62.37,0.03
1727,2021-06-25,PUG,12025,5718,6307,5608,6417,ITF,ITF4,16,Puglia,Puglia,4029053,2525146,62.67,0.3
1728,2021-05-11,PUG,32534,14350,18184,14118,18416,ITF,ITF4,16,Puglia,Puglia,4029053,2557680,63.48,0.81
1729,2021-05-04,PUG,35014,14809,20205,18581,16433,ITF,ITF4,16,Puglia,Puglia,4029053,2592694,64.35,0.87
1730,2021-03-08,PUG,14986,6434,8552,12586,2400,ITF,ITF4,16,Puglia,Puglia,4029053,2607680,64.72,0.37
1731,2021-05-19,PUG,26328,12730,13598,19907,6421,ITF,ITF4,16,Puglia,Puglia,4029053,2634008,65.38,0.65
1732,2021-03-23,PUG,10997,5540,5457,4526,6471,ITF,ITF4,16,Puglia,Puglia,4029053,2645005,65.65,0.27
1733,2021-03-25,PUG,11472,5788,5684,5231,6241,ITF,ITF4,16,Puglia,Puglia,4029053,2656477,65.93,0.28
1734,2021-02-08,PUG,3992,1610,2382,1598,2394,ITF,ITF4,16,Puglia,Puglia,4029053,2660469,66.03,0.1
1735,2021-02-10,PUG,3646,1436,2210,2135,1511,ITF,ITF4,16,Puglia,Puglia,4029053,2664115,66.12,0.09
1736,2021-03-11,PUG,14801,6563,8238,11630,3171,ITF,ITF4,16,Puglia,Puglia,4029053,2678916,66.49,0.37
1737,2021-06-02,PUG,26912,13169,13743,22099,4813,ITF,ITF4,16,Puglia,Puglia,4029053,2705828,67.16,0.67
1738,2021-03-13,PUG,10466,4134,6332,8658,1808,ITF,ITF4,16,Puglia,Puglia,4029053,2716294,67.42,0.26
1739,2021-02-24,PUG,10040,4705,5335,9449,591,ITF,ITF4,16,Puglia,Puglia,4029053,2726334,67.67,0.25
1740,2021-06-04,PUG,52262,25299,26963,34641,17621,ITF,ITF4,16,Puglia,Puglia,4029053,2778596,68.96,1.3
1741,2021-05-18,PUG,28821,13406,15415,16079,12742,ITF,ITF4,16,Puglia,Puglia,4029053,2807417,69.68,0.72
1742,2021-02-15,PUG,3255,1269,1986,2634,621,ITF,ITF4,16,Puglia,Puglia,4029053,2810672,69.76,0.08
1743,2021-05-26,PUG,38286,18383,19903,26648,11638,ITF,ITF4,16,Puglia,Puglia,4029053,2848958,70.71,0.95
1744,2021-01-27,PUG,4602,1941,2661,631,3971,ITF,ITF4,16,Puglia,Puglia,4029053,2853560,70.82,0.11
1745,2021-05-07,PUG,49963,22304,27659,26534,23429,ITF,ITF4,16,Puglia,Puglia,4029053,2903523,72.06,1.24
1746,2021-01-13,PUG,4543,1730,2813,4543,0,ITF,ITF4,16,Puglia,Puglia,4029053,2908066,72.18,0.11
1747,2021-04-06,PUG,13802,6223,7579,7051,6751,ITF,ITF4,16,Puglia,Puglia,4029053,2921868,72.52,0.34
1748,2021-03-01,PUG,15104,5868,9236,13732,1372,ITF,ITF4,16,Puglia,Puglia,4029053,2936972,72.89,0.37
1749,2021-01-10,PUG,2348,1061,1287,2348,0,ITF,ITF4,16,Puglia,Puglia,4029053,2939320,72.95,0.06
1750,2021-04-20,PUG,21138,9814,11324,17673,3465,ITF,ITF4,16,Puglia,Puglia,4029053,2960458,73.48,0.52
1751,2020-12-27,PUG,509,252,257,509,0,ITF,ITF4,16,Puglia,Puglia,4029053,2960967,73.49,0.01
1752,2021-05-23,PUG,17879,8357,9522,14074,3805,ITF,ITF4,16,Puglia,Puglia,4029053,2978846,73.93,0.44
1753,2021-02-17,PUG,4278,1747,2531,3673,605,ITF,ITF4,16,Puglia,Puglia,4029053,2983124,74.04,0.11
1754,2021-05-28,PUG,43593,20646,22947,27937,15656,ITF,ITF4,16,Puglia,Puglia,4029053,3026717,75.12,1.08
1755,2021-05-30,PUG,20891,10004,10887,15863,5028,ITF,ITF4,16,Puglia,Puglia,4029053,3047608,75.64,0.52
1756,2021-04-29,PUG,26157,12102,14055,19495,6662,ITF,ITF4,16,Puglia,Puglia,4029053,3073765,76.29,0.65
1757,2021-02-22,PUG,9630,4537,5093,9298,332,ITF,ITF4,16,Puglia,Puglia,4029053,3083395,76.53,0.24
1758,2021-02-05,PUG,5635,2273,3362,1333,4302,ITF,ITF4,16,Puglia,Puglia,4029053,3089030,76.67,0.14
1759,2021-05-16,PUG,24516,11051,13465,12696,11820,ITF,ITF4,16,Puglia,Puglia,4029053,3113546,77.28,0.61
1760,2021-05-24,PUG,35913,16951,18962,24935,10978,ITF,ITF4,16,Puglia,Puglia,4029053,3149459,78.17,0.89
1761,2021-02-16,PUG,3382,1454,1928,2736,646,ITF,ITF4,16,Puglia,Puglia,4029053,3152841,78.25,0.08
1762,2021-01-30,PUG,5529,2514,3015,410,5119,ITF,ITF4,16,Puglia,Puglia,4029053,3158370,78.39,0.14
1763,2021-05-10,PUG,37679,16647,21032,19741,17938,ITF,ITF4,16,Puglia,Puglia,4029053,3196049,79.33,0.94
1764,2021-02-13,PUG,3727,1456,2271,3031,696,ITF,ITF4,16,Puglia,Puglia,4029053,3199776,79.42,0.09
1765,2021-05-09,PUG,30632,12553,18079,15023,15609,ITF,ITF4,16,Puglia,Puglia,4029053,3230408,80.18,0.76
1766,2021-04-22,PUG,23003,10528,12475,18084,4919,ITF,ITF4,16,Puglia,Puglia,4029053,3253411,80.75,0.57
1767,2021-02-12,PUG,4212,1672,2540,3120,1092,ITF,ITF4,16,Puglia,Puglia,4029053,3257623,80.85,0.1
1768,2021-01-29,PUG,6201,2663,3538,436,5765,ITF,ITF4,16,Puglia,Puglia,4029053,3263824,81.01,0.15
1769,2021-03-20,PUG,8414,3878,4536,3820,4594,ITF,ITF4,16,Puglia,Puglia,4029053,3272238,81.22,0.21
1770,2021-03-03,PUG,16774,6796,9978,14858,1916,ITF,ITF4,16,Puglia,Puglia,4029053,3289012,81.63,0.42
1771,2021-06-11,PUG,47247,23120,24127,33426,13821,ITF,ITF4,16,Puglia,Puglia,4029053,3336259,82.81,1.17
1772,2021-04-03,PUG,10557,4643,5914,6998,3559,ITF,ITF4,16,Puglia,Puglia,4029053,3346816,83.07,0.26
1773,2021-01-07,MOL,598,209,389,598,0,ITF,ITF2,14,Molise,Molise,305617,598,0.2,0.2
1774,2021-02-12,MOL,332,150,182,208,124,ITF,ITF2,14,Molise,Molise,305617,930,0.3,0.11
1775,2021-03-15,MOL,832,338,494,587,245,ITF,ITF2,14,Molise,Molise,305617,1762,0.58,0.27
1776,2021-05-01,MOL,2647,1268,1379,424,2223,ITF,ITF2,14,Molise,Molise,305617,4409,1.44,0.87
1777,2021-03-05,MOL,1219,649,570,1015,204,ITF,ITF2,14,Molise,Molise,305617,5628,1.84,0.4
1778,2021-06-13,MOL,2620,1405,1215,2295,325,ITF,ITF2,14,Molise,Molise,305617,8248,2.7,0.86
1779,2021-04-17,MOL,3054,1501,1553,1568,1486,ITF,ITF2,14,Molise,Molise,305617,11302,3.7,1.0
1780,2021-06-20,MOL,420,173,247,50,370,ITF,ITF2,14,Molise,Molise,305617,11722,3.84,0.14
1781,2021-04-24,MOL,2551,1202,1349,710,1841,ITF,ITF2,14,Molise,Molise,305617,14273,4.67,0.83
1782,2021-02-26,MOL,563,260,303,490,73,ITF,ITF2,14,Molise,Molise,305617,14836,4.85,0.18
1783,2021-06-06,MOL,2059,1059,1000,1736,323,ITF,ITF2,14,Molise,Molise,305617,16895,5.53,0.67
1784,2021-03-19,MOL,1184,482,702,757,427,ITF,ITF2,14,Molise,Molise,305617,18079,5.92,0.39
1785,2021-02-19,MOL,169,93,76,167,2,ITF,ITF2,14,Molise,Molise,305617,18248,5.97,0.06
1786,2021-03-10,MOL,1737,720,1017,1687,50,ITF,ITF2,14,Molise,Molise,305617,19985,6.54,0.57
1787,2021-06-01,MOL,2598,1322,1276,2490,108,ITF,ITF2,14,Molise,Molise,305617,22583,7.39,0.85
1788,2021-02-07,MOL,66,32,34,19,47,ITF,ITF2,14,Molise,Molise,305617,22649,7.41,0.02
1789,2021-05-18,MOL,1645,877,768,990,655,ITF,ITF2,14,Molise,Molise,305617,24294,7.95,0.54
1790,2021-03-22,MOL,1148,440,708,905,243,ITF,ITF2,14,Molise,Molise,305617,25442,8.32,0.38
1791,2021-05-20,MOL,2660,1370,1290,2474,186,ITF,ITF2,14,Molise,Molise,305617,28102,9.2,0.87
1792,2021-01-12,MOL,336,114,222,336,0,ITF,ITF2,14,Molise,Molise,305617,28438,9.31,0.11
1793,2021-02-24,MOL,666,278,388,333,333,ITF,ITF2,14,Molise,Molise,305617,29104,9.52,0.22
1794,2021-01-26,MOL,450,184,266,8,442,ITF,ITF2,14,Molise,Molise,305617,29554,9.67,0.15
1795,2021-05-06,MOL,2679,1214,1465,2081,598,ITF,ITF2,14,Molise,Molise,305617,32233,10.55,0.88
1796,2021-03-17,MOL,908,385,523,576,332,ITF,ITF2,14,Molise,Molise,305617,33141,10.84,0.3
1797,2021-06-25,MOL,1300,643,657,714,586,ITF,ITF2,14,Molise,Molise,305617,34441,11.27,0.43
1798,2021-06-08,MOL,2885,1593,1292,2189,696,ITF,ITF2,14,Molise,Molise,305617,37326,12.21,0.94
1799,2021-04-05,MOL,391,189,202,292,99,ITF,ITF2,14,Molise,Molise,305617,37717,12.34,0.13
1800,2021-03-29,MOL,2033,835,1198,1547,486,ITF,ITF2,14,Molise,Molise,305617,39750,13.01,0.67
1801,2021-01-31,MOL,268,70,198,6,262,ITF,ITF2,14,Molise,Molise,305617,40018,13.09,0.09
1802,2021-01-21,MOL,6,2,4,6,0,ITF,ITF2,14,Molise,Molise,305617,40024,13.1,0.0
1803,2021-01-28,MOL,613,217,396,17,596,ITF,ITF2,14,Molise,Molise,305617,40637,13.3,0.2
1804,2021-03-12,MOL,1459,637,822,1423,36,ITF,ITF2,14,Molise,Molise,305617,42096,13.77,0.48
1805,2021-01-14,MOL,646,239,407,646,0,ITF,ITF2,14,Molise,Molise,305617,42742,13.99,0.21
1806,2021-05-25,MOL,1963,887,1076,1333,630,ITF,ITF2,14,Molise,Molise,305617,44705,14.63,0.64
1807,2021-01-04,MOL,314,131,183,314,0,ITF,ITF2,14,Molise,Molise,305617,45019,14.73,0.1
1808,2021-04-14,MOL,1806,767,1039,1145,661,ITF,ITF2,14,Molise,Molise,305617,46825,15.32,0.59
1809,2021-02-16,MOL,156,70,86,150,6,ITF,ITF2,14,Molise,Molise,305617,46981,15.37,0.05
1810,2021-05-27,MOL,2834,1348,1486,1998,836,ITF,ITF2,14,Molise,Molise,305617,49815,16.3,0.93
1811,2021-05-29,MOL,2350,1223,1127,1960,390,ITF,ITF2,14,Molise,Molise,305617,52165,17.07,0.77
1812,2021-06-24,MOL,3106,1448,1658,428,2678,ITF,ITF2,14,Molise,Molise,305617,55271,18.09,1.02
1813,2021-03-02,MOL,667,383,284,509,158,ITF,ITF2,14,Molise,Molise,305617,55938,18.3,0.22
1814,2021-06-10,MOL,2571,1182,1389,1270,1301,ITF,ITF2,14,Molise,Molise,305617,58509,19.14,0.84
1815,2021-04-02,MOL,1455,709,746,678,777,ITF,ITF2,14,Molise,Molise,305617,59964,19.62,0.48
1816,2021-05-08,MOL,2973,1454,1519,1729,1244,ITF,ITF2,14,Molise,Molise,305617,62937,20.59,0.97
1817,2021-04-21,MOL,1864,789,1075,969,895,ITF,ITF2,14,Molise,Molise,305617,64801,21.2,0.61
1818,2021-03-03,MOL,672,316,356,590,82,ITF,ITF2,14,Molise,Molise,305617,65473,21.42,0.22
1819,2021-01-05,MOL,449,180,269,449,0,ITF,ITF2,14,Molise,Molise,305617,65922,21.57,0.15
1820,2021-05-10,MOL,2890,1285,1605,2517,373,ITF,ITF2,14,Molise,Molise,305617,68812,22.52,0.95
1821,2021-05-03,MOL,2485,1165,1320,2322,163,ITF,ITF2,14,Molise,Molise,305617,71297,23.33,0.81
1822,2021-05-13,MOL,3039,1410,1629,2582,457,ITF,ITF2,14,Molise,Molise,305617,74336,24.32,0.99
1823,2021-04-28,MOL,1693,923,770,476,1217,ITF,ITF2,14,Molise,Molise,305617,76029,24.88,0.55
1824,2021-02-21,MOL,574,227,347,572,2,ITF,ITF2,14,Molise,Molise,305617,76603,25.07,0.19
1825,2021-02-04,MOL,758,295,463,77,681,ITF,ITF2,14,Molise,Molise,305617,77361,25.31,0.25
1826,2021-05-15,MOL,2979,1398,1581,2595,384,ITF,ITF2,14,Molise,Molise,305617,80340,26.29,0.97
1827,2021-01-09,MOL,450,152,298,450,0,ITF,ITF2,14,Molise,Molise,305617,80790,26.44,0.15
1828,2021-04-19,MOL,1827,842,985,1049,778,ITF,ITF2,14,Molise,Molise,305617,82617,27.03,0.6
1829,2021-03-31,MOL,2193,919,1274,1374,819,ITF,ITF2,14,Molise,Molise,305617,84810,27.75,0.72
1830,2021-02-23,MOL,582,223,359,363,219,ITF,ITF2,14,Molise,Molise,305617,85392,27.94,0.19
1831,2021-05-26,MOL,1548,697,851,794,754,ITF,ITF2,14,Molise,Molise,305617,86940,28.45,0.51
1832,2021-03-30,MOL,2003,857,1146,1491,512,ITF,ITF2,14,Molise,Molise,305617,88943,29.1,0.66
1833,2021-02-01,MOL,562,201,361,14,548,ITF,ITF2,14,Molise,Molise,305617,89505,29.29,0.18
1834,2021-05-12,MOL,2852,1294,1558,2756,96,ITF,ITF2,14,Molise,Molise,305617,92357,30.22,0.93
1835,2021-02-09,MOL,359,170,189,197,162,ITF,ITF2,14,Molise,Molise,305617,92716,30.34,0.12
1836,2021-03-11,MOL,1465,637,828,1459,6,ITF,ITF2,14,Molise,Molise,305617,94181,30.82,0.48
1837,2021-01-06,MOL,689,260,429,689,0,ITF,ITF2,14,Molise,Molise,305617,94870,31.04,0.23
1838,2021-04-16,MOL,2430,1033,1397,1198,1232,ITF,ITF2,14,Molise,Molise,305617,97300,31.84,0.8
1839,2021-03-24,MOL,1631,658,973,1229,402,ITF,ITF2,14,Molise,Molise,305617,98931,32.37,0.53
1840,2021-01-17,MOL,78,38,40,48,30,ITF,ITF2,14,Molise,Molise,305617,99009,32.4,0.03
1841,2021-04-10,MOL,2640,1261,1379,2488,152,ITF,ITF2,14,Molise,Molise,305617,101649,33.26,0.86
1842,2021-02-05,MOL,593,269,324,55,538,ITF,ITF2,14,Molise,Molise,305617,102242,33.45,0.19
1843,2021-01-19,MOL,173,63,110,162,11,ITF,ITF2,14,Molise,Molise,305617,102415,33.51,0.06
1844,2021-02-11,MOL,293,133,160,257,36,ITF,ITF2,14,Molise,Molise,305617,102708,33.61,0.1
1845,2021-05-22,MOL,1314,711,603,1230,84,ITF,ITF2,14,Molise,Molise,305617,104022,34.04,0.43
1846,2021-05-17,MOL,2228,1092,1136,1732,496,ITF,ITF2,14,Molise,Molise,305617,106250,34.77,0.73
1847,2021-03-21,MOL,1246,542,704,479,767,ITF,ITF2,14,Molise,Molise,305617,107496,35.17,0.41
1848,2021-03-14,MOL,596,240,356,17,579,ITF,ITF2,14,Molise,Molise,305617,108092,35.37,0.2
1849,2021-06-22,MOL,2947,1366,1581,685,2262,ITF,ITF2,14,Molise,Molise,305617,111039,36.33,0.96
1850,2021-03-28,MOL,1626,747,879,524,1102,ITF,ITF2,14,Molise,Molise,305617,112665,36.86,0.53
1851,2021-01-30,MOL,461,158,303,12,449,ITF,ITF2,14,Molise,Molise,305617,113126,37.02,0.15
1852,2021-02-06,MOL,429,179,250,29,400,ITF,ITF2,14,Molise,Molise,305617,113555,37.16,0.14
1853,2021-06-04,MOL,3025,1485,1540,2583,442,ITF,ITF2,14,Molise,Molise,305617,116580,38.15,0.99
1854,2021-04-08,MOL,1766,903,863,1564,202,ITF,ITF2,14,Molise,Molise,305617,118346,38.72,0.58
1855,2021-06-03,MOL,3291,1566,1725,2737,554,ITF,ITF2,14,Molise,Molise,305617,121637,39.8,1.08
1856,2021-04-07,MOL,1688,847,841,1413,275,ITF,ITF2,14,Molise,Molise,305617,123325,40.35,0.55
1857,2021-06-05,MOL,2892,1463,1429,2738,154,ITF,ITF2,14,Molise,Molise,305617,126217,41.3,0.95
1858,2021-03-04,MOL,850,417,433,526,324,ITF,ITF2,14,Molise,Molise,305617,127067,41.58,0.28
1859,2021-06-12,MOL,3375,1736,1639,3289,86,ITF,ITF2,14,Molise,Molise,305617,130442,42.68,1.1
1860,2021-06-21,MOL,2900,1350,1550,1669,1231,ITF,ITF2,14,Molise,Molise,305617,133342,43.63,0.95
1861,2021-04-25,MOL,792,395,397,559,233,ITF,ITF2,14,Molise,Molise,305617,134134,43.89,0.26
1862,2021-01-13,MOL,474,160,314,474,0,ITF,ITF2,14,Molise,Molise,305617,134608,44.04,0.16
1863,2021-06-19,MOL,2326,1156,1170,1316,1010,ITF,ITF2,14,Molise,Molise,305617,136934,44.81,0.76
1864,2021-04-23,MOL,2050,882,1168,1391,659,ITF,ITF2,14,Molise,Molise,305617,138984,45.48,0.67
1865,2021-02-02,MOL,539,176,363,216,323,ITF,ITF2,14,Molise,Molise,305617,139523,45.65,0.18
1866,2021-01-16,MOL,420,166,254,420,0,ITF,ITF2,14,Molise,Molise,305617,139943,45.79,0.14
1867,2021-04-26,MOL,1157,521,636,826,331,ITF,ITF2,14,Molise,Molise,305617,141100,46.17,0.38
1868,2021-04-09,MOL,2323,1251,1072,2132,191,ITF,ITF2,14,Molise,Molise,305617,143423,46.93,0.76
1869,2021-01-18,MOL,114,48,66,114,0,ITF,ITF2,14,Molise,Molise,305617,143537,46.97,0.04
1870,2021-04-11,MOL,1196,591,605,1182,14,ITF,ITF2,14,Molise,Molise,305617,144733,47.36,0.39
1871,2021-03-25,MOL,1806,730,1076,1309,497,ITF,ITF2,14,Molise,Molise,305617,146539,47.95,0.59
1872,2021-03-08,MOL,1379,522,857,1239,140,ITF,ITF2,14,Molise,Molise,305617,147918,48.4,0.45
1873,2021-06-16,MOL,1788,904,884,934,854,ITF,ITF2,14,Molise,Molise,305617,149706,48.98,0.59
1874,2021-04-13,MOL,1630,718,912,1043,587,ITF,ITF2,14,Molise,Molise,305617,151336,49.52,0.53
1875,2021-03-27,MOL,2743,1273,1470,1310,1433,ITF,ITF2,14,Molise,Molise,305617,154079,50.42,0.9
1876,2021-03-13,MOL,1189,594,595,200,989,ITF,ITF2,14,Molise,Molise,305617,155268,50.8,0.39
1877,2021-01-15,MOL,538,242,296,538,0,ITF,ITF2,14,Molise,Molise,305617,155806,50.98,0.18
1878,2021-06-23,MOL,2760,1277,1483,230,2530,ITF,ITF2,14,Molise,Molise,305617,158566,51.88,0.9
1879,2021-03-20,MOL,2321,968,1353,1000,1321,ITF,ITF2,14,Molise,Molise,305617,160887,52.64,0.76
1880,2021-04-06,MOL,1494,701,793,1151,343,ITF,ITF2,14,Molise,Molise,305617,162381,53.13,0.49
1881,2021-02-08,MOL,334,141,193,216,118,ITF,ITF2,14,Molise,Molise,305617,162715,53.24,0.11
1882,2021-05-19,MOL,2340,1205,1135,1915,425,ITF,ITF2,14,Molise,Molise,305617,165055,54.01,0.77
1883,2021-03-23,MOL,1642,694,948,1435,207,ITF,ITF2,14,Molise,Molise,305617,166697,54.54,0.54
1884,2021-02-15,MOL,144,70,74,141,3,ITF,ITF2,14,Molise,Molise,305617,166841,54.59,0.05
1885,2021-04-29,MOL,2237,1144,1093,890,1347,ITF,ITF2,14,Molise,Molise,305617,169078,55.32,0.73
1886,2021-04-12,MOL,1299,557,742,1048,251,ITF,ITF2,14,Molise,Molise,305617,170377,55.75,0.43
1887,2021-03-07,MOL,1132,501,631,1130,2,ITF,ITF2,14,Molise,Molise,305617,171509,56.12,0.37
1888,2021-06-15,MOL,2100,983,1117,649,1451,ITF,ITF2,14,Molise,Molise,305617,173609,56.81,0.69
1889,2021-06-17,MOL,2306,1017,1289,937,1369,ITF,ITF2,14,Molise,Molise,305617,175915,57.56,0.75
1890,2021-03-26,MOL,2575,1045,1530,1933,642,ITF,ITF2,14,Molise,Molise,305617,178490,58.4,0.84
1891,2021-02-18,MOL,319,74,245,306,13,ITF,ITF2,14,Molise,Molise,305617,178809,58.51,0.1
1892,2021-03-09,MOL,1329,579,750,1177,152,ITF,ITF2,14,Molise,Molise,305617,180138,58.94,0.43
1893,2021-06-18,MOL,2613,1166,1447,1166,1447,ITF,ITF2,14,Molise,Molise,305617,182751,59.8,0.85
1894,2021-05-30,MOL,1829,908,921,1544,285,ITF,ITF2,14,Molise,Molise,305617,184580,60.4,0.6
1895,2021-04-22,MOL,1845,864,981,1066,779,ITF,ITF2,14,Molise,Molise,305617,186425,61.0,0.6
1896,2021-02-17,MOL,72,32,40,57,15,ITF,ITF2,14,Molise,Molise,305617,186497,61.02,0.02
1897,2021-05-28,MOL,2644,1362,1282,2097,547,ITF,ITF2,14,Molise,Molise,305617,189141,61.89,0.87
1898,2021-06-11,MOL,3313,1592,1721,2008,1305,ITF,ITF2,14,Molise,Molise,305617,192454,62.97,1.08
1899,2021-04-15,MOL,1925,793,1132,1080,845,ITF,ITF2,14,Molise,Molise,305617,194379,63.6,0.63
1900,2021-02-22,MOL,265,129,136,250,15,ITF,ITF2,14,Molise,Molise,305617,194644,63.69,0.09
1901,2020-12-27,MOL,50,20,30,50,0,ITF,ITF2,14,Molise,Molise,305617,194694,63.71,0.02
1902,2021-06-14,MOL,1627,810,817,552,1075,ITF,ITF2,14,Molise,Molise,305617,196321,64.24,0.53
1903,2021-01-20,MOL,18,8,10,18,0,ITF,ITF2,14,Molise,Molise,305617,196339,64.24,0.01
1904,2021-04-30,MOL,2937,1556,1381,830,2107,ITF,ITF2,14,Molise,Molise,305617,199276,65.2,0.96
1905,2021-02-25,MOL,541,239,302,473,68,ITF,ITF2,14,Molise,Molise,305617,199817,65.38,0.18
1906,2021-02-20,MOL,1018,441,577,998,20,ITF,ITF2,14,Molise,Molise,305617,200835,65.71,0.33
1907,2021-05-31,MOL,2351,1139,1212,1933,418,ITF,ITF2,14,Molise,Molise,305617,203186,66.48,0.77
1908,2021-05-14,MOL,2644,1215,1429,1926,718,ITF,ITF2,14,Molise,Molise,305617,205830,67.35,0.87
1909,2021-06-02,MOL,2805,1355,1450,2706,99,ITF,ITF2,14,Molise,Molise,305617,208635,68.27,0.92
1910,2021-03-16,MOL,614,230,384,267,347,ITF,ITF2,14,Molise,Molise,305617,209249,68.47,0.2
1911,2021-01-11,MOL,557,194,363,557,0,ITF,ITF2,14,Molise,Molise,305617,209806,68.65,0.18
1912,2021-01-25,MOL,319,130,189,3,316,ITF,ITF2,14,Molise,Molise,305617,210125,68.75,0.1
1913,2021-05-05,MOL,2414,1042,1372,2273,141,ITF,ITF2,14,Molise,Molise,305617,212539,69.54,0.79
1914,2021-05-04,MOL,2705,1181,1524,2577,128,ITF,ITF2,14,Molise,Molise,305617,215244,70.43,0.89
1915,2021-01-10,MOL,270,72,198,270,0,ITF,ITF2,14,Molise,Molise,305617,215514,70.52,0.09
1916,2021-04-20,MOL,2318,1025,1293,1220,1098,ITF,ITF2,14,Molise,Molise,305617,217832,71.28,0.76
1917,2021-06-09,MOL,1023,565,458,523,500,ITF,ITF2,14,Molise,Molise,305617,218855,71.61,0.33
1918,2021-05-23,MOL,1699,863,836,1694,5,ITF,ITF2,14,Molise,Molise,305617,220554,72.17,0.56
1919,2021-03-01,MOL,661,274,387,447,214,ITF,ITF2,14,Molise,Molise,305617,221215,72.38,0.22
1920,2021-04-03,MOL,1773,851,922,1738,35,ITF,ITF2,14,Molise,Molise,305617,222988,72.96,0.58
1921,2021-01-29,MOL,421,136,285,6,415,ITF,ITF2,14,Molise,Molise,305617,223409,73.1,0.14
1922,2021-05-09,MOL,2051,932,1119,1955,96,ITF,ITF2,14,Molise,Molise,305617,225460,73.77,0.67
1923,2021-05-11,MOL,3207,1414,1793,2957,250,ITF,ITF2,14,Molise,Molise,305617,228667,74.82,1.05
1924,2021-01-22,MOL,128,36,92,128,0,ITF,ITF2,14,Molise,Molise,305617,228795,74.86,0.04
1925,2021-05-02,MOL,1893,932,961,588,1305,ITF,ITF2,14,Molise,Molise,305617,230688,75.48,0.62
1926,2021-03-06,MOL,1728,807,921,1569,159,ITF,ITF2,14,Molise,Molise,305617,232416,76.05,0.57
1927,2021-02-03,MOL,731,249,482,338,393,ITF,ITF2,14,Molise,Molise,305617,233147,76.29,0.24
1928,2021-04-27,MOL,1593,767,826,465,1128,ITF,ITF2,14,Molise,Molise,305617,234740,76.81,0.52
1929,2021-05-16,MOL,1247,571,676,1065,182,ITF,ITF2,14,Molise,Molise,305617,235987,77.22,0.41
1930,2021-02-28,MOL,832,334,498,790,42,ITF,ITF2,14,Molise,Molise,305617,236819,77.49,0.27
1931,2021-02-27,MOL,1366,568,798,1347,19,ITF,ITF2,14,Molise,Molise,305617,238185,77.94,0.45
1932,2021-06-07,MOL,1947,857,1090,1128,819,ITF,ITF2,14,Molise,Molise,305617,240132,78.57,0.64
1933,2021-02-13,MOL,132,80,52,132,0,ITF,ITF2,14,Molise,Molise,305617,240264,78.62,0.04
1934,2021-05-24,MOL,1963,852,1111,1297,666,ITF,ITF2,14,Molise,Molise,305617,242227,79.26,0.64
1935,2021-05-07,MOL,2643,1228,1415,2046,597,ITF,ITF2,14,Molise,Molise,305617,244870,80.12,0.86
1936,2021-04-18,MOL,1083,483,600,149,934,ITF,ITF2,14,Molise,Molise,305617,245953,80.48,0.35
1937,2021-04-04,MOL,253,141,112,238,15,ITF,ITF2,14,Molise,Molise,305617,246206,80.56,0.08
1938,2021-03-18,MOL,1156,476,680,692,464,ITF,ITF2,14,Molise,Molise,305617,247362,80.94,0.38
1939,2021-02-10,MOL,151,79,72,131,20,ITF,ITF2,14,Molise,Molise,305617,247513,80.99,0.05
1940,2021-05-21,MOL,2096,1050,1046,1774,322,ITF,ITF2,14,Molise,Molise,305617,249609,81.67,0.69
1941,2021-01-27,MOL,674,251,423,8,666,ITF,ITF2,14,Molise,Molise,305617,250283,81.89,0.22
1942,2021-01-08,MOL,429,141,288,429,0,ITF,ITF2,14,Molise,Molise,305617,250712,82.03,0.14
1943,2021-04-01,MOL,1469,667,802,743,726,ITF,ITF2,14,Molise,Molise,305617,252181,82.52,0.48
1944,2021-01-11,VEN,7240,2102,5138,7240,0,ITH,ITH3,5,Veneto,Veneto,4905854,7240,0.15,0.15
1945,2021-04-21,VEN,32321,13178,19143,16262,16059,ITH,ITH3,5,Veneto,Veneto,4905854,39561,0.81,0.66
1946,2021-05-22,VEN,34754,16668,18086,13350,21404,ITH,ITH3,5,Veneto,Veneto,4905854,74315,1.51,0.71
1947,2021-02-11,VEN,4012,1238,2774,3384,628,ITH,ITH3,5,Veneto,Veneto,4905854,78327,1.6,0.08
1948,2021-01-28,VEN,9210,2662,6548,172,9038,ITH,ITH3,5,Veneto,Veneto,4905854,87537,1.78,0.19
1949,2021-03-02,VEN,11485,4622,6863,8176,3309,ITH,ITH3,5,Veneto,Veneto,4905854,99022,2.02,0.23
1950,2021-05-05,VEN,44307,21233,23074,37733,6574,ITH,ITH3,5,Veneto,Veneto,4905854,143329,2.92,0.9
1951,2021-05-12,VEN,36717,17770,18947,31608,5109,ITH,ITH3,5,Veneto,Veneto,4905854,180046,3.67,0.75
1952,2021-06-24,VEN,54147,27414,26733,17274,36873,ITH,ITH3,5,Veneto,Veneto,4905854,234193,4.77,1.1
1953,2021-03-16,VEN,12525,5352,7173,6905,5620,ITH,ITH3,5,Veneto,Veneto,4905854,246718,5.03,0.26
1954,2021-06-17,VEN,50730,25436,25294,25926,24804,ITH,ITH3,5,Veneto,Veneto,4905854,297448,6.06,1.03
1955,2021-03-09,VEN,16542,7446,9096,10218,6324,ITH,ITH3,5,Veneto,Veneto,4905854,313990,6.4,0.34
1956,2021-05-31,VEN,31570,16199,15371,21672,9898,ITH,ITH3,5,Veneto,Veneto,4905854,345560,7.04,0.64
1957,2021-03-26,VEN,29574,13139,16435,24113,5461,ITH,ITH3,5,Veneto,Veneto,4905854,375134,7.65,0.6
1958,2021-03-28,VEN,31293,13602,17691,27679,3614,ITH,ITH3,5,Veneto,Veneto,4905854,406427,8.28,0.64
1959,2021-06-19,VEN,48382,24630,23752,25926,22456,ITH,ITH3,5,Veneto,Veneto,4905854,454809,9.27,0.99
1960,2021-04-14,VEN,15904,6895,9009,9277,6627,ITH,ITH3,5,Veneto,Veneto,4905854,470713,9.59,0.32
1961,2021-01-04,VEN,6735,2033,4702,6735,0,ITH,ITH3,5,Veneto,Veneto,4905854,477448,9.73,0.14
1962,2021-02-25,VEN,7898,3339,4559,7293,605,ITH,ITH3,5,Veneto,Veneto,4905854,485346,9.89,0.16
1963,2021-04-09,VEN,31189,13758,17431,22847,8342,ITH,ITH3,5,Veneto,Veneto,4905854,516535,10.53,0.64
1964,2021-06-05,VEN,46654,24035,22619,38637,8017,ITH,ITH3,5,Veneto,Veneto,4905854,563189,11.48,0.95
1965,2021-01-23,VEN,4051,1246,2805,31,4020,ITH,ITH3,5,Veneto,Veneto,4905854,567240,11.56,0.08
1966,2021-03-21,VEN,11980,4752,7228,8518,3462,ITH,ITH3,5,Veneto,Veneto,4905854,579220,11.81,0.24
1967,2021-01-16,VEN,4611,1542,3069,4611,0,ITH,ITH3,5,Veneto,Veneto,4905854,583831,11.9,0.09
1968,2021-03-14,VEN,15174,5940,9234,14280,894,ITH,ITH3,5,Veneto,Veneto,4905854,599005,12.21,0.31
1969,2021-05-10,VEN,36453,17041,19412,26592,9861,ITH,ITH3,5,Veneto,Veneto,4905854,635458,12.95,0.74
1970,2021-01-30,VEN,8747,2672,6075,693,8054,ITH,ITH3,5,Veneto,Veneto,4905854,644205,13.13,0.18
1971,2021-04-04,VEN,7777,3531,4246,6627,1150,ITH,ITH3,5,Veneto,Veneto,4905854,651982,13.29,0.16
1972,2021-05-24,VEN,33012,16399,16613,8015,24997,ITH,ITH3,5,Veneto,Veneto,4905854,684994,13.96,0.67
1973,2021-04-23,VEN,31201,13820,17381,22494,8707,ITH,ITH3,5,Veneto,Veneto,4905854,716195,14.6,0.64
1974,2021-02-16,VEN,6643,2870,3773,6467,176,ITH,ITH3,5,Veneto,Veneto,4905854,722838,14.73,0.14
1975,2021-05-29,VEN,32955,16650,16305,25308,7647,ITH,ITH3,5,Veneto,Veneto,4905854,755793,15.41,0.67
1976,2021-03-23,VEN,22206,10237,11969,17497,4709,ITH,ITH3,5,Veneto,Veneto,4905854,777999,15.86,0.45
1977,2021-05-19,VEN,32880,15060,17820,16971,15909,ITH,ITH3,5,Veneto,Veneto,4905854,810879,16.53,0.67
1978,2021-02-08,VEN,4976,1541,3435,1929,3047,ITH,ITH3,5,Veneto,Veneto,4905854,815855,16.63,0.1
1979,2021-04-06,VEN,28928,13312,15616,23876,5052,ITH,ITH3,5,Veneto,Veneto,4905854,844783,17.22,0.59
1980,2021-06-12,VEN,47743,24054,23689,37031,10712,ITH,ITH3,5,Veneto,Veneto,4905854,892526,18.19,0.97
1981,2021-05-02,VEN,37235,17263,19972,26905,10330,ITH,ITH3,5,Veneto,Veneto,4905854,929761,18.95,0.76
1982,2021-06-14,VEN,42370,21421,20949,27108,15262,ITH,ITH3,5,Veneto,Veneto,4905854,972131,19.82,0.86
1983,2021-03-06,VEN,10667,4356,6311,7405,3262,ITH,ITH3,5,Veneto,Veneto,4905854,982798,20.03,0.22
1984,2020-12-30,VEN,699,245,454,699,0,ITH,ITH3,5,Veneto,Veneto,4905854,983497,20.05,0.01
1985,2021-06-10,VEN,51674,26696,24978,42497,9177,ITH,ITH3,5,Veneto,Veneto,4905854,1035171,21.1,1.05
1986,2021-04-02,VEN,24045,10600,13445,17716,6329,ITH,ITH3,5,Veneto,Veneto,4905854,1059216,21.59,0.49
1987,2021-06-09,VEN,42277,21711,20566,34896,7381,ITH,ITH3,5,Veneto,Veneto,4905854,1101493,22.45,0.86
1988,2021-01-25,VEN,6468,2075,4393,159,6309,ITH,ITH3,5,Veneto,Veneto,4905854,1107961,22.58,0.13
1989,2021-04-20,VEN,22429,9494,12935,8429,14000,ITH,ITH3,5,Veneto,Veneto,4905854,1130390,23.04,0.46
1990,2021-03-07,VEN,4489,1767,2722,3926,563,ITH,ITH3,5,Veneto,Veneto,4905854,1134879,23.13,0.09
1991,2021-05-03,VEN,40687,19805,20882,34224,6463,ITH,ITH3,5,Veneto,Veneto,4905854,1175566,23.96,0.83
1992,2021-05-28,VEN,46605,22830,23775,24828,21777,ITH,ITH3,5,Veneto,Veneto,4905854,1222171,24.91,0.95
1993,2021-05-14,VEN,46659,22192,24467,25813,20846,ITH,ITH3,5,Veneto,Veneto,4905854,1268830,25.86,0.95
1994,2021-02-20,VEN,6424,2014,4410,6353,71,ITH,ITH3,5,Veneto,Veneto,4905854,1275254,25.99,0.13
1995,2021-06-02,VEN,20304,10234,10070,15957,4347,ITH,ITH3,5,Veneto,Veneto,4905854,1295558,26.41,0.41
1996,2021-03-11,VEN,19827,8888,10939,14256,5571,ITH,ITH3,5,Veneto,Veneto,4905854,1315385,26.81,0.4
1997,2021-01-09,VEN,7928,2539,5389,7928,0,ITH,ITH3,5,Veneto,Veneto,4905854,1323313,26.97,0.16
1998,2021-03-18,VEN,12611,5137,7474,7385,5226,ITH,ITH3,5,Veneto,Veneto,4905854,1335924,27.23,0.26
1999,2021-05-07,VEN,48472,23222,25250,39805,8667,ITH,ITH3,5,Veneto,Veneto,4905854,1384396,28.22,0.99
2000,2021-01-27,VEN,7141,2064,5077,241,6900,ITH,ITH3,5,Veneto,Veneto,4905854,1391537,28.36,0.15
2001,2021-02-18,VEN,5828,2455,3373,5764,64,ITH,ITH3,5,Veneto,Veneto,4905854,1397365,28.48,0.12
2002,2021-04-16,VEN,24436,10486,13950,12555,11881,ITH,ITH3,5,Veneto,Veneto,4905854,1421801,28.98,0.5
2003,2021-04-18,VEN,17512,7252,10260,9947,7565,ITH,ITH3,5,Veneto,Veneto,4905854,1439313,29.34,0.36
2004,2021-01-08,VEN,9407,2835,6572,9407,0,ITH,ITH3,5,Veneto,Veneto,4905854,1448720,29.53,0.19
2005,2021-01-13,VEN,5985,1606,4379,5985,0,ITH,ITH3,5,Veneto,Veneto,4905854,1454705,29.65,0.12
2006,2021-02-01,VEN,8561,2502,6059,160,8401,ITH,ITH3,5,Veneto,Veneto,4905854,1463266,29.83,0.17
2007,2021-02-15,VEN,4389,1824,2565,4149,240,ITH,ITH3,5,Veneto,Veneto,4905854,1467655,29.92,0.09
2008,2021-03-30,VEN,35956,15293,20663,30715,5241,ITH,ITH3,5,Veneto,Veneto,4905854,1503611,30.65,0.73
2009,2021-04-10,VEN,27462,11977,15485,18978,8484,ITH,ITH3,5,Veneto,Veneto,4905854,1531073,31.21,0.56
2010,2021-06-06,VEN,37286,19101,18185,32562,4724,ITH,ITH3,5,Veneto,Veneto,4905854,1568359,31.97,0.76
2011,2020-12-27,VEN,880,395,485,880,0,ITH,ITH3,5,Veneto,Veneto,4905854,1569239,31.99,0.02
2012,2021-05-30,VEN,22535,11265,11270,15844,6691,ITH,ITH3,5,Veneto,Veneto,4905854,1591774,32.45,0.46
2013,2021-06-07,VEN,44369,23153,21216,37362,7007,ITH,ITH3,5,Veneto,Veneto,4905854,1636143,33.35,0.9
2014,2021-02-27,VEN,8988,2691,6297,8141,847,ITH,ITH3,5,Veneto,Veneto,4905854,1645131,33.53,0.18
2015,2021-03-04,VEN,12980,4884,8096,9508,3472,ITH,ITH3,5,Veneto,Veneto,4905854,1658111,33.8,0.26
2016,2021-05-11,VEN,33136,16490,16646,28416,4720,ITH,ITH3,5,Veneto,Veneto,4905854,1691247,34.47,0.68
2017,2021-01-22,VEN,1080,332,748,25,1055,ITH,ITH3,5,Veneto,Veneto,4905854,1692327,34.5,0.02
2018,2021-05-17,VEN,26473,12972,13501,16449,10024,ITH,ITH3,5,Veneto,Veneto,4905854,1718800,35.04,0.54
2019,2021-02-06,VEN,4095,1354,2741,709,3386,ITH,ITH3,5,Veneto,Veneto,4905854,1722895,35.12,0.08
2020,2021-02-23,VEN,7383,3254,4129,7112,271,ITH,ITH3,5,Veneto,Veneto,4905854,1730278,35.27,0.15
2021,2021-04-28,VEN,32391,15169,17222,23373,9018,ITH,ITH3,5,Veneto,Veneto,4905854,1762669,35.93,0.66
2022,2021-01-18,VEN,2762,776,1986,2563,199,ITH,ITH3,5,Veneto,Veneto,4905854,1765431,35.99,0.06
2023,2021-02-04,VEN,7386,2025,5361,551,6835,ITH,ITH3,5,Veneto,Veneto,4905854,1772817,36.14,0.15
2024,2021-05-09,VEN,35034,16111,18923,24975,10059,ITH,ITH3,5,Veneto,Veneto,4905854,1807851,36.85,0.71
2025,2021-05-26,VEN,31034,15169,15865,14570,16464,ITH,ITH3,5,Veneto,Veneto,4905854,1838885,37.48,0.63
2026,2021-03-01,VEN,9395,3716,5679,7573,1822,ITH,ITH3,5,Veneto,Veneto,4905854,1848280,37.67,0.19
2027,2021-04-03,VEN,21950,9626,12324,14242,7708,ITH,ITH3,5,Veneto,Veneto,4905854,1870230,38.12,0.45
2028,2021-05-21,VEN,44716,21994,22722,20963,23753,ITH,ITH3,5,Veneto,Veneto,4905854,1914946,39.03,0.91
2029,2021-02-17,VEN,6022,2772,3250,5928,94,ITH,ITH3,5,Veneto,Veneto,4905854,1920968,39.16,0.12
2030,2021-04-01,VEN,25309,11149,14160,18903,6406,ITH,ITH3,5,Veneto,Veneto,4905854,1946277,39.67,0.52
2031,2021-04-15,VEN,20866,8616,12250,10043,10823,ITH,ITH3,5,Veneto,Veneto,4905854,1967143,40.1,0.43
2032,2021-01-05,VEN,7330,2183,5147,7330,0,ITH,ITH3,5,Veneto,Veneto,4905854,1974473,40.25,0.15
2033,2021-02-10,VEN,4751,1588,3163,3697,1054,ITH,ITH3,5,Veneto,Veneto,4905854,1979224,40.34,0.1
2034,2021-04-08,VEN,32338,14354,17984,24458,7880,ITH,ITH3,5,Veneto,Veneto,4905854,2011562,41.0,0.66
2035,2021-06-04,VEN,49413,25728,23685,41345,8068,ITH,ITH3,5,Veneto,Veneto,4905854,2060975,42.01,1.01
2036,2021-02-24,VEN,8616,3679,4937,8128,488,ITH,ITH3,5,Veneto,Veneto,4905854,2069591,42.19,0.18
2037,2021-04-25,VEN,18317,8149,10168,13482,4835,ITH,ITH3,5,Veneto,Veneto,4905854,2087908,42.56,0.37
2038,2021-06-21,VEN,43718,21877,21841,20815,22903,ITH,ITH3,5,Veneto,Veneto,4905854,2131626,43.45,0.89
2039,2021-01-06,VEN,8134,2386,5748,8134,0,ITH,ITH3,5,Veneto,Veneto,4905854,2139760,43.62,0.17
2040,2021-06-23,VEN,47681,23666,24015,14940,32741,ITH,ITH3,5,Veneto,Veneto,4905854,2187441,44.59,0.97
2041,2021-03-15,VEN,16666,7327,9339,11458,5208,ITH,ITH3,5,Veneto,Veneto,4905854,2204107,44.93,0.34
2042,2021-05-04,VEN,42894,20315,22579,34868,8026,ITH,ITH3,5,Veneto,Veneto,4905854,2247001,45.8,0.87
2043,2021-01-24,VEN,4117,1219,2898,28,4089,ITH,ITH3,5,Veneto,Veneto,4905854,2251118,45.89,0.08
2044,2021-04-07,VEN,35964,16162,19802,28633,7331,ITH,ITH3,5,Veneto,Veneto,4905854,2287082,46.62,0.73
2045,2021-01-31,VEN,4769,1562,3207,392,4377,ITH,ITH3,5,Veneto,Veneto,4905854,2291851,46.72,0.1
2046,2021-03-29,VEN,31444,13692,17752,27626,3818,ITH,ITH3,5,Veneto,Veneto,4905854,2323295,47.36,0.64
2047,2021-04-27,VEN,28124,12751,15373,21207,6917,ITH,ITH3,5,Veneto,Veneto,4905854,2351419,47.93,0.57
2048,2021-01-17,VEN,1933,781,1152,1584,349,ITH,ITH3,5,Veneto,Veneto,4905854,2353352,47.97,0.04
2049,2021-02-03,VEN,5945,1667,4278,480,5465,ITH,ITH3,5,Veneto,Veneto,4905854,2359297,48.09,0.12
2050,2021-04-29,VEN,50227,23365,26862,37043,13184,ITH,ITH3,5,Veneto,Veneto,4905854,2409524,49.12,1.02
2051,2021-02-05,VEN,8377,2534,5843,1417,6960,ITH,ITH3,5,Veneto,Veneto,4905854,2417901,49.29,0.17
2052,2021-02-22,VEN,7014,3041,3973,6627,387,ITH,ITH3,5,Veneto,Veneto,4905854,2424915,49.43,0.14
2053,2021-05-16,VEN,28411,14006,14405,21321,7090,ITH,ITH3,5,Veneto,Veneto,4905854,2453326,50.01,0.58
2054,2020-12-31,VEN,3220,1042,2178,3220,0,ITH,ITH3,5,Veneto,Veneto,4905854,2456546,50.07,0.07
2055,2021-04-12,VEN,14899,6332,8567,6684,8215,ITH,ITH3,5,Veneto,Veneto,4905854,2471445,50.38,0.3
2056,2021-01-02,VEN,5743,1766,3977,5743,0,ITH,ITH3,5,Veneto,Veneto,4905854,2477188,50.49,0.12
2057,2021-05-13,VEN,44202,21810,22392,34313,9889,ITH,ITH3,5,Veneto,Veneto,4905854,2521390,51.4,0.9
2058,2021-02-02,VEN,6510,1880,4630,397,6113,ITH,ITH3,5,Veneto,Veneto,4905854,2527900,51.53,0.13
2059,2021-03-31,VEN,38801,16382,22419,31310,7491,ITH,ITH3,5,Veneto,Veneto,4905854,2566701,52.32,0.79
2060,2021-02-26,VEN,8295,3270,5025,7037,1258,ITH,ITH3,5,Veneto,Veneto,4905854,2574996,52.49,0.17
2061,2021-04-24,VEN,24748,10824,13924,15669,9079,ITH,ITH3,5,Veneto,Veneto,4905854,2599744,52.99,0.5
2062,2021-01-14,VEN,7063,1924,5139,7063,0,ITH,ITH3,5,Veneto,Veneto,4905854,2606807,53.14,0.14
2063,2021-03-12,VEN,18651,8189,10462,11903,6748,ITH,ITH3,5,Veneto,Veneto,4905854,2625458,53.52,0.38
2064,2021-04-30,VEN,49982,23473,26509,34320,15662,ITH,ITH3,5,Veneto,Veneto,4905854,2675440,54.54,1.02
2065,2021-01-20,VEN,1038,368,670,386,652,ITH,ITH3,5,Veneto,Veneto,4905854,2676478,54.56,0.02
2066,2021-06-16,VEN,47065,23209,23856,25897,21168,ITH,ITH3,5,Veneto,Veneto,4905854,2723543,55.52,0.96
2067,2021-01-01,VEN,1528,471,1057,1528,0,ITH,ITH3,5,Veneto,Veneto,4905854,2725071,55.55,0.03
2068,2021-03-25,VEN,25950,11054,14896,19851,6099,ITH,ITH3,5,Veneto,Veneto,4905854,2751021,56.08,0.53
2069,2021-04-11,VEN,21009,8876,12133,14702,6307,ITH,ITH3,5,Veneto,Veneto,4905854,2772030,56.5,0.43
2070,2021-04-13,VEN,14029,6322,7707,8543,5486,ITH,ITH3,5,Veneto,Veneto,4905854,2786059,56.79,0.29
2071,2021-01-03,VEN,5157,1562,3595,5157,0,ITH,ITH3,5,Veneto,Veneto,4905854,2791216,56.9,0.11
2072,2021-03-08,VEN,13629,6271,7358,9560,4069,ITH,ITH3,5,Veneto,Veneto,4905854,2804845,57.17,0.28
2073,2021-01-19,VEN,1309,472,837,1159,150,ITH,ITH3,5,Veneto,Veneto,4905854,2806154,57.2,0.03
2074,2021-05-01,VEN,38843,18232,20611,29900,8943,ITH,ITH3,5,Veneto,Veneto,4905854,2844997,57.99,0.79
2075,2021-06-22,VEN,43052,21282,21770,18800,24252,ITH,ITH3,5,Veneto,Veneto,4905854,2888049,58.87,0.88
2076,2021-04-26,VEN,20713,9452,11261,15575,5138,ITH,ITH3,5,Veneto,Veneto,4905854,2908762,59.29,0.42
2077,2021-06-15,VEN,47504,24119,23385,30035,17469,ITH,ITH3,5,Veneto,Veneto,4905854,2956266,60.26,0.97
2078,2021-04-17,VEN,22414,9083,13331,15135,7279,ITH,ITH3,5,Veneto,Veneto,4905854,2978680,60.72,0.46
2079,2021-01-07,VEN,8360,2318,6042,8360,0,ITH,ITH3,5,Veneto,Veneto,4905854,2987040,60.89,0.17
2080,2021-06-13,VEN,36879,19036,17843,29919,6960,ITH,ITH3,5,Veneto,Veneto,4905854,3023919,61.64,0.75
2081,2021-01-21,VEN,2293,719,1574,21,2272,ITH,ITH3,5,Veneto,Veneto,4905854,3026212,61.69,0.05
2082,2021-03-05,VEN,13336,5020,8316,9666,3670,ITH,ITH3,5,Veneto,Veneto,4905854,3039548,61.96,0.27
2083,2021-05-18,VEN,26889,12510,14379,13318,13571,ITH,ITH3,5,Veneto,Veneto,4905854,3066437,62.51,0.55
2084,2021-03-22,VEN,18138,8175,9963,13096,5042,ITH,ITH3,5,Veneto,Veneto,4905854,3084575,62.88,0.37
2085,2021-03-13,VEN,17229,7303,9926,14098,3131,ITH,ITH3,5,Veneto,Veneto,4905854,3101804,63.23,0.35
2086,2021-01-15,VEN,5875,1820,4055,5875,0,ITH,ITH3,5,Veneto,Veneto,4905854,3107679,63.35,0.12
2087,2021-05-20,VEN,44724,21211,23513,20416,24308,ITH,ITH3,5,Veneto,Veneto,4905854,3152403,64.26,0.91
2088,2021-02-09,VEN,5247,1890,3357,3445,1802,ITH,ITH3,5,Veneto,Veneto,4905854,3157650,64.36,0.11
2089,2021-06-18,VEN,52722,26310,26412,24383,28339,ITH,ITH3,5,Veneto,Veneto,4905854,3210372,65.44,1.07
2090,2021-03-27,VEN,32066,14010,18056,26266,5800,ITH,ITH3,5,Veneto,Veneto,4905854,3242438,66.09,0.65
2091,2021-06-03,VEN,54204,27892,26312,42263,11941,ITH,ITH3,5,Veneto,Veneto,4905854,3296642,67.2,1.1
2092,2021-06-20,VEN,40409,19660,20749,18923,21486,ITH,ITH3,5,Veneto,Veneto,4905854,3337051,68.02,0.82
2093,2021-03-20,VEN,13015,5388,7627,10935,2080,ITH,ITH3,5,Veneto,Veneto,4905854,3350066,68.29,0.27
2094,2021-01-10,VEN,5032,1671,3361,5032,0,ITH,ITH3,5,Veneto,Veneto,4905854,3355098,68.39,0.1
2095,2021-05-23,VEN,34474,16457,18017,11066,23408,ITH,ITH3,5,Veneto,Veneto,4905854,3389572,69.09,0.7
2096,2021-02-12,VEN,4314,1447,2867,3742,572,ITH,ITH3,5,Veneto,Veneto,4905854,3393886,69.18,0.09
2097,2021-01-29,VEN,9023,2788,6235,366,8657,ITH,ITH3,5,Veneto,Veneto,4905854,3402909,69.36,0.18
2098,2021-05-08,VEN,41425,18737,22688,29616,11809,ITH,ITH3,5,Veneto,Veneto,4905854,3444334,70.21,0.84
2099,2021-03-19,VEN,13791,5668,8123,7696,6095,ITH,ITH3,5,Veneto,Veneto,4905854,3458125,70.49,0.28
2100,2021-05-27,VEN,46419,22812,23607,23287,23132,ITH,ITH3,5,Veneto,Veneto,4905854,3504544,71.44,0.95
2101,2021-02-07,VEN,2315,862,1453,714,1601,ITH,ITH3,5,Veneto,Veneto,4905854,3506859,71.48,0.05
2102,2021-03-24,VEN,22103,9567,12536,15301,6802,ITH,ITH3,5,Veneto,Veneto,4905854,3528962,71.93,0.45
2103,2021-02-19,VEN,7322,3140,4182,7118,204,ITH,ITH3,5,Veneto,Veneto,4905854,3536284,72.08,0.15
2104,2021-02-21,VEN,4637,1211,3426,4632,5,ITH,ITH3,5,Veneto,Veneto,4905854,3540921,72.18,0.09
2105,2021-05-15,VEN,36187,17487,18700,26197,9990,ITH,ITH3,5,Veneto,Veneto,4905854,3577108,72.92,0.74
2106,2021-06-01,VEN,26901,13539,13362,16400,10501,ITH,ITH3,5,Veneto,Veneto,4905854,3604009,73.46,0.55
2107,2021-03-10,VEN,19037,8725,10312,13354,5683,ITH,ITH3,5,Veneto,Veneto,4905854,3623046,73.85,0.39
2108,2021-02-13,VEN,3266,1473,1793,3246,20,ITH,ITH3,5,Veneto,Veneto,4905854,3626312,73.92,0.07
2109,2021-03-03,VEN,12094,4646,7448,8595,3499,ITH,ITH3,5,Veneto,Veneto,4905854,3638406,74.16,0.25
2110,2021-06-11,VEN,46839,24364,22475,35748,11091,ITH,ITH3,5,Veneto,Veneto,4905854,3685245,75.12,0.95
2111,2021-06-25,VEN,19084,9690,9394,4252,14832,ITH,ITH3,5,Veneto,Veneto,4905854,3704329,75.51,0.39
2112,2021-04-22,VEN,31986,13912,18074,16240,15746,ITH,ITH3,5,Veneto,Veneto,4905854,3736315,76.16,0.65
2113,2021-06-08,VEN,43421,22461,20960,37320,6101,ITH,ITH3,5,Veneto,Veneto,4905854,3779736,77.05,0.89
2114,2021-05-25,VEN,27729,13386,14343,11719,16010,ITH,ITH3,5,Veneto,Veneto,4905854,3807465,77.61,0.57
2115,2021-02-14,VEN,126,56,70,113,13,ITH,ITH3,5,Veneto,Veneto,4905854,3807591,77.61,0.0
2116,2021-02-28,VEN,4136,1389,2747,3299,837,ITH,ITH3,5,Veneto,Veneto,4905854,3811727,77.7,0.08
2117,2021-03-17,VEN,14645,5992,8653,7849,6796,ITH,ITH3,5,Veneto,Veneto,4905854,3826372,78.0,0.3
2118,2021-01-12,VEN,5230,1516,3714,5230,0,ITH,ITH3,5,Veneto,Veneto,4905854,3831602,78.1,0.11
2119,2021-04-19,VEN,21540,8921,12619,5129,16411,ITH,ITH3,5,Veneto,Veneto,4905854,3853142,78.54,0.44
2120,2021-04-05,VEN,19143,8367,10776,13703,5440,ITH,ITH3,5,Veneto,Veneto,4905854,3872285,78.93,0.39
2121,2021-01-26,VEN,6918,2091,4827,151,6767,ITH,ITH3,5,Veneto,Veneto,4905854,3879203,79.07,0.14
2122,2021-05-06,VEN,46934,22015,24919,38463,8471,ITH,ITH3,5,Veneto,Veneto,4905854,3926137,80.03,0.96
2123,2021-02-28,LIG,1058,580,478,1049,9,ITC,ITC3,7,Liguria,Liguria,1550640,1058,0.07,0.07
2124,2021-01-09,LIG,1335,481,854,1335,0,ITC,ITC3,7,Liguria,Liguria,1550640,2393,0.15,0.09
2125,2021-04-19,LIG,12817,5613,7204,9000,3817,ITC,ITC3,7,Liguria,Liguria,1550640,15210,0.98,0.83
2126,2021-03-14,LIG,1659,752,907,1055,604,ITC,ITC3,7,Liguria,Liguria,1550640,16869,1.09,0.11
2127,2021-06-22,LIG,15445,7313,8132,8430,7015,ITC,ITC3,7,Liguria,Liguria,1550640,32314,2.08,1.0
2128,2021-05-10,LIG,12648,5639,7009,6273,6375,ITC,ITC3,7,Liguria,Liguria,1550640,44962,2.9,0.82
2129,2021-05-03,LIG,13280,5923,7357,6468,6812,ITC,ITC3,7,Liguria,Liguria,1550640,58242,3.76,0.86
2130,2021-03-21,LIG,550,220,330,69,481,ITC,ITC3,7,Liguria,Liguria,1550640,58792,3.79,0.04
2131,2021-01-23,LIG,809,295,514,153,656,ITC,ITC3,7,Liguria,Liguria,1550640,59601,3.84,0.05
2132,2021-05-17,LIG,12025,5519,6506,8702,3323,ITC,ITC3,7,Liguria,Liguria,1550640,71626,4.62,0.78
2133,2021-04-26,LIG,10554,4980,5574,7918,2636,ITC,ITC3,7,Liguria,Liguria,1550640,82180,5.3,0.68
2134,2021-01-16,LIG,1278,557,721,1278,0,ITC,ITC3,7,Liguria,Liguria,1550640,83458,5.38,0.08
2135,2021-02-02,LIG,2676,1006,1670,134,2542,ITC,ITC3,7,Liguria,Liguria,1550640,86134,5.55,0.17
2136,2021-04-28,LIG,14443,6519,7924,6459,7984,ITC,ITC3,7,Liguria,Liguria,1550640,100577,6.49,0.93
2137,2021-02-04,LIG,2817,986,1831,179,2638,ITC,ITC3,7,Liguria,Liguria,1550640,103394,6.67,0.18
2138,2021-05-15,LIG,7253,3234,4019,4299,2954,ITC,ITC3,7,Liguria,Liguria,1550640,110647,7.14,0.47
2139,2021-02-21,LIG,869,491,378,865,4,ITC,ITC3,7,Liguria,Liguria,1550640,111516,7.19,0.06
2140,2021-02-16,LIG,2426,956,1470,2004,422,ITC,ITC3,7,Liguria,Liguria,1550640,113942,7.35,0.16
2141,2021-05-27,LIG,16863,8642,8221,12725,4138,ITC,ITC3,7,Liguria,Liguria,1550640,130805,8.44,1.09
2142,2021-04-14,LIG,13067,5666,7401,10864,2203,ITC,ITC3,7,Liguria,Liguria,1550640,143872,9.28,0.84
2143,2021-05-29,LIG,6844,3237,3607,3974,2870,ITC,ITC3,7,Liguria,Liguria,1550640,150716,9.72,0.44
2144,2021-02-09,LIG,1937,689,1248,257,1680,ITC,ITC3,7,Liguria,Liguria,1550640,152653,9.84,0.12
2145,2021-01-28,LIG,2847,971,1876,39,2808,ITC,ITC3,7,Liguria,Liguria,1550640,155500,10.03,0.18
2146,2021-01-21,LIG,1106,385,721,675,431,ITC,ITC3,7,Liguria,Liguria,1550640,156606,10.1,0.07
2147,2021-02-11,LIG,1979,767,1212,1103,876,ITC,ITC3,7,Liguria,Liguria,1550640,158585,10.23,0.13
2148,2021-05-22,LIG,6644,3218,3426,4961,1683,ITC,ITC3,7,Liguria,Liguria,1550640,165229,10.66,0.43
2149,2021-06-10,LIG,18143,9363,8780,12533,5610,ITC,ITC3,7,Liguria,Liguria,1550640,183372,11.83,1.17
2150,2021-03-19,LIG,5296,2234,3062,2150,3146,ITC,ITC3,7,Liguria,Liguria,1550640,188668,12.17,0.34
2151,2021-03-02,LIG,4074,1689,2385,3764,310,ITC,ITC3,7,Liguria,Liguria,1550640,192742,12.43,0.26
2152,2021-06-24,LIG,10634,5179,5455,6520,4114,ITC,ITC3,7,Liguria,Liguria,1550640,203376,13.12,0.69
2153,2021-04-02,LIG,11772,5210,6562,9285,2487,ITC,ITC3,7,Liguria,Liguria,1550640,215148,13.87,0.76
2154,2021-04-21,LIG,14246,6433,7813,8919,5327,ITC,ITC3,7,Liguria,Liguria,1550640,229394,14.79,0.92
2155,2021-06-05,LIG,8089,4115,3974,4937,3152,ITC,ITC3,7,Liguria,Liguria,1550640,237483,15.32,0.52
2156,2021-04-09,LIG,12449,5557,6892,10683,1766,ITC,ITC3,7,Liguria,Liguria,1550640,249932,16.12,0.8
2157,2021-03-31,LIG,11923,5273,6650,9153,2770,ITC,ITC3,7,Liguria,Liguria,1550640,261855,16.89,0.77
2158,2020-12-28,LIG,80,30,50,80,0,ITC,ITC3,7,Liguria,Liguria,1550640,261935,16.89,0.01
2159,2021-06-03,LIG,15470,7667,7803,9131,6339,ITC,ITC3,7,Liguria,Liguria,1550640,277405,17.89,1.0
2160,2021-04-07,LIG,13666,6100,7566,11377,2289,ITC,ITC3,7,Liguria,Liguria,1550640,291071,18.77,0.88
2161,2021-02-23,LIG,3806,1559,2247,3697,109,ITC,ITC3,7,Liguria,Liguria,1550640,294877,19.02,0.25
2162,2021-01-30,LIG,1661,567,1094,24,1637,ITC,ITC3,7,Liguria,Liguria,1550640,296538,19.12,0.11
2163,2021-03-28,LIG,1141,511,630,390,751,ITC,ITC3,7,Liguria,Liguria,1550640,297679,19.2,0.07
2164,2021-04-23,LIG,14671,6637,8034,8551,6120,ITC,ITC3,7,Liguria,Liguria,1550640,312350,20.14,0.95
2165,2021-03-11,LIG,6397,3088,3309,4387,2010,ITC,ITC3,7,Liguria,Liguria,1550640,318747,20.56,0.41
2166,2021-01-13,LIG,2754,1013,1741,2754,0,ITC,ITC3,7,Liguria,Liguria,1550640,321501,20.73,0.18
2167,2021-01-04,LIG,2616,855,1761,2616,0,ITC,ITC3,7,Liguria,Liguria,1550640,324117,20.9,0.17
2168,2021-06-21,LIG,14368,6816,7552,9210,5158,ITC,ITC3,7,Liguria,Liguria,1550640,338485,21.83,0.93
2169,2021-05-24,LIG,11818,5558,6260,9334,2484,ITC,ITC3,7,Liguria,Liguria,1550640,350303,22.59,0.76
2170,2021-05-07,LIG,13590,6037,7553,5798,7792,ITC,ITC3,7,Liguria,Liguria,1550640,363893,23.47,0.88
2171,2021-02-13,LIG,1080,508,572,800,280,ITC,ITC3,7,Liguria,Liguria,1550640,364973,23.54,0.07
2172,2021-06-07,LIG,15668,7648,8020,8658,7010,ITC,ITC3,7,Liguria,Liguria,1550640,380641,24.55,1.01
2173,2021-01-14,LIG,2981,1055,1926,2981,0,ITC,ITC3,7,Liguria,Liguria,1550640,383622,24.74,0.19
2174,2021-03-12,LIG,6216,2872,3344,3745,2471,ITC,ITC3,7,Liguria,Liguria,1550640,389838,25.14,0.4
2175,2021-05-19,LIG,13570,5962,7608,10451,3119,ITC,ITC3,7,Liguria,Liguria,1550640,403408,26.02,0.88
2176,2021-03-23,LIG,9267,4218,5049,6058,3209,ITC,ITC3,7,Liguria,Liguria,1550640,412675,26.61,0.6
2177,2021-02-01,LIG,2557,922,1635,90,2467,ITC,ITC3,7,Liguria,Liguria,1550640,415232,26.78,0.16
2178,2020-12-30,LIG,12,5,7,12,0,ITC,ITC3,7,Liguria,Liguria,1550640,415244,26.78,0.0
2179,2021-04-11,LIG,4246,1929,2317,3997,249,ITC,ITC3,7,Liguria,Liguria,1550640,419490,27.05,0.27
2180,2021-01-18,LIG,2137,745,1392,1980,157,ITC,ITC3,7,Liguria,Liguria,1550640,421627,27.19,0.14
2181,2021-05-08,LIG,7529,3334,4195,2316,5213,ITC,ITC3,7,Liguria,Liguria,1550640,429156,27.68,0.49
2182,2021-01-25,LIG,2726,889,1837,478,2248,ITC,ITC3,7,Liguria,Liguria,1550640,431882,27.85,0.18
2183,2021-05-05,LIG,13715,6135,7580,5294,8421,ITC,ITC3,7,Liguria,Liguria,1550640,445597,28.74,0.88
2184,2021-03-16,LIG,6082,2731,3351,2349,3733,ITC,ITC3,7,Liguria,Liguria,1550640,451679,29.13,0.39
2185,2021-06-14,LIG,14656,7099,7557,9238,5418,ITC,ITC3,7,Liguria,Liguria,1550640,466335,30.07,0.95
2186,2021-02-25,LIG,3457,1349,2108,3327,130,ITC,ITC3,7,Liguria,Liguria,1550640,469792,30.3,0.22
2187,2021-02-06,LIG,1892,768,1124,145,1747,ITC,ITC3,7,Liguria,Liguria,1550640,471684,30.42,0.12
2188,2021-06-11,LIG,17335,8838,8497,11306,6029,ITC,ITC3,7,Liguria,Liguria,1550640,489019,31.54,1.12
2189,2021-04-15,LIG,11833,5230,6603,9981,1852,ITC,ITC3,7,Liguria,Liguria,1550640,500852,32.3,0.76
2190,2021-04-08,LIG,13728,6158,7570,11683,2045,ITC,ITC3,7,Liguria,Liguria,1550640,514580,33.19,0.89
2191,2021-06-04,LIG,14732,7237,7495,9246,5486,ITC,ITC3,7,Liguria,Liguria,1550640,529312,34.14,0.95
2192,2021-04-16,LIG,11986,5285,6701,10158,1828,ITC,ITC3,7,Liguria,Liguria,1550640,541298,34.91,0.77
2193,2021-01-06,LIG,1660,616,1044,1660,0,ITC,ITC3,7,Liguria,Liguria,1550640,542958,35.02,0.11
2194,2021-03-20,LIG,2316,995,1321,1142,1174,ITC,ITC3,7,Liguria,Liguria,1550640,545274,35.16,0.15
2195,2021-03-26,LIG,9325,4020,5305,6170,3155,ITC,ITC3,7,Liguria,Liguria,1550640,554599,35.77,0.6
2196,2021-01-02,LIG,691,245,446,691,0,ITC,ITC3,7,Liguria,Liguria,1550640,555290,35.81,0.04
2197,2021-06-15,LIG,17053,8283,8770,10594,6459,ITC,ITC3,7,Liguria,Liguria,1550640,572343,36.91,1.1
2198,2021-03-07,LIG,1915,1138,777,1614,301,ITC,ITC3,7,Liguria,Liguria,1550640,574258,37.03,0.12
2199,2021-04-04,LIG,756,366,390,507,249,ITC,ITC3,7,Liguria,Liguria,1550640,575014,37.08,0.05
2200,2021-04-18,LIG,2613,1164,1449,2145,468,ITC,ITC3,7,Liguria,Liguria,1550640,577627,37.25,0.17
2201,2021-01-08,LIG,2926,999,1927,2926,0,ITC,ITC3,7,Liguria,Liguria,1550640,580553,37.44,0.19
2202,2021-01-27,LIG,1744,603,1141,141,1603,ITC,ITC3,7,Liguria,Liguria,1550640,582297,37.55,0.11
2203,2021-05-21,LIG,12838,5952,6886,9714,3124,ITC,ITC3,7,Liguria,Liguria,1550640,595135,38.38,0.83
2204,2021-05-12,LIG,12025,5446,6579,6678,5347,ITC,ITC3,7,Liguria,Liguria,1550640,607160,39.16,0.78
2205,2021-05-26,LIG,16654,8407,8247,12281,4373,ITC,ITC3,7,Liguria,Liguria,1550640,623814,40.23,1.07
2206,2021-03-30,LIG,12206,5423,6783,8818,3388,ITC,ITC3,7,Liguria,Liguria,1550640,636020,41.02,0.79
2207,2021-04-06,LIG,13242,5898,7344,10982,2260,ITC,ITC3,7,Liguria,Liguria,1550640,649262,41.87,0.85
2208,2021-02-08,LIG,1977,741,1236,306,1671,ITC,ITC3,7,Liguria,Liguria,1550640,651239,42.0,0.13
2209,2020-12-27,LIG,135,56,79,135,0,ITC,ITC3,7,Liguria,Liguria,1550640,651374,42.01,0.01
2210,2021-02-15,LIG,2262,839,1423,1865,397,ITC,ITC3,7,Liguria,Liguria,1550640,653636,42.15,0.15
2211,2021-01-03,LIG,734,230,504,734,0,ITC,ITC3,7,Liguria,Liguria,1550640,654370,42.2,0.05
2212,2021-03-04,LIG,4738,2118,2620,3891,847,ITC,ITC3,7,Liguria,Liguria,1550640,659108,42.51,0.31
2213,2021-06-12,LIG,10114,4909,5205,7892,2222,ITC,ITC3,7,Liguria,Liguria,1550640,669222,43.16,0.65
2214,2021-04-30,LIG,14415,6439,7976,5847,8568,ITC,ITC3,7,Liguria,Liguria,1550640,683637,44.09,0.93
2215,2021-03-06,LIG,3304,1842,1462,2599,705,ITC,ITC3,7,Liguria,Liguria,1550640,686941,44.3,0.21
2216,2021-01-22,LIG,1819,604,1215,1333,486,ITC,ITC3,7,Liguria,Liguria,1550640,688760,44.42,0.12
2217,2021-05-02,LIG,3880,1769,2111,506,3374,ITC,ITC3,7,Liguria,Liguria,1550640,692640,44.67,0.25
2218,2021-05-04,LIG,13646,6084,7562,5419,8227,ITC,ITC3,7,Liguria,Liguria,1550640,706286,45.55,0.88
2219,2021-01-15,LIG,2257,755,1502,2257,0,ITC,ITC3,7,Liguria,Liguria,1550640,708543,45.69,0.15
2220,2021-04-25,LIG,1936,921,1015,1521,415,ITC,ITC3,7,Liguria,Liguria,1550640,710479,45.82,0.12
2221,2021-03-13,LIG,3849,1637,2212,2994,855,ITC,ITC3,7,Liguria,Liguria,1550640,714328,46.07,0.25
2222,2021-06-23,LIG,13946,6679,7267,9521,4425,ITC,ITC3,7,Liguria,Liguria,1550640,728274,46.97,0.9
2223,2021-02-14,LIG,233,122,111,233,0,ITC,ITC3,7,Liguria,Liguria,1550640,728507,46.98,0.02
2224,2021-05-25,LIG,14110,6864,7246,10931,3179,ITC,ITC3,7,Liguria,Liguria,1550640,742617,47.89,0.91
2225,2021-06-16,LIG,15670,7541,8129,10158,5512,ITC,ITC3,7,Liguria,Liguria,1550640,758287,48.9,1.01
2226,2021-03-08,LIG,5623,2458,3165,3934,1689,ITC,ITC3,7,Liguria,Liguria,1550640,763910,49.26,0.36
2227,2021-03-25,LIG,9762,4229,5533,6369,3393,ITC,ITC3,7,Liguria,Liguria,1550640,773672,49.89,0.63
2228,2021-01-01,LIG,144,55,89,144,0,ITC,ITC3,7,Liguria,Liguria,1550640,773816,49.9,0.01
2229,2021-03-27,LIG,3932,1549,2383,2537,1395,ITC,ITC3,7,Liguria,Liguria,1550640,777748,50.16,0.25
2230,2021-04-13,LIG,13076,5866,7210,11052,2024,ITC,ITC3,7,Liguria,Liguria,1550640,790824,51.0,0.84
2231,2021-05-13,LIG,13293,6080,7213,9051,4242,ITC,ITC3,7,Liguria,Liguria,1550640,804117,51.86,0.86
2232,2021-02-19,LIG,3219,1306,1913,3043,176,ITC,ITC3,7,Liguria,Liguria,1550640,807336,52.06,0.21
2233,2021-05-30,LIG,3299,1611,1688,1365,1934,ITC,ITC3,7,Liguria,Liguria,1550640,810635,52.28,0.21
2234,2021-03-22,LIG,7743,3466,4277,4807,2936,ITC,ITC3,7,Liguria,Liguria,1550640,818378,52.78,0.5
2235,2021-02-07,LIG,407,153,254,2,405,ITC,ITC3,7,Liguria,Liguria,1550640,818785,52.8,0.03
2236,2021-05-18,LIG,13459,6117,7342,10168,3291,ITC,ITC3,7,Liguria,Liguria,1550640,832244,53.67,0.87
2237,2021-05-20,LIG,12854,5967,6887,8829,4025,ITC,ITC3,7,Liguria,Liguria,1550640,845098,54.5,0.83
2238,2021-02-17,LIG,2689,1182,1507,2263,426,ITC,ITC3,7,Liguria,Liguria,1550640,847787,54.67,0.17
2239,2021-05-28,LIG,16284,8128,8156,11749,4535,ITC,ITC3,7,Liguria,Liguria,1550640,864071,55.72,1.05
2240,2021-01-05,LIG,2878,895,1983,2878,0,ITC,ITC3,7,Liguria,Liguria,1550640,866949,55.91,0.19
2241,2021-03-03,LIG,4580,1847,2733,3554,1026,ITC,ITC3,7,Liguria,Liguria,1550640,871529,56.2,0.3
2242,2021-06-17,LIG,16222,7697,8525,10477,5745,ITC,ITC3,7,Liguria,Liguria,1550640,887751,57.25,1.05
2243,2021-06-02,LIG,8530,4342,4188,5363,3167,ITC,ITC3,7,Liguria,Liguria,1550640,896281,57.8,0.55
2244,2021-06-19,LIG,7091,3624,3467,5620,1471,ITC,ITC3,7,Liguria,Liguria,1550640,903372,58.26,0.46
2245,2021-02-18,LIG,2768,1126,1642,2434,334,ITC,ITC3,7,Liguria,Liguria,1550640,906140,58.44,0.18
2246,2021-05-14,LIG,13106,5835,7271,8779,4327,ITC,ITC3,7,Liguria,Liguria,1550640,919246,59.28,0.85
2247,2021-05-31,LIG,14638,7327,7311,9123,5515,ITC,ITC3,7,Liguria,Liguria,1550640,933884,60.23,0.94
2248,2021-03-09,LIG,5930,2753,3177,4499,1431,ITC,ITC3,7,Liguria,Liguria,1550640,939814,60.61,0.38
2249,2021-02-20,LIG,1335,637,698,1334,1,ITC,ITC3,7,Liguria,Liguria,1550640,941149,60.69,0.09
2250,2021-05-16,LIG,3703,1860,1843,2143,1560,ITC,ITC3,7,Liguria,Liguria,1550640,944852,60.93,0.24
2251,2021-02-22,LIG,3343,1476,1867,3201,142,ITC,ITC3,7,Liguria,Liguria,1550640,948195,61.15,0.22
2252,2021-06-01,LIG,16151,8110,8041,10785,5366,ITC,ITC3,7,Liguria,Liguria,1550640,964346,62.19,1.04
2253,2021-06-18,LIG,14973,7280,7693,9426,5547,ITC,ITC3,7,Liguria,Liguria,1550640,979319,63.16,0.97
2254,2021-03-10,LIG,5899,2861,3038,3993,1906,ITC,ITC3,7,Liguria,Liguria,1550640,985218,63.54,0.38
2255,2021-01-07,LIG,3230,1095,2135,3230,0,ITC,ITC3,7,Liguria,Liguria,1550640,988448,63.74,0.21
2256,2021-06-13,LIG,5616,2695,2921,5163,453,ITC,ITC3,7,Liguria,Liguria,1550640,994064,64.11,0.36
2257,2021-04-17,LIG,7382,3216,4166,6632,750,ITC,ITC3,7,Liguria,Liguria,1550640,1001446,64.58,0.48
2258,2021-05-01,LIG,7142,3256,3886,1342,5800,ITC,ITC3,7,Liguria,Liguria,1550640,1008588,65.04,0.46
2259,2021-03-05,LIG,4869,2150,2719,3737,1132,ITC,ITC3,7,Liguria,Liguria,1550640,1013457,65.36,0.31
2260,2021-06-06,LIG,3818,2033,1785,2948,870,ITC,ITC3,7,Liguria,Liguria,1550640,1017275,65.6,0.25
2261,2021-04-24,LIG,8218,3795,4423,5067,3151,ITC,ITC3,7,Liguria,Liguria,1550640,1025493,66.13,0.53
2262,2021-02-26,LIG,3764,1523,2241,3436,328,ITC,ITC3,7,Liguria,Liguria,1550640,1029257,66.38,0.24
2263,2021-06-20,LIG,1241,615,626,983,258,ITC,ITC3,7,Liguria,Liguria,1550640,1030498,66.46,0.08
2264,2021-02-24,LIG,3764,1560,2204,3506,258,ITC,ITC3,7,Liguria,Liguria,1550640,1034262,66.7,0.24
2265,2020-12-29,LIG,125,33,92,125,0,ITC,ITC3,7,Liguria,Liguria,1550640,1034387,66.71,0.01
2266,2021-01-12,LIG,2469,887,1582,2469,0,ITC,ITC3,7,Liguria,Liguria,1550640,1036856,66.87,0.16
2267,2021-04-22,LIG,13845,6207,7638,8772,5073,ITC,ITC3,7,Liguria,Liguria,1550640,1050701,67.76,0.89
2268,2021-05-09,LIG,2823,1245,1578,1113,1710,ITC,ITC3,7,Liguria,Liguria,1550640,1053524,67.94,0.18
2269,2021-01-29,LIG,3081,1064,2017,67,3014,ITC,ITC3,7,Liguria,Liguria,1550640,1056605,68.14,0.2
2270,2021-01-20,LIG,1552,555,997,1540,12,ITC,ITC3,7,Liguria,Liguria,1550640,1058157,68.24,0.1
2271,2021-04-27,LIG,14766,6680,8086,7183,7583,ITC,ITC3,7,Liguria,Liguria,1550640,1072923,69.19,0.95
2272,2021-02-03,LIG,2315,791,1524,55,2260,ITC,ITC3,7,Liguria,Liguria,1550640,1075238,69.34,0.15
2273,2021-04-29,LIG,15557,6976,8581,6737,8820,ITC,ITC3,7,Liguria,Liguria,1550640,1090795,70.34,1.0
2274,2021-04-12,LIG,12384,5475,6909,10365,2019,ITC,ITC3,7,Liguria,Liguria,1550640,1103179,71.14,0.8
2275,2021-01-19,LIG,1371,438,933,1281,90,ITC,ITC3,7,Liguria,Liguria,1550640,1104550,71.23,0.09
2276,2021-02-05,LIG,2679,987,1692,304,2375,ITC,ITC3,7,Liguria,Liguria,1550640,1107229,71.4,0.17
2277,2021-02-27,LIG,1888,921,967,1759,129,ITC,ITC3,7,Liguria,Liguria,1550640,1109117,71.53,0.12
2278,2021-02-10,LIG,2314,837,1477,1019,1295,ITC,ITC3,7,Liguria,Liguria,1550640,1111431,71.68,0.15
2279,2021-03-18,LIG,4986,2124,2862,2007,2979,ITC,ITC3,7,Liguria,Liguria,1550640,1116417,72.0,0.32
2280,2021-04-01,LIG,12421,5510,6911,9651,2770,ITC,ITC3,7,Liguria,Liguria,1550640,1128838,72.8,0.8
2281,2021-06-08,LIG,17813,8893,8920,11201,6612,ITC,ITC3,7,Liguria,Liguria,1550640,1146651,73.95,1.15
2282,2021-03-17,LIG,5552,2368,3184,2473,3079,ITC,ITC3,7,Liguria,Liguria,1550640,1152203,74.3,0.36
2283,2021-05-06,LIG,14515,6439,8076,6190,8325,ITC,ITC3,7,Liguria,Liguria,1550640,1166718,75.24,0.94
2284,2021-01-26,LIG,2490,807,1683,19,2471,ITC,ITC3,7,Liguria,Liguria,1550640,1169208,75.4,0.16
2285,2021-04-05,LIG,3978,1753,2225,2329,1649,ITC,ITC3,7,Liguria,Liguria,1550640,1173186,75.66,0.26
2286,2021-05-11,LIG,13902,6384,7518,7298,6604,ITC,ITC3,7,Liguria,Liguria,1550640,1187088,76.55,0.9
2287,2021-03-29,LIG,10567,4617,5950,7436,3131,ITC,ITC3,7,Liguria,Liguria,1550640,1197655,77.24,0.68
2288,2021-01-31,LIG,624,270,354,9,615,ITC,ITC3,7,Liguria,Liguria,1550640,1198279,77.28,0.04
2289,2021-03-24,LIG,9177,4031,5146,5890,3287,ITC,ITC3,7,Liguria,Liguria,1550640,1207456,77.87,0.59
2290,2020-12-31,LIG,990,353,637,990,0,ITC,ITC3,7,Liguria,Liguria,1550640,1208446,77.93,0.06
2291,2021-04-10,LIG,7882,3556,4326,6968,914,ITC,ITC3,7,Liguria,Liguria,1550640,1216328,78.44,0.51
2292,2021-01-17,LIG,866,301,565,866,0,ITC,ITC3,7,Liguria,Liguria,1550640,1217194,78.5,0.06
2293,2021-01-11,LIG,2655,990,1665,2655,0,ITC,ITC3,7,Liguria,Liguria,1550640,1219849,78.67,0.17
2294,2021-01-10,LIG,648,262,386,648,0,ITC,ITC3,7,Liguria,Liguria,1550640,1220497,78.71,0.04
2295,2021-04-20,LIG,14215,6505,7710,9867,4348,ITC,ITC3,7,Liguria,Liguria,1550640,1234712,79.63,0.92
2296,2021-05-23,LIG,2305,1119,1186,1182,1123,ITC,ITC3,7,Liguria,Liguria,1550640,1237017,79.77,0.15
2297,2021-03-01,LIG,3527,1444,2083,3404,123,ITC,ITC3,7,Liguria,Liguria,1550640,1240544,80.0,0.23
2298,2021-06-09,LIG,18667,9376,9291,12111,6556,ITC,ITC3,7,Liguria,Liguria,1550640,1259211,81.21,1.2
2299,2021-04-03,LIG,5404,2497,2907,4461,943,ITC,ITC3,7,Liguria,Liguria,1550640,1264615,81.55,0.35
2300,2021-01-24,LIG,756,237,519,113,643,ITC,ITC3,7,Liguria,Liguria,1550640,1265371,81.6,0.05
2301,2021-02-12,LIG,1935,690,1245,897,1038,ITC,ITC3,7,Liguria,Liguria,1550640,1267306,81.73,0.12
2302,2021-03-15,LIG,7246,3097,4149,4540,2706,ITC,ITC3,7,Liguria,Liguria,1550640,1274552,82.2,0.47
2303,2021-05-07,UMB,10130,4707,5423,6919,3211,ITI,ITI2,10,Umbria,Umbria,882015,10130,1.15,1.15
2304,2021-03-18,UMB,2967,1172,1795,1705,1262,ITI,ITI2,10,Umbria,Umbria,882015,13097,1.48,0.34
2305,2021-04-23,UMB,6614,2788,3826,3493,3121,ITI,ITI2,10,Umbria,Umbria,882015,19711,2.23,0.75
2306,2021-02-25,UMB,1336,497,839,1284,52,ITI,ITI2,10,Umbria,Umbria,882015,21047,2.39,0.15
2307,2021-03-11,UMB,3595,1726,1869,2589,1006,ITI,ITI2,10,Umbria,Umbria,882015,24642,2.79,0.41
2308,2021-01-13,UMB,450,139,311,450,0,ITI,ITI2,10,Umbria,Umbria,882015,25092,2.84,0.05
2309,2021-06-19,UMB,4563,2198,2365,2533,2030,ITI,ITI2,10,Umbria,Umbria,882015,29655,3.36,0.52
2310,2021-01-06,UMB,846,325,521,846,0,ITI,ITI2,10,Umbria,Umbria,882015,30501,3.46,0.1
2311,2021-06-12,UMB,7696,3681,4015,6125,1571,ITI,ITI2,10,Umbria,Umbria,882015,38197,4.33,0.87
2312,2021-04-16,UMB,8115,3749,4366,6277,1838,ITI,ITI2,10,Umbria,Umbria,882015,46312,5.25,0.92
2313,2021-04-30,UMB,6265,2975,3290,2866,3399,ITI,ITI2,10,Umbria,Umbria,882015,52577,5.96,0.71
2314,2021-03-04,UMB,4487,1855,2632,3659,828,ITI,ITI2,10,Umbria,Umbria,882015,57064,6.47,0.51
2315,2021-01-20,UMB,613,222,391,613,0,ITI,ITI2,10,Umbria,Umbria,882015,57677,6.54,0.07
2316,2021-06-02,UMB,3944,1895,2049,3904,40,ITI,ITI2,10,Umbria,Umbria,882015,61621,6.99,0.45
2317,2021-02-20,UMB,282,100,182,258,24,ITI,ITI2,10,Umbria,Umbria,882015,61903,7.02,0.03
2318,2021-03-09,UMB,4092,2003,2089,2801,1291,ITI,ITI2,10,Umbria,Umbria,882015,65995,7.48,0.46
2319,2021-05-31,UMB,5804,2837,2967,4920,884,ITI,ITI2,10,Umbria,Umbria,882015,71799,8.14,0.66
2320,2021-05-14,UMB,5334,2512,2822,3519,1815,ITI,ITI2,10,Umbria,Umbria,882015,77133,8.75,0.6
2321,2021-03-23,UMB,3797,1685,2112,2168,1629,ITI,ITI2,10,Umbria,Umbria,882015,80930,9.18,0.43
2322,2021-02-08,UMB,637,203,434,88,549,ITI,ITI2,10,Umbria,Umbria,882015,81567,9.25,0.07
2323,2021-05-19,UMB,9421,4212,5209,5674,3747,ITI,ITI2,10,Umbria,Umbria,882015,90988,10.32,1.07
2324,2021-02-06,UMB,396,138,258,34,362,ITI,ITI2,10,Umbria,Umbria,882015,91384,10.36,0.04
2325,2021-06-14,UMB,5362,2742,2620,3362,2000,ITI,ITI2,10,Umbria,Umbria,882015,96746,10.97,0.61
2326,2021-02-13,UMB,115,28,87,112,3,ITI,ITI2,10,Umbria,Umbria,882015,96861,10.98,0.01
2327,2021-05-24,UMB,9054,4509,4545,8177,877,ITI,ITI2,10,Umbria,Umbria,882015,105915,12.01,1.03
2328,2021-04-18,UMB,1530,680,850,600,930,ITI,ITI2,10,Umbria,Umbria,882015,107445,12.18,0.17
2329,2021-01-11,UMB,1315,346,969,1315,0,ITI,ITI2,10,Umbria,Umbria,882015,108760,12.33,0.15
2330,2021-05-05,UMB,7206,3296,3910,3904,3302,ITI,ITI2,10,Umbria,Umbria,882015,115966,13.15,0.82
2331,2021-01-25,UMB,648,323,325,5,643,ITI,ITI2,10,Umbria,Umbria,882015,116614,13.22,0.07
2332,2021-04-04,UMB,59,20,39,23,36,ITI,ITI2,10,Umbria,Umbria,882015,116673,13.23,0.01
2333,2021-06-07,UMB,6939,3426,3513,6248,691,ITI,ITI2,10,Umbria,Umbria,882015,123612,14.01,0.79
2334,2021-03-16,UMB,3539,1454,2085,1912,1627,ITI,ITI2,10,Umbria,Umbria,882015,127151,14.42,0.4
2335,2021-02-27,UMB,1658,354,1304,1642,16,ITI,ITI2,10,Umbria,Umbria,882015,128809,14.6,0.19
2336,2021-04-06,UMB,5294,2170,3124,2905,2389,ITI,ITI2,10,Umbria,Umbria,882015,134103,15.2,0.6
2337,2021-03-28,UMB,1096,442,654,1072,24,ITI,ITI2,10,Umbria,Umbria,882015,135199,15.33,0.12
2338,2021-01-30,UMB,1590,490,1100,44,1546,ITI,ITI2,10,Umbria,Umbria,882015,136789,15.51,0.18
2339,2021-05-12,UMB,6495,3025,3470,4349,2146,ITI,ITI2,10,Umbria,Umbria,882015,143284,16.25,0.74
2340,2021-05-11,UMB,6241,2833,3408,4037,2204,ITI,ITI2,10,Umbria,Umbria,882015,149525,16.95,0.71
2341,2021-05-26,UMB,9652,4569,5083,8399,1253,ITI,ITI2,10,Umbria,Umbria,882015,159177,18.05,1.09
2342,2021-05-28,UMB,9577,4431,5146,7282,2295,ITI,ITI2,10,Umbria,Umbria,882015,168754,19.13,1.09
2343,2021-04-15,UMB,7641,3489,4152,5754,1887,ITI,ITI2,10,Umbria,Umbria,882015,176395,20.0,0.87
2344,2021-02-17,UMB,1618,748,870,1267,351,ITI,ITI2,10,Umbria,Umbria,882015,178013,20.18,0.18
2345,2021-04-13,UMB,7689,3403,4286,6019,1670,ITI,ITI2,10,Umbria,Umbria,882015,185702,21.05,0.87
2346,2021-02-15,UMB,1368,692,676,1367,1,ITI,ITI2,10,Umbria,Umbria,882015,187070,21.21,0.16
2347,2021-04-20,UMB,5442,2359,3083,3495,1947,ITI,ITI2,10,Umbria,Umbria,882015,192512,21.83,0.62
2348,2021-01-27,UMB,840,330,510,13,827,ITI,ITI2,10,Umbria,Umbria,882015,193352,21.92,0.1
2349,2021-01-10,UMB,1070,277,793,1070,0,ITI,ITI2,10,Umbria,Umbria,882015,194422,22.04,0.12
2350,2021-05-21,UMB,8975,3670,5305,4138,4837,ITI,ITI2,10,Umbria,Umbria,882015,203397,23.06,1.02
2351,2021-05-04,UMB,5536,2545,2991,2411,3125,ITI,ITI2,10,Umbria,Umbria,882015,208933,23.69,0.63
2352,2021-04-01,UMB,4376,1838,2538,2366,2010,ITI,ITI2,10,Umbria,Umbria,882015,213309,24.18,0.5
2353,2021-03-01,UMB,1503,774,729,1389,114,ITI,ITI2,10,Umbria,Umbria,882015,214812,24.35,0.17
2354,2021-04-25,UMB,4364,1685,2679,4282,82,ITI,ITI2,10,Umbria,Umbria,882015,219176,24.85,0.49
2355,2021-06-21,UMB,7488,3925,3563,5153,2335,ITI,ITI2,10,Umbria,Umbria,882015,226664,25.7,0.85
2356,2021-03-06,UMB,4317,1154,3163,4174,143,ITI,ITI2,10,Umbria,Umbria,882015,230981,26.19,0.49
2357,2021-01-22,UMB,276,105,171,32,244,ITI,ITI2,10,Umbria,Umbria,882015,231257,26.22,0.03
2358,2021-05-02,UMB,3787,1868,1919,1333,2454,ITI,ITI2,10,Umbria,Umbria,882015,235044,26.65,0.43
2359,2021-03-20,UMB,2308,842,1466,2283,25,ITI,ITI2,10,Umbria,Umbria,882015,237352,26.91,0.26
2360,2021-02-01,UMB,1285,342,943,48,1237,ITI,ITI2,10,Umbria,Umbria,882015,238637,27.06,0.15
2361,2021-02-18,UMB,1496,582,914,1030,466,ITI,ITI2,10,Umbria,Umbria,882015,240133,27.23,0.17
2362,2021-05-16,UMB,5319,2536,2783,5267,52,ITI,ITI2,10,Umbria,Umbria,882015,245452,27.83,0.6
2363,2021-04-27,UMB,5668,2404,3264,3090,2578,ITI,ITI2,10,Umbria,Umbria,882015,251120,28.47,0.64
2364,2021-04-03,UMB,2112,717,1395,1059,1053,ITI,ITI2,10,Umbria,Umbria,882015,253232,28.71,0.24
2365,2021-01-08,UMB,1190,345,845,1190,0,ITI,ITI2,10,Umbria,Umbria,882015,254422,28.85,0.13
2366,2021-05-23,UMB,5069,1855,3214,652,4417,ITI,ITI2,10,Umbria,Umbria,882015,259491,29.42,0.57
2367,2021-03-30,UMB,3978,1729,2249,2438,1540,ITI,ITI2,10,Umbria,Umbria,882015,263469,29.87,0.45
2368,2020-12-27,UMB,86,45,41,86,0,ITI,ITI2,10,Umbria,Umbria,882015,263555,29.88,0.01
2369,2021-02-22,UMB,1889,807,1082,1803,86,ITI,ITI2,10,Umbria,Umbria,882015,265444,30.1,0.21
2370,2021-06-11,UMB,6898,3462,3436,6131,767,ITI,ITI2,10,Umbria,Umbria,882015,272342,30.88,0.78
2371,2021-03-29,UMB,3890,1731,2159,2411,1479,ITI,ITI2,10,Umbria,Umbria,882015,276232,31.32,0.44
2372,2021-01-31,UMB,1058,276,782,25,1033,ITI,ITI2,10,Umbria,Umbria,882015,277290,31.44,0.12
2373,2021-05-25,UMB,8816,4300,4516,7753,1063,ITI,ITI2,10,Umbria,Umbria,882015,286106,32.44,1.0
2374,2021-01-03,UMB,270,112,158,270,0,ITI,ITI2,10,Umbria,Umbria,882015,286376,32.47,0.03
2375,2021-04-22,UMB,5437,2237,3200,2773,2664,ITI,ITI2,10,Umbria,Umbria,882015,291813,33.08,0.62
2376,2021-04-17,UMB,6666,3059,3607,5326,1340,ITI,ITI2,10,Umbria,Umbria,882015,298479,33.84,0.76
2377,2021-01-01,UMB,274,105,169,274,0,ITI,ITI2,10,Umbria,Umbria,882015,298753,33.87,0.03
2378,2021-04-11,UMB,3102,1503,1599,3053,49,ITI,ITI2,10,Umbria,Umbria,882015,301855,34.22,0.35
2379,2021-01-18,UMB,614,219,395,529,85,ITI,ITI2,10,Umbria,Umbria,882015,302469,34.29,0.07
2380,2021-06-09,UMB,8049,3897,4152,7326,723,ITI,ITI2,10,Umbria,Umbria,882015,310518,35.21,0.91
2381,2021-06-23,UMB,11193,5718,5475,7782,3411,ITI,ITI2,10,Umbria,Umbria,882015,321711,36.47,1.27
2382,2021-03-15,UMB,4616,1950,2666,2848,1768,ITI,ITI2,10,Umbria,Umbria,882015,326327,37.0,0.52
2383,2021-02-10,UMB,715,349,366,700,15,ITI,ITI2,10,Umbria,Umbria,882015,327042,37.08,0.08
2384,2021-01-24,UMB,258,106,152,1,257,ITI,ITI2,10,Umbria,Umbria,882015,327300,37.11,0.03
2385,2021-06-08,UMB,7282,3587,3695,6746,536,ITI,ITI2,10,Umbria,Umbria,882015,334582,37.93,0.83
2386,2021-03-13,UMB,1735,524,1211,1486,249,ITI,ITI2,10,Umbria,Umbria,882015,336317,38.13,0.2
2387,2021-01-15,UMB,701,215,486,701,0,ITI,ITI2,10,Umbria,Umbria,882015,337018,38.21,0.08
2388,2021-01-29,UMB,1232,348,884,79,1153,ITI,ITI2,10,Umbria,Umbria,882015,338250,38.35,0.14
2389,2021-05-09,UMB,5769,2760,3009,5378,391,ITI,ITI2,10,Umbria,Umbria,882015,344019,39.0,0.65
2390,2021-05-20,UMB,9846,4593,5253,6198,3648,ITI,ITI2,10,Umbria,Umbria,882015,353865,40.12,1.12
2391,2021-03-31,UMB,3903,1733,2170,2216,1687,ITI,ITI2,10,Umbria,Umbria,882015,357768,40.56,0.44
2392,2021-04-08,UMB,5894,2525,3369,4099,1795,ITI,ITI2,10,Umbria,Umbria,882015,363662,41.23,0.67
2393,2021-06-04,UMB,8897,4398,4499,7711,1186,ITI,ITI2,10,Umbria,Umbria,882015,372559,42.24,1.01
2394,2021-06-13,UMB,6756,3553,3203,6526,230,ITI,ITI2,10,Umbria,Umbria,882015,379315,43.01,0.77
2395,2021-05-01,UMB,5377,2642,2735,2147,3230,ITI,ITI2,10,Umbria,Umbria,882015,384692,43.62,0.61
2396,2021-03-05,UMB,4624,1403,3221,3968,656,ITI,ITI2,10,Umbria,Umbria,882015,389316,44.14,0.52
2397,2021-03-03,UMB,4438,1773,2665,3727,711,ITI,ITI2,10,Umbria,Umbria,882015,393754,44.64,0.5
2398,2021-01-05,UMB,854,429,425,854,0,ITI,ITI2,10,Umbria,Umbria,882015,394608,44.74,0.1
2399,2021-06-20,UMB,6210,3002,3208,1580,4630,ITI,ITI2,10,Umbria,Umbria,882015,400818,45.44,0.7
2400,2021-04-24,UMB,4567,1963,2604,3387,1180,ITI,ITI2,10,Umbria,Umbria,882015,405385,45.96,0.52
2401,2021-01-12,UMB,838,248,590,838,0,ITI,ITI2,10,Umbria,Umbria,882015,406223,46.06,0.1
2402,2021-03-14,UMB,66,48,18,66,0,ITI,ITI2,10,Umbria,Umbria,882015,406289,46.06,0.01
2403,2021-06-22,UMB,8000,4057,3943,5236,2764,ITI,ITI2,10,Umbria,Umbria,882015,414289,46.97,0.91
2404,2021-02-03,UMB,725,174,551,67,658,ITI,ITI2,10,Umbria,Umbria,882015,415014,47.05,0.08
2405,2021-02-05,UMB,780,234,546,18,762,ITI,ITI2,10,Umbria,Umbria,882015,415794,47.14,0.09
2406,2021-04-12,UMB,7092,3079,4013,5374,1718,ITI,ITI2,10,Umbria,Umbria,882015,422886,47.95,0.8
2407,2021-01-19,UMB,103,23,80,103,0,ITI,ITI2,10,Umbria,Umbria,882015,422989,47.96,0.01
2408,2021-04-29,UMB,5216,2248,2968,2890,2326,ITI,ITI2,10,Umbria,Umbria,882015,428205,48.55,0.59
2409,2021-03-24,UMB,4106,1792,2314,2783,1323,ITI,ITI2,10,Umbria,Umbria,882015,432311,49.01,0.47
2410,2021-04-10,UMB,7475,3514,3961,7340,135,ITI,ITI2,10,Umbria,Umbria,882015,439786,49.86,0.85
2411,2021-01-17,UMB,54,17,37,54,0,ITI,ITI2,10,Umbria,Umbria,882015,439840,49.87,0.01
2412,2020-12-31,UMB,322,127,195,322,0,ITI,ITI2,10,Umbria,Umbria,882015,440162,49.9,0.04
2413,2021-06-15,UMB,5930,2999,2931,3898,2032,ITI,ITI2,10,Umbria,Umbria,882015,446092,50.58,0.67
2414,2021-06-17,UMB,6935,3511,3424,4883,2052,ITI,ITI2,10,Umbria,Umbria,882015,453027,51.36,0.79
2415,2021-03-26,UMB,4604,1716,2888,4432,172,ITI,ITI2,10,Umbria,Umbria,882015,457631,51.88,0.52
2416,2021-03-12,UMB,2698,1082,1616,2202,496,ITI,ITI2,10,Umbria,Umbria,882015,460329,52.19,0.31
2417,2021-03-21,UMB,675,338,337,675,0,ITI,ITI2,10,Umbria,Umbria,882015,461004,52.27,0.08
2418,2021-05-17,UMB,6371,3062,3309,4193,2178,ITI,ITI2,10,Umbria,Umbria,882015,467375,52.99,0.72
2419,2021-01-14,UMB,752,201,551,752,0,ITI,ITI2,10,Umbria,Umbria,882015,468127,53.07,0.09
2420,2021-03-19,UMB,1743,565,1178,1087,656,ITI,ITI2,10,Umbria,Umbria,882015,469870,53.27,0.2
2421,2021-05-18,UMB,7733,3345,4388,3890,3843,ITI,ITI2,10,Umbria,Umbria,882015,477603,54.15,0.88
2422,2021-03-22,UMB,3560,1655,1905,2314,1246,ITI,ITI2,10,Umbria,Umbria,882015,481163,54.55,0.4
2423,2021-04-05,UMB,4251,1729,2522,2196,2055,ITI,ITI2,10,Umbria,Umbria,882015,485414,55.03,0.48
2424,2021-02-07,UMB,54,17,37,1,53,ITI,ITI2,10,Umbria,Umbria,882015,485468,55.04,0.01
2425,2021-06-05,UMB,8215,3772,4443,5562,2653,ITI,ITI2,10,Umbria,Umbria,882015,493683,55.97,0.93
2426,2021-05-30,UMB,5981,2998,2983,5780,201,ITI,ITI2,10,Umbria,Umbria,882015,499664,56.65,0.68
2427,2021-03-08,UMB,3702,1829,1873,2339,1363,ITI,ITI2,10,Umbria,Umbria,882015,503366,57.07,0.42
2428,2021-06-16,UMB,6312,3089,3223,3219,3093,ITI,ITI2,10,Umbria,Umbria,882015,509678,57.79,0.72
2429,2021-03-25,UMB,3904,1699,2205,2840,1064,ITI,ITI2,10,Umbria,Umbria,882015,513582,58.23,0.44
2430,2021-03-27,UMB,4254,1513,2741,3914,340,ITI,ITI2,10,Umbria,Umbria,882015,517836,58.71,0.48
2431,2021-06-18,UMB,4706,2298,2408,1608,3098,ITI,ITI2,10,Umbria,Umbria,882015,522542,59.24,0.53
2432,2021-05-13,UMB,5919,2665,3254,3841,2078,ITI,ITI2,10,Umbria,Umbria,882015,528461,59.92,0.67
2433,2021-02-19,UMB,743,293,450,526,217,ITI,ITI2,10,Umbria,Umbria,882015,529204,60.0,0.08
2434,2021-01-02,UMB,304,111,193,304,0,ITI,ITI2,10,Umbria,Umbria,882015,529508,60.03,0.03
2435,2021-03-07,UMB,845,180,665,838,7,ITI,ITI2,10,Umbria,Umbria,882015,530353,60.13,0.1
2436,2021-05-29,UMB,7845,3606,4239,6283,1562,ITI,ITI2,10,Umbria,Umbria,882015,538198,61.02,0.89
2437,2021-02-16,UMB,1308,655,653,1299,9,ITI,ITI2,10,Umbria,Umbria,882015,539506,61.17,0.15
2438,2021-05-27,UMB,9974,4863,5111,8655,1319,ITI,ITI2,10,Umbria,Umbria,882015,549480,62.3,1.13
2439,2021-01-04,UMB,810,398,412,810,0,ITI,ITI2,10,Umbria,Umbria,882015,550290,62.39,0.09
2440,2021-04-14,UMB,8158,3677,4481,6179,1979,ITI,ITI2,10,Umbria,Umbria,882015,558448,63.32,0.92
2441,2021-06-03,UMB,9047,4472,4575,8762,285,ITI,ITI2,10,Umbria,Umbria,882015,567495,64.34,1.03
2442,2021-04-07,UMB,5574,2292,3282,3568,2006,ITI,ITI2,10,Umbria,Umbria,882015,573069,64.97,0.63
2443,2021-02-23,UMB,1693,658,1035,1651,42,ITI,ITI2,10,Umbria,Umbria,882015,574762,65.16,0.19
2444,2021-06-06,UMB,7610,3903,3707,6917,693,ITI,ITI2,10,Umbria,Umbria,882015,582372,66.03,0.86
2445,2021-02-24,UMB,1520,565,955,1505,15,ITI,ITI2,10,Umbria,Umbria,882015,583892,66.2,0.17
2446,2021-05-10,UMB,5987,2803,3184,3837,2150,ITI,ITI2,10,Umbria,Umbria,882015,589879,66.88,0.68
2447,2021-05-08,UMB,8113,3734,4379,4908,3205,ITI,ITI2,10,Umbria,Umbria,882015,597992,67.8,0.92
2448,2021-06-01,UMB,4380,2089,2291,4225,155,ITI,ITI2,10,Umbria,Umbria,882015,602372,68.29,0.5
2449,2021-03-10,UMB,4034,1945,2089,2778,1256,ITI,ITI2,10,Umbria,Umbria,882015,606406,68.75,0.46
2450,2021-01-16,UMB,221,73,148,221,0,ITI,ITI2,10,Umbria,Umbria,882015,606627,68.78,0.03
2451,2021-02-02,UMB,944,274,670,32,912,ITI,ITI2,10,Umbria,Umbria,882015,607571,68.88,0.11
2452,2021-02-11,UMB,842,349,493,837,5,ITI,ITI2,10,Umbria,Umbria,882015,608413,68.98,0.1
2453,2021-05-22,UMB,6962,2753,4209,2642,4320,ITI,ITI2,10,Umbria,Umbria,882015,615375,69.77,0.79
2454,2021-04-02,UMB,4352,1782,2570,3595,757,ITI,ITI2,10,Umbria,Umbria,882015,619727,70.26,0.49
2455,2021-01-09,UMB,1745,499,1246,1745,0,ITI,ITI2,10,Umbria,Umbria,882015,621472,70.46,0.2
2456,2021-04-19,UMB,5025,2221,2804,2976,2049,ITI,ITI2,10,Umbria,Umbria,882015,626497,71.03,0.57
2457,2021-01-28,UMB,1248,394,854,19,1229,ITI,ITI2,10,Umbria,Umbria,882015,627745,71.17,0.14
2458,2021-05-03,UMB,5092,2272,2820,2205,2887,ITI,ITI2,10,Umbria,Umbria,882015,632837,71.75,0.58
2459,2021-01-23,UMB,280,100,180,2,278,ITI,ITI2,10,Umbria,Umbria,882015,633117,71.78,0.03
2460,2021-01-21,UMB,610,202,408,341,269,ITI,ITI2,10,Umbria,Umbria,882015,633727,71.85,0.07
2461,2021-04-26,UMB,5378,2329,3049,3126,2252,ITI,ITI2,10,Umbria,Umbria,882015,639105,72.46,0.61
2462,2021-04-09,UMB,6801,3164,3637,6582,219,ITI,ITI2,10,Umbria,Umbria,882015,645906,73.23,0.77
2463,2021-04-28,UMB,5377,2328,3049,2989,2388,ITI,ITI2,10,Umbria,Umbria,882015,651283,73.84,0.61
2464,2021-02-04,UMB,733,226,507,25,708,ITI,ITI2,10,Umbria,Umbria,882015,652016,73.92,0.08
2465,2021-05-15,UMB,4992,1882,3110,1827,3165,ITI,ITI2,10,Umbria,Umbria,882015,657008,74.49,0.57
2466,2021-03-17,UMB,3331,1313,2018,1859,1472,ITI,ITI2,10,Umbria,Umbria,882015,660339,74.87,0.38
2467,2021-01-07,UMB,1301,387,914,1301,0,ITI,ITI2,10,Umbria,Umbria,882015,661640,75.01,0.15
2468,2021-06-25,UMB,4734,2438,2296,2210,2524,ITI,ITI2,10,Umbria,Umbria,882015,666374,75.55,0.54
2469,2021-01-26,UMB,816,390,426,18,798,ITI,ITI2,10,Umbria,Umbria,882015,667190,75.64,0.09
2470,2021-02-12,UMB,671,224,447,665,6,ITI,ITI2,10,Umbria,Umbria,882015,667861,75.72,0.08
2471,2021-02-26,UMB,660,253,407,652,8,ITI,ITI2,10,Umbria,Umbria,882015,668521,75.79,0.07
2472,2021-05-06,UMB,9476,4323,5153,6159,3317,ITI,ITI2,10,Umbria,Umbria,882015,677997,76.87,1.07
2473,2021-06-10,UMB,7457,3716,3741,6690,767,ITI,ITI2,10,Umbria,Umbria,882015,685454,77.71,0.85
2474,2021-04-21,UMB,5318,2313,3005,3092,2226,ITI,ITI2,10,Umbria,Umbria,882015,690772,78.32,0.6
2475,2021-03-02,UMB,3642,1346,2296,3638,4,ITI,ITI2,10,Umbria,Umbria,882015,694414,78.73,0.41
2476,2021-06-24,UMB,9993,5040,4953,6054,3939,ITI,ITI2,10,Umbria,Umbria,882015,704407,79.86,1.13
2477,2021-06-20,PAB,4952,2695,2257,367,4585,ITH,ITH1,4,Provincia Autonoma Bolzano / Bozen,P.A. Bolzano,533050,4952,0.93,0.93
2478,2021-02-07,PAB,2362,1058,1304,14,2348,ITH,ITH1,4,Provincia Autonoma Bolzano / Bozen,P.A. Bolzano,533050,7314,1.37,0.44
2479,2021-05-18,PAB,3342,1753,1589,2156,1186,ITH,ITH1,4,Provincia Autonoma Bolzano / Bozen,P.A. Bolzano,533050,10656,2.0,0.63
2480,2021-01-24,PAB,12,10,2,0,12,ITH,ITH1,4,Provincia Autonoma Bolzano / Bozen,P.A. Bolzano,533050,10668,2.0,0.0
2481,2021-03-22,PAB,1144,523,621,1139,5,ITH,ITH1,4,Provincia Autonoma Bolzano / Bozen,P.A. Bolzano,533050,11812,2.22,0.21
2482,2021-03-05,PAB,1839,625,1214,1397,442,ITH,ITH1,4,Provincia Autonoma Bolzano / Bozen,P.A. Bolzano,533050,13651,2.56,0.34
2483,2021-05-27,PAB,6085,3200,2885,4075,2010,ITH,ITH1,4,Provincia Autonoma Bolzano / Bozen,P.A. Bolzano,533050,19736,3.7,1.14
2484,2021-06-13,PAB,3618,2018,1600,427,3191,ITH,ITH1,4,Provincia Autonoma Bolzano / Bozen,P.A. Bolzano,533050,23354,4.38,0.68
2485,2021-05-25,PAB,3837,1990,1847,2952,885,ITH,ITH1,4,Provincia Autonoma Bolzano / Bozen,P.A. Bolzano,533050,27191,5.1,0.72
2486,2021-06-06,PAB,4530,2176,2354,855,3675,ITH,ITH1,4,Provincia Autonoma Bolzano / Bozen,P.A. Bolzano,533050,31721,5.95,0.85
2487,2021-02-26,PAB,1526,551,975,1496,30,ITH,ITH1,4,Provincia Autonoma Bolzano / Bozen,P.A. Bolzano,533050,33247,6.24,0.29
2488,2021-06-01,PAB,3557,2316,1241,2085,1472,ITH,ITH1,4,Provincia Autonoma Bolzano / Bozen,P.A. Bolzano,533050,36804,6.9,0.67
2489,2021-02-19,PAB,2252,512,1740,2241,11,ITH,ITH1,4,Provincia Autonoma Bolzano / Bozen,P.A. Bolzano,533050,39056,7.33,0.42
2490,2021-01-26,PAB,810,291,519,1,809,ITH,ITH1,4,Provincia Autonoma Bolzano / Bozen,P.A. Bolzano,533050,39866,7.48,0.15
2491,2021-03-24,PAB,2063,998,1065,2050,13,ITH,ITH1,4,Provincia Autonoma Bolzano / Bozen,P.A. Bolzano,533050,41929,7.87,0.39
2492,2021-03-10,PAB,1268,529,739,1125,143,ITH,ITH1,4,Provincia Autonoma Bolzano / Bozen,P.A. Bolzano,533050,43197,8.1,0.24
2493,2021-05-06,PAB,5181,2747,2434,2613,2568,ITH,ITH1,4,Provincia Autonoma Bolzano / Bozen,P.A. Bolzano,533050,48378,9.08,0.97
2494,2021-03-17,PAB,581,213,368,580,1,ITH,ITH1,4,Provincia Autonoma Bolzano / Bozen,P.A. Bolzano,533050,48959,9.18,0.11
2495,2021-05-13,PAB,2994,1355,1639,1064,1930,ITH,ITH1,4,Provincia Autonoma Bolzano / Bozen,P.A. Bolzano,533050,51953,9.75,0.56
2496,2021-05-20,PAB,4723,2334,2389,3254,1469,ITH,ITH1,4,Provincia Autonoma Bolzano / Bozen,P.A. Bolzano,533050,56676,10.63,0.89
2497,2021-03-31,PAB,1832,694,1138,821,1011,ITH,ITH1,4,Provincia Autonoma Bolzano / Bozen,P.A. Bolzano,533050,58508,10.98,0.34
2498,2021-02-12,PAB,730,217,513,482,248,ITH,ITH1,4,Provincia Autonoma Bolzano / Bozen,P.A. Bolzano,533050,59238,11.11,0.14
2499,2021-04-10,PAB,5391,2664,2727,4803,588,ITH,ITH1,4,Provincia Autonoma Bolzano / Bozen,P.A. Bolzano,533050,64629,12.12,1.01
2500,2020-12-31,PAB,913,519,394,913,0,ITH,ITH1,4,Provincia Autonoma Bolzano / Bozen,P.A. Bolzano,533050,65542,12.3,0.17
2501,2021-04-19,PAB,1871,858,1013,1689,182,ITH,ITH1,4,Provincia Autonoma Bolzano / Bozen,P.A. Bolzano,533050,67413,12.65,0.35
2502,2021-06-15,PAB,1999,1156,843,468,1531,ITH,ITH1,4,Provincia Autonoma Bolzano / Bozen,P.A. Bolzano,533050,69412,13.02,0.38
2503,2021-04-17,PAB,5233,2599,2634,5189,44,ITH,ITH1,4,Provincia Autonoma Bolzano / Bozen,P.A. Bolzano,533050,74645,14.0,0.98
2504,2021-01-07,PAB,918,327,591,918,0,ITH,ITH1,4,Provincia Autonoma Bolzano / Bozen,P.A. Bolzano,533050,75563,14.18,0.17
2505,2021-05-15,PAB,7001,3688,3313,6707,294,ITH,ITH1,4,Provincia Autonoma Bolzano / Bozen,P.A. Bolzano,533050,82564,15.49,1.31
2506,2021-02-04,PAB,1958,593,1365,8,1950,ITH,ITH1,4,Provincia Autonoma Bolzano / Bozen,P.A. Bolzano,533050,84522,15.86,0.37
2507,2021-04-02,PAB,2077,837,1240,720,1357,ITH,ITH1,4,Provincia Autonoma Bolzano / Bozen,P.A. Bolzano,533050,86599,16.25,0.39
2508,2021-05-29,PAB,7134,3768,3366,3994,3140,ITH,ITH1,4,Provincia Autonoma Bolzano / Bozen,P.A. Bolzano,533050,93733,17.58,1.34
2509,2021-06-08,PAB,4146,2116,2030,830,3316,ITH,ITH1,4,Provincia Autonoma Bolzano / Bozen,P.A. Bolzano,533050,97879,18.36,0.78
2510,2021-04-28,PAB,2464,1302,1162,2459,5,ITH,ITH1,4,Provincia Autonoma Bolzano / Bozen,P.A. Bolzano,533050,100343,18.82,0.46
2511,2021-01-16,PAB,2840,1265,1575,2840,0,ITH,ITH1,4,Provincia Autonoma Bolzano / Bozen,P.A. Bolzano,533050,103183,19.36,0.53
2512,2021-05-01,PAB,2104,1067,1037,1944,160,ITH,ITH1,4,Provincia Autonoma Bolzano / Bozen,P.A. Bolzano,533050,105287,19.75,0.39
2513,2021-03-12,PAB,1664,734,930,1251,413,ITH,ITH1,4,Provincia Autonoma Bolzano / Bozen,P.A. Bolzano,533050,106951,20.06,0.31
2514,2021-03-29,PAB,1171,499,672,412,759,ITH,ITH1,4,Provincia Autonoma Bolzano / Bozen,P.A. Bolzano,533050,108122,20.28,0.22
2515,2021-01-21,PAB,953,442,511,139,814,ITH,ITH1,4,Provincia Autonoma Bolzano / Bozen,P.A. Bolzano,533050,109075,20.46,0.18
2516,2021-04-29,PAB,2632,1351,1281,1938,694,ITH,ITH1,4,Provincia Autonoma Bolzano / Bozen,P.A. Bolzano,533050,111707,20.96,0.49
2517,2021-01-19,PAB,853,371,482,723,130,ITH,ITH1,4,Provincia Autonoma Bolzano / Bozen,P.A. Bolzano,533050,112560,21.12,0.16
2518,2021-06-25,PAB,1789,998,791,489,1300,ITH,ITH1,4,Provincia Autonoma Bolzano / Bozen,P.A. Bolzano,533050,114349,21.45,0.34
2519,2021-02-09,PAB,317,126,191,1,316,ITH,ITH1,4,Provincia Autonoma Bolzano / Bozen,P.A. Bolzano,533050,114666,21.51,0.06
2520,2021-02-02,PAB,1745,506,1239,8,1737,ITH,ITH1,4,Provincia Autonoma Bolzano / Bozen,P.A. Bolzano,533050,116411,21.84,0.33
2521,2021-02-14,PAB,297,130,167,297,0,ITH,ITH1,4,Provincia Autonoma Bolzano / Bozen,P.A. Bolzano,533050,116708,21.89,0.06
2522,2021-05-08,PAB,4427,2382,2045,3764,663,ITH,ITH1,4,Provincia Autonoma Bolzano / Bozen,P.A. Bolzano,533050,121135,22.72,0.83
2523,2021-03-03,PAB,1180,394,786,1167,13,ITH,ITH1,4,Provincia Autonoma Bolzano / Bozen,P.A. Bolzano,533050,122315,22.95,0.22
2524,2021-05-10,PAB,3018,1300,1718,1413,1605,ITH,ITH1,4,Provincia Autonoma Bolzano / Bozen,P.A. Bolzano,533050,125333,23.51,0.57
2525,2021-01-05,PAB,830,286,544,830,0,ITH,ITH1,4,Provincia Autonoma Bolzano / Bozen,P.A. Bolzano,533050,126163,23.67,0.16
2526,2021-01-23,PAB,197,117,80,0,197,ITH,ITH1,4,Provincia Autonoma Bolzano / Bozen,P.A. Bolzano,533050,126360,23.71,0.04
2527,2021-05-03,PAB,1830,847,983,417,1413,ITH,ITH1,4,Provincia Autonoma Bolzano / Bozen,P.A. Bolzano,533050,128190,24.05,0.34
2528,2021-02-23,PAB,769,324,445,763,6,ITH,ITH1,4,Provincia Autonoma Bolzano / Bozen,P.A. Bolzano,533050,128959,24.19,0.14
2529,2021-05-17,PAB,3139,1516,1623,2445,694,ITH,ITH1,4,Provincia Autonoma Bolzano / Bozen,P.A. Bolzano,533050,132098,24.78,0.59
2530,2021-06-03,PAB,4721,2565,2156,3775,946,ITH,ITH1,4,Provincia Autonoma Bolzano / Bozen,P.A. Bolzano,533050,136819,25.67,0.89
2531,2021-06-22,PAB,2448,1408,1040,333,2115,ITH,ITH1,4,Provincia Autonoma Bolzano / Bozen,P.A. Bolzano,533050,139267,26.13,0.46
2532,2021-03-14,PAB,758,336,422,25,733,ITH,ITH1,4,Provincia Autonoma Bolzano / Bozen,P.A. Bolzano,533050,140025,26.27,0.14
2533,2021-04-14,PAB,3593,1645,1948,3502,91,ITH,ITH1,4,Provincia Autonoma Bolzano / Bozen,P.A. Bolzano,533050,143618,26.94,0.67
2534,2021-01-04,PAB,508,201,307,508,0,ITH,ITH1,4,Provincia Autonoma Bolzano / Bozen,P.A. Bolzano,533050,144126,27.04,0.1
2535,2021-04-12,PAB,2105,946,1159,2098,7,ITH,ITH1,4,Provincia Autonoma Bolzano / Bozen,P.A. Bolzano,533050,146231,27.43,0.39
2536,2021-03-07,PAB,114,13,101,9,105,ITH,ITH1,4,Provincia Autonoma Bolzano / Bozen,P.A. Bolzano,533050,146345,27.45,0.02
2537,2021-04-21,PAB,3013,1468,1545,2165,848,ITH,ITH1,4,Provincia Autonoma Bolzano / Bozen,P.A. Bolzano,533050,149358,28.02,0.57
2538,2021-06-24,PAB,3781,1953,1828,1593,2188,ITH,ITH1,4,Provincia Autonoma Bolzano / Bozen,P.A. Bolzano,533050,153139,28.73,0.71
2539,2021-01-09,PAB,612,326,286,612,0,ITH,ITH1,4,Provincia Autonoma Bolzano / Bozen,P.A. Bolzano,533050,153751,28.84,0.11
2540,2021-03-26,PAB,1657,733,924,523,1134,ITH,ITH1,4,Provincia Autonoma Bolzano / Bozen,P.A. Bolzano,533050,155408,29.15,0.31
2541,2021-04-09,PAB,2937,1301,1636,2207,730,ITH,ITH1,4,Provincia Autonoma Bolzano / Bozen,P.A. Bolzano,533050,158345,29.71,0.55
2542,2021-05-22,PAB,6821,3552,3269,4654,2167,ITH,ITH1,4,Provincia Autonoma Bolzano / Bozen,P.A. Bolzano,533050,165166,30.99,1.28
2543,2021-02-11,PAB,1094,432,662,239,855,ITH,ITH1,4,Provincia Autonoma Bolzano / Bozen,P.A. Bolzano,533050,166260,31.19,0.21
2544,2021-02-18,PAB,1839,457,1382,1832,7,ITH,ITH1,4,Provincia Autonoma Bolzano / Bozen,P.A. Bolzano,533050,168099,31.54,0.34
2545,2021-06-10,PAB,4439,2304,2135,1346,3093,ITH,ITH1,4,Provincia Autonoma Bolzano / Bozen,P.A. Bolzano,533050,172538,32.37,0.83
2546,2021-04-26,PAB,1543,771,772,1538,5,ITH,ITH1,4,Provincia Autonoma Bolzano / Bozen,P.A. Bolzano,533050,174081,32.66,0.29
2547,2021-01-18,PAB,1772,687,1085,1767,5,ITH,ITH1,4,Provincia Autonoma Bolzano / Bozen,P.A. Bolzano,533050,175853,32.99,0.33
2548,2021-04-24,PAB,5104,2449,2655,4619,485,ITH,ITH1,4,Provincia Autonoma Bolzano / Bozen,P.A. Bolzano,533050,180957,33.95,0.96
2549,2021-04-05,PAB,301,144,157,23,278,ITH,ITH1,4,Provincia Autonoma Bolzano / Bozen,P.A. Bolzano,533050,181258,34.0,0.06
2550,2021-01-12,PAB,1709,459,1250,1709,0,ITH,ITH1,4,Provincia Autonoma Bolzano / Bozen,P.A. Bolzano,533050,182967,34.32,0.32
2551,2021-06-05,PAB,6067,3022,3045,4973,1094,ITH,ITH1,4,Provincia Autonoma Bolzano / Bozen,P.A. Bolzano,533050,189034,35.46,1.14
2552,2021-04-30,PAB,3338,1592,1746,1562,1776,ITH,ITH1,4,Provincia Autonoma Bolzano / Bozen,P.A. Bolzano,533050,192372,36.09,0.63
2553,2021-01-20,PAB,617,252,365,409,208,ITH,ITH1,4,Provincia Autonoma Bolzano / Bozen,P.A. Bolzano,533050,192989,36.2,0.12
2554,2021-01-06,PAB,59,18,41,59,0,ITH,ITH1,4,Provincia Autonoma Bolzano / Bozen,P.A. Bolzano,533050,193048,36.22,0.01
2555,2021-03-30,PAB,1299,532,767,218,1081,ITH,ITH1,4,Provincia Autonoma Bolzano / Bozen,P.A. Bolzano,533050,194347,36.46,0.24
2556,2021-04-16,PAB,2949,1418,1531,2438,511,ITH,ITH1,4,Provincia Autonoma Bolzano / Bozen,P.A. Bolzano,533050,197296,37.01,0.55
2557,2021-05-31,PAB,2987,1464,1523,2120,867,ITH,ITH1,4,Provincia Autonoma Bolzano / Bozen,P.A. Bolzano,533050,200283,37.57,0.56
2558,2021-01-01,PAB,6,5,1,6,0,ITH,ITH1,4,Provincia Autonoma Bolzano / Bozen,P.A. Bolzano,533050,200289,37.57,0.0
2559,2021-06-07,PAB,2901,1506,1395,2582,319,ITH,ITH1,4,Provincia Autonoma Bolzano / Bozen,P.A. Bolzano,533050,203190,38.12,0.54
2560,2021-02-27,PAB,2458,759,1699,2448,10,ITH,ITH1,4,Provincia Autonoma Bolzano / Bozen,P.A. Bolzano,533050,205648,38.58,0.46
2561,2021-02-13,PAB,318,79,239,312,6,ITH,ITH1,4,Provincia Autonoma Bolzano / Bozen,P.A. Bolzano,533050,205966,38.64,0.06
2562,2021-04-11,PAB,2720,1291,1429,2543,177,ITH,ITH1,4,Provincia Autonoma Bolzano / Bozen,P.A. Bolzano,533050,208686,39.15,0.51
2563,2021-05-24,PAB,1444,762,682,1110,334,ITH,ITH1,4,Provincia Autonoma Bolzano / Bozen,P.A. Bolzano,533050,210130,39.42,0.27
2564,2021-02-20,PAB,1802,540,1262,1784,18,ITH,ITH1,4,Provincia Autonoma Bolzano / Bozen,P.A. Bolzano,533050,211932,39.76,0.34
2565,2021-04-18,PAB,3110,1607,1503,2100,1010,ITH,ITH1,4,Provincia Autonoma Bolzano / Bozen,P.A. Bolzano,533050,215042,40.34,0.58
2566,2021-06-17,PAB,1734,967,767,658,1076,ITH,ITH1,4,Provincia Autonoma Bolzano / Bozen,P.A. Bolzano,533050,216776,40.67,0.33
2567,2021-01-02,PAB,91,48,43,91,0,ITH,ITH1,4,Provincia Autonoma Bolzano / Bozen,P.A. Bolzano,533050,216867,40.68,0.02
2568,2021-03-18,PAB,1302,531,771,226,1076,ITH,ITH1,4,Provincia Autonoma Bolzano / Bozen,P.A. Bolzano,533050,218169,40.93,0.24
2569,2021-05-14,PAB,5134,2320,2814,3097,2037,ITH,ITH1,4,Provincia Autonoma Bolzano / Bozen,P.A. Bolzano,533050,223303,41.89,0.96
2570,2021-03-16,PAB,1290,532,758,124,1166,ITH,ITH1,4,Provincia Autonoma Bolzano / Bozen,P.A. Bolzano,533050,224593,42.13,0.24
2571,2021-05-12,PAB,3791,2058,1733,3638,153,ITH,ITH1,4,Provincia Autonoma Bolzano / Bozen,P.A. Bolzano,533050,228384,42.84,0.71
2572,2021-02-01,PAB,1452,440,1012,12,1440,ITH,ITH1,4,Provincia Autonoma Bolzano / Bozen,P.A. Bolzano,533050,229836,43.12,0.27
2573,2021-05-07,PAB,4193,2061,2132,3665,528,ITH,ITH1,4,Provincia Autonoma Bolzano / Bozen,P.A. Bolzano,533050,234029,43.9,0.79
2574,2021-05-05,PAB,4154,1945,2209,2038,2116,ITH,ITH1,4,Provincia Autonoma Bolzano / Bozen,P.A. Bolzano,533050,238183,44.68,0.78
2575,2021-01-25,PAB,487,183,304,3,484,ITH,ITH1,4,Provincia Autonoma Bolzano / Bozen,P.A. Bolzano,533050,238670,44.77,0.09
2576,2021-03-23,PAB,1554,759,795,1553,1,ITH,ITH1,4,Provincia Autonoma Bolzano / Bozen,P.A. Bolzano,533050,240224,45.07,0.29
2577,2021-04-01,PAB,2786,1407,1379,2642,144,ITH,ITH1,4,Provincia Autonoma Bolzano / Bozen,P.A. Bolzano,533050,243010,45.59,0.52
2578,2021-02-16,PAB,530,205,325,530,0,ITH,ITH1,4,Provincia Autonoma Bolzano / Bozen,P.A. Bolzano,533050,243540,45.69,0.1
2579,2021-01-28,PAB,871,308,563,9,862,ITH,ITH1,4,Provincia Autonoma Bolzano / Bozen,P.A. Bolzano,533050,244411,45.85,0.16
2580,2021-04-25,PAB,3073,1497,1576,2401,672,ITH,ITH1,4,Provincia Autonoma Bolzano / Bozen,P.A. Bolzano,533050,247484,46.43,0.58
2581,2021-01-13,PAB,1691,557,1134,1691,0,ITH,ITH1,4,Provincia Autonoma Bolzano / Bozen,P.A. Bolzano,533050,249175,46.75,0.32
2582,2021-01-30,PAB,498,245,253,4,494,ITH,ITH1,4,Provincia Autonoma Bolzano / Bozen,P.A. Bolzano,533050,249673,46.84,0.09
2583,2021-04-23,PAB,4543,2151,2392,3252,1291,ITH,ITH1,4,Provincia Autonoma Bolzano / Bozen,P.A. Bolzano,533050,254216,47.69,0.85
2584,2021-01-11,PAB,1571,513,1058,1571,0,ITH,ITH1,4,Provincia Autonoma Bolzano / Bozen,P.A. Bolzano,533050,255787,47.99,0.29
2585,2021-04-06,PAB,2250,1118,1132,2147,103,ITH,ITH1,4,Provincia Autonoma Bolzano / Bozen,P.A. Bolzano,533050,258037,48.41,0.42
2586,2021-04-08,PAB,2765,1346,1419,2562,203,ITH,ITH1,4,Provincia Autonoma Bolzano / Bozen,P.A. Bolzano,533050,260802,48.93,0.52
2587,2021-05-30,PAB,4760,2514,2246,752,4008,ITH,ITH1,4,Provincia Autonoma Bolzano / Bozen,P.A. Bolzano,533050,265562,49.82,0.89
2588,2021-04-03,PAB,831,364,467,22,809,ITH,ITH1,4,Provincia Autonoma Bolzano / Bozen,P.A. Bolzano,533050,266393,49.98,0.16
2589,2021-03-25,PAB,2150,1063,1087,1707,443,ITH,ITH1,4,Provincia Autonoma Bolzano / Bozen,P.A. Bolzano,533050,268543,50.38,0.4
2590,2021-01-27,PAB,84,28,56,1,83,ITH,ITH1,4,Provincia Autonoma Bolzano / Bozen,P.A. Bolzano,533050,268627,50.39,0.02
2591,2020-12-30,PAB,388,182,206,388,0,ITH,ITH1,4,Provincia Autonoma Bolzano / Bozen,P.A. Bolzano,533050,269015,50.47,0.07
2592,2021-06-09,PAB,3789,1884,1905,1315,2474,ITH,ITH1,4,Provincia Autonoma Bolzano / Bozen,P.A. Bolzano,533050,272804,51.18,0.71
2593,2021-03-01,PAB,922,221,701,921,1,ITH,ITH1,4,Provincia Autonoma Bolzano / Bozen,P.A. Bolzano,533050,273726,51.35,0.17
2594,2021-03-15,PAB,1192,451,741,710,482,ITH,ITH1,4,Provincia Autonoma Bolzano / Bozen,P.A. Bolzano,533050,274918,51.57,0.22
2595,2021-04-27,PAB,2226,1013,1213,1149,1077,ITH,ITH1,4,Provincia Autonoma Bolzano / Bozen,P.A. Bolzano,533050,277144,51.99,0.42
2596,2021-01-17,PAB,2328,1044,1284,2317,11,ITH,ITH1,4,Provincia Autonoma Bolzano / Bozen,P.A. Bolzano,533050,279472,52.43,0.44
2597,2021-06-23,PAB,1132,584,548,369,763,ITH,ITH1,4,Provincia Autonoma Bolzano / Bozen,P.A. Bolzano,533050,280604,52.64,0.21
2598,2021-03-21,PAB,768,285,483,14,754,ITH,ITH1,4,Provincia Autonoma Bolzano / Bozen,P.A. Bolzano,533050,281372,52.79,0.14
2599,2021-06-12,PAB,4906,2659,2247,1619,3287,ITH,ITH1,4,Provincia Autonoma Bolzano / Bozen,P.A. Bolzano,533050,286278,53.71,0.92
2600,2021-01-14,PAB,1946,575,1371,1946,0,ITH,ITH1,4,Provincia Autonoma Bolzano / Bozen,P.A. Bolzano,533050,288224,54.07,0.37
2601,2021-04-07,PAB,1798,823,975,1258,540,ITH,ITH1,4,Provincia Autonoma Bolzano / Bozen,P.A. Bolzano,533050,290022,54.41,0.34
2602,2021-03-02,PAB,695,200,495,693,2,ITH,ITH1,4,Provincia Autonoma Bolzano / Bozen,P.A. Bolzano,533050,290717,54.54,0.13
2603,2021-03-19,PAB,1906,773,1133,799,1107,ITH,ITH1,4,Provincia Autonoma Bolzano / Bozen,P.A. Bolzano,533050,292623,54.9,0.36
2604,2021-03-04,PAB,1715,1005,710,1486,229,ITH,ITH1,4,Provincia Autonoma Bolzano / Bozen,P.A. Bolzano,533050,294338,55.22,0.32
2605,2021-05-26,PAB,4936,2492,2444,2962,1974,ITH,ITH1,4,Provincia Autonoma Bolzano / Bozen,P.A. Bolzano,533050,299274,56.14,0.93
2606,2020-12-27,PAB,144,65,79,144,0,ITH,ITH1,4,Provincia Autonoma Bolzano / Bozen,P.A. Bolzano,533050,299418,56.17,0.03
2607,2021-06-11,PAB,5731,2942,2789,2262,3469,ITH,ITH1,4,Provincia Autonoma Bolzano / Bozen,P.A. Bolzano,533050,305149,57.25,1.08
2608,2021-03-20,PAB,1758,849,909,1133,625,ITH,ITH1,4,Provincia Autonoma Bolzano / Bozen,P.A. Bolzano,533050,306907,57.58,0.33
2609,2021-01-15,PAB,3282,1228,2054,3282,0,ITH,ITH1,4,Provincia Autonoma Bolzano / Bozen,P.A. Bolzano,533050,310189,58.19,0.62
2610,2021-06-18,PAB,4052,2107,1945,1153,2899,ITH,ITH1,4,Provincia Autonoma Bolzano / Bozen,P.A. Bolzano,533050,314241,58.95,0.76
2611,2021-01-08,PAB,1521,479,1042,1521,0,ITH,ITH1,4,Provincia Autonoma Bolzano / Bozen,P.A. Bolzano,533050,315762,59.24,0.29
2612,2021-04-20,PAB,1561,784,777,1560,1,ITH,ITH1,4,Provincia Autonoma Bolzano / Bozen,P.A. Bolzano,533050,317323,59.53,0.29
2613,2021-01-10,PAB,2,2,0,2,0,ITH,ITH1,4,Provincia Autonoma Bolzano / Bozen,P.A. Bolzano,533050,317325,59.53,0.0
2614,2021-06-16,PAB,3809,2017,1792,8,3801,ITH,ITH1,4,Provincia Autonoma Bolzano / Bozen,P.A. Bolzano,533050,321134,60.24,0.71
2615,2021-03-08,PAB,1210,534,676,1183,27,ITH,ITH1,4,Provincia Autonoma Bolzano / Bozen,P.A. Bolzano,533050,322344,60.47,0.23
2616,2021-05-04,PAB,3449,1843,1606,2412,1037,ITH,ITH1,4,Provincia Autonoma Bolzano / Bozen,P.A. Bolzano,533050,325793,61.12,0.65
2617,2021-03-09,PAB,1194,543,651,1192,2,ITH,ITH1,4,Provincia Autonoma Bolzano / Bozen,P.A. Bolzano,533050,326987,61.34,0.22
2618,2021-05-23,PAB,4338,2303,2035,4330,8,ITH,ITH1,4,Provincia Autonoma Bolzano / Bozen,P.A. Bolzano,533050,331325,62.16,0.81
2619,2021-02-03,PAB,1503,478,1025,5,1498,ITH,ITH1,4,Provincia Autonoma Bolzano / Bozen,P.A. Bolzano,533050,332828,62.44,0.28
2620,2021-02-10,PAB,1636,605,1031,26,1610,ITH,ITH1,4,Provincia Autonoma Bolzano / Bozen,P.A. Bolzano,533050,334464,62.75,0.31
2621,2021-06-14,PAB,2904,1576,1328,547,2357,ITH,ITH1,4,Provincia Autonoma Bolzano / Bozen,P.A. Bolzano,533050,337368,63.29,0.54
2622,2021-02-15,PAB,72,42,30,26,46,ITH,ITH1,4,Provincia Autonoma Bolzano / Bozen,P.A. Bolzano,533050,337440,63.3,0.01
2623,2021-05-11,PAB,2844,1335,1509,1321,1523,ITH,ITH1,4,Provincia Autonoma Bolzano / Bozen,P.A. Bolzano,533050,340284,63.84,0.53
2624,2021-06-19,PAB,5612,2984,2628,580,5032,ITH,ITH1,4,Provincia Autonoma Bolzano / Bozen,P.A. Bolzano,533050,345896,64.89,1.05
2625,2021-03-11,PAB,1684,825,859,1146,538,ITH,ITH1,4,Provincia Autonoma Bolzano / Bozen,P.A. Bolzano,533050,347580,65.21,0.32
2626,2021-02-25,PAB,1498,549,949,1497,1,ITH,ITH1,4,Provincia Autonoma Bolzano / Bozen,P.A. Bolzano,533050,349078,65.49,0.28
2627,2021-06-02,PAB,1444,809,635,987,457,ITH,ITH1,4,Provincia Autonoma Bolzano / Bozen,P.A. Bolzano,533050,350522,65.76,0.27
2628,2021-02-08,PAB,2,1,1,1,1,ITH,ITH1,4,Provincia Autonoma Bolzano / Bozen,P.A. Bolzano,533050,350524,65.76,0.0
2629,2021-05-19,PAB,3627,1847,1780,1841,1786,ITH,ITH1,4,Provincia Autonoma Bolzano / Bozen,P.A. Bolzano,533050,354151,66.44,0.68
2630,2021-01-03,PAB,41,16,25,41,0,ITH,ITH1,4,Provincia Autonoma Bolzano / Bozen,P.A. Bolzano,533050,354192,66.45,0.01
2631,2021-04-13,PAB,2391,1130,1261,2384,7,ITH,ITH1,4,Provincia Autonoma Bolzano / Bozen,P.A. Bolzano,533050,356583,66.89,0.45
2632,2021-02-22,PAB,526,143,383,514,12,ITH,ITH1,4,Provincia Autonoma Bolzano / Bozen,P.A. Bolzano,533050,357109,66.99,0.1
2633,2021-05-21,PAB,6921,3803,3118,5076,1845,ITH,ITH1,4,Provincia Autonoma Bolzano / Bozen,P.A. Bolzano,533050,364030,68.29,1.3
2634,2021-05-16,PAB,2025,932,1093,1333,692,ITH,ITH1,4,Provincia Autonoma Bolzano / Bozen,P.A. Bolzano,533050,366055,68.67,0.38
2635,2021-01-29,PAB,1497,510,987,24,1473,ITH,ITH1,4,Provincia Autonoma Bolzano / Bozen,P.A. Bolzano,533050,367552,68.95,0.28
2636,2021-04-22,PAB,2924,1501,1423,1982,942,ITH,ITH1,4,Provincia Autonoma Bolzano / Bozen,P.A. Bolzano,533050,370476,69.5,0.55
2637,2021-05-09,PAB,4241,2410,1831,3089,1152,ITH,ITH1,4,Provincia Autonoma Bolzano / Bozen,P.A. Bolzano,533050,374717,70.3,0.8
2638,2021-03-06,PAB,3973,2081,1892,3762,211,ITH,ITH1,4,Provincia Autonoma Bolzano / Bozen,P.A. Bolzano,533050,378690,71.04,0.75
2639,2021-05-28,PAB,5681,2895,2786,3791,1890,ITH,ITH1,4,Provincia Autonoma Bolzano / Bozen,P.A. Bolzano,533050,384371,72.11,1.07
2640,2021-02-17,PAB,156,51,105,139,17,ITH,ITH1,4,Provincia Autonoma Bolzano / Bozen,P.A. Bolzano,533050,384527,72.14,0.03
2641,2021-02-06,PAB,2626,1171,1455,19,2607,ITH,ITH1,4,Provincia Autonoma Bolzano / Bozen,P.A. Bolzano,533050,387153,72.63,0.49
2642,2021-06-21,PAB,3136,1596,1540,269,2867,ITH,ITH1,4,Provincia Autonoma Bolzano / Bozen,P.A. Bolzano,533050,390289,73.22,0.59
2643,2021-03-28,PAB,569,212,357,11,558,ITH,ITH1,4,Provincia Autonoma Bolzano / Bozen,P.A. Bolzano,533050,390858,73.32,0.11
2644,2021-06-04,PAB,6459,3237,3222,4929,1530,ITH,ITH1,4,Provincia Autonoma Bolzano / Bozen,P.A. Bolzano,533050,397317,74.54,1.21
2645,2021-02-24,PAB,1367,406,961,1355,12,ITH,ITH1,4,Provincia Autonoma Bolzano / Bozen,P.A. Bolzano,533050,398684,74.79,0.26
2646,2021-03-27,PAB,3051,1554,1497,1543,1508,ITH,ITH1,4,Provincia Autonoma Bolzano / Bozen,P.A. Bolzano,533050,401735,75.37,0.57
2647,2021-03-13,PAB,2885,1459,1426,2784,101,ITH,ITH1,4,Provincia Autonoma Bolzano / Bozen,P.A. Bolzano,533050,404620,75.91,0.54
2648,2021-02-05,PAB,3195,1181,2014,8,3187,ITH,ITH1,4,Provincia Autonoma Bolzano / Bozen,P.A. Bolzano,533050,407815,76.51,0.6
2649,2021-04-15,PAB,4399,2307,2092,4136,263,ITH,ITH1,4,Provincia Autonoma Bolzano / Bozen,P.A. Bolzano,533050,412214,77.33,0.83
2650,2021-05-02,PAB,2457,1288,1169,1536,921,ITH,ITH1,4,Provincia Autonoma Bolzano / Bozen,P.A. Bolzano,533050,414671,77.79,0.46
2651,2021-01-22,PAB,248,143,105,124,124,ITH,ITH1,4,Provincia Autonoma Bolzano / Bozen,P.A. Bolzano,533050,414919,77.84,0.05
2652,2021-03-03,ABR,4633,1891,2742,3727,906,ITF,ITF1,13,Abruzzo,Abruzzo,1304970,4633,0.36,0.36
2653,2021-04-08,ABR,7394,3336,4058,5065,2329,ITF,ITF1,13,Abruzzo,Abruzzo,1304970,12027,0.92,0.57
2654,2021-04-22,ABR,6729,3249,3480,4999,1730,ITF,ITF1,13,Abruzzo,Abruzzo,1304970,18756,1.44,0.52
2655,2021-03-22,ABR,4344,1908,2436,2373,1971,ITF,ITF1,13,Abruzzo,Abruzzo,1304970,23100,1.77,0.33
2656,2021-02-10,ABR,947,312,635,503,444,ITF,ITF1,13,Abruzzo,Abruzzo,1304970,24047,1.84,0.07
2657,2021-02-03,ABR,2062,717,1345,419,1643,ITF,ITF1,13,Abruzzo,Abruzzo,1304970,26109,2.0,0.16
2658,2021-02-22,ABR,2642,1173,1469,2612,30,ITF,ITF1,13,Abruzzo,Abruzzo,1304970,28751,2.2,0.2
2659,2021-02-05,ABR,1534,521,1013,788,746,ITF,ITF1,13,Abruzzo,Abruzzo,1304970,30285,2.32,0.12
2660,2021-05-16,ABR,9577,4138,5439,5764,3813,ITF,ITF1,13,Abruzzo,Abruzzo,1304970,39862,3.05,0.73
2661,2021-06-04,ABR,15595,7370,8225,10907,4688,ITF,ITF1,13,Abruzzo,Abruzzo,1304970,55457,4.25,1.2
2662,2021-05-18,ABR,12113,5660,6453,7731,4382,ITF,ITF1,13,Abruzzo,Abruzzo,1304970,67570,5.18,0.93
2663,2021-02-24,ABR,3305,1441,1864,3129,176,ITF,ITF1,13,Abruzzo,Abruzzo,1304970,70875,5.43,0.25
2664,2021-05-04,ABR,10748,5049,5699,7132,3616,ITF,ITF1,13,Abruzzo,Abruzzo,1304970,81623,6.25,0.82
2665,2021-03-08,ABR,5147,1693,3454,4177,970,ITF,ITF1,13,Abruzzo,Abruzzo,1304970,86770,6.65,0.39
2666,2021-01-24,ABR,50,22,28,6,44,ITF,ITF1,13,Abruzzo,Abruzzo,1304970,86820,6.65,0.0
2667,2021-03-01,ABR,3478,1385,2093,2727,751,ITF,ITF1,13,Abruzzo,Abruzzo,1304970,90298,6.92,0.27
2668,2021-06-18,ABR,10117,4976,5141,6653,3464,ITF,ITF1,13,Abruzzo,Abruzzo,1304970,100415,7.69,0.78
2669,2021-05-30,ABR,8611,4094,4517,5397,3214,ITF,ITF1,13,Abruzzo,Abruzzo,1304970,109026,8.35,0.66
2670,2021-04-03,ABR,5160,2257,2903,3563,1597,ITF,ITF1,13,Abruzzo,Abruzzo,1304970,114186,8.75,0.4
2671,2021-02-12,ABR,1229,568,661,1039,190,ITF,ITF1,13,Abruzzo,Abruzzo,1304970,115415,8.84,0.09
2672,2021-05-23,ABR,9881,4696,5185,7189,2692,ITF,ITF1,13,Abruzzo,Abruzzo,1304970,125296,9.6,0.76
2673,2021-06-06,ABR,11022,5255,5767,8832,2190,ITF,ITF1,13,Abruzzo,Abruzzo,1304970,136318,10.45,0.84
2674,2021-04-10,ABR,8773,4057,4716,6265,2508,ITF,ITF1,13,Abruzzo,Abruzzo,1304970,145091,11.12,0.67
2675,2020-12-27,ABR,37,19,18,37,0,ITF,ITF1,13,Abruzzo,Abruzzo,1304970,145128,11.12,0.0
2676,2021-03-20,ABR,4791,2198,2593,2620,2171,ITF,ITF1,13,Abruzzo,Abruzzo,1304970,149919,11.49,0.37
2677,2021-06-13,ABR,9691,4859,4832,7857,1834,ITF,ITF1,13,Abruzzo,Abruzzo,1304970,159610,12.23,0.74
2678,2021-01-29,ABR,1387,449,938,74,1313,ITF,ITF1,13,Abruzzo,Abruzzo,1304970,160997,12.34,0.11
2679,2021-01-10,ABR,1139,409,730,1139,0,ITF,ITF1,13,Abruzzo,Abruzzo,1304970,162136,12.42,0.09
2680,2021-04-29,ABR,12671,5850,6821,9576,3095,ITF,ITF1,13,Abruzzo,Abruzzo,1304970,174807,13.4,0.97
2681,2021-06-25,ABR,3222,1612,1610,1646,1576,ITF,ITF1,13,Abruzzo,Abruzzo,1304970,178029,13.64,0.25
2682,2021-01-15,ABR,379,149,230,379,0,ITF,ITF1,13,Abruzzo,Abruzzo,1304970,178408,13.67,0.03
2683,2021-04-27,ABR,9083,4368,4715,6616,2467,ITF,ITF1,13,Abruzzo,Abruzzo,1304970,187491,14.37,0.7
2684,2021-03-15,ABR,3684,1448,2236,1876,1808,ITF,ITF1,13,Abruzzo,Abruzzo,1304970,191175,14.65,0.28
2685,2021-01-17,ABR,188,59,129,181,7,ITF,ITF1,13,Abruzzo,Abruzzo,1304970,191363,14.66,0.01
2686,2021-02-28,ABR,1702,508,1194,1700,2,ITF,ITF1,13,Abruzzo,Abruzzo,1304970,193065,14.79,0.13
2687,2021-01-02,ABR,552,220,332,552,0,ITF,ITF1,13,Abruzzo,Abruzzo,1304970,193617,14.84,0.04
2688,2021-06-08,ABR,12639,6497,6142,10442,2197,ITF,ITF1,13,Abruzzo,Abruzzo,1304970,206256,15.81,0.97
2689,2021-04-26,ABR,8561,4065,4496,7347,1214,ITF,ITF1,13,Abruzzo,Abruzzo,1304970,214817,16.46,0.66
2690,2021-06-01,ABR,10995,4880,6115,6629,4366,ITF,ITF1,13,Abruzzo,Abruzzo,1304970,225812,17.3,0.84
2691,2021-04-19,ABR,6227,2858,3369,3855,2372,ITF,ITF1,13,Abruzzo,Abruzzo,1304970,232039,17.78,0.48
2692,2021-02-21,ABR,1218,550,668,1217,1,ITF,ITF1,13,Abruzzo,Abruzzo,1304970,233257,17.87,0.09
2693,2021-06-15,ABR,11104,5475,5629,8686,2418,ITF,ITF1,13,Abruzzo,Abruzzo,1304970,244361,18.73,0.85
2694,2021-02-02,ABR,1763,668,1095,222,1541,ITF,ITF1,13,Abruzzo,Abruzzo,1304970,246124,18.86,0.14
2695,2021-05-13,ABR,11147,5042,6105,7188,3959,ITF,ITF1,13,Abruzzo,Abruzzo,1304970,257271,19.71,0.85
2696,2021-03-31,ABR,6712,2938,3774,4643,2069,ITF,ITF1,13,Abruzzo,Abruzzo,1304970,263983,20.23,0.51
2697,2021-05-15,ABR,11438,5180,6258,6128,5310,ITF,ITF1,13,Abruzzo,Abruzzo,1304970,275421,21.11,0.88
2698,2021-02-17,ABR,2071,948,1123,1789,282,ITF,ITF1,13,Abruzzo,Abruzzo,1304970,277492,21.26,0.16
2699,2021-06-11,ABR,11544,5752,5792,8796,2748,ITF,ITF1,13,Abruzzo,Abruzzo,1304970,289036,22.15,0.88
2700,2021-05-11,ABR,10754,5114,5640,5909,4845,ITF,ITF1,13,Abruzzo,Abruzzo,1304970,299790,22.97,0.82
2701,2021-04-05,ABR,2694,1147,1547,1814,880,ITF,ITF1,13,Abruzzo,Abruzzo,1304970,302484,23.18,0.21
2702,2021-04-17,ABR,7347,3398,3949,4294,3053,ITF,ITF1,13,Abruzzo,Abruzzo,1304970,309831,23.74,0.56
2703,2021-02-19,ABR,3300,1551,1749,3200,100,ITF,ITF1,13,Abruzzo,Abruzzo,1304970,313131,24.0,0.25
2704,2021-01-07,ABR,1604,553,1051,1604,0,ITF,ITF1,13,Abruzzo,Abruzzo,1304970,314735,24.12,0.12
2705,2021-01-19,ABR,111,55,56,91,20,ITF,ITF1,13,Abruzzo,Abruzzo,1304970,314846,24.13,0.01
2706,2021-02-07,ABR,778,307,471,201,577,ITF,ITF1,13,Abruzzo,Abruzzo,1304970,315624,24.19,0.06
2707,2021-01-21,ABR,157,47,110,157,0,ITF,ITF1,13,Abruzzo,Abruzzo,1304970,315781,24.2,0.01
2708,2021-05-01,ABR,10734,5042,5692,5760,4974,ITF,ITF1,13,Abruzzo,Abruzzo,1304970,326515,25.02,0.82
2709,2021-05-20,ABR,12744,5900,6844,7487,5257,ITF,ITF1,13,Abruzzo,Abruzzo,1304970,339259,26.0,0.98
2710,2021-05-27,ABR,13204,6037,7167,8382,4822,ITF,ITF1,13,Abruzzo,Abruzzo,1304970,352463,27.01,1.01
2711,2021-03-19,ABR,5794,2584,3210,2774,3020,ITF,ITF1,13,Abruzzo,Abruzzo,1304970,358257,27.45,0.44
2712,2021-03-05,ABR,5349,1958,3391,4652,697,ITF,ITF1,13,Abruzzo,Abruzzo,1304970,363606,27.86,0.41
2713,2021-04-07,ABR,7221,3333,3888,4437,2784,ITF,ITF1,13,Abruzzo,Abruzzo,1304970,370827,28.42,0.55
2714,2021-06-23,ABR,10823,5206,5617,5532,5291,ITF,ITF1,13,Abruzzo,Abruzzo,1304970,381650,29.25,0.83
2715,2021-03-17,ABR,4539,1873,2666,2799,1740,ITF,ITF1,13,Abruzzo,Abruzzo,1304970,386189,29.59,0.35
2716,2021-03-24,ABR,6386,2786,3600,4135,2251,ITF,ITF1,13,Abruzzo,Abruzzo,1304970,392575,30.08,0.49
2717,2021-02-09,ABR,909,312,597,500,409,ITF,ITF1,13,Abruzzo,Abruzzo,1304970,393484,30.15,0.07
2718,2021-04-12,ABR,6206,2943,3263,5032,1174,ITF,ITF1,13,Abruzzo,Abruzzo,1304970,399690,30.63,0.48
2719,2021-01-16,ABR,933,430,503,933,0,ITF,ITF1,13,Abruzzo,Abruzzo,1304970,400623,30.7,0.07
2720,2021-03-07,ABR,2523,630,1893,2523,0,ITF,ITF1,13,Abruzzo,Abruzzo,1304970,403146,30.89,0.19
2721,2021-01-09,ABR,1484,566,918,1484,0,ITF,ITF1,13,Abruzzo,Abruzzo,1304970,404630,31.01,0.11
2722,2021-03-10,ABR,5046,1682,3364,4090,956,ITF,ITF1,13,Abruzzo,Abruzzo,1304970,409676,31.39,0.39
2723,2021-01-26,ABR,1542,567,975,30,1512,ITF,ITF1,13,Abruzzo,Abruzzo,1304970,411218,31.51,0.12
2724,2021-05-06,ABR,13006,6088,6918,7980,5026,ITF,ITF1,13,Abruzzo,Abruzzo,1304970,424224,32.51,1.0
2725,2021-04-09,ABR,8883,4203,4680,6344,2539,ITF,ITF1,13,Abruzzo,Abruzzo,1304970,433107,33.19,0.68
2726,2021-04-02,ABR,6696,3102,3594,5207,1489,ITF,ITF1,13,Abruzzo,Abruzzo,1304970,439803,33.7,0.51
2727,2021-01-22,ABR,118,57,61,118,0,ITF,ITF1,13,Abruzzo,Abruzzo,1304970,439921,33.71,0.01
2728,2021-01-03,ABR,471,185,286,471,0,ITF,ITF1,13,Abruzzo,Abruzzo,1304970,440392,33.75,0.04
2729,2021-03-27,ABR,6121,2620,3501,3635,2486,ITF,ITF1,13,Abruzzo,Abruzzo,1304970,446513,34.22,0.47
2730,2021-01-05,ABR,1615,604,1011,1615,0,ITF,ITF1,13,Abruzzo,Abruzzo,1304970,448128,34.34,0.12
2731,2021-04-15,ABR,7819,3679,4140,5979,1840,ITF,ITF1,13,Abruzzo,Abruzzo,1304970,455947,34.94,0.6
2732,2021-01-12,ABR,1805,667,1138,1805,0,ITF,ITF1,13,Abruzzo,Abruzzo,1304970,457752,35.08,0.14
2733,2021-05-25,ABR,11420,5324,6096,8283,3137,ITF,ITF1,13,Abruzzo,Abruzzo,1304970,469172,35.95,0.88
2734,2021-01-31,ABR,1521,493,1028,288,1233,ITF,ITF1,13,Abruzzo,Abruzzo,1304970,470693,36.07,0.12
2735,2021-05-10,ABR,10099,4779,5320,5451,4648,ITF,ITF1,13,Abruzzo,Abruzzo,1304970,480792,36.84,0.77
2736,2021-04-23,ABR,7382,3388,3994,5080,2302,ITF,ITF1,13,Abruzzo,Abruzzo,1304970,488174,37.41,0.57
2737,2021-01-30,ABR,1511,568,943,69,1442,ITF,ITF1,13,Abruzzo,Abruzzo,1304970,489685,37.52,0.12
2738,2021-02-26,ABR,3923,1679,2244,2955,968,ITF,ITF1,13,Abruzzo,Abruzzo,1304970,493608,37.83,0.3
2739,2021-01-18,ABR,125,51,74,46,79,ITF,ITF1,13,Abruzzo,Abruzzo,1304970,493733,37.83,0.01
2740,2021-06-24,ABR,10729,5337,5392,5690,5039,ITF,ITF1,13,Abruzzo,Abruzzo,1304970,504462,38.66,0.82
2741,2021-04-28,ABR,9513,4587,4926,7490,2023,ITF,ITF1,13,Abruzzo,Abruzzo,1304970,513975,39.39,0.73
2742,2021-05-12,ABR,9630,4600,5030,6050,3580,ITF,ITF1,13,Abruzzo,Abruzzo,1304970,523605,40.12,0.74
2743,2021-03-16,ABR,3485,1452,2033,1831,1654,ITF,ITF1,13,Abruzzo,Abruzzo,1304970,527090,40.39,0.27
2744,2021-05-05,ABR,11654,5585,6069,6449,5205,ITF,ITF1,13,Abruzzo,Abruzzo,1304970,538744,41.28,0.89
2745,2021-03-09,ABR,5176,1804,3372,4238,938,ITF,ITF1,13,Abruzzo,Abruzzo,1304970,543920,41.68,0.4
2746,2021-06-17,ABR,10745,5381,5364,7302,3443,ITF,ITF1,13,Abruzzo,Abruzzo,1304970,554665,42.5,0.82
2747,2021-02-11,ABR,816,262,554,773,43,ITF,ITF1,13,Abruzzo,Abruzzo,1304970,555481,42.57,0.06
2748,2021-05-24,ABR,12264,5855,6409,8913,3351,ITF,ITF1,13,Abruzzo,Abruzzo,1304970,567745,43.51,0.94
2749,2021-02-04,ABR,1681,615,1066,610,1071,ITF,ITF1,13,Abruzzo,Abruzzo,1304970,569426,43.64,0.13
2750,2021-04-04,ABR,1631,767,864,1502,129,ITF,ITF1,13,Abruzzo,Abruzzo,1304970,571057,43.76,0.12
2751,2021-06-16,ABR,10709,5357,5352,8046,2663,ITF,ITF1,13,Abruzzo,Abruzzo,1304970,581766,44.58,0.82
2752,2021-06-19,ABR,10309,5079,5230,6481,3828,ITF,ITF1,13,Abruzzo,Abruzzo,1304970,592075,45.37,0.79
2753,2021-03-28,ABR,2415,1015,1400,2044,371,ITF,ITF1,13,Abruzzo,Abruzzo,1304970,594490,45.56,0.19
2754,2021-04-14,ABR,6593,2948,3645,4475,2118,ITF,ITF1,13,Abruzzo,Abruzzo,1304970,601083,46.06,0.51
2755,2021-01-04,ABR,1403,576,827,1403,0,ITF,ITF1,13,Abruzzo,Abruzzo,1304970,602486,46.17,0.11
2756,2021-01-23,ABR,264,115,149,57,207,ITF,ITF1,13,Abruzzo,Abruzzo,1304970,602750,46.19,0.02
2757,2021-05-03,ABR,11094,5229,5865,7257,3837,ITF,ITF1,13,Abruzzo,Abruzzo,1304970,613844,47.04,0.85
2758,2021-04-16,ABR,7536,3487,4049,5619,1917,ITF,ITF1,13,Abruzzo,Abruzzo,1304970,621380,47.62,0.58
2759,2021-03-11,ABR,5494,2220,3274,4356,1138,ITF,ITF1,13,Abruzzo,Abruzzo,1304970,626874,48.04,0.42
2760,2021-06-02,ABR,9707,4707,5000,6895,2812,ITF,ITF1,13,Abruzzo,Abruzzo,1304970,636581,48.78,0.74
2761,2021-03-13,ABR,4125,1420,2705,3082,1043,ITF,ITF1,13,Abruzzo,Abruzzo,1304970,640706,49.1,0.32
2762,2021-02-27,ABR,2812,1338,1474,2546,266,ITF,ITF1,13,Abruzzo,Abruzzo,1304970,643518,49.31,0.22
2763,2021-06-07,ABR,10992,5241,5751,9176,1816,ITF,ITF1,13,Abruzzo,Abruzzo,1304970,654510,50.16,0.84
2764,2021-04-11,ABR,5330,2606,2724,4847,483,ITF,ITF1,13,Abruzzo,Abruzzo,1304970,659840,50.56,0.41
2765,2021-06-09,ABR,11361,5992,5369,9683,1678,ITF,ITF1,13,Abruzzo,Abruzzo,1304970,671201,51.43,0.87
2766,2021-03-06,ABR,4177,1358,2819,3607,570,ITF,ITF1,13,Abruzzo,Abruzzo,1304970,675378,51.75,0.32
2767,2021-05-07,ABR,12193,5706,6487,7775,4418,ITF,ITF1,13,Abruzzo,Abruzzo,1304970,687571,52.69,0.93
2768,2021-03-25,ABR,5796,2665,3131,3180,2616,ITF,ITF1,13,Abruzzo,Abruzzo,1304970,693367,53.13,0.44
2769,2021-01-27,ABR,1364,515,849,39,1325,ITF,ITF1,13,Abruzzo,Abruzzo,1304970,694731,53.24,0.1
2770,2021-06-22,ABR,10244,4802,5442,5401,4843,ITF,ITF1,13,Abruzzo,Abruzzo,1304970,704975,54.02,0.78
2771,2021-03-29,ABR,5709,2600,3109,3070,2639,ITF,ITF1,13,Abruzzo,Abruzzo,1304970,710684,54.46,0.44
2772,2021-06-03,ABR,13182,6283,6899,9409,3773,ITF,ITF1,13,Abruzzo,Abruzzo,1304970,723866,55.47,1.01
2773,2021-03-12,ABR,6017,1987,4030,4435,1582,ITF,ITF1,13,Abruzzo,Abruzzo,1304970,729883,55.93,0.46
2774,2021-06-20,ABR,8317,4179,4138,5390,2927,ITF,ITF1,13,Abruzzo,Abruzzo,1304970,738200,56.57,0.64
2775,2021-03-14,ABR,1873,731,1142,1207,666,ITF,ITF1,13,Abruzzo,Abruzzo,1304970,740073,56.71,0.14
2776,2021-02-25,ABR,3051,1339,1712,2523,528,ITF,ITF1,13,Abruzzo,Abruzzo,1304970,743124,56.95,0.23
2777,2021-06-05,ABR,14579,6841,7738,10530,4049,ITF,ITF1,13,Abruzzo,Abruzzo,1304970,757703,58.06,1.12
2778,2021-06-21,ABR,10928,5334,5594,4958,5970,ITF,ITF1,13,Abruzzo,Abruzzo,1304970,768631,58.9,0.84
2779,2021-03-30,ABR,5128,2262,2866,3306,1822,ITF,ITF1,13,Abruzzo,Abruzzo,1304970,773759,59.29,0.39
2780,2021-01-06,ABR,1831,664,1167,1831,0,ITF,ITF1,13,Abruzzo,Abruzzo,1304970,775590,59.43,0.14
2781,2021-02-01,ABR,1632,573,1059,271,1361,ITF,ITF1,13,Abruzzo,Abruzzo,1304970,777222,59.56,0.13
2782,2021-03-23,ABR,4832,2187,2645,2266,2566,ITF,ITF1,13,Abruzzo,Abruzzo,1304970,782054,59.93,0.37
2783,2021-01-25,ABR,1604,632,972,17,1587,ITF,ITF1,13,Abruzzo,Abruzzo,1304970,783658,60.05,0.12
2784,2021-05-21,ABR,13017,6326,6691,8036,4981,ITF,ITF1,13,Abruzzo,Abruzzo,1304970,796675,61.05,1.0
2785,2021-03-18,ABR,3896,1651,2245,2065,1831,ITF,ITF1,13,Abruzzo,Abruzzo,1304970,800571,61.35,0.3
2786,2021-05-14,ABR,10594,5069,5525,5445,5149,ITF,ITF1,13,Abruzzo,Abruzzo,1304970,811165,62.16,0.81
2787,2021-04-01,ABR,5593,2505,3088,3506,2087,ITF,ITF1,13,Abruzzo,Abruzzo,1304970,816758,62.59,0.43
2788,2021-02-18,ABR,2288,933,1355,2158,130,ITF,ITF1,13,Abruzzo,Abruzzo,1304970,819046,62.76,0.18
2789,2021-05-29,ABR,10317,4429,5888,4544,5773,ITF,ITF1,13,Abruzzo,Abruzzo,1304970,829363,63.55,0.79
2790,2021-05-22,ABR,13093,6363,6730,8198,4895,ITF,ITF1,13,Abruzzo,Abruzzo,1304970,842456,64.56,1.0
2791,2021-03-26,ABR,5354,2311,3043,3279,2075,ITF,ITF1,13,Abruzzo,Abruzzo,1304970,847810,64.97,0.41
2792,2021-05-31,ABR,11298,5103,6195,6954,4344,ITF,ITF1,13,Abruzzo,Abruzzo,1304970,859108,65.83,0.87
2793,2021-04-20,ABR,5596,2692,2904,4178,1418,ITF,ITF1,13,Abruzzo,Abruzzo,1304970,864704,66.26,0.43
2794,2021-04-25,ABR,9066,4621,4445,8256,810,ITF,ITF1,13,Abruzzo,Abruzzo,1304970,873770,66.96,0.69
2795,2021-05-17,ABR,11033,5037,5996,6179,4854,ITF,ITF1,13,Abruzzo,Abruzzo,1304970,884803,67.8,0.85
2796,2021-02-23,ABR,2781,1274,1507,2770,11,ITF,ITF1,13,Abruzzo,Abruzzo,1304970,887584,68.02,0.21
2797,2021-02-06,ABR,1610,743,867,602,1008,ITF,ITF1,13,Abruzzo,Abruzzo,1304970,889194,68.14,0.12
2798,2021-02-08,ABR,1194,395,799,486,708,ITF,ITF1,13,Abruzzo,Abruzzo,1304970,890388,68.23,0.09
2799,2021-05-19,ABR,10693,5111,5582,7654,3039,ITF,ITF1,13,Abruzzo,Abruzzo,1304970,901081,69.05,0.82
2800,2021-03-21,ABR,2134,914,1220,844,1290,ITF,ITF1,13,Abruzzo,Abruzzo,1304970,903215,69.21,0.16
2801,2021-06-12,ABR,11243,5816,5427,9892,1351,ITF,ITF1,13,Abruzzo,Abruzzo,1304970,914458,70.08,0.86
2802,2021-01-13,ABR,1257,441,816,1257,0,ITF,ITF1,13,Abruzzo,Abruzzo,1304970,915715,70.17,0.1
2803,2021-02-13,ABR,854,385,469,438,416,ITF,ITF1,13,Abruzzo,Abruzzo,1304970,916569,70.24,0.07
2804,2021-03-04,ABR,5937,2360,3577,5015,922,ITF,ITF1,13,Abruzzo,Abruzzo,1304970,922506,70.69,0.45
2805,2021-05-28,ABR,13988,6294,7694,7637,6351,ITF,ITF1,13,Abruzzo,Abruzzo,1304970,936494,71.76,1.07
2806,2021-01-08,ABR,1525,507,1018,1525,0,ITF,ITF1,13,Abruzzo,Abruzzo,1304970,938019,71.88,0.12
2807,2021-04-18,ABR,5814,2728,3086,4871,943,ITF,ITF1,13,Abruzzo,Abruzzo,1304970,943833,72.33,0.45
2808,2021-02-20,ABR,4775,1842,2933,4699,76,ITF,ITF1,13,Abruzzo,Abruzzo,1304970,948608,72.69,0.37
2809,2021-04-30,ABR,12413,5819,6594,6697,5716,ITF,ITF1,13,Abruzzo,Abruzzo,1304970,961021,73.64,0.95
2810,2021-04-13,ABR,5855,2739,3116,4655,1200,ITF,ITF1,13,Abruzzo,Abruzzo,1304970,966876,74.09,0.45
2811,2021-01-20,ABR,447,156,291,445,2,ITF,ITF1,13,Abruzzo,Abruzzo,1304970,967323,74.13,0.03
2812,2021-05-02,ABR,10456,5109,5347,5228,5228,ITF,ITF1,13,Abruzzo,Abruzzo,1304970,977779,74.93,0.8
2813,2021-05-08,ABR,10292,4871,5421,6460,3832,ITF,ITF1,13,Abruzzo,Abruzzo,1304970,988071,75.72,0.79
2814,2021-04-24,ABR,8724,3975,4749,7195,1529,ITF,ITF1,13,Abruzzo,Abruzzo,1304970,996795,76.38,0.67
2815,2021-01-14,ABR,530,189,341,530,0,ITF,ITF1,13,Abruzzo,Abruzzo,1304970,997325,76.43,0.04
2816,2021-02-16,ABR,1917,842,1075,1905,12,ITF,ITF1,13,Abruzzo,Abruzzo,1304970,999242,76.57,0.15
2817,2021-03-02,ABR,3962,1675,2287,3278,684,ITF,ITF1,13,Abruzzo,Abruzzo,1304970,1003204,76.88,0.3
2818,2021-06-10,ABR,12499,6221,6278,10338,2161,ITF,ITF1,13,Abruzzo,Abruzzo,1304970,1015703,77.83,0.96
2819,2021-01-28,ABR,1433,495,938,12,1421,ITF,ITF1,13,Abruzzo,Abruzzo,1304970,1017136,77.94,0.11
2820,2021-01-11,ABR,1553,557,996,1553,0,ITF,ITF1,13,Abruzzo,Abruzzo,1304970,1018689,78.06,0.12
2821,2021-04-21,ABR,6388,3100,3288,4714,1674,ITF,ITF1,13,Abruzzo,Abruzzo,1304970,1025077,78.55,0.49
2822,2021-04-06,ABR,7678,3579,4099,5360,2318,ITF,ITF1,13,Abruzzo,Abruzzo,1304970,1032755,79.14,0.59
2823,2021-05-09,ABR,9153,4088,5065,4283,4870,ITF,ITF1,13,Abruzzo,Abruzzo,1304970,1041908,79.84,0.7
2824,2021-02-15,ABR,1794,831,963,1752,42,ITF,ITF1,13,Abruzzo,Abruzzo,1304970,1043702,79.98,0.14
2825,2021-05-26,ABR,13545,6037,7508,8550,4995,ITF,ITF1,13,Abruzzo,Abruzzo,1304970,1057247,81.02,1.04
2826,2021-06-14,ABR,10857,5370,5487,7490,3367,ITF,ITF1,13,Abruzzo,Abruzzo,1304970,1068104,81.85,0.83
2827,2021-05-24,CAM,31318,15115,16203,16202,15116,ITF,ITF3,15,Campania,Campania,5801692,31318,0.54,0.54
2828,2021-02-13,CAM,5508,2550,2958,5291,217,ITF,ITF3,15,Campania,Campania,5801692,36826,0.63,0.09
2829,2021-04-23,CAM,32312,15515,16797,23165,9147,ITF,ITF3,15,Campania,Campania,5801692,69138,1.19,0.56
2830,2021-01-30,CAM,10722,5080,5642,38,10684,ITF,ITF3,15,Campania,Campania,5801692,79860,1.38,0.18
2831,2021-01-16,CAM,3370,1676,1694,3370,0,ITF,ITF3,15,Campania,Campania,5801692,83230,1.43,0.06
2832,2021-01-23,CAM,3839,2029,1810,273,3566,ITF,ITF3,15,Campania,Campania,5801692,87069,1.5,0.07
2833,2021-03-21,CAM,10070,4674,5396,7680,2390,ITF,ITF3,15,Campania,Campania,5801692,97139,1.67,0.17
2834,2021-02-10,CAM,6905,3413,3492,6728,177,ITF,ITF3,15,Campania,Campania,5801692,104044,1.79,0.12
2835,2021-04-11,CAM,17523,8606,8917,15441,2082,ITF,ITF3,15,Campania,Campania,5801692,121567,2.1,0.3
2836,2021-04-28,CAM,36441,17644,18797,26689,9752,ITF,ITF3,15,Campania,Campania,5801692,158008,2.72,0.63
2837,2021-01-18,CAM,958,399,559,714,244,ITF,ITF3,15,Campania,Campania,5801692,158966,2.74,0.02
2838,2021-05-17,CAM,49297,21658,27639,24099,25198,ITF,ITF3,15,Campania,Campania,5801692,208263,3.59,0.85
2839,2021-02-06,CAM,5340,2665,2675,2102,3238,ITF,ITF3,15,Campania,Campania,5801692,213603,3.68,0.09
2840,2021-02-11,CAM,6279,2704,3575,6213,66,ITF,ITF3,15,Campania,Campania,5801692,219882,3.79,0.11
2841,2021-04-16,CAM,34317,16559,17758,23652,10665,ITF,ITF3,15,Campania,Campania,5801692,254199,4.38,0.59
2842,2021-01-06,CAM,7652,3749,3903,7652,0,ITF,ITF3,15,Campania,Campania,5801692,261851,4.51,0.13
2843,2021-06-24,CAM,64487,30970,33517,12642,51845,ITF,ITF3,15,Campania,Campania,5801692,326338,5.62,1.11
2844,2021-03-16,CAM,8086,3519,4567,3772,4314,ITF,ITF3,15,Campania,Campania,5801692,334424,5.76,0.14
2845,2021-01-25,CAM,5746,2927,2819,163,5583,ITF,ITF3,15,Campania,Campania,5801692,340170,5.86,0.1
2846,2021-03-23,CAM,15740,7443,8297,13227,2513,ITF,ITF3,15,Campania,Campania,5801692,355910,6.13,0.27
2847,2021-05-19,CAM,51099,22555,28544,34535,16564,ITF,ITF3,15,Campania,Campania,5801692,407009,7.02,0.88
2848,2021-05-05,CAM,51168,24855,26313,44786,6382,ITF,ITF3,15,Campania,Campania,5801692,458177,7.9,0.88
2849,2021-03-02,CAM,12761,4558,8203,8416,4345,ITF,ITF3,15,Campania,Campania,5801692,470938,8.12,0.22
2850,2021-01-11,CAM,4070,1871,2199,4070,0,ITF,ITF3,15,Campania,Campania,5801692,475008,8.19,0.07
2851,2021-06-07,CAM,55691,26764,28927,51690,4001,ITF,ITF3,15,Campania,Campania,5801692,530699,9.15,0.96
2852,2021-02-25,CAM,12425,4478,7947,11237,1188,ITF,ITF3,15,Campania,Campania,5801692,543124,9.36,0.21
2853,2021-04-09,CAM,30038,14147,15891,23909,6129,ITF,ITF3,15,Campania,Campania,5801692,573162,9.88,0.52
2854,2021-06-05,CAM,77026,37283,39743,71005,6021,ITF,ITF3,15,Campania,Campania,5801692,650188,11.21,1.33
2855,2021-06-14,CAM,36687,17713,18974,18713,17974,ITF,ITF3,15,Campania,Campania,5801692,686875,11.84,0.63
2856,2021-04-08,CAM,28380,13740,14640,22538,5842,ITF,ITF3,15,Campania,Campania,5801692,715255,12.33,0.49
2857,2021-06-04,CAM,74194,35636,38558,65154,9040,ITF,ITF3,15,Campania,Campania,5801692,789449,13.61,1.28
2858,2021-05-21,CAM,63659,29565,34094,43175,20484,ITF,ITF3,15,Campania,Campania,5801692,853108,14.7,1.1
2859,2021-04-01,CAM,24679,12010,12669,20546,4133,ITF,ITF3,15,Campania,Campania,5801692,877787,15.13,0.43
2860,2021-05-28,CAM,72967,35247,37720,26888,46079,ITF,ITF3,15,Campania,Campania,5801692,950754,16.39,1.26
2861,2021-05-14,CAM,61000,27566,33434,36328,24672,ITF,ITF3,15,Campania,Campania,5801692,1011754,17.44,1.05
2862,2021-02-18,CAM,9080,3813,5267,8373,707,ITF,ITF3,15,Campania,Campania,5801692,1020834,17.6,0.16
2863,2021-04-25,CAM,30730,15170,15560,25337,5393,ITF,ITF3,15,Campania,Campania,5801692,1051564,18.13,0.53
2864,2021-01-13,CAM,8020,3666,4354,8020,0,ITF,ITF3,15,Campania,Campania,5801692,1059584,18.26,0.14
2865,2021-04-18,CAM,27218,13283,13935,18318,8900,ITF,ITF3,15,Campania,Campania,5801692,1086802,18.73,0.47
2866,2021-01-08,CAM,10454,4967,5487,10454,0,ITF,ITF3,15,Campania,Campania,5801692,1097256,18.91,0.18
2867,2021-04-04,CAM,7965,4017,3948,6919,1046,ITF,ITF3,15,Campania,Campania,5801692,1105221,19.05,0.14
2868,2021-06-12,CAM,60384,29656,30728,53179,7205,ITF,ITF3,15,Campania,Campania,5801692,1165605,20.09,1.04
2869,2021-03-04,CAM,14706,5395,9311,8812,5894,ITF,ITF3,15,Campania,Campania,5801692,1180311,20.34,0.25
2870,2021-05-07,CAM,59756,29198,30558,43810,15946,ITF,ITF3,15,Campania,Campania,5801692,1240067,21.37,1.03
2871,2021-01-27,CAM,7738,3820,3918,162,7576,ITF,ITF3,15,Campania,Campania,5801692,1247805,21.51,0.13
2872,2021-05-12,CAM,40879,19946,20933,31728,9151,ITF,ITF3,15,Campania,Campania,5801692,1288684,22.21,0.7
2873,2021-02-08,CAM,5113,2449,2664,4310,803,ITF,ITF3,15,Campania,Campania,5801692,1293797,22.3,0.09
2874,2021-04-30,CAM,42292,20173,22119,25821,16471,ITF,ITF3,15,Campania,Campania,5801692,1336089,23.03,0.73
2875,2021-02-04,CAM,7943,3429,4514,1308,6635,ITF,ITF3,15,Campania,Campania,5801692,1344032,23.17,0.14
2876,2021-01-01,CAM,919,506,413,919,0,ITF,ITF3,15,Campania,Campania,5801692,1344951,23.18,0.02
2877,2021-03-25,CAM,20320,9653,10667,16817,3503,ITF,ITF3,15,Campania,Campania,5801692,1365271,23.53,0.35
2878,2021-01-20,CAM,1257,650,607,1257,0,ITF,ITF3,15,Campania,Campania,5801692,1366528,23.55,0.02
2879,2021-05-26,CAM,52610,25781,26829,21549,31061,ITF,ITF3,15,Campania,Campania,5801692,1419138,24.46,0.91
2880,2021-04-06,CAM,24514,11564,12950,19990,4524,ITF,ITF3,15,Campania,Campania,5801692,1443652,24.88,0.42
2881,2020-12-27,CAM,720,422,298,720,0,ITF,ITF3,15,Campania,Campania,5801692,1444372,24.9,0.01
2882,2021-04-20,CAM,32032,15498,16534,20722,11310,ITF,ITF3,15,Campania,Campania,5801692,1476404,25.45,0.55
2883,2021-03-20,CAM,13985,6525,7460,10246,3739,ITF,ITF3,15,Campania,Campania,5801692,1490389,25.69,0.24
2884,2021-02-27,CAM,13948,4473,9475,12306,1642,ITF,ITF3,15,Campania,Campania,5801692,1504337,25.93,0.24
2885,2021-06-16,CAM,30378,14359,16019,19638,10740,ITF,ITF3,15,Campania,Campania,5801692,1534715,26.45,0.52
2886,2021-05-02,CAM,43493,21540,21953,32138,11355,ITF,ITF3,15,Campania,Campania,5801692,1578208,27.2,0.75
2887,2021-01-22,CAM,1525,776,749,673,852,ITF,ITF3,15,Campania,Campania,5801692,1579733,27.23,0.03
2888,2021-03-06,CAM,16371,6814,9557,10702,5669,ITF,ITF3,15,Campania,Campania,5801692,1596104,27.51,0.28
2889,2021-02-24,CAM,11784,4149,7635,11096,688,ITF,ITF3,15,Campania,Campania,5801692,1607888,27.71,0.2
2890,2021-01-05,CAM,7237,3637,3600,7237,0,ITF,ITF3,15,Campania,Campania,5801692,1615125,27.84,0.12
2891,2021-02-17,CAM,7389,3211,4178,6329,1060,ITF,ITF3,15,Campania,Campania,5801692,1622514,27.97,0.13
2892,2021-04-15,CAM,34342,16663,17679,24442,9900,ITF,ITF3,15,Campania,Campania,5801692,1656856,28.56,0.59
2893,2021-04-27,CAM,32157,15624,16533,24237,7920,ITF,ITF3,15,Campania,Campania,5801692,1689013,29.11,0.55
2894,2021-06-23,CAM,45974,21700,24274,10211,35763,ITF,ITF3,15,Campania,Campania,5801692,1734987,29.9,0.79
2895,2021-01-15,CAM,4980,2381,2599,4980,0,ITF,ITF3,15,Campania,Campania,5801692,1739967,29.99,0.09
2896,2021-06-21,CAM,45756,22096,23660,10610,35146,ITF,ITF3,15,Campania,Campania,5801692,1785723,30.78,0.79
2897,2021-03-13,CAM,14517,7038,7479,9235,5282,ITF,ITF3,15,Campania,Campania,5801692,1800240,31.03,0.25
2898,2021-03-22,CAM,13180,6343,6837,11140,2040,ITF,ITF3,15,Campania,Campania,5801692,1813420,31.26,0.23
2899,2021-02-07,CAM,2929,1382,1547,2158,771,ITF,ITF3,15,Campania,Campania,5801692,1816349,31.31,0.05
2900,2021-03-28,CAM,15554,7504,8050,13929,1625,ITF,ITF3,15,Campania,Campania,5801692,1831903,31.58,0.27
2901,2021-01-04,CAM,5826,2963,2863,5826,0,ITF,ITF3,15,Campania,Campania,5801692,1837729,31.68,0.1
2902,2021-06-19,CAM,61073,29060,32013,23392,37681,ITF,ITF3,15,Campania,Campania,5801692,1898802,32.73,1.05
2903,2021-03-09,CAM,14124,6870,7254,10339,3785,ITF,ITF3,15,Campania,Campania,5801692,1912926,32.97,0.24
2904,2021-05-31,CAM,40657,20601,20056,30389,10268,ITF,ITF3,15,Campania,Campania,5801692,1953583,33.67,0.7
2905,2021-03-18,CAM,12175,5380,6795,5986,6189,ITF,ITF3,15,Campania,Campania,5801692,1965758,33.88,0.21
2906,2021-04-05,CAM,11638,5542,6096,9215,2423,ITF,ITF3,15,Campania,Campania,5801692,1977396,34.08,0.2
2907,2021-03-17,CAM,11590,5100,6490,5009,6581,ITF,ITF3,15,Campania,Campania,5801692,1988986,34.28,0.2
2908,2021-06-11,CAM,67767,32851,34916,61755,6012,ITF,ITF3,15,Campania,Campania,5801692,2056753,35.45,1.17
2909,2021-03-03,CAM,13923,5496,8427,7293,6630,ITF,ITF3,15,Campania,Campania,5801692,2070676,35.69,0.24
2910,2021-02-01,CAM,3984,1813,2171,110,3874,ITF,ITF3,15,Campania,Campania,5801692,2074660,35.76,0.07
2911,2021-03-30,CAM,22047,10572,11475,19089,2958,ITF,ITF3,15,Campania,Campania,5801692,2096707,36.14,0.38
2912,2021-04-17,CAM,36182,17510,18672,24672,11510,ITF,ITF3,15,Campania,Campania,5801692,2132889,36.76,0.62
2913,2021-06-13,CAM,41843,20395,21448,37119,4724,ITF,ITF3,15,Campania,Campania,5801692,2174732,37.48,0.72
2914,2021-05-30,CAM,52153,25442,26711,38841,13312,ITF,ITF3,15,Campania,Campania,5801692,2226885,38.38,0.9
2915,2021-02-19,CAM,9570,3559,6011,8920,650,ITF,ITF3,15,Campania,Campania,5801692,2236455,38.55,0.16
2916,2020-12-31,CAM,1490,811,679,1490,0,ITF,ITF3,15,Campania,Campania,5801692,2237945,38.57,0.03
2917,2021-06-06,CAM,62319,30977,31342,61672,647,ITF,ITF3,15,Campania,Campania,5801692,2300264,39.65,1.07
2918,2021-02-26,CAM,13336,4228,9108,12001,1335,ITF,ITF3,15,Campania,Campania,5801692,2313600,39.88,0.23
2919,2021-04-24,CAM,36358,17525,18833,25111,11247,ITF,ITF3,15,Campania,Campania,5801692,2349958,40.5,0.63
2920,2021-04-10,CAM,28351,13492,14859,23438,4913,ITF,ITF3,15,Campania,Campania,5801692,2378309,40.99,0.49
2921,2021-03-08,CAM,14685,6846,7839,9910,4775,ITF,ITF3,15,Campania,Campania,5801692,2392994,41.25,0.25
2922,2021-05-04,CAM,48476,23344,25132,39577,8899,ITF,ITF3,15,Campania,Campania,5801692,2441470,42.08,0.84
2923,2021-01-24,CAM,4122,2119,2003,377,3745,ITF,ITF3,15,Campania,Campania,5801692,2445592,42.15,0.07
2924,2021-05-13,CAM,55444,24826,30618,39442,16002,ITF,ITF3,15,Campania,Campania,5801692,2501036,43.11,0.96
2925,2021-01-17,CAM,1155,551,604,702,453,ITF,ITF3,15,Campania,Campania,5801692,2502191,43.13,0.02
2926,2021-03-15,CAM,13337,6485,6852,8592,4745,ITF,ITF3,15,Campania,Campania,5801692,2515528,43.36,0.23
2927,2021-05-27,CAM,72866,35307,37559,26370,46496,ITF,ITF3,15,Campania,Campania,5801692,2588394,44.61,1.26
2928,2021-02-16,CAM,5439,2411,3028,4668,771,ITF,ITF3,15,Campania,Campania,5801692,2593833,44.71,0.09
2929,2021-04-13,CAM,26603,12681,13922,21071,5532,ITF,ITF3,15,Campania,Campania,5801692,2620436,45.17,0.46
2930,2021-01-03,CAM,3836,2009,1827,3836,0,ITF,ITF3,15,Campania,Campania,5801692,2624272,45.23,0.07
2931,2021-03-29,CAM,19399,9573,9826,17853,1546,ITF,ITF3,15,Campania,Campania,5801692,2643671,45.57,0.33
2932,2021-06-20,CAM,46811,22352,24459,13829,32982,ITF,ITF3,15,Campania,Campania,5801692,2690482,46.37,0.81
2933,2021-03-27,CAM,21510,10242,11268,17645,3865,ITF,ITF3,15,Campania,Campania,5801692,2711992,46.74,0.37
2934,2021-06-01,CAM,41906,20792,21114,31478,10428,ITF,ITF3,15,Campania,Campania,5801692,2753898,47.47,0.72
2935,2021-06-18,CAM,63707,30281,33426,33443,30264,ITF,ITF3,15,Campania,Campania,5801692,2817605,48.57,1.1
2936,2021-03-10,CAM,15610,7719,7891,8775,6835,ITF,ITF3,15,Campania,Campania,5801692,2833215,48.83,0.27
2937,2021-05-15,CAM,62627,29033,33594,43940,18687,ITF,ITF3,15,Campania,Campania,5801692,2895842,49.91,1.08
2938,2021-05-22,CAM,67890,32472,35418,46450,21440,ITF,ITF3,15,Campania,Campania,5801692,2963732,51.08,1.17
2939,2021-03-24,CAM,17920,8368,9552,14963,2957,ITF,ITF3,15,Campania,Campania,5801692,2981652,51.39,0.31
2940,2021-05-20,CAM,60721,28070,32651,43171,17550,ITF,ITF3,15,Campania,Campania,5801692,3042373,52.44,1.05
2941,2021-02-09,CAM,4643,2202,2441,4391,252,ITF,ITF3,15,Campania,Campania,5801692,3047016,52.52,0.08
2942,2021-05-29,CAM,67795,32250,35545,43939,23856,ITF,ITF3,15,Campania,Campania,5801692,3114811,53.69,1.17
2943,2021-06-22,CAM,51241,24399,26842,12320,38921,ITF,ITF3,15,Campania,Campania,5801692,3166052,54.57,0.88
2944,2021-03-14,CAM,8618,3827,4791,4478,4140,ITF,ITF3,15,Campania,Campania,5801692,3174670,54.72,0.15
2945,2021-05-10,CAM,35461,16386,19075,25540,9921,ITF,ITF3,15,Campania,Campania,5801692,3210131,55.33,0.61
2946,2021-06-08,CAM,51471,25037,26434,44485,6986,ITF,ITF3,15,Campania,Campania,5801692,3261602,56.22,0.89
2947,2021-06-02,CAM,42739,20107,22632,38109,4630,ITF,ITF3,15,Campania,Campania,5801692,3304341,56.95,0.74
2948,2021-02-22,CAM,10681,3294,7387,10418,263,ITF,ITF3,15,Campania,Campania,5801692,3315022,57.14,0.18
2949,2021-03-11,CAM,17998,9057,8941,10719,7279,ITF,ITF3,15,Campania,Campania,5801692,3333020,57.45,0.31
2950,2021-05-16,CAM,51145,23225,27920,33573,17572,ITF,ITF3,15,Campania,Campania,5801692,3384165,58.33,0.88
2951,2021-02-20,CAM,8573,3080,5493,8270,303,ITF,ITF3,15,Campania,Campania,5801692,3392738,58.48,0.15
2952,2021-02-03,CAM,8903,4003,4900,878,8025,ITF,ITF3,15,Campania,Campania,5801692,3401641,58.63,0.15
2953,2021-05-18,CAM,52136,23197,28939,32516,19620,ITF,ITF3,15,Campania,Campania,5801692,3453777,59.53,0.9
2954,2021-02-05,CAM,7260,3463,3797,2132,5128,ITF,ITF3,15,Campania,Campania,5801692,3461037,59.66,0.13
2955,2021-04-29,CAM,41326,20035,21291,24847,16479,ITF,ITF3,15,Campania,Campania,5801692,3502363,60.37,0.71
2956,2021-01-19,CAM,1095,474,621,1092,3,ITF,ITF3,15,Campania,Campania,5801692,3503458,60.39,0.02
2957,2021-03-12,CAM,14573,7409,7164,8490,6083,ITF,ITF3,15,Campania,Campania,5801692,3518031,60.64,0.25
2958,2021-06-03,CAM,72491,35135,37356,61876,10615,ITF,ITF3,15,Campania,Campania,5801692,3590522,61.89,1.25
2959,2021-02-23,CAM,11003,3388,7615,10477,526,ITF,ITF3,15,Campania,Campania,5801692,3601525,62.08,0.19
2960,2021-02-21,CAM,5836,2241,3595,5611,225,ITF,ITF3,15,Campania,Campania,5801692,3607361,62.18,0.1
2961,2021-01-07,CAM,8911,4167,4744,8911,0,ITF,ITF3,15,Campania,Campania,5801692,3616272,62.33,0.15
2962,2021-03-05,CAM,16810,6663,10147,10147,6663,ITF,ITF3,15,Campania,Campania,5801692,3633082,62.62,0.29
2963,2021-01-14,CAM,7074,2978,4096,7074,0,ITF,ITF3,15,Campania,Campania,5801692,3640156,62.74,0.12
2964,2021-04-26,CAM,34030,16647,17383,28408,5622,ITF,ITF3,15,Campania,Campania,5801692,3674186,63.33,0.59
2965,2021-03-07,CAM,11973,5404,6569,8130,3843,ITF,ITF3,15,Campania,Campania,5801692,3686159,63.54,0.21
2966,2021-05-03,CAM,40766,19892,20874,28912,11854,ITF,ITF3,15,Campania,Campania,5801692,3726925,64.24,0.7
2967,2021-06-15,CAM,18063,8793,9270,10677,7386,ITF,ITF3,15,Campania,Campania,5801692,3744988,64.55,0.31
2968,2021-01-31,CAM,8068,3711,4357,23,8045,ITF,ITF3,15,Campania,Campania,5801692,3753056,64.69,0.14
2969,2021-05-11,CAM,39847,19234,20613,30464,9383,ITF,ITF3,15,Campania,Campania,5801692,3792903,65.38,0.69
2970,2021-02-02,CAM,5724,2805,2919,444,5280,ITF,ITF3,15,Campania,Campania,5801692,3798627,65.47,0.1
2971,2021-01-21,CAM,2092,1115,977,676,1416,ITF,ITF3,15,Campania,Campania,5801692,3800719,65.51,0.04
2972,2021-04-14,CAM,27643,13335,14308,19074,8569,ITF,ITF3,15,Campania,Campania,5801692,3828362,65.99,0.48
2973,2021-05-01,CAM,46337,22660,23677,30234,16103,ITF,ITF3,15,Campania,Campania,5801692,3874699,66.79,0.8
2974,2021-06-25,CAM,24097,11607,12490,3642,20455,ITF,ITF3,15,Campania,Campania,5801692,3898796,67.2,0.42
2975,2021-05-25,CAM,46432,22318,24114,23064,23368,ITF,ITF3,15,Campania,Campania,5801692,3945228,68.0,0.8
2976,2021-04-22,CAM,33950,16536,17414,21546,12404,ITF,ITF3,15,Campania,Campania,5801692,3979178,68.59,0.59
2977,2021-01-12,CAM,5215,2564,2651,5215,0,ITF,ITF3,15,Campania,Campania,5801692,3984393,68.68,0.09
2978,2021-05-06,CAM,57281,27909,29372,42830,14451,ITF,ITF3,15,Campania,Campania,5801692,4041674,69.66,0.99
2979,2021-02-28,CAM,10411,3206,7205,8511,1900,ITF,ITF3,15,Campania,Campania,5801692,4052085,69.84,0.18
2980,2021-02-14,CAM,3928,1923,2005,3894,34,ITF,ITF3,15,Campania,Campania,5801692,4056013,69.91,0.07
2981,2021-01-26,CAM,7340,3726,3614,351,6989,ITF,ITF3,15,Campania,Campania,5801692,4063353,70.04,0.13
2982,2021-04-19,CAM,30769,14829,15940,19199,11570,ITF,ITF3,15,Campania,Campania,5801692,4094122,70.57,0.53
2983,2021-01-09,CAM,10567,5024,5543,10567,0,ITF,ITF3,15,Campania,Campania,5801692,4104689,70.75,0.18
2984,2021-03-31,CAM,23182,11369,11813,19743,3439,ITF,ITF3,15,Campania,Campania,5801692,4127871,71.15,0.4
2985,2021-04-07,CAM,24970,11984,12986,20245,4725,ITF,ITF3,15,Campania,Campania,5801692,4152841,71.58,0.43
2986,2021-04-02,CAM,21849,10516,11333,19527,2322,ITF,ITF3,15,Campania,Campania,5801692,4174690,71.96,0.38
2987,2021-04-12,CAM,23302,10918,12384,20267,3035,ITF,ITF3,15,Campania,Campania,5801692,4197992,72.36,0.4
2988,2021-01-02,CAM,3672,1962,1710,3672,0,ITF,ITF3,15,Campania,Campania,5801692,4201664,72.42,0.06
2989,2021-06-17,CAM,57538,27562,29976,30795,26743,ITF,ITF3,15,Campania,Campania,5801692,4259202,73.41,0.99
2990,2021-03-26,CAM,19858,9317,10541,16043,3815,ITF,ITF3,15,Campania,Campania,5801692,4279060,73.76,0.34
2991,2021-02-15,CAM,5471,2516,2955,5297,174,ITF,ITF3,15,Campania,Campania,5801692,4284531,73.85,0.09
2992,2021-06-09,CAM,52397,25729,26668,41514,10883,ITF,ITF3,15,Campania,Campania,5801692,4336928,74.75,0.9
2993,2021-03-01,CAM,12130,4247,7883,8017,4113,ITF,ITF3,15,Campania,Campania,5801692,4349058,74.96,0.21
2994,2021-05-09,CAM,43196,20284,22912,32101,11095,ITF,ITF3,15,Campania,Campania,5801692,4392254,75.71,0.74
2995,2021-01-10,CAM,8165,3736,4429,8165,0,ITF,ITF3,15,Campania,Campania,5801692,4400419,75.85,0.14
2996,2021-04-03,CAM,21115,10315,10800,18734,2381,ITF,ITF3,15,Campania,Campania,5801692,4421534,76.21,0.36
2997,2021-05-23,CAM,58737,28634,30103,37842,20895,ITF,ITF3,15,Campania,Campania,5801692,4480271,77.22,1.01
2998,2021-02-12,CAM,6531,2861,3670,6343,188,ITF,ITF3,15,Campania,Campania,5801692,4486802,77.34,0.11
2999,2021-01-29,CAM,10052,4812,5240,47,10005,ITF,ITF3,15,Campania,Campania,5801692,4496854,77.51,0.17
3000,2021-03-19,CAM,11143,4974,6169,7271,3872,ITF,ITF3,15,Campania,Campania,5801692,4507997,77.7,0.19
3001,2021-06-10,CAM,73333,35379,37954,66315,7018,ITF,ITF3,15,Campania,Campania,5801692,4581330,78.97,1.26
3002,2021-05-08,CAM,56420,27132,29288,40591,15829,ITF,ITF3,15,Campania,Campania,5801692,4637750,79.94,0.97
3003,2021-01-28,CAM,8832,4121,4711,134,8698,ITF,ITF3,15,Campania,Campania,5801692,4646582,80.09,0.15
3004,2021-04-21,CAM,30225,14723,15502,17999,12226,ITF,ITF3,15,Campania,Campania,5801692,4676807,80.61,0.52
3005,2021-02-25,SIC,9866,5155,4711,8703,1163,ITG,ITG1,19,Sicilia,Sicilia,4999891,9866,0.2,0.2
3006,2021-06-05,SIC,59908,28495,31413,49333,10575,ITG,ITG1,19,Sicilia,Sicilia,4999891,69774,1.4,1.2
3007,2021-03-14,SIC,8773,3927,4846,4937,3836,ITG,ITG1,19,Sicilia,Sicilia,4999891,78547,1.57,0.18
3008,2021-02-11,SIC,5236,2060,3176,4773,463,ITG,ITG1,19,Sicilia,Sicilia,4999891,83783,1.68,0.1
3009,2021-06-19,SIC,43730,20775,22955,18596,25134,ITG,ITG1,19,Sicilia,Sicilia,4999891,127513,2.55,0.87
3010,2021-04-23,SIC,28584,13702,14882,22770,5814,ITG,ITG1,19,Sicilia,Sicilia,4999891,156097,3.12,0.57
3011,2021-04-30,SIC,34959,16326,18633,23959,11000,ITG,ITG1,19,Sicilia,Sicilia,4999891,191056,3.82,0.7
3012,2021-03-04,SIC,15074,6570,8504,10955,4119,ITG,ITG1,19,Sicilia,Sicilia,4999891,206130,4.12,0.3
3013,2021-06-12,SIC,44498,21746,22752,38633,5865,ITG,ITG1,19,Sicilia,Sicilia,4999891,250628,5.01,0.89
3014,2021-05-31,SIC,37883,17043,20840,21570,16313,ITG,ITG1,19,Sicilia,Sicilia,4999891,288511,5.77,0.76
3015,2021-02-13,SIC,2976,1122,1854,2721,255,ITG,ITG1,19,Sicilia,Sicilia,4999891,291487,5.83,0.06
3016,2021-05-24,SIC,35679,17295,18384,15701,19978,ITG,ITG1,19,Sicilia,Sicilia,4999891,327166,6.54,0.71
3017,2021-05-17,SIC,31897,15377,16520,19229,12668,ITG,ITG1,19,Sicilia,Sicilia,4999891,359063,7.18,0.64
3018,2021-03-21,SIC,15217,7340,7877,11248,3969,ITG,ITG1,19,Sicilia,Sicilia,4999891,374280,7.49,0.3
3019,2021-02-06,SIC,4693,2093,2600,1466,3227,ITG,ITG1,19,Sicilia,Sicilia,4999891,378973,7.58,0.09
3020,2021-03-02,SIC,14665,6304,8361,11892,2773,ITG,ITG1,19,Sicilia,Sicilia,4999891,393638,7.87,0.29
3021,2021-01-04,SIC,8250,4119,4131,8250,0,ITG,ITG1,19,Sicilia,Sicilia,4999891,401888,8.04,0.17
3022,2021-01-18,SIC,1447,586,861,1295,152,ITG,ITG1,19,Sicilia,Sicilia,4999891,403335,8.07,0.03
3023,2021-04-28,SIC,29210,13699,15511,20130,9080,ITG,ITG1,19,Sicilia,Sicilia,4999891,432545,8.65,0.58
3024,2021-02-23,SIC,8685,4590,4095,8219,466,ITG,ITG1,19,Sicilia,Sicilia,4999891,441230,8.82,0.17
3025,2021-03-09,SIC,13081,5702,7379,10882,2199,ITG,ITG1,19,Sicilia,Sicilia,4999891,454311,9.09,0.26
3026,2021-01-11,SIC,5805,2558,3247,5805,0,ITG,ITG1,19,Sicilia,Sicilia,4999891,460116,9.2,0.12
3027,2021-06-24,SIC,41386,19149,22237,17130,24256,ITG,ITG1,19,Sicilia,Sicilia,4999891,501502,10.03,0.83
3028,2021-06-07,SIC,49510,23355,26155,41617,7893,ITG,ITG1,19,Sicilia,Sicilia,4999891,551012,11.02,0.99
3029,2021-01-25,SIC,7418,3675,3743,295,7123,ITG,ITG1,19,Sicilia,Sicilia,4999891,558430,11.17,0.15
3030,2021-05-05,SIC,26289,12194,14095,16672,9617,ITG,ITG1,19,Sicilia,Sicilia,4999891,584719,11.69,0.53
3031,2021-05-19,SIC,42657,20650,22007,28318,14339,ITG,ITG1,19,Sicilia,Sicilia,4999891,627376,12.55,0.85
3032,2021-01-30,SIC,7688,3534,4154,168,7520,ITG,ITG1,19,Sicilia,Sicilia,4999891,635064,12.7,0.15
3033,2021-03-28,SIC,10945,5139,5806,6934,4011,ITG,ITG1,19,Sicilia,Sicilia,4999891,646009,12.92,0.22
3034,2021-04-04,SIC,6810,3323,3487,5518,1292,ITG,ITG1,19,Sicilia,Sicilia,4999891,652819,13.06,0.14
3035,2021-05-07,SIC,36550,17257,19293,24937,11613,ITG,ITG1,19,Sicilia,Sicilia,4999891,689369,13.79,0.73
3036,2021-03-11,SIC,15338,6620,8718,12968,2370,ITG,ITG1,19,Sicilia,Sicilia,4999891,704707,14.09,0.31
3037,2021-01-27,SIC,7283,3710,3573,178,7105,ITG,ITG1,19,Sicilia,Sicilia,4999891,711990,14.24,0.15
3038,2021-01-13,SIC,5175,2437,2738,5175,0,ITG,ITG1,19,Sicilia,Sicilia,4999891,717165,14.34,0.1
3039,2021-01-20,SIC,952,506,446,691,261,ITG,ITG1,19,Sicilia,Sicilia,4999891,718117,14.36,0.02
3040,2021-03-18,SIC,15284,7664,7620,9788,5496,ITG,ITG1,19,Sicilia,Sicilia,4999891,733401,14.67,0.31
3041,2021-02-04,SIC,6693,3044,3649,1452,5241,ITG,ITG1,19,Sicilia,Sicilia,4999891,740094,14.8,0.13
3042,2021-01-01,SIC,817,437,380,817,0,ITG,ITG1,19,Sicilia,Sicilia,4999891,740911,14.82,0.02
3043,2021-04-20,SIC,18999,8980,10019,13756,5243,ITG,ITG1,19,Sicilia,Sicilia,4999891,759910,15.2,0.38
3044,2021-04-16,SIC,28548,14330,14218,20280,8268,ITG,ITG1,19,Sicilia,Sicilia,4999891,788458,15.77,0.57
3045,2021-01-23,SIC,4429,2278,2151,207,4222,ITG,ITG1,19,Sicilia,Sicilia,4999891,792887,15.86,0.09
3046,2021-01-06,SIC,6237,3282,2955,6237,0,ITG,ITG1,19,Sicilia,Sicilia,4999891,799124,15.98,0.12
3047,2021-04-02,SIC,13874,6540,7334,9141,4733,ITG,ITG1,19,Sicilia,Sicilia,4999891,812998,16.26,0.28
3048,2021-02-10,SIC,4356,1778,2578,3973,383,ITG,ITG1,19,Sicilia,Sicilia,4999891,817354,16.35,0.09
3049,2021-05-21,SIC,45797,21607,24190,24372,21425,ITG,ITG1,19,Sicilia,Sicilia,4999891,863151,17.26,0.92
3050,2021-04-01,SIC,14232,6609,7623,9568,4664,ITG,ITG1,19,Sicilia,Sicilia,4999891,877383,17.55,0.28
3051,2021-05-16,SIC,33135,16137,16998,21814,11321,ITG,ITG1,19,Sicilia,Sicilia,4999891,910518,18.21,0.66
3052,2021-05-02,SIC,24601,11427,13174,18000,6601,ITG,ITG1,19,Sicilia,Sicilia,4999891,935119,18.7,0.49
3053,2021-03-20,SIC,18574,8967,9607,13436,5138,ITG,ITG1,19,Sicilia,Sicilia,4999891,953693,19.07,0.37
3054,2021-02-18,SIC,5277,3100,2177,4847,430,ITG,ITG1,19,Sicilia,Sicilia,4999891,958970,19.18,0.11
3055,2021-05-12,SIC,36725,17300,19425,21863,14862,ITG,ITG1,19,Sicilia,Sicilia,4999891,995695,19.91,0.73
3056,2021-04-08,SIC,16680,8239,8441,8216,8464,ITG,ITG1,19,Sicilia,Sicilia,4999891,1012375,20.25,0.33
3057,2021-02-20,SIC,7139,3692,3447,6897,242,ITG,ITG1,19,Sicilia,Sicilia,4999891,1019514,20.39,0.14
3058,2021-02-03,SIC,5921,2780,3141,722,5199,ITG,ITG1,19,Sicilia,Sicilia,4999891,1025435,20.51,0.12
3059,2021-04-27,SIC,26279,12650,13629,15531,10748,ITG,ITG1,19,Sicilia,Sicilia,4999891,1051714,21.03,0.53
3060,2021-03-16,SIC,9558,4277,5281,3623,5935,ITG,ITG1,19,Sicilia,Sicilia,4999891,1061272,21.23,0.19
3061,2021-02-27,SIC,12236,5501,6735,11032,1204,ITG,ITG1,19,Sicilia,Sicilia,4999891,1073508,21.47,0.24
3062,2021-02-08,SIC,3882,1678,2204,2129,1753,ITG,ITG1,19,Sicilia,Sicilia,4999891,1077390,21.55,0.08
3063,2021-01-22,SIC,1274,636,638,262,1012,ITG,ITG1,19,Sicilia,Sicilia,4999891,1078664,21.57,0.03
3064,2021-01-08,SIC,8107,3778,4329,8107,0,ITG,ITG1,19,Sicilia,Sicilia,4999891,1086771,21.74,0.16
3065,2021-04-18,SIC,19706,9848,9858,15345,4361,ITG,ITG1,19,Sicilia,Sicilia,4999891,1106477,22.13,0.39
3066,2021-06-04,SIC,57596,26632,30964,45794,11802,ITG,ITG1,19,Sicilia,Sicilia,4999891,1164073,23.28,1.15
3067,2021-04-06,SIC,17738,8475,9263,13453,4285,ITG,ITG1,19,Sicilia,Sicilia,4999891,1181811,23.64,0.35
3068,2021-02-22,SIC,7889,4092,3797,7398,491,ITG,ITG1,19,Sicilia,Sicilia,4999891,1189700,23.79,0.16
3069,2020-12-27,SIC,92,55,37,92,0,ITG,ITG1,19,Sicilia,Sicilia,4999891,1189792,23.8,0.0
3070,2021-06-02,SIC,35246,16287,18959,27475,7771,ITG,ITG1,19,Sicilia,Sicilia,4999891,1225038,24.5,0.7
3071,2021-02-07,SIC,2323,982,1341,674,1649,ITG,ITG1,19,Sicilia,Sicilia,4999891,1227361,24.55,0.05
3072,2021-05-18,SIC,36092,17361,18731,23566,12526,ITG,ITG1,19,Sicilia,Sicilia,4999891,1263453,25.27,0.72
3073,2021-05-25,SIC,33381,15299,18082,14096,19285,ITG,ITG1,19,Sicilia,Sicilia,4999891,1296834,25.94,0.67
3074,2021-03-29,SIC,14988,7059,7929,10491,4497,ITG,ITG1,19,Sicilia,Sicilia,4999891,1311822,26.24,0.3
3075,2021-02-15,SIC,3730,1733,1997,3166,564,ITG,ITG1,19,Sicilia,Sicilia,4999891,1315552,26.31,0.07
3076,2021-05-26,SIC,44508,20855,23653,24076,20432,ITG,ITG1,19,Sicilia,Sicilia,4999891,1360060,27.2,0.89
3077,2021-01-03,SIC,4777,2495,2282,4777,0,ITG,ITG1,19,Sicilia,Sicilia,4999891,1364837,27.3,0.1
3078,2021-04-13,SIC,19655,9581,10074,10904,8751,ITG,ITG1,19,Sicilia,Sicilia,4999891,1384492,27.69,0.39
3079,2021-01-10,SIC,3533,1578,1955,3533,0,ITG,ITG1,19,Sicilia,Sicilia,4999891,1388025,27.76,0.07
3080,2021-04-11,SIC,15362,7590,7772,8332,7030,ITG,ITG1,19,Sicilia,Sicilia,4999891,1403387,28.07,0.31
3081,2020-12-30,SIC,184,109,75,184,0,ITG,ITG1,19,Sicilia,Sicilia,4999891,1403571,28.07,0.0
3082,2021-01-16,SIC,2577,1150,1427,2577,0,ITG,ITG1,19,Sicilia,Sicilia,4999891,1406148,28.12,0.05
3083,2021-04-09,SIC,20292,9879,10413,11217,9075,ITG,ITG1,19,Sicilia,Sicilia,4999891,1426440,28.53,0.41
3084,2021-03-23,SIC,20827,10005,10822,15314,5513,ITG,ITG1,19,Sicilia,Sicilia,4999891,1447267,28.95,0.42
3085,2020-12-28,SIC,212,126,86,212,0,ITG,ITG1,19,Sicilia,Sicilia,4999891,1447479,28.95,0.0
3086,2021-06-23,SIC,43764,20315,23449,17491,26273,ITG,ITG1,19,Sicilia,Sicilia,4999891,1491243,29.83,0.88
3087,2021-01-24,SIC,4317,2256,2061,136,4181,ITG,ITG1,19,Sicilia,Sicilia,4999891,1495560,29.91,0.09
3088,2021-05-04,SIC,26809,12470,14339,17531,9278,ITG,ITG1,19,Sicilia,Sicilia,4999891,1522369,30.45,0.54
3089,2021-06-21,SIC,39579,18320,21259,18183,21396,ITG,ITG1,19,Sicilia,Sicilia,4999891,1561948,31.24,0.79
3090,2021-05-09,SIC,28077,13137,14940,19808,8269,ITG,ITG1,19,Sicilia,Sicilia,4999891,1590025,31.8,0.56
3091,2021-02-05,SIC,6786,2992,3794,2128,4658,ITG,ITG1,19,Sicilia,Sicilia,4999891,1596811,31.94,0.14
3092,2021-04-03,SIC,16403,7809,8594,13567,2836,ITG,ITG1,19,Sicilia,Sicilia,4999891,1613214,32.26,0.33
3093,2021-03-27,SIC,15600,7353,8247,10748,4852,ITG,ITG1,19,Sicilia,Sicilia,4999891,1628814,32.58,0.31
3094,2021-01-29,SIC,9122,4229,4893,426,8696,ITG,ITG1,19,Sicilia,Sicilia,4999891,1637936,32.76,0.18
3095,2021-02-12,SIC,4586,1810,2776,4319,267,ITG,ITG1,19,Sicilia,Sicilia,4999891,1642522,32.85,0.09
3096,2021-05-23,SIC,34091,16595,17496,20072,14019,ITG,ITG1,19,Sicilia,Sicilia,4999891,1676613,33.53,0.68
3097,2021-06-10,SIC,51141,24016,27125,44052,7089,ITG,ITG1,19,Sicilia,Sicilia,4999891,1727754,34.56,1.02
3098,2021-03-01,SIC,12694,6014,6680,11039,1655,ITG,ITG1,19,Sicilia,Sicilia,4999891,1740448,34.81,0.25
3099,2021-06-09,SIC,49360,23488,25872,42243,7117,ITG,ITG1,19,Sicilia,Sicilia,4999891,1789808,35.8,0.99
3100,2021-01-19,SIC,1479,655,824,1257,222,ITG,ITG1,19,Sicilia,Sicilia,4999891,1791287,35.83,0.03
3101,2021-06-11,SIC,48299,23015,25284,40715,7584,ITG,ITG1,19,Sicilia,Sicilia,4999891,1839586,36.79,0.97
3102,2021-04-29,SIC,31702,14824,16878,22252,9450,ITG,ITG1,19,Sicilia,Sicilia,4999891,1871288,37.43,0.63
3103,2021-03-03,SIC,14419,6431,7988,11356,3063,ITG,ITG1,19,Sicilia,Sicilia,4999891,1885707,37.71,0.29
3104,2021-01-05,SIC,10310,5066,5244,10310,0,ITG,ITG1,19,Sicilia,Sicilia,4999891,1896017,37.92,0.21
3105,2021-04-15,SIC,21023,10247,10776,11729,9294,ITG,ITG1,19,Sicilia,Sicilia,4999891,1917040,38.34,0.42
3106,2021-06-20,SIC,32876,15558,17318,14906,17970,ITG,ITG1,19,Sicilia,Sicilia,4999891,1949916,39.0,0.66
3107,2021-04-22,SIC,26812,12653,14159,20354,6458,ITG,ITG1,19,Sicilia,Sicilia,4999891,1976728,39.54,0.54
3108,2021-03-10,SIC,13860,6059,7801,11677,2183,ITG,ITG1,19,Sicilia,Sicilia,4999891,1990588,39.81,0.28
3109,2021-01-12,SIC,4323,2119,2204,4323,0,ITG,ITG1,19,Sicilia,Sicilia,4999891,1994911,39.9,0.09
3110,2021-06-18,SIC,42948,19849,23099,18718,24230,ITG,ITG1,19,Sicilia,Sicilia,4999891,2037859,40.76,0.86
3111,2021-05-15,SIC,56478,26392,30086,41235,15243,ITG,ITG1,19,Sicilia,Sicilia,4999891,2094337,41.89,1.13
3112,2021-03-19,SIC,16215,7985,8230,10734,5481,ITG,ITG1,19,Sicilia,Sicilia,4999891,2110552,42.21,0.32
3113,2021-05-14,SIC,52060,24404,27656,36373,15687,ITG,ITG1,19,Sicilia,Sicilia,4999891,2162612,43.25,1.04
3114,2021-01-15,SIC,4984,2171,2813,4984,0,ITG,ITG1,19,Sicilia,Sicilia,4999891,2167596,43.35,0.1
3115,2021-04-25,SIC,21352,10183,11169,16376,4976,ITG,ITG1,19,Sicilia,Sicilia,4999891,2188948,43.78,0.43
3116,2021-02-01,SIC,5895,2618,3277,294,5601,ITG,ITG1,19,Sicilia,Sicilia,4999891,2194843,43.9,0.12
3117,2021-03-22,SIC,16573,7832,8741,11210,5363,ITG,ITG1,19,Sicilia,Sicilia,4999891,2211416,44.23,0.33
3118,2020-12-29,SIC,243,152,91,243,0,ITG,ITG1,19,Sicilia,Sicilia,4999891,2211659,44.23,0.0
3119,2021-06-13,SIC,33479,16637,16842,29994,3485,ITG,ITG1,19,Sicilia,Sicilia,4999891,2245138,44.9,0.67
3120,2021-04-10,SIC,20421,9969,10452,11458,8963,ITG,ITG1,19,Sicilia,Sicilia,4999891,2265559,45.31,0.41
3121,2021-01-17,SIC,1304,591,713,1245,59,ITG,ITG1,19,Sicilia,Sicilia,4999891,2266863,45.34,0.03
3122,2021-03-05,SIC,15665,6770,8895,11430,4235,ITG,ITG1,19,Sicilia,Sicilia,4999891,2282528,45.65,0.31
3123,2021-02-16,SIC,4199,2206,1993,3734,465,ITG,ITG1,19,Sicilia,Sicilia,4999891,2286727,45.74,0.08
3124,2021-03-12,SIC,12772,5490,7282,10777,1995,ITG,ITG1,19,Sicilia,Sicilia,4999891,2299499,45.99,0.26
3125,2021-06-01,SIC,38735,17629,21106,24969,13766,ITG,ITG1,19,Sicilia,Sicilia,4999891,2338234,46.77,0.77
3126,2021-04-05,SIC,8021,3958,4063,6581,1440,ITG,ITG1,19,Sicilia,Sicilia,4999891,2346255,46.93,0.16
3127,2021-04-12,SIC,18771,9121,9650,11520,7251,ITG,ITG1,19,Sicilia,Sicilia,4999891,2365026,47.3,0.38
3128,2021-02-14,SIC,1055,402,653,915,140,ITG,ITG1,19,Sicilia,Sicilia,4999891,2366081,47.32,0.02
3129,2021-06-16,SIC,39714,18467,21247,21063,18651,ITG,ITG1,19,Sicilia,Sicilia,4999891,2405795,48.12,0.79
3130,2021-03-25,SIC,20356,9461,10895,14891,5465,ITG,ITG1,19,Sicilia,Sicilia,4999891,2426151,48.52,0.41
3131,2021-03-06,SIC,12638,5058,7580,9856,2782,ITG,ITG1,19,Sicilia,Sicilia,4999891,2438789,48.78,0.25
3132,2021-06-14,SIC,42386,20155,22231,27634,14752,ITG,ITG1,19,Sicilia,Sicilia,4999891,2481175,49.62,0.85
3133,2021-05-28,SIC,51189,22948,28241,24716,26473,ITG,ITG1,19,Sicilia,Sicilia,4999891,2532364,50.65,1.02
3134,2021-02-19,SIC,4906,2647,2259,4343,563,ITG,ITG1,19,Sicilia,Sicilia,4999891,2537270,50.75,0.1
3135,2021-03-08,SIC,13395,5867,7528,10782,2613,ITG,ITG1,19,Sicilia,Sicilia,4999891,2550665,51.01,0.27
3136,2021-05-30,SIC,35767,16169,19598,17719,18048,ITG,ITG1,19,Sicilia,Sicilia,4999891,2586432,51.73,0.72
3137,2021-05-13,SIC,47236,22151,25085,30733,16503,ITG,ITG1,19,Sicilia,Sicilia,4999891,2633668,52.67,0.94
3138,2021-01-31,SIC,4038,1930,2108,112,3926,ITG,ITG1,19,Sicilia,Sicilia,4999891,2637706,52.76,0.08
3139,2021-06-17,SIC,41162,19177,21985,20167,20995,ITG,ITG1,19,Sicilia,Sicilia,4999891,2678868,53.58,0.82
3140,2020-12-31,SIC,887,473,414,887,0,ITG,ITG1,19,Sicilia,Sicilia,4999891,2679755,53.6,0.02
3141,2021-03-07,SIC,9259,3454,5805,8176,1083,ITG,ITG1,19,Sicilia,Sicilia,4999891,2689014,53.78,0.19
3142,2021-06-15,SIC,45094,21247,23847,27814,17280,ITG,ITG1,19,Sicilia,Sicilia,4999891,2734108,54.68,0.9
3143,2021-03-24,SIC,20875,9802,11073,15214,5661,ITG,ITG1,19,Sicilia,Sicilia,4999891,2754983,55.1,0.42
3144,2021-05-29,SIC,47145,21454,25691,23955,23190,ITG,ITG1,19,Sicilia,Sicilia,4999891,2802128,56.04,0.94
3145,2021-05-27,SIC,47442,21785,25657,24854,22588,ITG,ITG1,19,Sicilia,Sicilia,4999891,2849570,56.99,0.95
3146,2021-04-14,SIC,20112,9721,10391,11416,8696,ITG,ITG1,19,Sicilia,Sicilia,4999891,2869682,57.39,0.4
3147,2021-04-21,SIC,22376,10741,11635,16268,6108,ITG,ITG1,19,Sicilia,Sicilia,4999891,2892058,57.84,0.45
3148,2021-04-07,SIC,15463,7609,7854,8351,7112,ITG,ITG1,19,Sicilia,Sicilia,4999891,2907521,58.15,0.31
3149,2021-06-03,SIC,45764,20987,24777,34256,11508,ITG,ITG1,19,Sicilia,Sicilia,4999891,2953285,59.07,0.92
3150,2021-01-02,SIC,4843,2521,2322,4843,0,ITG,ITG1,19,Sicilia,Sicilia,4999891,2958128,59.16,0.1
3151,2021-02-21,SIC,5168,2501,2667,5062,106,ITG,ITG1,19,Sicilia,Sicilia,4999891,2963296,59.27,0.1
3152,2021-02-24,SIC,9306,4760,4546,8746,560,ITG,ITG1,19,Sicilia,Sicilia,4999891,2972602,59.45,0.19
3153,2021-01-21,SIC,1432,704,728,501,931,ITG,ITG1,19,Sicilia,Sicilia,4999891,2974034,59.48,0.03
3154,2021-05-01,SIC,24440,11311,13129,19276,5164,ITG,ITG1,19,Sicilia,Sicilia,4999891,2998474,59.97,0.49
3155,2021-05-11,SIC,32270,15355,16915,19796,12474,ITG,ITG1,19,Sicilia,Sicilia,4999891,3030744,60.62,0.65
3156,2021-02-17,SIC,5215,3203,2012,4547,668,ITG,ITG1,19,Sicilia,Sicilia,4999891,3035959,60.72,0.1
3157,2021-04-24,SIC,31126,14692,16434,23506,7620,ITG,ITG1,19,Sicilia,Sicilia,4999891,3067085,61.34,0.62
3158,2021-04-26,SIC,21718,10278,11440,13638,8080,ITG,ITG1,19,Sicilia,Sicilia,4999891,3088803,61.78,0.43
3159,2021-02-02,SIC,5271,2472,2799,628,4643,ITG,ITG1,19,Sicilia,Sicilia,4999891,3094074,61.88,0.11
3160,2021-03-15,SIC,10614,4686,5928,5722,4892,ITG,ITG1,19,Sicilia,Sicilia,4999891,3104688,62.1,0.21
3161,2021-06-22,SIC,39310,18073,21237,18135,21175,ITG,ITG1,19,Sicilia,Sicilia,4999891,3143998,62.88,0.79
3162,2021-05-22,SIC,47954,22778,25176,28645,19309,ITG,ITG1,19,Sicilia,Sicilia,4999891,3191952,63.84,0.96
3163,2021-02-28,SIC,7163,3062,4101,6533,630,ITG,ITG1,19,Sicilia,Sicilia,4999891,3199115,63.98,0.14
3164,2021-06-08,SIC,47469,22306,25163,40952,6517,ITG,ITG1,19,Sicilia,Sicilia,4999891,3246584,64.93,0.95
3165,2021-01-09,SIC,7175,3383,3792,7175,0,ITG,ITG1,19,Sicilia,Sicilia,4999891,3253759,65.08,0.14
3166,2021-05-03,SIC,23327,10798,12529,13540,9787,ITG,ITG1,19,Sicilia,Sicilia,4999891,3277086,65.54,0.47
3167,2021-04-19,SIC,18214,8623,9591,12635,5579,ITG,ITG1,19,Sicilia,Sicilia,4999891,3295300,65.91,0.36
3168,2021-05-10,SIC,28267,13583,14684,16157,12110,ITG,ITG1,19,Sicilia,Sicilia,4999891,3323567,66.47,0.57
3169,2021-03-26,SIC,17843,8286,9557,12413,5430,ITG,ITG1,19,Sicilia,Sicilia,4999891,3341410,66.83,0.36
3170,2021-01-28,SIC,9024,4270,4754,393,8631,ITG,ITG1,19,Sicilia,Sicilia,4999891,3350434,67.01,0.18
3171,2021-05-08,SIC,35597,17017,18580,25322,10275,ITG,ITG1,19,Sicilia,Sicilia,4999891,3386031,67.72,0.71
3172,2021-01-26,SIC,9244,4565,4679,253,8991,ITG,ITG1,19,Sicilia,Sicilia,4999891,3395275,67.91,0.18
3173,2021-01-14,SIC,5172,2437,2735,5172,0,ITG,ITG1,19,Sicilia,Sicilia,4999891,3400447,68.01,0.1
3174,2021-03-30,SIC,14512,6751,7761,9749,4763,ITG,ITG1,19,Sicilia,Sicilia,4999891,3414959,68.3,0.29
3175,2021-03-13,SIC,12208,5386,6822,7717,4491,ITG,ITG1,19,Sicilia,Sicilia,4999891,3427167,68.54,0.24
3176,2021-04-17,SIC,26016,13149,12867,18950,7066,ITG,ITG1,19,Sicilia,Sicilia,4999891,3453183,69.07,0.52
3177,2021-03-17,SIC,14984,7398,7586,9196,5788,ITG,ITG1,19,Sicilia,Sicilia,4999891,3468167,69.36,0.3
3178,2021-06-25,SIC,15772,7258,8514,5461,10311,ITG,ITG1,19,Sicilia,Sicilia,4999891,3483939,69.68,0.32
3179,2021-06-06,SIC,49503,23910,25593,41681,7822,ITG,ITG1,19,Sicilia,Sicilia,4999891,3533442,70.67,0.99
3180,2021-02-26,SIC,11882,5810,6072,10202,1680,ITG,ITG1,19,Sicilia,Sicilia,4999891,3545324,70.91,0.24
3181,2021-05-06,SIC,29308,13944,15364,18512,10796,ITG,ITG1,19,Sicilia,Sicilia,4999891,3574632,71.49,0.59
3182,2021-03-31,SIC,14451,6692,7759,9519,4932,ITG,ITG1,19,Sicilia,Sicilia,4999891,3589083,71.78,0.29
3183,2021-01-07,SIC,8916,4124,4792,8916,0,ITG,ITG1,19,Sicilia,Sicilia,4999891,3597999,71.96,0.18
3184,2021-02-09,SIC,4389,1824,2565,3315,1074,ITG,ITG1,19,Sicilia,Sicilia,4999891,3602388,72.05,0.09
3185,2021-05-20,SIC,43532,20846,22686,27631,15901,ITG,ITG1,19,Sicilia,Sicilia,4999891,3645920,72.92,0.87
3186,2021-03-28,PIE,16062,6901,9161,8440,7622,ITC,ITC1,1,Piemonte,Piemonte,4356406,16062,0.37,0.37
3187,2021-04-11,PIE,20827,9319,11508,18666,2161,ITC,ITC1,1,Piemonte,Piemonte,4356406,36889,0.85,0.48
3188,2021-01-04,PIE,5564,1679,3885,5564,0,ITC,ITC1,1,Piemonte,Piemonte,4356406,42453,0.97,0.13
3189,2021-04-28,PIE,26047,11739,14308,16013,10034,ITC,ITC1,1,Piemonte,Piemonte,4356406,68500,1.57,0.6
3190,2021-01-18,PIE,6167,2048,4119,5918,249,ITC,ITC1,1,Piemonte,Piemonte,4356406,74667,1.71,0.14
3191,2021-06-07,PIE,34837,17841,16996,30071,4766,ITC,ITC1,1,Piemonte,Piemonte,4356406,109504,2.51,0.8
3192,2020-12-28,PIE,1,1,0,1,0,ITC,ITC1,1,Piemonte,Piemonte,4356406,109505,2.51,0.0
3193,2021-05-02,PIE,25067,11267,13800,14322,10745,ITC,ITC1,1,Piemonte,Piemonte,4356406,134572,3.09,0.58
3194,2021-05-24,PIE,28970,13420,15550,17019,11951,ITC,ITC1,1,Piemonte,Piemonte,4356406,163542,3.75,0.66
3195,2021-03-02,PIE,11202,4506,6696,10386,816,ITC,ITC1,1,Piemonte,Piemonte,4356406,174744,4.01,0.26
3196,2021-06-12,PIE,42455,22375,20080,39838,2617,ITC,ITC1,1,Piemonte,Piemonte,4356406,217199,4.99,0.97
3197,2021-05-19,PIE,33122,15293,17829,22012,11110,ITC,ITC1,1,Piemonte,Piemonte,4356406,250321,5.75,0.76
3198,2021-03-14,PIE,8205,3336,4869,5308,2897,ITC,ITC1,1,Piemonte,Piemonte,4356406,258526,5.93,0.19
3199,2021-05-10,PIE,28935,13952,14983,15830,13105,ITC,ITC1,1,Piemonte,Piemonte,4356406,287461,6.6,0.66
3200,2021-01-30,PIE,5980,2136,3844,218,5762,ITC,ITC1,1,Piemonte,Piemonte,4356406,293441,6.74,0.14
3201,2021-06-24,PIE,38616,19302,19314,18699,19917,ITC,ITC1,1,Piemonte,Piemonte,4356406,332057,7.62,0.89
3202,2021-03-16,PIE,10523,4269,6254,4463,6060,ITC,ITC1,1,Piemonte,Piemonte,4356406,342580,7.86,0.24
3203,2021-05-12,PIE,31900,15197,16703,18997,12903,ITC,ITC1,1,Piemonte,Piemonte,4356406,374480,8.6,0.73
3204,2021-02-11,PIE,6764,2107,4657,3006,3758,ITC,ITC1,1,Piemonte,Piemonte,4356406,381244,8.75,0.16
3205,2021-04-09,PIE,25851,11388,14463,21343,4508,ITC,ITC1,1,Piemonte,Piemonte,4356406,407095,9.34,0.59
3206,2020-12-30,PIE,730,322,408,730,0,ITC,ITC1,1,Piemonte,Piemonte,4356406,407825,9.36,0.02
3207,2021-06-05,PIE,36912,18912,18000,32455,4457,ITC,ITC1,1,Piemonte,Piemonte,4356406,444737,10.21,0.85
3208,2021-02-25,PIE,12218,5252,6966,11671,547,ITC,ITC1,1,Piemonte,Piemonte,4356406,456955,10.49,0.28
3209,2021-04-02,PIE,20141,8302,11839,11714,8427,ITC,ITC1,1,Piemonte,Piemonte,4356406,477096,10.95,0.46
3210,2021-05-29,PIE,32781,15222,17559,20623,12158,ITC,ITC1,1,Piemonte,Piemonte,4356406,509877,11.7,0.75
3211,2021-02-18,PIE,4791,2094,2697,4361,430,ITC,ITC1,1,Piemonte,Piemonte,4356406,514668,11.81,0.11
3212,2021-04-16,PIE,28403,13213,15190,23417,4986,ITC,ITC1,1,Piemonte,Piemonte,4356406,543071,12.47,0.65
3213,2021-06-19,PIE,39661,20030,19631,23075,16586,ITC,ITC1,1,Piemonte,Piemonte,4356406,582732,13.38,0.91
3214,2021-02-04,PIE,10206,3341,6865,588,9618,ITC,ITC1,1,Piemonte,Piemonte,4356406,592938,13.61,0.23
3215,2021-04-30,PIE,31813,14313,17500,18478,13335,ITC,ITC1,1,Piemonte,Piemonte,4356406,624751,14.34,0.73
3216,2021-03-23,PIE,13088,5462,7626,6843,6245,ITC,ITC1,1,Piemonte,Piemonte,4356406,637839,14.64,0.3
3217,2021-01-16,PIE,7771,2630,5141,7771,0,ITC,ITC1,1,Piemonte,Piemonte,4356406,645610,14.82,0.18
3218,2021-01-23,PIE,4257,1325,2932,879,3378,ITC,ITC1,1,Piemonte,Piemonte,4356406,649867,14.92,0.1
3219,2021-03-21,PIE,10727,4741,5986,4194,6533,ITC,ITC1,1,Piemonte,Piemonte,4356406,660594,15.16,0.25
3220,2021-02-27,PIE,12691,4851,7840,12346,345,ITC,ITC1,1,Piemonte,Piemonte,4356406,673285,15.46,0.29
3221,2021-04-25,PIE,20233,9305,10928,17732,2501,ITC,ITC1,1,Piemonte,Piemonte,4356406,693518,15.92,0.46
3222,2021-01-15,PIE,9114,3012,6102,9114,0,ITC,ITC1,1,Piemonte,Piemonte,4356406,702632,16.13,0.21
3223,2021-06-21,PIE,38156,19024,19132,17511,20645,ITC,ITC1,1,Piemonte,Piemonte,4356406,740788,17.0,0.88
3224,2021-03-13,PIE,13047,4723,8324,11602,1445,ITC,ITC1,1,Piemonte,Piemonte,4356406,753835,17.3,0.3
3225,2021-02-08,PIE,6918,2356,4562,666,6252,ITC,ITC1,1,Piemonte,Piemonte,4356406,760753,17.46,0.16
3226,2021-05-21,PIE,36037,16743,19294,20409,15628,ITC,ITC1,1,Piemonte,Piemonte,4356406,796790,18.29,0.83
3227,2021-02-01,PIE,8645,3055,5590,579,8066,ITC,ITC1,1,Piemonte,Piemonte,4356406,805435,18.49,0.2
3228,2021-05-17,PIE,30877,14584,16293,17752,13125,ITC,ITC1,1,Piemonte,Piemonte,4356406,836312,19.2,0.71
3229,2021-02-06,PIE,7995,2666,5329,400,7595,ITC,ITC1,1,Piemonte,Piemonte,4356406,844307,19.38,0.18
3230,2021-02-23,PIE,9234,3713,5521,8653,581,ITC,ITC1,1,Piemonte,Piemonte,4356406,853541,19.59,0.21
3231,2021-05-31,PIE,29030,14001,15029,20510,8520,ITC,ITC1,1,Piemonte,Piemonte,4356406,882571,20.26,0.67
3232,2021-06-17,PIE,40787,20480,20307,24529,16258,ITC,ITC1,1,Piemonte,Piemonte,4356406,923358,21.2,0.94
3233,2021-03-09,PIE,14054,5506,8548,11711,2343,ITC,ITC1,1,Piemonte,Piemonte,4356406,937412,21.52,0.32
3234,2021-01-01,PIE,1038,395,643,1038,0,ITC,ITC1,1,Piemonte,Piemonte,4356406,938450,21.54,0.02
3235,2021-01-13,PIE,10085,3226,6859,10085,0,ITC,ITC1,1,Piemonte,Piemonte,4356406,948535,21.77,0.23
3236,2021-06-16,PIE,40107,20108,19999,23887,16220,ITC,ITC1,1,Piemonte,Piemonte,4356406,988642,22.69,0.92
3237,2021-04-20,PIE,25481,11666,13815,19135,6346,ITC,ITC1,1,Piemonte,Piemonte,4356406,1014123,23.28,0.58
3238,2021-05-07,PIE,33073,15643,17430,18948,14125,ITC,ITC1,1,Piemonte,Piemonte,4356406,1047196,24.04,0.76
3239,2021-01-27,PIE,4196,1453,2743,999,3197,ITC,ITC1,1,Piemonte,Piemonte,4356406,1051392,24.13,0.1
3240,2021-02-13,PIE,4153,1334,2819,2931,1222,ITC,ITC1,1,Piemonte,Piemonte,4356406,1055545,24.23,0.1
3241,2021-05-09,PIE,27095,12918,14177,13474,13621,ITC,ITC1,1,Piemonte,Piemonte,4356406,1082640,24.85,0.62
3242,2021-05-26,PIE,32737,15101,17636,15657,17080,ITC,ITC1,1,Piemonte,Piemonte,4356406,1115377,25.6,0.75
3243,2021-02-15,PIE,4432,1597,2835,3227,1205,ITC,ITC1,1,Piemonte,Piemonte,4356406,1119809,25.7,0.1
3244,2021-03-04,PIE,14535,5770,8765,11587,2948,ITC,ITC1,1,Piemonte,Piemonte,4356406,1134344,26.04,0.33
3245,2021-06-02,PIE,26531,12998,13533,22062,4469,ITC,ITC1,1,Piemonte,Piemonte,4356406,1160875,26.65,0.61
3246,2021-02-22,PIE,8483,3472,5011,7893,590,ITC,ITC1,1,Piemonte,Piemonte,4356406,1169358,26.84,0.19
3247,2021-03-11,PIE,13781,5080,8701,10684,3097,ITC,ITC1,1,Piemonte,Piemonte,4356406,1183139,27.16,0.32
3248,2021-03-25,PIE,17062,7203,9859,8423,8639,ITC,ITC1,1,Piemonte,Piemonte,4356406,1200201,27.55,0.39
3249,2021-04-13,PIE,25942,11613,14329,22483,3459,ITC,ITC1,1,Piemonte,Piemonte,4356406,1226143,28.15,0.6
3250,2021-05-05,PIE,32198,15098,17100,19178,13020,ITC,ITC1,1,Piemonte,Piemonte,4356406,1258341,28.88,0.74
3251,2021-03-30,PIE,16894,7035,9859,9021,7873,ITC,ITC1,1,Piemonte,Piemonte,4356406,1275235,29.27,0.39
3252,2021-04-18,PIE,22972,10821,12151,20216,2756,ITC,ITC1,1,Piemonte,Piemonte,4356406,1298207,29.8,0.53
3253,2021-01-08,PIE,5533,1762,3771,5533,0,ITC,ITC1,1,Piemonte,Piemonte,4356406,1303740,29.93,0.13
3254,2021-06-14,PIE,37872,19516,18356,30798,7074,ITC,ITC1,1,Piemonte,Piemonte,4356406,1341612,30.8,0.87
3255,2021-03-06,PIE,13994,5211,8783,11205,2789,ITC,ITC1,1,Piemonte,Piemonte,4356406,1355606,31.12,0.32
3256,2021-01-22,PIE,3867,1249,2618,2526,1341,ITC,ITC1,1,Piemonte,Piemonte,4356406,1359473,31.21,0.09
3257,2021-05-14,PIE,33399,16270,17129,17981,15418,ITC,ITC1,1,Piemonte,Piemonte,4356406,1392872,31.97,0.77
3258,2021-04-17,PIE,30460,14147,16313,27144,3316,ITC,ITC1,1,Piemonte,Piemonte,4356406,1423332,32.67,0.7
3259,2021-06-13,PIE,37863,19992,17871,33733,4130,ITC,ITC1,1,Piemonte,Piemonte,4356406,1461195,33.54,0.87
3260,2021-04-23,PIE,27447,12603,14844,20685,6762,ITC,ITC1,1,Piemonte,Piemonte,4356406,1488642,34.17,0.63
3261,2021-04-04,PIE,9256,4060,5196,6542,2714,ITC,ITC1,1,Piemonte,Piemonte,4356406,1497898,34.38,0.21
3262,2021-04-21,PIE,25755,11841,13914,20415,5340,ITC,ITC1,1,Piemonte,Piemonte,4356406,1523653,34.98,0.59
3263,2021-02-20,PIE,3834,1254,2580,3660,174,ITC,ITC1,1,Piemonte,Piemonte,4356406,1527487,35.06,0.09
3264,2021-04-29,PIE,48454,21977,26477,35836,12618,ITC,ITC1,1,Piemonte,Piemonte,4356406,1575941,36.18,1.11
3265,2021-05-16,PIE,28140,12778,15362,15075,13065,ITC,ITC1,1,Piemonte,Piemonte,4356406,1604081,36.82,0.65
3266,2021-02-05,PIE,9604,3139,6465,659,8945,ITC,ITC1,1,Piemonte,Piemonte,4356406,1613685,37.04,0.22
3267,2021-01-06,PIE,3116,1111,2005,3116,0,ITC,ITC1,1,Piemonte,Piemonte,4356406,1616801,37.11,0.07
3268,2021-06-23,PIE,39371,19520,19851,16659,22712,ITC,ITC1,1,Piemonte,Piemonte,4356406,1656172,38.02,0.9
3269,2021-03-08,PIE,14020,5359,8661,11306,2714,ITC,ITC1,1,Piemonte,Piemonte,4356406,1670192,38.34,0.32
3270,2021-05-04,PIE,28586,13145,15441,16410,12176,ITC,ITC1,1,Piemonte,Piemonte,4356406,1698778,38.99,0.66
3271,2021-01-24,PIE,3153,959,2194,434,2719,ITC,ITC1,1,Piemonte,Piemonte,4356406,1701931,39.07,0.07
3272,2021-03-22,PIE,11523,4890,6633,3917,7606,ITC,ITC1,1,Piemonte,Piemonte,4356406,1713454,39.33,0.26
3273,2021-04-27,PIE,22608,10214,12394,17461,5147,ITC,ITC1,1,Piemonte,Piemonte,4356406,1736062,39.85,0.52
3274,2021-01-17,PIE,3518,1168,2350,2870,648,ITC,ITC1,1,Piemonte,Piemonte,4356406,1739580,39.93,0.08
3275,2021-03-15,PIE,10682,4184,6498,5062,5620,ITC,ITC1,1,Piemonte,Piemonte,4356406,1750262,40.18,0.25
3276,2021-05-11,PIE,32076,15457,16619,18864,13212,ITC,ITC1,1,Piemonte,Piemonte,4356406,1782338,40.91,0.74
3277,2021-01-31,PIE,4113,1753,2360,112,4001,ITC,ITC1,1,Piemonte,Piemonte,4356406,1786451,41.01,0.09
3278,2021-04-01,PIE,19346,8081,11265,11226,8120,ITC,ITC1,1,Piemonte,Piemonte,4356406,1805797,41.45,0.44
3279,2021-05-28,PIE,34945,16538,18407,19039,15906,ITC,ITC1,1,Piemonte,Piemonte,4356406,1840742,42.25,0.8
3280,2021-01-25,PIE,6215,1938,4277,983,5232,ITC,ITC1,1,Piemonte,Piemonte,4356406,1846957,42.4,0.14
3281,2021-05-30,PIE,27702,13187,14515,18378,9324,ITC,ITC1,1,Piemonte,Piemonte,4356406,1874659,43.03,0.64
3282,2021-02-19,PIE,5535,2175,3360,5034,501,ITC,ITC1,1,Piemonte,Piemonte,4356406,1880194,43.16,0.13
3283,2021-06-04,PIE,37477,19593,17884,34544,2933,ITC,ITC1,1,Piemonte,Piemonte,4356406,1917671,44.02,0.86
3284,2021-02-24,PIE,11409,4629,6780,10904,505,ITC,ITC1,1,Piemonte,Piemonte,4356406,1929080,44.28,0.26
3285,2021-02-10,PIE,7535,2371,5164,1316,6219,ITC,ITC1,1,Piemonte,Piemonte,4356406,1936615,44.45,0.17
3286,2021-04-08,PIE,25149,10933,14216,20419,4730,ITC,ITC1,1,Piemonte,Piemonte,4356406,1961764,45.03,0.58
3287,2021-04-10,PIE,30176,13420,16756,25898,4278,ITC,ITC1,1,Piemonte,Piemonte,4356406,1991940,45.72,0.69
3288,2021-04-15,PIE,29646,13580,16066,24160,5486,ITC,ITC1,1,Piemonte,Piemonte,4356406,2021586,46.4,0.68
3289,2021-01-05,PIE,5381,1603,3778,5381,0,ITC,ITC1,1,Piemonte,Piemonte,4356406,2026967,46.53,0.12
3290,2021-06-22,PIE,40234,19832,20402,18094,22140,ITC,ITC1,1,Piemonte,Piemonte,4356406,2067201,47.45,0.92
3291,2021-06-25,PIE,19950,9929,10021,7804,12146,ITC,ITC1,1,Piemonte,Piemonte,4356406,2087151,47.91,0.46
3292,2021-04-03,PIE,19434,8159,11275,10887,8547,ITC,ITC1,1,Piemonte,Piemonte,4356406,2106585,48.36,0.45
3293,2021-01-10,PIE,5214,2275,2939,5214,0,ITC,ITC1,1,Piemonte,Piemonte,4356406,2111799,48.48,0.12
3294,2021-04-22,PIE,27695,12753,14942,20986,6709,ITC,ITC1,1,Piemonte,Piemonte,4356406,2139494,49.11,0.64
3295,2021-01-12,PIE,10090,3415,6675,10090,0,ITC,ITC1,1,Piemonte,Piemonte,4356406,2149584,49.34,0.23
3296,2021-01-29,PIE,5945,1887,4058,455,5490,ITC,ITC1,1,Piemonte,Piemonte,4356406,2155529,49.48,0.14
3297,2021-02-28,PIE,10816,4060,6756,10576,240,ITC,ITC1,1,Piemonte,Piemonte,4356406,2166345,49.73,0.25
3298,2021-03-17,PIE,12518,5055,7463,5224,7294,ITC,ITC1,1,Piemonte,Piemonte,4356406,2178863,50.02,0.29
3299,2021-06-10,PIE,40177,20986,19191,37645,2532,ITC,ITC1,1,Piemonte,Piemonte,4356406,2219040,50.94,0.92
3300,2021-01-07,PIE,5387,1739,3648,5387,0,ITC,ITC1,1,Piemonte,Piemonte,4356406,2224427,51.06,0.12
3301,2021-03-05,PIE,15375,6059,9316,11557,3818,ITC,ITC1,1,Piemonte,Piemonte,4356406,2239802,51.41,0.35
3302,2021-06-15,PIE,38817,19990,18827,27073,11744,ITC,ITC1,1,Piemonte,Piemonte,4356406,2278619,52.31,0.89
3303,2021-03-07,PIE,11977,4658,7319,11099,878,ITC,ITC1,1,Piemonte,Piemonte,4356406,2290596,52.58,0.27
3304,2020-12-31,PIE,3909,1334,2575,3909,0,ITC,ITC1,1,Piemonte,Piemonte,4356406,2294505,52.67,0.09
3305,2021-05-13,PIE,35674,17523,18151,20558,15116,ITC,ITC1,1,Piemonte,Piemonte,4356406,2330179,53.49,0.82
3306,2021-02-02,PIE,10242,3509,6733,816,9426,ITC,ITC1,1,Piemonte,Piemonte,4356406,2340421,53.72,0.24
3307,2021-03-31,PIE,19110,8104,11006,10416,8694,ITC,ITC1,1,Piemonte,Piemonte,4356406,2359531,54.16,0.44
3308,2021-05-27,PIE,37355,17383,19972,19249,18106,ITC,ITC1,1,Piemonte,Piemonte,4356406,2396886,55.02,0.86
3309,2021-02-16,PIE,3967,1756,2211,3209,758,ITC,ITC1,1,Piemonte,Piemonte,4356406,2400853,55.11,0.09
3310,2021-01-11,PIE,8745,2981,5764,8745,0,ITC,ITC1,1,Piemonte,Piemonte,4356406,2409598,55.31,0.2
3311,2021-04-06,PIE,20247,8813,11434,15051,5196,ITC,ITC1,1,Piemonte,Piemonte,4356406,2429845,55.78,0.46
3312,2020-12-27,PIE,913,369,544,913,0,ITC,ITC1,1,Piemonte,Piemonte,4356406,2430758,55.8,0.02
3313,2021-06-09,PIE,38548,20320,18228,35843,2705,ITC,ITC1,1,Piemonte,Piemonte,4356406,2469306,56.68,0.88
3314,2021-03-18,PIE,11759,4805,6954,4029,7730,ITC,ITC1,1,Piemonte,Piemonte,4356406,2481065,56.95,0.27
3315,2021-03-03,PIE,12120,4644,7476,11301,819,ITC,ITC1,1,Piemonte,Piemonte,4356406,2493185,57.23,0.28
3316,2021-03-20,PIE,11922,4899,7023,6024,5898,ITC,ITC1,1,Piemonte,Piemonte,4356406,2505107,57.5,0.27
3317,2021-03-19,PIE,11021,4512,6509,4415,6606,ITC,ITC1,1,Piemonte,Piemonte,4356406,2516128,57.76,0.25
3318,2021-04-05,PIE,14748,6234,8514,12192,2556,ITC,ITC1,1,Piemonte,Piemonte,4356406,2530876,58.1,0.34
3319,2021-02-07,PIE,3088,974,2114,445,2643,ITC,ITC1,1,Piemonte,Piemonte,4356406,2533964,58.17,0.07
3320,2021-05-22,PIE,33471,15110,18361,17252,16219,ITC,ITC1,1,Piemonte,Piemonte,4356406,2567435,58.93,0.77
3321,2021-03-24,PIE,15507,6343,9164,6380,9127,ITC,ITC1,1,Piemonte,Piemonte,4356406,2582942,59.29,0.36
3322,2021-05-20,PIE,38603,17931,20672,13659,24944,ITC,ITC1,1,Piemonte,Piemonte,4356406,2621545,60.18,0.89
3323,2021-02-09,PIE,7392,2316,5076,722,6670,ITC,ITC1,1,Piemonte,Piemonte,4356406,2628937,60.35,0.17
3324,2021-04-07,PIE,23611,9999,13612,18150,5461,ITC,ITC1,1,Piemonte,Piemonte,4356406,2652548,60.89,0.54
3325,2021-06-06,PIE,35006,18296,16710,32577,2429,ITC,ITC1,1,Piemonte,Piemonte,4356406,2687554,61.69,0.8
3326,2021-02-17,PIE,4794,2157,2637,3804,990,ITC,ITC1,1,Piemonte,Piemonte,4356406,2692348,61.8,0.11
3327,2021-06-08,PIE,37537,19456,18081,34740,2797,ITC,ITC1,1,Piemonte,Piemonte,4356406,2729885,62.66,0.86
3328,2021-04-26,PIE,19793,8745,11048,15392,4401,ITC,ITC1,1,Piemonte,Piemonte,4356406,2749678,63.12,0.45
3329,2021-05-06,PIE,33481,15796,17685,19927,13554,ITC,ITC1,1,Piemonte,Piemonte,4356406,2783159,63.89,0.77
3330,2021-05-23,PIE,28700,13130,15570,15750,12950,ITC,ITC1,1,Piemonte,Piemonte,4356406,2811859,64.55,0.66
3331,2021-02-12,PIE,6891,2215,4676,3930,2961,ITC,ITC1,1,Piemonte,Piemonte,4356406,2818750,64.7,0.16
3332,2021-03-01,PIE,12043,4846,7197,11234,809,ITC,ITC1,1,Piemonte,Piemonte,4356406,2830793,64.98,0.28
3333,2021-05-25,PIE,31128,14443,16685,15990,15138,ITC,ITC1,1,Piemonte,Piemonte,4356406,2861921,65.69,0.71
3334,2021-06-11,PIE,43413,22970,20443,40600,2813,ITC,ITC1,1,Piemonte,Piemonte,4356406,2905334,66.69,1.0
3335,2021-06-18,PIE,40262,20087,20175,26150,14112,ITC,ITC1,1,Piemonte,Piemonte,4356406,2945596,67.62,0.92
3336,2021-03-10,PIE,13681,5213,8468,11387,2294,ITC,ITC1,1,Piemonte,Piemonte,4356406,2959277,67.93,0.31
3337,2021-03-27,PIE,18397,7828,10569,9570,8827,ITC,ITC1,1,Piemonte,Piemonte,4356406,2977674,68.35,0.42
3338,2021-01-19,PIE,6466,2105,4361,6454,12,ITC,ITC1,1,Piemonte,Piemonte,4356406,2984140,68.5,0.15
3339,2021-04-14,PIE,27713,12564,15149,23187,4526,ITC,ITC1,1,Piemonte,Piemonte,4356406,3011853,69.14,0.64
3340,2021-06-03,PIE,34562,17841,16721,30184,4378,ITC,ITC1,1,Piemonte,Piemonte,4356406,3046415,69.93,0.79
3341,2021-05-03,PIE,26677,12175,14502,12516,14161,ITC,ITC1,1,Piemonte,Piemonte,4356406,3073092,70.54,0.61
3342,2021-02-26,PIE,12293,4933,7360,11556,737,ITC,ITC1,1,Piemonte,Piemonte,4356406,3085385,70.82,0.28
3343,2021-04-24,PIE,27472,12423,15049,21818,5654,ITC,ITC1,1,Piemonte,Piemonte,4356406,3112857,71.45,0.63
3344,2021-01-14,PIE,9767,3152,6615,9767,0,ITC,ITC1,1,Piemonte,Piemonte,4356406,3122624,71.68,0.22
3345,2021-04-19,PIE,22549,10771,11778,18185,4364,ITC,ITC1,1,Piemonte,Piemonte,4356406,3145173,72.2,0.52
3346,2021-01-09,PIE,6184,2185,3999,6184,0,ITC,ITC1,1,Piemonte,Piemonte,4356406,3151357,72.34,0.14
3347,2021-01-26,PIE,6333,1880,4453,735,5598,ITC,ITC1,1,Piemonte,Piemonte,4356406,3157690,72.48,0.15
3348,2021-05-08,PIE,34263,16262,18001,18626,15637,ITC,ITC1,1,Piemonte,Piemonte,4356406,3191953,73.27,0.79
3349,2021-01-28,PIE,5591,1809,3782,384,5207,ITC,ITC1,1,Piemonte,Piemonte,4356406,3197544,73.4,0.13
3350,2021-02-14,PIE,1476,498,978,876,600,ITC,ITC1,1,Piemonte,Piemonte,4356406,3199020,73.43,0.03
3351,2021-01-20,PIE,6617,2089,4528,5899,718,ITC,ITC1,1,Piemonte,Piemonte,4356406,3205637,73.58,0.15
3352,2021-02-03,PIE,10202,3304,6898,611,9591,ITC,ITC1,1,Piemonte,Piemonte,4356406,3215839,73.82,0.23
3353,2021-05-18,PIE,32087,14806,17281,19435,12652,ITC,ITC1,1,Piemonte,Piemonte,4356406,3247926,74.56,0.74
3354,2021-01-03,PIE,3063,967,2096,3063,0,ITC,ITC1,1,Piemonte,Piemonte,4356406,3250989,74.63,0.07
3355,2021-03-29,PIE,15168,6388,8780,8556,6612,ITC,ITC1,1,Piemonte,Piemonte,4356406,3266157,74.97,0.35
3356,2021-04-12,PIE,22945,10364,12581,19955,2990,ITC,ITC1,1,Piemonte,Piemonte,4356406,3289102,75.5,0.53
3357,2021-01-02,PIE,3545,1134,2411,3545,0,ITC,ITC1,1,Piemonte,Piemonte,4356406,3292647,75.58,0.08
3358,2021-05-01,PIE,28539,12998,15541,16740,11799,ITC,ITC1,1,Piemonte,Piemonte,4356406,3321186,76.24,0.66
3359,2021-01-21,PIE,6881,2314,4567,3385,3496,ITC,ITC1,1,Piemonte,Piemonte,4356406,3328067,76.39,0.16
3360,2021-05-15,PIE,33762,15739,18023,20059,13703,ITC,ITC1,1,Piemonte,Piemonte,4356406,3361829,77.17,0.77
3361,2021-06-01,PIE,29236,14647,14589,24862,4374,ITC,ITC1,1,Piemonte,Piemonte,4356406,3391065,77.84,0.67
3362,2021-02-21,PIE,5090,2083,3007,4988,102,ITC,ITC1,1,Piemonte,Piemonte,4356406,3396155,77.96,0.12
3363,2021-06-20,PIE,33981,17023,16958,19265,14716,ITC,ITC1,1,Piemonte,Piemonte,4356406,3430136,78.74,0.78
3364,2021-03-12,PIE,13964,5197,8767,11029,2935,ITC,ITC1,1,Piemonte,Piemonte,4356406,3444100,79.06,0.32
3365,2021-03-26,PIE,17759,6985,10774,8852,8907,ITC,ITC1,1,Piemonte,Piemonte,4356406,3461859,79.47,0.41
3366,2021-04-23,SAR,12862,5741,7121,7387,5475,ITG,ITG2,20,Sardegna,Sardegna,1639591,12862,0.78,0.78
3367,2021-05-10,SAR,9738,4340,5398,7201,2537,ITG,ITG2,20,Sardegna,Sardegna,1639591,22600,1.38,0.59
3368,2021-01-30,SAR,3863,1392,2471,362,3501,ITG,ITG2,20,Sardegna,Sardegna,1639591,26463,1.61,0.24
3369,2021-01-16,SAR,1492,525,967,1492,0,ITG,ITG2,20,Sardegna,Sardegna,1639591,27955,1.7,0.09
3370,2021-06-19,SAR,15371,7522,7849,9218,6153,ITG,ITG2,20,Sardegna,Sardegna,1639591,43326,2.64,0.94
3371,2021-03-28,SAR,4646,1839,2807,4566,80,ITG,ITG2,20,Sardegna,Sardegna,1639591,47972,2.93,0.28
3372,2021-01-04,SAR,592,217,375,592,0,ITG,ITG2,20,Sardegna,Sardegna,1639591,48564,2.96,0.04
3373,2021-04-16,SAR,14442,6488,7954,9099,5343,ITG,ITG2,20,Sardegna,Sardegna,1639591,63006,3.84,0.88
3374,2021-04-09,SAR,12303,5470,6833,7951,4352,ITG,ITG2,20,Sardegna,Sardegna,1639591,75309,4.59,0.75
3375,2021-04-11,SAR,5394,2443,2951,4274,1120,ITG,ITG2,20,Sardegna,Sardegna,1639591,80703,4.92,0.33
3376,2021-06-07,SAR,12556,6142,6414,9554,3002,ITG,ITG2,20,Sardegna,Sardegna,1639591,93259,5.69,0.77
3377,2021-02-04,SAR,2272,816,1456,916,1356,ITG,ITG2,20,Sardegna,Sardegna,1639591,95531,5.83,0.14
3378,2021-04-02,SAR,8991,3548,5443,5750,3241,ITG,ITG2,20,Sardegna,Sardegna,1639591,104522,6.37,0.55
3379,2021-03-09,SAR,5547,2742,2805,4818,729,ITG,ITG2,20,Sardegna,Sardegna,1639591,110069,6.71,0.34
3380,2021-05-05,SAR,10159,4645,5514,8149,2010,ITG,ITG2,20,Sardegna,Sardegna,1639591,120228,7.33,0.62
3381,2021-03-02,SAR,3061,1640,1421,1908,1153,ITG,ITG2,20,Sardegna,Sardegna,1639591,123289,7.52,0.19
3382,2021-04-28,SAR,9024,4282,4742,5321,3703,ITG,ITG2,20,Sardegna,Sardegna,1639591,132313,8.07,0.55
3383,2021-01-18,SAR,904,326,578,780,124,ITG,ITG2,20,Sardegna,Sardegna,1639591,133217,8.13,0.06
3384,2021-06-24,SAR,19008,9133,9875,8083,10925,ITG,ITG2,20,Sardegna,Sardegna,1639591,152225,9.28,1.16
3385,2021-03-16,SAR,4374,1949,2425,3452,922,ITG,ITG2,20,Sardegna,Sardegna,1639591,156599,9.55,0.27
3386,2021-03-23,SAR,6413,2879,3534,5335,1078,ITG,ITG2,20,Sardegna,Sardegna,1639591,163012,9.94,0.39
3387,2021-05-12,SAR,11136,5261,5875,7997,3139,ITG,ITG2,20,Sardegna,Sardegna,1639591,174148,10.62,0.68
3388,2020-12-28,SAR,65,25,40,65,0,ITG,ITG2,20,Sardegna,Sardegna,1639591,174213,10.63,0.0
3389,2021-02-11,SAR,1315,490,825,1204,111,ITG,ITG2,20,Sardegna,Sardegna,1639591,175528,10.71,0.08
3390,2021-05-24,SAR,13866,6727,7139,8480,5386,ITG,ITG2,20,Sardegna,Sardegna,1639591,189394,11.55,0.85
3391,2021-02-13,SAR,1456,565,891,1454,2,ITG,ITG2,20,Sardegna,Sardegna,1639591,190850,11.64,0.09
3392,2021-05-29,SAR,17991,8646,9345,13398,4593,ITG,ITG2,20,Sardegna,Sardegna,1639591,208841,12.74,1.1
3393,2021-02-18,SAR,1878,732,1146,1814,64,ITG,ITG2,20,Sardegna,Sardegna,1639591,210719,12.85,0.11
3394,2021-05-07,SAR,14448,6622,7826,9947,4501,ITG,ITG2,20,Sardegna,Sardegna,1639591,225167,13.73,0.88
3395,2021-01-27,SAR,1413,497,916,79,1334,ITG,ITG2,20,Sardegna,Sardegna,1639591,226580,13.82,0.09
3396,2021-03-25,SAR,9114,3971,5143,7808,1306,ITG,ITG2,20,Sardegna,Sardegna,1639591,235694,14.38,0.56
3397,2021-05-21,SAR,21142,10363,10779,15491,5651,ITG,ITG2,20,Sardegna,Sardegna,1639591,256836,15.66,1.29
3398,2021-04-04,SAR,1,0,1,0,1,ITG,ITG2,20,Sardegna,Sardegna,1639591,256837,15.66,0.0
3399,2021-06-16,SAR,17629,8274,9355,12328,5301,ITG,ITG2,20,Sardegna,Sardegna,1639591,274466,16.74,1.08
3400,2021-01-01,SAR,32,17,15,32,0,ITG,ITG2,20,Sardegna,Sardegna,1639591,274498,16.74,0.0
3401,2021-02-27,SAR,1921,647,1274,1366,555,ITG,ITG2,20,Sardegna,Sardegna,1639591,276419,16.86,0.12
3402,2021-06-12,SAR,14745,7188,7557,10044,4701,ITG,ITG2,20,Sardegna,Sardegna,1639591,291164,17.76,0.9
3403,2021-03-04,SAR,4364,2292,2072,3108,1256,ITG,ITG2,20,Sardegna,Sardegna,1639591,295528,18.02,0.27
3404,2021-03-21,SAR,4030,1809,2221,2590,1440,ITG,ITG2,20,Sardegna,Sardegna,1639591,299558,18.27,0.25
3405,2021-01-13,SAR,573,178,395,573,0,ITG,ITG2,20,Sardegna,Sardegna,1639591,300131,18.31,0.03
3406,2021-04-21,SAR,12075,5558,6517,6542,5533,ITG,ITG2,20,Sardegna,Sardegna,1639591,312206,19.04,0.74
3407,2021-01-11,SAR,1183,505,678,1183,0,ITG,ITG2,20,Sardegna,Sardegna,1639591,313389,19.11,0.07
3408,2021-06-17,SAR,18449,8525,9924,10036,8413,ITG,ITG2,20,Sardegna,Sardegna,1639591,331838,20.24,1.13
3409,2021-01-25,SAR,591,214,377,22,569,ITG,ITG2,20,Sardegna,Sardegna,1639591,332429,20.28,0.04
3410,2021-05-16,SAR,8222,3832,4390,6062,2160,ITG,ITG2,20,Sardegna,Sardegna,1639591,340651,20.78,0.5
3411,2021-01-23,SAR,60,22,38,0,60,ITG,ITG2,20,Sardegna,Sardegna,1639591,340711,20.78,0.0
3412,2021-02-22,SAR,1639,949,690,1411,228,ITG,ITG2,20,Sardegna,Sardegna,1639591,342350,20.88,0.1
3413,2021-03-11,SAR,6428,3092,3336,5226,1202,ITG,ITG2,20,Sardegna,Sardegna,1639591,348778,21.27,0.39
3414,2021-06-04,SAR,14376,6868,7508,9822,4554,ITG,ITG2,20,Sardegna,Sardegna,1639591,363154,22.15,0.88
3415,2021-06-21,SAR,14007,6726,7281,5193,8814,ITG,ITG2,20,Sardegna,Sardegna,1639591,377161,23.0,0.85
3416,2021-03-13,SAR,2755,1076,1679,2474,281,ITG,ITG2,20,Sardegna,Sardegna,1639591,379916,23.17,0.17
3417,2021-03-30,SAR,8778,3591,5187,6502,2276,ITG,ITG2,20,Sardegna,Sardegna,1639591,388694,23.71,0.54
3418,2021-06-14,SAR,13735,6634,7101,10126,3609,ITG,ITG2,20,Sardegna,Sardegna,1639591,402429,24.54,0.84
3419,2021-03-06,SAR,2638,1079,1559,858,1780,ITG,ITG2,20,Sardegna,Sardegna,1639591,405067,24.71,0.16
3420,2021-04-06,SAR,7461,3123,4338,5032,2429,ITG,ITG2,20,Sardegna,Sardegna,1639591,412528,25.16,0.46
3421,2020-12-27,SAR,65,34,31,65,0,ITG,ITG2,20,Sardegna,Sardegna,1639591,412593,25.16,0.0
3422,2021-04-25,SAR,4497,2269,2228,3718,779,ITG,ITG2,20,Sardegna,Sardegna,1639591,417090,25.44,0.27
3423,2021-01-15,SAR,1563,573,990,1563,0,ITG,ITG2,20,Sardegna,Sardegna,1639591,418653,25.53,0.1
3424,2021-02-01,SAR,1524,605,919,225,1299,ITG,ITG2,20,Sardegna,Sardegna,1639591,420177,25.63,0.09
3425,2021-05-09,SAR,6129,2874,3255,5203,926,ITG,ITG2,20,Sardegna,Sardegna,1639591,426306,26.0,0.37
3426,2021-05-26,SAR,14936,7674,7262,9874,5062,ITG,ITG2,20,Sardegna,Sardegna,1639591,441242,26.91,0.91
3427,2021-05-31,SAR,11363,5407,5956,8256,3107,ITG,ITG2,20,Sardegna,Sardegna,1639591,452605,27.6,0.69
3428,2021-04-18,SAR,5127,2225,2902,2258,2869,ITG,ITG2,20,Sardegna,Sardegna,1639591,457732,27.92,0.31
3429,2021-01-08,SAR,3258,1184,2074,3258,0,ITG,ITG2,20,Sardegna,Sardegna,1639591,460990,28.12,0.2
3430,2021-06-02,SAR,9784,4690,5094,8144,1640,ITG,ITG2,20,Sardegna,Sardegna,1639591,470774,28.71,0.6
3431,2021-04-20,SAR,10996,4993,6003,7780,3216,ITG,ITG2,20,Sardegna,Sardegna,1639591,481770,29.38,0.67
3432,2021-03-18,SAR,7257,3071,4186,5652,1605,ITG,ITG2,20,Sardegna,Sardegna,1639591,489027,29.83,0.44
3433,2021-05-14,SAR,14212,6588,7624,10905,3307,ITG,ITG2,20,Sardegna,Sardegna,1639591,503239,30.69,0.87
3434,2021-02-03,SAR,1119,419,700,426,693,ITG,ITG2,20,Sardegna,Sardegna,1639591,504358,30.76,0.07
3435,2021-04-01,SAR,10164,4072,6092,7150,3014,ITG,ITG2,20,Sardegna,Sardegna,1639591,514522,31.38,0.62
3436,2021-02-10,SAR,1959,765,1194,1441,518,ITG,ITG2,20,Sardegna,Sardegna,1639591,516481,31.5,0.12
3437,2021-04-13,SAR,7610,3596,4014,5783,1827,ITG,ITG2,20,Sardegna,Sardegna,1639591,524091,31.96,0.46
3438,2021-06-09,SAR,15457,7364,8093,11719,3738,ITG,ITG2,20,Sardegna,Sardegna,1639591,539548,32.91,0.94
3439,2021-05-19,SAR,16416,8161,8255,12770,3646,ITG,ITG2,20,Sardegna,Sardegna,1639591,555964,33.91,1.0
3440,2021-06-05,SAR,17828,8413,9415,11379,6449,ITG,ITG2,20,Sardegna,Sardegna,1639591,573792,35.0,1.09
3441,2021-02-25,SAR,2899,1255,1644,2294,605,ITG,ITG2,20,Sardegna,Sardegna,1639591,576691,35.17,0.18
3442,2021-03-14,SAR,607,376,231,607,0,ITG,ITG2,20,Sardegna,Sardegna,1639591,577298,35.21,0.04
3443,2021-04-30,SAR,11134,5301,5833,6923,4211,ITG,ITG2,20,Sardegna,Sardegna,1639591,588432,35.89,0.68
3444,2021-05-17,SAR,12150,5707,6443,9259,2891,ITG,ITG2,20,Sardegna,Sardegna,1639591,600582,36.63,0.74
3445,2021-05-28,SAR,17946,8692,9254,13670,4276,ITG,ITG2,20,Sardegna,Sardegna,1639591,618528,37.72,1.09
3446,2021-02-17,SAR,1407,577,830,1333,74,ITG,ITG2,20,Sardegna,Sardegna,1639591,619935,37.81,0.09
3447,2021-05-25,SAR,14469,7162,7307,8593,5876,ITG,ITG2,20,Sardegna,Sardegna,1639591,634404,38.69,0.88
3448,2021-06-11,SAR,14766,7014,7752,9237,5529,ITG,ITG2,20,Sardegna,Sardegna,1639591,649170,39.59,0.9
3449,2021-03-03,SAR,4073,2268,1805,2821,1252,ITG,ITG2,20,Sardegna,Sardegna,1639591,653243,39.84,0.25
3450,2021-02-05,SAR,1897,749,1148,433,1464,ITG,ITG2,20,Sardegna,Sardegna,1639591,655140,39.96,0.12
3451,2021-04-03,SAR,4667,1806,2861,2700,1967,ITG,ITG2,20,Sardegna,Sardegna,1639591,659807,40.24,0.28
3452,2021-05-30,SAR,9726,4836,4890,7369,2357,ITG,ITG2,20,Sardegna,Sardegna,1639591,669533,40.84,0.59
3453,2021-02-19,SAR,1499,473,1026,1443,56,ITG,ITG2,20,Sardegna,Sardegna,1639591,671032,40.93,0.09
3454,2021-03-27,SAR,5735,2192,3543,5313,422,ITG,ITG2,20,Sardegna,Sardegna,1639591,676767,41.28,0.35
3455,2021-05-23,SAR,9966,4806,5160,7721,2245,ITG,ITG2,20,Sardegna,Sardegna,1639591,686733,41.88,0.61
3456,2021-02-12,SAR,2237,933,1304,2178,59,ITG,ITG2,20,Sardegna,Sardegna,1639591,688970,42.02,0.14
3457,2021-04-10,SAR,10492,4749,5743,8555,1937,ITG,ITG2,20,Sardegna,Sardegna,1639591,699462,42.66,0.64
3458,2021-02-20,SAR,2041,855,1186,1707,334,ITG,ITG2,20,Sardegna,Sardegna,1639591,701503,42.79,0.12
3459,2021-04-29,SAR,11120,5111,6009,6762,4358,ITG,ITG2,20,Sardegna,Sardegna,1639591,712623,43.46,0.68
3460,2021-01-10,SAR,2183,750,1433,2183,0,ITG,ITG2,20,Sardegna,Sardegna,1639591,714806,43.6,0.13
3461,2021-03-08,SAR,4679,2425,2254,3459,1220,ITG,ITG2,20,Sardegna,Sardegna,1639591,719485,43.88,0.29
3462,2021-05-04,SAR,9539,4386,5153,7686,1853,ITG,ITG2,20,Sardegna,Sardegna,1639591,729024,44.46,0.58
3463,2021-01-24,SAR,90,34,56,5,85,ITG,ITG2,20,Sardegna,Sardegna,1639591,729114,44.47,0.01
3464,2021-06-18,SAR,16458,7498,8960,8716,7742,ITG,ITG2,20,Sardegna,Sardegna,1639591,745572,45.47,1.0
3465,2021-03-10,SAR,6050,2953,3097,5200,850,ITG,ITG2,20,Sardegna,Sardegna,1639591,751622,45.84,0.37
3466,2021-05-06,SAR,12951,6010,6941,9805,3146,ITG,ITG2,20,Sardegna,Sardegna,1639591,764573,46.63,0.79
3467,2021-03-01,SAR,2267,1155,1112,1608,659,ITG,ITG2,20,Sardegna,Sardegna,1639591,766840,46.77,0.14
3468,2021-05-13,SAR,11941,5613,6328,8893,3048,ITG,ITG2,20,Sardegna,Sardegna,1639591,778781,47.5,0.73
3469,2021-02-02,SAR,1498,669,829,257,1241,ITG,ITG2,20,Sardegna,Sardegna,1639591,780279,47.59,0.09
3470,2021-01-06,SAR,1615,549,1066,1615,0,ITG,ITG2,20,Sardegna,Sardegna,1639591,781894,47.69,0.1
3471,2021-06-23,SAR,20508,9649,10859,6271,14237,ITG,ITG2,20,Sardegna,Sardegna,1639591,802402,48.94,1.25
3472,2021-05-18,SAR,14049,6785,7264,9506,4543,ITG,ITG2,20,Sardegna,Sardegna,1639591,816451,49.8,0.86
3473,2021-02-24,SAR,2414,1295,1119,2224,190,ITG,ITG2,20,Sardegna,Sardegna,1639591,818865,49.94,0.15
3474,2021-06-06,SAR,10033,4999,5034,6381,3652,ITG,ITG2,20,Sardegna,Sardegna,1639591,828898,50.56,0.61
3475,2021-05-15,SAR,13789,6427,7362,10356,3433,ITG,ITG2,20,Sardegna,Sardegna,1639591,842687,51.4,0.84
3476,2021-01-26,SAR,1336,453,883,27,1309,ITG,ITG2,20,Sardegna,Sardegna,1639591,844023,51.48,0.08
3477,2021-05-08,SAR,13087,5970,7117,10798,2289,ITG,ITG2,20,Sardegna,Sardegna,1639591,857110,52.28,0.8
3478,2021-04-12,SAR,6997,3184,3813,5279,1718,ITG,ITG2,20,Sardegna,Sardegna,1639591,864107,52.7,0.43
3479,2021-01-02,SAR,60,21,39,60,0,ITG,ITG2,20,Sardegna,Sardegna,1639591,864167,52.71,0.0
3480,2021-06-08,SAR,14828,7067,7761,11326,3502,ITG,ITG2,20,Sardegna,Sardegna,1639591,878995,53.61,0.9
3481,2021-02-28,SAR,368,169,199,142,226,ITG,ITG2,20,Sardegna,Sardegna,1639591,879363,53.63,0.02
3482,2021-04-26,SAR,6824,3266,3558,5948,876,ITG,ITG2,20,Sardegna,Sardegna,1639591,886187,54.05,0.42
3483,2021-02-06,SAR,1971,698,1273,569,1402,ITG,ITG2,20,Sardegna,Sardegna,1639591,888158,54.17,0.12
3484,2021-02-23,SAR,1537,1026,511,1285,252,ITG,ITG2,20,Sardegna,Sardegna,1639591,889695,54.26,0.09
3485,2021-05-02,SAR,5886,2669,3217,5305,581,ITG,ITG2,20,Sardegna,Sardegna,1639591,895581,54.62,0.36
3486,2021-02-08,SAR,1470,533,937,856,614,ITG,ITG2,20,Sardegna,Sardegna,1639591,897051,54.71,0.09
3487,2021-01-20,SAR,210,77,133,208,2,ITG,ITG2,20,Sardegna,Sardegna,1639591,897261,54.72,0.01
3488,2021-03-29,SAR,4724,1829,2895,4135,589,ITG,ITG2,20,Sardegna,Sardegna,1639591,901985,55.01,0.29
3489,2021-04-15,SAR,11845,5539,6306,6887,4958,ITG,ITG2,20,Sardegna,Sardegna,1639591,913830,55.74,0.72
3490,2021-01-05,SAR,1327,446,881,1327,0,ITG,ITG2,20,Sardegna,Sardegna,1639591,915157,55.82,0.08
3491,2021-01-22,SAR,83,47,36,55,28,ITG,ITG2,20,Sardegna,Sardegna,1639591,915240,55.82,0.01
3492,2021-04-17,SAR,10085,4503,5582,5486,4599,ITG,ITG2,20,Sardegna,Sardegna,1639591,925325,56.44,0.62
3493,2021-04-14,SAR,8253,3903,4350,7015,1238,ITG,ITG2,20,Sardegna,Sardegna,1639591,933578,56.94,0.5
3494,2021-05-01,SAR,9911,4763,5148,5453,4458,ITG,ITG2,20,Sardegna,Sardegna,1639591,943489,57.54,0.6
3495,2021-01-21,SAR,126,60,66,94,32,ITG,ITG2,20,Sardegna,Sardegna,1639591,943615,57.55,0.01
3496,2021-02-07,SAR,1118,395,723,228,890,ITG,ITG2,20,Sardegna,Sardegna,1639591,944733,57.62,0.07
3497,2021-05-03,SAR,8187,3820,4367,6590,1597,ITG,ITG2,20,Sardegna,Sardegna,1639591,952920,58.12,0.5
3498,2021-05-20,SAR,15939,7572,8367,11320,4619,ITG,ITG2,20,Sardegna,Sardegna,1639591,968859,59.09,0.97
3499,2021-02-09,SAR,2287,837,1450,1290,997,ITG,ITG2,20,Sardegna,Sardegna,1639591,971146,59.23,0.14
3500,2021-02-26,SAR,2801,1109,1692,2495,306,ITG,ITG2,20,Sardegna,Sardegna,1639591,973947,59.4,0.17
3501,2021-01-07,SAR,3113,1077,2036,3113,0,ITG,ITG2,20,Sardegna,Sardegna,1639591,977060,59.59,0.19
3502,2021-06-10,SAR,17808,8479,9329,11772,6036,ITG,ITG2,20,Sardegna,Sardegna,1639591,994868,60.68,1.09
3503,2020-12-31,SAR,32,16,16,32,0,ITG,ITG2,20,Sardegna,Sardegna,1639591,994900,60.68,0.0
3504,2021-06-01,SAR,14318,6653,7665,9728,4590,ITG,ITG2,20,Sardegna,Sardegna,1639591,1009218,61.55,0.87
3505,2021-02-21,SAR,1589,710,879,1559,30,ITG,ITG2,20,Sardegna,Sardegna,1639591,1010807,61.65,0.1
3506,2021-04-19,SAR,10192,4620,5572,8762,1430,ITG,ITG2,20,Sardegna,Sardegna,1639591,1020999,62.27,0.62
3507,2021-01-09,SAR,4026,1417,2609,4026,0,ITG,ITG2,20,Sardegna,Sardegna,1639591,1025025,62.52,0.25
3508,2021-06-15,SAR,14658,6786,7872,9929,4729,ITG,ITG2,20,Sardegna,Sardegna,1639591,1039683,63.41,0.89
3509,2021-03-07,SAR,1657,750,907,1117,540,ITG,ITG2,20,Sardegna,Sardegna,1639591,1041340,63.51,0.1
3510,2021-04-27,SAR,7615,3550,4065,5573,2042,ITG,ITG2,20,Sardegna,Sardegna,1639591,1048955,63.98,0.46
3511,2021-01-17,SAR,860,277,583,859,1,ITG,ITG2,20,Sardegna,Sardegna,1639591,1049815,64.03,0.05
3512,2021-03-15,SAR,2799,1319,1480,2426,373,ITG,ITG2,20,Sardegna,Sardegna,1639591,1052614,64.2,0.17
3513,2021-03-26,SAR,8439,3492,4947,6913,1526,ITG,ITG2,20,Sardegna,Sardegna,1639591,1061053,64.71,0.51
3514,2021-05-22,SAR,24797,11934,12863,19700,5097,ITG,ITG2,20,Sardegna,Sardegna,1639591,1085850,66.23,1.51
3515,2021-01-19,SAR,747,270,477,692,55,ITG,ITG2,20,Sardegna,Sardegna,1639591,1086597,66.27,0.05
3516,2021-03-17,SAR,6560,2852,3708,4952,1608,ITG,ITG2,20,Sardegna,Sardegna,1639591,1093157,66.67,0.4
3517,2021-01-03,SAR,90,36,54,90,0,ITG,ITG2,20,Sardegna,Sardegna,1639591,1093247,66.68,0.01
3518,2021-06-22,SAR,19327,8986,10341,7270,12057,ITG,ITG2,20,Sardegna,Sardegna,1639591,1112574,67.86,1.18
3519,2021-03-31,SAR,10274,4164,6110,7826,2448,ITG,ITG2,20,Sardegna,Sardegna,1639591,1122848,68.48,0.63
3520,2021-03-22,SAR,3696,1497,2199,3183,513,ITG,ITG2,20,Sardegna,Sardegna,1639591,1126544,68.71,0.23
3521,2021-04-08,SAR,13446,5939,7507,8326,5120,ITG,ITG2,20,Sardegna,Sardegna,1639591,1139990,69.53,0.82
3522,2020-12-29,SAR,57,32,25,57,0,ITG,ITG2,20,Sardegna,Sardegna,1639591,1140047,69.53,0.0
3523,2021-04-22,SAR,10504,4659,5845,5585,4919,ITG,ITG2,20,Sardegna,Sardegna,1639591,1150551,70.17,0.64
3524,2021-01-12,SAR,865,408,457,865,0,ITG,ITG2,20,Sardegna,Sardegna,1639591,1151416,70.23,0.05
3525,2021-05-11,SAR,8887,4121,4766,6525,2362,ITG,ITG2,20,Sardegna,Sardegna,1639591,1160303,70.77,0.54
3526,2021-01-31,SAR,2121,750,1371,48,2073,ITG,ITG2,20,Sardegna,Sardegna,1639591,1162424,70.9,0.13
3527,2021-02-14,SAR,539,263,276,537,2,ITG,ITG2,20,Sardegna,Sardegna,1639591,1162963,70.93,0.03
3528,2021-04-05,SAR,2036,784,1252,2035,1,ITG,ITG2,20,Sardegna,Sardegna,1639591,1164999,71.05,0.12
3529,2021-03-24,SAR,7409,3108,4301,6050,1359,ITG,ITG2,20,Sardegna,Sardegna,1639591,1172408,71.51,0.45
3530,2021-06-03,SAR,16366,7630,8736,10700,5666,ITG,ITG2,20,Sardegna,Sardegna,1639591,1188774,72.5,1.0
3531,2021-06-20,SAR,6276,2795,3481,3656,2620,ITG,ITG2,20,Sardegna,Sardegna,1639591,1195050,72.89,0.38
3532,2021-03-12,SAR,5982,2623,3359,4674,1308,ITG,ITG2,20,Sardegna,Sardegna,1639591,1201032,73.25,0.36
3533,2021-02-15,SAR,958,349,609,927,31,ITG,ITG2,20,Sardegna,Sardegna,1639591,1201990,73.31,0.06
3534,2021-03-20,SAR,5196,2075,3121,2919,2277,ITG,ITG2,20,Sardegna,Sardegna,1639591,1207186,73.63,0.32
3535,2021-06-13,SAR,9495,4671,4824,6235,3260,ITG,ITG2,20,Sardegna,Sardegna,1639591,1216681,74.21,0.58
3536,2021-01-29,SAR,2955,1069,1886,48,2907,ITG,ITG2,20,Sardegna,Sardegna,1639591,1219636,74.39,0.18
3537,2021-01-28,SAR,2972,1046,1926,69,2903,ITG,ITG2,20,Sardegna,Sardegna,1639591,1222608,74.57,0.18
3538,2021-05-27,SAR,17468,8984,8484,12257,5211,ITG,ITG2,20,Sardegna,Sardegna,1639591,1240076,75.63,1.07
3539,2021-02-16,SAR,700,289,411,673,27,ITG,ITG2,20,Sardegna,Sardegna,1639591,1240776,75.68,0.04
3540,2021-03-05,SAR,5211,2605,2606,2857,2354,ITG,ITG2,20,Sardegna,Sardegna,1639591,1245987,75.99,0.32
3541,2021-03-19,SAR,7271,3051,4220,5056,2215,ITG,ITG2,20,Sardegna,Sardegna,1639591,1253258,76.44,0.44
3542,2021-04-07,SAR,13544,6052,7492,7896,5648,ITG,ITG2,20,Sardegna,Sardegna,1639591,1266802,77.26,0.83
3543,2021-04-24,SAR,10369,4851,5518,8031,2338,ITG,ITG2,20,Sardegna,Sardegna,1639591,1277171,77.9,0.63
3544,2021-01-14,SAR,1106,426,680,1106,0,ITG,ITG2,20,Sardegna,Sardegna,1639591,1278277,77.96,0.07
3545,2021-04-23,LOM,73445,33287,40158,56904,16541,ITC,ITC4,3,Lombardia,Lombardia,10060574,73445,0.73,0.73
3546,2021-05-10,LOM,85257,40877,44380,63685,21572,ITC,ITC4,3,Lombardia,Lombardia,10060574,158702,1.58,0.85
3547,2021-01-30,LOM,12308,4563,7745,154,12154,ITC,ITC4,3,Lombardia,Lombardia,10060574,171010,1.7,0.12
3548,2021-01-16,LOM,15425,5731,9694,15425,0,ITC,ITC4,3,Lombardia,Lombardia,10060574,186435,1.85,0.15
3549,2021-01-09,LOM,12414,4573,7841,12414,0,ITC,ITC4,3,Lombardia,Lombardia,10060574,198849,1.98,0.12
3550,2021-03-07,LOM,12084,5358,6726,9527,2557,ITC,ITC4,3,Lombardia,Lombardia,10060574,210933,2.1,0.12
3551,2021-01-27,LOM,8034,2673,5361,808,7226,ITC,ITC4,3,Lombardia,Lombardia,10060574,218967,2.18,0.08
3552,2021-03-25,LOM,42794,16009,26785,30124,12670,ITC,ITC4,3,Lombardia,Lombardia,10060574,261761,2.6,0.43
3553,2021-06-05,LOM,102094,52786,49308,92342,9752,ITC,ITC4,3,Lombardia,Lombardia,10060574,363855,3.62,1.01
3554,2021-03-14,LOM,14873,5348,9525,11590,3283,ITC,ITC4,3,Lombardia,Lombardia,10060574,378728,3.76,0.15
3555,2021-02-23,LOM,11813,4802,7011,11482,331,ITC,ITC4,3,Lombardia,Lombardia,10060574,390541,3.88,0.12
3556,2021-05-24,LOM,89494,43475,46019,49510,39984,ITC,ITC4,3,Lombardia,Lombardia,10060574,480035,4.77,0.89
3557,2021-02-11,LOM,17072,5007,12065,9702,7370,ITC,ITC4,3,Lombardia,Lombardia,10060574,497107,4.94,0.17
3558,2021-05-31,LOM,95606,47383,48223,79435,16171,ITC,ITC4,3,Lombardia,Lombardia,10060574,592713,5.89,0.95
3559,2021-03-26,LOM,41279,15689,25590,28144,13135,ITC,ITC4,3,Lombardia,Lombardia,10060574,633992,6.3,0.41
3560,2021-05-22,LOM,70555,33825,36730,32421,38134,ITC,ITC4,3,Lombardia,Lombardia,10060574,704547,7.0,0.7
3561,2021-05-29,LOM,88260,42395,45865,42237,46023,ITC,ITC4,3,Lombardia,Lombardia,10060574,792807,7.88,0.88
3562,2021-02-18,LOM,14049,4924,9125,13013,1036,ITC,ITC4,3,Lombardia,Lombardia,10060574,806856,8.02,0.14
3563,2021-04-28,LOM,95662,43640,52022,68780,26882,ITC,ITC4,3,Lombardia,Lombardia,10060574,902518,8.97,0.95
3564,2021-06-24,LOM,95974,49556,46418,69743,26231,ITC,ITC4,3,Lombardia,Lombardia,10060574,998492,9.92,0.95
3565,2021-03-16,LOM,25484,10113,15371,16417,9067,ITC,ITC4,3,Lombardia,Lombardia,10060574,1023976,10.18,0.25
3566,2021-05-12,LOM,87448,41732,45716,59912,27536,ITC,ITC4,3,Lombardia,Lombardia,10060574,1111424,11.05,0.87
3567,2021-02-16,LOM,9505,3073,6432,9057,448,ITC,ITC4,3,Lombardia,Lombardia,10060574,1120929,11.14,0.09
3568,2021-06-10,LOM,101529,51678,49851,87180,14349,ITC,ITC4,3,Lombardia,Lombardia,10060574,1222458,12.15,1.01
3569,2021-03-02,LOM,22803,9698,13105,19769,3034,ITC,ITC4,3,Lombardia,Lombardia,10060574,1245261,12.38,0.23
3570,2020-12-28,LOM,107,47,60,107,0,ITC,ITC4,3,Lombardia,Lombardia,10060574,1245368,12.38,0.0
3571,2021-04-21,LOM,71738,32523,39215,57128,14610,ITC,ITC4,3,Lombardia,Lombardia,10060574,1317106,13.09,0.71
3572,2021-01-11,LOM,16256,5378,10878,16256,0,ITC,ITC4,3,Lombardia,Lombardia,10060574,1333362,13.25,0.16
3573,2021-01-28,LOM,12223,3703,8520,801,11422,ITC,ITC4,3,Lombardia,Lombardia,10060574,1345585,13.37,0.12
3574,2021-02-04,LOM,27806,8105,19701,2010,25796,ITC,ITC4,3,Lombardia,Lombardia,10060574,1373391,13.65,0.28
3575,2021-04-09,LOM,52325,22347,29978,36334,15991,ITC,ITC4,3,Lombardia,Lombardia,10060574,1425716,14.17,0.52
3576,2021-04-04,LOM,7611,3230,4381,3716,3895,ITC,ITC4,3,Lombardia,Lombardia,10060574,1433327,14.25,0.08
3577,2021-04-02,LOM,41168,16843,24325,26719,14449,ITC,ITC4,3,Lombardia,Lombardia,10060574,1474495,14.66,0.41
3578,2021-05-21,LOM,93789,45221,48568,29128,64661,ITC,ITC4,3,Lombardia,Lombardia,10060574,1568284,15.59,0.93
3579,2021-05-07,LOM,92264,43687,48577,69892,22372,ITC,ITC4,3,Lombardia,Lombardia,10060574,1660548,16.51,0.92
3580,2021-03-18,LOM,27383,10953,16430,16149,11234,ITC,ITC4,3,Lombardia,Lombardia,10060574,1687931,16.78,0.27
3581,2021-05-14,LOM,85862,41354,44508,55628,30234,ITC,ITC4,3,Lombardia,Lombardia,10060574,1773793,17.63,0.85
3582,2021-06-12,LOM,88485,47643,40842,85426,3059,ITC,ITC4,3,Lombardia,Lombardia,10060574,1862278,18.51,0.88
3583,2021-03-21,LOM,23510,8493,15017,18317,5193,ITC,ITC4,3,Lombardia,Lombardia,10060574,1885788,18.74,0.23
3584,2021-02-13,LOM,6417,2441,3976,4941,1476,ITC,ITC4,3,Lombardia,Lombardia,10060574,1892205,18.81,0.06
3585,2021-01-13,LOM,26424,8071,18353,26424,0,ITC,ITC4,3,Lombardia,Lombardia,10060574,1918629,19.07,0.26
3586,2021-06-17,LOM,107612,52294,55318,53473,54139,ITC,ITC4,3,Lombardia,Lombardia,10060574,2026241,20.14,1.07
3587,2021-03-09,LOM,33210,12857,20353,25815,7395,ITC,ITC4,3,Lombardia,Lombardia,10060574,2059451,20.47,0.33
3588,2021-05-05,LOM,87893,41909,45984,72590,15303,ITC,ITC4,3,Lombardia,Lombardia,10060574,2147344,21.34,0.87
3589,2021-01-18,LOM,9198,2969,6229,8223,975,ITC,ITC4,3,Lombardia,Lombardia,10060574,2156542,21.44,0.09
3590,2021-03-23,LOM,42567,15464,27103,29708,12859,ITC,ITC4,3,Lombardia,Lombardia,10060574,2199109,21.86,0.42
3591,2021-05-17,LOM,94616,45346,49270,30222,64394,ITC,ITC4,3,Lombardia,Lombardia,10060574,2293725,22.8,0.94
3592,2021-05-19,LOM,82797,39562,43235,33813,48984,ITC,ITC4,3,Lombardia,Lombardia,10060574,2376522,23.62,0.82
3593,2021-02-08,LOM,10081,2918,7163,2130,7951,ITC,ITC4,3,Lombardia,Lombardia,10060574,2386603,23.72,0.1
3594,2021-02-25,LOM,15289,6348,8941,13720,1569,ITC,ITC4,3,Lombardia,Lombardia,10060574,2401892,23.87,0.15
3595,2021-02-06,LOM,15253,5536,9717,1014,14239,ITC,ITC4,3,Lombardia,Lombardia,10060574,2417145,24.03,0.15
3596,2021-04-25,LOM,51496,23612,27884,46753,4743,ITC,ITC4,3,Lombardia,Lombardia,10060574,2468641,24.54,0.51
3597,2021-04-06,LOM,43056,17583,25473,25122,17934,ITC,ITC4,3,Lombardia,Lombardia,10060574,2511697,24.97,0.43
3598,2021-06-14,LOM,94154,47853,46301,49711,44443,ITC,ITC4,3,Lombardia,Lombardia,10060574,2605851,25.9,0.94
3599,2021-04-11,LOM,32214,13941,18273,24823,7391,ITC,ITC4,3,Lombardia,Lombardia,10060574,2638065,26.22,0.32
3600,2021-01-01,LOM,24,7,17,24,0,ITC,ITC4,3,Lombardia,Lombardia,10060574,2638089,26.22,0.0
3601,2021-06-07,LOM,98508,50188,48320,85209,13299,ITC,ITC4,3,Lombardia,Lombardia,10060574,2736597,27.2,0.98
3602,2021-02-27,LOM,13945,5870,8075,13304,641,ITC,ITC4,3,Lombardia,Lombardia,10060574,2750542,27.34,0.14
3603,2020-12-30,LOM,114,42,72,114,0,ITC,ITC4,3,Lombardia,Lombardia,10060574,2750656,27.34,0.0
3604,2021-06-16,LOM,98482,50039,48443,50583,47899,ITC,ITC4,3,Lombardia,Lombardia,10060574,2849138,28.32,0.98
3605,2021-02-10,LOM,14394,4504,9890,7577,6817,ITC,ITC4,3,Lombardia,Lombardia,10060574,2863532,28.46,0.14
3606,2021-02-03,LOM,25638,7916,17722,1080,24558,ITC,ITC4,3,Lombardia,Lombardia,10060574,2889170,28.72,0.25
3607,2021-04-01,LOM,42951,17226,25725,26753,16198,ITC,ITC4,3,Lombardia,Lombardia,10060574,2932121,29.14,0.43
3608,2021-02-20,LOM,9336,3867,5469,9038,298,ITC,ITC4,3,Lombardia,Lombardia,10060574,2941457,29.24,0.09
3609,2021-04-18,LOM,36359,16214,20145,31121,5238,ITC,ITC4,3,Lombardia,Lombardia,10060574,2977816,29.6,0.36
3610,2021-01-08,LOM,12703,3918,8785,12703,0,ITC,ITC4,3,Lombardia,Lombardia,10060574,2990519,29.73,0.13
3611,2021-01-15,LOM,25214,7433,17781,25214,0,ITC,ITC4,3,Lombardia,Lombardia,10060574,3015733,29.98,0.25
3612,2021-04-29,LOM,115471,53575,61896,85636,29835,ITC,ITC4,3,Lombardia,Lombardia,10060574,3131204,31.12,1.15
3613,2021-06-25,LOM,37208,19203,18005,25327,11881,ITC,ITC4,3,Lombardia,Lombardia,10060574,3168412,31.49,0.37
3614,2021-03-28,LOM,20480,7816,12664,14317,6163,ITC,ITC4,3,Lombardia,Lombardia,10060574,3188892,31.7,0.2
3615,2021-04-14,LOM,47152,21015,26137,34186,12966,ITC,ITC4,3,Lombardia,Lombardia,10060574,3236044,32.17,0.47
3616,2021-01-04,LOM,6099,2102,3997,6099,0,ITC,ITC4,3,Lombardia,Lombardia,10060574,3242143,32.23,0.06
3617,2021-06-19,LOM,103255,51485,51770,58500,44755,ITC,ITC4,3,Lombardia,Lombardia,10060574,3345398,33.25,1.03
3618,2021-03-04,LOM,29312,12106,17206,20254,9058,ITC,ITC4,3,Lombardia,Lombardia,10060574,3374710,33.54,0.29
3619,2021-03-22,LOM,40324,14297,26027,29771,10553,ITC,ITC4,3,Lombardia,Lombardia,10060574,3415034,33.94,0.4
3620,2021-04-08,LOM,52321,21748,30573,35874,16447,ITC,ITC4,3,Lombardia,Lombardia,10060574,3467355,34.46,0.52
3621,2020-12-29,LOM,106,45,61,106,0,ITC,ITC4,3,Lombardia,Lombardia,10060574,3467461,34.47,0.0
3622,2021-04-22,LOM,73867,33367,40500,57543,16324,ITC,ITC4,3,Lombardia,Lombardia,10060574,3541328,35.2,0.73
3623,2021-03-03,LOM,26962,11510,15452,19683,7279,ITC,ITC4,3,Lombardia,Lombardia,10060574,3568290,35.47,0.27
3624,2021-01-25,LOM,7012,2367,4645,473,6539,ITC,ITC4,3,Lombardia,Lombardia,10060574,3575302,35.54,0.07
3625,2021-02-01,LOM,16064,5322,10742,309,15755,ITC,ITC4,3,Lombardia,Lombardia,10060574,3591366,35.7,0.16
3626,2021-04-03,LOM,36236,14859,21377,26149,10087,ITC,ITC4,3,Lombardia,Lombardia,10060574,3627602,36.06,0.36
3627,2021-05-30,LOM,74363,35585,38778,34410,39953,ITC,ITC4,3,Lombardia,Lombardia,10060574,3701965,36.8,0.74
3628,2021-05-23,LOM,60761,28927,31834,26809,33952,ITC,ITC4,3,Lombardia,Lombardia,10060574,3762726,37.4,0.6
3629,2021-02-12,LOM,13959,4364,9595,9025,4934,ITC,ITC4,3,Lombardia,Lombardia,10060574,3776685,37.54,0.14
3630,2021-04-10,LOM,52727,21834,30893,40772,11955,ITC,ITC4,3,Lombardia,Lombardia,10060574,3829412,38.06,0.52
3631,2021-06-06,LOM,89821,46176,43645,80602,9219,ITC,ITC4,3,Lombardia,Lombardia,10060574,3919233,38.96,0.89
3632,2021-01-07,LOM,11757,3635,8122,11757,0,ITC,ITC4,3,Lombardia,Lombardia,10060574,3930990,39.07,0.12
3633,2021-03-06,LOM,21317,9092,12225,16805,4512,ITC,ITC4,3,Lombardia,Lombardia,10060574,3952307,39.29,0.21
3634,2021-06-09,LOM,102621,51712,50909,88294,14327,ITC,ITC4,3,Lombardia,Lombardia,10060574,4054928,40.31,1.02
3635,2021-03-08,LOM,29727,11176,18551,22654,7073,ITC,ITC4,3,Lombardia,Lombardia,10060574,4084655,40.6,0.3
3636,2021-05-04,LOM,86797,41068,45729,72413,14384,ITC,ITC4,3,Lombardia,Lombardia,10060574,4171452,41.46,0.86
3637,2021-01-24,LOM,1199,457,742,536,663,ITC,ITC4,3,Lombardia,Lombardia,10060574,4172651,41.48,0.01
3638,2021-04-20,LOM,67648,30827,36821,57312,10336,ITC,ITC4,3,Lombardia,Lombardia,10060574,4240299,42.15,0.67
3639,2021-01-10,LOM,10513,3957,6556,10513,0,ITC,ITC4,3,Lombardia,Lombardia,10060574,4250812,42.25,0.1
3640,2021-01-17,LOM,8348,3345,5003,8147,201,ITC,ITC4,3,Lombardia,Lombardia,10060574,4259160,42.34,0.08
3641,2021-06-23,LOM,107673,55760,51913,76532,31141,ITC,ITC4,3,Lombardia,Lombardia,10060574,4366833,43.41,1.07
3642,2021-03-15,LOM,31547,11327,20220,23032,8515,ITC,ITC4,3,Lombardia,Lombardia,10060574,4398380,43.72,0.31
3643,2021-04-27,LOM,85965,39966,45999,69421,16544,ITC,ITC4,3,Lombardia,Lombardia,10060574,4484345,44.57,0.85
3644,2021-05-02,LOM,83498,38332,45166,61036,22462,ITC,ITC4,3,Lombardia,Lombardia,10060574,4567843,45.4,0.83
3645,2021-04-13,LOM,47595,21248,26347,33521,14074,ITC,ITC4,3,Lombardia,Lombardia,10060574,4615438,45.88,0.47
3646,2021-04-30,LOM,117215,54779,62436,89730,27485,ITC,ITC4,3,Lombardia,Lombardia,10060574,4732653,47.04,1.17
3647,2021-01-20,LOM,5663,1377,4286,5549,114,ITC,ITC4,3,Lombardia,Lombardia,10060574,4738316,47.1,0.06
3648,2021-01-22,LOM,3142,868,2274,3073,69,ITC,ITC4,3,Lombardia,Lombardia,10060574,4741458,47.13,0.03
3649,2021-04-15,LOM,49414,21845,27569,35592,13822,ITC,ITC4,3,Lombardia,Lombardia,10060574,4790872,47.62,0.49
3650,2021-01-05,LOM,7851,2575,5276,7851,0,ITC,ITC4,3,Lombardia,Lombardia,10060574,4798723,47.7,0.08
3651,2021-03-27,LOM,32429,12373,20056,23724,8705,ITC,ITC4,3,Lombardia,Lombardia,10060574,4831152,48.02,0.32
3652,2021-01-03,LOM,854,316,538,854,0,ITC,ITC4,3,Lombardia,Lombardia,10060574,4832006,48.03,0.01
3653,2021-03-17,LOM,26253,10493,15760,15254,10999,ITC,ITC4,3,Lombardia,Lombardia,10060574,4858259,48.29,0.26
3654,2021-03-24,LOM,43230,15605,27625,31352,11878,ITC,ITC4,3,Lombardia,Lombardia,10060574,4901489,48.72,0.43
3655,2021-02-09,LOM,12210,3332,8878,4035,8175,ITC,ITC4,3,Lombardia,Lombardia,10060574,4913699,48.84,0.12
3656,2021-06-01,LOM,93869,46062,47807,76850,17019,ITC,ITC4,3,Lombardia,Lombardia,10060574,5007568,49.77,0.93
3657,2021-01-02,LOM,200,72,128,200,0,ITC,ITC4,3,Lombardia,Lombardia,10060574,5007768,49.78,0.0
3658,2021-06-08,LOM,102289,52008,50281,88279,14010,ITC,ITC4,3,Lombardia,Lombardia,10060574,5110057,50.79,1.02
3659,2021-02-28,LOM,7882,3253,4629,7672,210,ITC,ITC4,3,Lombardia,Lombardia,10060574,5117939,50.87,0.08
3660,2021-04-26,LOM,87936,40923,47013,68778,19158,ITC,ITC4,3,Lombardia,Lombardia,10060574,5205875,51.75,0.87
3661,2021-04-16,LOM,53643,23915,29728,39304,14339,ITC,ITC4,3,Lombardia,Lombardia,10060574,5259518,52.28,0.53
3662,2021-05-03,LOM,83679,39747,43932,71557,12122,ITC,ITC4,3,Lombardia,Lombardia,10060574,5343197,53.11,0.83
3663,2021-01-23,LOM,1115,357,758,916,199,ITC,ITC4,3,Lombardia,Lombardia,10060574,5344312,53.12,0.01
3664,2021-06-21,LOM,111455,57126,54329,80757,30698,ITC,ITC4,3,Lombardia,Lombardia,10060574,5455767,54.23,1.11
3665,2021-06-02,LOM,84626,43572,41054,78295,6331,ITC,ITC4,3,Lombardia,Lombardia,10060574,5540393,55.07,0.84
3666,2021-03-11,LOM,36209,13473,22736,26302,9907,ITC,ITC4,3,Lombardia,Lombardia,10060574,5576602,55.43,0.36
3667,2021-03-30,LOM,39544,15548,23996,24770,14774,ITC,ITC4,3,Lombardia,Lombardia,10060574,5616146,55.82,0.39
3668,2021-01-06,LOM,7059,2492,4567,7059,0,ITC,ITC4,3,Lombardia,Lombardia,10060574,5623205,55.89,0.07
3669,2021-05-18,LOM,88152,42142,46010,32611,55541,ITC,ITC4,3,Lombardia,Lombardia,10060574,5711357,56.77,0.88
3670,2021-06-04,LOM,104373,54194,50179,94768,9605,ITC,ITC4,3,Lombardia,Lombardia,10060574,5815730,57.81,1.04
3671,2021-02-24,LOM,14720,5957,8763,13766,954,ITC,ITC4,3,Lombardia,Lombardia,10060574,5830450,57.95,0.15
3672,2021-05-16,LOM,68664,32496,36168,36487,32177,ITC,ITC4,3,Lombardia,Lombardia,10060574,5899114,58.64,0.68
3673,2021-02-05,LOM,25701,7456,18245,2427,23274,ITC,ITC4,3,Lombardia,Lombardia,10060574,5924815,58.89,0.26
3674,2021-02-22,LOM,11894,4807,7087,11589,305,ITC,ITC4,3,Lombardia,Lombardia,10060574,5936709,59.01,0.12
3675,2021-06-22,LOM,108479,56676,51803,79432,29047,ITC,ITC4,3,Lombardia,Lombardia,10060574,6045188,60.09,1.08
3676,2021-06-03,LOM,96956,49638,47318,86189,10767,ITC,ITC4,3,Lombardia,Lombardia,10060574,6142144,61.05,0.96
3677,2021-06-20,LOM,87804,43751,44053,54196,33608,ITC,ITC4,3,Lombardia,Lombardia,10060574,6229948,61.92,0.87
3678,2021-03-12,LOM,35261,12965,22296,25062,10199,ITC,ITC4,3,Lombardia,Lombardia,10060574,6265209,62.27,0.35
3679,2021-03-29,LOM,40036,15537,24499,25205,14831,ITC,ITC4,3,Lombardia,Lombardia,10060574,6305245,62.67,0.4
3680,2021-02-19,LOM,14211,5399,8812,13488,723,ITC,ITC4,3,Lombardia,Lombardia,10060574,6319456,62.81,0.14
3681,2021-04-17,LOM,48478,21293,27185,37640,10838,ITC,ITC4,3,Lombardia,Lombardia,10060574,6367934,63.3,0.48
3682,2021-02-26,LOM,18390,7554,10836,16518,1872,ITC,ITC4,3,Lombardia,Lombardia,10060574,6386324,63.48,0.18
3683,2020-12-31,LOM,713,301,412,713,0,ITC,ITC4,3,Lombardia,Lombardia,10060574,6387037,63.49,0.01
3684,2021-04-12,LOM,47221,20574,26647,32887,14334,ITC,ITC4,3,Lombardia,Lombardia,10060574,6434258,63.96,0.47
3685,2021-02-21,LOM,5053,1864,3189,5036,17,ITC,ITC4,3,Lombardia,Lombardia,10060574,6439311,64.01,0.05
3686,2021-04-19,LOM,60096,27342,32754,50691,9405,ITC,ITC4,3,Lombardia,Lombardia,10060574,6499407,64.6,0.6
3687,2021-06-15,LOM,95407,48565,46842,49555,45852,ITC,ITC4,3,Lombardia,Lombardia,10060574,6594814,65.55,0.95
3688,2021-06-18,LOM,106730,52425,54305,54000,52730,ITC,ITC4,3,Lombardia,Lombardia,10060574,6701544,66.61,1.06
3689,2021-03-01,LOM,18789,8230,10559,17084,1705,ITC,ITC4,3,Lombardia,Lombardia,10060574,6720333,66.8,0.19
3690,2021-05-15,LOM,80894,38781,42113,47520,33374,ITC,ITC4,3,Lombardia,Lombardia,10060574,6801227,67.6,0.8
3691,2021-03-13,LOM,27168,9768,17400,21079,6089,ITC,ITC4,3,Lombardia,Lombardia,10060574,6828395,67.87,0.27
3692,2021-05-01,LOM,95964,43670,52294,66757,29207,ITC,ITC4,3,Lombardia,Lombardia,10060574,6924359,68.83,0.95
3693,2021-01-21,LOM,5458,1594,3864,4770,688,ITC,ITC4,3,Lombardia,Lombardia,10060574,6929817,68.88,0.05
3694,2021-02-07,LOM,7310,2824,4486,338,6972,ITC,ITC4,3,Lombardia,Lombardia,10060574,6937127,68.95,0.07
3695,2021-01-19,LOM,8052,2329,5723,7584,468,ITC,ITC4,3,Lombardia,Lombardia,10060574,6945179,69.03,0.08
3696,2021-05-11,LOM,86829,41413,45416,60652,26177,ITC,ITC4,3,Lombardia,Lombardia,10060574,7032008,69.9,0.86
3697,2021-05-28,LOM,93461,44800,48661,42925,50536,ITC,ITC4,3,Lombardia,Lombardia,10060574,7125469,70.83,0.93
3698,2021-02-17,LOM,11988,3755,8233,10598,1390,ITC,ITC4,3,Lombardia,Lombardia,10060574,7137457,70.94,0.12
3699,2021-06-11,LOM,100478,51166,49312,85962,14516,ITC,ITC4,3,Lombardia,Lombardia,10060574,7237935,71.94,1.0
3700,2021-04-05,LOM,27377,11694,15683,19274,8103,ITC,ITC4,3,Lombardia,Lombardia,10060574,7265312,72.22,0.27
3701,2021-01-31,LOM,9734,3762,5972,29,9705,ITC,ITC4,3,Lombardia,Lombardia,10060574,7275046,72.31,0.1
3702,2021-05-25,LOM,91072,43582,47490,44630,46442,ITC,ITC4,3,Lombardia,Lombardia,10060574,7366118,73.22,0.91
3703,2021-02-14,LOM,3581,1545,2036,2946,635,ITC,ITC4,3,Lombardia,Lombardia,10060574,7369699,73.25,0.04
3704,2021-01-12,LOM,20219,6698,13521,20219,0,ITC,ITC4,3,Lombardia,Lombardia,10060574,7389918,73.45,0.2
3705,2021-05-13,LOM,87055,41731,45324,58274,28781,ITC,ITC4,3,Lombardia,Lombardia,10060574,7476973,74.32,0.87
3706,2021-02-02,LOM,19867,6593,13274,497,19370,ITC,ITC4,3,Lombardia,Lombardia,10060574,7496840,74.52,0.2
3707,2021-03-31,LOM,42039,17043,24996,26813,15226,ITC,ITC4,3,Lombardia,Lombardia,10060574,7538879,74.93,0.42
3708,2021-03-10,LOM,33239,12713,20526,25379,7860,ITC,ITC4,3,Lombardia,Lombardia,10060574,7572118,75.27,0.33
3709,2021-05-06,LOM,89788,42180,47608,73324,16464,ITC,ITC4,3,Lombardia,Lombardia,10060574,7661906,76.16,0.89
3710,2021-01-26,LOM,8340,2705,5635,349,7991,ITC,ITC4,3,Lombardia,Lombardia,10060574,7670246,76.24,0.08
3711,2021-05-20,LOM,94383,45618,48765,31855,62528,ITC,ITC4,3,Lombardia,Lombardia,10060574,7764629,77.18,0.94
3712,2021-05-26,LOM,93554,44616,48938,43584,49970,ITC,ITC4,3,Lombardia,Lombardia,10060574,7858183,78.11,0.93
3713,2021-02-15,LOM,8944,3133,5811,8527,417,ITC,ITC4,3,Lombardia,Lombardia,10060574,7867127,78.2,0.09
3714,2021-03-20,LOM,32578,12158,20420,22730,9848,ITC,ITC4,3,Lombardia,Lombardia,10060574,7899705,78.52,0.32
3715,2020-12-27,LOM,718,414,304,718,0,ITC,ITC4,3,Lombardia,Lombardia,10060574,7900423,78.53,0.01
3716,2021-05-09,LOM,69689,32879,36810,56429,13260,ITC,ITC4,3,Lombardia,Lombardia,10060574,7970112,79.22,0.69
3717,2021-01-29,LOM,13480,4126,9354,685,12795,ITC,ITC4,3,Lombardia,Lombardia,10060574,7983592,79.36,0.13
3718,2021-06-13,LOM,75236,40179,35057,73112,2124,ITC,ITC4,3,Lombardia,Lombardia,10060574,8058828,80.1,0.75
3719,2021-03-05,LOM,28917,11925,16992,20506,8411,ITC,ITC4,3,Lombardia,Lombardia,10060574,8087745,80.39,0.29
3720,2021-03-19,LOM,32421,12913,19508,19224,13197,ITC,ITC4,3,Lombardia,Lombardia,10060574,8120166,80.71,0.32
3721,2021-05-27,LOM,94719,45395,49324,41367,53352,ITC,ITC4,3,Lombardia,Lombardia,10060574,8214885,81.65,0.94
3722,2021-04-24,LOM,75767,33579,42188,54644,21123,ITC,ITC4,3,Lombardia,Lombardia,10060574,8290652,82.41,0.75
3723,2021-01-14,LOM,26905,7801,19104,26905,0,ITC,ITC4,3,Lombardia,Lombardia,10060574,8317557,82.67,0.27
3724,2021-05-08,LOM,87695,40750,46945,65672,22023,ITC,ITC4,3,Lombardia,Lombardia,10060574,8405252,83.55,0.87
3725,2021-04-07,LOM,50573,20915,29658,34767,15806,ITC,ITC4,3,Lombardia,Lombardia,10060574,8455825,84.05,0.5
