,data,area,Vaccinazioni giornaliere,sesso_maschile,sesso_femminile,prima_dose,seconda_dose,pregressa_infezione,codice_NUTS1,codice_NUTS2,codice_regione_ISTAT,nome_area,Regione,popolazione,Totale vaccinazioni,Totale vaccinazioni ogni cento ab,Vaccinazioni giornaliere ogni cento ab
0,2021-04-16,LAZ,34544,15752,18792,21966,12196,382,ITI,ITI4,12,Lazio,Lazio,5879082,34544,0.59,0.59
1,2021-01-23,LAZ,7214,2869,4345,585,6629,0,ITI,ITI4,12,Lazio,Lazio,5879082,41758,0.71,0.12
2,2021-01-06,LAZ,5194,1989,3205,5074,0,120,ITI,ITI4,12,Lazio,Lazio,5879082,46952,0.8,0.09
3,2021-02-18,LAZ,10025,4978,5047,9101,819,105,ITI,ITI4,12,Lazio,Lazio,5879082,56977,0.97,0.17
4,2021-05-12,LAZ,47599,21608,25991,30284,16676,639,ITI,ITI4,12,Lazio,Lazio,5879082,104576,1.78,0.81
5,2021-02-01,LAZ,5679,2181,3498,353,5325,1,ITI,ITI4,12,Lazio,Lazio,5879082,110255,1.88,0.1
6,2021-07-15,LAZ,44928,21996,22932,6709,37814,405,ITI,ITI4,12,Lazio,Lazio,5879082,155183,2.64,0.76
7,2021-01-13,LAZ,5805,2191,3614,5643,0,162,ITI,ITI4,12,Lazio,Lazio,5879082,160988,2.74,0.1
8,2021-03-30,LAZ,27091,13172,13919,19538,7204,349,ITI,ITI4,12,Lazio,Lazio,5879082,188079,3.2,0.46
9,2021-07-08,LAZ,64241,31538,32703,28171,35412,658,ITI,ITI4,12,Lazio,Lazio,5879082,252320,4.29,1.09
10,2021-07-27,LAZ,56250,27288,28962,8030,47905,315,ITI,ITI4,12,Lazio,Lazio,5879082,308570,5.25,0.96
11,2021-04-18,LAZ,23862,10605,13257,15894,7696,272,ITI,ITI4,12,Lazio,Lazio,5879082,332432,5.65,0.41
12,2021-03-16,LAZ,13595,5764,7831,7048,6467,80,ITI,ITI4,12,Lazio,Lazio,5879082,346027,5.89,0.23
13,2021-03-09,LAZ,22017,9943,12074,16444,5221,352,ITI,ITI4,12,Lazio,Lazio,5879082,368044,6.26,0.37
14,2021-01-11,LAZ,5656,2146,3510,5511,0,145,ITI,ITI4,12,Lazio,Lazio,5879082,373700,6.36,0.1
15,2021-05-26,LAZ,47629,21901,25728,34853,12125,651,ITI,ITI4,12,Lazio,Lazio,5879082,421329,7.17,0.81
16,2021-03-04,LAZ,19456,8740,10716,14189,5032,235,ITI,ITI4,12,Lazio,Lazio,5879082,440785,7.5,0.33
17,2021-06-12,LAZ,69904,32103,37801,39880,29394,630,ITI,ITI4,12,Lazio,Lazio,5879082,510689,8.69,1.19
18,2021-06-14,LAZ,63051,29540,33511,32322,30176,553,ITI,ITI4,12,Lazio,Lazio,5879082,573740,9.76,1.07
19,2021-03-21,LAZ,18288,7201,11087,13027,5070,191,ITI,ITI4,12,Lazio,Lazio,5879082,592028,10.07,0.31
20,2020-12-30,LAZ,1654,638,1016,1643,0,11,ITI,ITI4,12,Lazio,Lazio,5879082,593682,10.1,0.03
21,2021-06-26,LAZ,56190,26481,29709,24701,30902,587,ITI,ITI4,12,Lazio,Lazio,5879082,649872,11.05,0.96
22,2021-04-30,LAZ,41687,18472,23215,26674,14358,655,ITI,ITI4,12,Lazio,Lazio,5879082,691559,11.76,0.71
23,2021-06-19,LAZ,66520,31383,35137,35280,30436,804,ITI,ITI4,12,Lazio,Lazio,5879082,758079,12.89,1.13
24,2021-07-22,LAZ,61059,30500,30559,28482,31086,1491,ITI,ITI4,12,Lazio,Lazio,5879082,819138,13.93,1.04
25,2021-05-17,LAZ,44615,20430,24185,35604,8602,409,ITI,ITI4,12,Lazio,Lazio,5879082,863753,14.69,0.76
26,2021-02-06,LAZ,6223,2538,3685,895,5324,4,ITI,ITI4,12,Lazio,Lazio,5879082,869976,14.8,0.11
27,2021-02-20,LAZ,9213,4275,4938,8367,775,71,ITI,ITI4,12,Lazio,Lazio,5879082,879189,14.95,0.16
28,2021-05-31,LAZ,51765,23048,28717,30863,19879,1023,ITI,ITI4,12,Lazio,Lazio,5879082,930954,15.84,0.88
29,2021-04-04,LAZ,17664,8198,9466,12262,5290,112,ITI,ITI4,12,Lazio,Lazio,5879082,948618,16.14,0.3
30,2021-02-25,LAZ,12779,5596,7183,11414,1180,185,ITI,ITI4,12,Lazio,Lazio,5879082,961397,16.35,0.22
31,2021-06-05,LAZ,66309,32673,33636,42885,22759,665,ITI,ITI4,12,Lazio,Lazio,5879082,1027706,17.48,1.13
32,2021-04-23,LAZ,37965,18285,19680,22118,15394,453,ITI,ITI4,12,Lazio,Lazio,5879082,1065671,18.13,0.65
33,2021-08-03,LAZ,2059,1059,1000,460,1582,17,ITI,ITI4,12,Lazio,Lazio,5879082,1067730,18.16,0.04
34,2021-01-30,LAZ,7018,2896,4122,811,6206,1,ITI,ITI4,12,Lazio,Lazio,5879082,1074748,18.28,0.12
35,2021-07-19,LAZ,63069,31002,32067,28312,33666,1091,ITI,ITI4,12,Lazio,Lazio,5879082,1137817,19.35,1.07
36,2021-01-15,LAZ,6706,2757,3949,6536,0,170,ITI,ITI4,12,Lazio,Lazio,5879082,1144523,19.47,0.11
37,2021-04-25,LAZ,24581,11281,13300,16424,7874,283,ITI,ITI4,12,Lazio,Lazio,5879082,1169104,19.89,0.42
38,2021-01-25,LAZ,8118,3250,4868,775,7343,0,ITI,ITI4,12,Lazio,Lazio,5879082,1177222,20.02,0.14
39,2021-05-05,LAZ,46834,21491,25343,30418,15858,558,ITI,ITI4,12,Lazio,Lazio,5879082,1224056,20.82,0.8
40,2021-03-02,LAZ,17231,7628,9603,13111,3955,165,ITI,ITI4,12,Lazio,Lazio,5879082,1241287,21.11,0.29
41,2021-01-18,LAZ,6387,2603,3784,5281,980,126,ITI,ITI4,12,Lazio,Lazio,5879082,1247674,21.22,0.11
42,2021-04-28,LAZ,33026,15068,17958,20980,11656,390,ITI,ITI4,12,Lazio,Lazio,5879082,1280700,21.78,0.56
43,2021-07-01,LAZ,48473,23179,25294,7184,41081,208,ITI,ITI4,12,Lazio,Lazio,5879082,1329173,22.61,0.82
44,2021-04-09,LAZ,27702,12610,15092,19145,8271,286,ITI,ITI4,12,Lazio,Lazio,5879082,1356875,23.08,0.47
45,2021-03-23,LAZ,25456,11949,13507,18477,6632,347,ITI,ITI4,12,Lazio,Lazio,5879082,1382331,23.51,0.43
46,2021-02-15,LAZ,8038,3548,4490,7312,643,83,ITI,ITI4,12,Lazio,Lazio,5879082,1390369,23.65,0.14
47,2021-01-29,LAZ,8054,3086,4968,817,7235,2,ITI,ITI4,12,Lazio,Lazio,5879082,1398423,23.79,0.14
48,2021-05-19,LAZ,47280,21717,25563,36527,10145,608,ITI,ITI4,12,Lazio,Lazio,5879082,1445703,24.59,0.8
49,2021-01-04,LAZ,7572,2939,4633,7468,0,104,ITI,ITI4,12,Lazio,Lazio,5879082,1453275,24.72,0.13
50,2021-06-24,LAZ,63982,30520,33462,28615,34720,647,ITI,ITI4,12,Lazio,Lazio,5879082,1517257,25.81,1.09
51,2021-06-07,LAZ,62609,29302,33307,32701,29321,587,ITI,ITI4,12,Lazio,Lazio,5879082,1579866,26.87,1.06
52,2021-06-21,LAZ,61981,28794,33187,28490,32886,605,ITI,ITI4,12,Lazio,Lazio,5879082,1641847,27.93,1.05
53,2021-03-13,LAZ,21847,8753,13094,15700,5913,234,ITI,ITI4,12,Lazio,Lazio,5879082,1663694,28.3,0.37
54,2021-05-07,LAZ,48289,22636,25653,30092,17789,408,ITI,ITI4,12,Lazio,Lazio,5879082,1711983,29.12,0.82
55,2021-03-11,LAZ,25494,12023,13471,18868,6282,344,ITI,ITI4,12,Lazio,Lazio,5879082,1737477,29.55,0.43
56,2021-07-03,LAZ,53208,25052,28156,4646,48426,136,ITI,ITI4,12,Lazio,Lazio,5879082,1790685,30.46,0.91
57,2021-02-03,LAZ,6493,2491,4002,960,5526,7,ITI,ITI4,12,Lazio,Lazio,5879082,1797178,30.57,0.11
58,2021-02-11,LAZ,7000,3011,3989,6442,533,25,ITI,ITI4,12,Lazio,Lazio,5879082,1804178,30.69,0.12
59,2021-04-11,LAZ,19230,8524,10706,13144,5925,161,ITI,ITI4,12,Lazio,Lazio,5879082,1823408,31.02,0.33
60,2021-02-13,LAZ,6612,2627,3985,6147,419,46,ITI,ITI4,12,Lazio,Lazio,5879082,1830020,31.13,0.11
61,2021-07-20,LAZ,63285,31584,31701,28444,33673,1168,ITI,ITI4,12,Lazio,Lazio,5879082,1893305,32.2,1.08
62,2021-05-24,LAZ,44003,20181,23822,33549,9791,663,ITI,ITI4,12,Lazio,Lazio,5879082,1937308,32.95,0.75
63,2021-01-03,LAZ,5337,2011,3326,5278,0,59,ITI,ITI4,12,Lazio,Lazio,5879082,1942645,33.04,0.09
64,2021-04-13,LAZ,25822,11974,13848,17685,7745,392,ITI,ITI4,12,Lazio,Lazio,5879082,1968467,33.48,0.44
65,2021-07-31,LAZ,55846,29353,26493,5435,50115,296,ITI,ITI4,12,Lazio,Lazio,5879082,2024313,34.43,0.95
66,2021-03-28,LAZ,19189,7831,11358,13542,5311,336,ITI,ITI4,12,Lazio,Lazio,5879082,2043502,34.76,0.33
67,2021-06-09,LAZ,70414,33324,37090,35966,33816,632,ITI,ITI4,12,Lazio,Lazio,5879082,2113916,35.96,1.2
68,2021-04-01,LAZ,29778,14126,15652,22231,7170,377,ITI,ITI4,12,Lazio,Lazio,5879082,2143694,36.46,0.51
69,2021-07-10,LAZ,71002,35635,35367,25028,45330,644,ITI,ITI4,12,Lazio,Lazio,5879082,2214696,37.67,1.21
70,2021-07-24,LAZ,30677,15470,15207,3216,27322,139,ITI,ITI4,12,Lazio,Lazio,5879082,2245373,38.19,0.52
71,2021-06-23,LAZ,62316,29347,32969,28437,33382,497,ITI,ITI4,12,Lazio,Lazio,5879082,2307689,39.25,1.06
72,2021-04-15,LAZ,32024,14346,17678,20704,10874,446,ITI,ITI4,12,Lazio,Lazio,5879082,2339713,39.8,0.54
73,2021-04-06,LAZ,24624,11270,13354,17141,7165,318,ITI,ITI4,12,Lazio,Lazio,5879082,2364337,40.22,0.42
74,2020-12-27,LAZ,274,132,142,274,0,0,ITI,ITI4,12,Lazio,Lazio,5879082,2364611,40.22,0.0
75,2021-03-20,LAZ,19276,7673,11603,13091,5923,262,ITI,ITI4,12,Lazio,Lazio,5879082,2383887,40.55,0.33
76,2021-02-17,LAZ,9194,4606,4588,8240,885,69,ITI,ITI4,12,Lazio,Lazio,5879082,2393081,40.71,0.16
77,2021-05-28,LAZ,57234,26615,30619,43127,13319,788,ITI,ITI4,12,Lazio,Lazio,5879082,2450315,41.68,0.97
78,2021-03-06,LAZ,18392,7094,11298,13901,4272,219,ITI,ITI4,12,Lazio,Lazio,5879082,2468707,41.99,0.31
79,2021-03-27,LAZ,26544,10799,15745,19486,6515,543,ITI,ITI4,12,Lazio,Lazio,5879082,2495251,42.44,0.45
80,2021-07-05,LAZ,61546,29637,31909,25571,34922,1053,ITI,ITI4,12,Lazio,Lazio,5879082,2556797,43.49,1.05
81,2021-05-23,LAZ,47152,22884,24268,39100,7397,655,ITI,ITI4,12,Lazio,Lazio,5879082,2603949,44.29,0.8
82,2021-05-09,LAZ,37559,17266,20293,25830,11282,447,ITI,ITI4,12,Lazio,Lazio,5879082,2641508,44.93,0.64
83,2021-07-12,LAZ,41368,20697,20671,5857,35286,225,ITI,ITI4,12,Lazio,Lazio,5879082,2682876,45.63,0.7
84,2021-05-16,LAZ,51005,24564,26441,36958,13510,537,ITI,ITI4,12,Lazio,Lazio,5879082,2733881,46.5,0.87
85,2021-01-08,LAZ,7894,2960,4934,7697,0,197,ITI,ITI4,12,Lazio,Lazio,5879082,2741775,46.64,0.13
86,2021-07-29,LAZ,55778,28389,27389,7560,47853,365,ITI,ITI4,12,Lazio,Lazio,5879082,2797553,47.58,0.95
87,2021-02-08,LAZ,9747,4158,5589,4507,5238,2,ITI,ITI4,12,Lazio,Lazio,5879082,2807300,47.75,0.17
88,2021-05-02,LAZ,32917,14453,18464,23002,9454,461,ITI,ITI4,12,Lazio,Lazio,5879082,2840217,48.31,0.56
89,2021-01-22,LAZ,4011,1639,2372,496,3515,0,ITI,ITI4,12,Lazio,Lazio,5879082,2844228,48.38,0.07
90,2021-02-27,LAZ,11528,4333,7195,10348,1042,138,ITI,ITI4,12,Lazio,Lazio,5879082,2855756,48.57,0.2
91,2021-05-20,LAZ,51827,25011,26816,37143,13954,730,ITI,ITI4,12,Lazio,Lazio,5879082,2907583,49.46,0.88
92,2021-06-20,LAZ,55309,25435,29874,29614,24942,753,ITI,ITI4,12,Lazio,Lazio,5879082,2962892,50.4,0.94
93,2021-06-06,LAZ,58217,28058,30159,35113,22520,584,ITI,ITI4,12,Lazio,Lazio,5879082,3021109,51.39,0.99
94,2021-04-27,LAZ,30828,13921,16907,19472,10953,403,ITI,ITI4,12,Lazio,Lazio,5879082,3051937,51.91,0.52
95,2021-03-01,LAZ,17127,7371,9756,13008,3886,233,ITI,ITI4,12,Lazio,Lazio,5879082,3069064,52.2,0.29
96,2021-08-05,LAZ,22446,11263,11183,15038,6653,755,ITI,ITI4,12,Lazio,Lazio,5879082,3091510,52.58,0.38
97,2021-02-22,LAZ,11466,4994,6472,10809,503,154,ITI,ITI4,12,Lazio,Lazio,5879082,3102976,52.78,0.2
98,2021-06-02,LAZ,43505,21592,21913,31434,11523,548,ITI,ITI4,12,Lazio,Lazio,5879082,3146481,53.52,0.74
99,2021-06-11,LAZ,69741,32814,36927,36680,32425,636,ITI,ITI4,12,Lazio,Lazio,5879082,3216222,54.71,1.19
100,2021-02-10,LAZ,8206,3413,4793,4847,3354,5,ITI,ITI4,12,Lazio,Lazio,5879082,3224428,54.85,0.14
101,2021-05-21,LAZ,52061,25039,27022,37270,14086,705,ITI,ITI4,12,Lazio,Lazio,5879082,3276489,55.73,0.89
102,2021-06-04,LAZ,61979,30237,31742,43520,17834,625,ITI,ITI4,12,Lazio,Lazio,5879082,3338468,56.79,1.05
103,2021-05-04,LAZ,40260,18524,21736,26113,13679,468,ITI,ITI4,12,Lazio,Lazio,5879082,3378728,57.47,0.68
104,2021-02-24,LAZ,12058,5213,6845,10937,997,124,ITI,ITI4,12,Lazio,Lazio,5879082,3390786,57.68,0.21
105,2021-07-07,LAZ,62605,31012,31593,28375,33649,581,ITI,ITI4,12,Lazio,Lazio,5879082,3453391,58.74,1.06
106,2021-03-29,LAZ,25571,12147,13424,18189,7080,302,ITI,ITI4,12,Lazio,Lazio,5879082,3478962,59.18,0.43
107,2021-03-15,LAZ,21018,9871,11147,14004,6767,247,ITI,ITI4,12,Lazio,Lazio,5879082,3499980,59.53,0.36
108,2021-01-05,LAZ,7453,2831,4622,7350,0,103,ITI,ITI4,12,Lazio,Lazio,5879082,3507433,59.66,0.13
109,2021-01-24,LAZ,5699,2229,3470,615,5084,0,ITI,ITI4,12,Lazio,Lazio,5879082,3513132,59.76,0.1
110,2021-07-17,LAZ,43849,22111,21738,2165,41580,104,ITI,ITI4,12,Lazio,Lazio,5879082,3556981,60.5,0.75
111,2021-06-30,LAZ,62994,29644,33350,29767,32691,536,ITI,ITI4,12,Lazio,Lazio,5879082,3619975,61.57,1.07
112,2021-04-08,LAZ,26862,12319,14543,18813,7701,348,ITI,ITI4,12,Lazio,Lazio,5879082,3646837,62.03,0.46
113,2021-07-02,LAZ,48499,23242,25257,6620,41700,179,ITI,ITI4,12,Lazio,Lazio,5879082,3695336,62.86,0.82
114,2021-03-22,LAZ,23411,10561,12850,16352,6730,329,ITI,ITI4,12,Lazio,Lazio,5879082,3718747,63.25,0.4
115,2020-12-29,LAZ,496,182,314,492,0,4,ITI,ITI4,12,Lazio,Lazio,5879082,3719243,63.26,0.01
116,2021-06-28,LAZ,58934,28175,30759,27523,30983,428,ITI,ITI4,12,Lazio,Lazio,5879082,3778177,64.26,1.0
117,2021-02-12,LAZ,6855,2855,4000,6354,421,80,ITI,ITI4,12,Lazio,Lazio,5879082,3785032,64.38,0.12
118,2020-12-31,LAZ,5370,2149,3221,5310,0,60,ITI,ITI4,12,Lazio,Lazio,5879082,3790402,64.47,0.09
119,2021-04-10,LAZ,23940,10413,13527,16497,7196,247,ITI,ITI4,12,Lazio,Lazio,5879082,3814342,64.88,0.41
120,2021-02-05,LAZ,7330,2994,4336,1218,6109,3,ITI,ITI4,12,Lazio,Lazio,5879082,3821672,65.0,0.12
121,2021-04-03,LAZ,24847,11218,13629,17896,6733,218,ITI,ITI4,12,Lazio,Lazio,5879082,3846519,65.43,0.42
122,2021-02-19,LAZ,10056,5084,4972,9071,838,147,ITI,ITI4,12,Lazio,Lazio,5879082,3856575,65.6,0.17
123,2021-06-17,LAZ,66980,32224,34756,31804,34460,716,ITI,ITI4,12,Lazio,Lazio,5879082,3923555,66.74,1.14
124,2021-04-21,LAZ,33147,15064,18083,20310,12477,360,ITI,ITI4,12,Lazio,Lazio,5879082,3956702,67.3,0.56
125,2021-07-30,LAZ,55485,28710,26775,7257,47891,337,ITI,ITI4,12,Lazio,Lazio,5879082,4012187,68.25,0.94
126,2021-06-03,LAZ,56797,28693,28104,38264,17831,702,ITI,ITI4,12,Lazio,Lazio,5879082,4068984,69.21,0.97
127,2021-06-10,LAZ,72092,34058,38034,37292,33980,820,ITI,ITI4,12,Lazio,Lazio,5879082,4141076,70.44,1.23
128,2021-04-14,LAZ,29394,13326,16068,18883,10192,319,ITI,ITI4,12,Lazio,Lazio,5879082,4170470,70.94,0.5
129,2021-07-23,LAZ,58268,29211,29057,26722,29812,1734,ITI,ITI4,12,Lazio,Lazio,5879082,4228738,71.93,0.99
130,2021-01-31,LAZ,4463,1856,2607,478,3984,1,ITI,ITI4,12,Lazio,Lazio,5879082,4233201,72.0,0.08
131,2021-05-11,LAZ,48350,22205,26145,31191,16562,597,ITI,ITI4,12,Lazio,Lazio,5879082,4281551,72.83,0.82
132,2021-07-16,LAZ,43892,20949,22943,2911,40806,175,ITI,ITI4,12,Lazio,Lazio,5879082,4325443,73.57,0.75
133,2021-04-24,LAZ,33559,15144,18415,20185,12882,492,ITI,ITI4,12,Lazio,Lazio,5879082,4359002,74.14,0.57
134,2021-08-02,LAZ,9076,4832,4244,1322,7696,58,ITI,ITI4,12,Lazio,Lazio,5879082,4368078,74.3,0.15
135,2021-05-30,LAZ,41260,17650,23610,33225,7365,670,ITI,ITI4,12,Lazio,Lazio,5879082,4409338,75.0,0.7
136,2021-05-13,LAZ,50241,22577,27664,31718,17848,675,ITI,ITI4,12,Lazio,Lazio,5879082,4459579,75.86,0.85
137,2021-08-04,LAZ,1177,618,559,511,650,16,ITI,ITI4,12,Lazio,Lazio,5879082,4460756,75.88,0.02
138,2021-05-06,LAZ,48857,22768,26089,30614,17587,656,ITI,ITI4,12,Lazio,Lazio,5879082,4509613,76.71,0.83
139,2021-01-17,LAZ,4954,2047,2907,4678,212,64,ITI,ITI4,12,Lazio,Lazio,5879082,4514567,76.79,0.08
140,2021-01-19,LAZ,4782,1965,2817,4325,454,3,ITI,ITI4,12,Lazio,Lazio,5879082,4519349,76.87,0.08
141,2021-04-29,LAZ,38833,17340,21493,24873,13353,607,ITI,ITI4,12,Lazio,Lazio,5879082,4558182,77.53,0.66
142,2021-03-03,LAZ,17898,7886,10012,13353,4311,234,ITI,ITI4,12,Lazio,Lazio,5879082,4576080,77.84,0.3
143,2021-01-26,LAZ,7974,3130,4844,731,7243,0,ITI,ITI4,12,Lazio,Lazio,5879082,4584054,77.97,0.14
144,2021-04-02,LAZ,29537,14162,15375,21759,7393,385,ITI,ITI4,12,Lazio,Lazio,5879082,4613591,78.47,0.5
145,2021-07-11,LAZ,44110,22233,21877,3763,40200,147,ITI,ITI4,12,Lazio,Lazio,5879082,4657701,79.22,0.75
146,2021-01-28,LAZ,8284,3168,5116,786,7497,1,ITI,ITI4,12,Lazio,Lazio,5879082,4665985,79.37,0.14
147,2021-07-04,LAZ,46574,21680,24894,4117,42373,84,ITI,ITI4,12,Lazio,Lazio,5879082,4712559,80.16,0.79
148,2021-05-08,LAZ,45496,20772,24724,29404,15443,649,ITI,ITI4,12,Lazio,Lazio,5879082,4758055,80.93,0.77
149,2021-07-13,LAZ,42663,20910,21753,5485,36848,330,ITI,ITI4,12,Lazio,Lazio,5879082,4800718,81.66,0.73
150,2021-01-01,LAZ,3596,1396,2200,3556,0,40,ITI,ITI4,12,Lazio,Lazio,5879082,4804314,81.72,0.06
151,2021-01-10,LAZ,4133,1737,2396,4066,0,67,ITI,ITI4,12,Lazio,Lazio,5879082,4808447,81.79,0.07
152,2021-06-16,LAZ,64662,31043,33619,32079,31967,616,ITI,ITI4,12,Lazio,Lazio,5879082,4873109,82.89,1.1
153,2021-04-20,LAZ,31147,14296,16851,19407,11363,377,ITI,ITI4,12,Lazio,Lazio,5879082,4904256,83.42,0.53
154,2021-03-08,LAZ,20938,9087,11851,15341,5305,292,ITI,ITI4,12,Lazio,Lazio,5879082,4925194,83.77,0.36
155,2021-04-22,LAZ,39198,19498,19700,23898,14710,590,ITI,ITI4,12,Lazio,Lazio,5879082,4964392,84.44,0.67
156,2021-03-10,LAZ,23361,10670,12691,17366,5659,336,ITI,ITI4,12,Lazio,Lazio,5879082,4987753,84.84,0.4
157,2021-01-12,LAZ,5513,2022,3491,5370,0,143,ITI,ITI4,12,Lazio,Lazio,5879082,4993266,84.93,0.09
158,2021-06-18,LAZ,64363,31007,33356,30310,33316,737,ITI,ITI4,12,Lazio,Lazio,5879082,5057629,86.03,1.09
159,2021-03-17,LAZ,13875,5947,7928,7474,6289,112,ITI,ITI4,12,Lazio,Lazio,5879082,5071504,86.26,0.24
160,2021-06-25,LAZ,63311,30566,32745,28093,34637,581,ITI,ITI4,12,Lazio,Lazio,5879082,5134815,87.34,1.08
161,2021-06-27,LAZ,47251,21611,25640,20605,26178,468,ITI,ITI4,12,Lazio,Lazio,5879082,5182066,88.14,0.8
162,2021-02-26,LAZ,13133,5738,7395,11555,1404,174,ITI,ITI4,12,Lazio,Lazio,5879082,5195199,88.37,0.22
163,2021-07-09,LAZ,64914,31331,33583,27596,36587,731,ITI,ITI4,12,Lazio,Lazio,5879082,5260113,89.47,1.1
164,2021-05-01,LAZ,38257,17202,21055,25747,12074,436,ITI,ITI4,12,Lazio,Lazio,5879082,5298370,90.12,0.65
165,2021-04-17,LAZ,32477,14245,18232,20018,12060,399,ITI,ITI4,12,Lazio,Lazio,5879082,5330847,90.67,0.55
166,2021-07-26,LAZ,50777,25026,25751,6659,43818,300,ITI,ITI4,12,Lazio,Lazio,5879082,5381624,91.54,0.86
167,2021-06-29,LAZ,59449,28260,31189,27726,31156,567,ITI,ITI4,12,Lazio,Lazio,5879082,5441073,92.55,1.01
168,2021-01-14,LAZ,5592,2176,3416,5418,0,174,ITI,ITI4,12,Lazio,Lazio,5879082,5446665,92.64,0.1
169,2021-04-07,LAZ,26024,12178,13846,18363,7323,338,ITI,ITI4,12,Lazio,Lazio,5879082,5472689,93.09,0.44
170,2020-12-28,LAZ,960,413,547,955,0,5,ITI,ITI4,12,Lazio,Lazio,5879082,5473649,93.1,0.02
171,2021-01-16,LAZ,5769,2335,3434,5621,0,148,ITI,ITI4,12,Lazio,Lazio,5879082,5479418,93.2,0.1
172,2021-04-26,LAZ,29327,13496,15831,19611,9285,431,ITI,ITI4,12,Lazio,Lazio,5879082,5508745,93.7,0.5
173,2021-02-02,LAZ,5918,2219,3699,639,5276,3,ITI,ITI4,12,Lazio,Lazio,5879082,5514663,93.8,0.1
174,2021-07-18,LAZ,58312,29694,28618,22790,34749,773,ITI,ITI4,12,Lazio,Lazio,5879082,5572975,94.79,0.99
175,2021-02-07,LAZ,4969,2046,2923,410,4558,1,ITI,ITI4,12,Lazio,Lazio,5879082,5577944,94.88,0.08
176,2021-05-18,LAZ,45045,20607,24438,34917,9570,558,ITI,ITI4,12,Lazio,Lazio,5879082,5622989,95.64,0.77
177,2021-05-03,LAZ,39618,17888,21730,26274,12765,579,ITI,ITI4,12,Lazio,Lazio,5879082,5662607,96.32,0.67
178,2021-07-25,LAZ,24570,12063,12507,2029,22491,50,ITI,ITI4,12,Lazio,Lazio,5879082,5687177,96.74,0.42
179,2021-06-13,LAZ,58433,26220,32213,33084,24852,497,ITI,ITI4,12,Lazio,Lazio,5879082,5745610,97.73,0.99
180,2021-03-07,LAZ,14160,5479,8681,10350,3603,207,ITI,ITI4,12,Lazio,Lazio,5879082,5759770,97.97,0.24
181,2021-06-15,LAZ,66128,31956,34172,33366,32204,558,ITI,ITI4,12,Lazio,Lazio,5879082,5825898,99.1,1.12
182,2021-03-24,LAZ,27981,13146,14835,21319,6273,389,ITI,ITI4,12,Lazio,Lazio,5879082,5853879,99.57,0.48
183,2021-05-29,LAZ,52083,23429,28654,40177,11039,867,ITI,ITI4,12,Lazio,Lazio,5879082,5905962,100.46,0.89
184,2021-03-12,LAZ,24098,11139,12959,17393,6355,350,ITI,ITI4,12,Lazio,Lazio,5879082,5930060,100.87,0.41
185,2021-02-09,LAZ,8819,3782,5037,4577,4236,6,ITI,ITI4,12,Lazio,Lazio,5879082,5938879,101.02,0.15
186,2021-02-23,LAZ,11098,4787,6311,10202,769,127,ITI,ITI4,12,Lazio,Lazio,5879082,5949977,101.21,0.19
187,2021-02-04,LAZ,6442,2567,3875,1123,5318,1,ITI,ITI4,12,Lazio,Lazio,5879082,5956419,101.32,0.11
188,2021-03-26,LAZ,30349,14057,16292,23010,6896,443,ITI,ITI4,12,Lazio,Lazio,5879082,5986768,101.83,0.52
189,2021-07-06,LAZ,62492,30328,32164,28564,33447,481,ITI,ITI4,12,Lazio,Lazio,5879082,6049260,102.89,1.06
190,2021-08-01,LAZ,28025,14724,13301,4417,23433,175,ITI,ITI4,12,Lazio,Lazio,5879082,6077285,103.37,0.48
191,2021-05-10,LAZ,44491,20346,24145,30598,13436,457,ITI,ITI4,12,Lazio,Lazio,5879082,6121776,104.13,0.76
192,2021-05-27,LAZ,58476,27198,31278,43892,13788,796,ITI,ITI4,12,Lazio,Lazio,5879082,6180252,105.12,0.99
193,2021-03-05,LAZ,19601,8683,10918,14624,4751,226,ITI,ITI4,12,Lazio,Lazio,5879082,6199853,105.46,0.33
194,2021-02-16,LAZ,8360,4034,4326,7705,612,43,ITI,ITI4,12,Lazio,Lazio,5879082,6208213,105.6,0.14
195,2021-06-22,LAZ,62810,29053,33757,28598,33508,704,ITI,ITI4,12,Lazio,Lazio,5879082,6271023,106.67,1.07
196,2021-03-14,LAZ,17295,6777,10518,11857,5179,259,ITI,ITI4,12,Lazio,Lazio,5879082,6288318,106.96,0.29
197,2021-01-21,LAZ,5606,2350,3256,552,5054,0,ITI,ITI4,12,Lazio,Lazio,5879082,6293924,107.06,0.1
198,2021-03-31,LAZ,27869,13474,14395,20391,7145,333,ITI,ITI4,12,Lazio,Lazio,5879082,6321793,107.53,0.47
199,2021-01-07,LAZ,7933,2975,4958,7776,0,157,ITI,ITI4,12,Lazio,Lazio,5879082,6329726,107.67,0.13
200,2021-05-22,LAZ,55182,27033,28149,43607,10697,878,ITI,ITI4,12,Lazio,Lazio,5879082,6384908,108.6,0.94
201,2021-05-15,LAZ,57460,27453,30007,40102,16561,797,ITI,ITI4,12,Lazio,Lazio,5879082,6442368,109.58,0.98
202,2021-03-19,LAZ,17507,7597,9910,11005,6350,152,ITI,ITI4,12,Lazio,Lazio,5879082,6459875,109.88,0.3
203,2021-01-20,LAZ,4818,1951,2867,3270,1544,4,ITI,ITI4,12,Lazio,Lazio,5879082,6464693,109.96,0.08
204,2021-05-14,LAZ,51604,23581,28023,32566,18377,661,ITI,ITI4,12,Lazio,Lazio,5879082,6516297,110.84,0.88
205,2021-03-18,LAZ,14287,6106,8181,7774,6429,84,ITI,ITI4,12,Lazio,Lazio,5879082,6530584,111.08,0.24
206,2021-03-25,LAZ,29507,13700,15807,22370,6675,462,ITI,ITI4,12,Lazio,Lazio,5879082,6560091,111.58,0.5
207,2021-01-27,LAZ,6122,2390,3732,1005,5117,0,ITI,ITI4,12,Lazio,Lazio,5879082,6566213,111.69,0.1
208,2021-06-01,LAZ,49123,23704,25419,30088,18571,464,ITI,ITI4,12,Lazio,Lazio,5879082,6615336,112.52,0.84
209,2021-04-05,LAZ,19981,9152,10829,13615,6213,153,ITI,ITI4,12,Lazio,Lazio,5879082,6635317,112.86,0.34
210,2021-07-28,LAZ,57567,29125,28442,8045,49186,336,ITI,ITI4,12,Lazio,Lazio,5879082,6692884,113.84,0.98
211,2021-05-25,LAZ,47587,22335,25252,35291,11701,595,ITI,ITI4,12,Lazio,Lazio,5879082,6740471,114.65,0.81
212,2021-04-12,LAZ,23933,10792,13141,16692,6961,280,ITI,ITI4,12,Lazio,Lazio,5879082,6764404,115.06,0.41
213,2021-07-21,LAZ,62721,31676,31045,28646,32759,1316,ITI,ITI4,12,Lazio,Lazio,5879082,6827125,116.13,1.07
214,2021-06-08,LAZ,66782,31877,34905,36158,29985,639,ITI,ITI4,12,Lazio,Lazio,5879082,6893907,117.26,1.14
215,2021-07-14,LAZ,42132,20531,21601,6198,35585,349,ITI,ITI4,12,Lazio,Lazio,5879082,6936039,117.98,0.72
216,2021-01-09,LAZ,6416,2609,3807,6303,0,113,ITI,ITI4,12,Lazio,Lazio,5879082,6942455,118.09,0.11
217,2021-04-19,LAZ,30148,13707,16441,19006,10722,420,ITI,ITI4,12,Lazio,Lazio,5879082,6972603,118.6,0.51
218,2021-02-21,LAZ,6996,3183,3813,6487,465,44,ITI,ITI4,12,Lazio,Lazio,5879082,6979599,118.72,0.12
219,2021-02-14,LAZ,5779,2372,3407,5277,472,30,ITI,ITI4,12,Lazio,Lazio,5879082,6985378,118.82,0.1
220,2021-02-28,LAZ,10284,4038,6246,9648,539,97,ITI,ITI4,12,Lazio,Lazio,5879082,6995662,118.99,0.17
221,2021-01-02,LAZ,6835,2680,4155,6755,0,80,ITI,ITI4,12,Lazio,Lazio,5879082,7002497,119.11,0.12
222,2021-06-21,EMR,37561,18990,18571,16109,20874,578,ITH,ITH5,8,Emilia-Romagna,Emilia-Romagna,4459477,37561,0.84,0.84
223,2021-07-08,EMR,41314,20581,20733,4739,36168,407,ITH,ITH5,8,Emilia-Romagna,Emilia-Romagna,4459477,78875,1.77,0.93
224,2021-03-30,EMR,23346,10338,13008,18013,5040,293,ITH,ITH5,8,Emilia-Romagna,Emilia-Romagna,4459477,102221,2.29,0.52
225,2021-07-22,EMR,40204,21456,18748,15259,24080,865,ITH,ITH5,8,Emilia-Romagna,Emilia-Romagna,4459477,142425,3.19,0.9
226,2021-01-04,EMR,7312,2527,4785,7309,0,3,ITH,ITH5,8,Emilia-Romagna,Emilia-Romagna,4459477,149737,3.36,0.16
227,2021-05-26,EMR,33320,14745,18575,9928,23007,385,ITH,ITH5,8,Emilia-Romagna,Emilia-Romagna,4459477,183057,4.1,0.75
228,2021-06-12,EMR,41357,21868,19489,35577,4916,864,ITH,ITH5,8,Emilia-Romagna,Emilia-Romagna,4459477,224414,5.03,0.93
229,2021-03-04,EMR,16452,5348,11104,13339,3023,90,ITH,ITH5,8,Emilia-Romagna,Emilia-Romagna,4459477,240866,5.4,0.37
230,2021-05-24,EMR,29990,13730,16260,17961,11516,513,ITH,ITH5,8,Emilia-Romagna,Emilia-Romagna,4459477,270856,6.07,0.67
231,2021-02-13,EMR,3629,1084,2545,3017,598,14,ITH,ITH5,8,Emilia-Romagna,Emilia-Romagna,4459477,274485,6.16,0.08
232,2021-04-16,EMR,29231,13763,15468,20024,8837,370,ITH,ITH5,8,Emilia-Romagna,Emilia-Romagna,4459477,303716,6.81,0.66
233,2021-01-06,EMR,8289,2956,5333,8288,0,1,ITH,ITH5,8,Emilia-Romagna,Emilia-Romagna,4459477,312005,7.0,0.19
234,2021-04-30,EMR,36628,16794,19834,21218,14802,608,ITH,ITH5,8,Emilia-Romagna,Emilia-Romagna,4459477,348633,7.82,0.82
235,2021-03-28,EMR,13521,6041,7480,9518,3882,121,ITH,ITH5,8,Emilia-Romagna,Emilia-Romagna,4459477,362154,8.12,0.3
236,2021-01-23,EMR,2448,871,1577,440,2008,0,ITH,ITH5,8,Emilia-Romagna,Emilia-Romagna,4459477,364602,8.18,0.05
237,2021-05-07,EMR,35307,16976,18331,22752,11877,678,ITH,ITH5,8,Emilia-Romagna,Emilia-Romagna,4459477,399909,8.97,0.79
238,2021-07-03,EMR,32076,15913,16163,11426,19992,658,ITH,ITH5,8,Emilia-Romagna,Emilia-Romagna,4459477,431985,9.69,0.72
239,2021-01-30,EMR,10086,3523,6563,139,9946,1,ITH,ITH5,8,Emilia-Romagna,Emilia-Romagna,4459477,442071,9.91,0.23
240,2021-05-12,EMR,38934,18297,20637,28454,9693,787,ITH,ITH5,8,Emilia-Romagna,Emilia-Romagna,4459477,481005,10.79,0.87
241,2021-02-01,EMR,10320,3610,6710,359,9959,2,ITH,ITH5,8,Emilia-Romagna,Emilia-Romagna,4459477,491325,11.02,0.23
242,2021-01-18,EMR,3129,879,2250,2447,679,3,ITH,ITH5,8,Emilia-Romagna,Emilia-Romagna,4459477,494454,11.09,0.07
243,2021-03-16,EMR,12246,5027,7219,4871,7309,66,ITH,ITH5,8,Emilia-Romagna,Emilia-Romagna,4459477,506700,11.36,0.27
244,2021-01-25,EMR,6463,2147,4316,206,6256,1,ITH,ITH5,8,Emilia-Romagna,Emilia-Romagna,4459477,513163,11.51,0.14
245,2021-07-01,EMR,34511,16868,17643,14855,18836,820,ITH,ITH5,8,Emilia-Romagna,Emilia-Romagna,4459477,547674,12.28,0.77
246,2021-03-23,EMR,18799,8145,10654,11951,6687,161,ITH,ITH5,8,Emilia-Romagna,Emilia-Romagna,4459477,566473,12.7,0.42
247,2021-02-18,EMR,7043,2891,4152,6439,588,16,ITH,ITH5,8,Emilia-Romagna,Emilia-Romagna,4459477,573516,12.86,0.16
248,2021-06-07,EMR,40504,20788,19716,33509,6260,735,ITH,ITH5,8,Emilia-Romagna,Emilia-Romagna,4459477,614020,13.77,0.91
249,2021-08-03,EMR,37560,19742,17818,14785,22219,556,ITH,ITH5,8,Emilia-Romagna,Emilia-Romagna,4459477,651580,14.61,0.84
250,2021-07-20,EMR,42943,22455,20488,6649,35647,647,ITH,ITH5,8,Emilia-Romagna,Emilia-Romagna,4459477,694523,15.57,0.96
251,2021-04-11,EMR,15277,6935,8342,11980,3048,249,ITH,ITH5,8,Emilia-Romagna,Emilia-Romagna,4459477,709800,15.92,0.34
252,2021-02-11,EMR,4255,1414,2841,3393,843,19,ITH,ITH5,8,Emilia-Romagna,Emilia-Romagna,4459477,714055,16.01,0.1
253,2021-05-19,EMR,33794,14979,18815,18030,15240,524,ITH,ITH5,8,Emilia-Romagna,Emilia-Romagna,4459477,747849,16.77,0.76
254,2021-06-02,EMR,24105,12065,12040,18754,4974,377,ITH,ITH5,8,Emilia-Romagna,Emilia-Romagna,4459477,771954,17.31,0.54
255,2021-03-13,EMR,16139,6362,9777,10591,5312,236,ITH,ITH5,8,Emilia-Romagna,Emilia-Romagna,4459477,788093,17.67,0.36
256,2021-05-09,EMR,25616,12255,13361,18256,6969,391,ITH,ITH5,8,Emilia-Romagna,Emilia-Romagna,4459477,813709,18.25,0.57
257,2021-01-29,EMR,10418,3496,6922,289,10128,1,ITH,ITH5,8,Emilia-Romagna,Emilia-Romagna,4459477,824127,18.48,0.23
258,2021-02-15,EMR,2904,852,2052,2712,125,67,ITH,ITH5,8,Emilia-Romagna,Emilia-Romagna,4459477,827031,18.55,0.07
259,2021-01-27,EMR,8364,2950,5414,461,7903,0,ITH,ITH5,8,Emilia-Romagna,Emilia-Romagna,4459477,835395,18.73,0.19
260,2021-06-26,EMR,37451,18980,18471,21051,15532,868,ITH,ITH5,8,Emilia-Romagna,Emilia-Romagna,4459477,872846,19.57,0.84
261,2021-07-10,EMR,41996,21385,20611,6772,34560,664,ITH,ITH5,8,Emilia-Romagna,Emilia-Romagna,4459477,914842,20.51,0.94
262,2021-07-15,EMR,50224,26160,24064,7880,41635,709,ITH,ITH5,8,Emilia-Romagna,Emilia-Romagna,4459477,965066,21.64,1.13
263,2021-04-23,EMR,29571,13813,15758,14306,14891,374,ITH,ITH5,8,Emilia-Romagna,Emilia-Romagna,4459477,994637,22.3,0.66
264,2021-01-13,EMR,9078,2942,6136,9073,0,5,ITH,ITH5,8,Emilia-Romagna,Emilia-Romagna,4459477,1003715,22.51,0.2
265,2021-04-04,EMR,9877,4716,5161,7526,2267,84,ITH,ITH5,8,Emilia-Romagna,Emilia-Romagna,4459477,1013592,22.73,0.22
266,2021-01-11,EMR,9347,3273,6074,9338,0,9,ITH,ITH5,8,Emilia-Romagna,Emilia-Romagna,4459477,1022939,22.94,0.21
267,2021-02-25,EMR,9249,3499,5750,8272,954,23,ITH,ITH5,8,Emilia-Romagna,Emilia-Romagna,4459477,1032188,23.15,0.21
268,2021-06-19,EMR,36660,18352,18308,16778,19394,488,ITH,ITH5,8,Emilia-Romagna,Emilia-Romagna,4459477,1068848,23.97,0.82
269,2021-03-11,EMR,17475,7323,10152,11439,5852,184,ITH,ITH5,8,Emilia-Romagna,Emilia-Romagna,4459477,1086323,24.36,0.39
270,2021-02-06,EMR,7595,2404,5191,2106,5485,4,ITH,ITH5,8,Emilia-Romagna,Emilia-Romagna,4459477,1093918,24.53,0.17
271,2021-03-09,EMR,14798,6032,8766,10751,3952,95,ITH,ITH5,8,Emilia-Romagna,Emilia-Romagna,4459477,1108716,24.86,0.33
272,2021-05-05,EMR,30131,13999,16132,18299,11270,562,ITH,ITH5,8,Emilia-Romagna,Emilia-Romagna,4459477,1138847,25.54,0.68
273,2021-05-23,EMR,25492,11863,13629,13577,11602,313,ITH,ITH5,8,Emilia-Romagna,Emilia-Romagna,4459477,1164339,26.11,0.57
274,2021-07-19,EMR,41896,22068,19828,6610,34689,597,ITH,ITH5,8,Emilia-Romagna,Emilia-Romagna,4459477,1206235,27.05,0.94
275,2021-05-31,EMR,29778,13772,16006,17723,11506,549,ITH,ITH5,8,Emilia-Romagna,Emilia-Romagna,4459477,1236013,27.72,0.67
276,2021-02-20,EMR,5318,2094,3224,5048,263,7,ITH,ITH5,8,Emilia-Romagna,Emilia-Romagna,4459477,1241331,27.84,0.12
277,2021-01-15,EMR,7748,2402,5346,7740,0,8,ITH,ITH5,8,Emilia-Romagna,Emilia-Romagna,4459477,1249079,28.01,0.17
278,2021-06-09,EMR,43075,21880,21195,35741,6388,946,ITH,ITH5,8,Emilia-Romagna,Emilia-Romagna,4459477,1292154,28.98,0.97
279,2021-03-01,EMR,10099,3583,6516,7814,2260,25,ITH,ITH5,8,Emilia-Romagna,Emilia-Romagna,4459477,1302253,29.2,0.23
280,2021-07-29,EMR,40636,21455,19181,14498,25472,666,ITH,ITH5,8,Emilia-Romagna,Emilia-Romagna,4459477,1342889,30.11,0.91
281,2021-07-27,EMR,40977,21776,19201,16980,23273,724,ITH,ITH5,8,Emilia-Romagna,Emilia-Romagna,4459477,1383866,31.03,0.92
282,2021-04-18,EMR,17506,8396,9110,12362,4919,225,ITH,ITH5,8,Emilia-Romagna,Emilia-Romagna,4459477,1401372,31.42,0.39
283,2021-06-14,EMR,41309,21356,19953,27549,13077,683,ITH,ITH5,8,Emilia-Romagna,Emilia-Romagna,4459477,1442681,32.35,0.93
284,2021-07-05,EMR,33203,16193,17010,11240,21360,603,ITH,ITH5,8,Emilia-Romagna,Emilia-Romagna,4459477,1475884,33.1,0.74
285,2021-03-27,EMR,21661,9060,12601,14508,6910,243,ITH,ITH5,8,Emilia-Romagna,Emilia-Romagna,4459477,1497545,33.58,0.49
286,2021-04-13,EMR,23719,11128,12591,19031,4342,346,ITH,ITH5,8,Emilia-Romagna,Emilia-Romagna,4459477,1521264,34.11,0.53
287,2021-01-03,EMR,2763,944,1819,2763,0,0,ITH,ITH5,8,Emilia-Romagna,Emilia-Romagna,4459477,1524027,34.18,0.06
288,2021-05-02,EMR,25582,11653,13929,13191,11992,399,ITH,ITH5,8,Emilia-Romagna,Emilia-Romagna,4459477,1549609,34.75,0.57
289,2021-01-22,EMR,1829,476,1353,1085,742,2,ITH,ITH5,8,Emilia-Romagna,Emilia-Romagna,4459477,1551438,34.79,0.04
290,2021-02-08,EMR,5233,1535,3698,2315,2915,3,ITH,ITH5,8,Emilia-Romagna,Emilia-Romagna,4459477,1556671,34.91,0.12
291,2021-05-16,EMR,25860,12176,13684,18364,7122,374,ITH,ITH5,8,Emilia-Romagna,Emilia-Romagna,4459477,1582531,35.49,0.58
292,2021-07-31,EMR,36058,19143,16915,12139,23277,642,ITH,ITH5,8,Emilia-Romagna,Emilia-Romagna,4459477,1618589,36.3,0.81
293,2021-06-30,EMR,34244,17283,16961,17744,15655,845,ITH,ITH5,8,Emilia-Romagna,Emilia-Romagna,4459477,1652833,37.06,0.77
294,2021-07-17,EMR,43548,22985,20563,7167,35649,732,ITH,ITH5,8,Emilia-Romagna,Emilia-Romagna,4459477,1696381,38.04,0.98
295,2021-06-11,EMR,45929,23842,22087,38407,6536,986,ITH,ITH5,8,Emilia-Romagna,Emilia-Romagna,4459477,1742310,39.07,1.03
296,2021-06-28,EMR,40041,19647,20394,19657,19567,817,ITH,ITH5,8,Emilia-Romagna,Emilia-Romagna,4459477,1782351,39.97,0.9
297,2021-03-20,EMR,16088,6830,9258,8956,6966,166,ITH,ITH5,8,Emilia-Romagna,Emilia-Romagna,4459477,1798439,40.33,0.36
298,2021-04-06,EMR,24752,11174,13578,19718,4747,287,ITH,ITH5,8,Emilia-Romagna,Emilia-Romagna,4459477,1823191,40.88,0.56
299,2020-12-27,EMR,971,373,598,971,0,0,ITH,ITH5,8,Emilia-Romagna,Emilia-Romagna,4459477,1824162,40.91,0.02
300,2021-03-25,EMR,21482,9416,12066,14234,6990,258,ITH,ITH5,8,Emilia-Romagna,Emilia-Romagna,4459477,1845644,41.39,0.48
301,2021-05-21,EMR,39357,17548,21809,21629,17107,621,ITH,ITH5,8,Emilia-Romagna,Emilia-Romagna,4459477,1885001,42.27,0.88
302,2021-02-10,EMR,4022,1384,2638,2759,1257,6,ITH,ITH5,8,Emilia-Romagna,Emilia-Romagna,4459477,1889023,42.36,0.09
303,2021-04-08,EMR,31232,14342,16890,25216,5309,707,ITH,ITH5,8,Emilia-Romagna,Emilia-Romagna,4459477,1920255,43.06,0.7
304,2021-08-05,EMR,35383,18710,16673,17381,17106,896,ITH,ITH5,8,Emilia-Romagna,Emilia-Romagna,4459477,1955638,43.85,0.79
305,2021-05-04,EMR,29301,13721,15580,15164,13662,475,ITH,ITH5,8,Emilia-Romagna,Emilia-Romagna,4459477,1984939,44.51,0.66
306,2021-02-27,EMR,10962,3998,6964,9192,1739,31,ITH,ITH5,8,Emilia-Romagna,Emilia-Romagna,4459477,1995901,44.76,0.25
307,2021-04-25,EMR,22353,10240,12113,14403,7512,438,ITH,ITH5,8,Emilia-Romagna,Emilia-Romagna,4459477,2018254,45.26,0.5
308,2021-06-04,EMR,45717,23008,22709,36882,8190,645,ITH,ITH5,8,Emilia-Romagna,Emilia-Romagna,4459477,2063971,46.28,1.03
309,2021-01-20,EMR,1327,269,1058,1325,1,1,ITH,ITH5,8,Emilia-Romagna,Emilia-Romagna,4459477,2065298,46.31,0.03
310,2021-07-24,EMR,38710,20871,17839,17310,20554,846,ITH,ITH5,8,Emilia-Romagna,Emilia-Romagna,4459477,2104008,47.18,0.87
311,2021-04-15,EMR,29354,13982,15372,19245,9678,431,ITH,ITH5,8,Emilia-Romagna,Emilia-Romagna,4459477,2133362,47.84,0.66
312,2021-06-18,EMR,42564,21300,21264,16145,25901,518,ITH,ITH5,8,Emilia-Romagna,Emilia-Romagna,4459477,2175926,48.79,0.95
313,2021-03-10,EMR,18803,7743,11060,12979,5644,180,ITH,ITH5,8,Emilia-Romagna,Emilia-Romagna,4459477,2194729,49.21,0.42
314,2021-05-18,EMR,29214,13274,15940,18101,10630,483,ITH,ITH5,8,Emilia-Romagna,Emilia-Romagna,4459477,2223943,49.87,0.66
315,2021-02-07,EMR,4785,1536,3249,1722,3061,2,ITH,ITH5,8,Emilia-Romagna,Emilia-Romagna,4459477,2228728,49.98,0.11
316,2021-01-10,EMR,7170,2683,4487,7169,0,1,ITH,ITH5,8,Emilia-Romagna,Emilia-Romagna,4459477,2235898,50.14,0.16
317,2021-06-16,EMR,45763,23392,22371,25127,19946,690,ITH,ITH5,8,Emilia-Romagna,Emilia-Romagna,4459477,2281661,51.16,1.03
318,2021-03-08,EMR,12208,5099,7109,9466,2660,82,ITH,ITH5,8,Emilia-Romagna,Emilia-Romagna,4459477,2293869,51.44,0.27
319,2021-02-22,EMR,7482,3091,4391,7197,272,13,ITH,ITH5,8,Emilia-Romagna,Emilia-Romagna,4459477,2301351,51.61,0.17
320,2021-05-01,EMR,28427,12779,15648,15278,12792,357,ITH,ITH5,8,Emilia-Romagna,Emilia-Romagna,4459477,2329778,52.24,0.64
321,2021-02-05,EMR,9301,2958,6343,1612,7685,4,ITH,ITH5,8,Emilia-Romagna,Emilia-Romagna,4459477,2339079,52.45,0.21
322,2021-05-28,EMR,41269,18953,22316,17269,23402,598,ITH,ITH5,8,Emilia-Romagna,Emilia-Romagna,4459477,2380348,53.38,0.93
323,2021-04-22,EMR,29054,13453,15601,14617,14077,360,ITH,ITH5,8,Emilia-Romagna,Emilia-Romagna,4459477,2409402,54.03,0.65
324,2021-01-12,EMR,9475,3124,6351,9465,0,10,ITH,ITH5,8,Emilia-Romagna,Emilia-Romagna,4459477,2418877,54.24,0.21
325,2021-07-16,EMR,49728,26245,23483,7059,42022,647,ITH,ITH5,8,Emilia-Romagna,Emilia-Romagna,4459477,2468605,55.36,1.12
326,2021-06-27,EMR,29549,14866,14683,16211,12724,614,ITH,ITH5,8,Emilia-Romagna,Emilia-Romagna,4459477,2498154,56.02,0.66
327,2021-07-14,EMR,47893,24495,23398,5582,41770,541,ITH,ITH5,8,Emilia-Romagna,Emilia-Romagna,4459477,2546047,57.09,1.07
328,2021-04-05,EMR,14848,6804,8044,11781,2893,174,ITH,ITH5,8,Emilia-Romagna,Emilia-Romagna,4459477,2560895,57.43,0.33
329,2021-08-02,EMR,37612,19860,17752,13980,23034,598,ITH,ITH5,8,Emilia-Romagna,Emilia-Romagna,4459477,2598507,58.27,0.84
330,2021-04-24,EMR,28639,13244,15395,14058,14235,346,ITH,ITH5,8,Emilia-Romagna,Emilia-Romagna,4459477,2627146,58.91,0.64
331,2021-05-11,EMR,35803,16801,19002,27855,7260,688,ITH,ITH5,8,Emilia-Romagna,Emilia-Romagna,4459477,2662949,59.71,0.8
332,2021-01-31,EMR,7699,2764,4935,239,7460,0,ITH,ITH5,8,Emilia-Romagna,Emilia-Romagna,4459477,2670648,59.89,0.17
333,2021-03-18,EMR,13677,5807,7870,5583,8002,92,ITH,ITH5,8,Emilia-Romagna,Emilia-Romagna,4459477,2684325,60.19,0.31
334,2021-05-14,EMR,37326,17193,20133,26788,9645,893,ITH,ITH5,8,Emilia-Romagna,Emilia-Romagna,4459477,2721651,61.03,0.84
335,2021-02-03,EMR,9341,2990,6351,962,8378,1,ITH,ITH5,8,Emilia-Romagna,Emilia-Romagna,4459477,2730992,61.24,0.21
336,2021-04-01,EMR,23953,10773,13180,19063,4552,338,ITH,ITH5,8,Emilia-Romagna,Emilia-Romagna,4459477,2754945,61.78,0.54
337,2021-02-17,EMR,6539,2764,3775,5755,772,12,ITH,ITH5,8,Emilia-Romagna,Emilia-Romagna,4459477,2761484,61.92,0.15
338,2021-06-01,EMR,27176,13102,14074,16894,9917,365,ITH,ITH5,8,Emilia-Romagna,Emilia-Romagna,4459477,2788660,62.53,0.61
339,2021-07-28,EMR,38505,20648,17857,13961,23935,609,ITH,ITH5,8,Emilia-Romagna,Emilia-Romagna,4459477,2827165,63.4,0.86
340,2021-04-12,EMR,19248,9008,10240,14448,4448,352,ITH,ITH5,8,Emilia-Romagna,Emilia-Romagna,4459477,2846413,63.83,0.43
341,2021-06-08,EMR,45067,23065,22002,36898,7496,673,ITH,ITH5,8,Emilia-Romagna,Emilia-Romagna,4459477,2891480,64.84,1.01
342,2021-08-04,EMR,34243,18237,16006,12132,21614,497,ITH,ITH5,8,Emilia-Romagna,Emilia-Romagna,4459477,2925723,65.61,0.77
343,2021-07-21,EMR,43553,23238,20315,10755,32209,589,ITH,ITH5,8,Emilia-Romagna,Emilia-Romagna,4459477,2969276,66.58,0.98
344,2021-04-19,EMR,20911,9801,11110,14335,6282,294,ITH,ITH5,8,Emilia-Romagna,Emilia-Romagna,4459477,2990187,67.05,0.47
345,2021-01-09,EMR,9992,3456,6536,9987,0,5,ITH,ITH5,8,Emilia-Romagna,Emilia-Romagna,4459477,3000179,67.28,0.22
346,2021-06-15,EMR,43714,22533,21181,27853,15052,809,ITH,ITH5,8,Emilia-Romagna,Emilia-Romagna,4459477,3043893,68.26,0.98
347,2021-03-07,EMR,7844,2960,4884,6288,1523,33,ITH,ITH5,8,Emilia-Romagna,Emilia-Romagna,4459477,3051737,68.43,0.18
348,2021-05-03,EMR,28727,13568,15159,17399,10880,448,ITH,ITH5,8,Emilia-Romagna,Emilia-Romagna,4459477,3080464,69.08,0.64
349,2021-02-28,EMR,6821,2527,4294,4956,1846,19,ITH,ITH5,8,Emilia-Romagna,Emilia-Romagna,4459477,3087285,69.23,0.15
350,2021-04-26,EMR,27909,12938,14971,18038,9322,549,ITH,ITH5,8,Emilia-Romagna,Emilia-Romagna,4459477,3115194,69.86,0.63
351,2021-01-16,EMR,5628,1718,3910,5627,0,1,ITH,ITH5,8,Emilia-Romagna,Emilia-Romagna,4459477,3120822,69.98,0.13
352,2021-03-14,EMR,8803,3840,4963,4942,3798,63,ITH,ITH5,8,Emilia-Romagna,Emilia-Romagna,4459477,3129625,70.18,0.2
353,2021-06-13,EMR,28721,14977,13744,23827,4281,613,ITH,ITH5,8,Emilia-Romagna,Emilia-Romagna,4459477,3158346,70.82,0.64
354,2021-03-05,EMR,17897,5851,12046,14290,3488,119,ITH,ITH5,8,Emilia-Romagna,Emilia-Romagna,4459477,3176243,71.22,0.4
355,2021-03-22,EMR,17650,7814,9836,10616,6864,170,ITH,ITH5,8,Emilia-Romagna,Emilia-Romagna,4459477,3193893,71.62,0.4
356,2021-03-03,EMR,15888,5264,10624,13350,2486,52,ITH,ITH5,8,Emilia-Romagna,Emilia-Romagna,4459477,3209781,71.98,0.36
357,2021-05-25,EMR,25209,11227,13982,11298,13483,428,ITH,ITH5,8,Emilia-Romagna,Emilia-Romagna,4459477,3234990,72.54,0.57
358,2021-04-20,EMR,22629,10407,12222,13885,8355,389,ITH,ITH5,8,Emilia-Romagna,Emilia-Romagna,4459477,3257619,73.05,0.51
359,2021-06-23,EMR,37782,18900,18882,18287,18845,650,ITH,ITH5,8,Emilia-Romagna,Emilia-Romagna,4459477,3295401,73.9,0.85
360,2021-01-08,EMR,10867,3580,7287,10864,0,3,ITH,ITH5,8,Emilia-Romagna,Emilia-Romagna,4459477,3306268,74.14,0.24
361,2021-03-06,EMR,20979,5960,15019,18116,2740,123,ITH,ITH5,8,Emilia-Romagna,Emilia-Romagna,4459477,3327247,74.61,0.47
362,2021-05-20,EMR,40350,18334,22016,18395,21441,514,ITH,ITH5,8,Emilia-Romagna,Emilia-Romagna,4459477,3367597,75.52,0.9
363,2021-06-25,EMR,42549,21549,21000,19518,22299,732,ITH,ITH5,8,Emilia-Romagna,Emilia-Romagna,4459477,3410146,76.47,0.95
364,2021-03-17,EMR,13724,5693,8031,5813,7852,59,ITH,ITH5,8,Emilia-Romagna,Emilia-Romagna,4459477,3423870,76.78,0.31
365,2021-05-13,EMR,35842,16511,19331,27280,7845,717,ITH,ITH5,8,Emilia-Romagna,Emilia-Romagna,4459477,3459712,77.58,0.8
366,2021-03-15,EMR,13450,6251,7199,6848,6500,102,ITH,ITH5,8,Emilia-Romagna,Emilia-Romagna,4459477,3473162,77.88,0.3
367,2021-02-09,EMR,4155,1249,2906,2307,1847,1,ITH,ITH5,8,Emilia-Romagna,Emilia-Romagna,4459477,3477317,77.98,0.09
368,2021-05-15,EMR,33281,14992,18289,22220,10424,637,ITH,ITH5,8,Emilia-Romagna,Emilia-Romagna,4459477,3510598,78.72,0.75
369,2021-02-04,EMR,9927,3204,6723,1235,8691,1,ITH,ITH5,8,Emilia-Romagna,Emilia-Romagna,4459477,3520525,78.94,0.22
370,2021-05-22,EMR,33117,14145,18972,16473,16188,456,ITH,ITH5,8,Emilia-Romagna,Emilia-Romagna,4459477,3553642,79.69,0.74
371,2021-07-18,EMR,34493,17869,16624,8168,25772,553,ITH,ITH5,8,Emilia-Romagna,Emilia-Romagna,4459477,3588135,80.46,0.77
372,2021-04-09,EMR,25791,11689,14102,19528,5756,507,ITH,ITH5,8,Emilia-Romagna,Emilia-Romagna,4459477,3613926,81.04,0.58
373,2021-04-27,EMR,32117,14868,17249,19228,12465,424,ITH,ITH5,8,Emilia-Romagna,Emilia-Romagna,4459477,3646043,81.76,0.72
374,2021-05-06,EMR,35948,16615,19333,22169,13074,705,ITH,ITH5,8,Emilia-Romagna,Emilia-Romagna,4459477,3681991,82.57,0.81
375,2021-01-26,EMR,8336,3001,5335,209,8126,1,ITH,ITH5,8,Emilia-Romagna,Emilia-Romagna,4459477,3690327,82.75,0.19
376,2021-07-02,EMR,34726,17078,17648,12382,21708,636,ITH,ITH5,8,Emilia-Romagna,Emilia-Romagna,4459477,3725053,83.53,0.78
377,2021-03-24,EMR,21224,9402,11822,13620,7384,220,ITH,ITH5,8,Emilia-Romagna,Emilia-Romagna,4459477,3746277,84.01,0.48
378,2021-01-24,EMR,2445,886,1559,298,2147,0,ITH,ITH5,8,Emilia-Romagna,Emilia-Romagna,4459477,3748722,84.06,0.05
379,2021-07-09,EMR,44807,22885,21922,5409,38984,414,ITH,ITH5,8,Emilia-Romagna,Emilia-Romagna,4459477,3793529,85.07,1.0
380,2021-01-17,EMR,2890,887,2003,2642,247,1,ITH,ITH5,8,Emilia-Romagna,Emilia-Romagna,4459477,3796419,85.13,0.06
381,2021-02-24,EMR,9356,3568,5788,8451,888,17,ITH,ITH5,8,Emilia-Romagna,Emilia-Romagna,4459477,3805775,85.34,0.21
382,2021-01-05,EMR,9363,3171,6192,9359,0,4,ITH,ITH5,8,Emilia-Romagna,Emilia-Romagna,4459477,3815138,85.55,0.21
383,2021-04-29,EMR,44967,21144,23823,26593,17557,817,ITH,ITH5,8,Emilia-Romagna,Emilia-Romagna,4459477,3860105,86.56,1.01
384,2021-01-19,EMR,2046,505,1541,2028,17,1,ITH,ITH5,8,Emilia-Romagna,Emilia-Romagna,4459477,3862151,86.61,0.05
385,2021-07-07,EMR,37877,19133,18744,13408,23683,786,ITH,ITH5,8,Emilia-Romagna,Emilia-Romagna,4459477,3900028,87.45,0.85
386,2021-03-29,EMR,21433,9620,11813,16541,4654,238,ITH,ITH5,8,Emilia-Romagna,Emilia-Romagna,4459477,3921461,87.94,0.48
387,2021-02-21,EMR,4449,1707,2742,3999,440,10,ITH,ITH5,8,Emilia-Romagna,Emilia-Romagna,4459477,3925910,88.04,0.1
388,2021-02-14,EMR,1402,378,1024,1274,120,8,ITH,ITH5,8,Emilia-Romagna,Emilia-Romagna,4459477,3927312,88.07,0.03
389,2021-05-27,EMR,42324,18762,23562,13583,28266,475,ITH,ITH5,8,Emilia-Romagna,Emilia-Romagna,4459477,3969636,89.02,0.95
390,2021-02-16,EMR,5772,2446,3326,5227,531,14,ITH,ITH5,8,Emilia-Romagna,Emilia-Romagna,4459477,3975408,89.15,0.13
391,2021-08-01,EMR,28660,15373,13287,9243,19076,341,ITH,ITH5,8,Emilia-Romagna,Emilia-Romagna,4459477,4004068,89.79,0.64
392,2021-05-10,EMR,33875,16146,17729,26075,7263,537,ITH,ITH5,8,Emilia-Romagna,Emilia-Romagna,4459477,4037943,90.55,0.76
393,2021-07-30,EMR,39684,21310,18374,15636,23369,679,ITH,ITH5,8,Emilia-Romagna,Emilia-Romagna,4459477,4077627,91.44,0.89
394,2021-04-21,EMR,23966,10967,12999,13864,9742,360,ITH,ITH5,8,Emilia-Romagna,Emilia-Romagna,4459477,4101593,91.97,0.54
395,2021-05-08,EMR,32368,15107,17261,20404,11426,538,ITH,ITH5,8,Emilia-Romagna,Emilia-Romagna,4459477,4133961,92.7,0.73
396,2021-01-28,EMR,10257,3340,6917,347,9910,0,ITH,ITH5,8,Emilia-Romagna,Emilia-Romagna,4459477,4144218,92.93,0.23
397,2021-06-20,EMR,30720,15588,15132,15631,14657,432,ITH,ITH5,8,Emilia-Romagna,Emilia-Romagna,4459477,4174938,93.62,0.69
398,2021-07-23,EMR,39372,21306,18066,19389,18949,1034,ITH,ITH5,8,Emilia-Romagna,Emilia-Romagna,4459477,4214310,94.5,0.88
399,2021-04-14,EMR,27046,12846,14200,20512,6106,428,ITH,ITH5,8,Emilia-Romagna,Emilia-Romagna,4459477,4241356,95.11,0.61
400,2021-06-29,EMR,37630,18560,19070,18140,18784,706,ITH,ITH5,8,Emilia-Romagna,Emilia-Romagna,4459477,4278986,95.95,0.84
401,2021-03-21,EMR,11957,5296,6661,7261,4606,90,ITH,ITH5,8,Emilia-Romagna,Emilia-Romagna,4459477,4290943,96.22,0.27
402,2021-06-10,EMR,45017,23120,21897,38744,5363,910,ITH,ITH5,8,Emilia-Romagna,Emilia-Romagna,4459477,4335960,97.23,1.01
403,2021-03-02,EMR,12662,4274,8388,10517,2088,57,ITH,ITH5,8,Emilia-Romagna,Emilia-Romagna,4459477,4348622,97.51,0.28
404,2021-03-19,EMR,15926,6972,8954,7800,7969,157,ITH,ITH5,8,Emilia-Romagna,Emilia-Romagna,4459477,4364548,97.87,0.36
405,2021-07-25,EMR,28350,15123,13227,10520,17392,438,ITH,ITH5,8,Emilia-Romagna,Emilia-Romagna,4459477,4392898,98.51,0.64
406,2021-04-02,EMR,23394,10552,12842,18560,4482,352,ITH,ITH5,8,Emilia-Romagna,Emilia-Romagna,4459477,4416292,99.03,0.52
407,2021-05-29,EMR,37917,16510,21407,16654,20750,513,ITH,ITH5,8,Emilia-Romagna,Emilia-Romagna,4459477,4454209,99.88,0.85
408,2021-07-11,EMR,30331,15209,15122,2757,27307,267,ITH,ITH5,8,Emilia-Romagna,Emilia-Romagna,4459477,4484540,100.56,0.68
409,2021-02-02,EMR,9485,3049,6436,525,8960,0,ITH,ITH5,8,Emilia-Romagna,Emilia-Romagna,4459477,4494025,100.77,0.21
410,2021-04-07,EMR,26125,11894,14231,19793,6017,315,ITH,ITH5,8,Emilia-Romagna,Emilia-Romagna,4459477,4520150,101.36,0.59
411,2021-01-14,EMR,8130,2594,5536,8120,0,10,ITH,ITH5,8,Emilia-Romagna,Emilia-Romagna,4459477,4528280,101.54,0.18
412,2021-01-21,EMR,2165,729,1436,818,1347,0,ITH,ITH5,8,Emilia-Romagna,Emilia-Romagna,4459477,4530445,101.59,0.05
413,2021-06-03,EMR,37915,18437,19478,29763,7553,599,ITH,ITH5,8,Emilia-Romagna,Emilia-Romagna,4459477,4568360,102.44,0.85
414,2021-02-23,EMR,8215,3218,4997,7817,386,12,ITH,ITH5,8,Emilia-Romagna,Emilia-Romagna,4459477,4576575,102.63,0.18
415,2021-03-12,EMR,18317,7706,10611,11307,6718,292,ITH,ITH5,8,Emilia-Romagna,Emilia-Romagna,4459477,4594892,103.04,0.41
416,2021-01-02,EMR,2378,917,1461,2378,0,0,ITH,ITH5,8,Emilia-Romagna,Emilia-Romagna,4459477,4597270,103.09,0.05
417,2021-06-05,EMR,44273,22366,21907,36688,6910,675,ITH,ITH5,8,Emilia-Romagna,Emilia-Romagna,4459477,4641543,104.08,0.99
418,2021-06-22,EMR,36470,18161,18309,16281,19622,567,ITH,ITH5,8,Emilia-Romagna,Emilia-Romagna,4459477,4678013,104.9,0.82
419,2021-07-06,EMR,36787,18494,18293,12947,23189,651,ITH,ITH5,8,Emilia-Romagna,Emilia-Romagna,4459477,4714800,105.73,0.82
420,2021-05-17,EMR,32455,15404,17051,22365,9547,543,ITH,ITH5,8,Emilia-Romagna,Emilia-Romagna,4459477,4747255,106.45,0.73
421,2021-03-31,EMR,25286,11056,14230,19499,5469,318,ITH,ITH5,8,Emilia-Romagna,Emilia-Romagna,4459477,4772541,107.02,0.57
422,2021-07-13,EMR,48426,24806,23620,6465,41277,684,ITH,ITH5,8,Emilia-Romagna,Emilia-Romagna,4459477,4820967,108.11,1.09
423,2021-07-04,EMR,24248,12056,12192,10159,13599,490,ITH,ITH5,8,Emilia-Romagna,Emilia-Romagna,4459477,4845215,108.65,0.54
424,2021-03-26,EMR,23717,10117,13600,17005,6441,271,ITH,ITH5,8,Emilia-Romagna,Emilia-Romagna,4459477,4868932,109.18,0.53
425,2021-07-12,EMR,43994,22291,21703,5411,38067,516,ITH,ITH5,8,Emilia-Romagna,Emilia-Romagna,4459477,4912926,110.17,0.99
426,2021-02-12,EMR,5315,1671,3644,3888,1403,24,ITH,ITH5,8,Emilia-Romagna,Emilia-Romagna,4459477,4918241,110.29,0.12
427,2021-04-10,EMR,20922,9301,11621,16447,4143,332,ITH,ITH5,8,Emilia-Romagna,Emilia-Romagna,4459477,4939163,110.76,0.47
428,2021-04-17,EMR,27307,13079,14228,17574,9346,387,ITH,ITH5,8,Emilia-Romagna,Emilia-Romagna,4459477,4966470,111.37,0.61
429,2021-01-07,EMR,10272,3404,6868,10268,0,4,ITH,ITH5,8,Emilia-Romagna,Emilia-Romagna,4459477,4976742,111.6,0.23
430,2021-04-03,EMR,19988,8781,11207,15953,3795,240,ITH,ITH5,8,Emilia-Romagna,Emilia-Romagna,4459477,4996730,112.05,0.45
431,2021-05-30,EMR,27087,12798,14289,12982,13701,404,ITH,ITH5,8,Emilia-Romagna,Emilia-Romagna,4459477,5023817,112.65,0.61
432,2021-02-19,EMR,7326,3010,4316,6799,514,13,ITH,ITH5,8,Emilia-Romagna,Emilia-Romagna,4459477,5031143,112.82,0.16
433,2021-07-26,EMR,39408,21021,18387,15879,22804,725,ITH,ITH5,8,Emilia-Romagna,Emilia-Romagna,4459477,5070551,113.7,0.88
434,2020-12-31,EMR,2214,778,1436,2213,0,1,ITH,ITH5,8,Emilia-Romagna,Emilia-Romagna,4459477,5072765,113.75,0.05
435,2021-06-06,EMR,36574,18986,17588,31609,4409,556,ITH,ITH5,8,Emilia-Romagna,Emilia-Romagna,4459477,5109339,114.57,0.82
436,2021-02-26,EMR,9636,3673,5963,8565,1050,21,ITH,ITH5,8,Emilia-Romagna,Emilia-Romagna,4459477,5118975,114.79,0.22
437,2021-04-28,EMR,33731,15595,18136,20256,12895,580,ITH,ITH5,8,Emilia-Romagna,Emilia-Romagna,4459477,5152706,115.55,0.76
438,2021-06-24,EMR,40351,20192,20159,20095,19553,703,ITH,ITH5,8,Emilia-Romagna,Emilia-Romagna,4459477,5193057,116.45,0.9
439,2021-06-17,EMR,46472,23490,22982,21668,24197,607,ITH,ITH5,8,Emilia-Romagna,Emilia-Romagna,4459477,5239529,117.49,1.04
440,2021-04-18,CAL,5867,2803,3064,4927,918,22,ITF,ITF6,18,Calabria,Calabria,1947131,5867,0.3,0.3
441,2021-04-04,CAL,1573,788,785,1141,421,11,ITF,ITF6,18,Calabria,Calabria,1947131,7440,0.38,0.08
442,2021-06-26,CAL,15576,7198,8378,7576,7931,69,ITF,ITF6,18,Calabria,Calabria,1947131,23016,1.18,0.8
443,2021-07-22,CAL,18296,9012,9284,3477,14730,89,ITF,ITF6,18,Calabria,Calabria,1947131,41312,2.12,0.94
444,2021-04-30,CAL,15073,7389,7684,10545,4455,73,ITF,ITF6,18,Calabria,Calabria,1947131,56385,2.9,0.77
445,2021-01-11,CAL,2182,1057,1125,2180,0,2,ITF,ITF6,18,Calabria,Calabria,1947131,58567,3.01,0.11
446,2021-01-25,CAL,1087,522,565,150,937,0,ITF,ITF6,18,Calabria,Calabria,1947131,59654,3.06,0.06
447,2021-05-05,CAL,13570,6493,7077,8410,5087,73,ITF,ITF6,18,Calabria,Calabria,1947131,73224,3.76,0.7
448,2021-03-02,CAL,4381,2496,1885,3610,762,9,ITF,ITF6,18,Calabria,Calabria,1947131,77605,3.99,0.22
449,2021-03-16,CAL,3863,1895,1968,2186,1665,12,ITF,ITF6,18,Calabria,Calabria,1947131,81468,4.18,0.2
450,2021-07-01,CAL,12350,5819,6531,5434,6831,85,ITF,ITF6,18,Calabria,Calabria,1947131,93818,4.82,0.63
451,2021-02-01,CAL,2552,1211,1341,240,2309,3,ITF,ITF6,18,Calabria,Calabria,1947131,96370,4.95,0.13
452,2021-07-08,CAL,12051,5620,6431,2694,9314,43,ITF,ITF6,18,Calabria,Calabria,1947131,108421,5.57,0.62
453,2021-05-12,CAL,16464,8029,8435,10837,5533,94,ITF,ITF6,18,Calabria,Calabria,1947131,124885,6.41,0.85
454,2021-05-26,CAL,18722,9325,9397,10318,8311,93,ITF,ITF6,18,Calabria,Calabria,1947131,143607,7.38,0.96
455,2021-03-09,CAL,6529,3406,3123,5472,990,67,ITF,ITF6,18,Calabria,Calabria,1947131,150136,7.71,0.34
456,2021-02-20,CAL,1471,774,697,1134,323,14,ITF,ITF6,18,Calabria,Calabria,1947131,151607,7.79,0.08
457,2021-05-31,CAL,15297,7346,7951,7311,7905,81,ITF,ITF6,18,Calabria,Calabria,1947131,166904,8.57,0.79
458,2021-02-06,CAL,2920,1344,1576,443,2476,1,ITF,ITF6,18,Calabria,Calabria,1947131,169824,8.72,0.15
459,2021-07-10,CAL,15931,7530,8401,3242,12646,43,ITF,ITF6,18,Calabria,Calabria,1947131,185755,9.54,0.82
460,2021-01-23,CAL,402,187,215,359,43,0,ITF,ITF6,18,Calabria,Calabria,1947131,186157,9.56,0.02
461,2021-03-28,CAL,2697,1237,1460,1568,1124,5,ITF,ITF6,18,Calabria,Calabria,1947131,188854,9.7,0.14
462,2021-07-27,CAL,17558,8975,8583,5004,12472,82,ITF,ITF6,18,Calabria,Calabria,1947131,206412,10.6,0.9
463,2021-01-06,CAL,947,512,435,947,0,0,ITF,ITF6,18,Calabria,Calabria,1947131,207359,10.65,0.05
464,2021-04-16,CAL,10293,5025,5268,8622,1619,52,ITF,ITF6,18,Calabria,Calabria,1947131,217652,11.18,0.53
465,2021-02-18,CAL,1866,859,1007,1617,232,17,ITF,ITF6,18,Calabria,Calabria,1947131,219518,11.27,0.1
466,2021-08-03,CAL,14073,7105,6968,3905,10097,71,ITF,ITF6,18,Calabria,Calabria,1947131,233591,12.0,0.72
467,2021-06-21,CAL,15394,7088,8306,7992,7363,39,ITF,ITF6,18,Calabria,Calabria,1947131,248985,12.79,0.79
468,2021-06-14,CAL,14375,6521,7854,9631,4667,77,ITF,ITF6,18,Calabria,Calabria,1947131,263360,13.53,0.74
469,2021-03-04,CAL,5486,3193,2293,4668,798,20,ITF,ITF6,18,Calabria,Calabria,1947131,268846,13.81,0.28
470,2021-06-12,CAL,13246,6299,6947,10781,2398,67,ITF,ITF6,18,Calabria,Calabria,1947131,282092,14.49,0.68
471,2021-06-07,CAL,18001,8419,9582,14712,3209,80,ITF,ITF6,18,Calabria,Calabria,1947131,300093,15.41,0.92
472,2021-05-24,CAL,17768,8899,8869,9937,7749,82,ITF,ITF6,18,Calabria,Calabria,1947131,317861,16.32,0.91
473,2021-05-07,CAL,16183,7625,8558,9656,6451,76,ITF,ITF6,18,Calabria,Calabria,1947131,334044,17.16,0.83
474,2021-02-13,CAL,1403,607,796,1034,366,3,ITF,ITF6,18,Calabria,Calabria,1947131,335447,17.23,0.07
475,2021-06-11,CAL,17824,8758,9066,15127,2576,121,ITF,ITF6,18,Calabria,Calabria,1947131,353271,18.14,0.92
476,2021-01-18,CAL,1301,591,710,1052,245,4,ITF,ITF6,18,Calabria,Calabria,1947131,354572,18.21,0.07
477,2021-07-03,CAL,15152,7136,8016,5263,9813,76,ITF,ITF6,18,Calabria,Calabria,1947131,369724,18.99,0.78
478,2021-04-11,CAL,4203,1911,2292,2241,1946,16,ITF,ITF6,18,Calabria,Calabria,1947131,373927,19.2,0.22
479,2021-07-20,CAL,17481,8478,9003,3203,14210,68,ITF,ITF6,18,Calabria,Calabria,1947131,391408,20.1,0.9
480,2021-04-13,CAL,6938,3407,3531,5589,1328,21,ITF,ITF6,18,Calabria,Calabria,1947131,398346,20.46,0.36
481,2021-03-30,CAL,6453,2808,3645,3647,2787,19,ITF,ITF6,18,Calabria,Calabria,1947131,404799,20.79,0.33
482,2021-05-19,CAL,18308,9070,9238,11252,6983,73,ITF,ITF6,18,Calabria,Calabria,1947131,423107,21.73,0.94
483,2021-03-23,CAL,5262,2469,2793,3424,1817,21,ITF,ITF6,18,Calabria,Calabria,1947131,428369,22.0,0.27
484,2021-07-15,CAL,18296,8816,9480,2530,15720,46,ITF,ITF6,18,Calabria,Calabria,1947131,446665,22.94,0.94
485,2021-03-11,CAL,7286,3464,3822,5952,1287,47,ITF,ITF6,18,Calabria,Calabria,1947131,453951,23.31,0.37
486,2021-06-19,CAL,15845,7414,8431,8500,7278,67,ITF,ITF6,18,Calabria,Calabria,1947131,469796,24.13,0.81
487,2021-07-29,CAL,16750,8333,8417,4510,12143,97,ITF,ITF6,18,Calabria,Calabria,1947131,486546,24.99,0.86
488,2021-02-11,CAL,2350,1050,1300,1062,1266,22,ITF,ITF6,18,Calabria,Calabria,1947131,488896,25.11,0.12
489,2021-01-30,CAL,2207,1166,1041,322,1882,3,ITF,ITF6,18,Calabria,Calabria,1947131,491103,25.22,0.11
490,2021-02-17,CAL,1870,826,1044,1645,211,14,ITF,ITF6,18,Calabria,Calabria,1947131,492973,25.32,0.1
491,2021-07-24,CAL,17997,9257,8740,4574,13329,94,ITF,ITF6,18,Calabria,Calabria,1947131,510970,26.24,0.92
492,2021-05-28,CAL,20992,10201,10791,11422,9458,112,ITF,ITF6,18,Calabria,Calabria,1947131,531962,27.32,1.08
493,2021-04-15,CAL,7768,3809,3959,5981,1745,42,ITF,ITF6,18,Calabria,Calabria,1947131,539730,27.72,0.4
494,2021-04-01,CAL,8677,3950,4727,4157,4486,34,ITF,ITF6,18,Calabria,Calabria,1947131,548407,28.16,0.45
495,2021-01-04,CAL,1073,532,541,1070,0,3,ITF,ITF6,18,Calabria,Calabria,1947131,549480,28.22,0.06
496,2021-04-23,CAL,13135,6451,6684,9435,3604,96,ITF,ITF6,18,Calabria,Calabria,1947131,562615,28.89,0.67
497,2021-01-13,CAL,2076,1049,1027,2064,0,12,ITF,ITF6,18,Calabria,Calabria,1947131,564691,29.0,0.11
498,2021-06-23,CAL,17206,7864,9342,8129,8997,80,ITF,ITF6,18,Calabria,Calabria,1947131,581897,29.88,0.88
499,2021-02-25,CAL,2908,1567,1341,2270,598,40,ITF,ITF6,18,Calabria,Calabria,1947131,584805,30.03,0.15
500,2021-03-06,CAL,8504,4379,4125,7681,802,21,ITF,ITF6,18,Calabria,Calabria,1947131,593309,30.47,0.44
501,2021-01-08,CAL,2188,1044,1144,2181,0,7,ITF,ITF6,18,Calabria,Calabria,1947131,595497,30.58,0.11
502,2021-03-18,CAL,4463,2088,2375,2336,2104,23,ITF,ITF6,18,Calabria,Calabria,1947131,599960,30.81,0.23
503,2021-02-27,CAL,4027,2072,1955,3637,383,7,ITF,ITF6,18,Calabria,Calabria,1947131,603987,31.02,0.21
504,2021-07-31,CAL,13803,7059,6744,3649,10084,70,ITF,ITF6,18,Calabria,Calabria,1947131,617790,31.73,0.71
505,2021-01-27,CAL,1482,749,733,388,1093,1,ITF,ITF6,18,Calabria,Calabria,1947131,619272,31.8,0.08
506,2021-01-20,CAL,1408,629,779,1404,1,3,ITF,ITF6,18,Calabria,Calabria,1947131,620680,31.88,0.07
507,2021-01-03,CAL,6,3,3,6,0,0,ITF,ITF6,18,Calabria,Calabria,1947131,620686,31.88,0.0
508,2021-03-27,CAL,8814,4010,4804,4660,4110,44,ITF,ITF6,18,Calabria,Calabria,1947131,629500,32.33,0.45
509,2021-07-05,CAL,13392,6258,7134,4292,9043,57,ITF,ITF6,18,Calabria,Calabria,1947131,642892,33.02,0.69
510,2021-03-08,CAL,5502,2978,2524,4397,1074,31,ITF,ITF6,18,Calabria,Calabria,1947131,648394,33.3,0.28
511,2021-03-25,CAL,7510,3545,3965,4578,2901,31,ITF,ITF6,18,Calabria,Calabria,1947131,655904,33.69,0.39
512,2021-05-14,CAL,19927,9570,10357,12942,6875,110,ITF,ITF6,18,Calabria,Calabria,1947131,675831,34.71,1.02
513,2021-04-27,CAL,9968,4902,5066,7962,1958,48,ITF,ITF6,18,Calabria,Calabria,1947131,685799,35.22,0.51
514,2021-02-03,CAL,2867,1476,1391,547,2315,5,ITF,ITF6,18,Calabria,Calabria,1947131,688666,35.37,0.15
515,2021-07-19,CAL,18992,9101,9891,3024,15920,48,ITF,ITF6,18,Calabria,Calabria,1947131,707658,36.34,0.98
516,2021-08-05,CAL,12454,6275,6179,3866,8494,94,ITF,ITF6,18,Calabria,Calabria,1947131,720112,36.98,0.64
517,2021-02-22,CAL,2073,1053,1020,1504,560,9,ITF,ITF6,18,Calabria,Calabria,1947131,722185,37.09,0.11
518,2021-02-15,CAL,1161,554,607,1001,155,5,ITF,ITF6,18,Calabria,Calabria,1947131,723346,37.15,0.06
519,2021-03-13,CAL,6982,3027,3955,5940,1010,32,ITF,ITF6,18,Calabria,Calabria,1947131,730328,37.51,0.36
520,2021-01-15,CAL,2814,1265,1549,2808,0,6,ITF,ITF6,18,Calabria,Calabria,1947131,733142,37.65,0.14
521,2021-04-25,CAL,15891,8063,7828,14802,1025,64,ITF,ITF6,18,Calabria,Calabria,1947131,749033,38.47,0.82
522,2021-05-23,CAL,11390,5554,5836,6997,4348,45,ITF,ITF6,18,Calabria,Calabria,1947131,760423,39.05,0.58
523,2021-03-01,CAL,2741,1556,1185,2278,459,4,ITF,ITF6,18,Calabria,Calabria,1947131,763164,39.19,0.14
524,2021-06-09,CAL,18243,8613,9630,15906,2254,83,ITF,ITF6,18,Calabria,Calabria,1947131,781407,40.13,0.94
525,2021-07-12,CAL,17967,8532,9435,2675,15243,49,ITF,ITF6,18,Calabria,Calabria,1947131,799374,41.05,0.92
526,2021-01-10,CAL,945,532,413,945,0,0,ITF,ITF6,18,Calabria,Calabria,1947131,800319,41.1,0.05
527,2021-04-20,CAL,7869,3976,3893,6060,1736,73,ITF,ITF6,18,Calabria,Calabria,1947131,808188,41.51,0.4
528,2021-02-12,CAL,1721,679,1042,942,773,6,ITF,ITF6,18,Calabria,Calabria,1947131,809909,41.59,0.09
529,2021-05-09,CAL,9656,4507,5149,6051,3561,44,ITF,ITF6,18,Calabria,Calabria,1947131,819565,42.09,0.5
530,2021-01-29,CAL,2071,999,1072,226,1844,1,ITF,ITF6,18,Calabria,Calabria,1947131,821636,42.2,0.11
531,2021-05-04,CAL,16479,7602,8877,11644,4746,89,ITF,ITF6,18,Calabria,Calabria,1947131,838115,43.04,0.85
532,2021-02-14,CAL,482,221,261,449,32,1,ITF,ITF6,18,Calabria,Calabria,1947131,838597,43.07,0.02
533,2021-05-25,CAL,16413,8037,8376,10215,6112,86,ITF,ITF6,18,Calabria,Calabria,1947131,855010,43.91,0.84
534,2021-01-26,CAL,1880,902,978,273,1606,1,ITF,ITF6,18,Calabria,Calabria,1947131,856890,44.01,0.1
535,2021-07-28,CAL,21351,10720,10631,5906,15336,109,ITF,ITF6,18,Calabria,Calabria,1947131,878241,45.1,1.1
536,2021-04-22,CAL,9813,4907,4906,6853,2912,48,ITF,ITF6,18,Calabria,Calabria,1947131,888054,45.61,0.5
537,2021-05-06,CAL,13303,6298,7005,8932,4305,66,ITF,ITF6,18,Calabria,Calabria,1947131,901357,46.29,0.68
538,2021-07-14,CAL,22612,10666,11946,4149,18387,76,ITF,ITF6,18,Calabria,Calabria,1947131,923969,47.45,1.16
539,2021-04-05,CAL,3643,1729,1914,2672,959,12,ITF,ITF6,18,Calabria,Calabria,1947131,927612,47.64,0.19
540,2021-06-16,CAL,18334,8473,9861,12125,6119,90,ITF,ITF6,18,Calabria,Calabria,1947131,945946,48.58,0.94
541,2021-06-18,CAL,18883,8795,10088,11263,7506,114,ITF,ITF6,18,Calabria,Calabria,1947131,964829,49.55,0.97
542,2021-03-10,CAL,6828,3469,3359,5451,1342,35,ITF,ITF6,18,Calabria,Calabria,1947131,971657,49.9,0.35
543,2021-06-01,CAL,12867,5967,6900,7884,4925,58,ITF,ITF6,18,Calabria,Calabria,1947131,984524,50.56,0.66
544,2021-05-13,CAL,15958,7678,8280,11175,4712,71,ITF,ITF6,18,Calabria,Calabria,1947131,1000482,51.38,0.82
545,2021-02-19,CAL,1511,683,828,1239,263,9,ITF,ITF6,18,Calabria,Calabria,1947131,1001993,51.46,0.08
546,2021-05-30,CAL,10987,5291,5696,6798,4153,36,ITF,ITF6,18,Calabria,Calabria,1947131,1012980,52.02,0.56
547,2020-12-27,CAL,313,168,145,313,0,0,ITF,ITF6,18,Calabria,Calabria,1947131,1013293,52.04,0.02
548,2021-04-06,CAL,8153,3714,4439,4463,3663,27,ITF,ITF6,18,Calabria,Calabria,1947131,1021446,52.46,0.42
549,2021-02-08,CAL,1875,746,1129,666,1206,3,ITF,ITF6,18,Calabria,Calabria,1947131,1023321,52.56,0.1
550,2021-04-24,CAL,19282,9596,9686,15754,3443,85,ITF,ITF6,18,Calabria,Calabria,1947131,1042603,53.55,0.99
551,2021-02-26,CAL,3118,1660,1458,2643,460,15,ITF,ITF6,18,Calabria,Calabria,1947131,1045721,53.71,0.16
552,2021-08-02,CAL,15077,7542,7535,3718,11303,56,ITF,ITF6,18,Calabria,Calabria,1947131,1060798,54.48,0.77
553,2021-06-20,CAL,6657,3152,3505,3817,2812,28,ITF,ITF6,18,Calabria,Calabria,1947131,1067455,54.82,0.34
554,2021-06-06,CAL,13791,6629,7162,12014,1708,69,ITF,ITF6,18,Calabria,Calabria,1947131,1081246,55.53,0.71
555,2021-01-07,CAL,2212,1083,1129,2208,0,4,ITF,ITF6,18,Calabria,Calabria,1947131,1083458,55.64,0.11
556,2021-06-13,CAL,6844,3358,3486,5733,1056,55,ITF,ITF6,18,Calabria,Calabria,1947131,1090302,56.0,0.35
557,2021-04-17,CAL,10831,5070,5761,9013,1773,45,ITF,ITF6,18,Calabria,Calabria,1947131,1101133,56.55,0.56
558,2021-05-01,CAL,16724,7971,8753,12393,4245,86,ITF,ITF6,18,Calabria,Calabria,1947131,1117857,57.41,0.86
559,2021-03-05,CAL,6239,3621,2618,5647,576,16,ITF,ITF6,18,Calabria,Calabria,1947131,1124096,57.73,0.32
560,2021-07-26,CAL,18682,9287,9395,5175,13419,88,ITF,ITF6,18,Calabria,Calabria,1947131,1142778,58.69,0.96
561,2021-03-12,CAL,5157,2469,2688,4077,1061,19,ITF,ITF6,18,Calabria,Calabria,1947131,1147935,58.96,0.26
562,2021-01-14,CAL,2663,1264,1399,2657,0,6,ITF,ITF6,18,Calabria,Calabria,1947131,1150598,59.09,0.14
563,2021-01-21,CAL,980,459,521,944,33,3,ITF,ITF6,18,Calabria,Calabria,1947131,1151578,59.14,0.05
564,2021-06-02,CAL,12097,5800,6297,8785,3265,47,ITF,ITF6,18,Calabria,Calabria,1947131,1163675,59.76,0.62
565,2021-05-16,CAL,13793,6730,7063,9917,3823,53,ITF,ITF6,18,Calabria,Calabria,1947131,1177468,60.47,0.71
566,2021-07-21,CAL,22061,10594,11467,4498,17452,111,ITF,ITF6,18,Calabria,Calabria,1947131,1199529,61.6,1.13
567,2021-01-17,CAL,901,434,467,799,96,6,ITF,ITF6,18,Calabria,Calabria,1947131,1200430,61.65,0.05
568,2021-03-24,CAL,7858,3599,4259,4520,3315,23,ITF,ITF6,18,Calabria,Calabria,1947131,1208288,62.05,0.4
569,2021-04-10,CAL,11695,5295,6400,6793,4858,44,ITF,ITF6,18,Calabria,Calabria,1947131,1219983,62.66,0.6
570,2021-02-05,CAL,3854,1739,2115,473,3366,15,ITF,ITF6,18,Calabria,Calabria,1947131,1223837,62.85,0.2
571,2021-04-29,CAL,12490,6072,6418,8657,3781,52,ITF,ITF6,18,Calabria,Calabria,1947131,1236327,63.49,0.64
572,2021-04-12,CAL,7026,3421,3605,5352,1651,23,ITF,ITF6,18,Calabria,Calabria,1947131,1243353,63.86,0.36
573,2021-01-19,CAL,1130,498,632,1115,13,2,ITF,ITF6,18,Calabria,Calabria,1947131,1244483,63.91,0.06
574,2021-01-22,CAL,660,276,384,658,2,0,ITF,ITF6,18,Calabria,Calabria,1947131,1245143,63.95,0.03
575,2021-05-02,CAL,12542,5857,6685,10588,1894,60,ITF,ITF6,18,Calabria,Calabria,1947131,1257685,64.59,0.64
576,2021-03-29,CAL,5771,2495,3276,3979,1768,24,ITF,ITF6,18,Calabria,Calabria,1947131,1263456,64.89,0.3
577,2021-01-31,CAL,1123,559,564,151,972,0,ITF,ITF6,18,Calabria,Calabria,1947131,1264579,64.95,0.06
578,2021-07-07,CAL,13960,6578,7382,3905,9984,71,ITF,ITF6,18,Calabria,Calabria,1947131,1278539,65.66,0.72
579,2021-05-11,CAL,15103,7317,7786,10241,4795,67,ITF,ITF6,18,Calabria,Calabria,1947131,1293642,66.44,0.78
580,2021-07-16,CAL,21042,10026,11016,3384,17588,70,ITF,ITF6,18,Calabria,Calabria,1947131,1314684,67.52,1.08
581,2021-01-24,CAL,46,19,27,40,6,0,ITF,ITF6,18,Calabria,Calabria,1947131,1314730,67.52,0.0
582,2021-07-09,CAL,15669,7305,8364,3636,11964,69,ITF,ITF6,18,Calabria,Calabria,1947131,1330399,68.33,0.8
583,2020-12-28,CAL,6,2,4,6,0,0,ITF,ITF6,18,Calabria,Calabria,1947131,1330405,68.33,0.0
584,2021-06-03,CAL,14244,6655,7589,9590,4599,55,ITF,ITF6,18,Calabria,Calabria,1947131,1344649,69.06,0.73
585,2021-04-07,CAL,7175,3267,3908,4092,3037,46,ITF,ITF6,18,Calabria,Calabria,1947131,1351824,69.43,0.37
586,2021-02-23,CAL,1605,758,847,1483,117,5,ITF,ITF6,18,Calabria,Calabria,1947131,1353429,69.51,0.08
587,2021-06-30,CAL,16392,7508,8884,7025,9266,101,ITF,ITF6,18,Calabria,Calabria,1947131,1369821,70.35,0.84
588,2021-06-28,CAL,13300,6124,7176,5381,7853,66,ITF,ITF6,18,Calabria,Calabria,1947131,1383121,71.03,0.68
589,2021-03-20,CAL,6735,3083,3652,4178,2541,16,ITF,ITF6,18,Calabria,Calabria,1947131,1389856,71.38,0.35
590,2021-03-15,CAL,3633,1752,1881,2161,1462,10,ITF,ITF6,18,Calabria,Calabria,1947131,1393489,71.57,0.19
591,2021-07-02,CAL,16264,7531,8733,6245,9938,81,ITF,ITF6,18,Calabria,Calabria,1947131,1409753,72.4,0.84
592,2021-05-20,CAL,16985,8498,8487,11270,5648,67,ITF,ITF6,18,Calabria,Calabria,1947131,1426738,73.27,0.87
593,2021-02-07,CAL,867,432,435,144,721,2,ITF,ITF6,18,Calabria,Calabria,1947131,1427605,73.32,0.04
594,2021-05-18,CAL,15337,7673,7664,11847,3422,68,ITF,ITF6,18,Calabria,Calabria,1947131,1442942,74.11,0.79
595,2021-03-22,CAL,4983,2342,2641,3180,1778,25,ITF,ITF6,18,Calabria,Calabria,1947131,1447925,74.36,0.26
596,2021-06-27,CAL,8428,3947,4481,4991,3397,40,ITF,ITF6,18,Calabria,Calabria,1947131,1456353,74.79,0.43
597,2021-04-03,CAL,9429,4077,5352,4517,4852,60,ITF,ITF6,18,Calabria,Calabria,1947131,1465782,75.28,0.48
598,2021-01-28,CAL,2290,1136,1154,81,2209,0,ITF,ITF6,18,Calabria,Calabria,1947131,1468072,75.4,0.12
599,2021-07-04,CAL,5936,2814,3122,1981,3919,36,ITF,ITF6,18,Calabria,Calabria,1947131,1474008,75.7,0.3
600,2021-06-17,CAL,15816,7226,8590,9593,6169,54,ITF,ITF6,18,Calabria,Calabria,1947131,1489824,76.51,0.81
601,2021-03-26,CAL,8095,3841,4254,4939,3128,28,ITF,ITF6,18,Calabria,Calabria,1947131,1497919,76.93,0.42
602,2021-07-06,CAL,11837,5462,6375,3614,8161,62,ITF,ITF6,18,Calabria,Calabria,1947131,1509756,77.54,0.61
603,2021-01-02,CAL,166,94,72,166,0,0,ITF,ITF6,18,Calabria,Calabria,1947131,1509922,77.55,0.01
604,2021-06-08,CAL,16678,7902,8776,14519,2037,122,ITF,ITF6,18,Calabria,Calabria,1947131,1526600,78.4,0.86
605,2021-03-17,CAL,4156,1852,2304,2188,1959,9,ITF,ITF6,18,Calabria,Calabria,1947131,1530756,78.62,0.21
606,2021-06-25,CAL,18825,8738,10087,8081,10664,80,ITF,ITF6,18,Calabria,Calabria,1947131,1549581,79.58,0.97
607,2021-07-13,CAL,17427,8155,9272,2313,15047,67,ITF,ITF6,18,Calabria,Calabria,1947131,1567008,80.48,0.9
608,2021-05-17,CAL,14916,7469,7447,10149,4715,52,ITF,ITF6,18,Calabria,Calabria,1947131,1581924,81.24,0.77
609,2021-02-21,CAL,637,299,338,559,77,1,ITF,ITF6,18,Calabria,Calabria,1947131,1582561,81.28,0.03
610,2021-05-08,CAL,18509,8410,10099,10525,7917,67,ITF,ITF6,18,Calabria,Calabria,1947131,1601070,82.23,0.95
611,2021-05-22,CAL,22195,10564,11631,14214,7891,90,ITF,ITF6,18,Calabria,Calabria,1947131,1623265,83.37,1.14
612,2021-04-21,CAL,11585,5819,5766,8619,2909,57,ITF,ITF6,18,Calabria,Calabria,1947131,1634850,83.96,0.59
613,2021-07-30,CAL,19724,10055,9669,5520,14084,120,ITF,ITF6,18,Calabria,Calabria,1947131,1654574,84.97,1.01
614,2021-04-02,CAL,8536,3910,4626,4580,3924,32,ITF,ITF6,18,Calabria,Calabria,1947131,1663110,85.41,0.44
615,2021-06-24,CAL,15381,7012,8369,6963,8338,80,ITF,ITF6,18,Calabria,Calabria,1947131,1678491,86.2,0.79
616,2021-03-19,CAL,4219,1972,2247,1887,2325,7,ITF,ITF6,18,Calabria,Calabria,1947131,1682710,86.42,0.22
617,2021-02-09,CAL,2168,917,1251,950,1209,9,ITF,ITF6,18,Calabria,Calabria,1947131,1684878,86.53,0.11
618,2021-05-29,CAL,19283,8954,10329,9348,9859,76,ITF,ITF6,18,Calabria,Calabria,1947131,1704161,87.52,0.99
619,2021-07-25,CAL,6948,3570,3378,1468,5448,32,ITF,ITF6,18,Calabria,Calabria,1947131,1711109,87.88,0.36
620,2021-03-31,CAL,9142,4174,4968,5061,4047,34,ITF,ITF6,18,Calabria,Calabria,1947131,1720251,88.35,0.47
621,2021-04-09,CAL,7994,3748,4246,5023,2891,80,ITF,ITF6,18,Calabria,Calabria,1947131,1728245,88.76,0.41
622,2021-07-18,CAL,8781,4204,4577,1273,7476,32,ITF,ITF6,18,Calabria,Calabria,1947131,1737026,89.21,0.45
623,2021-06-05,CAL,20722,9698,11024,17623,3020,79,ITF,ITF6,18,Calabria,Calabria,1947131,1757748,90.27,1.06
624,2021-04-28,CAL,12574,6099,6475,9627,2876,71,ITF,ITF6,18,Calabria,Calabria,1947131,1770322,90.92,0.65
625,2021-02-04,CAL,3667,1743,1924,648,3013,6,ITF,ITF6,18,Calabria,Calabria,1947131,1773989,91.11,0.19
626,2021-05-15,CAL,27247,13036,14211,20256,6860,131,ITF,ITF6,18,Calabria,Calabria,1947131,1801236,92.51,1.4
627,2021-02-02,CAL,2368,1166,1202,176,2192,0,ITF,ITF6,18,Calabria,Calabria,1947131,1803604,92.63,0.12
628,2021-01-16,CAL,2412,1131,1281,2409,0,3,ITF,ITF6,18,Calabria,Calabria,1947131,1806016,92.75,0.12
629,2021-04-19,CAL,7889,3808,4081,6161,1681,47,ITF,ITF6,18,Calabria,Calabria,1947131,1813905,93.16,0.41
630,2021-01-09,CAL,2034,1096,938,2026,0,8,ITF,ITF6,18,Calabria,Calabria,1947131,1815939,93.26,0.1
631,2021-02-28,CAL,2351,1070,1281,2194,154,3,ITF,ITF6,18,Calabria,Calabria,1947131,1818290,93.38,0.12
632,2021-07-11,CAL,6425,2980,3445,843,5572,10,ITF,ITF6,18,Calabria,Calabria,1947131,1824715,93.71,0.33
633,2021-06-10,CAL,15888,7329,8559,12985,2803,100,ITF,ITF6,18,Calabria,Calabria,1947131,1840603,94.53,0.82
634,2021-04-14,CAL,8081,3902,4179,6583,1451,47,ITF,ITF6,18,Calabria,Calabria,1947131,1848684,94.94,0.42
635,2021-02-16,CAL,1748,743,1005,1462,281,5,ITF,ITF6,18,Calabria,Calabria,1947131,1850432,95.03,0.09
636,2021-07-23,CAL,22648,11301,11347,5529,17024,95,ITF,ITF6,18,Calabria,Calabria,1947131,1873080,96.2,1.16
637,2021-05-27,CAL,17657,8730,8927,9772,7804,81,ITF,ITF6,18,Calabria,Calabria,1947131,1890737,97.1,0.91
638,2021-08-01,CAL,4894,2562,2332,1172,3698,24,ITF,ITF6,18,Calabria,Calabria,1947131,1895631,97.36,0.25
639,2021-04-08,CAL,9329,4418,4911,5814,3470,45,ITF,ITF6,18,Calabria,Calabria,1947131,1904960,97.83,0.48
640,2021-02-10,CAL,2517,1082,1435,870,1632,15,ITF,ITF6,18,Calabria,Calabria,1947131,1907477,97.96,0.13
641,2021-07-17,CAL,18331,9044,9287,2713,15553,65,ITF,ITF6,18,Calabria,Calabria,1947131,1925808,98.9,0.94
642,2021-06-04,CAL,17532,8154,9378,12953,4509,70,ITF,ITF6,18,Calabria,Calabria,1947131,1943340,99.81,0.9
643,2021-05-21,CAL,21339,10868,10471,13858,7372,109,ITF,ITF6,18,Calabria,Calabria,1947131,1964679,100.9,1.1
644,2021-01-05,CAL,1537,722,815,1535,0,2,ITF,ITF6,18,Calabria,Calabria,1947131,1966216,100.98,0.08
645,2021-01-12,CAL,2087,1032,1055,2078,0,9,ITF,ITF6,18,Calabria,Calabria,1947131,1968303,101.09,0.11
646,2021-02-24,CAL,1929,982,947,1445,478,6,ITF,ITF6,18,Calabria,Calabria,1947131,1970232,101.19,0.1
647,2021-03-03,CAL,5077,2775,2302,3983,1081,13,ITF,ITF6,18,Calabria,Calabria,1947131,1975309,101.45,0.26
648,2021-08-04,CAL,16035,8124,7911,4266,11669,100,ITF,ITF6,18,Calabria,Calabria,1947131,1991344,102.27,0.82
649,2021-06-29,CAL,13064,6039,7025,5360,7654,50,ITF,ITF6,18,Calabria,Calabria,1947131,2004408,102.94,0.67
650,2021-05-03,CAL,14833,6797,8036,10466,4279,88,ITF,ITF6,18,Calabria,Calabria,1947131,2019241,103.7,0.76
651,2021-03-21,CAL,4453,1923,2530,2728,1715,10,ITF,ITF6,18,Calabria,Calabria,1947131,2023694,103.93,0.23
652,2021-03-07,CAL,3405,1738,1667,3299,92,14,ITF,ITF6,18,Calabria,Calabria,1947131,2027099,104.11,0.17
653,2021-06-15,CAL,9908,4586,5322,6468,3377,63,ITF,ITF6,18,Calabria,Calabria,1947131,2037007,104.62,0.51
654,2021-03-14,CAL,2735,1063,1672,2280,448,7,ITF,ITF6,18,Calabria,Calabria,1947131,2039742,104.76,0.14
655,2021-06-22,CAL,14616,6914,7702,7381,7140,95,ITF,ITF6,18,Calabria,Calabria,1947131,2054358,105.51,0.75
656,2021-05-10,CAL,13168,6125,7043,7703,5408,57,ITF,ITF6,18,Calabria,Calabria,1947131,2067526,106.18,0.68
657,2021-04-26,CAL,10194,5064,5130,7724,2426,44,ITF,ITF6,18,Calabria,Calabria,1947131,2077720,106.71,0.52
658,2021-04-08,BAS,782,359,423,756,10,16,ITF,ITF5,17,Basilicata,Basilicata,559084,782,0.14,0.14
659,2021-04-22,BAS,5049,2351,2698,3381,1613,55,ITF,ITF5,17,Basilicata,Basilicata,559084,5831,1.04,0.9
660,2021-07-31,BAS,5464,2876,2588,1827,3583,54,ITF,ITF5,17,Basilicata,Basilicata,559084,11295,2.02,0.98
661,2021-07-17,BAS,5855,2914,2941,1709,4107,39,ITF,ITF5,17,Basilicata,Basilicata,559084,17150,3.07,1.05
662,2021-06-30,BAS,3474,1679,1795,2335,1111,28,ITF,ITF5,17,Basilicata,Basilicata,559084,20624,3.69,0.62
663,2021-06-04,BAS,4832,2288,2544,3749,1046,37,ITF,ITF5,17,Basilicata,Basilicata,559084,25456,4.55,0.86
664,2021-02-24,BAS,1808,743,1065,1723,74,11,ITF,ITF5,17,Basilicata,Basilicata,559084,27264,4.88,0.32
665,2021-02-22,BAS,1792,774,1018,1731,53,8,ITF,ITF5,17,Basilicata,Basilicata,559084,29056,5.2,0.32
666,2021-01-15,BAS,819,353,466,819,0,0,ITF,ITF5,17,Basilicata,Basilicata,559084,29875,5.34,0.15
667,2020-12-27,BAS,106,41,65,106,0,0,ITF,ITF5,17,Basilicata,Basilicata,559084,29981,5.36,0.02
668,2021-03-20,BAS,1297,575,722,276,1014,7,ITF,ITF5,17,Basilicata,Basilicata,559084,31278,5.59,0.23
669,2021-06-28,BAS,3642,1747,1895,2115,1509,18,ITF,ITF5,17,Basilicata,Basilicata,559084,34920,6.25,0.65
670,2021-03-06,BAS,1371,541,830,752,606,13,ITF,ITF5,17,Basilicata,Basilicata,559084,36291,6.49,0.25
671,2021-05-30,BAS,2778,1421,1357,920,1853,5,ITF,ITF5,17,Basilicata,Basilicata,559084,39069,6.99,0.5
672,2021-04-03,BAS,1813,754,1059,1465,336,12,ITF,ITF5,17,Basilicata,Basilicata,559084,40882,7.31,0.32
673,2021-02-05,BAS,994,447,547,63,930,1,ITF,ITF5,17,Basilicata,Basilicata,559084,41876,7.49,0.18
674,2021-07-12,BAS,5442,2593,2849,1606,3810,26,ITF,ITF5,17,Basilicata,Basilicata,559084,47318,8.46,0.97
675,2021-07-26,BAS,5414,2720,2694,1989,3387,38,ITF,ITF5,17,Basilicata,Basilicata,559084,52732,9.43,0.97
676,2021-01-22,BAS,67,24,43,67,0,0,ITF,ITF5,17,Basilicata,Basilicata,559084,52799,9.44,0.01
677,2021-07-24,BAS,5723,2927,2796,1753,3920,50,ITF,ITF5,17,Basilicata,Basilicata,559084,58522,10.47,1.02
678,2021-05-02,BAS,4181,2001,2180,3491,629,61,ITF,ITF5,17,Basilicata,Basilicata,559084,62703,11.22,0.75
679,2021-03-25,BAS,1884,603,1281,1517,345,22,ITF,ITF5,17,Basilicata,Basilicata,559084,64587,11.55,0.34
680,2021-01-27,BAS,419,177,242,113,306,0,ITF,ITF5,17,Basilicata,Basilicata,559084,65006,11.63,0.07
681,2021-02-10,BAS,551,240,311,496,53,2,ITF,ITF5,17,Basilicata,Basilicata,559084,65557,11.73,0.1
682,2021-05-21,BAS,4578,2322,2256,1480,3086,12,ITF,ITF5,17,Basilicata,Basilicata,559084,70135,12.54,0.82
683,2021-04-01,BAS,2724,1115,1609,1970,726,28,ITF,ITF5,17,Basilicata,Basilicata,559084,72859,13.03,0.49
684,2021-05-04,BAS,4139,1993,2146,3567,523,49,ITF,ITF5,17,Basilicata,Basilicata,559084,76998,13.77,0.74
685,2021-03-08,BAS,1468,719,749,820,618,30,ITF,ITF5,17,Basilicata,Basilicata,559084,78466,14.03,0.26
686,2021-06-16,BAS,4606,2086,2520,2127,2459,20,ITF,ITF5,17,Basilicata,Basilicata,559084,83072,14.86,0.82
687,2021-01-10,BAS,77,24,53,77,0,0,ITF,ITF5,17,Basilicata,Basilicata,559084,83149,14.87,0.01
688,2021-04-20,BAS,4120,1965,2155,2182,1913,25,ITF,ITF5,17,Basilicata,Basilicata,559084,87269,15.61,0.74
689,2021-01-08,BAS,555,219,336,555,0,0,ITF,ITF5,17,Basilicata,Basilicata,559084,87824,15.71,0.1
690,2021-03-15,BAS,2365,989,1376,508,1841,16,ITF,ITF5,17,Basilicata,Basilicata,559084,90189,16.13,0.42
691,2021-02-17,BAS,1137,493,644,1058,77,2,ITF,ITF5,17,Basilicata,Basilicata,559084,91326,16.33,0.2
692,2021-05-28,BAS,3615,1810,1805,919,2663,33,ITF,ITF5,17,Basilicata,Basilicata,559084,94941,16.98,0.65
693,2021-06-11,BAS,4236,1982,2254,3167,1028,41,ITF,ITF5,17,Basilicata,Basilicata,559084,99177,17.74,0.76
694,2021-05-11,BAS,2654,1353,1301,1597,1033,24,ITF,ITF5,17,Basilicata,Basilicata,559084,101831,18.21,0.47
695,2021-07-14,BAS,5641,2719,2922,1627,3989,25,ITF,ITF5,17,Basilicata,Basilicata,559084,107472,19.22,1.01
696,2021-06-23,BAS,3241,1522,1719,2333,876,32,ITF,ITF5,17,Basilicata,Basilicata,559084,110713,19.8,0.58
697,2021-03-13,BAS,1803,892,911,735,1048,20,ITF,ITF5,17,Basilicata,Basilicata,559084,112516,20.13,0.32
698,2021-02-07,BAS,381,161,220,49,332,0,ITF,ITF5,17,Basilicata,Basilicata,559084,112897,20.19,0.07
699,2021-05-18,BAS,5897,2857,3040,3385,2492,20,ITF,ITF5,17,Basilicata,Basilicata,559084,118794,21.25,1.05
700,2021-07-23,BAS,5549,2781,2768,1888,3616,45,ITF,ITF5,17,Basilicata,Basilicata,559084,124343,22.24,0.99
701,2021-05-01,BAS,4707,2139,2568,3887,753,67,ITF,ITF5,17,Basilicata,Basilicata,559084,129050,23.08,0.84
702,2021-05-16,BAS,4973,2468,2505,2812,2113,48,ITF,ITF5,17,Basilicata,Basilicata,559084,134023,23.97,0.89
703,2021-07-19,BAS,5924,2888,3036,1997,3886,41,ITF,ITF5,17,Basilicata,Basilicata,559084,139947,25.03,1.06
704,2021-05-23,BAS,4518,2302,2216,1527,2984,7,ITF,ITF5,17,Basilicata,Basilicata,559084,144465,25.84,0.81
705,2021-03-27,BAS,2256,866,1390,1809,433,14,ITF,ITF5,17,Basilicata,Basilicata,559084,146721,26.24,0.4
706,2021-04-15,BAS,3428,1678,1750,2589,796,43,ITF,ITF5,17,Basilicata,Basilicata,559084,150149,26.86,0.61
707,2021-07-07,BAS,5205,2472,2733,2022,3171,12,ITF,ITF5,17,Basilicata,Basilicata,559084,155354,27.79,0.93
708,2021-01-03,BAS,904,345,559,904,0,0,ITF,ITF5,17,Basilicata,Basilicata,559084,156258,27.95,0.16
709,2021-05-09,BAS,4683,2339,2344,2940,1694,49,ITF,ITF5,17,Basilicata,Basilicata,559084,160941,28.79,0.84
710,2021-02-15,BAS,626,235,391,568,43,15,ITF,ITF5,17,Basilicata,Basilicata,559084,161567,28.9,0.11
711,2021-01-29,BAS,617,231,386,63,554,0,ITF,ITF5,17,Basilicata,Basilicata,559084,162184,29.01,0.11
712,2021-03-05,BAS,1864,861,1003,1097,754,13,ITF,ITF5,17,Basilicata,Basilicata,559084,164048,29.34,0.33
713,2021-06-13,BAS,3014,1440,1574,2678,308,28,ITF,ITF5,17,Basilicata,Basilicata,559084,167062,29.88,0.54
714,2021-02-03,BAS,673,304,369,32,641,0,ITF,ITF5,17,Basilicata,Basilicata,559084,167735,30.0,0.12
715,2021-06-01,BAS,6136,2926,3210,3033,3076,27,ITF,ITF5,17,Basilicata,Basilicata,559084,173871,31.1,1.1
716,2021-06-09,BAS,4424,2072,2352,3967,424,33,ITF,ITF5,17,Basilicata,Basilicata,559084,178295,31.89,0.79
717,2021-04-13,BAS,2118,1053,1065,1283,818,17,ITF,ITF5,17,Basilicata,Basilicata,559084,180413,32.27,0.38
718,2021-03-01,BAS,552,286,266,383,169,0,ITF,ITF5,17,Basilicata,Basilicata,559084,180965,32.37,0.1
719,2021-06-18,BAS,4464,2065,2399,2179,2259,26,ITF,ITF5,17,Basilicata,Basilicata,559084,185429,33.17,0.8
720,2021-01-24,BAS,858,313,545,58,799,1,ITF,ITF5,17,Basilicata,Basilicata,559084,186287,33.32,0.15
721,2021-01-17,BAS,329,133,196,328,1,0,ITF,ITF5,17,Basilicata,Basilicata,559084,186616,33.38,0.06
722,2021-04-27,BAS,4730,2243,2487,4351,327,52,ITF,ITF5,17,Basilicata,Basilicata,559084,191346,34.22,0.85
723,2021-08-05,BAS,4557,2320,2237,1287,3231,39,ITF,ITF5,17,Basilicata,Basilicata,559084,195903,35.04,0.82
724,2021-04-05,BAS,725,234,491,412,303,10,ITF,ITF5,17,Basilicata,Basilicata,559084,196628,35.17,0.13
725,2021-03-22,BAS,1194,538,656,637,549,8,ITF,ITF5,17,Basilicata,Basilicata,559084,197822,35.38,0.21
726,2021-03-03,BAS,1750,820,930,1167,561,22,ITF,ITF5,17,Basilicata,Basilicata,559084,199572,35.7,0.31
727,2021-05-25,BAS,4199,2114,2085,867,3322,10,ITF,ITF5,17,Basilicata,Basilicata,559084,203771,36.45,0.75
728,2021-02-14,BAS,151,48,103,105,0,46,ITF,ITF5,17,Basilicata,Basilicata,559084,203922,36.47,0.03
729,2021-02-26,BAS,2152,904,1248,2065,81,6,ITF,ITF5,17,Basilicata,Basilicata,559084,206074,36.86,0.38
730,2021-07-09,BAS,5340,2610,2730,1698,3633,9,ITF,ITF5,17,Basilicata,Basilicata,559084,211414,37.81,0.96
731,2021-04-17,BAS,3461,1655,1806,2171,1262,28,ITF,ITF5,17,Basilicata,Basilicata,559084,214875,38.43,0.62
732,2021-03-29,BAS,2472,892,1580,2133,288,51,ITF,ITF5,17,Basilicata,Basilicata,559084,217347,38.88,0.44
733,2021-01-05,BAS,950,410,540,950,0,0,ITF,ITF5,17,Basilicata,Basilicata,559084,218297,39.05,0.17
734,2021-06-20,BAS,4012,1884,2128,1942,2036,34,ITF,ITF5,17,Basilicata,Basilicata,559084,222309,39.76,0.72
735,2021-07-05,BAS,3270,1615,1655,2215,1022,33,ITF,ITF5,17,Basilicata,Basilicata,559084,225579,40.35,0.58
736,2021-01-07,BAS,642,320,322,642,0,0,ITF,ITF5,17,Basilicata,Basilicata,559084,226221,40.46,0.11
737,2021-02-19,BAS,1624,739,885,1557,62,5,ITF,ITF5,17,Basilicata,Basilicata,559084,227845,40.75,0.29
738,2021-05-13,BAS,5984,2967,3017,3299,2595,90,ITF,ITF5,17,Basilicata,Basilicata,559084,233829,41.82,1.07
739,2021-05-08,BAS,4842,2404,2438,3387,1411,44,ITF,ITF5,17,Basilicata,Basilicata,559084,238671,42.69,0.87
740,2021-05-27,BAS,3613,1860,1753,1069,2530,14,ITF,ITF5,17,Basilicata,Basilicata,559084,242284,43.34,0.65
741,2021-04-24,BAS,4551,2202,2349,3477,1019,55,ITF,ITF5,17,Basilicata,Basilicata,559084,246835,44.15,0.81
742,2021-08-02,BAS,4608,2333,2275,1779,2789,40,ITF,ITF5,17,Basilicata,Basilicata,559084,251443,44.97,0.82
743,2021-07-16,BAS,5933,2900,3033,1803,4096,34,ITF,ITF5,17,Basilicata,Basilicata,559084,257376,46.04,1.06
744,2021-03-19,BAS,2299,996,1303,259,2033,7,ITF,ITF5,17,Basilicata,Basilicata,559084,259675,46.45,0.41
745,2021-02-16,BAS,907,377,530,790,98,19,ITF,ITF5,17,Basilicata,Basilicata,559084,260582,46.61,0.16
746,2021-06-27,BAS,3007,1477,1530,2378,615,14,ITF,ITF5,17,Basilicata,Basilicata,559084,263589,47.15,0.54
747,2021-04-29,BAS,4847,2393,2454,4339,434,74,ITF,ITF5,17,Basilicata,Basilicata,559084,268436,48.01,0.87
748,2021-03-17,BAS,1464,613,851,24,1436,4,ITF,ITF5,17,Basilicata,Basilicata,559084,269900,48.28,0.26
749,2021-01-19,BAS,199,84,115,199,0,0,ITF,ITF5,17,Basilicata,Basilicata,559084,270099,48.31,0.04
750,2021-06-25,BAS,3310,1569,1741,2444,833,33,ITF,ITF5,17,Basilicata,Basilicata,559084,273409,48.9,0.59
751,2021-07-04,BAS,3109,1562,1547,2163,921,25,ITF,ITF5,17,Basilicata,Basilicata,559084,276518,49.46,0.56
752,2021-01-31,BAS,77,24,53,0,77,0,ITF,ITF5,17,Basilicata,Basilicata,559084,276595,49.47,0.01
753,2021-01-12,BAS,217,88,129,217,0,0,ITF,ITF5,17,Basilicata,Basilicata,559084,276812,49.51,0.04
754,2021-05-10,BAS,4805,2383,2422,2719,2042,44,ITF,ITF5,17,Basilicata,Basilicata,559084,281617,50.37,0.86
755,2021-07-18,BAS,4385,2161,2224,1576,2783,26,ITF,ITF5,17,Basilicata,Basilicata,559084,286002,51.16,0.78
756,2021-08-01,BAS,4207,2113,2094,1634,2535,38,ITF,ITF5,17,Basilicata,Basilicata,559084,290209,51.91,0.75
757,2021-06-29,BAS,3856,1882,1974,2787,1041,28,ITF,ITF5,17,Basilicata,Basilicata,559084,294065,52.6,0.69
758,2021-05-20,BAS,5882,2979,2903,2884,2970,28,ITF,ITF5,17,Basilicata,Basilicata,559084,299947,53.65,1.05
759,2021-06-06,BAS,4512,2074,2438,3695,779,38,ITF,ITF5,17,Basilicata,Basilicata,559084,304459,54.46,0.81
760,2021-04-14,BAS,2044,1001,1043,1353,675,16,ITF,ITF5,17,Basilicata,Basilicata,559084,306503,54.82,0.37
761,2021-01-21,BAS,31,10,21,30,1,0,ITF,ITF5,17,Basilicata,Basilicata,559084,306534,54.83,0.01
762,2021-01-04,BAS,611,273,338,611,0,0,ITF,ITF5,17,Basilicata,Basilicata,559084,307145,54.94,0.11
763,2021-07-06,BAS,4071,1943,2128,2033,2003,35,ITF,ITF5,17,Basilicata,Basilicata,559084,311216,55.67,0.73
764,2021-01-23,BAS,743,315,428,33,710,0,ITF,ITF5,17,Basilicata,Basilicata,559084,311959,55.8,0.13
765,2021-05-03,BAS,4511,2043,2468,3621,827,63,ITF,ITF5,17,Basilicata,Basilicata,559084,316470,56.61,0.81
766,2021-02-09,BAS,493,214,279,317,176,0,ITF,ITF5,17,Basilicata,Basilicata,559084,316963,56.69,0.09
767,2021-07-25,BAS,4448,2229,2219,1576,2848,24,ITF,ITF5,17,Basilicata,Basilicata,559084,321411,57.49,0.8
768,2021-02-12,BAS,781,333,448,748,32,1,ITF,ITF5,17,Basilicata,Basilicata,559084,322192,57.63,0.14
769,2021-04-10,BAS,1035,379,656,924,85,26,ITF,ITF5,17,Basilicata,Basilicata,559084,323227,57.81,0.19
770,2021-06-24,BAS,4093,1940,2153,2153,1903,37,ITF,ITF5,17,Basilicata,Basilicata,559084,327320,58.55,0.73
771,2021-04-28,BAS,4708,2159,2549,4207,441,60,ITF,ITF5,17,Basilicata,Basilicata,559084,332028,59.39,0.84
772,2021-03-02,BAS,802,387,415,659,138,5,ITF,ITF5,17,Basilicata,Basilicata,559084,332830,59.53,0.14
773,2021-06-10,BAS,4345,2101,2244,3867,441,37,ITF,ITF5,17,Basilicata,Basilicata,559084,337175,60.31,0.78
774,2021-07-30,BAS,4767,2437,2330,1915,2803,49,ITF,ITF5,17,Basilicata,Basilicata,559084,341942,61.16,0.85
775,2021-06-17,BAS,4440,2044,2396,2086,2330,24,ITF,ITF5,17,Basilicata,Basilicata,559084,346382,61.96,0.79
776,2021-04-21,BAS,3945,1842,2103,2245,1670,30,ITF,ITF5,17,Basilicata,Basilicata,559084,350327,62.66,0.71
777,2021-01-18,BAS,463,157,306,364,99,0,ITF,ITF5,17,Basilicata,Basilicata,559084,350790,62.74,0.08
778,2021-03-16,BAS,1914,806,1108,226,1685,3,ITF,ITF5,17,Basilicata,Basilicata,559084,352704,63.09,0.34
779,2021-05-05,BAS,4339,2050,2289,3380,890,69,ITF,ITF5,17,Basilicata,Basilicata,559084,357043,63.86,0.78
780,2021-03-09,BAS,1408,719,689,779,611,18,ITF,ITF5,17,Basilicata,Basilicata,559084,358451,64.11,0.25
781,2021-01-25,BAS,1035,433,602,73,961,1,ITF,ITF5,17,Basilicata,Basilicata,559084,359486,64.3,0.19
782,2021-01-11,BAS,183,66,117,183,0,0,ITF,ITF5,17,Basilicata,Basilicata,559084,359669,64.33,0.03
783,2021-03-14,BAS,1010,477,533,529,469,12,ITF,ITF5,17,Basilicata,Basilicata,559084,360679,64.51,0.18
784,2021-03-31,BAS,3108,1265,1843,2295,783,30,ITF,ITF5,17,Basilicata,Basilicata,559084,363787,65.07,0.56
785,2021-06-22,BAS,4355,2061,2294,2223,2100,32,ITF,ITF5,17,Basilicata,Basilicata,559084,368142,65.85,0.78
786,2021-06-05,BAS,4800,2210,2590,3824,941,35,ITF,ITF5,17,Basilicata,Basilicata,559084,372942,66.71,0.86
787,2021-02-23,BAS,1904,772,1132,1747,139,18,ITF,ITF5,17,Basilicata,Basilicata,559084,374846,67.05,0.34
788,2021-06-03,BAS,4922,2259,2663,3704,1180,38,ITF,ITF5,17,Basilicata,Basilicata,559084,379768,67.93,0.88
789,2021-03-12,BAS,1915,985,930,784,1104,27,ITF,ITF5,17,Basilicata,Basilicata,559084,381683,68.27,0.34
790,2021-05-17,BAS,5548,2735,2813,3363,2136,49,ITF,ITF5,17,Basilicata,Basilicata,559084,387231,69.26,0.99
791,2021-03-24,BAS,1903,725,1178,1481,398,24,ITF,ITF5,17,Basilicata,Basilicata,559084,389134,69.6,0.34
792,2021-07-02,BAS,3691,1839,1852,2485,1177,29,ITF,ITF5,17,Basilicata,Basilicata,559084,392825,70.26,0.66
793,2021-02-11,BAS,955,404,551,870,83,2,ITF,ITF5,17,Basilicata,Basilicata,559084,393780,70.43,0.17
794,2021-05-22,BAS,5488,2723,2765,1926,3551,11,ITF,ITF5,17,Basilicata,Basilicata,559084,399268,71.41,0.98
795,2021-03-26,BAS,1956,703,1253,1669,260,27,ITF,ITF5,17,Basilicata,Basilicata,559084,401224,71.76,0.35
796,2021-02-13,BAS,800,314,486,701,61,38,ITF,ITF5,17,Basilicata,Basilicata,559084,402024,71.91,0.14
797,2021-05-24,BAS,4834,2344,2490,1090,3731,13,ITF,ITF5,17,Basilicata,Basilicata,559084,406858,72.77,0.86
798,2021-07-29,BAS,4573,2378,2195,1807,2722,44,ITF,ITF5,17,Basilicata,Basilicata,559084,411431,73.59,0.82
799,2021-06-02,BAS,5961,2805,3156,4376,1544,41,ITF,ITF5,17,Basilicata,Basilicata,559084,417392,74.66,1.07
800,2021-04-18,BAS,3719,1843,1876,2329,1368,22,ITF,ITF5,17,Basilicata,Basilicata,559084,421111,75.32,0.67
801,2021-03-10,BAS,1685,845,840,835,839,11,ITF,ITF5,17,Basilicata,Basilicata,559084,422796,75.62,0.3
802,2021-01-26,BAS,810,357,453,101,709,0,ITF,ITF5,17,Basilicata,Basilicata,559084,423606,75.77,0.14
803,2021-05-06,BAS,5068,2440,2628,3432,1585,51,ITF,ITF5,17,Basilicata,Basilicata,559084,428674,76.67,0.91
804,2021-05-15,BAS,6531,3343,3188,3874,2574,83,ITF,ITF5,17,Basilicata,Basilicata,559084,435205,77.84,1.17
805,2021-04-02,BAS,2343,1057,1286,1714,605,24,ITF,ITF5,17,Basilicata,Basilicata,559084,437548,78.26,0.42
806,2021-02-04,BAS,1104,445,659,64,1040,0,ITF,ITF5,17,Basilicata,Basilicata,559084,438652,78.46,0.2
807,2021-07-11,BAS,5032,2405,2627,1510,3497,25,ITF,ITF5,17,Basilicata,Basilicata,559084,443684,79.36,0.9
808,2021-02-02,BAS,368,144,224,174,193,1,ITF,ITF5,17,Basilicata,Basilicata,559084,444052,79.42,0.07
809,2021-04-09,BAS,1152,350,802,1064,63,25,ITF,ITF5,17,Basilicata,Basilicata,559084,445204,79.63,0.21
810,2021-07-13,BAS,5855,2825,3030,1773,4035,47,ITF,ITF5,17,Basilicata,Basilicata,559084,451059,80.68,1.05
811,2021-01-28,BAS,915,406,509,119,796,0,ITF,ITF5,17,Basilicata,Basilicata,559084,451974,80.84,0.16
812,2021-01-14,BAS,970,413,557,970,0,0,ITF,ITF5,17,Basilicata,Basilicata,559084,452944,81.02,0.17
813,2021-04-07,BAS,1211,551,660,1155,36,20,ITF,ITF5,17,Basilicata,Basilicata,559084,454155,81.23,0.22
814,2021-04-25,BAS,2989,1458,1531,2905,52,32,ITF,ITF5,17,Basilicata,Basilicata,559084,457144,81.77,0.53
815,2021-02-08,BAS,562,193,369,152,410,0,ITF,ITF5,17,Basilicata,Basilicata,559084,457706,81.87,0.1
816,2021-05-19,BAS,2872,1499,1373,1183,1676,13,ITF,ITF5,17,Basilicata,Basilicata,559084,460578,82.38,0.51
817,2021-02-25,BAS,1790,738,1052,1733,46,11,ITF,ITF5,17,Basilicata,Basilicata,559084,462368,82.7,0.32
818,2021-02-06,BAS,924,380,544,146,778,0,ITF,ITF5,17,Basilicata,Basilicata,559084,463292,82.87,0.17
819,2021-04-30,BAS,5286,2376,2910,4066,1163,57,ITF,ITF5,17,Basilicata,Basilicata,559084,468578,83.81,0.95
820,2021-01-20,BAS,85,22,63,84,1,0,ITF,ITF5,17,Basilicata,Basilicata,559084,468663,83.83,0.02
821,2021-03-21,BAS,1172,544,628,470,699,3,ITF,ITF5,17,Basilicata,Basilicata,559084,469835,84.04,0.21
822,2021-05-29,BAS,3057,1532,1525,824,2224,9,ITF,ITF5,17,Basilicata,Basilicata,559084,472892,84.58,0.55
823,2021-01-13,BAS,916,387,529,916,0,0,ITF,ITF5,17,Basilicata,Basilicata,559084,473808,84.75,0.16
824,2021-04-23,BAS,4548,2189,2359,3480,1008,60,ITF,ITF5,17,Basilicata,Basilicata,559084,478356,85.56,0.81
825,2021-01-30,BAS,712,230,482,129,583,0,ITF,ITF5,17,Basilicata,Basilicata,559084,479068,85.69,0.13
826,2021-06-21,BAS,4257,2045,2212,2145,2093,19,ITF,ITF5,17,Basilicata,Basilicata,559084,483325,86.45,0.76
827,2021-06-19,BAS,4466,2178,2288,2370,2074,22,ITF,ITF5,17,Basilicata,Basilicata,559084,487791,87.25,0.8
828,2021-03-28,BAS,2144,743,1401,2110,17,17,ITF,ITF5,17,Basilicata,Basilicata,559084,489935,87.63,0.38
829,2021-03-11,BAS,1797,930,867,818,961,18,ITF,ITF5,17,Basilicata,Basilicata,559084,491732,87.95,0.32
830,2021-08-03,BAS,5123,2600,2523,1831,3243,49,ITF,ITF5,17,Basilicata,Basilicata,559084,496855,88.87,0.92
831,2021-05-12,BAS,4729,2330,2399,2800,1881,48,ITF,ITF5,17,Basilicata,Basilicata,559084,501584,89.72,0.85
832,2021-07-15,BAS,6477,3211,3266,1669,4783,25,ITF,ITF5,17,Basilicata,Basilicata,559084,508061,90.87,1.16
833,2021-04-06,BAS,1274,465,809,1074,184,16,ITF,ITF5,17,Basilicata,Basilicata,559084,509335,91.1,0.23
834,2021-06-14,BAS,4826,2157,2669,2092,2710,24,ITF,ITF5,17,Basilicata,Basilicata,559084,514161,91.96,0.86
835,2021-02-27,BAS,1995,862,1133,1814,164,17,ITF,ITF5,17,Basilicata,Basilicata,559084,516156,92.32,0.36
836,2021-07-20,BAS,5695,2795,2900,1688,3967,40,ITF,ITF5,17,Basilicata,Basilicata,559084,521851,93.34,1.02
837,2021-06-07,BAS,4237,1920,2317,3884,315,38,ITF,ITF5,17,Basilicata,Basilicata,559084,526088,94.1,0.76
838,2021-04-11,BAS,961,389,572,761,171,29,ITF,ITF5,17,Basilicata,Basilicata,559084,527049,94.27,0.17
839,2021-02-20,BAS,1165,534,631,1046,119,0,ITF,ITF5,17,Basilicata,Basilicata,559084,528214,94.48,0.21
840,2021-07-27,BAS,4715,2372,2343,1816,2854,45,ITF,ITF5,17,Basilicata,Basilicata,559084,532929,95.32,0.84
841,2021-05-31,BAS,4230,2010,2220,1713,2509,8,ITF,ITF5,17,Basilicata,Basilicata,559084,537159,96.08,0.76
842,2021-02-18,BAS,1071,401,670,852,216,3,ITF,ITF5,17,Basilicata,Basilicata,559084,538230,96.27,0.19
843,2021-03-30,BAS,2830,1198,1632,2469,346,15,ITF,ITF5,17,Basilicata,Basilicata,559084,541060,96.78,0.51
844,2021-07-08,BAS,5138,2429,2709,1855,3259,24,ITF,ITF5,17,Basilicata,Basilicata,559084,546198,97.7,0.92
845,2021-01-06,BAS,296,130,166,296,0,0,ITF,ITF5,17,Basilicata,Basilicata,559084,546494,97.75,0.05
846,2021-04-16,BAS,3323,1635,1688,2400,900,23,ITF,ITF5,17,Basilicata,Basilicata,559084,549817,98.34,0.59
847,2021-03-04,BAS,1892,896,996,1065,804,23,ITF,ITF5,17,Basilicata,Basilicata,559084,551709,98.68,0.34
848,2021-06-12,BAS,3675,1688,1987,2959,678,38,ITF,ITF5,17,Basilicata,Basilicata,559084,555384,99.34,0.66
849,2021-03-23,BAS,1637,630,1007,1448,169,20,ITF,ITF5,17,Basilicata,Basilicata,559084,557021,99.63,0.29
850,2021-07-01,BAS,3715,1857,1858,2570,1111,34,ITF,ITF5,17,Basilicata,Basilicata,559084,560736,100.3,0.66
851,2021-02-01,BAS,244,92,152,46,198,0,ITF,ITF5,17,Basilicata,Basilicata,559084,560980,100.34,0.04
852,2021-05-26,BAS,4488,2259,2229,1676,2783,29,ITF,ITF5,17,Basilicata,Basilicata,559084,565468,101.14,0.8
853,2021-04-04,BAS,611,226,385,190,415,6,ITF,ITF5,17,Basilicata,Basilicata,559084,566079,101.25,0.11
854,2021-07-22,BAS,5797,2889,2908,1786,3950,61,ITF,ITF5,17,Basilicata,Basilicata,559084,571876,102.29,1.04
855,2021-08-04,BAS,4510,2236,2274,1429,3040,41,ITF,ITF5,17,Basilicata,Basilicata,559084,576386,103.09,0.81
856,2021-06-08,BAS,4585,2194,2391,4190,357,38,ITF,ITF5,17,Basilicata,Basilicata,559084,580971,103.91,0.82
857,2021-04-12,BAS,2172,1051,1121,1653,490,29,ITF,ITF5,17,Basilicata,Basilicata,559084,583143,104.3,0.39
858,2021-07-21,BAS,5845,2942,2903,1611,4201,33,ITF,ITF5,17,Basilicata,Basilicata,559084,588988,105.35,1.05
859,2021-04-19,BAS,4169,1913,2256,2397,1641,131,ITF,ITF5,17,Basilicata,Basilicata,559084,593157,106.09,0.75
860,2021-07-28,BAS,5038,2578,2460,1932,3047,59,ITF,ITF5,17,Basilicata,Basilicata,559084,598195,107.0,0.9
861,2021-06-15,BAS,3221,1416,1805,2226,975,20,ITF,ITF5,17,Basilicata,Basilicata,559084,601416,107.57,0.58
862,2021-02-28,BAS,812,347,465,771,37,4,ITF,ITF5,17,Basilicata,Basilicata,559084,602228,107.72,0.15
863,2021-01-02,BAS,950,381,569,949,0,1,ITF,ITF5,17,Basilicata,Basilicata,559084,603178,107.89,0.17
864,2021-01-16,BAS,723,305,418,723,0,0,ITF,ITF5,17,Basilicata,Basilicata,559084,603901,108.02,0.13
865,2021-04-26,BAS,4467,2166,2301,4198,221,48,ITF,ITF5,17,Basilicata,Basilicata,559084,608368,108.82,0.8
866,2021-02-21,BAS,284,113,171,284,0,0,ITF,ITF5,17,Basilicata,Basilicata,559084,608652,108.87,0.05
867,2021-03-07,BAS,894,312,582,845,39,10,ITF,ITF5,17,Basilicata,Basilicata,559084,609546,109.03,0.16
868,2021-01-09,BAS,560,161,399,560,0,0,ITF,ITF5,17,Basilicata,Basilicata,559084,610106,109.13,0.1
869,2021-07-03,BAS,3945,2102,1843,2757,1145,43,ITF,ITF5,17,Basilicata,Basilicata,559084,614051,109.83,0.71
870,2021-05-07,BAS,4636,2280,2356,3272,1338,26,ITF,ITF5,17,Basilicata,Basilicata,559084,618687,110.66,0.83
871,2021-07-10,BAS,5529,2668,2861,1596,3924,9,ITF,ITF5,17,Basilicata,Basilicata,559084,624216,111.65,0.99
872,2021-05-14,BAS,5907,2799,3108,3273,2531,103,ITF,ITF5,17,Basilicata,Basilicata,559084,630123,112.71,1.06
873,2021-03-18,BAS,1354,565,789,17,1328,9,ITF,ITF5,17,Basilicata,Basilicata,559084,631477,112.95,0.24
874,2021-06-26,BAS,3335,1614,1721,2751,556,28,ITF,ITF5,17,Basilicata,Basilicata,559084,634812,113.55,0.6
875,2021-07-01,TOS,32048,15510,16538,10722,21059,267,ITI,ITI1,9,Toscana,Toscana,3729641,32048,0.86,0.86
876,2021-03-26,TOS,20705,9405,11300,14708,5791,206,ITI,ITI1,9,Toscana,Toscana,3729641,52753,1.41,0.56
877,2021-03-09,TOS,11140,4574,6566,5500,5562,78,ITI,ITI1,9,Toscana,Toscana,3729641,63893,1.71,0.3
878,2021-04-09,TOS,24606,10580,14026,20706,3453,447,ITI,ITI1,9,Toscana,Toscana,3729641,88499,2.37,0.66
879,2021-07-18,TOS,30363,15264,15099,8336,21819,208,ITI,ITI1,9,Toscana,Toscana,3729641,118862,3.19,0.81
880,2021-06-17,TOS,32572,16686,15886,26692,5547,333,ITI,ITI1,9,Toscana,Toscana,3729641,151434,4.06,0.87
881,2021-07-30,TOS,37854,20373,17481,10791,26718,345,ITI,ITI1,9,Toscana,Toscana,3729641,189288,5.08,1.01
882,2021-07-13,TOS,29327,14730,14597,7713,21444,170,ITI,ITI1,9,Toscana,Toscana,3729641,218615,5.86,0.79
883,2021-04-02,TOS,32010,13575,18435,23689,8066,255,ITI,ITI1,9,Toscana,Toscana,3729641,250625,6.72,0.86
884,2021-07-11,TOS,26123,12688,13435,9131,16825,167,ITI,ITI1,9,Toscana,Toscana,3729641,276748,7.42,0.7
885,2021-06-24,TOS,29440,14616,14824,19309,9743,388,ITI,ITI1,9,Toscana,Toscana,3729641,306188,8.21,0.79
886,2021-01-16,TOS,3271,1046,2225,3213,0,58,ITI,ITI1,9,Toscana,Toscana,3729641,309459,8.3,0.09
887,2021-04-26,TOS,10147,4934,5213,7454,2557,136,ITI,ITI1,9,Toscana,Toscana,3729641,319606,8.57,0.27
888,2021-01-02,TOS,3498,1096,2402,3454,0,44,ITI,ITI1,9,Toscana,Toscana,3729641,323104,8.66,0.09
889,2021-06-22,TOS,31044,15619,15425,22460,8210,374,ITI,ITI1,9,Toscana,Toscana,3729641,354148,9.5,0.83
890,2021-05-17,TOS,29768,14876,14892,20559,8933,276,ITI,ITI1,9,Toscana,Toscana,3729641,383916,10.29,0.8
891,2021-03-21,TOS,3296,1629,1667,1819,1434,43,ITI,ITI1,9,Toscana,Toscana,3729641,387212,10.38,0.09
892,2021-01-23,TOS,3969,1360,2609,630,3333,6,ITI,ITI1,9,Toscana,Toscana,3729641,391181,10.49,0.11
893,2021-06-29,TOS,37030,18030,19000,7986,28900,144,ITI,ITI1,9,Toscana,Toscana,3729641,428211,11.48,0.99
894,2021-05-03,TOS,11939,5515,6424,10363,1329,247,ITI,ITI1,9,Toscana,Toscana,3729641,440150,11.8,0.32
895,2021-05-22,TOS,26026,12662,13364,21486,4291,249,ITI,ITI1,9,Toscana,Toscana,3729641,466176,12.5,0.7
896,2021-05-05,TOS,30142,13451,16691,14862,14545,735,ITI,ITI1,9,Toscana,Toscana,3729641,496318,13.31,0.81
897,2021-02-28,TOS,1649,667,982,852,727,70,ITI,ITI1,9,Toscana,Toscana,3729641,497967,13.35,0.04
898,2021-02-11,TOS,5384,2022,3362,5061,242,81,ITI,ITI1,9,Toscana,Toscana,3729641,503351,13.5,0.14
899,2021-02-09,TOS,4489,1469,3020,3764,611,114,ITI,ITI1,9,Toscana,Toscana,3729641,507840,13.62,0.12
900,2021-01-28,TOS,6285,1883,4402,346,5932,7,ITI,ITI1,9,Toscana,Toscana,3729641,514125,13.78,0.17
901,2021-03-19,TOS,10170,4474,5696,7127,2896,147,ITI,ITI1,9,Toscana,Toscana,3729641,524295,14.06,0.27
902,2021-04-07,TOS,35833,15466,20367,28141,7275,417,ITI,ITI1,9,Toscana,Toscana,3729641,560128,15.02,0.96
903,2021-06-12,TOS,29397,15154,14243,24660,4390,347,ITI,ITI1,9,Toscana,Toscana,3729641,589525,15.81,0.79
904,2021-08-01,TOS,29902,15308,14594,13798,15635,469,ITI,ITI1,9,Toscana,Toscana,3729641,619427,16.61,0.8
905,2021-06-05,TOS,28443,13600,14843,20562,7616,265,ITI,ITI1,9,Toscana,Toscana,3729641,647870,17.37,0.76
906,2021-01-11,TOS,5095,1691,3404,4996,0,99,ITI,ITI1,9,Toscana,Toscana,3729641,652965,17.51,0.14
907,2021-04-21,TOS,29632,12684,16948,16852,12141,639,ITI,ITI1,9,Toscana,Toscana,3729641,682597,18.3,0.79
908,2021-02-23,TOS,7723,3325,4398,7211,162,350,ITI,ITI1,9,Toscana,Toscana,3729641,690320,18.51,0.21
909,2021-06-03,TOS,32057,15455,16602,27151,4584,322,ITI,ITI1,9,Toscana,Toscana,3729641,722377,19.37,0.86
910,2021-02-04,TOS,4254,1594,2660,933,3294,27,ITI,ITI1,9,Toscana,Toscana,3729641,726631,19.48,0.11
911,2021-05-15,TOS,29355,13857,15498,22866,5895,594,ITI,ITI1,9,Toscana,Toscana,3729641,755986,20.27,0.79
912,2021-04-28,TOS,19138,8188,10950,3459,15324,355,ITI,ITI1,9,Toscana,Toscana,3729641,775124,20.78,0.51
913,2021-02-18,TOS,8824,3285,5539,7744,896,184,ITI,ITI1,9,Toscana,Toscana,3729641,783948,21.02,0.24
914,2021-05-29,TOS,31573,15263,16310,23177,8169,227,ITI,ITI1,9,Toscana,Toscana,3729641,815521,21.87,0.85
915,2021-03-23,TOS,9441,4410,5031,6963,2281,197,ITI,ITI1,9,Toscana,Toscana,3729641,824962,22.12,0.25
916,2021-01-09,TOS,4486,1596,2890,4420,0,66,ITI,ITI1,9,Toscana,Toscana,3729641,829448,22.24,0.12
917,2021-03-18,TOS,9967,3979,5988,5839,3991,137,ITI,ITI1,9,Toscana,Toscana,3729641,839415,22.51,0.27
918,2021-06-26,TOS,34545,16758,17787,9995,24324,226,ITI,ITI1,9,Toscana,Toscana,3729641,873960,23.43,0.93
919,2021-03-28,TOS,6212,2808,3404,5875,254,83,ITI,ITI1,9,Toscana,Toscana,3729641,880172,23.6,0.17
920,2021-01-30,TOS,4624,1623,3001,175,4431,18,ITI,ITI1,9,Toscana,Toscana,3729641,884796,23.72,0.12
921,2021-07-06,TOS,25779,13032,12747,11040,14520,219,ITI,ITI1,9,Toscana,Toscana,3729641,910575,24.41,0.69
922,2021-05-10,TOS,26225,12408,13817,15247,10636,342,ITI,ITI1,9,Toscana,Toscana,3729641,936800,25.12,0.7
923,2021-03-14,TOS,7175,2569,4606,3148,3935,92,ITI,ITI1,9,Toscana,Toscana,3729641,943975,25.31,0.19
924,2021-06-10,TOS,26426,13557,12869,25527,558,341,ITI,ITI1,9,Toscana,Toscana,3729641,970401,26.02,0.71
925,2021-05-24,TOS,33749,16720,17029,23887,9582,280,ITI,ITI1,9,Toscana,Toscana,3729641,1004150,26.92,0.9
926,2021-01-25,TOS,5132,1895,3237,240,4888,4,ITI,ITI1,9,Toscana,Toscana,3729641,1009282,27.06,0.14
927,2021-03-07,TOS,5649,2358,3291,1993,3545,111,ITI,ITI1,9,Toscana,Toscana,3729641,1014931,27.21,0.15
928,2021-07-20,TOS,37307,19089,18218,7973,29146,188,ITI,ITI1,9,Toscana,Toscana,3729641,1052238,28.21,1.0
929,2021-01-21,TOS,1589,686,903,858,722,9,ITI,ITI1,9,Toscana,Toscana,3729641,1053827,28.26,0.04
930,2021-06-02,TOS,27598,13623,13975,21861,5508,229,ITI,ITI1,9,Toscana,Toscana,3729641,1081425,29.0,0.74
931,2021-04-06,TOS,22231,9827,12404,18069,3744,418,ITI,ITI1,9,Toscana,Toscana,3729641,1103656,29.59,0.6
932,2021-02-08,TOS,4098,1362,2736,3528,459,111,ITI,ITI1,9,Toscana,Toscana,3729641,1107754,29.7,0.11
933,2021-07-15,TOS,31229,15281,15948,8081,22906,242,ITI,ITI1,9,Toscana,Toscana,3729641,1138983,30.54,0.84
934,2021-05-19,TOS,27965,13582,14383,18643,9058,264,ITI,ITI1,9,Toscana,Toscana,3729641,1166948,31.29,0.75
935,2021-04-16,TOS,28962,12886,16076,21417,6912,633,ITI,ITI1,9,Toscana,Toscana,3729641,1195910,32.07,0.78
936,2021-07-25,TOS,33893,16765,17128,7058,26658,177,ITI,ITI1,9,Toscana,Toscana,3729641,1229803,32.97,0.91
937,2021-03-02,TOS,10600,3799,6801,7042,3446,112,ITI,ITI1,9,Toscana,Toscana,3729641,1240403,33.26,0.28
938,2021-01-04,TOS,5067,1896,3171,5002,0,65,ITI,ITI1,9,Toscana,Toscana,3729641,1245470,33.39,0.14
939,2021-04-14,TOS,20191,8349,11842,14499,5146,546,ITI,ITI1,9,Toscana,Toscana,3729641,1265661,33.94,0.54
940,2021-06-14,TOS,31812,16337,15475,27422,4108,282,ITI,ITI1,9,Toscana,Toscana,3729641,1297473,34.79,0.85
941,2021-02-16,TOS,9281,3340,5941,8329,721,231,ITI,ITI1,9,Toscana,Toscana,3729641,1306754,35.04,0.25
942,2021-05-02,TOS,11178,4935,6243,8978,1966,234,ITI,ITI1,9,Toscana,Toscana,3729641,1317932,35.34,0.3
943,2020-12-30,TOS,329,106,223,328,0,1,ITI,ITI1,9,Toscana,Toscana,3729641,1318261,35.35,0.01
944,2021-08-05,TOS,34049,17678,16371,11799,21892,358,ITI,ITI1,9,Toscana,Toscana,3729641,1352310,36.26,0.91
945,2021-05-12,TOS,34212,15581,18631,13585,20041,586,ITI,ITI1,9,Toscana,Toscana,3729641,1386522,37.18,0.92
946,2021-01-18,TOS,1120,637,483,972,98,50,ITI,ITI1,9,Toscana,Toscana,3729641,1387642,37.21,0.03
947,2021-06-09,TOS,34833,17575,17258,33952,463,418,ITI,ITI1,9,Toscana,Toscana,3729641,1422475,38.14,0.93
948,2021-04-04,TOS,13927,6612,7315,13507,255,165,ITI,ITI1,9,Toscana,Toscana,3729641,1436402,38.51,0.37
949,2021-03-16,TOS,4903,1885,3018,2568,2254,81,ITI,ITI1,9,Toscana,Toscana,3729641,1441305,38.64,0.13
950,2021-02-27,TOS,1984,756,1228,1007,902,75,ITI,ITI1,9,Toscana,Toscana,3729641,1443289,38.7,0.05
951,2021-04-18,TOS,8362,4092,4270,7056,1031,275,ITI,ITI1,9,Toscana,Toscana,3729641,1451651,38.92,0.22
952,2021-07-27,TOS,38656,20103,18553,11275,27051,330,ITI,ITI1,9,Toscana,Toscana,3729641,1490307,39.96,1.04
953,2021-07-10,TOS,29298,14177,15121,7957,21159,182,ITI,ITI1,9,Toscana,Toscana,3729641,1519605,40.74,0.79
954,2021-02-06,TOS,4529,1551,2978,1261,3236,32,ITI,ITI1,9,Toscana,Toscana,3729641,1524134,40.87,0.12
955,2021-03-04,TOS,17852,6954,10898,14612,3085,155,ITI,ITI1,9,Toscana,Toscana,3729641,1541986,41.34,0.48
956,2021-06-21,TOS,31197,15490,15707,18148,12793,256,ITI,ITI1,9,Toscana,Toscana,3729641,1573183,42.18,0.84
957,2021-01-06,TOS,4519,1460,3059,4467,0,52,ITI,ITI1,9,Toscana,Toscana,3729641,1577702,42.3,0.12
958,2021-02-20,TOS,4664,1797,2867,3993,537,134,ITI,ITI1,9,Toscana,Toscana,3729641,1582366,42.43,0.13
959,2021-05-31,TOS,30342,14642,15700,19261,10839,242,ITI,ITI1,9,Toscana,Toscana,3729641,1612708,43.24,0.81
960,2021-05-14,TOS,33376,15443,17933,20020,12716,640,ITI,ITI1,9,Toscana,Toscana,3729641,1646084,44.14,0.89
961,2021-01-01,TOS,2370,788,1582,2325,0,45,ITI,ITI1,9,Toscana,Toscana,3729641,1648454,44.2,0.06
962,2021-04-11,TOS,3646,1681,1965,3336,155,155,ITI,ITI1,9,Toscana,Toscana,3729641,1652100,44.3,0.1
963,2021-07-03,TOS,29393,14811,14582,11859,17159,375,ITI,ITI1,9,Toscana,Toscana,3729641,1681493,45.08,0.79
964,2021-03-06,TOS,7113,2852,4261,2826,4202,85,ITI,ITI1,9,Toscana,Toscana,3729641,1688606,45.28,0.19
965,2021-02-03,TOS,4224,1452,2772,236,3984,4,ITI,ITI1,9,Toscana,Toscana,3729641,1692830,45.39,0.11
966,2021-02-25,TOS,10633,4306,6327,9465,998,170,ITI,ITI1,9,Toscana,Toscana,3729641,1703463,45.67,0.29
967,2021-06-28,TOS,37680,18131,19549,8436,29078,166,ITI,ITI1,9,Toscana,Toscana,3729641,1741143,46.68,1.01
968,2021-01-20,TOS,1332,638,694,1021,248,63,ITI,ITI1,9,Toscana,Toscana,3729641,1742475,46.72,0.04
969,2021-04-30,TOS,40223,17801,22422,19663,19915,645,ITI,ITI1,9,Toscana,Toscana,3729641,1782698,47.8,1.08
970,2021-04-25,TOS,11063,5250,5813,8759,2143,161,ITI,ITI1,9,Toscana,Toscana,3729641,1793761,48.09,0.3
971,2021-08-03,TOS,36291,18890,17401,12156,23765,370,ITI,ITI1,9,Toscana,Toscana,3729641,1830052,49.07,0.97
972,2021-02-01,TOS,5514,1959,3555,510,4994,10,ITI,ITI1,9,Toscana,Toscana,3729641,1835566,49.22,0.15
973,2021-04-27,TOS,10359,4920,5439,3664,6491,204,ITI,ITI1,9,Toscana,Toscana,3729641,1845925,49.49,0.28
974,2021-07-19,TOS,38005,18942,19063,8839,28902,264,ITI,ITI1,9,Toscana,Toscana,3729641,1883930,50.51,1.02
975,2021-01-17,TOS,2536,871,1665,1987,514,35,ITI,ITI1,9,Toscana,Toscana,3729641,1886466,50.58,0.07
976,2021-07-05,TOS,30513,15081,15432,10343,19942,228,ITI,ITI1,9,Toscana,Toscana,3729641,1916979,51.4,0.82
977,2021-03-08,TOS,6712,2949,3763,1841,4825,46,ITI,ITI1,9,Toscana,Toscana,3729641,1923691,51.58,0.18
978,2021-06-16,TOS,31772,16265,15507,26275,5180,317,ITI,ITI1,9,Toscana,Toscana,3729641,1955463,52.43,0.85
979,2021-06-07,TOS,34953,17148,17805,30971,3646,336,ITI,ITI1,9,Toscana,Toscana,3729641,1990416,53.37,0.94
980,2021-05-21,TOS,28935,13487,15448,17222,11458,255,ITI,ITI1,9,Toscana,Toscana,3729641,2019351,54.14,0.78
981,2021-03-01,TOS,4474,1734,2740,766,3642,66,ITI,ITI1,9,Toscana,Toscana,3729641,2023825,54.26,0.12
982,2021-05-23,TOS,28422,13663,14759,25593,2560,269,ITI,ITI1,9,Toscana,Toscana,3729641,2052247,55.03,0.76
983,2021-07-26,TOS,38238,19831,18407,10088,27850,300,ITI,ITI1,9,Toscana,Toscana,3729641,2090485,56.05,1.03
984,2021-07-17,TOS,27739,14333,13406,8962,18540,237,ITI,ITI1,9,Toscana,Toscana,3729641,2118224,56.79,0.74
985,2021-06-11,TOS,29752,15493,14259,24735,4658,359,ITI,ITI1,9,Toscana,Toscana,3729641,2147976,57.59,0.8
986,2021-04-15,TOS,24429,10210,14219,15308,8591,530,ITI,ITI1,9,Toscana,Toscana,3729641,2172405,58.25,0.65
987,2021-02-17,TOS,8177,3170,5007,7302,753,122,ITI,ITI1,9,Toscana,Toscana,3729641,2180582,58.47,0.22
988,2021-07-24,TOS,38419,19355,19064,6854,31340,225,ITI,ITI1,9,Toscana,Toscana,3729641,2219001,59.5,1.03
989,2021-05-28,TOS,30129,13949,16180,17423,12478,228,ITI,ITI1,9,Toscana,Toscana,3729641,2249130,60.3,0.81
990,2021-04-22,TOS,35718,15297,20421,17392,17497,829,ITI,ITI1,9,Toscana,Toscana,3729641,2284848,61.26,0.96
991,2021-02-24,TOS,10372,4467,5905,10035,198,139,ITI,ITI1,9,Toscana,Toscana,3729641,2295220,61.54,0.28
992,2021-07-31,TOS,35802,19193,16609,12373,22991,438,ITI,ITI1,9,Toscana,Toscana,3729641,2331022,62.5,0.96
993,2021-06-04,TOS,28327,13442,14885,20262,7802,263,ITI,ITI1,9,Toscana,Toscana,3729641,2359349,63.26,0.76
994,2021-04-08,TOS,29700,12564,17136,22909,6425,366,ITI,ITI1,9,Toscana,Toscana,3729641,2389049,64.06,0.8
995,2021-03-03,TOS,18231,6540,11691,14495,3609,127,ITI,ITI1,9,Toscana,Toscana,3729641,2407280,64.54,0.49
996,2021-01-05,TOS,5249,1755,3494,5193,0,56,ITI,ITI1,9,Toscana,Toscana,3729641,2412529,64.69,0.14
997,2021-01-19,TOS,1106,533,573,1064,0,42,ITI,ITI1,9,Toscana,Toscana,3729641,2413635,64.71,0.03
998,2021-01-12,TOS,3581,1398,2183,3508,0,73,ITI,ITI1,9,Toscana,Toscana,3729641,2417216,64.81,0.1
999,2021-05-07,TOS,32154,14710,17444,11359,20186,609,ITI,ITI1,9,Toscana,Toscana,3729641,2449370,65.67,0.86
1000,2021-07-29,TOS,39355,20502,18853,12614,26402,339,ITI,ITI1,9,Toscana,Toscana,3729641,2488725,66.73,1.06
1001,2021-02-13,TOS,7787,2362,5425,7412,227,148,ITI,ITI1,9,Toscana,Toscana,3729641,2496512,66.94,0.21
1002,2021-01-08,TOS,5948,1644,4304,5855,0,93,ITI,ITI1,9,Toscana,Toscana,3729641,2502460,67.1,0.16
1003,2021-07-12,TOS,28264,13993,14271,9668,18302,294,ITI,ITI1,9,Toscana,Toscana,3729641,2530724,67.85,0.76
1004,2021-04-01,TOS,27086,11244,15842,16147,10699,240,ITI,ITI1,9,Toscana,Toscana,3729641,2557810,68.58,0.73
1005,2021-03-15,TOS,8704,3652,5052,4084,4447,173,ITI,ITI1,9,Toscana,Toscana,3729641,2566514,68.81,0.23
1006,2021-06-23,TOS,31544,15289,16255,19812,11380,352,ITI,ITI1,9,Toscana,Toscana,3729641,2598058,69.66,0.85
1007,2021-01-10,TOS,3002,1105,1897,2947,0,55,ITI,ITI1,9,Toscana,Toscana,3729641,2601060,69.74,0.08
1008,2021-04-20,TOS,18161,8110,10051,12212,5585,364,ITI,ITI1,9,Toscana,Toscana,3729641,2619221,70.23,0.49
1009,2021-04-03,TOS,15016,6646,8370,13674,1126,216,ITI,ITI1,9,Toscana,Toscana,3729641,2634237,70.63,0.4
1010,2021-01-13,TOS,4062,1398,2664,3998,0,64,ITI,ITI1,9,Toscana,Toscana,3729641,2638299,70.74,0.11
1011,2021-04-23,TOS,25665,11427,14238,8807,16327,531,ITI,ITI1,9,Toscana,Toscana,3729641,2663964,71.43,0.69
1012,2021-03-20,TOS,6589,2978,3611,5361,1138,90,ITI,ITI1,9,Toscana,Toscana,3729641,2670553,71.6,0.18
1013,2021-01-22,TOS,2866,1064,1802,524,2339,3,ITI,ITI1,9,Toscana,Toscana,3729641,2673419,71.68,0.08
1014,2021-07-07,TOS,25636,12605,13031,9337,16114,185,ITI,ITI1,9,Toscana,Toscana,3729641,2699055,72.37,0.69
1015,2021-03-27,TOS,8865,4155,4710,8511,216,138,ITI,ITI1,9,Toscana,Toscana,3729641,2707920,72.61,0.24
1016,2021-06-30,TOS,38258,18507,19751,8454,29590,214,ITI,ITI1,9,Toscana,Toscana,3729641,2746178,73.63,1.03
1017,2021-02-14,TOS,9000,2569,6431,8737,110,153,ITI,ITI1,9,Toscana,Toscana,3729641,2755178,73.87,0.24
1018,2021-05-25,TOS,34190,16506,17684,19284,14633,273,ITI,ITI1,9,Toscana,Toscana,3729641,2789368,74.79,0.92
1019,2021-03-29,TOS,9697,4849,4848,9212,351,134,ITI,ITI1,9,Toscana,Toscana,3729641,2799065,75.05,0.26
1020,2021-03-11,TOS,15949,6377,9572,12397,3372,180,ITI,ITI1,9,Toscana,Toscana,3729641,2815014,75.48,0.43
1021,2021-06-19,TOS,26507,13921,12586,21391,4787,329,ITI,ITI1,9,Toscana,Toscana,3729641,2841521,76.19,0.71
1022,2021-02-05,TOS,5750,2245,3505,1888,3828,34,ITI,ITI1,9,Toscana,Toscana,3729641,2847271,76.34,0.15
1023,2021-05-16,TOS,26684,12892,13792,23918,2469,297,ITI,ITI1,9,Toscana,Toscana,3729641,2873955,77.06,0.72
1024,2021-05-11,TOS,27955,12988,14967,12105,15473,377,ITI,ITI1,9,Toscana,Toscana,3729641,2901910,77.81,0.75
1025,2021-03-13,TOS,9291,3311,5980,5171,3966,154,ITI,ITI1,9,Toscana,Toscana,3729641,2911201,78.06,0.25
1026,2021-07-14,TOS,28888,14263,14625,8603,20038,247,ITI,ITI1,9,Toscana,Toscana,3729641,2940089,78.83,0.77
1027,2021-01-29,TOS,6150,1702,4448,290,5848,12,ITI,ITI1,9,Toscana,Toscana,3729641,2946239,79.0,0.16
1028,2021-05-09,TOS,22539,9773,12766,9414,12864,261,ITI,ITI1,9,Toscana,Toscana,3729641,2968778,79.6,0.6
1029,2021-01-15,TOS,3879,1348,2531,3819,0,60,ITI,ITI1,9,Toscana,Toscana,3729641,2972657,79.7,0.1
1030,2021-06-18,TOS,30802,16256,14546,25004,5401,397,ITI,ITI1,9,Toscana,Toscana,3729641,3003459,80.53,0.83
1031,2021-03-25,TOS,23948,10394,13554,15296,8395,257,ITI,ITI1,9,Toscana,Toscana,3729641,3027407,81.17,0.64
1032,2021-04-12,TOS,2624,1192,1432,1800,655,169,ITI,ITI1,9,Toscana,Toscana,3729641,3030031,81.24,0.07
1033,2021-01-27,TOS,4837,1574,3263,201,4631,5,ITI,ITI1,9,Toscana,Toscana,3729641,3034868,81.37,0.13
1034,2021-03-17,TOS,11424,4590,6834,6797,4533,94,ITI,ITI1,9,Toscana,Toscana,3729641,3046292,81.68,0.31
1035,2021-06-25,TOS,33629,16810,16819,12109,21243,277,ITI,ITI1,9,Toscana,Toscana,3729641,3079921,82.58,0.9
1036,2021-06-08,TOS,32596,16719,15877,31734,491,371,ITI,ITI1,9,Toscana,Toscana,3729641,3112517,83.45,0.87
1037,2021-02-26,TOS,10090,3840,6250,8661,1211,218,ITI,ITI1,9,Toscana,Toscana,3729641,3122607,83.72,0.27
1038,2021-06-06,TOS,28311,13657,14654,22588,5364,359,ITI,ITI1,9,Toscana,Toscana,3729641,3150918,84.48,0.76
1039,2021-05-30,TOS,28694,13952,14742,21503,6949,242,ITI,ITI1,9,Toscana,Toscana,3729641,3179612,85.25,0.77
1040,2021-07-04,TOS,31517,15301,16216,9369,21861,287,ITI,ITI1,9,Toscana,Toscana,3729641,3211129,86.1,0.85
1041,2020-12-31,TOS,802,201,601,798,0,4,ITI,ITI1,9,Toscana,Toscana,3729641,3211931,86.12,0.02
1042,2021-04-10,TOS,11738,5358,6380,10758,742,238,ITI,ITI1,9,Toscana,Toscana,3729641,3223669,86.43,0.31
1043,2021-02-10,TOS,4267,1285,2982,3586,525,156,ITI,ITI1,9,Toscana,Toscana,3729641,3227936,86.55,0.11
1044,2021-05-04,TOS,18318,8215,10103,12415,5458,445,ITI,ITI1,9,Toscana,Toscana,3729641,3246254,87.04,0.49
1045,2021-02-12,TOS,7619,2694,4925,7293,213,113,ITI,ITI1,9,Toscana,Toscana,3729641,3253873,87.24,0.2
1046,2021-07-21,TOS,38473,19636,18837,7339,30901,233,ITI,ITI1,9,Toscana,Toscana,3729641,3292346,88.28,1.03
1047,2021-05-13,TOS,35148,15532,19616,13202,21307,639,ITI,ITI1,9,Toscana,Toscana,3729641,3327494,89.22,0.94
1048,2021-08-04,TOS,34565,17891,16674,11279,22886,400,ITI,ITI1,9,Toscana,Toscana,3729641,3362059,90.14,0.93
1049,2021-04-29,TOS,39336,17721,21615,18569,20109,658,ITI,ITI1,9,Toscana,Toscana,3729641,3401395,91.2,1.05
1050,2021-03-24,TOS,20026,8307,11719,10403,9480,143,ITI,ITI1,9,Toscana,Toscana,3729641,3421421,91.74,0.54
1051,2021-02-21,TOS,5105,2089,3016,4731,170,204,ITI,ITI1,9,Toscana,Toscana,3729641,3426526,91.87,0.14
1052,2021-06-01,TOS,26950,13395,13555,22870,3834,246,ITI,ITI1,9,Toscana,Toscana,3729641,3453476,92.6,0.72
1053,2021-07-16,TOS,27657,14034,13623,7708,19706,243,ITI,ITI1,9,Toscana,Toscana,3729641,3481133,93.34,0.74
1054,2021-05-20,TOS,29771,13918,15853,18640,10848,283,ITI,ITI1,9,Toscana,Toscana,3729641,3510904,94.14,0.8
1055,2021-01-31,TOS,3052,1131,1921,100,2949,3,ITI,ITI1,9,Toscana,Toscana,3729641,3513956,94.22,0.08
1056,2021-05-27,TOS,28365,13205,15160,13275,14868,222,ITI,ITI1,9,Toscana,Toscana,3729641,3542321,94.98,0.76
1057,2021-03-31,TOS,32748,13271,19477,20186,12222,340,ITI,ITI1,9,Toscana,Toscana,3729641,3575069,95.86,0.88
1058,2021-07-09,TOS,29118,14102,15016,7696,21230,192,ITI,ITI1,9,Toscana,Toscana,3729641,3604187,96.64,0.78
1059,2021-03-22,TOS,5257,2768,2489,4675,447,135,ITI,ITI1,9,Toscana,Toscana,3729641,3609444,96.78,0.14
1060,2021-07-28,TOS,38520,20133,18387,12099,26090,331,ITI,ITI1,9,Toscana,Toscana,3729641,3647964,97.81,1.03
1061,2021-01-26,TOS,5398,1794,3604,210,5184,4,ITI,ITI1,9,Toscana,Toscana,3729641,3653362,97.95,0.14
1062,2021-05-06,TOS,31375,13648,17727,13467,17218,690,ITI,ITI1,9,Toscana,Toscana,3729641,3684737,98.8,0.84
1063,2021-04-19,TOS,9099,4512,4587,7750,1032,317,ITI,ITI1,9,Toscana,Toscana,3729641,3693836,99.04,0.24
1064,2021-04-17,TOS,20548,9213,11335,17920,2139,489,ITI,ITI1,9,Toscana,Toscana,3729641,3714384,99.59,0.55
1065,2021-01-24,TOS,3350,1073,2277,197,3150,3,ITI,ITI1,9,Toscana,Toscana,3729641,3717734,99.68,0.09
1066,2021-01-07,TOS,6018,1751,4267,5932,0,86,ITI,ITI1,9,Toscana,Toscana,3729641,3723752,99.84,0.16
1067,2021-02-19,TOS,8293,2952,5341,7600,513,180,ITI,ITI1,9,Toscana,Toscana,3729641,3732045,100.06,0.22
1068,2021-07-02,TOS,28293,14192,14101,10820,17193,280,ITI,ITI1,9,Toscana,Toscana,3729641,3760338,100.82,0.76
1069,2021-06-15,TOS,31211,16066,15145,26305,4572,334,ITI,ITI1,9,Toscana,Toscana,3729641,3791549,101.66,0.84
1070,2021-03-10,TOS,18362,7403,10959,14257,3998,107,ITI,ITI1,9,Toscana,Toscana,3729641,3809911,102.15,0.49
1071,2021-02-02,TOS,3744,1476,2268,189,3548,7,ITI,ITI1,9,Toscana,Toscana,3729641,3813655,102.25,0.1
1072,2021-04-05,TOS,15288,6826,8462,14370,738,180,ITI,ITI1,9,Toscana,Toscana,3729641,3828943,102.66,0.41
1073,2021-02-07,TOS,2808,954,1854,864,1924,20,ITI,ITI1,9,Toscana,Toscana,3729641,3831751,102.74,0.08
1074,2021-07-23,TOS,38419,19282,19137,4394,33874,151,ITI,ITI1,9,Toscana,Toscana,3729641,3870170,103.77,1.03
1075,2021-05-18,TOS,28839,14276,14563,19759,8827,253,ITI,ITI1,9,Toscana,Toscana,3729641,3899009,104.54,0.77
1076,2021-04-13,TOS,8492,3508,4984,5736,2473,283,ITI,ITI1,9,Toscana,Toscana,3729641,3907501,104.77,0.23
1077,2021-07-22,TOS,39331,19769,19562,4497,34669,165,ITI,ITI1,9,Toscana,Toscana,3729641,3946832,105.82,1.05
1078,2021-05-26,TOS,35605,17107,18498,20138,15211,256,ITI,ITI1,9,Toscana,Toscana,3729641,3982437,106.78,0.95
1079,2021-03-30,TOS,17034,7646,9388,13263,3573,198,ITI,ITI1,9,Toscana,Toscana,3729641,3999471,107.23,0.46
1080,2021-07-08,TOS,21073,10355,10718,9254,11579,240,ITI,ITI1,9,Toscana,Toscana,3729641,4020544,107.8,0.57
1081,2020-12-27,TOS,620,267,353,615,0,5,ITI,ITI1,9,Toscana,Toscana,3729641,4021164,107.82,0.02
1082,2021-08-02,TOS,35246,18073,17173,13355,21507,384,ITI,ITI1,9,Toscana,Toscana,3729641,4056410,108.76,0.95
1083,2021-01-03,TOS,3336,1052,2284,3290,0,46,ITI,ITI1,9,Toscana,Toscana,3729641,4059746,108.85,0.09
1084,2021-02-15,TOS,8770,3376,5394,7771,826,173,ITI,ITI1,9,Toscana,Toscana,3729641,4068516,109.09,0.24
1085,2021-02-22,TOS,9820,4254,5566,9167,277,376,ITI,ITI1,9,Toscana,Toscana,3729641,4078336,109.35,0.26
1086,2021-05-08,TOS,29161,13117,16044,13278,15483,400,ITI,ITI1,9,Toscana,Toscana,3729641,4107497,110.13,0.78
1087,2021-03-12,TOS,16984,6619,10365,13266,3530,188,ITI,ITI1,9,Toscana,Toscana,3729641,4124481,110.59,0.46
1088,2021-01-14,TOS,3255,1179,2076,3219,0,36,ITI,ITI1,9,Toscana,Toscana,3729641,4127736,110.67,0.09
1089,2021-06-20,TOS,25178,12485,12693,15422,9517,239,ITI,ITI1,9,Toscana,Toscana,3729641,4152914,111.35,0.68
1090,2021-04-24,TOS,13440,6172,7268,5619,7452,369,ITI,ITI1,9,Toscana,Toscana,3729641,4166354,111.71,0.36
1091,2021-06-27,TOS,33302,16077,17225,5920,27254,128,ITI,ITI1,9,Toscana,Toscana,3729641,4199656,112.6,0.89
1092,2021-05-01,TOS,23332,10069,13263,13738,9209,385,ITI,ITI1,9,Toscana,Toscana,3729641,4222988,113.23,0.63
1093,2021-03-05,TOS,16878,6689,10189,11942,4756,180,ITI,ITI1,9,Toscana,Toscana,3729641,4239866,113.68,0.45
1094,2021-06-13,TOS,24617,12353,12264,22608,1659,350,ITI,ITI1,9,Toscana,Toscana,3729641,4264483,114.34,0.66
1095,2021-01-27,VDA,152,72,80,79,73,0,ITC,ITC2,2,Valle d'Aosta / Vallée d'Aoste,Valle d'Aosta,125666,152,0.12,0.12
1096,2021-04-20,VDA,933,430,503,707,194,32,ITC,ITC2,2,Valle d'Aosta / Vallée d'Aoste,Valle d'Aosta,125666,1085,0.86,0.74
1097,2021-01-10,VDA,220,71,149,208,0,12,ITC,ITC2,2,Valle d'Aosta / Vallée d'Aoste,Valle d'Aosta,125666,1305,1.04,0.18
1098,2020-12-27,VDA,20,9,11,20,0,0,ITC,ITC2,2,Valle d'Aosta / Vallée d'Aoste,Valle d'Aosta,125666,1325,1.05,0.02
1099,2021-04-15,VDA,811,377,434,639,139,33,ITC,ITC2,2,Valle d'Aosta / Vallée d'Aoste,Valle d'Aosta,125666,2136,1.7,0.65
1100,2021-07-07,VDA,792,439,353,413,362,17,ITC,ITC2,2,Valle d'Aosta / Vallée d'Aoste,Valle d'Aosta,125666,2928,2.33,0.63
1101,2021-07-24,VDA,1018,535,483,332,683,3,ITC,ITC2,2,Valle d'Aosta / Vallée d'Aoste,Valle d'Aosta,125666,3946,3.14,0.81
1102,2021-07-12,VDA,979,483,496,239,732,8,ITC,ITC2,2,Valle d'Aosta / Vallée d'Aoste,Valle d'Aosta,125666,4925,3.92,0.78
1103,2021-04-03,VDA,676,341,335,649,15,12,ITC,ITC2,2,Valle d'Aosta / Vallée d'Aoste,Valle d'Aosta,125666,5601,4.46,0.54
1104,2021-03-20,VDA,208,86,122,167,36,5,ITC,ITC2,2,Valle d'Aosta / Vallée d'Aoste,Valle d'Aosta,125666,5809,4.62,0.17
1105,2021-06-28,VDA,987,496,491,326,658,3,ITC,ITC2,2,Valle d'Aosta / Vallée d'Aoste,Valle d'Aosta,125666,6796,5.41,0.79
1106,2021-06-11,VDA,1047,483,564,755,283,9,ITC,ITC2,2,Valle d'Aosta / Vallée d'Aoste,Valle d'Aosta,125666,7843,6.24,0.83
1107,2021-05-23,VDA,999,465,534,653,340,6,ITC,ITC2,2,Valle d'Aosta / Vallée d'Aoste,Valle d'Aosta,125666,8842,7.04,0.79
1108,2021-05-02,VDA,765,345,420,581,160,24,ITC,ITC2,2,Valle d'Aosta / Vallée d'Aoste,Valle d'Aosta,125666,9607,7.64,0.61
1109,2021-01-22,VDA,56,21,35,20,36,0,ITC,ITC2,2,Valle d'Aosta / Vallée d'Aoste,Valle d'Aosta,125666,9663,7.69,0.04
1110,2021-01-08,VDA,301,131,170,301,0,0,ITC,ITC2,2,Valle d'Aosta / Vallée d'Aoste,Valle d'Aosta,125666,9964,7.93,0.24
1111,2021-03-06,VDA,22,4,18,18,0,4,ITC,ITC2,2,Valle d'Aosta / Vallée d'Aoste,Valle d'Aosta,125666,9986,7.95,0.02
1112,2021-02-05,VDA,295,102,193,102,193,0,ITC,ITC2,2,Valle d'Aosta / Vallée d'Aoste,Valle d'Aosta,125666,10281,8.18,0.23
1113,2021-02-22,VDA,316,94,222,210,103,3,ITC,ITC2,2,Valle d'Aosta / Vallée d'Aoste,Valle d'Aosta,125666,10597,8.43,0.25
1114,2021-05-16,VDA,689,341,348,340,341,8,ITC,ITC2,2,Valle d'Aosta / Vallée d'Aoste,Valle d'Aosta,125666,11286,8.98,0.55
1115,2021-03-08,VDA,486,233,253,238,245,3,ITC,ITC2,2,Valle d'Aosta / Vallée d'Aoste,Valle d'Aosta,125666,11772,9.37,0.39
1116,2021-05-04,VDA,1135,510,625,434,673,28,ITC,ITC2,2,Valle d'Aosta / Vallée d'Aoste,Valle d'Aosta,125666,12907,10.27,0.9
1117,2021-06-16,VDA,722,386,336,641,77,4,ITC,ITC2,2,Valle d'Aosta / Vallée d'Aoste,Valle d'Aosta,125666,13629,10.85,0.57
1118,2021-03-15,VDA,363,124,239,151,203,9,ITC,ITC2,2,Valle d'Aosta / Vallée d'Aoste,Valle d'Aosta,125666,13992,11.13,0.29
1119,2021-05-11,VDA,647,325,322,469,150,28,ITC,ITC2,2,Valle d'Aosta / Vallée d'Aoste,Valle d'Aosta,125666,14639,11.65,0.51
1120,2021-04-27,VDA,978,423,555,650,292,36,ITC,ITC2,2,Valle d'Aosta / Vallée d'Aoste,Valle d'Aosta,125666,15617,12.43,0.78
1121,2021-01-17,VDA,131,56,75,131,0,0,ITC,ITC2,2,Valle d'Aosta / Vallée d'Aoste,Valle d'Aosta,125666,15748,12.53,0.1
1122,2021-06-23,VDA,1043,551,492,423,616,4,ITC,ITC2,2,Valle d'Aosta / Vallée d'Aoste,Valle d'Aosta,125666,16791,13.36,0.83
1123,2021-02-03,VDA,352,114,238,14,338,0,ITC,ITC2,2,Valle d'Aosta / Vallée d'Aoste,Valle d'Aosta,125666,17143,13.64,0.28
1124,2021-04-01,VDA,778,394,384,747,12,19,ITC,ITC2,2,Valle d'Aosta / Vallée d'Aoste,Valle d'Aosta,125666,17921,14.26,0.62
1125,2021-05-30,VDA,865,429,436,682,171,12,ITC,ITC2,2,Valle d'Aosta / Vallée d'Aoste,Valle d'Aosta,125666,18786,14.95,0.69
1126,2021-07-26,VDA,1004,512,492,319,685,0,ITC,ITC2,2,Valle d'Aosta / Vallée d'Aoste,Valle d'Aosta,125666,19790,15.75,0.8
1127,2021-05-28,VDA,975,414,561,544,412,19,ITC,ITC2,2,Valle d'Aosta / Vallée d'Aoste,Valle d'Aosta,125666,20765,16.52,0.78
1128,2021-02-17,VDA,327,144,183,223,100,4,ITC,ITC2,2,Valle d'Aosta / Vallée d'Aoste,Valle d'Aosta,125666,21092,16.78,0.26
1129,2021-06-09,VDA,1028,536,492,985,35,8,ITC,ITC2,2,Valle d'Aosta / Vallée d'Aoste,Valle d'Aosta,125666,22120,17.6,0.82
1130,2021-03-01,VDA,181,66,115,139,34,8,ITC,ITC2,2,Valle d'Aosta / Vallée d'Aoste,Valle d'Aosta,125666,22301,17.75,0.14
1131,2021-02-15,VDA,264,136,128,225,35,4,ITC,ITC2,2,Valle d'Aosta / Vallée d'Aoste,Valle d'Aosta,125666,22565,17.96,0.21
1132,2021-04-13,VDA,373,171,202,311,44,18,ITC,ITC2,2,Valle d'Aosta / Vallée d'Aoste,Valle d'Aosta,125666,22938,18.25,0.3
1133,2021-07-05,VDA,834,355,479,312,508,14,ITC,ITC2,2,Valle d'Aosta / Vallée d'Aoste,Valle d'Aosta,125666,23772,18.92,0.66
1134,2021-03-27,VDA,333,164,169,289,31,13,ITC,ITC2,2,Valle d'Aosta / Vallée d'Aoste,Valle d'Aosta,125666,24105,19.18,0.26
1135,2021-06-18,VDA,999,443,556,589,400,10,ITC,ITC2,2,Valle d'Aosta / Vallée d'Aoste,Valle d'Aosta,125666,25104,19.98,0.79
1136,2021-03-13,VDA,147,88,59,141,0,6,ITC,ITC2,2,Valle d'Aosta / Vallée d'Aoste,Valle d'Aosta,125666,25251,20.09,0.12
1137,2021-01-15,VDA,218,82,136,218,0,0,ITC,ITC2,2,Valle d'Aosta / Vallée d'Aoste,Valle d'Aosta,125666,25469,20.27,0.17
1138,2021-06-04,VDA,909,384,525,469,434,6,ITC,ITC2,2,Valle d'Aosta / Vallée d'Aoste,Valle d'Aosta,125666,26378,20.99,0.72
1139,2021-07-23,VDA,971,484,487,364,606,1,ITC,ITC2,2,Valle d'Aosta / Vallée d'Aoste,Valle d'Aosta,125666,27349,21.76,0.77
1140,2021-01-29,VDA,321,139,182,2,319,0,ITC,ITC2,2,Valle d'Aosta / Vallée d'Aoste,Valle d'Aosta,125666,27670,22.02,0.26
1141,2021-04-22,VDA,1068,450,618,652,383,33,ITC,ITC2,2,Valle d'Aosta / Vallée d'Aoste,Valle d'Aosta,125666,28738,22.87,0.85
1142,2021-05-09,VDA,574,287,287,425,130,19,ITC,ITC2,2,Valle d'Aosta / Vallée d'Aoste,Valle d'Aosta,125666,29312,23.33,0.46
1143,2021-07-31,VDA,889,464,425,320,558,11,ITC,ITC2,2,Valle d'Aosta / Vallée d'Aoste,Valle d'Aosta,125666,30201,24.03,0.71
1144,2021-03-17,VDA,433,185,248,259,160,14,ITC,ITC2,2,Valle d'Aosta / Vallée d'Aoste,Valle d'Aosta,125666,30634,24.38,0.34
1145,2021-06-30,VDA,1118,543,575,416,693,9,ITC,ITC2,2,Valle d'Aosta / Vallée d'Aoste,Valle d'Aosta,125666,31752,25.27,0.89
1146,2021-07-19,VDA,878,460,418,259,619,0,ITC,ITC2,2,Valle d'Aosta / Vallée d'Aoste,Valle d'Aosta,125666,32630,25.97,0.7
1147,2021-02-24,VDA,183,82,101,163,19,1,ITC,ITC2,2,Valle d'Aosta / Vallée d'Aoste,Valle d'Aosta,125666,32813,26.11,0.15
1148,2021-04-08,VDA,584,282,302,419,143,22,ITC,ITC2,2,Valle d'Aosta / Vallée d'Aoste,Valle d'Aosta,125666,33397,26.58,0.46
1149,2021-06-13,VDA,853,401,452,371,479,3,ITC,ITC2,2,Valle d'Aosta / Vallée d'Aoste,Valle d'Aosta,125666,34250,27.25,0.68
1150,2021-02-10,VDA,248,77,171,141,107,0,ITC,ITC2,2,Valle d'Aosta / Vallée d'Aoste,Valle d'Aosta,125666,34498,27.45,0.2
1151,2021-03-25,VDA,389,154,235,364,10,15,ITC,ITC2,2,Valle d'Aosta / Vallée d'Aoste,Valle d'Aosta,125666,34887,27.76,0.31
1152,2021-05-21,VDA,921,436,485,516,390,15,ITC,ITC2,2,Valle d'Aosta / Vallée d'Aoste,Valle d'Aosta,125666,35808,28.49,0.73
1153,2021-04-17,VDA,638,407,231,593,2,43,ITC,ITC2,2,Valle d'Aosta / Vallée d'Aoste,Valle d'Aosta,125666,36446,29.0,0.51
1154,2021-01-07,VDA,277,111,166,277,0,0,ITC,ITC2,2,Valle d'Aosta / Vallée d'Aoste,Valle d'Aosta,125666,36723,29.22,0.22
1155,2021-02-19,VDA,292,102,190,266,24,2,ITC,ITC2,2,Valle d'Aosta / Vallée d'Aoste,Valle d'Aosta,125666,37015,29.46,0.23
1156,2021-05-25,VDA,1115,530,585,529,574,12,ITC,ITC2,2,Valle d'Aosta / Vallée d'Aoste,Valle d'Aosta,125666,38130,30.34,0.89
1157,2021-02-14,VDA,48,16,32,1,47,0,ITC,ITC2,2,Valle d'Aosta / Vallée d'Aoste,Valle d'Aosta,125666,38178,30.38,0.04
1158,2021-05-08,VDA,904,540,364,498,378,28,ITC,ITC2,2,Valle d'Aosta / Vallée d'Aoste,Valle d'Aosta,125666,39082,31.1,0.72
1159,2021-03-29,VDA,493,233,260,448,40,5,ITC,ITC2,2,Valle d'Aosta / Vallée d'Aoste,Valle d'Aosta,125666,39575,31.49,0.39
1160,2021-06-20,VDA,1132,545,587,478,644,10,ITC,ITC2,2,Valle d'Aosta / Vallée d'Aoste,Valle d'Aosta,125666,40707,32.39,0.9
1161,2021-03-12,VDA,531,175,356,291,226,14,ITC,ITC2,2,Valle d'Aosta / Vallée d'Aoste,Valle d'Aosta,125666,41238,32.82,0.42
1162,2021-03-10,VDA,438,183,255,220,213,5,ITC,ITC2,2,Valle d'Aosta / Vallée d'Aoste,Valle d'Aosta,125666,41676,33.16,0.35
1163,2021-02-21,VDA,18,3,15,0,18,0,ITC,ITC2,2,Valle d'Aosta / Vallée d'Aoste,Valle d'Aosta,125666,41694,33.18,0.01
1164,2021-01-19,VDA,256,77,179,256,0,0,ITC,ITC2,2,Valle d'Aosta / Vallée d'Aoste,Valle d'Aosta,125666,41950,33.38,0.2
1165,2021-04-12,VDA,487,187,300,306,164,17,ITC,ITC2,2,Valle d'Aosta / Vallée d'Aoste,Valle d'Aosta,125666,42437,33.77,0.39
1166,2021-04-29,VDA,1291,634,657,739,531,21,ITC,ITC2,2,Valle d'Aosta / Vallée d'Aoste,Valle d'Aosta,125666,43728,34.8,1.03
1167,2021-07-21,VDA,1164,635,529,312,849,3,ITC,ITC2,2,Valle d'Aosta / Vallée d'Aoste,Valle d'Aosta,125666,44892,35.72,0.93
1168,2021-07-04,VDA,1191,530,661,340,836,15,ITC,ITC2,2,Valle d'Aosta / Vallée d'Aoste,Valle d'Aosta,125666,46083,36.67,0.95
1169,2021-03-31,VDA,555,302,253,511,26,18,ITC,ITC2,2,Valle d'Aosta / Vallée d'Aoste,Valle d'Aosta,125666,46638,37.11,0.44
1170,2021-05-27,VDA,1091,497,594,574,505,12,ITC,ITC2,2,Valle d'Aosta / Vallée d'Aoste,Valle d'Aosta,125666,47729,37.98,0.87
1171,2021-05-13,VDA,1143,559,584,518,600,25,ITC,ITC2,2,Valle d'Aosta / Vallée d'Aoste,Valle d'Aosta,125666,48872,38.89,0.91
1172,2021-02-02,VDA,274,70,204,2,272,0,ITC,ITC2,2,Valle d'Aosta / Vallée d'Aoste,Valle d'Aosta,125666,49146,39.11,0.22
1173,2021-07-09,VDA,945,446,499,280,656,9,ITC,ITC2,2,Valle d'Aosta / Vallée d'Aoste,Valle d'Aosta,125666,50091,39.86,0.75
1174,2021-06-25,VDA,978,445,533,325,651,2,ITC,ITC2,2,Valle d'Aosta / Vallée d'Aoste,Valle d'Aosta,125666,51069,40.64,0.78
1175,2021-05-20,VDA,825,372,453,375,440,10,ITC,ITC2,2,Valle d'Aosta / Vallée d'Aoste,Valle d'Aosta,125666,51894,41.3,0.66
1176,2021-07-02,VDA,868,384,484,302,561,5,ITC,ITC2,2,Valle d'Aosta / Vallée d'Aoste,Valle d'Aosta,125666,52762,41.99,0.69
1177,2021-03-24,VDA,515,230,285,255,257,3,ITC,ITC2,2,Valle d'Aosta / Vallée d'Aoste,Valle d'Aosta,125666,53277,42.4,0.41
1178,2021-06-08,VDA,712,356,356,675,33,4,ITC,ITC2,2,Valle d'Aosta / Vallée d'Aoste,Valle d'Aosta,125666,53989,42.96,0.57
1179,2021-02-26,VDA,208,58,150,108,86,14,ITC,ITC2,2,Valle d'Aosta / Vallée d'Aoste,Valle d'Aosta,125666,54197,43.13,0.17
1180,2021-04-10,VDA,405,191,214,388,5,12,ITC,ITC2,2,Valle d'Aosta / Vallée d'Aoste,Valle d'Aosta,125666,54602,43.45,0.32
1181,2020-12-31,VDA,18,4,14,18,0,0,ITC,ITC2,2,Valle d'Aosta / Vallée d'Aoste,Valle d'Aosta,125666,54620,43.46,0.01
1182,2021-06-06,VDA,1160,582,578,782,373,5,ITC,ITC2,2,Valle d'Aosta / Vallée d'Aoste,Valle d'Aosta,125666,55780,44.39,0.92
1183,2021-06-15,VDA,876,479,397,608,255,13,ITC,ITC2,2,Valle d'Aosta / Vallée d'Aoste,Valle d'Aosta,125666,56656,45.08,0.7
1184,2021-03-03,VDA,256,118,138,182,69,5,ITC,ITC2,2,Valle d'Aosta / Vallée d'Aoste,Valle d'Aosta,125666,56912,45.29,0.2
1185,2021-07-16,VDA,1076,553,523,346,730,0,ITC,ITC2,2,Valle d'Aosta / Vallée d'Aoste,Valle d'Aosta,125666,57988,46.14,0.86
1186,2021-01-26,VDA,141,50,91,0,141,0,ITC,ITC2,2,Valle d'Aosta / Vallée d'Aoste,Valle d'Aosta,125666,58129,46.26,0.11
1187,2021-02-12,VDA,263,96,167,216,46,1,ITC,ITC2,2,Valle d'Aosta / Vallée d'Aoste,Valle d'Aosta,125666,58392,46.47,0.21
1188,2021-01-12,VDA,302,72,230,302,0,0,ITC,ITC2,2,Valle d'Aosta / Vallée d'Aoste,Valle d'Aosta,125666,58694,46.71,0.24
1189,2021-05-24,VDA,1136,516,620,674,446,16,ITC,ITC2,2,Valle d'Aosta / Vallée d'Aoste,Valle d'Aosta,125666,59830,47.61,0.9
1190,2021-05-10,VDA,782,381,401,530,235,17,ITC,ITC2,2,Valle d'Aosta / Vallée d'Aoste,Valle d'Aosta,125666,60612,48.23,0.62
1191,2021-08-04,VDA,1043,570,473,372,655,16,ITC,ITC2,2,Valle d'Aosta / Vallée d'Aoste,Valle d'Aosta,125666,61655,49.06,0.83
1192,2021-01-05,VDA,151,55,96,151,0,0,ITC,ITC2,2,Valle d'Aosta / Vallée d'Aoste,Valle d'Aosta,125666,61806,49.18,0.12
1193,2021-01-14,VDA,237,69,168,237,0,0,ITC,ITC2,2,Valle d'Aosta / Vallée d'Aoste,Valle d'Aosta,125666,62043,49.37,0.19
1194,2021-08-02,VDA,759,407,352,306,446,7,ITC,ITC2,2,Valle d'Aosta / Vallée d'Aoste,Valle d'Aosta,125666,62802,49.98,0.6
1195,2021-04-24,VDA,722,400,322,533,167,22,ITC,ITC2,2,Valle d'Aosta / Vallée d'Aoste,Valle d'Aosta,125666,63524,50.55,0.57
1196,2021-04-05,VDA,464,223,241,439,6,19,ITC,ITC2,2,Valle d'Aosta / Vallée d'Aoste,Valle d'Aosta,125666,63988,50.92,0.37
1197,2021-06-27,VDA,1253,608,645,312,931,10,ITC,ITC2,2,Valle d'Aosta / Vallée d'Aoste,Valle d'Aosta,125666,65241,51.92,1.0
1198,2021-07-14,VDA,1019,532,487,293,726,0,ITC,ITC2,2,Valle d'Aosta / Vallée d'Aoste,Valle d'Aosta,125666,66260,52.73,0.81
1199,2021-08-01,VDA,841,445,396,287,547,7,ITC,ITC2,2,Valle d'Aosta / Vallée d'Aoste,Valle d'Aosta,125666,67101,53.4,0.67
1200,2021-01-28,VDA,292,123,169,56,236,0,ITC,ITC2,2,Valle d'Aosta / Vallée d'Aoste,Valle d'Aosta,125666,67393,53.63,0.23
1201,2021-06-12,VDA,1233,599,634,1063,166,4,ITC,ITC2,2,Valle d'Aosta / Vallée d'Aoste,Valle d'Aosta,125666,68626,54.61,0.98
1202,2021-06-01,VDA,871,469,402,510,353,8,ITC,ITC2,2,Valle d'Aosta / Vallée d'Aoste,Valle d'Aosta,125666,69497,55.3,0.69
1203,2021-02-23,VDA,216,123,93,215,0,1,ITC,ITC2,2,Valle d'Aosta / Vallée d'Aoste,Valle d'Aosta,125666,69713,55.47,0.17
1204,2021-06-03,VDA,1307,668,639,885,411,11,ITC,ITC2,2,Valle d'Aosta / Vallée d'Aoste,Valle d'Aosta,125666,71020,56.51,1.04
1205,2021-05-17,VDA,809,417,392,367,434,8,ITC,ITC2,2,Valle d'Aosta / Vallée d'Aoste,Valle d'Aosta,125666,71829,57.16,0.64
1206,2021-05-15,VDA,1065,614,451,367,685,13,ITC,ITC2,2,Valle d'Aosta / Vallée d'Aoste,Valle d'Aosta,125666,72894,58.01,0.85
1207,2021-02-04,VDA,294,86,208,8,286,0,ITC,ITC2,2,Valle d'Aosta / Vallée d'Aoste,Valle d'Aosta,125666,73188,58.24,0.23
1208,2021-04-28,VDA,1217,632,585,682,502,33,ITC,ITC2,2,Valle d'Aosta / Vallée d'Aoste,Valle d'Aosta,125666,74405,59.21,0.97
1209,2021-05-06,VDA,1081,514,567,664,384,33,ITC,ITC2,2,Valle d'Aosta / Vallée d'Aoste,Valle d'Aosta,125666,75486,60.07,0.86
1210,2021-02-16,VDA,326,53,273,309,6,11,ITC,ITC2,2,Valle d'Aosta / Vallée d'Aoste,Valle d'Aosta,125666,75812,60.33,0.26
1211,2021-04-07,VDA,910,474,436,654,229,27,ITC,ITC2,2,Valle d'Aosta / Vallée d'Aoste,Valle d'Aosta,125666,76722,61.05,0.72
1212,2021-02-09,VDA,252,84,168,68,183,1,ITC,ITC2,2,Valle d'Aosta / Vallée d'Aoste,Valle d'Aosta,125666,76974,61.25,0.2
1213,2021-07-20,VDA,1117,583,534,396,721,0,ITC,ITC2,2,Valle d'Aosta / Vallée d'Aoste,Valle d'Aosta,125666,78091,62.14,0.89
1214,2021-04-18,VDA,522,254,268,494,2,26,ITC,ITC2,2,Valle d'Aosta / Vallée d'Aoste,Valle d'Aosta,125666,78613,62.56,0.42
1215,2021-06-14,VDA,346,182,164,13,327,6,ITC,ITC2,2,Valle d'Aosta / Vallée d'Aoste,Valle d'Aosta,125666,78959,62.83,0.28
1216,2021-05-31,VDA,880,396,484,490,379,11,ITC,ITC2,2,Valle d'Aosta / Vallée d'Aoste,Valle d'Aosta,125666,79839,63.53,0.7
1217,2021-07-27,VDA,1119,595,524,567,552,0,ITC,ITC2,2,Valle d'Aosta / Vallée d'Aoste,Valle d'Aosta,125666,80958,64.42,0.89
1218,2021-04-25,VDA,849,408,441,674,139,36,ITC,ITC2,2,Valle d'Aosta / Vallée d'Aoste,Valle d'Aosta,125666,81807,65.1,0.68
1219,2021-06-21,VDA,1122,600,522,607,505,10,ITC,ITC2,2,Valle d'Aosta / Vallée d'Aoste,Valle d'Aosta,125666,82929,65.99,0.89
1220,2021-06-07,VDA,711,347,364,639,61,11,ITC,ITC2,2,Valle d'Aosta / Vallée d'Aoste,Valle d'Aosta,125666,83640,66.56,0.57
1221,2021-02-27,VDA,231,85,146,119,107,5,ITC,ITC2,2,Valle d'Aosta / Vallée d'Aoste,Valle d'Aosta,125666,83871,66.74,0.18
1222,2021-08-03,VDA,936,485,451,567,362,7,ITC,ITC2,2,Valle d'Aosta / Vallée d'Aoste,Valle d'Aosta,125666,84807,67.49,0.74
1223,2021-05-18,VDA,970,484,486,349,617,4,ITC,ITC2,2,Valle d'Aosta / Vallée d'Aoste,Valle d'Aosta,125666,85777,68.26,0.77
1224,2021-02-07,VDA,292,120,172,190,102,0,ITC,ITC2,2,Valle d'Aosta / Vallée d'Aoste,Valle d'Aosta,125666,86069,68.49,0.23
1225,2021-05-01,VDA,940,563,377,440,483,17,ITC,ITC2,2,Valle d'Aosta / Vallée d'Aoste,Valle d'Aosta,125666,87009,69.24,0.75
1226,2021-04-14,VDA,942,430,512,690,224,28,ITC,ITC2,2,Valle d'Aosta / Vallée d'Aoste,Valle d'Aosta,125666,87951,69.99,0.75
1227,2021-07-06,VDA,884,480,404,157,722,5,ITC,ITC2,2,Valle d'Aosta / Vallée d'Aoste,Valle d'Aosta,125666,88835,70.69,0.7
1228,2021-01-02,VDA,6,5,1,6,0,0,ITC,ITC2,2,Valle d'Aosta / Vallée d'Aoste,Valle d'Aosta,125666,88841,70.7,0.0
1229,2021-03-26,VDA,498,204,294,472,7,19,ITC,ITC2,2,Valle d'Aosta / Vallée d'Aoste,Valle d'Aosta,125666,89339,71.09,0.4
1230,2021-06-17,VDA,792,433,359,614,166,12,ITC,ITC2,2,Valle d'Aosta / Vallée d'Aoste,Valle d'Aosta,125666,90131,71.72,0.63
1231,2021-01-21,VDA,33,12,21,33,0,0,ITC,ITC2,2,Valle d'Aosta / Vallée d'Aoste,Valle d'Aosta,125666,90164,71.75,0.03
1232,2021-01-04,VDA,144,61,83,144,0,0,ITC,ITC2,2,Valle d'Aosta / Vallée d'Aoste,Valle d'Aosta,125666,90308,71.86,0.11
1233,2021-07-28,VDA,1423,765,658,374,1048,1,ITC,ITC2,2,Valle d'Aosta / Vallée d'Aoste,Valle d'Aosta,125666,91731,73.0,1.13
1234,2021-04-19,VDA,752,325,427,520,209,23,ITC,ITC2,2,Valle d'Aosta / Vallée d'Aoste,Valle d'Aosta,125666,92483,73.59,0.6
1235,2021-01-16,VDA,237,80,157,237,0,0,ITC,ITC2,2,Valle d'Aosta / Vallée d'Aoste,Valle d'Aosta,125666,92720,73.78,0.19
1236,2021-06-22,VDA,1191,666,525,530,649,12,ITC,ITC2,2,Valle d'Aosta / Vallée d'Aoste,Valle d'Aosta,125666,93911,74.73,0.95
1237,2021-03-14,VDA,392,200,192,373,0,19,ITC,ITC2,2,Valle d'Aosta / Vallée d'Aoste,Valle d'Aosta,125666,94303,75.04,0.31
1238,2021-04-26,VDA,715,327,388,512,170,33,ITC,ITC2,2,Valle d'Aosta / Vallée d'Aoste,Valle d'Aosta,125666,95018,75.61,0.57
1239,2021-07-01,VDA,962,473,489,328,621,13,ITC,ITC2,2,Valle d'Aosta / Vallée d'Aoste,Valle d'Aosta,125666,95980,76.38,0.77
1240,2021-01-09,VDA,444,199,245,444,0,0,ITC,ITC2,2,Valle d'Aosta / Vallée d'Aoste,Valle d'Aosta,125666,96424,76.73,0.35
1241,2021-06-24,VDA,1222,630,592,380,834,8,ITC,ITC2,2,Valle d'Aosta / Vallée d'Aoste,Valle d'Aosta,125666,97646,77.7,0.97
1242,2021-07-03,VDA,936,485,451,390,537,9,ITC,ITC2,2,Valle d'Aosta / Vallée d'Aoste,Valle d'Aosta,125666,98582,78.45,0.74
1243,2021-02-08,VDA,223,83,140,25,198,0,ITC,ITC2,2,Valle d'Aosta / Vallée d'Aoste,Valle d'Aosta,125666,98805,78.63,0.18
1244,2021-03-23,VDA,379,150,229,228,134,17,ITC,ITC2,2,Valle d'Aosta / Vallée d'Aoste,Valle d'Aosta,125666,99184,78.93,0.3
1245,2021-05-19,VDA,993,498,495,411,575,7,ITC,ITC2,2,Valle d'Aosta / Vallée d'Aoste,Valle d'Aosta,125666,100177,79.72,0.79
1246,2021-03-05,VDA,276,124,152,52,223,1,ITC,ITC2,2,Valle d'Aosta / Vallée d'Aoste,Valle d'Aosta,125666,100453,79.94,0.22
1247,2021-02-28,VDA,260,86,174,73,183,4,ITC,ITC2,2,Valle d'Aosta / Vallée d'Aoste,Valle d'Aosta,125666,100713,80.14,0.21
1248,2021-05-05,VDA,1038,566,472,434,582,22,ITC,ITC2,2,Valle d'Aosta / Vallée d'Aoste,Valle d'Aosta,125666,101751,80.97,0.83
1249,2021-05-03,VDA,839,400,439,458,351,30,ITC,ITC2,2,Valle d'Aosta / Vallée d'Aoste,Valle d'Aosta,125666,102590,81.64,0.67
1250,2021-03-07,VDA,64,30,34,11,53,0,ITC,ITC2,2,Valle d'Aosta / Vallée d'Aoste,Valle d'Aosta,125666,102654,81.69,0.05
1251,2021-07-30,VDA,965,501,464,422,525,18,ITC,ITC2,2,Valle d'Aosta / Vallée d'Aoste,Valle d'Aosta,125666,103619,82.46,0.77
1252,2021-04-21,VDA,868,410,458,588,248,32,ITC,ITC2,2,Valle d'Aosta / Vallée d'Aoste,Valle d'Aosta,125666,104487,83.15,0.69
1253,2021-07-13,VDA,1061,567,494,307,748,6,ITC,ITC2,2,Valle d'Aosta / Vallée d'Aoste,Valle d'Aosta,125666,105548,83.99,0.84
1254,2021-03-21,VDA,356,166,190,347,0,9,ITC,ITC2,2,Valle d'Aosta / Vallée d'Aoste,Valle d'Aosta,125666,105904,84.27,0.28
1255,2021-06-29,VDA,780,390,390,235,542,3,ITC,ITC2,2,Valle d'Aosta / Vallée d'Aoste,Valle d'Aosta,125666,106684,84.89,0.62
1256,2021-06-10,VDA,1002,558,444,953,42,7,ITC,ITC2,2,Valle d'Aosta / Vallée d'Aoste,Valle d'Aosta,125666,107686,85.69,0.8
1257,2021-03-02,VDA,339,166,173,291,3,45,ITC,ITC2,2,Valle d'Aosta / Vallée d'Aoste,Valle d'Aosta,125666,108025,85.96,0.27
1258,2021-03-28,VDA,522,212,310,494,0,28,ITC,ITC2,2,Valle d'Aosta / Vallée d'Aoste,Valle d'Aosta,125666,108547,86.38,0.42
1259,2021-03-11,VDA,210,82,128,66,144,0,ITC,ITC2,2,Valle d'Aosta / Vallée d'Aoste,Valle d'Aosta,125666,108757,86.54,0.17
1260,2021-06-02,VDA,1215,688,527,811,401,3,ITC,ITC2,2,Valle d'Aosta / Vallée d'Aoste,Valle d'Aosta,125666,109972,87.51,0.97
1261,2021-06-19,VDA,1290,669,621,657,620,13,ITC,ITC2,2,Valle d'Aosta / Vallée d'Aoste,Valle d'Aosta,125666,111262,88.54,1.03
1262,2021-03-09,VDA,206,96,110,166,32,8,ITC,ITC2,2,Valle d'Aosta / Vallée d'Aoste,Valle d'Aosta,125666,111468,88.7,0.16
1263,2021-02-20,VDA,251,210,41,238,10,3,ITC,ITC2,2,Valle d'Aosta / Vallée d'Aoste,Valle d'Aosta,125666,111719,88.9,0.2
1264,2021-03-19,VDA,322,85,237,277,35,10,ITC,ITC2,2,Valle d'Aosta / Vallée d'Aoste,Valle d'Aosta,125666,112041,89.16,0.26
1265,2021-05-07,VDA,564,245,319,517,30,17,ITC,ITC2,2,Valle d'Aosta / Vallée d'Aoste,Valle d'Aosta,125666,112605,89.61,0.45
1266,2021-04-23,VDA,922,443,479,512,382,28,ITC,ITC2,2,Valle d'Aosta / Vallée d'Aoste,Valle d'Aosta,125666,113527,90.34,0.73
1267,2021-01-13,VDA,338,110,228,338,0,0,ITC,ITC2,2,Valle d'Aosta / Vallée d'Aoste,Valle d'Aosta,125666,113865,90.61,0.27
1268,2021-07-29,VDA,994,506,488,320,667,7,ITC,ITC2,2,Valle d'Aosta / Vallée d'Aoste,Valle d'Aosta,125666,114859,91.4,0.79
1269,2021-07-15,VDA,1087,589,498,296,790,1,ITC,ITC2,2,Valle d'Aosta / Vallée d'Aoste,Valle d'Aosta,125666,115946,92.27,0.86
1270,2021-04-06,VDA,741,381,360,596,112,33,ITC,ITC2,2,Valle d'Aosta / Vallée d'Aoste,Valle d'Aosta,125666,116687,92.85,0.59
1271,2021-02-06,VDA,289,104,185,91,197,1,ITC,ITC2,2,Valle d'Aosta / Vallée d'Aoste,Valle d'Aosta,125666,116976,93.08,0.23
1272,2021-01-11,VDA,325,112,213,325,0,0,ITC,ITC2,2,Valle d'Aosta / Vallée d'Aoste,Valle d'Aosta,125666,117301,93.34,0.26
1273,2021-04-04,VDA,572,253,319,550,0,22,ITC,ITC2,2,Valle d'Aosta / Vallée d'Aoste,Valle d'Aosta,125666,117873,93.8,0.46
1274,2021-01-30,VDA,439,202,237,12,425,2,ITC,ITC2,2,Valle d'Aosta / Vallée d'Aoste,Valle d'Aosta,125666,118312,94.15,0.35
1275,2021-01-25,VDA,149,67,82,0,149,0,ITC,ITC2,2,Valle d'Aosta / Vallée d'Aoste,Valle d'Aosta,125666,118461,94.27,0.12
1276,2021-07-10,VDA,1293,669,624,321,961,11,ITC,ITC2,2,Valle d'Aosta / Vallée d'Aoste,Valle d'Aosta,125666,119754,95.3,1.03
1277,2021-03-16,VDA,182,37,145,109,64,9,ITC,ITC2,2,Valle d'Aosta / Vallée d'Aoste,Valle d'Aosta,125666,119936,95.44,0.14
1278,2021-04-30,VDA,831,355,476,467,346,18,ITC,ITC2,2,Valle d'Aosta / Vallée d'Aoste,Valle d'Aosta,125666,120767,96.1,0.66
1279,2021-01-20,VDA,23,8,15,23,0,0,ITC,ITC2,2,Valle d'Aosta / Vallée d'Aoste,Valle d'Aosta,125666,120790,96.12,0.02
1280,2021-07-22,VDA,972,514,458,276,696,0,ITC,ITC2,2,Valle d'Aosta / Vallée d'Aoste,Valle d'Aosta,125666,121762,96.89,0.77
1281,2021-01-18,VDA,213,74,139,213,0,0,ITC,ITC2,2,Valle d'Aosta / Vallée d'Aoste,Valle d'Aosta,125666,121975,97.06,0.17
1282,2021-04-11,VDA,479,208,271,462,0,17,ITC,ITC2,2,Valle d'Aosta / Vallée d'Aoste,Valle d'Aosta,125666,122454,97.44,0.38
1283,2021-03-18,VDA,136,43,93,96,37,3,ITC,ITC2,2,Valle d'Aosta / Vallée d'Aoste,Valle d'Aosta,125666,122590,97.55,0.11
1284,2021-06-26,VDA,1062,509,553,350,705,7,ITC,ITC2,2,Valle d'Aosta / Vallée d'Aoste,Valle d'Aosta,125666,123652,98.4,0.85
1285,2021-03-04,VDA,291,139,152,39,250,2,ITC,ITC2,2,Valle d'Aosta / Vallée d'Aoste,Valle d'Aosta,125666,123943,98.63,0.23
1286,2021-05-26,VDA,1210,587,623,565,634,11,ITC,ITC2,2,Valle d'Aosta / Vallée d'Aoste,Valle d'Aosta,125666,125153,99.59,0.96
1287,2021-02-13,VDA,216,196,20,213,1,2,ITC,ITC2,2,Valle d'Aosta / Vallée d'Aoste,Valle d'Aosta,125666,125369,99.76,0.17
1288,2021-05-14,VDA,960,442,518,251,668,41,ITC,ITC2,2,Valle d'Aosta / Vallée d'Aoste,Valle d'Aosta,125666,126329,100.53,0.76
1289,2021-02-01,VDA,405,127,278,84,318,3,ITC,ITC2,2,Valle d'Aosta / Vallée d'Aoste,Valle d'Aosta,125666,126734,100.85,0.32
1290,2021-07-08,VDA,1275,709,566,341,924,10,ITC,ITC2,2,Valle d'Aosta / Vallée d'Aoste,Valle d'Aosta,125666,128009,101.86,1.01
1291,2021-03-30,VDA,402,223,179,365,20,17,ITC,ITC2,2,Valle d'Aosta / Vallée d'Aoste,Valle d'Aosta,125666,128411,102.18,0.32
1292,2021-05-12,VDA,1143,550,593,442,670,31,ITC,ITC2,2,Valle d'Aosta / Vallée d'Aoste,Valle d'Aosta,125666,129554,103.09,0.91
1293,2021-07-17,VDA,985,519,466,254,730,1,ITC,ITC2,2,Valle d'Aosta / Vallée d'Aoste,Valle d'Aosta,125666,130539,103.88,0.78
1294,2021-01-31,VDA,291,91,200,58,233,0,ITC,ITC2,2,Valle d'Aosta / Vallée d'Aoste,Valle d'Aosta,125666,130830,104.11,0.23
1295,2021-03-22,VDA,560,205,355,323,228,9,ITC,ITC2,2,Valle d'Aosta / Vallée d'Aoste,Valle d'Aosta,125666,131390,104.55,0.45
1296,2021-06-05,VDA,925,476,449,729,188,8,ITC,ITC2,2,Valle d'Aosta / Vallée d'Aoste,Valle d'Aosta,125666,132315,105.29,0.74
1297,2021-02-11,VDA,231,107,124,221,9,1,ITC,ITC2,2,Valle d'Aosta / Vallée d'Aoste,Valle d'Aosta,125666,132546,105.47,0.18
1298,2021-07-18,VDA,927,455,472,252,675,0,ITC,ITC2,2,Valle d'Aosta / Vallée d'Aoste,Valle d'Aosta,125666,133473,106.21,0.74
1299,2021-04-09,VDA,237,111,126,200,33,4,ITC,ITC2,2,Valle d'Aosta / Vallée d'Aoste,Valle d'Aosta,125666,133710,106.4,0.19
1300,2021-05-22,VDA,953,502,451,543,400,10,ITC,ITC2,2,Valle d'Aosta / Vallée d'Aoste,Valle d'Aosta,125666,134663,107.16,0.76
1301,2021-07-25,VDA,1017,493,524,264,753,0,ITC,ITC2,2,Valle d'Aosta / Vallée d'Aoste,Valle d'Aosta,125666,135680,107.97,0.81
1302,2021-04-16,VDA,599,261,338,565,2,32,ITC,ITC2,2,Valle d'Aosta / Vallée d'Aoste,Valle d'Aosta,125666,136279,108.45,0.48
1303,2021-04-02,VDA,874,344,530,595,226,53,ITC,ITC2,2,Valle d'Aosta / Vallée d'Aoste,Valle d'Aosta,125666,137153,109.14,0.7
1304,2021-05-29,VDA,798,434,364,553,237,8,ITC,ITC2,2,Valle d'Aosta / Vallée d'Aoste,Valle d'Aosta,125666,137951,109.78,0.64
1305,2021-07-11,VDA,908,472,436,254,643,11,ITC,ITC2,2,Valle d'Aosta / Vallée d'Aoste,Valle d'Aosta,125666,138859,110.5,0.72
1306,2021-02-25,VDA,201,101,100,190,7,4,ITC,ITC2,2,Valle d'Aosta / Vallée d'Aoste,Valle d'Aosta,125666,139060,110.66,0.16
1307,2021-08-05,VDA,785,406,379,283,481,21,ITC,ITC2,2,Valle d'Aosta / Vallée d'Aoste,Valle d'Aosta,125666,139845,111.28,0.62
1308,2021-01-06,VDA,65,33,32,65,0,0,ITC,ITC2,2,Valle d'Aosta / Vallée d'Aoste,Valle d'Aosta,125666,139910,111.33,0.05
1309,2021-02-18,VDA,349,153,196,255,88,6,ITC,ITC2,2,Valle d'Aosta / Vallée d'Aoste,Valle d'Aosta,125666,140259,111.61,0.28
1310,2021-02-06,PAT,576,300,276,435,141,0,ITH,ITH2,4,Provincia Autonoma Trento,P.A. Trento,541380,576,0.11,0.11
1311,2021-02-23,PAT,1112,395,717,878,213,21,ITH,ITH2,4,Provincia Autonoma Trento,P.A. Trento,541380,1688,0.31,0.21
1312,2021-05-17,PAT,4295,2123,2172,3709,351,235,ITH,ITH2,4,Provincia Autonoma Trento,P.A. Trento,541380,5983,1.11,0.79
1313,2021-06-29,PAT,6236,3143,3093,2665,3491,80,ITH,ITH2,4,Provincia Autonoma Trento,P.A. Trento,541380,12219,2.26,1.15
1314,2021-06-12,PAT,5367,2691,2676,431,4889,47,ITH,ITH2,4,Provincia Autonoma Trento,P.A. Trento,541380,17586,3.25,0.99
1315,2021-03-21,PAT,129,69,60,125,0,4,ITH,ITH2,4,Provincia Autonoma Trento,P.A. Trento,541380,17715,3.27,0.02
1316,2021-05-24,PAT,4390,2017,2373,1250,3027,113,ITH,ITH2,4,Provincia Autonoma Trento,P.A. Trento,541380,22105,4.08,0.81
1317,2021-03-02,PAT,1308,441,867,903,376,29,ITH,ITH2,4,Provincia Autonoma Trento,P.A. Trento,541380,23413,4.32,0.24
1318,2021-03-26,PAT,3234,1259,1975,2482,610,142,ITH,ITH2,4,Provincia Autonoma Trento,P.A. Trento,541380,26647,4.92,0.6
1319,2021-04-09,PAT,2745,1164,1581,1476,1202,67,ITH,ITH2,4,Provincia Autonoma Trento,P.A. Trento,541380,29392,5.43,0.51
1320,2021-02-11,PAT,1137,366,771,796,340,1,ITH,ITH2,4,Provincia Autonoma Trento,P.A. Trento,541380,30529,5.64,0.21
1321,2021-07-18,PAT,451,239,212,110,336,5,ITH,ITH2,4,Provincia Autonoma Trento,P.A. Trento,541380,30980,5.72,0.08
1322,2021-02-25,PAT,1641,643,998,1190,441,10,ITH,ITH2,4,Provincia Autonoma Trento,P.A. Trento,541380,32621,6.03,0.3
1323,2020-12-30,PAT,7,3,4,7,0,0,ITH,ITH2,4,Provincia Autonoma Trento,P.A. Trento,541380,32628,6.03,0.0
1324,2021-06-05,PAT,4089,1918,2171,679,3335,75,ITH,ITH2,4,Provincia Autonoma Trento,P.A. Trento,541380,36717,6.78,0.76
1325,2021-05-22,PAT,3259,1598,1661,834,2334,91,ITH,ITH2,4,Provincia Autonoma Trento,P.A. Trento,541380,39976,7.38,0.6
1326,2021-07-13,PAT,3648,1845,1803,1652,1877,119,ITH,ITH2,4,Provincia Autonoma Trento,P.A. Trento,541380,43624,8.06,0.67
1327,2021-04-21,PAT,2912,1360,1552,2712,50,150,ITH,ITH2,4,Provincia Autonoma Trento,P.A. Trento,541380,46536,8.6,0.54
1328,2021-01-28,PAT,533,147,386,49,484,0,ITH,ITH2,4,Provincia Autonoma Trento,P.A. Trento,541380,47069,8.69,0.1
1329,2021-01-11,PAT,732,223,509,732,0,0,ITH,ITH2,4,Provincia Autonoma Trento,P.A. Trento,541380,47801,8.83,0.14
1330,2021-02-16,PAT,668,246,422,652,5,11,ITH,ITH2,4,Provincia Autonoma Trento,P.A. Trento,541380,48469,8.95,0.12
1331,2021-07-27,PAT,4551,2414,2137,1569,2884,98,ITH,ITH2,4,Provincia Autonoma Trento,P.A. Trento,541380,53020,9.79,0.84
1332,2021-05-31,PAT,4729,2175,2554,1571,3051,107,ITH,ITH2,4,Provincia Autonoma Trento,P.A. Trento,541380,57749,10.67,0.87
1333,2021-07-20,PAT,4541,2460,2081,1595,2816,130,ITH,ITH2,4,Provincia Autonoma Trento,P.A. Trento,541380,62290,11.51,0.84
1334,2021-03-09,PAT,1586,591,995,908,647,31,ITH,ITH2,4,Provincia Autonoma Trento,P.A. Trento,541380,63876,11.8,0.29
1335,2021-06-17,PAT,6607,3467,3140,1986,4461,160,ITH,ITH2,4,Provincia Autonoma Trento,P.A. Trento,541380,70483,13.02,1.22
1336,2021-03-14,PAT,108,65,43,19,87,2,ITH,ITH2,4,Provincia Autonoma Trento,P.A. Trento,541380,70591,13.04,0.02
1337,2021-01-23,PAT,577,334,243,387,189,1,ITH,ITH2,4,Provincia Autonoma Trento,P.A. Trento,541380,71168,13.15,0.11
1338,2021-05-03,PAT,4266,2200,2066,3809,155,302,ITH,ITH2,4,Provincia Autonoma Trento,P.A. Trento,541380,75434,13.93,0.79
1339,2021-07-01,PAT,6938,3609,3329,3450,3308,180,ITH,ITH2,4,Provincia Autonoma Trento,P.A. Trento,541380,82372,15.22,1.28
1340,2021-05-05,PAT,5000,2584,2416,4389,302,309,ITH,ITH2,4,Provincia Autonoma Trento,P.A. Trento,541380,87372,16.14,0.92
1341,2021-01-16,PAT,319,148,171,319,0,0,ITH,ITH2,4,Provincia Autonoma Trento,P.A. Trento,541380,87691,16.2,0.06
1342,2021-04-14,PAT,3120,1465,1655,2230,737,153,ITH,ITH2,4,Provincia Autonoma Trento,P.A. Trento,541380,90811,16.77,0.58
1343,2021-03-28,PAT,754,295,459,706,2,46,ITH,ITH2,4,Provincia Autonoma Trento,P.A. Trento,541380,91565,16.91,0.14
1344,2021-01-04,PAT,874,231,643,872,0,2,ITH,ITH2,4,Provincia Autonoma Trento,P.A. Trento,541380,92439,17.07,0.16
1345,2021-07-06,PAT,5011,2637,2374,2951,1877,183,ITH,ITH2,4,Provincia Autonoma Trento,P.A. Trento,541380,97450,18.0,0.93
1346,2021-01-18,PAT,645,155,490,590,55,0,ITH,ITH2,4,Provincia Autonoma Trento,P.A. Trento,541380,98095,18.12,0.12
1347,2021-06-10,PAT,6135,2983,3152,1790,4216,129,ITH,ITH2,4,Provincia Autonoma Trento,P.A. Trento,541380,104230,19.25,1.13
1348,2021-03-04,PAT,2364,795,1569,1541,781,42,ITH,ITH2,4,Provincia Autonoma Trento,P.A. Trento,541380,106594,19.69,0.44
1349,2021-05-29,PAT,2243,1169,1074,755,1403,85,ITH,ITH2,4,Provincia Autonoma Trento,P.A. Trento,541380,108837,20.1,0.41
1350,2021-04-02,PAT,2850,1160,1690,2012,677,161,ITH,ITH2,4,Provincia Autonoma Trento,P.A. Trento,541380,111687,20.63,0.53
1351,2021-04-16,PAT,2870,1362,1508,2569,145,156,ITH,ITH2,4,Provincia Autonoma Trento,P.A. Trento,541380,114557,21.16,0.53
1352,2021-02-18,PAT,1405,490,915,1327,64,14,ITH,ITH2,4,Provincia Autonoma Trento,P.A. Trento,541380,115962,21.42,0.26
1353,2021-07-25,PAT,342,192,150,122,211,9,ITH,ITH2,4,Provincia Autonoma Trento,P.A. Trento,541380,116304,21.48,0.06
1354,2021-04-23,PAT,3641,1772,1869,3409,54,178,ITH,ITH2,4,Provincia Autonoma Trento,P.A. Trento,541380,119945,22.16,0.67
1355,2021-01-30,PAT,387,132,255,152,235,0,ITH,ITH2,4,Provincia Autonoma Trento,P.A. Trento,541380,120332,22.23,0.07
1356,2021-05-10,PAT,3216,1649,1567,2496,508,212,ITH,ITH2,4,Provincia Autonoma Trento,P.A. Trento,541380,123548,22.82,0.59
1357,2021-03-18,PAT,2325,959,1366,1218,1083,24,ITH,ITH2,4,Provincia Autonoma Trento,P.A. Trento,541380,125873,23.25,0.43
1358,2021-06-19,PAT,3101,1697,1404,232,2840,29,ITH,ITH2,4,Provincia Autonoma Trento,P.A. Trento,541380,128974,23.82,0.57
1359,2021-07-08,PAT,3974,2114,1860,2371,1439,164,ITH,ITH2,4,Provincia Autonoma Trento,P.A. Trento,541380,132948,24.56,0.73
1360,2021-02-04,PAT,976,304,672,421,554,1,ITH,ITH2,4,Provincia Autonoma Trento,P.A. Trento,541380,133924,24.74,0.18
1361,2021-04-13,PAT,2556,1059,1497,1970,507,79,ITH,ITH2,4,Provincia Autonoma Trento,P.A. Trento,541380,136480,25.21,0.47
1362,2021-01-20,PAT,292,73,219,280,12,0,ITH,ITH2,4,Provincia Autonoma Trento,P.A. Trento,541380,136772,25.26,0.05
1363,2021-04-30,PAT,4942,2410,2532,4415,153,374,ITH,ITH2,4,Provincia Autonoma Trento,P.A. Trento,541380,141714,26.18,0.91
1364,2021-02-20,PAT,407,245,162,122,284,1,ITH,ITH2,4,Provincia Autonoma Trento,P.A. Trento,541380,142121,26.25,0.08
1365,2021-03-07,PAT,22,6,16,22,0,0,ITH,ITH2,4,Provincia Autonoma Trento,P.A. Trento,541380,142143,26.26,0.0
1366,2021-01-09,PAT,190,40,150,190,0,0,ITH,ITH2,4,Provincia Autonoma Trento,P.A. Trento,541380,142333,26.29,0.04
1367,2021-06-24,PAT,5930,3108,2822,3565,2182,183,ITH,ITH2,4,Provincia Autonoma Trento,P.A. Trento,541380,148263,27.39,1.1
1368,2021-05-12,PAT,3312,1497,1815,1952,1195,165,ITH,ITH2,4,Provincia Autonoma Trento,P.A. Trento,541380,151575,28.0,0.61
1369,2021-03-16,PAT,1394,509,885,579,783,32,ITH,ITH2,4,Provincia Autonoma Trento,P.A. Trento,541380,152969,28.26,0.26
1370,2021-05-14,PAT,5328,2545,2783,3640,1391,297,ITH,ITH2,4,Provincia Autonoma Trento,P.A. Trento,541380,158297,29.24,0.98
1371,2021-04-28,PAT,4256,1979,2277,3870,138,248,ITH,ITH2,4,Provincia Autonoma Trento,P.A. Trento,541380,162553,30.03,0.79
1372,2021-04-01,PAT,2913,1234,1679,1721,1101,91,ITH,ITH2,4,Provincia Autonoma Trento,P.A. Trento,541380,165466,30.56,0.54
1373,2021-07-10,PAT,1047,540,507,138,883,26,ITH,ITH2,4,Provincia Autonoma Trento,P.A. Trento,541380,166513,30.76,0.19
1374,2021-07-24,PAT,888,494,394,474,395,19,ITH,ITH2,4,Provincia Autonoma Trento,P.A. Trento,541380,167401,30.92,0.16
1375,2021-05-02,PAT,3516,1955,1561,3264,37,215,ITH,ITH2,4,Provincia Autonoma Trento,P.A. Trento,541380,170917,31.57,0.65
1376,2021-01-27,PAT,814,282,532,93,719,2,ITH,ITH2,4,Provincia Autonoma Trento,P.A. Trento,541380,171731,31.72,0.15
1377,2021-02-13,PAT,538,333,205,172,366,0,ITH,ITH2,4,Provincia Autonoma Trento,P.A. Trento,541380,172269,31.82,0.1
1378,2021-05-07,PAT,6004,3089,2915,4795,841,368,ITH,ITH2,4,Provincia Autonoma Trento,P.A. Trento,541380,178273,32.93,1.11
1379,2021-04-20,PAT,2880,1377,1503,2665,36,179,ITH,ITH2,4,Provincia Autonoma Trento,P.A. Trento,541380,181153,33.46,0.53
1380,2021-05-09,PAT,2324,1210,1114,1847,344,133,ITH,ITH2,4,Provincia Autonoma Trento,P.A. Trento,541380,183477,33.89,0.43
1381,2021-06-09,PAT,6250,3082,3168,2091,4082,77,ITH,ITH2,4,Provincia Autonoma Trento,P.A. Trento,541380,189727,35.05,1.15
1382,2021-06-26,PAT,1395,729,666,661,717,17,ITH,ITH2,4,Provincia Autonoma Trento,P.A. Trento,541380,191122,35.3,0.26
1383,2021-06-28,PAT,6766,3488,3278,2897,3802,67,ITH,ITH2,4,Provincia Autonoma Trento,P.A. Trento,541380,197888,36.55,1.25
1384,2021-04-06,PAT,2266,955,1311,1442,767,57,ITH,ITH2,4,Provincia Autonoma Trento,P.A. Trento,541380,200154,36.97,0.42
1385,2021-07-15,PAT,4020,2127,1893,1599,2292,129,ITH,ITH2,4,Provincia Autonoma Trento,P.A. Trento,541380,204174,37.71,0.74
1386,2021-01-13,PAT,422,123,299,422,0,0,ITH,ITH2,4,Provincia Autonoma Trento,P.A. Trento,541380,204596,37.79,0.08
1387,2021-01-06,PAT,42,13,29,42,0,0,ITH,ITH2,4,Provincia Autonoma Trento,P.A. Trento,541380,204638,37.8,0.01
1388,2021-08-05,PAT,5008,2735,2273,2261,2638,109,ITH,ITH2,4,Provincia Autonoma Trento,P.A. Trento,541380,209646,38.72,0.93
1389,2021-07-29,PAT,5151,2724,2427,2399,2643,109,ITH,ITH2,4,Provincia Autonoma Trento,P.A. Trento,541380,214797,39.68,0.95
1390,2021-06-16,PAT,6224,3354,2870,1943,4158,123,ITH,ITH2,4,Provincia Autonoma Trento,P.A. Trento,541380,221021,40.83,1.15
1391,2021-02-08,PAT,1154,319,835,343,811,0,ITH,ITH2,4,Provincia Autonoma Trento,P.A. Trento,541380,222175,41.04,0.21
1392,2021-07-17,PAT,1050,510,540,253,780,17,ITH,ITH2,4,Provincia Autonoma Trento,P.A. Trento,541380,223225,41.23,0.19
1393,2021-05-21,PAT,5069,2425,2644,3082,1719,268,ITH,ITH2,4,Provincia Autonoma Trento,P.A. Trento,541380,228294,42.17,0.94
1394,2021-05-19,PAT,5106,2462,2644,3602,1257,247,ITH,ITH2,4,Provincia Autonoma Trento,P.A. Trento,541380,233400,43.11,0.94
1395,2021-06-02,PAT,2841,1360,1481,882,1895,64,ITH,ITH2,4,Provincia Autonoma Trento,P.A. Trento,541380,236241,43.64,0.52
1396,2021-03-11,PAT,2520,930,1590,1445,1018,57,ITH,ITH2,4,Provincia Autonoma Trento,P.A. Trento,541380,238761,44.1,0.47
1397,2021-07-22,PAT,4539,2443,2096,1762,2650,127,ITH,ITH2,4,Provincia Autonoma Trento,P.A. Trento,541380,243300,44.94,0.84
1398,2021-07-07,PAT,4352,2334,2018,2770,1384,198,ITH,ITH2,4,Provincia Autonoma Trento,P.A. Trento,541380,247652,45.74,0.8
1399,2021-01-03,PAT,493,160,333,493,0,0,ITH,ITH2,4,Provincia Autonoma Trento,P.A. Trento,541380,248145,45.84,0.09
1400,2021-03-23,PAT,2450,945,1505,1609,742,99,ITH,ITH2,4,Provincia Autonoma Trento,P.A. Trento,541380,250595,46.29,0.45
1401,2021-05-28,PAT,3730,1739,1991,1362,2233,135,ITH,ITH2,4,Provincia Autonoma Trento,P.A. Trento,541380,254325,46.98,0.69
1402,2021-01-25,PAT,821,217,604,24,797,0,ITH,ITH2,4,Provincia Autonoma Trento,P.A. Trento,541380,255146,47.13,0.15
1403,2021-03-25,PAT,2877,1106,1771,1721,1049,107,ITH,ITH2,4,Provincia Autonoma Trento,P.A. Trento,541380,258023,47.66,0.53
1404,2021-07-03,PAT,1248,668,580,76,1166,6,ITH,ITH2,4,Provincia Autonoma Trento,P.A. Trento,541380,259271,47.89,0.23
1405,2021-03-13,PAT,837,385,452,719,48,70,ITH,ITH2,4,Provincia Autonoma Trento,P.A. Trento,541380,260108,48.05,0.15
1406,2021-07-05,PAT,5248,2749,2499,3643,1362,243,ITH,ITH2,4,Provincia Autonoma Trento,P.A. Trento,541380,265356,49.01,0.97
1407,2021-06-21,PAT,6136,3314,2822,3568,2389,179,ITH,ITH2,4,Provincia Autonoma Trento,P.A. Trento,541380,271492,50.15,1.13
1408,2021-04-29,PAT,4653,2246,2407,4139,210,304,ITH,ITH2,4,Provincia Autonoma Trento,P.A. Trento,541380,276145,51.01,0.86
1409,2021-01-22,PAT,1676,436,1240,329,1345,2,ITH,ITH2,4,Provincia Autonoma Trento,P.A. Trento,541380,277821,51.32,0.31
1410,2021-02-05,PAT,807,274,533,283,524,0,ITH,ITH2,4,Provincia Autonoma Trento,P.A. Trento,541380,278628,51.47,0.15
1411,2021-05-16,PAT,1331,736,595,1025,239,67,ITH,ITH2,4,Provincia Autonoma Trento,P.A. Trento,541380,279959,51.71,0.25
1412,2021-01-05,PAT,713,235,478,713,0,0,ITH,ITH2,4,Provincia Autonoma Trento,P.A. Trento,541380,280672,51.84,0.13
1413,2021-04-15,PAT,3204,1444,1760,2810,154,240,ITH,ITH2,4,Provincia Autonoma Trento,P.A. Trento,541380,283876,52.44,0.59
1414,2021-06-18,PAT,6950,3696,3254,1750,5114,86,ITH,ITH2,4,Provincia Autonoma Trento,P.A. Trento,541380,290826,53.72,1.28
1415,2021-02-15,PAT,535,189,346,418,115,2,ITH,ITH2,4,Provincia Autonoma Trento,P.A. Trento,541380,291361,53.82,0.1
1416,2021-05-26,PAT,3919,1843,2076,1105,2694,120,ITH,ITH2,4,Provincia Autonoma Trento,P.A. Trento,541380,295280,54.54,0.72
1417,2021-08-02,PAT,5111,2710,2401,1446,3607,58,ITH,ITH2,4,Provincia Autonoma Trento,P.A. Trento,541380,300391,55.49,0.94
1418,2021-01-10,PAT,85,20,65,85,0,0,ITH,ITH2,4,Provincia Autonoma Trento,P.A. Trento,541380,300476,55.5,0.02
1419,2021-01-29,PAT,1361,334,1027,55,1306,0,ITH,ITH2,4,Provincia Autonoma Trento,P.A. Trento,541380,301837,55.75,0.25
1420,2021-07-14,PAT,3977,2071,1906,1595,2276,106,ITH,ITH2,4,Provincia Autonoma Trento,P.A. Trento,541380,305814,56.49,0.73
1421,2021-03-15,PAT,1412,545,867,894,464,54,ITH,ITH2,4,Provincia Autonoma Trento,P.A. Trento,541380,307226,56.75,0.26
1422,2021-01-17,PAT,252,196,56,252,0,0,ITH,ITH2,4,Provincia Autonoma Trento,P.A. Trento,541380,307478,56.8,0.05
1423,2021-06-23,PAT,6526,3454,3072,4475,1861,190,ITH,ITH2,4,Provincia Autonoma Trento,P.A. Trento,541380,314004,58.0,1.21
1424,2021-05-11,PAT,3709,1754,1955,2619,855,235,ITH,ITH2,4,Provincia Autonoma Trento,P.A. Trento,541380,317713,58.69,0.69
1425,2021-04-27,PAT,3916,1882,2034,3568,69,279,ITH,ITH2,4,Provincia Autonoma Trento,P.A. Trento,541380,321629,59.41,0.72
1426,2021-05-04,PAT,4514,2449,2065,4122,96,296,ITH,ITH2,4,Provincia Autonoma Trento,P.A. Trento,541380,326143,60.24,0.83
1427,2021-03-08,PAT,1410,433,977,1026,354,30,ITH,ITH2,4,Provincia Autonoma Trento,P.A. Trento,541380,327553,60.5,0.26
1428,2021-03-22,PAT,2307,974,1333,1375,875,57,ITH,ITH2,4,Provincia Autonoma Trento,P.A. Trento,541380,329860,60.93,0.43
1429,2021-01-24,PAT,549,277,272,225,324,0,ITH,ITH2,4,Provincia Autonoma Trento,P.A. Trento,541380,330409,61.03,0.1
1430,2021-06-30,PAT,6678,3436,3242,2603,3992,83,ITH,ITH2,4,Provincia Autonoma Trento,P.A. Trento,541380,337087,62.26,1.23
1431,2021-01-31,PAT,76,16,60,1,75,0,ITH,ITH2,4,Provincia Autonoma Trento,P.A. Trento,541380,337163,62.28,0.01
1432,2021-07-04,PAT,213,120,93,61,150,2,ITH,ITH2,4,Provincia Autonoma Trento,P.A. Trento,541380,337376,62.32,0.04
1433,2021-07-11,PAT,999,550,449,121,869,9,ITH,ITH2,4,Provincia Autonoma Trento,P.A. Trento,541380,338375,62.5,0.18
1434,2021-02-12,PAT,1014,341,673,589,423,2,ITH,ITH2,4,Provincia Autonoma Trento,P.A. Trento,541380,339389,62.69,0.19
1435,2021-03-01,PAT,1238,455,783,918,296,24,ITH,ITH2,4,Provincia Autonoma Trento,P.A. Trento,541380,340627,62.92,0.23
1436,2021-03-20,PAT,874,403,471,658,203,13,ITH,ITH2,4,Provincia Autonoma Trento,P.A. Trento,541380,341501,63.08,0.16
1437,2021-03-03,PAT,1659,622,1037,1106,518,35,ITH,ITH2,4,Provincia Autonoma Trento,P.A. Trento,541380,343160,63.39,0.31
1438,2021-06-11,PAT,7216,3434,3782,1478,5638,100,ITH,ITH2,4,Provincia Autonoma Trento,P.A. Trento,541380,350376,64.72,1.33
1439,2021-06-13,PAT,3688,2033,1655,275,3390,23,ITH,ITH2,4,Provincia Autonoma Trento,P.A. Trento,541380,354064,65.4,0.68
1440,2020-12-27,PAT,103,40,63,103,0,0,ITH,ITH2,4,Provincia Autonoma Trento,P.A. Trento,541380,354167,65.42,0.02
1441,2021-03-30,PAT,2391,974,1417,1653,638,100,ITH,ITH2,4,Provincia Autonoma Trento,P.A. Trento,541380,356558,65.86,0.44
1442,2021-06-06,PAT,2233,1064,1169,425,1787,21,ITH,ITH2,4,Provincia Autonoma Trento,P.A. Trento,541380,358791,66.27,0.41
1443,2021-07-12,PAT,4066,2033,2033,1941,1948,177,ITH,ITH2,4,Provincia Autonoma Trento,P.A. Trento,541380,362857,67.02,0.75
1444,2021-02-17,PAT,1126,429,697,1029,92,5,ITH,ITH2,4,Provincia Autonoma Trento,P.A. Trento,541380,363983,67.23,0.21
1445,2021-05-30,PAT,1770,872,898,862,840,68,ITH,ITH2,4,Provincia Autonoma Trento,P.A. Trento,541380,365753,67.56,0.33
1446,2021-04-03,PAT,1145,471,674,906,173,66,ITH,ITH2,4,Provincia Autonoma Trento,P.A. Trento,541380,366898,67.77,0.21
1447,2021-04-24,PAT,3551,1701,1850,3335,15,201,ITH,ITH2,4,Provincia Autonoma Trento,P.A. Trento,541380,370449,68.43,0.66
1448,2021-02-26,PAT,1219,435,784,901,295,23,ITH,ITH2,4,Provincia Autonoma Trento,P.A. Trento,541380,371668,68.65,0.23
1449,2021-01-14,PAT,701,203,498,699,0,2,ITH,ITH2,4,Provincia Autonoma Trento,P.A. Trento,541380,372369,68.78,0.13
1450,2021-02-28,PAT,242,121,121,232,0,10,ITH,ITH2,4,Provincia Autonoma Trento,P.A. Trento,541380,372611,68.83,0.04
1451,2021-08-04,PAT,5537,2962,2575,2227,3184,126,ITH,ITH2,4,Provincia Autonoma Trento,P.A. Trento,541380,378148,69.85,1.02
1452,2021-06-08,PAT,5935,2869,3066,1762,4058,115,ITH,ITH2,4,Provincia Autonoma Trento,P.A. Trento,541380,384083,70.95,1.1
1453,2021-04-26,PAT,2661,1255,1406,2401,95,165,ITH,ITH2,4,Provincia Autonoma Trento,P.A. Trento,541380,386744,71.44,0.49
1454,2021-02-01,PAT,1229,339,890,92,1137,0,ITH,ITH2,4,Provincia Autonoma Trento,P.A. Trento,541380,387973,71.66,0.23
1455,2021-02-03,PAT,850,316,534,414,436,0,ITH,ITH2,4,Provincia Autonoma Trento,P.A. Trento,541380,388823,71.82,0.16
1456,2021-07-19,PAT,4613,2418,2195,1349,3145,119,ITH,ITH2,4,Provincia Autonoma Trento,P.A. Trento,541380,393436,72.67,0.85
1457,2021-05-23,PAT,1958,995,963,420,1510,28,ITH,ITH2,4,Provincia Autonoma Trento,P.A. Trento,541380,395394,73.03,0.36
1458,2021-04-10,PAT,2826,1324,1502,1950,798,78,ITH,ITH2,4,Provincia Autonoma Trento,P.A. Trento,541380,398220,73.56,0.52
1459,2021-02-10,PAT,854,291,563,511,342,1,ITH,ITH2,4,Provincia Autonoma Trento,P.A. Trento,541380,399074,73.71,0.16
1460,2021-07-26,PAT,3740,1970,1770,773,2907,60,ITH,ITH2,4,Provincia Autonoma Trento,P.A. Trento,541380,402814,74.41,0.69
1461,2021-07-21,PAT,4459,2388,2071,1403,2970,86,ITH,ITH2,4,Provincia Autonoma Trento,P.A. Trento,541380,407273,75.23,0.82
1462,2021-02-22,PAT,747,259,488,657,84,6,ITH,ITH2,4,Provincia Autonoma Trento,P.A. Trento,541380,408020,75.37,0.14
1463,2021-05-18,PAT,4256,2011,2245,3132,846,278,ITH,ITH2,4,Provincia Autonoma Trento,P.A. Trento,541380,412276,76.15,0.79
1464,2021-07-30,PAT,5528,2932,2596,2086,3351,91,ITH,ITH2,4,Provincia Autonoma Trento,P.A. Trento,541380,417804,77.17,1.02
1465,2021-05-25,PAT,4774,2270,2504,1722,2906,146,ITH,ITH2,4,Provincia Autonoma Trento,P.A. Trento,541380,422578,78.06,0.88
1466,2021-05-08,PAT,3164,1726,1438,2546,422,196,ITH,ITH2,4,Provincia Autonoma Trento,P.A. Trento,541380,425742,78.64,0.58
1467,2021-02-14,PAT,247,187,60,11,236,0,ITH,ITH2,4,Provincia Autonoma Trento,P.A. Trento,541380,425989,78.69,0.05
1468,2021-05-27,PAT,4301,1994,2307,1126,3046,129,ITH,ITH2,4,Provincia Autonoma Trento,P.A. Trento,541380,430290,79.48,0.79
1469,2021-03-27,PAT,1621,711,910,1286,258,77,ITH,ITH2,4,Provincia Autonoma Trento,P.A. Trento,541380,431911,79.78,0.3
1470,2021-06-04,PAT,5839,2610,3229,1717,4001,121,ITH,ITH2,4,Provincia Autonoma Trento,P.A. Trento,541380,437750,80.86,1.08
1471,2021-02-24,PAT,1327,525,802,907,399,21,ITH,ITH2,4,Provincia Autonoma Trento,P.A. Trento,541380,439077,81.1,0.25
1472,2021-06-03,PAT,4775,2238,2537,1210,3473,92,ITH,ITH2,4,Provincia Autonoma Trento,P.A. Trento,541380,443852,81.99,0.88
1473,2021-01-19,PAT,408,78,330,408,0,0,ITH,ITH2,4,Provincia Autonoma Trento,P.A. Trento,541380,444260,82.06,0.08
1474,2021-04-22,PAT,3152,1471,1681,2932,45,175,ITH,ITH2,4,Provincia Autonoma Trento,P.A. Trento,541380,447412,82.64,0.58
1475,2021-07-31,PAT,1369,779,590,983,353,33,ITH,ITH2,4,Provincia Autonoma Trento,P.A. Trento,541380,448781,82.9,0.25
1476,2021-04-07,PAT,2632,1020,1612,1569,944,119,ITH,ITH2,4,Provincia Autonoma Trento,P.A. Trento,541380,451413,83.38,0.49
1477,2021-07-16,PAT,4374,2242,2132,1626,2607,141,ITH,ITH2,4,Provincia Autonoma Trento,P.A. Trento,541380,455787,84.19,0.81
1478,2021-03-12,PAT,2520,941,1579,1642,807,71,ITH,ITH2,4,Provincia Autonoma Trento,P.A. Trento,541380,458307,84.66,0.47
1479,2021-06-20,PAT,1871,1035,836,28,1838,5,ITH,ITH2,4,Provincia Autonoma Trento,P.A. Trento,541380,460178,85.0,0.35
1480,2021-01-02,PAT,504,143,361,504,0,0,ITH,ITH2,4,Provincia Autonoma Trento,P.A. Trento,541380,460682,85.09,0.09
1481,2021-03-29,PAT,2496,968,1528,1641,735,120,ITH,ITH2,4,Provincia Autonoma Trento,P.A. Trento,541380,463178,85.56,0.46
1482,2021-04-12,PAT,3088,1411,1677,2468,497,123,ITH,ITH2,4,Provincia Autonoma Trento,P.A. Trento,541380,466266,86.13,0.57
1483,2021-04-08,PAT,3143,1317,1826,1932,1119,92,ITH,ITH2,4,Provincia Autonoma Trento,P.A. Trento,541380,469409,86.71,0.58
1484,2020-12-31,PAT,1631,450,1181,1631,0,0,ITH,ITH2,4,Provincia Autonoma Trento,P.A. Trento,541380,471040,87.01,0.3
1485,2021-06-22,PAT,6219,3391,2828,3502,2534,183,ITH,ITH2,4,Provincia Autonoma Trento,P.A. Trento,541380,477259,88.16,1.15
1486,2021-02-19,PAT,930,359,571,839,59,32,ITH,ITH2,4,Provincia Autonoma Trento,P.A. Trento,541380,478189,88.33,0.17
1487,2021-06-27,PAT,1305,699,606,361,939,5,ITH,ITH2,4,Provincia Autonoma Trento,P.A. Trento,541380,479494,88.57,0.24
1488,2021-01-12,PAT,507,158,349,506,0,1,ITH,ITH2,4,Provincia Autonoma Trento,P.A. Trento,541380,480001,88.66,0.09
1489,2021-03-19,PAT,2424,915,1509,1492,853,79,ITH,ITH2,4,Provincia Autonoma Trento,P.A. Trento,541380,482425,89.11,0.45
1490,2021-04-05,PAT,35,17,18,30,2,3,ITH,ITH2,4,Provincia Autonoma Trento,P.A. Trento,541380,482460,89.12,0.01
1491,2021-07-23,PAT,4454,2294,2160,1520,2815,119,ITH,ITH2,4,Provincia Autonoma Trento,P.A. Trento,541380,486914,89.94,0.82
1492,2021-03-10,PAT,2412,930,1482,1426,928,58,ITH,ITH2,4,Provincia Autonoma Trento,P.A. Trento,541380,489326,90.38,0.45
1493,2021-01-21,PAT,354,96,258,230,124,0,ITH,ITH2,4,Provincia Autonoma Trento,P.A. Trento,541380,489680,90.45,0.07
1494,2021-05-01,PAT,4854,2471,2383,4527,36,291,ITH,ITH2,4,Provincia Autonoma Trento,P.A. Trento,541380,494534,91.35,0.9
1495,2021-02-21,PAT,156,93,63,43,113,0,ITH,ITH2,4,Provincia Autonoma Trento,P.A. Trento,541380,494690,91.38,0.03
1496,2021-05-15,PAT,1570,815,755,638,891,41,ITH,ITH2,4,Provincia Autonoma Trento,P.A. Trento,541380,496260,91.67,0.29
1497,2021-06-01,PAT,4024,1882,2142,1052,2863,109,ITH,ITH2,4,Provincia Autonoma Trento,P.A. Trento,541380,500284,92.41,0.74
1498,2021-03-05,PAT,2250,704,1546,1592,566,92,ITH,ITH2,4,Provincia Autonoma Trento,P.A. Trento,541380,502534,92.82,0.42
1499,2021-01-07,PAT,1272,310,962,1269,0,3,ITH,ITH2,4,Provincia Autonoma Trento,P.A. Trento,541380,503806,93.06,0.23
1500,2021-04-17,PAT,2234,1140,1094,2071,57,106,ITH,ITH2,4,Provincia Autonoma Trento,P.A. Trento,541380,506040,93.47,0.41
1501,2021-04-19,PAT,2627,1236,1391,2420,22,185,ITH,ITH2,4,Provincia Autonoma Trento,P.A. Trento,541380,508667,93.96,0.49
1502,2021-07-28,PAT,4591,2501,2090,1974,2501,116,ITH,ITH2,4,Provincia Autonoma Trento,P.A. Trento,541380,513258,94.81,0.85
1503,2021-06-15,PAT,6247,3289,2958,1603,4515,129,ITH,ITH2,4,Provincia Autonoma Trento,P.A. Trento,541380,519505,95.96,1.15
1504,2021-01-08,PAT,1461,316,1145,1460,0,1,ITH,ITH2,4,Provincia Autonoma Trento,P.A. Trento,541380,520966,96.23,0.27
1505,2021-06-14,PAT,5746,2971,2775,2020,3615,111,ITH,ITH2,4,Provincia Autonoma Trento,P.A. Trento,541380,526712,97.29,1.06
1506,2021-04-18,PAT,1855,845,1010,1788,9,58,ITH,ITH2,4,Provincia Autonoma Trento,P.A. Trento,541380,528567,97.63,0.34
1507,2021-03-06,PAT,789,278,511,597,152,40,ITH,ITH2,4,Provincia Autonoma Trento,P.A. Trento,541380,529356,97.78,0.15
1508,2021-04-11,PAT,2340,1135,1205,2161,91,88,ITH,ITH2,4,Provincia Autonoma Trento,P.A. Trento,541380,531696,98.21,0.43
1509,2021-02-27,PAT,1032,458,574,590,422,20,ITH,ITH2,4,Provincia Autonoma Trento,P.A. Trento,541380,532728,98.4,0.19
1510,2021-08-03,PAT,5815,3141,2674,2273,3439,103,ITH,ITH2,4,Provincia Autonoma Trento,P.A. Trento,541380,538543,99.48,1.07
1511,2021-01-01,PAT,214,50,164,214,0,0,ITH,ITH2,4,Provincia Autonoma Trento,P.A. Trento,541380,538757,99.52,0.04
1512,2021-06-07,PAT,5800,2887,2913,2641,2990,169,ITH,ITH2,4,Provincia Autonoma Trento,P.A. Trento,541380,544557,100.59,1.07
1513,2021-04-25,PAT,1971,940,1031,1848,7,116,ITH,ITH2,4,Provincia Autonoma Trento,P.A. Trento,541380,546528,100.95,0.36
1514,2021-06-25,PAT,7516,4026,3490,4043,3381,92,ITH,ITH2,4,Provincia Autonoma Trento,P.A. Trento,541380,554044,102.34,1.39
1515,2021-07-02,PAT,7186,3904,3282,3427,3537,222,ITH,ITH2,4,Provincia Autonoma Trento,P.A. Trento,541380,561230,103.67,1.33
1516,2021-01-15,PAT,599,134,465,598,0,1,ITH,ITH2,4,Provincia Autonoma Trento,P.A. Trento,541380,561829,103.78,0.11
1517,2021-05-20,PAT,5020,2360,2660,3107,1637,276,ITH,ITH2,4,Provincia Autonoma Trento,P.A. Trento,541380,566849,104.7,0.93
1518,2021-03-24,PAT,2382,941,1441,1446,821,115,ITH,ITH2,4,Provincia Autonoma Trento,P.A. Trento,541380,569231,105.14,0.44
1519,2021-02-09,PAT,920,289,631,442,477,1,ITH,ITH2,4,Provincia Autonoma Trento,P.A. Trento,541380,570151,105.31,0.17
1520,2021-03-17,PAT,2073,793,1280,1118,872,83,ITH,ITH2,4,Provincia Autonoma Trento,P.A. Trento,541380,572224,105.7,0.38
1521,2021-02-02,PAT,911,240,671,191,720,0,ITH,ITH2,4,Provincia Autonoma Trento,P.A. Trento,541380,573135,105.87,0.17
1522,2021-07-09,PAT,4927,2620,2307,2874,1842,211,ITH,ITH2,4,Provincia Autonoma Trento,P.A. Trento,541380,578062,106.78,0.91
1523,2021-05-13,PAT,3411,1581,1830,2087,1104,220,ITH,ITH2,4,Provincia Autonoma Trento,P.A. Trento,541380,581473,107.41,0.63
1524,2021-03-31,PAT,2590,983,1607,1633,860,97,ITH,ITH2,4,Provincia Autonoma Trento,P.A. Trento,541380,584063,107.88,0.48
1525,2021-01-26,PAT,543,154,389,27,516,0,ITH,ITH2,4,Provincia Autonoma Trento,P.A. Trento,541380,584606,107.98,0.1
1526,2021-05-06,PAT,5540,2746,2794,4386,780,374,ITH,ITH2,4,Provincia Autonoma Trento,P.A. Trento,541380,590146,109.01,1.02
1527,2021-06-27,MOL,2366,1121,1245,1128,1228,10,ITF,ITF2,14,Molise,Molise,305617,2366,0.77,0.77
1528,2021-01-07,MOL,598,209,389,598,0,0,ITF,ITF2,14,Molise,Molise,305617,2964,0.97,0.2
1529,2021-02-12,MOL,334,151,183,209,124,1,ITF,ITF2,14,Molise,Molise,305617,3298,1.08,0.11
1530,2021-02-19,MOL,170,94,76,168,2,0,ITF,ITF2,14,Molise,Molise,305617,3468,1.13,0.06
1531,2021-03-10,MOL,1739,720,1019,1668,50,21,ITF,ITF2,14,Molise,Molise,305617,5207,1.7,0.57
1532,2021-06-01,MOL,2600,1322,1278,2458,108,34,ITF,ITF2,14,Molise,Molise,305617,7807,2.55,0.85
1533,2021-01-26,MOL,450,184,266,8,442,0,ITF,ITF2,14,Molise,Molise,305617,8257,2.7,0.15
1534,2021-05-06,MOL,2686,1215,1471,2045,602,39,ITF,ITF2,14,Molise,Molise,305617,10943,3.58,0.88
1535,2021-07-28,MOL,2422,1281,1141,1127,1264,31,ITF,ITF2,14,Molise,Molise,305617,13365,4.37,0.79
1536,2021-01-12,MOL,336,114,222,336,0,0,ITF,ITF2,14,Molise,Molise,305617,13701,4.48,0.11
1537,2021-02-24,MOL,668,280,388,325,335,8,ITF,ITF2,14,Molise,Molise,305617,14369,4.7,0.22
1538,2021-03-24,MOL,1631,658,973,1213,402,16,ITF,ITF2,14,Molise,Molise,305617,16000,5.24,0.53
1539,2021-07-02,MOL,2641,1281,1360,125,2508,8,ITF,ITF2,14,Molise,Molise,305617,18641,6.1,0.86
1540,2021-07-04,MOL,2150,1085,1065,577,1550,23,ITF,ITF2,14,Molise,Molise,305617,20791,6.8,0.7
1541,2021-05-01,MOL,2651,1271,1380,407,2225,19,ITF,ITF2,14,Molise,Molise,305617,23442,7.67,0.87
1542,2021-03-05,MOL,1221,650,571,1002,206,13,ITF,ITF2,14,Molise,Molise,305617,24663,8.07,0.4
1543,2021-06-13,MOL,2881,1535,1346,2519,327,35,ITF,ITF2,14,Molise,Molise,305617,27544,9.01,0.94
1544,2021-04-17,MOL,3057,1503,1554,1542,1489,26,ITF,ITF2,14,Molise,Molise,305617,30601,10.01,1.0
1545,2021-06-20,MOL,422,174,248,47,371,4,ITF,ITF2,14,Molise,Molise,305617,31023,10.15,0.14
1546,2021-04-24,MOL,2553,1203,1350,696,1842,15,ITF,ITF2,14,Molise,Molise,305617,33576,10.99,0.84
1547,2021-02-26,MOL,563,260,303,489,73,1,ITF,ITF2,14,Molise,Molise,305617,34139,11.17,0.18
1548,2021-08-02,MOL,2486,1304,1182,1129,1316,41,ITF,ITF2,14,Molise,Molise,305617,36625,11.98,0.81
1549,2021-06-06,MOL,2070,1063,1007,1730,323,17,ITF,ITF2,14,Molise,Molise,305617,38695,12.66,0.68
1550,2021-02-07,MOL,66,32,34,19,47,0,ITF,ITF2,14,Molise,Molise,305617,38761,12.68,0.02
1551,2021-05-18,MOL,1658,884,774,996,656,6,ITF,ITF2,14,Molise,Molise,305617,40419,13.23,0.54
1552,2021-03-22,MOL,1149,441,708,889,244,16,ITF,ITF2,14,Molise,Molise,305617,41568,13.6,0.38
1553,2021-07-23,MOL,2907,1513,1394,870,1983,54,ITF,ITF2,14,Molise,Molise,305617,44475,14.55,0.95
1554,2021-07-14,MOL,3400,1663,1737,194,3190,16,ITF,ITF2,14,Molise,Molise,305617,47875,15.67,1.11
1555,2021-04-05,MOL,391,189,202,292,99,0,ITF,ITF2,14,Molise,Molise,305617,48266,15.79,0.13
1556,2021-03-29,MOL,2036,835,1201,1518,487,31,ITF,ITF2,14,Molise,Molise,305617,50302,16.46,0.67
1557,2021-01-31,MOL,268,70,198,6,262,0,ITF,ITF2,14,Molise,Molise,305617,50570,16.55,0.09
1558,2021-03-15,MOL,833,339,494,569,245,19,ITF,ITF2,14,Molise,Molise,305617,51403,16.82,0.27
1559,2021-06-24,MOL,3330,1550,1780,434,2859,37,ITF,ITF2,14,Molise,Molise,305617,54733,17.91,1.09
1560,2021-03-02,MOL,668,384,284,504,158,6,ITF,ITF2,14,Molise,Molise,305617,55401,18.13,0.22
1561,2021-05-13,MOL,3040,1411,1629,2530,457,53,ITF,ITF2,14,Molise,Molise,305617,58441,19.12,0.99
1562,2021-08-04,MOL,1982,1019,963,764,1200,18,ITF,ITF2,14,Molise,Molise,305617,60423,19.77,0.65
1563,2021-04-28,MOL,1697,925,772,471,1219,7,ITF,ITF2,14,Molise,Molise,305617,62120,20.33,0.56
1564,2021-03-03,MOL,672,316,356,586,82,4,ITF,ITF2,14,Molise,Molise,305617,62792,20.55,0.22
1565,2021-01-05,MOL,449,180,269,449,0,0,ITF,ITF2,14,Molise,Molise,305617,63241,20.69,0.15
1566,2021-01-17,MOL,78,38,40,48,30,0,ITF,ITF2,14,Molise,Molise,305617,63319,20.72,0.03
1567,2021-04-10,MOL,2641,1262,1379,2453,152,36,ITF,ITF2,14,Molise,Molise,305617,65960,21.58,0.86
1568,2021-02-05,MOL,593,269,324,55,538,0,ITF,ITF2,14,Molise,Molise,305617,66553,21.78,0.19
1569,2021-01-19,MOL,174,63,111,163,11,0,ITF,ITF2,14,Molise,Molise,305617,66727,21.83,0.06
1570,2021-04-29,MOL,2241,1148,1093,877,1349,15,ITF,ITF2,14,Molise,Molise,305617,68968,22.57,0.73
1571,2021-04-12,MOL,1299,557,742,1037,251,11,ITF,ITF2,14,Molise,Molise,305617,70267,22.99,0.43
1572,2021-07-21,MOL,1958,984,974,763,1157,38,ITF,ITF2,14,Molise,Molise,305617,72225,23.63,0.64
1573,2021-03-17,MOL,908,385,523,517,332,59,ITF,ITF2,14,Molise,Molise,305617,73133,23.93,0.3
1574,2021-06-25,MOL,3433,1689,1744,1465,1915,53,ITF,ITF2,14,Molise,Molise,305617,76566,25.05,1.12
1575,2021-06-08,MOL,2897,1600,1297,2198,696,3,ITF,ITF2,14,Molise,Molise,305617,79463,26.0,0.95
1576,2021-03-19,MOL,1184,482,702,740,427,17,ITF,ITF2,14,Molise,Molise,305617,80647,26.39,0.39
1577,2021-01-21,MOL,6,2,4,6,0,0,ITF,ITF2,14,Molise,Molise,305617,80653,26.39,0.0
1578,2021-05-20,MOL,2662,1371,1291,2397,186,79,ITF,ITF2,14,Molise,Molise,305617,83315,27.26,0.87
1579,2021-05-25,MOL,1964,888,1076,1299,631,34,ITF,ITF2,14,Molise,Molise,305617,85279,27.9,0.64
1580,2021-01-04,MOL,314,131,183,314,0,0,ITF,ITF2,14,Molise,Molise,305617,85593,28.01,0.1
1581,2021-04-14,MOL,1806,767,1039,1135,661,10,ITF,ITF2,14,Molise,Molise,305617,87399,28.6,0.59
1582,2021-02-16,MOL,156,70,86,149,6,1,ITF,ITF2,14,Molise,Molise,305617,87555,28.65,0.05
1583,2021-05-27,MOL,2837,1348,1489,1963,838,36,ITF,ITF2,14,Molise,Molise,305617,90392,29.58,0.93
1584,2021-07-16,MOL,3045,1546,1499,382,2635,28,ITF,ITF2,14,Molise,Molise,305617,93437,30.57,1.0
1585,2021-07-09,MOL,3437,1650,1787,166,3253,18,ITF,ITF2,14,Molise,Molise,305617,96874,31.7,1.12
1586,2021-06-10,MOL,2572,1183,1389,1234,1301,37,ITF,ITF2,14,Molise,Molise,305617,99446,32.54,0.84
1587,2021-04-02,MOL,1457,710,747,662,778,17,ITF,ITF2,14,Molise,Molise,305617,100903,33.02,0.48
1588,2021-07-11,MOL,2455,1196,1259,179,2273,3,ITF,ITF2,14,Molise,Molise,305617,103358,33.82,0.8
1589,2021-05-08,MOL,2981,1457,1524,1700,1247,34,ITF,ITF2,14,Molise,Molise,305617,106339,34.79,0.98
1590,2021-04-21,MOL,1873,793,1080,969,897,7,ITF,ITF2,14,Molise,Molise,305617,108212,35.41,0.61
1591,2021-07-30,MOL,2660,1372,1288,1419,1187,54,ITF,ITF2,14,Molise,Molise,305617,110872,36.28,0.87
1592,2021-02-21,MOL,574,227,347,572,2,0,ITF,ITF2,14,Molise,Molise,305617,111446,36.47,0.19
1593,2021-02-04,MOL,759,295,464,77,682,0,ITF,ITF2,14,Molise,Molise,305617,112205,36.71,0.25
1594,2021-05-15,MOL,2981,1399,1582,2545,385,51,ITF,ITF2,14,Molise,Molise,305617,115186,37.69,0.98
1595,2021-02-02,MOL,540,176,364,216,323,1,ITF,ITF2,14,Molise,Molise,305617,115726,37.87,0.18
1596,2021-03-07,MOL,1132,501,631,1127,2,3,ITF,ITF2,14,Molise,Molise,305617,116858,38.24,0.37
1597,2021-06-15,MOL,2215,1042,1173,748,1451,16,ITF,ITF2,14,Molise,Molise,305617,119073,38.96,0.72
1598,2021-06-17,MOL,2311,1019,1292,914,1370,27,ITF,ITF2,14,Molise,Molise,305617,121384,39.72,0.76
1599,2021-07-06,MOL,3062,1428,1634,37,3021,4,ITF,ITF2,14,Molise,Molise,305617,124446,40.72,1.0
1600,2021-05-10,MOL,2894,1286,1608,2490,373,31,ITF,ITF2,14,Molise,Molise,305617,127340,41.67,0.95
1601,2021-06-29,MOL,2492,1160,1332,378,2088,26,ITF,ITF2,14,Molise,Molise,305617,129832,42.48,0.82
1602,2021-05-03,MOL,2489,1168,1321,2292,163,34,ITF,ITF2,14,Molise,Molise,305617,132321,43.3,0.81
1603,2021-05-17,MOL,2229,1092,1137,1706,496,27,ITF,ITF2,14,Molise,Molise,305617,134550,44.03,0.73
1604,2021-07-25,MOL,2004,1056,948,353,1637,14,ITF,ITF2,14,Molise,Molise,305617,136554,44.68,0.66
1605,2021-05-29,MOL,2358,1228,1130,1928,390,40,ITF,ITF2,14,Molise,Molise,305617,138912,45.45,0.77
1606,2021-02-09,MOL,360,170,190,197,163,0,ITF,ITF2,14,Molise,Molise,305617,139272,45.57,0.12
1607,2021-01-09,MOL,450,152,298,450,0,0,ITF,ITF2,14,Molise,Molise,305617,139722,45.72,0.15
1608,2021-04-19,MOL,1829,843,986,988,779,62,ITF,ITF2,14,Molise,Molise,305617,141551,46.32,0.6
1609,2021-07-13,MOL,2805,1425,1380,318,2470,17,ITF,ITF2,14,Molise,Molise,305617,144356,47.23,0.92
1610,2021-02-28,MOL,833,335,498,789,42,2,ITF,ITF2,14,Molise,Molise,305617,145189,47.51,0.27
1611,2021-02-27,MOL,1368,570,798,1344,19,5,ITF,ITF2,14,Molise,Molise,305617,146557,47.95,0.45
1612,2021-06-07,MOL,1954,859,1095,1113,819,22,ITF,ITF2,14,Molise,Molise,305617,148511,48.59,0.64
1613,2021-02-13,MOL,132,80,52,132,0,0,ITF,ITF2,14,Molise,Molise,305617,148643,48.64,0.04
1614,2021-05-24,MOL,1964,853,1111,1271,666,27,ITF,ITF2,14,Molise,Molise,305617,150607,49.28,0.64
1615,2021-05-07,MOL,2645,1229,1416,2018,599,28,ITF,ITF2,14,Molise,Molise,305617,153252,50.15,0.87
1616,2021-03-31,MOL,2194,919,1275,1307,820,67,ITF,ITF2,14,Molise,Molise,305617,155446,50.86,0.72
1617,2021-02-23,MOL,585,223,362,362,221,2,ITF,ITF2,14,Molise,Molise,305617,156031,51.05,0.19
1618,2021-06-03,MOL,3297,1569,1728,2708,557,32,ITF,ITF2,14,Molise,Molise,305617,159328,52.13,1.08
1619,2021-04-07,MOL,1689,848,841,1369,275,45,ITF,ITF2,14,Molise,Molise,305617,161017,52.69,0.55
1620,2021-02-11,MOL,295,133,162,258,37,0,ITF,ITF2,14,Molise,Molise,305617,161312,52.78,0.1
1621,2021-05-22,MOL,2247,1170,1077,2146,86,15,ITF,ITF2,14,Molise,Molise,305617,163559,53.52,0.74
1622,2021-03-16,MOL,615,230,385,265,348,2,ITF,ITF2,14,Molise,Molise,305617,164174,53.72,0.2
1623,2021-01-11,MOL,557,194,363,557,0,0,ITF,ITF2,14,Molise,Molise,305617,164731,53.9,0.18
1624,2021-07-29,MOL,2435,1247,1188,1577,813,45,ITF,ITF2,14,Molise,Molise,305617,167166,54.7,0.8
1625,2021-01-16,MOL,422,166,256,422,0,0,ITF,ITF2,14,Molise,Molise,305617,167588,54.84,0.14
1626,2021-04-26,MOL,1158,521,637,810,331,17,ITF,ITF2,14,Molise,Molise,305617,168746,55.21,0.38
1627,2021-04-09,MOL,2326,1253,1073,2107,191,28,ITF,ITF2,14,Molise,Molise,305617,171072,55.98,0.76
1628,2021-01-18,MOL,115,48,67,115,0,0,ITF,ITF2,14,Molise,Molise,305617,171187,56.01,0.04
1629,2021-04-11,MOL,1196,591,605,1167,14,15,ITF,ITF2,14,Molise,Molise,305617,172383,56.4,0.39
1630,2021-07-20,MOL,2164,1094,1070,1009,1108,47,ITF,ITF2,14,Molise,Molise,305617,174547,57.11,0.71
1631,2021-07-03,MOL,2743,1382,1361,569,2154,20,ITF,ITF2,14,Molise,Molise,305617,177290,58.01,0.9
1632,2021-07-22,MOL,2135,1056,1079,833,1247,55,ITF,ITF2,14,Molise,Molise,305617,179425,58.71,0.7
1633,2021-03-21,MOL,1247,543,704,477,768,2,ITF,ITF2,14,Molise,Molise,305617,180672,59.12,0.41
1634,2021-03-14,MOL,596,240,356,17,579,0,ITF,ITF2,14,Molise,Molise,305617,181268,59.31,0.2
1635,2021-06-22,MOL,2962,1369,1593,670,2275,17,ITF,ITF2,14,Molise,Molise,305617,184230,60.28,0.97
1636,2021-03-28,MOL,1628,749,879,519,1102,7,ITF,ITF2,14,Molise,Molise,305617,185858,60.81,0.53
1637,2021-01-30,MOL,461,158,303,12,449,0,ITF,ITF2,14,Molise,Molise,305617,186319,60.96,0.15
1638,2021-02-06,MOL,430,179,251,29,401,0,ITF,ITF2,14,Molise,Molise,305617,186749,61.11,0.14
1639,2021-06-04,MOL,3059,1500,1559,2575,457,27,ITF,ITF2,14,Molise,Molise,305617,189808,62.11,1.0
1640,2021-04-08,MOL,1768,905,863,1541,202,25,ITF,ITF2,14,Molise,Molise,305617,191576,62.68,0.58
1641,2021-07-17,MOL,2849,1522,1327,293,2534,22,ITF,ITF2,14,Molise,Molise,305617,194425,63.62,0.93
1642,2021-04-22,MOL,1847,864,983,1059,779,9,ITF,ITF2,14,Molise,Molise,305617,196272,64.22,0.6
1643,2021-07-31,MOL,1982,1107,875,753,1188,41,ITF,ITF2,14,Molise,Molise,305617,198254,64.87,0.65
1644,2021-02-17,MOL,72,32,40,50,15,7,ITF,ITF2,14,Molise,Molise,305617,198326,64.89,0.02
1645,2021-07-24,MOL,3128,1680,1448,728,2371,29,ITF,ITF2,14,Molise,Molise,305617,201454,65.92,1.02
1646,2021-05-28,MOL,2652,1366,1286,2039,547,66,ITF,ITF2,14,Molise,Molise,305617,204106,66.78,0.87
1647,2021-06-11,MOL,3450,1657,1793,1975,1432,43,ITF,ITF2,14,Molise,Molise,305617,207556,67.91,1.13
1648,2021-04-15,MOL,1931,794,1137,1080,846,5,ITF,ITF2,14,Molise,Molise,305617,209487,68.55,0.63
1649,2021-03-26,MOL,2576,1045,1531,1890,642,44,ITF,ITF2,14,Molise,Molise,305617,212063,69.39,0.84
1650,2021-02-18,MOL,319,74,245,302,13,4,ITF,ITF2,14,Molise,Molise,305617,212382,69.49,0.1
1651,2021-03-09,MOL,1329,579,750,1149,152,28,ITF,ITF2,14,Molise,Molise,305617,213711,69.93,0.43
1652,2021-02-20,MOL,1019,442,577,999,20,0,ITF,ITF2,14,Molise,Molise,305617,214730,70.26,0.33
1653,2021-05-31,MOL,2370,1151,1219,1903,426,41,ITF,ITF2,14,Molise,Molise,305617,217100,71.04,0.78
1654,2021-05-14,MOL,2644,1215,1429,1890,718,36,ITF,ITF2,14,Molise,Molise,305617,219744,71.9,0.87
1655,2021-06-02,MOL,2810,1356,1454,2691,99,20,ITF,ITF2,14,Molise,Molise,305617,222554,72.82,0.92
1656,2021-06-05,MOL,2997,1519,1478,2802,167,28,ITF,ITF2,14,Molise,Molise,305617,225551,73.8,0.98
1657,2021-07-18,MOL,1745,876,869,125,1611,9,ITF,ITF2,14,Molise,Molise,305617,227296,74.37,0.57
1658,2021-03-04,MOL,851,417,434,514,325,12,ITF,ITF2,14,Molise,Molise,305617,228147,74.65,0.28
1659,2021-06-12,MOL,3457,1784,1673,3281,124,52,ITF,ITF2,14,Molise,Molise,305617,231604,75.78,1.13
1660,2021-06-14,MOL,1635,812,823,542,1076,17,ITF,ITF2,14,Molise,Molise,305617,233239,76.32,0.53
1661,2021-01-20,MOL,18,8,10,18,0,0,ITF,ITF2,14,Molise,Molise,305617,233257,76.32,0.01
1662,2021-04-30,MOL,2942,1559,1383,819,2110,13,ITF,ITF2,14,Molise,Molise,305617,236199,77.29,0.96
1663,2021-02-25,MOL,542,239,303,471,68,3,ITF,ITF2,14,Molise,Molise,305617,236741,77.46,0.18
1664,2021-01-29,MOL,423,137,286,6,417,0,ITF,ITF2,14,Molise,Molise,305617,237164,77.6,0.14
1665,2021-05-09,MOL,2057,935,1122,1926,97,34,ITF,ITF2,14,Molise,Molise,305617,239221,78.27,0.67
1666,2021-07-07,MOL,2959,1368,1591,57,2898,4,ITF,ITF2,14,Molise,Molise,305617,242180,79.24,0.97
1667,2021-08-01,MOL,954,522,432,750,174,30,ITF,ITF2,14,Molise,Molise,305617,243134,79.56,0.31
1668,2021-08-03,MOL,1838,949,889,912,899,27,ITF,ITF2,14,Molise,Molise,305617,244972,80.16,0.6
1669,2021-03-11,MOL,1465,637,828,1445,6,14,ITF,ITF2,14,Molise,Molise,305617,246437,80.64,0.48
1670,2021-01-06,MOL,690,260,430,690,0,0,ITF,ITF2,14,Molise,Molise,305617,247127,80.86,0.23
1671,2021-04-16,MOL,2432,1033,1399,1176,1234,22,ITF,ITF2,14,Molise,Molise,305617,249559,81.66,0.8
1672,2021-06-21,MOL,2906,1353,1553,1626,1234,46,ITF,ITF2,14,Molise,Molise,305617,252465,82.61,0.95
1673,2021-04-25,MOL,794,397,397,557,233,4,ITF,ITF2,14,Molise,Molise,305617,253259,82.87,0.26
1674,2021-01-13,MOL,475,161,314,475,0,0,ITF,ITF2,14,Molise,Molise,305617,253734,83.02,0.16
1675,2021-06-19,MOL,2345,1166,1179,1280,1023,42,ITF,ITF2,14,Molise,Molise,305617,256079,83.79,0.77
1676,2021-04-23,MOL,2052,882,1170,1375,661,16,ITF,ITF2,14,Molise,Molise,305617,258131,84.46,0.67
1677,2021-04-18,MOL,1084,484,600,143,935,6,ITF,ITF2,14,Molise,Molise,305617,259215,84.82,0.35
1678,2021-07-27,MOL,1919,1060,859,1310,549,60,ITF,ITF2,14,Molise,Molise,305617,261134,85.44,0.63
1679,2021-07-10,MOL,3721,1781,1940,321,3386,14,ITF,ITF2,14,Molise,Molise,305617,264855,86.66,1.22
1680,2021-04-04,MOL,253,141,112,232,15,6,ITF,ITF2,14,Molise,Molise,305617,265108,86.75,0.08
1681,2021-03-18,MOL,1157,476,681,633,465,59,ITF,ITF2,14,Molise,Molise,305617,266265,87.12,0.38
1682,2021-06-26,MOL,3121,1530,1591,524,2582,15,ITF,ITF2,14,Molise,Molise,305617,269386,88.14,1.02
1683,2021-07-19,MOL,2761,1349,1412,504,2230,27,ITF,ITF2,14,Molise,Molise,305617,272147,89.05,0.9
1684,2021-02-03,MOL,737,252,485,343,394,0,ITF,ITF2,14,Molise,Molise,305617,272884,89.29,0.24
1685,2021-04-27,MOL,1598,770,828,444,1131,23,ITF,ITF2,14,Molise,Molise,305617,274482,89.81,0.52
1686,2021-08-05,MOL,1514,760,754,977,507,30,ITF,ITF2,14,Molise,Molise,305617,275996,90.31,0.5
1687,2021-05-16,MOL,1249,572,677,1047,182,20,ITF,ITF2,14,Molise,Molise,305617,277245,90.72,0.41
1688,2021-01-25,MOL,319,130,189,3,316,0,ITF,ITF2,14,Molise,Molise,305617,277564,90.82,0.1
1689,2021-05-05,MOL,2420,1043,1377,2252,143,25,ITF,ITF2,14,Molise,Molise,305617,279984,91.61,0.79
1690,2021-05-04,MOL,2706,1181,1525,2544,128,34,ITF,ITF2,14,Molise,Molise,305617,282690,92.5,0.89
1691,2021-01-10,MOL,270,72,198,270,0,0,ITF,ITF2,14,Molise,Molise,305617,282960,92.59,0.09
1692,2021-04-20,MOL,2323,1029,1294,1213,1101,9,ITF,ITF2,14,Molise,Molise,305617,285283,93.35,0.76
1693,2021-06-09,MOL,1779,893,886,823,928,28,ITF,ITF2,14,Molise,Molise,305617,287062,93.93,0.58
1694,2021-05-23,MOL,1783,896,887,1742,9,32,ITF,ITF2,14,Molise,Molise,305617,288845,94.51,0.58
1695,2021-03-25,MOL,1806,730,1076,1284,497,25,ITF,ITF2,14,Molise,Molise,305617,290651,95.1,0.59
1696,2021-03-08,MOL,1381,523,858,1204,140,37,ITF,ITF2,14,Molise,Molise,305617,292032,95.55,0.45
1697,2021-06-16,MOL,2037,1023,1014,1140,883,14,ITF,ITF2,14,Molise,Molise,305617,294069,96.22,0.67
1698,2021-04-13,MOL,1632,718,914,1037,587,8,ITF,ITF2,14,Molise,Molise,305617,295701,96.76,0.53
1699,2021-03-27,MOL,2744,1273,1471,1295,1433,16,ITF,ITF2,14,Molise,Molise,305617,298445,97.65,0.9
1700,2021-07-05,MOL,2739,1282,1457,39,2698,2,ITF,ITF2,14,Molise,Molise,305617,301184,98.55,0.9
1701,2021-06-18,MOL,2768,1249,1519,1283,1458,27,ITF,ITF2,14,Molise,Molise,305617,303952,99.46,0.91
1702,2021-02-10,MOL,151,79,72,131,20,0,ITF,ITF2,14,Molise,Molise,305617,304103,99.5,0.05
1703,2021-05-21,MOL,2176,1090,1086,1774,323,79,ITF,ITF2,14,Molise,Molise,305617,306279,100.22,0.71
1704,2021-01-27,MOL,675,251,424,8,667,0,ITF,ITF2,14,Molise,Molise,305617,306954,100.44,0.22
1705,2021-01-08,MOL,431,142,289,431,0,0,ITF,ITF2,14,Molise,Molise,305617,307385,100.58,0.14
1706,2021-06-30,MOL,2966,1408,1558,872,2011,83,ITF,ITF2,14,Molise,Molise,305617,310351,101.55,0.97
1707,2021-03-13,MOL,1189,594,595,183,989,17,ITF,ITF2,14,Molise,Molise,305617,311540,101.94,0.39
1708,2021-01-15,MOL,538,242,296,538,0,0,ITF,ITF2,14,Molise,Molise,305617,312078,102.11,0.18
1709,2021-05-11,MOL,3213,1417,1796,2911,252,50,ITF,ITF2,14,Molise,Molise,305617,315291,103.17,1.05
1710,2021-01-22,MOL,128,36,92,128,0,0,ITF,ITF2,14,Molise,Molise,305617,315419,103.21,0.04
1711,2021-05-02,MOL,1895,933,962,578,1306,11,ITF,ITF2,14,Molise,Molise,305617,317314,103.83,0.62
1712,2021-03-06,MOL,1728,807,921,1559,159,10,ITF,ITF2,14,Molise,Molise,305617,319042,104.39,0.57
1713,2021-05-30,MOL,1865,930,935,1552,285,28,ITF,ITF2,14,Molise,Molise,305617,320907,105.0,0.61
1714,2021-03-01,MOL,662,274,388,430,215,17,ITF,ITF2,14,Molise,Molise,305617,321569,105.22,0.22
1715,2021-04-03,MOL,1774,852,922,1718,35,21,ITF,ITF2,14,Molise,Molise,305617,323343,105.8,0.58
1716,2021-07-12,MOL,2671,1318,1353,353,2297,21,ITF,ITF2,14,Molise,Molise,305617,326014,106.67,0.87
1717,2021-04-01,MOL,1470,667,803,730,726,14,ITF,ITF2,14,Molise,Molise,305617,327484,107.16,0.48
1718,2021-06-23,MOL,2794,1288,1506,221,2563,10,ITF,ITF2,14,Molise,Molise,305617,330278,108.07,0.91
1719,2021-03-20,MOL,2324,971,1353,993,1322,9,ITF,ITF2,14,Molise,Molise,305617,332602,108.83,0.76
1720,2021-06-28,MOL,2904,1354,1550,999,1884,21,ITF,ITF2,14,Molise,Molise,305617,335506,109.78,0.95
1721,2021-01-28,MOL,613,217,396,17,596,0,ITF,ITF2,14,Molise,Molise,305617,336119,109.98,0.2
1722,2021-03-12,MOL,1459,637,822,1403,36,20,ITF,ITF2,14,Molise,Molise,305617,337578,110.46,0.48
1723,2021-01-14,MOL,647,239,408,647,0,0,ITF,ITF2,14,Molise,Molise,305617,338225,110.67,0.21
1724,2021-05-26,MOL,1562,705,857,780,755,27,ITF,ITF2,14,Molise,Molise,305617,339787,111.18,0.51
1725,2021-03-30,MOL,2003,857,1146,1471,512,20,ITF,ITF2,14,Molise,Molise,305617,341790,111.84,0.66
1726,2021-02-01,MOL,562,201,361,14,548,0,ITF,ITF2,14,Molise,Molise,305617,342352,112.02,0.18
1727,2021-07-08,MOL,3427,1649,1778,107,3297,23,ITF,ITF2,14,Molise,Molise,305617,345779,113.14,1.12
1728,2021-05-12,MOL,2856,1295,1561,2694,97,65,ITF,ITF2,14,Molise,Molise,305617,348635,114.08,0.93
1729,2021-04-06,MOL,1495,702,793,1132,343,20,ITF,ITF2,14,Molise,Molise,305617,350130,114.56,0.49
1730,2021-02-08,MOL,335,141,194,216,119,0,ITF,ITF2,14,Molise,Molise,305617,350465,114.67,0.11
1731,2021-07-15,MOL,3211,1614,1597,209,2988,14,ITF,ITF2,14,Molise,Molise,305617,353676,115.73,1.05
1732,2021-05-19,MOL,2348,1207,1141,1882,429,37,ITF,ITF2,14,Molise,Molise,305617,356024,116.49,0.77
1733,2021-03-23,MOL,1643,695,948,1411,208,24,ITF,ITF2,14,Molise,Molise,305617,357667,117.03,0.54
1734,2021-07-01,MOL,2662,1295,1367,270,2377,15,ITF,ITF2,14,Molise,Molise,305617,360329,117.9,0.87
1735,2021-07-26,MOL,2422,1249,1173,1249,1113,60,ITF,ITF2,14,Molise,Molise,305617,362751,118.69,0.79
1736,2021-02-15,MOL,144,70,74,141,3,0,ITF,ITF2,14,Molise,Molise,305617,362895,118.74,0.05
1737,2021-02-22,MOL,265,129,136,248,15,2,ITF,ITF2,14,Molise,Molise,305617,363160,118.83,0.09
1738,2020-12-27,MOL,50,20,30,50,0,0,ITF,ITF2,14,Molise,Molise,305617,363210,118.84,0.02
1739,2021-03-24,MAR,7081,3009,4072,3297,3716,68,ITI,ITI3,11,Marche,Marche,1525271,7081,0.46,0.46
1740,2021-06-01,MAR,12057,6158,5899,9683,2090,284,ITI,ITI3,11,Marche,Marche,1525271,19138,1.25,0.79
1741,2021-03-10,MAR,5711,2441,3270,4480,1179,52,ITI,ITI3,11,Marche,Marche,1525271,24849,1.63,0.37
1742,2021-02-21,MAR,376,141,235,363,1,12,ITI,ITI3,11,Marche,Marche,1525271,25225,1.65,0.02
1743,2021-04-05,MAR,5703,2367,3336,4358,1269,76,ITI,ITI3,11,Marche,Marche,1525271,30928,2.03,0.37
1744,2021-06-27,MAR,9951,4820,5131,4487,5292,172,ITI,ITI3,11,Marche,Marche,1525271,40879,2.68,0.65
1745,2021-03-19,MAR,3881,1621,2260,325,3544,12,ITI,ITI3,11,Marche,Marche,1525271,44760,2.93,0.25
1746,2021-03-17,MAR,3476,1525,1951,105,3369,2,ITI,ITI3,11,Marche,Marche,1525271,48236,3.16,0.23
1747,2021-05-15,MAR,14114,6438,7676,7831,6038,245,ITI,ITI3,11,Marche,Marche,1525271,62350,4.09,0.93
1748,2021-02-19,MAR,2002,739,1263,1826,135,41,ITI,ITI3,11,Marche,Marche,1525271,64352,4.22,0.13
1749,2021-01-21,MAR,920,262,658,575,328,17,ITI,ITI3,11,Marche,Marche,1525271,65272,4.28,0.06
1750,2021-05-01,MAR,9320,3924,5396,3500,5743,77,ITI,ITI3,11,Marche,Marche,1525271,74592,4.89,0.61
1751,2021-03-05,MAR,6228,2876,3352,4694,1469,65,ITI,ITI3,11,Marche,Marche,1525271,80820,5.3,0.41
1752,2021-01-26,MAR,2021,747,1274,77,1935,9,ITI,ITI3,11,Marche,Marche,1525271,82841,5.43,0.13
1753,2021-07-11,MAR,10398,5220,5178,1606,8656,136,ITI,ITI3,11,Marche,Marche,1525271,93239,6.11,0.68
1754,2021-04-19,MAR,9604,4500,5104,7902,1582,120,ITI,ITI3,11,Marche,Marche,1525271,102843,6.74,0.63
1755,2021-07-28,MAR,14196,7369,6827,3251,10714,231,ITI,ITI3,11,Marche,Marche,1525271,117039,7.67,0.93
1756,2021-06-15,MAR,13192,6567,6625,9823,3052,317,ITI,ITI3,11,Marche,Marche,1525271,130231,8.54,0.86
1757,2021-01-12,MAR,1232,418,814,1219,0,13,ITI,ITI3,11,Marche,Marche,1525271,131463,8.62,0.08
1758,2021-06-22,MAR,13218,6482,6736,6474,6461,283,ITI,ITI3,11,Marche,Marche,1525271,144681,9.49,0.87
1759,2021-04-26,MAR,9172,4063,5109,6023,3024,125,ITI,ITI3,11,Marche,Marche,1525271,153853,10.09,0.6
1760,2021-08-04,MAR,12018,6387,5631,4068,7709,241,ITI,ITI3,11,Marche,Marche,1525271,165871,10.87,0.79
1761,2021-05-27,MAR,13733,6818,6915,9181,4301,251,ITI,ITI3,11,Marche,Marche,1525271,179604,11.78,0.9
1762,2021-03-31,MAR,7374,3087,4287,4268,3023,83,ITI,ITI3,11,Marche,Marche,1525271,186978,12.26,0.48
1763,2021-07-09,MAR,14900,7501,7399,2556,12130,214,ITI,ITI3,11,Marche,Marche,1525271,201878,13.24,0.98
1764,2021-05-20,MAR,12685,5962,6723,7538,4896,251,ITI,ITI3,11,Marche,Marche,1525271,214563,14.07,0.83
1765,2021-02-07,MAR,1872,735,1137,332,1528,12,ITI,ITI3,11,Marche,Marche,1525271,216435,14.19,0.12
1766,2021-07-23,MAR,15538,8277,7261,2529,12785,224,ITI,ITI3,11,Marche,Marche,1525271,231973,15.21,1.02
1767,2021-01-19,MAR,233,87,146,140,90,3,ITI,ITI3,11,Marche,Marche,1525271,232206,15.22,0.02
1768,2021-02-02,MAR,1193,398,795,70,1123,0,ITI,ITI3,11,Marche,Marche,1525271,233399,15.3,0.08
1769,2021-05-13,MAR,12611,5697,6914,6830,5504,277,ITI,ITI3,11,Marche,Marche,1525271,246010,16.13,0.83
1770,2021-04-12,MAR,8568,3772,4796,7938,482,148,ITI,ITI3,11,Marche,Marche,1525271,254578,16.69,0.56
1771,2021-01-02,MAR,457,142,315,455,0,2,ITI,ITI3,11,Marche,Marche,1525271,255035,16.72,0.03
1772,2021-03-07,MAR,5181,2107,3074,4379,754,48,ITI,ITI3,11,Marche,Marche,1525271,260216,17.06,0.34
1773,2021-02-28,MAR,2836,1251,1585,2822,6,8,ITI,ITI3,11,Marche,Marche,1525271,263052,17.25,0.19
1774,2021-06-08,MAR,14097,7094,7003,11197,2609,291,ITI,ITI3,11,Marche,Marche,1525271,277149,18.17,0.92
1775,2021-03-02,MAR,5002,1967,3035,4371,566,65,ITI,ITI3,11,Marche,Marche,1525271,282151,18.5,0.33
1776,2021-01-07,MAR,1812,637,1175,1796,0,16,ITI,ITI3,11,Marche,Marche,1525271,283963,18.62,0.12
1777,2021-03-12,MAR,4682,2000,2682,3347,1280,55,ITI,ITI3,11,Marche,Marche,1525271,288645,18.92,0.31
1778,2021-01-14,MAR,2015,695,1320,1991,0,24,ITI,ITI3,11,Marche,Marche,1525271,290660,19.06,0.13
1779,2021-06-20,MAR,11157,5545,5612,5990,4985,182,ITI,ITI3,11,Marche,Marche,1525271,301817,19.79,0.73
1780,2021-04-24,MAR,12167,5364,6803,7559,4464,144,ITI,ITI3,11,Marche,Marche,1525271,313984,20.59,0.8
1781,2021-02-14,MAR,739,301,438,727,0,12,ITI,ITI3,11,Marche,Marche,1525271,314723,20.63,0.05
1782,2021-05-08,MAR,12278,5479,6799,4857,7251,170,ITI,ITI3,11,Marche,Marche,1525271,327001,21.44,0.8
1783,2021-07-30,MAR,14712,7865,6847,4866,9558,288,ITI,ITI3,11,Marche,Marche,1525271,341713,22.4,0.96
1784,2021-01-09,MAR,1717,606,1111,1697,0,20,ITI,ITI3,11,Marche,Marche,1525271,343430,22.52,0.11
1785,2021-07-04,MAR,10895,5444,5451,3203,7530,162,ITI,ITI3,11,Marche,Marche,1525271,354325,23.23,0.71
1786,2020-12-31,MAR,392,184,208,390,0,2,ITI,ITI3,11,Marche,Marche,1525271,354717,23.26,0.03
1787,2021-02-04,MAR,2387,844,1543,107,2275,5,ITI,ITI3,11,Marche,Marche,1525271,357104,23.41,0.16
1788,2021-01-23,MAR,557,190,367,119,435,3,ITI,ITI3,11,Marche,Marche,1525271,357661,23.45,0.04
1789,2021-06-29,MAR,13371,6599,6772,4928,8216,227,ITI,ITI3,11,Marche,Marche,1525271,371032,24.33,0.88
1790,2021-05-03,MAR,10409,4690,5719,4863,5412,134,ITI,ITI3,11,Marche,Marche,1525271,381441,25.01,0.68
1791,2021-03-29,MAR,5894,2581,3313,3392,2455,47,ITI,ITI3,11,Marche,Marche,1525271,387335,25.39,0.39
1792,2021-06-03,MAR,14638,7483,7155,12081,2252,305,ITI,ITI3,11,Marche,Marche,1525271,401973,26.35,0.96
1793,2021-02-18,MAR,2145,786,1359,1808,288,49,ITI,ITI3,11,Marche,Marche,1525271,404118,26.49,0.14
1794,2021-05-29,MAR,12861,6233,6628,8114,4529,218,ITI,ITI3,11,Marche,Marche,1525271,416979,27.34,0.84
1795,2021-07-18,MAR,12124,6310,5814,1334,10672,118,ITI,ITI3,11,Marche,Marche,1525271,429103,28.13,0.79
1796,2021-01-31,MAR,1920,771,1149,95,1821,4,ITI,ITI3,11,Marche,Marche,1525271,431023,28.26,0.13
1797,2021-04-07,MAR,8187,3621,4566,7718,347,122,ITI,ITI3,11,Marche,Marche,1525271,439210,28.8,0.54
1798,2021-02-09,MAR,125,42,83,46,79,0,ITI,ITI3,11,Marche,Marche,1525271,439335,28.8,0.01
1799,2021-07-16,MAR,15838,8238,7600,1845,13735,258,ITI,ITI3,11,Marche,Marche,1525271,455173,29.84,1.04
1800,2021-06-12,MAR,13777,7313,6464,12107,1339,331,ITI,ITI3,11,Marche,Marche,1525271,468950,30.75,0.9
1801,2021-04-16,MAR,10082,4702,5380,9361,525,196,ITI,ITI3,11,Marche,Marche,1525271,479032,31.41,0.66
1802,2021-07-06,MAR,13962,6920,7042,3142,10597,223,ITI,ITI3,11,Marche,Marche,1525271,492994,32.32,0.92
1803,2021-07-20,MAR,14398,7436,6962,1772,12452,174,ITI,ITI3,11,Marche,Marche,1525271,507392,33.27,0.94
1804,2021-01-16,MAR,2038,734,1304,1988,0,50,ITI,ITI3,11,Marche,Marche,1525271,509430,33.4,0.13
1805,2021-06-19,MAR,14692,7402,7290,7749,6678,265,ITI,ITI3,11,Marche,Marche,1525271,524122,34.36,0.96
1806,2021-06-10,MAR,14931,7696,7235,12576,2013,342,ITI,ITI3,11,Marche,Marche,1525271,539053,35.34,0.98
1807,2021-05-24,MAR,10997,5192,5805,7956,2864,177,ITI,ITI3,11,Marche,Marche,1525271,550050,36.06,0.72
1808,2021-05-22,MAR,11939,5720,6219,7320,4448,171,ITI,ITI3,11,Marche,Marche,1525271,561989,36.85,0.78
1809,2021-02-11,MAR,1987,657,1330,1557,389,41,ITI,ITI3,11,Marche,Marche,1525271,563976,36.98,0.13
1810,2021-04-02,MAR,6887,2983,3904,6039,739,109,ITI,ITI3,11,Marche,Marche,1525271,570863,37.43,0.45
1811,2021-03-16,MAR,3520,1522,1998,285,3229,6,ITI,ITI3,11,Marche,Marche,1525271,574383,37.66,0.23
1812,2021-06-24,MAR,13830,6672,7158,6187,7372,271,ITI,ITI3,11,Marche,Marche,1525271,588213,38.56,0.91
1813,2021-01-11,MAR,1179,413,766,1161,0,18,ITI,ITI3,11,Marche,Marche,1525271,589392,38.64,0.08
1814,2021-02-26,MAR,3677,1523,2154,3097,476,104,ITI,ITI3,11,Marche,Marche,1525271,593069,38.88,0.24
1815,2021-05-12,MAR,10429,4691,5738,4736,5503,190,ITI,ITI3,11,Marche,Marche,1525271,603498,39.57,0.68
1816,2021-07-08,MAR,15041,7540,7501,2790,12026,225,ITI,ITI3,11,Marche,Marche,1525271,618539,40.55,0.99
1817,2021-07-01,MAR,14693,7367,7326,4660,9755,278,ITI,ITI3,11,Marche,Marche,1525271,633232,41.52,0.96
1818,2021-02-16,MAR,1287,475,812,1225,30,32,ITI,ITI3,11,Marche,Marche,1525271,634519,41.6,0.08
1819,2021-02-25,MAR,3561,1464,2097,3320,182,59,ITI,ITI3,11,Marche,Marche,1525271,638080,41.83,0.23
1820,2021-08-01,MAR,7495,4048,3447,1833,5577,85,ITI,ITI3,11,Marche,Marche,1525271,645575,42.33,0.49
1821,2021-06-05,MAR,13944,7011,6933,11519,2059,366,ITI,ITI3,11,Marche,Marche,1525271,659519,43.24,0.91
1822,2021-04-23,MAR,11307,5219,6088,8092,3055,160,ITI,ITI3,11,Marche,Marche,1525271,670826,43.98,0.74
1823,2021-01-18,MAR,696,237,459,536,149,11,ITI,ITI3,11,Marche,Marche,1525271,671522,44.03,0.05
1824,2021-04-28,MAR,10929,4979,5950,6026,4733,170,ITI,ITI3,11,Marche,Marche,1525271,682451,44.74,0.72
1825,2021-03-26,MAR,6389,2626,3763,3476,2856,57,ITI,ITI3,11,Marche,Marche,1525271,688840,45.16,0.42
1826,2021-06-17,MAR,15195,7559,7636,8798,6101,296,ITI,ITI3,11,Marche,Marche,1525271,704035,46.16,1.0
1827,2021-03-09,MAR,5432,2294,3138,4465,881,86,ITI,ITI3,11,Marche,Marche,1525271,709467,46.51,0.36
1828,2021-07-22,MAR,15745,8047,7698,2019,13485,241,ITI,ITI3,11,Marche,Marche,1525271,725212,47.55,1.03
1829,2021-04-13,MAR,9838,4260,5578,9410,233,195,ITI,ITI3,11,Marche,Marche,1525271,735050,48.19,0.65
1830,2021-07-05,MAR,13166,6508,6658,2919,10075,172,ITI,ITI3,11,Marche,Marche,1525271,748216,49.05,0.86
1831,2021-06-16,MAR,13756,6913,6843,9128,4365,263,ITI,ITI3,11,Marche,Marche,1525271,761972,49.96,0.9
1832,2021-07-25,MAR,9349,4931,4418,1005,8247,97,ITI,ITI3,11,Marche,Marche,1525271,771321,50.57,0.61
1833,2021-01-04,MAR,1522,574,948,1510,0,12,ITI,ITI3,11,Marche,Marche,1525271,772843,50.67,0.1
1834,2021-04-14,MAR,10216,4564,5652,9662,370,184,ITI,ITI3,11,Marche,Marche,1525271,783059,51.34,0.67
1835,2020-12-30,MAR,17,5,12,17,0,0,ITI,ITI3,11,Marche,Marche,1525271,783076,51.34,0.0
1836,2021-05-31,MAR,11781,5944,5837,8600,2929,252,ITI,ITI3,11,Marche,Marche,1525271,794857,52.11,0.77
1837,2021-05-17,MAR,12046,5649,6397,7472,4354,220,ITI,ITI3,11,Marche,Marche,1525271,806903,52.9,0.79
1838,2021-04-30,MAR,14151,6199,7952,5403,8561,187,ITI,ITI3,11,Marche,Marche,1525271,821054,53.83,0.93
1839,2021-04-11,MAR,7117,3116,4001,6692,287,138,ITI,ITI3,11,Marche,Marche,1525271,828171,54.3,0.47
1840,2021-03-11,MAR,6637,2824,3813,5148,1411,78,ITI,ITI3,11,Marche,Marche,1525271,834808,54.73,0.44
1841,2021-03-25,MAR,6703,2794,3909,3191,3456,56,ITI,ITI3,11,Marche,Marche,1525271,841511,55.17,0.44
1842,2021-07-03,MAR,13843,6991,6852,4136,9395,312,ITI,ITI3,11,Marche,Marche,1525271,855354,56.08,0.91
1843,2021-02-20,MAR,4163,1733,2430,4042,111,10,ITI,ITI3,11,Marche,Marche,1525271,859517,56.35,0.27
1844,2021-05-05,MAR,11693,5321,6372,5106,6430,157,ITI,ITI3,11,Marche,Marche,1525271,871210,57.12,0.77
1845,2021-05-07,MAR,12831,5799,7032,3573,9180,78,ITI,ITI3,11,Marche,Marche,1525271,884041,57.96,0.84
1846,2021-02-13,MAR,1093,462,631,988,82,23,ITI,ITI3,11,Marche,Marche,1525271,885134,58.03,0.07
1847,2021-01-27,MAR,2119,779,1340,115,2002,2,ITI,ITI3,11,Marche,Marche,1525271,887253,58.17,0.14
1848,2021-04-20,MAR,10754,5029,5725,9154,1470,130,ITI,ITI3,11,Marche,Marche,1525271,898007,58.88,0.71
1849,2021-07-29,MAR,14068,7462,6606,4290,9482,296,ITI,ITI3,11,Marche,Marche,1525271,912075,59.8,0.92
1850,2021-01-25,MAR,1597,558,1039,91,1506,0,ITI,ITI3,11,Marche,Marche,1525271,913672,59.9,0.1
1851,2021-01-08,MAR,1582,592,990,1567,0,15,ITI,ITI3,11,Marche,Marche,1525271,915254,60.01,0.1
1852,2021-04-18,MAR,8824,4132,4692,7733,921,170,ITI,ITI3,11,Marche,Marche,1525271,924078,60.58,0.58
1853,2021-02-15,MAR,967,412,555,939,13,15,ITI,ITI3,11,Marche,Marche,1525271,925045,60.65,0.06
1854,2021-05-26,MAR,11889,5952,5937,8449,3226,214,ITI,ITI3,11,Marche,Marche,1525271,936934,61.43,0.78
1855,2021-03-30,MAR,7475,3075,4400,4579,2824,72,ITI,ITI3,11,Marche,Marche,1525271,944409,61.92,0.49
1856,2021-02-01,MAR,1362,479,883,93,1266,3,ITI,ITI3,11,Marche,Marche,1525271,945771,62.01,0.09
1857,2021-04-06,MAR,8874,3692,5182,7930,810,134,ITI,ITI3,11,Marche,Marche,1525271,954645,62.59,0.58
1858,2021-03-23,MAR,5839,2556,3283,2227,3576,36,ITI,ITI3,11,Marche,Marche,1525271,960484,62.97,0.38
1859,2021-02-08,MAR,833,258,575,366,462,5,ITI,ITI3,11,Marche,Marche,1525271,961317,63.03,0.05
1860,2021-07-15,MAR,16008,8286,7722,1750,14030,228,ITI,ITI3,11,Marche,Marche,1525271,977325,64.08,1.05
1861,2021-05-19,MAR,11661,5363,6298,8368,3097,196,ITI,ITI3,11,Marche,Marche,1525271,988986,64.84,0.76
1862,2021-04-17,MAR,11705,5317,6388,10399,1073,233,ITI,ITI3,11,Marche,Marche,1525271,1000691,65.61,0.77
1863,2021-07-26,MAR,11034,5738,5296,2113,8716,205,ITI,ITI3,11,Marche,Marche,1525271,1011725,66.33,0.72
1864,2021-06-13,MAR,10749,5564,5185,9204,1296,249,ITI,ITI3,11,Marche,Marche,1525271,1022474,67.04,0.7
1865,2020-12-27,MAR,209,100,109,207,0,2,ITI,ITI3,11,Marche,Marche,1525271,1022683,67.05,0.01
1866,2021-08-02,MAR,11723,6207,5516,4601,6864,258,ITI,ITI3,11,Marche,Marche,1525271,1034406,67.82,0.77
1867,2021-06-06,MAR,12453,6137,6316,10639,1578,236,ITI,ITI3,11,Marche,Marche,1525271,1046859,68.63,0.82
1868,2021-04-21,MAR,10786,4970,5816,9436,1195,155,ITI,ITI3,11,Marche,Marche,1525271,1057645,69.34,0.71
1869,2021-01-28,MAR,2087,725,1362,163,1923,1,ITI,ITI3,11,Marche,Marche,1525271,1059732,69.48,0.14
1870,2021-04-04,MAR,3835,1797,2038,2617,1169,49,ITI,ITI3,11,Marche,Marche,1525271,1063567,69.73,0.25
1871,2021-07-13,MAR,14852,7278,7574,1458,13265,129,ITI,ITI3,11,Marche,Marche,1525271,1078419,70.7,0.97
1872,2021-06-09,MAR,14279,7417,6862,12108,1869,302,ITI,ITI3,11,Marche,Marche,1525271,1092698,71.64,0.94
1873,2021-06-07,MAR,13320,6588,6732,10567,2450,303,ITI,ITI3,11,Marche,Marche,1525271,1106018,72.51,0.87
1874,2021-02-27,MAR,3401,1457,1944,3158,209,34,ITI,ITI3,11,Marche,Marche,1525271,1109419,72.74,0.22
1875,2021-03-18,MAR,3438,1505,1933,150,3276,12,ITI,ITI3,11,Marche,Marche,1525271,1112857,72.96,0.23
1876,2021-06-26,MAR,13574,6904,6670,5688,7669,217,ITI,ITI3,11,Marche,Marche,1525271,1126431,73.85,0.89
1877,2021-04-09,MAR,9572,4192,5380,9159,200,213,ITI,ITI3,11,Marche,Marche,1525271,1136003,74.48,0.63
1878,2021-07-27,MAR,14362,7530,6832,3033,11103,226,ITI,ITI3,11,Marche,Marche,1525271,1150365,75.42,0.94
1879,2021-01-06,MAR,2209,803,1406,2190,0,19,ITI,ITI3,11,Marche,Marche,1525271,1152574,75.57,0.14
1880,2021-03-04,MAR,6538,2894,3644,5084,1394,60,ITI,ITI3,11,Marche,Marche,1525271,1159112,75.99,0.43
1881,2021-03-13,MAR,5807,2681,3126,1765,4002,40,ITI,ITI3,11,Marche,Marche,1525271,1164919,76.37,0.38
1882,2021-06-21,MAR,12605,6184,6421,5481,6878,246,ITI,ITI3,11,Marche,Marche,1525271,1177524,77.2,0.83
1883,2021-05-09,MAR,8864,4021,4843,3559,5228,77,ITI,ITI3,11,Marche,Marche,1525271,1186388,77.78,0.58
1884,2021-03-06,MAR,5737,2641,3096,4423,1267,47,ITI,ITI3,11,Marche,Marche,1525271,1192125,78.16,0.38
1885,2021-06-14,MAR,12837,6486,6351,9258,3309,270,ITI,ITI3,11,Marche,Marche,1525271,1204962,79.0,0.84
1886,2021-01-29,MAR,1995,731,1264,159,1831,5,ITI,ITI3,11,Marche,Marche,1525271,1206957,79.13,0.13
1887,2021-05-18,MAR,11270,5347,5923,7490,3602,178,ITI,ITI3,11,Marche,Marche,1525271,1218227,79.87,0.74
1888,2021-02-23,MAR,3314,1432,1882,3243,56,15,ITI,ITI3,11,Marche,Marche,1525271,1221541,80.09,0.22
1889,2021-01-15,MAR,1772,500,1272,1755,0,17,ITI,ITI3,11,Marche,Marche,1525271,1223313,80.2,0.12
1890,2021-04-25,MAR,8600,3994,4606,6896,1575,129,ITI,ITI3,11,Marche,Marche,1525271,1231913,80.77,0.56
1891,2021-08-03,MAR,10881,5737,5144,4029,6586,266,ITI,ITI3,11,Marche,Marche,1525271,1242794,81.48,0.71
1892,2021-01-13,MAR,2111,746,1365,2070,0,41,ITI,ITI3,11,Marche,Marche,1525271,1244905,81.62,0.14
1893,2021-05-02,MAR,8902,3938,4964,3082,5740,80,ITI,ITI3,11,Marche,Marche,1525271,1253807,82.2,0.58
1894,2021-06-28,MAR,12358,6025,6333,4613,7508,237,ITI,ITI3,11,Marche,Marche,1525271,1266165,83.01,0.81
1895,2021-06-02,MAR,11900,5938,5962,11029,676,195,ITI,ITI3,11,Marche,Marche,1525271,1278065,83.79,0.78
1896,2021-02-22,MAR,3461,1532,1929,3352,75,34,ITI,ITI3,11,Marche,Marche,1525271,1281526,84.02,0.23
1897,2021-08-05,MAR,11953,6416,5537,4078,7611,264,ITI,ITI3,11,Marche,Marche,1525271,1293479,84.8,0.78
1898,2021-03-27,MAR,7415,3091,4324,4950,2393,72,ITI,ITI3,11,Marche,Marche,1525271,1300894,85.29,0.49
1899,2021-05-23,MAR,9209,4283,4926,7413,1672,124,ITI,ITI3,11,Marche,Marche,1525271,1310103,85.89,0.6
1900,2021-05-06,MAR,12656,5823,6833,5363,7072,221,ITI,ITI3,11,Marche,Marche,1525271,1322759,86.72,0.83
1901,2021-02-12,MAR,1581,618,963,1404,151,26,ITI,ITI3,11,Marche,Marche,1525271,1324340,86.83,0.1
1902,2021-02-10,MAR,1440,452,988,1039,359,42,ITI,ITI3,11,Marche,Marche,1525271,1325780,86.92,0.09
1903,2021-06-11,MAR,13998,7154,6844,11371,2322,305,ITI,ITI3,11,Marche,Marche,1525271,1339778,87.84,0.92
1904,2021-05-25,MAR,11767,5798,5969,8497,3050,220,ITI,ITI3,11,Marche,Marche,1525271,1351545,88.61,0.77
1905,2021-03-01,MAR,3772,1520,2252,3503,248,21,ITI,ITI3,11,Marche,Marche,1525271,1355317,88.86,0.25
1906,2021-01-20,MAR,406,100,306,384,20,2,ITI,ITI3,11,Marche,Marche,1525271,1355723,88.88,0.03
1907,2021-02-03,MAR,2126,742,1384,97,2008,21,ITI,ITI3,11,Marche,Marche,1525271,1357849,89.02,0.14
1908,2021-05-14,MAR,13634,6293,7341,6510,6912,212,ITI,ITI3,11,Marche,Marche,1525271,1371483,89.92,0.89
1909,2021-07-02,MAR,14546,7174,7372,4674,9642,230,ITI,ITI3,11,Marche,Marche,1525271,1386029,90.87,0.95
1910,2021-06-18,MAR,15346,7647,7699,8294,6751,301,ITI,ITI3,11,Marche,Marche,1525271,1401375,91.88,1.01
1911,2021-07-31,MAR,13200,7249,5951,5145,7726,329,ITI,ITI3,11,Marche,Marche,1525271,1414575,92.74,0.87
1912,2021-07-14,MAR,13848,6819,7029,1784,11872,192,ITI,ITI3,11,Marche,Marche,1525271,1428423,93.65,0.91
1913,2021-01-10,MAR,1746,702,1044,1732,0,14,ITI,ITI3,11,Marche,Marche,1525271,1430169,93.76,0.11
1914,2021-04-10,MAR,10929,4626,6303,10379,313,237,ITI,ITI3,11,Marche,Marche,1525271,1441098,94.48,0.72
1915,2021-01-03,MAR,913,359,554,903,0,10,ITI,ITI3,11,Marche,Marche,1525271,1442011,94.54,0.06
1916,2021-07-19,MAR,14676,7531,7145,1927,12535,214,ITI,ITI3,11,Marche,Marche,1525271,1456687,95.5,0.96
1917,2021-03-08,MAR,6297,2759,3538,5186,1002,109,ITI,ITI3,11,Marche,Marche,1525271,1462984,95.92,0.41
1918,2021-02-05,MAR,2157,655,1502,437,1719,1,ITI,ITI3,11,Marche,Marche,1525271,1465141,96.06,0.14
1919,2021-03-22,MAR,5701,2410,3291,2481,3176,44,ITI,ITI3,11,Marche,Marche,1525271,1470842,96.43,0.37
1920,2021-01-24,MAR,881,339,542,4,877,0,ITI,ITI3,11,Marche,Marche,1525271,1471723,96.49,0.06
1921,2021-06-30,MAR,13651,6665,6986,4453,8987,211,ITI,ITI3,11,Marche,Marche,1525271,1485374,97.38,0.89
1922,2021-05-04,MAR,10973,4840,6133,4928,5904,141,ITI,ITI3,11,Marche,Marche,1525271,1496347,98.1,0.72
1923,2021-05-11,MAR,10623,4832,5791,5490,4943,190,ITI,ITI3,11,Marche,Marche,1525271,1506970,98.8,0.7
1924,2021-03-15,MAR,4450,2060,2390,1291,3138,21,ITI,ITI3,11,Marche,Marche,1525271,1511420,99.09,0.29
1925,2021-06-23,MAR,13892,6817,7075,6627,7009,256,ITI,ITI3,11,Marche,Marche,1525271,1525312,100.0,0.91
1926,2021-07-12,MAR,13723,6804,6919,1229,12376,118,ITI,ITI3,11,Marche,Marche,1525271,1539035,100.9,0.9
1927,2021-04-03,MAR,7574,3205,4369,6738,667,169,ITI,ITI3,11,Marche,Marche,1525271,1546609,101.4,0.5
1928,2021-06-25,MAR,14346,7173,7173,6422,7635,289,ITI,ITI3,11,Marche,Marche,1525271,1560955,102.34,0.94
1929,2021-07-21,MAR,14921,7618,7303,2064,12644,213,ITI,ITI3,11,Marche,Marche,1525271,1575876,103.32,0.98
1930,2021-04-29,MAR,13441,6154,7287,7165,6099,177,ITI,ITI3,11,Marche,Marche,1525271,1589317,104.2,0.88
1931,2021-05-16,MAR,10901,4958,5943,6551,4230,120,ITI,ITI3,11,Marche,Marche,1525271,1600218,104.91,0.71
1932,2021-05-30,MAR,9732,4690,5042,6546,2989,197,ITI,ITI3,11,Marche,Marche,1525271,1609950,105.55,0.64
1933,2021-04-27,MAR,9592,4390,5202,5511,3987,94,ITI,ITI3,11,Marche,Marche,1525271,1619542,106.18,0.63
1934,2021-01-17,MAR,1623,695,928,1553,64,6,ITI,ITI3,11,Marche,Marche,1525271,1621165,106.29,0.11
1935,2021-03-20,MAR,4178,1759,2419,1035,3129,14,ITI,ITI3,11,Marche,Marche,1525271,1625343,106.56,0.27
1936,2021-01-22,MAR,489,168,321,193,294,2,ITI,ITI3,11,Marche,Marche,1525271,1625832,106.59,0.03
1937,2021-07-07,MAR,14257,7068,7189,2936,11080,241,ITI,ITI3,11,Marche,Marche,1525271,1640089,107.53,0.93
1938,2021-03-28,MAR,4125,1739,2386,2396,1691,38,ITI,ITI3,11,Marche,Marche,1525271,1644214,107.8,0.27
1939,2021-01-30,MAR,1905,668,1237,25,1880,0,ITI,ITI3,11,Marche,Marche,1525271,1646119,107.92,0.12
1940,2021-05-10,MAR,9453,4338,5115,4770,4554,129,ITI,ITI3,11,Marche,Marche,1525271,1655572,108.54,0.62
1941,2021-03-14,MAR,2499,1032,1467,1897,592,10,ITI,ITI3,11,Marche,Marche,1525271,1658071,108.71,0.16
1942,2021-03-21,MAR,4505,1873,2632,1614,2876,15,ITI,ITI3,11,Marche,Marche,1525271,1662576,109.0,0.3
1943,2021-02-06,MAR,2462,901,1561,512,1941,9,ITI,ITI3,11,Marche,Marche,1525271,1665038,109.16,0.16
1944,2021-07-17,MAR,15137,7793,7344,1384,13542,211,ITI,ITI3,11,Marche,Marche,1525271,1680175,110.16,0.99
1945,2021-05-21,MAR,13904,6591,7313,7226,6467,211,ITI,ITI3,11,Marche,Marche,1525271,1694079,111.07,0.91
1946,2021-05-28,MAR,13957,6736,7221,8802,4857,298,ITI,ITI3,11,Marche,Marche,1525271,1708036,111.98,0.92
1947,2021-04-01,MAR,7576,3182,4394,4068,3416,92,ITI,ITI3,11,Marche,Marche,1525271,1715612,112.48,0.5
1948,2021-07-24,MAR,13272,7118,6154,2944,10071,257,ITI,ITI3,11,Marche,Marche,1525271,1728884,113.35,0.87
1949,2021-07-10,MAR,14159,7232,6927,1656,12300,203,ITI,ITI3,11,Marche,Marche,1525271,1743043,114.28,0.93
1950,2021-04-22,MAR,10797,4930,5867,9083,1578,136,ITI,ITI3,11,Marche,Marche,1525271,1753840,114.99,0.71
1951,2021-02-24,MAR,3534,1547,1987,3424,78,32,ITI,ITI3,11,Marche,Marche,1525271,1757374,115.22,0.23
1952,2021-06-04,MAR,14338,7290,7048,11590,2439,309,ITI,ITI3,11,Marche,Marche,1525271,1771712,116.16,0.94
1953,2021-04-08,MAR,8730,3816,4914,8231,349,150,ITI,ITI3,11,Marche,Marche,1525271,1780442,116.73,0.57
1954,2021-03-03,MAR,6700,3076,3624,5718,885,97,ITI,ITI3,11,Marche,Marche,1525271,1787142,117.17,0.44
1955,2021-01-05,MAR,1582,592,990,1563,0,19,ITI,ITI3,11,Marche,Marche,1525271,1788724,117.27,0.1
1956,2021-04-15,MAR,10377,4675,5702,9578,564,235,ITI,ITI3,11,Marche,Marche,1525271,1799101,117.95,0.68
1957,2021-02-17,MAR,1828,701,1127,1642,118,68,ITI,ITI3,11,Marche,Marche,1525271,1800929,118.07,0.12
1958,2021-03-28,FVG,4940,2355,2585,4688,158,94,ITH,ITH4,6,Friuli-Venezia Giulia,Friuli Venezia Giulia,1215220,4940,0.41,0.41
1959,2021-01-18,FVG,1962,606,1356,1868,94,0,ITH,ITH4,6,Friuli-Venezia Giulia,Friuli Venezia Giulia,1215220,6902,0.57,0.16
1960,2021-01-04,FVG,1507,558,949,1507,0,0,ITH,ITH4,6,Friuli-Venezia Giulia,Friuli Venezia Giulia,1215220,8409,0.69,0.12
1961,2021-02-06,FVG,1154,338,816,21,1132,1,ITH,ITH4,6,Friuli-Venezia Giulia,Friuli Venezia Giulia,1215220,9563,0.79,0.09
1962,2021-05-24,FVG,11446,5539,5907,7525,3623,298,ITH,ITH4,6,Friuli-Venezia Giulia,Friuli Venezia Giulia,1215220,21009,1.73,0.94
1963,2021-02-13,FVG,566,179,387,558,6,2,ITH,ITH4,6,Friuli-Venezia Giulia,Friuli Venezia Giulia,1215220,21575,1.78,0.05
1964,2021-03-02,FVG,4222,1519,2703,2701,1500,21,ITH,ITH4,6,Friuli-Venezia Giulia,Friuli Venezia Giulia,1215220,25797,2.12,0.35
1965,2021-03-04,FVG,3453,1599,1854,2764,660,29,ITH,ITH4,6,Friuli-Venezia Giulia,Friuli Venezia Giulia,1215220,29250,2.41,0.28
1966,2021-06-12,FVG,8215,4709,3506,6802,1160,253,ITH,ITH4,6,Friuli-Venezia Giulia,Friuli Venezia Giulia,1215220,37465,3.08,0.68
1967,2021-03-21,FVG,2674,1002,1672,2215,409,50,ITH,ITH4,6,Friuli-Venezia Giulia,Friuli Venezia Giulia,1215220,40139,3.3,0.22
1968,2021-07-08,FVG,12952,7005,5947,1293,11466,193,ITH,ITH4,6,Friuli-Venezia Giulia,Friuli Venezia Giulia,1215220,53091,4.37,1.07
1969,2021-02-04,FVG,2726,808,1918,35,2691,0,ITH,ITH4,6,Friuli-Venezia Giulia,Friuli Venezia Giulia,1215220,55817,4.59,0.22
1970,2021-04-30,FVG,7402,3267,4135,3571,3658,173,ITH,ITH4,6,Friuli-Venezia Giulia,Friuli Venezia Giulia,1215220,63219,5.2,0.61
1971,2021-02-18,FVG,3221,1495,1726,2795,408,18,ITH,ITH4,6,Friuli-Venezia Giulia,Friuli Venezia Giulia,1215220,66440,5.47,0.27
1972,2021-04-02,FVG,6596,2928,3668,4634,1838,124,ITH,ITH4,6,Friuli-Venezia Giulia,Friuli Venezia Giulia,1215220,73036,6.01,0.54
1973,2021-04-16,FVG,6967,3027,3940,4906,1926,135,ITH,ITH4,6,Friuli-Venezia Giulia,Friuli Venezia Giulia,1215220,80003,6.58,0.57
1974,2021-01-06,FVG,716,265,451,716,0,0,ITH,ITH4,6,Friuli-Venezia Giulia,Friuli Venezia Giulia,1215220,80719,6.64,0.06
1975,2021-01-30,FVG,2278,745,1533,270,2008,0,ITH,ITH4,6,Friuli-Venezia Giulia,Friuli Venezia Giulia,1215220,82997,6.83,0.19
1976,2021-07-13,FVG,10980,5661,5319,1091,9737,152,ITH,ITH4,6,Friuli-Venezia Giulia,Friuli Venezia Giulia,1215220,93977,7.73,0.9
1977,2021-06-26,FVG,10334,5262,5072,4159,6156,19,ITH,ITH4,6,Friuli-Venezia Giulia,Friuli Venezia Giulia,1215220,104311,8.58,0.85
1978,2021-07-20,FVG,9186,4798,4388,2307,6573,306,ITH,ITH4,6,Friuli-Venezia Giulia,Friuli Venezia Giulia,1215220,113497,9.34,0.76
1979,2021-08-03,FVG,9186,4813,4373,4347,4501,338,ITH,ITH4,6,Friuli-Venezia Giulia,Friuli Venezia Giulia,1215220,122683,10.1,0.76
1980,2021-04-11,FVG,3432,1518,1914,2416,906,110,ITH,ITH4,6,Friuli-Venezia Giulia,Friuli Venezia Giulia,1215220,126115,10.38,0.28
1981,2021-06-07,FVG,9209,4773,4436,7850,994,365,ITH,ITH4,6,Friuli-Venezia Giulia,Friuli Venezia Giulia,1215220,135324,11.14,0.76
1982,2021-06-24,FVG,11089,5654,5435,1895,9089,105,ITH,ITH4,6,Friuli-Venezia Giulia,Friuli Venezia Giulia,1215220,146413,12.05,0.91
1983,2021-03-16,FVG,3188,1300,1888,1024,2082,82,ITH,ITH4,6,Friuli-Venezia Giulia,Friuli Venezia Giulia,1215220,149601,12.31,0.26
1984,2021-05-12,FVG,11129,5153,5976,9315,1419,395,ITH,ITH4,6,Friuli-Venezia Giulia,Friuli Venezia Giulia,1215220,160730,13.23,0.92
1985,2021-04-28,FVG,7322,3236,4086,3682,3505,135,ITH,ITH4,6,Friuli-Venezia Giulia,Friuli Venezia Giulia,1215220,168052,13.83,0.6
1986,2021-01-23,FVG,815,323,492,4,811,0,ITH,ITH4,6,Friuli-Venezia Giulia,Friuli Venezia Giulia,1215220,168867,13.9,0.07
1987,2021-02-23,FVG,2644,1277,1367,2457,181,6,ITH,ITH4,6,Friuli-Venezia Giulia,Friuli Venezia Giulia,1215220,171511,14.11,0.22
1988,2021-05-17,FVG,8835,4103,4732,6078,2492,265,ITH,ITH4,6,Friuli-Venezia Giulia,Friuli Venezia Giulia,1215220,180346,14.84,0.73
1989,2021-03-09,FVG,4013,1723,2290,1238,2750,25,ITH,ITH4,6,Friuli-Venezia Giulia,Friuli Venezia Giulia,1215220,184359,15.17,0.33
1990,2021-01-27,FVG,1272,426,846,449,821,2,ITH,ITH4,6,Friuli-Venezia Giulia,Friuli Venezia Giulia,1215220,185631,15.28,0.1
1991,2021-05-07,FVG,10894,4986,5908,7182,3529,183,ITH,ITH4,6,Friuli-Venezia Giulia,Friuli Venezia Giulia,1215220,196525,16.17,0.9
1992,2021-05-09,FVG,7376,3314,4062,3376,3870,130,ITH,ITH4,6,Friuli-Venezia Giulia,Friuli Venezia Giulia,1215220,203901,16.78,0.61
1993,2021-02-11,FVG,1931,664,1267,1735,193,3,ITH,ITH4,6,Friuli-Venezia Giulia,Friuli Venezia Giulia,1215220,205832,16.94,0.16
1994,2021-04-09,FVG,7923,3663,4260,6499,1251,173,ITH,ITH4,6,Friuli-Venezia Giulia,Friuli Venezia Giulia,1215220,213755,17.59,0.65
1995,2020-12-30,FVG,626,244,382,626,0,0,ITH,ITH4,6,Friuli-Venezia Giulia,Friuli Venezia Giulia,1215220,214381,17.64,0.05
1996,2021-06-05,FVG,10325,5336,4989,8410,1551,364,ITH,ITH4,6,Friuli-Venezia Giulia,Friuli Venezia Giulia,1215220,224706,18.49,0.85
1997,2021-04-21,FVG,7777,3469,4308,4015,3681,81,ITH,ITH4,6,Friuli-Venezia Giulia,Friuli Venezia Giulia,1215220,232483,19.13,0.64
1998,2021-01-11,FVG,1883,608,1275,1882,0,1,ITH,ITH4,6,Friuli-Venezia Giulia,Friuli Venezia Giulia,1215220,234366,19.29,0.15
1999,2021-07-15,FVG,10047,5115,4932,914,8880,253,ITH,ITH4,6,Friuli-Venezia Giulia,Friuli Venezia Giulia,1215220,244413,20.11,0.83
2000,2021-04-23,FVG,7483,3384,4099,3475,3871,137,ITH,ITH4,6,Friuli-Venezia Giulia,Friuli Venezia Giulia,1215220,251896,20.73,0.62
2001,2021-08-01,FVG,3467,1862,1605,1346,1868,253,ITH,ITH4,6,Friuli-Venezia Giulia,Friuli Venezia Giulia,1215220,255363,21.01,0.29
2002,2021-06-19,FVG,8545,4451,4094,1338,7142,65,ITH,ITH4,6,Friuli-Venezia Giulia,Friuli Venezia Giulia,1215220,263908,21.72,0.7
2003,2021-03-11,FVG,3481,1518,1963,1713,1753,15,ITH,ITH4,6,Friuli-Venezia Giulia,Friuli Venezia Giulia,1215220,267389,22.0,0.29
2004,2021-05-31,FVG,8909,4427,4482,6472,2190,247,ITH,ITH4,6,Friuli-Venezia Giulia,Friuli Venezia Giulia,1215220,276298,22.74,0.73
2005,2021-07-27,FVG,9297,4671,4626,2468,6590,239,ITH,ITH4,6,Friuli-Venezia Giulia,Friuli Venezia Giulia,1215220,285595,23.5,0.77
2006,2021-02-27,FVG,3532,1202,2330,3514,1,17,ITH,ITH4,6,Friuli-Venezia Giulia,Friuli Venezia Giulia,1215220,289127,23.79,0.29
2007,2021-04-25,FVG,2374,991,1383,2183,11,180,ITH,ITH4,6,Friuli-Venezia Giulia,Friuli Venezia Giulia,1215220,291501,23.99,0.2
2008,2021-01-15,FVG,2020,605,1415,2019,0,1,ITH,ITH4,6,Friuli-Venezia Giulia,Friuli Venezia Giulia,1215220,293521,24.15,0.17
2009,2021-05-19,FVG,12076,5954,6122,9288,2349,439,ITH,ITH4,6,Friuli-Venezia Giulia,Friuli Venezia Giulia,1215220,305597,25.15,0.99
2010,2021-03-14,FVG,1399,551,848,1123,252,24,ITH,ITH4,6,Friuli-Venezia Giulia,Friuli Venezia Giulia,1215220,306996,25.26,0.12
2011,2021-04-08,FVG,7462,3229,4233,5406,1926,130,ITH,ITH4,6,Friuli-Venezia Giulia,Friuli Venezia Giulia,1215220,314458,25.88,0.61
2012,2021-05-21,FVG,11227,5023,6204,7906,2979,342,ITH,ITH4,6,Friuli-Venezia Giulia,Friuli Venezia Giulia,1215220,325685,26.8,0.92
2013,2021-02-10,FVG,1350,496,854,1264,86,0,ITH,ITH4,6,Friuli-Venezia Giulia,Friuli Venezia Giulia,1215220,327035,26.91,0.11
2014,2021-07-17,FVG,7264,3896,3368,553,6623,88,ITH,ITH4,6,Friuli-Venezia Giulia,Friuli Venezia Giulia,1215220,334299,27.51,0.6
2015,2021-05-05,FVG,9790,4276,5514,6074,3473,243,ITH,ITH4,6,Friuli-Venezia Giulia,Friuli Venezia Giulia,1215220,344089,28.31,0.81
2016,2021-01-25,FVG,1584,568,1016,194,1390,0,ITH,ITH4,6,Friuli-Venezia Giulia,Friuli Venezia Giulia,1215220,345673,28.45,0.13
2017,2021-07-01,FVG,12350,6424,5926,2623,9470,257,ITH,ITH4,6,Friuli-Venezia Giulia,Friuli Venezia Giulia,1215220,358023,29.46,1.02
2018,2021-03-23,FVG,3897,1689,2208,1736,2143,18,ITH,ITH4,6,Friuli-Venezia Giulia,Friuli Venezia Giulia,1215220,361920,29.78,0.32
2019,2021-01-16,FVG,1230,360,870,1230,0,0,ITH,ITH4,6,Friuli-Venezia Giulia,Friuli Venezia Giulia,1215220,363150,29.88,0.1
2020,2021-07-03,FVG,11397,6083,5314,1079,10165,153,ITH,ITH4,6,Friuli-Venezia Giulia,Friuli Venezia Giulia,1215220,374547,30.82,0.94
2021,2021-03-25,FVG,5535,2426,3109,3328,2138,69,ITH,ITH4,6,Friuli-Venezia Giulia,Friuli Venezia Giulia,1215220,380082,31.28,0.46
2022,2021-06-04,FVG,12131,6219,5912,10306,1445,380,ITH,ITH4,6,Friuli-Venezia Giulia,Friuli Venezia Giulia,1215220,392213,32.28,1.0
2023,2021-07-05,FVG,9527,4835,4692,1302,8079,146,ITH,ITH4,6,Friuli-Venezia Giulia,Friuli Venezia Giulia,1215220,401740,33.06,0.78
2024,2021-06-21,FVG,9202,4494,4708,1819,7246,137,ITH,ITH4,6,Friuli-Venezia Giulia,Friuli Venezia Giulia,1215220,410942,33.82,0.76
2025,2021-03-13,FVG,2943,1124,1819,1657,1273,13,ITH,ITH4,6,Friuli-Venezia Giulia,Friuli Venezia Giulia,1215220,413885,34.06,0.24
2026,2021-07-24,FVG,3882,2096,1786,1895,1878,109,ITH,ITH4,6,Friuli-Venezia Giulia,Friuli Venezia Giulia,1215220,417767,34.38,0.32
2027,2021-07-31,FVG,7308,3754,3554,1253,5964,91,ITH,ITH4,6,Friuli-Venezia Giulia,Friuli Venezia Giulia,1215220,425075,34.98,0.6
2028,2021-05-26,FVG,13438,6710,6728,9649,3442,347,ITH,ITH4,6,Friuli-Venezia Giulia,Friuli Venezia Giulia,1215220,438513,36.09,1.11
2029,2021-02-15,FVG,2455,911,1544,2195,254,6,ITH,ITH4,6,Friuli-Venezia Giulia,Friuli Venezia Giulia,1215220,440968,36.29,0.2
2030,2021-06-09,FVG,11328,5963,5365,9487,1395,446,ITH,ITH4,6,Friuli-Venezia Giulia,Friuli Venezia Giulia,1215220,452296,37.22,0.93
2031,2021-03-01,FVG,2961,1043,1918,2885,53,23,ITH,ITH4,6,Friuli-Venezia Giulia,Friuli Venezia Giulia,1215220,455257,37.46,0.24
2032,2021-03-18,FVG,3376,1423,1953,1683,1685,8,ITH,ITH4,6,Friuli-Venezia Giulia,Friuli Venezia Giulia,1215220,458633,37.74,0.28
2033,2021-02-25,FVG,3172,1654,1518,3112,29,31,ITH,ITH4,6,Friuli-Venezia Giulia,Friuli Venezia Giulia,1215220,461805,38.0,0.26
2034,2021-06-16,FVG,12177,5909,6268,3890,8026,261,ITH,ITH4,6,Friuli-Venezia Giulia,Friuli Venezia Giulia,1215220,473982,39.0,1.0
2035,2021-06-23,FVG,12075,5843,6232,2000,9939,136,ITH,ITH4,6,Friuli-Venezia Giulia,Friuli Venezia Giulia,1215220,486057,40.0,0.99
2036,2021-08-05,FVG,6767,3480,3287,2895,3662,210,ITH,ITH4,6,Friuli-Venezia Giulia,Friuli Venezia Giulia,1215220,492824,40.55,0.56
2037,2021-04-27,FVG,8134,3737,4397,3547,4487,100,ITH,ITH4,6,Friuli-Venezia Giulia,Friuli Venezia Giulia,1215220,500958,41.22,0.67
2038,2021-02-01,FVG,2100,688,1412,16,2084,0,ITH,ITH4,6,Friuli-Venezia Giulia,Friuli Venezia Giulia,1215220,503058,41.4,0.17
2039,2021-05-14,FVG,10816,5380,5436,7920,2601,295,ITH,ITH4,6,Friuli-Venezia Giulia,Friuli Venezia Giulia,1215220,513874,42.29,0.89
2040,2021-02-03,FVG,2648,791,1857,22,2625,1,ITH,ITH4,6,Friuli-Venezia Giulia,Friuli Venezia Giulia,1215220,516522,42.5,0.22
2041,2021-04-13,FVG,7381,3294,4087,5652,1605,124,ITH,ITH4,6,Friuli-Venezia Giulia,Friuli Venezia Giulia,1215220,523903,43.11,0.61
2042,2021-01-03,FVG,313,123,190,313,0,0,ITH,ITH4,6,Friuli-Venezia Giulia,Friuli Venezia Giulia,1215220,524216,43.14,0.03
2043,2021-07-22,FVG,7627,4033,3594,3168,4134,325,ITH,ITH4,6,Friuli-Venezia Giulia,Friuli Venezia Giulia,1215220,531843,43.77,0.63
2044,2021-01-20,FVG,748,320,428,13,735,0,ITH,ITH4,6,Friuli-Venezia Giulia,Friuli Venezia Giulia,1215220,532591,43.83,0.06
2045,2021-02-22,FVG,2486,1194,1292,2063,418,5,ITH,ITH4,6,Friuli-Venezia Giulia,Friuli Venezia Giulia,1215220,535077,44.03,0.2
2046,2021-06-02,FVG,9424,4957,4467,8841,282,301,ITH,ITH4,6,Friuli-Venezia Giulia,Friuli Venezia Giulia,1215220,544501,44.81,0.78
2047,2021-02-07,FVG,1565,482,1083,384,1180,1,ITH,ITH4,6,Friuli-Venezia Giulia,Friuli Venezia Giulia,1215220,546066,44.94,0.13
2048,2021-05-18,FVG,10831,5413,5418,8381,2089,361,ITH,ITH4,6,Friuli-Venezia Giulia,Friuli Venezia Giulia,1215220,556897,45.83,0.89
2049,2021-06-01,FVG,10112,5120,4992,7701,2124,287,ITH,ITH4,6,Friuli-Venezia Giulia,Friuli Venezia Giulia,1215220,567009,46.66,0.83
2050,2021-03-30,FVG,7265,3268,3997,6175,960,130,ITH,ITH4,6,Friuli-Venezia Giulia,Friuli Venezia Giulia,1215220,574274,47.26,0.6
2051,2021-07-10,FVG,8774,4522,4252,133,8613,28,ITH,ITH4,6,Friuli-Venezia Giulia,Friuli Venezia Giulia,1215220,583048,47.98,0.72
2052,2021-04-01,FVG,6424,3069,3355,5321,1015,88,ITH,ITH4,6,Friuli-Venezia Giulia,Friuli Venezia Giulia,1215220,589472,48.51,0.53
2053,2021-05-02,FVG,6900,3248,3652,3801,2959,140,ITH,ITH4,6,Friuli-Venezia Giulia,Friuli Venezia Giulia,1215220,596372,49.08,0.57
2054,2021-05-16,FVG,10013,4791,5222,8371,1401,241,ITH,ITH4,6,Friuli-Venezia Giulia,Friuli Venezia Giulia,1215220,606385,49.9,0.82
2055,2021-06-18,FVG,10947,5405,5542,3398,7298,251,ITH,ITH4,6,Friuli-Venezia Giulia,Friuli Venezia Giulia,1215220,617332,50.8,0.9
2056,2021-03-10,FVG,3594,1704,1890,1743,1795,56,ITH,ITH4,6,Friuli-Venezia Giulia,Friuli Venezia Giulia,1215220,620926,51.1,0.3
2057,2021-02-24,FVG,2531,1093,1438,2502,18,11,ITH,ITH4,6,Friuli-Venezia Giulia,Friuli Venezia Giulia,1215220,623457,51.3,0.21
2058,2021-03-27,FVG,5380,2920,2460,3921,1411,48,ITH,ITH4,6,Friuli-Venezia Giulia,Friuli Venezia Giulia,1215220,628837,51.75,0.44
2059,2021-04-15,FVG,6518,2879,3639,5092,1272,154,ITH,ITH4,6,Friuli-Venezia Giulia,Friuli Venezia Giulia,1215220,635355,52.28,0.54
2060,2021-04-29,FVG,6790,2988,3802,4012,2594,184,ITH,ITH4,6,Friuli-Venezia Giulia,Friuli Venezia Giulia,1215220,642145,52.84,0.56
2061,2021-01-05,FVG,1678,551,1127,1676,0,2,ITH,ITH4,6,Friuli-Venezia Giulia,Friuli Venezia Giulia,1215220,643823,52.98,0.14
2062,2021-07-29,FVG,9279,4734,4545,3043,5931,305,ITH,ITH4,6,Friuli-Venezia Giulia,Friuli Venezia Giulia,1215220,653102,53.74,0.76
2063,2021-04-20,FVG,7135,3074,4061,3095,3913,127,ITH,ITH4,6,Friuli-Venezia Giulia,Friuli Venezia Giulia,1215220,660237,54.33,0.59
2064,2021-01-10,FVG,2941,918,2023,2941,0,0,ITH,ITH4,6,Friuli-Venezia Giulia,Friuli Venezia Giulia,1215220,663178,54.57,0.24
2065,2021-07-14,FVG,10798,5515,5283,1171,9426,201,ITH,ITH4,6,Friuli-Venezia Giulia,Friuli Venezia Giulia,1215220,673976,55.46,0.89
2066,2021-04-05,FVG,2897,1440,1457,2822,15,60,ITH,ITH4,6,Friuli-Venezia Giulia,Friuli Venezia Giulia,1215220,676873,55.7,0.24
2067,2021-01-12,FVG,2257,713,1544,2257,0,0,ITH,ITH4,6,Friuli-Venezia Giulia,Friuli Venezia Giulia,1215220,679130,55.89,0.19
2068,2021-01-29,FVG,2412,813,1599,264,2148,0,ITH,ITH4,6,Friuli-Venezia Giulia,Friuli Venezia Giulia,1215220,681542,56.08,0.2
2069,2021-04-22,FVG,6792,3089,3703,3033,3690,69,ITH,ITH4,6,Friuli-Venezia Giulia,Friuli Venezia Giulia,1215220,688334,56.64,0.56
2070,2021-08-02,FVG,8853,4529,4324,2707,5876,270,ITH,ITH4,6,Friuli-Venezia Giulia,Friuli Venezia Giulia,1215220,697187,57.37,0.73
2071,2021-05-04,FVG,9598,4328,5270,5994,3383,221,ITH,ITH4,6,Friuli-Venezia Giulia,Friuli Venezia Giulia,1215220,706785,58.16,0.79
2072,2021-01-24,FVG,306,120,186,1,305,0,ITH,ITH4,6,Friuli-Venezia Giulia,Friuli Venezia Giulia,1215220,707091,58.19,0.03
2073,2021-06-30,FVG,13173,6707,6466,1377,11621,175,ITH,ITH4,6,Friuli-Venezia Giulia,Friuli Venezia Giulia,1215220,720264,59.27,1.08
2074,2021-03-08,FVG,4124,1643,2481,2022,2087,15,ITH,ITH4,6,Friuli-Venezia Giulia,Friuli Venezia Giulia,1215220,724388,59.61,0.34
2075,2021-03-22,FVG,3666,1453,2213,1671,1956,39,ITH,ITH4,6,Friuli-Venezia Giulia,Friuli Venezia Giulia,1215220,728054,59.91,0.3
2076,2021-01-17,FVG,1715,522,1193,1713,0,2,ITH,ITH4,6,Friuli-Venezia Giulia,Friuli Venezia Giulia,1215220,729769,60.05,0.14
2077,2021-03-15,FVG,3952,1809,2143,1608,2322,22,ITH,ITH4,6,Friuli-Venezia Giulia,Friuli Venezia Giulia,1215220,733721,60.38,0.33
2078,2021-05-11,FVG,9140,4394,4746,7120,1806,214,ITH,ITH4,6,Friuli-Venezia Giulia,Friuli Venezia Giulia,1215220,742861,61.13,0.75
2079,2021-01-31,FVG,2721,839,1882,385,2336,0,ITH,ITH4,6,Friuli-Venezia Giulia,Friuli Venezia Giulia,1215220,745582,61.35,0.22
2080,2021-05-29,FVG,12030,5851,6179,6787,4987,256,ITH,ITH4,6,Friuli-Venezia Giulia,Friuli Venezia Giulia,1215220,757612,62.34,0.99
2081,2021-07-25,FVG,3843,2000,1843,1893,1845,105,ITH,ITH4,6,Friuli-Venezia Giulia,Friuli Venezia Giulia,1215220,761455,62.66,0.32
2082,2021-07-11,FVG,6675,3497,3178,2190,4170,315,ITH,ITH4,6,Friuli-Venezia Giulia,Friuli Venezia Giulia,1215220,768130,63.21,0.55
2083,2021-05-22,FVG,11591,5204,6387,7088,4240,263,ITH,ITH4,6,Friuli-Venezia Giulia,Friuli Venezia Giulia,1215220,779721,64.16,0.95
2084,2021-07-18,FVG,5411,2926,2485,397,4989,25,ITH,ITH4,6,Friuli-Venezia Giulia,Friuli Venezia Giulia,1215220,785132,64.61,0.45
2085,2021-06-28,FVG,9902,4990,4912,2180,7699,23,ITH,ITH4,6,Friuli-Venezia Giulia,Friuli Venezia Giulia,1215220,795034,65.42,0.81
2086,2021-03-20,FVG,3405,1412,1993,1300,2091,14,ITH,ITH4,6,Friuli-Venezia Giulia,Friuli Venezia Giulia,1215220,798439,65.7,0.28
2087,2021-01-13,FVG,2650,834,1816,2650,0,0,ITH,ITH4,6,Friuli-Venezia Giulia,Friuli Venezia Giulia,1215220,801089,65.92,0.22
2088,2021-04-06,FVG,6683,3136,3547,5424,1153,106,ITH,ITH4,6,Friuli-Venezia Giulia,Friuli Venezia Giulia,1215220,807772,66.47,0.55
2089,2020-12-27,FVG,262,149,113,261,0,1,ITH,ITH4,6,Friuli-Venezia Giulia,Friuli Venezia Giulia,1215220,808034,66.49,0.02
2090,2021-02-12,FVG,1195,428,767,1142,49,4,ITH,ITH4,6,Friuli-Venezia Giulia,Friuli Venezia Giulia,1215220,809229,66.59,0.1
2091,2021-05-25,FVG,12934,6395,6539,9279,3315,340,ITH,ITH4,6,Friuli-Venezia Giulia,Friuli Venezia Giulia,1215220,822163,67.66,1.06
2092,2021-06-11,FVG,10906,5949,4957,9633,836,437,ITH,ITH4,6,Friuli-Venezia Giulia,Friuli Venezia Giulia,1215220,833069,68.55,0.9
2093,2021-03-03,FVG,3646,1634,2012,2343,1275,28,ITH,ITH4,6,Friuli-Venezia Giulia,Friuli Venezia Giulia,1215220,836715,68.85,0.3
2094,2021-05-28,FVG,10626,5092,5534,6229,4121,276,ITH,ITH4,6,Friuli-Venezia Giulia,Friuli Venezia Giulia,1215220,847341,69.73,0.87
2095,2021-07-12,FVG,9968,5117,4851,1069,8741,158,ITH,ITH4,6,Friuli-Venezia Giulia,Friuli Venezia Giulia,1215220,857309,70.55,0.82
2096,2021-02-19,FVG,3259,1293,1966,2817,427,15,ITH,ITH4,6,Friuli-Venezia Giulia,Friuli Venezia Giulia,1215220,860568,70.82,0.27
2097,2021-04-24,FVG,6688,2952,3736,5208,1245,235,ITH,ITH4,6,Friuli-Venezia Giulia,Friuli Venezia Giulia,1215220,867256,71.37,0.55
2098,2021-06-06,FVG,9487,4627,4860,7652,1564,271,ITH,ITH4,6,Friuli-Venezia Giulia,Friuli Venezia Giulia,1215220,876743,72.15,0.78
2099,2021-02-26,FVG,3741,2098,1643,3559,148,34,ITH,ITH4,6,Friuli-Venezia Giulia,Friuli Venezia Giulia,1215220,880484,72.45,0.31
2100,2021-02-17,FVG,2361,1003,1358,1874,485,2,ITH,ITH4,6,Friuli-Venezia Giulia,Friuli Venezia Giulia,1215220,882845,72.65,0.19
2101,2021-05-30,FVG,11067,4994,6073,7233,3588,246,ITH,ITH4,6,Friuli-Venezia Giulia,Friuli Venezia Giulia,1215220,893912,73.56,0.91
2102,2021-05-03,FVG,7244,3296,3948,3340,3786,118,ITH,ITH4,6,Friuli-Venezia Giulia,Friuli Venezia Giulia,1215220,901156,74.16,0.6
2103,2021-01-14,FVG,2584,789,1795,2581,0,3,ITH,ITH4,6,Friuli-Venezia Giulia,Friuli Venezia Giulia,1215220,903740,74.37,0.21
2104,2021-02-08,FVG,2357,694,1663,90,2266,1,ITH,ITH4,6,Friuli-Venezia Giulia,Friuli Venezia Giulia,1215220,906097,74.56,0.19
2105,2021-06-13,FVG,8692,4524,4168,5204,3325,163,ITH,ITH4,6,Friuli-Venezia Giulia,Friuli Venezia Giulia,1215220,914789,75.28,0.72
2106,2021-07-26,FVG,8444,4198,4246,1695,6533,216,ITH,ITH4,6,Friuli-Venezia Giulia,Friuli Venezia Giulia,1215220,923233,75.97,0.69
2107,2021-04-17,FVG,7462,3238,4224,5816,1483,163,ITH,ITH4,6,Friuli-Venezia Giulia,Friuli Venezia Giulia,1215220,930695,76.59,0.61
2108,2021-07-28,FVG,10006,5121,4885,3698,5834,474,ITH,ITH4,6,Friuli-Venezia Giulia,Friuli Venezia Giulia,1215220,940701,77.41,0.82
2109,2021-07-19,FVG,9394,4914,4480,816,8416,162,ITH,ITH4,6,Friuli-Venezia Giulia,Friuli Venezia Giulia,1215220,950095,78.18,0.77
2110,2021-04-10,FVG,5054,2212,2842,3751,1228,75,ITH,ITH4,6,Friuli-Venezia Giulia,Friuli Venezia Giulia,1215220,955149,78.6,0.42
2111,2021-05-23,FVG,10280,4859,5421,5917,4152,211,ITH,ITH4,6,Friuli-Venezia Giulia,Friuli Venezia Giulia,1215220,965429,79.44,0.85
2112,2021-06-20,FVG,6515,3230,3285,1489,4935,91,ITH,ITH4,6,Friuli-Venezia Giulia,Friuli Venezia Giulia,1215220,971944,79.98,0.54
2113,2021-03-29,FVG,7024,3127,3897,5366,1583,75,ITH,ITH4,6,Friuli-Venezia Giulia,Friuli Venezia Giulia,1215220,978968,80.56,0.58
2114,2021-07-07,FVG,11263,5769,5494,1408,9725,130,ITH,ITH4,6,Friuli-Venezia Giulia,Friuli Venezia Giulia,1215220,990231,81.49,0.93
2115,2021-07-21,FVG,8346,4240,4106,1964,6108,274,ITH,ITH4,6,Friuli-Venezia Giulia,Friuli Venezia Giulia,1215220,998577,82.17,0.69
2116,2021-05-27,FVG,12839,6148,6691,7388,5232,219,ITH,ITH4,6,Friuli-Venezia Giulia,Friuli Venezia Giulia,1215220,1011416,83.23,1.06
2117,2021-07-30,FVG,8794,4551,4243,2574,5952,268,ITH,ITH4,6,Friuli-Venezia Giulia,Friuli Venezia Giulia,1215220,1020210,83.95,0.72
2118,2021-01-28,FVG,2242,795,1447,355,1887,0,ITH,ITH4,6,Friuli-Venezia Giulia,Friuli Venezia Giulia,1215220,1022452,84.14,0.18
2119,2021-05-08,FVG,10325,4667,5658,5358,4785,182,ITH,ITH4,6,Friuli-Venezia Giulia,Friuli Venezia Giulia,1215220,1032777,84.99,0.85
2120,2021-02-14,FVG,1,0,1,0,1,0,ITH,ITH4,6,Friuli-Venezia Giulia,Friuli Venezia Giulia,1215220,1032778,84.99,0.0
2121,2021-05-10,FVG,7999,3553,4446,6224,1543,232,ITH,ITH4,6,Friuli-Venezia Giulia,Friuli Venezia Giulia,1215220,1040777,85.65,0.66
2122,2021-02-05,FVG,2612,784,1828,89,2523,0,ITH,ITH4,6,Friuli-Venezia Giulia,Friuli Venezia Giulia,1215220,1043389,85.86,0.21
2123,2021-04-14,FVG,7248,3133,4115,5408,1716,124,ITH,ITH4,6,Friuli-Venezia Giulia,Friuli Venezia Giulia,1215220,1050637,86.46,0.6
2124,2021-07-06,FVG,11190,5844,5346,1339,9739,112,ITH,ITH4,6,Friuli-Venezia Giulia,Friuli Venezia Giulia,1215220,1061827,87.38,0.92
2125,2021-07-23,FVG,8765,4444,4321,2860,5452,453,ITH,ITH4,6,Friuli-Venezia Giulia,Friuli Venezia Giulia,1215220,1070592,88.1,0.72
2126,2021-04-03,FVG,4020,1992,2028,2625,1337,58,ITH,ITH4,6,Friuli-Venezia Giulia,Friuli Venezia Giulia,1215220,1074612,88.43,0.33
2127,2021-06-10,FVG,11516,6000,5516,9718,1425,373,ITH,ITH4,6,Friuli-Venezia Giulia,Friuli Venezia Giulia,1215220,1086128,89.38,0.95
2128,2021-03-19,FVG,3252,1350,1902,1300,1936,16,ITH,ITH4,6,Friuli-Venezia Giulia,Friuli Venezia Giulia,1215220,1089380,89.64,0.27
2129,2021-06-27,FVG,7601,3797,3804,3770,3822,9,ITH,ITH4,6,Friuli-Venezia Giulia,Friuli Venezia Giulia,1215220,1096981,90.27,0.63
2130,2021-06-29,FVG,11356,5791,5565,1221,10027,108,ITH,ITH4,6,Friuli-Venezia Giulia,Friuli Venezia Giulia,1215220,1108337,91.2,0.93
2131,2021-05-15,FVG,12684,6118,6566,7689,4701,294,ITH,ITH4,6,Friuli-Venezia Giulia,Friuli Venezia Giulia,1215220,1121021,92.25,1.04
2132,2021-05-01,FVG,7205,3247,3958,5909,1045,251,ITH,ITH4,6,Friuli-Venezia Giulia,Friuli Venezia Giulia,1215220,1128226,92.84,0.59
2133,2021-01-21,FVG,897,345,552,1,896,0,ITH,ITH4,6,Friuli-Venezia Giulia,Friuli Venezia Giulia,1215220,1129123,92.92,0.07
2134,2021-02-21,FVG,801,281,520,421,378,2,ITH,ITH4,6,Friuli-Venezia Giulia,Friuli Venezia Giulia,1215220,1129924,92.98,0.07
2135,2021-01-07,FVG,2099,722,1377,2099,0,0,ITH,ITH4,6,Friuli-Venezia Giulia,Friuli Venezia Giulia,1215220,1132023,93.15,0.17
2136,2021-03-05,FVG,3789,1519,2270,2645,1076,68,ITH,ITH4,6,Friuli-Venezia Giulia,Friuli Venezia Giulia,1215220,1135812,93.47,0.31
2137,2021-04-19,FVG,6723,3138,3585,3213,3419,91,ITH,ITH4,6,Friuli-Venezia Giulia,Friuli Venezia Giulia,1215220,1142535,94.02,0.55
2138,2021-01-09,FVG,2513,841,1672,2511,0,2,ITH,ITH4,6,Friuli-Venezia Giulia,Friuli Venezia Giulia,1215220,1145048,94.23,0.21
2139,2021-06-15,FVG,12139,6175,5964,5349,6530,260,ITH,ITH4,6,Friuli-Venezia Giulia,Friuli Venezia Giulia,1215220,1157187,95.22,1.0
2140,2021-03-07,FVG,2546,933,1613,2488,1,57,ITH,ITH4,6,Friuli-Venezia Giulia,Friuli Venezia Giulia,1215220,1159733,95.43,0.21
2141,2021-06-08,FVG,10505,5494,5011,9648,462,395,ITH,ITH4,6,Friuli-Venezia Giulia,Friuli Venezia Giulia,1215220,1170238,96.3,0.86
2142,2021-02-28,FVG,2688,1003,1685,2266,394,28,ITH,ITH4,6,Friuli-Venezia Giulia,Friuli Venezia Giulia,1215220,1172926,96.52,0.22
2143,2021-08-04,FVG,8966,4631,4335,4335,4323,308,ITH,ITH4,6,Friuli-Venezia Giulia,Friuli Venezia Giulia,1215220,1181892,97.26,0.74
2144,2021-04-26,FVG,5473,2455,3018,3703,1651,119,ITH,ITH4,6,Friuli-Venezia Giulia,Friuli Venezia Giulia,1215220,1187365,97.71,0.45
2145,2021-07-16,FVG,9683,5174,4509,1596,7920,167,ITH,ITH4,6,Friuli-Venezia Giulia,Friuli Venezia Giulia,1215220,1197048,98.5,0.8
2146,2021-04-07,FVG,7846,3637,4209,6947,783,116,ITH,ITH4,6,Friuli-Venezia Giulia,Friuli Venezia Giulia,1215220,1204894,99.15,0.65
2147,2021-06-03,FVG,12436,6742,5694,9927,2114,395,ITH,ITH4,6,Friuli-Venezia Giulia,Friuli Venezia Giulia,1215220,1217330,100.17,1.02
2148,2021-01-19,FVG,6,2,4,6,0,0,ITH,ITH4,6,Friuli-Venezia Giulia,Friuli Venezia Giulia,1215220,1217336,100.17,0.0
2149,2021-07-04,FVG,9196,4714,4482,2743,6190,263,ITH,ITH4,6,Friuli-Venezia Giulia,Friuli Venezia Giulia,1215220,1226532,100.93,0.76
2150,2021-03-26,FVG,6017,2610,3407,3825,2019,173,ITH,ITH4,6,Friuli-Venezia Giulia,Friuli Venezia Giulia,1215220,1232549,101.43,0.5
2151,2021-03-12,FVG,4104,1697,2407,2697,1381,26,ITH,ITH4,6,Friuli-Venezia Giulia,Friuli Venezia Giulia,1215220,1236653,101.76,0.34
2152,2021-01-02,FVG,1217,470,747,1217,0,0,ITH,ITH4,6,Friuli-Venezia Giulia,Friuli Venezia Giulia,1215220,1237870,101.86,0.1
2153,2021-04-12,FVG,7280,3192,4088,5996,1133,151,ITH,ITH4,6,Friuli-Venezia Giulia,Friuli Venezia Giulia,1215220,1245150,102.46,0.6
2154,2020-12-31,FVG,1048,381,667,1047,0,1,ITH,ITH4,6,Friuli-Venezia Giulia,Friuli Venezia Giulia,1215220,1246198,102.55,0.09
2155,2021-06-17,FVG,11419,5773,5646,2287,9029,103,ITH,ITH4,6,Friuli-Venezia Giulia,Friuli Venezia Giulia,1215220,1257617,103.49,0.94
2156,2021-06-22,FVG,11580,5962,5618,2367,9089,124,ITH,ITH4,6,Friuli-Venezia Giulia,Friuli Venezia Giulia,1215220,1269197,104.44,0.95
2157,2021-04-18,FVG,6050,2808,3242,5418,407,225,ITH,ITH4,6,Friuli-Venezia Giulia,Friuli Venezia Giulia,1215220,1275247,104.94,0.5
2158,2021-01-08,FVG,2321,746,1575,2321,0,0,ITH,ITH4,6,Friuli-Venezia Giulia,Friuli Venezia Giulia,1215220,1277568,105.13,0.19
2159,2021-06-14,FVG,10287,4992,5295,5182,4824,281,ITH,ITH4,6,Friuli-Venezia Giulia,Friuli Venezia Giulia,1215220,1287855,105.98,0.85
2160,2021-02-20,FVG,2069,934,1135,1922,144,3,ITH,ITH4,6,Friuli-Venezia Giulia,Friuli Venezia Giulia,1215220,1289924,106.15,0.17
2161,2021-01-22,FVG,89,29,60,0,89,0,ITH,ITH4,6,Friuli-Venezia Giulia,Friuli Venezia Giulia,1215220,1290013,106.15,0.01
2162,2021-03-06,FVG,3500,1196,2304,3143,325,32,ITH,ITH4,6,Friuli-Venezia Giulia,Friuli Venezia Giulia,1215220,1293513,106.44,0.29
2163,2021-05-06,FVG,11945,5547,6398,7697,3972,276,ITH,ITH4,6,Friuli-Venezia Giulia,Friuli Venezia Giulia,1215220,1305458,107.43,0.98
2164,2021-07-02,FVG,11075,5726,5349,2087,8796,192,ITH,ITH4,6,Friuli-Venezia Giulia,Friuli Venezia Giulia,1215220,1316533,108.34,0.91
2165,2021-06-25,FVG,10973,5518,5455,2412,8548,13,ITH,ITH4,6,Friuli-Venezia Giulia,Friuli Venezia Giulia,1215220,1327506,109.24,0.9
2166,2021-07-09,FVG,11848,6290,5558,2042,9514,292,ITH,ITH4,6,Friuli-Venezia Giulia,Friuli Venezia Giulia,1215220,1339354,110.21,0.97
2167,2021-03-17,FVG,3238,1268,1970,737,2492,9,ITH,ITH4,6,Friuli-Venezia Giulia,Friuli Venezia Giulia,1215220,1342592,110.48,0.27
2168,2021-05-13,FVG,11194,5407,5787,8739,2067,388,ITH,ITH4,6,Friuli-Venezia Giulia,Friuli Venezia Giulia,1215220,1353786,111.4,0.92
2169,2021-02-16,FVG,2517,1135,1382,2397,116,4,ITH,ITH4,6,Friuli-Venezia Giulia,Friuli Venezia Giulia,1215220,1356303,111.61,0.21
2170,2021-03-24,FVG,3980,1721,2259,2461,1483,36,ITH,ITH4,6,Friuli-Venezia Giulia,Friuli Venezia Giulia,1215220,1360283,111.94,0.33
2171,2021-05-20,FVG,12714,6323,6391,9791,2521,402,ITH,ITH4,6,Friuli-Venezia Giulia,Friuli Venezia Giulia,1215220,1372997,112.98,1.05
2172,2021-01-26,FVG,1977,647,1330,216,1760,1,ITH,ITH4,6,Friuli-Venezia Giulia,Friuli Venezia Giulia,1215220,1374974,113.15,0.16
2173,2021-02-09,FVG,1842,555,1287,1555,286,1,ITH,ITH4,6,Friuli-Venezia Giulia,Friuli Venezia Giulia,1215220,1376816,113.3,0.15
2174,2021-02-02,FVG,2469,806,1663,218,2251,0,ITH,ITH4,6,Friuli-Venezia Giulia,Friuli Venezia Giulia,1215220,1379285,113.5,0.2
2175,2021-03-31,FVG,8141,3571,4570,7170,847,124,ITH,ITH4,6,Friuli-Venezia Giulia,Friuli Venezia Giulia,1215220,1387426,114.17,0.67
2176,2021-04-05,PUG,12761,6198,6563,12086,533,142,ITF,ITF4,16,Puglia,Puglia,4029053,12761,0.32,0.32
2177,2021-03-19,PUG,7978,3660,4318,3369,4573,36,ITF,ITF4,16,Puglia,Puglia,4029053,20739,0.51,0.2
2178,2021-06-27,PUG,18533,9204,9329,9960,8309,264,ITF,ITF4,16,Puglia,Puglia,4029053,39272,0.97,0.46
2179,2021-02-21,PUG,2179,475,1704,2067,63,49,ITF,ITF4,16,Puglia,Puglia,4029053,41451,1.03,0.05
2180,2021-06-01,PUG,34974,17517,17457,21626,12959,389,ITF,ITF4,16,Puglia,Puglia,4029053,76425,1.9,0.87
2181,2021-05-15,PUG,43661,19013,24648,22816,20137,708,ITF,ITF4,16,Puglia,Puglia,4029053,120086,2.98,1.08
2182,2021-06-03,PUG,50607,24546,26061,30504,19380,723,ITF,ITF4,16,Puglia,Puglia,4029053,170693,4.24,1.26
2183,2021-03-10,PUG,14832,6630,8202,11546,3131,155,ITF,ITF4,16,Puglia,Puglia,4029053,185525,4.6,0.37
2184,2021-01-12,PUG,4216,1771,2445,4215,0,1,ITF,ITF4,16,Puglia,Puglia,4029053,189741,4.71,0.1
2185,2021-04-07,PUG,15723,7137,8586,8831,6692,200,ITF,ITF4,16,Puglia,Puglia,4029053,205464,5.1,0.39
2186,2021-07-16,PUG,46323,22468,23855,13100,32381,842,ITF,ITF4,16,Puglia,Puglia,4029053,251787,6.25,1.15
2187,2021-02-09,PUG,3845,1572,2273,2150,1676,19,ITF,ITF4,16,Puglia,Puglia,4029053,255632,6.34,0.1
2188,2021-05-20,PUG,33656,15284,18372,20741,12399,516,ITF,ITF4,16,Puglia,Puglia,4029053,289288,7.18,0.84
2189,2021-03-24,PUG,13598,6530,7068,6039,7441,118,ITF,ITF4,16,Puglia,Puglia,4029053,302886,7.52,0.34
2190,2021-01-26,PUG,5374,2402,2972,563,4810,1,ITF,ITF4,16,Puglia,Puglia,4029053,308260,7.65,0.13
2191,2021-07-02,PUG,47115,22379,24736,17273,28906,936,ITF,ITF4,16,Puglia,Puglia,4029053,355375,8.82,1.17
2192,2021-05-06,PUG,39700,17370,22330,19306,19838,556,ITF,ITF4,16,Puglia,Puglia,4029053,395075,9.81,0.99
2193,2021-02-07,PUG,1581,669,912,253,1328,0,ITF,ITF4,16,Puglia,Puglia,4029053,396656,9.84,0.04
2194,2021-01-21,PUG,2133,905,1228,1269,862,2,ITF,ITF4,16,Puglia,Puglia,4029053,398789,9.9,0.05
2195,2021-05-01,PUG,27668,12676,14992,16707,10686,275,ITF,ITF4,16,Puglia,Puglia,4029053,426457,10.58,0.69
2196,2021-01-02,PUG,2954,1303,1651,2954,0,0,ITF,ITF4,16,Puglia,Puglia,4029053,429411,10.66,0.07
2197,2021-04-12,PUG,29451,13856,15595,26120,3018,313,ITF,ITF4,16,Puglia,Puglia,4029053,458862,11.39,0.73
2198,2021-07-21,PUG,44172,21790,22382,11999,31303,870,ITF,ITF4,16,Puglia,Puglia,4029053,503034,12.49,1.1
2199,2021-07-11,PUG,12158,5747,6411,2634,9422,102,ITF,ITF4,16,Puglia,Puglia,4029053,515192,12.79,0.3
2200,2021-01-31,PUG,1820,833,987,73,1747,0,ITF,ITF4,16,Puglia,Puglia,4029053,517012,12.83,0.05
2201,2021-03-05,PUG,17717,7189,10528,15183,2315,219,ITF,ITF4,16,Puglia,Puglia,4029053,534729,13.27,0.44
2202,2021-02-26,PUG,13782,5062,8720,12511,1075,196,ITF,ITF4,16,Puglia,Puglia,4029053,548511,13.61,0.34
2203,2020-12-31,PUG,1637,784,853,1637,0,0,ITF,ITF4,16,Puglia,Puglia,4029053,550148,13.65,0.04
2204,2021-06-15,PUG,42657,20856,21801,22396,19671,590,ITF,ITF4,16,Puglia,Puglia,4029053,592805,14.71,1.06
2205,2021-06-08,PUG,39329,19151,20178,20939,17831,559,ITF,ITF4,16,Puglia,Puglia,4029053,632134,15.69,0.98
2206,2021-04-19,PUG,27739,12889,14850,24356,3044,339,ITF,ITF4,16,Puglia,Puglia,4029053,659873,16.38,0.69
2207,2021-07-28,PUG,43952,22209,21743,14410,28646,896,ITF,ITF4,16,Puglia,Puglia,4029053,703825,17.47,1.09
2208,2021-04-24,PUG,29438,13404,16034,25156,3950,332,ITF,ITF4,16,Puglia,Puglia,4029053,733263,18.2,0.73
2209,2021-02-14,PUG,789,347,442,658,126,5,ITF,ITF4,16,Puglia,Puglia,4029053,734052,18.22,0.02
2210,2021-05-25,PUG,34765,16226,18539,20563,13616,586,ITF,ITF4,16,Puglia,Puglia,4029053,768817,19.08,0.86
2211,2021-05-08,PUG,54381,23019,31362,23981,29864,536,ITF,ITF4,16,Puglia,Puglia,4029053,823198,20.43,1.35
2212,2021-03-29,PUG,13558,6614,6944,6605,6757,196,ITF,ITF4,16,Puglia,Puglia,4029053,836756,20.77,0.34
2213,2021-03-12,PUG,14298,6445,7853,10222,3939,137,ITF,ITF4,16,Puglia,Puglia,4029053,851054,21.12,0.35
2214,2021-06-20,PUG,21572,10842,10730,14052,7194,326,ITF,ITF4,16,Puglia,Puglia,4029053,872626,21.66,0.54
2215,2021-02-04,PUG,5934,2366,3568,1134,4797,3,ITF,ITF4,16,Puglia,Puglia,4029053,878560,21.81,0.15
2216,2021-03-31,PUG,14572,6829,7743,8839,5583,150,ITF,ITF4,16,Puglia,Puglia,4029053,893132,22.17,0.36
2217,2021-02-02,PUG,4352,1851,2501,573,3778,1,ITF,ITF4,16,Puglia,Puglia,4029053,897484,22.28,0.11
2218,2021-07-09,PUG,36997,17810,19187,6525,29791,681,ITF,ITF4,16,Puglia,Puglia,4029053,934481,23.19,0.92
2219,2021-05-13,PUG,38802,17305,21497,20982,17256,564,ITF,ITF4,16,Puglia,Puglia,4029053,973283,24.16,0.96
2220,2021-03-17,PUG,10354,4705,5649,4108,6184,62,ITF,ITF4,16,Puglia,Puglia,4029053,983637,24.41,0.26
2221,2021-07-04,PUG,19819,9646,10173,7892,11630,297,ITF,ITF4,16,Puglia,Puglia,4029053,1003456,24.91,0.49
2222,2021-07-23,PUG,42665,21555,21110,13755,27922,988,ITF,ITF4,16,Puglia,Puglia,4029053,1046121,25.96,1.06
2223,2021-01-19,PUG,1222,453,769,1211,10,1,ITF,ITF4,16,Puglia,Puglia,4029053,1047343,25.99,0.03
2224,2021-07-08,PUG,41388,19185,22203,5508,35412,468,ITF,ITF4,16,Puglia,Puglia,4029053,1088731,27.02,1.03
2225,2021-07-30,PUG,35524,18237,17287,13035,21618,871,ITF,ITF4,16,Puglia,Puglia,4029053,1124255,27.9,0.88
2226,2021-05-27,PUG,40939,19346,21593,22892,17371,676,ITF,ITF4,16,Puglia,Puglia,4029053,1165194,28.92,1.02
2227,2021-03-02,PUG,16406,6099,10307,14858,1306,242,ITF,ITF4,16,Puglia,Puglia,4029053,1181600,29.33,0.41
2228,2021-05-29,PUG,30633,14443,16190,20577,9512,544,ITF,ITF4,16,Puglia,Puglia,4029053,1212233,30.09,0.76
2229,2021-04-02,PUG,12851,6003,6848,8174,4526,151,ITF,ITF4,16,Puglia,Puglia,4029053,1225084,30.41,0.32
2230,2021-06-13,PUG,21833,10933,10900,16340,5206,287,ITF,ITF4,16,Puglia,Puglia,4029053,1246917,30.95,0.54
2231,2021-02-28,PUG,6065,1807,4258,5799,191,75,ITF,ITF4,16,Puglia,Puglia,4029053,1252982,31.1,0.15
2232,2021-05-12,PUG,36622,16333,20289,23513,12526,583,ITF,ITF4,16,Puglia,Puglia,4029053,1289604,32.01,0.91
2233,2021-01-14,PUG,4076,1593,2483,4075,0,1,ITF,ITF4,16,Puglia,Puglia,4029053,1293680,32.11,0.1
2234,2021-01-07,PUG,5726,2465,3261,5726,0,0,ITF,ITF4,16,Puglia,Puglia,4029053,1299406,32.25,0.14
2235,2021-04-17,PUG,40047,18977,21070,36049,3577,421,ITF,ITF4,16,Puglia,Puglia,4029053,1339453,33.24,0.99
2236,2021-02-19,PUG,4743,2015,2728,4297,392,54,ITF,ITF4,16,Puglia,Puglia,4029053,1344196,33.36,0.12
2237,2021-06-22,PUG,42427,20568,21859,19070,22786,571,ITF,ITF4,16,Puglia,Puglia,4029053,1386623,34.42,1.05
2238,2021-04-26,PUG,26323,12063,14260,22699,3236,388,ITF,ITF4,16,Puglia,Puglia,4029053,1412946,35.07,0.65
2239,2021-08-04,PUG,32084,16355,15729,11639,19475,970,ITF,ITF4,16,Puglia,Puglia,4029053,1445030,35.87,0.8
2240,2021-03-16,PUG,9883,4692,5191,3450,6376,57,ITF,ITF4,16,Puglia,Puglia,4029053,1454913,36.11,0.25
2241,2021-06-12,PUG,34587,17241,17346,25045,8950,592,ITF,ITF4,16,Puglia,Puglia,4029053,1489500,36.97,0.86
2242,2021-01-28,PUG,5483,2283,3200,448,5035,0,ITF,ITF4,16,Puglia,Puglia,4029053,1494983,37.11,0.14
2243,2021-05-17,PUG,32904,15251,17653,20440,11964,500,ITF,ITF4,16,Puglia,Puglia,4029053,1527887,37.92,0.82
2244,2021-02-23,PUG,9384,4431,4953,8800,493,91,ITF,ITF4,16,Puglia,Puglia,4029053,1537271,38.15,0.23
2245,2021-01-04,PUG,4509,2015,2494,4507,0,2,ITF,ITF4,16,Puglia,Puglia,4029053,1541780,38.27,0.11
2246,2021-03-26,PUG,12020,5850,6170,7221,4670,129,ITF,ITF4,16,Puglia,Puglia,4029053,1553800,38.56,0.3
2247,2021-03-09,PUG,13657,6103,7554,11464,2015,178,ITF,ITF4,16,Puglia,Puglia,4029053,1567457,38.9,0.34
2248,2021-07-20,PUG,46855,22984,23871,8401,37930,524,ITF,ITF4,16,Puglia,Puglia,4029053,1614312,40.07,1.16
2249,2021-01-23,PUG,3042,1294,1748,882,2159,1,ITF,ITF4,16,Puglia,Puglia,4029053,1617354,40.14,0.08
2250,2021-05-03,PUG,33381,14921,18460,22146,10671,564,ITF,ITF4,16,Puglia,Puglia,4029053,1650735,40.97,0.83
2251,2021-03-07,PUG,4990,2005,2985,4371,577,42,ITF,ITF4,16,Puglia,Puglia,4029053,1655725,41.09,0.12
2252,2021-05-05,PUG,39296,17250,22046,24482,14229,585,ITF,ITF4,16,Puglia,Puglia,4029053,1695021,42.07,0.98
2253,2021-06-17,PUG,42846,20942,21904,21411,20875,560,ITF,ITF4,16,Puglia,Puglia,4029053,1737867,43.13,1.06
2254,2021-06-10,PUG,47177,23200,23977,29375,17085,717,ITF,ITF4,16,Puglia,Puglia,4029053,1785044,44.3,1.17
2255,2021-04-04,PUG,5984,2971,3013,5897,6,81,ITF,ITF4,16,Puglia,Puglia,4029053,1791028,44.45,0.15
2256,2021-07-13,PUG,48628,22938,25690,7938,40090,600,ITF,ITF4,16,Puglia,Puglia,4029053,1839656,45.66,1.21
2257,2021-03-21,PUG,2696,1228,1468,579,2106,11,ITF,ITF4,16,Puglia,Puglia,4029053,1842352,45.73,0.07
2258,2021-06-29,PUG,46494,22283,24211,15327,30474,693,ITF,ITF4,16,Puglia,Puglia,4029053,1888846,46.88,1.15
2259,2021-01-11,PUG,3756,1590,2166,3755,0,1,ITF,ITF4,16,Puglia,Puglia,4029053,1892602,46.97,0.09
2260,2021-04-21,PUG,23149,10690,12459,19105,3742,302,ITF,ITF4,16,Puglia,Puglia,4029053,1915751,47.55,0.57
2261,2021-05-24,PUG,36162,17063,19099,24494,11055,613,ITF,ITF4,16,Puglia,Puglia,4029053,1951913,48.45,0.9
2262,2021-02-16,PUG,3387,1454,1933,2709,648,30,ITF,ITF4,16,Puglia,Puglia,4029053,1955300,48.53,0.08
2263,2021-01-30,PUG,5536,2515,3021,385,5150,1,ITF,ITF4,16,Puglia,Puglia,4029053,1960836,48.67,0.14
2264,2021-05-10,PUG,37862,16734,21128,19320,18063,479,ITF,ITF4,16,Puglia,Puglia,4029053,1998698,49.61,0.94
2265,2021-02-13,PUG,3730,1460,2270,3019,695,16,ITF,ITF4,16,Puglia,Puglia,4029053,2002428,49.7,0.09
2266,2021-06-24,PUG,52815,25547,27268,23592,28437,786,ITF,ITF4,16,Puglia,Puglia,4029053,2055243,51.01,1.31
2267,2021-04-28,PUG,19851,8904,10947,14808,4778,265,ITF,ITF4,16,Puglia,Puglia,4029053,2075094,51.5,0.49
2268,2021-01-09,PUG,4890,2251,2639,4886,0,4,ITF,ITF4,16,Puglia,Puglia,4029053,2079984,51.62,0.12
2269,2021-07-01,PUG,48259,22602,25657,11462,36161,636,ITF,ITF4,16,Puglia,Puglia,4029053,2128243,52.82,1.2
2270,2021-04-23,PUG,29576,13745,15831,23903,5261,412,ITF,ITF4,16,Puglia,Puglia,4029053,2157819,53.56,0.73
2271,2021-08-01,PUG,12053,6291,5762,4213,7722,118,ITF,ITF4,16,Puglia,Puglia,4029053,2169872,53.86,0.3
2272,2021-03-18,PUG,9601,4362,5239,3335,6200,66,ITF,ITF4,16,Puglia,Puglia,4029053,2179473,54.09,0.24
2273,2021-06-26,PUG,32373,16302,16071,15889,15916,568,ITF,ITF4,16,Puglia,Puglia,4029053,2211846,54.9,0.8
2274,2021-03-04,PUG,15364,6102,9262,13710,1429,225,ITF,ITF4,16,Puglia,Puglia,4029053,2227210,55.28,0.38
2275,2021-06-09,PUG,41901,20749,21152,29918,11278,705,ITF,ITF4,16,Puglia,Puglia,4029053,2269111,56.32,1.04
2276,2021-02-15,PUG,3263,1272,1991,2597,622,44,ITF,ITF4,16,Puglia,Puglia,4029053,2272374,56.4,0.08
2277,2021-05-26,PUG,38644,18567,20077,26208,11783,653,ITF,ITF4,16,Puglia,Puglia,4029053,2311018,57.36,0.96
2278,2021-01-27,PUG,4602,1942,2660,620,3982,0,ITF,ITF4,16,Puglia,Puglia,4029053,2315620,57.47,0.11
2279,2021-01-18,PUG,1847,772,1075,1495,351,1,ITF,ITF4,16,Puglia,Puglia,4029053,2317467,57.52,0.05
2280,2021-02-06,PUG,4554,1935,2619,1577,2962,15,ITF,ITF4,16,Puglia,Puglia,4029053,2322021,57.63,0.11
2281,2021-01-20,PUG,1548,542,1006,1538,8,2,ITF,ITF4,16,Puglia,Puglia,4029053,2323569,57.67,0.04
2282,2021-04-30,PUG,35010,15689,19321,22460,11985,565,ITF,ITF4,16,Puglia,Puglia,4029053,2358579,58.54,0.87
2283,2021-04-13,PUG,28764,13642,15122,24919,3533,312,ITF,ITF4,16,Puglia,Puglia,4029053,2387343,59.25,0.71
2284,2021-07-22,PUG,47214,23409,23805,8649,37869,696,ITF,ITF4,16,Puglia,Puglia,4029053,2434557,60.43,1.17
2285,2021-07-05,PUG,38760,18190,20570,7354,30846,560,ITF,ITF4,16,Puglia,Puglia,4029053,2473317,61.39,0.96
2286,2021-05-02,PUG,21344,9673,11671,13898,7270,176,ITF,ITF4,16,Puglia,Puglia,4029053,2494661,61.92,0.53
2287,2021-07-24,PUG,26616,13802,12814,8070,18066,480,ITF,ITF4,16,Puglia,Puglia,4029053,2521277,62.58,0.66
2288,2021-07-27,PUG,48147,23927,24220,13337,33995,815,ITF,ITF4,16,Puglia,Puglia,4029053,2569424,63.77,1.19
2289,2021-05-31,PUG,37913,18278,19635,23133,14227,553,ITF,ITF4,16,Puglia,Puglia,4029053,2607337,64.71,0.94
2290,2021-04-25,PUG,11317,5238,6079,10042,1143,132,ITF,ITF4,16,Puglia,Puglia,4029053,2618654,64.99,0.28
2291,2021-02-27,PUG,14238,4823,9415,12824,1233,181,ITF,ITF4,16,Puglia,Puglia,4029053,2632892,65.35,0.35
2292,2021-08-03,PUG,34992,17751,17241,9034,25207,751,ITF,ITF4,16,Puglia,Puglia,4029053,2667884,66.22,0.87
2293,2021-01-01,PUG,150,61,89,150,0,0,ITF,ITF4,16,Puglia,Puglia,4029053,2668034,66.22,0.0
2294,2021-06-07,PUG,44397,21679,22718,30357,13277,763,ITF,ITF4,16,Puglia,Puglia,4029053,2712431,67.32,1.1
2295,2021-04-11,PUG,16478,7262,9216,14649,1648,181,ITF,ITF4,16,Puglia,Puglia,4029053,2728909,67.73,0.41
2296,2021-03-06,PUG,16173,6136,10037,13889,2117,167,ITF,ITF4,16,Puglia,Puglia,4029053,2745082,68.13,0.4
2297,2021-01-08,PUG,5679,2387,3292,5677,0,2,ITF,ITF4,16,Puglia,Puglia,4029053,2750761,68.27,0.14
2298,2021-06-14,PUG,42048,20579,21469,28862,12400,786,ITF,ITF4,16,Puglia,Puglia,4029053,2792809,69.32,1.04
2299,2021-04-18,PUG,22660,10844,11816,21407,1056,197,ITF,ITF4,16,Puglia,Puglia,4029053,2815469,69.88,0.56
2300,2021-02-20,PUG,2975,1081,1894,2687,257,31,ITF,ITF4,16,Puglia,Puglia,4029053,2818444,69.95,0.07
2301,2021-01-15,PUG,4554,1865,2689,4549,0,5,ITF,ITF4,16,Puglia,Puglia,4029053,2822998,70.07,0.11
2302,2021-01-22,PUG,1413,579,834,991,421,1,ITF,ITF4,16,Puglia,Puglia,4029053,2824411,70.1,0.04
2303,2021-06-25,PUG,50780,25023,25757,23870,26013,897,ITF,ITF4,16,Puglia,Puglia,4029053,2875191,71.36,1.26
2304,2021-04-14,PUG,32021,15108,16913,28422,3293,306,ITF,ITF4,16,Puglia,Puglia,4029053,2907212,72.16,0.79
2305,2021-03-28,PUG,3548,1658,1890,1181,2332,35,ITF,ITF4,16,Puglia,Puglia,4029053,2910760,72.24,0.09
2306,2021-07-06,PUG,42308,19483,22825,6175,35703,430,ITF,ITF4,16,Puglia,Puglia,4029053,2953068,73.29,1.05
2307,2021-06-19,PUG,34756,17433,17323,22211,11891,654,ITF,ITF4,16,Puglia,Puglia,4029053,2987824,74.16,0.86
2308,2021-06-21,PUG,41811,20394,21417,21476,19699,636,ITF,ITF4,16,Puglia,Puglia,4029053,3029635,75.19,1.04
2309,2021-03-11,PUG,14837,6590,8247,11446,3189,202,ITF,ITF4,16,Puglia,Puglia,4029053,3044472,75.56,0.37
2310,2021-06-02,PUG,27058,13230,13828,21865,4835,358,ITF,ITF4,16,Puglia,Puglia,4029053,3071530,76.23,0.67
2311,2021-03-14,PUG,3377,1461,1916,2474,866,37,ITF,ITF4,16,Puglia,Puglia,4029053,3074907,76.32,0.08
2312,2021-01-16,PUG,2508,1036,1472,2507,0,1,ITF,ITF4,16,Puglia,Puglia,4029053,3077415,76.38,0.06
2313,2021-05-21,PUG,39180,18605,20575,28247,10139,794,ITF,ITF4,16,Puglia,Puglia,4029053,3116595,77.35,0.97
2314,2021-05-19,PUG,26436,12783,13653,19531,6471,434,ITF,ITF4,16,Puglia,Puglia,4029053,3143031,78.01,0.66
2315,2021-03-23,PUG,11136,5653,5483,4529,6514,93,ITF,ITF4,16,Puglia,Puglia,4029053,3154167,78.29,0.28
2316,2021-03-25,PUG,11746,6018,5728,5250,6398,98,ITF,ITF4,16,Puglia,Puglia,4029053,3165913,78.58,0.29
2317,2021-07-03,PUG,33084,16587,16497,13379,19191,514,ITF,ITF4,16,Puglia,Puglia,4029053,3198997,79.4,0.82
2318,2021-02-08,PUG,4003,1618,2385,1580,2408,15,ITF,ITF4,16,Puglia,Puglia,4029053,3203000,79.5,0.1
2319,2021-02-10,PUG,3654,1441,2213,2121,1513,20,ITF,ITF4,16,Puglia,Puglia,4029053,3206654,79.59,0.09
2320,2021-05-23,PUG,17943,8388,9555,13858,3825,260,ITF,ITF4,16,Puglia,Puglia,4029053,3224597,80.03,0.45
2321,2021-03-30,PUG,12401,5939,6462,6186,6064,151,ITF,ITF4,16,Puglia,Puglia,4029053,3236998,80.34,0.31
2322,2021-02-01,PUG,3970,1663,2307,354,3615,1,ITF,ITF4,16,Puglia,Puglia,4029053,3240968,80.44,0.1
2323,2021-07-17,PUG,30666,15397,15269,9523,20509,634,ITF,ITF4,16,Puglia,Puglia,4029053,3271634,81.2,0.76
2324,2021-05-14,PUG,45023,20580,24443,27978,16189,856,ITF,ITF4,16,Puglia,Puglia,4029053,3316657,82.32,1.12
2325,2021-01-25,PUG,3832,1682,2150,423,3408,1,ITF,ITF4,16,Puglia,Puglia,4029053,3320489,82.41,0.1
2326,2021-07-10,PUG,22316,10987,11329,4490,17527,299,ITF,ITF4,16,Puglia,Puglia,4029053,3342805,82.97,0.55
2327,2021-06-28,PUG,48540,23548,24992,21672,26061,807,ITF,ITF4,16,Puglia,Puglia,4029053,3391345,84.17,1.2
2328,2021-05-09,PUG,30808,12644,18164,14786,15655,367,ITF,ITF4,16,Puglia,Puglia,4029053,3422153,84.94,0.76
2329,2021-03-13,PUG,10473,4136,6337,8562,1814,97,ITF,ITF4,16,Puglia,Puglia,4029053,3432626,85.2,0.26
2330,2021-02-24,PUG,10058,4713,5345,9367,596,95,ITF,ITF4,16,Puglia,Puglia,4029053,3442684,85.45,0.25
2331,2021-06-04,PUG,52769,25534,27235,34155,17788,826,ITF,ITF4,16,Puglia,Puglia,4029053,3495453,86.76,1.31
2332,2021-05-18,PUG,28938,13465,15473,15813,12861,264,ITF,ITF4,16,Puglia,Puglia,4029053,3524391,87.47,0.72
2333,2021-04-29,PUG,26280,12150,14130,19165,6692,423,ITF,ITF4,16,Puglia,Puglia,4029053,3550671,88.13,0.65
2334,2021-02-22,PUG,9647,4538,5109,9224,336,87,ITF,ITF4,16,Puglia,Puglia,4029053,3560318,88.37,0.24
2335,2021-02-05,PUG,5641,2273,3368,1311,4325,5,ITF,ITF4,16,Puglia,Puglia,4029053,3565959,88.51,0.14
2336,2021-05-16,PUG,24605,11096,13509,12456,11925,224,ITF,ITF4,16,Puglia,Puglia,4029053,3590564,89.12,0.61
2337,2021-05-07,PUG,50175,22395,27780,25991,23618,566,ITF,ITF4,16,Puglia,Puglia,4029053,3640739,90.36,1.25
2338,2021-07-29,PUG,42565,21499,21066,12228,29541,796,ITF,ITF4,16,Puglia,Puglia,4029053,3683304,91.42,1.06
2339,2021-01-13,PUG,4549,1731,2818,4548,0,1,ITF,ITF4,16,Puglia,Puglia,4029053,3687853,91.53,0.11
2340,2021-04-06,PUG,13860,6261,7599,6924,6767,169,ITF,ITF4,16,Puglia,Puglia,4029053,3701713,91.88,0.34
2341,2021-07-15,PUG,44653,21602,23051,8969,34986,698,ITF,ITF4,16,Puglia,Puglia,4029053,3746366,92.98,1.11
2342,2021-07-14,PUG,46020,22064,23956,13528,31639,853,ITF,ITF4,16,Puglia,Puglia,4029053,3792386,94.13,1.14
2343,2021-08-02,PUG,36820,18699,18121,13559,22093,1168,ITF,ITF4,16,Puglia,Puglia,4029053,3829206,95.04,0.91
2344,2021-06-18,PUG,47798,23533,24265,28879,17992,927,ITF,ITF4,16,Puglia,Puglia,4029053,3877004,96.23,1.19
2345,2021-01-03,PUG,2007,943,1064,2006,0,1,ITF,ITF4,16,Puglia,Puglia,4029053,3879011,96.28,0.05
2346,2021-03-27,PUG,12168,5719,6449,6880,5178,110,ITF,ITF4,16,Puglia,Puglia,4029053,3891179,96.58,0.3
2347,2021-04-22,PUG,23058,10553,12505,17740,4935,383,ITF,ITF4,16,Puglia,Puglia,4029053,3914237,97.15,0.57
2348,2021-07-31,PUG,19372,10286,9086,7625,11273,474,ITF,ITF4,16,Puglia,Puglia,4029053,3933609,97.63,0.48
2349,2021-02-12,PUG,4216,1673,2543,3098,1094,24,ITF,ITF4,16,Puglia,Puglia,4029053,3937825,97.74,0.1
2350,2021-01-29,PUG,6207,2665,3542,233,5974,0,ITF,ITF4,16,Puglia,Puglia,4029053,3944032,97.89,0.15
2351,2021-03-20,PUG,8427,3886,4541,3768,4615,44,ITF,ITF4,16,Puglia,Puglia,4029053,3952459,98.1,0.21
2352,2021-03-03,PUG,16803,6814,9989,14723,1932,148,ITF,ITF4,16,Puglia,Puglia,4029053,3969262,98.52,0.42
2353,2021-04-08,PUG,17503,7596,9907,11100,6189,214,ITF,ITF4,16,Puglia,Puglia,4029053,3986765,98.95,0.43
2354,2021-06-06,PUG,30719,15468,15251,25344,5053,322,ITF,ITF4,16,Puglia,Puglia,4029053,4017484,99.71,0.76
2355,2021-04-10,PUG,30934,13122,17812,26098,4457,379,ITF,ITF4,16,Puglia,Puglia,4029053,4048418,100.48,0.77
2356,2021-07-19,PUG,49005,24086,24919,11105,37123,777,ITF,ITF4,16,Puglia,Puglia,4029053,4097423,101.7,1.22
2357,2021-02-17,PUG,4291,1752,2539,3617,635,39,ITF,ITF4,16,Puglia,Puglia,4029053,4101714,101.8,0.11
2358,2021-05-28,PUG,44066,20863,23203,27415,15849,802,ITF,ITF4,16,Puglia,Puglia,4029053,4145780,102.9,1.09
2359,2021-07-26,PUG,46937,23424,23513,16930,29060,947,ITF,ITF4,16,Puglia,Puglia,4029053,4192717,104.06,1.16
2360,2021-05-30,PUG,21025,10065,10960,15705,5064,256,ITF,ITF4,16,Puglia,Puglia,4029053,4213742,104.58,0.52
2361,2021-01-05,PUG,5112,2252,2860,5109,0,3,ITF,ITF4,16,Puglia,Puglia,4029053,4218854,104.71,0.13
2362,2021-04-15,PUG,32742,15275,17467,28575,3765,402,ITF,ITF4,16,Puglia,Puglia,4029053,4251596,105.52,0.81
2363,2021-07-07,PUG,38611,18485,20126,6197,31895,519,ITF,ITF4,16,Puglia,Puglia,4029053,4290207,106.48,0.96
2364,2021-03-01,PUG,15120,5875,9245,13585,1383,152,ITF,ITF4,16,Puglia,Puglia,4029053,4305327,106.86,0.38
2365,2021-01-10,PUG,2349,1062,1287,2348,0,1,ITF,ITF4,16,Puglia,Puglia,4029053,4307676,106.92,0.06
2366,2021-04-20,PUG,21194,9845,11349,17455,3475,264,ITF,ITF4,16,Puglia,Puglia,4029053,4328870,107.44,0.53
2367,2020-12-27,PUG,510,252,258,510,0,0,ITF,ITF4,16,Puglia,Puglia,4029053,4329380,107.45,0.01
2368,2021-06-11,PUG,47937,23453,24484,32988,14040,909,ITF,ITF4,16,Puglia,Puglia,4029053,4377317,108.64,1.19
2369,2021-04-03,PUG,10574,4656,5918,6815,3566,193,ITF,ITF4,16,Puglia,Puglia,4029053,4387891,108.91,0.26
2370,2021-04-01,PUG,13959,6555,7404,7373,6371,215,ITF,ITF4,16,Puglia,Puglia,4029053,4401850,109.25,0.35
2371,2021-02-03,PUG,5047,2006,3041,708,4338,1,ITF,ITF4,16,Puglia,Puglia,4029053,4406897,109.38,0.13
2372,2021-07-12,PUG,45572,21525,24047,12785,32013,774,ITF,ITF4,16,Puglia,Puglia,4029053,4452469,110.51,1.13
2373,2021-04-16,PUG,36099,16971,19128,32389,3281,429,ITF,ITF4,16,Puglia,Puglia,4029053,4488568,111.41,0.9
2374,2021-02-18,PUG,4382,1847,2535,3713,609,60,ITF,ITF4,16,Puglia,Puglia,4029053,4492950,111.51,0.11
2375,2021-07-25,PUG,14264,7380,6884,4297,9760,207,ITF,ITF4,16,Puglia,Puglia,4029053,4507214,111.87,0.35
2376,2021-04-09,PUG,22083,9517,12566,17063,4634,386,ITF,ITF4,16,Puglia,Puglia,4029053,4529297,112.42,0.55
2377,2021-02-11,PUG,3697,1401,2296,2391,1279,27,ITF,ITF4,16,Puglia,Puglia,4029053,4532994,112.51,0.09
2378,2021-07-18,PUG,18776,9614,9162,6252,12182,342,ITF,ITF4,16,Puglia,Puglia,4029053,4551770,112.97,0.47
2379,2021-05-22,PUG,34727,15906,18821,23632,10552,543,ITF,ITF4,16,Puglia,Puglia,4029053,4586497,113.84,0.86
2380,2021-02-25,PUG,11978,5063,6915,10666,1177,135,ITF,ITF4,16,Puglia,Puglia,4029053,4598475,114.13,0.3
2381,2021-06-05,PUG,42585,20866,21719,29151,12712,722,ITF,ITF4,16,Puglia,Puglia,4029053,4641060,115.19,1.06
2382,2021-08-05,PUG,30377,15237,15140,8292,21404,681,ITF,ITF4,16,Puglia,Puglia,4029053,4671437,115.94,0.75
2383,2021-01-06,PUG,3954,1676,2278,3953,0,1,ITF,ITF4,16,Puglia,Puglia,4029053,4675391,116.04,0.1
2384,2021-06-16,PUG,42065,20697,21368,26886,14453,726,ITF,ITF4,16,Puglia,Puglia,4029053,4717456,117.09,1.04
2385,2020-12-30,PUG,1,0,1,1,0,0,ITF,ITF4,16,Puglia,Puglia,4029053,4717457,117.09,0.0
2386,2021-03-22,PUG,9976,5132,4844,4241,5665,70,ITF,ITF4,16,Puglia,Puglia,4029053,4727433,117.33,0.25
2387,2021-01-24,PUG,1670,751,919,151,1519,0,ITF,ITF4,16,Puglia,Puglia,4029053,4729103,117.38,0.04
2388,2021-06-30,PUG,47666,23134,24532,18819,27990,857,ITF,ITF4,16,Puglia,Puglia,4029053,4776769,118.56,1.18
2389,2021-03-15,PUG,12345,6152,6193,5734,6508,103,ITF,ITF4,16,Puglia,Puglia,4029053,4789114,118.86,0.31
2390,2021-01-17,PUG,1310,592,718,1240,70,0,ITF,ITF4,16,Puglia,Puglia,4029053,4790424,118.9,0.03
2391,2021-06-23,PUG,29393,14359,15034,16991,11788,614,ITF,ITF4,16,Puglia,Puglia,4029053,4819817,119.63,0.73
2392,2021-04-27,PUG,26701,12080,14621,20769,5611,321,ITF,ITF4,16,Puglia,Puglia,4029053,4846518,120.29,0.66
2393,2021-05-11,PUG,32673,14438,18235,13684,18505,484,ITF,ITF4,16,Puglia,Puglia,4029053,4879191,121.1,0.81
2394,2021-05-04,PUG,35177,14880,20297,18232,16532,413,ITF,ITF4,16,Puglia,Puglia,4029053,4914368,121.97,0.87
2395,2021-03-08,PUG,15006,6442,8564,12441,2410,155,ITF,ITF4,16,Puglia,Puglia,4029053,4929374,122.35,0.37
2396,2021-07-29,UMB,8170,4212,3958,2186,5909,75,ITI,ITI2,10,Umbria,Umbria,882015,8170,0.93,0.93
2397,2021-05-07,UMB,10118,4711,5407,6707,3190,221,ITI,ITI2,10,Umbria,Umbria,882015,18288,2.07,1.15
2398,2021-06-02,UMB,3918,1884,2034,3876,42,0,ITI,ITI2,10,Umbria,Umbria,882015,22206,2.52,0.44
2399,2021-02-20,UMB,283,101,182,259,24,0,ITI,ITI2,10,Umbria,Umbria,882015,22489,2.55,0.03
2400,2021-03-09,UMB,4088,2000,2088,2791,1288,9,ITI,ITI2,10,Umbria,Umbria,882015,26577,3.01,0.46
2401,2021-02-13,UMB,114,27,87,111,3,0,ITI,ITI2,10,Umbria,Umbria,882015,26691,3.03,0.01
2402,2021-05-24,UMB,9061,4512,4549,8016,879,166,ITI,ITI2,10,Umbria,Umbria,882015,35752,4.05,1.03
2403,2021-04-18,UMB,1531,681,850,578,930,23,ITI,ITI2,10,Umbria,Umbria,882015,37283,4.23,0.17
2404,2021-01-11,UMB,1304,341,963,1304,0,0,ITI,ITI2,10,Umbria,Umbria,882015,38587,4.37,0.15
2405,2021-07-27,UMB,8130,4084,4046,2753,5322,55,ITI,ITI2,10,Umbria,Umbria,882015,46717,5.3,0.92
2406,2021-05-05,UMB,7222,3305,3917,3835,3306,81,ITI,ITI2,10,Umbria,Umbria,882015,53939,6.12,0.82
2407,2021-01-25,UMB,648,323,325,5,643,0,ITI,ITI2,10,Umbria,Umbria,882015,54587,6.19,0.07
2408,2021-06-14,UMB,5378,2745,2633,3361,2010,7,ITI,ITI2,10,Umbria,Umbria,882015,59965,6.8,0.61
2409,2021-07-03,UMB,6470,3245,3225,2920,3494,56,ITI,ITI2,10,Umbria,Umbria,882015,66435,7.53,0.73
2410,2021-07-20,UMB,8260,4105,4155,1146,7081,33,ITI,ITI2,10,Umbria,Umbria,882015,74695,8.47,0.94
2411,2021-07-22,UMB,9945,4843,5102,1651,8238,56,ITI,ITI2,10,Umbria,Umbria,882015,84640,9.6,1.13
2412,2021-04-23,UMB,6635,2803,3832,3301,3138,196,ITI,ITI2,10,Umbria,Umbria,882015,91275,10.35,0.75
2413,2021-02-25,UMB,1332,495,837,1272,52,8,ITI,ITI2,10,Umbria,Umbria,882015,92607,10.5,0.15
2414,2021-03-11,UMB,3583,1723,1860,2564,1006,13,ITI,ITI2,10,Umbria,Umbria,882015,96190,10.91,0.41
2415,2021-01-13,UMB,449,139,310,449,0,0,ITI,ITI2,10,Umbria,Umbria,882015,96639,10.96,0.05
2416,2021-06-19,UMB,4569,2199,2370,2534,2031,4,ITI,ITI2,10,Umbria,Umbria,882015,101208,11.47,0.52
2417,2021-01-06,UMB,847,326,521,847,0,0,ITI,ITI2,10,Umbria,Umbria,882015,102055,11.57,0.1
2418,2021-06-12,UMB,7715,3686,4029,6118,1579,18,ITI,ITI2,10,Umbria,Umbria,882015,109770,12.45,0.87
2419,2021-04-16,UMB,8098,3742,4356,6082,1838,178,ITI,ITI2,10,Umbria,Umbria,882015,117868,13.36,0.92
2420,2021-04-30,UMB,6253,2971,3282,2735,3397,121,ITI,ITI2,10,Umbria,Umbria,882015,124121,14.07,0.71
2421,2021-03-04,UMB,4484,1855,2629,3643,827,14,ITI,ITI2,10,Umbria,Umbria,882015,128605,14.58,0.51
2422,2021-01-20,UMB,602,221,381,602,0,0,ITI,ITI2,10,Umbria,Umbria,882015,129207,14.65,0.07
2423,2021-03-23,UMB,3824,1713,2111,2158,1629,37,ITI,ITI2,10,Umbria,Umbria,882015,133031,15.08,0.43
2424,2021-07-01,UMB,9681,4792,4889,3358,6281,42,ITI,ITI2,10,Umbria,Umbria,882015,142712,16.18,1.1
2425,2021-02-08,UMB,635,203,432,88,547,0,ITI,ITI2,10,Umbria,Umbria,882015,143347,16.25,0.07
2426,2021-05-19,UMB,9418,4216,5202,5589,3743,86,ITI,ITI2,10,Umbria,Umbria,882015,152765,17.32,1.07
2427,2021-02-06,UMB,404,139,265,34,370,0,ITI,ITI2,10,Umbria,Umbria,882015,153169,17.37,0.05
2428,2021-04-06,UMB,5290,2167,3123,2864,2389,37,ITI,ITI2,10,Umbria,Umbria,882015,158459,17.97,0.6
2429,2021-03-28,UMB,1095,441,654,1040,24,31,ITI,ITI2,10,Umbria,Umbria,882015,159554,18.09,0.12
2430,2021-01-30,UMB,1575,486,1089,44,1531,0,ITI,ITI2,10,Umbria,Umbria,882015,161129,18.27,0.18
2431,2021-07-15,UMB,10562,5175,5387,608,9902,52,ITI,ITI2,10,Umbria,Umbria,882015,171691,19.47,1.2
2432,2021-03-18,UMB,2965,1171,1794,1698,1262,5,ITI,ITI2,10,Umbria,Umbria,882015,174656,19.8,0.34
2433,2021-06-26,UMB,9320,4733,4587,5689,3627,4,ITI,ITI2,10,Umbria,Umbria,882015,183976,20.86,1.06
2434,2021-07-10,UMB,7682,3808,3874,71,7603,8,ITI,ITI2,10,Umbria,Umbria,882015,191658,21.73,0.87
2435,2021-05-31,UMB,5816,2845,2971,4854,884,78,ITI,ITI2,10,Umbria,Umbria,882015,197474,22.39,0.66
2436,2021-05-14,UMB,5327,2509,2818,3353,1817,157,ITI,ITI2,10,Umbria,Umbria,882015,202801,22.99,0.6
2437,2021-02-01,UMB,1284,341,943,48,1236,0,ITI,ITI2,10,Umbria,Umbria,882015,204085,23.14,0.15
2438,2021-02-18,UMB,1496,582,914,1029,466,1,ITI,ITI2,10,Umbria,Umbria,882015,205581,23.31,0.17
2439,2021-04-25,UMB,4357,1684,2673,3866,82,409,ITI,ITI2,10,Umbria,Umbria,882015,209938,23.8,0.49
2440,2021-08-03,UMB,9174,4748,4426,3510,5500,164,ITI,ITI2,10,Umbria,Umbria,882015,219112,24.84,1.04
2441,2021-06-21,UMB,7501,3933,3568,5159,2337,5,ITI,ITI2,10,Umbria,Umbria,882015,226613,25.69,0.85
2442,2021-01-01,UMB,273,104,169,273,0,0,ITI,ITI2,10,Umbria,Umbria,882015,226886,25.72,0.03
2443,2021-04-11,UMB,3099,1505,1594,3033,49,17,ITI,ITI2,10,Umbria,Umbria,882015,229985,26.07,0.35
2444,2021-01-18,UMB,614,218,396,529,85,0,ITI,ITI2,10,Umbria,Umbria,882015,230599,26.14,0.07
2445,2021-05-30,UMB,5982,2999,2983,5664,202,116,ITI,ITI2,10,Umbria,Umbria,882015,236581,26.82,0.68
2446,2021-04-04,UMB,57,20,37,22,35,0,ITI,ITI2,10,Umbria,Umbria,882015,236638,26.83,0.01
2447,2021-06-07,UMB,6945,3427,3518,6243,695,7,ITI,ITI2,10,Umbria,Umbria,882015,243583,27.62,0.79
2448,2021-03-16,UMB,3538,1454,2084,1909,1627,2,ITI,ITI2,10,Umbria,Umbria,882015,247121,28.02,0.4
2449,2021-02-27,UMB,1658,354,1304,1642,16,0,ITI,ITI2,10,Umbria,Umbria,882015,248779,28.21,0.19
2450,2021-04-03,UMB,2098,712,1386,1034,1053,11,ITI,ITI2,10,Umbria,Umbria,882015,250877,28.44,0.24
2451,2021-07-12,UMB,4619,2235,2384,107,4503,9,ITI,ITI2,10,Umbria,Umbria,882015,255496,28.97,0.52
2452,2021-06-30,UMB,10480,5297,5183,3761,6712,7,ITI,ITI2,10,Umbria,Umbria,882015,265976,30.16,1.19
2453,2021-07-07,UMB,9488,4498,4990,92,9369,27,ITI,ITI2,10,Umbria,Umbria,882015,275464,31.23,1.08
2454,2021-05-26,UMB,9651,4566,5085,8206,1250,195,ITI,ITI2,10,Umbria,Umbria,882015,285115,32.33,1.09
2455,2021-07-26,UMB,9072,4794,4278,3943,5073,56,ITI,ITI2,10,Umbria,Umbria,882015,294187,33.35,1.03
2456,2021-07-08,UMB,9562,4628,4934,179,9338,45,ITI,ITI2,10,Umbria,Umbria,882015,303749,34.44,1.08
2457,2021-05-12,UMB,6492,3026,3466,4199,2146,147,ITI,ITI2,10,Umbria,Umbria,882015,310241,35.17,0.74
2458,2021-03-30,UMB,3976,1730,2246,2400,1540,36,ITI,ITI2,10,Umbria,Umbria,882015,314217,35.62,0.45
2459,2020-12-27,UMB,85,44,41,85,0,0,ITI,ITI2,10,Umbria,Umbria,882015,314302,35.63,0.01
2460,2021-02-22,UMB,1889,807,1082,1803,86,0,ITI,ITI2,10,Umbria,Umbria,882015,316191,35.85,0.21
2461,2021-04-20,UMB,5450,2364,3086,3430,1947,73,ITI,ITI2,10,Umbria,Umbria,882015,321641,36.47,0.62
2462,2021-01-27,UMB,840,330,510,13,827,0,ITI,ITI2,10,Umbria,Umbria,882015,322481,36.56,0.1
2463,2021-01-10,UMB,1065,274,791,1065,0,0,ITI,ITI2,10,Umbria,Umbria,882015,323546,36.68,0.12
2464,2021-05-21,UMB,8976,3670,5306,4062,4829,85,ITI,ITI2,10,Umbria,Umbria,882015,332522,37.7,1.02
2465,2021-05-04,UMB,5539,2545,2994,2353,3125,61,ITI,ITI2,10,Umbria,Umbria,882015,338061,38.33,0.63
2466,2021-04-01,UMB,4373,1837,2536,2326,2010,37,ITI,ITI2,10,Umbria,Umbria,882015,342434,38.82,0.5
2467,2021-03-01,UMB,1505,775,730,1385,114,6,ITI,ITI2,10,Umbria,Umbria,882015,343939,38.99,0.17
2468,2021-06-09,UMB,8151,3948,4203,7416,722,13,ITI,ITI2,10,Umbria,Umbria,882015,352090,39.92,0.92
2469,2021-06-23,UMB,11207,5729,5478,7793,3405,9,ITI,ITI2,10,Umbria,Umbria,882015,363297,41.19,1.27
2470,2021-05-16,UMB,5219,2493,2726,5087,50,82,ITI,ITI2,10,Umbria,Umbria,882015,368516,41.78,0.59
2471,2021-08-05,UMB,9411,4937,4474,3767,5500,144,ITI,ITI2,10,Umbria,Umbria,882015,377927,42.85,1.07
2472,2021-07-19,UMB,7619,3802,3817,1541,6028,50,ITI,ITI2,10,Umbria,Umbria,882015,385546,43.71,0.86
2473,2021-04-27,UMB,5666,2401,3265,3054,2579,33,ITI,ITI2,10,Umbria,Umbria,882015,391212,44.35,0.64
2474,2021-02-03,UMB,724,174,550,67,657,0,ITI,ITI2,10,Umbria,Umbria,882015,391936,44.44,0.08
2475,2021-03-08,UMB,3696,1822,1874,2323,1361,12,ITI,ITI2,10,Umbria,Umbria,882015,395632,44.86,0.42
2476,2021-06-16,UMB,6318,3093,3225,3221,3095,2,ITI,ITI2,10,Umbria,Umbria,882015,401950,45.57,0.72
2477,2021-03-25,UMB,3930,1724,2206,2821,1064,45,ITI,ITI2,10,Umbria,Umbria,882015,405880,46.02,0.45
2478,2021-03-27,UMB,4251,1513,2738,3855,340,56,ITI,ITI2,10,Umbria,Umbria,882015,410131,46.5,0.48
2479,2021-03-06,UMB,4304,1146,3158,4134,138,32,ITI,ITI2,10,Umbria,Umbria,882015,414435,46.99,0.49
2480,2021-01-22,UMB,276,105,171,32,244,0,ITI,ITI2,10,Umbria,Umbria,882015,414711,47.02,0.03
2481,2021-06-28,UMB,9760,4812,4948,3791,5968,1,ITI,ITI2,10,Umbria,Umbria,882015,424471,48.13,1.11
2482,2021-05-02,UMB,3781,1867,1914,1298,2454,29,ITI,ITI2,10,Umbria,Umbria,882015,428252,48.55,0.43
2483,2021-03-20,UMB,2319,845,1474,2290,25,4,ITI,ITI2,10,Umbria,Umbria,882015,430571,48.82,0.26
2484,2021-05-28,UMB,9593,4439,5154,7113,2299,181,ITI,ITI2,10,Umbria,Umbria,882015,440164,49.9,1.09
2485,2021-04-15,UMB,7656,3502,4154,5698,1887,71,ITI,ITI2,10,Umbria,Umbria,882015,447820,50.77,0.87
2486,2021-02-17,UMB,1618,748,870,1266,351,1,ITI,ITI2,10,Umbria,Umbria,882015,449438,50.96,0.18
2487,2021-07-24,UMB,8686,4363,4323,1384,7273,29,ITI,ITI2,10,Umbria,Umbria,882015,458124,51.94,0.98
2488,2021-04-13,UMB,7678,3399,4279,5921,1668,89,ITI,ITI2,10,Umbria,Umbria,882015,465802,52.81,0.87
2489,2021-02-15,UMB,1367,692,675,1364,1,2,ITI,ITI2,10,Umbria,Umbria,882015,467169,52.97,0.15
2490,2021-01-03,UMB,270,112,158,270,0,0,ITI,ITI2,10,Umbria,Umbria,882015,467439,53.0,0.03
2491,2021-01-08,UMB,1187,344,843,1187,0,0,ITI,ITI2,10,Umbria,Umbria,882015,468626,53.13,0.13
2492,2021-05-23,UMB,5068,1854,3214,635,4416,17,ITI,ITI2,10,Umbria,Umbria,882015,473694,53.71,0.57
2493,2021-03-17,UMB,3329,1313,2016,1855,1472,2,ITI,ITI2,10,Umbria,Umbria,882015,477023,54.08,0.38
2494,2021-01-07,UMB,1300,387,913,1300,0,0,ITI,ITI2,10,Umbria,Umbria,882015,478323,54.23,0.15
2495,2021-06-25,UMB,10177,5288,4889,5395,4772,10,ITI,ITI2,10,Umbria,Umbria,882015,488500,55.38,1.15
2496,2021-06-11,UMB,6993,3515,3478,6212,770,11,ITI,ITI2,10,Umbria,Umbria,882015,495493,56.18,0.79
2497,2021-03-15,UMB,4597,1941,2656,2828,1766,3,ITI,ITI2,10,Umbria,Umbria,882015,500090,56.7,0.52
2498,2021-02-10,UMB,715,350,365,700,15,0,ITI,ITI2,10,Umbria,Umbria,882015,500805,56.78,0.08
2499,2021-01-24,UMB,258,106,152,1,257,0,ITI,ITI2,10,Umbria,Umbria,882015,501063,56.81,0.03
2500,2021-06-08,UMB,7378,3641,3737,6812,547,19,ITI,ITI2,10,Umbria,Umbria,882015,508441,57.65,0.84
2501,2021-06-27,UMB,7456,3730,3726,1771,5684,1,ITI,ITI2,10,Umbria,Umbria,882015,515897,58.49,0.85
2502,2021-02-05,UMB,780,234,546,18,762,0,ITI,ITI2,10,Umbria,Umbria,882015,516677,58.58,0.09
2503,2021-07-21,UMB,9838,4909,4929,1262,8525,51,ITI,ITI2,10,Umbria,Umbria,882015,526515,59.69,1.12
2504,2021-07-04,UMB,3406,1740,1666,2407,968,31,ITI,ITI2,10,Umbria,Umbria,882015,529921,60.08,0.39
2505,2021-04-12,UMB,7085,3081,4004,5311,1717,57,ITI,ITI2,10,Umbria,Umbria,882015,537006,60.88,0.8
2506,2021-01-19,UMB,102,23,79,102,0,0,ITI,ITI2,10,Umbria,Umbria,882015,537108,60.9,0.01
2507,2021-04-29,UMB,5215,2250,2965,2807,2320,88,ITI,ITI2,10,Umbria,Umbria,882015,542323,61.49,0.59
2508,2021-03-24,UMB,4104,1792,2312,2744,1323,37,ITI,ITI2,10,Umbria,Umbria,882015,546427,61.95,0.47
2509,2021-07-02,UMB,8737,4323,4414,3046,5600,91,ITI,ITI2,10,Umbria,Umbria,882015,555164,62.94,0.99
2510,2021-04-10,UMB,7393,3478,3915,7177,84,132,ITI,ITI2,10,Umbria,Umbria,882015,562557,63.78,0.84
2511,2021-01-17,UMB,54,17,37,54,0,0,ITI,ITI2,10,Umbria,Umbria,882015,562611,63.79,0.01
2512,2020-12-31,UMB,322,127,195,322,0,0,ITI,ITI2,10,Umbria,Umbria,882015,562933,63.82,0.04
2513,2021-03-13,UMB,1735,524,1211,1486,249,0,ITI,ITI2,10,Umbria,Umbria,882015,564668,64.02,0.2
2514,2021-01-15,UMB,695,213,482,695,0,0,ITI,ITI2,10,Umbria,Umbria,882015,565363,64.1,0.08
2515,2021-01-29,UMB,1231,349,882,79,1152,0,ITI,ITI2,10,Umbria,Umbria,882015,566594,64.24,0.14
2516,2021-05-09,UMB,5755,2753,3002,5244,391,120,ITI,ITI2,10,Umbria,Umbria,882015,572349,64.89,0.65
2517,2021-07-09,UMB,9559,4629,4930,139,9406,14,ITI,ITI2,10,Umbria,Umbria,882015,581908,65.97,1.08
2518,2021-07-23,UMB,10617,5435,5182,1370,9192,55,ITI,ITI2,10,Umbria,Umbria,882015,592525,67.18,1.2
2519,2021-07-16,UMB,9619,4895,4724,703,8876,40,ITI,ITI2,10,Umbria,Umbria,882015,602144,68.27,1.09
2520,2021-05-20,UMB,9849,4598,5251,6104,3657,88,ITI,ITI2,10,Umbria,Umbria,882015,611993,69.39,1.12
2521,2021-03-31,UMB,3896,1727,2169,2179,1685,32,ITI,ITI2,10,Umbria,Umbria,882015,615889,69.83,0.44
2522,2021-02-16,UMB,1308,655,653,1299,9,0,ITI,ITI2,10,Umbria,Umbria,882015,617197,69.98,0.15
2523,2021-05-27,UMB,9972,4865,5107,8475,1318,179,ITI,ITI2,10,Umbria,Umbria,882015,627169,71.11,1.13
2524,2021-01-04,UMB,809,398,411,809,0,0,ITI,ITI2,10,Umbria,Umbria,882015,627978,71.2,0.09
2525,2021-04-14,UMB,8154,3681,4473,6098,1979,77,ITI,ITI2,10,Umbria,Umbria,882015,636132,72.12,0.92
2526,2021-06-03,UMB,9040,4470,4570,8746,289,5,ITI,ITI2,10,Umbria,Umbria,882015,645172,73.15,1.02
2527,2021-04-07,UMB,5576,2293,3283,3485,2006,85,ITI,ITI2,10,Umbria,Umbria,882015,650748,73.78,0.63
2528,2021-02-23,UMB,1691,657,1034,1649,42,0,ITI,ITI2,10,Umbria,Umbria,882015,652439,73.97,0.19
2529,2021-06-18,UMB,4773,2355,2418,1613,3158,2,ITI,ITI2,10,Umbria,Umbria,882015,657212,74.51,0.54
2530,2021-07-05,UMB,8414,4079,4335,161,8246,7,ITI,ITI2,10,Umbria,Umbria,882015,665626,75.47,0.95
2531,2021-05-13,UMB,5920,2659,3261,3706,2085,129,ITI,ITI2,10,Umbria,Umbria,882015,671546,76.14,0.67
2532,2021-02-19,UMB,743,293,450,525,217,1,ITI,ITI2,10,Umbria,Umbria,882015,672289,76.22,0.08
2533,2021-08-04,UMB,10470,5439,5031,3234,7092,144,ITI,ITI2,10,Umbria,Umbria,882015,682759,77.41,1.19
2534,2021-06-01,UMB,4381,2089,2292,4224,155,2,ITI,ITI2,10,Umbria,Umbria,882015,687140,77.91,0.5
2535,2021-03-10,UMB,4030,1942,2088,2759,1256,15,ITI,ITI2,10,Umbria,Umbria,882015,691170,78.36,0.46
2536,2021-04-08,UMB,5865,2509,3356,4005,1790,70,ITI,ITI2,10,Umbria,Umbria,882015,697035,79.03,0.66
2537,2021-07-17,UMB,7661,3853,3808,1366,6228,67,ITI,ITI2,10,Umbria,Umbria,882015,704696,79.9,0.87
2538,2021-06-04,UMB,8914,4406,4508,7703,1199,12,ITI,ITI2,10,Umbria,Umbria,882015,713610,80.91,1.01
2539,2021-06-13,UMB,6763,3556,3207,6526,230,7,ITI,ITI2,10,Umbria,Umbria,882015,720373,81.67,0.77
2540,2021-05-01,UMB,5370,2638,2732,2096,3230,44,ITI,ITI2,10,Umbria,Umbria,882015,725743,82.28,0.61
2541,2021-03-05,UMB,4618,1402,3216,3947,656,15,ITI,ITI2,10,Umbria,Umbria,882015,730361,82.81,0.52
2542,2021-03-03,UMB,4432,1772,2660,3718,711,3,ITI,ITI2,10,Umbria,Umbria,882015,734793,83.31,0.5
2543,2021-06-06,UMB,7609,3905,3704,6907,694,8,ITI,ITI2,10,Umbria,Umbria,882015,742402,84.17,0.86
2544,2021-02-24,UMB,1518,563,955,1503,15,0,ITI,ITI2,10,Umbria,Umbria,882015,743920,84.34,0.17
2545,2021-07-06,UMB,8593,4093,4500,152,8420,21,ITI,ITI2,10,Umbria,Umbria,882015,752513,85.32,0.97
2546,2021-05-10,UMB,5996,2803,3193,3765,2148,83,ITI,ITI2,10,Umbria,Umbria,882015,758509,86.0,0.68
2547,2021-05-08,UMB,8139,3742,4397,4799,3238,102,ITI,ITI2,10,Umbria,Umbria,882015,766648,86.92,0.92
2548,2021-01-28,UMB,1248,394,854,18,1230,0,ITI,ITI2,10,Umbria,Umbria,882015,767896,87.06,0.14
2549,2021-05-03,UMB,5086,2270,2816,2098,2887,101,ITI,ITI2,10,Umbria,Umbria,882015,772982,87.64,0.58
2550,2021-07-31,UMB,4322,2258,2064,1490,2802,30,ITI,ITI2,10,Umbria,Umbria,882015,777304,88.13,0.49
2551,2021-04-22,UMB,5452,2249,3203,2701,2669,82,ITI,ITI2,10,Umbria,Umbria,882015,782756,88.75,0.62
2552,2021-04-17,UMB,6684,3070,3614,5178,1341,165,ITI,ITI2,10,Umbria,Umbria,882015,789440,89.5,0.76
2553,2021-01-05,UMB,854,429,425,854,0,0,ITI,ITI2,10,Umbria,Umbria,882015,790294,89.6,0.1
2554,2021-08-02,UMB,5524,2891,2633,262,5246,16,ITI,ITI2,10,Umbria,Umbria,882015,795818,90.23,0.63
2555,2021-06-20,UMB,6218,3006,3212,1613,4605,0,ITI,ITI2,10,Umbria,Umbria,882015,802036,90.93,0.7
2556,2021-04-24,UMB,4562,1961,2601,3275,1183,104,ITI,ITI2,10,Umbria,Umbria,882015,806598,91.45,0.52
2557,2021-01-26,UMB,815,389,426,17,798,0,ITI,ITI2,10,Umbria,Umbria,882015,807413,91.54,0.09
2558,2021-02-12,UMB,670,224,446,664,6,0,ITI,ITI2,10,Umbria,Umbria,882015,808083,91.62,0.08
2559,2021-02-26,UMB,660,253,407,650,8,2,ITI,ITI2,10,Umbria,Umbria,882015,808743,91.69,0.07
2560,2021-05-06,UMB,9457,4317,5140,6022,3314,121,ITI,ITI2,10,Umbria,Umbria,882015,818200,92.76,1.07
2561,2021-01-16,UMB,217,71,146,216,0,1,ITI,ITI2,10,Umbria,Umbria,882015,818417,92.79,0.02
2562,2021-02-02,UMB,942,272,670,32,910,0,ITI,ITI2,10,Umbria,Umbria,882015,819359,92.9,0.11
2563,2021-04-26,UMB,5398,2341,3057,3104,2254,40,ITI,ITI2,10,Umbria,Umbria,882015,824757,93.51,0.61
2564,2021-04-09,UMB,6733,3126,3607,6405,210,118,ITI,ITI2,10,Umbria,Umbria,882015,831490,94.27,0.76
2565,2021-04-28,UMB,5390,2330,3060,2949,2396,45,ITI,ITI2,10,Umbria,Umbria,882015,836880,94.88,0.61
2566,2021-02-04,UMB,734,226,508,26,708,0,ITI,ITI2,10,Umbria,Umbria,882015,837614,94.97,0.08
2567,2021-05-15,UMB,4992,1883,3109,1765,3164,63,ITI,ITI2,10,Umbria,Umbria,882015,842606,95.53,0.57
2568,2021-07-28,UMB,8227,4327,3900,3019,5149,59,ITI,ITI2,10,Umbria,Umbria,882015,850833,96.46,0.93
2569,2021-06-15,UMB,5978,3013,2965,3905,2068,5,ITI,ITI2,10,Umbria,Umbria,882015,856811,97.14,0.68
2570,2021-06-17,UMB,6968,3542,3426,4874,2079,15,ITI,ITI2,10,Umbria,Umbria,882015,863779,97.93,0.79
2571,2021-03-26,UMB,4592,1716,2876,4345,172,75,ITI,ITI2,10,Umbria,Umbria,882015,868371,98.45,0.52
2572,2021-01-02,UMB,304,111,193,304,0,0,ITI,ITI2,10,Umbria,Umbria,882015,868675,98.49,0.03
2573,2021-06-10,UMB,7551,3761,3790,6753,784,14,ITI,ITI2,10,Umbria,Umbria,882015,876226,99.34,0.86
2574,2021-01-12,UMB,834,247,587,834,0,0,ITI,ITI2,10,Umbria,Umbria,882015,877060,99.44,0.09
2575,2021-03-14,UMB,66,48,18,66,0,0,ITI,ITI2,10,Umbria,Umbria,882015,877126,99.45,0.01
2576,2021-06-22,UMB,8037,4081,3956,5239,2792,6,ITI,ITI2,10,Umbria,Umbria,882015,885163,100.36,0.91
2577,2021-03-12,UMB,2694,1082,1612,2191,495,8,ITI,ITI2,10,Umbria,Umbria,882015,887857,100.66,0.31
2578,2021-01-23,UMB,280,100,180,2,278,0,ITI,ITI2,10,Umbria,Umbria,882015,888137,100.69,0.03
2579,2021-01-21,UMB,608,202,406,338,269,1,ITI,ITI2,10,Umbria,Umbria,882015,888745,100.76,0.07
2580,2021-03-07,UMB,845,180,665,837,7,1,ITI,ITI2,10,Umbria,Umbria,882015,889590,100.86,0.1
2581,2021-05-29,UMB,7858,3612,4246,6177,1567,114,ITI,ITI2,10,Umbria,Umbria,882015,897448,101.75,0.89
2582,2021-02-11,UMB,839,348,491,834,5,0,ITI,ITI2,10,Umbria,Umbria,882015,898287,101.84,0.1
2583,2021-05-22,UMB,6972,2755,4217,2600,4326,46,ITI,ITI2,10,Umbria,Umbria,882015,905259,102.64,0.79
2584,2021-07-11,UMB,5874,2966,2908,89,5784,1,ITI,ITI2,10,Umbria,Umbria,882015,911133,103.3,0.67
2585,2021-04-02,UMB,4343,1778,2565,3544,755,44,ITI,ITI2,10,Umbria,Umbria,882015,915476,103.79,0.49
2586,2021-01-09,UMB,1717,495,1222,1717,0,0,ITI,ITI2,10,Umbria,Umbria,882015,917193,103.99,0.19
2587,2021-04-19,UMB,5034,2227,2807,2931,2048,55,ITI,ITI2,10,Umbria,Umbria,882015,922227,104.56,0.57
2588,2021-07-13,UMB,4229,2006,2223,81,4142,6,ITI,ITI2,10,Umbria,Umbria,882015,926456,105.04,0.48
2589,2021-04-21,UMB,5324,2318,3006,3057,2229,38,ITI,ITI2,10,Umbria,Umbria,882015,931780,105.64,0.6
2590,2021-07-30,UMB,6165,3216,2949,3235,2872,58,ITI,ITI2,10,Umbria,Umbria,882015,937945,106.34,0.7
2591,2021-03-02,UMB,3641,1346,2295,3634,4,3,ITI,ITI2,10,Umbria,Umbria,882015,941586,106.75,0.41
2592,2021-06-24,UMB,10146,5115,5031,6137,4002,7,ITI,ITI2,10,Umbria,Umbria,882015,951732,107.9,1.15
2593,2021-03-21,UMB,675,338,337,672,0,3,ITI,ITI2,10,Umbria,Umbria,882015,952407,107.98,0.08
2594,2021-06-29,UMB,9889,5035,4854,4193,5690,6,ITI,ITI2,10,Umbria,Umbria,882015,962296,109.1,1.12
2595,2021-05-17,UMB,6370,3062,3308,4138,2177,55,ITI,ITI2,10,Umbria,Umbria,882015,968666,109.82,0.72
2596,2021-01-14,UMB,723,192,531,723,0,0,ITI,ITI2,10,Umbria,Umbria,882015,969389,109.91,0.08
2597,2021-03-19,UMB,1741,565,1176,1080,656,5,ITI,ITI2,10,Umbria,Umbria,882015,971130,110.1,0.2
2598,2021-05-11,UMB,6237,2836,3401,3904,2193,140,ITI,ITI2,10,Umbria,Umbria,882015,977367,110.81,0.71
2599,2021-03-29,UMB,3631,1601,2030,2152,1421,58,ITI,ITI2,10,Umbria,Umbria,882015,980998,111.22,0.41
2600,2021-01-31,UMB,1058,276,782,25,1033,0,ITI,ITI2,10,Umbria,Umbria,882015,982056,111.34,0.12
2601,2021-05-25,UMB,8815,4301,4514,7584,1063,168,ITI,ITI2,10,Umbria,Umbria,882015,990871,112.34,1.0
2602,2021-05-18,UMB,7750,3356,4394,3828,3841,81,ITI,ITI2,10,Umbria,Umbria,882015,998621,113.22,0.88
2603,2021-03-22,UMB,3561,1656,1905,2305,1246,10,ITI,ITI2,10,Umbria,Umbria,882015,1002182,113.62,0.4
2604,2021-04-05,UMB,4249,1729,2520,2182,2055,12,ITI,ITI2,10,Umbria,Umbria,882015,1006431,114.11,0.48
2605,2021-02-07,UMB,54,17,37,1,53,0,ITI,ITI2,10,Umbria,Umbria,882015,1006485,114.11,0.01
2606,2021-07-14,UMB,6195,3007,3188,1749,4260,186,ITI,ITI2,10,Umbria,Umbria,882015,1012680,114.81,0.7
2607,2021-08-01,UMB,3017,1530,1487,1339,1649,29,ITI,ITI2,10,Umbria,Umbria,882015,1015697,115.16,0.34
2608,2021-07-18,UMB,7853,4063,3790,296,7553,4,ITI,ITI2,10,Umbria,Umbria,882015,1023550,116.05,0.89
2609,2021-06-05,UMB,8225,3775,4450,5562,2655,8,ITI,ITI2,10,Umbria,Umbria,882015,1031775,116.98,0.93
2610,2021-07-25,UMB,7305,3849,3456,1197,6095,13,ITI,ITI2,10,Umbria,Umbria,882015,1039080,117.81,0.83
2611,2021-01-11,VEN,7243,2102,5141,7242,0,1,ITH,ITH3,5,Veneto,Veneto,4905854,7243,0.15,0.15
2612,2021-04-21,VEN,32386,13196,19190,15557,16057,772,ITH,ITH3,5,Veneto,Veneto,4905854,39629,0.81,0.66
2613,2021-05-22,VEN,34820,16697,18123,12710,21441,669,ITH,ITH3,5,Veneto,Veneto,4905854,74449,1.52,0.71
2614,2021-02-11,VEN,4014,1238,2776,3347,628,39,ITH,ITH3,5,Veneto,Veneto,4905854,78463,1.6,0.08
2615,2021-01-28,VEN,9216,2666,6550,169,9045,2,ITH,ITH3,5,Veneto,Veneto,4905854,87679,1.79,0.19
2616,2021-06-17,VEN,51709,25913,25796,25546,25021,1142,ITH,ITH3,5,Veneto,Veneto,4905854,139388,2.84,1.05
2617,2021-03-09,VEN,16546,7448,9098,9827,6323,396,ITH,ITH3,5,Veneto,Veneto,4905854,155934,3.18,0.34
2618,2021-05-31,VEN,31643,16242,15401,20896,9928,819,ITH,ITH3,5,Veneto,Veneto,4905854,187577,3.82,0.65
2619,2021-03-26,VEN,29610,13157,16453,23287,5464,859,ITH,ITH3,5,Veneto,Veneto,4905854,217187,4.43,0.6
2620,2021-03-28,VEN,31310,13607,17703,26885,3614,811,ITH,ITH3,5,Veneto,Veneto,4905854,248497,5.07,0.64
2621,2021-06-19,VEN,49281,25073,24208,25686,22570,1025,ITH,ITH3,5,Veneto,Veneto,4905854,297778,6.07,1.0
2622,2021-07-13,VEN,43503,22575,20928,5371,37818,314,ITH,ITH3,5,Veneto,Veneto,4905854,341281,6.96,0.89
2623,2021-04-04,VEN,7790,3535,4255,6517,1148,125,ITH,ITH3,5,Veneto,Veneto,4905854,349071,7.12,0.16
2624,2021-05-24,VEN,33083,16432,16651,7631,25047,405,ITH,ITH3,5,Veneto,Veneto,4905854,382154,7.79,0.67
2625,2021-01-23,VEN,4057,1250,2807,31,4026,0,ITH,ITH3,5,Veneto,Veneto,4905854,386211,7.87,0.08
2626,2021-06-29,VEN,45541,22719,22822,19040,25817,684,ITH,ITH3,5,Veneto,Veneto,4905854,431752,8.8,0.93
2627,2021-03-21,VEN,11987,4756,7231,8282,3465,240,ITH,ITH3,5,Veneto,Veneto,4905854,443739,9.05,0.24
2628,2021-01-16,VEN,4611,1542,3069,4611,0,0,ITH,ITH3,5,Veneto,Veneto,4905854,448350,9.14,0.09
2629,2021-03-14,VEN,15178,5942,9236,13847,894,437,ITH,ITH3,5,Veneto,Veneto,4905854,463528,9.45,0.31
2630,2021-05-17,VEN,26530,12992,13538,15661,10049,820,ITH,ITH3,5,Veneto,Veneto,4905854,490058,9.99,0.54
2631,2021-02-06,VEN,4097,1354,2743,708,3389,0,ITH,ITH3,5,Veneto,Veneto,4905854,494155,10.07,0.08
2632,2021-02-23,VEN,7383,3253,4130,7029,270,84,ITH,ITH3,5,Veneto,Veneto,4905854,501538,10.22,0.15
2633,2021-05-05,VEN,44404,21278,23126,36229,6566,1609,ITH,ITH3,5,Veneto,Veneto,4905854,545942,11.13,0.91
2634,2021-07-01,VEN,50921,26007,24914,20678,29240,1003,ITH,ITH3,5,Veneto,Veneto,4905854,596863,12.17,1.04
2635,2021-07-18,VEN,37706,19754,17952,3836,33620,250,ITH,ITH3,5,Veneto,Veneto,4905854,634569,12.93,0.77
2636,2021-02-25,VEN,7900,3341,4559,7157,606,137,ITH,ITH3,5,Veneto,Veneto,4905854,642469,13.1,0.16
2637,2021-04-09,VEN,31200,13767,17433,21915,8347,938,ITH,ITH3,5,Veneto,Veneto,4905854,673669,13.73,0.64
2638,2021-06-05,VEN,46866,24139,22727,37330,8092,1444,ITH,ITH3,5,Veneto,Veneto,4905854,720535,14.69,0.96
2639,2021-07-27,VEN,42146,22111,20035,11715,29997,434,ITH,ITH3,5,Veneto,Veneto,4905854,762681,15.55,0.86
2640,2021-08-01,VEN,27865,14911,12954,11005,16344,516,ITH,ITH3,5,Veneto,Veneto,4905854,790546,16.11,0.57
2641,2021-04-23,VEN,31266,13847,17419,21410,8705,1151,ITH,ITH3,5,Veneto,Veneto,4905854,821812,16.75,0.64
2642,2021-02-16,VEN,6644,2870,3774,6438,176,30,ITH,ITH3,5,Veneto,Veneto,4905854,828456,16.89,0.14
2643,2021-03-02,VEN,11492,4627,6865,7934,3311,247,ITH,ITH3,5,Veneto,Veneto,4905854,839948,17.12,0.23
2644,2021-06-10,VEN,52353,27014,25339,41305,9357,1691,ITH,ITH3,5,Veneto,Veneto,4905854,892301,18.19,1.07
2645,2021-04-02,VEN,24105,10627,13478,17133,6331,641,ITH,ITH3,5,Veneto,Veneto,4905854,916406,18.68,0.49
2646,2021-06-09,VEN,42767,21936,20831,33785,7440,1542,ITH,ITH3,5,Veneto,Veneto,4905854,959173,19.55,0.87
2647,2021-07-06,VEN,36030,18575,17455,13109,22278,643,ITH,ITH3,5,Veneto,Veneto,4905854,995203,20.29,0.73
2648,2021-04-14,VEN,15929,6905,9024,8759,6631,539,ITH,ITH3,5,Veneto,Veneto,4905854,1011132,20.61,0.32
2649,2021-01-04,VEN,6738,2036,4702,6736,0,2,ITH,ITH3,5,Veneto,Veneto,4905854,1017870,20.75,0.14
2650,2021-05-14,VEN,46797,22258,24539,24303,20923,1571,ITH,ITH3,5,Veneto,Veneto,4905854,1064667,21.7,0.95
2651,2021-02-20,VEN,6428,2018,4410,6275,72,81,ITH,ITH3,5,Veneto,Veneto,4905854,1071095,21.83,0.13
2652,2021-05-10,VEN,36507,17083,19424,25424,9851,1232,ITH,ITH3,5,Veneto,Veneto,4905854,1107602,22.58,0.74
2653,2021-01-30,VEN,8758,2677,6081,694,8064,0,ITH,ITH3,5,Veneto,Veneto,4905854,1116360,22.76,0.18
2654,2021-03-07,VEN,4496,1770,2726,3866,561,69,ITH,ITH3,5,Veneto,Veneto,4905854,1120856,22.85,0.09
2655,2021-05-03,VEN,40698,19806,20892,32805,6437,1456,ITH,ITH3,5,Veneto,Veneto,4905854,1161554,23.68,0.83
2656,2021-04-28,VEN,32438,15187,17251,22243,9020,1175,ITH,ITH3,5,Veneto,Veneto,4905854,1193992,24.34,0.66
2657,2021-07-20,VEN,44301,23657,20644,6837,36952,512,ITH,ITH3,5,Veneto,Veneto,4905854,1238293,25.24,0.9
2658,2021-01-18,VEN,2766,778,1988,2560,201,5,ITH,ITH3,5,Veneto,Veneto,4905854,1241059,25.3,0.06
2659,2021-02-04,VEN,7394,2028,5366,550,6843,1,ITH,ITH3,5,Veneto,Veneto,4905854,1248453,25.45,0.15
2660,2021-04-30,VEN,50236,23605,26631,33165,15669,1402,ITH,ITH3,5,Veneto,Veneto,4905854,1298689,26.47,1.02
2661,2021-01-09,VEN,7931,2539,5392,7926,0,5,ITH,ITH3,5,Veneto,Veneto,4905854,1306620,26.63,0.16
2662,2021-03-18,VEN,12618,5143,7475,7034,5231,353,ITH,ITH3,5,Veneto,Veneto,4905854,1319238,26.89,0.26
2663,2021-06-26,VEN,48070,24513,23557,13599,33984,487,ITH,ITH3,5,Veneto,Veneto,4905854,1367308,27.87,0.98
2664,2021-05-12,VEN,36961,17891,19070,30223,5124,1614,ITH,ITH3,5,Veneto,Veneto,4905854,1404269,28.62,0.75
2665,2021-07-08,VEN,46651,24278,22373,4466,41888,297,ITH,ITH3,5,Veneto,Veneto,4905854,1450920,29.58,0.95
2666,2021-06-24,VEN,56124,28428,27696,17624,37822,678,ITH,ITH3,5,Veneto,Veneto,4905854,1507044,30.72,1.14
2667,2021-03-16,VEN,12532,5356,7176,6642,5623,267,ITH,ITH3,5,Veneto,Veneto,4905854,1519576,30.97,0.26
2668,2021-03-23,VEN,22220,10244,11976,16871,4714,635,ITH,ITH3,5,Veneto,Veneto,4905854,1541796,31.43,0.45
2669,2021-05-19,VEN,33117,15162,17955,16210,15978,929,ITH,ITH3,5,Veneto,Veneto,4905854,1574913,32.1,0.68
2670,2021-06-12,VEN,48670,24494,24176,36411,10799,1460,ITH,ITH3,5,Veneto,Veneto,4905854,1623583,33.09,0.99
2671,2021-05-29,VEN,33035,16690,16345,24244,7676,1115,ITH,ITH3,5,Veneto,Veneto,4905854,1656618,33.77,0.67
2672,2021-02-18,VEN,5829,2455,3374,5726,64,39,ITH,ITH3,5,Veneto,Veneto,4905854,1662447,33.89,0.12
2673,2021-07-25,VEN,33111,17495,15616,10785,21859,467,ITH,ITH3,5,Veneto,Veneto,4905854,1695558,34.56,0.67
2674,2021-04-16,VEN,24456,10497,13959,11893,11887,676,ITH,ITH3,5,Veneto,Veneto,4905854,1720014,35.06,0.5
2675,2021-08-05,VEN,38638,21101,17537,15379,22675,584,ITH,ITH3,5,Veneto,Veneto,4905854,1758652,35.85,0.79
2676,2021-06-28,VEN,47636,24106,23530,18419,28525,692,ITH,ITH3,5,Veneto,Veneto,4905854,1806288,36.82,0.97
2677,2021-01-25,VEN,6469,2077,4392,157,6312,0,ITH,ITH3,5,Veneto,Veneto,4905854,1812757,36.95,0.13
2678,2021-07-29,VEN,47238,24977,22261,19954,26429,855,ITH,ITH3,5,Veneto,Veneto,4905854,1859995,37.91,0.96
2679,2021-07-15,VEN,51292,26841,24451,5960,44955,377,ITH,ITH3,5,Veneto,Veneto,4905854,1911287,38.96,1.05
2680,2021-04-20,VEN,22451,9498,12953,7879,14003,569,ITH,ITH3,5,Veneto,Veneto,4905854,1933738,39.42,0.46
2681,2021-06-02,VEN,20307,10235,10072,15353,4340,614,ITH,ITH3,5,Veneto,Veneto,4905854,1954045,39.83,0.41
2682,2021-03-11,VEN,19833,8891,10942,13796,5572,465,ITH,ITH3,5,Veneto,Veneto,4905854,1973878,40.24,0.4
2683,2021-01-20,VEN,1038,368,670,386,652,0,ITH,ITH3,5,Veneto,Veneto,4905854,1974916,40.26,0.02
2684,2021-07-03,VEN,38705,20118,18587,11025,27100,580,ITH,ITH3,5,Veneto,Veneto,4905854,2013621,41.05,0.79
2685,2021-06-16,VEN,47762,23564,24198,25271,21405,1086,ITH,ITH3,5,Veneto,Veneto,4905854,2061383,42.02,0.97
2686,2021-01-01,VEN,1528,471,1057,1527,0,1,ITH,ITH3,5,Veneto,Veneto,4905854,2062911,42.05,0.03
2687,2021-03-25,VEN,25969,11060,14909,18970,6104,895,ITH,ITH3,5,Veneto,Veneto,4905854,2088880,42.58,0.53
2688,2021-04-11,VEN,21007,8872,12135,14227,6295,485,ITH,ITH3,5,Veneto,Veneto,4905854,2109887,43.01,0.43
2689,2021-05-28,VEN,46837,22934,23903,23687,21954,1196,ITH,ITH3,5,Veneto,Veneto,4905854,2156724,43.96,0.95
2690,2021-07-24,VEN,41574,22297,19277,13215,27721,638,ITH,ITH3,5,Veneto,Veneto,4905854,2198298,44.81,0.85
2691,2021-07-10,VEN,43150,23190,19960,6253,36535,362,ITH,ITH3,5,Veneto,Veneto,4905854,2241448,45.69,0.88
2692,2021-07-17,VEN,40538,21442,19096,4256,35942,340,ITH,ITH3,5,Veneto,Veneto,4905854,2281986,46.52,0.83
2693,2021-05-02,VEN,37240,17263,19977,25618,10329,1293,ITH,ITH3,5,Veneto,Veneto,4905854,2319226,47.27,0.76
2694,2021-06-14,VEN,42616,21553,21063,26306,15308,1002,ITH,ITH3,5,Veneto,Veneto,4905854,2361842,48.14,0.87
2695,2021-03-06,VEN,10671,4356,6315,7220,3264,187,ITH,ITH3,5,Veneto,Veneto,4905854,2372513,48.36,0.22
2696,2020-12-30,VEN,699,245,454,699,0,0,ITH,ITH3,5,Veneto,Veneto,4905854,2373212,48.38,0.01
2697,2021-06-07,VEN,44687,23316,21371,36187,7025,1475,ITH,ITH3,5,Veneto,Veneto,4905854,2417899,49.29,0.91
2698,2021-02-27,VEN,8993,2693,6300,7964,848,181,ITH,ITH3,5,Veneto,Veneto,4905854,2426892,49.47,0.18
2699,2021-05-07,VEN,48600,23288,25312,37592,8667,2341,ITH,ITH3,5,Veneto,Veneto,4905854,2475492,50.46,0.99
2700,2021-01-27,VEN,7144,2066,5078,239,6904,1,ITH,ITH3,5,Veneto,Veneto,4905854,2482636,50.61,0.15
2701,2021-02-13,VEN,3266,1473,1793,3230,20,16,ITH,ITH3,5,Veneto,Veneto,4905854,2485902,50.67,0.07
2702,2021-03-03,VEN,12098,4647,7451,8386,3501,211,ITH,ITH3,5,Veneto,Veneto,4905854,2498000,50.92,0.25
2703,2021-06-11,VEN,47309,24609,22700,34717,11176,1416,ITH,ITH3,5,Veneto,Veneto,4905854,2545309,51.88,0.96
2704,2021-06-25,VEN,51686,26153,25533,15066,35989,631,ITH,ITH3,5,Veneto,Veneto,4905854,2596995,52.94,1.05
2705,2021-04-18,VEN,17521,7257,10264,9503,7567,451,ITH,ITH3,5,Veneto,Veneto,4905854,2614516,53.29,0.36
2706,2021-01-08,VEN,9412,2838,6574,9398,0,14,ITH,ITH3,5,Veneto,Veneto,4905854,2623928,53.49,0.19
2707,2021-01-13,VEN,5988,1606,4382,5985,0,3,ITH,ITH3,5,Veneto,Veneto,4905854,2629916,53.61,0.12
2708,2021-08-03,VEN,40561,21475,19086,17509,22347,705,ITH,ITH3,5,Veneto,Veneto,4905854,2670477,54.43,0.83
2709,2021-05-09,VEN,35078,16139,18939,23791,10050,1237,ITH,ITH3,5,Veneto,Veneto,4905854,2705555,55.15,0.72
2710,2021-05-26,VEN,31137,15220,15917,13979,16482,676,ITH,ITH3,5,Veneto,Veneto,4905854,2736692,55.78,0.63
2711,2021-03-01,VEN,9395,3717,5678,7410,1822,163,ITH,ITH3,5,Veneto,Veneto,4905854,2746087,55.98,0.19
2712,2021-07-12,VEN,43211,22768,20443,3985,38898,328,ITH,ITH3,5,Veneto,Veneto,4905854,2789298,56.86,0.88
2713,2021-04-03,VEN,21974,9639,12335,13857,7713,404,ITH,ITH3,5,Veneto,Veneto,4905854,2811272,57.3,0.45
2714,2021-03-20,VEN,13029,5390,7639,10654,2082,293,ITH,ITH3,5,Veneto,Veneto,4905854,2824301,57.57,0.27
2715,2021-01-10,VEN,5036,1673,3363,5035,0,1,ITH,ITH3,5,Veneto,Veneto,4905854,2829337,57.67,0.1
2716,2021-04-27,VEN,28203,12795,15408,20135,6913,1155,ITH,ITH3,5,Veneto,Veneto,4905854,2857540,58.25,0.57
2717,2021-01-17,VEN,1933,781,1152,1584,349,0,ITH,ITH3,5,Veneto,Veneto,4905854,2859473,58.29,0.04
2718,2021-02-03,VEN,5951,1670,4281,474,5473,4,ITH,ITH3,5,Veneto,Veneto,4905854,2865424,58.41,0.12
2719,2021-04-29,VEN,50298,23399,26899,35402,13173,1723,ITH,ITH3,5,Veneto,Veneto,4905854,2915722,59.43,1.03
2720,2021-07-21,VEN,43132,22263,20869,8665,33971,496,ITH,ITH3,5,Veneto,Veneto,4905854,2958854,60.31,0.88
2721,2021-02-05,VEN,8386,2540,5846,1409,6968,9,ITH,ITH3,5,Veneto,Veneto,4905854,2967240,60.48,0.17
2722,2021-02-22,VEN,7019,3044,3975,6581,391,47,ITH,ITH3,5,Veneto,Veneto,4905854,2974259,60.63,0.14
2723,2021-05-16,VEN,28420,14013,14407,20325,7078,1017,ITH,ITH3,5,Veneto,Veneto,4905854,3002679,61.21,0.58
2724,2021-05-21,VEN,44831,22045,22786,19806,23926,1099,ITH,ITH3,5,Veneto,Veneto,4905854,3047510,62.12,0.91
2725,2021-02-17,VEN,6022,2772,3250,5900,94,28,ITH,ITH3,5,Veneto,Veneto,4905854,3053532,62.24,0.12
2726,2021-04-01,VEN,25380,11181,14199,18195,6413,772,ITH,ITH3,5,Veneto,Veneto,4905854,3078912,62.76,0.52
2727,2021-04-15,VEN,20925,8642,12283,9355,10826,744,ITH,ITH3,5,Veneto,Veneto,4905854,3099837,63.19,0.43
2728,2021-01-05,VEN,7334,2185,5149,7332,0,2,ITH,ITH3,5,Veneto,Veneto,4905854,3107171,63.34,0.15
2729,2021-02-10,VEN,4757,1591,3166,3692,1056,9,ITH,ITH3,5,Veneto,Veneto,4905854,3111928,63.43,0.1
2730,2021-04-08,VEN,32383,14373,18010,23333,7881,1169,ITH,ITH3,5,Veneto,Veneto,4905854,3144311,64.09,0.66
2731,2021-06-04,VEN,49642,25837,23805,39831,8145,1666,ITH,ITH3,5,Veneto,Veneto,4905854,3193953,65.1,1.01
2732,2021-02-24,VEN,8621,3680,4941,7998,489,134,ITH,ITH3,5,Veneto,Veneto,4905854,3202574,65.28,0.18
2733,2021-06-22,VEN,43732,21624,22108,18505,24376,851,ITH,ITH3,5,Veneto,Veneto,4905854,3246306,66.17,0.89
2734,2021-08-04,VEN,42169,22522,19647,22417,18662,1090,ITH,ITH3,5,Veneto,Veneto,4905854,3288475,67.03,0.86
2735,2021-04-26,VEN,20729,9460,11269,14917,5139,673,ITH,ITH3,5,Veneto,Veneto,4905854,3309204,67.45,0.42
2736,2021-06-15,VEN,47829,24298,23531,29158,17523,1148,ITH,ITH3,5,Veneto,Veneto,4905854,3357033,68.43,0.97
2737,2021-07-22,VEN,48225,25024,23201,13190,34393,642,ITH,ITH3,5,Veneto,Veneto,4905854,3405258,69.41,0.98
2738,2021-04-13,VEN,14031,6324,7707,8053,5479,499,ITH,ITH3,5,Veneto,Veneto,4905854,3419289,69.7,0.29
2739,2021-07-05,VEN,39118,20274,18844,14119,24196,803,ITH,ITH3,5,Veneto,Veneto,4905854,3458407,70.5,0.8
2740,2021-01-03,VEN,5157,1562,3595,5157,0,0,ITH,ITH3,5,Veneto,Veneto,4905854,3463564,70.6,0.11
2741,2021-03-08,VEN,13635,6273,7362,9301,4071,263,ITH,ITH3,5,Veneto,Veneto,4905854,3477199,70.88,0.28
2742,2021-06-18,VEN,53622,26756,26866,23996,28599,1027,ITH,ITH3,5,Veneto,Veneto,4905854,3530821,71.97,1.09
2743,2021-04-25,VEN,18335,8156,10179,12906,4836,593,ITH,ITH3,5,Veneto,Veneto,4905854,3549156,72.35,0.37
2744,2021-06-21,VEN,44312,22180,22132,20463,22949,900,ITH,ITH3,5,Veneto,Veneto,4905854,3593468,73.25,0.9
2745,2021-01-06,VEN,8139,2389,5750,8136,0,3,ITH,ITH3,5,Veneto,Veneto,4905854,3601607,73.41,0.17
2746,2021-06-23,VEN,49317,24439,24878,14581,33940,796,ITH,ITH3,5,Veneto,Veneto,4905854,3650924,74.42,1.01
2747,2021-03-15,VEN,16670,7330,9340,10957,5211,502,ITH,ITH3,5,Veneto,Veneto,4905854,3667594,74.76,0.34
2748,2021-05-18,VEN,27024,12546,14478,12642,13624,758,ITH,ITH3,5,Veneto,Veneto,4905854,3694618,75.31,0.55
2749,2021-06-30,VEN,45762,23074,22688,17852,27159,751,ITH,ITH3,5,Veneto,Veneto,4905854,3740380,76.24,0.93
2750,2021-03-22,VEN,18151,8180,9971,12584,5049,518,ITH,ITH3,5,Veneto,Veneto,4905854,3758531,76.61,0.37
2751,2021-03-13,VEN,17237,7310,9927,13734,3132,371,ITH,ITH3,5,Veneto,Veneto,4905854,3775768,76.96,0.35
2752,2021-01-15,VEN,5876,1819,4057,5870,0,6,ITH,ITH3,5,Veneto,Veneto,4905854,3781644,77.08,0.12
2753,2021-05-20,VEN,44814,21249,23565,19359,24354,1101,ITH,ITH3,5,Veneto,Veneto,4905854,3826458,78.0,0.91
2754,2021-02-09,VEN,5249,1892,3357,3430,1806,13,ITH,ITH3,5,Veneto,Veneto,4905854,3831707,78.1,0.11
2755,2021-03-04,VEN,12985,4887,8098,9121,3475,389,ITH,ITH3,5,Veneto,Veneto,4905854,3844692,78.37,0.26
2756,2021-07-07,VEN,40832,21236,19596,15538,24485,809,ITH,ITH3,5,Veneto,Veneto,4905854,3885524,79.2,0.83
2757,2021-05-11,VEN,33180,16505,16675,27150,4720,1310,ITH,ITH3,5,Veneto,Veneto,4905854,3918704,79.88,0.68
2758,2021-01-22,VEN,1080,332,748,25,1055,0,ITH,ITH3,5,Veneto,Veneto,4905854,3919784,79.9,0.02
2759,2021-05-04,VEN,43012,20374,22638,33357,8032,1623,ITH,ITH3,5,Veneto,Veneto,4905854,3962796,80.78,0.88
2760,2021-01-24,VEN,4117,1219,2898,28,4089,0,ITH,ITH3,5,Veneto,Veneto,4905854,3966913,80.86,0.08
2761,2021-07-14,VEN,43534,22374,21160,5254,37885,395,ITH,ITH3,5,Veneto,Veneto,4905854,4010447,81.75,0.89
2762,2021-04-22,VEN,32052,13939,18113,15472,15763,817,ITH,ITH3,5,Veneto,Veneto,4905854,4042499,82.4,0.65
2763,2021-07-31,VEN,34985,18793,16192,16942,17399,644,ITH,ITH3,5,Veneto,Veneto,4905854,4077484,83.11,0.71
2764,2021-03-27,VEN,32083,14014,18069,25375,5805,903,ITH,ITH3,5,Veneto,Veneto,4905854,4109567,83.77,0.65
2765,2021-06-03,VEN,54499,28024,26475,40875,11984,1640,ITH,ITH3,5,Veneto,Veneto,4905854,4164066,84.88,1.11
2766,2021-06-20,VEN,41198,20060,21138,18934,21531,733,ITH,ITH3,5,Veneto,Veneto,4905854,4205264,85.72,0.84
2767,2021-02-19,VEN,7322,3140,4182,6993,204,125,ITH,ITH3,5,Veneto,Veneto,4905854,4212586,85.87,0.15
2768,2021-02-21,VEN,4640,1212,3428,4516,5,119,ITH,ITH3,5,Veneto,Veneto,4905854,4217226,85.96,0.09
2769,2021-05-15,VEN,36259,17515,18744,24812,10017,1430,ITH,ITH3,5,Veneto,Veneto,4905854,4253485,86.7,0.74
2770,2021-06-01,VEN,26979,13563,13416,15787,10550,642,ITH,ITH3,5,Veneto,Veneto,4905854,4280464,87.25,0.55
2771,2021-03-10,VEN,19039,8726,10313,12962,5683,394,ITH,ITH3,5,Veneto,Veneto,4905854,4299503,87.64,0.39
2772,2021-05-23,VEN,34489,16468,18021,10620,23400,469,ITH,ITH3,5,Veneto,Veneto,4905854,4333992,88.34,0.7
2773,2021-02-12,VEN,4314,1446,2868,3671,572,71,ITH,ITH3,5,Veneto,Veneto,4905854,4338306,88.43,0.09
2774,2021-01-29,VEN,9025,2789,6236,366,8659,0,ITH,ITH3,5,Veneto,Veneto,4905854,4347331,88.62,0.18
2775,2021-05-08,VEN,41492,18773,22719,28254,11821,1417,ITH,ITH3,5,Veneto,Veneto,4905854,4388823,89.46,0.85
2776,2021-07-30,VEN,45417,24164,21253,22540,22004,873,ITH,ITH3,5,Veneto,Veneto,4905854,4434240,90.39,0.93
2777,2020-12-31,VEN,3219,1042,2177,3219,0,0,ITH,ITH3,5,Veneto,Veneto,4905854,4437459,90.45,0.07
2778,2021-07-04,VEN,33875,17578,16297,14979,18282,614,ITH,ITH3,5,Veneto,Veneto,4905854,4471334,91.14,0.69
2779,2021-04-12,VEN,14913,6341,8572,6399,8215,299,ITH,ITH3,5,Veneto,Veneto,4905854,4486247,91.45,0.3
2780,2021-01-02,VEN,5744,1767,3977,5743,0,1,ITH,ITH3,5,Veneto,Veneto,4905854,4491991,91.56,0.12
2781,2021-01-19,VEN,1313,475,838,1163,149,1,ITH,ITH3,5,Veneto,Veneto,4905854,4493304,91.59,0.03
2782,2021-06-08,VEN,43845,22668,21177,36196,6137,1512,ITH,ITH3,5,Veneto,Veneto,4905854,4537149,92.48,0.89
2783,2021-05-25,VEN,27828,13433,14395,11264,16066,498,ITH,ITH3,5,Veneto,Veneto,4905854,4564977,93.05,0.57
2784,2021-02-14,VEN,126,56,70,113,13,0,ITH,ITH3,5,Veneto,Veneto,4905854,4565103,93.05,0.0
2785,2021-02-28,VEN,4136,1389,2747,3225,837,74,ITH,ITH3,5,Veneto,Veneto,4905854,4569239,93.14,0.08
2786,2021-03-17,VEN,14646,5991,8655,7527,6796,323,ITH,ITH3,5,Veneto,Veneto,4905854,4583885,93.44,0.3
2787,2021-04-07,VEN,36042,16197,19845,27596,7338,1108,ITH,ITH3,5,Veneto,Veneto,4905854,4619927,94.17,0.73
2788,2021-07-16,VEN,44614,23990,20624,6876,37266,472,ITH,ITH3,5,Veneto,Veneto,4905854,4664541,95.08,0.91
2789,2021-01-31,VEN,4772,1565,3207,391,4381,0,ITH,ITH3,5,Veneto,Veneto,4905854,4669313,95.18,0.1
2790,2021-03-29,VEN,31460,13697,17763,26643,3823,994,ITH,ITH3,5,Veneto,Veneto,4905854,4700773,95.82,0.64
2791,2021-05-13,VEN,44301,21859,22442,32581,9898,1822,ITH,ITH3,5,Veneto,Veneto,4905854,4745074,96.72,0.9
2792,2021-02-02,VEN,6512,1881,4631,396,6116,0,ITH,ITH3,5,Veneto,Veneto,4905854,4751586,96.86,0.13
2793,2021-07-09,VEN,45011,23739,21272,4088,40636,287,ITH,ITH3,5,Veneto,Veneto,4905854,4796597,97.77,0.92
2794,2021-05-27,VEN,46607,22897,23710,22341,23228,1038,ITH,ITH3,5,Veneto,Veneto,4905854,4843204,98.72,0.95
2795,2021-02-07,VEN,2316,863,1453,714,1601,1,ITH,ITH3,5,Veneto,Veneto,4905854,4845520,98.77,0.05
2796,2021-07-02,VEN,49487,25111,24376,16246,32455,786,ITH,ITH3,5,Veneto,Veneto,4905854,4895007,99.78,1.01
2797,2021-03-24,VEN,22116,9576,12540,14663,6804,649,ITH,ITH3,5,Veneto,Veneto,4905854,4917123,100.23,0.45
2798,2021-07-23,VEN,44179,23239,20940,14908,28694,577,ITH,ITH3,5,Veneto,Veneto,4905854,4961302,101.13,0.9
2799,2021-05-01,VEN,38861,18242,20619,28710,8929,1222,ITH,ITH3,5,Veneto,Veneto,4905854,5000163,101.92,0.79
2800,2021-06-27,VEN,40238,20557,19681,15355,24308,575,ITH,ITH3,5,Veneto,Veneto,4905854,5040401,102.74,0.82
2801,2021-03-19,VEN,13795,5670,8125,7404,6099,292,ITH,ITH3,5,Veneto,Veneto,4905854,5054196,103.02,0.28
2802,2021-07-28,VEN,40087,20807,19280,11939,27688,460,ITH,ITH3,5,Veneto,Veneto,4905854,5094283,103.84,0.82
2803,2021-01-12,VEN,5231,1517,3714,5223,0,8,ITH,ITH3,5,Veneto,Veneto,4905854,5099514,103.95,0.11
2804,2021-04-19,VEN,21549,8926,12623,4711,16411,427,ITH,ITH3,5,Veneto,Veneto,4905854,5121063,104.39,0.44
2805,2021-04-05,VEN,19165,8376,10789,13426,5438,301,ITH,ITH3,5,Veneto,Veneto,4905854,5140228,104.78,0.39
2806,2021-01-26,VEN,6922,2091,4831,149,6773,0,ITH,ITH3,5,Veneto,Veneto,4905854,5147150,104.92,0.14
2807,2021-05-06,VEN,47015,22049,24966,36565,8483,1967,ITH,ITH3,5,Veneto,Veneto,4905854,5194165,105.88,0.96
2808,2021-03-31,VEN,38928,16439,22489,30385,7503,1040,ITH,ITH3,5,Veneto,Veneto,4905854,5233093,106.67,0.79
2809,2021-07-11,VEN,34223,17919,16304,3685,30279,259,ITH,ITH3,5,Veneto,Veneto,4905854,5267316,107.37,0.7
2810,2021-02-08,VEN,5006,1559,3447,1923,3077,6,ITH,ITH3,5,Veneto,Veneto,4905854,5272322,107.47,0.1
2811,2021-04-06,VEN,29006,13353,15653,23238,5045,723,ITH,ITH3,5,Veneto,Veneto,4905854,5301328,108.06,0.59
2812,2021-02-01,VEN,8563,2502,6061,157,8406,0,ITH,ITH3,5,Veneto,Veneto,4905854,5309891,108.24,0.17
2813,2021-02-15,VEN,4391,1826,2565,4142,240,9,ITH,ITH3,5,Veneto,Veneto,4905854,5314282,108.33,0.09
2814,2021-03-30,VEN,35987,15308,20679,29732,5248,1007,ITH,ITH3,5,Veneto,Veneto,4905854,5350269,109.06,0.73
2815,2021-08-02,VEN,39957,20956,19001,16198,23115,644,ITH,ITH3,5,Veneto,Veneto,4905854,5390226,109.87,0.81
2816,2021-04-10,VEN,27475,11982,15493,18380,8471,624,ITH,ITH3,5,Veneto,Veneto,4905854,5417701,110.43,0.56
2817,2021-06-06,VEN,37440,19167,18273,31492,4729,1219,ITH,ITH3,5,Veneto,Veneto,4905854,5455141,111.2,0.76
2818,2020-12-27,VEN,880,395,485,880,0,0,ITH,ITH3,5,Veneto,Veneto,4905854,5456021,111.21,0.02
2819,2021-05-30,VEN,22544,11268,11276,15206,6688,650,ITH,ITH3,5,Veneto,Veneto,4905854,5478565,111.67,0.46
2820,2021-07-26,VEN,43550,22900,20650,16922,25981,647,ITH,ITH3,5,Veneto,Veneto,4905854,5522115,112.56,0.89
2821,2021-07-19,VEN,44696,23545,21151,7904,36387,405,ITH,ITH3,5,Veneto,Veneto,4905854,5566811,113.47,0.91
2822,2021-02-26,VEN,8298,3275,5023,6944,1260,94,ITH,ITH3,5,Veneto,Veneto,4905854,5575109,113.64,0.17
2823,2021-04-24,VEN,24765,10830,13935,14966,9079,720,ITH,ITH3,5,Veneto,Veneto,4905854,5599874,114.15,0.5
2824,2021-01-14,VEN,7066,1926,5140,7046,0,20,ITH,ITH3,5,Veneto,Veneto,4905854,5606940,114.29,0.14
2825,2021-03-12,VEN,18660,8194,10466,11331,6749,580,ITH,ITH3,5,Veneto,Veneto,4905854,5625600,114.67,0.38
2826,2021-04-17,VEN,22440,9092,13348,14368,7275,797,ITH,ITH3,5,Veneto,Veneto,4905854,5648040,115.13,0.46
2827,2021-01-07,VEN,8361,2318,6043,8360,0,1,ITH,ITH3,5,Veneto,Veneto,4905854,5656401,115.3,0.17
2828,2021-06-13,VEN,37337,19254,18083,29317,6956,1064,ITH,ITH3,5,Veneto,Veneto,4905854,5693738,116.06,0.76
2829,2021-01-21,VEN,2293,719,1574,21,2272,0,ITH,ITH3,5,Veneto,Veneto,4905854,5696031,116.11,0.05
2830,2021-03-05,VEN,13337,5020,8317,9222,3671,444,ITH,ITH3,5,Veneto,Veneto,4905854,5709368,116.38,0.27
2831,2021-02-28,LIG,1059,580,479,1043,9,7,ITC,ITC3,7,Liguria,Liguria,1550640,1059,0.07,0.07
2832,2021-04-26,LIG,10572,4986,5586,7849,2638,85,ITC,ITC3,7,Liguria,Liguria,1550640,11631,0.75,0.68
2833,2021-01-16,LIG,1279,558,721,1274,0,5,ITC,ITC3,7,Liguria,Liguria,1550640,12910,0.83,0.08
2834,2021-02-02,LIG,2673,1007,1666,127,2544,2,ITC,ITC3,7,Liguria,Liguria,1550640,15583,1.0,0.17
2835,2021-04-28,LIG,14462,6524,7938,6380,7991,91,ITC,ITC3,7,Liguria,Liguria,1550640,30045,1.94,0.93
2836,2021-02-04,LIG,2818,988,1830,177,2641,0,ITC,ITC3,7,Liguria,Liguria,1550640,32863,2.12,0.18
2837,2021-05-15,LIG,7326,3275,4051,4287,2962,77,ITC,ITC3,7,Liguria,Liguria,1550640,40189,2.59,0.47
2838,2021-02-21,LIG,869,491,378,859,4,6,ITC,ITC3,7,Liguria,Liguria,1550640,41058,2.65,0.06
2839,2021-02-11,LIG,1990,772,1218,1093,888,9,ITC,ITC3,7,Liguria,Liguria,1550640,43048,2.78,0.13
2840,2021-05-22,LIG,6652,3220,3432,4874,1685,93,ITC,ITC3,7,Liguria,Liguria,1550640,49700,3.21,0.43
2841,2021-06-10,LIG,18840,9713,9127,13167,5656,17,ITC,ITC3,7,Liguria,Liguria,1550640,68540,4.42,1.21
2842,2021-03-19,LIG,5299,2235,3064,2094,3150,55,ITC,ITC3,7,Liguria,Liguria,1550640,73839,4.76,0.34
2843,2021-03-02,LIG,4076,1691,2385,3755,310,11,ITC,ITC3,7,Liguria,Liguria,1550640,77915,5.02,0.26
2844,2021-07-11,LIG,2148,1191,957,1236,903,9,ITC,ITC3,7,Liguria,Liguria,1550640,80063,5.16,0.14
2845,2021-06-24,LIG,11150,5440,5710,6283,4851,16,ITC,ITC3,7,Liguria,Liguria,1550640,91213,5.88,0.72
2846,2021-04-02,LIG,11791,5221,6570,9211,2487,93,ITC,ITC3,7,Liguria,Liguria,1550640,103004,6.64,0.76
2847,2021-01-28,LIG,2849,972,1877,40,2809,0,ITC,ITC3,7,Liguria,Liguria,1550640,105853,6.83,0.18
2848,2021-03-26,LIG,9345,4033,5312,6076,3156,113,ITC,ITC3,7,Liguria,Liguria,1550640,115198,7.43,0.6
2849,2021-07-04,LIG,4856,2583,2273,3843,995,18,ITC,ITC3,7,Liguria,Liguria,1550640,120054,7.74,0.31
2850,2021-01-02,LIG,693,247,446,693,0,0,ITC,ITC3,7,Liguria,Liguria,1550640,120747,7.79,0.04
2851,2021-03-14,LIG,1659,752,907,1032,605,22,ITC,ITC3,7,Liguria,Liguria,1550640,122406,7.89,0.11
2852,2021-06-22,LIG,15804,7457,8347,7637,8128,39,ITC,ITC3,7,Liguria,Liguria,1550640,138210,8.91,1.02
2853,2021-07-06,LIG,12341,6059,6282,5684,6619,38,ITC,ITC3,7,Liguria,Liguria,1550640,150551,9.71,0.8
2854,2021-05-10,LIG,12657,5647,7010,6217,6378,62,ITC,ITC3,7,Liguria,Liguria,1550640,163208,10.53,0.82
2855,2021-05-03,LIG,13262,5921,7341,6338,6819,105,ITC,ITC3,7,Liguria,Liguria,1550640,176470,11.38,0.86
2856,2021-08-01,LIG,1490,857,633,152,1338,0,ITC,ITC3,7,Liguria,Liguria,1550640,177960,11.48,0.1
2857,2021-02-16,LIG,2428,957,1471,1995,425,8,ITC,ITC3,7,Liguria,Liguria,1550640,180388,11.63,0.16
2858,2021-07-23,LIG,19968,10289,9679,5155,14742,71,ITC,ITC3,7,Liguria,Liguria,1550640,200356,12.92,1.29
2859,2021-05-27,LIG,16985,8712,8273,12654,4163,168,ITC,ITC3,7,Liguria,Liguria,1550640,217341,14.02,1.1
2860,2021-04-14,LIG,13076,5671,7405,10748,2204,124,ITC,ITC3,7,Liguria,Liguria,1550640,230417,14.86,0.84
2861,2021-05-29,LIG,6867,3252,3615,3976,2872,19,ITC,ITC3,7,Liguria,Liguria,1550640,237284,15.3,0.44
2862,2021-07-18,LIG,2383,1222,1161,391,1981,11,ITC,ITC3,7,Liguria,Liguria,1550640,239667,15.46,0.15
2863,2021-06-05,LIG,8093,4116,3977,4935,3152,6,ITC,ITC3,7,Liguria,Liguria,1550640,247760,15.98,0.52
2864,2021-04-09,LIG,12470,5563,6907,10554,1777,139,ITC,ITC3,7,Liguria,Liguria,1550640,260230,16.78,0.8
2865,2021-03-31,LIG,11936,5281,6655,9058,2770,108,ITC,ITC3,7,Liguria,Liguria,1550640,272166,17.55,0.77
2866,2021-01-09,LIG,1335,481,854,1334,0,1,ITC,ITC3,7,Liguria,Liguria,1550640,273501,17.64,0.09
2867,2021-04-19,LIG,12839,5621,7218,8919,3832,88,ITC,ITC3,7,Liguria,Liguria,1550640,286340,18.47,0.83
2868,2021-07-13,LIG,13067,6426,6641,3489,9553,25,ITC,ITC3,7,Liguria,Liguria,1550640,299407,19.31,0.84
2869,2020-12-30,LIG,12,5,7,12,0,0,ITC,ITC3,7,Liguria,Liguria,1550640,299419,19.31,0.0
2870,2021-01-21,LIG,1107,385,722,675,431,1,ITC,ITC3,7,Liguria,Liguria,1550640,300526,19.38,0.07
2871,2021-01-14,LIG,2983,1056,1927,2982,0,1,ITC,ITC3,7,Liguria,Liguria,1550640,303509,19.57,0.19
2872,2021-06-15,LIG,17415,8465,8950,9311,8086,18,ITC,ITC3,7,Liguria,Liguria,1550640,320924,20.7,1.12
2873,2021-03-07,LIG,1915,1138,777,1590,301,24,ITC,ITC3,7,Liguria,Liguria,1550640,322839,20.82,0.12
2874,2021-06-17,LIG,16701,7933,8768,9141,7530,30,ITC,ITC3,7,Liguria,Liguria,1550640,339540,21.9,1.08
2875,2021-04-21,LIG,14277,6450,7827,8846,5334,97,ITC,ITC3,7,Liguria,Liguria,1550640,353817,22.82,0.92
2876,2021-07-30,LIG,16038,8306,7732,4665,11309,64,ITC,ITC3,7,Liguria,Liguria,1550640,369855,23.85,1.03
2877,2021-05-08,LIG,7536,3335,4201,2274,5223,39,ITC,ITC3,7,Liguria,Liguria,1550640,377391,24.34,0.49
2878,2021-01-25,LIG,2730,891,1839,474,2255,1,ITC,ITC3,7,Liguria,Liguria,1550640,380121,24.51,0.18
2879,2021-05-05,LIG,13716,6138,7578,5172,8456,88,ITC,ITC3,7,Liguria,Liguria,1550640,393837,25.4,0.88
2880,2021-07-29,LIG,17936,9168,8768,4429,13455,52,ITC,ITC3,7,Liguria,Liguria,1550640,411773,26.56,1.16
2881,2021-03-21,LIG,551,220,331,69,482,0,ITC,ITC3,7,Liguria,Liguria,1550640,412324,26.59,0.04
2882,2021-01-23,LIG,812,298,514,155,657,0,ITC,ITC3,7,Liguria,Liguria,1550640,413136,26.64,0.05
2883,2021-06-29,LIG,15182,7229,7953,8707,6438,37,ITC,ITC3,7,Liguria,Liguria,1550640,428318,27.62,0.98
2884,2021-05-17,LIG,12040,5525,6515,8644,3342,54,ITC,ITC3,7,Liguria,Liguria,1550640,440358,28.4,0.78
2885,2021-01-30,LIG,1661,567,1094,23,1637,1,ITC,ITC3,7,Liguria,Liguria,1550640,442019,28.51,0.11
2886,2021-07-25,LIG,6389,3260,3129,648,5732,9,ITC,ITC3,7,Liguria,Liguria,1550640,448408,28.92,0.41
2887,2021-02-09,LIG,1955,695,1260,264,1689,2,ITC,ITC3,7,Liguria,Liguria,1550640,450363,29.04,0.13
2888,2021-04-23,LIG,14689,6648,8041,8455,6125,109,ITC,ITC3,7,Liguria,Liguria,1550640,465052,29.99,0.95
2889,2020-12-28,LIG,80,30,50,80,0,0,ITC,ITC3,7,Liguria,Liguria,1550640,465132,30.0,0.01
2890,2021-06-03,LIG,15533,7697,7836,9136,6385,12,ITC,ITC3,7,Liguria,Liguria,1550640,480665,31.0,1.0
2891,2021-04-07,LIG,13686,6110,7576,11305,2289,92,ITC,ITC3,7,Liguria,Liguria,1550640,494351,31.88,0.88
2892,2021-02-23,LIG,3807,1559,2248,3658,109,40,ITC,ITC3,7,Liguria,Liguria,1550640,498158,32.13,0.25
2893,2021-06-14,LIG,15144,7312,7832,8265,6868,11,ITC,ITC3,7,Liguria,Liguria,1550640,513302,33.1,0.98
2894,2021-05-24,LIG,11879,5590,6289,9268,2508,103,ITC,ITC3,7,Liguria,Liguria,1550640,525181,33.87,0.77
2895,2021-05-07,LIG,13608,6045,7563,5741,7803,64,ITC,ITC3,7,Liguria,Liguria,1550640,538789,34.75,0.88
2896,2021-02-13,LIG,1081,508,573,798,280,3,ITC,ITC3,7,Liguria,Liguria,1550640,539870,34.82,0.07
2897,2021-06-07,LIG,15689,7657,8032,8653,7026,10,ITC,ITC3,7,Liguria,Liguria,1550640,555559,35.83,1.01
2898,2021-07-03,LIG,8806,4358,4448,5477,3315,14,ITC,ITC3,7,Liguria,Liguria,1550640,564365,36.4,0.57
2899,2021-04-11,LIG,4248,1929,2319,3944,249,55,ITC,ITC3,7,Liguria,Liguria,1550640,568613,36.67,0.27
2900,2021-07-20,LIG,13943,6868,7075,2747,11158,38,ITC,ITC3,7,Liguria,Liguria,1550640,582556,37.57,0.9
2901,2021-01-18,LIG,2144,747,1397,1985,157,2,ITC,ITC3,7,Liguria,Liguria,1550640,584700,37.71,0.14
2902,2021-07-22,LIG,21350,10850,10500,4586,16704,60,ITC,ITC3,7,Liguria,Liguria,1550640,606050,39.08,1.38
2903,2021-06-02,LIG,8532,4342,4190,5356,3173,3,ITC,ITC3,7,Liguria,Liguria,1550640,614582,39.63,0.55
2904,2021-06-19,LIG,7414,3777,3637,5722,1671,21,ITC,ITC3,7,Liguria,Liguria,1550640,621996,40.11,0.48
2905,2021-02-18,LIG,2771,1128,1643,2423,337,11,ITC,ITC3,7,Liguria,Liguria,1550640,624767,40.29,0.18
2906,2021-03-12,LIG,6218,2873,3345,3688,2471,59,ITC,ITC3,7,Liguria,Liguria,1550640,630985,40.69,0.4
2907,2021-07-01,LIG,13541,6526,7015,7350,6149,42,ITC,ITC3,7,Liguria,Liguria,1550640,644526,41.57,0.87
2908,2021-05-19,LIG,13573,5961,7612,10305,3124,144,ITC,ITC3,7,Liguria,Liguria,1550640,658099,42.44,0.88
2909,2021-03-23,LIG,9278,4224,5054,5980,3211,87,ITC,ITC3,7,Liguria,Liguria,1550640,667377,43.04,0.6
2910,2021-07-15,LIG,14747,7458,7289,5191,9477,79,ITC,ITC3,7,Liguria,Liguria,1550640,682124,43.99,0.95
2911,2021-02-01,LIG,2582,935,1647,112,2470,0,ITC,ITC3,7,Liguria,Liguria,1550640,684706,44.16,0.17
2912,2021-07-08,LIG,13625,6705,6920,6195,7387,43,ITC,ITC3,7,Liguria,Liguria,1550640,698331,45.04,0.88
2913,2021-05-12,LIG,12116,5489,6627,6606,5405,105,ITC,ITC3,7,Liguria,Liguria,1550640,710447,45.82,0.78
2914,2021-05-26,LIG,16683,8424,8259,12148,4380,155,ITC,ITC3,7,Liguria,Liguria,1550640,727130,46.89,1.08
2915,2021-03-30,LIG,12216,5429,6787,8740,3388,88,ITC,ITC3,7,Liguria,Liguria,1550640,739346,47.68,0.79
2916,2021-03-11,LIG,6402,3092,3310,4331,2013,58,ITC,ITC3,7,Liguria,Liguria,1550640,745748,48.09,0.41
2917,2021-01-13,LIG,2758,1014,1744,2757,0,1,ITC,ITC3,7,Liguria,Liguria,1550640,748506,48.27,0.18
2918,2021-01-04,LIG,2619,856,1763,2618,0,1,ITC,ITC3,7,Liguria,Liguria,1550640,751125,48.44,0.17
2919,2021-08-03,LIG,14086,7194,6892,3999,10021,66,ITC,ITC3,7,Liguria,Liguria,1550640,765211,49.35,0.91
2920,2021-06-21,LIG,14846,7039,7807,8576,6242,28,ITC,ITC3,7,Liguria,Liguria,1550640,780057,50.31,0.96
2921,2021-04-16,LIG,12001,5292,6709,10011,1829,161,ITC,ITC3,7,Liguria,Liguria,1550640,792058,51.08,0.77
2922,2021-01-06,LIG,1662,618,1044,1659,0,3,ITC,ITC3,7,Liguria,Liguria,1550640,793720,51.19,0.11
2923,2021-03-16,LIG,6087,2732,3355,2314,3733,40,ITC,ITC3,7,Liguria,Liguria,1550640,799807,51.58,0.39
2924,2021-01-11,LIG,2656,993,1663,2654,0,2,ITC,ITC3,7,Liguria,Liguria,1550640,802463,51.75,0.17
2925,2021-07-12,LIG,13403,6431,6972,4155,9217,31,ITC,ITC3,7,Liguria,Liguria,1550640,815866,52.61,0.86
2926,2021-01-10,LIG,648,262,386,644,0,4,ITC,ITC3,7,Liguria,Liguria,1550640,816514,52.66,0.04
2927,2021-04-20,LIG,14242,6521,7721,9733,4355,154,ITC,ITC3,7,Liguria,Liguria,1550640,830756,53.58,0.92
2928,2021-02-25,LIG,3458,1349,2109,3308,130,20,ITC,ITC3,7,Liguria,Liguria,1550640,834214,53.8,0.22
2929,2021-03-04,LIG,4740,2118,2622,3834,849,57,ITC,ITC3,7,Liguria,Liguria,1550640,838954,54.1,0.31
2930,2021-06-26,LIG,7220,3356,3864,4490,2712,18,ITC,ITC3,7,Liguria,Liguria,1550640,846174,54.57,0.47
2931,2021-07-10,LIG,6898,3478,3420,2760,4128,10,ITC,ITC3,7,Liguria,Liguria,1550640,853072,55.01,0.44
2932,2021-04-04,LIG,764,369,395,505,251,8,ITC,ITC3,7,Liguria,Liguria,1550640,853836,55.06,0.05
2933,2021-04-18,LIG,2614,1164,1450,2072,469,73,ITC,ITC3,7,Liguria,Liguria,1550640,856450,55.23,0.17
2934,2021-07-27,LIG,17427,8883,8544,4381,12998,48,ITC,ITC3,7,Liguria,Liguria,1550640,873877,56.36,1.12
2935,2021-01-08,LIG,2937,1000,1937,2935,0,2,ITC,ITC3,7,Liguria,Liguria,1550640,876814,56.55,0.19
2936,2021-01-27,LIG,1745,604,1141,139,1605,1,ITC,ITC3,7,Liguria,Liguria,1550640,878559,56.66,0.11
2937,2021-05-21,LIG,12851,5959,6892,9575,3134,142,ITC,ITC3,7,Liguria,Liguria,1550640,891410,57.49,0.83
2938,2021-02-27,LIG,1888,921,967,1750,129,9,ITC,ITC3,7,Liguria,Liguria,1550640,893298,57.61,0.12
2939,2021-02-10,LIG,2320,837,1483,1014,1302,4,ITC,ITC3,7,Liguria,Liguria,1550640,895618,57.76,0.15
2940,2021-06-16,LIG,16395,7921,8474,9256,7119,20,ITC,ITC3,7,Liguria,Liguria,1550640,912013,58.82,1.06
2941,2021-03-08,LIG,5626,2461,3165,3895,1690,41,ITC,ITC3,7,Liguria,Liguria,1550640,917639,59.18,0.36
2942,2021-03-25,LIG,9771,4234,5537,6228,3392,151,ITC,ITC3,7,Liguria,Liguria,1550640,927410,59.81,0.63
2943,2021-01-01,LIG,145,55,90,145,0,0,ITC,ITC3,7,Liguria,Liguria,1550640,927555,59.82,0.01
2944,2021-03-27,LIG,3933,1549,2384,2484,1397,52,ITC,ITC3,7,Liguria,Liguria,1550640,931488,60.07,0.25
2945,2021-07-05,LIG,11892,5766,6126,5346,6508,38,ITC,ITC3,7,Liguria,Liguria,1550640,943380,60.84,0.77
2946,2021-04-13,LIG,13083,5870,7213,10945,2025,113,ITC,ITC3,7,Liguria,Liguria,1550640,956463,61.68,0.84
2947,2021-04-06,LIG,13254,5905,7349,10885,2263,106,ITC,ITC3,7,Liguria,Liguria,1550640,969717,62.54,0.85
2948,2021-02-08,LIG,1979,742,1237,305,1674,0,ITC,ITC3,7,Liguria,Liguria,1550640,971696,62.66,0.13
2949,2020-12-27,LIG,135,56,79,134,0,1,ITC,ITC3,7,Liguria,Liguria,1550640,971831,62.67,0.01
2950,2021-02-15,LIG,2263,839,1424,1854,399,10,ITC,ITC3,7,Liguria,Liguria,1550640,974094,62.82,0.15
2951,2021-01-03,LIG,736,231,505,734,0,2,ITC,ITC3,7,Liguria,Liguria,1550640,974830,62.87,0.05
2952,2021-07-26,LIG,17491,8923,8568,4718,12704,69,ITC,ITC3,7,Liguria,Liguria,1550640,992321,63.99,1.13
2953,2021-01-07,LIG,3226,1095,2131,3223,0,3,ITC,ITC3,7,Liguria,Liguria,1550640,995547,64.2,0.21
2954,2021-06-13,LIG,5623,2697,2926,5163,456,4,ITC,ITC3,7,Liguria,Liguria,1550640,1001170,64.56,0.36
2955,2021-04-17,LIG,7389,3219,4170,6567,752,70,ITC,ITC3,7,Liguria,Liguria,1550640,1008559,65.04,0.48
2956,2021-05-01,LIG,7147,3258,3889,1306,5803,38,ITC,ITC3,7,Liguria,Liguria,1550640,1015706,65.5,0.46
2957,2021-03-05,LIG,4869,2150,2719,3674,1132,63,ITC,ITC3,7,Liguria,Liguria,1550640,1020575,65.82,0.31
2958,2021-06-06,LIG,3813,2032,1781,2948,862,3,ITC,ITC3,7,Liguria,Liguria,1550640,1024388,66.06,0.25
2959,2021-04-24,LIG,8219,3796,4423,4978,3152,89,ITC,ITC3,7,Liguria,Liguria,1550640,1032607,66.59,0.53
2960,2021-02-26,LIG,3769,1524,2245,3415,329,25,ITC,ITC3,7,Liguria,Liguria,1550640,1036376,66.84,0.24
2961,2021-08-02,LIG,13038,6482,6556,2965,10025,48,ITC,ITC3,7,Liguria,Liguria,1550640,1049414,67.68,0.84
2962,2021-06-20,LIG,1335,658,677,1053,275,7,ITC,ITC3,7,Liguria,Liguria,1550640,1050749,67.76,0.09
2963,2021-05-14,LIG,13152,5867,7285,8630,4336,186,ITC,ITC3,7,Liguria,Liguria,1550640,1063901,68.61,0.85
2964,2021-05-31,LIG,14716,7379,7337,9115,5518,83,ITC,ITC3,7,Liguria,Liguria,1550640,1078617,69.56,0.95
2965,2021-03-09,LIG,5933,2755,3178,4441,1431,61,ITC,ITC3,7,Liguria,Liguria,1550640,1084550,69.94,0.38
2966,2021-02-20,LIG,1335,637,698,1329,1,5,ITC,ITC3,7,Liguria,Liguria,1550640,1085885,70.03,0.09
2967,2021-05-16,LIG,3704,1861,1843,2117,1560,27,ITC,ITC3,7,Liguria,Liguria,1550640,1089589,70.27,0.24
2968,2021-02-22,LIG,3343,1476,1867,3191,142,10,ITC,ITC3,7,Liguria,Liguria,1550640,1092932,70.48,0.22
2969,2021-07-19,LIG,12084,6023,6061,3373,8670,41,ITC,ITC3,7,Liguria,Liguria,1550640,1105016,71.26,0.78
2970,2021-08-05,LIG,14110,7297,6813,4116,9940,54,ITC,ITC3,7,Liguria,Liguria,1550640,1119126,72.17,0.91
2971,2021-04-27,LIG,14810,6695,8115,7148,7595,67,ITC,ITC3,7,Liguria,Liguria,1550640,1133936,73.13,0.96
2972,2021-02-03,LIG,2319,792,1527,51,2268,0,ITC,ITC3,7,Liguria,Liguria,1550640,1136255,73.28,0.15
2973,2021-06-12,LIG,10242,4983,5259,7478,2758,6,ITC,ITC3,7,Liguria,Liguria,1550640,1146497,73.94,0.66
2974,2021-04-30,LIG,14429,6445,7984,5758,8573,98,ITC,ITC3,7,Liguria,Liguria,1550640,1160926,74.87,0.93
2975,2021-03-06,LIG,3307,1843,1464,2552,706,49,ITC,ITC3,7,Liguria,Liguria,1550640,1164233,75.08,0.21
2976,2021-01-22,LIG,1823,605,1218,1333,487,3,ITC,ITC3,7,Liguria,Liguria,1550640,1166056,75.2,0.12
2977,2021-05-02,LIG,3978,1836,2142,504,3468,6,ITC,ITC3,7,Liguria,Liguria,1550640,1170034,75.45,0.26
2978,2021-05-04,LIG,13656,6089,7567,5359,8229,68,ITC,ITC3,7,Liguria,Liguria,1550640,1183690,76.34,0.88
2979,2021-05-09,LIG,2825,1244,1581,1086,1710,29,ITC,ITC3,7,Liguria,Liguria,1550640,1186515,76.52,0.18
2980,2021-01-29,LIG,3097,1067,2030,64,3033,0,ITC,ITC3,7,Liguria,Liguria,1550640,1189612,76.72,0.2
2981,2021-01-20,LIG,1555,556,999,1542,12,1,ITC,ITC3,7,Liguria,Liguria,1550640,1191167,76.82,0.1
2982,2021-07-09,LIG,12814,6319,6495,4229,8561,24,ITC,ITC3,7,Liguria,Liguria,1550640,1203981,77.64,0.83
2983,2021-04-05,LIG,3979,1754,2225,2304,1649,26,ITC,ITC3,7,Liguria,Liguria,1550640,1207960,77.9,0.26
2984,2021-06-28,LIG,11607,5613,5994,7257,4306,44,ITC,ITC3,7,Liguria,Liguria,1550640,1219567,78.65,0.75
2985,2021-03-20,LIG,2316,995,1321,1124,1174,18,ITC,ITC3,7,Liguria,Liguria,1550640,1221883,78.8,0.15
2986,2021-06-30,LIG,15074,7190,7884,8230,6798,46,ITC,ITC3,7,Liguria,Liguria,1550640,1236957,79.77,0.97
2987,2021-01-15,LIG,2257,755,1502,2252,0,5,ITC,ITC3,7,Liguria,Liguria,1550640,1239214,79.92,0.15
2988,2021-04-25,LIG,1935,920,1015,1506,415,14,ITC,ITC3,7,Liguria,Liguria,1550640,1241149,80.04,0.12
2989,2021-03-13,LIG,3850,1637,2213,2949,856,45,ITC,ITC3,7,Liguria,Liguria,1550640,1244999,80.29,0.25
2990,2021-05-23,LIG,2306,1120,1186,1169,1123,14,ITC,ITC3,7,Liguria,Liguria,1550640,1247305,80.44,0.15
2991,2021-03-01,LIG,3541,1448,2093,3384,136,21,ITC,ITC3,7,Liguria,Liguria,1550640,1250846,80.67,0.23
2992,2021-06-09,LIG,19055,9561,9494,12470,6563,22,ITC,ITC3,7,Liguria,Liguria,1550640,1269901,81.9,1.23
2993,2021-07-21,LIG,19169,9497,9672,3833,15288,48,ITC,ITC3,7,Liguria,Liguria,1550640,1289070,83.13,1.24
2994,2021-04-29,LIG,15590,6983,8607,6618,8845,127,ITC,ITC3,7,Liguria,Liguria,1550640,1304660,84.14,1.01
2995,2021-04-12,LIG,12392,5478,6914,10277,2020,95,ITC,ITC3,7,Liguria,Liguria,1550640,1317052,84.94,0.8
2996,2021-01-19,LIG,1375,440,935,1281,90,4,ITC,ITC3,7,Liguria,Liguria,1550640,1318427,85.02,0.09
2997,2021-02-05,LIG,2686,989,1697,300,2385,1,ITC,ITC3,7,Liguria,Liguria,1550640,1321113,85.2,0.17
2998,2021-03-24,LIG,9181,4033,5148,5808,3287,86,ITC,ITC3,7,Liguria,Liguria,1550640,1330294,85.79,0.59
2999,2021-07-02,LIG,12962,6359,6603,6433,6494,35,ITC,ITC3,7,Liguria,Liguria,1550640,1343256,86.63,0.84
3000,2020-12-31,LIG,990,353,637,990,0,0,ITC,ITC3,7,Liguria,Liguria,1550640,1344246,86.69,0.06
3001,2021-04-10,LIG,7889,3561,4328,6891,914,84,ITC,ITC3,7,Liguria,Liguria,1550640,1352135,87.2,0.51
3002,2021-01-17,LIG,866,301,565,865,0,1,ITC,ITC3,7,Liguria,Liguria,1550640,1353001,87.25,0.06
3003,2021-03-18,LIG,4987,2124,2863,1970,2981,36,ITC,ITC3,7,Liguria,Liguria,1550640,1357988,87.58,0.32
3004,2021-04-01,LIG,12432,5514,6918,9572,2770,90,ITC,ITC3,7,Liguria,Liguria,1550640,1370420,88.38,0.8
3005,2021-06-08,LIG,18101,9026,9075,11441,6644,16,ITC,ITC3,7,Liguria,Liguria,1550640,1388521,89.55,1.17
3006,2021-03-17,LIG,5555,2369,3186,2451,3082,22,ITC,ITC3,7,Liguria,Liguria,1550640,1394076,89.9,0.36
3007,2021-06-25,LIG,13835,6617,7218,6904,6914,17,ITC,ITC3,7,Liguria,Liguria,1550640,1407911,90.8,0.89
3008,2021-05-13,LIG,13322,6091,7231,8901,4266,155,ITC,ITC3,7,Liguria,Liguria,1550640,1421233,91.65,0.86
3009,2021-02-19,LIG,3219,1306,1913,3023,176,20,ITC,ITC3,7,Liguria,Liguria,1550640,1424452,91.86,0.21
3010,2021-05-30,LIG,3299,1610,1689,1338,1944,17,ITC,ITC3,7,Liguria,Liguria,1550640,1427751,92.07,0.21
3011,2021-06-01,LIG,16337,8225,8112,10953,5369,15,ITC,ITC3,7,Liguria,Liguria,1550640,1444088,93.13,1.05
3012,2021-04-03,LIG,5407,2499,2908,4429,943,35,ITC,ITC3,7,Liguria,Liguria,1550640,1449495,93.48,0.35
3013,2021-01-24,LIG,757,238,519,113,644,0,ITC,ITC3,7,Liguria,Liguria,1550640,1450252,93.53,0.05
3014,2021-06-27,LIG,1945,892,1053,692,1243,10,ITC,ITC3,7,Liguria,Liguria,1550640,1452197,93.65,0.13
3015,2021-06-23,LIG,14326,6856,7470,9109,5197,20,ITC,ITC3,7,Liguria,Liguria,1550640,1466523,94.58,0.92
3016,2021-02-14,LIG,233,122,111,233,0,0,ITC,ITC3,7,Liguria,Liguria,1550640,1466756,94.59,0.02
3017,2021-05-25,LIG,14264,6954,7310,10945,3186,133,ITC,ITC3,7,Liguria,Liguria,1550640,1481020,95.51,0.92
3018,2021-03-22,LIG,7754,3474,4280,4738,2943,73,ITC,ITC3,7,Liguria,Liguria,1550640,1488774,96.01,0.5
3019,2021-02-07,LIG,407,153,254,2,405,0,ITC,ITC3,7,Liguria,Liguria,1550640,1489181,96.04,0.03
3020,2021-05-18,LIG,13486,6127,7359,10039,3311,136,ITC,ITC3,7,Liguria,Liguria,1550640,1502667,96.91,0.87
3021,2021-07-16,LIG,12609,6212,6397,3144,9423,42,ITC,ITC3,7,Liguria,Liguria,1550640,1515276,97.72,0.81
3022,2021-05-11,LIG,13925,6394,7531,7197,6622,106,ITC,ITC3,7,Liguria,Liguria,1550640,1529201,98.62,0.9
3023,2021-03-29,LIG,10583,4622,5961,7345,3133,105,ITC,ITC3,7,Liguria,Liguria,1550640,1539784,99.3,0.68
3024,2021-01-31,LIG,624,270,354,7,617,0,ITC,ITC3,7,Liguria,Liguria,1550640,1540408,99.34,0.04
3025,2021-07-07,LIG,11749,5635,6114,4963,6761,25,ITC,ITC3,7,Liguria,Liguria,1550640,1552157,100.1,0.76
3026,2021-06-18,LIG,15414,7502,7912,8179,7211,24,ITC,ITC3,7,Liguria,Liguria,1550640,1567571,101.09,0.99
3027,2021-03-10,LIG,5904,2865,3039,3929,1910,65,ITC,ITC3,7,Liguria,Liguria,1550640,1573475,101.47,0.38
3028,2021-07-14,LIG,11476,5651,5825,3439,8009,28,ITC,ITC3,7,Liguria,Liguria,1550640,1584951,102.21,0.74
3029,2021-07-28,LIG,18427,9491,8936,5821,12517,89,ITC,ITC3,7,Liguria,Liguria,1550640,1603378,103.4,1.19
3030,2021-05-06,LIG,14532,6443,8089,6069,8333,130,ITC,ITC3,7,Liguria,Liguria,1550640,1617910,104.34,0.94
3031,2021-01-26,LIG,2489,808,1681,17,2472,0,ITC,ITC3,7,Liguria,Liguria,1550640,1620399,104.5,0.16
3032,2021-02-12,LIG,1937,690,1247,893,1042,2,ITC,ITC3,7,Liguria,Liguria,1550640,1622336,104.62,0.12
3033,2021-03-15,LIG,7358,3118,4240,4495,2813,50,ITC,ITC3,7,Liguria,Liguria,1550640,1629694,105.1,0.47
3034,2021-05-20,LIG,12939,6006,6933,8778,4036,125,ITC,ITC3,7,Liguria,Liguria,1550640,1642633,105.93,0.83
3035,2021-03-28,LIG,1142,511,631,378,752,12,ITC,ITC3,7,Liguria,Liguria,1550640,1643775,106.01,0.07
3036,2021-02-06,LIG,1892,768,1124,145,1747,0,ITC,ITC3,7,Liguria,Liguria,1550640,1645667,106.13,0.12
3037,2021-06-11,LIG,17842,9084,8758,11755,6075,12,ITC,ITC3,7,Liguria,Liguria,1550640,1663509,107.28,1.15
3038,2021-04-15,LIG,11846,5238,6608,9890,1851,105,ITC,ITC3,7,Liguria,Liguria,1550640,1675355,108.04,0.76
3039,2021-04-08,LIG,13787,6180,7607,11586,2046,155,ITC,ITC3,7,Liguria,Liguria,1550640,1689142,108.93,0.89
3040,2021-07-17,LIG,6512,3360,3152,1817,4688,7,ITC,ITC3,7,Liguria,Liguria,1550640,1695654,109.35,0.42
3041,2021-07-31,LIG,8245,4405,3840,1320,6914,11,ITC,ITC3,7,Liguria,Liguria,1550640,1703899,109.88,0.53
3042,2021-06-04,LIG,14791,7259,7532,9285,5494,12,ITC,ITC3,7,Liguria,Liguria,1550640,1718690,110.84,0.95
3043,2021-02-17,LIG,2694,1184,1510,2250,432,12,ITC,ITC3,7,Liguria,Liguria,1550640,1721384,111.01,0.17
3044,2021-07-24,LIG,11592,6033,5559,2334,9229,29,ITC,ITC3,7,Liguria,Liguria,1550640,1732976,111.76,0.75
3045,2021-05-28,LIG,16301,8142,8159,11601,4555,145,ITC,ITC3,7,Liguria,Liguria,1550640,1749277,112.81,1.05
3046,2021-01-05,LIG,2880,896,1984,2880,0,0,ITC,ITC3,7,Liguria,Liguria,1550640,1752157,113.0,0.19
3047,2021-03-03,LIG,4581,1847,2734,3444,1027,110,ITC,ITC3,7,Liguria,Liguria,1550640,1756738,113.29,0.3
3048,2021-08-04,LIG,13758,6939,6819,3292,10398,68,ITC,ITC3,7,Liguria,Liguria,1550640,1770496,114.18,0.89
3049,2021-02-24,LIG,3764,1560,2204,3448,258,58,ITC,ITC3,7,Liguria,Liguria,1550640,1774260,114.42,0.24
3050,2020-12-29,LIG,125,33,92,125,0,0,ITC,ITC3,7,Liguria,Liguria,1550640,1774385,114.43,0.01
3051,2021-01-12,LIG,2475,890,1585,2474,0,1,ITC,ITC3,7,Liguria,Liguria,1550640,1776860,114.59,0.16
3052,2021-04-22,LIG,13870,6215,7655,8645,5087,138,ITC,ITC3,7,Liguria,Liguria,1550640,1790730,115.48,0.89
3053,2021-06-20,PAB,5236,2848,2388,594,4594,48,ITH,ITH1,4,Provincia Autonoma Bolzano / Bozen,P.A. Bolzano,533050,5236,0.98,0.98
3054,2021-02-07,PAB,2364,1059,1305,14,2350,0,ITH,ITH1,4,Provincia Autonoma Bolzano / Bozen,P.A. Bolzano,533050,7600,1.43,0.44
3055,2021-05-18,PAB,3345,1755,1590,2053,1188,104,ITH,ITH1,4,Provincia Autonoma Bolzano / Bozen,P.A. Bolzano,533050,10945,2.05,0.63
3056,2021-03-22,PAB,1162,528,634,1110,21,31,ITH,ITH1,4,Provincia Autonoma Bolzano / Bozen,P.A. Bolzano,533050,12107,2.27,0.22
3057,2021-05-20,PAB,4935,2479,2456,3285,1471,179,ITH,ITH1,4,Provincia Autonoma Bolzano / Bozen,P.A. Bolzano,533050,17042,3.2,0.93
3058,2021-07-09,PAB,5218,2609,2609,907,4162,149,ITH,ITH1,4,Provincia Autonoma Bolzano / Bozen,P.A. Bolzano,533050,22260,4.18,0.98
3059,2021-03-31,PAB,1832,694,1138,727,1011,94,ITH,ITH1,4,Provincia Autonoma Bolzano / Bozen,P.A. Bolzano,533050,24092,4.52,0.34
3060,2021-01-26,PAB,810,291,519,1,809,0,ITH,ITH1,4,Provincia Autonoma Bolzano / Bozen,P.A. Bolzano,533050,24902,4.67,0.15
3061,2021-07-02,PAB,3202,1658,1544,856,2172,174,ITH,ITH1,4,Provincia Autonoma Bolzano / Bozen,P.A. Bolzano,533050,28104,5.27,0.6
3062,2021-03-24,PAB,2064,999,1065,1997,13,54,ITH,ITH1,4,Provincia Autonoma Bolzano / Bozen,P.A. Bolzano,533050,30168,5.66,0.39
3063,2021-03-10,PAB,1269,530,739,1074,143,52,ITH,ITH1,4,Provincia Autonoma Bolzano / Bozen,P.A. Bolzano,533050,31437,5.9,0.24
3064,2021-05-06,PAB,5187,2749,2438,2349,2569,269,ITH,ITH1,4,Provincia Autonoma Bolzano / Bozen,P.A. Bolzano,533050,36624,6.87,0.97
3065,2021-07-16,PAB,4501,2441,2060,1049,3313,139,ITH,ITH1,4,Provincia Autonoma Bolzano / Bozen,P.A. Bolzano,533050,41125,7.72,0.84
3066,2021-04-24,PAB,5110,2452,2658,4289,485,336,ITH,ITH1,4,Provincia Autonoma Bolzano / Bozen,P.A. Bolzano,533050,46235,8.67,0.96
3067,2021-08-02,PAB,2110,1264,846,1167,873,70,ITH,ITH1,4,Provincia Autonoma Bolzano / Bozen,P.A. Bolzano,533050,48345,9.07,0.4
3068,2021-07-14,PAB,867,450,417,472,359,36,ITH,ITH1,4,Provincia Autonoma Bolzano / Bozen,P.A. Bolzano,533050,49212,9.23,0.16
3069,2021-04-05,PAB,301,144,157,22,278,1,ITH,ITH1,4,Provincia Autonoma Bolzano / Bozen,P.A. Bolzano,533050,49513,9.29,0.06
3070,2021-06-27,PAB,4425,2314,2111,573,3807,45,ITH,ITH1,4,Provincia Autonoma Bolzano / Bozen,P.A. Bolzano,533050,53938,10.12,0.83
3071,2021-01-12,PAB,1709,459,1250,1709,0,0,ITH,ITH1,4,Provincia Autonoma Bolzano / Bozen,P.A. Bolzano,533050,55647,10.44,0.32
3072,2021-01-24,PAB,12,10,2,0,12,0,ITH,ITH1,4,Provincia Autonoma Bolzano / Bozen,P.A. Bolzano,533050,55659,10.44,0.0
3073,2021-06-06,PAB,4537,2180,2357,809,3679,49,ITH,ITH1,4,Provincia Autonoma Bolzano / Bozen,P.A. Bolzano,533050,60196,11.29,0.85
3074,2021-02-26,PAB,1528,551,977,1470,30,28,ITH,ITH1,4,Provincia Autonoma Bolzano / Bozen,P.A. Bolzano,533050,61724,11.58,0.29
3075,2021-06-01,PAB,3640,2369,1271,2028,1474,138,ITH,ITH1,4,Provincia Autonoma Bolzano / Bozen,P.A. Bolzano,533050,65364,12.26,0.68
3076,2021-02-19,PAB,2252,512,1740,2192,11,49,ITH,ITH1,4,Provincia Autonoma Bolzano / Bozen,P.A. Bolzano,533050,67616,12.68,0.42
3077,2021-02-12,PAB,730,217,513,464,248,18,ITH,ITH1,4,Provincia Autonoma Bolzano / Bozen,P.A. Bolzano,533050,68346,12.82,0.14
3078,2021-04-10,PAB,5397,2667,2730,4634,588,175,ITH,ITH1,4,Provincia Autonoma Bolzano / Bozen,P.A. Bolzano,533050,73743,13.83,1.01
3079,2020-12-31,PAB,929,528,401,929,0,0,ITH,ITH1,4,Provincia Autonoma Bolzano / Bozen,P.A. Bolzano,533050,74672,14.01,0.17
3080,2021-04-19,PAB,1873,859,1014,1600,182,91,ITH,ITH1,4,Provincia Autonoma Bolzano / Bozen,P.A. Bolzano,533050,76545,14.36,0.35
3081,2021-06-15,PAB,2041,1181,860,478,1532,31,ITH,ITH1,4,Provincia Autonoma Bolzano / Bozen,P.A. Bolzano,533050,78586,14.74,0.38
3082,2021-07-28,PAB,1426,779,647,872,490,64,ITH,ITH1,4,Provincia Autonoma Bolzano / Bozen,P.A. Bolzano,533050,80012,15.01,0.27
3083,2021-05-01,PAB,2105,1067,1038,1811,160,134,ITH,ITH1,4,Provincia Autonoma Bolzano / Bozen,P.A. Bolzano,533050,82117,15.41,0.39
3084,2021-03-12,PAB,1665,734,931,1220,413,32,ITH,ITH1,4,Provincia Autonoma Bolzano / Bozen,P.A. Bolzano,533050,83782,15.72,0.31
3085,2021-03-29,PAB,1172,500,672,390,760,22,ITH,ITH1,4,Provincia Autonoma Bolzano / Bozen,P.A. Bolzano,533050,84954,15.94,0.22
3086,2021-03-05,PAB,1841,625,1216,1381,443,17,ITH,ITH1,4,Provincia Autonoma Bolzano / Bozen,P.A. Bolzano,533050,86795,16.28,0.35
3087,2021-05-27,PAB,6176,3253,2923,3827,2012,337,ITH,ITH1,4,Provincia Autonoma Bolzano / Bozen,P.A. Bolzano,533050,92971,17.44,1.16
3088,2021-06-13,PAB,3682,2049,1633,451,3191,40,ITH,ITH1,4,Provincia Autonoma Bolzano / Bozen,P.A. Bolzano,533050,96653,18.13,0.69
3089,2021-05-25,PAB,3868,2006,1862,2864,886,118,ITH,ITH1,4,Provincia Autonoma Bolzano / Bozen,P.A. Bolzano,533050,100521,18.86,0.73
3090,2021-02-14,PAB,297,130,167,295,0,2,ITH,ITH1,4,Provincia Autonoma Bolzano / Bozen,P.A. Bolzano,533050,100818,18.91,0.06
3091,2021-05-08,PAB,4427,2382,2045,3558,663,206,ITH,ITH1,4,Provincia Autonoma Bolzano / Bozen,P.A. Bolzano,533050,105245,19.74,0.83
3092,2021-03-03,PAB,1181,395,786,1144,13,24,ITH,ITH1,4,Provincia Autonoma Bolzano / Bozen,P.A. Bolzano,533050,106426,19.97,0.22
3093,2021-03-17,PAB,582,213,369,546,2,34,ITH,ITH1,4,Provincia Autonoma Bolzano / Bozen,P.A. Bolzano,533050,107008,20.07,0.11
3094,2021-05-13,PAB,2995,1355,1640,1010,1930,55,ITH,ITH1,4,Provincia Autonoma Bolzano / Bozen,P.A. Bolzano,533050,110003,20.64,0.56
3095,2021-04-29,PAB,2631,1351,1280,1731,694,206,ITH,ITH1,4,Provincia Autonoma Bolzano / Bozen,P.A. Bolzano,533050,112634,21.13,0.49
3096,2021-01-19,PAB,853,371,482,723,130,0,ITH,ITH1,4,Provincia Autonoma Bolzano / Bozen,P.A. Bolzano,533050,113487,21.29,0.16
3097,2021-06-25,PAB,4177,2307,1870,1023,3015,139,ITH,ITH1,4,Provincia Autonoma Bolzano / Bozen,P.A. Bolzano,533050,117664,22.07,0.78
3098,2021-06-29,PAB,1877,1013,864,239,1617,21,ITH,ITH1,4,Provincia Autonoma Bolzano / Bozen,P.A. Bolzano,533050,119541,22.43,0.35
3099,2021-03-21,PAB,768,285,483,13,754,1,ITH,ITH1,4,Provincia Autonoma Bolzano / Bozen,P.A. Bolzano,533050,120309,22.57,0.14
3100,2021-06-12,PAB,5067,2752,2315,1649,3288,130,ITH,ITH1,4,Provincia Autonoma Bolzano / Bozen,P.A. Bolzano,533050,125376,23.52,0.95
3101,2021-07-23,PAB,4347,2369,1978,1689,2391,267,ITH,ITH1,4,Provincia Autonoma Bolzano / Bozen,P.A. Bolzano,533050,129723,24.34,0.82
3102,2021-01-05,PAB,830,286,544,829,0,1,ITH,ITH1,4,Provincia Autonoma Bolzano / Bozen,P.A. Bolzano,533050,130553,24.49,0.16
3103,2021-01-23,PAB,197,117,80,0,197,0,ITH,ITH1,4,Provincia Autonoma Bolzano / Bozen,P.A. Bolzano,533050,130750,24.53,0.04
3104,2021-05-03,PAB,1832,848,984,397,1414,21,ITH,ITH1,4,Provincia Autonoma Bolzano / Bozen,P.A. Bolzano,533050,132582,24.87,0.34
3105,2021-02-23,PAB,769,324,445,760,6,3,ITH,ITH1,4,Provincia Autonoma Bolzano / Bozen,P.A. Bolzano,533050,133351,25.02,0.14
3106,2021-05-17,PAB,3141,1518,1623,2268,694,179,ITH,ITH1,4,Provincia Autonoma Bolzano / Bozen,P.A. Bolzano,533050,136492,25.61,0.59
3107,2021-06-03,PAB,4848,2642,2206,3650,972,226,ITH,ITH1,4,Provincia Autonoma Bolzano / Bozen,P.A. Bolzano,533050,141340,26.52,0.91
3108,2021-07-04,PAB,4416,2130,2286,160,4228,28,ITH,ITH1,4,Provincia Autonoma Bolzano / Bozen,P.A. Bolzano,533050,145756,27.34,0.83
3109,2021-05-15,PAB,7012,3693,3319,6297,294,421,ITH,ITH1,4,Provincia Autonoma Bolzano / Bozen,P.A. Bolzano,533050,152768,28.66,1.32
3110,2021-02-04,PAB,1964,596,1368,8,1956,0,ITH,ITH1,4,Provincia Autonoma Bolzano / Bozen,P.A. Bolzano,533050,154732,29.03,0.37
3111,2021-07-11,PAB,6063,3090,2973,1082,4870,111,ITH,ITH1,4,Provincia Autonoma Bolzano / Bozen,P.A. Bolzano,533050,160795,30.17,1.14
3112,2021-08-04,PAB,3008,1597,1411,2176,832,0,ITH,ITH1,4,Provincia Autonoma Bolzano / Bozen,P.A. Bolzano,533050,163803,30.73,0.56
3113,2021-06-08,PAB,4211,2151,2060,863,3320,28,ITH,ITH1,4,Provincia Autonoma Bolzano / Bozen,P.A. Bolzano,533050,168014,31.52,0.79
3114,2021-04-17,PAB,5239,2602,2637,4945,44,250,ITH,ITH1,4,Provincia Autonoma Bolzano / Bozen,P.A. Bolzano,533050,173253,32.5,0.98
3115,2021-01-07,PAB,918,327,591,918,0,0,ITH,ITH1,4,Provincia Autonoma Bolzano / Bozen,P.A. Bolzano,533050,174171,32.67,0.17
3116,2021-07-21,PAB,3216,1880,1336,522,2642,52,ITH,ITH1,4,Provincia Autonoma Bolzano / Bozen,P.A. Bolzano,533050,177387,33.28,0.6
3117,2021-04-12,PAB,2105,946,1159,2022,7,76,ITH,ITH1,4,Provincia Autonoma Bolzano / Bozen,P.A. Bolzano,533050,179492,33.67,0.39
3118,2021-03-07,PAB,114,13,101,9,105,0,ITH,ITH1,4,Provincia Autonoma Bolzano / Bozen,P.A. Bolzano,533050,179606,33.69,0.02
3119,2021-01-21,PAB,968,451,517,140,828,0,ITH,ITH1,4,Provincia Autonoma Bolzano / Bozen,P.A. Bolzano,533050,180574,33.88,0.18
3120,2021-07-25,PAB,1891,1127,764,665,1146,80,ITH,ITH1,4,Provincia Autonoma Bolzano / Bozen,P.A. Bolzano,533050,182465,34.23,0.35
3121,2021-05-10,PAB,3019,1300,1719,1331,1606,82,ITH,ITH1,4,Provincia Autonoma Bolzano / Bozen,P.A. Bolzano,533050,185484,34.8,0.57
3122,2021-08-01,PAB,901,524,377,516,338,47,ITH,ITH1,4,Provincia Autonoma Bolzano / Bozen,P.A. Bolzano,533050,186385,34.97,0.17
3123,2021-02-16,PAB,530,205,325,529,0,1,ITH,ITH1,4,Provincia Autonoma Bolzano / Bozen,P.A. Bolzano,533050,186915,35.07,0.1
3124,2021-01-28,PAB,871,308,563,9,862,0,ITH,ITH1,4,Provincia Autonoma Bolzano / Bozen,P.A. Bolzano,533050,187786,35.23,0.16
3125,2021-01-14,PAB,1952,578,1374,1952,0,0,ITH,ITH1,4,Provincia Autonoma Bolzano / Bozen,P.A. Bolzano,533050,189738,35.59,0.37
3126,2021-04-07,PAB,1798,823,975,1162,540,96,ITH,ITH1,4,Provincia Autonoma Bolzano / Bozen,P.A. Bolzano,533050,191536,35.93,0.34
3127,2021-03-02,PAB,695,200,495,673,2,20,ITH,ITH1,4,Provincia Autonoma Bolzano / Bozen,P.A. Bolzano,533050,192231,36.06,0.13
3128,2021-03-19,PAB,1920,777,1143,749,1120,51,ITH,ITH1,4,Provincia Autonoma Bolzano / Bozen,P.A. Bolzano,533050,194151,36.42,0.36
3129,2021-02-09,PAB,317,126,191,1,316,0,ITH,ITH1,4,Provincia Autonoma Bolzano / Bozen,P.A. Bolzano,533050,194468,36.48,0.06
3130,2021-07-13,PAB,3377,1730,1647,1307,1927,143,ITH,ITH1,4,Provincia Autonoma Bolzano / Bozen,P.A. Bolzano,533050,197845,37.12,0.63
3131,2021-02-02,PAB,1752,509,1243,8,1744,0,ITH,ITH1,4,Provincia Autonoma Bolzano / Bozen,P.A. Bolzano,533050,199597,37.44,0.33
3132,2021-07-20,PAB,3128,1727,1401,1397,1522,209,ITH,ITH1,4,Provincia Autonoma Bolzano / Bozen,P.A. Bolzano,533050,202725,38.03,0.59
3133,2021-04-28,PAB,2464,1302,1162,2241,5,218,ITH,ITH1,4,Provincia Autonoma Bolzano / Bozen,P.A. Bolzano,533050,205189,38.49,0.46
3134,2021-01-16,PAB,2840,1265,1575,2840,0,0,ITH,ITH1,4,Provincia Autonoma Bolzano / Bozen,P.A. Bolzano,533050,208029,39.03,0.53
3135,2021-06-10,PAB,4474,2319,2155,1288,3094,92,ITH,ITH1,4,Provincia Autonoma Bolzano / Bozen,P.A. Bolzano,533050,212503,39.87,0.84
3136,2021-07-06,PAB,1719,924,795,685,981,53,ITH,ITH1,4,Provincia Autonoma Bolzano / Bozen,P.A. Bolzano,533050,214222,40.19,0.32
3137,2021-06-22,PAB,2468,1421,1047,317,2125,26,ITH,ITH1,4,Provincia Autonoma Bolzano / Bozen,P.A. Bolzano,533050,216690,40.65,0.46
3138,2021-03-14,PAB,758,336,422,14,733,11,ITH,ITH1,4,Provincia Autonoma Bolzano / Bozen,P.A. Bolzano,533050,217448,40.79,0.14
3139,2021-04-14,PAB,3593,1645,1948,3215,91,287,ITH,ITH1,4,Provincia Autonoma Bolzano / Bozen,P.A. Bolzano,533050,221041,41.47,0.67
3140,2021-01-04,PAB,508,201,307,508,0,0,ITH,ITH1,4,Provincia Autonoma Bolzano / Bozen,P.A. Bolzano,533050,221549,41.56,0.1
3141,2021-02-06,PAB,2630,1174,1456,18,2611,1,ITH,ITH1,4,Provincia Autonoma Bolzano / Bozen,P.A. Bolzano,533050,224179,42.06,0.49
3142,2021-06-21,PAB,3167,1614,1553,260,2867,40,ITH,ITH1,4,Provincia Autonoma Bolzano / Bozen,P.A. Bolzano,533050,227346,42.65,0.59
3143,2021-07-30,PAB,5084,2736,2348,3330,1410,344,ITH,ITH1,4,Provincia Autonoma Bolzano / Bozen,P.A. Bolzano,533050,232430,43.6,0.95
3144,2021-04-21,PAB,3013,1468,1545,2033,848,132,ITH,ITH1,4,Provincia Autonoma Bolzano / Bozen,P.A. Bolzano,533050,235443,44.17,0.57
3145,2021-06-24,PAB,3934,2036,1898,1564,2197,173,ITH,ITH1,4,Provincia Autonoma Bolzano / Bozen,P.A. Bolzano,533050,239377,44.91,0.74
3146,2021-01-09,PAB,612,326,286,612,0,0,ITH,ITH1,4,Provincia Autonoma Bolzano / Bozen,P.A. Bolzano,533050,239989,45.02,0.11
3147,2021-06-05,PAB,6080,3030,3050,4696,1096,288,ITH,ITH1,4,Provincia Autonoma Bolzano / Bozen,P.A. Bolzano,533050,246069,46.16,1.14
3148,2021-04-30,PAB,3343,1595,1748,1430,1776,137,ITH,ITH1,4,Provincia Autonoma Bolzano / Bozen,P.A. Bolzano,533050,249412,46.79,0.63
3149,2021-01-20,PAB,618,253,365,410,208,0,ITH,ITH1,4,Provincia Autonoma Bolzano / Bozen,P.A. Bolzano,533050,250030,46.91,0.12
3150,2021-07-22,PAB,3721,1933,1788,1721,1787,213,ITH,ITH1,4,Provincia Autonoma Bolzano / Bozen,P.A. Bolzano,533050,253751,47.6,0.7
3151,2021-01-06,PAB,59,18,41,59,0,0,ITH,ITH1,4,Provincia Autonoma Bolzano / Bozen,P.A. Bolzano,533050,253810,47.61,0.01
3152,2021-03-30,PAB,1299,532,767,204,1080,15,ITH,ITH1,4,Provincia Autonoma Bolzano / Bozen,P.A. Bolzano,533050,255109,47.86,0.24
3153,2021-04-16,PAB,2951,1419,1532,2275,511,165,ITH,ITH1,4,Provincia Autonoma Bolzano / Bozen,P.A. Bolzano,533050,258060,48.41,0.55
3154,2021-07-08,PAB,5506,2780,2726,547,4882,77,ITH,ITH1,4,Provincia Autonoma Bolzano / Bozen,P.A. Bolzano,533050,263566,49.44,1.03
3155,2021-06-19,PAB,5661,3015,2646,555,5034,72,ITH,ITH1,4,Provincia Autonoma Bolzano / Bozen,P.A. Bolzano,533050,269227,50.51,1.06
3156,2021-03-11,PAB,1691,830,861,1098,539,54,ITH,ITH1,4,Provincia Autonoma Bolzano / Bozen,P.A. Bolzano,533050,270918,50.82,0.32
3157,2021-02-25,PAB,1498,549,949,1487,1,10,ITH,ITH1,4,Provincia Autonoma Bolzano / Bozen,P.A. Bolzano,533050,272416,51.11,0.28
3158,2021-06-02,PAB,1465,823,642,976,458,31,ITH,ITH1,4,Provincia Autonoma Bolzano / Bozen,P.A. Bolzano,533050,273881,51.38,0.27
3159,2021-04-25,PAB,3073,1497,1576,2274,672,127,ITH,ITH1,4,Provincia Autonoma Bolzano / Bozen,P.A. Bolzano,533050,276954,51.96,0.58
3160,2021-08-03,PAB,2185,1177,1008,1536,649,0,ITH,ITH1,4,Provincia Autonoma Bolzano / Bozen,P.A. Bolzano,533050,279139,52.37,0.41
3161,2021-01-13,PAB,1718,565,1153,1718,0,0,ITH,ITH1,4,Provincia Autonoma Bolzano / Bozen,P.A. Bolzano,533050,280857,52.69,0.32
3162,2021-01-30,PAB,498,245,253,4,494,0,ITH,ITH1,4,Provincia Autonoma Bolzano / Bozen,P.A. Bolzano,533050,281355,52.78,0.09
3163,2021-04-23,PAB,4546,2152,2394,3043,1291,212,ITH,ITH1,4,Provincia Autonoma Bolzano / Bozen,P.A. Bolzano,533050,285901,53.63,0.85
3164,2021-01-11,PAB,1589,520,1069,1589,0,0,ITH,ITH1,4,Provincia Autonoma Bolzano / Bozen,P.A. Bolzano,533050,287490,53.93,0.3
3165,2021-05-31,PAB,3031,1494,1537,2040,867,124,ITH,ITH1,4,Provincia Autonoma Bolzano / Bozen,P.A. Bolzano,533050,290521,54.5,0.57
3166,2021-01-01,PAB,6,5,1,6,0,0,ITH,ITH1,4,Provincia Autonoma Bolzano / Bozen,P.A. Bolzano,533050,290527,54.5,0.0
3167,2021-06-07,PAB,2956,1539,1417,2499,318,139,ITH,ITH1,4,Provincia Autonoma Bolzano / Bozen,P.A. Bolzano,533050,293483,55.06,0.55
3168,2021-02-27,PAB,2458,759,1699,2411,10,37,ITH,ITH1,4,Provincia Autonoma Bolzano / Bozen,P.A. Bolzano,533050,295941,55.52,0.46
3169,2021-02-13,PAB,318,79,239,310,6,2,ITH,ITH1,4,Provincia Autonoma Bolzano / Bozen,P.A. Bolzano,533050,296259,55.58,0.06
3170,2021-04-11,PAB,2724,1294,1430,2446,177,101,ITH,ITH1,4,Provincia Autonoma Bolzano / Bozen,P.A. Bolzano,533050,298983,56.09,0.51
3171,2021-05-24,PAB,1455,767,688,1039,334,82,ITH,ITH1,4,Provincia Autonoma Bolzano / Bozen,P.A. Bolzano,533050,300438,56.36,0.27
3172,2021-02-20,PAB,1802,540,1262,1753,18,31,ITH,ITH1,4,Provincia Autonoma Bolzano / Bozen,P.A. Bolzano,533050,302240,56.7,0.34
3173,2021-07-27,PAB,3142,1879,1263,882,2175,85,ITH,ITH1,4,Provincia Autonoma Bolzano / Bozen,P.A. Bolzano,533050,305382,57.29,0.59
3174,2021-04-18,PAB,3110,1607,1503,2004,1010,96,ITH,ITH1,4,Provincia Autonoma Bolzano / Bozen,P.A. Bolzano,533050,308492,57.87,0.58
3175,2021-01-15,PAB,3282,1228,2054,3281,0,1,ITH,ITH1,4,Provincia Autonoma Bolzano / Bozen,P.A. Bolzano,533050,311774,58.49,0.62
3176,2021-06-18,PAB,4159,2163,1996,1128,2900,131,ITH,ITH1,4,Provincia Autonoma Bolzano / Bozen,P.A. Bolzano,533050,315933,59.27,0.78
3177,2021-01-08,PAB,1523,479,1044,1523,0,0,ITH,ITH1,4,Provincia Autonoma Bolzano / Bozen,P.A. Bolzano,533050,317456,59.55,0.29
3178,2021-07-01,PAB,4634,2301,2333,1310,3165,159,ITH,ITH1,4,Provincia Autonoma Bolzano / Bozen,P.A. Bolzano,533050,322090,60.42,0.87
3179,2021-03-04,PAB,1717,1007,710,1431,229,57,ITH,ITH1,4,Provincia Autonoma Bolzano / Bozen,P.A. Bolzano,533050,323807,60.75,0.32
3180,2021-05-26,PAB,5000,2523,2477,2836,1974,190,ITH,ITH1,4,Provincia Autonoma Bolzano / Bozen,P.A. Bolzano,533050,328807,61.68,0.94
3181,2021-06-14,PAB,2977,1613,1364,573,2358,46,ITH,ITH1,4,Provincia Autonoma Bolzano / Bozen,P.A. Bolzano,533050,331784,62.24,0.56
3182,2021-06-17,PAB,1768,980,788,616,1079,73,ITH,ITH1,4,Provincia Autonoma Bolzano / Bozen,P.A. Bolzano,533050,333552,62.57,0.33
3183,2021-01-02,PAB,91,48,43,91,0,0,ITH,ITH1,4,Provincia Autonoma Bolzano / Bozen,P.A. Bolzano,533050,333643,62.59,0.02
3184,2021-06-26,PAB,4542,2329,2213,1362,3073,107,ITH,ITH1,4,Provincia Autonoma Bolzano / Bozen,P.A. Bolzano,533050,338185,63.44,0.85
3185,2021-03-18,PAB,1302,531,771,216,1076,10,ITH,ITH1,4,Provincia Autonoma Bolzano / Bozen,P.A. Bolzano,533050,339487,63.69,0.24
3186,2021-05-14,PAB,5136,2321,2815,2889,2039,208,ITH,ITH1,4,Provincia Autonoma Bolzano / Bozen,P.A. Bolzano,533050,344623,64.65,0.96
3187,2021-03-16,PAB,1290,532,758,116,1166,8,ITH,ITH1,4,Provincia Autonoma Bolzano / Bozen,P.A. Bolzano,533050,345913,64.89,0.24
3188,2021-05-12,PAB,3793,2059,1734,3393,154,246,ITH,ITH1,4,Provincia Autonoma Bolzano / Bozen,P.A. Bolzano,533050,349706,65.6,0.71
3189,2021-02-01,PAB,1458,443,1015,11,1446,1,ITH,ITH1,4,Provincia Autonoma Bolzano / Bozen,P.A. Bolzano,533050,351164,65.88,0.27
3190,2021-03-09,PAB,1194,543,651,1164,2,28,ITH,ITH1,4,Provincia Autonoma Bolzano / Bozen,P.A. Bolzano,533050,352358,66.1,0.22
3191,2021-05-23,PAB,4338,2303,2035,4117,8,213,ITH,ITH1,4,Provincia Autonoma Bolzano / Bozen,P.A. Bolzano,533050,356696,66.92,0.81
3192,2021-07-19,PAB,2772,1389,1383,617,2046,109,ITH,ITH1,4,Provincia Autonoma Bolzano / Bozen,P.A. Bolzano,533050,359468,67.44,0.52
3193,2021-02-03,PAB,1504,478,1026,5,1499,0,ITH,ITH1,4,Provincia Autonoma Bolzano / Bozen,P.A. Bolzano,533050,360972,67.72,0.28
3194,2021-02-10,PAB,1636,605,1031,25,1610,1,ITH,ITH1,4,Provincia Autonoma Bolzano / Bozen,P.A. Bolzano,533050,362608,68.03,0.31
3195,2021-04-26,PAB,1543,771,772,1446,5,92,ITH,ITH1,4,Provincia Autonoma Bolzano / Bozen,P.A. Bolzano,533050,364151,68.31,0.29
3196,2021-07-10,PAB,5802,2996,2806,927,4740,135,ITH,ITH1,4,Provincia Autonoma Bolzano / Bozen,P.A. Bolzano,533050,369953,69.4,1.09
3197,2021-01-18,PAB,1772,687,1085,1766,5,1,ITH,ITH1,4,Provincia Autonoma Bolzano / Bozen,P.A. Bolzano,533050,371725,69.74,0.33
3198,2021-05-07,PAB,4194,2062,2132,3376,528,290,ITH,ITH1,4,Provincia Autonoma Bolzano / Bozen,P.A. Bolzano,533050,375919,70.52,0.79
3199,2021-07-03,PAB,5633,2790,2843,974,4561,98,ITH,ITH1,4,Provincia Autonoma Bolzano / Bozen,P.A. Bolzano,533050,381552,71.58,1.06
3200,2021-05-05,PAB,4156,1946,2210,1811,2116,229,ITH,ITH1,4,Provincia Autonoma Bolzano / Bozen,P.A. Bolzano,533050,385708,72.36,0.78
3201,2021-01-25,PAB,488,184,304,3,485,0,ITH,ITH1,4,Provincia Autonoma Bolzano / Bozen,P.A. Bolzano,533050,386196,72.45,0.09
3202,2021-03-28,PAB,569,212,357,11,558,0,ITH,ITH1,4,Provincia Autonoma Bolzano / Bozen,P.A. Bolzano,533050,386765,72.56,0.11
3203,2021-02-15,PAB,72,42,30,23,46,3,ITH,ITH1,4,Provincia Autonoma Bolzano / Bozen,P.A. Bolzano,533050,386837,72.57,0.01
3204,2021-05-11,PAB,2845,1336,1509,1242,1522,81,ITH,ITH1,4,Provincia Autonoma Bolzano / Bozen,P.A. Bolzano,533050,389682,73.1,0.53
3205,2021-07-31,PAB,2931,1584,1347,1984,813,134,ITH,ITH1,4,Provincia Autonoma Bolzano / Bozen,P.A. Bolzano,533050,392613,73.65,0.55
3206,2021-01-29,PAB,1498,511,987,24,1474,0,ITH,ITH1,4,Provincia Autonoma Bolzano / Bozen,P.A. Bolzano,533050,394111,73.94,0.28
3207,2021-04-22,PAB,2926,1503,1423,1854,942,130,ITH,ITH1,4,Provincia Autonoma Bolzano / Bozen,P.A. Bolzano,533050,397037,74.48,0.55
3208,2021-05-09,PAB,4242,2411,1831,2925,1152,165,ITH,ITH1,4,Provincia Autonoma Bolzano / Bozen,P.A. Bolzano,533050,401279,75.28,0.8
3209,2021-03-06,PAB,3973,2081,1892,3674,211,88,ITH,ITH1,4,Provincia Autonoma Bolzano / Bozen,P.A. Bolzano,533050,405252,76.03,0.75
3210,2021-05-28,PAB,7133,3749,3384,5023,1891,219,ITH,ITH1,4,Provincia Autonoma Bolzano / Bozen,P.A. Bolzano,533050,412385,77.36,1.34
3211,2021-02-17,PAB,156,51,105,139,17,0,ITH,ITH1,4,Provincia Autonoma Bolzano / Bozen,P.A. Bolzano,533050,412541,77.39,0.03
3212,2021-02-08,PAB,2,1,1,1,1,0,ITH,ITH1,4,Provincia Autonoma Bolzano / Bozen,P.A. Bolzano,533050,412543,77.39,0.0
3213,2021-05-19,PAB,3853,1978,1875,1923,1787,143,ITH,ITH1,4,Provincia Autonoma Bolzano / Bozen,P.A. Bolzano,533050,416396,78.12,0.72
3214,2021-01-03,PAB,41,16,25,41,0,0,ITH,ITH1,4,Provincia Autonoma Bolzano / Bozen,P.A. Bolzano,533050,416437,78.12,0.01
3215,2021-04-13,PAB,2394,1132,1262,2298,7,89,ITH,ITH1,4,Provincia Autonoma Bolzano / Bozen,P.A. Bolzano,533050,418831,78.57,0.45
3216,2021-07-15,PAB,4386,2314,2072,1505,2698,183,ITH,ITH1,4,Provincia Autonoma Bolzano / Bozen,P.A. Bolzano,533050,423217,79.4,0.82
3217,2021-04-06,PAB,2251,1118,1133,1940,104,207,ITH,ITH1,4,Provincia Autonoma Bolzano / Bozen,P.A. Bolzano,533050,425468,79.82,0.42
3218,2021-07-17,PAB,3140,1796,1344,698,2348,94,ITH,ITH1,4,Provincia Autonoma Bolzano / Bozen,P.A. Bolzano,533050,428608,80.41,0.59
3219,2021-04-08,PAB,2775,1353,1422,2477,204,94,ITH,ITH1,4,Provincia Autonoma Bolzano / Bozen,P.A. Bolzano,533050,431383,80.93,0.52
3220,2021-06-04,PAB,6602,3315,3287,4834,1533,235,ITH,ITH1,4,Provincia Autonoma Bolzano / Bozen,P.A. Bolzano,533050,437985,82.17,1.24
3221,2021-02-24,PAB,1367,406,961,1316,12,39,ITH,ITH1,4,Provincia Autonoma Bolzano / Bozen,P.A. Bolzano,533050,439352,82.42,0.26
3222,2021-03-27,PAB,3051,1554,1497,1477,1508,66,ITH,ITH1,4,Provincia Autonoma Bolzano / Bozen,P.A. Bolzano,533050,442403,82.99,0.57
3223,2021-03-13,PAB,2886,1460,1426,2726,101,59,ITH,ITH1,4,Provincia Autonoma Bolzano / Bozen,P.A. Bolzano,533050,445289,83.54,0.54
3224,2021-03-23,PAB,1555,760,795,1516,1,38,ITH,ITH1,4,Provincia Autonoma Bolzano / Bozen,P.A. Bolzano,533050,446844,83.83,0.29
3225,2021-04-01,PAB,2787,1407,1380,2498,144,145,ITH,ITH1,4,Provincia Autonoma Bolzano / Bozen,P.A. Bolzano,533050,449631,84.35,0.52
3226,2021-07-05,PAB,2935,1406,1529,823,1984,128,ITH,ITH1,4,Provincia Autonoma Bolzano / Bozen,P.A. Bolzano,533050,452566,84.9,0.55
3227,2021-05-30,PAB,4782,2524,2258,727,4021,34,ITH,ITH1,4,Provincia Autonoma Bolzano / Bozen,P.A. Bolzano,533050,457348,85.8,0.9
3228,2021-05-21,PAB,6959,3826,3133,4803,1847,309,ITH,ITH1,4,Provincia Autonoma Bolzano / Bozen,P.A. Bolzano,533050,464307,87.1,1.31
3229,2021-05-16,PAB,2027,933,1094,1280,693,54,ITH,ITH1,4,Provincia Autonoma Bolzano / Bozen,P.A. Bolzano,533050,466334,87.48,0.38
3230,2020-12-27,PAB,144,65,79,144,0,0,ITH,ITH1,4,Provincia Autonoma Bolzano / Bozen,P.A. Bolzano,533050,466478,87.51,0.03
3231,2021-06-30,PAB,3061,1564,1497,399,2605,57,ITH,ITH1,4,Provincia Autonoma Bolzano / Bozen,P.A. Bolzano,533050,469539,88.09,0.57
3232,2021-06-11,PAB,5803,2985,2818,2105,3480,218,ITH,ITH1,4,Provincia Autonoma Bolzano / Bozen,P.A. Bolzano,533050,475342,89.17,1.09
3233,2021-03-20,PAB,1759,850,909,1108,625,26,ITH,ITH1,4,Provincia Autonoma Bolzano / Bozen,P.A. Bolzano,533050,477101,89.5,0.33
3234,2021-06-28,PAB,4607,2304,2303,216,4367,24,ITH,ITH1,4,Provincia Autonoma Bolzano / Bozen,P.A. Bolzano,533050,481708,90.37,0.86
3235,2021-07-26,PAB,1624,937,687,1121,411,92,ITH,ITH1,4,Provincia Autonoma Bolzano / Bozen,P.A. Bolzano,533050,483332,90.67,0.3
3236,2021-02-22,PAB,526,143,383,496,12,18,ITH,ITH1,4,Provincia Autonoma Bolzano / Bozen,P.A. Bolzano,533050,483858,90.77,0.1
3237,2021-07-07,PAB,1984,1030,954,583,1336,65,ITH,ITH1,4,Provincia Autonoma Bolzano / Bozen,P.A. Bolzano,533050,485842,91.14,0.37
3238,2021-02-05,PAB,3200,1184,2016,8,3192,0,ITH,ITH1,4,Provincia Autonoma Bolzano / Bozen,P.A. Bolzano,533050,489042,91.74,0.6
3239,2021-04-15,PAB,4401,2307,2094,3902,263,236,ITH,ITH1,4,Provincia Autonoma Bolzano / Bozen,P.A. Bolzano,533050,493443,92.57,0.83
3240,2021-07-24,PAB,4799,2832,1967,1354,3322,123,ITH,ITH1,4,Provincia Autonoma Bolzano / Bozen,P.A. Bolzano,533050,498242,93.47,0.9
3241,2021-05-02,PAB,2457,1288,1169,1423,921,113,ITH,ITH1,4,Provincia Autonoma Bolzano / Bozen,P.A. Bolzano,533050,500699,93.93,0.46
3242,2021-01-22,PAB,248,143,105,124,124,0,ITH,ITH1,4,Provincia Autonoma Bolzano / Bozen,P.A. Bolzano,533050,500947,93.98,0.05
3243,2021-07-12,PAB,3530,1754,1776,251,3241,38,ITH,ITH1,4,Provincia Autonoma Bolzano / Bozen,P.A. Bolzano,533050,504477,94.64,0.66
3244,2021-04-03,PAB,833,366,467,13,811,9,ITH,ITH1,4,Provincia Autonoma Bolzano / Bozen,P.A. Bolzano,533050,505310,94.8,0.16
3245,2021-03-25,PAB,2170,1080,1090,1662,443,65,ITH,ITH1,4,Provincia Autonoma Bolzano / Bozen,P.A. Bolzano,533050,507480,95.2,0.41
3246,2021-01-27,PAB,85,29,56,2,83,0,ITH,ITH1,4,Provincia Autonoma Bolzano / Bozen,P.A. Bolzano,533050,507565,95.22,0.02
3247,2021-04-02,PAB,2088,839,1249,590,1357,141,ITH,ITH1,4,Provincia Autonoma Bolzano / Bozen,P.A. Bolzano,533050,509653,95.61,0.39
3248,2021-05-29,PAB,7321,3894,3427,4002,3139,180,ITH,ITH1,4,Provincia Autonoma Bolzano / Bozen,P.A. Bolzano,533050,516974,96.98,1.37
3249,2021-03-26,PAB,1660,734,926,504,1136,20,ITH,ITH1,4,Provincia Autonoma Bolzano / Bozen,P.A. Bolzano,533050,518634,97.3,0.31
3250,2021-04-09,PAB,2937,1301,1636,1936,730,271,ITH,ITH1,4,Provincia Autonoma Bolzano / Bozen,P.A. Bolzano,533050,521571,97.85,0.55
3251,2021-05-22,PAB,6838,3568,3270,4445,2166,227,ITH,ITH1,4,Provincia Autonoma Bolzano / Bozen,P.A. Bolzano,533050,528409,99.13,1.28
3252,2021-02-11,PAB,1094,432,662,238,855,1,ITH,ITH1,4,Provincia Autonoma Bolzano / Bozen,P.A. Bolzano,533050,529503,99.33,0.21
3253,2021-07-18,PAB,1862,1032,830,635,1148,79,ITH,ITH1,4,Provincia Autonoma Bolzano / Bozen,P.A. Bolzano,533050,531365,99.68,0.35
3254,2021-02-18,PAB,1839,457,1382,1810,7,22,ITH,ITH1,4,Provincia Autonoma Bolzano / Bozen,P.A. Bolzano,533050,533204,100.03,0.34
3255,2021-07-29,PAB,1334,714,620,724,570,40,ITH,ITH1,4,Provincia Autonoma Bolzano / Bozen,P.A. Bolzano,533050,534538,100.28,0.25
3256,2020-12-30,PAB,388,182,206,388,0,0,ITH,ITH1,4,Provincia Autonoma Bolzano / Bozen,P.A. Bolzano,533050,534926,100.35,0.07
3257,2021-06-09,PAB,3823,1902,1921,1237,2476,110,ITH,ITH1,4,Provincia Autonoma Bolzano / Bozen,P.A. Bolzano,533050,538749,101.07,0.72
3258,2021-03-01,PAB,923,222,701,887,1,35,ITH,ITH1,4,Provincia Autonoma Bolzano / Bozen,P.A. Bolzano,533050,539672,101.24,0.17
3259,2021-08-05,PAB,2910,1581,1329,1607,1303,0,ITH,ITH1,4,Provincia Autonoma Bolzano / Bozen,P.A. Bolzano,533050,542582,101.79,0.55
3260,2021-03-15,PAB,1193,452,741,696,482,15,ITH,ITH1,4,Provincia Autonoma Bolzano / Bozen,P.A. Bolzano,533050,543775,102.01,0.22
3261,2021-04-27,PAB,2227,1013,1214,1052,1077,98,ITH,ITH1,4,Provincia Autonoma Bolzano / Bozen,P.A. Bolzano,533050,546002,102.43,0.42
3262,2021-01-17,PAB,2329,1044,1285,2318,11,0,ITH,ITH1,4,Provincia Autonoma Bolzano / Bozen,P.A. Bolzano,533050,548331,102.87,0.44
3263,2021-06-23,PAB,1151,594,557,333,767,51,ITH,ITH1,4,Provincia Autonoma Bolzano / Bozen,P.A. Bolzano,533050,549482,103.08,0.22
3264,2021-04-20,PAB,1563,785,778,1486,3,74,ITH,ITH1,4,Provincia Autonoma Bolzano / Bozen,P.A. Bolzano,533050,551045,103.38,0.29
3265,2021-01-10,PAB,2,2,0,2,0,0,ITH,ITH1,4,Provincia Autonoma Bolzano / Bozen,P.A. Bolzano,533050,551047,103.38,0.0
3266,2021-06-16,PAB,3819,2025,1794,11,3804,4,ITH,ITH1,4,Provincia Autonoma Bolzano / Bozen,P.A. Bolzano,533050,554866,104.09,0.72
3267,2021-03-08,PAB,1210,534,676,1161,27,22,ITH,ITH1,4,Provincia Autonoma Bolzano / Bozen,P.A. Bolzano,533050,556076,104.32,0.23
3268,2021-05-04,PAB,3451,1844,1607,2256,1037,158,ITH,ITH1,4,Provincia Autonoma Bolzano / Bozen,P.A. Bolzano,533050,559527,104.97,0.65
3269,2021-03-03,ABR,4640,1898,2742,3711,906,23,ITF,ITF1,13,Abruzzo,Abruzzo,1304970,4640,0.36,0.36
3270,2021-07-14,ABR,13719,6795,6924,2436,11132,151,ITF,ITF1,13,Abruzzo,Abruzzo,1304970,18359,1.41,1.05
3271,2021-04-08,ABR,7396,3337,4059,4935,2331,130,ITF,ITF1,13,Abruzzo,Abruzzo,1304970,25755,1.97,0.57
3272,2021-04-22,ABR,6734,3250,3484,4830,1730,174,ITF,ITF1,13,Abruzzo,Abruzzo,1304970,32489,2.49,0.52
3273,2021-07-31,ABR,11744,6341,5403,3484,8058,202,ITF,ITF1,13,Abruzzo,Abruzzo,1304970,44233,3.39,0.9
3274,2021-03-22,ABR,4344,1908,2436,2310,1970,64,ITF,ITF1,13,Abruzzo,Abruzzo,1304970,48577,3.72,0.33
3275,2021-06-30,ABR,11172,5431,5741,4501,6505,166,ITF,ITF1,13,Abruzzo,Abruzzo,1304970,59749,4.58,0.86
3276,2021-02-22,ABR,2643,1174,1469,2588,30,25,ITF,ITF1,13,Abruzzo,Abruzzo,1304970,62392,4.78,0.2
3277,2021-02-05,ABR,1534,521,1013,772,746,16,ITF,ITF1,13,Abruzzo,Abruzzo,1304970,63926,4.9,0.12
3278,2021-05-16,ABR,9580,4136,5444,5647,3814,119,ITF,ITF1,13,Abruzzo,Abruzzo,1304970,73506,5.63,0.73
3279,2021-06-04,ABR,15639,7392,8247,10761,4693,185,ITF,ITF1,13,Abruzzo,Abruzzo,1304970,89145,6.83,1.2
3280,2021-05-18,ABR,12112,5661,6451,7564,4379,169,ITF,ITF1,13,Abruzzo,Abruzzo,1304970,101257,7.76,0.93
3281,2021-02-24,ABR,3306,1442,1864,3112,177,17,ITF,ITF1,13,Abruzzo,Abruzzo,1304970,104563,8.01,0.25
3282,2020-12-27,ABR,44,22,22,44,0,0,ITF,ITF1,13,Abruzzo,Abruzzo,1304970,104607,8.02,0.0
3283,2021-03-20,ABR,4794,2199,2595,2560,2172,62,ITF,ITF1,13,Abruzzo,Abruzzo,1304970,109401,8.38,0.37
3284,2021-06-13,ABR,9844,4925,4919,7846,1833,165,ITF,ITF1,13,Abruzzo,Abruzzo,1304970,119245,9.14,0.75
3285,2021-05-30,ABR,8660,4110,4550,5326,3255,79,ITF,ITF1,13,Abruzzo,Abruzzo,1304970,127905,9.8,0.66
3286,2021-04-03,ABR,5162,2258,2904,3486,1597,79,ITF,ITF1,13,Abruzzo,Abruzzo,1304970,133067,10.2,0.4
3287,2021-07-26,ABR,14237,7449,6788,3855,10184,198,ITF,ITF1,13,Abruzzo,Abruzzo,1304970,147304,11.29,1.09
3288,2021-07-12,ABR,15075,7457,7618,2359,12601,115,ITF,ITF1,13,Abruzzo,Abruzzo,1304970,162379,12.44,1.16
3289,2021-01-22,ABR,118,57,61,118,0,0,ITF,ITF1,13,Abruzzo,Abruzzo,1304970,162497,12.45,0.01
3290,2021-01-03,ABR,471,185,286,469,0,2,ITF,ITF1,13,Abruzzo,Abruzzo,1304970,162968,12.49,0.04
3291,2021-02-10,ABR,946,311,635,492,444,10,ITF,ITF1,13,Abruzzo,Abruzzo,1304970,163914,12.56,0.07
3292,2021-05-04,ABR,10855,5095,5760,7053,3616,186,ITF,ITF1,13,Abruzzo,Abruzzo,1304970,174769,13.39,0.83
3293,2021-03-08,ABR,5153,1693,3460,4089,973,91,ITF,ITF1,13,Abruzzo,Abruzzo,1304970,179922,13.79,0.39
3294,2021-01-24,ABR,50,22,28,6,44,0,ITF,ITF1,13,Abruzzo,Abruzzo,1304970,179972,13.79,0.0
3295,2021-03-01,ABR,3478,1385,2093,2703,751,24,ITF,ITF1,13,Abruzzo,Abruzzo,1304970,183450,14.06,0.27
3296,2021-01-10,ABR,1140,409,731,1136,0,4,ITF,ITF1,13,Abruzzo,Abruzzo,1304970,184590,14.15,0.09
3297,2021-04-29,ABR,12679,5852,6827,9280,3095,304,ITF,ITF1,13,Abruzzo,Abruzzo,1304970,197269,15.12,0.97
3298,2021-06-25,ABR,11060,5478,5582,4905,6011,144,ITF,ITF1,13,Abruzzo,Abruzzo,1304970,208329,15.96,0.85
3299,2021-01-15,ABR,380,150,230,366,0,14,ITF,ITF1,13,Abruzzo,Abruzzo,1304970,208709,15.99,0.03
3300,2021-04-27,ABR,9084,4366,4718,6505,2466,113,ITF,ITF1,13,Abruzzo,Abruzzo,1304970,217793,16.69,0.7
3301,2021-02-17,ABR,2071,948,1123,1780,282,9,ITF,ITF1,13,Abruzzo,Abruzzo,1304970,219864,16.85,0.16
3302,2021-06-11,ABR,11778,5852,5926,8832,2761,185,ITF,ITF1,13,Abruzzo,Abruzzo,1304970,231642,17.75,0.9
3303,2021-05-11,ABR,10760,5118,5642,5732,4852,176,ITF,ITF1,13,Abruzzo,Abruzzo,1304970,242402,18.58,0.82
3304,2021-01-19,ABR,111,55,56,90,20,1,ITF,ITF1,13,Abruzzo,Abruzzo,1304970,242513,18.58,0.01
3305,2021-02-07,ABR,779,308,471,200,578,1,ITF,ITF1,13,Abruzzo,Abruzzo,1304970,243292,18.64,0.06
3306,2021-02-12,ABR,1228,567,661,1026,189,13,ITF,ITF1,13,Abruzzo,Abruzzo,1304970,244520,18.74,0.09
3307,2021-07-19,ABR,11775,5982,5793,2665,8940,170,ITF,ITF1,13,Abruzzo,Abruzzo,1304970,256295,19.64,0.9
3308,2021-05-23,ABR,9881,4694,5187,7068,2692,121,ITF,ITF1,13,Abruzzo,Abruzzo,1304970,266176,20.4,0.76
3309,2021-06-06,ABR,11150,5308,5842,8778,2242,130,ITF,ITF1,13,Abruzzo,Abruzzo,1304970,277326,21.25,0.85
3310,2021-04-10,ABR,8775,4058,4717,6127,2509,139,ITF,ITF1,13,Abruzzo,Abruzzo,1304970,286101,21.92,0.67
3311,2021-03-27,ABR,6125,2622,3503,3564,2490,71,ITF,ITF1,13,Abruzzo,Abruzzo,1304970,292226,22.39,0.47
3312,2021-01-05,ABR,1617,605,1012,1612,0,5,ITF,ITF1,13,Abruzzo,Abruzzo,1304970,293843,22.52,0.12
3313,2021-04-15,ABR,7823,3682,4141,5829,1842,152,ITF,ITF1,13,Abruzzo,Abruzzo,1304970,301666,23.12,0.6
3314,2021-07-07,ABR,12085,5919,6166,4046,7801,238,ITF,ITF1,13,Abruzzo,Abruzzo,1304970,313751,24.04,0.93
3315,2021-07-09,ABR,13610,6794,6816,2895,10581,134,ITF,ITF1,13,Abruzzo,Abruzzo,1304970,327361,25.09,1.04
3316,2021-01-29,ABR,1388,449,939,73,1314,1,ITF,ITF1,13,Abruzzo,Abruzzo,1304970,328749,25.19,0.11
3317,2021-08-02,ABR,13855,7155,6700,3551,10046,258,ITF,ITF1,13,Abruzzo,Abruzzo,1304970,342604,26.25,1.06
3318,2021-05-27,ABR,13321,6105,7216,8317,4829,175,ITF,ITF1,13,Abruzzo,Abruzzo,1304970,355925,27.27,1.02
3319,2021-07-21,ABR,11077,5718,5359,2427,8516,134,ITF,ITF1,13,Abruzzo,Abruzzo,1304970,367002,28.12,0.85
3320,2021-02-03,ABR,2063,717,1346,411,1644,8,ITF,ITF1,13,Abruzzo,Abruzzo,1304970,369065,28.28,0.16
3321,2021-02-28,ABR,1704,510,1194,1666,2,36,ITF,ITF1,13,Abruzzo,Abruzzo,1304970,370769,28.41,0.13
3322,2021-08-04,ABR,10971,5672,5299,4315,6415,241,ITF,ITF1,13,Abruzzo,Abruzzo,1304970,381740,29.25,0.84
3323,2021-01-02,ABR,552,220,332,551,0,1,ITF,ITF1,13,Abruzzo,Abruzzo,1304970,382292,29.3,0.04
3324,2021-06-08,ABR,12881,6629,6252,10435,2207,239,ITF,ITF1,13,Abruzzo,Abruzzo,1304970,395173,30.28,0.99
3325,2021-04-26,ABR,8564,4068,4496,7143,1213,208,ITF,ITF1,13,Abruzzo,Abruzzo,1304970,403737,30.94,0.66
3326,2021-06-01,ABR,11001,4878,6123,6512,4368,121,ITF,ITF1,13,Abruzzo,Abruzzo,1304970,414738,31.78,0.84
3327,2021-06-18,ABR,10186,5002,5184,6550,3489,147,ITF,ITF1,13,Abruzzo,Abruzzo,1304970,424924,32.56,0.78
3328,2021-02-02,ABR,1763,668,1095,218,1541,4,ITF,ITF1,13,Abruzzo,Abruzzo,1304970,426687,32.7,0.14
3329,2021-05-13,ABR,11149,5042,6107,6959,3961,229,ITF,ITF1,13,Abruzzo,Abruzzo,1304970,437836,33.55,0.85
3330,2021-03-31,ABR,6718,2942,3776,4557,2069,92,ITF,ITF1,13,Abruzzo,Abruzzo,1304970,444554,34.07,0.51
3331,2021-07-02,ABR,11832,5945,5887,4832,6817,183,ITF,ITF1,13,Abruzzo,Abruzzo,1304970,456386,34.97,0.91
3332,2021-03-15,ABR,3681,1445,2236,1842,1807,32,ITF,ITF1,13,Abruzzo,Abruzzo,1304970,460067,35.25,0.28
3333,2021-01-17,ABR,188,59,129,180,7,1,ITF,ITF1,13,Abruzzo,Abruzzo,1304970,460255,35.27,0.01
3334,2021-06-23,ABR,11013,5283,5730,5581,5286,146,ITF,ITF1,13,Abruzzo,Abruzzo,1304970,471268,36.11,0.84
3335,2021-04-05,ABR,2693,1147,1546,1732,879,82,ITF,ITF1,13,Abruzzo,Abruzzo,1304970,473961,36.32,0.21
3336,2021-01-12,ABR,1805,667,1138,1791,0,14,ITF,ITF1,13,Abruzzo,Abruzzo,1304970,475766,36.46,0.14
3337,2021-07-23,ABR,12571,6463,6108,2852,9561,158,ITF,ITF1,13,Abruzzo,Abruzzo,1304970,488337,37.42,0.96
3338,2021-01-21,ABR,157,47,110,157,0,0,ITF,ITF1,13,Abruzzo,Abruzzo,1304970,488494,37.43,0.01
3339,2021-05-01,ABR,10740,5045,5695,5627,4979,134,ITF,ITF1,13,Abruzzo,Abruzzo,1304970,499234,38.26,0.82
3340,2021-05-20,ABR,12804,5926,6878,7413,5265,126,ITF,ITF1,13,Abruzzo,Abruzzo,1304970,512038,39.24,0.98
3341,2021-06-22,ABR,10411,4878,5533,5385,4847,179,ITF,ITF1,13,Abruzzo,Abruzzo,1304970,522449,40.04,0.8
3342,2021-04-17,ABR,7357,3402,3955,4215,3051,91,ITF,ITF1,13,Abruzzo,Abruzzo,1304970,529806,40.6,0.56
3343,2021-02-19,ABR,3299,1551,1748,3160,100,39,ITF,ITF1,13,Abruzzo,Abruzzo,1304970,533105,40.85,0.25
3344,2021-01-07,ABR,1605,553,1052,1598,0,7,ITF,ITF1,13,Abruzzo,Abruzzo,1304970,534710,40.97,0.12
3345,2021-05-15,ABR,11431,5180,6251,5946,5309,176,ITF,ITF1,13,Abruzzo,Abruzzo,1304970,546141,41.85,0.88
3346,2021-07-11,ABR,9882,4971,4911,2365,7387,130,ITF,ITF1,13,Abruzzo,Abruzzo,1304970,556023,42.61,0.76
3347,2021-03-10,ABR,5053,1686,3367,4028,957,68,ITF,ITF1,13,Abruzzo,Abruzzo,1304970,561076,43.0,0.39
3348,2021-01-26,ABR,1548,568,980,34,1514,0,ITF,ITF1,13,Abruzzo,Abruzzo,1304970,562624,43.11,0.12
3349,2021-05-06,ABR,12998,6085,6913,7802,5041,155,ITF,ITF1,13,Abruzzo,Abruzzo,1304970,575622,44.11,1.0
3350,2021-03-19,ABR,5796,2584,3212,2732,3023,41,ITF,ITF1,13,Abruzzo,Abruzzo,1304970,581418,44.55,0.44
3351,2021-03-05,ABR,5348,1958,3390,4591,697,60,ITF,ITF1,13,Abruzzo,Abruzzo,1304970,586766,44.96,0.41
3352,2021-06-27,ABR,8369,4301,4068,5018,3210,141,ITF,ITF1,13,Abruzzo,Abruzzo,1304970,595135,45.61,0.64
3353,2021-04-07,ABR,7227,3337,3890,4312,2787,128,ITF,ITF1,13,Abruzzo,Abruzzo,1304970,602362,46.16,0.55
3354,2021-07-16,ABR,16144,8235,7909,2467,13561,116,ITF,ITF1,13,Abruzzo,Abruzzo,1304970,618506,47.4,1.24
3355,2021-05-08,ABR,10295,4872,5423,6338,3833,124,ITF,ITF1,13,Abruzzo,Abruzzo,1304970,628801,48.19,0.79
3356,2021-04-24,ABR,8729,3975,4754,6943,1531,255,ITF,ITF1,13,Abruzzo,Abruzzo,1304970,637530,48.85,0.67
3357,2021-01-14,ABR,531,190,341,529,0,2,ITF,ITF1,13,Abruzzo,Abruzzo,1304970,638061,48.89,0.04
3358,2021-02-16,ABR,1916,841,1075,1891,12,13,ITF,ITF1,13,Abruzzo,Abruzzo,1304970,639977,49.04,0.15
3359,2021-03-02,ABR,3967,1676,2291,3261,686,20,ITF,ITF1,13,Abruzzo,Abruzzo,1304970,643944,49.35,0.3
3360,2021-03-17,ABR,4542,1874,2668,2779,1740,23,ITF,ITF1,13,Abruzzo,Abruzzo,1304970,648486,49.69,0.35
3361,2021-03-24,ABR,6387,2785,3602,3995,2251,141,ITF,ITF1,13,Abruzzo,Abruzzo,1304970,654873,50.18,0.49
3362,2021-02-09,ABR,910,313,597,500,409,1,ITF,ITF1,13,Abruzzo,Abruzzo,1304970,655783,50.25,0.07
3363,2021-05-25,ABR,11422,5325,6097,8085,3139,198,ITF,ITF1,13,Abruzzo,Abruzzo,1304970,667205,51.13,0.88
3364,2021-01-31,ABR,1521,494,1027,287,1233,1,ITF,ITF1,13,Abruzzo,Abruzzo,1304970,668726,51.24,0.12
3365,2021-05-10,ABR,10107,4782,5325,5371,4648,88,ITF,ITF1,13,Abruzzo,Abruzzo,1304970,678833,52.02,0.77
3366,2021-04-23,ABR,7393,3395,3998,4925,2305,163,ITF,ITF1,13,Abruzzo,Abruzzo,1304970,686226,52.59,0.57
3367,2021-01-30,ABR,1512,568,944,67,1444,1,ITF,ITF1,13,Abruzzo,Abruzzo,1304970,687738,52.7,0.12
3368,2021-08-01,ABR,7569,4056,3513,2005,5462,102,ITF,ITF1,13,Abruzzo,Abruzzo,1304970,695307,53.28,0.58
3369,2021-06-29,ABR,11434,5642,5792,5253,5994,187,ITF,ITF1,13,Abruzzo,Abruzzo,1304970,706741,54.16,0.88
3370,2021-03-21,ABR,2133,913,1220,839,1290,4,ITF,ITF1,13,Abruzzo,Abruzzo,1304970,708874,54.32,0.16
3371,2021-06-12,ABR,11419,5916,5503,9891,1350,178,ITF,ITF1,13,Abruzzo,Abruzzo,1304970,720293,55.2,0.88
3372,2021-06-19,ABR,10557,5201,5356,6485,3899,173,ITF,ITF1,13,Abruzzo,Abruzzo,1304970,730850,56.01,0.81
3373,2021-03-28,ABR,2424,1018,1406,1994,380,50,ITF,ITF1,13,Abruzzo,Abruzzo,1304970,733274,56.19,0.19
3374,2021-07-06,ABR,9916,4945,4971,4092,5659,165,ITF,ITF1,13,Abruzzo,Abruzzo,1304970,743190,56.95,0.76
3375,2021-04-14,ABR,6596,2951,3645,4342,2122,132,ITF,ITF1,13,Abruzzo,Abruzzo,1304970,749786,57.46,0.51
3376,2021-01-04,ABR,1403,576,827,1397,0,6,ITF,ITF1,13,Abruzzo,Abruzzo,1304970,751189,57.56,0.11
3377,2021-01-23,ABR,264,115,149,51,207,6,ITF,ITF1,13,Abruzzo,Abruzzo,1304970,751453,57.58,0.02
3378,2021-05-03,ABR,11147,5257,5890,7135,3833,179,ITF,ITF1,13,Abruzzo,Abruzzo,1304970,762600,58.44,0.85
3379,2021-07-25,ABR,9864,5219,4645,2176,7565,123,ITF,ITF1,13,Abruzzo,Abruzzo,1304970,772464,59.19,0.76
3380,2021-07-08,ABR,13499,6689,6810,3426,9908,165,ITF,ITF1,13,Abruzzo,Abruzzo,1304970,785963,60.23,1.03
3381,2021-04-16,ABR,7539,3488,4051,5498,1916,125,ITF,ITF1,13,Abruzzo,Abruzzo,1304970,793502,60.81,0.58
3382,2021-07-30,ABR,12046,6412,5634,3792,8033,221,ITF,ITF1,13,Abruzzo,Abruzzo,1304970,805548,61.73,0.92
3383,2021-02-26,ABR,3924,1679,2245,2929,969,26,ITF,ITF1,13,Abruzzo,Abruzzo,1304970,809472,62.03,0.3
3384,2021-01-18,ABR,141,60,81,46,95,0,ITF,ITF1,13,Abruzzo,Abruzzo,1304970,809613,62.04,0.01
3385,2021-06-24,ABR,10864,5410,5454,5724,4971,169,ITF,ITF1,13,Abruzzo,Abruzzo,1304970,820477,62.87,0.83
3386,2021-04-28,ABR,9513,4587,4926,7316,2022,175,ITF,ITF1,13,Abruzzo,Abruzzo,1304970,829990,63.6,0.73
3387,2021-05-12,ABR,9630,4601,5029,5874,3582,174,ITF,ITF1,13,Abruzzo,Abruzzo,1304970,839620,64.34,0.74
3388,2021-03-16,ABR,3484,1452,2032,1802,1654,28,ITF,ITF1,13,Abruzzo,Abruzzo,1304970,843104,64.61,0.27
3389,2021-05-05,ABR,11634,5571,6063,6269,5206,159,ITF,ITF1,13,Abruzzo,Abruzzo,1304970,854738,65.5,0.89
3390,2021-03-09,ABR,5179,1805,3374,4154,938,87,ITF,ITF1,13,Abruzzo,Abruzzo,1304970,859917,65.9,0.4
3391,2021-07-01,ABR,12763,6283,6480,5773,6766,224,ITF,ITF1,13,Abruzzo,Abruzzo,1304970,872680,66.87,0.98
3392,2021-06-17,ABR,10916,5459,5457,7303,3452,161,ITF,ITF1,13,Abruzzo,Abruzzo,1304970,883596,67.71,0.84
3393,2021-02-01,ABR,1632,573,1059,269,1362,1,ITF,ITF1,13,Abruzzo,Abruzzo,1304970,885228,67.84,0.13
3394,2021-03-23,ABR,4835,2190,2645,2213,2567,55,ITF,ITF1,13,Abruzzo,Abruzzo,1304970,890063,68.21,0.37
3395,2021-01-25,ABR,1605,633,972,15,1588,2,ITF,ITF1,13,Abruzzo,Abruzzo,1304970,891668,68.33,0.12
3396,2021-03-29,ABR,5709,2599,3110,3020,2640,49,ITF,ITF1,13,Abruzzo,Abruzzo,1304970,897377,68.77,0.44
3397,2021-06-03,ABR,13197,6284,6913,9249,3776,172,ITF,ITF1,13,Abruzzo,Abruzzo,1304970,910574,69.78,1.01
3398,2021-03-12,ABR,6044,1994,4050,4355,1611,78,ITF,ITF1,13,Abruzzo,Abruzzo,1304970,916618,70.24,0.46
3399,2021-06-20,ABR,8441,4236,4205,5410,2929,102,ITF,ITF1,13,Abruzzo,Abruzzo,1304970,925059,70.89,0.65
3400,2021-03-14,ABR,1884,731,1153,1200,667,17,ITF,ITF1,13,Abruzzo,Abruzzo,1304970,926943,71.03,0.14
3401,2021-02-25,ABR,3054,1342,1712,2505,530,19,ITF,ITF1,13,Abruzzo,Abruzzo,1304970,929997,71.27,0.23
3402,2021-06-05,ABR,14616,6864,7752,10370,4046,200,ITF,ITF1,13,Abruzzo,Abruzzo,1304970,944613,72.39,1.12
3403,2021-05-17,ABR,11033,5036,5997,6023,4852,158,ITF,ITF1,13,Abruzzo,Abruzzo,1304970,955646,73.23,0.85
3404,2021-02-23,ABR,2780,1273,1507,2754,11,15,ITF,ITF1,13,Abruzzo,Abruzzo,1304970,958426,73.44,0.21
3405,2021-02-06,ABR,1611,743,868,595,1009,7,ITF,ITF1,13,Abruzzo,Abruzzo,1304970,960037,73.57,0.12
3406,2021-07-04,ABR,8373,4215,4158,3334,4913,126,ITF,ITF1,13,Abruzzo,Abruzzo,1304970,968410,74.21,0.64
3407,2021-02-11,ABR,816,262,554,771,43,2,ITF,ITF1,13,Abruzzo,Abruzzo,1304970,969226,74.27,0.06
3408,2021-05-24,ABR,12219,5837,6382,8723,3340,156,ITF,ITF1,13,Abruzzo,Abruzzo,1304970,981445,75.21,0.94
3409,2021-02-18,ABR,2290,933,1357,2141,132,17,ITF,ITF1,13,Abruzzo,Abruzzo,1304970,983735,75.38,0.18
3410,2021-05-29,ABR,10318,4430,5888,4458,5771,89,ITF,ITF1,13,Abruzzo,Abruzzo,1304970,994053,76.17,0.79
3411,2021-05-22,ABR,13160,6393,6767,8133,4914,113,ITF,ITF1,13,Abruzzo,Abruzzo,1304970,1007213,77.18,1.01
3412,2021-03-26,ABR,5356,2313,3043,3178,2076,102,ITF,ITF1,13,Abruzzo,Abruzzo,1304970,1012569,77.59,0.41
3413,2021-07-27,ABR,15112,7889,7223,3349,11589,174,ITF,ITF1,13,Abruzzo,Abruzzo,1304970,1027681,78.75,1.16
3414,2021-05-31,ABR,11340,5115,6225,6768,4445,127,ITF,ITF1,13,Abruzzo,Abruzzo,1304970,1039021,79.62,0.87
3415,2021-04-20,ABR,5636,2713,2923,4108,1455,73,ITF,ITF1,13,Abruzzo,Abruzzo,1304970,1044657,80.05,0.43
3416,2021-07-29,ABR,13980,7333,6647,3542,10250,188,ITF,ITF1,13,Abruzzo,Abruzzo,1304970,1058637,81.12,1.07
3417,2021-04-25,ABR,9072,4627,4445,8058,809,205,ITF,ITF1,13,Abruzzo,Abruzzo,1304970,1067709,81.82,0.7
3418,2021-04-09,ABR,8990,4259,4731,6247,2602,141,ITF,ITF1,13,Abruzzo,Abruzzo,1304970,1076699,82.51,0.69
3419,2021-07-18,ABR,12203,6309,5894,2003,10081,119,ITF,ITF1,13,Abruzzo,Abruzzo,1304970,1088902,83.44,0.94
3420,2021-04-02,ABR,6696,3105,3591,5117,1488,91,ITF,ITF1,13,Abruzzo,Abruzzo,1304970,1095598,83.96,0.51
3421,2021-02-04,ABR,1683,617,1066,599,1072,12,ITF,ITF1,13,Abruzzo,Abruzzo,1304970,1097281,84.08,0.13
3422,2021-07-20,ABR,12589,6388,6201,3228,9175,186,ITF,ITF1,13,Abruzzo,Abruzzo,1304970,1109870,85.05,0.96
3423,2021-06-10,ABR,12705,6318,6387,10307,2161,237,ITF,ITF1,13,Abruzzo,Abruzzo,1304970,1122575,86.02,0.97
3424,2021-01-28,ABR,1433,495,938,12,1421,0,ITF,ITF1,13,Abruzzo,Abruzzo,1304970,1124008,86.13,0.11
3425,2021-01-11,ABR,1553,557,996,1549,0,4,ITF,ITF1,13,Abruzzo,Abruzzo,1304970,1125561,86.25,0.12
3426,2021-04-21,ABR,6391,3104,3287,4640,1672,79,ITF,ITF1,13,Abruzzo,Abruzzo,1304970,1131952,86.74,0.49
3427,2021-02-08,ABR,1195,394,801,486,709,0,ITF,ITF1,13,Abruzzo,Abruzzo,1304970,1133147,86.83,0.09
3428,2021-05-19,ABR,10730,5125,5605,7569,3037,124,ITF,ITF1,13,Abruzzo,Abruzzo,1304970,1143877,87.66,0.82
3429,2021-04-30,ABR,12504,5867,6637,6515,5723,266,ITF,ITF1,13,Abruzzo,Abruzzo,1304970,1156381,88.61,0.96
3430,2021-04-13,ABR,5894,2754,3140,4562,1237,95,ITF,ITF1,13,Abruzzo,Abruzzo,1304970,1162275,89.07,0.45
3431,2021-01-20,ABR,447,156,291,425,2,20,ITF,ITF1,13,Abruzzo,Abruzzo,1304970,1162722,89.1,0.03
3432,2021-07-05,ABR,10905,5346,5559,4045,6670,190,ITF,ITF1,13,Abruzzo,Abruzzo,1304970,1173627,89.94,0.84
3433,2021-07-22,ABR,14488,7415,7073,3517,10762,209,ITF,ITF1,13,Abruzzo,Abruzzo,1304970,1188115,91.05,1.11
3434,2021-07-24,ABR,12543,6760,5783,3724,8585,234,ITF,ITF1,13,Abruzzo,Abruzzo,1304970,1200658,92.01,0.96
3435,2021-05-02,ABR,10461,5112,5349,5091,5228,142,ITF,ITF1,13,Abruzzo,Abruzzo,1304970,1211119,92.81,0.8
3436,2021-01-13,ABR,1260,441,819,1252,0,8,ITF,ITF1,13,Abruzzo,Abruzzo,1304970,1212379,92.9,0.1
3437,2021-03-11,ABR,5492,2217,3275,4269,1138,85,ITF,ITF1,13,Abruzzo,Abruzzo,1304970,1217871,93.33,0.42
3438,2021-06-02,ABR,9765,4745,5020,6837,2811,117,ITF,ITF1,13,Abruzzo,Abruzzo,1304970,1227636,94.07,0.75
3439,2021-03-13,ABR,4124,1420,2704,3012,1043,69,ITF,ITF1,13,Abruzzo,Abruzzo,1304970,1231760,94.39,0.32
3440,2021-06-21,ABR,11054,5387,5667,4937,5989,128,ITF,ITF1,13,Abruzzo,Abruzzo,1304970,1242814,95.24,0.85
3441,2021-07-15,ABR,15943,8086,7857,3133,12635,175,ITF,ITF1,13,Abruzzo,Abruzzo,1304970,1258757,96.46,1.22
3442,2021-06-28,ABR,10052,4836,5216,5310,4573,169,ITF,ITF1,13,Abruzzo,Abruzzo,1304970,1268809,97.23,0.77
3443,2021-04-06,ABR,7674,3576,4098,5230,2318,126,ITF,ITF1,13,Abruzzo,Abruzzo,1304970,1276483,97.82,0.59
3444,2021-08-03,ABR,12740,6586,6154,3662,8912,166,ITF,ITF1,13,Abruzzo,Abruzzo,1304970,1289223,98.79,0.98
3445,2021-04-04,ABR,1632,768,864,1460,129,43,ITF,ITF1,13,Abruzzo,Abruzzo,1304970,1290855,98.92,0.13
3446,2021-07-13,ABR,15519,7749,7770,2825,12517,177,ITF,ITF1,13,Abruzzo,Abruzzo,1304970,1306374,100.11,1.19
3447,2021-06-16,ABR,10887,5449,5438,7992,2680,215,ITF,ITF1,13,Abruzzo,Abruzzo,1304970,1317261,100.94,0.83
3448,2021-02-27,ABR,2813,1339,1474,2513,267,33,ITF,ITF1,13,Abruzzo,Abruzzo,1304970,1320074,101.16,0.22
3449,2021-06-07,ABR,11098,5289,5809,9071,1842,185,ITF,ITF1,13,Abruzzo,Abruzzo,1304970,1331172,102.01,0.85
3450,2021-04-11,ABR,5381,2629,2752,4839,487,55,ITF,ITF1,13,Abruzzo,Abruzzo,1304970,1336553,102.42,0.41
3451,2021-08-05,ABR,10475,5356,5119,3440,6832,203,ITF,ITF1,13,Abruzzo,Abruzzo,1304970,1347028,103.22,0.8
3452,2021-01-08,ABR,1528,507,1021,1519,0,9,ITF,ITF1,13,Abruzzo,Abruzzo,1304970,1348556,103.34,0.12
3453,2021-04-18,ABR,5813,2727,3086,4724,943,146,ITF,ITF1,13,Abruzzo,Abruzzo,1304970,1354369,103.79,0.45
3454,2021-02-20,ABR,4776,1843,2933,4658,76,42,ITF,ITF1,13,Abruzzo,Abruzzo,1304970,1359145,104.15,0.37
3455,2021-03-30,ABR,5128,2261,2867,3148,1822,158,ITF,ITF1,13,Abruzzo,Abruzzo,1304970,1364273,104.54,0.39
3456,2021-01-06,ABR,1833,664,1169,1823,0,10,ITF,ITF1,13,Abruzzo,Abruzzo,1304970,1366106,104.68,0.14
3457,2021-02-13,ABR,861,390,471,436,421,4,ITF,ITF1,13,Abruzzo,Abruzzo,1304970,1366967,104.75,0.07
3458,2021-07-17,ABR,14096,7386,6710,2661,11259,176,ITF,ITF1,13,Abruzzo,Abruzzo,1304970,1381063,105.83,1.08
3459,2021-03-04,ABR,5936,2360,3576,4973,922,41,ITF,ITF1,13,Abruzzo,Abruzzo,1304970,1386999,106.29,0.45
3460,2021-05-28,ABR,14020,6309,7711,7491,6361,168,ITF,ITF1,13,Abruzzo,Abruzzo,1304970,1401019,107.36,1.07
3461,2021-05-09,ABR,9156,4090,5066,4176,4869,111,ITF,ITF1,13,Abruzzo,Abruzzo,1304970,1410175,108.06,0.7
3462,2021-02-15,ABR,1795,832,963,1736,42,17,ITF,ITF1,13,Abruzzo,Abruzzo,1304970,1411970,108.2,0.14
3463,2021-05-26,ABR,13543,6041,7502,8391,4992,160,ITF,ITF1,13,Abruzzo,Abruzzo,1304970,1425513,109.24,1.04
3464,2021-06-14,ABR,10977,5431,5546,7427,3378,172,ITF,ITF1,13,Abruzzo,Abruzzo,1304970,1436490,110.08,0.84
3465,2021-06-09,ABR,11573,6094,5479,9707,1685,181,ITF,ITF1,13,Abruzzo,Abruzzo,1304970,1448063,110.97,0.89
3466,2021-03-06,ABR,4180,1360,2820,3570,570,40,ITF,ITF1,13,Abruzzo,Abruzzo,1304970,1452243,111.29,0.32
3467,2021-04-19,ABR,6234,2862,3372,3787,2374,73,ITF,ITF1,13,Abruzzo,Abruzzo,1304970,1458477,111.76,0.48
3468,2021-02-21,ABR,1218,550,668,1193,1,24,ITF,ITF1,13,Abruzzo,Abruzzo,1304970,1459695,111.86,0.09
3469,2021-07-28,ABR,13252,6938,6314,3438,9650,164,ITF,ITF1,13,Abruzzo,Abruzzo,1304970,1472947,112.87,1.02
3470,2021-06-15,ABR,11329,5561,5768,8683,2437,209,ITF,ITF1,13,Abruzzo,Abruzzo,1304970,1484276,113.74,0.87
3471,2021-04-12,ABR,6239,2958,3281,4985,1174,80,ITF,ITF1,13,Abruzzo,Abruzzo,1304970,1490515,114.22,0.48
3472,2021-01-16,ABR,937,430,507,929,0,8,ITF,ITF1,13,Abruzzo,Abruzzo,1304970,1491452,114.29,0.07
3473,2021-03-07,ABR,2520,630,1890,2479,0,41,ITF,ITF1,13,Abruzzo,Abruzzo,1304970,1493972,114.48,0.19
3474,2021-01-09,ABR,1484,566,918,1472,0,12,ITF,ITF1,13,Abruzzo,Abruzzo,1304970,1495456,114.6,0.11
3475,2021-05-07,ABR,12201,5711,6490,7664,4414,123,ITF,ITF1,13,Abruzzo,Abruzzo,1304970,1507657,115.53,0.93
3476,2021-03-25,ABR,5798,2664,3134,3066,2619,113,ITF,ITF1,13,Abruzzo,Abruzzo,1304970,1513455,115.98,0.44
3477,2021-01-27,ABR,1365,515,850,38,1327,0,ITF,ITF1,13,Abruzzo,Abruzzo,1304970,1514820,116.08,0.1
3478,2021-07-03,ABR,10193,5146,5047,3504,6541,148,ITF,ITF1,13,Abruzzo,Abruzzo,1304970,1525013,116.86,0.78
3479,2021-05-21,ABR,13017,6327,6690,7863,4980,174,ITF,ITF1,13,Abruzzo,Abruzzo,1304970,1538030,117.86,1.0
3480,2021-03-18,ABR,3896,1651,2245,2039,1831,26,ITF,ITF1,13,Abruzzo,Abruzzo,1304970,1541926,118.16,0.3
3481,2021-06-26,ABR,10046,5018,5028,5689,4195,162,ITF,ITF1,13,Abruzzo,Abruzzo,1304970,1551972,118.93,0.77
3482,2021-07-10,ABR,13130,6635,6495,3014,9952,164,ITF,ITF1,13,Abruzzo,Abruzzo,1304970,1565102,119.93,1.01
3483,2021-05-14,ABR,10596,5071,5525,5284,5151,161,ITF,ITF1,13,Abruzzo,Abruzzo,1304970,1575698,120.75,0.81
3484,2021-04-01,ABR,5594,2507,3087,3432,2088,74,ITF,ITF1,13,Abruzzo,Abruzzo,1304970,1581292,121.17,0.43
3485,2021-05-24,CAM,31356,15150,16206,15861,15150,345,ITF,ITF3,15,Campania,Campania,5801692,31356,0.54,0.54
3486,2021-02-13,CAM,5507,2550,2957,5107,217,183,ITF,ITF3,15,Campania,Campania,5801692,36863,0.64,0.09
3487,2021-08-01,CAM,16061,8393,7668,7025,8829,207,ITF,ITF3,15,Campania,Campania,5801692,52924,0.91,0.28
3488,2021-04-23,CAM,32339,15528,16811,22479,9155,705,ITF,ITF3,15,Campania,Campania,5801692,85263,1.47,0.56
3489,2021-04-11,CAM,17526,8608,8918,15060,2085,381,ITF,ITF3,15,Campania,Campania,5801692,102789,1.77,0.3
3490,2021-04-28,CAM,36417,17634,18783,25890,9758,769,ITF,ITF3,15,Campania,Campania,5801692,139206,2.4,0.63
3491,2021-01-18,CAM,958,399,559,682,244,32,ITF,ITF3,15,Campania,Campania,5801692,140164,2.42,0.02
3492,2021-07-20,CAM,40110,19794,20316,6371,33319,420,ITF,ITF3,15,Campania,Campania,5801692,180274,3.11,0.69
3493,2021-03-02,CAM,12763,4560,8203,8211,4345,207,ITF,ITF3,15,Campania,Campania,5801692,193037,3.33,0.22
3494,2021-07-15,CAM,66708,32046,34662,9374,57054,280,ITF,ITF3,15,Campania,Campania,5801692,259745,4.48,1.15
3495,2021-01-11,CAM,4071,1871,2200,3962,0,109,ITF,ITF3,15,Campania,Campania,5801692,263816,4.55,0.07
3496,2021-06-24,CAM,66075,31833,34242,13472,52268,335,ITF,ITF3,15,Campania,Campania,5801692,329891,5.69,1.14
3497,2021-03-16,CAM,8088,3519,4569,3700,4316,72,ITF,ITF3,15,Campania,Campania,5801692,337979,5.83,0.14
3498,2021-01-25,CAM,5747,2926,2821,164,5583,0,ITF,ITF3,15,Campania,Campania,5801692,343726,5.92,0.1
3499,2021-07-01,CAM,61507,29847,31660,19820,41008,679,ITF,ITF3,15,Campania,Campania,5801692,405233,6.98,1.06
3500,2021-03-23,CAM,15743,7446,8297,12906,2513,324,ITF,ITF3,15,Campania,Campania,5801692,420976,7.26,0.27
3501,2021-05-19,CAM,51211,22623,28588,33820,16667,724,ITF,ITF3,15,Campania,Campania,5801692,472187,8.14,0.88
3502,2021-03-28,CAM,15566,7511,8055,13608,1625,333,ITF,ITF3,15,Campania,Campania,5801692,487753,8.41,0.27
3503,2021-01-04,CAM,5826,2962,2864,5727,0,99,ITF,ITF3,15,Campania,Campania,5801692,493579,8.51,0.1
3504,2021-06-19,CAM,62400,29708,32692,24250,37761,389,ITF,ITF3,15,Campania,Campania,5801692,555979,9.58,1.08
3505,2021-03-09,CAM,14131,6872,7259,9950,3788,393,ITF,ITF3,15,Campania,Campania,5801692,570110,9.83,0.24
3506,2021-01-30,CAM,10727,5082,5645,38,10687,2,ITF,ITF3,15,Campania,Campania,5801692,580837,10.01,0.18
3507,2021-07-03,CAM,67287,32498,34789,8191,58710,386,ITF,ITF3,15,Campania,Campania,5801692,648124,11.17,1.16
3508,2021-01-16,CAM,3372,1677,1695,3262,0,110,ITF,ITF3,15,Campania,Campania,5801692,651496,11.23,0.06
3509,2021-08-03,CAM,31999,16212,15787,14641,16645,713,ITF,ITF3,15,Campania,Campania,5801692,683495,11.78,0.55
3510,2021-02-11,CAM,6283,2706,3577,5923,67,293,ITF,ITF3,15,Campania,Campania,5801692,689778,11.89,0.11
3511,2021-07-27,CAM,49088,24390,24698,12765,35705,618,ITF,ITF3,15,Campania,Campania,5801692,738866,12.74,0.85
3512,2021-06-07,CAM,57589,27721,29868,52862,4038,689,ITF,ITF3,15,Campania,Campania,5801692,796455,13.73,0.99
3513,2021-02-25,CAM,12426,4480,7946,10959,1190,277,ITF,ITF3,15,Campania,Campania,5801692,808881,13.94,0.21
3514,2021-04-09,CAM,29951,14086,15865,23216,6134,601,ITF,ITF3,15,Campania,Campania,5801692,838832,14.46,0.52
3515,2021-06-05,CAM,77635,37585,40050,70892,6025,718,ITF,ITF3,15,Campania,Campania,5801692,916467,15.8,1.34
3516,2021-06-14,CAM,37125,17919,19206,18791,18017,317,ITF,ITF3,15,Campania,Campania,5801692,953592,16.44,0.64
3517,2021-06-26,CAM,62944,30693,32251,14660,47858,426,ITF,ITF3,15,Campania,Campania,5801692,1016536,17.52,1.08
3518,2021-07-13,CAM,53683,25791,27892,4921,48496,266,ITF,ITF3,15,Campania,Campania,5801692,1070219,18.45,0.93
3519,2021-04-04,CAM,7966,4017,3949,6698,1047,221,ITF,ITF3,15,Campania,Campania,5801692,1078185,18.58,0.14
3520,2021-06-12,CAM,64001,31548,32453,55917,7218,866,ITF,ITF3,15,Campania,Campania,5801692,1142186,19.69,1.1
3521,2021-03-04,CAM,14708,5396,9312,8548,5895,265,ITF,ITF3,15,Campania,Campania,5801692,1156894,19.94,0.25
3522,2021-05-17,CAM,49432,21730,27702,23662,25318,452,ITF,ITF3,15,Campania,Campania,5801692,1206326,20.79,0.85
3523,2021-02-06,CAM,5341,2666,2675,2005,3239,97,ITF,ITF3,15,Campania,Campania,5801692,1211667,20.88,0.09
3524,2021-07-22,CAM,61777,30495,31282,6548,54733,496,ITF,ITF3,15,Campania,Campania,5801692,1273444,21.95,1.06
3525,2021-04-30,CAM,42324,20194,22130,25019,16503,802,ITF,ITF3,15,Campania,Campania,5801692,1315768,22.68,0.73
3526,2021-02-04,CAM,7943,3429,4514,1249,6635,59,ITF,ITF3,15,Campania,Campania,5801692,1323711,22.82,0.14
3527,2021-01-01,CAM,918,505,413,899,0,19,ITF,ITF3,15,Campania,Campania,5801692,1324629,22.83,0.02
3528,2021-03-25,CAM,20323,9655,10668,16383,3505,435,ITF,ITF3,15,Campania,Campania,5801692,1344952,23.18,0.35
3529,2021-05-05,CAM,51175,24859,26316,43267,6388,1520,ITF,ITF3,15,Campania,Campania,5801692,1396127,24.06,0.88
3530,2021-05-12,CAM,40912,19962,20950,30604,9166,1142,ITF,ITF3,15,Campania,Campania,5801692,1437039,24.77,0.71
3531,2021-07-08,CAM,61105,29411,31694,5654,55137,314,ITF,ITF3,15,Campania,Campania,5801692,1498144,25.82,1.05
3532,2021-05-31,CAM,40769,20687,20082,29848,10354,567,ITF,ITF3,15,Campania,Campania,5801692,1538913,26.53,0.7
3533,2021-05-26,CAM,52696,25847,26849,21112,31117,467,ITF,ITF3,15,Campania,Campania,5801692,1591609,27.43,0.91
3534,2021-01-23,CAM,3842,2031,1811,267,3569,6,ITF,ITF3,15,Campania,Campania,5801692,1595451,27.5,0.07
3535,2021-03-21,CAM,10074,4676,5398,7504,2391,179,ITF,ITF3,15,Campania,Campania,5801692,1605525,27.67,0.17
3536,2021-02-10,CAM,6905,3413,3492,6481,177,247,ITF,ITF3,15,Campania,Campania,5801692,1612430,27.79,0.12
3537,2021-07-17,CAM,55252,27554,27698,3524,51537,191,ITF,ITF3,15,Campania,Campania,5801692,1667682,28.74,0.95
3538,2021-04-08,CAM,28497,13820,14677,22090,5848,559,ITF,ITF3,15,Campania,Campania,5801692,1696179,29.24,0.49
3539,2021-06-04,CAM,74531,35819,38712,64776,9098,657,ITF,ITF3,15,Campania,Campania,5801692,1770710,30.52,1.28
3540,2021-05-21,CAM,63788,29628,34160,42167,20615,1006,ITF,ITF3,15,Campania,Campania,5801692,1834498,31.62,1.1
3541,2021-04-16,CAM,34434,16631,17803,23111,10666,657,ITF,ITF3,15,Campania,Campania,5801692,1868932,32.21,0.59
3542,2021-01-06,CAM,7649,3749,3900,7505,0,144,ITF,ITF3,15,Campania,Campania,5801692,1876581,32.35,0.13
3543,2021-02-18,CAM,9082,3813,5269,8153,707,222,ITF,ITF3,15,Campania,Campania,5801692,1885663,32.5,0.16
3544,2021-04-25,CAM,30745,15179,15566,24589,5407,749,ITF,ITF3,15,Campania,Campania,5801692,1916408,33.03,0.53
3545,2021-02-27,CAM,13947,4472,9475,11996,1644,307,ITF,ITF3,15,Campania,Campania,5801692,1930355,33.27,0.24
3546,2021-07-31,CAM,30699,16203,14496,10606,19574,519,ITF,ITF3,15,Campania,Campania,5801692,1961054,33.8,0.53
3547,2021-05-07,CAM,59779,29211,30568,42725,15957,1097,ITF,ITF3,15,Campania,Campania,5801692,2020833,34.83,1.03
3548,2021-01-27,CAM,7738,3820,3918,157,7576,5,ITF,ITF3,15,Campania,Campania,5801692,2028571,34.97,0.13
3549,2021-03-18,CAM,12178,5382,6796,5796,6190,192,ITF,ITF3,15,Campania,Campania,5801692,2040749,35.18,0.21
3550,2021-07-24,CAM,47978,24865,23113,6766,40880,332,ITF,ITF3,15,Campania,Campania,5801692,2088727,36.0,0.83
3551,2021-01-20,CAM,1258,650,608,1227,0,31,ITF,ITF3,15,Campania,Campania,5801692,2089985,36.02,0.02
3552,2021-06-02,CAM,42884,20164,22720,37762,4683,439,ITF,ITF3,15,Campania,Campania,5801692,2132869,36.76,0.74
3553,2021-02-22,CAM,10685,3295,7390,10188,265,232,ITF,ITF3,15,Campania,Campania,5801692,2143554,36.95,0.18
3554,2021-03-11,CAM,18004,9059,8945,10319,7283,402,ITF,ITF3,15,Campania,Campania,5801692,2161558,37.26,0.31
3555,2021-05-16,CAM,51152,23228,27924,32868,17577,707,ITF,ITF3,15,Campania,Campania,5801692,2212710,38.14,0.88
3556,2021-02-20,CAM,8573,3080,5493,8107,303,163,ITF,ITF3,15,Campania,Campania,5801692,2221283,38.29,0.15
3557,2021-02-03,CAM,8903,4003,4900,842,8025,36,ITF,ITF3,15,Campania,Campania,5801692,2230186,38.44,0.15
3558,2021-02-08,CAM,5116,2451,2665,4166,804,146,ITF,ITF3,15,Campania,Campania,5801692,2235302,38.53,0.09
3559,2021-01-13,CAM,8021,3667,4354,7778,0,243,ITF,ITF3,15,Campania,Campania,5801692,2243323,38.67,0.14
3560,2021-04-18,CAM,27221,13286,13935,17814,8902,505,ITF,ITF3,15,Campania,Campania,5801692,2270544,39.14,0.47
3561,2021-01-08,CAM,10453,4967,5486,10193,0,260,ITF,ITF3,15,Campania,Campania,5801692,2280997,39.32,0.18
3562,2021-04-27,CAM,32162,15626,16536,23487,7924,751,ITF,ITF3,15,Campania,Campania,5801692,2313159,39.87,0.55
3563,2021-06-23,CAM,46761,22087,24674,10752,35797,212,ITF,ITF3,15,Campania,Campania,5801692,2359920,40.68,0.81
3564,2021-04-06,CAM,24516,11563,12953,19506,4523,487,ITF,ITF3,15,Campania,Campania,5801692,2384436,41.1,0.42
3565,2021-07-12,CAM,56687,27366,29321,3758,52601,328,ITF,ITF3,15,Campania,Campania,5801692,2441123,42.08,0.98
3566,2020-12-27,CAM,720,422,298,716,0,4,ITF,ITF3,15,Campania,Campania,5801692,2441843,42.09,0.01
3567,2021-07-29,CAM,48618,24421,24197,13775,34127,716,ITF,ITF3,15,Campania,Campania,5801692,2490461,42.93,0.84
3568,2021-04-20,CAM,32071,15513,16558,20188,11313,570,ITF,ITF3,15,Campania,Campania,5801692,2522532,43.48,0.55
3569,2021-06-28,CAM,46521,22739,23782,20582,25405,534,ITF,ITF3,15,Campania,Campania,5801692,2569053,44.28,0.8
3570,2021-03-20,CAM,13989,6530,7459,10006,3739,244,ITF,ITF3,15,Campania,Campania,5801692,2583042,44.52,0.24
3571,2021-02-15,CAM,5472,2516,2956,5155,175,142,ITF,ITF3,15,Campania,Campania,5801692,2588514,44.62,0.09
3572,2021-06-09,CAM,53061,26053,27008,41692,10908,461,ITF,ITF3,15,Campania,Campania,5801692,2641575,45.53,0.91
3573,2021-03-01,CAM,12132,4248,7884,7778,4113,241,ITF,ITF3,15,Campania,Campania,5801692,2653707,45.74,0.21
3574,2021-05-09,CAM,43206,20288,22918,30952,11101,1153,ITF,ITF3,15,Campania,Campania,5801692,2696913,46.48,0.74
3575,2021-01-10,CAM,8165,3736,4429,7963,0,202,ITF,ITF3,15,Campania,Campania,5801692,2705078,46.63,0.14
3576,2021-04-03,CAM,21118,10316,10802,18275,2382,461,ITF,ITF3,15,Campania,Campania,5801692,2726196,46.99,0.36
3577,2021-06-16,CAM,31643,15008,16635,20574,10766,303,ITF,ITF3,15,Campania,Campania,5801692,2757839,47.54,0.55
3578,2021-05-02,CAM,43495,21541,21954,31266,11361,868,ITF,ITF3,15,Campania,Campania,5801692,2801334,48.28,0.75
3579,2021-01-22,CAM,1525,776,749,659,852,14,ITF,ITF3,15,Campania,Campania,5801692,2802859,48.31,0.03
3580,2021-03-06,CAM,16374,6816,9558,10402,5670,302,ITF,ITF3,15,Campania,Campania,5801692,2819233,48.59,0.28
3581,2021-07-14,CAM,51101,24573,26528,4323,46489,289,ITF,ITF3,15,Campania,Campania,5801692,2870334,49.47,0.88
3582,2021-04-05,CAM,11640,5542,6098,8936,2424,280,ITF,ITF3,15,Campania,Campania,5801692,2881974,49.67,0.2
3583,2021-03-17,CAM,11594,5101,6493,4857,6585,152,ITF,ITF3,15,Campania,Campania,5801692,2893568,49.87,0.2
3584,2021-06-11,CAM,70808,34397,36411,63893,6036,879,ITF,ITF3,15,Campania,Campania,5801692,2964376,51.1,1.22
3585,2021-03-03,CAM,13924,5495,8429,7096,6631,197,ITF,ITF3,15,Campania,Campania,5801692,2978300,51.34,0.24
3586,2021-06-25,CAM,65515,31804,33711,13782,51342,391,ITF,ITF3,15,Campania,Campania,5801692,3043815,52.46,1.13
3587,2021-05-25,CAM,46510,22391,24119,22544,23416,550,ITF,ITF3,15,Campania,Campania,5801692,3090325,53.27,0.8
3588,2021-04-13,CAM,26608,12685,13923,20573,5534,501,ITF,ITF3,15,Campania,Campania,5801692,3116933,53.72,0.46
3589,2021-01-03,CAM,3836,2009,1827,3787,0,49,ITF,ITF3,15,Campania,Campania,5801692,3120769,53.79,0.07
3590,2021-07-05,CAM,63298,30510,32788,12734,49879,685,ITF,ITF3,15,Campania,Campania,5801692,3184067,54.88,1.09
3591,2021-07-07,CAM,52294,24816,27478,7263,44629,402,ITF,ITF3,15,Campania,Campania,5801692,3236361,55.78,0.9
3592,2021-03-29,CAM,19403,9576,9827,17465,1547,391,ITF,ITF3,15,Campania,Campania,5801692,3255764,56.12,0.33
3593,2021-06-20,CAM,47606,22745,24861,14331,32987,288,ITF,ITF3,15,Campania,Campania,5801692,3303370,56.94,0.82
3594,2021-03-27,CAM,21512,10241,11271,17247,3866,399,ITF,ITF3,15,Campania,Campania,5801692,3324882,57.31,0.37
3595,2021-06-01,CAM,42221,20943,21278,31483,10514,224,ITF,ITF3,15,Campania,Campania,5801692,3367103,58.04,0.73
3596,2021-02-01,CAM,3985,1813,2172,103,3874,8,ITF,ITF3,15,Campania,Campania,5801692,3371088,58.11,0.07
3597,2021-03-30,CAM,22053,10578,11475,18594,2957,502,ITF,ITF3,15,Campania,Campania,5801692,3393141,58.49,0.38
3598,2021-04-17,CAM,36198,17515,18683,23988,11515,695,ITF,ITF3,15,Campania,Campania,5801692,3429339,59.11,0.62
3599,2021-06-13,CAM,43431,21245,22186,38085,4730,616,ITF,ITF3,15,Campania,Campania,5801692,3472770,59.86,0.75
3600,2021-05-30,CAM,52162,25448,26714,37961,13320,881,ITF,ITF3,15,Campania,Campania,5801692,3524932,60.76,0.9
3601,2021-02-19,CAM,9574,3561,6013,8711,650,213,ITF,ITF3,15,Campania,Campania,5801692,3534506,60.92,0.17
3602,2021-07-26,CAM,48872,24333,24539,10452,37931,489,ITF,ITF3,15,Campania,Campania,5801692,3583378,61.76,0.84
3603,2020-12-31,CAM,1490,811,679,1470,0,20,ITF,ITF3,15,Campania,Campania,5801692,3584868,61.79,0.03
3604,2021-06-06,CAM,63231,31447,31784,61915,648,668,ITF,ITF3,15,Campania,Campania,5801692,3648099,62.88,1.09
3605,2021-02-26,CAM,13338,4229,9109,11723,1340,275,ITF,ITF3,15,Campania,Campania,5801692,3661437,63.11,0.23
3606,2021-08-02,CAM,41782,21232,20550,13269,28002,511,ITF,ITF3,15,Campania,Campania,5801692,3703219,63.83,0.72
3607,2021-04-24,CAM,36370,17530,18840,24356,11248,766,ITF,ITF3,15,Campania,Campania,5801692,3739589,64.46,0.63
3608,2021-07-19,CAM,43969,21527,22442,5216,38352,401,ITF,ITF3,15,Campania,Campania,5801692,3783558,65.21,0.76
3609,2021-04-10,CAM,28357,13493,14864,22819,4914,624,ITF,ITF3,15,Campania,Campania,5801692,3811915,65.7,0.49
3610,2021-01-07,CAM,8909,4167,4742,8735,0,174,ITF,ITF3,15,Campania,Campania,5801692,3820824,65.86,0.15
3611,2021-03-05,CAM,16816,6667,10149,9861,6666,289,ITF,ITF3,15,Campania,Campania,5801692,3837640,66.15,0.29
3612,2021-01-14,CAM,7074,2977,4097,6809,0,265,ITF,ITF3,15,Campania,Campania,5801692,3844714,66.27,0.12
3613,2021-05-18,CAM,52207,23237,28970,31868,19685,654,ITF,ITF3,15,Campania,Campania,5801692,3896921,67.17,0.9
3614,2021-02-05,CAM,7264,3463,3801,2022,5128,114,ITF,ITF3,15,Campania,Campania,5801692,3904185,67.29,0.13
3615,2021-04-29,CAM,41592,20188,21404,24088,16740,764,ITF,ITF3,15,Campania,Campania,5801692,3945777,68.01,0.72
3616,2021-01-19,CAM,1095,474,621,1042,3,50,ITF,ITF3,15,Campania,Campania,5801692,3946872,68.03,0.02
3617,2021-07-21,CAM,50198,24452,25746,8680,40877,641,ITF,ITF3,15,Campania,Campania,5801692,3997070,68.89,0.87
3618,2021-03-08,CAM,14691,6849,7842,9499,4779,413,ITF,ITF3,15,Campania,Campania,5801692,4011761,69.15,0.25
3619,2021-05-04,CAM,48484,23347,25137,38330,8904,1250,ITF,ITF3,15,Campania,Campania,5801692,4060245,69.98,0.84
3620,2021-01-24,CAM,4122,2119,2003,360,3745,17,ITF,ITF3,15,Campania,Campania,5801692,4064367,70.05,0.07
3621,2021-05-13,CAM,55453,24832,30621,37866,16018,1569,ITF,ITF3,15,Campania,Campania,5801692,4119820,71.01,0.96
3622,2021-07-09,CAM,61476,29762,31714,4359,56812,305,ITF,ITF3,15,Campania,Campania,5801692,4181296,72.07,1.06
3623,2021-01-31,CAM,8070,3712,4358,22,8047,1,ITF,ITF3,15,Campania,Campania,5801692,4189366,72.21,0.14
3624,2021-05-11,CAM,39881,19247,20634,29561,9404,916,ITF,ITF3,15,Campania,Campania,5801692,4229247,72.9,0.69
3625,2021-07-11,CAM,40866,19668,21198,1007,39774,85,ITF,ITF3,15,Campania,Campania,5801692,4270113,73.6,0.7
3626,2021-02-02,CAM,5723,2805,2918,412,5280,31,ITF,ITF3,15,Campania,Campania,5801692,4275836,73.7,0.1
3627,2021-03-31,CAM,23192,11372,11820,19354,3440,398,ITF,ITF3,15,Campania,Campania,5801692,4299028,74.1,0.4
3628,2021-07-18,CAM,31337,15761,15576,3843,27160,334,ITF,ITF3,15,Campania,Campania,5801692,4330365,74.64,0.54
3629,2021-08-05,CAM,34722,17759,16963,17181,16698,843,ITF,ITF3,15,Campania,Campania,5801692,4365087,75.24,0.6
3630,2021-01-15,CAM,4978,2380,2598,4822,0,156,ITF,ITF3,15,Campania,Campania,5801692,4370065,75.32,0.09
3631,2021-06-21,CAM,46874,22640,24234,11334,35243,297,ITF,ITF3,15,Campania,Campania,5801692,4416939,76.13,0.81
3632,2021-03-13,CAM,14524,7042,7482,8984,5283,257,ITF,ITF3,15,Campania,Campania,5801692,4431463,76.38,0.25
3633,2021-03-22,CAM,13183,6346,6837,10860,2043,280,ITF,ITF3,15,Campania,Campania,5801692,4444646,76.61,0.23
3634,2021-02-07,CAM,2929,1382,1547,2067,771,91,ITF,ITF3,15,Campania,Campania,5801692,4447575,76.66,0.05
3635,2021-06-30,CAM,47633,22754,24879,18367,28640,626,ITF,ITF3,15,Campania,Campania,5801692,4495208,77.48,0.82
3636,2021-01-17,CAM,1155,551,604,682,453,20,ITF,ITF3,15,Campania,Campania,5801692,4496363,77.5,0.02
3637,2021-03-15,CAM,13346,6491,6855,8339,4746,261,ITF,ITF3,15,Campania,Campania,5801692,4509709,77.73,0.23
3638,2021-07-02,CAM,55873,26999,28874,14430,40949,494,ITF,ITF3,15,Campania,Campania,5801692,4565582,78.69,0.96
3639,2021-05-23,CAM,58749,28639,30110,37209,20899,641,ITF,ITF3,15,Campania,Campania,5801692,4624331,79.71,1.01
3640,2021-02-12,CAM,6532,2861,3671,6091,188,253,ITF,ITF3,15,Campania,Campania,5801692,4630863,79.82,0.11
3641,2021-01-29,CAM,10059,4814,5245,47,10008,4,ITF,ITF3,15,Campania,Campania,5801692,4640922,79.99,0.17
3642,2021-06-27,CAM,43555,21450,22105,14096,29069,390,ITF,ITF3,15,Campania,Campania,5801692,4684477,80.74,0.75
3643,2021-01-21,CAM,2093,1116,977,670,1417,6,ITF,ITF3,15,Campania,Campania,5801692,4686570,80.78,0.04
3644,2021-07-23,CAM,61785,30783,31002,8469,52854,462,ITF,ITF3,15,Campania,Campania,5801692,4748355,81.84,1.06
3645,2021-04-14,CAM,27648,13337,14311,18665,8570,413,ITF,ITF3,15,Campania,Campania,5801692,4776003,82.32,0.48
3646,2021-05-01,CAM,46349,22663,23686,29319,16107,923,ITF,ITF3,15,Campania,Campania,5801692,4822352,83.12,0.8
3647,2021-07-06,CAM,56700,27067,29633,16170,40072,458,ITF,ITF3,15,Campania,Campania,5801692,4879052,84.1,0.98
3648,2021-04-12,CAM,23309,10921,12388,19770,3035,504,ITF,ITF3,15,Campania,Campania,5801692,4902361,84.5,0.4
3649,2021-01-02,CAM,3671,1962,1709,3613,0,58,ITF,ITF3,15,Campania,Campania,5801692,4906032,84.56,0.06
3650,2021-06-17,CAM,60211,28866,31345,32882,26794,535,ITF,ITF3,15,Campania,Campania,5801692,4966243,85.6,1.04
3651,2021-07-04,CAM,48818,23764,25054,6320,42314,184,ITF,ITF3,15,Campania,Campania,5801692,5015061,86.44,0.84
3652,2021-03-26,CAM,19866,9324,10542,15648,3815,403,ITF,ITF3,15,Campania,Campania,5801692,5034927,86.78,0.34
3653,2021-04-22,CAM,34110,16633,17477,20941,12539,630,ITF,ITF3,15,Campania,Campania,5801692,5069037,87.37,0.59
3654,2021-01-12,CAM,5215,2564,2651,5076,0,139,ITF,ITF3,15,Campania,Campania,5801692,5074252,87.46,0.09
3655,2021-05-06,CAM,57601,28132,29469,41300,14764,1537,ITF,ITF3,15,Campania,Campania,5801692,5131853,88.45,0.99
3656,2021-06-18,CAM,65893,31405,34488,35086,30301,506,ITF,ITF3,15,Campania,Campania,5801692,5197746,89.59,1.14
3657,2021-03-10,CAM,15618,7725,7893,8453,6840,325,ITF,ITF3,15,Campania,Campania,5801692,5213364,89.86,0.27
3658,2021-05-15,CAM,62691,29049,33642,42147,18749,1795,ITF,ITF3,15,Campania,Campania,5801692,5276055,90.94,1.08
3659,2021-03-12,CAM,14577,7412,7165,8191,6085,301,ITF,ITF3,15,Campania,Campania,5801692,5290632,91.19,0.25
3660,2021-03-19,CAM,11145,4973,6172,7092,3874,179,ITF,ITF3,15,Campania,Campania,5801692,5301777,91.38,0.19
3661,2021-06-10,CAM,75968,36696,39272,67990,7076,902,ITF,ITF3,15,Campania,Campania,5801692,5377745,92.69,1.31
3662,2021-05-08,CAM,56440,27145,29295,39129,15838,1473,ITF,ITF3,15,Campania,Campania,5801692,5434185,93.67,0.97
3663,2021-05-27,CAM,72958,35364,37594,25814,46586,558,ITF,ITF3,15,Campania,Campania,5801692,5507143,94.92,1.26
3664,2021-02-16,CAM,5444,2414,3030,4497,771,176,ITF,ITF3,15,Campania,Campania,5801692,5512587,95.02,0.09
3665,2021-05-22,CAM,68005,32524,35481,45625,21532,848,ITF,ITF3,15,Campania,Campania,5801692,5580592,96.19,1.17
3666,2021-04-07,CAM,24972,11987,12985,19708,4725,539,ITF,ITF3,15,Campania,Campania,5801692,5605564,96.62,0.43
3667,2021-07-16,CAM,61013,29838,31175,6735,53893,385,ITF,ITF3,15,Campania,Campania,5801692,5666577,97.67,1.05
3668,2021-04-02,CAM,21865,10525,11340,19089,2324,452,ITF,ITF3,15,Campania,Campania,5801692,5688442,98.05,0.38
3669,2021-06-03,CAM,72643,35233,37410,61137,10679,827,ITF,ITF3,15,Campania,Campania,5801692,5761085,99.3,1.25
3670,2021-02-23,CAM,11002,3388,7614,10197,526,279,ITF,ITF3,15,Campania,Campania,5801692,5772087,99.49,0.19
3671,2021-02-21,CAM,5837,2241,3596,5495,225,117,ITF,ITF3,15,Campania,Campania,5801692,5777924,99.59,0.1
3672,2021-02-28,CAM,10412,3207,7205,8301,1900,211,ITF,ITF3,15,Campania,Campania,5801692,5788336,99.77,0.18
3673,2021-02-14,CAM,3929,1923,2006,3842,34,53,ITF,ITF3,15,Campania,Campania,5801692,5792265,99.84,0.07
3674,2021-01-26,CAM,7342,3727,3615,331,6990,21,ITF,ITF3,15,Campania,Campania,5801692,5799607,99.96,0.13
3675,2021-04-19,CAM,30765,14822,15943,18679,11575,511,ITF,ITF3,15,Campania,Campania,5801692,5830372,100.49,0.53
3676,2021-01-09,CAM,10565,5023,5542,10303,0,262,ITF,ITF3,15,Campania,Campania,5801692,5840937,100.68,0.18
3677,2021-01-28,CAM,8836,4125,4711,127,8701,8,ITF,ITF3,15,Campania,Campania,5801692,5849773,100.83,0.15
3678,2021-07-30,CAM,44730,22759,21971,14475,29477,778,ITF,ITF3,15,Campania,Campania,5801692,5894503,101.6,0.77
3679,2021-04-21,CAM,30274,14745,15529,17512,12228,534,ITF,ITF3,15,Campania,Campania,5801692,5924777,102.12,0.52
3680,2021-03-24,CAM,17922,8369,9553,14616,2958,348,ITF,ITF3,15,Campania,Campania,5801692,5942699,102.43,0.31
3681,2021-05-20,CAM,60968,28231,32737,42244,17758,966,ITF,ITF3,15,Campania,Campania,5801692,6003667,103.48,1.05
3682,2021-02-09,CAM,4643,2202,2441,4233,252,158,ITF,ITF3,15,Campania,Campania,5801692,6008310,103.56,0.08
3683,2021-05-29,CAM,67839,32270,35569,43101,23899,839,ITF,ITF3,15,Campania,Campania,5801692,6076149,104.73,1.17
3684,2021-07-25,CAM,23167,11749,11418,4292,18739,136,ITF,ITF3,15,Campania,Campania,5801692,6099316,105.13,0.4
3685,2021-04-01,CAM,24684,12013,12671,20086,4133,465,ITF,ITF3,15,Campania,Campania,5801692,6124000,105.56,0.43
3686,2021-05-28,CAM,73059,35317,37742,26276,46168,615,ITF,ITF3,15,Campania,Campania,5801692,6197059,106.81,1.26
3687,2021-05-14,CAM,61037,27580,33457,34833,24721,1483,ITF,ITF3,15,Campania,Campania,5801692,6258096,107.87,1.05
3688,2021-07-10,CAM,66897,32665,34232,2740,63949,208,ITF,ITF3,15,Campania,Campania,5801692,6324993,109.02,1.15
3689,2021-02-24,CAM,11785,4150,7635,10847,688,250,ITF,ITF3,15,Campania,Campania,5801692,6336778,109.22,0.2
3690,2021-01-05,CAM,7237,3637,3600,7075,0,162,ITF,ITF3,15,Campania,Campania,5801692,6344015,109.35,0.12
3691,2021-02-17,CAM,7399,3216,4183,6212,1062,125,ITF,ITF3,15,Campania,Campania,5801692,6351414,109.48,0.13
3692,2021-04-15,CAM,34346,16665,17681,23809,9903,634,ITF,ITF3,15,Campania,Campania,5801692,6385760,110.07,0.59
3693,2021-07-28,CAM,49374,24533,24841,13902,34759,713,ITF,ITF3,15,Campania,Campania,5801692,6435134,110.92,0.85
3694,2021-06-22,CAM,52456,25015,27441,13199,39006,251,ITF,ITF3,15,Campania,Campania,5801692,6487590,111.82,0.9
3695,2021-03-14,CAM,8617,3828,4789,4374,4141,102,ITF,ITF3,15,Campania,Campania,5801692,6496207,111.97,0.15
3696,2021-05-10,CAM,35477,16393,19084,24977,9928,572,ITF,ITF3,15,Campania,Campania,5801692,6531684,112.58,0.61
3697,2021-06-08,CAM,53047,25855,27192,45453,7006,588,ITF,ITF3,15,Campania,Campania,5801692,6584731,113.5,0.91
3698,2021-08-04,CAM,29824,15295,14529,16000,13072,752,ITF,ITF3,15,Campania,Campania,5801692,6614555,114.01,0.51
3699,2021-04-26,CAM,34047,16652,17395,27573,5623,851,ITF,ITF3,15,Campania,Campania,5801692,6648602,114.6,0.59
3700,2021-03-07,CAM,11974,5404,6570,7810,3843,321,ITF,ITF3,15,Campania,Campania,5801692,6660576,114.8,0.21
3701,2021-05-03,CAM,40779,19901,20878,27935,11864,980,ITF,ITF3,15,Campania,Campania,5801692,6701355,115.51,0.7
3702,2021-06-29,CAM,49324,23990,25334,19759,29097,468,ITF,ITF3,15,Campania,Campania,5801692,6750679,116.36,0.85
3703,2021-06-15,CAM,18674,9087,9587,11025,7413,236,ITF,ITF3,15,Campania,Campania,5801692,6769353,116.68,0.32
3704,2021-07-06,PIE,38272,19383,18889,8641,29092,539,ITC,ITC1,1,Piemonte,Piemonte,4356406,38272,0.88,0.88
3705,2021-03-28,PIE,16059,6896,9163,8114,7618,327,ITC,ITC1,1,Piemonte,Piemonte,4356406,54331,1.25,0.37
3706,2021-07-20,PIE,38894,20449,18445,5723,32604,567,ITC,ITC1,1,Piemonte,Piemonte,4356406,93225,2.14,0.89
3707,2021-04-11,PIE,20824,9319,11505,18219,2150,455,ITC,ITC1,1,Piemonte,Piemonte,4356406,114049,2.62,0.48
3708,2021-01-04,PIE,5560,1677,3883,5559,0,1,ITC,ITC1,1,Piemonte,Piemonte,4356406,119609,2.75,0.13
3709,2021-04-28,PIE,26035,11733,14302,15463,10037,535,ITC,ITC1,1,Piemonte,Piemonte,4356406,145644,3.34,0.6
3710,2021-01-18,PIE,6165,2046,4119,5912,249,4,ITC,ITC1,1,Piemonte,Piemonte,4356406,151809,3.48,0.14
3711,2021-05-24,PIE,28980,13418,15562,16635,11965,380,ITC,ITC1,1,Piemonte,Piemonte,4356406,180789,4.15,0.67
3712,2021-03-02,PIE,11248,4549,6699,10246,813,189,ITC,ITC1,1,Piemonte,Piemonte,4356406,192037,4.41,0.26
3713,2021-06-19,PIE,40058,20316,19742,22859,16658,541,ITC,ITC1,1,Piemonte,Piemonte,4356406,232095,5.33,0.92
3714,2021-02-04,PIE,10205,3341,6864,581,9622,2,ITC,ITC1,1,Piemonte,Piemonte,4356406,242300,5.56,0.23
3715,2021-02-11,PIE,6760,2105,4655,2981,3760,19,ITC,ITC1,1,Piemonte,Piemonte,4356406,249060,5.72,0.16
3716,2021-04-09,PIE,25870,11391,14479,20806,4503,561,ITC,ITC1,1,Piemonte,Piemonte,4356406,274930,6.31,0.59
3717,2020-12-30,PIE,732,322,410,732,0,0,ITC,ITC1,1,Piemonte,Piemonte,4356406,275662,6.33,0.02
3718,2021-06-05,PIE,36936,18921,18015,31857,4455,624,ITC,ITC1,1,Piemonte,Piemonte,4356406,312598,7.18,0.85
3719,2021-02-25,PIE,12209,5246,6963,11484,544,181,ITC,ITC1,1,Piemonte,Piemonte,4356406,324807,7.46,0.28
3720,2021-07-15,PIE,42470,21964,20506,4062,37948,460,ITC,ITC1,1,Piemonte,Piemonte,4356406,367277,8.43,0.97
3721,2021-08-01,PIE,27013,14303,12710,8401,18203,409,ITC,ITC1,1,Piemonte,Piemonte,4356406,394290,9.05,0.62
3722,2021-04-23,PIE,27422,12599,14823,19972,6762,688,ITC,ITC1,1,Piemonte,Piemonte,4356406,421712,9.68,0.63
3723,2021-06-07,PIE,34903,17866,17037,29499,4797,607,ITC,ITC1,1,Piemonte,Piemonte,4356406,456615,10.48,0.8
3724,2021-08-03,PIE,29984,15695,14289,9285,20280,419,ITC,ITC1,1,Piemonte,Piemonte,4356406,486599,11.17,0.69
3725,2021-05-19,PIE,33107,15283,17824,21401,11125,581,ITC,ITC1,1,Piemonte,Piemonte,4356406,519706,11.93,0.76
3726,2021-03-14,PIE,8201,3336,4865,5171,2895,135,ITC,ITC1,1,Piemonte,Piemonte,4356406,527907,12.12,0.19
3727,2021-05-10,PIE,28974,13963,15011,15245,13123,606,ITC,ITC1,1,Piemonte,Piemonte,4356406,556881,12.78,0.67
3728,2021-01-30,PIE,5983,2138,3845,216,5766,1,ITC,ITC1,1,Piemonte,Piemonte,4356406,562864,12.92,0.14
3729,2021-06-24,PIE,39193,19673,19520,18297,20310,586,ITC,ITC1,1,Piemonte,Piemonte,4356406,602057,13.82,0.9
3730,2021-03-16,PIE,10514,4270,6244,4368,6054,92,ITC,ITC1,1,Piemonte,Piemonte,4356406,612571,14.06,0.24
3731,2021-05-12,PIE,31880,15181,16699,18360,12907,613,ITC,ITC1,1,Piemonte,Piemonte,4356406,644451,14.79,0.73
3732,2021-03-23,PIE,13186,5558,7628,6632,6243,311,ITC,ITC1,1,Piemonte,Piemonte,4356406,657637,15.1,0.3
3733,2021-01-16,PIE,7761,2624,5137,7754,0,7,ITC,ITC1,1,Piemonte,Piemonte,4356406,665398,15.27,0.18
3734,2021-07-08,PIE,40944,20945,19999,7432,32949,563,ITC,ITC1,1,Piemonte,Piemonte,4356406,706342,16.21,0.94
3735,2021-05-17,PIE,30923,14610,16313,17366,13155,402,ITC,ITC1,1,Piemonte,Piemonte,4356406,737265,16.92,0.71
3736,2021-02-06,PIE,7994,2665,5329,396,7596,2,ITC,ITC1,1,Piemonte,Piemonte,4356406,745259,17.11,0.18
3737,2021-02-23,PIE,9236,3716,5520,8481,583,172,ITC,ITC1,1,Piemonte,Piemonte,4356406,754495,17.32,0.21
3738,2021-05-31,PIE,29116,14062,15054,20128,8581,407,ITC,ITC1,1,Piemonte,Piemonte,4356406,783611,17.99,0.67
3739,2021-06-17,PIE,41090,20630,20460,24153,16328,609,ITC,ITC1,1,Piemonte,Piemonte,4356406,824701,18.93,0.94
3740,2021-03-09,PIE,14208,5652,8556,11640,2340,228,ITC,ITC1,1,Piemonte,Piemonte,4356406,838909,19.26,0.33
3741,2021-06-12,PIE,42592,22456,20136,39190,2627,775,ITC,ITC1,1,Piemonte,Piemonte,4356406,881501,20.23,0.98
3742,2021-07-12,PIE,39160,20202,18958,4541,34153,466,ITC,ITC1,1,Piemonte,Piemonte,4356406,920661,21.13,0.9
3743,2021-07-29,PIE,36462,18947,17515,9279,26539,644,ITC,ITC1,1,Piemonte,Piemonte,4356406,957123,21.97,0.84
3744,2021-04-20,PIE,25486,11670,13816,18523,6347,616,ITC,ITC1,1,Piemonte,Piemonte,4356406,982609,22.56,0.59
3745,2021-05-07,PIE,33091,15658,17433,18362,14126,603,ITC,ITC1,1,Piemonte,Piemonte,4356406,1015700,23.32,0.76
3746,2021-04-02,PIE,20150,8320,11830,11328,8428,394,ITC,ITC1,1,Piemonte,Piemonte,4356406,1035850,23.78,0.46
3747,2021-05-29,PIE,32800,15229,17571,20269,12172,359,ITC,ITC1,1,Piemonte,Piemonte,4356406,1068650,24.53,0.75
3748,2021-02-18,PIE,4789,2094,2695,4274,429,86,ITC,ITC1,1,Piemonte,Piemonte,4356406,1073439,24.64,0.11
3749,2021-07-25,PIE,28608,15181,13427,6560,21557,491,ITC,ITC1,1,Piemonte,Piemonte,4356406,1102047,25.3,0.66
3750,2021-04-16,PIE,28400,13208,15192,22653,4993,754,ITC,ITC1,1,Piemonte,Piemonte,4356406,1130447,25.95,0.65
3751,2021-06-26,PIE,41161,20943,20218,21919,18546,696,ITC,ITC1,1,Piemonte,Piemonte,4356406,1171608,26.89,0.94
3752,2021-07-13,PIE,38830,20037,18793,3650,34847,333,ITC,ITC1,1,Piemonte,Piemonte,4356406,1210438,27.79,0.89
3753,2021-04-04,PIE,9252,4057,5195,6393,2710,149,ITC,ITC1,1,Piemonte,Piemonte,4356406,1219690,28.0,0.21
3754,2021-04-21,PIE,25741,11833,13908,19738,5345,658,ITC,ITC1,1,Piemonte,Piemonte,4356406,1245431,28.59,0.59
3755,2021-01-11,PIE,8737,2978,5759,8731,0,6,ITC,ITC1,1,Piemonte,Piemonte,4356406,1254168,28.79,0.2
3756,2021-06-28,PIE,38403,19071,19332,15104,22723,576,ITC,ITC1,1,Piemonte,Piemonte,4356406,1292571,29.67,0.88
3757,2021-04-06,PIE,20244,8810,11434,14596,5199,449,ITC,ITC1,1,Piemonte,Piemonte,4356406,1312815,30.14,0.46
3758,2021-04-30,PIE,31835,14321,17514,17835,13329,671,ITC,ITC1,1,Piemonte,Piemonte,4356406,1344650,30.87,0.73
3759,2021-06-02,PIE,26534,13000,13534,21624,4469,441,ITC,ITC1,1,Piemonte,Piemonte,4356406,1371184,31.48,0.61
3760,2021-02-22,PIE,8480,3470,5010,7789,589,102,ITC,ITC1,1,Piemonte,Piemonte,4356406,1379664,31.67,0.19
3761,2021-03-11,PIE,13902,5205,8697,10560,3094,248,ITC,ITC1,1,Piemonte,Piemonte,4356406,1393566,31.99,0.32
3762,2020-12-28,PIE,1,1,0,1,0,0,ITC,ITC1,1,Piemonte,Piemonte,4356406,1393567,31.99,0.0
3763,2021-07-27,PIE,33476,17496,15980,8158,24766,552,ITC,ITC1,1,Piemonte,Piemonte,4356406,1427043,32.76,0.77
3764,2021-05-02,PIE,25081,11268,13813,13953,10743,385,ITC,ITC1,1,Piemonte,Piemonte,4356406,1452124,33.33,0.58
3765,2021-02-08,PIE,6916,2354,4562,661,6251,4,ITC,ITC1,1,Piemonte,Piemonte,4356406,1459040,33.49,0.16
3766,2021-01-23,PIE,4255,1326,2929,877,3376,2,ITC,ITC1,1,Piemonte,Piemonte,4356406,1463295,33.59,0.1
3767,2021-03-21,PIE,10725,4740,5985,4023,6533,169,ITC,ITC1,1,Piemonte,Piemonte,4356406,1474020,33.84,0.25
3768,2021-05-05,PIE,32241,15145,17096,18564,13062,615,ITC,ITC1,1,Piemonte,Piemonte,4356406,1506261,34.58,0.74
3769,2021-07-01,PIE,41875,20960,20915,19754,21126,995,ITC,ITC1,1,Piemonte,Piemonte,4356406,1548136,35.54,0.96
3770,2021-01-01,PIE,1038,395,643,1037,0,1,ITC,ITC1,1,Piemonte,Piemonte,4356406,1549174,35.56,0.02
3771,2021-07-05,PIE,35575,17796,17779,11683,23217,675,ITC,ITC1,1,Piemonte,Piemonte,4356406,1584749,36.38,0.82
3772,2021-01-27,PIE,4193,1451,2742,994,3197,2,ITC,ITC1,1,Piemonte,Piemonte,4356406,1588942,36.47,0.1
3773,2021-02-13,PIE,4156,1338,2818,2917,1224,15,ITC,ITC1,1,Piemonte,Piemonte,4356406,1593098,36.57,0.1
3774,2021-07-31,PIE,35574,18923,16651,10731,24559,284,ITC,ITC1,1,Piemonte,Piemonte,4356406,1628672,37.39,0.82
3775,2021-05-09,PIE,27148,12929,14219,13148,13619,381,ITC,ITC1,1,Piemonte,Piemonte,4356406,1655820,38.01,0.62
3776,2021-05-26,PIE,32750,15104,17646,15315,17082,353,ITC,ITC1,1,Piemonte,Piemonte,4356406,1688570,38.76,0.75
3777,2021-02-15,PIE,4426,1597,2829,3198,1205,23,ITC,ITC1,1,Piemonte,Piemonte,4356406,1692996,38.86,0.1
3778,2021-03-04,PIE,14635,5860,8775,11474,2941,220,ITC,ITC1,1,Piemonte,Piemonte,4356406,1707631,39.2,0.34
3779,2020-12-27,PIE,913,369,544,913,0,0,ITC,ITC1,1,Piemonte,Piemonte,4356406,1708544,39.22,0.02
3780,2021-06-09,PIE,38589,20343,18246,35107,2715,767,ITC,ITC1,1,Piemonte,Piemonte,4356406,1747133,40.1,0.89
3781,2021-01-13,PIE,10075,3226,6849,10066,0,9,ITC,ITC1,1,Piemonte,Piemonte,4356406,1757208,40.34,0.23
3782,2021-06-16,PIE,40387,20244,20143,23517,16255,615,ITC,ITC1,1,Piemonte,Piemonte,4356406,1797595,41.26,0.93
3783,2021-01-06,PIE,3107,1103,2004,3106,0,1,ITC,ITC1,1,Piemonte,Piemonte,4356406,1800702,41.33,0.07
3784,2021-05-21,PIE,36134,16775,19359,19985,15640,509,ITC,ITC1,1,Piemonte,Piemonte,4356406,1836836,42.16,0.83
3785,2021-07-17,PIE,41903,22065,19838,4928,36487,488,ITC,ITC1,1,Piemonte,Piemonte,4356406,1878739,43.13,0.96
3786,2021-02-01,PIE,8655,3052,5603,575,8079,1,ITC,ITC1,1,Piemonte,Piemonte,4356406,1887394,43.32,0.2
3787,2021-03-25,PIE,17128,7268,9860,8056,8633,439,ITC,ITC1,1,Piemonte,Piemonte,4356406,1904522,43.72,0.39
3788,2021-07-22,PIE,41250,21705,19545,6963,33694,593,ITC,ITC1,1,Piemonte,Piemonte,4356406,1945772,44.66,0.95
3789,2021-04-13,PIE,25942,11615,14327,21831,3460,651,ITC,ITC1,1,Piemonte,Piemonte,4356406,1971714,45.26,0.6
3790,2021-01-20,PIE,6601,2084,4517,5881,713,7,ITC,ITC1,1,Piemonte,Piemonte,4356406,1978315,45.41,0.15
3791,2021-02-03,PIE,10202,3306,6896,606,9594,2,ITC,ITC1,1,Piemonte,Piemonte,4356406,1988517,45.65,0.23
3792,2021-05-18,PIE,32150,14845,17305,19044,12670,436,ITC,ITC1,1,Piemonte,Piemonte,4356406,2020667,46.38,0.74
3793,2021-07-03,PIE,40044,20109,19935,15290,24029,725,ITC,ITC1,1,Piemonte,Piemonte,4356406,2060711,47.3,0.92
3794,2021-03-30,PIE,16982,7113,9869,8724,7870,388,ITC,ITC1,1,Piemonte,Piemonte,4356406,2077693,47.69,0.39
3795,2021-02-20,PIE,3833,1254,2579,3560,173,100,ITC,ITC1,1,Piemonte,Piemonte,4356406,2081526,47.78,0.09
3796,2021-07-24,PIE,34775,18295,16480,7866,26323,586,ITC,ITC1,1,Piemonte,Piemonte,4356406,2116301,48.58,0.8
3797,2021-04-29,PIE,48420,21947,26473,34638,12614,1168,ITC,ITC1,1,Piemonte,Piemonte,4356406,2164721,49.69,1.11
3798,2021-05-16,PIE,28163,12787,15376,14737,13055,371,ITC,ITC1,1,Piemonte,Piemonte,4356406,2192884,50.34,0.65
3799,2021-02-05,PIE,9600,3136,6464,652,8946,2,ITC,ITC1,1,Piemonte,Piemonte,4356406,2202484,50.56,0.22
3800,2021-06-18,PIE,40597,20297,20300,25737,14196,664,ITC,ITC1,1,Piemonte,Piemonte,4356406,2243081,51.49,0.93
3801,2021-03-10,PIE,13812,5338,8474,11265,2290,257,ITC,ITC1,1,Piemonte,Piemonte,4356406,2256893,51.81,0.32
3802,2021-03-27,PIE,18386,7823,10563,9126,8824,436,ITC,ITC1,1,Piemonte,Piemonte,4356406,2275279,52.23,0.42
3803,2021-06-25,PIE,45486,22666,22820,20264,24531,691,ITC,ITC1,1,Piemonte,Piemonte,4356406,2320765,53.27,1.04
3804,2021-04-03,PIE,19448,8180,11268,10594,8547,307,ITC,ITC1,1,Piemonte,Piemonte,4356406,2340213,53.72,0.45
3805,2021-01-10,PIE,5206,2272,2934,5204,0,2,ITC,ITC1,1,Piemonte,Piemonte,4356406,2345419,53.84,0.12
3806,2021-07-14,PIE,38958,20043,18915,3568,34966,424,ITC,ITC1,1,Piemonte,Piemonte,4356406,2384377,54.73,0.89
3807,2021-04-22,PIE,27660,12739,14921,20192,6689,779,ITC,ITC1,1,Piemonte,Piemonte,4356406,2412037,55.37,0.63
3808,2021-01-12,PIE,10077,3411,6666,10070,0,7,ITC,ITC1,1,Piemonte,Piemonte,4356406,2422114,55.6,0.23
3809,2021-01-29,PIE,5938,1884,4054,452,5486,0,ITC,ITC1,1,Piemonte,Piemonte,4356406,2428052,55.74,0.14
3810,2021-08-05,PIE,29984,15910,14074,11122,18380,482,ITC,ITC1,1,Piemonte,Piemonte,4356406,2458036,56.42,0.69
3811,2021-06-23,PIE,39710,19721,19989,16386,22837,487,ITC,ITC1,1,Piemonte,Piemonte,4356406,2497746,57.34,0.91
3812,2021-03-08,PIE,14131,5462,8669,11189,2707,235,ITC,ITC1,1,Piemonte,Piemonte,4356406,2511877,57.66,0.32
3813,2021-05-04,PIE,28608,13161,15447,15900,12201,507,ITC,ITC1,1,Piemonte,Piemonte,4356406,2540485,58.32,0.66
3814,2021-01-24,PIE,3153,959,2194,432,2719,2,ITC,ITC1,1,Piemonte,Piemonte,4356406,2543638,58.39,0.07
3815,2021-06-30,PIE,41241,20165,21076,18423,21950,868,ITC,ITC1,1,Piemonte,Piemonte,4356406,2584879,59.34,0.95
3816,2021-03-22,PIE,11528,4894,6634,3716,7600,212,ITC,ITC1,1,Piemonte,Piemonte,4356406,2596407,59.6,0.26
3817,2021-04-27,PIE,22616,10219,12397,16827,5149,640,ITC,ITC1,1,Piemonte,Piemonte,4356406,2619023,60.12,0.52
3818,2021-01-17,PIE,3515,1168,2347,2864,649,2,ITC,ITC1,1,Piemonte,Piemonte,4356406,2622538,60.2,0.08
3819,2021-03-15,PIE,10684,4194,6490,4929,5600,155,ITC,ITC1,1,Piemonte,Piemonte,4356406,2633222,60.44,0.25
3820,2021-05-11,PIE,32067,15458,16609,18206,13233,628,ITC,ITC1,1,Piemonte,Piemonte,4356406,2665289,61.18,0.74
3821,2021-01-31,PIE,4115,1754,2361,111,4004,0,ITC,ITC1,1,Piemonte,Piemonte,4356406,2669404,61.28,0.09
3822,2021-07-18,PIE,32864,17240,15624,3231,29306,327,ITC,ITC1,1,Piemonte,Piemonte,4356406,2702268,62.03,0.75
3823,2021-02-07,PIE,3084,972,2112,440,2643,1,ITC,ITC1,1,Piemonte,Piemonte,4356406,2705352,62.1,0.07
3824,2021-07-11,PIE,33145,16898,16247,4513,28320,312,ITC,ITC1,1,Piemonte,Piemonte,4356406,2738497,62.86,0.76
3825,2021-05-22,PIE,33516,15132,18384,16894,16219,403,ITC,ITC1,1,Piemonte,Piemonte,4356406,2772013,63.63,0.77
3826,2021-03-18,PIE,11762,4806,6956,3836,7734,192,ITC,ITC1,1,Piemonte,Piemonte,4356406,2783775,63.9,0.27
3827,2021-03-03,PIE,12257,4771,7486,11249,818,190,ITC,ITC1,1,Piemonte,Piemonte,4356406,2796032,64.18,0.28
3828,2021-03-20,PIE,11919,4897,7022,5777,5898,244,ITC,ITC1,1,Piemonte,Piemonte,4356406,2807951,64.46,0.27
3829,2021-05-06,PIE,33395,15769,17626,19285,13523,587,ITC,ITC1,1,Piemonte,Piemonte,4356406,2841346,65.22,0.77
3830,2021-05-23,PIE,28724,13142,15582,15462,12951,311,ITC,ITC1,1,Piemonte,Piemonte,4356406,2870070,65.88,0.66
3831,2021-02-12,PIE,6887,2214,4673,3906,2958,23,ITC,ITC1,1,Piemonte,Piemonte,4356406,2876957,66.04,0.16
3832,2021-03-01,PIE,12111,4912,7199,11132,808,171,ITC,ITC1,1,Piemonte,Piemonte,4356406,2889068,66.32,0.28
3833,2021-05-25,PIE,31148,14453,16695,15609,15149,390,ITC,ITC1,1,Piemonte,Piemonte,4356406,2920216,67.03,0.71
3834,2021-06-11,PIE,43553,23058,20495,39927,2830,796,ITC,ITC1,1,Piemonte,Piemonte,4356406,2963769,68.03,1.0
3835,2021-07-10,PIE,41139,20844,20295,6697,33908,534,ITC,ITC1,1,Piemonte,Piemonte,4356406,3004908,68.98,0.94
3836,2021-04-01,PIE,19377,8110,11267,10938,8126,313,ITC,ITC1,1,Piemonte,Piemonte,4356406,3024285,69.42,0.44
3837,2021-05-28,PIE,35058,16608,18450,18659,15989,410,ITC,ITC1,1,Piemonte,Piemonte,4356406,3059343,70.23,0.8
3838,2021-01-25,PIE,6210,1934,4276,974,5234,2,ITC,ITC1,1,Piemonte,Piemonte,4356406,3065553,70.37,0.14
3839,2021-05-30,PIE,27721,13194,14527,18017,9331,373,ITC,ITC1,1,Piemonte,Piemonte,4356406,3093274,71.01,0.64
3840,2021-02-19,PIE,5534,2176,3358,4913,501,120,ITC,ITC1,1,Piemonte,Piemonte,4356406,3098808,71.13,0.13
3841,2021-06-04,PIE,37555,19636,17919,34006,2953,596,ITC,ITC1,1,Piemonte,Piemonte,4356406,3136363,71.99,0.86
3842,2021-02-24,PIE,11376,4602,6774,10728,503,145,ITC,ITC1,1,Piemonte,Piemonte,4356406,3147739,72.26,0.26
3843,2021-06-06,PIE,35084,18332,16752,32049,2488,547,ITC,ITC1,1,Piemonte,Piemonte,4356406,3182823,73.06,0.81
3844,2021-08-02,PIE,29737,15674,14063,9302,20001,434,ITC,ITC1,1,Piemonte,Piemonte,4356406,3212560,73.74,0.68
3845,2021-02-17,PIE,4793,2157,2636,3744,990,59,ITC,ITC1,1,Piemonte,Piemonte,4356406,3217353,73.85,0.11
3846,2021-06-08,PIE,37651,19497,18154,34113,2841,697,ITC,ITC1,1,Piemonte,Piemonte,4356406,3255004,74.72,0.86
3847,2021-08-04,PIE,28955,15263,13692,8797,19719,439,ITC,ITC1,1,Piemonte,Piemonte,4356406,3283959,75.38,0.66
3848,2021-04-26,PIE,19802,8753,11049,14908,4398,496,ITC,ITC1,1,Piemonte,Piemonte,4356406,3303761,75.84,0.45
3849,2021-05-14,PIE,33420,16281,17139,17335,15425,660,ITC,ITC1,1,Piemonte,Piemonte,4356406,3337181,76.6,0.77
3850,2021-07-26,PIE,32592,16962,15630,8168,23803,621,ITC,ITC1,1,Piemonte,Piemonte,4356406,3369773,77.35,0.75
3851,2021-04-17,PIE,30450,14147,16303,26447,3307,696,ITC,ITC1,1,Piemonte,Piemonte,4356406,3400223,78.05,0.7
3852,2021-06-13,PIE,37974,20043,17931,33094,4124,756,ITC,ITC1,1,Piemonte,Piemonte,4356406,3438197,78.92,0.87
3853,2021-02-10,PIE,7534,2371,5163,1298,6221,15,ITC,ITC1,1,Piemonte,Piemonte,4356406,3445731,79.1,0.17
3854,2021-04-08,PIE,25292,11004,14288,20015,4721,556,ITC,ITC1,1,Piemonte,Piemonte,4356406,3471023,79.68,0.58
3855,2021-07-19,PIE,39524,20576,18948,4452,34653,419,ITC,ITC1,1,Piemonte,Piemonte,4356406,3510547,80.58,0.91
3856,2021-04-10,PIE,30149,13404,16745,25241,4264,644,ITC,ITC1,1,Piemonte,Piemonte,4356406,3540696,81.28,0.69
3857,2021-01-03,PIE,3059,965,2094,3057,0,2,ITC,ITC1,1,Piemonte,Piemonte,4356406,3543755,81.35,0.07
3858,2021-07-07,PIE,37939,18856,19083,9652,27708,579,ITC,ITC1,1,Piemonte,Piemonte,4356406,3581694,82.22,0.87
3859,2021-03-29,PIE,15245,6470,8775,8379,6610,256,ITC,ITC1,1,Piemonte,Piemonte,4356406,3596939,82.57,0.35
3860,2021-07-21,PIE,37913,20125,17788,6509,30887,517,ITC,ITC1,1,Piemonte,Piemonte,4356406,3634852,83.44,0.87
3861,2021-04-12,PIE,22935,10359,12576,19428,2992,515,ITC,ITC1,1,Piemonte,Piemonte,4356406,3657787,83.96,0.53
3862,2021-04-19,PIE,22542,10763,11779,17637,4351,554,ITC,ITC1,1,Piemonte,Piemonte,4356406,3680329,84.48,0.52
3863,2021-01-09,PIE,6180,2185,3995,6178,0,2,ITC,ITC1,1,Piemonte,Piemonte,4356406,3686509,84.62,0.14
3864,2021-01-26,PIE,6332,1881,4451,731,5600,1,ITC,ITC1,1,Piemonte,Piemonte,4356406,3692841,84.77,0.15
3865,2021-07-30,PIE,34571,18091,16480,9183,24974,414,ITC,ITC1,1,Piemonte,Piemonte,4356406,3727412,85.56,0.79
3866,2021-05-08,PIE,34266,16259,18007,18124,15635,507,ITC,ITC1,1,Piemonte,Piemonte,4356406,3761678,86.35,0.79
3867,2021-01-28,PIE,5592,1810,3782,380,5212,0,ITC,ITC1,1,Piemonte,Piemonte,4356406,3767270,86.48,0.13
3868,2021-02-14,PIE,1476,498,978,869,600,7,ITC,ITC1,1,Piemonte,Piemonte,4356406,3768746,86.51,0.03
3869,2021-01-19,PIE,6456,2105,4351,6438,9,9,ITC,ITC1,1,Piemonte,Piemonte,4356406,3775202,86.66,0.15
3870,2021-07-23,PIE,38001,20048,17953,7960,29422,619,ITC,ITC1,1,Piemonte,Piemonte,4356406,3813203,87.53,0.87
3871,2021-04-14,PIE,27676,12548,15128,22454,4520,702,ITC,ITC1,1,Piemonte,Piemonte,4356406,3840879,88.17,0.64
3872,2021-02-28,PIE,10809,4057,6752,10394,240,175,ITC,ITC1,1,Piemonte,Piemonte,4356406,3851688,88.41,0.25
3873,2021-03-17,PIE,12519,5056,7463,5040,7297,182,ITC,ITC1,1,Piemonte,Piemonte,4356406,3864207,88.7,0.29
3874,2021-06-10,PIE,40431,21139,19292,37009,2574,848,ITC,ITC1,1,Piemonte,Piemonte,4356406,3904638,89.63,0.93
3875,2021-06-27,PIE,37513,18599,18914,15185,21745,583,ITC,ITC1,1,Piemonte,Piemonte,4356406,3942151,90.49,0.86
3876,2021-03-19,PIE,11028,4518,6510,4216,6605,207,ITC,ITC1,1,Piemonte,Piemonte,4356406,3953179,90.74,0.25
3877,2021-04-05,PIE,14746,6236,8510,11938,2556,252,ITC,ITC1,1,Piemonte,Piemonte,4356406,3967925,91.08,0.34
3878,2021-01-02,PIE,3539,1132,2407,3538,0,1,ITC,ITC1,1,Piemonte,Piemonte,4356406,3971464,91.16,0.08
3879,2021-05-01,PIE,28545,12997,15548,16319,11790,436,ITC,ITC1,1,Piemonte,Piemonte,4356406,4000009,91.82,0.66
3880,2021-01-21,PIE,6871,2311,4560,3368,3497,6,ITC,ITC1,1,Piemonte,Piemonte,4356406,4006880,91.98,0.16
3881,2021-05-15,PIE,33771,15742,18029,19395,13720,656,ITC,ITC1,1,Piemonte,Piemonte,4356406,4040651,92.75,0.78
3882,2021-06-01,PIE,29306,14702,14604,24455,4426,425,ITC,ITC1,1,Piemonte,Piemonte,4356406,4069957,93.42,0.67
3883,2021-02-21,PIE,5088,2083,3005,4936,102,50,ITC,ITC1,1,Piemonte,Piemonte,4356406,4075045,93.54,0.12
3884,2021-04-15,PIE,29536,13533,16003,23387,5483,666,ITC,ITC1,1,Piemonte,Piemonte,4356406,4104581,94.22,0.68
3885,2021-01-05,PIE,5373,1601,3772,5368,0,5,ITC,ITC1,1,Piemonte,Piemonte,4356406,4109954,94.34,0.12
3886,2021-06-22,PIE,40614,20088,20526,17774,22300,540,ITC,ITC1,1,Piemonte,Piemonte,4356406,4150568,95.28,0.93
3887,2021-01-07,PIE,5372,1731,3641,5370,0,2,ITC,ITC1,1,Piemonte,Piemonte,4356406,4155940,95.4,0.12
3888,2021-03-05,PIE,15557,6229,9328,11463,3822,272,ITC,ITC1,1,Piemonte,Piemonte,4356406,4171497,95.76,0.36
3889,2021-05-03,PIE,26681,12204,14477,12041,14207,433,ITC,ITC1,1,Piemonte,Piemonte,4356406,4198178,96.37,0.61
3890,2021-02-26,PIE,12286,4930,7356,11345,736,205,ITC,ITC1,1,Piemonte,Piemonte,4356406,4210464,96.65,0.28
3891,2021-04-24,PIE,27497,12431,15066,21288,5657,552,ITC,ITC1,1,Piemonte,Piemonte,4356406,4237961,97.28,0.63
3892,2021-01-14,PIE,9757,3147,6610,9751,0,6,ITC,ITC1,1,Piemonte,Piemonte,4356406,4247718,97.51,0.22
3893,2021-06-29,PIE,40521,20243,20278,19165,20669,687,ITC,ITC1,1,Piemonte,Piemonte,4356406,4288239,98.44,0.93
3894,2021-06-03,PIE,34637,17894,16743,29690,4415,532,ITC,ITC1,1,Piemonte,Piemonte,4356406,4322876,99.23,0.8
3895,2021-06-20,PIE,34068,17083,16985,18739,14773,556,ITC,ITC1,1,Piemonte,Piemonte,4356406,4356944,100.01,0.78
3896,2021-03-12,PIE,14103,5329,8774,10891,2933,279,ITC,ITC1,1,Piemonte,Piemonte,4356406,4371047,100.34,0.32
3897,2021-07-04,PIE,33735,17005,16730,11208,21916,611,ITC,ITC1,1,Piemonte,Piemonte,4356406,4404782,101.11,0.77
3898,2021-03-26,PIE,17884,7104,10780,8475,8882,527,ITC,ITC1,1,Piemonte,Piemonte,4356406,4422666,101.52,0.41
3899,2021-07-28,PIE,34627,17987,16640,9071,24962,594,ITC,ITC1,1,Piemonte,Piemonte,4356406,4457293,102.32,0.79
3900,2021-06-15,PIE,38917,20046,18871,26484,11766,667,ITC,ITC1,1,Piemonte,Piemonte,4356406,4496210,103.21,0.89
3901,2021-03-07,PIE,11980,4664,7316,10858,877,245,ITC,ITC1,1,Piemonte,Piemonte,4356406,4508190,103.48,0.27
3902,2020-12-31,PIE,3880,1321,2559,3880,0,0,ITC,ITC1,1,Piemonte,Piemonte,4356406,4512070,103.57,0.09
3903,2021-02-27,PIE,12675,4846,7829,12110,336,229,ITC,ITC1,1,Piemonte,Piemonte,4356406,4524745,103.86,0.29
3904,2021-04-25,PIE,20229,9306,10923,17280,2501,448,ITC,ITC1,1,Piemonte,Piemonte,4356406,4544974,104.33,0.46
3905,2021-01-15,PIE,9102,3006,6096,9096,0,6,ITC,ITC1,1,Piemonte,Piemonte,4356406,4554076,104.54,0.21
3906,2021-06-21,PIE,38437,19219,19218,17116,20764,557,ITC,ITC1,1,Piemonte,Piemonte,4356406,4592513,105.42,0.88
3907,2021-03-13,PIE,13023,4714,8309,11327,1429,267,ITC,ITC1,1,Piemonte,Piemonte,4356406,4605536,105.72,0.3
3908,2021-04-18,PIE,22932,10798,12134,19621,2752,559,ITC,ITC1,1,Piemonte,Piemonte,4356406,4628468,106.25,0.53
3909,2021-01-08,PIE,5525,1759,3766,5523,0,2,ITC,ITC1,1,Piemonte,Piemonte,4356406,4633993,106.37,0.13
3910,2021-06-14,PIE,37964,19560,18404,30191,7090,683,ITC,ITC1,1,Piemonte,Piemonte,4356406,4671957,107.24,0.87
3911,2021-03-06,PIE,13999,5219,8780,11038,2789,172,ITC,ITC1,1,Piemonte,Piemonte,4356406,4685956,107.56,0.32
3912,2021-01-22,PIE,3865,1249,2616,2523,1340,2,ITC,ITC1,1,Piemonte,Piemonte,4356406,4689821,107.65,0.09
3913,2021-07-02,PIE,43729,22005,21724,17337,25548,844,ITC,ITC1,1,Piemonte,Piemonte,4356406,4733550,108.66,1.0
3914,2021-05-13,PIE,35692,17533,18159,19865,15127,700,ITC,ITC1,1,Piemonte,Piemonte,4356406,4769242,109.48,0.82
3915,2021-02-02,PIE,10253,3514,6739,807,9445,1,ITC,ITC1,1,Piemonte,Piemonte,4356406,4779495,109.71,0.24
3916,2021-07-09,PIE,40388,20608,19780,5734,34127,527,ITC,ITC1,1,Piemonte,Piemonte,4356406,4819883,110.64,0.93
3917,2021-03-31,PIE,19126,8121,11005,10099,8690,337,ITC,ITC1,1,Piemonte,Piemonte,4356406,4839009,111.08,0.44
3918,2021-05-27,PIE,37395,17389,20006,18812,18148,435,ITC,ITC1,1,Piemonte,Piemonte,4356406,4876404,111.94,0.86
3919,2021-02-16,PIE,3967,1757,2210,3161,758,48,ITC,ITC1,1,Piemonte,Piemonte,4356406,4880371,112.03,0.09
3920,2021-03-24,PIE,15563,6397,9166,6102,9130,331,ITC,ITC1,1,Piemonte,Piemonte,4356406,4895934,112.38,0.36
3921,2021-05-20,PIE,38622,17943,20679,13319,24949,354,ITC,ITC1,1,Piemonte,Piemonte,4356406,4934556,113.27,0.89
3922,2021-02-09,PIE,7389,2315,5074,714,6673,2,ITC,ITC1,1,Piemonte,Piemonte,4356406,4941945,113.44,0.17
3923,2021-07-16,PIE,41927,21907,20020,3581,37931,415,ITC,ITC1,1,Piemonte,Piemonte,4356406,4983872,114.4,0.96
3924,2021-04-07,PIE,23595,9988,13607,17617,5460,518,ITC,ITC1,1,Piemonte,Piemonte,4356406,5007467,114.94,0.54
3925,2021-08-01,SAR,3054,1500,1554,1031,1987,36,ITG,ITG2,20,Sardegna,Sardegna,1639591,3054,0.19,0.19
3926,2021-04-23,SAR,12872,5751,7121,7244,5486,142,ITG,ITG2,20,Sardegna,Sardegna,1639591,15926,0.97,0.79
3927,2021-05-10,SAR,9744,4342,5402,7033,2541,170,ITG,ITG2,20,Sardegna,Sardegna,1639591,25670,1.57,0.59
3928,2021-01-30,SAR,3869,1393,2476,363,3506,0,ITG,ITG2,20,Sardegna,Sardegna,1639591,29539,1.8,0.24
3929,2021-06-19,SAR,15342,7515,7827,9120,6123,99,ITG,ITG2,20,Sardegna,Sardegna,1639591,44881,2.74,0.94
3930,2021-07-06,SAR,15929,7720,8209,4664,11169,96,ITG,ITG2,20,Sardegna,Sardegna,1639591,60810,3.71,0.97
3931,2021-03-28,SAR,4534,1793,2741,4391,78,65,ITG,ITG2,20,Sardegna,Sardegna,1639591,65344,3.99,0.28
3932,2021-01-04,SAR,587,215,372,587,0,0,ITG,ITG2,20,Sardegna,Sardegna,1639591,65931,4.02,0.04
3933,2021-07-01,SAR,19834,9765,10069,7258,12484,92,ITG,ITG2,20,Sardegna,Sardegna,1639591,85765,5.23,1.21
3934,2021-03-23,SAR,6420,2886,3534,5179,1082,159,ITG,ITG2,20,Sardegna,Sardegna,1639591,92185,5.62,0.39
3935,2021-07-15,SAR,18778,9238,9540,4647,14032,99,ITG,ITG2,20,Sardegna,Sardegna,1639591,110963,6.77,1.15
3936,2021-08-03,SAR,14562,7507,7055,7521,6847,194,ITG,ITG2,20,Sardegna,Sardegna,1639591,125525,7.66,0.89
3937,2021-05-12,SAR,11140,5263,5877,7794,3139,207,ITG,ITG2,20,Sardegna,Sardegna,1639591,136665,8.34,0.68
3938,2021-03-09,SAR,5531,2740,2791,4746,727,58,ITG,ITG2,20,Sardegna,Sardegna,1639591,142196,8.67,0.34
3939,2021-05-05,SAR,10181,4651,5530,7951,2031,199,ITG,ITG2,20,Sardegna,Sardegna,1639591,152377,9.29,0.62
3940,2021-05-19,SAR,17041,8674,8367,12628,4254,159,ITG,ITG2,20,Sardegna,Sardegna,1639591,169418,10.33,1.04
3941,2021-06-05,SAR,17883,8438,9445,11285,6464,134,ITG,ITG2,20,Sardegna,Sardegna,1639591,187301,11.42,1.09
3942,2021-02-25,SAR,2899,1256,1643,2264,604,31,ITG,ITG2,20,Sardegna,Sardegna,1639591,190200,11.6,0.18
3943,2021-03-14,SAR,605,377,228,596,0,9,ITG,ITG2,20,Sardegna,Sardegna,1639591,190805,11.64,0.04
3944,2021-01-16,SAR,1493,527,966,1493,0,0,ITG,ITG2,20,Sardegna,Sardegna,1639591,192298,11.73,0.09
3945,2021-04-09,SAR,12311,5474,6837,7828,4360,123,ITG,ITG2,20,Sardegna,Sardegna,1639591,204609,12.48,0.75
3946,2021-07-20,SAR,16145,7929,8216,3651,12404,90,ITG,ITG2,20,Sardegna,Sardegna,1639591,220754,13.46,0.98
3947,2021-04-11,SAR,5398,2444,2954,4251,1121,26,ITG,ITG2,20,Sardegna,Sardegna,1639591,226152,13.79,0.33
3948,2021-06-07,SAR,12563,6143,6420,9437,3004,122,ITG,ITG2,20,Sardegna,Sardegna,1639591,238715,14.56,0.77
3949,2021-02-04,SAR,2271,814,1457,910,1358,3,ITG,ITG2,20,Sardegna,Sardegna,1639591,240986,14.7,0.14
3950,2021-04-02,SAR,8986,3549,5437,5591,3244,151,ITG,ITG2,20,Sardegna,Sardegna,1639591,249972,15.25,0.55
3951,2021-02-11,SAR,1311,488,823,1200,111,0,ITG,ITG2,20,Sardegna,Sardegna,1639591,251283,15.33,0.08
3952,2021-05-24,SAR,14471,7257,7214,8355,5984,132,ITG,ITG2,20,Sardegna,Sardegna,1639591,265754,16.21,0.88
3953,2021-02-13,SAR,1446,562,884,1440,2,4,ITG,ITG2,20,Sardegna,Sardegna,1639591,267200,16.3,0.09
3954,2021-05-29,SAR,17994,8649,9345,13235,4592,167,ITG,ITG2,20,Sardegna,Sardegna,1639591,285194,17.39,1.1
3955,2021-06-12,SAR,14756,7195,7561,9938,4702,116,ITG,ITG2,20,Sardegna,Sardegna,1639591,299950,18.29,0.9
3956,2021-03-04,SAR,4371,2300,2071,3059,1256,56,ITG,ITG2,20,Sardegna,Sardegna,1639591,304321,18.56,0.27
3957,2021-03-21,SAR,4035,1810,2225,2572,1440,23,ITG,ITG2,20,Sardegna,Sardegna,1639591,308356,18.81,0.25
3958,2021-07-08,SAR,18444,8969,9475,3834,14526,84,ITG,ITG2,20,Sardegna,Sardegna,1639591,326800,19.93,1.12
3959,2021-07-25,SAR,4344,2143,2201,865,3464,15,ITG,ITG2,20,Sardegna,Sardegna,1639591,331144,20.2,0.26
3960,2021-04-16,SAR,14445,6489,7956,8941,5340,164,ITG,ITG2,20,Sardegna,Sardegna,1639591,345589,21.08,0.88
3961,2021-01-23,SAR,60,22,38,0,60,0,ITG,ITG2,20,Sardegna,Sardegna,1639591,345649,21.08,0.0
3962,2021-02-22,SAR,1638,948,690,1384,228,26,ITG,ITG2,20,Sardegna,Sardegna,1639591,347287,21.18,0.1
3963,2021-03-02,SAR,3038,1631,1407,1815,1154,69,ITG,ITG2,20,Sardegna,Sardegna,1639591,350325,21.37,0.19
3964,2021-04-28,SAR,9024,4283,4741,5167,3710,147,ITG,ITG2,20,Sardegna,Sardegna,1639591,359349,21.92,0.55
3965,2021-01-18,SAR,903,324,579,779,124,0,ITG,ITG2,20,Sardegna,Sardegna,1639591,360252,21.97,0.06
3966,2021-06-24,SAR,19202,9214,9988,8121,10978,103,ITG,ITG2,20,Sardegna,Sardegna,1639591,379454,23.14,1.17
3967,2021-03-16,SAR,4398,1954,2444,3434,922,42,ITG,ITG2,20,Sardegna,Sardegna,1639591,383852,23.41,0.27
3968,2021-04-21,SAR,12073,5553,6520,6439,5536,98,ITG,ITG2,20,Sardegna,Sardegna,1639591,395925,24.15,0.74
3969,2021-01-11,SAR,1183,505,678,1182,0,1,ITG,ITG2,20,Sardegna,Sardegna,1639591,397108,24.22,0.07
3970,2021-04-30,SAR,11143,5304,5839,6756,4207,180,ITG,ITG2,20,Sardegna,Sardegna,1639591,408251,24.9,0.68
3971,2021-05-17,SAR,12818,6261,6557,9126,3545,147,ITG,ITG2,20,Sardegna,Sardegna,1639591,421069,25.68,0.78
3972,2021-02-06,SAR,1973,700,1273,564,1406,3,ITG,ITG2,20,Sardegna,Sardegna,1639591,423042,25.8,0.12
3973,2021-02-23,SAR,1565,1043,522,1270,280,15,ITG,ITG2,20,Sardegna,Sardegna,1639591,424607,25.9,0.1
3974,2021-07-24,SAR,12386,6385,6001,1997,10362,27,ITG,ITG2,20,Sardegna,Sardegna,1639591,436993,26.65,0.76
3975,2021-05-02,SAR,5957,2696,3261,5214,651,92,ITG,ITG2,20,Sardegna,Sardegna,1639591,442950,27.02,0.36
3976,2020-12-28,SAR,66,26,40,66,0,0,ITG,ITG2,20,Sardegna,Sardegna,1639591,443016,27.02,0.0
3977,2021-06-14,SAR,13751,6643,7108,9998,3611,142,ITG,ITG2,20,Sardegna,Sardegna,1639591,456767,27.86,0.84
3978,2021-03-06,SAR,2635,1078,1557,781,1781,73,ITG,ITG2,20,Sardegna,Sardegna,1639591,459402,28.02,0.16
3979,2021-06-28,SAR,14994,7043,7951,3052,11876,66,ITG,ITG2,20,Sardegna,Sardegna,1639591,474396,28.93,0.91
3980,2021-04-06,SAR,7458,3122,4336,4971,2429,58,ITG,ITG2,20,Sardegna,Sardegna,1639591,481854,29.39,0.45
3981,2020-12-27,SAR,65,34,31,65,0,0,ITG,ITG2,20,Sardegna,Sardegna,1639591,481919,29.39,0.0
3982,2021-06-26,SAR,19143,9009,10134,5452,13616,75,ITG,ITG2,20,Sardegna,Sardegna,1639591,501062,30.56,1.17
3983,2021-07-13,SAR,17805,8522,9283,3251,14477,77,ITG,ITG2,20,Sardegna,Sardegna,1639591,518867,31.65,1.09
3984,2021-04-04,SAR,2,1,1,0,2,0,ITG,ITG2,20,Sardegna,Sardegna,1639591,518869,31.65,0.0
3985,2021-02-18,SAR,1876,731,1145,1774,64,38,ITG,ITG2,20,Sardegna,Sardegna,1639591,520745,31.76,0.11
3986,2021-05-31,SAR,11367,5409,5958,8158,3110,99,ITG,ITG2,20,Sardegna,Sardegna,1639591,532112,32.45,0.69
3987,2021-07-27,SAR,16529,8384,8145,4215,12203,111,ITG,ITG2,20,Sardegna,Sardegna,1639591,548641,33.46,1.01
3988,2021-04-18,SAR,5132,2226,2906,2230,2874,28,ITG,ITG2,20,Sardegna,Sardegna,1639591,553773,33.78,0.31
3989,2021-01-08,SAR,3257,1184,2073,3255,0,2,ITG,ITG2,20,Sardegna,Sardegna,1639591,557030,33.97,0.2
3990,2021-01-13,SAR,574,178,396,574,0,0,ITG,ITG2,20,Sardegna,Sardegna,1639591,557604,34.01,0.04
3991,2021-07-17,SAR,12871,6301,6570,3179,9625,67,ITG,ITG2,20,Sardegna,Sardegna,1639591,570475,34.79,0.79
3992,2021-07-31,SAR,10318,5457,4861,5279,4959,80,ITG,ITG2,20,Sardegna,Sardegna,1639591,580793,35.42,0.63
3993,2021-03-11,SAR,6418,3087,3331,5149,1200,69,ITG,ITG2,20,Sardegna,Sardegna,1639591,587211,35.81,0.39
3994,2021-06-04,SAR,14493,6937,7556,9777,4558,158,ITG,ITG2,20,Sardegna,Sardegna,1639591,601704,36.7,0.88
3995,2021-06-21,SAR,14020,6734,7286,5122,8825,73,ITG,ITG2,20,Sardegna,Sardegna,1639591,615724,37.55,0.86
3996,2021-03-13,SAR,2756,1075,1681,2436,281,39,ITG,ITG2,20,Sardegna,Sardegna,1639591,618480,37.72,0.17
3997,2021-03-30,SAR,8763,3585,5178,6347,2275,141,ITG,ITG2,20,Sardegna,Sardegna,1639591,627243,38.26,0.53
3998,2021-01-06,SAR,1613,547,1066,1613,0,0,ITG,ITG2,20,Sardegna,Sardegna,1639591,628856,38.35,0.1
3999,2021-02-08,SAR,1469,533,936,852,616,1,ITG,ITG2,20,Sardegna,Sardegna,1639591,630325,38.44,0.09
4000,2021-06-17,SAR,18463,8531,9932,9919,8423,121,ITG,ITG2,20,Sardegna,Sardegna,1639591,648788,39.57,1.13
4001,2021-01-25,SAR,591,214,377,22,569,0,ITG,ITG2,20,Sardegna,Sardegna,1639591,649379,39.61,0.04
4002,2021-05-16,SAR,8221,3831,4390,5985,2160,76,ITG,ITG2,20,Sardegna,Sardegna,1639591,657600,40.11,0.5
4003,2021-07-12,SAR,15335,7414,7921,2403,12877,55,ITG,ITG2,20,Sardegna,Sardegna,1639591,672935,41.04,0.94
4004,2021-07-05,SAR,15584,7572,8012,3328,12207,49,ITG,ITG2,20,Sardegna,Sardegna,1639591,688519,41.99,0.95
4005,2021-06-16,SAR,17633,8275,9358,12166,5306,161,ITG,ITG2,20,Sardegna,Sardegna,1639591,706152,43.07,1.08
4006,2021-01-01,SAR,32,17,15,32,0,0,ITG,ITG2,20,Sardegna,Sardegna,1639591,706184,43.07,0.0
4007,2021-02-27,SAR,1918,644,1274,1318,559,41,ITG,ITG2,20,Sardegna,Sardegna,1639591,708102,43.19,0.12
4008,2021-04-25,SAR,4500,2271,2229,3674,780,46,ITG,ITG2,20,Sardegna,Sardegna,1639591,712602,43.46,0.27
4009,2021-01-15,SAR,1560,572,988,1558,0,2,ITG,ITG2,20,Sardegna,Sardegna,1639591,714162,43.56,0.1
4010,2021-02-01,SAR,1523,605,918,224,1299,0,ITG,ITG2,20,Sardegna,Sardegna,1639591,715685,43.65,0.09
4011,2021-05-09,SAR,6125,2872,3253,5112,925,88,ITG,ITG2,20,Sardegna,Sardegna,1639591,721810,44.02,0.37
4012,2021-05-26,SAR,15533,8188,7345,9702,5647,184,ITG,ITG2,20,Sardegna,Sardegna,1639591,737343,44.97,0.95
4013,2021-02-15,SAR,955,347,608,918,31,6,ITG,ITG2,20,Sardegna,Sardegna,1639591,738298,45.03,0.06
4014,2021-03-20,SAR,5194,2075,3119,2890,2277,27,ITG,ITG2,20,Sardegna,Sardegna,1639591,743492,45.35,0.32
4015,2021-06-13,SAR,9500,4676,4824,6160,3260,80,ITG,ITG2,20,Sardegna,Sardegna,1639591,752992,45.93,0.58
4016,2021-06-02,SAR,9787,4693,5094,8061,1640,86,ITG,ITG2,20,Sardegna,Sardegna,1639591,762779,46.52,0.6
4017,2021-07-29,SAR,16792,8458,8334,5980,10665,147,ITG,ITG2,20,Sardegna,Sardegna,1639591,779571,47.55,1.02
4018,2021-04-20,SAR,11004,4997,6007,7693,3219,92,ITG,ITG2,20,Sardegna,Sardegna,1639591,790575,48.22,0.67
4019,2021-05-28,SAR,17956,8699,9257,13492,4276,188,ITG,ITG2,20,Sardegna,Sardegna,1639591,808531,49.31,1.1
4020,2021-02-17,SAR,1404,577,827,1273,74,57,ITG,ITG2,20,Sardegna,Sardegna,1639591,809935,49.4,0.09
4021,2021-05-25,SAR,15142,7704,7438,8490,6476,176,ITG,ITG2,20,Sardegna,Sardegna,1639591,825077,50.32,0.92
4022,2021-06-11,SAR,14779,7024,7755,9088,5538,153,ITG,ITG2,20,Sardegna,Sardegna,1639591,839856,51.22,0.9
4023,2021-03-03,SAR,4114,2278,1836,2739,1298,77,ITG,ITG2,20,Sardegna,Sardegna,1639591,843970,51.47,0.25
4024,2021-06-30,SAR,17773,8515,9258,4807,12885,81,ITG,ITG2,20,Sardegna,Sardegna,1639591,861743,52.56,1.08
4025,2021-03-22,SAR,3687,1492,2195,3100,512,75,ITG,ITG2,20,Sardegna,Sardegna,1639591,865430,52.78,0.22
4026,2021-04-08,SAR,13438,5935,7503,8209,5119,110,ITG,ITG2,20,Sardegna,Sardegna,1639591,878868,53.6,0.82
4027,2021-07-14,SAR,16910,8191,8719,3775,13024,111,ITG,ITG2,20,Sardegna,Sardegna,1639591,895778,54.63,1.03
4028,2020-12-29,SAR,57,32,25,57,0,0,ITG,ITG2,20,Sardegna,Sardegna,1639591,895835,54.64,0.0
4029,2021-04-22,SAR,10507,4662,5845,5501,4920,86,ITG,ITG2,20,Sardegna,Sardegna,1639591,906342,55.28,0.64
4030,2021-01-12,SAR,865,408,457,865,0,0,ITG,ITG2,20,Sardegna,Sardegna,1639591,907207,55.33,0.05
4031,2021-06-23,SAR,20551,9668,10883,6198,14261,92,ITG,ITG2,20,Sardegna,Sardegna,1639591,927758,56.58,1.25
4032,2021-05-18,SAR,14756,7380,7376,9444,5203,109,ITG,ITG2,20,Sardegna,Sardegna,1639591,942514,57.48,0.9
4033,2021-02-24,SAR,2411,1294,1117,2182,193,36,ITG,ITG2,20,Sardegna,Sardegna,1639591,944925,57.63,0.15
4034,2021-06-06,SAR,10034,5001,5033,6314,3651,69,ITG,ITG2,20,Sardegna,Sardegna,1639591,954959,58.24,0.61
4035,2021-02-05,SAR,1900,750,1150,430,1468,2,ITG,ITG2,20,Sardegna,Sardegna,1639591,956859,58.36,0.12
4036,2021-04-03,SAR,4677,1810,2867,2641,1971,65,ITG,ITG2,20,Sardegna,Sardegna,1639591,961536,58.64,0.29
4037,2021-05-30,SAR,9727,4836,4891,7300,2357,70,ITG,ITG2,20,Sardegna,Sardegna,1639591,971263,59.24,0.59
4038,2021-02-19,SAR,1498,471,1027,1398,56,44,ITG,ITG2,20,Sardegna,Sardegna,1639591,972761,59.33,0.09
4039,2021-03-27,SAR,5732,2190,3542,5223,422,87,ITG,ITG2,20,Sardegna,Sardegna,1639591,978493,59.68,0.35
4040,2021-05-23,SAR,9968,4808,5160,7626,2246,96,ITG,ITG2,20,Sardegna,Sardegna,1639591,988461,60.29,0.61
4041,2021-02-12,SAR,2236,933,1303,2172,59,5,ITG,ITG2,20,Sardegna,Sardegna,1639591,990697,60.42,0.14
4042,2021-07-19,SAR,14733,7395,7338,2705,11978,50,ITG,ITG2,20,Sardegna,Sardegna,1639591,1005430,61.32,0.9
4043,2021-04-10,SAR,10497,4750,5747,8454,1942,101,ITG,ITG2,20,Sardegna,Sardegna,1639591,1015927,61.96,0.64
4044,2021-01-07,SAR,3103,1072,2031,3099,0,4,ITG,ITG2,20,Sardegna,Sardegna,1639591,1019030,62.15,0.19
4045,2021-06-10,SAR,17810,8478,9332,11644,6040,126,ITG,ITG2,20,Sardegna,Sardegna,1639591,1036840,63.24,1.09
4046,2020-12-31,SAR,32,16,16,32,0,0,ITG,ITG2,20,Sardegna,Sardegna,1639591,1036872,63.24,0.0
4047,2021-07-30,SAR,15247,7874,7373,6633,8448,166,ITG,ITG2,20,Sardegna,Sardegna,1639591,1052119,64.17,0.93
4048,2021-01-20,SAR,210,77,133,208,2,0,ITG,ITG2,20,Sardegna,Sardegna,1639591,1052329,64.18,0.01
4049,2021-03-29,SAR,4738,1846,2892,4071,589,78,ITG,ITG2,20,Sardegna,Sardegna,1639591,1057067,64.47,0.29
4050,2021-04-15,SAR,11849,5539,6310,6778,4956,115,ITG,ITG2,20,Sardegna,Sardegna,1639591,1068916,65.19,0.72
4051,2021-01-05,SAR,1321,443,878,1321,0,0,ITG,ITG2,20,Sardegna,Sardegna,1639591,1070237,65.27,0.08
4052,2021-01-22,SAR,83,47,36,55,28,0,ITG,ITG2,20,Sardegna,Sardegna,1639591,1070320,65.28,0.01
4053,2021-07-26,SAR,14598,7286,7312,4122,10399,77,ITG,ITG2,20,Sardegna,Sardegna,1639591,1084918,66.17,0.89
4054,2021-04-17,SAR,10085,4502,5583,5403,4603,79,ITG,ITG2,20,Sardegna,Sardegna,1639591,1095003,66.79,0.62
4055,2021-01-03,SAR,90,36,54,90,0,0,ITG,ITG2,20,Sardegna,Sardegna,1639591,1095093,66.79,0.01
4056,2021-08-05,SAR,11783,6164,5619,6448,5208,127,ITG,ITG2,20,Sardegna,Sardegna,1639591,1106876,67.51,0.72
4057,2021-02-20,SAR,2040,854,1186,1683,334,23,ITG,ITG2,20,Sardegna,Sardegna,1639591,1108916,67.63,0.12
4058,2021-04-29,SAR,11122,5107,6015,6615,4353,154,ITG,ITG2,20,Sardegna,Sardegna,1639591,1120038,68.31,0.68
4059,2021-06-25,SAR,16510,7810,8700,3897,12556,57,ITG,ITG2,20,Sardegna,Sardegna,1639591,1136548,69.32,1.01
4060,2021-01-10,SAR,2177,748,1429,2177,0,0,ITG,ITG2,20,Sardegna,Sardegna,1639591,1138725,69.45,0.13
4061,2021-07-02,SAR,18933,8891,10042,4408,14429,96,ITG,ITG2,20,Sardegna,Sardegna,1639591,1157658,70.61,1.15
4062,2021-04-27,SAR,7620,3554,4066,5476,2042,102,ITG,ITG2,20,Sardegna,Sardegna,1639591,1165278,71.07,0.46
4063,2021-01-17,SAR,859,277,582,858,1,0,ITG,ITG2,20,Sardegna,Sardegna,1639591,1166137,71.12,0.05
4064,2021-03-15,SAR,2797,1317,1480,2383,374,40,ITG,ITG2,20,Sardegna,Sardegna,1639591,1168934,71.29,0.17
4065,2021-07-04,SAR,8207,3988,4219,2069,6123,15,ITG,ITG2,20,Sardegna,Sardegna,1639591,1177141,71.79,0.5
4066,2021-03-26,SAR,8462,3516,4946,6809,1528,125,ITG,ITG2,20,Sardegna,Sardegna,1639591,1185603,72.31,0.52
4067,2021-05-22,SAR,24843,11954,12889,19398,5141,304,ITG,ITG2,20,Sardegna,Sardegna,1639591,1210446,73.83,1.52
4068,2021-01-19,SAR,747,269,478,691,55,1,ITG,ITG2,20,Sardegna,Sardegna,1639591,1211193,73.87,0.05
4069,2021-03-17,SAR,6549,2846,3703,4904,1608,37,ITG,ITG2,20,Sardegna,Sardegna,1639591,1217742,74.27,0.4
4070,2021-06-27,SAR,9020,4311,4709,2957,6035,28,ITG,ITG2,20,Sardegna,Sardegna,1639591,1226762,74.82,0.55
4071,2021-07-22,SAR,18324,9259,9065,4502,13713,109,ITG,ITG2,20,Sardegna,Sardegna,1639591,1245086,75.94,1.12
4072,2021-04-13,SAR,7619,3597,4022,5734,1825,60,ITG,ITG2,20,Sardegna,Sardegna,1639591,1252705,76.4,0.46
4073,2021-06-09,SAR,15464,7368,8096,11574,3740,150,ITG,ITG2,20,Sardegna,Sardegna,1639591,1268169,77.35,0.94
4074,2021-03-08,SAR,4687,2434,2253,3421,1222,44,ITG,ITG2,20,Sardegna,Sardegna,1639591,1272856,77.63,0.29
4075,2021-05-04,SAR,9544,4387,5157,7541,1854,149,ITG,ITG2,20,Sardegna,Sardegna,1639591,1282400,78.21,0.58
4076,2021-01-24,SAR,90,34,56,5,85,0,ITG,ITG2,20,Sardegna,Sardegna,1639591,1282490,78.22,0.01
4077,2021-06-18,SAR,16487,7507,8980,8605,7767,115,ITG,ITG2,20,Sardegna,Sardegna,1639591,1298977,79.23,1.01
4078,2021-03-10,SAR,6056,2957,3099,5136,853,67,ITG,ITG2,20,Sardegna,Sardegna,1639591,1305033,79.6,0.37
4079,2021-05-06,SAR,12959,6014,6945,9568,3151,240,ITG,ITG2,20,Sardegna,Sardegna,1639591,1317992,80.39,0.79
4080,2021-01-29,SAR,2958,1071,1887,45,2911,2,ITG,ITG2,20,Sardegna,Sardegna,1639591,1320950,80.57,0.18
4081,2021-08-02,SAR,13134,6612,6522,6215,6741,178,ITG,ITG2,20,Sardegna,Sardegna,1639591,1334084,81.37,0.8
4082,2021-01-28,SAR,2975,1045,1930,69,2906,0,ITG,ITG2,20,Sardegna,Sardegna,1639591,1337059,81.55,0.18
4083,2021-07-07,SAR,15906,7728,8178,4085,11770,51,ITG,ITG2,20,Sardegna,Sardegna,1639591,1352965,82.52,0.97
4084,2021-06-22,SAR,19341,8990,10351,7169,12071,101,ITG,ITG2,20,Sardegna,Sardegna,1639591,1372306,83.7,1.18
4085,2021-07-09,SAR,15876,7600,8276,3433,12363,80,ITG,ITG2,20,Sardegna,Sardegna,1639591,1388182,84.67,0.97
4086,2021-03-31,SAR,10260,4149,6111,7705,2433,122,ITG,ITG2,20,Sardegna,Sardegna,1639591,1398442,85.29,0.63
4087,2021-06-03,SAR,16395,7644,8751,10566,5689,140,ITG,ITG2,20,Sardegna,Sardegna,1639591,1414837,86.29,1.0
4088,2021-06-20,SAR,6293,2806,3487,3637,2624,32,ITG,ITG2,20,Sardegna,Sardegna,1639591,1421130,86.68,0.38
4089,2021-03-12,SAR,5970,2616,3354,4518,1307,145,ITG,ITG2,20,Sardegna,Sardegna,1639591,1427100,87.04,0.36
4090,2021-05-11,SAR,8954,4180,4774,6404,2423,127,ITG,ITG2,20,Sardegna,Sardegna,1639591,1436054,87.59,0.55
4091,2021-01-31,SAR,2118,749,1369,45,2073,0,ITG,ITG2,20,Sardegna,Sardegna,1639591,1438172,87.72,0.13
4092,2021-02-14,SAR,538,263,275,536,2,0,ITG,ITG2,20,Sardegna,Sardegna,1639591,1438710,87.75,0.03
4093,2021-07-18,SAR,5691,2873,2818,981,4700,10,ITG,ITG2,20,Sardegna,Sardegna,1639591,1444401,88.1,0.35
4094,2021-07-23,SAR,15752,7782,7970,3398,12276,78,ITG,ITG2,20,Sardegna,Sardegna,1639591,1460153,89.06,0.96
4095,2021-04-14,SAR,8264,3907,4357,6965,1238,61,ITG,ITG2,20,Sardegna,Sardegna,1639591,1468417,89.56,0.5
4096,2021-05-01,SAR,9918,4766,5152,5368,4456,94,ITG,ITG2,20,Sardegna,Sardegna,1639591,1478335,90.16,0.6
4097,2021-01-21,SAR,127,61,66,94,33,0,ITG,ITG2,20,Sardegna,Sardegna,1639591,1478462,90.17,0.01
4098,2021-05-27,SAR,17828,9263,8565,12084,5536,208,ITG,ITG2,20,Sardegna,Sardegna,1639591,1496290,91.26,1.09
4099,2021-02-16,SAR,699,289,410,663,27,9,ITG,ITG2,20,Sardegna,Sardegna,1639591,1496989,91.3,0.04
4100,2021-03-05,SAR,5205,2602,2603,2813,2355,37,ITG,ITG2,20,Sardegna,Sardegna,1639591,1502194,91.62,0.32
4101,2021-03-19,SAR,7260,3044,4216,4990,2217,53,ITG,ITG2,20,Sardegna,Sardegna,1639591,1509454,92.06,0.44
4102,2021-03-01,SAR,2270,1157,1113,1582,659,29,ITG,ITG2,20,Sardegna,Sardegna,1639591,1511724,92.2,0.14
4103,2021-05-13,SAR,12379,5864,6515,8729,3448,202,ITG,ITG2,20,Sardegna,Sardegna,1639591,1524103,92.96,0.76
4104,2021-02-02,SAR,1500,670,830,257,1243,0,ITG,ITG2,20,Sardegna,Sardegna,1639591,1525603,93.05,0.09
4105,2021-03-24,SAR,7396,3105,4291,5905,1356,135,ITG,ITG2,20,Sardegna,Sardegna,1639591,1532999,93.5,0.45
4106,2021-02-07,SAR,1119,396,723,227,891,1,ITG,ITG2,20,Sardegna,Sardegna,1639591,1534118,93.57,0.07
4107,2021-05-03,SAR,8197,3827,4370,6491,1600,106,ITG,ITG2,20,Sardegna,Sardegna,1639591,1542315,94.07,0.5
4108,2021-05-20,SAR,16367,7884,8483,11269,4897,201,ITG,ITG2,20,Sardegna,Sardegna,1639591,1558682,95.07,1.0
4109,2021-02-09,SAR,2287,835,1452,1284,998,5,ITG,ITG2,20,Sardegna,Sardegna,1639591,1560969,95.2,0.14
4110,2021-02-26,SAR,2799,1105,1694,2444,306,49,ITG,ITG2,20,Sardegna,Sardegna,1639591,1563768,95.38,0.17
4111,2021-04-05,SAR,2035,783,1252,2003,1,31,ITG,ITG2,20,Sardegna,Sardegna,1639591,1565803,95.5,0.12
4112,2021-06-29,SAR,17896,8606,9290,3760,14087,49,ITG,ITG2,20,Sardegna,Sardegna,1639591,1583699,96.59,1.09
4113,2021-07-16,SAR,16936,8474,8462,4552,12250,134,ITG,ITG2,20,Sardegna,Sardegna,1639591,1600635,97.62,1.03
4114,2021-04-07,SAR,13548,6050,7498,7825,5655,68,ITG,ITG2,20,Sardegna,Sardegna,1639591,1614183,98.45,0.83
4115,2021-04-24,SAR,10365,4851,5514,7890,2347,128,ITG,ITG2,20,Sardegna,Sardegna,1639591,1624548,99.08,0.63
4116,2021-01-14,SAR,1105,425,680,1105,0,0,ITG,ITG2,20,Sardegna,Sardegna,1639591,1625653,99.15,0.07
4117,2021-05-15,SAR,13799,6426,7373,10201,3434,164,ITG,ITG2,20,Sardegna,Sardegna,1639591,1639452,99.99,0.84
4118,2021-07-11,SAR,6378,3118,3260,1424,4919,35,ITG,ITG2,20,Sardegna,Sardegna,1639591,1645830,100.38,0.39
4119,2021-01-26,SAR,1337,454,883,27,1310,0,ITG,ITG2,20,Sardegna,Sardegna,1639591,1647167,100.46,0.08
4120,2021-05-08,SAR,13091,5974,7117,10666,2285,140,ITG,ITG2,20,Sardegna,Sardegna,1639591,1660258,101.26,0.8
4121,2021-05-07,SAR,14480,6639,7841,9721,4525,234,ITG,ITG2,20,Sardegna,Sardegna,1639591,1674738,102.14,0.88
4122,2021-01-27,SAR,1414,498,916,78,1336,0,ITG,ITG2,20,Sardegna,Sardegna,1639591,1676152,102.23,0.09
4123,2021-07-03,SAR,15840,7561,8279,3236,12573,31,ITG,ITG2,20,Sardegna,Sardegna,1639591,1691992,103.2,0.97
4124,2021-03-25,SAR,9112,3971,5141,7687,1303,122,ITG,ITG2,20,Sardegna,Sardegna,1639591,1701104,103.75,0.56
4125,2021-05-21,SAR,22645,11205,11440,16264,6101,280,ITG,ITG2,20,Sardegna,Sardegna,1639591,1723749,105.13,1.38
4126,2021-03-18,SAR,7256,3074,4182,5575,1607,74,ITG,ITG2,20,Sardegna,Sardegna,1639591,1731005,105.58,0.44
4127,2021-05-14,SAR,14573,6867,7706,10765,3644,164,ITG,ITG2,20,Sardegna,Sardegna,1639591,1745578,106.46,0.89
4128,2021-02-03,SAR,1119,419,700,424,694,1,ITG,ITG2,20,Sardegna,Sardegna,1639591,1746697,106.53,0.07
4129,2021-07-10,SAR,14234,6886,7348,2705,11496,33,ITG,ITG2,20,Sardegna,Sardegna,1639591,1760931,107.4,0.87
4130,2021-04-01,SAR,10164,4074,6090,7008,3015,141,ITG,ITG2,20,Sardegna,Sardegna,1639591,1771095,108.02,0.62
4131,2021-07-21,SAR,19391,9497,9894,3911,15396,84,ITG,ITG2,20,Sardegna,Sardegna,1639591,1790486,109.2,1.18
4132,2021-02-10,SAR,1961,766,1195,1435,520,6,ITG,ITG2,20,Sardegna,Sardegna,1639591,1792447,109.32,0.12
4133,2021-04-12,SAR,6995,3180,3815,5215,1713,67,ITG,ITG2,20,Sardegna,Sardegna,1639591,1799442,109.75,0.43
4134,2021-01-02,SAR,60,21,39,60,0,0,ITG,ITG2,20,Sardegna,Sardegna,1639591,1799502,109.75,0.0
4135,2021-06-08,SAR,14832,7070,7762,11171,3506,155,ITG,ITG2,20,Sardegna,Sardegna,1639591,1814334,110.66,0.9
4136,2021-02-28,SAR,367,169,198,139,226,2,ITG,ITG2,20,Sardegna,Sardegna,1639591,1814701,110.68,0.02
4137,2021-08-04,SAR,16203,8520,7683,9601,6340,262,ITG,ITG2,20,Sardegna,Sardegna,1639591,1830904,111.67,0.99
4138,2021-04-26,SAR,6857,3274,3583,5865,903,89,ITG,ITG2,20,Sardegna,Sardegna,1639591,1837761,112.09,0.42
4139,2021-06-01,SAR,14323,6655,7668,9640,4589,94,ITG,ITG2,20,Sardegna,Sardegna,1639591,1852084,112.96,0.87
4140,2021-02-21,SAR,1588,709,879,1557,30,1,ITG,ITG2,20,Sardegna,Sardegna,1639591,1853672,113.06,0.1
4141,2021-07-28,SAR,16792,8619,8173,6316,10328,148,ITG,ITG2,20,Sardegna,Sardegna,1639591,1870464,114.08,1.02
4142,2021-04-19,SAR,10185,4622,5563,8624,1428,133,ITG,ITG2,20,Sardegna,Sardegna,1639591,1880649,114.7,0.62
4143,2021-01-09,SAR,4013,1414,2599,4013,0,0,ITG,ITG2,20,Sardegna,Sardegna,1639591,1884662,114.95,0.24
4144,2021-06-15,SAR,14690,6807,7883,9816,4740,134,ITG,ITG2,20,Sardegna,Sardegna,1639591,1899352,115.84,0.9
4145,2021-03-07,SAR,1658,751,907,1113,541,4,ITG,ITG2,20,Sardegna,Sardegna,1639591,1901010,115.94,0.1
4146,2021-02-25,SIC,9941,5205,4736,8688,1164,89,ITG,ITG1,19,Sicilia,Sicilia,4999891,9941,0.2,0.2
4147,2021-06-05,SIC,59944,28514,31430,48736,10589,619,ITG,ITG1,19,Sicilia,Sicilia,4999891,69885,1.4,1.2
4148,2021-03-14,SIC,8774,3927,4847,4885,3836,53,ITG,ITG1,19,Sicilia,Sicilia,4999891,78659,1.57,0.18
4149,2021-02-11,SIC,5238,2061,3177,4655,466,117,ITG,ITG1,19,Sicilia,Sicilia,4999891,83897,1.68,0.1
4150,2021-08-03,SIC,32100,15774,16326,13882,17798,420,ITG,ITG1,19,Sicilia,Sicilia,4999891,115997,2.32,0.64
4151,2021-05-31,SIC,38092,17151,20941,21274,16521,297,ITG,ITG1,19,Sicilia,Sicilia,4999891,154089,3.08,0.76
4152,2021-06-24,SIC,42277,19627,22650,17571,24348,358,ITG,ITG1,19,Sicilia,Sicilia,4999891,196366,3.93,0.85
4153,2021-06-07,SIC,49681,23412,26269,41114,8035,532,ITG,ITG1,19,Sicilia,Sicilia,4999891,246047,4.92,0.99
4154,2021-01-25,SIC,7440,3684,3756,276,7157,7,ITG,ITG1,19,Sicilia,Sicilia,4999891,253487,5.07,0.15
4155,2021-05-05,SIC,26375,12215,14160,16269,9675,431,ITG,ITG1,19,Sicilia,Sicilia,4999891,279862,5.6,0.53
4156,2021-05-19,SIC,42872,20763,22109,28185,14318,369,ITG,ITG1,19,Sicilia,Sicilia,4999891,322734,6.45,0.86
4157,2021-07-27,SIC,43246,21431,21815,19245,23541,460,ITG,ITG1,19,Sicilia,Sicilia,4999891,365980,7.32,0.86
4158,2021-03-02,SIC,14756,6369,8387,11864,2779,113,ITG,ITG1,19,Sicilia,Sicilia,4999891,380736,7.61,0.3
4159,2021-01-04,SIC,8454,4224,4230,8409,0,45,ITG,ITG1,19,Sicilia,Sicilia,4999891,389190,7.78,0.17
4160,2021-01-18,SIC,1619,674,945,1451,157,11,ITG,ITG1,19,Sicilia,Sicilia,4999891,390809,7.82,0.03
4161,2021-04-28,SIC,29281,13717,15564,19728,9160,393,ITG,ITG1,19,Sicilia,Sicilia,4999891,420090,8.4,0.59
4162,2021-04-11,SIC,15376,7592,7784,8235,7035,106,ITG,ITG1,19,Sicilia,Sicilia,4999891,435466,8.71,0.31
4163,2021-07-20,SIC,48421,23582,24839,12779,35292,350,ITG,ITG1,19,Sicilia,Sicilia,4999891,483887,9.68,0.97
4164,2020-12-30,SIC,185,109,76,184,0,1,ITG,ITG1,19,Sicilia,Sicilia,4999891,484072,9.68,0.0
4165,2021-01-16,SIC,2735,1220,1515,2714,0,21,ITG,ITG1,19,Sicilia,Sicilia,4999891,486807,9.74,0.05
4166,2021-07-01,SIC,30976,14070,16906,10737,19983,256,ITG,ITG1,19,Sicilia,Sicilia,4999891,517783,10.36,0.62
4167,2021-04-09,SIC,20232,9843,10389,10941,9037,254,ITG,ITG1,19,Sicilia,Sicilia,4999891,538015,10.76,0.4
4168,2021-03-23,SIC,20941,10079,10862,15221,5564,156,ITG,ITG1,19,Sicilia,Sicilia,4999891,558956,11.18,0.42
4169,2021-08-01,SIC,19969,10426,9543,7855,11967,147,ITG,ITG1,19,Sicilia,Sicilia,4999891,578925,11.58,0.4
4170,2021-06-19,SIC,44265,21047,23218,18751,25196,318,ITG,ITG1,19,Sicilia,Sicilia,4999891,623190,12.46,0.89
4171,2021-04-23,SIC,28566,13696,14870,22359,5836,371,ITG,ITG1,19,Sicilia,Sicilia,4999891,651756,13.04,0.57
4172,2021-06-26,SIC,37265,17778,19487,16356,20602,307,ITG,ITG1,19,Sicilia,Sicilia,4999891,689021,13.78,0.75
4173,2021-04-30,SIC,35021,16343,18678,23536,11030,455,ITG,ITG1,19,Sicilia,Sicilia,4999891,724042,14.48,0.7
4174,2021-02-13,SIC,2979,1123,1856,2687,255,37,ITG,ITG1,19,Sicilia,Sicilia,4999891,727021,14.54,0.06
4175,2021-05-24,SIC,35874,17438,18436,15591,20050,233,ITG,ITG1,19,Sicilia,Sicilia,4999891,762895,15.26,0.72
4176,2021-05-17,SIC,31920,15404,16516,18997,12636,287,ITG,ITG1,19,Sicilia,Sicilia,4999891,794815,15.9,0.64
4177,2021-03-21,SIC,15217,7340,7877,11180,3969,68,ITG,ITG1,19,Sicilia,Sicilia,4999891,810032,16.2,0.3
4178,2021-01-30,SIC,7727,3550,4177,157,7567,3,ITG,ITG1,19,Sicilia,Sicilia,4999891,817759,16.36,0.15
4179,2021-03-28,SIC,10978,5146,5832,6900,4011,67,ITG,ITG1,19,Sicilia,Sicilia,4999891,828737,16.58,0.22
4180,2021-07-15,SIC,48333,22440,25893,7984,40087,262,ITG,ITG1,19,Sicilia,Sicilia,4999891,877070,17.54,0.97
4181,2021-04-16,SIC,28856,14498,14358,20252,8294,310,ITG,ITG1,19,Sicilia,Sicilia,4999891,905926,18.12,0.58
4182,2021-01-23,SIC,4452,2293,2159,188,4254,10,ITG,ITG1,19,Sicilia,Sicilia,4999891,910378,18.21,0.09
4183,2021-01-06,SIC,6253,3292,2961,6193,0,60,ITG,ITG1,19,Sicilia,Sicilia,4999891,916631,18.33,0.13
4184,2021-04-02,SIC,13894,6554,7340,9051,4735,108,ITG,ITG1,19,Sicilia,Sicilia,4999891,930525,18.61,0.28
4185,2021-02-10,SIC,4353,1775,2578,3887,381,85,ITG,ITG1,19,Sicilia,Sicilia,4999891,934878,18.7,0.09
4186,2021-05-21,SIC,48695,23073,25622,26658,21614,423,ITG,ITG1,19,Sicilia,Sicilia,4999891,983573,19.67,0.97
4187,2021-02-18,SIC,5333,3140,2193,4838,430,65,ITG,ITG1,19,Sicilia,Sicilia,4999891,988906,19.78,0.11
4188,2021-05-12,SIC,36843,17373,19470,21406,14917,520,ITG,ITG1,19,Sicilia,Sicilia,4999891,1025749,20.52,0.74
4189,2021-07-17,SIC,49307,24287,25020,9317,39692,298,ITG,ITG1,19,Sicilia,Sicilia,4999891,1075056,21.5,0.99
4190,2021-04-08,SIC,18994,9347,9647,9279,9555,160,ITG,ITG1,19,Sicilia,Sicilia,4999891,1094050,21.88,0.38
4191,2021-02-23,SIC,8749,4637,4112,8200,468,81,ITG,ITG1,19,Sicilia,Sicilia,4999891,1102799,22.06,0.17
4192,2021-03-09,SIC,13157,5764,7393,10832,2200,125,ITG,ITG1,19,Sicilia,Sicilia,4999891,1115956,22.32,0.26
4193,2021-01-11,SIC,5905,2608,3297,5847,0,58,ITG,ITG1,19,Sicilia,Sicilia,4999891,1121861,22.44,0.12
4194,2020-12-28,SIC,220,134,86,219,0,1,ITG,ITG1,19,Sicilia,Sicilia,4999891,1122081,22.44,0.0
4195,2021-03-16,SIC,9624,4323,5301,3556,5999,69,ITG,ITG1,19,Sicilia,Sicilia,4999891,1131705,22.63,0.19
4196,2021-07-08,SIC,38354,17472,20882,6530,31604,220,ITG,ITG1,19,Sicilia,Sicilia,4999891,1170059,23.4,0.77
4197,2021-02-27,SIC,12236,5502,6734,10935,1204,97,ITG,ITG1,19,Sicilia,Sicilia,4999891,1182295,23.65,0.24
4198,2021-03-04,SIC,15231,6691,8540,10986,4119,126,ITG,ITG1,19,Sicilia,Sicilia,4999891,1197526,23.95,0.3
4199,2021-06-12,SIC,45783,22395,23388,39368,5890,525,ITG,ITG1,19,Sicilia,Sicilia,4999891,1243309,24.87,0.92
4200,2021-05-07,SIC,36567,17263,19304,24606,11615,346,ITG,ITG1,19,Sicilia,Sicilia,4999891,1279876,25.6,0.73
4201,2021-03-11,SIC,15438,6702,8736,12875,2418,145,ITG,ITG1,19,Sicilia,Sicilia,4999891,1295314,25.91,0.31
4202,2021-01-27,SIC,7295,3714,3581,174,7120,1,ITG,ITG1,19,Sicilia,Sicilia,4999891,1302609,26.05,0.15
4203,2021-01-13,SIC,5182,2442,2740,5148,0,34,ITG,ITG1,19,Sicilia,Sicilia,4999891,1307791,26.16,0.1
4204,2021-02-06,SIC,4735,2118,2617,1448,3266,21,ITG,ITG1,19,Sicilia,Sicilia,4999891,1312526,26.25,0.09
4205,2021-02-04,SIC,6756,3079,3677,1423,5304,29,ITG,ITG1,19,Sicilia,Sicilia,4999891,1319282,26.39,0.14
4206,2021-01-01,SIC,822,440,382,818,0,4,ITG,ITG1,19,Sicilia,Sicilia,4999891,1320104,26.4,0.02
4207,2021-04-20,SIC,18991,9003,9988,13452,5248,291,ITG,ITG1,19,Sicilia,Sicilia,4999891,1339095,26.78,0.38
4208,2021-04-04,SIC,6809,3323,3486,5453,1293,63,ITG,ITG1,19,Sicilia,Sicilia,4999891,1345904,26.92,0.14
4209,2021-07-13,SIC,46064,21150,24914,6895,38954,215,ITG,ITG1,19,Sicilia,Sicilia,4999891,1391968,27.84,0.92
4210,2021-06-04,SIC,57854,26762,31092,45405,11947,502,ITG,ITG1,19,Sicilia,Sicilia,4999891,1449822,29.0,1.16
4211,2021-04-01,SIC,14301,6617,7684,9498,4667,136,ITG,ITG1,19,Sicilia,Sicilia,4999891,1464123,29.28,0.29
4212,2021-07-10,SIC,46898,22347,24551,6059,40636,203,ITG,ITG1,19,Sicilia,Sicilia,4999891,1511021,30.22,0.94
4213,2021-02-20,SIC,7139,3692,3447,6801,241,97,ITG,ITG1,19,Sicilia,Sicilia,4999891,1518160,30.36,0.14
4214,2021-02-03,SIC,5938,2790,3148,711,5219,8,ITG,ITG1,19,Sicilia,Sicilia,4999891,1524098,30.48,0.12
4215,2021-04-27,SIC,26424,12672,13752,15168,10927,329,ITG,ITG1,19,Sicilia,Sicilia,4999891,1550522,31.01,0.53
4216,2021-08-05,SIC,23639,11739,11900,11342,12013,284,ITG,ITG1,19,Sicilia,Sicilia,4999891,1574161,31.48,0.47
4217,2021-05-14,SIC,52182,24468,27714,35758,15668,756,ITG,ITG1,19,Sicilia,Sicilia,4999891,1626343,32.53,1.04
4218,2021-06-16,SIC,40400,18787,21613,21237,18807,356,ITG,ITG1,19,Sicilia,Sicilia,4999891,1666743,33.34,0.81
4219,2021-03-25,SIC,20470,9532,10938,14755,5543,172,ITG,ITG1,19,Sicilia,Sicilia,4999891,1687213,33.74,0.41
4220,2021-07-03,SIC,33904,16290,17614,9038,24627,239,ITG,ITG1,19,Sicilia,Sicilia,4999891,1721117,34.42,0.68
4221,2021-03-06,SIC,12640,5058,7582,9759,2782,99,ITG,ITG1,19,Sicilia,Sicilia,4999891,1733757,34.68,0.25
4222,2021-06-14,SIC,43470,20648,22822,28156,14890,424,ITG,ITG1,19,Sicilia,Sicilia,4999891,1777227,35.55,0.87
4223,2021-05-28,SIC,51248,22977,28271,24307,26525,416,ITG,ITG1,19,Sicilia,Sicilia,4999891,1828475,36.57,1.02
4224,2021-05-16,SIC,33699,16440,17259,21891,11516,292,ITG,ITG1,19,Sicilia,Sicilia,4999891,1862174,37.24,0.67
4225,2021-05-02,SIC,24606,11428,13178,17705,6601,300,ITG,ITG1,19,Sicilia,Sicilia,4999891,1886780,37.74,0.49
4226,2021-03-20,SIC,18593,8981,9612,13364,5139,90,ITG,ITG1,19,Sicilia,Sicilia,4999891,1905373,38.11,0.37
4227,2021-06-28,SIC,31914,14861,17053,14892,16730,292,ITG,ITG1,19,Sicilia,Sicilia,4999891,1937287,38.75,0.64
4228,2021-07-29,SIC,33939,16760,17179,13480,20133,326,ITG,ITG1,19,Sicilia,Sicilia,4999891,1971226,39.43,0.68
4229,2021-07-24,SIC,40723,21201,19522,16797,23624,302,ITG,ITG1,19,Sicilia,Sicilia,4999891,2011949,40.24,0.81
4230,2021-07-12,SIC,48997,22612,26385,6450,42350,197,ITG,ITG1,19,Sicilia,Sicilia,4999891,2060946,41.22,0.98
4231,2021-02-08,SIC,3887,1680,2207,2080,1758,49,ITG,ITG1,19,Sicilia,Sicilia,4999891,2064833,41.3,0.08
4232,2021-01-22,SIC,1289,641,648,261,1026,2,ITG,ITG1,19,Sicilia,Sicilia,4999891,2066122,41.32,0.03
4233,2021-01-08,SIC,8136,3788,4348,8046,0,90,ITG,ITG1,19,Sicilia,Sicilia,4999891,2074258,41.49,0.16
4234,2021-04-18,SIC,19827,9916,9911,15286,4360,181,ITG,ITG1,19,Sicilia,Sicilia,4999891,2094085,41.88,0.4
4235,2021-03-30,SIC,14564,6762,7802,9701,4766,97,ITG,ITG1,19,Sicilia,Sicilia,4999891,2108649,42.17,0.29
4236,2021-03-13,SIC,12216,5390,6826,7629,4494,93,ITG,ITG1,19,Sicilia,Sicilia,4999891,2120865,42.42,0.24
4237,2021-04-17,SIC,26001,13152,12849,18669,7064,268,ITG,ITG1,19,Sicilia,Sicilia,4999891,2146866,42.94,0.52
4238,2021-07-26,SIC,44479,22158,22321,16687,27426,366,ITG,ITG1,19,Sicilia,Sicilia,4999891,2191345,43.83,0.89
4239,2021-03-17,SIC,15056,7442,7614,9084,5847,125,ITG,ITG1,19,Sicilia,Sicilia,4999891,2206401,44.13,0.3
4240,2021-06-25,SIC,39774,18665,21109,17367,22070,337,ITG,ITG1,19,Sicilia,Sicilia,4999891,2246175,44.92,0.8
4241,2021-07-09,SIC,44802,20670,24132,6407,38220,175,ITG,ITG1,19,Sicilia,Sicilia,4999891,2290977,45.82,0.9
4242,2021-04-06,SIC,17757,8487,9270,13260,4290,207,ITG,ITG1,19,Sicilia,Sicilia,4999891,2308734,46.18,0.36
4243,2021-02-22,SIC,7946,4132,3814,7373,493,80,ITG,ITG1,19,Sicilia,Sicilia,4999891,2316680,46.33,0.16
4244,2020-12-27,SIC,92,55,37,91,0,1,ITG,ITG1,19,Sicilia,Sicilia,4999891,2316772,46.34,0.0
4245,2021-06-02,SIC,35280,16298,18982,27107,7779,394,ITG,ITG1,19,Sicilia,Sicilia,4999891,2352052,47.04,0.71
4246,2021-03-01,SIC,12762,6071,6691,10980,1657,125,ITG,ITG1,19,Sicilia,Sicilia,4999891,2364814,47.3,0.26
4247,2021-06-23,SIC,44464,20693,23771,17898,26234,332,ITG,ITG1,19,Sicilia,Sicilia,4999891,2409278,48.19,0.89
4248,2021-01-24,SIC,4327,2263,2064,128,4197,2,ITG,ITG1,19,Sicilia,Sicilia,4999891,2413605,48.27,0.09
4249,2021-05-04,SIC,26848,12471,14377,17156,9292,400,ITG,ITG1,19,Sicilia,Sicilia,4999891,2440453,48.81,0.54
4250,2021-03-15,SIC,10674,4727,5947,5646,4949,79,ITG,ITG1,19,Sicilia,Sicilia,4999891,2451127,49.02,0.21
4251,2021-01-15,SIC,5320,2332,2988,5253,0,67,ITG,ITG1,19,Sicilia,Sicilia,4999891,2456447,49.13,0.11
4252,2021-04-25,SIC,21398,10206,11192,16150,5016,232,ITG,ITG1,19,Sicilia,Sicilia,4999891,2477845,49.56,0.43
4253,2021-02-01,SIC,5947,2641,3306,302,5632,13,ITG,ITG1,19,Sicilia,Sicilia,4999891,2483792,49.68,0.12
4254,2021-03-22,SIC,16678,7914,8764,11163,5423,92,ITG,ITG1,19,Sicilia,Sicilia,4999891,2500470,50.01,0.33
4255,2021-06-30,SIC,32571,15018,17553,11416,20835,320,ITG,ITG1,19,Sicilia,Sicilia,4999891,2533041,50.66,0.65
4256,2020-12-29,SIC,244,152,92,244,0,0,ITG,ITG1,19,Sicilia,Sicilia,4999891,2533285,50.67,0.0
4257,2021-06-13,SIC,34540,17161,17379,30603,3505,432,ITG,ITG1,19,Sicilia,Sicilia,4999891,2567825,51.36,0.69
4258,2021-04-10,SIC,20438,9973,10465,11313,8965,160,ITG,ITG1,19,Sicilia,Sicilia,4999891,2588263,51.77,0.41
4259,2021-01-17,SIC,1310,596,714,1238,63,9,ITG,ITG1,19,Sicilia,Sicilia,4999891,2589573,51.79,0.03
4260,2021-07-02,SIC,30558,14230,16328,9933,20341,284,ITG,ITG1,19,Sicilia,Sicilia,4999891,2620131,52.4,0.61
4261,2021-07-19,SIC,48879,23526,25353,11650,36873,356,ITG,ITG1,19,Sicilia,Sicilia,4999891,2669010,53.38,0.98
4262,2021-07-05,SIC,37507,17603,19904,8917,28356,234,ITG,ITG1,19,Sicilia,Sicilia,4999891,2706517,54.13,0.75
4263,2021-06-21,SIC,40250,18636,21614,18427,21494,329,ITG,ITG1,19,Sicilia,Sicilia,4999891,2746767,54.94,0.81
4264,2021-05-09,SIC,28416,13311,15105,19775,8289,352,ITG,ITG1,19,Sicilia,Sicilia,4999891,2775183,55.5,0.57
4265,2021-02-05,SIC,6783,3001,3782,2089,4656,38,ITG,ITG1,19,Sicilia,Sicilia,4999891,2781966,55.64,0.14
4266,2021-04-03,SIC,16418,7818,8600,13425,2835,158,ITG,ITG1,19,Sicilia,Sicilia,4999891,2798384,55.97,0.33
4267,2021-03-27,SIC,15656,7378,8278,10684,4852,120,ITG,ITG1,19,Sicilia,Sicilia,4999891,2814040,56.28,0.31
4268,2021-01-29,SIC,9185,4258,4927,411,8762,12,ITG,ITG1,19,Sicilia,Sicilia,4999891,2823225,56.47,0.18
4269,2021-02-12,SIC,4607,1830,2777,4242,286,79,ITG,ITG1,19,Sicilia,Sicilia,4999891,2827832,56.56,0.09
4270,2021-05-23,SIC,34091,16597,17494,19846,14016,229,ITG,ITG1,19,Sicilia,Sicilia,4999891,2861923,57.24,0.68
4271,2021-06-10,SIC,53040,24898,28142,45151,7240,649,ITG,ITG1,19,Sicilia,Sicilia,4999891,2914963,58.3,1.06
4272,2021-05-27,SIC,47584,21913,25671,24457,22714,413,ITG,ITG1,19,Sicilia,Sicilia,4999891,2962547,59.25,0.95
4273,2021-04-14,SIC,20579,9939,10640,11627,8765,187,ITG,ITG1,19,Sicilia,Sicilia,4999891,2983126,59.66,0.41
4274,2021-07-23,SIC,41379,20762,20617,14342,26715,322,ITG,ITG1,19,Sicilia,Sicilia,4999891,3024505,60.49,0.83
4275,2021-04-21,SIC,22386,10745,11641,15995,6121,270,ITG,ITG1,19,Sicilia,Sicilia,4999891,3046891,60.94,0.45
4276,2021-04-07,SIC,18467,9075,9392,9742,8542,183,ITG,ITG1,19,Sicilia,Sicilia,4999891,3065358,61.31,0.37
4277,2021-07-16,SIC,49251,23296,25955,8710,40258,283,ITG,ITG1,19,Sicilia,Sicilia,4999891,3114609,62.29,0.99
4278,2021-07-30,SIC,32438,16062,16376,12060,20093,285,ITG,ITG1,19,Sicilia,Sicilia,4999891,3147047,62.94,0.65
4279,2021-06-03,SIC,45989,21092,24897,33762,11713,514,ITG,ITG1,19,Sicilia,Sicilia,4999891,3193036,63.86,0.92
4280,2021-02-19,SIC,4979,2695,2284,4331,564,84,ITG,ITG1,19,Sicilia,Sicilia,4999891,3198015,63.96,0.1
4281,2021-03-08,SIC,13498,5954,7544,10767,2613,118,ITG,ITG1,19,Sicilia,Sicilia,4999891,3211513,64.23,0.27
4282,2021-05-30,SIC,35769,16173,19596,17423,18050,296,ITG,ITG1,19,Sicilia,Sicilia,4999891,3247282,64.95,0.72
4283,2021-05-13,SIC,47457,22253,25204,30297,16539,621,ITG,ITG1,19,Sicilia,Sicilia,4999891,3294739,65.9,0.95
4284,2021-01-31,SIC,4054,1940,2114,107,3945,2,ITG,ITG1,19,Sicilia,Sicilia,4999891,3298793,65.98,0.08
4285,2021-05-11,SIC,32680,15502,17178,19694,12490,496,ITG,ITG1,19,Sicilia,Sicilia,4999891,3331473,66.63,0.65
4286,2021-02-17,SIC,5217,3203,2014,4500,670,47,ITG,ITG1,19,Sicilia,Sicilia,4999891,3336690,66.74,0.1
4287,2021-04-24,SIC,31161,14707,16454,23138,7633,390,ITG,ITG1,19,Sicilia,Sicilia,4999891,3367851,67.36,0.62
4288,2021-08-02,SIC,32968,16386,16582,12849,19774,345,ITG,ITG1,19,Sicilia,Sicilia,4999891,3400819,68.02,0.66
4289,2021-06-09,SIC,49779,23679,26100,41914,7257,608,ITG,ITG1,19,Sicilia,Sicilia,4999891,3450598,69.01,1.0
4290,2021-01-19,SIC,1514,671,843,1264,236,14,ITG,ITG1,19,Sicilia,Sicilia,4999891,3452112,69.04,0.03
4291,2021-06-11,SIC,49964,23842,26122,41604,7704,656,ITG,ITG1,19,Sicilia,Sicilia,4999891,3502076,70.04,1.0
4292,2021-04-29,SIC,31800,14833,16967,21801,9559,440,ITG,ITG1,19,Sicilia,Sicilia,4999891,3533876,70.68,0.64
4293,2021-03-03,SIC,14565,6546,8019,11371,3068,126,ITG,ITG1,19,Sicilia,Sicilia,4999891,3548441,70.97,0.29
4294,2021-02-24,SIC,9377,4804,4573,8707,565,105,ITG,ITG1,19,Sicilia,Sicilia,4999891,3557818,71.16,0.19
4295,2021-01-21,SIC,1449,712,737,490,948,11,ITG,ITG1,19,Sicilia,Sicilia,4999891,3559267,71.19,0.03
4296,2021-05-01,SIC,24442,11312,13130,19000,5165,277,ITG,ITG1,19,Sicilia,Sicilia,4999891,3583709,71.68,0.49
4297,2021-07-06,SIC,37083,17149,19934,10281,26501,301,ITG,ITG1,19,Sicilia,Sicilia,4999891,3620792,72.42,0.74
4298,2021-05-10,SIC,28734,13795,14939,16226,12213,295,ITG,ITG1,19,Sicilia,Sicilia,4999891,3649526,72.99,0.57
4299,2021-03-26,SIC,17992,8356,9636,12352,5500,140,ITG,ITG1,19,Sicilia,Sicilia,4999891,3667518,73.35,0.36
4300,2021-02-15,SIC,3772,1768,2004,3135,564,73,ITG,ITG1,19,Sicilia,Sicilia,4999891,3671290,73.43,0.08
4301,2021-07-22,SIC,40596,19937,20659,11213,29090,293,ITG,ITG1,19,Sicilia,Sicilia,4999891,3711886,74.24,0.81
4302,2021-05-26,SIC,44688,21015,23673,23894,20451,343,ITG,ITG1,19,Sicilia,Sicilia,4999891,3756574,75.13,0.89
4303,2021-01-03,SIC,4797,2505,2292,4767,0,30,ITG,ITG1,19,Sicilia,Sicilia,4999891,3761371,75.23,0.1
4304,2021-04-13,SIC,20246,9869,10377,11241,8838,167,ITG,ITG1,19,Sicilia,Sicilia,4999891,3781617,75.63,0.4
4305,2021-07-31,SIC,28756,14947,13809,10456,18035,265,ITG,ITG1,19,Sicilia,Sicilia,4999891,3810373,76.21,0.58
4306,2021-01-10,SIC,3556,1593,1963,3535,0,21,ITG,ITG1,19,Sicilia,Sicilia,4999891,3813929,76.28,0.07
4307,2021-01-05,SIC,10384,5101,5283,10308,0,76,ITG,ITG1,19,Sicilia,Sicilia,4999891,3824313,76.49,0.21
4308,2021-04-15,SIC,21566,10488,11078,12009,9346,211,ITG,ITG1,19,Sicilia,Sicilia,4999891,3845879,76.92,0.43
4309,2021-06-20,SIC,33416,15814,17602,15116,18041,259,ITG,ITG1,19,Sicilia,Sicilia,4999891,3879295,77.59,0.67
4310,2021-06-06,SIC,49523,23917,25606,41143,7824,556,ITG,ITG1,19,Sicilia,Sicilia,4999891,3928818,78.58,0.99
4311,2021-02-26,SIC,11976,5873,6103,10181,1681,114,ITG,ITG1,19,Sicilia,Sicilia,4999891,3940794,78.82,0.24
4312,2021-05-06,SIC,29473,14010,15463,18167,10832,474,ITG,ITG1,19,Sicilia,Sicilia,4999891,3970267,79.41,0.59
4313,2021-04-26,SIC,21674,10262,11412,13285,8081,308,ITG,ITG1,19,Sicilia,Sicilia,4999891,3991941,79.84,0.43
4314,2021-02-02,SIC,5319,2494,2825,617,4692,10,ITG,ITG1,19,Sicilia,Sicilia,4999891,3997260,79.95,0.11
4315,2021-08-04,SIC,24395,12056,12339,11003,13074,318,ITG,ITG1,19,Sicilia,Sicilia,4999891,4021655,80.43,0.49
4316,2021-07-18,SIC,39272,19784,19488,8105,30937,230,ITG,ITG1,19,Sicilia,Sicilia,4999891,4060927,81.22,0.79
4317,2021-01-14,SIC,5256,2488,2768,5194,0,62,ITG,ITG1,19,Sicilia,Sicilia,4999891,4066183,81.33,0.11
4318,2021-07-28,SIC,37649,18859,18790,14682,22646,321,ITG,ITG1,19,Sicilia,Sicilia,4999891,4103832,82.08,0.75
4319,2021-06-22,SIC,39978,18372,21606,18297,21307,374,ITG,ITG1,19,Sicilia,Sicilia,4999891,4143810,82.88,0.8
4320,2021-03-05,SIC,15761,6838,8923,11379,4236,146,ITG,ITG1,19,Sicilia,Sicilia,4999891,4159571,83.19,0.32
4321,2021-02-16,SIC,4201,2207,1994,3664,466,71,ITG,ITG1,19,Sicilia,Sicilia,4999891,4163772,83.28,0.08
4322,2021-06-17,SIC,41822,19473,22349,20316,21140,366,ITG,ITG1,19,Sicilia,Sicilia,4999891,4205594,84.11,0.84
4323,2021-03-31,SIC,14521,6707,7814,9446,4932,143,ITG,ITG1,19,Sicilia,Sicilia,4999891,4220115,84.4,0.29
4324,2021-01-07,SIC,8958,4142,4816,8878,0,80,ITG,ITG1,19,Sicilia,Sicilia,4999891,4229073,84.58,0.18
4325,2021-04-22,SIC,26738,12630,14108,19875,6458,405,ITG,ITG1,19,Sicilia,Sicilia,4999891,4255811,85.12,0.53
4326,2021-03-10,SIC,13932,6125,7807,11615,2183,134,ITG,ITG1,19,Sicilia,Sicilia,4999891,4269743,85.4,0.28
4327,2021-01-12,SIC,4360,2133,2227,4316,0,44,ITG,ITG1,19,Sicilia,Sicilia,4999891,4274103,85.48,0.09
4328,2021-06-18,SIC,43579,20141,23438,18845,24365,369,ITG,ITG1,19,Sicilia,Sicilia,4999891,4317682,86.36,0.87
4329,2021-06-27,SIC,25312,12204,13108,12104,12977,231,ITG,ITG1,19,Sicilia,Sicilia,4999891,4342994,86.86,0.51
4330,2021-05-15,SIC,56489,26392,30097,40351,15240,898,ITG,ITG1,19,Sicilia,Sicilia,4999891,4399483,87.99,1.13
4331,2021-03-19,SIC,16311,8053,8258,10649,5574,88,ITG,ITG1,19,Sicilia,Sicilia,4999891,4415794,88.32,0.33
4332,2021-01-28,SIC,9032,4274,4758,377,8654,1,ITG,ITG1,19,Sicilia,Sicilia,4999891,4424826,88.5,0.18
4333,2021-07-04,SIC,26493,12793,13700,7608,18716,169,ITG,ITG1,19,Sicilia,Sicilia,4999891,4451319,89.03,0.53
4334,2021-05-08,SIC,35645,17032,18613,24969,10304,372,ITG,ITG1,19,Sicilia,Sicilia,4999891,4486964,89.74,0.71
4335,2021-01-26,SIC,9572,4739,4833,235,9336,1,ITG,ITG1,19,Sicilia,Sicilia,4999891,4496536,89.93,0.19
4336,2020-12-31,SIC,892,475,417,884,0,8,ITG,ITG1,19,Sicilia,Sicilia,4999891,4497428,89.95,0.02
4337,2021-03-07,SIC,9259,3454,5805,8116,1083,60,ITG,ITG1,19,Sicilia,Sicilia,4999891,4506687,90.14,0.19
4338,2021-06-15,SIC,46180,21759,24421,28228,17522,430,ITG,ITG1,19,Sicilia,Sicilia,4999891,4552867,91.06,0.92
4339,2021-03-24,SIC,20968,9869,11099,15041,5736,191,ITG,ITG1,19,Sicilia,Sicilia,4999891,4573835,91.48,0.42
4340,2021-05-29,SIC,47168,21460,25708,23527,23194,447,ITG,ITG1,19,Sicilia,Sicilia,4999891,4621003,92.42,0.94
4341,2021-05-22,SIC,48011,22806,25205,28304,19310,397,ITG,ITG1,19,Sicilia,Sicilia,4999891,4669014,93.38,0.96
4342,2021-02-28,SIC,7166,3062,4104,6485,630,51,ITG,ITG1,19,Sicilia,Sicilia,4999891,4676180,93.53,0.14
4343,2021-06-08,SIC,47695,22402,25293,40453,6708,534,ITG,ITG1,19,Sicilia,Sicilia,4999891,4723875,94.48,0.95
4344,2021-01-09,SIC,7232,3410,3822,7172,0,60,ITG,ITG1,19,Sicilia,Sicilia,4999891,4731107,94.62,0.14
4345,2021-05-03,SIC,23317,10799,12518,13274,9788,255,ITG,ITG1,19,Sicilia,Sicilia,4999891,4754424,95.09,0.47
4346,2021-07-11,SIC,36030,16868,19162,3663,32272,95,ITG,ITG1,19,Sicilia,Sicilia,4999891,4790454,95.81,0.72
4347,2021-07-25,SIC,31798,16759,15039,11846,19695,257,ITG,ITG1,19,Sicilia,Sicilia,4999891,4822252,96.45,0.64
4348,2021-04-19,SIC,18282,8662,9620,12474,5581,227,ITG,ITG1,19,Sicilia,Sicilia,4999891,4840534,96.81,0.37
4349,2021-02-09,SIC,4347,1799,2548,3247,1035,65,ITG,ITG1,19,Sicilia,Sicilia,4999891,4844881,96.9,0.09
4350,2021-05-20,SIC,44069,21115,22954,27739,15916,414,ITG,ITG1,19,Sicilia,Sicilia,4999891,4888950,97.78,0.88
4351,2021-03-12,SIC,12868,5561,7307,10648,2067,153,ITG,ITG1,19,Sicilia,Sicilia,4999891,4901818,98.04,0.26
4352,2021-06-29,SIC,31366,14685,16681,15652,15312,402,ITG,ITG1,19,Sicilia,Sicilia,4999891,4933184,98.67,0.63
4353,2021-01-20,SIC,964,512,452,690,271,3,ITG,ITG1,19,Sicilia,Sicilia,4999891,4934148,98.69,0.02
4354,2021-03-18,SIC,15415,7758,7657,9746,5617,52,ITG,ITG1,19,Sicilia,Sicilia,4999891,4949563,98.99,0.31
4355,2021-02-07,SIC,2322,982,1340,664,1649,9,ITG,ITG1,19,Sicilia,Sicilia,4999891,4951885,99.04,0.05
4356,2021-07-14,SIC,47478,21993,25485,7923,39301,254,ITG,ITG1,19,Sicilia,Sicilia,4999891,4999363,99.99,0.95
4357,2021-05-18,SIC,36111,17384,18727,23241,12474,396,ITG,ITG1,19,Sicilia,Sicilia,4999891,5035474,100.71,0.72
4358,2021-07-21,SIC,42916,20946,21970,10628,31979,309,ITG,ITG1,19,Sicilia,Sicilia,4999891,5078390,101.57,0.86
4359,2021-07-07,SIC,35437,16210,19227,6059,29140,238,ITG,ITG1,19,Sicilia,Sicilia,4999891,5113827,102.28,0.71
4360,2021-05-25,SIC,33545,15424,18121,13938,19348,259,ITG,ITG1,19,Sicilia,Sicilia,4999891,5147372,102.95,0.67
4361,2021-03-29,SIC,15035,7077,7958,10398,4497,140,ITG,ITG1,19,Sicilia,Sicilia,4999891,5162407,103.25,0.3
4362,2021-06-01,SIC,38987,17721,21266,24595,14042,350,ITG,ITG1,19,Sicilia,Sicilia,4999891,5201394,104.03,0.78
4363,2021-04-05,SIC,8016,3956,4060,6510,1440,66,ITG,ITG1,19,Sicilia,Sicilia,4999891,5209410,104.19,0.16
4364,2021-04-12,SIC,19012,9217,9795,11494,7276,242,ITG,ITG1,19,Sicilia,Sicilia,4999891,5228422,104.57,0.38
4365,2021-02-14,SIC,1055,402,653,907,140,8,ITG,ITG1,19,Sicilia,Sicilia,4999891,5229477,104.59,0.02
4366,2021-01-02,SIC,4867,2538,2329,4836,0,31,ITG,ITG1,19,Sicilia,Sicilia,4999891,5234344,104.69,0.1
4367,2021-02-21,SIC,5168,2501,2667,5047,106,15,ITG,ITG1,19,Sicilia,Sicilia,4999891,5239512,104.79,0.1
4368,2021-08-01,LOM,53133,28428,24705,27335,24260,1538,ITC,ITC4,3,Lombardia,Lombardia,10060574,53133,0.53,0.53
4369,2021-04-23,LOM,73601,33352,40249,55586,16627,1388,ITC,ITC4,3,Lombardia,Lombardia,10060574,126734,1.26,0.73
4370,2021-05-10,LOM,85300,40900,44400,62041,21588,1671,ITC,ITC4,3,Lombardia,Lombardia,10060574,212034,2.11,0.85
4371,2021-01-30,LOM,12335,4575,7760,146,12180,9,ITC,ITC4,3,Lombardia,Lombardia,10060574,224369,2.23,0.12
4372,2021-06-05,LOM,102431,52954,49477,91103,9817,1511,ITC,ITC4,3,Lombardia,Lombardia,10060574,326800,3.25,1.02
4373,2021-03-14,LOM,14876,5349,9527,11218,3285,373,ITC,ITC4,3,Lombardia,Lombardia,10060574,341676,3.4,0.15
4374,2021-02-23,LOM,11830,4804,7026,11292,332,206,ITC,ITC4,3,Lombardia,Lombardia,10060574,353506,3.51,0.12
4375,2021-02-16,LOM,9522,3079,6443,8974,448,100,ITC,ITC4,3,Lombardia,Lombardia,10060574,363028,3.61,0.09
4376,2021-06-10,LOM,102686,52254,50432,86420,14469,1797,ITC,ITC4,3,Lombardia,Lombardia,10060574,465714,4.63,1.02
4377,2021-03-02,LOM,22837,9708,13129,19531,3044,262,ITC,ITC4,3,Lombardia,Lombardia,10060574,488551,4.86,0.23
4378,2020-12-28,LOM,108,47,61,108,0,0,ITC,ITC4,3,Lombardia,Lombardia,10060574,488659,4.86,0.0
4379,2021-04-21,LOM,71850,32569,39281,55834,14680,1336,ITC,ITC4,3,Lombardia,Lombardia,10060574,560509,5.57,0.71
4380,2021-04-28,LOM,95772,43680,52092,66932,26925,1915,ITC,ITC4,3,Lombardia,Lombardia,10060574,656281,6.52,0.95
4381,2021-06-24,LOM,109754,56741,53013,78423,28953,2378,ITC,ITC4,3,Lombardia,Lombardia,10060574,766035,7.61,1.09
4382,2021-03-16,LOM,25525,10125,15400,16304,9099,122,ITC,ITC4,3,Lombardia,Lombardia,10060574,791560,7.87,0.25
4383,2021-05-12,LOM,87539,41765,45774,57435,27581,2523,ITC,ITC4,3,Lombardia,Lombardia,10060574,879099,8.74,0.87
4384,2021-03-28,LOM,20626,7876,12750,13963,6278,385,ITC,ITC4,3,Lombardia,Lombardia,10060574,899725,8.94,0.21
4385,2021-04-14,LOM,47219,21042,26177,33553,12979,687,ITC,ITC4,3,Lombardia,Lombardia,10060574,946944,9.41,0.47
4386,2021-01-04,LOM,6126,2117,4009,6119,0,7,ITC,ITC4,3,Lombardia,Lombardia,10060574,953070,9.47,0.06
4387,2021-06-19,LOM,104310,51988,52322,56239,46649,1422,ITC,ITC4,3,Lombardia,Lombardia,10060574,1057380,10.51,1.04
4388,2021-07-06,LOM,101920,50734,51186,23081,77421,1418,ITC,ITC4,3,Lombardia,Lombardia,10060574,1159300,11.52,1.01
4389,2021-01-16,LOM,15622,5779,9843,15611,0,11,ITC,ITC4,3,Lombardia,Lombardia,10060574,1174922,11.68,0.16
4390,2021-05-24,LOM,89586,43510,46076,48596,40053,937,ITC,ITC4,3,Lombardia,Lombardia,10060574,1264508,12.57,0.89
4391,2021-02-11,LOM,17099,5016,12083,9634,7387,78,ITC,ITC4,3,Lombardia,Lombardia,10060574,1281607,12.74,0.17
4392,2021-05-31,LOM,95728,47426,48302,78383,16242,1103,ITC,ITC4,3,Lombardia,Lombardia,10060574,1377335,13.69,0.95
4393,2021-07-27,LOM,104871,56816,48055,7438,96727,706,ITC,ITC4,3,Lombardia,Lombardia,10060574,1482206,14.73,1.04
4394,2021-07-20,LOM,95013,49092,45921,6900,87357,756,ITC,ITC4,3,Lombardia,Lombardia,10060574,1577219,15.68,0.94
4395,2021-02-04,LOM,27934,8139,19795,2044,25885,5,ITC,ITC4,3,Lombardia,Lombardia,10060574,1605153,15.95,0.28
4396,2021-07-18,LOM,97101,50590,46511,8544,87864,693,ITC,ITC4,3,Lombardia,Lombardia,10060574,1702254,16.92,0.97
4397,2021-04-09,LOM,52418,22380,30038,35573,16007,838,ITC,ITC4,3,Lombardia,Lombardia,10060574,1754672,17.44,0.52
4398,2021-07-13,LOM,108459,56700,51759,15443,91777,1239,ITC,ITC4,3,Lombardia,Lombardia,10060574,1863131,18.52,1.08
4399,2021-04-04,LOM,7612,3230,4382,3682,3896,34,ITC,ITC4,3,Lombardia,Lombardia,10060574,1870743,18.59,0.08
4400,2021-06-12,LOM,89314,48061,41253,84316,3159,1839,ITC,ITC4,3,Lombardia,Lombardia,10060574,1960057,19.48,0.89
4401,2021-06-29,LOM,107176,53158,54018,57413,47756,2007,ITC,ITC4,3,Lombardia,Lombardia,10060574,2067233,20.55,1.07
4402,2021-03-21,LOM,23521,8499,15022,17732,5197,592,ITC,ITC4,3,Lombardia,Lombardia,10060574,2090754,20.78,0.23
4403,2021-02-13,LOM,6423,2443,3980,4885,1478,60,ITC,ITC4,3,Lombardia,Lombardia,10060574,2097177,20.85,0.06
4404,2021-05-17,LOM,94685,45370,49315,29549,64433,703,ITC,ITC4,3,Lombardia,Lombardia,10060574,2191862,21.79,0.94
4405,2021-06-17,LOM,108555,52713,55842,50883,56494,1178,ITC,ITC4,3,Lombardia,Lombardia,10060574,2300417,22.87,1.08
4406,2021-03-09,LOM,33250,12872,20378,25249,7415,586,ITC,ITC4,3,Lombardia,Lombardia,10060574,2333667,23.2,0.33
4407,2021-05-05,LOM,88094,41994,46100,70476,15350,2268,ITC,ITC4,3,Lombardia,Lombardia,10060574,2421761,24.07,0.88
4408,2021-07-01,LOM,104948,52821,52127,53339,49218,2391,ITC,ITC4,3,Lombardia,Lombardia,10060574,2526709,25.11,1.04
4409,2021-07-08,LOM,114423,58318,56105,13209,100186,1028,ITC,ITC4,3,Lombardia,Lombardia,10060574,2641132,26.25,1.14
4410,2021-07-25,LOM,86631,45731,40900,9423,76427,781,ITC,ITC4,3,Lombardia,Lombardia,10060574,2727763,27.11,0.86
4411,2021-04-16,LOM,53706,23934,29772,38442,14377,887,ITC,ITC4,3,Lombardia,Lombardia,10060574,2781469,27.65,0.53
4412,2021-05-03,LOM,83725,39771,43954,69461,12138,2126,ITC,ITC4,3,Lombardia,Lombardia,10060574,2865194,28.48,0.83
4413,2021-01-23,LOM,1127,361,766,925,199,3,ITC,ITC4,3,Lombardia,Lombardia,10060574,2866321,28.49,0.01
4414,2021-01-11,LOM,16304,5390,10914,16294,0,10,ITC,ITC4,3,Lombardia,Lombardia,10060574,2882625,28.65,0.16
4415,2021-01-28,LOM,12246,3713,8533,795,11444,7,ITC,ITC4,3,Lombardia,Lombardia,10060574,2894871,28.77,0.12
4416,2021-08-03,LOM,85863,46550,39313,13452,71681,730,ITC,ITC4,3,Lombardia,Lombardia,10060574,2980734,29.63,0.85
4417,2021-04-25,LOM,51588,23656,27932,45540,4827,1221,ITC,ITC4,3,Lombardia,Lombardia,10060574,3032322,30.14,0.51
4418,2021-01-09,LOM,12495,4608,7887,12487,0,8,ITC,ITC4,3,Lombardia,Lombardia,10060574,3044817,30.26,0.12
4419,2021-03-07,LOM,12093,5364,6729,9339,2562,192,ITC,ITC4,3,Lombardia,Lombardia,10060574,3056910,30.39,0.12
4420,2021-01-27,LOM,8052,2678,5374,807,7243,2,ITC,ITC4,3,Lombardia,Lombardia,10060574,3064962,30.47,0.08
4421,2021-07-03,LOM,102352,51632,50720,44537,55707,2108,ITC,ITC4,3,Lombardia,Lombardia,10060574,3167314,31.48,1.02
4422,2021-03-25,LOM,43009,16084,26925,29248,12856,905,ITC,ITC4,3,Lombardia,Lombardia,10060574,3210323,31.91,0.43
4423,2021-05-21,LOM,93872,45249,48623,28389,64722,761,ITC,ITC4,3,Lombardia,Lombardia,10060574,3304195,32.84,0.93
4424,2021-03-26,LOM,41348,15715,25633,27507,13166,675,ITC,ITC4,3,Lombardia,Lombardia,10060574,3345543,33.25,0.41
4425,2021-05-22,LOM,70626,33844,36782,31725,38186,715,ITC,ITC4,3,Lombardia,Lombardia,10060574,3416169,33.96,0.7
4426,2021-05-29,LOM,88335,42419,45916,41396,46096,843,ITC,ITC4,3,Lombardia,Lombardia,10060574,3504504,34.83,0.88
4427,2021-02-18,LOM,14057,4928,9129,12822,1038,197,ITC,ITC4,3,Lombardia,Lombardia,10060574,3518561,34.97,0.14
4428,2021-04-02,LOM,41400,16944,24456,26208,14638,554,ITC,ITC4,3,Lombardia,Lombardia,10060574,3559961,35.39,0.41
4429,2021-07-17,LOM,108496,57289,51207,10219,97352,925,ITC,ITC4,3,Lombardia,Lombardia,10060574,3668457,36.46,1.08
4430,2021-01-13,LOM,26460,8090,18370,26435,0,25,ITC,ITC4,3,Lombardia,Lombardia,10060574,3694917,36.73,0.26
4431,2021-05-19,LOM,83291,39779,43512,33118,49364,809,ITC,ITC4,3,Lombardia,Lombardia,10060574,3778208,37.55,0.83
4432,2021-02-08,LOM,10108,2926,7182,2124,7975,9,ITC,ITC4,3,Lombardia,Lombardia,10060574,3788316,37.66,0.1
4433,2021-02-25,LOM,15345,6368,8977,13531,1614,200,ITC,ITC4,3,Lombardia,Lombardia,10060574,3803661,37.81,0.15
4434,2021-02-06,LOM,15279,5545,9734,1010,14264,5,ITC,ITC4,3,Lombardia,Lombardia,10060574,3818940,37.96,0.15
4435,2021-07-24,LOM,95870,50655,45215,9739,85272,859,ITC,ITC4,3,Lombardia,Lombardia,10060574,3914810,38.91,0.95
4436,2021-05-02,LOM,83514,38337,45177,59260,22471,1783,ITC,ITC4,3,Lombardia,Lombardia,10060574,3998324,39.74,0.83
4437,2021-06-21,LOM,113314,58051,55263,78392,32752,2170,ITC,ITC4,3,Lombardia,Lombardia,10060574,4111638,40.87,1.13
4438,2021-06-02,LOM,84660,43588,41072,76987,6355,1318,ITC,ITC4,3,Lombardia,Lombardia,10060574,4196298,41.71,0.84
4439,2021-03-11,LOM,36250,13494,22756,25634,9933,683,ITC,ITC4,3,Lombardia,Lombardia,10060574,4232548,42.07,0.36
4440,2021-01-18,LOM,9246,2982,6264,8256,975,15,ITC,ITC4,3,Lombardia,Lombardia,10060574,4241794,42.16,0.09
4441,2021-03-23,LOM,42607,15482,27125,28868,12883,856,ITC,ITC4,3,Lombardia,Lombardia,10060574,4284401,42.59,0.42
4442,2021-07-29,LOM,74388,40414,33974,33760,38674,1954,ITC,ITC4,3,Lombardia,Lombardia,10060574,4358789,43.33,0.74
4443,2021-02-20,LOM,9357,3870,5487,8847,315,195,ITC,ITC4,3,Lombardia,Lombardia,10060574,4368146,43.42,0.09
4444,2021-04-18,LOM,36410,16232,20178,30526,5241,643,ITC,ITC4,3,Lombardia,Lombardia,10060574,4404556,43.78,0.36
4445,2021-01-08,LOM,12737,3931,8806,12726,0,11,ITC,ITC4,3,Lombardia,Lombardia,10060574,4417293,43.91,0.13
4446,2021-06-28,LOM,107957,55004,52953,74286,31065,2606,ITC,ITC4,3,Lombardia,Lombardia,10060574,4525250,44.98,1.07
4447,2021-07-15,LOM,109278,56206,53072,13369,94711,1198,ITC,ITC4,3,Lombardia,Lombardia,10060574,4634528,46.07,1.09
4448,2021-04-06,LOM,43089,17592,25497,24449,17949,691,ITC,ITC4,3,Lombardia,Lombardia,10060574,4677617,46.49,0.43
4449,2021-06-14,LOM,94785,48155,46630,49130,44538,1117,ITC,ITC4,3,Lombardia,Lombardia,10060574,4772402,47.44,0.94
4450,2021-05-26,LOM,93735,44662,49073,42742,50104,889,ITC,ITC4,3,Lombardia,Lombardia,10060574,4866137,48.37,0.93
4451,2021-02-15,LOM,9020,3157,5863,8371,470,179,ITC,ITC4,3,Lombardia,Lombardia,10060574,4875157,48.46,0.09
4452,2021-03-20,LOM,32603,12169,20434,22249,9853,501,ITC,ITC4,3,Lombardia,Lombardia,10060574,4907760,48.78,0.32
4453,2020-12-27,LOM,718,414,304,718,0,0,ITC,ITC4,3,Lombardia,Lombardia,10060574,4908478,48.79,0.01
4454,2021-04-11,LOM,32222,13944,18278,24316,7395,511,ITC,ITC4,3,Lombardia,Lombardia,10060574,4940700,49.11,0.32
4455,2021-01-01,LOM,24,7,17,24,0,0,ITC,ITC4,3,Lombardia,Lombardia,10060574,4940724,49.11,0.0
4456,2021-06-07,LOM,99006,50441,48565,84038,13348,1620,ITC,ITC4,3,Lombardia,Lombardia,10060574,5039730,50.09,0.98
4457,2021-02-27,LOM,13951,5875,8076,13153,642,156,ITC,ITC4,3,Lombardia,Lombardia,10060574,5053681,50.23,0.14
4458,2020-12-30,LOM,115,42,73,115,0,0,ITC,ITC4,3,Lombardia,Lombardia,10060574,5053796,50.23,0.0
4459,2021-06-16,LOM,99284,50441,48843,49862,48272,1150,ITC,ITC4,3,Lombardia,Lombardia,10060574,5153080,51.22,0.99
4460,2021-03-06,LOM,21358,9106,12252,16541,4519,298,ITC,ITC4,3,Lombardia,Lombardia,10060574,5174438,51.43,0.21
4461,2021-03-04,LOM,29357,12127,17230,20060,9077,220,ITC,ITC4,3,Lombardia,Lombardia,10060574,5203795,51.72,0.29
4462,2021-06-30,LOM,106815,52922,53893,56596,48103,2116,ITC,ITC4,3,Lombardia,Lombardia,10060574,5310610,52.79,1.06
4463,2021-03-22,LOM,40344,14306,26038,28948,10562,834,ITC,ITC4,3,Lombardia,Lombardia,10060574,5350954,53.19,0.4
4464,2021-04-08,LOM,52444,21787,30657,35291,16480,673,ITC,ITC4,3,Lombardia,Lombardia,10060574,5403398,53.71,0.52
4465,2020-12-29,LOM,106,45,61,106,0,0,ITC,ITC4,3,Lombardia,Lombardia,10060574,5403504,53.71,0.0
4466,2021-07-14,LOM,109235,56761,52474,14336,93486,1413,ITC,ITC4,3,Lombardia,Lombardia,10060574,5512739,54.8,1.09
4467,2021-07-31,LOM,71105,38775,32330,36364,32718,2023,ITC,ITC4,3,Lombardia,Lombardia,10060574,5583844,55.5,0.71
4468,2021-04-22,LOM,74016,33423,40593,56221,16413,1382,ITC,ITC4,3,Lombardia,Lombardia,10060574,5657860,56.24,0.74
4469,2021-03-03,LOM,27002,11523,15479,19483,7302,217,ITC,ITC4,3,Lombardia,Lombardia,10060574,5684862,56.51,0.27
4470,2021-05-11,LOM,86928,41453,45475,58272,26241,2415,ITC,ITC4,3,Lombardia,Lombardia,10060574,5771790,57.37,0.86
4471,2021-05-28,LOM,93633,44859,48774,42033,50688,912,ITC,ITC4,3,Lombardia,Lombardia,10060574,5865423,58.3,0.93
4472,2021-02-17,LOM,12008,3764,8244,10424,1391,193,ITC,ITC4,3,Lombardia,Lombardia,10060574,5877431,58.42,0.12
4473,2021-06-11,LOM,101510,51708,49802,84950,14667,1893,ITC,ITC4,3,Lombardia,Lombardia,10060574,5978941,59.43,1.01
4474,2021-07-22,LOM,99363,52030,47333,12493,85415,1455,ITC,ITC4,3,Lombardia,Lombardia,10060574,6078304,60.42,0.99
4475,2021-04-13,LOM,47676,21281,26395,32934,14097,645,ITC,ITC4,3,Lombardia,Lombardia,10060574,6125980,60.89,0.47
4476,2021-04-30,LOM,117489,54880,62609,87257,27653,2579,ITC,ITC4,3,Lombardia,Lombardia,10060574,6243469,62.06,1.17
4477,2021-01-20,LOM,5693,1387,4306,5573,115,5,ITC,ITC4,3,Lombardia,Lombardia,10060574,6249162,62.12,0.06
4478,2021-01-22,LOM,3196,883,2313,3122,69,5,ITC,ITC4,3,Lombardia,Lombardia,10060574,6252358,62.15,0.03
4479,2021-07-07,LOM,111829,56061,55768,17990,92675,1164,ITC,ITC4,3,Lombardia,Lombardia,10060574,6364187,63.26,1.11
4480,2021-04-15,LOM,49468,21868,27600,34889,13830,749,ITC,ITC4,3,Lombardia,Lombardia,10060574,6413655,63.75,0.49
4481,2021-01-05,LOM,7867,2578,5289,7861,0,6,ITC,ITC4,3,Lombardia,Lombardia,10060574,6421522,63.83,0.08
4482,2021-03-27,LOM,32475,12391,20084,23115,8728,632,ITC,ITC4,3,Lombardia,Lombardia,10060574,6453997,64.15,0.32
4483,2021-01-25,LOM,7090,2394,4696,513,6574,3,ITC,ITC4,3,Lombardia,Lombardia,10060574,6461087,64.22,0.07
4484,2021-02-01,LOM,16093,5329,10764,306,15785,2,ITC,ITC4,3,Lombardia,Lombardia,10060574,6477180,64.38,0.16
4485,2021-07-05,LOM,101759,49708,52051,31461,68404,1894,ITC,ITC4,3,Lombardia,Lombardia,10060574,6578939,65.39,1.01
4486,2021-07-12,LOM,111674,57413,54261,14793,95738,1143,ITC,ITC4,3,Lombardia,Lombardia,10060574,6690613,66.5,1.11
4487,2021-04-03,LOM,36278,14875,21403,25785,10113,380,ITC,ITC4,3,Lombardia,Lombardia,10060574,6726891,66.86,0.36
4488,2021-05-30,LOM,74370,35587,38783,33793,39959,618,ITC,ITC4,3,Lombardia,Lombardia,10060574,6801261,67.6,0.74
4489,2021-07-26,LOM,109537,58872,50665,7681,101097,759,ITC,ITC4,3,Lombardia,Lombardia,10060574,6910798,68.69,1.09
4490,2021-05-23,LOM,60768,28929,31839,26294,33960,514,ITC,ITC4,3,Lombardia,Lombardia,10060574,6971566,69.3,0.6
4491,2021-02-12,LOM,14011,4380,9631,8874,4977,160,ITC,ITC4,3,Lombardia,Lombardia,10060574,6985577,69.44,0.14
4492,2021-07-19,LOM,96899,50307,46592,10801,85015,1083,ITC,ITC4,3,Lombardia,Lombardia,10060574,7082476,70.4,0.96
4493,2021-04-10,LOM,52762,21854,30908,40051,11960,751,ITC,ITC4,3,Lombardia,Lombardia,10060574,7135238,70.92,0.52
4494,2021-06-06,LOM,90129,46347,43782,79529,9222,1378,ITC,ITC4,3,Lombardia,Lombardia,10060574,7225367,71.82,0.9
4495,2021-01-07,LOM,11794,3649,8145,11753,0,41,ITC,ITC4,3,Lombardia,Lombardia,10060574,7237161,71.94,0.12
4496,2021-02-19,LOM,14224,5402,8822,13325,724,175,ITC,ITC4,3,Lombardia,Lombardia,10060574,7251385,72.08,0.14
4497,2021-04-17,LOM,48538,21315,27223,36965,10856,717,ITC,ITC4,3,Lombardia,Lombardia,10060574,7299923,72.56,0.48
4498,2021-02-26,LOM,18439,7568,10871,16329,1905,205,ITC,ITC4,3,Lombardia,Lombardia,10060574,7318362,72.74,0.18
4499,2021-07-30,LOM,73188,39731,33457,35013,36055,2120,ITC,ITC4,3,Lombardia,Lombardia,10060574,7391550,73.47,0.73
4500,2020-12-31,LOM,714,302,412,714,0,0,ITC,ITC4,3,Lombardia,Lombardia,10060574,7392264,73.48,0.01
4501,2021-03-30,LOM,39676,15607,24069,24254,14812,610,ITC,ITC4,3,Lombardia,Lombardia,10060574,7431940,73.87,0.39
4502,2021-01-06,LOM,7162,2529,4633,7155,0,7,ITC,ITC4,3,Lombardia,Lombardia,10060574,7439102,73.94,0.07
4503,2021-05-18,LOM,88242,42173,46069,31888,55585,769,ITC,ITC4,3,Lombardia,Lombardia,10060574,7527344,74.82,0.88
4504,2021-06-04,LOM,104646,54320,50326,93201,9659,1786,ITC,ITC4,3,Lombardia,Lombardia,10060574,7631990,75.86,1.04
4505,2021-02-24,LOM,14723,5959,8764,13575,955,193,ITC,ITC4,3,Lombardia,Lombardia,10060574,7646713,76.01,0.15
4506,2021-05-16,LOM,68709,32511,36198,35587,32210,912,ITC,ITC4,3,Lombardia,Lombardia,10060574,7715422,76.69,0.68
4507,2021-02-05,LOM,25752,7476,18276,2426,23313,13,ITC,ITC4,3,Lombardia,Lombardia,10060574,7741174,76.95,0.26
4508,2021-02-22,LOM,11922,4814,7108,11417,307,198,ITC,ITC4,3,Lombardia,Lombardia,10060574,7753096,77.06,0.12
4509,2021-03-13,LOM,27210,9790,17420,20551,6108,551,ITC,ITC4,3,Lombardia,Lombardia,10060574,7780306,77.33,0.27
4510,2021-06-09,LOM,103691,52238,51453,87437,14534,1720,ITC,ITC4,3,Lombardia,Lombardia,10060574,7883997,78.37,1.03
4511,2021-03-08,LOM,29788,11202,18586,22167,7103,518,ITC,ITC4,3,Lombardia,Lombardia,10060574,7913785,78.66,0.3
4512,2021-05-04,LOM,86863,41088,45775,70305,14412,2146,ITC,ITC4,3,Lombardia,Lombardia,10060574,8000648,79.52,0.86
4513,2021-01-24,LOM,1201,458,743,538,663,0,ITC,ITC4,3,Lombardia,Lombardia,10060574,8001849,79.54,0.01
4514,2021-06-18,LOM,107637,52867,54770,51945,54453,1239,ITC,ITC4,3,Lombardia,Lombardia,10060574,8109486,80.61,1.07
4515,2021-03-01,LOM,18799,8235,10564,16885,1708,206,ITC,ITC4,3,Lombardia,Lombardia,10060574,8128285,80.79,0.19
4516,2021-05-15,LOM,80956,38803,42153,45490,33418,2048,ITC,ITC4,3,Lombardia,Lombardia,10060574,8209241,81.6,0.8
4517,2021-07-11,LOM,90178,45615,44563,11766,77354,1058,ITC,ITC4,3,Lombardia,Lombardia,10060574,8299419,82.49,0.9
4518,2021-05-13,LOM,87211,41789,45422,55735,28882,2594,ITC,ITC4,3,Lombardia,Lombardia,10060574,8386630,83.36,0.87
4519,2021-02-02,LOM,19943,6618,13325,497,19443,3,ITC,ITC4,3,Lombardia,Lombardia,10060574,8406573,83.56,0.2
4520,2021-03-31,LOM,42234,17131,25103,26199,15353,682,ITC,ITC4,3,Lombardia,Lombardia,10060574,8448807,83.98,0.42
4521,2021-08-05,LOM,89593,48878,40715,15579,73209,805,ITC,ITC4,3,Lombardia,Lombardia,10060574,8538400,84.87,0.89
4522,2021-01-15,LOM,25277,7449,17828,25225,0,52,ITC,ITC4,3,Lombardia,Lombardia,10060574,8563677,85.12,0.25
4523,2021-04-29,LOM,115617,53618,61999,83141,29897,2579,ITC,ITC4,3,Lombardia,Lombardia,10060574,8679294,86.27,1.15
4524,2021-06-25,LOM,108246,56214,52032,78361,27579,2306,ITC,ITC4,3,Lombardia,Lombardia,10060574,8787540,87.35,1.08
4525,2021-04-20,LOM,67693,30838,36855,55904,10354,1435,ITC,ITC4,3,Lombardia,Lombardia,10060574,8855233,88.02,0.67
4526,2021-01-10,LOM,10547,3978,6569,10538,0,9,ITC,ITC4,3,Lombardia,Lombardia,10060574,8865780,88.12,0.1
4527,2021-01-17,LOM,8353,3347,5006,8146,201,6,ITC,ITC4,3,Lombardia,Lombardia,10060574,8874133,88.21,0.08
4528,2021-06-23,LOM,110962,57410,53552,76757,32074,2131,ITC,ITC4,3,Lombardia,Lombardia,10060574,8985095,89.31,1.1
4529,2021-03-15,LOM,31590,11344,20246,22430,8545,615,ITC,ITC4,3,Lombardia,Lombardia,10060574,9016685,89.62,0.31
4530,2021-08-02,LOM,81710,44268,37442,17677,63160,873,ITC,ITC4,3,Lombardia,Lombardia,10060574,9098395,90.44,0.81
4531,2021-05-09,LOM,69719,32890,36829,54468,13274,1977,ITC,ITC4,3,Lombardia,Lombardia,10060574,9168114,91.13,0.69
4532,2021-01-29,LOM,13523,4137,9386,686,12834,3,ITC,ITC4,3,Lombardia,Lombardia,10060574,9181637,91.26,0.13
4533,2021-06-13,LOM,75998,40562,35436,72286,2126,1586,ITC,ITC4,3,Lombardia,Lombardia,10060574,9257635,92.02,0.76
4534,2021-03-05,LOM,28975,11956,17019,20245,8428,302,ITC,ITC4,3,Lombardia,Lombardia,10060574,9286610,92.31,0.29
4535,2021-07-23,LOM,95497,50059,45438,11411,82825,1261,ITC,ITC4,3,Lombardia,Lombardia,10060574,9382107,93.26,0.95
4536,2021-05-01,LOM,96008,43687,52321,65055,29238,1715,ITC,ITC4,3,Lombardia,Lombardia,10060574,9478115,94.21,0.95
4537,2021-01-21,LOM,5501,1605,3896,4793,691,17,ITC,ITC4,3,Lombardia,Lombardia,10060574,9483616,94.27,0.05
4538,2021-02-07,LOM,7314,2825,4489,335,6976,3,ITC,ITC4,3,Lombardia,Lombardia,10060574,9490930,94.34,0.07
4539,2021-01-19,LOM,8059,2331,5728,7576,469,14,ITC,ITC4,3,Lombardia,Lombardia,10060574,9498989,94.42,0.08
4540,2021-05-20,LOM,95568,46225,49343,31690,63040,838,ITC,ITC4,3,Lombardia,Lombardia,10060574,9594557,95.37,0.95
4541,2021-04-05,LOM,27390,11697,15693,19029,8107,254,ITC,ITC4,3,Lombardia,Lombardia,10060574,9621947,95.64,0.27
4542,2021-01-03,LOM,855,316,539,854,0,1,ITC,ITC4,3,Lombardia,Lombardia,10060574,9622802,95.65,0.01
4543,2021-06-22,LOM,111187,58073,53114,79172,29893,2122,ITC,ITC4,3,Lombardia,Lombardia,10060574,9733989,96.75,1.11
4544,2021-07-09,LOM,115550,58899,56651,11731,102934,885,ITC,ITC4,3,Lombardia,Lombardia,10060574,9849539,97.9,1.15
4545,2021-06-03,LOM,97170,49729,47441,84613,10895,1662,ITC,ITC4,3,Lombardia,Lombardia,10060574,9946709,98.87,0.97
4546,2021-06-27,LOM,90910,46796,44114,69782,18832,2296,ITC,ITC4,3,Lombardia,Lombardia,10060574,10037619,99.77,0.9
4547,2021-03-19,LOM,32471,12936,19535,18913,13236,322,ITC,ITC4,3,Lombardia,Lombardia,10060574,10070090,100.09,0.32
4548,2021-05-27,LOM,94900,45459,49441,40620,53487,793,ITC,ITC4,3,Lombardia,Lombardia,10060574,10164990,101.04,0.94
4549,2021-04-27,LOM,86082,40000,46082,67674,16597,1811,ITC,ITC4,3,Lombardia,Lombardia,10060574,10251072,101.89,0.86
4550,2021-03-17,LOM,26283,10505,15778,15105,11018,160,ITC,ITC4,3,Lombardia,Lombardia,10060574,10277355,102.15,0.26
4551,2021-03-10,LOM,33330,12744,20586,24858,7881,591,ITC,ITC4,3,Lombardia,Lombardia,10060574,10310685,102.49,0.33
4552,2021-05-06,LOM,89912,42217,47695,70992,16551,2369,ITC,ITC4,3,Lombardia,Lombardia,10060574,10400597,103.38,0.89
4553,2021-01-26,LOM,8366,2710,5656,348,8017,1,ITC,ITC4,3,Lombardia,Lombardia,10060574,10408963,103.46,0.08
4554,2021-06-20,LOM,88972,44343,44629,52838,34894,1240,ITC,ITC4,3,Lombardia,Lombardia,10060574,10497935,104.35,0.88
4555,2021-03-12,LOM,35295,12974,22321,24457,10222,616,ITC,ITC4,3,Lombardia,Lombardia,10060574,10533230,104.7,0.35
4556,2021-03-29,LOM,40059,15547,24512,24534,14846,679,ITC,ITC4,3,Lombardia,Lombardia,10060574,10573289,105.1,0.4
4557,2021-01-31,LOM,9788,3793,5995,29,9759,0,ITC,ITC4,3,Lombardia,Lombardia,10060574,10583077,105.19,0.1
4558,2021-05-25,LOM,91185,43631,47554,43857,46504,824,ITC,ITC4,3,Lombardia,Lombardia,10060574,10674262,106.1,0.91
4559,2021-02-14,LOM,3584,1547,2037,2934,636,14,ITC,ITC4,3,Lombardia,Lombardia,10060574,10677846,106.14,0.04
4560,2021-01-12,LOM,20313,6731,13582,20283,0,30,ITC,ITC4,3,Lombardia,Lombardia,10060574,10698159,106.34,0.2
4561,2021-04-24,LOM,75828,33605,42223,53440,21148,1240,ITC,ITC4,3,Lombardia,Lombardia,10060574,10773987,107.09,0.75
4562,2021-01-14,LOM,26949,7812,19137,26895,0,54,ITC,ITC4,3,Lombardia,Lombardia,10060574,10800936,107.36,0.27
4563,2021-05-08,LOM,87774,40770,47004,63477,22072,2225,ITC,ITC4,3,Lombardia,Lombardia,10060574,10888710,108.23,0.87
4564,2021-07-16,LOM,108883,56698,52185,11121,96592,1170,ITC,ITC4,3,Lombardia,Lombardia,10060574,10997593,109.31,1.08
4565,2021-04-07,LOM,50611,20932,29679,34080,15823,708,ITC,ITC4,3,Lombardia,Lombardia,10060574,11048204,109.82,0.5
4566,2021-07-04,LOM,86659,43342,43317,40195,44509,1955,ITC,ITC4,3,Lombardia,Lombardia,10060574,11134863,110.68,0.86
4567,2021-07-02,LOM,103849,52054,51795,48869,52777,2203,ITC,ITC4,3,Lombardia,Lombardia,10060574,11238712,111.71,1.03
4568,2021-03-24,LOM,43283,15627,27656,30472,11921,890,ITC,ITC4,3,Lombardia,Lombardia,10060574,11281995,112.14,0.43
4569,2021-02-09,LOM,12227,3336,8891,4025,8188,14,ITC,ITC4,3,Lombardia,Lombardia,10060574,11294222,112.26,0.12
4570,2021-05-07,LOM,92379,43727,48652,68391,22419,1569,ITC,ITC4,3,Lombardia,Lombardia,10060574,11386601,113.18,0.92
4571,2021-03-18,LOM,27418,10966,16452,15935,11256,227,ITC,ITC4,3,Lombardia,Lombardia,10060574,11414019,113.45,0.27
4572,2021-05-14,LOM,86019,41427,44592,53293,30344,2382,ITC,ITC4,3,Lombardia,Lombardia,10060574,11500038,114.31,0.86
4573,2021-07-10,LOM,107121,54223,52898,13914,92028,1179,ITC,ITC4,3,Lombardia,Lombardia,10060574,11607159,115.37,1.06
4574,2021-06-26,LOM,105912,55444,50468,77822,25686,2404,ITC,ITC4,3,Lombardia,Lombardia,10060574,11713071,116.43,1.05
4575,2021-02-10,LOM,14431,4518,9913,7564,6838,29,ITC,ITC4,3,Lombardia,Lombardia,10060574,11727502,116.57,0.14
4576,2021-02-03,LOM,25686,7935,17751,1077,24604,5,ITC,ITC4,3,Lombardia,Lombardia,10060574,11753188,116.82,0.26
4577,2021-04-01,LOM,43150,17303,25847,26079,16358,713,ITC,ITC4,3,Lombardia,Lombardia,10060574,11796338,117.25,0.43
4578,2021-06-01,LOM,94039,46134,47905,75822,17109,1108,ITC,ITC4,3,Lombardia,Lombardia,10060574,11890377,118.19,0.93
4579,2021-01-02,LOM,202,74,128,202,0,0,ITC,ITC4,3,Lombardia,Lombardia,10060574,11890579,118.19,0.0
4580,2021-06-08,LOM,102922,52310,50612,87171,14076,1675,ITC,ITC4,3,Lombardia,Lombardia,10060574,11993501,119.21,1.02
4581,2021-02-28,LOM,7886,3256,4630,7604,210,72,ITC,ITC4,3,Lombardia,Lombardia,10060574,12001387,119.29,0.08
4582,2021-08-04,LOM,90040,48759,41281,14395,74985,660,ITC,ITC4,3,Lombardia,Lombardia,10060574,12091427,120.19,0.89
4583,2021-04-26,LOM,88017,40949,47068,67081,19168,1768,ITC,ITC4,3,Lombardia,Lombardia,10060574,12179444,121.06,0.87
4584,2021-07-21,LOM,93919,48429,45490,8583,84455,881,ITC,ITC4,3,Lombardia,Lombardia,10060574,12273363,121.99,0.93
4585,2021-04-12,LOM,47273,20594,26679,32270,14367,636,ITC,ITC4,3,Lombardia,Lombardia,10060574,12320636,122.46,0.47
4586,2021-02-21,LOM,5053,1864,3189,4942,17,94,ITC,ITC4,3,Lombardia,Lombardia,10060574,12325689,122.51,0.05
4587,2021-07-28,LOM,77405,41707,35698,19093,56559,1753,ITC,ITC4,3,Lombardia,Lombardia,10060574,12403094,123.28,0.77
4588,2021-04-19,LOM,60383,27473,32910,49701,9410,1272,ITC,ITC4,3,Lombardia,Lombardia,10060574,12463477,123.88,0.6
4589,2021-06-15,LOM,95994,48854,47140,49019,45916,1059,ITC,ITC4,3,Lombardia,Lombardia,10060574,12559471,124.84,0.95
