,data,area,Vaccinazioni giornaliere,sesso_maschile,sesso_femminile,Operatori sanitari - sociosanitari,Personale non sanitario,Ospiti RSA,categoria_over80,categoria_forze_armate,categoria_personale_scolastico,prima_dose,seconda_dose,codice_NUTS1,codice_NUTS2,codice_regione_ISTAT,nome_area,Regione,popolazione,Totale vaccinazioni,Totale vaccinazioni ogni cento ab,Vaccinazioni giornaliere ogni cento ab
0,2021-02-01,PIE,8641,3053,5588,6164,1403,1074,0,0,0,578,8063,ITC,ITC1,1,Piemonte,Piemonte,4356406,8641,0.2,0.2
1,2021-02-19,PIE,5526,2171,3355,1987,1765,666,30,0,1078,5024,502,ITC,ITC1,1,Piemonte,Piemonte,4356406,14167,0.33,0.13
2,2021-02-05,PIE,9449,3077,6372,5764,2041,1644,0,0,0,657,8792,ITC,ITC1,1,Piemonte,Piemonte,4356406,23616,0.54,0.22
3,2021-03-05,PIE,15246,5949,9297,2538,2018,654,7660,0,2376,11422,3824,ITC,ITC1,1,Piemonte,Piemonte,4356406,38862,0.89,0.35
4,2021-03-18,PIE,11419,4683,6736,1447,969,342,8643,0,18,3737,7682,ITC,ITC1,1,Piemonte,Piemonte,4356406,50281,1.15,0.26
5,2021-01-21,PIE,6876,2314,4562,4705,855,1316,0,0,0,3381,3495,ITC,ITC1,1,Piemonte,Piemonte,4356406,57157,1.31,0.16
6,2021-02-23,PIE,9226,3708,5518,2294,1391,389,4100,0,1052,8645,581,ITC,ITC1,1,Piemonte,Piemonte,4356406,66383,1.52,0.21
7,2021-02-26,PIE,12236,4910,7326,811,1449,487,6593,0,2896,11499,737,ITC,ITC1,1,Piemonte,Piemonte,4356406,78619,1.8,0.28
8,2021-01-15,PIE,8961,2951,6010,5493,1924,1544,0,0,0,8961,0,ITC,ITC1,1,Piemonte,Piemonte,4356406,87580,2.01,0.21
9,2021-01-13,PIE,10078,3222,6856,6484,2265,1329,0,0,0,10078,0,ITC,ITC1,1,Piemonte,Piemonte,4356406,97658,2.24,0.23
10,2020-12-28,PIE,1,1,0,1,0,0,0,0,0,1,0,ITC,ITC1,1,Piemonte,Piemonte,4356406,97659,2.24,0.0
11,2021-01-19,PIE,6421,2099,4322,3574,1299,1548,0,0,0,6412,9,ITC,ITC1,1,Piemonte,Piemonte,4356406,104080,2.39,0.15
12,2021-02-09,PIE,7350,2309,5041,4153,1366,1831,0,0,0,722,6628,ITC,ITC1,1,Piemonte,Piemonte,4356406,111430,2.56,0.17
13,2021-01-27,PIE,4196,1453,2743,2983,656,557,0,0,0,999,3197,ITC,ITC1,1,Piemonte,Piemonte,4356406,115626,2.65,0.1
14,2021-01-06,PIE,3114,1110,2004,2368,433,313,0,0,0,3114,0,ITC,ITC1,1,Piemonte,Piemonte,4356406,118740,2.73,0.07
15,2021-02-22,PIE,8460,3462,4998,1695,1439,518,3888,0,920,7871,589,ITC,ITC1,1,Piemonte,Piemonte,4356406,127200,2.92,0.19
16,2021-02-27,PIE,12658,4840,7818,881,981,232,7529,0,3035,12310,348,ITC,ITC1,1,Piemonte,Piemonte,4356406,139858,3.21,0.29
17,2021-03-20,PIE,11320,4707,6613,791,1151,59,7388,0,1931,5649,5671,ITC,ITC1,1,Piemonte,Piemonte,4356406,151178,3.47,0.26
18,2021-03-09,PIE,13534,5266,8268,1679,1571,354,7615,0,2315,11187,2347,ITC,ITC1,1,Piemonte,Piemonte,4356406,164712,3.78,0.31
19,2021-01-29,PIE,5939,1886,4053,4198,1069,672,0,0,0,455,5484,ITC,ITC1,1,Piemonte,Piemonte,4356406,170651,3.92,0.14
20,2021-02-17,PIE,4730,2124,2606,2187,2044,497,1,0,1,3741,989,ITC,ITC1,1,Piemonte,Piemonte,4356406,175381,4.03,0.11
21,2021-02-20,PIE,3828,1251,2577,1100,1063,219,30,0,1416,3654,174,ITC,ITC1,1,Piemonte,Piemonte,4356406,179209,4.11,0.09
22,2021-01-20,PIE,6538,2067,4471,3571,1153,1814,0,0,0,5813,725,ITC,ITC1,1,Piemonte,Piemonte,4356406,185747,4.26,0.15
23,2021-03-11,PIE,13519,4967,8552,2308,1444,369,7307,0,2091,10437,3082,ITC,ITC1,1,Piemonte,Piemonte,4356406,199266,4.57,0.31
24,2021-02-13,PIE,4150,1334,2816,2309,722,1113,1,0,5,2928,1222,ITC,ITC1,1,Piemonte,Piemonte,4356406,203416,4.67,0.1
25,2021-01-16,PIE,7754,2630,5124,4794,1590,1370,0,0,0,7754,0,ITC,ITC1,1,Piemonte,Piemonte,4356406,211170,4.85,0.18
26,2021-01-18,PIE,6162,2047,4115,3233,1404,1525,0,0,0,5914,248,ITC,ITC1,1,Piemonte,Piemonte,4356406,217332,4.99,0.14
27,2021-02-03,PIE,10185,3301,6884,6641,2309,1235,0,0,0,611,9574,ITC,ITC1,1,Piemonte,Piemonte,4356406,227517,5.22,0.23
28,2021-02-12,PIE,6881,2212,4669,3524,1647,1708,0,0,2,3924,2957,ITC,ITC1,1,Piemonte,Piemonte,4356406,234398,5.38,0.16
29,2021-01-04,PIE,5562,1678,3884,4590,737,235,0,0,0,5562,0,ITC,ITC1,1,Piemonte,Piemonte,4356406,239960,5.51,0.13
30,2021-02-15,PIE,4426,1594,2832,2319,1144,961,1,0,1,3221,1205,ITC,ITC1,1,Piemonte,Piemonte,4356406,244386,5.61,0.1
31,2021-02-28,PIE,10803,4054,6749,642,511,53,6812,0,2785,10562,241,ITC,ITC1,1,Piemonte,Piemonte,4356406,255189,5.86,0.25
32,2021-02-08,PIE,6914,2355,4559,3782,1558,1574,0,0,0,666,6248,ITC,ITC1,1,Piemonte,Piemonte,4356406,262103,6.02,0.16
33,2021-03-08,PIE,13716,5219,8497,2024,1415,366,7394,0,2517,11078,2638,ITC,ITC1,1,Piemonte,Piemonte,4356406,275819,6.33,0.31
34,2021-03-01,PIE,11697,4679,7018,1141,1277,281,6595,0,2403,10885,812,ITC,ITC1,1,Piemonte,Piemonte,4356406,287516,6.6,0.27
35,2021-03-22,PIE,4249,1778,2471,346,381,4,3112,0,406,1233,3016,ITC,ITC1,1,Piemonte,Piemonte,4356406,291765,6.7,0.1
36,2021-03-04,PIE,14421,5715,8706,2168,1961,582,7521,0,2189,11510,2911,ITC,ITC1,1,Piemonte,Piemonte,4356406,306186,7.03,0.33
37,2021-02-16,PIE,3961,1752,2209,1819,1593,548,0,0,1,3203,758,ITC,ITC1,1,Piemonte,Piemonte,4356406,310147,7.12,0.09
38,2021-02-14,PIE,1475,498,977,796,380,285,0,0,14,875,600,ITC,ITC1,1,Piemonte,Piemonte,4356406,311622,7.15,0.03
39,2021-01-09,PIE,6183,2185,3998,4488,1127,568,0,0,0,6183,0,ITC,ITC1,1,Piemonte,Piemonte,4356406,317805,7.3,0.14
40,2021-02-24,PIE,11382,4617,6765,1843,1314,407,5660,0,2158,10871,511,ITC,ITC1,1,Piemonte,Piemonte,4356406,329187,7.56,0.26
41,2021-01-05,PIE,5377,1602,3775,4364,728,285,0,0,0,5377,0,ITC,ITC1,1,Piemonte,Piemonte,4356406,334564,7.68,0.12
42,2021-01-12,PIE,10040,3401,6639,6859,2009,1172,0,0,0,10040,0,ITC,ITC1,1,Piemonte,Piemonte,4356406,344604,7.91,0.23
43,2021-03-21,PIE,10302,4497,5805,575,1580,9,6823,0,1315,3780,6522,ITC,ITC1,1,Piemonte,Piemonte,4356406,354906,8.15,0.24
44,2021-01-10,PIE,5207,2273,2934,3904,784,519,0,0,0,5207,0,ITC,ITC1,1,Piemonte,Piemonte,4356406,360113,8.27,0.12
45,2021-02-18,PIE,4780,2088,2692,2250,1904,624,0,0,2,4350,430,ITC,ITC1,1,Piemonte,Piemonte,4356406,364893,8.38,0.11
46,2020-12-30,PIE,730,322,408,685,45,0,0,0,0,730,0,ITC,ITC1,1,Piemonte,Piemonte,4356406,365623,8.39,0.02
47,2021-03-19,PIE,10550,4323,6227,1085,880,412,7903,0,270,4123,6427,ITC,ITC1,1,Piemonte,Piemonte,4356406,376173,8.63,0.24
48,2021-01-03,PIE,3061,966,2095,2714,295,52,0,0,0,3061,0,ITC,ITC1,1,Piemonte,Piemonte,4356406,379234,8.71,0.07
49,2021-01-17,PIE,3517,1168,2349,2083,595,839,0,0,0,2870,647,ITC,ITC1,1,Piemonte,Piemonte,4356406,382751,8.79,0.08
50,2021-01-26,PIE,6328,1878,4450,4725,875,728,0,0,0,735,5593,ITC,ITC1,1,Piemonte,Piemonte,4356406,389079,8.93,0.15
51,2021-03-07,PIE,11940,4643,7297,1321,1137,107,7326,0,2049,11061,879,ITC,ITC1,1,Piemonte,Piemonte,4356406,401019,9.21,0.27
52,2021-01-14,PIE,9761,3150,6611,6175,2102,1484,0,0,0,9761,0,ITC,ITC1,1,Piemonte,Piemonte,4356406,410780,9.43,0.22
53,2021-01-23,PIE,4219,1321,2898,3190,523,506,0,0,0,878,3341,ITC,ITC1,1,Piemonte,Piemonte,4356406,414999,9.53,0.1
54,2021-03-16,PIE,10263,4150,6113,2227,1094,320,6609,0,13,4207,6056,ITC,ITC1,1,Piemonte,Piemonte,4356406,425262,9.76,0.24
55,2021-03-06,PIE,13955,5195,8760,2261,1120,456,7426,0,2692,11170,2785,ITC,ITC1,1,Piemonte,Piemonte,4356406,439217,10.08,0.32
56,2020-12-27,PIE,912,368,544,760,76,76,0,0,0,912,0,ITC,ITC1,1,Piemonte,Piemonte,4356406,440129,10.1,0.02
57,2021-01-22,PIE,3864,1248,2616,2279,650,935,0,0,0,2523,1341,ITC,ITC1,1,Piemonte,Piemonte,4356406,443993,10.19,0.09
58,2021-01-08,PIE,5528,1761,3767,4078,1029,421,0,0,0,5528,0,ITC,ITC1,1,Piemonte,Piemonte,4356406,449521,10.32,0.13
59,2020-12-31,PIE,3907,1332,2575,3413,360,134,0,0,0,3907,0,ITC,ITC1,1,Piemonte,Piemonte,4356406,453428,10.41,0.09
60,2021-02-07,PIE,3087,974,2113,1649,662,776,0,0,0,445,2642,ITC,ITC1,1,Piemonte,Piemonte,4356406,456515,10.48,0.07
61,2021-02-10,PIE,7445,2346,5099,3847,1498,2100,0,0,0,1316,6129,ITC,ITC1,1,Piemonte,Piemonte,4356406,463960,10.65,0.17
62,2021-03-14,PIE,8180,3322,4858,794,617,2,5794,0,973,5286,2894,ITC,ITC1,1,Piemonte,Piemonte,4356406,472140,10.84,0.19
63,2021-02-11,PIE,6761,2106,4655,3420,1327,2011,0,0,3,3004,3757,ITC,ITC1,1,Piemonte,Piemonte,4356406,478901,10.99,0.16
64,2021-03-12,PIE,13719,5073,8646,2131,1330,454,7549,0,2255,10810,2909,ITC,ITC1,1,Piemonte,Piemonte,4356406,492620,11.31,0.31
65,2021-03-10,PIE,13377,5066,8311,1660,1381,279,7916,0,2141,11084,2293,ITC,ITC1,1,Piemonte,Piemonte,4356406,505997,11.62,0.31
66,2021-01-24,PIE,3150,957,2193,2632,372,146,0,0,0,434,2716,ITC,ITC1,1,Piemonte,Piemonte,4356406,509147,11.69,0.07
67,2021-01-02,PIE,3539,1134,2405,3072,414,53,0,0,0,3539,0,ITC,ITC1,1,Piemonte,Piemonte,4356406,512686,11.77,0.08
68,2021-03-13,PIE,12763,4618,8145,1168,1013,157,8300,0,2125,11332,1431,ITC,ITC1,1,Piemonte,Piemonte,4356406,525449,12.06,0.29
69,2021-03-02,PIE,11127,4471,6656,901,1130,214,6381,0,2501,10312,815,ITC,ITC1,1,Piemonte,Piemonte,4356406,536576,12.32,0.26
70,2021-01-07,PIE,5385,1739,3646,4158,886,341,0,0,0,5385,0,ITC,ITC1,1,Piemonte,Piemonte,4356406,541961,12.44,0.12
71,2021-03-15,PIE,10501,4123,6378,1714,1502,225,5689,0,1371,4892,5609,ITC,ITC1,1,Piemonte,Piemonte,4356406,552462,12.68,0.24
72,2021-01-25,PIE,6209,1938,4271,4782,865,562,0,0,0,982,5227,ITC,ITC1,1,Piemonte,Piemonte,4356406,558671,12.82,0.14
73,2021-03-03,PIE,12053,4614,7439,1101,1025,258,7015,0,2654,11230,823,ITC,ITC1,1,Piemonte,Piemonte,4356406,570724,13.1,0.28
74,2021-01-01,PIE,1038,395,643,922,116,0,0,0,0,1038,0,ITC,ITC1,1,Piemonte,Piemonte,4356406,571762,13.12,0.02
75,2021-02-21,PIE,5086,2080,3006,686,264,47,3352,0,737,4983,103,ITC,ITC1,1,Piemonte,Piemonte,4356406,576848,13.24,0.12
76,2021-01-30,PIE,5978,2135,3843,4367,1116,495,0,0,0,218,5760,ITC,ITC1,1,Piemonte,Piemonte,4356406,582826,13.38,0.14
77,2021-02-06,PIE,7982,2664,5318,5100,1627,1255,0,0,0,400,7582,ITC,ITC1,1,Piemonte,Piemonte,4356406,590808,13.56,0.18
78,2021-02-25,PIE,12178,5226,6952,1437,2058,405,6320,0,1958,11630,548,ITC,ITC1,1,Piemonte,Piemonte,4356406,602986,13.84,0.28
79,2021-01-28,PIE,5588,1809,3779,4118,879,590,1,0,0,384,5204,ITC,ITC1,1,Piemonte,Piemonte,4356406,608574,13.97,0.13
80,2021-01-11,PIE,8740,2980,5760,6053,1561,1126,0,0,0,8740,0,ITC,ITC1,1,Piemonte,Piemonte,4356406,617314,14.17,0.2
81,2021-02-02,PIE,10232,3504,6728,6866,2048,1318,0,0,0,814,9418,ITC,ITC1,1,Piemonte,Piemonte,4356406,627546,14.41,0.23
82,2021-03-17,PIE,12195,4959,7236,2059,1048,202,8877,0,9,4969,7226,ITC,ITC1,1,Piemonte,Piemonte,4356406,639741,14.69,0.28
83,2021-02-04,PIE,10196,3337,6859,6234,2199,1763,0,0,0,588,9608,ITC,ITC1,1,Piemonte,Piemonte,4356406,649937,14.92,0.23
84,2021-01-31,PIE,4105,1748,2357,3076,654,375,0,0,0,112,3993,ITC,ITC1,1,Piemonte,Piemonte,4356406,654042,15.01,0.09
85,2021-02-01,UMB,1260,333,927,876,32,352,0,0,0,47,1213,ITI,ITI2,10,Umbria,Umbria,882015,1260,0.14,0.14
86,2021-01-25,UMB,647,322,325,645,2,0,0,0,0,5,642,ITI,ITI2,10,Umbria,Umbria,882015,1907,0.22,0.07
87,2021-01-02,UMB,301,110,191,301,0,0,0,0,0,301,0,ITI,ITI2,10,Umbria,Umbria,882015,2208,0.25,0.03
88,2021-01-11,UMB,1271,336,935,878,20,373,0,0,0,1271,0,ITI,ITI2,10,Umbria,Umbria,882015,3479,0.39,0.14
89,2021-03-09,UMB,4022,1945,2077,142,681,99,2912,165,23,2729,1293,ITI,ITI2,10,Umbria,Umbria,882015,7501,0.85,0.46
90,2021-02-27,UMB,1658,354,1304,14,11,13,0,60,1560,1642,16,ITI,ITI2,10,Umbria,Umbria,882015,9159,1.04,0.19
91,2021-03-03,UMB,4435,1771,2664,720,290,86,1517,289,1533,3723,712,ITI,ITI2,10,Umbria,Umbria,882015,13594,1.54,0.5
92,2021-03-21,UMB,665,330,335,31,537,0,0,34,63,665,0,ITI,ITI2,10,Umbria,Umbria,882015,14259,1.62,0.08
93,2021-02-18,UMB,1495,582,913,324,16,170,985,0,0,1029,466,ITI,ITI2,10,Umbria,Umbria,882015,15754,1.79,0.17
94,2021-03-07,UMB,844,180,664,16,83,25,44,0,676,837,7,ITI,ITI2,10,Umbria,Umbria,882015,16598,1.88,0.1
95,2021-02-10,UMB,715,349,366,606,106,3,0,0,0,700,15,ITI,ITI2,10,Umbria,Umbria,882015,17313,1.96,0.08
96,2021-01-13,UMB,450,139,311,379,29,42,0,0,0,450,0,ITI,ITI2,10,Umbria,Umbria,882015,17763,2.01,0.05
97,2021-03-13,UMB,1731,524,1207,120,182,49,152,77,1151,1486,245,ITI,ITI2,10,Umbria,Umbria,882015,19494,2.21,0.2
98,2021-01-18,UMB,588,215,373,315,149,124,0,0,0,504,84,ITI,ITI2,10,Umbria,Umbria,882015,20082,2.28,0.07
99,2021-03-19,UMB,1661,525,1136,439,252,29,191,26,724,1059,602,ITI,ITI2,10,Umbria,Umbria,882015,21743,2.47,0.19
100,2021-01-17,UMB,54,17,37,47,7,0,0,0,0,54,0,ITI,ITI2,10,Umbria,Umbria,882015,21797,2.47,0.01
101,2021-02-05,UMB,780,234,546,645,51,84,0,0,0,18,762,ITI,ITI2,10,Umbria,Umbria,882015,22577,2.56,0.09
102,2021-01-19,UMB,103,23,80,21,2,80,0,0,0,103,0,ITI,ITI2,10,Umbria,Umbria,882015,22680,2.57,0.01
103,2021-03-20,UMB,2272,821,1451,315,685,0,0,72,1200,2247,25,ITI,ITI2,10,Umbria,Umbria,882015,24952,2.83,0.26
104,2021-02-24,UMB,1520,565,955,1082,46,91,292,9,0,1505,15,ITI,ITI2,10,Umbria,Umbria,882015,26472,3.0,0.17
105,2021-03-16,UMB,3502,1433,2069,1633,88,65,1706,0,10,1875,1627,ITI,ITI2,10,Umbria,Umbria,882015,29974,3.4,0.4
106,2021-01-29,UMB,1221,343,878,934,16,271,0,0,0,79,1142,ITI,ITI2,10,Umbria,Umbria,882015,31195,3.54,0.14
107,2021-03-12,UMB,2632,1030,1602,110,596,41,463,229,1193,2134,498,ITI,ITI2,10,Umbria,Umbria,882015,33827,3.84,0.3
108,2021-01-06,UMB,843,323,520,840,3,0,0,0,0,843,0,ITI,ITI2,10,Umbria,Umbria,882015,34670,3.93,0.1
109,2021-03-10,UMB,3970,1900,2070,120,858,144,2564,209,75,2683,1287,ITI,ITI2,10,Umbria,Umbria,882015,38640,4.38,0.45
110,2021-02-20,UMB,282,100,182,83,8,39,152,0,0,258,24,ITI,ITI2,10,Umbria,Umbria,882015,38922,4.41,0.03
111,2021-01-15,UMB,692,212,480,588,44,60,0,0,0,692,0,ITI,ITI2,10,Umbria,Umbria,882015,39614,4.49,0.08
112,2021-01-09,UMB,1719,492,1227,888,10,821,0,0,0,1719,0,ITI,ITI2,10,Umbria,Umbria,882015,41333,4.69,0.19
113,2021-01-07,UMB,1291,383,908,883,4,404,0,0,0,1291,0,ITI,ITI2,10,Umbria,Umbria,882015,42624,4.83,0.15
114,2021-02-26,UMB,653,250,403,381,71,40,154,4,3,645,8,ITI,ITI2,10,Umbria,Umbria,882015,43277,4.91,0.07
115,2021-02-03,UMB,725,174,551,560,37,128,0,0,0,67,658,ITI,ITI2,10,Umbria,Umbria,882015,44002,4.99,0.08
116,2021-01-04,UMB,809,397,412,808,1,0,0,0,0,809,0,ITI,ITI2,10,Umbria,Umbria,882015,44811,5.08,0.09
117,2021-03-11,UMB,3537,1680,1857,143,784,238,2013,201,158,2531,1006,ITI,ITI2,10,Umbria,Umbria,882015,48348,5.48,0.4
118,2021-02-06,UMB,396,138,258,333,47,16,0,0,0,34,362,ITI,ITI2,10,Umbria,Umbria,882015,48744,5.53,0.04
119,2021-02-08,UMB,637,203,434,368,112,153,0,4,0,88,549,ITI,ITI2,10,Umbria,Umbria,882015,49381,5.6,0.07
120,2021-01-16,UMB,221,73,148,146,32,43,0,0,0,221,0,ITI,ITI2,10,Umbria,Umbria,882015,49602,5.62,0.03
121,2021-02-07,UMB,54,17,37,46,8,0,0,0,0,1,53,ITI,ITI2,10,Umbria,Umbria,882015,49656,5.63,0.01
122,2021-03-14,UMB,66,48,18,0,61,1,0,0,4,66,0,ITI,ITI2,10,Umbria,Umbria,882015,49722,5.64,0.01
123,2021-03-06,UMB,4250,1109,3141,422,247,26,1113,120,2322,4107,143,ITI,ITI2,10,Umbria,Umbria,882015,53972,6.12,0.48
124,2021-03-18,UMB,2779,1075,1704,962,144,200,1459,3,11,1552,1227,ITI,ITI2,10,Umbria,Umbria,882015,56751,6.43,0.32
125,2021-02-11,UMB,842,349,493,735,99,5,0,0,3,837,5,ITI,ITI2,10,Umbria,Umbria,882015,57593,6.53,0.1
126,2021-01-14,UMB,749,200,549,696,35,17,0,0,1,749,0,ITI,ITI2,10,Umbria,Umbria,882015,58342,6.61,0.08
127,2021-03-05,UMB,4586,1378,3208,604,389,7,685,347,2554,3930,656,ITI,ITI2,10,Umbria,Umbria,882015,62928,7.13,0.52
128,2021-02-02,UMB,942,274,668,713,17,212,0,0,0,32,910,ITI,ITI2,10,Umbria,Umbria,882015,63870,7.24,0.11
129,2021-01-24,UMB,254,104,150,254,0,0,0,0,0,1,253,ITI,ITI2,10,Umbria,Umbria,882015,64124,7.27,0.03
130,2021-01-30,UMB,1577,483,1094,841,18,717,1,0,0,44,1533,ITI,ITI2,10,Umbria,Umbria,882015,65701,7.45,0.18
131,2021-02-04,UMB,732,226,506,692,20,20,0,0,0,25,707,ITI,ITI2,10,Umbria,Umbria,882015,66433,7.53,0.08
132,2021-03-02,UMB,3626,1343,2283,318,276,55,1290,241,1446,3622,4,ITI,ITI2,10,Umbria,Umbria,882015,70059,7.94,0.41
133,2021-01-23,UMB,277,100,177,276,1,0,0,0,0,2,275,ITI,ITI2,10,Umbria,Umbria,882015,70336,7.97,0.03
134,2021-02-12,UMB,671,224,447,459,208,1,1,0,2,665,6,ITI,ITI2,10,Umbria,Umbria,882015,71007,8.05,0.08
135,2021-02-17,UMB,1618,748,870,363,14,0,1240,0,1,1267,351,ITI,ITI2,10,Umbria,Umbria,882015,72625,8.23,0.18
136,2021-02-16,UMB,1307,655,652,33,12,0,1262,0,0,1298,9,ITI,ITI2,10,Umbria,Umbria,882015,73932,8.38,0.15
137,2021-03-15,UMB,4592,1927,2665,1426,347,78,2337,141,263,2822,1770,ITI,ITI2,10,Umbria,Umbria,882015,78524,8.9,0.52
138,2021-02-25,UMB,1334,495,839,826,101,97,305,0,5,1282,52,ITI,ITI2,10,Umbria,Umbria,882015,79858,9.05,0.15
139,2021-03-22,UMB,1636,788,848,72,269,0,1134,42,119,803,833,ITI,ITI2,10,Umbria,Umbria,882015,81494,9.24,0.19
140,2021-01-28,UMB,1240,392,848,891,4,345,0,0,0,19,1221,ITI,ITI2,10,Umbria,Umbria,882015,82734,9.38,0.14
141,2021-01-10,UMB,1056,275,781,740,9,307,0,0,0,1056,0,ITI,ITI2,10,Umbria,Umbria,882015,83790,9.5,0.12
142,2021-03-17,UMB,3327,1313,2014,1429,64,129,1681,8,16,1855,1472,ITI,ITI2,10,Umbria,Umbria,882015,87117,9.88,0.38
143,2021-01-26,UMB,814,390,424,813,1,0,0,0,0,18,796,ITI,ITI2,10,Umbria,Umbria,882015,87931,9.97,0.09
144,2021-01-22,UMB,276,105,171,273,1,2,0,0,0,32,244,ITI,ITI2,10,Umbria,Umbria,882015,88207,10.0,0.03
145,2021-01-31,UMB,1056,276,780,765,10,281,0,0,0,25,1031,ITI,ITI2,10,Umbria,Umbria,882015,89263,10.12,0.12
146,2021-01-03,UMB,267,111,156,267,0,0,0,0,0,267,0,ITI,ITI2,10,Umbria,Umbria,882015,89530,10.15,0.03
147,2021-03-08,UMB,3665,1797,1868,140,355,45,2853,230,42,2303,1362,ITI,ITI2,10,Umbria,Umbria,882015,93195,10.57,0.42
148,2021-01-27,UMB,838,329,509,837,1,0,0,0,0,13,825,ITI,ITI2,10,Umbria,Umbria,882015,94033,10.66,0.1
149,2021-02-19,UMB,743,293,450,281,16,14,432,0,0,526,217,ITI,ITI2,10,Umbria,Umbria,882015,94776,10.75,0.08
150,2021-01-12,UMB,784,247,537,665,14,105,0,0,0,784,0,ITI,ITI2,10,Umbria,Umbria,882015,95560,10.83,0.09
151,2021-01-01,UMB,269,102,167,268,1,0,0,0,0,269,0,ITI,ITI2,10,Umbria,Umbria,882015,95829,10.86,0.03
152,2021-03-04,UMB,4475,1849,2626,849,238,4,1552,366,1466,3647,828,ITI,ITI2,10,Umbria,Umbria,882015,100304,11.37,0.51
153,2021-02-13,UMB,115,28,87,68,46,0,1,0,0,112,3,ITI,ITI2,10,Umbria,Umbria,882015,100419,11.39,0.01
154,2021-03-01,UMB,1510,777,733,114,28,0,1249,118,1,1396,114,ITI,ITI2,10,Umbria,Umbria,882015,101929,11.56,0.17
155,2021-01-05,UMB,850,428,422,845,5,0,0,0,0,850,0,ITI,ITI2,10,Umbria,Umbria,882015,102779,11.65,0.1
156,2021-01-21,UMB,610,202,408,428,13,169,0,0,0,341,269,ITI,ITI2,10,Umbria,Umbria,882015,103389,11.72,0.07
157,2020-12-27,UMB,85,45,40,67,2,16,0,0,0,85,0,ITI,ITI2,10,Umbria,Umbria,882015,103474,11.73,0.01
158,2021-01-08,UMB,1173,337,836,926,9,238,0,0,0,1173,0,ITI,ITI2,10,Umbria,Umbria,882015,104647,11.86,0.13
159,2021-02-23,UMB,1693,658,1035,1187,95,17,394,0,0,1651,42,ITI,ITI2,10,Umbria,Umbria,882015,106340,12.06,0.19
160,2020-12-31,UMB,322,127,195,310,12,0,0,0,0,322,0,ITI,ITI2,10,Umbria,Umbria,882015,106662,12.09,0.04
161,2021-02-22,UMB,1858,777,1081,732,120,1,1005,0,0,1772,86,ITI,ITI2,10,Umbria,Umbria,882015,108520,12.3,0.21
162,2021-02-15,UMB,1368,692,676,10,8,0,1350,0,0,1367,1,ITI,ITI2,10,Umbria,Umbria,882015,109888,12.46,0.16
163,2021-01-20,UMB,613,222,391,583,15,14,0,0,1,613,0,ITI,ITI2,10,Umbria,Umbria,882015,110501,12.53,0.07
164,2020-12-31,LOM,713,300,413,657,56,0,0,0,0,713,0,ITC,ITC4,3,Lombardia,Lombardia,10060574,713,0.01,0.01
165,2021-02-28,LOM,7823,3230,4593,1106,2280,76,4248,82,31,7607,216,ITC,ITC4,3,Lombardia,Lombardia,10060574,8536,0.08,0.08
166,2021-03-19,LOM,30598,12192,18406,2646,2802,1113,20917,149,2971,18366,12232,ITC,ITC4,3,Lombardia,Lombardia,10060574,39134,0.39,0.3
167,2021-02-15,LOM,8779,3073,5706,6010,1750,975,4,31,9,8359,420,ITC,ITC4,3,Lombardia,Lombardia,10060574,47913,0.48,0.09
168,2021-02-18,LOM,13937,4896,9041,6113,1945,1567,3427,857,28,12914,1023,ITC,ITC4,3,Lombardia,Lombardia,10060574,61850,0.61,0.14
169,2021-02-20,LOM,9385,3879,5506,4275,1110,216,2917,863,4,9092,293,ITC,ITC4,3,Lombardia,Lombardia,10060574,71235,0.71,0.09
170,2021-02-16,LOM,9442,3072,6370,5821,2248,1338,8,8,19,8992,450,ITC,ITC4,3,Lombardia,Lombardia,10060574,80677,0.8,0.09
171,2021-01-09,LOM,12378,4558,7820,9500,2675,196,6,1,0,12378,0,ITC,ITC4,3,Lombardia,Lombardia,10060574,93055,0.92,0.12
172,2021-02-07,LOM,7172,2793,4379,5540,1345,263,17,2,5,339,6833,ITC,ITC4,3,Lombardia,Lombardia,10060574,100227,1.0,0.07
173,2021-03-11,LOM,34655,12996,21659,5647,4584,2051,14965,1216,6192,25137,9518,ITC,ITC4,3,Lombardia,Lombardia,10060574,134882,1.34,0.34
174,2021-02-02,LOM,19805,6567,13238,13480,4562,1679,76,7,1,489,19316,ITC,ITC4,3,Lombardia,Lombardia,10060574,154687,1.54,0.2
175,2021-01-20,LOM,5577,1363,4214,2742,1219,1557,59,0,0,5462,115,ITC,ITC4,3,Lombardia,Lombardia,10060574,160264,1.59,0.06
176,2021-01-02,LOM,199,72,127,178,21,0,0,0,0,199,0,ITC,ITC4,3,Lombardia,Lombardia,10060574,160463,1.59,0.0
177,2021-03-15,LOM,30826,11030,19796,4585,3934,814,12803,517,8173,22487,8339,ITC,ITC4,3,Lombardia,Lombardia,10060574,191289,1.9,0.31
178,2021-02-19,LOM,14013,5351,8662,5526,1884,1119,4540,928,16,13353,660,ITC,ITC4,3,Lombardia,Lombardia,10060574,205302,2.04,0.14
179,2021-01-12,LOM,19727,6578,13149,13403,4670,1562,91,1,0,19727,0,ITC,ITC4,3,Lombardia,Lombardia,10060574,225029,2.24,0.2
180,2021-02-23,LOM,11669,4761,6908,3935,1614,831,4296,990,3,11361,308,ITC,ITC4,3,Lombardia,Lombardia,10060574,236698,2.35,0.12
181,2021-01-13,LOM,25782,7927,17855,15575,5953,4062,189,2,1,25782,0,ITC,ITC4,3,Lombardia,Lombardia,10060574,262480,2.61,0.26
182,2021-03-14,LOM,13518,4733,8785,1493,1325,80,5258,396,4966,10249,3269,ITC,ITC4,3,Lombardia,Lombardia,10060574,275998,2.74,0.13
183,2021-03-08,LOM,28804,10774,18030,6487,4018,1011,11192,1575,4521,21898,6906,ITC,ITC4,3,Lombardia,Lombardia,10060574,304802,3.03,0.29
184,2021-01-22,LOM,2892,815,2077,1546,610,727,9,0,0,2839,53,ITC,ITC4,3,Lombardia,Lombardia,10060574,307694,3.06,0.03
185,2021-03-12,LOM,33559,12443,21116,5005,4056,1385,15303,1075,6735,23532,10027,ITC,ITC4,3,Lombardia,Lombardia,10060574,341253,3.39,0.33
186,2021-02-08,LOM,9800,2859,6941,5194,2239,2314,53,0,0,2089,7711,ITC,ITC4,3,Lombardia,Lombardia,10060574,351053,3.49,0.1
187,2021-01-08,LOM,12593,3896,8697,9959,2316,313,5,0,0,12593,0,ITC,ITC4,3,Lombardia,Lombardia,10060574,363646,3.61,0.13
188,2021-02-21,LOM,5004,1851,3153,1743,959,32,2227,40,3,4984,20,ITC,ITC4,3,Lombardia,Lombardia,10060574,368650,3.66,0.05
189,2021-02-09,LOM,12077,3295,8782,5716,2298,3982,75,2,4,4000,8077,ITC,ITC4,3,Lombardia,Lombardia,10060574,380727,3.78,0.12
190,2021-02-03,LOM,25301,7849,17452,15503,5690,3957,142,8,1,1120,24181,ITC,ITC4,3,Lombardia,Lombardia,10060574,406028,4.04,0.25
191,2021-01-03,LOM,852,316,536,744,103,4,1,0,0,852,0,ITC,ITC4,3,Lombardia,Lombardia,10060574,406880,4.04,0.01
192,2021-01-04,LOM,5977,2058,3919,4916,877,173,11,0,0,5977,0,ITC,ITC4,3,Lombardia,Lombardia,10060574,412857,4.1,0.06
193,2021-01-28,LOM,12154,3683,8471,9171,1982,971,28,1,1,775,11379,ITC,ITC4,3,Lombardia,Lombardia,10060574,425011,4.22,0.12
194,2021-03-16,LOM,25063,9938,15125,3277,2883,1379,17432,17,75,16142,8921,ITC,ITC4,3,Lombardia,Lombardia,10060574,450074,4.47,0.25
195,2021-01-01,LOM,24,7,17,24,0,0,0,0,0,24,0,ITC,ITC4,3,Lombardia,Lombardia,10060574,450098,4.47,0.0
196,2021-01-21,LOM,5322,1566,3756,3008,1286,1024,4,0,0,4635,687,ITC,ITC4,3,Lombardia,Lombardia,10060574,455420,4.53,0.05
197,2021-01-31,LOM,9727,3754,5973,7568,2063,87,7,2,0,33,9694,ITC,ITC4,3,Lombardia,Lombardia,10060574,465147,4.62,0.1
198,2021-02-01,LOM,16027,5307,10720,11659,3421,902,43,1,1,324,15703,ITC,ITC4,3,Lombardia,Lombardia,10060574,481174,4.78,0.16
199,2021-02-10,LOM,14117,4430,9687,8412,2357,3268,71,3,6,7413,6704,ITC,ITC4,3,Lombardia,Lombardia,10060574,495291,4.92,0.14
200,2021-03-10,LOM,31856,12137,19719,6756,4801,1860,11493,1524,5422,24320,7536,ITC,ITC4,3,Lombardia,Lombardia,10060574,527147,5.24,0.32
201,2021-02-11,LOM,16761,4937,11824,9642,3246,3831,32,4,6,9437,7324,ITC,ITC4,3,Lombardia,Lombardia,10060574,543908,5.41,0.17
202,2020-12-30,LOM,113,42,71,105,8,0,0,0,0,113,0,ITC,ITC4,3,Lombardia,Lombardia,10060574,544021,5.41,0.0
203,2021-03-17,LOM,25066,9962,15104,2478,2245,1852,18408,44,39,14596,10470,ITC,ITC4,3,Lombardia,Lombardia,10060574,569087,5.66,0.25
204,2021-02-17,LOM,11757,3705,8052,7564,2249,1857,39,38,10,10402,1355,ITC,ITC4,3,Lombardia,Lombardia,10060574,580844,5.77,0.12
205,2020-12-27,LOM,702,407,295,601,86,14,1,0,0,702,0,ITC,ITC4,3,Lombardia,Lombardia,10060574,581546,5.78,0.01
206,2021-02-25,LOM,14915,6200,8715,2851,1563,1287,7988,1216,10,13508,1407,ITC,ITC4,3,Lombardia,Lombardia,10060574,596461,5.93,0.15
207,2021-01-19,LOM,8023,2325,5698,4026,1814,2117,65,1,0,7547,476,ITC,ITC4,3,Lombardia,Lombardia,10060574,604484,6.01,0.08
208,2021-02-14,LOM,3558,1539,2019,2749,772,24,3,0,10,2937,621,ITC,ITC4,3,Lombardia,Lombardia,10060574,608042,6.04,0.04
209,2021-02-27,LOM,13813,5817,7996,2001,1868,558,8247,1091,48,13269,544,ITC,ITC4,3,Lombardia,Lombardia,10060574,621855,6.18,0.14
210,2021-03-18,LOM,25901,10306,15595,2101,2054,1387,20218,44,97,15548,10353,ITC,ITC4,3,Lombardia,Lombardia,10060574,647756,6.44,0.26
211,2021-03-09,LOM,31927,12214,19713,6018,4873,2253,11948,1426,5409,24629,7298,ITC,ITC4,3,Lombardia,Lombardia,10060574,679683,6.76,0.32
212,2021-01-25,LOM,7020,2370,4650,5629,1159,218,14,0,0,486,6534,ITC,ITC4,3,Lombardia,Lombardia,10060574,686703,6.83,0.07
213,2021-02-12,LOM,13367,4190,9177,7927,2631,2699,102,5,3,8709,4658,ITC,ITC4,3,Lombardia,Lombardia,10060574,700070,6.96,0.13
214,2021-01-27,LOM,8028,2675,5353,6192,1399,434,1,0,2,820,7208,ITC,ITC4,3,Lombardia,Lombardia,10060574,708098,7.04,0.08
215,2021-02-06,LOM,15027,5462,9565,9697,3395,1860,71,1,3,977,14050,ITC,ITC4,3,Lombardia,Lombardia,10060574,723125,7.19,0.15
216,2021-03-20,LOM,30610,11306,19304,1862,2958,467,17285,284,7754,21061,9549,ITC,ITC4,3,Lombardia,Lombardia,10060574,753735,7.49,0.3
217,2021-03-06,LOM,20783,8838,11945,4716,5887,438,7384,1011,1347,16278,4505,ITC,ITC4,3,Lombardia,Lombardia,10060574,774518,7.7,0.21
218,2021-01-18,LOM,9019,2929,6090,5154,2045,1764,54,2,0,8037,982,ITC,ITC4,3,Lombardia,Lombardia,10060574,783537,7.79,0.09
219,2021-01-05,LOM,7673,2513,5160,6160,1334,172,7,0,0,7673,0,ITC,ITC4,3,Lombardia,Lombardia,10060574,791210,7.86,0.08
220,2021-01-17,LOM,8224,3314,4910,5536,2436,211,36,5,0,8024,200,ITC,ITC4,3,Lombardia,Lombardia,10060574,799434,7.95,0.08
221,2021-01-24,LOM,1185,453,732,829,331,24,1,0,0,523,662,ITC,ITC4,3,Lombardia,Lombardia,10060574,800619,7.96,0.01
222,2021-03-21,LOM,21887,7748,14139,1036,1806,410,9182,734,8719,16641,5246,ITC,ITC4,3,Lombardia,Lombardia,10060574,822506,8.18,0.22
223,2021-01-29,LOM,13436,4114,9322,10485,2369,573,9,0,0,654,12782,ITC,ITC4,3,Lombardia,Lombardia,10060574,835942,8.31,0.13
224,2021-02-24,LOM,14562,5891,8671,3569,1747,1779,6262,1181,24,13639,923,ITC,ITC4,3,Lombardia,Lombardia,10060574,850504,8.45,0.14
225,2021-02-22,LOM,11655,4713,6942,4165,1536,932,4029,965,28,11346,309,ITC,ITC4,3,Lombardia,Lombardia,10060574,862159,8.57,0.12
226,2021-01-16,LOM,15264,5688,9576,8555,5074,1480,152,3,0,15264,0,ITC,ITC4,3,Lombardia,Lombardia,10060574,877423,8.72,0.15
227,2021-03-04,LOM,28793,11905,16888,6884,6799,2038,10777,1919,376,19941,8852,ITC,ITC4,3,Lombardia,Lombardia,10060574,906216,9.01,0.29
228,2021-02-26,LOM,17883,7396,10487,3083,1912,1155,10406,1303,24,16254,1629,ITC,ITC4,3,Lombardia,Lombardia,10060574,924099,9.19,0.18
229,2021-03-05,LOM,27847,11468,16379,6992,6550,1469,10531,1900,405,19710,8137,ITC,ITC4,3,Lombardia,Lombardia,10060574,951946,9.46,0.28
230,2021-03-02,LOM,22399,9540,12859,3038,4189,2045,11219,1778,130,19469,2930,ITC,ITC4,3,Lombardia,Lombardia,10060574,974345,9.68,0.22
231,2021-03-13,LOM,25393,9091,16302,3724,3022,250,10079,613,7705,19409,5984,ITC,ITC4,3,Lombardia,Lombardia,10060574,999738,9.94,0.25
232,2021-01-14,LOM,26255,7670,18585,14942,5732,5352,228,1,0,26255,0,ITC,ITC4,3,Lombardia,Lombardia,10060574,1025993,10.2,0.26
233,2021-01-23,LOM,1114,357,757,644,332,138,0,0,0,916,198,ITC,ITC4,3,Lombardia,Lombardia,10060574,1027107,10.21,0.01
234,2021-01-30,LOM,12309,4565,7744,9902,2237,160,8,1,1,192,12117,ITC,ITC4,3,Lombardia,Lombardia,10060574,1039416,10.33,0.12
235,2021-02-05,LOM,24953,7248,17705,14100,6219,4375,258,1,0,2132,22821,ITC,ITC4,3,Lombardia,Lombardia,10060574,1064369,10.58,0.25
236,2021-02-04,LOM,27160,7963,19197,15583,5876,5500,194,7,0,1940,25220,ITC,ITC4,3,Lombardia,Lombardia,10060574,1091529,10.85,0.27
237,2021-02-13,LOM,6379,2430,3949,4172,1500,682,17,4,4,4930,1449,ITC,ITC4,3,Lombardia,Lombardia,10060574,1097908,10.91,0.06
238,2021-01-07,LOM,11558,3594,7964,8957,1925,652,22,1,1,11558,0,ITC,ITC4,3,Lombardia,Lombardia,10060574,1109466,11.03,0.11
239,2021-01-10,LOM,10512,3955,6557,8170,2243,85,11,2,1,10512,0,ITC,ITC4,3,Lombardia,Lombardia,10060574,1119978,11.13,0.1
240,2021-03-03,LOM,26212,11172,15040,6271,6340,1585,9701,1845,470,19156,7056,ITC,ITC4,3,Lombardia,Lombardia,10060574,1146190,11.39,0.26
241,2021-01-11,LOM,16006,5317,10689,11804,3458,699,42,1,2,16006,0,ITC,ITC4,3,Lombardia,Lombardia,10060574,1162196,11.55,0.16
242,2021-01-15,LOM,24443,7194,17249,13560,6190,4389,302,2,0,24443,0,ITC,ITC4,3,Lombardia,Lombardia,10060574,1186639,11.79,0.24
243,2020-12-29,LOM,100,43,57,100,0,0,0,0,0,100,0,ITC,ITC4,3,Lombardia,Lombardia,10060574,1186739,11.8,0.0
244,2021-01-26,LOM,8325,2704,5621,6640,1440,223,22,0,0,334,7991,ITC,ITC4,3,Lombardia,Lombardia,10060574,1195064,11.88,0.08
245,2021-03-07,LOM,10792,4751,6041,2998,1994,73,4520,552,655,8240,2552,ITC,ITC4,3,Lombardia,Lombardia,10060574,1205856,11.99,0.11
246,2020-12-28,LOM,103,44,59,102,1,0,0,0,0,103,0,ITC,ITC4,3,Lombardia,Lombardia,10060574,1205959,11.99,0.0
247,2021-03-01,LOM,18517,8118,10399,2624,2607,871,10779,1608,28,16829,1688,ITC,ITC4,3,Lombardia,Lombardia,10060574,1224476,12.17,0.18
248,2021-01-06,LOM,7046,2486,4560,5839,1167,38,0,0,2,7046,0,ITC,ITC4,3,Lombardia,Lombardia,10060574,1231522,12.24,0.07
249,2021-03-21,MOL,1245,542,703,14,1231,0,0,0,0,479,766,ITF,ITF2,14,Molise,Molise,305617,1245,0.41,0.41
250,2021-02-23,MOL,527,202,325,136,42,8,340,0,1,362,165,ITF,ITF2,14,Molise,Molise,305617,1772,0.58,0.17
251,2021-01-13,MOL,474,160,314,256,73,144,0,0,1,474,0,ITF,ITF2,14,Molise,Molise,305617,2246,0.73,0.16
252,2021-03-06,MOL,1728,807,921,156,1415,0,5,152,0,1569,159,ITF,ITF2,14,Molise,Molise,305617,3974,1.3,0.57
253,2021-02-08,MOL,334,141,193,206,43,85,0,0,0,216,118,ITF,ITF2,14,Molise,Molise,305617,4308,1.41,0.11
254,2021-02-22,MOL,265,129,136,56,139,62,8,0,0,250,15,ITF,ITF2,14,Molise,Molise,305617,4573,1.5,0.09
255,2021-02-01,MOL,562,201,361,301,149,111,0,0,1,14,548,ITF,ITF2,14,Molise,Molise,305617,5135,1.68,0.18
256,2021-02-10,MOL,150,78,72,91,6,53,0,0,0,130,20,ITF,ITF2,14,Molise,Molise,305617,5285,1.73,0.05
257,2021-01-18,MOL,114,48,66,97,17,0,0,0,0,114,0,ITF,ITF2,14,Molise,Molise,305617,5399,1.77,0.04
258,2021-02-27,MOL,1366,568,798,26,40,14,1285,0,1,1347,19,ITF,ITF2,14,Molise,Molise,305617,6765,2.21,0.45
259,2021-03-10,MOL,1737,720,1017,188,851,1,1,187,509,1687,50,ITF,ITF2,14,Molise,Molise,305617,8502,2.78,0.57
260,2021-03-08,MOL,1376,522,854,359,514,23,0,76,404,1236,140,ITF,ITF2,14,Molise,Molise,305617,9878,3.23,0.45
261,2021-02-09,MOL,359,170,189,161,88,110,0,0,0,197,162,ITF,ITF2,14,Molise,Molise,305617,10237,3.35,0.12
262,2021-01-08,MOL,429,141,288,244,65,120,0,0,0,429,0,ITF,ITF2,14,Molise,Molise,305617,10666,3.49,0.14
263,2021-03-14,MOL,594,239,355,2,592,0,0,0,0,16,578,ITF,ITF2,14,Molise,Molise,305617,11260,3.68,0.19
264,2021-03-07,MOL,1114,499,615,2,1112,0,0,0,0,1112,2,ITF,ITF2,14,Molise,Molise,305617,12374,4.05,0.36
265,2021-02-02,MOL,486,155,331,295,63,128,0,0,0,163,323,ITF,ITF2,14,Molise,Molise,305617,12860,4.21,0.16
266,2021-03-12,MOL,1156,489,667,38,653,0,0,68,397,1120,36,ITF,ITF2,14,Molise,Molise,305617,14016,4.59,0.38
267,2021-03-22,MOL,440,173,267,45,115,1,0,37,242,370,70,ITF,ITF2,14,Molise,Molise,305617,14456,4.73,0.14
268,2021-02-05,MOL,593,269,324,460,70,63,0,0,0,55,538,ITF,ITF2,14,Molise,Molise,305617,15049,4.92,0.19
269,2020-12-27,MOL,50,20,30,29,4,17,0,0,0,50,0,ITF,ITF2,14,Molise,Molise,305617,15099,4.94,0.02
270,2021-01-22,MOL,126,35,91,21,32,73,0,0,0,126,0,ITF,ITF2,14,Molise,Molise,305617,15225,4.98,0.04
271,2021-01-07,MOL,598,209,389,414,39,145,0,0,0,598,0,ITF,ITF2,14,Molise,Molise,305617,15823,5.18,0.2
272,2021-01-20,MOL,18,8,10,14,4,0,0,0,0,18,0,ITF,ITF2,14,Molise,Molise,305617,15841,5.18,0.01
273,2021-03-11,MOL,695,315,380,18,258,12,0,147,260,689,6,ITF,ITF2,14,Molise,Molise,305617,16536,5.41,0.23
274,2021-01-25,MOL,319,130,189,317,0,0,0,0,2,3,316,ITF,ITF2,14,Molise,Molise,305617,16855,5.52,0.1
275,2021-02-12,MOL,330,149,181,224,32,72,0,0,2,208,122,ITF,ITF2,14,Molise,Molise,305617,17185,5.62,0.11
276,2021-01-31,MOL,268,70,198,85,18,164,0,0,1,6,262,ITF,ITF2,14,Molise,Molise,305617,17453,5.71,0.09
277,2021-02-21,MOL,573,227,346,1,4,0,568,0,0,571,2,ITF,ITF2,14,Molise,Molise,305617,18026,5.9,0.19
278,2021-01-10,MOL,270,72,198,82,19,169,0,0,0,270,0,ITF,ITF2,14,Molise,Molise,305617,18296,5.99,0.09
279,2021-02-28,MOL,828,331,497,38,763,27,0,0,0,786,42,ITF,ITF2,14,Molise,Molise,305617,19124,6.26,0.27
280,2021-01-27,MOL,674,251,423,436,28,209,0,0,1,8,666,ITF,ITF2,14,Molise,Molise,305617,19798,6.48,0.22
281,2021-02-26,MOL,563,260,303,42,57,3,406,0,55,490,73,ITF,ITF2,14,Molise,Molise,305617,20361,6.66,0.18
282,2021-03-09,MOL,1329,579,750,199,467,0,52,218,393,1177,152,ITF,ITF2,14,Molise,Molise,305617,21690,7.1,0.43
283,2021-03-16,MOL,614,230,384,13,586,11,0,4,0,267,347,ITF,ITF2,14,Molise,Molise,305617,22304,7.3,0.2
284,2021-03-17,MOL,894,381,513,34,805,42,0,12,1,563,331,ITF,ITF2,14,Molise,Molise,305617,23198,7.59,0.29
285,2021-03-01,MOL,641,268,373,200,184,108,0,2,147,427,214,ITF,ITF2,14,Molise,Molise,305617,23839,7.8,0.21
286,2021-02-11,MOL,293,133,160,225,19,45,0,3,1,257,36,ITF,ITF2,14,Molise,Molise,305617,24132,7.9,0.1
287,2021-02-04,MOL,758,295,463,502,114,141,0,0,1,77,681,ITF,ITF2,14,Molise,Molise,305617,24890,8.14,0.25
288,2021-01-30,MOL,461,158,303,189,92,180,0,0,0,12,449,ITF,ITF2,14,Molise,Molise,305617,25351,8.3,0.15
289,2021-02-07,MOL,66,32,34,49,1,16,0,0,0,19,47,ITF,ITF2,14,Molise,Molise,305617,25417,8.32,0.02
290,2021-02-18,MOL,319,74,245,296,23,0,0,0,0,306,13,ITF,ITF2,14,Molise,Molise,305617,25736,8.42,0.1
291,2021-01-26,MOL,450,184,266,444,5,0,0,0,1,8,442,ITF,ITF2,14,Molise,Molise,305617,26186,8.57,0.15
292,2021-01-05,MOL,449,180,269,441,8,0,0,0,0,449,0,ITF,ITF2,14,Molise,Molise,305617,26635,8.72,0.15
293,2021-02-06,MOL,429,179,250,276,22,130,0,0,1,29,400,ITF,ITF2,14,Molise,Molise,305617,27064,8.86,0.14
294,2021-02-03,MOL,731,249,482,391,159,180,0,0,1,338,393,ITF,ITF2,14,Molise,Molise,305617,27795,9.09,0.24
295,2021-03-04,MOL,850,417,433,252,493,69,0,36,0,526,324,ITF,ITF2,14,Molise,Molise,305617,28645,9.37,0.28
296,2021-01-14,MOL,646,239,407,418,113,115,0,0,0,646,0,ITF,ITF2,14,Molise,Molise,305617,29291,9.58,0.21
297,2021-03-20,MOL,2320,968,1352,28,2063,0,0,7,222,999,1321,ITF,ITF2,14,Molise,Molise,305617,31611,10.34,0.76
298,2021-02-16,MOL,156,70,86,148,8,0,0,0,0,150,6,ITF,ITF2,14,Molise,Molise,305617,31767,10.39,0.05
299,2021-02-17,MOL,72,32,40,47,19,6,0,0,0,57,15,ITF,ITF2,14,Molise,Molise,305617,31839,10.42,0.02
300,2021-01-09,MOL,450,152,298,221,51,178,0,0,0,450,0,ITF,ITF2,14,Molise,Molise,305617,32289,10.57,0.15
301,2021-01-29,MOL,421,136,285,227,82,109,0,0,3,6,415,ITF,ITF2,14,Molise,Molise,305617,32710,10.7,0.14
302,2021-03-18,MOL,1156,476,680,73,1038,45,0,0,0,692,464,ITF,ITF2,14,Molise,Molise,305617,33866,11.08,0.38
303,2021-03-05,MOL,1219,649,570,322,673,0,0,151,73,1015,204,ITF,ITF2,14,Molise,Molise,305617,35085,11.48,0.4
304,2021-01-15,MOL,538,242,296,398,59,81,0,0,0,538,0,ITF,ITF2,14,Molise,Molise,305617,35623,11.66,0.18
305,2021-01-04,MOL,314,131,183,301,13,0,0,0,0,314,0,ITF,ITF2,14,Molise,Molise,305617,35937,11.76,0.1
306,2021-02-25,MOL,541,239,302,68,12,28,433,0,0,473,68,ITF,ITF2,14,Molise,Molise,305617,36478,11.94,0.18
307,2021-02-13,MOL,132,80,52,129,3,0,0,0,0,132,0,ITF,ITF2,14,Molise,Molise,305617,36610,11.98,0.04
308,2021-01-21,MOL,6,2,4,0,6,0,0,0,0,6,0,ITF,ITF2,14,Molise,Molise,305617,36616,11.98,0.0
309,2021-01-12,MOL,336,114,222,132,75,129,0,0,0,336,0,ITF,ITF2,14,Molise,Molise,305617,36952,12.09,0.11
310,2021-03-15,MOL,832,338,494,137,271,66,0,61,297,587,245,ITF,ITF2,14,Molise,Molise,305617,37784,12.36,0.27
311,2021-02-19,MOL,169,93,76,95,70,1,0,0,3,167,2,ITF,ITF2,14,Molise,Molise,305617,37953,12.42,0.06
312,2021-01-28,MOL,613,217,396,430,28,154,0,0,1,17,596,ITF,ITF2,14,Molise,Molise,305617,38566,12.62,0.2
313,2021-03-13,MOL,1189,594,595,29,1004,5,0,151,0,200,989,ITF,ITF2,14,Molise,Molise,305617,39755,13.01,0.39
314,2021-03-02,MOL,666,383,283,98,253,51,0,113,151,508,158,ITF,ITF2,14,Molise,Molise,305617,40421,13.23,0.22
315,2021-03-03,MOL,672,316,356,63,389,48,0,45,127,590,82,ITF,ITF2,14,Molise,Molise,305617,41093,13.45,0.22
316,2021-01-06,MOL,689,260,429,456,62,171,0,0,0,689,0,ITF,ITF2,14,Molise,Molise,305617,41782,13.67,0.23
317,2021-01-16,MOL,420,166,254,270,23,127,0,0,0,420,0,ITF,ITF2,14,Molise,Molise,305617,42202,13.81,0.14
318,2021-01-11,MOL,557,194,363,196,250,111,0,0,0,557,0,ITF,ITF2,14,Molise,Molise,305617,42759,13.99,0.18
319,2021-02-15,MOL,144,70,74,117,12,15,0,0,0,141,3,ITF,ITF2,14,Molise,Molise,305617,42903,14.04,0.05
320,2021-02-20,MOL,1018,441,577,20,57,8,933,0,0,998,20,ITF,ITF2,14,Molise,Molise,305617,43921,14.37,0.33
321,2021-01-19,MOL,173,63,110,90,59,22,0,0,2,162,11,ITF,ITF2,14,Molise,Molise,305617,44094,14.43,0.06
322,2021-03-19,MOL,1180,479,701,33,888,9,0,2,248,753,427,ITF,ITF2,14,Molise,Molise,305617,45274,14.81,0.39
323,2021-01-17,MOL,78,38,40,78,0,0,0,0,0,48,30,ITF,ITF2,14,Molise,Molise,305617,45352,14.84,0.03
324,2021-02-24,MOL,666,278,388,242,105,44,274,0,1,333,333,ITF,ITF2,14,Molise,Molise,305617,46018,15.06,0.22
325,2021-03-21,PUG,2604,1158,1446,460,54,13,1779,14,284,501,2103,ITF,ITF4,16,Puglia,Puglia,4029053,2604,0.06,0.06
326,2021-01-24,PUG,1668,749,919,1286,231,150,1,0,0,152,1516,ITF,ITF4,16,Puglia,Puglia,4029053,4272,0.11,0.04
327,2021-01-12,PUG,4202,1765,2437,3628,350,218,1,0,5,4202,0,ITF,ITF4,16,Puglia,Puglia,4029053,8474,0.21,0.1
328,2021-01-01,PUG,146,60,86,145,1,0,0,0,0,146,0,ITF,ITF4,16,Puglia,Puglia,4029053,8620,0.21,0.0
329,2021-03-04,PUG,14817,5763,9054,1540,896,322,4558,1229,6272,13440,1377,ITF,ITF4,16,Puglia,Puglia,4029053,23437,0.58,0.37
330,2021-01-31,PUG,1805,825,980,1499,104,198,2,0,2,73,1732,ITF,ITF4,16,Puglia,Puglia,4029053,25242,0.63,0.04
331,2021-02-19,PUG,4722,2008,2714,3037,1237,390,2,49,7,4332,390,ITF,ITF4,16,Puglia,Puglia,4029053,29964,0.74,0.12
332,2021-03-03,PUG,16325,6543,9782,2013,816,192,5814,810,6680,14504,1821,ITF,ITF4,16,Puglia,Puglia,4029053,46289,1.15,0.41
333,2021-01-13,PUG,4533,1727,2806,3967,334,230,0,0,2,4533,0,ITF,ITF4,16,Puglia,Puglia,4029053,50822,1.26,0.11
334,2021-02-23,PUG,9299,4398,4901,1763,487,156,5480,398,1015,8832,467,ITF,ITF4,16,Puglia,Puglia,4029053,60121,1.49,0.23
335,2021-03-07,PUG,4904,1936,2968,930,236,2,1617,323,1796,4334,570,ITF,ITF4,16,Puglia,Puglia,4029053,65025,1.61,0.12
336,2021-03-13,PUG,9931,3908,6023,2150,421,128,3773,220,3239,8208,1723,ITF,ITF4,16,Puglia,Puglia,4029053,74956,1.86,0.25
337,2021-01-19,PUG,1221,452,769,527,117,577,0,0,0,1211,10,ITF,ITF4,16,Puglia,Puglia,4029053,76177,1.89,0.03
338,2021-03-17,PUG,9999,4592,5407,1748,582,61,7510,33,65,4064,5935,ITF,ITF4,16,Puglia,Puglia,4029053,86176,2.14,0.25
339,2021-03-02,PUG,16195,6011,10184,1389,1055,111,4269,1246,8125,14892,1303,ITF,ITF4,16,Puglia,Puglia,4029053,102371,2.54,0.4
340,2021-01-04,PUG,4503,2012,2491,4371,120,11,0,0,1,4503,0,ITF,ITF4,16,Puglia,Puglia,4029053,106874,2.65,0.11
341,2021-02-05,PUG,5622,2269,3353,4562,525,526,0,3,6,1325,4297,ITF,ITF4,16,Puglia,Puglia,4029053,112496,2.79,0.14
342,2021-03-22,PUG,1757,897,860,215,236,2,1187,103,14,705,1052,ITF,ITF4,16,Puglia,Puglia,4029053,114253,2.84,0.04
343,2021-01-17,PUG,1306,589,717,823,147,336,0,0,0,1237,69,ITF,ITF4,16,Puglia,Puglia,4029053,115559,2.87,0.03
344,2021-02-27,PUG,13912,4705,9207,1574,777,194,5025,344,5998,12739,1173,ITF,ITF4,16,Puglia,Puglia,4029053,129471,3.21,0.35
345,2021-02-24,PUG,9760,4566,5194,1874,708,117,6140,365,556,9172,588,ITF,ITF4,16,Puglia,Puglia,4029053,139231,3.46,0.24
346,2021-01-29,PUG,6188,2659,3529,5465,432,288,0,0,3,436,5752,ITF,ITF4,16,Puglia,Puglia,4029053,145419,3.61,0.15
347,2021-02-12,PUG,4098,1629,2469,2937,451,690,5,10,5,3008,1090,ITF,ITF4,16,Puglia,Puglia,4029053,149517,3.71,0.1
348,2021-03-20,PUG,7457,3389,4068,1241,290,32,5062,35,797,3179,4278,ITF,ITF4,16,Puglia,Puglia,4029053,156974,3.9,0.19
349,2021-03-05,PUG,16918,6737,10181,2307,1216,272,5191,1018,6914,14758,2160,ITF,ITF4,16,Puglia,Puglia,4029053,173892,4.32,0.42
350,2021-01-30,PUG,5523,2510,3013,4747,348,419,3,0,6,413,5110,ITF,ITF4,16,Puglia,Puglia,4029053,179415,4.45,0.14
351,2021-03-15,PUG,11644,5564,6080,2061,809,115,7630,353,676,5162,6482,ITF,ITF4,16,Puglia,Puglia,4029053,191059,4.74,0.29
352,2021-01-14,PUG,4057,1583,2474,3162,394,499,0,0,2,4057,0,ITF,ITF4,16,Puglia,Puglia,4029053,195116,4.84,0.1
353,2020-12-31,PUG,1635,782,853,1549,39,44,0,0,3,1635,0,ITF,ITF4,16,Puglia,Puglia,4029053,196751,4.88,0.04
354,2021-01-18,PUG,1844,770,1074,1182,216,446,0,0,0,1495,349,ITF,ITF4,16,Puglia,Puglia,4029053,198595,4.93,0.05
355,2021-01-06,PUG,3943,1664,2279,3221,349,373,0,0,0,3943,0,ITF,ITF4,16,Puglia,Puglia,4029053,202538,5.03,0.1
356,2021-01-28,PUG,5464,2271,3193,4759,376,327,0,0,2,474,4990,ITF,ITF4,16,Puglia,Puglia,4029053,208002,5.16,0.14
357,2021-02-03,PUG,5027,1999,3028,4362,478,184,0,0,3,728,4299,ITF,ITF4,16,Puglia,Puglia,4029053,213029,5.29,0.12
358,2021-02-26,PUG,13489,4918,8571,2110,833,295,5037,600,4614,12470,1019,ITF,ITF4,16,Puglia,Puglia,4029053,226518,5.62,0.33
359,2021-01-23,PUG,3036,1291,1745,2522,206,307,0,0,1,885,2151,ITF,ITF4,16,Puglia,Puglia,4029053,229554,5.7,0.08
360,2021-02-06,PUG,4483,1911,2572,3480,487,513,0,0,3,1584,2899,ITF,ITF4,16,Puglia,Puglia,4029053,234037,5.81,0.11
361,2021-01-27,PUG,4575,1927,2648,3916,261,396,0,0,2,610,3965,ITF,ITF4,16,Puglia,Puglia,4029053,238612,5.92,0.11
362,2021-01-10,PUG,2346,1060,1286,2035,109,202,0,0,0,2346,0,ITF,ITF4,16,Puglia,Puglia,4029053,240958,5.98,0.06
363,2020-12-30,PUG,1,0,1,1,0,0,0,0,0,1,0,ITF,ITF4,16,Puglia,Puglia,4029053,240959,5.98,0.0
364,2021-02-07,PUG,1503,648,855,1014,222,266,0,0,1,252,1251,ITF,ITF4,16,Puglia,Puglia,4029053,242462,6.02,0.04
365,2021-01-05,PUG,5097,2245,2852,4741,249,98,5,0,4,5097,0,ITF,ITF4,16,Puglia,Puglia,4029053,247559,6.14,0.13
366,2021-01-21,PUG,2129,903,1226,1429,174,526,0,0,0,1270,859,ITF,ITF4,16,Puglia,Puglia,4029053,249688,6.2,0.05
367,2021-01-22,PUG,1409,579,830,876,157,373,2,0,1,992,417,ITF,ITF4,16,Puglia,Puglia,4029053,251097,6.23,0.03
368,2021-02-10,PUG,3603,1425,2178,2491,247,864,0,0,1,2122,1481,ITF,ITF4,16,Puglia,Puglia,4029053,254700,6.32,0.09
369,2021-03-08,PUG,14421,5977,8444,2094,1135,202,6661,520,3809,12044,2377,ITF,ITF4,16,Puglia,Puglia,4029053,269121,6.68,0.36
370,2021-01-09,PUG,4867,2245,2622,4313,303,246,4,0,1,4867,0,ITF,ITF4,16,Puglia,Puglia,4029053,273988,6.8,0.12
371,2021-03-06,PUG,15332,5719,9613,2112,775,70,5031,479,6865,13367,1965,ITF,ITF4,16,Puglia,Puglia,4029053,289320,7.18,0.38
372,2021-01-08,PUG,5573,2337,3236,4844,401,325,0,0,3,5573,0,ITF,ITF4,16,Puglia,Puglia,4029053,294893,7.32,0.14
373,2021-03-01,PUG,14812,5769,9043,1955,918,84,6011,819,5025,13445,1367,ITF,ITF4,16,Puglia,Puglia,4029053,309705,7.69,0.37
374,2021-02-09,PUG,3834,1567,2267,2533,667,621,8,0,5,2162,1672,ITF,ITF4,16,Puglia,Puglia,4029053,313539,7.78,0.1
375,2021-02-18,PUG,4368,1843,2525,2710,966,683,5,2,2,3765,603,ITF,ITF4,16,Puglia,Puglia,4029053,317907,7.89,0.11
376,2020-12-27,PUG,506,249,257,401,42,63,0,0,0,506,0,ITF,ITF4,16,Puglia,Puglia,4029053,318413,7.9,0.01
377,2021-03-18,PUG,8761,3950,4811,1726,583,174,6158,30,90,2961,5800,ITF,ITF4,16,Puglia,Puglia,4029053,327174,8.12,0.22
378,2021-02-13,PUG,3719,1451,2268,2880,519,291,4,18,7,3027,692,ITF,ITF4,16,Puglia,Puglia,4029053,330893,8.21,0.09
379,2021-01-20,PUG,1550,543,1007,783,165,602,0,0,0,1542,8,ITF,ITF4,16,Puglia,Puglia,4029053,332443,8.25,0.04
380,2021-03-12,PUG,13715,6027,7688,3278,1311,430,4881,881,2934,9791,3924,ITF,ITF4,16,Puglia,Puglia,4029053,346158,8.59,0.34
381,2021-02-20,PUG,2958,1076,1882,2112,244,167,7,4,424,2702,256,ITF,ITF4,16,Puglia,Puglia,4029053,349116,8.66,0.07
382,2021-01-07,PUG,5707,2448,3259,5210,276,217,0,1,3,5707,0,ITF,ITF4,16,Puglia,Puglia,4029053,354823,8.81,0.14
383,2021-02-01,PUG,3957,1656,2301,3439,300,209,0,4,5,375,3582,ITF,ITF4,16,Puglia,Puglia,4029053,358780,8.9,0.1
384,2021-03-14,PUG,3242,1396,1846,953,203,73,973,42,998,2486,756,ITF,ITF4,16,Puglia,Puglia,4029053,362022,8.99,0.08
385,2021-02-16,PUG,3378,1450,1928,2133,810,413,4,16,2,2733,645,ITF,ITF4,16,Puglia,Puglia,4029053,365400,9.07,0.08
386,2021-02-17,PUG,4263,1742,2521,2453,1210,598,1,0,1,3666,597,ITF,ITF4,16,Puglia,Puglia,4029053,369663,9.17,0.11
387,2021-01-02,PUG,2945,1297,1648,2826,92,23,0,0,4,2945,0,ITF,ITF4,16,Puglia,Puglia,4029053,372608,9.25,0.07
388,2021-02-21,PUG,2171,472,1699,537,85,49,32,12,1456,2110,61,ITF,ITF4,16,Puglia,Puglia,4029053,374779,9.3,0.05
389,2021-01-11,PUG,3749,1587,2162,3212,357,175,0,3,2,3749,0,ITF,ITF4,16,Puglia,Puglia,4029053,378528,9.39,0.09
390,2021-01-16,PUG,2502,1033,1469,1680,306,515,0,0,1,2502,0,ITF,ITF4,16,Puglia,Puglia,4029053,381030,9.46,0.06
391,2021-02-02,PUG,4331,1838,2493,3622,389,317,0,0,3,591,3740,ITF,ITF4,16,Puglia,Puglia,4029053,385361,9.56,0.11
392,2021-02-08,PUG,3963,1595,2368,2933,614,389,1,25,1,1573,2390,ITF,ITF4,16,Puglia,Puglia,4029053,389324,9.66,0.1
393,2021-02-22,PUG,9578,4515,5063,1414,728,139,6764,215,318,9248,330,ITF,ITF4,16,Puglia,Puglia,4029053,398902,9.9,0.24
394,2021-01-26,PUG,5361,2398,2963,4847,281,232,1,0,0,574,4787,ITF,ITF4,16,Puglia,Puglia,4029053,404263,10.03,0.13
395,2021-01-15,PUG,4545,1860,2685,3592,388,558,0,3,4,4545,0,ITF,ITF4,16,Puglia,Puglia,4029053,408808,10.15,0.11
396,2021-03-11,PUG,14058,6041,8017,2874,1184,497,5032,797,3674,10984,3074,ITF,ITF4,16,Puglia,Puglia,4029053,422866,10.5,0.35
397,2021-02-15,PUG,3248,1264,1984,2248,539,452,0,6,3,2629,619,ITF,ITF4,16,Puglia,Puglia,4029053,426114,10.58,0.08
398,2021-03-19,PUG,7388,3422,3966,1738,398,78,4853,64,257,3105,4283,ITF,ITF4,16,Puglia,Puglia,4029053,433502,10.76,0.18
399,2021-03-10,PUG,14192,6151,8041,2555,1242,355,6363,601,3076,11081,3111,ITF,ITF4,16,Puglia,Puglia,4029053,447694,11.11,0.35
400,2021-01-25,PUG,3820,1676,2144,3470,179,168,2,0,1,423,3397,ITF,ITF4,16,Puglia,Puglia,4029053,451514,11.21,0.09
401,2021-02-11,PUG,3693,1401,2292,2568,400,723,0,0,2,2417,1276,ITF,ITF4,16,Puglia,Puglia,4029053,455207,11.3,0.09
402,2021-03-09,PUG,12550,5522,7028,1767,861,197,5337,1007,3381,10557,1993,ITF,ITF4,16,Puglia,Puglia,4029053,467757,11.61,0.31
403,2021-02-04,PUG,5892,2356,3536,4422,812,652,0,0,6,1166,4726,ITF,ITF4,16,Puglia,Puglia,4029053,473649,11.76,0.15
404,2021-01-03,PUG,2005,942,1063,1815,44,145,0,0,1,2005,0,ITF,ITF4,16,Puglia,Puglia,4029053,475654,11.81,0.05
405,2021-02-14,PUG,784,348,436,681,32,70,0,0,1,662,122,ITF,ITF4,16,Puglia,Puglia,4029053,476438,11.83,0.02
406,2021-02-25,PUG,11623,4956,6667,1719,873,419,5612,725,2275,10473,1150,ITF,ITF4,16,Puglia,Puglia,4029053,488061,12.11,0.29
407,2021-03-16,PUG,9542,4548,4994,2162,821,76,6384,62,37,3218,6324,ITF,ITF4,16,Puglia,Puglia,4029053,497603,12.35,0.24
408,2021-02-28,PUG,5729,1759,3970,556,261,26,1484,194,3208,5543,186,ITF,ITF4,16,Puglia,Puglia,4029053,503332,12.49,0.14
409,2021-01-30,CAL,2173,1147,1026,1974,199,0,0,0,0,358,1815,ITF,ITF6,18,Calabria,Calabria,1947131,2173,0.11,0.11
410,2021-01-12,CAL,2058,1017,1041,1706,323,29,0,0,0,2058,0,ITF,ITF6,18,Calabria,Calabria,1947131,4231,0.22,0.11
411,2021-03-12,CAL,5092,2438,2654,468,1326,217,1963,333,785,4049,1043,ITF,ITF6,18,Calabria,Calabria,1947131,9323,0.48,0.26
412,2021-03-09,CAL,5820,3031,2789,803,1939,419,1768,873,18,4843,977,ITF,ITF6,18,Calabria,Calabria,1947131,15143,0.78,0.3
413,2021-01-04,CAL,996,492,504,969,27,0,0,0,0,996,0,ITF,ITF6,18,Calabria,Calabria,1947131,16139,0.83,0.05
414,2021-02-02,CAL,2289,1112,1177,1863,351,75,0,0,0,177,2112,ITF,ITF6,18,Calabria,Calabria,1947131,18428,0.95,0.12
415,2021-03-02,CAL,4131,2390,1741,705,735,427,1390,872,2,3422,709,ITF,ITF6,18,Calabria,Calabria,1947131,22559,1.16,0.21
416,2021-01-05,CAL,1350,618,732,1256,94,0,0,0,0,1350,0,ITF,ITF6,18,Calabria,Calabria,1947131,23909,1.23,0.07
417,2021-01-16,CAL,2394,1120,1274,1664,489,241,0,0,0,2394,0,ITF,ITF6,18,Calabria,Calabria,1947131,26303,1.35,0.12
418,2021-01-02,CAL,165,94,71,165,0,0,0,0,0,165,0,ITF,ITF6,18,Calabria,Calabria,1947131,26468,1.36,0.01
419,2021-01-24,CAL,44,18,26,15,3,26,0,0,0,39,5,ITF,ITF6,18,Calabria,Calabria,1947131,26512,1.36,0.0
420,2021-03-16,CAL,3767,1847,1920,459,1121,22,2077,58,30,2171,1596,ITF,ITF6,18,Calabria,Calabria,1947131,30279,1.56,0.19
421,2021-03-03,CAL,4865,2651,2214,631,1157,917,1367,789,4,3802,1063,ITF,ITF6,18,Calabria,Calabria,1947131,35144,1.8,0.25
422,2021-02-04,CAL,3391,1623,1768,2560,609,222,0,0,0,644,2747,ITF,ITF6,18,Calabria,Calabria,1947131,38535,1.98,0.17
423,2021-02-06,CAL,2909,1337,1572,2095,567,247,0,0,0,442,2467,ITF,ITF6,18,Calabria,Calabria,1947131,41444,2.13,0.15
424,2021-01-18,CAL,1230,550,680,982,237,11,0,0,0,1040,190,ITF,ITF6,18,Calabria,Calabria,1947131,42674,2.19,0.06
425,2021-01-28,CAL,2232,1107,1125,1920,312,0,0,0,0,84,2148,ITF,ITF6,18,Calabria,Calabria,1947131,44906,2.31,0.11
426,2021-03-06,CAL,7945,4053,3892,701,1872,758,3795,813,6,7190,755,ITF,ITF6,18,Calabria,Calabria,1947131,52851,2.71,0.41
427,2020-12-27,CAL,275,150,125,274,1,0,0,0,0,275,0,ITF,ITF6,18,Calabria,Calabria,1947131,53126,2.73,0.01
428,2021-03-18,CAL,4240,1978,2262,359,1365,232,2195,44,45,2271,1969,ITF,ITF6,18,Calabria,Calabria,1947131,57366,2.95,0.22
429,2021-03-19,CAL,4182,1946,2236,486,1330,292,1964,8,102,1898,2284,ITF,ITF6,18,Calabria,Calabria,1947131,61548,3.16,0.21
430,2021-02-08,CAL,1847,733,1114,1214,512,121,0,0,0,661,1186,ITF,ITF6,18,Calabria,Calabria,1947131,63395,3.26,0.09
431,2021-03-04,CAL,5381,3104,2277,646,1413,731,1540,1049,2,4585,796,ITF,ITF6,18,Calabria,Calabria,1947131,68776,3.53,0.28
432,2021-01-31,CAL,1107,554,553,764,285,58,0,0,0,155,952,ITF,ITF6,18,Calabria,Calabria,1947131,69883,3.59,0.06
433,2021-02-12,CAL,1711,669,1042,815,760,136,0,0,0,943,768,ITF,ITF6,18,Calabria,Calabria,1947131,71594,3.68,0.09
434,2021-02-25,CAL,2821,1519,1302,736,636,234,863,348,4,2242,579,ITF,ITF6,18,Calabria,Calabria,1947131,74415,3.82,0.14
435,2021-03-07,CAL,3131,1561,1570,105,655,348,1674,347,2,3042,89,ITF,ITF6,18,Calabria,Calabria,1947131,77546,3.98,0.16
436,2021-02-11,CAL,2341,1043,1298,1464,636,241,0,0,0,1081,1260,ITF,ITF6,18,Calabria,Calabria,1947131,79887,4.1,0.12
437,2021-02-05,CAL,3795,1709,2086,2327,914,554,0,0,0,488,3307,ITF,ITF6,18,Calabria,Calabria,1947131,83682,4.3,0.19
438,2021-01-17,CAL,867,418,449,527,292,48,0,0,0,801,66,ITF,ITF6,18,Calabria,Calabria,1947131,84549,4.34,0.04
439,2021-02-27,CAL,3679,1913,1766,421,588,395,1971,302,2,3301,378,ITF,ITF6,18,Calabria,Calabria,1947131,88228,4.53,0.19
440,2021-03-17,CAL,3634,1621,2013,277,980,165,2093,26,93,1937,1697,ITF,ITF6,18,Calabria,Calabria,1947131,91862,4.72,0.19
441,2021-02-26,CAL,3077,1630,1447,538,688,406,1147,294,4,2610,467,ITF,ITF6,18,Calabria,Calabria,1947131,94939,4.88,0.16
442,2021-03-08,CAL,5312,2815,2497,707,1813,453,1514,822,3,4254,1058,ITF,ITF6,18,Calabria,Calabria,1947131,100251,5.15,0.27
443,2021-02-24,CAL,1843,940,903,658,366,115,653,47,4,1368,475,ITF,ITF6,18,Calabria,Calabria,1947131,102094,5.24,0.09
444,2021-01-29,CAL,2048,984,1064,1752,247,49,0,0,0,234,1814,ITF,ITF6,18,Calabria,Calabria,1947131,104142,5.35,0.11
445,2021-01-22,CAL,656,274,382,298,248,110,0,0,0,654,2,ITF,ITF6,18,Calabria,Calabria,1947131,104798,5.38,0.03
446,2021-03-20,CAL,6455,2975,3480,432,1588,395,3561,34,445,4070,2385,ITF,ITF6,18,Calabria,Calabria,1947131,111253,5.71,0.33
447,2021-01-27,CAL,1457,734,723,1226,208,23,0,0,0,396,1061,ITF,ITF6,18,Calabria,Calabria,1947131,112710,5.79,0.07
448,2021-01-20,CAL,1395,622,773,864,352,179,0,0,0,1394,1,ITF,ITF6,18,Calabria,Calabria,1947131,114105,5.86,0.07
449,2021-03-11,CAL,6875,3276,3599,934,2063,570,2379,329,600,5619,1256,ITF,ITF6,18,Calabria,Calabria,1947131,120980,6.21,0.35
450,2021-03-05,CAL,6145,3540,2605,695,1589,710,1854,1292,5,5570,575,ITF,ITF6,18,Calabria,Calabria,1947131,127125,6.53,0.32
451,2021-02-28,CAL,2167,983,1184,113,152,190,1706,6,0,2016,151,ITF,ITF6,18,Calabria,Calabria,1947131,129292,6.64,0.11
452,2021-02-18,CAL,1799,802,997,585,509,299,345,0,61,1576,223,ITF,ITF6,18,Calabria,Calabria,1947131,131091,6.73,0.09
453,2021-02-13,CAL,1331,583,748,731,488,111,1,0,0,968,363,ITF,ITF6,18,Calabria,Calabria,1947131,132422,6.8,0.07
454,2021-01-25,CAL,1064,512,552,1021,43,0,0,0,0,156,908,ITF,ITF6,18,Calabria,Calabria,1947131,133486,6.86,0.05
455,2021-02-19,CAL,1461,652,809,544,341,195,380,1,0,1200,261,ITF,ITF6,18,Calabria,Calabria,1947131,134947,6.93,0.08
456,2021-03-10,CAL,6441,3278,3163,742,2351,586,2021,677,64,5250,1191,ITF,ITF6,18,Calabria,Calabria,1947131,141388,7.26,0.33
457,2021-02-14,CAL,371,145,226,146,142,83,0,0,0,341,30,ITF,ITF6,18,Calabria,Calabria,1947131,141759,7.28,0.02
458,2021-01-08,CAL,2109,1014,1095,1898,211,0,0,0,0,2109,0,ITF,ITF6,18,Calabria,Calabria,1947131,143868,7.39,0.11
459,2021-01-26,CAL,1805,861,944,1571,164,70,0,0,0,285,1520,ITF,ITF6,18,Calabria,Calabria,1947131,145673,7.48,0.09
460,2021-02-21,CAL,608,286,322,36,164,47,331,30,0,531,77,ITF,ITF6,18,Calabria,Calabria,1947131,146281,7.51,0.03
461,2021-01-06,CAL,926,500,426,822,104,0,0,0,0,926,0,ITF,ITF6,18,Calabria,Calabria,1947131,147207,7.56,0.05
462,2021-02-15,CAL,1137,538,599,499,412,159,66,0,1,989,148,ITF,ITF6,18,Calabria,Calabria,1947131,148344,7.62,0.06
463,2021-01-11,CAL,2154,1040,1114,1759,392,3,0,0,0,2154,0,ITF,ITF6,18,Calabria,Calabria,1947131,150498,7.73,0.11
464,2021-03-21,CAL,3394,1404,1990,105,555,197,1791,23,723,1695,1699,ITF,ITF6,18,Calabria,Calabria,1947131,153892,7.9,0.17
465,2021-02-16,CAL,1534,643,891,659,517,240,118,0,0,1255,279,ITF,ITF6,18,Calabria,Calabria,1947131,155426,7.98,0.08
466,2021-03-01,CAL,2688,1533,1155,399,422,257,971,636,3,2238,450,ITF,ITF6,18,Calabria,Calabria,1947131,158114,8.12,0.14
467,2021-02-17,CAL,1681,672,1009,673,343,285,299,0,81,1471,210,ITF,ITF6,18,Calabria,Calabria,1947131,159795,8.21,0.09
468,2021-02-03,CAL,2763,1428,1335,2170,490,103,0,0,0,583,2180,ITF,ITF6,18,Calabria,Calabria,1947131,162558,8.35,0.14
469,2021-01-13,CAL,2028,1022,1006,1800,194,34,0,0,0,2028,0,ITF,ITF6,18,Calabria,Calabria,1947131,164586,8.45,0.1
470,2021-03-13,CAL,6653,2933,3720,425,1376,338,3764,65,685,5679,974,ITF,ITF6,18,Calabria,Calabria,1947131,171239,8.79,0.34
471,2021-02-07,CAL,859,428,431,566,212,81,0,0,0,147,712,ITF,ITF6,18,Calabria,Calabria,1947131,172098,8.84,0.04
472,2021-01-19,CAL,1109,488,621,853,180,76,0,0,0,1098,11,ITF,ITF6,18,Calabria,Calabria,1947131,173207,8.9,0.06
473,2021-01-07,CAL,2180,1061,1119,1883,297,0,0,0,0,2180,0,ITF,ITF6,18,Calabria,Calabria,1947131,175387,9.01,0.11
474,2021-02-22,CAL,1996,1013,983,727,543,166,552,3,5,1441,555,ITF,ITF6,18,Calabria,Calabria,1947131,177383,9.11,0.1
475,2021-03-22,CAL,1289,637,652,64,310,75,535,16,289,674,615,ITF,ITF6,18,Calabria,Calabria,1947131,178672,9.18,0.07
476,2021-01-15,CAL,2793,1258,1535,1690,691,412,0,0,0,2793,0,ITF,ITF6,18,Calabria,Calabria,1947131,181465,9.32,0.14
477,2021-01-10,CAL,929,524,405,830,99,0,0,0,0,929,0,ITF,ITF6,18,Calabria,Calabria,1947131,182394,9.37,0.05
478,2021-02-10,CAL,2463,1074,1389,1469,637,357,0,0,0,839,1624,ITF,ITF6,18,Calabria,Calabria,1947131,184857,9.49,0.13
479,2021-01-23,CAL,400,186,214,325,52,23,0,0,0,358,42,ITF,ITF6,18,Calabria,Calabria,1947131,185257,9.51,0.02
480,2021-01-21,CAL,958,444,514,735,108,115,0,0,0,929,29,ITF,ITF6,18,Calabria,Calabria,1947131,186215,9.56,0.05
481,2021-03-14,CAL,2542,1018,1524,322,376,312,802,9,721,2142,400,ITF,ITF6,18,Calabria,Calabria,1947131,188757,9.69,0.13
482,2021-02-09,CAL,2147,904,1243,1422,494,231,0,0,0,948,1199,ITF,ITF6,18,Calabria,Calabria,1947131,190904,9.8,0.11
483,2021-01-09,CAL,1916,1036,880,1529,387,0,0,0,0,1916,0,ITF,ITF6,18,Calabria,Calabria,1947131,192820,9.9,0.1
484,2021-01-03,CAL,6,3,3,4,2,0,0,0,0,6,0,ITF,ITF6,18,Calabria,Calabria,1947131,192826,9.9,0.0
485,2021-02-20,CAL,1358,735,623,438,411,55,433,19,2,1043,315,ITF,ITF6,18,Calabria,Calabria,1947131,194184,9.97,0.07
486,2021-02-01,CAL,2497,1192,1305,2044,410,43,0,0,0,248,2249,ITF,ITF6,18,Calabria,Calabria,1947131,196681,10.1,0.13
487,2020-12-28,CAL,6,2,4,6,0,0,0,0,0,6,0,ITF,ITF6,18,Calabria,Calabria,1947131,196687,10.1,0.0
488,2021-02-23,CAL,1549,728,821,437,381,206,522,2,1,1434,115,ITF,ITF6,18,Calabria,Calabria,1947131,198236,10.18,0.08
489,2021-03-15,CAL,3447,1652,1795,542,927,136,1093,163,586,2018,1429,ITF,ITF6,18,Calabria,Calabria,1947131,201683,10.36,0.18
490,2021-01-14,CAL,2557,1214,1343,1962,592,3,0,0,0,2557,0,ITF,ITF6,18,Calabria,Calabria,1947131,204240,10.49,0.13
491,2021-01-27,LAZ,5768,2170,3598,4797,385,457,129,0,0,651,5117,ITI,ITI4,12,Lazio,Lazio,5879082,5768,0.1,0.1
492,2021-02-10,LAZ,7776,3116,4660,2646,581,633,3916,0,0,4841,2935,ITI,ITI4,12,Lazio,Lazio,5879082,13544,0.23,0.13
493,2021-01-31,LAZ,4279,1783,2496,3572,339,244,124,0,0,296,3983,ITI,ITI4,12,Lazio,Lazio,5879082,17823,0.3,0.07
494,2021-03-13,LAZ,21184,8313,12871,5063,2486,325,8851,720,3739,15298,5886,ITI,ITI4,12,Lazio,Lazio,5879082,39007,0.66,0.36
495,2021-01-03,LAZ,5250,1972,3278,5125,60,65,0,0,0,5250,0,ITI,ITI4,12,Lazio,Lazio,5879082,44257,0.75,0.09
496,2021-02-03,LAZ,6288,2348,3940,4620,555,1078,35,0,0,901,5387,ITI,ITI4,12,Lazio,Lazio,5879082,50545,0.86,0.11
497,2021-02-06,LAZ,5069,2015,3054,3270,630,660,509,0,0,769,4300,ITI,ITI4,12,Lazio,Lazio,5879082,55614,0.95,0.09
498,2021-01-19,LAZ,4361,1671,2690,2967,562,424,408,0,0,3908,453,ITI,ITI4,12,Lazio,Lazio,5879082,59975,1.02,0.07
499,2021-02-27,LAZ,11368,4246,7122,1358,885,515,4787,1120,2703,10415,953,ITI,ITI4,12,Lazio,Lazio,5879082,71343,1.21,0.19
500,2021-03-21,LAZ,16630,6456,10174,592,4496,110,8126,6,3300,11637,4993,ITI,ITI4,12,Lazio,Lazio,5879082,87973,1.5,0.28
501,2021-02-12,LAZ,6494,2645,3849,1995,423,302,3774,0,0,6417,77,ITI,ITI4,12,Lazio,Lazio,5879082,94467,1.61,0.11
502,2021-01-25,LAZ,7761,3041,4720,7006,270,363,122,0,0,421,7340,ITI,ITI4,12,Lazio,Lazio,5879082,102228,1.74,0.13
503,2021-02-26,LAZ,12864,5600,7264,1909,1333,352,5146,1385,2739,11646,1218,ITI,ITI4,12,Lazio,Lazio,5879082,115092,1.96,0.22
504,2021-02-17,LAZ,8808,4371,4437,2282,432,499,4249,1345,1,8280,528,ITI,ITI4,12,Lazio,Lazio,5879082,123900,2.11,0.15
505,2021-01-20,LAZ,4390,1657,2733,3279,399,426,286,0,0,2849,1541,ITI,ITI4,12,Lazio,Lazio,5879082,128290,2.18,0.07
506,2021-03-02,LAZ,16528,7149,9379,1808,1421,229,8038,1278,3754,12599,3929,ITI,ITI4,12,Lazio,Lazio,5879082,144818,2.46,0.28
507,2021-01-10,LAZ,4039,1700,2339,3424,363,252,0,0,0,4039,0,ITI,ITI4,12,Lazio,Lazio,5879082,148857,2.53,0.07
508,2021-02-22,LAZ,11413,4974,6439,1778,309,472,5242,1390,2222,10912,501,ITI,ITI4,12,Lazio,Lazio,5879082,160270,2.73,0.19
509,2021-03-22,LAZ,8693,3548,5145,454,2074,92,4654,42,1377,5582,3111,ITI,ITI4,12,Lazio,Lazio,5879082,168963,2.87,0.15
510,2021-02-24,LAZ,11974,5178,6796,1797,936,337,5177,1327,2400,10985,989,ITI,ITI4,12,Lazio,Lazio,5879082,180937,3.08,0.2
511,2021-03-20,LAZ,17512,6505,11007,1767,3768,360,8710,3,2904,11708,5804,ITI,ITI4,12,Lazio,Lazio,5879082,198449,3.38,0.3
512,2021-03-16,LAZ,13353,5669,7684,1471,2200,280,9390,7,5,6979,6374,ITI,ITI4,12,Lazio,Lazio,5879082,211802,3.6,0.23
513,2020-12-30,LAZ,1630,629,1001,1603,0,27,0,0,0,1630,0,ITI,ITI4,12,Lazio,Lazio,5879082,213432,3.63,0.03
514,2021-01-29,LAZ,7594,2866,4728,6373,427,704,90,0,0,477,7117,ITI,ITI4,12,Lazio,Lazio,5879082,221026,3.76,0.13
515,2021-02-11,LAZ,6657,2788,3869,2196,334,500,3627,0,0,6459,198,ITI,ITI4,12,Lazio,Lazio,5879082,227683,3.87,0.11
516,2021-02-28,LAZ,10223,3996,6227,1601,688,77,4576,682,2599,9709,514,ITI,ITI4,12,Lazio,Lazio,5879082,237906,4.05,0.17
517,2021-01-01,LAZ,3553,1381,2172,3483,2,68,0,0,0,3553,0,ITI,ITI4,12,Lazio,Lazio,5879082,241459,4.11,0.06
518,2021-02-13,LAZ,6274,2436,3838,2123,213,280,3658,0,0,6186,88,ITI,ITI4,12,Lazio,Lazio,5879082,247733,4.21,0.11
519,2021-03-18,LAZ,13990,6001,7989,1739,2705,330,9201,9,6,7662,6328,ITI,ITI4,12,Lazio,Lazio,5879082,261723,4.45,0.24
520,2021-02-25,LAZ,12618,5509,7109,1754,1209,489,5132,1423,2611,11572,1046,ITI,ITI4,12,Lazio,Lazio,5879082,274341,4.67,0.21
521,2021-01-26,LAZ,7602,2907,4695,6590,256,631,125,0,0,372,7230,ITI,ITI4,12,Lazio,Lazio,5879082,281943,4.8,0.13
522,2021-02-07,LAZ,4668,1865,2803,3251,385,218,813,0,1,382,4286,ITI,ITI4,12,Lazio,Lazio,5879082,286611,4.88,0.08
523,2021-02-08,LAZ,9334,3868,5466,3788,874,918,3754,0,0,4487,4847,ITI,ITI4,12,Lazio,Lazio,5879082,295945,5.03,0.16
524,2021-03-08,LAZ,19823,8196,11627,2421,2182,379,9031,1102,4708,14561,5262,ITI,ITI4,12,Lazio,Lazio,5879082,315768,5.37,0.34
525,2021-01-17,LAZ,4555,1841,2714,3231,336,177,811,0,0,4343,212,ITI,ITI4,12,Lazio,Lazio,5879082,320323,5.45,0.08
526,2020-12-29,LAZ,440,155,285,440,0,0,0,0,0,440,0,ITI,ITI4,12,Lazio,Lazio,5879082,320763,5.46,0.01
527,2021-03-12,LAZ,22537,9964,12573,4614,3421,400,9380,774,3948,16226,6311,ITI,ITI4,12,Lazio,Lazio,5879082,343300,5.84,0.38
528,2021-01-12,LAZ,5391,1974,3417,4343,464,584,0,0,0,5391,0,ITI,ITI4,12,Lazio,Lazio,5879082,348691,5.93,0.09
529,2021-01-23,LAZ,6883,2682,4201,6063,278,417,125,0,0,255,6628,ITI,ITI4,12,Lazio,Lazio,5879082,355574,6.05,0.12
530,2021-01-24,LAZ,5467,2109,3358,4945,262,134,126,0,0,385,5082,ITI,ITI4,12,Lazio,Lazio,5879082,361041,6.14,0.09
531,2021-01-28,LAZ,7954,2998,4956,6810,496,514,134,0,0,459,7495,ITI,ITI4,12,Lazio,Lazio,5879082,368995,6.28,0.14
532,2021-01-30,LAZ,6649,2730,3919,5298,574,651,126,0,0,448,6201,ITI,ITI4,12,Lazio,Lazio,5879082,375644,6.39,0.11
533,2021-03-03,LAZ,17018,7197,9821,2097,1374,374,7987,1249,3937,12728,4290,ITI,ITI4,12,Lazio,Lazio,5879082,392662,6.68,0.29
534,2021-03-01,LAZ,16616,7102,9514,1551,1736,383,7961,1406,3579,12766,3850,ITI,ITI4,12,Lazio,Lazio,5879082,409278,6.96,0.28
535,2021-02-16,LAZ,8043,3862,4181,2058,578,261,4195,950,1,7786,257,ITI,ITI4,12,Lazio,Lazio,5879082,417321,7.1,0.14
536,2021-01-06,LAZ,5096,1951,3145,4619,155,320,0,1,1,5096,0,ITI,ITI4,12,Lazio,Lazio,5879082,422417,7.19,0.09
537,2021-03-14,LAZ,16986,6572,10414,1319,3382,81,8313,445,3446,11852,5134,ITI,ITI4,12,Lazio,Lazio,5879082,439403,7.47,0.29
538,2021-02-23,LAZ,10896,4678,6218,1896,602,309,5164,1015,1910,10272,624,ITI,ITI4,12,Lazio,Lazio,5879082,450299,7.66,0.19
539,2021-01-11,LAZ,5525,2103,3422,4553,403,569,0,0,0,5525,0,ITI,ITI4,12,Lazio,Lazio,5879082,455824,7.75,0.09
540,2021-03-07,LAZ,14022,5404,8618,1200,1229,148,7216,696,3533,10433,3589,ITI,ITI4,12,Lazio,Lazio,5879082,469846,7.99,0.24
541,2021-01-13,LAZ,5559,2063,3496,4145,402,1009,3,0,0,5559,0,ITI,ITI4,12,Lazio,Lazio,5879082,475405,8.09,0.09
542,2021-01-09,LAZ,6288,2556,3732,5110,558,620,0,0,0,6288,0,ITI,ITI4,12,Lazio,Lazio,5879082,481693,8.19,0.11
543,2020-12-28,LAZ,959,412,547,957,2,0,0,0,0,959,0,ITI,ITI4,12,Lazio,Lazio,5879082,482652,8.21,0.02
544,2021-01-05,LAZ,7370,2802,4568,6690,102,577,0,1,0,7370,0,ITI,ITI4,12,Lazio,Lazio,5879082,490022,8.34,0.13
545,2021-01-15,LAZ,6223,2465,3758,4476,604,988,155,0,0,6223,0,ITI,ITI4,12,Lazio,Lazio,5879082,496245,8.44,0.11
546,2021-02-21,LAZ,6799,3101,3698,1245,362,51,4518,607,16,6517,282,ITI,ITI4,12,Lazio,Lazio,5879082,503044,8.56,0.12
547,2021-01-04,LAZ,7478,2907,4571,7075,86,316,0,0,1,7478,0,ITI,ITI4,12,Lazio,Lazio,5879082,510522,8.68,0.13
548,2021-02-01,LAZ,5669,2173,3496,4784,319,559,7,0,0,353,5316,ITI,ITI4,12,Lazio,Lazio,5879082,516191,8.78,0.1
549,2021-01-07,LAZ,7724,2894,4830,6881,277,566,0,0,0,7724,0,ITI,ITI4,12,Lazio,Lazio,5879082,523915,8.91,0.13
550,2021-02-14,LAZ,5536,2246,3290,1645,318,127,3446,0,0,5287,249,ITI,ITI4,12,Lazio,Lazio,5879082,529451,9.01,0.09
551,2021-03-15,LAZ,19131,8281,10850,2292,3663,408,9536,706,2526,12439,6692,ITI,ITI4,12,Lazio,Lazio,5879082,548582,9.33,0.33
552,2021-03-10,LAZ,21734,9351,12383,3997,2627,451,8863,1179,4617,16109,5625,ITI,ITI4,12,Lazio,Lazio,5879082,570316,9.7,0.37
553,2021-03-19,LAZ,16446,6982,9464,2042,3804,386,9187,67,960,10206,6240,ITI,ITI4,12,Lazio,Lazio,5879082,586762,9.98,0.28
554,2021-03-11,LAZ,23562,10488,13074,4811,3136,440,9213,1526,4436,17342,6220,ITI,ITI4,12,Lazio,Lazio,5879082,610324,10.38,0.4
555,2021-02-20,LAZ,8795,4082,4713,1942,461,298,4762,1310,22,8378,417,ITI,ITI4,12,Lazio,Lazio,5879082,619119,10.53,0.15
556,2021-01-02,LAZ,6704,2629,4075,6268,78,358,0,0,0,6704,0,ITI,ITI4,12,Lazio,Lazio,5879082,625823,10.64,0.11
557,2021-03-09,LAZ,20741,8894,11847,3360,2290,338,8906,1230,4617,15550,5191,ITI,ITI4,12,Lazio,Lazio,5879082,646564,11.0,0.35
558,2021-01-14,LAZ,5232,1961,3271,3887,450,811,84,0,0,5232,0,ITI,ITI4,12,Lazio,Lazio,5879082,651796,11.09,0.09
559,2021-02-18,LAZ,9676,4799,4877,2162,419,473,4956,1665,1,9178,498,ITI,ITI4,12,Lazio,Lazio,5879082,661472,11.25,0.16
560,2021-02-19,LAZ,9698,4893,4805,2170,390,408,5060,1636,34,9201,497,ITI,ITI4,12,Lazio,Lazio,5879082,671170,11.42,0.16
561,2021-01-18,LAZ,5835,2268,3567,3901,756,725,453,0,0,4857,978,ITI,ITI4,12,Lazio,Lazio,5879082,677005,11.52,0.1
562,2021-01-08,LAZ,7707,2887,4820,6517,392,798,0,0,0,7707,0,ITI,ITI4,12,Lazio,Lazio,5879082,684712,11.65,0.13
563,2021-02-09,LAZ,8393,3484,4909,3258,582,548,4005,0,0,4571,3822,ITI,ITI4,12,Lazio,Lazio,5879082,693105,11.79,0.14
564,2020-12-31,LAZ,5218,2095,3123,4927,12,279,0,0,0,5218,0,ITI,ITI4,12,Lazio,Lazio,5879082,698323,11.88,0.09
565,2021-02-15,LAZ,7726,3379,4347,2447,675,378,4218,8,0,7429,297,ITI,ITI4,12,Lazio,Lazio,5879082,706049,12.01,0.13
566,2021-01-21,LAZ,5247,2109,3138,4780,110,232,125,0,0,196,5051,ITI,ITI4,12,Lazio,Lazio,5879082,711296,12.1,0.09
567,2021-02-02,LAZ,5772,2133,3639,4712,486,571,3,0,0,501,5271,ITI,ITI4,12,Lazio,Lazio,5879082,717068,12.2,0.1
568,2020-12-27,LAZ,272,131,141,272,0,0,0,0,0,272,0,ITI,ITI4,12,Lazio,Lazio,5879082,717340,12.2,0.0
569,2021-02-05,LAZ,6910,2722,4188,5095,631,995,189,0,0,1131,5779,ITI,ITI4,12,Lazio,Lazio,5879082,724250,12.32,0.12
570,2021-01-16,LAZ,5345,2072,3273,3350,461,1064,470,0,0,5345,0,ITI,ITI4,12,Lazio,Lazio,5879082,729595,12.41,0.09
571,2021-03-17,LAZ,13356,5714,7642,1481,2313,254,9287,7,14,7197,6159,ITI,ITI4,12,Lazio,Lazio,5879082,742951,12.64,0.23
572,2021-03-06,LAZ,17937,6887,11050,3652,1363,327,7891,932,3772,13683,4254,ITI,ITI4,12,Lazio,Lazio,5879082,760888,12.94,0.31
573,2021-03-05,LAZ,18493,7800,10693,2724,1745,256,8476,1323,3969,13772,4721,ITI,ITI4,12,Lazio,Lazio,5879082,779381,13.26,0.31
574,2021-02-04,LAZ,6045,2281,3764,4460,621,892,72,0,0,942,5103,ITI,ITI4,12,Lazio,Lazio,5879082,785426,13.36,0.1
575,2021-01-22,LAZ,3662,1442,2220,3379,90,70,123,0,0,148,3514,ITI,ITI4,12,Lazio,Lazio,5879082,789088,13.42,0.06
576,2021-03-04,LAZ,18172,7736,10436,2771,1552,507,8122,1315,3905,13167,5005,ITI,ITI4,12,Lazio,Lazio,5879082,807260,13.73,0.31
577,2021-01-04,TOS,5063,1893,3170,4099,32,932,0,0,0,5063,0,ITI,ITI1,9,Toscana,Toscana,3729641,5063,0.14,0.14
578,2021-03-03,TOS,17991,6404,11587,3318,1154,135,9074,864,3446,14394,3597,ITI,ITI1,9,Toscana,Toscana,3729641,23054,0.62,0.48
579,2021-03-11,TOS,15084,5815,9269,2436,2246,229,9996,165,12,11775,3309,ITI,ITI1,9,Toscana,Toscana,3729641,38138,1.02,0.4
580,2021-02-20,TOS,4641,1790,2851,3350,1038,203,17,15,18,4128,513,ITI,ITI1,9,Toscana,Toscana,3729641,42779,1.15,0.12
581,2021-02-16,TOS,9267,3338,5929,5083,982,178,10,691,2323,8556,711,ITI,ITI1,9,Toscana,Toscana,3729641,52046,1.4,0.25
582,2021-01-09,TOS,4484,1596,2888,3779,144,560,1,0,0,4484,0,ITI,ITI1,9,Toscana,Toscana,3729641,56530,1.52,0.12
583,2021-03-01,TOS,4295,1611,2684,3188,601,136,2,343,25,660,3635,ITI,ITI1,9,Toscana,Toscana,3729641,60825,1.63,0.12
584,2021-02-19,TOS,8297,2951,5346,2966,1234,243,154,580,3120,7790,507,ITI,ITI1,9,Toscana,Toscana,3729641,69122,1.85,0.22
585,2021-02-06,TOS,4527,1550,2977,3725,575,227,0,0,0,1294,3233,ITI,ITI1,9,Toscana,Toscana,3729641,73649,1.97,0.12
586,2021-01-03,TOS,3336,1052,2284,2565,9,762,0,0,0,3336,0,ITI,ITI1,9,Toscana,Toscana,3729641,76985,2.06,0.09
587,2021-02-26,TOS,10048,3817,6231,1557,1706,298,1787,1137,3563,8842,1206,ITI,ITI1,9,Toscana,Toscana,3729641,87033,2.33,0.27
588,2021-03-08,TOS,6252,2554,3698,4063,1732,177,64,208,8,1434,4818,ITI,ITI1,9,Toscana,Toscana,3729641,93285,2.5,0.17
589,2021-02-03,TOS,4221,1452,2769,3475,240,505,1,0,0,241,3980,ITI,ITI1,9,Toscana,Toscana,3729641,97506,2.61,0.11
590,2021-01-22,TOS,2861,1063,1798,2022,81,758,0,0,0,525,2336,ITI,ITI1,9,Toscana,Toscana,3729641,100367,2.69,0.08
591,2021-02-12,TOS,7606,2683,4923,3742,3272,188,2,402,0,7393,213,ITI,ITI1,9,Toscana,Toscana,3729641,107973,2.89,0.2
592,2021-03-15,TOS,8298,3300,4998,3216,1957,401,23,420,2281,3862,4436,ITI,ITI1,9,Toscana,Toscana,3729641,116271,3.12,0.22
593,2021-02-18,TOS,8815,3284,5531,2924,1511,228,214,796,3142,7923,892,ITI,ITI1,9,Toscana,Toscana,3729641,125086,3.35,0.24
594,2021-01-06,TOS,4519,1459,3060,3984,10,525,0,0,0,4519,0,ITI,ITI1,9,Toscana,Toscana,3729641,129605,3.47,0.12
595,2021-02-07,TOS,2806,953,1853,2349,300,157,0,0,0,885,1921,ITI,ITI1,9,Toscana,Toscana,3729641,132411,3.55,0.08
596,2021-01-01,TOS,2368,786,1582,1716,2,650,0,0,0,2368,0,ITI,ITI1,9,Toscana,Toscana,3729641,134779,3.61,0.06
597,2021-01-08,TOS,5944,1641,4303,5360,39,545,0,0,0,5944,0,ITI,ITI1,9,Toscana,Toscana,3729641,140723,3.77,0.16
598,2021-03-02,TOS,10522,3763,6759,3169,1026,125,1820,870,3512,7085,3437,ITI,ITI1,9,Toscana,Toscana,3729641,151245,4.06,0.28
599,2021-01-24,TOS,3348,1072,2276,2601,37,709,1,0,0,200,3148,ITI,ITI1,9,Toscana,Toscana,3729641,154593,4.14,0.09
600,2021-01-19,TOS,1104,531,573,392,221,491,0,0,0,1104,0,ITI,ITI1,9,Toscana,Toscana,3729641,155697,4.17,0.03
601,2021-03-18,TOS,9536,3806,5730,427,1416,256,7427,7,3,5682,3854,ITI,ITI1,9,Toscana,Toscana,3729641,165233,4.43,0.26
602,2021-02-13,TOS,7785,2360,5425,3667,3768,163,0,186,1,7558,227,ITI,ITI1,9,Toscana,Toscana,3729641,173018,4.64,0.21
603,2021-02-01,TOS,5465,1942,3523,4441,407,617,0,0,0,521,4944,ITI,ITI1,9,Toscana,Toscana,3729641,178483,4.79,0.15
604,2021-02-25,TOS,10580,4281,6299,1078,1702,259,3201,1141,3199,9586,994,ITI,ITI1,9,Toscana,Toscana,3729641,189063,5.07,0.28
605,2021-03-20,TOS,6325,2781,3544,879,5290,80,28,14,34,5229,1096,ITI,ITI1,9,Toscana,Toscana,3729641,195388,5.24,0.17
606,2021-02-24,TOS,10345,4457,5888,81,1570,301,4114,1331,2948,10148,197,ITI,ITI1,9,Toscana,Toscana,3729641,205733,5.52,0.28
607,2021-02-17,TOS,8175,3168,5007,3465,1173,249,218,584,2486,7424,751,ITI,ITI1,9,Toscana,Toscana,3729641,213908,5.74,0.22
608,2021-01-21,TOS,1589,686,903,579,220,790,0,0,0,867,722,ITI,ITI1,9,Toscana,Toscana,3729641,215497,5.78,0.04
609,2021-01-15,TOS,3878,1347,2531,2758,676,444,0,0,0,3878,0,ITI,ITI1,9,Toscana,Toscana,3729641,219375,5.88,0.1
610,2021-03-05,TOS,16242,6222,10020,3920,2411,170,5121,748,3872,11502,4740,ITI,ITI1,9,Toscana,Toscana,3729641,235617,6.32,0.44
611,2021-01-05,TOS,5244,1755,3489,4354,11,879,0,0,0,5244,0,ITI,ITI1,9,Toscana,Toscana,3729641,240861,6.46,0.14
612,2021-03-22,TOS,956,458,498,108,730,66,2,11,39,782,174,ITI,ITI1,9,Toscana,Toscana,3729641,241817,6.48,0.03
613,2021-01-14,TOS,3254,1179,2075,2459,475,320,0,0,0,3254,0,ITI,ITI1,9,Toscana,Toscana,3729641,245071,6.57,0.09
614,2020-12-30,TOS,327,104,223,34,10,283,0,0,0,327,0,ITI,ITI1,9,Toscana,Toscana,3729641,245398,6.58,0.01
615,2021-03-14,TOS,7160,2561,4599,3102,1249,121,2,211,2475,3229,3931,ITI,ITI1,9,Toscana,Toscana,3729641,252558,6.77,0.19
616,2021-02-14,TOS,8993,2567,6426,3033,5613,81,0,261,5,8883,110,ITI,ITI1,9,Toscana,Toscana,3729641,261551,7.01,0.24
617,2021-02-15,TOS,8770,3374,5396,4536,2028,216,56,794,1140,7945,825,ITI,ITI1,9,Toscana,Toscana,3729641,270321,7.25,0.24
618,2021-03-19,TOS,9740,4296,5444,618,4422,241,4411,13,35,7058,2682,ITI,ITI1,9,Toscana,Toscana,3729641,280061,7.51,0.26
619,2021-03-04,TOS,17390,6617,10773,2816,1667,274,8124,814,3695,14314,3076,ITI,ITI1,9,Toscana,Toscana,3729641,297451,7.98,0.47
620,2021-01-17,TOS,2535,871,1664,2002,293,240,0,0,0,2022,513,ITI,ITI1,9,Toscana,Toscana,3729641,299986,8.04,0.07
621,2021-02-23,TOS,7719,3323,4396,1490,1571,204,509,1114,2831,7558,161,ITI,ITI1,9,Toscana,Toscana,3729641,307705,8.25,0.21
622,2021-03-07,TOS,5647,2356,3291,3102,1097,123,15,536,774,2106,3541,ITI,ITI1,9,Toscana,Toscana,3729641,313352,8.4,0.15
623,2021-01-29,TOS,6136,1698,4438,5375,139,622,0,0,0,302,5834,ITI,ITI1,9,Toscana,Toscana,3729641,319488,8.57,0.16
624,2021-01-11,TOS,5092,1689,3403,4360,210,522,0,0,0,5092,0,ITI,ITI1,9,Toscana,Toscana,3729641,324580,8.7,0.14
625,2021-01-10,TOS,3001,1104,1897,2432,138,431,0,0,0,3001,0,ITI,ITI1,9,Toscana,Toscana,3729641,327581,8.78,0.08
626,2021-01-23,TOS,3949,1354,2595,2936,172,841,0,0,0,640,3309,ITI,ITI1,9,Toscana,Toscana,3729641,331530,8.89,0.11
627,2021-01-13,TOS,4063,1398,2665,3308,350,405,0,0,0,4063,0,ITI,ITI1,9,Toscana,Toscana,3729641,335593,9.0,0.11
628,2021-03-13,TOS,9254,3282,5972,2833,2109,54,174,344,3740,5308,3946,ITI,ITI1,9,Toscana,Toscana,3729641,344847,9.25,0.25
629,2021-03-09,TOS,10420,3991,6429,4805,2085,151,3226,142,11,4867,5553,ITI,ITI1,9,Toscana,Toscana,3729641,355267,9.53,0.28
630,2021-02-27,TOS,1945,723,1222,1354,314,132,1,125,19,1043,902,ITI,ITI1,9,Toscana,Toscana,3729641,357212,9.58,0.05
631,2021-01-25,TOS,5124,1896,3228,4159,56,909,0,0,0,248,4876,ITI,ITI1,9,Toscana,Toscana,3729641,362336,9.72,0.14
632,2021-01-02,TOS,3497,1097,2400,2682,15,800,0,0,0,3497,0,ITI,ITI1,9,Toscana,Toscana,3729641,365833,9.81,0.09
633,2021-01-20,TOS,1314,635,679,432,256,626,0,0,0,1077,237,ITI,ITI1,9,Toscana,Toscana,3729641,367147,9.84,0.04
634,2021-01-16,TOS,3271,1046,2225,2493,538,240,0,0,0,3271,0,ITI,ITI1,9,Toscana,Toscana,3729641,370418,9.93,0.09
635,2021-02-28,TOS,1648,667,981,1110,202,78,0,249,9,921,727,ITI,ITI1,9,Toscana,Toscana,3729641,372066,9.98,0.04
636,2021-02-04,TOS,4251,1594,2657,3166,624,456,5,0,0,961,3290,ITI,ITI1,9,Toscana,Toscana,3729641,376317,10.09,0.11
637,2021-01-18,TOS,1119,636,483,430,314,375,0,0,0,1021,98,ITI,ITI1,9,Toscana,Toscana,3729641,377436,10.12,0.03
638,2021-02-22,TOS,9817,4253,5564,3484,2279,315,22,1014,2703,9539,278,ITI,ITI1,9,Toscana,Toscana,3729641,387253,10.38,0.26
639,2021-01-27,TOS,4835,1572,3263,4019,74,742,0,0,0,207,4628,ITI,ITI1,9,Toscana,Toscana,3729641,392088,10.51,0.13
640,2021-02-10,TOS,4262,1280,2982,3536,241,484,0,1,0,3739,523,ITI,ITI1,9,Toscana,Toscana,3729641,396350,10.63,0.11
641,2021-02-09,TOS,4488,1468,3020,3583,388,513,4,0,0,3877,611,ITI,ITI1,9,Toscana,Toscana,3729641,400838,10.75,0.12
642,2021-03-16,TOS,4828,1849,2979,1543,1093,120,2044,12,16,2605,2223,ITI,ITI1,9,Toscana,Toscana,3729641,405666,10.88,0.13
643,2021-03-17,TOS,10929,4371,6558,347,1100,153,9325,2,2,6565,4364,ITI,ITI1,9,Toscana,Toscana,3729641,416595,11.17,0.29
644,2021-01-26,TOS,5392,1791,3601,4357,84,951,0,0,0,219,5173,ITI,ITI1,9,Toscana,Toscana,3729641,421987,11.31,0.14
645,2021-03-06,TOS,7096,2839,4257,3804,1614,145,30,357,1146,2905,4191,ITI,ITI1,9,Toscana,Toscana,3729641,429083,11.5,0.19
646,2020-12-31,TOS,805,202,603,97,10,698,0,0,0,805,0,ITI,ITI1,9,Toscana,Toscana,3729641,429888,11.53,0.02
647,2021-01-31,TOS,3048,1129,1919,2465,135,448,0,0,0,105,2943,ITI,ITI1,9,Toscana,Toscana,3729641,432936,11.61,0.08
648,2021-02-21,TOS,5104,2089,3015,3666,1219,195,2,13,9,4935,169,ITI,ITI1,9,Toscana,Toscana,3729641,438040,11.74,0.14
649,2021-03-12,TOS,16056,5987,10069,2604,1951,176,6750,650,3925,12545,3511,ITI,ITI1,9,Toscana,Toscana,3729641,454096,12.18,0.43
650,2021-03-21,TOS,3221,1571,1650,657,2466,73,7,6,12,1794,1427,ITI,ITI1,9,Toscana,Toscana,3729641,457317,12.26,0.09
651,2021-02-05,TOS,5748,2244,3504,4121,1184,442,1,0,0,1924,3824,ITI,ITI1,9,Toscana,Toscana,3729641,463065,12.42,0.15
652,2021-02-11,TOS,5383,2021,3362,2809,2218,323,12,10,11,5141,242,ITI,ITI1,9,Toscana,Toscana,3729641,468448,12.56,0.14
653,2021-02-02,TOS,3741,1475,2266,3020,287,422,6,6,0,194,3547,ITI,ITI1,9,Toscana,Toscana,3729641,472189,12.66,0.1
654,2021-02-08,TOS,4095,1358,2737,3373,345,377,0,0,0,3636,459,ITI,ITI1,9,Toscana,Toscana,3729641,476284,12.77,0.11
655,2021-01-30,TOS,4620,1622,2998,3763,219,638,0,0,0,197,4423,ITI,ITI1,9,Toscana,Toscana,3729641,480904,12.89,0.12
656,2021-01-12,TOS,3581,1398,2183,2944,283,354,0,0,0,3581,0,ITI,ITI1,9,Toscana,Toscana,3729641,484485,12.99,0.1
657,2021-03-10,TOS,17552,6862,10690,2993,2222,204,11942,178,13,13584,3968,ITI,ITI1,9,Toscana,Toscana,3729641,502037,13.46,0.47
658,2020-12-27,TOS,620,267,353,460,147,13,0,0,0,620,0,ITI,ITI1,9,Toscana,Toscana,3729641,502657,13.48,0.02
659,2021-01-07,TOS,6018,1751,4267,5308,30,680,0,0,0,6018,0,ITI,ITI1,9,Toscana,Toscana,3729641,508675,13.64,0.16
660,2021-01-28,TOS,6275,1880,4395,5421,66,788,0,0,0,349,5926,ITI,ITI1,9,Toscana,Toscana,3729641,514950,13.81,0.17
661,2021-01-17,EMR,2889,887,2002,1913,425,547,0,0,4,2643,246,ITH,ITH5,8,Emilia-Romagna,Emilia-Romagna,4459477,2889,0.06,0.06
662,2020-12-31,EMR,2204,776,1428,1675,202,327,0,0,0,2204,0,ITH,ITH5,8,Emilia-Romagna,Emilia-Romagna,4459477,5093,0.11,0.05
663,2021-03-19,EMR,13036,5480,7556,1006,2170,48,9428,71,313,5937,7099,ITH,ITH5,8,Emilia-Romagna,Emilia-Romagna,4459477,18129,0.41,0.29
664,2021-02-17,EMR,6533,2761,3772,803,1278,404,4048,0,0,5760,773,ITH,ITH5,8,Emilia-Romagna,Emilia-Romagna,4459477,24662,0.55,0.15
665,2021-02-16,EMR,5728,2427,3301,743,908,437,3640,0,0,5198,530,ITH,ITH5,8,Emilia-Romagna,Emilia-Romagna,4459477,30390,0.68,0.13
666,2021-02-18,EMR,7043,2892,4151,891,531,236,5385,0,0,6461,582,ITH,ITH5,8,Emilia-Romagna,Emilia-Romagna,4459477,37433,0.84,0.16
667,2021-01-24,EMR,2442,884,1558,2079,114,249,0,0,0,299,2143,ITH,ITH5,8,Emilia-Romagna,Emilia-Romagna,4459477,39875,0.89,0.05
668,2021-03-04,EMR,16274,5297,10977,2594,1177,239,6346,511,5407,13283,2991,ITH,ITH5,8,Emilia-Romagna,Emilia-Romagna,4459477,56149,1.26,0.36
669,2021-03-22,EMR,4388,1871,2517,222,1461,0,2562,6,137,2376,2012,ITH,ITH5,8,Emilia-Romagna,Emilia-Romagna,4459477,60537,1.36,0.1
670,2021-01-23,EMR,2443,868,1575,1899,114,430,0,0,0,441,2002,ITH,ITH5,8,Emilia-Romagna,Emilia-Romagna,4459477,62980,1.41,0.05
671,2021-03-07,EMR,6528,2433,4095,1452,737,22,2555,513,1249,5013,1515,ITH,ITH5,8,Emilia-Romagna,Emilia-Romagna,4459477,69508,1.56,0.15
672,2021-03-02,EMR,11592,3807,7785,1921,785,221,5267,355,3043,9618,1974,ITH,ITH5,8,Emilia-Romagna,Emilia-Romagna,4459477,81100,1.82,0.26
673,2021-03-13,EMR,15660,6076,9584,1245,1281,73,8217,886,3958,10374,5286,ITH,ITH5,8,Emilia-Romagna,Emilia-Romagna,4459477,96760,2.17,0.35
674,2021-01-14,EMR,8085,2573,5512,5390,1088,1606,0,1,0,8085,0,ITH,ITH5,8,Emilia-Romagna,Emilia-Romagna,4459477,104845,2.35,0.18
675,2021-03-05,EMR,17477,5679,11798,3063,1476,244,6249,531,5914,14083,3394,ITH,ITH5,8,Emilia-Romagna,Emilia-Romagna,4459477,122322,2.74,0.39
676,2021-01-30,EMR,10037,3508,6529,7562,1706,769,0,0,0,143,9894,ITH,ITH5,8,Emilia-Romagna,Emilia-Romagna,4459477,132359,2.97,0.23
677,2021-01-11,EMR,9323,3266,6057,6574,1482,1267,0,0,0,9323,0,ITH,ITH5,8,Emilia-Romagna,Emilia-Romagna,4459477,141682,3.18,0.21
678,2021-01-25,EMR,6413,2128,4285,5231,504,678,0,0,0,221,6192,ITH,ITH5,8,Emilia-Romagna,Emilia-Romagna,4459477,148095,3.32,0.14
679,2021-03-15,EMR,12571,5634,6937,789,1280,142,9058,777,525,6152,6419,ITH,ITH5,8,Emilia-Romagna,Emilia-Romagna,4459477,160666,3.6,0.28
680,2021-01-02,EMR,2347,903,1444,2071,79,197,0,0,0,2347,0,ITH,ITH5,8,Emilia-Romagna,Emilia-Romagna,4459477,163013,3.66,0.05
681,2021-01-20,EMR,1321,269,1052,391,143,787,0,0,0,1320,1,ITH,ITH5,8,Emilia-Romagna,Emilia-Romagna,4459477,164334,3.69,0.03
682,2021-03-06,EMR,20312,5804,14508,2672,963,40,5859,517,10261,17620,2692,ITH,ITH5,8,Emilia-Romagna,Emilia-Romagna,4459477,184646,4.14,0.46
683,2021-03-16,EMR,11958,4878,7080,409,682,86,10653,6,122,4735,7223,ITH,ITH5,8,Emilia-Romagna,Emilia-Romagna,4459477,196604,4.41,0.27
684,2021-01-22,EMR,1827,477,1350,941,164,722,0,0,0,1088,739,ITH,ITH5,8,Emilia-Romagna,Emilia-Romagna,4459477,198431,4.45,0.04
685,2021-03-20,EMR,15145,6247,8898,696,4349,78,9129,72,821,8349,6796,ITH,ITH5,8,Emilia-Romagna,Emilia-Romagna,4459477,213576,4.79,0.34
686,2021-02-07,EMR,4786,1534,3252,3685,644,444,10,0,3,1727,3059,ITH,ITH5,8,Emilia-Romagna,Emilia-Romagna,4459477,218362,4.9,0.11
687,2021-02-26,EMR,7615,2887,4728,1008,624,217,5463,0,303,6579,1036,ITH,ITH5,8,Emilia-Romagna,Emilia-Romagna,4459477,225977,5.07,0.17
688,2021-03-21,EMR,11107,4809,6298,562,3924,106,5903,55,557,6618,4489,ITH,ITH5,8,Emilia-Romagna,Emilia-Romagna,4459477,237084,5.32,0.25
689,2021-01-13,EMR,9062,2938,6124,6005,1312,1744,0,0,1,9062,0,ITH,ITH5,8,Emilia-Romagna,Emilia-Romagna,4459477,246146,5.52,0.2
690,2021-02-06,EMR,7526,2379,5147,5358,946,1172,50,0,0,2120,5406,ITH,ITH5,8,Emilia-Romagna,Emilia-Romagna,4459477,253672,5.69,0.17
691,2021-01-21,EMR,2151,725,1426,1282,216,653,0,0,0,809,1342,ITH,ITH5,8,Emilia-Romagna,Emilia-Romagna,4459477,255823,5.74,0.05
692,2021-01-10,EMR,7125,2663,4462,5642,977,499,6,0,1,7125,0,ITH,ITH5,8,Emilia-Romagna,Emilia-Romagna,4459477,262948,5.9,0.16
693,2021-01-12,EMR,9313,3084,6229,6349,1333,1631,0,0,0,9313,0,ITH,ITH5,8,Emilia-Romagna,Emilia-Romagna,4459477,272261,6.11,0.21
694,2020-12-27,EMR,968,372,596,824,118,26,0,0,0,968,0,ITH,ITH5,8,Emilia-Romagna,Emilia-Romagna,4459477,273229,6.13,0.02
695,2021-01-05,EMR,9324,3163,6161,7924,635,765,0,0,0,9324,0,ITH,ITH5,8,Emilia-Romagna,Emilia-Romagna,4459477,282553,6.34,0.21
696,2021-03-10,EMR,18130,7311,10819,1314,1216,128,9894,1114,4464,12507,5623,ITH,ITH5,8,Emilia-Romagna,Emilia-Romagna,4459477,300683,6.74,0.41
697,2021-02-20,EMR,5309,2100,3209,406,239,155,4509,0,0,5045,264,ITH,ITH5,8,Emilia-Romagna,Emilia-Romagna,4459477,305992,6.86,0.12
698,2021-02-15,EMR,2890,845,2045,1981,463,157,289,0,0,2764,126,ITH,ITH5,8,Emilia-Romagna,Emilia-Romagna,4459477,308882,6.93,0.06
699,2021-01-06,EMR,8262,2941,5321,6850,761,650,0,1,0,8262,0,ITH,ITH5,8,Emilia-Romagna,Emilia-Romagna,4459477,317144,7.11,0.19
700,2021-01-31,EMR,7692,2758,4934,6172,1259,261,0,0,0,242,7450,ITH,ITH5,8,Emilia-Romagna,Emilia-Romagna,4459477,324836,7.28,0.17
701,2021-03-14,EMR,8465,3620,4845,699,942,69,5494,359,902,4689,3776,ITH,ITH5,8,Emilia-Romagna,Emilia-Romagna,4459477,333301,7.47,0.19
702,2021-02-25,EMR,9151,3472,5679,793,514,140,7619,0,85,8200,951,ITH,ITH5,8,Emilia-Romagna,Emilia-Romagna,4459477,342452,7.68,0.21
703,2021-03-17,EMR,13419,5566,7853,348,1344,49,11659,0,19,5697,7722,ITH,ITH5,8,Emilia-Romagna,Emilia-Romagna,4459477,355871,7.98,0.3
704,2021-02-02,EMR,9431,3030,6401,6230,1490,1630,80,0,1,497,8934,ITH,ITH5,8,Emilia-Romagna,Emilia-Romagna,4459477,365302,8.19,0.21
705,2021-02-05,EMR,9293,2959,6334,6211,1287,1607,187,0,1,1625,7668,ITH,ITH5,8,Emilia-Romagna,Emilia-Romagna,4459477,374595,8.4,0.21
706,2021-01-07,EMR,10208,3381,6827,8181,959,1068,0,0,0,10208,0,ITH,ITH5,8,Emilia-Romagna,Emilia-Romagna,4459477,384803,8.63,0.23
707,2021-02-23,EMR,8190,3212,4978,407,317,112,7353,0,1,7805,385,ITH,ITH5,8,Emilia-Romagna,Emilia-Romagna,4459477,392993,8.81,0.18
708,2021-03-18,EMR,13243,5602,7641,448,2092,19,10634,1,49,5481,7762,ITH,ITH5,8,Emilia-Romagna,Emilia-Romagna,4459477,406236,9.11,0.3
709,2021-03-08,EMR,11444,4506,6938,2297,1031,295,4272,1212,2337,8821,2623,ITH,ITH5,8,Emilia-Romagna,Emilia-Romagna,4459477,417680,9.37,0.26
710,2021-01-15,EMR,7699,2393,5306,5297,1084,1317,0,0,1,7699,0,ITH,ITH5,8,Emilia-Romagna,Emilia-Romagna,4459477,425379,9.54,0.17
711,2021-01-29,EMR,10326,3477,6849,8081,1228,1017,0,0,0,289,10037,ITH,ITH5,8,Emilia-Romagna,Emilia-Romagna,4459477,435705,9.77,0.23
712,2021-01-19,EMR,2039,502,1537,745,135,1159,0,0,0,2022,17,ITH,ITH5,8,Emilia-Romagna,Emilia-Romagna,4459477,437744,9.82,0.05
713,2021-01-18,EMR,3125,879,2246,1681,316,1128,0,0,0,2448,677,ITH,ITH5,8,Emilia-Romagna,Emilia-Romagna,4459477,440869,9.89,0.07
714,2021-02-08,EMR,5185,1519,3666,2827,693,1478,186,0,1,2290,2895,ITH,ITH5,8,Emilia-Romagna,Emilia-Romagna,4459477,446054,10.0,0.12
715,2021-02-19,EMR,7293,3002,4291,818,368,257,5850,0,0,6790,503,ITH,ITH5,8,Emilia-Romagna,Emilia-Romagna,4459477,453347,10.17,0.16
716,2021-02-12,EMR,5308,1676,3632,3391,908,704,305,0,0,3908,1400,ITH,ITH5,8,Emilia-Romagna,Emilia-Romagna,4459477,458655,10.28,0.12
717,2021-03-01,EMR,9983,3540,6443,1818,597,433,5584,309,1242,7742,2241,ITH,ITH5,8,Emilia-Romagna,Emilia-Romagna,4459477,468638,10.51,0.22
718,2021-01-04,EMR,7258,2510,4748,6165,516,577,0,0,0,7258,0,ITH,ITH5,8,Emilia-Romagna,Emilia-Romagna,4459477,475896,10.67,0.16
719,2021-03-12,EMR,17509,7161,10348,1575,1798,250,9771,1094,3021,10828,6681,ITH,ITH5,8,Emilia-Romagna,Emilia-Romagna,4459477,493405,11.06,0.39
720,2021-02-03,EMR,9269,2972,6297,6227,1340,1617,85,0,0,953,8316,ITH,ITH5,8,Emilia-Romagna,Emilia-Romagna,4459477,502674,11.27,0.21
721,2021-02-22,EMR,7462,3080,4382,386,218,129,6729,0,0,7199,263,ITH,ITH5,8,Emilia-Romagna,Emilia-Romagna,4459477,510136,11.44,0.17
722,2021-02-01,EMR,10289,3595,6694,7446,1584,1259,0,0,0,366,9923,ITH,ITH5,8,Emilia-Romagna,Emilia-Romagna,4459477,520425,11.67,0.23
723,2021-02-09,EMR,4150,1246,2904,2217,467,1198,268,0,0,2305,1845,ITH,ITH5,8,Emilia-Romagna,Emilia-Romagna,4459477,524575,11.76,0.09
724,2021-02-14,EMR,1398,377,1021,858,482,39,19,0,0,1278,120,ITH,ITH5,8,Emilia-Romagna,Emilia-Romagna,4459477,525973,11.79,0.03
725,2021-02-21,EMR,4406,1693,2713,394,269,190,3553,0,0,3969,437,ITH,ITH5,8,Emilia-Romagna,Emilia-Romagna,4459477,530379,11.89,0.1
726,2021-02-28,EMR,6812,2523,4289,1769,461,53,4221,4,304,4969,1843,ITH,ITH5,8,Emilia-Romagna,Emilia-Romagna,4459477,537191,12.05,0.15
727,2021-02-10,EMR,3935,1353,2582,2330,574,775,256,0,0,2735,1200,ITH,ITH5,8,Emilia-Romagna,Emilia-Romagna,4459477,541126,12.13,0.09
728,2021-01-27,EMR,8316,2934,5382,6886,775,654,0,1,0,463,7853,ITH,ITH5,8,Emilia-Romagna,Emilia-Romagna,4459477,549442,12.32,0.19
729,2021-03-09,EMR,14336,5764,8572,1024,938,180,7563,1072,3559,10402,3934,ITH,ITH5,8,Emilia-Romagna,Emilia-Romagna,4459477,563778,12.64,0.32
730,2021-01-26,EMR,8325,3000,5325,6599,694,1032,0,0,0,217,8108,ITH,ITH5,8,Emilia-Romagna,Emilia-Romagna,4459477,572103,12.83,0.19
731,2021-02-04,EMR,9902,3191,6711,6426,1684,1674,118,0,0,1237,8665,ITH,ITH5,8,Emilia-Romagna,Emilia-Romagna,4459477,582005,13.05,0.22
732,2021-01-28,EMR,10220,3333,6887,8068,1030,1122,0,0,0,348,9872,ITH,ITH5,8,Emilia-Romagna,Emilia-Romagna,4459477,592225,13.28,0.23
733,2021-03-03,EMR,15646,5178,10468,2526,1048,160,6797,340,4775,13204,2442,ITH,ITH5,8,Emilia-Romagna,Emilia-Romagna,4459477,607871,13.63,0.35
734,2021-02-27,EMR,10941,3987,6954,1719,499,114,7671,0,938,9210,1731,ITH,ITH5,8,Emilia-Romagna,Emilia-Romagna,4459477,618812,13.88,0.25
735,2021-01-09,EMR,9874,3425,6449,7824,1169,881,0,0,0,9874,0,ITH,ITH5,8,Emilia-Romagna,Emilia-Romagna,4459477,628686,14.1,0.22
736,2021-01-08,EMR,10808,3555,7253,8454,1274,1080,0,0,0,10808,0,ITH,ITH5,8,Emilia-Romagna,Emilia-Romagna,4459477,639494,14.34,0.24
737,2021-02-24,EMR,9270,3542,5728,639,582,220,7766,0,63,8411,859,ITH,ITH5,8,Emilia-Romagna,Emilia-Romagna,4459477,648764,14.55,0.21
738,2021-03-11,EMR,16838,6893,9945,1119,1719,212,8800,1215,3773,11016,5822,ITH,ITH5,8,Emilia-Romagna,Emilia-Romagna,4459477,665602,14.93,0.38
739,2021-02-11,EMR,4244,1414,2830,2528,650,719,345,0,2,3406,838,ITH,ITH5,8,Emilia-Romagna,Emilia-Romagna,4459477,669846,15.02,0.1
740,2021-02-13,EMR,3603,1077,2526,2779,493,145,186,0,0,3005,598,ITH,ITH5,8,Emilia-Romagna,Emilia-Romagna,4459477,673449,15.1,0.08
741,2021-01-03,EMR,2729,934,1795,2479,80,170,0,0,0,2729,0,ITH,ITH5,8,Emilia-Romagna,Emilia-Romagna,4459477,676178,15.16,0.06
742,2021-01-16,EMR,5592,1717,3875,3687,793,1108,0,3,1,5592,0,ITH,ITH5,8,Emilia-Romagna,Emilia-Romagna,4459477,681770,15.29,0.13
743,2021-03-15,VEN,16281,7018,9263,1346,2933,324,9298,433,1947,11088,5193,ITH,ITH3,5,Veneto,Veneto,4905854,16281,0.33,0.33
744,2021-03-09,VEN,16171,7299,8872,1198,1910,668,8541,912,2942,10073,6098,ITH,ITH3,5,Veneto,Veneto,4905854,32452,0.66,0.33
745,2021-01-02,VEN,5741,1765,3976,4797,396,544,2,0,2,5741,0,ITH,ITH3,5,Veneto,Veneto,4905854,38193,0.78,0.12
746,2021-02-27,VEN,8959,2687,6272,2169,655,45,1960,12,4118,8127,832,ITH,ITH3,5,Veneto,Veneto,4905854,47152,0.96,0.18
747,2021-02-13,VEN,3260,1472,1788,1558,665,1034,2,0,1,3246,14,ITH,ITH3,5,Veneto,Veneto,4905854,50412,1.03,0.07
748,2021-01-24,VEN,4116,1219,2897,3752,138,222,1,0,3,28,4088,ITH,ITH3,5,Veneto,Veneto,4905854,54528,1.11,0.08
749,2021-03-22,VEN,6878,3033,3845,403,1865,312,3520,9,769,4152,2726,ITH,ITH3,5,Veneto,Veneto,4905854,61406,1.25,0.14
750,2021-02-11,VEN,4021,1244,2777,2613,596,800,9,1,2,3392,629,ITH,ITH3,5,Veneto,Veneto,4905854,65427,1.33,0.08
751,2021-03-18,VEN,12308,4991,7317,1348,2154,348,7599,20,839,7151,5157,ITH,ITH3,5,Veneto,Veneto,4905854,77735,1.58,0.25
752,2021-02-05,VEN,8362,2531,5831,4272,1912,2162,7,5,4,1425,6937,ITH,ITH3,5,Veneto,Veneto,4905854,86097,1.75,0.17
753,2021-01-04,VEN,6726,2029,4697,5238,569,913,1,0,5,6726,0,ITH,ITH3,5,Veneto,Veneto,4905854,92823,1.89,0.14
754,2021-02-07,VEN,2313,861,1452,1930,330,50,2,0,1,714,1599,ITH,ITH3,5,Veneto,Veneto,4905854,95136,1.94,0.05
755,2020-12-30,VEN,699,245,454,598,62,39,0,0,0,699,0,ITH,ITH3,5,Veneto,Veneto,4905854,95835,1.95,0.01
756,2021-01-16,VEN,4598,1539,3059,3193,756,649,0,0,0,4598,0,ITH,ITH3,5,Veneto,Veneto,4905854,100433,2.05,0.09
757,2021-03-20,VEN,11623,4891,6732,571,4270,183,4799,51,1749,9529,2094,ITH,ITH3,5,Veneto,Veneto,4905854,112056,2.28,0.24
758,2021-03-19,VEN,13278,5468,7810,1598,2751,329,7861,42,697,7482,5796,ITH,ITH3,5,Veneto,Veneto,4905854,125334,2.55,0.27
759,2021-03-01,VEN,9359,3700,5659,2013,1139,923,2628,156,2500,7534,1825,ITH,ITH3,5,Veneto,Veneto,4905854,134693,2.75,0.19
760,2021-01-21,VEN,2290,719,1571,1985,162,141,0,0,2,21,2269,ITH,ITH3,5,Veneto,Veneto,4905854,136983,2.79,0.05
761,2021-01-03,VEN,5158,1563,3595,4597,311,249,0,0,1,5158,0,ITH,ITH3,5,Veneto,Veneto,4905854,142141,2.9,0.11
762,2021-02-03,VEN,5933,1659,4274,2851,1334,1743,1,0,4,482,5451,ITH,ITH3,5,Veneto,Veneto,4905854,148074,3.02,0.12
763,2021-01-13,VEN,5977,1600,4377,2792,1300,1880,3,0,2,5977,0,ITH,ITH3,5,Veneto,Veneto,4905854,154051,3.14,0.12
764,2021-03-21,VEN,11820,4641,7179,1470,3113,26,4585,112,2514,8360,3460,ITH,ITH3,5,Veneto,Veneto,4905854,165871,3.38,0.24
765,2021-03-11,VEN,19331,8579,10752,1547,3077,809,9310,964,3624,13847,5484,ITH,ITH3,5,Veneto,Veneto,4905854,185202,3.78,0.39
766,2021-01-07,VEN,8359,2319,6040,5467,1087,1805,0,0,0,8359,0,ITH,ITH3,5,Veneto,Veneto,4905854,193561,3.95,0.17
767,2021-02-26,VEN,8221,3243,4978,1676,1112,739,4381,31,282,6971,1250,ITH,ITH3,5,Veneto,Veneto,4905854,201782,4.11,0.17
768,2021-01-18,VEN,2770,782,1988,1222,541,999,8,0,0,2571,199,ITH,ITH3,5,Veneto,Veneto,4905854,204552,4.17,0.06
769,2020-12-31,VEN,3219,1043,2176,2700,265,252,0,0,2,3219,0,ITH,ITH3,5,Veneto,Veneto,4905854,207771,4.24,0.07
770,2021-02-01,VEN,8517,2488,6029,4206,1953,2106,245,0,7,165,8352,ITH,ITH3,5,Veneto,Veneto,4905854,216288,4.41,0.17
771,2021-01-19,VEN,1309,472,837,726,253,324,6,0,0,1160,149,ITH,ITH3,5,Veneto,Veneto,4905854,217597,4.44,0.03
772,2021-03-12,VEN,18234,7933,10301,1914,3423,619,8051,755,3472,11562,6672,ITH,ITH3,5,Veneto,Veneto,4905854,235831,4.81,0.37
773,2021-01-17,VEN,1932,780,1152,1587,220,120,3,0,2,1583,349,ITH,ITH3,5,Veneto,Veneto,4905854,237763,4.85,0.04
774,2021-02-24,VEN,8540,3655,4885,1522,640,506,5601,260,11,8058,482,ITH,ITH3,5,Veneto,Veneto,4905854,246303,5.02,0.17
775,2021-02-16,VEN,6629,2868,3761,718,387,478,5044,1,1,6452,177,ITH,ITH3,5,Veneto,Veneto,4905854,252932,5.16,0.14
776,2021-01-22,VEN,1079,332,747,946,76,57,0,0,0,25,1054,ITH,ITH3,5,Veneto,Veneto,4905854,254011,5.18,0.02
777,2021-02-17,VEN,6004,2764,3240,411,281,361,4946,5,0,5910,94,ITH,ITH3,5,Veneto,Veneto,4905854,260015,5.3,0.12
778,2021-03-06,VEN,10501,4253,6248,2955,2715,1486,1973,46,1326,7307,3194,ITH,ITH3,5,Veneto,Veneto,4905854,270516,5.51,0.21
779,2021-01-29,VEN,8996,2780,6216,6039,1517,1434,3,1,2,367,8629,ITH,ITH3,5,Veneto,Veneto,4905854,279512,5.7,0.18
780,2021-02-10,VEN,4706,1568,3138,3104,857,744,0,0,1,3654,1052,ITH,ITH3,5,Veneto,Veneto,4905854,284218,5.79,0.1
781,2021-02-28,VEN,4127,1382,2745,1702,1424,15,983,0,3,3290,837,ITH,ITH3,5,Veneto,Veneto,4905854,288345,5.88,0.08
782,2021-01-26,VEN,6902,2081,4821,5338,595,963,0,1,5,155,6747,ITH,ITH3,5,Veneto,Veneto,4905854,295247,6.02,0.14
783,2021-02-04,VEN,7313,2012,5301,3458,1459,2380,12,0,4,555,6758,ITH,ITH3,5,Veneto,Veneto,4905854,302560,6.17,0.15
784,2021-03-10,VEN,18752,8519,10233,1407,2527,555,9051,1078,4134,13079,5673,ITH,ITH3,5,Veneto,Veneto,4905854,321312,6.55,0.38
785,2021-01-30,VEN,8730,2668,6062,6209,1285,1218,4,12,2,687,8043,ITH,ITH3,5,Veneto,Veneto,4905854,330042,6.73,0.18
786,2021-02-12,VEN,4325,1453,2872,2761,881,671,6,2,4,3753,572,ITH,ITH3,5,Veneto,Veneto,4905854,334367,6.82,0.09
787,2021-01-25,VEN,6466,2074,4392,5060,499,904,1,0,2,170,6296,ITH,ITH3,5,Veneto,Veneto,4905854,340833,6.95,0.13
788,2021-01-28,VEN,9203,2661,6542,6458,1289,1448,5,0,3,175,9028,ITH,ITH3,5,Veneto,Veneto,4905854,350036,7.14,0.19
789,2021-02-23,VEN,7305,3214,4091,1008,493,213,5343,69,179,7047,258,ITH,ITH3,5,Veneto,Veneto,4905854,357341,7.28,0.15
790,2021-01-05,VEN,7327,2183,5144,5410,789,1122,0,1,5,7327,0,ITH,ITH3,5,Veneto,Veneto,4905854,364668,7.43,0.15
791,2021-01-20,VEN,1039,368,671,696,130,213,0,0,0,387,652,ITH,ITH3,5,Veneto,Veneto,4905854,365707,7.45,0.02
792,2021-01-27,VEN,7140,2064,5076,5206,1047,879,0,0,8,246,6894,ITH,ITH3,5,Veneto,Veneto,4905854,372847,7.6,0.15
793,2021-03-03,VEN,11863,4496,7367,3310,1499,1110,3375,310,2259,8399,3464,ITH,ITH3,5,Veneto,Veneto,4905854,384710,7.84,0.24
794,2021-03-04,VEN,12690,4694,7996,3100,1676,1349,3409,330,2826,9285,3405,ITH,ITH3,5,Veneto,Veneto,4905854,397400,8.1,0.26
795,2021-02-25,VEN,7852,3321,4531,1491,565,467,4946,109,274,7254,598,ITH,ITH3,5,Veneto,Veneto,4905854,405252,8.26,0.16
796,2021-01-08,VEN,9397,2831,6566,5977,1603,1807,3,1,6,9397,0,ITH,ITH3,5,Veneto,Veneto,4905854,414649,8.45,0.19
797,2021-03-16,VEN,12268,5255,7013,1219,2651,421,7857,17,103,6802,5466,ITH,ITH3,5,Veneto,Veneto,4905854,426917,8.7,0.25
798,2021-01-10,VEN,5020,1662,3358,3839,715,462,2,2,0,5020,0,ITH,ITH3,5,Veneto,Veneto,4905854,431937,8.8,0.1
799,2021-02-02,VEN,6402,1842,4560,2969,1285,1994,152,0,2,391,6011,ITH,ITH3,5,Veneto,Veneto,4905854,438339,8.94,0.13
800,2021-01-01,VEN,1525,470,1055,1494,30,1,0,0,0,1525,0,ITH,ITH3,5,Veneto,Veneto,4905854,439864,8.97,0.03
801,2021-02-08,VEN,4964,1538,3426,2788,993,1169,12,0,2,1929,3035,ITH,ITH3,5,Veneto,Veneto,4905854,444828,9.07,0.1
802,2021-02-14,VEN,125,56,69,95,30,0,0,0,0,112,13,ITH,ITH3,5,Veneto,Veneto,4905854,444953,9.07,0.0
803,2021-02-19,VEN,7292,3121,4171,1535,716,664,4368,3,6,7090,202,ITH,ITH3,5,Veneto,Veneto,4905854,452245,9.22,0.15
804,2021-02-15,VEN,4386,1820,2566,483,210,383,3294,14,2,4146,240,ITH,ITH3,5,Veneto,Veneto,4905854,456631,9.31,0.09
805,2021-03-13,VEN,16805,6991,9814,2241,5366,75,4815,281,4027,13729,3076,ITH,ITH3,5,Veneto,Veneto,4905854,473436,9.65,0.34
806,2021-02-20,VEN,6321,1985,4336,1798,204,100,971,6,3242,6317,4,ITH,ITH3,5,Veneto,Veneto,4905854,479757,9.78,0.13
807,2021-02-22,VEN,6959,3017,3942,743,232,341,5402,1,240,6572,387,ITH,ITH3,5,Veneto,Veneto,4905854,486716,9.92,0.14
808,2021-02-09,VEN,5152,1871,3281,3095,870,1167,19,0,1,3422,1730,ITH,ITH3,5,Veneto,Veneto,4905854,491868,10.03,0.11
809,2021-01-31,VEN,4740,1550,3190,3676,679,377,4,2,2,393,4347,ITH,ITH3,5,Veneto,Veneto,4905854,496608,10.12,0.1
810,2021-01-09,VEN,7926,2537,5389,5174,1163,1573,3,11,2,7926,0,ITH,ITH3,5,Veneto,Veneto,4905854,504534,10.28,0.16
811,2021-03-17,VEN,14418,5867,8551,1861,2696,226,8919,26,690,7735,6683,ITH,ITH3,5,Veneto,Veneto,4905854,518952,10.58,0.29
812,2021-02-21,VEN,4624,1203,3421,495,9,18,417,2,3683,4619,5,ITH,ITH3,5,Veneto,Veneto,4905854,523576,10.67,0.09
813,2021-03-14,VEN,14576,5631,8945,2173,4785,86,4136,129,3267,13763,813,ITH,ITH3,5,Veneto,Veneto,4905854,538152,10.97,0.3
814,2021-03-05,VEN,13127,4889,8238,3430,1996,1384,3090,275,2952,9544,3583,ITH,ITH3,5,Veneto,Veneto,4905854,551279,11.24,0.27
815,2021-03-08,VEN,13345,6046,7299,699,1188,383,7149,986,2940,9306,4039,ITH,ITH3,5,Veneto,Veneto,4905854,564624,11.51,0.27
816,2021-01-11,VEN,7237,2100,5137,3499,1530,1956,247,0,5,7237,0,ITH,ITH3,5,Veneto,Veneto,4905854,571861,11.66,0.15
817,2021-01-15,VEN,5863,1819,4044,2984,1299,1565,9,3,3,5863,0,ITH,ITH3,5,Veneto,Veneto,4905854,577724,11.78,0.12
818,2021-02-18,VEN,5700,2440,3260,934,353,607,3799,1,6,5637,63,ITH,ITH3,5,Veneto,Veneto,4905854,583424,11.89,0.12
819,2021-01-14,VEN,7060,1925,5135,3235,1333,2473,17,0,2,7060,0,ITH,ITH3,5,Veneto,Veneto,4905854,590484,12.04,0.14
820,2021-01-12,VEN,5230,1516,3714,2251,1056,1752,168,0,3,5230,0,ITH,ITH3,5,Veneto,Veneto,4905854,595714,12.14,0.11
821,2021-01-23,VEN,4063,1255,2808,3404,205,450,1,0,3,34,4029,ITH,ITH3,5,Veneto,Veneto,4905854,599777,12.23,0.08
822,2021-03-07,VEN,4446,1739,2707,1692,927,17,983,0,827,3891,555,ITH,ITH3,5,Veneto,Veneto,4905854,604223,12.32,0.09
823,2021-03-02,VEN,11318,4547,6771,2760,1847,1167,3285,411,1848,8043,3275,ITH,ITH3,5,Veneto,Veneto,4905854,615541,12.55,0.23
824,2021-01-06,VEN,8129,2382,5747,6307,1003,807,1,2,9,8129,0,ITH,ITH3,5,Veneto,Veneto,4905854,623670,12.71,0.17
825,2021-02-06,VEN,4090,1351,2739,3023,697,367,3,0,0,709,3381,ITH,ITH3,5,Veneto,Veneto,4905854,627760,12.8,0.08
826,2020-12-27,VEN,880,395,485,875,4,0,0,0,1,880,0,ITH,ITH3,5,Veneto,Veneto,4905854,628640,12.81,0.02
827,2021-01-14,PAT,696,201,495,477,11,208,0,0,0,696,0,ITH,ITH2,4,Provincia Autonoma Trento,P.A. Trento,541380,696,0.13,0.13
828,2021-01-30,PAT,383,130,253,345,7,31,0,0,0,151,232,ITH,ITH2,4,Provincia Autonoma Trento,P.A. Trento,541380,1079,0.2,0.07
829,2021-03-05,PAT,2180,686,1494,125,130,101,903,157,764,1582,598,ITH,ITH2,4,Provincia Autonoma Trento,P.A. Trento,541380,3259,0.6,0.4
830,2021-03-15,PAT,1372,529,843,62,494,7,592,54,163,908,464,ITH,ITH2,4,Provincia Autonoma Trento,P.A. Trento,541380,4631,0.86,0.25
831,2021-01-01,PAT,206,48,158,109,11,86,0,0,0,206,0,ITH,ITH2,4,Provincia Autonoma Trento,P.A. Trento,541380,4837,0.89,0.04
832,2021-01-12,PAT,501,158,343,413,29,59,0,0,0,501,0,ITH,ITH2,4,Provincia Autonoma Trento,P.A. Trento,541380,5338,0.99,0.09
833,2021-03-09,PAT,1526,571,955,95,66,28,1065,81,191,891,635,ITH,ITH2,4,Provincia Autonoma Trento,P.A. Trento,541380,6864,1.27,0.28
834,2021-02-11,PAT,1130,364,766,331,16,48,735,0,0,796,334,ITH,ITH2,4,Provincia Autonoma Trento,P.A. Trento,541380,7994,1.48,0.21
835,2021-01-05,PAT,707,231,476,494,52,161,0,0,0,707,0,ITH,ITH2,4,Provincia Autonoma Trento,P.A. Trento,541380,8701,1.61,0.13
836,2021-02-19,PAT,901,347,554,169,53,70,580,1,28,844,57,ITH,ITH2,4,Provincia Autonoma Trento,P.A. Trento,541380,9602,1.77,0.17
837,2021-01-19,PAT,403,77,326,363,4,36,0,0,0,403,0,ITH,ITH2,4,Provincia Autonoma Trento,P.A. Trento,541380,10005,1.85,0.07
838,2021-01-28,PAT,530,147,383,390,33,107,0,0,0,48,482,ITH,ITH2,4,Provincia Autonoma Trento,P.A. Trento,541380,10535,1.95,0.1
839,2021-02-03,PAT,845,313,532,354,25,73,393,0,0,414,431,ITH,ITH2,4,Provincia Autonoma Trento,P.A. Trento,541380,11380,2.1,0.16
840,2021-01-23,PAT,570,330,240,480,2,88,0,0,0,384,186,ITH,ITH2,4,Provincia Autonoma Trento,P.A. Trento,541380,11950,2.21,0.11
841,2021-02-26,PAT,1206,431,775,249,23,19,809,1,105,892,314,ITH,ITH2,4,Provincia Autonoma Trento,P.A. Trento,541380,13156,2.43,0.22
842,2021-03-17,PAT,2043,786,1257,390,365,55,1227,1,5,1160,883,ITH,ITH2,4,Provincia Autonoma Trento,P.A. Trento,541380,15199,2.81,0.38
843,2021-02-04,PAT,971,303,668,541,17,89,324,0,0,420,551,ITH,ITH2,4,Provincia Autonoma Trento,P.A. Trento,541380,16170,2.99,0.18
844,2021-01-21,PAT,349,93,256,318,15,16,0,0,0,227,122,ITH,ITH2,4,Provincia Autonoma Trento,P.A. Trento,541380,16519,3.05,0.06
845,2021-03-04,PAT,2326,781,1545,160,81,23,1698,19,345,1478,848,ITH,ITH2,4,Provincia Autonoma Trento,P.A. Trento,541380,18845,3.48,0.43
846,2021-01-08,PAT,1442,312,1130,764,152,526,0,0,0,1442,0,ITH,ITH2,4,Provincia Autonoma Trento,P.A. Trento,541380,20287,3.75,0.27
847,2021-02-09,PAT,914,287,627,447,13,73,381,0,0,441,473,ITH,ITH2,4,Provincia Autonoma Trento,P.A. Trento,541380,21201,3.92,0.17
848,2021-03-03,PAT,1636,617,1019,71,32,58,1255,19,201,1078,558,ITH,ITH2,4,Provincia Autonoma Trento,P.A. Trento,541380,22837,4.22,0.3
849,2021-01-13,PAT,420,123,297,391,6,23,0,0,0,420,0,ITH,ITH2,4,Provincia Autonoma Trento,P.A. Trento,541380,23257,4.3,0.08
850,2021-03-02,PAT,1284,432,852,130,43,53,914,0,144,894,390,ITH,ITH2,4,Provincia Autonoma Trento,P.A. Trento,541380,24541,4.53,0.24
851,2021-03-13,PAT,830,382,448,200,20,30,39,282,259,780,50,ITH,ITH2,4,Provincia Autonoma Trento,P.A. Trento,541380,25371,4.69,0.15
852,2021-02-05,PAT,802,271,531,467,22,66,247,0,0,283,519,ITH,ITH2,4,Provincia Autonoma Trento,P.A. Trento,541380,26173,4.83,0.15
853,2021-03-22,PAT,814,370,444,4,511,0,289,1,9,577,237,ITH,ITH2,4,Provincia Autonoma Trento,P.A. Trento,541380,26987,4.98,0.15
854,2021-03-18,PAT,2228,921,1307,55,584,2,1584,2,1,1158,1070,ITH,ITH2,4,Provincia Autonoma Trento,P.A. Trento,541380,29215,5.4,0.41
855,2021-02-13,PAT,536,333,203,373,5,0,158,0,0,171,365,ITH,ITH2,4,Provincia Autonoma Trento,P.A. Trento,541380,29751,5.5,0.1
856,2021-02-12,PAT,1009,340,669,335,68,55,551,0,0,588,421,ITH,ITH2,4,Provincia Autonoma Trento,P.A. Trento,541380,30760,5.68,0.19
857,2021-03-20,PAT,813,383,430,150,556,0,73,0,34,614,199,ITH,ITH2,4,Provincia Autonoma Trento,P.A. Trento,541380,31573,5.83,0.15
858,2021-01-27,PAT,734,257,477,395,34,304,1,0,0,73,661,ITH,ITH2,4,Provincia Autonoma Trento,P.A. Trento,541380,32307,5.97,0.14
859,2020-12-30,PAT,6,2,4,4,1,1,0,0,0,6,0,ITH,ITH2,4,Provincia Autonoma Trento,P.A. Trento,541380,32313,5.97,0.0
860,2021-01-24,PAT,545,274,271,533,12,0,0,0,0,223,322,ITH,ITH2,4,Provincia Autonoma Trento,P.A. Trento,541380,32858,6.07,0.1
861,2021-03-21,PAT,62,41,21,5,57,0,0,0,0,61,1,ITH,ITH2,4,Provincia Autonoma Trento,P.A. Trento,541380,32920,6.08,0.01
862,2021-03-10,PAT,2335,903,1432,347,79,25,1375,221,288,1394,941,ITH,ITH2,4,Provincia Autonoma Trento,P.A. Trento,541380,35255,6.51,0.43
863,2021-03-06,PAT,732,256,476,324,17,0,194,5,192,580,152,ITH,ITH2,4,Provincia Autonoma Trento,P.A. Trento,541380,35987,6.65,0.14
864,2021-03-01,PAT,1235,453,782,74,18,10,1035,3,95,937,298,ITH,ITH2,4,Provincia Autonoma Trento,P.A. Trento,541380,37222,6.88,0.23
865,2020-12-31,PAT,1598,440,1158,819,109,670,0,0,0,1598,0,ITH,ITH2,4,Provincia Autonoma Trento,P.A. Trento,541380,38820,7.17,0.3
866,2021-01-18,PAT,640,154,486,527,40,73,0,0,0,586,54,ITH,ITH2,4,Provincia Autonoma Trento,P.A. Trento,541380,39460,7.29,0.12
867,2021-02-22,PAT,745,259,486,118,11,70,501,0,45,660,85,ITH,ITH2,4,Provincia Autonoma Trento,P.A. Trento,541380,40205,7.43,0.14
868,2021-02-18,PAT,1196,422,774,300,30,35,773,3,55,1138,58,ITH,ITH2,4,Provincia Autonoma Trento,P.A. Trento,541380,41401,7.65,0.22
869,2021-02-23,PAT,1097,393,704,272,15,17,741,3,49,886,211,ITH,ITH2,4,Provincia Autonoma Trento,P.A. Trento,541380,42498,7.85,0.2
870,2021-03-07,PAT,22,6,16,0,0,0,0,0,22,22,0,ITH,ITH2,4,Provincia Autonoma Trento,P.A. Trento,541380,42520,7.85,0.0
871,2020-12-27,PAT,103,40,63,76,6,21,0,0,0,103,0,ITH,ITH2,4,Provincia Autonoma Trento,P.A. Trento,541380,42623,7.87,0.02
872,2021-01-29,PAT,1349,331,1018,722,86,541,0,0,0,54,1295,ITH,ITH2,4,Provincia Autonoma Trento,P.A. Trento,541380,43972,8.12,0.25
873,2021-03-11,PAT,2228,828,1400,98,164,41,1497,59,369,1370,858,ITH,ITH2,4,Provincia Autonoma Trento,P.A. Trento,541380,46200,8.53,0.41
874,2021-02-15,PAT,531,186,345,145,28,27,320,0,11,417,114,ITH,ITH2,4,Provincia Autonoma Trento,P.A. Trento,541380,46731,8.63,0.1
875,2021-01-06,PAT,42,13,29,42,0,0,0,0,0,42,0,ITH,ITH2,4,Provincia Autonoma Trento,P.A. Trento,541380,46773,8.64,0.01
876,2021-02-20,PAT,405,245,160,330,10,30,1,3,31,121,284,ITH,ITH2,4,Provincia Autonoma Trento,P.A. Trento,541380,47178,8.71,0.07
877,2021-02-01,PAT,1217,334,883,765,78,374,0,0,0,92,1125,ITH,ITH2,4,Provincia Autonoma Trento,P.A. Trento,541380,48395,8.94,0.22
878,2021-03-12,PAT,2386,897,1489,205,345,85,1025,203,523,1606,780,ITH,ITH2,4,Provincia Autonoma Trento,P.A. Trento,541380,50781,9.38,0.44
879,2021-01-07,PAT,1268,310,958,649,63,556,0,0,0,1268,0,ITH,ITH2,4,Provincia Autonoma Trento,P.A. Trento,541380,52049,9.61,0.23
880,2021-01-10,PAT,84,19,65,53,19,12,0,0,0,84,0,ITH,ITH2,4,Provincia Autonoma Trento,P.A. Trento,541380,52133,9.63,0.02
881,2021-03-14,PAT,107,65,42,102,0,0,0,0,5,20,87,ITH,ITH2,4,Provincia Autonoma Trento,P.A. Trento,541380,52240,9.65,0.02
882,2021-02-10,PAT,849,289,560,310,9,51,479,0,0,509,340,ITH,ITH2,4,Provincia Autonoma Trento,P.A. Trento,541380,53089,9.81,0.16
883,2021-01-15,PAT,592,130,462,460,21,111,0,0,0,592,0,ITH,ITH2,4,Provincia Autonoma Trento,P.A. Trento,541380,53681,9.92,0.11
884,2021-02-17,PAT,1108,424,684,324,27,35,707,3,12,1017,91,ITH,ITH2,4,Provincia Autonoma Trento,P.A. Trento,541380,54789,10.12,0.2
885,2021-02-02,PAT,889,237,652,507,47,171,164,0,0,190,699,ITH,ITH2,4,Provincia Autonoma Trento,P.A. Trento,541380,55678,10.28,0.16
886,2021-02-27,PAT,1021,454,567,444,28,0,434,4,111,598,423,ITH,ITH2,4,Provincia Autonoma Trento,P.A. Trento,541380,56699,10.47,0.19
887,2021-01-25,PAT,774,205,569,482,30,262,0,0,0,23,751,ITH,ITH2,4,Provincia Autonoma Trento,P.A. Trento,541380,57473,10.62,0.14
888,2021-01-26,PAT,497,138,359,397,16,84,0,0,0,25,472,ITH,ITH2,4,Provincia Autonoma Trento,P.A. Trento,541380,57970,10.71,0.09
889,2021-01-02,PAT,498,142,356,334,25,139,0,0,0,498,0,ITH,ITH2,4,Provincia Autonoma Trento,P.A. Trento,541380,58468,10.8,0.09
890,2021-01-11,PAT,724,220,504,516,58,150,0,0,0,724,0,ITH,ITH2,4,Provincia Autonoma Trento,P.A. Trento,541380,59192,10.93,0.13
891,2021-01-20,PAT,288,71,217,229,11,48,0,0,0,276,12,ITH,ITH2,4,Provincia Autonoma Trento,P.A. Trento,541380,59480,10.99,0.05
892,2021-02-21,PAT,155,92,63,154,0,0,0,0,1,43,112,ITH,ITH2,4,Provincia Autonoma Trento,P.A. Trento,541380,59635,11.02,0.03
893,2021-01-31,PAT,74,15,59,55,13,6,0,0,0,0,74,ITH,ITH2,4,Provincia Autonoma Trento,P.A. Trento,541380,59709,11.03,0.01
894,2021-01-09,PAT,184,40,144,139,14,31,0,0,0,184,0,ITH,ITH2,4,Provincia Autonoma Trento,P.A. Trento,541380,59893,11.06,0.03
895,2021-02-24,PAT,1311,521,790,237,11,28,968,1,66,918,393,ITH,ITH2,4,Provincia Autonoma Trento,P.A. Trento,541380,61204,11.31,0.24
896,2021-01-22,PAT,1628,422,1206,874,128,623,0,0,3,317,1311,ITH,ITH2,4,Provincia Autonoma Trento,P.A. Trento,541380,62832,11.61,0.3
897,2021-02-16,PAT,663,244,419,73,14,3,563,0,10,658,5,ITH,ITH2,4,Provincia Autonoma Trento,P.A. Trento,541380,63495,11.73,0.12
898,2021-03-08,PAT,1385,431,954,65,45,0,992,7,276,1025,360,ITH,ITH2,4,Provincia Autonoma Trento,P.A. Trento,541380,64880,11.98,0.26
899,2021-01-16,PAT,318,147,171,303,1,14,0,0,0,318,0,ITH,ITH2,4,Provincia Autonoma Trento,P.A. Trento,541380,65198,12.04,0.06
900,2021-02-28,PAT,242,121,121,231,0,0,0,0,11,242,0,ITH,ITH2,4,Provincia Autonoma Trento,P.A. Trento,541380,65440,12.09,0.04
901,2021-03-19,PAT,2249,869,1380,262,980,10,937,2,58,1473,776,ITH,ITH2,4,Provincia Autonoma Trento,P.A. Trento,541380,67689,12.5,0.42
902,2021-01-17,PAT,251,195,56,251,0,0,0,0,0,251,0,ITH,ITH2,4,Provincia Autonoma Trento,P.A. Trento,541380,67940,12.55,0.05
903,2021-03-16,PAT,1350,496,854,221,81,36,1009,0,3,576,774,ITH,ITH2,4,Provincia Autonoma Trento,P.A. Trento,541380,69290,12.8,0.25
904,2021-01-03,PAT,483,158,325,409,12,62,0,0,0,483,0,ITH,ITH2,4,Provincia Autonoma Trento,P.A. Trento,541380,69773,12.89,0.09
905,2021-01-04,PAT,853,223,630,481,49,322,1,0,0,853,0,ITH,ITH2,4,Provincia Autonoma Trento,P.A. Trento,541380,70626,13.05,0.16
906,2021-02-25,PAT,1584,620,964,120,16,32,1322,1,93,1159,425,ITH,ITH2,4,Provincia Autonoma Trento,P.A. Trento,541380,72210,13.34,0.29
907,2021-02-14,PAT,246,186,60,246,0,0,0,0,0,11,235,ITH,ITH2,4,Provincia Autonoma Trento,P.A. Trento,541380,72456,13.38,0.05
908,2021-02-08,PAT,1149,318,831,550,59,237,302,0,1,341,808,ITH,ITH2,4,Provincia Autonoma Trento,P.A. Trento,541380,73605,13.6,0.21
909,2021-02-06,PAT,572,296,276,178,7,0,387,0,0,432,140,ITH,ITH2,4,Provincia Autonoma Trento,P.A. Trento,541380,74177,13.7,0.11
910,2021-01-07,LIG,3166,1076,2090,2313,420,428,0,1,4,3166,0,ITC,ITC3,7,Liguria,Liguria,1550640,3166,0.2,0.2
911,2021-01-08,LIG,2926,999,1927,2084,406,431,0,1,4,2926,0,ITC,ITC3,7,Liguria,Liguria,1550640,6092,0.39,0.19
912,2021-02-07,LIG,407,153,254,191,29,187,0,0,0,2,405,ITC,ITC3,7,Liguria,Liguria,1550640,6499,0.42,0.03
913,2020-12-31,LIG,988,354,634,750,55,155,28,0,0,988,0,ITC,ITC3,7,Liguria,Liguria,1550640,7487,0.48,0.06
914,2021-03-11,LIG,6166,2957,3209,1139,614,262,3653,496,2,4164,2002,ITC,ITC3,7,Liguria,Liguria,1550640,13653,0.88,0.4
915,2021-01-04,LIG,2516,826,1690,2157,235,121,0,0,3,2516,0,ITC,ITC3,7,Liguria,Liguria,1550640,16169,1.04,0.16
916,2021-01-21,LIG,1102,385,717,584,185,332,1,0,0,672,430,ITC,ITC3,7,Liguria,Liguria,1550640,17271,1.11,0.07
917,2021-01-12,LIG,2393,862,1531,1726,269,396,0,0,2,2393,0,ITC,ITC3,7,Liguria,Liguria,1550640,19664,1.27,0.15
918,2021-02-08,LIG,1858,716,1142,1224,385,242,0,0,7,306,1552,ITC,ITC3,7,Liguria,Liguria,1550640,21522,1.39,0.12
919,2021-02-11,LIG,1952,757,1195,1233,258,455,0,0,6,1091,861,ITC,ITC3,7,Liguria,Liguria,1550640,23474,1.51,0.13
920,2021-01-14,LIG,2977,1053,1924,1868,555,553,0,0,1,2977,0,ITC,ITC3,7,Liguria,Liguria,1550640,26451,1.71,0.19
921,2021-02-25,LIG,3438,1346,2092,550,213,88,2584,2,1,3309,129,ITC,ITC3,7,Liguria,Liguria,1550640,29889,1.93,0.22
922,2020-12-28,LIG,80,30,50,77,3,0,0,0,0,80,0,ITC,ITC3,7,Liguria,Liguria,1550640,29969,1.93,0.01
923,2021-01-24,LIG,755,236,519,632,63,60,0,0,0,113,642,ITC,ITC3,7,Liguria,Liguria,1550640,30724,1.98,0.05
924,2021-01-05,LIG,2878,896,1982,2307,303,261,0,0,7,2878,0,ITC,ITC3,7,Liguria,Liguria,1550640,33602,2.17,0.19
925,2021-01-15,LIG,2245,751,1494,1323,408,512,0,0,2,2245,0,ITC,ITC3,7,Liguria,Liguria,1550640,35847,2.31,0.14
926,2021-02-19,LIG,3092,1279,1813,987,592,97,1413,0,3,2916,176,ITC,ITC3,7,Liguria,Liguria,1550640,38939,2.51,0.2
927,2021-02-18,LIG,2756,1126,1630,953,422,349,1030,0,2,2428,328,ITC,ITC3,7,Liguria,Liguria,1550640,41695,2.69,0.18
928,2020-12-29,LIG,125,33,92,93,11,21,0,0,0,125,0,ITC,ITC3,7,Liguria,Liguria,1550640,41820,2.7,0.01
929,2021-01-01,LIG,144,55,89,139,5,0,0,0,0,144,0,ITC,ITC3,7,Liguria,Liguria,1550640,41964,2.71,0.01
930,2021-03-13,LIG,3522,1493,2029,328,710,72,1502,120,790,2669,853,ITC,ITC3,7,Liguria,Liguria,1550640,45486,2.93,0.23
931,2021-03-12,LIG,5990,2762,3228,1193,919,77,3360,437,4,3550,2440,ITC,ITC3,7,Liguria,Liguria,1550640,51476,3.32,0.39
932,2021-02-16,LIG,2391,948,1443,982,410,283,714,0,2,1998,393,ITC,ITC3,7,Liguria,Liguria,1550640,53867,3.47,0.15
933,2021-01-09,LIG,1335,481,854,998,147,188,0,0,2,1335,0,ITC,ITC3,7,Liguria,Liguria,1550640,55202,3.56,0.09
934,2021-03-03,LIG,4521,1811,2710,1029,242,288,2954,3,5,3528,993,ITC,ITC3,7,Liguria,Liguria,1550640,59723,3.85,0.29
935,2021-03-07,LIG,1858,1085,773,184,524,258,508,383,1,1557,301,ITC,ITC3,7,Liguria,Liguria,1550640,61581,3.97,0.12
936,2020-12-27,LIG,135,56,79,88,2,45,0,0,0,135,0,ITC,ITC3,7,Liguria,Liguria,1550640,61716,3.98,0.01
937,2021-01-20,LIG,1450,529,921,693,330,425,0,0,2,1438,12,ITC,ITC3,7,Liguria,Liguria,1550640,63166,4.07,0.09
938,2021-02-27,LIG,1888,921,967,139,540,5,1204,0,0,1759,129,ITC,ITC3,7,Liguria,Liguria,1550640,65054,4.2,0.12
939,2021-03-21,LIG,552,221,331,7,20,0,525,0,0,69,483,ITC,ITC3,7,Liguria,Liguria,1550640,65606,4.23,0.04
940,2021-01-28,LIG,2840,968,1872,2237,288,309,0,1,5,40,2800,ITC,ITC3,7,Liguria,Liguria,1550640,68446,4.41,0.18
941,2021-01-31,LIG,624,270,354,418,71,135,0,0,0,9,615,ITC,ITC3,7,Liguria,Liguria,1550640,69070,4.45,0.04
942,2021-02-10,LIG,2275,827,1448,1350,419,496,5,0,5,1014,1261,ITC,ITC3,7,Liguria,Liguria,1550640,71345,4.6,0.15
943,2021-03-04,LIG,4719,2112,2607,919,317,277,2920,282,4,3889,830,ITC,ITC3,7,Liguria,Liguria,1550640,76064,4.91,0.3
944,2021-01-26,LIG,2480,802,1678,1963,261,251,0,0,5,104,2376,ITC,ITC3,7,Liguria,Liguria,1550640,78544,5.07,0.16
945,2021-03-09,LIG,5735,2663,3072,1027,621,131,3423,533,0,4312,1423,ITC,ITC3,7,Liguria,Liguria,1550640,84279,5.44,0.37
946,2021-01-27,LIG,1743,603,1140,1336,179,227,0,0,1,142,1601,ITC,ITC3,7,Liguria,Liguria,1550640,86022,5.55,0.11
947,2021-03-22,LIG,1297,603,694,60,209,10,751,92,175,677,620,ITC,ITC3,7,Liguria,Liguria,1550640,87319,5.63,0.08
948,2021-03-17,LIG,5406,2332,3074,751,363,40,4244,2,6,2421,2985,ITC,ITC3,7,Liguria,Liguria,1550640,92725,5.98,0.35
949,2021-02-09,LIG,1893,680,1213,1080,336,455,0,0,22,256,1637,ITC,ITC3,7,Liguria,Liguria,1550640,94618,6.1,0.12
950,2021-01-18,LIG,2125,740,1385,1247,430,438,0,0,10,1968,157,ITC,ITC3,7,Liguria,Liguria,1550640,96743,6.24,0.14
951,2021-01-16,LIG,1278,557,721,753,225,299,0,0,1,1278,0,ITC,ITC3,7,Liguria,Liguria,1550640,98021,6.32,0.08
952,2021-02-22,LIG,3307,1451,1856,701,211,226,2167,0,2,3169,138,ITC,ITC3,7,Liguria,Liguria,1550640,101328,6.53,0.21
953,2021-03-16,LIG,5945,2649,3296,902,508,281,4246,3,5,2302,3643,ITC,ITC3,7,Liguria,Liguria,1550640,107273,6.92,0.38
954,2021-03-10,LIG,5693,2752,2941,814,786,85,3602,405,1,3796,1897,ITC,ITC3,7,Liguria,Liguria,1550640,112966,7.29,0.37
955,2021-03-08,LIG,5579,2440,3139,1121,526,80,3539,306,7,3894,1685,ITC,ITC3,7,Liguria,Liguria,1550640,118545,7.64,0.36
956,2021-02-02,LIG,2598,979,1619,1947,228,421,0,0,2,198,2400,ITC,ITC3,7,Liguria,Liguria,1550640,121143,7.81,0.17
957,2021-01-06,LIG,1660,616,1044,1230,250,113,64,0,3,1660,0,ITC,ITC3,7,Liguria,Liguria,1550640,122803,7.92,0.11
958,2021-01-10,LIG,648,262,386,369,103,176,0,0,0,648,0,ITC,ITC3,7,Liguria,Liguria,1550640,123451,7.96,0.04
959,2021-01-13,LIG,2753,1012,1741,1912,350,487,0,0,4,2753,0,ITC,ITC3,7,Liguria,Liguria,1550640,126204,8.14,0.18
960,2021-01-30,LIG,1661,567,1094,1261,141,257,0,0,2,25,1636,ITC,ITC3,7,Liguria,Liguria,1550640,127865,8.25,0.11
961,2021-02-06,LIG,1891,767,1124,1309,206,375,0,0,1,145,1746,ITC,ITC3,7,Liguria,Liguria,1550640,129756,8.37,0.12
962,2021-01-19,LIG,1356,429,927,709,316,328,0,0,3,1266,90,ITC,ITC3,7,Liguria,Liguria,1550640,131112,8.46,0.09
963,2021-02-15,LIG,2254,837,1417,1083,265,241,662,1,2,1861,393,ITC,ITC3,7,Liguria,Liguria,1550640,133366,8.6,0.15
964,2021-02-04,LIG,2813,984,1829,1865,468,471,0,1,8,179,2634,ITC,ITC3,7,Liguria,Liguria,1550640,136179,8.78,0.18
965,2021-01-17,LIG,861,300,561,516,82,262,0,0,1,861,0,ITC,ITC3,7,Liguria,Liguria,1550640,137040,8.84,0.06
966,2021-02-28,LIG,1060,581,479,12,571,3,474,0,0,1059,1,ITC,ITC3,7,Liguria,Liguria,1550640,138100,8.91,0.07
967,2021-01-23,LIG,809,295,514,633,132,43,0,0,1,153,656,ITC,ITC3,7,Liguria,Liguria,1550640,138909,8.96,0.05
968,2021-03-02,LIG,4037,1667,2370,724,176,76,3056,1,4,3727,310,ITC,ITC3,7,Liguria,Liguria,1550640,142946,9.22,0.26
969,2021-03-01,LIG,3491,1423,2068,528,119,105,2738,0,1,3369,122,ITC,ITC3,7,Liguria,Liguria,1550640,146437,9.44,0.23
970,2021-02-13,LIG,1079,508,571,543,135,147,254,0,0,800,279,ITC,ITC3,7,Liguria,Liguria,1550640,147516,9.51,0.07
971,2021-02-24,LIG,3734,1548,2186,796,264,150,2523,0,1,3476,258,ITC,ITC3,7,Liguria,Liguria,1550640,151250,9.75,0.24
972,2021-02-23,LIG,3795,1559,2236,682,270,113,2727,2,1,3686,109,ITC,ITC3,7,Liguria,Liguria,1550640,155045,10.0,0.24
973,2021-02-03,LIG,2241,771,1470,1601,257,382,0,0,1,54,2187,ITC,ITC3,7,Liguria,Liguria,1550640,157286,10.14,0.14
974,2021-01-29,LIG,3040,1057,1983,2298,311,429,0,0,2,66,2974,ITC,ITC3,7,Liguria,Liguria,1550640,160326,10.34,0.2
975,2021-01-22,LIG,1811,602,1209,1063,183,565,0,0,0,1326,485,ITC,ITC3,7,Liguria,Liguria,1550640,162137,10.46,0.12
976,2021-03-18,LIG,4942,2114,2828,622,542,84,3683,6,5,1998,2944,ITC,ITC3,7,Liguria,Liguria,1550640,167079,10.77,0.32
977,2021-03-05,LIG,4853,2143,2710,800,325,81,3330,312,5,3729,1124,ITC,ITC3,7,Liguria,Liguria,1550640,171932,11.09,0.31
978,2021-02-17,LIG,2623,1165,1458,883,362,262,1115,0,1,2260,363,ITC,ITC3,7,Liguria,Liguria,1550640,174555,11.26,0.17
979,2021-03-06,LIG,3243,1818,1425,373,788,120,1490,472,0,2538,705,ITC,ITC3,7,Liguria,Liguria,1550640,177798,11.47,0.21
980,2021-01-25,LIG,2717,888,1829,2208,190,317,0,0,2,471,2246,ITC,ITC3,7,Liguria,Liguria,1550640,180515,11.64,0.18
981,2021-02-12,LIG,1906,681,1225,863,221,391,430,0,1,987,919,ITC,ITC3,7,Liguria,Liguria,1550640,182421,11.76,0.12
982,2021-02-26,LIG,3758,1518,2240,780,224,168,2584,0,2,3430,328,ITC,ITC3,7,Liguria,Liguria,1550640,186179,12.01,0.24
983,2021-03-20,LIG,2284,984,1300,222,218,0,1835,9,0,1109,1175,ITC,ITC3,7,Liguria,Liguria,1550640,188463,12.15,0.15
984,2020-12-30,LIG,12,5,7,12,0,0,0,0,0,12,0,ITC,ITC3,7,Liguria,Liguria,1550640,188475,12.15,0.0
985,2021-01-02,LIG,691,245,446,595,96,0,0,0,0,691,0,ITC,ITC3,7,Liguria,Liguria,1550640,189166,12.2,0.04
986,2021-01-11,LIG,2651,990,1661,1989,345,316,0,0,1,2651,0,ITC,ITC3,7,Liguria,Liguria,1550640,191817,12.37,0.17
987,2021-02-14,LIG,233,122,111,31,30,112,60,0,0,233,0,ITC,ITC3,7,Liguria,Liguria,1550640,192050,12.39,0.02
988,2021-03-14,LIG,1648,747,901,64,383,176,567,27,431,1044,604,ITC,ITC3,7,Liguria,Liguria,1550640,193698,12.49,0.11
989,2021-03-15,LIG,7019,2992,4027,767,1347,10,3722,220,953,4449,2570,ITC,ITC3,7,Liguria,Liguria,1550640,200717,12.94,0.45
990,2021-02-21,LIG,869,491,378,183,317,102,267,0,0,865,4,ITC,ITC3,7,Liguria,Liguria,1550640,201586,13.0,0.06
991,2021-03-19,LIG,5038,2184,2854,667,554,57,3657,21,82,2045,2993,ITC,ITC3,7,Liguria,Liguria,1550640,206624,13.33,0.32
992,2021-02-01,LIG,2442,904,1538,1914,212,315,0,0,1,76,2366,ITC,ITC3,7,Liguria,Liguria,1550640,209066,13.48,0.16
993,2021-02-05,LIG,2628,975,1653,1728,432,464,0,0,4,301,2327,ITC,ITC3,7,Liguria,Liguria,1550640,211694,13.65,0.17
994,2021-01-03,LIG,734,230,504,658,75,0,0,0,1,734,0,ITC,ITC3,7,Liguria,Liguria,1550640,212428,13.7,0.05
995,2021-02-20,LIG,1334,636,698,159,464,122,589,0,0,1333,1,ITC,ITC3,7,Liguria,Liguria,1550640,213762,13.79,0.09
996,2021-02-17,SIC,5430,3292,2138,1530,1126,880,8,1884,2,4756,674,ITG,ITG1,19,Sicilia,Sicilia,4999891,5430,0.11,0.11
997,2021-01-03,SIC,4693,2454,2239,4361,332,0,0,0,0,4693,0,ITG,ITG1,19,Sicilia,Sicilia,4999891,10123,0.2,0.09
998,2021-02-03,SIC,6102,2857,3245,3358,2120,624,0,0,0,756,5346,ITG,ITG1,19,Sicilia,Sicilia,4999891,16225,0.32,0.12
999,2021-01-26,SIC,9515,4679,4836,8379,882,254,0,0,0,265,9250,ITG,ITG1,19,Sicilia,Sicilia,4999891,25740,0.51,0.19
1000,2021-02-12,SIC,4745,1852,2893,2300,1802,643,0,0,0,4414,331,ITG,ITG1,19,Sicilia,Sicilia,4999891,30485,0.61,0.09
1001,2021-01-27,SIC,7531,3835,3696,6329,1050,152,0,0,0,189,7342,ITG,ITG1,19,Sicilia,Sicilia,4999891,38016,0.76,0.15
1002,2021-02-24,SIC,9600,4869,4731,1423,1253,499,4028,1474,923,9004,596,ITG,ITG1,19,Sicilia,Sicilia,4999891,47616,0.95,0.19
1003,2021-01-29,SIC,9360,4321,5039,7151,1904,305,0,0,0,432,8928,ITG,ITG1,19,Sicilia,Sicilia,4999891,56976,1.14,0.19
1004,2021-01-22,SIC,1235,625,610,1035,82,118,0,0,0,242,993,ITG,ITG1,19,Sicilia,Sicilia,4999891,58211,1.16,0.02
1005,2021-03-18,SIC,14978,7430,7548,1282,7657,597,5352,55,35,9267,5711,ITG,ITG1,19,Sicilia,Sicilia,4999891,73189,1.46,0.3
1006,2021-02-28,SIC,7176,3071,4105,870,1311,93,3289,254,1359,6547,629,ITG,ITG1,19,Sicilia,Sicilia,4999891,80365,1.61,0.14
1007,2021-02-11,SIC,5332,2103,3229,2458,1984,890,0,0,0,4868,464,ITG,ITG1,19,Sicilia,Sicilia,4999891,85697,1.71,0.11
1008,2021-03-13,SIC,12435,5477,6958,1173,4257,493,4615,133,1764,7829,4606,ITG,ITG1,19,Sicilia,Sicilia,4999891,98132,1.96,0.25
1009,2021-01-17,SIC,1295,584,711,619,516,160,0,0,0,1245,50,ITG,ITG1,19,Sicilia,Sicilia,4999891,99427,1.99,0.03
1010,2020-12-29,SIC,235,146,89,235,0,0,0,0,0,235,0,ITG,ITG1,19,Sicilia,Sicilia,4999891,99662,1.99,0.0
1011,2021-03-06,SIC,12936,5172,7764,2003,2000,758,3887,638,3650,10030,2906,ITG,ITG1,19,Sicilia,Sicilia,4999891,112598,2.25,0.26
1012,2021-03-22,SIC,6544,3167,3377,381,3066,153,2646,29,269,3809,2735,ITG,ITG1,19,Sicilia,Sicilia,4999891,119142,2.38,0.13
1013,2021-02-05,SIC,7216,3232,3984,3618,2742,856,0,0,0,2132,5084,ITG,ITG1,19,Sicilia,Sicilia,4999891,126358,2.53,0.14
1014,2021-03-15,SIC,10740,4708,6032,1238,2637,665,4830,216,1154,5669,5071,ITG,ITG1,19,Sicilia,Sicilia,4999891,137098,2.74,0.21
1015,2021-01-28,SIC,9328,4399,4929,7464,1569,295,0,0,0,414,8914,ITG,ITG1,19,Sicilia,Sicilia,4999891,146426,2.93,0.19
1016,2021-01-31,SIC,4111,1958,2153,2600,1216,295,0,0,0,113,3998,ITG,ITG1,19,Sicilia,Sicilia,4999891,150537,3.01,0.08
1017,2021-02-10,SIC,4433,1819,2614,1975,1717,741,0,0,0,4008,425,ITG,ITG1,19,Sicilia,Sicilia,4999891,154970,3.1,0.09
1018,2021-02-15,SIC,3951,1862,2089,1700,1345,563,10,307,26,3382,569,ITG,ITG1,19,Sicilia,Sicilia,4999891,158921,3.18,0.08
1019,2021-02-19,SIC,5159,2757,2402,1486,1364,600,74,1396,239,4588,571,ITG,ITG1,19,Sicilia,Sicilia,4999891,164080,3.28,0.1
1020,2021-02-18,SIC,5494,3174,2320,1635,1244,813,9,1697,96,5063,431,ITG,ITG1,19,Sicilia,Sicilia,4999891,169574,3.39,0.11
1021,2021-01-16,SIC,2776,1195,1581,1329,1149,298,0,0,0,2776,0,ITG,ITG1,19,Sicilia,Sicilia,4999891,172350,3.45,0.06
1022,2021-02-04,SIC,6877,3159,3718,4417,1920,540,0,0,0,1460,5417,ITG,ITG1,19,Sicilia,Sicilia,4999891,179227,3.58,0.14
1023,2021-01-23,SIC,4149,2147,2002,3912,221,16,0,0,0,225,3924,ITG,ITG1,19,Sicilia,Sicilia,4999891,183376,3.67,0.08
1024,2021-02-26,SIC,12245,5976,6269,1836,1971,361,3891,1733,2453,10556,1689,ITG,ITG1,19,Sicilia,Sicilia,4999891,195621,3.91,0.24
1025,2020-12-30,SIC,173,101,72,156,17,0,0,0,0,173,0,ITG,ITG1,19,Sicilia,Sicilia,4999891,195794,3.92,0.0
1026,2021-02-09,SIC,4371,1831,2540,2241,1490,640,0,0,0,3365,1006,ITG,ITG1,19,Sicilia,Sicilia,4999891,200165,4.0,0.09
1027,2021-03-17,SIC,14858,7237,7621,1401,6737,664,5717,37,302,8914,5944,ITG,ITG1,19,Sicilia,Sicilia,4999891,215023,4.3,0.3
1028,2021-03-16,SIC,10168,4462,5706,1662,1733,810,5677,68,218,4016,6152,ITG,ITG1,19,Sicilia,Sicilia,4999891,225191,4.5,0.2
1029,2021-01-21,SIC,1328,647,681,1001,190,137,0,0,0,499,829,ITG,ITG1,19,Sicilia,Sicilia,4999891,226519,4.53,0.03
1030,2021-03-11,SIC,15443,6504,8939,1610,5191,906,3931,481,3324,12870,2573,ITG,ITG1,19,Sicilia,Sicilia,4999891,241962,4.84,0.31
1031,2021-02-02,SIC,5539,2622,2917,3154,1956,429,0,0,0,633,4906,ITG,ITG1,19,Sicilia,Sicilia,4999891,247501,4.95,0.11
1032,2021-01-18,SIC,1548,646,902,721,619,208,0,0,0,1432,116,ITG,ITG1,19,Sicilia,Sicilia,4999891,249049,4.98,0.03
1033,2021-02-21,SIC,5176,2507,2669,378,651,174,3682,138,153,5068,108,ITG,ITG1,19,Sicilia,Sicilia,4999891,254225,5.08,0.1
1034,2021-03-19,SIC,15933,7812,8121,1255,8276,561,5347,42,452,10207,5726,ITG,ITG1,19,Sicilia,Sicilia,4999891,270158,5.4,0.32
1035,2021-01-06,SIC,6471,3402,3069,5717,752,2,0,0,0,6471,0,ITG,ITG1,19,Sicilia,Sicilia,4999891,276629,5.53,0.13
1036,2021-03-01,SIC,12977,6129,6848,1557,1809,392,4302,1764,3153,11318,1659,ITG,ITG1,19,Sicilia,Sicilia,4999891,289606,5.79,0.26
1037,2021-02-25,SIC,10154,5275,4879,1770,1702,507,3980,1525,670,8974,1180,ITG,ITG1,19,Sicilia,Sicilia,4999891,299760,6.0,0.2
1038,2021-03-03,SIC,14691,6538,8153,2408,2326,507,4290,1330,3830,11606,3085,ITG,ITG1,19,Sicilia,Sicilia,4999891,314451,6.29,0.29
1039,2021-01-04,SIC,8373,4172,4201,7595,772,6,0,0,0,8373,0,ITG,ITG1,19,Sicilia,Sicilia,4999891,322824,6.46,0.17
1040,2021-02-01,SIC,6077,2684,3393,4168,1591,318,0,0,0,304,5773,ITG,ITG1,19,Sicilia,Sicilia,4999891,328901,6.58,0.12
1041,2021-01-10,SIC,3618,1615,2003,2126,1028,464,0,0,0,3618,0,ITG,ITG1,19,Sicilia,Sicilia,4999891,332519,6.65,0.07
1042,2021-03-14,SIC,8818,3944,4874,569,3079,176,4280,36,678,4961,3857,ITG,ITG1,19,Sicilia,Sicilia,4999891,341337,6.83,0.18
1043,2021-01-30,SIC,7837,3569,4268,5450,1912,475,0,0,0,175,7662,ITG,ITG1,19,Sicilia,Sicilia,4999891,349174,6.98,0.16
1044,2021-01-14,SIC,5250,2514,2736,3046,1945,259,0,0,0,5250,0,ITG,ITG1,19,Sicilia,Sicilia,4999891,354424,7.09,0.11
1045,2021-03-21,SIC,14382,6907,7475,484,8390,57,4470,84,897,10408,3974,ITG,ITG1,19,Sicilia,Sicilia,4999891,368806,7.38,0.29
1046,2021-01-02,SIC,4872,2533,2339,4311,561,0,0,0,0,4872,0,ITG,ITG1,19,Sicilia,Sicilia,4999891,373678,7.47,0.1
1047,2021-02-14,SIC,1057,402,655,433,388,236,0,0,0,917,140,ITG,ITG1,19,Sicilia,Sicilia,4999891,374735,7.49,0.02
1048,2021-02-08,SIC,4086,1759,2327,2346,1343,397,0,0,0,2128,1958,ITG,ITG1,19,Sicilia,Sicilia,4999891,378821,7.58,0.08
1049,2021-01-07,SIC,9173,4239,4934,7694,1269,210,0,0,0,9173,0,ITG,ITG1,19,Sicilia,Sicilia,4999891,387994,7.76,0.18
1050,2021-02-07,SIC,2348,996,1352,1610,581,157,0,0,0,675,1673,ITG,ITG1,19,Sicilia,Sicilia,4999891,390342,7.81,0.05
1051,2021-03-02,SIC,14948,6384,8564,2382,1928,500,4467,1338,4333,12126,2822,ITG,ITG1,19,Sicilia,Sicilia,4999891,405290,8.11,0.3
1052,2021-01-24,SIC,4335,2262,2073,3990,342,3,0,0,0,148,4187,ITG,ITG1,19,Sicilia,Sicilia,4999891,409625,8.19,0.09
1053,2021-01-13,SIC,5204,2462,2742,3033,1730,441,0,0,0,5204,0,ITG,ITG1,19,Sicilia,Sicilia,4999891,414829,8.3,0.1
1054,2021-03-04,SIC,15194,6549,8645,2811,2806,698,3927,1124,3828,10991,4203,ITG,ITG1,19,Sicilia,Sicilia,4999891,430023,8.6,0.3
1055,2021-03-05,SIC,15893,6851,9042,3190,2486,712,3998,1423,4084,11568,4325,ITG,ITG1,19,Sicilia,Sicilia,4999891,445916,8.92,0.32
1056,2021-02-23,SIC,8946,4687,4259,1266,1236,502,3996,1367,579,8456,490,ITG,ITG1,19,Sicilia,Sicilia,4999891,454862,9.1,0.18
1057,2021-03-08,SIC,13496,5778,7718,2011,2104,626,3835,920,4000,10683,2813,ITG,ITG1,19,Sicilia,Sicilia,4999891,468358,9.37,0.27
1058,2021-02-16,SIC,4413,2299,2114,1464,1287,779,25,857,1,3946,467,ITG,ITG1,19,Sicilia,Sicilia,4999891,472771,9.46,0.09
1059,2021-01-20,SIC,808,410,398,422,194,192,0,0,0,573,235,ITG,ITG1,19,Sicilia,Sicilia,4999891,473579,9.47,0.02
1060,2021-02-20,SIC,7262,3732,3530,840,1332,546,3749,620,175,7011,251,ITG,ITG1,19,Sicilia,Sicilia,4999891,480841,9.62,0.15
1061,2021-03-10,SIC,13837,5878,7959,1479,3000,933,4061,646,3718,11447,2390,ITG,ITG1,19,Sicilia,Sicilia,4999891,494678,9.89,0.28
1062,2020-12-27,SIC,89,54,35,62,2,25,0,0,0,89,0,ITG,ITG1,19,Sicilia,Sicilia,4999891,494767,9.9,0.0
1063,2021-01-09,SIC,7325,3424,3901,5034,1835,456,0,0,0,7325,0,ITG,ITG1,19,Sicilia,Sicilia,4999891,502092,10.04,0.15
1064,2020-12-28,SIC,207,124,83,205,2,0,0,0,0,207,0,ITG,ITG1,19,Sicilia,Sicilia,4999891,502299,10.05,0.0
1065,2021-01-11,SIC,5903,2590,3313,3923,1598,382,0,0,0,5903,0,ITG,ITG1,19,Sicilia,Sicilia,4999891,508202,10.16,0.12
1066,2021-01-15,SIC,5079,2233,2846,2824,1776,479,0,0,0,5079,0,ITG,ITG1,19,Sicilia,Sicilia,4999891,513281,10.27,0.1
1067,2021-03-07,SIC,9269,3458,5811,967,965,431,3393,216,3297,8185,1084,ITG,ITG1,19,Sicilia,Sicilia,4999891,522550,10.45,0.19
1068,2021-01-12,SIC,4542,2234,2308,2863,1484,195,0,0,0,4542,0,ITG,ITG1,19,Sicilia,Sicilia,4999891,527092,10.54,0.09
1069,2021-01-05,SIC,10527,5159,5368,9074,1246,207,0,0,0,10527,0,ITG,ITG1,19,Sicilia,Sicilia,4999891,537619,10.75,0.21
1070,2020-12-31,SIC,877,469,408,827,50,0,0,0,0,877,0,ITG,ITG1,19,Sicilia,Sicilia,4999891,538496,10.77,0.02
1071,2021-01-08,SIC,8328,3864,4464,6591,1524,213,0,0,0,8328,0,ITG,ITG1,19,Sicilia,Sicilia,4999891,546824,10.94,0.17
1072,2021-02-06,SIC,5066,2225,2841,2535,1939,592,0,0,0,1488,3578,ITG,ITG1,19,Sicilia,Sicilia,4999891,551890,11.04,0.1
1073,2021-01-19,SIC,1271,521,750,521,512,238,0,0,0,1093,178,ITG,ITG1,19,Sicilia,Sicilia,4999891,553161,11.06,0.03
1074,2021-02-22,SIC,8036,4160,3876,1107,936,554,4065,1053,321,7544,492,ITG,ITG1,19,Sicilia,Sicilia,4999891,561197,11.22,0.16
1075,2021-01-01,SIC,815,437,378,740,75,0,0,0,0,815,0,ITG,ITG1,19,Sicilia,Sicilia,4999891,562012,11.24,0.02
1076,2021-03-12,SIC,13114,5615,7499,1386,4518,695,3764,344,2407,10891,2223,ITG,ITG1,19,Sicilia,Sicilia,4999891,575126,11.5,0.26
1077,2021-02-27,SIC,12448,5570,6878,1515,2423,277,3843,1021,3369,11237,1211,ITG,ITG1,19,Sicilia,Sicilia,4999891,587574,11.75,0.25
1078,2021-02-13,SIC,3107,1168,1939,1296,1241,570,0,0,0,2850,257,ITG,ITG1,19,Sicilia,Sicilia,4999891,590681,11.81,0.06
1079,2021-03-09,SIC,13041,5480,7561,1593,2291,584,3943,939,3691,10668,2373,ITG,ITG1,19,Sicilia,Sicilia,4999891,603722,12.07,0.26
1080,2021-01-25,SIC,7512,3697,3815,6634,808,70,0,0,0,322,7190,ITG,ITG1,19,Sicilia,Sicilia,4999891,611234,12.22,0.15
1081,2021-03-20,SIC,18192,8711,9481,832,10205,413,5460,77,1205,12805,5387,ITG,ITG1,19,Sicilia,Sicilia,4999891,629426,12.59,0.36
1082,2021-01-12,CAM,5214,2563,2651,3439,1435,340,0,0,0,5214,0,ITF,ITF3,15,Campania,Campania,5801692,5214,0.09,0.09
1083,2021-02-19,CAM,9556,3557,5999,1647,1128,161,4453,0,2167,8906,650,ITF,ITF3,15,Campania,Campania,5801692,14770,0.25,0.16
1084,2021-01-21,CAM,2093,1116,977,1379,639,75,0,0,0,677,1416,ITF,ITF3,15,Campania,Campania,5801692,16863,0.29,0.04
1085,2021-02-06,CAM,5341,2665,2676,1990,2877,459,15,0,0,2103,3238,ITF,ITF3,15,Campania,Campania,5801692,22204,0.38,0.09
1086,2021-01-10,CAM,8165,3736,4429,5179,2889,97,0,0,0,8165,0,ITF,ITF3,15,Campania,Campania,5801692,30369,0.52,0.14
1087,2021-02-05,CAM,7261,3463,3798,3447,3497,308,9,0,0,2133,5128,ITF,ITF3,15,Campania,Campania,5801692,37630,0.65,0.13
1088,2021-01-28,CAM,8832,4122,4710,6216,2269,347,0,0,0,135,8697,ITF,ITF3,15,Campania,Campania,5801692,46462,0.8,0.15
1089,2021-01-19,CAM,1095,474,621,534,390,171,0,0,0,1092,3,ITF,ITF3,15,Campania,Campania,5801692,47557,0.82,0.02
1090,2021-03-11,CAM,17523,8635,8888,1009,5223,105,7629,986,2571,10245,7278,ITF,ITF3,15,Campania,Campania,5801692,65080,1.12,0.3
1091,2021-02-02,CAM,5722,2804,2918,3640,1728,354,0,0,0,443,5279,ITF,ITF3,15,Campania,Campania,5801692,70802,1.22,0.1
1092,2021-03-12,CAM,14234,7084,7150,979,4700,82,5285,1234,1954,8154,6080,ITF,ITF3,15,Campania,Campania,5801692,85036,1.47,0.25
1093,2021-01-18,CAM,957,399,558,576,194,187,0,0,0,713,244,ITF,ITF3,15,Campania,Campania,5801692,85993,1.48,0.02
1094,2021-03-13,CAM,14255,6792,7463,342,4234,193,5318,1195,2973,8970,5285,ITF,ITF3,15,Campania,Campania,5801692,100248,1.73,0.25
1095,2021-02-22,CAM,10613,3282,7331,512,2276,139,3867,0,3819,10351,262,ITF,ITF3,15,Campania,Campania,5801692,110861,1.91,0.18
1096,2021-01-16,CAM,3369,1675,1694,1355,1641,373,0,0,0,3369,0,ITF,ITF3,15,Campania,Campania,5801692,114230,1.97,0.06
1097,2021-01-06,CAM,7652,3749,3903,5781,1571,300,0,0,0,7652,0,ITF,ITF3,15,Campania,Campania,5801692,121882,2.1,0.13
1098,2021-03-16,CAM,8091,3522,4569,287,1817,60,5789,23,115,3777,4314,ITF,ITF3,15,Campania,Campania,5801692,129973,2.24,0.14
1099,2021-02-08,CAM,5113,2449,2664,1388,2121,226,1378,0,0,4311,802,ITF,ITF3,15,Campania,Campania,5801692,135086,2.33,0.09
1100,2021-03-04,CAM,14645,5345,9300,1788,5088,135,4198,1,3435,8752,5893,ITF,ITF3,15,Campania,Campania,5801692,149731,2.58,0.25
1101,2021-01-24,CAM,4128,2123,2005,3140,822,166,0,0,0,383,3745,ITF,ITF3,15,Campania,Campania,5801692,153859,2.65,0.07
1102,2021-01-29,CAM,10052,4812,5240,6405,3388,259,0,0,0,47,10005,ITF,ITF3,15,Campania,Campania,5801692,163911,2.83,0.17
1103,2021-01-01,CAM,919,506,413,831,88,0,0,0,0,919,0,ITF,ITF3,15,Campania,Campania,5801692,164830,2.84,0.02
1104,2021-02-11,CAM,6279,2705,3574,1861,1926,129,2363,0,0,6213,66,ITF,ITF3,15,Campania,Campania,5801692,171109,2.95,0.11
1105,2021-02-20,CAM,8565,3079,5486,1015,858,145,4582,0,1965,8262,303,ITF,ITF3,15,Campania,Campania,5801692,179674,3.1,0.15
1106,2021-02-10,CAM,6904,3413,3491,1945,2703,98,2158,0,0,6728,176,ITF,ITF3,15,Campania,Campania,5801692,186578,3.22,0.12
1107,2021-03-14,CAM,8542,3734,4808,137,2215,36,3623,844,1687,4404,4138,ITF,ITF3,15,Campania,Campania,5801692,195120,3.36,0.15
1108,2021-01-14,CAM,7072,2976,4096,3706,3016,350,0,0,0,7072,0,ITF,ITF3,15,Campania,Campania,5801692,202192,3.49,0.12
1109,2021-02-25,CAM,12422,4479,7943,600,2672,124,4916,0,4110,11234,1188,ITF,ITF3,15,Campania,Campania,5801692,214614,3.7,0.21
1110,2021-02-13,CAM,5508,2549,2959,952,808,131,3615,0,2,5291,217,ITF,ITF3,15,Campania,Campania,5801692,220122,3.79,0.09
1111,2020-12-27,CAM,720,422,298,703,17,0,0,0,0,720,0,ITF,ITF3,15,Campania,Campania,5801692,220842,3.81,0.01
1112,2021-01-13,CAM,8019,3665,4354,4350,3082,587,0,0,0,8019,0,ITF,ITF3,15,Campania,Campania,5801692,228861,3.94,0.14
1113,2021-01-03,CAM,3837,2009,1828,3191,646,0,0,0,0,3837,0,ITF,ITF3,15,Campania,Campania,5801692,232698,4.01,0.07
1114,2021-02-16,CAM,5437,2410,3027,911,1183,169,3174,0,0,4666,771,ITF,ITF3,15,Campania,Campania,5801692,238135,4.1,0.09
1115,2021-01-25,CAM,5744,2926,2818,4743,945,56,0,0,0,164,5580,ITF,ITF3,15,Campania,Campania,5801692,243879,4.2,0.1
1116,2021-02-27,CAM,13941,4470,9471,597,3062,78,3146,0,7058,12299,1642,ITF,ITF3,15,Campania,Campania,5801692,257820,4.44,0.24
1117,2021-02-18,CAM,9078,3811,5267,1710,1342,70,5520,0,436,8370,708,ITF,ITF3,15,Campania,Campania,5801692,266898,4.6,0.16
1118,2021-02-17,CAM,7388,3210,4178,995,1085,38,4908,0,362,6328,1060,ITF,ITF3,15,Campania,Campania,5801692,274286,4.73,0.13
1119,2021-01-09,CAM,10566,5024,5542,6759,3538,269,0,0,0,10566,0,ITF,ITF3,15,Campania,Campania,5801692,284852,4.91,0.18
1120,2021-02-14,CAM,3933,1926,2007,550,905,17,2461,0,0,3890,43,ITF,ITF3,15,Campania,Campania,5801692,288785,4.98,0.07
1121,2021-01-02,CAM,3674,1963,1711,3167,507,0,0,0,0,3674,0,ITF,ITF3,15,Campania,Campania,5801692,292459,5.04,0.06
1122,2021-01-20,CAM,1257,650,607,395,761,101,0,0,0,1257,0,ITF,ITF3,15,Campania,Campania,5801692,293716,5.06,0.02
1123,2021-03-09,CAM,13860,6628,7232,744,4620,217,3729,1118,3432,10079,3781,ITF,ITF3,15,Campania,Campania,5801692,307576,5.3,0.24
1124,2021-01-27,CAM,7737,3820,3917,5837,1630,270,0,0,0,162,7575,ITF,ITF3,15,Campania,Campania,5801692,315313,5.43,0.13
1125,2021-03-20,CAM,13900,6428,7472,219,5173,35,6143,288,2042,10160,3740,ITF,ITF3,15,Campania,Campania,5801692,329213,5.67,0.24
1126,2021-02-15,CAM,5469,2515,2954,976,1002,94,3395,1,1,5296,173,ITF,ITF3,15,Campania,Campania,5801692,334682,5.77,0.09
1127,2021-02-07,CAM,2936,1386,1550,712,1708,226,290,0,0,2158,778,ITF,ITF3,15,Campania,Campania,5801692,337618,5.82,0.05
1128,2021-02-09,CAM,4643,2202,2441,1148,2151,6,1338,0,0,4391,252,ITF,ITF3,15,Campania,Campania,5801692,342261,5.9,0.08
1129,2020-12-31,CAM,1490,811,679,1273,216,1,0,0,0,1490,0,ITF,ITF3,15,Campania,Campania,5801692,343751,5.93,0.03
1130,2021-03-02,CAM,12746,4550,8196,1266,4352,148,1938,2,5040,8402,4344,ITF,ITF3,15,Campania,Campania,5801692,356497,6.14,0.22
1131,2021-03-22,CAM,4687,2293,2394,68,2089,18,1536,70,906,3736,951,ITF,ITF3,15,Campania,Campania,5801692,361184,6.23,0.08
1132,2021-01-23,CAM,3839,2029,1810,3161,609,69,0,0,0,273,3566,ITF,ITF3,15,Campania,Campania,5801692,365023,6.29,0.07
1133,2021-01-11,CAM,4072,1871,2201,2386,1434,252,0,0,0,4072,0,ITF,ITF3,15,Campania,Campania,5801692,369095,6.36,0.07
1134,2021-01-26,CAM,7297,3701,3596,5742,1333,222,0,0,0,352,6945,ITF,ITF3,15,Campania,Campania,5801692,376392,6.49,0.13
1135,2021-03-06,CAM,16296,6747,9549,957,4431,172,5827,1027,3882,10630,5666,ITF,ITF3,15,Campania,Campania,5801692,392688,6.77,0.28
1136,2021-03-19,CAM,11014,4864,6150,263,3021,21,7226,28,455,7149,3865,ITF,ITF3,15,Campania,Campania,5801692,403702,6.96,0.19
1137,2021-02-24,CAM,11768,4143,7625,712,2311,145,5096,0,3504,11080,688,ITF,ITF3,15,Campania,Campania,5801692,415470,7.16,0.2
1138,2021-02-28,CAM,10400,3204,7196,485,3656,22,1943,0,4294,8501,1899,ITF,ITF3,15,Campania,Campania,5801692,425870,7.34,0.18
1139,2021-02-21,CAM,5834,2239,3595,780,653,22,3871,0,508,5609,225,ITF,ITF3,15,Campania,Campania,5801692,431704,7.44,0.1
1140,2021-01-17,CAM,1155,551,604,718,286,151,0,0,0,702,453,ITF,ITF3,15,Campania,Campania,5801692,432859,7.46,0.02
1141,2021-03-17,CAM,11573,5092,6481,459,2063,49,8868,20,114,4997,6576,ITF,ITF3,15,Campania,Campania,5801692,444432,7.66,0.2
1142,2021-03-21,CAM,9947,4571,5376,164,5348,17,2695,186,1537,7578,2369,ITF,ITF3,15,Campania,Campania,5801692,454379,7.83,0.17
1143,2021-03-08,CAM,14502,6703,7799,835,5195,36,4175,1334,2927,9727,4775,ITF,ITF3,15,Campania,Campania,5801692,468881,8.08,0.25
1144,2021-03-10,CAM,15226,7362,7864,638,3987,26,7285,1006,2284,8399,6827,ITF,ITF3,15,Campania,Campania,5801692,484107,8.34,0.26
1145,2021-02-23,CAM,10988,3383,7605,514,2211,288,3688,0,4287,10462,526,ITF,ITF3,15,Campania,Campania,5801692,495095,8.53,0.19
1146,2021-03-03,CAM,13921,5495,8426,2017,5280,158,3468,3,2995,7292,6629,ITF,ITF3,15,Campania,Campania,5801692,509016,8.77,0.24
1147,2021-01-22,CAM,1523,775,748,970,344,209,0,0,0,673,850,ITF,ITF3,15,Campania,Campania,5801692,510539,8.8,0.03
1148,2021-02-12,CAM,6555,2876,3679,1812,1467,214,3058,0,4,6343,212,ITF,ITF3,15,Campania,Campania,5801692,517094,8.91,0.11
1149,2021-03-07,CAM,11911,5344,6567,513,4258,85,3276,1512,2267,8070,3841,ITF,ITF3,15,Campania,Campania,5801692,529005,9.12,0.21
1150,2021-01-08,CAM,10455,4969,5486,6714,3529,212,0,0,0,10455,0,ITF,ITF3,15,Campania,Campania,5801692,539460,9.3,0.18
1151,2021-01-31,CAM,8067,3711,4356,5107,2893,67,0,0,0,23,8044,ITF,ITF3,15,Campania,Campania,5801692,547527,9.44,0.14
1152,2021-02-01,CAM,3985,1813,2172,2504,1329,152,0,0,0,110,3875,ITF,ITF3,15,Campania,Campania,5801692,551512,9.51,0.07
1153,2021-03-18,CAM,12156,5376,6780,444,2492,34,8658,74,454,5969,6187,ITF,ITF3,15,Campania,Campania,5801692,563668,9.72,0.21
1154,2021-03-05,CAM,16471,6346,10125,1640,5427,64,5028,4,4308,9813,6658,ITF,ITF3,15,Campania,Campania,5801692,580139,10.0,0.28
1155,2021-02-26,CAM,13329,4230,9099,623,2381,223,3222,1,6879,11994,1335,ITF,ITF3,15,Campania,Campania,5801692,593468,10.23,0.23
1156,2021-01-07,CAM,8910,4166,4744,6313,2265,332,0,0,0,8910,0,ITF,ITF3,15,Campania,Campania,5801692,602378,10.38,0.15
1157,2021-01-04,CAM,5826,2963,2863,4850,976,0,0,0,0,5826,0,ITF,ITF3,15,Campania,Campania,5801692,608204,10.48,0.1
1158,2021-01-15,CAM,4980,2381,2599,2740,2049,191,0,0,0,4980,0,ITF,ITF3,15,Campania,Campania,5801692,613184,10.57,0.09
1159,2021-03-15,CAM,13013,6124,6889,483,3821,85,5809,234,2581,8310,4703,ITF,ITF3,15,Campania,Campania,5801692,626197,10.79,0.22
1160,2021-02-03,CAM,8902,4002,4900,4735,3452,714,1,0,0,878,8024,ITF,ITF3,15,Campania,Campania,5801692,635099,10.95,0.15
1161,2021-01-05,CAM,7237,3638,3599,5810,1321,106,0,0,0,7237,0,ITF,ITF3,15,Campania,Campania,5801692,642336,11.07,0.12
1162,2021-01-30,CAM,10721,5079,5642,6930,3564,227,0,0,0,39,10682,ITF,ITF3,15,Campania,Campania,5801692,653057,11.26,0.18
1163,2021-03-01,CAM,12118,4243,7875,1095,3710,145,1722,0,5446,8007,4111,ITF,ITF3,15,Campania,Campania,5801692,665175,11.47,0.21
1164,2021-02-04,CAM,7943,3429,4514,3965,3685,292,1,0,0,1308,6635,ITF,ITF3,15,Campania,Campania,5801692,673118,11.6,0.14
1165,2021-03-17,ABR,4542,1876,2666,285,213,144,3872,17,11,2799,1743,ITF,ITF1,13,Abruzzo,Abruzzo,1304970,4542,0.35,0.35
1166,2021-02-28,ABR,1707,511,1196,23,34,0,79,149,1422,1705,2,ITF,ITF1,13,Abruzzo,Abruzzo,1304970,6249,0.48,0.13
1167,2021-01-17,ABR,187,59,128,136,51,0,0,0,0,180,7,ITF,ITF1,13,Abruzzo,Abruzzo,1304970,6436,0.49,0.01
1168,2021-02-24,ABR,3302,1439,1863,391,340,247,1967,226,131,3126,176,ITF,ITF1,13,Abruzzo,Abruzzo,1304970,9738,0.75,0.25
1169,2021-01-29,ABR,1386,449,937,1290,96,0,0,0,0,74,1312,ITF,ITF1,13,Abruzzo,Abruzzo,1304970,11124,0.85,0.11
1170,2021-03-15,ABR,3516,1377,2139,656,569,78,1963,41,209,1701,1815,ITF,ITF1,13,Abruzzo,Abruzzo,1304970,14640,1.12,0.27
1171,2021-02-03,ABR,2061,717,1344,1541,402,118,0,0,0,419,1642,ITF,ITF1,13,Abruzzo,Abruzzo,1304970,16701,1.28,0.16
1172,2021-01-28,ABR,1433,495,938,1370,62,1,0,0,0,12,1421,ITF,ITF1,13,Abruzzo,Abruzzo,1304970,18134,1.39,0.11
1173,2021-01-03,ABR,471,185,286,464,7,0,0,0,0,471,0,ITF,ITF1,13,Abruzzo,Abruzzo,1304970,18605,1.43,0.04
1174,2021-02-05,ABR,1535,520,1015,1188,241,106,0,0,0,788,747,ITF,ITF1,13,Abruzzo,Abruzzo,1304970,20140,1.54,0.12
1175,2021-01-30,ABR,1509,566,943,1348,114,47,0,0,0,69,1440,ITF,ITF1,13,Abruzzo,Abruzzo,1304970,21649,1.66,0.12
1176,2021-02-15,ABR,1796,831,965,625,487,221,217,246,0,1754,42,ITF,ITF1,13,Abruzzo,Abruzzo,1304970,23445,1.8,0.14
1177,2021-03-04,ABR,5936,2358,3578,1170,535,93,2992,328,818,5015,921,ITF,ITF1,13,Abruzzo,Abruzzo,1304970,29381,2.25,0.45
1178,2021-01-24,ABR,50,22,28,49,1,0,0,0,0,6,44,ITF,ITF1,13,Abruzzo,Abruzzo,1304970,29431,2.26,0.0
1179,2021-01-14,ABR,530,189,341,364,166,0,0,0,0,530,0,ITF,ITF1,13,Abruzzo,Abruzzo,1304970,29961,2.3,0.04
1180,2021-03-05,ABR,5261,1937,3324,561,457,107,2582,202,1352,4564,697,ITF,ITF1,13,Abruzzo,Abruzzo,1304970,35222,2.7,0.4
1181,2021-02-26,ABR,3919,1671,2248,1025,565,160,1650,257,262,2950,969,ITF,ITF1,13,Abruzzo,Abruzzo,1304970,39141,3.0,0.3
1182,2021-01-12,ABR,1804,666,1138,1470,334,0,0,0,0,1804,0,ITF,ITF1,13,Abruzzo,Abruzzo,1304970,40945,3.14,0.14
1183,2021-02-12,ABR,968,319,649,438,220,310,0,0,0,779,189,ITF,ITF1,13,Abruzzo,Abruzzo,1304970,41913,3.21,0.07
1184,2021-01-23,ABR,263,114,149,223,14,26,0,0,0,57,206,ITF,ITF1,13,Abruzzo,Abruzzo,1304970,42176,3.23,0.02
1185,2021-03-22,ABR,900,423,477,52,146,37,620,43,2,338,562,ITF,ITF1,13,Abruzzo,Abruzzo,1304970,43076,3.3,0.07
1186,2021-02-09,ABR,908,311,597,612,165,131,0,0,0,499,409,ITF,ITF1,13,Abruzzo,Abruzzo,1304970,43984,3.37,0.07
1187,2021-02-04,ABR,1681,616,1065,1168,456,57,0,0,0,609,1072,ITF,ITF1,13,Abruzzo,Abruzzo,1304970,45665,3.5,0.13
1188,2021-01-04,ABR,1401,575,826,1396,5,0,0,0,0,1401,0,ITF,ITF1,13,Abruzzo,Abruzzo,1304970,47066,3.61,0.11
1189,2021-03-11,ABR,5425,2188,3237,1324,558,241,1539,199,1564,4286,1139,ITF,ITF1,13,Abruzzo,Abruzzo,1304970,52491,4.02,0.42
1190,2021-03-19,ABR,5795,2584,3211,755,460,118,4398,51,13,2774,3021,ITF,ITF1,13,Abruzzo,Abruzzo,1304970,58286,4.47,0.44
1191,2021-01-21,ABR,157,47,110,10,6,141,0,0,0,157,0,ITF,ITF1,13,Abruzzo,Abruzzo,1304970,58443,4.48,0.01
1192,2021-02-07,ABR,777,307,470,646,130,1,0,0,0,201,576,ITF,ITF1,13,Abruzzo,Abruzzo,1304970,59220,4.54,0.06
1193,2021-01-31,ABR,1502,488,1014,1154,245,103,0,0,0,287,1215,ITF,ITF1,13,Abruzzo,Abruzzo,1304970,60722,4.65,0.12
1194,2021-01-27,ABR,1364,515,849,1301,63,0,0,0,0,39,1325,ITF,ITF1,13,Abruzzo,Abruzzo,1304970,62086,4.76,0.1
1195,2021-03-09,ABR,5169,1795,3374,987,528,84,1320,204,2046,4230,939,ITF,ITF1,13,Abruzzo,Abruzzo,1304970,67255,5.15,0.4
1196,2021-01-26,ABR,1542,567,975,1513,29,0,0,0,0,29,1513,ITF,ITF1,13,Abruzzo,Abruzzo,1304970,68797,5.27,0.12
1197,2021-03-06,ABR,4174,1354,2820,432,368,52,1748,15,1559,3604,570,ITF,ITF1,13,Abruzzo,Abruzzo,1304970,72971,5.59,0.32
1198,2021-01-22,ABR,118,57,61,2,4,112,0,0,0,118,0,ITF,ITF1,13,Abruzzo,Abruzzo,1304970,73089,5.6,0.01
1199,2021-03-02,ABR,3963,1676,2287,934,439,53,1856,276,405,3279,684,ITF,ITF1,13,Abruzzo,Abruzzo,1304970,77052,5.9,0.3
1200,2021-01-11,ABR,1551,557,994,1337,166,48,0,0,0,1551,0,ITF,ITF1,13,Abruzzo,Abruzzo,1304970,78603,6.02,0.12
1201,2021-03-01,ABR,3485,1390,2095,697,293,174,1911,128,282,2722,763,ITF,ITF1,13,Abruzzo,Abruzzo,1304970,82088,6.29,0.27
1202,2021-03-08,ABR,5127,1669,3458,1190,507,112,1019,104,2195,4153,974,ITF,ITF1,13,Abruzzo,Abruzzo,1304970,87215,6.68,0.39
1203,2021-01-20,ABR,447,156,291,147,96,204,0,0,0,445,2,ITF,ITF1,13,Abruzzo,Abruzzo,1304970,87662,6.72,0.03
1204,2021-02-01,ABR,1632,573,1059,1384,247,1,0,0,0,271,1361,ITF,ITF1,13,Abruzzo,Abruzzo,1304970,89294,6.84,0.13
1205,2021-03-14,ABR,1883,731,1152,8,150,0,1476,0,249,1216,667,ITF,ITF1,13,Abruzzo,Abruzzo,1304970,91177,6.99,0.14
1206,2021-01-10,ABR,1139,409,730,1091,48,0,0,0,0,1139,0,ITF,ITF1,13,Abruzzo,Abruzzo,1304970,92316,7.07,0.09
1207,2021-02-20,ABR,4781,1842,2939,310,569,192,1417,406,1887,4705,76,ITF,ITF1,13,Abruzzo,Abruzzo,1304970,97097,7.44,0.37
1208,2021-01-06,ABR,1830,664,1166,1546,151,133,0,0,0,1830,0,ITF,ITF1,13,Abruzzo,Abruzzo,1304970,98927,7.58,0.14
1209,2021-02-21,ABR,1221,551,670,2,4,3,1210,2,0,1220,1,ITF,ITF1,13,Abruzzo,Abruzzo,1304970,100148,7.67,0.09
1210,2021-03-13,ABR,4166,1431,2735,537,1011,137,1401,23,1057,3102,1064,ITF,ITF1,13,Abruzzo,Abruzzo,1304970,104314,7.99,0.32
1211,2021-03-12,ABR,6021,1988,4033,1005,875,135,1700,117,2189,4438,1583,ITF,ITF1,13,Abruzzo,Abruzzo,1304970,110335,8.45,0.46
1212,2021-01-16,ABR,927,428,499,710,202,15,0,0,0,927,0,ITF,ITF1,13,Abruzzo,Abruzzo,1304970,111262,8.53,0.07
1213,2021-03-18,ABR,3896,1651,2245,281,286,3,3297,22,7,2065,1831,ITF,ITF1,13,Abruzzo,Abruzzo,1304970,115158,8.82,0.3
1214,2021-03-21,ABR,2135,913,1222,9,47,1,1919,29,130,844,1291,ITF,ITF1,13,Abruzzo,Abruzzo,1304970,117293,8.99,0.16
1215,2021-02-13,ABR,845,383,462,549,224,72,0,0,0,437,408,ITF,ITF1,13,Abruzzo,Abruzzo,1304970,118138,9.05,0.06
1216,2021-02-18,ABR,2291,934,1357,670,380,416,610,215,0,2161,130,ITF,ITF1,13,Abruzzo,Abruzzo,1304970,120429,9.23,0.18
1217,2021-01-09,ABR,1483,565,918,1430,53,0,0,0,0,1483,0,ITF,ITF1,13,Abruzzo,Abruzzo,1304970,121912,9.34,0.11
1218,2021-02-19,ABR,3301,1552,1749,990,433,371,1111,388,8,3201,100,ITF,ITF1,13,Abruzzo,Abruzzo,1304970,125213,9.6,0.25
1219,2021-01-07,ABR,1603,552,1051,1566,37,0,0,0,0,1603,0,ITF,ITF1,13,Abruzzo,Abruzzo,1304970,126816,9.72,0.12
1220,2021-01-05,ABR,1614,604,1010,1604,10,0,0,0,0,1614,0,ITF,ITF1,13,Abruzzo,Abruzzo,1304970,128430,9.84,0.12
1221,2021-01-18,ABR,122,48,74,106,14,2,0,0,0,46,76,ITF,ITF1,13,Abruzzo,Abruzzo,1304970,128552,9.85,0.01
1222,2021-01-15,ABR,379,149,230,223,121,35,0,0,0,379,0,ITF,ITF1,13,Abruzzo,Abruzzo,1304970,128931,9.88,0.03
1223,2021-02-08,ABR,1201,398,803,710,227,264,0,0,0,491,710,ITF,ITF1,13,Abruzzo,Abruzzo,1304970,130132,9.97,0.09
1224,2021-02-22,ABR,2644,1175,1469,477,357,46,1094,419,251,2614,30,ITF,ITF1,13,Abruzzo,Abruzzo,1304970,132776,10.17,0.2
1225,2021-02-11,ABR,816,262,554,473,189,154,0,0,0,773,43,ITF,ITF1,13,Abruzzo,Abruzzo,1304970,133592,10.24,0.06
1226,2021-01-13,ABR,1253,440,813,1103,150,0,0,0,0,1253,0,ITF,ITF1,13,Abruzzo,Abruzzo,1304970,134845,10.33,0.1
1227,2021-01-08,ABR,1525,507,1018,1487,38,0,0,0,0,1525,0,ITF,ITF1,13,Abruzzo,Abruzzo,1304970,136370,10.45,0.12
1228,2021-02-16,ABR,1978,869,1109,841,513,139,410,75,0,1966,12,ITF,ITF1,13,Abruzzo,Abruzzo,1304970,138348,10.6,0.15
1229,2021-02-02,ABR,1798,677,1121,1243,413,142,0,0,0,241,1557,ITF,ITF1,13,Abruzzo,Abruzzo,1304970,140146,10.74,0.14
1230,2021-03-07,ABR,2523,630,1893,28,210,0,461,1,1823,2523,0,ITF,ITF1,13,Abruzzo,Abruzzo,1304970,142669,10.93,0.19
1231,2020-12-27,ABR,37,19,18,34,1,2,0,0,0,37,0,ITF,ITF1,13,Abruzzo,Abruzzo,1304970,142706,10.94,0.0
1232,2021-03-03,ABR,4627,1881,2746,1222,583,36,1585,346,855,3721,906,ITF,ITF1,13,Abruzzo,Abruzzo,1304970,147333,11.29,0.35
1233,2021-02-23,ABR,2784,1274,1510,324,423,215,1436,286,100,2773,11,ITF,ITF1,13,Abruzzo,Abruzzo,1304970,150117,11.5,0.21
1234,2021-03-10,ABR,4948,1640,3308,735,455,242,1518,127,1871,3992,956,ITF,ITF1,13,Abruzzo,Abruzzo,1304970,155065,11.88,0.38
1235,2021-02-17,ABR,2076,951,1125,512,241,394,718,210,1,1793,283,ITF,ITF1,13,Abruzzo,Abruzzo,1304970,157141,12.04,0.16
1236,2021-03-20,ABR,4726,2155,2571,318,524,60,3643,84,97,2568,2158,ITF,ITF1,13,Abruzzo,Abruzzo,1304970,161867,12.4,0.36
1237,2021-01-25,ABR,1604,633,971,1584,20,0,0,0,0,20,1584,ITF,ITF1,13,Abruzzo,Abruzzo,1304970,163471,12.53,0.12
1238,2021-02-27,ABR,2809,1337,1472,253,185,123,732,642,874,2543,266,ITF,ITF1,13,Abruzzo,Abruzzo,1304970,166280,12.74,0.22
1239,2021-02-25,ABR,3086,1347,1739,615,557,18,1508,262,126,2558,528,ITF,ITF1,13,Abruzzo,Abruzzo,1304970,169366,12.98,0.24
1240,2021-02-10,ABR,948,313,635,622,210,116,0,0,0,504,444,ITF,ITF1,13,Abruzzo,Abruzzo,1304970,170314,13.05,0.07
1241,2021-01-02,ABR,548,218,330,540,8,0,0,0,0,548,0,ITF,ITF1,13,Abruzzo,Abruzzo,1304970,170862,13.09,0.04
1242,2021-02-06,ABR,1611,742,869,1168,371,72,0,0,0,602,1009,ITF,ITF1,13,Abruzzo,Abruzzo,1304970,172473,13.22,0.12
1243,2021-01-19,ABR,111,55,56,27,34,50,0,0,0,91,20,ITF,ITF1,13,Abruzzo,Abruzzo,1304970,172584,13.23,0.01
1244,2021-03-16,ABR,3486,1453,2033,284,166,169,2849,6,12,1831,1655,ITF,ITF1,13,Abruzzo,Abruzzo,1304970,176070,13.49,0.27
1245,2021-03-11,PAB,1644,806,838,89,552,68,365,237,333,1129,515,ITH,ITH1,4,Provincia Autonoma Bolzano / Bozen,P.A. Bolzano,533050,1644,0.31,0.31
1246,2021-01-07,PAB,892,317,575,613,227,0,52,0,0,892,0,ITH,ITH1,4,Provincia Autonoma Bolzano / Bozen,P.A. Bolzano,533050,2536,0.48,0.17
1247,2021-01-04,PAB,469,191,278,397,72,0,0,0,0,469,0,ITH,ITH1,4,Provincia Autonoma Bolzano / Bozen,P.A. Bolzano,533050,3005,0.56,0.09
1248,2021-02-20,PAB,1502,471,1031,196,83,24,469,1,729,1484,18,ITH,ITH1,4,Provincia Autonoma Bolzano / Bozen,P.A. Bolzano,533050,4507,0.85,0.28
1249,2021-02-25,PAB,1495,548,947,22,340,0,728,0,405,1494,1,ITH,ITH1,4,Provincia Autonoma Bolzano / Bozen,P.A. Bolzano,533050,6002,1.13,0.28
1250,2021-03-03,PAB,1162,391,771,12,13,6,345,51,735,1149,13,ITH,ITH1,4,Provincia Autonoma Bolzano / Bozen,P.A. Bolzano,533050,7164,1.34,0.22
1251,2021-02-06,PAB,2300,1025,1275,447,375,6,1471,0,1,18,2282,ITH,ITH1,4,Provincia Autonoma Bolzano / Bozen,P.A. Bolzano,533050,9464,1.78,0.43
1252,2021-02-03,PAB,1445,457,988,615,441,321,68,0,0,5,1440,ITH,ITH1,4,Provincia Autonoma Bolzano / Bozen,P.A. Bolzano,533050,10909,2.05,0.27
1253,2021-02-26,PAB,1385,492,893,62,143,2,846,0,332,1355,30,ITH,ITH1,4,Provincia Autonoma Bolzano / Bozen,P.A. Bolzano,533050,12294,2.31,0.26
1254,2021-01-14,PAB,1809,540,1269,477,761,285,286,0,0,1809,0,ITH,ITH1,4,Provincia Autonoma Bolzano / Bozen,P.A. Bolzano,533050,14103,2.65,0.34
1255,2021-03-19,PAB,1896,768,1128,159,612,15,1096,0,14,793,1103,ITH,ITH1,4,Provincia Autonoma Bolzano / Bozen,P.A. Bolzano,533050,15999,3.0,0.36
1256,2021-03-15,PAB,838,292,546,285,478,13,56,2,4,365,473,ITH,ITH1,4,Provincia Autonoma Bolzano / Bozen,P.A. Bolzano,533050,16837,3.16,0.16
1257,2021-02-02,PAB,1731,500,1231,617,500,605,9,0,0,8,1723,ITH,ITH1,4,Provincia Autonoma Bolzano / Bozen,P.A. Bolzano,533050,18568,3.48,0.32
1258,2021-02-08,PAB,1,1,0,0,1,0,0,0,0,1,0,ITH,ITH1,4,Provincia Autonoma Bolzano / Bozen,P.A. Bolzano,533050,18569,3.48,0.0
1259,2021-02-07,PAB,2165,975,1190,99,398,1,1667,0,0,12,2153,ITH,ITH1,4,Provincia Autonoma Bolzano / Bozen,P.A. Bolzano,533050,20734,3.89,0.41
1260,2021-01-21,PAB,915,426,489,720,100,68,27,0,0,138,777,ITH,ITH1,4,Provincia Autonoma Bolzano / Bozen,P.A. Bolzano,533050,21649,4.06,0.17
1261,2021-03-01,PAB,909,217,692,11,159,5,0,0,734,909,0,ITH,ITH1,4,Provincia Autonoma Bolzano / Bozen,P.A. Bolzano,533050,22558,4.23,0.17
1262,2021-02-16,PAB,529,205,324,10,7,0,512,0,0,529,0,ITH,ITH1,4,Provincia Autonoma Bolzano / Bozen,P.A. Bolzano,533050,23087,4.33,0.1
1263,2021-02-01,PAB,1385,404,981,709,379,296,0,0,1,11,1374,ITH,ITH1,4,Provincia Autonoma Bolzano / Bozen,P.A. Bolzano,533050,24472,4.59,0.26
1264,2021-03-05,PAB,1756,590,1166,337,383,28,760,9,239,1314,442,ITH,ITH1,4,Provincia Autonoma Bolzano / Bozen,P.A. Bolzano,533050,26228,4.92,0.33
1265,2021-03-06,PAB,3946,2069,1877,478,871,7,1953,256,381,3734,212,ITH,ITH1,4,Provincia Autonoma Bolzano / Bozen,P.A. Bolzano,533050,30174,5.66,0.74
1266,2021-01-22,PAB,242,138,104,130,23,85,3,0,1,124,118,ITH,ITH1,4,Provincia Autonoma Bolzano / Bozen,P.A. Bolzano,533050,30416,5.71,0.05
1267,2021-03-13,PAB,2859,1448,1411,165,1313,1,1272,89,19,2758,101,ITH,ITH1,4,Provincia Autonoma Bolzano / Bozen,P.A. Bolzano,533050,33275,6.24,0.54
1268,2021-02-05,PAB,2789,1036,1753,641,677,394,1077,0,0,6,2783,ITH,ITH1,4,Provincia Autonoma Bolzano / Bozen,P.A. Bolzano,533050,36064,6.77,0.52
1269,2021-01-19,PAB,811,349,462,170,66,0,575,0,0,681,130,ITH,ITH1,4,Provincia Autonoma Bolzano / Bozen,P.A. Bolzano,533050,36875,6.92,0.15
1270,2021-01-15,PAB,3027,1119,1908,560,870,336,1261,0,0,3027,0,ITH,ITH1,4,Provincia Autonoma Bolzano / Bozen,P.A. Bolzano,533050,39902,7.49,0.57
1271,2021-01-09,PAB,600,317,283,75,439,74,12,0,0,600,0,ITH,ITH1,4,Provincia Autonoma Bolzano / Bozen,P.A. Bolzano,533050,40502,7.6,0.11
1272,2021-01-05,PAB,821,283,538,728,93,0,0,0,0,821,0,ITH,ITH1,4,Provincia Autonoma Bolzano / Bozen,P.A. Bolzano,533050,41323,7.75,0.15
1273,2021-01-29,PAB,1488,508,980,874,313,295,2,0,4,23,1465,ITH,ITH1,4,Provincia Autonoma Bolzano / Bozen,P.A. Bolzano,533050,42811,8.03,0.28
1274,2021-03-18,PAB,1288,524,764,49,169,48,1022,0,0,215,1073,ITH,ITH1,4,Provincia Autonoma Bolzano / Bozen,P.A. Bolzano,533050,44099,8.27,0.24
1275,2021-02-11,PAB,1031,408,623,205,381,102,343,0,0,222,809,ITH,ITH1,4,Provincia Autonoma Bolzano / Bozen,P.A. Bolzano,533050,45130,8.47,0.19
1276,2021-02-10,PAB,1630,602,1028,489,558,1,582,0,0,26,1604,ITH,ITH1,4,Provincia Autonoma Bolzano / Bozen,P.A. Bolzano,533050,46760,8.77,0.31
1277,2021-03-12,PAB,868,400,468,65,358,41,298,57,49,718,150,ITH,ITH1,4,Provincia Autonoma Bolzano / Bozen,P.A. Bolzano,533050,47628,8.93,0.16
1278,2021-01-13,PAB,1317,409,908,368,588,255,106,0,0,1317,0,ITH,ITH1,4,Provincia Autonoma Bolzano / Bozen,P.A. Bolzano,533050,48945,9.18,0.25
1279,2021-01-30,PAB,496,244,252,216,179,101,0,0,0,4,492,ITH,ITH1,4,Provincia Autonoma Bolzano / Bozen,P.A. Bolzano,533050,49441,9.28,0.09
1280,2021-03-14,PAB,754,336,418,130,37,33,553,1,0,25,729,ITH,ITH1,4,Provincia Autonoma Bolzano / Bozen,P.A. Bolzano,533050,50195,9.42,0.14
1281,2021-01-24,PAB,12,10,2,1,11,0,0,0,0,0,12,ITH,ITH1,4,Provincia Autonoma Bolzano / Bozen,P.A. Bolzano,533050,50207,9.42,0.0
1282,2021-01-17,PAB,2270,1025,1245,54,236,19,1961,0,0,2259,11,ITH,ITH1,4,Provincia Autonoma Bolzano / Bozen,P.A. Bolzano,533050,52477,9.84,0.43
1283,2021-02-04,PAB,1877,568,1309,623,621,419,214,0,0,8,1869,ITH,ITH1,4,Provincia Autonoma Bolzano / Bozen,P.A. Bolzano,533050,54354,10.2,0.35
1284,2021-02-27,PAB,2454,758,1696,202,128,8,881,3,1232,2446,8,ITH,ITH1,4,Provincia Autonoma Bolzano / Bozen,P.A. Bolzano,533050,56808,10.66,0.46
1285,2021-01-25,PAB,462,177,285,380,80,0,1,0,1,3,459,ITH,ITH1,4,Provincia Autonoma Bolzano / Bozen,P.A. Bolzano,533050,57270,10.74,0.09
1286,2021-01-23,PAB,195,115,80,183,12,0,0,0,0,0,195,ITH,ITH1,4,Provincia Autonoma Bolzano / Bozen,P.A. Bolzano,533050,57465,10.78,0.04
1287,2021-03-10,PAB,1172,446,726,653,188,0,134,80,117,1029,143,ITH,ITH1,4,Provincia Autonoma Bolzano / Bozen,P.A. Bolzano,533050,58637,11.0,0.22
1288,2021-01-06,PAB,59,18,41,59,0,0,0,0,0,59,0,ITH,ITH1,4,Provincia Autonoma Bolzano / Bozen,P.A. Bolzano,533050,58696,11.01,0.01
1289,2021-03-04,PAB,1669,988,681,292,599,25,40,452,261,1457,212,ITH,ITH1,4,Provincia Autonoma Bolzano / Bozen,P.A. Bolzano,533050,60365,11.32,0.31
1290,2021-02-22,PAB,521,142,379,339,168,0,4,0,10,510,11,ITH,ITH1,4,Provincia Autonoma Bolzano / Bozen,P.A. Bolzano,533050,60886,11.42,0.1
1291,2021-03-21,PAB,763,280,483,165,33,1,561,0,3,14,749,ITH,ITH1,4,Provincia Autonoma Bolzano / Bozen,P.A. Bolzano,533050,61649,11.57,0.14
1292,2021-03-16,PAB,620,245,375,22,63,38,497,0,0,103,517,ITH,ITH1,4,Provincia Autonoma Bolzano / Bozen,P.A. Bolzano,533050,62269,11.68,0.12
1293,2021-01-28,PAB,867,307,560,584,214,69,0,0,0,10,857,ITH,ITH1,4,Provincia Autonoma Bolzano / Bozen,P.A. Bolzano,533050,63136,11.84,0.16
1294,2021-02-09,PAB,317,126,191,64,22,2,227,0,2,1,316,ITH,ITH1,4,Provincia Autonoma Bolzano / Bozen,P.A. Bolzano,533050,63453,11.9,0.06
1295,2021-03-17,PAB,570,212,358,7,40,42,481,0,0,569,1,ITH,ITH1,4,Provincia Autonoma Bolzano / Bozen,P.A. Bolzano,533050,64023,12.01,0.11
1296,2021-03-22,PAB,648,290,358,0,526,0,119,3,0,648,0,ITH,ITH1,4,Provincia Autonoma Bolzano / Bozen,P.A. Bolzano,533050,64671,12.13,0.12
1297,2021-03-02,PAB,681,193,488,1,0,0,0,7,673,681,0,ITH,ITH1,4,Provincia Autonoma Bolzano / Bozen,P.A. Bolzano,533050,65352,12.26,0.13
1298,2021-03-08,PAB,1187,517,670,23,285,164,712,0,3,1162,25,ITH,ITH1,4,Provincia Autonoma Bolzano / Bozen,P.A. Bolzano,533050,66539,12.48,0.22
1299,2021-02-13,PAB,318,79,239,126,184,7,1,0,0,312,6,ITH,ITH1,4,Provincia Autonoma Bolzano / Bozen,P.A. Bolzano,533050,66857,12.54,0.06
1300,2021-02-24,PAB,1361,403,958,10,3,0,0,8,1340,1349,12,ITH,ITH1,4,Provincia Autonoma Bolzano / Bozen,P.A. Bolzano,533050,68218,12.8,0.26
1301,2021-01-03,PAB,41,16,25,33,7,0,1,0,0,41,0,ITH,ITH1,4,Provincia Autonoma Bolzano / Bozen,P.A. Bolzano,533050,68259,12.81,0.01
1302,2021-01-26,PAB,809,291,518,681,128,0,0,0,0,1,808,ITH,ITH1,4,Provincia Autonoma Bolzano / Bozen,P.A. Bolzano,533050,69068,12.96,0.15
1303,2021-02-15,PAB,72,42,30,17,10,40,5,0,0,26,46,ITH,ITH1,4,Provincia Autonoma Bolzano / Bozen,P.A. Bolzano,533050,69140,12.97,0.01
1304,2021-01-01,PAB,1,1,0,1,0,0,0,0,0,1,0,ITH,ITH1,4,Provincia Autonoma Bolzano / Bozen,P.A. Bolzano,533050,69141,12.97,0.0
1305,2021-03-20,PAB,1373,656,717,113,652,9,593,5,1,751,622,ITH,ITH1,4,Provincia Autonoma Bolzano / Bozen,P.A. Bolzano,533050,70514,13.23,0.26
1306,2021-02-12,PAB,721,214,507,316,292,104,7,2,0,475,246,ITH,ITH1,4,Provincia Autonoma Bolzano / Bozen,P.A. Bolzano,533050,71235,13.36,0.14
1307,2021-03-09,PAB,1185,540,645,29,101,21,915,72,47,1183,2,ITH,ITH1,4,Provincia Autonoma Bolzano / Bozen,P.A. Bolzano,533050,72420,13.59,0.22
1308,2021-01-27,PAB,84,28,56,54,30,0,0,0,0,1,83,ITH,ITH1,4,Provincia Autonoma Bolzano / Bozen,P.A. Bolzano,533050,72504,13.6,0.02
1309,2021-01-11,PAB,1501,476,1025,537,640,174,150,0,0,1501,0,ITH,ITH1,4,Provincia Autonoma Bolzano / Bozen,P.A. Bolzano,533050,74005,13.88,0.28
1310,2020-12-30,PAB,384,181,203,340,44,0,0,0,0,384,0,ITH,ITH1,4,Provincia Autonoma Bolzano / Bozen,P.A. Bolzano,533050,74389,13.96,0.07
1311,2021-01-02,PAB,91,48,43,69,22,0,0,0,0,91,0,ITH,ITH1,4,Provincia Autonoma Bolzano / Bozen,P.A. Bolzano,533050,74480,13.97,0.02
1312,2021-02-17,PAB,4,1,3,1,2,0,1,0,0,2,2,ITH,ITH1,4,Provincia Autonoma Bolzano / Bozen,P.A. Bolzano,533050,74484,13.97,0.0
1313,2021-02-23,PAB,763,320,443,0,58,0,621,0,84,758,5,ITH,ITH1,4,Provincia Autonoma Bolzano / Bozen,P.A. Bolzano,533050,75247,14.12,0.14
1314,2021-02-18,PAB,1641,401,1240,23,313,20,4,0,1281,1638,3,ITH,ITH1,4,Provincia Autonoma Bolzano / Bozen,P.A. Bolzano,533050,76888,14.42,0.31
1315,2021-01-08,PAB,1488,469,1019,777,449,166,96,0,0,1488,0,ITH,ITH1,4,Provincia Autonoma Bolzano / Bozen,P.A. Bolzano,533050,78376,14.7,0.28
1316,2020-12-31,PAB,847,485,362,424,423,0,0,0,0,847,0,ITH,ITH1,4,Provincia Autonoma Bolzano / Bozen,P.A. Bolzano,533050,79223,14.86,0.16
1317,2021-02-19,PAB,1962,449,1513,121,250,79,7,0,1505,1951,11,ITH,ITH1,4,Provincia Autonoma Bolzano / Bozen,P.A. Bolzano,533050,81185,15.23,0.37
1318,2020-12-27,PAB,143,65,78,136,6,0,1,0,0,143,0,ITH,ITH1,4,Provincia Autonoma Bolzano / Bozen,P.A. Bolzano,533050,81328,15.26,0.03
1319,2021-01-12,PAB,1527,398,1129,299,680,475,73,0,0,1527,0,ITH,ITH1,4,Provincia Autonoma Bolzano / Bozen,P.A. Bolzano,533050,82855,15.54,0.29
1320,2021-01-16,PAB,2749,1229,1520,450,360,77,1861,0,1,2749,0,ITH,ITH1,4,Provincia Autonoma Bolzano / Bozen,P.A. Bolzano,533050,85604,16.06,0.52
1321,2021-01-18,PAB,1655,638,1017,368,299,7,981,0,0,1651,4,ITH,ITH1,4,Provincia Autonoma Bolzano / Bozen,P.A. Bolzano,533050,87259,16.37,0.31
1322,2021-03-07,PAB,114,13,101,59,51,0,3,0,1,9,105,ITH,ITH1,4,Provincia Autonoma Bolzano / Bozen,P.A. Bolzano,533050,87373,16.39,0.02
1323,2021-01-20,PAB,609,248,361,287,72,0,250,0,0,401,208,ITH,ITH1,4,Provincia Autonoma Bolzano / Bozen,P.A. Bolzano,533050,87982,16.51,0.11
1324,2021-01-10,PAB,2,2,0,1,1,0,0,0,0,2,0,ITH,ITH1,4,Provincia Autonoma Bolzano / Bozen,P.A. Bolzano,533050,87984,16.51,0.0
1325,2021-03-10,BAS,1650,814,836,101,110,33,877,256,273,811,839,ITF,ITF5,17,Basilicata,Basilicata,559084,1650,0.3,0.3
1326,2021-01-26,BAS,793,350,443,622,136,35,0,0,0,101,692,ITF,ITF5,17,Basilicata,Basilicata,559084,2443,0.44,0.14
1327,2021-03-14,BAS,1008,477,531,41,123,8,516,71,249,539,469,ITF,ITF5,17,Basilicata,Basilicata,559084,3451,0.62,0.18
1328,2021-02-12,BAS,775,332,443,288,201,90,190,6,0,744,31,ITF,ITF5,17,Basilicata,Basilicata,559084,4226,0.76,0.14
1329,2021-01-15,BAS,813,350,463,578,61,174,0,0,0,813,0,ITF,ITF5,17,Basilicata,Basilicata,559084,5039,0.9,0.15
1330,2021-01-30,BAS,703,226,477,424,153,126,0,0,0,127,576,ITF,ITF5,17,Basilicata,Basilicata,559084,5742,1.03,0.13
1331,2021-01-03,BAS,900,344,556,790,108,0,0,0,2,900,0,ITF,ITF5,17,Basilicata,Basilicata,559084,6642,1.19,0.16
1332,2021-02-03,BAS,666,300,366,425,69,172,0,0,0,32,634,ITF,ITF5,17,Basilicata,Basilicata,559084,7308,1.31,0.12
1333,2021-02-07,BAS,373,159,214,259,74,40,0,0,0,49,324,ITF,ITF5,17,Basilicata,Basilicata,559084,7681,1.37,0.07
1334,2021-03-20,BAS,1199,509,690,45,114,0,943,5,92,188,1011,ITF,ITF5,17,Basilicata,Basilicata,559084,8880,1.59,0.21
1335,2021-02-24,BAS,1803,743,1060,85,29,2,1686,1,0,1734,69,ITF,ITF5,17,Basilicata,Basilicata,559084,10683,1.91,0.32
1336,2021-02-15,BAS,621,232,389,191,137,46,246,1,0,580,41,ITF,ITF5,17,Basilicata,Basilicata,559084,11304,2.02,0.11
1337,2021-03-13,BAS,1794,888,906,82,358,46,864,231,213,749,1045,ITF,ITF5,17,Basilicata,Basilicata,559084,13098,2.34,0.32
1338,2021-03-08,BAS,1450,707,743,221,252,38,410,256,273,840,610,ITF,ITF5,17,Basilicata,Basilicata,559084,14548,2.6,0.26
1339,2021-02-10,BAS,547,237,310,176,153,127,90,0,1,495,52,ITF,ITF5,17,Basilicata,Basilicata,559084,15095,2.7,0.1
1340,2021-01-31,BAS,77,24,53,75,2,0,0,0,0,0,77,ITF,ITF5,17,Basilicata,Basilicata,559084,15172,2.71,0.01
1341,2021-01-05,BAS,945,409,536,861,84,0,0,0,0,945,0,ITF,ITF5,17,Basilicata,Basilicata,559084,16117,2.88,0.17
1342,2021-01-20,BAS,84,22,62,0,84,0,0,0,0,84,0,ITF,ITF5,17,Basilicata,Basilicata,559084,16201,2.9,0.02
1343,2021-01-27,BAS,410,174,236,299,85,26,0,0,0,113,297,ITF,ITF5,17,Basilicata,Basilicata,559084,16611,2.97,0.07
1344,2021-03-09,BAS,1391,706,685,222,95,33,545,258,238,787,604,ITF,ITF5,17,Basilicata,Basilicata,559084,18002,3.22,0.25
1345,2021-01-02,BAS,949,380,569,855,91,0,0,0,3,949,0,ITF,ITF5,17,Basilicata,Basilicata,559084,18951,3.39,0.17
1346,2021-01-29,BAS,612,228,384,397,145,70,0,0,0,63,549,ITF,ITF5,17,Basilicata,Basilicata,559084,19563,3.5,0.11
1347,2021-02-09,BAS,491,213,278,200,237,54,0,0,0,316,175,ITF,ITF5,17,Basilicata,Basilicata,559084,20054,3.59,0.09
1348,2021-01-09,BAS,557,160,397,386,103,67,0,0,1,557,0,ITF,ITF5,17,Basilicata,Basilicata,559084,20611,3.69,0.1
1349,2021-03-16,BAS,1899,799,1100,103,58,0,1671,5,62,228,1671,ITF,ITF5,17,Basilicata,Basilicata,559084,22510,4.03,0.34
1350,2021-03-18,BAS,1347,561,786,30,10,0,1307,0,0,22,1325,ITF,ITF5,17,Basilicata,Basilicata,559084,23857,4.27,0.24
1351,2021-02-28,BAS,802,342,460,32,30,0,740,0,0,774,28,ITF,ITF5,17,Basilicata,Basilicata,559084,24659,4.41,0.14
1352,2021-02-21,BAS,284,113,171,16,2,11,254,0,1,284,0,ITF,ITF5,17,Basilicata,Basilicata,559084,24943,4.46,0.05
1353,2021-02-25,BAS,1787,736,1051,67,14,0,1705,1,0,1741,46,ITF,ITF5,17,Basilicata,Basilicata,559084,26730,4.78,0.32
1354,2021-01-21,BAS,30,10,20,0,30,0,0,0,0,30,0,ITF,ITF5,17,Basilicata,Basilicata,559084,26760,4.79,0.01
1355,2021-03-21,BAS,960,437,523,31,51,0,803,0,75,267,693,ITF,ITF5,17,Basilicata,Basilicata,559084,27720,4.96,0.17
1356,2021-03-05,BAS,1849,855,994,298,227,72,689,254,309,1104,745,ITF,ITF5,17,Basilicata,Basilicata,559084,29569,5.29,0.33
1357,2021-02-26,BAS,2148,904,1244,88,105,1,1954,0,0,2069,79,ITF,ITF5,17,Basilicata,Basilicata,559084,31717,5.67,0.38
1358,2021-02-13,BAS,799,313,486,279,204,115,199,2,0,738,61,ITF,ITF5,17,Basilicata,Basilicata,559084,32516,5.82,0.14
1359,2021-01-24,BAS,834,299,535,706,127,1,0,0,0,58,776,ITF,ITF5,17,Basilicata,Basilicata,559084,33350,5.97,0.15
1360,2021-02-06,BAS,902,367,535,546,187,168,0,0,1,146,756,ITF,ITF5,17,Basilicata,Basilicata,559084,34252,6.13,0.16
1361,2020-12-27,BAS,106,41,65,104,2,0,0,0,0,106,0,ITF,ITF5,17,Basilicata,Basilicata,559084,34358,6.15,0.02
1362,2021-03-15,BAS,2346,980,1366,78,46,0,1933,23,266,520,1826,ITF,ITF5,17,Basilicata,Basilicata,559084,36704,6.57,0.42
1363,2021-01-04,BAS,607,271,336,550,55,0,0,0,2,607,0,ITF,ITF5,17,Basilicata,Basilicata,559084,37311,6.67,0.11
1364,2021-02-01,BAS,242,91,151,156,38,48,0,0,0,46,196,ITF,ITF5,17,Basilicata,Basilicata,559084,37553,6.72,0.04
1365,2021-03-19,BAS,2280,988,1292,58,112,0,1946,22,142,261,2019,ITF,ITF5,17,Basilicata,Basilicata,559084,39833,7.12,0.41
1366,2021-01-17,BAS,328,133,195,233,41,54,0,0,0,327,1,ITF,ITF5,17,Basilicata,Basilicata,559084,40161,7.18,0.06
1367,2021-01-25,BAS,1020,427,593,828,191,1,0,0,0,74,946,ITF,ITF5,17,Basilicata,Basilicata,559084,41181,7.37,0.18
1368,2021-02-23,BAS,1901,771,1130,159,49,35,1658,0,0,1763,138,ITF,ITF5,17,Basilicata,Basilicata,559084,43082,7.71,0.34
1369,2021-01-07,BAS,640,319,321,556,55,29,0,0,0,640,0,ITF,ITF5,17,Basilicata,Basilicata,559084,43722,7.82,0.11
1370,2021-03-02,BAS,791,381,410,110,78,5,184,201,213,656,135,ITF,ITF5,17,Basilicata,Basilicata,559084,44513,7.96,0.14
1371,2021-01-18,BAS,463,157,306,364,54,45,0,0,0,364,99,ITF,ITF5,17,Basilicata,Basilicata,559084,44976,8.04,0.08
1372,2021-02-16,BAS,905,377,528,250,95,67,492,1,0,807,98,ITF,ITF5,17,Basilicata,Basilicata,559084,45881,8.21,0.16
1373,2021-02-27,BAS,1983,854,1129,103,184,21,1675,0,0,1819,164,ITF,ITF5,17,Basilicata,Basilicata,559084,47864,8.56,0.35
1374,2021-03-01,BAS,540,279,261,121,129,4,169,67,50,376,164,ITF,ITF5,17,Basilicata,Basilicata,559084,48404,8.66,0.1
1375,2021-02-04,BAS,1092,440,652,636,175,281,0,0,0,63,1029,ITF,ITF5,17,Basilicata,Basilicata,559084,49496,8.85,0.2
1376,2021-03-12,BAS,1896,975,921,266,109,37,985,241,258,798,1098,ITF,ITF5,17,Basilicata,Basilicata,559084,51392,9.19,0.34
1377,2021-01-19,BAS,199,84,115,78,77,44,0,0,0,199,0,ITF,ITF5,17,Basilicata,Basilicata,559084,51591,9.23,0.04
1378,2021-01-16,BAS,721,304,417,466,92,161,0,0,2,721,0,ITF,ITF5,17,Basilicata,Basilicata,559084,52312,9.36,0.13
1379,2021-03-04,BAS,1872,889,983,217,243,66,842,263,241,1079,793,ITF,ITF5,17,Basilicata,Basilicata,559084,54184,9.69,0.33
1380,2021-02-14,BAS,151,48,103,55,13,65,18,0,0,151,0,ITF,ITF5,17,Basilicata,Basilicata,559084,54335,9.72,0.03
1381,2021-02-19,BAS,1622,737,885,219,375,66,962,0,0,1560,62,ITF,ITF5,17,Basilicata,Basilicata,559084,55957,10.01,0.29
1382,2021-02-20,BAS,1158,530,628,75,201,80,802,0,0,1041,117,ITF,ITF5,17,Basilicata,Basilicata,559084,57115,10.22,0.21
1383,2021-01-08,BAS,554,219,335,383,112,59,0,0,0,554,0,ITF,ITF5,17,Basilicata,Basilicata,559084,57669,10.31,0.1
1384,2021-02-11,BAS,951,401,550,200,169,107,471,4,0,868,83,ITF,ITF5,17,Basilicata,Basilicata,559084,58620,10.49,0.17
1385,2021-01-14,BAS,969,413,556,504,142,323,0,0,0,969,0,ITF,ITF5,17,Basilicata,Basilicata,559084,59589,10.66,0.17
1386,2021-03-07,BAS,882,308,574,39,18,4,328,22,471,844,38,ITF,ITF5,17,Basilicata,Basilicata,559084,60471,10.82,0.16
1387,2021-01-12,BAS,217,88,129,87,31,99,0,0,0,217,0,ITF,ITF5,17,Basilicata,Basilicata,559084,60688,10.85,0.04
1388,2021-01-06,BAS,294,129,165,229,29,36,0,0,0,294,0,ITF,ITF5,17,Basilicata,Basilicata,559084,60982,10.91,0.05
1389,2021-02-17,BAS,1135,493,642,123,69,57,884,1,1,1059,76,ITF,ITF5,17,Basilicata,Basilicata,559084,62117,11.11,0.2
1390,2021-02-18,BAS,1070,401,669,270,74,150,576,0,0,855,215,ITF,ITF5,17,Basilicata,Basilicata,559084,63187,11.3,0.19
1391,2021-03-22,BAS,132,60,72,27,6,0,91,2,6,41,91,ITF,ITF5,17,Basilicata,Basilicata,559084,63319,11.33,0.02
1392,2021-01-23,BAS,707,299,408,592,114,1,0,0,0,33,674,ITF,ITF5,17,Basilicata,Basilicata,559084,64026,11.45,0.13
1393,2021-03-03,BAS,1740,813,927,191,413,99,590,203,244,1184,556,ITF,ITF5,17,Basilicata,Basilicata,559084,65766,11.76,0.31
1394,2021-03-06,BAS,1350,534,816,296,170,57,383,185,259,756,594,ITF,ITF5,17,Basilicata,Basilicata,559084,67116,12.0,0.24
1395,2021-01-22,BAS,67,24,43,6,60,0,1,0,0,67,0,ITF,ITF5,17,Basilicata,Basilicata,559084,67183,12.02,0.01
1396,2021-02-02,BAS,365,141,224,212,51,102,0,0,0,175,190,ITF,ITF5,17,Basilicata,Basilicata,559084,67548,12.08,0.07
1397,2021-03-17,BAS,1448,606,842,22,29,0,1390,5,2,27,1421,ITF,ITF5,17,Basilicata,Basilicata,559084,68996,12.34,0.26
1398,2021-02-08,BAS,557,193,364,436,72,49,0,0,0,151,406,ITF,ITF5,17,Basilicata,Basilicata,559084,69553,12.44,0.1
1399,2021-02-22,BAS,1789,772,1017,125,86,2,1576,0,0,1736,53,ITF,ITF5,17,Basilicata,Basilicata,559084,71342,12.76,0.32
1400,2021-02-05,BAS,983,443,540,611,181,191,0,0,0,64,919,ITF,ITF5,17,Basilicata,Basilicata,559084,72325,12.94,0.18
1401,2021-01-13,BAS,916,387,529,699,68,148,0,0,1,916,0,ITF,ITF5,17,Basilicata,Basilicata,559084,73241,13.1,0.16
1402,2021-01-10,BAS,77,24,53,9,68,0,0,0,0,77,0,ITF,ITF5,17,Basilicata,Basilicata,559084,73318,13.11,0.01
1403,2021-01-28,BAS,903,401,502,717,104,81,1,0,0,119,784,ITF,ITF5,17,Basilicata,Basilicata,559084,74221,13.28,0.16
1404,2021-03-11,BAS,1783,919,864,163,162,77,905,253,223,824,959,ITF,ITF5,17,Basilicata,Basilicata,559084,76004,13.59,0.32
1405,2021-01-11,BAS,183,66,117,107,35,41,0,0,0,183,0,ITF,ITF5,17,Basilicata,Basilicata,559084,76187,13.63,0.03
1406,2021-02-28,MAR,2838,1250,1588,19,18,0,2797,2,2,2832,6,ITI,ITI3,11,Marche,Marche,1525271,2838,0.19,0.19
1407,2021-01-20,MAR,398,99,299,146,62,190,0,0,0,386,12,ITI,ITI3,11,Marche,Marche,1525271,3236,0.21,0.03
1408,2021-01-10,MAR,1737,699,1038,1462,275,0,0,0,0,1737,0,ITI,ITI3,11,Marche,Marche,1525271,4973,0.33,0.11
1409,2021-01-09,MAR,1709,605,1104,1406,303,0,0,0,0,1709,0,ITI,ITI3,11,Marche,Marche,1525271,6682,0.44,0.11
1410,2021-02-12,MAR,1583,618,965,815,680,88,0,0,0,1431,152,ITI,ITI3,11,Marche,Marche,1525271,8265,0.54,0.1
1411,2021-01-25,MAR,1596,559,1037,1426,114,56,0,0,0,97,1499,ITI,ITI3,11,Marche,Marche,1525271,9861,0.65,0.1
1412,2021-03-21,MAR,4510,1877,2633,87,109,54,4045,10,205,1631,2879,ITI,ITI3,11,Marche,Marche,1525271,14371,0.94,0.3
1413,2021-01-21,MAR,896,253,643,460,100,336,0,0,0,585,311,ITI,ITI3,11,Marche,Marche,1525271,15267,1.0,0.06
1414,2021-01-02,MAR,453,139,314,444,9,0,0,0,0,453,0,ITI,ITI3,11,Marche,Marche,1525271,15720,1.03,0.03
1415,2021-02-15,MAR,973,413,560,544,428,1,0,0,0,960,13,ITI,ITI3,11,Marche,Marche,1525271,16693,1.09,0.06
1416,2021-03-10,MAR,5768,2481,3287,721,818,101,2673,417,1038,4631,1137,ITI,ITI3,11,Marche,Marche,1525271,22461,1.47,0.38
1417,2021-01-18,MAR,673,230,443,370,171,132,0,0,0,547,126,ITI,ITI3,11,Marche,Marche,1525271,23134,1.52,0.04
1418,2021-02-19,MAR,1971,716,1255,1273,492,203,1,0,2,1836,135,ITI,ITI3,11,Marche,Marche,1525271,25105,1.65,0.13
1419,2021-01-08,MAR,1574,588,986,1226,348,0,0,0,0,1574,0,ITI,ITI3,11,Marche,Marche,1525271,26679,1.75,0.1
1420,2021-01-26,MAR,2016,746,1270,1736,194,86,0,0,0,92,1924,ITI,ITI3,11,Marche,Marche,1525271,28695,1.88,0.13
1421,2020-12-31,MAR,383,178,205,370,13,0,0,0,0,383,0,ITI,ITI3,11,Marche,Marche,1525271,29078,1.91,0.03
1422,2021-02-14,MAR,738,301,437,578,160,0,0,0,0,738,0,ITI,ITI3,11,Marche,Marche,1525271,29816,1.95,0.05
1423,2021-02-13,MAR,1064,455,609,457,517,90,0,0,0,1012,52,ITI,ITI3,11,Marche,Marche,1525271,30880,2.02,0.07
1424,2021-02-03,MAR,2125,742,1383,1344,615,166,0,0,0,119,2006,ITI,ITI3,11,Marche,Marche,1525271,33005,2.16,0.14
1425,2021-01-15,MAR,1771,500,1271,985,420,366,0,0,0,1771,0,ITI,ITI3,11,Marche,Marche,1525271,34776,2.28,0.12
1426,2021-01-04,MAR,1500,563,937,1290,199,11,0,0,0,1500,0,ITI,ITI3,11,Marche,Marche,1525271,36276,2.38,0.1
1427,2021-03-15,MAR,4489,2109,2380,300,473,8,3453,14,241,1422,3067,ITI,ITI3,11,Marche,Marche,1525271,40765,2.67,0.29
1428,2021-02-16,MAR,1292,475,817,737,463,92,0,0,0,1262,30,ITI,ITI3,11,Marche,Marche,1525271,42057,2.76,0.08
1429,2021-01-23,MAR,557,190,367,440,54,63,0,0,0,123,434,ITI,ITI3,11,Marche,Marche,1525271,42614,2.79,0.04
1430,2021-03-22,MAR,2024,891,1133,142,127,2,1552,80,121,888,1136,ITI,ITI3,11,Marche,Marche,1525271,44638,2.93,0.13
1431,2021-02-20,MAR,4127,1708,2419,118,411,261,3334,3,0,4016,111,ITI,ITI3,11,Marche,Marche,1525271,48765,3.2,0.27
1432,2021-03-20,MAR,4146,1745,2401,181,118,111,3641,6,89,1054,3092,ITI,ITI3,11,Marche,Marche,1525271,52911,3.47,0.27
1433,2021-03-09,MAR,5519,2364,3155,754,468,36,2588,603,1070,4630,889,ITI,ITI3,11,Marche,Marche,1525271,58430,3.83,0.36
1434,2021-02-21,MAR,377,142,235,204,115,57,0,0,1,376,1,ITI,ITI3,11,Marche,Marche,1525271,58807,3.86,0.02
1435,2021-02-18,MAR,2104,746,1358,1150,550,402,1,0,1,1816,288,ITI,ITI3,11,Marche,Marche,1525271,60911,3.99,0.14
1436,2021-02-10,MAR,1439,452,987,881,343,215,0,0,0,1080,359,ITI,ITI3,11,Marche,Marche,1525271,62350,4.09,0.09
1437,2021-01-31,MAR,1927,772,1155,1532,395,0,0,0,0,105,1822,ITI,ITI3,11,Marche,Marche,1525271,64277,4.21,0.13
1438,2021-01-14,MAR,2010,692,1318,1112,600,298,0,0,0,2010,0,ITI,ITI3,11,Marche,Marche,1525271,66287,4.35,0.13
1439,2021-03-04,MAR,6611,2964,3647,1064,938,106,2798,936,769,5217,1394,ITI,ITI3,11,Marche,Marche,1525271,72898,4.78,0.43
1440,2021-01-03,MAR,896,348,548,759,137,0,0,0,0,896,0,ITI,ITI3,11,Marche,Marche,1525271,73794,4.84,0.06
1441,2021-01-24,MAR,891,342,549,772,119,0,0,0,0,17,874,ITI,ITI3,11,Marche,Marche,1525271,74685,4.9,0.06
1442,2021-03-17,MAR,3435,1497,1938,301,183,117,2822,7,5,111,3324,ITI,ITI3,11,Marche,Marche,1525271,78120,5.12,0.23
1443,2021-03-06,MAR,5725,2640,3085,973,831,125,2400,649,747,4457,1268,ITI,ITI3,11,Marche,Marche,1525271,83845,5.5,0.38
1444,2021-02-05,MAR,2156,653,1503,1317,420,419,0,0,0,440,1716,ITI,ITI3,11,Marche,Marche,1525271,86001,5.64,0.14
1445,2021-02-24,MAR,3440,1506,1934,226,235,165,2810,3,1,3361,79,ITI,ITI3,11,Marche,Marche,1525271,89441,5.86,0.23
1446,2020-12-30,MAR,17,5,12,14,3,0,0,0,0,17,0,ITI,ITI3,11,Marche,Marche,1525271,89458,5.87,0.0
1447,2021-01-17,MAR,1598,682,916,964,588,46,0,0,0,1549,49,ITI,ITI3,11,Marche,Marche,1525271,91056,5.97,0.1
1448,2021-03-02,MAR,4963,1943,3020,589,275,242,3316,3,538,4397,566,ITI,ITI3,11,Marche,Marche,1525271,96019,6.3,0.33
1449,2021-01-16,MAR,2006,723,1283,1059,662,285,0,0,0,2006,0,ITI,ITI3,11,Marche,Marche,1525271,98025,6.43,0.13
1450,2021-03-12,MAR,4711,2015,2696,820,728,0,1904,330,929,3466,1245,ITI,ITI3,11,Marche,Marche,1525271,102736,6.74,0.31
1451,2021-02-02,MAR,1193,397,796,804,296,93,0,0,0,73,1120,ITI,ITI3,11,Marche,Marche,1525271,103929,6.81,0.08
1452,2021-02-08,MAR,833,258,575,408,163,262,0,0,0,371,462,ITI,ITI3,11,Marche,Marche,1525271,104762,6.87,0.05
1453,2021-01-05,MAR,1562,586,976,1436,126,0,0,0,0,1562,0,ITI,ITI3,11,Marche,Marche,1525271,106324,6.97,0.1
1454,2021-01-27,MAR,2120,780,1340,1754,226,140,0,0,0,122,1998,ITI,ITI3,11,Marche,Marche,1525271,108444,7.11,0.14
1455,2021-03-16,MAR,3577,1549,2028,317,196,54,2928,77,5,394,3183,ITI,ITI3,11,Marche,Marche,1525271,112021,7.34,0.23
1456,2021-03-13,MAR,5612,2506,3106,664,373,57,4248,133,137,1651,3961,ITI,ITI3,11,Marche,Marche,1525271,117633,7.71,0.37
1457,2021-01-19,MAR,225,81,144,120,20,85,0,0,0,141,84,ITI,ITI3,11,Marche,Marche,1525271,117858,7.73,0.01
1458,2021-03-11,MAR,6830,2929,3901,1094,921,38,3227,402,1148,5459,1371,ITI,ITI3,11,Marche,Marche,1525271,124688,8.17,0.45
1459,2021-03-01,MAR,3727,1489,2238,387,177,82,2790,5,286,3480,247,ITI,ITI3,11,Marche,Marche,1525271,128415,8.42,0.24
1460,2021-02-04,MAR,2342,810,1532,1406,661,275,0,0,0,112,2230,ITI,ITI3,11,Marche,Marche,1525271,130757,8.57,0.15
1461,2021-01-28,MAR,1973,659,1314,1581,291,101,0,0,0,167,1806,ITI,ITI3,11,Marche,Marche,1525271,132730,8.7,0.13
1462,2021-03-18,MAR,3443,1513,1930,325,263,123,2653,76,3,216,3227,ITI,ITI3,11,Marche,Marche,1525271,136173,8.93,0.23
1463,2021-02-25,MAR,3563,1447,2116,432,213,423,2491,3,1,3384,179,ITI,ITI3,11,Marche,Marche,1525271,139736,9.16,0.23
1464,2020-12-27,MAR,200,97,103,184,12,4,0,0,0,200,0,ITI,ITI3,11,Marche,Marche,1525271,139936,9.17,0.01
1465,2021-02-22,MAR,3413,1498,1915,325,408,77,2596,5,2,3339,74,ITI,ITI3,11,Marche,Marche,1525271,143349,9.4,0.22
1466,2021-02-11,MAR,1988,658,1330,1155,621,212,0,0,0,1599,389,ITI,ITI3,11,Marche,Marche,1525271,145337,9.53,0.13
1467,2021-01-12,MAR,1226,413,813,912,264,50,0,0,0,1226,0,ITI,ITI3,11,Marche,Marche,1525271,146563,9.61,0.08
1468,2021-02-09,MAR,125,42,83,78,21,26,0,0,0,47,78,ITI,ITI3,11,Marche,Marche,1525271,146688,9.62,0.01
1469,2021-02-27,MAR,3374,1440,1934,186,172,161,2848,6,1,3165,209,ITI,ITI3,11,Marche,Marche,1525271,150062,9.84,0.22
1470,2021-01-06,MAR,2181,792,1389,1738,296,147,0,0,0,2181,0,ITI,ITI3,11,Marche,Marche,1525271,152243,9.98,0.14
1471,2021-01-30,MAR,1908,669,1239,1566,342,0,0,0,0,29,1879,ITI,ITI3,11,Marche,Marche,1525271,154151,10.11,0.13
1472,2021-01-11,MAR,1176,411,765,1021,155,0,0,0,0,1176,0,ITI,ITI3,11,Marche,Marche,1525271,155327,10.18,0.08
1473,2021-02-17,MAR,1791,664,1127,968,522,300,1,0,0,1672,119,ITI,ITI3,11,Marche,Marche,1525271,157118,10.3,0.12
1474,2021-02-26,MAR,3569,1493,2076,446,231,330,2519,4,39,3093,476,ITI,ITI3,11,Marche,Marche,1525271,160687,10.53,0.23
1475,2021-03-14,MAR,2515,1036,1479,442,80,0,1535,2,456,1917,598,ITI,ITI3,11,Marche,Marche,1525271,163202,10.7,0.16
1476,2021-02-23,MAR,3274,1400,1874,219,137,116,2794,8,0,3218,56,ITI,ITI3,11,Marche,Marche,1525271,166476,10.91,0.21
1477,2021-03-05,MAR,6274,2943,3331,1128,875,143,2373,953,802,4807,1467,ITI,ITI3,11,Marche,Marche,1525271,172750,11.33,0.41
1478,2021-01-22,MAR,487,167,320,315,85,87,0,0,0,194,293,ITI,ITI3,11,Marche,Marche,1525271,173237,11.36,0.03
1479,2021-03-03,MAR,6750,3084,3666,818,819,254,3132,944,783,5869,881,ITI,ITI3,11,Marche,Marche,1525271,179987,11.8,0.44
1480,2021-01-13,MAR,2105,746,1359,1408,621,76,0,0,0,2105,0,ITI,ITI3,11,Marche,Marche,1525271,182092,11.94,0.14
1481,2021-02-06,MAR,2460,900,1560,1402,643,415,0,0,0,523,1937,ITI,ITI3,11,Marche,Marche,1525271,184552,12.1,0.16
1482,2021-03-08,MAR,6351,2794,3557,768,611,219,3101,638,1014,5349,1002,ITI,ITI3,11,Marche,Marche,1525271,190903,12.52,0.42
1483,2021-02-01,MAR,1365,480,885,1057,227,81,0,0,0,98,1267,ITI,ITI3,11,Marche,Marche,1525271,192268,12.61,0.09
1484,2021-01-29,MAR,1991,730,1261,1479,438,74,0,0,0,168,1823,ITI,ITI3,11,Marche,Marche,1525271,194259,12.74,0.13
1485,2021-02-07,MAR,1871,735,1136,1156,669,46,0,0,0,344,1527,ITI,ITI3,11,Marche,Marche,1525271,196130,12.86,0.12
1486,2021-01-07,MAR,1802,633,1169,1480,322,0,0,0,0,1802,0,ITI,ITI3,11,Marche,Marche,1525271,197932,12.98,0.12
1487,2021-03-19,MAR,3841,1598,2243,495,234,266,2836,4,6,343,3498,ITI,ITI3,11,Marche,Marche,1525271,201773,13.23,0.25
1488,2021-03-07,MAR,5183,2108,3075,607,357,0,3007,316,896,4430,753,ITI,ITI3,11,Marche,Marche,1525271,206956,13.57,0.34
1489,2021-02-18,SAR,1876,732,1144,1072,362,298,1,33,110,1812,64,ITG,ITG2,20,Sardegna,Sardegna,1639591,1876,0.11,0.11
1490,2021-01-08,SAR,3257,1184,2073,2929,328,0,0,0,0,3257,0,ITG,ITG2,20,Sardegna,Sardegna,1639591,5133,0.31,0.2
1491,2021-01-14,SAR,1105,426,679,885,220,0,0,0,0,1105,0,ITG,ITG2,20,Sardegna,Sardegna,1639591,6238,0.38,0.07
1492,2021-01-23,SAR,60,22,38,60,0,0,0,0,0,0,60,ITG,ITG2,20,Sardegna,Sardegna,1639591,6298,0.38,0.0
1493,2021-01-12,SAR,865,408,457,504,361,0,0,0,0,865,0,ITG,ITG2,20,Sardegna,Sardegna,1639591,7163,0.44,0.05
1494,2021-03-22,SAR,1396,574,822,341,286,108,306,11,344,1140,256,ITG,ITG2,20,Sardegna,Sardegna,1639591,8559,0.52,0.09
1495,2021-02-26,SAR,2796,1106,1690,1224,1069,221,203,74,5,2490,306,ITG,ITG2,20,Sardegna,Sardegna,1639591,11355,0.69,0.17
1496,2021-01-13,SAR,573,178,395,494,79,0,0,0,0,573,0,ITG,ITG2,20,Sardegna,Sardegna,1639591,11928,0.73,0.03
1497,2021-03-21,SAR,3662,1621,2041,63,402,0,2520,102,575,2224,1438,ITG,ITG2,20,Sardegna,Sardegna,1639591,15590,0.95,0.22
1498,2021-02-23,SAR,1519,1010,509,602,521,89,6,301,0,1285,234,ITG,ITG2,20,Sardegna,Sardegna,1639591,17109,1.04,0.09
1499,2021-03-11,SAR,5743,2597,3146,1009,1061,416,2666,489,102,4526,1217,ITG,ITG2,20,Sardegna,Sardegna,1639591,22852,1.39,0.35
1500,2021-01-17,SAR,860,277,583,747,113,0,0,0,0,859,1,ITG,ITG2,20,Sardegna,Sardegna,1639591,23712,1.45,0.05
1501,2021-03-19,SAR,6568,2700,3868,1312,1942,220,2895,189,10,4357,2211,ITG,ITG2,20,Sardegna,Sardegna,1639591,30280,1.85,0.4
1502,2021-01-16,SAR,1492,525,967,1282,209,0,0,0,1,1492,0,ITG,ITG2,20,Sardegna,Sardegna,1639591,31772,1.94,0.09
1503,2021-03-12,SAR,5610,2350,3260,1035,1255,452,2438,271,159,4302,1308,ITG,ITG2,20,Sardegna,Sardegna,1639591,37382,2.28,0.34
1504,2021-01-04,SAR,591,217,374,565,26,0,0,0,0,591,0,ITG,ITG2,20,Sardegna,Sardegna,1639591,37973,2.32,0.04
1505,2021-02-17,SAR,1405,575,830,689,376,313,0,27,0,1331,74,ITG,ITG2,20,Sardegna,Sardegna,1639591,39378,2.4,0.09
1506,2021-03-06,SAR,2535,1046,1489,1086,922,405,7,79,36,852,1683,ITG,ITG2,20,Sardegna,Sardegna,1639591,41913,2.56,0.15
1507,2021-03-03,SAR,3741,2035,1706,1058,716,525,701,740,1,2603,1138,ITG,ITG2,20,Sardegna,Sardegna,1639591,45654,2.78,0.23
1508,2021-02-16,SAR,700,289,411,376,212,112,0,0,0,673,27,ITG,ITG2,20,Sardegna,Sardegna,1639591,46354,2.83,0.04
1509,2021-01-09,SAR,4026,1417,2609,3181,845,0,0,0,0,4026,0,ITG,ITG2,20,Sardegna,Sardegna,1639591,50380,3.07,0.25
1510,2021-01-29,SAR,2951,1067,1884,2580,368,3,0,0,0,48,2903,ITG,ITG2,20,Sardegna,Sardegna,1639591,53331,3.25,0.18
1511,2021-03-09,SAR,5140,2368,2772,1055,892,285,2266,332,310,4410,730,ITG,ITG2,20,Sardegna,Sardegna,1639591,58471,3.57,0.31
1512,2021-03-15,SAR,2679,1215,1464,457,648,85,323,149,1017,2306,373,ITG,ITG2,20,Sardegna,Sardegna,1639591,61150,3.73,0.16
1513,2021-01-02,SAR,60,21,39,60,0,0,0,0,0,60,0,ITG,ITG2,20,Sardegna,Sardegna,1639591,61210,3.73,0.0
1514,2021-03-05,SAR,4957,2427,2530,1692,1361,669,566,659,10,2669,2288,ITG,ITG2,20,Sardegna,Sardegna,1639591,66167,4.04,0.3
1515,2021-01-11,SAR,1183,505,678,656,526,0,1,0,0,1183,0,ITG,ITG2,20,Sardegna,Sardegna,1639591,67350,4.11,0.07
1516,2021-01-07,SAR,3111,1077,2034,2720,380,0,0,11,0,3111,0,ITG,ITG2,20,Sardegna,Sardegna,1639591,70461,4.3,0.19
1517,2020-12-28,SAR,65,25,40,65,0,0,0,0,0,65,0,ITG,ITG2,20,Sardegna,Sardegna,1639591,70526,4.3,0.0
1518,2021-03-18,SAR,6374,2665,3709,1069,1389,354,3494,6,62,4772,1602,ITG,ITG2,20,Sardegna,Sardegna,1639591,76900,4.69,0.39
1519,2021-02-05,SAR,1897,749,1148,1214,515,164,1,3,0,433,1464,ITG,ITG2,20,Sardegna,Sardegna,1639591,78797,4.81,0.12
1520,2021-03-20,SAR,4811,1922,2889,693,537,127,2494,105,855,2594,2217,ITG,ITG2,20,Sardegna,Sardegna,1639591,83608,5.1,0.29
1521,2021-02-24,SAR,2410,1292,1118,1193,614,301,3,299,0,2221,189,ITG,ITG2,20,Sardegna,Sardegna,1639591,86018,5.25,0.15
1522,2021-02-01,SAR,1524,605,919,896,551,77,0,0,0,225,1299,ITG,ITG2,20,Sardegna,Sardegna,1639591,87542,5.34,0.09
1523,2020-12-31,SAR,32,16,16,28,4,0,0,0,0,32,0,ITG,ITG2,20,Sardegna,Sardegna,1639591,87574,5.34,0.0
1524,2021-01-19,SAR,747,270,477,423,163,160,0,0,1,692,55,ITG,ITG2,20,Sardegna,Sardegna,1639591,88321,5.39,0.05
1525,2021-02-07,SAR,1116,394,722,975,141,0,0,0,0,228,888,ITG,ITG2,20,Sardegna,Sardegna,1639591,89437,5.45,0.07
1526,2021-01-22,SAR,83,47,36,45,38,0,0,0,0,55,28,ITG,ITG2,20,Sardegna,Sardegna,1639591,89520,5.46,0.01
1527,2021-03-01,SAR,2159,1054,1105,1135,444,141,104,334,1,1500,659,ITG,ITG2,20,Sardegna,Sardegna,1639591,91679,5.59,0.13
1528,2021-02-08,SAR,1470,533,937,998,345,126,1,0,0,856,614,ITG,ITG2,20,Sardegna,Sardegna,1639591,93149,5.68,0.09
1529,2021-01-01,SAR,30,16,14,30,0,0,0,0,0,30,0,ITG,ITG2,20,Sardegna,Sardegna,1639591,93179,5.68,0.0
1530,2021-02-22,SAR,1623,944,679,597,404,180,2,440,0,1395,228,ITG,ITG2,20,Sardegna,Sardegna,1639591,94802,5.78,0.1
1531,2021-03-04,SAR,3881,1889,1992,953,860,462,1092,475,39,2733,1148,ITG,ITG2,20,Sardegna,Sardegna,1639591,98683,6.02,0.24
1532,2021-02-09,SAR,2286,837,1449,1308,479,497,1,0,1,1290,996,ITG,ITG2,20,Sardegna,Sardegna,1639591,100969,6.16,0.14
1533,2021-02-21,SAR,1584,709,875,66,32,59,1421,6,0,1554,30,ITG,ITG2,20,Sardegna,Sardegna,1639591,102553,6.25,0.1
1534,2021-01-31,SAR,2121,750,1371,1544,576,0,1,0,0,48,2073,ITG,ITG2,20,Sardegna,Sardegna,1639591,104674,6.38,0.13
1535,2021-01-25,SAR,588,212,376,553,35,0,0,0,0,22,566,ITG,ITG2,20,Sardegna,Sardegna,1639591,105262,6.42,0.04
1536,2021-03-08,SAR,3965,1777,2188,732,1160,624,852,444,153,2776,1189,ITG,ITG2,20,Sardegna,Sardegna,1639591,109227,6.66,0.24
1537,2021-02-12,SAR,2237,933,1304,986,749,501,1,0,0,2178,59,ITG,ITG2,20,Sardegna,Sardegna,1639591,111464,6.8,0.14
1538,2021-01-15,SAR,1563,573,990,1170,390,0,0,3,0,1563,0,ITG,ITG2,20,Sardegna,Sardegna,1639591,113027,6.89,0.1
1539,2021-01-28,SAR,2968,1044,1924,2554,403,0,0,11,0,69,2899,ITG,ITG2,20,Sardegna,Sardegna,1639591,115995,7.07,0.18
1540,2021-01-10,SAR,2183,750,1433,1632,551,0,0,0,0,2183,0,ITG,ITG2,20,Sardegna,Sardegna,1639591,118178,7.21,0.13
1541,2021-03-17,SAR,6001,2582,3419,1071,1390,528,2881,3,128,4394,1607,ITG,ITG2,20,Sardegna,Sardegna,1639591,124179,7.57,0.37
1542,2020-12-27,SAR,65,34,31,65,0,0,0,0,0,65,0,ITG,ITG2,20,Sardegna,Sardegna,1639591,124244,7.58,0.0
1543,2021-03-10,SAR,5698,2765,2933,719,872,414,2701,657,335,4844,854,ITG,ITG2,20,Sardegna,Sardegna,1639591,129942,7.93,0.35
1544,2021-03-16,SAR,3996,1776,2220,644,849,311,2184,0,8,3065,931,ITG,ITG2,20,Sardegna,Sardegna,1639591,133938,8.17,0.24
1545,2021-02-19,SAR,1495,470,1025,677,437,379,1,1,0,1439,56,ITG,ITG2,20,Sardegna,Sardegna,1639591,135433,8.26,0.09
1546,2021-02-02,SAR,1482,655,827,988,494,0,0,0,0,241,1241,ITG,ITG2,20,Sardegna,Sardegna,1639591,136915,8.35,0.09
1547,2021-01-05,SAR,1327,446,881,1283,44,0,0,0,0,1327,0,ITG,ITG2,20,Sardegna,Sardegna,1639591,138242,8.43,0.08
1548,2021-01-20,SAR,210,77,133,154,56,0,0,0,0,208,2,ITG,ITG2,20,Sardegna,Sardegna,1639591,138452,8.44,0.01
1549,2021-01-27,SAR,1408,494,914,1303,105,0,0,0,0,79,1329,ITG,ITG2,20,Sardegna,Sardegna,1639591,139860,8.53,0.09
1550,2021-02-10,SAR,1959,765,1194,1169,301,488,0,0,1,1441,518,ITG,ITG2,20,Sardegna,Sardegna,1639591,141819,8.65,0.12
1551,2021-03-13,SAR,2725,1060,1665,274,394,147,1734,43,133,2444,281,ITG,ITG2,20,Sardegna,Sardegna,1639591,144544,8.82,0.17
1552,2021-02-14,SAR,539,263,276,286,193,57,3,0,0,537,2,ITG,ITG2,20,Sardegna,Sardegna,1639591,145083,8.85,0.03
1553,2021-01-06,SAR,1615,549,1066,1510,105,0,0,0,0,1615,0,ITG,ITG2,20,Sardegna,Sardegna,1639591,146698,8.95,0.1
1554,2021-02-25,SAR,2899,1255,1644,1474,738,466,161,51,9,2293,606,ITG,ITG2,20,Sardegna,Sardegna,1639591,149597,9.12,0.18
1555,2021-02-20,SAR,2037,854,1183,483,157,195,1201,0,1,1703,334,ITG,ITG2,20,Sardegna,Sardegna,1639591,151634,9.25,0.12
1556,2021-02-15,SAR,958,349,609,440,239,279,0,0,0,927,31,ITG,ITG2,20,Sardegna,Sardegna,1639591,152592,9.31,0.06
1557,2021-03-14,SAR,606,376,230,34,236,0,251,73,12,606,0,ITG,ITG2,20,Sardegna,Sardegna,1639591,153198,9.34,0.04
1558,2021-01-26,SAR,1336,453,883,1296,39,0,0,0,1,27,1309,ITG,ITG2,20,Sardegna,Sardegna,1639591,154534,9.43,0.08
1559,2021-02-28,SAR,367,169,198,244,76,47,0,0,0,141,226,ITG,ITG2,20,Sardegna,Sardegna,1639591,154901,9.45,0.02
1560,2021-01-21,SAR,126,60,66,60,66,0,0,0,0,94,32,ITG,ITG2,20,Sardegna,Sardegna,1639591,155027,9.46,0.01
1561,2021-02-03,SAR,1118,418,700,919,180,19,0,0,0,426,692,ITG,ITG2,20,Sardegna,Sardegna,1639591,156145,9.52,0.07
1562,2021-01-30,SAR,3862,1392,2470,2987,874,0,1,0,0,362,3500,ITG,ITG2,20,Sardegna,Sardegna,1639591,160007,9.76,0.24
1563,2021-01-03,SAR,90,36,54,89,1,0,0,0,0,90,0,ITG,ITG2,20,Sardegna,Sardegna,1639591,160097,9.76,0.01
1564,2021-02-27,SAR,1920,647,1273,1059,379,306,176,0,0,1365,555,ITG,ITG2,20,Sardegna,Sardegna,1639591,162017,9.88,0.12
1565,2021-02-04,SAR,2271,816,1455,1737,363,170,1,0,0,916,1355,ITG,ITG2,20,Sardegna,Sardegna,1639591,164288,10.02,0.14
1566,2021-01-18,SAR,904,326,578,714,190,0,0,0,0,780,124,ITG,ITG2,20,Sardegna,Sardegna,1639591,165192,10.08,0.06
1567,2021-01-24,SAR,90,34,56,89,1,0,0,0,0,5,85,ITG,ITG2,20,Sardegna,Sardegna,1639591,165282,10.08,0.01
1568,2021-02-13,SAR,1454,563,891,732,464,253,0,0,5,1452,2,ITG,ITG2,20,Sardegna,Sardegna,1639591,166736,10.17,0.09
1569,2021-02-06,SAR,1970,697,1273,1544,286,139,0,0,1,569,1401,ITG,ITG2,20,Sardegna,Sardegna,1639591,168706,10.29,0.12
1570,2020-12-29,SAR,57,32,25,56,1,0,0,0,0,57,0,ITG,ITG2,20,Sardegna,Sardegna,1639591,168763,10.29,0.0
1571,2021-03-07,SAR,1590,724,866,307,238,32,1011,0,2,1117,473,ITG,ITG2,20,Sardegna,Sardegna,1639591,170353,10.39,0.1
1572,2021-03-02,SAR,2738,1415,1323,1044,730,260,319,383,2,1705,1033,ITG,ITG2,20,Sardegna,Sardegna,1639591,173091,10.56,0.17
1573,2021-02-11,SAR,1314,490,824,588,356,369,1,0,0,1203,111,ITG,ITG2,20,Sardegna,Sardegna,1639591,174405,10.64,0.08
1574,2021-01-12,FVG,2259,712,1547,1528,370,361,0,0,0,2259,0,ITH,ITH4,6,Friuli-Venezia Giulia,Friuli Venezia Giulia,1215220,2259,0.19,0.19
1575,2021-03-09,FVG,3861,1590,2271,656,522,196,2003,60,424,1108,2753,ITH,ITH4,6,Friuli-Venezia Giulia,Friuli Venezia Giulia,1215220,6120,0.5,0.32
1576,2021-03-15,FVG,3711,1619,2092,326,345,152,2420,234,234,1415,2296,ITH,ITH4,6,Friuli-Venezia Giulia,Friuli Venezia Giulia,1215220,9831,0.81,0.31
1577,2020-12-31,FVG,1053,384,669,1011,42,0,0,0,0,1053,0,ITH,ITH4,6,Friuli-Venezia Giulia,Friuli Venezia Giulia,1215220,10884,0.9,0.09
1578,2021-01-04,FVG,1510,559,951,1392,118,0,0,0,0,1510,0,ITH,ITH4,6,Friuli-Venezia Giulia,Friuli Venezia Giulia,1215220,12394,1.02,0.12
1579,2021-02-07,FVG,1561,483,1078,866,693,2,0,0,0,386,1175,ITH,ITH4,6,Friuli-Venezia Giulia,Friuli Venezia Giulia,1215220,13955,1.15,0.13
1580,2021-01-05,FVG,1680,551,1129,1350,133,197,0,0,0,1680,0,ITH,ITH4,6,Friuli-Venezia Giulia,Friuli Venezia Giulia,1215220,15635,1.29,0.14
1581,2021-01-16,FVG,1231,360,871,771,212,248,0,0,0,1231,0,ITH,ITH4,6,Friuli-Venezia Giulia,Friuli Venezia Giulia,1215220,16866,1.39,0.1
1582,2021-01-20,FVG,750,323,427,719,31,0,0,0,0,12,738,ITH,ITH4,6,Friuli-Venezia Giulia,Friuli Venezia Giulia,1215220,17616,1.45,0.06
1583,2021-03-04,FVG,3397,1572,1825,357,250,88,1811,490,401,2764,633,ITH,ITH4,6,Friuli-Venezia Giulia,Friuli Venezia Giulia,1215220,21013,1.73,0.28
1584,2021-01-08,FVG,2322,747,1575,1680,246,396,0,0,0,2322,0,ITH,ITH4,6,Friuli-Venezia Giulia,Friuli Venezia Giulia,1215220,23335,1.92,0.19
1585,2021-03-01,FVG,2840,998,1842,82,97,164,1544,4,949,2799,41,ITH,ITH4,6,Friuli-Venezia Giulia,Friuli Venezia Giulia,1215220,26175,2.15,0.23
1586,2021-01-29,FVG,2413,813,1600,1855,321,237,0,0,0,264,2149,ITH,ITH4,6,Friuli-Venezia Giulia,Friuli Venezia Giulia,1215220,28588,2.35,0.2
1587,2021-03-02,FVG,4215,1516,2699,1164,675,202,1535,5,634,2712,1503,ITH,ITH4,6,Friuli-Venezia Giulia,Friuli Venezia Giulia,1215220,32803,2.7,0.35
1588,2021-02-08,FVG,2354,693,1661,1399,521,434,0,0,0,91,2263,ITH,ITH4,6,Friuli-Venezia Giulia,Friuli Venezia Giulia,1215220,35157,2.89,0.19
1589,2021-02-20,FVG,2068,933,1135,11,19,148,1584,0,306,1924,144,ITH,ITH4,6,Friuli-Venezia Giulia,Friuli Venezia Giulia,1215220,37225,3.06,0.17
1590,2021-01-24,FVG,305,119,186,277,27,1,0,0,0,1,304,ITH,ITH4,6,Friuli-Venezia Giulia,Friuli Venezia Giulia,1215220,37530,3.09,0.03
1591,2021-01-14,FVG,2588,789,1799,1608,550,430,0,0,0,2588,0,ITH,ITH4,6,Friuli-Venezia Giulia,Friuli Venezia Giulia,1215220,40118,3.3,0.21
1592,2021-02-27,FVG,3418,1176,2242,202,171,0,1523,25,1497,3418,0,ITH,ITH4,6,Friuli-Venezia Giulia,Friuli Venezia Giulia,1215220,43536,3.58,0.28
1593,2021-01-02,FVG,1217,471,746,1150,67,0,0,0,0,1217,0,ITH,ITH4,6,Friuli-Venezia Giulia,Friuli Venezia Giulia,1215220,44753,3.68,0.1
1594,2021-02-22,FVG,2492,1196,1296,431,326,115,1369,246,5,2074,418,ITH,ITH4,6,Friuli-Venezia Giulia,Friuli Venezia Giulia,1215220,47245,3.89,0.21
1595,2021-02-28,FVG,2668,988,1680,234,163,0,405,378,1488,2273,395,ITH,ITH4,6,Friuli-Venezia Giulia,Friuli Venezia Giulia,1215220,49913,4.11,0.22
1596,2021-02-25,FVG,3067,1603,1464,21,127,189,1556,433,741,3042,25,ITH,ITH4,6,Friuli-Venezia Giulia,Friuli Venezia Giulia,1215220,52980,4.36,0.25
1597,2021-01-07,FVG,2091,718,1373,1759,222,110,0,0,0,2091,0,ITH,ITH4,6,Friuli-Venezia Giulia,Friuli Venezia Giulia,1215220,55071,4.53,0.17
1598,2021-02-18,FVG,3210,1488,1722,229,138,331,1500,34,978,2804,406,ITH,ITH4,6,Friuli-Venezia Giulia,Friuli Venezia Giulia,1215220,58281,4.8,0.26
1599,2021-02-19,FVG,3252,1289,1963,567,323,312,1589,35,426,2823,429,ITH,ITH4,6,Friuli-Venezia Giulia,Friuli Venezia Giulia,1215220,61533,5.06,0.27
1600,2021-03-22,FVG,730,331,399,13,8,0,708,0,1,301,429,ITH,ITH4,6,Friuli-Venezia Giulia,Friuli Venezia Giulia,1215220,62263,5.12,0.06
1601,2021-03-07,FVG,2536,925,1611,1,158,0,143,453,1781,2535,1,ITH,ITH4,6,Friuli-Venezia Giulia,Friuli Venezia Giulia,1215220,64799,5.33,0.21
1602,2021-01-23,FVG,816,324,492,768,48,0,0,0,0,4,812,ITH,ITH4,6,Friuli-Venezia Giulia,Friuli Venezia Giulia,1215220,65615,5.4,0.07
1603,2021-02-24,FVG,2517,1082,1435,23,53,310,1834,0,297,2499,18,ITH,ITH4,6,Friuli-Venezia Giulia,Friuli Venezia Giulia,1215220,68132,5.61,0.21
1604,2021-02-11,FVG,1930,663,1267,1134,568,224,3,1,0,1737,193,ITH,ITH4,6,Friuli-Venezia Giulia,Friuli Venezia Giulia,1215220,70062,5.77,0.16
1605,2021-03-20,FVG,3331,1345,1986,412,296,6,2379,172,66,1239,2092,ITH,ITH4,6,Friuli-Venezia Giulia,Friuli Venezia Giulia,1215220,73393,6.04,0.27
1606,2021-02-17,FVG,2350,997,1353,327,193,229,1555,46,0,1872,478,ITH,ITH4,6,Friuli-Venezia Giulia,Friuli Venezia Giulia,1215220,75743,6.23,0.19
1607,2021-03-12,FVG,3891,1529,2362,174,161,27,2840,100,589,2511,1380,ITH,ITH4,6,Friuli-Venezia Giulia,Friuli Venezia Giulia,1215220,79634,6.55,0.32
1608,2021-01-27,FVG,1269,425,844,849,356,64,0,0,0,447,822,ITH,ITH4,6,Friuli-Venezia Giulia,Friuli Venezia Giulia,1215220,80903,6.66,0.1
1609,2021-01-18,FVG,1961,607,1354,1359,492,110,0,0,0,1867,94,ITH,ITH4,6,Friuli-Venezia Giulia,Friuli Venezia Giulia,1215220,82864,6.82,0.16
1610,2021-01-28,FVG,2235,792,1443,1754,287,194,0,0,0,354,1881,ITH,ITH4,6,Friuli-Venezia Giulia,Friuli Venezia Giulia,1215220,85099,7.0,0.18
1611,2021-03-11,FVG,3291,1384,1907,249,156,265,2013,104,504,1558,1733,ITH,ITH4,6,Friuli-Venezia Giulia,Friuli Venezia Giulia,1215220,88390,7.27,0.27
1612,2021-03-08,FVG,3873,1528,2345,684,538,7,2169,39,436,1816,2057,ITH,ITH4,6,Friuli-Venezia Giulia,Friuli Venezia Giulia,1215220,92263,7.59,0.32
1613,2021-02-12,FVG,1200,428,772,674,395,128,2,0,1,1150,50,ITH,ITH4,6,Friuli-Venezia Giulia,Friuli Venezia Giulia,1215220,93463,7.69,0.1
1614,2021-02-21,FVG,800,281,519,213,177,25,383,1,1,423,377,ITH,ITH4,6,Friuli-Venezia Giulia,Friuli Venezia Giulia,1215220,94263,7.76,0.07
1615,2021-01-09,FVG,2518,841,1677,1519,406,593,0,0,0,2518,0,ITH,ITH4,6,Friuli-Venezia Giulia,Friuli Venezia Giulia,1215220,96781,7.96,0.21
1616,2021-03-16,FVG,3062,1262,1800,325,339,196,2202,0,0,1024,2038,ITH,ITH4,6,Friuli-Venezia Giulia,Friuli Venezia Giulia,1215220,99843,8.22,0.25
1617,2021-02-09,FVG,1848,556,1292,1053,509,286,0,0,0,1559,289,ITH,ITH4,6,Friuli-Venezia Giulia,Friuli Venezia Giulia,1215220,101691,8.37,0.15
1618,2021-01-31,FVG,2713,836,1877,1692,1003,18,0,0,0,385,2328,ITH,ITH4,6,Friuli-Venezia Giulia,Friuli Venezia Giulia,1215220,104404,8.59,0.22
1619,2021-03-17,FVG,3102,1232,1870,422,322,111,2242,3,2,615,2487,ITH,ITH4,6,Friuli-Venezia Giulia,Friuli Venezia Giulia,1215220,107506,8.85,0.26
1620,2021-02-10,FVG,1352,496,856,745,487,119,0,0,1,1266,86,ITH,ITH4,6,Friuli-Venezia Giulia,Friuli Venezia Giulia,1215220,108858,8.96,0.11
1621,2021-01-26,FVG,1972,647,1325,1439,152,381,0,0,0,214,1758,ITH,ITH4,6,Friuli-Venezia Giulia,Friuli Venezia Giulia,1215220,110830,9.12,0.16
1622,2021-03-10,FVG,3322,1491,1831,297,364,185,1972,309,195,1532,1790,ITH,ITH4,6,Friuli-Venezia Giulia,Friuli Venezia Giulia,1215220,114152,9.39,0.27
1623,2021-03-03,FVG,3623,1617,2006,748,559,100,1320,469,427,2346,1277,ITH,ITH4,6,Friuli-Venezia Giulia,Friuli Venezia Giulia,1215220,117775,9.69,0.3
1624,2020-12-27,FVG,262,149,113,259,3,0,0,0,0,262,0,ITH,ITH4,6,Friuli-Venezia Giulia,Friuli Venezia Giulia,1215220,118037,9.71,0.02
1625,2021-03-06,FVG,3487,1192,2295,182,259,1,1561,19,1465,3161,326,ITH,ITH4,6,Friuli-Venezia Giulia,Friuli Venezia Giulia,1215220,121524,10.0,0.29
1626,2021-02-02,FVG,2466,806,1660,1657,393,416,0,0,0,217,2249,ITH,ITH4,6,Friuli-Venezia Giulia,Friuli Venezia Giulia,1215220,123990,10.2,0.2
1627,2021-02-01,FVG,2093,687,1406,1587,371,135,0,0,0,14,2079,ITH,ITH4,6,Friuli-Venezia Giulia,Friuli Venezia Giulia,1215220,126083,10.38,0.17
1628,2021-02-13,FVG,567,179,388,337,230,0,0,0,0,561,6,ITH,ITH4,6,Friuli-Venezia Giulia,Friuli Venezia Giulia,1215220,126650,10.42,0.05
1629,2021-02-05,FVG,2613,784,1829,1612,511,490,0,0,0,90,2523,ITH,ITH4,6,Friuli-Venezia Giulia,Friuli Venezia Giulia,1215220,129263,10.64,0.22
1630,2021-03-14,FVG,1394,548,846,0,18,0,246,333,797,1143,251,ITH,ITH4,6,Friuli-Venezia Giulia,Friuli Venezia Giulia,1215220,130657,10.75,0.11
1631,2021-02-06,FVG,1154,338,816,755,208,191,0,0,0,22,1132,ITH,ITH4,6,Friuli-Venezia Giulia,Friuli Venezia Giulia,1215220,131811,10.85,0.09
1632,2021-01-30,FVG,2271,744,1527,1475,354,442,0,0,0,270,2001,ITH,ITH4,6,Friuli-Venezia Giulia,Friuli Venezia Giulia,1215220,134082,11.03,0.19
1633,2021-02-03,FVG,2646,790,1856,1701,558,386,1,0,0,23,2623,ITH,ITH4,6,Friuli-Venezia Giulia,Friuli Venezia Giulia,1215220,136728,11.25,0.22
1634,2021-01-03,FVG,312,122,190,285,26,1,0,0,0,312,0,ITH,ITH4,6,Friuli-Venezia Giulia,Friuli Venezia Giulia,1215220,137040,11.28,0.03
1635,2021-01-10,FVG,2941,919,2022,1745,951,245,0,0,0,2941,0,ITH,ITH4,6,Friuli-Venezia Giulia,Friuli Venezia Giulia,1215220,139981,11.52,0.24
1636,2021-01-13,FVG,2651,834,1817,1822,599,230,0,0,0,2651,0,ITH,ITH4,6,Friuli-Venezia Giulia,Friuli Venezia Giulia,1215220,142632,11.74,0.22
1637,2021-01-21,FVG,894,345,549,863,31,0,0,0,0,1,893,ITH,ITH4,6,Friuli-Venezia Giulia,Friuli Venezia Giulia,1215220,143526,11.81,0.07
1638,2021-01-25,FVG,1582,567,1015,1369,141,72,0,0,0,194,1388,ITH,ITH4,6,Friuli-Venezia Giulia,Friuli Venezia Giulia,1215220,145108,11.94,0.13
1639,2021-03-21,FVG,2576,929,1647,6,110,0,1329,27,1104,2170,406,ITH,ITH4,6,Friuli-Venezia Giulia,Friuli Venezia Giulia,1215220,147684,12.15,0.21
1640,2021-02-26,FVG,3736,2092,1644,75,140,451,1739,1032,299,3590,146,ITH,ITH4,6,Friuli-Venezia Giulia,Friuli Venezia Giulia,1215220,151420,12.46,0.31
1641,2021-03-18,FVG,3209,1368,1841,53,238,64,2853,0,1,1584,1625,ITH,ITH4,6,Friuli-Venezia Giulia,Friuli Venezia Giulia,1215220,154629,12.72,0.26
1642,2021-01-11,FVG,1882,609,1273,1500,336,46,0,0,0,1882,0,ITH,ITH4,6,Friuli-Venezia Giulia,Friuli Venezia Giulia,1215220,156511,12.88,0.15
1643,2021-01-15,FVG,2028,606,1422,1283,370,375,0,0,0,2028,0,ITH,ITH4,6,Friuli-Venezia Giulia,Friuli Venezia Giulia,1215220,158539,13.05,0.17
1644,2021-03-13,FVG,2927,1117,1810,10,15,86,2056,37,723,1656,1271,ITH,ITH4,6,Friuli-Venezia Giulia,Friuli Venezia Giulia,1215220,161466,13.29,0.24
1645,2021-02-15,FVG,2451,909,1542,698,405,314,1034,0,0,2201,250,ITH,ITH4,6,Friuli-Venezia Giulia,Friuli Venezia Giulia,1215220,163917,13.49,0.2
1646,2021-03-19,FVG,2928,1247,1681,98,73,190,2434,0,133,1139,1789,ITH,ITH4,6,Friuli-Venezia Giulia,Friuli Venezia Giulia,1215220,166845,13.73,0.24
1647,2021-01-17,FVG,1720,524,1196,674,560,486,0,0,0,1720,0,ITH,ITH4,6,Friuli-Venezia Giulia,Friuli Venezia Giulia,1215220,168565,13.87,0.14
1648,2021-02-16,FVG,2516,1135,1381,260,275,221,1760,0,0,2400,116,ITH,ITH4,6,Friuli-Venezia Giulia,Friuli Venezia Giulia,1215220,171081,14.08,0.21
1649,2021-02-04,FVG,2731,807,1924,1723,543,465,0,0,0,36,2695,ITH,ITH4,6,Friuli-Venezia Giulia,Friuli Venezia Giulia,1215220,173812,14.3,0.22
1650,2021-01-06,FVG,709,264,445,514,195,0,0,0,0,709,0,ITH,ITH4,6,Friuli-Venezia Giulia,Friuli Venezia Giulia,1215220,174521,14.36,0.06
1651,2021-03-05,FVG,3617,1426,2191,1043,686,33,1668,43,144,2583,1034,ITH,ITH4,6,Friuli-Venezia Giulia,Friuli Venezia Giulia,1215220,178138,14.66,0.3
1652,2021-02-23,FVG,2615,1252,1363,104,107,206,1943,254,1,2437,178,ITH,ITH4,6,Friuli-Venezia Giulia,Friuli Venezia Giulia,1215220,180753,14.87,0.22
1653,2020-12-30,FVG,630,246,384,601,29,0,0,0,0,630,0,ITH,ITH4,6,Friuli-Venezia Giulia,Friuli Venezia Giulia,1215220,181383,14.93,0.05
1654,2021-01-19,FVG,7,2,5,5,0,2,0,0,0,7,0,ITH,ITH4,6,Friuli-Venezia Giulia,Friuli Venezia Giulia,1215220,181390,14.93,0.0
1655,2021-01-22,FVG,90,30,60,89,1,0,0,0,0,0,90,ITH,ITH4,6,Friuli-Venezia Giulia,Friuli Venezia Giulia,1215220,181480,14.93,0.01
1656,2021-03-22,VDA,167,56,111,19,19,3,115,9,2,4,163,ITC,ITC2,2,Valle d'Aosta / Vallée d'Aoste,Valle d'Aosta,125666,167,0.13,0.13
1657,2021-02-09,VDA,251,84,167,78,30,14,75,1,53,68,183,ITC,ITC2,2,Valle d'Aosta / Vallée d'Aoste,Valle d'Aosta,125666,418,0.33,0.2
1658,2021-02-26,VDA,206,57,149,67,34,4,96,4,1,122,84,ITC,ITC2,2,Valle d'Aosta / Vallée d'Aoste,Valle d'Aosta,125666,624,0.5,0.16
1659,2021-02-17,VDA,327,144,183,25,19,30,237,16,0,227,100,ITC,ITC2,2,Valle d'Aosta / Vallée d'Aoste,Valle d'Aosta,125666,951,0.76,0.26
1660,2021-03-06,VDA,22,4,18,13,0,5,4,0,0,22,0,ITC,ITC2,2,Valle d'Aosta / Vallée d'Aoste,Valle d'Aosta,125666,973,0.77,0.02
1661,2021-03-05,VDA,275,124,151,50,69,13,138,0,5,53,222,ITC,ITC2,2,Valle d'Aosta / Vallée d'Aoste,Valle d'Aosta,125666,1248,0.99,0.22
1662,2021-01-16,VDA,236,80,156,127,36,22,51,0,0,236,0,ITC,ITC2,2,Valle d'Aosta / Vallée d'Aoste,Valle d'Aosta,125666,1484,1.18,0.19
1663,2021-03-18,VDA,134,43,91,4,3,25,101,1,0,98,36,ITC,ITC2,2,Valle d'Aosta / Vallée d'Aoste,Valle d'Aosta,125666,1618,1.29,0.11
1664,2021-01-28,VDA,290,123,167,197,85,6,2,0,0,56,234,ITC,ITC2,2,Valle d'Aosta / Vallée d'Aoste,Valle d'Aosta,125666,1908,1.52,0.23
1665,2021-03-09,VDA,204,96,108,2,79,23,36,39,25,172,32,ITC,ITC2,2,Valle d'Aosta / Vallée d'Aoste,Valle d'Aosta,125666,2112,1.68,0.16
1666,2021-01-30,VDA,436,202,234,232,192,12,0,0,0,13,423,ITC,ITC2,2,Valle d'Aosta / Vallée d'Aoste,Valle d'Aosta,125666,2548,2.03,0.35
1667,2021-03-20,VDA,205,85,120,5,166,15,14,4,1,170,35,ITC,ITC2,2,Valle d'Aosta / Vallée d'Aoste,Valle d'Aosta,125666,2753,2.19,0.16
1668,2021-02-24,VDA,183,82,101,30,15,13,65,53,7,164,19,ITC,ITC2,2,Valle d'Aosta / Vallée d'Aoste,Valle d'Aosta,125666,2936,2.34,0.15
1669,2021-01-29,VDA,316,138,178,259,41,16,0,0,0,2,314,ITC,ITC2,2,Valle d'Aosta / Vallée d'Aoste,Valle d'Aosta,125666,3252,2.59,0.25
1670,2021-03-11,VDA,192,72,120,2,14,7,166,1,2,64,128,ITC,ITC2,2,Valle d'Aosta / Vallée d'Aoste,Valle d'Aosta,125666,3444,2.74,0.15
1671,2021-03-15,VDA,361,122,239,20,45,10,215,6,65,159,202,ITC,ITC2,2,Valle d'Aosta / Vallée d'Aoste,Valle d'Aosta,125666,3805,3.03,0.29
1672,2021-01-09,VDA,443,199,244,225,196,22,0,0,0,443,0,ITC,ITC2,2,Valle d'Aosta / Vallée d'Aoste,Valle d'Aosta,125666,4248,3.38,0.35
1673,2021-02-27,VDA,230,84,146,69,30,1,126,4,0,124,106,ITC,ITC2,2,Valle d'Aosta / Vallée d'Aoste,Valle d'Aosta,125666,4478,3.56,0.18
1674,2021-01-22,VDA,56,21,35,36,0,20,0,0,0,20,36,ITC,ITC2,2,Valle d'Aosta / Vallée d'Aoste,Valle d'Aosta,125666,4534,3.61,0.04
1675,2021-02-06,VDA,289,104,185,170,44,0,74,1,0,92,197,ITC,ITC2,2,Valle d'Aosta / Vallée d'Aoste,Valle d'Aosta,125666,4823,3.84,0.23
1676,2021-01-27,VDA,151,71,80,55,25,18,53,0,0,79,72,ITC,ITC2,2,Valle d'Aosta / Vallée d'Aoste,Valle d'Aosta,125666,4974,3.96,0.12
1677,2021-01-19,VDA,256,77,179,160,24,15,57,0,0,256,0,ITC,ITC2,2,Valle d'Aosta / Vallée d'Aoste,Valle d'Aosta,125666,5230,4.16,0.2
1678,2021-02-13,VDA,215,195,20,0,54,0,0,161,0,215,0,ITC,ITC2,2,Valle d'Aosta / Vallée d'Aoste,Valle d'Aosta,125666,5445,4.33,0.17
1679,2021-02-03,VDA,351,114,237,157,141,52,1,0,0,14,337,ITC,ITC2,2,Valle d'Aosta / Vallée d'Aoste,Valle d'Aosta,125666,5796,4.61,0.28
1680,2021-02-12,VDA,263,96,167,51,50,26,131,0,5,217,46,ITC,ITC2,2,Valle d'Aosta / Vallée d'Aoste,Valle d'Aosta,125666,6059,4.82,0.21
1681,2021-01-14,VDA,237,69,168,151,84,0,2,0,0,237,0,ITC,ITC2,2,Valle d'Aosta / Vallée d'Aoste,Valle d'Aosta,125666,6296,5.01,0.19
1682,2021-02-22,VDA,316,94,222,62,41,37,103,6,67,213,103,ITC,ITC2,2,Valle d'Aosta / Vallée d'Aoste,Valle d'Aosta,125666,6612,5.26,0.25
1683,2021-03-04,VDA,291,139,152,55,58,2,160,14,2,42,249,ITC,ITC2,2,Valle d'Aosta / Vallée d'Aoste,Valle d'Aosta,125666,6903,5.49,0.23
1684,2021-01-13,VDA,337,110,227,166,143,28,0,0,0,337,0,ITC,ITC2,2,Valle d'Aosta / Vallée d'Aoste,Valle d'Aosta,125666,7240,5.76,0.27
1685,2021-02-19,VDA,292,102,190,17,30,35,145,0,65,268,24,ITC,ITC2,2,Valle d'Aosta / Vallée d'Aoste,Valle d'Aosta,125666,7532,5.99,0.23
1686,2021-02-18,VDA,349,153,196,61,41,45,180,14,8,261,88,ITC,ITC2,2,Valle d'Aosta / Vallée d'Aoste,Valle d'Aosta,125666,7881,6.27,0.28
1687,2021-02-20,VDA,250,210,40,6,51,8,2,174,9,241,9,ITC,ITC2,2,Valle d'Aosta / Vallée d'Aoste,Valle d'Aosta,125666,8131,6.47,0.2
1688,2021-03-10,VDA,436,182,254,9,67,17,337,6,0,225,211,ITC,ITC2,2,Valle d'Aosta / Vallée d'Aoste,Valle d'Aosta,125666,8567,6.82,0.35
1689,2021-03-02,VDA,339,166,173,17,106,39,107,65,5,336,3,ITC,ITC2,2,Valle d'Aosta / Vallée d'Aoste,Valle d'Aosta,125666,8906,7.09,0.27
1690,2021-02-01,VDA,403,127,276,268,65,70,0,0,0,87,316,ITC,ITC2,2,Valle d'Aosta / Vallée d'Aoste,Valle d'Aosta,125666,9309,7.41,0.32
1691,2021-01-07,VDA,275,111,164,224,46,5,0,0,0,275,0,ITC,ITC2,2,Valle d'Aosta / Vallée d'Aoste,Valle d'Aosta,125666,9584,7.63,0.22
1692,2021-01-02,VDA,6,5,1,0,0,6,0,0,0,6,0,ITC,ITC2,2,Valle d'Aosta / Vallée d'Aoste,Valle d'Aosta,125666,9590,7.63,0.0
1693,2021-01-15,VDA,218,82,136,116,68,28,6,0,0,218,0,ITC,ITC2,2,Valle d'Aosta / Vallée d'Aoste,Valle d'Aosta,125666,9808,7.8,0.17
1694,2020-12-27,VDA,20,9,11,20,0,0,0,0,0,20,0,ITC,ITC2,2,Valle d'Aosta / Vallée d'Aoste,Valle d'Aosta,125666,9828,7.82,0.02
1695,2021-02-07,VDA,292,120,172,110,72,0,105,2,3,190,102,ITC,ITC2,2,Valle d'Aosta / Vallée d'Aoste,Valle d'Aosta,125666,10120,8.05,0.23
1696,2021-02-21,VDA,18,3,15,0,0,18,0,0,0,0,18,ITC,ITC2,2,Valle d'Aosta / Vallée d'Aoste,Valle d'Aosta,125666,10138,8.07,0.01
1697,2021-01-21,VDA,33,12,21,0,0,33,0,0,0,33,0,ITC,ITC2,2,Valle d'Aosta / Vallée d'Aoste,Valle d'Aosta,125666,10171,8.09,0.03
1698,2021-02-16,VDA,325,53,272,10,58,12,5,4,236,320,5,ITC,ITC2,2,Valle d'Aosta / Vallée d'Aoste,Valle d'Aosta,125666,10496,8.35,0.26
1699,2021-03-12,VDA,529,175,354,14,104,7,148,2,254,303,226,ITC,ITC2,2,Valle d'Aosta / Vallée d'Aoste,Valle d'Aosta,125666,11025,8.77,0.42
1700,2021-02-05,VDA,294,102,192,159,82,0,53,0,0,101,193,ITC,ITC2,2,Valle d'Aosta / Vallée d'Aoste,Valle d'Aosta,125666,11319,9.01,0.23
1701,2021-03-13,VDA,142,84,58,2,114,0,0,23,3,142,0,ITC,ITC2,2,Valle d'Aosta / Vallée d'Aoste,Valle d'Aosta,125666,11461,9.12,0.11
1702,2021-01-11,VDA,325,112,213,238,57,30,0,0,0,325,0,ITC,ITC2,2,Valle d'Aosta / Vallée d'Aoste,Valle d'Aosta,125666,11786,9.38,0.26
1703,2021-01-20,VDA,23,8,15,0,0,6,17,0,0,23,0,ITC,ITC2,2,Valle d'Aosta / Vallée d'Aoste,Valle d'Aosta,125666,11809,9.4,0.02
1704,2021-02-08,VDA,223,83,140,28,103,3,64,0,25,25,198,ITC,ITC2,2,Valle d'Aosta / Vallée d'Aoste,Valle d'Aosta,125666,12032,9.57,0.18
1705,2021-01-12,VDA,302,72,230,242,49,11,0,0,0,302,0,ITC,ITC2,2,Valle d'Aosta / Vallée d'Aoste,Valle d'Aosta,125666,12334,9.81,0.24
1706,2021-01-08,VDA,299,130,169,240,43,16,0,0,0,299,0,ITC,ITC2,2,Valle d'Aosta / Vallée d'Aoste,Valle d'Aosta,125666,12633,10.05,0.24
1707,2021-01-05,VDA,150,54,96,127,12,11,0,0,0,150,0,ITC,ITC2,2,Valle d'Aosta / Vallée d'Aoste,Valle d'Aosta,125666,12783,10.17,0.12
1708,2021-03-01,VDA,181,66,115,19,15,29,116,2,0,147,34,ITC,ITC2,2,Valle d'Aosta / Vallée d'Aoste,Valle d'Aosta,125666,12964,10.32,0.14
1709,2021-01-10,VDA,220,71,149,172,29,19,0,0,0,220,0,ITC,ITC2,2,Valle d'Aosta / Vallée d'Aoste,Valle d'Aosta,125666,13184,10.49,0.18
1710,2021-02-15,VDA,264,136,128,24,29,24,170,15,2,229,35,ITC,ITC2,2,Valle d'Aosta / Vallée d'Aoste,Valle d'Aosta,125666,13448,10.7,0.21
1711,2021-03-19,VDA,319,84,235,7,72,21,9,1,209,284,35,ITC,ITC2,2,Valle d'Aosta / Vallée d'Aoste,Valle d'Aosta,125666,13767,10.96,0.25
1712,2021-02-25,VDA,201,101,100,6,157,11,0,25,2,194,7,ITC,ITC2,2,Valle d'Aosta / Vallée d'Aoste,Valle d'Aosta,125666,13968,11.12,0.16
1713,2021-01-04,VDA,142,59,83,126,16,0,0,0,0,142,0,ITC,ITC2,2,Valle d'Aosta / Vallée d'Aoste,Valle d'Aosta,125666,14110,11.23,0.11
1714,2021-03-03,VDA,255,118,137,9,110,1,130,1,4,186,69,ITC,ITC2,2,Valle d'Aosta / Vallée d'Aoste,Valle d'Aosta,125666,14365,11.43,0.2
1715,2020-12-31,VDA,18,4,14,16,2,0,0,0,0,18,0,ITC,ITC2,2,Valle d'Aosta / Vallée d'Aoste,Valle d'Aosta,125666,14383,11.45,0.01
1716,2021-01-06,VDA,65,33,32,29,18,18,0,0,0,65,0,ITC,ITC2,2,Valle d'Aosta / Vallée d'Aoste,Valle d'Aosta,125666,14448,11.5,0.05
1717,2021-03-14,VDA,390,200,190,6,298,0,0,34,52,390,0,ITC,ITC2,2,Valle d'Aosta / Vallée d'Aoste,Valle d'Aosta,125666,14838,11.81,0.31
1718,2021-02-02,VDA,271,70,201,225,43,3,0,0,0,2,269,ITC,ITC2,2,Valle d'Aosta / Vallée d'Aoste,Valle d'Aosta,125666,15109,12.02,0.22
1719,2021-03-07,VDA,64,30,34,16,19,0,26,2,1,11,53,ITC,ITC2,2,Valle d'Aosta / Vallée d'Aoste,Valle d'Aosta,125666,15173,12.07,0.05
1720,2021-01-18,VDA,213,74,139,29,111,27,46,0,0,213,0,ITC,ITC2,2,Valle d'Aosta / Vallée d'Aoste,Valle d'Aosta,125666,15386,12.24,0.17
1721,2021-03-08,VDA,481,231,250,28,81,13,343,15,1,237,244,ITC,ITC2,2,Valle d'Aosta / Vallée d'Aoste,Valle d'Aosta,125666,15867,12.63,0.38
1722,2021-01-17,VDA,131,56,75,49,3,20,59,0,0,131,0,ITC,ITC2,2,Valle d'Aosta / Vallée d'Aoste,Valle d'Aosta,125666,15998,12.73,0.1
1723,2021-02-10,VDA,248,77,171,51,25,26,127,1,18,141,107,ITC,ITC2,2,Valle d'Aosta / Vallée d'Aoste,Valle d'Aosta,125666,16246,12.93,0.2
1724,2021-01-26,VDA,139,48,91,115,12,12,0,0,0,0,139,ITC,ITC2,2,Valle d'Aosta / Vallée d'Aoste,Valle d'Aosta,125666,16385,13.04,0.11
1725,2021-02-14,VDA,48,16,32,6,0,42,0,0,0,1,47,ITC,ITC2,2,Valle d'Aosta / Vallée d'Aoste,Valle d'Aosta,125666,16433,13.08,0.04
1726,2021-01-25,VDA,147,65,82,125,16,6,0,0,0,0,147,ITC,ITC2,2,Valle d'Aosta / Vallée d'Aoste,Valle d'Aosta,125666,16580,13.19,0.12
1727,2021-02-04,VDA,294,86,208,168,91,34,1,0,0,8,286,ITC,ITC2,2,Valle d'Aosta / Vallée d'Aoste,Valle d'Aosta,125666,16874,13.43,0.23
1728,2021-03-21,VDA,353,164,189,2,316,0,1,6,28,353,0,ITC,ITC2,2,Valle d'Aosta / Vallée d'Aoste,Valle d'Aosta,125666,17227,13.71,0.28
1729,2021-01-31,VDA,290,90,200,231,41,18,0,0,0,58,232,ITC,ITC2,2,Valle d'Aosta / Vallée d'Aoste,Valle d'Aosta,125666,17517,13.94,0.23
1730,2021-02-28,VDA,260,86,174,78,58,24,93,3,4,77,183,ITC,ITC2,2,Valle d'Aosta / Vallée d'Aoste,Valle d'Aosta,125666,17777,14.15,0.21
1731,2021-03-17,VDA,420,183,237,35,92,14,231,41,7,261,159,ITC,ITC2,2,Valle d'Aosta / Vallée d'Aoste,Valle d'Aosta,125666,18197,14.48,0.33
1732,2021-02-23,VDA,216,123,93,0,165,0,0,35,16,216,0,ITC,ITC2,2,Valle d'Aosta / Vallée d'Aoste,Valle d'Aosta,125666,18413,14.65,0.17
1733,2021-02-11,VDA,231,107,124,53,38,0,127,13,0,222,9,ITC,ITC2,2,Valle d'Aosta / Vallée d'Aoste,Valle d'Aosta,125666,18644,14.84,0.18
1734,2021-03-16,VDA,175,35,140,2,42,13,118,0,0,114,61,ITC,ITC2,2,Valle d'Aosta / Vallée d'Aoste,Valle d'Aosta,125666,18819,14.98,0.14
