,data,area,Vaccinazioni giornaliere,sesso_maschile,sesso_femminile,prima_dose,seconda_dose,pregressa_infezione,codice_NUTS1,codice_NUTS2,codice_regione_ISTAT,nome_area,Regione,popolazione,Totale vaccinazioni,Totale vaccinazioni ogni cento ab,Vaccinazioni giornaliere ogni cento ab
0,2021-02-07,MOL,66,32,34,19,47,0,ITF,ITF2,14,Molise,Molise,305617,66,0.02,0.02
1,2021-05-18,MOL,1658,884,774,996,656,6,ITF,ITF2,14,Molise,Molise,305617,1724,0.56,0.54
2,2021-03-22,MOL,1150,441,709,890,244,16,ITF,ITF2,14,Molise,Molise,305617,2874,0.94,0.38
3,2021-07-23,MOL,2914,1515,1399,871,1989,54,ITF,ITF2,14,Molise,Molise,305617,5788,1.89,0.95
4,2021-06-27,MOL,2369,1123,1246,1130,1229,10,ITF,ITF2,14,Molise,Molise,305617,8157,2.67,0.78
5,2021-01-07,MOL,599,209,390,599,0,0,ITF,ITF2,14,Molise,Molise,305617,8756,2.87,0.2
6,2021-02-12,MOL,334,151,183,209,124,1,ITF,ITF2,14,Molise,Molise,305617,9090,2.97,0.11
7,2021-03-24,MOL,1632,658,974,1213,402,17,ITF,ITF2,14,Molise,Molise,305617,10722,3.51,0.53
8,2021-07-02,MOL,2665,1293,1372,132,2525,8,ITF,ITF2,14,Molise,Molise,305617,13387,4.38,0.87
9,2021-07-04,MOL,2153,1086,1067,580,1550,23,ITF,ITF2,14,Molise,Molise,305617,15540,5.08,0.7
10,2021-05-01,MOL,2653,1272,1381,407,2227,19,ITF,ITF2,14,Molise,Molise,305617,18193,5.95,0.87
11,2021-03-05,MOL,1222,651,571,1003,206,13,ITF,ITF2,14,Molise,Molise,305617,19415,6.35,0.4
12,2021-08-09,MOL,3111,1599,1512,1592,1475,44,ITF,ITF2,14,Molise,Molise,305617,22526,7.37,1.02
13,2021-06-13,MOL,2890,1541,1349,2525,328,37,ITF,ITF2,14,Molise,Molise,305617,25416,8.32,0.95
14,2021-04-17,MOL,3060,1505,1555,1542,1491,27,ITF,ITF2,14,Molise,Molise,305617,28476,9.32,1.0
15,2021-06-20,MOL,422,174,248,47,371,4,ITF,ITF2,14,Molise,Molise,305617,28898,9.46,0.14
16,2021-04-24,MOL,2559,1207,1352,697,1847,15,ITF,ITF2,14,Molise,Molise,305617,31457,10.29,0.84
17,2021-02-26,MOL,563,260,303,489,73,1,ITF,ITF2,14,Molise,Molise,305617,32020,10.48,0.18
18,2021-08-02,MOL,2687,1404,1283,1183,1461,43,ITF,ITF2,14,Molise,Molise,305617,34707,11.36,0.88
19,2021-02-19,MOL,170,94,76,168,2,0,ITF,ITF2,14,Molise,Molise,305617,34877,11.41,0.06
20,2021-03-10,MOL,1742,720,1022,1670,50,22,ITF,ITF2,14,Molise,Molise,305617,36619,11.98,0.57
21,2021-06-01,MOL,2606,1324,1282,2461,108,37,ITF,ITF2,14,Molise,Molise,305617,39225,12.83,0.85
22,2021-01-26,MOL,450,184,266,8,442,0,ITF,ITF2,14,Molise,Molise,305617,39675,12.98,0.15
23,2021-05-06,MOL,2696,1219,1477,2049,603,44,ITF,ITF2,14,Molise,Molise,305617,42371,13.86,0.88
24,2021-07-28,MOL,2427,1285,1142,1131,1265,31,ITF,ITF2,14,Molise,Molise,305617,44798,14.66,0.79
25,2021-07-14,MOL,3406,1667,1739,196,3194,16,ITF,ITF2,14,Molise,Molise,305617,48204,15.77,1.11
26,2021-04-05,MOL,391,189,202,292,99,0,ITF,ITF2,14,Molise,Molise,305617,48595,15.9,0.13
27,2021-03-29,MOL,2037,835,1202,1518,487,32,ITF,ITF2,14,Molise,Molise,305617,50632,16.57,0.67
28,2021-01-31,MOL,268,70,198,6,262,0,ITF,ITF2,14,Molise,Molise,305617,50900,16.65,0.09
29,2021-08-11,MOL,1711,891,820,1076,578,57,ITF,ITF2,14,Molise,Molise,305617,52611,17.21,0.56
30,2021-01-12,MOL,336,114,222,336,0,0,ITF,ITF2,14,Molise,Molise,305617,52947,17.32,0.11
31,2021-03-15,MOL,834,340,494,570,245,19,ITF,ITF2,14,Molise,Molise,305617,53781,17.6,0.27
32,2021-06-24,MOL,3338,1553,1785,436,2865,37,ITF,ITF2,14,Molise,Molise,305617,57119,18.69,1.09
33,2021-03-02,MOL,669,385,284,505,158,6,ITF,ITF2,14,Molise,Molise,305617,57788,18.91,0.22
34,2021-05-20,MOL,2673,1378,1295,2402,189,82,ITF,ITF2,14,Molise,Molise,305617,60461,19.78,0.87
35,2021-05-25,MOL,1967,889,1078,1301,631,35,ITF,ITF2,14,Molise,Molise,305617,62428,20.43,0.64
36,2021-01-04,MOL,314,131,183,314,0,0,ITF,ITF2,14,Molise,Molise,305617,62742,20.53,0.1
37,2021-04-14,MOL,1809,767,1042,1135,664,10,ITF,ITF2,14,Molise,Molise,305617,64551,21.12,0.59
38,2021-02-16,MOL,157,71,86,150,6,1,ITF,ITF2,14,Molise,Molise,305617,64708,21.17,0.05
39,2021-05-27,MOL,2842,1350,1492,1966,840,36,ITF,ITF2,14,Molise,Molise,305617,67550,22.1,0.93
40,2021-01-17,MOL,78,38,40,48,30,0,ITF,ITF2,14,Molise,Molise,305617,67628,22.13,0.03
41,2021-04-10,MOL,2646,1264,1382,2455,152,39,ITF,ITF2,14,Molise,Molise,305617,70274,22.99,0.87
42,2021-02-05,MOL,595,270,325,55,540,0,ITF,ITF2,14,Molise,Molise,305617,70869,23.19,0.19
43,2021-01-19,MOL,174,63,111,163,11,0,ITF,ITF2,14,Molise,Molise,305617,71043,23.25,0.06
44,2021-04-29,MOL,2241,1148,1093,877,1349,15,ITF,ITF2,14,Molise,Molise,305617,73284,23.98,0.73
45,2021-04-12,MOL,1299,557,742,1037,251,11,ITF,ITF2,14,Molise,Molise,305617,74583,24.4,0.43
46,2021-07-21,MOL,2010,1014,996,778,1194,38,ITF,ITF2,14,Molise,Molise,305617,76593,25.06,0.66
47,2021-06-06,MOL,2077,1068,1009,1736,324,17,ITF,ITF2,14,Molise,Molise,305617,78670,25.74,0.68
48,2021-03-19,MOL,1185,482,703,741,427,17,ITF,ITF2,14,Molise,Molise,305617,79855,26.13,0.39
49,2021-01-21,MOL,6,2,4,6,0,0,ITF,ITF2,14,Molise,Molise,305617,79861,26.13,0.0
50,2021-02-24,MOL,670,281,389,326,336,8,ITF,ITF2,14,Molise,Molise,305617,80531,26.35,0.22
51,2021-03-03,MOL,672,316,356,586,82,4,ITF,ITF2,14,Molise,Molise,305617,81203,26.57,0.22
52,2021-01-05,MOL,449,180,269,449,0,0,ITF,ITF2,14,Molise,Molise,305617,81652,26.72,0.15
53,2021-03-17,MOL,911,385,526,519,333,59,ITF,ITF2,14,Molise,Molise,305617,82563,27.02,0.3
54,2021-06-25,MOL,3441,1692,1749,1471,1916,54,ITF,ITF2,14,Molise,Molise,305617,86004,28.14,1.13
55,2021-06-08,MOL,2897,1600,1297,2198,696,3,ITF,ITF2,14,Molise,Molise,305617,88901,29.09,0.95
56,2021-05-13,MOL,3050,1417,1633,2537,460,53,ITF,ITF2,14,Molise,Molise,305617,91951,30.09,1.0
57,2021-08-04,MOL,2497,1291,1206,947,1532,18,ITF,ITF2,14,Molise,Molise,305617,94448,30.9,0.82
58,2021-04-28,MOL,1698,925,773,471,1220,7,ITF,ITF2,14,Molise,Molise,305617,96146,31.46,0.56
59,2021-08-06,MOL,2227,1180,1047,1032,1153,42,ITF,ITF2,14,Molise,Molise,305617,98373,32.19,0.73
60,2021-07-16,MOL,3052,1548,1504,384,2640,28,ITF,ITF2,14,Molise,Molise,305617,101425,33.19,1.0
61,2021-07-09,MOL,3438,1651,1787,166,3254,18,ITF,ITF2,14,Molise,Molise,305617,104863,34.31,1.12
62,2021-06-10,MOL,2579,1188,1391,1240,1301,38,ITF,ITF2,14,Molise,Molise,305617,107442,35.16,0.84
63,2021-04-02,MOL,1460,712,748,662,779,19,ITF,ITF2,14,Molise,Molise,305617,108902,35.63,0.48
64,2021-07-11,MOL,2455,1196,1259,179,2273,3,ITF,ITF2,14,Molise,Molise,305617,111357,36.44,0.8
65,2021-08-13,MOL,1262,668,594,970,267,25,ITF,ITF2,14,Molise,Molise,305617,112619,36.85,0.41
66,2021-05-08,MOL,2982,1457,1525,1699,1247,36,ITF,ITF2,14,Molise,Molise,305617,115601,37.83,0.98
67,2021-04-21,MOL,1875,793,1082,969,899,7,ITF,ITF2,14,Molise,Molise,305617,117476,38.44,0.61
68,2021-07-25,MOL,2010,1060,950,355,1641,14,ITF,ITF2,14,Molise,Molise,305617,119486,39.1,0.66
69,2021-05-29,MOL,2361,1229,1132,1930,391,40,ITF,ITF2,14,Molise,Molise,305617,121847,39.87,0.77
70,2021-03-07,MOL,1133,501,632,1128,2,3,ITF,ITF2,14,Molise,Molise,305617,122980,40.24,0.37
71,2021-06-15,MOL,2221,1047,1174,750,1454,17,ITF,ITF2,14,Molise,Molise,305617,125201,40.97,0.73
72,2021-06-17,MOL,2311,1019,1292,914,1370,27,ITF,ITF2,14,Molise,Molise,305617,127512,41.72,0.76
73,2021-01-28,MOL,614,217,397,17,597,0,ITF,ITF2,14,Molise,Molise,305617,128126,41.92,0.2
74,2021-03-12,MOL,1460,638,822,1404,36,20,ITF,ITF2,14,Molise,Molise,305617,129586,42.4,0.48
75,2021-01-14,MOL,647,239,408,647,0,0,ITF,ITF2,14,Molise,Molise,305617,130233,42.61,0.21
76,2021-07-06,MOL,3064,1428,1636,37,3023,4,ITF,ITF2,14,Molise,Molise,305617,133297,43.62,1.0
77,2021-05-10,MOL,2897,1288,1609,2491,373,33,ITF,ITF2,14,Molise,Molise,305617,136194,44.56,0.95
78,2021-06-29,MOL,2494,1160,1334,379,2088,27,ITF,ITF2,14,Molise,Molise,305617,138688,45.38,0.82
79,2021-05-03,MOL,2499,1175,1324,2299,163,37,ITF,ITF2,14,Molise,Molise,305617,141187,46.2,0.82
80,2021-03-31,MOL,2197,919,1278,1308,820,69,ITF,ITF2,14,Molise,Molise,305617,143384,46.92,0.72
81,2021-02-09,MOL,360,170,190,197,163,0,ITF,ITF2,14,Molise,Molise,305617,143744,47.03,0.12
82,2021-08-01,MOL,956,522,434,752,174,30,ITF,ITF2,14,Molise,Molise,305617,144700,47.35,0.31
83,2021-08-03,MOL,2193,1137,1056,1214,945,34,ITF,ITF2,14,Molise,Molise,305617,146893,48.06,0.72
84,2021-03-11,MOL,1467,638,829,1447,6,14,ITF,ITF2,14,Molise,Molise,305617,148360,48.54,0.48
85,2021-03-26,MOL,2579,1045,1534,1891,643,45,ITF,ITF2,14,Molise,Molise,305617,150939,49.39,0.84
86,2021-02-18,MOL,321,74,247,304,13,4,ITF,ITF2,14,Molise,Molise,305617,151260,49.49,0.11
87,2021-03-09,MOL,1330,580,750,1149,153,28,ITF,ITF2,14,Molise,Molise,305617,152590,49.93,0.44
88,2021-02-20,MOL,1020,443,577,1000,20,0,ITF,ITF2,14,Molise,Molise,305617,153610,50.26,0.33
89,2021-05-31,MOL,2372,1152,1220,1905,426,41,ITF,ITF2,14,Molise,Molise,305617,155982,51.04,0.78
90,2021-05-14,MOL,2650,1218,1432,1892,722,36,ITF,ITF2,14,Molise,Molise,305617,158632,51.91,0.87
91,2021-06-02,MOL,2815,1359,1456,2693,100,22,ITF,ITF2,14,Molise,Molise,305617,161447,52.83,0.92
92,2021-07-30,MOL,2673,1380,1293,1430,1189,54,ITF,ITF2,14,Molise,Molise,305617,164120,53.7,0.87
93,2021-02-11,MOL,295,133,162,258,37,0,ITF,ITF2,14,Molise,Molise,305617,164415,53.8,0.1
94,2021-05-22,MOL,2262,1175,1087,2157,88,17,ITF,ITF2,14,Molise,Molise,305617,166677,54.54,0.74
95,2021-05-26,MOL,1580,711,869,794,755,31,ITF,ITF2,14,Molise,Molise,305617,168257,55.05,0.52
96,2021-03-30,MOL,2004,858,1146,1471,513,20,ITF,ITF2,14,Molise,Molise,305617,170261,55.71,0.66
97,2021-02-01,MOL,563,201,362,14,549,0,ITF,ITF2,14,Molise,Molise,305617,170824,55.89,0.18
98,2021-07-08,MOL,3428,1649,1779,107,3298,23,ITF,ITF2,14,Molise,Molise,305617,174252,57.02,1.12
99,2021-05-17,MOL,2231,1093,1138,1707,496,28,ITF,ITF2,14,Molise,Molise,305617,176483,57.75,0.73
100,2021-03-21,MOL,1248,543,705,478,768,2,ITF,ITF2,14,Molise,Molise,305617,177731,58.15,0.41
101,2021-03-14,MOL,597,240,357,17,580,0,ITF,ITF2,14,Molise,Molise,305617,178328,58.35,0.2
102,2021-06-22,MOL,2968,1370,1598,672,2279,17,ITF,ITF2,14,Molise,Molise,305617,181296,59.32,0.97
103,2021-03-28,MOL,1629,749,880,519,1103,7,ITF,ITF2,14,Molise,Molise,305617,182925,59.85,0.53
104,2021-01-30,MOL,464,161,303,12,452,0,ITF,ITF2,14,Molise,Molise,305617,183389,60.01,0.15
105,2021-02-06,MOL,430,179,251,29,401,0,ITF,ITF2,14,Molise,Molise,305617,183819,60.15,0.14
106,2021-01-09,MOL,452,154,298,452,0,0,ITF,ITF2,14,Molise,Molise,305617,184271,60.29,0.15
107,2021-04-19,MOL,1829,843,986,988,779,62,ITF,ITF2,14,Molise,Molise,305617,186100,60.89,0.6
108,2021-07-13,MOL,2806,1425,1381,319,2470,17,ITF,ITF2,14,Molise,Molise,305617,188906,61.81,0.92
109,2021-07-19,MOL,2765,1352,1413,505,2233,27,ITF,ITF2,14,Molise,Molise,305617,191671,62.72,0.9
110,2021-02-03,MOL,741,253,488,344,397,0,ITF,ITF2,14,Molise,Molise,305617,192412,62.96,0.24
111,2021-04-27,MOL,1600,771,829,444,1131,25,ITF,ITF2,14,Molise,Molise,305617,194012,63.48,0.52
112,2021-08-05,MOL,2265,1146,1119,1609,607,49,ITF,ITF2,14,Molise,Molise,305617,196277,64.22,0.74
113,2021-05-16,MOL,1253,575,678,1049,183,21,ITF,ITF2,14,Molise,Molise,305617,197530,64.63,0.41
114,2021-08-07,MOL,1858,1024,834,1015,819,24,ITF,ITF2,14,Molise,Molise,305617,199388,65.24,0.61
115,2021-01-06,MOL,690,260,430,690,0,0,ITF,ITF2,14,Molise,Molise,305617,200078,65.47,0.23
116,2021-04-16,MOL,2433,1033,1400,1176,1234,23,ITF,ITF2,14,Molise,Molise,305617,202511,66.26,0.8
117,2021-06-21,MOL,2913,1356,1557,1631,1236,46,ITF,ITF2,14,Molise,Molise,305617,205424,67.22,0.95
118,2021-04-25,MOL,794,397,397,557,233,4,ITF,ITF2,14,Molise,Molise,305617,206218,67.48,0.26
119,2021-02-23,MOL,585,223,362,362,221,2,ITF,ITF2,14,Molise,Molise,305617,206803,67.67,0.19
120,2021-06-03,MOL,3301,1572,1729,2708,559,34,ITF,ITF2,14,Molise,Molise,305617,210104,68.75,1.08
121,2021-04-07,MOL,1690,848,842,1370,275,45,ITF,ITF2,14,Molise,Molise,305617,211794,69.3,0.55
122,2021-06-05,MOL,3007,1521,1486,2805,174,28,ITF,ITF2,14,Molise,Molise,305617,214801,70.28,0.98
123,2021-07-18,MOL,1753,882,871,125,1619,9,ITF,ITF2,14,Molise,Molise,305617,216554,70.86,0.57
124,2021-01-13,MOL,477,162,315,477,0,0,ITF,ITF2,14,Molise,Molise,305617,217031,71.01,0.16
125,2021-06-19,MOL,2348,1169,1179,1283,1023,42,ITF,ITF2,14,Molise,Molise,305617,219379,71.78,0.77
126,2021-04-23,MOL,2055,884,1171,1378,661,16,ITF,ITF2,14,Molise,Molise,305617,221434,72.45,0.67
127,2021-06-30,MOL,2968,1410,1558,873,2011,84,ITF,ITF2,14,Molise,Molise,305617,224402,73.43,0.97
128,2021-03-13,MOL,1191,596,595,183,990,18,ITF,ITF2,14,Molise,Molise,305617,225593,73.82,0.39
129,2021-01-15,MOL,540,243,297,540,0,0,ITF,ITF2,14,Molise,Molise,305617,226133,73.99,0.18
130,2021-06-23,MOL,2796,1288,1508,221,2565,10,ITF,ITF2,14,Molise,Molise,305617,228929,74.91,0.91
131,2021-03-20,MOL,2327,973,1354,995,1323,9,ITF,ITF2,14,Molise,Molise,305617,231256,75.67,0.76
132,2021-06-28,MOL,2914,1359,1555,1004,1889,21,ITF,ITF2,14,Molise,Molise,305617,234170,76.62,0.95
133,2021-03-16,MOL,615,230,385,265,348,2,ITF,ITF2,14,Molise,Molise,305617,234785,76.82,0.2
134,2021-01-11,MOL,558,194,364,558,0,0,ITF,ITF2,14,Molise,Molise,305617,235343,77.01,0.18
135,2021-02-28,MOL,833,335,498,789,42,2,ITF,ITF2,14,Molise,Molise,305617,236176,77.28,0.27
136,2021-02-27,MOL,1370,570,800,1346,19,5,ITF,ITF2,14,Molise,Molise,305617,237546,77.73,0.45
137,2021-06-07,MOL,1958,861,1097,1116,819,23,ITF,ITF2,14,Molise,Molise,305617,239504,78.37,0.64
138,2021-02-13,MOL,132,80,52,132,0,0,ITF,ITF2,14,Molise,Molise,305617,239636,78.41,0.04
139,2021-05-24,MOL,1968,855,1113,1271,669,28,ITF,ITF2,14,Molise,Molise,305617,241604,79.05,0.64
140,2021-05-07,MOL,2647,1230,1417,2019,599,29,ITF,ITF2,14,Molise,Molise,305617,244251,79.92,0.87
141,2021-06-04,MOL,3065,1504,1561,2580,457,28,ITF,ITF2,14,Molise,Molise,305617,247316,80.92,1.0
142,2021-04-08,MOL,1770,907,863,1542,202,26,ITF,ITF2,14,Molise,Molise,305617,249086,81.5,0.58
143,2021-07-17,MOL,2850,1522,1328,293,2535,22,ITF,ITF2,14,Molise,Molise,305617,251936,82.44,0.93
144,2021-04-22,MOL,1847,864,983,1059,779,9,ITF,ITF2,14,Molise,Molise,305617,253783,83.04,0.6
145,2021-07-31,MOL,1988,1110,878,755,1192,41,ITF,ITF2,14,Molise,Molise,305617,255771,83.69,0.65
146,2021-02-17,MOL,72,32,40,50,15,7,ITF,ITF2,14,Molise,Molise,305617,255843,83.71,0.02
147,2021-07-24,MOL,3133,1684,1449,730,2374,29,ITF,ITF2,14,Molise,Molise,305617,258976,84.74,1.03
148,2021-05-28,MOL,2656,1367,1289,2041,547,68,ITF,ITF2,14,Molise,Molise,305617,261632,85.61,0.87
149,2021-06-11,MOL,3455,1662,1793,1980,1432,43,ITF,ITF2,14,Molise,Molise,305617,265087,86.74,1.13
150,2021-03-04,MOL,852,417,435,515,325,12,ITF,ITF2,14,Molise,Molise,305617,265939,87.02,0.28
151,2021-06-12,MOL,3466,1788,1678,3289,124,53,ITF,ITF2,14,Molise,Molise,305617,269405,88.15,1.13
152,2021-06-14,MOL,1641,815,826,545,1079,17,ITF,ITF2,14,Molise,Molise,305617,271046,88.69,0.54
153,2021-01-20,MOL,18,8,10,18,0,0,ITF,ITF2,14,Molise,Molise,305617,271064,88.69,0.01
154,2021-04-30,MOL,2948,1562,1386,819,2114,15,ITF,ITF2,14,Molise,Molise,305617,274012,89.66,0.96
155,2021-05-12,MOL,2858,1296,1562,2695,97,66,ITF,ITF2,14,Molise,Molise,305617,276870,90.59,0.94
156,2021-04-06,MOL,1497,702,795,1132,344,21,ITF,ITF2,14,Molise,Molise,305617,278367,91.08,0.49
157,2021-02-08,MOL,335,141,194,216,119,0,ITF,ITF2,14,Molise,Molise,305617,278702,91.19,0.11
158,2021-07-15,MOL,3213,1615,1598,210,2989,14,ITF,ITF2,14,Molise,Molise,305617,281915,92.24,1.05
159,2021-05-19,MOL,2350,1207,1143,1884,429,37,ITF,ITF2,14,Molise,Molise,305617,284265,93.01,0.77
160,2021-03-23,MOL,1646,697,949,1413,208,25,ITF,ITF2,14,Molise,Molise,305617,285911,93.55,0.54
161,2021-07-01,MOL,2667,1297,1370,271,2381,15,ITF,ITF2,14,Molise,Molise,305617,288578,94.42,0.87
162,2021-07-26,MOL,2423,1250,1173,1249,1114,60,ITF,ITF2,14,Molise,Molise,305617,291001,95.22,0.79
163,2021-02-15,MOL,144,70,74,141,3,0,ITF,ITF2,14,Molise,Molise,305617,291145,95.26,0.05
164,2021-04-15,MOL,1934,796,1138,1082,847,5,ITF,ITF2,14,Molise,Molise,305617,293079,95.9,0.63
165,2021-04-18,MOL,1084,484,600,143,935,6,ITF,ITF2,14,Molise,Molise,305617,294163,96.25,0.35
166,2021-07-27,MOL,1920,1060,860,1310,550,60,ITF,ITF2,14,Molise,Molise,305617,296083,96.88,0.63
167,2021-07-10,MOL,3723,1781,1942,321,3388,14,ITF,ITF2,14,Molise,Molise,305617,299806,98.1,1.22
168,2021-04-04,MOL,253,141,112,231,15,7,ITF,ITF2,14,Molise,Molise,305617,300059,98.18,0.08
169,2021-03-18,MOL,1158,476,682,634,465,59,ITF,ITF2,14,Molise,Molise,305617,301217,98.56,0.38
170,2021-06-26,MOL,3127,1535,1592,525,2588,14,ITF,ITF2,14,Molise,Molise,305617,304344,99.58,1.02
171,2021-02-22,MOL,265,129,136,248,15,2,ITF,ITF2,14,Molise,Molise,305617,304609,99.67,0.09
172,2020-12-27,MOL,50,20,30,50,0,0,ITF,ITF2,14,Molise,Molise,305617,304659,99.69,0.02
173,2021-07-29,MOL,2446,1253,1193,1583,817,46,ITF,ITF2,14,Molise,Molise,305617,307105,100.49,0.8
174,2021-01-25,MOL,319,130,189,3,316,0,ITF,ITF2,14,Molise,Molise,305617,307424,100.59,0.1
175,2021-05-05,MOL,2440,1048,1392,2269,144,27,ITF,ITF2,14,Molise,Molise,305617,309864,101.39,0.8
176,2021-05-04,MOL,2708,1182,1526,2545,128,35,ITF,ITF2,14,Molise,Molise,305617,312572,102.28,0.89
177,2021-01-10,MOL,270,72,198,270,0,0,ITF,ITF2,14,Molise,Molise,305617,312842,102.36,0.09
178,2021-04-20,MOL,2329,1033,1296,1213,1107,9,ITF,ITF2,14,Molise,Molise,305617,315171,103.13,0.76
179,2021-02-10,MOL,151,79,72,131,20,0,ITF,ITF2,14,Molise,Molise,305617,315322,103.18,0.05
180,2021-05-21,MOL,2184,1095,1089,1781,323,80,ITF,ITF2,14,Molise,Molise,305617,317506,103.89,0.71
181,2021-01-27,MOL,675,251,424,8,667,0,ITF,ITF2,14,Molise,Molise,305617,318181,104.11,0.22
182,2021-02-25,MOL,542,239,303,471,68,3,ITF,ITF2,14,Molise,Molise,305617,318723,104.29,0.18
183,2021-08-10,MOL,1757,965,792,617,1109,31,ITF,ITF2,14,Molise,Molise,305617,320480,104.86,0.57
184,2021-08-12,MOL,1461,758,703,1026,397,38,ITF,ITF2,14,Molise,Molise,305617,321941,105.34,0.48
185,2021-01-29,MOL,423,137,286,6,417,0,ITF,ITF2,14,Molise,Molise,305617,322364,105.48,0.14
186,2021-05-09,MOL,2059,935,1124,1927,97,35,ITF,ITF2,14,Molise,Molise,305617,324423,106.15,0.67
187,2021-07-07,MOL,2959,1368,1591,57,2898,4,ITF,ITF2,14,Molise,Molise,305617,327382,107.12,0.97
188,2021-05-11,MOL,3225,1421,1804,2913,254,58,ITF,ITF2,14,Molise,Molise,305617,330607,108.18,1.06
189,2021-01-22,MOL,128,36,92,128,0,0,ITF,ITF2,14,Molise,Molise,305617,330735,108.22,0.04
190,2021-05-02,MOL,1899,934,965,579,1307,13,ITF,ITF2,14,Molise,Molise,305617,332634,108.84,0.62
191,2021-03-06,MOL,1728,807,921,1559,159,10,ITF,ITF2,14,Molise,Molise,305617,334362,109.41,0.57
192,2021-06-09,MOL,1792,900,892,836,928,28,ITF,ITF2,14,Molise,Molise,305617,336154,109.99,0.59
193,2021-05-23,MOL,1783,896,887,1742,9,32,ITF,ITF2,14,Molise,Molise,305617,337937,110.58,0.58
194,2021-03-01,MOL,662,274,388,430,215,17,ITF,ITF2,14,Molise,Molise,305617,338599,110.79,0.22
195,2021-04-03,MOL,1775,853,922,1719,35,21,ITF,ITF2,14,Molise,Molise,305617,340374,111.37,0.58
196,2021-07-12,MOL,2675,1320,1355,354,2300,21,ITF,ITF2,14,Molise,Molise,305617,343049,112.25,0.88
197,2021-01-08,MOL,431,142,289,431,0,0,ITF,ITF2,14,Molise,Molise,305617,343480,112.39,0.14
198,2021-04-01,MOL,1475,668,807,731,730,14,ITF,ITF2,14,Molise,Molise,305617,344955,112.87,0.48
199,2021-02-21,MOL,575,227,348,573,2,0,ITF,ITF2,14,Molise,Molise,305617,345530,113.06,0.19
200,2021-02-04,MOL,759,295,464,77,682,0,ITF,ITF2,14,Molise,Molise,305617,346289,113.31,0.25
201,2021-05-15,MOL,2987,1403,1584,2550,386,51,ITF,ITF2,14,Molise,Molise,305617,349276,114.29,0.98
202,2021-02-02,MOL,540,176,364,216,323,1,ITF,ITF2,14,Molise,Molise,305617,349816,114.46,0.18
203,2021-01-16,MOL,422,166,256,422,0,0,ITF,ITF2,14,Molise,Molise,305617,350238,114.6,0.14
204,2021-04-26,MOL,1159,521,638,810,331,18,ITF,ITF2,14,Molise,Molise,305617,351397,114.98,0.38
205,2021-04-09,MOL,2329,1254,1075,2108,191,30,ITF,ITF2,14,Molise,Molise,305617,353726,115.74,0.76
206,2021-01-18,MOL,115,48,67,115,0,0,ITF,ITF2,14,Molise,Molise,305617,353841,115.78,0.04
207,2021-04-11,MOL,1197,591,606,1166,14,17,ITF,ITF2,14,Molise,Molise,305617,355038,116.17,0.39
208,2021-07-20,MOL,2168,1096,1072,1009,1112,47,ITF,ITF2,14,Molise,Molise,305617,357206,116.88,0.71
209,2021-07-03,MOL,2743,1382,1361,569,2154,20,ITF,ITF2,14,Molise,Molise,305617,359949,117.78,0.9
210,2021-08-08,MOL,824,426,398,591,220,13,ITF,ITF2,14,Molise,Molise,305617,360773,118.05,0.27
211,2021-07-22,MOL,2172,1077,1095,837,1280,55,ITF,ITF2,14,Molise,Molise,305617,362945,118.76,0.71
212,2021-03-25,MOL,1808,730,1078,1284,498,26,ITF,ITF2,14,Molise,Molise,305617,364753,119.35,0.59
213,2021-03-08,MOL,1383,524,859,1206,140,37,ITF,ITF2,14,Molise,Molise,305617,366136,119.8,0.45
214,2021-06-16,MOL,2069,1029,1040,1142,913,14,ITF,ITF2,14,Molise,Molise,305617,368205,120.48,0.68
215,2021-04-13,MOL,1632,718,914,1037,587,8,ITF,ITF2,14,Molise,Molise,305617,369837,121.01,0.53
216,2021-03-27,MOL,2745,1273,1472,1295,1433,17,ITF,ITF2,14,Molise,Molise,305617,372582,121.91,0.9
217,2021-07-05,MOL,2740,1282,1458,39,2699,2,ITF,ITF2,14,Molise,Molise,305617,375322,122.81,0.9
218,2021-06-18,MOL,2772,1251,1521,1286,1459,27,ITF,ITF2,14,Molise,Molise,305617,378094,123.71,0.91
219,2021-05-30,MOL,1871,934,937,1557,286,28,ITF,ITF2,14,Molise,Molise,305617,379965,124.33,0.61
220,2021-07-22,LAZ,61110,30529,30581,28497,31101,1512,ITI,ITI4,12,Lazio,Lazio,5879082,61110,1.04,1.04
221,2021-05-17,LAZ,44624,20432,24192,35615,8605,404,ITI,ITI4,12,Lazio,Lazio,5879082,105734,1.8,0.76
222,2021-02-06,LAZ,6223,2538,3685,895,5324,4,ITI,ITI4,12,Lazio,Lazio,5879082,111957,1.9,0.11
223,2021-04-16,LAZ,34546,15754,18792,21966,12198,382,ITI,ITI4,12,Lazio,Lazio,5879082,146503,2.49,0.59
224,2021-01-23,LAZ,7215,2870,4345,586,6629,0,ITI,ITI4,12,Lazio,Lazio,5879082,153718,2.61,0.12
225,2021-01-06,LAZ,5196,1990,3206,5076,0,120,ITI,ITI4,12,Lazio,Lazio,5879082,158914,2.7,0.09
226,2021-05-26,LAZ,47637,21907,25730,34861,12129,647,ITI,ITI4,12,Lazio,Lazio,5879082,206551,3.51,0.81
227,2021-03-04,LAZ,19457,8741,10716,14189,5033,235,ITI,ITI4,12,Lazio,Lazio,5879082,226008,3.84,0.33
228,2021-06-12,LAZ,69917,32109,37808,39884,29402,631,ITI,ITI4,12,Lazio,Lazio,5879082,295925,5.03,1.19
229,2021-06-14,LAZ,63063,29545,33518,32325,30181,557,ITI,ITI4,12,Lazio,Lazio,5879082,358988,6.11,1.07
230,2021-03-21,LAZ,18289,7201,11088,13027,5071,191,ITI,ITI4,12,Lazio,Lazio,5879082,377277,6.42,0.31
231,2020-12-30,LAZ,1655,639,1016,1644,0,11,ITI,ITI4,12,Lazio,Lazio,5879082,378932,6.45,0.03
232,2021-08-08,LAZ,49895,25786,24109,17740,31342,813,ITI,ITI4,12,Lazio,Lazio,5879082,428827,7.29,0.85
233,2021-06-26,LAZ,56199,26484,29715,24704,30903,592,ITI,ITI4,12,Lazio,Lazio,5879082,485026,8.25,0.96
234,2021-04-30,LAZ,41696,18476,23220,26680,14361,655,ITI,ITI4,12,Lazio,Lazio,5879082,526722,8.96,0.71
235,2021-06-19,LAZ,66528,31388,35140,35277,30440,811,ITI,ITI4,12,Lazio,Lazio,5879082,593250,10.09,1.13
236,2021-02-18,LAZ,10026,4979,5047,9102,819,105,ITI,ITI4,12,Lazio,Lazio,5879082,603276,10.26,0.17
237,2021-05-12,LAZ,47602,21610,25992,30287,16677,638,ITI,ITI4,12,Lazio,Lazio,5879082,650878,11.07,0.81
238,2021-02-01,LAZ,5683,2184,3499,353,5329,1,ITI,ITI4,12,Lazio,Lazio,5879082,656561,11.17,0.1
239,2021-07-15,LAZ,44946,22008,22938,6700,37830,416,ITI,ITI4,12,Lazio,Lazio,5879082,701507,11.93,0.76
240,2021-01-13,LAZ,5805,2191,3614,5643,0,162,ITI,ITI4,12,Lazio,Lazio,5879082,707312,12.03,0.1
241,2021-03-30,LAZ,27099,13176,13923,19540,7206,353,ITI,ITI4,12,Lazio,Lazio,5879082,734411,12.49,0.46
242,2021-07-08,LAZ,64255,31543,32712,28173,35420,662,ITI,ITI4,12,Lazio,Lazio,5879082,798666,13.58,1.09
243,2021-07-27,LAZ,56293,27315,28978,8037,47932,324,ITI,ITI4,12,Lazio,Lazio,5879082,854959,14.54,0.96
244,2021-04-18,LAZ,23866,10608,13258,15895,7698,273,ITI,ITI4,12,Lazio,Lazio,5879082,878825,14.95,0.41
245,2021-02-20,LAZ,9213,4274,4939,8367,775,71,ITI,ITI4,12,Lazio,Lazio,5879082,888038,15.11,0.16
246,2021-05-31,LAZ,51779,23055,28724,30866,19889,1024,ITI,ITI4,12,Lazio,Lazio,5879082,939817,15.99,0.88
247,2021-04-04,LAZ,17665,8199,9466,12262,5291,112,ITI,ITI4,12,Lazio,Lazio,5879082,957482,16.29,0.3
248,2021-03-16,LAZ,13596,5765,7831,7048,6468,80,ITI,ITI4,12,Lazio,Lazio,5879082,971078,16.52,0.23
249,2021-03-09,LAZ,22020,9945,12075,16443,5221,356,ITI,ITI4,12,Lazio,Lazio,5879082,993098,16.89,0.37
250,2021-01-11,LAZ,5661,2147,3514,5515,0,146,ITI,ITI4,12,Lazio,Lazio,5879082,998759,16.99,0.1
251,2021-02-25,LAZ,12774,5594,7180,11407,1180,187,ITI,ITI4,12,Lazio,Lazio,5879082,1011533,17.21,0.22
252,2021-06-05,LAZ,66326,32677,33649,42893,22768,665,ITI,ITI4,12,Lazio,Lazio,5879082,1077859,18.33,1.13
253,2021-02-11,LAZ,7000,3011,3989,6442,533,25,ITI,ITI4,12,Lazio,Lazio,5879082,1084859,18.45,0.12
254,2021-04-11,LAZ,19234,8528,10706,13144,5926,164,ITI,ITI4,12,Lazio,Lazio,5879082,1104093,18.78,0.33
255,2021-02-13,LAZ,6612,2627,3985,6146,420,46,ITI,ITI4,12,Lazio,Lazio,5879082,1110705,18.89,0.11
256,2021-07-20,LAZ,63323,31597,31726,28437,33682,1204,ITI,ITI4,12,Lazio,Lazio,5879082,1174028,19.97,1.08
257,2021-05-24,LAZ,44025,20196,23829,33570,9804,651,ITI,ITI4,12,Lazio,Lazio,5879082,1218053,20.72,0.75
258,2021-01-03,LAZ,5337,2011,3326,5278,0,59,ITI,ITI4,12,Lazio,Lazio,5879082,1223390,20.81,0.09
259,2021-04-13,LAZ,25825,11975,13850,17685,7746,394,ITI,ITI4,12,Lazio,Lazio,5879082,1249215,21.25,0.44
260,2021-07-31,LAZ,55893,29383,26510,5491,50104,298,ITI,ITI4,12,Lazio,Lazio,5879082,1305108,22.2,0.95
261,2021-07-01,LAZ,48491,23189,25302,7189,41088,214,ITI,ITI4,12,Lazio,Lazio,5879082,1353599,23.02,0.82
262,2021-04-09,LAZ,27716,12617,15099,19153,8273,290,ITI,ITI4,12,Lazio,Lazio,5879082,1381315,23.5,0.47
263,2021-03-23,LAZ,25464,11955,13509,18477,6635,352,ITI,ITI4,12,Lazio,Lazio,5879082,1406779,23.93,0.43
264,2021-02-15,LAZ,8038,3547,4491,7311,643,84,ITI,ITI4,12,Lazio,Lazio,5879082,1414817,24.07,0.14
265,2021-01-29,LAZ,8072,3093,4979,817,7253,2,ITI,ITI4,12,Lazio,Lazio,5879082,1422889,24.2,0.14
266,2021-05-07,LAZ,48303,22644,25659,30092,17802,409,ITI,ITI4,12,Lazio,Lazio,5879082,1471192,25.02,0.82
267,2021-03-11,LAZ,25496,12025,13471,18865,6282,349,ITI,ITI4,12,Lazio,Lazio,5879082,1496688,25.46,0.43
268,2021-07-03,LAZ,53211,25054,28157,4637,48431,143,ITI,ITI4,12,Lazio,Lazio,5879082,1549899,26.36,0.91
269,2021-01-25,LAZ,8120,3251,4869,775,7345,0,ITI,ITI4,12,Lazio,Lazio,5879082,1558019,26.5,0.14
270,2021-05-05,LAZ,46841,21495,25346,30421,15861,559,ITI,ITI4,12,Lazio,Lazio,5879082,1604860,27.3,0.8
271,2021-03-02,LAZ,17232,7629,9603,13112,3955,165,ITI,ITI4,12,Lazio,Lazio,5879082,1622092,27.59,0.29
272,2021-01-18,LAZ,6386,2603,3783,5279,981,126,ITI,ITI4,12,Lazio,Lazio,5879082,1628478,27.7,0.11
273,2021-04-28,LAZ,33030,15071,17959,20980,11659,391,ITI,ITI4,12,Lazio,Lazio,5879082,1661508,28.26,0.56
274,2021-08-10,LAZ,50012,25824,24188,20999,28084,929,ITI,ITI4,12,Lazio,Lazio,5879082,1711520,29.11,0.85
275,2021-05-19,LAZ,47286,21722,25564,36536,10147,603,ITI,ITI4,12,Lazio,Lazio,5879082,1758806,29.92,0.8
276,2021-01-04,LAZ,7574,2940,4634,7470,0,104,ITI,ITI4,12,Lazio,Lazio,5879082,1766380,30.05,0.13
277,2021-06-24,LAZ,63993,30524,33469,28614,34727,652,ITI,ITI4,12,Lazio,Lazio,5879082,1830373,31.13,1.09
278,2021-06-07,LAZ,62618,29306,33312,32703,29324,591,ITI,ITI4,12,Lazio,Lazio,5879082,1892991,32.2,1.07
279,2021-06-21,LAZ,61991,28800,33191,28491,32893,607,ITI,ITI4,12,Lazio,Lazio,5879082,1954982,33.25,1.05
280,2021-04-23,LAZ,37966,18286,19680,22117,15395,454,ITI,ITI4,12,Lazio,Lazio,5879082,1992948,33.9,0.65
281,2021-08-03,LAZ,30094,15160,14934,3869,26072,153,ITI,ITI4,12,Lazio,Lazio,5879082,2023042,34.41,0.51
282,2021-01-30,LAZ,7020,2897,4123,813,6206,1,ITI,ITI4,12,Lazio,Lazio,5879082,2030062,34.53,0.12
283,2021-07-19,LAZ,63119,31033,32086,28314,33691,1114,ITI,ITI4,12,Lazio,Lazio,5879082,2093181,35.6,1.07
284,2021-01-15,LAZ,6708,2759,3949,6538,0,170,ITI,ITI4,12,Lazio,Lazio,5879082,2099889,35.72,0.11
285,2021-04-25,LAZ,24580,11280,13300,16422,7874,284,ITI,ITI4,12,Lazio,Lazio,5879082,2124469,36.14,0.42
286,2021-03-28,LAZ,19191,7833,11358,13542,5313,336,ITI,ITI4,12,Lazio,Lazio,5879082,2143660,36.46,0.33
287,2021-04-01,LAZ,29782,14129,15653,22233,7171,378,ITI,ITI4,12,Lazio,Lazio,5879082,2173442,36.97,0.51
288,2021-07-10,LAZ,71023,35638,35385,25027,45342,654,ITI,ITI4,12,Lazio,Lazio,5879082,2244465,38.18,1.21
289,2021-07-24,LAZ,30684,15471,15213,3214,27331,139,ITI,ITI4,12,Lazio,Lazio,5879082,2275149,38.7,0.52
290,2021-06-23,LAZ,62328,29358,32970,28440,33388,500,ITI,ITI4,12,Lazio,Lazio,5879082,2337477,39.76,1.06
291,2021-01-08,LAZ,7912,2967,4945,7715,0,197,ITI,ITI4,12,Lazio,Lazio,5879082,2345389,39.89,0.13
292,2021-07-29,LAZ,55849,28431,27418,7581,47903,365,ITI,ITI4,12,Lazio,Lazio,5879082,2401238,40.84,0.95
293,2021-02-17,LAZ,9194,4606,4588,8240,885,69,ITI,ITI4,12,Lazio,Lazio,5879082,2410432,41.0,0.16
294,2021-05-28,LAZ,57244,26623,30621,43132,13328,784,ITI,ITI4,12,Lazio,Lazio,5879082,2467676,41.97,0.97
295,2021-02-03,LAZ,6493,2491,4002,960,5526,7,ITI,ITI4,12,Lazio,Lazio,5879082,2474169,42.08,0.11
296,2021-01-20,LAZ,4819,1952,2867,3270,1545,4,ITI,ITI4,12,Lazio,Lazio,5879082,2478988,42.17,0.08
297,2021-05-14,LAZ,51614,23588,28026,32567,18386,661,ITI,ITI4,12,Lazio,Lazio,5879082,2530602,43.04,0.88
298,2021-03-18,LAZ,14287,6105,8182,7773,6430,84,ITI,ITI4,12,Lazio,Lazio,5879082,2544889,43.29,0.24
299,2021-03-27,LAZ,26542,10798,15744,19482,6516,544,ITI,ITI4,12,Lazio,Lazio,5879082,2571431,43.74,0.45
300,2021-07-05,LAZ,61677,29692,31985,25604,35012,1061,ITI,ITI4,12,Lazio,Lazio,5879082,2633108,44.79,1.05
301,2021-05-23,LAZ,47164,22883,24281,39120,7401,643,ITI,ITI4,12,Lazio,Lazio,5879082,2680272,45.59,0.8
302,2021-05-09,LAZ,37565,17269,20296,25832,11284,449,ITI,ITI4,12,Lazio,Lazio,5879082,2717837,46.23,0.64
303,2021-07-12,LAZ,41398,20708,20690,5864,35308,226,ITI,ITI4,12,Lazio,Lazio,5879082,2759235,46.93,0.7
304,2021-05-16,LAZ,51010,24568,26442,36961,13512,537,ITI,ITI4,12,Lazio,Lazio,5879082,2810245,47.8,0.87
305,2021-06-09,LAZ,70492,33386,37106,35975,33882,635,ITI,ITI4,12,Lazio,Lazio,5879082,2880737,49.0,1.2
306,2021-04-27,LAZ,30829,13921,16908,19471,10955,403,ITI,ITI4,12,Lazio,Lazio,5879082,2911566,49.52,0.52
307,2021-03-01,LAZ,17126,7370,9756,13003,3887,236,ITI,ITI4,12,Lazio,Lazio,5879082,2928692,49.82,0.29
308,2021-08-05,LAZ,29227,14954,14273,19023,9315,889,ITI,ITI4,12,Lazio,Lazio,5879082,2957919,50.31,0.5
309,2021-02-22,LAZ,11465,4994,6471,10808,503,154,ITI,ITI4,12,Lazio,Lazio,5879082,2969384,50.51,0.2
310,2021-01-01,LAZ,3597,1396,2201,3557,0,40,ITI,ITI4,12,Lazio,Lazio,5879082,2972981,50.57,0.06
311,2021-01-10,LAZ,4134,1738,2396,4067,0,67,ITI,ITI4,12,Lazio,Lazio,5879082,2977115,50.64,0.07
312,2021-06-16,LAZ,64681,31051,33630,32081,31980,620,ITI,ITI4,12,Lazio,Lazio,5879082,3041796,51.74,1.1
313,2021-04-20,LAZ,31148,14296,16852,19407,11363,378,ITI,ITI4,12,Lazio,Lazio,5879082,3072944,52.27,0.53
314,2021-03-08,LAZ,20945,9093,11852,15346,5305,294,ITI,ITI4,12,Lazio,Lazio,5879082,3093889,52.63,0.36
315,2021-04-22,LAZ,39201,19499,19702,23897,14712,592,ITI,ITI4,12,Lazio,Lazio,5879082,3133090,53.29,0.67
316,2021-03-10,LAZ,23362,10673,12689,17360,5659,343,ITI,ITI4,12,Lazio,Lazio,5879082,3156452,53.69,0.4
317,2021-03-06,LAZ,18392,7095,11297,13900,4273,219,ITI,ITI4,12,Lazio,Lazio,5879082,3174844,54.0,0.31
318,2021-01-31,LAZ,4464,1857,2607,479,3985,0,ITI,ITI4,12,Lazio,Lazio,5879082,3179308,54.08,0.08
319,2021-05-11,LAZ,48372,22215,26157,31197,16579,596,ITI,ITI4,12,Lazio,Lazio,5879082,3227680,54.9,0.82
320,2021-07-16,LAZ,43910,20957,22953,2911,40824,175,ITI,ITI4,12,Lazio,Lazio,5879082,3271590,55.65,0.75
321,2021-04-24,LAZ,33560,15146,18414,20184,12884,492,ITI,ITI4,12,Lazio,Lazio,5879082,3305150,56.22,0.57
322,2021-08-02,LAZ,29882,15563,14319,4847,24887,148,ITI,ITI4,12,Lazio,Lazio,5879082,3335032,56.73,0.51
323,2021-05-30,LAZ,41267,17652,23615,33226,7371,670,ITI,ITI4,12,Lazio,Lazio,5879082,3376299,57.43,0.7
324,2021-05-13,LAZ,50248,22581,27667,31721,17854,673,ITI,ITI4,12,Lazio,Lazio,5879082,3426547,58.28,0.85
325,2021-08-04,LAZ,43948,21908,22040,18552,24874,522,ITI,ITI4,12,Lazio,Lazio,5879082,3470495,59.03,0.75
326,2021-04-15,LAZ,32027,14347,17680,20703,10876,448,ITI,ITI4,12,Lazio,Lazio,5879082,3502522,59.58,0.54
327,2021-02-10,LAZ,8208,3414,4794,4847,3356,5,ITI,ITI4,12,Lazio,Lazio,5879082,3510730,59.72,0.14
328,2021-05-21,LAZ,52076,25049,27027,37290,14092,694,ITI,ITI4,12,Lazio,Lazio,5879082,3562806,60.6,0.89
329,2021-06-04,LAZ,61993,30242,31751,43525,17837,631,ITI,ITI4,12,Lazio,Lazio,5879082,3624799,61.66,1.05
330,2021-05-04,LAZ,40270,18527,21743,26116,13686,468,ITI,ITI4,12,Lazio,Lazio,5879082,3665069,62.34,0.68
331,2021-08-12,LAZ,46918,24269,22649,20212,25771,935,ITI,ITI4,12,Lazio,Lazio,5879082,3711987,63.14,0.8
332,2021-02-24,LAZ,12058,5213,6845,10937,997,124,ITI,ITI4,12,Lazio,Lazio,5879082,3724045,63.34,0.21
333,2021-03-25,LAZ,29518,13712,15806,22372,6676,470,ITI,ITI4,12,Lazio,Lazio,5879082,3753563,63.85,0.5
334,2021-01-27,LAZ,6123,2390,3733,1005,5118,0,ITI,ITI4,12,Lazio,Lazio,5879082,3759686,63.95,0.1
335,2021-06-01,LAZ,49138,23716,25422,30086,18582,470,ITI,ITI4,12,Lazio,Lazio,5879082,3808824,64.79,0.84
336,2021-04-05,LAZ,19982,9152,10830,13615,6214,153,ITI,ITI4,12,Lazio,Lazio,5879082,3828806,65.13,0.34
337,2021-07-28,LAZ,57592,29139,28453,8053,49201,338,ITI,ITI4,12,Lazio,Lazio,5879082,3886398,66.11,0.98
338,2021-05-25,LAZ,47595,22339,25256,35301,11703,591,ITI,ITI4,12,Lazio,Lazio,5879082,3933993,66.92,0.81
339,2021-06-28,LAZ,58953,28184,30769,27515,30998,440,ITI,ITI4,12,Lazio,Lazio,5879082,3992946,67.92,1.0
340,2021-02-12,LAZ,6856,2856,4000,6355,421,80,ITI,ITI4,12,Lazio,Lazio,5879082,3999802,68.03,0.12
341,2020-12-31,LAZ,5371,2150,3221,5311,0,60,ITI,ITI4,12,Lazio,Lazio,5879082,4005173,68.13,0.09
342,2021-04-10,LAZ,23945,10417,13528,16497,7198,250,ITI,ITI4,12,Lazio,Lazio,5879082,4029118,68.53,0.41
343,2021-02-05,LAZ,7333,2996,4337,1218,6112,3,ITI,ITI4,12,Lazio,Lazio,5879082,4036451,68.66,0.12
344,2021-04-03,LAZ,24848,11218,13630,17895,6734,219,ITI,ITI4,12,Lazio,Lazio,5879082,4061299,69.08,0.42
345,2021-03-13,LAZ,21848,8752,13096,15697,5915,236,ITI,ITI4,12,Lazio,Lazio,5879082,4083147,69.45,0.37
346,2021-02-08,LAZ,9748,4159,5589,4507,5239,2,ITI,ITI4,12,Lazio,Lazio,5879082,4092895,69.62,0.17
347,2021-05-02,LAZ,32921,14455,18466,23001,9457,463,ITI,ITI4,12,Lazio,Lazio,5879082,4125816,70.18,0.56
348,2021-06-29,LAZ,59477,28268,31209,27729,31169,579,ITI,ITI4,12,Lazio,Lazio,5879082,4185293,71.19,1.01
349,2021-01-14,LAZ,5594,2177,3417,5420,0,174,ITI,ITI4,12,Lazio,Lazio,5879082,4190887,71.28,0.1
350,2021-04-07,LAZ,26031,12182,13849,18367,7323,341,ITI,ITI4,12,Lazio,Lazio,5879082,4216918,71.73,0.44
351,2020-12-28,LAZ,960,413,547,955,0,5,ITI,ITI4,12,Lazio,Lazio,5879082,4217878,71.74,0.02
352,2021-01-16,LAZ,5768,2334,3434,5620,0,148,ITI,ITI4,12,Lazio,Lazio,5879082,4223646,71.84,0.1
353,2021-04-26,LAZ,29330,13499,15831,19614,9285,431,ITI,ITI4,12,Lazio,Lazio,5879082,4252976,72.34,0.5
354,2021-02-02,LAZ,5918,2219,3699,639,5276,3,ITI,ITI4,12,Lazio,Lazio,5879082,4258894,72.44,0.1
355,2021-07-18,LAZ,58351,29708,28643,22796,34764,791,ITI,ITI4,12,Lazio,Lazio,5879082,4317245,73.43,0.99
356,2021-01-12,LAZ,5513,2022,3491,5370,0,143,ITI,ITI4,12,Lazio,Lazio,5879082,4322758,73.53,0.09
357,2021-06-18,LAZ,64366,31009,33357,30307,33320,739,ITI,ITI4,12,Lazio,Lazio,5879082,4387124,74.62,1.09
358,2021-03-17,LAZ,13875,5948,7927,7475,6289,111,ITI,ITI4,12,Lazio,Lazio,5879082,4400999,74.86,0.24
359,2021-06-25,LAZ,63323,30573,32750,28094,34645,584,ITI,ITI4,12,Lazio,Lazio,5879082,4464322,75.94,1.08
360,2021-06-02,LAZ,43513,21595,21918,31436,11529,548,ITI,ITI4,12,Lazio,Lazio,5879082,4507835,76.68,0.74
361,2021-06-11,LAZ,69754,32822,36932,36683,32434,637,ITI,ITI4,12,Lazio,Lazio,5879082,4577589,77.86,1.19
362,2021-08-07,LAZ,33415,17917,15498,20991,11360,1064,ITI,ITI4,12,Lazio,Lazio,5879082,4611004,78.43,0.57
363,2021-05-06,LAZ,48863,22771,26092,30615,17592,656,ITI,ITI4,12,Lazio,Lazio,5879082,4659867,79.26,0.83
364,2021-06-27,LAZ,47253,21611,25642,20593,26181,479,ITI,ITI4,12,Lazio,Lazio,5879082,4707120,80.07,0.8
365,2021-02-04,LAZ,6444,2567,3877,1123,5320,1,ITI,ITI4,12,Lazio,Lazio,5879082,4713564,80.18,0.11
366,2021-05-22,LAZ,55192,27039,28153,43644,10700,848,ITI,ITI4,12,Lazio,Lazio,5879082,4768756,81.11,0.94
367,2021-05-15,LAZ,57470,27454,30016,40109,16565,796,ITI,ITI4,12,Lazio,Lazio,5879082,4826226,82.09,0.98
368,2021-03-19,LAZ,17505,7596,9909,11003,6350,152,ITI,ITI4,12,Lazio,Lazio,5879082,4843731,82.39,0.3
369,2021-07-07,LAZ,62628,31022,31606,28383,33659,586,ITI,ITI4,12,Lazio,Lazio,5879082,4906359,83.45,1.07
370,2021-03-29,LAZ,25577,12148,13429,18189,7083,305,ITI,ITI4,12,Lazio,Lazio,5879082,4931936,83.89,0.44
371,2021-03-15,LAZ,21026,9873,11153,14003,6769,254,ITI,ITI4,12,Lazio,Lazio,5879082,4952962,84.25,0.36
372,2021-01-05,LAZ,7453,2831,4622,7350,0,103,ITI,ITI4,12,Lazio,Lazio,5879082,4960415,84.37,0.13
373,2021-01-22,LAZ,4012,1639,2373,496,3516,0,ITI,ITI4,12,Lazio,Lazio,5879082,4964427,84.44,0.07
374,2021-02-27,LAZ,11531,4335,7196,10349,1044,138,ITI,ITI4,12,Lazio,Lazio,5879082,4975958,84.64,0.2
375,2021-05-20,LAZ,51841,25019,26822,37152,13963,726,ITI,ITI4,12,Lazio,Lazio,5879082,5027799,85.52,0.88
376,2021-06-20,LAZ,55317,25439,29878,29611,24947,759,ITI,ITI4,12,Lazio,Lazio,5879082,5083116,86.46,0.94
377,2021-02-19,LAZ,10057,5083,4974,9072,838,147,ITI,ITI4,12,Lazio,Lazio,5879082,5093173,86.63,0.17
378,2021-06-17,LAZ,66994,32234,34760,31806,34471,717,ITI,ITI4,12,Lazio,Lazio,5879082,5160167,87.77,1.14
379,2021-04-21,LAZ,33154,15069,18085,20313,12480,361,ITI,ITI4,12,Lazio,Lazio,5879082,5193321,88.34,0.56
380,2021-07-30,LAZ,55635,28784,26851,7257,48039,339,ITI,ITI4,12,Lazio,Lazio,5879082,5248956,89.28,0.95
381,2021-06-03,LAZ,56808,28700,28108,38260,17841,707,ITI,ITI4,12,Lazio,Lazio,5879082,5305764,90.25,0.97
382,2021-08-06,LAZ,31200,16150,15050,20725,9499,976,ITI,ITI4,12,Lazio,Lazio,5879082,5336964,90.78,0.53
383,2021-06-10,LAZ,72136,34093,38043,37289,34021,826,ITI,ITI4,12,Lazio,Lazio,5879082,5409100,92.01,1.23
384,2021-04-14,LAZ,29396,13327,16069,18883,10194,319,ITI,ITI4,12,Lazio,Lazio,5879082,5438496,92.51,0.5
385,2021-01-17,LAZ,4954,2047,2907,4678,212,64,ITI,ITI4,12,Lazio,Lazio,5879082,5443450,92.59,0.08
386,2021-01-19,LAZ,4781,1964,2817,4324,454,3,ITI,ITI4,12,Lazio,Lazio,5879082,5448231,92.67,0.08
387,2021-04-29,LAZ,38838,17342,21496,24876,13356,606,ITI,ITI4,12,Lazio,Lazio,5879082,5487069,93.33,0.66
388,2021-03-03,LAZ,17898,7886,10012,13351,4311,236,ITI,ITI4,12,Lazio,Lazio,5879082,5504967,93.64,0.3
389,2021-04-12,LAZ,23936,10793,13143,16689,6963,284,ITI,ITI4,12,Lazio,Lazio,5879082,5528903,94.04,0.41
390,2021-07-21,LAZ,62778,31702,31076,28652,32773,1353,ITI,ITI4,12,Lazio,Lazio,5879082,5591681,95.11,1.07
391,2021-06-08,LAZ,66790,31880,34910,36159,29991,640,ITI,ITI4,12,Lazio,Lazio,5879082,5658471,96.25,1.14
392,2021-07-14,LAZ,42156,20544,21612,6203,35595,358,ITI,ITI4,12,Lazio,Lazio,5879082,5700627,96.96,0.72
393,2021-01-09,LAZ,6416,2609,3807,6303,0,113,ITI,ITI4,12,Lazio,Lazio,5879082,5707043,97.07,0.11
394,2021-04-19,LAZ,30154,13711,16443,19008,10725,421,ITI,ITI4,12,Lazio,Lazio,5879082,5737197,97.59,0.51
395,2021-02-21,LAZ,6996,3184,3812,6486,465,45,ITI,ITI4,12,Lazio,Lazio,5879082,5744193,97.71,0.12
396,2021-07-23,LAZ,58343,29254,29089,26760,29830,1753,ITI,ITI4,12,Lazio,Lazio,5879082,5802536,98.7,0.99
397,2021-06-06,LAZ,58229,28065,30164,35119,22523,587,ITI,ITI4,12,Lazio,Lazio,5879082,5860765,99.69,0.99
398,2021-02-26,LAZ,13132,5738,7394,11551,1404,177,ITI,ITI4,12,Lazio,Lazio,5879082,5873897,99.91,0.22
399,2021-07-09,LAZ,64938,31343,33595,27595,36601,742,ITI,ITI4,12,Lazio,Lazio,5879082,5938835,101.02,1.1
400,2021-05-01,LAZ,38262,17206,21056,25752,12074,436,ITI,ITI4,12,Lazio,Lazio,5879082,5977097,101.67,0.65
401,2021-04-17,LAZ,32479,14247,18232,20019,12061,399,ITI,ITI4,12,Lazio,Lazio,5879082,6009576,102.22,0.55
402,2021-07-26,LAZ,50805,25038,25767,6650,43849,306,ITI,ITI4,12,Lazio,Lazio,5879082,6060381,103.08,0.86
403,2021-02-14,LAZ,5782,2373,3409,5277,475,30,ITI,ITI4,12,Lazio,Lazio,5879082,6066163,103.18,0.1
404,2021-02-28,LAZ,10284,4038,6246,9648,539,97,ITI,ITI4,12,Lazio,Lazio,5879082,6076447,103.36,0.17
405,2021-01-02,LAZ,6837,2680,4157,6757,0,80,ITI,ITI4,12,Lazio,Lazio,5879082,6083284,103.47,0.12
406,2021-01-24,LAZ,5702,2230,3472,618,5084,0,ITI,ITI4,12,Lazio,Lazio,5879082,6088986,103.57,0.1
407,2021-02-07,LAZ,4969,2046,2923,410,4558,1,ITI,ITI4,12,Lazio,Lazio,5879082,6093955,103.65,0.08
408,2021-05-18,LAZ,45071,20619,24452,34940,9580,551,ITI,ITI4,12,Lazio,Lazio,5879082,6139026,104.42,0.77
409,2021-08-11,LAZ,47909,25051,22858,19738,27336,835,ITI,ITI4,12,Lazio,Lazio,5879082,6186935,105.24,0.81
410,2021-05-03,LAZ,39619,17888,21731,26273,12767,579,ITI,ITI4,12,Lazio,Lazio,5879082,6226554,105.91,0.67
411,2021-07-25,LAZ,24594,12084,12510,2048,22496,50,ITI,ITI4,12,Lazio,Lazio,5879082,6251148,106.33,0.42
412,2021-03-12,LAZ,24100,11141,12959,17392,6356,352,ITI,ITI4,12,Lazio,Lazio,5879082,6275248,106.74,0.41
413,2021-08-13,LAZ,32932,17066,15866,15538,16601,793,ITI,ITI4,12,Lazio,Lazio,5879082,6308180,107.3,0.56
414,2021-02-09,LAZ,8820,3782,5038,4578,4236,6,ITI,ITI4,12,Lazio,Lazio,5879082,6317000,107.45,0.15
415,2021-02-23,LAZ,11101,4789,6312,10204,769,128,ITI,ITI4,12,Lazio,Lazio,5879082,6328101,107.64,0.19
416,2021-08-09,LAZ,51907,26289,25618,21490,29389,1028,ITI,ITI4,12,Lazio,Lazio,5879082,6380008,108.52,0.88
417,2021-01-26,LAZ,7975,3130,4845,731,7244,0,ITI,ITI4,12,Lazio,Lazio,5879082,6387983,108.66,0.14
418,2021-04-02,LAZ,29538,14163,15375,21760,7393,385,ITI,ITI4,12,Lazio,Lazio,5879082,6417521,109.16,0.5
419,2021-07-11,LAZ,44120,22238,21882,3764,40208,148,ITI,ITI4,12,Lazio,Lazio,5879082,6461641,109.91,0.75
420,2021-01-28,LAZ,8286,3169,5117,786,7499,1,ITI,ITI4,12,Lazio,Lazio,5879082,6469927,110.05,0.14
421,2021-07-04,LAZ,46583,21686,24897,4118,42381,84,ITI,ITI4,12,Lazio,Lazio,5879082,6516510,110.84,0.79
422,2021-05-08,LAZ,45499,20771,24728,29402,15447,650,ITI,ITI4,12,Lazio,Lazio,5879082,6562009,111.62,0.77
423,2021-07-13,LAZ,42699,20931,21768,5502,36859,338,ITI,ITI4,12,Lazio,Lazio,5879082,6604708,112.34,0.73
424,2021-03-26,LAZ,30355,14060,16295,23010,6898,447,ITI,ITI4,12,Lazio,Lazio,5879082,6635063,112.86,0.52
425,2021-07-06,LAZ,62572,30363,32209,28565,33518,489,ITI,ITI4,12,Lazio,Lazio,5879082,6697635,113.92,1.06
426,2021-06-22,LAZ,62825,29063,33762,28600,33516,709,ITI,ITI4,12,Lazio,Lazio,5879082,6760460,114.99,1.07
427,2021-03-14,LAZ,17296,6778,10518,11855,5180,261,ITI,ITI4,12,Lazio,Lazio,5879082,6777756,115.29,0.29
428,2021-01-21,LAZ,5607,2350,3257,552,5055,0,ITI,ITI4,12,Lazio,Lazio,5879082,6783363,115.38,0.1
429,2021-03-31,LAZ,27876,13478,14398,20393,7145,338,ITI,ITI4,12,Lazio,Lazio,5879082,6811239,115.86,0.47
430,2021-01-07,LAZ,7933,2975,4958,7776,0,157,ITI,ITI4,12,Lazio,Lazio,5879082,6819172,115.99,0.13
431,2021-04-06,LAZ,24640,11279,13361,17148,7173,319,ITI,ITI4,12,Lazio,Lazio,5879082,6843812,116.41,0.42
432,2020-12-27,LAZ,274,132,142,274,0,0,ITI,ITI4,12,Lazio,Lazio,5879082,6844086,116.41,0.0
433,2021-03-20,LAZ,19275,7673,11602,13090,5923,262,ITI,ITI4,12,Lazio,Lazio,5879082,6863361,116.74,0.33
434,2021-07-17,LAZ,43865,22126,21739,2172,41589,104,ITI,ITI4,12,Lazio,Lazio,5879082,6907226,117.49,0.75
435,2021-06-30,LAZ,62988,29639,33349,29750,32696,542,ITI,ITI4,12,Lazio,Lazio,5879082,6970214,118.56,1.07
436,2021-04-08,LAZ,26863,12320,14543,18814,7701,348,ITI,ITI4,12,Lazio,Lazio,5879082,6997077,119.02,0.46
437,2021-07-02,LAZ,48512,23249,25263,6621,41711,180,ITI,ITI4,12,Lazio,Lazio,5879082,7045589,119.84,0.83
438,2021-03-22,LAZ,23412,10561,12851,16352,6731,329,ITI,ITI4,12,Lazio,Lazio,5879082,7069001,120.24,0.4
439,2020-12-29,LAZ,496,182,314,492,0,4,ITI,ITI4,12,Lazio,Lazio,5879082,7069497,120.25,0.01
440,2021-06-13,LAZ,58441,26223,32218,33083,24857,501,ITI,ITI4,12,Lazio,Lazio,5879082,7127938,121.24,0.99
441,2021-03-07,LAZ,14161,5479,8682,10348,3603,210,ITI,ITI4,12,Lazio,Lazio,5879082,7142099,121.48,0.24
442,2021-06-15,LAZ,66156,31972,34184,33369,32226,561,ITI,ITI4,12,Lazio,Lazio,5879082,7208255,122.61,1.13
443,2021-03-24,LAZ,27985,13147,14838,21319,6274,392,ITI,ITI4,12,Lazio,Lazio,5879082,7236240,123.08,0.48
444,2021-05-29,LAZ,52088,23431,28657,40177,11044,867,ITI,ITI4,12,Lazio,Lazio,5879082,7288328,123.97,0.89
445,2021-08-01,LAZ,31933,16861,15072,5055,26620,258,ITI,ITI4,12,Lazio,Lazio,5879082,7320261,124.51,0.54
446,2021-05-10,LAZ,44502,20350,24152,30603,13443,456,ITI,ITI4,12,Lazio,Lazio,5879082,7364763,125.27,0.76
447,2021-05-27,LAZ,58493,27209,31284,43909,13793,791,ITI,ITI4,12,Lazio,Lazio,5879082,7423256,126.27,0.99
448,2021-03-05,LAZ,19602,8686,10916,14623,4751,228,ITI,ITI4,12,Lazio,Lazio,5879082,7442858,126.6,0.33
449,2021-02-16,LAZ,8359,4034,4325,7704,612,43,ITI,ITI4,12,Lazio,Lazio,5879082,7451217,126.74,0.14
450,2021-05-19,PIE,33110,15282,17828,21395,11131,584,ITC,ITC1,1,Piemonte,Piemonte,4356406,33110,0.76,0.76
451,2021-03-14,PIE,8204,3337,4867,5171,2897,136,ITC,ITC1,1,Piemonte,Piemonte,4356406,41314,0.95,0.19
452,2021-05-10,PIE,29019,14003,15016,15276,13130,613,ITC,ITC1,1,Piemonte,Piemonte,4356406,70333,1.61,0.67
453,2021-01-30,PIE,5989,2142,3847,216,5772,1,ITC,ITC1,1,Piemonte,Piemonte,4356406,76322,1.75,0.14
454,2021-06-24,PIE,39200,19679,19521,18295,20316,589,ITC,ITC1,1,Piemonte,Piemonte,4356406,115522,2.65,0.9
455,2021-03-16,PIE,10517,4271,6246,4367,6057,93,ITC,ITC1,1,Piemonte,Piemonte,4356406,126039,2.89,0.24
456,2021-05-12,PIE,31903,15193,16710,18361,12921,621,ITC,ITC1,1,Piemonte,Piemonte,4356406,157942,3.63,0.73
457,2021-07-06,PIE,38281,19388,18893,8644,29101,536,ITC,ITC1,1,Piemonte,Piemonte,4356406,196223,4.5,0.88
458,2021-03-28,PIE,16062,6897,9165,8115,7619,328,ITC,ITC1,1,Piemonte,Piemonte,4356406,212285,4.87,0.37
459,2021-07-20,PIE,39016,20517,18499,5724,32724,568,ITC,ITC1,1,Piemonte,Piemonte,4356406,251301,5.77,0.9
460,2021-04-11,PIE,20831,9321,11510,18221,2150,460,ITC,ITC1,1,Piemonte,Piemonte,4356406,272132,6.25,0.48
461,2021-01-04,PIE,5564,1679,3885,5563,0,1,ITC,ITC1,1,Piemonte,Piemonte,4356406,277696,6.37,0.13
462,2021-04-28,PIE,26051,11742,14309,15462,10050,539,ITC,ITC1,1,Piemonte,Piemonte,4356406,303747,6.97,0.6
463,2021-01-18,PIE,6168,2046,4122,5914,250,4,ITC,ITC1,1,Piemonte,Piemonte,4356406,309915,7.11,0.14
464,2021-07-15,PIE,42522,21986,20536,4072,37993,457,ITC,ITC1,1,Piemonte,Piemonte,4356406,352437,8.09,0.98
465,2021-08-01,PIE,27083,14344,12739,8403,18261,419,ITC,ITC1,1,Piemonte,Piemonte,4356406,379520,8.71,0.62
466,2021-04-23,PIE,27435,12602,14833,19980,6765,690,ITC,ITC1,1,Piemonte,Piemonte,4356406,406955,9.34,0.63
467,2021-06-07,PIE,34908,17868,17040,29495,4801,612,ITC,ITC1,1,Piemonte,Piemonte,4356406,441863,10.14,0.8
468,2021-08-03,PIE,30069,15738,14331,9292,20352,425,ITC,ITC1,1,Piemonte,Piemonte,4356406,471932,10.83,0.69
469,2021-05-24,PIE,28987,13421,15566,16634,11971,382,ITC,ITC1,1,Piemonte,Piemonte,4356406,500919,11.5,0.67
470,2021-03-02,PIE,11318,4612,6706,10316,813,189,ITC,ITC1,1,Piemonte,Piemonte,4356406,512237,11.76,0.26
471,2021-06-19,PIE,40068,20323,19745,22861,16663,544,ITC,ITC1,1,Piemonte,Piemonte,4356406,552305,12.68,0.92
472,2021-02-04,PIE,10212,3344,6868,581,9629,2,ITC,ITC1,1,Piemonte,Piemonte,4356406,562517,12.91,0.23
473,2021-03-23,PIE,13198,5567,7631,6638,6244,316,ITC,ITC1,1,Piemonte,Piemonte,4356406,575715,13.22,0.3
474,2021-01-16,PIE,7761,2623,5138,7754,0,7,ITC,ITC1,1,Piemonte,Piemonte,4356406,583476,13.39,0.18
475,2021-07-08,PIE,40955,20948,20007,7433,32960,562,ITC,ITC1,1,Piemonte,Piemonte,4356406,624431,14.33,0.94
476,2021-02-11,PIE,6762,2105,4657,2983,3760,19,ITC,ITC1,1,Piemonte,Piemonte,4356406,631193,14.49,0.16
477,2021-04-09,PIE,25876,11392,14484,20802,4503,571,ITC,ITC1,1,Piemonte,Piemonte,4356406,657069,15.08,0.59
478,2020-12-30,PIE,733,322,411,733,0,0,ITC,ITC1,1,Piemonte,Piemonte,4356406,657802,15.1,0.02
479,2021-06-05,PIE,36948,18925,18023,31862,4456,630,ITC,ITC1,1,Piemonte,Piemonte,4356406,694750,15.95,0.85
480,2021-02-25,PIE,12251,5285,6966,11524,544,183,ITC,ITC1,1,Piemonte,Piemonte,4356406,707001,16.23,0.28
481,2021-05-17,PIE,30959,14624,16335,17366,13188,405,ITC,ITC1,1,Piemonte,Piemonte,4356406,737960,16.94,0.71
482,2021-02-06,PIE,7994,2664,5330,396,7596,2,ITC,ITC1,1,Piemonte,Piemonte,4356406,745954,17.12,0.18
483,2021-02-23,PIE,9239,3718,5521,8481,584,174,ITC,ITC1,1,Piemonte,Piemonte,4356406,755193,17.34,0.21
484,2021-05-31,PIE,29121,14065,15056,20132,8581,408,ITC,ITC1,1,Piemonte,Piemonte,4356406,784314,18.0,0.67
485,2021-06-17,PIE,41108,20638,20470,24159,16337,612,ITC,ITC1,1,Piemonte,Piemonte,4356406,825422,18.95,0.94
486,2021-03-09,PIE,14307,5729,8578,11734,2344,229,ITC,ITC1,1,Piemonte,Piemonte,4356406,839729,19.28,0.33
487,2021-02-08,PIE,6918,2354,4564,661,6253,4,ITC,ITC1,1,Piemonte,Piemonte,4356406,846647,19.43,0.16
488,2021-06-26,PIE,41174,20953,20221,21924,18552,698,ITC,ITC1,1,Piemonte,Piemonte,4356406,887821,20.38,0.95
489,2021-07-13,PIE,38846,20044,18802,3653,34860,333,ITC,ITC1,1,Piemonte,Piemonte,4356406,926667,21.27,0.89
490,2021-04-04,PIE,9252,4057,5195,6391,2710,151,ITC,ITC1,1,Piemonte,Piemonte,4356406,935919,21.48,0.21
491,2021-04-21,PIE,25751,11836,13915,19736,5354,661,ITC,ITC1,1,Piemonte,Piemonte,4356406,961670,22.07,0.59
492,2021-01-11,PIE,8742,2979,5763,8736,0,6,ITC,ITC1,1,Piemonte,Piemonte,4356406,970412,22.28,0.2
493,2021-06-28,PIE,38411,19076,19335,15107,22727,577,ITC,ITC1,1,Piemonte,Piemonte,4356406,1008823,23.16,0.88
494,2020-12-28,PIE,1,1,0,1,0,0,ITC,ITC1,1,Piemonte,Piemonte,4356406,1008824,23.16,0.0
495,2021-07-27,PIE,33717,17616,16101,8212,24949,556,ITC,ITC1,1,Piemonte,Piemonte,4356406,1042541,23.93,0.77
496,2021-05-02,PIE,25140,11287,13853,14003,10745,392,ITC,ITC1,1,Piemonte,Piemonte,4356406,1067681,24.51,0.58
497,2021-04-02,PIE,20153,8322,11831,11329,8429,395,ITC,ITC1,1,Piemonte,Piemonte,4356406,1087834,24.97,0.46
498,2021-05-29,PIE,32809,15233,17576,20275,12175,359,ITC,ITC1,1,Piemonte,Piemonte,4356406,1120643,25.72,0.75
499,2021-02-18,PIE,4794,2098,2696,4279,429,86,ITC,ITC1,1,Piemonte,Piemonte,4356406,1125437,25.83,0.11
500,2021-07-25,PIE,28625,15193,13432,6566,21564,495,ITC,ITC1,1,Piemonte,Piemonte,4356406,1154062,26.49,0.66
501,2021-04-16,PIE,28411,13210,15201,22659,4996,756,ITC,ITC1,1,Piemonte,Piemonte,4356406,1182473,27.14,0.65
502,2021-08-08,PIE,20202,10802,9400,8992,10904,306,ITC,ITC1,1,Piemonte,Piemonte,4356406,1202675,27.61,0.46
503,2021-04-30,PIE,31941,14370,17571,17929,13334,678,ITC,ITC1,1,Piemonte,Piemonte,4356406,1234616,28.34,0.73
504,2021-06-02,PIE,26715,13071,13644,21629,4645,441,ITC,ITC1,1,Piemonte,Piemonte,4356406,1261331,28.95,0.61
505,2021-02-22,PIE,8481,3470,5011,7789,589,103,ITC,ITC1,1,Piemonte,Piemonte,4356406,1269812,29.15,0.19
506,2021-06-12,PIE,42605,22462,20143,39200,2627,778,ITC,ITC1,1,Piemonte,Piemonte,4356406,1312417,30.13,0.98
507,2021-07-12,PIE,39173,20207,18966,4548,34158,467,ITC,ITC1,1,Piemonte,Piemonte,4356406,1351590,31.03,0.9
508,2021-07-29,PIE,36527,18985,17542,9307,26573,647,ITC,ITC1,1,Piemonte,Piemonte,4356406,1388117,31.86,0.84
509,2021-04-20,PIE,25491,11673,13818,18524,6347,620,ITC,ITC1,1,Piemonte,Piemonte,4356406,1413608,32.45,0.59
510,2021-01-23,PIE,4257,1326,2931,878,3377,2,ITC,ITC1,1,Piemonte,Piemonte,4356406,1417865,32.55,0.1
511,2021-03-21,PIE,10726,4740,5986,4022,6534,170,ITC,ITC1,1,Piemonte,Piemonte,4356406,1428591,32.79,0.25
512,2021-08-13,PIE,17714,9475,8239,10438,6699,577,ITC,ITC1,1,Piemonte,Piemonte,4356406,1446305,33.2,0.41
513,2021-05-05,PIE,34648,16228,18420,20310,13659,679,ITC,ITC1,1,Piemonte,Piemonte,4356406,1480953,33.99,0.8
514,2021-07-01,PIE,41894,20973,20921,19770,21126,998,ITC,ITC1,1,Piemonte,Piemonte,4356406,1522847,34.96,0.96
515,2021-01-01,PIE,1039,396,643,1038,0,1,ITC,ITC1,1,Piemonte,Piemonte,4356406,1523886,34.98,0.02
516,2021-07-05,PIE,35576,17797,17779,11686,23218,672,ITC,ITC1,1,Piemonte,Piemonte,4356406,1559462,35.8,0.82
517,2021-05-21,PIE,36183,16803,19380,20027,15641,515,ITC,ITC1,1,Piemonte,Piemonte,4356406,1595645,36.63,0.83
518,2021-07-17,PIE,41952,22089,19863,4931,36533,488,ITC,ITC1,1,Piemonte,Piemonte,4356406,1637597,37.59,0.96
519,2021-02-01,PIE,8658,3053,5605,575,8082,1,ITC,ITC1,1,Piemonte,Piemonte,4356406,1646255,37.79,0.2
520,2021-04-06,PIE,20701,9020,11681,15051,5200,450,ITC,ITC1,1,Piemonte,Piemonte,4356406,1666956,38.26,0.48
521,2020-12-27,PIE,913,369,544,913,0,0,ITC,ITC1,1,Piemonte,Piemonte,4356406,1667869,38.29,0.02
522,2021-02-27,PIE,12678,4847,7831,12112,336,230,ITC,ITC1,1,Piemonte,Piemonte,4356406,1680547,38.58,0.29
523,2021-04-25,PIE,20232,9307,10925,17280,2501,451,ITC,ITC1,1,Piemonte,Piemonte,4356406,1700779,39.04,0.46
524,2021-01-15,PIE,9107,3007,6100,9101,0,6,ITC,ITC1,1,Piemonte,Piemonte,4356406,1709886,39.25,0.21
525,2021-06-21,PIE,38442,19220,19222,17121,20765,556,ITC,ITC1,1,Piemonte,Piemonte,4356406,1748328,40.13,0.88
526,2021-03-13,PIE,13024,4715,8309,11326,1429,269,ITC,ITC1,1,Piemonte,Piemonte,4356406,1761352,40.43,0.3
527,2021-01-13,PIE,10078,3226,6852,10069,0,9,ITC,ITC1,1,Piemonte,Piemonte,4356406,1771430,40.66,0.23
528,2021-06-16,PIE,40388,20243,20145,23513,16258,617,ITC,ITC1,1,Piemonte,Piemonte,4356406,1811818,41.59,0.93
529,2021-08-12,PIE,21858,11736,10122,13396,7777,685,ITC,ITC1,1,Piemonte,Piemonte,4356406,1833676,42.09,0.5
530,2021-01-06,PIE,3107,1103,2004,3106,0,1,ITC,ITC1,1,Piemonte,Piemonte,4356406,1836783,42.16,0.07
531,2021-07-03,PIE,40055,20112,19943,15304,24031,720,ITC,ITC1,1,Piemonte,Piemonte,4356406,1876838,43.08,0.92
532,2021-03-30,PIE,16986,7114,9872,8727,7871,388,ITC,ITC1,1,Piemonte,Piemonte,4356406,1893824,43.47,0.39
533,2021-05-14,PIE,33429,16285,17144,17337,15431,661,ITC,ITC1,1,Piemonte,Piemonte,4356406,1927253,44.24,0.77
534,2021-06-09,PIE,38603,20351,18252,35113,2718,772,ITC,ITC1,1,Piemonte,Piemonte,4356406,1965856,45.13,0.89
535,2021-03-18,PIE,11763,4806,6957,3836,7735,192,ITC,ITC1,1,Piemonte,Piemonte,4356406,1977619,45.4,0.27
536,2021-03-03,PIE,12358,4858,7500,11348,819,191,ITC,ITC1,1,Piemonte,Piemonte,4356406,1989977,45.68,0.28
537,2021-03-20,PIE,11920,4897,7023,5774,5899,247,ITC,ITC1,1,Piemonte,Piemonte,4356406,2001897,45.95,0.27
538,2021-05-06,PIE,33410,15780,17630,19278,13540,592,ITC,ITC1,1,Piemonte,Piemonte,4356406,2035307,46.72,0.77
539,2021-05-23,PIE,28772,13156,15616,15468,12992,312,ITC,ITC1,1,Piemonte,Piemonte,4356406,2064079,47.38,0.66
540,2021-02-12,PIE,6891,2216,4675,3909,2958,24,ITC,ITC1,1,Piemonte,Piemonte,4356406,2070970,47.54,0.16
541,2021-03-01,PIE,12157,4956,7201,11174,810,173,ITC,ITC1,1,Piemonte,Piemonte,4356406,2083127,47.82,0.28
542,2021-02-20,PIE,3835,1256,2579,3561,173,101,ITC,ITC1,1,Piemonte,Piemonte,4356406,2086962,47.91,0.09
543,2021-07-24,PIE,34798,18307,16491,7875,26333,590,ITC,ITC1,1,Piemonte,Piemonte,4356406,2121760,48.7,0.8
544,2021-08-07,PIE,29628,15860,13768,12624,16616,388,ITC,ITC1,1,Piemonte,Piemonte,4356406,2151388,49.38,0.68
545,2021-04-29,PIE,48497,21985,26512,34679,12639,1179,ITC,ITC1,1,Piemonte,Piemonte,4356406,2199885,50.5,1.11
546,2021-05-16,PIE,28194,12795,15399,14740,13083,371,ITC,ITC1,1,Piemonte,Piemonte,4356406,2228079,51.14,0.65
547,2021-02-05,PIE,9606,3137,6469,652,8952,2,ITC,ITC1,1,Piemonte,Piemonte,4356406,2237685,51.37,0.22
548,2021-04-18,PIE,22936,10799,12137,19618,2753,565,ITC,ITC1,1,Piemonte,Piemonte,4356406,2260621,51.89,0.53
549,2021-01-08,PIE,5529,1760,3769,5527,0,2,ITC,ITC1,1,Piemonte,Piemonte,4356406,2266150,52.02,0.13
550,2021-06-14,PIE,37979,19568,18411,30201,7093,685,ITC,ITC1,1,Piemonte,Piemonte,4356406,2304129,52.89,0.87
551,2021-03-06,PIE,14007,5223,8784,11040,2792,175,ITC,ITC1,1,Piemonte,Piemonte,4356406,2318136,53.21,0.32
552,2021-08-10,PIE,21764,11534,10230,12407,8802,555,ITC,ITC1,1,Piemonte,Piemonte,4356406,2339900,53.71,0.5
553,2021-01-22,PIE,3867,1251,2616,2524,1342,1,ITC,ITC1,1,Piemonte,Piemonte,4356406,2343767,53.8,0.09
554,2021-08-05,PIE,30226,16039,14187,11219,18515,492,ITC,ITC1,1,Piemonte,Piemonte,4356406,2373993,54.49,0.69
555,2021-06-23,PIE,39724,19730,19994,16390,22843,491,ITC,ITC1,1,Piemonte,Piemonte,4356406,2413717,55.41,0.91
556,2021-03-08,PIE,14280,5594,8686,11337,2708,235,ITC,ITC1,1,Piemonte,Piemonte,4356406,2427997,55.73,0.33
557,2021-05-04,PIE,31431,14525,16906,17291,13561,579,ITC,ITC1,1,Piemonte,Piemonte,4356406,2459428,56.46,0.72
558,2021-01-24,PIE,3157,961,2196,434,2721,2,ITC,ITC1,1,Piemonte,Piemonte,4356406,2462585,56.53,0.07
559,2021-06-30,PIE,41252,20174,21078,18440,21950,862,ITC,ITC1,1,Piemonte,Piemonte,4356406,2503837,57.47,0.95
560,2021-03-22,PIE,11531,4894,6637,3716,7602,213,ITC,ITC1,1,Piemonte,Piemonte,4356406,2515368,57.74,0.26
561,2021-03-11,PIE,14015,5306,8709,10670,3095,250,ITC,ITC1,1,Piemonte,Piemonte,4356406,2529383,58.06,0.32
562,2021-03-25,PIE,17132,7268,9864,8058,8634,440,ITC,ITC1,1,Piemonte,Piemonte,4356406,2546515,58.45,0.39
563,2021-07-22,PIE,41425,21799,19626,6974,33859,592,ITC,ITC1,1,Piemonte,Piemonte,4356406,2587940,59.41,0.95
564,2021-04-13,PIE,26677,11997,14680,22561,3461,655,ITC,ITC1,1,Piemonte,Piemonte,4356406,2614617,60.02,0.61
565,2021-01-20,PIE,6603,2084,4519,5882,714,7,ITC,ITC1,1,Piemonte,Piemonte,4356406,2621220,60.17,0.15
566,2021-05-25,PIE,31892,14782,17110,15611,15891,390,ITC,ITC1,1,Piemonte,Piemonte,4356406,2653112,60.9,0.73
567,2021-06-11,PIE,43562,23063,20499,39932,2831,799,ITC,ITC1,1,Piemonte,Piemonte,4356406,2696674,61.9,1.0
568,2021-04-19,PIE,22553,10764,11789,17646,4351,556,ITC,ITC1,1,Piemonte,Piemonte,4356406,2719227,62.42,0.52
569,2021-01-09,PIE,6185,2189,3996,6183,0,2,ITC,ITC1,1,Piemonte,Piemonte,4356406,2725412,62.56,0.14
570,2021-01-26,PIE,6339,1883,4456,732,5606,1,ITC,ITC1,1,Piemonte,Piemonte,4356406,2731751,62.71,0.15
571,2021-07-30,PIE,35636,18606,17030,9485,25719,432,ITC,ITC1,1,Piemonte,Piemonte,4356406,2767387,63.52,0.82
572,2021-05-08,PIE,34284,16265,18019,18130,15644,510,ITC,ITC1,1,Piemonte,Piemonte,4356406,2801671,64.31,0.79
573,2021-01-28,PIE,5596,1811,3785,380,5216,0,ITC,ITC1,1,Piemonte,Piemonte,4356406,2807267,64.44,0.13
574,2021-07-26,PIE,32699,17017,15682,8221,23844,634,ITC,ITC1,1,Piemonte,Piemonte,4356406,2839966,65.19,0.75
575,2021-04-17,PIE,30453,14149,16304,26446,3308,699,ITC,ITC1,1,Piemonte,Piemonte,4356406,2870419,65.89,0.7
576,2021-06-13,PIE,37988,20051,17937,33101,4130,757,ITC,ITC1,1,Piemonte,Piemonte,4356406,2908407,66.76,0.87
577,2021-02-10,PIE,7536,2372,5164,1299,6222,15,ITC,ITC1,1,Piemonte,Piemonte,4356406,2915943,66.93,0.17
578,2021-04-08,PIE,25308,11017,14291,20029,4722,557,ITC,ITC1,1,Piemonte,Piemonte,4356406,2941251,67.52,0.58
579,2021-07-19,PIE,39538,20583,18955,4454,34666,418,ITC,ITC1,1,Piemonte,Piemonte,4356406,2980789,68.42,0.91
580,2021-04-10,PIE,30154,13406,16748,25242,4265,647,ITC,ITC1,1,Piemonte,Piemonte,4356406,3010943,69.12,0.69
581,2021-07-10,PIE,41154,20853,20301,6706,33916,532,ITC,ITC1,1,Piemonte,Piemonte,4356406,3052097,70.06,0.94
582,2021-04-01,PIE,19409,8141,11268,10963,8126,320,ITC,ITC1,1,Piemonte,Piemonte,4356406,3071506,70.51,0.45
583,2021-05-28,PIE,35077,16617,18460,18660,16006,411,ITC,ITC1,1,Piemonte,Piemonte,4356406,3106583,71.31,0.81
584,2021-01-25,PIE,6214,1937,4277,973,5239,2,ITC,ITC1,1,Piemonte,Piemonte,4356406,3112797,71.45,0.14
585,2021-04-15,PIE,29555,13541,16014,23386,5499,670,ITC,ITC1,1,Piemonte,Piemonte,4356406,3142352,72.13,0.68
586,2021-01-05,PIE,5377,1603,3774,5372,0,5,ITC,ITC1,1,Piemonte,Piemonte,4356406,3147729,72.26,0.12
587,2021-06-22,PIE,40624,20093,20531,17773,22310,541,ITC,ITC1,1,Piemonte,Piemonte,4356406,3188353,73.19,0.93
588,2021-01-07,PIE,5377,1733,3644,5375,0,2,ITC,ITC1,1,Piemonte,Piemonte,4356406,3193730,73.31,0.12
589,2021-03-05,PIE,15629,6289,9340,11531,3824,274,ITC,ITC1,1,Piemonte,Piemonte,4356406,3209359,73.67,0.36
590,2021-07-28,PIE,34731,18049,16682,9112,25018,601,ITC,ITC1,1,Piemonte,Piemonte,4356406,3244090,74.47,0.8
591,2021-06-15,PIE,38934,20053,18881,26489,11777,668,ITC,ITC1,1,Piemonte,Piemonte,4356406,3283024,75.36,0.89
592,2021-03-07,PIE,11981,4664,7317,10858,877,246,ITC,ITC1,1,Piemonte,Piemonte,4356406,3295005,75.64,0.28
593,2020-12-31,PIE,3883,1323,2560,3883,0,0,ITC,ITC1,1,Piemonte,Piemonte,4356406,3298888,75.72,0.09
594,2021-06-18,PIE,40615,20308,20307,25740,14209,666,ITC,ITC1,1,Piemonte,Piemonte,4356406,3339503,76.66,0.93
595,2021-03-10,PIE,13931,5444,8487,11381,2291,259,ITC,ITC1,1,Piemonte,Piemonte,4356406,3353434,76.98,0.32
596,2021-03-27,PIE,18391,7825,10566,9127,8827,437,ITC,ITC1,1,Piemonte,Piemonte,4356406,3371825,77.4,0.42
597,2021-02-03,PIE,10206,3306,6900,607,9597,2,ITC,ITC1,1,Piemonte,Piemonte,4356406,3382031,77.63,0.23
598,2021-08-09,PIE,24601,12843,11758,11997,11960,644,ITC,ITC1,1,Piemonte,Piemonte,4356406,3406632,78.2,0.56
599,2021-05-18,PIE,32161,14848,17313,19048,12675,438,ITC,ITC1,1,Piemonte,Piemonte,4356406,3438793,78.94,0.74
600,2021-02-14,PIE,1480,500,980,870,603,7,ITC,ITC1,1,Piemonte,Piemonte,4356406,3440273,78.97,0.03
601,2021-04-27,PIE,22623,10224,12399,16824,5156,643,ITC,ITC1,1,Piemonte,Piemonte,4356406,3462896,79.49,0.52
602,2021-01-17,PIE,3515,1168,2347,2864,649,2,ITC,ITC1,1,Piemonte,Piemonte,4356406,3466411,79.57,0.08
603,2021-03-15,PIE,10685,4194,6491,4929,5601,155,ITC,ITC1,1,Piemonte,Piemonte,4356406,3477096,79.82,0.25
604,2021-05-11,PIE,32142,15500,16642,18277,13238,627,ITC,ITC1,1,Piemonte,Piemonte,4356406,3509238,80.55,0.74
605,2021-01-31,PIE,4120,1756,2364,112,4008,0,ITC,ITC1,1,Piemonte,Piemonte,4356406,3513358,80.65,0.09
606,2021-07-18,PIE,32869,17244,15625,3232,29310,327,ITC,ITC1,1,Piemonte,Piemonte,4356406,3546227,81.4,0.75
607,2021-02-07,PIE,3085,972,2113,441,2643,1,ITC,ITC1,1,Piemonte,Piemonte,4356406,3549312,81.47,0.07
608,2021-07-11,PIE,33163,16909,16254,4512,28336,315,ITC,ITC1,1,Piemonte,Piemonte,4356406,3582475,82.23,0.76
609,2021-05-30,PIE,27760,13206,14554,18018,9367,375,ITC,ITC1,1,Piemonte,Piemonte,4356406,3610235,82.87,0.64
610,2021-02-19,PIE,5535,2177,3358,4913,501,121,ITC,ITC1,1,Piemonte,Piemonte,4356406,3615770,83.0,0.13
611,2021-06-04,PIE,37563,19643,17920,34008,2955,600,ITC,ITC1,1,Piemonte,Piemonte,4356406,3653333,83.86,0.86
612,2021-02-24,PIE,11380,4604,6776,10730,503,147,ITC,ITC1,1,Piemonte,Piemonte,4356406,3664713,84.12,0.26
613,2021-06-06,PIE,35092,18336,16756,32054,2488,550,ITC,ITC1,1,Piemonte,Piemonte,4356406,3699805,84.93,0.81
614,2021-08-02,PIE,29817,15744,14073,9357,20020,440,ITC,ITC1,1,Piemonte,Piemonte,4356406,3729622,85.61,0.68
615,2021-07-02,PIE,43741,22008,21733,17343,25560,838,ITC,ITC1,1,Piemonte,Piemonte,4356406,3773363,86.62,1.0
616,2021-05-13,PIE,35700,17536,18164,19865,15131,704,ITC,ITC1,1,Piemonte,Piemonte,4356406,3809063,87.44,0.82
617,2021-02-02,PIE,10259,3513,6746,808,9450,1,ITC,ITC1,1,Piemonte,Piemonte,4356406,3819322,87.67,0.24
618,2021-07-09,PIE,40403,20616,19787,5741,34136,526,ITC,ITC1,1,Piemonte,Piemonte,4356406,3859725,88.6,0.93
619,2021-03-31,PIE,19130,8124,11006,10098,8692,340,ITC,ITC1,1,Piemonte,Piemonte,4356406,3878855,89.04,0.44
620,2021-05-27,PIE,37419,17403,20016,18813,18171,435,ITC,ITC1,1,Piemonte,Piemonte,4356406,3916274,89.9,0.86
621,2021-02-16,PIE,3971,1758,2213,3163,759,49,ITC,ITC1,1,Piemonte,Piemonte,4356406,3920245,89.99,0.09
622,2021-05-22,PIE,33523,15135,18388,16898,16223,402,ITC,ITC1,1,Piemonte,Piemonte,4356406,3953768,90.76,0.77
623,2021-01-03,PIE,3062,967,2095,3060,0,2,ITC,ITC1,1,Piemonte,Piemonte,4356406,3956830,90.83,0.07
624,2021-07-07,PIE,37956,18864,19092,9657,27721,578,ITC,ITC1,1,Piemonte,Piemonte,4356406,3994786,91.7,0.87
625,2021-03-29,PIE,15249,6472,8777,8379,6611,259,ITC,ITC1,1,Piemonte,Piemonte,4356406,4010035,92.05,0.35
626,2021-03-24,PIE,15567,6399,9168,6092,9130,345,ITC,ITC1,1,Piemonte,Piemonte,4356406,4025602,92.41,0.36
627,2021-05-20,PIE,38647,17959,20688,13332,24961,354,ITC,ITC1,1,Piemonte,Piemonte,4356406,4064249,93.29,0.89
628,2021-02-09,PIE,7392,2317,5075,714,6676,2,ITC,ITC1,1,Piemonte,Piemonte,4356406,4071641,93.46,0.17
629,2021-07-16,PIE,42034,21959,20075,3584,38037,413,ITC,ITC1,1,Piemonte,Piemonte,4356406,4113675,94.43,0.96
630,2021-04-07,PIE,23616,9993,13623,17631,5460,525,ITC,ITC1,1,Piemonte,Piemonte,4356406,4137291,94.97,0.54
631,2021-01-19,PIE,6459,2108,4351,6441,9,9,ITC,ITC1,1,Piemonte,Piemonte,4356406,4143750,95.12,0.15
632,2021-07-21,PIE,37947,20136,17811,6518,30913,516,ITC,ITC1,1,Piemonte,Piemonte,4356406,4181697,95.99,0.87
633,2021-04-12,PIE,22946,10362,12584,19435,2993,518,ITC,ITC1,1,Piemonte,Piemonte,4356406,4204643,96.52,0.53
634,2021-01-02,PIE,3540,1132,2408,3539,0,1,ITC,ITC1,1,Piemonte,Piemonte,4356406,4208183,96.6,0.08
635,2021-05-01,PIE,28555,13002,15553,16316,11797,442,ITC,ITC1,1,Piemonte,Piemonte,4356406,4236738,97.25,0.66
636,2021-01-21,PIE,6873,2312,4561,3368,3499,6,ITC,ITC1,1,Piemonte,Piemonte,4356406,4243611,97.41,0.16
637,2021-05-15,PIE,33781,15750,18031,19393,13730,658,ITC,ITC1,1,Piemonte,Piemonte,4356406,4277392,98.19,0.78
638,2021-02-17,PIE,4796,2159,2637,3747,990,59,ITC,ITC1,1,Piemonte,Piemonte,4356406,4282188,98.3,0.11
639,2021-06-08,PIE,37663,19504,18159,34111,2851,701,ITC,ITC1,1,Piemonte,Piemonte,4356406,4319851,99.16,0.86
640,2021-08-04,PIE,29150,15396,13754,8891,19810,449,ITC,ITC1,1,Piemonte,Piemonte,4356406,4349001,99.83,0.67
641,2021-04-26,PIE,19806,8755,11051,14906,4398,502,ITC,ITC1,1,Piemonte,Piemonte,4356406,4368807,100.28,0.45
642,2021-08-11,PIE,23244,12501,10743,13361,9334,549,ITC,ITC1,1,Piemonte,Piemonte,4356406,4392051,100.82,0.53
643,2021-05-03,PIE,26693,12210,14483,12042,14215,436,ITC,ITC1,1,Piemonte,Piemonte,4356406,4418744,101.43,0.61
644,2021-02-26,PIE,12288,4930,7358,11345,737,206,ITC,ITC1,1,Piemonte,Piemonte,4356406,4431032,101.71,0.28
645,2021-04-24,PIE,27500,12434,15066,21286,5659,555,ITC,ITC1,1,Piemonte,Piemonte,4356406,4458532,102.34,0.63
646,2021-01-14,PIE,9765,3150,6615,9759,0,6,ITC,ITC1,1,Piemonte,Piemonte,4356406,4468297,102.57,0.22
647,2021-07-23,PIE,38046,20065,17981,7980,29444,622,ITC,ITC1,1,Piemonte,Piemonte,4356406,4506343,103.44,0.87
648,2021-04-14,PIE,28255,12790,15465,23020,4532,703,ITC,ITC1,1,Piemonte,Piemonte,4356406,4534598,104.09,0.65
649,2021-08-06,PIE,30275,16025,14250,13265,16442,568,ITC,ITC1,1,Piemonte,Piemonte,4356406,4564873,104.79,0.69
650,2021-06-03,PIE,34674,17918,16756,29697,4444,533,ITC,ITC1,1,Piemonte,Piemonte,4356406,4599547,105.58,0.8
651,2021-06-01,PIE,29535,14839,14696,24450,4658,427,ITC,ITC1,1,Piemonte,Piemonte,4356406,4629082,106.26,0.68
652,2021-02-21,PIE,5092,2084,3008,4939,103,50,ITC,ITC1,1,Piemonte,Piemonte,4356406,4634174,106.38,0.12
653,2021-06-20,PIE,34073,17087,16986,18744,14772,557,ITC,ITC1,1,Piemonte,Piemonte,4356406,4668247,107.16,0.78
654,2021-03-12,PIE,14197,5403,8794,10982,2935,280,ITC,ITC1,1,Piemonte,Piemonte,4356406,4682444,107.48,0.33
655,2021-07-04,PIE,33746,17012,16734,11217,21918,611,ITC,ITC1,1,Piemonte,Piemonte,4356406,4716190,108.26,0.77
656,2021-03-26,PIE,17911,7124,10787,8500,8884,527,ITC,ITC1,1,Piemonte,Piemonte,4356406,4734101,108.67,0.41
657,2021-05-07,PIE,33102,15663,17439,18360,14134,608,ITC,ITC1,1,Piemonte,Piemonte,4356406,4767203,109.43,0.76
658,2021-01-27,PIE,4194,1451,2743,994,3198,2,ITC,ITC1,1,Piemonte,Piemonte,4356406,4771397,109.53,0.1
659,2021-02-13,PIE,4159,1340,2819,2920,1224,15,ITC,ITC1,1,Piemonte,Piemonte,4356406,4775556,109.62,0.1
660,2021-07-31,PIE,35608,18934,16674,10725,24587,296,ITC,ITC1,1,Piemonte,Piemonte,4356406,4811164,110.44,0.82
661,2021-05-09,PIE,27151,12931,14220,13148,13620,383,ITC,ITC1,1,Piemonte,Piemonte,4356406,4838315,111.06,0.62
662,2021-05-26,PIE,34166,15750,18416,15315,18497,354,ITC,ITC1,1,Piemonte,Piemonte,4356406,4872481,111.85,0.78
663,2021-02-15,PIE,4427,1597,2830,3199,1205,23,ITC,ITC1,1,Piemonte,Piemonte,4356406,4876908,111.95,0.1
664,2021-03-04,PIE,14709,5924,8785,11546,2943,220,ITC,ITC1,1,Piemonte,Piemonte,4356406,4891617,112.29,0.34
665,2021-06-25,PIE,45508,22677,22831,20274,24544,690,ITC,ITC1,1,Piemonte,Piemonte,4356406,4937125,113.33,1.04
666,2021-04-03,PIE,19461,8188,11273,10590,8559,312,ITC,ITC1,1,Piemonte,Piemonte,4356406,4956586,113.78,0.45
667,2021-01-10,PIE,5208,2273,2935,5206,0,2,ITC,ITC1,1,Piemonte,Piemonte,4356406,4961794,113.9,0.12
668,2021-07-14,PIE,38979,20057,18922,3573,34982,424,ITC,ITC1,1,Piemonte,Piemonte,4356406,5000773,114.79,0.89
669,2021-04-22,PIE,27669,12745,14924,20194,6691,784,ITC,ITC1,1,Piemonte,Piemonte,4356406,5028442,115.43,0.64
670,2021-01-12,PIE,10079,3410,6669,10073,0,6,ITC,ITC1,1,Piemonte,Piemonte,4356406,5038521,115.66,0.23
671,2021-01-29,PIE,5942,1885,4057,452,5490,0,ITC,ITC1,1,Piemonte,Piemonte,4356406,5044463,115.79,0.14
672,2021-02-28,PIE,10811,4058,6753,10395,240,176,ITC,ITC1,1,Piemonte,Piemonte,4356406,5055274,116.04,0.25
673,2021-03-17,PIE,12522,5058,7464,5035,7300,187,ITC,ITC1,1,Piemonte,Piemonte,4356406,5067796,116.33,0.29
674,2021-06-10,PIE,40455,21153,19302,37025,2581,849,ITC,ITC1,1,Piemonte,Piemonte,4356406,5108251,117.26,0.93
675,2021-06-27,PIE,37517,18600,18917,15188,21746,583,ITC,ITC1,1,Piemonte,Piemonte,4356406,5145768,118.12,0.86
676,2021-03-19,PIE,11030,4519,6511,4215,6606,209,ITC,ITC1,1,Piemonte,Piemonte,4356406,5156798,118.37,0.25
677,2021-04-05,PIE,14749,6237,8512,11940,2558,251,ITC,ITC1,1,Piemonte,Piemonte,4356406,5171547,118.71,0.34
678,2021-06-29,PIE,40528,20246,20282,19167,20674,687,ITC,ITC1,1,Piemonte,Piemonte,4356406,5212075,119.64,0.93
679,2021-02-13,SIC,2979,1124,1855,2687,255,37,ITG,ITG1,19,Sicilia,Sicilia,4999891,2979,0.06,0.06
680,2021-05-24,SIC,35875,17440,18435,15591,20051,233,ITG,ITG1,19,Sicilia,Sicilia,4999891,38854,0.78,0.72
681,2021-05-17,SIC,31921,15405,16516,18996,12637,288,ITG,ITG1,19,Sicilia,Sicilia,4999891,70775,1.42,0.64
682,2021-02-25,SIC,9941,5205,4736,8687,1164,90,ITG,ITG1,19,Sicilia,Sicilia,4999891,80716,1.61,0.2
683,2021-06-05,SIC,59950,28518,31432,48735,10594,621,ITG,ITG1,19,Sicilia,Sicilia,4999891,140666,2.81,1.2
684,2021-03-14,SIC,8774,3927,4847,4885,3836,53,ITG,ITG1,19,Sicilia,Sicilia,4999891,149440,2.99,0.18
685,2021-02-11,SIC,5238,2060,3178,4654,466,118,ITG,ITG1,19,Sicilia,Sicilia,4999891,154678,3.09,0.1
686,2021-04-11,SIC,15379,7595,7784,8234,7036,109,ITG,ITG1,19,Sicilia,Sicilia,4999891,170057,3.4,0.31
687,2021-07-20,SIC,48426,23586,24840,12780,35296,350,ITG,ITG1,19,Sicilia,Sicilia,4999891,218483,4.37,0.97
688,2020-12-30,SIC,185,109,76,184,0,1,ITG,ITG1,19,Sicilia,Sicilia,4999891,218668,4.37,0.0
689,2021-01-16,SIC,2736,1220,1516,2715,0,21,ITG,ITG1,19,Sicilia,Sicilia,4999891,221404,4.43,0.05
690,2021-07-01,SIC,30962,14067,16895,10726,19980,256,ITG,ITG1,19,Sicilia,Sicilia,4999891,252366,5.05,0.62
691,2021-04-09,SIC,20225,9839,10386,10926,9038,261,ITG,ITG1,19,Sicilia,Sicilia,4999891,272591,5.45,0.4
692,2021-03-23,SIC,20960,10083,10877,15235,5565,160,ITG,ITG1,19,Sicilia,Sicilia,4999891,293551,5.87,0.42
693,2021-08-01,SIC,19960,10424,9536,7854,11959,147,ITG,ITG1,19,Sicilia,Sicilia,4999891,313511,6.27,0.4
694,2021-06-19,SIC,44271,21051,23220,18752,25201,318,ITG,ITG1,19,Sicilia,Sicilia,4999891,357782,7.16,0.89
695,2021-04-23,SIC,28631,13723,14908,22417,5840,374,ITG,ITG1,19,Sicilia,Sicilia,4999891,386413,7.73,0.57
696,2021-06-26,SIC,37261,17779,19482,16351,20604,306,ITG,ITG1,19,Sicilia,Sicilia,4999891,423674,8.47,0.75
697,2021-08-03,SIC,32055,15726,16329,13871,17764,420,ITG,ITG1,19,Sicilia,Sicilia,4999891,455729,9.11,0.64
698,2021-05-31,SIC,38100,17154,20946,21275,16527,298,ITG,ITG1,19,Sicilia,Sicilia,4999891,493829,9.88,0.76
699,2021-06-24,SIC,42303,19642,22661,17592,24353,358,ITG,ITG1,19,Sicilia,Sicilia,4999891,536132,10.72,0.85
700,2021-06-07,SIC,49680,23411,26269,41113,8035,532,ITG,ITG1,19,Sicilia,Sicilia,4999891,585812,11.72,0.99
701,2021-01-25,SIC,7445,3687,3758,275,7163,7,ITG,ITG1,19,Sicilia,Sicilia,4999891,593257,11.87,0.15
702,2021-05-05,SIC,26385,12216,14169,16263,9678,444,ITG,ITG1,19,Sicilia,Sicilia,4999891,619642,12.39,0.53
703,2021-05-19,SIC,42874,20762,22112,28183,14321,370,ITG,ITG1,19,Sicilia,Sicilia,4999891,662516,13.25,0.86
704,2021-07-27,SIC,43264,21440,21824,19251,23551,462,ITG,ITG1,19,Sicilia,Sicilia,4999891,705780,14.12,0.87
705,2021-01-30,SIC,7725,3550,4175,153,7569,3,ITG,ITG1,19,Sicilia,Sicilia,4999891,713505,14.27,0.15
706,2021-03-28,SIC,10977,5145,5832,6899,4011,67,ITG,ITG1,19,Sicilia,Sicilia,4999891,724482,14.49,0.22
707,2021-07-15,SIC,48339,22442,25897,7984,40094,261,ITG,ITG1,19,Sicilia,Sicilia,4999891,772821,15.46,0.97
708,2021-03-02,SIC,14762,6372,8390,11870,2779,113,ITG,ITG1,19,Sicilia,Sicilia,4999891,787583,15.75,0.3
709,2021-01-04,SIC,8503,4245,4258,8456,0,47,ITG,ITG1,19,Sicilia,Sicilia,4999891,796086,15.92,0.17
710,2021-01-18,SIC,1621,674,947,1453,157,11,ITG,ITG1,19,Sicilia,Sicilia,4999891,797707,15.95,0.03
711,2021-04-28,SIC,29285,13723,15562,19730,9161,394,ITG,ITG1,19,Sicilia,Sicilia,4999891,826992,16.54,0.59
712,2021-08-10,SIC,21960,10937,11023,10771,10930,259,ITG,ITG1,19,Sicilia,Sicilia,4999891,848952,16.98,0.44
713,2021-04-16,SIC,28872,14504,14368,20256,8296,320,ITG,ITG1,19,Sicilia,Sicilia,4999891,877824,17.56,0.58
714,2021-01-23,SIC,4486,2309,2177,212,4264,10,ITG,ITG1,19,Sicilia,Sicilia,4999891,882310,17.65,0.09
715,2021-01-06,SIC,6259,3294,2965,6199,0,60,ITG,ITG1,19,Sicilia,Sicilia,4999891,888569,17.77,0.13
716,2021-04-02,SIC,13894,6554,7340,9046,4735,113,ITG,ITG1,19,Sicilia,Sicilia,4999891,902463,18.05,0.28
717,2021-02-10,SIC,4353,1775,2578,3887,381,85,ITG,ITG1,19,Sicilia,Sicilia,4999891,906816,18.14,0.09
718,2021-05-21,SIC,48697,23072,25625,26657,21618,422,ITG,ITG1,19,Sicilia,Sicilia,4999891,955513,19.11,0.97
719,2021-03-21,SIC,15222,7342,7880,11183,3969,70,ITG,ITG1,19,Sicilia,Sicilia,4999891,970735,19.42,0.3
720,2021-02-06,SIC,4735,2118,2617,1448,3266,21,ITG,ITG1,19,Sicilia,Sicilia,4999891,975470,19.51,0.09
721,2021-02-04,SIC,6758,3081,3677,1422,5307,29,ITG,ITG1,19,Sicilia,Sicilia,4999891,982228,19.64,0.14
722,2021-01-01,SIC,823,441,382,819,0,4,ITG,ITG1,19,Sicilia,Sicilia,4999891,983051,19.66,0.02
723,2021-04-20,SIC,19002,9007,9995,13454,5248,300,ITG,ITG1,19,Sicilia,Sicilia,4999891,1002053,20.04,0.38
724,2020-12-28,SIC,222,135,87,221,0,1,ITG,ITG1,19,Sicilia,Sicilia,4999891,1002275,20.05,0.0
725,2021-04-30,SIC,35041,16351,18690,23543,11037,461,ITG,ITG1,19,Sicilia,Sicilia,4999891,1037316,20.75,0.7
726,2021-03-04,SIC,15241,6697,8544,10993,4121,127,ITG,ITG1,19,Sicilia,Sicilia,4999891,1052557,21.05,0.3
727,2021-08-08,SIC,15367,8153,7214,7463,7715,189,ITG,ITG1,19,Sicilia,Sicilia,4999891,1067924,21.36,0.31
728,2021-06-12,SIC,45786,22397,23389,39363,5895,528,ITG,ITG1,19,Sicilia,Sicilia,4999891,1113710,22.27,0.92
729,2021-05-07,SIC,36568,17264,19304,24592,11617,359,ITG,ITG1,19,Sicilia,Sicilia,4999891,1150278,23.01,0.73
730,2021-03-11,SIC,15440,6705,8735,12873,2418,149,ITG,ITG1,19,Sicilia,Sicilia,4999891,1165718,23.31,0.31
731,2021-01-27,SIC,7293,3712,3581,172,7120,1,ITG,ITG1,19,Sicilia,Sicilia,4999891,1173011,23.46,0.15
732,2021-02-23,SIC,8786,4667,4119,8230,468,88,ITG,ITG1,19,Sicilia,Sicilia,4999891,1181797,23.64,0.18
733,2021-03-09,SIC,13160,5766,7394,10829,2201,130,ITG,ITG1,19,Sicilia,Sicilia,4999891,1194957,23.9,0.26
734,2021-01-11,SIC,5913,2611,3302,5855,0,58,ITG,ITG1,19,Sicilia,Sicilia,4999891,1200870,24.02,0.12
735,2021-03-16,SIC,9623,4323,5300,3555,5999,69,ITG,ITG1,19,Sicilia,Sicilia,4999891,1210493,24.21,0.19
736,2021-07-08,SIC,38369,17481,20888,6542,31606,221,ITG,ITG1,19,Sicilia,Sicilia,4999891,1248862,24.98,0.77
737,2021-02-27,SIC,12237,5504,6733,10934,1204,99,ITG,ITG1,19,Sicilia,Sicilia,4999891,1261099,25.22,0.24
738,2021-02-18,SIC,5342,3146,2196,4845,430,67,ITG,ITG1,19,Sicilia,Sicilia,4999891,1266441,25.33,0.11
739,2021-05-12,SIC,36852,17378,19474,21405,14921,526,ITG,ITG1,19,Sicilia,Sicilia,4999891,1303293,26.07,0.74
740,2021-07-17,SIC,49308,24289,25019,9316,39694,298,ITG,ITG1,19,Sicilia,Sicilia,4999891,1352601,27.05,0.99
741,2021-04-08,SIC,19002,9342,9660,9274,9541,187,ITG,ITG1,19,Sicilia,Sicilia,4999891,1371603,27.43,0.38
742,2021-04-04,SIC,6797,3321,3476,5438,1294,65,ITG,ITG1,19,Sicilia,Sicilia,4999891,1378400,27.57,0.14
743,2021-07-13,SIC,46065,21147,24918,6894,38956,215,ITG,ITG1,19,Sicilia,Sicilia,4999891,1424465,28.49,0.92
744,2021-08-12,SIC,15284,7653,7631,8038,7003,243,ITG,ITG1,19,Sicilia,Sicilia,4999891,1439749,28.8,0.31
745,2021-04-01,SIC,14311,6623,7688,9508,4667,136,ITG,ITG1,19,Sicilia,Sicilia,4999891,1454060,29.08,0.29
746,2021-07-10,SIC,46903,22349,24554,6057,40642,204,ITG,ITG1,19,Sicilia,Sicilia,4999891,1500963,30.02,0.94
747,2021-07-29,SIC,36157,17873,18284,14314,21504,339,ITG,ITG1,19,Sicilia,Sicilia,4999891,1537120,30.74,0.72
748,2021-07-24,SIC,40730,21209,19521,16798,23628,304,ITG,ITG1,19,Sicilia,Sicilia,4999891,1577850,31.56,0.81
749,2021-06-16,SIC,40404,18788,21616,21239,18809,356,ITG,ITG1,19,Sicilia,Sicilia,4999891,1618254,32.37,0.81
750,2021-03-25,SIC,20468,9530,10938,14752,5544,172,ITG,ITG1,19,Sicilia,Sicilia,4999891,1638722,32.78,0.41
751,2021-07-03,SIC,33908,16295,17613,9040,24626,242,ITG,ITG1,19,Sicilia,Sicilia,4999891,1672630,33.45,0.68
752,2021-03-06,SIC,12643,5061,7582,9761,2782,100,ITG,ITG1,19,Sicilia,Sicilia,4999891,1685273,33.71,0.25
753,2021-06-14,SIC,43479,20652,22827,28158,14893,428,ITG,ITG1,19,Sicilia,Sicilia,4999891,1728752,34.58,0.87
754,2021-05-28,SIC,51256,22979,28277,24309,26527,420,ITG,ITG1,19,Sicilia,Sicilia,4999891,1780008,35.6,1.03
755,2021-01-13,SIC,5184,2443,2741,5150,0,34,ITG,ITG1,19,Sicilia,Sicilia,4999891,1785192,35.7,0.1
756,2021-01-20,SIC,966,513,453,690,273,3,ITG,ITG1,19,Sicilia,Sicilia,4999891,1786158,35.72,0.02
757,2021-03-18,SIC,15412,7757,7655,9738,5620,54,ITG,ITG1,19,Sicilia,Sicilia,4999891,1801570,36.03,0.31
758,2021-05-16,SIC,33702,16440,17262,21890,11518,294,ITG,ITG1,19,Sicilia,Sicilia,4999891,1835272,36.71,0.67
759,2021-05-02,SIC,24606,11428,13178,17699,6604,303,ITG,ITG1,19,Sicilia,Sicilia,4999891,1859878,37.2,0.49
760,2021-03-20,SIC,18593,8982,9611,13363,5138,92,ITG,ITG1,19,Sicilia,Sicilia,4999891,1878471,37.57,0.37
761,2021-06-28,SIC,31908,14859,17049,14882,16732,294,ITG,ITG1,19,Sicilia,Sicilia,4999891,1910379,38.21,0.64
762,2021-06-04,SIC,57862,26767,31095,45407,11952,503,ITG,ITG1,19,Sicilia,Sicilia,4999891,1968241,39.37,1.16
763,2021-04-06,SIC,17761,8486,9275,13260,4293,208,ITG,ITG1,19,Sicilia,Sicilia,4999891,1986002,39.72,0.36
764,2021-02-22,SIC,7947,4133,3814,7374,493,80,ITG,ITG1,19,Sicilia,Sicilia,4999891,1993949,39.88,0.16
765,2020-12-27,SIC,92,55,37,91,0,1,ITG,ITG1,19,Sicilia,Sicilia,4999891,1994041,39.88,0.0
766,2021-06-02,SIC,35283,16299,18984,27108,7780,395,ITG,ITG1,19,Sicilia,Sicilia,4999891,2029324,40.59,0.71
767,2021-02-15,SIC,3773,1768,2005,3134,564,75,ITG,ITG1,19,Sicilia,Sicilia,4999891,2033097,40.66,0.08
768,2021-07-22,SIC,40598,19938,20660,11214,29091,293,ITG,ITG1,19,Sicilia,Sicilia,4999891,2073695,41.47,0.81
769,2021-05-26,SIC,44698,21017,23681,23895,20458,345,ITG,ITG1,19,Sicilia,Sicilia,4999891,2118393,42.37,0.89
770,2021-01-03,SIC,4800,2507,2293,4769,0,31,ITG,ITG1,19,Sicilia,Sicilia,4999891,2123193,42.46,0.1
771,2021-04-13,SIC,20252,9871,10381,11236,8841,175,ITG,ITG1,19,Sicilia,Sicilia,4999891,2143445,42.87,0.41
772,2021-07-31,SIC,28734,14928,13806,10446,18023,265,ITG,ITG1,19,Sicilia,Sicilia,4999891,2172179,43.44,0.57
773,2021-01-10,SIC,3563,1596,1967,3542,0,21,ITG,ITG1,19,Sicilia,Sicilia,4999891,2175742,43.52,0.07
774,2021-02-19,SIC,4982,2697,2285,4331,564,87,ITG,ITG1,19,Sicilia,Sicilia,4999891,2180724,43.62,0.1
775,2021-03-08,SIC,13498,5954,7544,10764,2613,121,ITG,ITG1,19,Sicilia,Sicilia,4999891,2194222,43.89,0.27
776,2021-05-30,SIC,35771,16173,19598,17422,18053,296,ITG,ITG1,19,Sicilia,Sicilia,4999891,2229993,44.6,0.72
777,2021-05-13,SIC,47459,22253,25206,30293,16540,626,ITG,ITG1,19,Sicilia,Sicilia,4999891,2277452,45.55,0.95
778,2021-01-31,SIC,4059,1942,2117,107,3950,2,ITG,ITG1,19,Sicilia,Sicilia,4999891,2281511,45.63,0.08
779,2021-05-11,SIC,32681,15500,17181,19689,12490,502,ITG,ITG1,19,Sicilia,Sicilia,4999891,2314192,46.28,0.65
780,2021-02-17,SIC,5218,3204,2014,4500,670,48,ITG,ITG1,19,Sicilia,Sicilia,4999891,2319410,46.39,0.1
781,2021-04-24,SIC,31189,14716,16473,23152,7636,401,ITG,ITG1,19,Sicilia,Sicilia,4999891,2350599,47.01,0.62
782,2021-08-02,SIC,32939,16370,16569,12835,19760,344,ITG,ITG1,19,Sicilia,Sicilia,4999891,2383538,47.67,0.66
783,2021-06-23,SIC,44472,20693,23779,17897,26242,333,ITG,ITG1,19,Sicilia,Sicilia,4999891,2428010,48.56,0.89
784,2021-01-24,SIC,4327,2263,2064,127,4198,2,ITG,ITG1,19,Sicilia,Sicilia,4999891,2432337,48.65,0.09
785,2021-05-04,SIC,26848,12472,14376,17149,9293,406,ITG,ITG1,19,Sicilia,Sicilia,4999891,2459185,49.18,0.54
786,2021-02-07,SIC,2321,982,1339,664,1648,9,ITG,ITG1,19,Sicilia,Sicilia,4999891,2461506,49.23,0.05
787,2021-07-14,SIC,47486,21997,25489,7923,39306,257,ITG,ITG1,19,Sicilia,Sicilia,4999891,2508992,50.18,0.95
788,2021-05-18,SIC,36123,17388,18735,23241,12484,398,ITG,ITG1,19,Sicilia,Sicilia,4999891,2545115,50.9,0.72
789,2021-07-05,SIC,37516,17607,19909,8914,28363,239,ITG,ITG1,19,Sicilia,Sicilia,4999891,2582631,51.65,0.75
790,2021-06-21,SIC,40250,18636,21614,18424,21498,328,ITG,ITG1,19,Sicilia,Sicilia,4999891,2622881,52.46,0.81
791,2021-05-09,SIC,28419,13312,15107,19770,8290,359,ITG,ITG1,19,Sicilia,Sicilia,4999891,2651300,53.03,0.57
792,2021-02-05,SIC,6784,3002,3782,2088,4658,38,ITG,ITG1,19,Sicilia,Sicilia,4999891,2658084,53.16,0.14
793,2021-04-03,SIC,16420,7819,8601,13423,2835,162,ITG,ITG1,19,Sicilia,Sicilia,4999891,2674504,53.49,0.33
794,2021-07-12,SIC,49000,22615,26385,6452,42351,197,ITG,ITG1,19,Sicilia,Sicilia,4999891,2723504,54.47,0.98
795,2021-02-08,SIC,3887,1680,2207,2080,1758,49,ITG,ITG1,19,Sicilia,Sicilia,4999891,2727391,54.55,0.08
796,2021-01-22,SIC,1290,641,649,261,1027,2,ITG,ITG1,19,Sicilia,Sicilia,4999891,2728681,54.57,0.03
797,2021-01-08,SIC,8144,3792,4352,8052,0,92,ITG,ITG1,19,Sicilia,Sicilia,4999891,2736825,54.74,0.16
798,2021-04-18,SIC,19836,9918,9918,15289,4362,185,ITG,ITG1,19,Sicilia,Sicilia,4999891,2756661,55.13,0.4
799,2021-08-06,SIC,24846,12606,12240,13530,10909,407,ITG,ITG1,19,Sicilia,Sicilia,4999891,2781507,55.63,0.5
800,2021-04-26,SIC,21699,10275,11424,13303,8082,314,ITG,ITG1,19,Sicilia,Sicilia,4999891,2803206,56.07,0.43
801,2021-02-02,SIC,5319,2493,2826,615,4694,10,ITG,ITG1,19,Sicilia,Sicilia,4999891,2808525,56.17,0.11
802,2021-08-04,SIC,24301,11988,12313,10947,13033,321,ITG,ITG1,19,Sicilia,Sicilia,4999891,2832826,56.66,0.49
803,2021-07-18,SIC,39273,19781,19492,8103,30940,230,ITG,ITG1,19,Sicilia,Sicilia,4999891,2872099,57.44,0.79
804,2021-01-14,SIC,5263,2491,2772,5201,0,62,ITG,ITG1,19,Sicilia,Sicilia,4999891,2877362,57.55,0.11
805,2021-01-05,SIC,10401,5112,5289,10323,0,78,ITG,ITG1,19,Sicilia,Sicilia,4999891,2887763,57.76,0.21
806,2021-04-15,SIC,21574,10490,11084,12008,9350,216,ITG,ITG1,19,Sicilia,Sicilia,4999891,2909337,58.19,0.43
807,2021-06-20,SIC,33418,15816,17602,15116,18043,259,ITG,ITG1,19,Sicilia,Sicilia,4999891,2942755,58.86,0.67
808,2021-03-01,SIC,12764,6071,6693,10979,1657,128,ITG,ITG1,19,Sicilia,Sicilia,4999891,2955519,59.11,0.26
809,2021-06-09,SIC,49787,23680,26107,41914,7263,610,ITG,ITG1,19,Sicilia,Sicilia,4999891,3005306,60.11,1.0
810,2021-04-22,SIC,26772,12642,14130,19897,6461,414,ITG,ITG1,19,Sicilia,Sicilia,4999891,3032078,60.64,0.54
811,2021-03-10,SIC,13930,6123,7807,11609,2183,138,ITG,ITG1,19,Sicilia,Sicilia,4999891,3046008,60.92,0.28
812,2021-01-12,SIC,4365,2137,2228,4319,0,46,ITG,ITG1,19,Sicilia,Sicilia,4999891,3050373,61.01,0.09
813,2021-06-18,SIC,43589,20144,23445,18848,24371,370,ITG,ITG1,19,Sicilia,Sicilia,4999891,3093962,61.88,0.87
814,2021-06-27,SIC,25308,12201,13107,12098,12979,231,ITG,ITG1,19,Sicilia,Sicilia,4999891,3119270,62.39,0.51
815,2021-05-15,SIC,56490,26392,30098,40346,15242,902,ITG,ITG1,19,Sicilia,Sicilia,4999891,3175760,63.52,1.13
816,2021-03-19,SIC,16317,8055,8262,10649,5577,91,ITG,ITG1,19,Sicilia,Sicilia,4999891,3192077,63.84,0.33
817,2021-03-12,SIC,12867,5560,7307,10645,2067,155,ITG,ITG1,19,Sicilia,Sicilia,4999891,3204944,64.1,0.26
818,2021-06-29,SIC,31378,14695,16683,15661,15315,402,ITG,ITG1,19,Sicilia,Sicilia,4999891,3236322,64.73,0.63
819,2021-03-15,SIC,10674,4726,5948,5645,4950,79,ITG,ITG1,19,Sicilia,Sicilia,4999891,3246996,64.94,0.21
820,2021-03-30,SIC,14579,6768,7811,9714,4766,99,ITG,ITG1,19,Sicilia,Sicilia,4999891,3261575,65.23,0.29
821,2021-03-13,SIC,12213,5388,6825,7626,4494,93,ITG,ITG1,19,Sicilia,Sicilia,4999891,3273788,65.48,0.24
822,2021-04-17,SIC,26014,13159,12855,18673,7066,275,ITG,ITG1,19,Sicilia,Sicilia,4999891,3299802,66.0,0.52
823,2021-07-26,SIC,44485,22160,22325,16687,27429,369,ITG,ITG1,19,Sicilia,Sicilia,4999891,3344287,66.89,0.89
824,2021-03-17,SIC,15046,7438,7608,9072,5848,126,ITG,ITG1,19,Sicilia,Sicilia,4999891,3359333,67.19,0.3
825,2021-06-25,SIC,39784,18670,21114,17372,22074,338,ITG,ITG1,19,Sicilia,Sicilia,4999891,3399117,67.98,0.8
826,2021-07-09,SIC,44823,20680,24143,6422,38225,176,ITG,ITG1,19,Sicilia,Sicilia,4999891,3443940,68.88,0.9
827,2021-03-27,SIC,15691,7404,8287,10683,4886,122,ITG,ITG1,19,Sicilia,Sicilia,4999891,3459631,69.19,0.31
828,2021-01-29,SIC,9185,4256,4929,410,8763,12,ITG,ITG1,19,Sicilia,Sicilia,4999891,3468816,69.38,0.18
829,2021-02-12,SIC,4606,1829,2777,4241,286,79,ITG,ITG1,19,Sicilia,Sicilia,4999891,3473422,69.47,0.09
830,2021-05-23,SIC,34092,16598,17494,19847,14016,229,ITG,ITG1,19,Sicilia,Sicilia,4999891,3507514,70.15,0.68
831,2021-06-10,SIC,53044,24904,28140,45150,7245,649,ITG,ITG1,19,Sicilia,Sicilia,4999891,3560558,71.21,1.06
832,2021-05-27,SIC,47590,21917,25673,24455,22717,418,ITG,ITG1,19,Sicilia,Sicilia,4999891,3608148,72.16,0.95
833,2021-04-14,SIC,20583,9942,10641,11626,8767,190,ITG,ITG1,19,Sicilia,Sicilia,4999891,3628731,72.58,0.41
834,2021-07-23,SIC,41430,20811,20619,14343,26765,322,ITG,ITG1,19,Sicilia,Sicilia,4999891,3670161,73.4,0.83
835,2021-04-21,SIC,22399,10753,11646,15999,6122,278,ITG,ITG1,19,Sicilia,Sicilia,4999891,3692560,73.85,0.45
836,2021-04-07,SIC,18444,9066,9378,9740,8511,193,ITG,ITG1,19,Sicilia,Sicilia,4999891,3711004,74.22,0.37
837,2021-07-16,SIC,49313,23357,25956,8714,40316,283,ITG,ITG1,19,Sicilia,Sicilia,4999891,3760317,75.21,0.99
838,2021-07-30,SIC,32443,16063,16380,12056,20102,285,ITG,ITG1,19,Sicilia,Sicilia,4999891,3792760,75.86,0.65
839,2021-06-03,SIC,45997,21094,24903,33766,11714,517,ITG,ITG1,19,Sicilia,Sicilia,4999891,3838757,76.78,0.92
840,2021-08-09,SIC,25310,12917,12393,12570,12363,377,ITG,ITG1,19,Sicilia,Sicilia,4999891,3864067,77.28,0.51
841,2021-01-19,SIC,1518,673,845,1265,239,14,ITG,ITG1,19,Sicilia,Sicilia,4999891,3865585,77.31,0.03
842,2021-06-11,SIC,49962,23841,26121,41604,7701,657,ITG,ITG1,19,Sicilia,Sicilia,4999891,3915547,78.31,1.0
843,2021-04-29,SIC,31831,14852,16979,21819,9560,452,ITG,ITG1,19,Sicilia,Sicilia,4999891,3947378,78.95,0.64
844,2021-03-03,SIC,14571,6548,8023,11370,3073,128,ITG,ITG1,19,Sicilia,Sicilia,4999891,3961949,79.24,0.29
845,2021-08-07,SIC,20144,10442,9702,10894,8913,337,ITG,ITG1,19,Sicilia,Sicilia,4999891,3982093,79.64,0.4
846,2021-07-21,SIC,42924,20948,21976,10629,31986,309,ITG,ITG1,19,Sicilia,Sicilia,4999891,4025017,80.5,0.86
847,2021-07-07,SIC,35436,16209,19227,6061,29137,238,ITG,ITG1,19,Sicilia,Sicilia,4999891,4060453,81.21,0.71
848,2021-05-25,SIC,33552,15426,18126,13940,19353,259,ITG,ITG1,19,Sicilia,Sicilia,4999891,4094005,81.88,0.67
849,2021-03-29,SIC,15038,7079,7959,10397,4498,143,ITG,ITG1,19,Sicilia,Sicilia,4999891,4109043,82.18,0.3
850,2021-06-01,SIC,38995,17724,21271,24598,14045,352,ITG,ITG1,19,Sicilia,Sicilia,4999891,4148038,82.96,0.78
851,2021-04-05,SIC,8023,3958,4065,6515,1441,67,ITG,ITG1,19,Sicilia,Sicilia,4999891,4156061,83.12,0.16
852,2021-04-12,SIC,19016,9218,9798,11492,7278,246,ITG,ITG1,19,Sicilia,Sicilia,4999891,4175077,83.5,0.38
853,2021-02-14,SIC,1055,402,653,905,140,10,ITG,ITG1,19,Sicilia,Sicilia,4999891,4176132,83.52,0.02
854,2021-01-02,SIC,4878,2544,2334,4844,0,34,ITG,ITG1,19,Sicilia,Sicilia,4999891,4181010,83.62,0.1
855,2021-06-06,SIC,49525,23918,25607,41144,7825,556,ITG,ITG1,19,Sicilia,Sicilia,4999891,4230535,84.61,0.99
856,2021-02-26,SIC,11977,5873,6104,10180,1681,116,ITG,ITG1,19,Sicilia,Sicilia,4999891,4242512,84.85,0.24
857,2021-05-06,SIC,29475,14008,15467,18161,10834,480,ITG,ITG1,19,Sicilia,Sicilia,4999891,4271987,85.44,0.59
858,2021-02-21,SIC,5169,2501,2668,5048,106,15,ITG,ITG1,19,Sicilia,Sicilia,4999891,4277156,85.54,0.1
859,2021-07-28,SIC,37651,18862,18789,14685,22645,321,ITG,ITG1,19,Sicilia,Sicilia,4999891,4314807,86.3,0.75
860,2021-03-31,SIC,14518,6706,7812,9443,4932,143,ITG,ITG1,19,Sicilia,Sicilia,4999891,4329325,86.59,0.29
861,2021-01-07,SIC,8969,4147,4822,8888,0,81,ITG,ITG1,19,Sicilia,Sicilia,4999891,4338294,86.77,0.18
862,2021-02-24,SIC,9378,4805,4573,8707,565,106,ITG,ITG1,19,Sicilia,Sicilia,4999891,4347672,86.96,0.19
863,2021-01-21,SIC,1453,713,740,490,952,11,ITG,ITG1,19,Sicilia,Sicilia,4999891,4349125,86.98,0.03
864,2021-05-01,SIC,24446,11315,13131,18996,5168,282,ITG,ITG1,19,Sicilia,Sicilia,4999891,4373571,87.47,0.49
865,2021-07-06,SIC,37090,17151,19939,10281,26501,308,ITG,ITG1,19,Sicilia,Sicilia,4999891,4410661,88.22,0.74
866,2021-05-10,SIC,28729,13791,14938,16208,12212,309,ITG,ITG1,19,Sicilia,Sicilia,4999891,4439390,88.79,0.57
867,2021-03-26,SIC,17991,8358,9633,12347,5500,144,ITG,ITG1,19,Sicilia,Sicilia,4999891,4457381,89.15,0.36
868,2021-01-28,SIC,9034,4275,4759,374,8659,1,ITG,ITG1,19,Sicilia,Sicilia,4999891,4466415,89.33,0.18
869,2021-07-04,SIC,26507,12799,13708,7617,18718,172,ITG,ITG1,19,Sicilia,Sicilia,4999891,4492922,89.86,0.53
870,2021-05-08,SIC,35656,17043,18613,24946,10306,404,ITG,ITG1,19,Sicilia,Sicilia,4999891,4528578,90.57,0.71
871,2021-01-26,SIC,9573,4741,4832,227,9345,1,ITG,ITG1,19,Sicilia,Sicilia,4999891,4538151,90.76,0.19
872,2021-06-22,SIC,39983,18375,21608,18295,21313,375,ITG,ITG1,19,Sicilia,Sicilia,4999891,4578134,91.56,0.8
873,2021-05-22,SIC,48019,22812,25207,28308,19313,398,ITG,ITG1,19,Sicilia,Sicilia,4999891,4626153,92.53,0.96
874,2021-02-28,SIC,7130,3032,4098,6454,630,46,ITG,ITG1,19,Sicilia,Sicilia,4999891,4633283,92.67,0.14
875,2021-06-08,SIC,47695,22401,25294,40453,6708,534,ITG,ITG1,19,Sicilia,Sicilia,4999891,4680978,93.62,0.95
876,2021-08-11,SIC,16395,8425,7970,8835,7273,287,ITG,ITG1,19,Sicilia,Sicilia,4999891,4697373,93.95,0.33
877,2021-01-09,SIC,7241,3415,3826,7180,0,61,ITG,ITG1,19,Sicilia,Sicilia,4999891,4704614,94.09,0.14
878,2021-05-03,SIC,23318,10799,12519,13266,9791,261,ITG,ITG1,19,Sicilia,Sicilia,4999891,4727932,94.56,0.47
879,2021-07-11,SIC,36036,16870,19166,3664,32277,95,ITG,ITG1,19,Sicilia,Sicilia,4999891,4763968,95.28,0.72
880,2021-07-25,SIC,31803,16758,15045,11845,19700,258,ITG,ITG1,19,Sicilia,Sicilia,4999891,4795771,95.92,0.64
881,2021-04-19,SIC,18295,8670,9625,12479,5586,230,ITG,ITG1,19,Sicilia,Sicilia,4999891,4814066,96.28,0.37
882,2021-08-13,SIC,9076,4678,4398,4527,4359,190,ITG,ITG1,19,Sicilia,Sicilia,4999891,4823142,96.46,0.18
883,2021-02-09,SIC,4349,1800,2549,3249,1035,65,ITG,ITG1,19,Sicilia,Sicilia,4999891,4827491,96.55,0.09
884,2021-05-20,SIC,44080,21120,22960,27742,15923,415,ITG,ITG1,19,Sicilia,Sicilia,4999891,4871571,97.43,0.88
885,2021-02-20,SIC,7170,3707,3463,6801,272,97,ITG,ITG1,19,Sicilia,Sicilia,4999891,4878741,97.58,0.14
886,2021-02-03,SIC,5941,2793,3148,711,5222,8,ITG,ITG1,19,Sicilia,Sicilia,4999891,4884682,97.7,0.12
887,2021-04-27,SIC,26457,12687,13770,15168,10953,336,ITG,ITG1,19,Sicilia,Sicilia,4999891,4911139,98.22,0.53
888,2021-08-05,SIC,23949,11889,12060,11606,12041,302,ITG,ITG1,19,Sicilia,Sicilia,4999891,4935088,98.7,0.48
889,2021-05-14,SIC,52189,24472,27717,35751,15672,766,ITG,ITG1,19,Sicilia,Sicilia,4999891,4987277,99.75,1.04
890,2021-01-15,SIC,5320,2332,2988,5253,0,67,ITG,ITG1,19,Sicilia,Sicilia,4999891,4992597,99.85,0.11
891,2021-04-25,SIC,21402,10207,11195,16149,5019,234,ITG,ITG1,19,Sicilia,Sicilia,4999891,5013999,100.28,0.43
892,2021-02-01,SIC,5952,2642,3310,299,5640,13,ITG,ITG1,19,Sicilia,Sicilia,4999891,5019951,100.4,0.12
893,2021-03-22,SIC,16680,7915,8765,11160,5425,95,ITG,ITG1,19,Sicilia,Sicilia,4999891,5036631,100.73,0.33
894,2021-06-30,SIC,32552,15013,17539,11391,20840,321,ITG,ITG1,19,Sicilia,Sicilia,4999891,5069183,101.39,0.65
895,2020-12-29,SIC,244,152,92,244,0,0,ITG,ITG1,19,Sicilia,Sicilia,4999891,5069427,101.39,0.0
896,2021-06-13,SIC,34543,17163,17380,30604,3506,433,ITG,ITG1,19,Sicilia,Sicilia,4999891,5103970,102.08,0.69
897,2021-04-10,SIC,20445,9978,10467,11314,8966,165,ITG,ITG1,19,Sicilia,Sicilia,4999891,5124415,102.49,0.41
898,2021-01-17,SIC,1311,596,715,1238,64,9,ITG,ITG1,19,Sicilia,Sicilia,4999891,5125726,102.52,0.03
899,2021-07-02,SIC,30556,14228,16328,9928,20342,286,ITG,ITG1,19,Sicilia,Sicilia,4999891,5156282,103.13,0.61
900,2021-07-19,SIC,48928,23575,25353,11651,36922,355,ITG,ITG1,19,Sicilia,Sicilia,4999891,5205210,104.11,0.98
901,2021-03-05,SIC,15764,6837,8927,11377,4238,149,ITG,ITG1,19,Sicilia,Sicilia,4999891,5220974,104.42,0.32
902,2021-02-16,SIC,4200,2207,1993,3664,465,71,ITG,ITG1,19,Sicilia,Sicilia,4999891,5225174,104.51,0.08
903,2021-06-17,SIC,41826,19475,22351,20315,21144,367,ITG,ITG1,19,Sicilia,Sicilia,4999891,5267000,105.34,0.84
904,2020-12-31,SIC,894,475,419,886,0,8,ITG,ITG1,19,Sicilia,Sicilia,4999891,5267894,105.36,0.02
905,2021-03-07,SIC,9261,3454,5807,8118,1083,60,ITG,ITG1,19,Sicilia,Sicilia,4999891,5277155,105.55,0.19
906,2021-06-15,SIC,46107,21723,24384,28157,17519,431,ITG,ITG1,19,Sicilia,Sicilia,4999891,5323262,106.47,0.92
907,2021-03-24,SIC,20971,9871,11100,15041,5737,193,ITG,ITG1,19,Sicilia,Sicilia,4999891,5344233,106.89,0.42
908,2021-05-29,SIC,47182,21468,25714,23529,23205,448,ITG,ITG1,19,Sicilia,Sicilia,4999891,5391415,107.83,0.94
909,2021-05-24,LOM,89614,43525,46089,48597,40080,937,ITC,ITC4,3,Lombardia,Lombardia,10060574,89614,0.89,0.89
910,2021-02-11,LOM,17121,5022,12099,9635,7408,78,ITC,ITC4,3,Lombardia,Lombardia,10060574,106735,1.06,0.17
911,2021-05-31,LOM,95729,47424,48305,78381,16244,1104,ITC,ITC4,3,Lombardia,Lombardia,10060574,202464,2.01,0.95
912,2021-07-27,LOM,104919,56840,48079,7473,96740,706,ITC,ITC4,3,Lombardia,Lombardia,10060574,307383,3.06,1.04
913,2021-08-01,LOM,53133,28428,24705,27334,24261,1538,ITC,ITC4,3,Lombardia,Lombardia,10060574,360516,3.58,0.53
914,2021-04-23,LOM,73619,33364,40255,55587,16641,1391,ITC,ITC4,3,Lombardia,Lombardia,10060574,434135,4.32,0.73
915,2021-05-10,LOM,85313,40906,44407,62022,21597,1694,ITC,ITC4,3,Lombardia,Lombardia,10060574,519448,5.16,0.85
916,2021-01-30,LOM,12345,4581,7764,146,12190,9,ITC,ITC4,3,Lombardia,Lombardia,10060574,531793,5.29,0.12
917,2021-03-28,LOM,20629,7878,12751,13963,6281,385,ITC,ITC4,3,Lombardia,Lombardia,10060574,552422,5.49,0.21
918,2021-04-14,LOM,47226,21044,26182,33557,12982,687,ITC,ITC4,3,Lombardia,Lombardia,10060574,599648,5.96,0.47
919,2021-01-04,LOM,6129,2118,4011,6122,0,7,ITC,ITC4,3,Lombardia,Lombardia,10060574,605777,6.02,0.06
920,2021-06-19,LOM,104397,52026,52371,56238,46736,1423,ITC,ITC4,3,Lombardia,Lombardia,10060574,710174,7.06,1.04
921,2021-07-06,LOM,102070,50811,51259,23083,77570,1417,ITC,ITC4,3,Lombardia,Lombardia,10060574,812244,8.07,1.01
922,2021-01-16,LOM,15640,5783,9857,15629,0,11,ITC,ITC4,3,Lombardia,Lombardia,10060574,827884,8.23,0.16
923,2021-06-05,LOM,102444,52960,49484,91103,9829,1512,ITC,ITC4,3,Lombardia,Lombardia,10060574,930328,9.25,1.02
924,2021-03-14,LOM,14880,5349,9531,11218,3288,374,ITC,ITC4,3,Lombardia,Lombardia,10060574,945208,9.4,0.15
925,2021-02-23,LOM,11833,4806,7027,11294,332,207,ITC,ITC4,3,Lombardia,Lombardia,10060574,957041,9.51,0.12
926,2021-02-16,LOM,9525,3080,6445,8974,450,101,ITC,ITC4,3,Lombardia,Lombardia,10060574,966566,9.61,0.09
927,2021-06-10,LOM,102711,52264,50447,86428,14484,1799,ITC,ITC4,3,Lombardia,Lombardia,10060574,1069277,10.63,1.02
928,2021-03-02,LOM,22841,9711,13130,19533,3046,262,ITC,ITC4,3,Lombardia,Lombardia,10060574,1092118,10.86,0.23
929,2020-12-28,LOM,108,47,61,108,0,0,ITC,ITC4,3,Lombardia,Lombardia,10060574,1092226,10.86,0.0
930,2021-07-20,LOM,95018,49095,45923,6905,87360,753,ITC,ITC4,3,Lombardia,Lombardia,10060574,1187244,11.8,0.94
931,2021-02-04,LOM,27980,8157,19823,2046,25929,5,ITC,ITC4,3,Lombardia,Lombardia,10060574,1215224,12.08,0.28
932,2021-07-18,LOM,97103,50592,46511,8545,87865,693,ITC,ITC4,3,Lombardia,Lombardia,10060574,1312327,13.04,0.97
933,2021-04-09,LOM,52442,22389,30053,35588,16015,839,ITC,ITC4,3,Lombardia,Lombardia,10060574,1364769,13.57,0.52
934,2021-07-13,LOM,108617,56779,51838,15448,91933,1236,ITC,ITC4,3,Lombardia,Lombardia,10060574,1473386,14.65,1.08
935,2021-04-04,LOM,7612,3230,4382,3682,3896,34,ITC,ITC4,3,Lombardia,Lombardia,10060574,1480998,14.72,0.08
936,2021-08-06,LOM,85563,46630,38933,17768,66942,853,ITC,ITC4,3,Lombardia,Lombardia,10060574,1566561,15.57,0.85
937,2021-04-28,LOM,95777,43681,52096,66932,26930,1915,ITC,ITC4,3,Lombardia,Lombardia,10060574,1662338,16.52,0.95
938,2021-06-24,LOM,109755,56736,53019,78384,28994,2377,ITC,ITC4,3,Lombardia,Lombardia,10060574,1772093,17.61,1.09
939,2021-03-16,LOM,25531,10128,15403,16305,9104,122,ITC,ITC4,3,Lombardia,Lombardia,10060574,1797624,17.87,0.25
940,2021-05-12,LOM,87569,41777,45792,57438,27605,2526,ITC,ITC4,3,Lombardia,Lombardia,10060574,1885193,18.74,0.87
941,2021-06-12,LOM,89319,48062,41257,84313,3165,1841,ITC,ITC4,3,Lombardia,Lombardia,10060574,1974512,19.63,0.89
942,2021-06-29,LOM,107297,53207,54090,57423,47867,2007,ITC,ITC4,3,Lombardia,Lombardia,10060574,2081809,20.69,1.07
943,2021-03-21,LOM,23521,8499,15022,17732,5197,592,ITC,ITC4,3,Lombardia,Lombardia,10060574,2105330,20.93,0.23
944,2021-03-26,LOM,41354,15717,25637,27508,13171,675,ITC,ITC4,3,Lombardia,Lombardia,10060574,2146684,21.34,0.41
945,2021-05-22,LOM,70662,33861,36801,31727,38219,716,ITC,ITC4,3,Lombardia,Lombardia,10060574,2217346,22.04,0.7
946,2021-05-29,LOM,88377,42435,45942,41397,46136,844,ITC,ITC4,3,Lombardia,Lombardia,10060574,2305723,22.92,0.88
947,2021-02-18,LOM,14059,4929,9130,12823,1038,198,ITC,ITC4,3,Lombardia,Lombardia,10060574,2319782,23.06,0.14
948,2021-07-08,LOM,114647,58437,56210,13217,100404,1026,ITC,ITC4,3,Lombardia,Lombardia,10060574,2434429,24.2,1.14
949,2021-07-25,LOM,86634,45734,40900,9423,76430,781,ITC,ITC4,3,Lombardia,Lombardia,10060574,2521063,25.06,0.86
950,2021-04-16,LOM,53715,23936,29779,38444,14384,887,ITC,ITC4,3,Lombardia,Lombardia,10060574,2574778,25.59,0.53
951,2021-05-03,LOM,83741,39781,43960,69477,12138,2126,ITC,ITC4,3,Lombardia,Lombardia,10060574,2658519,26.43,0.83
952,2021-01-23,LOM,1127,361,766,925,199,3,ITC,ITC4,3,Lombardia,Lombardia,10060574,2659646,26.44,0.01
953,2021-01-09,LOM,12500,4611,7889,12492,0,8,ITC,ITC4,3,Lombardia,Lombardia,10060574,2672146,26.56,0.12
954,2021-03-07,LOM,12094,5364,6730,9339,2563,192,ITC,ITC4,3,Lombardia,Lombardia,10060574,2684240,26.68,0.12
955,2021-01-27,LOM,8062,2683,5379,807,7253,2,ITC,ITC4,3,Lombardia,Lombardia,10060574,2692302,26.76,0.08
956,2021-07-03,LOM,102521,51724,50797,44556,55855,2110,ITC,ITC4,3,Lombardia,Lombardia,10060574,2794823,27.78,1.02
957,2021-03-25,LOM,43032,16092,26940,29255,12872,905,ITC,ITC4,3,Lombardia,Lombardia,10060574,2837855,28.21,0.43
958,2021-05-21,LOM,93922,45276,48646,28389,64771,762,ITC,ITC4,3,Lombardia,Lombardia,10060574,2931777,29.14,0.93
959,2021-06-17,LOM,108653,52755,55898,50732,56744,1177,ITC,ITC4,3,Lombardia,Lombardia,10060574,3040430,30.22,1.08
960,2021-03-09,LOM,33258,12877,20381,25251,7418,589,ITC,ITC4,3,Lombardia,Lombardia,10060574,3073688,30.55,0.33
961,2021-08-13,LOM,43391,23947,19444,14985,27466,940,ITC,ITC4,3,Lombardia,Lombardia,10060574,3117079,30.98,0.43
962,2021-05-05,LOM,88109,42003,46106,70485,15353,2271,ITC,ITC4,3,Lombardia,Lombardia,10060574,3205188,31.86,0.88
963,2021-07-01,LOM,105128,52885,52243,53348,49382,2398,ITC,ITC4,3,Lombardia,Lombardia,10060574,3310316,32.9,1.04
964,2021-04-21,LOM,71863,32575,39288,55839,14684,1340,ITC,ITC4,3,Lombardia,Lombardia,10060574,3382179,33.62,0.71
965,2021-01-11,LOM,16309,5390,10919,16299,0,10,ITC,ITC4,3,Lombardia,Lombardia,10060574,3398488,33.78,0.16
966,2021-01-28,LOM,12262,3720,8542,795,11460,7,ITC,ITC4,3,Lombardia,Lombardia,10060574,3410750,33.9,0.12
967,2021-08-03,LOM,85792,46508,39284,13454,71609,729,ITC,ITC4,3,Lombardia,Lombardia,10060574,3496542,34.75,0.85
968,2021-08-08,LOM,58834,31955,26879,16678,41362,794,ITC,ITC4,3,Lombardia,Lombardia,10060574,3555376,35.34,0.58
969,2021-05-17,LOM,94690,45372,49318,29550,64437,703,ITC,ITC4,3,Lombardia,Lombardia,10060574,3650066,36.28,0.94
970,2021-04-02,LOM,41409,16949,24460,26212,14643,554,ITC,ITC4,3,Lombardia,Lombardia,10060574,3691475,36.69,0.41
971,2021-08-12,LOM,56863,31229,25634,21969,33515,1379,ITC,ITC4,3,Lombardia,Lombardia,10060574,3748338,37.26,0.57
972,2021-02-13,LOM,6424,2444,3980,4886,1478,60,ITC,ITC4,3,Lombardia,Lombardia,10060574,3754762,37.32,0.06
973,2021-07-17,LOM,108498,57291,51207,10219,97354,925,ITC,ITC4,3,Lombardia,Lombardia,10060574,3863260,38.4,1.08
974,2021-01-13,LOM,26471,8096,18375,26446,0,25,ITC,ITC4,3,Lombardia,Lombardia,10060574,3889731,38.66,0.26
975,2021-07-29,LOM,74397,40416,33981,33761,38682,1954,ITC,ITC4,3,Lombardia,Lombardia,10060574,3964128,39.4,0.74
976,2021-02-20,LOM,9364,3870,5494,8847,322,195,ITC,ITC4,3,Lombardia,Lombardia,10060574,3973492,39.5,0.09
977,2021-04-18,LOM,36430,16237,20193,30544,5243,643,ITC,ITC4,3,Lombardia,Lombardia,10060574,4009922,39.86,0.36
978,2021-01-08,LOM,12750,3937,8813,12739,0,11,ITC,ITC4,3,Lombardia,Lombardia,10060574,4022672,39.98,0.13
979,2021-06-21,LOM,113372,58076,55296,78354,32849,2169,ITC,ITC4,3,Lombardia,Lombardia,10060574,4136044,41.11,1.13
980,2021-06-02,LOM,84670,43592,41078,76987,6364,1319,ITC,ITC4,3,Lombardia,Lombardia,10060574,4220714,41.95,0.84
981,2021-03-11,LOM,36265,13499,22766,25637,9944,684,ITC,ITC4,3,Lombardia,Lombardia,10060574,4256979,42.31,0.36
982,2021-05-07,LOM,92404,43733,48671,68390,22428,1586,ITC,ITC4,3,Lombardia,Lombardia,10060574,4349383,43.23,0.92
983,2021-03-18,LOM,27437,10977,16460,15936,11274,227,ITC,ITC4,3,Lombardia,Lombardia,10060574,4376820,43.5,0.27
984,2021-05-14,LOM,86031,41432,44599,53291,30357,2383,ITC,ITC4,3,Lombardia,Lombardia,10060574,4462851,44.36,0.86
985,2021-07-10,LOM,107264,54300,52964,13915,92170,1179,ITC,ITC4,3,Lombardia,Lombardia,10060574,4570115,45.43,1.07
986,2021-01-18,LOM,9261,2988,6273,8271,975,15,ITC,ITC4,3,Lombardia,Lombardia,10060574,4579376,45.52,0.09
987,2021-03-23,LOM,42617,15487,27130,28869,12889,859,ITC,ITC4,3,Lombardia,Lombardia,10060574,4621993,45.94,0.42
988,2021-04-11,LOM,32224,13944,18280,24317,7396,511,ITC,ITC4,3,Lombardia,Lombardia,10060574,4654217,46.26,0.32
989,2021-01-01,LOM,24,7,17,24,0,0,ITC,ITC4,3,Lombardia,Lombardia,10060574,4654241,46.26,0.0
990,2021-06-07,LOM,99006,50441,48565,84034,13352,1620,ITC,ITC4,3,Lombardia,Lombardia,10060574,4753247,47.25,0.98
991,2021-02-27,LOM,13954,5876,8078,13153,645,156,ITC,ITC4,3,Lombardia,Lombardia,10060574,4767201,47.38,0.14
992,2020-12-30,LOM,115,42,73,115,0,0,ITC,ITC4,3,Lombardia,Lombardia,10060574,4767316,47.39,0.0
993,2021-06-16,LOM,99358,50471,48887,49866,48342,1150,ITC,ITC4,3,Lombardia,Lombardia,10060574,4866674,48.37,0.99
994,2021-08-05,LOM,90273,49262,41011,15719,73738,816,ITC,ITC4,3,Lombardia,Lombardia,10060574,4956947,49.27,0.9
995,2021-03-30,LOM,39719,15621,24098,24256,14854,609,ITC,ITC4,3,Lombardia,Lombardia,10060574,4996666,49.67,0.39
996,2021-01-06,LOM,7164,2531,4633,7158,0,6,ITC,ITC4,3,Lombardia,Lombardia,10060574,5003830,49.74,0.07
997,2021-05-18,LOM,88241,42171,46070,31887,55586,768,ITC,ITC4,3,Lombardia,Lombardia,10060574,5092071,50.61,0.88
998,2021-06-04,LOM,104648,54321,50327,93199,9661,1788,ITC,ITC4,3,Lombardia,Lombardia,10060574,5196719,51.65,1.04
999,2021-02-24,LOM,14724,5959,8765,13575,956,193,ITC,ITC4,3,Lombardia,Lombardia,10060574,5211443,51.8,0.15
1000,2021-05-16,LOM,68722,32514,36208,35587,32220,915,ITC,ITC4,3,Lombardia,Lombardia,10060574,5280165,52.48,0.68
1001,2021-02-05,LOM,25775,7486,18289,2427,23335,13,ITC,ITC4,3,Lombardia,Lombardia,10060574,5305940,52.74,0.26
1002,2021-02-22,LOM,11936,4818,7118,11429,309,198,ITC,ITC4,3,Lombardia,Lombardia,10060574,5317876,52.86,0.12
1003,2021-03-13,LOM,27222,9792,17430,20557,6114,551,ITC,ITC4,3,Lombardia,Lombardia,10060574,5345098,53.13,0.27
1004,2021-03-04,LOM,29364,12131,17233,20063,9082,219,ITC,ITC4,3,Lombardia,Lombardia,10060574,5374462,53.42,0.29
1005,2021-06-30,LOM,106989,52998,53991,56587,48280,2122,ITC,ITC4,3,Lombardia,Lombardia,10060574,5481451,54.48,1.06
1006,2021-03-22,LOM,40355,14311,26044,28955,10566,834,ITC,ITC4,3,Lombardia,Lombardia,10060574,5521806,54.89,0.4
1007,2021-04-08,LOM,52450,21789,30661,35292,16485,673,ITC,ITC4,3,Lombardia,Lombardia,10060574,5574256,55.41,0.52
1008,2020-12-29,LOM,106,45,61,106,0,0,ITC,ITC4,3,Lombardia,Lombardia,10060574,5574362,55.41,0.0
1009,2021-07-14,LOM,109400,56836,52564,14346,93642,1412,ITC,ITC4,3,Lombardia,Lombardia,10060574,5683762,56.5,1.09
1010,2021-07-31,LOM,71109,38775,32334,36370,32718,2021,ITC,ITC4,3,Lombardia,Lombardia,10060574,5754871,57.2,0.71
1011,2021-04-22,LOM,74039,33430,40609,56235,16422,1382,ITC,ITC4,3,Lombardia,Lombardia,10060574,5828910,57.94,0.74
1012,2021-06-26,LOM,105924,55456,50468,77784,25738,2402,ITC,ITC4,3,Lombardia,Lombardia,10060574,5934834,58.99,1.05
1013,2021-02-10,LOM,14452,4525,9927,7566,6857,29,ITC,ITC4,3,Lombardia,Lombardia,10060574,5949286,59.13,0.14
1014,2021-01-25,LOM,7111,2395,4716,513,6595,3,ITC,ITC4,3,Lombardia,Lombardia,10060574,5956397,59.21,0.07
1015,2021-02-01,LOM,16111,5334,10777,306,15803,2,ITC,ITC4,3,Lombardia,Lombardia,10060574,5972508,59.37,0.16
1016,2021-07-05,LOM,101916,49781,52135,31500,68527,1889,ITC,ITC4,3,Lombardia,Lombardia,10060574,6074424,60.38,1.01
1017,2021-07-12,LOM,111843,57498,54345,14801,95902,1140,ITC,ITC4,3,Lombardia,Lombardia,10060574,6186267,61.49,1.11
1018,2021-04-03,LOM,36295,14880,21415,25786,10127,382,ITC,ITC4,3,Lombardia,Lombardia,10060574,6222562,61.85,0.36
1019,2021-05-30,LOM,74417,35611,38806,33794,40005,618,ITC,ITC4,3,Lombardia,Lombardia,10060574,6296979,62.59,0.74
1020,2021-07-26,LOM,109572,58902,50670,7694,101118,760,ITC,ITC4,3,Lombardia,Lombardia,10060574,6406551,63.68,1.09
1021,2021-04-25,LOM,51596,23659,27937,45545,4829,1222,ITC,ITC4,3,Lombardia,Lombardia,10060574,6458147,64.19,0.51
1022,2021-06-28,LOM,108088,55062,53026,74294,31188,2606,ITC,ITC4,3,Lombardia,Lombardia,10060574,6566235,65.27,1.07
1023,2021-07-15,LOM,109296,56216,53080,13377,94727,1192,ITC,ITC4,3,Lombardia,Lombardia,10060574,6675531,66.35,1.09
1024,2021-04-06,LOM,43094,17594,25500,24450,17952,692,ITC,ITC4,3,Lombardia,Lombardia,10060574,6718625,66.78,0.43
1025,2021-06-14,LOM,94875,48202,46673,49130,44628,1117,ITC,ITC4,3,Lombardia,Lombardia,10060574,6813500,67.72,0.94
1026,2021-07-23,LOM,95505,50063,45442,11414,82830,1261,ITC,ITC4,3,Lombardia,Lombardia,10060574,6909005,68.67,0.95
1027,2021-08-09,LOM,68927,36997,31930,18620,49256,1051,ITC,ITC4,3,Lombardia,Lombardia,10060574,6977932,69.36,0.69
1028,2021-05-01,LOM,96048,43705,52343,65053,29279,1716,ITC,ITC4,3,Lombardia,Lombardia,10060574,7073980,70.31,0.95
1029,2021-01-21,LOM,5524,1612,3912,4813,694,17,ITC,ITC4,3,Lombardia,Lombardia,10060574,7079504,70.37,0.05
1030,2021-02-07,LOM,7317,2828,4489,335,6979,3,ITC,ITC4,3,Lombardia,Lombardia,10060574,7086821,70.44,0.07
1031,2021-01-19,LOM,8060,2331,5729,7577,469,14,ITC,ITC4,3,Lombardia,Lombardia,10060574,7094881,70.52,0.08
1032,2021-08-11,LOM,61320,33559,27761,22407,37567,1346,ITC,ITC4,3,Lombardia,Lombardia,10060574,7156201,71.13,0.61
1033,2021-05-20,LOM,95604,46240,49364,31692,63074,838,ITC,ITC4,3,Lombardia,Lombardia,10060574,7251805,72.08,0.95
1034,2021-01-15,LOM,25286,7453,17833,25234,0,52,ITC,ITC4,3,Lombardia,Lombardia,10060574,7277091,72.33,0.25
1035,2021-08-07,LOM,79714,43270,36444,16073,62837,804,ITC,ITC4,3,Lombardia,Lombardia,10060574,7356805,73.13,0.79
1036,2021-04-29,LOM,115629,53622,62007,83147,29903,2579,ITC,ITC4,3,Lombardia,Lombardia,10060574,7472434,74.27,1.15
1037,2021-06-25,LOM,108322,56252,52070,78361,27656,2305,ITC,ITC4,3,Lombardia,Lombardia,10060574,7580756,75.35,1.08
1038,2021-04-20,LOM,67696,30840,36856,55907,10356,1433,ITC,ITC4,3,Lombardia,Lombardia,10060574,7648452,76.02,0.67
1039,2021-01-10,LOM,10551,3981,6570,10543,0,8,ITC,ITC4,3,Lombardia,Lombardia,10060574,7659003,76.13,0.1
1040,2021-01-17,LOM,8356,3349,5007,8149,201,6,ITC,ITC4,3,Lombardia,Lombardia,10060574,7667359,76.21,0.08
1041,2021-06-23,LOM,111060,57454,53606,76741,32186,2133,ITC,ITC4,3,Lombardia,Lombardia,10060574,7778419,77.32,1.1
1042,2021-03-15,LOM,31607,11352,20255,22430,8561,616,ITC,ITC4,3,Lombardia,Lombardia,10060574,7810026,77.63,0.31
1043,2021-03-06,LOM,21361,9107,12254,16544,4519,298,ITC,ITC4,3,Lombardia,Lombardia,10060574,7831387,77.84,0.21
1044,2021-06-09,LOM,103704,52245,51459,87440,14542,1722,ITC,ITC4,3,Lombardia,Lombardia,10060574,7935091,78.87,1.03
1045,2021-03-08,LOM,29800,11205,18595,22169,7111,520,ITC,ITC4,3,Lombardia,Lombardia,10060574,7964891,79.17,0.3
1046,2021-05-04,LOM,86872,41093,45779,70304,14417,2151,ITC,ITC4,3,Lombardia,Lombardia,10060574,8051763,80.03,0.86
1047,2021-01-24,LOM,1202,458,744,538,664,0,ITC,ITC4,3,Lombardia,Lombardia,10060574,8052965,80.04,0.01
1048,2021-04-27,LOM,86094,40004,46090,67679,16598,1817,ITC,ITC4,3,Lombardia,Lombardia,10060574,8139059,80.9,0.86
1049,2021-03-17,LOM,26295,10508,15787,15111,11024,160,ITC,ITC4,3,Lombardia,Lombardia,10060574,8165354,81.16,0.26
1050,2021-07-04,LOM,86779,43405,43374,40213,44609,1957,ITC,ITC4,3,Lombardia,Lombardia,10060574,8252133,82.02,0.86
1051,2021-07-02,LOM,104010,52131,51879,48881,52927,2202,ITC,ITC4,3,Lombardia,Lombardia,10060574,8356143,83.06,1.03
1052,2021-03-24,LOM,43333,15644,27689,30472,11971,890,ITC,ITC4,3,Lombardia,Lombardia,10060574,8399476,83.49,0.43
1053,2021-02-09,LOM,12229,3336,8893,4026,8189,14,ITC,ITC4,3,Lombardia,Lombardia,10060574,8411705,83.61,0.12
1054,2021-03-03,LOM,27012,11526,15486,19486,7308,218,ITC,ITC4,3,Lombardia,Lombardia,10060574,8438717,83.88,0.27
1055,2021-05-11,LOM,86934,41457,45477,58273,26243,2418,ITC,ITC4,3,Lombardia,Lombardia,10060574,8525651,84.74,0.86
1056,2021-05-28,LOM,93680,44875,48805,42033,50735,912,ITC,ITC4,3,Lombardia,Lombardia,10060574,8619331,85.67,0.93
1057,2021-02-17,LOM,12024,3774,8250,10439,1392,193,ITC,ITC4,3,Lombardia,Lombardia,10060574,8631355,85.79,0.12
1058,2021-05-26,LOM,93773,44680,49093,42747,50137,889,ITC,ITC4,3,Lombardia,Lombardia,10060574,8725128,86.73,0.93
1059,2021-02-15,LOM,9036,3163,5873,8380,476,180,ITC,ITC4,3,Lombardia,Lombardia,10060574,8734164,86.82,0.09
1060,2021-03-20,LOM,32611,12172,20439,22251,9859,501,ITC,ITC4,3,Lombardia,Lombardia,10060574,8766775,87.14,0.32
1061,2021-05-23,LOM,60813,28962,31851,26295,34005,513,ITC,ITC4,3,Lombardia,Lombardia,10060574,8827588,87.74,0.6
1062,2021-02-12,LOM,14015,4381,9634,8876,4979,160,ITC,ITC4,3,Lombardia,Lombardia,10060574,8841603,87.88,0.14
1063,2021-07-19,LOM,96913,50314,46599,10802,85028,1083,ITC,ITC4,3,Lombardia,Lombardia,10060574,8938516,88.85,0.96
1064,2021-04-10,LOM,52787,21864,30923,40074,11962,751,ITC,ITC4,3,Lombardia,Lombardia,10060574,8991303,89.37,0.52
1065,2021-06-06,LOM,90135,46351,43784,79535,9222,1378,ITC,ITC4,3,Lombardia,Lombardia,10060574,9081438,90.27,0.9
1066,2021-01-07,LOM,11806,3656,8150,11765,0,41,ITC,ITC4,3,Lombardia,Lombardia,10060574,9093244,90.38,0.12
1067,2021-02-19,LOM,14226,5402,8824,13326,725,175,ITC,ITC4,3,Lombardia,Lombardia,10060574,9107470,90.53,0.14
1068,2021-04-17,LOM,48552,21318,27234,36968,10868,716,ITC,ITC4,3,Lombardia,Lombardia,10060574,9156022,91.01,0.48
1069,2021-02-26,LOM,18441,7570,10871,16329,1906,206,ITC,ITC4,3,Lombardia,Lombardia,10060574,9174463,91.19,0.18
1070,2021-07-30,LOM,73216,39735,33481,35022,36072,2122,ITC,ITC4,3,Lombardia,Lombardia,10060574,9247679,91.92,0.73
1071,2021-06-18,LOM,107714,52907,54807,51922,54553,1239,ITC,ITC4,3,Lombardia,Lombardia,10060574,9355393,92.99,1.07
1072,2021-02-03,LOM,25703,7942,17761,1078,24620,5,ITC,ITC4,3,Lombardia,Lombardia,10060574,9381096,93.25,0.26
1073,2021-04-01,LOM,43172,17311,25861,26082,16377,713,ITC,ITC4,3,Lombardia,Lombardia,10060574,9424268,93.68,0.43
1074,2021-06-01,LOM,94030,46128,47902,75802,17121,1107,ITC,ITC4,3,Lombardia,Lombardia,10060574,9518298,94.61,0.93
1075,2021-01-02,LOM,202,74,128,202,0,0,ITC,ITC4,3,Lombardia,Lombardia,10060574,9518500,94.61,0.0
1076,2021-06-08,LOM,102928,52312,50616,87174,14079,1675,ITC,ITC4,3,Lombardia,Lombardia,10060574,9621428,95.63,1.02
1077,2021-02-28,LOM,7886,3256,4630,7604,210,72,ITC,ITC4,3,Lombardia,Lombardia,10060574,9629314,95.71,0.08
1078,2021-08-04,LOM,90093,48783,41310,14426,75003,664,ITC,ITC4,3,Lombardia,Lombardia,10060574,9719407,96.61,0.9
1079,2021-04-26,LOM,88019,40948,47071,67079,19168,1772,ITC,ITC4,3,Lombardia,Lombardia,10060574,9807426,97.48,0.87
1080,2020-12-31,LOM,714,302,412,714,0,0,ITC,ITC4,3,Lombardia,Lombardia,10060574,9808140,97.49,0.01
1081,2020-12-27,LOM,718,414,304,718,0,0,ITC,ITC4,3,Lombardia,Lombardia,10060574,9808858,97.5,0.01
1082,2021-08-02,LOM,83608,45297,38311,18326,64374,908,ITC,ITC4,3,Lombardia,Lombardia,10060574,9892466,98.33,0.83
1083,2021-05-09,LOM,69720,32889,36831,54465,13278,1977,ITC,ITC4,3,Lombardia,Lombardia,10060574,9962186,99.02,0.69
1084,2021-01-29,LOM,13540,4145,9395,686,12851,3,ITC,ITC4,3,Lombardia,Lombardia,10060574,9975726,99.16,0.13
1085,2021-07-21,LOM,93983,48488,45495,8595,84509,879,ITC,ITC4,3,Lombardia,Lombardia,10060574,10069709,100.09,0.93
1086,2021-04-12,LOM,47325,20613,26712,32303,14386,636,ITC,ITC4,3,Lombardia,Lombardia,10060574,10117034,100.56,0.47
1087,2021-02-21,LOM,5053,1864,3189,4942,17,94,ITC,ITC4,3,Lombardia,Lombardia,10060574,10122087,100.61,0.05
1088,2021-07-28,LOM,77427,41718,35709,19103,56568,1756,ITC,ITC4,3,Lombardia,Lombardia,10060574,10199514,101.38,0.77
1089,2021-04-19,LOM,60397,27482,32915,49705,9416,1276,ITC,ITC4,3,Lombardia,Lombardia,10060574,10259911,101.98,0.6
1090,2021-06-15,LOM,96062,48888,47174,49023,45984,1055,ITC,ITC4,3,Lombardia,Lombardia,10060574,10355973,102.94,0.95
1091,2021-06-11,LOM,101521,51711,49810,84941,14687,1893,ITC,ITC4,3,Lombardia,Lombardia,10060574,10457494,103.95,1.01
1092,2021-04-05,LOM,27391,11698,15693,19029,8108,254,ITC,ITC4,3,Lombardia,Lombardia,10060574,10484885,104.22,0.27
1093,2021-06-13,LOM,76002,40564,35438,72287,2129,1586,ITC,ITC4,3,Lombardia,Lombardia,10060574,10560887,104.97,0.76
1094,2021-03-05,LOM,28986,11960,17026,20252,8432,302,ITC,ITC4,3,Lombardia,Lombardia,10060574,10589873,105.26,0.29
1095,2021-06-27,LOM,90951,46822,44129,69783,18870,2298,ITC,ITC4,3,Lombardia,Lombardia,10060574,10680824,106.17,0.9
1096,2021-03-19,LOM,32492,12941,19551,18918,13252,322,ITC,ITC4,3,Lombardia,Lombardia,10060574,10713316,106.49,0.32
1097,2021-03-01,LOM,18799,8235,10564,16885,1708,206,ITC,ITC4,3,Lombardia,Lombardia,10060574,10732115,106.67,0.19
1098,2021-05-15,LOM,80964,38804,42160,45492,33424,2048,ITC,ITC4,3,Lombardia,Lombardia,10060574,10813079,107.48,0.8
1099,2021-07-11,LOM,90326,45696,44630,11767,77501,1058,ITC,ITC4,3,Lombardia,Lombardia,10060574,10903405,108.38,0.9
1100,2021-05-13,LOM,87224,41795,45429,55733,28894,2597,ITC,ITC4,3,Lombardia,Lombardia,10060574,10990629,109.24,0.87
1101,2021-02-02,LOM,19976,6637,13339,497,19476,3,ITC,ITC4,3,Lombardia,Lombardia,10060574,11010605,109.44,0.2
1102,2021-03-31,LOM,42250,17139,25111,26199,15369,682,ITC,ITC4,3,Lombardia,Lombardia,10060574,11052855,109.86,0.42
1103,2021-03-10,LOM,33349,12756,20593,24860,7897,592,ITC,ITC4,3,Lombardia,Lombardia,10060574,11086204,110.19,0.33
1104,2021-05-06,LOM,89936,42226,47710,70992,16567,2377,ITC,ITC4,3,Lombardia,Lombardia,10060574,11176140,111.09,0.89
1105,2021-01-26,LOM,8377,2715,5662,348,8028,1,ITC,ITC4,3,Lombardia,Lombardia,10060574,11184517,111.17,0.08
1106,2021-01-31,LOM,9808,3802,6006,29,9779,0,ITC,ITC4,3,Lombardia,Lombardia,10060574,11194325,111.27,0.1
1107,2021-05-25,LOM,91213,43641,47572,43859,46530,824,ITC,ITC4,3,Lombardia,Lombardia,10060574,11285538,112.18,0.91
1108,2021-02-14,LOM,3585,1547,2038,2935,636,14,ITC,ITC4,3,Lombardia,Lombardia,10060574,11289123,112.21,0.04
1109,2021-01-12,LOM,20327,6739,13588,20297,0,30,ITC,ITC4,3,Lombardia,Lombardia,10060574,11309450,112.41,0.2
1110,2021-05-27,LOM,94961,45488,49473,40621,53548,792,ITC,ITC4,3,Lombardia,Lombardia,10060574,11404411,113.36,0.94
1111,2021-04-24,LOM,75834,33608,42226,53441,21152,1241,ITC,ITC4,3,Lombardia,Lombardia,10060574,11480245,114.11,0.75
1112,2021-01-14,LOM,26964,7817,19147,26911,0,53,ITC,ITC4,3,Lombardia,Lombardia,10060574,11507209,114.38,0.27
1113,2021-05-08,LOM,87798,40776,47022,63480,22090,2228,ITC,ITC4,3,Lombardia,Lombardia,10060574,11595007,115.25,0.87
1114,2021-07-16,LOM,108887,56700,52187,11126,96596,1165,ITC,ITC4,3,Lombardia,Lombardia,10060574,11703894,116.33,1.08
1115,2021-04-07,LOM,50619,20935,29684,34080,15831,708,ITC,ITC4,3,Lombardia,Lombardia,10060574,11754513,116.84,0.5
1116,2021-05-19,LOM,83301,39784,43517,33119,49372,810,ITC,ITC4,3,Lombardia,Lombardia,10060574,11837814,117.67,0.83
1117,2021-02-08,LOM,10127,2933,7194,2125,7994,8,ITC,ITC4,3,Lombardia,Lombardia,10060574,11847941,117.77,0.1
1118,2021-02-25,LOM,15351,6368,8983,13534,1617,200,ITC,ITC4,3,Lombardia,Lombardia,10060574,11863292,117.92,0.15
1119,2021-02-06,LOM,15298,5550,9748,1012,14281,5,ITC,ITC4,3,Lombardia,Lombardia,10060574,11878590,118.07,0.15
1120,2021-07-24,LOM,95873,50654,45219,9738,85276,859,ITC,ITC4,3,Lombardia,Lombardia,10060574,11974463,119.02,0.95
1121,2021-08-10,LOM,61398,33240,28158,18656,41684,1058,ITC,ITC4,3,Lombardia,Lombardia,10060574,12035861,119.63,0.61
1122,2021-05-02,LOM,83523,38343,45180,59262,22475,1786,ITC,ITC4,3,Lombardia,Lombardia,10060574,12119384,120.46,0.83
1123,2021-07-22,LOM,99369,52031,47338,12497,85418,1454,ITC,ITC4,3,Lombardia,Lombardia,10060574,12218753,121.45,0.99
1124,2021-04-13,LOM,47684,21286,26398,32938,14101,645,ITC,ITC4,3,Lombardia,Lombardia,10060574,12266437,121.93,0.47
1125,2021-04-30,LOM,117522,54887,62635,87261,27678,2583,ITC,ITC4,3,Lombardia,Lombardia,10060574,12383959,123.09,1.17
1126,2021-01-20,LOM,5711,1392,4319,5591,115,5,ITC,ITC4,3,Lombardia,Lombardia,10060574,12389670,123.15,0.06
1127,2021-01-22,LOM,3197,884,2313,3123,69,5,ITC,ITC4,3,Lombardia,Lombardia,10060574,12392867,123.18,0.03
1128,2021-07-07,LOM,111999,56153,55846,18000,92839,1160,ITC,ITC4,3,Lombardia,Lombardia,10060574,12504866,124.3,1.11
1129,2021-04-15,LOM,49476,21869,27607,34890,13835,751,ITC,ITC4,3,Lombardia,Lombardia,10060574,12554342,124.79,0.49
1130,2021-01-05,LOM,7872,2580,5292,7866,0,6,ITC,ITC4,3,Lombardia,Lombardia,10060574,12562214,124.87,0.08
1131,2021-03-27,LOM,32505,12403,20102,23117,8756,632,ITC,ITC4,3,Lombardia,Lombardia,10060574,12594719,125.19,0.32
1132,2021-01-03,LOM,856,316,540,855,0,1,ITC,ITC4,3,Lombardia,Lombardia,10060574,12595575,125.2,0.01
1133,2021-06-22,LOM,111248,58100,53148,79176,29949,2123,ITC,ITC4,3,Lombardia,Lombardia,10060574,12706823,126.3,1.11
1134,2021-07-09,LOM,115734,58995,56739,11733,103117,884,ITC,ITC4,3,Lombardia,Lombardia,10060574,12822557,127.45,1.15
1135,2021-06-03,LOM,97186,49738,47448,84612,10910,1664,ITC,ITC4,3,Lombardia,Lombardia,10060574,12919743,128.42,0.97
1136,2021-06-20,LOM,89033,44369,44664,52828,34964,1241,ITC,ITC4,3,Lombardia,Lombardia,10060574,13008776,129.3,0.88
1137,2021-03-12,LOM,35312,12979,22333,24459,10237,616,ITC,ITC4,3,Lombardia,Lombardia,10060574,13044088,129.66,0.35
1138,2021-03-29,LOM,40061,15548,24513,24534,14848,679,ITC,ITC4,3,Lombardia,Lombardia,10060574,13084149,130.05,0.4
1139,2021-07-27,CAL,17578,8987,8591,5016,12480,82,ITF,ITF6,18,Calabria,Calabria,1947131,17578,0.9,0.9
1140,2021-01-06,CAL,951,515,436,951,0,0,ITF,ITF6,18,Calabria,Calabria,1947131,18529,0.95,0.05
1141,2021-04-16,CAL,10303,5031,5272,8626,1624,53,ITF,ITF6,18,Calabria,Calabria,1947131,28832,1.48,0.53
1142,2021-02-18,CAL,1874,865,1009,1624,232,18,ITF,ITF6,18,Calabria,Calabria,1947131,30706,1.58,0.1
1143,2021-08-03,CAL,14078,7110,6968,3898,10109,71,ITF,ITF6,18,Calabria,Calabria,1947131,44784,2.3,0.72
1144,2021-06-21,CAL,15402,7091,8311,7994,7369,39,ITF,ITF6,18,Calabria,Calabria,1947131,60186,3.09,0.79
1145,2021-04-18,CAL,5869,2804,3065,4930,916,23,ITF,ITF6,18,Calabria,Calabria,1947131,66055,3.39,0.3
1146,2021-04-04,CAL,1573,789,784,1141,421,11,ITF,ITF6,18,Calabria,Calabria,1947131,67628,3.47,0.08
1147,2021-06-26,CAL,15573,7197,8376,7572,7931,70,ITF,ITF6,18,Calabria,Calabria,1947131,83201,4.27,0.8
1148,2021-03-09,CAL,6554,3426,3128,5496,991,67,ITF,ITF6,18,Calabria,Calabria,1947131,89755,4.61,0.34
1149,2021-02-20,CAL,1489,781,708,1149,326,14,ITF,ITF6,18,Calabria,Calabria,1947131,91244,4.69,0.08
1150,2021-05-31,CAL,15300,7348,7952,7311,7908,81,ITF,ITF6,18,Calabria,Calabria,1947131,106544,5.47,0.79
1151,2021-02-06,CAL,2925,1346,1579,440,2484,1,ITF,ITF6,18,Calabria,Calabria,1947131,109469,5.62,0.15
1152,2021-07-10,CAL,15938,7532,8406,3246,12649,43,ITF,ITF6,18,Calabria,Calabria,1947131,125407,6.44,0.82
1153,2021-01-23,CAL,403,188,215,360,43,0,ITF,ITF6,18,Calabria,Calabria,1947131,125810,6.46,0.02
1154,2021-03-28,CAL,2698,1237,1461,1566,1127,5,ITF,ITF6,18,Calabria,Calabria,1947131,128508,6.6,0.14
1155,2021-08-08,CAL,4215,2145,2070,1492,2695,28,ITF,ITF6,18,Calabria,Calabria,1947131,132723,6.82,0.22
1156,2021-07-22,CAL,18315,9024,9291,3485,14741,89,ITF,ITF6,18,Calabria,Calabria,1947131,151038,7.76,0.94
1157,2021-04-30,CAL,15091,7400,7691,10541,4473,77,ITF,ITF6,18,Calabria,Calabria,1947131,166129,8.53,0.78
1158,2021-01-11,CAL,2187,1060,1127,2185,0,2,ITF,ITF6,18,Calabria,Calabria,1947131,168316,8.64,0.11
1159,2021-01-25,CAL,1087,521,566,150,937,0,ITF,ITF6,18,Calabria,Calabria,1947131,169403,8.7,0.06
1160,2021-05-05,CAL,13580,6492,7088,8411,5096,73,ITF,ITF6,18,Calabria,Calabria,1947131,182983,9.4,0.7
1161,2021-03-02,CAL,4406,2499,1907,3615,782,9,ITF,ITF6,18,Calabria,Calabria,1947131,187389,9.62,0.23
1162,2021-03-16,CAL,3864,1895,1969,2183,1669,12,ITF,ITF6,18,Calabria,Calabria,1947131,191253,9.82,0.2
1163,2021-08-10,CAL,9777,4912,4865,3603,6075,99,ITF,ITF6,18,Calabria,Calabria,1947131,201030,10.32,0.5
1164,2021-06-14,CAL,14359,6511,7848,9630,4652,77,ITF,ITF6,18,Calabria,Calabria,1947131,215389,11.06,0.74
1165,2021-03-04,CAL,5489,3194,2295,4670,799,20,ITF,ITF6,18,Calabria,Calabria,1947131,220878,11.34,0.28
1166,2021-06-12,CAL,13248,6298,6950,10782,2399,67,ITF,ITF6,18,Calabria,Calabria,1947131,234126,12.02,0.68
1167,2021-07-01,CAL,12381,5834,6547,5467,6830,84,ITF,ITF6,18,Calabria,Calabria,1947131,246507,12.66,0.64
1168,2021-02-01,CAL,2552,1211,1341,238,2311,3,ITF,ITF6,18,Calabria,Calabria,1947131,249059,12.79,0.13
1169,2021-07-08,CAL,12054,5618,6436,2692,9317,45,ITF,ITF6,18,Calabria,Calabria,1947131,261113,13.41,0.62
1170,2021-05-12,CAL,16470,8036,8434,10832,5543,95,ITF,ITF6,18,Calabria,Calabria,1947131,277583,14.26,0.85
1171,2021-06-07,CAL,18010,8424,9586,14717,3213,80,ITF,ITF6,18,Calabria,Calabria,1947131,295593,15.18,0.92
1172,2021-05-24,CAL,17782,8910,8872,9939,7761,82,ITF,ITF6,18,Calabria,Calabria,1947131,313375,16.09,0.91
1173,2021-05-07,CAL,16235,7646,8589,9661,6496,78,ITF,ITF6,18,Calabria,Calabria,1947131,329610,16.93,0.83
1174,2021-02-13,CAL,1413,611,802,1041,369,3,ITF,ITF6,18,Calabria,Calabria,1947131,331023,17.0,0.07
1175,2021-01-04,CAL,1075,532,543,1072,0,3,ITF,ITF6,18,Calabria,Calabria,1947131,332098,17.06,0.06
1176,2021-04-23,CAL,13139,6454,6685,9438,3605,96,ITF,ITF6,18,Calabria,Calabria,1947131,345237,17.73,0.67
1177,2021-01-13,CAL,2095,1057,1038,2083,0,12,ITF,ITF6,18,Calabria,Calabria,1947131,347332,17.84,0.11
1178,2021-06-23,CAL,17231,7871,9360,8149,9001,81,ITF,ITF6,18,Calabria,Calabria,1947131,364563,18.72,0.88
1179,2021-03-11,CAL,7296,3470,3826,5954,1294,48,ITF,ITF6,18,Calabria,Calabria,1947131,371859,19.1,0.37
1180,2021-06-19,CAL,15851,7418,8433,8501,7282,68,ITF,ITF6,18,Calabria,Calabria,1947131,387710,19.91,0.81
1181,2021-01-30,CAL,2217,1173,1044,308,1906,3,ITF,ITF6,18,Calabria,Calabria,1947131,389927,20.03,0.11
1182,2021-02-17,CAL,1875,831,1044,1646,212,17,ITF,ITF6,18,Calabria,Calabria,1947131,391802,20.12,0.1
1183,2021-07-24,CAL,17999,9259,8740,4572,13333,94,ITF,ITF6,18,Calabria,Calabria,1947131,409801,21.05,0.92
1184,2021-05-28,CAL,20995,10204,10791,11422,9461,112,ITF,ITF6,18,Calabria,Calabria,1947131,430796,22.12,1.08
1185,2021-04-15,CAL,7771,3811,3960,5978,1747,46,ITF,ITF6,18,Calabria,Calabria,1947131,438567,22.52,0.4
1186,2021-04-01,CAL,8683,3952,4731,4153,4493,37,ITF,ITF6,18,Calabria,Calabria,1947131,447250,22.97,0.45
1187,2021-05-26,CAL,18730,9327,9403,10322,8315,93,ITF,ITF6,18,Calabria,Calabria,1947131,465980,23.93,0.96
1188,2021-03-30,CAL,6486,2830,3656,3653,2813,20,ITF,ITF6,18,Calabria,Calabria,1947131,472466,24.26,0.33
1189,2021-05-19,CAL,18321,9080,9241,11262,6986,73,ITF,ITF6,18,Calabria,Calabria,1947131,490787,25.21,0.94
1190,2021-03-23,CAL,5267,2470,2797,3423,1822,22,ITF,ITF6,18,Calabria,Calabria,1947131,496054,25.48,0.27
1191,2021-07-29,CAL,17585,8764,8821,4716,12768,101,ITF,ITF6,18,Calabria,Calabria,1947131,513639,26.38,0.9
1192,2021-02-11,CAL,2352,1051,1301,1063,1267,22,ITF,ITF6,18,Calabria,Calabria,1947131,515991,26.5,0.12
1193,2021-01-18,CAL,1306,592,714,1054,248,4,ITF,ITF6,18,Calabria,Calabria,1947131,517297,26.57,0.07
1194,2021-07-03,CAL,15168,7143,8025,5273,9818,77,ITF,ITF6,18,Calabria,Calabria,1947131,532465,27.35,0.78
1195,2021-04-11,CAL,4207,1912,2295,2242,1948,17,ITF,ITF6,18,Calabria,Calabria,1947131,536672,27.56,0.22
1196,2021-07-20,CAL,17490,8480,9010,3205,14216,69,ITF,ITF6,18,Calabria,Calabria,1947131,554162,28.46,0.9
1197,2021-02-25,CAL,2911,1569,1342,2272,599,40,ITF,ITF6,18,Calabria,Calabria,1947131,557073,28.61,0.15
1198,2021-06-11,CAL,17829,8760,9069,15130,2575,124,ITF,ITF6,18,Calabria,Calabria,1947131,574902,29.53,0.92
1199,2021-01-08,CAL,2195,1048,1147,2188,0,7,ITF,ITF6,18,Calabria,Calabria,1947131,577097,29.64,0.11
1200,2021-03-18,CAL,4471,2095,2376,2336,2111,24,ITF,ITF6,18,Calabria,Calabria,1947131,581568,29.87,0.23
1201,2021-02-27,CAL,4036,2078,1958,3646,383,7,ITF,ITF6,18,Calabria,Calabria,1947131,585604,30.08,0.21
1202,2021-07-31,CAL,13798,7057,6741,3640,10086,72,ITF,ITF6,18,Calabria,Calabria,1947131,599402,30.78,0.71
1203,2021-03-13,CAL,6998,3036,3962,5938,1025,35,ITF,ITF6,18,Calabria,Calabria,1947131,606400,31.14,0.36
1204,2021-01-15,CAL,2816,1265,1551,2810,0,6,ITF,ITF6,18,Calabria,Calabria,1947131,609216,31.29,0.14
1205,2021-04-25,CAL,15897,8067,7830,14801,1028,68,ITF,ITF6,18,Calabria,Calabria,1947131,625113,32.1,0.82
1206,2021-05-14,CAL,19936,9578,10358,12944,6881,111,ITF,ITF6,18,Calabria,Calabria,1947131,645049,33.13,1.02
1207,2021-04-27,CAL,9974,4905,5069,7963,1963,48,ITF,ITF6,18,Calabria,Calabria,1947131,655023,33.64,0.51
1208,2021-02-03,CAL,2871,1476,1395,530,2336,5,ITF,ITF6,18,Calabria,Calabria,1947131,657894,33.79,0.15
1209,2021-07-19,CAL,18993,9100,9893,3022,15923,48,ITF,ITF6,18,Calabria,Calabria,1947131,676887,34.76,0.98
1210,2021-08-05,CAL,12461,6284,6177,3877,8490,94,ITF,ITF6,18,Calabria,Calabria,1947131,689348,35.4,0.64
1211,2021-04-08,CAL,9342,4423,4919,5819,3475,48,ITF,ITF6,18,Calabria,Calabria,1947131,698690,35.88,0.48
1212,2021-02-10,CAL,2522,1084,1438,873,1634,15,ITF,ITF6,18,Calabria,Calabria,1947131,701212,36.01,0.13
1213,2021-07-17,CAL,18335,9046,9289,2714,15555,66,ITF,ITF6,18,Calabria,Calabria,1947131,719547,36.95,0.94
1214,2021-06-04,CAL,17543,8159,9384,12959,4515,69,ITF,ITF6,18,Calabria,Calabria,1947131,737090,37.86,0.9
1215,2021-05-21,CAL,21353,10874,10479,13856,7386,111,ITF,ITF6,18,Calabria,Calabria,1947131,758443,38.95,1.1
1216,2021-07-15,CAL,18299,8817,9482,2530,15723,46,ITF,ITF6,18,Calabria,Calabria,1947131,776742,39.89,0.94
1217,2021-02-15,CAL,1177,565,612,1009,163,5,ITF,ITF6,18,Calabria,Calabria,1947131,777919,39.95,0.06
1218,2021-03-06,CAL,8520,4387,4133,7687,810,23,ITF,ITF6,18,Calabria,Calabria,1947131,786439,40.39,0.44
1219,2021-05-09,CAL,9672,4515,5157,6049,3579,44,ITF,ITF6,18,Calabria,Calabria,1947131,796111,40.89,0.5
1220,2021-01-29,CAL,2076,1003,1073,226,1849,1,ITF,ITF6,18,Calabria,Calabria,1947131,798187,40.99,0.11
1221,2021-06-30,CAL,16387,7506,8881,7022,9265,100,ITF,ITF6,18,Calabria,Calabria,1947131,814574,41.83,0.84
1222,2021-06-28,CAL,13299,6122,7177,5374,7858,67,ITF,ITF6,18,Calabria,Calabria,1947131,827873,42.52,0.68
1223,2021-03-20,CAL,6751,3093,3658,4180,2555,16,ITF,ITF6,18,Calabria,Calabria,1947131,834624,42.86,0.35
1224,2021-02-22,CAL,2083,1060,1023,1513,561,9,ITF,ITF6,18,Calabria,Calabria,1947131,836707,42.97,0.11
1225,2021-06-02,CAL,12099,5800,6299,8786,3266,47,ITF,ITF6,18,Calabria,Calabria,1947131,848806,43.59,0.62
1226,2021-08-07,CAL,9473,4847,4626,3017,6392,64,ITF,ITF6,18,Calabria,Calabria,1947131,858279,44.08,0.49
1227,2021-05-16,CAL,13812,6738,7074,9921,3837,54,ITF,ITF6,18,Calabria,Calabria,1947131,872091,44.79,0.71
1228,2021-07-21,CAL,22066,10595,11471,4497,17457,112,ITF,ITF6,18,Calabria,Calabria,1947131,894157,45.92,1.13
1229,2021-01-17,CAL,906,436,470,801,99,6,ITF,ITF6,18,Calabria,Calabria,1947131,895063,45.97,0.05
1230,2021-03-24,CAL,7888,3611,4277,4520,3345,23,ITF,ITF6,18,Calabria,Calabria,1947131,902951,46.37,0.41
1231,2021-04-10,CAL,11711,5303,6408,6803,4862,46,ITF,ITF6,18,Calabria,Calabria,1947131,914662,46.97,0.6
1232,2021-02-05,CAL,3861,1744,2117,473,3373,15,ITF,ITF6,18,Calabria,Calabria,1947131,918523,47.17,0.2
1233,2021-01-27,CAL,1490,755,735,387,1102,1,ITF,ITF6,18,Calabria,Calabria,1947131,920013,47.25,0.08
1234,2021-02-14,CAL,489,227,262,451,37,1,ITF,ITF6,18,Calabria,Calabria,1947131,920502,47.27,0.03
1235,2021-05-25,CAL,16422,8045,8377,10214,6121,87,ITF,ITF6,18,Calabria,Calabria,1947131,936924,48.12,0.84
1236,2021-01-05,CAL,1544,727,817,1542,0,2,ITF,ITF6,18,Calabria,Calabria,1947131,938468,48.2,0.08
1237,2021-01-12,CAL,2090,1034,1056,2081,0,9,ITF,ITF6,18,Calabria,Calabria,1947131,940558,48.3,0.11
1238,2020-12-27,CAL,316,169,147,316,0,0,ITF,ITF6,18,Calabria,Calabria,1947131,940874,48.32,0.02
1239,2021-04-06,CAL,8164,3721,4443,4465,3669,30,ITF,ITF6,18,Calabria,Calabria,1947131,949038,48.74,0.42
1240,2021-02-08,CAL,1877,747,1130,667,1207,3,ITF,ITF6,18,Calabria,Calabria,1947131,950915,48.84,0.1
1241,2021-04-24,CAL,19289,9599,9690,15756,3448,85,ITF,ITF6,18,Calabria,Calabria,1947131,970204,49.83,0.99
1242,2021-02-26,CAL,3137,1670,1467,2660,462,15,ITF,ITF6,18,Calabria,Calabria,1947131,973341,49.99,0.16
1243,2021-08-02,CAL,15065,7534,7531,3721,11288,56,ITF,ITF6,18,Calabria,Calabria,1947131,988406,50.76,0.77
1244,2021-06-20,CAL,6651,3150,3501,3815,2808,28,ITF,ITF6,18,Calabria,Calabria,1947131,995057,51.1,0.34
1245,2021-06-06,CAL,13795,6632,7163,12012,1713,70,ITF,ITF6,18,Calabria,Calabria,1947131,1008852,51.81,0.71
1246,2021-01-07,CAL,2217,1087,1130,2213,0,4,ITF,ITF6,18,Calabria,Calabria,1947131,1011069,51.93,0.11
1247,2021-06-13,CAL,6843,3357,3486,5729,1059,55,ITF,ITF6,18,Calabria,Calabria,1947131,1017912,52.28,0.35
1248,2021-04-17,CAL,10851,5077,5774,9015,1787,49,ITF,ITF6,18,Calabria,Calabria,1947131,1028763,52.83,0.56
1249,2021-05-23,CAL,11390,5552,5838,6997,4350,43,ITF,ITF6,18,Calabria,Calabria,1947131,1040153,53.42,0.58
1250,2021-03-01,CAL,2742,1556,1186,2279,459,4,ITF,ITF6,18,Calabria,Calabria,1947131,1042895,53.56,0.14
1251,2021-06-09,CAL,18247,8615,9632,15901,2262,84,ITF,ITF6,18,Calabria,Calabria,1947131,1061142,54.5,0.94
1252,2021-04-29,CAL,12506,6084,6422,8658,3794,54,ITF,ITF6,18,Calabria,Calabria,1947131,1073648,55.14,0.64
1253,2021-04-12,CAL,7033,3423,3610,5353,1656,24,ITF,ITF6,18,Calabria,Calabria,1947131,1080681,55.5,0.36
1254,2021-01-19,CAL,1132,499,633,1117,13,2,ITF,ITF6,18,Calabria,Calabria,1947131,1081813,55.56,0.06
1255,2021-07-04,CAL,5950,2819,3131,1992,3922,36,ITF,ITF6,18,Calabria,Calabria,1947131,1087763,55.86,0.31
1256,2021-06-17,CAL,15819,7227,8592,9597,6168,54,ITF,ITF6,18,Calabria,Calabria,1947131,1103582,56.68,0.81
1257,2021-03-26,CAL,8104,3847,4257,4943,3131,30,ITF,ITF6,18,Calabria,Calabria,1947131,1111686,57.09,0.42
1258,2021-07-06,CAL,12495,5754,6741,3835,8594,66,ITF,ITF6,18,Calabria,Calabria,1947131,1124181,57.74,0.64
1259,2021-01-02,CAL,166,94,72,166,0,0,ITF,ITF6,18,Calabria,Calabria,1947131,1124347,57.74,0.01
1260,2021-03-15,CAL,3644,1759,1885,2166,1468,10,ITF,ITF6,18,Calabria,Calabria,1947131,1127991,57.93,0.19
1261,2021-07-02,CAL,16271,7531,8740,6248,9941,82,ITF,ITF6,18,Calabria,Calabria,1947131,1144262,58.77,0.84
1262,2021-05-20,CAL,16993,8502,8491,11272,5654,67,ITF,ITF6,18,Calabria,Calabria,1947131,1161255,59.64,0.87
1263,2021-02-07,CAL,868,432,436,143,723,2,ITF,ITF6,18,Calabria,Calabria,1947131,1162123,59.68,0.04
1264,2021-05-18,CAL,15340,7675,7665,11848,3424,68,ITF,ITF6,18,Calabria,Calabria,1947131,1177463,60.47,0.79
1265,2021-03-22,CAL,4984,2342,2642,3180,1779,25,ITF,ITF6,18,Calabria,Calabria,1947131,1182447,60.73,0.26
1266,2021-05-04,CAL,16497,7609,8888,11640,4766,91,ITF,ITF6,18,Calabria,Calabria,1947131,1198944,61.57,0.85
1267,2021-08-12,CAL,7651,3884,3767,2807,4669,175,ITF,ITF6,18,Calabria,Calabria,1947131,1206595,61.97,0.39
1268,2021-01-22,CAL,660,276,384,658,2,0,ITF,ITF6,18,Calabria,Calabria,1947131,1207255,62.0,0.03
1269,2021-05-02,CAL,12547,5858,6689,10589,1897,61,ITF,ITF6,18,Calabria,Calabria,1947131,1219802,62.65,0.64
1270,2021-03-29,CAL,5775,2495,3280,3982,1769,24,ITF,ITF6,18,Calabria,Calabria,1947131,1225577,62.94,0.3
1271,2021-01-31,CAL,1125,560,565,150,975,0,ITF,ITF6,18,Calabria,Calabria,1947131,1226702,63.0,0.06
1272,2021-07-07,CAL,13969,6585,7384,3908,9987,74,ITF,ITF6,18,Calabria,Calabria,1947131,1240671,63.72,0.72
1273,2021-02-09,CAL,2171,917,1254,950,1212,9,ITF,ITF6,18,Calabria,Calabria,1947131,1242842,63.83,0.11
1274,2021-05-29,CAL,19285,8954,10331,9348,9862,75,ITF,ITF6,18,Calabria,Calabria,1947131,1262127,64.82,0.99
1275,2021-07-25,CAL,6949,3571,3378,1469,5448,32,ITF,ITF6,18,Calabria,Calabria,1947131,1269076,65.18,0.36
1276,2021-04-14,CAL,8089,3905,4184,6589,1451,49,ITF,ITF6,18,Calabria,Calabria,1947131,1277165,65.59,0.42
1277,2021-02-16,CAL,1751,744,1007,1464,282,5,ITF,ITF6,18,Calabria,Calabria,1947131,1278916,65.68,0.09
1278,2021-07-23,CAL,22710,11329,11381,5550,17065,95,ITF,ITF6,18,Calabria,Calabria,1947131,1301626,66.85,1.17
1279,2021-05-27,CAL,17664,8735,8929,9772,7811,81,ITF,ITF6,18,Calabria,Calabria,1947131,1319290,67.76,0.91
1280,2021-08-01,CAL,4894,2562,2332,1172,3698,24,ITF,ITF6,18,Calabria,Calabria,1947131,1324184,68.01,0.25
1281,2021-01-26,CAL,1886,904,982,269,1616,1,ITF,ITF6,18,Calabria,Calabria,1947131,1326070,68.1,0.1
1282,2021-07-28,CAL,21375,10729,10646,5894,15372,109,ITF,ITF6,18,Calabria,Calabria,1947131,1347445,69.2,1.1
1283,2021-04-22,CAL,9825,4910,4915,6849,2925,51,ITF,ITF6,18,Calabria,Calabria,1947131,1357270,69.71,0.5
1284,2021-05-06,CAL,13320,6305,7015,8927,4322,71,ITF,ITF6,18,Calabria,Calabria,1947131,1370590,70.39,0.68
1285,2021-07-14,CAL,22616,10666,11950,4150,18390,76,ITF,ITF6,18,Calabria,Calabria,1947131,1393206,71.55,1.16
1286,2021-04-05,CAL,3644,1729,1915,2673,959,12,ITF,ITF6,18,Calabria,Calabria,1947131,1396850,71.74,0.19
1287,2021-07-12,CAL,17971,8533,9438,2677,15245,49,ITF,ITF6,18,Calabria,Calabria,1947131,1414821,72.66,0.92
1288,2021-01-10,CAL,949,535,414,949,0,0,ITF,ITF6,18,Calabria,Calabria,1947131,1415770,72.71,0.05
1289,2021-04-20,CAL,7880,3978,3902,6064,1742,74,ITF,ITF6,18,Calabria,Calabria,1947131,1423650,73.12,0.4
1290,2021-02-12,CAL,1721,679,1042,942,773,6,ITF,ITF6,18,Calabria,Calabria,1947131,1425371,73.2,0.09
1291,2021-05-01,CAL,16742,7978,8764,12408,4247,87,ITF,ITF6,18,Calabria,Calabria,1947131,1442113,74.06,0.86
1292,2021-03-05,CAL,6243,3624,2619,5649,578,16,ITF,ITF6,18,Calabria,Calabria,1947131,1448356,74.38,0.32
1293,2021-08-09,CAL,13162,6712,6450,4642,8359,161,ITF,ITF6,18,Calabria,Calabria,1947131,1461518,75.06,0.68
1294,2021-07-26,CAL,18736,9305,9431,5179,13469,88,ITF,ITF6,18,Calabria,Calabria,1947131,1480254,76.02,0.96
1295,2021-03-12,CAL,5157,2470,2687,4074,1063,20,ITF,ITF6,18,Calabria,Calabria,1947131,1485411,76.29,0.26
1296,2021-01-14,CAL,2664,1265,1399,2658,0,6,ITF,ITF6,18,Calabria,Calabria,1947131,1488075,76.42,0.14
1297,2021-01-21,CAL,981,459,522,945,33,3,ITF,ITF6,18,Calabria,Calabria,1947131,1489056,76.47,0.05
1298,2021-05-11,CAL,15114,7319,7795,10242,4803,69,ITF,ITF6,18,Calabria,Calabria,1947131,1504170,77.25,0.78
1299,2021-07-16,CAL,21045,10029,11016,3383,17592,70,ITF,ITF6,18,Calabria,Calabria,1947131,1525215,78.33,1.08
1300,2021-01-24,CAL,47,20,27,41,6,0,ITF,ITF6,18,Calabria,Calabria,1947131,1525262,78.33,0.0
1301,2021-07-09,CAL,15675,7306,8369,3641,11965,69,ITF,ITF6,18,Calabria,Calabria,1947131,1540937,79.14,0.81
1302,2021-02-24,CAL,1940,989,951,1454,480,6,ITF,ITF6,18,Calabria,Calabria,1947131,1542877,79.24,0.1
1303,2021-03-03,CAL,5092,2781,2311,3991,1088,13,ITF,ITF6,18,Calabria,Calabria,1947131,1547969,79.5,0.26
1304,2021-08-04,CAL,16008,8114,7894,4254,11654,100,ITF,ITF6,18,Calabria,Calabria,1947131,1563977,80.32,0.82
1305,2021-06-29,CAL,13067,6038,7029,5359,7657,51,ITF,ITF6,18,Calabria,Calabria,1947131,1577044,80.99,0.67
1306,2021-05-03,CAL,14840,6799,8041,10467,4285,88,ITF,ITF6,18,Calabria,Calabria,1947131,1591884,81.76,0.76
1307,2021-03-21,CAL,4462,1929,2533,2728,1723,11,ITF,ITF6,18,Calabria,Calabria,1947131,1596346,81.98,0.23
1308,2021-03-07,CAL,3407,1740,1667,3300,93,14,ITF,ITF6,18,Calabria,Calabria,1947131,1599753,82.16,0.17
1309,2021-08-11,CAL,11020,5656,5364,3517,7388,115,ITF,ITF6,18,Calabria,Calabria,1947131,1610773,82.73,0.57
1310,2021-06-15,CAL,15154,7050,8104,10237,4825,92,ITF,ITF6,18,Calabria,Calabria,1947131,1625927,83.5,0.78
1311,2021-06-27,CAL,8422,3945,4477,4987,3395,40,ITF,ITF6,18,Calabria,Calabria,1947131,1634349,83.94,0.43
1312,2021-04-03,CAL,9438,4079,5359,4521,4855,62,ITF,ITF6,18,Calabria,Calabria,1947131,1643787,84.42,0.48
1313,2021-03-14,CAL,2756,1067,1689,2282,467,7,ITF,ITF6,18,Calabria,Calabria,1947131,1646543,84.56,0.14
1314,2021-06-22,CAL,14622,6917,7705,7379,7147,96,ITF,ITF6,18,Calabria,Calabria,1947131,1661165,85.31,0.75
1315,2021-05-10,CAL,13169,6125,7044,7702,5410,57,ITF,ITF6,18,Calabria,Calabria,1947131,1674334,85.99,0.68
1316,2021-04-26,CAL,10191,5059,5132,7714,2429,48,ITF,ITF6,18,Calabria,Calabria,1947131,1684525,86.51,0.52
1317,2021-06-08,CAL,16682,7902,8780,14520,2040,122,ITF,ITF6,18,Calabria,Calabria,1947131,1701207,87.37,0.86
1318,2021-03-17,CAL,4170,1864,2306,2187,1973,10,ITF,ITF6,18,Calabria,Calabria,1947131,1705377,87.58,0.21
1319,2021-06-25,CAL,18828,8743,10085,8071,10672,85,ITF,ITF6,18,Calabria,Calabria,1947131,1724205,88.55,0.97
1320,2021-07-13,CAL,17430,8156,9274,2313,15050,67,ITF,ITF6,18,Calabria,Calabria,1947131,1741635,89.45,0.9
1321,2021-01-28,CAL,2297,1141,1156,79,2218,0,ITF,ITF6,18,Calabria,Calabria,1947131,1743932,89.56,0.12
1322,2021-08-13,CAL,5299,2746,2553,1494,3761,44,ITF,ITF6,18,Calabria,Calabria,1947131,1749231,89.84,0.27
1323,2021-05-08,CAL,18526,8420,10106,10518,7939,69,ITF,ITF6,18,Calabria,Calabria,1947131,1767757,90.79,0.95
1324,2021-05-22,CAL,22198,10565,11633,14213,7893,92,ITF,ITF6,18,Calabria,Calabria,1947131,1789955,91.93,1.14
1325,2021-04-21,CAL,11597,5826,5771,8622,2918,57,ITF,ITF6,18,Calabria,Calabria,1947131,1801552,92.52,0.6
1326,2021-07-30,CAL,19724,10055,9669,5516,14087,121,ITF,ITF6,18,Calabria,Calabria,1947131,1821276,93.54,1.01
1327,2021-04-02,CAL,8538,3911,4627,4578,3927,33,ITF,ITF6,18,Calabria,Calabria,1947131,1829814,93.97,0.44
1328,2020-12-28,CAL,6,2,4,6,0,0,ITF,ITF6,18,Calabria,Calabria,1947131,1829820,93.98,0.0
1329,2021-06-03,CAL,14250,6654,7596,9592,4603,55,ITF,ITF6,18,Calabria,Calabria,1947131,1844070,94.71,0.73
1330,2021-04-07,CAL,9161,4165,4996,5050,4060,51,ITF,ITF6,18,Calabria,Calabria,1947131,1853231,95.18,0.47
1331,2021-02-23,CAL,1609,760,849,1485,119,5,ITF,ITF6,18,Calabria,Calabria,1947131,1854840,95.26,0.08
1332,2021-03-31,CAL,9156,4183,4973,5069,4053,34,ITF,ITF6,18,Calabria,Calabria,1947131,1863996,95.73,0.47
1333,2021-04-09,CAL,8009,3757,4252,5035,2892,82,ITF,ITF6,18,Calabria,Calabria,1947131,1872005,96.14,0.41
1334,2021-07-18,CAL,8784,4205,4579,1275,7477,32,ITF,ITF6,18,Calabria,Calabria,1947131,1880789,96.59,0.45
1335,2021-06-05,CAL,20743,9704,11039,17623,3041,79,ITF,ITF6,18,Calabria,Calabria,1947131,1901532,97.66,1.07
1336,2021-04-19,CAL,7892,3810,4082,6164,1681,47,ITF,ITF6,18,Calabria,Calabria,1947131,1909424,98.06,0.41
1337,2021-01-09,CAL,2058,1107,951,2050,0,8,ITF,ITF6,18,Calabria,Calabria,1947131,1911482,98.17,0.11
1338,2021-06-24,CAL,15405,7018,8387,6981,8344,80,ITF,ITF6,18,Calabria,Calabria,1947131,1926887,98.96,0.79
1339,2021-03-19,CAL,4236,1980,2256,1887,2342,7,ITF,ITF6,18,Calabria,Calabria,1947131,1931123,99.18,0.22
1340,2021-07-11,CAL,6428,2983,3445,845,5573,10,ITF,ITF6,18,Calabria,Calabria,1947131,1937551,99.51,0.33
1341,2021-06-10,CAL,15894,7333,8561,12986,2808,100,ITF,ITF6,18,Calabria,Calabria,1947131,1953445,100.32,0.82
1342,2021-02-28,CAL,2362,1077,1285,2204,155,3,ITF,ITF6,18,Calabria,Calabria,1947131,1955807,100.45,0.12
1343,2021-04-13,CAL,6947,3412,3535,5597,1328,22,ITF,ITF6,18,Calabria,Calabria,1947131,1962754,100.8,0.36
1344,2021-01-20,CAL,1409,630,779,1405,1,3,ITF,ITF6,18,Calabria,Calabria,1947131,1964163,100.87,0.07
1345,2021-01-03,CAL,6,3,3,6,0,0,ITF,ITF6,18,Calabria,Calabria,1947131,1964169,100.88,0.0
1346,2021-03-27,CAL,8829,4020,4809,4662,4122,45,ITF,ITF6,18,Calabria,Calabria,1947131,1972998,101.33,0.45
1347,2021-07-05,CAL,13399,6261,7138,4283,9056,60,ITF,ITF6,18,Calabria,Calabria,1947131,1986397,102.02,0.69
1348,2021-03-08,CAL,5512,2988,2524,4402,1079,31,ITF,ITF6,18,Calabria,Calabria,1947131,1991909,102.3,0.28
1349,2021-03-25,CAL,7523,3551,3972,4578,2911,34,ITF,ITF6,18,Calabria,Calabria,1947131,1999432,102.69,0.39
1350,2021-06-16,CAL,18337,8474,9863,12125,6122,90,ITF,ITF6,18,Calabria,Calabria,1947131,2017769,103.63,0.94
1351,2021-06-18,CAL,18909,8803,10106,11286,7508,115,ITF,ITF6,18,Calabria,Calabria,1947131,2036678,104.6,0.97
1352,2021-03-10,CAL,6847,3478,3369,5463,1348,36,ITF,ITF6,18,Calabria,Calabria,1947131,2043525,104.95,0.35
1353,2021-06-01,CAL,12876,5972,6904,7885,4932,59,ITF,ITF6,18,Calabria,Calabria,1947131,2056401,105.61,0.66
1354,2021-05-13,CAL,15969,7684,8285,11177,4720,72,ITF,ITF6,18,Calabria,Calabria,1947131,2072370,106.43,0.82
1355,2021-02-19,CAL,1516,686,830,1243,264,9,ITF,ITF6,18,Calabria,Calabria,1947131,2073886,106.51,0.08
1356,2021-05-30,CAL,10995,5298,5697,6807,4153,35,ITF,ITF6,18,Calabria,Calabria,1947131,2084881,107.07,0.56
1357,2021-05-17,CAL,14913,7466,7447,10146,4715,52,ITF,ITF6,18,Calabria,Calabria,1947131,2099794,107.84,0.77
1358,2021-02-21,CAL,652,301,351,573,78,1,ITF,ITF6,18,Calabria,Calabria,1947131,2100446,107.87,0.03
1359,2021-04-28,CAL,12574,6098,6476,9626,2876,72,ITF,ITF6,18,Calabria,Calabria,1947131,2113020,108.52,0.65
1360,2021-02-04,CAL,3669,1746,1923,646,3017,6,ITF,ITF6,18,Calabria,Calabria,1947131,2116689,108.71,0.19
1361,2021-05-15,CAL,27264,13045,14219,20264,6865,135,ITF,ITF6,18,Calabria,Calabria,1947131,2143953,110.11,1.4
1362,2021-08-06,CAL,15612,7929,7683,5083,10400,129,ITF,ITF6,18,Calabria,Calabria,1947131,2159565,110.91,0.8
1363,2021-02-02,CAL,2373,1170,1203,176,2197,0,ITF,ITF6,18,Calabria,Calabria,1947131,2161938,111.03,0.12
1364,2021-01-16,CAL,2416,1133,1283,2413,0,3,ITF,ITF6,18,Calabria,Calabria,1947131,2164354,111.16,0.12
1365,2021-08-03,CAM,31986,16205,15781,14619,16648,719,ITF,ITF3,15,Campania,Campania,5801692,31986,0.55,0.55
1366,2021-02-11,CAM,6283,2706,3577,5922,67,294,ITF,ITF3,15,Campania,Campania,5801692,38269,0.66,0.11
1367,2021-07-27,CAM,49092,24391,24701,12756,35709,627,ITF,ITF3,15,Campania,Campania,5801692,87361,1.51,0.85
1368,2021-05-24,CAM,31355,15151,16204,15856,15152,347,ITF,ITF3,15,Campania,Campania,5801692,118716,2.05,0.54
1369,2021-02-13,CAM,5507,2550,2957,5107,217,183,ITF,ITF3,15,Campania,Campania,5801692,124223,2.14,0.09
1370,2021-08-01,CAM,16063,8395,7668,7023,8830,210,ITF,ITF3,15,Campania,Campania,5801692,140286,2.42,0.28
1371,2021-04-23,CAM,32338,15528,16810,22461,9155,722,ITF,ITF3,15,Campania,Campania,5801692,172624,2.98,0.56
1372,2021-03-28,CAM,15566,7511,8055,13596,1625,345,ITF,ITF3,15,Campania,Campania,5801692,188190,3.24,0.27
1373,2021-01-04,CAM,5826,2962,2864,5726,0,100,ITF,ITF3,15,Campania,Campania,5801692,194016,3.34,0.1
1374,2021-06-19,CAM,62403,29709,32694,24236,37765,402,ITF,ITF3,15,Campania,Campania,5801692,256419,4.42,1.08
1375,2021-01-30,CAM,10732,5083,5649,43,10687,2,ITF,ITF3,15,Campania,Campania,5801692,267151,4.6,0.18
1376,2021-07-03,CAM,67281,32497,34784,8183,58707,391,ITF,ITF3,15,Campania,Campania,5801692,334432,5.76,1.16
1377,2021-01-16,CAM,3372,1677,1695,3262,0,110,ITF,ITF3,15,Campania,Campania,5801692,337804,5.82,0.06
1378,2021-04-11,CAM,17527,8608,8919,15048,2086,393,ITF,ITF3,15,Campania,Campania,5801692,355331,6.12,0.3
1379,2021-04-28,CAM,36400,17627,18773,25854,9759,787,ITF,ITF3,15,Campania,Campania,5801692,391731,6.75,0.63
1380,2021-01-18,CAM,958,399,559,682,244,32,ITF,ITF3,15,Campania,Campania,5801692,392689,6.77,0.02
1381,2021-07-20,CAM,40114,19797,20317,6358,33322,434,ITF,ITF3,15,Campania,Campania,5801692,432803,7.46,0.69
1382,2021-03-02,CAM,12763,4560,8203,8205,4345,213,ITF,ITF3,15,Campania,Campania,5801692,445566,7.68,0.22
1383,2021-07-15,CAM,66714,32047,34667,9359,57057,298,ITF,ITF3,15,Campania,Campania,5801692,512280,8.83,1.15
1384,2021-01-11,CAM,4075,1874,2201,3966,0,109,ITF,ITF3,15,Campania,Campania,5801692,516355,8.9,0.07
1385,2021-06-07,CAM,57587,27722,29865,52830,4038,719,ITF,ITF3,15,Campania,Campania,5801692,573942,9.89,0.99
1386,2021-02-25,CAM,12430,4481,7949,10954,1194,282,ITF,ITF3,15,Campania,Campania,5801692,586372,10.11,0.21
1387,2021-04-09,CAM,29949,14084,15865,23199,6134,616,ITF,ITF3,15,Campania,Campania,5801692,616321,10.62,0.52
1388,2021-06-05,CAM,77635,37586,40049,70867,6025,743,ITF,ITF3,15,Campania,Campania,5801692,693956,11.96,1.34
1389,2021-06-24,CAM,66084,31839,34245,13458,52277,349,ITF,ITF3,15,Campania,Campania,5801692,760040,13.1,1.14
1390,2021-03-16,CAM,8088,3519,4569,3700,4316,72,ITF,ITF3,15,Campania,Campania,5801692,768128,13.24,0.14
1391,2021-01-25,CAM,5750,2927,2823,167,5583,0,ITF,ITF3,15,Campania,Campania,5801692,773878,13.34,0.1
1392,2021-07-01,CAM,61512,29852,31660,19806,41013,693,ITF,ITF3,15,Campania,Campania,5801692,835390,14.4,1.06
1393,2021-03-23,CAM,15743,7446,8297,12893,2513,337,ITF,ITF3,15,Campania,Campania,5801692,851133,14.67,0.27
1394,2021-05-19,CAM,51218,22625,28593,33817,16672,729,ITF,ITF3,15,Campania,Campania,5801692,902351,15.55,0.88
1395,2021-06-26,CAM,62947,30693,32254,14655,47858,434,ITF,ITF3,15,Campania,Campania,5801692,965298,16.64,1.08
1396,2021-07-13,CAM,53683,25791,27892,4903,48497,283,ITF,ITF3,15,Campania,Campania,5801692,1018981,17.56,0.93
1397,2021-04-04,CAM,7966,4017,3949,6691,1047,228,ITF,ITF3,15,Campania,Campania,5801692,1026947,17.7,0.14
1398,2021-06-12,CAM,64003,31548,32455,55891,7218,894,ITF,ITF3,15,Campania,Campania,5801692,1090950,18.8,1.1
1399,2021-03-04,CAM,14708,5396,9312,8544,5895,269,ITF,ITF3,15,Campania,Campania,5801692,1105658,19.06,0.25
1400,2021-04-16,CAM,34440,16635,17805,23093,10667,680,ITF,ITF3,15,Campania,Campania,5801692,1140098,19.65,0.59
1401,2021-01-06,CAM,7649,3749,3900,7505,0,144,ITF,ITF3,15,Campania,Campania,5801692,1147747,19.78,0.13
1402,2021-02-18,CAM,9082,3813,5269,8150,707,225,ITF,ITF3,15,Campania,Campania,5801692,1156829,19.94,0.16
1403,2021-04-25,CAM,30745,15179,15566,24574,5407,764,ITF,ITF3,15,Campania,Campania,5801692,1187574,20.47,0.53
1404,2021-03-09,CAM,14135,6872,7263,9939,3792,404,ITF,ITF3,15,Campania,Campania,5801692,1201709,20.71,0.24
1405,2021-05-31,CAM,40771,20688,20083,29848,10356,567,ITF,ITF3,15,Campania,Campania,5801692,1242480,21.42,0.7
1406,2021-01-23,CAM,3843,2032,1811,267,3570,6,ITF,ITF3,15,Campania,Campania,5801692,1246323,21.48,0.07
1407,2021-03-21,CAM,10074,4676,5398,7499,2391,184,ITF,ITF3,15,Campania,Campania,5801692,1256397,21.66,0.17
1408,2021-02-10,CAM,6909,3415,3494,6483,178,248,ITF,ITF3,15,Campania,Campania,5801692,1263306,21.77,0.12
1409,2021-07-17,CAM,55257,27558,27699,3517,51538,202,ITF,ITF3,15,Campania,Campania,5801692,1318563,22.73,0.95
1410,2021-04-08,CAM,28499,13822,14677,22067,5848,584,ITF,ITF3,15,Campania,Campania,5801692,1347062,23.22,0.49
1411,2021-06-04,CAM,74563,35833,38730,64752,9130,681,ITF,ITF3,15,Campania,Campania,5801692,1421625,24.5,1.29
1412,2021-05-21,CAM,63789,29627,34162,42163,20617,1009,ITF,ITF3,15,Campania,Campania,5801692,1485414,25.6,1.1
1413,2021-05-05,CAM,51180,24862,26318,43243,6393,1544,ITF,ITF3,15,Campania,Campania,5801692,1536594,26.49,0.88
1414,2021-05-12,CAM,40918,19966,20952,30604,9169,1145,ITF,ITF3,15,Campania,Campania,5801692,1577512,27.19,0.71
1415,2021-07-08,CAM,61110,29413,31697,5645,55139,326,ITF,ITF3,15,Campania,Campania,5801692,1638622,28.24,1.05
1416,2021-05-26,CAM,52704,25853,26851,21114,31119,471,ITF,ITF3,15,Campania,Campania,5801692,1691326,29.15,0.91
1417,2021-05-17,CAM,49476,21746,27730,23660,25362,454,ITF,ITF3,15,Campania,Campania,5801692,1740802,30.01,0.85
1418,2021-02-06,CAM,5341,2666,2675,2004,3239,98,ITF,ITF3,15,Campania,Campania,5801692,1746143,30.1,0.09
1419,2021-07-22,CAM,61796,30505,31291,6556,54736,504,ITF,ITF3,15,Campania,Campania,5801692,1807939,31.16,1.07
1420,2021-08-08,CAM,7570,4039,3531,4652,2664,254,ITF,ITF3,15,Campania,Campania,5801692,1815509,31.29,0.13
1421,2021-04-30,CAM,42327,20197,22130,24996,16505,826,ITF,ITF3,15,Campania,Campania,5801692,1857836,32.02,0.73
1422,2021-02-04,CAM,7943,3429,4514,1249,6635,59,ITF,ITF3,15,Campania,Campania,5801692,1865779,32.16,0.14
1423,2021-01-01,CAM,919,506,413,900,0,19,ITF,ITF3,15,Campania,Campania,5801692,1866698,32.18,0.02
1424,2021-03-25,CAM,20325,9656,10669,16368,3505,452,ITF,ITF3,15,Campania,Campania,5801692,1887023,32.53,0.35
1425,2021-06-14,CAM,37127,17920,19207,18781,18018,328,ITF,ITF3,15,Campania,Campania,5801692,1924150,33.17,0.64
1426,2021-08-10,CAM,21634,11189,10445,13709,6941,984,ITF,ITF3,15,Campania,Campania,5801692,1945784,33.54,0.37
1427,2021-07-31,CAM,30703,16204,14499,10603,19578,522,ITF,ITF3,15,Campania,Campania,5801692,1976487,34.07,0.53
1428,2021-05-07,CAM,59783,29213,30570,42633,15962,1188,ITF,ITF3,15,Campania,Campania,5801692,2036270,35.1,1.03
1429,2021-01-27,CAM,7738,3820,3918,157,7576,5,ITF,ITF3,15,Campania,Campania,5801692,2044008,35.23,0.13
1430,2021-01-13,CAM,8021,3667,4354,7776,0,245,ITF,ITF3,15,Campania,Campania,5801692,2052029,35.37,0.14
1431,2021-04-18,CAM,27221,13286,13935,17798,8902,521,ITF,ITF3,15,Campania,Campania,5801692,2079250,35.84,0.47
1432,2021-01-08,CAM,10453,4967,5486,10192,0,261,ITF,ITF3,15,Campania,Campania,5801692,2089703,36.02,0.18
1433,2021-04-27,CAM,32166,15630,16536,23471,7927,768,ITF,ITF3,15,Campania,Campania,5801692,2121869,36.57,0.55
1434,2021-06-02,CAM,42888,20163,22725,37752,4685,451,ITF,ITF3,15,Campania,Campania,5801692,2164757,37.31,0.74
1435,2021-02-22,CAM,10687,3296,7391,10179,268,240,ITF,ITF3,15,Campania,Campania,5801692,2175444,37.5,0.18
1436,2021-03-11,CAM,18003,9059,8944,10309,7283,411,ITF,ITF3,15,Campania,Campania,5801692,2193447,37.81,0.31
1437,2021-05-16,CAM,51151,23227,27924,32863,17576,712,ITF,ITF3,15,Campania,Campania,5801692,2244598,38.69,0.88
1438,2021-02-20,CAM,8573,3080,5493,8100,303,170,ITF,ITF3,15,Campania,Campania,5801692,2253171,38.84,0.15
1439,2021-04-01,CAM,24682,12012,12670,20071,4133,478,ITF,ITF3,15,Campania,Campania,5801692,2277853,39.26,0.43
1440,2021-05-28,CAM,73063,35318,37745,26273,46172,618,ITF,ITF3,15,Campania,Campania,5801692,2350916,40.52,1.26
1441,2021-05-14,CAM,61042,27581,33461,34823,24728,1491,ITF,ITF3,15,Campania,Campania,5801692,2411958,41.57,1.05
1442,2021-07-10,CAM,66898,32665,34233,2736,63949,213,ITF,ITF3,15,Campania,Campania,5801692,2478856,42.73,1.15
1443,2021-02-08,CAM,5120,2453,2667,4166,807,147,ITF,ITF3,15,Campania,Campania,5801692,2483976,42.81,0.09
1444,2021-02-27,CAM,13953,4472,9481,11984,1650,319,ITF,ITF3,15,Campania,Campania,5801692,2497929,43.06,0.24
1445,2021-06-16,CAM,31647,15009,16638,20565,10771,311,ITF,ITF3,15,Campania,Campania,5801692,2529576,43.6,0.55
1446,2021-08-12,CAM,18861,9959,8902,12405,5683,773,ITF,ITF3,15,Campania,Campania,5801692,2548437,43.93,0.33
1447,2021-05-02,CAM,43497,21542,21955,31253,11361,883,ITF,ITF3,15,Campania,Campania,5801692,2591934,44.68,0.75
1448,2021-01-22,CAM,1525,776,749,659,852,14,ITF,ITF3,15,Campania,Campania,5801692,2593459,44.7,0.03
1449,2021-06-23,CAM,46763,22089,24674,10747,35798,218,ITF,ITF3,15,Campania,Campania,5801692,2640222,45.51,0.81
1450,2021-08-05,CAM,35227,18073,17154,17408,16826,993,ITF,ITF3,15,Campania,Campania,5801692,2675449,46.11,0.61
1451,2021-01-15,CAM,4978,2380,2598,4822,0,156,ITF,ITF3,15,Campania,Campania,5801692,2680427,46.2,0.09
1452,2021-06-21,CAM,46878,22644,24234,11315,35246,317,ITF,ITF3,15,Campania,Campania,5801692,2727305,47.01,0.81
1453,2021-03-13,CAM,14524,7042,7482,8973,5283,268,ITF,ITF3,15,Campania,Campania,5801692,2741829,47.26,0.25
1454,2021-03-22,CAM,13184,6347,6837,10850,2043,291,ITF,ITF3,15,Campania,Campania,5801692,2755013,47.49,0.23
1455,2021-02-07,CAM,2929,1382,1547,2066,771,92,ITF,ITF3,15,Campania,Campania,5801692,2757942,47.54,0.05
1456,2021-02-03,CAM,8903,4003,4900,842,8025,36,ITF,ITF3,15,Campania,Campania,5801692,2766845,47.69,0.15
1457,2021-05-18,CAM,52214,23241,28973,31866,19691,657,ITF,ITF3,15,Campania,Campania,5801692,2819059,48.59,0.9
1458,2021-08-09,CAM,25069,13079,11990,13748,10457,864,ITF,ITF3,15,Campania,Campania,5801692,2844128,49.02,0.43
1459,2021-02-05,CAM,7266,3463,3803,2023,5128,115,ITF,ITF3,15,Campania,Campania,5801692,2851394,49.15,0.13
1460,2021-08-07,CAM,17209,9195,8014,11239,5279,691,ITF,ITF3,15,Campania,Campania,5801692,2868603,49.44,0.3
1461,2021-04-29,CAM,41576,20185,21391,24041,16745,790,ITF,ITF3,15,Campania,Campania,5801692,2910179,50.16,0.72
1462,2021-01-19,CAM,1095,474,621,1042,3,50,ITF,ITF3,15,Campania,Campania,5801692,2911274,50.18,0.02
1463,2021-07-21,CAM,50200,24454,25746,8658,40878,664,ITF,ITF3,15,Campania,Campania,5801692,2961474,51.05,0.87
1464,2021-03-18,CAM,12179,5383,6796,5796,6191,192,ITF,ITF3,15,Campania,Campania,5801692,2973653,51.25,0.21
1465,2021-07-14,CAM,51102,24574,26528,4308,46490,304,ITF,ITF3,15,Campania,Campania,5801692,3024755,52.14,0.88
1466,2021-04-05,CAM,11640,5542,6098,8928,2424,288,ITF,ITF3,15,Campania,Campania,5801692,3036395,52.34,0.2
1467,2021-02-24,CAM,11785,4150,7635,10836,688,261,ITF,ITF3,15,Campania,Campania,5801692,3048180,52.54,0.2
1468,2021-01-05,CAM,7237,3637,3600,7074,0,163,ITF,ITF3,15,Campania,Campania,5801692,3055417,52.66,0.12
1469,2021-02-01,CAM,3987,1813,2174,103,3876,8,ITF,ITF3,15,Campania,Campania,5801692,3059404,52.73,0.07
1470,2021-03-30,CAM,22053,10578,11475,18587,2957,509,ITF,ITF3,15,Campania,Campania,5801692,3081457,53.11,0.38
1471,2021-04-17,CAM,36197,17515,18682,23974,11515,708,ITF,ITF3,15,Campania,Campania,5801692,3117654,53.74,0.62
1472,2021-06-13,CAM,43431,21245,22186,38049,4731,651,ITF,ITF3,15,Campania,Campania,5801692,3161085,54.49,0.75
1473,2021-05-30,CAM,52165,25450,26715,37960,13323,882,ITF,ITF3,15,Campania,Campania,5801692,3213250,55.38,0.9
1474,2021-02-19,CAM,9574,3561,6013,8701,650,223,ITF,ITF3,15,Campania,Campania,5801692,3222824,55.55,0.17
1475,2021-07-26,CAM,48874,24334,24540,10447,37932,495,ITF,ITF3,15,Campania,Campania,5801692,3271698,56.39,0.84
1476,2020-12-31,CAM,1490,811,679,1470,0,20,ITF,ITF3,15,Campania,Campania,5801692,3273188,56.42,0.03
1477,2021-06-06,CAM,63231,31447,31784,61890,648,693,ITF,ITF3,15,Campania,Campania,5801692,3336419,57.51,1.09
1478,2021-02-26,CAM,13341,4229,9112,11714,1341,286,ITF,ITF3,15,Campania,Campania,5801692,3349760,57.74,0.23
1479,2021-08-02,CAM,41766,21224,20542,13245,27997,524,ITF,ITF3,15,Campania,Campania,5801692,3391526,58.46,0.72
1480,2021-04-06,CAM,24519,11564,12955,19490,4525,504,ITF,ITF3,15,Campania,Campania,5801692,3416045,58.88,0.42
1481,2021-07-12,CAM,56689,27367,29322,3749,52603,337,ITF,ITF3,15,Campania,Campania,5801692,3472734,59.86,0.98
1482,2020-12-27,CAM,720,422,298,716,0,4,ITF,ITF3,15,Campania,Campania,5801692,3473454,59.87,0.01
1483,2021-07-29,CAM,48538,24373,24165,13690,34127,721,ITF,ITF3,15,Campania,Campania,5801692,3521992,60.71,0.84
1484,2021-04-20,CAM,32108,15527,16581,20212,11313,583,ITF,ITF3,15,Campania,Campania,5801692,3554100,61.26,0.55
1485,2021-06-28,CAM,46524,22739,23785,20572,25407,545,ITF,ITF3,15,Campania,Campania,5801692,3600624,62.06,0.8
1486,2021-03-20,CAM,13989,6530,7459,9998,3739,252,ITF,ITF3,15,Campania,Campania,5801692,3614613,62.3,0.24
1487,2021-01-21,CAM,2093,1116,977,670,1417,6,ITF,ITF3,15,Campania,Campania,5801692,3616706,62.34,0.04
1488,2021-07-23,CAM,61820,30801,31019,8496,52855,469,ITF,ITF3,15,Campania,Campania,5801692,3678526,63.4,1.07
1489,2021-04-14,CAM,27660,13337,14323,18658,8584,418,ITF,ITF3,15,Campania,Campania,5801692,3706186,63.88,0.48
1490,2021-05-01,CAM,46348,22661,23687,29300,16108,940,ITF,ITF3,15,Campania,Campania,5801692,3752534,64.68,0.8
1491,2021-07-06,CAM,56705,27071,29634,16147,40082,476,ITF,ITF3,15,Campania,Campania,5801692,3809239,65.66,0.98
1492,2021-04-12,CAM,23308,10920,12388,19760,3035,513,ITF,ITF3,15,Campania,Campania,5801692,3832547,66.06,0.4
1493,2021-01-02,CAM,3671,1962,1709,3613,0,58,ITF,ITF3,15,Campania,Campania,5801692,3836218,66.12,0.06
1494,2021-06-17,CAM,60214,28867,31347,32862,26798,554,ITF,ITF3,15,Campania,Campania,5801692,3896432,67.16,1.04
1495,2021-07-04,CAM,48820,23765,25055,6318,42315,187,ITF,ITF3,15,Campania,Campania,5801692,3945252,68.0,0.84
1496,2021-03-26,CAM,19868,9324,10544,15632,3817,419,ITF,ITF3,15,Campania,Campania,5801692,3965120,68.34,0.34
1497,2021-06-30,CAM,47642,22757,24885,18361,28645,636,ITF,ITF3,15,Campania,Campania,5801692,4012762,69.17,0.82
1498,2021-01-17,CAM,1155,551,604,682,453,20,ITF,ITF3,15,Campania,Campania,5801692,4013917,69.19,0.02
1499,2021-03-15,CAM,13346,6491,6855,8329,4746,271,ITF,ITF3,15,Campania,Campania,5801692,4027263,69.42,0.23
1500,2021-03-06,CAM,16374,6816,9558,10391,5670,313,ITF,ITF3,15,Campania,Campania,5801692,4043637,69.7,0.28
1501,2021-03-08,CAM,14692,6850,7842,9479,4780,433,ITF,ITF3,15,Campania,Campania,5801692,4058329,69.95,0.25
1502,2021-05-04,CAM,48486,23349,25137,38308,8906,1272,ITF,ITF3,15,Campania,Campania,5801692,4106815,70.79,0.84
1503,2021-07-02,CAM,55876,26999,28877,14419,40950,507,ITF,ITF3,15,Campania,Campania,5801692,4162691,71.75,0.96
1504,2021-05-27,CAM,72965,35366,37599,25813,46592,560,ITF,ITF3,15,Campania,Campania,5801692,4235656,73.01,1.26
1505,2021-02-16,CAM,5448,2415,3033,4501,771,176,ITF,ITF3,15,Campania,Campania,5801692,4241104,73.1,0.09
1506,2021-05-22,CAM,68044,32533,35511,45621,21571,852,ITF,ITF3,15,Campania,Campania,5801692,4309148,74.27,1.17
1507,2021-03-24,CAM,17922,8369,9553,14603,2958,361,ITF,ITF3,15,Campania,Campania,5801692,4327070,74.58,0.31
1508,2021-05-20,CAM,60976,28235,32741,42243,17763,970,ITF,ITF3,15,Campania,Campania,5801692,4388046,75.63,1.05
1509,2021-02-09,CAM,4643,2202,2441,4232,252,159,ITF,ITF3,15,Campania,Campania,5801692,4392689,75.71,0.08
1510,2021-05-29,CAM,67839,32270,35569,43096,23899,844,ITF,ITF3,15,Campania,Campania,5801692,4460528,76.88,1.17
1511,2021-03-17,CAM,11596,5102,6494,4854,6587,155,ITF,ITF3,15,Campania,Campania,5801692,4472124,77.08,0.2
1512,2021-06-11,CAM,70809,34399,36410,63860,6038,911,ITF,ITF3,15,Campania,Campania,5801692,4542933,78.3,1.22
1513,2021-03-03,CAM,13923,5494,8429,7087,6631,205,ITF,ITF3,15,Campania,Campania,5801692,4556856,78.54,0.24
1514,2021-06-25,CAM,65516,31805,33711,13764,51343,409,ITF,ITF3,15,Campania,Campania,5801692,4622372,79.67,1.13
1515,2021-05-25,CAM,46531,22396,24135,22541,23436,554,ITF,ITF3,15,Campania,Campania,5801692,4668903,80.47,0.8
1516,2021-02-15,CAM,5472,2516,2956,5153,175,144,ITF,ITF3,15,Campania,Campania,5801692,4674375,80.57,0.09
1517,2021-06-09,CAM,53063,26053,27010,41684,10910,469,ITF,ITF3,15,Campania,Campania,5801692,4727438,81.48,0.91
1518,2021-03-01,CAM,12132,4248,7884,7765,4113,254,ITF,ITF3,15,Campania,Campania,5801692,4739570,81.69,0.21
1519,2021-05-09,CAM,43207,20290,22917,30933,11102,1172,ITF,ITF3,15,Campania,Campania,5801692,4782777,82.44,0.74
1520,2021-01-10,CAM,8165,3736,4429,7963,0,202,ITF,ITF3,15,Campania,Campania,5801692,4790942,82.58,0.14
1521,2021-04-03,CAM,21119,10316,10803,18269,2383,467,ITF,ITF3,15,Campania,Campania,5801692,4812061,82.94,0.36
1522,2021-04-24,CAM,36374,17532,18842,24346,11248,780,ITF,ITF3,15,Campania,Campania,5801692,4848435,83.57,0.63
1523,2021-07-19,CAM,43974,21531,22443,5193,38358,423,ITF,ITF3,15,Campania,Campania,5801692,4892409,84.33,0.76
1524,2021-04-10,CAM,28358,13494,14864,22806,4914,638,ITF,ITF3,15,Campania,Campania,5801692,4920767,84.82,0.49
1525,2021-01-07,CAM,8909,4167,4742,8735,0,174,ITF,ITF3,15,Campania,Campania,5801692,4929676,84.97,0.15
1526,2021-03-05,CAM,16819,6668,10151,9858,6668,293,ITF,ITF3,15,Campania,Campania,5801692,4946495,85.26,0.29
1527,2021-08-13,CAM,13959,7509,6450,7680,5861,418,ITF,ITF3,15,Campania,Campania,5801692,4960454,85.5,0.24
1528,2021-01-14,CAM,7074,2977,4097,6809,0,265,ITF,ITF3,15,Campania,Campania,5801692,4967528,85.62,0.12
1529,2021-01-24,CAM,4122,2119,2003,360,3745,17,ITF,ITF3,15,Campania,Campania,5801692,4971650,85.69,0.07
1530,2021-05-13,CAM,55454,24832,30622,37860,16019,1575,ITF,ITF3,15,Campania,Campania,5801692,5027104,86.65,0.96
1531,2021-07-09,CAM,61484,29764,31720,4352,56818,314,ITF,ITF3,15,Campania,Campania,5801692,5088588,87.71,1.06
1532,2021-01-31,CAM,8070,3712,4358,22,8047,1,ITF,ITF3,15,Campania,Campania,5801692,5096658,87.85,0.14
1533,2021-05-11,CAM,39883,19247,20636,29556,9403,924,ITF,ITF3,15,Campania,Campania,5801692,5136541,88.54,0.69
1534,2021-02-17,CAM,7402,3218,4184,6210,1063,129,ITF,ITF3,15,Campania,Campania,5801692,5143943,88.66,0.13
1535,2021-04-15,CAM,34348,16664,17684,23794,9905,649,ITF,ITF3,15,Campania,Campania,5801692,5178291,89.25,0.59
1536,2021-07-28,CAM,49413,24555,24858,13926,34764,723,ITF,ITF3,15,Campania,Campania,5801692,5227704,90.11,0.85
1537,2021-06-22,CAM,52456,25015,27441,13192,39006,258,ITF,ITF3,15,Campania,Campania,5801692,5280160,91.01,0.9
1538,2021-03-14,CAM,8618,3828,4790,4370,4142,106,ITF,ITF3,15,Campania,Campania,5801692,5288778,91.16,0.15
1539,2021-05-10,CAM,35475,16392,19083,24944,9929,602,ITF,ITF3,15,Campania,Campania,5801692,5324253,91.77,0.61
1540,2021-06-08,CAM,53056,25856,27200,45441,7018,597,ITF,ITF3,15,Campania,Campania,5801692,5377309,92.69,0.91
1541,2021-08-04,CAM,29820,15290,14530,15976,13081,763,ITF,ITF3,15,Campania,Campania,5801692,5407129,93.2,0.51
1542,2021-07-25,CAM,23167,11749,11418,4292,18738,137,ITF,ITF3,15,Campania,Campania,5801692,5430296,93.6,0.4
1543,2021-05-23,CAM,58757,28644,30113,37212,20902,643,ITF,ITF3,15,Campania,Campania,5801692,5489053,94.61,1.01
1544,2021-02-12,CAM,6531,2861,3670,6087,188,256,ITF,ITF3,15,Campania,Campania,5801692,5495584,94.72,0.11
1545,2021-01-29,CAM,10061,4814,5247,49,10008,4,ITF,ITF3,15,Campania,Campania,5801692,5505645,94.9,0.17
1546,2021-04-26,CAM,34048,16652,17396,27561,5623,864,ITF,ITF3,15,Campania,Campania,5801692,5539693,95.48,0.59
1547,2021-03-07,CAM,11974,5405,6569,7799,3844,331,ITF,ITF3,15,Campania,Campania,5801692,5551667,95.69,0.21
1548,2021-08-11,CAM,21053,11097,9956,12135,8140,778,ITF,ITF3,15,Campania,Campania,5801692,5572720,96.05,0.36
1549,2021-05-03,CAM,40780,19901,20879,27920,11864,996,ITF,ITF3,15,Campania,Campania,5801692,5613500,96.76,0.7
1550,2021-06-29,CAM,49336,23993,25343,19748,29110,478,ITF,ITF3,15,Campania,Campania,5801692,5662836,97.61,0.85
1551,2021-06-15,CAM,18675,9088,9587,11020,7414,241,ITF,ITF3,15,Campania,Campania,5801692,5681511,97.93,0.32
1552,2021-04-22,CAM,34115,16636,17479,20925,12543,647,ITF,ITF3,15,Campania,Campania,5801692,5715626,98.52,0.59
1553,2021-01-12,CAM,5214,2564,2650,5075,0,139,ITF,ITF3,15,Campania,Campania,5801692,5720840,98.61,0.09
1554,2021-05-06,CAM,57612,28137,29475,41261,14773,1578,ITF,ITF3,15,Campania,Campania,5801692,5778452,99.6,0.99
1555,2021-06-27,CAM,43556,21451,22105,14090,29070,396,ITF,ITF3,15,Campania,Campania,5801692,5822008,100.35,0.75
1556,2021-03-19,CAM,11145,4973,6172,7086,3874,185,ITF,ITF3,15,Campania,Campania,5801692,5833153,100.54,0.19
1557,2021-06-10,CAM,75964,36692,39272,67958,7077,929,ITF,ITF3,15,Campania,Campania,5801692,5909117,101.85,1.31
1558,2021-07-11,CAM,40867,19669,21198,1008,39774,85,ITF,ITF3,15,Campania,Campania,5801692,5949984,102.56,0.7
1559,2021-02-02,CAM,5723,2805,2918,412,5280,31,ITF,ITF3,15,Campania,Campania,5801692,5955707,102.65,0.1
1560,2021-03-31,CAM,23194,11373,11821,19341,3440,413,ITF,ITF3,15,Campania,Campania,5801692,5978901,103.05,0.4
1561,2021-07-18,CAM,31338,15761,15577,3841,27162,335,ITF,ITF3,15,Campania,Campania,5801692,6010239,103.59,0.54
1562,2021-04-07,CAM,24974,11988,12986,19695,4725,554,ITF,ITF3,15,Campania,Campania,5801692,6035213,104.03,0.43
1563,2021-07-16,CAM,61041,29857,31184,6746,53894,401,ITF,ITF3,15,Campania,Campania,5801692,6096254,105.08,1.05
1564,2021-04-02,CAM,21866,10525,11341,19077,2324,465,ITF,ITF3,15,Campania,Campania,5801692,6118120,105.45,0.38
1565,2021-02-28,CAM,10413,3207,7206,8296,1900,217,ITF,ITF3,15,Campania,Campania,5801692,6128533,105.63,0.18
1566,2021-02-14,CAM,3929,1923,2006,3842,34,53,ITF,ITF3,15,Campania,Campania,5801692,6132462,105.7,0.07
1567,2021-01-26,CAM,7343,3728,3615,331,6991,21,ITF,ITF3,15,Campania,Campania,5801692,6139805,105.83,0.13
1568,2021-04-19,CAM,30767,14823,15944,18673,11576,518,ITF,ITF3,15,Campania,Campania,5801692,6170572,106.36,0.53
1569,2021-01-09,CAM,10565,5023,5542,10303,0,262,ITF,ITF3,15,Campania,Campania,5801692,6181137,106.54,0.18
1570,2021-05-08,CAM,56441,27145,29296,39095,15838,1508,ITF,ITF3,15,Campania,Campania,5801692,6237578,107.51,0.97
1571,2021-01-28,CAM,8840,4126,4714,131,8701,8,ITF,ITF3,15,Campania,Campania,5801692,6246418,107.67,0.15
1572,2021-07-30,CAM,44729,22757,21972,14459,29482,788,ITF,ITF3,15,Campania,Campania,5801692,6291147,108.44,0.77
1573,2021-04-21,CAM,30282,14747,15535,17504,12229,549,ITF,ITF3,15,Campania,Campania,5801692,6321429,108.96,0.52
1574,2021-07-24,CAM,47982,24867,23115,6758,40882,342,ITF,ITF3,15,Campania,Campania,5801692,6369411,109.79,0.83
1575,2021-01-20,CAM,1259,650,609,1228,0,31,ITF,ITF3,15,Campania,Campania,5801692,6370670,109.81,0.02
1576,2021-04-13,CAM,26611,12687,13924,20563,5534,514,ITF,ITF3,15,Campania,Campania,5801692,6397281,110.27,0.46
1577,2021-01-03,CAM,3836,2009,1827,3787,0,49,ITF,ITF3,15,Campania,Campania,5801692,6401117,110.33,0.07
1578,2021-07-05,CAM,63303,30514,32789,12732,49878,693,ITF,ITF3,15,Campania,Campania,5801692,6464420,111.42,1.09
1579,2021-07-07,CAM,52297,24817,27480,7250,44634,413,ITF,ITF3,15,Campania,Campania,5801692,6516717,112.32,0.9
1580,2021-03-29,CAM,19406,9577,9829,17456,1549,401,ITF,ITF3,15,Campania,Campania,5801692,6536123,112.66,0.33
1581,2021-06-20,CAM,47608,22746,24862,14323,32989,296,ITF,ITF3,15,Campania,Campania,5801692,6583731,113.48,0.82
1582,2021-03-27,CAM,21514,10240,11274,17235,3868,411,ITF,ITF3,15,Campania,Campania,5801692,6605245,113.85,0.37
1583,2021-06-01,CAM,42256,20957,21299,31479,10541,236,ITF,ITF3,15,Campania,Campania,5801692,6647501,114.58,0.73
1584,2021-06-18,CAM,65893,31405,34488,35060,30302,531,ITF,ITF3,15,Campania,Campania,5801692,6713394,115.71,1.14
1585,2021-03-10,CAM,15624,7728,7896,8442,6844,338,ITF,ITF3,15,Campania,Campania,5801692,6729018,115.98,0.27
1586,2021-08-06,CAM,31211,16251,14960,17586,12632,993,ITF,ITF3,15,Campania,Campania,5801692,6760229,116.52,0.54
1587,2021-05-15,CAM,62715,29055,33660,42137,18773,1805,ITF,ITF3,15,Campania,Campania,5801692,6822944,117.6,1.08
1588,2021-03-12,CAM,14577,7412,7165,8180,6085,312,ITF,ITF3,15,Campania,Campania,5801692,6837521,117.85,0.25
1589,2021-06-03,CAM,72644,35233,37411,61109,10679,856,ITF,ITF3,15,Campania,Campania,5801692,6910165,119.11,1.25
1590,2021-02-23,CAM,11001,3388,7613,10190,526,285,ITF,ITF3,15,Campania,Campania,5801692,6921166,119.3,0.19
1591,2021-02-21,CAM,5837,2241,3596,5494,225,118,ITF,ITF3,15,Campania,Campania,5801692,6927003,119.4,0.1
1592,2021-02-18,EMR,7044,2891,4153,6439,589,16,ITH,ITH5,8,Emilia-Romagna,Emilia-Romagna,4459477,7044,0.16,0.16
1593,2021-06-07,EMR,40512,20792,19720,33499,6262,751,ITH,ITH5,8,Emilia-Romagna,Emilia-Romagna,4459477,47556,1.07,0.91
1594,2021-08-03,EMR,37621,19775,17846,14822,22237,562,ITH,ITH5,8,Emilia-Romagna,Emilia-Romagna,4459477,85177,1.91,0.84
1595,2021-06-21,EMR,37573,18997,18576,16104,20879,590,ITH,ITH5,8,Emilia-Romagna,Emilia-Romagna,4459477,122750,2.75,0.84
1596,2021-07-08,EMR,41323,20586,20737,4737,36182,404,ITH,ITH5,8,Emilia-Romagna,Emilia-Romagna,4459477,164073,3.68,0.93
1597,2021-03-30,EMR,23314,10322,12992,17992,5042,280,ITH,ITH5,8,Emilia-Romagna,Emilia-Romagna,4459477,187387,4.2,0.52
1598,2021-07-22,EMR,40275,21493,18782,15269,24126,880,ITH,ITH5,8,Emilia-Romagna,Emilia-Romagna,4459477,227662,5.11,0.9
1599,2021-01-04,EMR,7309,2527,4782,7306,0,3,ITH,ITH5,8,Emilia-Romagna,Emilia-Romagna,4459477,234971,5.27,0.16
1600,2021-01-30,EMR,10091,3526,6565,137,9953,1,ITH,ITH5,8,Emilia-Romagna,Emilia-Romagna,4459477,245062,5.5,0.23
1601,2021-05-12,EMR,38929,18296,20633,28452,9693,784,ITH,ITH5,8,Emilia-Romagna,Emilia-Romagna,4459477,283991,6.37,0.87
1602,2021-02-01,EMR,10320,3611,6709,356,9962,2,ITH,ITH5,8,Emilia-Romagna,Emilia-Romagna,4459477,294311,6.6,0.23
1603,2021-01-18,EMR,3125,879,2246,2443,679,3,ITH,ITH5,8,Emilia-Romagna,Emilia-Romagna,4459477,297436,6.67,0.07
1604,2021-03-16,EMR,12247,5027,7220,4873,7310,64,ITH,ITH5,8,Emilia-Romagna,Emilia-Romagna,4459477,309683,6.94,0.27
1605,2021-01-25,EMR,6464,2148,4316,206,6257,1,ITH,ITH5,8,Emilia-Romagna,Emilia-Romagna,4459477,316147,7.09,0.14
1606,2021-07-01,EMR,34517,16871,17646,14856,18839,822,ITH,ITH5,8,Emilia-Romagna,Emilia-Romagna,4459477,350664,7.86,0.77
1607,2021-03-23,EMR,18800,8146,10654,11947,6688,165,ITH,ITH5,8,Emilia-Romagna,Emilia-Romagna,4459477,369464,8.28,0.42
1608,2021-05-26,EMR,33334,14751,18583,9930,23018,386,ITH,ITH5,8,Emilia-Romagna,Emilia-Romagna,4459477,402798,9.03,0.75
1609,2021-06-12,EMR,41373,21874,19499,35554,4917,902,ITH,ITH5,8,Emilia-Romagna,Emilia-Romagna,4459477,444171,9.96,0.93
1610,2021-03-04,EMR,16451,5348,11103,13339,3023,89,ITH,ITH5,8,Emilia-Romagna,Emilia-Romagna,4459477,460622,10.33,0.37
1611,2021-05-24,EMR,29993,13730,16263,17960,11519,514,ITH,ITH5,8,Emilia-Romagna,Emilia-Romagna,4459477,490615,11.0,0.67
1612,2021-02-13,EMR,3627,1084,2543,3015,598,14,ITH,ITH5,8,Emilia-Romagna,Emilia-Romagna,4459477,494242,11.08,0.08
1613,2021-04-16,EMR,29237,13764,15473,20016,8840,381,ITH,ITH5,8,Emilia-Romagna,Emilia-Romagna,4459477,523479,11.74,0.66
1614,2021-01-06,EMR,8287,2955,5332,8286,0,1,ITH,ITH5,8,Emilia-Romagna,Emilia-Romagna,4459477,531766,11.92,0.19
1615,2021-08-08,EMR,19637,10563,9074,8731,10450,456,ITH,ITH5,8,Emilia-Romagna,Emilia-Romagna,4459477,551403,12.36,0.44
1616,2021-04-30,EMR,36634,16797,19837,21223,14803,608,ITH,ITH5,8,Emilia-Romagna,Emilia-Romagna,4459477,588037,13.19,0.82
1617,2021-03-28,EMR,13521,6039,7482,9520,3884,117,ITH,ITH5,8,Emilia-Romagna,Emilia-Romagna,4459477,601558,13.49,0.3
1618,2021-07-20,EMR,43065,22518,20547,6676,35733,656,ITH,ITH5,8,Emilia-Romagna,Emilia-Romagna,4459477,644623,14.46,0.97
1619,2021-04-11,EMR,15282,6937,8345,11982,3049,251,ITH,ITH5,8,Emilia-Romagna,Emilia-Romagna,4459477,659905,14.8,0.34
1620,2021-02-11,EMR,4255,1413,2842,3395,843,17,ITH,ITH5,8,Emilia-Romagna,Emilia-Romagna,4459477,664160,14.89,0.1
1621,2021-01-23,EMR,2448,871,1577,440,2008,0,ITH,ITH5,8,Emilia-Romagna,Emilia-Romagna,4459477,666608,14.95,0.05
1622,2021-05-07,EMR,35309,16978,18331,22702,11880,727,ITH,ITH5,8,Emilia-Romagna,Emilia-Romagna,4459477,701917,15.74,0.79
1623,2021-07-03,EMR,32098,15924,16174,11461,20001,636,ITH,ITH5,8,Emilia-Romagna,Emilia-Romagna,4459477,734015,16.46,0.72
1624,2021-05-19,EMR,33821,14992,18829,18030,15260,531,ITH,ITH5,8,Emilia-Romagna,Emilia-Romagna,4459477,767836,17.22,0.76
1625,2021-06-02,EMR,24109,12065,12044,18747,4974,388,ITH,ITH5,8,Emilia-Romagna,Emilia-Romagna,4459477,791945,17.76,0.54
1626,2021-08-10,EMR,30314,16211,14103,14510,14841,963,ITH,ITH5,8,Emilia-Romagna,Emilia-Romagna,4459477,822259,18.44,0.68
1627,2021-03-13,EMR,16137,6361,9776,10589,5312,236,ITH,ITH5,8,Emilia-Romagna,Emilia-Romagna,4459477,838396,18.8,0.36
1628,2021-05-31,EMR,29784,13774,16010,17723,11511,550,ITH,ITH5,8,Emilia-Romagna,Emilia-Romagna,4459477,868180,19.47,0.67
1629,2021-02-20,EMR,5316,2093,3223,5046,263,7,ITH,ITH5,8,Emilia-Romagna,Emilia-Romagna,4459477,873496,19.59,0.12
1630,2021-01-15,EMR,7754,2405,5349,7746,0,8,ITH,ITH5,8,Emilia-Romagna,Emilia-Romagna,4459477,881250,19.76,0.17
1631,2021-06-09,EMR,43102,21894,21208,35737,6396,969,ITH,ITH5,8,Emilia-Romagna,Emilia-Romagna,4459477,924352,20.73,0.97
1632,2021-03-01,EMR,10099,3582,6517,7814,2261,24,ITH,ITH5,8,Emilia-Romagna,Emilia-Romagna,4459477,934451,20.95,0.23
1633,2021-07-15,EMR,50332,26209,24123,7883,41735,714,ITH,ITH5,8,Emilia-Romagna,Emilia-Romagna,4459477,984783,22.08,1.13
1634,2021-04-23,EMR,29575,13815,15760,14305,14892,378,ITH,ITH5,8,Emilia-Romagna,Emilia-Romagna,4459477,1014358,22.75,0.66
1635,2021-01-13,EMR,9078,2942,6136,9073,0,5,ITH,ITH5,8,Emilia-Romagna,Emilia-Romagna,4459477,1023436,22.95,0.2
1636,2021-04-04,EMR,9869,4714,5155,7525,2269,75,ITH,ITH5,8,Emilia-Romagna,Emilia-Romagna,4459477,1033305,23.17,0.22
1637,2021-01-11,EMR,9348,3274,6074,9339,0,9,ITH,ITH5,8,Emilia-Romagna,Emilia-Romagna,4459477,1042653,23.38,0.21
1638,2021-03-09,EMR,14799,6033,8766,10752,3952,95,ITH,ITH5,8,Emilia-Romagna,Emilia-Romagna,4459477,1057452,23.71,0.33
1639,2021-05-05,EMR,30132,13998,16134,18300,11270,562,ITH,ITH5,8,Emilia-Romagna,Emilia-Romagna,4459477,1087584,24.39,0.68
1640,2021-05-23,EMR,25496,11864,13632,13578,11603,315,ITH,ITH5,8,Emilia-Romagna,Emilia-Romagna,4459477,1113080,24.96,0.57
1641,2021-07-19,EMR,41949,22095,19854,6620,34729,600,ITH,ITH5,8,Emilia-Romagna,Emilia-Romagna,4459477,1155029,25.9,0.94
1642,2021-06-26,EMR,37465,18985,18480,21052,15534,879,ITH,ITH5,8,Emilia-Romagna,Emilia-Romagna,4459477,1192494,26.74,0.84
1643,2021-07-10,EMR,42062,21421,20641,6778,34621,663,ITH,ITH5,8,Emilia-Romagna,Emilia-Romagna,4459477,1234556,27.68,0.94
1644,2021-02-25,EMR,9248,3498,5750,8272,954,22,ITH,ITH5,8,Emilia-Romagna,Emilia-Romagna,4459477,1243804,27.89,0.21
1645,2021-06-19,EMR,36669,18355,18314,16778,19397,494,ITH,ITH5,8,Emilia-Romagna,Emilia-Romagna,4459477,1280473,28.71,0.82
1646,2021-03-11,EMR,17471,7320,10151,11438,5853,180,ITH,ITH5,8,Emilia-Romagna,Emilia-Romagna,4459477,1297944,29.11,0.39
1647,2021-02-06,EMR,7600,2407,5193,2107,5489,4,ITH,ITH5,8,Emilia-Romagna,Emilia-Romagna,4459477,1305544,29.28,0.17
1648,2021-05-09,EMR,25628,12262,13366,18264,6972,392,ITH,ITH5,8,Emilia-Romagna,Emilia-Romagna,4459477,1331172,29.85,0.57
1649,2021-01-29,EMR,10421,3497,6924,290,10131,0,ITH,ITH5,8,Emilia-Romagna,Emilia-Romagna,4459477,1341593,30.08,0.23
1650,2021-02-15,EMR,2903,850,2053,2711,125,67,ITH,ITH5,8,Emilia-Romagna,Emilia-Romagna,4459477,1344496,30.15,0.07
1651,2021-07-29,EMR,40698,21480,19218,14508,25506,684,ITH,ITH5,8,Emilia-Romagna,Emilia-Romagna,4459477,1385194,31.06,0.91
1652,2021-07-27,EMR,41046,21806,19240,17014,23296,736,ITH,ITH5,8,Emilia-Romagna,Emilia-Romagna,4459477,1426240,31.98,0.92
1653,2021-04-18,EMR,17511,8398,9113,12362,4922,227,ITH,ITH5,8,Emilia-Romagna,Emilia-Romagna,4459477,1443751,32.37,0.39
1654,2021-06-14,EMR,41321,21365,19956,27521,13080,720,ITH,ITH5,8,Emilia-Romagna,Emilia-Romagna,4459477,1485072,33.3,0.93
1655,2021-07-05,EMR,33217,16197,17020,11257,21366,594,ITH,ITH5,8,Emilia-Romagna,Emilia-Romagna,4459477,1518289,34.05,0.74
1656,2021-03-27,EMR,21668,9064,12604,14520,6911,237,ITH,ITH5,8,Emilia-Romagna,Emilia-Romagna,4459477,1539957,34.53,0.49
1657,2021-04-13,EMR,23721,11130,12591,19032,4342,347,ITH,ITH5,8,Emilia-Romagna,Emilia-Romagna,4459477,1563678,35.06,0.53
1658,2021-01-03,EMR,2764,945,1819,2764,0,0,ITH,ITH5,8,Emilia-Romagna,Emilia-Romagna,4459477,1566442,35.13,0.06
1659,2021-05-02,EMR,25585,11653,13932,13189,11994,402,ITH,ITH5,8,Emilia-Romagna,Emilia-Romagna,4459477,1592027,35.7,0.57
1660,2021-01-22,EMR,1830,476,1354,1086,742,2,ITH,ITH5,8,Emilia-Romagna,Emilia-Romagna,4459477,1593857,35.74,0.04
1661,2021-02-08,EMR,5235,1535,3700,2315,2917,3,ITH,ITH5,8,Emilia-Romagna,Emilia-Romagna,4459477,1599092,35.86,0.12
1662,2021-05-16,EMR,25863,12174,13689,18357,7126,380,ITH,ITH5,8,Emilia-Romagna,Emilia-Romagna,4459477,1624955,36.44,0.58
1663,2021-08-05,EMR,36213,19145,17068,17922,17375,916,ITH,ITH5,8,Emilia-Romagna,Emilia-Romagna,4459477,1661168,37.25,0.81
1664,2021-08-12,EMR,22130,11984,10146,14625,6287,1218,ITH,ITH5,8,Emilia-Romagna,Emilia-Romagna,4459477,1683298,37.75,0.5
1665,2021-05-04,EMR,29302,13721,15581,15163,13665,474,ITH,ITH5,8,Emilia-Romagna,Emilia-Romagna,4459477,1712600,38.4,0.66
1666,2021-02-27,EMR,10961,3996,6965,9191,1741,29,ITH,ITH5,8,Emilia-Romagna,Emilia-Romagna,4459477,1723561,38.65,0.25
1667,2021-04-25,EMR,22354,10241,12113,14401,7513,440,ITH,ITH5,8,Emilia-Romagna,Emilia-Romagna,4459477,1745915,39.15,0.5
1668,2021-08-07,EMR,29823,16371,13452,16684,12186,953,ITH,ITH5,8,Emilia-Romagna,Emilia-Romagna,4459477,1775738,39.82,0.67
1669,2021-06-30,EMR,34247,17283,16964,17741,15658,848,ITH,ITH5,8,Emilia-Romagna,Emilia-Romagna,4459477,1809985,40.59,0.77
1670,2021-07-17,EMR,43622,23030,20592,7167,35718,737,ITH,ITH5,8,Emilia-Romagna,Emilia-Romagna,4459477,1853607,41.57,0.98
1671,2021-06-11,EMR,45943,23845,22098,38374,6544,1025,ITH,ITH5,8,Emilia-Romagna,Emilia-Romagna,4459477,1899550,42.6,1.03
1672,2021-06-28,EMR,40047,19651,20396,19657,19568,822,ITH,ITH5,8,Emilia-Romagna,Emilia-Romagna,4459477,1939597,43.49,0.9
1673,2021-03-20,EMR,16081,6824,9257,8954,6966,161,ITH,ITH5,8,Emilia-Romagna,Emilia-Romagna,4459477,1955678,43.85,0.36
1674,2021-04-06,EMR,24753,11172,13581,19724,4747,282,ITH,ITH5,8,Emilia-Romagna,Emilia-Romagna,4459477,1980431,44.41,0.56
1675,2020-12-27,EMR,973,374,599,973,0,0,ITH,ITH5,8,Emilia-Romagna,Emilia-Romagna,4459477,1981404,44.43,0.02
1676,2021-07-12,EMR,44030,22309,21721,5413,38101,516,ITH,ITH5,8,Emilia-Romagna,Emilia-Romagna,4459477,2025434,45.42,0.99
1677,2021-03-25,EMR,21473,9411,12062,14233,6991,249,ITH,ITH5,8,Emilia-Romagna,Emilia-Romagna,4459477,2046907,45.9,0.48
1678,2021-05-21,EMR,39371,17554,21817,21643,17117,611,ITH,ITH5,8,Emilia-Romagna,Emilia-Romagna,4459477,2086278,46.78,0.88
1679,2021-02-10,EMR,4024,1384,2640,2759,1259,6,ITH,ITH5,8,Emilia-Romagna,Emilia-Romagna,4459477,2090302,46.87,0.09
1680,2021-04-08,EMR,31364,14402,16962,25320,5317,727,ITH,ITH5,8,Emilia-Romagna,Emilia-Romagna,4459477,2121666,47.58,0.7
1681,2021-01-10,EMR,7169,2684,4485,7168,0,1,ITH,ITH5,8,Emilia-Romagna,Emilia-Romagna,4459477,2128835,47.74,0.16
1682,2021-06-16,EMR,45931,23524,22407,25265,19952,714,ITH,ITH5,8,Emilia-Romagna,Emilia-Romagna,4459477,2174766,48.77,1.03
1683,2021-03-08,EMR,12216,5099,7117,9468,2663,85,ITH,ITH5,8,Emilia-Romagna,Emilia-Romagna,4459477,2186982,49.04,0.27
1684,2021-04-27,EMR,32121,14871,17250,19227,12466,428,ITH,ITH5,8,Emilia-Romagna,Emilia-Romagna,4459477,2219103,49.76,0.72
1685,2021-05-06,EMR,35961,16617,19344,22154,13082,725,ITH,ITH5,8,Emilia-Romagna,Emilia-Romagna,4459477,2255064,50.57,0.81
1686,2021-01-26,EMR,8336,3001,5335,209,8126,1,ITH,ITH5,8,Emilia-Romagna,Emilia-Romagna,4459477,2263400,50.75,0.19
1687,2021-07-02,EMR,34742,17084,17658,12415,21712,615,ITH,ITH5,8,Emilia-Romagna,Emilia-Romagna,4459477,2298142,51.53,0.78
1688,2021-03-24,EMR,21222,9405,11817,13624,7386,212,ITH,ITH5,8,Emilia-Romagna,Emilia-Romagna,4459477,2319364,52.01,0.48
1689,2021-06-13,EMR,28756,15000,13756,23846,4282,628,ITH,ITH5,8,Emilia-Romagna,Emilia-Romagna,4459477,2348120,52.65,0.64
1690,2021-03-05,EMR,17917,5859,12058,14294,3501,122,ITH,ITH5,8,Emilia-Romagna,Emilia-Romagna,4459477,2366037,53.06,0.4
1691,2021-03-22,EMR,17626,7811,9815,10616,6865,145,ITH,ITH5,8,Emilia-Romagna,Emilia-Romagna,4459477,2383663,53.45,0.4
1692,2021-03-03,EMR,15890,5265,10625,13351,2487,52,ITH,ITH5,8,Emilia-Romagna,Emilia-Romagna,4459477,2399553,53.81,0.36
1693,2021-02-22,EMR,7483,3092,4391,7198,272,13,ITH,ITH5,8,Emilia-Romagna,Emilia-Romagna,4459477,2407036,53.98,0.17
1694,2021-02-12,EMR,5319,1671,3648,3890,1406,23,ITH,ITH5,8,Emilia-Romagna,Emilia-Romagna,4459477,2412355,54.1,0.12
1695,2021-04-10,EMR,20925,9301,11624,16449,4144,332,ITH,ITH5,8,Emilia-Romagna,Emilia-Romagna,4459477,2433280,54.56,0.47
1696,2021-04-17,EMR,27311,13079,14232,17570,9348,393,ITH,ITH5,8,Emilia-Romagna,Emilia-Romagna,4459477,2460591,55.18,0.61
1697,2021-01-07,EMR,10275,3406,6869,10271,0,4,ITH,ITH5,8,Emilia-Romagna,Emilia-Romagna,4459477,2470866,55.41,0.23
1698,2021-03-18,EMR,13666,5801,7865,5584,8004,78,ITH,ITH5,8,Emilia-Romagna,Emilia-Romagna,4459477,2484532,55.71,0.31
1699,2021-05-14,EMR,37335,17197,20138,26789,9650,896,ITH,ITH5,8,Emilia-Romagna,Emilia-Romagna,4459477,2521867,56.55,0.84
1700,2021-02-03,EMR,9344,2990,6354,960,8383,1,ITH,ITH5,8,Emilia-Romagna,Emilia-Romagna,4459477,2531211,56.76,0.21
1701,2021-04-01,EMR,23961,10774,13187,19072,4554,335,ITH,ITH5,8,Emilia-Romagna,Emilia-Romagna,4459477,2555172,57.3,0.54
1702,2021-02-17,EMR,6539,2764,3775,5755,772,12,ITH,ITH5,8,Emilia-Romagna,Emilia-Romagna,4459477,2561711,57.44,0.15
1703,2021-06-01,EMR,27185,13107,14078,16873,9924,388,ITH,ITH5,8,Emilia-Romagna,Emilia-Romagna,4459477,2588896,58.05,0.61
1704,2021-07-28,EMR,38563,20671,17892,13978,23967,618,ITH,ITH5,8,Emilia-Romagna,Emilia-Romagna,4459477,2627459,58.92,0.86
1705,2021-04-12,EMR,19251,9010,10241,14448,4448,355,ITH,ITH5,8,Emilia-Romagna,Emilia-Romagna,4459477,2646710,59.35,0.43
1706,2021-06-08,EMR,45077,23069,22008,36877,7500,700,ITH,ITH5,8,Emilia-Romagna,Emilia-Romagna,4459477,2691787,60.36,1.01
1707,2021-08-04,EMR,34303,18263,16040,12156,21647,500,ITH,ITH5,8,Emilia-Romagna,Emilia-Romagna,4459477,2726090,61.13,0.77
1708,2021-06-04,EMR,45728,23011,22717,36863,8197,668,ITH,ITH5,8,Emilia-Romagna,Emilia-Romagna,4459477,2771818,62.16,1.03
1709,2021-05-25,EMR,25215,11229,13986,11299,13490,426,ITH,ITH5,8,Emilia-Romagna,Emilia-Romagna,4459477,2797033,62.72,0.57
1710,2021-02-14,EMR,1402,378,1024,1274,120,8,ITH,ITH5,8,Emilia-Romagna,Emilia-Romagna,4459477,2798435,62.75,0.03
1711,2021-05-27,EMR,42332,18766,23566,13576,28271,485,ITH,ITH5,8,Emilia-Romagna,Emilia-Romagna,4459477,2840767,63.7,0.95
1712,2021-02-16,EMR,5772,2446,3326,5227,531,14,ITH,ITH5,8,Emilia-Romagna,Emilia-Romagna,4459477,2846539,63.83,0.13
1713,2021-08-01,EMR,28724,15406,13318,9256,19122,346,ITH,ITH5,8,Emilia-Romagna,Emilia-Romagna,4459477,2875263,64.48,0.64
1714,2021-05-10,EMR,33876,16145,17731,26017,7263,596,ITH,ITH5,8,Emilia-Romagna,Emilia-Romagna,4459477,2909139,65.23,0.76
1715,2021-07-30,EMR,39771,21366,18405,15661,23426,684,ITH,ITH5,8,Emilia-Romagna,Emilia-Romagna,4459477,2948910,66.13,0.89
1716,2021-04-21,EMR,23967,10968,12999,13863,9743,361,ITH,ITH5,8,Emilia-Romagna,Emilia-Romagna,4459477,2972877,66.66,0.54
1717,2021-05-08,EMR,32375,15108,17267,20405,11430,540,ITH,ITH5,8,Emilia-Romagna,Emilia-Romagna,4459477,3005252,67.39,0.73
1718,2021-01-28,EMR,10258,3341,6917,347,9911,0,ITH,ITH5,8,Emilia-Romagna,Emilia-Romagna,4459477,3015510,67.62,0.23
1719,2021-01-24,EMR,2446,887,1559,298,2148,0,ITH,ITH5,8,Emilia-Romagna,Emilia-Romagna,4459477,3017956,67.68,0.05
1720,2021-07-09,EMR,44891,22936,21955,5417,39057,417,ITH,ITH5,8,Emilia-Romagna,Emilia-Romagna,4459477,3062847,68.68,1.01
1721,2021-04-20,EMR,22640,10411,12229,13886,8357,397,ITH,ITH5,8,Emilia-Romagna,Emilia-Romagna,4459477,3085487,69.19,0.51
1722,2021-06-23,EMR,37966,19033,18933,18453,18849,664,ITH,ITH5,8,Emilia-Romagna,Emilia-Romagna,4459477,3123453,70.04,0.85
1723,2021-01-08,EMR,10873,3582,7291,10870,0,3,ITH,ITH5,8,Emilia-Romagna,Emilia-Romagna,4459477,3134326,70.28,0.24
1724,2021-03-06,EMR,21028,5969,15059,18165,2740,123,ITH,ITH5,8,Emilia-Romagna,Emilia-Romagna,4459477,3155354,70.76,0.47
1725,2021-01-17,EMR,2890,887,2003,2642,247,1,ITH,ITH5,8,Emilia-Romagna,Emilia-Romagna,4459477,3158244,70.82,0.06
1726,2021-04-02,EMR,23377,10543,12834,18556,4484,337,ITH,ITH5,8,Emilia-Romagna,Emilia-Romagna,4459477,3181621,71.35,0.52
1727,2021-05-29,EMR,37930,16511,21419,16658,20758,514,ITH,ITH5,8,Emilia-Romagna,Emilia-Romagna,4459477,3219551,72.2,0.85
1728,2021-07-11,EMR,30369,15226,15143,2759,27343,267,ITH,ITH5,8,Emilia-Romagna,Emilia-Romagna,4459477,3249920,72.88,0.68
1729,2021-03-31,EMR,25273,11049,14224,19495,5470,308,ITH,ITH5,8,Emilia-Romagna,Emilia-Romagna,4459477,3275193,73.44,0.57
1730,2021-07-13,EMR,48453,24818,23635,6465,41303,685,ITH,ITH5,8,Emilia-Romagna,Emilia-Romagna,4459477,3323646,74.53,1.09
1731,2021-07-04,EMR,24253,12058,12195,10201,13598,454,ITH,ITH5,8,Emilia-Romagna,Emilia-Romagna,4459477,3347899,75.07,0.54
1732,2021-08-09,EMR,28514,15185,13329,15193,12366,955,ITH,ITH5,8,Emilia-Romagna,Emilia-Romagna,4459477,3376413,75.71,0.64
1733,2021-05-01,EMR,28428,12780,15648,15277,12793,358,ITH,ITH5,8,Emilia-Romagna,Emilia-Romagna,4459477,3404841,76.35,0.64
1734,2021-02-05,EMR,9306,2960,6346,1614,7688,4,ITH,ITH5,8,Emilia-Romagna,Emilia-Romagna,4459477,3414147,76.56,0.21
1735,2021-01-20,EMR,1329,269,1060,1327,1,1,ITH,ITH5,8,Emilia-Romagna,Emilia-Romagna,4459477,3415476,76.59,0.03
1736,2021-07-24,EMR,38798,20921,17877,17347,20598,853,ITH,ITH5,8,Emilia-Romagna,Emilia-Romagna,4459477,3454274,77.46,0.87
1737,2021-04-15,EMR,29357,13982,15375,19239,9680,438,ITH,ITH5,8,Emilia-Romagna,Emilia-Romagna,4459477,3483631,78.12,0.66
1738,2021-06-18,EMR,42763,21442,21321,16314,25909,540,ITH,ITH5,8,Emilia-Romagna,Emilia-Romagna,4459477,3526394,79.08,0.96
1739,2021-03-10,EMR,18806,7743,11063,12982,5644,180,ITH,ITH5,8,Emilia-Romagna,Emilia-Romagna,4459477,3545200,79.5,0.42
1740,2021-07-21,EMR,43622,23266,20356,10786,32241,595,ITH,ITH5,8,Emilia-Romagna,Emilia-Romagna,4459477,3588822,80.48,0.98
1741,2021-04-19,EMR,20916,9802,11114,14335,6283,298,ITH,ITH5,8,Emilia-Romagna,Emilia-Romagna,4459477,3609738,80.95,0.47
1742,2021-01-09,EMR,9991,3456,6535,9986,0,5,ITH,ITH5,8,Emilia-Romagna,Emilia-Romagna,4459477,3619729,81.17,0.22
1743,2021-06-15,EMR,43855,22633,21222,27956,15059,840,ITH,ITH5,8,Emilia-Romagna,Emilia-Romagna,4459477,3663584,82.15,0.98
1744,2021-03-07,EMR,7843,2958,4885,6288,1523,32,ITH,ITH5,8,Emilia-Romagna,Emilia-Romagna,4459477,3671427,82.33,0.18
1745,2021-05-03,EMR,28732,13568,15164,17394,10885,453,ITH,ITH5,8,Emilia-Romagna,Emilia-Romagna,4459477,3700159,82.97,0.64
1746,2021-02-28,EMR,6819,2526,4293,4955,1846,18,ITH,ITH5,8,Emilia-Romagna,Emilia-Romagna,4459477,3706978,83.13,0.15
1747,2021-04-26,EMR,27913,12939,14974,18039,9324,550,ITH,ITH5,8,Emilia-Romagna,Emilia-Romagna,4459477,3734891,83.75,0.63
1748,2021-01-16,EMR,5630,1718,3912,5629,0,1,ITH,ITH5,8,Emilia-Romagna,Emilia-Romagna,4459477,3740521,83.88,0.13
1749,2021-03-14,EMR,8802,3840,4962,4941,3798,63,ITH,ITH5,8,Emilia-Romagna,Emilia-Romagna,4459477,3749323,84.08,0.2
1750,2021-05-20,EMR,40402,18339,22063,18398,21491,513,ITH,ITH5,8,Emilia-Romagna,Emilia-Romagna,4459477,3789725,84.98,0.91
1751,2021-06-25,EMR,42608,21596,21012,19554,22306,748,ITH,ITH5,8,Emilia-Romagna,Emilia-Romagna,4459477,3832333,85.94,0.96
1752,2021-03-17,EMR,13714,5687,8027,5814,7852,48,ITH,ITH5,8,Emilia-Romagna,Emilia-Romagna,4459477,3846047,86.24,0.31
1753,2021-05-13,EMR,35836,16507,19329,27276,7845,715,ITH,ITH5,8,Emilia-Romagna,Emilia-Romagna,4459477,3881883,87.05,0.8
1754,2021-04-03,EMR,19979,8775,11204,15953,3798,228,ITH,ITH5,8,Emilia-Romagna,Emilia-Romagna,4459477,3901862,87.5,0.45
1755,2021-05-30,EMR,27088,12798,14290,12981,13703,404,ITH,ITH5,8,Emilia-Romagna,Emilia-Romagna,4459477,3928950,88.1,0.61
1756,2021-02-19,EMR,7328,3011,4317,6800,514,14,ITH,ITH5,8,Emilia-Romagna,Emilia-Romagna,4459477,3936278,88.27,0.16
1757,2021-07-26,EMR,39483,21057,18426,15901,22841,741,ITH,ITH5,8,Emilia-Romagna,Emilia-Romagna,4459477,3975761,89.15,0.89
1758,2020-12-31,EMR,2215,779,1436,2214,0,1,ITH,ITH5,8,Emilia-Romagna,Emilia-Romagna,4459477,3977976,89.2,0.05
1759,2021-06-06,EMR,36580,18989,17591,31590,4411,579,ITH,ITH5,8,Emilia-Romagna,Emilia-Romagna,4459477,4014556,90.02,0.82
1760,2021-02-26,EMR,9634,3672,5962,8562,1051,21,ITH,ITH5,8,Emilia-Romagna,Emilia-Romagna,4459477,4024190,90.24,0.22
1761,2021-08-06,EMR,33819,18119,15700,18049,14955,815,ITH,ITH5,8,Emilia-Romagna,Emilia-Romagna,4459477,4058009,91.0,0.76
1762,2021-04-28,EMR,33737,15598,18139,20258,12897,582,ITH,ITH5,8,Emilia-Romagna,Emilia-Romagna,4459477,4091746,91.75,0.76
1763,2021-06-24,EMR,40395,20224,20171,20114,19559,722,ITH,ITH5,8,Emilia-Romagna,Emilia-Romagna,4459477,4132141,92.66,0.91
1764,2021-03-26,EMR,23720,10115,13605,17015,6441,264,ITH,ITH5,8,Emilia-Romagna,Emilia-Romagna,4459477,4155861,93.19,0.53
1765,2021-05-18,EMR,29226,13278,15948,18099,10641,486,ITH,ITH5,8,Emilia-Romagna,Emilia-Romagna,4459477,4185087,93.85,0.66
1766,2021-02-07,EMR,4787,1536,3251,1722,3063,2,ITH,ITH5,8,Emilia-Romagna,Emilia-Romagna,4459477,4189874,93.95,0.11
1767,2021-02-24,EMR,9356,3568,5788,8451,889,16,ITH,ITH5,8,Emilia-Romagna,Emilia-Romagna,4459477,4199230,94.16,0.21
1768,2021-01-05,EMR,9365,3172,6193,9361,0,4,ITH,ITH5,8,Emilia-Romagna,Emilia-Romagna,4459477,4208595,94.37,0.21
1769,2021-04-29,EMR,44969,21145,23824,26594,17558,817,ITH,ITH5,8,Emilia-Romagna,Emilia-Romagna,4459477,4253564,95.38,1.01
1770,2021-01-19,EMR,2047,506,1541,2029,17,1,ITH,ITH5,8,Emilia-Romagna,Emilia-Romagna,4459477,4255611,95.43,0.05
1771,2021-07-07,EMR,37889,19140,18749,13438,23692,759,ITH,ITH5,8,Emilia-Romagna,Emilia-Romagna,4459477,4293500,96.28,0.85
1772,2021-03-29,EMR,21430,9619,11811,16539,4660,231,ITH,ITH5,8,Emilia-Romagna,Emilia-Romagna,4459477,4314930,96.76,0.48
1773,2021-06-17,EMR,46677,23651,23026,21830,24214,633,ITH,ITH5,8,Emilia-Romagna,Emilia-Romagna,4459477,4361607,97.81,1.05
1774,2021-08-13,EMR,9713,5301,4412,5757,3559,397,ITH,ITH5,8,Emilia-Romagna,Emilia-Romagna,4459477,4371320,98.02,0.22
1775,2021-06-20,EMR,30732,15594,15138,15628,14660,444,ITH,ITH5,8,Emilia-Romagna,Emilia-Romagna,4459477,4402052,98.71,0.69
1776,2021-02-21,EMR,4446,1705,2741,3996,440,10,ITH,ITH5,8,Emilia-Romagna,Emilia-Romagna,4459477,4406498,98.81,0.1
1777,2021-07-25,EMR,28414,15159,13255,10553,17415,446,ITH,ITH5,8,Emilia-Romagna,Emilia-Romagna,4459477,4434912,99.45,0.64
1778,2021-08-11,EMR,26592,14218,12374,11029,14819,744,ITH,ITH5,8,Emilia-Romagna,Emilia-Romagna,4459477,4461504,100.05,0.6
1779,2021-03-15,EMR,13455,6252,7203,6854,6501,100,ITH,ITH5,8,Emilia-Romagna,Emilia-Romagna,4459477,4474959,100.35,0.3
1780,2021-02-09,EMR,4157,1251,2906,2307,1849,1,ITH,ITH5,8,Emilia-Romagna,Emilia-Romagna,4459477,4479116,100.44,0.09
1781,2021-05-15,EMR,33286,14995,18291,22219,10428,639,ITH,ITH5,8,Emilia-Romagna,Emilia-Romagna,4459477,4512402,101.19,0.75
1782,2021-02-04,EMR,9930,3206,6724,1235,8694,1,ITH,ITH5,8,Emilia-Romagna,Emilia-Romagna,4459477,4522332,101.41,0.22
1783,2021-05-22,EMR,33129,14146,18983,16472,16201,456,ITH,ITH5,8,Emilia-Romagna,Emilia-Romagna,4459477,4555461,102.15,0.74
1784,2021-07-18,EMR,34529,17888,16641,8177,25796,556,ITH,ITH5,8,Emilia-Romagna,Emilia-Romagna,4459477,4589990,102.93,0.77
1785,2021-04-09,EMR,25798,11691,14107,19529,5760,509,ITH,ITH5,8,Emilia-Romagna,Emilia-Romagna,4459477,4615788,103.51,0.58
1786,2021-02-02,EMR,9485,3049,6436,525,8960,0,ITH,ITH5,8,Emilia-Romagna,Emilia-Romagna,4459477,4625273,103.72,0.21
1787,2021-07-23,EMR,40253,21794,18459,19809,19381,1063,ITH,ITH5,8,Emilia-Romagna,Emilia-Romagna,4459477,4665526,104.62,0.9
1788,2021-04-14,EMR,27047,12845,14202,20512,6106,429,ITH,ITH5,8,Emilia-Romagna,Emilia-Romagna,4459477,4692573,105.23,0.61
1789,2021-01-21,EMR,2166,729,1437,818,1348,0,ITH,ITH5,8,Emilia-Romagna,Emilia-Romagna,4459477,4694739,105.28,0.05
1790,2021-06-03,EMR,37920,18440,19480,29747,7555,618,ITH,ITH5,8,Emilia-Romagna,Emilia-Romagna,4459477,4732659,106.13,0.85
1791,2021-02-23,EMR,8215,3218,4997,7818,386,11,ITH,ITH5,8,Emilia-Romagna,Emilia-Romagna,4459477,4740874,106.31,0.18
1792,2021-03-12,EMR,18316,7707,10609,11307,6720,289,ITH,ITH5,8,Emilia-Romagna,Emilia-Romagna,4459477,4759190,106.72,0.41
1793,2021-01-02,EMR,2378,917,1461,2378,0,0,ITH,ITH5,8,Emilia-Romagna,Emilia-Romagna,4459477,4761568,106.77,0.05
1794,2021-06-05,EMR,44283,22370,21913,36685,6915,683,ITH,ITH5,8,Emilia-Romagna,Emilia-Romagna,4459477,4805851,107.77,0.99
1795,2021-06-22,EMR,36525,18192,18333,16314,19627,584,ITH,ITH5,8,Emilia-Romagna,Emilia-Romagna,4459477,4842376,108.59,0.82
1796,2021-07-06,EMR,36796,18500,18296,12970,23190,636,ITH,ITH5,8,Emilia-Romagna,Emilia-Romagna,4459477,4879172,109.41,0.83
1797,2021-05-17,EMR,32465,15409,17056,22365,9552,548,ITH,ITH5,8,Emilia-Romagna,Emilia-Romagna,4459477,4911637,110.14,0.73
1798,2021-01-27,EMR,8366,2950,5416,461,7905,0,ITH,ITH5,8,Emilia-Romagna,Emilia-Romagna,4459477,4920003,110.33,0.19
1799,2021-07-31,EMR,36121,19174,16947,12161,23313,647,ITH,ITH5,8,Emilia-Romagna,Emilia-Romagna,4459477,4956124,111.14,0.81
1800,2021-05-28,EMR,41283,18956,22327,17274,23412,597,ITH,ITH5,8,Emilia-Romagna,Emilia-Romagna,4459477,4997407,112.06,0.93
1801,2021-04-22,EMR,29056,13453,15603,14616,14078,362,ITH,ITH5,8,Emilia-Romagna,Emilia-Romagna,4459477,5026463,112.71,0.65
1802,2021-01-12,EMR,9477,3124,6353,9468,0,9,ITH,ITH5,8,Emilia-Romagna,Emilia-Romagna,4459477,5035940,112.93,0.21
1803,2021-07-16,EMR,49750,26258,23492,7057,42042,651,ITH,ITH5,8,Emilia-Romagna,Emilia-Romagna,4459477,5085690,114.04,1.12
1804,2021-06-27,EMR,29559,14872,14687,16206,12726,627,ITH,ITH5,8,Emilia-Romagna,Emilia-Romagna,4459477,5115249,114.71,0.66
1805,2021-07-14,EMR,47934,24517,23417,5587,41808,539,ITH,ITH5,8,Emilia-Romagna,Emilia-Romagna,4459477,5163183,115.78,1.07
1806,2021-04-05,EMR,14851,6807,8044,11786,2893,172,ITH,ITH5,8,Emilia-Romagna,Emilia-Romagna,4459477,5178034,116.11,0.33
1807,2021-08-02,EMR,37675,19895,17780,14008,23063,604,ITH,ITH5,8,Emilia-Romagna,Emilia-Romagna,4459477,5215709,116.96,0.84
1808,2021-04-24,EMR,28643,13246,15397,14057,14238,348,ITH,ITH5,8,Emilia-Romagna,Emilia-Romagna,4459477,5244352,117.6,0.64
1809,2021-05-11,EMR,35801,16798,19003,27855,7262,684,ITH,ITH5,8,Emilia-Romagna,Emilia-Romagna,4459477,5280153,118.4,0.8
1810,2021-01-31,EMR,7702,2766,4936,239,7463,0,ITH,ITH5,8,Emilia-Romagna,Emilia-Romagna,4459477,5287855,118.58,0.17
1811,2021-06-29,EMR,37695,18593,19102,18194,18786,715,ITH,ITH5,8,Emilia-Romagna,Emilia-Romagna,4459477,5325550,119.42,0.85
1812,2021-03-21,EMR,11949,5290,6659,7262,4606,81,ITH,ITH5,8,Emilia-Romagna,Emilia-Romagna,4459477,5337499,119.69,0.27
1813,2021-06-10,EMR,45056,23135,21921,38735,5378,943,ITH,ITH5,8,Emilia-Romagna,Emilia-Romagna,4459477,5382555,120.7,1.01
1814,2021-03-02,EMR,12661,4274,8387,10516,2089,56,ITH,ITH5,8,Emilia-Romagna,Emilia-Romagna,4459477,5395216,120.98,0.28
1815,2021-03-19,EMR,15919,6969,8950,7799,7969,151,ITH,ITH5,8,Emilia-Romagna,Emilia-Romagna,4459477,5411135,121.34,0.36
1816,2021-04-07,EMR,26876,12300,14576,20481,6070,325,ITH,ITH5,8,Emilia-Romagna,Emilia-Romagna,4459477,5438011,121.94,0.6
1817,2021-01-14,EMR,8131,2595,5536,8122,0,9,ITH,ITH5,8,Emilia-Romagna,Emilia-Romagna,4459477,5446142,122.13,0.18
1818,2021-05-04,BAS,4141,1994,2147,3568,524,49,ITF,ITF5,17,Basilicata,Basilicata,559084,4141,0.74,0.74
1819,2021-03-08,BAS,1470,721,749,820,618,32,ITF,ITF5,17,Basilicata,Basilicata,559084,5611,1.0,0.26
1820,2021-06-16,BAS,4606,2086,2520,2126,2460,20,ITF,ITF5,17,Basilicata,Basilicata,559084,10217,1.83,0.82
1821,2021-04-08,BAS,789,362,427,763,10,16,ITF,ITF5,17,Basilicata,Basilicata,559084,11006,1.97,0.14
1822,2021-04-22,BAS,5049,2351,2698,3381,1613,55,ITF,ITF5,17,Basilicata,Basilicata,559084,16055,2.87,0.9
1823,2021-07-31,BAS,5469,2877,2592,1826,3589,54,ITF,ITF5,17,Basilicata,Basilicata,559084,21524,3.85,0.98
1824,2021-07-17,BAS,5856,2914,2942,1710,4107,39,ITF,ITF5,17,Basilicata,Basilicata,559084,27380,4.9,1.05
1825,2021-06-30,BAS,3452,1668,1784,2315,1111,26,ITF,ITF5,17,Basilicata,Basilicata,559084,30832,5.51,0.62
1826,2021-08-12,BAS,3924,2001,1923,1683,2159,82,ITF,ITF5,17,Basilicata,Basilicata,559084,34756,6.22,0.7
1827,2021-07-26,BAS,5414,2720,2694,1989,3387,38,ITF,ITF5,17,Basilicata,Basilicata,559084,40170,7.18,0.97
1828,2021-01-22,BAS,67,24,43,67,0,0,ITF,ITF5,17,Basilicata,Basilicata,559084,40237,7.2,0.01
1829,2021-07-24,BAS,5745,2942,2803,1773,3922,50,ITF,ITF5,17,Basilicata,Basilicata,559084,45982,8.22,1.03
1830,2021-03-25,BAS,1884,603,1281,1516,345,23,ITF,ITF5,17,Basilicata,Basilicata,559084,47866,8.56,0.34
1831,2021-01-27,BAS,419,177,242,113,306,0,ITF,ITF5,17,Basilicata,Basilicata,559084,48285,8.64,0.07
1832,2021-02-10,BAS,551,240,311,496,53,2,ITF,ITF5,17,Basilicata,Basilicata,559084,48836,8.74,0.1
1833,2021-05-21,BAS,4578,2321,2257,1480,3086,12,ITF,ITF5,17,Basilicata,Basilicata,559084,53414,9.55,0.82
1834,2021-06-04,BAS,4831,2288,2543,3748,1046,37,ITF,ITF5,17,Basilicata,Basilicata,559084,58245,10.42,0.86
1835,2021-02-24,BAS,1810,743,1067,1725,74,11,ITF,ITF5,17,Basilicata,Basilicata,559084,60055,10.74,0.32
1836,2021-02-22,BAS,1795,777,1018,1734,53,8,ITF,ITF5,17,Basilicata,Basilicata,559084,61850,11.06,0.32
1837,2021-01-15,BAS,819,353,466,819,0,0,ITF,ITF5,17,Basilicata,Basilicata,559084,62669,11.21,0.15
1838,2020-12-27,BAS,106,41,65,106,0,0,ITF,ITF5,17,Basilicata,Basilicata,559084,62775,11.23,0.02
1839,2021-03-20,BAS,1300,576,724,276,1017,7,ITF,ITF5,17,Basilicata,Basilicata,559084,64075,11.46,0.23
1840,2021-06-28,BAS,3641,1747,1894,2114,1509,18,ITF,ITF5,17,Basilicata,Basilicata,559084,67716,12.11,0.65
1841,2021-01-10,BAS,77,24,53,77,0,0,ITF,ITF5,17,Basilicata,Basilicata,559084,67793,12.13,0.01
1842,2021-04-20,BAS,4145,1982,2163,2183,1936,26,ITF,ITF5,17,Basilicata,Basilicata,559084,71938,12.87,0.74
1843,2021-08-07,BAS,4512,2375,2137,1359,3094,59,ITF,ITF5,17,Basilicata,Basilicata,559084,76450,13.67,0.81
1844,2021-01-08,BAS,555,219,336,555,0,0,ITF,ITF5,17,Basilicata,Basilicata,559084,77005,13.77,0.1
1845,2021-05-30,BAS,2778,1421,1357,920,1853,5,ITF,ITF5,17,Basilicata,Basilicata,559084,79783,14.27,0.5
1846,2021-04-03,BAS,1813,754,1059,1464,337,12,ITF,ITF5,17,Basilicata,Basilicata,559084,81596,14.59,0.32
1847,2021-02-05,BAS,996,447,549,63,931,2,ITF,ITF5,17,Basilicata,Basilicata,559084,82592,14.77,0.18
1848,2021-02-17,BAS,1137,493,644,1058,77,2,ITF,ITF5,17,Basilicata,Basilicata,559084,83729,14.98,0.2
1849,2021-05-28,BAS,3615,1810,1805,919,2663,33,ITF,ITF5,17,Basilicata,Basilicata,559084,87344,15.62,0.65
1850,2021-06-11,BAS,4236,1982,2254,3167,1028,41,ITF,ITF5,17,Basilicata,Basilicata,559084,91580,16.38,0.76
1851,2021-05-11,BAS,2654,1353,1301,1597,1033,24,ITF,ITF5,17,Basilicata,Basilicata,559084,94234,16.86,0.47
1852,2021-07-14,BAS,5640,2719,2921,1626,3989,25,ITF,ITF5,17,Basilicata,Basilicata,559084,99874,17.86,1.01
1853,2021-06-09,BAS,4423,2072,2351,3967,423,33,ITF,ITF5,17,Basilicata,Basilicata,559084,104297,18.65,0.79
1854,2021-04-13,BAS,2117,1052,1065,1282,818,17,ITF,ITF5,17,Basilicata,Basilicata,559084,106414,19.03,0.38
1855,2021-03-01,BAS,553,286,267,384,169,0,ITF,ITF5,17,Basilicata,Basilicata,559084,106967,19.13,0.1
1856,2021-06-18,BAS,4464,2065,2399,2179,2259,26,ITF,ITF5,17,Basilicata,Basilicata,559084,111431,19.93,0.8
1857,2021-01-24,BAS,862,314,548,58,803,1,ITF,ITF5,17,Basilicata,Basilicata,559084,112293,20.09,0.15
1858,2021-05-02,BAS,4181,2001,2180,3491,629,61,ITF,ITF5,17,Basilicata,Basilicata,559084,116474,20.83,0.75
1859,2021-04-15,BAS,3430,1679,1751,2589,798,43,ITF,ITF5,17,Basilicata,Basilicata,559084,119904,21.45,0.61
1860,2021-07-07,BAS,5205,2472,2733,2021,3171,13,ITF,ITF5,17,Basilicata,Basilicata,559084,125109,22.38,0.93
1861,2021-01-03,BAS,908,346,562,908,0,0,ITF,ITF5,17,Basilicata,Basilicata,559084,126017,22.54,0.16
1862,2021-04-01,BAS,2728,1118,1610,1970,730,28,ITF,ITF5,17,Basilicata,Basilicata,559084,128745,23.03,0.49
1863,2021-02-03,BAS,674,304,370,32,642,0,ITF,ITF5,17,Basilicata,Basilicata,559084,129419,23.15,0.12
1864,2021-06-01,BAS,6137,2927,3210,3034,3076,27,ITF,ITF5,17,Basilicata,Basilicata,559084,135556,24.25,1.1
1865,2021-07-12,BAS,5442,2593,2849,1606,3810,26,ITF,ITF5,17,Basilicata,Basilicata,559084,140998,25.22,0.97
1866,2021-05-16,BAS,4973,2468,2505,2812,2113,48,ITF,ITF5,17,Basilicata,Basilicata,559084,145971,26.11,0.89
1867,2021-07-19,BAS,5925,2889,3036,1998,3886,41,ITF,ITF5,17,Basilicata,Basilicata,559084,151896,27.17,1.06
1868,2021-05-23,BAS,4518,2302,2216,1527,2984,7,ITF,ITF5,17,Basilicata,Basilicata,559084,156414,27.98,0.81
1869,2021-03-06,BAS,1371,541,830,752,606,13,ITF,ITF5,17,Basilicata,Basilicata,559084,157785,28.22,0.25
1870,2021-05-09,BAS,4684,2339,2345,2941,1694,49,ITF,ITF5,17,Basilicata,Basilicata,559084,162469,29.06,0.84
1871,2021-02-15,BAS,631,238,393,571,44,16,ITF,ITF5,17,Basilicata,Basilicata,559084,163100,29.17,0.11
1872,2021-01-29,BAS,617,231,386,63,554,0,ITF,ITF5,17,Basilicata,Basilicata,559084,163717,29.28,0.11
1873,2021-03-05,BAS,1865,862,1003,1097,754,14,ITF,ITF5,17,Basilicata,Basilicata,559084,165582,29.62,0.33
1874,2021-06-13,BAS,3014,1440,1574,2678,308,28,ITF,ITF5,17,Basilicata,Basilicata,559084,168596,30.16,0.54
1875,2021-06-23,BAS,3241,1522,1719,2333,876,32,ITF,ITF5,17,Basilicata,Basilicata,559084,171837,30.74,0.58
1876,2021-03-13,BAS,1804,893,911,736,1048,20,ITF,ITF5,17,Basilicata,Basilicata,559084,173641,31.06,0.32
1877,2021-02-07,BAS,381,161,220,49,332,0,ITF,ITF5,17,Basilicata,Basilicata,559084,174022,31.13,0.07
1878,2021-05-18,BAS,5896,2856,3040,3382,2492,22,ITF,ITF5,17,Basilicata,Basilicata,559084,179918,32.18,1.05
1879,2021-08-09,BAS,4010,2065,1945,1569,2395,46,ITF,ITF5,17,Basilicata,Basilicata,559084,183928,32.9,0.72
1880,2021-07-23,BAS,5550,2781,2769,1889,3616,45,ITF,ITF5,17,Basilicata,Basilicata,559084,189478,33.89,0.99
1881,2021-05-01,BAS,4708,2139,2569,3886,754,68,ITF,ITF5,17,Basilicata,Basilicata,559084,194186,34.73,0.84
1882,2021-03-15,BAS,2368,992,1376,508,1844,16,ITF,ITF5,17,Basilicata,Basilicata,559084,196554,35.16,0.42
1883,2021-01-17,BAS,329,133,196,328,1,0,ITF,ITF5,17,Basilicata,Basilicata,559084,196883,35.22,0.06
1884,2021-04-27,BAS,4730,2243,2487,4351,327,52,ITF,ITF5,17,Basilicata,Basilicata,559084,201613,36.06,0.85
1885,2021-08-05,BAS,4555,2319,2236,1282,3232,41,ITF,ITF5,17,Basilicata,Basilicata,559084,206168,36.88,0.81
1886,2021-04-05,BAS,726,235,491,412,304,10,ITF,ITF5,17,Basilicata,Basilicata,559084,206894,37.01,0.13
1887,2021-03-22,BAS,1195,539,656,638,549,8,ITF,ITF5,17,Basilicata,Basilicata,559084,208089,37.22,0.21
1888,2021-03-03,BAS,1751,821,930,1167,562,22,ITF,ITF5,17,Basilicata,Basilicata,559084,209840,37.53,0.31
1889,2021-05-25,BAS,4199,2114,2085,867,3322,10,ITF,ITF5,17,Basilicata,Basilicata,559084,214039,38.28,0.75
1890,2021-02-14,BAS,151,48,103,105,0,46,ITF,ITF5,17,Basilicata,Basilicata,559084,214190,38.31,0.03
1891,2021-05-13,BAS,5984,2968,3016,3298,2596,90,ITF,ITF5,17,Basilicata,Basilicata,559084,220174,39.38,1.07
1892,2021-05-08,BAS,4845,2407,2438,3387,1412,46,ITF,ITF5,17,Basilicata,Basilicata,559084,225019,40.25,0.87
1893,2021-07-09,BAS,5340,2610,2730,1698,3633,9,ITF,ITF5,17,Basilicata,Basilicata,559084,230359,41.2,0.96
1894,2021-04-17,BAS,3461,1655,1806,2171,1262,28,ITF,ITF5,17,Basilicata,Basilicata,559084,233820,41.82,0.62
1895,2021-03-29,BAS,2482,898,1584,2143,288,51,ITF,ITF5,17,Basilicata,Basilicata,559084,236302,42.27,0.44
1896,2021-01-05,BAS,950,410,540,950,0,0,ITF,ITF5,17,Basilicata,Basilicata,559084,237252,42.44,0.17
1897,2021-08-04,BAS,4500,2232,2268,1424,3035,41,ITF,ITF5,17,Basilicata,Basilicata,559084,241752,43.24,0.8
1898,2021-06-08,BAS,4585,2194,2391,4190,357,38,ITF,ITF5,17,Basilicata,Basilicata,559084,246337,44.06,0.82
1899,2021-04-12,BAS,2175,1053,1122,1653,493,29,ITF,ITF5,17,Basilicata,Basilicata,559084,248512,44.45,0.39
1900,2021-07-21,BAS,5845,2942,2903,1611,4201,33,ITF,ITF5,17,Basilicata,Basilicata,559084,254357,45.5,1.05
1901,2021-03-27,BAS,2256,866,1390,1809,433,14,ITF,ITF5,17,Basilicata,Basilicata,559084,256613,45.9,0.4
1902,2021-07-05,BAS,3272,1616,1656,2215,1022,35,ITF,ITF5,17,Basilicata,Basilicata,559084,259885,46.48,0.59
1903,2021-01-07,BAS,644,321,323,644,0,0,ITF,ITF5,17,Basilicata,Basilicata,559084,260529,46.6,0.12
1904,2021-02-19,BAS,1625,739,886,1557,63,5,ITF,ITF5,17,Basilicata,Basilicata,559084,262154,46.89,0.29
1905,2021-06-27,BAS,3007,1477,1530,2378,615,14,ITF,ITF5,17,Basilicata,Basilicata,559084,265161,47.43,0.54
1906,2021-04-29,BAS,4858,2398,2460,4342,441,75,ITF,ITF5,17,Basilicata,Basilicata,559084,270019,48.3,0.87
1907,2021-03-17,BAS,1467,614,853,24,1439,4,ITF,ITF5,17,Basilicata,Basilicata,559084,271486,48.56,0.26
1908,2021-01-19,BAS,199,84,115,199,0,0,ITF,ITF5,17,Basilicata,Basilicata,559084,271685,48.59,0.04
1909,2021-06-25,BAS,3317,1571,1746,2444,839,34,ITF,ITF5,17,Basilicata,Basilicata,559084,275002,49.19,0.59
1910,2021-07-04,BAS,3112,1564,1548,2164,922,26,ITF,ITF5,17,Basilicata,Basilicata,559084,278114,49.74,0.56
1911,2021-03-10,BAS,1685,845,840,835,839,11,ITF,ITF5,17,Basilicata,Basilicata,559084,279799,50.05,0.3
1912,2021-01-26,BAS,810,357,453,101,709,0,ITF,ITF5,17,Basilicata,Basilicata,559084,280609,50.19,0.14
1913,2021-05-06,BAS,5069,2440,2629,3433,1585,51,ITF,ITF5,17,Basilicata,Basilicata,559084,285678,51.1,0.91
1914,2021-05-15,BAS,6532,3343,3189,3875,2574,83,ITF,ITF5,17,Basilicata,Basilicata,559084,292210,52.27,1.17
1915,2021-04-02,BAS,2344,1057,1287,1715,605,24,ITF,ITF5,17,Basilicata,Basilicata,559084,294554,52.69,0.42
1916,2021-02-04,BAS,1105,445,660,64,1041,0,ITF,ITF5,17,Basilicata,Basilicata,559084,295659,52.88,0.2
1917,2021-07-11,BAS,5031,2405,2626,1509,3497,25,ITF,ITF5,17,Basilicata,Basilicata,559084,300690,53.78,0.9
1918,2021-06-20,BAS,4011,1884,2127,1941,2036,34,ITF,ITF5,17,Basilicata,Basilicata,559084,304701,54.5,0.72
1919,2021-03-14,BAS,1010,477,533,529,469,12,ITF,ITF5,17,Basilicata,Basilicata,559084,305711,54.68,0.18
1920,2021-03-31,BAS,3114,1267,1847,2301,783,30,ITF,ITF5,17,Basilicata,Basilicata,559084,308825,55.24,0.56
1921,2021-06-22,BAS,4355,2061,2294,2223,2100,32,ITF,ITF5,17,Basilicata,Basilicata,559084,313180,56.02,0.78
1922,2021-06-05,BAS,4801,2210,2591,3824,941,36,ITF,ITF5,17,Basilicata,Basilicata,559084,317981,56.88,0.86
1923,2021-02-23,BAS,1908,772,1136,1750,140,18,ITF,ITF5,17,Basilicata,Basilicata,559084,319889,57.22,0.34
1924,2021-06-03,BAS,4922,2258,2664,3704,1180,38,ITF,ITF5,17,Basilicata,Basilicata,559084,324811,58.1,0.88
1925,2021-03-12,BAS,1918,986,932,786,1104,28,ITF,ITF5,17,Basilicata,Basilicata,559084,326729,58.44,0.34
1926,2021-05-17,BAS,5548,2735,2813,3363,2136,49,ITF,ITF5,17,Basilicata,Basilicata,559084,332277,59.43,0.99
1927,2021-01-31,BAS,77,24,53,0,77,0,ITF,ITF5,17,Basilicata,Basilicata,559084,332354,59.45,0.01
1928,2021-01-12,BAS,217,88,129,217,0,0,ITF,ITF5,17,Basilicata,Basilicata,559084,332571,59.48,0.04
1929,2021-04-19,BAS,4179,1919,2260,2397,1651,131,ITF,ITF5,17,Basilicata,Basilicata,559084,336750,60.23,0.75
1930,2021-07-28,BAS,5038,2578,2460,1931,3048,59,ITF,ITF5,17,Basilicata,Basilicata,559084,341788,61.13,0.9
1931,2021-06-15,BAS,3221,1416,1805,2226,975,20,ITF,ITF5,17,Basilicata,Basilicata,559084,345009,61.71,0.58
1932,2021-02-28,BAS,813,347,466,772,37,4,ITF,ITF5,17,Basilicata,Basilicata,559084,345822,61.86,0.15
1933,2021-01-02,BAS,957,383,574,956,0,1,ITF,ITF5,17,Basilicata,Basilicata,559084,346779,62.03,0.17
1934,2021-02-12,BAS,780,333,447,747,32,1,ITF,ITF5,17,Basilicata,Basilicata,559084,347559,62.17,0.14
1935,2021-04-10,BAS,1034,379,655,924,84,26,ITF,ITF5,17,Basilicata,Basilicata,559084,348593,62.35,0.18
1936,2021-06-24,BAS,4092,1940,2152,2152,1903,37,ITF,ITF5,17,Basilicata,Basilicata,559084,352685,63.08,0.73
1937,2021-04-28,BAS,4709,2159,2550,4207,441,61,ITF,ITF5,17,Basilicata,Basilicata,559084,357394,63.92,0.84
1938,2021-03-02,BAS,802,387,415,659,138,5,ITF,ITF5,17,Basilicata,Basilicata,559084,358196,64.07,0.14
1939,2021-08-06,BAS,4253,2176,2077,1316,2884,53,ITF,ITF5,17,Basilicata,Basilicata,559084,362449,64.83,0.76
1940,2021-06-10,BAS,4346,2101,2245,3868,441,37,ITF,ITF5,17,Basilicata,Basilicata,559084,366795,65.61,0.78
1941,2021-08-13,BAS,3000,1570,1430,1162,1772,66,ITF,ITF5,17,Basilicata,Basilicata,559084,369795,66.14,0.54
1942,2021-07-30,BAS,4766,2436,2330,1914,2803,49,ITF,ITF5,17,Basilicata,Basilicata,559084,374561,67.0,0.85
1943,2021-05-27,BAS,3623,1863,1760,1075,2534,14,ITF,ITF5,17,Basilicata,Basilicata,559084,378184,67.64,0.65
1944,2021-04-24,BAS,4583,2219,2364,3477,1050,56,ITF,ITF5,17,Basilicata,Basilicata,559084,382767,68.46,0.82
1945,2021-08-02,BAS,4607,2333,2274,1778,2789,40,ITF,ITF5,17,Basilicata,Basilicata,559084,387374,69.29,0.82
1946,2021-02-08,BAS,563,194,369,153,410,0,ITF,ITF5,17,Basilicata,Basilicata,559084,387937,69.39,0.1
1947,2021-05-19,BAS,2872,1499,1373,1183,1676,13,ITF,ITF5,17,Basilicata,Basilicata,559084,390809,69.9,0.51
1948,2021-02-25,BAS,1792,739,1053,1734,47,11,ITF,ITF5,17,Basilicata,Basilicata,559084,392601,70.22,0.32
1949,2021-08-10,BAS,4377,2295,2082,1514,2795,68,ITF,ITF5,17,Basilicata,Basilicata,559084,396978,71.01,0.78
1950,2021-02-06,BAS,926,380,546,146,780,0,ITF,ITF5,17,Basilicata,Basilicata,559084,397904,71.17,0.17
1951,2021-04-30,BAS,5286,2376,2910,4066,1163,57,ITF,ITF5,17,Basilicata,Basilicata,559084,403190,72.12,0.95
1952,2021-01-20,BAS,85,22,63,84,1,0,ITF,ITF5,17,Basilicata,Basilicata,559084,403275,72.13,0.02
1953,2021-02-02,BAS,369,145,224,174,194,1,ITF,ITF5,17,Basilicata,Basilicata,559084,403644,72.2,0.07
1954,2021-04-09,BAS,1153,350,803,1064,63,26,ITF,ITF5,17,Basilicata,Basilicata,559084,404797,72.4,0.21
1955,2021-07-13,BAS,5855,2825,3030,1773,4035,47,ITF,ITF5,17,Basilicata,Basilicata,559084,410652,73.45,1.05
1956,2021-03-24,BAS,1904,725,1179,1481,398,25,ITF,ITF5,17,Basilicata,Basilicata,559084,412556,73.79,0.34
1957,2021-07-02,BAS,3691,1840,1851,2486,1176,29,ITF,ITF5,17,Basilicata,Basilicata,559084,416247,74.45,0.66
1958,2021-02-27,BAS,1995,862,1133,1814,164,17,ITF,ITF5,17,Basilicata,Basilicata,559084,418242,74.81,0.36
1959,2021-07-20,BAS,5696,2794,2902,1688,3968,40,ITF,ITF5,17,Basilicata,Basilicata,559084,423938,75.83,1.02
1960,2021-06-07,BAS,4238,1921,2317,3885,315,38,ITF,ITF5,17,Basilicata,Basilicata,559084,428176,76.59,0.76
1961,2021-04-11,BAS,961,389,572,761,171,29,ITF,ITF5,17,Basilicata,Basilicata,559084,429137,76.76,0.17
1962,2021-04-04,BAS,611,226,385,189,416,6,ITF,ITF5,17,Basilicata,Basilicata,559084,429748,76.87,0.11
1963,2021-07-22,BAS,5797,2889,2908,1786,3950,61,ITF,ITF5,17,Basilicata,Basilicata,559084,435545,77.9,1.04
1964,2021-05-10,BAS,4808,2384,2424,2716,2042,50,ITF,ITF5,17,Basilicata,Basilicata,559084,440353,78.76,0.86
1965,2021-07-18,BAS,4386,2162,2224,1575,2784,27,ITF,ITF5,17,Basilicata,Basilicata,559084,444739,79.55,0.78
1966,2021-08-01,BAS,4208,2114,2094,1633,2535,40,ITF,ITF5,17,Basilicata,Basilicata,559084,448947,80.3,0.75
1967,2021-07-16,BAS,5934,2900,3034,1803,4097,34,ITF,ITF5,17,Basilicata,Basilicata,559084,454881,81.36,1.06
1968,2021-03-19,BAS,2301,997,1304,259,2035,7,ITF,ITF5,17,Basilicata,Basilicata,559084,457182,81.77,0.41
1969,2021-02-16,BAS,907,377,530,790,98,19,ITF,ITF5,17,Basilicata,Basilicata,559084,458089,81.94,0.16
1970,2021-06-17,BAS,4443,2046,2397,2088,2330,25,ITF,ITF5,17,Basilicata,Basilicata,559084,462532,82.73,0.79
1971,2021-04-21,BAS,3949,1844,2105,2243,1676,30,ITF,ITF5,17,Basilicata,Basilicata,559084,466481,83.44,0.71
1972,2021-01-18,BAS,464,158,306,365,99,0,ITF,ITF5,17,Basilicata,Basilicata,559084,466945,83.52,0.08
1973,2021-03-16,BAS,1919,807,1112,226,1690,3,ITF,ITF5,17,Basilicata,Basilicata,559084,468864,83.86,0.34
1974,2021-05-05,BAS,4337,2050,2287,3378,890,69,ITF,ITF5,17,Basilicata,Basilicata,559084,473201,84.64,0.78
1975,2021-03-09,BAS,1409,720,689,780,611,18,ITF,ITF5,17,Basilicata,Basilicata,559084,474610,84.89,0.25
1976,2021-01-25,BAS,1040,436,604,73,966,1,ITF,ITF5,17,Basilicata,Basilicata,559084,475650,85.08,0.19
1977,2021-01-11,BAS,185,67,118,185,0,0,ITF,ITF5,17,Basilicata,Basilicata,559084,475835,85.11,0.03
1978,2021-02-11,BAS,956,405,551,871,83,2,ITF,ITF5,17,Basilicata,Basilicata,559084,476791,85.28,0.17
1979,2021-05-22,BAS,5490,2724,2766,1928,3551,11,ITF,ITF5,17,Basilicata,Basilicata,559084,482281,86.26,0.98
1980,2021-03-26,BAS,1955,703,1252,1667,261,27,ITF,ITF5,17,Basilicata,Basilicata,559084,484236,86.61,0.35
1981,2021-01-16,BAS,725,305,420,725,0,0,ITF,ITF5,17,Basilicata,Basilicata,559084,484961,86.74,0.13
1982,2021-04-26,BAS,4466,2164,2302,4197,221,48,ITF,ITF5,17,Basilicata,Basilicata,559084,489427,87.54,0.8
1983,2021-08-08,BAS,3665,1874,1791,1117,2519,29,ITF,ITF5,17,Basilicata,Basilicata,559084,493092,88.2,0.66
1984,2021-02-21,BAS,284,113,171,284,0,0,ITF,ITF5,17,Basilicata,Basilicata,559084,493376,88.25,0.05
1985,2021-03-07,BAS,895,312,583,846,39,10,ITF,ITF5,17,Basilicata,Basilicata,559084,494271,88.41,0.16
1986,2021-01-09,BAS,560,161,399,560,0,0,ITF,ITF5,17,Basilicata,Basilicata,559084,494831,88.51,0.1
1987,2021-07-03,BAS,3946,2103,1843,2757,1144,45,ITF,ITF5,17,Basilicata,Basilicata,559084,498777,89.21,0.71
1988,2021-05-07,BAS,4638,2280,2358,3271,1340,27,ITF,ITF5,17,Basilicata,Basilicata,559084,503415,90.04,0.83
1989,2021-01-28,BAS,919,407,512,119,800,0,ITF,ITF5,17,Basilicata,Basilicata,559084,504334,90.21,0.16
1990,2021-01-14,BAS,971,413,558,971,0,0,ITF,ITF5,17,Basilicata,Basilicata,559084,505305,90.38,0.17
1991,2021-04-07,BAS,1211,551,660,1155,36,20,ITF,ITF5,17,Basilicata,Basilicata,559084,506516,90.6,0.22
1992,2021-07-10,BAS,5530,2669,2861,1596,3924,10,ITF,ITF5,17,Basilicata,Basilicata,559084,512046,91.59,0.99
1993,2021-05-14,BAS,5907,2799,3108,3273,2531,103,ITF,ITF5,17,Basilicata,Basilicata,559084,517953,92.64,1.06
1994,2021-03-18,BAS,1356,566,790,17,1330,9,ITF,ITF5,17,Basilicata,Basilicata,559084,519309,92.89,0.24
1995,2021-06-26,BAS,3336,1614,1722,2751,557,28,ITF,ITF5,17,Basilicata,Basilicata,559084,522645,93.48,0.6
1996,2021-06-29,BAS,3857,1881,1976,2787,1043,27,ITF,ITF5,17,Basilicata,Basilicata,559084,526502,94.17,0.69
1997,2021-03-21,BAS,1173,544,629,470,700,3,ITF,ITF5,17,Basilicata,Basilicata,559084,527675,94.38,0.21
1998,2021-05-29,BAS,3059,1533,1526,824,2224,11,ITF,ITF5,17,Basilicata,Basilicata,559084,530734,94.93,0.55
1999,2021-04-25,BAS,2990,1458,1532,2906,52,32,ITF,ITF5,17,Basilicata,Basilicata,559084,533724,95.46,0.53
2000,2021-08-03,BAS,5121,2599,2522,1828,3244,49,ITF,ITF5,17,Basilicata,Basilicata,559084,538845,96.38,0.92
2001,2021-05-12,BAS,4729,2330,2399,2800,1881,48,ITF,ITF5,17,Basilicata,Basilicata,559084,543574,97.23,0.85
2002,2021-07-15,BAS,6478,3211,3267,1669,4784,25,ITF,ITF5,17,Basilicata,Basilicata,559084,550052,98.38,1.16
2003,2021-04-06,BAS,1275,465,810,1074,184,17,ITF,ITF5,17,Basilicata,Basilicata,559084,551327,98.61,0.23
2004,2021-02-13,BAS,800,314,486,701,61,38,ITF,ITF5,17,Basilicata,Basilicata,559084,552127,98.76,0.14
2005,2021-05-24,BAS,4834,2344,2490,1090,3731,13,ITF,ITF5,17,Basilicata,Basilicata,559084,556961,99.62,0.86
2006,2021-07-29,BAS,4859,2526,2333,1909,2903,47,ITF,ITF5,17,Basilicata,Basilicata,559084,561820,100.49,0.87
2007,2021-06-02,BAS,5961,2805,3156,4376,1544,41,ITF,ITF5,17,Basilicata,Basilicata,559084,567781,101.56,1.07
2008,2021-04-18,BAS,3721,1844,1877,2328,1370,23,ITF,ITF5,17,Basilicata,Basilicata,559084,571502,102.22,0.67
2009,2021-02-20,BAS,1167,535,632,1048,119,0,ITF,ITF5,17,Basilicata,Basilicata,559084,572669,102.43,0.21
2010,2021-07-27,BAS,4714,2371,2343,1815,2854,45,ITF,ITF5,17,Basilicata,Basilicata,559084,577383,103.27,0.84
2011,2021-05-31,BAS,4230,2010,2220,1713,2509,8,ITF,ITF5,17,Basilicata,Basilicata,559084,581613,104.03,0.76
2012,2021-02-18,BAS,1072,401,671,853,216,3,ITF,ITF5,17,Basilicata,Basilicata,559084,582685,104.22,0.19
2013,2021-01-13,BAS,917,387,530,917,0,0,ITF,ITF5,17,Basilicata,Basilicata,559084,583602,104.39,0.16
2014,2021-04-23,BAS,4550,2190,2360,3480,1010,60,ITF,ITF5,17,Basilicata,Basilicata,559084,588152,105.2,0.81
2015,2021-01-30,BAS,712,230,482,129,583,0,ITF,ITF5,17,Basilicata,Basilicata,559084,588864,105.33,0.13
2016,2021-03-04,BAS,1894,898,996,1065,806,23,ITF,ITF5,17,Basilicata,Basilicata,559084,590758,105.67,0.34
2017,2021-06-12,BAS,3687,1694,1993,2959,690,38,ITF,ITF5,17,Basilicata,Basilicata,559084,594445,106.32,0.66
2018,2021-06-14,BAS,4825,2156,2669,2091,2710,24,ITF,ITF5,17,Basilicata,Basilicata,559084,599270,107.19,0.86
2019,2021-03-23,BAS,1639,632,1007,1450,169,20,ITF,ITF5,17,Basilicata,Basilicata,559084,600909,107.48,0.29
2020,2021-07-01,BAS,3711,1857,1854,2567,1111,33,ITF,ITF5,17,Basilicata,Basilicata,559084,604620,108.14,0.66
2021,2021-02-01,BAS,247,94,153,46,201,0,ITF,ITF5,17,Basilicata,Basilicata,559084,604867,108.19,0.04
2022,2021-05-26,BAS,4489,2260,2229,1676,2784,29,ITF,ITF5,17,Basilicata,Basilicata,559084,609356,108.99,0.8
2023,2021-02-26,BAS,2156,905,1251,2069,81,6,ITF,ITF5,17,Basilicata,Basilicata,559084,611512,109.38,0.39
2024,2021-05-20,BAS,5882,2980,2902,2885,2969,28,ITF,ITF5,17,Basilicata,Basilicata,559084,617394,110.43,1.05
2025,2021-06-06,BAS,4512,2074,2438,3695,779,38,ITF,ITF5,17,Basilicata,Basilicata,559084,621906,111.24,0.81
2026,2021-08-11,BAS,3712,1924,1788,1430,2224,58,ITF,ITF5,17,Basilicata,Basilicata,559084,625618,111.9,0.66
2027,2021-04-14,BAS,2046,1001,1045,1354,676,16,ITF,ITF5,17,Basilicata,Basilicata,559084,627664,112.27,0.37
2028,2021-01-21,BAS,31,10,21,30,1,0,ITF,ITF5,17,Basilicata,Basilicata,559084,627695,112.27,0.01
2029,2021-01-04,BAS,612,274,338,612,0,0,ITF,ITF5,17,Basilicata,Basilicata,559084,628307,112.38,0.11
2030,2021-07-06,BAS,4213,2009,2204,2118,2059,36,ITF,ITF5,17,Basilicata,Basilicata,559084,632520,113.14,0.75
2031,2021-01-23,BAS,751,318,433,33,718,0,ITF,ITF5,17,Basilicata,Basilicata,559084,633271,113.27,0.13
2032,2021-05-03,BAS,4511,2043,2468,3620,828,63,ITF,ITF5,17,Basilicata,Basilicata,559084,637782,114.08,0.81
2033,2021-02-09,BAS,494,215,279,317,177,0,ITF,ITF5,17,Basilicata,Basilicata,559084,638276,114.16,0.09
2034,2021-07-25,BAS,4478,2254,2224,1606,2848,24,ITF,ITF5,17,Basilicata,Basilicata,559084,642754,114.97,0.8
2035,2021-06-21,BAS,4257,2045,2212,2145,2093,19,ITF,ITF5,17,Basilicata,Basilicata,559084,647011,115.73,0.76
2036,2021-06-19,BAS,4466,2178,2288,2370,2074,22,ITF,ITF5,17,Basilicata,Basilicata,559084,651477,116.53,0.8
2037,2021-03-28,BAS,2145,744,1401,2111,17,17,ITF,ITF5,17,Basilicata,Basilicata,559084,653622,116.91,0.38
2038,2021-03-11,BAS,1799,930,869,819,962,18,ITF,ITF5,17,Basilicata,Basilicata,559084,655421,117.23,0.32
2039,2021-03-30,BAS,2852,1213,1639,2491,346,15,ITF,ITF5,17,Basilicata,Basilicata,559084,658273,117.74,0.51
2040,2021-07-08,BAS,5144,2431,2713,1860,3259,25,ITF,ITF5,17,Basilicata,Basilicata,559084,663417,118.66,0.92
2041,2021-01-06,BAS,296,130,166,296,0,0,ITF,ITF5,17,Basilicata,Basilicata,559084,663713,118.71,0.05
2042,2021-04-16,BAS,3325,1635,1690,2400,900,25,ITF,ITF5,17,Basilicata,Basilicata,559084,667038,119.31,0.59
2043,2021-04-09,SAR,12324,5479,6845,7831,4364,129,ITG,ITG2,20,Sardegna,Sardegna,1639591,12324,0.75,0.75
2044,2021-07-20,SAR,16148,7930,8218,3653,12404,91,ITG,ITG2,20,Sardegna,Sardegna,1639591,28472,1.74,0.98
2045,2021-04-11,SAR,5399,2445,2954,4251,1121,27,ITG,ITG2,20,Sardegna,Sardegna,1639591,33871,2.07,0.33
2046,2021-06-07,SAR,12564,6145,6419,9437,3005,122,ITG,ITG2,20,Sardegna,Sardegna,1639591,46435,2.83,0.77
2047,2021-02-04,SAR,2272,815,1457,910,1359,3,ITG,ITG2,20,Sardegna,Sardegna,1639591,48707,2.97,0.14
2048,2021-04-02,SAR,8992,3550,5442,5592,3245,155,ITG,ITG2,20,Sardegna,Sardegna,1639591,57699,3.52,0.55
2049,2021-08-01,SAR,3054,1500,1554,1031,1987,36,ITG,ITG2,20,Sardegna,Sardegna,1639591,60753,3.71,0.19
2050,2021-04-23,SAR,12878,5754,7124,7247,5487,144,ITG,ITG2,20,Sardegna,Sardegna,1639591,73631,4.49,0.79
2051,2021-05-10,SAR,9867,4399,5468,7154,2541,172,ITG,ITG2,20,Sardegna,Sardegna,1639591,83498,5.09,0.6
2052,2021-01-30,SAR,3870,1394,2476,363,3507,0,ITG,ITG2,20,Sardegna,Sardegna,1639591,87368,5.33,0.24
2053,2021-05-19,SAR,17043,8674,8369,12625,4255,163,ITG,ITG2,20,Sardegna,Sardegna,1639591,104411,6.37,1.04
2054,2021-06-05,SAR,17884,8437,9447,11286,6464,134,ITG,ITG2,20,Sardegna,Sardegna,1639591,122295,7.46,1.09
2055,2021-02-25,SAR,2898,1255,1643,2262,604,32,ITG,ITG2,20,Sardegna,Sardegna,1639591,125193,7.64,0.18
2056,2021-03-14,SAR,605,377,228,596,0,9,ITG,ITG2,20,Sardegna,Sardegna,1639591,125798,7.67,0.04
2057,2021-01-16,SAR,1493,527,966,1493,0,0,ITG,ITG2,20,Sardegna,Sardegna,1639591,127291,7.76,0.09
2058,2021-06-19,SAR,15343,7515,7828,9119,6125,99,ITG,ITG2,20,Sardegna,Sardegna,1639591,142634,8.7,0.94
2059,2021-07-06,SAR,15936,7724,8212,4664,11173,99,ITG,ITG2,20,Sardegna,Sardegna,1639591,158570,9.67,0.97
2060,2021-03-28,SAR,4537,1795,2742,4393,78,66,ITG,ITG2,20,Sardegna,Sardegna,1639591,163107,9.95,0.28
2061,2021-01-04,SAR,588,215,373,588,0,0,ITG,ITG2,20,Sardegna,Sardegna,1639591,163695,9.98,0.04
2062,2021-07-01,SAR,19834,9764,10070,7257,12484,93,ITG,ITG2,20,Sardegna,Sardegna,1639591,183529,11.19,1.21
2063,2021-03-23,SAR,6427,2888,3539,5181,1082,164,ITG,ITG2,20,Sardegna,Sardegna,1639591,189956,11.59,0.39
2064,2021-07-15,SAR,18777,9236,9541,4647,14031,99,ITG,ITG2,20,Sardegna,Sardegna,1639591,208733,12.73,1.15
2065,2021-08-03,SAR,14565,7503,7062,7517,6853,195,ITG,ITG2,20,Sardegna,Sardegna,1639591,223298,13.62,0.89
2066,2021-02-11,SAR,1311,488,823,1200,111,0,ITG,ITG2,20,Sardegna,Sardegna,1639591,224609,13.7,0.08
2067,2021-05-24,SAR,14470,7256,7214,8355,5983,132,ITG,ITG2,20,Sardegna,Sardegna,1639591,239079,14.58,0.88
2068,2021-02-13,SAR,1447,562,885,1441,2,4,ITG,ITG2,20,Sardegna,Sardegna,1639591,240526,14.67,0.09
2069,2021-03-09,SAR,5537,2742,2795,4747,727,63,ITG,ITG2,20,Sardegna,Sardegna,1639591,246063,15.01,0.34
2070,2021-08-13,SAR,7816,4304,3512,4702,3030,84,ITG,ITG2,20,Sardegna,Sardegna,1639591,253879,15.48,0.48
2071,2021-05-05,SAR,10193,4654,5539,7951,2036,206,ITG,ITG2,20,Sardegna,Sardegna,1639591,264072,16.11,0.62
2072,2021-06-12,SAR,14758,7195,7563,9938,4702,118,ITG,ITG2,20,Sardegna,Sardegna,1639591,278830,17.01,0.9
2073,2021-03-04,SAR,4372,2300,2072,3058,1256,58,ITG,ITG2,20,Sardegna,Sardegna,1639591,283202,17.27,0.27
2074,2021-03-21,SAR,4038,1813,2225,2572,1440,26,ITG,ITG2,20,Sardegna,Sardegna,1639591,287240,17.52,0.25
2075,2021-07-13,SAR,17805,8522,9283,3251,14477,77,ITG,ITG2,20,Sardegna,Sardegna,1639591,305045,18.6,1.09
2076,2021-04-04,SAR,2,1,1,0,2,0,ITG,ITG2,20,Sardegna,Sardegna,1639591,305047,18.61,0.0
2077,2021-04-30,SAR,11149,5308,5841,6756,4210,183,ITG,ITG2,20,Sardegna,Sardegna,1639591,316196,19.29,0.68
2078,2021-05-17,SAR,12818,6261,6557,9126,3545,147,ITG,ITG2,20,Sardegna,Sardegna,1639591,329014,20.07,0.78
2079,2021-02-06,SAR,1973,700,1273,564,1406,3,ITG,ITG2,20,Sardegna,Sardegna,1639591,330987,20.19,0.12
2080,2021-02-23,SAR,1567,1045,522,1270,280,17,ITG,ITG2,20,Sardegna,Sardegna,1639591,332554,20.28,0.1
2081,2021-07-24,SAR,12386,6386,6000,1996,10363,27,ITG,ITG2,20,Sardegna,Sardegna,1639591,344940,21.04,0.76
2082,2021-08-08,SAR,1884,979,905,1020,841,23,ITG,ITG2,20,Sardegna,Sardegna,1639591,346824,21.15,0.11
2083,2021-06-26,SAR,19149,9011,10138,5454,13620,75,ITG,ITG2,20,Sardegna,Sardegna,1639591,365973,22.32,1.17
2084,2021-03-02,SAR,3041,1631,1410,1814,1154,73,ITG,ITG2,20,Sardegna,Sardegna,1639591,369014,22.51,0.19
2085,2021-04-28,SAR,9026,4284,4742,5167,3710,149,ITG,ITG2,20,Sardegna,Sardegna,1639591,378040,23.06,0.55
2086,2021-01-18,SAR,903,324,579,779,124,0,ITG,ITG2,20,Sardegna,Sardegna,1639591,378943,23.11,0.06
2087,2021-06-24,SAR,19199,9214,9985,8114,10983,102,ITG,ITG2,20,Sardegna,Sardegna,1639591,398142,24.28,1.17
2088,2021-03-16,SAR,4398,1954,2444,3434,922,42,ITG,ITG2,20,Sardegna,Sardegna,1639591,402540,24.55,0.27
2089,2021-05-12,SAR,11143,5266,5877,7796,3139,208,ITG,ITG2,20,Sardegna,Sardegna,1639591,413683,25.23,0.68
2090,2020-12-28,SAR,66,26,40,66,0,0,ITG,ITG2,20,Sardegna,Sardegna,1639591,413749,25.23,0.0
2091,2021-06-14,SAR,13747,6642,7105,9790,3815,142,ITG,ITG2,20,Sardegna,Sardegna,1639591,427496,26.07,0.84
2092,2021-03-06,SAR,2637,1080,1557,782,1781,74,ITG,ITG2,20,Sardegna,Sardegna,1639591,430133,26.23,0.16
2093,2021-06-28,SAR,14994,7041,7953,3051,11877,66,ITG,ITG2,20,Sardegna,Sardegna,1639591,445127,27.15,0.91
2094,2021-07-08,SAR,18444,8969,9475,3833,14526,85,ITG,ITG2,20,Sardegna,Sardegna,1639591,463571,28.27,1.12
2095,2021-07-25,SAR,4344,2143,2201,865,3464,15,ITG,ITG2,20,Sardegna,Sardegna,1639591,467915,28.54,0.26
2096,2021-04-16,SAR,14448,6491,7957,8941,5342,165,ITG,ITG2,20,Sardegna,Sardegna,1639591,482363,29.42,0.88
2097,2021-01-23,SAR,60,22,38,0,60,0,ITG,ITG2,20,Sardegna,Sardegna,1639591,482423,29.42,0.0
2098,2021-05-29,SAR,17994,8649,9345,13235,4592,167,ITG,ITG2,20,Sardegna,Sardegna,1639591,500417,30.52,1.1
2099,2021-02-18,SAR,1876,731,1145,1774,64,38,ITG,ITG2,20,Sardegna,Sardegna,1639591,502293,30.64,0.11
2100,2021-05-31,SAR,11368,5409,5959,8159,3110,99,ITG,ITG2,20,Sardegna,Sardegna,1639591,513661,31.33,0.69
2101,2021-07-27,SAR,16531,8384,8147,4216,12204,111,ITG,ITG2,20,Sardegna,Sardegna,1639591,530192,32.34,1.01
2102,2021-04-18,SAR,5132,2226,2906,2230,2874,28,ITG,ITG2,20,Sardegna,Sardegna,1639591,535324,32.65,0.31
2103,2021-01-08,SAR,3260,1184,2076,3258,0,2,ITG,ITG2,20,Sardegna,Sardegna,1639591,538584,32.85,0.2
2104,2021-01-13,SAR,575,179,396,575,0,0,ITG,ITG2,20,Sardegna,Sardegna,1639591,539159,32.88,0.04
2105,2021-07-17,SAR,12871,6301,6570,3179,9625,67,ITG,ITG2,20,Sardegna,Sardegna,1639591,552030,33.67,0.79
2106,2021-07-31,SAR,10319,5456,4863,5278,4961,80,ITG,ITG2,20,Sardegna,Sardegna,1639591,562349,34.3,0.63
2107,2021-06-16,SAR,17635,8276,9359,12167,5307,161,ITG,ITG2,20,Sardegna,Sardegna,1639591,579984,35.37,1.08
2108,2021-01-01,SAR,32,17,15,32,0,0,ITG,ITG2,20,Sardegna,Sardegna,1639591,580016,35.38,0.0
2109,2021-02-27,SAR,1918,644,1274,1318,559,41,ITG,ITG2,20,Sardegna,Sardegna,1639591,581934,35.49,0.12
2110,2021-08-10,SAR,14215,7494,6721,6246,7807,162,ITG,ITG2,20,Sardegna,Sardegna,1639591,596149,36.36,0.87
2111,2021-05-02,SAR,5969,2698,3271,5215,653,101,ITG,ITG2,20,Sardegna,Sardegna,1639591,602118,36.72,0.36
2112,2021-02-08,SAR,1469,533,936,852,616,1,ITG,ITG2,20,Sardegna,Sardegna,1639591,603587,36.81,0.09
2113,2021-08-12,SAR,12479,6614,5865,6628,5683,168,ITG,ITG2,20,Sardegna,Sardegna,1639591,616066,37.57,0.76
2114,2021-05-07,SAR,14487,6639,7848,9714,4529,244,ITG,ITG2,20,Sardegna,Sardegna,1639591,630553,38.46,0.88
2115,2021-01-27,SAR,1415,498,917,78,1337,0,ITG,ITG2,20,Sardegna,Sardegna,1639591,631968,38.54,0.09
2116,2021-07-03,SAR,15842,7562,8280,3236,12575,31,ITG,ITG2,20,Sardegna,Sardegna,1639591,647810,39.51,0.97
2117,2021-03-25,SAR,9123,3977,5146,7686,1304,133,ITG,ITG2,20,Sardegna,Sardegna,1639591,656933,40.07,0.56
2118,2021-05-21,SAR,22643,11205,11438,16263,6100,280,ITG,ITG2,20,Sardegna,Sardegna,1639591,679576,41.45,1.38
2119,2021-04-21,SAR,12079,5555,6524,6440,5538,101,ITG,ITG2,20,Sardegna,Sardegna,1639591,691655,42.18,0.74
2120,2021-01-11,SAR,1185,506,679,1184,0,1,ITG,ITG2,20,Sardegna,Sardegna,1639591,692840,42.26,0.07
2121,2021-06-17,SAR,18464,8532,9932,9919,8424,121,ITG,ITG2,20,Sardegna,Sardegna,1639591,711304,43.38,1.13
2122,2021-01-25,SAR,591,214,377,22,569,0,ITG,ITG2,20,Sardegna,Sardegna,1639591,711895,43.42,0.04
2123,2021-05-16,SAR,8224,3833,4391,5985,2161,78,ITG,ITG2,20,Sardegna,Sardegna,1639591,720119,43.92,0.5
2124,2021-07-12,SAR,15335,7414,7921,2403,12877,55,ITG,ITG2,20,Sardegna,Sardegna,1639591,735454,44.86,0.94
2125,2021-06-02,SAR,9787,4693,5094,8061,1640,86,ITG,ITG2,20,Sardegna,Sardegna,1639591,745241,45.45,0.6
2126,2021-07-29,SAR,17903,9048,8855,6528,11209,166,ITG,ITG2,20,Sardegna,Sardegna,1639591,763144,46.54,1.09
2127,2021-04-20,SAR,11005,4997,6008,7693,3219,93,ITG,ITG2,20,Sardegna,Sardegna,1639591,774149,47.22,0.67
2128,2021-07-22,SAR,18327,9261,9066,4503,13715,109,ITG,ITG2,20,Sardegna,Sardegna,1639591,792476,48.33,1.12
2129,2021-04-13,SAR,7626,3600,4026,5739,1826,61,ITG,ITG2,20,Sardegna,Sardegna,1639591,800102,48.8,0.47
2130,2021-06-09,SAR,15465,7368,8097,11574,3740,151,ITG,ITG2,20,Sardegna,Sardegna,1639591,815567,49.74,0.94
2131,2021-01-20,SAR,210,77,133,208,2,0,ITG,ITG2,20,Sardegna,Sardegna,1639591,815777,49.75,0.01
2132,2021-03-29,SAR,4742,1847,2895,4072,589,81,ITG,ITG2,20,Sardegna,Sardegna,1639591,820519,50.04,0.29
2133,2021-04-15,SAR,11852,5541,6311,6779,4956,117,ITG,ITG2,20,Sardegna,Sardegna,1639591,832371,50.77,0.72
2134,2021-01-05,SAR,1322,443,879,1322,0,0,ITG,ITG2,20,Sardegna,Sardegna,1639591,833693,50.85,0.08
2135,2021-01-22,SAR,83,47,36,55,28,0,ITG,ITG2,20,Sardegna,Sardegna,1639591,833776,50.85,0.01
2136,2021-07-26,SAR,14598,7287,7311,4122,10399,77,ITG,ITG2,20,Sardegna,Sardegna,1639591,848374,51.74,0.89
2137,2021-04-17,SAR,10088,4502,5586,5402,4606,80,ITG,ITG2,20,Sardegna,Sardegna,1639591,858462,52.36,0.62
2138,2021-01-03,SAR,90,36,54,90,0,0,ITG,ITG2,20,Sardegna,Sardegna,1639591,858552,52.36,0.01
2139,2021-05-28,SAR,17956,8699,9257,13492,4276,188,ITG,ITG2,20,Sardegna,Sardegna,1639591,876508,53.46,1.1
2140,2021-02-17,SAR,1406,577,829,1274,74,58,ITG,ITG2,20,Sardegna,Sardegna,1639591,877914,53.54,0.09
2141,2021-05-25,SAR,15143,7705,7438,8489,6479,175,ITG,ITG2,20,Sardegna,Sardegna,1639591,893057,54.47,0.92
2142,2021-06-11,SAR,14781,7024,7757,9090,5538,153,ITG,ITG2,20,Sardegna,Sardegna,1639591,907838,55.37,0.9
2143,2021-03-03,SAR,4117,2280,1837,2739,1299,79,ITG,ITG2,20,Sardegna,Sardegna,1639591,911955,55.62,0.25
2144,2021-03-18,SAR,7254,3073,4181,5573,1607,74,ITG,ITG2,20,Sardegna,Sardegna,1639591,919209,56.06,0.44
2145,2021-05-14,SAR,14580,6873,7707,10763,3644,173,ITG,ITG2,20,Sardegna,Sardegna,1639591,933789,56.95,0.89
2146,2021-02-03,SAR,1119,419,700,424,694,1,ITG,ITG2,20,Sardegna,Sardegna,1639591,934908,57.02,0.07
2147,2021-07-10,SAR,14240,6887,7353,2705,11502,33,ITG,ITG2,20,Sardegna,Sardegna,1639591,949148,57.89,0.87
2148,2021-04-01,SAR,10167,4075,6092,7008,3016,143,ITG,ITG2,20,Sardegna,Sardegna,1639591,959315,58.51,0.62
2149,2021-07-21,SAR,19397,9502,9895,3911,15402,84,ITG,ITG2,20,Sardegna,Sardegna,1639591,978712,59.69,1.18
2150,2021-07-05,SAR,15585,7571,8014,3327,12209,49,ITG,ITG2,20,Sardegna,Sardegna,1639591,994297,60.64,0.95
2151,2021-02-05,SAR,1901,750,1151,430,1469,2,ITG,ITG2,20,Sardegna,Sardegna,1639591,996198,60.76,0.12
2152,2021-04-03,SAR,4678,1811,2867,2640,1971,67,ITG,ITG2,20,Sardegna,Sardegna,1639591,1000876,61.04,0.29
2153,2021-05-30,SAR,9728,4837,4891,7300,2358,70,ITG,ITG2,20,Sardegna,Sardegna,1639591,1010604,61.64,0.59
2154,2021-02-19,SAR,1502,473,1029,1401,56,45,ITG,ITG2,20,Sardegna,Sardegna,1639591,1012106,61.73,0.09
2155,2021-04-06,SAR,7472,3125,4347,4972,2429,71,ITG,ITG2,20,Sardegna,Sardegna,1639591,1019578,62.18,0.46
2156,2020-12-27,SAR,65,34,31,65,0,0,ITG,ITG2,20,Sardegna,Sardegna,1639591,1019643,62.19,0.0
2157,2021-04-25,SAR,4501,2272,2229,3674,781,46,ITG,ITG2,20,Sardegna,Sardegna,1639591,1024144,62.46,0.27
2158,2021-01-15,SAR,1561,572,989,1559,0,2,ITG,ITG2,20,Sardegna,Sardegna,1639591,1025705,62.56,0.1
2159,2021-02-01,SAR,1524,606,918,224,1300,0,ITG,ITG2,20,Sardegna,Sardegna,1639591,1027229,62.65,0.09
2160,2021-05-09,SAR,6125,2872,3253,5111,925,89,ITG,ITG2,20,Sardegna,Sardegna,1639591,1033354,63.03,0.37
2161,2021-05-26,SAR,15534,8189,7345,9702,5648,184,ITG,ITG2,20,Sardegna,Sardegna,1639591,1048888,63.97,0.95
2162,2021-07-07,SAR,15909,7729,8180,4086,11771,52,ITG,ITG2,20,Sardegna,Sardegna,1639591,1064797,64.94,0.97
2163,2021-06-22,SAR,19340,8990,10350,7167,12072,101,ITG,ITG2,20,Sardegna,Sardegna,1639591,1084137,66.12,1.18
2164,2021-07-09,SAR,15880,7601,8279,3435,12363,82,ITG,ITG2,20,Sardegna,Sardegna,1639591,1100017,67.09,0.97
2165,2021-03-31,SAR,10261,4152,6109,7703,2432,126,ITG,ITG2,20,Sardegna,Sardegna,1639591,1110278,67.72,0.63
2166,2021-06-03,SAR,16398,7645,8753,10567,5690,141,ITG,ITG2,20,Sardegna,Sardegna,1639591,1126676,68.72,1.0
2167,2021-06-20,SAR,6293,2806,3487,3637,2624,32,ITG,ITG2,20,Sardegna,Sardegna,1639591,1132969,69.1,0.38
2168,2021-03-08,SAR,4688,2435,2253,3420,1222,46,ITG,ITG2,20,Sardegna,Sardegna,1639591,1137657,69.39,0.29
2169,2021-05-04,SAR,9564,4398,5166,7543,1869,152,ITG,ITG2,20,Sardegna,Sardegna,1639591,1147221,69.97,0.58
2170,2021-01-24,SAR,91,35,56,5,86,0,ITG,ITG2,20,Sardegna,Sardegna,1639591,1147312,69.98,0.01
2171,2021-06-18,SAR,16488,7508,8980,8604,7769,115,ITG,ITG2,20,Sardegna,Sardegna,1639591,1163800,70.98,1.01
2172,2021-03-10,SAR,6057,2957,3100,5135,853,69,ITG,ITG2,20,Sardegna,Sardegna,1639591,1169857,71.35,0.37
2173,2021-05-06,SAR,12970,6021,6949,9568,3156,246,ITG,ITG2,20,Sardegna,Sardegna,1639591,1182827,72.14,0.79
2174,2021-08-05,SAR,15655,8232,7423,8695,6801,159,ITG,ITG2,20,Sardegna,Sardegna,1639591,1198482,73.1,0.95
2175,2021-02-20,SAR,2040,854,1186,1683,334,23,ITG,ITG2,20,Sardegna,Sardegna,1639591,1200522,73.22,0.12
2176,2021-08-07,SAR,8212,4308,3904,5438,2706,68,ITG,ITG2,20,Sardegna,Sardegna,1639591,1208734,73.72,0.5
2177,2021-04-29,SAR,11124,5107,6017,6612,4357,155,ITG,ITG2,20,Sardegna,Sardegna,1639591,1219858,74.4,0.68
2178,2021-06-25,SAR,16509,7809,8700,3896,12556,57,ITG,ITG2,20,Sardegna,Sardegna,1639591,1236367,75.41,1.01
2179,2021-03-01,SAR,2271,1158,1113,1583,659,29,ITG,ITG2,20,Sardegna,Sardegna,1639591,1238638,75.55,0.14
2180,2021-05-13,SAR,12383,5868,6515,8728,3447,208,ITG,ITG2,20,Sardegna,Sardegna,1639591,1251021,76.3,0.76
2181,2021-02-02,SAR,1501,670,831,257,1244,0,ITG,ITG2,20,Sardegna,Sardegna,1639591,1252522,76.39,0.09
2182,2021-05-15,SAR,13810,6429,7381,10196,3435,179,ITG,ITG2,20,Sardegna,Sardegna,1639591,1266332,77.23,0.84
2183,2021-07-11,SAR,6379,3119,3260,1424,4920,35,ITG,ITG2,20,Sardegna,Sardegna,1639591,1272711,77.62,0.39
2184,2021-01-26,SAR,1339,454,885,27,1312,0,ITG,ITG2,20,Sardegna,Sardegna,1639591,1274050,77.71,0.08
2185,2021-06-30,SAR,17780,8519,9261,4814,12885,81,ITG,ITG2,20,Sardegna,Sardegna,1639591,1291830,78.79,1.08
2186,2021-03-22,SAR,3692,1494,2198,3099,514,79,ITG,ITG2,20,Sardegna,Sardegna,1639591,1295522,79.01,0.23
2187,2021-04-08,SAR,13446,5936,7510,8213,5119,114,ITG,ITG2,20,Sardegna,Sardegna,1639591,1308968,79.84,0.82
2188,2021-07-14,SAR,16909,8190,8719,3775,13023,111,ITG,ITG2,20,Sardegna,Sardegna,1639591,1325877,80.87,1.03
2189,2020-12-29,SAR,57,32,25,57,0,0,ITG,ITG2,20,Sardegna,Sardegna,1639591,1325934,80.87,0.0
2190,2021-04-22,SAR,10513,4666,5847,5500,4923,90,ITG,ITG2,20,Sardegna,Sardegna,1639591,1336447,81.51,0.64
2191,2021-01-12,SAR,866,408,458,866,0,0,ITG,ITG2,20,Sardegna,Sardegna,1639591,1337313,81.56,0.05
2192,2021-02-15,SAR,956,348,608,919,31,6,ITG,ITG2,20,Sardegna,Sardegna,1639591,1338269,81.62,0.06
2193,2021-03-20,SAR,5196,2075,3121,2891,2278,27,ITG,ITG2,20,Sardegna,Sardegna,1639591,1343465,81.94,0.32
2194,2021-03-12,SAR,5973,2618,3355,4518,1308,147,ITG,ITG2,20,Sardegna,Sardegna,1639591,1349438,82.3,0.36
2195,2021-03-27,SAR,5733,2192,3541,5223,422,88,ITG,ITG2,20,Sardegna,Sardegna,1639591,1355171,82.65,0.35
2196,2021-05-23,SAR,9970,4811,5159,7626,2246,98,ITG,ITG2,20,Sardegna,Sardegna,1639591,1365141,83.26,0.61
2197,2021-02-12,SAR,2239,934,1305,2174,59,6,ITG,ITG2,20,Sardegna,Sardegna,1639591,1367380,83.4,0.14
2198,2021-07-19,SAR,15236,7634,7602,2796,12390,50,ITG,ITG2,20,Sardegna,Sardegna,1639591,1382616,84.33,0.93
2199,2021-04-10,SAR,10499,4752,5747,8453,1942,104,ITG,ITG2,20,Sardegna,Sardegna,1639591,1393115,84.97,0.64
2200,2021-01-07,SAR,3105,1072,2033,3101,0,4,ITG,ITG2,20,Sardegna,Sardegna,1639591,1396220,85.16,0.19
2201,2021-06-10,SAR,17811,8478,9333,11643,6042,126,ITG,ITG2,20,Sardegna,Sardegna,1639591,1414031,86.24,1.09
2202,2021-08-06,SAR,13824,7175,6649,7993,5660,171,ITG,ITG2,20,Sardegna,Sardegna,1639591,1427855,87.09,0.84
2203,2020-12-31,SAR,32,16,16,32,0,0,ITG,ITG2,20,Sardegna,Sardegna,1639591,1427887,87.09,0.0
2204,2021-07-30,SAR,15201,7854,7347,6622,8413,166,ITG,ITG2,20,Sardegna,Sardegna,1639591,1443088,88.02,0.93
2205,2021-01-10,SAR,2182,749,1433,2180,0,2,ITG,ITG2,20,Sardegna,Sardegna,1639591,1445270,88.15,0.13
2206,2021-07-02,SAR,18935,8892,10043,4407,14431,97,ITG,ITG2,20,Sardegna,Sardegna,1639591,1464205,89.3,1.15
2207,2021-02-10,SAR,1961,766,1195,1435,520,6,ITG,ITG2,20,Sardegna,Sardegna,1639591,1466166,89.42,0.12
2208,2021-04-12,SAR,6998,3182,3816,5216,1713,69,ITG,ITG2,20,Sardegna,Sardegna,1639591,1473164,89.85,0.43
2209,2021-01-02,SAR,60,21,39,60,0,0,ITG,ITG2,20,Sardegna,Sardegna,1639591,1473224,89.85,0.0
2210,2021-06-08,SAR,14838,7073,7765,11172,3511,155,ITG,ITG2,20,Sardegna,Sardegna,1639591,1488062,90.76,0.9
2211,2021-02-28,SAR,367,169,198,139,226,2,ITG,ITG2,20,Sardegna,Sardegna,1639591,1488429,90.78,0.02
2212,2021-08-04,SAR,16215,8527,7688,9600,6353,262,ITG,ITG2,20,Sardegna,Sardegna,1639591,1504644,91.77,0.99
2213,2021-04-26,SAR,6860,3275,3585,5865,903,92,ITG,ITG2,20,Sardegna,Sardegna,1639591,1511504,92.19,0.42
2214,2021-05-08,SAR,13094,5977,7117,10661,2287,146,ITG,ITG2,20,Sardegna,Sardegna,1639591,1524598,92.99,0.8
2215,2021-06-13,SAR,9501,4677,4824,6161,3260,80,ITG,ITG2,20,Sardegna,Sardegna,1639591,1534099,93.57,0.58
2216,2021-01-29,SAR,2959,1072,1887,45,2912,2,ITG,ITG2,20,Sardegna,Sardegna,1639591,1537058,93.75,0.18
2217,2021-08-02,SAR,13117,6602,6515,6210,6729,178,ITG,ITG2,20,Sardegna,Sardegna,1639591,1550175,94.55,0.8
2218,2021-06-01,SAR,14324,6657,7667,9639,4590,95,ITG,ITG2,20,Sardegna,Sardegna,1639591,1564499,95.42,0.87
2219,2021-02-21,SAR,1588,709,879,1557,30,1,ITG,ITG2,20,Sardegna,Sardegna,1639591,1566087,95.52,0.1
2220,2021-07-28,SAR,16794,8620,8174,6319,10327,148,ITG,ITG2,20,Sardegna,Sardegna,1639591,1582881,96.54,1.02
2221,2021-04-19,SAR,10188,4624,5564,8624,1429,135,ITG,ITG2,20,Sardegna,Sardegna,1639591,1593069,97.16,0.62
2222,2021-01-09,SAR,4014,1415,2599,4014,0,0,ITG,ITG2,20,Sardegna,Sardegna,1639591,1597083,97.41,0.24
2223,2021-06-15,SAR,14696,6810,7886,9819,4742,135,ITG,ITG2,20,Sardegna,Sardegna,1639591,1611779,98.3,0.9
2224,2021-03-07,SAR,1658,751,907,1113,541,4,ITG,ITG2,20,Sardegna,Sardegna,1639591,1613437,98.4,0.1
2225,2021-05-11,SAR,8962,4187,4775,6401,2430,131,ITG,ITG2,20,Sardegna,Sardegna,1639591,1622399,98.95,0.55
2226,2021-01-31,SAR,2122,752,1370,45,2077,0,ITG,ITG2,20,Sardegna,Sardegna,1639591,1624521,99.08,0.13
2227,2021-02-14,SAR,538,263,275,536,2,0,ITG,ITG2,20,Sardegna,Sardegna,1639591,1625059,99.11,0.03
2228,2021-07-18,SAR,5693,2873,2820,981,4702,10,ITG,ITG2,20,Sardegna,Sardegna,1639591,1630752,99.46,0.35
2229,2021-01-28,SAR,2975,1045,1930,68,2907,0,ITG,ITG2,20,Sardegna,Sardegna,1639591,1633727,99.64,0.18
2230,2021-05-27,SAR,17828,9264,8564,12083,5536,209,ITG,ITG2,20,Sardegna,Sardegna,1639591,1651555,100.73,1.09
2231,2021-02-16,SAR,699,289,410,663,27,9,ITG,ITG2,20,Sardegna,Sardegna,1639591,1652254,100.77,0.04
2232,2021-03-05,SAR,5210,2607,2603,2815,2357,38,ITG,ITG2,20,Sardegna,Sardegna,1639591,1657464,101.09,0.32
2233,2021-04-27,SAR,7627,3558,4069,5477,2042,108,ITG,ITG2,20,Sardegna,Sardegna,1639591,1665091,101.56,0.47
2234,2021-01-17,SAR,860,277,583,859,1,0,ITG,ITG2,20,Sardegna,Sardegna,1639591,1665951,101.61,0.05
2235,2021-03-15,SAR,2799,1317,1482,2384,374,41,ITG,ITG2,20,Sardegna,Sardegna,1639591,1668750,101.78,0.17
2236,2021-07-04,SAR,8207,3988,4219,2067,6125,15,ITG,ITG2,20,Sardegna,Sardegna,1639591,1676957,102.28,0.5
2237,2021-03-26,SAR,8470,3518,4952,6811,1528,131,ITG,ITG2,20,Sardegna,Sardegna,1639591,1685427,102.8,0.52
2238,2021-05-22,SAR,24941,11990,12951,19494,5143,304,ITG,ITG2,20,Sardegna,Sardegna,1639591,1710368,104.32,1.52
2239,2021-01-19,SAR,747,269,478,691,55,1,ITG,ITG2,20,Sardegna,Sardegna,1639591,1711115,104.36,0.05
2240,2021-03-17,SAR,6552,2848,3704,4906,1609,37,ITG,ITG2,20,Sardegna,Sardegna,1639591,1717667,104.76,0.4
2241,2021-06-27,SAR,9020,4310,4710,2957,6035,28,ITG,ITG2,20,Sardegna,Sardegna,1639591,1726687,105.31,0.55
2242,2021-03-24,SAR,7403,3111,4292,5907,1357,139,ITG,ITG2,20,Sardegna,Sardegna,1639591,1734090,105.76,0.45
2243,2021-04-05,SAR,2041,783,1258,2003,1,37,ITG,ITG2,20,Sardegna,Sardegna,1639591,1736131,105.89,0.12
2244,2021-06-29,SAR,17890,8605,9285,3754,14087,49,ITG,ITG2,20,Sardegna,Sardegna,1639591,1754021,106.98,1.09
2245,2021-03-19,SAR,7263,3045,4218,4992,2217,54,ITG,ITG2,20,Sardegna,Sardegna,1639591,1761284,107.42,0.44
2246,2021-07-16,SAR,16937,8476,8461,4552,12251,134,ITG,ITG2,20,Sardegna,Sardegna,1639591,1778221,108.46,1.03
2247,2021-04-07,SAR,13554,6054,7500,7826,5656,72,ITG,ITG2,20,Sardegna,Sardegna,1639591,1791775,109.28,0.83
2248,2021-04-24,SAR,10371,4852,5519,7889,2351,131,ITG,ITG2,20,Sardegna,Sardegna,1639591,1802146,109.91,0.63
2249,2021-01-14,SAR,1105,425,680,1105,0,0,ITG,ITG2,20,Sardegna,Sardegna,1639591,1803251,109.98,0.07
2250,2021-02-22,SAR,1638,948,690,1384,228,26,ITG,ITG2,20,Sardegna,Sardegna,1639591,1804889,110.08,0.1
2251,2021-03-11,SAR,6424,3092,3332,5148,1200,76,ITG,ITG2,20,Sardegna,Sardegna,1639591,1811313,110.47,0.39
2252,2021-06-04,SAR,14494,6938,7556,9777,4558,159,ITG,ITG2,20,Sardegna,Sardegna,1639591,1825807,111.36,0.88
2253,2021-06-21,SAR,14020,6733,7287,5121,8826,73,ITG,ITG2,20,Sardegna,Sardegna,1639591,1839827,112.21,0.86
2254,2021-03-13,SAR,2756,1075,1681,2436,281,39,ITG,ITG2,20,Sardegna,Sardegna,1639591,1842583,112.38,0.17
2255,2021-03-30,SAR,8772,3589,5183,6350,2276,146,ITG,ITG2,20,Sardegna,Sardegna,1639591,1851355,112.92,0.54
2256,2021-01-06,SAR,1617,547,1070,1617,0,0,ITG,ITG2,20,Sardegna,Sardegna,1639591,1852972,113.01,0.1
2257,2021-06-23,SAR,20547,9667,10880,6193,14261,93,ITG,ITG2,20,Sardegna,Sardegna,1639591,1873519,114.27,1.25
2258,2021-08-09,SAR,13415,6973,6442,6475,6794,146,ITG,ITG2,20,Sardegna,Sardegna,1639591,1886934,115.09,0.82
2259,2021-05-18,SAR,14758,7380,7378,9432,5209,117,ITG,ITG2,20,Sardegna,Sardegna,1639591,1901692,115.99,0.9
2260,2021-02-24,SAR,2421,1298,1123,2184,194,43,ITG,ITG2,20,Sardegna,Sardegna,1639591,1904113,116.13,0.15
2261,2021-06-06,SAR,10035,5001,5034,6315,3651,69,ITG,ITG2,20,Sardegna,Sardegna,1639591,1914148,116.75,0.61
2262,2021-07-23,SAR,15753,7783,7970,3399,12276,78,ITG,ITG2,20,Sardegna,Sardegna,1639591,1929901,117.71,0.96
2263,2021-04-14,SAR,8267,3910,4357,6967,1239,61,ITG,ITG2,20,Sardegna,Sardegna,1639591,1938168,118.21,0.5
2264,2021-05-01,SAR,9922,4767,5155,5368,4457,97,ITG,ITG2,20,Sardegna,Sardegna,1639591,1948090,118.82,0.61
2265,2021-01-21,SAR,127,61,66,94,33,0,ITG,ITG2,20,Sardegna,Sardegna,1639591,1948217,118.82,0.01
2266,2021-02-07,SAR,1120,396,724,227,892,1,ITG,ITG2,20,Sardegna,Sardegna,1639591,1949337,118.89,0.07
2267,2021-08-11,SAR,11925,6361,5564,6145,5600,180,ITG,ITG2,20,Sardegna,Sardegna,1639591,1961262,119.62,0.73
2268,2021-05-03,SAR,8201,3830,4371,6492,1600,109,ITG,ITG2,20,Sardegna,Sardegna,1639591,1969463,120.12,0.5
2269,2021-05-20,SAR,16372,7884,8488,11268,4899,205,ITG,ITG2,20,Sardegna,Sardegna,1639591,1985835,121.12,1.0
2270,2021-02-09,SAR,2287,835,1452,1284,998,5,ITG,ITG2,20,Sardegna,Sardegna,1639591,1988122,121.26,0.14
2271,2021-02-26,SAR,2801,1105,1696,2444,306,51,ITG,ITG2,20,Sardegna,Sardegna,1639591,1990923,121.43,0.17
2272,2021-06-24,FVG,11094,5658,5436,1896,9093,105,ITH,ITH4,6,Friuli-Venezia Giulia,Friuli Venezia Giulia,1215220,11094,0.91,0.91
2273,2021-03-16,FVG,3188,1300,1888,1023,2083,82,ITH,ITH4,6,Friuli-Venezia Giulia,Friuli Venezia Giulia,1215220,14282,1.18,0.26
2274,2021-05-12,FVG,11170,5170,6000,9352,1421,397,ITH,ITH4,6,Friuli-Venezia Giulia,Friuli Venezia Giulia,1215220,25452,2.09,0.92
2275,2021-03-28,FVG,4942,2355,2587,4690,158,94,ITH,ITH4,6,Friuli-Venezia Giulia,Friuli Venezia Giulia,1215220,30394,2.5,0.41
2276,2021-01-18,FVG,1962,606,1356,1868,94,0,ITH,ITH4,6,Friuli-Venezia Giulia,Friuli Venezia Giulia,1215220,32356,2.66,0.16
2277,2021-01-04,FVG,1507,558,949,1507,0,0,ITH,ITH4,6,Friuli-Venezia Giulia,Friuli Venezia Giulia,1215220,33863,2.79,0.12
2278,2021-02-06,FVG,1154,338,816,21,1132,1,ITH,ITH4,6,Friuli-Venezia Giulia,Friuli Venezia Giulia,1215220,35017,2.88,0.09
2279,2021-01-30,FVG,2281,745,1536,270,2011,0,ITH,ITH4,6,Friuli-Venezia Giulia,Friuli Venezia Giulia,1215220,37298,3.07,0.19
2280,2021-07-13,FVG,10998,5670,5328,1103,9744,151,ITH,ITH4,6,Friuli-Venezia Giulia,Friuli Venezia Giulia,1215220,48296,3.97,0.91
2281,2021-07-20,FVG,9269,4860,4409,2325,6640,304,ITH,ITH4,6,Friuli-Venezia Giulia,Friuli Venezia Giulia,1215220,57565,4.74,0.76
2282,2021-08-03,FVG,9810,5141,4669,4916,4527,367,ITH,ITH4,6,Friuli-Venezia Giulia,Friuli Venezia Giulia,1215220,67375,5.54,0.81
2283,2021-04-11,FVG,3432,1518,1914,2414,906,112,ITH,ITH4,6,Friuli-Venezia Giulia,Friuli Venezia Giulia,1215220,70807,5.83,0.28
2284,2021-06-07,FVG,9210,4773,4437,7846,994,370,ITH,ITH4,6,Friuli-Venezia Giulia,Friuli Venezia Giulia,1215220,80017,6.58,0.76
2285,2021-05-24,FVG,11451,5541,5910,7525,3627,299,ITH,ITH4,6,Friuli-Venezia Giulia,Friuli Venezia Giulia,1215220,91468,7.53,0.94
2286,2021-02-13,FVG,566,179,387,558,6,2,ITH,ITH4,6,Friuli-Venezia Giulia,Friuli Venezia Giulia,1215220,92034,7.57,0.05
2287,2021-03-02,FVG,4222,1519,2703,2701,1500,21,ITH,ITH4,6,Friuli-Venezia Giulia,Friuli Venezia Giulia,1215220,96256,7.92,0.35
2288,2021-03-04,FVG,3454,1599,1855,2764,661,29,ITH,ITH4,6,Friuli-Venezia Giulia,Friuli Venezia Giulia,1215220,99710,8.21,0.28
2289,2021-06-12,FVG,8218,4710,3508,6804,1160,254,ITH,ITH4,6,Friuli-Venezia Giulia,Friuli Venezia Giulia,1215220,107928,8.88,0.68
2290,2021-07-08,FVG,13083,7078,6005,1352,11549,182,ITH,ITH4,6,Friuli-Venezia Giulia,Friuli Venezia Giulia,1215220,121011,9.96,1.08
2291,2021-02-04,FVG,2727,808,1919,35,2692,0,ITH,ITH4,6,Friuli-Venezia Giulia,Friuli Venezia Giulia,1215220,123738,10.18,0.22
2292,2021-08-08,FVG,4216,2291,1925,1811,2310,95,ITH,ITH4,6,Friuli-Venezia Giulia,Friuli Venezia Giulia,1215220,127954,10.53,0.35
2293,2021-04-30,FVG,7404,3267,4137,3573,3659,172,ITH,ITH4,6,Friuli-Venezia Giulia,Friuli Venezia Giulia,1215220,135358,11.14,0.61
2294,2021-04-28,FVG,7323,3236,4087,3683,3505,135,ITH,ITH4,6,Friuli-Venezia Giulia,Friuli Venezia Giulia,1215220,142681,11.74,0.6
2295,2021-01-23,FVG,815,323,492,4,811,0,ITH,ITH4,6,Friuli-Venezia Giulia,Friuli Venezia Giulia,1215220,143496,11.81,0.07
2296,2021-02-18,FVG,3223,1497,1726,2797,408,18,ITH,ITH4,6,Friuli-Venezia Giulia,Friuli Venezia Giulia,1215220,146719,12.07,0.27
2297,2021-04-02,FVG,6599,2930,3669,4634,1839,126,ITH,ITH4,6,Friuli-Venezia Giulia,Friuli Venezia Giulia,1215220,153318,12.62,0.54
2298,2021-04-16,FVG,6970,3029,3941,4908,1927,135,ITH,ITH4,6,Friuli-Venezia Giulia,Friuli Venezia Giulia,1215220,160288,13.19,0.57
2299,2021-02-23,FVG,2644,1277,1367,2456,181,7,ITH,ITH4,6,Friuli-Venezia Giulia,Friuli Venezia Giulia,1215220,162932,13.41,0.22
2300,2021-05-17,FVG,8839,4106,4733,6083,2493,263,ITH,ITH4,6,Friuli-Venezia Giulia,Friuli Venezia Giulia,1215220,171771,14.13,0.73
2301,2021-03-09,FVG,4017,1726,2291,1239,2753,25,ITH,ITH4,6,Friuli-Venezia Giulia,Friuli Venezia Giulia,1215220,175788,14.47,0.33
2302,2021-05-19,FVG,12101,5968,6133,9316,2353,432,ITH,ITH4,6,Friuli-Venezia Giulia,Friuli Venezia Giulia,1215220,187889,15.46,1.0
2303,2021-03-14,FVG,1400,552,848,1122,252,26,ITH,ITH4,6,Friuli-Venezia Giulia,Friuli Venezia Giulia,1215220,189289,15.58,0.12
2304,2021-04-08,FVG,7468,3234,4234,5406,1930,132,ITH,ITH4,6,Friuli-Venezia Giulia,Friuli Venezia Giulia,1215220,196757,16.19,0.61
2305,2021-05-21,FVG,11231,5024,6207,7907,2982,342,ITH,ITH4,6,Friuli-Venezia Giulia,Friuli Venezia Giulia,1215220,207988,17.12,0.92
2306,2021-02-10,FVG,1350,496,854,1264,86,0,ITH,ITH4,6,Friuli-Venezia Giulia,Friuli Venezia Giulia,1215220,209338,17.23,0.11
2307,2021-06-26,FVG,10350,5273,5077,4165,6163,22,ITH,ITH4,6,Friuli-Venezia Giulia,Friuli Venezia Giulia,1215220,219688,18.08,0.85
2308,2021-04-21,FVG,7778,3469,4309,4015,3682,81,ITH,ITH4,6,Friuli-Venezia Giulia,Friuli Venezia Giulia,1215220,227466,18.72,0.64
2309,2021-01-11,FVG,1883,608,1275,1882,0,1,ITH,ITH4,6,Friuli-Venezia Giulia,Friuli Venezia Giulia,1215220,229349,18.87,0.15
2310,2021-07-15,FVG,10065,5127,4938,935,8885,245,ITH,ITH4,6,Friuli-Venezia Giulia,Friuli Venezia Giulia,1215220,239414,19.7,0.83
2311,2021-04-23,FVG,7485,3384,4101,3477,3871,137,ITH,ITH4,6,Friuli-Venezia Giulia,Friuli Venezia Giulia,1215220,246899,20.32,0.62
2312,2021-08-01,FVG,3467,1862,1605,1346,1868,253,ITH,ITH4,6,Friuli-Venezia Giulia,Friuli Venezia Giulia,1215220,250366,20.6,0.29
2313,2021-05-31,FVG,8948,4440,4508,6476,2223,249,ITH,ITH4,6,Friuli-Venezia Giulia,Friuli Venezia Giulia,1215220,259314,21.34,0.74
2314,2021-07-27,FVG,9334,4688,4646,2482,6613,239,ITH,ITH4,6,Friuli-Venezia Giulia,Friuli Venezia Giulia,1215220,268648,22.11,0.77
2315,2021-02-27,FVG,3534,1202,2332,3516,1,17,ITH,ITH4,6,Friuli-Venezia Giulia,Friuli Venezia Giulia,1215220,272182,22.4,0.29
2316,2021-04-25,FVG,2375,991,1384,2184,11,180,ITH,ITH4,6,Friuli-Venezia Giulia,Friuli Venezia Giulia,1215220,274557,22.59,0.2
2317,2021-01-06,FVG,716,265,451,716,0,0,ITH,ITH4,6,Friuli-Venezia Giulia,Friuli Venezia Giulia,1215220,275273,22.65,0.06
2318,2021-02-11,FVG,1932,664,1268,1736,193,3,ITH,ITH4,6,Friuli-Venezia Giulia,Friuli Venezia Giulia,1215220,277205,22.81,0.16
2319,2021-04-09,FVG,7929,3665,4264,6504,1253,172,ITH,ITH4,6,Friuli-Venezia Giulia,Friuli Venezia Giulia,1215220,285134,23.46,0.65
2320,2020-12-30,FVG,626,244,382,626,0,0,ITH,ITH4,6,Friuli-Venezia Giulia,Friuli Venezia Giulia,1215220,285760,23.52,0.05
2321,2021-06-19,FVG,8550,4453,4097,1342,7142,66,ITH,ITH4,6,Friuli-Venezia Giulia,Friuli Venezia Giulia,1215220,294310,24.22,0.7
2322,2021-03-11,FVG,3481,1518,1963,1713,1753,15,ITH,ITH4,6,Friuli-Venezia Giulia,Friuli Venezia Giulia,1215220,297791,24.51,0.29
2323,2021-03-21,FVG,2674,1002,1672,2215,409,50,ITH,ITH4,6,Friuli-Venezia Giulia,Friuli Venezia Giulia,1215220,300465,24.73,0.22
2324,2021-01-27,FVG,1272,426,846,449,821,2,ITH,ITH4,6,Friuli-Venezia Giulia,Friuli Venezia Giulia,1215220,301737,24.83,0.1
2325,2021-05-07,FVG,10900,4990,5910,7178,3533,189,ITH,ITH4,6,Friuli-Venezia Giulia,Friuli Venezia Giulia,1215220,312637,25.73,0.9
2326,2021-05-09,FVG,7379,3316,4063,3375,3873,131,ITH,ITH4,6,Friuli-Venezia Giulia,Friuli Venezia Giulia,1215220,320016,26.33,0.61
2327,2021-05-05,FVG,9795,4278,5517,6078,3476,241,ITH,ITH4,6,Friuli-Venezia Giulia,Friuli Venezia Giulia,1215220,329811,27.14,0.81
2328,2021-01-25,FVG,1585,568,1017,194,1391,0,ITH,ITH4,6,Friuli-Venezia Giulia,Friuli Venezia Giulia,1215220,331396,27.27,0.13
2329,2021-07-01,FVG,12363,6432,5931,2632,9478,253,ITH,ITH4,6,Friuli-Venezia Giulia,Friuli Venezia Giulia,1215220,343759,28.29,1.02
2330,2021-03-23,FVG,3898,1689,2209,1737,2143,18,ITH,ITH4,6,Friuli-Venezia Giulia,Friuli Venezia Giulia,1215220,347657,28.61,0.32
2331,2021-01-16,FVG,1230,360,870,1230,0,0,ITH,ITH4,6,Friuli-Venezia Giulia,Friuli Venezia Giulia,1215220,348887,28.71,0.1
2332,2021-07-03,FVG,11407,6083,5324,1093,10166,148,ITH,ITH4,6,Friuli-Venezia Giulia,Friuli Venezia Giulia,1215220,360294,29.65,0.94
2333,2021-03-25,FVG,5538,2428,3110,3329,2139,70,ITH,ITH4,6,Friuli-Venezia Giulia,Friuli Venezia Giulia,1215220,365832,30.1,0.46
2334,2021-06-04,FVG,12137,6221,5916,10303,1445,389,ITH,ITH4,6,Friuli-Venezia Giulia,Friuli Venezia Giulia,1215220,377969,31.1,1.0
2335,2021-07-05,FVG,9534,4840,4694,1306,8084,144,ITH,ITH4,6,Friuli-Venezia Giulia,Friuli Venezia Giulia,1215220,387503,31.89,0.78
2336,2021-06-21,FVG,9206,4497,4709,1821,7248,137,ITH,ITH4,6,Friuli-Venezia Giulia,Friuli Venezia Giulia,1215220,396709,32.65,0.76
2337,2021-03-13,FVG,2945,1125,1820,1658,1274,13,ITH,ITH4,6,Friuli-Venezia Giulia,Friuli Venezia Giulia,1215220,399654,32.89,0.24
2338,2021-07-17,FVG,7308,3921,3387,556,6665,87,ITH,ITH4,6,Friuli-Venezia Giulia,Friuli Venezia Giulia,1215220,406962,33.49,0.6
2339,2021-02-01,FVG,2104,690,1414,17,2087,0,ITH,ITH4,6,Friuli-Venezia Giulia,Friuli Venezia Giulia,1215220,409066,33.66,0.17
2340,2021-05-14,FVG,10824,5384,5440,7927,2602,295,ITH,ITH4,6,Friuli-Venezia Giulia,Friuli Venezia Giulia,1215220,419890,34.55,0.89
2341,2021-02-03,FVG,2649,792,1857,22,2626,1,ITH,ITH4,6,Friuli-Venezia Giulia,Friuli Venezia Giulia,1215220,422539,34.77,0.22
2342,2021-06-09,FVG,11340,5968,5372,9491,1395,454,ITH,ITH4,6,Friuli-Venezia Giulia,Friuli Venezia Giulia,1215220,433879,35.7,0.93
2343,2021-03-01,FVG,2964,1044,1920,2888,53,23,ITH,ITH4,6,Friuli-Venezia Giulia,Friuli Venezia Giulia,1215220,436843,35.95,0.24
2344,2021-03-18,FVG,3377,1424,1953,1683,1686,8,ITH,ITH4,6,Friuli-Venezia Giulia,Friuli Venezia Giulia,1215220,440220,36.23,0.28
2345,2021-01-15,FVG,2020,605,1415,2019,0,1,ITH,ITH4,6,Friuli-Venezia Giulia,Friuli Venezia Giulia,1215220,442240,36.39,0.17
2346,2021-04-18,FVG,6051,2809,3242,5418,407,226,ITH,ITH4,6,Friuli-Venezia Giulia,Friuli Venezia Giulia,1215220,448291,36.89,0.5
2347,2021-01-08,FVG,2323,747,1576,2323,0,0,ITH,ITH4,6,Friuli-Venezia Giulia,Friuli Venezia Giulia,1215220,450614,37.08,0.19
2348,2021-06-14,FVG,10292,4993,5299,5179,4827,286,ITH,ITH4,6,Friuli-Venezia Giulia,Friuli Venezia Giulia,1215220,460906,37.93,0.85
2349,2021-02-20,FVG,2073,937,1136,1926,144,3,ITH,ITH4,6,Friuli-Venezia Giulia,Friuli Venezia Giulia,1215220,462979,38.1,0.17
2350,2021-01-22,FVG,89,29,60,0,89,0,ITH,ITH4,6,Friuli-Venezia Giulia,Friuli Venezia Giulia,1215220,463068,38.11,0.01
2351,2021-06-05,FVG,10330,5339,4991,8410,1551,369,ITH,ITH4,6,Friuli-Venezia Giulia,Friuli Venezia Giulia,1215220,473398,38.96,0.85
2352,2021-02-25,FVG,3173,1655,1518,3113,29,31,ITH,ITH4,6,Friuli-Venezia Giulia,Friuli Venezia Giulia,1215220,476571,39.22,0.26
2353,2021-06-16,FVG,12187,5913,6274,3898,8028,261,ITH,ITH4,6,Friuli-Venezia Giulia,Friuli Venezia Giulia,1215220,488758,40.22,1.0
2354,2021-08-12,FVG,7516,4022,3494,4911,2309,296,ITH,ITH4,6,Friuli-Venezia Giulia,Friuli Venezia Giulia,1215220,496274,40.84,0.62
2355,2021-06-23,FVG,12079,5843,6236,1995,9944,140,ITH,ITH4,6,Friuli-Venezia Giulia,Friuli Venezia Giulia,1215220,508353,41.83,0.99
2356,2021-08-05,FVG,6897,3544,3353,3003,3679,215,ITH,ITH4,6,Friuli-Venezia Giulia,Friuli Venezia Giulia,1215220,515250,42.4,0.57
2357,2021-04-27,FVG,8141,3740,4401,3549,4492,100,ITH,ITH4,6,Friuli-Venezia Giulia,Friuli Venezia Giulia,1215220,523391,43.07,0.67
2358,2021-03-30,FVG,7315,3294,4021,6176,1009,130,ITH,ITH4,6,Friuli-Venezia Giulia,Friuli Venezia Giulia,1215220,530706,43.67,0.6
2359,2021-07-10,FVG,8787,4531,4256,139,8621,27,ITH,ITH4,6,Friuli-Venezia Giulia,Friuli Venezia Giulia,1215220,539493,44.39,0.72
2360,2021-02-08,FVG,2358,694,1664,90,2267,1,ITH,ITH4,6,Friuli-Venezia Giulia,Friuli Venezia Giulia,1215220,541851,44.59,0.19
2361,2021-06-13,FVG,8694,4527,4167,5195,3326,173,ITH,ITH4,6,Friuli-Venezia Giulia,Friuli Venezia Giulia,1215220,550545,45.3,0.72
2362,2021-07-26,FVG,8471,4215,4256,1700,6554,217,ITH,ITH4,6,Friuli-Venezia Giulia,Friuli Venezia Giulia,1215220,559016,46.0,0.7
2363,2021-04-17,FVG,7463,3239,4224,5816,1484,163,ITH,ITH4,6,Friuli-Venezia Giulia,Friuli Venezia Giulia,1215220,566479,46.62,0.61
2364,2021-06-28,FVG,9907,4993,4914,2178,7703,26,ITH,ITH4,6,Friuli-Venezia Giulia,Friuli Venezia Giulia,1215220,576386,47.43,0.82
2365,2021-03-20,FVG,3406,1412,1994,1300,2092,14,ITH,ITH4,6,Friuli-Venezia Giulia,Friuli Venezia Giulia,1215220,579792,47.71,0.28
2366,2021-01-13,FVG,2651,835,1816,2650,0,1,ITH,ITH4,6,Friuli-Venezia Giulia,Friuli Venezia Giulia,1215220,582443,47.93,0.22
2367,2021-04-06,FVG,6684,3138,3546,5426,1153,105,ITH,ITH4,6,Friuli-Venezia Giulia,Friuli Venezia Giulia,1215220,589127,48.48,0.55
2368,2020-12-27,FVG,262,149,113,261,0,1,ITH,ITH4,6,Friuli-Venezia Giulia,Friuli Venezia Giulia,1215220,589389,48.5,0.02
2369,2021-02-12,FVG,1195,428,767,1142,49,4,ITH,ITH4,6,Friuli-Venezia Giulia,Friuli Venezia Giulia,1215220,590584,48.6,0.1
2370,2021-05-25,FVG,12939,6396,6543,9282,3316,341,ITH,ITH4,6,Friuli-Venezia Giulia,Friuli Venezia Giulia,1215220,603523,49.66,1.06
2371,2021-06-11,FVG,10914,5953,4961,9636,836,442,ITH,ITH4,6,Friuli-Venezia Giulia,Friuli Venezia Giulia,1215220,614437,50.56,0.9
2372,2021-03-03,FVG,3647,1635,2012,2342,1276,29,ITH,ITH4,6,Friuli-Venezia Giulia,Friuli Venezia Giulia,1215220,618084,50.86,0.3
2373,2021-07-24,FVG,5983,3219,2764,2813,3016,154,ITH,ITH4,6,Friuli-Venezia Giulia,Friuli Venezia Giulia,1215220,624067,51.35,0.49
2374,2021-08-10,FVG,7084,3943,3141,5074,1636,374,ITH,ITH4,6,Friuli-Venezia Giulia,Friuli Venezia Giulia,1215220,631151,51.94,0.58
2375,2021-05-02,FVG,6901,3249,3652,3802,2959,140,ITH,ITH4,6,Friuli-Venezia Giulia,Friuli Venezia Giulia,1215220,638052,52.51,0.57
2376,2021-05-16,FVG,10016,4793,5223,8370,1403,243,ITH,ITH4,6,Friuli-Venezia Giulia,Friuli Venezia Giulia,1215220,648068,53.33,0.82
2377,2021-03-06,FVG,3500,1196,2304,3143,325,32,ITH,ITH4,6,Friuli-Venezia Giulia,Friuli Venezia Giulia,1215220,651568,53.62,0.29
2378,2021-05-04,FVG,9603,4332,5271,5992,3385,226,ITH,ITH4,6,Friuli-Venezia Giulia,Friuli Venezia Giulia,1215220,661171,54.41,0.79
2379,2021-01-24,FVG,306,120,186,1,305,0,ITH,ITH4,6,Friuli-Venezia Giulia,Friuli Venezia Giulia,1215220,661477,54.43,0.03
2380,2021-06-30,FVG,13178,6708,6470,1379,11625,174,ITH,ITH4,6,Friuli-Venezia Giulia,Friuli Venezia Giulia,1215220,674655,55.52,1.08
2381,2021-03-08,FVG,4126,1644,2482,2022,2089,15,ITH,ITH4,6,Friuli-Venezia Giulia,Friuli Venezia Giulia,1215220,678781,55.86,0.34
2382,2021-03-22,FVG,3666,1453,2213,1671,1956,39,ITH,ITH4,6,Friuli-Venezia Giulia,Friuli Venezia Giulia,1215220,682447,56.16,0.3
2383,2021-01-17,FVG,1715,522,1193,1713,0,2,ITH,ITH4,6,Friuli-Venezia Giulia,Friuli Venezia Giulia,1215220,684162,56.3,0.14
2384,2021-03-15,FVG,3955,1811,2144,1608,2324,23,ITH,ITH4,6,Friuli-Venezia Giulia,Friuli Venezia Giulia,1215220,688117,56.62,0.33
2385,2021-04-13,FVG,7382,3294,4088,5650,1606,126,ITH,ITH4,6,Friuli-Venezia Giulia,Friuli Venezia Giulia,1215220,695499,57.23,0.61
2386,2021-01-03,FVG,313,123,190,313,0,0,ITH,ITH4,6,Friuli-Venezia Giulia,Friuli Venezia Giulia,1215220,695812,57.26,0.03
2387,2021-07-22,FVG,7652,4046,3606,3202,4137,313,ITH,ITH4,6,Friuli-Venezia Giulia,Friuli Venezia Giulia,1215220,703464,57.89,0.63
2388,2021-01-20,FVG,748,320,428,13,735,0,ITH,ITH4,6,Friuli-Venezia Giulia,Friuli Venezia Giulia,1215220,704212,57.95,0.06
2389,2021-05-27,FVG,12843,6152,6691,7388,5234,221,ITH,ITH4,6,Friuli-Venezia Giulia,Friuli Venezia Giulia,1215220,717055,59.01,1.06
2390,2021-07-30,FVG,8918,4636,4282,2643,6002,273,ITH,ITH4,6,Friuli-Venezia Giulia,Friuli Venezia Giulia,1215220,725973,59.74,0.73
2391,2021-01-28,FVG,2243,795,1448,355,1888,0,ITH,ITH4,6,Friuli-Venezia Giulia,Friuli Venezia Giulia,1215220,728216,59.92,0.18
2392,2021-05-08,FVG,10330,4671,5659,5361,4787,182,ITH,ITH4,6,Friuli-Venezia Giulia,Friuli Venezia Giulia,1215220,738546,60.77,0.85
2393,2021-02-14,FVG,1,0,1,0,1,0,ITH,ITH4,6,Friuli-Venezia Giulia,Friuli Venezia Giulia,1215220,738547,60.77,0.0
2394,2021-05-10,FVG,8004,3554,4450,6224,1543,237,ITH,ITH4,6,Friuli-Venezia Giulia,Friuli Venezia Giulia,1215220,746551,61.43,0.66
2395,2021-07-28,FVG,10211,5195,5016,3716,6019,476,ITH,ITH4,6,Friuli-Venezia Giulia,Friuli Venezia Giulia,1215220,756762,62.27,0.84
2396,2021-07-19,FVG,9417,4922,4495,841,8420,156,ITH,ITH4,6,Friuli-Venezia Giulia,Friuli Venezia Giulia,1215220,766179,63.05,0.77
2397,2021-04-10,FVG,5053,2212,2841,3749,1228,76,ITH,ITH4,6,Friuli-Venezia Giulia,Friuli Venezia Giulia,1215220,771232,63.46,0.42
2398,2021-05-23,FVG,10282,4861,5421,5918,4153,211,ITH,ITH4,6,Friuli-Venezia Giulia,Friuli Venezia Giulia,1215220,781514,64.31,0.85
2399,2021-04-01,FVG,6424,3069,3355,5321,1015,88,ITH,ITH4,6,Friuli-Venezia Giulia,Friuli Venezia Giulia,1215220,787938,64.84,0.53
2400,2021-05-28,FVG,10640,5097,5543,6231,4131,278,ITH,ITH4,6,Friuli-Venezia Giulia,Friuli Venezia Giulia,1215220,798578,65.71,0.88
2401,2021-07-12,FVG,9979,5124,4855,1074,8748,157,ITH,ITH4,6,Friuli-Venezia Giulia,Friuli Venezia Giulia,1215220,808557,66.54,0.82
2402,2021-02-19,FVG,3261,1295,1966,2819,427,15,ITH,ITH4,6,Friuli-Venezia Giulia,Friuli Venezia Giulia,1215220,811818,66.8,0.27
2403,2021-01-07,FVG,2099,722,1377,2099,0,0,ITH,ITH4,6,Friuli-Venezia Giulia,Friuli Venezia Giulia,1215220,813917,66.98,0.17
2404,2021-03-05,FVG,3813,1533,2280,2667,1078,68,ITH,ITH4,6,Friuli-Venezia Giulia,Friuli Venezia Giulia,1215220,817730,67.29,0.31
2405,2021-04-19,FVG,6724,3138,3586,3212,3420,92,ITH,ITH4,6,Friuli-Venezia Giulia,Friuli Venezia Giulia,1215220,824454,67.84,0.55
2406,2021-01-09,FVG,2514,841,1673,2513,0,1,ITH,ITH4,6,Friuli-Venezia Giulia,Friuli Venezia Giulia,1215220,826968,68.05,0.21
2407,2021-06-15,FVG,12147,6181,5966,5347,6533,267,ITH,ITH4,6,Friuli-Venezia Giulia,Friuli Venezia Giulia,1215220,839115,69.05,1.0
2408,2021-03-07,FVG,2548,934,1614,2489,1,58,ITH,ITH4,6,Friuli-Venezia Giulia,Friuli Venezia Giulia,1215220,841663,69.26,0.21
2409,2020-12-31,FVG,1048,381,667,1047,0,1,ITH,ITH4,6,Friuli-Venezia Giulia,Friuli Venezia Giulia,1215220,842711,69.35,0.09
2410,2021-06-17,FVG,11424,5776,5648,2285,9034,105,ITH,ITH4,6,Friuli-Venezia Giulia,Friuli Venezia Giulia,1215220,854135,70.29,0.94
2411,2021-06-18,FVG,10954,5407,5547,3399,7301,254,ITH,ITH4,6,Friuli-Venezia Giulia,Friuli Venezia Giulia,1215220,865089,71.19,0.9
2412,2021-03-10,FVG,3596,1705,1891,1744,1795,57,ITH,ITH4,6,Friuli-Venezia Giulia,Friuli Venezia Giulia,1215220,868685,71.48,0.3
2413,2021-02-24,FVG,2531,1093,1438,2502,18,11,ITH,ITH4,6,Friuli-Venezia Giulia,Friuli Venezia Giulia,1215220,871216,71.69,0.21
2414,2021-03-27,FVG,5380,2920,2460,3921,1411,48,ITH,ITH4,6,Friuli-Venezia Giulia,Friuli Venezia Giulia,1215220,876596,72.13,0.44
2415,2021-04-15,FVG,6518,2880,3638,5092,1273,153,ITH,ITH4,6,Friuli-Venezia Giulia,Friuli Venezia Giulia,1215220,883114,72.67,0.54
2416,2021-02-22,FVG,2487,1195,1292,2064,418,5,ITH,ITH4,6,Friuli-Venezia Giulia,Friuli Venezia Giulia,1215220,885601,72.88,0.2
2417,2021-06-02,FVG,9425,4958,4467,8838,282,305,ITH,ITH4,6,Friuli-Venezia Giulia,Friuli Venezia Giulia,1215220,895026,73.65,0.78
2418,2021-08-09,FVG,7749,4145,3604,2312,5253,184,ITH,ITH4,6,Friuli-Venezia Giulia,Friuli Venezia Giulia,1215220,902775,74.29,0.64
2419,2021-02-07,FVG,1566,482,1084,384,1181,1,ITH,ITH4,6,Friuli-Venezia Giulia,Friuli Venezia Giulia,1215220,904341,74.42,0.13
2420,2021-05-18,FVG,10845,5423,5422,8395,2091,359,ITH,ITH4,6,Friuli-Venezia Giulia,Friuli Venezia Giulia,1215220,915186,75.31,0.89
2421,2021-06-01,FVG,10126,5124,5002,7709,2125,292,ITH,ITH4,6,Friuli-Venezia Giulia,Friuli Venezia Giulia,1215220,925312,76.14,0.83
2422,2021-05-11,FVG,9142,4396,4746,7120,1808,214,ITH,ITH4,6,Friuli-Venezia Giulia,Friuli Venezia Giulia,1215220,934454,76.9,0.75
2423,2021-01-31,FVG,2722,840,1882,385,2337,0,ITH,ITH4,6,Friuli-Venezia Giulia,Friuli Venezia Giulia,1215220,937176,77.12,0.22
2424,2021-05-29,FVG,12033,5852,6181,6787,4989,257,ITH,ITH4,6,Friuli-Venezia Giulia,Friuli Venezia Giulia,1215220,949209,78.11,0.99
2425,2021-07-25,FVG,3847,2001,1846,1895,1847,105,ITH,ITH4,6,Friuli-Venezia Giulia,Friuli Venezia Giulia,1215220,953056,78.43,0.32
2426,2021-07-11,FVG,6834,3572,3262,2357,4174,303,ITH,ITH4,6,Friuli-Venezia Giulia,Friuli Venezia Giulia,1215220,959890,78.99,0.56
2427,2021-05-22,FVG,11594,5205,6389,7087,4241,266,ITH,ITH4,6,Friuli-Venezia Giulia,Friuli Venezia Giulia,1215220,971484,79.94,0.95
2428,2021-07-18,FVG,5415,2928,2487,397,4993,25,ITH,ITH4,6,Friuli-Venezia Giulia,Friuli Venezia Giulia,1215220,976899,80.39,0.45
2429,2021-04-24,FVG,6687,2951,3736,5206,1245,236,ITH,ITH4,6,Friuli-Venezia Giulia,Friuli Venezia Giulia,1215220,983586,80.94,0.55
2430,2021-06-06,FVG,9493,4630,4863,7653,1566,274,ITH,ITH4,6,Friuli-Venezia Giulia,Friuli Venezia Giulia,1215220,993079,81.72,0.78
2431,2021-02-26,FVG,3744,2101,1643,3562,148,34,ITH,ITH4,6,Friuli-Venezia Giulia,Friuli Venezia Giulia,1215220,996823,82.03,0.31
2432,2021-02-17,FVG,2361,1003,1358,1874,485,2,ITH,ITH4,6,Friuli-Venezia Giulia,Friuli Venezia Giulia,1215220,999184,82.22,0.19
2433,2021-05-06,FVG,11952,5550,6402,7705,3973,274,ITH,ITH4,6,Friuli-Venezia Giulia,Friuli Venezia Giulia,1215220,1011136,83.21,0.98
2434,2021-07-02,FVG,11101,5737,5364,2111,8798,192,ITH,ITH4,6,Friuli-Venezia Giulia,Friuli Venezia Giulia,1215220,1022237,84.12,0.91
2435,2021-06-25,FVG,10975,5520,5455,2405,8550,20,ITH,ITH4,6,Friuli-Venezia Giulia,Friuli Venezia Giulia,1215220,1033212,85.02,0.9
2436,2021-07-09,FVG,11922,6331,5591,2109,9524,289,ITH,ITH4,6,Friuli-Venezia Giulia,Friuli Venezia Giulia,1215220,1045134,86.0,0.98
2437,2021-03-17,FVG,3239,1269,1970,736,2493,10,ITH,ITH4,6,Friuli-Venezia Giulia,Friuli Venezia Giulia,1215220,1048373,86.27,0.27
2438,2021-05-13,FVG,11199,5409,5790,8739,2070,390,ITH,ITH4,6,Friuli-Venezia Giulia,Friuli Venezia Giulia,1215220,1059572,87.19,0.92
2439,2021-02-16,FVG,2517,1135,1382,2397,116,4,ITH,ITH4,6,Friuli-Venezia Giulia,Friuli Venezia Giulia,1215220,1062089,87.4,0.21
2440,2021-03-24,FVG,3980,1721,2259,2460,1483,37,ITH,ITH4,6,Friuli-Venezia Giulia,Friuli Venezia Giulia,1215220,1066069,87.73,0.33
2441,2021-05-20,FVG,12718,6324,6394,9796,2522,400,ITH,ITH4,6,Friuli-Venezia Giulia,Friuli Venezia Giulia,1215220,1078787,88.77,1.05
2442,2021-06-22,FVG,11593,5972,5621,2367,9097,129,ITH,ITH4,6,Friuli-Venezia Giulia,Friuli Venezia Giulia,1215220,1090380,89.73,0.95
2443,2021-06-20,FVG,6516,3230,3286,1489,4936,91,ITH,ITH4,6,Friuli-Venezia Giulia,Friuli Venezia Giulia,1215220,1096896,90.26,0.54
2444,2021-03-29,FVG,7027,3128,3899,5369,1583,75,ITH,ITH4,6,Friuli-Venezia Giulia,Friuli Venezia Giulia,1215220,1103923,90.84,0.58
2445,2021-07-07,FVG,11300,5787,5513,1442,9730,128,ITH,ITH4,6,Friuli-Venezia Giulia,Friuli Venezia Giulia,1215220,1115223,91.77,0.93
2446,2021-07-21,FVG,8381,4255,4126,1999,6116,266,ITH,ITH4,6,Friuli-Venezia Giulia,Friuli Venezia Giulia,1215220,1123604,92.46,0.69
2447,2021-01-26,FVG,1978,648,1330,216,1761,1,ITH,ITH4,6,Friuli-Venezia Giulia,Friuli Venezia Giulia,1215220,1125582,92.62,0.16
2448,2021-02-09,FVG,1842,555,1287,1555,286,1,ITH,ITH4,6,Friuli-Venezia Giulia,Friuli Venezia Giulia,1215220,1127424,92.78,0.15
2449,2021-02-02,FVG,2471,807,1664,218,2253,0,ITH,ITH4,6,Friuli-Venezia Giulia,Friuli Venezia Giulia,1215220,1129895,92.98,0.2
2450,2021-03-31,FVG,8141,3571,4570,7170,847,124,ITH,ITH4,6,Friuli-Venezia Giulia,Friuli Venezia Giulia,1215220,1138036,93.65,0.67
2451,2021-04-29,FVG,6791,2989,3802,4011,2595,185,ITH,ITH4,6,Friuli-Venezia Giulia,Friuli Venezia Giulia,1215220,1144827,94.21,0.56
2452,2021-01-05,FVG,1678,551,1127,1676,0,2,ITH,ITH4,6,Friuli-Venezia Giulia,Friuli Venezia Giulia,1215220,1146505,94.35,0.14
2453,2021-08-07,FVG,4628,2489,2139,2571,1926,131,ITH,ITH4,6,Friuli-Venezia Giulia,Friuli Venezia Giulia,1215220,1151133,94.73,0.38
2454,2021-02-05,FVG,2612,784,1828,89,2523,0,ITH,ITH4,6,Friuli-Venezia Giulia,Friuli Venezia Giulia,1215220,1153745,94.94,0.21
2455,2021-04-14,FVG,7249,3134,4115,5408,1716,125,ITH,ITH4,6,Friuli-Venezia Giulia,Friuli Venezia Giulia,1215220,1160994,95.54,0.6
2456,2021-07-06,FVG,11212,5852,5360,1352,9749,111,ITH,ITH4,6,Friuli-Venezia Giulia,Friuli Venezia Giulia,1215220,1172206,96.46,0.92
2457,2021-07-23,FVG,8923,4568,4355,2914,5567,442,ITH,ITH4,6,Friuli-Venezia Giulia,Friuli Venezia Giulia,1215220,1181129,97.19,0.73
2458,2021-05-15,FVG,12686,6118,6568,7689,4702,295,ITH,ITH4,6,Friuli-Venezia Giulia,Friuli Venezia Giulia,1215220,1193815,98.24,1.04
2459,2021-05-01,FVG,7205,3247,3958,5909,1045,251,ITH,ITH4,6,Friuli-Venezia Giulia,Friuli Venezia Giulia,1215220,1201020,98.83,0.59
2460,2021-01-21,FVG,897,345,552,1,896,0,ITH,ITH4,6,Friuli-Venezia Giulia,Friuli Venezia Giulia,1215220,1201917,98.91,0.07
2461,2021-02-21,FVG,801,281,520,421,378,2,ITH,ITH4,6,Friuli-Venezia Giulia,Friuli Venezia Giulia,1215220,1202718,98.97,0.07
2462,2021-05-30,FVG,11069,4996,6073,7235,3588,246,ITH,ITH4,6,Friuli-Venezia Giulia,Friuli Venezia Giulia,1215220,1213787,99.88,0.91
2463,2021-08-06,FVG,6379,3342,3037,2272,3925,182,ITH,ITH4,6,Friuli-Venezia Giulia,Friuli Venezia Giulia,1215220,1220166,100.41,0.52
2464,2021-08-11,FVG,7763,4105,3658,5069,2356,338,ITH,ITH4,6,Friuli-Venezia Giulia,Friuli Venezia Giulia,1215220,1227929,101.05,0.64
2465,2021-05-03,FVG,7247,3297,3950,3344,3788,115,ITH,ITH4,6,Friuli-Venezia Giulia,Friuli Venezia Giulia,1215220,1235176,101.64,0.6
2466,2021-01-14,FVG,2586,790,1796,2583,0,3,ITH,ITH4,6,Friuli-Venezia Giulia,Friuli Venezia Giulia,1215220,1237762,101.85,0.21
2467,2021-08-13,FVG,2387,1328,1059,1430,840,117,ITH,ITH4,6,Friuli-Venezia Giulia,Friuli Venezia Giulia,1215220,1240149,102.05,0.2
2468,2021-06-08,FVG,10512,5500,5012,9645,464,403,ITH,ITH4,6,Friuli-Venezia Giulia,Friuli Venezia Giulia,1215220,1250661,102.92,0.87
2469,2021-02-28,FVG,2689,1004,1685,2266,394,29,ITH,ITH4,6,Friuli-Venezia Giulia,Friuli Venezia Giulia,1215220,1253350,103.14,0.22
2470,2021-08-04,FVG,9041,4655,4386,4365,4365,311,ITH,ITH4,6,Friuli-Venezia Giulia,Friuli Venezia Giulia,1215220,1262391,103.88,0.74
2471,2021-04-26,FVG,5474,2455,3019,3703,1651,120,ITH,ITH4,6,Friuli-Venezia Giulia,Friuli Venezia Giulia,1215220,1267865,104.33,0.45
2472,2021-06-03,FVG,12444,6748,5696,9921,2119,404,ITH,ITH4,6,Friuli-Venezia Giulia,Friuli Venezia Giulia,1215220,1280309,105.36,1.02
2473,2021-01-19,FVG,6,2,4,6,0,0,ITH,ITH4,6,Friuli-Venezia Giulia,Friuli Venezia Giulia,1215220,1280315,105.36,0.0
2474,2021-07-04,FVG,9330,4789,4541,2884,6191,255,ITH,ITH4,6,Friuli-Venezia Giulia,Friuli Venezia Giulia,1215220,1289645,106.12,0.77
2475,2021-03-26,FVG,6018,2610,3408,3826,2019,173,ITH,ITH4,6,Friuli-Venezia Giulia,Friuli Venezia Giulia,1215220,1295663,106.62,0.5
2476,2021-03-12,FVG,4106,1699,2407,2699,1381,26,ITH,ITH4,6,Friuli-Venezia Giulia,Friuli Venezia Giulia,1215220,1299769,106.96,0.34
2477,2021-01-02,FVG,1217,470,747,1217,0,0,ITH,ITH4,6,Friuli-Venezia Giulia,Friuli Venezia Giulia,1215220,1300986,107.06,0.1
2478,2021-04-12,FVG,7285,3194,4091,5998,1135,152,ITH,ITH4,6,Friuli-Venezia Giulia,Friuli Venezia Giulia,1215220,1308271,107.66,0.6
2479,2021-07-31,FVG,7326,3759,3567,1253,5982,91,ITH,ITH4,6,Friuli-Venezia Giulia,Friuli Venezia Giulia,1215220,1315597,108.26,0.6
2480,2021-05-26,FVG,13438,6709,6729,9648,3443,347,ITH,ITH4,6,Friuli-Venezia Giulia,Friuli Venezia Giulia,1215220,1329035,109.37,1.11
2481,2021-02-15,FVG,2456,912,1544,2196,254,6,ITH,ITH4,6,Friuli-Venezia Giulia,Friuli Venezia Giulia,1215220,1331491,109.57,0.2
2482,2021-07-29,FVG,9422,4799,4623,3049,6067,306,ITH,ITH4,6,Friuli-Venezia Giulia,Friuli Venezia Giulia,1215220,1340913,110.34,0.78
2483,2021-04-20,FVG,7136,3074,4062,3095,3914,127,ITH,ITH4,6,Friuli-Venezia Giulia,Friuli Venezia Giulia,1215220,1348049,110.93,0.59
2484,2021-01-10,FVG,2942,919,2023,2942,0,0,ITH,ITH4,6,Friuli-Venezia Giulia,Friuli Venezia Giulia,1215220,1350991,111.17,0.24
2485,2021-07-14,FVG,10857,5551,5306,1221,9441,195,ITH,ITH4,6,Friuli-Venezia Giulia,Friuli Venezia Giulia,1215220,1361848,112.07,0.89
2486,2021-04-05,FVG,2897,1440,1457,2822,15,60,ITH,ITH4,6,Friuli-Venezia Giulia,Friuli Venezia Giulia,1215220,1364745,112.3,0.24
2487,2021-01-12,FVG,2257,713,1544,2257,0,0,ITH,ITH4,6,Friuli-Venezia Giulia,Friuli Venezia Giulia,1215220,1367002,112.49,0.19
2488,2021-01-29,FVG,2414,814,1600,265,2149,0,ITH,ITH4,6,Friuli-Venezia Giulia,Friuli Venezia Giulia,1215220,1369416,112.69,0.2
2489,2021-04-22,FVG,6794,3090,3704,3033,3690,71,ITH,ITH4,6,Friuli-Venezia Giulia,Friuli Venezia Giulia,1215220,1376210,113.25,0.56
2490,2021-08-02,FVG,8888,4552,4336,2723,5893,272,ITH,ITH4,6,Friuli-Venezia Giulia,Friuli Venezia Giulia,1215220,1385098,113.98,0.73
2491,2021-04-03,FVG,4020,1992,2028,2625,1337,58,ITH,ITH4,6,Friuli-Venezia Giulia,Friuli Venezia Giulia,1215220,1389118,114.31,0.33
2492,2021-06-10,FVG,11553,6015,5538,9713,1462,378,ITH,ITH4,6,Friuli-Venezia Giulia,Friuli Venezia Giulia,1215220,1400671,115.26,0.95
2493,2021-03-19,FVG,3252,1350,1902,1300,1936,16,ITH,ITH4,6,Friuli-Venezia Giulia,Friuli Venezia Giulia,1215220,1403923,115.53,0.27
2494,2021-06-27,FVG,7620,3808,3812,3770,3828,22,ITH,ITH4,6,Friuli-Venezia Giulia,Friuli Venezia Giulia,1215220,1411543,116.16,0.63
2495,2021-06-29,FVG,11368,5797,5571,1226,10035,107,ITH,ITH4,6,Friuli-Venezia Giulia,Friuli Venezia Giulia,1215220,1422911,117.09,0.94
2496,2021-07-16,FVG,9764,5220,4544,1675,7929,160,ITH,ITH4,6,Friuli-Venezia Giulia,Friuli Venezia Giulia,1215220,1432675,117.89,0.8
2497,2021-04-07,FVG,7849,3638,4211,6946,784,119,ITH,ITH4,6,Friuli-Venezia Giulia,Friuli Venezia Giulia,1215220,1440524,118.54,0.65
2498,2021-06-06,PAB,4548,2186,2362,810,3689,49,ITH,ITH1,4,Provincia Autonoma Bolzano / Bozen,P.A. Bolzano,533050,4548,0.85,0.85
2499,2021-02-26,PAB,1528,551,977,1498,30,0,ITH,ITH1,4,Provincia Autonoma Bolzano / Bozen,P.A. Bolzano,533050,6076,1.14,0.29
2500,2021-06-01,PAB,3669,2381,1288,2054,1477,138,ITH,ITH1,4,Provincia Autonoma Bolzano / Bozen,P.A. Bolzano,533050,9745,1.83,0.69
2501,2021-02-19,PAB,2252,512,1740,2241,11,0,ITH,ITH1,4,Provincia Autonoma Bolzano / Bozen,P.A. Bolzano,533050,11997,2.25,0.42
2502,2021-06-20,PAB,5240,2848,2392,595,4597,48,ITH,ITH1,4,Provincia Autonoma Bolzano / Bozen,P.A. Bolzano,533050,17237,3.23,0.98
2503,2021-02-07,PAB,2364,1059,1305,14,2350,0,ITH,ITH1,4,Provincia Autonoma Bolzano / Bozen,P.A. Bolzano,533050,19601,3.68,0.44
2504,2021-05-18,PAB,3348,1757,1591,2075,1191,82,ITH,ITH1,4,Provincia Autonoma Bolzano / Bozen,P.A. Bolzano,533050,22949,4.31,0.63
2505,2021-07-16,PAB,4507,2446,2061,1050,3316,141,ITH,ITH1,4,Provincia Autonoma Bolzano / Bozen,P.A. Bolzano,533050,27456,5.15,0.85
2506,2021-04-24,PAB,5119,2458,2661,4632,487,0,ITH,ITH1,4,Provincia Autonoma Bolzano / Bozen,P.A. Bolzano,533050,32575,6.11,0.96
2507,2021-08-02,PAB,2125,1275,850,1162,874,89,ITH,ITH1,4,Provincia Autonoma Bolzano / Bozen,P.A. Bolzano,533050,34700,6.51,0.4
2508,2021-07-14,PAB,870,452,418,471,360,39,ITH,ITH1,4,Provincia Autonoma Bolzano / Bozen,P.A. Bolzano,533050,35570,6.67,0.16
2509,2021-04-05,PAB,304,147,157,24,280,0,ITH,ITH1,4,Provincia Autonoma Bolzano / Bozen,P.A. Bolzano,533050,35874,6.73,0.06
2510,2021-06-27,PAB,4426,2314,2112,573,3808,45,ITH,ITH1,4,Provincia Autonoma Bolzano / Bozen,P.A. Bolzano,533050,40300,7.56,0.83
2511,2021-01-12,PAB,1709,459,1250,1709,0,0,ITH,ITH1,4,Provincia Autonoma Bolzano / Bozen,P.A. Bolzano,533050,42009,7.88,0.32
2512,2021-01-24,PAB,12,10,2,0,12,0,ITH,ITH1,4,Provincia Autonoma Bolzano / Bozen,P.A. Bolzano,533050,42021,7.88,0.0
2513,2021-03-22,PAB,1162,528,634,1141,21,0,ITH,ITH1,4,Provincia Autonoma Bolzano / Bozen,P.A. Bolzano,533050,43183,8.1,0.22
2514,2021-05-20,PAB,4965,2498,2467,3342,1473,150,ITH,ITH1,4,Provincia Autonoma Bolzano / Bozen,P.A. Bolzano,533050,48148,9.03,0.93
2515,2021-08-11,PAB,765,378,387,467,298,0,ITH,ITH1,4,Provincia Autonoma Bolzano / Bozen,P.A. Bolzano,533050,48913,9.18,0.14
2516,2021-07-09,PAB,5221,2610,2611,912,4163,146,ITH,ITH1,4,Provincia Autonoma Bolzano / Bozen,P.A. Bolzano,533050,54134,10.16,0.98
2517,2021-03-31,PAB,1835,695,1140,821,1014,0,ITH,ITH1,4,Provincia Autonoma Bolzano / Bozen,P.A. Bolzano,533050,55969,10.5,0.34
2518,2021-02-12,PAB,730,217,513,482,248,0,ITH,ITH1,4,Provincia Autonoma Bolzano / Bozen,P.A. Bolzano,533050,56699,10.64,0.14
2519,2021-04-10,PAB,5416,2673,2743,4826,590,0,ITH,ITH1,4,Provincia Autonoma Bolzano / Bozen,P.A. Bolzano,533050,62115,11.65,1.02
2520,2020-12-31,PAB,929,528,401,929,0,0,ITH,ITH1,4,Provincia Autonoma Bolzano / Bozen,P.A. Bolzano,533050,63044,11.83,0.17
2521,2021-04-19,PAB,1876,860,1016,1694,182,0,ITH,ITH1,4,Provincia Autonoma Bolzano / Bozen,P.A. Bolzano,533050,64920,12.18,0.35
2522,2021-06-15,PAB,2043,1183,860,480,1533,30,ITH,ITH1,4,Provincia Autonoma Bolzano / Bozen,P.A. Bolzano,533050,66963,12.56,0.38
2523,2021-07-28,PAB,1435,783,652,863,495,77,ITH,ITH1,4,Provincia Autonoma Bolzano / Bozen,P.A. Bolzano,533050,68398,12.83,0.27
2524,2021-01-26,PAB,810,291,519,1,809,0,ITH,ITH1,4,Provincia Autonoma Bolzano / Bozen,P.A. Bolzano,533050,69208,12.98,0.15
2525,2021-07-02,PAB,3202,1658,1544,857,2172,173,ITH,ITH1,4,Provincia Autonoma Bolzano / Bozen,P.A. Bolzano,533050,72410,13.58,0.6
2526,2021-03-24,PAB,2065,1000,1065,2051,13,1,ITH,ITH1,4,Provincia Autonoma Bolzano / Bozen,P.A. Bolzano,533050,74475,13.97,0.39
2527,2021-03-10,PAB,1271,531,740,1127,144,0,ITH,ITH1,4,Provincia Autonoma Bolzano / Bozen,P.A. Bolzano,533050,75746,14.21,0.24
2528,2021-05-06,PAB,5190,2751,2439,2373,2570,247,ITH,ITH1,4,Provincia Autonoma Bolzano / Bozen,P.A. Bolzano,533050,80936,15.18,0.97
2529,2021-08-09,PAB,1533,855,678,1119,414,0,ITH,ITH1,4,Provincia Autonoma Bolzano / Bozen,P.A. Bolzano,533050,82469,15.47,0.29
2530,2021-05-01,PAB,2105,1067,1038,1815,160,130,ITH,ITH1,4,Provincia Autonoma Bolzano / Bozen,P.A. Bolzano,533050,84574,15.87,0.39
2531,2021-03-12,PAB,1666,734,932,1252,413,1,ITH,ITH1,4,Provincia Autonoma Bolzano / Bozen,P.A. Bolzano,533050,86240,16.18,0.31
2532,2021-03-29,PAB,1172,500,672,412,760,0,ITH,ITH1,4,Provincia Autonoma Bolzano / Bozen,P.A. Bolzano,533050,87412,16.4,0.22
2533,2021-08-04,PAB,3378,1792,1586,2314,956,108,ITH,ITH1,4,Provincia Autonoma Bolzano / Bozen,P.A. Bolzano,533050,90790,17.03,0.63
2534,2021-06-08,PAB,4228,2163,2065,878,3322,28,ITH,ITH1,4,Provincia Autonoma Bolzano / Bozen,P.A. Bolzano,533050,95018,17.83,0.79
2535,2021-06-29,PAB,1878,1015,863,242,1616,20,ITH,ITH1,4,Provincia Autonoma Bolzano / Bozen,P.A. Bolzano,533050,96896,18.18,0.35
2536,2021-03-21,PAB,769,286,483,15,754,0,ITH,ITH1,4,Provincia Autonoma Bolzano / Bozen,P.A. Bolzano,533050,97665,18.32,0.14
2537,2021-07-04,PAB,4417,2131,2286,160,4229,28,ITH,ITH1,4,Provincia Autonoma Bolzano / Bozen,P.A. Bolzano,533050,102082,19.15,0.83
2538,2021-03-17,PAB,582,213,369,580,2,0,ITH,ITH1,4,Provincia Autonoma Bolzano / Bozen,P.A. Bolzano,533050,102664,19.26,0.11
2539,2021-05-13,PAB,2999,1357,1642,1017,1933,49,ITH,ITH1,4,Provincia Autonoma Bolzano / Bozen,P.A. Bolzano,533050,105663,19.82,0.56
2540,2021-04-29,PAB,2637,1355,1282,1942,695,0,ITH,ITH1,4,Provincia Autonoma Bolzano / Bozen,P.A. Bolzano,533050,108300,20.32,0.49
2541,2021-01-19,PAB,853,371,482,723,130,0,ITH,ITH1,4,Provincia Autonoma Bolzano / Bozen,P.A. Bolzano,533050,109153,20.48,0.16
2542,2021-06-25,PAB,4178,2308,1870,1024,3015,139,ITH,ITH1,4,Provincia Autonoma Bolzano / Bozen,P.A. Bolzano,533050,113331,21.26,0.78
2543,2021-07-23,PAB,4353,2372,1981,1692,2391,270,ITH,ITH1,4,Provincia Autonoma Bolzano / Bozen,P.A. Bolzano,533050,117684,22.08,0.82
2544,2021-01-05,PAB,830,286,544,829,0,1,ITH,ITH1,4,Provincia Autonoma Bolzano / Bozen,P.A. Bolzano,533050,118514,22.23,0.16
2545,2021-01-23,PAB,197,117,80,0,197,0,ITH,ITH1,4,Provincia Autonoma Bolzano / Bozen,P.A. Bolzano,533050,118711,22.27,0.04
2546,2021-05-03,PAB,1837,851,986,398,1418,21,ITH,ITH1,4,Provincia Autonoma Bolzano / Bozen,P.A. Bolzano,533050,120548,22.61,0.34
2547,2021-02-23,PAB,769,324,445,763,6,0,ITH,ITH1,4,Provincia Autonoma Bolzano / Bozen,P.A. Bolzano,533050,121317,22.76,0.14
2548,2021-05-17,PAB,3146,1521,1625,2280,696,170,ITH,ITH1,4,Provincia Autonoma Bolzano / Bozen,P.A. Bolzano,533050,124463,23.35,0.59
2549,2021-03-05,PAB,1843,627,1216,1397,443,3,ITH,ITH1,4,Provincia Autonoma Bolzano / Bozen,P.A. Bolzano,533050,126306,23.69,0.35
2550,2021-05-27,PAB,6196,3267,2929,3900,2012,284,ITH,ITH1,4,Provincia Autonoma Bolzano / Bozen,P.A. Bolzano,533050,132502,24.86,1.16
2551,2021-06-13,PAB,3686,2053,1633,452,3195,39,ITH,ITH1,4,Provincia Autonoma Bolzano / Bozen,P.A. Bolzano,533050,136188,25.55,0.69
2552,2021-05-25,PAB,3896,2022,1874,2908,888,100,ITH,ITH1,4,Provincia Autonoma Bolzano / Bozen,P.A. Bolzano,533050,140084,26.28,0.73
2553,2021-02-14,PAB,297,130,167,297,0,0,ITH,ITH1,4,Provincia Autonoma Bolzano / Bozen,P.A. Bolzano,533050,140381,26.34,0.06
2554,2021-05-08,PAB,4430,2383,2047,3574,665,191,ITH,ITH1,4,Provincia Autonoma Bolzano / Bozen,P.A. Bolzano,533050,144811,27.17,0.83
2555,2021-03-03,PAB,1181,395,786,1168,13,0,ITH,ITH1,4,Provincia Autonoma Bolzano / Bozen,P.A. Bolzano,533050,145992,27.39,0.22
2556,2021-04-17,PAB,5255,2609,2646,5211,44,0,ITH,ITH1,4,Provincia Autonoma Bolzano / Bozen,P.A. Bolzano,533050,151247,28.37,0.99
2557,2021-01-07,PAB,920,328,592,920,0,0,ITH,ITH1,4,Provincia Autonoma Bolzano / Bozen,P.A. Bolzano,533050,152167,28.55,0.17
2558,2021-07-21,PAB,3219,1881,1338,523,2644,52,ITH,ITH1,4,Provincia Autonoma Bolzano / Bozen,P.A. Bolzano,533050,155386,29.15,0.6
2559,2021-04-12,PAB,2110,948,1162,2103,7,0,ITH,ITH1,4,Provincia Autonoma Bolzano / Bozen,P.A. Bolzano,533050,157496,29.55,0.4
2560,2021-08-08,PAB,1573,854,719,742,831,0,ITH,ITH1,4,Provincia Autonoma Bolzano / Bozen,P.A. Bolzano,533050,159069,29.84,0.3
2561,2021-01-21,PAB,969,452,517,140,829,0,ITH,ITH1,4,Provincia Autonoma Bolzano / Bozen,P.A. Bolzano,533050,160038,30.02,0.18
2562,2021-07-25,PAB,1891,1127,764,665,1146,80,ITH,ITH1,4,Provincia Autonoma Bolzano / Bozen,P.A. Bolzano,533050,161929,30.38,0.35
2563,2021-08-06,PAB,3621,1907,1714,1197,2423,1,ITH,ITH1,4,Provincia Autonoma Bolzano / Bozen,P.A. Bolzano,533050,165550,31.06,0.68
2564,2021-04-28,PAB,2469,1307,1162,2464,5,0,ITH,ITH1,4,Provincia Autonoma Bolzano / Bozen,P.A. Bolzano,533050,168019,31.52,0.46
2565,2021-01-16,PAB,2840,1265,1575,2840,0,0,ITH,ITH1,4,Provincia Autonoma Bolzano / Bozen,P.A. Bolzano,533050,170859,32.05,0.53
2566,2021-06-10,PAB,4489,2327,2162,1300,3097,92,ITH,ITH1,4,Provincia Autonoma Bolzano / Bozen,P.A. Bolzano,533050,175348,32.9,0.84
2567,2021-06-12,PAB,5073,2753,2320,1653,3289,131,ITH,ITH1,4,Provincia Autonoma Bolzano / Bozen,P.A. Bolzano,533050,180421,33.85,0.95
2568,2021-01-14,PAB,1952,578,1374,1952,0,0,ITH,ITH1,4,Provincia Autonoma Bolzano / Bozen,P.A. Bolzano,533050,182373,34.21,0.37
2569,2021-04-07,PAB,1801,824,977,1260,541,0,ITH,ITH1,4,Provincia Autonoma Bolzano / Bozen,P.A. Bolzano,533050,184174,34.55,0.34
2570,2021-03-02,PAB,696,200,496,694,2,0,ITH,ITH1,4,Provincia Autonoma Bolzano / Bozen,P.A. Bolzano,533050,184870,34.68,0.13
2571,2021-03-19,PAB,1920,777,1143,800,1120,0,ITH,ITH1,4,Provincia Autonoma Bolzano / Bozen,P.A. Bolzano,533050,186790,35.04,0.36
2572,2021-05-15,PAB,7019,3695,3324,6334,294,391,ITH,ITH1,4,Provincia Autonoma Bolzano / Bozen,P.A. Bolzano,533050,193809,36.36,1.32
2573,2021-02-04,PAB,1965,596,1369,8,1957,0,ITH,ITH1,4,Provincia Autonoma Bolzano / Bozen,P.A. Bolzano,533050,195774,36.73,0.37
2574,2021-07-11,PAB,6070,3093,2977,1083,4875,112,ITH,ITH1,4,Provincia Autonoma Bolzano / Bozen,P.A. Bolzano,533050,201844,37.87,1.14
2575,2021-04-02,PAB,2090,841,1249,701,1357,32,ITH,ITH1,4,Provincia Autonoma Bolzano / Bozen,P.A. Bolzano,533050,203934,38.26,0.39
2576,2021-05-29,PAB,7338,3907,3431,4042,3142,154,ITH,ITH1,4,Provincia Autonoma Bolzano / Bozen,P.A. Bolzano,533050,211272,39.63,1.38
2577,2021-02-09,PAB,317,126,191,1,316,0,ITH,ITH1,4,Provincia Autonoma Bolzano / Bozen,P.A. Bolzano,533050,211589,39.69,0.06
2578,2021-07-13,PAB,3380,1731,1649,1312,1928,140,ITH,ITH1,4,Provincia Autonoma Bolzano / Bozen,P.A. Bolzano,533050,214969,40.33,0.63
2579,2021-02-02,PAB,1752,509,1243,8,1744,0,ITH,ITH1,4,Provincia Autonoma Bolzano / Bozen,P.A. Bolzano,533050,216721,40.66,0.33
2580,2021-03-07,PAB,115,14,101,9,106,0,ITH,ITH1,4,Provincia Autonoma Bolzano / Bozen,P.A. Bolzano,533050,216836,40.68,0.02
2581,2021-07-30,PAB,5281,2833,2448,3381,1539,361,ITH,ITH1,4,Provincia Autonoma Bolzano / Bozen,P.A. Bolzano,533050,222117,41.67,0.99
2582,2021-04-21,PAB,3016,1469,1547,2168,848,0,ITH,ITH1,4,Provincia Autonoma Bolzano / Bozen,P.A. Bolzano,533050,225133,42.23,0.57
2583,2021-06-24,PAB,3935,2036,1899,1567,2196,172,ITH,ITH1,4,Provincia Autonoma Bolzano / Bozen,P.A. Bolzano,533050,229068,42.97,0.74
2584,2021-01-09,PAB,612,326,286,612,0,0,ITH,ITH1,4,Provincia Autonoma Bolzano / Bozen,P.A. Bolzano,533050,229680,43.09,0.11
2585,2021-08-13,PAB,1834,952,882,950,884,0,ITH,ITH1,4,Provincia Autonoma Bolzano / Bozen,P.A. Bolzano,533050,231514,43.43,0.34
2586,2021-04-26,PAB,1549,776,773,1544,5,0,ITH,ITH1,4,Provincia Autonoma Bolzano / Bozen,P.A. Bolzano,533050,233063,43.72,0.29
2587,2021-07-10,PAB,5805,2997,2808,927,4742,136,ITH,ITH1,4,Provincia Autonoma Bolzano / Bozen,P.A. Bolzano,533050,238868,44.81,1.09
2588,2021-07-01,PAB,4635,2302,2333,1311,3165,159,ITH,ITH1,4,Provincia Autonoma Bolzano / Bozen,P.A. Bolzano,533050,243503,45.68,0.87
2589,2021-03-04,PAB,1718,1008,710,1487,229,2,ITH,ITH1,4,Provincia Autonoma Bolzano / Bozen,P.A. Bolzano,533050,245221,46.0,0.32
2590,2021-05-26,PAB,5017,2535,2482,2869,1976,172,ITH,ITH1,4,Provincia Autonoma Bolzano / Bozen,P.A. Bolzano,533050,250238,46.94,0.94
2591,2021-06-14,PAB,2981,1615,1366,575,2360,46,ITH,ITH1,4,Provincia Autonoma Bolzano / Bozen,P.A. Bolzano,533050,253219,47.5,0.56
2592,2021-06-05,PAB,6086,3034,3052,4699,1097,290,ITH,ITH1,4,Provincia Autonoma Bolzano / Bozen,P.A. Bolzano,533050,259305,48.65,1.14
2593,2021-04-30,PAB,3347,1598,1749,1568,1779,0,ITH,ITH1,4,Provincia Autonoma Bolzano / Bozen,P.A. Bolzano,533050,262652,49.27,0.63
2594,2021-01-20,PAB,619,254,365,410,209,0,ITH,ITH1,4,Provincia Autonoma Bolzano / Bozen,P.A. Bolzano,533050,263271,49.39,0.12
2595,2021-07-22,PAB,3726,1937,1789,1722,1787,217,ITH,ITH1,4,Provincia Autonoma Bolzano / Bozen,P.A. Bolzano,533050,266997,50.09,0.7
2596,2021-01-06,PAB,59,18,41,59,0,0,ITH,ITH1,4,Provincia Autonoma Bolzano / Bozen,P.A. Bolzano,533050,267056,50.1,0.01
2597,2021-03-26,PAB,1662,736,926,524,1137,1,ITH,ITH1,4,Provincia Autonoma Bolzano / Bozen,P.A. Bolzano,533050,268718,50.41,0.31
2598,2021-04-09,PAB,2942,1303,1639,2212,730,0,ITH,ITH1,4,Provincia Autonoma Bolzano / Bozen,P.A. Bolzano,533050,271660,50.96,0.55
2599,2021-05-22,PAB,6842,3571,3271,4478,2168,196,ITH,ITH1,4,Provincia Autonoma Bolzano / Bozen,P.A. Bolzano,533050,278502,52.25,1.28
2600,2021-02-11,PAB,1094,432,662,239,855,0,ITH,ITH1,4,Provincia Autonoma Bolzano / Bozen,P.A. Bolzano,533050,279596,52.45,0.21
2601,2021-07-18,PAB,1864,1032,832,640,1149,75,ITH,ITH1,4,Provincia Autonoma Bolzano / Bozen,P.A. Bolzano,533050,281460,52.8,0.35
2602,2021-02-18,PAB,1839,457,1382,1831,7,1,ITH,ITH1,4,Provincia Autonoma Bolzano / Bozen,P.A. Bolzano,533050,283299,53.15,0.34
2603,2021-07-20,PAB,3131,1729,1402,1399,1523,209,ITH,ITH1,4,Provincia Autonoma Bolzano / Bozen,P.A. Bolzano,533050,286430,53.73,0.59
2604,2021-05-31,PAB,3042,1499,1543,2061,867,114,ITH,ITH1,4,Provincia Autonoma Bolzano / Bozen,P.A. Bolzano,533050,289472,54.3,0.57
2605,2021-01-01,PAB,6,5,1,6,0,0,ITH,ITH1,4,Provincia Autonoma Bolzano / Bozen,P.A. Bolzano,533050,289478,54.31,0.0
2606,2021-06-07,PAB,2980,1551,1429,2522,319,139,ITH,ITH1,4,Provincia Autonoma Bolzano / Bozen,P.A. Bolzano,533050,292458,54.87,0.56
2607,2021-02-27,PAB,2458,759,1699,2448,10,0,ITH,ITH1,4,Provincia Autonoma Bolzano / Bozen,P.A. Bolzano,533050,294916,55.33,0.46
2608,2021-02-13,PAB,318,79,239,312,6,0,ITH,ITH1,4,Provincia Autonoma Bolzano / Bozen,P.A. Bolzano,533050,295234,55.39,0.06
2609,2021-04-11,PAB,2733,1300,1433,2556,177,0,ITH,ITH1,4,Provincia Autonoma Bolzano / Bozen,P.A. Bolzano,533050,297967,55.9,0.51
2610,2021-06-03,PAB,4874,2657,2217,3674,972,228,ITH,ITH1,4,Provincia Autonoma Bolzano / Bozen,P.A. Bolzano,533050,302841,56.81,0.91
2611,2021-07-06,PAB,1721,925,796,684,982,55,ITH,ITH1,4,Provincia Autonoma Bolzano / Bozen,P.A. Bolzano,533050,304562,57.14,0.32
2612,2021-06-22,PAB,2470,1422,1048,319,2125,26,ITH,ITH1,4,Provincia Autonoma Bolzano / Bozen,P.A. Bolzano,533050,307032,57.6,0.46
2613,2021-03-14,PAB,758,336,422,25,733,0,ITH,ITH1,4,Provincia Autonoma Bolzano / Bozen,P.A. Bolzano,533050,307790,57.74,0.14
2614,2021-04-14,PAB,3603,1650,1953,3508,95,0,ITH,ITH1,4,Provincia Autonoma Bolzano / Bozen,P.A. Bolzano,533050,311393,58.42,0.68
2615,2021-01-04,PAB,510,201,309,510,0,0,ITH,ITH1,4,Provincia Autonoma Bolzano / Bozen,P.A. Bolzano,533050,311903,58.51,0.1
2616,2021-02-15,PAB,72,42,30,26,46,0,ITH,ITH1,4,Provincia Autonoma Bolzano / Bozen,P.A. Bolzano,533050,311975,58.53,0.01
2617,2021-05-11,PAB,2848,1337,1511,1255,1523,70,ITH,ITH1,4,Provincia Autonoma Bolzano / Bozen,P.A. Bolzano,533050,314823,59.06,0.53
2618,2021-07-31,PAB,3164,1718,1446,2108,922,134,ITH,ITH1,4,Provincia Autonoma Bolzano / Bozen,P.A. Bolzano,533050,317987,59.65,0.59
2619,2021-01-29,PAB,1512,517,995,24,1488,0,ITH,ITH1,4,Provincia Autonoma Bolzano / Bozen,P.A. Bolzano,533050,319499,59.94,0.28
2620,2021-04-22,PAB,2938,1511,1427,1996,942,0,ITH,ITH1,4,Provincia Autonoma Bolzano / Bozen,P.A. Bolzano,533050,322437,60.49,0.55
2621,2021-05-09,PAB,4246,2412,1834,2934,1153,159,ITH,ITH1,4,Provincia Autonoma Bolzano / Bozen,P.A. Bolzano,533050,326683,61.29,0.8
2622,2021-03-06,PAB,3973,2081,1892,3762,211,0,ITH,ITH1,4,Provincia Autonoma Bolzano / Bozen,P.A. Bolzano,533050,330656,62.03,0.75
2623,2021-05-28,PAB,7381,3892,3489,5285,1893,203,ITH,ITH1,4,Provincia Autonoma Bolzano / Bozen,P.A. Bolzano,533050,338037,63.42,1.38
2624,2021-02-17,PAB,156,51,105,139,17,0,ITH,ITH1,4,Provincia Autonoma Bolzano / Bozen,P.A. Bolzano,533050,338193,63.44,0.03
2625,2021-01-18,PAB,1774,687,1087,1769,5,0,ITH,ITH1,4,Provincia Autonoma Bolzano / Bozen,P.A. Bolzano,533050,339967,63.78,0.33
2626,2021-05-07,PAB,4200,2063,2137,3398,528,274,ITH,ITH1,4,Provincia Autonoma Bolzano / Bozen,P.A. Bolzano,533050,344167,64.57,0.79
2627,2021-06-17,PAB,1772,982,790,620,1079,73,ITH,ITH1,4,Provincia Autonoma Bolzano / Bozen,P.A. Bolzano,533050,345939,64.9,0.33
2628,2021-01-02,PAB,91,48,43,91,0,0,ITH,ITH1,4,Provincia Autonoma Bolzano / Bozen,P.A. Bolzano,533050,346030,64.92,0.02
2629,2021-06-26,PAB,4544,2329,2215,1364,3074,106,ITH,ITH1,4,Provincia Autonoma Bolzano / Bozen,P.A. Bolzano,533050,350574,65.77,0.85
2630,2021-07-03,PAB,5636,2792,2844,975,4563,98,ITH,ITH1,4,Provincia Autonoma Bolzano / Bozen,P.A. Bolzano,533050,356210,66.82,1.06
2631,2021-05-05,PAB,4161,1948,2213,1826,2118,217,ITH,ITH1,4,Provincia Autonoma Bolzano / Bozen,P.A. Bolzano,533050,360371,67.61,0.78
2632,2021-01-25,PAB,493,187,306,3,490,0,ITH,ITH1,4,Provincia Autonoma Bolzano / Bozen,P.A. Bolzano,533050,360864,67.7,0.09
2633,2021-03-23,PAB,1555,760,795,1554,1,0,ITH,ITH1,4,Provincia Autonoma Bolzano / Bozen,P.A. Bolzano,533050,362419,67.99,0.29
2634,2021-04-01,PAB,2791,1409,1382,2645,146,0,ITH,ITH1,4,Provincia Autonoma Bolzano / Bozen,P.A. Bolzano,533050,365210,68.51,0.52
2635,2021-07-05,PAB,2936,1406,1530,823,1984,129,ITH,ITH1,4,Provincia Autonoma Bolzano / Bozen,P.A. Bolzano,533050,368146,69.06,0.55
2636,2021-05-30,PAB,4791,2531,2260,731,4029,31,ITH,ITH1,4,Provincia Autonoma Bolzano / Bozen,P.A. Bolzano,533050,372937,69.96,0.9
2637,2021-07-12,PAB,3530,1753,1777,251,3241,38,ITH,ITH1,4,Provincia Autonoma Bolzano / Bozen,P.A. Bolzano,533050,376467,70.63,0.66
2638,2021-04-03,PAB,833,366,467,22,811,0,ITH,ITH1,4,Provincia Autonoma Bolzano / Bozen,P.A. Bolzano,533050,377300,70.78,0.16
2639,2021-03-25,PAB,2170,1080,1090,1726,443,1,ITH,ITH1,4,Provincia Autonoma Bolzano / Bozen,P.A. Bolzano,533050,379470,71.19,0.41
2640,2021-01-27,PAB,85,29,56,2,83,0,ITH,ITH1,4,Provincia Autonoma Bolzano / Bozen,P.A. Bolzano,533050,379555,71.2,0.02
2641,2021-03-30,PAB,1302,532,770,221,1081,0,ITH,ITH1,4,Provincia Autonoma Bolzano / Bozen,P.A. Bolzano,533050,380857,71.45,0.24
2642,2021-04-16,PAB,2959,1424,1535,2444,514,1,ITH,ITH1,4,Provincia Autonoma Bolzano / Bozen,P.A. Bolzano,533050,383816,72.0,0.56
2643,2021-07-08,PAB,5510,2783,2727,546,4886,78,ITH,ITH1,4,Provincia Autonoma Bolzano / Bozen,P.A. Bolzano,533050,389326,73.04,1.03
2644,2021-06-19,PAB,5663,3016,2647,555,5036,72,ITH,ITH1,4,Provincia Autonoma Bolzano / Bozen,P.A. Bolzano,533050,394989,74.1,1.06
2645,2021-03-11,PAB,1691,830,861,1145,539,7,ITH,ITH1,4,Provincia Autonoma Bolzano / Bozen,P.A. Bolzano,533050,396680,74.42,0.32
2646,2021-02-25,PAB,1498,549,949,1497,1,0,ITH,ITH1,4,Provincia Autonoma Bolzano / Bozen,P.A. Bolzano,533050,398178,74.7,0.28
2647,2021-06-02,PAB,1468,824,644,978,459,31,ITH,ITH1,4,Provincia Autonoma Bolzano / Bozen,P.A. Bolzano,533050,399646,74.97,0.28
2648,2021-02-06,PAB,2632,1175,1457,19,2613,0,ITH,ITH1,4,Provincia Autonoma Bolzano / Bozen,P.A. Bolzano,533050,402278,75.47,0.49
2649,2021-06-21,PAB,3167,1614,1553,260,2867,40,ITH,ITH1,4,Provincia Autonoma Bolzano / Bozen,P.A. Bolzano,533050,405445,76.06,0.59
2650,2021-05-24,PAB,1458,768,690,1059,335,64,ITH,ITH1,4,Provincia Autonoma Bolzano / Bozen,P.A. Bolzano,533050,406903,76.33,0.27
2651,2021-02-20,PAB,1802,540,1262,1784,18,0,ITH,ITH1,4,Provincia Autonoma Bolzano / Bozen,P.A. Bolzano,533050,408705,76.67,0.34
2652,2021-07-27,PAB,3147,1881,1266,882,2179,86,ITH,ITH1,4,Provincia Autonoma Bolzano / Bozen,P.A. Bolzano,533050,411852,77.26,0.59
2653,2021-04-18,PAB,3116,1611,1505,2104,1012,0,ITH,ITH1,4,Provincia Autonoma Bolzano / Bozen,P.A. Bolzano,533050,414968,77.85,0.58
2654,2021-01-15,PAB,3285,1230,2055,3285,0,0,ITH,ITH1,4,Provincia Autonoma Bolzano / Bozen,P.A. Bolzano,533050,418253,78.46,0.62
2655,2021-06-18,PAB,4540,2350,2190,1465,2910,165,ITH,ITH1,4,Provincia Autonoma Bolzano / Bozen,P.A. Bolzano,533050,422793,79.32,0.85
2656,2021-01-08,PAB,1537,484,1053,1537,0,0,ITH,ITH1,4,Provincia Autonoma Bolzano / Bozen,P.A. Bolzano,533050,424330,79.6,0.29
2657,2021-03-18,PAB,1302,531,771,226,1076,0,ITH,ITH1,4,Provincia Autonoma Bolzano / Bozen,P.A. Bolzano,533050,425632,79.85,0.24
2658,2021-05-14,PAB,5143,2323,2820,2902,2043,198,ITH,ITH1,4,Provincia Autonoma Bolzano / Bozen,P.A. Bolzano,533050,430775,80.81,0.96
2659,2021-03-16,PAB,1290,532,758,124,1166,0,ITH,ITH1,4,Provincia Autonoma Bolzano / Bozen,P.A. Bolzano,533050,432065,81.06,0.24
2660,2021-05-12,PAB,3796,2059,1737,3413,154,229,ITH,ITH1,4,Provincia Autonoma Bolzano / Bozen,P.A. Bolzano,533050,435861,81.77,0.71
2661,2021-02-01,PAB,1460,445,1015,12,1448,0,ITH,ITH1,4,Provincia Autonoma Bolzano / Bozen,P.A. Bolzano,533050,437321,82.04,0.27
2662,2021-07-29,PAB,1337,716,621,707,570,60,ITH,ITH1,4,Provincia Autonoma Bolzano / Bozen,P.A. Bolzano,533050,438658,82.29,0.25
2663,2020-12-30,PAB,389,183,206,389,0,0,ITH,ITH1,4,Provincia Autonoma Bolzano / Bozen,P.A. Bolzano,533050,439047,82.37,0.07
2664,2021-06-09,PAB,3839,1906,1933,1252,2478,109,ITH,ITH1,4,Provincia Autonoma Bolzano / Bozen,P.A. Bolzano,533050,442886,83.09,0.72
2665,2021-03-01,PAB,925,223,702,924,1,0,ITH,ITH1,4,Provincia Autonoma Bolzano / Bozen,P.A. Bolzano,533050,443811,83.26,0.17
2666,2021-08-05,PAB,3455,1878,1577,1792,1575,88,ITH,ITH1,4,Provincia Autonoma Bolzano / Bozen,P.A. Bolzano,533050,447266,83.91,0.65
2667,2021-03-15,PAB,1194,452,742,711,482,1,ITH,ITH1,4,Provincia Autonoma Bolzano / Bozen,P.A. Bolzano,533050,448460,84.13,0.22
2668,2021-04-27,PAB,2234,1015,1219,1156,1078,0,ITH,ITH1,4,Provincia Autonoma Bolzano / Bozen,P.A. Bolzano,533050,450694,84.55,0.42
2669,2021-01-17,PAB,2329,1044,1285,2318,11,0,ITH,ITH1,4,Provincia Autonoma Bolzano / Bozen,P.A. Bolzano,533050,453023,84.99,0.44
2670,2021-06-23,PAB,1152,595,557,332,768,52,ITH,ITH1,4,Provincia Autonoma Bolzano / Bozen,P.A. Bolzano,533050,454175,85.2,0.22
2671,2021-08-07,PAB,2126,1228,898,1479,647,0,ITH,ITH1,4,Provincia Autonoma Bolzano / Bozen,P.A. Bolzano,533050,456301,85.6,0.4
2672,2021-03-28,PAB,569,212,357,11,558,0,ITH,ITH1,4,Provincia Autonoma Bolzano / Bozen,P.A. Bolzano,533050,456870,85.71,0.11
2673,2021-08-10,PAB,1828,1002,826,1554,274,0,ITH,ITH1,4,Provincia Autonoma Bolzano / Bozen,P.A. Bolzano,533050,458698,86.05,0.34
2674,2021-04-20,PAB,1565,785,780,1562,3,0,ITH,ITH1,4,Provincia Autonoma Bolzano / Bozen,P.A. Bolzano,533050,460263,86.35,0.29
2675,2021-01-10,PAB,2,2,0,2,0,0,ITH,ITH1,4,Provincia Autonoma Bolzano / Bozen,P.A. Bolzano,533050,460265,86.35,0.0
2676,2021-06-16,PAB,3823,2028,1795,11,3807,5,ITH,ITH1,4,Provincia Autonoma Bolzano / Bozen,P.A. Bolzano,533050,464088,87.06,0.72
2677,2021-03-08,PAB,1210,534,676,1183,27,0,ITH,ITH1,4,Provincia Autonoma Bolzano / Bozen,P.A. Bolzano,533050,465298,87.29,0.23
2678,2021-08-12,PAB,3197,1633,1564,595,2602,0,ITH,ITH1,4,Provincia Autonoma Bolzano / Bozen,P.A. Bolzano,533050,468495,87.89,0.6
2679,2021-05-04,PAB,3451,1844,1607,2269,1037,145,ITH,ITH1,4,Provincia Autonoma Bolzano / Bozen,P.A. Bolzano,533050,471946,88.54,0.65
2680,2021-02-08,PAB,2,1,1,1,1,0,ITH,ITH1,4,Provincia Autonoma Bolzano / Bozen,P.A. Bolzano,533050,471948,88.54,0.0
2681,2021-05-19,PAB,3875,1990,1885,1952,1789,134,ITH,ITH1,4,Provincia Autonoma Bolzano / Bozen,P.A. Bolzano,533050,475823,89.26,0.73
2682,2021-01-03,PAB,41,16,25,41,0,0,ITH,ITH1,4,Provincia Autonoma Bolzano / Bozen,P.A. Bolzano,533050,475864,89.27,0.01
2683,2021-04-13,PAB,2399,1134,1265,2392,7,0,ITH,ITH1,4,Provincia Autonoma Bolzano / Bozen,P.A. Bolzano,533050,478263,89.72,0.45
2684,2021-06-04,PAB,6619,3325,3294,4849,1535,235,ITH,ITH1,4,Provincia Autonoma Bolzano / Bozen,P.A. Bolzano,533050,484882,90.96,1.24
2685,2021-02-24,PAB,1368,407,961,1356,12,0,ITH,ITH1,4,Provincia Autonoma Bolzano / Bozen,P.A. Bolzano,533050,486250,91.22,0.26
2686,2021-03-27,PAB,3053,1554,1499,1545,1508,0,ITH,ITH1,4,Provincia Autonoma Bolzano / Bozen,P.A. Bolzano,533050,489303,91.79,0.57
2687,2021-03-13,PAB,2886,1460,1426,2785,101,0,ITH,ITH1,4,Provincia Autonoma Bolzano / Bozen,P.A. Bolzano,533050,492189,92.33,0.54
2688,2021-03-09,PAB,1194,543,651,1192,2,0,ITH,ITH1,4,Provincia Autonoma Bolzano / Bozen,P.A. Bolzano,533050,493383,92.56,0.22
2689,2021-05-23,PAB,4343,2305,2038,4140,8,195,ITH,ITH1,4,Provincia Autonoma Bolzano / Bozen,P.A. Bolzano,533050,497726,93.37,0.81
2690,2021-07-19,PAB,2780,1394,1386,625,2046,109,ITH,ITH1,4,Provincia Autonoma Bolzano / Bozen,P.A. Bolzano,533050,500506,93.89,0.52
2691,2021-02-03,PAB,1506,479,1027,5,1501,0,ITH,ITH1,4,Provincia Autonoma Bolzano / Bozen,P.A. Bolzano,533050,502012,94.18,0.28
2692,2021-02-10,PAB,1636,605,1031,26,1610,0,ITH,ITH1,4,Provincia Autonoma Bolzano / Bozen,P.A. Bolzano,533050,503648,94.48,0.31
2693,2021-05-21,PAB,7376,4055,3321,5210,1878,288,ITH,ITH1,4,Provincia Autonoma Bolzano / Bozen,P.A. Bolzano,533050,511024,95.87,1.38
2694,2021-05-16,PAB,2029,935,1094,1285,694,50,ITH,ITH1,4,Provincia Autonoma Bolzano / Bozen,P.A. Bolzano,533050,513053,96.25,0.38
2695,2021-07-26,PAB,1626,938,688,1123,411,92,ITH,ITH1,4,Provincia Autonoma Bolzano / Bozen,P.A. Bolzano,533050,514679,96.55,0.31
2696,2021-02-22,PAB,526,143,383,514,12,0,ITH,ITH1,4,Provincia Autonoma Bolzano / Bozen,P.A. Bolzano,533050,515205,96.65,0.1
2697,2021-07-07,PAB,1991,1033,958,590,1336,65,ITH,ITH1,4,Provincia Autonoma Bolzano / Bozen,P.A. Bolzano,533050,517196,97.03,0.37
2698,2021-02-05,PAB,3201,1186,2015,8,3193,0,ITH,ITH1,4,Provincia Autonoma Bolzano / Bozen,P.A. Bolzano,533050,520397,97.63,0.6
2699,2021-04-15,PAB,4410,2314,2096,4143,267,0,ITH,ITH1,4,Provincia Autonoma Bolzano / Bozen,P.A. Bolzano,533050,524807,98.45,0.83
2700,2021-07-24,PAB,4810,2839,1971,1360,3327,123,ITH,ITH1,4,Provincia Autonoma Bolzano / Bozen,P.A. Bolzano,533050,529617,99.36,0.9
2701,2021-05-02,PAB,2459,1289,1170,1430,922,107,ITH,ITH1,4,Provincia Autonoma Bolzano / Bozen,P.A. Bolzano,533050,532076,99.82,0.46
2702,2021-01-22,PAB,248,143,105,124,124,0,ITH,ITH1,4,Provincia Autonoma Bolzano / Bozen,P.A. Bolzano,533050,532324,99.86,0.05
2703,2021-05-10,PAB,3027,1305,1722,1337,1609,81,ITH,ITH1,4,Provincia Autonoma Bolzano / Bozen,P.A. Bolzano,533050,535351,100.43,0.57
2704,2021-08-01,PAB,1294,750,544,691,549,54,ITH,ITH1,4,Provincia Autonoma Bolzano / Bozen,P.A. Bolzano,533050,536645,100.67,0.24
2705,2021-02-16,PAB,530,205,325,530,0,0,ITH,ITH1,4,Provincia Autonoma Bolzano / Bozen,P.A. Bolzano,533050,537175,100.77,0.1
2706,2021-01-28,PAB,871,308,563,9,862,0,ITH,ITH1,4,Provincia Autonoma Bolzano / Bozen,P.A. Bolzano,533050,538046,100.94,0.16
2707,2021-04-25,PAB,3077,1500,1577,2405,672,0,ITH,ITH1,4,Provincia Autonoma Bolzano / Bozen,P.A. Bolzano,533050,541123,101.51,0.58
2708,2021-08-03,PAB,2702,1448,1254,1754,821,127,ITH,ITH1,4,Provincia Autonoma Bolzano / Bozen,P.A. Bolzano,533050,543825,102.02,0.51
2709,2021-01-13,PAB,1726,569,1157,1726,0,0,ITH,ITH1,4,Provincia Autonoma Bolzano / Bozen,P.A. Bolzano,533050,545551,102.35,0.32
2710,2021-01-30,PAB,498,245,253,4,494,0,ITH,ITH1,4,Provincia Autonoma Bolzano / Bozen,P.A. Bolzano,533050,546049,102.44,0.09
2711,2021-04-23,PAB,4554,2157,2397,3261,1293,0,ITH,ITH1,4,Provincia Autonoma Bolzano / Bozen,P.A. Bolzano,533050,550603,103.29,0.85
2712,2021-01-11,PAB,1590,521,1069,1590,0,0,ITH,ITH1,4,Provincia Autonoma Bolzano / Bozen,P.A. Bolzano,533050,552193,103.59,0.3
2713,2021-07-15,PAB,4388,2315,2073,1504,2699,185,ITH,ITH1,4,Provincia Autonoma Bolzano / Bozen,P.A. Bolzano,533050,556581,104.41,0.82
2714,2021-04-06,PAB,2255,1120,1135,2151,104,0,ITH,ITH1,4,Provincia Autonoma Bolzano / Bozen,P.A. Bolzano,533050,558836,104.84,0.42
2715,2021-07-17,PAB,3143,1798,1345,703,2349,91,ITH,ITH1,4,Provincia Autonoma Bolzano / Bozen,P.A. Bolzano,533050,561979,105.43,0.59
2716,2021-04-08,PAB,2793,1360,1433,2582,206,5,ITH,ITH1,4,Provincia Autonoma Bolzano / Bozen,P.A. Bolzano,533050,564772,105.95,0.52
2717,2020-12-27,PAB,144,65,79,144,0,0,ITH,ITH1,4,Provincia Autonoma Bolzano / Bozen,P.A. Bolzano,533050,564916,105.98,0.03
2718,2021-06-30,PAB,3062,1564,1498,399,2606,57,ITH,ITH1,4,Provincia Autonoma Bolzano / Bozen,P.A. Bolzano,533050,567978,106.55,0.57
2719,2021-06-11,PAB,5815,2991,2824,2112,3486,217,ITH,ITH1,4,Provincia Autonoma Bolzano / Bozen,P.A. Bolzano,533050,573793,107.64,1.09
2720,2021-03-20,PAB,1759,850,909,1134,625,0,ITH,ITH1,4,Provincia Autonoma Bolzano / Bozen,P.A. Bolzano,533050,575552,107.97,0.33
2721,2021-06-28,PAB,4610,2306,2304,217,4369,24,ITH,ITH1,4,Provincia Autonoma Bolzano / Bozen,P.A. Bolzano,533050,580162,108.84,0.86
2722,2021-03-05,PUG,17724,7194,10530,15188,2316,220,ITF,ITF4,16,Puglia,Puglia,4029053,17724,0.44,0.44
2723,2021-02-26,PUG,13787,5063,8724,12517,1075,195,ITF,ITF4,16,Puglia,Puglia,4029053,31511,0.78,0.34
2724,2020-12-31,PUG,1637,784,853,1637,0,0,ITF,ITF4,16,Puglia,Puglia,4029053,33148,0.82,0.04
2725,2021-08-11,PUG,22692,11660,11032,11693,10041,958,ITF,ITF4,16,Puglia,Puglia,4029053,55840,1.39,0.56
2726,2021-06-15,PUG,42698,20872,21826,22395,19709,594,ITF,ITF4,16,Puglia,Puglia,4029053,98538,2.45,1.06
2727,2021-06-08,PUG,39359,19165,20194,20949,17850,560,ITF,ITF4,16,Puglia,Puglia,4029053,137897,3.42,0.98
2728,2021-04-05,PUG,12767,6199,6568,12093,533,141,ITF,ITF4,16,Puglia,Puglia,4029053,150664,3.74,0.32
2729,2021-03-19,PUG,7980,3660,4320,3367,4577,36,ITF,ITF4,16,Puglia,Puglia,4029053,158644,3.94,0.2
2730,2021-06-27,PUG,18551,9213,9338,9960,8328,263,ITF,ITF4,16,Puglia,Puglia,4029053,177195,4.4,0.46
2731,2021-02-07,PUG,1582,669,913,253,1329,0,ITF,ITF4,16,Puglia,Puglia,4029053,178777,4.44,0.04
2732,2021-01-21,PUG,2132,905,1227,1268,862,2,ITF,ITF4,16,Puglia,Puglia,4029053,180909,4.49,0.05
2733,2021-05-01,PUG,27688,12687,15001,16715,10696,277,ITF,ITF4,16,Puglia,Puglia,4029053,208597,5.18,0.69
2734,2021-08-09,PUG,27590,14136,13454,11181,15546,863,ITF,ITF4,16,Puglia,Puglia,4029053,236187,5.86,0.68
2735,2021-01-02,PUG,2955,1304,1651,2955,0,0,ITF,ITF4,16,Puglia,Puglia,4029053,239142,5.94,0.07
2736,2021-04-12,PUG,29475,13865,15610,26138,3021,316,ITF,ITF4,16,Puglia,Puglia,4029053,268617,6.67,0.73
2737,2021-07-11,PUG,12171,5754,6417,2587,9484,100,ITF,ITF4,16,Puglia,Puglia,4029053,280788,6.97,0.3
2738,2021-01-31,PUG,1820,833,987,73,1747,0,ITF,ITF4,16,Puglia,Puglia,4029053,282608,7.01,0.05
2739,2021-02-21,PUG,2178,475,1703,2065,63,50,ITF,ITF4,16,Puglia,Puglia,4029053,284786,7.07,0.05
2740,2021-06-01,PUG,35010,17531,17479,21633,12986,391,ITF,ITF4,16,Puglia,Puglia,4029053,319796,7.94,0.87
2741,2021-05-15,PUG,43679,19018,24661,22819,20150,710,ITF,ITF4,16,Puglia,Puglia,4029053,363475,9.02,1.08
2742,2021-06-03,PUG,50650,24567,26083,30519,19408,723,ITF,ITF4,16,Puglia,Puglia,4029053,414125,10.28,1.26
2743,2021-03-10,PUG,14839,6635,8204,11551,3133,155,ITF,ITF4,16,Puglia,Puglia,4029053,428964,10.65,0.37
2744,2021-01-12,PUG,4220,1772,2448,4219,0,1,ITF,ITF4,16,Puglia,Puglia,4029053,433184,10.75,0.1
2745,2021-04-07,PUG,15725,7138,8587,8829,6697,199,ITF,ITF4,16,Puglia,Puglia,4029053,448909,11.14,0.39
2746,2021-07-16,PUG,46416,22519,23897,12916,32661,839,ITF,ITF4,16,Puglia,Puglia,4029053,495325,12.29,1.15
2747,2021-04-19,PUG,27749,12892,14857,24365,3045,339,ITF,ITF4,16,Puglia,Puglia,4029053,523074,12.98,0.69
2748,2021-07-28,PUG,44682,22569,22113,14360,29418,904,ITF,ITF4,16,Puglia,Puglia,4029053,567756,14.09,1.11
2749,2021-04-24,PUG,29453,13418,16035,25167,3953,333,ITF,ITF4,16,Puglia,Puglia,4029053,597209,14.82,0.73
2750,2021-02-09,PUG,3847,1571,2276,2152,1676,19,ITF,ITF4,16,Puglia,Puglia,4029053,601056,14.92,0.1
2751,2021-05-20,PUG,33699,15301,18398,20762,12419,518,ITF,ITF4,16,Puglia,Puglia,4029053,634755,15.75,0.84
2752,2021-03-24,PUG,13608,6534,7074,6041,7448,119,ITF,ITF4,16,Puglia,Puglia,4029053,648363,16.09,0.34
2753,2021-01-26,PUG,5376,2403,2973,563,4812,1,ITF,ITF4,16,Puglia,Puglia,4029053,653739,16.23,0.13
2754,2021-07-02,PUG,47310,22482,24828,17324,29062,924,ITF,ITF4,16,Puglia,Puglia,4029053,701049,17.4,1.17
2755,2021-05-06,PUG,39738,17382,22356,19308,19872,558,ITF,ITF4,16,Puglia,Puglia,4029053,740787,18.39,0.99
2756,2021-02-14,PUG,790,348,442,658,127,5,ITF,ITF4,16,Puglia,Puglia,4029053,741577,18.41,0.02
2757,2021-05-25,PUG,34798,16244,18554,20572,13640,586,ITF,ITF4,16,Puglia,Puglia,4029053,776375,19.27,0.86
2758,2021-05-08,PUG,54425,23036,31389,23976,29904,545,ITF,ITF4,16,Puglia,Puglia,4029053,830800,20.62,1.35
2759,2021-06-13,PUG,21854,10943,10911,16356,5213,285,ITF,ITF4,16,Puglia,Puglia,4029053,852654,21.16,0.54
2760,2021-02-28,PUG,6070,1808,4262,5804,191,75,ITF,ITF4,16,Puglia,Puglia,4029053,858724,21.31,0.15
2761,2021-05-12,PUG,36642,16345,20297,23524,12535,583,ITF,ITF4,16,Puglia,Puglia,4029053,895366,22.22,0.91
2762,2021-07-21,PUG,44627,22022,22605,11863,31893,871,ITF,ITF4,16,Puglia,Puglia,4029053,939993,23.33,1.11
2763,2021-07-04,PUG,19901,9683,10218,7930,11686,285,ITF,ITF4,16,Puglia,Puglia,4029053,959894,23.82,0.49
2764,2021-07-23,PUG,43075,21777,21298,13623,28462,990,ITF,ITF4,16,Puglia,Puglia,4029053,1002969,24.89,1.07
2765,2021-01-19,PUG,1222,453,769,1211,10,1,ITF,ITF4,16,Puglia,Puglia,4029053,1004191,24.92,0.03
2766,2021-05-29,PUG,30668,14455,16213,20590,9531,547,ITF,ITF4,16,Puglia,Puglia,4029053,1034859,25.68,0.76
2767,2021-04-02,PUG,12856,6005,6851,8179,4526,151,ITF,ITF4,16,Puglia,Puglia,4029053,1047715,26.0,0.32
2768,2021-03-31,PUG,14578,6834,7744,8839,5589,150,ITF,ITF4,16,Puglia,Puglia,4029053,1062293,26.37,0.36
2769,2021-02-02,PUG,4358,1854,2504,574,3783,1,ITF,ITF4,16,Puglia,Puglia,4029053,1066651,26.47,0.11
2770,2021-07-09,PUG,37085,17857,19228,6435,29973,677,ITF,ITF4,16,Puglia,Puglia,4029053,1103736,27.39,0.92
2771,2021-05-13,PUG,38843,17315,21528,20995,17284,564,ITF,ITF4,16,Puglia,Puglia,4029053,1142579,28.36,0.96
2772,2021-03-17,PUG,10356,4706,5650,4107,6187,62,ITF,ITF4,16,Puglia,Puglia,4029053,1152935,28.62,0.26
2773,2021-07-30,PUG,36165,18576,17589,13072,22216,877,ITF,ITF4,16,Puglia,Puglia,4029053,1189100,29.51,0.9
2774,2021-05-27,PUG,40963,19360,21603,22888,17399,676,ITF,ITF4,16,Puglia,Puglia,4029053,1230063,30.53,1.02
2775,2021-03-02,PUG,16409,6098,10311,14861,1306,242,ITF,ITF4,16,Puglia,Puglia,4029053,1246472,30.94,0.41
2776,2021-03-29,PUG,13563,6616,6947,6606,6760,197,ITF,ITF4,16,Puglia,Puglia,4029053,1260035,31.27,0.34
2777,2021-03-12,PUG,14310,6454,7856,10230,3943,137,ITF,ITF4,16,Puglia,Puglia,4029053,1274345,31.63,0.36
2778,2021-06-20,PUG,21597,10855,10742,14058,7213,326,ITF,ITF4,16,Puglia,Puglia,4029053,1295942,32.16,0.54
2779,2021-02-04,PUG,5934,2366,3568,1133,4798,3,ITF,ITF4,16,Puglia,Puglia,4029053,1301876,32.31,0.15
2780,2021-01-14,PUG,4079,1593,2486,4078,0,1,ITF,ITF4,16,Puglia,Puglia,4029053,1305955,32.41,0.1
2781,2021-01-07,PUG,5727,2466,3261,5727,0,0,ITF,ITF4,16,Puglia,Puglia,4029053,1311682,32.56,0.14
2782,2021-04-17,PUG,40076,18994,21082,36068,3585,423,ITF,ITF4,16,Puglia,Puglia,4029053,1351758,33.55,0.99
2783,2021-02-19,PUG,4749,2019,2730,4302,392,55,ITF,ITF4,16,Puglia,Puglia,4029053,1356507,33.67,0.12
2784,2021-06-22,PUG,42499,20609,21890,19059,22869,571,ITF,ITF4,16,Puglia,Puglia,4029053,1399006,34.72,1.05
2785,2021-04-26,PUG,26330,12068,14262,22702,3238,390,ITF,ITF4,16,Puglia,Puglia,4029053,1425336,35.38,0.65
2786,2021-08-04,PUG,34651,17643,17008,12254,21329,1068,ITF,ITF4,16,Puglia,Puglia,4029053,1459987,36.24,0.86
2787,2021-06-12,PUG,34624,17257,17367,25062,8969,593,ITF,ITF4,16,Puglia,Puglia,4029053,1494611,37.1,0.86
2788,2021-01-23,PUG,3042,1294,1748,882,2159,1,ITF,ITF4,16,Puglia,Puglia,4029053,1497653,37.17,0.08
2789,2021-05-03,PUG,33400,14931,18469,22156,10680,564,ITF,ITF4,16,Puglia,Puglia,4029053,1531053,38.0,0.83
2790,2021-03-07,PUG,4992,2006,2986,4372,577,43,ITF,ITF4,16,Puglia,Puglia,4029053,1536045,38.12,0.12
2791,2021-05-05,PUG,39320,17261,22059,24493,14239,588,ITF,ITF4,16,Puglia,Puglia,4029053,1575365,39.1,0.98
2792,2021-08-13,PUG,9159,4833,4326,4671,4103,385,ITF,ITF4,16,Puglia,Puglia,4029053,1584524,39.33,0.23
2793,2021-06-17,PUG,42909,20970,21939,21410,20935,564,ITF,ITF4,16,Puglia,Puglia,4029053,1627433,40.39,1.06
2794,2021-07-08,PUG,41512,19243,22269,5460,35591,461,ITF,ITF4,16,Puglia,Puglia,4029053,1668945,41.42,1.03
2795,2021-01-04,PUG,4511,2015,2496,4509,0,2,ITF,ITF4,16,Puglia,Puglia,4029053,1673456,41.53,0.11
2796,2021-03-26,PUG,12026,5855,6171,7218,4676,132,ITF,ITF4,16,Puglia,Puglia,4029053,1685482,41.83,0.3
2797,2021-03-09,PUG,13689,6119,7570,11493,2017,179,ITF,ITF4,16,Puglia,Puglia,4029053,1699171,42.17,0.34
2798,2021-04-16,PUG,36118,16978,19140,32404,3284,430,ITF,ITF4,16,Puglia,Puglia,4029053,1735289,43.07,0.9
2799,2021-02-18,PUG,4384,1848,2536,3714,610,60,ITF,ITF4,16,Puglia,Puglia,4029053,1739673,43.18,0.11
2800,2021-07-25,PUG,14285,7389,6896,4276,9802,207,ITF,ITF4,16,Puglia,Puglia,4029053,1753958,43.53,0.35
2801,2021-04-09,PUG,22098,9523,12575,17073,4640,385,ITF,ITF4,16,Puglia,Puglia,4029053,1776056,44.08,0.55
2802,2021-02-11,PUG,3697,1401,2296,2391,1279,27,ITF,ITF4,16,Puglia,Puglia,4029053,1779753,44.17,0.09
2803,2021-07-18,PUG,18813,9634,9179,6219,12251,343,ITF,ITF4,16,Puglia,Puglia,4029053,1798566,44.64,0.47
2804,2021-05-22,PUG,34752,15914,18838,23644,10564,544,ITF,ITF4,16,Puglia,Puglia,4029053,1833318,45.5,0.86
2805,2021-07-20,PUG,46939,23026,23913,8237,38178,524,ITF,ITF4,16,Puglia,Puglia,4029053,1880257,46.67,1.17
2806,2021-03-16,PUG,9884,4692,5192,3450,6377,57,ITF,ITF4,16,Puglia,Puglia,4029053,1890141,46.91,0.25
2807,2021-06-24,PUG,52914,25599,27315,23583,28545,786,ITF,ITF4,16,Puglia,Puglia,4029053,1943055,48.23,1.31
2808,2021-04-28,PUG,19862,8909,10953,14811,4787,264,ITF,ITF4,16,Puglia,Puglia,4029053,1962917,48.72,0.49
2809,2021-08-06,PUG,29470,15296,14174,8674,20047,749,ITF,ITF4,16,Puglia,Puglia,4029053,1992387,49.45,0.73
2810,2021-01-09,PUG,4894,2252,2642,4890,0,4,ITF,ITF4,16,Puglia,Puglia,4029053,1997281,49.57,0.12
2811,2021-07-01,PUG,48392,22654,25738,11454,36306,632,ITF,ITF4,16,Puglia,Puglia,4029053,2045673,50.77,1.2
2812,2021-03-30,PUG,12439,5963,6476,6192,6094,153,ITF,ITF4,16,Puglia,Puglia,4029053,2058112,51.08,0.31
2813,2021-02-01,PUG,3975,1665,2310,354,3620,1,ITF,ITF4,16,Puglia,Puglia,4029053,2062087,51.18,0.1
2814,2021-07-17,PUG,30739,15428,15311,9511,20593,635,ITF,ITF4,16,Puglia,Puglia,4029053,2092826,51.94,0.76
2815,2021-04-14,PUG,32034,15118,16916,28429,3299,306,ITF,ITF4,16,Puglia,Puglia,4029053,2124860,52.74,0.8
2816,2021-03-28,PUG,3548,1659,1889,1178,2335,35,ITF,ITF4,16,Puglia,Puglia,4029053,2128408,52.83,0.09
2817,2021-07-06,PUG,42393,19523,22870,6137,35837,419,ITF,ITF4,16,Puglia,Puglia,4029053,2170801,53.88,1.05
2818,2021-06-19,PUG,34795,17457,17338,22217,11924,654,ITF,ITF4,16,Puglia,Puglia,4029053,2205596,54.74,0.86
2819,2021-06-21,PUG,41885,20424,21461,21443,19807,635,ITF,ITF4,16,Puglia,Puglia,4029053,2247481,55.78,1.04
2820,2021-03-11,PUG,14847,6596,8251,11453,3190,204,ITF,ITF4,16,Puglia,Puglia,4029053,2262328,56.15,0.37
2821,2021-01-28,PUG,5483,2284,3199,444,5039,0,ITF,ITF4,16,Puglia,Puglia,4029053,2267811,56.29,0.14
2822,2021-04-23,PUG,29606,13761,15845,23907,5283,416,ITF,ITF4,16,Puglia,Puglia,4029053,2297417,57.02,0.73
2823,2021-08-01,PUG,12395,6494,5901,4319,7954,122,ITF,ITF4,16,Puglia,Puglia,4029053,2309812,57.33,0.31
2824,2021-02-25,PUG,11987,5067,6920,10669,1182,136,ITF,ITF4,16,Puglia,Puglia,4029053,2321799,57.63,0.3
2825,2021-06-05,PUG,42629,20882,21747,29175,12733,721,ITF,ITF4,16,Puglia,Puglia,4029053,2364428,58.68,1.06
2826,2021-08-05,PUG,33909,17054,16855,9454,23579,876,ITF,ITF4,16,Puglia,Puglia,4029053,2398337,59.53,0.84
2827,2021-01-06,PUG,3957,1678,2279,3956,0,1,ITF,ITF4,16,Puglia,Puglia,4029053,2402294,59.62,0.1
2828,2021-07-27,PUG,48336,24038,24298,13233,34286,817,ITF,ITF4,16,Puglia,Puglia,4029053,2450630,60.82,1.2
2829,2021-05-31,PUG,37937,18291,19646,23143,14240,554,ITF,ITF4,16,Puglia,Puglia,4029053,2488567,61.77,0.94
2830,2021-04-25,PUG,11324,5242,6082,10049,1143,132,ITF,ITF4,16,Puglia,Puglia,4029053,2499891,62.05,0.28
2831,2021-02-27,PUG,14245,4824,9421,12829,1234,182,ITF,ITF4,16,Puglia,Puglia,4029053,2514136,62.4,0.35
2832,2021-08-03,PUG,36151,18329,17822,9160,26225,766,ITF,ITF4,16,Puglia,Puglia,4029053,2550287,63.3,0.9
2833,2021-01-01,PUG,150,61,89,150,0,0,ITF,ITF4,16,Puglia,Puglia,4029053,2550437,63.3,0.0
2834,2021-06-07,PUG,44432,21695,22737,30374,13294,764,ITF,ITF4,16,Puglia,Puglia,4029053,2594869,64.4,1.1
2835,2021-04-11,PUG,16484,7265,9219,14655,1648,181,ITF,ITF4,16,Puglia,Puglia,4029053,2611353,64.81,0.41
2836,2021-03-06,PUG,16177,6138,10039,13885,2123,169,ITF,ITF4,16,Puglia,Puglia,4029053,2627530,65.21,0.4
2837,2021-01-08,PUG,5684,2390,3294,5682,0,2,ITF,ITF4,16,Puglia,Puglia,4029053,2633214,65.36,0.14
2838,2021-06-14,PUG,42080,20591,21489,28850,12443,787,ITF,ITF4,16,Puglia,Puglia,4029053,2675294,66.4,1.04
2839,2021-04-18,PUG,22670,10848,11822,21418,1056,196,ITF,ITF4,16,Puglia,Puglia,4029053,2697964,66.96,0.56
2840,2021-06-10,PUG,47219,23216,24003,29393,17108,718,ITF,ITF4,16,Puglia,Puglia,4029053,2745183,68.13,1.17
2841,2021-04-04,PUG,5989,2974,3015,5902,6,81,ITF,ITF4,16,Puglia,Puglia,4029053,2751172,68.28,0.15
2842,2021-07-13,PUG,48753,22988,25765,7809,40351,593,ITF,ITF4,16,Puglia,Puglia,4029053,2799925,69.49,1.21
2843,2021-03-21,PUG,2697,1228,1469,578,2107,12,ITF,ITF4,16,Puglia,Puglia,4029053,2802622,69.56,0.07
2844,2021-06-29,PUG,46657,22362,24295,15364,30603,690,ITF,ITF4,16,Puglia,Puglia,4029053,2849279,70.72,1.16
2845,2021-01-11,PUG,3756,1590,2166,3755,0,1,ITF,ITF4,16,Puglia,Puglia,4029053,2853035,70.81,0.09
2846,2021-04-21,PUG,23157,10695,12462,19112,3743,302,ITF,ITF4,16,Puglia,Puglia,4029053,2876192,71.39,0.57
2847,2021-06-02,PUG,27074,13237,13837,21876,4839,359,ITF,ITF4,16,Puglia,Puglia,4029053,2903266,72.06,0.67
2848,2021-03-13,PUG,10479,4139,6340,8566,1816,97,ITF,ITF4,16,Puglia,Puglia,4029053,2913745,72.32,0.26
2849,2021-02-24,PUG,10061,4714,5347,9368,597,96,ITF,ITF4,16,Puglia,Puglia,4029053,2923806,72.57,0.25
2850,2021-06-04,PUG,52818,25557,27261,34176,17815,827,ITF,ITF4,16,Puglia,Puglia,4029053,2976624,73.88,1.31
2851,2021-05-18,PUG,28957,13471,15486,15800,12881,276,ITF,ITF4,16,Puglia,Puglia,4029053,3005581,74.6,0.72
2852,2021-04-29,PUG,26300,12160,14140,19175,6701,424,ITF,ITF4,16,Puglia,Puglia,4029053,3031881,75.25,0.65
2853,2021-08-07,PUG,10022,5293,4729,3539,6187,296,ITF,ITF4,16,Puglia,Puglia,4029053,3041903,75.5,0.25
2854,2021-02-22,PUG,9651,4539,5112,9226,336,89,ITF,ITF4,16,Puglia,Puglia,4029053,3051554,75.74,0.24
2855,2021-05-14,PUG,45063,20599,24464,28000,16209,854,ITF,ITF4,16,Puglia,Puglia,4029053,3096617,76.86,1.12
2856,2021-01-25,PUG,3834,1683,2151,422,3411,1,ITF,ITF4,16,Puglia,Puglia,4029053,3100451,76.95,0.1
2857,2021-03-14,PUG,3377,1462,1915,2474,866,37,ITF,ITF4,16,Puglia,Puglia,4029053,3103828,77.04,0.08
2858,2021-01-16,PUG,2508,1036,1472,2507,0,1,ITF,ITF4,16,Puglia,Puglia,4029053,3106336,77.1,0.06
2859,2021-07-10,PUG,22384,11024,11360,4466,17620,298,ITF,ITF4,16,Puglia,Puglia,4029053,3128720,77.65,0.56
2860,2021-04-08,PUG,17512,7600,9912,11107,6191,214,ITF,ITF4,16,Puglia,Puglia,4029053,3146232,78.09,0.43
2861,2021-06-06,PUG,30736,15478,15258,25353,5061,322,ITF,ITF4,16,Puglia,Puglia,4029053,3176968,78.85,0.76
2862,2021-04-10,PUG,30949,13129,17820,26109,4460,380,ITF,ITF4,16,Puglia,Puglia,4029053,3207917,79.62,0.77
2863,2021-07-19,PUG,49443,24297,25146,10966,37702,775,ITF,ITF4,16,Puglia,Puglia,4029053,3257360,80.85,1.23
2864,2021-04-01,PUG,13972,6565,7407,7379,6378,215,ITF,ITF4,16,Puglia,Puglia,4029053,3271332,81.19,0.35
2865,2021-02-03,PUG,5051,2007,3044,705,4345,1,ITF,ITF4,16,Puglia,Puglia,4029053,3276383,81.32,0.13
2866,2021-07-12,PUG,45711,21581,24130,12756,32192,763,ITF,ITF4,16,Puglia,Puglia,4029053,3322094,82.45,1.13
2867,2021-03-18,PUG,9608,4364,5244,3336,6206,66,ITF,ITF4,16,Puglia,Puglia,4029053,3331702,82.69,0.24
2868,2021-06-26,PUG,32420,16322,16098,15885,15967,568,ITF,ITF4,16,Puglia,Puglia,4029053,3364122,83.5,0.8
2869,2021-03-04,PUG,15377,6109,9268,13714,1436,227,ITF,ITF4,16,Puglia,Puglia,4029053,3379499,83.88,0.38
2870,2021-06-09,PUG,41945,20770,21175,29937,11303,705,ITF,ITF4,16,Puglia,Puglia,4029053,3421444,84.92,1.04
2871,2021-02-15,PUG,3263,1271,1992,2597,622,44,ITF,ITF4,16,Puglia,Puglia,4029053,3424707,85.0,0.08
2872,2021-05-26,PUG,38676,18583,20093,26220,11803,653,ITF,ITF4,16,Puglia,Puglia,4029053,3463383,85.96,0.96
2873,2021-05-24,PUG,36190,17075,19115,24500,11078,612,ITF,ITF4,16,Puglia,Puglia,4029053,3499573,86.86,0.9
2874,2021-02-16,PUG,3389,1455,1934,2711,648,30,ITF,ITF4,16,Puglia,Puglia,4029053,3502962,86.94,0.08
2875,2021-01-30,PUG,5538,2516,3022,382,5155,1,ITF,ITF4,16,Puglia,Puglia,4029053,3508500,87.08,0.14
2876,2021-05-10,PUG,37896,16750,21146,19328,18080,488,ITF,ITF4,16,Puglia,Puglia,4029053,3546396,88.02,0.94
2877,2021-02-13,PUG,3733,1461,2272,3021,696,16,ITF,ITF4,16,Puglia,Puglia,4029053,3550129,88.11,0.09
2878,2021-02-05,PUG,5644,2275,3369,1311,4328,5,ITF,ITF4,16,Puglia,Puglia,4029053,3555773,88.25,0.14
2879,2021-05-16,PUG,24625,11110,13515,12462,11938,225,ITF,ITF4,16,Puglia,Puglia,4029053,3580398,88.86,0.61
2880,2021-02-20,PUG,2975,1080,1895,2687,257,31,ITF,ITF4,16,Puglia,Puglia,4029053,3583373,88.94,0.07
2881,2021-01-15,PUG,4556,1866,2690,4551,0,5,ITF,ITF4,16,Puglia,Puglia,4029053,3587929,89.05,0.11
2882,2021-01-22,PUG,1414,580,834,992,421,1,ITF,ITF4,16,Puglia,Puglia,4029053,3589343,89.09,0.04
2883,2021-05-21,PUG,39221,18627,20594,28263,10164,794,ITF,ITF4,16,Puglia,Puglia,4029053,3628564,90.06,0.97
2884,2021-05-19,PUG,26460,12794,13666,19549,6479,432,ITF,ITF4,16,Puglia,Puglia,4029053,3655024,90.72,0.66
2885,2021-03-23,PUG,11145,5659,5486,4532,6519,94,ITF,ITF4,16,Puglia,Puglia,4029053,3666169,90.99,0.28
2886,2021-03-25,PUG,11761,6028,5733,5256,6405,100,ITF,ITF4,16,Puglia,Puglia,4029053,3677930,91.29,0.29
2887,2021-08-12,PUG,18609,9852,8757,10881,6837,891,ITF,ITF4,16,Puglia,Puglia,4029053,3696539,91.75,0.46
2888,2021-06-16,PUG,42110,20727,21383,26890,14493,727,ITF,ITF4,16,Puglia,Puglia,4029053,3738649,92.79,1.05
2889,2020-12-30,PUG,1,0,1,1,0,0,ITF,ITF4,16,Puglia,Puglia,4029053,3738650,92.79,0.0
2890,2021-03-22,PUG,9980,5137,4843,4244,5666,70,ITF,ITF4,16,Puglia,Puglia,4029053,3748630,93.04,0.25
2891,2021-01-24,PUG,1673,754,919,151,1522,0,ITF,ITF4,16,Puglia,Puglia,4029053,3750303,93.08,0.04
2892,2021-06-30,PUG,47794,23189,24605,18809,28128,857,ITF,ITF4,16,Puglia,Puglia,4029053,3798097,94.27,1.19
2893,2021-03-15,PUG,12352,6155,6197,5735,6513,104,ITF,ITF4,16,Puglia,Puglia,4029053,3810449,94.57,0.31
2894,2021-01-17,PUG,1311,592,719,1241,70,0,ITF,ITF4,16,Puglia,Puglia,4029053,3811760,94.61,0.03
2895,2021-06-23,PUG,29423,14377,15046,16948,11863,612,ITF,ITF4,16,Puglia,Puglia,4029053,3841183,95.34,0.73
2896,2021-04-27,PUG,26717,12089,14628,20778,5618,321,ITF,ITF4,16,Puglia,Puglia,4029053,3867900,96.0,0.66
2897,2021-06-25,PUG,50865,25056,25809,23846,26120,899,ITF,ITF4,16,Puglia,Puglia,4029053,3918765,97.26,1.26
2898,2021-06-28,PUG,48651,23598,25053,21667,26185,799,ITF,ITF4,16,Puglia,Puglia,4029053,3967416,98.47,1.21
2899,2021-05-11,PUG,32699,14449,18250,13691,18523,485,ITF,ITF4,16,Puglia,Puglia,4029053,4000115,99.28,0.81
2900,2021-05-04,PUG,35200,14888,20312,18238,16548,414,ITF,ITF4,16,Puglia,Puglia,4029053,4035315,100.16,0.87
2901,2021-03-08,PUG,15006,6441,8565,12439,2412,155,ITF,ITF4,16,Puglia,Puglia,4029053,4050321,100.53,0.37
2902,2021-01-27,PUG,4604,1943,2661,618,3986,0,ITF,ITF4,16,Puglia,Puglia,4029053,4054925,100.64,0.11
2903,2021-05-07,PUG,50215,22408,27807,25985,23652,578,ITF,ITF4,16,Puglia,Puglia,4029053,4105140,101.89,1.25
2904,2021-07-29,PUG,42832,21626,21206,12265,29763,804,ITF,ITF4,16,Puglia,Puglia,4029053,4147972,102.95,1.06
2905,2021-01-13,PUG,4550,1732,2818,4549,0,1,ITF,ITF4,16,Puglia,Puglia,4029053,4152522,103.06,0.11
2906,2021-04-06,PUG,13861,6262,7599,6925,6766,170,ITF,ITF4,16,Puglia,Puglia,4029053,4166383,103.41,0.34
2907,2021-07-15,PUG,44754,21650,23104,8844,35214,696,ITF,ITF4,16,Puglia,Puglia,4029053,4211137,104.52,1.11
2908,2021-07-14,PUG,46130,22120,24010,13380,31904,846,ITF,ITF4,16,Puglia,Puglia,4029053,4257267,105.66,1.14
2909,2021-05-09,PUG,30827,12655,18172,14794,15666,367,ITF,ITF4,16,Puglia,Puglia,4029053,4288094,106.43,0.77
2910,2021-04-22,PUG,23060,10554,12506,17739,4937,384,ITF,ITF4,16,Puglia,Puglia,4029053,4311154,107.0,0.57
2911,2021-07-31,PUG,19905,10575,9330,7859,11568,478,ITF,ITF4,16,Puglia,Puglia,4029053,4331059,107.5,0.49
2912,2021-02-12,PUG,4216,1673,2543,3098,1094,24,ITF,ITF4,16,Puglia,Puglia,4029053,4335275,107.6,0.1
2913,2021-01-29,PUG,6211,2667,3544,226,5985,0,ITF,ITF4,16,Puglia,Puglia,4029053,4341486,107.75,0.15
2914,2021-07-03,PUG,33238,16661,16577,13477,19262,499,ITF,ITF4,16,Puglia,Puglia,4029053,4374724,108.58,0.82
2915,2021-02-08,PUG,4007,1620,2387,1582,2410,15,ITF,ITF4,16,Puglia,Puglia,4029053,4378731,108.68,0.1
2916,2021-02-10,PUG,3655,1441,2214,2122,1513,20,ITF,ITF4,16,Puglia,Puglia,4029053,4382386,108.77,0.09
2917,2021-05-23,PUG,17953,8395,9558,13863,3829,261,ITF,ITF4,16,Puglia,Puglia,4029053,4400339,109.22,0.45
2918,2021-02-17,PUG,4295,1752,2543,3616,640,39,ITF,ITF4,16,Puglia,Puglia,4029053,4404634,109.32,0.11
2919,2021-05-28,PUG,44100,20880,23220,27431,15868,801,ITF,ITF4,16,Puglia,Puglia,4029053,4448734,110.42,1.09
2920,2021-07-26,PUG,47517,23717,23800,16906,29660,951,ITF,ITF4,16,Puglia,Puglia,4029053,4496251,111.6,1.18
2921,2021-05-30,PUG,21041,10069,10972,15715,5070,256,ITF,ITF4,16,Puglia,Puglia,4029053,4517292,112.12,0.52
2922,2021-08-02,PUG,39114,19830,19284,14013,23876,1225,ITF,ITF4,16,Puglia,Puglia,4029053,4556406,113.09,0.97
2923,2021-03-01,PUG,15126,5878,9248,13589,1385,152,ITF,ITF4,16,Puglia,Puglia,4029053,4571532,113.46,0.38
2924,2021-01-10,PUG,2350,1062,1288,2350,0,0,ITF,ITF4,16,Puglia,Puglia,4029053,4573882,113.52,0.06
2925,2021-04-20,PUG,21214,9854,11360,17466,3482,266,ITF,ITF4,16,Puglia,Puglia,4029053,4595096,114.05,0.53
2926,2020-12-27,PUG,510,252,258,510,0,0,ITF,ITF4,16,Puglia,Puglia,4029053,4595606,114.06,0.01
2927,2021-03-20,PUG,8432,3888,4544,3770,4618,44,ITF,ITF4,16,Puglia,Puglia,4029053,4604038,114.27,0.21
2928,2021-03-03,PUG,16812,6820,9992,14727,1936,149,ITF,ITF4,16,Puglia,Puglia,4029053,4620850,114.69,0.42
2929,2021-06-11,PUG,47978,23472,24506,32992,14076,910,ITF,ITF4,16,Puglia,Puglia,4029053,4668828,115.88,1.19
2930,2021-04-03,PUG,10580,4659,5921,6819,3568,193,ITF,ITF4,16,Puglia,Puglia,4029053,4679408,116.14,0.26
2931,2021-05-17,PUG,32932,15264,17668,20450,11983,499,ITF,ITF4,16,Puglia,Puglia,4029053,4712340,116.96,0.82
2932,2021-08-08,PUG,5111,2598,2513,1682,3380,49,ITF,ITF4,16,Puglia,Puglia,4029053,4717451,117.09,0.13
2933,2021-02-23,PUG,9391,4430,4961,8804,496,91,ITF,ITF4,16,Puglia,Puglia,4029053,4726842,117.32,0.23
2934,2021-01-18,PUG,1847,772,1075,1495,351,1,ITF,ITF4,16,Puglia,Puglia,4029053,4728689,117.36,0.05
2935,2021-02-06,PUG,4556,1936,2620,1578,2963,15,ITF,ITF4,16,Puglia,Puglia,4029053,4733245,117.48,0.11
2936,2021-01-20,PUG,1547,541,1006,1537,8,2,ITF,ITF4,16,Puglia,Puglia,4029053,4734792,117.52,0.04
2937,2021-04-30,PUG,35031,15697,19334,22467,11999,565,ITF,ITF4,16,Puglia,Puglia,4029053,4769823,118.39,0.87
2938,2021-04-13,PUG,28770,13645,15125,24924,3534,312,ITF,ITF4,16,Puglia,Puglia,4029053,4798593,119.1,0.71
2939,2021-07-22,PUG,47422,23513,23909,8478,38246,698,ITF,ITF4,16,Puglia,Puglia,4029053,4846015,120.28,1.18
2940,2021-07-05,PUG,38880,18248,20632,7259,31067,554,ITF,ITF4,16,Puglia,Puglia,4029053,4884895,121.24,0.96
2941,2021-05-02,PUG,21353,9676,11677,13898,7277,178,ITF,ITF4,16,Puglia,Puglia,4029053,4906248,121.77,0.53
2942,2021-08-10,PUG,26528,13762,12766,13906,11477,1145,ITF,ITF4,16,Puglia,Puglia,4029053,4932776,122.43,0.66
2943,2021-07-24,PUG,26662,13828,12834,7993,18189,480,ITF,ITF4,16,Puglia,Puglia,4029053,4959438,123.09,0.66
2944,2021-06-18,PUG,47839,23556,24283,28874,18039,926,ITF,ITF4,16,Puglia,Puglia,4029053,5007277,124.28,1.19
2945,2021-01-03,PUG,2009,945,1064,2008,0,1,ITF,ITF4,16,Puglia,Puglia,4029053,5009286,124.33,0.05
2946,2021-03-27,PUG,12171,5721,6450,6881,5179,111,ITF,ITF4,16,Puglia,Puglia,4029053,5021457,124.63,0.3
2947,2021-01-05,PUG,5113,2252,2861,5110,0,3,ITF,ITF4,16,Puglia,Puglia,4029053,5026570,124.76,0.13
2948,2021-04-15,PUG,32758,15282,17476,28585,3771,402,ITF,ITF4,16,Puglia,Puglia,4029053,5059328,125.57,0.81
2949,2021-07-07,PUG,38699,18527,20172,6111,32077,511,ITF,ITF4,16,Puglia,Puglia,4029053,5098027,126.53,0.96
2950,2021-08-01,LIG,1489,856,633,152,1337,0,ITC,ITC3,7,Liguria,Liguria,1550640,1489,0.1,0.1
2951,2021-02-16,LIG,2428,957,1471,1995,425,8,ITC,ITC3,7,Liguria,Liguria,1550640,3917,0.25,0.16
2952,2021-07-23,LIG,19974,10291,9683,5148,14745,81,ITC,ITC3,7,Liguria,Liguria,1550640,23891,1.54,1.29
2953,2021-05-27,LIG,16992,8715,8277,12653,4166,173,ITC,ITC3,7,Liguria,Liguria,1550640,40883,2.64,1.1
2954,2021-04-14,LIG,13078,5673,7405,10750,2204,124,ITC,ITC3,7,Liguria,Liguria,1550640,53961,3.48,0.84
2955,2021-05-29,LIG,6868,3252,3616,3976,2873,19,ITC,ITC3,7,Liguria,Liguria,1550640,60829,3.92,0.44
2956,2021-02-28,LIG,1060,580,480,1043,10,7,ITC,ITC3,7,Liguria,Liguria,1550640,61889,3.99,0.07
2957,2021-03-26,LIG,9349,4037,5312,6077,3157,115,ITC,ITC3,7,Liguria,Liguria,1550640,71238,4.59,0.6
2958,2021-07-04,LIG,4857,2582,2275,3843,995,19,ITC,ITC3,7,Liguria,Liguria,1550640,76095,4.91,0.31
2959,2021-01-02,LIG,693,247,446,693,0,0,ITC,ITC3,7,Liguria,Liguria,1550640,76788,4.95,0.04
2960,2021-03-14,LIG,1660,753,907,1033,605,22,ITC,ITC3,7,Liguria,Liguria,1550640,78448,5.06,0.11
2961,2021-06-22,LIG,15803,7457,8346,7633,8127,43,ITC,ITC3,7,Liguria,Liguria,1550640,94251,6.08,1.02
2962,2021-07-06,LIG,12360,6067,6293,5681,6635,44,ITC,ITC3,7,Liguria,Liguria,1550640,106611,6.88,0.8
2963,2021-05-10,LIG,12660,5649,7011,6213,6380,67,ITC,ITC3,7,Liguria,Liguria,1550640,119271,7.69,0.82
2964,2021-04-26,LIG,10578,4988,5590,7853,2640,85,ITC,ITC3,7,Liguria,Liguria,1550640,129849,8.37,0.68
2965,2021-01-16,LIG,1279,558,721,1274,0,5,ITC,ITC3,7,Liguria,Liguria,1550640,131128,8.46,0.08
2966,2021-02-02,LIG,2674,1007,1667,127,2545,2,ITC,ITC3,7,Liguria,Liguria,1550640,133802,8.63,0.17
2967,2021-04-28,LIG,14462,6524,7938,6379,7992,91,ITC,ITC3,7,Liguria,Liguria,1550640,148264,9.56,0.93
2968,2021-08-06,LIG,12141,6165,5976,3968,8087,86,ITC,ITC3,7,Liguria,Liguria,1550640,160405,10.34,0.78
2969,2021-02-04,LIG,2818,988,1830,177,2641,0,ITC,ITC3,7,Liguria,Liguria,1550640,163223,10.53,0.18
2970,2021-05-15,LIG,7324,3275,4049,4287,2962,75,ITC,ITC3,7,Liguria,Liguria,1550640,170547,11.0,0.47
2971,2021-02-21,LIG,869,491,378,859,4,6,ITC,ITC3,7,Liguria,Liguria,1550640,171416,11.05,0.06
2972,2021-02-11,LIG,1990,772,1218,1093,888,9,ITC,ITC3,7,Liguria,Liguria,1550640,173406,11.18,0.13
2973,2021-05-22,LIG,6652,3220,3432,4874,1685,93,ITC,ITC3,7,Liguria,Liguria,1550640,180058,11.61,0.43
2974,2021-06-10,LIG,18841,9713,9128,13161,5656,24,ITC,ITC3,7,Liguria,Liguria,1550640,198899,12.83,1.22
2975,2021-03-19,LIG,5300,2235,3065,2094,3150,56,ITC,ITC3,7,Liguria,Liguria,1550640,204199,13.17,0.34
2976,2021-03-02,LIG,4077,1691,2386,3756,310,11,ITC,ITC3,7,Liguria,Liguria,1550640,208276,13.43,0.26
2977,2021-07-11,LIG,2149,1192,957,1236,903,10,ITC,ITC3,7,Liguria,Liguria,1550640,210425,13.57,0.14
2978,2021-06-24,LIG,11154,5441,5713,6279,4853,22,ITC,ITC3,7,Liguria,Liguria,1550640,221579,14.29,0.72
2979,2021-07-18,LIG,2383,1222,1161,390,1982,11,ITC,ITC3,7,Liguria,Liguria,1550640,223962,14.44,0.15
2980,2021-06-05,LIG,8093,4118,3975,4932,3152,9,ITC,ITC3,7,Liguria,Liguria,1550640,232055,14.97,0.52
2981,2021-04-09,LIG,12471,5564,6907,10554,1777,140,ITC,ITC3,7,Liguria,Liguria,1550640,244526,15.77,0.8
2982,2021-03-31,LIG,11944,5284,6660,9057,2778,109,ITC,ITC3,7,Liguria,Liguria,1550640,256470,16.54,0.77
2983,2021-01-28,LIG,2850,972,1878,39,2811,0,ITC,ITC3,7,Liguria,Liguria,1550640,259320,16.72,0.18
2984,2021-01-09,LIG,1337,483,854,1336,0,1,ITC,ITC3,7,Liguria,Liguria,1550640,260657,16.81,0.09
2985,2021-04-19,LIG,12840,5621,7219,8917,3833,90,ITC,ITC3,7,Liguria,Liguria,1550640,273497,17.64,0.83
2986,2021-07-13,LIG,13081,6433,6648,3491,9564,26,ITC,ITC3,7,Liguria,Liguria,1550640,286578,18.48,0.84
2987,2021-07-25,LIG,6391,3261,3130,648,5734,9,ITC,ITC3,7,Liguria,Liguria,1550640,292969,18.89,0.41
2988,2021-02-09,LIG,1955,695,1260,264,1689,2,ITC,ITC3,7,Liguria,Liguria,1550640,294924,19.02,0.13
2989,2021-04-23,LIG,14696,6652,8044,8457,6128,111,ITC,ITC3,7,Liguria,Liguria,1550640,309620,19.97,0.95
2990,2021-06-15,LIG,17417,8465,8952,9300,8087,30,ITC,ITC3,7,Liguria,Liguria,1550640,327037,21.09,1.12
2991,2021-03-07,LIG,1915,1138,777,1590,301,24,ITC,ITC3,7,Liguria,Liguria,1550640,328952,21.21,0.12
2992,2021-06-17,LIG,16703,7934,8769,9131,7533,39,ITC,ITC3,7,Liguria,Liguria,1550640,345655,22.29,1.08
2993,2021-05-03,LIG,13265,5922,7343,6340,6820,105,ITC,ITC3,7,Liguria,Liguria,1550640,358920,23.15,0.86
2994,2021-08-11,LIG,13087,6710,6377,4797,8207,83,ITC,ITC3,7,Liguria,Liguria,1550640,372007,23.99,0.84
2995,2021-03-21,LIG,551,220,331,69,482,0,ITC,ITC3,7,Liguria,Liguria,1550640,372558,24.03,0.04
2996,2021-01-23,LIG,813,298,515,156,657,0,ITC,ITC3,7,Liguria,Liguria,1550640,373371,24.08,0.05
2997,2021-06-29,LIG,15189,7230,7959,8690,6447,52,ITC,ITC3,7,Liguria,Liguria,1550640,388560,25.06,0.98
2998,2021-05-17,LIG,12045,5527,6518,8646,3342,57,ITC,ITC3,7,Liguria,Liguria,1550640,400605,25.83,0.78
2999,2021-01-30,LIG,1663,569,1094,23,1639,1,ITC,ITC3,7,Liguria,Liguria,1550640,402268,25.94,0.11
3000,2021-01-21,LIG,1109,385,724,677,431,1,ITC,ITC3,7,Liguria,Liguria,1550640,403377,26.01,0.07
3001,2021-01-14,LIG,2983,1056,1927,2982,0,1,ITC,ITC3,7,Liguria,Liguria,1550640,406360,26.21,0.19
3002,2021-04-02,LIG,11792,5221,6571,9211,2487,94,ITC,ITC3,7,Liguria,Liguria,1550640,418152,26.97,0.76
3003,2021-04-21,LIG,14279,6452,7827,8848,5335,96,ITC,ITC3,7,Liguria,Liguria,1550640,432431,27.89,0.92
3004,2021-07-30,LIG,16042,8310,7732,4659,11316,67,ITC,ITC3,7,Liguria,Liguria,1550640,448473,28.92,1.03
3005,2021-08-13,LIG,6908,3560,3348,2401,4474,33,ITC,ITC3,7,Liguria,Liguria,1550640,455381,29.37,0.45
3006,2021-05-08,LIG,7537,3336,4201,2274,5224,39,ITC,ITC3,7,Liguria,Liguria,1550640,462918,29.85,0.49
3007,2021-01-25,LIG,2730,891,1839,474,2255,1,ITC,ITC3,7,Liguria,Liguria,1550640,465648,30.03,0.18
3008,2021-05-05,LIG,13723,6140,7583,5174,8462,87,ITC,ITC3,7,Liguria,Liguria,1550640,479371,30.91,0.88
3009,2021-07-29,LIG,17938,9169,8769,4412,13464,62,ITC,ITC3,7,Liguria,Liguria,1550640,497309,32.07,1.16
3010,2020-12-30,LIG,12,5,7,12,0,0,ITC,ITC3,7,Liguria,Liguria,1550640,497321,32.07,0.0
3011,2020-12-28,LIG,80,30,50,80,0,0,ITC,ITC3,7,Liguria,Liguria,1550640,497401,32.08,0.01
3012,2021-06-03,LIG,15539,7702,7837,9134,6387,18,ITC,ITC3,7,Liguria,Liguria,1550640,512940,33.08,1.0
3013,2021-04-07,LIG,13688,6110,7578,11305,2291,92,ITC,ITC3,7,Liguria,Liguria,1550640,526628,33.96,0.88
3014,2021-02-23,LIG,3808,1559,2249,3658,109,41,ITC,ITC3,7,Liguria,Liguria,1550640,530436,34.21,0.25
3015,2021-08-10,LIG,13066,6529,6537,4291,8676,99,ITC,ITC3,7,Liguria,Liguria,1550640,543502,35.05,0.84
3016,2021-06-14,LIG,15149,7315,7834,8255,6869,25,ITC,ITC3,7,Liguria,Liguria,1550640,558651,36.03,0.98
3017,2021-05-24,LIG,11882,5592,6290,9269,2509,104,ITC,ITC3,7,Liguria,Liguria,1550640,570533,36.79,0.77
3018,2021-05-07,LIG,13612,6044,7568,5733,7808,71,ITC,ITC3,7,Liguria,Liguria,1550640,584145,37.67,0.88
3019,2021-02-13,LIG,1081,508,573,798,280,3,ITC,ITC3,7,Liguria,Liguria,1550640,585226,37.74,0.07
3020,2021-06-07,LIG,15692,7660,8032,8645,7029,18,ITC,ITC3,7,Liguria,Liguria,1550640,600918,38.75,1.01
3021,2021-03-11,LIG,6407,3096,3311,4334,2013,60,ITC,ITC3,7,Liguria,Liguria,1550640,607325,39.17,0.41
3022,2021-01-13,LIG,2759,1014,1745,2758,0,1,ITC,ITC3,7,Liguria,Liguria,1550640,610084,39.34,0.18
3023,2021-01-04,LIG,2620,856,1764,2619,0,1,ITC,ITC3,7,Liguria,Liguria,1550640,612704,39.51,0.17
3024,2021-08-03,LIG,14101,7199,6902,3995,10039,67,ITC,ITC3,7,Liguria,Liguria,1550640,626805,40.42,0.91
3025,2021-06-21,LIG,14849,7040,7809,8559,6251,39,ITC,ITC3,7,Liguria,Liguria,1550640,641654,41.38,0.96
3026,2021-04-16,LIG,12004,5291,6713,10013,1829,162,ITC,ITC3,7,Liguria,Liguria,1550640,653658,42.15,0.77
3027,2021-06-02,LIG,8538,4346,4192,5356,3175,7,ITC,ITC3,7,Liguria,Liguria,1550640,662196,42.7,0.55
3028,2021-06-19,LIG,7414,3777,3637,5715,1672,27,ITC,ITC3,7,Liguria,Liguria,1550640,669610,43.18,0.48
3029,2021-02-18,LIG,2771,1128,1643,2421,339,11,ITC,ITC3,7,Liguria,Liguria,1550640,672381,43.36,0.18
3030,2021-03-28,LIG,1142,511,631,378,752,12,ITC,ITC3,7,Liguria,Liguria,1550640,673523,43.44,0.07
3031,2021-03-12,LIG,6219,2874,3345,3688,2472,59,ITC,ITC3,7,Liguria,Liguria,1550640,679742,43.84,0.4
3032,2021-07-01,LIG,13557,6535,7022,7354,6155,48,ITC,ITC3,7,Liguria,Liguria,1550640,693299,44.71,0.87
3033,2021-05-19,LIG,13576,5962,7614,10315,3124,137,ITC,ITC3,7,Liguria,Liguria,1550640,706875,45.59,0.88
3034,2021-03-23,LIG,9288,4230,5058,5986,3213,89,ITC,ITC3,7,Liguria,Liguria,1550640,716163,46.18,0.6
3035,2021-07-15,LIG,14757,7462,7295,5184,9485,88,ITC,ITC3,7,Liguria,Liguria,1550640,730920,47.14,0.95
3036,2021-02-01,LIG,2582,935,1647,112,2470,0,ITC,ITC3,7,Liguria,Liguria,1550640,733502,47.3,0.17
3037,2021-07-08,LIG,13633,6706,6927,6192,7392,49,ITC,ITC3,7,Liguria,Liguria,1550640,747135,48.18,0.88
3038,2021-05-12,LIG,12118,5490,6628,6613,5406,99,ITC,ITC3,7,Liguria,Liguria,1550640,759253,48.96,0.78
3039,2021-02-25,LIG,3458,1349,2109,3308,130,20,ITC,ITC3,7,Liguria,Liguria,1550640,762711,49.19,0.22
3040,2021-01-06,LIG,1663,618,1045,1660,0,3,ITC,ITC3,7,Liguria,Liguria,1550640,764374,49.29,0.11
3041,2021-06-28,LIG,11615,5618,5997,7248,4312,55,ITC,ITC3,7,Liguria,Liguria,1550640,775989,50.04,0.75
3042,2021-03-20,LIG,2316,995,1321,1124,1174,18,ITC,ITC3,7,Liguria,Liguria,1550640,778305,50.19,0.15
3043,2021-05-14,LIG,13154,5869,7285,8640,4336,178,ITC,ITC3,7,Liguria,Liguria,1550640,791459,51.04,0.85
3044,2021-05-31,LIG,14721,7383,7338,9117,5521,83,ITC,ITC3,7,Liguria,Liguria,1550640,806180,51.99,0.95
3045,2021-03-09,LIG,5936,2756,3180,4442,1432,62,ITC,ITC3,7,Liguria,Liguria,1550640,812116,52.37,0.38
3046,2021-02-20,LIG,1336,638,698,1330,1,5,ITC,ITC3,7,Liguria,Liguria,1550640,813452,52.46,0.09
3047,2021-08-07,LIG,5186,2649,2537,1118,4058,10,ITC,ITC3,7,Liguria,Liguria,1550640,818638,52.79,0.33
3048,2021-05-16,LIG,3707,1862,1845,2116,1565,26,ITC,ITC3,7,Liguria,Liguria,1550640,822345,53.03,0.24
3049,2021-02-22,LIG,3343,1476,1867,3190,143,10,ITC,ITC3,7,Liguria,Liguria,1550640,825688,53.25,0.22
3050,2021-07-19,LIG,12086,6023,6063,3366,8675,45,ITC,ITC3,7,Liguria,Liguria,1550640,837774,54.03,0.78
3051,2021-08-05,LIG,14208,7340,6868,4129,10025,54,ITC,ITC3,7,Liguria,Liguria,1550640,851982,54.94,0.92
3052,2021-04-27,LIG,14814,6698,8116,7149,7597,68,ITC,ITC3,7,Liguria,Liguria,1550640,866796,55.9,0.96
3053,2021-06-26,LIG,7221,3358,3863,4473,2713,35,ITC,ITC3,7,Liguria,Liguria,1550640,874017,56.36,0.47
3054,2021-07-10,LIG,6899,3478,3421,2752,4129,18,ITC,ITC3,7,Liguria,Liguria,1550640,880916,56.81,0.44
3055,2021-04-04,LIG,764,369,395,505,251,8,ITC,ITC3,7,Liguria,Liguria,1550640,881680,56.86,0.05
3056,2021-04-18,LIG,2616,1165,1451,2074,469,73,ITC,ITC3,7,Liguria,Liguria,1550640,884296,57.03,0.17
3057,2021-07-27,LIG,17430,8886,8544,4369,13002,59,ITC,ITC3,7,Liguria,Liguria,1550640,901726,58.15,1.12
3058,2021-01-08,LIG,2936,1000,1936,2934,0,2,ITC,ITC3,7,Liguria,Liguria,1550640,904662,58.34,0.19
3059,2021-02-06,LIG,1892,768,1124,145,1747,0,ITC,ITC3,7,Liguria,Liguria,1550640,906554,58.46,0.12
3060,2021-06-11,LIG,17846,9086,8760,11749,6076,21,ITC,ITC3,7,Liguria,Liguria,1550640,924400,59.61,1.15
3061,2021-04-15,LIG,11845,5239,6606,9889,1852,104,ITC,ITC3,7,Liguria,Liguria,1550640,936245,60.38,0.76
3062,2021-05-26,LIG,16687,8427,8260,12157,4378,152,ITC,ITC3,7,Liguria,Liguria,1550640,952932,61.45,1.08
3063,2021-03-30,LIG,12219,5429,6790,8741,3390,88,ITC,ITC3,7,Liguria,Liguria,1550640,965151,62.24,0.79
3064,2021-04-06,LIG,13256,5904,7352,10885,2264,107,ITC,ITC3,7,Liguria,Liguria,1550640,978407,63.1,0.85
3065,2021-02-08,LIG,1981,742,1239,300,1681,0,ITC,ITC3,7,Liguria,Liguria,1550640,980388,63.22,0.13
3066,2020-12-27,LIG,135,56,79,134,0,1,ITC,ITC3,7,Liguria,Liguria,1550640,980523,63.23,0.01
3067,2021-03-16,LIG,6088,2732,3356,2313,3734,41,ITC,ITC3,7,Liguria,Liguria,1550640,986611,63.63,0.39
3068,2021-02-03,LIG,2320,792,1528,51,2269,0,ITC,ITC3,7,Liguria,Liguria,1550640,988931,63.78,0.15
3069,2021-07-21,LIG,19183,9505,9678,3833,15297,53,ITC,ITC3,7,Liguria,Liguria,1550640,1008114,65.01,1.24
3070,2021-04-29,LIG,15589,6982,8607,6614,8846,129,ITC,ITC3,7,Liguria,Liguria,1550640,1023703,66.02,1.01
3071,2021-04-12,LIG,12392,5478,6914,10276,2020,96,ITC,ITC3,7,Liguria,Liguria,1550640,1036095,66.82,0.8
3072,2021-01-19,LIG,1375,440,935,1281,90,4,ITC,ITC3,7,Liguria,Liguria,1550640,1037470,66.91,0.09
3073,2021-02-05,LIG,2688,989,1699,299,2388,1,ITC,ITC3,7,Liguria,Liguria,1550640,1040158,67.08,0.17
3074,2021-03-24,LIG,9180,4033,5147,5807,3287,86,ITC,ITC3,7,Liguria,Liguria,1550640,1049338,67.67,0.59
3075,2021-07-02,LIG,12975,6368,6607,6437,6497,41,ITC,ITC3,7,Liguria,Liguria,1550640,1062313,68.51,0.84
3076,2020-12-31,LIG,990,353,637,990,0,0,ITC,ITC3,7,Liguria,Liguria,1550640,1063303,68.57,0.06
3077,2021-04-10,LIG,7889,3561,4328,6891,914,84,ITC,ITC3,7,Liguria,Liguria,1550640,1071192,69.08,0.51
3078,2021-01-17,LIG,866,301,565,865,0,1,ITC,ITC3,7,Liguria,Liguria,1550640,1072058,69.14,0.06
3079,2021-06-30,LIG,15086,7195,7891,8228,6805,53,ITC,ITC3,7,Liguria,Liguria,1550640,1087144,70.11,0.97
3080,2021-01-15,LIG,2264,756,1508,2259,0,5,ITC,ITC3,7,Liguria,Liguria,1550640,1089408,70.26,0.15
3081,2021-04-25,LIG,1935,920,1015,1506,415,14,ITC,ITC3,7,Liguria,Liguria,1550640,1091343,70.38,0.12
3082,2021-03-13,LIG,3850,1637,2213,2947,857,46,ITC,ITC3,7,Liguria,Liguria,1550640,1095193,70.63,0.25
3083,2021-03-04,LIG,4740,2118,2622,3834,849,57,ITC,ITC3,7,Liguria,Liguria,1550640,1099933,70.93,0.31
3084,2021-06-12,LIG,10246,4984,5262,7475,2758,13,ITC,ITC3,7,Liguria,Liguria,1550640,1110179,71.59,0.66
3085,2021-04-30,LIG,14434,6447,7987,5758,8577,99,ITC,ITC3,7,Liguria,Liguria,1550640,1124613,72.53,0.93
3086,2021-03-06,LIG,3307,1843,1464,2552,706,49,ITC,ITC3,7,Liguria,Liguria,1550640,1127920,72.74,0.21
3087,2021-01-22,LIG,1823,605,1218,1333,487,3,ITC,ITC3,7,Liguria,Liguria,1550640,1129743,72.86,0.12
3088,2021-05-02,LIG,3978,1836,2142,503,3469,6,ITC,ITC3,7,Liguria,Liguria,1550640,1133721,73.11,0.26
3089,2021-06-23,LIG,14335,6859,7476,9103,5201,31,ITC,ITC3,7,Liguria,Liguria,1550640,1148056,74.04,0.92
3090,2021-02-14,LIG,233,122,111,233,0,0,ITC,ITC3,7,Liguria,Liguria,1550640,1148289,74.05,0.02
3091,2021-05-25,LIG,14268,6957,7311,10949,3188,131,ITC,ITC3,7,Liguria,Liguria,1550640,1162557,74.97,0.92
3092,2021-03-22,LIG,7752,3473,4279,4737,2941,74,ITC,ITC3,7,Liguria,Liguria,1550640,1170309,75.47,0.5
3093,2021-02-07,LIG,407,153,254,2,405,0,ITC,ITC3,7,Liguria,Liguria,1550640,1170716,75.5,0.03
3094,2021-05-18,LIG,13494,6132,7362,10057,3311,126,ITC,ITC3,7,Liguria,Liguria,1550640,1184210,76.37,0.87
3095,2021-05-20,LIG,12950,6010,6940,8790,4037,123,ITC,ITC3,7,Liguria,Liguria,1550640,1197160,77.2,0.84
3096,2021-01-27,LIG,1746,604,1142,139,1606,1,ITC,ITC3,7,Liguria,Liguria,1550640,1198906,77.32,0.11
3097,2021-05-21,LIG,12858,5962,6896,9583,3134,141,ITC,ITC3,7,Liguria,Liguria,1550640,1211764,78.15,0.83
3098,2021-02-27,LIG,1888,921,967,1750,129,9,ITC,ITC3,7,Liguria,Liguria,1550640,1213652,78.27,0.12
3099,2021-02-10,LIG,2322,838,1484,1014,1304,4,ITC,ITC3,7,Liguria,Liguria,1550640,1215974,78.42,0.15
3100,2021-01-11,LIG,2657,993,1664,2655,0,2,ITC,ITC3,7,Liguria,Liguria,1550640,1218631,78.59,0.17
3101,2021-07-12,LIG,13409,6435,6974,4154,9219,36,ITC,ITC3,7,Liguria,Liguria,1550640,1232040,79.45,0.86
3102,2021-01-10,LIG,651,264,387,647,0,4,ITC,ITC3,7,Liguria,Liguria,1550640,1232691,79.5,0.04
3103,2021-04-20,LIG,14248,6525,7723,9735,4359,154,ITC,ITC3,7,Liguria,Liguria,1550640,1246939,80.41,0.92
3104,2021-02-15,LIG,2264,839,1425,1855,399,10,ITC,ITC3,7,Liguria,Liguria,1550640,1249203,80.56,0.15
3105,2021-01-03,LIG,736,231,505,734,0,2,ITC,ITC3,7,Liguria,Liguria,1550640,1249939,80.61,0.05
3106,2021-07-26,LIG,17536,8944,8592,4712,12750,74,ITC,ITC3,7,Liguria,Liguria,1550640,1267475,81.74,1.13
3107,2021-01-07,LIG,3226,1096,2130,3223,0,3,ITC,ITC3,7,Liguria,Liguria,1550640,1270701,81.95,0.21
3108,2021-06-13,LIG,5626,2699,2927,5158,456,12,ITC,ITC3,7,Liguria,Liguria,1550640,1276327,82.31,0.36
3109,2021-04-17,LIG,7391,3219,4172,6567,753,71,ITC,ITC3,7,Liguria,Liguria,1550640,1283718,82.79,0.48
3110,2021-05-01,LIG,7148,3258,3890,1306,5804,38,ITC,ITC3,7,Liguria,Liguria,1550640,1290866,83.25,0.46
3111,2021-03-05,LIG,4871,2152,2719,3675,1133,63,ITC,ITC3,7,Liguria,Liguria,1550640,1295737,83.56,0.31
3112,2021-08-09,LIG,11942,6069,5873,4361,7491,90,ITC,ITC3,7,Liguria,Liguria,1550640,1307679,84.33,0.77
3113,2021-06-06,LIG,3814,2033,1781,2945,862,7,ITC,ITC3,7,Liguria,Liguria,1550640,1311493,84.58,0.25
3114,2021-04-24,LIG,8221,3797,4424,4977,3155,89,ITC,ITC3,7,Liguria,Liguria,1550640,1319714,85.11,0.53
3115,2021-02-26,LIG,3769,1524,2245,3415,329,25,ITC,ITC3,7,Liguria,Liguria,1550640,1323483,85.35,0.24
3116,2021-08-02,LIG,13058,6491,6567,2970,10033,55,ITC,ITC3,7,Liguria,Liguria,1550640,1336541,86.19,0.84
3117,2021-06-20,LIG,1335,658,677,1052,275,8,ITC,ITC3,7,Liguria,Liguria,1550640,1337876,86.28,0.09
3118,2021-05-04,LIG,13657,6092,7565,5357,8232,68,ITC,ITC3,7,Liguria,Liguria,1550640,1351533,87.16,0.88
3119,2021-08-12,LIG,12450,6396,6054,4600,7781,69,ITC,ITC3,7,Liguria,Liguria,1550640,1363983,87.96,0.8
3120,2021-05-09,LIG,2825,1244,1581,1085,1710,30,ITC,ITC3,7,Liguria,Liguria,1550640,1366808,88.14,0.18
3121,2021-01-29,LIG,3099,1069,2030,64,3035,0,ITC,ITC3,7,Liguria,Liguria,1550640,1369907,88.34,0.2
3122,2021-01-20,LIG,1559,557,1002,1546,12,1,ITC,ITC3,7,Liguria,Liguria,1550640,1371466,88.45,0.1
3123,2021-04-08,LIG,13789,6181,7608,11587,2047,155,ITC,ITC3,7,Liguria,Liguria,1550640,1385255,89.33,0.89
3124,2021-07-17,LIG,6512,3360,3152,1814,4690,8,ITC,ITC3,7,Liguria,Liguria,1550640,1391767,89.75,0.42
3125,2021-07-31,LIG,8247,4404,3843,1316,6917,14,ITC,ITC3,7,Liguria,Liguria,1550640,1400014,90.29,0.53
3126,2021-06-04,LIG,14796,7264,7532,9269,5497,30,ITC,ITC3,7,Liguria,Liguria,1550640,1414810,91.24,0.95
3127,2021-02-17,LIG,2695,1184,1511,2248,435,12,ITC,ITC3,7,Liguria,Liguria,1550640,1417505,91.41,0.17
3128,2021-07-24,LIG,11599,6035,5564,2329,9238,32,ITC,ITC3,7,Liguria,Liguria,1550640,1429104,92.16,0.75
3129,2021-05-28,LIG,16304,8144,8160,11602,4556,146,ITC,ITC3,7,Liguria,Liguria,1550640,1445408,93.21,1.05
3130,2021-01-05,LIG,2880,896,1984,2880,0,0,ITC,ITC3,7,Liguria,Liguria,1550640,1448288,93.4,0.19
3131,2021-03-03,LIG,4580,1846,2734,3442,1027,111,ITC,ITC3,7,Liguria,Liguria,1550640,1452868,93.69,0.3
3132,2021-08-04,LIG,13808,6959,6849,3285,10449,74,ITC,ITC3,7,Liguria,Liguria,1550640,1466676,94.59,0.89
3133,2021-05-23,LIG,2308,1121,1187,1171,1123,14,ITC,ITC3,7,Liguria,Liguria,1550640,1468984,94.73,0.15
3134,2021-03-01,LIG,3539,1447,2092,3382,136,21,ITC,ITC3,7,Liguria,Liguria,1550640,1472523,94.96,0.23
3135,2021-06-09,LIG,19065,9566,9499,12465,6566,34,ITC,ITC3,7,Liguria,Liguria,1550640,1491588,96.19,1.23
3136,2021-02-24,LIG,3763,1560,2203,3448,258,57,ITC,ITC3,7,Liguria,Liguria,1550640,1495351,96.43,0.24
3137,2020-12-29,LIG,125,33,92,125,0,0,ITC,ITC3,7,Liguria,Liguria,1550640,1495476,96.44,0.01
3138,2021-01-12,LIG,2475,890,1585,2474,0,1,ITC,ITC3,7,Liguria,Liguria,1550640,1497951,96.6,0.16
3139,2021-04-22,LIG,13875,6216,7659,8649,5088,138,ITC,ITC3,7,Liguria,Liguria,1550640,1511826,97.5,0.89
3140,2021-03-18,LIG,4988,2124,2864,1971,2981,36,ITC,ITC3,7,Liguria,Liguria,1550640,1516814,97.82,0.32
3141,2021-04-01,LIG,12433,5515,6918,9571,2772,90,ITC,ITC3,7,Liguria,Liguria,1550640,1529247,98.62,0.8
3142,2021-06-08,LIG,18108,9032,9076,11432,6647,29,ITC,ITC3,7,Liguria,Liguria,1550640,1547355,99.79,1.17
3143,2021-03-17,LIG,5556,2370,3186,2452,3082,22,ITC,ITC3,7,Liguria,Liguria,1550640,1552911,100.15,0.36
3144,2021-06-25,LIG,13844,6619,7225,6905,6915,24,ITC,ITC3,7,Liguria,Liguria,1550640,1566755,101.04,0.89
3145,2021-04-03,LIG,5410,2500,2910,4432,943,35,ITC,ITC3,7,Liguria,Liguria,1550640,1572165,101.39,0.35
3146,2021-01-24,LIG,760,240,520,116,644,0,ITC,ITC3,7,Liguria,Liguria,1550640,1572925,101.44,0.05
3147,2021-07-09,LIG,12832,6324,6508,4228,8576,28,ITC,ITC3,7,Liguria,Liguria,1550640,1585757,102.26,0.83
3148,2021-04-05,LIG,3980,1755,2225,2305,1649,26,ITC,ITC3,7,Liguria,Liguria,1550640,1589737,102.52,0.26
3149,2021-07-16,LIG,12615,6216,6399,3141,9430,44,ITC,ITC3,7,Liguria,Liguria,1550640,1602352,103.33,0.81
3150,2021-05-11,LIG,13937,6400,7537,7203,6625,109,ITC,ITC3,7,Liguria,Liguria,1550640,1616289,104.23,0.9
3151,2021-03-29,LIG,10588,4625,5963,7348,3135,105,ITC,ITC3,7,Liguria,Liguria,1550640,1626877,104.92,0.68
3152,2021-01-31,LIG,624,270,354,4,620,0,ITC,ITC3,7,Liguria,Liguria,1550640,1627501,104.96,0.04
3153,2021-07-07,LIG,11769,5643,6126,4963,6769,37,ITC,ITC3,7,Liguria,Liguria,1550640,1639270,105.72,0.76
3154,2021-07-14,LIG,11495,5659,5836,3443,8022,30,ITC,ITC3,7,Liguria,Liguria,1550640,1650765,106.46,0.74
3155,2021-07-28,LIG,18436,9492,8944,5811,12523,102,ITC,ITC3,7,Liguria,Liguria,1550640,1669201,107.65,1.19
3156,2021-05-06,LIG,14534,6445,8089,6068,8333,133,ITC,ITC3,7,Liguria,Liguria,1550640,1683735,108.58,0.94
3157,2021-01-26,LIG,2490,809,1681,17,2473,0,ITC,ITC3,7,Liguria,Liguria,1550640,1686225,108.74,0.16
3158,2021-06-27,LIG,1945,892,1053,688,1247,10,ITC,ITC3,7,Liguria,Liguria,1550640,1688170,108.87,0.13
3159,2021-02-12,LIG,1940,690,1250,893,1045,2,ITC,ITC3,7,Liguria,Liguria,1550640,1690110,108.99,0.13
3160,2021-03-15,LIG,7359,3118,4241,4497,2813,49,ITC,ITC3,7,Liguria,Liguria,1550640,1697469,109.47,0.47
3161,2021-07-03,LIG,8808,4359,4449,5476,3316,16,ITC,ITC3,7,Liguria,Liguria,1550640,1706277,110.04,0.57
3162,2021-04-11,LIG,4249,1929,2320,3944,249,56,ITC,ITC3,7,Liguria,Liguria,1550640,1710526,110.31,0.27
3163,2021-07-20,LIG,13951,6870,7081,2740,11171,40,ITC,ITC3,7,Liguria,Liguria,1550640,1724477,111.21,0.9
3164,2021-01-18,LIG,2144,747,1397,1985,157,2,ITC,ITC3,7,Liguria,Liguria,1550640,1726621,111.35,0.14
3165,2021-08-08,LIG,1203,646,557,542,657,4,ITC,ITC3,7,Liguria,Liguria,1550640,1727824,111.43,0.08
3166,2021-07-22,LIG,21377,10861,10516,4581,16722,74,ITC,ITC3,7,Liguria,Liguria,1550640,1749201,112.81,1.38
3167,2021-06-16,LIG,16399,7924,8475,9249,7121,29,ITC,ITC3,7,Liguria,Liguria,1550640,1765600,113.86,1.06
3168,2021-03-08,LIG,5630,2462,3168,3898,1691,41,ITC,ITC3,7,Liguria,Liguria,1550640,1771230,114.23,0.36
3169,2021-03-25,LIG,9772,4234,5538,6229,3392,151,ITC,ITC3,7,Liguria,Liguria,1550640,1781002,114.86,0.63
3170,2021-01-01,LIG,145,55,90,145,0,0,ITC,ITC3,7,Liguria,Liguria,1550640,1781147,114.87,0.01
3171,2021-03-27,LIG,3934,1549,2385,2485,1397,52,ITC,ITC3,7,Liguria,Liguria,1550640,1785081,115.12,0.25
3172,2021-07-05,LIG,11899,5768,6131,5342,6510,47,ITC,ITC3,7,Liguria,Liguria,1550640,1796980,115.89,0.77
3173,2021-04-13,LIG,13084,5871,7213,10945,2025,114,ITC,ITC3,7,Liguria,Liguria,1550640,1810064,116.73,0.84
3174,2021-05-13,LIG,13326,6092,7234,8900,4269,157,ITC,ITC3,7,Liguria,Liguria,1550640,1823390,117.59,0.86
3175,2021-02-19,LIG,3220,1307,1913,3024,176,20,ITC,ITC3,7,Liguria,Liguria,1550640,1826610,117.8,0.21
3176,2021-05-30,LIG,3301,1611,1690,1338,1944,19,ITC,ITC3,7,Liguria,Liguria,1550640,1829911,118.01,0.21
3177,2021-06-01,LIG,16342,8228,8114,10943,5371,28,ITC,ITC3,7,Liguria,Liguria,1550640,1846253,119.06,1.05
3178,2021-06-18,LIG,15419,7505,7914,8172,7216,31,ITC,ITC3,7,Liguria,Liguria,1550640,1861672,120.06,0.99
3179,2021-03-10,LIG,5907,2865,3042,3932,1911,64,ITC,ITC3,7,Liguria,Liguria,1550640,1867579,120.44,0.38
3180,2021-04-07,TOS,35843,15474,20369,28147,7276,420,ITI,ITI1,9,Toscana,Toscana,3729641,35843,0.96,0.96
3181,2021-06-12,TOS,29401,15158,14243,24658,4391,352,ITI,ITI1,9,Toscana,Toscana,3729641,65244,1.75,0.79
3182,2021-07-01,TOS,32060,15518,16542,10729,21061,270,ITI,ITI1,9,Toscana,Toscana,3729641,97304,2.61,0.86
3183,2021-03-26,TOS,20747,9430,11317,14709,5831,207,ITI,ITI1,9,Toscana,Toscana,3729641,118051,3.17,0.56
3184,2021-03-09,TOS,11142,4575,6567,5502,5562,78,ITI,ITI1,9,Toscana,Toscana,3729641,129193,3.46,0.3
3185,2021-04-09,TOS,24610,10582,14028,20708,3454,448,ITI,ITI1,9,Toscana,Toscana,3729641,153803,4.12,0.66
3186,2021-07-18,TOS,30365,15266,15099,8335,21821,209,ITI,ITI1,9,Toscana,Toscana,3729641,184168,4.94,0.81
3187,2021-06-17,TOS,32590,16696,15894,26695,5555,340,ITI,ITI1,9,Toscana,Toscana,3729641,216758,5.81,0.87
3188,2021-05-22,TOS,26029,12665,13364,21487,4293,249,ITI,ITI1,9,Toscana,Toscana,3729641,242787,6.51,0.7
3189,2021-05-05,TOS,30156,13460,16696,14862,14558,736,ITI,ITI1,9,Toscana,Toscana,3729641,272943,7.32,0.81
3190,2021-08-13,TOS,17027,9200,7827,8322,8301,404,ITI,ITI1,9,Toscana,Toscana,3729641,289970,7.77,0.46
3191,2021-02-28,TOS,1649,667,982,852,727,70,ITI,ITI1,9,Toscana,Toscana,3729641,291619,7.82,0.04
3192,2021-02-11,TOS,5384,2022,3362,5061,242,81,ITI,ITI1,9,Toscana,Toscana,3729641,297003,7.96,0.14
3193,2021-02-09,TOS,4490,1470,3020,3765,611,114,ITI,ITI1,9,Toscana,Toscana,3729641,301493,8.08,0.12
3194,2021-01-28,TOS,6286,1883,4403,346,5933,7,ITI,ITI1,9,Toscana,Toscana,3729641,307779,8.25,0.17
3195,2021-03-19,TOS,10170,4474,5696,7127,2896,147,ITI,ITI1,9,Toscana,Toscana,3729641,317949,8.52,0.27
3196,2021-07-30,TOS,37868,20377,17491,10784,26734,350,ITI,ITI1,9,Toscana,Toscana,3729641,355817,9.54,1.02
3197,2021-07-13,TOS,29329,14730,14599,7712,21446,171,ITI,ITI1,9,Toscana,Toscana,3729641,385146,10.33,0.79
3198,2021-04-02,TOS,32024,13579,18445,23689,8080,255,ITI,ITI1,9,Toscana,Toscana,3729641,417170,11.19,0.86
3199,2021-07-11,TOS,26124,12689,13435,9130,16826,168,ITI,ITI1,9,Toscana,Toscana,3729641,443294,11.89,0.7
3200,2021-01-16,TOS,3271,1046,2225,3213,0,58,ITI,ITI1,9,Toscana,Toscana,3729641,446565,11.97,0.09
3201,2021-04-26,TOS,10148,4935,5213,7455,2557,136,ITI,ITI1,9,Toscana,Toscana,3729641,456713,12.25,0.27
3202,2021-01-02,TOS,3499,1096,2403,3455,0,44,ITI,ITI1,9,Toscana,Toscana,3729641,460212,12.34,0.09
3203,2021-08-01,TOS,29904,15309,14595,13792,15636,476,ITI,ITI1,9,Toscana,Toscana,3729641,490116,13.14,0.8
3204,2021-06-05,TOS,28444,13600,14844,20558,7616,270,ITI,ITI1,9,Toscana,Toscana,3729641,518560,13.9,0.76
3205,2021-08-08,TOS,25002,12904,12098,14593,9910,499,ITI,ITI1,9,Toscana,Toscana,3729641,543562,14.57,0.67
3206,2021-01-11,TOS,5095,1691,3404,4996,0,99,ITI,ITI1,9,Toscana,Toscana,3729641,548657,14.71,0.14
3207,2021-04-21,TOS,29636,12683,16953,16852,12145,639,ITI,ITI1,9,Toscana,Toscana,3729641,578293,15.51,0.79
3208,2021-02-23,TOS,7723,3325,4398,7209,162,352,ITI,ITI1,9,Toscana,Toscana,3729641,586016,15.71,0.21
3209,2021-06-03,TOS,32060,15455,16605,27149,4587,324,ITI,ITI1,9,Toscana,Toscana,3729641,618076,16.57,0.86
3210,2021-06-22,TOS,31047,15620,15427,22457,8214,376,ITI,ITI1,9,Toscana,Toscana,3729641,649123,17.4,0.83
3211,2021-05-17,TOS,29774,14879,14895,20558,8938,278,ITI,ITI1,9,Toscana,Toscana,3729641,678897,18.2,0.8
3212,2021-03-21,TOS,3296,1629,1667,1819,1434,43,ITI,ITI1,9,Toscana,Toscana,3729641,682193,18.29,0.09
3213,2021-01-23,TOS,3969,1360,2609,630,3333,6,ITI,ITI1,9,Toscana,Toscana,3729641,686162,18.4,0.11
3214,2021-06-29,TOS,37042,18034,19008,7989,28906,147,ITI,ITI1,9,Toscana,Toscana,3729641,723204,19.39,0.99
3215,2021-05-03,TOS,11944,5517,6427,10363,1334,247,ITI,ITI1,9,Toscana,Toscana,3729641,735148,19.71,0.32
3216,2021-02-04,TOS,4255,1595,2660,933,3295,27,ITI,ITI1,9,Toscana,Toscana,3729641,739403,19.83,0.11
3217,2021-05-15,TOS,29367,13860,15507,22870,5901,596,ITI,ITI1,9,Toscana,Toscana,3729641,768770,20.61,0.79
3218,2021-04-28,TOS,19145,8191,10954,3455,15335,355,ITI,ITI1,9,Toscana,Toscana,3729641,787915,21.13,0.51
3219,2021-02-18,TOS,8824,3285,5539,7744,896,184,ITI,ITI1,9,Toscana,Toscana,3729641,796739,21.36,0.24
3220,2021-05-29,TOS,31576,15263,16313,23179,8170,227,ITI,ITI1,9,Toscana,Toscana,3729641,828315,22.21,0.85
3221,2021-08-06,TOS,32918,17647,15271,15331,17113,474,ITI,ITI1,9,Toscana,Toscana,3729641,861233,23.09,0.88
3222,2021-03-23,TOS,9444,4411,5033,6965,2282,197,ITI,ITI1,9,Toscana,Toscana,3729641,870677,23.34,0.25
3223,2021-04-16,TOS,28970,12889,16081,21420,6917,633,ITI,ITI1,9,Toscana,Toscana,3729641,899647,24.12,0.78
3224,2021-07-25,TOS,33898,16765,17133,7055,26666,177,ITI,ITI1,9,Toscana,Toscana,3729641,933545,25.03,0.91
3225,2021-03-02,TOS,10599,3799,6800,7040,3446,113,ITI,ITI1,9,Toscana,Toscana,3729641,944144,25.31,0.28
3226,2021-01-04,TOS,5067,1896,3171,5002,0,65,ITI,ITI1,9,Toscana,Toscana,3729641,949211,25.45,0.14
3227,2021-04-14,TOS,20193,8349,11844,14501,5145,547,ITI,ITI1,9,Toscana,Toscana,3729641,969404,25.99,0.54
3228,2021-06-14,TOS,31816,16339,15477,27419,4108,289,ITI,ITI1,9,Toscana,Toscana,3729641,1001220,26.84,0.85
3229,2021-06-10,TOS,26441,13564,12877,25535,558,348,ITI,ITI1,9,Toscana,Toscana,3729641,1027661,27.55,0.71
3230,2021-05-24,TOS,33750,16720,17030,23886,9584,280,ITI,ITI1,9,Toscana,Toscana,3729641,1061411,28.46,0.9
3231,2021-01-25,TOS,5132,1895,3237,240,4888,4,ITI,ITI1,9,Toscana,Toscana,3729641,1066543,28.6,0.14
3232,2021-01-21,TOS,1589,686,903,858,722,9,ITI,ITI1,9,Toscana,Toscana,3729641,1068132,28.64,0.04
3233,2021-06-02,TOS,27601,13625,13976,21858,5510,233,ITI,ITI1,9,Toscana,Toscana,3729641,1095733,29.38,0.74
3234,2021-04-06,TOS,22233,9829,12404,18069,3745,419,ITI,ITI1,9,Toscana,Toscana,3729641,1117966,29.98,0.6
3235,2021-02-08,TOS,4099,1362,2737,3529,459,111,ITI,ITI1,9,Toscana,Toscana,3729641,1122065,30.09,0.11
3236,2021-07-15,TOS,31238,15286,15952,8079,22915,244,ITI,ITI1,9,Toscana,Toscana,3729641,1153303,30.92,0.84
3237,2021-05-19,TOS,27969,13584,14385,18643,9060,266,ITI,ITI1,9,Toscana,Toscana,3729641,1181272,31.67,0.75
3238,2021-03-28,TOS,6211,2807,3404,5875,253,83,ITI,ITI1,9,Toscana,Toscana,3729641,1187483,31.84,0.17
3239,2021-01-30,TOS,4624,1623,3001,175,4431,18,ITI,ITI1,9,Toscana,Toscana,3729641,1192107,31.96,0.12
3240,2021-07-06,TOS,25785,13035,12750,11042,14523,220,ITI,ITI1,9,Toscana,Toscana,3729641,1217892,32.65,0.69
3241,2021-05-10,TOS,26231,12412,13819,15243,10643,345,ITI,ITI1,9,Toscana,Toscana,3729641,1244123,33.36,0.7
3242,2021-03-14,TOS,7176,2570,4606,3148,3935,93,ITI,ITI1,9,Toscana,Toscana,3729641,1251299,33.55,0.19
3243,2021-03-07,TOS,5649,2358,3291,1993,3545,111,ITI,ITI1,9,Toscana,Toscana,3729641,1256948,33.7,0.15
3244,2021-07-20,TOS,37319,19097,18222,7970,29158,191,ITI,ITI1,9,Toscana,Toscana,3729641,1294267,34.7,1.0
3245,2021-06-24,TOS,29447,14622,14825,19306,9747,394,ITI,ITI1,9,Toscana,Toscana,3729641,1323714,35.49,0.79
3246,2021-01-09,TOS,4486,1596,2890,4420,0,66,ITI,ITI1,9,Toscana,Toscana,3729641,1328200,35.61,0.12
3247,2021-03-18,TOS,9978,3983,5995,5849,3992,137,ITI,ITI1,9,Toscana,Toscana,3729641,1338178,35.88,0.27
3248,2021-02-16,TOS,9281,3340,5941,8329,721,231,ITI,ITI1,9,Toscana,Toscana,3729641,1347459,36.13,0.25
3249,2021-05-02,TOS,11178,4935,6243,8978,1966,234,ITI,ITI1,9,Toscana,Toscana,3729641,1358637,36.43,0.3
3250,2021-08-10,TOS,25668,13331,12337,16160,8875,633,ITI,ITI1,9,Toscana,Toscana,3729641,1384305,37.12,0.69
3251,2020-12-30,TOS,329,106,223,328,0,1,ITI,ITI1,9,Toscana,Toscana,3729641,1384634,37.13,0.01
3252,2021-08-05,TOS,34602,17953,16649,12063,22168,371,ITI,ITI1,9,Toscana,Toscana,3729641,1419236,38.05,0.93
3253,2021-05-12,TOS,34218,15582,18636,13580,20052,586,ITI,ITI1,9,Toscana,Toscana,3729641,1453454,38.97,0.92
3254,2021-01-18,TOS,1120,637,483,972,98,50,ITI,ITI1,9,Toscana,Toscana,3729641,1454574,39.0,0.03
3255,2021-03-04,TOS,17864,6961,10903,14623,3085,156,ITI,ITI1,9,Toscana,Toscana,3729641,1472438,39.48,0.48
3256,2021-06-21,TOS,31196,15489,15707,18140,12793,263,ITI,ITI1,9,Toscana,Toscana,3729641,1503634,40.32,0.84
3257,2021-01-06,TOS,4519,1460,3059,4467,0,52,ITI,ITI1,9,Toscana,Toscana,3729641,1508153,40.44,0.12
3258,2021-04-18,TOS,8365,4092,4273,7057,1032,276,ITI,ITI1,9,Toscana,Toscana,3729641,1516518,40.66,0.22
3259,2021-07-27,TOS,38675,20112,18563,11275,27068,332,ITI,ITI1,9,Toscana,Toscana,3729641,1555193,41.7,1.04
3260,2021-07-10,TOS,29305,14181,15124,7957,21163,185,ITI,ITI1,9,Toscana,Toscana,3729641,1584498,42.48,0.79
3261,2021-04-13,TOS,8494,3508,4986,5736,2475,283,ITI,ITI1,9,Toscana,Toscana,3729641,1592992,42.71,0.23
3262,2021-07-22,TOS,39370,19784,19586,4489,34716,165,ITI,ITI1,9,Toscana,Toscana,3729641,1632362,43.77,1.06
3263,2021-05-26,TOS,35608,17107,18501,20138,15214,256,ITI,ITI1,9,Toscana,Toscana,3729641,1667970,44.72,0.95
3264,2021-03-30,TOS,17036,7646,9390,13265,3573,198,ITI,ITI1,9,Toscana,Toscana,3729641,1685006,45.18,0.46
3265,2021-07-08,TOS,21075,10357,10718,9255,11580,240,ITI,ITI1,9,Toscana,Toscana,3729641,1706081,45.74,0.57
3266,2021-02-06,TOS,4529,1551,2978,1261,3236,32,ITI,ITI1,9,Toscana,Toscana,3729641,1710610,45.87,0.12
3267,2021-02-25,TOS,10632,4305,6327,9464,998,170,ITI,ITI1,9,Toscana,Toscana,3729641,1721242,46.15,0.29
3268,2021-06-28,TOS,37696,18138,19558,8439,29090,167,ITI,ITI1,9,Toscana,Toscana,3729641,1758938,47.16,1.01
3269,2021-01-20,TOS,1333,639,694,1022,248,63,ITI,ITI1,9,Toscana,Toscana,3729641,1760271,47.2,0.04
3270,2021-04-30,TOS,40240,17807,22433,19662,19933,645,ITI,ITI1,9,Toscana,Toscana,3729641,1800511,48.28,1.08
3271,2021-04-25,TOS,11063,5250,5813,8759,2143,161,ITI,ITI1,9,Toscana,Toscana,3729641,1811574,48.57,0.3
3272,2021-03-11,TOS,15958,6380,9578,12405,3372,181,ITI,ITI1,9,Toscana,Toscana,3729641,1827532,49.0,0.43
3273,2021-06-19,TOS,26512,13925,12587,21388,4789,335,ITI,ITI1,9,Toscana,Toscana,3729641,1854044,49.71,0.71
3274,2021-02-05,TOS,5750,2245,3505,1888,3828,34,ITI,ITI1,9,Toscana,Toscana,3729641,1859794,49.87,0.15
3275,2021-05-16,TOS,26689,12895,13794,23923,2470,296,ITI,ITI1,9,Toscana,Toscana,3729641,1886483,50.58,0.72
3276,2021-05-07,TOS,32165,14714,17451,11357,20196,612,ITI,ITI1,9,Toscana,Toscana,3729641,1918648,51.44,0.86
3277,2021-07-29,TOS,39363,20504,18859,12599,26421,343,ITI,ITI1,9,Toscana,Toscana,3729641,1958011,52.5,1.06
3278,2021-02-13,TOS,7787,2362,5425,7412,227,148,ITI,ITI1,9,Toscana,Toscana,3729641,1965798,52.71,0.21
3279,2021-01-08,TOS,5948,1644,4304,5855,0,93,ITI,ITI1,9,Toscana,Toscana,3729641,1971746,52.87,0.16
3280,2021-07-12,TOS,28265,13992,14273,9662,18304,299,ITI,ITI1,9,Toscana,Toscana,3729641,2000011,53.62,0.76
3281,2021-04-01,TOS,27123,11254,15869,16173,10710,240,ITI,ITI1,9,Toscana,Toscana,3729641,2027134,54.35,0.73
3282,2021-03-15,TOS,8708,3655,5053,4088,4447,173,ITI,ITI1,9,Toscana,Toscana,3729641,2035842,54.59,0.23
3283,2021-06-23,TOS,31550,15294,16256,19813,11381,356,ITI,ITI1,9,Toscana,Toscana,3729641,2067392,55.43,0.85
3284,2021-01-10,TOS,3002,1105,1897,2947,0,55,ITI,ITI1,9,Toscana,Toscana,3729641,2070394,55.51,0.08
3285,2021-04-20,TOS,18162,8110,10052,12210,5588,364,ITI,ITI1,9,Toscana,Toscana,3729641,2088556,56.0,0.49
3286,2021-04-03,TOS,15017,6646,8371,13675,1126,216,ITI,ITI1,9,Toscana,Toscana,3729641,2103573,56.4,0.4
3287,2021-02-01,TOS,5514,1959,3555,510,4994,10,ITI,ITI1,9,Toscana,Toscana,3729641,2109087,56.55,0.15
3288,2020-12-27,TOS,620,267,353,615,0,5,ITI,ITI1,9,Toscana,Toscana,3729641,2109707,56.57,0.02
3289,2021-08-02,TOS,35281,18078,17203,13351,21540,390,ITI,ITI1,9,Toscana,Toscana,3729641,2144988,57.51,0.95
3290,2021-01-03,TOS,3337,1052,2285,3291,0,46,ITI,ITI1,9,Toscana,Toscana,3729641,2148325,57.6,0.09
3291,2021-07-17,TOS,27740,14333,13407,8958,18542,240,ITI,ITI1,9,Toscana,Toscana,3729641,2176065,58.35,0.74
3292,2021-06-11,TOS,29745,15490,14255,24720,4660,365,ITI,ITI1,9,Toscana,Toscana,3729641,2205810,59.14,0.8
3293,2021-04-15,TOS,24468,10228,14240,15333,8605,530,ITI,ITI1,9,Toscana,Toscana,3729641,2230278,59.8,0.66
3294,2021-02-17,TOS,8178,3171,5007,7301,753,124,ITI,ITI1,9,Toscana,Toscana,3729641,2238456,60.02,0.22
3295,2021-07-24,TOS,38428,19362,19066,6855,31348,225,ITI,ITI1,9,Toscana,Toscana,3729641,2276884,61.05,1.03
3296,2021-05-28,TOS,30137,13953,16184,17426,12483,228,ITI,ITI1,9,Toscana,Toscana,3729641,2307021,61.86,0.81
3297,2021-04-22,TOS,35768,15314,20454,17408,17531,829,ITI,ITI1,9,Toscana,Toscana,3729641,2342789,62.82,0.96
3298,2021-02-24,TOS,10372,4467,5905,10034,198,140,ITI,ITI1,9,Toscana,Toscana,3729641,2353161,63.09,0.28
3299,2021-07-31,TOS,35813,19199,16614,12368,23001,444,ITI,ITI1,9,Toscana,Toscana,3729641,2388974,64.05,0.96
3300,2021-06-04,TOS,28332,13445,14887,20262,7805,265,ITI,ITI1,9,Toscana,Toscana,3729641,2417306,64.81,0.76
3301,2021-04-08,TOS,29743,12584,17159,22934,6440,369,ITI,ITI1,9,Toscana,Toscana,3729641,2447049,65.61,0.8
3302,2021-02-20,TOS,4664,1797,2867,3993,537,134,ITI,ITI1,9,Toscana,Toscana,3729641,2451713,65.74,0.13
3303,2021-05-31,TOS,30346,14645,15701,19263,10842,241,ITI,ITI1,9,Toscana,Toscana,3729641,2482059,66.55,0.81
3304,2021-05-14,TOS,33389,15452,17937,20020,12728,641,ITI,ITI1,9,Toscana,Toscana,3729641,2515448,67.44,0.9
3305,2021-01-27,TOS,4837,1575,3262,200,4632,5,ITI,ITI1,9,Toscana,Toscana,3729641,2520285,67.57,0.13
3306,2021-03-17,TOS,11426,4590,6836,6798,4534,94,ITI,ITI1,9,Toscana,Toscana,3729641,2531711,67.88,0.31
3307,2021-06-25,TOS,33634,16814,16820,12112,21242,280,ITI,ITI1,9,Toscana,Toscana,3729641,2565345,68.78,0.9
3308,2021-06-08,TOS,32600,16723,15877,31737,490,373,ITI,ITI1,9,Toscana,Toscana,3729641,2597945,69.66,0.87
3309,2021-02-26,TOS,10091,3841,6250,8662,1211,218,ITI,ITI1,9,Toscana,Toscana,3729641,2608036,69.93,0.27
3310,2021-06-06,TOS,28315,13657,14658,22585,5368,362,ITI,ITI1,9,Toscana,Toscana,3729641,2636351,70.69,0.76
3311,2021-05-11,TOS,27966,12993,14973,12104,15484,378,ITI,ITI1,9,Toscana,Toscana,3729641,2664317,71.44,0.75
3312,2021-03-13,TOS,9291,3311,5980,5171,3966,154,ITI,ITI1,9,Toscana,Toscana,3729641,2673608,71.69,0.25
3313,2021-07-14,TOS,28902,14271,14631,8604,20048,250,ITI,ITI1,9,Toscana,Toscana,3729641,2702510,72.46,0.77
3314,2021-01-29,TOS,6150,1702,4448,290,5848,12,ITI,ITI1,9,Toscana,Toscana,3729641,2708660,72.63,0.16
3315,2021-05-09,TOS,22541,9775,12766,9411,12869,261,ITI,ITI1,9,Toscana,Toscana,3729641,2731201,73.23,0.6
3316,2021-08-03,TOS,36311,18901,17410,12151,23783,377,ITI,ITI1,9,Toscana,Toscana,3729641,2767512,74.2,0.97
3317,2021-01-13,TOS,4063,1398,2665,3999,0,64,ITI,ITI1,9,Toscana,Toscana,3729641,2771575,74.31,0.11
3318,2021-04-23,TOS,25672,11430,14242,8806,16334,532,ITI,ITI1,9,Toscana,Toscana,3729641,2797247,75.0,0.69
3319,2021-07-16,TOS,27663,14036,13627,7694,19716,253,ITI,ITI1,9,Toscana,Toscana,3729641,2824910,75.74,0.74
3320,2021-05-20,TOS,29773,13920,15853,18640,10850,283,ITI,ITI1,9,Toscana,Toscana,3729641,2854683,76.54,0.8
3321,2021-01-31,TOS,3052,1131,1921,100,2949,3,ITI,ITI1,9,Toscana,Toscana,3729641,2857735,76.62,0.08
3322,2021-04-05,TOS,15288,6826,8462,14370,738,180,ITI,ITI1,9,Toscana,Toscana,3729641,2873023,77.03,0.41
3323,2021-02-07,TOS,2808,954,1854,864,1924,20,ITI,ITI1,9,Toscana,Toscana,3729641,2875831,77.11,0.08
3324,2021-07-23,TOS,38423,19286,19137,4389,33881,153,ITI,ITI1,9,Toscana,Toscana,3729641,2914254,78.14,1.03
3325,2021-05-18,TOS,28841,14276,14565,19759,8828,254,ITI,ITI1,9,Toscana,Toscana,3729641,2943095,78.91,0.77
3326,2021-04-27,TOS,10372,4927,5445,3665,6503,204,ITI,ITI1,9,Toscana,Toscana,3729641,2953467,79.19,0.28
3327,2021-07-19,TOS,38021,18949,19072,8814,28918,289,ITI,ITI1,9,Toscana,Toscana,3729641,2991488,80.21,1.02
3328,2021-01-17,TOS,2536,871,1665,1987,514,35,ITI,ITI1,9,Toscana,Toscana,3729641,2994024,80.28,0.07
3329,2021-01-01,TOS,2370,788,1582,2325,0,45,ITI,ITI1,9,Toscana,Toscana,3729641,2996394,80.34,0.06
3330,2021-04-11,TOS,3645,1680,1965,3335,155,155,ITI,ITI1,9,Toscana,Toscana,3729641,3000039,80.44,0.1
3331,2021-07-03,TOS,29402,14816,14586,11854,17164,384,ITI,ITI1,9,Toscana,Toscana,3729641,3029441,81.23,0.79
3332,2021-08-07,TOS,30405,16259,14146,14185,15736,484,ITI,ITI1,9,Toscana,Toscana,3729641,3059846,82.04,0.82
3333,2021-03-06,TOS,7114,2853,4261,2826,4203,85,ITI,ITI1,9,Toscana,Toscana,3729641,3066960,82.23,0.19
3334,2021-03-03,TOS,18233,6541,11692,14496,3609,128,ITI,ITI1,9,Toscana,Toscana,3729641,3085193,82.72,0.49
3335,2021-01-05,TOS,5249,1755,3494,5193,0,56,ITI,ITI1,9,Toscana,Toscana,3729641,3090442,82.86,0.14
3336,2021-01-19,TOS,1106,533,573,1064,0,42,ITI,ITI1,9,Toscana,Toscana,3729641,3091548,82.89,0.03
3337,2021-08-11,TOS,26895,14107,12788,16850,9321,724,ITI,ITI1,9,Toscana,Toscana,3729641,3118443,83.61,0.72
3338,2021-01-12,TOS,3581,1398,2183,3508,0,73,ITI,ITI1,9,Toscana,Toscana,3729641,3122024,83.71,0.1
3339,2021-03-20,TOS,6589,2978,3611,5361,1138,90,ITI,ITI1,9,Toscana,Toscana,3729641,3128613,83.89,0.18
3340,2021-01-22,TOS,2866,1064,1802,524,2339,3,ITI,ITI1,9,Toscana,Toscana,3729641,3131479,83.96,0.08
3341,2021-07-07,TOS,25641,12605,13036,9339,16115,187,ITI,ITI1,9,Toscana,Toscana,3729641,3157120,84.65,0.69
3342,2021-03-27,TOS,8865,4155,4710,8511,216,138,ITI,ITI1,9,Toscana,Toscana,3729641,3165985,84.89,0.24
3343,2021-02-15,TOS,8770,3376,5394,7771,826,173,ITI,ITI1,9,Toscana,Toscana,3729641,3174755,85.12,0.24
3344,2021-02-22,TOS,9821,4255,5566,9166,278,377,ITI,ITI1,9,Toscana,Toscana,3729641,3184576,85.39,0.26
3345,2021-05-08,TOS,29182,13127,16055,13279,15502,401,ITI,ITI1,9,Toscana,Toscana,3729641,3213758,86.17,0.78
3346,2021-03-12,TOS,16991,6624,10367,13269,3531,191,ITI,ITI1,9,Toscana,Toscana,3729641,3230749,86.62,0.46
3347,2021-01-14,TOS,3255,1179,2076,3219,0,36,ITI,ITI1,9,Toscana,Toscana,3729641,3234004,86.71,0.09
3348,2021-06-20,TOS,25178,12484,12694,15418,9519,241,ITI,ITI1,9,Toscana,Toscana,3729641,3259182,87.39,0.68
3349,2021-04-24,TOS,13444,6172,7272,5618,7457,369,ITI,ITI1,9,Toscana,Toscana,3729641,3272626,87.75,0.36
3350,2021-02-03,TOS,4225,1452,2773,236,3985,4,ITI,ITI1,9,Toscana,Toscana,3729641,3276851,87.86,0.11
3351,2021-01-15,TOS,3879,1348,2531,3819,0,60,ITI,ITI1,9,Toscana,Toscana,3729641,3280730,87.96,0.1
3352,2021-06-18,TOS,30808,16259,14549,25000,5404,404,ITI,ITI1,9,Toscana,Toscana,3729641,3311538,88.79,0.83
3353,2021-03-25,TOS,23968,10403,13565,15305,8404,259,ITI,ITI1,9,Toscana,Toscana,3729641,3335506,89.43,0.64
3354,2021-06-27,TOS,33302,16077,17225,5915,27255,132,ITI,ITI1,9,Toscana,Toscana,3729641,3368808,90.33,0.89
3355,2021-05-01,TOS,23338,10071,13267,13729,9224,385,ITI,ITI1,9,Toscana,Toscana,3729641,3392146,90.95,0.63
3356,2021-03-05,TOS,16881,6691,10190,11943,4757,181,ITI,ITI1,9,Toscana,Toscana,3729641,3409027,91.4,0.45
3357,2021-08-09,TOS,28926,14689,14237,18491,9727,708,ITI,ITI1,9,Toscana,Toscana,3729641,3437953,92.18,0.78
3358,2021-06-13,TOS,24617,12353,12264,22607,1659,351,ITI,ITI1,9,Toscana,Toscana,3729641,3462570,92.84,0.66
3359,2021-07-05,TOS,30517,15084,15433,10337,19949,231,ITI,ITI1,9,Toscana,Toscana,3729641,3493087,93.66,0.82
3360,2021-03-08,TOS,6713,2950,3763,1841,4825,47,ITI,ITI1,9,Toscana,Toscana,3729641,3499800,93.84,0.18
3361,2021-06-16,TOS,31779,16267,15512,26278,5181,320,ITI,ITI1,9,Toscana,Toscana,3729641,3531579,94.69,0.85
3362,2021-05-30,TOS,28699,13955,14744,21507,6950,242,ITI,ITI1,9,Toscana,Toscana,3729641,3560278,95.46,0.77
3363,2021-07-04,TOS,31522,15304,16218,9360,21872,290,ITI,ITI1,9,Toscana,Toscana,3729641,3591800,96.3,0.85
3364,2021-04-12,TOS,2624,1192,1432,1800,655,169,ITI,ITI1,9,Toscana,Toscana,3729641,3594424,96.37,0.07
3365,2021-07-21,TOS,38481,19640,18841,7340,30907,234,ITI,ITI1,9,Toscana,Toscana,3729641,3632905,97.41,1.03
3366,2021-05-13,TOS,35188,15543,19645,13202,21346,640,ITI,ITI1,9,Toscana,Toscana,3729641,3668093,98.35,0.94
3367,2021-08-04,TOS,34753,17978,16775,11308,23031,414,ITI,ITI1,9,Toscana,Toscana,3729641,3702846,99.28,0.93
3368,2021-04-29,TOS,39368,17735,21633,18565,20142,661,ITI,ITI1,9,Toscana,Toscana,3729641,3742214,100.34,1.06
3369,2021-03-24,TOS,20030,8309,11721,10404,9483,143,ITI,ITI1,9,Toscana,Toscana,3729641,3762244,100.87,0.54
3370,2021-06-30,TOS,38269,18514,19755,8461,29591,217,ITI,ITI1,9,Toscana,Toscana,3729641,3800513,101.9,1.03
3371,2021-02-14,TOS,9000,2569,6431,8737,110,153,ITI,ITI1,9,Toscana,Toscana,3729641,3809513,102.14,0.24
3372,2021-05-25,TOS,34192,16507,17685,19283,14636,273,ITI,ITI1,9,Toscana,Toscana,3729641,3843705,103.06,0.92
3373,2021-03-29,TOS,9698,4849,4849,9213,351,134,ITI,ITI1,9,Toscana,Toscana,3729641,3853403,103.32,0.26
3374,2021-05-27,TOS,28373,13206,15167,13275,14876,222,ITI,ITI1,9,Toscana,Toscana,3729641,3881776,104.08,0.76
3375,2021-03-31,TOS,32763,13276,19487,20188,12235,340,ITI,ITI1,9,Toscana,Toscana,3729641,3914539,104.96,0.88
3376,2021-07-09,TOS,29122,14106,15016,7692,21237,193,ITI,ITI1,9,Toscana,Toscana,3729641,3943661,105.74,0.78
3377,2021-03-22,TOS,5258,2768,2490,4675,447,136,ITI,ITI1,9,Toscana,Toscana,3729641,3948919,105.88,0.14
3378,2020-12-31,TOS,802,201,601,798,0,4,ITI,ITI1,9,Toscana,Toscana,3729641,3949721,105.9,0.02
3379,2021-04-10,TOS,11751,5366,6385,10770,743,238,ITI,ITI1,9,Toscana,Toscana,3729641,3961472,106.22,0.32
3380,2021-02-19,TOS,8293,2952,5341,7600,513,180,ITI,ITI1,9,Toscana,Toscana,3729641,3969765,106.44,0.22
3381,2021-02-21,TOS,5105,2089,3016,4731,170,204,ITI,ITI1,9,Toscana,Toscana,3729641,3974870,106.58,0.14
3382,2021-06-01,TOS,26953,13397,13556,22868,3836,249,ITI,ITI1,9,Toscana,Toscana,3729641,4001823,107.3,0.72
3383,2021-07-02,TOS,28304,14202,14102,10812,17196,296,ITI,ITI1,9,Toscana,Toscana,3729641,4030127,108.06,0.76
3384,2021-06-15,TOS,31215,16069,15146,26303,4573,339,ITI,ITI1,9,Toscana,Toscana,3729641,4061342,108.89,0.84
3385,2021-03-10,TOS,18368,7406,10962,14263,3998,107,ITI,ITI1,9,Toscana,Toscana,3729641,4079710,109.39,0.49
3386,2021-02-02,TOS,3744,1476,2268,189,3548,7,ITI,ITI1,9,Toscana,Toscana,3729641,4083454,109.49,0.1
3387,2021-06-26,TOS,34565,16764,17801,9994,24341,230,ITI,ITI1,9,Toscana,Toscana,3729641,4118019,110.41,0.93
3388,2021-06-09,TOS,34835,17575,17260,33952,462,421,ITI,ITI1,9,Toscana,Toscana,3729641,4152854,111.35,0.93
3389,2021-04-04,TOS,13927,6612,7315,13507,255,165,ITI,ITI1,9,Toscana,Toscana,3729641,4166781,111.72,0.37
3390,2021-03-16,TOS,4903,1885,3018,2568,2254,81,ITI,ITI1,9,Toscana,Toscana,3729641,4171684,111.85,0.13
3391,2021-02-27,TOS,1984,756,1228,1007,902,75,ITI,ITI1,9,Toscana,Toscana,3729641,4173668,111.91,0.05
3392,2021-06-07,TOS,34958,17152,17806,30970,3647,341,ITI,ITI1,9,Toscana,Toscana,3729641,4208626,112.84,0.94
3393,2021-05-21,TOS,28944,13493,15451,17223,11464,257,ITI,ITI1,9,Toscana,Toscana,3729641,4237570,113.62,0.78
3394,2021-03-01,TOS,4474,1734,2740,766,3642,66,ITI,ITI1,9,Toscana,Toscana,3729641,4242044,113.74,0.12
3395,2021-05-23,TOS,28431,13668,14763,25602,2560,269,ITI,ITI1,9,Toscana,Toscana,3729641,4270475,114.5,0.76
3396,2021-08-12,TOS,25704,13381,12323,14253,10818,633,ITI,ITI1,9,Toscana,Toscana,3729641,4296179,115.19,0.69
3397,2021-07-26,TOS,38254,19839,18415,10081,27868,305,ITI,ITI1,9,Toscana,Toscana,3729641,4334433,116.22,1.03
3398,2021-02-10,TOS,4268,1285,2983,3587,525,156,ITI,ITI1,9,Toscana,Toscana,3729641,4338701,116.33,0.11
3399,2021-05-04,TOS,18324,8217,10107,12415,5464,445,ITI,ITI1,9,Toscana,Toscana,3729641,4357025,116.82,0.49
3400,2021-02-12,TOS,7619,2694,4925,7293,213,113,ITI,ITI1,9,Toscana,Toscana,3729641,4364644,117.03,0.2
3401,2021-07-28,TOS,38529,20136,18393,12093,26099,337,ITI,ITI1,9,Toscana,Toscana,3729641,4403173,118.06,1.03
3402,2021-01-26,TOS,5398,1794,3604,209,5185,4,ITI,ITI1,9,Toscana,Toscana,3729641,4408571,118.2,0.14
3403,2021-05-06,TOS,31425,13668,17757,13465,17266,694,ITI,ITI1,9,Toscana,Toscana,3729641,4439996,119.05,0.84
3404,2021-04-19,TOS,9102,4514,4588,7753,1032,317,ITI,ITI1,9,Toscana,Toscana,3729641,4449098,119.29,0.24
3405,2021-04-17,TOS,20560,9219,11341,17930,2141,489,ITI,ITI1,9,Toscana,Toscana,3729641,4469658,119.84,0.55
3406,2021-01-24,TOS,3350,1073,2277,197,3150,3,ITI,ITI1,9,Toscana,Toscana,3729641,4473008,119.93,0.09
3407,2021-01-07,TOS,6018,1751,4267,5932,0,86,ITI,ITI1,9,Toscana,Toscana,3729641,4479026,120.09,0.16
3408,2021-07-18,VEN,37713,19756,17957,3838,33624,251,ITH,ITH3,5,Veneto,Veneto,4905854,37713,0.77,0.77
3409,2021-02-25,VEN,7903,3344,4559,7159,607,137,ITH,ITH3,5,Veneto,Veneto,4905854,45616,0.93,0.16
3410,2021-04-09,VEN,31205,13767,17438,21918,8349,938,ITH,ITH3,5,Veneto,Veneto,4905854,76821,1.57,0.64
3411,2021-06-05,VEN,46870,24142,22728,37325,8098,1447,ITH,ITH3,5,Veneto,Veneto,4905854,123691,2.52,0.96
3412,2021-01-11,VEN,7244,2102,5142,7243,0,1,ITH,ITH3,5,Veneto,Veneto,4905854,130935,2.67,0.15
3413,2021-04-21,VEN,32401,13202,19199,15562,16065,774,ITH,ITH3,5,Veneto,Veneto,4905854,163336,3.33,0.66
3414,2021-05-22,VEN,34829,16699,18130,12717,21443,669,ITH,ITH3,5,Veneto,Veneto,4905854,198165,4.04,0.71
3415,2021-02-11,VEN,4014,1238,2776,3348,628,38,ITH,ITH3,5,Veneto,Veneto,4905854,202179,4.12,0.08
3416,2021-01-28,VEN,9216,2666,6550,169,9045,2,ITH,ITH3,5,Veneto,Veneto,4905854,211395,4.31,0.19
3417,2021-05-17,VEN,26538,12998,13540,15664,10056,818,ITH,ITH3,5,Veneto,Veneto,4905854,237933,4.85,0.54
3418,2021-02-06,VEN,4098,1354,2744,708,3390,0,ITH,ITH3,5,Veneto,Veneto,4905854,242031,4.93,0.08
3419,2021-02-23,VEN,7383,3253,4130,7029,270,84,ITH,ITH3,5,Veneto,Veneto,4905854,249414,5.08,0.15
3420,2021-08-13,VEN,18559,10406,8153,13626,4355,578,ITH,ITH3,5,Veneto,Veneto,4905854,267973,5.46,0.38
3421,2021-05-05,VEN,44411,21281,23130,36231,6566,1614,ITH,ITH3,5,Veneto,Veneto,4905854,312384,6.37,0.91
3422,2021-07-01,VEN,50958,26026,24932,20688,29270,1000,ITH,ITH3,5,Veneto,Veneto,4905854,363342,7.41,1.04
3423,2021-06-17,VEN,51732,25925,25807,25552,25038,1142,ITH,ITH3,5,Veneto,Veneto,4905854,415074,8.46,1.05
3424,2021-03-09,VEN,16548,7450,9098,9829,6323,396,ITH,ITH3,5,Veneto,Veneto,4905854,431622,8.8,0.34
3425,2021-05-31,VEN,31646,16242,15404,20896,9931,819,ITH,ITH3,5,Veneto,Veneto,4905854,463268,9.44,0.65
3426,2021-03-26,VEN,29614,13160,16454,23291,5464,859,ITH,ITH3,5,Veneto,Veneto,4905854,492882,10.05,0.6
3427,2021-03-28,VEN,31314,13609,17705,26887,3615,812,ITH,ITH3,5,Veneto,Veneto,4905854,524196,10.69,0.64
3428,2021-06-19,VEN,49293,25080,24213,25688,22580,1025,ITH,ITH3,5,Veneto,Veneto,4905854,573489,11.69,1.0
3429,2021-07-13,VEN,43549,22605,20944,5403,37834,312,ITH,ITH3,5,Veneto,Veneto,4905854,617038,12.58,0.89
3430,2021-04-04,VEN,7790,3535,4255,6517,1148,125,ITH,ITH3,5,Veneto,Veneto,4905854,624828,12.74,0.16
3431,2021-05-24,VEN,33085,16433,16652,7631,25049,405,ITH,ITH3,5,Veneto,Veneto,4905854,657913,13.41,0.67
3432,2021-07-27,VEN,42183,22137,20046,11723,30026,434,ITH,ITH3,5,Veneto,Veneto,4905854,700096,14.27,0.86
3433,2021-08-01,VEN,27877,14915,12962,11012,16349,516,ITH,ITH3,5,Veneto,Veneto,4905854,727973,14.84,0.57
3434,2021-04-23,VEN,31289,13855,17434,21427,8707,1155,ITH,ITH3,5,Veneto,Veneto,4905854,759262,15.48,0.64
3435,2021-02-16,VEN,6644,2870,3774,6439,176,29,ITH,ITH3,5,Veneto,Veneto,4905854,765906,15.61,0.14
3436,2021-01-23,VEN,4057,1250,2807,31,4026,0,ITH,ITH3,5,Veneto,Veneto,4905854,769963,15.69,0.08
3437,2021-06-29,VEN,45552,22724,22828,19046,25825,681,ITH,ITH3,5,Veneto,Veneto,4905854,815515,16.62,0.93
3438,2021-03-21,VEN,11992,4756,7236,8286,3466,240,ITH,ITH3,5,Veneto,Veneto,4905854,827507,16.87,0.24
3439,2021-01-16,VEN,4612,1542,3070,4612,0,0,ITH,ITH3,5,Veneto,Veneto,4905854,832119,16.96,0.09
3440,2021-03-14,VEN,15182,5944,9238,13851,894,437,ITH,ITH3,5,Veneto,Veneto,4905854,847301,17.27,0.31
3441,2021-03-02,VEN,11494,4627,6867,7934,3312,248,ITH,ITH3,5,Veneto,Veneto,4905854,858795,17.51,0.23
3442,2021-06-10,VEN,52374,27024,25350,41314,9367,1693,ITH,ITH3,5,Veneto,Veneto,4905854,911169,18.57,1.07
3443,2021-04-02,VEN,24112,10630,13482,17137,6331,644,ITH,ITH3,5,Veneto,Veneto,4905854,935281,19.06,0.49
3444,2021-06-12,VEN,48694,24499,24195,36419,10815,1460,ITH,ITH3,5,Veneto,Veneto,4905854,983975,20.06,0.99
3445,2021-08-06,VEN,38174,20826,17348,19774,17525,875,ITH,ITH3,5,Veneto,Veneto,4905854,1022149,20.84,0.78
3446,2021-04-28,VEN,32459,15198,17261,22259,9022,1178,ITH,ITH3,5,Veneto,Veneto,4905854,1054608,21.5,0.66
3447,2021-07-20,VEN,44345,23678,20667,6871,36965,509,ITH,ITH3,5,Veneto,Veneto,4905854,1098953,22.4,0.9
3448,2021-01-18,VEN,2766,778,1988,2560,201,5,ITH,ITH3,5,Veneto,Veneto,4905854,1101719,22.46,0.06
3449,2021-02-04,VEN,7396,2028,5368,550,6845,1,ITH,ITH3,5,Veneto,Veneto,4905854,1109115,22.61,0.15
3450,2021-08-08,VEN,20478,11367,9111,10636,9533,309,ITH,ITH3,5,Veneto,Veneto,4905854,1129593,23.03,0.42
3451,2021-05-12,VEN,36985,17906,19079,30242,5129,1614,ITH,ITH3,5,Veneto,Veneto,4905854,1166578,23.78,0.75
3452,2021-07-08,VEN,46703,24307,22396,4499,41910,294,ITH,ITH3,5,Veneto,Veneto,4905854,1213281,24.73,0.95
3453,2021-06-24,VEN,56189,28460,27729,17635,37872,682,ITH,ITH3,5,Veneto,Veneto,4905854,1269470,25.88,1.15
3454,2021-03-16,VEN,12535,5357,7178,6642,5624,269,ITH,ITH3,5,Veneto,Veneto,4905854,1282005,26.13,0.26
3455,2021-05-10,VEN,36515,17087,19428,25428,9855,1232,ITH,ITH3,5,Veneto,Veneto,4905854,1318520,26.88,0.74
3456,2021-01-30,VEN,8758,2677,6081,691,8067,0,ITH,ITH3,5,Veneto,Veneto,4905854,1327278,27.05,0.18
3457,2021-03-07,VEN,4497,1770,2727,3867,561,69,ITH,ITH3,5,Veneto,Veneto,4905854,1331775,27.15,0.09
3458,2021-05-03,VEN,40708,19811,20897,32806,6440,1462,ITH,ITH3,5,Veneto,Veneto,4905854,1372483,27.98,0.83
3459,2021-01-09,VEN,7934,2539,5395,7929,0,5,ITH,ITH3,5,Veneto,Veneto,4905854,1380417,28.14,0.16
3460,2021-03-18,VEN,12622,5145,7477,7037,5232,353,ITH,ITH3,5,Veneto,Veneto,4905854,1393039,28.4,0.26
3461,2021-06-26,VEN,48078,24513,23565,13601,33990,487,ITH,ITH3,5,Veneto,Veneto,4905854,1441117,29.38,0.98
3462,2021-07-06,VEN,36137,18622,17515,13207,22300,630,ITH,ITH3,5,Veneto,Veneto,4905854,1477254,30.11,0.74
3463,2021-04-14,VEN,15937,6912,9025,8763,6634,540,ITH,ITH3,5,Veneto,Veneto,4905854,1493191,30.44,0.32
3464,2021-01-04,VEN,6739,2037,4702,6737,0,2,ITH,ITH3,5,Veneto,Veneto,4905854,1499930,30.57,0.14
3465,2021-05-14,VEN,46818,22269,24549,24300,20946,1572,ITH,ITH3,5,Veneto,Veneto,4905854,1546748,31.53,0.95
3466,2021-02-20,VEN,6429,2018,4411,6276,72,81,ITH,ITH3,5,Veneto,Veneto,4905854,1553177,31.66,0.13
3467,2021-05-29,VEN,33048,16696,16352,24244,7688,1116,ITH,ITH3,5,Veneto,Veneto,4905854,1586225,32.33,0.67
3468,2021-02-18,VEN,5832,2456,3376,5729,64,39,ITH,ITH3,5,Veneto,Veneto,4905854,1592057,32.45,0.12
3469,2021-07-25,VEN,33153,17517,15636,10797,21889,467,ITH,ITH3,5,Veneto,Veneto,4905854,1625210,33.13,0.68
3470,2021-04-16,VEN,24461,10499,13962,11895,11889,677,ITH,ITH3,5,Veneto,Veneto,4905854,1649671,33.63,0.5
3471,2021-06-09,VEN,42805,21958,20847,33798,7463,1544,ITH,ITH3,5,Veneto,Veneto,4905854,1692476,34.5,0.87
3472,2021-06-28,VEN,47651,24114,23537,18423,28534,694,ITH,ITH3,5,Veneto,Veneto,4905854,1740127,35.47,0.97
3473,2021-01-25,VEN,6471,2077,4394,157,6314,0,ITH,ITH3,5,Veneto,Veneto,4905854,1746598,35.6,0.13
3474,2021-07-29,VEN,47427,25083,22344,20064,26505,858,ITH,ITH3,5,Veneto,Veneto,4905854,1794025,36.57,0.97
3475,2021-07-15,VEN,51383,26890,24493,6021,44983,379,ITH,ITH3,5,Veneto,Veneto,4905854,1845408,37.62,1.05
3476,2021-04-20,VEN,22457,9500,12957,7880,14007,570,ITH,ITH3,5,Veneto,Veneto,4905854,1867865,38.07,0.46
3477,2021-05-02,VEN,37244,17265,19979,25619,10330,1295,ITH,ITH3,5,Veneto,Veneto,4905854,1905109,38.83,0.76
3478,2021-06-14,VEN,42619,21555,21064,26304,15311,1004,ITH,ITH3,5,Veneto,Veneto,4905854,1947728,39.7,0.87
3479,2021-03-06,VEN,10683,4357,6326,7218,3278,187,ITH,ITH3,5,Veneto,Veneto,4905854,1958411,39.92,0.22
3480,2021-08-10,VEN,28343,15546,12797,16336,11406,601,ITH,ITH3,5,Veneto,Veneto,4905854,1986754,40.5,0.58
3481,2020-12-30,VEN,699,245,454,699,0,0,ITH,ITH3,5,Veneto,Veneto,4905854,1987453,40.51,0.01
3482,2021-08-12,VEN,23887,12949,10938,17152,6050,685,ITH,ITH3,5,Veneto,Veneto,4905854,2011340,41.0,0.49
3483,2021-06-07,VEN,44693,23317,21376,36179,7039,1475,ITH,ITH3,5,Veneto,Veneto,4905854,2056033,41.91,0.91
3484,2021-04-30,VEN,50254,23614,26640,33176,15672,1406,ITH,ITH3,5,Veneto,Veneto,4905854,2106287,42.93,1.02
3485,2021-01-20,VEN,1039,368,671,387,652,0,ITH,ITH3,5,Veneto,Veneto,4905854,2107326,42.96,0.02
3486,2021-07-03,VEN,38705,20118,18587,11033,27102,570,ITH,ITH3,5,Veneto,Veneto,4905854,2146031,43.74,0.79
3487,2021-06-16,VEN,47779,23572,24207,25271,21421,1087,ITH,ITH3,5,Veneto,Veneto,4905854,2193810,44.72,0.97
3488,2021-01-01,VEN,1528,471,1057,1527,0,1,ITH,ITH3,5,Veneto,Veneto,4905854,2195338,44.75,0.03
3489,2021-03-23,VEN,22224,10247,11977,16873,4716,635,ITH,ITH3,5,Veneto,Veneto,4905854,2217562,45.2,0.45
3490,2021-05-19,VEN,33139,15175,17964,16224,15985,930,ITH,ITH3,5,Veneto,Veneto,4905854,2250701,45.88,0.68
3491,2021-02-08,VEN,5006,1559,3447,1923,3077,6,ITH,ITH3,5,Veneto,Veneto,4905854,2255707,45.98,0.1
3492,2021-04-06,VEN,29018,13361,15657,23247,5047,724,ITH,ITH3,5,Veneto,Veneto,4905854,2284725,46.57,0.59
3493,2021-02-01,VEN,8563,2502,6061,157,8406,0,ITH,ITH3,5,Veneto,Veneto,4905854,2293288,46.75,0.17
3494,2021-05-28,VEN,46902,22956,23946,23686,22019,1197,ITH,ITH3,5,Veneto,Veneto,4905854,2340190,47.7,0.96
3495,2021-07-24,VEN,41639,22331,19308,13240,27761,638,ITH,ITH3,5,Veneto,Veneto,4905854,2381829,48.55,0.85
3496,2021-07-10,VEN,43189,23213,19976,6291,36540,358,ITH,ITH3,5,Veneto,Veneto,4905854,2425018,49.43,0.88
3497,2021-07-17,VEN,40592,21473,19119,4289,35961,342,ITH,ITH3,5,Veneto,Veneto,4905854,2465610,50.26,0.83
3498,2021-08-05,VEN,38970,21299,17671,15535,22836,599,ITH,ITH3,5,Veneto,Veneto,4905854,2504580,51.05,0.79
3499,2021-04-18,VEN,17530,7262,10268,9510,7567,453,ITH,ITH3,5,Veneto,Veneto,4905854,2522110,51.41,0.36
3500,2021-01-08,VEN,9417,2838,6579,9403,0,14,ITH,ITH3,5,Veneto,Veneto,4905854,2531527,51.6,0.19
3501,2021-01-13,VEN,5988,1606,4382,5985,0,3,ITH,ITH3,5,Veneto,Veneto,4905854,2537515,51.72,0.12
3502,2021-02-27,VEN,8994,2693,6301,7965,849,180,ITH,ITH3,5,Veneto,Veneto,4905854,2546509,51.91,0.18
3503,2021-03-04,VEN,12986,4888,8098,9121,3475,390,ITH,ITH3,5,Veneto,Veneto,4905854,2559495,52.17,0.26
3504,2021-07-07,VEN,40946,21306,19640,15634,24522,790,ITH,ITH3,5,Veneto,Veneto,4905854,2600441,53.01,0.83
3505,2021-05-11,VEN,33189,16511,16678,27155,4722,1312,ITH,ITH3,5,Veneto,Veneto,4905854,2633630,53.68,0.68
3506,2021-03-25,VEN,25975,11062,14913,18976,6104,895,ITH,ITH3,5,Veneto,Veneto,4905854,2659605,54.21,0.53
3507,2021-04-11,VEN,21011,8876,12135,14231,6295,485,ITH,ITH3,5,Veneto,Veneto,4905854,2680616,54.64,0.43
3508,2021-07-22,VEN,48321,25080,23241,13248,34426,647,ITH,ITH3,5,Veneto,Veneto,4905854,2728937,55.63,0.98
3509,2021-04-13,VEN,14037,6326,7711,8058,5479,500,ITH,ITH3,5,Veneto,Veneto,4905854,2742974,55.91,0.29
3510,2021-07-05,VEN,39138,20284,18854,14153,24196,789,ITH,ITH3,5,Veneto,Veneto,4905854,2782112,56.71,0.8
3511,2021-01-03,VEN,5158,1562,3596,5158,0,0,ITH,ITH3,5,Veneto,Veneto,4905854,2787270,56.82,0.11
3512,2021-03-08,VEN,13639,6276,7363,9304,4072,263,ITH,ITH3,5,Veneto,Veneto,4905854,2800909,57.09,0.28
3513,2021-06-18,VEN,53637,26764,26873,23990,28618,1029,ITH,ITH3,5,Veneto,Veneto,4905854,2854546,58.19,1.09
3514,2021-05-09,VEN,35088,16144,18944,23796,10055,1237,ITH,ITH3,5,Veneto,Veneto,4905854,2889634,58.9,0.72
3515,2021-05-26,VEN,31150,15228,15922,13986,16488,676,ITH,ITH3,5,Veneto,Veneto,4905854,2920784,59.54,0.63
3516,2021-03-01,VEN,9395,3717,5678,7410,1822,163,ITH,ITH3,5,Veneto,Veneto,4905854,2930179,59.73,0.19
3517,2021-02-15,VEN,4392,1826,2566,4143,240,9,ITH,ITH3,5,Veneto,Veneto,4905854,2934571,59.82,0.09
3518,2021-03-30,VEN,35998,15313,20685,29741,5249,1008,ITH,ITH3,5,Veneto,Veneto,4905854,2970569,60.55,0.73
3519,2021-08-02,VEN,40031,20988,19043,16241,23145,645,ITH,ITH3,5,Veneto,Veneto,4905854,3010600,61.37,0.82
3520,2021-04-10,VEN,27478,11984,15494,18381,8471,626,ITH,ITH3,5,Veneto,Veneto,4905854,3038078,61.93,0.56
3521,2021-06-06,VEN,37446,19172,18274,31495,4730,1221,ITH,ITH3,5,Veneto,Veneto,4905854,3075524,62.69,0.76
3522,2020-12-27,VEN,880,395,485,880,0,0,ITH,ITH3,5,Veneto,Veneto,4905854,3076404,62.71,0.02
3523,2021-05-21,VEN,44842,22049,22793,19808,23935,1099,ITH,ITH3,5,Veneto,Veneto,4905854,3121246,63.62,0.91
3524,2021-02-17,VEN,6022,2772,3250,5900,94,28,ITH,ITH3,5,Veneto,Veneto,4905854,3127268,63.75,0.12
3525,2021-04-01,VEN,25390,11187,14203,18202,6414,774,ITH,ITH3,5,Veneto,Veneto,4905854,3152658,64.26,0.52
3526,2021-04-15,VEN,20935,8649,12286,9359,10831,745,ITH,ITH3,5,Veneto,Veneto,4905854,3173593,64.69,0.43
3527,2021-01-05,VEN,7336,2186,5150,7334,0,2,ITH,ITH3,5,Veneto,Veneto,4905854,3180929,64.84,0.15
3528,2021-02-10,VEN,4758,1592,3166,3692,1057,9,ITH,ITH3,5,Veneto,Veneto,4905854,3185687,64.94,0.1
3529,2021-04-08,VEN,32401,14384,18017,23344,7885,1172,ITH,ITH3,5,Veneto,Veneto,4905854,3218088,65.6,0.66
3530,2021-05-07,VEN,48624,23298,25326,37603,8673,2348,ITH,ITH3,5,Veneto,Veneto,4905854,3266712,66.59,0.99
3531,2021-01-27,VEN,7146,2067,5079,240,6905,1,ITH,ITH3,5,Veneto,Veneto,4905854,3273858,66.73,0.15
3532,2021-02-13,VEN,3266,1473,1793,3230,20,16,ITH,ITH3,5,Veneto,Veneto,4905854,3277124,66.8,0.07
3533,2021-03-27,VEN,32089,14016,18073,25380,5806,903,ITH,ITH3,5,Veneto,Veneto,4905854,3309213,67.45,0.65
3534,2021-06-03,VEN,54518,28033,26485,40885,11991,1642,ITH,ITH3,5,Veneto,Veneto,4905854,3363731,68.57,1.11
3535,2021-06-20,VEN,41203,20063,21140,18935,21534,734,ITH,ITH3,5,Veneto,Veneto,4905854,3404934,69.41,0.84
3536,2021-02-19,VEN,7323,3141,4182,6995,204,124,ITH,ITH3,5,Veneto,Veneto,4905854,3412257,69.55,0.15
3537,2021-02-21,VEN,4640,1212,3428,4516,5,119,ITH,ITH3,5,Veneto,Veneto,4905854,3416897,69.65,0.09
3538,2021-05-15,VEN,36261,17516,18745,24815,10018,1428,ITH,ITH3,5,Veneto,Veneto,4905854,3453158,70.39,0.74
3539,2021-06-01,VEN,26986,13566,13420,15787,10556,643,ITH,ITH3,5,Veneto,Veneto,4905854,3480144,70.94,0.55
3540,2021-03-10,VEN,19042,8727,10315,12963,5686,393,ITH,ITH3,5,Veneto,Veneto,4905854,3499186,71.33,0.39
3541,2021-01-22,VEN,1080,332,748,25,1055,0,ITH,ITH3,5,Veneto,Veneto,4905854,3500266,71.35,0.02
3542,2021-05-04,VEN,43027,20380,22647,33363,8036,1628,ITH,ITH3,5,Veneto,Veneto,4905854,3543293,72.23,0.88
3543,2021-01-24,VEN,4117,1219,2898,28,4089,0,ITH,ITH3,5,Veneto,Veneto,4905854,3547410,72.31,0.08
3544,2021-08-03,VEN,40645,21516,19129,17536,22397,712,ITH,ITH3,5,Veneto,Veneto,4905854,3588055,73.14,0.83
3545,2021-04-25,VEN,18336,8156,10180,12909,4835,592,ITH,ITH3,5,Veneto,Veneto,4905854,3606391,73.51,0.37
3546,2021-06-21,VEN,44323,22185,22138,20465,22958,900,ITH,ITH3,5,Veneto,Veneto,4905854,3650714,74.42,0.9
3547,2021-01-06,VEN,8140,2389,5751,8137,0,3,ITH,ITH3,5,Veneto,Veneto,4905854,3658854,74.58,0.17
3548,2021-06-23,VEN,49330,24442,24888,14567,33968,795,ITH,ITH3,5,Veneto,Veneto,4905854,3708184,75.59,1.01
3549,2021-03-15,VEN,16672,7331,9341,10958,5212,502,ITH,ITH3,5,Veneto,Veneto,4905854,3724856,75.93,0.34
3550,2021-04-07,VEN,36053,16203,19850,27604,7339,1110,ITH,ITH3,5,Veneto,Veneto,4905854,3760909,76.66,0.73
3551,2021-07-16,VEN,44697,24038,20659,6930,37300,467,ITH,ITH3,5,Veneto,Veneto,4905854,3805606,77.57,0.91
3552,2021-01-31,VEN,4789,1566,3223,408,4381,0,ITH,ITH3,5,Veneto,Veneto,4905854,3810395,77.67,0.1
3553,2021-03-29,VEN,31467,13702,17765,26649,3824,994,ITH,ITH3,5,Veneto,Veneto,4905854,3841862,78.31,0.64
3554,2021-05-13,VEN,44326,21871,22455,32598,9905,1823,ITH,ITH3,5,Veneto,Veneto,4905854,3886188,79.22,0.9
3555,2021-02-02,VEN,6513,1881,4632,396,6117,0,ITH,ITH3,5,Veneto,Veneto,4905854,3892701,79.35,0.13
3556,2021-07-09,VEN,45050,23763,21287,4109,40656,285,ITH,ITH3,5,Veneto,Veneto,4905854,3937751,80.27,0.92
3557,2021-03-31,VEN,38951,16444,22507,30404,7506,1041,ITH,ITH3,5,Veneto,Veneto,4905854,3976702,81.06,0.79
3558,2021-07-11,VEN,34233,17924,16309,3696,30282,255,ITH,ITH3,5,Veneto,Veneto,4905854,4010935,81.76,0.7
3559,2021-07-12,VEN,43232,22776,20456,4000,38906,326,ITH,ITH3,5,Veneto,Veneto,4905854,4054167,82.64,0.88
3560,2021-04-03,VEN,21983,9644,12339,13861,7718,404,ITH,ITH3,5,Veneto,Veneto,4905854,4076150,83.09,0.45
3561,2021-03-20,VEN,13034,5392,7642,10660,2082,292,ITH,ITH3,5,Veneto,Veneto,4905854,4089184,83.35,0.27
3562,2021-01-10,VEN,5036,1673,3363,5035,0,1,ITH,ITH3,5,Veneto,Veneto,4905854,4094220,83.46,0.1
3563,2021-03-03,VEN,12101,4648,7453,8388,3502,211,ITH,ITH3,5,Veneto,Veneto,4905854,4106321,83.7,0.25
3564,2021-06-11,VEN,47316,24615,22701,34719,11182,1415,ITH,ITH3,5,Veneto,Veneto,4905854,4153637,84.67,0.96
3565,2021-06-04,VEN,49650,25841,23809,39839,8145,1666,ITH,ITH3,5,Veneto,Veneto,4905854,4203287,85.68,1.01
3566,2021-02-24,VEN,8621,3680,4941,7998,489,134,ITH,ITH3,5,Veneto,Veneto,4905854,4211908,85.85,0.18
3567,2021-06-22,VEN,43740,21628,22112,18509,24381,850,ITH,ITH3,5,Veneto,Veneto,4905854,4255648,86.75,0.89
3568,2021-08-04,VEN,42310,22596,19714,22494,18723,1093,ITH,ITH3,5,Veneto,Veneto,4905854,4297958,87.61,0.86
3569,2021-04-26,VEN,20731,9461,11270,14917,5140,674,ITH,ITH3,5,Veneto,Veneto,4905854,4318689,88.03,0.42
3570,2021-05-18,VEN,27032,12550,14482,12641,13632,759,ITH,ITH3,5,Veneto,Veneto,4905854,4345721,88.58,0.55
3571,2021-06-30,VEN,45779,23085,22694,17861,27173,745,ITH,ITH3,5,Veneto,Veneto,4905854,4391500,89.52,0.93
3572,2021-03-22,VEN,18153,8182,9971,12587,5049,517,ITH,ITH3,5,Veneto,Veneto,4905854,4409653,89.89,0.37
3573,2021-03-13,VEN,17241,7312,9929,13736,3133,372,ITH,ITH3,5,Veneto,Veneto,4905854,4426894,90.24,0.35
3574,2021-05-30,VEN,22548,11271,11277,15207,6691,650,ITH,ITH3,5,Veneto,Veneto,4905854,4449442,90.7,0.46
3575,2021-07-26,VEN,43591,22911,20680,16947,25996,648,ITH,ITH3,5,Veneto,Veneto,4905854,4493033,91.59,0.89
3576,2021-07-19,VEN,44739,23563,21176,7943,36392,404,ITH,ITH3,5,Veneto,Veneto,4905854,4537772,92.5,0.91
3577,2021-02-26,VEN,8298,3275,5023,6944,1259,95,ITH,ITH3,5,Veneto,Veneto,4905854,4546070,92.67,0.17
3578,2021-04-24,VEN,24767,10830,13937,14966,9079,722,ITH,ITH3,5,Veneto,Veneto,4905854,4570837,93.17,0.5
3579,2021-01-14,VEN,7067,1926,5141,7047,0,20,ITH,ITH3,5,Veneto,Veneto,4905854,4577904,93.32,0.14
3580,2021-03-12,VEN,18663,8196,10467,11331,6751,581,ITH,ITH3,5,Veneto,Veneto,4905854,4596567,93.7,0.38
3581,2021-06-15,VEN,47835,24299,23536,29157,17530,1148,ITH,ITH3,5,Veneto,Veneto,4905854,4644402,94.67,0.98
3582,2021-08-11,VEN,26620,14703,11917,15533,10516,571,ITH,ITH3,5,Veneto,Veneto,4905854,4671022,95.21,0.54
3583,2021-06-25,VEN,51705,26158,25547,15077,35996,632,ITH,ITH3,5,Veneto,Veneto,4905854,4722727,96.27,1.05
3584,2021-07-14,VEN,43589,22405,21184,5272,37922,395,ITH,ITH3,5,Veneto,Veneto,4905854,4766316,97.16,0.89
3585,2021-04-22,VEN,32062,13942,18120,15476,15768,818,ITH,ITH3,5,Veneto,Veneto,4905854,4798378,97.81,0.65
3586,2021-07-31,VEN,35081,18853,16228,16966,17469,646,ITH,ITH3,5,Veneto,Veneto,4905854,4833459,98.52,0.72
3587,2021-04-17,VEN,22448,9098,13350,14373,7277,798,ITH,ITH3,5,Veneto,Veneto,4905854,4855907,98.98,0.46
3588,2021-01-07,VEN,8361,2317,6044,8360,0,1,ITH,ITH3,5,Veneto,Veneto,4905854,4864268,99.15,0.17
3589,2021-06-13,VEN,37337,19254,18083,29316,6956,1065,ITH,ITH3,5,Veneto,Veneto,4905854,4901605,99.91,0.76
3590,2021-01-21,VEN,2294,719,1575,21,2273,0,ITH,ITH3,5,Veneto,Veneto,4905854,4903899,99.96,0.05
3591,2021-03-05,VEN,13340,5022,8318,9222,3674,444,ITH,ITH3,5,Veneto,Veneto,4905854,4917239,100.23,0.27
3592,2021-05-23,VEN,34489,16467,18022,10619,23400,470,ITH,ITH3,5,Veneto,Veneto,4905854,4951728,100.94,0.7
3593,2021-02-12,VEN,4314,1446,2868,3671,572,71,ITH,ITH3,5,Veneto,Veneto,4905854,4956042,101.02,0.09
3594,2021-01-29,VEN,9027,2789,6238,365,8662,0,ITH,ITH3,5,Veneto,Veneto,4905854,4965069,101.21,0.18
3595,2021-05-08,VEN,41514,18780,22734,28270,11827,1417,ITH,ITH3,5,Veneto,Veneto,4905854,5006583,102.05,0.85
3596,2021-07-30,VEN,45485,24192,21293,22558,22044,883,ITH,ITH3,5,Veneto,Veneto,4905854,5052068,102.98,0.93
3597,2021-06-08,VEN,43850,22671,21179,36196,6141,1513,ITH,ITH3,5,Veneto,Veneto,4905854,5095918,103.87,0.89
3598,2021-05-25,VEN,27846,13438,14408,11268,16081,497,ITH,ITH3,5,Veneto,Veneto,4905854,5123764,104.44,0.57
3599,2021-02-14,VEN,126,56,70,113,13,0,ITH,ITH3,5,Veneto,Veneto,4905854,5123890,104.44,0.0
3600,2021-02-28,VEN,4136,1389,2747,3225,837,74,ITH,ITH3,5,Veneto,Veneto,4905854,5128026,104.53,0.08
3601,2021-01-15,VEN,5876,1819,4057,5870,0,6,ITH,ITH3,5,Veneto,Veneto,4905854,5133902,104.65,0.12
3602,2021-05-20,VEN,44830,21254,23576,19368,24361,1101,ITH,ITH3,5,Veneto,Veneto,4905854,5178732,105.56,0.91
3603,2021-02-09,VEN,5250,1892,3358,3431,1806,13,ITH,ITH3,5,Veneto,Veneto,4905854,5183982,105.67,0.11
3604,2021-05-27,VEN,46636,22912,23724,22360,23236,1040,ITH,ITH3,5,Veneto,Veneto,4905854,5230618,106.62,0.95
3605,2021-02-07,VEN,2316,863,1453,714,1601,1,ITH,ITH3,5,Veneto,Veneto,4905854,5232934,106.67,0.05
3606,2021-07-02,VEN,49529,25127,24402,16282,32472,775,ITH,ITH3,5,Veneto,Veneto,4905854,5282463,107.68,1.01
3607,2021-03-24,VEN,22123,9580,12543,14668,6805,650,ITH,ITH3,5,Veneto,Veneto,4905854,5304586,108.13,0.45
3608,2021-06-27,VEN,40240,20556,19684,15355,24310,575,ITH,ITH3,5,Veneto,Veneto,4905854,5344826,108.95,0.82
3609,2021-03-19,VEN,13802,5672,8130,7407,6104,291,ITH,ITH3,5,Veneto,Veneto,4905854,5358628,109.23,0.28
3610,2021-03-17,VEN,14646,5991,8655,7527,6796,323,ITH,ITH3,5,Veneto,Veneto,4905854,5373274,109.53,0.3
3611,2021-07-28,VEN,40198,20873,19325,11994,27744,460,ITH,ITH3,5,Veneto,Veneto,4905854,5413472,110.35,0.82
3612,2021-01-12,VEN,5231,1517,3714,5223,0,8,ITH,ITH3,5,Veneto,Veneto,4905854,5418703,110.45,0.11
3613,2021-04-19,VEN,21552,8929,12623,4710,16414,428,ITH,ITH3,5,Veneto,Veneto,4905854,5440255,110.89,0.44
3614,2021-04-05,VEN,19165,8376,10789,13426,5438,301,ITH,ITH3,5,Veneto,Veneto,4905854,5459420,111.28,0.39
3615,2021-01-26,VEN,6924,2092,4832,149,6775,0,ITH,ITH3,5,Veneto,Veneto,4905854,5466344,111.42,0.14
3616,2021-05-06,VEN,47037,22061,24976,36577,8490,1970,ITH,ITH3,5,Veneto,Veneto,4905854,5513381,112.38,0.96
3617,2021-06-02,VEN,20316,10238,10078,15353,4346,617,ITH,ITH3,5,Veneto,Veneto,4905854,5533697,112.8,0.41
3618,2021-03-11,VEN,19836,8893,10943,13794,5575,467,ITH,ITH3,5,Veneto,Veneto,4905854,5553533,113.2,0.4
3619,2021-04-27,VEN,28208,12797,15411,20138,6914,1156,ITH,ITH3,5,Veneto,Veneto,4905854,5581741,113.78,0.57
3620,2021-01-17,VEN,1933,781,1152,1584,349,0,ITH,ITH3,5,Veneto,Veneto,4905854,5583674,113.82,0.04
3621,2021-02-03,VEN,5955,1672,4283,474,5477,4,ITH,ITH3,5,Veneto,Veneto,4905854,5589629,113.94,0.12
3622,2021-08-07,VEN,28895,16264,12631,16299,12048,548,ITH,ITH3,5,Veneto,Veneto,4905854,5618524,114.53,0.59
3623,2021-04-29,VEN,50307,23404,26903,35399,13180,1728,ITH,ITH3,5,Veneto,Veneto,4905854,5668831,115.55,1.03
3624,2021-07-21,VEN,43235,22318,20917,8682,34055,498,ITH,ITH3,5,Veneto,Veneto,4905854,5712066,116.43,0.88
3625,2021-02-05,VEN,8386,2540,5846,1409,6968,9,ITH,ITH3,5,Veneto,Veneto,4905854,5720452,116.6,0.17
3626,2021-02-22,VEN,7019,3044,3975,6581,391,47,ITH,ITH3,5,Veneto,Veneto,4905854,5727471,116.75,0.14
3627,2021-05-16,VEN,28423,14015,14408,20325,7080,1018,ITH,ITH3,5,Veneto,Veneto,4905854,5755894,117.33,0.58
3628,2021-08-09,VEN,34690,18591,16099,17077,16844,769,ITH,ITH3,5,Veneto,Veneto,4905854,5790584,118.03,0.71
3629,2020-12-31,VEN,3219,1042,2177,3219,0,0,ITH,ITH3,5,Veneto,Veneto,4905854,5793803,118.1,0.07
3630,2021-07-04,VEN,33886,17582,16304,14996,18289,601,ITH,ITH3,5,Veneto,Veneto,4905854,5827689,118.79,0.69
3631,2021-04-12,VEN,14917,6343,8574,6400,8216,301,ITH,ITH3,5,Veneto,Veneto,4905854,5842606,119.09,0.3
3632,2021-01-02,VEN,5744,1767,3977,5743,0,1,ITH,ITH3,5,Veneto,Veneto,4905854,5848350,119.21,0.12
3633,2021-01-19,VEN,1313,475,838,1163,149,1,ITH,ITH3,5,Veneto,Veneto,4905854,5849663,119.24,0.03
3634,2021-07-23,VEN,44277,23286,20991,14948,28751,578,ITH,ITH3,5,Veneto,Veneto,4905854,5893940,120.14,0.9
3635,2021-05-01,VEN,38870,18248,20622,28714,8930,1226,ITH,ITH3,5,Veneto,Veneto,4905854,5932810,120.93,0.79
3636,2021-03-09,PAT,1616,606,1010,927,653,36,ITH,ITH2,4,Provincia Autonoma Trento,P.A. Trento,541380,1616,0.3,0.3
3637,2021-06-17,PAT,6743,3557,3186,2045,4531,167,ITH,ITH2,4,Provincia Autonoma Trento,P.A. Trento,541380,8359,1.54,1.25
3638,2021-03-14,PAT,109,66,43,19,88,2,ITH,ITH2,4,Provincia Autonoma Trento,P.A. Trento,541380,8468,1.56,0.02
3639,2021-02-06,PAT,582,302,280,439,143,0,ITH,ITH2,4,Provincia Autonoma Trento,P.A. Trento,541380,9050,1.67,0.11
3640,2021-02-23,PAT,1127,403,724,888,217,22,ITH,ITH2,4,Provincia Autonoma Trento,P.A. Trento,541380,10177,1.88,0.21
3641,2021-05-17,PAT,4354,2156,2198,3752,362,240,ITH,ITH2,4,Provincia Autonoma Trento,P.A. Trento,541380,14531,2.68,0.8
3642,2021-07-13,PAT,3831,1949,1882,1776,1930,125,ITH,ITH2,4,Provincia Autonoma Trento,P.A. Trento,541380,18362,3.39,0.71
3643,2021-04-21,PAT,2941,1371,1570,2736,51,154,ITH,ITH2,4,Provincia Autonoma Trento,P.A. Trento,541380,21303,3.93,0.54
3644,2021-01-28,PAT,553,156,397,51,502,0,ITH,ITH2,4,Provincia Autonoma Trento,P.A. Trento,541380,21856,4.04,0.1
3645,2021-01-11,PAT,764,234,530,764,0,0,ITH,ITH2,4,Provincia Autonoma Trento,P.A. Trento,541380,22620,4.18,0.14
3646,2021-02-16,PAT,675,248,427,659,5,11,ITH,ITH2,4,Provincia Autonoma Trento,P.A. Trento,541380,23295,4.3,0.12
3647,2021-07-27,PAT,4802,2540,2262,1754,2944,104,ITH,ITH2,4,Provincia Autonoma Trento,P.A. Trento,541380,28097,5.19,0.89
3648,2021-05-31,PAT,4802,2211,2591,1609,3084,109,ITH,ITH2,4,Provincia Autonoma Trento,P.A. Trento,541380,32899,6.08,0.89
3649,2021-07-20,PAT,4821,2605,2216,1749,2932,140,ITH,ITH2,4,Provincia Autonoma Trento,P.A. Trento,541380,37720,6.97,0.89
3650,2021-06-29,PAT,6419,3236,3183,2799,3532,88,ITH,ITH2,4,Provincia Autonoma Trento,P.A. Trento,541380,44139,8.15,1.19
3651,2021-06-12,PAT,5426,2716,2710,435,4941,50,ITH,ITH2,4,Provincia Autonoma Trento,P.A. Trento,541380,49565,9.16,1.0
3652,2021-03-21,PAT,136,74,62,132,0,4,ITH,ITH2,4,Provincia Autonoma Trento,P.A. Trento,541380,49701,9.18,0.03
3653,2021-05-24,PAT,4489,2075,2414,1269,3106,114,ITH,ITH2,4,Provincia Autonoma Trento,P.A. Trento,541380,54190,10.01,0.83
3654,2021-08-08,PAT,633,336,297,241,384,8,ITH,ITH2,4,Provincia Autonoma Trento,P.A. Trento,541380,54823,10.13,0.12
3655,2021-03-26,PAT,3270,1278,1992,2515,611,144,ITH,ITH2,4,Provincia Autonoma Trento,P.A. Trento,541380,58093,10.73,0.6
3656,2021-01-23,PAT,584,338,246,389,194,1,ITH,ITH2,4,Provincia Autonoma Trento,P.A. Trento,541380,58677,10.84,0.11
3657,2021-05-03,PAT,4310,2223,2087,3850,157,303,ITH,ITH2,4,Provincia Autonoma Trento,P.A. Trento,541380,62987,11.63,0.8
3658,2021-08-13,PAT,4588,2597,1991,1818,2657,113,ITH,ITH2,4,Provincia Autonoma Trento,P.A. Trento,541380,67575,12.48,0.85
3659,2021-07-01,PAT,7141,3732,3409,3601,3359,181,ITH,ITH2,4,Provincia Autonoma Trento,P.A. Trento,541380,74716,13.8,1.32
3660,2021-05-05,PAT,5047,2608,2439,4429,305,313,ITH,ITH2,4,Provincia Autonoma Trento,P.A. Trento,541380,79763,14.73,0.93
3661,2021-04-09,PAT,2800,1191,1609,1523,1209,68,ITH,ITH2,4,Provincia Autonoma Trento,P.A. Trento,541380,82563,15.25,0.52
3662,2021-02-11,PAT,1171,377,794,803,367,1,ITH,ITH2,4,Provincia Autonoma Trento,P.A. Trento,541380,83734,15.47,0.22
3663,2021-07-18,PAT,463,242,221,119,339,5,ITH,ITH2,4,Provincia Autonoma Trento,P.A. Trento,541380,84197,15.55,0.09
3664,2021-02-25,PAT,1651,648,1003,1196,445,10,ITH,ITH2,4,Provincia Autonoma Trento,P.A. Trento,541380,85848,15.86,0.3
3665,2020-12-30,PAT,7,3,4,7,0,0,ITH,ITH2,4,Provincia Autonoma Trento,P.A. Trento,541380,85855,15.86,0.0
3666,2021-06-05,PAT,4128,1939,2189,689,3362,77,ITH,ITH2,4,Provincia Autonoma Trento,P.A. Trento,541380,89983,16.62,0.76
3667,2021-04-14,PAT,3144,1478,1666,2251,738,155,ITH,ITH2,4,Provincia Autonoma Trento,P.A. Trento,541380,93127,17.2,0.58
3668,2021-03-28,PAT,767,303,464,718,2,47,ITH,ITH2,4,Provincia Autonoma Trento,P.A. Trento,541380,93894,17.34,0.14
3669,2021-01-04,PAT,905,250,655,903,0,2,ITH,ITH2,4,Provincia Autonoma Trento,P.A. Trento,541380,94799,17.51,0.17
3670,2021-07-06,PAT,5228,2760,2468,3117,1926,185,ITH,ITH2,4,Provincia Autonoma Trento,P.A. Trento,541380,100027,18.48,0.97
3671,2021-01-18,PAT,690,168,522,631,59,0,ITH,ITH2,4,Provincia Autonoma Trento,P.A. Trento,541380,100717,18.6,0.13
3672,2021-03-07,PAT,23,6,17,23,0,0,ITH,ITH2,4,Provincia Autonoma Trento,P.A. Trento,541380,100740,18.61,0.0
3673,2021-01-09,PAT,195,42,153,195,0,0,ITH,ITH2,4,Provincia Autonoma Trento,P.A. Trento,541380,100935,18.64,0.04
3674,2021-06-24,PAT,6049,3166,2883,3661,2204,184,ITH,ITH2,4,Provincia Autonoma Trento,P.A. Trento,541380,106984,19.76,1.12
3675,2021-05-12,PAT,3345,1511,1834,1963,1217,165,ITH,ITH2,4,Provincia Autonoma Trento,P.A. Trento,541380,110329,20.38,0.62
3676,2021-03-16,PAT,1407,514,893,581,792,34,ITH,ITH2,4,Provincia Autonoma Trento,P.A. Trento,541380,111736,20.64,0.26
3677,2021-05-14,PAT,5437,2611,2826,3714,1426,297,ITH,ITH2,4,Provincia Autonoma Trento,P.A. Trento,541380,117173,21.64,1.0
3678,2021-04-23,PAT,3668,1786,1882,3431,56,181,ITH,ITH2,4,Provincia Autonoma Trento,P.A. Trento,541380,120841,22.32,0.68
3679,2021-01-30,PAT,396,136,260,155,241,0,ITH,ITH2,4,Provincia Autonoma Trento,P.A. Trento,541380,121237,22.39,0.07
3680,2021-05-10,PAT,3267,1678,1589,2532,516,219,ITH,ITH2,4,Provincia Autonoma Trento,P.A. Trento,541380,124504,23.0,0.6
3681,2021-03-18,PAT,2335,964,1371,1222,1089,24,ITH,ITH2,4,Provincia Autonoma Trento,P.A. Trento,541380,126839,23.43,0.43
3682,2021-02-20,PAT,412,247,165,124,287,1,ITH,ITH2,4,Provincia Autonoma Trento,P.A. Trento,541380,127251,23.5,0.08
3683,2021-05-22,PAT,3370,1664,1706,849,2430,91,ITH,ITH2,4,Provincia Autonoma Trento,P.A. Trento,541380,130621,24.13,0.62
3684,2021-05-29,PAT,2442,1328,1114,786,1568,88,ITH,ITH2,4,Provincia Autonoma Trento,P.A. Trento,541380,133063,24.58,0.45
3685,2021-04-02,PAT,2886,1177,1709,2038,684,164,ITH,ITH2,4,Provincia Autonoma Trento,P.A. Trento,541380,135949,25.11,0.53
3686,2021-04-16,PAT,2905,1377,1528,2597,149,159,ITH,ITH2,4,Provincia Autonoma Trento,P.A. Trento,541380,138854,25.65,0.54
3687,2021-02-18,PAT,1431,500,931,1345,69,17,ITH,ITH2,4,Provincia Autonoma Trento,P.A. Trento,541380,140285,25.91,0.26
3688,2021-07-25,PAT,363,203,160,136,218,9,ITH,ITH2,4,Provincia Autonoma Trento,P.A. Trento,541380,140648,25.98,0.07
3689,2021-06-19,PAT,3146,1722,1424,238,2878,30,ITH,ITH2,4,Provincia Autonoma Trento,P.A. Trento,541380,143794,26.56,0.58
3690,2021-07-08,PAT,4159,2210,1949,2512,1482,165,ITH,ITH2,4,Provincia Autonoma Trento,P.A. Trento,541380,147953,27.33,0.77
3691,2021-02-04,PAT,1012,321,691,428,583,1,ITH,ITH2,4,Provincia Autonoma Trento,P.A. Trento,541380,148965,27.52,0.19
3692,2021-04-13,PAT,2617,1089,1528,2027,509,81,ITH,ITH2,4,Provincia Autonoma Trento,P.A. Trento,541380,151582,28.0,0.48
3693,2021-01-20,PAT,308,77,231,296,12,0,ITH,ITH2,4,Provincia Autonoma Trento,P.A. Trento,541380,151890,28.06,0.06
3694,2021-03-02,PAT,1320,445,875,911,380,29,ITH,ITH2,4,Provincia Autonoma Trento,P.A. Trento,541380,153210,28.3,0.24
3695,2021-06-10,PAT,6205,3023,3182,1813,4259,133,ITH,ITH2,4,Provincia Autonoma Trento,P.A. Trento,541380,159415,29.45,1.15
3696,2021-03-04,PAT,2388,807,1581,1556,790,42,ITH,ITH2,4,Provincia Autonoma Trento,P.A. Trento,541380,161803,29.89,0.44
3697,2021-08-06,PAT,6447,3553,2894,2651,3678,118,ITH,ITH2,4,Provincia Autonoma Trento,P.A. Trento,541380,168250,31.08,1.19
3698,2021-01-16,PAT,322,148,174,322,0,0,ITH,ITH2,4,Provincia Autonoma Trento,P.A. Trento,541380,168572,31.14,0.06
3699,2021-04-28,PAT,4282,1989,2293,3893,139,250,ITH,ITH2,4,Provincia Autonoma Trento,P.A. Trento,541380,172854,31.93,0.79
3700,2021-07-24,PAT,993,547,446,525,444,24,ITH,ITH2,4,Provincia Autonoma Trento,P.A. Trento,541380,173847,32.11,0.18
3701,2021-05-02,PAT,3561,1979,1582,3296,39,226,ITH,ITH2,4,Provincia Autonoma Trento,P.A. Trento,541380,177408,32.77,0.66
3702,2021-08-10,PAT,5957,3185,2772,2886,2896,175,ITH,ITH2,4,Provincia Autonoma Trento,P.A. Trento,541380,183365,33.87,1.1
3703,2021-02-08,PAT,1194,333,861,347,847,0,ITH,ITH2,4,Provincia Autonoma Trento,P.A. Trento,541380,184559,34.09,0.22
3704,2021-07-17,PAT,1096,535,561,272,806,18,ITH,ITH2,4,Provincia Autonoma Trento,P.A. Trento,541380,185655,34.29,0.2
3705,2021-05-21,PAT,5207,2503,2704,3138,1798,271,ITH,ITH2,4,Provincia Autonoma Trento,P.A. Trento,541380,190862,35.25,0.96
3706,2021-06-09,PAT,6321,3119,3202,2117,4125,79,ITH,ITH2,4,Provincia Autonoma Trento,P.A. Trento,541380,197183,36.42,1.17
3707,2021-06-26,PAT,1433,751,682,686,725,22,ITH,ITH2,4,Provincia Autonoma Trento,P.A. Trento,541380,198616,36.69,0.26
3708,2021-06-28,PAT,6941,3592,3349,2999,3864,78,ITH,ITH2,4,Provincia Autonoma Trento,P.A. Trento,541380,205557,37.97,1.28
3709,2021-04-06,PAT,2288,969,1319,1459,770,59,ITH,ITH2,4,Provincia Autonoma Trento,P.A. Trento,541380,207845,38.39,0.42
3710,2021-07-15,PAT,4293,2296,1997,1795,2360,138,ITH,ITH2,4,Provincia Autonoma Trento,P.A. Trento,541380,212138,39.18,0.79
3711,2021-01-13,PAT,444,131,313,444,0,0,ITH,ITH2,4,Provincia Autonoma Trento,P.A. Trento,541380,212582,39.27,0.08
3712,2021-01-08,PAT,1521,337,1184,1520,0,1,ITH,ITH2,4,Provincia Autonoma Trento,P.A. Trento,541380,214103,39.55,0.28
3713,2021-06-14,PAT,5807,3005,2802,2041,3653,113,ITH,ITH2,4,Provincia Autonoma Trento,P.A. Trento,541380,219910,40.62,1.07
3714,2021-04-18,PAT,1864,849,1015,1797,9,58,ITH,ITH2,4,Provincia Autonoma Trento,P.A. Trento,541380,221774,40.96,0.34
3715,2021-03-06,PAT,806,285,521,613,152,41,ITH,ITH2,4,Provincia Autonoma Trento,P.A. Trento,541380,222580,41.11,0.15
3716,2021-04-11,PAT,2389,1160,1229,2201,98,90,ITH,ITH2,4,Provincia Autonoma Trento,P.A. Trento,541380,224969,41.55,0.44
3717,2021-01-06,PAT,43,13,30,43,0,0,ITH,ITH2,4,Provincia Autonoma Trento,P.A. Trento,541380,225012,41.56,0.01
3718,2021-08-05,PAT,6363,3480,2883,2932,3308,123,ITH,ITH2,4,Provincia Autonoma Trento,P.A. Trento,541380,231375,42.74,1.18
3719,2021-08-12,PAT,5528,2963,2565,2114,3243,171,ITH,ITH2,4,Provincia Autonoma Trento,P.A. Trento,541380,236903,43.76,1.02
3720,2021-07-29,PAT,5464,2901,2563,2640,2710,114,ITH,ITH2,4,Provincia Autonoma Trento,P.A. Trento,541380,242367,44.77,1.01
3721,2021-04-01,PAT,2944,1251,1693,1745,1106,93,ITH,ITH2,4,Provincia Autonoma Trento,P.A. Trento,541380,245311,45.31,0.54
3722,2021-07-10,PAT,1097,564,533,150,920,27,ITH,ITH2,4,Provincia Autonoma Trento,P.A. Trento,541380,246408,45.51,0.2
3723,2021-03-23,PAT,2482,961,1521,1628,754,100,ITH,ITH2,4,Provincia Autonoma Trento,P.A. Trento,541380,248890,45.97,0.46
3724,2021-05-28,PAT,3803,1766,2037,1400,2263,140,ITH,ITH2,4,Provincia Autonoma Trento,P.A. Trento,541380,252693,46.68,0.7
3725,2021-01-25,PAT,849,231,618,25,824,0,ITH,ITH2,4,Provincia Autonoma Trento,P.A. Trento,541380,253542,46.83,0.16
3726,2021-03-25,PAT,2913,1127,1786,1745,1058,110,ITH,ITH2,4,Provincia Autonoma Trento,P.A. Trento,541380,256455,47.37,0.54
3727,2021-07-03,PAT,1268,681,587,77,1185,6,ITH,ITH2,4,Provincia Autonoma Trento,P.A. Trento,541380,257723,47.6,0.23
3728,2021-02-01,PAT,1275,356,919,98,1177,0,ITH,ITH2,4,Provincia Autonoma Trento,P.A. Trento,541380,258998,47.84,0.24
3729,2021-02-03,PAT,874,325,549,416,458,0,ITH,ITH2,4,Provincia Autonoma Trento,P.A. Trento,541380,259872,48.0,0.16
3730,2021-07-19,PAT,4802,2526,2276,1454,3221,127,ITH,ITH2,4,Provincia Autonoma Trento,P.A. Trento,541380,264674,48.89,0.89
3731,2021-05-23,PAT,1995,1015,980,432,1535,28,ITH,ITH2,4,Provincia Autonoma Trento,P.A. Trento,541380,266669,49.26,0.37
3732,2021-04-10,PAT,2876,1352,1524,1994,803,79,ITH,ITH2,4,Provincia Autonoma Trento,P.A. Trento,541380,269545,49.79,0.53
3733,2021-02-12,PAT,1033,346,687,592,439,2,ITH,ITH2,4,Provincia Autonoma Trento,P.A. Trento,541380,270578,49.98,0.19
3734,2021-03-01,PAT,1253,460,793,928,301,24,ITH,ITH2,4,Provincia Autonoma Trento,P.A. Trento,541380,271831,50.21,0.23
3735,2021-03-20,PAT,888,409,479,663,211,14,ITH,ITH2,4,Provincia Autonoma Trento,P.A. Trento,541380,272719,50.37,0.16
3736,2021-03-03,PAT,1672,628,1044,1115,520,37,ITH,ITH2,4,Provincia Autonoma Trento,P.A. Trento,541380,274391,50.68,0.31
3737,2021-06-11,PAT,7300,3474,3826,1493,5705,102,ITH,ITH2,4,Provincia Autonoma Trento,P.A. Trento,541380,281691,52.03,1.35
3738,2021-06-13,PAT,3732,2059,1673,280,3429,23,ITH,ITH2,4,Provincia Autonoma Trento,P.A. Trento,541380,285423,52.72,0.69
3739,2020-12-27,PAT,107,43,64,107,0,0,ITH,ITH2,4,Provincia Autonoma Trento,P.A. Trento,541380,285530,52.74,0.02
3740,2021-03-13,PAT,965,496,469,846,48,71,ITH,ITH2,4,Provincia Autonoma Trento,P.A. Trento,541380,286495,52.92,0.18
3741,2021-07-05,PAT,5423,2846,2577,3788,1389,246,ITH,ITH2,4,Provincia Autonoma Trento,P.A. Trento,541380,291918,53.92,1.0
3742,2021-06-21,PAT,6257,3387,2870,3649,2424,184,ITH,ITH2,4,Provincia Autonoma Trento,P.A. Trento,541380,298175,55.08,1.16
3743,2021-02-27,PAT,1052,467,585,605,427,20,ITH,ITH2,4,Provincia Autonoma Trento,P.A. Trento,541380,299227,55.27,0.19
3744,2021-08-03,PAT,6182,3341,2841,2477,3588,117,ITH,ITH2,4,Provincia Autonoma Trento,P.A. Trento,541380,305409,56.41,1.14
3745,2021-01-01,PAT,222,51,171,222,0,0,ITH,ITH2,4,Provincia Autonoma Trento,P.A. Trento,541380,305631,56.45,0.04
3746,2021-06-07,PAT,5873,2921,2952,2678,3020,175,ITH,ITH2,4,Provincia Autonoma Trento,P.A. Trento,541380,311504,57.54,1.08
3747,2021-04-25,PAT,2002,952,1050,1876,7,119,ITH,ITH2,4,Provincia Autonoma Trento,P.A. Trento,541380,313506,57.91,0.37
3748,2021-06-25,PAT,7775,4147,3628,4223,3438,114,ITH,ITH2,4,Provincia Autonoma Trento,P.A. Trento,541380,321281,59.34,1.44
3749,2021-06-16,PAT,6312,3407,2905,1988,4200,124,ITH,ITH2,4,Provincia Autonoma Trento,P.A. Trento,541380,327593,60.51,1.17
3750,2021-03-15,PAT,1453,573,880,930,469,54,ITH,ITH2,4,Provincia Autonoma Trento,P.A. Trento,541380,329046,60.78,0.27
3751,2021-01-17,PAT,255,199,56,255,0,0,ITH,ITH2,4,Provincia Autonoma Trento,P.A. Trento,541380,329301,60.83,0.05
3752,2021-06-23,PAT,6686,3541,3145,4623,1870,193,ITH,ITH2,4,Provincia Autonoma Trento,P.A. Trento,541380,335987,62.06,1.23
3753,2021-05-11,PAT,3741,1767,1974,2643,862,236,ITH,ITH2,4,Provincia Autonoma Trento,P.A. Trento,541380,339728,62.75,0.69
3754,2021-04-27,PAT,3952,1900,2052,3597,70,285,ITH,ITH2,4,Provincia Autonoma Trento,P.A. Trento,541380,343680,63.48,0.73
3755,2021-05-04,PAT,4570,2490,2080,4169,97,304,ITH,ITH2,4,Provincia Autonoma Trento,P.A. Trento,541380,348250,64.33,0.84
3756,2021-03-08,PAT,1425,439,986,1041,354,30,ITH,ITH2,4,Provincia Autonoma Trento,P.A. Trento,541380,349675,64.59,0.26
3757,2021-03-22,PAT,2346,995,1351,1404,884,58,ITH,ITH2,4,Provincia Autonoma Trento,P.A. Trento,541380,352021,65.02,0.43
3758,2021-01-24,PAT,562,285,277,226,336,0,ITH,ITH2,4,Provincia Autonoma Trento,P.A. Trento,541380,352583,65.13,0.1
3759,2021-06-30,PAT,6856,3523,3333,2716,4051,89,ITH,ITH2,4,Provincia Autonoma Trento,P.A. Trento,541380,359439,66.39,1.27
3760,2021-04-30,PAT,4987,2432,2555,4445,162,380,ITH,ITH2,4,Provincia Autonoma Trento,P.A. Trento,541380,364426,67.31,0.92
3761,2021-05-19,PAT,5191,2512,2679,3668,1272,251,ITH,ITH2,4,Provincia Autonoma Trento,P.A. Trento,541380,369617,68.27,0.96
3762,2021-06-02,PAT,2877,1379,1498,899,1913,65,ITH,ITH2,4,Provincia Autonoma Trento,P.A. Trento,541380,372494,68.8,0.53
3763,2021-07-30,PAT,5825,3089,2736,2287,3440,98,ITH,ITH2,4,Provincia Autonoma Trento,P.A. Trento,541380,378319,69.88,1.08
3764,2021-05-25,PAT,4864,2314,2550,1744,2972,148,ITH,ITH2,4,Provincia Autonoma Trento,P.A. Trento,541380,383183,70.78,0.9
3765,2021-05-08,PAT,3194,1742,1452,2571,426,197,ITH,ITH2,4,Provincia Autonoma Trento,P.A. Trento,541380,386377,71.37,0.59
3766,2021-02-14,PAT,250,189,61,11,239,0,ITH,ITH2,4,Provincia Autonoma Trento,P.A. Trento,541380,386627,71.42,0.05
3767,2021-05-27,PAT,4376,2032,2344,1167,3078,131,ITH,ITH2,4,Provincia Autonoma Trento,P.A. Trento,541380,391003,72.22,0.81
3768,2021-02-10,PAT,872,295,577,513,358,1,ITH,ITH2,4,Provincia Autonoma Trento,P.A. Trento,541380,391875,72.38,0.16
3769,2021-03-30,PAT,2412,986,1426,1670,641,101,ITH,ITH2,4,Provincia Autonoma Trento,P.A. Trento,541380,394287,72.83,0.45
3770,2021-07-26,PAT,3887,2047,1840,837,2989,61,ITH,ITH2,4,Provincia Autonoma Trento,P.A. Trento,541380,398174,73.55,0.72
3771,2021-04-08,PAT,3171,1331,1840,1947,1131,93,ITH,ITH2,4,Provincia Autonoma Trento,P.A. Trento,541380,401345,74.13,0.59
3772,2020-12-31,PAT,1700,480,1220,1700,0,0,ITH,ITH2,4,Provincia Autonoma Trento,P.A. Trento,541380,403045,74.45,0.31
3773,2021-06-22,PAT,6382,3480,2902,3629,2567,186,ITH,ITH2,4,Provincia Autonoma Trento,P.A. Trento,541380,409427,75.63,1.18
3774,2021-03-05,PAT,2305,736,1569,1641,569,95,ITH,ITH2,4,Provincia Autonoma Trento,P.A. Trento,541380,411732,76.05,0.43
3775,2021-01-07,PAT,1301,328,973,1298,0,3,ITH,ITH2,4,Provincia Autonoma Trento,P.A. Trento,541380,413033,76.29,0.24
3776,2021-04-17,PAT,2250,1146,1104,2087,57,106,ITH,ITH2,4,Provincia Autonoma Trento,P.A. Trento,541380,415283,76.71,0.42
3777,2021-04-19,PAT,2643,1244,1399,2429,23,191,ITH,ITH2,4,Provincia Autonoma Trento,P.A. Trento,541380,417926,77.2,0.49
3778,2021-07-28,PAT,4846,2655,2191,2159,2562,125,ITH,ITH2,4,Provincia Autonoma Trento,P.A. Trento,541380,422772,78.09,0.9
3779,2021-06-15,PAT,6325,3337,2988,1633,4561,131,ITH,ITH2,4,Provincia Autonoma Trento,P.A. Trento,541380,429097,79.26,1.17
3780,2021-04-29,PAT,4696,2263,2433,4172,214,310,ITH,ITH2,4,Provincia Autonoma Trento,P.A. Trento,541380,433793,80.13,0.87
3781,2021-08-07,PAT,1618,927,691,818,765,35,ITH,ITH2,4,Provincia Autonoma Trento,P.A. Trento,541380,435411,80.43,0.3
3782,2021-01-22,PAT,1748,459,1289,350,1396,2,ITH,ITH2,4,Provincia Autonoma Trento,P.A. Trento,541380,437159,80.75,0.32
3783,2021-02-05,PAT,834,287,547,285,549,0,ITH,ITH2,4,Provincia Autonoma Trento,P.A. Trento,541380,437993,80.9,0.15
3784,2021-05-16,PAT,1358,756,602,1042,248,68,ITH,ITH2,4,Provincia Autonoma Trento,P.A. Trento,541380,439351,81.15,0.25
3785,2021-01-05,PAT,759,262,497,759,0,0,ITH,ITH2,4,Provincia Autonoma Trento,P.A. Trento,541380,440110,81.29,0.14
3786,2021-04-15,PAT,3232,1457,1775,2830,155,247,ITH,ITH2,4,Provincia Autonoma Trento,P.A. Trento,541380,443342,81.89,0.6
3787,2021-03-11,PAT,2602,972,1630,1502,1040,60,ITH,ITH2,4,Provincia Autonoma Trento,P.A. Trento,541380,445944,82.37,0.48
3788,2021-07-22,PAT,4768,2582,2186,1900,2736,132,ITH,ITH2,4,Provincia Autonoma Trento,P.A. Trento,541380,450712,83.25,0.88
3789,2021-07-07,PAT,4521,2427,2094,2920,1403,198,ITH,ITH2,4,Provincia Autonoma Trento,P.A. Trento,541380,455233,84.09,0.84
3790,2021-01-03,PAT,502,166,336,502,0,0,ITH,ITH2,4,Provincia Autonoma Trento,P.A. Trento,541380,455735,84.18,0.09
3791,2021-01-31,PAT,77,16,61,1,76,0,ITH,ITH2,4,Provincia Autonoma Trento,P.A. Trento,541380,455812,84.19,0.01
3792,2021-07-04,PAT,225,125,100,66,157,2,ITH,ITH2,4,Provincia Autonoma Trento,P.A. Trento,541380,456037,84.24,0.04
3793,2021-06-06,PAT,2267,1079,1188,431,1815,21,ITH,ITH2,4,Provincia Autonoma Trento,P.A. Trento,541380,458304,84.65,0.42
3794,2021-07-12,PAT,4263,2148,2115,2046,2036,181,ITH,ITH2,4,Provincia Autonoma Trento,P.A. Trento,541380,462567,85.44,0.79
3795,2021-02-17,PAT,1168,449,719,1052,111,5,ITH,ITH2,4,Provincia Autonoma Trento,P.A. Trento,541380,463735,85.66,0.22
3796,2021-05-30,PAT,1777,876,901,865,843,69,ITH,ITH2,4,Provincia Autonoma Trento,P.A. Trento,541380,465512,85.99,0.33
3797,2021-04-03,PAT,1177,485,692,933,176,68,ITH,ITH2,4,Provincia Autonoma Trento,P.A. Trento,541380,466689,86.2,0.22
3798,2021-07-02,PAT,7404,4025,3379,3591,3586,227,ITH,ITH2,4,Provincia Autonoma Trento,P.A. Trento,541380,474093,87.57,1.37
3799,2021-01-15,PAT,628,149,479,627,0,1,ITH,ITH2,4,Provincia Autonoma Trento,P.A. Trento,541380,474721,87.69,0.12
3800,2021-05-20,PAT,5114,2405,2709,3148,1684,282,ITH,ITH2,4,Provincia Autonoma Trento,P.A. Trento,541380,479835,88.63,0.94
3801,2021-03-24,PAT,2415,963,1452,1470,827,118,ITH,ITH2,4,Provincia Autonoma Trento,P.A. Trento,541380,482250,89.08,0.45
3802,2021-02-09,PAT,952,303,649,448,503,1,ITH,ITH2,4,Provincia Autonoma Trento,P.A. Trento,541380,483202,89.25,0.18
3803,2021-03-17,PAT,2130,812,1318,1131,906,93,ITH,ITH2,4,Provincia Autonoma Trento,P.A. Trento,541380,485332,89.65,0.39
3804,2021-07-11,PAT,1034,565,469,131,894,9,ITH,ITH2,4,Provincia Autonoma Trento,P.A. Trento,541380,486366,89.84,0.19
3805,2021-07-21,PAT,4697,2516,2181,1526,3079,92,ITH,ITH2,4,Provincia Autonoma Trento,P.A. Trento,541380,491063,90.71,0.87
3806,2021-08-09,PAT,5329,2842,2487,2275,2920,134,ITH,ITH2,4,Provincia Autonoma Trento,P.A. Trento,541380,496392,91.69,0.98
3807,2021-02-22,PAT,755,262,493,663,86,6,ITH,ITH2,4,Provincia Autonoma Trento,P.A. Trento,541380,497147,91.83,0.14
3808,2021-05-18,PAT,4319,2046,2273,3171,867,281,ITH,ITH2,4,Provincia Autonoma Trento,P.A. Trento,541380,501466,92.63,0.8
3809,2021-02-02,PAT,941,253,688,192,749,0,ITH,ITH2,4,Provincia Autonoma Trento,P.A. Trento,541380,502407,92.8,0.17
3810,2021-07-09,PAT,5139,2726,2413,3043,1880,216,ITH,ITH2,4,Provincia Autonoma Trento,P.A. Trento,541380,507546,93.75,0.95
3811,2021-05-13,PAT,3453,1603,1850,2103,1125,225,ITH,ITH2,4,Provincia Autonoma Trento,P.A. Trento,541380,510999,94.39,0.64
3812,2021-03-31,PAT,2621,1001,1620,1654,868,99,ITH,ITH2,4,Provincia Autonoma Trento,P.A. Trento,541380,513620,94.87,0.48
3813,2021-01-26,PAT,576,173,403,27,549,0,ITH,ITH2,4,Provincia Autonoma Trento,P.A. Trento,541380,514196,94.98,0.11
3814,2021-05-06,PAT,5610,2790,2820,4442,792,376,ITH,ITH2,4,Provincia Autonoma Trento,P.A. Trento,541380,519806,96.01,1.04
3815,2021-06-18,PAT,7060,3754,3306,1786,5185,89,ITH,ITH2,4,Provincia Autonoma Trento,P.A. Trento,541380,526866,97.32,1.3
3816,2021-03-27,PAT,1671,746,925,1323,263,85,ITH,ITH2,4,Provincia Autonoma Trento,P.A. Trento,541380,528537,97.63,0.31
3817,2021-06-04,PAT,5919,2647,3272,1735,4055,129,ITH,ITH2,4,Provincia Autonoma Trento,P.A. Trento,541380,534456,98.72,1.09
3818,2021-02-24,PAT,1369,539,830,941,404,24,ITH,ITH2,4,Provincia Autonoma Trento,P.A. Trento,541380,535825,98.97,0.25
3819,2021-06-03,PAT,4842,2278,2564,1237,3513,92,ITH,ITH2,4,Provincia Autonoma Trento,P.A. Trento,541380,540667,99.87,0.89
3820,2021-03-12,PAT,2600,991,1609,1711,814,75,ITH,ITH2,4,Provincia Autonoma Trento,P.A. Trento,541380,543267,100.35,0.48
3821,2021-06-20,PAT,1899,1050,849,30,1864,5,ITH,ITH2,4,Provincia Autonoma Trento,P.A. Trento,541380,545166,100.7,0.35
3822,2021-01-02,PAT,522,149,373,522,0,0,ITH,ITH2,4,Provincia Autonoma Trento,P.A. Trento,541380,545688,100.8,0.1
3823,2021-03-29,PAT,2560,1008,1552,1691,742,127,ITH,ITH2,4,Provincia Autonoma Trento,P.A. Trento,541380,548248,101.27,0.47
3824,2021-04-12,PAT,3155,1455,1700,2527,503,125,ITH,ITH2,4,Provincia Autonoma Trento,P.A. Trento,541380,551403,101.85,0.58
3825,2021-04-24,PAT,3580,1714,1866,3356,16,208,ITH,ITH2,4,Provincia Autonoma Trento,P.A. Trento,541380,554983,102.51,0.66
3826,2021-02-26,PAT,1257,445,812,933,299,25,ITH,ITH2,4,Provincia Autonoma Trento,P.A. Trento,541380,556240,102.74,0.23
3827,2021-01-14,PAT,731,218,513,729,0,2,ITH,ITH2,4,Provincia Autonoma Trento,P.A. Trento,541380,556971,102.88,0.14
3828,2021-02-28,PAT,246,122,124,236,0,10,ITH,ITH2,4,Provincia Autonoma Trento,P.A. Trento,541380,557217,102.93,0.05
3829,2021-08-04,PAT,6191,3302,2889,2566,3491,134,ITH,ITH2,4,Provincia Autonoma Trento,P.A. Trento,541380,563408,104.07,1.14
3830,2021-06-08,PAT,6041,2917,3124,1789,4131,121,ITH,ITH2,4,Provincia Autonoma Trento,P.A. Trento,541380,569449,105.18,1.12
3831,2021-04-26,PAT,2676,1260,1416,2412,96,168,ITH,ITH2,4,Provincia Autonoma Trento,P.A. Trento,541380,572125,105.68,0.49
3832,2021-02-19,PAT,944,366,578,846,65,33,ITH,ITH2,4,Provincia Autonoma Trento,P.A. Trento,541380,573069,105.85,0.17
3833,2021-08-11,PAT,5815,3134,2681,3075,2587,153,ITH,ITH2,4,Provincia Autonoma Trento,P.A. Trento,541380,578884,106.93,1.07
3834,2021-01-19,PAT,434,89,345,434,0,0,ITH,ITH2,4,Provincia Autonoma Trento,P.A. Trento,541380,579318,107.01,0.08
3835,2021-07-23,PAT,4744,2433,2311,1669,2950,125,ITH,ITH2,4,Provincia Autonoma Trento,P.A. Trento,541380,584062,107.88,0.88
3836,2021-03-10,PAT,2476,971,1505,1472,941,63,ITH,ITH2,4,Provincia Autonoma Trento,P.A. Trento,541380,586538,108.34,0.46
3837,2021-01-21,PAT,376,104,272,247,129,0,ITH,ITH2,4,Provincia Autonoma Trento,P.A. Trento,541380,586914,108.41,0.07
3838,2021-05-01,PAT,4887,2485,2402,4554,37,296,ITH,ITH2,4,Provincia Autonoma Trento,P.A. Trento,541380,591801,109.31,0.9
3839,2021-02-21,PAT,158,95,63,44,114,0,ITH,ITH2,4,Provincia Autonoma Trento,P.A. Trento,541380,591959,109.34,0.03
3840,2021-05-15,PAT,1603,832,771,649,913,41,ITH,ITH2,4,Provincia Autonoma Trento,P.A. Trento,541380,593562,109.64,0.3
3841,2021-06-01,PAT,4101,1924,2177,1081,2909,111,ITH,ITH2,4,Provincia Autonoma Trento,P.A. Trento,541380,597663,110.4,0.76
3842,2021-01-27,PAT,872,310,562,114,756,2,ITH,ITH2,4,Provincia Autonoma Trento,P.A. Trento,541380,598535,110.56,0.16
3843,2021-02-13,PAT,540,335,205,172,368,0,ITH,ITH2,4,Provincia Autonoma Trento,P.A. Trento,541380,599075,110.66,0.1
3844,2021-05-07,PAT,6085,3129,2956,4856,853,376,ITH,ITH2,4,Provincia Autonoma Trento,P.A. Trento,541380,605160,111.78,1.12
3845,2021-04-20,PAT,2908,1387,1521,2689,37,182,ITH,ITH2,4,Provincia Autonoma Trento,P.A. Trento,541380,608068,112.32,0.54
3846,2021-05-09,PAT,2354,1225,1129,1873,347,134,ITH,ITH2,4,Provincia Autonoma Trento,P.A. Trento,541380,610422,112.75,0.43
3847,2021-02-15,PAT,547,193,354,419,126,2,ITH,ITH2,4,Provincia Autonoma Trento,P.A. Trento,541380,610969,112.85,0.1
3848,2021-05-26,PAT,3956,1864,2092,1117,2718,121,ITH,ITH2,4,Provincia Autonoma Trento,P.A. Trento,541380,614925,113.58,0.73
3849,2021-08-02,PAT,5361,2845,2516,1603,3697,61,ITH,ITH2,4,Provincia Autonoma Trento,P.A. Trento,541380,620286,114.57,0.99
3850,2021-01-10,PAT,87,20,67,87,0,0,ITH,ITH2,4,Provincia Autonoma Trento,P.A. Trento,541380,620373,114.59,0.02
3851,2021-01-29,PAT,1414,360,1054,56,1358,0,ITH,ITH2,4,Provincia Autonoma Trento,P.A. Trento,541380,621787,114.85,0.26
3852,2021-07-14,PAT,4175,2169,2006,1715,2349,111,ITH,ITH2,4,Provincia Autonoma Trento,P.A. Trento,541380,625962,115.62,0.77
3853,2021-04-22,PAT,3174,1481,1693,2950,46,178,ITH,ITH2,4,Provincia Autonoma Trento,P.A. Trento,541380,629136,116.21,0.59
3854,2021-07-31,PAT,1486,854,632,1067,382,37,ITH,ITH2,4,Provincia Autonoma Trento,P.A. Trento,541380,630622,116.48,0.27
3855,2021-04-07,PAT,2648,1025,1623,1575,952,121,ITH,ITH2,4,Provincia Autonoma Trento,P.A. Trento,541380,633270,116.97,0.49
3856,2021-07-16,PAT,4595,2367,2228,1742,2703,150,ITH,ITH2,4,Provincia Autonoma Trento,P.A. Trento,541380,637865,117.82,0.85
3857,2021-06-27,PAT,1368,735,633,397,961,10,ITH,ITH2,4,Provincia Autonoma Trento,P.A. Trento,541380,639233,118.07,0.25
3858,2021-01-12,PAT,541,173,368,540,0,1,ITH,ITH2,4,Provincia Autonoma Trento,P.A. Trento,541380,639774,118.17,0.1
3859,2021-03-19,PAT,2467,925,1542,1503,881,83,ITH,ITH2,4,Provincia Autonoma Trento,P.A. Trento,541380,642241,118.63,0.46
3860,2021-04-05,PAT,35,17,18,30,2,3,ITH,ITH2,4,Provincia Autonoma Trento,P.A. Trento,541380,642276,118.64,0.01
3861,2021-03-23,UMB,3825,1713,2112,2158,1630,37,ITI,ITI2,10,Umbria,Umbria,882015,3825,0.43,0.43
3862,2021-07-01,UMB,9683,4793,4890,3297,6283,103,ITI,ITI2,10,Umbria,Umbria,882015,13508,1.53,1.1
3863,2021-02-08,UMB,635,203,432,88,547,0,ITI,ITI2,10,Umbria,Umbria,882015,14143,1.6,0.07
3864,2021-05-19,UMB,9420,4218,5202,5591,3744,85,ITI,ITI2,10,Umbria,Umbria,882015,23563,2.67,1.07
3865,2021-02-06,UMB,404,139,265,34,370,0,ITI,ITI2,10,Umbria,Umbria,882015,23967,2.72,0.05
3866,2021-07-29,UMB,8190,4219,3971,2147,5925,118,ITI,ITI2,10,Umbria,Umbria,882015,32157,3.65,0.93
3867,2021-05-07,UMB,10120,4712,5408,6649,3190,281,ITI,ITI2,10,Umbria,Umbria,882015,42277,4.79,1.15
3868,2021-07-03,UMB,6471,3245,3226,2824,3495,152,ITI,ITI2,10,Umbria,Umbria,882015,48748,5.53,0.73
3869,2021-07-20,UMB,8262,4106,4156,1096,7082,84,ITI,ITI2,10,Umbria,Umbria,882015,57010,6.46,0.94
3870,2021-07-22,UMB,10043,4899,5144,1649,8288,106,ITI,ITI2,10,Umbria,Umbria,882015,67053,7.6,1.14
3871,2021-04-23,UMB,6654,2820,3834,3300,3157,197,ITI,ITI2,10,Umbria,Umbria,882015,73707,8.36,0.75
3872,2021-02-25,UMB,1333,495,838,1273,52,8,ITI,ITI2,10,Umbria,Umbria,882015,75040,8.51,0.15
3873,2021-03-11,UMB,3584,1723,1861,2565,1006,13,ITI,ITI2,10,Umbria,Umbria,882015,78624,8.91,0.41
3874,2021-01-13,UMB,449,139,310,449,0,0,ITI,ITI2,10,Umbria,Umbria,882015,79073,8.97,0.05
3875,2021-06-19,UMB,4569,2199,2370,2461,2031,77,ITI,ITI2,10,Umbria,Umbria,882015,83642,9.48,0.52
3876,2021-01-06,UMB,847,326,521,847,0,0,ITI,ITI2,10,Umbria,Umbria,882015,84489,9.58,0.1
3877,2021-06-12,UMB,7715,3686,4029,5960,1579,176,ITI,ITI2,10,Umbria,Umbria,882015,92204,10.45,0.87
3878,2021-04-16,UMB,8098,3742,4356,6081,1838,179,ITI,ITI2,10,Umbria,Umbria,882015,100302,11.37,0.92
3879,2021-04-30,UMB,6255,2971,3284,2735,3399,121,ITI,ITI2,10,Umbria,Umbria,882015,106557,12.08,0.71
3880,2021-03-04,UMB,4485,1855,2630,3644,827,14,ITI,ITI2,10,Umbria,Umbria,882015,111042,12.59,0.51
3881,2021-08-08,UMB,5058,2708,2350,3554,1412,92,ITI,ITI2,10,Umbria,Umbria,882015,116100,13.16,0.57
3882,2021-06-02,UMB,3918,1884,2034,3802,42,74,ITI,ITI2,10,Umbria,Umbria,882015,120018,13.61,0.44
3883,2021-02-20,UMB,283,101,182,259,24,0,ITI,ITI2,10,Umbria,Umbria,882015,120301,13.64,0.03
3884,2021-03-09,UMB,4089,2001,2088,2792,1288,9,ITI,ITI2,10,Umbria,Umbria,882015,124390,14.1,0.46
3885,2021-02-13,UMB,114,27,87,111,3,0,ITI,ITI2,10,Umbria,Umbria,882015,124504,14.12,0.01
3886,2021-05-24,UMB,9065,4514,4551,8020,880,165,ITI,ITI2,10,Umbria,Umbria,882015,133569,15.14,1.03
3887,2021-04-18,UMB,1531,681,850,578,930,23,ITI,ITI2,10,Umbria,Umbria,882015,135100,15.32,0.17
3888,2021-01-11,UMB,1304,341,963,1304,0,0,ITI,ITI2,10,Umbria,Umbria,882015,136404,15.47,0.15
3889,2021-07-27,UMB,8133,4085,4048,2691,5326,116,ITI,ITI2,10,Umbria,Umbria,882015,144537,16.39,0.92
3890,2021-05-05,UMB,7222,3305,3917,3832,3306,84,ITI,ITI2,10,Umbria,Umbria,882015,151759,17.21,0.82
3891,2021-01-25,UMB,648,323,325,5,643,0,ITI,ITI2,10,Umbria,Umbria,882015,152407,17.28,0.07
3892,2021-04-06,UMB,5291,2167,3124,2864,2390,37,ITI,ITI2,10,Umbria,Umbria,882015,157698,17.88,0.6
3893,2021-03-28,UMB,1095,441,654,1040,24,31,ITI,ITI2,10,Umbria,Umbria,882015,158793,18.0,0.12
3894,2021-01-30,UMB,1575,486,1089,43,1532,0,ITI,ITI2,10,Umbria,Umbria,882015,160368,18.18,0.18
3895,2021-07-15,UMB,10564,5176,5388,561,9905,98,ITI,ITI2,10,Umbria,Umbria,882015,170932,19.38,1.2
3896,2021-08-10,UMB,7373,3924,3449,3988,3242,143,ITI,ITI2,10,Umbria,Umbria,882015,178305,20.22,0.84
3897,2021-06-14,UMB,5377,2744,2633,3252,2010,115,ITI,ITI2,10,Umbria,Umbria,882015,183682,20.83,0.61
3898,2021-03-18,UMB,2981,1176,1805,1711,1263,7,ITI,ITI2,10,Umbria,Umbria,882015,186663,21.16,0.34
3899,2021-06-26,UMB,9324,4736,4588,5573,3633,118,ITI,ITI2,10,Umbria,Umbria,882015,195987,22.22,1.06
3900,2021-07-10,UMB,7686,3809,3877,66,7606,14,ITI,ITI2,10,Umbria,Umbria,882015,203673,23.09,0.87
3901,2021-05-26,UMB,9653,4567,5086,8208,1251,194,ITI,ITI2,10,Umbria,Umbria,882015,213326,24.19,1.09
3902,2021-07-26,UMB,9076,4795,4281,3879,5075,122,ITI,ITI2,10,Umbria,Umbria,882015,222402,25.22,1.03
3903,2021-01-01,UMB,273,104,169,273,0,0,ITI,ITI2,10,Umbria,Umbria,882015,222675,25.25,0.03
3904,2021-04-11,UMB,3099,1505,1594,3033,49,17,ITI,ITI2,10,Umbria,Umbria,882015,225774,25.6,0.35
3905,2021-01-18,UMB,615,219,396,529,86,0,ITI,ITI2,10,Umbria,Umbria,882015,226389,25.67,0.07
3906,2021-01-20,UMB,602,221,381,602,0,0,ITI,ITI2,10,Umbria,Umbria,882015,226991,25.74,0.07
3907,2021-08-12,UMB,7314,3879,3435,4555,2541,218,ITI,ITI2,10,Umbria,Umbria,882015,234305,26.56,0.83
3908,2021-06-30,UMB,10482,5298,5184,3673,6715,94,ITI,ITI2,10,Umbria,Umbria,882015,244787,27.75,1.19
3909,2021-04-25,UMB,4358,1685,2673,3866,83,409,ITI,ITI2,10,Umbria,Umbria,882015,249145,28.25,0.49
3910,2021-08-03,UMB,9182,4752,4430,3501,5506,175,ITI,ITI2,10,Umbria,Umbria,882015,258327,29.29,1.04
3911,2021-06-21,UMB,7504,3934,3570,5069,2338,97,ITI,ITI2,10,Umbria,Umbria,882015,265831,30.14,0.85
3912,2021-04-04,UMB,57,20,37,22,35,0,ITI,ITI2,10,Umbria,Umbria,882015,265888,30.15,0.01
3913,2021-06-07,UMB,6945,3427,3518,6073,695,177,ITI,ITI2,10,Umbria,Umbria,882015,272833,30.93,0.79
3914,2021-03-16,UMB,3538,1454,2084,1909,1627,2,ITI,ITI2,10,Umbria,Umbria,882015,276371,31.33,0.4
3915,2021-02-27,UMB,1658,354,1304,1642,16,0,ITI,ITI2,10,Umbria,Umbria,882015,278029,31.52,0.19
3916,2021-04-03,UMB,2099,712,1387,1034,1054,11,ITI,ITI2,10,Umbria,Umbria,882015,280128,31.76,0.24
3917,2021-07-12,UMB,4621,2235,2386,105,4504,12,ITI,ITI2,10,Umbria,Umbria,882015,284749,32.28,0.52
3918,2021-05-31,UMB,5817,2845,2972,4848,885,84,ITI,ITI2,10,Umbria,Umbria,882015,290566,32.94,0.66
3919,2021-05-14,UMB,5331,2512,2819,3351,1819,161,ITI,ITI2,10,Umbria,Umbria,882015,295897,33.55,0.6
3920,2021-02-01,UMB,1284,341,943,48,1236,0,ITI,ITI2,10,Umbria,Umbria,882015,297181,33.69,0.15
3921,2021-02-18,UMB,1496,582,914,1029,466,1,ITI,ITI2,10,Umbria,Umbria,882015,298677,33.86,0.17
3922,2021-07-08,UMB,9568,4629,4939,178,9343,47,ITI,ITI2,10,Umbria,Umbria,882015,308245,34.95,1.08
3923,2021-05-12,UMB,6494,3027,3467,4198,2147,149,ITI,ITI2,10,Umbria,Umbria,882015,314739,35.68,0.74
3924,2021-03-30,UMB,3978,1732,2246,2400,1542,36,ITI,ITI2,10,Umbria,Umbria,882015,318717,36.14,0.45
3925,2020-12-27,UMB,86,45,41,86,0,0,ITI,ITI2,10,Umbria,Umbria,882015,318803,36.14,0.01
3926,2021-04-20,UMB,5450,2364,3086,3429,1947,74,ITI,ITI2,10,Umbria,Umbria,882015,324253,36.76,0.62
3927,2021-01-27,UMB,841,330,511,13,828,0,ITI,ITI2,10,Umbria,Umbria,882015,325094,36.86,0.1
3928,2021-01-10,UMB,1065,274,791,1065,0,0,ITI,ITI2,10,Umbria,Umbria,882015,326159,36.98,0.12
3929,2021-05-21,UMB,8977,3671,5306,4063,4829,85,ITI,ITI2,10,Umbria,Umbria,882015,335136,38.0,1.02
3930,2021-05-04,UMB,5539,2545,2994,2352,3125,62,ITI,ITI2,10,Umbria,Umbria,882015,340675,38.62,0.63
3931,2021-04-01,UMB,4373,1837,2536,2326,2010,37,ITI,ITI2,10,Umbria,Umbria,882015,345048,39.12,0.5
3932,2021-03-01,UMB,1505,775,730,1385,114,6,ITI,ITI2,10,Umbria,Umbria,882015,346553,39.29,0.17
3933,2021-06-09,UMB,8152,3948,4204,7130,724,298,ITI,ITI2,10,Umbria,Umbria,882015,354705,40.22,0.92
3934,2021-05-28,UMB,9592,4439,5153,7108,2299,185,ITI,ITI2,10,Umbria,Umbria,882015,364297,41.3,1.09
3935,2021-04-15,UMB,7657,3502,4155,5698,1887,72,ITI,ITI2,10,Umbria,Umbria,882015,371954,42.17,0.87
3936,2021-02-17,UMB,1618,748,870,1266,351,1,ITI,ITI2,10,Umbria,Umbria,882015,373572,42.35,0.18
3937,2021-07-24,UMB,8695,4368,4327,1346,7281,68,ITI,ITI2,10,Umbria,Umbria,882015,382267,43.34,0.99
3938,2021-04-13,UMB,7680,3400,4280,5922,1669,89,ITI,ITI2,10,Umbria,Umbria,882015,389947,44.21,0.87
3939,2021-02-15,UMB,1367,692,675,1364,1,2,ITI,ITI2,10,Umbria,Umbria,882015,391314,44.37,0.15
3940,2021-01-03,UMB,270,112,158,270,0,0,ITI,ITI2,10,Umbria,Umbria,882015,391584,44.4,0.03
3941,2021-05-30,UMB,5982,2999,2983,5662,202,118,ITI,ITI2,10,Umbria,Umbria,882015,397566,45.07,0.68
3942,2021-03-08,UMB,3698,1824,1874,2324,1361,13,ITI,ITI2,10,Umbria,Umbria,882015,401264,45.49,0.42
3943,2021-06-16,UMB,6318,3092,3226,3072,3096,150,ITI,ITI2,10,Umbria,Umbria,882015,407582,46.21,0.72
3944,2021-03-25,UMB,3931,1724,2207,2821,1064,46,ITI,ITI2,10,Umbria,Umbria,882015,411513,46.66,0.45
3945,2021-03-27,UMB,4251,1513,2738,3855,340,56,ITI,ITI2,10,Umbria,Umbria,882015,415764,47.14,0.48
3946,2021-07-07,UMB,9491,4499,4992,89,9372,30,ITI,ITI2,10,Umbria,Umbria,882015,425255,48.21,1.08
3947,2021-05-11,UMB,6241,2837,3404,3907,2193,141,ITI,ITI2,10,Umbria,Umbria,882015,431496,48.92,0.71
3948,2021-03-06,UMB,4304,1146,3158,4132,138,34,ITI,ITI2,10,Umbria,Umbria,882015,435800,49.41,0.49
3949,2021-01-22,UMB,276,105,171,32,244,0,ITI,ITI2,10,Umbria,Umbria,882015,436076,49.44,0.03
3950,2021-06-28,UMB,9762,4814,4948,3717,5977,68,ITI,ITI2,10,Umbria,Umbria,882015,445838,50.55,1.11
3951,2021-05-02,UMB,3781,1867,1914,1298,2454,29,ITI,ITI2,10,Umbria,Umbria,882015,449619,50.98,0.43
3952,2021-03-20,UMB,2319,845,1474,2289,25,5,ITI,ITI2,10,Umbria,Umbria,882015,451938,51.24,0.26
3953,2021-02-22,UMB,1889,807,1082,1803,86,0,ITI,ITI2,10,Umbria,Umbria,882015,453827,51.45,0.21
3954,2021-06-11,UMB,6996,3516,3480,5989,772,235,ITI,ITI2,10,Umbria,Umbria,882015,460823,52.25,0.79
3955,2021-07-31,UMB,4326,2259,2067,1475,2804,47,ITI,ITI2,10,Umbria,Umbria,882015,465149,52.74,0.49
3956,2021-04-22,UMB,5455,2250,3205,2702,2671,82,ITI,ITI2,10,Umbria,Umbria,882015,470604,53.36,0.62
3957,2021-04-17,UMB,6692,3074,3618,5184,1341,167,ITI,ITI2,10,Umbria,Umbria,882015,477296,54.11,0.76
3958,2021-06-18,UMB,4774,2355,2419,1569,3158,47,ITI,ITI2,10,Umbria,Umbria,882015,482070,54.66,0.54
3959,2021-07-05,UMB,8414,4080,4334,154,8246,14,ITI,ITI2,10,Umbria,Umbria,882015,490484,55.61,0.95
3960,2021-05-13,UMB,5925,2663,3262,3711,2085,129,ITI,ITI2,10,Umbria,Umbria,882015,496409,56.28,0.67
3961,2021-02-19,UMB,743,293,450,525,217,1,ITI,ITI2,10,Umbria,Umbria,882015,497152,56.37,0.08
3962,2021-08-04,UMB,10619,5521,5098,3291,7161,167,ITI,ITI2,10,Umbria,Umbria,882015,507771,57.57,1.2
3963,2021-06-23,UMB,11215,5732,5483,7670,3406,139,ITI,ITI2,10,Umbria,Umbria,882015,518986,58.84,1.27
3964,2021-03-15,UMB,4597,1941,2656,2827,1767,3,ITI,ITI2,10,Umbria,Umbria,882015,523583,59.36,0.52
3965,2021-02-10,UMB,715,350,365,700,15,0,ITI,ITI2,10,Umbria,Umbria,882015,524298,59.44,0.08
3966,2021-01-24,UMB,258,106,152,1,257,0,ITI,ITI2,10,Umbria,Umbria,882015,524556,59.47,0.03
3967,2021-03-29,UMB,3632,1602,2030,2151,1422,59,ITI,ITI2,10,Umbria,Umbria,882015,528188,59.88,0.41
3968,2021-01-31,UMB,1058,276,782,25,1033,0,ITI,ITI2,10,Umbria,Umbria,882015,529246,60.0,0.12
3969,2021-05-25,UMB,8816,4301,4515,7582,1063,171,ITI,ITI2,10,Umbria,Umbria,882015,538062,61.0,1.0
3970,2021-03-13,UMB,1735,524,1211,1486,249,0,ITI,ITI2,10,Umbria,Umbria,882015,539797,61.2,0.2
3971,2021-01-15,UMB,695,213,482,695,0,0,ITI,ITI2,10,Umbria,Umbria,882015,540492,61.28,0.08
3972,2021-01-29,UMB,1232,350,882,79,1153,0,ITI,ITI2,10,Umbria,Umbria,882015,541724,61.42,0.14
3973,2021-05-09,UMB,5756,2754,3002,5245,391,120,ITI,ITI2,10,Umbria,Umbria,882015,547480,62.07,0.65
3974,2021-07-09,UMB,9559,4629,4930,129,9406,24,ITI,ITI2,10,Umbria,Umbria,882015,557039,63.16,1.08
3975,2021-07-23,UMB,10642,5444,5198,1325,9212,105,ITI,ITI2,10,Umbria,Umbria,882015,567681,64.36,1.21
3976,2021-07-16,UMB,9621,4895,4726,664,8877,80,ITI,ITI2,10,Umbria,Umbria,882015,577302,65.45,1.09
3977,2021-05-20,UMB,9858,4602,5256,6092,3658,108,ITI,ITI2,10,Umbria,Umbria,882015,587160,66.57,1.12
3978,2021-01-08,UMB,1187,344,843,1187,0,0,ITI,ITI2,10,Umbria,Umbria,882015,588347,66.7,0.13
3979,2021-05-23,UMB,5069,1855,3214,636,4417,16,ITI,ITI2,10,Umbria,Umbria,882015,593416,67.28,0.57
3980,2021-06-01,UMB,4383,2089,2294,4156,156,71,ITI,ITI2,10,Umbria,Umbria,882015,597799,67.78,0.5
3981,2021-03-10,UMB,4031,1943,2088,2759,1257,15,ITI,ITI2,10,Umbria,Umbria,882015,601830,68.23,0.46
3982,2021-01-16,UMB,217,71,146,216,0,1,ITI,ITI2,10,Umbria,Umbria,882015,602047,68.26,0.02
3983,2021-02-02,UMB,943,272,671,32,911,0,ITI,ITI2,10,Umbria,Umbria,882015,602990,68.37,0.11
3984,2021-04-26,UMB,5398,2341,3057,3103,2255,40,ITI,ITI2,10,Umbria,Umbria,882015,608388,68.98,0.61
3985,2021-04-09,UMB,6741,3126,3615,6407,215,119,ITI,ITI2,10,Umbria,Umbria,882015,615129,69.74,0.76
3986,2021-04-28,UMB,5390,2330,3060,2937,2396,57,ITI,ITI2,10,Umbria,Umbria,882015,620519,70.35,0.61
3987,2021-08-06,UMB,8150,4239,3911,3288,4776,86,ITI,ITI2,10,Umbria,Umbria,882015,628669,71.28,0.92
3988,2021-02-04,UMB,734,226,508,26,708,0,ITI,ITI2,10,Umbria,Umbria,882015,629403,71.36,0.08
3989,2021-05-15,UMB,4992,1883,3109,1765,3164,63,ITI,ITI2,10,Umbria,Umbria,882015,634395,71.93,0.57
3990,2021-02-21,UMB,1,0,1,1,0,0,ITI,ITI2,10,Umbria,Umbria,882015,634396,71.93,0.0
3991,2021-01-05,UMB,855,430,425,855,0,0,ITI,ITI2,10,Umbria,Umbria,882015,635251,72.02,0.1
3992,2021-08-02,UMB,5526,2893,2633,256,5248,22,ITI,ITI2,10,Umbria,Umbria,882015,640777,72.65,0.63
3993,2021-06-20,UMB,6219,3007,3212,1574,4604,41,ITI,ITI2,10,Umbria,Umbria,882015,646996,73.35,0.71
3994,2021-04-08,UMB,5878,2513,3365,4003,1803,72,ITI,ITI2,10,Umbria,Umbria,882015,652874,74.02,0.67
3995,2021-07-17,UMB,7664,3855,3809,1283,6231,150,ITI,ITI2,10,Umbria,Umbria,882015,660538,74.89,0.87
3996,2021-06-04,UMB,8918,4408,4510,7536,1202,180,ITI,ITI2,10,Umbria,Umbria,882015,669456,75.9,1.01
3997,2021-06-13,UMB,6764,3557,3207,6390,230,144,ITI,ITI2,10,Umbria,Umbria,882015,676220,76.67,0.77
3998,2021-05-01,UMB,5370,2638,2732,2096,3230,44,ITI,ITI2,10,Umbria,Umbria,882015,681590,77.28,0.61
3999,2021-04-24,UMB,4562,1961,2601,3274,1183,105,ITI,ITI2,10,Umbria,Umbria,882015,686152,77.79,0.52
4000,2021-01-12,UMB,835,247,588,835,0,0,ITI,ITI2,10,Umbria,Umbria,882015,686987,77.89,0.09
4001,2021-03-14,UMB,66,48,18,66,0,0,ITI,ITI2,10,Umbria,Umbria,882015,687053,77.9,0.01
4002,2021-06-22,UMB,8039,4081,3958,5149,2796,94,ITI,ITI2,10,Umbria,Umbria,882015,695092,78.81,0.91
4003,2021-03-12,UMB,2695,1082,1613,2191,496,8,ITI,ITI2,10,Umbria,Umbria,882015,697787,79.11,0.31
4004,2021-03-21,UMB,675,338,337,672,0,3,ITI,ITI2,10,Umbria,Umbria,882015,698462,79.19,0.08
4005,2021-06-29,UMB,9889,5035,4854,4110,5691,88,ITI,ITI2,10,Umbria,Umbria,882015,708351,80.31,1.12
4006,2021-05-17,UMB,6372,3063,3309,4108,2179,85,ITI,ITI2,10,Umbria,Umbria,882015,714723,81.03,0.72
4007,2021-01-14,UMB,723,192,531,723,0,0,ITI,ITI2,10,Umbria,Umbria,882015,715446,81.11,0.08
4008,2021-03-19,UMB,1743,565,1178,1082,656,5,ITI,ITI2,10,Umbria,Umbria,882015,717189,81.31,0.2
4009,2021-06-08,UMB,7378,3641,3737,6626,547,205,ITI,ITI2,10,Umbria,Umbria,882015,724567,82.15,0.84
4010,2021-03-17,UMB,3330,1313,2017,1855,1473,2,ITI,ITI2,10,Umbria,Umbria,882015,727897,82.53,0.38
4011,2021-01-07,UMB,1301,388,913,1301,0,0,ITI,ITI2,10,Umbria,Umbria,882015,729198,82.67,0.15
4012,2021-03-31,UMB,3896,1727,2169,2179,1685,32,ITI,ITI2,10,Umbria,Umbria,882015,733094,83.12,0.44
4013,2021-02-16,UMB,1308,655,653,1299,9,0,ITI,ITI2,10,Umbria,Umbria,882015,734402,83.26,0.15
4014,2021-05-27,UMB,9973,4865,5108,8472,1319,182,ITI,ITI2,10,Umbria,Umbria,882015,744375,84.39,1.13
4015,2021-01-04,UMB,809,398,411,809,0,0,ITI,ITI2,10,Umbria,Umbria,882015,745184,84.49,0.09
4016,2021-04-14,UMB,8154,3681,4473,6098,1979,77,ITI,ITI2,10,Umbria,Umbria,882015,753338,85.41,0.92
4017,2021-06-03,UMB,9043,4470,4573,8582,289,172,ITI,ITI2,10,Umbria,Umbria,882015,762381,86.44,1.03
4018,2021-04-07,UMB,5614,2302,3312,3523,2006,85,ITI,ITI2,10,Umbria,Umbria,882015,767995,87.07,0.64
4019,2021-02-23,UMB,1691,657,1034,1649,42,0,ITI,ITI2,10,Umbria,Umbria,882015,769686,87.26,0.19
4020,2021-03-05,UMB,4618,1402,3216,3947,656,15,ITI,ITI2,10,Umbria,Umbria,882015,774304,87.79,0.52
4021,2021-08-09,UMB,6681,3541,3140,3499,3024,158,ITI,ITI2,10,Umbria,Umbria,882015,780985,88.55,0.76
4022,2021-03-03,UMB,4432,1772,2660,3718,711,3,ITI,ITI2,10,Umbria,Umbria,882015,785417,89.05,0.5
4023,2021-08-11,UMB,7574,4066,3508,3695,3698,181,ITI,ITI2,10,Umbria,Umbria,882015,792991,89.91,0.86
4024,2021-06-06,UMB,7610,3906,3704,6792,694,124,ITI,ITI2,10,Umbria,Umbria,882015,800601,90.77,0.86
4025,2021-05-18,UMB,7753,3358,4395,3828,3841,84,ITI,ITI2,10,Umbria,Umbria,882015,808354,91.65,0.88
4026,2021-03-22,UMB,3561,1656,1905,2305,1246,10,ITI,ITI2,10,Umbria,Umbria,882015,811915,92.05,0.4
4027,2021-04-05,UMB,4249,1729,2520,2182,2055,12,ITI,ITI2,10,Umbria,Umbria,882015,816164,92.53,0.48
4028,2021-02-07,UMB,54,17,37,1,53,0,ITI,ITI2,10,Umbria,Umbria,882015,816218,92.54,0.01
4029,2021-07-14,UMB,6197,3008,3189,1629,4262,306,ITI,ITI2,10,Umbria,Umbria,882015,822415,93.24,0.7
4030,2021-08-01,UMB,3018,1529,1489,1322,1650,46,ITI,ITI2,10,Umbria,Umbria,882015,825433,93.58,0.34
4031,2021-07-18,UMB,7853,4063,3790,273,7553,27,ITI,ITI2,10,Umbria,Umbria,882015,833286,94.48,0.89
4032,2021-06-05,UMB,8225,3775,4450,5412,2655,158,ITI,ITI2,10,Umbria,Umbria,882015,841511,95.41,0.93
4033,2021-06-25,UMB,10183,5291,4892,5255,4776,152,ITI,ITI2,10,Umbria,Umbria,882015,851694,96.56,1.15
4034,2021-01-26,UMB,816,390,426,17,799,0,ITI,ITI2,10,Umbria,Umbria,882015,852510,96.65,0.09
4035,2021-02-12,UMB,671,224,447,665,6,0,ITI,ITI2,10,Umbria,Umbria,882015,853181,96.73,0.08
4036,2021-02-26,UMB,660,253,407,650,8,2,ITI,ITI2,10,Umbria,Umbria,882015,853841,96.81,0.07
4037,2021-05-06,UMB,9458,4318,5140,6019,3314,125,ITI,ITI2,10,Umbria,Umbria,882015,863299,97.88,1.07
4038,2021-07-25,UMB,7305,3849,3456,1165,6095,45,ITI,ITI2,10,Umbria,Umbria,882015,870604,98.71,0.83
4039,2021-06-27,UMB,7459,3732,3727,1727,5670,62,ITI,ITI2,10,Umbria,Umbria,882015,878063,99.55,0.85
4040,2021-07-28,UMB,8234,4331,3903,2969,5152,113,ITI,ITI2,10,Umbria,Umbria,882015,886297,100.49,0.93
4041,2021-06-10,UMB,7552,3762,3790,6460,784,308,ITI,ITI2,10,Umbria,Umbria,882015,893849,101.34,0.86
4042,2021-08-13,UMB,5498,3035,2463,3308,2051,139,ITI,ITI2,10,Umbria,Umbria,882015,899347,101.97,0.62
4043,2021-02-24,UMB,1519,563,956,1504,15,0,ITI,ITI2,10,Umbria,Umbria,882015,900866,102.14,0.17
4044,2021-07-06,UMB,8593,4093,4500,150,8420,23,ITI,ITI2,10,Umbria,Umbria,882015,909459,103.11,0.97
4045,2021-05-10,UMB,5997,2803,3194,3731,2151,115,ITI,ITI2,10,Umbria,Umbria,882015,915456,103.79,0.68
4046,2021-05-08,UMB,8146,3744,4402,4797,3244,105,ITI,ITI2,10,Umbria,Umbria,882015,923602,104.71,0.92
4047,2021-01-28,UMB,1248,394,854,18,1230,0,ITI,ITI2,10,Umbria,Umbria,882015,924850,104.86,0.14
4048,2021-05-03,UMB,5087,2271,2816,2096,2887,104,ITI,ITI2,10,Umbria,Umbria,882015,929937,105.43,0.58
4049,2021-01-23,UMB,280,100,180,2,278,0,ITI,ITI2,10,Umbria,Umbria,882015,930217,105.46,0.03
4050,2021-01-21,UMB,608,202,406,338,269,1,ITI,ITI2,10,Umbria,Umbria,882015,930825,105.53,0.07
4051,2021-02-11,UMB,839,348,491,834,5,0,ITI,ITI2,10,Umbria,Umbria,882015,931664,105.63,0.1
4052,2021-05-22,UMB,6973,2755,4218,2601,4326,46,ITI,ITI2,10,Umbria,Umbria,882015,938637,106.42,0.79
4053,2021-07-11,UMB,5875,2967,2908,89,5785,1,ITI,ITI2,10,Umbria,Umbria,882015,944512,107.09,0.67
4054,2021-04-02,UMB,4343,1778,2565,3543,755,45,ITI,ITI2,10,Umbria,Umbria,882015,948855,107.58,0.49
4055,2021-01-09,UMB,1717,495,1222,1717,0,0,ITI,ITI2,10,Umbria,Umbria,882015,950572,107.77,0.19
4056,2021-07-13,UMB,4231,2006,2225,79,4144,8,ITI,ITI2,10,Umbria,Umbria,882015,954803,108.25,0.48
4057,2021-04-21,UMB,5326,2319,3007,3058,2230,38,ITI,ITI2,10,Umbria,Umbria,882015,960129,108.86,0.6
4058,2021-07-30,UMB,6201,3232,2969,3180,2903,118,ITI,ITI2,10,Umbria,Umbria,882015,966330,109.56,0.7
4059,2021-03-02,UMB,3642,1346,2296,3635,4,3,ITI,ITI2,10,Umbria,Umbria,882015,969972,109.97,0.41
4060,2021-06-24,UMB,10155,5118,5037,6019,4008,128,ITI,ITI2,10,Umbria,Umbria,882015,980127,111.12,1.15
4061,2021-04-19,UMB,5036,2227,2809,2933,2048,55,ITI,ITI2,10,Umbria,Umbria,882015,985163,111.69,0.57
4062,2021-08-07,UMB,7223,3798,3425,2539,4612,72,ITI,ITI2,10,Umbria,Umbria,882015,992386,112.51,0.82
4063,2021-05-16,UMB,5219,2493,2726,5086,50,83,ITI,ITI2,10,Umbria,Umbria,882015,997605,113.11,0.59
4064,2021-08-05,UMB,9663,5064,4599,3829,5672,162,ITI,ITI2,10,Umbria,Umbria,882015,1007268,114.2,1.1
4065,2021-07-19,UMB,7620,3803,3817,1492,6028,100,ITI,ITI2,10,Umbria,Umbria,882015,1014888,115.06,0.86
4066,2021-04-27,UMB,5666,2401,3265,3054,2579,33,ITI,ITI2,10,Umbria,Umbria,882015,1020554,115.71,0.64
4067,2021-02-03,UMB,724,174,550,67,657,0,ITI,ITI2,10,Umbria,Umbria,882015,1021278,115.79,0.08
4068,2021-02-05,UMB,780,234,546,18,762,0,ITI,ITI2,10,Umbria,Umbria,882015,1022058,115.88,0.09
4069,2021-07-21,UMB,9842,4911,4931,1225,8530,87,ITI,ITI2,10,Umbria,Umbria,882015,1031900,116.99,1.12
4070,2021-07-04,UMB,3406,1740,1666,2343,968,95,ITI,ITI2,10,Umbria,Umbria,882015,1035306,117.38,0.39
4071,2021-04-12,UMB,7084,3081,4003,5310,1717,57,ITI,ITI2,10,Umbria,Umbria,882015,1042390,118.18,0.8
4072,2021-01-19,UMB,102,23,79,102,0,0,ITI,ITI2,10,Umbria,Umbria,882015,1042492,118.19,0.01
4073,2021-04-29,UMB,5215,2250,2965,2806,2320,89,ITI,ITI2,10,Umbria,Umbria,882015,1047707,118.79,0.59
4074,2021-03-24,UMB,4104,1792,2312,2744,1323,37,ITI,ITI2,10,Umbria,Umbria,882015,1051811,119.25,0.47
4075,2021-07-02,UMB,8740,4325,4415,2962,5602,176,ITI,ITI2,10,Umbria,Umbria,882015,1060551,120.24,0.99
4076,2021-04-10,UMB,7395,3479,3916,7178,84,133,ITI,ITI2,10,Umbria,Umbria,882015,1067946,121.08,0.84
4077,2021-01-17,UMB,54,17,37,54,0,0,ITI,ITI2,10,Umbria,Umbria,882015,1068000,121.09,0.01
4078,2020-12-31,UMB,322,127,195,322,0,0,ITI,ITI2,10,Umbria,Umbria,882015,1068322,121.12,0.04
4079,2021-06-15,UMB,5980,3014,2966,3793,2069,118,ITI,ITI2,10,Umbria,Umbria,882015,1074302,121.8,0.68
4080,2021-06-17,UMB,6968,3542,3426,4747,2079,142,ITI,ITI2,10,Umbria,Umbria,882015,1081270,122.59,0.79
4081,2021-03-26,UMB,4594,1716,2878,4344,172,78,ITI,ITI2,10,Umbria,Umbria,882015,1085864,123.11,0.52
4082,2021-01-02,UMB,304,111,193,304,0,0,ITI,ITI2,10,Umbria,Umbria,882015,1086168,123.15,0.03
4083,2021-03-07,UMB,845,180,665,837,7,1,ITI,ITI2,10,Umbria,Umbria,882015,1087013,123.24,0.1
4084,2021-05-29,UMB,7858,3612,4246,6177,1567,114,ITI,ITI2,10,Umbria,Umbria,882015,1094871,124.13,0.89
4085,2021-05-04,ABR,10854,5094,5760,7049,3619,186,ITF,ITF1,13,Abruzzo,Abruzzo,1304970,10854,0.83,0.83
4086,2021-03-08,ABR,5155,1693,3462,4089,974,92,ITF,ITF1,13,Abruzzo,Abruzzo,1304970,16009,1.23,0.4
4087,2021-01-24,ABR,50,22,28,6,44,0,ITF,ITF1,13,Abruzzo,Abruzzo,1304970,16059,1.23,0.0
4088,2021-03-01,ABR,3476,1384,2092,2701,751,24,ITF,ITF1,13,Abruzzo,Abruzzo,1304970,19535,1.5,0.27
4089,2021-03-03,ABR,4642,1899,2743,3713,906,23,ITF,ITF1,13,Abruzzo,Abruzzo,1304970,24177,1.85,0.36
4090,2021-07-14,ABR,13723,6798,6925,2438,11134,151,ITF,ITF1,13,Abruzzo,Abruzzo,1304970,37900,2.9,1.05
4091,2021-04-08,ABR,7392,3334,4058,4934,2331,127,ITF,ITF1,13,Abruzzo,Abruzzo,1304970,45292,3.47,0.57
4092,2021-04-22,ABR,6738,3252,3486,4830,1733,175,ITF,ITF1,13,Abruzzo,Abruzzo,1304970,52030,3.99,0.52
4093,2021-07-31,ABR,11741,6340,5401,3482,8057,202,ITF,ITF1,13,Abruzzo,Abruzzo,1304970,63771,4.89,0.9
4094,2021-03-22,ABR,4346,1910,2436,2309,1971,66,ITF,ITF1,13,Abruzzo,Abruzzo,1304970,68117,5.22,0.33
4095,2021-06-30,ABR,11170,5430,5740,4496,6508,166,ITF,ITF1,13,Abruzzo,Abruzzo,1304970,79287,6.08,0.86
4096,2021-01-22,ABR,118,57,61,118,0,0,ITF,ITF1,13,Abruzzo,Abruzzo,1304970,79405,6.08,0.01
4097,2021-01-03,ABR,500,212,288,498,0,2,ITF,ITF1,13,Abruzzo,Abruzzo,1304970,79905,6.12,0.04
4098,2021-02-10,ABR,946,311,635,492,444,10,ITF,ITF1,13,Abruzzo,Abruzzo,1304970,80851,6.2,0.07
4099,2021-02-22,ABR,2642,1173,1469,2587,30,25,ITF,ITF1,13,Abruzzo,Abruzzo,1304970,83493,6.4,0.2
4100,2021-02-05,ABR,1534,521,1013,772,746,16,ITF,ITF1,13,Abruzzo,Abruzzo,1304970,85027,6.52,0.12
4101,2021-05-16,ABR,9577,4135,5442,5647,3811,119,ITF,ITF1,13,Abruzzo,Abruzzo,1304970,94604,7.25,0.73
4102,2021-06-04,ABR,15639,7393,8246,10758,4694,187,ITF,ITF1,13,Abruzzo,Abruzzo,1304970,110243,8.45,1.2
4103,2021-05-18,ABR,12111,5661,6450,7562,4380,169,ITF,ITF1,13,Abruzzo,Abruzzo,1304970,122354,9.38,0.93
4104,2021-02-24,ABR,3306,1442,1864,3112,177,17,ITF,ITF1,13,Abruzzo,Abruzzo,1304970,125660,9.63,0.25
4105,2021-08-09,ABR,10695,5542,5153,3097,7405,193,ITF,ITF1,13,Abruzzo,Abruzzo,1304970,136355,10.45,0.82
4106,2020-12-27,ABR,46,24,22,46,0,0,ITF,ITF1,13,Abruzzo,Abruzzo,1304970,136401,10.45,0.0
4107,2021-03-20,ABR,4794,2200,2594,2561,2171,62,ITF,ITF1,13,Abruzzo,Abruzzo,1304970,141195,10.82,0.37
4108,2021-06-13,ABR,9844,4925,4919,7846,1833,165,ITF,ITF1,13,Abruzzo,Abruzzo,1304970,151039,11.57,0.75
4109,2021-01-10,ABR,1270,538,732,1266,0,4,ITF,ITF1,13,Abruzzo,Abruzzo,1304970,152309,11.67,0.1
4110,2021-04-29,ABR,12683,5854,6829,9280,3097,306,ITF,ITF1,13,Abruzzo,Abruzzo,1304970,164992,12.64,0.97
4111,2021-08-07,ABR,6508,3629,2879,1839,4574,95,ITF,ITF1,13,Abruzzo,Abruzzo,1304970,171500,13.14,0.5
4112,2021-06-25,ABR,11060,5479,5581,4905,6012,143,ITF,ITF1,13,Abruzzo,Abruzzo,1304970,182560,13.99,0.85
4113,2021-01-15,ABR,385,155,230,371,0,14,ITF,ITF1,13,Abruzzo,Abruzzo,1304970,182945,14.02,0.03
4114,2021-05-30,ABR,8660,4110,4550,5326,3255,79,ITF,ITF1,13,Abruzzo,Abruzzo,1304970,191605,14.68,0.66
4115,2021-04-03,ABR,5163,2258,2905,3485,1598,80,ITF,ITF1,13,Abruzzo,Abruzzo,1304970,196768,15.08,0.4
4116,2021-07-26,ABR,14246,7450,6796,3859,10189,198,ITF,ITF1,13,Abruzzo,Abruzzo,1304970,211014,16.17,1.09
4117,2021-07-12,ABR,15074,7455,7619,2360,12599,115,ITF,ITF1,13,Abruzzo,Abruzzo,1304970,226088,17.33,1.16
4118,2021-02-17,ABR,2071,948,1123,1780,282,9,ITF,ITF1,13,Abruzzo,Abruzzo,1304970,228159,17.48,0.16
4119,2021-06-11,ABR,11777,5851,5926,8830,2761,186,ITF,ITF1,13,Abruzzo,Abruzzo,1304970,239936,18.39,0.9
4120,2021-05-11,ABR,10761,5119,5642,5732,4853,176,ITF,ITF1,13,Abruzzo,Abruzzo,1304970,250697,19.21,0.82
4121,2021-06-18,ABR,10186,5002,5184,6550,3489,147,ITF,ITF1,13,Abruzzo,Abruzzo,1304970,260883,19.99,0.78
4122,2021-02-02,ABR,1763,668,1095,218,1541,4,ITF,ITF1,13,Abruzzo,Abruzzo,1304970,262646,20.13,0.14
4123,2021-05-13,ABR,11149,5042,6107,6959,3961,229,ITF,ITF1,13,Abruzzo,Abruzzo,1304970,273795,20.98,0.85
4124,2021-03-31,ABR,6723,2946,3777,4558,2069,96,ITF,ITF1,13,Abruzzo,Abruzzo,1304970,280518,21.5,0.52
4125,2021-03-27,ABR,6127,2623,3504,3563,2492,72,ITF,ITF1,13,Abruzzo,Abruzzo,1304970,286645,21.97,0.47
4126,2021-01-05,ABR,1733,721,1012,1728,0,5,ITF,ITF1,13,Abruzzo,Abruzzo,1304970,288378,22.1,0.13
4127,2021-04-15,ABR,7830,3686,4144,5828,1843,159,ITF,ITF1,13,Abruzzo,Abruzzo,1304970,296208,22.7,0.6
4128,2021-07-07,ABR,12066,5907,6159,4035,7792,239,ITF,ITF1,13,Abruzzo,Abruzzo,1304970,308274,23.62,0.92
4129,2021-07-09,ABR,13613,6795,6818,2897,10579,137,ITF,ITF1,13,Abruzzo,Abruzzo,1304970,321887,24.67,1.04
4130,2021-07-21,ABR,11079,5718,5361,2427,8518,134,ITF,ITF1,13,Abruzzo,Abruzzo,1304970,332966,25.52,0.85
4131,2021-02-03,ABR,2062,717,1345,411,1643,8,ITF,ITF1,13,Abruzzo,Abruzzo,1304970,335028,25.67,0.16
4132,2021-02-28,ABR,1703,509,1194,1665,2,36,ITF,ITF1,13,Abruzzo,Abruzzo,1304970,336731,25.8,0.13
4133,2021-08-04,ABR,10881,5628,5253,4305,6335,241,ITF,ITF1,13,Abruzzo,Abruzzo,1304970,347612,26.64,0.83
4134,2021-01-02,ABR,559,226,333,558,0,1,ITF,ITF1,13,Abruzzo,Abruzzo,1304970,348171,26.68,0.04
4135,2021-06-08,ABR,12871,6624,6247,10436,2196,239,ITF,ITF1,13,Abruzzo,Abruzzo,1304970,361042,27.67,0.99
4136,2021-04-26,ABR,8563,4066,4497,7142,1213,208,ITF,ITF1,13,Abruzzo,Abruzzo,1304970,369605,28.32,0.66
4137,2021-02-12,ABR,1228,567,661,1026,189,13,ITF,ITF1,13,Abruzzo,Abruzzo,1304970,370833,28.42,0.09
4138,2021-07-19,ABR,11775,5982,5793,2664,8941,170,ITF,ITF1,13,Abruzzo,Abruzzo,1304970,382608,29.32,0.9
4139,2021-05-23,ABR,9881,4694,5187,7068,2692,121,ITF,ITF1,13,Abruzzo,Abruzzo,1304970,392489,30.08,0.76
4140,2021-06-06,ABR,11152,5309,5843,8778,2242,132,ITF,ITF1,13,Abruzzo,Abruzzo,1304970,403641,30.93,0.85
4141,2021-04-10,ABR,8781,4058,4723,6129,2510,142,ITF,ITF1,13,Abruzzo,Abruzzo,1304970,412422,31.6,0.67
4142,2021-01-29,ABR,1387,449,938,72,1314,1,ITF,ITF1,13,Abruzzo,Abruzzo,1304970,413809,31.71,0.11
4143,2021-08-02,ABR,13854,7154,6700,3548,10048,258,ITF,ITF1,13,Abruzzo,Abruzzo,1304970,427663,32.77,1.06
4144,2021-05-27,ABR,13321,6105,7216,8317,4829,175,ITF,ITF1,13,Abruzzo,Abruzzo,1304970,440984,33.79,1.02
4145,2021-01-19,ABR,111,55,56,90,20,1,ITF,ITF1,13,Abruzzo,Abruzzo,1304970,441095,33.8,0.01
4146,2021-04-27,ABR,9084,4367,4717,6505,2466,113,ITF,ITF1,13,Abruzzo,Abruzzo,1304970,450179,34.5,0.7
4147,2021-07-02,ABR,11835,5946,5889,4833,6818,184,ITF,ITF1,13,Abruzzo,Abruzzo,1304970,462014,35.4,0.91
4148,2021-03-15,ABR,3681,1445,2236,1841,1808,32,ITF,ITF1,13,Abruzzo,Abruzzo,1304970,465695,35.69,0.28
4149,2021-01-17,ABR,191,62,129,183,7,1,ITF,ITF1,13,Abruzzo,Abruzzo,1304970,465886,35.7,0.01
4150,2021-06-23,ABR,11013,5282,5731,5581,5287,145,ITF,ITF1,13,Abruzzo,Abruzzo,1304970,476899,36.54,0.84
4151,2021-04-05,ABR,2692,1147,1545,1730,880,82,ITF,ITF1,13,Abruzzo,Abruzzo,1304970,479591,36.75,0.21
4152,2021-05-15,ABR,11432,5181,6251,5946,5310,176,ITF,ITF1,13,Abruzzo,Abruzzo,1304970,491023,37.63,0.88
4153,2021-07-11,ABR,9886,4974,4912,2365,7385,136,ITF,ITF1,13,Abruzzo,Abruzzo,1304970,500909,38.38,0.76
4154,2021-03-10,ABR,5050,1685,3365,4025,957,68,ITF,ITF1,13,Abruzzo,Abruzzo,1304970,505959,38.77,0.39
4155,2021-06-22,ABR,10412,4878,5534,5386,4847,179,ITF,ITF1,13,Abruzzo,Abruzzo,1304970,516371,39.57,0.8
4156,2021-06-01,ABR,11000,4878,6122,6511,4368,121,ITF,ITF1,13,Abruzzo,Abruzzo,1304970,527371,40.41,0.84
4157,2021-04-19,ABR,6234,2862,3372,3787,2374,73,ITF,ITF1,13,Abruzzo,Abruzzo,1304970,533605,40.89,0.48
4158,2021-02-21,ABR,1218,550,668,1193,1,24,ITF,ITF1,13,Abruzzo,Abruzzo,1304970,534823,40.98,0.09
4159,2021-07-28,ABR,13253,6940,6313,3432,9655,166,ITF,ITF1,13,Abruzzo,Abruzzo,1304970,548076,42.0,1.02
4160,2021-06-15,ABR,11329,5562,5767,8682,2438,209,ITF,ITF1,13,Abruzzo,Abruzzo,1304970,559405,42.87,0.87
4161,2021-04-17,ABR,7358,3403,3955,4212,3052,94,ITF,ITF1,13,Abruzzo,Abruzzo,1304970,566763,43.43,0.56
4162,2021-02-19,ABR,3301,1552,1749,3162,100,39,ITF,ITF1,13,Abruzzo,Abruzzo,1304970,570064,43.68,0.25
4163,2021-01-07,ABR,1710,657,1053,1703,0,7,ITF,ITF1,13,Abruzzo,Abruzzo,1304970,571774,43.82,0.13
4164,2021-03-17,ABR,4540,1873,2667,2777,1740,23,ITF,ITF1,13,Abruzzo,Abruzzo,1304970,576314,44.16,0.35
4165,2021-03-24,ABR,6387,2785,3602,3994,2252,141,ITF,ITF1,13,Abruzzo,Abruzzo,1304970,582701,44.65,0.49
4166,2021-02-09,ABR,914,316,598,504,409,1,ITF,ITF1,13,Abruzzo,Abruzzo,1304970,583615,44.72,0.07
4167,2021-01-26,ABR,1549,568,981,34,1515,0,ITF,ITF1,13,Abruzzo,Abruzzo,1304970,585164,44.84,0.12
4168,2021-05-06,ABR,13002,6087,6915,7800,5045,157,ITF,ITF1,13,Abruzzo,Abruzzo,1304970,598166,45.84,1.0
4169,2021-04-09,ABR,8992,4260,4732,6245,2604,143,ITF,ITF1,13,Abruzzo,Abruzzo,1304970,607158,46.53,0.69
4170,2021-07-18,ABR,12204,6309,5895,2004,10081,119,ITF,ITF1,13,Abruzzo,Abruzzo,1304970,619362,47.46,0.94
4171,2021-03-29,ABR,5710,2599,3111,3020,2640,50,ITF,ITF1,13,Abruzzo,Abruzzo,1304970,625072,47.9,0.44
4172,2021-06-03,ABR,13196,6284,6912,9246,3776,174,ITF,ITF1,13,Abruzzo,Abruzzo,1304970,638268,48.91,1.01
4173,2021-03-12,ABR,6044,1995,4049,4350,1611,83,ITF,ITF1,13,Abruzzo,Abruzzo,1304970,644312,49.37,0.46
4174,2021-06-20,ABR,8441,4236,4205,5408,2930,103,ITF,ITF1,13,Abruzzo,Abruzzo,1304970,652753,50.02,0.65
4175,2021-03-14,ABR,1885,732,1153,1200,668,17,ITF,ITF1,13,Abruzzo,Abruzzo,1304970,654638,50.16,0.14
4176,2021-02-25,ABR,3054,1343,1711,2505,530,19,ITF,ITF1,13,Abruzzo,Abruzzo,1304970,657692,50.4,0.23
4177,2021-06-05,ABR,14619,6865,7754,10371,4048,200,ITF,ITF1,13,Abruzzo,Abruzzo,1304970,672311,51.52,1.12
4178,2021-08-08,ABR,4452,2428,2024,1888,2474,90,ITF,ITF1,13,Abruzzo,Abruzzo,1304970,676763,51.86,0.34
4179,2021-05-17,ABR,11036,5040,5996,6022,4854,160,ITF,ITF1,13,Abruzzo,Abruzzo,1304970,687799,52.71,0.85
4180,2021-02-23,ABR,2780,1273,1507,2754,11,15,ITF,ITF1,13,Abruzzo,Abruzzo,1304970,690579,52.92,0.21
4181,2021-01-12,ABR,1899,761,1138,1885,0,14,ITF,ITF1,13,Abruzzo,Abruzzo,1304970,692478,53.06,0.15
4182,2021-05-25,ABR,11422,5325,6097,8084,3140,198,ITF,ITF1,13,Abruzzo,Abruzzo,1304970,703900,53.94,0.88
4183,2021-01-31,ABR,1523,494,1029,287,1235,1,ITF,ITF1,13,Abruzzo,Abruzzo,1304970,705423,54.06,0.12
4184,2021-05-10,ABR,10109,4785,5324,5365,4649,95,ITF,ITF1,13,Abruzzo,Abruzzo,1304970,715532,54.83,0.77
4185,2021-04-23,ABR,7395,3395,4000,4925,2305,165,ITF,ITF1,13,Abruzzo,Abruzzo,1304970,722927,55.4,0.57
4186,2021-01-30,ABR,1512,568,944,65,1446,1,ITF,ITF1,13,Abruzzo,Abruzzo,1304970,724439,55.51,0.12
4187,2021-08-01,ABR,7569,4056,3513,2004,5463,102,ITF,ITF1,13,Abruzzo,Abruzzo,1304970,732008,56.09,0.58
4188,2021-04-12,ABR,6240,2958,3282,4985,1174,81,ITF,ITF1,13,Abruzzo,Abruzzo,1304970,738248,56.57,0.48
4189,2021-01-16,ABR,937,430,507,929,0,8,ITF,ITF1,13,Abruzzo,Abruzzo,1304970,739185,56.64,0.07
4190,2021-07-30,ABR,12083,6434,5649,3795,8065,223,ITF,ITF1,13,Abruzzo,Abruzzo,1304970,751268,57.57,0.93
4191,2021-02-26,ABR,3924,1679,2245,2929,969,26,ITF,ITF1,13,Abruzzo,Abruzzo,1304970,755192,57.87,0.3
4192,2021-01-18,ABR,151,70,81,53,98,0,ITF,ITF1,13,Abruzzo,Abruzzo,1304970,755343,57.88,0.01
4193,2021-06-24,ABR,10864,5411,5453,5723,4972,169,ITF,ITF1,13,Abruzzo,Abruzzo,1304970,766207,58.71,0.83
4194,2021-04-28,ABR,9513,4589,4924,7315,2022,176,ITF,ITF1,13,Abruzzo,Abruzzo,1304970,775720,59.44,0.73
4195,2021-05-12,ABR,9629,4601,5028,5873,3582,174,ITF,ITF1,13,Abruzzo,Abruzzo,1304970,785349,60.18,0.74
4196,2021-03-16,ABR,3484,1452,2032,1802,1654,28,ITF,ITF1,13,Abruzzo,Abruzzo,1304970,788833,60.45,0.27
4197,2021-08-06,ABR,10667,5702,4965,3685,6742,240,ITF,ITF1,13,Abruzzo,Abruzzo,1304970,799500,61.27,0.82
4198,2021-03-19,ABR,5797,2585,3212,2732,3023,42,ITF,ITF1,13,Abruzzo,Abruzzo,1304970,805297,61.71,0.44
4199,2021-03-05,ABR,5347,1957,3390,4590,697,60,ITF,ITF1,13,Abruzzo,Abruzzo,1304970,810644,62.12,0.41
4200,2021-06-27,ABR,8369,4301,4068,5020,3209,140,ITF,ITF1,13,Abruzzo,Abruzzo,1304970,819013,62.76,0.64
4201,2021-04-07,ABR,7530,3477,4053,4514,2886,130,ITF,ITF1,13,Abruzzo,Abruzzo,1304970,826543,63.34,0.58
4202,2021-07-16,ABR,16153,8241,7912,2474,13562,117,ITF,ITF1,13,Abruzzo,Abruzzo,1304970,842696,64.58,1.24
4203,2021-02-06,ABR,1611,743,868,595,1009,7,ITF,ITF1,13,Abruzzo,Abruzzo,1304970,844307,64.7,0.12
4204,2021-02-08,ABR,1196,395,801,486,710,0,ITF,ITF1,13,Abruzzo,Abruzzo,1304970,845503,64.79,0.09
4205,2021-05-19,ABR,10729,5125,5604,7570,3035,124,ITF,ITF1,13,Abruzzo,Abruzzo,1304970,856232,65.61,0.82
4206,2021-04-30,ABR,12512,5869,6643,6516,5725,271,ITF,ITF1,13,Abruzzo,Abruzzo,1304970,868744,66.57,0.96
4207,2021-04-13,ABR,5895,2755,3140,4562,1238,95,ITF,ITF1,13,Abruzzo,Abruzzo,1304970,874639,67.02,0.45
4208,2021-01-20,ABR,449,157,292,427,2,20,ITF,ITF1,13,Abruzzo,Abruzzo,1304970,875088,67.06,0.03
4209,2021-07-05,ABR,10906,5347,5559,4046,6670,190,ITF,ITF1,13,Abruzzo,Abruzzo,1304970,885994,67.89,0.84
4210,2021-07-22,ABR,14485,7412,7073,3515,10761,209,ITF,ITF1,13,Abruzzo,Abruzzo,1304970,900479,69.0,1.11
4211,2021-07-24,ABR,12584,6800,5784,3763,8587,234,ITF,ITF1,13,Abruzzo,Abruzzo,1304970,913063,69.97,0.96
4212,2021-05-02,ABR,10464,5115,5349,5090,5232,142,ITF,ITF1,13,Abruzzo,Abruzzo,1304970,923527,70.77,0.8
4213,2021-08-10,ABR,9268,4963,4305,3398,5659,211,ITF,ITF1,13,Abruzzo,Abruzzo,1304970,932795,71.48,0.71
4214,2021-04-02,ABR,6695,3104,3591,5115,1488,92,ITF,ITF1,13,Abruzzo,Abruzzo,1304970,939490,71.99,0.51
4215,2021-02-04,ABR,1684,617,1067,600,1072,12,ITF,ITF1,13,Abruzzo,Abruzzo,1304970,941174,72.12,0.13
4216,2021-07-20,ABR,12587,6387,6200,3227,9175,185,ITF,ITF1,13,Abruzzo,Abruzzo,1304970,953761,73.09,0.96
4217,2021-07-04,ABR,8372,4216,4156,3335,4912,125,ITF,ITF1,13,Abruzzo,Abruzzo,1304970,962133,73.73,0.64
4218,2021-02-11,ABR,816,262,554,771,43,2,ITF,ITF1,13,Abruzzo,Abruzzo,1304970,962949,73.79,0.06
4219,2021-04-04,ABR,1632,768,864,1460,129,43,ITF,ITF1,13,Abruzzo,Abruzzo,1304970,964581,73.92,0.13
4220,2021-07-13,ABR,15523,7750,7773,2826,12520,177,ITF,ITF1,13,Abruzzo,Abruzzo,1304970,980104,75.11,1.19
4221,2021-08-12,ABR,8771,4627,4144,3181,5411,179,ITF,ITF1,13,Abruzzo,Abruzzo,1304970,988875,75.78,0.67
4222,2021-06-16,ABR,10893,5451,5442,7991,2686,216,ITF,ITF1,13,Abruzzo,Abruzzo,1304970,999768,76.61,0.83
4223,2021-02-27,ABR,2813,1339,1474,2512,267,34,ITF,ITF1,13,Abruzzo,Abruzzo,1304970,1002581,76.83,0.22
4224,2021-06-07,ABR,11100,5290,5810,9071,1844,185,ITF,ITF1,13,Abruzzo,Abruzzo,1304970,1013681,77.68,0.85
4225,2021-04-11,ABR,5381,2630,2751,4837,487,57,ITF,ITF1,13,Abruzzo,Abruzzo,1304970,1019062,78.09,0.41
4226,2021-06-09,ABR,11573,6093,5480,9708,1684,181,ITF,ITF1,13,Abruzzo,Abruzzo,1304970,1030635,78.98,0.89
4227,2021-03-06,ABR,4180,1361,2819,3569,570,41,ITF,ITF1,13,Abruzzo,Abruzzo,1304970,1034815,79.3,0.32
4228,2021-06-29,ABR,11430,5642,5788,5245,5997,188,ITF,ITF1,13,Abruzzo,Abruzzo,1304970,1046245,80.17,0.88
4229,2021-03-21,ABR,2133,913,1220,839,1290,4,ITF,ITF1,13,Abruzzo,Abruzzo,1304970,1048378,80.34,0.16
4230,2021-06-12,ABR,11421,5917,5504,9891,1350,180,ITF,ITF1,13,Abruzzo,Abruzzo,1304970,1059799,81.21,0.88
4231,2021-05-08,ABR,10291,4870,5421,6328,3834,129,ITF,ITF1,13,Abruzzo,Abruzzo,1304970,1070090,82.0,0.79
4232,2021-04-24,ABR,8730,3975,4755,6941,1532,257,ITF,ITF1,13,Abruzzo,Abruzzo,1304970,1078820,82.67,0.67
4233,2021-01-14,ABR,568,227,341,566,0,2,ITF,ITF1,13,Abruzzo,Abruzzo,1304970,1079388,82.71,0.04
4234,2021-05-05,ABR,11639,5572,6067,6273,5207,159,ITF,ITF1,13,Abruzzo,Abruzzo,1304970,1091027,83.61,0.89
4235,2021-03-09,ABR,5178,1805,3373,4151,938,89,ITF,ITF1,13,Abruzzo,Abruzzo,1304970,1096205,84.0,0.4
4236,2021-08-13,ABR,5611,3019,2592,1544,3986,81,ITF,ITF1,13,Abruzzo,Abruzzo,1304970,1101816,84.43,0.43
4237,2021-07-01,ABR,12761,6283,6478,5770,6767,224,ITF,ITF1,13,Abruzzo,Abruzzo,1304970,1114577,85.41,0.98
4238,2021-06-17,ABR,10916,5459,5457,7302,3453,161,ITF,ITF1,13,Abruzzo,Abruzzo,1304970,1125493,86.25,0.84
4239,2021-02-01,ABR,1633,574,1059,269,1363,1,ITF,ITF1,13,Abruzzo,Abruzzo,1304970,1127126,86.37,0.13
4240,2021-03-23,ABR,4837,2192,2645,2213,2567,57,ITF,ITF1,13,Abruzzo,Abruzzo,1304970,1131963,86.74,0.37
4241,2021-01-25,ABR,1606,633,973,15,1589,2,ITF,ITF1,13,Abruzzo,Abruzzo,1304970,1133569,86.87,0.12
4242,2021-05-24,ABR,12220,5838,6382,8724,3340,156,ITF,ITF1,13,Abruzzo,Abruzzo,1304970,1145789,87.8,0.94
4243,2021-02-18,ABR,2291,933,1358,2141,133,17,ITF,ITF1,13,Abruzzo,Abruzzo,1304970,1148080,87.98,0.18
4244,2021-05-29,ABR,10319,4431,5888,4458,5772,89,ITF,ITF1,13,Abruzzo,Abruzzo,1304970,1158399,88.77,0.79
4245,2021-03-07,ABR,2520,630,1890,2479,0,41,ITF,ITF1,13,Abruzzo,Abruzzo,1304970,1160919,88.96,0.19
4246,2021-01-09,ABR,1609,691,918,1597,0,12,ITF,ITF1,13,Abruzzo,Abruzzo,1304970,1162528,89.08,0.12
4247,2021-05-07,ABR,12204,5711,6493,7664,4414,126,ITF,ITF1,13,Abruzzo,Abruzzo,1304970,1174732,90.02,0.94
4248,2021-03-25,ABR,5798,2665,3133,3067,2619,112,ITF,ITF1,13,Abruzzo,Abruzzo,1304970,1180530,90.46,0.44
4249,2021-01-27,ABR,1365,515,850,37,1328,0,ITF,ITF1,13,Abruzzo,Abruzzo,1304970,1181895,90.57,0.1
4250,2021-07-03,ABR,10191,5145,5046,3501,6542,148,ITF,ITF1,13,Abruzzo,Abruzzo,1304970,1192086,91.35,0.78
4251,2021-02-16,ABR,1916,841,1075,1891,12,13,ITF,ITF1,13,Abruzzo,Abruzzo,1304970,1194002,91.5,0.15
4252,2021-03-02,ABR,3967,1676,2291,3261,686,20,ITF,ITF1,13,Abruzzo,Abruzzo,1304970,1197969,91.8,0.3
4253,2021-06-10,ABR,12707,6318,6389,10308,2162,237,ITF,ITF1,13,Abruzzo,Abruzzo,1304970,1210676,92.77,0.97
4254,2021-01-28,ABR,1432,495,937,11,1421,0,ITF,ITF1,13,Abruzzo,Abruzzo,1304970,1212108,92.88,0.11
4255,2021-01-11,ABR,1686,690,996,1682,0,4,ITF,ITF1,13,Abruzzo,Abruzzo,1304970,1213794,93.01,0.13
4256,2021-05-21,ABR,13023,6330,6693,7869,4979,175,ITF,ITF1,13,Abruzzo,Abruzzo,1304970,1226817,94.01,1.0
4257,2021-03-18,ABR,3899,1652,2247,2039,1834,26,ITF,ITF1,13,Abruzzo,Abruzzo,1304970,1230716,94.31,0.3
4258,2021-06-26,ABR,10051,5019,5032,5690,4199,162,ITF,ITF1,13,Abruzzo,Abruzzo,1304970,1240767,95.08,0.77
4259,2021-07-10,ABR,13121,6633,6488,3012,9944,165,ITF,ITF1,13,Abruzzo,Abruzzo,1304970,1253888,96.09,1.01
4260,2021-05-14,ABR,10596,5071,5525,5284,5151,161,ITF,ITF1,13,Abruzzo,Abruzzo,1304970,1264484,96.9,0.81
4261,2021-04-01,ABR,5595,2508,3087,3431,2088,76,ITF,ITF1,13,Abruzzo,Abruzzo,1304970,1270079,97.33,0.43
4262,2021-01-13,ABR,1302,483,819,1294,0,8,ITF,ITF1,13,Abruzzo,Abruzzo,1304970,1271381,97.43,0.1
4263,2021-04-21,ABR,6393,3103,3290,4640,1672,81,ITF,ITF1,13,Abruzzo,Abruzzo,1304970,1277774,97.92,0.49
4264,2021-07-15,ABR,15955,8095,7860,3142,12637,176,ITF,ITF1,13,Abruzzo,Abruzzo,1304970,1293729,99.14,1.22
4265,2021-06-28,ABR,10054,4838,5216,5312,4573,169,ITF,ITF1,13,Abruzzo,Abruzzo,1304970,1303783,99.91,0.77
4266,2021-04-06,ABR,7677,3577,4100,5230,2319,128,ITF,ITF1,13,Abruzzo,Abruzzo,1304970,1311460,100.5,0.59
4267,2021-08-03,ABR,12723,6576,6147,3651,8906,166,ITF,ITF1,13,Abruzzo,Abruzzo,1304970,1324183,101.47,0.97
4268,2021-05-22,ABR,13162,6392,6770,8132,4917,113,ITF,ITF1,13,Abruzzo,Abruzzo,1304970,1337345,102.48,1.01
4269,2021-03-26,ABR,5358,2313,3045,3178,2078,102,ITF,ITF1,13,Abruzzo,Abruzzo,1304970,1342703,102.89,0.41
4270,2021-07-27,ABR,15143,7907,7236,3345,11623,175,ITF,ITF1,13,Abruzzo,Abruzzo,1304970,1357846,104.05,1.16
4271,2021-05-31,ABR,11339,5114,6225,6768,4444,127,ITF,ITF1,13,Abruzzo,Abruzzo,1304970,1369185,104.92,0.87
4272,2021-04-20,ABR,5637,2714,2923,4105,1456,76,ITF,ITF1,13,Abruzzo,Abruzzo,1304970,1374822,105.35,0.43
4273,2021-07-29,ABR,15181,7973,7208,3930,11042,209,ITF,ITF1,13,Abruzzo,Abruzzo,1304970,1390003,106.52,1.16
4274,2021-04-25,ABR,9071,4626,4445,8054,809,208,ITF,ITF1,13,Abruzzo,Abruzzo,1304970,1399074,107.21,0.7
4275,2021-08-05,ABR,13897,7159,6738,4716,8912,269,ITF,ITF1,13,Abruzzo,Abruzzo,1304970,1412971,108.28,1.06
4276,2021-01-08,ABR,1660,638,1022,1651,0,9,ITF,ITF1,13,Abruzzo,Abruzzo,1304970,1414631,108.4,0.13
4277,2021-04-18,ABR,5815,2728,3087,4725,943,147,ITF,ITF1,13,Abruzzo,Abruzzo,1304970,1420446,108.85,0.45
4278,2021-02-20,ABR,4781,1845,2936,4662,76,43,ITF,ITF1,13,Abruzzo,Abruzzo,1304970,1425227,109.22,0.37
4279,2021-02-13,ABR,865,392,473,437,424,4,ITF,ITF1,13,Abruzzo,Abruzzo,1304970,1426092,109.28,0.07
4280,2021-07-17,ABR,14096,7386,6710,2661,11259,176,ITF,ITF1,13,Abruzzo,Abruzzo,1304970,1440188,110.36,1.08
4281,2021-03-04,ABR,5935,2360,3575,4972,922,41,ITF,ITF1,13,Abruzzo,Abruzzo,1304970,1446123,110.82,0.45
4282,2021-05-28,ABR,14023,6310,7713,7492,6363,168,ITF,ITF1,13,Abruzzo,Abruzzo,1304970,1460146,111.89,1.07
4283,2021-05-09,ABR,9156,4090,5066,4174,4871,111,ITF,ITF1,13,Abruzzo,Abruzzo,1304970,1469302,112.59,0.7
4284,2021-02-15,ABR,1795,832,963,1736,42,17,ITF,ITF1,13,Abruzzo,Abruzzo,1304970,1471097,112.73,0.14
4285,2021-05-26,ABR,13546,6041,7505,8393,4993,160,ITF,ITF1,13,Abruzzo,Abruzzo,1304970,1484643,113.77,1.04
4286,2021-06-14,ABR,10977,5431,5546,7426,3378,173,ITF,ITF1,13,Abruzzo,Abruzzo,1304970,1495620,114.61,0.84
4287,2021-02-07,ABR,778,307,471,200,577,1,ITF,ITF1,13,Abruzzo,Abruzzo,1304970,1496398,114.67,0.06
4288,2021-07-23,ABR,12575,6466,6109,2854,9563,158,ITF,ITF1,13,Abruzzo,Abruzzo,1304970,1508973,115.63,0.96
4289,2021-01-21,ABR,157,47,110,157,0,0,ITF,ITF1,13,Abruzzo,Abruzzo,1304970,1509130,115.64,0.01
4290,2021-05-01,ABR,10744,5047,5697,5630,4980,134,ITF,ITF1,13,Abruzzo,Abruzzo,1304970,1519874,116.47,0.82
4291,2021-05-20,ABR,12808,5927,6881,7415,5266,127,ITF,ITF1,13,Abruzzo,Abruzzo,1304970,1532682,117.45,0.98
4292,2021-08-11,ABR,8271,4412,3859,2613,5500,158,ITF,ITF1,13,Abruzzo,Abruzzo,1304970,1540953,118.08,0.63
4293,2021-06-19,ABR,10557,5201,5356,6485,3899,173,ITF,ITF1,13,Abruzzo,Abruzzo,1304970,1551510,118.89,0.81
4294,2021-03-28,ABR,2425,1018,1407,1994,381,50,ITF,ITF1,13,Abruzzo,Abruzzo,1304970,1553935,119.08,0.19
4295,2021-07-06,ABR,10469,5202,5267,4306,5988,175,ITF,ITF1,13,Abruzzo,Abruzzo,1304970,1564404,119.88,0.8
4296,2021-04-14,ABR,6597,2952,3645,4341,2123,133,ITF,ITF1,13,Abruzzo,Abruzzo,1304970,1571001,120.39,0.51
4297,2021-01-04,ABR,1511,684,827,1505,0,6,ITF,ITF1,13,Abruzzo,Abruzzo,1304970,1572512,120.5,0.12
4298,2021-01-23,ABR,264,115,149,51,207,6,ITF,ITF1,13,Abruzzo,Abruzzo,1304970,1572776,120.52,0.02
4299,2021-05-03,ABR,11150,5259,5891,7131,3835,184,ITF,ITF1,13,Abruzzo,Abruzzo,1304970,1583926,121.38,0.85
4300,2021-07-25,ABR,9862,5218,4644,2173,7566,123,ITF,ITF1,13,Abruzzo,Abruzzo,1304970,1593788,122.13,0.76
4301,2021-07-08,ABR,13491,6682,6809,3419,9907,165,ITF,ITF1,13,Abruzzo,Abruzzo,1304970,1607279,123.17,1.03
4302,2021-04-16,ABR,7540,3488,4052,5497,1916,127,ITF,ITF1,13,Abruzzo,Abruzzo,1304970,1614819,123.74,0.58
4303,2021-03-11,ABR,5491,2216,3275,4267,1138,86,ITF,ITF1,13,Abruzzo,Abruzzo,1304970,1620310,124.16,0.42
4304,2021-06-02,ABR,9770,4749,5021,6839,2814,117,ITF,ITF1,13,Abruzzo,Abruzzo,1304970,1630080,124.91,0.75
4305,2021-03-13,ABR,4124,1420,2704,3012,1043,69,ITF,ITF1,13,Abruzzo,Abruzzo,1304970,1634204,125.23,0.32
4306,2021-06-21,ABR,11054,5387,5667,4939,5987,128,ITF,ITF1,13,Abruzzo,Abruzzo,1304970,1645258,126.08,0.85
4307,2021-03-30,ABR,5128,2261,2867,3146,1822,160,ITF,ITF1,13,Abruzzo,Abruzzo,1304970,1650386,126.47,0.39
4308,2021-01-06,ABR,1989,819,1170,1979,0,10,ITF,ITF1,13,Abruzzo,Abruzzo,1304970,1652375,126.62,0.15
4309,2021-05-27,MAR,13733,6818,6915,9180,4301,252,ITI,ITI3,11,Marche,Marche,1525271,13733,0.9,0.9
4310,2021-03-31,MAR,7374,3087,4287,4267,3023,84,ITI,ITI3,11,Marche,Marche,1525271,21107,1.38,0.48
4311,2021-07-09,MAR,14903,7503,7400,2556,12132,215,ITI,ITI3,11,Marche,Marche,1525271,36010,2.36,0.98
4312,2021-03-24,MAR,7081,3008,4073,3296,3716,69,ITI,ITI3,11,Marche,Marche,1525271,43091,2.83,0.46
4313,2021-06-01,MAR,12056,6158,5898,9683,2089,284,ITI,ITI3,11,Marche,Marche,1525271,55147,3.62,0.79
4314,2021-03-10,MAR,5712,2442,3270,4480,1180,52,ITI,ITI3,11,Marche,Marche,1525271,60859,3.99,0.37
4315,2021-02-21,MAR,376,141,235,363,1,12,ITI,ITI3,11,Marche,Marche,1525271,61235,4.01,0.02
4316,2021-01-26,MAR,2021,747,1274,76,1936,9,ITI,ITI3,11,Marche,Marche,1525271,63256,4.15,0.13
4317,2021-07-11,MAR,10398,5220,5178,1606,8656,136,ITI,ITI3,11,Marche,Marche,1525271,73654,4.83,0.68
4318,2021-04-19,MAR,9605,4500,5105,7901,1583,121,ITI,ITI3,11,Marche,Marche,1525271,83259,5.46,0.63
4319,2021-07-28,MAR,14196,7370,6826,3250,10714,232,ITI,ITI3,11,Marche,Marche,1525271,97455,6.39,0.93
4320,2021-08-11,MAR,7573,4101,3472,3173,4164,236,ITI,ITI3,11,Marche,Marche,1525271,105028,6.89,0.5
4321,2021-06-15,MAR,13192,6567,6625,9823,3052,317,ITI,ITI3,11,Marche,Marche,1525271,118220,7.75,0.86
4322,2021-01-12,MAR,1234,418,816,1221,0,13,ITI,ITI3,11,Marche,Marche,1525271,119454,7.83,0.08
4323,2021-06-22,MAR,13220,6482,6738,6476,6461,283,ITI,ITI3,11,Marche,Marche,1525271,132674,8.7,0.87
4324,2021-04-26,MAR,9171,4062,5109,6023,3022,126,ITI,ITI3,11,Marche,Marche,1525271,141845,9.3,0.6
4325,2021-04-05,MAR,5703,2367,3336,4357,1269,77,ITI,ITI3,11,Marche,Marche,1525271,147548,9.67,0.37
4326,2021-06-27,MAR,9949,4819,5130,4487,5291,171,ITI,ITI3,11,Marche,Marche,1525271,157497,10.33,0.65
4327,2021-03-19,MAR,3881,1621,2260,325,3544,12,ITI,ITI3,11,Marche,Marche,1525271,161378,10.58,0.25
4328,2021-03-17,MAR,3476,1525,1951,105,3369,2,ITI,ITI3,11,Marche,Marche,1525271,164854,10.81,0.23
4329,2021-08-06,MAR,11703,6353,5350,4146,7276,281,ITI,ITI3,11,Marche,Marche,1525271,176557,11.58,0.77
4330,2021-05-15,MAR,14119,6441,7678,7831,6043,245,ITI,ITI3,11,Marche,Marche,1525271,190676,12.5,0.93
4331,2021-02-19,MAR,2002,739,1263,1826,135,41,ITI,ITI3,11,Marche,Marche,1525271,192678,12.63,0.13
4332,2021-05-20,MAR,12685,5962,6723,7537,4897,251,ITI,ITI3,11,Marche,Marche,1525271,205363,13.46,0.83
4333,2021-02-07,MAR,1872,735,1137,331,1529,12,ITI,ITI3,11,Marche,Marche,1525271,207235,13.59,0.12
4334,2021-07-23,MAR,15540,8279,7261,2529,12787,224,ITI,ITI3,11,Marche,Marche,1525271,222775,14.61,1.02
4335,2021-01-21,MAR,920,262,658,575,328,17,ITI,ITI3,11,Marche,Marche,1525271,223695,14.67,0.06
4336,2021-05-01,MAR,9323,3924,5399,3499,5748,76,ITI,ITI3,11,Marche,Marche,1525271,233018,15.28,0.61
4337,2021-03-05,MAR,6228,2876,3352,4694,1469,65,ITI,ITI3,11,Marche,Marche,1525271,239246,15.69,0.41
4338,2021-01-19,MAR,233,87,146,140,90,3,ITI,ITI3,11,Marche,Marche,1525271,239479,15.7,0.02
4339,2021-02-02,MAR,1193,398,795,70,1123,0,ITI,ITI3,11,Marche,Marche,1525271,240672,15.78,0.08
4340,2021-05-13,MAR,12608,5696,6912,6828,5503,277,ITI,ITI3,11,Marche,Marche,1525271,253280,16.61,0.83
4341,2021-04-12,MAR,8573,3775,4798,7937,482,154,ITI,ITI3,11,Marche,Marche,1525271,261853,17.17,0.56
4342,2021-01-02,MAR,458,143,315,456,0,2,ITI,ITI3,11,Marche,Marche,1525271,262311,17.2,0.03
4343,2021-03-07,MAR,5181,2107,3074,4379,754,48,ITI,ITI3,11,Marche,Marche,1525271,267492,17.54,0.34
4344,2021-03-29,MAR,5894,2581,3313,3391,2455,48,ITI,ITI3,11,Marche,Marche,1525271,273386,17.92,0.39
4345,2021-06-03,MAR,14638,7483,7155,12081,2252,305,ITI,ITI3,11,Marche,Marche,1525271,288024,18.88,0.96
4346,2021-02-18,MAR,2145,786,1359,1807,288,50,ITI,ITI3,11,Marche,Marche,1525271,290169,19.02,0.14
4347,2021-05-29,MAR,12875,6239,6636,8117,4540,218,ITI,ITI3,11,Marche,Marche,1525271,303044,19.87,0.84
4348,2021-02-14,MAR,739,301,438,727,0,12,ITI,ITI3,11,Marche,Marche,1525271,303783,19.92,0.05
4349,2021-05-08,MAR,12288,5484,6804,4855,7261,172,ITI,ITI3,11,Marche,Marche,1525271,316071,20.72,0.81
4350,2021-07-30,MAR,14710,7864,6846,4866,9556,288,ITI,ITI3,11,Marche,Marche,1525271,330781,21.69,0.96
4351,2021-01-09,MAR,1717,606,1111,1697,0,20,ITI,ITI3,11,Marche,Marche,1525271,332498,21.8,0.11
4352,2021-08-04,MAR,12001,6379,5622,4060,7699,242,ITI,ITI3,11,Marche,Marche,1525271,344499,22.59,0.79
4353,2021-01-23,MAR,557,190,367,118,436,3,ITI,ITI3,11,Marche,Marche,1525271,345056,22.62,0.04
4354,2021-06-29,MAR,13371,6599,6772,4929,8215,227,ITI,ITI3,11,Marche,Marche,1525271,358427,23.5,0.88
4355,2021-05-03,MAR,10410,4690,5720,4860,5412,138,ITI,ITI3,11,Marche,Marche,1525271,368837,24.18,0.68
4356,2021-01-07,MAR,1813,638,1175,1796,0,17,ITI,ITI3,11,Marche,Marche,1525271,370650,24.3,0.12
4357,2021-03-12,MAR,4682,2000,2682,3347,1280,55,ITI,ITI3,11,Marche,Marche,1525271,375332,24.61,0.31
4358,2021-01-14,MAR,2016,696,1320,1992,0,24,ITI,ITI3,11,Marche,Marche,1525271,377348,24.74,0.13
4359,2021-06-20,MAR,11157,5545,5612,5990,4985,182,ITI,ITI3,11,Marche,Marche,1525271,388505,25.47,0.73
4360,2021-07-04,MAR,10895,5444,5451,3203,7530,162,ITI,ITI3,11,Marche,Marche,1525271,399400,26.19,0.71
4361,2020-12-31,MAR,392,184,208,390,0,2,ITI,ITI3,11,Marche,Marche,1525271,399792,26.21,0.03
4362,2021-02-04,MAR,2387,844,1543,107,2275,5,ITI,ITI3,11,Marche,Marche,1525271,402179,26.37,0.16
4363,2021-02-28,MAR,2836,1251,1585,2822,6,8,ITI,ITI3,11,Marche,Marche,1525271,405015,26.55,0.19
4364,2021-06-08,MAR,14097,7094,7003,11197,2609,291,ITI,ITI3,11,Marche,Marche,1525271,419112,27.48,0.92
4365,2021-07-18,MAR,12124,6310,5814,1333,10673,118,ITI,ITI3,11,Marche,Marche,1525271,431236,28.27,0.79
4366,2021-01-31,MAR,1921,772,1149,94,1823,4,ITI,ITI3,11,Marche,Marche,1525271,433157,28.4,0.13
4367,2021-04-07,MAR,8842,3920,4922,8345,368,129,ITI,ITI3,11,Marche,Marche,1525271,441999,28.98,0.58
4368,2021-02-09,MAR,125,42,83,46,79,0,ITI,ITI3,11,Marche,Marche,1525271,442124,28.99,0.01
4369,2021-07-16,MAR,15837,8238,7599,1844,13735,258,ITI,ITI3,11,Marche,Marche,1525271,457961,30.02,1.04
4370,2021-06-12,MAR,13784,7316,6468,12105,1348,331,ITI,ITI3,11,Marche,Marche,1525271,471745,30.93,0.9
4371,2021-04-16,MAR,10086,4704,5382,9361,525,200,ITI,ITI3,11,Marche,Marche,1525271,481831,31.59,0.66
4372,2021-08-08,MAR,5635,3019,2616,1679,3845,111,ITI,ITI3,11,Marche,Marche,1525271,487466,31.96,0.37
4373,2021-07-06,MAR,13963,6921,7042,3143,10597,223,ITI,ITI3,11,Marche,Marche,1525271,501429,32.87,0.92
4374,2021-07-20,MAR,14397,7436,6961,1770,12453,174,ITI,ITI3,11,Marche,Marche,1525271,515826,33.82,0.94
4375,2021-01-16,MAR,2039,734,1305,1988,0,51,ITI,ITI3,11,Marche,Marche,1525271,517865,33.95,0.13
4376,2021-06-19,MAR,14692,7402,7290,7749,6678,265,ITI,ITI3,11,Marche,Marche,1525271,532557,34.92,0.96
4377,2021-02-16,MAR,1287,475,812,1225,30,32,ITI,ITI3,11,Marche,Marche,1525271,533844,35.0,0.08
4378,2021-02-25,MAR,3560,1464,2096,3320,181,59,ITI,ITI3,11,Marche,Marche,1525271,537404,35.23,0.23
4379,2021-08-01,MAR,7493,4047,3446,1832,5576,85,ITI,ITI3,11,Marche,Marche,1525271,544897,35.72,0.49
4380,2021-06-05,MAR,13944,7011,6933,11519,2059,366,ITI,ITI3,11,Marche,Marche,1525271,558841,36.64,0.91
4381,2021-04-23,MAR,11315,5221,6094,8098,3055,162,ITI,ITI3,11,Marche,Marche,1525271,570156,37.38,0.74
4382,2021-04-02,MAR,6894,2987,3907,6045,739,110,ITI,ITI3,11,Marche,Marche,1525271,577050,37.83,0.45
4383,2021-03-16,MAR,3520,1522,1998,285,3229,6,ITI,ITI3,11,Marche,Marche,1525271,580570,38.06,0.23
4384,2021-06-24,MAR,13831,6671,7160,6187,7373,271,ITI,ITI3,11,Marche,Marche,1525271,594401,38.97,0.91
4385,2021-03-28,MAR,4126,1740,2386,2397,1691,38,ITI,ITI3,11,Marche,Marche,1525271,598527,39.24,0.27
4386,2021-01-30,MAR,1905,668,1237,25,1880,0,ITI,ITI3,11,Marche,Marche,1525271,600432,39.37,0.12
4387,2021-05-10,MAR,9452,4337,5115,4769,4554,129,ITI,ITI3,11,Marche,Marche,1525271,609884,39.99,0.62
4388,2021-03-14,MAR,2499,1032,1467,1897,592,10,ITI,ITI3,11,Marche,Marche,1525271,612383,40.15,0.16
4389,2021-04-24,MAR,12169,5365,6804,7559,4465,145,ITI,ITI3,11,Marche,Marche,1525271,624552,40.95,0.8
4390,2021-02-26,MAR,3677,1523,2154,3097,476,104,ITI,ITI3,11,Marche,Marche,1525271,628229,41.19,0.24
4391,2021-05-12,MAR,10429,4691,5738,4736,5503,190,ITI,ITI3,11,Marche,Marche,1525271,638658,41.87,0.68
4392,2021-07-08,MAR,15041,7539,7502,2790,12026,225,ITI,ITI3,11,Marche,Marche,1525271,653699,42.86,0.99
4393,2021-07-25,MAR,9349,4931,4418,1005,8247,97,ITI,ITI3,11,Marche,Marche,1525271,663048,43.47,0.61
4394,2021-01-04,MAR,1526,575,951,1514,0,12,ITI,ITI3,11,Marche,Marche,1525271,664574,43.57,0.1
4395,2021-04-14,MAR,10222,4566,5656,9662,370,190,ITI,ITI3,11,Marche,Marche,1525271,674796,44.24,0.67
4396,2020-12-30,MAR,17,5,12,17,0,0,ITI,ITI3,11,Marche,Marche,1525271,674813,44.24,0.0
4397,2021-02-23,MAR,3314,1432,1882,3243,56,15,ITI,ITI3,11,Marche,Marche,1525271,678127,44.46,0.22
4398,2021-01-15,MAR,1772,500,1272,1755,0,17,ITI,ITI3,11,Marche,Marche,1525271,679899,44.58,0.12
4399,2021-01-11,MAR,1180,413,767,1162,0,18,ITI,ITI3,11,Marche,Marche,1525271,681079,44.65,0.08
4400,2021-04-21,MAR,10788,4971,5817,9435,1195,158,ITI,ITI3,11,Marche,Marche,1525271,691867,45.36,0.71
4401,2021-01-28,MAR,2088,725,1363,162,1925,1,ITI,ITI3,11,Marche,Marche,1525271,693955,45.5,0.14
4402,2021-04-04,MAR,3836,1798,2038,2616,1169,51,ITI,ITI3,11,Marche,Marche,1525271,697791,45.75,0.25
4403,2021-07-13,MAR,14852,7278,7574,1458,13265,129,ITI,ITI3,11,Marche,Marche,1525271,712643,46.72,0.97
4404,2021-06-09,MAR,14279,7417,6862,12108,1869,302,ITI,ITI3,11,Marche,Marche,1525271,726922,47.66,0.94
4405,2021-06-07,MAR,13321,6589,6732,10568,2450,303,ITI,ITI3,11,Marche,Marche,1525271,740243,48.53,0.87
4406,2021-02-27,MAR,3401,1457,1944,3158,209,34,ITI,ITI3,11,Marche,Marche,1525271,743644,48.75,0.22
4407,2021-03-18,MAR,3438,1505,1933,150,3276,12,ITI,ITI3,11,Marche,Marche,1525271,747082,48.98,0.23
4408,2021-05-31,MAR,11780,5943,5837,8599,2929,252,ITI,ITI3,11,Marche,Marche,1525271,758862,49.75,0.77
4409,2021-05-17,MAR,12046,5649,6397,7472,4354,220,ITI,ITI3,11,Marche,Marche,1525271,770908,50.54,0.79
4410,2021-04-30,MAR,14161,6203,7958,5403,8569,189,ITI,ITI3,11,Marche,Marche,1525271,785069,51.47,0.93
4411,2021-03-21,MAR,4505,1873,2632,1614,2876,15,ITI,ITI3,11,Marche,Marche,1525271,789574,51.77,0.3
4412,2021-02-06,MAR,2462,901,1561,512,1941,9,ITI,ITI3,11,Marche,Marche,1525271,792036,51.93,0.16
4413,2021-07-17,MAR,15137,7792,7345,1385,13541,211,ITI,ITI3,11,Marche,Marche,1525271,807173,52.92,0.99
4414,2021-05-21,MAR,13908,6593,7315,7226,6471,211,ITI,ITI3,11,Marche,Marche,1525271,821081,53.83,0.91
4415,2021-07-01,MAR,14693,7366,7327,4660,9755,278,ITI,ITI3,11,Marche,Marche,1525271,835774,54.8,0.96
4416,2021-02-15,MAR,967,412,555,939,13,15,ITI,ITI3,11,Marche,Marche,1525271,836741,54.86,0.06
4417,2021-05-26,MAR,11889,5952,5937,8449,3226,214,ITI,ITI3,11,Marche,Marche,1525271,848630,55.64,0.78
4418,2021-03-30,MAR,7484,3078,4406,4579,2832,73,ITI,ITI3,11,Marche,Marche,1525271,856114,56.13,0.49
4419,2021-02-01,MAR,1362,479,883,93,1266,3,ITI,ITI3,11,Marche,Marche,1525271,857476,56.22,0.09
4420,2021-04-06,MAR,8875,3693,5182,7930,810,135,ITI,ITI3,11,Marche,Marche,1525271,866351,56.8,0.58
4421,2021-03-23,MAR,5838,2556,3282,2226,3576,36,ITI,ITI3,11,Marche,Marche,1525271,872189,57.18,0.38
4422,2021-02-08,MAR,834,259,575,366,463,5,ITI,ITI3,11,Marche,Marche,1525271,873023,57.24,0.05
4423,2021-01-18,MAR,696,237,459,536,149,11,ITI,ITI3,11,Marche,Marche,1525271,873719,57.28,0.05
4424,2021-04-28,MAR,10932,4981,5951,6025,4736,171,ITI,ITI3,11,Marche,Marche,1525271,884651,58.0,0.72
4425,2021-03-26,MAR,6390,2626,3764,3476,2857,57,ITI,ITI3,11,Marche,Marche,1525271,891041,58.42,0.42
4426,2021-06-26,MAR,13576,6905,6671,5688,7671,217,ITI,ITI3,11,Marche,Marche,1525271,904617,59.31,0.89
4427,2021-05-23,MAR,9210,4284,4926,7414,1672,124,ITI,ITI3,11,Marche,Marche,1525271,913827,59.91,0.6
4428,2021-05-06,MAR,12656,5823,6833,5363,7072,221,ITI,ITI3,11,Marche,Marche,1525271,926483,60.74,0.83
4429,2021-02-12,MAR,1581,618,963,1404,151,26,ITI,ITI3,11,Marche,Marche,1525271,928064,60.85,0.1
4430,2021-02-10,MAR,1440,452,988,1039,359,42,ITI,ITI3,11,Marche,Marche,1525271,929504,60.94,0.09
4431,2021-06-11,MAR,14001,7156,6845,11374,2322,305,ITI,ITI3,11,Marche,Marche,1525271,943505,61.86,0.92
4432,2021-05-25,MAR,11767,5798,5969,8497,3050,220,ITI,ITI3,11,Marche,Marche,1525271,955272,62.63,0.77
4433,2021-03-01,MAR,3772,1520,2252,3503,248,21,ITI,ITI3,11,Marche,Marche,1525271,959044,62.88,0.25
4434,2021-04-25,MAR,8599,3993,4606,6893,1575,131,ITI,ITI3,11,Marche,Marche,1525271,967643,63.44,0.56
4435,2021-08-03,MAR,10878,5737,5141,4029,6583,266,ITI,ITI3,11,Marche,Marche,1525271,978521,64.15,0.71
4436,2021-08-12,MAR,8024,4333,3691,3892,3771,361,ITI,ITI3,11,Marche,Marche,1525271,986545,64.68,0.53
4437,2021-01-13,MAR,2111,746,1365,2070,0,41,ITI,ITI3,11,Marche,Marche,1525271,988656,64.82,0.14
4438,2021-05-02,MAR,8903,3938,4965,3083,5740,80,ITI,ITI3,11,Marche,Marche,1525271,997559,65.4,0.58
4439,2021-08-10,MAR,9204,4816,4388,3338,5590,276,ITI,ITI3,11,Marche,Marche,1525271,1006763,66.01,0.6
4440,2021-04-09,MAR,9573,4192,5381,9158,200,215,ITI,ITI3,11,Marche,Marche,1525271,1016336,66.63,0.63
4441,2021-07-27,MAR,14362,7530,6832,3033,11103,226,ITI,ITI3,11,Marche,Marche,1525271,1030698,67.57,0.94
4442,2021-01-06,MAR,2212,804,1408,2193,0,19,ITI,ITI3,11,Marche,Marche,1525271,1032910,67.72,0.15
4443,2021-03-04,MAR,6539,2894,3645,5084,1395,60,ITI,ITI3,11,Marche,Marche,1525271,1039449,68.15,0.43
4444,2021-03-13,MAR,5807,2681,3126,1765,4002,40,ITI,ITI3,11,Marche,Marche,1525271,1045256,68.53,0.38
4445,2021-06-21,MAR,12607,6186,6421,5482,6879,246,ITI,ITI3,11,Marche,Marche,1525271,1057863,69.36,0.83
4446,2021-06-28,MAR,12358,6025,6333,4613,7508,237,ITI,ITI3,11,Marche,Marche,1525271,1070221,70.17,0.81
4447,2021-03-22,MAR,5702,2411,3291,2481,3176,45,ITI,ITI3,11,Marche,Marche,1525271,1075923,70.54,0.37
4448,2021-01-24,MAR,881,339,542,4,877,0,ITI,ITI3,11,Marche,Marche,1525271,1076804,70.6,0.06
4449,2021-06-30,MAR,13651,6665,6986,4453,8987,211,ITI,ITI3,11,Marche,Marche,1525271,1090455,71.49,0.89
4450,2021-05-04,MAR,10974,4840,6134,4927,5904,143,ITI,ITI3,11,Marche,Marche,1525271,1101429,72.21,0.72
4451,2021-03-20,MAR,4178,1759,2419,1035,3129,14,ITI,ITI3,11,Marche,Marche,1525271,1105607,72.49,0.27
4452,2021-01-22,MAR,489,168,321,193,294,2,ITI,ITI3,11,Marche,Marche,1525271,1106096,72.52,0.03
4453,2021-07-07,MAR,14260,7068,7192,2938,11081,241,ITI,ITI3,11,Marche,Marche,1525271,1120356,73.45,0.93
4454,2021-04-11,MAR,7118,3117,4001,6692,287,139,ITI,ITI3,11,Marche,Marche,1525271,1127474,73.92,0.47
4455,2021-03-11,MAR,6635,2824,3811,5146,1411,78,ITI,ITI3,11,Marche,Marche,1525271,1134109,74.35,0.44
4456,2021-03-25,MAR,6702,2794,3908,3190,3456,56,ITI,ITI3,11,Marche,Marche,1525271,1140811,74.79,0.44
4457,2021-07-03,MAR,13843,6991,6852,4136,9395,312,ITI,ITI3,11,Marche,Marche,1525271,1154654,75.7,0.91
4458,2021-06-17,MAR,15198,7561,7637,8798,6104,296,ITI,ITI3,11,Marche,Marche,1525271,1169852,76.7,1.0
4459,2021-03-09,MAR,5432,2294,3138,4464,881,87,ITI,ITI3,11,Marche,Marche,1525271,1175284,77.05,0.36
4460,2021-07-22,MAR,15746,8047,7699,2019,13486,241,ITI,ITI3,11,Marche,Marche,1525271,1191030,78.09,1.03
4461,2021-04-13,MAR,9842,4261,5581,9407,234,201,ITI,ITI3,11,Marche,Marche,1525271,1200872,78.73,0.65
4462,2021-07-05,MAR,13167,6509,6658,2920,10075,172,ITI,ITI3,11,Marche,Marche,1525271,1214039,79.59,0.86
4463,2021-07-15,MAR,16008,8286,7722,1750,14030,228,ITI,ITI3,11,Marche,Marche,1525271,1230047,80.64,1.05
4464,2021-05-19,MAR,11662,5364,6298,8368,3098,196,ITI,ITI3,11,Marche,Marche,1525271,1241709,81.41,0.76
4465,2021-04-17,MAR,11705,5317,6388,10400,1073,232,ITI,ITI3,11,Marche,Marche,1525271,1253414,82.18,0.77
4466,2021-07-26,MAR,11032,5738,5294,2110,8717,205,ITI,ITI3,11,Marche,Marche,1525271,1264446,82.9,0.72
4467,2021-08-09,MAR,9095,4829,4266,4052,4770,273,ITI,ITI3,11,Marche,Marche,1525271,1273541,83.5,0.6
4468,2021-06-13,MAR,10752,5565,5187,9204,1299,249,ITI,ITI3,11,Marche,Marche,1525271,1284293,84.2,0.7
4469,2020-12-27,MAR,209,100,109,207,0,2,ITI,ITI3,11,Marche,Marche,1525271,1284502,84.21,0.01
4470,2021-08-02,MAR,11723,6207,5516,4599,6866,258,ITI,ITI3,11,Marche,Marche,1525271,1296225,84.98,0.77
4471,2021-06-06,MAR,12452,6137,6315,10638,1578,236,ITI,ITI3,11,Marche,Marche,1525271,1308677,85.8,0.82
4472,2021-05-09,MAR,8866,4022,4844,3560,5228,78,ITI,ITI3,11,Marche,Marche,1525271,1317543,86.38,0.58
4473,2021-03-06,MAR,5739,2642,3097,4422,1268,49,ITI,ITI3,11,Marche,Marche,1525271,1323282,86.76,0.38
4474,2021-05-28,MAR,13963,6742,7221,8802,4863,298,ITI,ITI3,11,Marche,Marche,1525271,1337245,87.67,0.92
4475,2021-04-01,MAR,7576,3182,4394,4068,3416,92,ITI,ITI3,11,Marche,Marche,1525271,1344821,88.17,0.5
4476,2021-07-24,MAR,13273,7118,6155,2945,10071,257,ITI,ITI3,11,Marche,Marche,1525271,1358094,89.04,0.87
4477,2021-07-10,MAR,14159,7232,6927,1656,12300,203,ITI,ITI3,11,Marche,Marche,1525271,1372253,89.97,0.93
4478,2021-04-22,MAR,10799,4931,5868,9081,1580,138,ITI,ITI3,11,Marche,Marche,1525271,1383052,90.68,0.71
4479,2021-02-24,MAR,3534,1547,1987,3424,78,32,ITI,ITI3,11,Marche,Marche,1525271,1386586,90.91,0.23
4480,2021-06-04,MAR,14339,7291,7048,11590,2439,310,ITI,ITI3,11,Marche,Marche,1525271,1400925,91.85,0.94
4481,2021-04-08,MAR,9203,4032,5171,8681,368,154,ITI,ITI3,11,Marche,Marche,1525271,1410128,92.45,0.6
4482,2021-06-16,MAR,13756,6913,6843,9128,4365,263,ITI,ITI3,11,Marche,Marche,1525271,1423884,93.35,0.9
4483,2021-06-02,MAR,11901,5938,5963,11029,676,196,ITI,ITI3,11,Marche,Marche,1525271,1435785,94.13,0.78
4484,2021-02-22,MAR,3461,1532,1929,3351,75,35,ITI,ITI3,11,Marche,Marche,1525271,1439246,94.36,0.23
4485,2021-08-05,MAR,11904,6392,5512,4080,7558,266,ITI,ITI3,11,Marche,Marche,1525271,1451150,95.14,0.78
4486,2021-03-03,MAR,6700,3076,3624,5718,885,97,ITI,ITI3,11,Marche,Marche,1525271,1457850,95.58,0.44
4487,2021-01-05,MAR,1583,592,991,1564,0,19,ITI,ITI3,11,Marche,Marche,1525271,1459433,95.68,0.1
4488,2021-04-15,MAR,10378,4677,5701,9578,564,236,ITI,ITI3,11,Marche,Marche,1525271,1469811,96.36,0.68
4489,2021-02-17,MAR,1828,701,1127,1642,118,68,ITI,ITI3,11,Marche,Marche,1525271,1471639,96.48,0.12
4490,2021-02-20,MAR,4163,1733,2430,4042,111,10,ITI,ITI3,11,Marche,Marche,1525271,1475802,96.76,0.27
4491,2021-01-20,MAR,406,100,306,384,20,2,ITI,ITI3,11,Marche,Marche,1525271,1476208,96.78,0.03
4492,2021-02-03,MAR,2126,742,1384,97,2008,21,ITI,ITI3,11,Marche,Marche,1525271,1478334,96.92,0.14
4493,2021-05-14,MAR,13636,6293,7343,6509,6913,214,ITI,ITI3,11,Marche,Marche,1525271,1491970,97.82,0.89
4494,2021-07-02,MAR,14552,7176,7376,4675,9646,231,ITI,ITI3,11,Marche,Marche,1525271,1506522,98.77,0.95
4495,2021-03-27,MAR,7425,3097,4328,4958,2394,73,ITI,ITI3,11,Marche,Marche,1525271,1513947,99.26,0.49
4496,2021-04-10,MAR,10931,4626,6305,10378,314,239,ITI,ITI3,11,Marche,Marche,1525271,1524878,99.97,0.72
4497,2021-01-03,MAR,912,358,554,902,0,10,ITI,ITI3,11,Marche,Marche,1525271,1525790,100.03,0.06
4498,2021-07-19,MAR,14676,7531,7145,1927,12535,214,ITI,ITI3,11,Marche,Marche,1525271,1540466,101.0,0.96
4499,2021-03-08,MAR,6297,2759,3538,5186,1002,109,ITI,ITI3,11,Marche,Marche,1525271,1546763,101.41,0.41
4500,2021-06-14,MAR,12838,6486,6352,9258,3310,270,ITI,ITI3,11,Marche,Marche,1525271,1559601,102.25,0.84
4501,2021-01-29,MAR,1994,731,1263,157,1832,5,ITI,ITI3,11,Marche,Marche,1525271,1561595,102.38,0.13
4502,2021-05-18,MAR,11271,5347,5924,7490,3602,179,ITI,ITI3,11,Marche,Marche,1525271,1572866,103.12,0.74
4503,2021-05-11,MAR,10622,4831,5791,5490,4942,190,ITI,ITI3,11,Marche,Marche,1525271,1583488,103.82,0.7
4504,2021-03-15,MAR,4450,2060,2390,1291,3138,21,ITI,ITI3,11,Marche,Marche,1525271,1587938,104.11,0.29
4505,2021-06-23,MAR,13892,6818,7074,6626,7010,256,ITI,ITI3,11,Marche,Marche,1525271,1601830,105.02,0.91
4506,2021-06-18,MAR,15345,7647,7698,8294,6751,300,ITI,ITI3,11,Marche,Marche,1525271,1617175,106.03,1.01
4507,2021-08-07,MAR,9455,5194,4261,3477,5741,237,ITI,ITI3,11,Marche,Marche,1525271,1626630,106.65,0.62
4508,2021-07-21,MAR,14919,7617,7302,2064,12642,213,ITI,ITI3,11,Marche,Marche,1525271,1641549,107.62,0.98
4509,2021-04-29,MAR,13448,6158,7290,7166,6103,179,ITI,ITI3,11,Marche,Marche,1525271,1654997,108.51,0.88
4510,2021-02-05,MAR,2157,655,1502,437,1719,1,ITI,ITI3,11,Marche,Marche,1525271,1657154,108.65,0.14
4511,2021-05-16,MAR,10899,4958,5941,6549,4230,120,ITI,ITI3,11,Marche,Marche,1525271,1668053,109.36,0.71
4512,2021-05-30,MAR,9732,4690,5042,6546,2989,197,ITI,ITI3,11,Marche,Marche,1525271,1677785,110.0,0.64
4513,2021-04-27,MAR,9592,4389,5203,5509,3988,95,ITI,ITI3,11,Marche,Marche,1525271,1687377,110.63,0.63
4514,2021-01-17,MAR,1623,695,928,1553,64,6,ITI,ITI3,11,Marche,Marche,1525271,1689000,110.73,0.11
4515,2021-03-02,MAR,5002,1967,3035,4371,566,65,ITI,ITI3,11,Marche,Marche,1525271,1694002,111.06,0.33
4516,2021-06-10,MAR,14930,7695,7235,12575,2013,342,ITI,ITI3,11,Marche,Marche,1525271,1708932,112.04,0.98
4517,2021-05-24,MAR,10997,5192,5805,7956,2864,177,ITI,ITI3,11,Marche,Marche,1525271,1719929,112.76,0.72
4518,2021-05-22,MAR,11939,5720,6219,7320,4448,171,ITI,ITI3,11,Marche,Marche,1525271,1731868,113.54,0.78
4519,2021-02-11,MAR,1987,657,1330,1557,389,41,ITI,ITI3,11,Marche,Marche,1525271,1733855,113.68,0.13
4520,2021-05-05,MAR,11693,5321,6372,5105,6430,158,ITI,ITI3,11,Marche,Marche,1525271,1745548,114.44,0.77
4521,2021-08-13,MAR,6041,3349,2692,3109,2753,179,ITI,ITI3,11,Marche,Marche,1525271,1751589,114.84,0.4
4522,2021-05-07,MAR,12833,5799,7034,3569,9181,83,ITI,ITI3,11,Marche,Marche,1525271,1764422,115.68,0.84
4523,2021-02-13,MAR,1093,462,631,988,82,23,ITI,ITI3,11,Marche,Marche,1525271,1765515,115.75,0.07
4524,2021-01-27,MAR,2122,780,1342,115,2005,2,ITI,ITI3,11,Marche,Marche,1525271,1767637,115.89,0.14
4525,2021-04-20,MAR,10754,5029,5725,9153,1470,131,ITI,ITI3,11,Marche,Marche,1525271,1778391,116.6,0.71
4526,2021-07-29,MAR,14841,7878,6963,4578,9952,311,ITI,ITI3,11,Marche,Marche,1525271,1793232,117.57,0.97
4527,2021-01-25,MAR,1597,558,1039,90,1507,0,ITI,ITI3,11,Marche,Marche,1525271,1794829,117.67,0.1
4528,2021-01-08,MAR,1582,592,990,1567,0,15,ITI,ITI3,11,Marche,Marche,1525271,1796411,117.78,0.1
4529,2021-04-18,MAR,8824,4132,4692,7733,921,170,ITI,ITI3,11,Marche,Marche,1525271,1805235,118.36,0.58
4530,2021-07-31,MAR,13200,7250,5950,5142,7728,330,ITI,ITI3,11,Marche,Marche,1525271,1818435,119.22,0.87
4531,2021-07-14,MAR,13849,6819,7030,1784,11874,191,ITI,ITI3,11,Marche,Marche,1525271,1832284,120.13,0.91
4532,2021-01-10,MAR,1746,702,1044,1732,0,14,ITI,ITI3,11,Marche,Marche,1525271,1834030,120.24,0.11
4533,2021-07-12,MAR,13722,6804,6918,1228,12376,118,ITI,ITI3,11,Marche,Marche,1525271,1847752,121.14,0.9
4534,2021-04-03,MAR,7574,3204,4370,6736,667,171,ITI,ITI3,11,Marche,Marche,1525271,1855326,121.64,0.5
4535,2021-06-25,MAR,14343,7171,7172,6420,7635,288,ITI,ITI3,11,Marche,Marche,1525271,1869669,122.58,0.94
4536,2021-02-03,VDA,353,115,238,15,338,0,ITC,ITC2,2,Valle d'Aosta / Vallée d'Aoste,Valle d'Aosta,125666,353,0.28,0.28
4537,2021-04-01,VDA,778,394,384,747,12,19,ITC,ITC2,2,Valle d'Aosta / Vallée d'Aoste,Valle d'Aosta,125666,1131,0.9,0.62
4538,2021-01-27,VDA,154,74,80,80,74,0,ITC,ITC2,2,Valle d'Aosta / Vallée d'Aoste,Valle d'Aosta,125666,1285,1.02,0.12
4539,2021-04-20,VDA,935,430,505,709,194,32,ITC,ITC2,2,Valle d'Aosta / Vallée d'Aoste,Valle d'Aosta,125666,2220,1.77,0.74
4540,2021-01-10,VDA,220,71,149,208,0,12,ITC,ITC2,2,Valle d'Aosta / Vallée d'Aoste,Valle d'Aosta,125666,2440,1.94,0.18
4541,2020-12-27,VDA,20,9,11,20,0,0,ITC,ITC2,2,Valle d'Aosta / Vallée d'Aoste,Valle d'Aosta,125666,2460,1.96,0.02
4542,2021-02-05,VDA,296,103,193,102,194,0,ITC,ITC2,2,Valle d'Aosta / Vallée d'Aoste,Valle d'Aosta,125666,2756,2.19,0.24
4543,2021-02-22,VDA,317,94,223,210,104,3,ITC,ITC2,2,Valle d'Aosta / Vallée d'Aoste,Valle d'Aosta,125666,3073,2.45,0.25
4544,2021-05-16,VDA,690,342,348,340,342,8,ITC,ITC2,2,Valle d'Aosta / Vallée d'Aoste,Valle d'Aosta,125666,3763,2.99,0.55
4545,2021-08-07,VDA,739,433,306,306,421,12,ITC,ITC2,2,Valle d'Aosta / Vallée d'Aoste,Valle d'Aosta,125666,4502,3.58,0.59
4546,2021-03-08,VDA,488,233,255,240,245,3,ITC,ITC2,2,Valle d'Aosta / Vallée d'Aoste,Valle d'Aosta,125666,4990,3.97,0.39
4547,2021-08-12,VDA,375,204,171,118,248,9,ITC,ITC2,2,Valle d'Aosta / Vallée d'Aoste,Valle d'Aosta,125666,5365,4.27,0.3
4548,2021-05-04,VDA,1136,511,625,434,674,28,ITC,ITC2,2,Valle d'Aosta / Vallée d'Aoste,Valle d'Aosta,125666,6501,5.17,0.9
4549,2021-06-16,VDA,1062,565,497,664,394,4,ITC,ITC2,2,Valle d'Aosta / Vallée d'Aoste,Valle d'Aosta,125666,7563,6.02,0.85
4550,2021-03-15,VDA,387,141,246,175,203,9,ITC,ITC2,2,Valle d'Aosta / Vallée d'Aoste,Valle d'Aosta,125666,7950,6.33,0.31
4551,2021-05-11,VDA,649,326,323,471,150,28,ITC,ITC2,2,Valle d'Aosta / Vallée d'Aoste,Valle d'Aosta,125666,8599,6.84,0.52
4552,2021-04-27,VDA,979,424,555,651,292,36,ITC,ITC2,2,Valle d'Aosta / Vallée d'Aoste,Valle d'Aosta,125666,9578,7.62,0.78
4553,2021-01-17,VDA,131,56,75,131,0,0,ITC,ITC2,2,Valle d'Aosta / Vallée d'Aoste,Valle d'Aosta,125666,9709,7.73,0.1
4554,2021-06-23,VDA,1044,551,493,422,617,5,ITC,ITC2,2,Valle d'Aosta / Vallée d'Aoste,Valle d'Aosta,125666,10753,8.56,0.83
4555,2021-04-15,VDA,813,378,435,641,139,33,ITC,ITC2,2,Valle d'Aosta / Vallée d'Aoste,Valle d'Aosta,125666,11566,9.2,0.65
4556,2021-07-07,VDA,792,439,353,413,362,17,ITC,ITC2,2,Valle d'Aosta / Vallée d'Aoste,Valle d'Aosta,125666,12358,9.83,0.63
4557,2021-07-24,VDA,1018,535,483,332,683,3,ITC,ITC2,2,Valle d'Aosta / Vallée d'Aoste,Valle d'Aosta,125666,13376,10.64,0.81
4558,2021-07-12,VDA,979,483,496,238,733,8,ITC,ITC2,2,Valle d'Aosta / Vallée d'Aoste,Valle d'Aosta,125666,14355,11.42,0.78
4559,2021-04-03,VDA,676,341,335,649,15,12,ITC,ITC2,2,Valle d'Aosta / Vallée d'Aoste,Valle d'Aosta,125666,15031,11.96,0.54
4560,2021-03-20,VDA,209,87,122,168,36,5,ITC,ITC2,2,Valle d'Aosta / Vallée d'Aoste,Valle d'Aosta,125666,15240,12.13,0.17
4561,2021-06-28,VDA,989,497,492,328,658,3,ITC,ITC2,2,Valle d'Aosta / Vallée d'Aoste,Valle d'Aosta,125666,16229,12.91,0.79
4562,2021-06-11,VDA,1048,484,564,755,283,10,ITC,ITC2,2,Valle d'Aosta / Vallée d'Aoste,Valle d'Aosta,125666,17277,13.75,0.83
4563,2021-05-30,VDA,865,429,436,682,171,12,ITC,ITC2,2,Valle d'Aosta / Vallée d'Aoste,Valle d'Aosta,125666,18142,14.44,0.69
4564,2021-07-26,VDA,1005,512,493,315,687,3,ITC,ITC2,2,Valle d'Aosta / Vallée d'Aoste,Valle d'Aosta,125666,19147,15.24,0.8
4565,2021-05-28,VDA,977,415,562,545,413,19,ITC,ITC2,2,Valle d'Aosta / Vallée d'Aoste,Valle d'Aosta,125666,20124,16.01,0.78
4566,2021-02-17,VDA,328,145,183,223,101,4,ITC,ITC2,2,Valle d'Aosta / Vallée d'Aoste,Valle d'Aosta,125666,20452,16.27,0.26
4567,2021-05-02,VDA,765,345,420,581,160,24,ITC,ITC2,2,Valle d'Aosta / Vallée d'Aoste,Valle d'Aosta,125666,21217,16.88,0.61
4568,2021-01-22,VDA,58,22,36,22,36,0,ITC,ITC2,2,Valle d'Aosta / Vallée d'Aoste,Valle d'Aosta,125666,21275,16.93,0.05
4569,2021-01-08,VDA,301,131,170,301,0,0,ITC,ITC2,2,Valle d'Aosta / Vallée d'Aoste,Valle d'Aosta,125666,21576,17.17,0.24
4570,2021-03-06,VDA,22,4,18,18,0,4,ITC,ITC2,2,Valle d'Aosta / Vallée d'Aoste,Valle d'Aosta,125666,21598,17.19,0.02
4571,2021-06-09,VDA,1050,558,492,1007,35,8,ITC,ITC2,2,Valle d'Aosta / Vallée d'Aoste,Valle d'Aosta,125666,22648,18.02,0.84
4572,2021-03-01,VDA,181,66,115,139,34,8,ITC,ITC2,2,Valle d'Aosta / Vallée d'Aoste,Valle d'Aosta,125666,22829,18.17,0.14
4573,2021-02-15,VDA,264,136,128,225,35,4,ITC,ITC2,2,Valle d'Aosta / Vallée d'Aoste,Valle d'Aosta,125666,23093,18.38,0.21
4574,2021-07-19,VDA,878,460,418,256,619,3,ITC,ITC2,2,Valle d'Aosta / Vallée d'Aoste,Valle d'Aosta,125666,23971,19.08,0.7
4575,2021-02-24,VDA,184,83,101,163,20,1,ITC,ITC2,2,Valle d'Aosta / Vallée d'Aoste,Valle d'Aosta,125666,24155,19.22,0.15
4576,2021-04-08,VDA,585,282,303,419,144,22,ITC,ITC2,2,Valle d'Aosta / Vallée d'Aoste,Valle d'Aosta,125666,24740,19.69,0.47
4577,2021-06-13,VDA,856,403,453,370,482,4,ITC,ITC2,2,Valle d'Aosta / Vallée d'Aoste,Valle d'Aosta,125666,25596,20.37,0.68
4578,2021-06-04,VDA,910,385,525,469,435,6,ITC,ITC2,2,Valle d'Aosta / Vallée d'Aoste,Valle d'Aosta,125666,26506,21.09,0.72
4579,2021-07-23,VDA,972,485,487,365,606,1,ITC,ITC2,2,Valle d'Aosta / Vallée d'Aoste,Valle d'Aosta,125666,27478,21.87,0.77
4580,2021-06-30,VDA,1120,543,577,417,694,9,ITC,ITC2,2,Valle d'Aosta / Vallée d'Aoste,Valle d'Aosta,125666,28598,22.76,0.89
4581,2021-03-13,VDA,147,88,59,141,0,6,ITC,ITC2,2,Valle d'Aosta / Vallée d'Aoste,Valle d'Aosta,125666,28745,22.87,0.12
4582,2021-01-15,VDA,220,83,137,220,0,0,ITC,ITC2,2,Valle d'Aosta / Vallée d'Aoste,Valle d'Aosta,125666,28965,23.05,0.18
4583,2021-05-23,VDA,999,465,534,653,340,6,ITC,ITC2,2,Valle d'Aosta / Vallée d'Aoste,Valle d'Aosta,125666,29964,23.84,0.79
4584,2021-01-29,VDA,321,139,182,2,319,0,ITC,ITC2,2,Valle d'Aosta / Vallée d'Aoste,Valle d'Aosta,125666,30285,24.1,0.26
4585,2021-04-22,VDA,1068,450,618,652,383,33,ITC,ITC2,2,Valle d'Aosta / Vallée d'Aoste,Valle d'Aosta,125666,31353,24.95,0.85
4586,2021-05-09,VDA,574,287,287,425,130,19,ITC,ITC2,2,Valle d'Aosta / Vallée d'Aoste,Valle d'Aosta,125666,31927,25.41,0.46
4587,2021-07-31,VDA,889,464,425,319,558,12,ITC,ITC2,2,Valle d'Aosta / Vallée d'Aoste,Valle d'Aosta,125666,32816,26.11,0.71
4588,2021-04-13,VDA,373,171,202,311,44,18,ITC,ITC2,2,Valle d'Aosta / Vallée d'Aoste,Valle d'Aosta,125666,33189,26.41,0.3
4589,2021-07-05,VDA,834,355,479,312,508,14,ITC,ITC2,2,Valle d'Aosta / Vallée d'Aoste,Valle d'Aosta,125666,34023,27.07,0.66
4590,2021-03-27,VDA,337,166,171,292,31,14,ITC,ITC2,2,Valle d'Aosta / Vallée d'Aoste,Valle d'Aosta,125666,34360,27.34,0.27
4591,2021-06-18,VDA,1000,443,557,590,400,10,ITC,ITC2,2,Valle d'Aosta / Vallée d'Aoste,Valle d'Aosta,125666,35360,28.14,0.8
4592,2021-02-10,VDA,248,77,171,141,107,0,ITC,ITC2,2,Valle d'Aosta / Vallée d'Aoste,Valle d'Aosta,125666,35608,28.34,0.2
4593,2021-03-25,VDA,389,154,235,364,10,15,ITC,ITC2,2,Valle d'Aosta / Vallée d'Aoste,Valle d'Aosta,125666,35997,28.64,0.31
4594,2021-05-21,VDA,933,443,490,517,401,15,ITC,ITC2,2,Valle d'Aosta / Vallée d'Aoste,Valle d'Aosta,125666,36930,29.39,0.74
4595,2021-04-17,VDA,638,407,231,593,2,43,ITC,ITC2,2,Valle d'Aosta / Vallée d'Aoste,Valle d'Aosta,125666,37568,29.9,0.51
4596,2021-01-07,VDA,280,113,167,280,0,0,ITC,ITC2,2,Valle d'Aosta / Vallée d'Aoste,Valle d'Aosta,125666,37848,30.12,0.22
4597,2021-05-25,VDA,1117,532,585,530,575,12,ITC,ITC2,2,Valle d'Aosta / Vallée d'Aoste,Valle d'Aosta,125666,38965,31.01,0.89
4598,2021-02-14,VDA,48,16,32,1,47,0,ITC,ITC2,2,Valle d'Aosta / Vallée d'Aoste,Valle d'Aosta,125666,39013,31.04,0.04
4599,2021-05-08,VDA,908,543,365,498,382,28,ITC,ITC2,2,Valle d'Aosta / Vallée d'Aoste,Valle d'Aosta,125666,39921,31.77,0.72
4600,2021-06-08,VDA,770,408,362,733,33,4,ITC,ITC2,2,Valle d'Aosta / Vallée d'Aoste,Valle d'Aosta,125666,40691,32.38,0.61
4601,2021-02-26,VDA,209,58,151,109,86,14,ITC,ITC2,2,Valle d'Aosta / Vallée d'Aoste,Valle d'Aosta,125666,40900,32.55,0.17
4602,2021-04-10,VDA,405,191,214,388,5,12,ITC,ITC2,2,Valle d'Aosta / Vallée d'Aoste,Valle d'Aosta,125666,41305,32.87,0.32
4603,2020-12-31,VDA,18,4,14,18,0,0,ITC,ITC2,2,Valle d'Aosta / Vallée d'Aoste,Valle d'Aosta,125666,41323,32.88,0.01
4604,2021-06-06,VDA,1160,582,578,781,373,6,ITC,ITC2,2,Valle d'Aosta / Vallée d'Aoste,Valle d'Aosta,125666,42483,33.81,0.92
4605,2021-01-19,VDA,256,77,179,256,0,0,ITC,ITC2,2,Valle d'Aosta / Vallée d'Aoste,Valle d'Aosta,125666,42739,34.01,0.2
4606,2021-04-12,VDA,487,187,300,305,164,18,ITC,ITC2,2,Valle d'Aosta / Vallée d'Aoste,Valle d'Aosta,125666,43226,34.4,0.39
4607,2021-04-29,VDA,1293,636,657,740,532,21,ITC,ITC2,2,Valle d'Aosta / Vallée d'Aoste,Valle d'Aosta,125666,44519,35.43,1.03
4608,2021-07-21,VDA,1164,635,529,311,849,4,ITC,ITC2,2,Valle d'Aosta / Vallée d'Aoste,Valle d'Aosta,125666,45683,36.35,0.93
4609,2021-07-04,VDA,1192,530,662,349,829,14,ITC,ITC2,2,Valle d'Aosta / Vallée d'Aoste,Valle d'Aosta,125666,46875,37.3,0.95
4610,2021-01-31,VDA,291,91,200,58,233,0,ITC,ITC2,2,Valle d'Aosta / Vallée d'Aoste,Valle d'Aosta,125666,47166,37.53,0.23
4611,2021-03-31,VDA,555,302,253,511,26,18,ITC,ITC2,2,Valle d'Aosta / Vallée d'Aoste,Valle d'Aosta,125666,47721,37.97,0.44
4612,2021-05-27,VDA,1093,498,595,575,506,12,ITC,ITC2,2,Valle d'Aosta / Vallée d'Aoste,Valle d'Aosta,125666,48814,38.84,0.87
4613,2021-05-13,VDA,1145,560,585,522,602,21,ITC,ITC2,2,Valle d'Aosta / Vallée d'Aoste,Valle d'Aosta,125666,49959,39.76,0.91
4614,2021-02-02,VDA,277,72,205,2,275,0,ITC,ITC2,2,Valle d'Aosta / Vallée d'Aoste,Valle d'Aosta,125666,50236,39.98,0.22
4615,2021-07-09,VDA,945,446,499,280,656,9,ITC,ITC2,2,Valle d'Aosta / Vallée d'Aoste,Valle d'Aosta,125666,51181,40.73,0.75
4616,2021-06-25,VDA,978,445,533,325,651,2,ITC,ITC2,2,Valle d'Aosta / Vallée d'Aoste,Valle d'Aosta,125666,52159,41.51,0.78
4617,2021-05-20,VDA,1044,475,569,591,440,13,ITC,ITC2,2,Valle d'Aosta / Vallée d'Aoste,Valle d'Aosta,125666,53203,42.34,0.83
4618,2021-02-19,VDA,292,102,190,266,24,2,ITC,ITC2,2,Valle d'Aosta / Vallée d'Aoste,Valle d'Aosta,125666,53495,42.57,0.23
4619,2021-08-04,VDA,1043,570,473,371,655,17,ITC,ITC2,2,Valle d'Aosta / Vallée d'Aoste,Valle d'Aosta,125666,54538,43.4,0.83
4620,2021-01-05,VDA,151,55,96,151,0,0,ITC,ITC2,2,Valle d'Aosta / Vallée d'Aoste,Valle d'Aosta,125666,54689,43.52,0.12
4621,2021-01-14,VDA,237,69,168,237,0,0,ITC,ITC2,2,Valle d'Aosta / Vallée d'Aoste,Valle d'Aosta,125666,54926,43.71,0.19
4622,2021-08-02,VDA,759,407,352,303,446,10,ITC,ITC2,2,Valle d'Aosta / Vallée d'Aoste,Valle d'Aosta,125666,55685,44.31,0.6
4623,2021-04-24,VDA,723,401,322,534,167,22,ITC,ITC2,2,Valle d'Aosta / Vallée d'Aoste,Valle d'Aosta,125666,56408,44.89,0.58
4624,2021-06-15,VDA,924,508,416,654,257,13,ITC,ITC2,2,Valle d'Aosta / Vallée d'Aoste,Valle d'Aosta,125666,57332,45.62,0.74
4625,2021-08-11,VDA,776,380,396,305,452,19,ITC,ITC2,2,Valle d'Aosta / Vallée d'Aoste,Valle d'Aosta,125666,58108,46.24,0.62
4626,2021-03-05,VDA,277,125,152,53,223,1,ITC,ITC2,2,Valle d'Aosta / Vallée d'Aoste,Valle d'Aosta,125666,58385,46.46,0.22
4627,2021-02-28,VDA,260,86,174,73,183,4,ITC,ITC2,2,Valle d'Aosta / Vallée d'Aoste,Valle d'Aosta,125666,58645,46.67,0.21
4628,2021-05-18,VDA,972,484,488,349,619,4,ITC,ITC2,2,Valle d'Aosta / Vallée d'Aoste,Valle d'Aosta,125666,59617,47.44,0.77
4629,2021-02-07,VDA,292,120,172,190,102,0,ITC,ITC2,2,Valle d'Aosta / Vallée d'Aoste,Valle d'Aosta,125666,59909,47.67,0.23
4630,2021-08-09,VDA,674,335,339,257,398,19,ITC,ITC2,2,Valle d'Aosta / Vallée d'Aoste,Valle d'Aosta,125666,60583,48.21,0.54
4631,2021-05-01,VDA,941,564,377,440,484,17,ITC,ITC2,2,Valle d'Aosta / Vallée d'Aoste,Valle d'Aosta,125666,61524,48.96,0.75
4632,2021-04-14,VDA,942,430,512,690,224,28,ITC,ITC2,2,Valle d'Aosta / Vallée d'Aoste,Valle d'Aosta,125666,62466,49.71,0.75
4633,2021-07-06,VDA,884,480,404,157,722,5,ITC,ITC2,2,Valle d'Aosta / Vallée d'Aoste,Valle d'Aosta,125666,63350,50.41,0.7
4634,2021-01-02,VDA,6,5,1,6,0,0,ITC,ITC2,2,Valle d'Aosta / Vallée d'Aoste,Valle d'Aosta,125666,63356,50.42,0.0
4635,2021-03-26,VDA,498,204,294,471,7,20,ITC,ITC2,2,Valle d'Aosta / Vallée d'Aoste,Valle d'Aosta,125666,63854,50.81,0.4
4636,2021-06-17,VDA,990,529,461,637,341,12,ITC,ITC2,2,Valle d'Aosta / Vallée d'Aoste,Valle d'Aosta,125666,64844,51.6,0.79
4637,2021-04-05,VDA,465,223,242,440,6,19,ITC,ITC2,2,Valle d'Aosta / Vallée d'Aoste,Valle d'Aosta,125666,65309,51.97,0.37
4638,2021-06-27,VDA,1253,608,645,312,931,10,ITC,ITC2,2,Valle d'Aosta / Vallée d'Aoste,Valle d'Aosta,125666,66562,52.97,1.0
4639,2021-07-14,VDA,1021,534,487,293,728,0,ITC,ITC2,2,Valle d'Aosta / Vallée d'Aoste,Valle d'Aosta,125666,67583,53.78,0.81
4640,2021-08-01,VDA,842,445,397,287,547,8,ITC,ITC2,2,Valle d'Aosta / Vallée d'Aoste,Valle d'Aosta,125666,68425,54.45,0.67
4641,2021-03-22,VDA,560,205,355,324,228,8,ITC,ITC2,2,Valle d'Aosta / Vallée d'Aoste,Valle d'Aosta,125666,68985,54.9,0.45
4642,2021-06-05,VDA,926,476,450,730,188,8,ITC,ITC2,2,Valle d'Aosta / Vallée d'Aoste,Valle d'Aosta,125666,69911,55.63,0.74
4643,2021-02-11,VDA,231,107,124,221,9,1,ITC,ITC2,2,Valle d'Aosta / Vallée d'Aoste,Valle d'Aosta,125666,70142,55.82,0.18
4644,2021-07-18,VDA,927,455,472,251,675,1,ITC,ITC2,2,Valle d'Aosta / Vallée d'Aoste,Valle d'Aosta,125666,71069,56.55,0.74
4645,2021-04-09,VDA,238,111,127,201,33,4,ITC,ITC2,2,Valle d'Aosta / Vallée d'Aoste,Valle d'Aosta,125666,71307,56.74,0.19
4646,2021-05-22,VDA,956,505,451,545,401,10,ITC,ITC2,2,Valle d'Aosta / Vallée d'Aoste,Valle d'Aosta,125666,72263,57.5,0.76
4647,2021-07-02,VDA,869,384,485,302,562,5,ITC,ITC2,2,Valle d'Aosta / Vallée d'Aoste,Valle d'Aosta,125666,73132,58.2,0.69
4648,2021-03-24,VDA,515,230,285,255,257,3,ITC,ITC2,2,Valle d'Aosta / Vallée d'Aoste,Valle d'Aosta,125666,73647,58.61,0.41
4649,2021-05-06,VDA,1082,515,567,665,384,33,ITC,ITC2,2,Valle d'Aosta / Vallée d'Aoste,Valle d'Aosta,125666,74729,59.47,0.86
4650,2021-02-16,VDA,326,53,273,309,6,11,ITC,ITC2,2,Valle d'Aosta / Vallée d'Aoste,Valle d'Aosta,125666,75055,59.73,0.26
4651,2021-04-07,VDA,910,474,436,654,229,27,ITC,ITC2,2,Valle d'Aosta / Vallée d'Aoste,Valle d'Aosta,125666,75965,60.45,0.72
4652,2021-02-09,VDA,252,84,168,68,183,1,ITC,ITC2,2,Valle d'Aosta / Vallée d'Aoste,Valle d'Aosta,125666,76217,60.65,0.2
4653,2021-03-17,VDA,433,185,248,259,160,14,ITC,ITC2,2,Valle d'Aosta / Vallée d'Aoste,Valle d'Aosta,125666,76650,61.0,0.34
4654,2021-03-03,VDA,256,118,138,182,69,5,ITC,ITC2,2,Valle d'Aosta / Vallée d'Aoste,Valle d'Aosta,125666,76906,61.2,0.2
4655,2021-07-16,VDA,1076,553,523,346,730,0,ITC,ITC2,2,Valle d'Aosta / Vallée d'Aoste,Valle d'Aosta,125666,77982,62.05,0.86
4656,2021-01-26,VDA,149,52,97,2,147,0,ITC,ITC2,2,Valle d'Aosta / Vallée d'Aoste,Valle d'Aosta,125666,78131,62.17,0.12
4657,2021-02-12,VDA,263,96,167,216,46,1,ITC,ITC2,2,Valle d'Aosta / Vallée d'Aoste,Valle d'Aosta,125666,78394,62.38,0.21
4658,2021-01-21,VDA,33,12,21,33,0,0,ITC,ITC2,2,Valle d'Aosta / Vallée d'Aoste,Valle d'Aosta,125666,78427,62.41,0.03
4659,2021-01-04,VDA,144,61,83,144,0,0,ITC,ITC2,2,Valle d'Aosta / Vallée d'Aoste,Valle d'Aosta,125666,78571,62.52,0.11
4660,2021-03-28,VDA,524,213,311,496,0,28,ITC,ITC2,2,Valle d'Aosta / Vallée d'Aoste,Valle d'Aosta,125666,79095,62.94,0.42
4661,2021-03-11,VDA,392,164,228,152,239,1,ITC,ITC2,2,Valle d'Aosta / Vallée d'Aoste,Valle d'Aosta,125666,79487,63.25,0.31
4662,2021-06-02,VDA,1215,688,527,811,401,3,ITC,ITC2,2,Valle d'Aosta / Vallée d'Aoste,Valle d'Aosta,125666,80702,64.22,0.97
4663,2021-06-19,VDA,1295,671,624,660,621,14,ITC,ITC2,2,Valle d'Aosta / Vallée d'Aoste,Valle d'Aosta,125666,81997,65.25,1.03
4664,2021-03-09,VDA,206,96,110,166,32,8,ITC,ITC2,2,Valle d'Aosta / Vallée d'Aoste,Valle d'Aosta,125666,82203,65.41,0.16
4665,2021-02-20,VDA,256,214,42,243,10,3,ITC,ITC2,2,Valle d'Aosta / Vallée d'Aoste,Valle d'Aosta,125666,82459,65.62,0.2
4666,2021-05-05,VDA,1038,566,472,434,582,22,ITC,ITC2,2,Valle d'Aosta / Vallée d'Aoste,Valle d'Aosta,125666,83497,66.44,0.83
4667,2021-08-13,VDA,359,192,167,102,254,3,ITC,ITC2,2,Valle d'Aosta / Vallée d'Aoste,Valle d'Aosta,125666,83856,66.73,0.29
4668,2021-05-03,VDA,841,400,441,459,352,30,ITC,ITC2,2,Valle d'Aosta / Vallée d'Aoste,Valle d'Aosta,125666,84697,67.4,0.67
4669,2021-03-07,VDA,64,30,34,11,53,0,ITC,ITC2,2,Valle d'Aosta / Vallée d'Aoste,Valle d'Aosta,125666,84761,67.45,0.05
4670,2021-07-28,VDA,1423,765,658,370,1048,5,ITC,ITC2,2,Valle d'Aosta / Vallée d'Aoste,Valle d'Aosta,125666,86184,68.58,1.13
4671,2021-04-19,VDA,753,326,427,521,209,23,ITC,ITC2,2,Valle d'Aosta / Vallée d'Aoste,Valle d'Aosta,125666,86937,69.18,0.6
4672,2021-01-16,VDA,237,80,157,237,0,0,ITC,ITC2,2,Valle d'Aosta / Vallée d'Aoste,Valle d'Aosta,125666,87174,69.37,0.19
4673,2021-06-22,VDA,1191,666,525,530,649,12,ITC,ITC2,2,Valle d'Aosta / Vallée d'Aoste,Valle d'Aosta,125666,88365,70.32,0.95
4674,2021-03-14,VDA,392,200,192,373,0,19,ITC,ITC2,2,Valle d'Aosta / Vallée d'Aoste,Valle d'Aosta,125666,88757,70.63,0.31
4675,2021-01-30,VDA,439,202,237,12,425,2,ITC,ITC2,2,Valle d'Aosta / Vallée d'Aoste,Valle d'Aosta,125666,89196,70.98,0.35
4676,2021-01-25,VDA,150,67,83,1,149,0,ITC,ITC2,2,Valle d'Aosta / Vallée d'Aoste,Valle d'Aosta,125666,89346,71.1,0.12
4677,2021-07-10,VDA,1294,669,625,320,963,11,ITC,ITC2,2,Valle d'Aosta / Vallée d'Aoste,Valle d'Aosta,125666,90640,72.13,1.03
4678,2021-05-14,VDA,963,444,519,253,669,41,ITC,ITC2,2,Valle d'Aosta / Vallée d'Aoste,Valle d'Aosta,125666,91603,72.89,0.77
4679,2021-02-01,VDA,407,127,280,85,319,3,ITC,ITC2,2,Valle d'Aosta / Vallée d'Aoste,Valle d'Aosta,125666,92010,73.22,0.32
4680,2021-07-08,VDA,1275,709,566,341,924,10,ITC,ITC2,2,Valle d'Aosta / Vallée d'Aoste,Valle d'Aosta,125666,93285,74.23,1.01
4681,2021-03-30,VDA,402,223,179,364,20,18,ITC,ITC2,2,Valle d'Aosta / Vallée d'Aoste,Valle d'Aosta,125666,93687,74.55,0.32
4682,2021-05-12,VDA,1144,550,594,449,671,24,ITC,ITC2,2,Valle d'Aosta / Vallée d'Aoste,Valle d'Aosta,125666,94831,75.46,0.91
4683,2021-01-28,VDA,294,124,170,55,239,0,ITC,ITC2,2,Valle d'Aosta / Vallée d'Aoste,Valle d'Aosta,125666,95125,75.7,0.23
4684,2021-06-12,VDA,1234,600,634,1062,167,5,ITC,ITC2,2,Valle d'Aosta / Vallée d'Aoste,Valle d'Aosta,125666,96359,76.68,0.98
4685,2021-01-12,VDA,303,73,230,303,0,0,ITC,ITC2,2,Valle d'Aosta / Vallée d'Aoste,Valle d'Aosta,125666,96662,76.92,0.24
4686,2021-05-24,VDA,1137,516,621,675,446,16,ITC,ITC2,2,Valle d'Aosta / Vallée d'Aoste,Valle d'Aosta,125666,97799,77.82,0.9
4687,2021-05-10,VDA,783,382,401,531,235,17,ITC,ITC2,2,Valle d'Aosta / Vallée d'Aoste,Valle d'Aosta,125666,98582,78.45,0.62
4688,2021-07-20,VDA,1118,584,534,393,722,3,ITC,ITC2,2,Valle d'Aosta / Vallée d'Aoste,Valle d'Aosta,125666,99700,79.34,0.89
4689,2021-04-18,VDA,523,255,268,495,2,26,ITC,ITC2,2,Valle d'Aosta / Vallée d'Aoste,Valle d'Aosta,125666,100223,79.75,0.42
4690,2021-06-14,VDA,1015,522,493,573,428,14,ITC,ITC2,2,Valle d'Aosta / Vallée d'Aoste,Valle d'Aosta,125666,101238,80.56,0.81
4691,2021-05-31,VDA,881,396,485,490,380,11,ITC,ITC2,2,Valle d'Aosta / Vallée d'Aoste,Valle d'Aosta,125666,102119,81.26,0.7
4692,2021-07-27,VDA,1119,595,524,565,552,2,ITC,ITC2,2,Valle d'Aosta / Vallée d'Aoste,Valle d'Aosta,125666,103238,82.15,0.89
4693,2021-04-25,VDA,850,409,441,674,139,37,ITC,ITC2,2,Valle d'Aosta / Vallée d'Aoste,Valle d'Aosta,125666,104088,82.83,0.68
4694,2021-06-21,VDA,1123,600,523,608,505,10,ITC,ITC2,2,Valle d'Aosta / Vallée d'Aoste,Valle d'Aosta,125666,105211,83.72,0.89
4695,2021-06-07,VDA,711,347,364,639,61,11,ITC,ITC2,2,Valle d'Aosta / Vallée d'Aoste,Valle d'Aosta,125666,105922,84.29,0.57
4696,2021-02-27,VDA,232,86,146,120,107,5,ITC,ITC2,2,Valle d'Aosta / Vallée d'Aoste,Valle d'Aosta,125666,106154,84.47,0.18
4697,2021-08-03,VDA,936,485,451,568,361,7,ITC,ITC2,2,Valle d'Aosta / Vallée d'Aoste,Valle d'Aosta,125666,107090,85.22,0.74
4698,2021-04-26,VDA,716,328,388,513,170,33,ITC,ITC2,2,Valle d'Aosta / Vallée d'Aoste,Valle d'Aosta,125666,107806,85.79,0.57
4699,2021-07-01,VDA,962,473,489,328,621,13,ITC,ITC2,2,Valle d'Aosta / Vallée d'Aoste,Valle d'Aosta,125666,108768,86.55,0.77
4700,2021-01-09,VDA,444,199,245,444,0,0,ITC,ITC2,2,Valle d'Aosta / Vallée d'Aoste,Valle d'Aosta,125666,109212,86.91,0.35
4701,2021-07-25,VDA,1017,493,524,263,753,1,ITC,ITC2,2,Valle d'Aosta / Vallée d'Aoste,Valle d'Aosta,125666,110229,87.72,0.81
4702,2021-04-16,VDA,599,261,338,565,2,32,ITC,ITC2,2,Valle d'Aosta / Vallée d'Aoste,Valle d'Aosta,125666,110828,88.19,0.48
4703,2021-04-02,VDA,875,345,530,596,226,53,ITC,ITC2,2,Valle d'Aosta / Vallée d'Aoste,Valle d'Aosta,125666,111703,88.89,0.7
4704,2021-05-29,VDA,798,434,364,553,237,8,ITC,ITC2,2,Valle d'Aosta / Vallée d'Aoste,Valle d'Aosta,125666,112501,89.52,0.64
4705,2021-07-11,VDA,908,472,436,254,643,11,ITC,ITC2,2,Valle d'Aosta / Vallée d'Aoste,Valle d'Aosta,125666,113409,90.25,0.72
4706,2021-02-25,VDA,201,101,100,190,7,4,ITC,ITC2,2,Valle d'Aosta / Vallée d'Aoste,Valle d'Aosta,125666,113610,90.41,0.16
4707,2021-07-17,VDA,987,521,466,254,732,1,ITC,ITC2,2,Valle d'Aosta / Vallée d'Aoste,Valle d'Aosta,125666,114597,91.19,0.79
4708,2021-07-30,VDA,965,501,464,421,525,19,ITC,ITC2,2,Valle d'Aosta / Vallée d'Aoste,Valle d'Aosta,125666,115562,91.96,0.77
4709,2021-04-21,VDA,868,410,458,588,248,32,ITC,ITC2,2,Valle d'Aosta / Vallée d'Aoste,Valle d'Aosta,125666,116430,92.65,0.69
4710,2021-07-13,VDA,1061,567,494,307,748,6,ITC,ITC2,2,Valle d'Aosta / Vallée d'Aoste,Valle d'Aosta,125666,117491,93.49,0.84
4711,2021-03-21,VDA,359,168,191,350,0,9,ITC,ITC2,2,Valle d'Aosta / Vallée d'Aoste,Valle d'Aosta,125666,117850,93.78,0.29
4712,2021-06-29,VDA,782,390,392,236,543,3,ITC,ITC2,2,Valle d'Aosta / Vallée d'Aoste,Valle d'Aosta,125666,118632,94.4,0.62
4713,2021-06-10,VDA,1057,610,447,1008,42,7,ITC,ITC2,2,Valle d'Aosta / Vallée d'Aoste,Valle d'Aosta,125666,119689,95.24,0.84
4714,2021-03-02,VDA,340,166,174,292,3,45,ITC,ITC2,2,Valle d'Aosta / Vallée d'Aoste,Valle d'Aosta,125666,120029,95.51,0.27
4715,2021-08-05,VDA,786,406,380,283,482,21,ITC,ITC2,2,Valle d'Aosta / Vallée d'Aoste,Valle d'Aosta,125666,120815,96.14,0.63
4716,2021-01-06,VDA,66,34,32,66,0,0,ITC,ITC2,2,Valle d'Aosta / Vallée d'Aoste,Valle d'Aosta,125666,120881,96.19,0.05
4717,2021-02-18,VDA,349,153,196,256,88,5,ITC,ITC2,2,Valle d'Aosta / Vallée d'Aoste,Valle d'Aosta,125666,121230,96.47,0.28
4718,2021-03-19,VDA,322,85,237,277,35,10,ITC,ITC2,2,Valle d'Aosta / Vallée d'Aoste,Valle d'Aosta,125666,121552,96.73,0.26
4719,2021-05-07,VDA,566,247,319,518,30,18,ITC,ITC2,2,Valle d'Aosta / Vallée d'Aoste,Valle d'Aosta,125666,122118,97.18,0.45
4720,2021-04-23,VDA,923,443,480,513,383,27,ITC,ITC2,2,Valle d'Aosta / Vallée d'Aoste,Valle d'Aosta,125666,123041,97.91,0.73
4721,2021-01-13,VDA,338,110,228,338,0,0,ITC,ITC2,2,Valle d'Aosta / Vallée d'Aoste,Valle d'Aosta,125666,123379,98.18,0.27
4722,2021-07-29,VDA,995,507,488,320,667,8,ITC,ITC2,2,Valle d'Aosta / Vallée d'Aoste,Valle d'Aosta,125666,124374,98.97,0.79
4723,2021-07-15,VDA,1093,593,500,297,795,1,ITC,ITC2,2,Valle d'Aosta / Vallée d'Aoste,Valle d'Aosta,125666,125467,99.84,0.87
4724,2021-04-06,VDA,743,382,361,598,112,33,ITC,ITC2,2,Valle d'Aosta / Vallée d'Aoste,Valle d'Aosta,125666,126210,100.43,0.59
4725,2021-01-11,VDA,326,112,214,326,0,0,ITC,ITC2,2,Valle d'Aosta / Vallée d'Aoste,Valle d'Aosta,125666,126536,100.69,0.26
4726,2021-06-24,VDA,1225,631,594,381,836,8,ITC,ITC2,2,Valle d'Aosta / Vallée d'Aoste,Valle d'Aosta,125666,127761,101.67,0.97
4727,2021-07-03,VDA,936,485,451,390,537,9,ITC,ITC2,2,Valle d'Aosta / Vallée d'Aoste,Valle d'Aosta,125666,128697,102.41,0.74
4728,2021-02-08,VDA,223,83,140,25,198,0,ITC,ITC2,2,Valle d'Aosta / Vallée d'Aoste,Valle d'Aosta,125666,128920,102.59,0.18
4729,2021-03-23,VDA,380,150,230,228,135,17,ITC,ITC2,2,Valle d'Aosta / Vallée d'Aoste,Valle d'Aosta,125666,129300,102.89,0.3
4730,2021-05-19,VDA,993,498,495,411,575,7,ITC,ITC2,2,Valle d'Aosta / Vallée d'Aoste,Valle d'Aosta,125666,130293,103.68,0.79
4731,2021-03-16,VDA,184,37,147,109,66,9,ITC,ITC2,2,Valle d'Aosta / Vallée d'Aoste,Valle d'Aosta,125666,130477,103.83,0.15
4732,2021-03-18,VDA,136,43,93,96,37,3,ITC,ITC2,2,Valle d'Aosta / Vallée d'Aoste,Valle d'Aosta,125666,130613,103.94,0.11
4733,2021-06-26,VDA,1065,512,553,352,707,6,ITC,ITC2,2,Valle d'Aosta / Vallée d'Aoste,Valle d'Aosta,125666,131678,104.78,0.85
4734,2021-03-04,VDA,291,139,152,39,250,2,ITC,ITC2,2,Valle d'Aosta / Vallée d'Aoste,Valle d'Aosta,125666,131969,105.02,0.23
4735,2021-05-26,VDA,1212,587,625,567,634,11,ITC,ITC2,2,Valle d'Aosta / Vallée d'Aoste,Valle d'Aosta,125666,133181,105.98,0.96
4736,2021-04-04,VDA,572,253,319,550,0,22,ITC,ITC2,2,Valle d'Aosta / Vallée d'Aoste,Valle d'Aosta,125666,133753,106.44,0.46
4737,2021-02-13,VDA,217,197,20,214,1,2,ITC,ITC2,2,Valle d'Aosta / Vallée d'Aoste,Valle d'Aosta,125666,133970,106.61,0.17
4738,2021-03-29,VDA,494,233,261,449,40,5,ITC,ITC2,2,Valle d'Aosta / Vallée d'Aoste,Valle d'Aosta,125666,134464,107.0,0.39
4739,2021-06-20,VDA,1132,545,587,478,644,10,ITC,ITC2,2,Valle d'Aosta / Vallée d'Aoste,Valle d'Aosta,125666,135596,107.9,0.9
4740,2021-03-12,VDA,531,175,356,291,226,14,ITC,ITC2,2,Valle d'Aosta / Vallée d'Aoste,Valle d'Aosta,125666,136127,108.32,0.42
4741,2021-03-10,VDA,438,183,255,220,213,5,ITC,ITC2,2,Valle d'Aosta / Vallée d'Aoste,Valle d'Aosta,125666,136565,108.67,0.35
4742,2021-02-21,VDA,18,3,15,0,18,0,ITC,ITC2,2,Valle d'Aosta / Vallée d'Aoste,Valle d'Aosta,125666,136583,108.69,0.01
4743,2021-06-01,VDA,873,470,403,511,354,8,ITC,ITC2,2,Valle d'Aosta / Vallée d'Aoste,Valle d'Aosta,125666,137456,109.38,0.69
4744,2021-02-23,VDA,217,124,93,216,0,1,ITC,ITC2,2,Valle d'Aosta / Vallée d'Aoste,Valle d'Aosta,125666,137673,109.55,0.17
4745,2021-06-03,VDA,1309,669,640,883,413,13,ITC,ITC2,2,Valle d'Aosta / Vallée d'Aoste,Valle d'Aosta,125666,138982,110.6,1.04
4746,2021-05-17,VDA,809,417,392,366,434,9,ITC,ITC2,2,Valle d'Aosta / Vallée d'Aoste,Valle d'Aosta,125666,139791,111.24,0.64
4747,2021-08-08,VDA,579,297,282,175,394,10,ITC,ITC2,2,Valle d'Aosta / Vallée d'Aoste,Valle d'Aosta,125666,140370,111.7,0.46
4748,2021-05-15,VDA,1067,614,453,368,686,13,ITC,ITC2,2,Valle d'Aosta / Vallée d'Aoste,Valle d'Aosta,125666,141437,112.55,0.85
4749,2021-02-04,VDA,294,86,208,8,286,0,ITC,ITC2,2,Valle d'Aosta / Vallée d'Aoste,Valle d'Aosta,125666,141731,112.78,0.23
4750,2021-04-28,VDA,1220,633,587,683,503,34,ITC,ITC2,2,Valle d'Aosta / Vallée d'Aoste,Valle d'Aosta,125666,142951,113.75,0.97
4751,2021-08-06,VDA,819,399,420,408,397,14,ITC,ITC2,2,Valle d'Aosta / Vallée d'Aoste,Valle d'Aosta,125666,143770,114.41,0.65
4752,2021-08-10,VDA,850,436,414,580,261,9,ITC,ITC2,2,Valle d'Aosta / Vallée d'Aoste,Valle d'Aosta,125666,144620,115.08,0.68
4753,2021-02-06,VDA,289,104,185,91,197,1,ITC,ITC2,2,Valle d'Aosta / Vallée d'Aoste,Valle d'Aosta,125666,144909,115.31,0.23
4754,2021-04-30,VDA,833,357,476,468,347,18,ITC,ITC2,2,Valle d'Aosta / Vallée d'Aoste,Valle d'Aosta,125666,145742,115.98,0.66
4755,2021-01-20,VDA,64,15,49,64,0,0,ITC,ITC2,2,Valle d'Aosta / Vallée d'Aoste,Valle d'Aosta,125666,145806,116.03,0.05
4756,2021-07-22,VDA,975,516,459,276,699,0,ITC,ITC2,2,Valle d'Aosta / Vallée d'Aoste,Valle d'Aosta,125666,146781,116.8,0.78
4757,2021-01-18,VDA,213,74,139,213,0,0,ITC,ITC2,2,Valle d'Aosta / Vallée d'Aoste,Valle d'Aosta,125666,146994,116.97,0.17
4758,2021-04-11,VDA,479,208,271,462,0,17,ITC,ITC2,2,Valle d'Aosta / Vallée d'Aoste,Valle d'Aosta,125666,147473,117.35,0.38
