,data,area,Vaccinazioni giornaliere,sesso_maschile,sesso_femminile,Operatori sanitari - sociosanitari,Personale non sanitario,categoria_altro,Ospiti RSA,categoria_over80,categoria_forze_armate,categoria_personale_scolastico,prima_dose,seconda_dose,codice_NUTS1,codice_NUTS2,codice_regione_ISTAT,nome_area,Regione,popolazione,Totale vaccinazioni,Totale vaccinazioni ogni cento ab,Vaccinazioni giornaliere ogni cento ab
0,2021-02-24,PUG,10000,4685,5315,1916,415,295,117,6336,365,556,9412,588,ITF,ITF4,16,Puglia,Puglia,4029053,10000,0.25,0.25
1,2021-01-29,PUG,6188,2659,3529,5465,341,91,288,0,0,3,436,5752,ITF,ITF4,16,Puglia,Puglia,4029053,16188,0.4,0.15
2,2021-02-12,PUG,4098,1629,2469,2937,440,11,690,5,10,5,3008,1090,ITF,ITF4,16,Puglia,Puglia,4029053,20286,0.5,0.1
3,2021-03-03,PUG,16342,6554,9788,2014,416,400,192,5827,810,6683,14521,1821,ITF,ITF4,16,Puglia,Puglia,4029053,36628,0.91,0.41
4,2021-01-13,PUG,4534,1728,2806,3968,309,25,230,0,0,2,4534,0,ITF,ITF4,16,Puglia,Puglia,4029053,41162,1.02,0.11
5,2021-02-23,PUG,9302,4401,4901,1763,308,179,156,5483,398,1015,8835,467,ITF,ITF4,16,Puglia,Puglia,4029053,50464,1.25,0.23
6,2021-03-07,PUG,4905,1937,2968,930,48,189,2,1617,323,1796,4335,570,ITF,ITF4,16,Puglia,Puglia,4029053,55369,1.37,0.12
7,2021-03-13,PUG,10014,3943,6071,2158,226,197,128,3841,226,3238,8290,1724,ITF,ITF4,16,Puglia,Puglia,4029053,65383,1.62,0.25
8,2021-01-19,PUG,1221,452,769,527,113,4,577,0,0,0,1211,10,ITF,ITF4,16,Puglia,Puglia,4029053,66604,1.65,0.03
9,2021-03-17,PUG,10120,4640,5480,1758,427,181,62,7595,33,64,4067,6053,ITF,ITF4,16,Puglia,Puglia,4029053,76724,1.9,0.25
10,2021-03-02,PUG,16221,6018,10203,1392,370,687,112,4278,1247,8135,14916,1305,ITF,ITF4,16,Puglia,Puglia,4029053,92945,2.31,0.4
11,2021-01-04,PUG,4503,2012,2491,4371,84,36,11,0,0,1,4503,0,ITF,ITF4,16,Puglia,Puglia,4029053,97448,2.42,0.11
12,2021-03-20,PUG,7878,3576,4302,1412,64,233,51,5276,35,807,3329,4549,ITF,ITF4,16,Puglia,Puglia,4029053,105326,2.61,0.2
13,2021-01-27,PUG,4575,1927,2648,3916,221,40,396,0,0,2,610,3965,ITF,ITF4,16,Puglia,Puglia,4029053,109901,2.73,0.11
14,2021-01-28,PUG,5464,2271,3193,4759,314,62,327,0,0,2,474,4990,ITF,ITF4,16,Puglia,Puglia,4029053,115365,2.86,0.14
15,2021-02-03,PUG,5028,1999,3029,4363,469,9,184,0,0,3,729,4299,ITF,ITF4,16,Puglia,Puglia,4029053,120393,2.99,0.12
16,2021-02-26,PUG,13542,4951,8591,2117,620,224,284,5078,602,4617,12522,1020,ITF,ITF4,16,Puglia,Puglia,4029053,133935,3.32,0.34
17,2021-01-23,PUG,3036,1291,1745,2522,174,32,307,0,0,1,885,2151,ITF,ITF4,16,Puglia,Puglia,4029053,136971,3.4,0.08
18,2021-03-18,PUG,8981,4061,4920,1738,293,322,195,6304,39,90,2971,6010,ITF,ITF4,16,Puglia,Puglia,4029053,145952,3.62,0.22
19,2021-02-13,PUG,3719,1451,2268,2880,507,12,291,4,18,7,3027,692,ITF,ITF4,16,Puglia,Puglia,4029053,149671,3.71,0.09
20,2021-01-21,PUG,2129,903,1226,1429,166,8,526,0,0,0,1270,859,ITF,ITF4,16,Puglia,Puglia,4029053,151800,3.77,0.05
21,2021-01-22,PUG,1409,579,830,876,150,7,373,2,0,1,992,417,ITF,ITF4,16,Puglia,Puglia,4029053,153209,3.8,0.03
22,2021-02-10,PUG,3603,1425,2178,2491,247,0,864,0,0,1,2122,1481,ITF,ITF4,16,Puglia,Puglia,4029053,156812,3.89,0.09
23,2021-03-08,PUG,14425,5983,8442,2094,525,613,202,6662,521,3808,12049,2376,ITF,ITF4,16,Puglia,Puglia,4029053,171237,4.25,0.36
24,2021-01-09,PUG,4867,2245,2622,4313,246,57,246,4,0,1,4867,0,ITF,ITF4,16,Puglia,Puglia,4029053,176104,4.37,0.12
25,2021-03-21,PUG,2611,1163,1448,462,15,45,13,1778,14,284,508,2103,ITF,ITF4,16,Puglia,Puglia,4029053,178715,4.44,0.06
26,2021-01-24,PUG,1668,749,919,1286,231,0,150,1,0,0,152,1516,ITF,ITF4,16,Puglia,Puglia,4029053,180383,4.48,0.04
27,2021-01-20,PUG,1550,543,1007,783,125,40,602,0,0,0,1542,8,ITF,ITF4,16,Puglia,Puglia,4029053,181933,4.52,0.04
28,2021-01-02,PUG,2946,1298,1648,2826,64,29,23,0,0,4,2946,0,ITF,ITF4,16,Puglia,Puglia,4029053,184879,4.59,0.07
29,2021-02-21,PUG,2171,472,1699,537,24,61,49,32,12,1456,2110,61,ITF,ITF4,16,Puglia,Puglia,4029053,187050,4.64,0.05
30,2021-01-11,PUG,3749,1587,2162,3212,318,39,175,0,3,2,3749,0,ITF,ITF4,16,Puglia,Puglia,4029053,190799,4.74,0.09
31,2021-01-16,PUG,2510,1033,1477,1685,299,7,518,0,0,1,2510,0,ITF,ITF4,16,Puglia,Puglia,4029053,193309,4.8,0.06
32,2021-02-02,PUG,4331,1838,2493,3622,376,13,317,0,0,3,591,3740,ITF,ITF4,16,Puglia,Puglia,4029053,197640,4.91,0.11
33,2021-02-19,PUG,4724,2009,2715,3039,981,256,390,2,49,7,4334,390,ITF,ITF4,16,Puglia,Puglia,4029053,202364,5.02,0.12
34,2021-01-03,PUG,2006,943,1063,1816,33,11,145,0,0,1,2006,0,ITF,ITF4,16,Puglia,Puglia,4029053,204370,5.07,0.05
35,2021-02-14,PUG,784,348,436,681,32,0,70,0,0,1,662,122,ITF,ITF4,16,Puglia,Puglia,4029053,205154,5.09,0.02
36,2021-02-15,PUG,3252,1267,1985,2249,518,23,452,1,6,3,2632,620,ITF,ITF4,16,Puglia,Puglia,4029053,208406,5.17,0.08
37,2021-03-19,PUG,7754,3578,4176,1748,211,202,69,5202,64,258,3293,4461,ITF,ITF4,16,Puglia,Puglia,4029053,216160,5.37,0.19
38,2021-03-14,PUG,3241,1396,1845,952,62,141,73,973,42,998,2486,755,ITF,ITF4,16,Puglia,Puglia,4029053,219401,5.45,0.08
39,2021-02-16,PUG,3379,1451,1928,2133,727,83,414,4,16,2,2733,646,ITF,ITF4,16,Puglia,Puglia,4029053,222780,5.53,0.08
40,2021-03-05,PUG,16931,6746,10185,2308,542,679,272,5192,1022,6916,14771,2160,ITF,ITF4,16,Puglia,Puglia,4029053,239711,5.95,0.42
41,2021-01-30,PUG,5524,2511,3013,4748,323,25,419,3,0,6,413,5111,ITF,ITF4,16,Puglia,Puglia,4029053,245235,6.09,0.14
42,2021-03-15,PUG,11657,5566,6091,2072,503,306,115,7630,353,678,5173,6484,ITF,ITF4,16,Puglia,Puglia,4029053,256892,6.38,0.29
43,2021-01-15,PUG,4545,1860,2685,3592,337,51,558,0,3,4,4545,0,ITF,ITF4,16,Puglia,Puglia,4029053,261437,6.49,0.11
44,2021-01-31,PUG,1805,825,980,1499,103,1,198,2,0,2,73,1732,ITF,ITF4,16,Puglia,Puglia,4029053,263242,6.53,0.04
45,2020-12-31,PUG,1635,782,853,1549,33,6,44,0,0,3,1635,0,ITF,ITF4,16,Puglia,Puglia,4029053,264877,6.57,0.04
46,2021-01-18,PUG,1844,770,1074,1182,210,6,446,0,0,0,1495,349,ITF,ITF4,16,Puglia,Puglia,4029053,266721,6.62,0.05
47,2021-01-06,PUG,3943,1664,2279,3221,204,145,373,0,0,0,3943,0,ITF,ITF4,16,Puglia,Puglia,4029053,270664,6.72,0.1
48,2021-02-28,PUG,5843,1772,4071,558,119,142,26,1484,194,3320,5657,186,ITF,ITF4,16,Puglia,Puglia,4029053,276507,6.86,0.15
49,2021-01-14,PUG,4062,1585,2477,3165,368,28,499,0,0,2,4062,0,ITF,ITF4,16,Puglia,Puglia,4029053,280569,6.96,0.1
50,2021-03-06,PUG,15577,5800,9777,2113,339,439,70,5161,479,6976,13612,1965,ITF,ITF4,16,Puglia,Puglia,4029053,296146,7.35,0.39
51,2021-01-08,PUG,5573,2337,3236,4844,356,45,325,0,0,3,5573,0,ITF,ITF4,16,Puglia,Puglia,4029053,301719,7.49,0.14
52,2021-03-01,PUG,14928,5814,9114,1959,479,444,83,6090,819,5054,13561,1367,ITF,ITF4,16,Puglia,Puglia,4029053,316647,7.86,0.37
53,2020-12-27,PUG,506,249,257,401,2,40,63,0,0,0,506,0,ITF,ITF4,16,Puglia,Puglia,4029053,317153,7.87,0.01
54,2021-01-12,PUG,4202,1765,2437,3628,339,11,218,1,0,5,4202,0,ITF,ITF4,16,Puglia,Puglia,4029053,321355,7.98,0.1
55,2021-01-01,PUG,146,60,86,145,1,0,0,0,0,0,146,0,ITF,ITF4,16,Puglia,Puglia,4029053,321501,7.98,0.0
56,2021-03-04,PUG,14965,5828,9137,1540,389,508,322,4699,1231,6276,13588,1377,ITF,ITF4,16,Puglia,Puglia,4029053,336466,8.35,0.37
57,2021-01-25,PUG,3820,1677,2143,3470,155,24,168,2,0,1,422,3398,ITF,ITF4,16,Puglia,Puglia,4029053,340286,8.45,0.09
58,2021-02-09,PUG,3835,1568,2267,2533,651,17,621,8,0,5,2163,1672,ITF,ITF4,16,Puglia,Puglia,4029053,344121,8.54,0.1
59,2021-03-12,PUG,13727,6034,7693,3278,907,404,430,4882,887,2939,9803,3924,ITF,ITF4,16,Puglia,Puglia,4029053,357848,8.88,0.34
60,2021-02-20,PUG,2960,1076,1884,2113,194,50,167,8,4,424,2704,256,ITF,ITF4,16,Puglia,Puglia,4029053,360808,8.96,0.07
61,2021-02-17,PUG,4263,1742,2521,2453,1170,40,598,1,0,1,3666,597,ITF,ITF4,16,Puglia,Puglia,4029053,365071,9.06,0.11
62,2021-03-23,PUG,10217,4876,5341,1848,302,600,51,5986,451,979,3820,6397,ITF,ITF4,16,Puglia,Puglia,4029053,375288,9.31,0.25
63,2021-01-07,PUG,5707,2448,3259,5210,246,30,217,0,1,3,5707,0,ITF,ITF4,16,Puglia,Puglia,4029053,380995,9.46,0.14
64,2021-02-01,PUG,3957,1656,2301,3439,279,21,209,0,4,5,375,3582,ITF,ITF4,16,Puglia,Puglia,4029053,384952,9.55,0.1
65,2021-03-24,PUG,11605,5326,6279,1756,420,623,69,7260,176,1301,5330,6275,ITF,ITF4,16,Puglia,Puglia,4029053,396557,9.84,0.29
66,2021-02-18,PUG,4368,1843,2525,2709,912,56,682,5,2,2,3765,603,ITF,ITF4,16,Puglia,Puglia,4029053,400925,9.95,0.11
67,2021-02-08,PUG,3987,1606,2381,2956,568,47,389,1,25,1,1597,2390,ITF,ITF4,16,Puglia,Puglia,4029053,404912,10.05,0.1
68,2021-02-22,PUG,9602,4522,5080,1425,432,302,139,6771,215,318,9272,330,ITF,ITF4,16,Puglia,Puglia,4029053,414514,10.29,0.24
69,2021-02-05,PUG,5622,2269,3353,4562,494,31,526,0,3,6,1325,4297,ITF,ITF4,16,Puglia,Puglia,4029053,420136,10.43,0.14
70,2021-03-22,PUG,8984,4422,4562,583,183,494,11,6560,203,950,3585,5399,ITF,ITF4,16,Puglia,Puglia,4029053,429120,10.65,0.22
71,2021-01-17,PUG,1306,589,717,823,146,1,336,0,0,0,1237,69,ITF,ITF4,16,Puglia,Puglia,4029053,430426,10.68,0.03
72,2021-02-27,PUG,13977,4735,9242,1583,543,251,178,5080,345,5997,12798,1179,ITF,ITF4,16,Puglia,Puglia,4029053,444403,11.03,0.35
73,2021-03-10,PUG,14202,6155,8047,2563,908,336,355,6363,601,3076,11091,3111,ITF,ITF4,16,Puglia,Puglia,4029053,458605,11.38,0.35
74,2021-01-10,PUG,2346,1060,1286,2035,100,9,202,0,0,0,2346,0,ITF,ITF4,16,Puglia,Puglia,4029053,460951,11.44,0.06
75,2020-12-30,PUG,1,0,1,1,0,0,0,0,0,0,1,0,ITF,ITF4,16,Puglia,Puglia,4029053,460952,11.44,0.0
76,2021-02-07,PUG,1503,648,855,1014,218,4,266,0,0,1,252,1251,ITF,ITF4,16,Puglia,Puglia,4029053,462455,11.48,0.04
77,2021-01-05,PUG,5096,2244,2852,4740,153,96,98,5,0,4,5096,0,ITF,ITF4,16,Puglia,Puglia,4029053,467551,11.6,0.13
78,2021-02-06,PUG,4509,1913,2596,3491,483,4,528,0,0,3,1591,2918,ITF,ITF4,16,Puglia,Puglia,4029053,472060,11.72,0.11
79,2021-02-11,PUG,3693,1401,2292,2568,389,11,723,0,0,2,2417,1276,ITF,ITF4,16,Puglia,Puglia,4029053,475753,11.81,0.09
80,2021-03-09,PUG,12779,5610,7169,1768,483,381,197,5409,1007,3534,10786,1993,ITF,ITF4,16,Puglia,Puglia,4029053,488532,12.13,0.32
81,2021-03-11,PUG,14128,6081,8047,2886,746,443,515,5063,797,3678,11036,3092,ITF,ITF4,16,Puglia,Puglia,4029053,502660,12.48,0.35
82,2021-01-26,PUG,5360,2397,2963,4846,241,40,232,1,0,0,574,4786,ITF,ITF4,16,Puglia,Puglia,4029053,508020,12.61,0.13
83,2021-03-25,PUG,2493,1277,1216,281,74,277,3,1626,105,127,907,1586,ITF,ITF4,16,Puglia,Puglia,4029053,510513,12.67,0.06
84,2021-02-04,PUG,5894,2356,3538,4424,623,189,652,0,0,6,1167,4727,ITF,ITF4,16,Puglia,Puglia,4029053,516407,12.82,0.15
85,2021-02-25,PUG,11729,4971,6758,1721,524,349,419,5618,725,2373,10579,1150,ITF,ITF4,16,Puglia,Puglia,4029053,528136,13.11,0.29
86,2021-03-16,PUG,9564,4559,5005,2165,517,308,76,6400,62,36,3235,6329,ITF,ITF4,16,Puglia,Puglia,4029053,537700,13.35,0.24
87,2021-02-17,SAR,1406,576,830,689,292,85,313,0,27,0,1332,74,ITG,ITG2,20,Sardegna,Sardegna,1639591,1406,0.09,0.09
88,2021-03-06,SAR,2535,1046,1489,1086,531,391,405,7,79,36,852,1683,ITG,ITG2,20,Sardegna,Sardegna,1639591,3941,0.24,0.15
89,2021-03-03,SAR,3742,2036,1706,1058,273,443,525,702,740,1,2604,1138,ITG,ITG2,20,Sardegna,Sardegna,1639591,7683,0.47,0.23
90,2021-02-16,SAR,700,289,411,376,135,77,112,0,0,0,673,27,ITG,ITG2,20,Sardegna,Sardegna,1639591,8383,0.51,0.04
91,2021-01-09,SAR,4026,1417,2609,3181,602,243,0,0,0,0,4026,0,ITG,ITG2,20,Sardegna,Sardegna,1639591,12409,0.76,0.25
92,2021-01-29,SAR,2951,1067,1884,2580,226,142,3,0,0,0,48,2903,ITG,ITG2,20,Sardegna,Sardegna,1639591,15360,0.94,0.18
93,2021-01-13,SAR,573,178,395,494,76,3,0,0,0,0,573,0,ITG,ITG2,20,Sardegna,Sardegna,1639591,15933,0.97,0.03
94,2021-03-21,SAR,3856,1722,2134,64,5,398,0,2712,102,575,2416,1440,ITG,ITG2,20,Sardegna,Sardegna,1639591,19789,1.21,0.24
95,2021-02-23,SAR,1519,1010,509,602,191,330,89,6,301,0,1285,234,ITG,ITG2,20,Sardegna,Sardegna,1639591,21308,1.3,0.09
96,2021-01-07,SAR,3111,1077,2034,2720,311,69,0,0,11,0,3111,0,ITG,ITG2,20,Sardegna,Sardegna,1639591,24419,1.49,0.19
97,2020-12-28,SAR,65,25,40,65,0,0,0,0,0,0,65,0,ITG,ITG2,20,Sardegna,Sardegna,1639591,24484,1.49,0.0
98,2021-03-19,SAR,6792,2799,3993,1315,444,1516,222,3096,189,10,4577,2215,ITG,ITG2,20,Sardegna,Sardegna,1639591,31276,1.91,0.41
99,2021-01-16,SAR,1492,525,967,1282,165,44,0,0,0,1,1492,0,ITG,ITG2,20,Sardegna,Sardegna,1639591,32768,2.0,0.09
100,2021-01-17,SAR,860,277,583,747,113,0,0,0,0,0,859,1,ITG,ITG2,20,Sardegna,Sardegna,1639591,33628,2.05,0.05
101,2021-01-22,SAR,83,47,36,45,38,0,0,0,0,0,55,28,ITG,ITG2,20,Sardegna,Sardegna,1639591,33711,2.06,0.01
102,2021-02-26,SAR,2797,1107,1690,1224,509,561,221,203,74,5,2491,306,ITG,ITG2,20,Sardegna,Sardegna,1639591,36508,2.23,0.17
103,2021-03-11,SAR,5897,2668,3229,1010,418,650,416,2811,490,102,4678,1219,ITG,ITG2,20,Sardegna,Sardegna,1639591,42405,2.59,0.36
104,2021-03-20,SAR,4998,1986,3012,695,255,351,127,2610,105,855,2722,2276,ITG,ITG2,20,Sardegna,Sardegna,1639591,47403,2.89,0.3
105,2021-02-24,SAR,2410,1292,1118,1193,311,303,301,3,299,0,2221,189,ITG,ITG2,20,Sardegna,Sardegna,1639591,49813,3.04,0.15
106,2021-03-01,SAR,2160,1054,1106,1135,233,212,141,104,334,1,1501,659,ITG,ITG2,20,Sardegna,Sardegna,1639591,51973,3.17,0.13
107,2021-03-10,SAR,5961,2891,3070,719,384,516,414,2936,657,335,5106,855,ITG,ITG2,20,Sardegna,Sardegna,1639591,57934,3.53,0.36
108,2021-03-18,SAR,6844,2887,3957,1073,240,1271,354,3838,6,62,5241,1603,ITG,ITG2,20,Sardegna,Sardegna,1639591,64778,3.95,0.42
109,2021-02-05,SAR,1897,749,1148,1214,420,95,164,1,3,0,433,1464,ITG,ITG2,20,Sardegna,Sardegna,1639591,66675,4.07,0.12
110,2021-03-22,SAR,3489,1320,2169,838,151,412,109,778,66,1135,2976,513,ITG,ITG2,20,Sardegna,Sardegna,1639591,70164,4.28,0.21
111,2021-02-09,SAR,2286,837,1449,1308,408,71,497,1,0,1,1290,996,ITG,ITG2,20,Sardegna,Sardegna,1639591,72450,4.42,0.14
112,2021-02-21,SAR,1585,710,875,66,25,8,59,1421,6,0,1555,30,ITG,ITG2,20,Sardegna,Sardegna,1639591,74035,4.52,0.1
113,2021-01-10,SAR,2183,750,1433,1632,228,323,0,0,0,0,2183,0,ITG,ITG2,20,Sardegna,Sardegna,1639591,76218,4.65,0.13
114,2021-03-17,SAR,6093,2620,3473,1074,452,950,528,2958,3,128,4484,1609,ITG,ITG2,20,Sardegna,Sardegna,1639591,82311,5.02,0.37
115,2021-03-25,SAR,3059,1354,1705,158,59,717,89,1698,23,315,2416,643,ITG,ITG2,20,Sardegna,Sardegna,1639591,85370,5.21,0.19
116,2021-02-10,SAR,1959,765,1194,1169,245,56,488,0,0,1,1441,518,ITG,ITG2,20,Sardegna,Sardegna,1639591,87329,5.33,0.12
117,2021-03-13,SAR,2725,1061,1664,274,103,291,145,1736,43,133,2444,281,ITG,ITG2,20,Sardegna,Sardegna,1639591,90054,5.49,0.17
118,2021-03-24,SAR,6293,2589,3704,666,136,1366,293,2595,184,1053,5104,1189,ITG,ITG2,20,Sardegna,Sardegna,1639591,96347,5.88,0.38
119,2021-01-31,SAR,2121,750,1371,1544,128,448,0,1,0,0,48,2073,ITG,ITG2,20,Sardegna,Sardegna,1639591,98468,6.01,0.13
120,2021-01-26,SAR,1336,453,883,1296,27,12,0,0,0,1,27,1309,ITG,ITG2,20,Sardegna,Sardegna,1639591,99804,6.09,0.08
121,2021-02-28,SAR,368,169,199,245,69,7,47,0,0,0,142,226,ITG,ITG2,20,Sardegna,Sardegna,1639591,100172,6.11,0.02
122,2021-01-28,SAR,2968,1044,1924,2554,327,76,0,0,11,0,69,2899,ITG,ITG2,20,Sardegna,Sardegna,1639591,103140,6.29,0.18
123,2021-03-09,SAR,5140,2368,2772,1055,367,525,285,2266,332,310,4410,730,ITG,ITG2,20,Sardegna,Sardegna,1639591,108280,6.6,0.31
124,2021-02-20,SAR,2041,855,1186,484,128,31,195,1202,0,1,1707,334,ITG,ITG2,20,Sardegna,Sardegna,1639591,110321,6.73,0.12
125,2021-02-15,SAR,958,349,609,440,226,13,279,0,0,0,927,31,ITG,ITG2,20,Sardegna,Sardegna,1639591,111279,6.79,0.06
126,2021-01-14,SAR,1105,426,679,885,167,53,0,0,0,0,1105,0,ITG,ITG2,20,Sardegna,Sardegna,1639591,112384,6.85,0.07
127,2021-01-23,SAR,60,22,38,60,0,0,0,0,0,0,0,60,ITG,ITG2,20,Sardegna,Sardegna,1639591,112444,6.86,0.0
128,2021-01-12,SAR,865,408,457,504,88,273,0,0,0,0,865,0,ITG,ITG2,20,Sardegna,Sardegna,1639591,113309,6.91,0.05
129,2021-03-05,SAR,4957,2427,2530,1692,774,587,669,566,659,10,2669,2288,ITG,ITG2,20,Sardegna,Sardegna,1639591,118266,7.21,0.3
130,2021-01-11,SAR,1183,505,678,656,139,387,0,1,0,0,1183,0,ITG,ITG2,20,Sardegna,Sardegna,1639591,119449,7.29,0.07
131,2021-03-07,SAR,1590,724,866,307,227,11,32,1011,0,2,1117,473,ITG,ITG2,20,Sardegna,Sardegna,1639591,121039,7.38,0.1
132,2021-03-02,SAR,2760,1423,1337,1045,277,454,278,320,384,2,1709,1051,ITG,ITG2,20,Sardegna,Sardegna,1639591,123799,7.55,0.17
133,2021-02-11,SAR,1314,490,824,588,240,116,369,1,0,0,1203,111,ITG,ITG2,20,Sardegna,Sardegna,1639591,125113,7.63,0.08
134,2021-03-15,SAR,2678,1214,1464,457,171,477,85,322,149,1017,2305,373,ITG,ITG2,20,Sardegna,Sardegna,1639591,127791,7.79,0.16
135,2021-01-02,SAR,60,21,39,60,0,0,0,0,0,0,60,0,ITG,ITG2,20,Sardegna,Sardegna,1639591,127851,7.8,0.0
136,2021-02-18,SAR,1877,732,1145,1073,301,61,298,1,33,110,1813,64,ITG,ITG2,20,Sardegna,Sardegna,1639591,129728,7.91,0.11
137,2021-01-08,SAR,3257,1184,2073,2929,230,98,0,0,0,0,3257,0,ITG,ITG2,20,Sardegna,Sardegna,1639591,132985,8.11,0.2
138,2021-01-25,SAR,588,212,376,553,29,6,0,0,0,0,22,566,ITG,ITG2,20,Sardegna,Sardegna,1639591,133573,8.15,0.04
139,2021-03-08,SAR,3965,1777,2188,732,492,668,624,852,444,153,2776,1189,ITG,ITG2,20,Sardegna,Sardegna,1639591,137538,8.39,0.24
140,2021-01-15,SAR,1563,573,990,1170,338,52,0,0,3,0,1563,0,ITG,ITG2,20,Sardegna,Sardegna,1639591,139101,8.48,0.1
141,2021-02-12,SAR,2237,933,1304,986,660,89,501,1,0,0,2178,59,ITG,ITG2,20,Sardegna,Sardegna,1639591,141338,8.62,0.14
142,2021-03-23,SAR,5657,2390,3267,1059,176,818,234,2140,90,1140,4638,1019,ITG,ITG2,20,Sardegna,Sardegna,1639591,146995,8.97,0.35
143,2021-02-02,SAR,1482,655,827,988,187,307,0,0,0,0,241,1241,ITG,ITG2,20,Sardegna,Sardegna,1639591,148477,9.06,0.09
144,2021-02-27,SAR,1920,647,1273,1059,291,88,306,176,0,0,1365,555,ITG,ITG2,20,Sardegna,Sardegna,1639591,150397,9.17,0.12
145,2021-03-16,SAR,4057,1806,2251,644,173,696,311,2225,0,8,3126,931,ITG,ITG2,20,Sardegna,Sardegna,1639591,154454,9.42,0.25
146,2021-02-14,SAR,539,263,276,286,187,6,57,3,0,0,537,2,ITG,ITG2,20,Sardegna,Sardegna,1639591,154993,9.45,0.03
147,2021-01-05,SAR,1327,446,881,1283,33,11,0,0,0,0,1327,0,ITG,ITG2,20,Sardegna,Sardegna,1639591,156320,9.53,0.08
148,2020-12-27,SAR,65,34,31,65,0,0,0,0,0,0,65,0,ITG,ITG2,20,Sardegna,Sardegna,1639591,156385,9.54,0.0
149,2021-01-20,SAR,210,77,133,154,56,0,0,0,0,0,208,2,ITG,ITG2,20,Sardegna,Sardegna,1639591,156595,9.55,0.01
150,2021-01-27,SAR,1408,494,914,1303,75,30,0,0,0,0,79,1329,ITG,ITG2,20,Sardegna,Sardegna,1639591,158003,9.64,0.09
151,2021-02-19,SAR,1495,470,1025,677,336,101,379,1,1,0,1439,56,ITG,ITG2,20,Sardegna,Sardegna,1639591,159498,9.73,0.09
152,2021-02-25,SAR,2899,1255,1644,1474,348,390,466,161,51,9,2293,606,ITG,ITG2,20,Sardegna,Sardegna,1639591,162397,9.9,0.18
153,2021-01-06,SAR,1615,549,1066,1510,67,38,0,0,0,0,1615,0,ITG,ITG2,20,Sardegna,Sardegna,1639591,164012,10.0,0.1
154,2021-01-21,SAR,126,60,66,60,44,22,0,0,0,0,94,32,ITG,ITG2,20,Sardegna,Sardegna,1639591,164138,10.01,0.01
155,2020-12-29,SAR,57,32,25,56,1,0,0,0,0,0,57,0,ITG,ITG2,20,Sardegna,Sardegna,1639591,164195,10.01,0.0
156,2021-03-12,SAR,5619,2353,3266,1035,481,775,456,2442,271,159,4310,1309,ITG,ITG2,20,Sardegna,Sardegna,1639591,169814,10.36,0.34
157,2021-02-01,SAR,1524,605,919,896,151,400,77,0,0,0,225,1299,ITG,ITG2,20,Sardegna,Sardegna,1639591,171338,10.45,0.09
158,2021-01-04,SAR,591,217,374,565,15,11,0,0,0,0,591,0,ITG,ITG2,20,Sardegna,Sardegna,1639591,171929,10.49,0.04
159,2021-02-03,SAR,1118,418,700,919,169,11,19,0,0,0,426,692,ITG,ITG2,20,Sardegna,Sardegna,1639591,173047,10.55,0.07
160,2021-01-30,SAR,3862,1392,2470,2987,500,374,0,1,0,0,362,3500,ITG,ITG2,20,Sardegna,Sardegna,1639591,176909,10.79,0.24
161,2021-01-03,SAR,90,36,54,89,1,0,0,0,0,0,90,0,ITG,ITG2,20,Sardegna,Sardegna,1639591,176999,10.8,0.01
162,2021-02-22,SAR,1623,944,679,599,239,163,180,2,440,0,1395,228,ITG,ITG2,20,Sardegna,Sardegna,1639591,178622,10.89,0.1
163,2021-03-04,SAR,3885,1892,1993,955,306,555,462,1093,475,39,2737,1148,ITG,ITG2,20,Sardegna,Sardegna,1639591,182507,11.13,0.24
164,2021-02-08,SAR,1470,533,937,998,315,30,126,1,0,0,856,614,ITG,ITG2,20,Sardegna,Sardegna,1639591,183977,11.22,0.09
165,2021-01-01,SAR,30,16,14,30,0,0,0,0,0,0,30,0,ITG,ITG2,20,Sardegna,Sardegna,1639591,184007,11.22,0.0
166,2020-12-31,SAR,32,16,16,28,0,4,0,0,0,0,32,0,ITG,ITG2,20,Sardegna,Sardegna,1639591,184039,11.22,0.0
167,2021-01-19,SAR,747,270,477,423,163,0,160,0,0,1,692,55,ITG,ITG2,20,Sardegna,Sardegna,1639591,184786,11.27,0.05
168,2021-02-07,SAR,1116,394,722,975,136,5,0,0,0,0,228,888,ITG,ITG2,20,Sardegna,Sardegna,1639591,185902,11.34,0.07
169,2021-02-04,SAR,2271,816,1455,1737,307,56,170,1,0,0,916,1355,ITG,ITG2,20,Sardegna,Sardegna,1639591,188173,11.48,0.14
170,2021-03-14,SAR,606,376,230,34,1,235,0,251,73,12,606,0,ITG,ITG2,20,Sardegna,Sardegna,1639591,188779,11.51,0.04
171,2021-01-18,SAR,904,326,578,714,173,17,0,0,0,0,780,124,ITG,ITG2,20,Sardegna,Sardegna,1639591,189683,11.57,0.06
172,2021-02-13,SAR,1454,563,891,732,400,64,253,0,0,5,1452,2,ITG,ITG2,20,Sardegna,Sardegna,1639591,191137,11.66,0.09
173,2021-02-06,SAR,1970,697,1273,1544,237,49,139,0,0,1,569,1401,ITG,ITG2,20,Sardegna,Sardegna,1639591,193107,11.78,0.12
174,2021-01-24,SAR,90,34,56,89,0,1,0,0,0,0,5,85,ITG,ITG2,20,Sardegna,Sardegna,1639591,193197,11.78,0.01
175,2021-03-06,EMR,20344,5815,14529,2672,268,705,40,5859,517,10283,17652,2692,ITH,ITH5,8,Emilia-Romagna,Emilia-Romagna,4459477,20344,0.46,0.46
176,2021-03-16,EMR,11993,4892,7101,409,67,629,97,10663,6,122,4765,7228,ITH,ITH5,8,Emilia-Romagna,Emilia-Romagna,4459477,32337,0.73,0.27
177,2021-01-22,EMR,1827,477,1350,941,25,139,722,0,0,0,1088,739,ITH,ITH5,8,Emilia-Romagna,Emilia-Romagna,4459477,34164,0.77,0.04
178,2021-03-05,EMR,17507,5693,11814,3064,620,857,254,6249,530,5933,14112,3395,ITH,ITH5,8,Emilia-Romagna,Emilia-Romagna,4459477,51671,1.16,0.39
179,2021-01-30,EMR,10037,3508,6529,7562,715,991,769,0,0,0,143,9894,ITH,ITH5,8,Emilia-Romagna,Emilia-Romagna,4459477,61708,1.38,0.23
180,2021-01-11,EMR,9323,3266,6057,6574,641,841,1267,0,0,0,9323,0,ITH,ITH5,8,Emilia-Romagna,Emilia-Romagna,4459477,71031,1.59,0.21
181,2021-01-25,EMR,6413,2128,4285,5231,124,380,678,0,0,0,221,6192,ITH,ITH5,8,Emilia-Romagna,Emilia-Romagna,4459477,77444,1.74,0.14
182,2021-03-15,EMR,12625,5658,6967,792,179,1109,168,9074,777,526,6206,6419,ITH,ITH5,8,Emilia-Romagna,Emilia-Romagna,4459477,90069,2.02,0.28
183,2021-01-10,EMR,7125,2663,4462,5642,652,325,499,6,0,1,7125,0,ITH,ITH5,8,Emilia-Romagna,Emilia-Romagna,4459477,97194,2.18,0.16
184,2021-01-12,EMR,9313,3084,6229,6349,593,740,1631,0,0,0,9313,0,ITH,ITH5,8,Emilia-Romagna,Emilia-Romagna,4459477,106507,2.39,0.21
185,2021-03-10,EMR,18166,7323,10843,1313,218,1019,128,9895,1113,4480,12543,5623,ITH,ITH5,8,Emilia-Romagna,Emilia-Romagna,4459477,124673,2.8,0.41
186,2021-02-08,EMR,5185,1519,3666,2827,378,315,1478,186,0,1,2290,2895,ITH,ITH5,8,Emilia-Romagna,Emilia-Romagna,4459477,129858,2.91,0.12
187,2021-01-21,EMR,2151,725,1426,1282,97,119,653,0,0,0,809,1342,ITH,ITH5,8,Emilia-Romagna,Emilia-Romagna,4459477,132009,2.96,0.05
188,2021-01-23,EMR,2443,868,1575,1899,4,110,430,0,0,0,441,2002,ITH,ITH5,8,Emilia-Romagna,Emilia-Romagna,4459477,134452,3.01,0.05
189,2021-03-07,EMR,6528,2433,4095,1452,320,417,22,2555,513,1249,5013,1515,ITH,ITH5,8,Emilia-Romagna,Emilia-Romagna,4459477,140980,3.16,0.15
190,2021-01-06,EMR,8262,2941,5321,6850,169,592,650,0,1,0,8262,0,ITH,ITH5,8,Emilia-Romagna,Emilia-Romagna,4459477,149242,3.35,0.19
191,2021-01-31,EMR,7692,2758,4934,6172,806,453,261,0,0,0,242,7450,ITH,ITH5,8,Emilia-Romagna,Emilia-Romagna,4459477,156934,3.52,0.17
192,2021-03-14,EMR,8465,3620,4845,699,172,770,69,5494,359,902,4689,3776,ITH,ITH5,8,Emilia-Romagna,Emilia-Romagna,4459477,165399,3.71,0.19
193,2021-02-25,EMR,9156,3474,5682,793,132,384,140,7622,0,85,8204,952,ITH,ITH5,8,Emilia-Romagna,Emilia-Romagna,4459477,174555,3.91,0.21
194,2021-03-17,EMR,13441,5577,7864,351,116,1234,49,11672,0,19,5710,7731,ITH,ITH5,8,Emilia-Romagna,Emilia-Romagna,4459477,187996,4.22,0.3
195,2021-02-02,EMR,9431,3030,6401,6230,729,761,1630,80,0,1,497,8934,ITH,ITH5,8,Emilia-Romagna,Emilia-Romagna,4459477,197427,4.43,0.21
196,2021-03-08,EMR,11444,4506,6938,2297,390,641,295,4272,1212,2337,8821,2623,ITH,ITH5,8,Emilia-Romagna,Emilia-Romagna,4459477,208871,4.68,0.26
197,2021-01-15,EMR,7699,2393,5306,5297,438,646,1317,0,0,1,7699,0,ITH,ITH5,8,Emilia-Romagna,Emilia-Romagna,4459477,216570,4.86,0.17
198,2021-01-17,EMR,2889,887,2002,1913,278,147,547,0,0,4,2643,246,ITH,ITH5,8,Emilia-Romagna,Emilia-Romagna,4459477,219459,4.92,0.06
199,2020-12-31,EMR,2204,776,1428,1675,31,171,327,0,0,0,2204,0,ITH,ITH5,8,Emilia-Romagna,Emilia-Romagna,4459477,221663,4.97,0.05
200,2021-03-19,EMR,13260,5574,7686,1019,265,1983,92,9504,78,319,6114,7146,ITH,ITH5,8,Emilia-Romagna,Emilia-Romagna,4459477,234923,5.27,0.3
201,2021-02-22,EMR,7462,3080,4382,386,84,134,129,6729,0,0,7199,263,ITH,ITH5,8,Emilia-Romagna,Emilia-Romagna,4459477,242385,5.44,0.17
202,2021-03-02,EMR,11599,3809,7790,1922,329,456,222,5271,355,3044,9627,1972,ITH,ITH5,8,Emilia-Romagna,Emilia-Romagna,4459477,253984,5.7,0.26
203,2021-03-13,EMR,15662,6078,9584,1245,157,1124,73,8217,886,3960,10376,5286,ITH,ITH5,8,Emilia-Romagna,Emilia-Romagna,4459477,269646,6.05,0.35
204,2021-01-14,EMR,8086,2573,5513,5390,497,592,1606,0,1,0,8086,0,ITH,ITH5,8,Emilia-Romagna,Emilia-Romagna,4459477,277732,6.23,0.18
205,2021-01-26,EMR,8324,3000,5324,6599,228,465,1032,0,0,0,216,8108,ITH,ITH5,8,Emilia-Romagna,Emilia-Romagna,4459477,286056,6.41,0.19
206,2021-02-04,EMR,9902,3191,6711,6426,824,860,1674,118,0,0,1237,8665,ITH,ITH5,8,Emilia-Romagna,Emilia-Romagna,4459477,295958,6.64,0.22
207,2021-01-29,EMR,10326,3477,6849,8081,388,840,1017,0,0,0,289,10037,ITH,ITH5,8,Emilia-Romagna,Emilia-Romagna,4459477,306284,6.87,0.23
208,2021-02-12,EMR,5309,1676,3633,3391,458,451,704,305,0,0,3908,1401,ITH,ITH5,8,Emilia-Romagna,Emilia-Romagna,4459477,311593,6.99,0.12
209,2021-03-01,EMR,9988,3544,6444,1820,265,331,433,5587,309,1243,7747,2241,ITH,ITH5,8,Emilia-Romagna,Emilia-Romagna,4459477,321581,7.21,0.22
210,2021-03-20,EMR,15205,6277,8928,697,254,4102,93,9155,73,831,8375,6830,ITH,ITH5,8,Emilia-Romagna,Emilia-Romagna,4459477,336786,7.55,0.34
211,2021-02-07,EMR,4786,1534,3252,3685,384,260,444,10,0,3,1727,3059,ITH,ITH5,8,Emilia-Romagna,Emilia-Romagna,4459477,341572,7.66,0.11
212,2021-02-01,EMR,10288,3595,6693,7445,787,797,1259,0,0,0,365,9923,ITH,ITH5,8,Emilia-Romagna,Emilia-Romagna,4459477,351860,7.89,0.23
213,2021-03-23,EMR,17735,7521,10214,1101,283,5937,120,8914,56,1324,11338,6397,ITH,ITH5,8,Emilia-Romagna,Emilia-Romagna,4459477,369595,8.29,0.4
214,2021-01-24,EMR,2442,884,1558,2079,51,63,249,0,0,0,299,2143,ITH,ITH5,8,Emilia-Romagna,Emilia-Romagna,4459477,372037,8.34,0.05
215,2021-03-04,EMR,16283,5302,10981,2594,482,696,239,6349,511,5412,13296,2987,ITH,ITH5,8,Emilia-Romagna,Emilia-Romagna,4459477,388320,8.71,0.37
216,2021-03-22,EMR,16659,7150,9509,1119,316,4994,120,9448,65,597,9834,6825,ITH,ITH5,8,Emilia-Romagna,Emilia-Romagna,4459477,404979,9.08,0.37
217,2021-03-24,EMR,19431,8514,10917,1189,268,6180,64,10054,88,1588,12436,6995,ITH,ITH5,8,Emilia-Romagna,Emilia-Romagna,4459477,424410,9.52,0.44
218,2021-02-26,EMR,7624,2888,4736,1008,293,331,217,5463,0,312,6587,1037,ITH,ITH5,8,Emilia-Romagna,Emilia-Romagna,4459477,432034,9.69,0.17
219,2021-03-21,EMR,11384,4926,6458,565,291,3701,106,6079,58,584,6786,4598,ITH,ITH5,8,Emilia-Romagna,Emilia-Romagna,4459477,443418,9.94,0.26
220,2021-01-13,EMR,9062,2938,6124,6005,435,877,1744,0,0,1,9062,0,ITH,ITH5,8,Emilia-Romagna,Emilia-Romagna,4459477,452480,10.15,0.2
221,2021-02-06,EMR,7526,2379,5147,5358,480,466,1172,50,0,0,2120,5406,ITH,ITH5,8,Emilia-Romagna,Emilia-Romagna,4459477,460006,10.32,0.17
222,2021-02-13,EMR,3603,1077,2526,2779,238,255,145,186,0,0,3005,598,ITH,ITH5,8,Emilia-Romagna,Emilia-Romagna,4459477,463609,10.4,0.08
223,2021-02-17,EMR,6533,2761,3772,803,205,1073,404,4048,0,0,5760,773,ITH,ITH5,8,Emilia-Romagna,Emilia-Romagna,4459477,470142,10.54,0.15
224,2021-02-16,EMR,5728,2427,3301,743,241,667,437,3640,0,0,5198,530,ITH,ITH5,8,Emilia-Romagna,Emilia-Romagna,4459477,475870,10.67,0.13
225,2021-02-18,EMR,7043,2892,4151,891,135,396,236,5385,0,0,6461,582,ITH,ITH5,8,Emilia-Romagna,Emilia-Romagna,4459477,482913,10.83,0.16
226,2021-02-05,EMR,9293,2959,6334,6211,628,659,1607,187,0,1,1625,7668,ITH,ITH5,8,Emilia-Romagna,Emilia-Romagna,4459477,492206,11.04,0.21
227,2021-01-19,EMR,2039,502,1537,745,84,51,1159,0,0,0,2022,17,ITH,ITH5,8,Emilia-Romagna,Emilia-Romagna,4459477,494245,11.08,0.05
228,2021-01-18,EMR,3125,879,2246,1681,102,214,1128,0,0,0,2448,677,ITH,ITH5,8,Emilia-Romagna,Emilia-Romagna,4459477,497370,11.15,0.07
229,2021-02-27,EMR,10942,3988,6954,1719,178,321,114,7671,0,939,9211,1731,ITH,ITH5,8,Emilia-Romagna,Emilia-Romagna,4459477,508312,11.4,0.25
230,2021-02-19,EMR,7293,3002,4291,818,187,181,257,5850,0,0,6790,503,ITH,ITH5,8,Emilia-Romagna,Emilia-Romagna,4459477,515605,11.56,0.16
231,2021-01-04,EMR,7258,2510,4748,6165,123,393,577,0,0,0,7258,0,ITH,ITH5,8,Emilia-Romagna,Emilia-Romagna,4459477,522863,11.72,0.16
232,2021-03-12,EMR,17557,7177,10380,1577,360,1438,285,9780,1094,3023,10876,6681,ITH,ITH5,8,Emilia-Romagna,Emilia-Romagna,4459477,540420,12.12,0.39
233,2021-02-09,EMR,4150,1246,2904,2217,226,241,1198,268,0,0,2305,1845,ITH,ITH5,8,Emilia-Romagna,Emilia-Romagna,4459477,544570,12.21,0.09
234,2021-02-03,EMR,9269,2972,6297,6227,701,639,1617,85,0,0,953,8316,ITH,ITH5,8,Emilia-Romagna,Emilia-Romagna,4459477,553839,12.42,0.21
235,2021-01-03,EMR,2729,934,1795,2479,12,68,170,0,0,0,2729,0,ITH,ITH5,8,Emilia-Romagna,Emilia-Romagna,4459477,556568,12.48,0.06
236,2021-01-16,EMR,5592,1717,3875,3687,347,446,1108,0,3,1,5592,0,ITH,ITH5,8,Emilia-Romagna,Emilia-Romagna,4459477,562160,12.61,0.13
237,2021-01-07,EMR,10208,3381,6827,8181,287,672,1068,0,0,0,10208,0,ITH,ITH5,8,Emilia-Romagna,Emilia-Romagna,4459477,572368,12.83,0.23
238,2021-02-23,EMR,8190,3212,4978,407,79,238,112,7353,0,1,7805,385,ITH,ITH5,8,Emilia-Romagna,Emilia-Romagna,4459477,580558,13.02,0.18
239,2021-03-18,EMR,13294,5621,7673,448,119,1995,19,10664,1,48,5511,7783,ITH,ITH5,8,Emilia-Romagna,Emilia-Romagna,4459477,593852,13.32,0.3
240,2021-02-14,EMR,1398,377,1021,858,337,145,39,19,0,0,1278,120,ITH,ITH5,8,Emilia-Romagna,Emilia-Romagna,4459477,595250,13.35,0.03
241,2021-02-21,EMR,4406,1693,2713,394,82,187,190,3553,0,0,3969,437,ITH,ITH5,8,Emilia-Romagna,Emilia-Romagna,4459477,599656,13.45,0.1
242,2021-02-28,EMR,6813,2524,4289,1769,226,235,53,4222,4,304,4970,1843,ITH,ITH5,8,Emilia-Romagna,Emilia-Romagna,4459477,606469,13.6,0.15
243,2021-01-02,EMR,2347,903,1444,2071,1,78,197,0,0,0,2347,0,ITH,ITH5,8,Emilia-Romagna,Emilia-Romagna,4459477,608816,13.65,0.05
244,2021-01-20,EMR,1321,269,1052,391,111,32,787,0,0,0,1320,1,ITH,ITH5,8,Emilia-Romagna,Emilia-Romagna,4459477,610137,13.68,0.03
245,2021-01-28,EMR,10220,3333,6887,8068,288,742,1122,0,0,0,348,9872,ITH,ITH5,8,Emilia-Romagna,Emilia-Romagna,4459477,620357,13.91,0.23
246,2021-03-03,EMR,15661,5184,10477,2527,345,702,160,6798,340,4789,13219,2442,ITH,ITH5,8,Emilia-Romagna,Emilia-Romagna,4459477,636018,14.26,0.35
247,2021-03-25,EMR,5002,2139,2863,272,58,1560,47,2746,19,300,2972,2030,ITH,ITH5,8,Emilia-Romagna,Emilia-Romagna,4459477,641020,14.37,0.11
248,2021-02-20,EMR,5309,2100,3209,406,92,147,155,4509,0,0,5045,264,ITH,ITH5,8,Emilia-Romagna,Emilia-Romagna,4459477,646329,14.49,0.12
249,2021-02-15,EMR,2890,845,2045,1981,322,141,157,289,0,0,2764,126,ITH,ITH5,8,Emilia-Romagna,Emilia-Romagna,4459477,649219,14.56,0.06
250,2021-02-10,EMR,3935,1353,2582,2330,215,359,775,256,0,0,2735,1200,ITH,ITH5,8,Emilia-Romagna,Emilia-Romagna,4459477,653154,14.65,0.09
251,2020-12-27,EMR,968,372,596,824,1,117,26,0,0,0,968,0,ITH,ITH5,8,Emilia-Romagna,Emilia-Romagna,4459477,654122,14.67,0.02
252,2021-01-05,EMR,9324,3163,6161,7924,280,355,765,0,0,0,9324,0,ITH,ITH5,8,Emilia-Romagna,Emilia-Romagna,4459477,663446,14.88,0.21
253,2021-01-09,EMR,9874,3425,6449,7824,555,614,881,0,0,0,9874,0,ITH,ITH5,8,Emilia-Romagna,Emilia-Romagna,4459477,673320,15.1,0.22
254,2021-01-08,EMR,10808,3555,7253,8454,423,851,1080,0,0,0,10808,0,ITH,ITH5,8,Emilia-Romagna,Emilia-Romagna,4459477,684128,15.34,0.24
255,2021-02-24,EMR,9272,3542,5730,639,87,495,220,7768,0,63,8413,859,ITH,ITH5,8,Emilia-Romagna,Emilia-Romagna,4459477,693400,15.55,0.21
256,2021-01-27,EMR,8316,2934,5382,6886,224,551,654,0,1,0,463,7853,ITH,ITH5,8,Emilia-Romagna,Emilia-Romagna,4459477,701716,15.74,0.19
257,2021-03-09,EMR,14336,5764,8572,1023,240,698,180,7563,1072,3560,10402,3934,ITH,ITH5,8,Emilia-Romagna,Emilia-Romagna,4459477,716052,16.06,0.32
258,2021-03-11,EMR,16922,6937,9985,1131,294,1426,274,8799,1216,3782,11100,5822,ITH,ITH5,8,Emilia-Romagna,Emilia-Romagna,4459477,732974,16.44,0.38
259,2021-02-11,EMR,4244,1414,2830,2528,350,300,719,345,0,2,3406,838,ITH,ITH5,8,Emilia-Romagna,Emilia-Romagna,4459477,737218,16.53,0.1
260,2021-01-29,CAM,10052,4812,5240,6405,1052,2336,259,0,0,0,47,10005,ITF,ITF3,15,Campania,Campania,5801692,10052,0.17,0.17
261,2021-01-18,CAM,957,399,558,576,93,101,187,0,0,0,713,244,ITF,ITF3,15,Campania,Campania,5801692,11009,0.19,0.02
262,2021-03-13,CAM,14257,6793,7464,404,82,1879,193,6614,1397,3688,8972,5285,ITF,ITF3,15,Campania,Campania,5801692,25266,0.44,0.25
263,2021-02-22,CAM,10613,3282,7331,522,46,474,139,3891,0,5541,10351,262,ITF,ITF3,15,Campania,Campania,5801692,35879,0.62,0.18
264,2021-01-06,CAM,7652,3749,3903,5781,838,733,300,0,0,0,7652,0,ITF,ITF3,15,Campania,Campania,5801692,43531,0.75,0.13
265,2021-03-16,CAM,8091,3522,4569,290,53,680,60,6869,23,116,3777,4314,ITF,ITF3,15,Campania,Campania,5801692,51622,0.89,0.14
266,2020-12-27,CAM,720,422,298,703,14,3,0,0,0,0,720,0,ITF,ITF3,15,Campania,Campania,5801692,52342,0.9,0.01
267,2021-03-12,CAM,14235,7084,7151,1022,151,2028,82,6591,1569,2792,8154,6081,ITF,ITF3,15,Campania,Campania,5801692,66577,1.15,0.25
268,2021-01-16,CAM,3369,1675,1694,1355,230,1411,373,0,0,0,3369,0,ITF,ITF3,15,Campania,Campania,5801692,69946,1.21,0.06
269,2021-02-08,CAM,5113,2449,2664,1388,320,1801,226,1378,0,0,4311,802,ITF,ITF3,15,Campania,Campania,5801692,75059,1.29,0.09
270,2021-01-14,CAM,7072,2976,4096,3706,1264,1752,350,0,0,0,7072,0,ITF,ITF3,15,Campania,Campania,5801692,82131,1.42,0.12
271,2021-02-25,CAM,12422,4479,7943,803,119,907,124,5664,0,4805,11234,1188,ITF,ITF3,15,Campania,Campania,5801692,94553,1.63,0.21
272,2021-01-11,CAM,4072,1871,2201,2386,681,753,252,0,0,0,4072,0,ITF,ITF3,15,Campania,Campania,5801692,98625,1.7,0.07
273,2021-01-28,CAM,8832,4122,4710,6216,1093,1176,347,0,0,0,135,8697,ITF,ITF3,15,Campania,Campania,5801692,107457,1.85,0.15
274,2021-01-19,CAM,1095,474,621,534,129,261,171,0,0,0,1092,3,ITF,ITF3,15,Campania,Campania,5801692,108552,1.87,0.02
275,2021-02-16,CAM,5437,2410,3027,983,272,836,169,3176,0,1,4666,771,ITF,ITF3,15,Campania,Campania,5801692,113989,1.96,0.09
276,2021-01-25,CAM,5744,2926,2818,4743,644,301,56,0,0,0,164,5580,ITF,ITF3,15,Campania,Campania,5801692,119733,2.06,0.1
277,2021-02-27,CAM,13941,4470,9471,825,285,1280,82,3161,0,8308,12299,1642,ITF,ITF3,15,Campania,Campania,5801692,133674,2.3,0.24
278,2021-02-18,CAM,9078,3811,5267,1752,228,1033,88,5540,0,437,8370,708,ITF,ITF3,15,Campania,Campania,5801692,142752,2.46,0.16
279,2021-02-17,CAM,7388,3210,4178,1013,197,870,38,4908,0,362,6328,1060,ITF,ITF3,15,Campania,Campania,5801692,150140,2.59,0.13
280,2021-01-09,CAM,10566,5024,5542,6759,1256,2282,269,0,0,0,10566,0,ITF,ITF3,15,Campania,Campania,5801692,160706,2.77,0.18
281,2021-03-20,CAM,13907,6432,7475,296,35,3813,35,6528,324,2876,10167,3740,ITF,ITF3,15,Campania,Campania,5801692,174613,3.01,0.24
282,2021-02-15,CAM,5469,2515,2954,987,220,771,94,3395,1,1,5296,173,ITF,ITF3,15,Campania,Campania,5801692,180082,3.1,0.09
283,2021-02-07,CAM,2936,1386,1550,712,189,1519,226,290,0,0,2158,778,ITF,ITF3,15,Campania,Campania,5801692,183018,3.15,0.05
284,2021-02-09,CAM,4643,2202,2441,1148,178,1973,6,1338,0,0,4391,252,ITF,ITF3,15,Campania,Campania,5801692,187661,3.23,0.08
285,2020-12-31,CAM,1490,811,679,1273,150,66,1,0,0,0,1490,0,ITF,ITF3,15,Campania,Campania,5801692,189151,3.26,0.03
286,2021-01-12,CAM,5214,2563,2651,3439,722,713,340,0,0,0,5214,0,ITF,ITF3,15,Campania,Campania,5801692,194365,3.35,0.09
287,2021-02-19,CAM,9556,3557,5999,1663,141,943,161,4455,0,2193,8906,650,ITF,ITF3,15,Campania,Campania,5801692,203921,3.51,0.16
288,2021-03-11,CAM,17529,8640,8889,1049,254,3010,105,8933,1384,2794,10251,7278,ITF,ITF3,15,Campania,Campania,5801692,221450,3.82,0.3
289,2021-02-02,CAM,5722,2804,2918,3640,828,900,354,0,0,0,443,5279,ITF,ITF3,15,Campania,Campania,5801692,227172,3.92,0.1
290,2021-01-04,CAM,5826,2963,2863,4850,679,297,0,0,0,0,5826,0,ITF,ITF3,15,Campania,Campania,5801692,232998,4.02,0.1
291,2021-01-08,CAM,10455,4969,5486,6714,1147,2382,212,0,0,0,10455,0,ITF,ITF3,15,Campania,Campania,5801692,243453,4.2,0.18
292,2021-03-19,CAM,11015,4865,6150,391,67,1214,21,8425,44,853,7149,3866,ITF,ITF3,15,Campania,Campania,5801692,254468,4.39,0.19
293,2021-02-24,CAM,11768,4143,7625,845,192,436,145,5961,0,4189,11080,688,ITF,ITF3,15,Campania,Campania,5801692,266236,4.59,0.2
294,2021-02-28,CAM,10400,3204,7196,495,113,2047,22,2227,0,5496,8501,1899,ITF,ITF3,15,Campania,Campania,5801692,276636,4.77,0.18
295,2021-01-01,CAM,919,506,413,831,85,3,0,0,0,0,919,0,ITF,ITF3,15,Campania,Campania,5801692,277555,4.78,0.02
296,2021-02-11,CAM,6279,2705,3574,1862,279,1646,129,2363,0,0,6213,66,ITF,ITF3,15,Campania,Campania,5801692,283834,4.89,0.11
297,2021-02-06,CAM,5341,2665,2676,1990,520,2357,459,15,0,0,2103,3238,ITF,ITF3,15,Campania,Campania,5801692,289175,4.98,0.09
298,2021-01-10,CAM,8165,3736,4429,5179,1010,1879,97,0,0,0,8165,0,ITF,ITF3,15,Campania,Campania,5801692,297340,5.13,0.14
299,2021-02-20,CAM,8565,3079,5486,1023,60,789,145,4582,0,1966,8262,303,ITF,ITF3,15,Campania,Campania,5801692,305905,5.27,0.15
300,2021-02-10,CAM,6904,3413,3491,1945,284,2419,98,2158,0,0,6728,176,ITF,ITF3,15,Campania,Campania,5801692,312809,5.39,0.12
301,2021-03-14,CAM,8542,3734,4808,328,97,666,36,4546,850,2019,4404,4138,ITF,ITF3,15,Campania,Campania,5801692,321351,5.54,0.15
302,2021-02-05,CAM,7261,3463,3798,3447,995,2502,308,9,0,0,2133,5128,ITF,ITF3,15,Campania,Campania,5801692,328612,5.66,0.13
303,2021-01-05,CAM,7237,3638,3599,5810,923,398,106,0,0,0,7237,0,ITF,ITF3,15,Campania,Campania,5801692,335849,5.79,0.12
304,2021-01-30,CAM,10721,5079,5642,6930,1278,2286,227,0,0,0,39,10682,ITF,ITF3,15,Campania,Campania,5801692,346570,5.97,0.18
305,2021-01-21,CAM,2093,1116,977,1379,153,486,75,0,0,0,677,1416,ITF,ITF3,15,Campania,Campania,5801692,348663,6.01,0.04
306,2021-02-14,CAM,3933,1926,2007,633,84,736,17,2463,0,0,3890,43,ITF,ITF3,15,Campania,Campania,5801692,352596,6.08,0.07
307,2021-03-02,CAM,12746,4550,8196,1294,193,1978,148,3232,2,5899,8402,4344,ITF,ITF3,15,Campania,Campania,5801692,365342,6.3,0.22
308,2021-03-22,CAM,12767,5928,6839,309,755,5173,71,3500,471,2488,10729,2038,ITF,ITF3,15,Campania,Campania,5801692,378109,6.52,0.22
309,2021-01-23,CAM,3839,2029,1810,3161,344,265,69,0,0,0,273,3566,ITF,ITF3,15,Campania,Campania,5801692,381948,6.58,0.07
310,2021-03-17,CAM,11574,5092,6482,491,123,746,49,10003,33,129,4997,6577,ITF,ITF3,15,Campania,Campania,5801692,393522,6.78,0.2
311,2021-03-18,CAM,12157,5377,6780,460,76,1097,34,9955,76,459,5970,6187,ITF,ITF3,15,Campania,Campania,5801692,405679,6.99,0.21
312,2021-03-05,CAM,16472,6347,10125,1681,224,2364,64,6348,4,5787,9814,6658,ITF,ITF3,15,Campania,Campania,5801692,422151,7.28,0.28
313,2021-02-26,CAM,13329,4230,9099,950,125,798,224,3403,1,7828,11994,1335,ITF,ITF3,15,Campania,Campania,5801692,435480,7.51,0.23
314,2021-01-07,CAM,8910,4166,4744,6313,1087,1178,332,0,0,0,8910,0,ITF,ITF3,15,Campania,Campania,5801692,444390,7.66,0.15
315,2021-01-26,CAM,7297,3701,3596,5742,846,487,222,0,0,0,352,6945,ITF,ITF3,15,Campania,Campania,5801692,451687,7.79,0.13
316,2021-03-06,CAM,16296,6747,9549,993,132,1359,172,7127,1027,5486,10630,5666,ITF,ITF3,15,Campania,Campania,5801692,467983,8.07,0.28
317,2021-03-21,CAM,9948,4571,5377,167,27,4966,17,2914,188,1669,7579,2369,ITF,ITF3,15,Campania,Campania,5801692,477931,8.24,0.17
318,2021-03-10,CAM,15236,7371,7865,704,240,2312,26,8430,1058,2466,8408,6828,ITF,ITF3,15,Campania,Campania,5801692,493167,8.5,0.26
319,2021-03-08,CAM,14502,6703,7799,886,245,2179,36,4863,1334,4959,9727,4775,ITF,ITF3,15,Campania,Campania,5801692,507669,8.75,0.25
320,2021-02-23,CAM,10988,3383,7605,520,85,402,288,3755,0,5938,10462,526,ITF,ITF3,15,Campania,Campania,5801692,518657,8.94,0.19
321,2021-03-03,CAM,13921,5495,8426,2088,234,2460,158,4746,3,4232,7292,6629,ITF,ITF3,15,Campania,Campania,5801692,532578,9.18,0.24
322,2021-03-01,CAM,12119,4243,7876,1153,306,1665,145,3065,0,5785,8008,4111,ITF,ITF3,15,Campania,Campania,5801692,544697,9.39,0.21
323,2021-02-04,CAM,7943,3429,4514,3965,1245,2440,292,1,0,0,1308,6635,ITF,ITF3,15,Campania,Campania,5801692,552640,9.53,0.14
324,2021-01-02,CAM,3674,1963,1711,3167,341,166,0,0,0,0,3674,0,ITF,ITF3,15,Campania,Campania,5801692,556314,9.59,0.06
325,2021-01-20,CAM,1257,650,607,395,146,615,101,0,0,0,1257,0,ITF,ITF3,15,Campania,Campania,5801692,557571,9.61,0.02
326,2021-03-09,CAM,13861,6629,7232,797,266,2762,217,4494,1148,4177,10080,3781,ITF,ITF3,15,Campania,Campania,5801692,571432,9.85,0.24
327,2021-01-27,CAM,7737,3820,3917,5838,875,754,270,0,0,0,162,7575,ITF,ITF3,15,Campania,Campania,5801692,579169,9.98,0.13
328,2021-02-12,CAM,6555,2876,3679,1905,263,1111,214,3058,0,4,6343,212,ITF,ITF3,15,Campania,Campania,5801692,585724,10.1,0.11
329,2021-01-22,CAM,1523,775,748,970,120,224,209,0,0,0,673,850,ITF,ITF3,15,Campania,Campania,5801692,587247,10.12,0.03
330,2021-03-04,CAM,14645,5345,9300,1900,289,1922,136,5563,1,4834,8752,5893,ITF,ITF3,15,Campania,Campania,5801692,601892,10.37,0.25
331,2021-03-24,CAM,17598,8073,9525,409,71,7676,63,6706,231,2442,14645,2953,ITF,ITF3,15,Campania,Campania,5801692,619490,10.68,0.3
332,2021-01-24,CAM,4128,2123,2005,3140,410,412,166,0,0,0,383,3745,ITF,ITF3,15,Campania,Campania,5801692,623618,10.75,0.07
333,2021-03-25,CAM,6400,2987,3413,77,10,2649,3,3095,17,549,4566,1834,ITF,ITF3,15,Campania,Campania,5801692,630018,10.86,0.11
334,2021-03-23,CAM,15326,7051,8275,359,487,6018,180,4730,261,3291,12822,2504,ITF,ITF3,15,Campania,Campania,5801692,645344,11.12,0.26
335,2021-01-31,CAM,8067,3711,4356,5107,1012,1881,67,0,0,0,23,8044,ITF,ITF3,15,Campania,Campania,5801692,653411,11.26,0.14
336,2021-02-01,CAM,3985,1813,2172,2504,656,673,152,0,0,0,110,3875,ITF,ITF3,15,Campania,Campania,5801692,657396,11.33,0.07
337,2021-01-13,CAM,8019,3665,4354,4350,1031,2051,587,0,0,0,8019,0,ITF,ITF3,15,Campania,Campania,5801692,665415,11.47,0.14
338,2021-01-03,CAM,3837,2009,1828,3191,401,245,0,0,0,0,3837,0,ITF,ITF3,15,Campania,Campania,5801692,669252,11.54,0.07
339,2021-02-13,CAM,5508,2549,2959,960,99,701,131,3615,0,2,5291,217,ITF,ITF3,15,Campania,Campania,5801692,674760,11.63,0.09
340,2021-02-21,CAM,5834,2239,3595,780,44,609,22,3871,0,508,5609,225,ITF,ITF3,15,Campania,Campania,5801692,680594,11.73,0.1
341,2021-01-17,CAM,1155,551,604,718,54,232,151,0,0,0,702,453,ITF,ITF3,15,Campania,Campania,5801692,681749,11.75,0.02
342,2021-03-07,CAM,11911,5344,6567,533,109,1302,85,4019,1512,4351,8070,3841,ITF,ITF3,15,Campania,Campania,5801692,693660,11.96,0.21
343,2021-01-15,CAM,4980,2381,2599,2740,832,1217,191,0,0,0,4980,0,ITF,ITF3,15,Campania,Campania,5801692,698640,12.04,0.09
344,2021-03-15,CAM,13015,6124,6891,820,131,2557,85,6278,512,2632,8312,4703,ITF,ITF3,15,Campania,Campania,5801692,711655,12.27,0.22
345,2021-02-03,CAM,8903,4002,4901,4736,1102,2350,714,1,0,0,878,8025,ITF,ITF3,15,Campania,Campania,5801692,720558,12.42,0.15
346,2020-12-27,CAL,275,150,125,274,0,1,0,0,0,0,275,0,ITF,ITF6,18,Calabria,Calabria,1947131,275,0.01,0.01
347,2021-03-18,CAL,4240,1978,2262,359,49,1316,232,2195,44,45,2271,1969,ITF,ITF6,18,Calabria,Calabria,1947131,4515,0.23,0.22
348,2021-03-16,CAL,3767,1847,1920,459,5,1116,22,2077,58,30,2171,1596,ITF,ITF6,18,Calabria,Calabria,1947131,8282,0.43,0.19
349,2021-02-25,CAL,2821,1519,1302,736,49,587,234,863,348,4,2242,579,ITF,ITF6,18,Calabria,Calabria,1947131,11103,0.57,0.14
350,2021-03-03,CAL,4865,2651,2214,631,110,1047,917,1367,789,4,3802,1063,ITF,ITF6,18,Calabria,Calabria,1947131,15968,0.82,0.25
351,2021-02-04,CAL,3391,1623,1768,2560,38,571,222,0,0,0,644,2747,ITF,ITF6,18,Calabria,Calabria,1947131,19359,0.99,0.17
352,2021-02-06,CAL,2909,1337,1572,2095,30,537,247,0,0,0,442,2467,ITF,ITF6,18,Calabria,Calabria,1947131,22268,1.14,0.15
353,2021-03-19,CAL,4184,1947,2237,486,5,1326,293,1964,8,102,1898,2286,ITF,ITF6,18,Calabria,Calabria,1947131,26452,1.36,0.21
354,2021-02-08,CAL,1847,733,1114,1214,158,354,121,0,0,0,661,1186,ITF,ITF6,18,Calabria,Calabria,1947131,28299,1.45,0.09
355,2021-03-08,CAL,5313,2816,2497,707,25,1788,453,1514,823,3,4255,1058,ITF,ITF6,18,Calabria,Calabria,1947131,33612,1.73,0.27
356,2021-02-24,CAL,1843,940,903,658,7,359,115,653,47,4,1368,475,ITF,ITF6,18,Calabria,Calabria,1947131,35455,1.82,0.09
357,2021-01-29,CAL,2048,984,1064,1752,4,243,49,0,0,0,234,1814,ITF,ITF6,18,Calabria,Calabria,1947131,37503,1.93,0.11
358,2021-01-22,CAL,656,274,382,298,4,244,110,0,0,0,654,2,ITF,ITF6,18,Calabria,Calabria,1947131,38159,1.96,0.03
359,2021-03-20,CAL,6478,2982,3496,432,7,1581,398,3561,34,465,4090,2388,ITF,ITF6,18,Calabria,Calabria,1947131,44637,2.29,0.33
360,2021-02-11,CAL,2341,1043,1298,1464,71,565,241,0,0,0,1081,1260,ITF,ITF6,18,Calabria,Calabria,1947131,46978,2.41,0.12
361,2021-02-05,CAL,3795,1709,2086,2327,298,616,554,0,0,0,488,3307,ITF,ITF6,18,Calabria,Calabria,1947131,50773,2.61,0.19
362,2021-01-17,CAL,867,418,449,527,9,283,48,0,0,0,801,66,ITF,ITF6,18,Calabria,Calabria,1947131,51640,2.65,0.04
363,2021-02-27,CAL,3679,1913,1766,421,37,551,395,1971,302,2,3301,378,ITF,ITF6,18,Calabria,Calabria,1947131,55319,2.84,0.19
364,2021-01-27,CAL,1457,734,723,1226,2,206,23,0,0,0,396,1061,ITF,ITF6,18,Calabria,Calabria,1947131,56776,2.92,0.07
365,2021-03-07,CAL,3131,1561,1570,105,0,655,348,1674,347,2,3042,89,ITF,ITF6,18,Calabria,Calabria,1947131,59907,3.08,0.16
366,2021-01-05,CAL,1350,618,732,1256,0,94,0,0,0,0,1350,0,ITF,ITF6,18,Calabria,Calabria,1947131,61257,3.15,0.07
367,2021-03-24,CAL,6511,3002,3509,356,23,2129,693,2360,63,887,3395,3116,ITF,ITF6,18,Calabria,Calabria,1947131,67768,3.48,0.33
368,2021-03-05,CAL,6145,3540,2605,695,33,1556,710,1854,1292,5,5570,575,ITF,ITF6,18,Calabria,Calabria,1947131,73913,3.8,0.32
369,2021-02-28,CAL,2167,983,1184,113,8,144,190,1706,6,0,2016,151,ITF,ITF6,18,Calabria,Calabria,1947131,76080,3.91,0.11
370,2021-02-21,CAL,608,286,322,36,28,136,47,331,30,0,531,77,ITF,ITF6,18,Calabria,Calabria,1947131,76688,3.94,0.03
371,2021-01-30,CAL,2173,1147,1026,1974,0,199,0,0,0,0,358,1815,ITF,ITF6,18,Calabria,Calabria,1947131,78861,4.05,0.11
372,2021-01-12,CAL,2058,1017,1041,1706,0,323,29,0,0,0,2058,0,ITF,ITF6,18,Calabria,Calabria,1947131,80919,4.16,0.11
373,2021-02-15,CAL,1137,538,599,499,26,386,159,66,0,1,989,148,ITF,ITF6,18,Calabria,Calabria,1947131,82056,4.21,0.06
374,2021-02-03,CAL,2763,1428,1335,2170,22,468,103,0,0,0,583,2180,ITF,ITF6,18,Calabria,Calabria,1947131,84819,4.36,0.14
375,2021-01-13,CAL,2028,1022,1006,1800,0,194,34,0,0,0,2028,0,ITF,ITF6,18,Calabria,Calabria,1947131,86847,4.46,0.1
376,2021-01-16,CAL,2394,1120,1274,1664,22,467,241,0,0,0,2394,0,ITF,ITF6,18,Calabria,Calabria,1947131,89241,4.58,0.12
377,2021-01-24,CAL,44,18,26,15,0,3,26,0,0,0,39,5,ITF,ITF6,18,Calabria,Calabria,1947131,89285,4.59,0.0
378,2021-03-23,CAL,5158,2411,2747,280,4,1798,47,1869,77,1083,3388,1770,ITF,ITF6,18,Calabria,Calabria,1947131,94443,4.85,0.26
379,2021-01-02,CAL,165,94,71,165,0,0,0,0,0,0,165,0,ITF,ITF6,18,Calabria,Calabria,1947131,94608,4.86,0.01
380,2021-01-21,CAL,958,444,514,735,1,107,115,0,0,0,929,29,ITF,ITF6,18,Calabria,Calabria,1947131,95566,4.91,0.05
381,2021-03-14,CAL,2542,1018,1524,322,2,374,312,802,9,721,2142,400,ITF,ITF6,18,Calabria,Calabria,1947131,98108,5.04,0.13
382,2021-02-09,CAL,2147,904,1243,1422,220,274,231,0,0,0,948,1199,ITF,ITF6,18,Calabria,Calabria,1947131,100255,5.15,0.11
383,2021-01-09,CAL,1916,1036,880,1529,0,387,0,0,0,0,1916,0,ITF,ITF6,18,Calabria,Calabria,1947131,102171,5.25,0.1
384,2021-02-16,CAL,1534,643,891,659,11,506,240,118,0,0,1255,279,ITF,ITF6,18,Calabria,Calabria,1947131,103705,5.33,0.08
385,2021-03-13,CAL,6654,2933,3721,425,44,1333,338,3764,65,685,5680,974,ITF,ITF6,18,Calabria,Calabria,1947131,110359,5.67,0.34
386,2021-02-07,CAL,859,428,431,566,15,197,81,0,0,0,147,712,ITF,ITF6,18,Calabria,Calabria,1947131,111218,5.71,0.04
387,2021-01-19,CAL,1109,488,621,853,8,172,76,0,0,0,1098,11,ITF,ITF6,18,Calabria,Calabria,1947131,112327,5.77,0.06
388,2021-01-23,CAL,400,186,214,325,1,51,23,0,0,0,358,42,ITF,ITF6,18,Calabria,Calabria,1947131,112727,5.79,0.02
389,2021-01-10,CAL,929,524,405,830,0,99,0,0,0,0,929,0,ITF,ITF6,18,Calabria,Calabria,1947131,113656,5.84,0.05
390,2021-03-25,CAL,1991,943,1048,81,4,591,153,844,10,308,1037,954,ITF,ITF6,18,Calabria,Calabria,1947131,115647,5.94,0.1
391,2021-01-04,CAL,996,492,504,969,0,27,0,0,0,0,996,0,ITF,ITF6,18,Calabria,Calabria,1947131,116643,5.99,0.05
392,2021-03-02,CAL,4131,2390,1741,705,58,677,427,1390,872,2,3422,709,ITF,ITF6,18,Calabria,Calabria,1947131,120774,6.2,0.21
393,2021-02-02,CAL,2289,1112,1177,1863,4,347,75,0,0,0,177,2112,ITF,ITF6,18,Calabria,Calabria,1947131,123063,6.32,0.12
394,2021-03-04,CAL,5382,3104,2278,646,105,1309,731,1540,1049,2,4586,796,ITF,ITF6,18,Calabria,Calabria,1947131,128445,6.6,0.28
395,2021-01-31,CAL,1108,554,554,765,1,284,58,0,0,0,155,953,ITF,ITF6,18,Calabria,Calabria,1947131,129553,6.65,0.06
396,2021-02-12,CAL,1711,669,1042,815,42,718,136,0,0,0,943,768,ITF,ITF6,18,Calabria,Calabria,1947131,131264,6.74,0.09
397,2021-03-15,CAL,3447,1652,1795,542,38,889,136,1093,163,586,2018,1429,ITF,ITF6,18,Calabria,Calabria,1947131,134711,6.92,0.18
398,2021-01-14,CAL,2557,1214,1343,1962,0,592,3,0,0,0,2557,0,ITF,ITF6,18,Calabria,Calabria,1947131,137268,7.05,0.13
399,2021-03-12,CAL,5092,2438,2654,468,26,1300,217,1963,333,785,4049,1043,ITF,ITF6,18,Calabria,Calabria,1947131,142360,7.31,0.26
400,2021-03-09,CAL,5820,3031,2789,803,23,1916,419,1768,873,18,4843,977,ITF,ITF6,18,Calabria,Calabria,1947131,148180,7.61,0.3
401,2021-02-18,CAL,1800,803,997,586,55,454,299,345,0,61,1577,223,ITF,ITF6,18,Calabria,Calabria,1947131,149980,7.7,0.09
402,2021-02-13,CAL,1331,583,748,731,18,470,111,1,0,0,968,363,ITF,ITF6,18,Calabria,Calabria,1947131,151311,7.77,0.07
403,2021-01-25,CAL,1064,512,552,1021,0,43,0,0,0,0,156,908,ITF,ITF6,18,Calabria,Calabria,1947131,152375,7.83,0.05
404,2021-02-19,CAL,1461,652,809,544,21,320,195,380,1,0,1200,261,ITF,ITF6,18,Calabria,Calabria,1947131,153836,7.9,0.08
405,2021-01-06,CAL,926,500,426,822,0,104,0,0,0,0,926,0,ITF,ITF6,18,Calabria,Calabria,1947131,154762,7.95,0.05
406,2021-03-01,CAL,2688,1533,1155,399,6,416,257,971,636,3,2238,450,ITF,ITF6,18,Calabria,Calabria,1947131,157450,8.09,0.14
407,2021-03-10,CAL,6441,3278,3163,742,42,2309,586,2021,677,64,5250,1191,ITF,ITF6,18,Calabria,Calabria,1947131,163891,8.42,0.33
408,2021-01-11,CAL,2154,1040,1114,1759,0,392,3,0,0,0,2154,0,ITF,ITF6,18,Calabria,Calabria,1947131,166045,8.53,0.11
409,2021-03-21,CAL,3395,1404,1991,105,0,555,198,1791,23,723,1695,1700,ITF,ITF6,18,Calabria,Calabria,1947131,169440,8.7,0.17
410,2021-02-17,CAL,1681,672,1009,673,21,322,285,299,0,81,1471,210,ITF,ITF6,18,Calabria,Calabria,1947131,171121,8.79,0.09
411,2021-02-14,CAL,371,145,226,146,13,129,83,0,0,0,341,30,ITF,ITF6,18,Calabria,Calabria,1947131,171492,8.81,0.02
412,2021-01-08,CAL,2109,1014,1095,1898,0,211,0,0,0,0,2109,0,ITF,ITF6,18,Calabria,Calabria,1947131,173601,8.92,0.11
413,2021-01-26,CAL,1805,861,944,1571,18,146,70,0,0,0,285,1520,ITF,ITF6,18,Calabria,Calabria,1947131,175406,9.01,0.09
414,2021-01-03,CAL,6,3,3,4,0,2,0,0,0,0,6,0,ITF,ITF6,18,Calabria,Calabria,1947131,175412,9.01,0.0
415,2021-01-07,CAL,2180,1061,1119,1883,0,297,0,0,0,0,2180,0,ITF,ITF6,18,Calabria,Calabria,1947131,177592,9.12,0.11
416,2021-02-23,CAL,1549,728,821,437,33,348,206,522,2,1,1434,115,ITF,ITF6,18,Calabria,Calabria,1947131,179141,9.2,0.08
417,2021-03-06,CAL,7945,4053,3892,701,69,1803,758,3795,813,6,7190,755,ITF,ITF6,18,Calabria,Calabria,1947131,187086,9.61,0.41
418,2021-01-28,CAL,2232,1107,1125,1920,1,311,0,0,0,0,84,2148,ITF,ITF6,18,Calabria,Calabria,1947131,189318,9.72,0.11
419,2021-01-18,CAL,1230,550,680,982,0,237,11,0,0,0,1040,190,ITF,ITF6,18,Calabria,Calabria,1947131,190548,9.79,0.06
420,2021-01-20,CAL,1395,622,773,864,6,346,179,0,0,0,1394,1,ITF,ITF6,18,Calabria,Calabria,1947131,191943,9.86,0.07
421,2021-03-11,CAL,6875,3276,3599,934,25,2038,570,2379,329,600,5619,1256,ITF,ITF6,18,Calabria,Calabria,1947131,198818,10.21,0.35
422,2021-02-22,CAL,1996,1013,983,727,48,495,166,552,3,5,1441,555,ITF,ITF6,18,Calabria,Calabria,1947131,200814,10.31,0.1
423,2021-03-17,CAL,3634,1621,2013,277,49,931,165,2093,26,93,1937,1697,ITF,ITF6,18,Calabria,Calabria,1947131,204448,10.5,0.19
424,2021-02-26,CAL,3079,1631,1448,539,57,631,407,1147,294,4,2611,468,ITF,ITF6,18,Calabria,Calabria,1947131,207527,10.66,0.16
425,2021-02-20,CAL,1358,735,623,438,23,388,55,433,19,2,1043,315,ITF,ITF6,18,Calabria,Calabria,1947131,208885,10.73,0.07
426,2021-02-01,CAL,2497,1192,1305,2044,4,406,43,0,0,0,248,2249,ITF,ITF6,18,Calabria,Calabria,1947131,211382,10.86,0.13
427,2021-02-10,CAL,2463,1074,1389,1469,66,571,357,0,0,0,839,1624,ITF,ITF6,18,Calabria,Calabria,1947131,213845,10.98,0.13
428,2021-03-22,CAL,4707,2202,2505,194,10,1197,147,1994,40,1125,3041,1666,ITF,ITF6,18,Calabria,Calabria,1947131,218552,11.22,0.24
429,2021-01-15,CAL,2793,1258,1535,1690,35,656,412,0,0,0,2793,0,ITF,ITF6,18,Calabria,Calabria,1947131,221345,11.37,0.14
430,2020-12-28,CAL,6,2,4,6,0,0,0,0,0,0,6,0,ITF,ITF6,18,Calabria,Calabria,1947131,221351,11.37,0.0
431,2021-01-06,UMB,843,323,520,840,0,3,0,0,0,0,843,0,ITI,ITI2,10,Umbria,Umbria,882015,843,0.1,0.1
432,2021-03-14,UMB,66,48,18,0,6,55,1,0,0,4,66,0,ITI,ITI2,10,Umbria,Umbria,882015,909,0.1,0.01
433,2021-03-10,UMB,3970,1900,2070,120,745,113,144,2564,209,75,2683,1287,ITI,ITI2,10,Umbria,Umbria,882015,4879,0.55,0.45
434,2021-01-19,UMB,103,23,80,21,2,0,80,0,0,0,103,0,ITI,ITI2,10,Umbria,Umbria,882015,4982,0.56,0.01
435,2021-02-26,UMB,660,253,407,385,73,1,40,154,4,3,652,8,ITI,ITI2,10,Umbria,Umbria,882015,5642,0.64,0.07
436,2021-03-20,UMB,2272,821,1451,315,178,507,0,0,72,1200,2247,25,ITI,ITI2,10,Umbria,Umbria,882015,7914,0.9,0.26
437,2021-02-24,UMB,1520,565,955,1082,45,1,91,292,9,0,1505,15,ITI,ITI2,10,Umbria,Umbria,882015,9434,1.07,0.17
438,2021-03-06,UMB,4251,1109,3142,422,178,69,26,1114,120,2322,4108,143,ITI,ITI2,10,Umbria,Umbria,882015,13685,1.55,0.48
439,2021-02-16,UMB,1307,655,652,33,4,8,0,1262,0,0,1298,9,ITI,ITI2,10,Umbria,Umbria,882015,14992,1.7,0.15
440,2021-01-04,UMB,809,397,412,808,0,1,0,0,0,0,809,0,ITI,ITI2,10,Umbria,Umbria,882015,15801,1.79,0.09
441,2021-02-06,UMB,396,138,258,333,47,0,16,0,0,0,34,362,ITI,ITI2,10,Umbria,Umbria,882015,16197,1.84,0.04
442,2021-02-05,UMB,780,234,546,645,51,0,84,0,0,0,18,762,ITI,ITI2,10,Umbria,Umbria,882015,16977,1.92,0.09
443,2021-01-07,UMB,1291,383,908,883,0,4,404,0,0,0,1291,0,ITI,ITI2,10,Umbria,Umbria,882015,18268,2.07,0.15
444,2021-02-08,UMB,637,203,434,368,111,1,153,0,4,0,88,549,ITI,ITI2,10,Umbria,Umbria,882015,18905,2.14,0.07
445,2021-01-16,UMB,221,73,148,146,32,0,43,0,0,0,221,0,ITI,ITI2,10,Umbria,Umbria,882015,19126,2.17,0.03
446,2021-02-17,UMB,1618,748,870,363,3,11,0,1240,0,1,1267,351,ITI,ITI2,10,Umbria,Umbria,882015,20744,2.35,0.18
447,2021-03-11,UMB,3538,1680,1858,143,604,180,238,2014,201,158,2532,1006,ITI,ITI2,10,Umbria,Umbria,882015,24282,2.75,0.4
448,2021-02-03,UMB,725,174,551,560,34,3,128,0,0,0,67,658,ITI,ITI2,10,Umbria,Umbria,882015,25007,2.84,0.08
449,2021-02-04,UMB,732,226,506,692,19,1,20,0,0,0,25,707,ITI,ITI2,10,Umbria,Umbria,882015,25739,2.92,0.08
450,2021-02-01,UMB,1260,333,927,876,32,0,352,0,0,0,47,1213,ITI,ITI2,10,Umbria,Umbria,882015,26999,3.06,0.14
451,2021-01-25,UMB,647,322,325,645,2,0,0,0,0,0,5,642,ITI,ITI2,10,Umbria,Umbria,882015,27646,3.13,0.07
452,2021-01-02,UMB,301,110,191,301,0,0,0,0,0,0,301,0,ITI,ITI2,10,Umbria,Umbria,882015,27947,3.17,0.03
453,2021-01-11,UMB,1271,336,935,878,11,9,373,0,0,0,1271,0,ITI,ITI2,10,Umbria,Umbria,882015,29218,3.31,0.14
454,2021-03-09,UMB,4028,1950,2078,142,549,132,105,2912,165,23,2735,1293,ITI,ITI2,10,Umbria,Umbria,882015,33246,3.77,0.46
455,2021-01-27,UMB,838,329,509,837,1,0,0,0,0,0,13,825,ITI,ITI2,10,Umbria,Umbria,882015,34084,3.86,0.1
456,2021-03-19,UMB,1731,558,1173,452,141,129,68,191,26,724,1075,656,ITI,ITI2,10,Umbria,Umbria,882015,35815,4.06,0.2
457,2021-01-17,UMB,54,17,37,47,7,0,0,0,0,0,54,0,ITI,ITI2,10,Umbria,Umbria,882015,35869,4.07,0.01
458,2021-03-01,UMB,1503,774,729,110,10,15,0,1249,118,1,1389,114,ITI,ITI2,10,Umbria,Umbria,882015,37372,4.24,0.17
459,2021-01-05,UMB,850,428,422,845,0,5,0,0,0,0,850,0,ITI,ITI2,10,Umbria,Umbria,882015,38222,4.33,0.1
460,2021-03-02,UMB,3638,1345,2293,318,223,53,55,1302,241,1446,3634,4,ITI,ITI2,10,Umbria,Umbria,882015,41860,4.75,0.41
461,2021-01-23,UMB,277,100,177,276,1,0,0,0,0,0,2,275,ITI,ITI2,10,Umbria,Umbria,882015,42137,4.78,0.03
462,2021-03-22,UMB,3558,1653,1905,163,120,204,0,2825,99,147,2312,1246,ITI,ITI2,10,Umbria,Umbria,882015,45695,5.18,0.4
463,2021-01-28,UMB,1240,392,848,891,4,0,345,0,0,0,19,1221,ITI,ITI2,10,Umbria,Umbria,882015,46935,5.32,0.14
464,2021-02-20,UMB,282,100,182,83,7,1,39,152,0,0,258,24,ITI,ITI2,10,Umbria,Umbria,882015,47217,5.35,0.03
465,2021-02-10,UMB,715,349,366,606,106,0,3,0,0,0,700,15,ITI,ITI2,10,Umbria,Umbria,882015,47932,5.43,0.08
466,2021-01-13,UMB,450,139,311,379,28,1,42,0,0,0,450,0,ITI,ITI2,10,Umbria,Umbria,882015,48382,5.49,0.05
467,2021-03-13,UMB,1731,524,1207,120,122,60,49,152,77,1151,1486,245,ITI,ITI2,10,Umbria,Umbria,882015,50113,5.68,0.2
468,2021-01-18,UMB,588,215,373,315,114,35,124,0,0,0,504,84,ITI,ITI2,10,Umbria,Umbria,882015,50701,5.75,0.07
469,2021-03-07,UMB,844,180,664,16,66,17,25,44,0,676,837,7,ITI,ITI2,10,Umbria,Umbria,882015,51545,5.84,0.1
470,2021-01-15,UMB,692,212,480,588,44,0,60,0,0,0,692,0,ITI,ITI2,10,Umbria,Umbria,882015,52237,5.92,0.08
471,2021-01-09,UMB,1719,492,1227,888,7,3,821,0,0,0,1719,0,ITI,ITI2,10,Umbria,Umbria,882015,53956,6.12,0.19
472,2021-02-27,UMB,1658,354,1304,14,11,0,13,0,60,1560,1642,16,ITI,ITI2,10,Umbria,Umbria,882015,55614,6.31,0.19
473,2021-03-03,UMB,4435,1771,2664,720,235,55,86,1517,289,1533,3723,712,ITI,ITI2,10,Umbria,Umbria,882015,60049,6.81,0.5
474,2021-01-14,UMB,749,200,549,696,35,0,17,0,0,1,749,0,ITI,ITI2,10,Umbria,Umbria,882015,60798,6.89,0.08
475,2021-03-05,UMB,4586,1378,3208,604,295,94,7,685,347,2554,3930,656,ITI,ITI2,10,Umbria,Umbria,882015,65384,7.41,0.52
476,2021-02-15,UMB,1368,692,676,10,4,4,0,1350,0,0,1367,1,ITI,ITI2,10,Umbria,Umbria,882015,66752,7.57,0.16
477,2021-02-12,UMB,671,224,447,459,208,0,1,1,0,2,665,6,ITI,ITI2,10,Umbria,Umbria,882015,67423,7.64,0.08
478,2021-01-26,UMB,814,390,424,813,1,0,0,0,0,0,18,796,ITI,ITI2,10,Umbria,Umbria,882015,68237,7.74,0.09
479,2021-03-21,UMB,665,330,335,31,14,523,0,0,34,63,665,0,ITI,ITI2,10,Umbria,Umbria,882015,68902,7.81,0.08
480,2021-02-18,UMB,1495,582,913,324,14,2,170,985,0,0,1029,466,ITI,ITI2,10,Umbria,Umbria,882015,70397,7.98,0.17
481,2021-01-08,UMB,1173,337,836,926,8,1,238,0,0,0,1173,0,ITI,ITI2,10,Umbria,Umbria,882015,71570,8.11,0.13
482,2020-12-31,UMB,322,127,195,310,0,12,0,0,0,0,322,0,ITI,ITI2,10,Umbria,Umbria,882015,71892,8.15,0.04
483,2021-03-15,UMB,4592,1927,2665,1426,193,154,78,2337,141,263,2822,1770,ITI,ITI2,10,Umbria,Umbria,882015,76484,8.67,0.52
484,2021-02-02,UMB,942,274,668,713,16,1,212,0,0,0,32,910,ITI,ITI2,10,Umbria,Umbria,882015,77426,8.78,0.11
485,2021-02-25,UMB,1334,495,839,826,96,5,97,305,0,5,1282,52,ITI,ITI2,10,Umbria,Umbria,882015,78760,8.93,0.15
486,2021-01-22,UMB,276,105,171,273,1,0,2,0,0,0,32,244,ITI,ITI2,10,Umbria,Umbria,882015,79036,8.96,0.03
487,2021-01-31,UMB,1056,276,780,765,10,0,281,0,0,0,25,1031,ITI,ITI2,10,Umbria,Umbria,882015,80092,9.08,0.12
488,2021-01-03,UMB,267,111,156,267,0,0,0,0,0,0,267,0,ITI,ITI2,10,Umbria,Umbria,882015,80359,9.11,0.03
489,2021-03-08,UMB,3665,1797,1868,140,272,83,45,2853,230,42,2303,1362,ITI,ITI2,10,Umbria,Umbria,882015,84024,9.53,0.42
490,2021-02-19,UMB,743,293,450,281,12,4,14,432,0,0,526,217,ITI,ITI2,10,Umbria,Umbria,882015,84767,9.61,0.08
491,2021-01-20,UMB,613,222,391,583,14,1,14,0,0,1,613,0,ITI,ITI2,10,Umbria,Umbria,882015,85380,9.68,0.07
492,2021-03-24,UMB,3962,1734,2228,215,98,148,1,3421,37,42,2638,1324,ITI,ITI2,10,Umbria,Umbria,882015,89342,10.13,0.45
493,2021-03-23,UMB,3793,1685,2108,395,179,213,12,2845,89,60,2164,1629,ITI,ITI2,10,Umbria,Umbria,882015,93135,10.56,0.43
494,2021-01-24,UMB,254,104,150,254,0,0,0,0,0,0,1,253,ITI,ITI2,10,Umbria,Umbria,882015,93389,10.59,0.03
495,2021-01-30,UMB,1577,483,1094,841,18,0,717,1,0,0,44,1533,ITI,ITI2,10,Umbria,Umbria,882015,94966,10.77,0.18
496,2021-03-25,UMB,1453,713,740,142,37,64,37,1149,10,14,873,580,ITI,ITI2,10,Umbria,Umbria,882015,96419,10.93,0.16
497,2021-03-16,UMB,3504,1433,2071,1633,68,21,65,1707,0,10,1877,1627,ITI,ITI2,10,Umbria,Umbria,882015,99923,11.33,0.4
498,2021-01-29,UMB,1221,343,878,934,16,0,271,0,0,0,79,1142,ITI,ITI2,10,Umbria,Umbria,882015,101144,11.47,0.14
499,2021-03-12,UMB,2633,1031,1602,111,410,186,41,463,229,1193,2135,498,ITI,ITI2,10,Umbria,Umbria,882015,103777,11.77,0.3
500,2021-01-21,UMB,610,202,408,428,13,0,169,0,0,0,341,269,ITI,ITI2,10,Umbria,Umbria,882015,104387,11.84,0.07
501,2020-12-27,UMB,85,45,40,67,2,0,16,0,0,0,85,0,ITI,ITI2,10,Umbria,Umbria,882015,104472,11.84,0.01
502,2021-03-18,UMB,2785,1079,1706,962,115,30,205,1459,3,11,1552,1233,ITI,ITI2,10,Umbria,Umbria,882015,107257,12.16,0.32
503,2021-02-11,UMB,842,349,493,735,98,1,5,0,0,3,837,5,ITI,ITI2,10,Umbria,Umbria,882015,108099,12.26,0.1
504,2021-02-07,UMB,54,17,37,46,8,0,0,0,0,0,1,53,ITI,ITI2,10,Umbria,Umbria,882015,108153,12.26,0.01
505,2021-02-23,UMB,1693,658,1035,1187,95,0,17,394,0,0,1651,42,ITI,ITI2,10,Umbria,Umbria,882015,109846,12.45,0.19
506,2021-01-10,UMB,1056,275,781,740,3,6,307,0,0,0,1056,0,ITI,ITI2,10,Umbria,Umbria,882015,110902,12.57,0.12
507,2021-03-17,UMB,3327,1313,2014,1429,52,12,129,1681,8,16,1855,1472,ITI,ITI2,10,Umbria,Umbria,882015,114229,12.95,0.38
508,2021-03-04,UMB,4475,1849,2626,849,164,74,4,1552,366,1466,3647,828,ITI,ITI2,10,Umbria,Umbria,882015,118704,13.46,0.51
509,2021-02-13,UMB,115,28,87,68,46,0,0,1,0,0,112,3,ITI,ITI2,10,Umbria,Umbria,882015,118819,13.47,0.01
510,2021-01-12,UMB,784,247,537,665,7,7,105,0,0,0,784,0,ITI,ITI2,10,Umbria,Umbria,882015,119603,13.56,0.09
511,2021-01-01,UMB,269,102,167,268,0,1,0,0,0,0,269,0,ITI,ITI2,10,Umbria,Umbria,882015,119872,13.59,0.03
512,2021-02-22,UMB,1859,778,1081,733,88,32,1,1005,0,0,1773,86,ITI,ITI2,10,Umbria,Umbria,882015,121731,13.8,0.21
513,2021-03-05,ABR,5261,1937,3324,561,10,447,107,2582,202,1352,4564,697,ITF,ITF1,13,Abruzzo,Abruzzo,1304970,5261,0.4,0.4
514,2021-01-22,ABR,118,57,61,2,1,3,112,0,0,0,118,0,ITF,ITF1,13,Abruzzo,Abruzzo,1304970,5379,0.41,0.01
515,2021-02-26,ABR,3920,1671,2249,1025,13,552,160,1651,257,262,2951,969,ITF,ITF1,13,Abruzzo,Abruzzo,1304970,9299,0.71,0.3
516,2021-01-12,ABR,1804,666,1138,1470,42,292,0,0,0,0,1804,0,ITF,ITF1,13,Abruzzo,Abruzzo,1304970,11103,0.85,0.14
517,2021-02-12,ABR,968,319,649,438,11,209,310,0,0,0,779,189,ITF,ITF1,13,Abruzzo,Abruzzo,1304970,12071,0.93,0.07
518,2021-02-15,ABR,1796,831,965,625,30,457,221,217,246,0,1754,42,ITF,ITF1,13,Abruzzo,Abruzzo,1304970,13867,1.06,0.14
519,2021-03-19,ABR,5795,2584,3211,755,28,432,118,4398,51,13,2774,3021,ITF,ITF1,13,Abruzzo,Abruzzo,1304970,19662,1.51,0.44
520,2021-01-21,ABR,157,47,110,10,4,2,141,0,0,0,157,0,ITF,ITF1,13,Abruzzo,Abruzzo,1304970,19819,1.52,0.01
521,2021-03-04,ABR,5936,2358,3578,1170,14,521,93,2992,328,818,5015,921,ITF,ITF1,13,Abruzzo,Abruzzo,1304970,25755,1.97,0.45
522,2021-01-24,ABR,50,22,28,49,0,1,0,0,0,0,6,44,ITF,ITF1,13,Abruzzo,Abruzzo,1304970,25805,1.98,0.0
523,2021-03-06,ABR,4174,1354,2820,432,24,344,52,1748,15,1559,3604,570,ITF,ITF1,13,Abruzzo,Abruzzo,1304970,29979,2.3,0.32
524,2021-02-07,ABR,777,307,470,646,6,124,1,0,0,0,201,576,ITF,ITF1,13,Abruzzo,Abruzzo,1304970,30756,2.36,0.06
525,2021-01-31,ABR,1502,488,1014,1154,85,160,103,0,0,0,287,1215,ITF,ITF1,13,Abruzzo,Abruzzo,1304970,32258,2.47,0.12
526,2021-01-27,ABR,1364,515,849,1301,1,62,0,0,0,0,39,1325,ITF,ITF1,13,Abruzzo,Abruzzo,1304970,33622,2.58,0.1
527,2021-03-09,ABR,5169,1795,3374,987,21,507,84,1320,204,2046,4230,939,ITF,ITF1,13,Abruzzo,Abruzzo,1304970,38791,2.97,0.4
528,2021-02-13,ABR,845,383,462,549,25,199,72,0,0,0,437,408,ITF,ITF1,13,Abruzzo,Abruzzo,1304970,39636,3.04,0.06
529,2021-03-18,ABR,3896,1651,2245,281,2,284,3,3297,22,7,2065,1831,ITF,ITF1,13,Abruzzo,Abruzzo,1304970,43532,3.34,0.3
530,2021-03-21,ABR,2135,913,1222,9,0,47,1,1919,29,130,844,1291,ITF,ITF1,13,Abruzzo,Abruzzo,1304970,45667,3.5,0.16
531,2021-02-21,ABR,1221,551,670,2,0,4,3,1210,2,0,1220,1,ITF,ITF1,13,Abruzzo,Abruzzo,1304970,46888,3.59,0.09
532,2021-02-05,ABR,1535,520,1015,1188,11,230,106,0,0,0,788,747,ITF,ITF1,13,Abruzzo,Abruzzo,1304970,48423,3.71,0.12
533,2021-03-01,ABR,3486,1391,2095,698,29,264,174,1911,128,282,2722,764,ITF,ITF1,13,Abruzzo,Abruzzo,1304970,51909,3.98,0.27
534,2021-03-08,ABR,5127,1669,3458,1190,30,477,112,1019,104,2195,4153,974,ITF,ITF1,13,Abruzzo,Abruzzo,1304970,57036,4.37,0.39
535,2021-03-23,ABR,4765,2180,2585,180,25,499,183,3273,206,399,2278,2487,ITF,ITF1,13,Abruzzo,Abruzzo,1304970,61801,4.74,0.37
536,2021-01-06,ABR,1830,664,1166,1546,119,32,133,0,0,0,1830,0,ITF,ITF1,13,Abruzzo,Abruzzo,1304970,63631,4.88,0.14
537,2021-03-17,ABR,4543,1876,2667,285,26,187,144,3873,17,11,2800,1743,ITF,ITF1,13,Abruzzo,Abruzzo,1304970,68174,5.22,0.35
538,2021-03-25,ABR,1398,651,747,50,1,126,3,1127,49,42,681,717,ITF,ITF1,13,Abruzzo,Abruzzo,1304970,69572,5.33,0.11
539,2021-01-30,ABR,1509,566,943,1348,1,113,47,0,0,0,69,1440,ITF,ITF1,13,Abruzzo,Abruzzo,1304970,71081,5.45,0.12
540,2020-12-27,ABR,37,19,18,34,0,1,2,0,0,0,37,0,ITF,ITF1,13,Abruzzo,Abruzzo,1304970,71118,5.45,0.0
541,2021-03-03,ABR,4627,1881,2746,1222,6,577,36,1585,346,855,3721,906,ITF,ITF1,13,Abruzzo,Abruzzo,1304970,75745,5.8,0.35
542,2021-02-23,ABR,2784,1274,1510,324,22,401,215,1436,286,100,2773,11,ITF,ITF1,13,Abruzzo,Abruzzo,1304970,78529,6.02,0.21
543,2021-03-10,ABR,4948,1640,3308,735,29,426,242,1518,127,1871,3992,956,ITF,ITF1,13,Abruzzo,Abruzzo,1304970,83477,6.4,0.38
544,2021-01-05,ABR,1614,604,1010,1604,0,10,0,0,0,0,1614,0,ITF,ITF1,13,Abruzzo,Abruzzo,1304970,85091,6.52,0.12
545,2021-01-17,ABR,187,59,128,136,13,38,0,0,0,0,180,7,ITF,ITF1,13,Abruzzo,Abruzzo,1304970,85278,6.53,0.01
546,2021-02-28,ABR,1707,511,1196,23,0,34,0,79,149,1422,1705,2,ITF,ITF1,13,Abruzzo,Abruzzo,1304970,86985,6.67,0.13
547,2021-01-23,ABR,263,114,149,223,0,14,26,0,0,0,57,206,ITF,ITF1,13,Abruzzo,Abruzzo,1304970,87248,6.69,0.02
548,2021-03-22,ABR,4276,1918,2358,340,8,771,50,2578,136,393,2306,1970,ITF,ITF1,13,Abruzzo,Abruzzo,1304970,91524,7.01,0.33
549,2021-02-09,ABR,908,311,597,612,56,109,131,0,0,0,499,409,ITF,ITF1,13,Abruzzo,Abruzzo,1304970,92432,7.08,0.07
550,2021-02-04,ABR,1681,616,1065,1168,47,409,57,0,0,0,609,1072,ITF,ITF1,13,Abruzzo,Abruzzo,1304970,94113,7.21,0.13
551,2021-01-13,ABR,1253,440,813,1103,0,150,0,0,0,0,1253,0,ITF,ITF1,13,Abruzzo,Abruzzo,1304970,95366,7.31,0.1
552,2021-03-24,ABR,5823,2538,3285,479,10,1403,143,3144,215,429,3799,2024,ITF,ITF1,13,Abruzzo,Abruzzo,1304970,101189,7.75,0.45
553,2021-03-07,ABR,2523,630,1893,28,0,210,0,461,1,1823,2523,0,ITF,ITF1,13,Abruzzo,Abruzzo,1304970,103712,7.95,0.19
554,2021-01-03,ABR,471,185,286,464,0,7,0,0,0,0,471,0,ITF,ITF1,13,Abruzzo,Abruzzo,1304970,104183,7.98,0.04
555,2021-03-15,ABR,3517,1378,2139,656,8,562,78,1963,41,209,1701,1816,ITF,ITF1,13,Abruzzo,Abruzzo,1304970,107700,8.25,0.27
556,2021-02-03,ABR,2061,717,1344,1541,47,355,118,0,0,0,419,1642,ITF,ITF1,13,Abruzzo,Abruzzo,1304970,109761,8.41,0.16
557,2021-01-28,ABR,1433,495,938,1370,1,61,1,0,0,0,12,1421,ITF,ITF1,13,Abruzzo,Abruzzo,1304970,111194,8.52,0.11
558,2021-03-11,ABR,5425,2188,3237,1324,39,519,241,1539,199,1564,4286,1139,ITF,ITF1,13,Abruzzo,Abruzzo,1304970,116619,8.94,0.42
559,2021-01-19,ABR,111,55,56,27,1,33,50,0,0,0,91,20,ITF,ITF1,13,Abruzzo,Abruzzo,1304970,116730,8.95,0.01
560,2021-02-24,ABR,3302,1439,1863,391,17,323,247,1967,226,131,3126,176,ITF,ITF1,13,Abruzzo,Abruzzo,1304970,120032,9.2,0.25
561,2021-01-29,ABR,1386,449,937,1290,2,94,0,0,0,0,74,1312,ITF,ITF1,13,Abruzzo,Abruzzo,1304970,121418,9.3,0.11
562,2021-01-04,ABR,1401,575,826,1396,0,5,0,0,0,0,1401,0,ITF,ITF1,13,Abruzzo,Abruzzo,1304970,122819,9.41,0.11
563,2021-01-20,ABR,447,156,291,147,1,95,204,0,0,0,445,2,ITF,ITF1,13,Abruzzo,Abruzzo,1304970,123266,9.45,0.03
564,2021-02-01,ABR,1632,573,1059,1384,34,213,1,0,0,0,271,1361,ITF,ITF1,13,Abruzzo,Abruzzo,1304970,124898,9.57,0.13
565,2021-03-13,ABR,4252,1459,2793,538,17,1008,137,1468,23,1061,3177,1075,ITF,ITF1,13,Abruzzo,Abruzzo,1304970,129150,9.9,0.33
566,2021-03-12,ABR,6021,1988,4033,1005,28,847,135,1700,117,2189,4438,1583,ITF,ITF1,13,Abruzzo,Abruzzo,1304970,135171,10.36,0.46
567,2021-01-16,ABR,927,428,499,710,7,195,15,0,0,0,927,0,ITF,ITF1,13,Abruzzo,Abruzzo,1304970,136098,10.43,0.07
568,2021-02-17,ABR,2077,952,1125,512,27,215,394,718,210,1,1794,283,ITF,ITF1,13,Abruzzo,Abruzzo,1304970,138175,10.59,0.16
569,2021-03-20,ABR,4733,2159,2574,318,15,509,60,3650,84,97,2569,2164,ITF,ITF1,13,Abruzzo,Abruzzo,1304970,142908,10.95,0.36
570,2021-01-25,ABR,1604,633,971,1584,0,20,0,0,0,0,20,1584,ITF,ITF1,13,Abruzzo,Abruzzo,1304970,144512,11.07,0.12
571,2021-02-18,ABR,2291,934,1357,670,36,344,416,610,215,0,2161,130,ITF,ITF1,13,Abruzzo,Abruzzo,1304970,146803,11.25,0.18
572,2021-01-09,ABR,1483,565,918,1430,0,53,0,0,0,0,1483,0,ITF,ITF1,13,Abruzzo,Abruzzo,1304970,148286,11.36,0.11
573,2021-02-19,ABR,3301,1552,1749,990,32,401,371,1111,388,8,3201,100,ITF,ITF1,13,Abruzzo,Abruzzo,1304970,151587,11.62,0.25
574,2021-02-22,ABR,2644,1175,1469,477,5,352,46,1094,419,251,2614,30,ITF,ITF1,13,Abruzzo,Abruzzo,1304970,154231,11.82,0.2
575,2021-02-11,ABR,816,262,554,473,26,163,154,0,0,0,773,43,ITF,ITF1,13,Abruzzo,Abruzzo,1304970,155047,11.88,0.06
576,2021-03-16,ABR,3486,1453,2033,284,3,163,169,2849,6,12,1831,1655,ITF,ITF1,13,Abruzzo,Abruzzo,1304970,158533,12.15,0.27
577,2021-01-08,ABR,1525,507,1018,1487,0,38,0,0,0,0,1525,0,ITF,ITF1,13,Abruzzo,Abruzzo,1304970,160058,12.27,0.12
578,2021-01-07,ABR,1603,552,1051,1566,0,37,0,0,0,0,1603,0,ITF,ITF1,13,Abruzzo,Abruzzo,1304970,161661,12.39,0.12
579,2021-02-16,ABR,1978,869,1109,841,20,493,139,410,75,0,1966,12,ITF,ITF1,13,Abruzzo,Abruzzo,1304970,163639,12.54,0.15
580,2021-03-14,ABR,1895,733,1162,8,0,150,0,1488,0,249,1228,667,ITF,ITF1,13,Abruzzo,Abruzzo,1304970,165534,12.68,0.15
581,2021-01-10,ABR,1139,409,730,1091,0,48,0,0,0,0,1139,0,ITF,ITF1,13,Abruzzo,Abruzzo,1304970,166673,12.77,0.09
582,2021-02-20,ABR,4782,1843,2939,310,7,563,192,1417,406,1887,4706,76,ITF,ITF1,13,Abruzzo,Abruzzo,1304970,171455,13.14,0.37
583,2021-01-14,ABR,530,189,341,364,0,166,0,0,0,0,530,0,ITF,ITF1,13,Abruzzo,Abruzzo,1304970,171985,13.18,0.04
584,2021-01-26,ABR,1542,567,975,1513,0,29,0,0,0,0,29,1513,ITF,ITF1,13,Abruzzo,Abruzzo,1304970,173527,13.3,0.12
585,2021-03-02,ABR,3963,1676,2287,934,15,424,53,1856,276,405,3279,684,ITF,ITF1,13,Abruzzo,Abruzzo,1304970,177490,13.6,0.3
586,2021-01-11,ABR,1551,557,994,1337,62,104,48,0,0,0,1551,0,ITF,ITF1,13,Abruzzo,Abruzzo,1304970,179041,13.72,0.12
587,2021-02-27,ABR,2809,1337,1472,253,23,162,123,732,642,874,2543,266,ITF,ITF1,13,Abruzzo,Abruzzo,1304970,181850,13.94,0.22
588,2021-02-08,ABR,1201,398,803,710,122,105,264,0,0,0,491,710,ITF,ITF1,13,Abruzzo,Abruzzo,1304970,183051,14.03,0.09
589,2021-01-15,ABR,379,149,230,223,6,115,35,0,0,0,379,0,ITF,ITF1,13,Abruzzo,Abruzzo,1304970,183430,14.06,0.03
590,2021-01-18,ABR,122,48,74,106,0,14,2,0,0,0,46,76,ITF,ITF1,13,Abruzzo,Abruzzo,1304970,183552,14.07,0.01
591,2021-02-02,ABR,1798,677,1121,1243,67,346,142,0,0,0,241,1557,ITF,ITF1,13,Abruzzo,Abruzzo,1304970,185350,14.2,0.14
592,2021-02-25,ABR,3086,1347,1739,615,29,528,18,1508,262,126,2558,528,ITF,ITF1,13,Abruzzo,Abruzzo,1304970,188436,14.44,0.24
593,2021-02-10,ABR,948,313,635,622,42,168,116,0,0,0,504,444,ITF,ITF1,13,Abruzzo,Abruzzo,1304970,189384,14.51,0.07
594,2021-01-02,ABR,548,218,330,540,0,8,0,0,0,0,548,0,ITF,ITF1,13,Abruzzo,Abruzzo,1304970,189932,14.55,0.04
595,2021-02-06,ABR,1611,742,869,1168,29,342,72,0,0,0,602,1009,ITF,ITF1,13,Abruzzo,Abruzzo,1304970,191543,14.68,0.12
596,2021-03-18,PAT,2233,922,1311,55,0,575,2,1595,2,4,1162,1071,ITH,ITH2,4,Provincia Autonoma Trento,P.A. Trento,541380,2233,0.41,0.41
597,2021-02-13,PAT,536,333,203,373,4,1,0,158,0,0,171,365,ITH,ITH2,4,Provincia Autonoma Trento,P.A. Trento,541380,2769,0.51,0.1
598,2021-01-23,PAT,570,330,240,480,2,0,88,0,0,0,384,186,ITH,ITH2,4,Provincia Autonoma Trento,P.A. Trento,541380,3339,0.62,0.11
599,2021-02-26,PAT,1206,431,775,249,12,11,19,809,1,105,892,314,ITH,ITH2,4,Provincia Autonoma Trento,P.A. Trento,541380,4545,0.84,0.22
600,2021-03-17,PAT,2043,786,1257,390,15,339,55,1238,1,5,1160,883,ITH,ITH2,4,Provincia Autonoma Trento,P.A. Trento,541380,6588,1.22,0.38
601,2021-02-12,PAT,1009,340,669,335,54,14,55,551,0,0,588,421,ITH,ITH2,4,Provincia Autonoma Trento,P.A. Trento,541380,7597,1.4,0.19
602,2021-02-23,PAT,1098,393,705,272,13,2,17,741,3,50,887,211,ITH,ITH2,4,Provincia Autonoma Trento,P.A. Trento,541380,8695,1.61,0.2
603,2021-03-02,PAT,1288,434,854,133,16,28,53,914,0,144,898,390,ITH,ITH2,4,Provincia Autonoma Trento,P.A. Trento,541380,9983,1.84,0.24
604,2021-03-13,PAT,831,382,449,201,15,5,30,39,282,259,781,50,ITH,ITH2,4,Provincia Autonoma Trento,P.A. Trento,541380,10814,2.0,0.15
605,2021-01-27,PAT,734,257,477,395,33,1,304,1,0,0,73,661,ITH,ITH2,4,Provincia Autonoma Trento,P.A. Trento,541380,11548,2.13,0.14
606,2021-01-29,PAT,1349,331,1018,722,74,12,541,0,0,0,54,1295,ITH,ITH2,4,Provincia Autonoma Trento,P.A. Trento,541380,12897,2.38,0.25
607,2021-03-20,PAT,854,396,458,151,97,469,0,76,0,61,652,202,ITH,ITH2,4,Provincia Autonoma Trento,P.A. Trento,541380,13751,2.54,0.16
608,2021-03-03,PAT,1639,618,1021,73,11,21,59,1255,19,201,1081,558,ITH,ITH2,4,Provincia Autonoma Trento,P.A. Trento,541380,15390,2.84,0.3
609,2021-01-13,PAT,420,123,297,391,6,0,23,0,0,0,420,0,ITH,ITH2,4,Provincia Autonoma Trento,P.A. Trento,541380,15810,2.92,0.08
610,2021-03-07,PAT,22,6,16,0,0,0,0,0,0,22,22,0,ITH,ITH2,4,Provincia Autonoma Trento,P.A. Trento,541380,15832,2.92,0.0
611,2021-02-19,PAT,902,347,555,170,37,16,70,580,1,28,845,57,ITH,ITH2,4,Provincia Autonoma Trento,P.A. Trento,541380,16734,3.09,0.17
612,2021-03-10,PAT,2352,909,1443,347,36,45,25,1376,222,301,1410,942,ITH,ITH2,4,Provincia Autonoma Trento,P.A. Trento,541380,19086,3.53,0.43
613,2021-01-14,PAT,696,201,495,477,6,5,208,0,0,0,696,0,ITH,ITH2,4,Provincia Autonoma Trento,P.A. Trento,541380,19782,3.65,0.13
614,2021-01-30,PAT,383,130,253,345,7,0,31,0,0,0,151,232,ITH,ITH2,4,Provincia Autonoma Trento,P.A. Trento,541380,20165,3.72,0.07
615,2021-03-05,PAT,2178,686,1492,125,66,62,101,905,157,762,1580,598,ITH,ITH2,4,Provincia Autonoma Trento,P.A. Trento,541380,22343,4.13,0.4
616,2021-03-15,PAT,1372,529,843,62,118,376,7,592,54,163,908,464,ITH,ITH2,4,Provincia Autonoma Trento,P.A. Trento,541380,23715,4.38,0.25
617,2021-03-11,PAT,2232,828,1404,101,49,112,41,1500,59,370,1374,858,ITH,ITH2,4,Provincia Autonoma Trento,P.A. Trento,541380,25947,4.79,0.41
618,2021-01-28,PAT,530,147,383,390,29,4,107,0,0,0,48,482,ITH,ITH2,4,Provincia Autonoma Trento,P.A. Trento,541380,26477,4.89,0.1
619,2021-01-19,PAT,403,77,326,363,3,1,36,0,0,0,403,0,ITH,ITH2,4,Provincia Autonoma Trento,P.A. Trento,541380,26880,4.97,0.07
620,2021-02-03,PAT,845,313,532,354,13,12,73,393,0,0,414,431,ITH,ITH2,4,Provincia Autonoma Trento,P.A. Trento,541380,27725,5.12,0.16
621,2021-03-16,PAT,1361,497,864,221,7,74,36,1020,0,3,587,774,ITH,ITH2,4,Provincia Autonoma Trento,P.A. Trento,541380,29086,5.37,0.25
622,2021-01-09,PAT,184,40,144,139,13,1,31,0,0,0,184,0,ITH,ITH2,4,Provincia Autonoma Trento,P.A. Trento,541380,29270,5.41,0.03
623,2021-02-24,PAT,1311,521,790,237,4,7,28,968,1,66,918,393,ITH,ITH2,4,Provincia Autonoma Trento,P.A. Trento,541380,30581,5.65,0.24
624,2021-01-22,PAT,1628,422,1206,874,119,9,623,0,0,3,317,1311,ITH,ITH2,4,Provincia Autonoma Trento,P.A. Trento,541380,32209,5.95,0.3
625,2021-03-08,PAT,1385,431,954,65,15,30,0,992,7,276,1025,360,ITH,ITH2,4,Provincia Autonoma Trento,P.A. Trento,541380,33594,6.21,0.26
626,2021-02-16,PAT,663,244,419,73,2,12,3,563,0,10,658,5,ITH,ITH2,4,Provincia Autonoma Trento,P.A. Trento,541380,34257,6.33,0.12
627,2021-01-21,PAT,349,93,256,318,13,2,16,0,0,0,227,122,ITH,ITH2,4,Provincia Autonoma Trento,P.A. Trento,541380,34606,6.39,0.06
628,2021-03-04,PAT,2328,783,1545,160,23,59,23,1699,19,345,1480,848,ITH,ITH2,4,Provincia Autonoma Trento,P.A. Trento,541380,36934,6.82,0.43
629,2021-02-02,PAT,906,240,666,507,33,14,188,164,0,0,190,716,ITH,ITH2,4,Provincia Autonoma Trento,P.A. Trento,541380,37840,6.99,0.17
630,2021-01-02,PAT,498,142,356,334,21,4,139,0,0,0,498,0,ITH,ITH2,4,Provincia Autonoma Trento,P.A. Trento,541380,38338,7.08,0.09
631,2021-01-05,PAT,707,231,476,494,46,6,161,0,0,0,707,0,ITH,ITH2,4,Provincia Autonoma Trento,P.A. Trento,541380,39045,7.21,0.13
632,2021-01-08,PAT,1442,312,1130,764,128,24,526,0,0,0,1442,0,ITH,ITH2,4,Provincia Autonoma Trento,P.A. Trento,541380,40487,7.48,0.27
633,2021-03-01,PAT,1235,453,782,74,1,17,10,1035,3,95,937,298,ITH,ITH2,4,Provincia Autonoma Trento,P.A. Trento,541380,41722,7.71,0.23
634,2021-02-09,PAT,914,287,627,447,8,5,73,381,0,0,441,473,ITH,ITH2,4,Provincia Autonoma Trento,P.A. Trento,541380,42636,7.88,0.17
635,2021-02-06,PAT,573,297,276,178,0,8,0,387,0,0,433,140,ITH,ITH2,4,Provincia Autonoma Trento,P.A. Trento,541380,43209,7.98,0.11
636,2021-01-24,PAT,545,274,271,533,12,0,0,0,0,0,223,322,ITH,ITH2,4,Provincia Autonoma Trento,P.A. Trento,541380,43754,8.08,0.1
637,2021-03-21,PAT,129,69,60,34,1,76,0,0,0,18,128,1,ITH,ITH2,4,Provincia Autonoma Trento,P.A. Trento,541380,43883,8.11,0.02
638,2021-01-01,PAT,206,48,158,109,11,0,86,0,0,0,206,0,ITH,ITH2,4,Provincia Autonoma Trento,P.A. Trento,541380,44089,8.14,0.04
639,2021-01-12,PAT,501,158,343,413,25,4,59,0,0,0,501,0,ITH,ITH2,4,Provincia Autonoma Trento,P.A. Trento,541380,44590,8.24,0.09
640,2021-03-06,PAT,734,256,478,325,10,7,0,194,5,193,582,152,ITH,ITH2,4,Provincia Autonoma Trento,P.A. Trento,541380,45324,8.37,0.14
641,2020-12-31,PAT,1598,440,1158,819,105,4,670,0,0,0,1598,0,ITH,ITH2,4,Provincia Autonoma Trento,P.A. Trento,541380,46922,8.67,0.3
642,2021-01-18,PAT,640,154,486,527,35,5,73,0,0,0,586,54,ITH,ITH2,4,Provincia Autonoma Trento,P.A. Trento,541380,47562,8.79,0.12
643,2021-01-06,PAT,42,13,29,42,0,0,0,0,0,0,42,0,ITH,ITH2,4,Provincia Autonoma Trento,P.A. Trento,541380,47604,8.79,0.01
644,2021-02-15,PAT,531,186,345,145,21,7,27,320,0,11,417,114,ITH,ITH2,4,Provincia Autonoma Trento,P.A. Trento,541380,48135,8.89,0.1
645,2021-03-09,PAT,1537,578,959,95,42,24,28,1065,91,192,902,635,ITH,ITH2,4,Provincia Autonoma Trento,P.A. Trento,541380,49672,9.18,0.28
646,2021-02-11,PAT,1130,364,766,331,3,13,48,735,0,0,796,334,ITH,ITH2,4,Provincia Autonoma Trento,P.A. Trento,541380,50802,9.38,0.21
647,2021-02-27,PAT,1022,455,567,445,12,16,0,434,4,111,599,423,ITH,ITH2,4,Provincia Autonoma Trento,P.A. Trento,541380,51824,9.57,0.19
648,2021-02-01,PAT,1218,335,883,765,70,8,375,0,0,0,92,1126,ITH,ITH2,4,Provincia Autonoma Trento,P.A. Trento,541380,53042,9.8,0.22
649,2021-01-15,PAT,592,130,462,460,18,3,111,0,0,0,592,0,ITH,ITH2,4,Provincia Autonoma Trento,P.A. Trento,541380,53634,9.91,0.11
650,2020-12-27,PAT,103,40,63,76,4,2,21,0,0,0,103,0,ITH,ITH2,4,Provincia Autonoma Trento,P.A. Trento,541380,53737,9.93,0.02
651,2021-03-24,PAT,1977,803,1174,161,56,233,0,1339,15,173,1271,706,ITH,ITH2,4,Provincia Autonoma Trento,P.A. Trento,541380,55714,10.29,0.37
652,2021-03-12,PAT,2398,899,1499,205,248,53,85,1070,203,534,1618,780,ITH,ITH2,4,Provincia Autonoma Trento,P.A. Trento,541380,58112,10.73,0.44
653,2021-01-07,PAT,1268,310,958,649,45,18,556,0,0,0,1268,0,ITH,ITH2,4,Provincia Autonoma Trento,P.A. Trento,541380,59380,10.97,0.23
654,2021-02-20,PAT,406,245,161,330,10,1,30,1,3,31,122,284,ITH,ITH2,4,Provincia Autonoma Trento,P.A. Trento,541380,59786,11.04,0.07
655,2021-02-17,PAT,1108,424,684,324,9,18,35,707,3,12,1017,91,ITH,ITH2,4,Provincia Autonoma Trento,P.A. Trento,541380,60894,11.25,0.2
656,2021-03-23,PAT,2299,881,1418,142,97,897,70,973,4,116,1580,719,ITH,ITH2,4,Provincia Autonoma Trento,P.A. Trento,541380,63193,11.67,0.42
657,2021-01-16,PAT,318,147,171,303,0,1,14,0,0,0,318,0,ITH,ITH2,4,Provincia Autonoma Trento,P.A. Trento,541380,63511,11.73,0.06
658,2021-02-22,PAT,745,259,486,118,4,7,70,501,0,45,660,85,ITH,ITH2,4,Provincia Autonoma Trento,P.A. Trento,541380,64256,11.87,0.14
659,2021-02-18,PAT,1196,422,774,300,25,5,35,773,3,55,1138,58,ITH,ITH2,4,Provincia Autonoma Trento,P.A. Trento,541380,65452,12.09,0.22
660,2021-02-28,PAT,242,121,121,231,0,0,0,0,0,11,242,0,ITH,ITH2,4,Provincia Autonoma Trento,P.A. Trento,541380,65694,12.13,0.04
661,2021-01-25,PAT,774,205,569,482,27,3,262,0,0,0,23,751,ITH,ITH2,4,Provincia Autonoma Trento,P.A. Trento,541380,66468,12.28,0.14
662,2021-02-08,PAT,1149,318,831,550,53,6,237,302,0,1,341,808,ITH,ITH2,4,Provincia Autonoma Trento,P.A. Trento,541380,67617,12.49,0.21
663,2021-02-04,PAT,971,303,668,541,10,7,89,324,0,0,420,551,ITH,ITH2,4,Provincia Autonoma Trento,P.A. Trento,541380,68588,12.67,0.18
664,2021-03-19,PAT,2338,891,1447,278,63,889,37,1005,2,64,1522,816,ITH,ITH2,4,Provincia Autonoma Trento,P.A. Trento,541380,70926,13.1,0.43
665,2020-12-30,PAT,6,2,4,4,1,0,1,0,0,0,6,0,ITH,ITH2,4,Provincia Autonoma Trento,P.A. Trento,541380,70932,13.1,0.0
666,2021-03-25,PAT,805,326,479,25,48,283,0,440,2,7,419,386,ITH,ITH2,4,Provincia Autonoma Trento,P.A. Trento,541380,71737,13.25,0.15
667,2021-02-05,PAT,802,271,531,467,19,3,66,247,0,0,283,519,ITH,ITH2,4,Provincia Autonoma Trento,P.A. Trento,541380,72539,13.4,0.15
668,2021-03-22,PAT,2238,951,1287,69,132,974,4,949,18,92,1369,869,ITH,ITH2,4,Provincia Autonoma Trento,P.A. Trento,541380,74777,13.81,0.41
669,2021-02-10,PAT,849,289,560,310,7,2,51,479,0,0,509,340,ITH,ITH2,4,Provincia Autonoma Trento,P.A. Trento,541380,75626,13.97,0.16
670,2021-03-14,PAT,107,65,42,102,0,0,0,0,0,5,20,87,ITH,ITH2,4,Provincia Autonoma Trento,P.A. Trento,541380,75733,13.99,0.02
671,2021-01-10,PAT,84,19,65,53,18,1,12,0,0,0,84,0,ITH,ITH2,4,Provincia Autonoma Trento,P.A. Trento,541380,75817,14.0,0.02
672,2021-01-31,PAT,74,15,59,55,13,0,6,0,0,0,0,74,ITH,ITH2,4,Provincia Autonoma Trento,P.A. Trento,541380,75891,14.02,0.01
673,2021-01-11,PAT,724,220,504,516,49,9,150,0,0,0,724,0,ITH,ITH2,4,Provincia Autonoma Trento,P.A. Trento,541380,76615,14.15,0.13
674,2021-01-20,PAT,288,71,217,229,10,1,48,0,0,0,276,12,ITH,ITH2,4,Provincia Autonoma Trento,P.A. Trento,541380,76903,14.2,0.05
675,2021-02-21,PAT,155,92,63,154,0,0,0,0,0,1,43,112,ITH,ITH2,4,Provincia Autonoma Trento,P.A. Trento,541380,77058,14.23,0.03
676,2021-01-26,PAT,497,138,359,397,15,1,84,0,0,0,25,472,ITH,ITH2,4,Provincia Autonoma Trento,P.A. Trento,541380,77555,14.33,0.09
677,2021-01-17,PAT,251,195,56,251,0,0,0,0,0,0,251,0,ITH,ITH2,4,Provincia Autonoma Trento,P.A. Trento,541380,77806,14.37,0.05
678,2021-01-03,PAT,483,158,325,409,9,3,62,0,0,0,483,0,ITH,ITH2,4,Provincia Autonoma Trento,P.A. Trento,541380,78289,14.46,0.09
679,2021-02-14,PAT,246,186,60,246,0,0,0,0,0,0,11,235,ITH,ITH2,4,Provincia Autonoma Trento,P.A. Trento,541380,78535,14.51,0.05
680,2021-01-04,PAT,853,223,630,481,41,8,322,1,0,0,853,0,ITH,ITH2,4,Provincia Autonoma Trento,P.A. Trento,541380,79388,14.66,0.16
681,2021-02-25,PAT,1584,620,964,120,9,7,32,1322,1,93,1159,425,ITH,ITH2,4,Provincia Autonoma Trento,P.A. Trento,541380,80972,14.96,0.29
682,2021-01-05,LIG,2878,896,1982,2307,107,196,261,0,0,7,2878,0,ITC,ITC3,7,Liguria,Liguria,1550640,2878,0.19,0.19
683,2021-01-15,LIG,2245,751,1494,1323,271,137,512,0,0,2,2245,0,ITC,ITC3,7,Liguria,Liguria,1550640,5123,0.33,0.14
684,2020-12-29,LIG,125,33,92,93,11,0,21,0,0,0,125,0,ITC,ITC3,7,Liguria,Liguria,1550640,5248,0.34,0.01
685,2021-01-14,LIG,2977,1053,1924,1868,335,220,553,0,0,1,2977,0,ITC,ITC3,7,Liguria,Liguria,1550640,8225,0.53,0.19
686,2021-03-12,LIG,5992,2764,3228,1193,209,712,77,3360,437,4,3552,2440,ITC,ITC3,7,Liguria,Liguria,1550640,14217,0.92,0.39
687,2021-01-16,LIG,1278,557,721,753,62,163,299,0,0,1,1278,0,ITC,ITC3,7,Liguria,Liguria,1550640,15495,1.0,0.08
688,2021-02-11,LIG,1953,758,1195,1234,125,133,455,0,0,6,1091,862,ITC,ITC3,7,Liguria,Liguria,1550640,17448,1.13,0.13
689,2021-01-01,LIG,144,55,89,139,4,1,0,0,0,0,144,0,ITC,ITC3,7,Liguria,Liguria,1550640,17592,1.13,0.01
690,2021-03-13,LIG,3523,1493,2030,329,77,634,71,1502,120,790,2670,853,ITC,ITC3,7,Liguria,Liguria,1550640,21115,1.36,0.23
691,2021-02-16,LIG,2391,948,1443,982,199,211,283,714,0,2,1998,393,ITC,ITC3,7,Liguria,Liguria,1550640,23506,1.52,0.15
692,2021-01-09,LIG,1335,481,854,998,73,74,188,0,0,2,1335,0,ITC,ITC3,7,Liguria,Liguria,1550640,24841,1.6,0.09
693,2021-03-03,LIG,4548,1825,2723,1029,118,127,288,2978,3,5,3555,993,ITC,ITC3,7,Liguria,Liguria,1550640,29389,1.9,0.29
694,2021-01-20,LIG,1546,554,992,724,121,219,480,0,0,2,1534,12,ITC,ITC3,7,Liguria,Liguria,1550640,30935,1.99,0.1
695,2021-02-02,LIG,2598,979,1619,1947,195,33,421,0,0,2,198,2400,ITC,ITC3,7,Liguria,Liguria,1550640,33533,2.16,0.17
696,2021-01-06,LIG,1660,616,1044,1230,40,210,113,64,0,3,1660,0,ITC,ITC3,7,Liguria,Liguria,1550640,35193,2.27,0.11
697,2021-01-10,LIG,648,262,386,369,84,19,176,0,0,0,648,0,ITC,ITC3,7,Liguria,Liguria,1550640,35841,2.31,0.04
698,2021-01-18,LIG,2125,740,1385,1247,182,248,438,0,0,10,1968,157,ITC,ITC3,7,Liguria,Liguria,1550640,37966,2.45,0.14
699,2021-02-22,LIG,3329,1463,1866,712,100,113,235,2167,0,2,3191,138,ITC,ITC3,7,Liguria,Liguria,1550640,41295,2.66,0.21
700,2021-03-16,LIG,6025,2696,3329,932,108,408,323,4246,3,5,2308,3717,ITC,ITC3,7,Liguria,Liguria,1550640,47320,3.05,0.39
701,2021-01-12,LIG,2393,862,1531,1726,174,95,396,0,0,2,2393,0,ITC,ITC3,7,Liguria,Liguria,1550640,49713,3.21,0.15
702,2021-02-08,LIG,1858,716,1142,1224,200,185,242,0,0,7,306,1552,ITC,ITC3,7,Liguria,Liguria,1550640,51571,3.33,0.12
703,2021-01-28,LIG,2840,968,1872,2237,183,105,309,0,1,5,39,2801,ITC,ITC3,7,Liguria,Liguria,1550640,54411,3.51,0.18
704,2021-03-22,LIG,7219,3219,4000,558,102,1563,38,3822,281,855,4442,2777,ITC,ITC3,7,Liguria,Liguria,1550640,61630,3.97,0.47
705,2021-03-17,LIG,5502,2351,3151,774,112,287,76,4245,2,6,2446,3056,ITC,ITC3,7,Liguria,Liguria,1550640,67132,4.33,0.35
706,2021-02-09,LIG,1893,680,1213,1080,193,143,455,0,0,22,256,1637,ITC,ITC3,7,Liguria,Liguria,1550640,69025,4.45,0.12
707,2021-01-07,LIG,3166,1076,2090,2313,145,275,428,0,1,4,3166,0,ITC,ITC3,7,Liguria,Liguria,1550640,72191,4.66,0.2
708,2021-01-08,LIG,2926,999,1927,2084,167,239,431,0,1,4,2926,0,ITC,ITC3,7,Liguria,Liguria,1550640,75117,4.84,0.19
709,2021-02-13,LIG,1079,508,571,543,77,58,147,254,0,0,800,279,ITC,ITC3,7,Liguria,Liguria,1550640,76196,4.91,0.07
710,2021-01-02,LIG,691,245,446,595,54,42,0,0,0,0,691,0,ITC,ITC3,7,Liguria,Liguria,1550640,76887,4.96,0.04
711,2021-01-11,LIG,2652,990,1662,1990,143,202,316,0,0,1,2652,0,ITC,ITC3,7,Liguria,Liguria,1550640,79539,5.13,0.17
712,2021-02-15,LIG,2256,837,1419,1083,185,82,241,662,1,2,1861,395,ITC,ITC3,7,Liguria,Liguria,1550640,81795,5.27,0.15
713,2021-02-04,LIG,2813,984,1829,1865,376,92,471,0,1,8,179,2634,ITC,ITC3,7,Liguria,Liguria,1550640,84608,5.46,0.18
714,2021-02-28,LIG,1060,581,479,12,1,570,3,474,0,0,1059,1,ITC,ITC3,7,Liguria,Liguria,1550640,85668,5.52,0.07
715,2021-01-17,LIG,861,300,561,516,16,66,262,0,0,1,861,0,ITC,ITC3,7,Liguria,Liguria,1550640,86529,5.58,0.06
716,2021-02-19,LIG,3093,1279,1814,988,123,469,97,1413,0,3,2917,176,ITC,ITC3,7,Liguria,Liguria,1550640,89622,5.78,0.2
717,2021-02-24,LIG,3735,1548,2187,796,82,183,150,2523,0,1,3477,258,ITC,ITC3,7,Liguria,Liguria,1550640,93357,6.02,0.24
718,2021-02-23,LIG,3804,1560,2244,687,79,192,116,2727,2,1,3695,109,ITC,ITC3,7,Liguria,Liguria,1550640,97161,6.27,0.25
719,2021-02-17,LIG,2623,1165,1458,883,131,231,262,1115,0,1,2260,363,ITC,ITC3,7,Liguria,Liguria,1550640,99784,6.44,0.17
720,2021-03-06,LIG,3243,1818,1425,373,12,776,120,1490,472,0,2538,705,ITC,ITC3,7,Liguria,Liguria,1550640,103027,6.64,0.21
721,2021-01-25,LIG,2717,888,1829,2208,128,62,317,0,0,2,471,2246,ITC,ITC3,7,Liguria,Liguria,1550640,105744,6.82,0.18
722,2021-02-12,LIG,1910,683,1227,864,119,104,392,430,0,1,896,1014,ITC,ITC3,7,Liguria,Liguria,1550640,107654,6.94,0.12
723,2021-02-26,LIG,3759,1519,2240,780,128,96,168,2585,0,2,3431,328,ITC,ITC3,7,Liguria,Liguria,1550640,111413,7.18,0.24
724,2021-01-21,LIG,1102,385,717,584,69,116,332,1,0,0,672,430,ITC,ITC3,7,Liguria,Liguria,1550640,112515,7.26,0.07
725,2021-02-18,LIG,2758,1126,1632,955,119,303,349,1030,0,2,2429,329,ITC,ITC3,7,Liguria,Liguria,1550640,115273,7.43,0.18
726,2021-02-07,LIG,407,153,254,191,12,17,187,0,0,0,2,405,ITC,ITC3,7,Liguria,Liguria,1550640,115680,7.46,0.03
727,2020-12-31,LIG,988,354,634,750,17,38,155,28,0,0,988,0,ITC,ITC3,7,Liguria,Liguria,1550640,116668,7.52,0.06
728,2021-02-10,LIG,2275,827,1448,1350,233,186,496,5,0,5,1014,1261,ITC,ITC3,7,Liguria,Liguria,1550640,118943,7.67,0.15
729,2021-02-20,LIG,1334,636,698,159,28,436,122,589,0,0,1333,1,ITC,ITC3,7,Liguria,Liguria,1550640,120277,7.76,0.09
730,2021-03-10,LIG,5702,2757,2945,814,92,695,85,3610,405,1,3805,1897,ITC,ITC3,7,Liguria,Liguria,1550640,125979,8.12,0.37
731,2021-03-08,LIG,5578,2439,3139,1121,171,355,80,3538,306,7,3894,1684,ITC,ITC3,7,Liguria,Liguria,1550640,131557,8.48,0.36
732,2021-03-11,LIG,6192,2972,3220,1141,107,513,262,3671,496,2,4190,2002,ITC,ITC3,7,Liguria,Liguria,1550640,137749,8.88,0.4
733,2021-01-04,LIG,2613,853,1760,2196,80,158,176,0,0,3,2613,0,ITC,ITC3,7,Liguria,Liguria,1550640,140362,9.05,0.17
734,2021-03-15,LIG,7107,3032,4075,763,132,1246,10,3772,221,963,4477,2630,ITC,ITC3,7,Liguria,Liguria,1550640,147469,9.51,0.46
735,2021-02-21,LIG,869,491,378,183,21,296,102,267,0,0,865,4,ITC,ITC3,7,Liguria,Liguria,1550640,148338,9.57,0.06
736,2021-01-31,LIG,624,270,354,418,67,4,135,0,0,0,9,615,ITC,ITC3,7,Liguria,Liguria,1550640,148962,9.61,0.04
737,2021-01-13,LIG,2753,1012,1741,1912,226,124,487,0,0,4,2753,0,ITC,ITC3,7,Liguria,Liguria,1550640,151715,9.78,0.18
738,2021-01-30,LIG,1661,567,1094,1261,88,53,257,0,0,2,25,1636,ITC,ITC3,7,Liguria,Liguria,1550640,153376,9.89,0.11
739,2021-02-06,LIG,1891,767,1124,1309,161,45,375,0,0,1,145,1746,ITC,ITC3,7,Liguria,Liguria,1550640,155267,10.01,0.12
740,2021-03-02,LIG,4072,1688,2384,726,60,126,76,3079,1,4,3762,310,ITC,ITC3,7,Liguria,Liguria,1550640,159339,10.28,0.26
741,2021-03-01,LIG,3497,1424,2073,528,62,57,105,2744,0,1,3375,122,ITC,ITC3,7,Liguria,Liguria,1550640,162836,10.5,0.23
742,2021-01-19,LIG,1356,429,927,709,130,186,328,0,0,3,1266,90,ITC,ITC3,7,Liguria,Liguria,1550640,164192,10.59,0.09
743,2021-01-03,LIG,734,230,504,658,23,52,0,0,0,1,734,0,ITC,ITC3,7,Liguria,Liguria,1550640,164926,10.64,0.05
744,2021-03-04,LIG,4719,2111,2608,919,106,210,277,2921,282,4,3889,830,ITC,ITC3,7,Liguria,Liguria,1550640,169645,10.94,0.3
745,2021-03-09,LIG,5783,2690,3093,1027,148,497,131,3447,533,0,4361,1422,ITC,ITC3,7,Liguria,Liguria,1550640,175428,11.31,0.37
746,2021-01-26,LIG,2480,801,1679,1962,152,110,251,0,0,5,14,2466,ITC,ITC3,7,Liguria,Liguria,1550640,177908,11.47,0.16
747,2021-01-27,LIG,1743,603,1140,1336,89,90,227,0,0,1,142,1601,ITC,ITC3,7,Liguria,Liguria,1550640,179651,11.59,0.11
748,2021-02-14,LIG,233,122,111,31,0,30,112,60,0,0,233,0,ITC,ITC3,7,Liguria,Liguria,1550640,179884,11.6,0.02
749,2021-02-03,LIG,2242,771,1471,1602,197,60,382,0,0,1,54,2188,ITC,ITC3,7,Liguria,Liguria,1550640,182126,11.75,0.14
750,2021-02-05,LIG,2628,975,1653,1728,357,75,464,0,0,4,301,2327,ITC,ITC3,7,Liguria,Liguria,1550640,184754,11.91,0.17
751,2021-02-25,LIG,3438,1346,2092,550,91,122,88,2584,2,1,3309,129,ITC,ITC3,7,Liguria,Liguria,1550640,188192,12.14,0.22
752,2020-12-28,LIG,80,30,50,77,0,3,0,0,0,0,80,0,ITC,ITC3,7,Liguria,Liguria,1550640,188272,12.14,0.01
753,2021-03-23,LIG,8596,3896,4700,631,79,2186,50,3919,456,1275,5388,3208,ITC,ITC3,7,Liguria,Liguria,1550640,196868,12.7,0.55
754,2021-01-24,LIG,755,236,519,632,60,3,60,0,0,0,113,642,ITC,ITC3,7,Liguria,Liguria,1550640,197623,12.74,0.05
755,2021-03-25,LIG,1604,702,902,260,29,323,7,671,84,230,937,667,ITC,ITC3,7,Liguria,Liguria,1550640,199227,12.85,0.1
756,2021-03-24,LIG,8190,3533,4657,492,97,1952,41,3943,387,1278,5010,3180,ITC,ITC3,7,Liguria,Liguria,1550640,207417,13.38,0.53
757,2021-03-07,LIG,1858,1085,773,184,8,516,258,508,383,1,1557,301,ITC,ITC3,7,Liguria,Liguria,1550640,209275,13.5,0.12
758,2021-03-14,LIG,1648,747,901,64,36,347,176,567,27,431,1044,604,ITC,ITC3,7,Liguria,Liguria,1550640,210923,13.6,0.11
759,2021-03-21,LIG,552,221,331,7,1,19,0,525,0,0,69,483,ITC,ITC3,7,Liguria,Liguria,1550640,211475,13.64,0.04
760,2021-02-27,LIG,1888,921,967,139,13,527,5,1204,0,0,1759,129,ITC,ITC3,7,Liguria,Liguria,1550640,213363,13.76,0.12
761,2021-01-29,LIG,3040,1057,1983,2298,194,117,429,0,0,2,66,2974,ITC,ITC3,7,Liguria,Liguria,1550640,216403,13.96,0.2
762,2021-01-22,LIG,1812,602,1210,1063,143,41,565,0,0,0,1327,485,ITC,ITC3,7,Liguria,Liguria,1550640,218215,14.07,0.12
763,2020-12-27,LIG,135,56,79,88,0,2,45,0,0,0,135,0,ITC,ITC3,7,Liguria,Liguria,1550640,218350,14.08,0.01
764,2021-01-23,LIG,809,295,514,633,94,38,43,0,0,1,153,656,ITC,ITC3,7,Liguria,Liguria,1550640,219159,14.13,0.05
765,2020-12-30,LIG,12,5,7,12,0,0,0,0,0,0,12,0,ITC,ITC3,7,Liguria,Liguria,1550640,219171,14.13,0.0
766,2021-03-20,LIG,2315,995,1320,224,44,184,0,1854,9,0,1142,1173,ITC,ITC3,7,Liguria,Liguria,1550640,221486,14.28,0.15
767,2021-03-18,LIG,4960,2118,2842,622,59,492,93,3683,6,5,2016,2944,ITC,ITC3,7,Liguria,Liguria,1550640,226446,14.6,0.32
768,2021-03-05,LIG,4853,2143,2710,800,66,259,81,3330,312,5,3729,1124,ITC,ITC3,7,Liguria,Liguria,1550640,231299,14.92,0.31
769,2021-03-19,LIG,5143,2207,2936,699,151,440,93,3656,21,83,2094,3049,ITC,ITC3,7,Liguria,Liguria,1550640,236442,15.25,0.33
770,2021-02-01,LIG,2442,904,1538,1914,158,54,315,0,0,1,76,2366,ITC,ITC3,7,Liguria,Liguria,1550640,238884,15.41,0.16
771,2021-03-08,LOM,29274,11000,18274,6512,1962,2391,1014,11298,1575,4522,22355,6919,ITC,ITC4,3,Lombardia,Lombardia,10060574,29274,0.29,0.29
772,2021-01-22,LOM,2937,828,2109,1569,595,34,730,9,0,0,2882,55,ITC,ITC4,3,Lombardia,Lombardia,10060574,32211,0.32,0.03
773,2021-03-12,LOM,34090,12626,21464,5023,2146,2170,1398,15388,1086,6879,24061,10029,ITC,ITC4,3,Lombardia,Lombardia,10060574,66301,0.66,0.34
774,2021-02-08,LOM,9802,2859,6943,5195,2170,69,2315,53,0,0,2089,7713,ITC,ITC4,3,Lombardia,Lombardia,10060574,76103,0.76,0.1
775,2021-03-15,LOM,31122,11160,19962,4650,2128,1826,831,12867,594,8226,22735,8387,ITC,ITC4,3,Lombardia,Lombardia,10060574,107225,1.07,0.31
776,2021-02-19,LOM,14035,5357,8678,5529,1618,268,1136,4540,928,16,13358,677,ITC,ITC4,3,Lombardia,Lombardia,10060574,121260,1.21,0.14
777,2021-01-12,LOM,19733,6581,13152,13405,4437,235,1563,92,1,0,19733,0,ITC,ITC4,3,Lombardia,Lombardia,10060574,140993,1.4,0.2
778,2021-01-01,LOM,24,7,17,24,0,0,0,0,0,0,24,0,ITC,ITC4,3,Lombardia,Lombardia,10060574,141017,1.4,0.0
779,2021-03-10,LOM,32226,12314,19912,6783,2497,2544,1922,11508,1531,5441,24622,7604,ITC,ITC4,3,Lombardia,Lombardia,10060574,173243,1.72,0.32
780,2021-03-16,LOM,25271,10028,15243,3290,1344,1542,1391,17612,17,75,16290,8981,ITC,ITC4,3,Lombardia,Lombardia,10060574,198514,1.97,0.25
781,2021-01-31,LOM,9727,3754,5973,7568,1996,67,87,7,2,0,33,9694,ITC,ITC4,3,Lombardia,Lombardia,10060574,208241,2.07,0.1
782,2021-02-01,LOM,16029,5308,10721,11661,3315,106,902,43,1,1,324,15705,ITC,ITC4,3,Lombardia,Lombardia,10060574,224270,2.23,0.16
783,2021-01-17,LOM,8249,3321,4928,5547,699,1751,211,36,5,0,8049,200,ITC,ITC4,3,Lombardia,Lombardia,10060574,232519,2.31,0.08
784,2021-01-21,LOM,5322,1566,3756,3008,1208,78,1024,4,0,0,4635,687,ITC,ITC4,3,Lombardia,Lombardia,10060574,237841,2.36,0.05
785,2021-03-11,LOM,35519,13247,22272,5768,2379,2401,2079,15024,1216,6652,25829,9690,ITC,ITC4,3,Lombardia,Lombardia,10060574,273360,2.72,0.35
786,2021-02-02,LOM,19807,6568,13239,13481,4408,155,1679,76,7,1,489,19318,ITC,ITC4,3,Lombardia,Lombardia,10060574,293167,2.91,0.2
787,2021-03-17,LOM,25824,10319,15505,2488,1297,1014,1899,19043,44,39,15005,10819,ITC,ITC4,3,Lombardia,Lombardia,10060574,318991,3.17,0.26
788,2021-02-17,LOM,11793,3707,8086,7590,2149,107,1860,39,38,10,10438,1355,ITC,ITC4,3,Lombardia,Lombardia,10060574,330784,3.29,0.12
789,2020-12-27,LOM,702,407,295,601,45,41,14,1,0,0,702,0,ITC,ITC4,3,Lombardia,Lombardia,10060574,331486,3.29,0.01
790,2021-03-20,LOM,31564,11718,19846,1889,1157,1851,520,18100,284,7763,21821,9743,ITC,ITC4,3,Lombardia,Lombardia,10060574,363050,3.61,0.31
791,2020-12-31,LOM,713,300,413,657,56,0,0,0,0,0,713,0,ITC,ITC4,3,Lombardia,Lombardia,10060574,363763,3.62,0.01
792,2021-02-28,LOM,7834,3234,4600,1106,694,1586,76,4259,82,31,7618,216,ITC,ITC4,3,Lombardia,Lombardia,10060574,371597,3.69,0.08
793,2021-03-19,LOM,31910,12704,19206,2710,1696,1203,1275,21871,150,3005,18951,12959,ITC,ITC4,3,Lombardia,Lombardia,10060574,403507,4.01,0.32
794,2021-02-15,LOM,8795,3079,5716,6012,1603,150,986,4,31,9,8375,420,ITC,ITC4,3,Lombardia,Lombardia,10060574,412302,4.1,0.09
795,2021-02-18,LOM,13949,4904,9045,6113,1790,157,1567,3437,857,28,12926,1023,ITC,ITC4,3,Lombardia,Lombardia,10060574,426251,4.24,0.14
796,2021-01-24,LOM,1186,454,732,830,134,197,24,1,0,0,523,663,ITC,ITC4,3,Lombardia,Lombardia,10060574,427437,4.25,0.01
797,2021-03-04,LOM,28894,11956,16938,6897,2179,4653,2059,10783,1947,376,20005,8889,ITC,ITC4,3,Lombardia,Lombardia,10060574,456331,4.54,0.29
798,2021-01-20,LOM,5578,1364,4214,2743,1174,45,1557,59,0,0,5463,115,ITC,ITC4,3,Lombardia,Lombardia,10060574,461909,4.59,0.06
799,2021-01-02,LOM,199,72,127,178,16,5,0,0,0,0,199,0,ITC,ITC4,3,Lombardia,Lombardia,10060574,462108,4.59,0.0
800,2021-01-11,LOM,16016,5321,10695,11811,3303,158,699,42,1,2,16016,0,ITC,ITC4,3,Lombardia,Lombardia,10060574,478124,4.75,0.16
801,2021-02-04,LOM,27237,7980,19257,15652,5732,150,5502,194,7,0,1940,25297,ITC,ITC4,3,Lombardia,Lombardia,10060574,505361,5.02,0.27
802,2021-01-08,LOM,12599,3898,8701,9962,2175,143,314,5,0,0,12599,0,ITC,ITC4,3,Lombardia,Lombardia,10060574,517960,5.15,0.13
803,2021-02-21,LOM,5004,1851,3153,1743,807,152,32,2227,40,3,4984,20,ITC,ITC4,3,Lombardia,Lombardia,10060574,522964,5.2,0.05
804,2020-12-30,LOM,113,42,71,105,7,1,0,0,0,0,113,0,ITC,ITC4,3,Lombardia,Lombardia,10060574,523077,5.2,0.0
805,2021-02-09,LOM,12104,3298,8806,5716,2206,92,4009,75,2,4,4001,8103,ITC,ITC4,3,Lombardia,Lombardia,10060574,535181,5.32,0.12
806,2021-03-24,LOM,39158,13952,25206,2889,1182,3738,1285,17481,429,12154,29499,9659,ITC,ITC4,3,Lombardia,Lombardia,10060574,574339,5.71,0.39
807,2021-03-22,LOM,38930,13683,25247,2386,1290,2334,665,19824,443,11988,28972,9958,ITC,ITC4,3,Lombardia,Lombardia,10060574,613269,6.1,0.39
808,2021-01-30,LOM,12309,4565,7744,9902,2048,189,160,8,1,1,192,12117,ITC,ITC4,3,Lombardia,Lombardia,10060574,625578,6.22,0.12
809,2021-03-23,LOM,40136,14449,25687,2021,1282,3073,1171,19980,321,12288,28586,11550,ITC,ITC4,3,Lombardia,Lombardia,10060574,665714,6.62,0.4
810,2021-02-05,LOM,24968,7257,17711,14109,6041,183,4376,258,1,0,2132,22836,ITC,ITC4,3,Lombardia,Lombardia,10060574,690682,6.87,0.25
811,2021-03-25,LOM,12334,4477,7857,942,289,913,348,6289,86,3467,7703,4631,ITC,ITC4,3,Lombardia,Lombardia,10060574,703016,6.99,0.12
812,2021-02-07,LOM,7172,2793,4379,5540,1285,60,263,17,2,5,339,6833,ITC,ITC4,3,Lombardia,Lombardia,10060574,710188,7.06,0.07
813,2021-02-03,LOM,25427,7863,17564,15556,5553,152,4015,142,8,1,1120,24307,ITC,ITC4,3,Lombardia,Lombardia,10060574,735615,7.31,0.25
814,2021-01-03,LOM,852,316,536,744,87,16,4,1,0,0,852,0,ITC,ITC4,3,Lombardia,Lombardia,10060574,736467,7.32,0.01
815,2021-01-04,LOM,5979,2059,3920,4917,692,186,173,11,0,0,5979,0,ITC,ITC4,3,Lombardia,Lombardia,10060574,742446,7.38,0.06
816,2021-01-28,LOM,12156,3684,8472,9172,1784,199,971,28,1,1,775,11381,ITC,ITC4,3,Lombardia,Lombardia,10060574,754602,7.5,0.12
817,2021-01-26,LOM,8325,2704,5621,6640,1270,170,223,22,0,0,334,7991,ITC,ITC4,3,Lombardia,Lombardia,10060574,762927,7.58,0.08
818,2020-12-28,LOM,103,44,59,102,1,0,0,0,0,0,103,0,ITC,ITC4,3,Lombardia,Lombardia,10060574,763030,7.58,0.0
819,2021-03-07,LOM,10971,4844,6127,2998,895,1277,73,4520,552,656,8419,2552,ITC,ITC4,3,Lombardia,Lombardia,10060574,774001,7.69,0.11
820,2021-02-20,LOM,9387,3880,5507,4275,973,137,216,2919,863,4,9094,293,ITC,ITC4,3,Lombardia,Lombardia,10060574,783388,7.79,0.09
821,2021-02-25,LOM,15095,6268,8827,2948,1286,329,1292,8014,1216,10,13551,1544,ITC,ITC4,3,Lombardia,Lombardia,10060574,798483,7.94,0.15
822,2021-01-19,LOM,8069,2340,5729,4041,1742,77,2143,65,1,0,7593,476,ITC,ITC4,3,Lombardia,Lombardia,10060574,806552,8.02,0.08
823,2021-03-06,LOM,21161,9031,12130,4750,1850,4319,438,7432,1025,1347,16651,4510,ITC,ITC4,3,Lombardia,Lombardia,10060574,827713,8.23,0.21
824,2021-01-18,LOM,9092,2948,6144,5159,1940,107,1830,54,2,0,8110,982,ITC,ITC4,3,Lombardia,Lombardia,10060574,836805,8.32,0.09
825,2021-01-05,LOM,7692,2524,5168,6178,1108,227,172,7,0,0,7692,0,ITC,ITC4,3,Lombardia,Lombardia,10060574,844497,8.39,0.08
826,2021-02-22,LOM,11655,4713,6942,4165,1393,143,932,4029,965,28,11346,309,ITC,ITC4,3,Lombardia,Lombardia,10060574,856152,8.51,0.12
827,2021-02-16,LOM,9462,3074,6388,5832,2098,159,1338,8,8,19,9011,451,ITC,ITC4,3,Lombardia,Lombardia,10060574,865614,8.6,0.09
828,2021-01-09,LOM,12381,4560,7821,9503,2051,624,196,6,1,0,12381,0,ITC,ITC4,3,Lombardia,Lombardia,10060574,877995,8.73,0.12
829,2021-01-07,LOM,11696,3621,8075,8959,1718,212,773,32,1,1,11696,0,ITC,ITC4,3,Lombardia,Lombardia,10060574,889691,8.84,0.12
830,2021-02-14,LOM,3559,1540,2019,2749,491,282,24,3,0,10,2937,622,ITC,ITC4,3,Lombardia,Lombardia,10060574,893250,8.88,0.04
831,2021-02-27,LOM,13814,5817,7997,2001,1082,786,558,8248,1091,48,13270,544,ITC,ITC4,3,Lombardia,Lombardia,10060574,907064,9.02,0.14
832,2021-03-18,LOM,26611,10610,16001,2152,1080,1080,1452,20703,44,100,15785,10826,ITC,ITC4,3,Lombardia,Lombardia,10060574,933675,9.28,0.26
833,2021-03-21,LOM,22624,8059,14565,1046,551,1265,410,9711,734,8907,17372,5252,ITC,ITC4,3,Lombardia,Lombardia,10060574,956299,9.51,0.22
834,2021-01-16,LOM,15316,5695,9621,8599,1230,3850,1482,152,3,0,15316,0,ITC,ITC4,3,Lombardia,Lombardia,10060574,971615,9.66,0.15
835,2020-12-29,LOM,100,43,57,100,0,0,0,0,0,0,100,0,ITC,ITC4,3,Lombardia,Lombardia,10060574,971715,9.66,0.0
836,2021-02-26,LOM,17953,7424,10529,3085,1640,274,1155,10471,1304,24,16322,1631,ITC,ITC4,3,Lombardia,Lombardia,10060574,989668,9.84,0.18
837,2021-03-01,LOM,18579,8140,10439,2635,1017,1598,900,10792,1609,28,16875,1704,ITC,ITC4,3,Lombardia,Lombardia,10060574,1008247,10.02,0.18
838,2021-01-06,LOM,7051,2487,4564,5841,1020,150,38,0,0,2,7051,0,ITC,ITC4,3,Lombardia,Lombardia,10060574,1015298,10.09,0.07
839,2021-03-09,LOM,32354,12433,19921,6030,2530,2682,2266,12008,1427,5411,25028,7326,ITC,ITC4,3,Lombardia,Lombardia,10060574,1047652,10.41,0.32
840,2021-02-12,LOM,13470,4214,9256,7977,2565,93,2725,102,5,3,8732,4738,ITC,ITC4,3,Lombardia,Lombardia,10060574,1061122,10.55,0.13
841,2021-01-25,LOM,7020,2370,4650,5629,911,248,218,14,0,0,486,6534,ITC,ITC4,3,Lombardia,Lombardia,10060574,1068142,10.62,0.07
842,2021-01-27,LOM,8028,2675,5353,6192,1244,155,434,1,0,2,820,7208,ITC,ITC4,3,Lombardia,Lombardia,10060574,1076170,10.7,0.08
843,2021-02-06,LOM,15028,5462,9566,9698,2910,485,1860,71,1,3,977,14051,ITC,ITC4,3,Lombardia,Lombardia,10060574,1091198,10.85,0.15
844,2021-03-05,LOM,28283,11676,16607,7030,2454,4403,1470,10621,1900,405,20135,8148,ITC,ITC4,3,Lombardia,Lombardia,10060574,1119481,11.13,0.28
845,2021-02-23,LOM,11696,4772,6924,3936,1350,266,841,4310,990,3,11388,308,ITC,ITC4,3,Lombardia,Lombardia,10060574,1131177,11.24,0.12
846,2021-01-13,LOM,25930,7950,17980,15644,5675,297,4122,189,2,1,25930,0,ITC,ITC4,3,Lombardia,Lombardia,10060574,1157107,11.5,0.26
847,2021-03-14,LOM,13988,4911,9077,1494,566,917,80,5258,396,5277,10719,3269,ITC,ITC4,3,Lombardia,Lombardia,10060574,1171095,11.64,0.14
848,2021-02-13,LOM,6380,2431,3949,4172,1416,85,682,17,4,4,4931,1449,ITC,ITC4,3,Lombardia,Lombardia,10060574,1177475,11.7,0.06
849,2021-02-11,LOM,16783,4938,11845,9647,3188,58,3848,32,4,6,9458,7325,ITC,ITC4,3,Lombardia,Lombardia,10060574,1194258,11.87,0.17
850,2021-02-10,LOM,14190,4446,9744,8450,2269,109,3282,71,3,6,7451,6739,ITC,ITC4,3,Lombardia,Lombardia,10060574,1208448,12.01,0.14
851,2021-01-29,LOM,13436,4114,9322,10485,2256,113,573,9,0,0,654,12782,ITC,ITC4,3,Lombardia,Lombardia,10060574,1221884,12.15,0.13
852,2021-02-24,LOM,14627,5909,8718,3576,1441,306,1784,6315,1181,24,13704,923,ITC,ITC4,3,Lombardia,Lombardia,10060574,1236511,12.29,0.15
853,2021-03-02,LOM,22471,9575,12896,3046,1297,2898,2095,11227,1778,130,19533,2938,ITC,ITC4,3,Lombardia,Lombardia,10060574,1258982,12.51,0.22
854,2021-03-13,LOM,26188,9390,16798,3726,933,2549,250,10223,617,7890,20202,5986,ITC,ITC4,3,Lombardia,Lombardia,10060574,1285170,12.77,0.26
855,2021-01-14,LOM,26416,7706,18710,15072,5448,305,5362,228,1,0,26416,0,ITC,ITC4,3,Lombardia,Lombardia,10060574,1311586,13.04,0.26
856,2021-01-23,LOM,1114,357,757,644,258,74,138,0,0,0,916,198,ITC,ITC4,3,Lombardia,Lombardia,10060574,1312700,13.05,0.01
857,2021-01-10,LOM,10516,3955,6561,8173,2159,85,85,11,2,1,10516,0,ITC,ITC4,3,Lombardia,Lombardia,10060574,1323216,13.15,0.1
858,2021-03-03,LOM,26385,11257,15128,6332,1599,4777,1612,9732,1862,471,19229,7156,ITC,ITC4,3,Lombardia,Lombardia,10060574,1349601,13.41,0.26
859,2021-01-15,LOM,24541,7235,17306,13584,5772,428,4453,302,2,0,24541,0,ITC,ITC4,3,Lombardia,Lombardia,10060574,1374142,13.66,0.24
860,2021-03-02,TOS,10534,3769,6765,3169,428,598,125,1832,870,3512,7097,3437,ITI,ITI1,9,Toscana,Toscana,3729641,10534,0.28,0.28
861,2021-01-24,TOS,3348,1072,2276,2601,35,2,709,1,0,0,200,3148,ITI,ITI1,9,Toscana,Toscana,3729641,13882,0.37,0.09
862,2021-02-06,TOS,4527,1550,2977,3725,574,1,227,0,0,0,1294,3233,ITI,ITI1,9,Toscana,Toscana,3729641,18409,0.49,0.12
863,2021-01-03,TOS,3336,1052,2284,2565,9,0,762,0,0,0,3336,0,ITI,ITI1,9,Toscana,Toscana,3729641,21745,0.58,0.09
864,2021-02-26,TOS,10048,3817,6231,1557,636,1070,298,1787,1137,3563,8842,1206,ITI,ITI1,9,Toscana,Toscana,3729641,31793,0.85,0.27
865,2021-01-22,TOS,2861,1063,1798,2022,81,0,758,0,0,0,525,2336,ITI,ITI1,9,Toscana,Toscana,3729641,34654,0.93,0.08
866,2021-02-12,TOS,7606,2683,4923,3742,380,2892,188,2,402,0,7393,213,ITI,ITI1,9,Toscana,Toscana,3729641,42260,1.13,0.2
867,2021-03-15,TOS,8299,3300,4999,3216,1248,709,402,23,420,2281,3863,4436,ITI,ITI1,9,Toscana,Toscana,3729641,50559,1.36,0.22
868,2021-02-18,TOS,8815,3284,5531,2924,1447,64,228,214,796,3142,7923,892,ITI,ITI1,9,Toscana,Toscana,3729641,59374,1.59,0.24
869,2021-03-25,TOS,6248,2638,3610,23,24,1555,126,4363,39,118,3885,2363,ITI,ITI1,9,Toscana,Toscana,3729641,65622,1.76,0.17
870,2021-03-22,TOS,4798,2369,2429,217,348,3431,352,9,126,315,4366,432,ITI,ITI1,9,Toscana,Toscana,3729641,70420,1.89,0.13
871,2021-03-08,TOS,6267,2560,3707,4063,746,986,177,65,222,8,1448,4819,ITI,ITI1,9,Toscana,Toscana,3729641,76687,2.06,0.17
872,2021-02-03,TOS,4221,1452,2769,3475,239,1,505,1,0,0,241,3980,ITI,ITI1,9,Toscana,Toscana,3729641,80908,2.17,0.11
873,2021-01-21,TOS,1589,686,903,579,220,0,790,0,0,0,867,722,ITI,ITI1,9,Toscana,Toscana,3729641,82497,2.21,0.04
874,2021-01-23,TOS,3949,1354,2595,2936,170,2,841,0,0,0,640,3309,ITI,ITI1,9,Toscana,Toscana,3729641,86446,2.32,0.11
875,2021-01-14,TOS,3254,1179,2075,2459,475,0,320,0,0,0,3254,0,ITI,ITI1,9,Toscana,Toscana,3729641,89700,2.41,0.09
876,2021-02-15,TOS,8770,3374,5396,4536,922,1106,216,56,794,1140,7945,825,ITI,ITI1,9,Toscana,Toscana,3729641,98470,2.64,0.24
877,2021-03-19,TOS,9857,4344,5513,639,438,3998,275,4459,13,35,7111,2746,ITI,ITI1,9,Toscana,Toscana,3729641,108327,2.9,0.26
878,2021-03-04,TOS,17462,6654,10808,2816,275,1397,274,8141,864,3695,14386,3076,ITI,ITI1,9,Toscana,Toscana,3729641,125789,3.37,0.47
879,2021-01-17,TOS,2535,871,1664,2002,293,0,240,0,0,0,2022,513,ITI,ITI1,9,Toscana,Toscana,3729641,128324,3.44,0.07
880,2021-01-15,TOS,3878,1347,2531,2758,674,2,444,0,0,0,3878,0,ITI,ITI1,9,Toscana,Toscana,3729641,132202,3.54,0.1
881,2021-01-11,TOS,5092,1689,3403,4360,209,1,522,0,0,0,5092,0,ITI,ITI1,9,Toscana,Toscana,3729641,137294,3.68,0.14
882,2021-01-04,TOS,5063,1893,3170,4099,29,3,932,0,0,0,5063,0,ITI,ITI1,9,Toscana,Toscana,3729641,142357,3.82,0.14
883,2021-03-03,TOS,18040,6434,11606,3318,496,661,135,9086,898,3446,14443,3597,ITI,ITI1,9,Toscana,Toscana,3729641,160397,4.3,0.48
884,2021-03-11,TOS,15129,5828,9301,2436,905,1363,229,10019,165,12,11820,3309,ITI,ITI1,9,Toscana,Toscana,3729641,175526,4.71,0.41
885,2021-02-20,TOS,4641,1790,2851,3350,1038,0,203,17,15,18,4128,513,ITI,ITI1,9,Toscana,Toscana,3729641,180167,4.83,0.12
886,2021-01-16,TOS,3271,1046,2225,2493,538,0,240,0,0,0,3271,0,ITI,ITI1,9,Toscana,Toscana,3729641,183438,4.92,0.09
887,2021-02-28,TOS,1649,667,982,1111,201,1,78,0,249,9,922,727,ITI,ITI1,9,Toscana,Toscana,3729641,185087,4.96,0.04
888,2021-02-19,TOS,8299,2951,5348,2968,1207,27,243,154,580,3120,7792,507,ITI,ITI1,9,Toscana,Toscana,3729641,193386,5.19,0.22
889,2021-03-09,TOS,10460,4013,6447,4804,905,1180,151,3245,164,11,4908,5552,ITI,ITI1,9,Toscana,Toscana,3729641,203846,5.47,0.28
890,2021-02-27,TOS,1944,723,1221,1352,311,3,132,1,126,19,1042,902,ITI,ITI1,9,Toscana,Toscana,3729641,205790,5.52,0.05
891,2021-01-25,TOS,5124,1896,3228,4159,54,2,909,0,0,0,248,4876,ITI,ITI1,9,Toscana,Toscana,3729641,210914,5.66,0.14
892,2021-01-19,TOS,1104,531,573,392,220,1,491,0,0,0,1104,0,ITI,ITI1,9,Toscana,Toscana,3729641,212018,5.68,0.03
893,2021-03-18,TOS,9673,3859,5814,427,542,886,257,7551,7,3,5770,3903,ITI,ITI1,9,Toscana,Toscana,3729641,221691,5.94,0.26
894,2021-02-13,TOS,7785,2360,5425,3667,574,3194,163,0,186,1,7558,227,ITI,ITI1,9,Toscana,Toscana,3729641,229476,6.15,0.21
895,2021-02-01,TOS,5465,1942,3523,4441,403,4,617,0,0,0,521,4944,ITI,ITI1,9,Toscana,Toscana,3729641,234941,6.3,0.15
896,2021-02-25,TOS,10580,4281,6299,1078,421,1281,259,3201,1141,3199,9586,994,ITI,ITI1,9,Toscana,Toscana,3729641,245521,6.58,0.28
897,2021-02-04,TOS,4251,1594,2657,3166,623,1,456,5,0,0,961,3290,ITI,ITI1,9,Toscana,Toscana,3729641,249772,6.7,0.11
898,2021-01-31,TOS,3048,1129,1919,2465,133,2,448,0,0,0,105,2943,ITI,ITI1,9,Toscana,Toscana,3729641,252820,6.78,0.08
899,2021-02-16,TOS,9268,3338,5930,5084,952,30,178,10,691,2323,8557,711,ITI,ITI1,9,Toscana,Toscana,3729641,262088,7.03,0.25
900,2021-03-01,TOS,4374,1664,2710,3188,592,9,137,2,421,25,739,3635,ITI,ITI1,9,Toscana,Toscana,3729641,266462,7.14,0.12
901,2021-01-09,TOS,4484,1596,2888,3779,143,1,560,1,0,0,4484,0,ITI,ITI1,9,Toscana,Toscana,3729641,270946,7.26,0.12
902,2021-03-20,TOS,6356,2790,3566,881,551,4739,109,28,14,34,5250,1106,ITI,ITI1,9,Toscana,Toscana,3729641,277302,7.44,0.17
903,2021-02-24,TOS,10350,4459,5891,81,302,1267,301,4120,1331,2948,10153,197,ITI,ITI1,9,Toscana,Toscana,3729641,287652,7.71,0.28
904,2021-02-17,TOS,8175,3168,5007,3465,1122,51,249,218,584,2486,7424,751,ITI,ITI1,9,Toscana,Toscana,3729641,295827,7.93,0.22
905,2021-01-07,TOS,6018,1751,4267,5308,29,1,680,0,0,0,6018,0,ITI,ITI1,9,Toscana,Toscana,3729641,301845,8.09,0.16
906,2021-03-24,TOS,18039,7305,10734,211,322,4409,110,12048,166,773,9479,8560,ITI,ITI1,9,Toscana,Toscana,3729641,319884,8.58,0.48
907,2021-02-23,TOS,7720,3323,4397,1491,530,1041,204,509,1114,2831,7559,161,ITI,ITI1,9,Toscana,Toscana,3729641,327604,8.78,0.21
908,2021-03-07,TOS,5647,2356,3291,3102,511,586,123,15,536,774,2106,3541,ITI,ITI1,9,Toscana,Toscana,3729641,333251,8.94,0.15
909,2021-01-10,TOS,3001,1104,1897,2432,134,4,431,0,0,0,3001,0,ITI,ITI1,9,Toscana,Toscana,3729641,336252,9.02,0.08
910,2021-03-23,TOS,8769,3978,4791,255,298,4181,309,3250,138,338,6609,2160,ITI,ITI1,9,Toscana,Toscana,3729641,345021,9.25,0.24
911,2021-02-05,TOS,5748,2244,3504,4121,1180,4,442,1,0,0,1924,3824,ITI,ITI1,9,Toscana,Toscana,3729641,350769,9.4,0.15
912,2021-02-11,TOS,5383,2021,3362,2809,284,1934,323,12,10,11,5141,242,ITI,ITI1,9,Toscana,Toscana,3729641,356152,9.55,0.14
913,2021-01-13,TOS,4063,1398,2665,3308,348,2,405,0,0,0,4063,0,ITI,ITI1,9,Toscana,Toscana,3729641,360215,9.66,0.11
914,2021-03-13,TOS,9254,3282,5972,2833,1156,953,54,174,344,3740,5308,3946,ITI,ITI1,9,Toscana,Toscana,3729641,369469,9.91,0.25
915,2021-01-20,TOS,1314,635,679,432,255,1,626,0,0,0,1077,237,ITI,ITI1,9,Toscana,Toscana,3729641,370783,9.94,0.04
916,2021-01-18,TOS,1119,636,483,430,313,1,375,0,0,0,1021,98,ITI,ITI1,9,Toscana,Toscana,3729641,371902,9.97,0.03
917,2021-01-28,TOS,6275,1880,4395,5421,64,2,788,0,0,0,349,5926,ITI,ITI1,9,Toscana,Toscana,3729641,378177,10.14,0.17
918,2021-01-29,TOS,6136,1698,4438,5375,138,1,622,0,0,0,302,5834,ITI,ITI1,9,Toscana,Toscana,3729641,384313,10.3,0.16
919,2021-03-12,TOS,16130,6018,10112,2604,952,999,186,6780,684,3925,12609,3521,ITI,ITI1,9,Toscana,Toscana,3729641,400443,10.74,0.43
920,2021-03-21,TOS,3230,1574,1656,660,791,1677,77,7,6,12,1797,1433,ITI,ITI1,9,Toscana,Toscana,3729641,403673,10.82,0.09
921,2021-02-22,TOS,9817,4253,5564,3484,1390,889,315,22,1014,2703,9539,278,ITI,ITI1,9,Toscana,Toscana,3729641,413490,11.09,0.26
922,2021-01-27,TOS,4835,1572,3263,4019,73,1,742,0,0,0,207,4628,ITI,ITI1,9,Toscana,Toscana,3729641,418325,11.22,0.13
923,2021-02-10,TOS,4262,1280,2982,3536,239,2,484,0,1,0,3739,523,ITI,ITI1,9,Toscana,Toscana,3729641,422587,11.33,0.11
924,2021-01-06,TOS,4519,1459,3060,3984,9,1,525,0,0,0,4519,0,ITI,ITI1,9,Toscana,Toscana,3729641,427106,11.45,0.12
925,2021-02-07,TOS,2806,953,1853,2349,299,1,157,0,0,0,885,1921,ITI,ITI1,9,Toscana,Toscana,3729641,429912,11.53,0.08
926,2021-01-01,TOS,2368,786,1582,1716,2,0,650,0,0,0,2368,0,ITI,ITI1,9,Toscana,Toscana,3729641,432280,11.59,0.06
927,2021-01-08,TOS,5944,1641,4303,5360,36,3,545,0,0,0,5944,0,ITI,ITI1,9,Toscana,Toscana,3729641,438224,11.75,0.16
928,2020-12-30,TOS,327,104,223,34,10,0,283,0,0,0,327,0,ITI,ITI1,9,Toscana,Toscana,3729641,438551,11.76,0.01
929,2021-03-14,TOS,7161,2561,4600,3102,797,452,121,2,211,2476,3230,3931,ITI,ITI1,9,Toscana,Toscana,3729641,445712,11.95,0.19
930,2021-02-14,TOS,8993,2567,6426,3033,549,5064,81,0,261,5,8883,110,ITI,ITI1,9,Toscana,Toscana,3729641,454705,12.19,0.24
931,2021-03-05,TOS,16270,6232,10038,3921,926,1485,170,5148,748,3872,11530,4740,ITI,ITI1,9,Toscana,Toscana,3729641,470975,12.63,0.44
932,2021-01-12,TOS,3581,1398,2183,2944,282,1,354,0,0,0,3581,0,ITI,ITI1,9,Toscana,Toscana,3729641,474556,12.72,0.1
933,2021-02-02,TOS,3741,1475,2266,3020,283,4,422,6,6,0,194,3547,ITI,ITI1,9,Toscana,Toscana,3729641,478297,12.82,0.1
934,2021-01-02,TOS,3497,1097,2400,2682,15,0,800,0,0,0,3497,0,ITI,ITI1,9,Toscana,Toscana,3729641,481794,12.92,0.09
935,2021-02-21,TOS,5104,2089,3015,3666,1219,0,195,2,13,9,4935,169,ITI,ITI1,9,Toscana,Toscana,3729641,486898,13.05,0.14
936,2021-02-09,TOS,4488,1468,3020,3583,386,2,513,4,0,0,3877,611,ITI,ITI1,9,Toscana,Toscana,3729641,491386,13.18,0.12
937,2021-03-16,TOS,4834,1852,2982,1543,424,669,120,2050,12,16,2611,2223,ITI,ITI1,9,Toscana,Toscana,3729641,496220,13.3,0.13
938,2021-03-17,TOS,11116,4465,6651,353,271,877,171,9440,2,2,6690,4426,ITI,ITI1,9,Toscana,Toscana,3729641,507336,13.6,0.3
939,2021-01-26,TOS,5392,1791,3601,4357,81,3,951,0,0,0,219,5173,ITI,ITI1,9,Toscana,Toscana,3729641,512728,13.75,0.14
940,2021-03-06,TOS,7096,2839,4257,3804,482,1132,145,30,357,1146,2905,4191,ITI,ITI1,9,Toscana,Toscana,3729641,519824,13.94,0.19
941,2020-12-31,TOS,805,202,603,97,10,0,698,0,0,0,805,0,ITI,ITI1,9,Toscana,Toscana,3729641,520629,13.96,0.02
942,2021-02-08,TOS,4095,1358,2737,3373,343,2,377,0,0,0,3636,459,ITI,ITI1,9,Toscana,Toscana,3729641,524724,14.07,0.11
943,2021-01-30,TOS,4620,1622,2998,3763,218,1,638,0,0,0,197,4423,ITI,ITI1,9,Toscana,Toscana,3729641,529344,14.19,0.12
944,2021-01-05,TOS,5244,1755,3489,4354,9,2,879,0,0,0,5244,0,ITI,ITI1,9,Toscana,Toscana,3729641,534588,14.33,0.14
945,2020-12-27,TOS,620,267,353,460,10,137,13,0,0,0,620,0,ITI,ITI1,9,Toscana,Toscana,3729641,535208,14.35,0.02
946,2021-03-10,TOS,17627,6896,10731,2997,849,1374,230,11986,178,13,13629,3998,ITI,ITI1,9,Toscana,Toscana,3729641,552835,14.82,0.47
947,2021-02-03,MAR,2125,742,1383,1344,2,613,166,0,0,0,119,2006,ITI,ITI3,11,Marche,Marche,1525271,2125,0.14,0.14
948,2021-01-15,MAR,1771,500,1271,985,60,360,366,0,0,0,1771,0,ITI,ITI3,11,Marche,Marche,1525271,3896,0.26,0.12
949,2021-01-03,MAR,896,348,548,759,0,137,0,0,0,0,896,0,ITI,ITI3,11,Marche,Marche,1525271,4792,0.31,0.06
950,2021-01-04,MAR,1500,563,937,1290,36,163,11,0,0,0,1500,0,ITI,ITI3,11,Marche,Marche,1525271,6292,0.41,0.1
951,2021-03-10,MAR,5778,2488,3290,721,22,799,101,2673,424,1038,4641,1137,ITI,ITI3,11,Marche,Marche,1525271,12070,0.79,0.38
952,2021-01-18,MAR,673,230,443,370,5,166,132,0,0,0,547,126,ITI,ITI3,11,Marche,Marche,1525271,12743,0.84,0.04
953,2021-02-19,MAR,1971,716,1255,1273,11,481,203,1,0,2,1836,135,ITI,ITI3,11,Marche,Marche,1525271,14714,0.96,0.13
954,2021-03-15,MAR,4489,2109,2380,300,4,469,8,3453,14,241,1422,3067,ITI,ITI3,11,Marche,Marche,1525271,19203,1.26,0.29
955,2021-01-24,MAR,891,342,549,772,0,119,0,0,0,0,17,874,ITI,ITI3,11,Marche,Marche,1525271,20094,1.32,0.06
956,2021-02-21,MAR,377,142,235,204,1,114,57,0,0,1,376,1,ITI,ITI3,11,Marche,Marche,1525271,20471,1.34,0.02
957,2021-01-02,MAR,453,139,314,444,0,9,0,0,0,0,453,0,ITI,ITI3,11,Marche,Marche,1525271,20924,1.37,0.03
958,2021-02-15,MAR,973,413,560,544,60,368,1,0,0,0,960,13,ITI,ITI3,11,Marche,Marche,1525271,21897,1.44,0.06
959,2021-03-09,MAR,5529,2373,3156,754,8,461,36,2588,612,1070,4640,889,ITI,ITI3,11,Marche,Marche,1525271,27426,1.8,0.36
960,2021-02-18,MAR,2104,746,1358,1150,41,509,402,1,0,1,1816,288,ITI,ITI3,11,Marche,Marche,1525271,29530,1.94,0.14
961,2021-02-10,MAR,1439,452,987,881,26,317,215,0,0,0,1080,359,ITI,ITI3,11,Marche,Marche,1525271,30969,2.03,0.09
962,2021-01-31,MAR,1927,772,1155,1532,0,395,0,0,0,0,105,1822,ITI,ITI3,11,Marche,Marche,1525271,32896,2.16,0.13
963,2021-03-13,MAR,5713,2554,3159,664,21,353,57,4248,133,237,1752,3961,ITI,ITI3,11,Marche,Marche,1525271,38609,2.53,0.37
964,2021-01-19,MAR,225,81,144,120,0,20,85,0,0,0,141,84,ITI,ITI3,11,Marche,Marche,1525271,38834,2.55,0.01
965,2021-03-11,MAR,6831,2929,3902,1094,11,910,38,3227,403,1148,5460,1371,ITI,ITI3,11,Marche,Marche,1525271,45665,2.99,0.45
966,2021-02-05,MAR,2156,653,1503,1317,20,400,419,0,0,0,440,1716,ITI,ITI3,11,Marche,Marche,1525271,47821,3.14,0.14
967,2021-01-14,MAR,2010,692,1318,1112,67,533,298,0,0,0,2010,0,ITI,ITI3,11,Marche,Marche,1525271,49831,3.27,0.13
968,2021-02-02,MAR,1193,397,796,804,17,279,93,0,0,0,73,1120,ITI,ITI3,11,Marche,Marche,1525271,51024,3.35,0.08
969,2021-02-08,MAR,833,258,575,408,21,142,262,0,0,0,371,462,ITI,ITI3,11,Marche,Marche,1525271,51857,3.4,0.05
970,2021-01-05,MAR,1562,586,976,1436,0,126,0,0,0,0,1562,0,ITI,ITI3,11,Marche,Marche,1525271,53419,3.5,0.1
971,2021-01-27,MAR,2120,780,1340,1754,7,219,140,0,0,0,122,1998,ITI,ITI3,11,Marche,Marche,1525271,55539,3.64,0.14
972,2021-02-28,MAR,2838,1250,1588,19,0,18,0,2797,2,2,2832,6,ITI,ITI3,11,Marche,Marche,1525271,58377,3.83,0.19
973,2021-03-01,MAR,3727,1489,2238,387,6,171,82,2790,5,286,3480,247,ITI,ITI3,11,Marche,Marche,1525271,62104,4.07,0.24
974,2021-02-04,MAR,2342,810,1532,1406,54,607,275,0,0,0,112,2230,ITI,ITI3,11,Marche,Marche,1525271,64446,4.23,0.15
975,2021-02-09,MAR,125,42,83,78,0,21,26,0,0,0,47,78,ITI,ITI3,11,Marche,Marche,1525271,64571,4.23,0.01
976,2021-01-21,MAR,896,253,643,460,41,59,336,0,0,0,585,311,ITI,ITI3,11,Marche,Marche,1525271,65467,4.29,0.06
977,2021-03-21,MAR,4511,1878,2633,87,0,109,54,4046,10,205,1631,2880,ITI,ITI3,11,Marche,Marche,1525271,69978,4.59,0.3
978,2021-01-13,MAR,2105,746,1359,1408,11,610,76,0,0,0,2105,0,ITI,ITI3,11,Marche,Marche,1525271,72083,4.73,0.14
979,2021-02-06,MAR,2460,900,1560,1402,40,603,415,0,0,0,523,1937,ITI,ITI3,11,Marche,Marche,1525271,74543,4.89,0.16
980,2021-03-18,MAR,3445,1514,1931,326,6,258,123,2653,76,3,216,3229,ITI,ITI3,11,Marche,Marche,1525271,77988,5.11,0.23
981,2021-02-25,MAR,3563,1447,2116,432,6,207,423,2491,3,1,3384,179,ITI,ITI3,11,Marche,Marche,1525271,81551,5.35,0.23
982,2021-03-25,MAR,2244,1019,1225,109,2,261,53,1577,35,207,991,1253,ITI,ITI3,11,Marche,Marche,1525271,83795,5.49,0.15
983,2021-02-16,MAR,1292,475,817,737,8,455,92,0,0,0,1262,30,ITI,ITI3,11,Marche,Marche,1525271,85087,5.58,0.08
984,2021-01-23,MAR,557,190,367,440,14,40,63,0,0,0,123,434,ITI,ITI3,11,Marche,Marche,1525271,85644,5.62,0.04
985,2021-01-06,MAR,2181,792,1389,1738,40,256,147,0,0,0,2181,0,ITI,ITI3,11,Marche,Marche,1525271,87825,5.76,0.14
986,2021-03-14,MAR,2515,1036,1479,442,0,80,0,1535,2,456,1917,598,ITI,ITI3,11,Marche,Marche,1525271,90340,5.92,0.16
987,2021-02-23,MAR,3274,1400,1874,219,4,133,116,2794,8,0,3218,56,ITI,ITI3,11,Marche,Marche,1525271,93614,6.14,0.21
988,2021-03-05,MAR,6282,2950,3332,1128,13,864,143,2374,958,802,4815,1467,ITI,ITI3,11,Marche,Marche,1525271,99896,6.55,0.41
989,2021-01-22,MAR,487,167,320,315,19,66,87,0,0,0,194,293,ITI,ITI3,11,Marche,Marche,1525271,100383,6.58,0.03
990,2021-03-03,MAR,6757,3090,3667,818,23,798,254,3132,949,783,5876,881,ITI,ITI3,11,Marche,Marche,1525271,107140,7.02,0.44
991,2021-01-09,MAR,1709,605,1104,1406,0,303,0,0,0,0,1709,0,ITI,ITI3,11,Marche,Marche,1525271,108849,7.14,0.11
992,2021-02-12,MAR,1583,618,965,815,11,669,88,0,0,0,1431,152,ITI,ITI3,11,Marche,Marche,1525271,110432,7.24,0.1
993,2021-02-20,MAR,4127,1708,2419,118,24,387,261,3334,3,0,4016,111,ITI,ITI3,11,Marche,Marche,1525271,114559,7.51,0.27
994,2021-03-20,MAR,4146,1745,2401,181,8,110,111,3641,6,89,1054,3092,ITI,ITI3,11,Marche,Marche,1525271,118705,7.78,0.27
995,2021-01-25,MAR,1596,559,1037,1426,12,102,56,0,0,0,97,1499,ITI,ITI3,11,Marche,Marche,1525271,120301,7.89,0.1
996,2021-01-07,MAR,1802,633,1169,1480,0,322,0,0,0,0,1802,0,ITI,ITI3,11,Marche,Marche,1525271,122103,8.01,0.12
997,2021-03-19,MAR,3842,1598,2244,495,1,233,266,2837,4,6,343,3499,ITI,ITI3,11,Marche,Marche,1525271,125945,8.26,0.25
998,2021-03-22,MAR,5660,2378,3282,407,8,448,69,4182,113,433,2531,3129,ITI,ITI3,11,Marche,Marche,1525271,131605,8.63,0.37
999,2021-03-23,MAR,5783,2524,3259,259,9,329,127,4587,144,328,2246,3537,ITI,ITI3,11,Marche,Marche,1525271,137388,9.01,0.38
1000,2021-01-20,MAR,398,99,299,146,15,47,190,0,0,0,386,12,ITI,ITI3,11,Marche,Marche,1525271,137786,9.03,0.03
1001,2021-02-24,MAR,3441,1506,1935,226,11,224,165,2811,3,1,3362,79,ITI,ITI3,11,Marche,Marche,1525271,141227,9.26,0.23
1002,2020-12-30,MAR,17,5,12,14,0,3,0,0,0,0,17,0,ITI,ITI3,11,Marche,Marche,1525271,141244,9.26,0.0
1003,2021-01-17,MAR,1598,682,916,964,14,574,46,0,0,0,1549,49,ITI,ITI3,11,Marche,Marche,1525271,142842,9.37,0.1
1004,2021-03-16,MAR,3577,1549,2028,317,3,193,54,2928,77,5,394,3183,ITI,ITI3,11,Marche,Marche,1525271,146419,9.6,0.23
1005,2021-02-22,MAR,3414,1499,1915,326,10,398,77,2596,5,2,3339,75,ITI,ITI3,11,Marche,Marche,1525271,149833,9.82,0.22
1006,2021-01-10,MAR,1737,699,1038,1462,0,275,0,0,0,0,1737,0,ITI,ITI3,11,Marche,Marche,1525271,151570,9.94,0.11
1007,2021-03-24,MAR,6918,2945,3973,483,20,844,187,4728,64,592,3277,3641,ITI,ITI3,11,Marche,Marche,1525271,158488,10.39,0.45
1008,2021-03-02,MAR,4963,1943,3020,589,24,251,242,3316,3,538,4397,566,ITI,ITI3,11,Marche,Marche,1525271,163451,10.72,0.33
1009,2021-01-28,MAR,1973,659,1314,1581,0,291,101,0,0,0,167,1806,ITI,ITI3,11,Marche,Marche,1525271,165424,10.85,0.13
1010,2021-02-11,MAR,1988,658,1330,1155,15,606,212,0,0,0,1599,389,ITI,ITI3,11,Marche,Marche,1525271,167412,10.98,0.13
1011,2021-01-12,MAR,1226,413,813,912,0,264,50,0,0,0,1226,0,ITI,ITI3,11,Marche,Marche,1525271,168638,11.06,0.08
1012,2021-03-07,MAR,5183,2108,3075,607,2,355,0,3007,316,896,4430,753,ITI,ITI3,11,Marche,Marche,1525271,173821,11.4,0.34
1013,2021-01-16,MAR,2006,723,1283,1059,43,619,285,0,0,0,2006,0,ITI,ITI3,11,Marche,Marche,1525271,175827,11.53,0.13
1014,2021-03-12,MAR,4711,2015,2696,820,10,718,0,1904,330,929,3466,1245,ITI,ITI3,11,Marche,Marche,1525271,180538,11.84,0.31
1015,2021-03-08,MAR,6362,2804,3558,768,14,604,219,3101,642,1014,5360,1002,ITI,ITI3,11,Marche,Marche,1525271,186900,12.25,0.42
1016,2021-02-01,MAR,1365,480,885,1057,1,226,81,0,0,0,98,1267,ITI,ITI3,11,Marche,Marche,1525271,188265,12.34,0.09
1017,2021-01-30,MAR,1908,669,1239,1566,0,342,0,0,0,0,29,1879,ITI,ITI3,11,Marche,Marche,1525271,190173,12.47,0.13
1018,2021-01-11,MAR,1176,411,765,1021,2,153,0,0,0,0,1176,0,ITI,ITI3,11,Marche,Marche,1525271,191349,12.55,0.08
1019,2021-01-08,MAR,1574,588,986,1226,0,348,0,0,0,0,1574,0,ITI,ITI3,11,Marche,Marche,1525271,192923,12.65,0.1
1020,2021-01-26,MAR,2016,746,1270,1736,1,193,86,0,0,0,92,1924,ITI,ITI3,11,Marche,Marche,1525271,194939,12.78,0.13
1021,2020-12-31,MAR,383,178,205,370,0,13,0,0,0,0,383,0,ITI,ITI3,11,Marche,Marche,1525271,195322,12.81,0.03
1022,2021-02-14,MAR,738,301,437,578,2,158,0,0,0,0,738,0,ITI,ITI3,11,Marche,Marche,1525271,196060,12.85,0.05
1023,2021-02-13,MAR,1064,455,609,457,28,489,90,0,0,0,1012,52,ITI,ITI3,11,Marche,Marche,1525271,197124,12.92,0.07
1024,2021-01-29,MAR,1991,730,1261,1479,4,434,74,0,0,0,168,1823,ITI,ITI3,11,Marche,Marche,1525271,199115,13.05,0.13
1025,2021-03-17,MAR,3435,1497,1938,301,5,178,117,2822,7,5,111,3324,ITI,ITI3,11,Marche,Marche,1525271,202550,13.28,0.23
1026,2021-03-06,MAR,5731,2646,3085,973,4,833,125,2400,649,747,4463,1268,ITI,ITI3,11,Marche,Marche,1525271,208281,13.66,0.38
1027,2021-03-04,MAR,6620,2971,3649,1064,8,930,106,2799,944,769,5226,1394,ITI,ITI3,11,Marche,Marche,1525271,214901,14.09,0.43
1028,2021-02-07,MAR,1871,735,1136,1156,5,664,46,0,0,0,344,1527,ITI,ITI3,11,Marche,Marche,1525271,216772,14.21,0.12
1029,2020-12-27,MAR,200,97,103,184,4,8,4,0,0,0,200,0,ITI,ITI3,11,Marche,Marche,1525271,216972,14.23,0.01
1030,2021-02-27,MAR,3374,1440,1934,186,9,163,161,2848,6,1,3165,209,ITI,ITI3,11,Marche,Marche,1525271,220346,14.45,0.22
1031,2021-02-17,MAR,1791,664,1127,968,24,498,300,1,0,0,1672,119,ITI,ITI3,11,Marche,Marche,1525271,222137,14.56,0.12
1032,2021-02-26,MAR,3635,1502,2133,449,34,205,385,2519,4,39,3159,476,ITI,ITI3,11,Marche,Marche,1525271,225772,14.8,0.24
1033,2021-02-09,MOL,359,170,189,161,83,5,110,0,0,0,197,162,ITF,ITF2,14,Molise,Molise,305617,359,0.12,0.12
1034,2021-01-31,MOL,268,70,198,85,18,0,164,0,0,1,6,262,ITF,ITF2,14,Molise,Molise,305617,627,0.21,0.09
1035,2021-01-08,MOL,429,141,288,244,6,59,120,0,0,0,429,0,ITF,ITF2,14,Molise,Molise,305617,1056,0.35,0.14
1036,2021-02-27,MOL,1366,568,798,25,2,34,14,1290,0,1,1347,19,ITF,ITF2,14,Molise,Molise,305617,2422,0.79,0.45
1037,2021-03-10,MOL,1737,720,1017,188,3,92,1,757,187,509,1687,50,ITF,ITF2,14,Molise,Molise,305617,4159,1.36,0.57
1038,2021-01-10,MOL,270,72,198,82,19,0,169,0,0,0,270,0,ITF,ITF2,14,Molise,Molise,305617,4429,1.45,0.09
1039,2021-03-14,MOL,594,239,355,2,0,11,0,581,0,0,16,578,ITF,ITF2,14,Molise,Molise,305617,5023,1.64,0.19
1040,2021-02-21,MOL,573,227,346,1,0,4,0,568,0,0,571,2,ITF,ITF2,14,Molise,Molise,305617,5596,1.83,0.19
1041,2021-03-23,MOL,1639,692,947,76,2,452,6,571,79,453,1432,207,ITF,ITF2,14,Molise,Molise,305617,7235,2.37,0.54
1042,2021-03-24,MOL,1624,655,969,77,1,343,0,706,47,450,1222,402,ITF,ITF2,14,Molise,Molise,305617,8859,2.9,0.53
1043,2021-02-28,MOL,828,331,497,38,1,4,27,758,0,0,786,42,ITF,ITF2,14,Molise,Molise,305617,9687,3.17,0.27
1044,2021-02-18,MOL,319,74,245,296,8,15,0,0,0,0,306,13,ITF,ITF2,14,Molise,Molise,305617,10006,3.27,0.1
1045,2021-01-26,MOL,450,184,266,444,0,5,0,0,0,1,8,442,ITF,ITF2,14,Molise,Molise,305617,10456,3.42,0.15
1046,2020-12-27,MOL,50,20,30,29,4,0,17,0,0,0,50,0,ITF,ITF2,14,Molise,Molise,305617,10506,3.44,0.02
1047,2021-01-22,MOL,126,35,91,21,32,0,73,0,0,0,126,0,ITF,ITF2,14,Molise,Molise,305617,10632,3.48,0.04
1048,2021-03-21,MOL,1245,542,703,14,1,141,0,1089,0,0,479,766,ITF,ITF2,14,Molise,Molise,305617,11877,3.89,0.41
1049,2021-02-23,MOL,561,213,348,136,39,4,41,340,0,1,362,199,ITF,ITF2,14,Molise,Molise,305617,12438,4.07,0.18
1050,2021-01-13,MOL,474,160,314,256,66,7,144,0,0,1,474,0,ITF,ITF2,14,Molise,Molise,305617,12912,4.22,0.16
1051,2021-01-29,MOL,421,136,285,227,23,59,109,0,0,3,6,415,ITF,ITF2,14,Molise,Molise,305617,13333,4.36,0.14
1052,2021-03-18,MOL,1156,476,680,73,10,174,45,854,0,0,692,464,ITF,ITF2,14,Molise,Molise,305617,14489,4.74,0.38
1053,2021-02-10,MOL,150,78,72,91,6,0,53,0,0,0,130,20,ITF,ITF2,14,Molise,Molise,305617,14639,4.79,0.05
1054,2021-01-18,MOL,114,48,66,97,14,3,0,0,0,0,114,0,ITF,ITF2,14,Molise,Molise,305617,14753,4.83,0.04
1055,2021-02-15,MOL,144,70,74,117,8,4,15,0,0,0,141,3,ITF,ITF2,14,Molise,Molise,305617,14897,4.87,0.05
1056,2021-02-19,MOL,169,93,76,95,28,42,1,0,0,3,167,2,ITF,ITF2,14,Molise,Molise,305617,15066,4.93,0.06
1057,2021-01-28,MOL,613,217,396,430,9,19,154,0,0,1,17,596,ITF,ITF2,14,Molise,Molise,305617,15679,5.13,0.2
1058,2021-03-15,MOL,832,338,494,137,6,149,66,116,61,297,587,245,ITF,ITF2,14,Molise,Molise,305617,16511,5.4,0.27
1059,2021-01-30,MOL,461,158,303,189,52,40,180,0,0,0,12,449,ITF,ITF2,14,Molise,Molise,305617,16972,5.55,0.15
1060,2021-03-25,MOL,763,332,431,8,0,51,16,319,84,285,646,117,ITF,ITF2,14,Molise,Molise,305617,17735,5.8,0.25
1061,2021-01-14,MOL,646,239,407,418,82,31,115,0,0,0,646,0,ITF,ITF2,14,Molise,Molise,305617,18381,6.01,0.21
1062,2021-03-07,MOL,1114,499,615,2,7,0,0,1105,0,0,1112,2,ITF,ITF2,14,Molise,Molise,305617,19495,6.38,0.36
1063,2021-01-12,MOL,336,114,222,132,74,1,129,0,0,0,336,0,ITF,ITF2,14,Molise,Molise,305617,19831,6.49,0.11
1064,2021-02-22,MOL,265,129,136,56,31,108,62,8,0,0,250,15,ITF,ITF2,14,Molise,Molise,305617,20096,6.58,0.09
1065,2021-02-08,MOL,334,141,193,206,38,5,85,0,0,0,216,118,ITF,ITF2,14,Molise,Molise,305617,20430,6.68,0.11
1066,2021-02-01,MOL,562,201,361,301,143,6,111,0,0,1,14,548,ITF,ITF2,14,Molise,Molise,305617,20992,6.87,0.18
1067,2021-03-22,MOL,1146,439,707,106,3,283,2,255,39,458,903,243,ITF,ITF2,14,Molise,Molise,305617,22138,7.24,0.37
1068,2021-02-05,MOL,593,269,324,460,22,48,63,0,0,0,55,538,ITF,ITF2,14,Molise,Molise,305617,22731,7.44,0.19
1069,2021-03-16,MOL,614,230,384,13,3,188,11,395,4,0,267,347,ITF,ITF2,14,Molise,Molise,305617,23345,7.64,0.2
1070,2021-01-17,MOL,78,38,40,78,0,0,0,0,0,0,48,30,ITF,ITF2,14,Molise,Molise,305617,23423,7.66,0.03
1071,2021-03-19,MOL,1180,479,701,32,0,163,9,726,2,248,753,427,ITF,ITF2,14,Molise,Molise,305617,24603,8.05,0.39
1072,2021-03-12,MOL,1156,489,667,38,31,26,0,596,68,397,1120,36,ITF,ITF2,14,Molise,Molise,305617,25759,8.43,0.38
1073,2021-02-02,MOL,519,166,353,295,64,0,160,0,0,0,196,323,ITF,ITF2,14,Molise,Molise,305617,26278,8.6,0.17
1074,2021-02-16,MOL,156,70,86,148,4,4,0,0,0,0,150,6,ITF,ITF2,14,Molise,Molise,305617,26434,8.65,0.05
1075,2021-03-20,MOL,2320,968,1352,28,2,206,0,1855,7,222,999,1321,ITF,ITF2,14,Molise,Molise,305617,28754,9.41,0.76
1076,2021-02-17,MOL,72,32,40,47,9,10,6,0,0,0,57,15,ITF,ITF2,14,Molise,Molise,305617,28826,9.43,0.02
1077,2021-03-06,MOL,1728,807,921,156,15,10,0,1395,152,0,1569,159,ITF,ITF2,14,Molise,Molise,305617,30554,10.0,0.57
1078,2021-03-03,MOL,672,316,356,63,1,4,48,384,45,127,590,82,ITF,ITF2,14,Molise,Molise,305617,31226,10.22,0.22
1079,2021-03-17,MOL,894,381,513,34,22,211,42,572,12,1,563,331,ITF,ITF2,14,Molise,Molise,305617,32120,10.51,0.29
1080,2021-01-04,MOL,314,131,183,301,0,13,0,0,0,0,314,0,ITF,ITF2,14,Molise,Molise,305617,32434,10.61,0.1
1081,2021-02-07,MOL,66,32,34,49,1,0,16,0,0,0,19,47,ITF,ITF2,14,Molise,Molise,305617,32500,10.63,0.02
1082,2021-02-24,MOL,666,278,388,242,61,44,44,274,0,1,333,333,ITF,ITF2,14,Molise,Molise,305617,33166,10.85,0.22
1083,2021-01-09,MOL,450,152,298,221,27,24,178,0,0,0,450,0,ITF,ITF2,14,Molise,Molise,305617,33616,11.0,0.15
1084,2021-01-05,MOL,449,180,269,441,0,8,0,0,0,0,449,0,ITF,ITF2,14,Molise,Molise,305617,34065,11.15,0.15
1085,2021-02-06,MOL,429,179,250,276,13,9,130,0,0,1,29,400,ITF,ITF2,14,Molise,Molise,305617,34494,11.29,0.14
1086,2021-02-03,MOL,731,249,482,391,110,49,180,0,0,1,338,393,ITF,ITF2,14,Molise,Molise,305617,35225,11.53,0.24
1087,2021-01-15,MOL,538,242,296,398,17,42,81,0,0,0,538,0,ITF,ITF2,14,Molise,Molise,305617,35763,11.7,0.18
1088,2021-02-25,MOL,541,239,302,68,3,9,28,433,0,0,473,68,ITF,ITF2,14,Molise,Molise,305617,36304,11.88,0.18
1089,2021-03-01,MOL,641,268,373,200,28,40,108,116,2,147,427,214,ITF,ITF2,14,Molise,Molise,305617,36945,12.09,0.21
1090,2021-02-04,MOL,758,295,463,502,76,38,141,0,0,1,77,681,ITF,ITF2,14,Molise,Molise,305617,37703,12.34,0.25
1091,2021-02-11,MOL,293,133,160,225,19,0,45,0,3,1,257,36,ITF,ITF2,14,Molise,Molise,305617,37996,12.43,0.1
1092,2021-03-13,MOL,1189,594,595,29,0,23,5,981,151,0,200,989,ITF,ITF2,14,Molise,Molise,305617,39185,12.82,0.39
1093,2021-03-02,MOL,667,383,284,98,106,12,51,136,113,151,509,158,ITF,ITF2,14,Molise,Molise,305617,39852,13.04,0.22
1094,2021-01-19,MOL,173,63,110,90,57,2,22,0,0,2,162,11,ITF,ITF2,14,Molise,Molise,305617,40025,13.1,0.06
1095,2021-03-08,MOL,1376,522,854,359,44,61,23,409,76,404,1236,140,ITF,ITF2,14,Molise,Molise,305617,41401,13.55,0.45
1096,2021-01-07,MOL,598,209,389,414,1,38,145,0,0,0,598,0,ITF,ITF2,14,Molise,Molise,305617,41999,13.74,0.2
1097,2021-01-27,MOL,674,251,423,436,11,17,209,0,0,1,8,666,ITF,ITF2,14,Molise,Molise,305617,42673,13.96,0.22
1098,2021-02-26,MOL,563,260,303,42,7,50,3,406,0,55,490,73,ITF,ITF2,14,Molise,Molise,305617,43236,14.15,0.18
1099,2021-03-09,MOL,1329,579,750,199,1,109,0,409,218,393,1177,152,ITF,ITF2,14,Molise,Molise,305617,44565,14.58,0.43
1100,2021-02-13,MOL,132,80,52,129,3,0,0,0,0,0,132,0,ITF,ITF2,14,Molise,Molise,305617,44697,14.63,0.04
1101,2021-01-20,MOL,18,8,10,14,4,0,0,0,0,0,18,0,ITF,ITF2,14,Molise,Molise,305617,44715,14.63,0.01
1102,2021-01-25,MOL,319,130,189,317,0,0,0,0,0,2,3,316,ITF,ITF2,14,Molise,Molise,305617,45034,14.74,0.1
1103,2021-02-12,MOL,330,149,181,224,12,20,72,0,0,2,208,122,ITF,ITF2,14,Molise,Molise,305617,45364,14.84,0.11
1104,2021-03-11,MOL,695,315,380,18,1,7,12,250,147,260,689,6,ITF,ITF2,14,Molise,Molise,305617,46059,15.07,0.23
1105,2021-01-06,MOL,689,260,429,456,26,36,171,0,0,0,689,0,ITF,ITF2,14,Molise,Molise,305617,46748,15.3,0.23
1106,2021-01-16,MOL,420,166,254,270,14,9,127,0,0,0,420,0,ITF,ITF2,14,Molise,Molise,305617,47168,15.43,0.14
1107,2021-03-04,MOL,850,417,433,252,18,6,69,469,36,0,526,324,ITF,ITF2,14,Molise,Molise,305617,48018,15.71,0.28
1108,2021-03-05,MOL,1219,649,570,322,1,54,0,618,151,73,1015,204,ITF,ITF2,14,Molise,Molise,305617,49237,16.11,0.4
1109,2021-01-21,MOL,6,2,4,0,6,0,0,0,0,0,6,0,ITF,ITF2,14,Molise,Molise,305617,49243,16.11,0.0
1110,2021-01-11,MOL,557,194,363,196,193,57,111,0,0,0,557,0,ITF,ITF2,14,Molise,Molise,305617,49800,16.29,0.18
1111,2021-02-20,MOL,1018,441,577,20,4,53,8,933,0,0,998,20,ITF,ITF2,14,Molise,Molise,305617,50818,16.63,0.33
1112,2021-02-08,FVG,2355,693,1662,1399,521,0,435,0,0,0,92,2263,ITH,ITH4,6,Friuli-Venezia Giulia,Friuli Venezia Giulia,1215220,2355,0.19,0.19
1113,2021-03-04,FVG,3400,1574,1826,357,212,38,88,1814,490,401,2766,634,ITH,ITH4,6,Friuli-Venezia Giulia,Friuli Venezia Giulia,1215220,5755,0.47,0.28
1114,2021-01-07,FVG,2091,718,1373,1759,1,221,110,0,0,0,2091,0,ITH,ITH4,6,Friuli-Venezia Giulia,Friuli Venezia Giulia,1215220,7846,0.65,0.17
1115,2021-03-01,FVG,2956,1042,1914,93,32,68,175,1635,4,949,2903,53,ITH,ITH4,6,Friuli-Venezia Giulia,Friuli Venezia Giulia,1215220,10802,0.89,0.24
1116,2021-02-20,FVG,2068,933,1135,11,1,18,148,1584,0,306,1924,144,ITH,ITH4,6,Friuli-Venezia Giulia,Friuli Venezia Giulia,1215220,12870,1.06,0.17
1117,2021-03-12,FVG,3902,1534,2368,175,61,110,27,2840,100,589,2522,1380,ITH,ITH4,6,Friuli-Venezia Giulia,Friuli Venezia Giulia,1215220,16772,1.38,0.32
1118,2021-01-27,FVG,1272,425,847,851,1,356,64,0,0,0,450,822,ITH,ITH4,6,Friuli-Venezia Giulia,Friuli Venezia Giulia,1215220,18044,1.48,0.1
1119,2021-01-18,FVG,1961,607,1354,1359,4,488,110,0,0,0,1867,94,ITH,ITH4,6,Friuli-Venezia Giulia,Friuli Venezia Giulia,1215220,20005,1.65,0.16
1120,2021-01-08,FVG,2322,747,1575,1680,5,241,396,0,0,0,2322,0,ITH,ITH4,6,Friuli-Venezia Giulia,Friuli Venezia Giulia,1215220,22327,1.84,0.19
1121,2021-01-29,FVG,2413,813,1600,1855,0,321,237,0,0,0,264,2149,ITH,ITH4,6,Friuli-Venezia Giulia,Friuli Venezia Giulia,1215220,24740,2.04,0.2
1122,2021-03-22,FVG,3393,1307,2086,131,86,80,164,2463,6,463,1464,1929,ITH,ITH4,6,Friuli-Venezia Giulia,Friuli Venezia Giulia,1215220,28133,2.32,0.28
1123,2021-02-01,FVG,2093,687,1406,1587,254,117,135,0,0,0,14,2079,ITH,ITH4,6,Friuli-Venezia Giulia,Friuli Venezia Giulia,1215220,30226,2.49,0.17
1124,2021-02-13,FVG,567,179,388,337,230,0,0,0,0,0,561,6,ITH,ITH4,6,Friuli-Venezia Giulia,Friuli Venezia Giulia,1215220,30793,2.53,0.05
1125,2021-02-05,FVG,2613,784,1829,1612,511,0,490,0,0,0,90,2523,ITH,ITH4,6,Friuli-Venezia Giulia,Friuli Venezia Giulia,1215220,33406,2.75,0.22
1126,2021-02-18,FVG,3210,1488,1722,229,122,16,331,1500,34,978,2804,406,ITH,ITH4,6,Friuli-Venezia Giulia,Friuli Venezia Giulia,1215220,36616,3.01,0.26
1127,2021-02-19,FVG,3253,1290,1963,568,309,14,312,1589,35,426,2824,429,ITH,ITH4,6,Friuli-Venezia Giulia,Friuli Venezia Giulia,1215220,39869,3.28,0.27
1128,2021-01-20,FVG,751,323,428,719,1,31,0,0,0,0,12,739,ITH,ITH4,6,Friuli-Venezia Giulia,Friuli Venezia Giulia,1215220,40620,3.34,0.06
1129,2021-03-08,FVG,3987,1552,2435,690,365,176,109,2172,39,436,1899,2088,ITH,ITH4,6,Friuli-Venezia Giulia,Friuli Venezia Giulia,1215220,44607,3.67,0.33
1130,2021-02-12,FVG,1200,428,772,674,392,3,128,2,0,1,1150,50,ITH,ITH4,6,Friuli-Venezia Giulia,Friuli Venezia Giulia,1215220,45807,3.77,0.1
1131,2021-03-17,FVG,3111,1236,1875,423,218,109,111,2243,3,4,623,2488,ITH,ITH4,6,Friuli-Venezia Giulia,Friuli Venezia Giulia,1215220,48918,4.03,0.26
1132,2021-02-10,FVG,1352,496,856,745,487,0,119,0,0,1,1266,86,ITH,ITH4,6,Friuli-Venezia Giulia,Friuli Venezia Giulia,1215220,50270,4.14,0.11
1133,2021-01-26,FVG,1972,647,1325,1439,0,152,381,0,0,0,214,1758,ITH,ITH4,6,Friuli-Venezia Giulia,Friuli Venezia Giulia,1215220,52242,4.3,0.16
1134,2021-03-10,FVG,3359,1494,1865,305,243,128,207,1972,309,195,1567,1792,ITH,ITH4,6,Friuli-Venezia Giulia,Friuli Venezia Giulia,1215220,55601,4.58,0.28
1135,2021-01-30,FVG,2271,744,1527,1475,2,352,442,0,0,0,270,2001,ITH,ITH4,6,Friuli-Venezia Giulia,Friuli Venezia Giulia,1215220,57872,4.76,0.19
1136,2021-02-03,FVG,2646,790,1856,1701,558,0,386,1,0,0,23,2623,ITH,ITH4,6,Friuli-Venezia Giulia,Friuli Venezia Giulia,1215220,60518,4.98,0.22
1137,2021-01-03,FVG,312,122,190,285,0,26,1,0,0,0,312,0,ITH,ITH4,6,Friuli-Venezia Giulia,Friuli Venezia Giulia,1215220,60830,5.01,0.03
1138,2021-01-05,FVG,1680,551,1129,1350,1,132,197,0,0,0,1680,0,ITH,ITH4,6,Friuli-Venezia Giulia,Friuli Venezia Giulia,1215220,62510,5.14,0.14
1139,2021-01-16,FVG,1231,360,871,771,1,211,248,0,0,0,1231,0,ITH,ITH4,6,Friuli-Venezia Giulia,Friuli Venezia Giulia,1215220,63741,5.25,0.1
1140,2021-01-31,FVG,2713,836,1877,1692,1,1002,18,0,0,0,385,2328,ITH,ITH4,6,Friuli-Venezia Giulia,Friuli Venezia Giulia,1215220,66454,5.47,0.22
1141,2021-01-24,FVG,305,119,186,277,0,27,1,0,0,0,1,304,ITH,ITH4,6,Friuli-Venezia Giulia,Friuli Venezia Giulia,1215220,66759,5.49,0.03
1142,2021-01-14,FVG,2588,789,1799,1608,14,536,430,0,0,0,2588,0,ITH,ITH4,6,Friuli-Venezia Giulia,Friuli Venezia Giulia,1215220,69347,5.71,0.21
1143,2021-02-27,FVG,3420,1177,2243,203,140,32,0,1523,25,1497,3419,1,ITH,ITH4,6,Friuli-Venezia Giulia,Friuli Venezia Giulia,1215220,72767,5.99,0.28
1144,2021-01-13,FVG,2651,834,1817,1822,9,590,230,0,0,0,2651,0,ITH,ITH4,6,Friuli-Venezia Giulia,Friuli Venezia Giulia,1215220,75418,6.21,0.22
1145,2021-03-15,FVG,3753,1631,2122,327,253,105,180,2420,234,234,1435,2318,ITH,ITH4,6,Friuli-Venezia Giulia,Friuli Venezia Giulia,1215220,79171,6.51,0.31
1146,2020-12-31,FVG,1053,384,669,1011,0,42,0,0,0,0,1053,0,ITH,ITH4,6,Friuli-Venezia Giulia,Friuli Venezia Giulia,1215220,80224,6.6,0.09
1147,2021-02-22,FVG,2493,1196,1297,431,312,15,115,1369,246,5,2075,418,ITH,ITH4,6,Friuli-Venezia Giulia,Friuli Venezia Giulia,1215220,82717,6.81,0.21
1148,2021-02-28,FVG,2668,988,1680,234,162,1,0,405,378,1488,2273,395,ITH,ITH4,6,Friuli-Venezia Giulia,Friuli Venezia Giulia,1215220,85385,7.03,0.22
1149,2021-02-25,FVG,3067,1603,1464,22,3,124,188,1556,433,741,3042,25,ITH,ITH4,6,Friuli-Venezia Giulia,Friuli Venezia Giulia,1215220,88452,7.28,0.25
1150,2021-01-04,FVG,1510,559,951,1392,0,118,0,0,0,0,1510,0,ITH,ITH4,6,Friuli-Venezia Giulia,Friuli Venezia Giulia,1215220,89962,7.4,0.12
1151,2020-12-30,FVG,630,246,384,601,0,29,0,0,0,0,630,0,ITH,ITH4,6,Friuli-Venezia Giulia,Friuli Venezia Giulia,1215220,90592,7.45,0.05
1152,2021-01-02,FVG,1217,471,746,1150,0,67,0,0,0,0,1217,0,ITH,ITH4,6,Friuli-Venezia Giulia,Friuli Venezia Giulia,1215220,91809,7.55,0.1
1153,2021-01-12,FVG,2259,712,1547,1528,19,351,361,0,0,0,2259,0,ITH,ITH4,6,Friuli-Venezia Giulia,Friuli Venezia Giulia,1215220,94068,7.74,0.19
1154,2021-02-21,FVG,800,281,519,213,166,11,25,383,1,1,423,377,ITH,ITH4,6,Friuli-Venezia Giulia,Friuli Venezia Giulia,1215220,94868,7.81,0.07
1155,2021-01-19,FVG,7,2,5,5,0,0,2,0,0,0,7,0,ITH,ITH4,6,Friuli-Venezia Giulia,Friuli Venezia Giulia,1215220,94875,7.81,0.0
1156,2021-02-07,FVG,1561,483,1078,866,693,0,2,0,0,0,386,1175,ITH,ITH4,6,Friuli-Venezia Giulia,Friuli Venezia Giulia,1215220,96436,7.94,0.13
1157,2021-03-03,FVG,3638,1626,2012,749,493,71,100,1329,469,427,2360,1278,ITH,ITH4,6,Friuli-Venezia Giulia,Friuli Venezia Giulia,1215220,100074,8.24,0.3
1158,2021-03-06,FVG,3487,1192,2295,182,148,111,1,1561,20,1464,3161,326,ITH,ITH4,6,Friuli-Venezia Giulia,Friuli Venezia Giulia,1215220,103561,8.52,0.29
1159,2021-02-02,FVG,2466,806,1660,1657,393,0,416,0,0,0,217,2249,ITH,ITH4,6,Friuli-Venezia Giulia,Friuli Venezia Giulia,1215220,106027,8.72,0.2
1160,2021-03-09,FVG,3861,1590,2271,656,420,102,196,2003,60,424,1108,2753,ITH,ITH4,6,Friuli-Venezia Giulia,Friuli Venezia Giulia,1215220,109888,9.04,0.32
1161,2021-03-19,FVG,3142,1314,1828,102,46,120,233,2508,0,133,1240,1902,ITH,ITH4,6,Friuli-Venezia Giulia,Friuli Venezia Giulia,1215220,113030,9.3,0.26
1162,2021-03-21,FVG,2596,935,1661,6,3,111,0,1331,27,1118,2189,407,ITH,ITH4,6,Friuli-Venezia Giulia,Friuli Venezia Giulia,1215220,115626,9.51,0.21
1163,2020-12-27,FVG,262,149,113,259,0,3,0,0,0,0,262,0,ITH,ITH4,6,Friuli-Venezia Giulia,Friuli Venezia Giulia,1215220,115888,9.54,0.02
1164,2021-01-22,FVG,90,30,60,89,0,1,0,0,0,0,0,90,ITH,ITH4,6,Friuli-Venezia Giulia,Friuli Venezia Giulia,1215220,115978,9.54,0.01
1165,2021-01-25,FVG,1582,567,1015,1369,0,141,72,0,0,0,194,1388,ITH,ITH4,6,Friuli-Venezia Giulia,Friuli Venezia Giulia,1215220,117560,9.67,0.13
1166,2021-01-21,FVG,894,345,549,863,0,31,0,0,0,0,1,893,ITH,ITH4,6,Friuli-Venezia Giulia,Friuli Venezia Giulia,1215220,118454,9.75,0.07
1167,2021-02-23,FVG,2615,1252,1363,104,44,63,206,1943,254,1,2437,178,ITH,ITH4,6,Friuli-Venezia Giulia,Friuli Venezia Giulia,1215220,121069,9.96,0.22
1168,2021-02-26,FVG,3736,2092,1644,75,26,114,451,1739,1032,299,3590,146,ITH,ITH4,6,Friuli-Venezia Giulia,Friuli Venezia Giulia,1215220,124805,10.27,0.31
1169,2021-03-23,FVG,3564,1481,2083,311,297,72,193,2442,8,241,1475,2089,ITH,ITH4,6,Friuli-Venezia Giulia,Friuli Venezia Giulia,1215220,128369,10.56,0.29
1170,2021-03-24,FVG,3502,1402,2100,171,175,306,109,2310,6,425,2064,1438,ITH,ITH4,6,Friuli-Venezia Giulia,Friuli Venezia Giulia,1215220,131871,10.85,0.29
1171,2021-02-06,FVG,1154,338,816,755,208,0,191,0,0,0,22,1132,ITH,ITH4,6,Friuli-Venezia Giulia,Friuli Venezia Giulia,1215220,133025,10.95,0.09
1172,2021-01-09,FVG,2518,841,1677,1519,2,404,593,0,0,0,2518,0,ITH,ITH4,6,Friuli-Venezia Giulia,Friuli Venezia Giulia,1215220,135543,11.15,0.21
1173,2021-03-16,FVG,3076,1268,1808,325,254,99,196,2202,0,0,1038,2038,ITH,ITH4,6,Friuli-Venezia Giulia,Friuli Venezia Giulia,1215220,138619,11.41,0.25
1174,2021-02-09,FVG,1848,556,1292,1053,509,0,286,0,0,0,1559,289,ITH,ITH4,6,Friuli-Venezia Giulia,Friuli Venezia Giulia,1215220,140467,11.56,0.15
1175,2021-03-18,FVG,3263,1387,1876,53,21,264,67,2857,0,1,1634,1629,ITH,ITH4,6,Friuli-Venezia Giulia,Friuli Venezia Giulia,1215220,143730,11.83,0.27
1176,2021-03-05,FVG,3654,1444,2210,1043,651,35,70,1668,43,144,2583,1071,ITH,ITH4,6,Friuli-Venezia Giulia,Friuli Venezia Giulia,1215220,147384,12.13,0.3
1177,2021-03-02,FVG,4218,1518,2700,1164,656,19,202,1538,5,634,2715,1503,ITH,ITH4,6,Friuli-Venezia Giulia,Friuli Venezia Giulia,1215220,151602,12.48,0.35
1178,2021-01-23,FVG,816,324,492,768,1,47,0,0,0,0,4,812,ITH,ITH4,6,Friuli-Venezia Giulia,Friuli Venezia Giulia,1215220,152418,12.54,0.07
1179,2021-03-07,FVG,2536,925,1611,1,1,157,0,143,453,1781,2535,1,ITH,ITH4,6,Friuli-Venezia Giulia,Friuli Venezia Giulia,1215220,154954,12.75,0.21
1180,2021-03-13,FVG,2928,1117,1811,11,4,11,86,2056,37,723,1657,1271,ITH,ITH4,6,Friuli-Venezia Giulia,Friuli Venezia Giulia,1215220,157882,12.99,0.24
1181,2021-02-15,FVG,2453,909,1544,699,386,19,315,1034,0,0,2203,250,ITH,ITH4,6,Friuli-Venezia Giulia,Friuli Venezia Giulia,1215220,160335,13.19,0.2
1182,2021-03-25,FVG,796,362,434,5,2,357,59,372,0,1,393,403,ITH,ITH4,6,Friuli-Venezia Giulia,Friuli Venezia Giulia,1215220,161131,13.26,0.07
1183,2021-01-28,FVG,2235,792,1443,1754,0,287,194,0,0,0,354,1881,ITH,ITH4,6,Friuli-Venezia Giulia,Friuli Venezia Giulia,1215220,163366,13.44,0.18
1184,2021-03-11,FVG,3310,1391,1919,262,109,47,271,2013,104,504,1576,1734,ITH,ITH4,6,Friuli-Venezia Giulia,Friuli Venezia Giulia,1215220,166676,13.72,0.27
1185,2021-01-11,FVG,1882,609,1273,1500,3,333,46,0,0,0,1882,0,ITH,ITH4,6,Friuli-Venezia Giulia,Friuli Venezia Giulia,1215220,168558,13.87,0.15
1186,2021-02-24,FVG,2517,1082,1435,23,5,48,310,1834,0,297,2499,18,ITH,ITH4,6,Friuli-Venezia Giulia,Friuli Venezia Giulia,1215220,171075,14.08,0.21
1187,2021-02-11,FVG,1930,663,1267,1134,566,2,224,3,1,0,1737,193,ITH,ITH4,6,Friuli-Venezia Giulia,Friuli Venezia Giulia,1215220,173005,14.24,0.16
1188,2021-03-20,FVG,3342,1350,1992,413,274,22,7,2381,179,66,1249,2093,ITH,ITH4,6,Friuli-Venezia Giulia,Friuli Venezia Giulia,1215220,176347,14.51,0.28
1189,2021-02-17,FVG,2351,997,1354,328,178,15,229,1555,46,0,1872,479,ITH,ITH4,6,Friuli-Venezia Giulia,Friuli Venezia Giulia,1215220,178698,14.7,0.19
1190,2021-01-17,FVG,1720,524,1196,674,5,555,486,0,0,0,1720,0,ITH,ITH4,6,Friuli-Venezia Giulia,Friuli Venezia Giulia,1215220,180418,14.85,0.14
1191,2021-03-14,FVG,1395,548,847,0,1,17,0,247,333,797,1143,252,ITH,ITH4,6,Friuli-Venezia Giulia,Friuli Venezia Giulia,1215220,181813,14.96,0.11
1192,2021-01-10,FVG,2941,919,2022,1745,6,945,245,0,0,0,2941,0,ITH,ITH4,6,Friuli-Venezia Giulia,Friuli Venezia Giulia,1215220,184754,15.2,0.24
1193,2021-01-15,FVG,2028,606,1422,1283,6,364,375,0,0,0,2028,0,ITH,ITH4,6,Friuli-Venezia Giulia,Friuli Venezia Giulia,1215220,186782,15.37,0.17
1194,2021-02-16,FVG,2516,1135,1381,260,244,31,221,1760,0,0,2400,116,ITH,ITH4,6,Friuli-Venezia Giulia,Friuli Venezia Giulia,1215220,189298,15.58,0.21
1195,2021-02-04,FVG,2731,807,1924,1723,543,0,465,0,0,0,36,2695,ITH,ITH4,6,Friuli-Venezia Giulia,Friuli Venezia Giulia,1215220,192029,15.8,0.22
1196,2021-01-06,FVG,709,264,445,514,0,195,0,0,0,0,709,0,ITH,ITH4,6,Friuli-Venezia Giulia,Friuli Venezia Giulia,1215220,192738,15.86,0.06
1197,2021-03-01,PAB,909,217,692,11,2,157,5,0,0,734,909,0,ITH,ITH1,4,Provincia Autonoma Bolzano / Bozen,P.A. Bolzano,533050,909,0.17,0.17
1198,2021-02-03,PAB,1445,457,988,615,335,106,321,68,0,0,5,1440,ITH,ITH1,4,Provincia Autonoma Bolzano / Bozen,P.A. Bolzano,533050,2354,0.44,0.27
1199,2021-01-14,PAB,1810,541,1269,477,427,335,285,286,0,0,1810,0,ITH,ITH1,4,Provincia Autonoma Bolzano / Bozen,P.A. Bolzano,533050,4164,0.78,0.34
1200,2021-03-15,PAB,839,293,546,285,94,385,13,56,2,4,365,474,ITH,ITH1,4,Provincia Autonoma Bolzano / Bozen,P.A. Bolzano,533050,5003,0.94,0.16
1201,2021-03-19,PAB,1896,768,1128,159,52,560,15,1096,0,14,793,1103,ITH,ITH1,4,Provincia Autonoma Bolzano / Bozen,P.A. Bolzano,533050,6899,1.29,0.36
1202,2021-02-02,PAB,1731,500,1231,617,370,130,605,9,0,0,8,1723,ITH,ITH1,4,Provincia Autonoma Bolzano / Bozen,P.A. Bolzano,533050,8630,1.62,0.32
1203,2021-02-08,PAB,1,1,0,0,0,1,0,0,0,0,1,0,ITH,ITH1,4,Provincia Autonoma Bolzano / Bozen,P.A. Bolzano,533050,8631,1.62,0.0
1204,2021-02-16,PAB,529,205,324,10,1,6,0,512,0,0,529,0,ITH,ITH1,4,Provincia Autonoma Bolzano / Bozen,P.A. Bolzano,533050,9160,1.72,0.1
1205,2021-02-05,PAB,2826,1057,1769,647,313,393,396,1077,0,0,6,2820,ITH,ITH1,4,Provincia Autonoma Bolzano / Bozen,P.A. Bolzano,533050,11986,2.25,0.53
1206,2021-02-06,PAB,2300,1025,1275,447,43,332,6,1471,0,1,18,2282,ITH,ITH1,4,Provincia Autonoma Bolzano / Bozen,P.A. Bolzano,533050,14286,2.68,0.43
1207,2021-02-26,PAB,1386,492,894,62,32,111,2,846,0,333,1356,30,ITH,ITH1,4,Provincia Autonoma Bolzano / Bozen,P.A. Bolzano,533050,15672,2.94,0.26
1208,2021-03-06,PAB,3946,2069,1877,478,160,711,7,1953,256,381,3734,212,ITH,ITH1,4,Provincia Autonoma Bolzano / Bozen,P.A. Bolzano,533050,19618,3.68,0.74
1209,2021-01-22,PAB,242,138,104,130,8,15,85,3,0,1,124,118,ITH,ITH1,4,Provincia Autonoma Bolzano / Bozen,P.A. Bolzano,533050,19860,3.73,0.05
1210,2021-01-15,PAB,3069,1141,1928,592,303,574,339,1261,0,0,3069,0,ITH,ITH1,4,Provincia Autonoma Bolzano / Bozen,P.A. Bolzano,533050,22929,4.3,0.58
1211,2021-01-09,PAB,600,317,283,75,28,411,74,12,0,0,600,0,ITH,ITH1,4,Provincia Autonoma Bolzano / Bozen,P.A. Bolzano,533050,23529,4.41,0.11
1212,2021-03-10,PAB,1172,446,726,653,7,181,0,134,80,117,1029,143,ITH,ITH1,4,Provincia Autonoma Bolzano / Bozen,P.A. Bolzano,533050,24701,4.63,0.22
1213,2021-01-06,PAB,59,18,41,59,0,0,0,0,0,0,59,0,ITH,ITH1,4,Provincia Autonoma Bolzano / Bozen,P.A. Bolzano,533050,24760,4.64,0.01
1214,2021-03-04,PAB,1681,994,687,292,72,527,37,40,452,261,1469,212,ITH,ITH1,4,Provincia Autonoma Bolzano / Bozen,P.A. Bolzano,533050,26441,4.96,0.32
1215,2021-01-19,PAB,811,349,462,170,19,47,0,575,0,0,681,130,ITH,ITH1,4,Provincia Autonoma Bolzano / Bozen,P.A. Bolzano,533050,27252,5.11,0.15
1216,2021-03-13,PAB,2859,1448,1411,165,52,1261,1,1272,89,19,2758,101,ITH,ITH1,4,Provincia Autonoma Bolzano / Bozen,P.A. Bolzano,533050,30111,5.65,0.54
1217,2021-02-27,PAB,2454,758,1696,202,86,42,8,881,3,1232,2447,7,ITH,ITH1,4,Provincia Autonoma Bolzano / Bozen,P.A. Bolzano,533050,32565,6.11,0.46
1218,2021-01-17,PAB,2270,1025,1245,54,28,208,19,1961,0,0,2259,11,ITH,ITH1,4,Provincia Autonoma Bolzano / Bozen,P.A. Bolzano,533050,34835,6.54,0.43
1219,2021-01-04,PAB,469,191,278,397,41,31,0,0,0,0,469,0,ITH,ITH1,4,Provincia Autonoma Bolzano / Bozen,P.A. Bolzano,533050,35304,6.62,0.09
1220,2021-02-20,PAB,1502,471,1031,196,53,30,24,469,1,729,1484,18,ITH,ITH1,4,Provincia Autonoma Bolzano / Bozen,P.A. Bolzano,533050,36806,6.9,0.28
1221,2021-03-11,PAB,1644,806,838,89,79,473,68,365,237,333,1129,515,ITH,ITH1,4,Provincia Autonoma Bolzano / Bozen,P.A. Bolzano,533050,38450,7.21,0.31
1222,2021-01-07,PAB,892,317,575,613,103,124,0,52,0,0,892,0,ITH,ITH1,4,Provincia Autonoma Bolzano / Bozen,P.A. Bolzano,533050,39342,7.38,0.17
1223,2021-02-22,PAB,521,142,379,339,66,102,0,4,0,10,510,11,ITH,ITH1,4,Provincia Autonoma Bolzano / Bozen,P.A. Bolzano,533050,39863,7.48,0.1
1224,2021-01-12,PAB,1527,398,1129,299,204,476,475,73,0,0,1527,0,ITH,ITH1,4,Provincia Autonoma Bolzano / Bozen,P.A. Bolzano,533050,41390,7.76,0.29
1225,2021-01-11,PAB,1501,476,1025,537,268,372,174,150,0,0,1501,0,ITH,ITH1,4,Provincia Autonoma Bolzano / Bozen,P.A. Bolzano,533050,42891,8.05,0.28
1226,2021-01-02,PAB,91,48,43,69,1,21,0,0,0,0,91,0,ITH,ITH1,4,Provincia Autonoma Bolzano / Bozen,P.A. Bolzano,533050,42982,8.06,0.02
1227,2020-12-30,PAB,384,181,203,340,40,4,0,0,0,0,384,0,ITH,ITH1,4,Provincia Autonoma Bolzano / Bozen,P.A. Bolzano,533050,43366,8.14,0.07
1228,2021-02-04,PAB,1878,569,1309,624,497,124,419,214,0,0,8,1870,ITH,ITH1,4,Provincia Autonoma Bolzano / Bozen,P.A. Bolzano,533050,45244,8.49,0.35
1229,2021-01-23,PAB,195,115,80,183,0,12,0,0,0,0,0,195,ITH,ITH1,4,Provincia Autonoma Bolzano / Bozen,P.A. Bolzano,533050,45439,8.52,0.04
1230,2021-01-25,PAB,462,177,285,380,68,12,0,1,0,1,3,459,ITH,ITH1,4,Provincia Autonoma Bolzano / Bozen,P.A. Bolzano,533050,45901,8.61,0.09
1231,2021-01-28,PAB,867,307,560,584,185,29,69,0,0,0,10,857,ITH,ITH1,4,Provincia Autonoma Bolzano / Bozen,P.A. Bolzano,533050,46768,8.77,0.16
1232,2021-03-22,PAB,1123,511,612,1,0,921,0,191,10,0,1123,0,ITH,ITH1,4,Provincia Autonoma Bolzano / Bozen,P.A. Bolzano,533050,47891,8.98,0.21
1233,2021-02-09,PAB,317,126,191,64,16,6,2,227,0,2,1,316,ITH,ITH1,4,Provincia Autonoma Bolzano / Bozen,P.A. Bolzano,533050,48208,9.04,0.06
1234,2021-03-17,PAB,570,212,358,7,6,34,42,481,0,0,569,1,ITH,ITH1,4,Provincia Autonoma Bolzano / Bozen,P.A. Bolzano,533050,48778,9.15,0.11
1235,2021-02-01,PAB,1385,404,981,709,312,67,296,0,0,1,11,1374,ITH,ITH1,4,Provincia Autonoma Bolzano / Bozen,P.A. Bolzano,533050,50163,9.41,0.26
1236,2021-02-13,PAB,318,79,239,126,57,127,7,1,0,0,312,6,ITH,ITH1,4,Provincia Autonoma Bolzano / Bozen,P.A. Bolzano,533050,50481,9.47,0.06
1237,2021-03-20,PAB,1749,843,906,113,47,618,9,956,5,1,1126,623,ITH,ITH1,4,Provincia Autonoma Bolzano / Bozen,P.A. Bolzano,533050,52230,9.8,0.33
1238,2021-02-12,PAB,721,214,507,316,69,223,104,7,2,0,475,246,ITH,ITH1,4,Provincia Autonoma Bolzano / Bozen,P.A. Bolzano,533050,52951,9.93,0.14
1239,2021-03-05,PAB,1756,590,1166,337,92,291,28,760,9,239,1314,442,ITH,ITH1,4,Provincia Autonoma Bolzano / Bozen,P.A. Bolzano,533050,54707,10.26,0.33
1240,2021-03-07,PAB,114,13,101,59,28,23,0,3,0,1,9,105,ITH,ITH1,4,Provincia Autonoma Bolzano / Bozen,P.A. Bolzano,533050,54821,10.28,0.02
1241,2021-02-25,PAB,1495,548,947,22,5,335,0,728,0,405,1494,1,ITH,ITH1,4,Provincia Autonoma Bolzano / Bozen,P.A. Bolzano,533050,56316,10.56,0.28
1242,2021-03-03,PAB,1162,391,771,12,5,8,6,345,51,735,1149,13,ITH,ITH1,4,Provincia Autonoma Bolzano / Bozen,P.A. Bolzano,533050,57478,10.78,0.22
1243,2021-03-21,PAB,763,280,483,165,17,16,1,561,0,3,14,749,ITH,ITH1,4,Provincia Autonoma Bolzano / Bozen,P.A. Bolzano,533050,58241,10.93,0.14
1244,2021-01-13,PAB,1317,409,908,368,284,304,255,106,0,0,1317,0,ITH,ITH1,4,Provincia Autonoma Bolzano / Bozen,P.A. Bolzano,533050,59558,11.17,0.25
1245,2021-01-18,PAB,1655,638,1017,368,102,197,7,981,0,0,1651,4,ITH,ITH1,4,Provincia Autonoma Bolzano / Bozen,P.A. Bolzano,533050,61213,11.48,0.31
1246,2021-02-18,PAB,1641,401,1240,23,44,269,20,4,0,1281,1638,3,ITH,ITH1,4,Provincia Autonoma Bolzano / Bozen,P.A. Bolzano,533050,62854,11.79,0.31
1247,2021-01-08,PAB,1488,469,1019,777,167,282,166,96,0,0,1488,0,ITH,ITH1,4,Provincia Autonoma Bolzano / Bozen,P.A. Bolzano,533050,64342,12.07,0.28
1248,2021-03-16,PAB,632,249,383,24,29,34,48,497,0,0,115,517,ITH,ITH1,4,Provincia Autonoma Bolzano / Bozen,P.A. Bolzano,533050,64974,12.19,0.12
1249,2021-03-02,PAB,681,193,488,1,0,0,0,0,7,673,681,0,ITH,ITH1,4,Provincia Autonoma Bolzano / Bozen,P.A. Bolzano,533050,65655,12.32,0.13
1250,2021-01-26,PAB,809,291,518,681,119,9,0,0,0,0,1,808,ITH,ITH1,4,Provincia Autonoma Bolzano / Bozen,P.A. Bolzano,533050,66464,12.47,0.15
1251,2021-01-03,PAB,41,16,25,33,5,2,0,1,0,0,41,0,ITH,ITH1,4,Provincia Autonoma Bolzano / Bozen,P.A. Bolzano,533050,66505,12.48,0.01
1252,2021-01-20,PAB,609,248,361,287,50,22,0,250,0,0,401,208,ITH,ITH1,4,Provincia Autonoma Bolzano / Bozen,P.A. Bolzano,533050,67114,12.59,0.11
1253,2021-03-08,PAB,1187,517,670,23,10,275,164,712,0,3,1162,25,ITH,ITH1,4,Provincia Autonoma Bolzano / Bozen,P.A. Bolzano,533050,68301,12.81,0.22
1254,2021-01-10,PAB,2,2,0,1,0,1,0,0,0,0,2,0,ITH,ITH1,4,Provincia Autonoma Bolzano / Bozen,P.A. Bolzano,533050,68303,12.81,0.0
1255,2021-01-30,PAB,496,244,252,216,44,135,101,0,0,0,4,492,ITH,ITH1,4,Provincia Autonoma Bolzano / Bozen,P.A. Bolzano,533050,68799,12.91,0.09
1256,2021-02-17,PAB,4,1,3,1,0,2,0,1,0,0,2,2,ITH,ITH1,4,Provincia Autonoma Bolzano / Bozen,P.A. Bolzano,533050,68803,12.91,0.0
1257,2021-03-14,PAB,754,336,418,130,11,26,33,553,1,0,25,729,ITH,ITH1,4,Provincia Autonoma Bolzano / Bozen,P.A. Bolzano,533050,69557,13.05,0.14
1258,2021-01-24,PAB,12,10,2,1,0,11,0,0,0,0,0,12,ITH,ITH1,4,Provincia Autonoma Bolzano / Bozen,P.A. Bolzano,533050,69569,13.05,0.0
1259,2021-01-16,PAB,2749,1229,1520,450,57,303,77,1861,0,1,2749,0,ITH,ITH1,4,Provincia Autonoma Bolzano / Bozen,P.A. Bolzano,533050,72318,13.57,0.52
1260,2021-02-07,PAB,2165,975,1190,99,25,373,1,1667,0,0,12,2153,ITH,ITH1,4,Provincia Autonoma Bolzano / Bozen,P.A. Bolzano,533050,74483,13.97,0.41
1261,2021-01-21,PAB,915,426,489,720,88,12,68,27,0,0,138,777,ITH,ITH1,4,Provincia Autonoma Bolzano / Bozen,P.A. Bolzano,533050,75398,14.14,0.17
1262,2021-02-23,PAB,763,320,443,0,0,58,0,621,0,84,758,5,ITH,ITH1,4,Provincia Autonoma Bolzano / Bozen,P.A. Bolzano,533050,76161,14.29,0.14
1263,2021-01-29,PAB,1488,508,980,874,282,31,295,2,0,4,23,1465,ITH,ITH1,4,Provincia Autonoma Bolzano / Bozen,P.A. Bolzano,533050,77649,14.57,0.28
1264,2021-03-18,PAB,1289,524,765,49,15,154,48,1023,0,0,215,1074,ITH,ITH1,4,Provincia Autonoma Bolzano / Bozen,P.A. Bolzano,533050,78938,14.81,0.24
1265,2021-02-11,PAB,1031,408,623,205,47,334,102,343,0,0,222,809,ITH,ITH1,4,Provincia Autonoma Bolzano / Bozen,P.A. Bolzano,533050,79969,15.0,0.19
1266,2021-02-10,PAB,1630,602,1028,489,164,394,1,582,0,0,26,1604,ITH,ITH1,4,Provincia Autonoma Bolzano / Bozen,P.A. Bolzano,533050,81599,15.31,0.31
1267,2021-03-12,PAB,868,400,468,65,72,286,41,298,57,49,718,150,ITH,ITH1,4,Provincia Autonoma Bolzano / Bozen,P.A. Bolzano,533050,82467,15.47,0.16
1268,2021-03-23,PAB,1542,751,791,0,0,1238,0,213,57,34,1542,0,ITH,ITH1,4,Provincia Autonoma Bolzano / Bozen,P.A. Bolzano,533050,84009,15.76,0.29
1269,2021-03-25,PAB,806,422,384,21,10,639,7,95,15,19,778,28,ITH,ITH1,4,Provincia Autonoma Bolzano / Bozen,P.A. Bolzano,533050,84815,15.91,0.15
1270,2021-03-24,PAB,1955,926,1029,12,11,1595,5,246,57,29,1944,11,ITH,ITH1,4,Provincia Autonoma Bolzano / Bozen,P.A. Bolzano,533050,86770,16.28,0.37
1271,2021-01-05,PAB,821,283,538,728,58,35,0,0,0,0,821,0,ITH,ITH1,4,Provincia Autonoma Bolzano / Bozen,P.A. Bolzano,533050,87591,16.43,0.15
1272,2020-12-31,PAB,847,485,362,424,58,365,0,0,0,0,847,0,ITH,ITH1,4,Provincia Autonoma Bolzano / Bozen,P.A. Bolzano,533050,88438,16.59,0.16
1273,2021-02-19,PAB,1962,449,1513,121,139,111,79,7,0,1505,1951,11,ITH,ITH1,4,Provincia Autonoma Bolzano / Bozen,P.A. Bolzano,533050,90400,16.96,0.37
1274,2021-03-09,PAB,1185,540,645,29,6,95,21,915,72,47,1183,2,ITH,ITH1,4,Provincia Autonoma Bolzano / Bozen,P.A. Bolzano,533050,91585,17.18,0.22
1275,2021-01-27,PAB,84,28,56,54,26,4,0,0,0,0,1,83,ITH,ITH1,4,Provincia Autonoma Bolzano / Bozen,P.A. Bolzano,533050,91669,17.2,0.02
1276,2021-02-24,PAB,1361,403,958,10,3,0,0,0,8,1340,1349,12,ITH,ITH1,4,Provincia Autonoma Bolzano / Bozen,P.A. Bolzano,533050,93030,17.45,0.26
1277,2021-02-15,PAB,72,42,30,17,2,8,40,5,0,0,26,46,ITH,ITH1,4,Provincia Autonoma Bolzano / Bozen,P.A. Bolzano,533050,93102,17.47,0.01
1278,2021-01-01,PAB,1,1,0,1,0,0,0,0,0,0,1,0,ITH,ITH1,4,Provincia Autonoma Bolzano / Bozen,P.A. Bolzano,533050,93103,17.47,0.0
1279,2020-12-27,PAB,143,65,78,136,2,4,0,1,0,0,143,0,ITH,ITH1,4,Provincia Autonoma Bolzano / Bozen,P.A. Bolzano,533050,93246,17.49,0.03
1280,2021-02-27,PIE,12660,4840,7820,882,464,517,232,7529,0,3036,12312,348,ITC,ITC1,1,Piemonte,Piemonte,4356406,12660,0.29,0.29
1281,2021-03-20,PIE,11577,4770,6807,878,449,753,163,7403,0,1931,5683,5894,ITC,ITC1,1,Piemonte,Piemonte,4356406,24237,0.56,0.27
1282,2021-03-09,PIE,13531,5263,8268,1679,850,718,354,7615,0,2315,11184,2347,ITC,ITC1,1,Piemonte,Piemonte,4356406,37768,0.87,0.31
1283,2021-01-19,PIE,6421,2099,4322,3574,1238,61,1548,0,0,0,6412,9,ITC,ITC1,1,Piemonte,Piemonte,4356406,44189,1.01,0.15
1284,2021-02-13,PIE,4150,1334,2816,2309,654,68,1113,1,0,5,2928,1222,ITC,ITC1,1,Piemonte,Piemonte,4356406,48339,1.11,0.1
1285,2021-01-18,PIE,6162,2047,4115,3236,1322,82,1522,0,0,0,5914,248,ITC,ITC1,1,Piemonte,Piemonte,4356406,54501,1.25,0.14
1286,2021-02-09,PIE,7350,2309,5041,4154,1323,43,1830,0,0,0,722,6628,ITC,ITC1,1,Piemonte,Piemonte,4356406,61851,1.42,0.17
1287,2021-01-27,PIE,4196,1453,2743,2983,541,115,557,0,0,0,999,3197,ITC,ITC1,1,Piemonte,Piemonte,4356406,66047,1.52,0.1
1288,2021-02-17,PIE,4730,2124,2606,2188,954,1089,497,1,0,1,3741,989,ITC,ITC1,1,Piemonte,Piemonte,4356406,70777,1.62,0.11
1289,2021-01-29,PIE,5940,1886,4054,4198,1018,51,673,0,0,0,455,5485,ITC,ITC1,1,Piemonte,Piemonte,4356406,76717,1.76,0.14
1290,2021-03-08,PIE,13793,5248,8545,2040,892,538,412,7394,0,2517,11079,2714,ITC,ITC1,1,Piemonte,Piemonte,4356406,90510,2.08,0.32
1291,2021-01-04,PIE,5562,1678,3884,4590,716,21,235,0,0,0,5562,0,ITC,ITC1,1,Piemonte,Piemonte,4356406,96072,2.21,0.13
1292,2021-01-03,PIE,3061,966,2095,2714,268,27,52,0,0,0,3061,0,ITC,ITC1,1,Piemonte,Piemonte,4356406,99133,2.28,0.07
1293,2021-01-16,PIE,7754,2630,5124,4795,1515,80,1364,0,0,0,7754,0,ITC,ITC1,1,Piemonte,Piemonte,4356406,106887,2.45,0.18
1294,2021-01-06,PIE,3114,1110,2004,2368,319,114,313,0,0,0,3114,0,ITC,ITC1,1,Piemonte,Piemonte,4356406,110001,2.53,0.07
1295,2021-02-15,PIE,4427,1594,2833,2319,841,303,962,1,0,1,3222,1205,ITC,ITC1,1,Piemonte,Piemonte,4356406,114428,2.63,0.1
1296,2021-03-01,PIE,11703,4685,7018,1142,538,743,281,6596,0,2403,10891,812,ITC,ITC1,1,Piemonte,Piemonte,4356406,126131,2.9,0.27
1297,2021-03-07,PIE,11949,4649,7300,1321,726,419,107,7327,0,2049,11071,878,ITC,ITC1,1,Piemonte,Piemonte,4356406,138080,3.17,0.27
1298,2021-01-14,PIE,9761,3150,6611,6175,2006,96,1484,0,0,0,9761,0,ITC,ITC1,1,Piemonte,Piemonte,4356406,147841,3.39,0.22
1299,2021-02-03,PIE,10185,3301,6884,6641,2041,268,1235,0,0,0,611,9574,ITC,ITC1,1,Piemonte,Piemonte,4356406,158026,3.63,0.23
1300,2021-02-12,PIE,6881,2212,4669,3525,1509,138,1707,0,0,2,3924,2957,ITC,ITC1,1,Piemonte,Piemonte,4356406,164907,3.79,0.16
1301,2021-01-13,PIE,10078,3222,6856,6484,2039,226,1329,0,0,0,10078,0,ITC,ITC1,1,Piemonte,Piemonte,4356406,174985,4.02,0.23
1302,2021-02-16,PIE,3962,1752,2210,1819,778,816,548,0,0,1,3204,758,ITC,ITC1,1,Piemonte,Piemonte,4356406,178947,4.11,0.09
1303,2021-02-14,PIE,1475,498,977,796,331,49,285,0,0,14,875,600,ITC,ITC1,1,Piemonte,Piemonte,4356406,180422,4.14,0.03
1304,2021-01-09,PIE,6183,2185,3998,4488,1094,33,568,0,0,0,6183,0,ITC,ITC1,1,Piemonte,Piemonte,4356406,186605,4.28,0.14
1305,2021-02-24,PIE,11382,4617,6765,1843,586,728,407,5660,0,2158,10871,511,ITC,ITC1,1,Piemonte,Piemonte,4356406,197987,4.54,0.26
1306,2021-02-18,PIE,4781,2089,2692,2251,868,1036,624,0,0,2,4351,430,ITC,ITC1,1,Piemonte,Piemonte,4356406,202768,4.65,0.11
1307,2020-12-30,PIE,730,322,408,685,45,0,0,0,0,0,730,0,ITC,ITC1,1,Piemonte,Piemonte,4356406,203498,4.67,0.02
1308,2021-03-19,PIE,10576,4331,6245,1085,453,444,416,7908,0,270,4149,6427,ITC,ITC1,1,Piemonte,Piemonte,4356406,214074,4.91,0.24
1309,2021-02-01,PIE,8641,3053,5588,6170,1324,79,1068,0,0,0,578,8063,ITC,ITC1,1,Piemonte,Piemonte,4356406,222715,5.11,0.2
1310,2021-02-19,PIE,5526,2171,3355,1987,788,977,666,30,0,1078,5024,502,ITC,ITC1,1,Piemonte,Piemonte,4356406,228241,5.24,0.13
1311,2021-02-05,PIE,9450,3077,6373,5766,1959,82,1643,0,0,0,657,8793,ITC,ITC1,1,Piemonte,Piemonte,4356406,237691,5.46,0.22
1312,2021-01-23,PIE,4254,1325,2929,3206,453,75,520,0,0,0,878,3376,ITC,ITC1,1,Piemonte,Piemonte,4356406,241945,5.55,0.1
1313,2021-03-25,PIE,6580,2837,3743,389,195,448,45,5110,25,368,2640,3940,ITC,ITC1,1,Piemonte,Piemonte,4356406,248525,5.7,0.15
1314,2021-02-11,PIE,6761,2106,4655,3421,1136,191,2010,0,0,3,3004,3757,ITC,ITC1,1,Piemonte,Piemonte,4356406,255286,5.86,0.16
1315,2020-12-28,PIE,1,1,0,1,0,0,0,0,0,0,1,0,ITC,ITC1,1,Piemonte,Piemonte,4356406,255287,5.86,0.0
1316,2021-01-30,PIE,5978,2135,3843,4367,1049,67,495,0,0,0,218,5760,ITC,ITC1,1,Piemonte,Piemonte,4356406,261265,6.0,0.14
1317,2021-01-07,PIE,5385,1739,3646,4158,837,49,341,0,0,0,5385,0,ITC,ITC1,1,Piemonte,Piemonte,4356406,266650,6.12,0.12
1318,2021-01-08,PIE,5529,1761,3768,4078,971,58,422,0,0,0,5529,0,ITC,ITC1,1,Piemonte,Piemonte,4356406,272179,6.25,0.13
1319,2020-12-31,PIE,3907,1332,2575,3413,354,6,134,0,0,0,3907,0,ITC,ITC1,1,Piemonte,Piemonte,4356406,276086,6.34,0.09
1320,2021-02-20,PIE,3828,1251,2577,1100,394,669,219,30,0,1416,3654,174,ITC,ITC1,1,Piemonte,Piemonte,4356406,279914,6.43,0.09
1321,2021-03-13,PIE,12773,4619,8154,1168,503,510,157,8300,0,2135,11332,1441,ITC,ITC1,1,Piemonte,Piemonte,4356406,292687,6.72,0.29
1322,2021-01-20,PIE,6538,2067,4471,3573,1140,13,1812,0,0,0,5813,725,ITC,ITC1,1,Piemonte,Piemonte,4356406,299225,6.87,0.15
1323,2021-03-11,PIE,13526,4968,8558,2308,809,635,369,7314,0,2091,10444,3082,ITC,ITC1,1,Piemonte,Piemonte,4356406,312751,7.18,0.31
1324,2021-01-15,PIE,8962,2951,6011,5495,1860,64,1543,0,0,0,8962,0,ITC,ITC1,1,Piemonte,Piemonte,4356406,321713,7.38,0.21
1325,2021-02-25,PIE,12199,5244,6955,1439,592,1484,405,6320,1,1958,11651,548,ITC,ITC1,1,Piemonte,Piemonte,4356406,333912,7.66,0.28
1326,2021-01-28,PIE,5588,1809,3779,4118,829,50,590,1,0,0,384,5204,ITC,ITC1,1,Piemonte,Piemonte,4356406,339500,7.79,0.13
1327,2021-01-11,PIE,8740,2980,5760,6053,1484,77,1126,0,0,0,8740,0,ITC,ITC1,1,Piemonte,Piemonte,4356406,348240,7.99,0.2
1328,2021-02-02,PIE,10232,3504,6728,6867,1979,69,1317,0,0,0,814,9418,ITC,ITC1,1,Piemonte,Piemonte,4356406,358472,8.23,0.23
1329,2021-03-05,PIE,15254,5954,9300,2538,1098,925,654,7663,0,2376,11430,3824,ITC,ITC1,1,Piemonte,Piemonte,4356406,373726,8.58,0.35
1330,2021-03-18,PIE,11468,4706,6762,1459,677,329,342,8643,0,18,3760,7708,ITC,ITC1,1,Piemonte,Piemonte,4356406,385194,8.84,0.26
1331,2021-01-21,PIE,6876,2314,4562,4705,825,30,1316,0,0,0,3381,3495,ITC,ITC1,1,Piemonte,Piemonte,4356406,392070,9.0,0.16
1332,2021-02-23,PIE,9226,3708,5518,2294,821,570,389,4100,0,1052,8645,581,ITC,ITC1,1,Piemonte,Piemonte,4356406,401296,9.21,0.21
1333,2021-01-05,PIE,5377,1602,3775,4364,683,45,285,0,0,0,5377,0,ITC,ITC1,1,Piemonte,Piemonte,4356406,406673,9.34,0.12
1334,2021-01-17,PIE,3517,1168,2349,2082,588,7,840,0,0,0,2870,647,ITC,ITC1,1,Piemonte,Piemonte,4356406,410190,9.42,0.08
1335,2021-01-26,PIE,6328,1878,4450,4725,831,44,728,0,0,0,735,5593,ITC,ITC1,1,Piemonte,Piemonte,4356406,416518,9.56,0.15
1336,2021-02-26,PIE,12234,4909,7325,811,376,1070,487,6593,1,2896,11497,737,ITC,ITC1,1,Piemonte,Piemonte,4356406,428752,9.84,0.28
1337,2021-01-25,PIE,6209,1938,4271,4782,839,26,562,0,0,0,982,5227,ITC,ITC1,1,Piemonte,Piemonte,4356406,434961,9.98,0.14
1338,2021-03-16,PIE,10281,4154,6127,2227,798,296,320,6627,0,13,4219,6062,ITC,ITC1,1,Piemonte,Piemonte,4356406,445242,10.22,0.24
1339,2021-03-06,PIE,13965,5202,8763,2261,771,357,456,7428,0,2692,11180,2785,ITC,ITC1,1,Piemonte,Piemonte,4356406,459207,10.54,0.32
1340,2021-02-10,PIE,7445,2346,5099,3850,1461,37,2097,0,0,0,1316,6129,ITC,ITC1,1,Piemonte,Piemonte,4356406,466652,10.71,0.17
1341,2021-03-14,PIE,8181,3322,4859,794,233,384,2,5795,0,973,5286,2895,ITC,ITC1,1,Piemonte,Piemonte,4356406,474833,10.9,0.19
1342,2020-12-27,PIE,912,368,544,760,65,11,76,0,0,0,912,0,ITC,ITC1,1,Piemonte,Piemonte,4356406,475745,10.92,0.02
1343,2021-01-22,PIE,3864,1248,2616,2280,609,41,934,0,0,0,2523,1341,ITC,ITC1,1,Piemonte,Piemonte,4356406,479609,11.01,0.09
1344,2021-03-17,PIE,12256,4971,7285,2075,717,342,235,8878,0,9,4969,7287,ITC,ITC1,1,Piemonte,Piemonte,4356406,491865,11.29,0.28
1345,2021-02-04,PIE,10196,3337,6859,6234,2129,70,1763,0,0,0,588,9608,ITC,ITC1,1,Piemonte,Piemonte,4356406,502061,11.52,0.23
1346,2021-01-31,PIE,4105,1748,2357,3076,636,18,375,0,0,0,112,3993,ITC,ITC1,1,Piemonte,Piemonte,4356406,506166,11.62,0.09
1347,2021-01-12,PIE,10040,3401,6639,6859,1917,92,1172,0,0,0,10040,0,ITC,ITC1,1,Piemonte,Piemonte,4356406,516206,11.85,0.23
1348,2021-03-21,PIE,10342,4527,5815,575,383,1237,9,6823,0,1315,3819,6523,ITC,ITC1,1,Piemonte,Piemonte,4356406,526548,12.09,0.24
1349,2021-01-10,PIE,5207,2273,2934,3904,765,19,519,0,0,0,5207,0,ITC,ITC1,1,Piemonte,Piemonte,4356406,531755,12.21,0.12
1350,2021-03-12,PIE,13722,5074,8648,2131,854,477,454,7551,0,2255,10813,2909,ITC,ITC1,1,Piemonte,Piemonte,4356406,545477,12.52,0.31
1351,2021-03-10,PIE,13374,5061,8313,1662,732,642,279,7918,0,2141,11079,2295,ITC,ITC1,1,Piemonte,Piemonte,4356406,558851,12.83,0.31
1352,2021-02-22,PIE,8461,3462,4999,1702,800,639,511,3889,0,920,7872,589,ITC,ITC1,1,Piemonte,Piemonte,4356406,567312,13.02,0.19
1353,2021-02-28,PIE,10803,4054,6749,642,344,167,53,6812,0,2785,10563,240,ITC,ITC1,1,Piemonte,Piemonte,4356406,578115,13.27,0.25
1354,2021-03-15,PIE,10595,4138,6457,1715,923,579,229,5689,0,1460,4980,5615,ITC,ITC1,1,Piemonte,Piemonte,4356406,588710,13.51,0.24
1355,2021-03-22,PIE,10652,4398,6254,871,457,540,170,7400,0,1214,3430,7222,ITC,ITC1,1,Piemonte,Piemonte,4356406,599362,13.76,0.24
1356,2021-03-04,PIE,14425,5716,8709,2169,870,1093,581,7523,0,2189,11514,2911,ITC,ITC1,1,Piemonte,Piemonte,4356406,613787,14.09,0.33
1357,2021-03-24,PIE,14331,5934,8397,1006,492,882,245,10961,37,708,5344,8987,ITC,ITC1,1,Piemonte,Piemonte,4356406,628118,14.42,0.33
1358,2021-03-23,PIE,12348,5089,7259,672,325,943,182,8971,0,1255,6115,6233,ITC,ITC1,1,Piemonte,Piemonte,4356406,640466,14.7,0.28
1359,2021-01-24,PIE,3150,957,2193,2632,344,28,146,0,0,0,434,2716,ITC,ITC1,1,Piemonte,Piemonte,4356406,643616,14.77,0.07
1360,2021-02-08,PIE,6914,2355,4559,3784,1480,78,1572,0,0,0,666,6248,ITC,ITC1,1,Piemonte,Piemonte,4356406,650530,14.93,0.16
1361,2021-03-03,PIE,12061,4621,7440,1102,434,594,257,7020,0,2654,11236,825,ITC,ITC1,1,Piemonte,Piemonte,4356406,662591,15.21,0.28
1362,2021-01-01,PIE,1038,395,643,922,116,0,0,0,0,0,1038,0,ITC,ITC1,1,Piemonte,Piemonte,4356406,663629,15.23,0.02
1363,2021-02-07,PIE,3087,974,2113,1648,643,19,777,0,0,0,445,2642,ITC,ITC1,1,Piemonte,Piemonte,4356406,666716,15.3,0.07
1364,2021-03-02,PIE,11132,4476,6656,901,316,816,214,6384,0,2501,10315,817,ITC,ITC1,1,Piemonte,Piemonte,4356406,677848,15.56,0.26
1365,2021-01-02,PIE,3540,1134,2406,3073,336,78,53,0,0,0,3540,0,ITC,ITC1,1,Piemonte,Piemonte,4356406,681388,15.64,0.08
1366,2021-02-21,PIE,5086,2080,3006,686,189,75,47,3352,0,737,4983,103,ITC,ITC1,1,Piemonte,Piemonte,4356406,686474,15.76,0.12
1367,2021-02-06,PIE,7982,2664,5318,5100,1528,104,1250,0,0,0,400,7582,ITC,ITC1,1,Piemonte,Piemonte,4356406,694456,15.94,0.18
1368,2021-01-30,VDA,436,202,234,232,181,11,12,0,0,0,13,423,ITC,ITC2,2,Valle d'Aosta / Vallée d'Aoste,Valle d'Aosta,125666,436,0.35,0.35
1369,2021-02-21,VDA,18,3,15,0,0,0,18,0,0,0,0,18,ITC,ITC2,2,Valle d'Aosta / Vallée d'Aoste,Valle d'Aosta,125666,454,0.36,0.01
1370,2021-03-18,VDA,134,43,91,4,0,3,25,101,1,0,98,36,ITC,ITC2,2,Valle d'Aosta / Vallée d'Aoste,Valle d'Aosta,125666,588,0.47,0.11
1371,2021-01-14,VDA,237,69,168,151,62,22,0,2,0,0,237,0,ITC,ITC2,2,Valle d'Aosta / Vallée d'Aoste,Valle d'Aosta,125666,825,0.66,0.19
1372,2021-02-22,VDA,316,94,222,62,7,34,37,103,6,67,213,103,ITC,ITC2,2,Valle d'Aosta / Vallée d'Aoste,Valle d'Aosta,125666,1141,0.91,0.25
1373,2021-03-04,VDA,291,139,152,55,13,45,2,160,14,2,42,249,ITC,ITC2,2,Valle d'Aosta / Vallée d'Aoste,Valle d'Aosta,125666,1432,1.14,0.23
1374,2021-01-13,VDA,337,110,227,166,138,5,28,0,0,0,337,0,ITC,ITC2,2,Valle d'Aosta / Vallée d'Aoste,Valle d'Aosta,125666,1769,1.41,0.27
1375,2021-02-07,VDA,292,120,172,110,55,17,0,105,2,3,190,102,ITC,ITC2,2,Valle d'Aosta / Vallée d'Aoste,Valle d'Aosta,125666,2061,1.64,0.23
1376,2021-01-09,VDA,443,199,244,225,183,13,22,0,0,0,443,0,ITC,ITC2,2,Valle d'Aosta / Vallée d'Aoste,Valle d'Aosta,125666,2504,1.99,0.35
1377,2021-03-25,VDA,11,1,10,2,0,6,1,2,0,0,7,4,ITC,ITC2,2,Valle d'Aosta / Vallée d'Aoste,Valle d'Aosta,125666,2515,2.0,0.01
1378,2021-03-15,VDA,361,122,239,20,4,41,10,215,6,65,159,202,ITC,ITC2,2,Valle d'Aosta / Vallée d'Aoste,Valle d'Aosta,125666,2876,2.29,0.29
1379,2021-02-27,VDA,230,84,146,69,2,28,1,126,4,0,124,106,ITC,ITC2,2,Valle d'Aosta / Vallée d'Aoste,Valle d'Aosta,125666,3106,2.47,0.18
1380,2021-02-05,VDA,294,102,192,159,45,37,0,53,0,0,101,193,ITC,ITC2,2,Valle d'Aosta / Vallée d'Aoste,Valle d'Aosta,125666,3400,2.71,0.23
1381,2021-03-13,VDA,142,84,58,2,1,113,0,0,23,3,142,0,ITC,ITC2,2,Valle d'Aosta / Vallée d'Aoste,Valle d'Aosta,125666,3542,2.82,0.11
1382,2021-02-16,VDA,325,53,272,10,0,58,12,5,4,236,320,5,ITC,ITC2,2,Valle d'Aosta / Vallée d'Aoste,Valle d'Aosta,125666,3867,3.08,0.26
1383,2021-01-21,VDA,33,12,21,0,0,0,33,0,0,0,33,0,ITC,ITC2,2,Valle d'Aosta / Vallée d'Aoste,Valle d'Aosta,125666,3900,3.1,0.03
1384,2021-01-22,VDA,56,21,35,36,0,0,20,0,0,0,20,36,ITC,ITC2,2,Valle d'Aosta / Vallée d'Aoste,Valle d'Aosta,125666,3956,3.15,0.04
1385,2021-02-06,VDA,289,104,185,170,31,13,0,74,1,0,92,197,ITC,ITC2,2,Valle d'Aosta / Vallée d'Aoste,Valle d'Aosta,125666,4245,3.38,0.23
1386,2021-01-02,VDA,6,5,1,0,0,0,6,0,0,0,6,0,ITC,ITC2,2,Valle d'Aosta / Vallée d'Aoste,Valle d'Aosta,125666,4251,3.38,0.0
1387,2021-03-01,VDA,181,66,115,19,5,10,29,116,2,0,147,34,ITC,ITC2,2,Valle d'Aosta / Vallée d'Aoste,Valle d'Aosta,125666,4432,3.53,0.14
1388,2021-01-05,VDA,150,54,96,127,11,1,11,0,0,0,150,0,ITC,ITC2,2,Valle d'Aosta / Vallée d'Aoste,Valle d'Aosta,125666,4582,3.65,0.12
1389,2021-01-08,VDA,299,130,169,240,35,8,16,0,0,0,299,0,ITC,ITC2,2,Valle d'Aosta / Vallée d'Aoste,Valle d'Aosta,125666,4881,3.88,0.24
1390,2021-01-16,VDA,236,80,156,127,32,4,22,51,0,0,236,0,ITC,ITC2,2,Valle d'Aosta / Vallée d'Aoste,Valle d'Aosta,125666,5117,4.07,0.19
1391,2021-03-05,VDA,275,124,151,50,8,61,13,138,0,5,53,222,ITC,ITC2,2,Valle d'Aosta / Vallée d'Aoste,Valle d'Aosta,125666,5392,4.29,0.22
1392,2021-02-04,VDA,294,86,208,168,74,17,34,1,0,0,8,286,ITC,ITC2,2,Valle d'Aosta / Vallée d'Aoste,Valle d'Aosta,125666,5686,4.52,0.23
1393,2021-03-07,VDA,64,30,34,16,3,16,0,26,2,1,11,53,ITC,ITC2,2,Valle d'Aosta / Vallée d'Aoste,Valle d'Aosta,125666,5750,4.58,0.05
1394,2021-01-15,VDA,218,82,136,116,32,36,28,6,0,0,218,0,ITC,ITC2,2,Valle d'Aosta / Vallée d'Aoste,Valle d'Aosta,125666,5968,4.75,0.17
1395,2020-12-27,VDA,20,9,11,20,0,0,0,0,0,0,20,0,ITC,ITC2,2,Valle d'Aosta / Vallée d'Aoste,Valle d'Aosta,125666,5988,4.77,0.02
1396,2021-03-20,VDA,205,85,120,5,2,164,15,14,4,1,170,35,ITC,ITC2,2,Valle d'Aosta / Vallée d'Aoste,Valle d'Aosta,125666,6193,4.93,0.16
1397,2021-02-24,VDA,183,82,101,30,7,8,13,65,53,7,164,19,ITC,ITC2,2,Valle d'Aosta / Vallée d'Aoste,Valle d'Aosta,125666,6376,5.07,0.15
1398,2021-03-03,VDA,255,118,137,9,1,105,1,134,1,4,186,69,ITC,ITC2,2,Valle d'Aosta / Vallée d'Aoste,Valle d'Aosta,125666,6631,5.28,0.2
1399,2021-03-14,VDA,390,200,190,6,3,295,0,0,34,52,390,0,ITC,ITC2,2,Valle d'Aosta / Vallée d'Aoste,Valle d'Aosta,125666,7021,5.59,0.31
1400,2021-01-18,VDA,213,74,139,29,7,104,27,46,0,0,213,0,ITC,ITC2,2,Valle d'Aosta / Vallée d'Aoste,Valle d'Aosta,125666,7234,5.76,0.17
1401,2021-02-17,VDA,327,144,183,25,1,18,30,237,16,0,227,100,ITC,ITC2,2,Valle d'Aosta / Vallée d'Aoste,Valle d'Aosta,125666,7561,6.02,0.26
1402,2021-03-06,VDA,22,4,18,13,0,0,5,4,0,0,22,0,ITC,ITC2,2,Valle d'Aosta / Vallée d'Aoste,Valle d'Aosta,125666,7583,6.03,0.02
1403,2021-02-09,VDA,251,84,167,78,9,21,14,75,1,53,68,183,ITC,ITC2,2,Valle d'Aosta / Vallée d'Aoste,Valle d'Aosta,125666,7834,6.23,0.2
1404,2021-02-26,VDA,206,57,149,67,4,30,4,96,4,1,122,84,ITC,ITC2,2,Valle d'Aosta / Vallée d'Aoste,Valle d'Aosta,125666,8040,6.4,0.16
1405,2021-03-17,VDA,430,185,245,35,2,90,15,240,41,7,270,160,ITC,ITC2,2,Valle d'Aosta / Vallée d'Aoste,Valle d'Aosta,125666,8470,6.74,0.34
1406,2021-01-29,VDA,316,138,178,259,32,9,16,0,0,0,2,314,ITC,ITC2,2,Valle d'Aosta / Vallée d'Aoste,Valle d'Aosta,125666,8786,6.99,0.25
1407,2021-03-11,VDA,192,72,120,2,0,14,7,166,1,2,64,128,ITC,ITC2,2,Valle d'Aosta / Vallée d'Aoste,Valle d'Aosta,125666,8978,7.14,0.15
1408,2021-03-10,VDA,436,182,254,9,0,67,17,337,6,0,225,211,ITC,ITC2,2,Valle d'Aosta / Vallée d'Aoste,Valle d'Aosta,125666,9414,7.49,0.35
1409,2021-02-20,VDA,250,210,40,6,2,49,8,2,174,9,241,9,ITC,ITC2,2,Valle d'Aosta / Vallée d'Aoste,Valle d'Aosta,125666,9664,7.69,0.2
1410,2021-02-23,VDA,216,123,93,0,1,164,0,0,35,16,216,0,ITC,ITC2,2,Valle d'Aosta / Vallée d'Aoste,Valle d'Aosta,125666,9880,7.86,0.17
1411,2021-03-12,VDA,529,175,354,14,7,97,7,148,2,254,303,226,ITC,ITC2,2,Valle d'Aosta / Vallée d'Aoste,Valle d'Aosta,125666,10409,8.28,0.42
1412,2021-03-22,VDA,556,204,352,36,4,137,18,334,10,17,330,226,ITC,ITC2,2,Valle d'Aosta / Vallée d'Aoste,Valle d'Aosta,125666,10965,8.73,0.44
1413,2021-01-17,VDA,131,56,75,49,2,1,20,59,0,0,131,0,ITC,ITC2,2,Valle d'Aosta / Vallée d'Aoste,Valle d'Aosta,125666,11096,8.83,0.1
1414,2021-03-02,VDA,339,166,173,17,1,103,39,109,65,5,336,3,ITC,ITC2,2,Valle d'Aosta / Vallée d'Aoste,Valle d'Aosta,125666,11435,9.1,0.27
1415,2021-01-11,VDA,325,112,213,238,50,7,30,0,0,0,325,0,ITC,ITC2,2,Valle d'Aosta / Vallée d'Aoste,Valle d'Aosta,125666,11760,9.36,0.26
1416,2021-01-20,VDA,23,8,15,0,0,0,6,17,0,0,23,0,ITC,ITC2,2,Valle d'Aosta / Vallée d'Aoste,Valle d'Aosta,125666,11783,9.38,0.02
1417,2021-01-12,VDA,302,72,230,242,34,15,11,0,0,0,302,0,ITC,ITC2,2,Valle d'Aosta / Vallée d'Aoste,Valle d'Aosta,125666,12085,9.62,0.24
1418,2021-03-16,VDA,175,35,140,2,0,42,13,118,0,0,114,61,ITC,ITC2,2,Valle d'Aosta / Vallée d'Aoste,Valle d'Aosta,125666,12260,9.76,0.14
1419,2021-02-15,VDA,264,136,128,24,2,27,24,170,15,2,229,35,ITC,ITC2,2,Valle d'Aosta / Vallée d'Aoste,Valle d'Aosta,125666,12524,9.97,0.21
1420,2021-03-19,VDA,319,84,235,7,1,71,21,9,1,209,284,35,ITC,ITC2,2,Valle d'Aosta / Vallée d'Aoste,Valle d'Aosta,125666,12843,10.22,0.25
1421,2021-02-11,VDA,231,107,124,53,17,21,0,127,13,0,222,9,ITC,ITC2,2,Valle d'Aosta / Vallée d'Aoste,Valle d'Aosta,125666,13074,10.4,0.18
1422,2021-02-01,VDA,403,127,276,268,56,9,70,0,0,0,87,316,ITC,ITC2,2,Valle d'Aosta / Vallée d'Aoste,Valle d'Aosta,125666,13477,10.72,0.32
1423,2021-03-08,VDA,481,231,250,28,1,80,13,343,15,1,237,244,ITC,ITC2,2,Valle d'Aosta / Vallée d'Aoste,Valle d'Aosta,125666,13958,11.11,0.38
1424,2021-01-07,VDA,275,111,164,224,38,8,5,0,0,0,275,0,ITC,ITC2,2,Valle d'Aosta / Vallée d'Aoste,Valle d'Aosta,125666,14233,11.33,0.22
1425,2021-01-28,VDA,290,123,167,197,34,51,6,2,0,0,56,234,ITC,ITC2,2,Valle d'Aosta / Vallée d'Aoste,Valle d'Aosta,125666,14523,11.56,0.23
1426,2021-01-27,VDA,151,71,80,55,8,17,18,53,0,0,79,72,ITC,ITC2,2,Valle d'Aosta / Vallée d'Aoste,Valle d'Aosta,125666,14674,11.68,0.12
1427,2021-02-18,VDA,349,153,196,61,4,37,45,180,14,8,261,88,ITC,ITC2,2,Valle d'Aosta / Vallée d'Aoste,Valle d'Aosta,125666,15023,11.95,0.28
1428,2021-02-19,VDA,292,102,190,17,0,30,35,145,0,65,268,24,ITC,ITC2,2,Valle d'Aosta / Vallée d'Aoste,Valle d'Aosta,125666,15315,12.19,0.23
1429,2021-03-09,VDA,204,96,108,2,0,79,23,36,39,25,172,32,ITC,ITC2,2,Valle d'Aosta / Vallée d'Aoste,Valle d'Aosta,125666,15519,12.35,0.16
1430,2021-01-19,VDA,256,77,179,160,10,14,15,57,0,0,256,0,ITC,ITC2,2,Valle d'Aosta / Vallée d'Aoste,Valle d'Aosta,125666,15775,12.55,0.2
1431,2021-02-13,VDA,215,195,20,0,0,54,0,0,161,0,215,0,ITC,ITC2,2,Valle d'Aosta / Vallée d'Aoste,Valle d'Aosta,125666,15990,12.72,0.17
1432,2021-02-03,VDA,351,114,237,157,135,6,52,1,0,0,14,337,ITC,ITC2,2,Valle d'Aosta / Vallée d'Aoste,Valle d'Aosta,125666,16341,13.0,0.28
1433,2021-01-26,VDA,139,48,91,115,11,1,12,0,0,0,0,139,ITC,ITC2,2,Valle d'Aosta / Vallée d'Aoste,Valle d'Aosta,125666,16480,13.11,0.11
1434,2021-02-12,VDA,263,96,167,51,9,41,26,131,0,5,217,46,ITC,ITC2,2,Valle d'Aosta / Vallée d'Aoste,Valle d'Aosta,125666,16743,13.32,0.21
1435,2021-03-23,VDA,375,149,226,13,2,70,7,276,0,7,242,133,ITC,ITC2,2,Valle d'Aosta / Vallée d'Aoste,Valle d'Aosta,125666,17118,13.62,0.3
1436,2021-02-10,VDA,248,77,171,51,8,17,26,127,1,18,141,107,ITC,ITC2,2,Valle d'Aosta / Vallée d'Aoste,Valle d'Aosta,125666,17366,13.82,0.2
1437,2021-02-08,VDA,223,83,140,28,17,86,3,64,0,25,25,198,ITC,ITC2,2,Valle d'Aosta / Vallée d'Aoste,Valle d'Aosta,125666,17589,14.0,0.18
1438,2021-02-02,VDA,271,70,201,225,34,9,3,0,0,0,2,269,ITC,ITC2,2,Valle d'Aosta / Vallée d'Aoste,Valle d'Aosta,125666,17860,14.21,0.22
1439,2021-03-24,VDA,512,230,282,8,3,135,0,363,2,1,257,255,ITC,ITC2,2,Valle d'Aosta / Vallée d'Aoste,Valle d'Aosta,125666,18372,14.62,0.41
1440,2021-01-10,VDA,220,71,149,172,25,4,19,0,0,0,220,0,ITC,ITC2,2,Valle d'Aosta / Vallée d'Aoste,Valle d'Aosta,125666,18592,14.79,0.18
1441,2020-12-31,VDA,18,4,14,16,2,0,0,0,0,0,18,0,ITC,ITC2,2,Valle d'Aosta / Vallée d'Aoste,Valle d'Aosta,125666,18610,14.81,0.01
1442,2021-01-06,VDA,65,33,32,29,8,10,18,0,0,0,65,0,ITC,ITC2,2,Valle d'Aosta / Vallée d'Aoste,Valle d'Aosta,125666,18675,14.86,0.05
1443,2021-02-25,VDA,201,101,100,6,3,154,11,0,25,2,194,7,ITC,ITC2,2,Valle d'Aosta / Vallée d'Aoste,Valle d'Aosta,125666,18876,15.02,0.16
1444,2021-01-04,VDA,142,59,83,126,14,2,0,0,0,0,142,0,ITC,ITC2,2,Valle d'Aosta / Vallée d'Aoste,Valle d'Aosta,125666,19018,15.13,0.11
1445,2021-01-25,VDA,147,65,82,125,13,3,6,0,0,0,0,147,ITC,ITC2,2,Valle d'Aosta / Vallée d'Aoste,Valle d'Aosta,125666,19165,15.25,0.12
1446,2021-02-14,VDA,48,16,32,6,0,0,42,0,0,0,1,47,ITC,ITC2,2,Valle d'Aosta / Vallée d'Aoste,Valle d'Aosta,125666,19213,15.29,0.04
1447,2021-02-28,VDA,260,86,174,78,31,27,24,93,3,4,77,183,ITC,ITC2,2,Valle d'Aosta / Vallée d'Aoste,Valle d'Aosta,125666,19473,15.5,0.21
1448,2021-03-21,VDA,353,164,189,2,4,312,0,1,6,28,353,0,ITC,ITC2,2,Valle d'Aosta / Vallée d'Aoste,Valle d'Aosta,125666,19826,15.78,0.28
1449,2021-01-31,VDA,290,90,200,231,31,10,18,0,0,0,58,232,ITC,ITC2,2,Valle d'Aosta / Vallée d'Aoste,Valle d'Aosta,125666,20116,16.01,0.23
1450,2021-03-15,SIC,10741,4708,6033,1239,48,2589,665,4830,216,1154,5669,5072,ITG,ITG1,19,Sicilia,Sicilia,4999891,10741,0.21,0.21
1451,2021-02-28,SIC,7180,3072,4108,871,33,1279,93,3291,254,1359,6550,630,ITG,ITG1,19,Sicilia,Sicilia,4999891,17921,0.36,0.14
1452,2021-02-11,SIC,5332,2103,3229,2458,307,1677,890,0,0,0,4868,464,ITG,ITG1,19,Sicilia,Sicilia,4999891,23253,0.47,0.11
1453,2021-03-13,SIC,12435,5477,6958,1173,87,4170,493,4615,133,1764,7829,4606,ITG,ITG1,19,Sicilia,Sicilia,4999891,35688,0.71,0.25
1454,2021-01-28,SIC,9328,4399,4929,7464,221,1348,295,0,0,0,414,8914,ITG,ITG1,19,Sicilia,Sicilia,4999891,45016,0.9,0.19
1455,2021-03-16,SIC,10168,4462,5706,1662,105,1628,810,5677,68,218,4016,6152,ITG,ITG1,19,Sicilia,Sicilia,4999891,55184,1.1,0.2
1456,2021-03-14,SIC,8818,3944,4874,569,42,3037,176,4280,36,678,4961,3857,ITG,ITG1,19,Sicilia,Sicilia,4999891,64002,1.28,0.18
1457,2021-02-04,SIC,6877,3159,3718,4417,172,1748,540,0,0,0,1460,5417,ITG,ITG1,19,Sicilia,Sicilia,4999891,70879,1.42,0.14
1458,2021-01-16,SIC,2776,1195,1581,1329,165,984,298,0,0,0,2776,0,ITG,ITG1,19,Sicilia,Sicilia,4999891,73655,1.47,0.06
1459,2021-01-23,SIC,4149,2147,2002,3912,33,188,16,0,0,0,225,3924,ITG,ITG1,19,Sicilia,Sicilia,4999891,77804,1.56,0.08
1460,2021-01-02,SIC,4872,2533,2339,4311,0,561,0,0,0,0,4872,0,ITG,ITG1,19,Sicilia,Sicilia,4999891,82676,1.65,0.1
1461,2021-02-14,SIC,1057,402,655,433,58,330,236,0,0,0,917,140,ITG,ITG1,19,Sicilia,Sicilia,4999891,83733,1.67,0.02
1462,2021-01-10,SIC,3618,1615,2003,2126,125,903,464,0,0,0,3618,0,ITG,ITG1,19,Sicilia,Sicilia,4999891,87351,1.75,0.07
1463,2021-01-29,SIC,9360,4321,5039,7151,174,1730,305,0,0,0,432,8928,ITG,ITG1,19,Sicilia,Sicilia,4999891,96711,1.93,0.19
1464,2021-01-22,SIC,1235,625,610,1035,13,69,118,0,0,0,242,993,ITG,ITG1,19,Sicilia,Sicilia,4999891,97946,1.96,0.02
1465,2021-03-11,SIC,15443,6504,8939,1610,127,5064,906,3931,481,3324,12870,2573,ITG,ITG1,19,Sicilia,Sicilia,4999891,113389,2.27,0.31
1466,2021-02-02,SIC,5539,2622,2917,3154,221,1735,429,0,0,0,633,4906,ITG,ITG1,19,Sicilia,Sicilia,4999891,118928,2.38,0.11
1467,2021-02-25,SIC,10156,5276,4880,1770,49,1653,507,3981,1525,671,8976,1180,ITG,ITG1,19,Sicilia,Sicilia,4999891,129084,2.58,0.2
1468,2021-03-03,SIC,14694,6539,8155,2408,130,2196,507,4293,1330,3830,11609,3085,ITG,ITG1,19,Sicilia,Sicilia,4999891,143778,2.88,0.29
1469,2021-02-17,SIC,5432,3293,2139,1530,118,1009,880,8,1885,2,4758,674,ITG,ITG1,19,Sicilia,Sicilia,4999891,149210,2.98,0.11
1470,2021-02-08,SIC,4086,1759,2327,2346,188,1155,397,0,0,0,2128,1958,ITG,ITG1,19,Sicilia,Sicilia,4999891,153296,3.07,0.08
1471,2021-01-07,SIC,9173,4239,4934,7694,70,1199,210,0,0,0,9173,0,ITG,ITG1,19,Sicilia,Sicilia,4999891,162469,3.25,0.18
1472,2021-03-08,SIC,13499,5780,7719,2011,113,1992,626,3836,920,4001,10686,2813,ITG,ITG1,19,Sicilia,Sicilia,4999891,175968,3.52,0.27
1473,2021-03-18,SIC,15580,7764,7816,1284,80,8163,598,5357,61,37,9868,5712,ITG,ITG1,19,Sicilia,Sicilia,4999891,191548,3.83,0.31
1474,2021-01-11,SIC,5903,2590,3313,3923,194,1404,382,0,0,0,5903,0,ITG,ITG1,19,Sicilia,Sicilia,4999891,197451,3.95,0.12
1475,2020-12-28,SIC,207,124,83,205,0,2,0,0,0,0,207,0,ITG,ITG1,19,Sicilia,Sicilia,4999891,197658,3.95,0.0
1476,2021-03-24,SIC,21019,9824,11195,955,64,12059,548,5846,86,1461,15133,5886,ITG,ITG1,19,Sicilia,Sicilia,4999891,218677,4.37,0.42
1477,2021-01-15,SIC,5079,2233,2846,2824,158,1618,479,0,0,0,5079,0,ITG,ITG1,19,Sicilia,Sicilia,4999891,223756,4.48,0.1
1478,2021-03-07,SIC,9270,3459,5811,968,62,903,431,3393,216,3297,8186,1084,ITG,ITG1,19,Sicilia,Sicilia,4999891,233026,4.66,0.19
1479,2021-02-01,SIC,6077,2684,3393,4168,214,1377,318,0,0,0,304,5773,ITG,ITG1,19,Sicilia,Sicilia,4999891,239103,4.78,0.12
1480,2021-01-04,SIC,8373,4172,4201,7595,20,752,6,0,0,0,8373,0,ITG,ITG1,19,Sicilia,Sicilia,4999891,247476,4.95,0.17
1481,2021-03-23,SIC,20939,10039,10900,873,41,11883,365,5824,306,1647,15334,5605,ITG,ITG1,19,Sicilia,Sicilia,4999891,268415,5.37,0.42
1482,2021-01-31,SIC,4111,1958,2153,2600,117,1099,295,0,0,0,113,3998,ITG,ITG1,19,Sicilia,Sicilia,4999891,272526,5.45,0.08
1483,2021-02-10,SIC,4433,1819,2614,1975,221,1496,741,0,0,0,4008,425,ITG,ITG1,19,Sicilia,Sicilia,4999891,276959,5.54,0.09
1484,2021-02-16,SIC,4414,2300,2114,1465,207,1080,779,25,857,1,3947,467,ITG,ITG1,19,Sicilia,Sicilia,4999891,281373,5.63,0.09
1485,2021-01-09,SIC,7325,3424,3901,5034,146,1689,456,0,0,0,7325,0,ITG,ITG1,19,Sicilia,Sicilia,4999891,288698,5.77,0.15
1486,2021-02-12,SIC,4745,1852,2893,2300,260,1542,643,0,0,0,4414,331,ITG,ITG1,19,Sicilia,Sicilia,4999891,293443,5.87,0.09
1487,2021-01-27,SIC,7531,3835,3696,6329,66,984,152,0,0,0,189,7342,ITG,ITG1,19,Sicilia,Sicilia,4999891,300974,6.02,0.15
1488,2021-02-15,SIC,3951,1862,2089,1700,108,1237,563,10,307,26,3382,569,ITG,ITG1,19,Sicilia,Sicilia,4999891,304925,6.1,0.08
1489,2021-02-19,SIC,5160,2757,2403,1487,183,1181,600,74,1396,239,4589,571,ITG,ITG1,19,Sicilia,Sicilia,4999891,310085,6.2,0.1
1490,2021-02-24,SIC,9600,4869,4731,1423,80,1173,499,4028,1474,923,9004,596,ITG,ITG1,19,Sicilia,Sicilia,4999891,319685,6.39,0.19
1491,2021-02-13,SIC,3107,1168,1939,1296,160,1081,570,0,0,0,2850,257,ITG,ITG1,19,Sicilia,Sicilia,4999891,322792,6.46,0.06
1492,2021-03-09,SIC,13042,5480,7562,1593,132,2160,584,3943,939,3691,10669,2373,ITG,ITG1,19,Sicilia,Sicilia,4999891,335834,6.72,0.26
1493,2021-01-25,SIC,7512,3697,3815,6634,14,794,70,0,0,0,322,7190,ITG,ITG1,19,Sicilia,Sicilia,4999891,343346,6.87,0.15
1494,2021-03-20,SIC,18897,9073,9824,836,43,10833,413,5474,79,1219,13508,5389,ITG,ITG1,19,Sicilia,Sicilia,4999891,362243,7.25,0.38
1495,2021-01-03,SIC,4693,2454,2239,4361,0,332,0,0,0,0,4693,0,ITG,ITG1,19,Sicilia,Sicilia,4999891,366936,7.34,0.09
1496,2021-02-03,SIC,6102,2857,3245,3358,151,1969,624,0,0,0,756,5346,ITG,ITG1,19,Sicilia,Sicilia,4999891,373038,7.46,0.12
1497,2021-01-26,SIC,9515,4679,4836,8379,72,810,254,0,0,0,265,9250,ITG,ITG1,19,Sicilia,Sicilia,4999891,382553,7.65,0.19
1498,2021-02-18,SIC,5495,3174,2321,1635,165,1080,813,9,1697,96,5064,431,ITG,ITG1,19,Sicilia,Sicilia,4999891,388048,7.76,0.11
1499,2021-01-18,SIC,1548,646,902,721,68,551,208,0,0,0,1432,116,ITG,ITG1,19,Sicilia,Sicilia,4999891,389596,7.79,0.03
1500,2021-02-21,SIC,5177,2508,2669,378,30,622,174,3682,138,153,5069,108,ITG,ITG1,19,Sicilia,Sicilia,4999891,394773,7.9,0.1
1501,2021-01-30,SIC,7837,3569,4268,5450,253,1659,475,0,0,0,175,7662,ITG,ITG1,19,Sicilia,Sicilia,4999891,402610,8.05,0.16
1502,2021-01-14,SIC,5250,2514,2736,3046,91,1854,259,0,0,0,5250,0,ITG,ITG1,19,Sicilia,Sicilia,4999891,407860,8.16,0.11
1503,2021-03-21,SIC,15194,7320,7874,489,10,9089,57,4502,92,955,11220,3974,ITG,ITG1,19,Sicilia,Sicilia,4999891,423054,8.46,0.3
1504,2021-01-24,SIC,4335,2262,2073,3990,31,311,3,0,0,0,148,4187,ITG,ITG1,19,Sicilia,Sicilia,4999891,427389,8.55,0.09
1505,2021-02-06,SIC,5066,2225,2841,2535,251,1688,592,0,0,0,1488,3578,ITG,ITG1,19,Sicilia,Sicilia,4999891,432455,8.65,0.1
1506,2021-02-07,SIC,2348,996,1352,1610,109,472,157,0,0,0,675,1673,ITG,ITG1,19,Sicilia,Sicilia,4999891,434803,8.7,0.05
1507,2021-03-02,SIC,14954,6387,8567,2383,98,1831,500,4470,1338,4334,12129,2825,ITG,ITG1,19,Sicilia,Sicilia,4999891,449757,9.0,0.3
1508,2021-03-25,SIC,7689,3646,4043,554,7,3990,212,2496,48,382,5141,2548,ITG,ITG1,19,Sicilia,Sicilia,4999891,457446,9.15,0.15
1509,2021-01-13,SIC,5204,2462,2742,3033,169,1561,441,0,0,0,5204,0,ITG,ITG1,19,Sicilia,Sicilia,4999891,462650,9.25,0.1
1510,2021-03-04,SIC,15196,6549,8647,2811,186,2621,698,3927,1124,3829,10993,4203,ITG,ITG1,19,Sicilia,Sicilia,4999891,477846,9.56,0.3
1511,2021-03-05,SIC,15894,6851,9043,3190,153,2334,712,3998,1423,4084,11569,4325,ITG,ITG1,19,Sicilia,Sicilia,4999891,493740,9.88,0.32
1512,2021-02-23,SIC,8946,4687,4259,1266,103,1133,502,3996,1367,579,8456,490,ITG,ITG1,19,Sicilia,Sicilia,4999891,502686,10.05,0.18
1513,2021-03-19,SIC,16484,8112,8372,1261,101,8712,561,5351,42,456,10757,5727,ITG,ITG1,19,Sicilia,Sicilia,4999891,519170,10.38,0.33
1514,2021-01-06,SIC,6471,3402,3069,5717,24,728,2,0,0,0,6471,0,ITG,ITG1,19,Sicilia,Sicilia,4999891,525641,10.51,0.13
1515,2021-03-01,SIC,12978,6129,6849,1557,75,1735,392,4302,1764,3153,11319,1659,ITG,ITG1,19,Sicilia,Sicilia,4999891,538619,10.77,0.26
1516,2021-01-12,SIC,4542,2234,2308,2863,128,1356,195,0,0,0,4542,0,ITG,ITG1,19,Sicilia,Sicilia,4999891,543161,10.86,0.09
1517,2021-01-20,SIC,808,410,398,422,51,143,192,0,0,0,573,235,ITG,ITG1,19,Sicilia,Sicilia,4999891,543969,10.88,0.02
1518,2021-01-17,SIC,1295,584,711,619,118,398,160,0,0,0,1245,50,ITG,ITG1,19,Sicilia,Sicilia,4999891,545264,10.91,0.03
1519,2020-12-29,SIC,235,146,89,235,0,0,0,0,0,0,235,0,ITG,ITG1,19,Sicilia,Sicilia,4999891,545499,10.91,0.0
1520,2021-03-06,SIC,12936,5172,7764,2003,127,1873,758,3887,638,3650,10030,2906,ITG,ITG1,19,Sicilia,Sicilia,4999891,558435,11.17,0.26
1521,2021-03-22,SIC,16803,7915,8888,913,19,8675,356,5541,71,1228,11260,5543,ITG,ITG1,19,Sicilia,Sicilia,4999891,575238,11.51,0.34
1522,2021-02-05,SIC,7216,3232,3984,3618,267,2475,856,0,0,0,2132,5084,ITG,ITG1,19,Sicilia,Sicilia,4999891,582454,11.65,0.14
1523,2021-01-05,SIC,10527,5159,5368,9074,122,1124,207,0,0,0,10527,0,ITG,ITG1,19,Sicilia,Sicilia,4999891,592981,11.86,0.21
1524,2020-12-31,SIC,877,469,408,827,0,50,0,0,0,0,877,0,ITG,ITG1,19,Sicilia,Sicilia,4999891,593858,11.88,0.02
1525,2021-01-08,SIC,8328,3864,4464,6591,87,1437,213,0,0,0,8328,0,ITG,ITG1,19,Sicilia,Sicilia,4999891,602186,12.04,0.17
1526,2020-12-27,SIC,89,54,35,62,0,2,25,0,0,0,89,0,ITG,ITG1,19,Sicilia,Sicilia,4999891,602275,12.05,0.0
1527,2021-01-21,SIC,1328,647,681,1001,86,104,137,0,0,0,499,829,ITG,ITG1,19,Sicilia,Sicilia,4999891,603603,12.07,0.03
1528,2021-02-26,SIC,12246,5977,6269,1836,74,1898,361,3891,1733,2453,10557,1689,ITG,ITG1,19,Sicilia,Sicilia,4999891,615849,12.32,0.24
1529,2020-12-30,SIC,173,101,72,156,3,14,0,0,0,0,173,0,ITG,ITG1,19,Sicilia,Sicilia,4999891,616022,12.32,0.0
1530,2021-02-09,SIC,4371,1831,2540,2241,155,1335,640,0,0,0,3365,1006,ITG,ITG1,19,Sicilia,Sicilia,4999891,620393,12.41,0.09
1531,2021-01-19,SIC,1271,521,750,521,59,453,238,0,0,0,1093,178,ITG,ITG1,19,Sicilia,Sicilia,4999891,621664,12.43,0.03
1532,2021-02-20,SIC,7284,3736,3548,848,76,1258,558,3749,620,175,7033,251,ITG,ITG1,19,Sicilia,Sicilia,4999891,628948,12.58,0.15
1533,2021-03-10,SIC,13838,5879,7959,1479,134,2867,933,4061,646,3718,11448,2390,ITG,ITG1,19,Sicilia,Sicilia,4999891,642786,12.86,0.28
1534,2021-03-17,SIC,15389,7550,7839,1401,100,7154,664,5721,43,306,9445,5944,ITG,ITG1,19,Sicilia,Sicilia,4999891,658175,13.16,0.31
1535,2021-02-22,SIC,8036,4160,3876,1107,34,902,554,4065,1053,321,7544,492,ITG,ITG1,19,Sicilia,Sicilia,4999891,666211,13.32,0.16
1536,2021-01-01,SIC,815,437,378,740,0,75,0,0,0,0,815,0,ITG,ITG1,19,Sicilia,Sicilia,4999891,667026,13.34,0.02
1537,2021-03-12,SIC,13115,5616,7499,1386,110,4408,695,3765,344,2407,10892,2223,ITG,ITG1,19,Sicilia,Sicilia,4999891,680141,13.6,0.26
1538,2021-02-27,SIC,12450,5570,6880,1515,72,2351,277,3843,1021,3371,11239,1211,ITG,ITG1,19,Sicilia,Sicilia,4999891,692591,13.85,0.25
1539,2021-03-01,VEN,9358,3699,5659,2013,141,996,923,2629,156,2500,7536,1822,ITH,ITH3,5,Veneto,Veneto,4905854,9358,0.19,0.19
1540,2021-02-05,VEN,8362,2531,5831,4272,679,1233,2162,7,5,4,1425,6937,ITH,ITH3,5,Veneto,Veneto,4905854,17720,0.36,0.17
1541,2021-01-13,VEN,5978,1601,4377,2792,428,872,1881,3,0,2,5978,0,ITH,ITH3,5,Veneto,Veneto,4905854,23698,0.48,0.12
1542,2021-03-21,VEN,11905,4684,7221,1470,50,3144,26,4588,113,2514,8445,3460,ITH,ITH3,5,Veneto,Veneto,4905854,35603,0.73,0.24
1543,2021-02-07,VEN,2314,861,1453,1931,11,319,50,2,0,1,714,1600,ITH,ITH3,5,Veneto,Veneto,4905854,37917,0.77,0.05
1544,2020-12-30,VEN,699,245,454,598,12,50,39,0,0,0,699,0,ITH,ITH3,5,Veneto,Veneto,4905854,38616,0.79,0.01
1545,2021-01-04,VEN,6726,2029,4697,5238,181,388,913,1,0,5,6726,0,ITH,ITH3,5,Veneto,Veneto,4905854,45342,0.92,0.14
1546,2021-02-16,VEN,6630,2868,3762,718,109,279,478,5044,1,1,6453,177,ITH,ITH3,5,Veneto,Veneto,4905854,51972,1.06,0.14
1547,2021-01-22,VEN,1079,332,747,946,35,41,57,0,0,0,25,1054,ITH,ITH3,5,Veneto,Veneto,4905854,53051,1.08,0.02
1548,2021-02-17,VEN,6004,2764,3240,411,19,262,361,4946,5,0,5910,94,ITH,ITH3,5,Veneto,Veneto,4905854,59055,1.2,0.12
1549,2021-03-06,VEN,10502,4253,6249,2955,48,2667,1487,1973,46,1326,7307,3195,ITH,ITH3,5,Veneto,Veneto,4905854,69557,1.42,0.21
1550,2021-03-11,VEN,19403,8608,10795,1552,116,2976,822,9336,965,3636,13912,5491,ITH,ITH3,5,Veneto,Veneto,4905854,88960,1.81,0.4
1551,2021-01-07,VEN,8359,2319,6040,5467,460,627,1805,0,0,0,8359,0,ITH,ITH3,5,Veneto,Veneto,4905854,97319,1.98,0.17
1552,2021-03-18,VEN,12483,5071,7412,1388,224,1969,426,7617,20,839,7306,5177,ITH,ITH3,5,Veneto,Veneto,4905854,109802,2.24,0.25
1553,2021-01-18,VEN,2770,782,1988,1222,233,308,999,8,0,0,2571,199,ITH,ITH3,5,Veneto,Veneto,4905854,112572,2.29,0.06
1554,2020-12-31,VEN,3219,1043,2176,2700,77,188,252,0,0,2,3219,0,ITH,ITH3,5,Veneto,Veneto,4905854,115791,2.36,0.07
1555,2021-02-01,VEN,8517,2488,6029,4206,489,1464,2106,245,0,7,165,8352,ITH,ITH3,5,Veneto,Veneto,4905854,124308,2.53,0.17
1556,2021-01-19,VEN,1309,472,837,726,83,170,324,6,0,0,1160,149,ITH,ITH3,5,Veneto,Veneto,4905854,125617,2.56,0.03
1557,2021-01-29,VEN,8996,2780,6216,6039,478,1039,1434,3,1,2,366,8630,ITH,ITH3,5,Veneto,Veneto,4905854,134613,2.74,0.18
1558,2021-03-03,VEN,11902,4516,7386,3313,296,1233,1116,3375,310,2259,8409,3493,ITH,ITH3,5,Veneto,Veneto,4905854,146515,2.99,0.24
1559,2021-02-26,VEN,8222,3243,4979,1677,202,910,739,4381,31,282,6972,1250,ITH,ITH3,5,Veneto,Veneto,4905854,154737,3.15,0.17
1560,2021-02-23,VEN,7306,3214,4092,1008,62,431,214,5343,69,179,7048,258,ITH,ITH3,5,Veneto,Veneto,4905854,162043,3.3,0.15
1561,2021-02-11,VEN,4011,1239,2772,2614,152,444,789,9,1,2,3381,630,ITH,ITH3,5,Veneto,Veneto,4905854,166054,3.38,0.08
1562,2021-02-28,VEN,4127,1382,2745,1702,30,1394,15,983,0,3,3290,837,ITH,ITH3,5,Veneto,Veneto,4905854,170181,3.47,0.08
1563,2021-01-26,VEN,6902,2081,4821,5338,220,375,963,0,1,5,155,6747,ITH,ITH3,5,Veneto,Veneto,4905854,177083,3.61,0.14
1564,2021-02-04,VEN,7314,2013,5301,3459,446,1013,2380,12,0,4,555,6759,ITH,ITH3,5,Veneto,Veneto,4905854,184397,3.76,0.15
1565,2021-03-10,VEN,18800,8537,10263,1453,64,2465,555,9051,1078,4134,13126,5674,ITH,ITH3,5,Veneto,Veneto,4905854,203197,4.14,0.38
1566,2021-03-12,VEN,18433,8045,10388,1937,211,3280,621,8053,859,3472,11716,6717,ITH,ITH3,5,Veneto,Veneto,4905854,221630,4.52,0.38
1567,2021-01-28,VEN,9204,2662,6542,6459,358,931,1448,5,0,3,175,9029,ITH,ITH3,5,Veneto,Veneto,4905854,230834,4.71,0.19
1568,2021-03-15,VEN,16364,7083,9281,1346,36,2908,324,9297,505,1948,11171,5193,ITH,ITH3,5,Veneto,Veneto,4905854,247198,5.04,0.33
1569,2021-03-09,VEN,16279,7312,8967,1231,139,1831,683,8541,912,2942,10091,6188,ITH,ITH3,5,Veneto,Veneto,4905854,263477,5.37,0.33
1570,2021-03-04,VEN,12709,4710,7999,3099,379,1297,1350,3408,350,2826,9306,3403,ITH,ITH3,5,Veneto,Veneto,4905854,276186,5.63,0.26
1571,2021-01-01,VEN,1525,470,1055,1494,0,30,1,0,0,0,1525,0,ITH,ITH3,5,Veneto,Veneto,4905854,277711,5.66,0.03
1572,2021-01-14,VEN,7060,1925,5135,3235,524,809,2473,17,0,2,7060,0,ITH,ITH3,5,Veneto,Veneto,4905854,284771,5.8,0.14
1573,2021-01-12,VEN,5231,1516,3715,2251,359,697,1753,168,0,3,5231,0,ITH,ITH3,5,Veneto,Veneto,4905854,290002,5.91,0.11
1574,2021-01-23,VEN,4063,1255,2808,3404,115,90,450,1,0,3,34,4029,ITH,ITH3,5,Veneto,Veneto,4905854,294065,5.99,0.08
1575,2021-03-07,VEN,4446,1739,2707,1692,1,926,17,983,0,827,3891,555,ITH,ITH3,5,Veneto,Veneto,4905854,298511,6.08,0.09
1576,2021-02-09,VEN,5153,1871,3282,3096,313,557,1167,19,0,1,3423,1730,ITH,ITH3,5,Veneto,Veneto,4905854,303664,6.19,0.11
1577,2021-01-31,VEN,4740,1550,3190,3676,147,532,377,4,2,2,393,4347,ITH,ITH3,5,Veneto,Veneto,4905854,308404,6.29,0.1
1578,2021-01-09,VEN,7928,2538,5390,5174,335,829,1574,3,11,2,7928,0,ITH,ITH3,5,Veneto,Veneto,4905854,316332,6.45,0.16
1579,2021-03-17,VEN,14472,5906,8566,1862,165,2582,226,8921,26,690,7788,6684,ITH,ITH3,5,Veneto,Veneto,4905854,330804,6.74,0.29
1580,2021-03-14,VEN,15119,5902,9217,2242,208,4592,100,4137,242,3598,14223,896,ITH,ITH3,5,Veneto,Veneto,4905854,345923,7.05,0.31
1581,2021-01-10,VEN,5020,1662,3358,3839,165,550,462,2,2,0,5020,0,ITH,ITH3,5,Veneto,Veneto,4905854,350943,7.15,0.1
1582,2021-01-02,VEN,5741,1765,3976,4797,147,249,544,2,0,2,5741,0,ITH,ITH3,5,Veneto,Veneto,4905854,356684,7.27,0.12
1583,2021-02-08,VEN,4964,1538,3426,2788,268,725,1169,12,0,2,1929,3035,ITH,ITH3,5,Veneto,Veneto,4905854,361648,7.37,0.1
1584,2021-02-22,VEN,6958,3016,3942,742,44,188,341,5402,1,240,6572,386,ITH,ITH3,5,Veneto,Veneto,4905854,368606,7.51,0.14
1585,2021-02-21,VEN,4624,1203,3421,495,0,9,18,417,2,3683,4619,5,ITH,ITH3,5,Veneto,Veneto,4905854,373230,7.61,0.09
1586,2021-02-13,VEN,3267,1474,1793,1559,74,596,1034,2,1,1,3247,20,ITH,ITH3,5,Veneto,Veneto,4905854,376497,7.67,0.07
1587,2021-01-24,VEN,4117,1219,2898,3752,17,122,222,1,0,3,28,4089,ITH,ITH3,5,Veneto,Veneto,4905854,380614,7.76,0.08
1588,2021-01-21,VEN,2290,719,1571,1985,48,114,141,0,0,2,21,2269,ITH,ITH3,5,Veneto,Veneto,4905854,382904,7.81,0.05
1589,2021-01-03,VEN,5159,1563,3596,4597,59,253,249,0,0,1,5159,0,ITH,ITH3,5,Veneto,Veneto,4905854,388063,7.91,0.11
1590,2021-02-03,VEN,5934,1660,4274,2851,426,908,1744,1,0,4,482,5452,ITH,ITH3,5,Veneto,Veneto,4905854,393997,8.03,0.12
1591,2021-03-22,VEN,17878,7979,9899,1136,115,6467,486,6736,628,2310,12877,5001,ITH,ITH3,5,Veneto,Veneto,4905854,411875,8.4,0.36
1592,2021-03-23,VEN,21617,9873,11744,1079,200,9513,602,6697,774,2752,17031,4586,ITH,ITH3,5,Veneto,Veneto,4905854,433492,8.84,0.44
1593,2021-02-06,VEN,4090,1351,2739,3023,171,526,367,3,0,0,709,3381,ITH,ITH3,5,Veneto,Veneto,4905854,437582,8.92,0.08
1594,2021-03-24,VEN,21221,9006,12215,1124,231,5323,771,10493,547,2732,14453,6768,ITH,ITH3,5,Veneto,Veneto,4905854,458803,9.35,0.43
1595,2021-01-30,VEN,8746,2671,6075,6209,291,995,1233,4,12,2,696,8050,ITH,ITH3,5,Veneto,Veneto,4905854,467549,9.53,0.18
1596,2021-01-05,VEN,7327,2183,5144,5410,304,485,1122,0,1,5,7327,0,ITH,ITH3,5,Veneto,Veneto,4905854,474876,9.68,0.15
1597,2021-01-20,VEN,1038,368,670,695,58,72,213,0,0,0,386,652,ITH,ITH3,5,Veneto,Veneto,4905854,475914,9.7,0.02
1598,2021-01-27,VEN,7140,2064,5076,5206,210,837,879,0,0,8,246,6894,ITH,ITH3,5,Veneto,Veneto,4905854,483054,9.85,0.15
1599,2021-02-27,VEN,8979,2691,6288,2170,38,618,63,1960,12,4118,8128,851,ITH,ITH3,5,Veneto,Veneto,4905854,492033,10.03,0.18
1600,2021-02-25,VEN,7852,3321,4531,1491,248,317,467,4946,109,274,7254,598,ITH,ITH3,5,Veneto,Veneto,4905854,499885,10.19,0.16
1601,2020-12-27,VEN,880,395,485,875,0,4,0,0,0,1,880,0,ITH,ITH3,5,Veneto,Veneto,4905854,500765,10.21,0.02
1602,2021-02-02,VEN,6402,1842,4560,2969,533,752,1994,152,0,2,391,6011,ITH,ITH3,5,Veneto,Veneto,4905854,507167,10.34,0.13
1603,2021-01-08,VEN,9398,2832,6566,5978,567,1036,1807,3,1,6,9398,0,ITH,ITH3,5,Veneto,Veneto,4905854,516565,10.53,0.19
1604,2021-03-16,VEN,12371,5294,7077,1262,105,2571,453,7858,19,103,6839,5532,ITH,ITH3,5,Veneto,Veneto,4905854,528936,10.78,0.25
1605,2021-02-14,VEN,125,56,69,95,1,29,0,0,0,0,112,13,ITH,ITH3,5,Veneto,Veneto,4905854,529061,10.78,0.0
1606,2021-02-12,VEN,4312,1447,2865,2761,137,743,659,6,2,4,3740,572,ITH,ITH3,5,Veneto,Veneto,4905854,533373,10.87,0.09
1607,2021-01-25,VEN,6466,2074,4392,5060,152,347,904,1,0,2,170,6296,ITH,ITH3,5,Veneto,Veneto,4905854,539839,11.0,0.13
1608,2021-03-05,VEN,13151,4901,8250,3430,266,1730,1398,3090,285,2952,9568,3583,ITH,ITH3,5,Veneto,Veneto,4905854,552990,11.27,0.27
1609,2021-02-19,VEN,7292,3121,4171,1535,175,541,664,4368,3,6,7090,202,ITH,ITH3,5,Veneto,Veneto,4905854,560282,11.42,0.15
1610,2021-01-06,VEN,8131,2383,5748,6308,170,834,807,1,2,9,8131,0,ITH,ITH3,5,Veneto,Veneto,4905854,568413,11.59,0.17
1611,2021-01-16,VEN,4599,1539,3060,3193,273,484,649,0,0,0,4599,0,ITH,ITH3,5,Veneto,Veneto,4905854,573012,11.68,0.09
1612,2021-03-20,VEN,12570,5135,7435,636,25,4530,199,4819,85,2276,10470,2100,ITH,ITH3,5,Veneto,Veneto,4905854,585582,11.94,0.26
1613,2021-03-19,VEN,13369,5499,7870,1635,107,2664,349,7870,42,702,7559,5810,ITH,ITH3,5,Veneto,Veneto,4905854,598951,12.21,0.27
1614,2021-01-17,VEN,1932,780,1152,1587,40,180,120,3,0,2,1583,349,ITH,ITH3,5,Veneto,Veneto,4905854,600883,12.25,0.04
1615,2021-03-08,VEN,13373,6057,7316,699,56,1158,384,7149,986,2941,9334,4039,ITH,ITH3,5,Veneto,Veneto,4905854,614256,12.52,0.27
1616,2021-01-11,VEN,7237,2100,5137,3499,501,1029,1956,247,0,5,7237,0,ITH,ITH3,5,Veneto,Veneto,4905854,621493,12.67,0.15
1617,2021-01-15,VEN,5863,1819,4044,2984,453,846,1565,9,3,3,5863,0,ITH,ITH3,5,Veneto,Veneto,4905854,627356,12.79,0.12
1618,2021-02-10,VEN,4750,1587,3163,3117,199,666,767,0,0,1,3698,1052,ITH,ITH3,5,Veneto,Veneto,4905854,632106,12.88,0.1
1619,2021-02-15,VEN,4386,1820,2566,483,65,145,383,3294,14,2,4146,240,ITH,ITH3,5,Veneto,Veneto,4905854,636492,12.97,0.09
1620,2021-02-24,VEN,8540,3655,4885,1522,222,418,506,5601,260,11,8058,482,ITH,ITH3,5,Veneto,Veneto,4905854,645032,13.15,0.17
1621,2021-02-18,VEN,5700,2440,3260,934,64,289,607,3799,1,6,5637,63,ITH,ITH3,5,Veneto,Veneto,4905854,650732,13.26,0.12
1622,2021-03-13,VEN,16927,7101,9826,2292,21,5350,75,4816,346,4027,13845,3082,ITH,ITH3,5,Veneto,Veneto,4905854,667659,13.61,0.35
1623,2021-02-20,VEN,6325,1988,4337,1802,2,202,100,971,6,3242,6321,4,ITH,ITH3,5,Veneto,Veneto,4905854,673984,13.74,0.13
1624,2021-03-25,VEN,9015,3826,5189,509,208,2611,507,4555,65,560,5692,3323,ITH,ITH3,5,Veneto,Veneto,4905854,682999,13.92,0.18
1625,2021-03-02,VEN,11318,4547,6771,2760,435,1414,1165,3286,410,1848,8043,3275,ITH,ITH3,5,Veneto,Veneto,4905854,694317,14.15,0.23
1626,2021-01-29,BAS,612,228,384,397,38,107,70,0,0,0,63,549,ITF,ITF5,17,Basilicata,Basilicata,559084,612,0.11,0.11
1627,2021-02-24,BAS,1803,743,1060,85,9,20,2,1686,1,0,1734,69,ITF,ITF5,17,Basilicata,Basilicata,559084,2415,0.43,0.32
1628,2021-02-15,BAS,621,232,389,191,93,44,46,246,1,0,580,41,ITF,ITF5,17,Basilicata,Basilicata,559084,3036,0.54,0.11
1629,2021-01-21,BAS,30,10,20,0,0,30,0,0,0,0,30,0,ITF,ITF5,17,Basilicata,Basilicata,559084,3066,0.55,0.01
1630,2021-03-21,BAS,1045,480,565,32,0,51,0,803,0,159,352,693,ITF,ITF5,17,Basilicata,Basilicata,559084,4111,0.74,0.19
1631,2021-03-05,BAS,1849,855,994,298,123,104,72,689,254,309,1104,745,ITF,ITF5,17,Basilicata,Basilicata,559084,5960,1.07,0.33
1632,2021-02-26,BAS,2148,904,1244,88,93,12,1,1954,0,0,2069,79,ITF,ITF5,17,Basilicata,Basilicata,559084,8108,1.45,0.38
1633,2021-02-07,BAS,373,159,214,259,25,49,40,0,0,0,49,324,ITF,ITF5,17,Basilicata,Basilicata,559084,8481,1.52,0.07
1634,2021-03-20,BAS,1286,566,720,45,68,47,0,943,5,178,275,1011,ITF,ITF5,17,Basilicata,Basilicata,559084,9767,1.75,0.23
1635,2021-03-13,BAS,1794,888,906,82,292,66,46,864,231,213,749,1045,ITF,ITF5,17,Basilicata,Basilicata,559084,11561,2.07,0.32
1636,2021-02-09,BAS,491,213,278,200,225,12,54,0,0,0,316,175,ITF,ITF5,17,Basilicata,Basilicata,559084,12052,2.16,0.09
1637,2021-01-07,BAS,640,319,321,556,8,47,29,0,0,0,640,0,ITF,ITF5,17,Basilicata,Basilicata,559084,12692,2.27,0.11
1638,2021-01-25,BAS,1020,427,593,828,80,111,1,0,0,0,74,946,ITF,ITF5,17,Basilicata,Basilicata,559084,13712,2.45,0.18
1639,2021-02-23,BAS,1901,771,1130,159,24,25,35,1658,0,0,1763,138,ITF,ITF5,17,Basilicata,Basilicata,559084,15613,2.79,0.34
1640,2021-01-17,BAS,328,133,195,233,11,30,54,0,0,0,327,1,ITF,ITF5,17,Basilicata,Basilicata,559084,15941,2.85,0.06
1641,2021-03-19,BAS,2284,988,1296,58,75,37,0,1950,22,142,261,2023,ITF,ITF5,17,Basilicata,Basilicata,559084,18225,3.26,0.41
1642,2021-01-30,BAS,703,226,477,424,81,72,126,0,0,0,127,576,ITF,ITF5,17,Basilicata,Basilicata,559084,18928,3.39,0.13
1643,2021-01-09,BAS,557,160,397,386,52,51,67,0,0,1,557,0,ITF,ITF5,17,Basilicata,Basilicata,559084,19485,3.49,0.1
1644,2021-03-25,BAS,295,114,181,3,0,8,0,189,0,95,212,83,ITF,ITF5,17,Basilicata,Basilicata,559084,19780,3.54,0.05
1645,2021-03-16,BAS,1899,799,1100,103,27,31,0,1671,5,62,228,1671,ITF,ITF5,17,Basilicata,Basilicata,559084,21679,3.88,0.34
1646,2021-01-04,BAS,607,271,336,550,45,10,0,0,0,2,607,0,ITF,ITF5,17,Basilicata,Basilicata,559084,22286,3.99,0.11
1647,2021-03-10,BAS,1650,814,836,101,46,64,33,877,256,273,811,839,ITF,ITF5,17,Basilicata,Basilicata,559084,23936,4.28,0.3
1648,2021-03-02,BAS,791,381,410,110,23,55,5,184,201,213,656,135,ITF,ITF5,17,Basilicata,Basilicata,559084,24727,4.42,0.14
1649,2021-01-14,BAS,969,413,556,504,110,32,323,0,0,0,969,0,ITF,ITF5,17,Basilicata,Basilicata,559084,25696,4.6,0.17
1650,2021-01-18,BAS,463,157,306,364,51,3,45,0,0,0,364,99,ITF,ITF5,17,Basilicata,Basilicata,559084,26159,4.68,0.08
1651,2021-03-07,BAS,882,308,574,39,12,6,4,328,22,471,844,38,ITF,ITF5,17,Basilicata,Basilicata,559084,27041,4.84,0.16
1652,2021-02-11,BAS,951,401,550,200,95,74,107,471,4,0,868,83,ITF,ITF5,17,Basilicata,Basilicata,559084,27992,5.01,0.17
1653,2021-02-03,BAS,666,300,366,425,15,54,172,0,0,0,32,634,ITF,ITF5,17,Basilicata,Basilicata,559084,28658,5.13,0.12
1654,2021-01-03,BAS,900,344,556,790,45,63,0,0,0,2,900,0,ITF,ITF5,17,Basilicata,Basilicata,559084,29558,5.29,0.16
1655,2021-03-03,BAS,1740,813,927,191,252,161,99,590,203,244,1184,556,ITF,ITF5,17,Basilicata,Basilicata,559084,31298,5.6,0.31
1656,2021-03-06,BAS,1350,534,816,296,118,52,57,383,185,259,756,594,ITF,ITF5,17,Basilicata,Basilicata,559084,32648,5.84,0.24
1657,2021-02-01,BAS,242,91,151,156,24,14,48,0,0,0,46,196,ITF,ITF5,17,Basilicata,Basilicata,559084,32890,5.88,0.04
1658,2021-03-12,BAS,1896,975,921,266,61,48,37,985,241,258,798,1098,ITF,ITF5,17,Basilicata,Basilicata,559084,34786,6.22,0.34
1659,2021-01-19,BAS,199,84,115,78,48,29,44,0,0,0,199,0,ITF,ITF5,17,Basilicata,Basilicata,559084,34985,6.26,0.04
1660,2021-01-16,BAS,721,304,417,466,17,75,161,0,0,2,721,0,ITF,ITF5,17,Basilicata,Basilicata,559084,35706,6.39,0.13
1661,2021-01-26,BAS,793,350,443,622,70,66,35,0,0,0,101,692,ITF,ITF5,17,Basilicata,Basilicata,559084,36499,6.53,0.14
1662,2021-01-31,BAS,77,24,53,75,2,0,0,0,0,0,0,77,ITF,ITF5,17,Basilicata,Basilicata,559084,36576,6.54,0.01
1663,2021-03-08,BAS,1450,707,743,221,126,126,38,410,256,273,840,610,ITF,ITF5,17,Basilicata,Basilicata,559084,38026,6.8,0.26
1664,2021-01-23,BAS,707,299,408,592,38,76,1,0,0,0,33,674,ITF,ITF5,17,Basilicata,Basilicata,559084,38733,6.93,0.13
1665,2021-01-22,BAS,67,24,43,6,0,60,0,1,0,0,67,0,ITF,ITF5,17,Basilicata,Basilicata,559084,38800,6.94,0.01
1666,2021-01-15,BAS,813,350,463,578,21,40,174,0,0,0,813,0,ITF,ITF5,17,Basilicata,Basilicata,559084,39613,7.09,0.15
1667,2021-01-27,BAS,410,174,236,299,16,69,26,0,0,0,113,297,ITF,ITF5,17,Basilicata,Basilicata,559084,40023,7.16,0.07
1668,2021-03-09,BAS,1391,706,685,222,47,48,33,545,258,238,787,604,ITF,ITF5,17,Basilicata,Basilicata,559084,41414,7.41,0.25
1669,2021-03-23,BAS,621,236,385,37,0,13,0,523,5,43,616,5,ITF,ITF5,17,Basilicata,Basilicata,559084,42035,7.52,0.11
1670,2021-03-11,BAS,1783,919,864,163,63,99,77,905,253,223,824,959,ITF,ITF5,17,Basilicata,Basilicata,559084,43818,7.84,0.32
1671,2021-01-11,BAS,183,66,117,107,15,20,41,0,0,0,183,0,ITF,ITF5,17,Basilicata,Basilicata,559084,44001,7.87,0.03
1672,2021-01-28,BAS,903,401,502,717,24,80,81,1,0,0,119,784,ITF,ITF5,17,Basilicata,Basilicata,559084,44904,8.03,0.16
1673,2021-02-10,BAS,547,237,310,176,95,58,127,90,0,1,495,52,ITF,ITF5,17,Basilicata,Basilicata,559084,45451,8.13,0.1
1674,2021-01-02,BAS,949,380,569,855,39,52,0,0,0,3,949,0,ITF,ITF5,17,Basilicata,Basilicata,559084,46400,8.3,0.17
1675,2021-01-05,BAS,945,409,536,861,38,46,0,0,0,0,945,0,ITF,ITF5,17,Basilicata,Basilicata,559084,47345,8.47,0.17
1676,2021-01-20,BAS,84,22,62,0,0,84,0,0,0,0,84,0,ITF,ITF5,17,Basilicata,Basilicata,559084,47429,8.48,0.02
1677,2021-03-14,BAS,1008,477,531,41,110,13,8,516,71,249,539,469,ITF,ITF5,17,Basilicata,Basilicata,559084,48437,8.66,0.18
1678,2021-02-12,BAS,775,332,443,288,138,63,90,190,6,0,744,31,ITF,ITF5,17,Basilicata,Basilicata,559084,49212,8.8,0.14
1679,2020-12-27,BAS,106,41,65,104,0,2,0,0,0,0,106,0,ITF,ITF5,17,Basilicata,Basilicata,559084,49318,8.82,0.02
1680,2021-02-16,BAS,905,377,528,250,90,5,67,492,1,0,807,98,ITF,ITF5,17,Basilicata,Basilicata,559084,50223,8.98,0.16
1681,2021-02-27,BAS,1986,856,1130,103,123,61,21,1678,0,0,1822,164,ITF,ITF5,17,Basilicata,Basilicata,559084,52209,9.34,0.36
1682,2021-03-04,BAS,1872,889,983,217,107,136,66,842,263,241,1079,793,ITF,ITF5,17,Basilicata,Basilicata,559084,54081,9.67,0.33
1683,2021-02-19,BAS,1622,737,885,219,356,19,66,962,0,0,1560,62,ITF,ITF5,17,Basilicata,Basilicata,559084,55703,9.96,0.29
1684,2021-02-20,BAS,1160,530,630,77,170,31,80,802,0,0,1043,117,ITF,ITF5,17,Basilicata,Basilicata,559084,56863,10.17,0.21
1685,2021-01-08,BAS,554,219,335,383,30,82,59,0,0,0,554,0,ITF,ITF5,17,Basilicata,Basilicata,559084,57417,10.27,0.1
1686,2021-01-06,BAS,294,129,165,229,9,20,36,0,0,0,294,0,ITF,ITF5,17,Basilicata,Basilicata,559084,57711,10.32,0.05
1687,2021-03-01,BAS,540,279,261,121,50,79,4,169,67,50,376,164,ITF,ITF5,17,Basilicata,Basilicata,559084,58251,10.42,0.1
1688,2021-02-04,BAS,1092,440,652,636,106,69,281,0,0,0,63,1029,ITF,ITF5,17,Basilicata,Basilicata,559084,59343,10.61,0.2
1689,2021-02-17,BAS,1135,493,642,123,42,27,57,884,1,1,1059,76,ITF,ITF5,17,Basilicata,Basilicata,559084,60478,10.82,0.2
1690,2021-02-14,BAS,151,48,103,55,12,1,65,18,0,0,151,0,ITF,ITF5,17,Basilicata,Basilicata,559084,60629,10.84,0.03
1691,2021-03-15,BAS,2347,981,1366,78,26,20,0,1934,23,266,520,1827,ITF,ITF5,17,Basilicata,Basilicata,559084,62976,11.26,0.42
1692,2021-02-18,BAS,1070,401,669,270,55,19,150,576,0,0,855,215,ITF,ITF5,17,Basilicata,Basilicata,559084,64046,11.46,0.19
1693,2021-02-02,BAS,365,141,224,212,15,36,102,0,0,0,175,190,ITF,ITF5,17,Basilicata,Basilicata,559084,64411,11.52,0.07
1694,2021-02-06,BAS,902,367,535,546,115,72,168,0,0,1,146,756,ITF,ITF5,17,Basilicata,Basilicata,559084,65313,11.68,0.16
1695,2021-02-13,BAS,799,313,486,279,125,79,115,199,2,0,738,61,ITF,ITF5,17,Basilicata,Basilicata,559084,66112,11.83,0.14
1696,2021-03-24,BAS,886,375,511,54,0,15,0,696,2,119,645,241,ITF,ITF5,17,Basilicata,Basilicata,559084,66998,11.98,0.16
1697,2021-01-24,BAS,834,299,535,706,46,81,1,0,0,0,58,776,ITF,ITF5,17,Basilicata,Basilicata,559084,67832,12.13,0.15
1698,2021-03-22,BAS,1172,529,643,46,49,38,0,638,16,385,626,546,ITF,ITF5,17,Basilicata,Basilicata,559084,69004,12.34,0.21
1699,2021-03-18,BAS,1346,561,785,30,0,10,0,1306,0,0,22,1324,ITF,ITF5,17,Basilicata,Basilicata,559084,70350,12.58,0.24
1700,2021-02-21,BAS,284,113,171,16,1,1,11,254,0,1,284,0,ITF,ITF5,17,Basilicata,Basilicata,559084,70634,12.63,0.05
1701,2021-02-25,BAS,1787,736,1051,67,2,12,0,1705,1,0,1741,46,ITF,ITF5,17,Basilicata,Basilicata,559084,72421,12.95,0.32
1702,2021-02-28,BAS,802,342,460,32,0,30,0,740,0,0,774,28,ITF,ITF5,17,Basilicata,Basilicata,559084,73223,13.1,0.14
1703,2021-02-22,BAS,1790,773,1017,125,18,68,2,1577,0,0,1737,53,ITF,ITF5,17,Basilicata,Basilicata,559084,75013,13.42,0.32
1704,2021-03-17,BAS,1448,606,842,22,11,18,0,1390,5,2,27,1421,ITF,ITF5,17,Basilicata,Basilicata,559084,76461,13.68,0.26
1705,2021-01-12,BAS,217,88,129,87,22,9,99,0,0,0,217,0,ITF,ITF5,17,Basilicata,Basilicata,559084,76678,13.71,0.04
1706,2021-02-08,BAS,557,193,364,436,49,23,49,0,0,0,151,406,ITF,ITF5,17,Basilicata,Basilicata,559084,77235,13.81,0.1
1707,2021-02-05,BAS,983,443,540,611,36,145,191,0,0,0,64,919,ITF,ITF5,17,Basilicata,Basilicata,559084,78218,13.99,0.18
1708,2021-01-13,BAS,916,387,529,699,11,57,148,0,0,1,916,0,ITF,ITF5,17,Basilicata,Basilicata,559084,79134,14.15,0.16
1709,2021-01-10,BAS,77,24,53,9,2,66,0,0,0,0,77,0,ITF,ITF5,17,Basilicata,Basilicata,559084,79211,14.17,0.01
1710,2021-03-02,LAZ,16597,7182,9415,1808,357,1069,229,8102,1278,3754,12668,3929,ITI,ITI4,12,Lazio,Lazio,5879082,16597,0.28,0.28
1711,2021-01-10,LAZ,4039,1700,2339,3424,156,207,252,0,0,0,4039,0,ITI,ITI4,12,Lazio,Lazio,5879082,20636,0.35,0.07
1712,2021-03-08,LAZ,19842,8203,11639,2428,120,2062,379,9042,1102,4709,14580,5262,ITI,ITI4,12,Lazio,Lazio,5879082,40478,0.69,0.34
1713,2021-02-22,LAZ,11415,4975,6440,1779,123,186,473,5242,1390,2222,10914,501,ITI,ITI4,12,Lazio,Lazio,5879082,51893,0.88,0.19
1714,2021-03-22,LAZ,21282,8859,12423,1524,75,5969,243,9093,517,3861,14932,6350,ITI,ITI4,12,Lazio,Lazio,5879082,73175,1.24,0.36
1715,2021-02-24,LAZ,11982,5179,6803,1797,428,508,337,5185,1327,2400,10993,989,ITI,ITI4,12,Lazio,Lazio,5879082,85157,1.45,0.2
1716,2021-03-20,LAZ,18097,6767,11330,1814,139,3761,360,8772,204,3047,12264,5833,ITI,ITI4,12,Lazio,Lazio,5879082,103254,1.76,0.31
1717,2021-03-16,LAZ,13440,5701,7739,1496,69,2145,280,9438,7,5,7044,6396,ITI,ITI4,12,Lazio,Lazio,5879082,116694,1.98,0.23
1718,2020-12-30,LAZ,1630,629,1001,1603,0,0,27,0,0,0,1630,0,ITI,ITI4,12,Lazio,Lazio,5879082,118324,2.01,0.03
1719,2021-01-24,LAZ,5467,2109,3358,4945,131,131,134,126,0,0,385,5082,ITI,ITI4,12,Lazio,Lazio,5879082,123791,2.11,0.09
1720,2021-01-28,LAZ,7954,2998,4956,6810,374,122,514,134,0,0,459,7495,ITI,ITI4,12,Lazio,Lazio,5879082,131745,2.24,0.14
1721,2021-01-30,LAZ,6649,2730,3919,5298,265,309,651,126,0,0,448,6201,ITI,ITI4,12,Lazio,Lazio,5879082,138394,2.35,0.11
1722,2021-01-20,LAZ,4390,1657,2733,3279,233,166,426,286,0,0,2849,1541,ITI,ITI4,12,Lazio,Lazio,5879082,142784,2.43,0.07
1723,2021-01-17,LAZ,4561,1842,2719,3237,145,191,177,811,0,0,4349,212,ITI,ITI4,12,Lazio,Lazio,5879082,147345,2.51,0.08
1724,2020-12-29,LAZ,440,155,285,440,0,0,0,0,0,0,440,0,ITI,ITI4,12,Lazio,Lazio,5879082,147785,2.51,0.01
1725,2021-03-15,LAZ,19193,8303,10890,2301,122,3553,408,9577,706,2526,12478,6715,ITI,ITI4,12,Lazio,Lazio,5879082,166978,2.84,0.33
1726,2021-03-10,LAZ,21787,9376,12411,4019,143,2488,451,8890,1179,4617,16161,5626,ITI,ITI4,12,Lazio,Lazio,5879082,188765,3.21,0.37
1727,2021-02-12,LAZ,6494,2645,3849,1995,136,287,302,3774,0,0,6417,77,ITI,ITI4,12,Lazio,Lazio,5879082,195259,3.32,0.11
1728,2021-01-11,LAZ,5525,2103,3422,4553,307,96,569,0,0,0,5525,0,ITI,ITI4,12,Lazio,Lazio,5879082,200784,3.42,0.09
1729,2021-03-07,LAZ,14031,5408,8623,1200,24,1205,148,7225,696,3533,10442,3589,ITI,ITI4,12,Lazio,Lazio,5879082,214815,3.65,0.24
1730,2021-01-13,LAZ,5559,2063,3496,4145,270,132,1009,3,0,0,5559,0,ITI,ITI4,12,Lazio,Lazio,5879082,220374,3.75,0.09
1731,2021-01-04,LAZ,7478,2907,4571,7075,5,81,316,0,0,1,7478,0,ITI,ITI4,12,Lazio,Lazio,5879082,227852,3.88,0.13
1732,2021-02-01,LAZ,5669,2173,3496,4784,189,130,559,7,0,0,353,5316,ITI,ITI4,12,Lazio,Lazio,5879082,233521,3.97,0.1
1733,2021-01-07,LAZ,7734,2900,4834,6890,174,104,566,0,0,0,7734,0,ITI,ITI4,12,Lazio,Lazio,5879082,241255,4.1,0.13
1734,2021-01-27,LAZ,5768,2170,3598,4797,215,170,457,129,0,0,651,5117,ITI,ITI4,12,Lazio,Lazio,5879082,247023,4.2,0.1
1735,2021-02-10,LAZ,7776,3116,4660,2646,275,306,633,3916,0,0,4841,2935,ITI,ITI4,12,Lazio,Lazio,5879082,254799,4.33,0.13
1736,2021-01-31,LAZ,4279,1783,2496,3572,139,200,244,124,0,0,296,3983,ITI,ITI4,12,Lazio,Lazio,5879082,259078,4.41,0.07
1737,2021-02-18,LAZ,9676,4799,4877,2162,91,328,473,4956,1665,1,9178,498,ITI,ITI4,12,Lazio,Lazio,5879082,268754,4.57,0.16
1738,2021-02-19,LAZ,9698,4893,4805,2170,93,297,408,5060,1636,34,9201,497,ITI,ITI4,12,Lazio,Lazio,5879082,278452,4.74,0.16
1739,2021-01-25,LAZ,7761,3041,4720,7006,205,65,363,122,0,0,421,7340,ITI,ITI4,12,Lazio,Lazio,5879082,286213,4.87,0.13
1740,2021-02-26,LAZ,12865,5600,7265,1909,533,800,352,5147,1385,2739,11647,1218,ITI,ITI4,12,Lazio,Lazio,5879082,299078,5.09,0.22
1741,2021-02-17,LAZ,8808,4371,4437,2282,225,207,499,4249,1345,1,8280,528,ITI,ITI4,12,Lazio,Lazio,5879082,307886,5.24,0.15
1742,2021-03-11,LAZ,23611,10505,13106,4819,124,3021,440,9245,1526,4436,17388,6223,ITI,ITI4,12,Lazio,Lazio,5879082,331497,5.64,0.4
1743,2021-02-20,LAZ,8795,4082,4713,1942,111,350,298,4762,1310,22,8378,417,ITI,ITI4,12,Lazio,Lazio,5879082,340292,5.79,0.15
1744,2021-02-13,LAZ,6274,2436,3838,2123,42,171,280,3658,0,0,6186,88,ITI,ITI4,12,Lazio,Lazio,5879082,346566,5.89,0.11
1745,2021-03-18,LAZ,14121,6041,8080,1742,90,2631,330,9313,9,6,7757,6364,ITI,ITI4,12,Lazio,Lazio,5879082,360687,6.14,0.24
1746,2021-02-25,LAZ,12623,5512,7111,1754,434,775,489,5137,1423,2611,11577,1046,ITI,ITI4,12,Lazio,Lazio,5879082,373310,6.35,0.21
1747,2021-02-27,LAZ,11368,4246,7122,1358,399,486,515,4787,1120,2703,10415,953,ITI,ITI4,12,Lazio,Lazio,5879082,384678,6.54,0.19
1748,2021-03-21,LAZ,17758,6802,10956,1238,27,4689,111,8164,100,3429,12744,5014,ITI,ITI4,12,Lazio,Lazio,5879082,402436,6.85,0.3
1749,2021-02-07,LAZ,4668,1865,2803,3251,138,247,218,813,0,1,382,4286,ITI,ITI4,12,Lazio,Lazio,5879082,407104,6.92,0.08
1750,2021-03-05,LAZ,18494,7801,10693,2725,171,1574,256,8476,1323,3969,13773,4721,ITI,ITI4,12,Lazio,Lazio,5879082,425598,7.24,0.31
1751,2021-02-04,LAZ,6045,2281,3764,4460,354,267,892,72,0,0,942,5103,ITI,ITI4,12,Lazio,Lazio,5879082,431643,7.34,0.1
1752,2021-01-22,LAZ,3662,1442,2220,3379,63,27,70,123,0,0,148,3514,ITI,ITI4,12,Lazio,Lazio,5879082,435305,7.4,0.06
1753,2021-01-26,LAZ,7602,2907,4695,6590,212,44,631,125,0,0,372,7230,ITI,ITI4,12,Lazio,Lazio,5879082,442907,7.53,0.13
1754,2021-03-13,LAZ,21253,8343,12910,5090,109,2378,325,8892,720,3739,15367,5886,ITI,ITI4,12,Lazio,Lazio,5879082,464160,7.9,0.36
1755,2021-01-03,LAZ,5250,1972,3278,5125,18,42,65,0,0,0,5250,0,ITI,ITI4,12,Lazio,Lazio,5879082,469410,7.98,0.09
1756,2021-02-03,LAZ,6288,2348,3940,4620,335,220,1078,35,0,0,901,5387,ITI,ITI4,12,Lazio,Lazio,5879082,475698,8.09,0.11
1757,2021-03-24,LAZ,25210,10985,14225,3592,92,8335,101,9253,239,3598,19189,6021,ITI,ITI4,12,Lazio,Lazio,5879082,500908,8.52,0.43
1758,2021-03-23,LAZ,22712,9751,12961,2451,98,6696,181,9095,381,3810,16501,6211,ITI,ITI4,12,Lazio,Lazio,5879082,523620,8.91,0.39
1759,2021-02-08,LAZ,9334,3868,5466,3788,428,446,918,3754,0,0,4487,4847,ITI,ITI4,12,Lazio,Lazio,5879082,532954,9.07,0.16
1760,2021-01-09,LAZ,6292,2559,3733,5114,229,329,620,0,0,0,6292,0,ITI,ITI4,12,Lazio,Lazio,5879082,539246,9.17,0.11
1761,2020-12-28,LAZ,959,412,547,957,0,2,0,0,0,0,959,0,ITI,ITI4,12,Lazio,Lazio,5879082,540205,9.19,0.02
1762,2021-02-14,LAZ,5536,2246,3290,1645,20,298,127,3446,0,0,5287,249,ITI,ITI4,12,Lazio,Lazio,5879082,545741,9.28,0.09
1763,2021-02-06,LAZ,5069,2015,3054,3270,206,424,660,509,0,0,769,4300,ITI,ITI4,12,Lazio,Lazio,5879082,550810,9.37,0.09
1764,2021-01-19,LAZ,4361,1671,2690,2967,222,340,424,408,0,0,3908,453,ITI,ITI4,12,Lazio,Lazio,5879082,555171,9.44,0.07
1765,2021-02-05,LAZ,6910,2722,4188,5095,373,258,995,189,0,0,1131,5779,ITI,ITI4,12,Lazio,Lazio,5879082,562081,9.56,0.12
1766,2021-01-05,LAZ,7370,2802,4568,6690,0,102,577,0,1,0,7370,0,ITI,ITI4,12,Lazio,Lazio,5879082,569451,9.69,0.13
1767,2021-03-19,LAZ,16947,7244,9703,2111,140,3756,389,9297,248,1006,10673,6274,ITI,ITI4,12,Lazio,Lazio,5879082,586398,9.97,0.29
1768,2021-01-02,LAZ,6704,2629,4075,6268,47,31,358,0,0,0,6704,0,ITI,ITI4,12,Lazio,Lazio,5879082,593102,10.09,0.11
1769,2021-03-09,LAZ,20793,8912,11881,3364,104,2187,338,8953,1230,4617,15600,5193,ITI,ITI4,12,Lazio,Lazio,5879082,613895,10.44,0.35
1770,2021-01-14,LAZ,5232,1961,3271,3887,304,146,811,84,0,0,5232,0,ITI,ITI4,12,Lazio,Lazio,5879082,619127,10.53,0.09
1771,2021-03-25,LAZ,11470,4868,6602,1622,13,3149,186,4945,72,1483,8315,3155,ITI,ITI4,12,Lazio,Lazio,5879082,630597,10.73,0.2
1772,2021-01-18,LAZ,5835,2268,3567,3901,387,369,725,453,0,0,4857,978,ITI,ITI4,12,Lazio,Lazio,5879082,636432,10.83,0.1
1773,2021-03-04,LAZ,18180,7739,10441,2771,211,1343,507,8128,1315,3905,13169,5011,ITI,ITI4,12,Lazio,Lazio,5879082,654612,11.13,0.31
1774,2021-01-15,LAZ,6227,2467,3760,4480,417,187,988,155,0,0,6227,0,ITI,ITI4,12,Lazio,Lazio,5879082,660839,11.24,0.11
1775,2021-02-21,LAZ,6799,3101,3698,1245,53,309,51,4518,607,16,6517,282,ITI,ITI4,12,Lazio,Lazio,5879082,667638,11.36,0.12
1776,2021-02-15,LAZ,7726,3379,4347,2447,362,313,378,4218,8,0,7429,297,ITI,ITI4,12,Lazio,Lazio,5879082,675364,11.49,0.13
1777,2021-01-29,LAZ,7594,2866,4728,6373,258,169,704,90,0,0,477,7117,ITI,ITI4,12,Lazio,Lazio,5879082,682958,11.62,0.13
1778,2021-02-28,LAZ,10223,3996,6227,1601,260,428,77,4576,682,2599,9709,514,ITI,ITI4,12,Lazio,Lazio,5879082,693181,11.79,0.17
1779,2021-02-11,LAZ,6658,2788,3870,2197,174,160,500,3627,0,0,6460,198,ITI,ITI4,12,Lazio,Lazio,5879082,699839,11.9,0.11
1780,2021-01-01,LAZ,3553,1381,2172,3483,0,2,68,0,0,0,3553,0,ITI,ITI4,12,Lazio,Lazio,5879082,703392,11.96,0.06
1781,2021-01-21,LAZ,5247,2109,3138,4780,78,32,232,125,0,0,196,5051,ITI,ITI4,12,Lazio,Lazio,5879082,708639,12.05,0.09
1782,2021-02-02,LAZ,5772,2133,3639,4712,367,119,571,3,0,0,501,5271,ITI,ITI4,12,Lazio,Lazio,5879082,714411,12.15,0.1
1783,2020-12-27,LAZ,272,131,141,272,0,0,0,0,0,0,272,0,ITI,ITI4,12,Lazio,Lazio,5879082,714683,12.16,0.0
1784,2021-03-03,LAZ,17038,7205,9833,2110,200,1177,374,7991,1249,3937,12748,4290,ITI,ITI4,12,Lazio,Lazio,5879082,731721,12.45,0.29
1785,2021-03-01,LAZ,16628,7104,9524,1554,527,1209,383,7970,1406,3579,12778,3850,ITI,ITI4,12,Lazio,Lazio,5879082,748349,12.73,0.28
1786,2021-02-16,LAZ,8043,3862,4181,2058,102,476,261,4195,950,1,7786,257,ITI,ITI4,12,Lazio,Lazio,5879082,756392,12.87,0.14
1787,2021-01-06,LAZ,5114,1956,3158,4619,40,133,320,0,1,1,5114,0,ITI,ITI4,12,Lazio,Lazio,5879082,761506,12.95,0.09
1788,2021-03-14,LAZ,17032,6585,10447,1342,89,3295,81,8334,445,3446,11879,5153,ITI,ITI4,12,Lazio,Lazio,5879082,778538,13.24,0.29
1789,2021-02-23,LAZ,10896,4678,6218,1896,109,493,309,5164,1015,1910,10272,624,ITI,ITI4,12,Lazio,Lazio,5879082,789434,13.43,0.19
1790,2021-03-12,LAZ,22597,9992,12605,4640,170,3252,400,9413,774,3948,16285,6312,ITI,ITI4,12,Lazio,Lazio,5879082,812031,13.81,0.38
1791,2021-01-12,LAZ,5391,1974,3417,4343,342,122,584,0,0,0,5391,0,ITI,ITI4,12,Lazio,Lazio,5879082,817422,13.9,0.09
1792,2021-01-23,LAZ,6883,2682,4201,6063,247,31,417,125,0,0,255,6628,ITI,ITI4,12,Lazio,Lazio,5879082,824305,14.02,0.12
1793,2021-01-08,LAZ,7725,2894,4831,6518,191,218,798,0,0,0,7725,0,ITI,ITI4,12,Lazio,Lazio,5879082,832030,14.15,0.13
1794,2021-02-09,LAZ,8393,3484,4909,3258,244,338,548,4005,0,0,4571,3822,ITI,ITI4,12,Lazio,Lazio,5879082,840423,14.3,0.14
1795,2020-12-31,LAZ,5218,2095,3123,4927,0,12,279,0,0,0,5218,0,ITI,ITI4,12,Lazio,Lazio,5879082,845641,14.38,0.09
1796,2021-01-16,LAZ,5349,2073,3276,3354,241,220,1064,470,0,0,5349,0,ITI,ITI4,12,Lazio,Lazio,5879082,850990,14.47,0.09
1797,2021-03-17,LAZ,13465,5747,7718,1501,87,2238,254,9364,7,14,7278,6187,ITI,ITI4,12,Lazio,Lazio,5879082,864455,14.7,0.23
1798,2021-03-06,LAZ,17947,6891,11056,3661,113,1251,327,7891,932,3772,13693,4254,ITI,ITI4,12,Lazio,Lazio,5879082,882402,15.01,0.31
