,data,area,Vaccinazioni giornaliere,sesso_maschile,sesso_femminile,Operatori sanitari - sociosanitari,Personale non sanitario,Ospiti RSA,categoria_over80,categoria_forze_armate,categoria_personale_scolastico,prima_dose,seconda_dose,codice_NUTS1,codice_NUTS2,codice_regione_ISTAT,nome_area,Regione,popolazione,Totale vaccinazioni,Totale vaccinazioni ogni cento ab,Vaccinazioni giornaliere ogni cento ab
0,2021-02-01,PIE,8639,3053,5586,6163,1402,1074,0,0,0,578,8061,ITC,ITC1,1,Piemonte,Piemonte,4356406,8639,0.2,0.2
1,2021-02-19,PIE,3501,1136,2365,1981,827,663,30,0,0,3002,499,ITC,ITC1,1,Piemonte,Piemonte,4356406,12140,0.28,0.08
2,2021-02-05,PIE,9445,3073,6372,5760,2041,1644,0,0,0,654,8791,ITC,ITC1,1,Piemonte,Piemonte,4356406,21585,0.5,0.22
3,2021-02-20,PIE,1628,431,1197,1024,386,189,29,0,0,1453,175,ITC,ITC1,1,Piemonte,Piemonte,4356406,23213,0.53,0.04
4,2021-01-19,PIE,6310,2075,4235,3573,1291,1446,0,0,0,6297,13,ITC,ITC1,1,Piemonte,Piemonte,4356406,29523,0.68,0.14
5,2021-01-16,PIE,7753,2631,5122,4796,1589,1368,0,0,0,7753,0,ITC,ITC1,1,Piemonte,Piemonte,4356406,37276,0.86,0.18
6,2021-02-13,PIE,4085,1284,2801,2304,669,1111,1,0,0,2860,1225,ITC,ITC1,1,Piemonte,Piemonte,4356406,41361,0.95,0.09
7,2021-01-18,PIE,6092,2037,4055,3222,1400,1470,0,0,0,5844,248,ITC,ITC1,1,Piemonte,Piemonte,4356406,47453,1.09,0.14
8,2021-02-03,PIE,10145,3292,6853,6614,2298,1233,0,0,0,609,9536,ITC,ITC1,1,Piemonte,Piemonte,4356406,57598,1.32,0.23
9,2021-02-12,PIE,6785,2161,4624,3512,1613,1660,0,0,0,3874,2911,ITC,ITC1,1,Piemonte,Piemonte,4356406,64383,1.48,0.16
10,2021-01-04,PIE,5559,1676,3883,4587,737,235,0,0,0,5559,0,ITC,ITC1,1,Piemonte,Piemonte,4356406,69942,1.61,0.13
11,2021-01-03,PIE,3061,966,2095,2714,295,52,0,0,0,3061,0,ITC,ITC1,1,Piemonte,Piemonte,4356406,73003,1.68,0.07
12,2021-01-29,PIE,5847,1853,3994,4117,1058,672,0,0,0,454,5393,ITC,ITC1,1,Piemonte,Piemonte,4356406,78850,1.81,0.13
13,2021-02-17,PIE,3626,1189,2437,2171,1013,441,1,0,0,2638,988,ITC,ITC1,1,Piemonte,Piemonte,4356406,82476,1.89,0.08
14,2021-01-07,PIE,5370,1731,3639,4145,884,341,0,0,0,5370,0,ITC,ITC1,1,Piemonte,Piemonte,4356406,87846,2.02,0.12
15,2021-02-16,PIE,3224,1076,2148,1816,857,551,0,0,0,2468,756,ITC,ITC1,1,Piemonte,Piemonte,4356406,91070,2.09,0.07
16,2021-02-14,PIE,1410,456,954,793,332,285,0,0,0,812,598,ITC,ITC1,1,Piemonte,Piemonte,4356406,92480,2.12,0.03
17,2021-01-09,PIE,6183,2185,3998,4488,1127,568,0,0,0,6183,0,ITC,ITC1,1,Piemonte,Piemonte,4356406,98663,2.26,0.14
18,2021-02-24,PIE,4255,1690,2565,1242,485,156,2372,0,0,3925,330,ITC,ITC1,1,Piemonte,Piemonte,4356406,102918,2.36,0.1
19,2021-01-06,PIE,3114,1110,2004,2368,433,313,0,0,0,3114,0,ITC,ITC1,1,Piemonte,Piemonte,4356406,106032,2.43,0.07
20,2021-02-09,PIE,7263,2293,4970,4139,1364,1760,0,0,0,717,6546,ITC,ITC1,1,Piemonte,Piemonte,4356406,113295,2.6,0.17
21,2021-01-27,PIE,4193,1452,2741,2981,655,557,0,0,0,999,3194,ITC,ITC1,1,Piemonte,Piemonte,4356406,117488,2.7,0.1
22,2021-02-15,PIE,4049,1292,2757,2298,844,906,1,0,0,2844,1205,ITC,ITC1,1,Piemonte,Piemonte,4356406,121537,2.79,0.09
23,2021-01-20,PIE,6374,2033,4341,3560,1153,1661,0,0,0,5648,726,ITC,ITC1,1,Piemonte,Piemonte,4356406,127911,2.94,0.15
24,2021-01-05,PIE,5376,1602,3774,4363,728,285,0,0,0,5376,0,ITC,ITC1,1,Piemonte,Piemonte,4356406,133287,3.06,0.12
25,2021-01-15,PIE,8958,2951,6007,5493,1924,1541,0,0,0,8958,0,ITC,ITC1,1,Piemonte,Piemonte,4356406,142245,3.27,0.21
26,2021-01-28,PIE,5442,1770,3672,4019,852,571,0,0,0,349,5093,ITC,ITC1,1,Piemonte,Piemonte,4356406,147687,3.39,0.12
27,2021-01-11,PIE,8740,2980,5760,6053,1561,1126,0,0,0,8740,0,ITC,ITC1,1,Piemonte,Piemonte,4356406,156427,3.59,0.2
28,2021-02-02,PIE,10160,3485,6675,6825,2034,1301,0,0,0,797,9363,ITC,ITC1,1,Piemonte,Piemonte,4356406,166587,3.82,0.23
29,2021-01-14,PIE,9761,3150,6611,6175,2102,1484,0,0,0,9761,0,ITC,ITC1,1,Piemonte,Piemonte,4356406,176348,4.05,0.22
30,2021-01-23,PIE,4218,1321,2897,3189,523,506,0,0,0,878,3340,ITC,ITC1,1,Piemonte,Piemonte,4356406,180566,4.14,0.1
31,2021-02-11,PIE,6509,2012,4497,3392,1280,1837,0,0,0,2913,3596,ITC,ITC1,1,Piemonte,Piemonte,4356406,187075,4.29,0.15
32,2021-01-17,PIE,3518,1168,2350,2083,595,840,0,0,0,2870,648,ITC,ITC1,1,Piemonte,Piemonte,4356406,190593,4.38,0.08
33,2021-01-26,PIE,6323,1875,4448,4721,874,728,0,0,0,734,5589,ITC,ITC1,1,Piemonte,Piemonte,4356406,196916,4.52,0.15
34,2021-02-10,PIE,7285,2310,4975,3834,1495,1956,0,0,0,1309,5976,ITC,ITC1,1,Piemonte,Piemonte,4356406,204201,4.69,0.17
35,2021-02-04,PIE,10187,3335,6852,6232,2199,1756,0,0,0,581,9606,ITC,ITC1,1,Piemonte,Piemonte,4356406,214388,4.92,0.23
36,2021-01-31,PIE,4105,1748,2357,3076,654,375,0,0,0,112,3993,ITC,ITC1,1,Piemonte,Piemonte,4356406,218493,5.02,0.09
37,2021-02-18,PIE,3775,1218,2557,2236,935,604,0,0,0,3380,395,ITC,ITC1,1,Piemonte,Piemonte,4356406,222268,5.1,0.09
38,2020-12-30,PIE,730,322,408,685,45,0,0,0,0,730,0,ITC,ITC1,1,Piemonte,Piemonte,4356406,222998,5.12,0.02
39,2021-01-08,PIE,5528,1761,3767,4078,1029,421,0,0,0,5528,0,ITC,ITC1,1,Piemonte,Piemonte,4356406,228526,5.25,0.13
40,2020-12-31,PIE,3879,1318,2561,3387,358,134,0,0,0,3879,0,ITC,ITC1,1,Piemonte,Piemonte,4356406,232405,5.33,0.09
41,2021-02-07,PIE,3087,974,2113,1649,662,776,0,0,0,445,2642,ITC,ITC1,1,Piemonte,Piemonte,4356406,235492,5.41,0.07
42,2021-01-25,PIE,6209,1938,4271,4782,865,562,0,0,0,980,5229,ITC,ITC1,1,Piemonte,Piemonte,4356406,241701,5.55,0.14
43,2021-01-21,PIE,6706,2257,4449,4681,854,1171,0,0,0,3220,3486,ITC,ITC1,1,Piemonte,Piemonte,4356406,248407,5.7,0.15
44,2021-02-23,PIE,5819,2256,3563,2071,835,286,2627,0,0,5355,464,ITC,ITC1,1,Piemonte,Piemonte,4356406,254226,5.84,0.13
45,2021-01-01,PIE,1038,395,643,922,116,0,0,0,0,1038,0,ITC,ITC1,1,Piemonte,Piemonte,4356406,255264,5.86,0.02
46,2020-12-27,PIE,912,368,544,760,76,76,0,0,0,912,0,ITC,ITC1,1,Piemonte,Piemonte,4356406,256176,5.88,0.02
47,2021-01-22,PIE,3817,1234,2583,2273,649,895,0,0,0,2475,1342,ITC,ITC1,1,Piemonte,Piemonte,4356406,259993,5.97,0.09
48,2021-02-08,PIE,6878,2350,4528,3776,1553,1549,0,0,0,664,6214,ITC,ITC1,1,Piemonte,Piemonte,4356406,266871,6.13,0.16
49,2021-02-22,PIE,5491,2115,3376,1649,832,486,2524,0,0,4961,530,ITC,ITC1,1,Piemonte,Piemonte,4356406,272362,6.25,0.13
50,2021-02-21,PIE,3242,1385,1857,612,188,47,2395,0,0,3141,101,ITC,ITC1,1,Piemonte,Piemonte,4356406,275604,6.33,0.07
51,2021-01-12,PIE,9989,3387,6602,6821,1996,1172,0,0,0,9989,0,ITC,ITC1,1,Piemonte,Piemonte,4356406,285593,6.56,0.23
52,2021-01-10,PIE,5207,2273,2934,3904,784,519,0,0,0,5207,0,ITC,ITC1,1,Piemonte,Piemonte,4356406,290800,6.68,0.12
53,2021-01-13,PIE,10041,3214,6827,6458,2255,1328,0,0,0,10041,0,ITC,ITC1,1,Piemonte,Piemonte,4356406,300841,6.91,0.23
54,2021-01-30,PIE,5977,2134,3843,4367,1115,495,0,0,0,218,5759,ITC,ITC1,1,Piemonte,Piemonte,4356406,306818,7.04,0.14
55,2021-02-06,PIE,7979,2663,5316,5097,1627,1255,0,0,0,400,7579,ITC,ITC1,1,Piemonte,Piemonte,4356406,314797,7.23,0.18
56,2021-01-24,PIE,3150,957,2193,2632,372,146,0,0,0,434,2716,ITC,ITC1,1,Piemonte,Piemonte,4356406,317947,7.3,0.07
57,2021-01-02,PIE,3539,1134,2405,3072,414,53,0,0,0,3539,0,ITC,ITC1,1,Piemonte,Piemonte,4356406,321486,7.38,0.08
58,2021-02-01,UMB,1260,333,927,876,32,352,0,0,0,47,1213,ITI,ITI2,10,Umbria,Umbria,882015,1260,0.14,0.14
59,2021-01-25,UMB,647,322,325,645,2,0,0,0,0,5,642,ITI,ITI2,10,Umbria,Umbria,882015,1907,0.22,0.07
60,2021-01-02,UMB,301,110,191,301,0,0,0,0,0,301,0,ITI,ITI2,10,Umbria,Umbria,882015,2208,0.25,0.03
61,2021-01-11,UMB,1271,336,935,878,20,373,0,0,0,1271,0,ITI,ITI2,10,Umbria,Umbria,882015,3479,0.39,0.14
62,2021-02-20,UMB,282,100,182,83,8,39,152,0,0,258,24,ITI,ITI2,10,Umbria,Umbria,882015,3761,0.43,0.03
63,2021-02-05,UMB,780,234,546,645,51,84,0,0,0,18,762,ITI,ITI2,10,Umbria,Umbria,882015,4541,0.51,0.09
64,2021-01-19,UMB,103,23,80,21,2,80,0,0,0,103,0,ITI,ITI2,10,Umbria,Umbria,882015,4644,0.53,0.01
65,2021-01-07,UMB,1291,383,908,883,4,404,0,0,0,1291,0,ITI,ITI2,10,Umbria,Umbria,882015,5935,0.67,0.15
66,2021-02-03,UMB,725,174,551,560,37,128,0,0,0,67,658,ITI,ITI2,10,Umbria,Umbria,882015,6660,0.76,0.08
67,2021-01-04,UMB,809,397,412,808,1,0,0,0,0,809,0,ITI,ITI2,10,Umbria,Umbria,882015,7469,0.85,0.09
68,2021-02-06,UMB,396,138,258,333,47,16,0,0,0,34,362,ITI,ITI2,10,Umbria,Umbria,882015,7865,0.89,0.04
69,2021-01-06,UMB,843,323,520,840,3,0,0,0,0,843,0,ITI,ITI2,10,Umbria,Umbria,882015,8708,0.99,0.1
70,2021-02-16,UMB,1307,655,652,33,12,0,1262,0,0,1298,9,ITI,ITI2,10,Umbria,Umbria,882015,10015,1.14,0.15
71,2021-02-17,UMB,1618,748,870,363,14,0,1240,0,1,1267,351,ITI,ITI2,10,Umbria,Umbria,882015,11633,1.32,0.18
72,2021-01-05,UMB,850,428,422,845,5,0,0,0,0,850,0,ITI,ITI2,10,Umbria,Umbria,882015,12483,1.42,0.1
73,2021-02-08,UMB,637,203,434,368,112,153,0,4,0,88,549,ITI,ITI2,10,Umbria,Umbria,882015,13120,1.49,0.07
74,2021-02-24,UMB,1454,542,912,1067,41,48,291,7,0,1441,13,ITI,ITI2,10,Umbria,Umbria,882015,14574,1.65,0.16
75,2021-01-16,UMB,221,73,148,146,32,43,0,0,0,221,0,ITI,ITI2,10,Umbria,Umbria,882015,14795,1.68,0.03
76,2021-01-15,UMB,692,212,480,588,44,60,0,0,0,692,0,ITI,ITI2,10,Umbria,Umbria,882015,15487,1.76,0.08
77,2021-01-09,UMB,1719,492,1227,888,10,821,0,0,0,1719,0,ITI,ITI2,10,Umbria,Umbria,882015,17206,1.95,0.19
78,2021-01-14,UMB,749,200,549,696,35,17,0,0,1,749,0,ITI,ITI2,10,Umbria,Umbria,882015,17955,2.04,0.08
79,2021-02-02,UMB,942,274,668,713,17,212,0,0,0,32,910,ITI,ITI2,10,Umbria,Umbria,882015,18897,2.14,0.11
80,2021-02-10,UMB,715,349,366,606,106,3,0,0,0,700,15,ITI,ITI2,10,Umbria,Umbria,882015,19612,2.22,0.08
81,2021-01-13,UMB,450,139,311,379,29,42,0,0,0,450,0,ITI,ITI2,10,Umbria,Umbria,882015,20062,2.27,0.05
82,2021-01-18,UMB,588,215,373,315,149,124,0,0,0,504,84,ITI,ITI2,10,Umbria,Umbria,882015,20650,2.34,0.07
83,2021-02-15,UMB,1367,692,675,10,8,0,1349,0,0,1366,1,ITI,ITI2,10,Umbria,Umbria,882015,22017,2.5,0.15
84,2021-01-27,UMB,838,329,509,837,1,0,0,0,0,13,825,ITI,ITI2,10,Umbria,Umbria,882015,22855,2.59,0.1
85,2021-02-13,UMB,115,28,87,68,46,0,1,0,0,112,3,ITI,ITI2,10,Umbria,Umbria,882015,22970,2.6,0.01
86,2021-02-12,UMB,671,224,447,459,208,1,1,0,2,664,7,ITI,ITI2,10,Umbria,Umbria,882015,23641,2.68,0.08
87,2021-01-26,UMB,814,390,424,813,1,0,0,0,0,18,796,ITI,ITI2,10,Umbria,Umbria,882015,24455,2.77,0.09
88,2021-01-22,UMB,276,105,171,273,1,2,0,0,0,32,244,ITI,ITI2,10,Umbria,Umbria,882015,24731,2.8,0.03
89,2021-01-31,UMB,1056,276,780,765,10,281,0,0,0,25,1031,ITI,ITI2,10,Umbria,Umbria,882015,25787,2.92,0.12
90,2021-01-03,UMB,267,111,156,267,0,0,0,0,0,267,0,ITI,ITI2,10,Umbria,Umbria,882015,26054,2.95,0.03
91,2021-01-20,UMB,613,222,391,583,15,14,0,0,1,613,0,ITI,ITI2,10,Umbria,Umbria,882015,26667,3.02,0.07
92,2021-01-23,UMB,277,100,177,276,1,0,0,0,0,2,275,ITI,ITI2,10,Umbria,Umbria,882015,26944,3.05,0.03
93,2021-02-04,UMB,732,226,506,692,20,20,0,0,0,25,707,ITI,ITI2,10,Umbria,Umbria,882015,27676,3.14,0.08
94,2021-01-28,UMB,1240,392,848,891,4,345,0,0,0,19,1221,ITI,ITI2,10,Umbria,Umbria,882015,28916,3.28,0.14
95,2021-01-10,UMB,1056,275,781,740,9,307,0,0,0,1056,0,ITI,ITI2,10,Umbria,Umbria,882015,29972,3.4,0.12
96,2021-02-18,UMB,1495,582,913,324,16,170,985,0,0,1029,466,ITI,ITI2,10,Umbria,Umbria,882015,31467,3.57,0.17
97,2021-01-08,UMB,1173,337,836,926,9,238,0,0,0,1173,0,ITI,ITI2,10,Umbria,Umbria,882015,32640,3.7,0.13
98,2020-12-31,UMB,322,127,195,310,12,0,0,0,0,322,0,ITI,ITI2,10,Umbria,Umbria,882015,32962,3.74,0.04
99,2021-02-23,UMB,1693,658,1035,1187,95,17,394,0,0,1650,43,ITI,ITI2,10,Umbria,Umbria,882015,34655,3.93,0.19
100,2021-02-19,UMB,743,293,450,281,16,14,432,0,0,526,217,ITI,ITI2,10,Umbria,Umbria,882015,35398,4.01,0.08
101,2021-02-07,UMB,54,17,37,46,8,0,0,0,0,1,53,ITI,ITI2,10,Umbria,Umbria,882015,35452,4.02,0.01
102,2021-01-29,UMB,1221,343,878,934,16,271,0,0,0,79,1142,ITI,ITI2,10,Umbria,Umbria,882015,36673,4.16,0.14
103,2021-01-24,UMB,254,104,150,254,0,0,0,0,0,1,253,ITI,ITI2,10,Umbria,Umbria,882015,36927,4.19,0.03
104,2021-01-30,UMB,1577,483,1094,841,18,717,1,0,0,44,1533,ITI,ITI2,10,Umbria,Umbria,882015,38504,4.37,0.18
105,2021-01-21,UMB,610,202,408,428,13,169,0,0,0,341,269,ITI,ITI2,10,Umbria,Umbria,882015,39114,4.43,0.07
106,2020-12-27,UMB,85,45,40,67,2,16,0,0,0,85,0,ITI,ITI2,10,Umbria,Umbria,882015,39199,4.44,0.01
107,2021-01-17,UMB,54,17,37,47,7,0,0,0,0,54,0,ITI,ITI2,10,Umbria,Umbria,882015,39253,4.45,0.01
108,2021-02-22,UMB,1858,777,1081,732,120,1,1005,0,0,1769,89,ITI,ITI2,10,Umbria,Umbria,882015,41111,4.66,0.21
109,2021-01-12,UMB,784,247,537,665,14,105,0,0,0,784,0,ITI,ITI2,10,Umbria,Umbria,882015,41895,4.75,0.09
110,2021-01-01,UMB,269,102,167,268,1,0,0,0,0,269,0,ITI,ITI2,10,Umbria,Umbria,882015,42164,4.78,0.03
111,2021-02-11,UMB,841,349,492,734,99,5,0,0,3,836,5,ITI,ITI2,10,Umbria,Umbria,882015,43005,4.88,0.1
112,2020-12-31,LOM,713,300,413,656,57,0,0,0,0,713,0,ITC,ITC4,3,Lombardia,Lombardia,10060574,713,0.01,0.01
113,2021-02-15,LOM,8433,2964,5469,5575,1917,934,4,1,2,8014,419,ITC,ITC4,3,Lombardia,Lombardia,10060574,9146,0.09,0.08
114,2021-02-18,LOM,13435,4749,8686,5841,1910,1479,3335,857,13,12503,932,ITC,ITC4,3,Lombardia,Lombardia,10060574,22581,0.22,0.13
115,2021-01-08,LOM,12590,3893,8697,8634,3704,218,32,2,0,12590,0,ITC,ITC4,3,Lombardia,Lombardia,10060574,35171,0.35,0.13
116,2021-02-21,LOM,4999,1848,3151,1735,1007,32,2182,40,3,4979,20,ITC,ITC4,3,Lombardia,Lombardia,10060574,40170,0.4,0.05
117,2020-12-30,LOM,113,42,71,105,8,0,0,0,0,113,0,ITC,ITC4,3,Lombardia,Lombardia,10060574,40283,0.4,0.0
118,2021-02-09,LOM,11815,3238,8577,5606,2307,3827,75,0,0,3891,7924,ITC,ITC4,3,Lombardia,Lombardia,10060574,52098,0.52,0.12
119,2021-02-19,LOM,13581,5237,8344,5300,1817,1003,4516,927,18,12995,586,ITC,ITC4,3,Lombardia,Lombardia,10060574,65679,0.65,0.13
120,2021-01-12,LOM,19669,6559,13110,10923,7208,1377,158,3,0,19669,0,ITC,ITC4,3,Lombardia,Lombardia,10060574,85348,0.85,0.2
121,2021-01-01,LOM,24,7,17,21,3,0,0,0,0,24,0,ITC,ITC4,3,Lombardia,Lombardia,10060574,85372,0.85,0.0
122,2021-01-21,LOM,5292,1555,3737,1864,3180,245,2,0,1,4605,687,ITC,ITC4,3,Lombardia,Lombardia,10060574,90664,0.9,0.05
123,2021-01-22,LOM,2889,814,2075,1081,1658,142,6,0,2,2837,52,ITC,ITC4,3,Lombardia,Lombardia,10060574,93553,0.93,0.03
124,2021-02-08,LOM,9594,2817,6777,5119,2195,2227,53,0,0,2001,7593,ITC,ITC4,3,Lombardia,Lombardia,10060574,103147,1.03,0.1
125,2021-02-04,LOM,26680,7818,18862,15128,5952,5408,192,0,0,1862,24818,ITC,ITC4,3,Lombardia,Lombardia,10060574,129827,1.29,0.27
126,2021-02-17,LOM,11391,3592,7799,7347,2201,1762,35,37,9,10038,1353,ITC,ITC4,3,Lombardia,Lombardia,10060574,141218,1.4,0.11
127,2020-12-27,LOM,702,407,295,551,137,13,1,0,0,702,0,ITC,ITC4,3,Lombardia,Lombardia,10060574,141920,1.41,0.01
128,2021-01-31,LOM,9622,3704,5918,7374,2154,87,7,0,0,32,9590,ITC,ITC4,3,Lombardia,Lombardia,10060574,151542,1.51,0.1
129,2021-02-01,LOM,15795,5215,10580,11391,3466,895,43,0,0,324,15471,ITC,ITC4,3,Lombardia,Lombardia,10060574,167337,1.66,0.16
130,2021-02-03,LOM,24902,7743,17159,15043,5841,3879,139,0,0,957,23945,ITC,ITC4,3,Lombardia,Lombardia,10060574,192239,1.91,0.25
131,2021-01-03,LOM,852,316,536,710,137,4,1,0,0,852,0,ITC,ITC4,3,Lombardia,Lombardia,10060574,193091,1.92,0.01
132,2021-01-04,LOM,5977,2058,3919,4599,1197,166,15,0,0,5977,0,ITC,ITC4,3,Lombardia,Lombardia,10060574,199068,1.98,0.06
133,2021-01-28,LOM,12063,3654,8409,8889,2305,839,30,0,0,771,11292,ITC,ITC4,3,Lombardia,Lombardia,10060574,211131,2.1,0.12
134,2021-01-19,LOM,7900,2300,5600,3092,2926,1768,113,1,0,7424,476,ITC,ITC4,3,Lombardia,Lombardia,10060574,219031,2.18,0.08
135,2021-02-14,LOM,3500,1514,1986,2601,875,24,0,0,0,2936,564,ITC,ITC4,3,Lombardia,Lombardia,10060574,222531,2.21,0.03
136,2021-01-26,LOM,8312,2697,5615,6559,1543,203,7,0,0,322,7990,ITC,ITC4,3,Lombardia,Lombardia,10060574,230843,2.29,0.08
137,2021-02-07,LOM,7042,2749,4293,5019,1773,233,17,0,0,339,6703,ITC,ITC4,3,Lombardia,Lombardia,10060574,237885,2.36,0.07
138,2020-12-28,LOM,103,44,59,102,1,0,0,0,0,103,0,ITC,ITC4,3,Lombardia,Lombardia,10060574,237988,2.37,0.0
139,2021-01-17,LOM,8043,3258,4785,5100,2771,122,45,5,0,7845,198,ITC,ITC4,3,Lombardia,Lombardia,10060574,246031,2.45,0.08
140,2021-01-24,LOM,1184,453,731,798,361,24,1,0,0,522,662,ITC,ITC4,3,Lombardia,Lombardia,10060574,247215,2.46,0.01
141,2021-01-30,LOM,12148,4489,7659,9734,2247,159,8,0,0,192,11956,ITC,ITC4,3,Lombardia,Lombardia,10060574,259363,2.58,0.12
142,2021-02-05,LOM,24429,7099,17330,13577,6337,4259,256,0,0,2045,22384,ITC,ITC4,3,Lombardia,Lombardia,10060574,283792,2.82,0.24
143,2021-01-18,LOM,8939,2913,6026,4081,3279,1459,116,4,0,7957,982,ITC,ITC4,3,Lombardia,Lombardia,10060574,292731,2.91,0.09
144,2021-01-05,LOM,7672,2513,5159,5711,1786,167,8,0,0,7672,0,ITC,ITC4,3,Lombardia,Lombardia,10060574,300403,2.99,0.08
145,2021-02-22,LOM,11287,4591,6696,3997,1472,885,3940,965,28,10998,289,ITC,ITC4,3,Lombardia,Lombardia,10060574,311690,3.1,0.11
146,2021-01-16,LOM,15255,5687,9568,8147,5652,1274,179,3,0,15255,0,ITC,ITC4,3,Lombardia,Lombardia,10060574,326945,3.25,0.15
147,2021-01-06,LOM,7044,2486,4558,5264,1742,35,3,0,0,7044,0,ITC,ITC4,3,Lombardia,Lombardia,10060574,333989,3.32,0.07
148,2021-01-29,LOM,13413,4106,9307,10439,2405,560,9,0,0,637,12776,ITC,ITC4,3,Lombardia,Lombardia,10060574,347402,3.45,0.13
149,2021-02-24,LOM,11221,4556,6665,2796,1222,1322,4796,1070,15,10574,647,ITC,ITC4,3,Lombardia,Lombardia,10060574,358623,3.56,0.11
150,2021-02-20,LOM,9331,3871,5460,4259,1113,185,2907,863,4,9043,288,ITC,ITC4,3,Lombardia,Lombardia,10060574,367954,3.66,0.09
151,2021-01-09,LOM,12375,4558,7817,8133,4039,192,10,1,0,12375,0,ITC,ITC4,3,Lombardia,Lombardia,10060574,380329,3.78,0.12
152,2021-01-07,LOM,11555,3593,7962,8085,2802,594,72,2,0,11555,0,ITC,ITC4,3,Lombardia,Lombardia,10060574,391884,3.9,0.11
153,2021-02-16,LOM,8979,2931,6048,5589,2161,1195,8,7,19,8535,444,ITC,ITC4,3,Lombardia,Lombardia,10060574,400863,3.98,0.09
154,2020-12-29,LOM,100,43,57,100,0,0,0,0,0,100,0,ITC,ITC4,3,Lombardia,Lombardia,10060574,400963,3.99,0.0
155,2021-02-10,LOM,13652,4339,9313,7998,2641,2914,95,0,4,7282,6370,ITC,ITC4,3,Lombardia,Lombardia,10060574,414615,4.12,0.14
156,2021-02-23,LOM,10784,4431,6353,3651,1489,773,3878,990,3,10485,299,ITC,ITC4,3,Lombardia,Lombardia,10060574,425399,4.23,0.11
157,2021-01-13,LOM,25556,7874,17682,11983,9664,3592,307,10,0,25556,0,ITC,ITC4,3,Lombardia,Lombardia,10060574,450955,4.48,0.25
158,2021-01-10,LOM,10510,3955,6555,6864,3619,8,17,2,0,10510,0,ITC,ITC4,3,Lombardia,Lombardia,10060574,461465,4.59,0.1
159,2021-01-25,LOM,7012,2365,4647,5504,1318,180,10,0,0,480,6532,ITC,ITC4,3,Lombardia,Lombardia,10060574,468477,4.66,0.07
160,2021-02-12,LOM,12927,4066,8861,7269,3051,2562,45,0,0,8437,4490,ITC,ITC4,3,Lombardia,Lombardia,10060574,481404,4.79,0.13
161,2021-01-27,LOM,8027,2675,5352,6101,1722,202,2,0,0,820,7207,ITC,ITC4,3,Lombardia,Lombardia,10060574,489431,4.86,0.08
162,2021-02-13,LOM,6230,2384,3846,3838,1745,631,16,0,0,4919,1311,ITC,ITC4,3,Lombardia,Lombardia,10060574,495661,4.93,0.06
163,2021-02-06,LOM,14604,5358,9246,9247,3496,1791,70,0,0,881,13723,ITC,ITC4,3,Lombardia,Lombardia,10060574,510265,5.07,0.15
164,2021-02-02,LOM,19462,6460,13002,13159,4579,1646,78,0,0,478,18984,ITC,ITC4,3,Lombardia,Lombardia,10060574,529727,5.27,0.19
165,2021-01-20,LOM,5528,1357,4171,1991,2186,1261,90,0,0,5413,115,ITC,ITC4,3,Lombardia,Lombardia,10060574,535255,5.32,0.05
166,2021-01-02,LOM,199,72,127,177,22,0,0,0,0,199,0,ITC,ITC4,3,Lombardia,Lombardia,10060574,535454,5.32,0.0
167,2021-01-11,LOM,15976,5309,10667,10161,5163,552,100,0,0,15976,0,ITC,ITC4,3,Lombardia,Lombardia,10060574,551430,5.48,0.16
168,2021-01-15,LOM,24363,7173,17190,10195,9913,3844,405,6,0,24363,0,ITC,ITC4,3,Lombardia,Lombardia,10060574,575793,5.72,0.24
169,2021-02-11,LOM,16250,4815,11435,8978,3591,3651,30,0,0,9156,7094,ITC,ITC4,3,Lombardia,Lombardia,10060574,592043,5.88,0.16
170,2021-01-14,LOM,26149,7639,18510,11457,9519,4706,459,8,0,26149,0,ITC,ITC4,3,Lombardia,Lombardia,10060574,618192,6.14,0.26
171,2021-01-23,LOM,1114,357,757,500,578,36,0,0,0,916,198,ITC,ITC4,3,Lombardia,Lombardia,10060574,619306,6.16,0.01
172,2021-01-04,PAB,469,191,278,397,72,0,0,0,0,469,0,ITH,ITH1,4,Provincia Autonoma Bolzano / Bozen,P.A. Bolzano,533050,469,0.09,0.09
173,2021-02-20,PAB,1502,471,1031,196,124,24,469,1,688,1484,18,ITH,ITH1,4,Provincia Autonoma Bolzano / Bozen,P.A. Bolzano,533050,1971,0.37,0.28
174,2021-01-07,PAB,892,317,575,613,227,0,52,0,0,892,0,ITH,ITH1,4,Provincia Autonoma Bolzano / Bozen,P.A. Bolzano,533050,2863,0.54,0.17
175,2021-02-01,PAB,1383,404,979,704,382,296,0,0,1,11,1372,ITH,ITH1,4,Provincia Autonoma Bolzano / Bozen,P.A. Bolzano,533050,4246,0.8,0.26
176,2021-02-06,PAB,2298,1025,1273,447,375,6,1470,0,0,18,2280,ITH,ITH1,4,Provincia Autonoma Bolzano / Bozen,P.A. Bolzano,533050,6544,1.23,0.43
177,2021-02-03,PAB,1445,457,988,615,441,321,68,0,0,5,1440,ITH,ITH1,4,Provincia Autonoma Bolzano / Bozen,P.A. Bolzano,533050,7989,1.5,0.27
178,2021-01-22,PAB,241,138,103,129,23,85,3,0,1,124,117,ITH,ITH1,4,Provincia Autonoma Bolzano / Bozen,P.A. Bolzano,533050,8230,1.54,0.05
179,2021-02-05,PAB,2788,1035,1753,640,677,394,1077,0,0,6,2782,ITH,ITH1,4,Provincia Autonoma Bolzano / Bozen,P.A. Bolzano,533050,11018,2.07,0.52
180,2021-01-19,PAB,810,349,461,170,65,0,575,0,0,680,130,ITH,ITH1,4,Provincia Autonoma Bolzano / Bozen,P.A. Bolzano,533050,11828,2.22,0.15
181,2021-02-16,PAB,528,205,323,10,7,0,511,0,0,528,0,ITH,ITH1,4,Provincia Autonoma Bolzano / Bozen,P.A. Bolzano,533050,12356,2.32,0.1
182,2021-01-06,PAB,59,18,41,59,0,0,0,0,0,59,0,ITH,ITH1,4,Provincia Autonoma Bolzano / Bozen,P.A. Bolzano,533050,12415,2.33,0.01
183,2021-01-11,PAB,1501,476,1025,532,645,174,150,0,0,1501,0,ITH,ITH1,4,Provincia Autonoma Bolzano / Bozen,P.A. Bolzano,533050,13916,2.61,0.28
184,2021-01-02,PAB,91,48,43,69,22,0,0,0,0,91,0,ITH,ITH1,4,Provincia Autonoma Bolzano / Bozen,P.A. Bolzano,533050,14007,2.63,0.02
185,2020-12-30,PAB,362,168,194,321,41,0,0,0,0,362,0,ITH,ITH1,4,Provincia Autonoma Bolzano / Bozen,P.A. Bolzano,533050,14369,2.7,0.07
186,2021-02-08,PAB,1,1,0,0,1,0,0,0,0,1,0,ITH,ITH1,4,Provincia Autonoma Bolzano / Bozen,P.A. Bolzano,533050,14370,2.7,0.0
187,2021-01-14,PAB,1807,539,1268,476,760,285,286,0,0,1807,0,ITH,ITH1,4,Provincia Autonoma Bolzano / Bozen,P.A. Bolzano,533050,16177,3.03,0.34
188,2021-01-15,PAB,3026,1119,1907,532,898,336,1260,0,0,3026,0,ITH,ITH1,4,Provincia Autonoma Bolzano / Bozen,P.A. Bolzano,533050,19203,3.6,0.57
189,2021-01-09,PAB,600,317,283,75,439,74,12,0,0,600,0,ITH,ITH1,4,Provincia Autonoma Bolzano / Bozen,P.A. Bolzano,533050,19803,3.72,0.11
190,2021-02-02,PAB,1730,499,1231,617,499,605,9,0,0,7,1723,ITH,ITH1,4,Provincia Autonoma Bolzano / Bozen,P.A. Bolzano,533050,21533,4.04,0.32
191,2021-01-13,PAB,1316,409,907,367,588,255,106,0,0,1316,0,ITH,ITH1,4,Provincia Autonoma Bolzano / Bozen,P.A. Bolzano,533050,22849,4.29,0.25
192,2021-01-18,PAB,1656,638,1018,369,299,7,981,0,0,1651,5,ITH,ITH1,4,Provincia Autonoma Bolzano / Bozen,P.A. Bolzano,533050,24505,4.6,0.31
193,2021-02-22,PAB,517,141,376,336,167,0,4,0,10,510,7,ITH,ITH1,4,Provincia Autonoma Bolzano / Bozen,P.A. Bolzano,533050,25022,4.69,0.1
194,2021-02-13,PAB,318,79,239,126,184,7,1,0,0,312,6,ITH,ITH1,4,Provincia Autonoma Bolzano / Bozen,P.A. Bolzano,533050,25340,4.75,0.06
195,2021-02-24,PAB,875,247,628,10,17,0,0,0,848,863,12,ITH,ITH1,4,Provincia Autonoma Bolzano / Bozen,P.A. Bolzano,533050,26215,4.92,0.16
196,2021-02-12,PAB,691,208,483,301,279,102,7,2,0,446,245,ITH,ITH1,4,Provincia Autonoma Bolzano / Bozen,P.A. Bolzano,533050,26906,5.05,0.13
197,2021-01-27,PAB,84,28,56,54,30,0,0,0,0,1,83,ITH,ITH1,4,Provincia Autonoma Bolzano / Bozen,P.A. Bolzano,533050,26990,5.06,0.02
198,2021-01-10,PAB,2,2,0,1,1,0,0,0,0,2,0,ITH,ITH1,4,Provincia Autonoma Bolzano / Bozen,P.A. Bolzano,533050,26992,5.06,0.0
199,2021-01-20,PAB,609,248,361,282,77,0,250,0,0,401,208,ITH,ITH1,4,Provincia Autonoma Bolzano / Bozen,P.A. Bolzano,533050,27601,5.18,0.11
200,2021-01-23,PAB,195,115,80,183,12,0,0,0,0,0,195,ITH,ITH1,4,Provincia Autonoma Bolzano / Bozen,P.A. Bolzano,533050,27796,5.21,0.04
201,2021-01-25,PAB,461,176,285,379,80,0,1,0,1,3,458,ITH,ITH1,4,Provincia Autonoma Bolzano / Bozen,P.A. Bolzano,533050,28257,5.3,0.09
202,2021-01-17,PAB,2269,1024,1245,54,236,19,1960,0,0,2257,12,ITH,ITH1,4,Provincia Autonoma Bolzano / Bozen,P.A. Bolzano,533050,30526,5.73,0.43
203,2021-02-04,PAB,1839,556,1283,623,598,404,214,0,0,8,1831,ITH,ITH1,4,Provincia Autonoma Bolzano / Bozen,P.A. Bolzano,533050,32365,6.07,0.34
204,2021-01-28,PAB,867,307,560,584,214,69,0,0,0,10,857,ITH,ITH1,4,Provincia Autonoma Bolzano / Bozen,P.A. Bolzano,533050,33232,6.23,0.16
205,2021-02-09,PAB,317,126,191,64,22,2,227,0,2,1,316,ITH,ITH1,4,Provincia Autonoma Bolzano / Bozen,P.A. Bolzano,533050,33549,6.29,0.06
206,2021-02-18,PAB,1639,400,1239,23,320,20,3,0,1273,1635,4,ITH,ITH1,4,Provincia Autonoma Bolzano / Bozen,P.A. Bolzano,533050,35188,6.6,0.31
207,2021-01-08,PAB,1487,469,1018,759,466,166,96,0,0,1487,0,ITH,ITH1,4,Provincia Autonoma Bolzano / Bozen,P.A. Bolzano,533050,36675,6.88,0.28
208,2020-12-31,PAB,867,497,370,439,428,0,0,0,0,867,0,ITH,ITH1,4,Provincia Autonoma Bolzano / Bozen,P.A. Bolzano,533050,37542,7.04,0.16
209,2021-02-19,PAB,1633,392,1241,121,263,73,7,0,1169,1622,11,ITH,ITH1,4,Provincia Autonoma Bolzano / Bozen,P.A. Bolzano,533050,39175,7.35,0.31
210,2021-01-26,PAB,809,291,518,670,139,0,0,0,0,1,808,ITH,ITH1,4,Provincia Autonoma Bolzano / Bozen,P.A. Bolzano,533050,39984,7.5,0.15
211,2021-01-03,PAB,40,15,25,32,7,0,1,0,0,40,0,ITH,ITH1,4,Provincia Autonoma Bolzano / Bozen,P.A. Bolzano,533050,40024,7.51,0.01
212,2021-01-16,PAB,2748,1229,1519,450,360,77,1861,0,0,2748,0,ITH,ITH1,4,Provincia Autonoma Bolzano / Bozen,P.A. Bolzano,533050,42772,8.02,0.52
213,2021-02-07,PAB,2162,973,1189,99,397,1,1665,0,0,10,2152,ITH,ITH1,4,Provincia Autonoma Bolzano / Bozen,P.A. Bolzano,533050,44934,8.43,0.41
214,2021-01-05,PAB,820,283,537,718,102,0,0,0,0,820,0,ITH,ITH1,4,Provincia Autonoma Bolzano / Bozen,P.A. Bolzano,533050,45754,8.58,0.15
215,2021-01-21,PAB,915,426,489,719,101,68,27,0,0,138,777,ITH,ITH1,4,Provincia Autonoma Bolzano / Bozen,P.A. Bolzano,533050,46669,8.76,0.17
216,2020-12-27,PAB,143,65,78,136,6,0,1,0,0,143,0,ITH,ITH1,4,Provincia Autonoma Bolzano / Bozen,P.A. Bolzano,533050,46812,8.78,0.03
217,2021-01-30,PAB,492,243,249,213,178,101,0,0,0,4,488,ITH,ITH1,4,Provincia Autonoma Bolzano / Bozen,P.A. Bolzano,533050,47304,8.87,0.09
218,2021-02-23,PAB,760,319,441,0,62,0,620,0,78,757,3,ITH,ITH1,4,Provincia Autonoma Bolzano / Bozen,P.A. Bolzano,533050,48064,9.02,0.14
219,2021-01-24,PAB,12,10,2,1,11,0,0,0,0,0,12,ITH,ITH1,4,Provincia Autonoma Bolzano / Bozen,P.A. Bolzano,533050,48076,9.02,0.0
220,2021-02-17,PAB,4,1,3,1,2,0,1,0,0,2,2,ITH,ITH1,4,Provincia Autonoma Bolzano / Bozen,P.A. Bolzano,533050,48080,9.02,0.0
221,2021-01-12,PAB,1527,398,1129,299,680,475,73,0,0,1527,0,ITH,ITH1,4,Provincia Autonoma Bolzano / Bozen,P.A. Bolzano,533050,49607,9.31,0.29
222,2021-02-15,PAB,72,42,30,17,10,40,5,0,0,26,46,ITH,ITH1,4,Provincia Autonoma Bolzano / Bozen,P.A. Bolzano,533050,49679,9.32,0.01
223,2021-01-29,PAB,1488,508,980,856,331,295,2,0,4,23,1465,ITH,ITH1,4,Provincia Autonoma Bolzano / Bozen,P.A. Bolzano,533050,51167,9.6,0.28
224,2021-02-11,PAB,1016,398,618,208,362,104,342,0,0,235,781,ITH,ITH1,4,Provincia Autonoma Bolzano / Bozen,P.A. Bolzano,533050,52183,9.79,0.19
225,2021-02-10,PAB,1622,600,1022,484,556,1,581,0,0,26,1596,ITH,ITH1,4,Provincia Autonoma Bolzano / Bozen,P.A. Bolzano,533050,53805,10.09,0.3
226,2021-01-01,PAB,1,1,0,1,0,0,0,0,0,1,0,ITH,ITH1,4,Provincia Autonoma Bolzano / Bozen,P.A. Bolzano,533050,53806,10.09,0.0
227,2021-01-30,CAL,2173,1147,1026,1974,199,0,0,0,0,358,1815,ITF,ITF6,18,Calabria,Calabria,1947131,2173,0.11,0.11
228,2021-01-12,CAL,2058,1017,1041,1706,323,29,0,0,0,2058,0,ITF,ITF6,18,Calabria,Calabria,1947131,4231,0.22,0.11
229,2021-02-11,CAL,2120,933,1187,1282,597,241,0,0,0,1014,1106,ITF,ITF6,18,Calabria,Calabria,1947131,6351,0.33,0.11
230,2020-12-27,CAL,275,150,125,274,1,0,0,0,0,275,0,ITF,ITF6,18,Calabria,Calabria,1947131,6626,0.34,0.01
231,2021-02-08,CAL,1641,650,991,1040,480,121,0,0,0,459,1182,ITF,ITF6,18,Calabria,Calabria,1947131,8267,0.42,0.08
232,2021-02-24,CAL,1067,544,523,336,215,74,438,1,3,829,238,ITF,ITF6,18,Calabria,Calabria,1947131,9334,0.48,0.05
233,2021-01-29,CAL,2047,984,1063,1751,247,49,0,0,0,234,1813,ITF,ITF6,18,Calabria,Calabria,1947131,11381,0.58,0.11
234,2021-01-22,CAL,656,274,382,298,248,110,0,0,0,654,2,ITF,ITF6,18,Calabria,Calabria,1947131,12037,0.62,0.03
235,2021-01-27,CAL,1457,734,723,1226,208,23,0,0,0,396,1061,ITF,ITF6,18,Calabria,Calabria,1947131,13494,0.69,0.07
236,2021-01-21,CAL,958,444,514,735,108,115,0,0,0,929,29,ITF,ITF6,18,Calabria,Calabria,1947131,14452,0.74,0.05
237,2021-02-09,CAL,2091,886,1205,1377,483,231,0,0,0,941,1150,ITF,ITF6,18,Calabria,Calabria,1947131,16543,0.85,0.11
238,2021-01-09,CAL,1916,1036,880,1529,387,0,0,0,0,1916,0,ITF,ITF6,18,Calabria,Calabria,1947131,18459,0.95,0.1
239,2021-02-05,CAL,3533,1596,1937,2191,810,532,0,0,0,456,3077,ITF,ITF6,18,Calabria,Calabria,1947131,21992,1.13,0.18
240,2021-01-17,CAL,867,418,449,527,292,48,0,0,0,801,66,ITF,ITF6,18,Calabria,Calabria,1947131,22859,1.17,0.04
241,2021-02-04,CAL,3108,1506,1602,2407,479,222,0,0,0,644,2464,ITF,ITF6,18,Calabria,Calabria,1947131,25967,1.33,0.16
242,2021-02-06,CAL,2908,1337,1571,2094,567,247,0,0,0,442,2466,ITF,ITF6,18,Calabria,Calabria,1947131,28875,1.48,0.15
243,2021-01-31,CAL,1107,554,553,764,285,58,0,0,0,155,952,ITF,ITF6,18,Calabria,Calabria,1947131,29982,1.54,0.06
244,2021-02-12,CAL,1711,669,1042,815,760,136,0,0,0,943,768,ITF,ITF6,18,Calabria,Calabria,1947131,31693,1.63,0.09
245,2021-02-13,CAL,1330,582,748,731,488,111,0,0,0,967,363,ITF,ITF6,18,Calabria,Calabria,1947131,33023,1.7,0.07
246,2021-02-18,CAL,1798,802,996,585,509,299,344,0,61,1575,223,ITF,ITF6,18,Calabria,Calabria,1947131,34821,1.79,0.09
247,2021-01-25,CAL,1064,512,552,1021,43,0,0,0,0,156,908,ITF,ITF6,18,Calabria,Calabria,1947131,35885,1.84,0.05
248,2021-02-19,CAL,1461,652,809,544,341,195,380,1,0,1200,261,ITF,ITF6,18,Calabria,Calabria,1947131,37346,1.92,0.08
249,2021-01-11,CAL,2154,1040,1114,1759,392,3,0,0,0,2154,0,ITF,ITF6,18,Calabria,Calabria,1947131,39500,2.03,0.11
250,2021-01-04,CAL,996,492,504,969,27,0,0,0,0,996,0,ITF,ITF6,18,Calabria,Calabria,1947131,40496,2.08,0.05
251,2021-01-14,CAL,2557,1214,1343,1962,592,3,0,0,0,2557,0,ITF,ITF6,18,Calabria,Calabria,1947131,43053,2.21,0.13
252,2021-02-02,CAL,2009,993,1016,1626,308,75,0,0,0,171,1838,ITF,ITF6,18,Calabria,Calabria,1947131,45062,2.31,0.1
253,2021-02-15,CAL,994,467,527,489,279,159,66,0,1,849,145,ITF,ITF6,18,Calabria,Calabria,1947131,46056,2.37,0.05
254,2021-02-03,CAL,2518,1313,1205,2054,361,103,0,0,0,577,1941,ITF,ITF6,18,Calabria,Calabria,1947131,48574,2.49,0.13
255,2021-01-13,CAL,2028,1022,1006,1800,194,34,0,0,0,2028,0,ITF,ITF6,18,Calabria,Calabria,1947131,50602,2.6,0.1
256,2021-02-07,CAL,858,427,431,565,212,81,0,0,0,146,712,ITF,ITF6,18,Calabria,Calabria,1947131,51460,2.64,0.04
257,2021-01-19,CAL,1108,488,620,852,180,76,0,0,0,1098,10,ITF,ITF6,18,Calabria,Calabria,1947131,52568,2.7,0.06
258,2021-01-23,CAL,400,186,214,325,52,23,0,0,0,358,42,ITF,ITF6,18,Calabria,Calabria,1947131,52968,2.72,0.02
259,2021-01-10,CAL,929,524,405,830,99,0,0,0,0,929,0,ITF,ITF6,18,Calabria,Calabria,1947131,53897,2.77,0.05
260,2021-02-10,CAL,2451,1067,1384,1469,625,357,0,0,0,827,1624,ITF,ITF6,18,Calabria,Calabria,1947131,56348,2.89,0.13
261,2021-01-06,CAL,926,500,426,822,104,0,0,0,0,926,0,ITF,ITF6,18,Calabria,Calabria,1947131,57274,2.94,0.05
262,2021-02-17,CAL,1681,672,1009,673,343,285,299,0,81,1471,210,ITF,ITF6,18,Calabria,Calabria,1947131,58955,3.03,0.09
263,2021-02-21,CAL,607,286,321,36,164,47,330,30,0,530,77,ITF,ITF6,18,Calabria,Calabria,1947131,59562,3.06,0.03
264,2021-02-16,CAL,1439,605,834,651,430,240,118,0,0,1160,279,ITF,ITF6,18,Calabria,Calabria,1947131,61001,3.13,0.07
265,2021-02-20,CAL,1358,735,623,438,411,55,433,19,2,1043,315,ITF,ITF6,18,Calabria,Calabria,1947131,62359,3.2,0.07
266,2021-02-01,CAL,2496,1192,1304,2044,409,43,0,0,0,248,2248,ITF,ITF6,18,Calabria,Calabria,1947131,64855,3.33,0.13
267,2021-01-07,CAL,2179,1061,1118,1882,297,0,0,0,0,2179,0,ITF,ITF6,18,Calabria,Calabria,1947131,67034,3.44,0.11
268,2021-02-23,CAL,1549,728,821,437,381,206,522,2,1,1434,115,ITF,ITF6,18,Calabria,Calabria,1947131,68583,3.52,0.08
269,2021-01-18,CAL,1230,550,680,982,237,11,0,0,0,1040,190,ITF,ITF6,18,Calabria,Calabria,1947131,69813,3.59,0.06
270,2021-01-28,CAL,2232,1107,1125,1920,312,0,0,0,0,84,2148,ITF,ITF6,18,Calabria,Calabria,1947131,72045,3.7,0.11
271,2021-01-03,CAL,6,3,3,4,2,0,0,0,0,6,0,ITF,ITF6,18,Calabria,Calabria,1947131,72051,3.7,0.0
272,2021-02-14,CAL,371,145,226,146,142,83,0,0,0,341,30,ITF,ITF6,18,Calabria,Calabria,1947131,72422,3.72,0.02
273,2021-01-08,CAL,2109,1014,1095,1898,211,0,0,0,0,2109,0,ITF,ITF6,18,Calabria,Calabria,1947131,74531,3.83,0.11
274,2021-01-26,CAL,1805,861,944,1571,164,70,0,0,0,285,1520,ITF,ITF6,18,Calabria,Calabria,1947131,76336,3.92,0.09
275,2021-01-05,CAL,1350,618,732,1256,94,0,0,0,0,1350,0,ITF,ITF6,18,Calabria,Calabria,1947131,77686,3.99,0.07
276,2021-01-16,CAL,2394,1120,1274,1664,489,241,0,0,0,2394,0,ITF,ITF6,18,Calabria,Calabria,1947131,80080,4.11,0.12
277,2021-01-02,CAL,165,94,71,165,0,0,0,0,0,165,0,ITF,ITF6,18,Calabria,Calabria,1947131,80245,4.12,0.01
278,2021-01-24,CAL,44,18,26,15,3,26,0,0,0,39,5,ITF,ITF6,18,Calabria,Calabria,1947131,80289,4.12,0.0
279,2020-12-28,CAL,6,2,4,6,0,0,0,0,0,6,0,ITF,ITF6,18,Calabria,Calabria,1947131,80295,4.12,0.0
280,2021-01-20,CAL,1395,622,773,864,352,179,0,0,0,1394,1,ITF,ITF6,18,Calabria,Calabria,1947131,81690,4.2,0.07
281,2021-02-22,CAL,1996,1013,983,727,543,166,552,3,5,1441,555,ITF,ITF6,18,Calabria,Calabria,1947131,83686,4.3,0.1
282,2021-01-15,CAL,2793,1258,1535,1690,691,412,0,0,0,2793,0,ITF,ITF6,18,Calabria,Calabria,1947131,86479,4.44,0.14
283,2021-02-23,MOL,524,202,322,135,380,8,0,0,1,359,165,ITF,ITF2,14,Molise,Molise,305617,524,0.17,0.17
284,2021-01-13,MOL,474,160,314,256,73,144,0,0,1,474,0,ITF,ITF2,14,Molise,Molise,305617,998,0.33,0.16
285,2021-02-02,MOL,486,155,331,295,63,128,0,0,0,163,323,ITF,ITF2,14,Molise,Molise,305617,1484,0.49,0.16
286,2020-12-27,MOL,50,20,30,29,4,17,0,0,0,50,0,ITF,ITF2,14,Molise,Molise,305617,1534,0.5,0.02
287,2021-02-09,MOL,359,170,189,161,88,110,0,0,0,197,162,ITF,ITF2,14,Molise,Molise,305617,1893,0.62,0.12
288,2021-01-10,MOL,270,72,198,82,19,169,0,0,0,270,0,ITF,ITF2,14,Molise,Molise,305617,2163,0.71,0.09
289,2021-01-31,MOL,268,70,198,85,18,164,0,0,1,6,262,ITF,ITF2,14,Molise,Molise,305617,2431,0.8,0.09
290,2021-01-08,MOL,429,141,288,244,65,120,0,0,0,429,0,ITF,ITF2,14,Molise,Molise,305617,2860,0.94,0.14
291,2021-02-21,MOL,573,227,346,1,572,0,0,0,0,571,2,ITF,ITF2,14,Molise,Molise,305617,3433,1.12,0.19
292,2021-02-18,MOL,319,74,245,296,23,0,0,0,0,306,13,ITF,ITF2,14,Molise,Molise,305617,3752,1.23,0.1
293,2021-01-26,MOL,450,184,266,444,5,0,0,0,1,8,442,ITF,ITF2,14,Molise,Molise,305617,4202,1.37,0.15
294,2021-02-19,MOL,169,93,76,95,70,1,0,0,3,167,2,ITF,ITF2,14,Molise,Molise,305617,4371,1.43,0.06
295,2021-01-28,MOL,613,217,396,430,28,154,0,0,1,17,596,ITF,ITF2,14,Molise,Molise,305617,4984,1.63,0.2
296,2021-01-22,MOL,126,35,91,21,32,73,0,0,0,126,0,ITF,ITF2,14,Molise,Molise,305617,5110,1.67,0.04
297,2021-02-05,MOL,593,269,324,460,70,63,0,0,0,55,538,ITF,ITF2,14,Molise,Molise,305617,5703,1.87,0.19
298,2021-02-22,MOL,265,129,136,56,147,62,0,0,0,250,15,ITF,ITF2,14,Molise,Molise,305617,5968,1.95,0.09
299,2021-01-17,MOL,78,38,40,78,0,0,0,0,0,48,30,ITF,ITF2,14,Molise,Molise,305617,6046,1.98,0.03
300,2021-02-01,MOL,562,201,361,301,149,111,0,0,1,14,548,ITF,ITF2,14,Molise,Molise,305617,6608,2.16,0.18
301,2021-02-08,MOL,334,141,193,206,43,85,0,0,0,216,118,ITF,ITF2,14,Molise,Molise,305617,6942,2.27,0.11
302,2021-01-29,MOL,421,136,285,227,82,109,0,0,3,6,415,ITF,ITF2,14,Molise,Molise,305617,7363,2.41,0.14
303,2021-01-12,MOL,336,114,222,132,75,129,0,0,0,336,0,ITF,ITF2,14,Molise,Molise,305617,7699,2.52,0.11
304,2021-02-07,MOL,66,32,34,49,1,16,0,0,0,19,47,ITF,ITF2,14,Molise,Molise,305617,7765,2.54,0.02
305,2021-02-16,MOL,156,70,86,148,8,0,0,0,0,150,6,ITF,ITF2,14,Molise,Molise,305617,7921,2.59,0.05
306,2021-02-17,MOL,72,32,40,47,19,6,0,0,0,57,15,ITF,ITF2,14,Molise,Molise,305617,7993,2.62,0.02
307,2021-02-24,MOL,291,125,166,84,170,37,0,0,0,157,134,ITF,ITF2,14,Molise,Molise,305617,8284,2.71,0.1
308,2021-01-09,MOL,450,152,298,221,51,178,0,0,0,450,0,ITF,ITF2,14,Molise,Molise,305617,8734,2.86,0.15
309,2021-01-30,MOL,460,158,302,189,92,179,0,0,0,12,448,ITF,ITF2,14,Molise,Molise,305617,9194,3.01,0.15
310,2021-01-14,MOL,646,239,407,418,113,115,0,0,0,646,0,ITF,ITF2,14,Molise,Molise,305617,9840,3.22,0.21
311,2021-01-16,MOL,420,166,254,270,23,127,0,0,0,420,0,ITF,ITF2,14,Molise,Molise,305617,10260,3.36,0.14
312,2021-01-06,MOL,689,260,429,456,62,171,0,0,0,689,0,ITF,ITF2,14,Molise,Molise,305617,10949,3.58,0.23
313,2021-01-04,MOL,314,131,183,301,13,0,0,0,0,314,0,ITF,ITF2,14,Molise,Molise,305617,11263,3.69,0.1
314,2021-01-05,MOL,449,180,269,441,8,0,0,0,0,449,0,ITF,ITF2,14,Molise,Molise,305617,11712,3.83,0.15
315,2021-02-06,MOL,428,178,250,275,22,130,0,0,1,28,400,ITF,ITF2,14,Molise,Molise,305617,12140,3.97,0.14
316,2021-02-03,MOL,731,249,482,391,159,180,0,0,1,338,393,ITF,ITF2,14,Molise,Molise,305617,12871,4.21,0.24
317,2021-01-15,MOL,538,242,296,398,59,81,0,0,0,538,0,ITF,ITF2,14,Molise,Molise,305617,13409,4.39,0.18
318,2021-01-19,MOL,173,63,110,90,59,22,0,0,2,162,11,ITF,ITF2,14,Molise,Molise,305617,13582,4.44,0.06
319,2021-01-20,MOL,18,8,10,14,4,0,0,0,0,18,0,ITF,ITF2,14,Molise,Molise,305617,13600,4.45,0.01
320,2021-01-25,MOL,319,130,189,317,0,0,0,0,2,3,316,ITF,ITF2,14,Molise,Molise,305617,13919,4.55,0.1
321,2021-02-12,MOL,329,149,180,223,32,72,0,0,2,207,122,ITF,ITF2,14,Molise,Molise,305617,14248,4.66,0.11
322,2021-01-07,MOL,598,209,389,414,39,145,0,0,0,598,0,ITF,ITF2,14,Molise,Molise,305617,14846,4.86,0.2
323,2021-01-11,MOL,557,194,363,196,250,111,0,0,0,557,0,ITF,ITF2,14,Molise,Molise,305617,15403,5.04,0.18
324,2021-02-11,MOL,293,133,160,225,19,45,0,3,1,257,36,ITF,ITF2,14,Molise,Molise,305617,15696,5.14,0.1
325,2021-02-04,MOL,757,295,462,501,114,141,0,0,1,76,681,ITF,ITF2,14,Molise,Molise,305617,16453,5.38,0.25
326,2021-01-18,MOL,114,48,66,97,17,0,0,0,0,114,0,ITF,ITF2,14,Molise,Molise,305617,16567,5.42,0.04
327,2021-02-10,MOL,150,78,72,91,6,53,0,0,0,130,20,ITF,ITF2,14,Molise,Molise,305617,16717,5.47,0.05
328,2021-02-15,MOL,144,70,74,117,12,15,0,0,0,141,3,ITF,ITF2,14,Molise,Molise,305617,16861,5.52,0.05
329,2021-02-20,MOL,1017,440,577,20,939,8,50,0,0,997,20,ITF,ITF2,14,Molise,Molise,305617,17878,5.85,0.33
330,2021-01-21,MOL,6,2,4,0,6,0,0,0,0,6,0,ITF,ITF2,14,Molise,Molise,305617,17884,5.85,0.0
331,2021-02-13,MOL,132,80,52,129,3,0,0,0,0,132,0,ITF,ITF2,14,Molise,Molise,305617,18016,5.89,0.04
332,2021-01-27,MOL,674,251,423,436,28,209,0,0,1,8,666,ITF,ITF2,14,Molise,Molise,305617,18690,6.12,0.22
333,2021-01-27,LAZ,5768,2170,3598,4797,385,457,129,0,0,651,5117,ITI,ITI4,12,Lazio,Lazio,5879082,5768,0.1,0.1
334,2021-02-10,LAZ,7770,3112,4658,2645,580,633,3912,0,0,4836,2934,ITI,ITI4,12,Lazio,Lazio,5879082,13538,0.23,0.13
335,2021-01-31,LAZ,4279,1783,2496,3572,339,244,124,0,0,296,3983,ITI,ITI4,12,Lazio,Lazio,5879082,17817,0.3,0.07
336,2021-02-13,LAZ,6270,2434,3836,2122,213,279,3656,0,0,6182,88,ITI,ITI4,12,Lazio,Lazio,5879082,24087,0.41,0.11
337,2021-01-26,LAZ,7602,2907,4695,6590,256,631,125,0,0,372,7230,ITI,ITI4,12,Lazio,Lazio,5879082,31689,0.54,0.13
338,2021-01-20,LAZ,4360,1648,2712,3251,398,425,286,0,0,2848,1512,ITI,ITI4,12,Lazio,Lazio,5879082,36049,0.61,0.07
339,2021-01-10,LAZ,4036,1700,2336,3421,363,252,0,0,0,4036,0,ITI,ITI4,12,Lazio,Lazio,5879082,40085,0.68,0.07
340,2021-01-24,LAZ,5467,2109,3358,4945,262,134,126,0,0,385,5082,ITI,ITI4,12,Lazio,Lazio,5879082,45552,0.77,0.09
341,2021-01-28,LAZ,7954,2998,4956,6810,496,514,134,0,0,459,7495,ITI,ITI4,12,Lazio,Lazio,5879082,53506,0.91,0.14
342,2021-01-30,LAZ,6649,2730,3919,5298,574,651,126,0,0,448,6201,ITI,ITI4,12,Lazio,Lazio,5879082,60155,1.02,0.11
343,2021-01-11,LAZ,5525,2103,3422,4553,403,569,0,0,0,5525,0,ITI,ITI4,12,Lazio,Lazio,5879082,65680,1.12,0.09
344,2021-01-13,LAZ,5559,2063,3496,4145,402,1009,3,0,0,5559,0,ITI,ITI4,12,Lazio,Lazio,5879082,71239,1.21,0.09
345,2021-02-22,LAZ,11370,4961,6409,1775,306,472,5205,1390,2222,10869,501,ITI,ITI4,12,Lazio,Lazio,5879082,82609,1.41,0.19
346,2021-01-17,LAZ,4443,1784,2659,3120,335,177,811,0,0,4337,106,ITI,ITI4,12,Lazio,Lazio,5879082,87052,1.48,0.08
347,2021-02-24,LAZ,10541,4578,5963,1615,802,307,4670,1131,2016,9597,944,ITI,ITI4,12,Lazio,Lazio,5879082,97593,1.66,0.18
348,2020-12-29,LAZ,418,150,268,418,0,0,0,0,0,418,0,ITI,ITI4,12,Lazio,Lazio,5879082,98011,1.67,0.01
349,2020-12-30,LAZ,1601,621,980,1575,0,26,0,0,0,1601,0,ITI,ITI4,12,Lazio,Lazio,5879082,99612,1.69,0.03
350,2021-02-07,LAZ,4667,1865,2802,3251,385,218,813,0,0,381,4286,ITI,ITI4,12,Lazio,Lazio,5879082,104279,1.77,0.08
351,2021-02-08,LAZ,9332,3867,5465,3787,873,918,3754,0,0,4485,4847,ITI,ITI4,12,Lazio,Lazio,5879082,113611,1.93,0.16
352,2021-01-09,LAZ,6288,2556,3732,5110,558,620,0,0,0,6288,0,ITI,ITI4,12,Lazio,Lazio,5879082,119899,2.04,0.11
353,2020-12-28,LAZ,516,228,288,515,1,0,0,0,0,516,0,ITI,ITI4,12,Lazio,Lazio,5879082,120415,2.05,0.01
354,2021-01-05,LAZ,7370,2802,4568,6690,102,577,0,1,0,7370,0,ITI,ITI4,12,Lazio,Lazio,5879082,127785,2.17,0.13
355,2021-02-04,LAZ,6043,2280,3763,4460,619,892,72,0,0,940,5103,ITI,ITI4,12,Lazio,Lazio,5879082,133828,2.28,0.1
356,2021-01-22,LAZ,3662,1442,2220,3379,90,70,123,0,0,148,3514,ITI,ITI4,12,Lazio,Lazio,5879082,137490,2.34,0.06
357,2021-02-18,LAZ,9661,4796,4865,2158,415,471,4951,1665,1,9163,498,ITI,ITI4,12,Lazio,Lazio,5879082,147151,2.5,0.16
358,2021-02-19,LAZ,9666,4879,4787,2167,387,408,5034,1636,34,9169,497,ITI,ITI4,12,Lazio,Lazio,5879082,156817,2.67,0.16
359,2021-02-14,LAZ,5534,2244,3290,1644,318,127,3445,0,0,5285,249,ITI,ITI4,12,Lazio,Lazio,5879082,162351,2.76,0.09
360,2021-01-02,LAZ,6703,2629,4074,6267,78,358,0,0,0,6703,0,ITI,ITI4,12,Lazio,Lazio,5879082,169054,2.88,0.11
361,2021-01-14,LAZ,5217,1960,3257,3872,450,811,84,0,0,5217,0,ITI,ITI4,12,Lazio,Lazio,5879082,174271,2.96,0.09
362,2021-01-04,LAZ,7477,2907,4570,7074,86,316,0,0,1,7477,0,ITI,ITI4,12,Lazio,Lazio,5879082,181748,3.09,0.13
363,2021-02-01,LAZ,5667,2172,3495,4782,319,559,7,0,0,351,5316,ITI,ITI4,12,Lazio,Lazio,5879082,187415,3.19,0.1
364,2021-01-07,LAZ,7719,2891,4828,6877,276,566,0,0,0,7719,0,ITI,ITI4,12,Lazio,Lazio,5879082,195134,3.32,0.13
365,2021-02-20,LAZ,8780,4076,4704,1939,460,297,4752,1310,22,8363,417,ITI,ITI4,12,Lazio,Lazio,5879082,203914,3.47,0.15
366,2021-01-19,LAZ,4360,1671,2689,2967,561,424,408,0,0,3907,453,ITI,ITI4,12,Lazio,Lazio,5879082,208274,3.54,0.07
367,2021-01-03,LAZ,5250,1972,3278,5125,60,65,0,0,0,5250,0,ITI,ITI4,12,Lazio,Lazio,5879082,213524,3.63,0.09
368,2021-02-03,LAZ,6286,2348,3938,4618,555,1078,35,0,0,899,5387,ITI,ITI4,12,Lazio,Lazio,5879082,219810,3.74,0.11
369,2021-02-05,LAZ,6908,2722,4186,5094,631,994,189,0,0,1130,5778,ITI,ITI4,12,Lazio,Lazio,5879082,226718,3.86,0.12
370,2021-02-06,LAZ,5068,2015,3053,3269,630,660,509,0,0,768,4300,ITI,ITI4,12,Lazio,Lazio,5879082,231786,3.94,0.09
371,2021-01-18,LAZ,5345,2069,3276,3411,756,725,453,0,0,4856,489,ITI,ITI4,12,Lazio,Lazio,5879082,237131,4.03,0.09
372,2021-01-29,LAZ,7416,2805,4611,6203,419,704,90,0,0,472,6944,ITI,ITI4,12,Lazio,Lazio,5879082,244547,4.16,0.13
373,2021-02-11,LAZ,6656,2787,3869,2196,333,500,3627,0,0,6458,198,ITI,ITI4,12,Lazio,Lazio,5879082,251203,4.27,0.11
374,2021-01-01,LAZ,3553,1381,2172,3483,2,68,0,0,0,3553,0,ITI,ITI4,12,Lazio,Lazio,5879082,254756,4.33,0.06
375,2021-01-12,LAZ,5391,1974,3417,4343,464,584,0,0,0,5391,0,ITI,ITI4,12,Lazio,Lazio,5879082,260147,4.42,0.09
376,2021-01-23,LAZ,6883,2682,4201,6063,278,417,125,0,0,255,6628,ITI,ITI4,12,Lazio,Lazio,5879082,267030,4.54,0.12
377,2021-01-16,LAZ,5339,2069,3270,3347,460,1062,470,0,0,5339,0,ITI,ITI4,12,Lazio,Lazio,5879082,272369,4.63,0.09
378,2021-02-15,LAZ,7708,3370,4338,2443,661,378,4218,8,0,7411,297,ITI,ITI4,12,Lazio,Lazio,5879082,280077,4.76,0.13
379,2021-01-21,LAZ,5223,2099,3124,4758,108,232,125,0,0,196,5027,ITI,ITI4,12,Lazio,Lazio,5879082,285300,4.85,0.09
380,2021-01-15,LAZ,6223,2465,3758,4476,604,988,155,0,0,6223,0,ITI,ITI4,12,Lazio,Lazio,5879082,291523,4.96,0.11
381,2021-02-02,LAZ,5772,2133,3639,4712,486,571,3,0,0,501,5271,ITI,ITI4,12,Lazio,Lazio,5879082,297295,5.06,0.1
382,2020-12-27,LAZ,139,66,73,139,0,0,0,0,0,139,0,ITI,ITI4,12,Lazio,Lazio,5879082,297434,5.06,0.0
383,2021-02-21,LAZ,6768,3089,3679,1241,362,51,4491,607,16,6487,281,ITI,ITI4,12,Lazio,Lazio,5879082,304202,5.17,0.12
384,2021-02-12,LAZ,6449,2635,3814,1991,423,261,3774,0,0,6372,77,ITI,ITI4,12,Lazio,Lazio,5879082,310651,5.28,0.11
385,2021-01-25,LAZ,7761,3041,4720,7006,270,363,122,0,0,421,7340,ITI,ITI4,12,Lazio,Lazio,5879082,318412,5.42,0.13
386,2021-02-17,LAZ,8805,4368,4437,2282,432,499,4247,1344,1,8277,528,ITI,ITI4,12,Lazio,Lazio,5879082,327217,5.57,0.15
387,2021-02-23,LAZ,10816,4649,6167,1894,595,308,5096,1013,1910,10194,622,ITI,ITI4,12,Lazio,Lazio,5879082,338033,5.75,0.18
388,2021-02-16,LAZ,8037,3860,4177,2055,577,260,4194,950,1,7780,257,ITI,ITI4,12,Lazio,Lazio,5879082,346070,5.89,0.14
389,2021-01-08,LAZ,7707,2887,4820,6517,392,798,0,0,0,7707,0,ITI,ITI4,12,Lazio,Lazio,5879082,353777,6.02,0.13
390,2021-01-06,LAZ,5096,1951,3145,4619,155,320,0,1,1,5096,0,ITI,ITI4,12,Lazio,Lazio,5879082,358873,6.1,0.09
391,2021-02-09,LAZ,8391,3483,4908,3258,581,548,4004,0,0,4570,3821,ITI,ITI4,12,Lazio,Lazio,5879082,367264,6.25,0.14
392,2020-12-31,LAZ,5218,2095,3123,4927,12,279,0,0,0,5218,0,ITI,ITI4,12,Lazio,Lazio,5879082,372482,6.34,0.09
393,2021-01-04,TOS,5063,1893,3170,4099,32,932,0,0,0,5063,0,ITI,ITI1,9,Toscana,Toscana,3729641,5063,0.14,0.14
394,2021-02-20,TOS,4640,1790,2850,3349,1038,203,17,15,18,4127,513,ITI,ITI1,9,Toscana,Toscana,3729641,9703,0.26,0.12
395,2021-01-19,TOS,1104,531,573,392,221,491,0,0,0,1104,0,ITI,ITI1,9,Toscana,Toscana,3729641,10807,0.29,0.03
396,2021-02-13,TOS,7782,2359,5423,3664,3768,163,0,186,1,7556,226,ITI,ITI1,9,Toscana,Toscana,3729641,18589,0.5,0.21
397,2021-02-01,TOS,5465,1942,3523,4441,407,617,0,0,0,521,4944,ITI,ITI1,9,Toscana,Toscana,3729641,24054,0.64,0.15
398,2021-02-06,TOS,4527,1550,2977,3725,575,227,0,0,0,1294,3233,ITI,ITI1,9,Toscana,Toscana,3729641,28581,0.77,0.12
399,2021-01-03,TOS,3336,1052,2284,2565,9,762,0,0,0,3336,0,ITI,ITI1,9,Toscana,Toscana,3729641,31917,0.86,0.09
400,2021-02-03,TOS,4220,1452,2768,3475,240,505,0,0,0,240,3980,ITI,ITI1,9,Toscana,Toscana,3729641,36137,0.97,0.11
401,2021-01-22,TOS,2861,1063,1798,2022,81,758,0,0,0,525,2336,ITI,ITI1,9,Toscana,Toscana,3729641,38998,1.05,0.08
402,2021-02-12,TOS,7603,2682,4921,3740,3272,189,0,402,0,7390,213,ITI,ITI1,9,Toscana,Toscana,3729641,46601,1.25,0.2
403,2021-01-24,TOS,3348,1072,2276,2601,37,709,1,0,0,200,3148,ITI,ITI1,9,Toscana,Toscana,3729641,49949,1.34,0.09
404,2021-01-14,TOS,3254,1179,2075,2459,475,320,0,0,0,3254,0,ITI,ITI1,9,Toscana,Toscana,3729641,53203,1.43,0.09
405,2021-01-23,TOS,3949,1354,2595,2936,172,841,0,0,0,640,3309,ITI,ITI1,9,Toscana,Toscana,3729641,57152,1.53,0.11
406,2021-02-15,TOS,8760,3369,5391,4531,2026,215,53,795,1140,7941,819,ITI,ITI1,9,Toscana,Toscana,3729641,65912,1.77,0.23
407,2021-01-17,TOS,2531,868,1663,2002,293,236,0,0,0,2018,513,ITI,ITI1,9,Toscana,Toscana,3729641,68443,1.84,0.07
408,2021-01-21,TOS,1589,686,903,579,220,790,0,0,0,867,722,ITI,ITI1,9,Toscana,Toscana,3729641,70032,1.88,0.04
409,2021-02-18,TOS,8760,3272,5488,2914,1510,196,203,796,3141,7903,857,ITI,ITI1,9,Toscana,Toscana,3729641,78792,2.11,0.23
410,2021-01-15,TOS,3878,1347,2531,2758,676,444,0,0,0,3878,0,ITI,ITI1,9,Toscana,Toscana,3729641,82670,2.22,0.1
411,2021-02-24,TOS,6144,2648,3496,53,1019,174,2414,718,1766,6010,134,ITI,ITI1,9,Toscana,Toscana,3729641,88814,2.38,0.16
412,2021-02-17,TOS,8131,3155,4976,3458,1172,238,193,584,2486,7392,739,ITI,ITI1,9,Toscana,Toscana,3729641,96945,2.6,0.22
413,2021-02-23,TOS,7634,3291,4343,1485,1569,172,474,1104,2830,7473,161,ITI,ITI1,9,Toscana,Toscana,3729641,104579,2.8,0.2
414,2021-01-13,TOS,4063,1398,2665,3308,350,405,0,0,0,4063,0,ITI,ITI1,9,Toscana,Toscana,3729641,108642,2.91,0.11
415,2021-02-16,TOS,9260,3337,5923,5078,982,178,7,691,2324,8550,710,ITI,ITI1,9,Toscana,Toscana,3729641,117902,3.16,0.25
416,2021-01-07,TOS,6018,1751,4267,5308,30,680,0,0,0,6018,0,ITI,ITI1,9,Toscana,Toscana,3729641,123920,3.32,0.16
417,2021-01-09,TOS,4483,1596,2887,3779,144,560,0,0,0,4483,0,ITI,ITI1,9,Toscana,Toscana,3729641,128403,3.44,0.12
418,2021-01-16,TOS,3271,1046,2225,2493,538,240,0,0,0,3271,0,ITI,ITI1,9,Toscana,Toscana,3729641,131674,3.53,0.09
419,2021-02-04,TOS,4245,1590,2655,3166,624,455,0,0,0,955,3290,ITI,ITI1,9,Toscana,Toscana,3729641,135919,3.64,0.11
420,2021-01-31,TOS,2964,1090,1874,2381,135,448,0,0,0,103,2861,ITI,ITI1,9,Toscana,Toscana,3729641,138883,3.72,0.08
421,2021-02-21,TOS,5100,2086,3014,3666,1216,195,1,13,9,4931,169,ITI,ITI1,9,Toscana,Toscana,3729641,143983,3.86,0.14
422,2021-01-10,TOS,3001,1104,1897,2432,138,431,0,0,0,3001,0,ITI,ITI1,9,Toscana,Toscana,3729641,146984,3.94,0.08
423,2021-01-20,TOS,1313,634,679,431,256,626,0,0,0,1076,237,ITI,ITI1,9,Toscana,Toscana,3729641,148297,3.98,0.04
424,2021-01-28,TOS,6275,1880,4395,5421,66,788,0,0,0,349,5926,ITI,ITI1,9,Toscana,Toscana,3729641,154572,4.14,0.17
425,2021-01-11,TOS,5092,1689,3403,4360,210,522,0,0,0,5092,0,ITI,ITI1,9,Toscana,Toscana,3729641,159664,4.28,0.14
426,2021-01-25,TOS,5122,1895,3227,4158,56,908,0,0,0,247,4875,ITI,ITI1,9,Toscana,Toscana,3729641,164786,4.42,0.14
427,2021-01-02,TOS,3497,1097,2400,2682,15,800,0,0,0,3497,0,ITI,ITI1,9,Toscana,Toscana,3729641,168283,4.51,0.09
428,2021-02-05,TOS,5746,2243,3503,4120,1184,442,0,0,0,1922,3824,ITI,ITI1,9,Toscana,Toscana,3729641,174029,4.67,0.15
429,2021-02-11,TOS,5370,2009,3361,2808,2218,323,0,10,11,5128,242,ITI,ITI1,9,Toscana,Toscana,3729641,179399,4.81,0.14
430,2021-02-02,TOS,3734,1471,2263,3020,287,421,0,6,0,188,3546,ITI,ITI1,9,Toscana,Toscana,3729641,183133,4.91,0.1
431,2021-01-18,TOS,1119,636,483,430,314,375,0,0,0,1021,98,ITI,ITI1,9,Toscana,Toscana,3729641,184252,4.94,0.03
432,2021-02-22,TOS,9774,4230,5544,3480,2280,275,22,1014,2703,9521,253,ITI,ITI1,9,Toscana,Toscana,3729641,194026,5.2,0.26
433,2021-01-27,TOS,4835,1572,3263,4019,74,742,0,0,0,207,4628,ITI,ITI1,9,Toscana,Toscana,3729641,198861,5.33,0.13
434,2021-02-10,TOS,4259,1279,2980,3533,241,484,0,1,0,3737,522,ITI,ITI1,9,Toscana,Toscana,3729641,203120,5.45,0.11
435,2021-01-06,TOS,4519,1459,3060,3984,10,525,0,0,0,4519,0,ITI,ITI1,9,Toscana,Toscana,3729641,207639,5.57,0.12
436,2021-01-12,TOS,3581,1398,2183,2944,283,354,0,0,0,3581,0,ITI,ITI1,9,Toscana,Toscana,3729641,211220,5.66,0.1
437,2021-02-07,TOS,2806,953,1853,2349,300,157,0,0,0,885,1921,ITI,ITI1,9,Toscana,Toscana,3729641,214026,5.74,0.08
438,2021-01-01,TOS,2368,786,1582,1716,2,650,0,0,0,2368,0,ITI,ITI1,9,Toscana,Toscana,3729641,216394,5.8,0.06
439,2021-01-05,TOS,5244,1755,3489,4354,11,879,0,0,0,5244,0,ITI,ITI1,9,Toscana,Toscana,3729641,221638,5.94,0.14
440,2021-01-08,TOS,5944,1641,4303,5360,39,545,0,0,0,5944,0,ITI,ITI1,9,Toscana,Toscana,3729641,227582,6.1,0.16
441,2021-02-08,TOS,4094,1358,2736,3372,345,377,0,0,0,3635,459,ITI,ITI1,9,Toscana,Toscana,3729641,231676,6.21,0.11
442,2021-01-30,TOS,4604,1621,2983,3762,209,633,0,0,0,187,4417,ITI,ITI1,9,Toscana,Toscana,3729641,236280,6.34,0.12
443,2021-01-29,TOS,6136,1698,4438,5375,139,622,0,0,0,302,5834,ITI,ITI1,9,Toscana,Toscana,3729641,242416,6.5,0.16
444,2021-02-19,TOS,8248,2927,5321,2963,1232,202,152,579,3120,7753,495,ITI,ITI1,9,Toscana,Toscana,3729641,250664,6.72,0.22
445,2020-12-27,TOS,620,267,353,460,147,13,0,0,0,620,0,ITI,ITI1,9,Toscana,Toscana,3729641,251284,6.74,0.02
446,2021-02-14,TOS,8993,2567,6426,3031,5615,81,0,261,5,8883,110,ITI,ITI1,9,Toscana,Toscana,3729641,260277,6.98,0.24
447,2021-02-09,TOS,4472,1461,3011,3580,388,504,0,0,0,3864,608,ITI,ITI1,9,Toscana,Toscana,3729641,264749,7.1,0.12
448,2020-12-30,TOS,327,104,223,34,10,283,0,0,0,327,0,ITI,ITI1,9,Toscana,Toscana,3729641,265076,7.11,0.01
449,2021-01-26,TOS,5392,1791,3601,4357,84,951,0,0,0,219,5173,ITI,ITI1,9,Toscana,Toscana,3729641,270468,7.25,0.14
450,2020-12-31,TOS,805,202,603,97,10,698,0,0,0,805,0,ITI,ITI1,9,Toscana,Toscana,3729641,271273,7.27,0.02
451,2021-01-17,EMR,2889,887,2002,1913,426,547,0,0,3,2643,246,ITH,ITH5,8,Emilia-Romagna,Emilia-Romagna,4459477,2889,0.06,0.06
452,2020-12-31,EMR,2205,776,1429,1675,203,327,0,0,0,2205,0,ITH,ITH5,8,Emilia-Romagna,Emilia-Romagna,4459477,5094,0.11,0.05
453,2021-02-07,EMR,4786,1534,3252,3653,676,444,10,0,3,1727,3059,ITH,ITH5,8,Emilia-Romagna,Emilia-Romagna,4459477,9880,0.22,0.11
454,2021-01-30,EMR,10035,3507,6528,7560,1706,769,0,0,0,143,9892,ITH,ITH5,8,Emilia-Romagna,Emilia-Romagna,4459477,19915,0.45,0.23
455,2021-01-11,EMR,9323,3266,6057,6545,1511,1267,0,0,0,9323,0,ITH,ITH5,8,Emilia-Romagna,Emilia-Romagna,4459477,29238,0.66,0.21
456,2021-01-25,EMR,6411,2127,4284,5224,509,678,0,0,0,220,6191,ITH,ITH5,8,Emilia-Romagna,Emilia-Romagna,4459477,35649,0.8,0.14
457,2021-01-21,EMR,2150,725,1425,1281,216,653,0,0,0,809,1341,ITH,ITH5,8,Emilia-Romagna,Emilia-Romagna,4459477,37799,0.85,0.05
458,2021-01-22,EMR,1828,477,1351,941,165,722,0,0,0,1089,739,ITH,ITH5,8,Emilia-Romagna,Emilia-Romagna,4459477,39627,0.89,0.04
459,2021-01-06,EMR,8256,2938,5318,6823,782,650,0,1,0,8256,0,ITH,ITH5,8,Emilia-Romagna,Emilia-Romagna,4459477,47883,1.07,0.19
460,2021-01-31,EMR,7692,2758,4934,6172,1259,261,0,0,0,242,7450,ITH,ITH5,8,Emilia-Romagna,Emilia-Romagna,4459477,55575,1.25,0.17
461,2021-01-26,EMR,8324,3000,5324,6595,697,1032,0,0,0,218,8106,ITH,ITH5,8,Emilia-Romagna,Emilia-Romagna,4459477,63899,1.43,0.19
462,2021-02-04,EMR,9899,3189,6710,6391,1717,1673,118,0,0,1239,8660,ITH,ITH5,8,Emilia-Romagna,Emilia-Romagna,4459477,73798,1.65,0.22
463,2021-02-02,EMR,9438,3035,6403,6224,1494,1629,90,0,1,504,8934,ITH,ITH5,8,Emilia-Romagna,Emilia-Romagna,4459477,83236,1.87,0.21
464,2021-01-10,EMR,7121,2660,4461,5553,1067,499,1,0,1,7121,0,ITH,ITH5,8,Emilia-Romagna,Emilia-Romagna,4459477,90357,2.03,0.16
465,2021-01-12,EMR,9313,3084,6229,6344,1338,1631,0,0,0,9313,0,ITH,ITH5,8,Emilia-Romagna,Emilia-Romagna,4459477,99670,2.24,0.21
466,2021-01-13,EMR,9063,2939,6124,5968,1349,1745,0,0,1,9063,0,ITH,ITH5,8,Emilia-Romagna,Emilia-Romagna,4459477,108733,2.44,0.2
467,2021-02-06,EMR,7511,2372,5139,5307,994,1171,39,0,0,2106,5405,ITH,ITH5,8,Emilia-Romagna,Emilia-Romagna,4459477,116244,2.61,0.17
468,2021-02-05,EMR,9282,2954,6328,6187,1319,1607,169,0,0,1614,7668,ITH,ITH5,8,Emilia-Romagna,Emilia-Romagna,4459477,125526,2.81,0.21
469,2021-01-24,EMR,2442,882,1560,2077,115,250,0,0,0,301,2141,ITH,ITH5,8,Emilia-Romagna,Emilia-Romagna,4459477,127968,2.87,0.05
470,2021-02-13,EMR,3600,1076,2524,2765,524,145,166,0,0,3003,597,ITH,ITH5,8,Emilia-Romagna,Emilia-Romagna,4459477,131568,2.95,0.08
471,2021-02-08,EMR,5176,1516,3660,2814,725,1478,158,0,1,2282,2894,ITH,ITH5,8,Emilia-Romagna,Emilia-Romagna,4459477,136744,3.07,0.12
472,2021-02-22,EMR,7440,3076,4364,385,273,129,6653,0,0,7177,263,ITH,ITH5,8,Emilia-Romagna,Emilia-Romagna,4459477,144184,3.23,0.17
473,2021-02-01,EMR,10287,3594,6693,7443,1585,1259,0,0,0,366,9921,ITH,ITH5,8,Emilia-Romagna,Emilia-Romagna,4459477,154471,3.46,0.23
474,2021-01-19,EMR,2039,502,1537,745,135,1159,0,0,0,2022,17,ITH,ITH5,8,Emilia-Romagna,Emilia-Romagna,4459477,156510,3.51,0.05
475,2021-01-18,EMR,3125,879,2246,1679,318,1128,0,0,0,2448,677,ITH,ITH5,8,Emilia-Romagna,Emilia-Romagna,4459477,159635,3.58,0.07
476,2021-01-04,EMR,7254,2509,4745,6160,517,577,0,0,0,7254,0,ITH,ITH5,8,Emilia-Romagna,Emilia-Romagna,4459477,166889,3.74,0.16
477,2021-02-03,EMR,9265,2969,6296,6154,1409,1617,85,0,0,949,8316,ITH,ITH5,8,Emilia-Romagna,Emilia-Romagna,4459477,176154,3.95,0.21
478,2021-01-03,EMR,2730,934,1796,2480,80,170,0,0,0,2730,0,ITH,ITH5,8,Emilia-Romagna,Emilia-Romagna,4459477,178884,4.01,0.06
479,2021-01-16,EMR,5591,1716,3875,3686,793,1108,0,3,1,5591,0,ITH,ITH5,8,Emilia-Romagna,Emilia-Romagna,4459477,184475,4.14,0.13
480,2021-01-15,EMR,7700,2392,5308,5288,1093,1318,0,0,1,7700,0,ITH,ITH5,8,Emilia-Romagna,Emilia-Romagna,4459477,192175,4.31,0.17
481,2021-01-29,EMR,10324,3477,6847,8074,1232,1018,0,0,0,289,10035,ITH,ITH5,8,Emilia-Romagna,Emilia-Romagna,4459477,202499,4.54,0.23
482,2021-02-12,EMR,5292,1671,3621,3383,921,702,286,0,0,3894,1398,ITH,ITH5,8,Emilia-Romagna,Emilia-Romagna,4459477,207791,4.66,0.12
483,2021-02-17,EMR,6522,2757,3765,799,1298,404,4021,0,0,5748,774,ITH,ITH5,8,Emilia-Romagna,Emilia-Romagna,4459477,214313,4.81,0.15
484,2021-02-16,EMR,5695,2417,3278,738,999,424,3534,0,0,5167,528,ITH,ITH5,8,Emilia-Romagna,Emilia-Romagna,4459477,220008,4.93,0.13
485,2021-02-18,EMR,7026,2885,4141,888,539,236,5363,0,0,6445,581,ITH,ITH5,8,Emilia-Romagna,Emilia-Romagna,4459477,227034,5.09,0.16
486,2021-01-09,EMR,9872,3425,6447,7685,1307,880,0,0,0,9872,0,ITH,ITH5,8,Emilia-Romagna,Emilia-Romagna,4459477,236906,5.31,0.22
487,2021-01-08,EMR,10802,3554,7248,8390,1334,1076,0,2,0,10802,0,ITH,ITH5,8,Emilia-Romagna,Emilia-Romagna,4459477,247708,5.55,0.24
488,2021-02-24,EMR,6048,2340,3708,371,309,132,5236,0,0,5634,414,ITH,ITH5,8,Emilia-Romagna,Emilia-Romagna,4459477,253756,5.69,0.14
489,2021-02-19,EMR,7287,3000,4287,814,392,256,5823,0,2,6784,503,ITH,ITH5,8,Emilia-Romagna,Emilia-Romagna,4459477,261043,5.85,0.16
490,2021-02-09,EMR,4139,1241,2898,2214,488,1198,239,0,0,2293,1846,ITH,ITH5,8,Emilia-Romagna,Emilia-Romagna,4459477,265182,5.95,0.09
491,2021-02-14,EMR,1397,377,1020,852,486,39,19,1,0,1277,120,ITH,ITH5,8,Emilia-Romagna,Emilia-Romagna,4459477,266579,5.98,0.03
492,2021-02-21,EMR,4393,1693,2700,391,286,188,3527,0,1,3959,434,ITH,ITH5,8,Emilia-Romagna,Emilia-Romagna,4459477,270972,6.08,0.1
493,2020-12-27,EMR,968,372,596,824,118,26,0,0,0,968,0,ITH,ITH5,8,Emilia-Romagna,Emilia-Romagna,4459477,271940,6.1,0.02
494,2021-01-05,EMR,9324,3163,6161,7874,686,764,0,0,0,9324,0,ITH,ITH5,8,Emilia-Romagna,Emilia-Romagna,4459477,281264,6.31,0.21
495,2021-01-02,EMR,2347,903,1444,2071,79,197,0,0,0,2347,0,ITH,ITH5,8,Emilia-Romagna,Emilia-Romagna,4459477,283611,6.36,0.05
496,2021-01-20,EMR,1321,269,1052,391,143,787,0,0,0,1320,1,ITH,ITH5,8,Emilia-Romagna,Emilia-Romagna,4459477,284932,6.39,0.03
497,2021-01-07,EMR,10204,3381,6823,8174,962,1068,0,0,0,10204,0,ITH,ITH5,8,Emilia-Romagna,Emilia-Romagna,4459477,295136,6.62,0.23
498,2021-02-23,EMR,8143,3201,4942,407,310,107,7318,0,1,7780,363,ITH,ITH5,8,Emilia-Romagna,Emilia-Romagna,4459477,303279,6.8,0.18
499,2021-01-28,EMR,10219,3333,6886,8065,1031,1123,0,0,0,351,9868,ITH,ITH5,8,Emilia-Romagna,Emilia-Romagna,4459477,313498,7.03,0.23
500,2021-01-23,EMR,2443,868,1575,1899,114,430,0,0,0,441,2002,ITH,ITH5,8,Emilia-Romagna,Emilia-Romagna,4459477,315941,7.08,0.05
501,2021-01-14,EMR,8085,2572,5513,5390,1087,1606,0,2,0,8085,0,ITH,ITH5,8,Emilia-Romagna,Emilia-Romagna,4459477,324026,7.27,0.18
502,2021-02-11,EMR,4241,1412,2829,2468,738,719,314,0,2,3402,839,ITH,ITH5,8,Emilia-Romagna,Emilia-Romagna,4459477,328267,7.36,0.1
503,2021-02-10,EMR,3923,1350,2573,2305,589,775,254,0,0,2726,1197,ITH,ITH5,8,Emilia-Romagna,Emilia-Romagna,4459477,332190,7.45,0.09
504,2021-01-27,EMR,8315,2933,5382,6860,800,654,0,1,0,463,7852,ITH,ITH5,8,Emilia-Romagna,Emilia-Romagna,4459477,340505,7.64,0.19
505,2021-02-20,EMR,5294,2096,3198,404,243,155,4492,0,0,5030,264,ITH,ITH5,8,Emilia-Romagna,Emilia-Romagna,4459477,345799,7.75,0.12
506,2021-02-15,EMR,2890,845,2045,1980,464,157,289,0,0,2765,125,ITH,ITH5,8,Emilia-Romagna,Emilia-Romagna,4459477,348689,7.82,0.06
507,2021-01-24,PUG,1667,748,919,1286,231,150,0,0,0,151,1516,ITF,ITF4,16,Puglia,Puglia,4029053,1667,0.04,0.04
508,2021-01-30,PUG,5518,2511,3007,4746,344,419,3,0,6,408,5110,ITF,ITF4,16,Puglia,Puglia,4029053,7185,0.18,0.14
509,2021-01-14,PUG,4054,1581,2473,3159,396,497,0,0,2,4054,0,ITF,ITF4,16,Puglia,Puglia,4029053,11239,0.28,0.1
510,2021-01-13,PUG,4527,1724,2803,3961,334,230,0,0,2,4527,0,ITF,ITF4,16,Puglia,Puglia,4029053,15766,0.39,0.11
511,2021-02-23,PUG,7684,3584,4100,1722,434,156,4120,304,948,7242,442,ITF,ITF4,16,Puglia,Puglia,4029053,23450,0.58,0.19
512,2021-02-24,PUG,3967,1960,2007,1079,357,71,2068,314,78,3687,280,ITF,ITF4,16,Puglia,Puglia,4029053,27417,0.68,0.1
513,2021-01-29,PUG,6184,2655,3529,5458,435,288,0,0,3,436,5748,ITF,ITF4,16,Puglia,Puglia,4029053,33601,0.83,0.15
514,2021-02-12,PUG,4050,1612,2438,2892,452,690,1,10,5,2961,1089,ITF,ITF4,16,Puglia,Puglia,4029053,37651,0.93,0.1
515,2021-01-27,PUG,4573,1927,2646,3914,261,396,0,0,2,610,3963,ITF,ITF4,16,Puglia,Puglia,4029053,42224,1.05,0.11
516,2021-02-13,PUG,3768,1478,2290,2891,516,331,4,18,8,3009,759,ITF,ITF4,16,Puglia,Puglia,4029053,45992,1.14,0.09
517,2021-02-15,PUG,3119,1212,1907,2187,477,452,0,0,3,2501,618,ITF,ITF4,16,Puglia,Puglia,4029053,49111,1.22,0.08
518,2021-01-21,PUG,2129,904,1225,1430,173,526,0,0,0,1270,859,ITF,ITF4,16,Puglia,Puglia,4029053,51240,1.27,0.05
519,2021-01-22,PUG,1408,578,830,876,157,373,1,0,1,991,417,ITF,ITF4,16,Puglia,Puglia,4029053,52648,1.31,0.03
520,2021-02-10,PUG,3624,1428,2196,2504,251,868,0,0,1,2114,1510,ITF,ITF4,16,Puglia,Puglia,4029053,56272,1.4,0.09
521,2021-01-09,PUG,4865,2245,2620,4311,303,246,4,0,1,4865,0,ITF,ITF4,16,Puglia,Puglia,4029053,61137,1.52,0.12
522,2021-01-04,PUG,4503,2012,2491,4367,120,11,0,0,5,4503,0,ITF,ITF4,16,Puglia,Puglia,4029053,65640,1.63,0.11
523,2021-01-19,PUG,1222,452,770,527,117,578,0,0,0,1212,10,ITF,ITF4,16,Puglia,Puglia,4029053,66862,1.66,0.03
524,2021-01-28,PUG,5463,2270,3193,4758,376,327,0,0,2,474,4989,ITF,ITF4,16,Puglia,Puglia,4029053,72325,1.8,0.14
525,2021-02-03,PUG,5022,1997,3025,4358,477,184,0,0,3,726,4296,ITF,ITF4,16,Puglia,Puglia,4029053,77347,1.92,0.12
526,2021-01-23,PUG,3035,1291,1744,2521,206,307,0,0,1,884,2151,ITF,ITF4,16,Puglia,Puglia,4029053,80382,2.0,0.08
527,2020-12-31,PUG,1635,783,852,1550,38,44,0,0,3,1635,0,ITF,ITF4,16,Puglia,Puglia,4029053,82017,2.04,0.04
528,2021-01-18,PUG,1844,770,1074,1181,216,446,0,0,1,1495,349,ITF,ITF4,16,Puglia,Puglia,4029053,83861,2.08,0.05
529,2021-01-06,PUG,3943,1664,2279,3221,349,373,0,0,0,3943,0,ITF,ITF4,16,Puglia,Puglia,4029053,87804,2.18,0.1
530,2021-01-08,PUG,5571,2335,3236,4841,402,325,0,0,3,5571,0,ITF,ITF4,16,Puglia,Puglia,4029053,93375,2.32,0.14
531,2021-02-09,PUG,3792,1550,2242,2512,660,615,0,0,5,2120,1672,ITF,ITF4,16,Puglia,Puglia,4029053,97167,2.41,0.09
532,2021-01-31,PUG,1806,826,980,1500,104,198,2,0,2,74,1732,ITF,ITF4,16,Puglia,Puglia,4029053,98973,2.46,0.04
533,2021-01-20,PUG,1551,544,1007,785,165,601,0,0,0,1543,8,ITF,ITF4,16,Puglia,Puglia,4029053,100524,2.49,0.04
534,2021-01-02,PUG,2944,1296,1648,2825,92,23,0,0,4,2944,0,ITF,ITF4,16,Puglia,Puglia,4029053,103468,2.57,0.07
535,2021-01-11,PUG,3743,1582,2161,3206,357,175,0,3,2,3743,0,ITF,ITF4,16,Puglia,Puglia,4029053,107211,2.66,0.09
536,2021-02-21,PUG,1851,436,1415,525,83,48,0,12,1183,1791,60,ITF,ITF4,16,Puglia,Puglia,4029053,109062,2.71,0.05
537,2021-01-16,PUG,2501,1032,1469,1680,305,515,0,0,1,2501,0,ITF,ITF4,16,Puglia,Puglia,4029053,111563,2.77,0.06
538,2021-02-02,PUG,4278,1808,2470,3577,381,317,0,0,3,583,3695,ITF,ITF4,16,Puglia,Puglia,4029053,115841,2.88,0.11
539,2021-01-15,PUG,4546,1860,2686,3594,387,558,0,3,4,4546,0,ITF,ITF4,16,Puglia,Puglia,4029053,120387,2.99,0.11
540,2020-12-27,PUG,506,249,257,401,42,63,0,0,0,506,0,ITF,ITF4,16,Puglia,Puglia,4029053,120893,3.0,0.01
541,2021-02-17,PUG,4248,1737,2511,2443,1206,597,1,0,1,3651,597,ITF,ITF4,16,Puglia,Puglia,4029053,125141,3.11,0.11
542,2021-02-16,PUG,3362,1443,1919,2121,808,412,3,16,2,2717,645,ITF,ITF4,16,Puglia,Puglia,4029053,128503,3.19,0.08
543,2021-01-25,PUG,3818,1675,2143,3470,179,168,0,0,1,421,3397,ITF,ITF4,16,Puglia,Puglia,4029053,132321,3.28,0.09
544,2021-02-11,PUG,3664,1389,2275,2548,388,725,0,0,3,2393,1271,ITF,ITF4,16,Puglia,Puglia,4029053,135985,3.38,0.09
545,2021-01-01,PUG,146,60,86,145,1,0,0,0,0,146,0,ITF,ITF4,16,Puglia,Puglia,4029053,136131,3.38,0.0
546,2021-01-12,PUG,4199,1762,2437,3625,350,218,1,0,5,4199,0,ITF,ITF4,16,Puglia,Puglia,4029053,140330,3.48,0.1
547,2021-02-20,PUG,2796,1040,1756,2069,231,160,3,4,329,2541,255,ITF,ITF4,16,Puglia,Puglia,4029053,143126,3.55,0.07
548,2021-01-07,PUG,5707,2448,3259,5210,276,217,0,1,3,5707,0,ITF,ITF4,16,Puglia,Puglia,4029053,148833,3.69,0.14
549,2021-02-01,PUG,3956,1656,2300,3437,300,209,0,4,6,376,3580,ITF,ITF4,16,Puglia,Puglia,4029053,152789,3.79,0.1
550,2021-02-08,PUG,3919,1578,2341,2915,589,389,0,25,1,1532,2387,ITF,ITF4,16,Puglia,Puglia,4029053,156708,3.89,0.1
551,2021-02-22,PUG,8638,4034,4604,1393,707,140,5923,169,306,8312,326,ITF,ITF4,16,Puglia,Puglia,4029053,165346,4.1,0.21
552,2021-02-05,PUG,5611,2263,3348,4556,520,526,0,3,6,1315,4296,ITF,ITF4,16,Puglia,Puglia,4029053,170957,4.24,0.14
553,2021-02-06,PUG,4394,1882,2512,3429,485,478,0,0,2,1559,2835,ITF,ITF4,16,Puglia,Puglia,4029053,175351,4.35,0.11
554,2021-01-17,PUG,1295,586,709,819,147,329,0,0,0,1226,69,ITF,ITF4,16,Puglia,Puglia,4029053,176646,4.38,0.03
555,2021-02-04,PUG,5810,2337,3473,4386,810,607,0,0,7,1155,4655,ITF,ITF4,16,Puglia,Puglia,4029053,182456,4.53,0.14
556,2021-02-18,PUG,3994,1705,2289,2381,930,679,2,0,2,3391,603,ITF,ITF4,16,Puglia,Puglia,4029053,186450,4.63,0.1
557,2021-02-19,PUG,4630,1939,2691,3000,1230,385,2,6,7,4237,393,ITF,ITF4,16,Puglia,Puglia,4029053,191080,4.74,0.11
558,2021-01-03,PUG,2004,942,1062,1814,44,145,0,0,1,2004,0,ITF,ITF4,16,Puglia,Puglia,4029053,193084,4.79,0.05
559,2021-02-14,PUG,754,337,417,659,32,62,0,0,1,632,122,ITF,ITF4,16,Puglia,Puglia,4029053,193838,4.81,0.02
560,2021-02-07,PUG,1323,596,727,945,217,161,0,0,0,244,1079,ITF,ITF4,16,Puglia,Puglia,4029053,195161,4.84,0.03
561,2021-01-05,PUG,5096,2244,2852,4738,250,98,5,0,5,5096,0,ITF,ITF4,16,Puglia,Puglia,4029053,200257,4.97,0.13
562,2021-01-26,PUG,5359,2397,2962,4846,281,232,0,0,0,574,4785,ITF,ITF4,16,Puglia,Puglia,4029053,205616,5.1,0.13
563,2021-01-10,PUG,2345,1059,1286,2035,109,201,0,0,0,2345,0,ITF,ITF4,16,Puglia,Puglia,4029053,207961,5.16,0.06
564,2020-12-30,PUG,1,0,1,1,0,0,0,0,0,1,0,ITF,ITF4,16,Puglia,Puglia,4029053,207962,5.16,0.0
565,2021-02-17,SIC,5425,3289,2136,1527,1126,880,8,1882,2,4753,672,ITG,ITG1,19,Sicilia,Sicilia,4999891,5425,0.11,0.11
566,2021-01-31,SIC,4110,1958,2152,2600,1216,294,0,0,0,113,3997,ITG,ITG1,19,Sicilia,Sicilia,4999891,9535,0.19,0.08
567,2021-02-10,SIC,4426,1816,2610,1975,1711,740,0,0,0,4001,425,ITG,ITG1,19,Sicilia,Sicilia,4999891,13961,0.28,0.09
568,2021-01-10,SIC,3618,1615,2003,2126,1028,464,0,0,0,3618,0,ITG,ITG1,19,Sicilia,Sicilia,4999891,17579,0.35,0.07
569,2021-01-28,SIC,9327,4399,4928,7463,1569,295,0,0,0,414,8913,ITG,ITG1,19,Sicilia,Sicilia,4999891,26906,0.54,0.19
570,2021-01-02,SIC,4872,2533,2339,4311,561,0,0,0,0,4872,0,ITG,ITG1,19,Sicilia,Sicilia,4999891,31778,0.64,0.1
571,2021-02-14,SIC,1057,402,655,433,388,236,0,0,0,917,140,ITG,ITG1,19,Sicilia,Sicilia,4999891,32835,0.66,0.02
572,2020-12-28,SIC,207,124,83,205,2,0,0,0,0,207,0,ITG,ITG1,19,Sicilia,Sicilia,4999891,33042,0.66,0.0
573,2021-01-11,SIC,5903,2590,3313,3923,1598,382,0,0,0,5903,0,ITG,ITG1,19,Sicilia,Sicilia,4999891,38945,0.78,0.12
574,2021-02-02,SIC,5537,2621,2916,3152,1956,429,0,0,0,633,4904,ITG,ITG1,19,Sicilia,Sicilia,4999891,44482,0.89,0.11
575,2021-01-15,SIC,5078,2233,2845,2824,1775,479,0,0,0,5078,0,ITG,ITG1,19,Sicilia,Sicilia,4999891,49560,0.99,0.1
576,2021-02-04,SIC,6874,3157,3717,4414,1920,540,0,0,0,1458,5416,ITG,ITG1,19,Sicilia,Sicilia,4999891,56434,1.13,0.14
577,2021-01-16,SIC,2776,1195,1581,1329,1149,298,0,0,0,2776,0,ITG,ITG1,19,Sicilia,Sicilia,4999891,59210,1.18,0.06
578,2021-02-11,SIC,5329,2102,3227,2457,1984,888,0,0,0,4865,464,ITG,ITG1,19,Sicilia,Sicilia,4999891,64539,1.29,0.11
579,2021-01-23,SIC,4149,2147,2002,3912,221,16,0,0,0,225,3924,ITG,ITG1,19,Sicilia,Sicilia,4999891,68688,1.37,0.08
580,2021-02-15,SIC,3944,1859,2085,1695,1343,563,10,307,26,3380,564,ITG,ITG1,19,Sicilia,Sicilia,4999891,72632,1.45,0.08
581,2021-02-19,SIC,5133,2736,2397,1482,1349,599,74,1390,239,4565,568,ITG,ITG1,19,Sicilia,Sicilia,4999891,77765,1.56,0.1
582,2021-02-18,SIC,5483,3164,2319,1635,1235,813,9,1695,96,5052,431,ITG,ITG1,19,Sicilia,Sicilia,4999891,83248,1.66,0.11
583,2021-01-18,SIC,1548,646,902,721,619,208,0,0,0,1432,116,ITG,ITG1,19,Sicilia,Sicilia,4999891,84796,1.7,0.03
584,2021-02-21,SIC,5171,2503,2668,376,650,173,3681,138,153,5066,105,ITG,ITG1,19,Sicilia,Sicilia,4999891,89967,1.8,0.1
585,2021-02-24,SIC,7312,3729,3583,976,864,308,3606,1116,442,6806,506,ITG,ITG1,19,Sicilia,Sicilia,4999891,97279,1.95,0.15
586,2021-02-13,SIC,3105,1167,1938,1295,1241,569,0,0,0,2848,257,ITG,ITG1,19,Sicilia,Sicilia,4999891,100384,2.01,0.06
587,2021-02-12,SIC,4740,1850,2890,2296,1801,643,0,0,0,4409,331,ITG,ITG1,19,Sicilia,Sicilia,4999891,105124,2.1,0.09
588,2021-01-27,SIC,7529,3834,3695,6327,1050,152,0,0,0,189,7340,ITG,ITG1,19,Sicilia,Sicilia,4999891,112653,2.25,0.15
589,2021-01-25,SIC,7510,3695,3815,6632,808,70,0,0,0,322,7188,ITG,ITG1,19,Sicilia,Sicilia,4999891,120163,2.4,0.15
590,2021-02-08,SIC,4085,1758,2327,2345,1343,397,0,0,0,2127,1958,ITG,ITG1,19,Sicilia,Sicilia,4999891,124248,2.49,0.08
591,2021-01-07,SIC,9173,4239,4934,7694,1269,210,0,0,0,9173,0,ITG,ITG1,19,Sicilia,Sicilia,4999891,133421,2.67,0.18
592,2021-02-16,SIC,4406,2296,2110,1462,1287,775,25,856,1,3939,467,ITG,ITG1,19,Sicilia,Sicilia,4999891,137827,2.76,0.09
593,2021-01-09,SIC,7325,3424,3901,5034,1835,456,0,0,0,7325,0,ITG,ITG1,19,Sicilia,Sicilia,4999891,145152,2.9,0.15
594,2021-01-30,SIC,7836,3569,4267,5449,1912,475,0,0,0,174,7662,ITG,ITG1,19,Sicilia,Sicilia,4999891,152988,3.06,0.16
595,2021-01-14,SIC,5250,2514,2736,3046,1945,259,0,0,0,5250,0,ITG,ITG1,19,Sicilia,Sicilia,4999891,158238,3.16,0.11
596,2021-01-24,SIC,4335,2262,2073,3990,342,3,0,0,0,148,4187,ITG,ITG1,19,Sicilia,Sicilia,4999891,162573,3.25,0.09
597,2021-01-13,SIC,5204,2462,2742,3033,1730,441,0,0,0,5204,0,ITG,ITG1,19,Sicilia,Sicilia,4999891,167777,3.36,0.1
598,2021-02-23,SIC,8939,4681,4258,1265,1233,502,3995,1365,579,8451,488,ITG,ITG1,19,Sicilia,Sicilia,4999891,176716,3.53,0.18
599,2021-01-04,SIC,8373,4172,4201,7595,772,6,0,0,0,8373,0,ITG,ITG1,19,Sicilia,Sicilia,4999891,185089,3.7,0.17
600,2021-02-01,SIC,6077,2684,3393,4168,1591,318,0,0,0,304,5773,ITG,ITG1,19,Sicilia,Sicilia,4999891,191166,3.82,0.12
601,2021-02-06,SIC,5013,2189,2824,2519,1924,570,0,0,0,1461,3552,ITG,ITG1,19,Sicilia,Sicilia,4999891,196179,3.92,0.1
602,2021-01-03,SIC,4693,2454,2239,4361,332,0,0,0,0,4693,0,ITG,ITG1,19,Sicilia,Sicilia,4999891,200872,4.02,0.09
603,2021-02-03,SIC,6099,2855,3244,3355,2120,624,0,0,0,756,5343,ITG,ITG1,19,Sicilia,Sicilia,4999891,206971,4.14,0.12
604,2021-01-26,SIC,9485,4667,4818,8357,874,254,0,0,0,236,9249,ITG,ITG1,19,Sicilia,Sicilia,4999891,216456,4.33,0.19
605,2021-01-19,SIC,1271,521,750,521,512,238,0,0,0,1093,178,ITG,ITG1,19,Sicilia,Sicilia,4999891,217727,4.35,0.03
606,2021-02-07,SIC,2345,995,1350,1609,581,155,0,0,0,672,1673,ITG,ITG1,19,Sicilia,Sicilia,4999891,220072,4.4,0.05
607,2021-01-20,SIC,808,410,398,422,194,192,0,0,0,573,235,ITG,ITG1,19,Sicilia,Sicilia,4999891,220880,4.42,0.02
608,2021-01-17,SIC,1295,584,711,619,516,160,0,0,0,1245,50,ITG,ITG1,19,Sicilia,Sicilia,4999891,222175,4.44,0.03
609,2020-12-30,SIC,173,101,72,156,17,0,0,0,0,173,0,ITG,ITG1,19,Sicilia,Sicilia,4999891,222348,4.45,0.0
610,2020-12-29,SIC,235,146,89,235,0,0,0,0,0,235,0,ITG,ITG1,19,Sicilia,Sicilia,4999891,222583,4.45,0.0
611,2021-02-09,SIC,4365,1830,2535,2235,1490,640,0,0,0,3360,1005,ITG,ITG1,19,Sicilia,Sicilia,4999891,226948,4.54,0.09
612,2021-02-22,SIC,8033,4158,3875,1107,933,554,4065,1053,321,7542,491,ITG,ITG1,19,Sicilia,Sicilia,4999891,234981,4.7,0.16
613,2021-02-05,SIC,7101,3156,3945,3528,2720,853,0,0,0,2126,4975,ITG,ITG1,19,Sicilia,Sicilia,4999891,242082,4.84,0.14
614,2021-01-12,SIC,4542,2234,2308,2863,1484,195,0,0,0,4542,0,ITG,ITG1,19,Sicilia,Sicilia,4999891,246624,4.93,0.09
615,2021-01-05,SIC,10527,5159,5368,9074,1246,207,0,0,0,10527,0,ITG,ITG1,19,Sicilia,Sicilia,4999891,257151,5.14,0.21
616,2020-12-31,SIC,877,469,408,827,50,0,0,0,0,877,0,ITG,ITG1,19,Sicilia,Sicilia,4999891,258028,5.16,0.02
617,2021-01-08,SIC,8328,3864,4464,6591,1524,213,0,0,0,8328,0,ITG,ITG1,19,Sicilia,Sicilia,4999891,266356,5.33,0.17
618,2021-01-06,SIC,6471,3402,3069,5717,752,2,0,0,0,6471,0,ITG,ITG1,19,Sicilia,Sicilia,4999891,272827,5.46,0.13
619,2021-01-29,SIC,9359,4320,5039,7150,1904,305,0,0,0,432,8927,ITG,ITG1,19,Sicilia,Sicilia,4999891,282186,5.64,0.19
620,2021-01-22,SIC,1235,625,610,1035,82,118,0,0,0,242,993,ITG,ITG1,19,Sicilia,Sicilia,4999891,283421,5.67,0.02
621,2021-01-01,SIC,815,437,378,740,75,0,0,0,0,815,0,ITG,ITG1,19,Sicilia,Sicilia,4999891,284236,5.68,0.02
622,2020-12-27,SIC,89,54,35,62,2,25,0,0,0,89,0,ITG,ITG1,19,Sicilia,Sicilia,4999891,284325,5.69,0.0
623,2021-01-21,SIC,1328,647,681,1001,190,137,0,0,0,499,829,ITG,ITG1,19,Sicilia,Sicilia,4999891,285653,5.71,0.03
624,2021-02-20,SIC,4593,2441,2152,564,851,316,2244,512,106,4467,126,ITG,ITG1,19,Sicilia,Sicilia,4999891,290246,5.81,0.09
625,2021-01-07,LIG,2936,1015,1921,2168,405,358,0,1,4,2936,0,ITC,ITC3,7,Liguria,Liguria,1550640,2936,0.19,0.19
626,2021-01-08,LIG,2685,927,1758,1952,384,345,0,1,3,2685,0,ITC,ITC3,7,Liguria,Liguria,1550640,5621,0.36,0.17
627,2021-02-19,LIG,2666,1144,1522,762,494,41,1368,0,1,2515,151,ITC,ITC3,7,Liguria,Liguria,1550640,8287,0.53,0.17
628,2021-02-18,LIG,2490,1034,1456,840,419,255,974,0,2,2337,153,ITC,ITC3,7,Liguria,Liguria,1550640,10777,0.7,0.16
629,2020-12-29,LIG,118,32,86,87,10,21,0,0,0,118,0,ITC,ITC3,7,Liguria,Liguria,1550640,10895,0.7,0.01
630,2021-02-11,LIG,1590,654,936,1004,251,329,0,0,6,1188,402,ITC,ITC3,7,Liguria,Liguria,1550640,12485,0.81,0.1
631,2021-01-01,LIG,144,55,89,139,5,0,0,0,0,144,0,ITC,ITC3,7,Liguria,Liguria,1550640,12629,0.81,0.01
632,2021-01-18,LIG,1632,624,1008,1031,373,219,0,0,9,1483,149,ITC,ITC3,7,Liguria,Liguria,1550640,14261,0.92,0.11
633,2021-01-16,LIG,1254,544,710,732,222,299,0,0,1,1254,0,ITC,ITC3,7,Liguria,Liguria,1550640,15515,1.0,0.08
634,2021-02-22,LIG,2903,1242,1661,583,177,56,2087,0,0,2819,84,ITC,ITC3,7,Liguria,Liguria,1550640,18418,1.19,0.19
635,2021-01-05,LIG,2755,860,1895,2218,299,231,0,0,7,2755,0,ITC,ITC3,7,Liguria,Liguria,1550640,21173,1.37,0.18
636,2021-01-15,LIG,2165,727,1438,1269,385,509,0,0,2,2165,0,ITC,ITC3,7,Liguria,Liguria,1550640,23338,1.51,0.14
637,2021-01-20,LIG,1184,449,735,563,300,319,0,0,2,1173,11,ITC,ITC3,7,Liguria,Liguria,1550640,24522,1.58,0.08
638,2021-02-02,LIG,2535,953,1582,1877,218,438,0,0,2,223,2312,ITC,ITC3,7,Liguria,Liguria,1550640,27057,1.74,0.16
639,2021-01-06,LIG,1628,601,1027,1199,249,113,64,0,3,1628,0,ITC,ITC3,7,Liguria,Liguria,1550640,28685,1.85,0.1
640,2021-01-10,LIG,643,258,385,365,102,176,0,0,0,643,0,ITC,ITC3,7,Liguria,Liguria,1550640,29328,1.89,0.04
641,2021-01-28,LIG,2743,935,1808,2148,283,306,0,1,5,34,2709,ITC,ITC3,7,Liguria,Liguria,1550640,32071,2.07,0.18
642,2021-01-02,LIG,686,245,441,590,96,0,0,0,0,686,0,ITC,ITC3,7,Liguria,Liguria,1550640,32757,2.11,0.04
643,2021-01-11,LIG,2467,910,1557,1869,325,272,0,0,1,2467,0,ITC,ITC3,7,Liguria,Liguria,1550640,35224,2.27,0.16
644,2021-02-16,LIG,2051,854,1197,801,366,171,711,0,2,1872,179,ITC,ITC3,7,Liguria,Liguria,1550640,37275,2.4,0.13
645,2021-01-09,LIG,1309,467,842,974,146,188,0,0,1,1309,0,ITC,ITC3,7,Liguria,Liguria,1550640,38584,2.49,0.08
646,2021-01-14,LIG,2614,926,1688,1670,512,431,0,0,1,2614,0,ITC,ITC3,7,Liguria,Liguria,1550640,41198,2.66,0.17
647,2021-01-31,LIG,617,264,353,412,71,134,0,0,0,7,610,ITC,ITC3,7,Liguria,Liguria,1550640,41815,2.7,0.04
648,2021-02-10,LIG,2116,777,1339,1245,386,481,0,0,4,1099,1017,ITC,ITC3,7,Liguria,Liguria,1550640,43931,2.83,0.14
649,2021-01-21,LIG,831,308,523,472,161,197,1,0,0,460,371,ITC,ITC3,7,Liguria,Liguria,1550640,44762,2.89,0.05
650,2021-02-20,LIG,1299,618,681,145,461,115,578,0,0,1298,1,ITC,ITC3,7,Liguria,Liguria,1550640,46061,2.97,0.08
651,2021-02-13,LIG,1053,495,558,530,129,140,254,0,0,781,272,ITC,ITC3,7,Liguria,Liguria,1550640,47114,3.04,0.07
652,2021-02-24,LIG,1992,870,1122,457,153,94,1287,0,1,1798,194,ITC,ITC3,7,Liguria,Liguria,1550640,49106,3.17,0.13
653,2021-02-23,LIG,3352,1389,1963,641,228,78,2401,2,2,3244,108,ITC,ITC3,7,Liguria,Liguria,1550640,52458,3.38,0.22
654,2021-02-17,LIG,2386,1063,1323,788,328,189,1080,0,1,2164,222,ITC,ITC3,7,Liguria,Liguria,1550640,54844,3.54,0.15
655,2021-01-25,LIG,2572,835,1737,2111,176,283,0,0,2,462,2110,ITC,ITC3,7,Liguria,Liguria,1550640,57416,3.7,0.17
656,2021-02-12,LIG,1649,641,1008,718,202,299,429,0,1,1058,591,ITC,ITC3,7,Liguria,Liguria,1550640,59065,3.81,0.11
657,2021-02-09,LIG,1722,640,1082,979,313,409,0,0,21,398,1324,ITC,ITC3,7,Liguria,Liguria,1550640,60787,3.92,0.11
658,2021-02-15,LIG,1987,768,1219,906,244,178,657,1,1,1689,298,ITC,ITC3,7,Liguria,Liguria,1550640,62774,4.05,0.13
659,2021-02-04,LIG,2749,960,1789,1817,455,468,0,1,8,237,2512,ITC,ITC3,7,Liguria,Liguria,1550640,65523,4.23,0.18
660,2021-01-17,LIG,856,298,558,513,81,261,0,0,1,856,0,ITC,ITC3,7,Liguria,Liguria,1550640,66379,4.28,0.06
661,2020-12-30,LIG,9,3,6,9,0,0,0,0,0,9,0,ITC,ITC3,7,Liguria,Liguria,1550640,66388,4.28,0.0
662,2021-01-23,LIG,799,289,510,630,125,43,0,0,1,145,654,ITC,ITC3,7,Liguria,Liguria,1550640,67187,4.33,0.05
663,2021-01-04,LIG,2369,782,1587,2052,223,91,0,0,3,2369,0,ITC,ITC3,7,Liguria,Liguria,1550640,69556,4.49,0.15
664,2021-02-07,LIG,399,150,249,189,27,183,0,0,0,3,396,ITC,ITC3,7,Liguria,Liguria,1550640,69955,4.51,0.03
665,2021-02-21,LIG,858,485,373,178,316,97,267,0,0,854,4,ITC,ITC3,7,Liguria,Liguria,1550640,70813,4.57,0.06
666,2020-12-31,LIG,948,334,614,713,54,153,28,0,0,948,0,ITC,ITC3,7,Liguria,Liguria,1550640,71761,4.63,0.06
667,2021-01-13,LIG,2635,963,1672,1841,338,452,0,0,4,2635,0,ITC,ITC3,7,Liguria,Liguria,1550640,74396,4.8,0.17
668,2021-01-30,LIG,1631,551,1080,1236,137,256,0,0,2,25,1606,ITC,ITC3,7,Liguria,Liguria,1550640,76027,4.9,0.11
669,2021-02-06,LIG,1869,756,1113,1292,201,375,0,0,1,145,1724,ITC,ITC3,7,Liguria,Liguria,1550640,77896,5.02,0.12
670,2021-01-19,LIG,1175,398,777,627,292,253,0,0,3,1090,85,ITC,ITC3,7,Liguria,Liguria,1550640,79071,5.1,0.08
671,2021-01-03,LIG,727,226,501,651,75,0,0,0,1,727,0,ITC,ITC3,7,Liguria,Liguria,1550640,79798,5.15,0.05
672,2021-02-03,LIG,2178,740,1438,1545,261,371,0,0,1,240,1938,ITC,ITC3,7,Liguria,Liguria,1550640,81976,5.29,0.14
673,2021-02-05,LIG,2438,885,1553,1559,414,462,0,0,3,360,2078,ITC,ITC3,7,Liguria,Liguria,1550640,84414,5.44,0.16
674,2020-12-27,LIG,132,54,78,85,2,45,0,0,0,132,0,ITC,ITC3,7,Liguria,Liguria,1550640,84546,5.45,0.01
675,2020-12-28,LIG,75,26,49,72,3,0,0,0,0,75,0,ITC,ITC3,7,Liguria,Liguria,1550640,84621,5.46,0.0
676,2021-01-24,LIG,749,232,517,626,63,60,0,0,0,113,636,ITC,ITC3,7,Liguria,Liguria,1550640,85370,5.51,0.05
677,2021-02-14,LIG,224,119,105,29,30,105,60,0,0,224,0,ITC,ITC3,7,Liguria,Liguria,1550640,85594,5.52,0.01
678,2021-01-26,LIG,2394,775,1619,1881,257,251,0,0,5,153,2241,ITC,ITC3,7,Liguria,Liguria,1550640,87988,5.67,0.15
679,2021-01-27,LIG,1613,576,1037,1264,173,175,0,0,1,180,1433,ITC,ITC3,7,Liguria,Liguria,1550640,89601,5.78,0.1
680,2021-01-12,LIG,2239,823,1416,1613,246,378,0,0,2,2239,0,ITC,ITC3,7,Liguria,Liguria,1550640,91840,5.92,0.14
681,2021-02-08,LIG,1803,697,1106,1183,371,242,0,0,7,299,1504,ITC,ITC3,7,Liguria,Liguria,1550640,93643,6.04,0.12
682,2021-02-01,LIG,2324,844,1480,1800,209,314,0,0,1,75,2249,ITC,ITC3,7,Liguria,Liguria,1550640,95967,6.19,0.15
683,2021-01-29,LIG,2803,978,1825,2148,297,356,0,0,2,42,2761,ITC,ITC3,7,Liguria,Liguria,1550640,98770,6.37,0.18
684,2021-01-22,LIG,1627,546,1081,967,163,497,0,0,0,1154,473,ITC,ITC3,7,Liguria,Liguria,1550640,100397,6.47,0.1
685,2021-01-14,PAT,696,201,495,477,11,208,0,0,0,696,0,ITH,ITH2,4,Provincia Autonoma Trento,P.A. Trento,541380,696,0.13,0.13
686,2021-01-30,PAT,383,130,253,345,7,31,0,0,0,151,232,ITH,ITH2,4,Provincia Autonoma Trento,P.A. Trento,541380,1079,0.2,0.07
687,2021-01-21,PAT,349,93,256,318,15,16,0,0,0,227,122,ITH,ITH2,4,Provincia Autonoma Trento,P.A. Trento,541380,1428,0.26,0.06
688,2021-01-24,PAT,545,274,271,533,12,0,0,0,0,222,323,ITH,ITH2,4,Provincia Autonoma Trento,P.A. Trento,541380,1973,0.36,0.1
689,2021-01-13,PAT,420,123,297,391,6,23,0,0,0,420,0,ITH,ITH2,4,Provincia Autonoma Trento,P.A. Trento,541380,2393,0.44,0.08
690,2021-02-23,PAT,1011,370,641,270,22,16,703,0,0,801,210,ITH,ITH2,4,Provincia Autonoma Trento,P.A. Trento,541380,3404,0.63,0.19
691,2021-02-13,PAT,536,333,203,370,11,0,155,0,0,171,365,ITH,ITH2,4,Provincia Autonoma Trento,P.A. Trento,541380,3940,0.73,0.1
692,2021-02-12,PAT,986,333,653,332,70,55,529,0,0,565,421,ITH,ITH2,4,Provincia Autonoma Trento,P.A. Trento,541380,4926,0.91,0.18
693,2021-01-27,PAT,732,257,475,395,34,303,0,0,0,72,660,ITH,ITH2,4,Provincia Autonoma Trento,P.A. Trento,541380,5658,1.05,0.14
694,2021-01-29,PAT,1349,331,1018,722,86,541,0,0,0,54,1295,ITH,ITH2,4,Provincia Autonoma Trento,P.A. Trento,541380,7007,1.29,0.25
695,2021-01-09,PAT,184,40,144,139,14,31,0,0,0,184,0,ITH,ITH2,4,Provincia Autonoma Trento,P.A. Trento,541380,7191,1.33,0.03
696,2021-02-24,PAT,1132,474,658,187,115,0,830,0,0,772,360,ITH,ITH2,4,Provincia Autonoma Trento,P.A. Trento,541380,8323,1.54,0.21
697,2021-01-22,PAT,1624,420,1204,873,128,623,0,0,0,313,1311,ITH,ITH2,4,Provincia Autonoma Trento,P.A. Trento,541380,9947,1.84,0.3
698,2021-02-16,PAT,644,240,404,71,26,3,544,0,0,639,5,ITH,ITH2,4,Provincia Autonoma Trento,P.A. Trento,541380,10591,1.96,0.12
699,2021-01-23,PAT,570,330,240,480,2,88,0,0,0,384,186,ITH,ITH2,4,Provincia Autonoma Trento,P.A. Trento,541380,11161,2.06,0.11
700,2021-01-08,PAT,1442,312,1130,764,152,526,0,0,0,1442,0,ITH,ITH2,4,Provincia Autonoma Trento,P.A. Trento,541380,12603,2.33,0.27
701,2021-02-09,PAT,913,287,626,441,21,73,378,0,0,441,472,ITH,ITH2,4,Provincia Autonoma Trento,P.A. Trento,541380,13516,2.5,0.17
702,2020-12-31,PAT,1596,439,1157,818,108,670,0,0,0,1596,0,ITH,ITH2,4,Provincia Autonoma Trento,P.A. Trento,541380,15112,2.79,0.29
703,2021-01-18,PAT,640,154,486,527,40,73,0,0,0,586,54,ITH,ITH2,4,Provincia Autonoma Trento,P.A. Trento,541380,15752,2.91,0.12
704,2021-01-06,PAT,42,13,29,42,0,0,0,0,0,42,0,ITH,ITH2,4,Provincia Autonoma Trento,P.A. Trento,541380,15794,2.92,0.01
705,2021-02-15,PAT,519,185,334,144,31,27,317,0,0,406,113,ITH,ITH2,4,Provincia Autonoma Trento,P.A. Trento,541380,16313,3.01,0.1
706,2021-01-05,PAT,707,231,476,494,52,161,0,0,0,707,0,ITH,ITH2,4,Provincia Autonoma Trento,P.A. Trento,541380,17020,3.14,0.13
707,2021-02-06,PAT,572,296,276,178,21,0,373,0,0,432,140,ITH,ITH2,4,Provincia Autonoma Trento,P.A. Trento,541380,17592,3.25,0.11
708,2021-02-02,PAT,889,237,652,505,49,171,164,0,0,190,699,ITH,ITH2,4,Provincia Autonoma Trento,P.A. Trento,541380,18481,3.41,0.16
709,2021-01-20,PAT,288,71,217,229,11,48,0,0,0,276,12,ITH,ITH2,4,Provincia Autonoma Trento,P.A. Trento,541380,18769,3.47,0.05
710,2021-01-02,PAT,498,142,356,334,25,139,0,0,0,498,0,ITH,ITH2,4,Provincia Autonoma Trento,P.A. Trento,541380,19267,3.56,0.09
711,2021-02-21,PAT,154,92,62,154,0,0,0,0,0,42,112,ITH,ITH2,4,Provincia Autonoma Trento,P.A. Trento,541380,19421,3.59,0.03
712,2021-01-11,PAT,724,220,504,516,58,150,0,0,0,724,0,ITH,ITH2,4,Provincia Autonoma Trento,P.A. Trento,541380,20145,3.72,0.13
713,2020-12-27,PAT,103,40,63,76,6,21,0,0,0,103,0,ITH,ITH2,4,Provincia Autonoma Trento,P.A. Trento,541380,20248,3.74,0.02
714,2021-01-15,PAT,590,130,460,459,21,110,0,0,0,590,0,ITH,ITH2,4,Provincia Autonoma Trento,P.A. Trento,541380,20838,3.85,0.11
715,2021-02-17,PAT,1061,405,656,319,73,35,633,0,1,970,91,ITH,ITH2,4,Provincia Autonoma Trento,P.A. Trento,541380,21899,4.05,0.2
716,2021-01-10,PAT,84,19,65,53,19,12,0,0,0,84,0,ITH,ITH2,4,Provincia Autonoma Trento,P.A. Trento,541380,21983,4.06,0.02
717,2021-01-31,PAT,74,15,59,55,13,6,0,0,0,0,74,ITH,ITH2,4,Provincia Autonoma Trento,P.A. Trento,541380,22057,4.07,0.01
718,2021-02-10,PAT,829,282,547,306,104,51,368,0,0,489,340,ITH,ITH2,4,Provincia Autonoma Trento,P.A. Trento,541380,22886,4.23,0.15
719,2021-02-11,PAT,1130,364,766,323,63,48,696,0,0,795,335,ITH,ITH2,4,Provincia Autonoma Trento,P.A. Trento,541380,24016,4.44,0.21
720,2021-01-01,PAT,206,48,158,109,11,86,0,0,0,206,0,ITH,ITH2,4,Provincia Autonoma Trento,P.A. Trento,541380,24222,4.47,0.04
721,2021-01-12,PAT,501,158,343,412,30,59,0,0,0,501,0,ITH,ITH2,4,Provincia Autonoma Trento,P.A. Trento,541380,24723,4.57,0.09
722,2021-02-20,PAT,370,235,135,326,13,30,1,0,0,87,283,ITH,ITH2,4,Provincia Autonoma Trento,P.A. Trento,541380,25093,4.64,0.07
723,2021-02-01,PAT,1218,334,884,766,83,369,0,0,0,92,1126,ITH,ITH2,4,Provincia Autonoma Trento,P.A. Trento,541380,26311,4.86,0.22
724,2021-01-07,PAT,1269,310,959,649,64,556,0,0,0,1269,0,ITH,ITH2,4,Provincia Autonoma Trento,P.A. Trento,541380,27580,5.09,0.23
725,2021-01-25,PAT,774,205,569,482,30,262,0,0,0,23,751,ITH,ITH2,4,Provincia Autonoma Trento,P.A. Trento,541380,28354,5.24,0.14
726,2021-02-08,PAT,1148,318,830,547,63,237,301,0,0,340,808,ITH,ITH2,4,Provincia Autonoma Trento,P.A. Trento,541380,29502,5.45,0.21
727,2021-02-05,PAT,796,269,527,466,22,65,243,0,0,279,517,ITH,ITH2,4,Provincia Autonoma Trento,P.A. Trento,541380,30298,5.6,0.15
728,2021-01-17,PAT,251,195,56,251,0,0,0,0,0,251,0,ITH,ITH2,4,Provincia Autonoma Trento,P.A. Trento,541380,30549,5.64,0.05
729,2021-02-04,PAT,969,302,667,542,15,88,324,0,0,418,551,ITH,ITH2,4,Provincia Autonoma Trento,P.A. Trento,541380,31518,5.82,0.18
730,2021-01-16,PAT,318,147,171,303,1,14,0,0,0,318,0,ITH,ITH2,4,Provincia Autonoma Trento,P.A. Trento,541380,31836,5.88,0.06
731,2021-02-22,PAT,668,243,425,94,25,69,480,0,0,585,83,ITH,ITH2,4,Provincia Autonoma Trento,P.A. Trento,541380,32504,6.0,0.12
732,2021-02-18,PAT,1146,417,729,292,58,35,757,0,4,1083,63,ITH,ITH2,4,Provincia Autonoma Trento,P.A. Trento,541380,33650,6.22,0.21
733,2021-02-19,PAT,849,340,509,167,60,70,552,0,0,791,58,ITH,ITH2,4,Provincia Autonoma Trento,P.A. Trento,541380,34499,6.37,0.16
734,2021-01-19,PAT,403,77,326,363,4,36,0,0,0,403,0,ITH,ITH2,4,Provincia Autonoma Trento,P.A. Trento,541380,34902,6.45,0.07
735,2021-01-28,PAT,530,147,383,385,38,107,0,0,0,48,482,ITH,ITH2,4,Provincia Autonoma Trento,P.A. Trento,541380,35432,6.54,0.1
736,2021-02-03,PAT,844,312,532,342,36,73,393,0,0,414,430,ITH,ITH2,4,Provincia Autonoma Trento,P.A. Trento,541380,36276,6.7,0.16
737,2021-01-03,PAT,483,158,325,409,12,62,0,0,0,483,0,ITH,ITH2,4,Provincia Autonoma Trento,P.A. Trento,541380,36759,6.79,0.09
738,2021-02-14,PAT,246,186,60,240,6,0,0,0,0,11,235,ITH,ITH2,4,Provincia Autonoma Trento,P.A. Trento,541380,37005,6.84,0.05
739,2021-01-04,PAT,852,223,629,481,49,322,0,0,0,852,0,ITH,ITH2,4,Provincia Autonoma Trento,P.A. Trento,541380,37857,6.99,0.16
740,2020-12-30,PAT,6,2,4,4,1,1,0,0,0,6,0,ITH,ITH2,4,Provincia Autonoma Trento,P.A. Trento,541380,37863,6.99,0.0
741,2021-01-26,PAT,497,138,359,397,16,84,0,0,0,25,472,ITH,ITH2,4,Provincia Autonoma Trento,P.A. Trento,541380,38360,7.09,0.09
742,2021-01-12,CAM,5214,2563,2651,3439,1435,340,0,0,0,5214,0,ITF,ITF3,15,Campania,Campania,5801692,5214,0.09,0.09
743,2021-02-19,CAM,9552,3559,5993,1648,1129,161,4453,0,2161,8901,651,ITF,ITF3,15,Campania,Campania,5801692,14766,0.25,0.16
744,2021-01-01,CAM,919,506,413,831,88,0,0,0,0,919,0,ITF,ITF3,15,Campania,Campania,5801692,15685,0.27,0.02
745,2021-02-11,CAM,6275,2703,3572,1861,1922,129,2363,0,0,6209,66,ITF,ITF3,15,Campania,Campania,5801692,21960,0.38,0.11
746,2021-01-18,CAM,956,399,557,576,194,186,0,0,0,712,244,ITF,ITF3,15,Campania,Campania,5801692,22916,0.39,0.02
747,2021-02-22,CAM,10534,3256,7278,510,2275,76,3856,0,3817,10272,262,ITF,ITF3,15,Campania,Campania,5801692,33450,0.58,0.18
748,2021-01-16,CAM,3370,1675,1695,1356,1641,373,0,0,0,3370,0,ITF,ITF3,15,Campania,Campania,5801692,36820,0.63,0.06
749,2021-01-06,CAM,7651,3748,3903,5780,1571,300,0,0,0,7651,0,ITF,ITF3,15,Campania,Campania,5801692,44471,0.77,0.13
750,2021-02-08,CAM,5109,2448,2661,1386,2119,226,1378,0,0,4307,802,ITF,ITF3,15,Campania,Campania,5801692,49580,0.85,0.09
751,2021-01-29,CAM,10051,4812,5239,6405,3387,259,0,0,0,47,10004,ITF,ITF3,15,Campania,Campania,5801692,59631,1.03,0.17
752,2020-12-27,CAM,720,422,298,703,17,0,0,0,0,720,0,ITF,ITF3,15,Campania,Campania,5801692,60351,1.04,0.01
753,2021-02-16,CAM,5428,2407,3021,909,1182,169,3168,0,0,4657,771,ITF,ITF3,15,Campania,Campania,5801692,65779,1.13,0.09
754,2021-01-25,CAM,5744,2926,2818,4743,945,56,0,0,0,164,5580,ITF,ITF3,15,Campania,Campania,5801692,71523,1.23,0.1
755,2021-02-18,CAM,9072,3810,5262,1708,1340,70,5518,0,436,8365,707,ITF,ITF3,15,Campania,Campania,5801692,80595,1.39,0.16
756,2021-01-08,CAM,10454,4969,5485,6713,3529,212,0,0,0,10454,0,ITF,ITF3,15,Campania,Campania,5801692,91049,1.57,0.18
757,2021-02-17,CAM,7383,3206,4177,996,1082,38,4905,0,362,6323,1060,ITF,ITF3,15,Campania,Campania,5801692,98432,1.7,0.13
758,2021-01-09,CAM,10563,5024,5539,6756,3538,269,0,0,0,10563,0,ITF,ITF3,15,Campania,Campania,5801692,108995,1.88,0.18
759,2021-01-14,CAM,7073,2977,4096,3707,3016,350,0,0,0,7073,0,ITF,ITF3,15,Campania,Campania,5801692,116068,2.0,0.12
760,2021-02-20,CAM,8561,3078,5483,1013,857,145,4581,0,1965,8258,303,ITF,ITF3,15,Campania,Campania,5801692,124629,2.15,0.15
761,2021-02-10,CAM,6903,3421,3482,1944,2714,88,2157,0,0,6738,165,ITF,ITF3,15,Campania,Campania,5801692,131532,2.27,0.12
762,2021-02-14,CAM,3931,1924,2007,550,905,17,2459,0,0,3888,43,ITF,ITF3,15,Campania,Campania,5801692,135463,2.33,0.07
763,2021-01-26,CAM,7296,3701,3595,5741,1333,222,0,0,0,352,6944,ITF,ITF3,15,Campania,Campania,5801692,142759,2.46,0.13
764,2021-02-05,CAM,7254,3460,3794,3445,3496,304,9,0,0,2128,5126,ITF,ITF3,15,Campania,Campania,5801692,150013,2.59,0.13
765,2021-02-06,CAM,5340,2665,2675,1990,2877,458,15,0,0,2102,3238,ITF,ITF3,15,Campania,Campania,5801692,155353,2.68,0.09
766,2021-01-05,CAM,7239,3640,3599,5812,1321,106,0,0,0,7239,0,ITF,ITF3,15,Campania,Campania,5801692,162592,2.8,0.12
767,2021-01-10,CAM,8166,3738,4428,5180,2889,97,0,0,0,8166,0,ITF,ITF3,15,Campania,Campania,5801692,170758,2.94,0.14
768,2021-01-30,CAM,10721,5079,5642,6930,3564,227,0,0,0,39,10682,ITF,ITF3,15,Campania,Campania,5801692,181479,3.13,0.18
769,2021-01-11,CAM,4069,1869,2200,2383,1434,252,0,0,0,4069,0,ITF,ITF3,15,Campania,Campania,5801692,185548,3.2,0.07
770,2021-01-23,CAM,3839,2029,1810,3161,609,69,0,0,0,273,3566,ITF,ITF3,15,Campania,Campania,5801692,189387,3.26,0.07
771,2021-02-04,CAM,7941,3427,4514,3964,3684,292,1,0,0,1308,6633,ITF,ITF3,15,Campania,Campania,5801692,197328,3.4,0.14
772,2021-02-15,CAM,5465,2512,2953,976,1002,94,3391,1,1,5292,173,ITF,ITF3,15,Campania,Campania,5801692,202793,3.5,0.09
773,2021-02-09,CAM,4627,2192,2435,1148,2137,6,1336,0,0,4375,252,ITF,ITF3,15,Campania,Campania,5801692,207420,3.58,0.08
774,2021-02-07,CAM,2934,1385,1549,710,1708,226,290,0,0,2156,778,ITF,ITF3,15,Campania,Campania,5801692,210354,3.63,0.05
775,2020-12-31,CAM,1490,811,679,1273,216,1,0,0,0,1490,0,ITF,ITF3,15,Campania,Campania,5801692,211844,3.65,0.03
776,2021-02-24,CAM,9008,3380,5628,665,1595,85,4449,0,2214,8359,649,ITF,ITF3,15,Campania,Campania,5801692,220852,3.81,0.16
777,2021-02-21,CAM,5822,2234,3588,780,653,22,3860,0,507,5597,225,ITF,ITF3,15,Campania,Campania,5801692,226674,3.91,0.1
778,2021-01-17,CAM,1155,551,604,718,286,151,0,0,0,702,453,ITF,ITF3,15,Campania,Campania,5801692,227829,3.93,0.02
779,2021-01-21,CAM,2092,1115,977,1378,639,75,0,0,0,677,1415,ITF,ITF3,15,Campania,Campania,5801692,229921,3.96,0.04
780,2021-01-07,CAM,8904,4162,4742,6309,2263,332,0,0,0,8904,0,ITF,ITF3,15,Campania,Campania,5801692,238825,4.12,0.15
781,2021-02-23,CAM,10913,3362,7551,514,2211,219,3685,0,4284,10388,525,ITF,ITF3,15,Campania,Campania,5801692,249738,4.3,0.19
782,2021-02-12,CAM,6549,2872,3677,1808,1468,214,3055,0,4,6336,213,ITF,ITF3,15,Campania,Campania,5801692,256287,4.42,0.11
783,2021-01-22,CAM,1523,775,748,970,344,209,0,0,0,673,850,ITF,ITF3,15,Campania,Campania,5801692,257810,4.44,0.03
784,2021-02-13,CAM,5498,2543,2955,948,807,131,3610,0,2,5280,218,ITF,ITF3,15,Campania,Campania,5801692,263308,4.54,0.09
785,2021-01-24,CAM,4128,2123,2005,3140,822,166,0,0,0,383,3745,ITF,ITF3,15,Campania,Campania,5801692,267436,4.61,0.07
786,2021-01-02,CAM,3674,1963,1711,3167,507,0,0,0,0,3674,0,ITF,ITF3,15,Campania,Campania,5801692,271110,4.67,0.06
787,2021-01-20,CAM,1257,650,607,395,761,101,0,0,0,1257,0,ITF,ITF3,15,Campania,Campania,5801692,272367,4.69,0.02
788,2021-01-31,CAM,8067,3711,4356,5107,2893,67,0,0,0,23,8044,ITF,ITF3,15,Campania,Campania,5801692,280434,4.83,0.14
789,2021-01-27,CAM,7731,3816,3915,5832,1629,270,0,0,0,161,7570,ITF,ITF3,15,Campania,Campania,5801692,288165,4.97,0.13
790,2021-02-01,CAM,3985,1813,2172,2504,1329,152,0,0,0,110,3875,ITF,ITF3,15,Campania,Campania,5801692,292150,5.04,0.07
791,2021-01-28,CAM,8829,4122,4707,6213,2269,347,0,0,0,133,8696,ITF,ITF3,15,Campania,Campania,5801692,300979,5.19,0.15
792,2021-01-19,CAM,1095,474,621,534,390,171,0,0,0,1092,3,ITF,ITF3,15,Campania,Campania,5801692,302074,5.21,0.02
793,2021-02-02,CAM,5722,2804,2918,3640,1728,354,0,0,0,443,5279,ITF,ITF3,15,Campania,Campania,5801692,307796,5.31,0.1
794,2021-01-04,CAM,5823,2961,2862,4848,975,0,0,0,0,5823,0,ITF,ITF3,15,Campania,Campania,5801692,313619,5.41,0.1
795,2021-01-15,CAM,4981,2381,2600,2740,2050,191,0,0,0,4981,0,ITF,ITF3,15,Campania,Campania,5801692,318600,5.49,0.09
796,2021-02-03,CAM,8896,3999,4897,4733,3448,714,1,0,0,877,8019,ITF,ITF3,15,Campania,Campania,5801692,327496,5.64,0.15
797,2021-01-03,CAM,3836,2009,1827,3191,645,0,0,0,0,3836,0,ITF,ITF3,15,Campania,Campania,5801692,331332,5.71,0.07
798,2021-01-13,CAM,8017,3665,4352,4351,3080,586,0,0,0,8017,0,ITF,ITF3,15,Campania,Campania,5801692,339349,5.85,0.14
799,2021-01-17,ABR,187,59,128,136,51,0,0,0,0,180,7,ITF,ITF1,13,Abruzzo,Abruzzo,1304970,187,0.01,0.01
800,2021-01-23,ABR,263,114,149,223,14,26,0,0,0,57,206,ITF,ITF1,13,Abruzzo,Abruzzo,1304970,450,0.03,0.02
801,2021-02-09,ABR,908,311,597,612,165,131,0,0,0,499,409,ITF,ITF1,13,Abruzzo,Abruzzo,1304970,1358,0.1,0.07
802,2021-02-04,ABR,1681,616,1065,1168,456,57,0,0,0,609,1072,ITF,ITF1,13,Abruzzo,Abruzzo,1304970,3039,0.23,0.13
803,2021-02-15,ABR,1793,830,963,625,487,221,214,246,0,1751,42,ITF,ITF1,13,Abruzzo,Abruzzo,1304970,4832,0.37,0.14
804,2021-01-21,ABR,157,47,110,10,6,141,0,0,0,157,0,ITF,ITF1,13,Abruzzo,Abruzzo,1304970,4989,0.38,0.01
805,2021-02-21,ABR,1218,550,668,2,4,3,1207,2,0,1217,1,ITF,ITF1,13,Abruzzo,Abruzzo,1304970,6207,0.48,0.09
806,2021-01-22,ABR,118,57,61,2,4,112,0,0,0,118,0,ITF,ITF1,13,Abruzzo,Abruzzo,1304970,6325,0.48,0.01
807,2021-01-12,ABR,1804,666,1138,1470,334,0,0,0,0,1804,0,ITF,ITF1,13,Abruzzo,Abruzzo,1304970,8129,0.62,0.14
808,2021-02-12,ABR,968,319,649,438,220,310,0,0,0,779,189,ITF,ITF1,13,Abruzzo,Abruzzo,1304970,9097,0.7,0.07
809,2021-02-13,ABR,841,380,461,545,224,72,0,0,0,437,404,ITF,ITF1,13,Abruzzo,Abruzzo,1304970,9938,0.76,0.06
810,2020-12-27,ABR,37,19,18,34,1,2,0,0,0,37,0,ITF,ITF1,13,Abruzzo,Abruzzo,1304970,9975,0.76,0.0
811,2021-02-23,ABR,2781,1272,1509,323,423,215,1434,286,100,2770,11,ITF,ITF1,13,Abruzzo,Abruzzo,1304970,12756,0.98,0.21
812,2021-01-31,ABR,1502,488,1014,1154,245,103,0,0,0,287,1215,ITF,ITF1,13,Abruzzo,Abruzzo,1304970,14258,1.09,0.12
813,2021-01-27,ABR,1364,515,849,1301,63,0,0,0,0,39,1325,ITF,ITF1,13,Abruzzo,Abruzzo,1304970,15622,1.2,0.1
814,2021-01-24,ABR,50,22,28,49,1,0,0,0,0,6,44,ITF,ITF1,13,Abruzzo,Abruzzo,1304970,15672,1.2,0.0
815,2021-01-04,ABR,1401,575,826,1396,5,0,0,0,0,1401,0,ITF,ITF1,13,Abruzzo,Abruzzo,1304970,17073,1.31,0.11
816,2021-01-20,ABR,447,156,291,147,96,204,0,0,0,445,2,ITF,ITF1,13,Abruzzo,Abruzzo,1304970,17520,1.34,0.03
817,2021-02-01,ABR,1632,573,1059,1384,247,1,0,0,0,271,1361,ITF,ITF1,13,Abruzzo,Abruzzo,1304970,19152,1.47,0.13
818,2021-01-03,ABR,471,185,286,464,7,0,0,0,0,471,0,ITF,ITF1,13,Abruzzo,Abruzzo,1304970,19623,1.5,0.04
819,2021-01-19,ABR,111,55,56,27,34,50,0,0,0,91,20,ITF,ITF1,13,Abruzzo,Abruzzo,1304970,19734,1.51,0.01
820,2021-02-03,ABR,2061,717,1344,1541,402,118,0,0,0,419,1642,ITF,ITF1,13,Abruzzo,Abruzzo,1304970,21795,1.67,0.16
821,2021-01-28,ABR,1432,494,938,1369,62,1,0,0,0,12,1420,ITF,ITF1,13,Abruzzo,Abruzzo,1304970,23227,1.78,0.11
822,2021-01-13,ABR,1253,440,813,1103,150,0,0,0,0,1253,0,ITF,ITF1,13,Abruzzo,Abruzzo,1304970,24480,1.88,0.1
823,2021-01-16,ABR,927,428,499,710,202,15,0,0,0,927,0,ITF,ITF1,13,Abruzzo,Abruzzo,1304970,25407,1.95,0.07
824,2021-02-22,ABR,2644,1175,1469,477,357,46,1094,419,251,2614,30,ITF,ITF1,13,Abruzzo,Abruzzo,1304970,28051,2.15,0.2
825,2021-02-11,ABR,816,262,554,473,189,154,0,0,0,773,43,ITF,ITF1,13,Abruzzo,Abruzzo,1304970,28867,2.21,0.06
826,2021-01-06,ABR,1830,664,1166,1546,151,133,0,0,0,1830,0,ITF,ITF1,13,Abruzzo,Abruzzo,1304970,30697,2.35,0.14
827,2021-01-05,ABR,1614,604,1010,1604,10,0,0,0,0,1614,0,ITF,ITF1,13,Abruzzo,Abruzzo,1304970,32311,2.48,0.12
828,2021-01-18,ABR,122,48,74,106,14,2,0,0,0,46,76,ITF,ITF1,13,Abruzzo,Abruzzo,1304970,32433,2.49,0.01
829,2021-01-15,ABR,379,149,230,223,121,35,0,0,0,379,0,ITF,ITF1,13,Abruzzo,Abruzzo,1304970,32812,2.51,0.03
830,2021-02-08,ABR,1201,398,803,710,227,264,0,0,0,491,710,ITF,ITF1,13,Abruzzo,Abruzzo,1304970,34013,2.61,0.09
831,2021-02-24,ABR,2074,901,1173,270,203,195,1252,116,38,1936,138,ITF,ITF1,13,Abruzzo,Abruzzo,1304970,36087,2.77,0.16
832,2021-01-29,ABR,1386,449,937,1290,96,0,0,0,0,74,1312,ITF,ITF1,13,Abruzzo,Abruzzo,1304970,37473,2.87,0.11
833,2021-02-17,ABR,2071,947,1124,511,241,394,714,210,1,1789,282,ITF,ITF1,13,Abruzzo,Abruzzo,1304970,39544,3.03,0.16
834,2021-01-25,ABR,1604,633,971,1584,20,0,0,0,0,20,1584,ITF,ITF1,13,Abruzzo,Abruzzo,1304970,41148,3.15,0.12
835,2021-02-18,ABR,2291,934,1357,670,380,416,610,215,0,2161,130,ITF,ITF1,13,Abruzzo,Abruzzo,1304970,43439,3.33,0.18
836,2021-01-09,ABR,1483,565,918,1430,53,0,0,0,0,1483,0,ITF,ITF1,13,Abruzzo,Abruzzo,1304970,44922,3.44,0.11
837,2021-02-19,ABR,3231,1525,1706,990,433,371,1041,388,8,3131,100,ITF,ITF1,13,Abruzzo,Abruzzo,1304970,48153,3.69,0.25
838,2021-01-08,ABR,1525,507,1018,1487,38,0,0,0,0,1525,0,ITF,ITF1,13,Abruzzo,Abruzzo,1304970,49678,3.81,0.12
839,2021-01-07,ABR,1603,552,1051,1566,37,0,0,0,0,1603,0,ITF,ITF1,13,Abruzzo,Abruzzo,1304970,51281,3.93,0.12
840,2021-02-16,ABR,1918,842,1076,841,513,139,350,75,0,1906,12,ITF,ITF1,13,Abruzzo,Abruzzo,1304970,53199,4.08,0.15
841,2021-01-14,ABR,530,189,341,364,166,0,0,0,0,530,0,ITF,ITF1,13,Abruzzo,Abruzzo,1304970,53729,4.12,0.04
842,2021-02-10,ABR,947,312,635,621,210,116,0,0,0,503,444,ITF,ITF1,13,Abruzzo,Abruzzo,1304970,54676,4.19,0.07
843,2021-01-26,ABR,1542,567,975,1513,29,0,0,0,0,29,1513,ITF,ITF1,13,Abruzzo,Abruzzo,1304970,56218,4.31,0.12
844,2021-01-10,ABR,1139,409,730,1091,48,0,0,0,0,1139,0,ITF,ITF1,13,Abruzzo,Abruzzo,1304970,57357,4.4,0.09
845,2021-02-20,ABR,4654,1798,2856,303,561,150,1347,406,1887,4578,76,ITF,ITF1,13,Abruzzo,Abruzzo,1304970,62011,4.75,0.36
846,2021-02-05,ABR,1534,520,1014,1187,241,106,0,0,0,787,747,ITF,ITF1,13,Abruzzo,Abruzzo,1304970,63545,4.87,0.12
847,2021-01-30,ABR,1509,566,943,1348,114,47,0,0,0,69,1440,ITF,ITF1,13,Abruzzo,Abruzzo,1304970,65054,4.99,0.12
848,2021-01-02,ABR,548,218,330,540,8,0,0,0,0,548,0,ITF,ITF1,13,Abruzzo,Abruzzo,1304970,65602,5.03,0.04
849,2021-02-06,ABR,1611,742,869,1168,371,72,0,0,0,602,1009,ITF,ITF1,13,Abruzzo,Abruzzo,1304970,67213,5.15,0.12
850,2021-02-02,ABR,1797,677,1120,1242,413,142,0,0,0,241,1556,ITF,ITF1,13,Abruzzo,Abruzzo,1304970,69010,5.29,0.14
851,2021-01-11,ABR,1551,557,994,1337,166,48,0,0,0,1551,0,ITF,ITF1,13,Abruzzo,Abruzzo,1304970,70561,5.41,0.12
852,2021-01-24,FVG,305,119,186,277,27,1,0,0,0,1,304,ITH,ITH4,6,Friuli-Venezia Giulia,Friuli Venezia Giulia,1215220,305,0.03,0.03
853,2021-01-14,FVG,2587,788,1799,1607,550,430,0,0,0,2587,0,ITH,ITH4,6,Friuli-Venezia Giulia,Friuli Venezia Giulia,1215220,2892,0.24,0.21
854,2021-01-02,FVG,1217,471,746,1150,67,0,0,0,0,1217,0,ITH,ITH4,6,Friuli-Venezia Giulia,Friuli Venezia Giulia,1215220,4109,0.34,0.1
855,2021-01-07,FVG,2091,718,1373,1759,222,110,0,0,0,2091,0,ITH,ITH4,6,Friuli-Venezia Giulia,Friuli Venezia Giulia,1215220,6200,0.51,0.17
856,2021-01-08,FVG,2322,747,1575,1680,246,396,0,0,0,2322,0,ITH,ITH4,6,Friuli-Venezia Giulia,Friuli Venezia Giulia,1215220,8522,0.7,0.19
857,2021-02-18,FVG,3172,1456,1716,229,139,331,1495,0,978,2766,406,ITH,ITH4,6,Friuli-Venezia Giulia,Friuli Venezia Giulia,1215220,11694,0.96,0.26
858,2021-02-19,FVG,3200,1259,1941,564,322,312,1584,4,414,2771,429,ITH,ITH4,6,Friuli-Venezia Giulia,Friuli Venezia Giulia,1215220,14894,1.23,0.26
859,2021-02-08,FVG,2354,693,1661,1399,521,434,0,0,0,91,2263,ITH,ITH4,6,Friuli-Venezia Giulia,Friuli Venezia Giulia,1215220,17248,1.42,0.19
860,2021-02-20,FVG,2036,912,1124,11,19,148,1577,0,281,1892,144,ITH,ITH4,6,Friuli-Venezia Giulia,Friuli Venezia Giulia,1215220,19284,1.59,0.17
861,2021-01-27,FVG,1269,425,844,849,356,64,0,0,0,447,822,ITH,ITH4,6,Friuli-Venezia Giulia,Friuli Venezia Giulia,1215220,20553,1.69,0.1
862,2021-01-18,FVG,1959,606,1353,1358,491,110,0,0,0,1865,94,ITH,ITH4,6,Friuli-Venezia Giulia,Friuli Venezia Giulia,1215220,22512,1.85,0.16
863,2021-02-13,FVG,562,175,387,334,228,0,0,0,0,556,6,ITH,ITH4,6,Friuli-Venezia Giulia,Friuli Venezia Giulia,1215220,23074,1.9,0.05
864,2021-02-01,FVG,2093,687,1406,1587,371,135,0,0,0,14,2079,ITH,ITH4,6,Friuli-Venezia Giulia,Friuli Venezia Giulia,1215220,25167,2.07,0.17
865,2021-02-12,FVG,1195,424,771,673,394,126,2,0,0,1145,50,ITH,ITH4,6,Friuli-Venezia Giulia,Friuli Venezia Giulia,1215220,26362,2.17,0.1
866,2021-01-29,FVG,2413,813,1600,1855,321,237,0,0,0,264,2149,ITH,ITH4,6,Friuli-Venezia Giulia,Friuli Venezia Giulia,1215220,28775,2.37,0.2
867,2021-02-22,FVG,2482,1190,1292,430,324,115,1362,246,5,2064,418,ITH,ITH4,6,Friuli-Venezia Giulia,Friuli Venezia Giulia,1215220,31257,2.57,0.2
868,2021-02-21,FVG,799,280,519,213,177,25,383,1,0,422,377,ITH,ITH4,6,Friuli-Venezia Giulia,Friuli Venezia Giulia,1215220,32056,2.64,0.07
869,2021-02-07,FVG,1558,483,1075,863,693,2,0,0,0,384,1174,ITH,ITH4,6,Friuli-Venezia Giulia,Friuli Venezia Giulia,1215220,33614,2.77,0.13
870,2020-12-30,FVG,630,246,384,601,29,0,0,0,0,630,0,ITH,ITH4,6,Friuli-Venezia Giulia,Friuli Venezia Giulia,1215220,34244,2.82,0.05
871,2020-12-31,FVG,1053,384,669,1011,42,0,0,0,0,1053,0,ITH,ITH4,6,Friuli-Venezia Giulia,Friuli Venezia Giulia,1215220,35297,2.9,0.09
872,2021-01-04,FVG,1510,559,951,1392,118,0,0,0,0,1510,0,ITH,ITH4,6,Friuli-Venezia Giulia,Friuli Venezia Giulia,1215220,36807,3.03,0.12
873,2021-01-19,FVG,7,2,5,5,0,2,0,0,0,7,0,ITH,ITH4,6,Friuli-Venezia Giulia,Friuli Venezia Giulia,1215220,36814,3.03,0.0
874,2021-01-03,FVG,312,122,190,285,26,1,0,0,0,312,0,ITH,ITH4,6,Friuli-Venezia Giulia,Friuli Venezia Giulia,1215220,37126,3.06,0.03
875,2021-02-05,FVG,2613,784,1829,1613,510,490,0,0,0,90,2523,ITH,ITH4,6,Friuli-Venezia Giulia,Friuli Venezia Giulia,1215220,39739,3.27,0.22
876,2021-01-30,FVG,2271,744,1527,1475,354,442,0,0,0,270,2001,ITH,ITH4,6,Friuli-Venezia Giulia,Friuli Venezia Giulia,1215220,42010,3.46,0.19
877,2021-02-03,FVG,2645,790,1855,1701,558,386,0,0,0,22,2623,ITH,ITH4,6,Friuli-Venezia Giulia,Friuli Venezia Giulia,1215220,44655,3.67,0.22
878,2021-01-10,FVG,2940,919,2021,1745,950,245,0,0,0,2940,0,ITH,ITH4,6,Friuli-Venezia Giulia,Friuli Venezia Giulia,1215220,47595,3.92,0.24
879,2021-01-13,FVG,2651,834,1817,1822,599,230,0,0,0,2651,0,ITH,ITH4,6,Friuli-Venezia Giulia,Friuli Venezia Giulia,1215220,50246,4.13,0.22
880,2020-12-27,FVG,262,149,113,259,3,0,0,0,0,262,0,ITH,ITH4,6,Friuli-Venezia Giulia,Friuli Venezia Giulia,1215220,50508,4.16,0.02
881,2021-02-02,FVG,2464,806,1658,1653,395,416,0,0,0,216,2248,ITH,ITH4,6,Friuli-Venezia Giulia,Friuli Venezia Giulia,1215220,52972,4.36,0.2
882,2021-02-06,FVG,1152,337,815,755,207,190,0,0,0,21,1131,ITH,ITH4,6,Friuli-Venezia Giulia,Friuli Venezia Giulia,1215220,54124,4.45,0.09
883,2021-01-22,FVG,90,30,60,89,1,0,0,0,0,0,90,ITH,ITH4,6,Friuli-Venezia Giulia,Friuli Venezia Giulia,1215220,54214,4.46,0.01
884,2021-01-31,FVG,2712,836,1876,1692,1002,18,0,0,0,385,2327,ITH,ITH4,6,Friuli-Venezia Giulia,Friuli Venezia Giulia,1215220,56926,4.68,0.22
885,2021-02-10,FVG,1352,496,856,745,487,119,0,0,1,1266,86,ITH,ITH4,6,Friuli-Venezia Giulia,Friuli Venezia Giulia,1215220,58278,4.8,0.11
886,2021-01-26,FVG,1971,647,1324,1438,152,381,0,0,0,213,1758,ITH,ITH4,6,Friuli-Venezia Giulia,Friuli Venezia Giulia,1215220,60249,4.96,0.16
887,2021-01-12,FVG,2257,712,1545,1523,373,361,0,0,0,2257,0,ITH,ITH4,6,Friuli-Venezia Giulia,Friuli Venezia Giulia,1215220,62506,5.14,0.19
888,2021-01-17,FVG,1720,524,1196,674,560,486,0,0,0,1720,0,ITH,ITH4,6,Friuli-Venezia Giulia,Friuli Venezia Giulia,1215220,64226,5.29,0.14
889,2021-01-25,FVG,1582,567,1015,1369,141,72,0,0,0,194,1388,ITH,ITH4,6,Friuli-Venezia Giulia,Friuli Venezia Giulia,1215220,65808,5.42,0.13
890,2021-01-21,FVG,894,345,549,863,31,0,0,0,0,1,893,ITH,ITH4,6,Friuli-Venezia Giulia,Friuli Venezia Giulia,1215220,66702,5.49,0.07
891,2021-02-23,FVG,2606,1248,1358,103,104,206,1939,254,0,2428,178,ITH,ITH4,6,Friuli-Venezia Giulia,Friuli Venezia Giulia,1215220,69308,5.7,0.21
892,2021-02-24,FVG,1483,639,844,13,13,170,1162,0,125,1465,18,ITH,ITH4,6,Friuli-Venezia Giulia,Friuli Venezia Giulia,1215220,70791,5.83,0.12
893,2021-02-11,FVG,1915,660,1255,1128,562,222,3,0,0,1723,192,ITH,ITH4,6,Friuli-Venezia Giulia,Friuli Venezia Giulia,1215220,72706,5.98,0.16
894,2021-02-17,FVG,2290,948,1342,327,194,228,1541,0,0,1812,478,ITH,ITH4,6,Friuli-Venezia Giulia,Friuli Venezia Giulia,1215220,74996,6.17,0.19
895,2021-01-23,FVG,816,324,492,768,48,0,0,0,0,4,812,ITH,ITH4,6,Friuli-Venezia Giulia,Friuli Venezia Giulia,1215220,75812,6.24,0.07
896,2021-02-16,FVG,2502,1129,1373,260,273,220,1749,0,0,2387,115,ITH,ITH4,6,Friuli-Venezia Giulia,Friuli Venezia Giulia,1215220,78314,6.44,0.21
897,2021-01-09,FVG,2517,841,1676,1519,405,593,0,0,0,2517,0,ITH,ITH4,6,Friuli-Venezia Giulia,Friuli Venezia Giulia,1215220,80831,6.65,0.21
898,2021-02-15,FVG,2442,908,1534,696,401,314,1031,0,0,2192,250,ITH,ITH4,6,Friuli-Venezia Giulia,Friuli Venezia Giulia,1215220,83273,6.85,0.2
899,2021-02-09,FVG,1839,550,1289,1046,507,286,0,0,0,1552,287,ITH,ITH4,6,Friuli-Venezia Giulia,Friuli Venezia Giulia,1215220,85112,7.0,0.15
900,2021-01-20,FVG,750,323,427,719,31,0,0,0,0,12,738,ITH,ITH4,6,Friuli-Venezia Giulia,Friuli Venezia Giulia,1215220,85862,7.07,0.06
901,2021-01-05,FVG,1679,550,1129,1349,133,197,0,0,0,1679,0,ITH,ITH4,6,Friuli-Venezia Giulia,Friuli Venezia Giulia,1215220,87541,7.2,0.14
902,2021-01-16,FVG,1231,360,871,771,212,248,0,0,0,1231,0,ITH,ITH4,6,Friuli-Venezia Giulia,Friuli Venezia Giulia,1215220,88772,7.31,0.1
903,2021-02-04,FVG,2730,807,1923,1722,543,465,0,0,0,36,2694,ITH,ITH4,6,Friuli-Venezia Giulia,Friuli Venezia Giulia,1215220,91502,7.53,0.22
904,2021-01-06,FVG,709,264,445,514,195,0,0,0,0,709,0,ITH,ITH4,6,Friuli-Venezia Giulia,Friuli Venezia Giulia,1215220,92211,7.59,0.06
905,2021-01-28,FVG,2235,792,1443,1754,287,194,0,0,0,354,1881,ITH,ITH4,6,Friuli-Venezia Giulia,Friuli Venezia Giulia,1215220,94446,7.77,0.18
906,2021-01-11,FVG,1882,609,1273,1500,336,46,0,0,0,1882,0,ITH,ITH4,6,Friuli-Venezia Giulia,Friuli Venezia Giulia,1215220,96328,7.93,0.15
907,2021-01-15,FVG,2028,606,1422,1283,370,375,0,0,0,2028,0,ITH,ITH4,6,Friuli-Venezia Giulia,Friuli Venezia Giulia,1215220,98356,8.09,0.17
908,2021-01-02,VEN,5740,1765,3975,4796,398,544,2,0,0,5740,0,ITH,ITH3,5,Veneto,Veneto,4905854,5740,0.12,0.12
909,2021-02-05,VEN,8352,2529,5823,4253,1928,2158,5,5,3,1414,6938,ITH,ITH3,5,Veneto,Veneto,4905854,14092,0.29,0.17
910,2021-01-13,VEN,5975,1600,4375,2790,1302,1880,3,0,0,5975,0,ITH,ITH3,5,Veneto,Veneto,4905854,20067,0.41,0.12
911,2021-01-07,VEN,8361,2321,6040,5467,1087,1807,0,0,0,8361,0,ITH,ITH3,5,Veneto,Veneto,4905854,28428,0.58,0.17
912,2021-02-23,VEN,6917,3033,3884,721,493,132,5372,67,132,6663,254,ITH,ITH3,5,Veneto,Veneto,4905854,35345,0.72,0.14
913,2021-02-16,VEN,6702,2897,3805,733,384,559,5025,1,0,6526,176,ITH,ITH3,5,Veneto,Veneto,4905854,42047,0.86,0.14
914,2021-01-22,VEN,1080,332,748,946,77,57,0,0,0,26,1054,ITH,ITH3,5,Veneto,Veneto,4905854,43127,0.88,0.02
915,2021-02-17,VEN,6005,2765,3240,406,278,363,4953,5,0,5911,94,ITH,ITH3,5,Veneto,Veneto,4905854,49132,1.0,0.12
916,2021-01-29,VEN,8995,2780,6215,6035,1522,1434,3,1,0,367,8628,ITH,ITH3,5,Veneto,Veneto,4905854,58127,1.18,0.18
917,2021-02-09,VEN,5077,1834,3243,3065,866,1126,20,0,0,3387,1690,ITH,ITH3,5,Veneto,Veneto,4905854,63204,1.29,0.1
918,2021-01-31,VEN,4689,1541,3148,3649,672,360,4,2,2,386,4303,ITH,ITH3,5,Veneto,Veneto,4905854,67893,1.38,0.1
919,2021-01-26,VEN,6903,2081,4822,5309,628,962,0,1,3,155,6748,ITH,ITH3,5,Veneto,Veneto,4905854,74796,1.52,0.14
920,2021-01-09,VEN,7924,2535,5389,5170,1165,1573,3,11,2,7924,0,ITH,ITH3,5,Veneto,Veneto,4905854,82720,1.69,0.16
921,2021-02-04,VEN,7286,2010,5276,3428,1467,2378,12,0,1,550,6736,ITH,ITH3,5,Veneto,Veneto,4905854,90006,1.83,0.15
922,2021-02-21,VEN,4564,1163,3401,450,15,0,417,2,3680,4559,5,ITH,ITH3,5,Veneto,Veneto,4905854,94570,1.93,0.09
923,2021-02-07,VEN,2313,861,1452,1924,337,50,2,0,0,714,1599,ITH,ITH3,5,Veneto,Veneto,4905854,96883,1.97,0.05
924,2020-12-30,VEN,699,245,454,598,62,39,0,0,0,699,0,ITH,ITH3,5,Veneto,Veneto,4905854,97582,1.99,0.01
925,2021-01-18,VEN,2761,782,1979,1216,538,999,8,0,0,2562,199,ITH,ITH3,5,Veneto,Veneto,4905854,100343,2.05,0.06
926,2020-12-31,VEN,3220,1044,2176,2701,265,252,0,0,2,3220,0,ITH,ITH3,5,Veneto,Veneto,4905854,103563,2.11,0.07
927,2021-02-01,VEN,8520,2489,6031,4204,1960,2108,245,0,3,166,8354,ITH,ITH3,5,Veneto,Veneto,4905854,112083,2.28,0.17
928,2021-01-19,VEN,1309,472,837,726,253,324,6,0,0,1160,149,ITH,ITH3,5,Veneto,Veneto,4905854,113392,2.31,0.03
929,2021-01-04,VEN,6726,2029,4697,5238,570,913,1,0,4,6726,0,ITH,ITH3,5,Veneto,Veneto,4905854,120118,2.45,0.14
930,2021-01-21,VEN,2290,719,1571,1985,162,141,0,0,2,21,2269,ITH,ITH3,5,Veneto,Veneto,4905854,122408,2.5,0.05
931,2021-01-03,VEN,5157,1563,3594,4596,311,249,0,0,1,5157,0,ITH,ITH3,5,Veneto,Veneto,4905854,127565,2.6,0.11
932,2021-02-03,VEN,5925,1658,4267,2851,1337,1734,1,0,2,474,5451,ITH,ITH3,5,Veneto,Veneto,4905854,133490,2.72,0.12
933,2021-01-30,VEN,8715,2662,6053,6200,1292,1206,4,12,1,674,8041,ITH,ITH3,5,Veneto,Veneto,4905854,142205,2.9,0.18
934,2021-02-06,VEN,4084,1349,2735,3016,698,367,3,0,0,705,3379,ITH,ITH3,5,Veneto,Veneto,4905854,146289,2.98,0.08
935,2021-02-13,VEN,3194,1455,1739,1549,621,1021,3,0,0,3178,16,ITH,ITH3,5,Veneto,Veneto,4905854,149483,3.05,0.07
936,2021-01-24,VEN,4116,1219,2897,3750,142,222,1,0,1,28,4088,ITH,ITH3,5,Veneto,Veneto,4905854,153599,3.13,0.08
937,2021-01-01,VEN,1525,470,1055,1494,30,1,0,0,0,1525,0,ITH,ITH3,5,Veneto,Veneto,4905854,155124,3.16,0.03
938,2021-02-08,VEN,4924,1533,3391,2743,1000,1168,12,0,1,1921,3003,ITH,ITH3,5,Veneto,Veneto,4905854,160048,3.26,0.1
939,2021-02-22,VEN,6875,2968,3907,688,250,294,5416,0,227,6487,388,ITH,ITH3,5,Veneto,Veneto,4905854,166923,3.4,0.14
940,2021-01-05,VEN,7327,2183,5144,5410,790,1122,0,1,4,7327,0,ITH,ITH3,5,Veneto,Veneto,4905854,174250,3.55,0.15
941,2021-01-20,VEN,1039,368,671,696,130,213,0,0,0,387,652,ITH,ITH3,5,Veneto,Veneto,4905854,175289,3.57,0.02
942,2021-01-27,VEN,7141,2064,5077,5203,1057,879,0,0,2,247,6894,ITH,ITH3,5,Veneto,Veneto,4905854,182430,3.72,0.15
943,2020-12-27,VEN,880,395,485,875,4,0,0,0,1,880,0,ITH,ITH3,5,Veneto,Veneto,4905854,183310,3.74,0.02
944,2021-02-02,VEN,6401,1841,4560,2968,1287,1993,152,0,1,391,6010,ITH,ITH3,5,Veneto,Veneto,4905854,189711,3.87,0.13
945,2021-01-28,VEN,9178,2652,6526,6457,1288,1430,0,0,3,171,9007,ITH,ITH3,5,Veneto,Veneto,4905854,198889,4.05,0.19
946,2021-01-10,VEN,5019,1661,3358,3838,715,462,2,2,0,5019,0,ITH,ITH3,5,Veneto,Veneto,4905854,203908,4.16,0.1
947,2021-02-18,VEN,5659,2430,3229,939,359,553,3803,0,5,5592,67,ITH,ITH3,5,Veneto,Veneto,4905854,209567,4.27,0.12
948,2021-01-08,VEN,9398,2831,6567,5978,1605,1807,3,1,4,9398,0,ITH,ITH3,5,Veneto,Veneto,4905854,218965,4.46,0.19
949,2021-02-14,VEN,124,55,69,93,31,0,0,0,0,111,13,ITH,ITH3,5,Veneto,Veneto,4905854,219089,4.47,0.0
950,2021-02-19,VEN,7043,2996,4047,1297,878,491,4372,3,2,6850,193,ITH,ITH3,5,Veneto,Veneto,4905854,226132,4.61,0.14
951,2021-01-06,VEN,8127,2380,5747,6305,1010,807,1,2,2,8127,0,ITH,ITH3,5,Veneto,Veneto,4905854,234259,4.78,0.17
952,2021-01-16,VEN,4565,1530,3035,3165,750,650,0,0,0,4565,0,ITH,ITH3,5,Veneto,Veneto,4905854,238824,4.87,0.09
953,2021-02-24,VEN,7151,3095,4056,1017,487,224,5183,233,7,6844,307,ITH,ITH3,5,Veneto,Veneto,4905854,245975,5.01,0.15
954,2021-01-17,VEN,1932,780,1152,1587,220,120,3,0,2,1583,349,ITH,ITH3,5,Veneto,Veneto,4905854,247907,5.05,0.04
955,2021-02-12,VEN,4282,1420,2862,2697,900,677,6,2,0,3706,576,ITH,ITH3,5,Veneto,Veneto,4905854,252189,5.14,0.09
956,2021-01-25,VEN,6466,2074,4392,5059,500,904,1,0,2,170,6296,ITH,ITH3,5,Veneto,Veneto,4905854,258655,5.27,0.13
957,2021-01-11,VEN,7236,2100,5136,3499,1533,1956,247,0,1,7236,0,ITH,ITH3,5,Veneto,Veneto,4905854,265891,5.42,0.15
958,2021-01-15,VEN,5871,1820,4051,2991,1300,1565,9,3,3,5871,0,ITH,ITH3,5,Veneto,Veneto,4905854,271762,5.54,0.12
959,2021-02-11,VEN,3774,1149,2625,2468,632,663,9,1,1,3147,627,ITH,ITH3,5,Veneto,Veneto,4905854,275536,5.62,0.08
960,2021-01-14,VEN,7053,1924,5129,3228,1335,2473,17,0,0,7053,0,ITH,ITH3,5,Veneto,Veneto,4905854,282589,5.76,0.14
961,2021-01-12,VEN,5230,1516,3714,2250,1058,1752,168,0,2,5230,0,ITH,ITH3,5,Veneto,Veneto,4905854,287819,5.87,0.11
962,2021-01-23,VEN,4063,1255,2808,3403,206,450,1,0,3,34,4029,ITH,ITH3,5,Veneto,Veneto,4905854,291882,5.95,0.08
963,2021-02-15,VEN,4242,1772,2470,411,184,337,3296,13,1,4003,239,ITH,ITH3,5,Veneto,Veneto,4905854,296124,6.04,0.09
964,2021-02-20,VEN,6109,1869,4240,1566,305,28,970,5,3235,6104,5,ITH,ITH3,5,Veneto,Veneto,4905854,302233,6.16,0.12
965,2021-02-10,VEN,4678,1561,3117,3064,870,743,0,0,1,3643,1035,ITH,ITH3,5,Veneto,Veneto,4905854,306911,6.26,0.1
966,2021-01-26,BAS,794,350,444,481,277,35,0,0,1,102,692,ITF,ITF5,17,Basilicata,Basilicata,559084,794,0.14,0.14
967,2021-01-31,BAS,77,24,53,75,2,0,0,0,0,0,77,ITF,ITF5,17,Basilicata,Basilicata,559084,871,0.16,0.01
968,2021-02-10,BAS,531,237,294,172,146,122,90,0,1,479,52,ITF,ITF5,17,Basilicata,Basilicata,559084,1402,0.25,0.09
969,2021-01-29,BAS,612,228,384,275,267,70,0,0,0,63,549,ITF,ITF5,17,Basilicata,Basilicata,559084,2014,0.36,0.11
970,2021-02-07,BAS,372,158,214,257,74,40,0,0,1,49,323,ITF,ITF5,17,Basilicata,Basilicata,559084,2386,0.43,0.07
971,2021-02-24,BAS,581,237,344,80,13,0,488,0,0,515,66,ITF,ITF5,17,Basilicata,Basilicata,559084,2967,0.53,0.1
972,2021-01-17,BAS,327,132,195,95,178,54,0,0,0,326,1,ITF,ITF5,17,Basilicata,Basilicata,559084,3294,0.59,0.06
973,2021-01-21,BAS,30,10,20,0,30,0,0,0,0,30,0,ITF,ITF5,17,Basilicata,Basilicata,559084,3324,0.59,0.01
974,2021-01-25,BAS,1019,426,593,672,346,1,0,0,0,74,945,ITF,ITF5,17,Basilicata,Basilicata,559084,4343,0.78,0.18
975,2021-01-07,BAS,640,319,321,352,259,29,0,0,0,640,0,ITF,ITF5,17,Basilicata,Basilicata,559084,4983,0.89,0.11
976,2021-02-23,BAS,1475,608,867,156,40,35,1244,0,0,1337,138,ITF,ITF5,17,Basilicata,Basilicata,559084,6458,1.16,0.26
977,2021-01-22,BAS,66,24,42,6,60,0,0,0,0,66,0,ITF,ITF5,17,Basilicata,Basilicata,559084,6524,1.17,0.01
978,2021-02-15,BAS,601,226,375,185,137,40,237,2,0,560,41,ITF,ITF5,17,Basilicata,Basilicata,559084,7125,1.27,0.11
979,2021-02-09,BAS,488,212,276,199,235,54,0,0,0,314,174,ITF,ITF5,17,Basilicata,Basilicata,559084,7613,1.36,0.09
980,2021-01-09,BAS,558,161,397,282,207,67,0,0,2,558,0,ITF,ITF5,17,Basilicata,Basilicata,559084,8171,1.46,0.1
981,2021-01-05,BAS,945,409,536,735,210,0,0,0,0,945,0,ITF,ITF5,17,Basilicata,Basilicata,559084,9116,1.63,0.17
982,2021-01-20,BAS,84,22,62,0,84,0,0,0,0,84,0,ITF,ITF5,17,Basilicata,Basilicata,559084,9200,1.65,0.02
983,2021-01-27,BAS,410,174,236,151,233,26,0,0,0,113,297,ITF,ITF5,17,Basilicata,Basilicata,559084,9610,1.72,0.07
984,2021-01-02,BAS,948,379,569,848,96,0,0,0,4,948,0,ITF,ITF5,17,Basilicata,Basilicata,559084,10558,1.89,0.17
985,2020-12-27,BAS,106,41,65,104,2,0,0,0,0,106,0,ITF,ITF5,17,Basilicata,Basilicata,559084,10664,1.91,0.02
986,2021-01-15,BAS,812,349,463,454,183,174,0,0,1,812,0,ITF,ITF5,17,Basilicata,Basilicata,559084,11476,2.05,0.15
987,2021-01-11,BAS,183,66,117,78,64,41,0,0,0,183,0,ITF,ITF5,17,Basilicata,Basilicata,559084,11659,2.09,0.03
988,2021-01-28,BAS,903,401,502,442,385,76,0,0,0,119,784,ITF,ITF5,17,Basilicata,Basilicata,559084,12562,2.25,0.16
989,2021-01-14,BAS,969,413,556,422,224,323,0,0,0,969,0,ITF,ITF5,17,Basilicata,Basilicata,559084,13531,2.42,0.17
990,2021-01-18,BAS,462,157,305,362,54,45,0,0,1,363,99,ITF,ITF5,17,Basilicata,Basilicata,559084,13993,2.5,0.08
991,2021-02-11,BAS,767,322,445,200,168,103,291,4,1,684,83,ITF,ITF5,17,Basilicata,Basilicata,559084,14760,2.64,0.14
992,2021-01-12,BAS,216,87,129,39,79,98,0,0,0,216,0,ITF,ITF5,17,Basilicata,Basilicata,559084,14976,2.68,0.04
993,2021-01-23,BAS,705,298,407,481,222,1,0,0,1,33,672,ITF,ITF5,17,Basilicata,Basilicata,559084,15681,2.8,0.13
994,2021-02-14,BAS,130,39,91,55,12,63,0,0,0,130,0,ITF,ITF5,17,Basilicata,Basilicata,559084,15811,2.83,0.02
995,2021-02-19,BAS,1262,594,668,218,371,65,608,0,0,1201,61,ITF,ITF5,17,Basilicata,Basilicata,559084,17073,3.05,0.23
996,2021-01-08,BAS,557,220,337,263,231,61,0,0,2,557,0,ITF,ITF5,17,Basilicata,Basilicata,559084,17630,3.15,0.1
997,2021-02-20,BAS,785,386,399,70,176,68,471,0,0,668,117,ITF,ITF5,17,Basilicata,Basilicata,559084,18415,3.29,0.14
998,2021-01-04,BAS,607,271,336,533,71,0,0,0,3,607,0,ITF,ITF5,17,Basilicata,Basilicata,559084,19022,3.4,0.11
999,2021-02-01,BAS,242,91,151,97,97,48,0,0,0,46,196,ITF,ITF5,17,Basilicata,Basilicata,559084,19264,3.45,0.04
1000,2021-01-19,BAS,199,84,115,78,77,44,0,0,0,199,0,ITF,ITF5,17,Basilicata,Basilicata,559084,19463,3.48,0.04
1001,2021-01-16,BAS,721,304,417,270,287,161,0,0,3,721,0,ITF,ITF5,17,Basilicata,Basilicata,559084,20184,3.61,0.13
1002,2021-02-12,BAS,651,284,367,285,269,89,2,6,0,620,31,ITF,ITF5,17,Basilicata,Basilicata,559084,20835,3.73,0.12
1003,2021-02-16,BAS,778,325,453,246,95,65,370,1,1,680,98,ITF,ITF5,17,Basilicata,Basilicata,559084,21613,3.87,0.14
1004,2021-01-06,BAS,294,129,165,144,114,36,0,0,0,294,0,ITF,ITF5,17,Basilicata,Basilicata,559084,21907,3.92,0.05
1005,2021-02-17,BAS,857,363,494,120,113,57,565,1,1,781,76,ITF,ITF5,17,Basilicata,Basilicata,559084,22764,4.07,0.15
1006,2021-02-04,BAS,1089,438,651,551,259,279,0,0,0,63,1026,ITF,ITF5,17,Basilicata,Basilicata,559084,23853,4.27,0.19
1007,2021-02-18,BAS,1029,380,649,264,78,149,538,0,0,813,216,ITF,ITF5,17,Basilicata,Basilicata,559084,24882,4.45,0.18
1008,2021-02-21,BAS,206,86,120,14,2,11,178,0,1,206,0,ITF,ITF5,17,Basilicata,Basilicata,559084,25088,4.49,0.04
1009,2021-02-22,BAS,1451,636,815,126,84,2,1239,0,0,1399,52,ITF,ITF5,17,Basilicata,Basilicata,559084,26539,4.75,0.26
1010,2021-02-08,BAS,552,190,362,431,72,47,0,0,2,148,404,ITF,ITF5,17,Basilicata,Basilicata,559084,27091,4.85,0.1
1011,2021-02-02,BAS,363,141,222,134,128,101,0,0,0,175,188,ITF,ITF5,17,Basilicata,Basilicata,559084,27454,4.91,0.06
1012,2021-01-03,BAS,900,344,556,789,108,0,0,0,3,900,0,ITF,ITF5,17,Basilicata,Basilicata,559084,28354,5.07,0.16
1013,2021-01-30,BAS,700,226,474,299,275,126,0,0,0,128,572,ITF,ITF5,17,Basilicata,Basilicata,559084,29054,5.2,0.13
1014,2021-02-03,BAS,666,300,366,305,189,172,0,0,0,32,634,ITF,ITF5,17,Basilicata,Basilicata,559084,29720,5.32,0.12
1015,2021-01-10,BAS,77,24,53,9,68,0,0,0,0,77,0,ITF,ITF5,17,Basilicata,Basilicata,559084,29797,5.33,0.01
1016,2021-02-05,BAS,980,440,540,516,274,190,0,0,0,62,918,ITF,ITF5,17,Basilicata,Basilicata,559084,30777,5.5,0.18
1017,2021-01-13,BAS,915,386,529,588,178,148,0,0,1,915,0,ITF,ITF5,17,Basilicata,Basilicata,559084,31692,5.67,0.16
1018,2021-02-06,BAS,900,366,534,544,187,168,0,0,1,144,756,ITF,ITF5,17,Basilicata,Basilicata,559084,32592,5.83,0.16
1019,2021-02-13,BAS,665,249,416,280,197,115,71,2,0,605,60,ITF,ITF5,17,Basilicata,Basilicata,559084,33257,5.95,0.12
1020,2021-01-24,BAS,834,299,535,603,230,1,0,0,0,58,776,ITF,ITF5,17,Basilicata,Basilicata,559084,34091,6.1,0.15
1021,2021-01-02,SAR,60,21,39,60,0,0,0,0,0,60,0,ITG,ITG2,20,Sardegna,Sardegna,1639591,60,0.0,0.0
1022,2020-12-28,SAR,65,25,40,65,0,0,0,0,0,65,0,ITG,ITG2,20,Sardegna,Sardegna,1639591,125,0.01,0.0
1023,2021-01-13,SAR,573,178,395,494,79,0,0,0,0,573,0,ITG,ITG2,20,Sardegna,Sardegna,1639591,698,0.04,0.03
1024,2021-02-23,SAR,1524,1027,497,591,501,89,6,337,0,1280,244,ITG,ITG2,20,Sardegna,Sardegna,1639591,2222,0.14,0.09
1025,2021-01-07,SAR,3111,1077,2034,2720,380,0,0,11,0,3111,0,ITG,ITG2,20,Sardegna,Sardegna,1639591,5333,0.33,0.19
1026,2021-02-05,SAR,1897,749,1148,1214,515,164,1,3,0,433,1464,ITG,ITG2,20,Sardegna,Sardegna,1639591,7230,0.44,0.12
1027,2021-02-17,SAR,1384,563,821,679,369,311,0,25,0,1310,74,ITG,ITG2,20,Sardegna,Sardegna,1639591,8614,0.53,0.08
1028,2021-01-22,SAR,83,47,36,45,38,0,0,0,0,55,28,ITG,ITG2,20,Sardegna,Sardegna,1639591,8697,0.53,0.01
1029,2021-02-16,SAR,699,288,411,373,212,114,0,0,0,670,29,ITG,ITG2,20,Sardegna,Sardegna,1639591,9396,0.57,0.04
1030,2021-01-09,SAR,4026,1417,2609,3181,845,0,0,0,0,4026,0,ITG,ITG2,20,Sardegna,Sardegna,1639591,13422,0.82,0.25
1031,2021-01-29,SAR,2951,1067,1884,2580,368,3,0,0,0,48,2903,ITG,ITG2,20,Sardegna,Sardegna,1639591,16373,1.0,0.18
1032,2021-02-09,SAR,2283,836,1447,1306,478,497,1,0,1,1287,996,ITG,ITG2,20,Sardegna,Sardegna,1639591,18656,1.14,0.14
1033,2021-01-26,SAR,1336,453,883,1296,39,0,0,0,1,27,1309,ITG,ITG2,20,Sardegna,Sardegna,1639591,19992,1.22,0.08
1034,2021-02-21,SAR,1584,709,875,66,32,59,1421,6,0,1554,30,ITG,ITG2,20,Sardegna,Sardegna,1639591,21576,1.32,0.1
1035,2021-01-31,SAR,2121,750,1371,1544,576,0,1,0,0,48,2073,ITG,ITG2,20,Sardegna,Sardegna,1639591,23697,1.45,0.13
1036,2021-01-17,SAR,860,277,583,747,113,0,0,0,0,859,1,ITG,ITG2,20,Sardegna,Sardegna,1639591,24557,1.5,0.05
1037,2021-01-16,SAR,1492,525,967,1282,209,0,0,0,1,1492,0,ITG,ITG2,20,Sardegna,Sardegna,1639591,26049,1.59,0.09
1038,2021-02-24,SAR,1884,1043,841,955,553,127,2,247,0,1704,180,ITG,ITG2,20,Sardegna,Sardegna,1639591,27933,1.7,0.11
1039,2021-01-11,SAR,1182,505,677,656,526,0,0,0,0,1182,0,ITG,ITG2,20,Sardegna,Sardegna,1639591,29115,1.78,0.07
1040,2021-01-25,SAR,588,212,376,553,35,0,0,0,0,22,566,ITG,ITG2,20,Sardegna,Sardegna,1639591,29703,1.81,0.04
1041,2021-02-12,SAR,2233,931,1302,985,748,499,1,0,0,2169,64,ITG,ITG2,20,Sardegna,Sardegna,1639591,31936,1.95,0.14
1042,2021-01-15,SAR,1563,573,990,1170,390,0,0,3,0,1563,0,ITG,ITG2,20,Sardegna,Sardegna,1639591,33499,2.04,0.1
1043,2021-01-14,SAR,1105,426,679,885,220,0,0,0,0,1105,0,ITG,ITG2,20,Sardegna,Sardegna,1639591,34604,2.11,0.07
1044,2021-01-23,SAR,60,22,38,60,0,0,0,0,0,0,60,ITG,ITG2,20,Sardegna,Sardegna,1639591,34664,2.11,0.0
1045,2021-01-12,SAR,865,408,457,504,361,0,0,0,0,865,0,ITG,ITG2,20,Sardegna,Sardegna,1639591,35529,2.17,0.05
1046,2021-02-11,SAR,1311,489,822,588,354,368,1,0,0,1200,111,ITG,ITG2,20,Sardegna,Sardegna,1639591,36840,2.25,0.08
1047,2021-02-10,SAR,1957,764,1193,1167,301,488,0,0,1,1438,519,ITG,ITG2,20,Sardegna,Sardegna,1639591,38797,2.37,0.12
1048,2021-02-20,SAR,2036,854,1182,483,157,194,1201,0,1,1702,334,ITG,ITG2,20,Sardegna,Sardegna,1639591,40833,2.49,0.12
1049,2021-02-15,SAR,940,338,602,429,232,279,0,0,0,909,31,ITG,ITG2,20,Sardegna,Sardegna,1639591,41773,2.55,0.06
1050,2020-12-27,SAR,65,34,31,65,0,0,0,0,0,65,0,ITG,ITG2,20,Sardegna,Sardegna,1639591,41838,2.55,0.0
1051,2021-02-02,SAR,1482,655,827,988,494,0,0,0,0,241,1241,ITG,ITG2,20,Sardegna,Sardegna,1639591,43320,2.64,0.09
1052,2021-01-20,SAR,210,77,133,154,56,0,0,0,0,208,2,ITG,ITG2,20,Sardegna,Sardegna,1639591,43530,2.65,0.01
1053,2021-01-05,SAR,1327,446,881,1283,44,0,0,0,0,1327,0,ITG,ITG2,20,Sardegna,Sardegna,1639591,44857,2.74,0.08
1054,2021-01-27,SAR,1408,494,914,1303,105,0,0,0,0,79,1329,ITG,ITG2,20,Sardegna,Sardegna,1639591,46265,2.82,0.09
1055,2021-01-28,SAR,2968,1044,1924,2554,403,0,0,11,0,69,2899,ITG,ITG2,20,Sardegna,Sardegna,1639591,49233,3.0,0.18
1056,2021-01-10,SAR,2183,750,1433,1632,551,0,0,0,0,2183,0,ITG,ITG2,20,Sardegna,Sardegna,1639591,51416,3.14,0.13
1057,2021-02-18,SAR,1871,731,1140,1069,361,297,1,33,110,1809,62,ITG,ITG2,20,Sardegna,Sardegna,1639591,53287,3.25,0.11
1058,2021-01-08,SAR,3257,1184,2073,2929,328,0,0,0,0,3257,0,ITG,ITG2,20,Sardegna,Sardegna,1639591,56544,3.45,0.2
1059,2021-02-04,SAR,2270,815,1455,1737,363,169,1,0,0,914,1356,ITG,ITG2,20,Sardegna,Sardegna,1639591,58814,3.59,0.14
1060,2021-02-14,SAR,538,262,276,288,193,57,0,0,0,536,2,ITG,ITG2,20,Sardegna,Sardegna,1639591,59352,3.62,0.03
1061,2021-02-19,SAR,1490,468,1022,674,436,378,1,1,0,1434,56,ITG,ITG2,20,Sardegna,Sardegna,1639591,60842,3.71,0.09
1062,2021-01-06,SAR,1615,549,1066,1510,105,0,0,0,0,1615,0,ITG,ITG2,20,Sardegna,Sardegna,1639591,62457,3.81,0.1
1063,2020-12-29,SAR,57,32,25,56,1,0,0,0,0,57,0,ITG,ITG2,20,Sardegna,Sardegna,1639591,62514,3.81,0.0
1064,2021-01-19,SAR,747,270,477,423,163,160,0,0,1,692,55,ITG,ITG2,20,Sardegna,Sardegna,1639591,63261,3.86,0.05
1065,2021-02-07,SAR,1116,394,722,975,141,0,0,0,0,227,889,ITG,ITG2,20,Sardegna,Sardegna,1639591,64377,3.93,0.07
1066,2020-12-31,SAR,32,16,16,28,4,0,0,0,0,32,0,ITG,ITG2,20,Sardegna,Sardegna,1639591,64409,3.93,0.0
1067,2021-02-01,SAR,1524,605,919,894,553,77,0,0,0,225,1299,ITG,ITG2,20,Sardegna,Sardegna,1639591,65933,4.02,0.09
1068,2021-01-04,SAR,591,217,374,565,26,0,0,0,0,591,0,ITG,ITG2,20,Sardegna,Sardegna,1639591,66524,4.06,0.04
1069,2021-01-18,SAR,904,326,578,714,190,0,0,0,0,780,124,ITG,ITG2,20,Sardegna,Sardegna,1639591,67428,4.11,0.06
1070,2021-01-21,SAR,126,60,66,60,66,0,0,0,0,94,32,ITG,ITG2,20,Sardegna,Sardegna,1639591,67554,4.12,0.01
1071,2021-02-03,SAR,1118,418,700,918,181,19,0,0,0,426,692,ITG,ITG2,20,Sardegna,Sardegna,1639591,68672,4.19,0.07
1072,2021-01-30,SAR,3862,1392,2470,2987,874,0,1,0,0,362,3500,ITG,ITG2,20,Sardegna,Sardegna,1639591,72534,4.42,0.24
1073,2021-01-03,SAR,90,36,54,89,1,0,0,0,0,90,0,ITG,ITG2,20,Sardegna,Sardegna,1639591,72624,4.43,0.01
1074,2021-01-24,SAR,90,34,56,89,1,0,0,0,0,5,85,ITG,ITG2,20,Sardegna,Sardegna,1639591,72714,4.43,0.01
1075,2021-02-13,SAR,1451,561,890,732,462,252,0,0,5,1449,2,ITG,ITG2,20,Sardegna,Sardegna,1639591,74165,4.52,0.09
1076,2021-02-06,SAR,1969,697,1272,1543,286,139,0,0,1,568,1401,ITG,ITG2,20,Sardegna,Sardegna,1639591,76134,4.64,0.12
1077,2021-02-08,SAR,1470,533,937,998,345,126,1,0,0,855,615,ITG,ITG2,20,Sardegna,Sardegna,1639591,77604,4.73,0.09
1078,2021-01-01,SAR,30,16,14,30,0,0,0,0,0,30,0,ITG,ITG2,20,Sardegna,Sardegna,1639591,77634,4.73,0.0
1079,2021-02-22,SAR,1567,930,637,585,400,140,2,440,0,1390,177,ITG,ITG2,20,Sardegna,Sardegna,1639591,79201,4.83,0.1
1080,2021-02-16,MAR,1288,475,813,734,462,92,0,0,0,1258,30,ITI,ITI3,11,Marche,Marche,1525271,1288,0.08,0.08
1081,2021-01-23,MAR,557,190,367,440,54,63,0,0,0,123,434,ITI,ITI3,11,Marche,Marche,1525271,1845,0.12,0.04
1082,2021-01-02,MAR,453,139,314,444,9,0,0,0,0,453,0,ITI,ITI3,11,Marche,Marche,1525271,2298,0.15,0.03
1083,2021-02-15,MAR,971,412,559,543,427,1,0,0,0,958,13,ITI,ITI3,11,Marche,Marche,1525271,3269,0.21,0.06
1084,2021-02-21,MAR,377,142,235,204,115,57,0,0,1,376,1,ITI,ITI3,11,Marche,Marche,1525271,3646,0.24,0.02
1085,2021-02-03,MAR,2124,741,1383,1344,614,166,0,0,0,119,2005,ITI,ITI3,11,Marche,Marche,1525271,5770,0.38,0.14
1086,2021-01-15,MAR,1771,500,1271,985,420,366,0,0,0,1771,0,ITI,ITI3,11,Marche,Marche,1525271,7541,0.49,0.12
1087,2021-01-04,MAR,1500,563,937,1290,199,11,0,0,0,1500,0,ITI,ITI3,11,Marche,Marche,1525271,9041,0.59,0.1
1088,2021-01-03,MAR,896,348,548,759,137,0,0,0,0,896,0,ITI,ITI3,11,Marche,Marche,1525271,9937,0.65,0.06
1089,2021-01-24,MAR,890,341,549,772,118,0,0,0,0,17,873,ITI,ITI3,11,Marche,Marche,1525271,10827,0.71,0.06
1090,2021-01-19,MAR,225,81,144,120,20,85,0,0,0,141,84,ITI,ITI3,11,Marche,Marche,1525271,11052,0.72,0.01
1091,2021-01-13,MAR,2105,746,1359,1408,621,76,0,0,0,2105,0,ITI,ITI3,11,Marche,Marche,1525271,13157,0.86,0.14
1092,2021-02-06,MAR,2431,889,1542,1396,639,396,0,0,0,521,1910,ITI,ITI3,11,Marche,Marche,1525271,15588,1.02,0.16
1093,2021-02-05,MAR,2134,650,1484,1309,418,407,0,0,0,440,1694,ITI,ITI3,11,Marche,Marche,1525271,17722,1.16,0.14
1094,2021-02-19,MAR,1963,713,1250,1268,489,203,1,0,2,1828,135,ITI,ITI3,11,Marche,Marche,1525271,19685,1.29,0.13
1095,2021-02-18,MAR,2102,745,1357,1149,549,402,1,0,1,1815,287,ITI,ITI3,11,Marche,Marche,1525271,21787,1.43,0.14
1096,2021-02-10,MAR,1439,452,987,881,343,215,0,0,0,1080,359,ITI,ITI3,11,Marche,Marche,1525271,23226,1.52,0.09
1097,2021-01-18,MAR,673,230,443,370,171,132,0,0,0,547,126,ITI,ITI3,11,Marche,Marche,1525271,23899,1.57,0.04
1098,2021-01-31,MAR,1922,770,1152,1530,392,0,0,0,0,105,1817,ITI,ITI3,11,Marche,Marche,1525271,25821,1.69,0.13
1099,2021-01-14,MAR,2010,692,1318,1112,600,298,0,0,0,2010,0,ITI,ITI3,11,Marche,Marche,1525271,27831,1.82,0.13
1100,2020-12-30,MAR,17,5,12,14,3,0,0,0,0,17,0,ITI,ITI3,11,Marche,Marche,1525271,27848,1.83,0.0
1101,2021-02-20,MAR,4122,1706,2416,118,411,261,3329,3,0,4011,111,ITI,ITI3,11,Marche,Marche,1525271,31970,2.1,0.27
1102,2021-02-24,MAR,2218,979,1239,95,114,150,1855,3,1,2142,76,ITI,ITI3,11,Marche,Marche,1525271,34188,2.24,0.15
1103,2021-01-17,MAR,1598,682,916,964,588,46,0,0,0,1549,49,ITI,ITI3,11,Marche,Marche,1525271,35786,2.35,0.1
1104,2021-01-25,MAR,1595,558,1037,1425,114,56,0,0,0,97,1498,ITI,ITI3,11,Marche,Marche,1525271,37381,2.45,0.1
1105,2021-01-09,MAR,1709,605,1104,1406,303,0,0,0,0,1709,0,ITI,ITI3,11,Marche,Marche,1525271,39090,2.56,0.11
1106,2021-01-07,MAR,1802,633,1169,1480,322,0,0,0,0,1802,0,ITI,ITI3,11,Marche,Marche,1525271,40892,2.68,0.12
1107,2021-02-12,MAR,1583,618,965,815,680,88,0,0,0,1431,152,ITI,ITI3,11,Marche,Marche,1525271,42475,2.78,0.1
1108,2021-02-04,MAR,2337,806,1531,1405,657,275,0,0,0,112,2225,ITI,ITI3,11,Marche,Marche,1525271,44812,2.94,0.15
1109,2021-02-09,MAR,125,42,83,78,21,26,0,0,0,47,78,ITI,ITI3,11,Marche,Marche,1525271,44937,2.95,0.01
1110,2021-01-06,MAR,2181,792,1389,1738,296,147,0,0,0,2181,0,ITI,ITI3,11,Marche,Marche,1525271,47118,3.09,0.14
1111,2021-02-23,MAR,3268,1397,1871,219,134,116,2791,8,0,3212,56,ITI,ITI3,11,Marche,Marche,1525271,50386,3.3,0.21
1112,2021-01-22,MAR,487,167,320,315,85,87,0,0,0,194,293,ITI,ITI3,11,Marche,Marche,1525271,50873,3.34,0.03
1113,2021-02-22,MAR,3412,1498,1914,325,408,77,2595,5,2,3338,74,ITI,ITI3,11,Marche,Marche,1525271,54285,3.56,0.22
1114,2021-02-11,MAR,1987,657,1330,1155,620,212,0,0,0,1598,389,ITI,ITI3,11,Marche,Marche,1525271,56272,3.69,0.13
1115,2021-01-12,MAR,1226,413,813,912,264,50,0,0,0,1226,0,ITI,ITI3,11,Marche,Marche,1525271,57498,3.77,0.08
1116,2021-02-02,MAR,1193,397,796,804,296,93,0,0,0,73,1120,ITI,ITI3,11,Marche,Marche,1525271,58691,3.85,0.08
1117,2021-02-08,MAR,833,258,575,408,163,262,0,0,0,371,462,ITI,ITI3,11,Marche,Marche,1525271,59524,3.9,0.05
1118,2021-01-05,MAR,1562,586,976,1436,126,0,0,0,0,1562,0,ITI,ITI3,11,Marche,Marche,1525271,61086,4.0,0.1
1119,2021-01-27,MAR,2118,780,1338,1752,226,140,0,0,0,122,1996,ITI,ITI3,11,Marche,Marche,1525271,63204,4.14,0.14
1120,2020-12-27,MAR,200,97,103,184,12,4,0,0,0,200,0,ITI,ITI3,11,Marche,Marche,1525271,63404,4.16,0.01
1121,2021-02-07,MAR,1870,734,1136,1156,668,46,0,0,0,344,1526,ITI,ITI3,11,Marche,Marche,1525271,65274,4.28,0.12
1122,2021-01-20,MAR,398,99,299,146,62,190,0,0,0,386,12,ITI,ITI3,11,Marche,Marche,1525271,65672,4.31,0.03
1123,2021-01-10,MAR,1737,699,1038,1462,275,0,0,0,0,1737,0,ITI,ITI3,11,Marche,Marche,1525271,67409,4.42,0.11
1124,2021-01-28,MAR,1972,659,1313,1581,290,101,0,0,0,167,1805,ITI,ITI3,11,Marche,Marche,1525271,69381,4.55,0.13
1125,2021-01-30,MAR,1906,668,1238,1566,340,0,0,0,0,29,1877,ITI,ITI3,11,Marche,Marche,1525271,71287,4.67,0.12
1126,2021-01-11,MAR,1176,411,765,1021,155,0,0,0,0,1176,0,ITI,ITI3,11,Marche,Marche,1525271,72463,4.75,0.08
1127,2021-01-08,MAR,1574,588,986,1226,348,0,0,0,0,1574,0,ITI,ITI3,11,Marche,Marche,1525271,74037,4.85,0.1
1128,2021-01-26,MAR,2016,746,1270,1736,194,86,0,0,0,92,1924,ITI,ITI3,11,Marche,Marche,1525271,76053,4.99,0.13
1129,2020-12-31,MAR,383,178,205,370,13,0,0,0,0,383,0,ITI,ITI3,11,Marche,Marche,1525271,76436,5.01,0.03
1130,2021-02-14,MAR,738,301,437,578,160,0,0,0,0,738,0,ITI,ITI3,11,Marche,Marche,1525271,77174,5.06,0.05
1131,2021-02-13,MAR,1062,453,609,457,515,90,0,0,0,1010,52,ITI,ITI3,11,Marche,Marche,1525271,78236,5.13,0.07
1132,2021-01-16,MAR,2006,723,1283,1059,662,285,0,0,0,2006,0,ITI,ITI3,11,Marche,Marche,1525271,80242,5.26,0.13
1133,2021-02-01,MAR,1360,479,881,1053,226,81,0,0,0,98,1262,ITI,ITI3,11,Marche,Marche,1525271,81602,5.35,0.09
1134,2021-01-29,MAR,1991,730,1261,1479,438,74,0,0,0,168,1823,ITI,ITI3,11,Marche,Marche,1525271,83593,5.48,0.13
1135,2021-01-21,MAR,896,253,643,460,100,336,0,0,0,585,311,ITI,ITI3,11,Marche,Marche,1525271,84489,5.54,0.06
1136,2021-02-17,MAR,1787,663,1124,965,521,300,1,0,0,1668,119,ITI,ITI3,11,Marche,Marche,1525271,86276,5.66,0.12
1137,2021-02-24,VDA,86,32,54,9,10,13,44,9,1,70,16,ITC,ITC2,2,Valle d'Aosta / Vallée d'Aoste,Valle d'Aosta,125666,86,0.07,0.07
1138,2021-01-29,VDA,316,138,178,259,41,16,0,0,0,2,314,ITC,ITC2,2,Valle d'Aosta / Vallée d'Aoste,Valle d'Aosta,125666,402,0.32,0.25
1139,2021-02-21,VDA,18,3,15,0,0,18,0,0,0,0,18,ITC,ITC2,2,Valle d'Aosta / Vallée d'Aoste,Valle d'Aosta,125666,420,0.33,0.01
1140,2021-01-09,VDA,443,199,244,225,196,22,0,0,0,443,0,ITC,ITC2,2,Valle d'Aosta / Vallée d'Aoste,Valle d'Aosta,125666,863,0.69,0.35
1141,2021-01-21,VDA,33,12,21,0,0,33,0,0,0,33,0,ITC,ITC2,2,Valle d'Aosta / Vallée d'Aoste,Valle d'Aosta,125666,896,0.71,0.03
1142,2021-02-16,VDA,325,53,272,10,58,12,5,4,236,320,5,ITC,ITC2,2,Valle d'Aosta / Vallée d'Aoste,Valle d'Aosta,125666,1221,0.97,0.26
1143,2021-02-07,VDA,292,120,172,110,72,0,105,2,3,190,102,ITC,ITC2,2,Valle d'Aosta / Vallée d'Aoste,Valle d'Aosta,125666,1513,1.2,0.23
1144,2021-01-30,VDA,436,202,234,232,192,12,0,0,0,13,423,ITC,ITC2,2,Valle d'Aosta / Vallée d'Aoste,Valle d'Aosta,125666,1949,1.55,0.35
1145,2021-01-14,VDA,237,69,168,151,84,0,2,0,0,237,0,ITC,ITC2,2,Valle d'Aosta / Vallée d'Aoste,Valle d'Aosta,125666,2186,1.74,0.19
1146,2021-02-22,VDA,316,94,222,62,41,37,103,6,67,213,103,ITC,ITC2,2,Valle d'Aosta / Vallée d'Aoste,Valle d'Aosta,125666,2502,1.99,0.25
1147,2021-02-05,VDA,294,102,192,159,82,0,53,0,0,101,193,ITC,ITC2,2,Valle d'Aosta / Vallée d'Aoste,Valle d'Aosta,125666,2796,2.22,0.23
1148,2021-01-13,VDA,337,110,227,166,143,28,0,0,0,337,0,ITC,ITC2,2,Valle d'Aosta / Vallée d'Aoste,Valle d'Aosta,125666,3133,2.49,0.27
1149,2021-01-18,VDA,213,74,139,29,111,27,46,0,0,213,0,ITC,ITC2,2,Valle d'Aosta / Vallée d'Aoste,Valle d'Aosta,125666,3346,2.66,0.17
1150,2021-01-02,VDA,6,5,1,0,0,6,0,0,0,6,0,ITC,ITC2,2,Valle d'Aosta / Vallée d'Aoste,Valle d'Aosta,125666,3352,2.67,0.0
1151,2021-02-06,VDA,288,103,185,169,44,0,74,1,0,91,197,ITC,ITC2,2,Valle d'Aosta / Vallée d'Aoste,Valle d'Aosta,125666,3640,2.9,0.23
1152,2021-01-22,VDA,56,21,35,36,0,20,0,0,0,20,36,ITC,ITC2,2,Valle d'Aosta / Vallée d'Aoste,Valle d'Aosta,125666,3696,2.94,0.04
1153,2021-02-20,VDA,249,209,40,6,51,7,2,174,9,240,9,ITC,ITC2,2,Valle d'Aosta / Vallée d'Aoste,Valle d'Aosta,125666,3945,3.14,0.2
1154,2021-01-11,VDA,325,112,213,238,57,30,0,0,0,325,0,ITC,ITC2,2,Valle d'Aosta / Vallée d'Aoste,Valle d'Aosta,125666,4270,3.4,0.26
1155,2021-01-20,VDA,23,8,15,0,0,6,17,0,0,23,0,ITC,ITC2,2,Valle d'Aosta / Vallée d'Aoste,Valle d'Aosta,125666,4293,3.42,0.02
1156,2021-02-23,VDA,216,123,93,0,165,0,0,35,16,216,0,ITC,ITC2,2,Valle d'Aosta / Vallée d'Aoste,Valle d'Aosta,125666,4509,3.59,0.17
1157,2021-02-09,VDA,251,84,167,78,30,14,75,1,53,68,183,ITC,ITC2,2,Valle d'Aosta / Vallée d'Aoste,Valle d'Aosta,125666,4760,3.79,0.2
1158,2021-02-17,VDA,327,144,183,25,19,30,237,16,0,227,100,ITC,ITC2,2,Valle d'Aosta / Vallée d'Aoste,Valle d'Aosta,125666,5087,4.05,0.26
1159,2021-01-08,VDA,299,130,169,240,43,16,0,0,0,299,0,ITC,ITC2,2,Valle d'Aosta / Vallée d'Aoste,Valle d'Aosta,125666,5386,4.29,0.24
1160,2021-01-05,VDA,150,54,96,127,12,11,0,0,0,150,0,ITC,ITC2,2,Valle d'Aosta / Vallée d'Aoste,Valle d'Aosta,125666,5536,4.41,0.12
1161,2021-01-10,VDA,220,71,149,172,29,19,0,0,0,220,0,ITC,ITC2,2,Valle d'Aosta / Vallée d'Aoste,Valle d'Aosta,125666,5756,4.58,0.18
1162,2020-12-31,VDA,18,4,14,16,2,0,0,0,0,18,0,ITC,ITC2,2,Valle d'Aosta / Vallée d'Aoste,Valle d'Aosta,125666,5774,4.59,0.01
1163,2021-01-06,VDA,65,33,32,29,18,18,0,0,0,65,0,ITC,ITC2,2,Valle d'Aosta / Vallée d'Aoste,Valle d'Aosta,125666,5839,4.65,0.05
1164,2021-01-12,VDA,302,72,230,242,49,11,0,0,0,302,0,ITC,ITC2,2,Valle d'Aosta / Vallée d'Aoste,Valle d'Aosta,125666,6141,4.89,0.24
1165,2021-02-11,VDA,231,107,124,53,38,0,127,13,0,222,9,ITC,ITC2,2,Valle d'Aosta / Vallée d'Aoste,Valle d'Aosta,125666,6372,5.07,0.18
1166,2020-12-27,VDA,20,9,11,20,0,0,0,0,0,20,0,ITC,ITC2,2,Valle d'Aosta / Vallée d'Aoste,Valle d'Aosta,125666,6392,5.09,0.02
1167,2021-01-15,VDA,218,82,136,116,68,28,6,0,0,218,0,ITC,ITC2,2,Valle d'Aosta / Vallée d'Aoste,Valle d'Aosta,125666,6610,5.26,0.17
1168,2021-02-08,VDA,223,83,140,28,103,3,64,0,25,25,198,ITC,ITC2,2,Valle d'Aosta / Vallée d'Aoste,Valle d'Aosta,125666,6833,5.44,0.18
1169,2021-02-02,VDA,270,70,200,225,43,2,0,0,0,2,268,ITC,ITC2,2,Valle d'Aosta / Vallée d'Aoste,Valle d'Aosta,125666,7103,5.65,0.21
1170,2021-01-17,VDA,131,56,75,49,3,20,59,0,0,131,0,ITC,ITC2,2,Valle d'Aosta / Vallée d'Aoste,Valle d'Aosta,125666,7234,5.76,0.1
1171,2021-02-10,VDA,239,75,164,51,25,18,126,1,18,132,107,ITC,ITC2,2,Valle d'Aosta / Vallée d'Aoste,Valle d'Aosta,125666,7473,5.95,0.19
1172,2021-02-15,VDA,264,136,128,24,29,24,170,15,2,229,35,ITC,ITC2,2,Valle d'Aosta / Vallée d'Aoste,Valle d'Aosta,125666,7737,6.16,0.21
1173,2021-01-19,VDA,256,77,179,160,24,15,57,0,0,256,0,ITC,ITC2,2,Valle d'Aosta / Vallée d'Aoste,Valle d'Aosta,125666,7993,6.36,0.2
1174,2021-01-28,VDA,290,123,167,194,88,6,2,0,0,56,234,ITC,ITC2,2,Valle d'Aosta / Vallée d'Aoste,Valle d'Aosta,125666,8283,6.59,0.23
1175,2021-02-13,VDA,215,195,20,0,54,0,0,161,0,215,0,ITC,ITC2,2,Valle d'Aosta / Vallée d'Aoste,Valle d'Aosta,125666,8498,6.76,0.17
1176,2021-02-14,VDA,48,16,32,6,0,42,0,0,0,1,47,ITC,ITC2,2,Valle d'Aosta / Vallée d'Aoste,Valle d'Aosta,125666,8546,6.8,0.04
1177,2021-01-27,VDA,151,71,80,53,27,18,53,0,0,79,72,ITC,ITC2,2,Valle d'Aosta / Vallée d'Aoste,Valle d'Aosta,125666,8697,6.92,0.12
1178,2021-02-03,VDA,349,114,235,157,141,50,1,0,0,14,335,ITC,ITC2,2,Valle d'Aosta / Vallée d'Aoste,Valle d'Aosta,125666,9046,7.2,0.28
1179,2021-01-26,VDA,139,48,91,115,12,12,0,0,0,0,139,ITC,ITC2,2,Valle d'Aosta / Vallée d'Aoste,Valle d'Aosta,125666,9185,7.31,0.11
1180,2021-02-12,VDA,245,94,151,51,45,13,131,0,5,215,30,ITC,ITC2,2,Valle d'Aosta / Vallée d'Aoste,Valle d'Aosta,125666,9430,7.5,0.19
1181,2021-01-25,VDA,147,65,82,125,16,6,0,0,0,0,147,ITC,ITC2,2,Valle d'Aosta / Vallée d'Aoste,Valle d'Aosta,125666,9577,7.62,0.12
1182,2021-02-01,VDA,403,127,276,268,65,70,0,0,0,87,316,ITC,ITC2,2,Valle d'Aosta / Vallée d'Aoste,Valle d'Aosta,125666,9980,7.94,0.32
1183,2021-01-07,VDA,275,111,164,224,46,5,0,0,0,275,0,ITC,ITC2,2,Valle d'Aosta / Vallée d'Aoste,Valle d'Aosta,125666,10255,8.16,0.22
1184,2021-01-16,VDA,236,80,156,127,36,22,51,0,0,236,0,ITC,ITC2,2,Valle d'Aosta / Vallée d'Aoste,Valle d'Aosta,125666,10491,8.35,0.19
1185,2021-02-04,VDA,293,85,208,167,91,34,1,0,0,7,286,ITC,ITC2,2,Valle d'Aosta / Vallée d'Aoste,Valle d'Aosta,125666,10784,8.58,0.23
1186,2021-01-31,VDA,290,90,200,231,41,18,0,0,0,58,232,ITC,ITC2,2,Valle d'Aosta / Vallée d'Aoste,Valle d'Aosta,125666,11074,8.81,0.23
1187,2021-01-04,VDA,142,59,83,126,16,0,0,0,0,142,0,ITC,ITC2,2,Valle d'Aosta / Vallée d'Aoste,Valle d'Aosta,125666,11216,8.93,0.11
1188,2021-02-18,VDA,348,153,195,61,40,45,180,14,8,260,88,ITC,ITC2,2,Valle d'Aosta / Vallée d'Aoste,Valle d'Aosta,125666,11564,9.2,0.28
1189,2021-02-19,VDA,292,102,190,17,30,35,145,0,65,268,24,ITC,ITC2,2,Valle d'Aosta / Vallée d'Aoste,Valle d'Aosta,125666,11856,9.43,0.23
