,data,area,Vaccinazioni giornaliere,sesso_maschile,sesso_femminile,Operatori sanitari - sociosanitari,Personale non sanitario,Ospiti RSA,categoria_personale_scolastico,categoria_60_69,categoria_70_79,categoria_over80,categoria_soggetti_fragili,categoria_forze_armate,categoria_altro,prima_dose,seconda_dose,codice_NUTS1,codice_NUTS2,codice_regione_ISTAT,nome_area,Regione,popolazione,Totale vaccinazioni,Totale vaccinazioni ogni cento ab,Vaccinazioni giornaliere ogni cento ab
0,2021-02-01,PIE,8642,3053,5589,6177,1397,1068,0,0,0,0,0,0,0,578,8064,ITC,ITC1,1,Piemonte,Piemonte,4356406,8642,0.2,0.2
1,2021-02-05,PIE,9452,3079,6373,5766,2041,1643,0,0,0,1,0,0,1,657,8795,ITC,ITC1,1,Piemonte,Piemonte,4356406,18094,0.42,0.22
2,2021-02-20,PIE,3829,1252,2577,1100,1064,219,1416,0,0,30,0,0,0,3656,173,ITC,ITC1,1,Piemonte,Piemonte,4356406,21923,0.5,0.09
3,2021-04-28,PIE,25675,11573,14102,564,274,106,54,3481,3983,7824,9344,25,20,15725,9950,ITC,ITC1,1,Piemonte,Piemonte,4356406,47598,1.09,0.59
4,2021-03-26,PIE,17733,6977,10756,1162,744,529,2428,3,14,11528,608,710,7,8829,8904,ITC,ITC1,1,Piemonte,Piemonte,4356406,65331,1.5,0.41
5,2021-04-19,PIE,22274,10637,11637,304,159,203,28,786,5403,4765,10605,1,20,17947,4327,ITC,ITC1,1,Piemonte,Piemonte,4356406,87605,2.01,0.51
6,2021-02-19,PIE,5532,2174,3358,1989,1752,666,1078,0,1,34,0,1,11,5030,502,ITC,ITC1,1,Piemonte,Piemonte,4356406,93137,2.14,0.13
7,2021-04-25,PIE,19938,9180,10758,213,108,9,18,1246,6277,2504,9540,8,15,17427,2511,ITC,ITC1,1,Piemonte,Piemonte,4356406,113075,2.6,0.46
8,2021-04-05,PIE,14737,6234,8503,148,115,0,703,1,3904,7988,1844,33,1,12176,2561,ITC,ITC1,1,Piemonte,Piemonte,4356406,127812,2.93,0.34
9,2021-04-15,PIE,29389,13460,15929,895,399,375,53,1202,9644,6835,9952,7,27,23919,5470,ITC,ITC1,1,Piemonte,Piemonte,4356406,157201,3.61,0.67
10,2021-01-16,PIE,7771,2630,5141,4803,1596,1372,0,0,0,0,0,0,0,7771,0,ITC,ITC1,1,Piemonte,Piemonte,4356406,164972,3.79,0.18
11,2021-02-03,PIE,10197,3303,6894,6643,2299,1246,0,2,0,5,0,0,2,611,9586,ITC,ITC1,1,Piemonte,Piemonte,4356406,175169,4.02,0.23
12,2021-04-01,PIE,19278,8033,11245,672,371,289,914,6,1954,13846,961,261,4,11171,8107,ITC,ITC1,1,Piemonte,Piemonte,4356406,194447,4.46,0.44
13,2021-01-19,PIE,6423,2099,4324,3574,1301,1548,0,0,0,0,0,0,0,6414,9,ITC,ITC1,1,Piemonte,Piemonte,4356406,200870,4.61,0.15
14,2021-02-13,PIE,4152,1334,2818,2310,722,1114,5,0,0,1,0,0,0,2931,1221,ITC,ITC1,1,Piemonte,Piemonte,4356406,205022,4.71,0.1
15,2021-01-18,PIE,6164,2047,4117,3238,1403,1523,0,0,0,0,0,0,0,5916,248,ITC,ITC1,1,Piemonte,Piemonte,4356406,211186,4.85,0.14
16,2021-01-03,PIE,3063,967,2096,2715,295,52,0,0,0,0,0,0,1,3063,0,ITC,ITC1,1,Piemonte,Piemonte,4356406,214249,4.92,0.07
17,2021-01-04,PIE,5563,1679,3884,4590,736,235,0,0,0,0,0,0,2,5563,0,ITC,ITC1,1,Piemonte,Piemonte,4356406,219812,5.05,0.13
18,2021-02-12,PIE,6887,2213,4674,3527,1645,1707,2,1,0,4,0,0,1,3928,2959,ITC,ITC1,1,Piemonte,Piemonte,4356406,226699,5.2,0.16
19,2021-03-09,PIE,13939,5417,8522,1688,1543,356,2330,2,6,8007,1,6,0,11597,2342,ITC,ITC1,1,Piemonte,Piemonte,4356406,240638,5.52,0.32
20,2021-02-27,PIE,12678,4846,7832,885,963,232,3038,0,0,7558,1,0,1,12331,347,ITC,ITC1,1,Piemonte,Piemonte,4356406,253316,5.81,0.29
21,2021-03-20,PIE,11912,4896,7016,882,1039,163,1937,20,17,7683,21,21,129,6016,5896,ITC,ITC1,1,Piemonte,Piemonte,4356406,265228,6.09,0.27
22,2021-02-17,PIE,4788,2154,2634,2245,2030,497,1,0,1,1,0,0,13,3799,989,ITC,ITC1,1,Piemonte,Piemonte,4356406,270016,6.2,0.11
23,2021-03-08,PIE,13921,5284,8637,2035,1425,413,2628,1,1,7403,0,12,3,11208,2713,ITC,ITC1,1,Piemonte,Piemonte,4356406,283937,6.52,0.32
24,2021-03-27,PIE,18346,7814,10532,1215,1621,110,2109,13,939,11696,446,191,6,9533,8813,ITC,ITC1,1,Piemonte,Piemonte,4356406,302283,6.94,0.42
25,2021-03-01,PIE,12035,4839,7196,1157,1277,281,2435,0,4,6873,0,7,1,11226,809,ITC,ITC1,1,Piemonte,Piemonte,4356406,314318,7.22,0.28
26,2021-01-29,PIE,5942,1886,4056,4199,1067,673,0,0,0,2,0,0,1,455,5487,ITC,ITC1,1,Piemonte,Piemonte,4356406,320260,7.35,0.14
27,2021-02-16,PIE,3965,1754,2211,1815,1588,548,1,0,4,1,0,2,6,3207,758,ITC,ITC1,1,Piemonte,Piemonte,4356406,324225,7.44,0.09
28,2021-02-14,PIE,1476,498,978,796,381,285,14,0,0,0,0,0,0,876,600,ITC,ITC1,1,Piemonte,Piemonte,4356406,325701,7.48,0.03
29,2021-02-24,PIE,11406,4629,6777,1855,1291,408,2155,0,3,5684,0,5,5,10900,506,ITC,ITC1,1,Piemonte,Piemonte,4356406,337107,7.74,0.26
30,2021-03-31,PIE,19099,8100,10999,962,687,311,687,8,2527,13177,524,209,7,10409,8690,ITC,ITC1,1,Piemonte,Piemonte,4356406,356206,8.18,0.44
31,2021-01-09,PIE,6183,2185,3998,4499,1113,568,0,1,0,0,0,0,2,6183,0,ITC,ITC1,1,Piemonte,Piemonte,4356406,362389,8.32,0.14
32,2021-01-07,PIE,5387,1739,3648,4159,885,341,0,1,0,0,0,0,1,5387,0,ITC,ITC1,1,Piemonte,Piemonte,4356406,367776,8.44,0.12
33,2021-04-30,PIE,30474,13687,16787,710,414,293,122,4318,5160,8446,10863,119,29,17408,13066,ITC,ITC1,1,Piemonte,Piemonte,4356406,398250,9.14,0.7
34,2021-02-09,PIE,7351,2309,5042,4154,1367,1830,0,0,0,0,0,0,0,722,6629,ITC,ITC1,1,Piemonte,Piemonte,4356406,405601,9.31,0.17
35,2021-02-15,PIE,4431,1596,2835,2319,1144,962,1,0,2,2,0,1,0,3226,1205,ITC,ITC1,1,Piemonte,Piemonte,4356406,410032,9.41,0.1
36,2021-01-27,PIE,4196,1453,2743,2982,657,557,0,0,0,0,0,0,0,999,3197,ITC,ITC1,1,Piemonte,Piemonte,4356406,414228,9.51,0.1
37,2021-01-06,PIE,3116,1111,2005,2370,429,313,0,0,1,1,0,0,2,3116,0,ITC,ITC1,1,Piemonte,Piemonte,4356406,417344,9.58,0.07
38,2021-04-20,PIE,25303,11588,13715,706,271,241,35,1204,6120,6633,10078,2,13,19037,6266,ITC,ITC1,1,Piemonte,Piemonte,4356406,442647,10.16,0.58
39,2021-03-11,PIE,13714,5037,8677,2312,1416,381,2184,0,5,7371,0,38,7,10623,3091,ITC,ITC1,1,Piemonte,Piemonte,4356406,456361,10.48,0.31
40,2021-01-20,PIE,6615,2089,4526,3618,1182,1813,0,0,0,0,0,0,2,5898,717,ITC,ITC1,1,Piemonte,Piemonte,4356406,462976,10.63,0.15
41,2021-01-05,PIE,5381,1603,3778,4368,721,285,0,0,2,1,0,0,4,5381,0,ITC,ITC1,1,Piemonte,Piemonte,4356406,468357,10.75,0.12
42,2021-04-02,PIE,20070,8260,11810,885,438,390,879,7,2690,13338,1259,153,31,11663,8407,ITC,ITC1,1,Piemonte,Piemonte,4356406,488427,11.21,0.46
43,2021-04-09,PIE,25772,11346,14426,1218,523,254,46,44,7364,11140,5133,35,15,21264,4508,ITC,ITC1,1,Piemonte,Piemonte,4356406,514199,11.8,0.59
44,2021-01-28,PIE,5589,1809,3780,4119,878,590,0,1,0,1,0,0,0,384,5205,ITC,ITC1,1,Piemonte,Piemonte,4356406,519788,11.93,0.13
45,2021-02-25,PIE,12211,5249,6962,1447,2064,405,1959,0,2,6329,0,1,4,11665,546,ITC,ITC1,1,Piemonte,Piemonte,4356406,531999,12.21,0.28
46,2021-05-02,PIE,24450,10959,13491,552,229,5,68,2743,7090,5617,8040,86,20,13776,10674,ITC,ITC1,1,Piemonte,Piemonte,4356406,556449,12.77,0.56
47,2021-01-15,PIE,8968,2955,6013,5499,1922,1546,0,0,0,0,0,0,1,8968,0,ITC,ITC1,1,Piemonte,Piemonte,4356406,565417,12.98,0.21
48,2021-04-07,PIE,23528,9956,13572,952,441,272,533,7,5777,12362,3052,66,66,18070,5458,ITC,ITC1,1,Piemonte,Piemonte,4356406,588945,13.52,0.54
49,2021-01-11,PIE,8741,2980,5761,6060,1553,1126,0,1,0,0,0,0,1,8741,0,ITC,ITC1,1,Piemonte,Piemonte,4356406,597686,13.72,0.2
50,2021-02-02,PIE,10237,3507,6730,6871,2048,1317,0,0,0,0,0,0,1,815,9422,ITC,ITC1,1,Piemonte,Piemonte,4356406,607923,13.95,0.23
51,2021-02-11,PIE,6764,2107,4657,3422,1328,2010,3,0,0,0,0,0,1,3006,3758,ITC,ITC1,1,Piemonte,Piemonte,4356406,614687,14.11,0.16
52,2021-03-02,PIE,11192,4502,6690,907,1122,215,2517,0,4,6416,0,9,2,10376,816,ITC,ITC1,1,Piemonte,Piemonte,4356406,625879,14.37,0.26
53,2021-03-07,PIE,11968,4656,7312,1322,1134,111,2050,0,5,7344,0,0,2,11088,880,ITC,ITC1,1,Piemonte,Piemonte,4356406,637847,14.64,0.27
54,2021-01-14,PIE,9763,3151,6612,6180,2097,1484,0,0,0,0,0,0,2,9763,0,ITC,ITC1,1,Piemonte,Piemonte,4356406,647610,14.87,0.22
55,2021-03-25,PIE,17079,7201,9878,1035,963,626,1375,4,25,12004,568,472,7,8444,8635,ITC,ITC1,1,Piemonte,Piemonte,4356406,664689,15.26,0.39
56,2021-01-23,PIE,4257,1325,2932,3210,526,520,0,0,0,1,0,0,0,879,3378,ITC,ITC1,1,Piemonte,Piemonte,4356406,668946,15.36,0.1
57,2021-03-13,PIE,13032,4717,8315,1169,996,158,2138,1,3,8558,0,4,5,11589,1443,ITC,ITC1,1,Piemonte,Piemonte,4356406,681978,15.65,0.3
58,2021-01-17,PIE,3517,1168,2349,2081,596,840,0,0,0,0,0,0,0,2870,647,ITC,ITC1,1,Piemonte,Piemonte,4356406,685495,15.74,0.08
59,2021-04-08,PIE,25065,10892,14173,1057,521,274,412,25,7376,11243,4034,117,6,20346,4719,ITC,ITC1,1,Piemonte,Piemonte,4356406,710560,16.31,0.58
60,2021-01-26,PIE,6330,1879,4451,4726,874,728,0,0,0,0,0,0,2,735,5595,ITC,ITC1,1,Piemonte,Piemonte,4356406,716890,16.46,0.15
61,2021-04-24,PIE,27064,12268,14796,461,168,21,23,2646,8134,5189,10344,48,30,21444,5620,ITC,ITC1,1,Piemonte,Piemonte,4356406,743954,17.08,0.62
62,2021-03-17,PIE,12509,5050,7459,2083,806,236,9,1,9,9100,9,250,6,5221,7288,ITC,ITC1,1,Piemonte,Piemonte,4356406,756463,17.36,0.29
63,2021-03-14,PIE,8200,3331,4869,794,588,2,990,0,5,5815,0,1,5,5307,2893,ITC,ITC1,1,Piemonte,Piemonte,4356406,764663,17.55,0.19
64,2021-02-04,PIE,10198,3337,6861,6234,2199,1763,0,0,0,0,0,0,2,588,9610,ITC,ITC1,1,Piemonte,Piemonte,4356406,774861,17.79,0.23
65,2021-04-26,PIE,19502,8626,10876,306,99,83,44,1509,3328,4811,9297,11,14,15128,4374,ITC,ITC1,1,Piemonte,Piemonte,4356406,794363,18.23,0.45
66,2021-02-10,PIE,7533,2370,5163,3905,1530,2097,0,0,0,0,0,0,1,1316,6217,ITC,ITC1,1,Piemonte,Piemonte,4356406,801896,18.41,0.17
67,2021-01-31,PIE,4106,1748,2358,3076,655,375,0,0,0,0,0,0,0,112,3994,ITC,ITC1,1,Piemonte,Piemonte,4356406,806002,18.5,0.09
68,2021-02-18,PIE,4785,2090,2695,2254,1897,624,2,0,0,0,0,2,6,4355,430,ITC,ITC1,1,Piemonte,Piemonte,4356406,810787,18.61,0.11
69,2020-12-30,PIE,730,322,408,685,45,0,0,0,0,0,0,0,0,730,0,ITC,ITC1,1,Piemonte,Piemonte,4356406,811517,18.63,0.02
70,2021-03-19,PIE,11012,4508,6504,1126,650,432,271,3,19,8179,25,301,6,4413,6599,ITC,ITC1,1,Piemonte,Piemonte,4356406,822529,18.88,0.25
71,2021-03-28,PIE,16035,6892,9143,926,1914,34,2480,3,461,8926,1076,208,7,8427,7608,ITC,ITC1,1,Piemonte,Piemonte,4356406,838564,19.25,0.37
72,2020-12-31,PIE,3909,1334,2575,3415,356,134,0,0,0,0,0,0,4,3909,0,ITC,ITC1,1,Piemonte,Piemonte,4356406,842473,19.34,0.09
73,2021-04-06,PIE,20188,8786,11402,647,592,260,1319,16,5170,9641,2405,113,25,15012,5176,ITC,ITC1,1,Piemonte,Piemonte,4356406,862661,19.8,0.46
74,2021-02-07,PIE,3087,974,2113,1648,662,777,0,0,0,0,0,0,0,445,2642,ITC,ITC1,1,Piemonte,Piemonte,4356406,865748,19.87,0.07
75,2021-04-12,PIE,22880,10328,12552,612,296,243,60,240,7766,7327,6279,10,47,19898,2982,ITC,ITC1,1,Piemonte,Piemonte,4356406,888628,20.4,0.53
76,2021-01-08,PIE,5530,1761,3769,4078,1027,422,0,0,0,0,0,0,3,5530,0,ITC,ITC1,1,Piemonte,Piemonte,4356406,894158,20.53,0.13
77,2021-04-11,PIE,20805,9309,11496,400,231,68,254,217,7630,6876,5114,5,10,18644,2161,ITC,ITC1,1,Piemonte,Piemonte,4356406,914963,21.0,0.48
78,2021-03-18,PIE,11739,4798,6941,1464,770,343,18,3,14,8871,7,235,14,4028,7711,ITC,ITC1,1,Piemonte,Piemonte,4356406,926702,21.27,0.27
79,2021-01-21,PIE,6880,2314,4566,4707,840,1318,0,3,0,0,0,0,12,3385,3495,ITC,ITC1,1,Piemonte,Piemonte,4356406,933582,21.43,0.16
80,2021-02-26,PIE,12282,4927,7355,843,1436,490,2897,0,1,6613,0,1,1,11545,737,ITC,ITC1,1,Piemonte,Piemonte,4356406,945864,21.71,0.28
81,2021-03-03,PIE,12114,4640,7474,1103,1025,257,2665,0,2,7059,0,3,0,11295,819,ITC,ITC1,1,Piemonte,Piemonte,4356406,957978,21.99,0.28
82,2021-03-05,PIE,15260,5956,9304,2540,2011,655,2370,1,5,7673,1,4,0,11443,3817,ITC,ITC1,1,Piemonte,Piemonte,4356406,973238,22.34,0.35
83,2021-02-23,PIE,9231,3712,5519,2298,1346,389,1052,0,2,4106,0,33,5,8651,580,ITC,ITC1,1,Piemonte,Piemonte,4356406,982469,22.55,0.21
84,2021-01-25,PIE,6213,1938,4275,4786,862,562,0,0,1,1,0,0,1,983,5230,ITC,ITC1,1,Piemonte,Piemonte,4356406,988682,22.69,0.14
85,2021-01-01,PIE,1038,395,643,922,116,0,0,0,0,0,0,0,0,1038,0,ITC,ITC1,1,Piemonte,Piemonte,4356406,989720,22.72,0.02
86,2021-03-06,PIE,13988,5209,8779,2262,1126,462,2697,1,2,7437,1,0,0,11199,2789,ITC,ITC1,1,Piemonte,Piemonte,4356406,1003708,23.04,0.32
87,2021-04-04,PIE,9241,4053,5188,197,302,0,294,0,2034,4226,2173,9,6,6529,2712,ITC,ITC1,1,Piemonte,Piemonte,4356406,1012949,23.25,0.21
88,2021-03-16,PIE,10517,4267,6250,2229,872,322,13,7,10,6798,65,162,39,4462,6055,ITC,ITC1,1,Piemonte,Piemonte,4356406,1023466,23.49,0.24
89,2021-04-22,PIE,27410,12601,14809,589,330,418,60,1654,5403,6515,12382,20,39,20819,6591,ITC,ITC1,1,Piemonte,Piemonte,4356406,1050876,24.12,0.63
90,2020-12-27,PIE,913,369,544,761,73,76,0,1,0,0,0,0,2,913,0,ITC,ITC1,1,Piemonte,Piemonte,4356406,1051789,24.14,0.02
91,2021-01-22,PIE,3866,1249,2617,2279,650,934,0,1,0,1,0,0,1,2525,1341,ITC,ITC1,1,Piemonte,Piemonte,4356406,1055655,24.23,0.09
92,2021-04-21,PIE,25484,11712,13772,798,357,264,45,1393,7065,6107,9424,11,20,20178,5306,ITC,ITC1,1,Piemonte,Piemonte,4356406,1081139,24.82,0.58
93,2021-03-12,PIE,13929,5173,8756,2142,1295,472,2274,0,4,7627,6,108,1,10995,2934,ITC,ITC1,1,Piemonte,Piemonte,4356406,1095068,25.14,0.32
94,2021-04-18,PIE,22902,10809,12093,341,240,24,46,912,5673,4371,11268,10,17,20151,2751,ITC,ITC1,1,Piemonte,Piemonte,4356406,1117970,25.66,0.53
95,2021-04-17,PIE,30250,14060,16190,746,317,116,56,2804,9975,4886,11326,9,15,26974,3276,ITC,ITC1,1,Piemonte,Piemonte,4356406,1148220,26.36,0.69
96,2021-03-10,PIE,13604,5146,8458,1666,1339,280,2240,1,6,8017,1,53,1,11310,2294,ITC,ITC1,1,Piemonte,Piemonte,4356406,1161824,26.67,0.31
97,2021-04-03,PIE,19383,8113,11270,309,237,76,540,13,2974,13411,1663,114,46,10838,8545,ITC,ITC1,1,Piemonte,Piemonte,4356406,1181207,27.11,0.44
98,2021-02-22,PIE,8467,3464,5003,1705,1398,512,920,2,4,3914,0,9,3,7877,590,ITC,ITC1,1,Piemonte,Piemonte,4356406,1189674,27.31,0.19
99,2021-02-28,PIE,10812,4058,6754,642,501,53,2790,1,1,6822,0,0,2,10572,240,ITC,ITC1,1,Piemonte,Piemonte,4356406,1200486,27.56,0.25
100,2021-02-08,PIE,6916,2355,4561,3786,1557,1572,0,0,0,0,0,0,1,666,6250,ITC,ITC1,1,Piemonte,Piemonte,4356406,1207402,27.72,0.16
101,2021-04-29,PIE,47256,21403,25853,1224,560,301,61,9121,10991,9095,15637,164,102,34742,12514,ITC,ITC1,1,Piemonte,Piemonte,4356406,1254658,28.8,1.08
102,2021-02-21,PIE,5086,2080,3006,685,263,47,737,0,0,3353,0,0,1,4984,102,ITC,ITC1,1,Piemonte,Piemonte,4356406,1259744,28.92,0.12
103,2021-01-10,PIE,5214,2275,2939,3910,783,519,0,0,0,0,0,0,2,5214,0,ITC,ITC1,1,Piemonte,Piemonte,4356406,1264958,29.04,0.12
104,2021-04-27,PIE,22410,10147,12263,356,212,156,80,3086,3888,4942,9641,31,18,17345,5065,ITC,ITC1,1,Piemonte,Piemonte,4356406,1287368,29.55,0.51
105,2021-04-14,PIE,27592,12516,15076,860,434,445,60,783,10248,7055,7679,9,19,23078,4514,ITC,ITC1,1,Piemonte,Piemonte,4356406,1314960,30.18,0.63
106,2021-01-12,PIE,10047,3404,6643,6863,2009,1170,0,2,0,0,0,0,3,10047,0,ITC,ITC1,1,Piemonte,Piemonte,4356406,1325007,30.42,0.23
107,2021-03-21,PIE,10705,4734,5971,585,1475,9,1318,2,165,7016,1,133,1,4182,6523,ITC,ITC1,1,Piemonte,Piemonte,4356406,1335712,30.66,0.25
108,2021-03-29,PIE,15133,6372,8761,415,543,137,1330,1,1259,10371,733,342,2,8522,6611,ITC,ITC1,1,Piemonte,Piemonte,4356406,1350845,31.01,0.35
109,2021-04-23,PIE,27234,12525,14709,695,273,273,30,1804,5255,6436,12406,41,21,20529,6705,ITC,ITC1,1,Piemonte,Piemonte,4356406,1378079,31.63,0.63
110,2021-03-15,PIE,10644,4155,6489,1716,1460,231,1469,2,5,5731,0,28,2,5028,5616,ITC,ITC1,1,Piemonte,Piemonte,4356406,1388723,31.88,0.24
111,2021-03-30,PIE,16883,7030,9853,783,436,287,994,7,1375,12119,580,297,5,9013,7870,ITC,ITC1,1,Piemonte,Piemonte,4356406,1405606,32.27,0.39
112,2021-01-30,PIE,5978,2135,3843,4375,1108,495,0,0,0,0,0,0,0,218,5760,ITC,ITC1,1,Piemonte,Piemonte,4356406,1411584,32.4,0.14
113,2021-04-16,PIE,27987,13037,14950,1040,465,412,76,1624,7580,5803,10951,5,31,23106,4881,ITC,ITC1,1,Piemonte,Piemonte,4356406,1439571,33.04,0.64
114,2021-05-01,PIE,27423,12472,14951,400,275,28,88,3116,8551,6869,8022,51,23,15795,11628,ITC,ITC1,1,Piemonte,Piemonte,4356406,1466994,33.67,0.63
115,2020-12-28,PIE,1,1,0,1,0,0,0,0,0,0,0,0,0,1,0,ITC,ITC1,1,Piemonte,Piemonte,4356406,1466995,33.67,0.0
116,2021-01-13,PIE,10080,3223,6857,6488,2259,1329,0,0,0,0,0,0,4,10080,0,ITC,ITC1,1,Piemonte,Piemonte,4356406,1477075,33.91,0.23
117,2021-04-13,PIE,25822,11556,14266,665,266,261,121,898,10387,7006,6188,7,23,22384,3438,ITC,ITC1,1,Piemonte,Piemonte,4356406,1502897,34.5,0.59
118,2021-05-03,PIE,11308,5184,6124,380,143,20,60,1231,1602,3907,3876,73,16,4265,7043,ITC,ITC1,1,Piemonte,Piemonte,4356406,1514205,34.76,0.26
119,2021-02-06,PIE,7983,2664,5319,5101,1629,1251,0,0,0,1,0,0,1,400,7583,ITC,ITC1,1,Piemonte,Piemonte,4356406,1522188,34.94,0.18
120,2021-04-10,PIE,30103,13385,16718,900,456,138,134,359,11958,10217,5917,15,9,25825,4278,ITC,ITC1,1,Piemonte,Piemonte,4356406,1552291,35.63,0.69
121,2021-03-22,PIE,11433,4843,6590,875,909,181,1221,1,9,7914,72,249,2,3850,7583,ITC,ITC1,1,Piemonte,Piemonte,4356406,1563724,35.89,0.26
122,2021-03-04,PIE,14479,5727,8752,2185,1951,609,2190,0,2,7535,0,3,4,11530,2949,ITC,ITC1,1,Piemonte,Piemonte,4356406,1578203,36.23,0.33
123,2021-03-24,PIE,15473,6334,9139,1072,766,479,840,5,21,11510,394,376,10,6347,9126,ITC,ITC1,1,Piemonte,Piemonte,4356406,1593676,36.58,0.36
124,2021-03-23,PIE,13000,5411,7589,689,1020,222,1334,5,15,9240,277,187,11,6763,6237,ITC,ITC1,1,Piemonte,Piemonte,4356406,1606676,36.88,0.3
125,2021-01-02,PIE,3545,1134,2411,3081,407,53,0,1,0,1,0,0,2,3545,0,ITC,ITC1,1,Piemonte,Piemonte,4356406,1610221,36.96,0.08
126,2021-01-24,PIE,3153,959,2194,2636,370,146,0,0,0,0,0,0,1,434,2719,ITC,ITC1,1,Piemonte,Piemonte,4356406,1613374,37.03,0.07
127,2021-02-01,UMB,1285,342,943,877,35,373,0,0,0,0,0,0,0,48,1237,ITI,ITI2,10,Umbria,Umbria,882015,1285,0.15,0.15
128,2021-04-12,UMB,7073,3071,4002,204,17,0,17,30,2417,2910,1462,4,12,5355,1718,ITI,ITI2,10,Umbria,Umbria,882015,8358,0.95,0.8
129,2021-02-20,UMB,282,100,182,83,7,39,0,0,0,152,0,0,1,258,24,ITI,ITI2,10,Umbria,Umbria,882015,8640,0.98,0.03
130,2021-05-03,UMB,2290,1004,1286,80,3,11,2,2,26,1058,1108,0,0,427,1863,ITI,ITI2,10,Umbria,Umbria,882015,10930,1.24,0.26
131,2021-01-02,UMB,304,111,193,304,0,0,0,0,0,0,0,0,0,304,0,ITI,ITI2,10,Umbria,Umbria,882015,11234,1.27,0.03
132,2021-01-11,UMB,1315,346,969,880,14,415,0,1,0,0,0,0,5,1315,0,ITI,ITI2,10,Umbria,Umbria,882015,12549,1.42,0.15
133,2021-03-09,UMB,4051,1971,2080,143,568,122,23,0,1,2915,7,217,55,2759,1292,ITI,ITI2,10,Umbria,Umbria,882015,16600,1.88,0.46
134,2021-01-25,UMB,648,323,325,646,2,0,0,0,0,0,0,0,0,5,643,ITI,ITI2,10,Umbria,Umbria,882015,17248,1.96,0.07
135,2021-01-19,UMB,103,23,80,21,2,80,0,0,0,0,0,0,0,103,0,ITI,ITI2,10,Umbria,Umbria,882015,17351,1.97,0.01
136,2021-02-06,UMB,396,138,258,333,47,16,0,0,0,0,0,0,0,34,362,ITI,ITI2,10,Umbria,Umbria,882015,17747,2.01,0.04
137,2021-01-04,UMB,810,398,412,810,0,0,0,0,0,0,0,0,0,810,0,ITI,ITI2,10,Umbria,Umbria,882015,18557,2.1,0.09
138,2021-04-10,UMB,7438,3496,3942,81,62,30,50,49,2471,691,3972,18,14,7325,113,ITI,ITI2,10,Umbria,Umbria,882015,25995,2.95,0.84
139,2021-02-05,UMB,780,234,546,645,51,84,0,0,0,0,0,0,0,18,762,ITI,ITI2,10,Umbria,Umbria,882015,26775,3.04,0.09
140,2021-02-03,UMB,725,174,551,560,34,131,0,0,0,0,0,0,0,67,658,ITI,ITI2,10,Umbria,Umbria,882015,27500,3.12,0.08
141,2021-02-26,UMB,660,253,407,386,73,40,3,0,0,154,0,4,0,652,8,ITI,ITI2,10,Umbria,Umbria,882015,28160,3.19,0.07
142,2021-01-07,UMB,1299,387,912,892,1,404,0,0,0,1,0,0,1,1299,0,ITI,ITI2,10,Umbria,Umbria,882015,29459,3.34,0.15
143,2021-03-11,UMB,3563,1695,1868,144,652,263,158,0,0,2018,1,291,36,2557,1006,ITI,ITI2,10,Umbria,Umbria,882015,33022,3.74,0.4
144,2021-03-14,UMB,66,48,18,0,6,1,4,6,2,0,0,0,47,66,0,ITI,ITI2,10,Umbria,Umbria,882015,33088,3.75,0.01
145,2021-04-27,UMB,5623,2389,3234,200,11,1,8,28,1142,2470,1731,8,24,3061,2562,ITI,ITI2,10,Umbria,Umbria,882015,38711,4.39,0.64
146,2021-04-24,UMB,4541,1957,2584,42,15,0,81,35,1121,1064,2178,3,2,3375,1166,ITI,ITI2,10,Umbria,Umbria,882015,43252,4.9,0.51
147,2021-04-30,UMB,6112,2922,3190,69,27,13,77,21,370,260,5260,8,7,2785,3327,ITI,ITI2,10,Umbria,Umbria,882015,49364,5.6,0.69
148,2021-04-22,UMB,5390,2219,3171,258,21,76,5,37,775,3004,1199,7,8,2743,2647,ITI,ITI2,10,Umbria,Umbria,882015,54754,6.21,0.61
149,2021-01-06,UMB,846,325,521,843,0,0,0,1,0,0,0,0,2,846,0,ITI,ITI2,10,Umbria,Umbria,882015,55600,6.3,0.1
150,2021-03-10,UMB,4012,1927,2085,123,785,180,75,3,3,2566,6,263,8,2756,1256,ITI,ITI2,10,Umbria,Umbria,882015,59612,6.76,0.45
151,2021-03-06,UMB,4267,1110,3157,422,186,26,2322,6,5,1128,0,125,47,4124,143,ITI,ITI2,10,Umbria,Umbria,882015,63879,7.24,0.48
152,2021-02-16,UMB,1308,655,653,34,4,0,0,2,1,1263,4,0,0,1299,9,ITI,ITI2,10,Umbria,Umbria,882015,65187,7.39,0.15
153,2021-04-21,UMB,5283,2300,2983,237,9,1,9,73,1048,2692,1201,5,8,3063,2220,ITI,ITI2,10,Umbria,Umbria,882015,70470,7.99,0.6
154,2021-02-17,UMB,1618,748,870,363,4,0,1,0,6,1240,1,0,3,1267,351,ITI,ITI2,10,Umbria,Umbria,882015,72088,8.17,0.18
155,2021-03-01,UMB,1503,774,729,110,10,0,1,0,0,1249,0,133,0,1389,114,ITI,ITI2,10,Umbria,Umbria,882015,73591,8.34,0.17
156,2021-01-05,UMB,854,429,425,851,0,0,0,1,0,0,0,0,2,854,0,ITI,ITI2,10,Umbria,Umbria,882015,74445,8.44,0.1
157,2021-04-03,UMB,2092,710,1382,143,208,30,216,5,32,1265,169,21,3,1056,1036,ITI,ITI2,10,Umbria,Umbria,882015,76537,8.68,0.24
158,2021-02-24,UMB,1520,565,955,1083,45,90,0,1,0,292,0,9,0,1505,15,ITI,ITI2,10,Umbria,Umbria,882015,78057,8.85,0.17
159,2021-01-16,UMB,221,73,148,146,32,43,0,0,0,0,0,0,0,221,0,ITI,ITI2,10,Umbria,Umbria,882015,78278,8.87,0.03
160,2021-04-01,UMB,4319,1788,2531,204,14,309,19,5,7,3257,452,5,47,2323,1996,ITI,ITI2,10,Umbria,Umbria,882015,82597,9.36,0.49
161,2021-03-20,UMB,2297,832,1465,317,682,21,1200,0,0,0,0,72,5,2272,25,ITI,ITI2,10,Umbria,Umbria,882015,84894,9.63,0.26
162,2021-02-08,UMB,637,203,434,368,111,154,0,0,0,0,0,4,0,88,549,ITI,ITI2,10,Umbria,Umbria,882015,85531,9.7,0.07
163,2021-01-15,UMB,701,215,486,590,44,67,0,0,0,0,0,0,0,701,0,ITI,ITI2,10,Umbria,Umbria,882015,86232,9.78,0.08
164,2021-01-09,UMB,1745,499,1246,894,7,844,0,0,0,0,0,0,0,1745,0,ITI,ITI2,10,Umbria,Umbria,882015,87977,9.97,0.2
165,2021-01-14,UMB,752,201,551,697,35,19,1,0,0,0,0,0,0,752,0,ITI,ITI2,10,Umbria,Umbria,882015,88729,10.06,0.09
166,2021-03-29,UMB,3799,1648,2151,247,42,58,26,9,11,2832,534,21,19,2320,1479,ITI,ITI2,10,Umbria,Umbria,882015,92528,10.49,0.43
167,2021-03-05,UMB,4591,1379,3212,604,320,7,2554,2,1,712,0,383,8,3935,656,ITI,ITI2,10,Umbria,Umbria,882015,97119,11.01,0.52
168,2021-02-02,UMB,944,274,670,714,17,212,0,0,0,0,0,0,1,32,912,ITI,ITI2,10,Umbria,Umbria,882015,98063,11.12,0.11
169,2021-04-18,UMB,1529,680,849,67,11,0,41,2,171,840,376,21,0,598,931,ITI,ITI2,10,Umbria,Umbria,882015,99592,11.29,0.17
170,2021-03-15,UMB,4596,1930,2666,1426,264,79,263,2,1,2343,7,206,5,2828,1768,ITI,ITI2,10,Umbria,Umbria,882015,104188,11.81,0.52
171,2021-02-10,UMB,715,349,366,606,106,3,0,0,0,0,0,0,0,700,15,ITI,ITI2,10,Umbria,Umbria,882015,104903,11.89,0.08
172,2021-04-14,UMB,8134,3668,4466,226,35,15,19,58,2920,3148,1694,12,7,6155,1979,ITI,ITI2,10,Umbria,Umbria,882015,113037,12.82,0.92
173,2021-03-07,UMB,845,180,665,17,82,25,676,0,0,45,0,0,0,838,7,ITI,ITI2,10,Umbria,Umbria,882015,113882,12.91,0.1
174,2021-01-13,UMB,450,139,311,379,29,42,0,0,0,0,0,0,0,450,0,ITI,ITI2,10,Umbria,Umbria,882015,114332,12.96,0.05
175,2021-04-07,UMB,5525,2277,3248,482,42,92,19,8,920,3183,759,18,2,3520,2005,ITI,ITI2,10,Umbria,Umbria,882015,119857,13.59,0.63
176,2021-03-13,UMB,1731,524,1207,120,154,49,1152,3,0,152,0,91,10,1486,245,ITI,ITI2,10,Umbria,Umbria,882015,121588,13.79,0.2
177,2021-01-18,UMB,614,219,395,348,114,144,0,2,1,0,0,0,5,529,85,ITI,ITI2,10,Umbria,Umbria,882015,122202,13.85,0.07
178,2021-02-15,UMB,1368,692,676,10,4,0,0,0,1,1351,2,0,0,1367,1,ITI,ITI2,10,Umbria,Umbria,882015,123570,14.01,0.16
179,2021-03-27,UMB,4252,1512,2740,752,595,1,576,4,7,2238,1,24,54,3912,340,ITI,ITI2,10,Umbria,Umbria,882015,127822,14.49,0.48
180,2021-03-04,UMB,4485,1853,2632,849,184,4,1466,2,0,1563,0,410,7,3657,828,ITI,ITI2,10,Umbria,Umbria,882015,132307,15.0,0.51
181,2021-04-02,UMB,4263,1708,2555,376,318,68,331,3,23,886,2155,35,68,3516,747,ITI,ITI2,10,Umbria,Umbria,882015,136570,15.48,0.48
182,2021-01-27,UMB,840,330,510,839,1,0,0,0,0,0,0,0,0,13,827,ITI,ITI2,10,Umbria,Umbria,882015,137410,15.58,0.1
183,2021-02-13,UMB,115,28,87,68,46,0,0,0,0,1,0,0,0,112,3,ITI,ITI2,10,Umbria,Umbria,882015,137525,15.59,0.01
184,2021-01-26,UMB,816,390,426,815,1,0,0,0,0,0,0,0,0,18,798,ITI,ITI2,10,Umbria,Umbria,882015,138341,15.68,0.09
185,2021-01-31,UMB,1058,276,782,767,10,281,0,0,0,0,0,0,0,25,1033,ITI,ITI2,10,Umbria,Umbria,882015,139399,15.8,0.12
186,2021-04-13,UMB,7669,3396,4273,218,23,21,19,61,2861,2875,1573,8,10,6000,1669,ITI,ITI2,10,Umbria,Umbria,882015,147068,16.67,0.87
187,2021-03-30,UMB,3947,1705,2242,179,31,108,20,0,0,3074,432,15,88,2415,1532,ITI,ITI2,10,Umbria,Umbria,882015,151015,17.12,0.45
188,2021-01-20,UMB,613,222,391,583,15,14,1,0,0,0,0,0,0,613,0,ITI,ITI2,10,Umbria,Umbria,882015,151628,17.19,0.07
189,2021-01-03,UMB,270,112,158,270,0,0,0,0,0,0,0,0,0,270,0,ITI,ITI2,10,Umbria,Umbria,882015,151898,17.22,0.03
190,2021-02-12,UMB,671,224,447,459,208,1,2,0,0,1,0,0,0,665,6,ITI,ITI2,10,Umbria,Umbria,882015,152569,17.3,0.08
191,2021-01-22,UMB,276,105,171,273,1,2,0,0,0,0,0,0,0,32,244,ITI,ITI2,10,Umbria,Umbria,882015,152845,17.33,0.03
192,2021-03-08,UMB,3668,1799,1869,141,289,46,42,0,1,2855,2,292,0,2305,1363,ITI,ITI2,10,Umbria,Umbria,882015,156513,17.74,0.42
193,2021-04-17,UMB,6659,3056,3603,164,31,23,127,39,1753,1443,3061,11,7,5317,1342,ITI,ITI2,10,Umbria,Umbria,882015,163172,18.5,0.75
194,2021-01-23,UMB,280,100,180,279,1,0,0,0,0,0,0,0,0,2,278,ITI,ITI2,10,Umbria,Umbria,882015,163452,18.53,0.03
195,2021-02-04,UMB,733,226,507,693,20,20,0,0,0,0,0,0,0,25,708,ITI,ITI2,10,Umbria,Umbria,882015,164185,18.61,0.08
196,2021-03-02,UMB,3640,1345,2295,318,234,55,1446,0,1,1303,0,283,0,3636,4,ITI,ITI2,10,Umbria,Umbria,882015,167825,19.03,0.41
197,2021-03-17,UMB,3331,1313,2018,1430,55,131,16,2,0,1684,1,8,4,1859,1472,ITI,ITI2,10,Umbria,Umbria,882015,171156,19.41,0.38
198,2021-04-08,UMB,5825,2462,3363,343,28,287,12,23,1397,2904,810,13,8,4030,1795,ITI,ITI2,10,Umbria,Umbria,882015,176981,20.07,0.66
199,2021-03-22,UMB,3559,1654,1905,163,235,0,147,3,2,2830,0,174,5,2313,1246,ITI,ITI2,10,Umbria,Umbria,882015,180540,20.47,0.4
200,2021-01-28,UMB,1246,394,852,897,4,345,0,0,0,0,0,0,0,19,1227,ITI,ITI2,10,Umbria,Umbria,882015,181786,20.61,0.14
201,2021-03-31,UMB,3901,1732,2169,178,39,183,23,1,5,2962,425,6,79,2214,1687,ITI,ITI2,10,Umbria,Umbria,882015,185687,21.05,0.44
202,2021-01-10,UMB,1070,277,793,745,3,318,0,1,1,1,0,0,1,1070,0,ITI,ITI2,10,Umbria,Umbria,882015,186757,21.17,0.12
203,2021-02-27,UMB,1658,354,1304,14,11,13,1560,0,0,0,0,60,0,1642,16,ITI,ITI2,10,Umbria,Umbria,882015,188415,21.36,0.19
204,2021-04-06,UMB,5288,2169,3119,599,56,113,29,16,378,3353,713,5,26,2901,2387,ITI,ITI2,10,Umbria,Umbria,882015,193703,21.96,0.6
205,2020-12-31,UMB,322,127,195,310,0,0,0,2,0,0,0,0,10,322,0,ITI,ITI2,10,Umbria,Umbria,882015,194025,22.0,0.04
206,2021-02-23,UMB,1693,658,1035,1187,95,17,0,0,0,394,0,0,0,1651,42,ITI,ITI2,10,Umbria,Umbria,882015,195718,22.19,0.19
207,2021-03-21,UMB,665,330,335,31,285,0,64,34,6,0,0,34,211,665,0,ITI,ITI2,10,Umbria,Umbria,882015,196383,22.27,0.08
208,2021-03-03,UMB,4437,1772,2665,720,247,86,1534,0,0,1519,0,329,2,3725,712,ITI,ITI2,10,Umbria,Umbria,882015,200820,22.77,0.5
209,2021-02-18,UMB,1496,582,914,325,14,170,0,0,0,985,1,0,1,1030,466,ITI,ITI2,10,Umbria,Umbria,882015,202316,22.94,0.17
210,2021-04-11,UMB,3101,1502,1599,30,1,2,4,23,924,136,1942,39,0,3052,49,ITI,ITI2,10,Umbria,Umbria,882015,205417,23.29,0.35
211,2021-01-08,UMB,1190,345,845,942,8,239,0,0,1,0,0,0,0,1190,0,ITI,ITI2,10,Umbria,Umbria,882015,206607,23.42,0.13
212,2021-04-05,UMB,4249,1728,2521,764,22,69,26,3,88,2653,615,6,3,2194,2055,ITI,ITI2,10,Umbria,Umbria,882015,210856,23.91,0.48
213,2021-04-25,UMB,4361,1685,2676,12,13,8,1,20,187,3995,124,1,0,4280,81,ITI,ITI2,10,Umbria,Umbria,882015,215217,24.4,0.49
214,2021-04-28,UMB,5305,2295,3010,183,37,15,4,27,1095,2163,1773,6,2,2924,2381,ITI,ITI2,10,Umbria,Umbria,882015,220522,25.0,0.6
215,2021-04-04,UMB,59,20,39,0,0,0,0,0,22,37,0,0,0,23,36,ITI,ITI2,10,Umbria,Umbria,882015,220581,25.01,0.01
216,2021-04-20,UMB,5425,2347,3078,203,18,27,16,37,1315,2525,1278,0,6,3478,1947,ITI,ITI2,10,Umbria,Umbria,882015,226006,25.62,0.62
217,2021-02-25,UMB,1336,497,839,827,96,99,6,1,0,305,0,0,2,1284,52,ITI,ITI2,10,Umbria,Umbria,882015,227342,25.78,0.15
218,2021-02-19,UMB,743,293,450,282,12,14,0,0,0,433,2,0,0,526,217,ITI,ITI2,10,Umbria,Umbria,882015,228085,25.86,0.08
219,2021-03-26,UMB,4569,1682,2887,570,496,91,738,2,4,2487,0,155,26,4396,173,ITI,ITI2,10,Umbria,Umbria,882015,232654,26.38,0.52
220,2021-04-23,UMB,6577,2776,3801,66,36,83,92,50,1129,1002,4097,8,14,3467,3110,ITI,ITI2,10,Umbria,Umbria,882015,239231,27.12,0.75
221,2021-01-29,UMB,1232,348,884,944,16,272,0,0,0,0,0,0,0,79,1153,ITI,ITI2,10,Umbria,Umbria,882015,240463,27.26,0.14
222,2021-03-16,UMB,3538,1454,2084,1634,79,98,11,0,2,1708,1,0,5,1911,1627,ITI,ITI2,10,Umbria,Umbria,882015,244001,27.66,0.4
223,2021-03-12,UMB,2652,1039,1613,113,454,59,1194,2,0,465,2,309,54,2154,498,ITI,ITI2,10,Umbria,Umbria,882015,246653,27.96,0.3
224,2021-04-09,UMB,6772,3151,3621,105,62,53,86,35,1800,708,3890,10,23,6556,216,ITI,ITI2,10,Umbria,Umbria,882015,253425,28.73,0.77
225,2021-02-07,UMB,54,17,37,46,8,0,0,0,0,0,0,0,0,1,53,ITI,ITI2,10,Umbria,Umbria,882015,253479,28.74,0.01
226,2021-01-30,UMB,1590,490,1100,852,18,719,0,0,0,1,0,0,0,44,1546,ITI,ITI2,10,Umbria,Umbria,882015,255069,28.92,0.18
227,2021-03-25,UMB,3903,1699,2204,260,72,80,32,5,9,3271,1,123,50,2839,1064,ITI,ITI2,10,Umbria,Umbria,882015,258972,29.36,0.44
228,2021-01-24,UMB,258,106,152,258,0,0,0,0,0,0,0,0,0,1,257,ITI,ITI2,10,Umbria,Umbria,882015,259230,29.39,0.03
229,2020-12-27,UMB,86,45,41,68,2,16,0,0,0,0,0,0,0,86,0,ITI,ITI2,10,Umbria,Umbria,882015,259316,29.4,0.01
230,2021-03-24,UMB,4072,1760,2312,215,165,1,42,3,2,3531,0,111,2,2749,1323,ITI,ITI2,10,Umbria,Umbria,882015,263388,29.86,0.46
231,2021-03-23,UMB,3796,1685,2111,396,237,12,60,4,3,2854,0,175,55,2167,1629,ITI,ITI2,10,Umbria,Umbria,882015,267184,30.29,0.43
232,2021-05-01,UMB,5358,2634,2724,50,19,0,62,10,96,224,4873,23,1,2134,3224,ITI,ITI2,10,Umbria,Umbria,882015,272542,30.9,0.61
233,2021-01-21,UMB,610,202,408,428,13,169,0,0,0,0,0,0,0,341,269,ITI,ITI2,10,Umbria,Umbria,882015,273152,30.97,0.07
234,2021-04-26,UMB,5313,2295,3018,202,20,0,8,13,1241,2327,1494,2,6,3073,2240,ITI,ITI2,10,Umbria,Umbria,882015,278465,31.57,0.6
235,2021-04-16,UMB,8082,3732,4350,166,34,96,180,90,2589,1903,2978,18,28,6245,1837,ITI,ITI2,10,Umbria,Umbria,882015,286547,32.49,0.92
236,2021-04-19,UMB,4986,2201,2785,205,44,34,23,46,780,2514,1322,5,13,2937,2049,ITI,ITI2,10,Umbria,Umbria,882015,291533,33.05,0.57
237,2021-02-22,UMB,1859,778,1081,736,89,1,0,1,2,1007,5,0,18,1773,86,ITI,ITI2,10,Umbria,Umbria,882015,293392,33.26,0.21
238,2021-05-02,UMB,3786,1868,1918,36,31,0,19,9,40,67,3574,9,1,1332,2454,ITI,ITI2,10,Umbria,Umbria,882015,297178,33.69,0.43
239,2021-01-17,UMB,54,17,37,47,7,0,0,0,0,0,0,0,0,54,0,ITI,ITI2,10,Umbria,Umbria,882015,297232,33.7,0.01
240,2021-03-19,UMB,1743,565,1178,462,237,74,724,4,0,192,0,27,23,1087,656,ITI,ITI2,10,Umbria,Umbria,882015,298975,33.9,0.2
241,2021-03-28,UMB,1096,442,654,65,15,5,37,5,7,938,0,24,0,1072,24,ITI,ITI2,10,Umbria,Umbria,882015,300071,34.02,0.12
242,2021-02-11,UMB,842,349,493,735,98,5,3,1,0,0,0,0,0,837,5,ITI,ITI2,10,Umbria,Umbria,882015,300913,34.12,0.1
243,2021-01-12,UMB,838,248,590,677,15,146,0,0,0,0,0,0,0,838,0,ITI,ITI2,10,Umbria,Umbria,882015,301751,34.21,0.1
244,2021-04-29,UMB,5103,2208,2895,204,26,32,8,32,964,2035,1790,6,6,2808,2295,ITI,ITI2,10,Umbria,Umbria,882015,306854,34.79,0.58
245,2021-03-18,UMB,2942,1164,1778,975,124,350,12,3,5,1463,0,3,7,1704,1238,ITI,ITI2,10,Umbria,Umbria,882015,309796,35.12,0.33
246,2021-04-15,UMB,7604,3473,4131,256,34,49,25,76,2570,2865,1668,44,17,5729,1875,ITI,ITI2,10,Umbria,Umbria,882015,317400,35.99,0.86
247,2021-01-01,UMB,274,105,169,273,0,0,0,0,0,0,0,0,1,274,0,ITI,ITI2,10,Umbria,Umbria,882015,317674,36.02,0.03
248,2021-03-21,MOL,1246,542,704,14,1,0,0,0,2,1090,133,0,6,479,767,ITF,ITF2,14,Molise,Molise,305617,1246,0.41,0.41
249,2021-03-07,MOL,1131,501,630,2,16,0,0,0,0,1113,0,0,0,1129,2,ITF,ITF2,14,Molise,Molise,305617,2377,0.78,0.37
250,2021-02-23,MOL,581,223,358,136,39,61,1,0,0,340,0,0,4,362,219,ITF,ITF2,14,Molise,Molise,305617,2958,0.97,0.19
251,2021-01-13,MOL,474,160,314,256,69,144,1,1,1,0,0,0,2,474,0,ITF,ITF2,14,Molise,Molise,305617,3432,1.12,0.16
252,2021-02-02,MOL,539,176,363,295,64,180,0,0,0,0,0,0,0,216,323,ITF,ITF2,14,Molise,Molise,305617,3971,1.3,0.18
253,2021-05-01,MOL,2592,1254,1338,9,3,2,7,28,186,125,2136,4,92,404,2188,ITF,ITF2,14,Molise,Molise,305617,6563,2.15,0.85
254,2021-03-12,MOL,1459,637,822,42,33,0,505,0,1,719,35,116,8,1423,36,ITF,ITF2,14,Molise,Molise,305617,8022,2.62,0.48
255,2021-04-21,MOL,1858,785,1073,19,5,1,26,19,712,420,633,6,17,965,893,ITF,ITF2,14,Molise,Molise,305617,9880,3.23,0.61
256,2021-03-24,MOL,1630,658,972,77,57,0,450,2,3,707,275,48,11,1228,402,ITF,ITF2,14,Molise,Molise,305617,11510,3.77,0.53
257,2021-03-23,MOL,1642,694,948,76,8,6,454,2,4,606,367,97,22,1435,207,ITF,ITF2,14,Molise,Molise,305617,13152,4.3,0.54
258,2021-04-18,MOL,610,264,346,0,0,0,1,1,87,325,191,0,5,104,506,ITF,ITF2,14,Molise,Molise,305617,13762,4.5,0.2
259,2020-12-27,MOL,50,20,30,29,4,17,0,0,0,0,0,0,0,50,0,ITF,ITF2,14,Molise,Molise,305617,13812,4.52,0.02
260,2021-04-06,MOL,1493,700,793,33,9,9,1,2,5,254,1160,18,2,1150,343,ITF,ITF2,14,Molise,Molise,305617,15305,5.01,0.49
261,2021-01-08,MOL,429,141,288,244,7,120,0,13,0,0,0,0,45,429,0,ITF,ITF2,14,Molise,Molise,305617,15734,5.15,0.14
262,2021-02-21,MOL,573,227,346,1,1,0,0,0,1,570,0,0,0,571,2,ITF,ITF2,14,Molise,Molise,305617,16307,5.34,0.19
263,2021-03-14,MOL,595,239,356,2,0,0,0,1,1,582,7,0,2,17,578,ITF,ITF2,14,Molise,Molise,305617,16902,5.53,0.19
264,2021-04-24,MOL,2064,967,1097,11,3,0,17,4,217,344,1461,3,4,593,1471,ITF,ITF2,14,Molise,Molise,305617,18966,6.21,0.68
265,2021-02-28,MOL,829,331,498,38,3,27,0,0,0,761,0,0,0,787,42,ITF,ITF2,14,Molise,Molise,305617,19795,6.48,0.27
266,2021-02-18,MOL,319,74,245,296,8,0,0,0,0,0,0,0,15,306,13,ITF,ITF2,14,Molise,Molise,305617,20114,6.58,0.1
267,2021-01-10,MOL,270,72,198,82,19,169,0,0,0,0,0,0,0,270,0,ITF,ITF2,14,Molise,Molise,305617,20384,6.67,0.09
268,2021-01-31,MOL,268,70,198,85,18,164,1,0,0,0,0,0,0,6,262,ITF,ITF2,14,Molise,Molise,305617,20652,6.76,0.09
269,2021-02-09,MOL,359,170,189,161,83,110,0,0,0,0,0,0,5,197,162,ITF,ITF2,14,Molise,Molise,305617,21011,6.87,0.12
270,2021-04-27,MOL,1584,763,821,29,8,17,1,3,115,247,1128,1,35,456,1128,ITF,ITF2,14,Molise,Molise,305617,22595,7.39,0.52
271,2021-01-26,MOL,450,184,266,444,0,0,1,2,0,0,0,0,3,8,442,ITF,ITF2,14,Molise,Molise,305617,23045,7.54,0.15
272,2021-02-19,MOL,169,93,76,95,70,1,3,0,0,0,0,0,0,167,2,ITF,ITF2,14,Molise,Molise,305617,23214,7.6,0.06
273,2021-04-20,MOL,2311,1020,1291,23,7,1,23,11,740,420,1052,18,16,1219,1092,ITF,ITF2,14,Molise,Molise,305617,25525,8.35,0.76
274,2021-04-28,MOL,1637,887,750,10,4,5,34,127,170,103,1107,4,73,451,1186,ITF,ITF2,14,Molise,Molise,305617,27162,8.89,0.54
275,2021-01-28,MOL,613,217,396,430,9,154,1,4,1,0,0,0,14,17,596,ITF,ITF2,14,Molise,Molise,305617,27775,9.09,0.2
276,2021-03-15,MOL,832,338,494,137,43,67,297,24,4,118,31,61,50,587,245,ITF,ITF2,14,Molise,Molise,305617,28607,9.36,0.27
277,2021-03-10,MOL,1737,720,1017,188,7,1,509,2,5,757,54,187,27,1687,50,ITF,ITF2,14,Molise,Molise,305617,30344,9.93,0.57
278,2021-04-17,MOL,1688,823,865,5,3,0,3,1,169,553,915,34,5,960,728,ITF,ITF2,14,Molise,Molise,305617,32032,10.48,0.55
279,2021-02-27,MOL,1366,568,798,25,29,14,1,1,0,1290,0,0,6,1347,19,ITF,ITF2,14,Molise,Molise,305617,33398,10.93,0.45
280,2021-03-30,MOL,1964,845,1119,46,1,1,424,2,4,573,810,82,21,1452,512,ITF,ITF2,14,Molise,Molise,305617,35362,11.57,0.64
281,2021-05-03,MOL,677,318,359,1,1,0,0,9,465,20,172,9,0,663,14,ITF,ITF2,14,Molise,Molise,305617,36039,11.79,0.22
282,2021-01-22,MOL,126,35,91,21,32,73,0,0,0,0,0,0,0,126,0,ITF,ITF2,14,Molise,Molise,305617,36165,11.83,0.04
283,2021-04-13,MOL,1615,710,905,7,4,1,1,12,910,322,350,1,7,1028,587,ITF,ITF2,14,Molise,Molise,305617,37780,12.36,0.53
284,2021-03-22,MOL,1146,439,707,106,5,2,458,7,3,255,216,59,35,903,243,ITF,ITF2,14,Molise,Molise,305617,38926,12.74,0.37
285,2021-04-10,MOL,2556,1233,1323,10,4,0,19,1,12,237,2262,9,2,2405,151,ITF,ITF2,14,Molise,Molise,305617,41482,13.57,0.84
286,2021-03-16,MOL,614,230,384,13,4,11,0,3,7,395,173,4,4,267,347,ITF,ITF2,14,Molise,Molise,305617,42096,13.77,0.2
287,2021-02-05,MOL,593,269,324,460,22,63,0,13,0,0,0,0,35,55,538,ITF,ITF2,14,Molise,Molise,305617,42689,13.97,0.19
288,2021-03-17,MOL,908,385,523,48,25,42,1,8,4,573,176,13,18,576,332,ITF,ITF2,14,Molise,Molise,305617,43597,14.27,0.3
289,2021-04-26,MOL,1134,509,625,7,0,0,1,3,108,215,788,10,2,805,329,ITF,ITF2,14,Molise,Molise,305617,44731,14.64,0.37
290,2021-02-08,MOL,334,141,193,206,39,85,0,3,0,0,0,0,1,216,118,ITF,ITF2,14,Molise,Molise,305617,45065,14.75,0.11
291,2021-02-01,MOL,562,201,361,301,144,111,1,1,0,0,0,0,4,14,548,ITF,ITF2,14,Molise,Molise,305617,45627,14.93,0.18
292,2021-03-28,MOL,1589,741,848,155,15,0,1,0,1,1184,231,1,1,487,1102,ITF,ITF2,14,Molise,Molise,305617,47216,15.45,0.52
293,2021-02-22,MOL,265,129,136,56,65,62,0,27,0,8,0,0,47,250,15,ITF,ITF2,14,Molise,Molise,305617,47481,15.54,0.09
294,2021-04-19,MOL,1801,830,971,18,5,51,7,13,652,249,763,24,19,1037,764,ITF,ITF2,14,Molise,Molise,305617,49282,16.13,0.59
295,2021-01-17,MOL,78,38,40,78,0,0,0,0,0,0,0,0,0,48,30,ITF,ITF2,14,Molise,Molise,305617,49360,16.15,0.03
296,2021-03-19,MOL,1184,482,702,32,1,9,248,2,4,727,155,2,4,757,427,ITF,ITF2,14,Molise,Molise,305617,50544,16.54,0.39
297,2021-01-29,MOL,421,136,285,227,23,109,3,12,0,0,0,0,47,6,415,ITF,ITF2,14,Molise,Molise,305617,50965,16.68,0.14
298,2021-03-29,MOL,2032,835,1197,108,8,5,525,4,55,514,774,22,17,1546,486,ITF,ITF2,14,Molise,Molise,305617,52997,17.34,0.66
299,2021-04-15,MOL,1895,777,1118,3,3,0,27,7,692,649,496,4,14,1057,838,ITF,ITF2,14,Molise,Molise,305617,54892,17.96,0.62
300,2021-03-18,MOL,1156,476,680,73,10,45,0,2,3,855,157,0,11,692,464,ITF,ITF2,14,Molise,Molise,305617,56048,18.34,0.38
301,2021-01-12,MOL,336,114,222,132,74,129,0,0,0,0,0,0,1,336,0,ITF,ITF2,14,Molise,Molise,305617,56384,18.45,0.11
302,2021-03-05,MOL,1219,649,570,322,5,0,73,9,2,618,0,151,39,1015,204,ITF,ITF2,14,Molise,Molise,305617,57603,18.85,0.4
303,2021-01-09,MOL,450,152,298,221,27,178,0,5,0,0,0,0,19,450,0,ITF,ITF2,14,Molise,Molise,305617,58053,19.0,0.15
304,2021-02-16,MOL,156,70,86,148,5,0,0,2,0,0,0,0,1,150,6,ITF,ITF2,14,Molise,Molise,305617,58209,19.05,0.05
305,2021-03-20,MOL,2320,968,1352,28,23,0,222,1,6,1857,147,21,15,999,1321,ITF,ITF2,14,Molise,Molise,305617,60529,19.81,0.76
306,2021-02-17,MOL,72,32,40,47,10,6,0,0,0,1,0,0,8,57,15,ITF,ITF2,14,Molise,Molise,305617,60601,19.83,0.02
307,2021-02-07,MOL,66,32,34,49,1,16,0,0,0,0,0,0,0,19,47,ITF,ITF2,14,Molise,Molise,305617,60667,19.85,0.02
308,2021-02-24,MOL,666,278,388,242,66,44,1,6,7,274,0,0,26,333,333,ITF,ITF2,14,Molise,Molise,305617,61333,20.07,0.22
309,2021-04-29,MOL,2217,1138,1079,108,2,2,7,7,146,154,1714,31,46,880,1337,ITF,ITF2,14,Molise,Molise,305617,63550,20.79,0.73
310,2021-03-25,MOL,1806,730,1076,53,4,18,493,3,10,832,269,107,17,1309,497,ITF,ITF2,14,Molise,Molise,305617,65356,21.38,0.59
311,2021-01-30,MOL,461,158,303,189,52,180,0,6,0,0,0,0,34,12,449,ITF,ITF2,14,Molise,Molise,305617,65817,21.54,0.15
312,2021-03-04,MOL,850,417,433,252,20,69,0,0,1,469,0,36,3,526,324,ITF,ITF2,14,Molise,Molise,305617,66667,21.81,0.28
313,2021-01-14,MOL,646,239,407,418,102,115,0,2,0,0,0,0,9,646,0,ITF,ITF2,14,Molise,Molise,305617,67313,22.03,0.21
314,2021-04-01,MOL,1437,654,783,27,18,21,20,0,2,715,566,62,6,712,725,ITF,ITF2,14,Molise,Molise,305617,68750,22.5,0.47
315,2021-04-25,MOL,785,392,393,2,0,0,0,0,217,62,504,0,0,557,228,ITF,ITF2,14,Molise,Molise,305617,69535,22.75,0.26
316,2021-01-16,MOL,420,166,254,270,16,127,0,1,0,0,0,0,6,420,0,ITF,ITF2,14,Molise,Molise,305617,69955,22.89,0.14
317,2021-04-03,MOL,1766,848,918,28,74,0,26,13,16,267,1323,7,12,1732,34,ITF,ITF2,14,Molise,Molise,305617,71721,23.47,0.58
318,2021-04-05,MOL,389,188,201,1,0,0,0,1,1,113,273,0,0,290,99,ITF,ITF2,14,Molise,Molise,305617,72110,23.59,0.13
319,2021-03-06,MOL,1728,807,921,156,18,0,0,2,4,1395,0,152,1,1569,159,ITF,ITF2,14,Molise,Molise,305617,73838,24.16,0.57
320,2021-03-03,MOL,672,316,356,63,4,48,127,0,0,385,0,45,0,590,82,ITF,ITF2,14,Molise,Molise,305617,74510,24.38,0.22
321,2021-01-06,MOL,689,260,429,456,26,171,0,1,2,21,0,0,12,689,0,ITF,ITF2,14,Molise,Molise,305617,75199,24.61,0.23
322,2021-04-30,MOL,2897,1536,1361,28,0,2,2,8,267,119,2457,0,14,827,2070,ITF,ITF2,14,Molise,Molise,305617,78096,25.55,0.95
323,2021-04-23,MOL,2037,877,1160,50,18,0,20,7,605,226,1096,11,4,1378,659,ITF,ITF2,14,Molise,Molise,305617,80133,26.22,0.67
324,2021-01-05,MOL,449,180,269,441,0,0,0,1,0,0,0,0,7,449,0,ITF,ITF2,14,Molise,Molise,305617,80582,26.37,0.15
325,2021-02-03,MOL,731,249,482,391,112,180,1,4,3,0,0,0,40,338,393,ITF,ITF2,14,Molise,Molise,305617,81313,26.61,0.24
326,2021-01-19,MOL,173,63,110,90,57,22,2,0,0,0,0,0,2,162,11,ITF,ITF2,14,Molise,Molise,305617,81486,26.66,0.06
327,2021-01-15,MOL,538,242,296,398,17,81,0,8,0,0,0,0,34,538,0,ITF,ITF2,14,Molise,Molise,305617,82024,26.84,0.18
328,2021-01-04,MOL,314,131,183,301,0,0,0,2,0,0,0,0,11,314,0,ITF,ITF2,14,Molise,Molise,305617,82338,26.94,0.1
329,2021-02-06,MOL,429,179,250,276,14,130,1,2,0,0,0,0,6,29,400,ITF,ITF2,14,Molise,Molise,305617,82767,27.08,0.14
330,2021-04-16,MOL,2411,1027,1384,56,5,11,8,7,693,738,880,7,6,1184,1227,ITF,ITF2,14,Molise,Molise,305617,85178,27.87,0.79
331,2021-04-09,MOL,2295,1240,1055,33,10,1,1,93,9,136,2004,2,6,2104,191,ITF,ITF2,14,Molise,Molise,305617,87473,28.62,0.75
332,2021-02-25,MOL,541,239,302,68,3,28,0,6,0,434,0,0,2,473,68,ITF,ITF2,14,Molise,Molise,305617,88014,28.8,0.18
333,2021-03-08,MOL,1378,522,856,359,51,23,404,2,1,411,36,76,15,1238,140,ITF,ITF2,14,Molise,Molise,305617,89392,29.25,0.45
334,2021-01-07,MOL,598,209,389,414,2,145,0,5,1,4,0,0,27,598,0,ITF,ITF2,14,Molise,Molise,305617,89990,29.45,0.2
335,2021-05-02,MOL,1715,864,851,1,3,0,0,113,23,12,1522,1,40,528,1187,ITF,ITF2,14,Molise,Molise,305617,91705,30.01,0.56
336,2021-04-22,MOL,1833,857,976,12,2,6,5,19,752,338,681,8,10,1062,771,ITF,ITF2,14,Molise,Molise,305617,93538,30.61,0.6
337,2021-01-20,MOL,18,8,10,14,4,0,0,0,0,0,0,0,0,18,0,ITF,ITF2,14,Molise,Molise,305617,93556,30.61,0.01
338,2021-03-11,MOL,1463,636,827,42,2,14,499,4,2,699,12,185,4,1457,6,ITF,ITF2,14,Molise,Molise,305617,95019,31.09,0.48
339,2021-01-25,MOL,319,130,189,317,0,0,2,0,0,0,0,0,0,3,316,ITF,ITF2,14,Molise,Molise,305617,95338,31.2,0.1
340,2021-02-12,MOL,330,149,181,224,13,72,2,7,1,0,0,0,11,208,122,ITF,ITF2,14,Molise,Molise,305617,95668,31.3,0.11
341,2021-04-11,MOL,1148,581,567,0,5,0,0,1,1,48,1089,0,4,1135,13,ITF,ITF2,14,Molise,Molise,305617,96816,31.68,0.38
342,2021-01-11,MOL,557,194,363,196,243,111,0,1,0,0,0,0,6,557,0,ITF,ITF2,14,Molise,Molise,305617,97373,31.86,0.18
343,2021-02-04,MOL,758,295,463,502,95,141,1,3,0,0,0,0,16,77,681,ITF,ITF2,14,Molise,Molise,305617,98131,32.11,0.25
344,2021-04-07,MOL,1686,846,840,36,12,62,80,10,3,133,1315,29,6,1411,275,ITF,ITF2,14,Molise,Molise,305617,99817,32.66,0.55
345,2021-03-02,MOL,667,383,284,98,106,51,151,0,0,139,0,113,9,509,158,ITF,ITF2,14,Molise,Molise,305617,100484,32.88,0.22
346,2021-04-08,MOL,1751,899,852,105,15,6,35,5,3,195,1368,8,11,1550,201,ITF,ITF2,14,Molise,Molise,305617,102235,33.45,0.57
347,2021-03-31,MOL,2192,918,1274,202,13,32,263,10,18,826,707,96,25,1373,819,ITF,ITF2,14,Molise,Molise,305617,104427,34.17,0.72
348,2021-04-04,MOL,253,141,112,1,0,0,0,0,0,3,248,0,1,238,15,ITF,ITF2,14,Molise,Molise,305617,104680,34.25,0.08
349,2021-02-11,MOL,293,133,160,225,19,45,1,0,0,0,0,3,0,257,36,ITF,ITF2,14,Molise,Molise,305617,104973,34.35,0.1
350,2021-03-01,MOL,661,274,387,200,36,108,147,8,1,135,0,2,24,447,214,ITF,ITF2,14,Molise,Molise,305617,105634,34.56,0.22
351,2021-03-13,MOL,1189,594,595,29,5,6,0,5,4,981,6,151,2,200,989,ITF,ITF2,14,Molise,Molise,305617,106823,34.95,0.39
352,2021-03-26,MOL,2573,1044,1529,72,63,23,548,7,16,1014,747,70,13,1931,642,ITF,ITF2,14,Molise,Molise,305617,109396,35.8,0.84
353,2021-02-10,MOL,150,78,72,91,6,53,0,0,0,0,0,0,0,130,20,ITF,ITF2,14,Molise,Molise,305617,109546,35.84,0.05
354,2021-04-14,MOL,1785,760,1025,44,1,11,3,5,974,431,307,5,4,1133,652,ITF,ITF2,14,Molise,Molise,305617,111331,36.43,0.58
355,2021-02-15,MOL,144,70,74,117,10,15,0,0,0,0,0,0,2,141,3,ITF,ITF2,14,Molise,Molise,305617,111475,36.48,0.05
356,2021-02-20,MOL,1018,441,577,20,5,8,0,0,1,983,0,0,1,998,20,ITF,ITF2,14,Molise,Molise,305617,112493,36.81,0.33
357,2021-01-18,MOL,114,48,66,97,14,0,0,1,0,0,0,0,2,114,0,ITF,ITF2,14,Molise,Molise,305617,112607,36.85,0.04
358,2021-04-12,MOL,1256,547,709,17,2,1,0,11,944,87,188,1,5,1014,242,ITF,ITF2,14,Molise,Molise,305617,113863,37.26,0.41
359,2021-02-13,MOL,132,80,52,129,3,0,0,0,0,0,0,0,0,132,0,ITF,ITF2,14,Molise,Molise,305617,113995,37.3,0.04
360,2021-01-27,MOL,674,251,423,436,12,209,1,10,0,0,0,1,5,8,666,ITF,ITF2,14,Molise,Molise,305617,114669,37.52,0.22
361,2021-02-26,MOL,563,260,303,42,7,3,55,9,1,406,1,0,39,490,73,ITF,ITF2,14,Molise,Molise,305617,115232,37.7,0.18
362,2021-03-09,MOL,1329,579,750,199,6,0,393,4,1,409,76,218,23,1177,152,ITF,ITF2,14,Molise,Molise,305617,116561,38.14,0.43
363,2021-03-27,MOL,2737,1272,1465,18,58,0,1,6,4,1907,717,23,3,1304,1433,ITF,ITF2,14,Molise,Molise,305617,119298,39.04,0.9
364,2021-04-02,MOL,1404,691,713,47,77,0,2,8,8,663,476,105,18,643,761,ITF,ITF2,14,Molise,Molise,305617,120702,39.49,0.46
365,2021-01-21,MOL,6,2,4,0,6,0,0,0,0,0,0,0,0,6,0,ITF,ITF2,14,Molise,Molise,305617,120708,39.5,0.0
366,2021-03-21,PUG,2688,1224,1464,462,32,13,285,0,5,1792,14,38,47,585,2103,ITF,ITF4,16,Puglia,Puglia,4029053,2688,0.07,0.07
367,2021-01-30,PUG,5526,2514,3012,4750,325,419,6,0,2,3,5,4,12,411,5115,ITF,ITF4,16,Puglia,Puglia,4029053,8214,0.2,0.14
368,2021-01-14,PUG,4066,1587,2479,3184,377,499,2,1,0,0,0,0,3,4066,0,ITF,ITF4,16,Puglia,Puglia,4029053,12280,0.3,0.1
369,2021-04-20,PUG,20664,9576,11088,493,209,121,91,1392,8957,3369,5741,76,215,17212,3452,ITF,ITF4,16,Puglia,Puglia,4029053,32944,0.82,0.51
370,2021-01-24,PUG,1669,749,920,1286,231,150,0,0,0,1,1,0,0,153,1516,ITF,ITF4,16,Puglia,Puglia,4029053,34613,0.86,0.04
371,2021-03-05,PUG,17031,6783,10248,2311,827,274,7000,34,23,5336,18,1172,36,14867,2164,ITF,ITF4,16,Puglia,Puglia,4029053,51644,1.28,0.42
372,2021-03-15,PUG,11760,5615,6145,2092,646,116,683,24,30,7672,23,461,13,5265,6495,ITF,ITF4,16,Puglia,Puglia,4029053,63404,1.57,0.29
373,2021-03-03,PUG,16572,6657,9915,2039,636,247,6708,5,6,5987,2,939,3,14686,1886,ITF,ITF4,16,Puglia,Puglia,4029053,79976,1.98,0.41
374,2021-03-07,PUG,4914,1940,2974,930,101,3,1852,5,4,1681,7,325,6,4343,571,ITF,ITF4,16,Puglia,Puglia,4029053,84890,2.11,0.12
375,2021-04-14,PUG,31577,14888,16689,628,219,39,83,4653,15194,4899,5429,123,310,28263,3314,ITF,ITF4,16,Puglia,Puglia,4029053,116467,2.89,0.78
376,2021-04-25,PUG,10856,5022,5834,183,82,43,145,905,3183,1122,4994,11,188,9697,1159,ITF,ITF4,16,Puglia,Puglia,4029053,127323,3.16,0.27
377,2021-01-13,PUG,4537,1729,2808,3973,329,230,2,1,0,0,0,0,2,4537,0,ITF,ITF4,16,Puglia,Puglia,4029053,131860,3.27,0.11
378,2021-04-19,PUG,27274,12655,14619,546,143,76,57,1993,14650,3261,6311,49,188,24225,3049,ITF,ITF4,16,Puglia,Puglia,4029053,159134,3.95,0.68
379,2021-02-23,PUG,9338,4415,4923,1789,362,169,1018,11,15,5554,1,400,19,8863,475,ITF,ITF4,16,Puglia,Puglia,4029053,168472,4.18,0.23
380,2021-04-26,PUG,25620,11744,13876,421,228,102,106,6451,8036,2731,7346,34,165,22399,3221,ITF,ITF4,16,Puglia,Puglia,4029053,194092,4.82,0.64
381,2021-02-12,PUG,4099,1629,2470,2938,443,690,5,0,0,5,5,10,3,3008,1091,ITF,ITF4,16,Puglia,Puglia,4029053,198191,4.92,0.1
382,2021-03-20,PUG,8234,3721,4513,1427,87,54,811,23,51,5648,43,69,21,3653,4581,ITF,ITF4,16,Puglia,Puglia,4029053,206425,5.12,0.2
383,2021-01-27,PUG,4576,1928,2648,3932,239,396,2,1,3,0,0,0,3,610,3966,ITF,ITF4,16,Puglia,Puglia,4029053,211001,5.24,0.11
384,2021-03-18,PUG,9393,4248,5145,1754,488,225,90,17,27,6689,43,40,20,3281,6112,ITF,ITF4,16,Puglia,Puglia,4029053,220394,5.47,0.23
385,2021-01-29,PUG,6192,2659,3533,5516,376,288,3,3,0,1,0,0,5,436,5756,ITF,ITF4,16,Puglia,Puglia,4029053,226586,5.62,0.15
386,2021-02-24,PUG,10026,4699,5327,1925,602,117,559,9,12,6410,0,375,17,9437,589,ITF,ITF4,16,Puglia,Puglia,4029053,236612,5.87,0.25
387,2021-02-13,PUG,3723,1454,2269,2884,517,290,7,0,2,5,0,18,0,3029,694,ITF,ITF4,16,Puglia,Puglia,4029053,240335,5.97,0.09
388,2021-01-22,PUG,1409,578,831,878,154,373,1,0,0,1,1,0,1,991,418,ITF,ITF4,16,Puglia,Puglia,4029053,241744,6.0,0.03
389,2021-02-10,PUG,3635,1429,2206,2511,254,869,1,0,0,0,0,0,0,2125,1510,ITF,ITF4,16,Puglia,Puglia,4029053,245379,6.09,0.09
390,2021-03-08,PUG,14656,6075,8581,2140,840,224,3938,13,9,6829,6,635,22,12262,2394,ITF,ITF4,16,Puglia,Puglia,4029053,260035,6.45,0.36
391,2021-01-09,PUG,4876,2248,2628,4323,255,246,1,5,1,4,5,0,36,4876,0,ITF,ITF4,16,Puglia,Puglia,4029053,264911,6.58,0.12
392,2021-01-21,PUG,2129,903,1226,1429,167,527,0,0,1,3,0,0,2,1270,859,ITF,ITF4,16,Puglia,Puglia,4029053,267040,6.63,0.05
393,2021-02-15,PUG,3254,1268,1986,2249,527,454,3,0,1,1,1,7,11,2634,620,ITF,ITF4,16,Puglia,Puglia,4029053,270294,6.71,0.08
394,2021-03-19,PUG,7949,3646,4303,1761,279,70,260,14,20,5383,74,66,22,3408,4541,ITF,ITF4,16,Puglia,Puglia,4029053,278243,6.91,0.2
395,2021-03-29,PUG,12820,5982,6838,1594,586,241,1129,35,140,7958,659,409,69,6102,6718,ITF,ITF4,16,Puglia,Puglia,4029053,291063,7.22,0.32
396,2021-03-13,PUG,10296,4061,6235,2160,277,131,3322,7,12,4056,45,254,32,8567,1729,ITF,ITF4,16,Puglia,Puglia,4029053,301359,7.48,0.26
397,2021-03-17,PUG,10276,4683,5593,1792,464,63,70,30,39,7682,38,51,47,4174,6102,ITF,ITF4,16,Puglia,Puglia,4029053,311635,7.73,0.26
398,2021-01-28,PUG,5465,2271,3194,4782,339,327,3,3,0,0,0,6,5,473,4992,ITF,ITF4,16,Puglia,Puglia,4029053,317100,7.87,0.14
399,2021-04-11,PUG,16307,7192,9115,331,86,15,119,388,1034,5490,8718,18,108,14640,1667,ITF,ITF4,16,Puglia,Puglia,4029053,333407,8.28,0.4
400,2021-02-26,PUG,13662,5010,8652,2125,681,298,4658,12,10,5226,18,612,22,12635,1027,ITF,ITF4,16,Puglia,Puglia,4029053,347069,8.61,0.34
401,2021-01-04,PUG,4503,2012,2491,4397,88,11,1,0,0,0,0,0,6,4503,0,ITF,ITF4,16,Puglia,Puglia,4029053,351572,8.73,0.11
402,2021-03-02,PUG,16282,6040,10242,1396,665,113,8168,17,17,4351,5,1537,13,14977,1305,ITF,ITF4,16,Puglia,Puglia,4029053,367854,9.13,0.4
403,2021-01-19,PUG,1221,452,769,531,113,577,0,0,0,0,0,0,0,1211,10,ITF,ITF4,16,Puglia,Puglia,4029053,369075,9.16,0.03
404,2021-04-07,PUG,14872,6558,8314,1034,418,87,363,182,571,8674,3154,145,244,8260,6612,ITF,ITF4,16,Puglia,Puglia,4029053,383947,9.53,0.37
405,2021-01-23,PUG,3037,1292,1745,2523,176,309,1,3,6,14,0,0,5,886,2151,ITF,ITF4,16,Puglia,Puglia,4029053,386984,9.6,0.08
406,2021-02-03,PUG,5031,2002,3029,4366,476,184,3,2,0,0,0,0,0,730,4301,ITF,ITF4,16,Puglia,Puglia,4029053,392015,9.73,0.12
407,2021-04-08,PUG,17149,7462,9687,1028,330,181,506,216,805,9624,4197,89,173,11079,6070,ITF,ITF4,16,Puglia,Puglia,4029053,409164,10.16,0.43
408,2021-01-18,PUG,1846,770,1076,1183,215,445,0,0,0,1,0,1,1,1497,349,ITF,ITF4,16,Puglia,Puglia,4029053,411010,10.2,0.05
409,2021-01-06,PUG,3942,1664,2278,3313,224,372,0,11,1,0,0,0,21,3942,0,ITF,ITF4,16,Puglia,Puglia,4029053,414952,10.3,0.1
410,2021-03-06,PUG,15891,5937,9954,2175,472,99,7040,16,14,5469,25,566,15,13824,2067,ITF,ITF4,16,Puglia,Puglia,4029053,430843,10.69,0.39
411,2021-01-08,PUG,5578,2335,3243,4867,373,328,3,0,0,0,2,4,1,5578,0,ITF,ITF4,16,Puglia,Puglia,4029053,436421,10.83,0.14
412,2021-03-01,PUG,15047,5842,9205,1973,724,83,5145,7,15,6183,4,891,22,13678,1369,ITF,ITF4,16,Puglia,Puglia,4029053,451468,11.21,0.37
413,2021-04-30,PUG,32599,14554,18045,776,402,184,161,3902,7960,6846,11802,118,448,21242,11357,ITF,ITF4,16,Puglia,Puglia,4029053,484067,12.01,0.81
414,2020-12-31,PUG,1635,782,853,1549,38,44,3,0,1,0,0,0,0,1635,0,ITF,ITF4,16,Puglia,Puglia,4029053,485702,12.05,0.04
415,2021-04-22,PUG,22501,10266,12235,734,280,216,113,1829,9119,4145,5725,56,284,17738,4763,ITF,ITF4,16,Puglia,Puglia,4029053,508203,12.61,0.56
416,2021-02-09,PUG,3838,1568,2270,2532,661,622,6,2,3,9,1,0,2,2166,1672,ITF,ITF4,16,Puglia,Puglia,4029053,512041,12.71,0.1
417,2021-03-27,PUG,12090,5673,6417,970,592,71,1372,35,90,7563,1105,216,76,6946,5144,ITF,ITF4,16,Puglia,Puglia,4029053,524131,13.01,0.3
418,2021-02-28,PUG,5886,1785,4101,559,136,26,3416,6,3,1543,0,194,3,5700,186,ITF,ITF4,16,Puglia,Puglia,4029053,530017,13.15,0.15
419,2021-03-26,PUG,11435,5336,6099,1611,919,287,1340,39,119,6463,98,442,117,6794,4641,ITF,ITF4,16,Puglia,Puglia,4029053,541452,13.44,0.28
420,2021-01-31,PUG,1808,825,983,1502,103,198,2,1,0,2,0,0,0,73,1735,ITF,ITF4,16,Puglia,Puglia,4029053,543260,13.48,0.04
421,2021-04-04,PUG,5929,2949,2980,98,25,7,47,29,44,285,5320,26,48,5923,6,ITF,ITF4,16,Puglia,Puglia,4029053,549189,13.63,0.15
422,2021-04-05,PUG,12669,6159,6510,57,59,4,30,59,237,942,11201,12,68,12136,533,ITF,ITF4,16,Puglia,Puglia,4029053,561858,13.95,0.31
423,2021-01-11,PUG,3749,1587,2162,3221,336,175,2,4,0,0,0,6,5,3749,0,ITF,ITF4,16,Puglia,Puglia,4029053,565607,14.04,0.09
424,2021-01-20,PUG,1546,541,1005,781,125,627,0,0,3,9,0,0,1,1538,8,ITF,ITF4,16,Puglia,Puglia,4029053,567153,14.08,0.04
425,2021-01-02,PUG,2948,1300,1648,2829,91,23,4,0,0,0,0,0,1,2948,0,ITF,ITF4,16,Puglia,Puglia,4029053,570101,14.15,0.07
426,2021-02-21,PUG,2172,472,1700,537,73,49,1456,1,5,32,0,12,7,2111,61,ITF,ITF4,16,Puglia,Puglia,4029053,572273,14.2,0.05
427,2021-01-16,PUG,2507,1033,1474,1682,300,518,1,1,1,0,0,0,4,2507,0,ITF,ITF4,16,Puglia,Puglia,4029053,574780,14.27,0.06
428,2021-02-02,PUG,4339,1843,2496,3629,389,317,3,1,0,0,0,0,0,593,3746,ITF,ITF4,16,Puglia,Puglia,4029053,579119,14.37,0.11
429,2021-03-11,PUG,14343,6180,8163,2912,932,515,3676,5,7,5277,8,991,20,11240,3103,ITF,ITF4,16,Puglia,Puglia,4029053,593462,14.73,0.36
430,2021-01-15,PUG,4551,1866,2685,3598,369,558,4,2,0,1,1,13,5,4551,0,ITF,ITF4,16,Puglia,Puglia,4029053,598013,14.84,0.11
431,2021-04-01,PUG,13373,6100,7273,1245,453,220,1038,57,300,8049,1569,319,123,7036,6337,ITF,ITF4,16,Puglia,Puglia,4029053,611386,15.17,0.33
432,2021-04-18,PUG,22332,10669,11663,80,38,4,9,4066,9429,1436,7046,12,212,21245,1087,ITF,ITF4,16,Puglia,Puglia,4029053,633718,15.73,0.55
433,2020-12-27,PUG,507,250,257,438,6,63,0,0,0,0,0,0,0,507,0,ITF,ITF4,16,Puglia,Puglia,4029053,634225,15.74,0.01
434,2021-02-17,PUG,4268,1744,2524,2488,1171,598,1,0,1,2,1,1,5,3669,599,ITF,ITF4,16,Puglia,Puglia,4029053,638493,15.85,0.11
435,2021-03-23,PUG,10389,4987,5402,1850,413,51,991,29,44,6090,52,744,125,3933,6456,ITF,ITF4,16,Puglia,Puglia,4029053,648882,16.11,0.26
436,2021-03-24,PUG,12964,5974,6990,1907,628,193,1543,29,58,7921,83,497,105,5712,7252,ITF,ITF4,16,Puglia,Puglia,4029053,661846,16.43,0.32
437,2021-04-21,PUG,22828,10536,12292,679,240,61,377,1964,12269,2781,4191,115,151,19118,3710,ITF,ITF4,16,Puglia,Puglia,4029053,684674,16.99,0.57
438,2021-04-27,PUG,25955,11755,14200,653,259,232,237,5201,7422,4167,7452,63,269,20486,5469,ITF,ITF4,16,Puglia,Puglia,4029053,710629,17.64,0.64
439,2021-04-24,PUG,28723,13081,15642,551,291,91,74,2478,11233,3600,9926,33,446,24718,4005,ITF,ITF4,16,Puglia,Puglia,4029053,739352,18.35,0.71
440,2021-02-16,PUG,3378,1451,1927,2154,740,412,2,7,0,5,0,16,42,2734,644,ITF,ITF4,16,Puglia,Puglia,4029053,742730,18.43,0.08
441,2021-03-14,PUG,3313,1428,1885,957,89,107,1001,28,10,976,9,43,93,2503,810,ITF,ITF4,16,Puglia,Puglia,4029053,746043,18.52,0.08
442,2021-04-02,PUG,12478,5715,6763,894,398,298,695,114,629,7460,1487,193,310,7959,4519,ITF,ITF4,16,Puglia,Puglia,4029053,758521,18.83,0.31
443,2021-01-12,PUG,4208,1768,2440,3635,343,218,5,2,3,1,0,0,1,4208,0,ITF,ITF4,16,Puglia,Puglia,4029053,762729,18.93,0.1
444,2021-01-25,PUG,3821,1678,2143,3471,170,169,1,1,0,2,1,0,6,423,3398,ITF,ITF4,16,Puglia,Puglia,4029053,766550,19.03,0.09
445,2021-04-12,PUG,28739,13532,15207,504,236,26,158,2192,14752,4836,5674,150,211,25913,2826,ITF,ITF4,16,Puglia,Puglia,4029053,795289,19.74,0.71
446,2021-01-01,PUG,146,60,86,145,1,0,0,0,0,0,0,0,0,146,0,ITF,ITF4,16,Puglia,Puglia,4029053,795435,19.74,0.0
447,2021-03-04,PUG,15029,5862,9167,1532,589,323,6288,20,15,4778,5,1451,28,13649,1380,ITF,ITF4,16,Puglia,Puglia,4029053,810464,20.12,0.37
448,2021-02-11,PUG,3698,1402,2296,2576,391,725,2,0,0,0,0,0,4,2422,1276,ITF,ITF4,16,Puglia,Puglia,4029053,814162,20.21,0.09
449,2021-04-29,PUG,24876,11492,13384,546,346,124,70,2987,9007,4053,7410,33,300,18395,6481,ITF,ITF4,16,Puglia,Puglia,4029053,839038,20.82,0.62
450,2021-03-09,PUG,13157,5743,7414,1872,711,225,3544,16,10,5627,7,1090,55,11160,1997,ITF,ITF4,16,Puglia,Puglia,4029053,852195,21.15,0.33
451,2021-03-12,PUG,13907,6099,7808,3282,1136,432,3019,9,16,5005,9,987,12,9983,3924,ITF,ITF4,16,Puglia,Puglia,4029053,866102,21.5,0.35
452,2021-01-07,PUG,5714,2455,3259,5218,263,217,3,4,0,0,2,7,0,5714,0,ITF,ITF4,16,Puglia,Puglia,4029053,871816,21.64,0.14
453,2021-02-22,PUG,9621,4528,5093,1439,650,140,319,14,19,6809,5,215,11,9289,332,ITF,ITF4,16,Puglia,Puglia,4029053,881437,21.88,0.24
454,2021-02-08,PUG,3993,1611,2382,2966,605,389,1,1,0,1,1,26,3,1598,2395,ITF,ITF4,16,Puglia,Puglia,4029053,885430,21.98,0.1
455,2021-02-01,PUG,3961,1657,2304,3443,287,208,5,4,0,0,0,6,8,375,3586,ITF,ITF4,16,Puglia,Puglia,4029053,889391,22.07,0.1
456,2021-02-20,PUG,2967,1079,1888,2116,233,168,425,0,1,9,1,4,10,2711,256,ITF,ITF4,16,Puglia,Puglia,4029053,892358,22.15,0.07
457,2021-04-10,PUG,30288,12879,17409,631,235,121,278,660,1656,11820,14473,149,265,26113,4175,ITF,ITF4,16,Puglia,Puglia,4029053,922646,22.9,0.75
458,2021-02-05,PUG,5630,2271,3359,4568,512,526,6,0,0,0,0,14,4,1330,4300,ITF,ITF4,16,Puglia,Puglia,4029053,928276,23.04,0.14
459,2021-03-22,PUG,9344,4550,4794,608,368,12,1070,17,39,6753,49,362,66,3700,5644,ITF,ITF4,16,Puglia,Puglia,4029053,937620,23.27,0.23
460,2021-02-27,PUG,14114,4780,9334,1587,653,181,6172,14,8,5119,17,350,13,12935,1179,ITF,ITF4,16,Puglia,Puglia,4029053,951734,23.62,0.35
461,2021-04-16,PUG,35235,16562,18673,689,280,135,210,4883,14876,4556,9166,101,339,31941,3294,ITF,ITF4,16,Puglia,Puglia,4029053,986969,24.5,0.87
462,2021-01-17,PUG,1309,590,719,818,154,337,0,0,0,0,0,0,0,1240,69,ITF,ITF4,16,Puglia,Puglia,4029053,988278,24.53,0.03
463,2021-03-31,PUG,14019,6344,7675,1790,564,177,810,30,189,8639,1340,371,109,8466,5553,ITF,ITF4,16,Puglia,Puglia,4029053,1002297,24.88,0.35
464,2021-02-04,PUG,5897,2357,3540,4444,792,653,6,0,0,0,1,0,1,1167,4730,ITF,ITF4,16,Puglia,Puglia,4029053,1008194,25.02,0.15
465,2021-02-06,PUG,4510,1916,2594,3493,484,527,3,0,1,0,0,0,2,1589,2921,ITF,ITF4,16,Puglia,Puglia,4029053,1012704,25.14,0.11
466,2021-02-18,PUG,4370,1844,2526,2708,960,680,2,1,1,5,1,11,1,3767,603,ITF,ITF4,16,Puglia,Puglia,4029053,1017074,25.24,0.11
467,2021-05-02,PUG,19701,8921,10780,86,91,17,37,3684,4413,3432,7648,20,273,12653,7048,ITF,ITF4,16,Puglia,Puglia,4029053,1036775,25.73,0.49
468,2021-04-03,PUG,10394,4548,5846,919,218,135,541,122,362,5415,2377,18,287,6850,3544,ITF,ITF4,16,Puglia,Puglia,4029053,1047169,25.99,0.26
469,2021-03-28,PUG,3522,1649,1873,638,151,47,119,6,11,2016,519,3,12,1197,2325,ITF,ITF4,16,Puglia,Puglia,4029053,1050691,26.08,0.09
470,2021-04-06,PUG,13309,5886,7423,748,376,156,220,89,505,8443,2552,131,89,6689,6620,ITF,ITF4,16,Puglia,Puglia,4029053,1064000,26.41,0.33
471,2021-04-15,PUG,31883,14868,17015,559,222,77,121,4265,13205,5114,7875,96,349,28393,3490,ITF,ITF4,16,Puglia,Puglia,4029053,1095883,27.2,0.79
472,2021-03-10,PUG,14373,6231,8142,2602,1070,355,3078,6,33,6546,7,655,21,11257,3116,ITF,ITF4,16,Puglia,Puglia,4029053,1110256,27.56,0.36
473,2021-04-17,PUG,38822,18402,20420,523,166,83,181,4755,12993,4813,14746,82,480,35428,3394,ITF,ITF4,16,Puglia,Puglia,4029053,1149078,28.52,0.96
474,2021-04-28,PUG,19172,8591,10581,329,163,93,85,2220,7585,3204,5334,55,104,14534,4638,ITF,ITF4,16,Puglia,Puglia,4029053,1168250,29.0,0.48
475,2021-02-19,PUG,4729,2010,2719,3065,1189,389,7,2,1,2,0,49,25,4338,391,ITF,ITF4,16,Puglia,Puglia,4029053,1172979,29.11,0.12
476,2021-02-14,PUG,785,348,437,682,32,70,1,0,0,0,0,0,0,662,123,ITF,ITF4,16,Puglia,Puglia,4029053,1173764,29.13,0.02
477,2021-04-09,PUG,21530,9237,12293,1107,543,168,416,464,1164,9786,7421,145,316,16901,4629,ITF,ITF4,16,Puglia,Puglia,4029053,1195294,29.67,0.53
478,2021-03-16,PUG,9855,4680,5175,2201,553,91,40,22,23,6630,129,143,23,3499,6356,ITF,ITF4,16,Puglia,Puglia,4029053,1205149,29.91,0.24
479,2021-01-03,PUG,2007,943,1064,1818,38,145,1,1,1,0,3,0,0,2007,0,ITF,ITF4,16,Puglia,Puglia,4029053,1207156,29.96,0.05
480,2021-02-25,PUG,11889,5037,6852,1746,763,420,2380,19,15,5784,1,727,34,10732,1157,ITF,ITF4,16,Puglia,Puglia,4029053,1219045,30.26,0.3
481,2021-05-03,PUG,6842,3147,3695,101,61,7,23,2046,1759,923,1895,6,21,3987,2855,ITF,ITF4,16,Puglia,Puglia,4029053,1225887,30.43,0.17
482,2021-04-13,PUG,28313,13445,14868,657,251,58,119,4549,10801,5294,6110,122,352,24914,3399,ITF,ITF4,16,Puglia,Puglia,4029053,1254200,31.13,0.7
483,2021-01-26,PUG,5358,2396,2962,4850,269,232,0,2,1,1,0,0,3,571,4787,ITF,ITF4,16,Puglia,Puglia,4029053,1259558,31.26,0.13
484,2021-01-05,PUG,5099,2247,2852,4783,178,98,4,9,9,5,0,0,13,5099,0,ITF,ITF4,16,Puglia,Puglia,4029053,1264657,31.39,0.13
485,2021-01-10,PUG,2349,1061,1288,2038,106,202,0,2,0,0,1,0,0,2349,0,ITF,ITF4,16,Puglia,Puglia,4029053,1267006,31.45,0.06
486,2021-03-30,PUG,11819,5482,6337,1334,493,266,960,47,166,7127,998,372,56,5955,5864,ITF,ITF4,16,Puglia,Puglia,4029053,1278825,31.74,0.29
487,2020-12-30,PUG,1,0,1,1,0,0,0,0,0,0,0,0,0,1,0,ITF,ITF4,16,Puglia,Puglia,4029053,1278826,31.74,0.0
488,2021-03-25,PUG,10816,5246,5570,1268,671,132,658,22,50,7195,59,675,86,4634,6182,ITF,ITF4,16,Puglia,Puglia,4029053,1289642,32.01,0.27
489,2021-04-23,PUG,28519,13237,15282,643,240,190,103,2426,12909,4494,6921,195,398,23563,4956,ITF,ITF4,16,Puglia,Puglia,4029053,1318161,32.72,0.71
490,2021-02-07,PUG,1578,669,909,1039,227,309,1,0,2,0,0,0,0,253,1325,ITF,ITF4,16,Puglia,Puglia,4029053,1319739,32.76,0.04
491,2021-05-01,PUG,25487,11735,13752,167,147,45,25,3251,5195,3855,12442,15,345,15474,10013,ITF,ITF4,16,Puglia,Puglia,4029053,1345226,33.39,0.63
492,2021-02-28,LOM,7884,3255,4629,1106,761,76,31,594,199,4343,0,88,686,7668,216,ITC,ITC4,3,Lombardia,Lombardia,10060574,7884,0.08,0.08
493,2021-03-19,LOM,32365,12887,19478,2748,1933,1418,3009,69,115,22423,350,158,142,19183,13182,ITC,ITC4,3,Lombardia,Lombardia,10060574,40249,0.4,0.32
494,2021-02-15,LOM,8913,3119,5794,6034,1677,1071,9,12,9,29,4,31,37,8491,422,ITC,ITC4,3,Lombardia,Lombardia,10060574,49162,0.49,0.09
495,2021-02-18,LOM,14037,4926,9111,6163,1880,1593,28,13,18,3438,3,859,42,13010,1027,ITC,ITC4,3,Lombardia,Lombardia,10060574,63199,0.63,0.14
496,2021-01-08,LOM,12664,3910,8754,9964,2236,376,0,17,9,6,1,0,55,12664,0,ITC,ITC4,3,Lombardia,Lombardia,10060574,75863,0.75,0.13
497,2021-04-06,LOM,42975,17538,25437,2178,1931,685,4532,281,556,27980,4392,128,312,25022,17953,ITC,ITC4,3,Lombardia,Lombardia,10060574,118838,1.18,0.43
498,2020-12-30,LOM,114,42,72,106,7,0,0,0,0,0,0,0,1,114,0,ITC,ITC4,3,Lombardia,Lombardia,10060574,118952,1.18,0.0
499,2021-03-28,LOM,20377,7764,12613,2015,1291,115,3875,197,427,11310,1008,34,105,14239,6138,ITC,ITC4,3,Lombardia,Lombardia,10060574,139329,1.38,0.2
500,2020-12-31,LOM,713,300,413,657,56,0,0,0,0,0,0,0,0,713,0,ITC,ITC4,3,Lombardia,Lombardia,10060574,140042,1.39,0.01
501,2021-02-09,LOM,12247,3328,8919,5738,2236,4128,4,16,5,78,4,2,36,4109,8138,ITC,ITC4,3,Lombardia,Lombardia,10060574,152289,1.51,0.12
502,2021-02-21,LOM,5052,1862,3190,1766,910,57,3,2,14,2234,2,42,22,5032,20,ITC,ITC4,3,Lombardia,Lombardia,10060574,157341,1.56,0.05
503,2021-04-02,LOM,41014,16779,24235,2553,1825,1166,4639,539,2171,24628,3017,130,346,26617,14397,ITC,ITC4,3,Lombardia,Lombardia,10060574,198355,1.97,0.41
504,2021-01-12,LOM,19859,6616,13243,13439,4542,1631,0,20,13,102,2,1,109,19859,0,ITC,ITC4,3,Lombardia,Lombardia,10060574,218214,2.17,0.2
505,2021-01-01,LOM,24,7,17,24,0,0,0,0,0,0,0,0,0,24,0,ITC,ITC4,3,Lombardia,Lombardia,10060574,218238,2.17,0.0
506,2021-03-16,LOM,25472,10111,15361,3316,1463,1458,76,311,249,18138,28,17,416,16415,9057,ITC,ITC4,3,Lombardia,Lombardia,10060574,243710,2.42,0.25
507,2021-04-20,LOM,67344,30677,36667,1158,586,750,567,8883,34189,10946,9523,228,514,57050,10294,ITC,ITC4,3,Lombardia,Lombardia,10060574,311054,3.09,0.67
508,2021-01-21,LOM,5341,1569,3772,3024,1211,1025,0,8,4,7,1,0,61,4652,689,ITC,ITC4,3,Lombardia,Lombardia,10060574,316395,3.14,0.05
509,2021-03-15,LOM,31529,11313,20216,4685,2871,879,8320,273,376,13072,8,637,408,23004,8525,ITC,ITC4,3,Lombardia,Lombardia,10060574,347924,3.46,0.31
510,2021-02-19,LOM,14110,5368,8742,5570,1752,1153,16,22,42,4543,2,929,81,13425,685,ITC,ITC4,3,Lombardia,Lombardia,10060574,362034,3.6,0.14
511,2021-04-28,LOM,94642,43335,51307,1389,654,744,313,23404,28588,22769,15779,310,692,68101,26541,ITC,ITC4,3,Lombardia,Lombardia,10060574,456676,4.54,0.94
512,2021-01-22,LOM,3098,864,2234,1582,619,874,0,2,3,13,0,0,5,3028,70,ITC,ITC4,3,Lombardia,Lombardia,10060574,459774,4.57,0.03
513,2021-03-12,LOM,35239,12947,22292,5134,3225,1507,7388,184,278,16071,10,1114,328,25020,10219,ITC,ITC4,3,Lombardia,Lombardia,10060574,495013,4.92,0.35
514,2021-02-08,LOM,10076,2915,7161,5323,2251,2404,4,5,2,53,4,0,30,2138,7938,ITC,ITC4,3,Lombardia,Lombardia,10060574,505089,5.02,0.1
515,2021-04-22,LOM,73133,33060,40073,1189,704,1007,438,11017,31863,15373,10821,185,536,56921,16212,ITC,ITC4,3,Lombardia,Lombardia,10060574,578222,5.75,0.73
516,2021-03-10,LOM,33218,12723,20495,6906,3853,2102,5479,429,302,12092,9,1608,438,25366,7852,ITC,ITC4,3,Lombardia,Lombardia,10060574,611440,6.08,0.33
517,2021-03-08,LOM,29730,11167,18563,6595,2985,1160,4622,423,211,11766,10,1613,345,22658,7072,ITC,ITC4,3,Lombardia,Lombardia,10060574,641170,6.37,0.3
518,2021-04-17,LOM,47710,20953,26757,519,203,287,381,423,28538,11524,5571,124,140,36990,10720,ITC,ITC4,3,Lombardia,Lombardia,10060574,688880,6.85,0.47
519,2021-04-18,LOM,36229,16156,20073,262,115,72,142,235,25850,5656,3684,99,114,30995,5234,ITC,ITC4,3,Lombardia,Lombardia,10060574,725109,7.21,0.36
520,2021-03-17,LOM,26150,10452,15698,2533,1418,1969,44,73,108,19534,175,45,251,15233,10917,ITC,ITC4,3,Lombardia,Lombardia,10060574,751259,7.47,0.26
521,2021-02-04,LOM,27644,8069,19575,15831,5866,5659,0,11,1,199,4,7,66,1962,25682,ITC,ITC4,3,Lombardia,Lombardia,10060574,778903,7.74,0.27
522,2021-03-31,LOM,41835,16925,24910,2598,1888,1471,6196,403,1820,24071,2811,150,427,26685,15150,ITC,ITC4,3,Lombardia,Lombardia,10060574,820738,8.16,0.42
523,2021-04-21,LOM,71334,32405,38929,1051,482,721,346,10500,32398,14454,10783,178,421,56789,14545,ITC,ITC4,3,Lombardia,Lombardia,10060574,892072,8.87,0.71
524,2021-02-17,LOM,11965,3743,8222,7640,2229,1950,10,7,9,40,6,38,36,10575,1390,ITC,ITC4,3,Lombardia,Lombardia,10060574,904037,8.99,0.12
525,2020-12-27,LOM,717,413,304,615,46,14,0,13,7,1,1,0,20,717,0,ITC,ITC4,3,Lombardia,Lombardia,10060574,904754,8.99,0.01
526,2021-04-19,LOM,60049,27332,32717,1168,445,447,480,3370,34717,9966,8797,177,482,50629,9420,ITC,ITC4,3,Lombardia,Lombardia,10060574,964803,9.59,0.6
527,2021-04-24,LOM,74811,33181,41630,652,353,88,166,12515,29485,21043,9823,278,408,54047,20764,ITC,ITC4,3,Lombardia,Lombardia,10060574,1039614,10.33,0.74
528,2021-04-05,LOM,27339,11672,15667,545,569,70,703,196,325,23709,1104,28,90,19257,8082,ITC,ITC4,3,Lombardia,Lombardia,10060574,1066953,10.61,0.27
529,2021-02-01,LOM,16054,5316,10738,11676,3377,903,1,3,3,45,3,1,42,303,15751,ITC,ITC4,3,Lombardia,Lombardia,10060574,1083007,10.76,0.16
530,2021-01-31,LOM,9746,3763,5983,7577,2043,87,0,2,2,7,3,2,23,33,9713,ITC,ITC4,3,Lombardia,Lombardia,10060574,1092753,10.86,0.1
531,2021-01-28,LOM,12180,3691,8489,9192,1858,971,1,11,5,29,2,1,110,776,11404,ITC,ITC4,3,Lombardia,Lombardia,10060574,1104933,10.98,0.12
532,2021-01-03,LOM,853,316,537,744,89,4,0,0,0,1,1,0,14,853,0,ITC,ITC4,3,Lombardia,Lombardia,10060574,1105786,10.99,0.01
533,2021-01-04,LOM,6075,2097,3978,4993,736,173,0,22,4,11,0,0,136,6075,0,ITC,ITC4,3,Lombardia,Lombardia,10060574,1111861,11.05,0.06
534,2021-01-19,LOM,8101,2348,5753,4045,1772,2169,0,9,5,67,4,1,29,7626,475,ITC,ITC4,3,Lombardia,Lombardia,10060574,1119962,11.13,0.08
535,2021-02-25,LOM,15181,6295,8886,2975,1339,1294,10,39,86,8100,4,1251,83,13634,1547,ITC,ITC4,3,Lombardia,Lombardia,10060574,1135143,11.28,0.15
536,2021-02-03,LOM,25546,7897,17649,15596,5629,4081,1,17,9,144,6,8,55,1128,24418,ITC,ITC4,3,Lombardia,Lombardia,10060574,1160689,11.54,0.25
537,2021-02-14,LOM,3578,1546,2032,2750,623,42,10,5,1,3,2,0,142,2944,634,ITC,ITC4,3,Lombardia,Lombardia,10060574,1164267,11.57,0.04
538,2021-02-27,LOM,13943,5867,8076,2090,1235,568,48,208,309,8311,7,1124,43,13298,645,ITC,ITC4,3,Lombardia,Lombardia,10060574,1178210,11.71,0.14
539,2021-03-18,LOM,27415,10954,16461,2204,1209,1547,100,65,161,21448,503,50,128,16186,11229,ITC,ITC4,3,Lombardia,Lombardia,10060574,1205625,11.98,0.27
540,2021-05-03,LOM,27974,13485,14489,512,154,68,292,8958,10071,1560,5958,114,287,21982,5992,ITC,ITC4,3,Lombardia,Lombardia,10060574,1233599,12.26,0.28
541,2021-05-01,LOM,94368,43052,51316,683,508,72,307,28075,23895,24289,14298,336,1905,66458,27910,ITC,ITC4,3,Lombardia,Lombardia,10060574,1327967,13.2,0.94
542,2021-02-07,LOM,7208,2797,4411,5546,1315,293,5,5,2,18,0,3,21,339,6869,ITC,ITC4,3,Lombardia,Lombardia,10060574,1335175,13.27,0.07
543,2021-04-13,LOM,47765,21346,26419,946,646,701,956,537,25206,13436,4910,129,298,33691,14074,ITC,ITC4,3,Lombardia,Lombardia,10060574,1382940,13.75,0.47
544,2020-12-28,LOM,107,47,60,105,2,0,0,0,0,0,0,0,0,107,0,ITC,ITC4,3,Lombardia,Lombardia,10060574,1383047,13.75,0.0
545,2021-03-07,LOM,11916,5304,6612,3012,2099,82,707,261,329,4543,2,672,209,9356,2560,ITC,ITC4,3,Lombardia,Lombardia,10060574,1394963,13.87,0.12
546,2021-03-25,LOM,42447,15844,26603,3452,2237,1428,10845,228,767,21172,1664,318,336,29995,12452,ITC,ITC4,3,Lombardia,Lombardia,10060574,1437410,14.29,0.42
547,2021-03-30,LOM,39410,15453,23957,2777,1927,1167,6910,262,414,22325,2862,223,543,24648,14762,ITC,ITC4,3,Lombardia,Lombardia,10060574,1476820,14.68,0.39
548,2021-01-26,LOM,8338,2711,5627,6651,1337,223,0,22,4,27,0,0,74,334,8004,ITC,ITC4,3,Lombardia,Lombardia,10060574,1485158,14.76,0.08
549,2021-03-04,LOM,29384,12135,17249,7056,2496,2142,376,1623,1848,11147,6,2054,636,20251,9133,ITC,ITC4,3,Lombardia,Lombardia,10060574,1514542,15.05,0.29
550,2021-01-17,LOM,8290,3327,4963,5555,748,244,0,169,55,72,6,5,1436,8089,201,ITC,ITC4,3,Lombardia,Lombardia,10060574,1522832,15.14,0.08
551,2021-02-05,LOM,25584,7429,18155,14464,6214,4524,7,19,11,260,2,2,81,2379,23205,ITC,ITC4,3,Lombardia,Lombardia,10060574,1548416,15.39,0.25
552,2021-03-24,LOM,43223,15591,27632,2985,2447,1502,12497,413,748,20380,1263,563,425,31381,11842,ITC,ITC4,3,Lombardia,Lombardia,10060574,1591639,15.82,0.43
553,2021-04-10,LOM,51725,21449,30276,874,855,314,1465,508,2935,38578,5884,61,251,39928,11797,ITC,ITC4,3,Lombardia,Lombardia,10060574,1643364,16.33,0.51
554,2021-03-22,LOM,40258,14273,25985,2520,2361,895,12170,255,193,20475,541,533,315,29727,10531,ITC,ITC4,3,Lombardia,Lombardia,10060574,1683622,16.73,0.4
555,2021-03-23,LOM,42416,15371,27045,2253,2329,1310,12511,430,584,21315,770,405,509,29628,12788,ITC,ITC4,3,Lombardia,Lombardia,10060574,1726038,17.16,0.42
556,2021-01-24,LOM,1201,459,742,832,136,36,0,8,2,1,1,0,185,537,664,ITC,ITC4,3,Lombardia,Lombardia,10060574,1727239,17.17,0.01
557,2021-01-30,LOM,12323,4570,7753,9911,2119,161,1,18,2,8,1,1,101,170,12153,ITC,ITC4,3,Lombardia,Lombardia,10060574,1739562,17.29,0.12
558,2021-04-26,LOM,87585,40796,46789,623,360,288,383,22157,30859,18448,13645,205,617,68526,19059,ITC,ITC4,3,Lombardia,Lombardia,10060574,1827147,18.16,0.87
559,2021-04-01,LOM,42675,17117,25558,2719,2084,1277,5748,823,1629,25091,2761,135,408,26663,16012,ITC,ITC4,3,Lombardia,Lombardia,10060574,1869822,18.59,0.42
560,2021-01-05,LOM,7817,2565,5252,6271,1207,173,0,29,4,8,0,0,125,7817,0,ITC,ITC4,3,Lombardia,Lombardia,10060574,1877639,18.66,0.08
561,2021-02-22,LOM,11891,4807,7084,4235,1468,1026,28,13,22,4066,4,966,63,11581,310,ITC,ITC4,3,Lombardia,Lombardia,10060574,1889530,18.78,0.12
562,2021-01-18,LOM,9155,2968,6187,5196,1962,1852,0,16,13,54,5,2,55,8173,982,ITC,ITC4,3,Lombardia,Lombardia,10060574,1898685,18.87,0.09
563,2021-04-03,LOM,36141,14828,21313,961,963,86,2241,1004,1545,27466,1651,80,144,26075,10066,ITC,ITC4,3,Lombardia,Lombardia,10060574,1934826,19.23,0.36
564,2021-04-15,LOM,49109,21734,27375,1107,640,1066,653,278,25695,12745,6617,97,211,35311,13798,ITC,ITC4,3,Lombardia,Lombardia,10060574,1983935,19.72,0.49
565,2021-01-16,LOM,15358,5706,9652,8616,1384,1505,0,556,211,227,5,3,2851,15358,0,ITC,ITC4,3,Lombardia,Lombardia,10060574,1999293,19.87,0.15
566,2021-03-06,LOM,21313,9085,12228,4764,2181,451,1357,1898,1306,7524,7,1147,678,16799,4514,ITC,ITC4,3,Lombardia,Lombardia,10060574,2020606,20.08,0.21
567,2021-03-27,LOM,32173,12257,19916,1973,2424,323,6664,404,583,18204,1172,71,355,23566,8607,ITC,ITC4,3,Lombardia,Lombardia,10060574,2052779,20.4,0.32
568,2021-01-06,LOM,7058,2489,4569,5847,1106,38,2,24,1,0,0,0,40,7058,0,ITC,ITC4,3,Lombardia,Lombardia,10060574,2059837,20.47,0.07
569,2021-04-30,LOM,114782,53798,60984,1704,726,586,1075,32464,27414,20026,28005,449,2333,88685,26097,ITC,ITC4,3,Lombardia,Lombardia,10060574,2174619,21.62,1.14
570,2021-03-01,LOM,18774,8223,10551,2718,1181,930,29,554,321,10845,3,1656,537,17068,1706,ITC,ITC4,3,Lombardia,Lombardia,10060574,2193393,21.8,0.19
571,2021-03-20,LOM,32509,12150,20359,1991,2349,524,7861,155,140,18459,544,322,164,22656,9853,ITC,ITC4,3,Lombardia,Lombardia,10060574,2225902,22.13,0.32
572,2021-04-09,LOM,51979,22218,29761,2237,1905,1252,3036,261,2332,33974,6438,97,447,36001,15978,ITC,ITC4,3,Lombardia,Lombardia,10060574,2277881,22.64,0.52
573,2021-01-29,LOM,13438,4114,9324,10487,2325,573,0,5,3,9,1,0,35,654,12784,ITC,ITC4,3,Lombardia,Lombardia,10060574,2291319,22.78,0.13
574,2021-02-24,LOM,14667,5923,8744,3594,1500,1787,24,36,44,6321,0,1203,158,13742,925,ITC,ITC4,3,Lombardia,Lombardia,10060574,2305986,22.92,0.15
575,2021-02-16,LOM,9539,3085,6454,5848,2209,1395,19,13,4,10,7,8,26,9084,455,ITC,ITC4,3,Lombardia,Lombardia,10060574,2315525,23.02,0.09
576,2021-01-09,LOM,12409,4572,7837,9526,2122,196,0,60,12,6,0,1,486,12409,0,ITC,ITC4,3,Lombardia,Lombardia,10060574,2327934,23.14,0.12
577,2021-01-07,LOM,11713,3622,8091,8963,1794,786,1,14,8,34,2,1,110,11713,0,ITC,ITC4,3,Lombardia,Lombardia,10060574,2339647,23.26,0.12
578,2021-03-29,LOM,39973,15499,24474,2996,2154,455,8608,221,471,21720,2708,209,431,25171,14802,ITC,ITC4,3,Lombardia,Lombardia,10060574,2379620,23.65,0.4
579,2021-02-20,LOM,9431,3895,5536,4299,1020,225,4,24,37,2919,2,864,37,9131,300,ITC,ITC4,3,Lombardia,Lombardia,10060574,2389051,23.75,0.09
580,2021-04-11,LOM,32089,13897,18192,967,543,437,1215,227,712,23126,3989,795,78,24693,7396,ITC,ITC4,3,Lombardia,Lombardia,10060574,2421140,24.07,0.32
581,2021-03-21,LOM,23577,8551,15026,1086,1632,441,9133,114,207,9738,198,756,272,18304,5273,ITC,ITC4,3,Lombardia,Lombardia,10060574,2444717,24.3,0.23
582,2021-04-04,LOM,7614,3231,4383,204,263,68,206,199,347,5877,361,9,80,3716,3898,ITC,ITC4,3,Lombardia,Lombardia,10060574,2452331,24.38,0.08
583,2020-12-29,LOM,104,44,60,103,1,0,0,0,0,0,0,0,0,104,0,ITC,ITC4,3,Lombardia,Lombardia,10060574,2452435,24.38,0.0
584,2021-03-05,LOM,28977,11942,17035,7241,3081,1556,424,1294,2142,11072,15,1980,172,20571,8406,ITC,ITC4,3,Lombardia,Lombardia,10060574,2481412,24.66,0.29
585,2021-02-26,LOM,18344,7548,10796,3321,1716,1183,24,66,40,10579,7,1339,69,16496,1848,ITC,ITC4,3,Lombardia,Lombardia,10060574,2499756,24.85,0.18
586,2021-03-26,LOM,41073,15584,25489,2720,2218,834,8659,250,552,22696,2456,256,432,28082,12991,ITC,ITC4,3,Lombardia,Lombardia,10060574,2540829,25.26,0.41
587,2021-02-23,LOM,11771,4791,6980,3959,1411,877,3,20,31,4312,1,991,166,11461,310,ITC,ITC4,3,Lombardia,Lombardia,10060574,2552600,25.37,0.12
588,2021-01-13,LOM,26215,8008,18207,15797,5796,4193,1,28,14,197,4,3,182,26215,0,ITC,ITC4,3,Lombardia,Lombardia,10060574,2578815,25.63,0.26
589,2021-04-25,LOM,51115,23479,27636,422,143,12,287,10015,26859,4641,8292,154,290,46635,4480,ITC,ITC4,3,Lombardia,Lombardia,10060574,2629930,26.14,0.51
590,2021-03-14,LOM,14875,5348,9527,1520,1746,80,5450,99,117,5274,2,413,174,11587,3288,ITC,ITC4,3,Lombardia,Lombardia,10060574,2644805,26.29,0.15
591,2021-02-10,LOM,14390,4503,9887,8534,2364,3336,6,25,17,79,1,3,25,7569,6821,ITC,ITC4,3,Lombardia,Lombardia,10060574,2659195,26.43,0.14
592,2021-04-23,LOM,73121,33188,39933,1402,607,698,348,12265,30450,15255,11392,237,467,56703,16418,ITC,ITC4,3,Lombardia,Lombardia,10060574,2732316,27.16,0.73
593,2021-04-14,LOM,46914,20946,25968,924,742,670,786,293,24946,12344,5914,86,209,33991,12923,ITC,ITC4,3,Lombardia,Lombardia,10060574,2779230,27.62,0.47
594,2021-04-27,LOM,85300,39753,45547,1091,457,288,356,22988,29365,14388,15458,308,601,68898,16402,ITC,ITC4,3,Lombardia,Lombardia,10060574,2864530,28.47,0.85
595,2021-01-10,LOM,10518,3957,6561,8175,2197,85,1,4,1,12,5,2,36,10518,0,ITC,ITC4,3,Lombardia,Lombardia,10060574,2875048,28.58,0.1
596,2021-03-03,LOM,26900,11488,15412,6403,1783,1799,471,1269,1900,10199,11,2030,1035,19627,7273,ITC,ITC4,3,Lombardia,Lombardia,10060574,2901948,28.84,0.27
597,2021-01-25,LOM,7024,2372,4652,5632,941,218,0,26,3,15,0,0,189,488,6536,ITC,ITC4,3,Lombardia,Lombardia,10060574,2908972,28.91,0.07
598,2021-02-12,LOM,13946,4355,9591,8116,2724,2957,3,7,8,102,3,5,21,9028,4918,ITC,ITC4,3,Lombardia,Lombardia,10060574,2922918,29.05,0.14
599,2021-01-27,LOM,8044,2677,5367,6204,1338,434,2,22,3,1,0,0,40,820,7224,ITC,ITC4,3,Lombardia,Lombardia,10060574,2930962,29.13,0.08
600,2021-03-09,LOM,33232,12845,20387,6078,4095,2389,5482,434,352,12532,10,1464,396,25797,7435,ITC,ITC4,3,Lombardia,Lombardia,10060574,2964194,29.46,0.33
601,2021-02-06,LOM,15249,5527,9722,9854,3034,1896,3,42,13,75,2,1,329,1063,14186,ITC,ITC4,3,Lombardia,Lombardia,10060574,2979443,29.62,0.15
602,2021-02-13,LOM,6414,2441,3973,4178,1466,709,4,7,6,17,3,4,20,4937,1477,ITC,ITC4,3,Lombardia,Lombardia,10060574,2985857,29.68,0.06
603,2021-04-16,LOM,53445,23845,29600,1739,723,1019,458,384,28431,13395,6976,113,207,39163,14282,ITC,ITC4,3,Lombardia,Lombardia,10060574,3039302,30.21,0.53
604,2021-04-12,LOM,47144,20542,26602,1141,902,500,1677,312,24481,13780,4077,76,198,32838,14306,ITC,ITC4,3,Lombardia,Lombardia,10060574,3086446,30.68,0.47
605,2021-01-02,LOM,199,72,127,178,16,0,0,1,0,0,0,0,4,199,0,ITC,ITC4,3,Lombardia,Lombardia,10060574,3086645,30.68,0.0
606,2021-02-02,LOM,19844,6582,13262,13498,4508,1684,1,6,4,76,0,7,60,489,19355,ITC,ITC4,3,Lombardia,Lombardia,10060574,3106489,30.88,0.2
607,2021-01-20,LOM,5579,1364,4215,2743,1176,1558,0,14,6,61,0,0,21,5464,115,ITC,ITC4,3,Lombardia,Lombardia,10060574,3112068,30.93,0.06
608,2021-05-02,LOM,82617,37991,44626,773,366,33,460,23641,19730,17846,17757,287,1724,60992,21625,ITC,ITC4,3,Lombardia,Lombardia,10060574,3194685,31.75,0.82
609,2021-01-15,LOM,25134,7419,17715,13799,5912,4737,9,54,24,316,3,2,278,25134,0,ITC,ITC4,3,Lombardia,Lombardia,10060574,3219819,32.0,0.25
610,2021-03-11,LOM,36174,13452,22722,5875,3535,2192,6670,225,298,15617,9,1295,458,26262,9912,ITC,ITC4,3,Lombardia,Lombardia,10060574,3255993,32.36,0.36
611,2021-01-11,LOM,16035,5329,10706,11823,3366,701,2,9,5,44,1,1,83,16035,0,ITC,ITC4,3,Lombardia,Lombardia,10060574,3272028,32.52,0.16
612,2021-03-02,LOM,22812,9691,13121,3193,1452,2200,130,1113,378,11264,8,1843,1231,19778,3034,ITC,ITC4,3,Lombardia,Lombardia,10060574,3294840,32.75,0.23
613,2021-04-07,LOM,50443,20850,29593,1735,1437,1186,2473,280,1911,36780,4198,69,374,34658,15785,ITC,ITC4,3,Lombardia,Lombardia,10060574,3345283,33.25,0.5
614,2021-01-23,LOM,1114,357,757,644,259,138,0,8,6,1,0,0,58,916,198,ITC,ITC4,3,Lombardia,Lombardia,10060574,3346397,33.26,0.01
615,2021-04-08,LOM,52059,21659,30400,2247,1365,918,1565,286,2248,37431,5437,69,493,35579,16480,ITC,ITC4,3,Lombardia,Lombardia,10060574,3398456,33.78,0.52
616,2021-02-11,LOM,17042,5002,12040,9764,3335,3872,6,3,2,33,1,4,22,9696,7346,ITC,ITC4,3,Lombardia,Lombardia,10060574,3415498,33.95,0.17
617,2021-04-29,LOM,113750,52965,60785,2051,729,585,407,30886,28436,23883,24437,304,2032,84846,28904,ITC,ITC4,3,Lombardia,Lombardia,10060574,3529248,35.08,1.13
618,2021-01-14,LOM,26727,7770,18957,15204,5577,5458,2,34,14,249,3,1,185,26727,0,ITC,ITC4,3,Lombardia,Lombardia,10060574,3555975,35.35,0.27
619,2021-03-13,LOM,27116,9753,17363,3750,2789,264,8141,222,681,10340,15,639,275,21053,6063,ITC,ITC4,3,Lombardia,Lombardia,10060574,3583091,35.62,0.27
620,2021-01-04,TOS,5065,1894,3171,4100,29,933,0,0,0,0,0,0,3,5065,0,ITI,ITI1,9,Toscana,Toscana,3729641,5065,0.14,0.14
621,2021-03-11,TOS,15485,5989,9496,2440,907,270,12,0,7,10322,1293,217,17,12166,3319,ITI,ITI1,9,Toscana,Toscana,3729641,20550,0.55,0.42
622,2021-03-03,TOS,18139,6470,11669,3324,1083,135,3446,3,0,9183,1,954,10,14534,3605,ITI,ITI1,9,Toscana,Toscana,3729641,38689,1.04,0.49
623,2021-02-20,TOS,4641,1790,2851,3350,1038,203,18,0,0,17,0,15,0,4128,513,ITI,ITI1,9,Toscana,Toscana,3729641,43330,1.16,0.12
624,2021-01-19,TOS,1104,531,573,392,220,491,0,0,0,0,0,0,1,1104,0,ITI,ITI1,9,Toscana,Toscana,3729641,44434,1.19,0.03
625,2021-03-18,TOS,9966,3979,5987,438,562,280,3,2,3,7794,871,7,6,6004,3962,ITI,ITI1,9,Toscana,Toscana,3729641,54400,1.46,0.27
626,2021-04-25,TOS,11041,5244,5797,242,101,61,15,32,6267,389,3923,5,6,8904,2137,ITI,ITI1,9,Toscana,Toscana,3729641,65441,1.75,0.3
627,2021-02-13,TOS,7785,2360,5425,3667,574,163,2,0,2,0,0,186,3191,7558,227,ITI,ITI1,9,Toscana,Toscana,3729641,73226,1.96,0.21
628,2021-04-05,TOS,15278,6823,8455,27,52,0,35,12,13541,256,1328,4,23,14541,737,ITI,ITI1,9,Toscana,Toscana,3729641,88504,2.37,0.41
629,2021-04-23,TOS,25496,11361,14135,344,245,112,6,167,485,16441,7536,13,147,9217,16279,ITI,ITI1,9,Toscana,Toscana,3729641,114000,3.06,0.68
630,2021-02-01,TOS,5508,1958,3550,4485,403,616,0,0,0,0,0,0,4,520,4988,ITI,ITI1,9,Toscana,Toscana,3729641,119508,3.2,0.15
631,2021-02-25,TOS,10632,4304,6328,1078,1634,259,3199,0,1,3232,5,1220,4,9634,998,ITI,ITI1,9,Toscana,Toscana,3729641,130140,3.49,0.29
632,2021-01-03,TOS,3336,1052,2284,2565,9,762,0,0,0,0,0,0,0,3336,0,ITI,ITI1,9,Toscana,Toscana,3729641,133476,3.58,0.09
633,2021-02-06,TOS,4527,1550,2977,3725,574,227,0,0,0,0,0,0,1,1294,3233,ITI,ITI1,9,Toscana,Toscana,3729641,138003,3.7,0.12
634,2021-01-22,TOS,2866,1064,1802,2026,81,758,0,0,0,0,1,0,0,528,2338,ITI,ITI1,9,Toscana,Toscana,3729641,140869,3.78,0.08
635,2021-02-12,TOS,7606,2683,4923,3742,380,188,0,0,1,3,0,402,2890,7393,213,ITI,ITI1,9,Toscana,Toscana,3729641,148475,3.98,0.2
636,2021-04-17,TOS,20469,9175,11294,598,388,83,1,22,7391,5915,6041,8,22,18350,2119,ITI,ITI1,9,Toscana,Toscana,3729641,168944,4.53,0.55
637,2021-03-08,TOS,6346,2610,3736,4063,747,191,8,0,0,66,965,304,2,1527,4819,ITI,ITI1,9,Toscana,Toscana,3729641,175290,4.7,0.17
638,2021-04-13,TOS,8489,3504,4985,250,462,266,5,35,54,5554,1821,30,12,6032,2457,ITI,ITI1,9,Toscana,Toscana,3729641,183779,4.93,0.23
639,2021-02-26,TOS,10074,3831,6243,1556,1653,298,3562,0,0,1816,2,1187,0,8868,1206,ITI,ITI1,9,Toscana,Toscana,3729641,193853,5.2,0.27
640,2021-04-22,TOS,35591,15236,20355,316,499,139,6,124,7342,20407,6620,15,123,18193,17398,ITI,ITI1,9,Toscana,Toscana,3729641,229444,6.15,0.95
641,2021-05-02,TOS,10639,4707,5932,37,20,0,2,45,6785,1374,2358,12,6,9054,1585,ITI,ITI1,9,Toscana,Toscana,3729641,240083,6.44,0.29
642,2021-02-03,TOS,4221,1452,2769,3475,239,505,0,0,0,1,0,0,1,241,3980,ITI,ITI1,9,Toscana,Toscana,3729641,244304,6.55,0.11
643,2021-04-16,TOS,28831,12833,15998,521,522,92,2,65,6605,15143,5810,22,49,21954,6877,ITI,ITI1,9,Toscana,Toscana,3729641,273135,7.32,0.77
644,2021-01-23,TOS,3949,1354,2595,2936,170,841,0,0,0,0,0,0,2,640,3309,ITI,ITI1,9,Toscana,Toscana,3729641,277084,7.43,0.11
645,2021-03-22,TOS,4881,2443,2438,221,367,380,314,27,2418,474,466,139,75,4438,443,ITI,ITI1,9,Toscana,Toscana,3729641,281965,7.56,0.13
646,2021-04-08,TOS,29639,12524,17115,264,319,206,5,63,1784,23687,3234,17,60,23265,6374,ITI,ITI1,9,Toscana,Toscana,3729641,311604,8.35,0.79
647,2021-03-30,TOS,16811,7464,9347,212,151,250,113,13,4545,8532,2736,212,47,13248,3563,ITI,ITI1,9,Toscana,Toscana,3729641,328415,8.81,0.45
648,2021-01-24,TOS,3349,1073,2276,2602,35,709,0,0,0,1,0,0,2,201,3148,ITI,ITI1,9,Toscana,Toscana,3729641,331764,8.9,0.09
649,2021-03-25,TOS,23570,10109,13461,225,313,406,711,46,2777,16108,2662,247,75,15247,8323,ITI,ITI1,9,Toscana,Toscana,3729641,355334,9.53,0.63
650,2021-03-02,TOS,10588,3789,6799,3171,986,154,3512,0,0,1851,0,910,4,7144,3444,ITI,ITI1,9,Toscana,Toscana,3729641,365922,9.81,0.28
651,2021-01-14,TOS,3254,1179,2075,2459,475,320,0,0,0,0,0,0,0,3254,0,ITI,ITI1,9,Toscana,Toscana,3729641,369176,9.9,0.09
652,2021-04-19,TOS,9084,4500,4584,636,245,74,7,24,378,509,7206,2,3,8057,1027,ITI,ITI1,9,Toscana,Toscana,3729641,378260,10.14,0.24
653,2021-02-15,TOS,8767,3373,5394,4536,922,216,1138,0,0,56,0,800,1099,7942,825,ITI,ITI1,9,Toscana,Toscana,3729641,387027,10.38,0.24
654,2021-03-19,TOS,10137,4457,5680,641,442,303,35,22,2644,5284,712,13,41,7275,2862,ITI,ITI1,9,Toscana,Toscana,3729641,397164,10.65,0.27
655,2021-03-04,TOS,17529,6679,10850,2816,953,274,3694,2,8,8236,597,945,4,14447,3082,ITI,ITI1,9,Toscana,Toscana,3729641,414693,11.12,0.47
656,2021-01-17,TOS,2535,871,1664,2002,293,240,0,0,0,0,0,0,0,2022,513,ITI,ITI1,9,Toscana,Toscana,3729641,417228,11.19,0.07
657,2021-04-26,TOS,10085,4915,5170,117,272,72,4,47,4248,198,5079,7,41,7565,2520,ITI,ITI1,9,Toscana,Toscana,3729641,427313,11.46,0.27
658,2021-04-14,TOS,20076,8293,11783,398,406,122,1,34,146,16629,2289,10,41,14986,5090,ITI,ITI1,9,Toscana,Toscana,3729641,447389,12.0,0.54
659,2021-04-29,TOS,39127,17608,21519,302,327,147,14,97,13129,19380,5650,16,65,19163,19964,ITI,ITI1,9,Toscana,Toscana,3729641,486516,13.04,1.05
660,2021-03-28,TOS,6198,2800,3398,37,26,145,89,22,2401,893,2545,22,18,5944,254,ITI,ITI1,9,Toscana,Toscana,3729641,492714,13.21,0.17
661,2021-04-02,TOS,31902,13511,18391,297,65,370,6,15,8606,19823,2553,117,50,23886,8016,ITI,ITI1,9,Toscana,Toscana,3729641,524616,14.07,0.86
662,2021-04-03,TOS,15009,6643,8366,101,64,99,13,16,6586,4913,3181,10,26,13882,1127,ITI,ITI1,9,Toscana,Toscana,3729641,539625,14.47,0.4
663,2021-02-18,TOS,8817,3285,5532,2924,1447,230,3142,0,0,214,0,860,0,7923,894,ITI,ITI1,9,Toscana,Toscana,3729641,548442,14.7,0.24
664,2021-03-15,TOS,8312,3309,5003,3214,1609,404,2281,0,2,36,325,438,3,3870,4442,ITI,ITI1,9,Toscana,Toscana,3729641,556754,14.93,0.22
665,2021-01-15,TOS,3878,1347,2531,2758,674,444,0,0,0,0,0,0,2,3878,0,ITI,ITI1,9,Toscana,Toscana,3729641,560632,15.03,0.1
666,2021-01-21,TOS,1589,686,903,579,220,790,0,0,0,0,0,0,0,867,722,ITI,ITI1,9,Toscana,Toscana,3729641,562221,15.07,0.04
667,2021-03-27,TOS,8824,4122,4702,113,71,243,198,17,3197,2074,2840,51,20,8609,215,ITI,ITI1,9,Toscana,Toscana,3729641,571045,15.31,0.24
668,2021-03-20,TOS,6489,2882,3607,914,563,165,34,4,3576,773,423,27,10,5354,1135,ITI,ITI1,9,Toscana,Toscana,3729641,577534,15.48,0.17
669,2021-02-17,TOS,8173,3168,5005,3464,1122,249,2485,0,0,218,0,635,0,7422,751,ITI,ITI1,9,Toscana,Toscana,3729641,585707,15.7,0.22
670,2021-04-09,TOS,24487,10529,13958,241,121,220,3,42,94,20276,3435,17,38,21089,3398,ITI,ITI1,9,Toscana,Toscana,3729641,610194,16.36,0.66
671,2021-02-23,TOS,7720,3324,4396,1490,1512,204,2831,0,0,510,1,1170,2,7559,161,ITI,ITI1,9,Toscana,Toscana,3729641,617914,16.57,0.21
672,2021-02-24,TOS,10371,4466,5905,81,1513,301,2947,0,0,4142,0,1382,5,10170,201,ITI,ITI1,9,Toscana,Toscana,3729641,628285,16.85,0.28
673,2021-03-07,TOS,5647,2356,3291,3103,642,123,774,0,0,15,417,573,0,2105,3542,ITI,ITI1,9,Toscana,Toscana,3729641,633932,17.0,0.15
674,2021-01-13,TOS,4062,1398,2664,3308,348,404,0,0,0,0,0,0,2,4062,0,ITI,ITI1,9,Toscana,Toscana,3729641,637994,17.11,0.11
675,2021-02-16,TOS,9278,3339,5939,5084,952,188,2323,0,0,10,0,720,1,8557,721,ITI,ITI1,9,Toscana,Toscana,3729641,647272,17.35,0.25
676,2021-04-04,TOS,13908,6600,7308,17,20,1,52,14,12885,171,723,5,20,13655,253,ITI,ITI1,9,Toscana,Toscana,3729641,661180,17.73,0.37
677,2021-03-01,TOS,4395,1676,2719,3192,597,137,25,0,0,9,1,432,2,755,3640,ITI,ITI1,9,Toscana,Toscana,3729641,665575,17.85,0.12
678,2021-04-18,TOS,8321,4077,4244,426,217,68,2,25,678,1412,5462,4,27,7325,996,ITI,ITI1,9,Toscana,Toscana,3729641,673896,18.07,0.22
679,2021-01-07,TOS,6018,1751,4267,5308,29,680,0,0,0,0,0,0,1,6018,0,ITI,ITI1,9,Toscana,Toscana,3729641,679914,18.23,0.16
680,2021-03-31,TOS,32541,13120,19421,278,111,269,3699,64,2643,23388,1484,451,154,20403,12138,ITI,ITI1,9,Toscana,Toscana,3729641,712455,19.1,0.87
681,2021-01-09,TOS,4485,1596,2889,3780,143,560,0,0,0,1,0,0,1,4485,0,ITI,ITI1,9,Toscana,Toscana,3729641,716940,19.22,0.12
682,2021-02-28,TOS,1649,667,982,1111,202,78,9,0,0,0,0,249,0,922,727,ITI,ITI1,9,Toscana,Toscana,3729641,718589,19.27,0.04
683,2021-04-24,TOS,13170,6033,7137,123,129,84,4,77,308,6578,5793,2,72,5779,7391,ITI,ITI1,9,Toscana,Toscana,3729641,731759,19.62,0.35
684,2021-01-31,TOS,3049,1129,1920,2465,133,448,0,0,0,1,0,0,2,106,2943,ITI,ITI1,9,Toscana,Toscana,3729641,734808,19.7,0.08
685,2021-04-01,TOS,26863,11084,15779,248,111,303,6,5,30,24552,1401,158,49,16265,10598,ITI,ITI1,9,Toscana,Toscana,3729641,761671,20.42,0.72
686,2021-02-21,TOS,5105,2089,3016,3666,1220,195,9,0,0,2,0,13,0,4935,170,ITI,ITI1,9,Toscana,Toscana,3729641,766776,20.56,0.14
687,2021-01-16,TOS,3271,1046,2225,2493,538,240,0,0,0,0,0,0,0,3271,0,ITI,ITI1,9,Toscana,Toscana,3729641,770047,20.65,0.09
688,2021-02-04,TOS,4253,1594,2659,3168,623,456,0,0,0,5,0,0,1,961,3292,ITI,ITI1,9,Toscana,Toscana,3729641,774300,20.76,0.11
689,2021-03-26,TOS,20371,9146,11225,250,326,213,333,27,3492,11876,3664,145,45,14629,5742,ITI,ITI1,9,Toscana,Toscana,3729641,794671,21.31,0.55
690,2021-04-06,TOS,22141,9759,12382,805,399,136,1626,125,10038,5662,2910,165,275,18429,3712,ITI,ITI1,9,Toscana,Toscana,3729641,816812,21.9,0.59
691,2021-01-10,TOS,3001,1104,1897,2432,134,431,0,1,0,0,0,0,3,3001,0,ITI,ITI1,9,Toscana,Toscana,3729641,819813,21.98,0.08
692,2021-01-20,TOS,1331,637,694,435,255,640,0,0,0,0,0,0,1,1083,248,ITI,ITI1,9,Toscana,Toscana,3729641,821144,22.02,0.04
693,2021-01-28,TOS,6282,1883,4399,5427,64,788,0,0,0,1,0,0,2,354,5928,ITI,ITI1,9,Toscana,Toscana,3729641,827426,22.19,0.17
694,2021-04-07,TOS,35585,15275,20310,310,594,98,20,57,11343,19882,3095,64,122,28351,7234,ITI,ITI1,9,Toscana,Toscana,3729641,863011,23.14,0.95
695,2021-01-11,TOS,5094,1691,3403,4362,209,522,0,0,0,0,0,0,1,5094,0,ITI,ITI1,9,Toscana,Toscana,3729641,868105,23.28,0.14
696,2021-04-12,TOS,2607,1180,1427,168,440,225,6,4,13,381,1364,4,2,1954,653,ITI,ITI1,9,Toscana,Toscana,3729641,870712,23.35,0.07
697,2021-01-25,TOS,5126,1896,3230,4160,54,909,0,0,0,1,0,0,2,249,4877,ITI,ITI1,9,Toscana,Toscana,3729641,875838,23.48,0.14
698,2021-04-11,TOS,3633,1674,1959,62,87,98,4,7,67,1666,1638,0,4,3478,155,ITI,ITI1,9,Toscana,Toscana,3729641,879471,23.58,0.1
699,2021-03-09,TOS,10590,4091,6499,4806,907,180,11,2,3,3301,1163,214,3,5038,5552,ITI,ITI1,9,Toscana,Toscana,3729641,890061,23.86,0.28
700,2021-02-27,TOS,1944,723,1221,1352,311,132,19,0,0,1,0,128,1,1042,902,ITI,ITI1,9,Toscana,Toscana,3729641,892005,23.92,0.05
701,2021-01-02,TOS,3497,1096,2401,2681,15,801,0,0,0,0,0,0,0,3497,0,ITI,ITI1,9,Toscana,Toscana,3729641,895502,24.01,0.09
702,2021-05-03,TOS,4099,1940,2159,70,46,12,0,57,1477,217,2197,1,22,3826,273,ITI,ITI1,9,Toscana,Toscana,3729641,899601,24.12,0.11
703,2021-05-01,TOS,22013,9507,12506,74,133,82,2,102,10201,6447,4934,8,30,13889,8124,ITI,ITI1,9,Toscana,Toscana,3729641,921614,24.71,0.59
704,2021-03-24,TOS,19619,7952,11667,222,385,195,773,51,2845,13974,872,224,78,10167,9452,ITI,ITI1,9,Toscana,Toscana,3729641,941233,25.24,0.53
705,2021-03-23,TOS,9064,4088,4976,310,312,328,338,52,2819,4030,659,148,68,6816,2248,ITI,ITI1,9,Toscana,Toscana,3729641,950297,25.48,0.24
706,2021-02-05,TOS,5749,2245,3504,4122,1180,442,0,0,0,1,0,0,4,1924,3825,ITI,ITI1,9,Toscana,Toscana,3729641,956046,25.63,0.15
707,2021-02-02,TOS,3742,1475,2267,3021,283,422,0,0,0,6,0,6,4,195,3547,ITI,ITI1,9,Toscana,Toscana,3729641,959788,25.73,0.1
708,2021-02-11,TOS,5383,2021,3362,2809,284,323,11,0,0,12,0,10,1934,5141,242,ITI,ITI1,9,Toscana,Toscana,3729641,965171,25.88,0.14
709,2021-04-10,TOS,11720,5350,6370,290,195,117,3,26,79,8132,2850,10,18,10974,746,ITI,ITI1,9,Toscana,Toscana,3729641,976891,26.19,0.31
710,2021-03-13,TOS,9274,3300,5974,2835,1697,68,3740,0,2,178,384,369,1,5312,3962,ITI,ITI1,9,Toscana,Toscana,3729641,986165,26.44,0.25
711,2021-01-18,TOS,1119,636,483,430,313,375,0,0,0,0,0,0,1,1021,98,ITI,ITI1,9,Toscana,Toscana,3729641,987284,26.47,0.03
712,2021-02-10,TOS,4263,1281,2982,3535,239,485,0,1,1,1,0,1,0,3740,523,ITI,ITI1,9,Toscana,Toscana,3729641,991547,26.59,0.11
713,2021-01-27,TOS,4834,1572,3262,4018,73,742,0,0,0,0,0,0,1,207,4627,ITI,ITI1,9,Toscana,Toscana,3729641,996381,26.72,0.13
714,2021-02-22,TOS,9818,4254,5564,3483,2235,316,2703,0,0,22,0,1058,1,9541,277,ITI,ITI1,9,Toscana,Toscana,3729641,1006199,26.98,0.26
715,2021-04-15,TOS,24309,10163,14146,358,300,174,6,37,148,20246,2980,11,49,15799,8510,ITI,ITI1,9,Toscana,Toscana,3729641,1030508,27.63,0.65
716,2021-01-06,TOS,4519,1459,3060,3984,9,525,0,0,0,0,0,0,1,4519,0,ITI,ITI1,9,Toscana,Toscana,3729641,1035027,27.75,0.12
717,2021-03-29,TOS,9377,4579,4798,227,140,244,200,15,4855,774,2709,197,16,9053,324,ITI,ITI1,9,Toscana,Toscana,3729641,1044404,28.0,0.25
718,2021-02-07,TOS,2806,953,1853,2349,299,157,0,0,0,0,0,0,1,885,1921,ITI,ITI1,9,Toscana,Toscana,3729641,1047210,28.08,0.08
719,2021-01-01,TOS,2369,787,1582,1715,2,650,0,0,0,2,0,0,0,2369,0,ITI,ITI1,9,Toscana,Toscana,3729641,1049579,28.14,0.06
720,2021-01-08,TOS,5944,1641,4303,5360,36,545,0,0,0,0,0,0,3,5944,0,ITI,ITI1,9,Toscana,Toscana,3729641,1055523,28.3,0.16
721,2021-03-05,TOS,16467,6319,10148,3922,1684,170,3871,0,2,5297,656,861,4,11726,4741,ITI,ITI1,9,Toscana,Toscana,3729641,1071990,28.74,0.44
722,2021-01-05,TOS,5249,1755,3494,4354,15,878,0,0,0,0,0,0,2,5249,0,ITI,ITI1,9,Toscana,Toscana,3729641,1077239,28.88,0.14
723,2021-01-12,TOS,3581,1398,2183,2944,282,354,0,0,0,0,0,0,1,3581,0,ITI,ITI1,9,Toscana,Toscana,3729641,1080820,28.98,0.1
724,2021-02-08,TOS,4097,1360,2737,3373,343,377,0,0,0,2,0,0,2,3638,459,ITI,ITI1,9,Toscana,Toscana,3729641,1084917,29.09,0.11
725,2021-01-30,TOS,4622,1622,3000,3765,218,638,0,0,0,0,0,0,1,198,4424,ITI,ITI1,9,Toscana,Toscana,3729641,1089539,29.21,0.12
726,2021-04-20,TOS,18135,8098,10037,225,295,70,3,36,7071,6513,3896,3,23,12573,5562,ITI,ITI1,9,Toscana,Toscana,3729641,1107674,29.7,0.49
727,2021-01-29,TOS,6136,1698,4438,5375,138,622,0,0,0,0,0,0,1,302,5834,ITI,ITI1,9,Toscana,Toscana,3729641,1113810,29.86,0.16
728,2021-03-12,TOS,16508,6216,10292,2612,1587,303,3922,3,4,7033,302,728,14,12980,3528,ITI,ITI1,9,Toscana,Toscana,3729641,1130318,30.31,0.44
729,2021-03-21,TOS,3232,1574,1658,660,796,77,12,0,1245,274,160,6,2,1799,1433,ITI,ITI1,9,Toscana,Toscana,3729641,1133550,30.39,0.09
730,2021-04-28,TOS,19069,8170,10899,413,362,19,6,56,159,14016,3922,30,86,3813,15256,ITI,ITI1,9,Toscana,Toscana,3729641,1152619,30.9,0.51
731,2021-03-10,TOS,17977,7046,10931,3006,851,271,14,3,3,12284,1317,217,11,13960,4017,ITI,ITI1,9,Toscana,Toscana,3729641,1170596,31.39,0.48
732,2021-02-19,TOS,8286,2947,5339,2967,1207,245,3105,0,0,154,1,605,2,7779,507,ITI,ITI1,9,Toscana,Toscana,3729641,1178882,31.61,0.22
733,2020-12-27,TOS,620,267,353,460,10,13,0,23,4,5,0,0,105,620,0,ITI,ITI1,9,Toscana,Toscana,3729641,1179502,31.63,0.02
734,2020-12-30,TOS,327,104,223,34,10,283,0,0,0,0,0,0,0,327,0,ITI,ITI1,9,Toscana,Toscana,3729641,1179829,31.63,0.01
735,2021-03-16,TOS,4899,1881,3018,1551,427,124,16,1,5,2116,643,13,3,2656,2243,ITI,ITI1,9,Toscana,Toscana,3729641,1184728,31.77,0.13
736,2021-03-06,TOS,7095,2838,4257,3803,657,145,1146,0,2,30,918,394,0,2904,4191,ITI,ITI1,9,Toscana,Toscana,3729641,1191823,31.96,0.19
737,2021-04-30,TOS,39177,17352,21825,278,98,156,2,111,13538,17581,7273,36,104,19891,19286,ITI,ITI1,9,Toscana,Toscana,3729641,1231000,33.01,1.05
738,2021-04-21,TOS,29532,12632,16900,297,283,76,2,131,7377,16771,4461,16,118,17454,12078,ITI,ITI1,9,Toscana,Toscana,3729641,1260532,33.8,0.79
739,2021-03-14,TOS,7207,2574,4633,3104,1195,122,2476,0,1,44,26,239,0,3272,3935,ITI,ITI1,9,Toscana,Toscana,3729641,1267739,33.99,0.19
740,2021-02-09,TOS,4488,1468,3020,3582,386,514,0,0,0,4,0,0,2,3877,611,ITI,ITI1,9,Toscana,Toscana,3729641,1272227,34.11,0.12
741,2021-03-17,TOS,11415,4584,6831,364,327,189,2,5,8,9766,740,2,12,6887,4528,ITI,ITI1,9,Toscana,Toscana,3729641,1283642,34.42,0.31
742,2021-02-14,TOS,8996,2567,6429,3033,549,81,8,2,1,0,0,261,5061,8886,110,ITI,ITI1,9,Toscana,Toscana,3729641,1292638,34.66,0.24
743,2021-04-27,TOS,10290,4885,5405,332,346,39,1,47,342,3950,5190,2,41,3845,6445,ITI,ITI1,9,Toscana,Toscana,3729641,1302928,34.93,0.28
744,2021-01-26,TOS,5393,1792,3601,4358,81,951,0,0,0,0,0,0,3,220,5173,ITI,ITI1,9,Toscana,Toscana,3729641,1308321,35.08,0.14
745,2020-12-31,TOS,805,202,603,97,10,698,0,0,0,0,0,0,0,805,0,ITI,ITI1,9,Toscana,Toscana,3729641,1309126,35.1,0.02
746,2021-01-07,LIG,3230,1095,2135,2340,315,466,4,18,5,0,0,1,81,3230,0,ITC,ITC3,7,Liguria,Liguria,1550640,3230,0.21,0.21
747,2021-01-08,LIG,2926,999,1927,2083,343,431,4,12,0,0,0,1,52,2926,0,ITC,ITC3,7,Liguria,Liguria,1550640,6156,0.4,0.19
748,2021-02-18,LIG,2762,1126,1636,958,195,350,2,22,7,1006,35,0,187,2431,331,ITC,ITC3,7,Liguria,Liguria,1550640,8918,0.58,0.18
749,2021-02-19,LIG,3098,1280,1818,990,246,97,3,39,22,1450,0,4,247,2922,176,ITC,ITC3,7,Liguria,Liguria,1550640,12016,0.77,0.2
750,2021-04-28,LIG,14391,6501,7890,275,181,85,332,3099,4038,3107,2864,59,351,6415,7976,ITC,ITC3,7,Liguria,Liguria,1550640,26407,1.7,0.93
751,2021-04-10,LIG,7638,3463,4175,215,90,34,9,172,3954,1341,1611,6,206,6960,678,ITC,ITC3,7,Liguria,Liguria,1550640,34045,2.2,0.49
752,2021-02-11,LIG,1964,762,1202,1242,230,456,6,2,1,0,4,0,23,1094,870,ITC,ITC3,7,Liguria,Liguria,1550640,36009,2.32,0.13
753,2021-03-13,LIG,3576,1517,2059,332,120,71,790,100,45,1533,11,179,395,2722,854,ITC,ITC3,7,Liguria,Liguria,1550640,39585,2.55,0.23
754,2021-01-18,LIG,2132,743,1389,1250,384,438,10,12,5,1,0,0,32,1976,156,ITC,ITC3,7,Liguria,Liguria,1550640,41717,2.69,0.14
755,2021-02-22,LIG,3330,1463,1867,713,104,236,2,2,13,2236,0,7,17,3192,138,ITC,ITC3,7,Liguria,Liguria,1550640,45047,2.91,0.21
756,2021-03-16,LIG,6069,2719,3350,935,176,324,6,35,77,4275,142,14,85,2349,3720,ITC,ITC3,7,Liguria,Liguria,1550640,51116,3.3,0.39
757,2020-12-29,LIG,125,33,92,93,11,21,0,0,0,0,0,0,0,125,0,ITC,ITC3,7,Liguria,Liguria,1550640,51241,3.3,0.01
758,2021-03-26,LIG,9122,3854,5268,602,325,65,1297,221,265,3896,1840,377,234,5968,3154,ITC,ITC3,7,Liguria,Liguria,1550640,60363,3.89,0.59
759,2021-03-12,LIG,6032,2771,3261,1208,459,84,4,77,79,3385,53,590,93,3563,2469,ITC,ITC3,7,Liguria,Liguria,1550640,66395,4.28,0.39
760,2021-04-02,LIG,11661,5113,6548,434,225,40,905,355,3180,3623,2464,139,296,9175,2486,ITC,ITC3,7,Liguria,Liguria,1550640,78056,5.03,0.75
761,2021-01-16,LIG,1278,557,721,753,196,299,1,4,2,0,1,0,22,1278,0,ITC,ITC3,7,Liguria,Liguria,1550640,79334,5.12,0.08
762,2021-04-04,LIG,756,366,390,30,0,0,0,36,64,325,222,0,79,507,249,ITC,ITC3,7,Liguria,Liguria,1550640,80090,5.16,0.05
763,2021-01-01,LIG,144,55,89,139,5,0,0,0,0,0,0,0,0,144,0,ITC,ITC3,7,Liguria,Liguria,1550640,80234,5.17,0.01
764,2021-01-05,LIG,2879,896,1983,2308,240,261,7,7,1,17,0,0,38,2879,0,ITC,ITC3,7,Liguria,Liguria,1550640,83113,5.36,0.19
765,2021-04-01,LIG,12376,5467,6909,437,239,141,939,345,3489,3710,2546,188,342,9606,2770,ITC,ITC3,7,Liguria,Liguria,1550640,95489,6.16,0.8
766,2021-01-20,LIG,1549,554,995,727,332,480,2,0,2,0,0,0,6,1537,12,ITC,ITC3,7,Liguria,Liguria,1550640,97038,6.26,0.1
767,2021-04-03,LIG,5403,2497,2906,116,79,3,19,136,2419,1394,1124,9,104,4461,942,ITC,ITC3,7,Liguria,Liguria,1550640,102441,6.61,0.35
768,2021-01-15,LIG,2254,753,1501,1326,349,517,2,8,1,2,1,0,48,2254,0,ITC,ITC3,7,Liguria,Liguria,1550640,104695,6.75,0.15
769,2021-01-06,LIG,1660,616,1044,1230,142,113,3,36,10,65,0,0,61,1660,0,ITC,ITC3,7,Liguria,Liguria,1550640,106355,6.86,0.11
770,2021-01-10,LIG,648,262,386,369,101,176,0,1,0,0,0,0,1,648,0,ITC,ITC3,7,Liguria,Liguria,1550640,107003,6.9,0.04
771,2021-02-02,LIG,2668,1005,1663,1974,216,464,2,2,0,0,0,0,10,134,2534,ITC,ITC3,7,Liguria,Liguria,1550640,109671,7.07,0.17
772,2021-04-07,LIG,13456,5972,7484,433,296,108,574,491,4245,4165,2632,150,362,11297,2159,ITC,ITC3,7,Liguria,Liguria,1550640,123127,7.94,0.87
773,2021-01-28,LIG,2841,969,1872,2239,270,310,5,0,0,1,0,1,15,39,2802,ITC,ITC3,7,Liguria,Liguria,1550640,125968,8.12,0.18
774,2021-01-02,LIG,691,245,446,595,95,0,0,0,0,0,0,0,1,691,0,ITC,ITC3,7,Liguria,Liguria,1550640,126659,8.17,0.04
775,2021-04-09,LIG,12238,5490,6748,530,354,79,582,441,4131,3505,2243,61,312,10630,1608,ITC,ITC3,7,Liguria,Liguria,1550640,138897,8.96,0.79
776,2021-01-11,LIG,2654,990,1664,1992,314,315,1,7,0,0,1,0,24,2654,0,ITC,ITC3,7,Liguria,Liguria,1550640,141551,9.13,0.17
777,2021-01-14,LIG,2982,1056,1926,1872,524,553,1,5,0,0,0,2,25,2982,0,ITC,ITC3,7,Liguria,Liguria,1550640,144533,9.32,0.19
778,2021-03-03,LIG,4578,1846,2732,1038,202,308,4,4,5,2982,0,4,31,3555,1023,ITC,ITC3,7,Liguria,Liguria,1550640,149111,9.62,0.3
779,2021-01-09,LIG,1335,481,854,999,131,188,2,4,0,0,0,1,10,1335,0,ITC,ITC3,7,Liguria,Liguria,1550640,150446,9.7,0.09
780,2021-02-16,LIG,2393,950,1443,982,238,283,2,19,4,704,12,0,149,2000,393,ITC,ITC3,7,Liguria,Liguria,1550640,152839,9.86,0.15
781,2021-04-18,LIG,2604,1160,1444,217,93,44,1,19,825,520,879,0,6,2135,469,ITC,ITC3,7,Liguria,Liguria,1550640,155443,10.02,0.17
782,2021-04-24,LIG,8165,3784,4381,137,116,58,4,1877,2563,1286,1899,8,217,5013,3152,ITC,ITC3,7,Liguria,Liguria,1550640,163608,10.55,0.53
783,2021-04-29,LIG,15456,6943,8513,554,226,96,527,3458,4700,2913,2620,82,280,6670,8786,ITC,ITC3,7,Liguria,Liguria,1550640,179064,11.55,1.0
784,2021-02-10,LIG,2297,834,1463,1354,391,513,5,6,2,5,0,0,21,1015,1282,ITC,ITC3,7,Liguria,Liguria,1550640,181361,11.7,0.15
785,2021-01-31,LIG,624,270,354,418,71,135,0,0,0,0,0,0,0,9,615,ITC,ITC3,7,Liguria,Liguria,1550640,181985,11.74,0.04
786,2021-02-20,LIG,1335,636,699,160,107,122,0,34,5,589,0,4,314,1334,1,ITC,ITC3,7,Liguria,Liguria,1550640,183320,11.82,0.09
787,2021-01-21,LIG,1101,384,717,584,159,332,0,2,2,1,0,0,21,671,430,ITC,ITC3,7,Liguria,Liguria,1550640,184421,11.89,0.07
788,2021-02-23,LIG,3804,1559,2245,687,163,116,1,5,5,2749,42,4,32,3695,109,ITC,ITC3,7,Liguria,Liguria,1550640,188225,12.14,0.25
789,2021-02-26,LIG,3760,1521,2239,782,147,168,2,16,26,2604,0,0,15,3432,328,ITC,ITC3,7,Liguria,Liguria,1550640,191985,12.38,0.24
790,2021-04-30,LIG,14057,6302,7755,331,162,21,512,2951,4259,2866,2626,57,272,5567,8490,ITC,ITC3,7,Liguria,Liguria,1550640,206042,13.29,0.91
791,2021-04-11,LIG,4246,1930,2316,66,57,24,73,66,2113,627,1174,10,36,3997,249,ITC,ITC3,7,Liguria,Liguria,1550640,210288,13.56,0.27
792,2021-02-13,LIG,1080,508,572,543,80,148,0,0,0,257,0,2,50,800,280,ITC,ITC3,7,Liguria,Liguria,1550640,211368,13.63,0.07
793,2021-02-24,LIG,3759,1558,2201,804,193,153,1,2,6,2581,1,0,18,3501,258,ITC,ITC3,7,Liguria,Liguria,1550640,215127,13.87,0.24
794,2021-03-20,LIG,2316,995,1321,224,81,0,0,12,44,1857,12,67,19,1142,1174,ITC,ITC3,7,Liguria,Liguria,1550640,217443,14.02,0.15
795,2021-02-17,LIG,2623,1164,1459,883,202,261,1,15,8,1121,0,8,124,2261,362,ITC,ITC3,7,Liguria,Liguria,1550640,220066,14.19,0.17
796,2021-03-06,LIG,3302,1841,1461,377,151,120,1,58,6,1537,0,559,493,2597,705,ITC,ITC3,7,Liguria,Liguria,1550640,223368,14.4,0.21
797,2021-01-25,LIG,2717,888,1829,2208,175,317,2,5,1,0,0,0,9,471,2246,ITC,ITC3,7,Liguria,Liguria,1550640,226085,14.58,0.18
798,2021-04-12,LIG,12235,5409,6826,528,224,111,45,539,4157,4086,2150,68,327,10335,1900,ITC,ITC3,7,Liguria,Liguria,1550640,238320,15.37,0.79
799,2021-02-12,LIG,1919,687,1232,871,203,394,1,2,1,431,0,7,9,898,1021,ITC,ITC3,7,Liguria,Liguria,1550640,240239,15.49,0.12
800,2021-03-10,LIG,5756,2782,2974,823,352,95,1,23,28,3634,43,610,147,3853,1903,ITC,ITC3,7,Liguria,Liguria,1550640,245995,15.86,0.37
801,2021-04-22,LIG,13808,6190,7618,530,166,50,534,2714,3376,3002,2957,135,344,8744,5064,ITC,ITC3,7,Liguria,Liguria,1550640,259803,16.75,0.89
802,2021-03-27,LIG,3920,1538,2382,176,175,36,706,26,89,2057,502,92,61,2525,1395,ITC,ITC3,7,Liguria,Liguria,1550640,263723,17.01,0.25
803,2021-03-31,LIG,11843,5207,6636,527,179,103,879,352,2610,4217,2445,219,312,9073,2770,ITC,ITC3,7,Liguria,Liguria,1550640,275566,17.77,0.76
804,2021-05-02,LIG,3305,1524,1781,28,12,2,0,266,1886,345,708,2,56,436,2869,ITC,ITC3,7,Liguria,Liguria,1550640,278871,17.98,0.21
805,2021-04-08,LIG,13588,6096,7492,686,322,109,651,461,4351,3809,2786,76,337,11664,1924,ITC,ITC3,7,Liguria,Liguria,1550640,292459,18.86,0.88
806,2021-03-02,LIG,4072,1687,2385,726,93,76,4,8,16,3088,42,3,16,3762,310,ITC,ITC3,7,Liguria,Liguria,1550640,296531,19.12,0.26
807,2021-03-01,LIG,3500,1427,2073,528,81,106,1,4,6,2751,0,0,23,3378,122,ITC,ITC3,7,Liguria,Liguria,1550640,300031,19.35,0.23
808,2021-03-30,LIG,12144,5378,6766,484,255,152,850,317,2406,4296,2815,280,289,8755,3389,ITC,ITC3,7,Liguria,Liguria,1550640,312175,20.13,0.78
809,2021-03-08,LIG,5621,2456,3165,1123,319,80,7,35,15,3570,11,384,77,3934,1687,ITC,ITC3,7,Liguria,Liguria,1550640,317796,20.49,0.36
810,2021-04-17,LIG,7283,3189,4094,177,153,106,4,1234,2623,1493,1320,8,165,6551,732,ITC,ITC3,7,Liguria,Liguria,1550640,325079,20.96,0.47
811,2021-03-17,LIG,5551,2368,3183,782,156,93,8,20,74,4258,109,4,47,2474,3077,ITC,ITC3,7,Liguria,Liguria,1550640,330630,21.32,0.36
812,2021-02-04,LIG,2814,985,1829,1866,460,471,8,0,0,0,0,1,8,179,2635,ITC,ITC3,7,Liguria,Liguria,1550640,333444,21.5,0.18
813,2021-01-23,LIG,809,295,514,633,129,43,1,2,1,0,0,0,0,153,656,ITC,ITC3,7,Liguria,Liguria,1550640,334253,21.56,0.05
814,2021-04-06,LIG,13044,5806,7238,543,269,208,553,376,4063,4029,2491,134,378,10924,2120,ITC,ITC3,7,Liguria,Liguria,1550640,347297,22.4,0.84
815,2021-02-15,LIG,2260,838,1422,1087,217,241,2,13,1,663,0,1,35,1863,397,ITC,ITC3,7,Liguria,Liguria,1550640,349557,22.54,0.15
816,2021-02-28,LIG,1060,581,479,12,2,4,0,63,7,474,0,0,498,1051,9,ITC,ITC3,7,Liguria,Liguria,1550640,350617,22.61,0.07
817,2020-12-30,LIG,12,5,7,12,0,0,0,0,0,0,0,0,0,12,0,ITC,ITC3,7,Liguria,Liguria,1550640,350629,22.61,0.0
818,2021-02-09,LIG,1906,684,1222,1089,325,455,22,2,0,0,0,0,13,256,1650,ITC,ITC3,7,Liguria,Liguria,1550640,352535,22.73,0.12
819,2021-03-22,LIG,7536,3340,4196,579,192,83,877,122,95,3970,1107,370,141,4603,2933,ITC,ITC3,7,Liguria,Liguria,1550640,360071,23.22,0.49
820,2021-01-17,LIG,861,300,561,516,30,262,1,4,2,0,0,0,46,861,0,ITC,ITC3,7,Liguria,Liguria,1550640,360932,23.28,0.06
821,2021-04-26,LIG,10402,4888,5514,350,110,123,3,3405,2501,1365,2328,58,159,7783,2619,ITC,ITC3,7,Liguria,Liguria,1550640,371334,23.95,0.67
822,2021-02-07,LIG,407,153,254,191,18,187,0,0,0,0,9,0,2,2,405,ITC,ITC3,7,Liguria,Liguria,1550640,371741,23.97,0.03
823,2021-03-11,LIG,6227,2998,3229,1145,170,262,2,42,39,3680,90,720,77,4222,2005,ITC,ITC3,7,Liguria,Liguria,1550640,377968,24.37,0.4
824,2021-04-05,LIG,3976,1751,2225,188,44,10,10,141,921,2211,338,5,108,2327,1649,ITC,ITC3,7,Liguria,Liguria,1550640,381944,24.63,0.26
825,2021-01-04,LIG,2616,854,1762,2198,158,176,3,22,3,0,1,0,55,2616,0,ITC,ITC3,7,Liguria,Liguria,1550640,384560,24.8,0.17
826,2021-05-03,LIG,626,290,336,6,4,0,1,143,272,109,87,0,4,201,425,ITC,ITC3,7,Liguria,Liguria,1550640,385186,24.84,0.04
827,2021-04-25,LIG,1936,921,1015,12,2,0,0,676,739,162,340,0,5,1521,415,ITC,ITC3,7,Liguria,Liguria,1550640,387122,24.97,0.12
828,2021-04-23,LIG,14588,6619,7969,352,220,72,544,3314,3468,3261,2978,90,289,8502,6086,ITC,ITC3,7,Liguria,Liguria,1550640,401710,25.91,0.94
829,2020-12-31,LIG,989,354,635,751,34,155,0,4,10,28,0,0,7,989,0,ITC,ITC3,7,Liguria,Liguria,1550640,402699,25.97,0.06
830,2021-03-15,LIG,7300,3074,4226,819,338,106,962,126,83,3781,628,304,153,4597,2703,ITC,ITC3,7,Liguria,Liguria,1550640,409999,26.44,0.47
831,2021-02-21,LIG,869,491,378,183,21,102,0,38,4,267,0,0,254,865,4,ITC,ITC3,7,Liguria,Liguria,1550640,410868,26.5,0.06
832,2021-02-06,LIG,1891,767,1124,1309,186,375,1,0,1,0,0,0,19,145,1746,ITC,ITC3,7,Liguria,Liguria,1550640,412759,26.62,0.12
833,2021-01-13,LIG,2755,1013,1742,1913,307,487,4,8,7,1,0,0,28,2755,0,ITC,ITC3,7,Liguria,Liguria,1550640,415514,26.8,0.18
834,2021-04-13,LIG,12918,5795,7123,513,227,111,103,592,4635,4240,2137,88,272,11012,1906,ITC,ITC3,7,Liguria,Liguria,1550640,428432,27.63,0.83
835,2021-01-03,LIG,734,230,504,658,62,0,1,2,0,0,0,0,11,734,0,ITC,ITC3,7,Liguria,Liguria,1550640,429166,27.68,0.05
836,2021-04-16,LIG,11937,5263,6674,489,249,113,42,1845,3422,3450,2031,77,219,10126,1811,ITC,ITC3,7,Liguria,Liguria,1550640,441103,28.45,0.77
837,2021-01-19,LIG,1366,435,931,716,312,328,3,1,0,0,0,0,6,1276,90,ITC,ITC3,7,Liguria,Liguria,1550640,442469,28.53,0.09
838,2021-01-30,LIG,1661,567,1094,1261,121,257,2,6,0,0,0,0,14,25,1636,ITC,ITC3,7,Liguria,Liguria,1550640,444130,28.64,0.11
839,2021-04-20,LIG,14218,6505,7713,460,131,171,378,3174,3312,3466,2790,18,318,9869,4349,ITC,ITC3,7,Liguria,Liguria,1550640,458348,29.56,0.92
840,2021-02-05,LIG,2673,986,1687,1743,417,494,4,1,1,0,0,0,13,304,2369,ITC,ITC3,7,Liguria,Liguria,1550640,461021,29.73,0.17
841,2021-02-03,LIG,2315,791,1524,1627,224,416,1,7,4,0,0,0,36,55,2260,ITC,ITC3,7,Liguria,Liguria,1550640,463336,29.88,0.15
842,2021-02-25,LIG,3442,1348,2094,551,135,88,1,7,2,2586,42,2,28,3313,129,ITC,ITC3,7,Liguria,Liguria,1550640,466778,30.1,0.22
843,2020-12-28,LIG,79,29,50,76,0,0,0,1,0,1,0,0,1,79,0,ITC,ITC3,7,Liguria,Liguria,1550640,466857,30.11,0.01
844,2021-01-24,LIG,756,237,519,632,61,60,0,0,0,0,0,0,3,113,643,ITC,ITC3,7,Liguria,Liguria,1550640,467613,30.16,0.05
845,2021-05-01,LIG,6982,3217,3765,161,53,1,3,686,3824,870,1227,6,151,1223,5759,ITC,ITC3,7,Liguria,Liguria,1550640,474595,30.61,0.45
846,2021-03-25,LIG,9532,4054,5478,660,265,172,1614,151,259,3680,2059,524,148,6141,3391,ITC,ITC3,7,Liguria,Liguria,1550640,484127,31.22,0.61
847,2021-03-24,LIG,8808,3780,5028,523,236,103,1337,154,140,4226,1378,556,155,5520,3288,ITC,ITC3,7,Liguria,Liguria,1550640,492935,31.79,0.57
848,2021-03-07,LIG,1857,1084,773,184,200,258,1,29,3,509,0,404,269,1556,301,ITC,ITC3,7,Liguria,Liguria,1550640,494792,31.91,0.12
849,2021-03-23,LIG,8909,4022,4887,663,222,126,1311,147,103,3934,1657,583,163,5699,3210,ITC,ITC3,7,Liguria,Liguria,1550640,503701,32.48,0.57
850,2021-04-14,LIG,12869,5596,7273,458,292,125,61,567,4736,4221,2127,38,244,10787,2082,ITC,ITC3,7,Liguria,Liguria,1550640,516570,33.31,0.83
851,2020-12-27,LIG,135,56,79,88,0,45,0,0,0,0,0,0,2,135,0,ITC,ITC3,7,Liguria,Liguria,1550640,516705,33.32,0.01
852,2021-01-27,LIG,1744,603,1141,1337,169,226,1,0,0,0,0,0,11,141,1603,ITC,ITC3,7,Liguria,Liguria,1550640,518449,33.43,0.11
853,2021-04-19,LIG,12808,5618,7190,551,168,101,247,2652,2940,3339,2551,35,224,9002,3806,ITC,ITC3,7,Liguria,Liguria,1550640,531257,34.26,0.83
854,2021-03-04,LIG,4735,2117,2618,921,171,289,4,3,8,2922,42,327,48,3891,844,ITC,ITC3,7,Liguria,Liguria,1550640,535992,34.57,0.31
855,2021-03-09,LIG,5808,2703,3105,1031,324,132,1,51,45,3466,42,630,86,4382,1426,ITC,ITC3,7,Liguria,Liguria,1550640,541800,34.94,0.37
856,2021-03-14,LIG,1658,752,906,66,68,176,431,70,13,577,3,52,202,1054,604,ITC,ITC3,7,Liguria,Liguria,1550640,543458,35.05,0.11
857,2021-04-21,LIG,14220,6419,7801,517,195,61,498,2662,3508,3661,2753,78,287,8897,5323,ITC,ITC3,7,Liguria,Liguria,1550640,557678,35.96,0.92
858,2021-02-14,LIG,233,122,111,31,0,112,0,0,0,60,0,0,30,233,0,ITC,ITC3,7,Liguria,Liguria,1550640,557911,35.98,0.02
859,2021-04-27,LIG,14659,6648,8011,319,169,87,320,3768,3737,3250,2719,42,248,7098,7561,ITC,ITC3,7,Liguria,Liguria,1550640,572570,36.92,0.95
860,2021-01-26,LIG,2484,803,1681,1965,253,252,5,1,0,0,1,0,7,13,2471,ITC,ITC3,7,Liguria,Liguria,1550640,575054,37.08,0.16
861,2021-03-29,LIG,10441,4511,5930,467,259,119,884,255,1566,3962,2396,205,328,7311,3130,ITC,ITC3,7,Liguria,Liguria,1550640,585495,37.76,0.67
862,2021-01-12,LIG,2460,886,1574,1750,250,439,2,2,1,0,0,1,15,2460,0,ITC,ITC3,7,Liguria,Liguria,1550640,587955,37.92,0.16
863,2021-03-28,LIG,1142,511,631,135,92,145,0,25,86,532,86,2,39,391,751,ITC,ITC3,7,Liguria,Liguria,1550640,589097,37.99,0.07
864,2021-02-01,LIG,2552,917,1635,1946,202,380,1,6,0,0,1,0,16,85,2467,ITC,ITC3,7,Liguria,Liguria,1550640,591649,38.16,0.16
865,2021-04-15,LIG,11794,5215,6579,485,257,138,58,485,4037,3655,2401,76,202,9999,1795,ITC,ITC3,7,Liguria,Liguria,1550640,603443,38.92,0.76
866,2021-02-08,LIG,1977,742,1235,1255,367,311,7,11,4,1,0,0,21,306,1671,ITC,ITC3,7,Liguria,Liguria,1550640,605420,39.04,0.13
867,2021-03-19,LIG,5291,2232,3059,734,202,137,83,54,80,3699,165,88,49,2159,3132,ITC,ITC3,7,Liguria,Liguria,1550640,610711,39.38,0.34
868,2021-03-21,LIG,552,221,331,7,3,0,0,0,13,525,1,0,3,69,483,ITC,ITC3,7,Liguria,Liguria,1550640,611263,39.42,0.04
869,2021-01-29,LIG,3077,1064,2013,2312,300,441,2,4,0,0,0,0,18,67,3010,ITC,ITC3,7,Liguria,Liguria,1550640,614340,39.62,0.2
870,2021-02-27,LIG,1888,921,967,139,18,5,0,61,0,1205,0,0,460,1759,129,ITC,ITC3,7,Liguria,Liguria,1550640,616228,39.74,0.12
871,2021-01-22,LIG,1814,603,1211,1065,175,565,0,2,0,1,1,0,5,1328,486,ITC,ITC3,7,Liguria,Liguria,1550640,618042,39.86,0.12
872,2021-03-18,LIG,4980,2123,2857,634,87,98,5,63,80,3691,219,6,97,2009,2971,ITC,ITC3,7,Liguria,Liguria,1550640,623022,40.18,0.32
873,2021-03-05,LIG,4863,2148,2715,796,221,81,5,5,8,3339,6,365,37,3737,1126,ITC,ITC3,7,Liguria,Liguria,1550640,627885,40.49,0.31
874,2020-12-31,EMR,2207,777,1430,1676,96,330,0,9,5,13,0,0,78,2207,0,ITH,ITH5,8,Emilia-Romagna,Emilia-Romagna,4459477,2207,0.05,0.05
875,2021-04-12,EMR,19054,8921,10133,438,169,304,62,391,4513,6643,6402,95,37,14655,4399,ITH,ITH5,8,Emilia-Romagna,Emilia-Romagna,4459477,21261,0.48,0.43
876,2021-02-07,EMR,4792,1536,3256,3689,565,446,3,8,1,10,0,0,70,1731,3061,ITH,ITH5,8,Emilia-Romagna,Emilia-Romagna,4459477,26053,0.58,0.11
877,2021-03-28,EMR,12648,5637,7011,277,139,48,326,60,3970,4848,2660,246,74,9160,3488,ITH,ITH5,8,Emilia-Romagna,Emilia-Romagna,4459477,38701,0.87,0.28
878,2021-01-17,EMR,2890,887,2003,1914,378,547,4,14,5,2,0,0,26,2644,246,ITH,ITH5,8,Emilia-Romagna,Emilia-Romagna,4459477,41591,0.93,0.06
879,2021-03-19,EMR,15331,6664,8667,1124,555,118,338,79,844,10491,907,747,128,7569,7762,ITH,ITH5,8,Emilia-Romagna,Emilia-Romagna,4459477,56922,1.28,0.34
880,2021-04-26,EMR,27515,12778,14737,873,244,80,17,1252,8822,5545,10399,136,147,18374,9141,ITH,ITH5,8,Emilia-Romagna,Emilia-Romagna,4459477,84437,1.89,0.62
881,2021-03-20,EMR,16043,6814,9229,702,385,98,832,57,2957,9339,941,578,154,9109,6934,ITH,ITH5,8,Emilia-Romagna,Emilia-Romagna,4459477,100480,2.25,0.36
882,2021-04-06,EMR,24581,11098,13483,639,206,187,410,239,5953,11503,5210,86,148,19849,4732,ITH,ITH5,8,Emilia-Romagna,Emilia-Romagna,4459477,125061,2.8,0.55
883,2021-03-05,EMR,17628,5736,11892,3087,855,272,5942,59,40,6397,109,544,323,14191,3437,ITH,ITH5,8,Emilia-Romagna,Emilia-Romagna,4459477,142689,3.2,0.4
884,2021-01-11,EMR,9333,3269,6064,6581,1347,1267,0,25,5,4,0,0,104,9333,0,ITH,ITH5,8,Emilia-Romagna,Emilia-Romagna,4459477,152022,3.41,0.21
885,2021-01-25,EMR,6435,2137,4298,5252,317,679,0,21,2,3,0,0,161,201,6234,ITH,ITH5,8,Emilia-Romagna,Emilia-Romagna,4459477,158457,3.55,0.14
886,2021-04-11,EMR,15109,6861,8248,405,135,104,59,354,2369,6818,4674,77,114,12077,3032,ITH,ITH5,8,Emilia-Romagna,Emilia-Romagna,4459477,173566,3.89,0.34
887,2021-01-30,EMR,10075,3518,6557,7566,1400,801,0,45,5,2,0,0,256,142,9933,ITH,ITH5,8,Emilia-Romagna,Emilia-Romagna,4459477,183641,4.12,0.23
888,2021-01-21,EMR,2155,727,1428,1286,156,653,0,9,1,0,0,0,50,810,1345,ITH,ITH5,8,Emilia-Romagna,Emilia-Romagna,4459477,185796,4.17,0.05
889,2021-04-17,EMR,26954,12896,14058,390,148,66,57,352,8428,4204,13225,23,61,17683,9271,ITH,ITH5,8,Emilia-Romagna,Emilia-Romagna,4459477,212750,4.77,0.6
890,2021-03-10,EMR,18670,7649,11021,1315,586,143,4540,28,66,10045,285,1594,68,13031,5639,ITH,ITH5,8,Emilia-Romagna,Emilia-Romagna,4459477,231420,5.19,0.42
891,2021-04-18,EMR,17384,8334,9050,265,163,152,26,212,6250,2346,7935,14,21,12514,4870,ITH,ITH5,8,Emilia-Romagna,Emilia-Romagna,4459477,248804,5.58,0.39
892,2021-03-06,EMR,20546,5866,14680,2716,412,49,10392,65,46,5920,111,565,270,17821,2725,ITH,ITH5,8,Emilia-Romagna,Emilia-Romagna,4459477,269350,6.04,0.46
893,2021-04-22,EMR,28872,13362,15510,563,133,146,41,281,8346,8358,10954,13,37,14885,13987,ITH,ITH5,8,Emilia-Romagna,Emilia-Romagna,4459477,298222,6.69,0.65
894,2021-04-04,EMR,9884,4718,5166,187,113,0,58,145,1631,4658,2875,54,163,7615,2269,ITH,ITH5,8,Emilia-Romagna,Emilia-Romagna,4459477,308106,6.91,0.22
895,2021-03-16,EMR,12217,5013,7204,418,93,116,123,34,113,10890,392,9,29,4934,7283,ITH,ITH5,8,Emilia-Romagna,Emilia-Romagna,4459477,320323,7.18,0.27
896,2021-01-22,EMR,1828,477,1351,942,66,722,0,19,1,10,0,0,68,1088,740,ITH,ITH5,8,Emilia-Romagna,Emilia-Romagna,4459477,322151,7.22,0.04
897,2021-04-21,EMR,23679,10852,12827,382,89,79,48,202,7835,6699,8319,7,19,14061,9618,ITH,ITH5,8,Emilia-Romagna,Emilia-Romagna,4459477,345830,7.75,0.53
898,2021-04-13,EMR,23419,10982,12437,467,143,186,51,345,10324,6097,5685,50,71,19173,4246,ITH,ITH5,8,Emilia-Romagna,Emilia-Romagna,4459477,369249,8.28,0.53
899,2021-02-02,EMR,9475,3047,6428,6241,1347,1632,1,27,4,127,6,0,90,526,8949,ITH,ITH5,8,Emilia-Romagna,Emilia-Romagna,4459477,378724,8.49,0.21
900,2021-03-14,EMR,8692,3744,4948,729,212,69,926,16,66,5530,650,407,87,4896,3796,ITH,ITH5,8,Emilia-Romagna,Emilia-Romagna,4459477,387416,8.69,0.19
901,2021-01-31,EMR,7695,2761,4934,6174,1124,263,0,16,12,32,0,0,74,242,7453,ITH,ITH5,8,Emilia-Romagna,Emilia-Romagna,4459477,395111,8.86,0.17
902,2021-03-17,EMR,13692,5686,8006,361,137,108,19,52,399,11871,668,1,76,5864,7828,ITH,ITH5,8,Emilia-Romagna,Emilia-Romagna,4459477,408803,9.17,0.31
903,2021-01-06,EMR,8263,2943,5320,6853,641,648,0,13,9,44,0,1,54,8263,0,ITH,ITH5,8,Emilia-Romagna,Emilia-Romagna,4459477,417066,9.35,0.19
904,2021-04-03,EMR,19924,8759,11165,376,192,39,428,194,2855,10577,5082,76,105,16186,3738,ITH,ITH5,8,Emilia-Romagna,Emilia-Romagna,4459477,436990,9.8,0.45
905,2021-02-25,EMR,9227,3496,5731,799,187,157,95,47,41,7672,30,0,199,8272,955,ITH,ITH5,8,Emilia-Romagna,Emilia-Romagna,4459477,446217,10.01,0.21
906,2021-04-24,EMR,28514,13188,15326,498,249,37,37,383,7202,8576,11408,32,92,14325,14189,ITH,ITH5,8,Emilia-Romagna,Emilia-Romagna,4459477,474731,10.65,0.64
907,2021-01-26,EMR,8333,3000,5333,6608,537,1031,0,22,2,5,0,0,128,215,8118,ITH,ITH5,8,Emilia-Romagna,Emilia-Romagna,4459477,483064,10.83,0.19
908,2021-02-04,EMR,9929,3201,6728,6435,1464,1675,0,39,11,160,5,0,140,1251,8678,ITH,ITH5,8,Emilia-Romagna,Emilia-Romagna,4459477,492993,11.05,0.22
909,2021-04-27,EMR,29338,13545,15793,797,157,55,26,3313,7733,7045,9875,180,157,17113,12225,ITH,ITH5,8,Emilia-Romagna,Emilia-Romagna,4459477,522331,11.71,0.66
910,2021-03-15,EMR,13221,6058,7163,812,461,190,531,25,101,9158,810,1075,58,6726,6495,ITH,ITH5,8,Emilia-Romagna,Emilia-Romagna,4459477,535552,12.01,0.3
911,2021-03-29,EMR,21100,9391,11709,694,192,118,640,127,5483,9292,4245,204,105,16494,4606,ITH,ITH5,8,Emilia-Romagna,Emilia-Romagna,4459477,556652,12.48,0.47
912,2021-01-12,EMR,9409,3111,6298,6377,1182,1690,0,31,2,32,0,0,95,9409,0,ITH,ITH5,8,Emilia-Romagna,Emilia-Romagna,4459477,566061,12.69,0.21
913,2021-01-10,EMR,7130,2665,4465,5647,952,499,1,4,1,7,0,0,19,7130,0,ITH,ITH5,8,Emilia-Romagna,Emilia-Romagna,4459477,573191,12.85,0.16
914,2021-03-21,EMR,11908,5266,6642,566,356,114,587,31,2734,6116,803,497,104,7304,4604,ITH,ITH5,8,Emilia-Romagna,Emilia-Romagna,4459477,585099,13.12,0.27
915,2021-01-13,EMR,9071,2939,6132,6009,916,1745,1,39,12,91,0,0,258,9071,0,ITH,ITH5,8,Emilia-Romagna,Emilia-Romagna,4459477,594170,13.32,0.2
916,2021-04-23,EMR,29230,13657,15573,499,113,112,54,288,7132,8913,12069,20,30,14576,14654,ITH,ITH5,8,Emilia-Romagna,Emilia-Romagna,4459477,623400,13.98,0.66
917,2021-02-06,EMR,7598,2405,5193,5379,862,1221,0,13,4,51,0,1,67,2130,5468,ITH,ITH5,8,Emilia-Romagna,Emilia-Romagna,4459477,630998,14.15,0.17
918,2021-02-26,EMR,7836,2979,4857,1059,360,244,312,24,28,5595,60,0,154,6790,1046,ITH,ITH5,8,Emilia-Romagna,Emilia-Romagna,4459477,638834,14.33,0.18
919,2021-04-16,EMR,28624,13470,15154,612,149,89,71,367,10468,5802,10930,34,102,19866,8758,ITH,ITH5,8,Emilia-Romagna,Emilia-Romagna,4459477,667458,14.97,0.64
920,2021-05-01,EMR,28151,12675,15476,592,138,9,52,4423,5012,6024,11859,19,23,15492,12659,ITH,ITH5,8,Emilia-Romagna,Emilia-Romagna,4459477,695609,15.6,0.63
921,2021-02-05,EMR,9312,2965,6347,6216,1148,1611,1,19,9,223,3,0,82,1637,7675,ITH,ITH5,8,Emilia-Romagna,Emilia-Romagna,4459477,704921,15.81,0.21
922,2021-01-24,EMR,2443,885,1558,2080,93,249,0,5,1,0,0,0,15,299,2144,ITH,ITH5,8,Emilia-Romagna,Emilia-Romagna,4459477,707364,15.86,0.05
923,2021-04-02,EMR,23188,10437,12751,724,312,104,944,339,3799,10955,5697,227,87,18732,4456,ITH,ITH5,8,Emilia-Romagna,Emilia-Romagna,4459477,730552,16.38,0.52
924,2021-02-13,EMR,3623,1085,2538,2789,382,144,0,8,7,244,0,0,49,3025,598,ITH,ITH5,8,Emilia-Romagna,Emilia-Romagna,4459477,734175,16.46,0.08
925,2021-03-23,EMR,18689,8062,10627,1126,486,196,1361,80,3704,9340,1866,437,93,12003,6686,ITH,ITH5,8,Emilia-Romagna,Emilia-Romagna,4459477,752864,16.88,0.42
926,2021-03-04,EMR,16392,5338,11054,2611,604,254,5437,50,55,6405,163,511,302,13389,3003,ITH,ITH5,8,Emilia-Romagna,Emilia-Romagna,4459477,769256,17.25,0.37
927,2021-03-22,EMR,17451,7643,9808,1135,426,169,600,50,3597,9567,1245,587,75,10587,6864,ITH,ITH5,8,Emilia-Romagna,Emilia-Romagna,4459477,786707,17.64,0.39
928,2021-04-10,EMR,20797,9241,11556,513,209,88,188,191,4088,8926,6499,24,71,16671,4126,ITH,ITH5,8,Emilia-Romagna,Emilia-Romagna,4459477,807504,18.11,0.47
929,2021-03-24,EMR,21024,9284,11740,1215,377,124,1709,269,3449,10636,2700,394,151,13653,7371,ITH,ITH5,8,Emilia-Romagna,Emilia-Romagna,4459477,828528,18.58,0.47
930,2021-04-29,EMR,44337,20871,23466,1387,255,78,64,7174,7515,8579,18849,70,366,27059,17278,ITH,ITH5,8,Emilia-Romagna,Emilia-Romagna,4459477,872865,19.57,0.99
931,2021-02-08,EMR,5227,1532,3695,2840,577,1485,1,10,8,247,0,0,59,2313,2914,ITH,ITH5,8,Emilia-Romagna,Emilia-Romagna,4459477,878092,19.69,0.12
932,2021-04-08,EMR,30608,14027,16581,2477,571,222,312,402,6640,11025,8590,135,234,25332,5276,ITH,ITH5,8,Emilia-Romagna,Emilia-Romagna,4459477,908700,20.38,0.69
933,2021-02-22,EMR,7481,3091,4390,389,110,130,0,12,25,6797,9,0,9,7206,275,ITH,ITH5,8,Emilia-Romagna,Emilia-Romagna,4459477,916181,20.54,0.17
934,2021-04-19,EMR,20756,9725,11031,324,108,164,25,169,8519,3357,8029,21,40,14508,6248,ITH,ITH5,8,Emilia-Romagna,Emilia-Romagna,4459477,936937,21.01,0.47
935,2021-02-01,EMR,10318,3609,6709,7472,1502,1260,0,13,7,0,0,0,64,363,9955,ITH,ITH5,8,Emilia-Romagna,Emilia-Romagna,4459477,947255,21.24,0.23
936,2021-02-03,EMR,9338,2991,6347,6239,1177,1653,0,29,15,126,7,1,91,972,8366,ITH,ITH5,8,Emilia-Romagna,Emilia-Romagna,4459477,956593,21.45,0.21
937,2021-01-16,EMR,5595,1717,3878,3689,690,1110,1,18,2,0,0,3,82,5595,0,ITH,ITH5,8,Emilia-Romagna,Emilia-Romagna,4459477,962188,21.58,0.13
938,2021-03-12,EMR,18069,7527,10542,1584,898,311,3026,47,73,9902,461,1554,213,11352,6717,ITH,ITH5,8,Emilia-Romagna,Emilia-Romagna,4459477,980257,21.98,0.41
939,2021-04-01,EMR,23743,10682,13061,1019,267,118,994,217,4250,11282,5326,170,100,19281,4462,ITH,ITH5,8,Emilia-Romagna,Emilia-Romagna,4459477,1004000,22.51,0.53
940,2021-01-19,EMR,2045,505,1540,747,133,1161,0,0,0,0,0,0,4,2028,17,ITH,ITH5,8,Emilia-Romagna,Emilia-Romagna,4459477,1006045,22.56,0.05
941,2021-01-18,EMR,3126,879,2247,1681,239,1129,0,12,0,3,0,0,62,2449,677,ITH,ITH5,8,Emilia-Romagna,Emilia-Romagna,4459477,1009171,22.63,0.07
942,2021-01-03,EMR,2754,941,1813,2504,61,170,0,3,0,0,0,0,16,2754,0,ITH,ITH5,8,Emilia-Romagna,Emilia-Romagna,4459477,1011925,22.69,0.06
943,2021-01-04,EMR,7269,2514,4755,6172,350,578,0,16,9,43,0,1,100,7269,0,ITH,ITH5,8,Emilia-Romagna,Emilia-Romagna,4459477,1019194,22.85,0.16
944,2021-03-08,EMR,12019,4965,7054,2306,614,324,2342,19,39,4339,82,1810,144,9349,2670,ITH,ITH5,8,Emilia-Romagna,Emilia-Romagna,4459477,1031213,23.12,0.27
945,2021-01-15,EMR,7742,2402,5340,5302,946,1319,1,15,11,61,0,0,87,7742,0,ITH,ITH5,8,Emilia-Romagna,Emilia-Romagna,4459477,1038955,23.3,0.17
946,2021-03-30,EMR,23259,10285,12974,871,246,164,1178,125,5417,10712,4289,140,117,18227,5032,ITH,ITH5,8,Emilia-Romagna,Emilia-Romagna,4459477,1062214,23.82,0.52
947,2021-01-29,EMR,10410,3496,6914,8108,1084,1060,1,32,7,11,0,0,107,290,10120,ITH,ITH5,8,Emilia-Romagna,Emilia-Romagna,4459477,1072624,24.05,0.23
948,2021-05-02,EMR,25098,11434,13664,565,116,63,58,5149,4460,5917,8639,95,36,13396,11702,ITH,ITH5,8,Emilia-Romagna,Emilia-Romagna,4459477,1097722,24.62,0.56
949,2021-02-12,EMR,5320,1679,3641,3400,772,704,0,10,19,359,11,0,45,3917,1403,ITH,ITH5,8,Emilia-Romagna,Emilia-Romagna,4459477,1103042,24.73,0.12
950,2021-04-09,EMR,25316,11479,13837,1366,275,168,433,263,4863,10665,7169,83,31,19697,5619,ITH,ITH5,8,Emilia-Romagna,Emilia-Romagna,4459477,1128358,25.3,0.57
951,2021-04-15,EMR,28753,13684,15069,940,207,141,50,302,10030,5795,11131,33,124,19170,9583,ITH,ITH5,8,Emilia-Romagna,Emilia-Romagna,4459477,1157111,25.95,0.64
952,2021-03-01,EMR,10084,3573,6511,1835,340,434,1254,25,37,5619,65,311,164,7831,2253,ITH,ITH5,8,Emilia-Romagna,Emilia-Romagna,4459477,1167195,26.17,0.23
953,2021-04-30,EMR,36129,16579,19550,1228,249,85,100,5607,7356,7416,13722,78,288,21525,14604,ITH,ITH5,8,Emilia-Romagna,Emilia-Romagna,4459477,1203324,26.98,0.81
954,2021-02-18,EMR,7039,2892,4147,894,180,236,0,4,13,5672,26,1,13,6456,583,ITH,ITH5,8,Emilia-Romagna,Emilia-Romagna,4459477,1210363,27.14,0.16
955,2021-03-31,EMR,24929,10858,14071,1169,286,123,1286,185,4675,12375,4535,160,135,19510,5419,ITH,ITH5,8,Emilia-Romagna,Emilia-Romagna,4459477,1235292,27.7,0.56
956,2021-01-09,EMR,9941,3439,6502,7865,1067,889,0,18,2,2,0,0,98,9941,0,ITH,ITH5,8,Emilia-Romagna,Emilia-Romagna,4459477,1245233,27.92,0.22
957,2021-02-17,EMR,6538,2764,3774,804,258,404,0,10,15,4990,24,0,33,5765,773,ITH,ITH5,8,Emilia-Romagna,Emilia-Romagna,4459477,1251771,28.07,0.15
958,2021-02-16,EMR,5766,2443,3323,745,339,437,0,8,7,4207,8,2,13,5235,531,ITH,ITH5,8,Emilia-Romagna,Emilia-Romagna,4459477,1257537,28.2,0.13
959,2021-01-08,EMR,10835,3569,7266,8466,1135,1089,1,25,3,5,0,1,110,10835,0,ITH,ITH5,8,Emilia-Romagna,Emilia-Romagna,4459477,1268372,28.44,0.24
960,2021-02-24,EMR,9320,3555,5765,651,156,228,63,50,29,7854,19,0,270,8443,877,ITH,ITH5,8,Emilia-Romagna,Emilia-Romagna,4459477,1277692,28.65,0.21
961,2021-02-27,EMR,10958,3996,6962,1731,245,116,940,37,30,7755,8,0,96,9220,1738,ITH,ITH5,8,Emilia-Romagna,Emilia-Romagna,4459477,1288650,28.9,0.25
962,2021-02-19,EMR,7327,3010,4317,821,214,257,0,4,18,5959,33,0,21,6813,514,ITH,ITH5,8,Emilia-Romagna,Emilia-Romagna,4459477,1295977,29.06,0.16
963,2021-04-25,EMR,22173,10163,12010,773,129,6,32,249,6800,4097,9787,159,141,14746,7427,ITH,ITH5,8,Emilia-Romagna,Emilia-Romagna,4459477,1318150,29.56,0.5
964,2021-05-03,EMR,8449,3936,4513,99,36,9,27,2281,1884,1443,2641,7,22,4863,3586,ITH,ITH5,8,Emilia-Romagna,Emilia-Romagna,4459477,1326599,29.75,0.19
965,2021-04-05,EMR,14784,6775,8009,282,87,6,243,74,2910,7538,3578,28,38,11901,2883,ITH,ITH5,8,Emilia-Romagna,Emilia-Romagna,4459477,1341383,30.08,0.33
966,2021-02-21,EMR,4450,1708,2742,396,108,190,0,4,11,3708,18,0,15,4010,440,ITH,ITH5,8,Emilia-Romagna,Emilia-Romagna,4459477,1345833,30.18,0.1
967,2021-04-28,EMR,32208,14897,17311,850,144,118,147,5092,7162,6700,11679,42,274,19397,12811,ITH,ITH5,8,Emilia-Romagna,Emilia-Romagna,4459477,1378041,30.9,0.72
968,2021-02-14,EMR,1401,378,1023,860,363,39,0,19,5,19,1,0,95,1281,120,ITH,ITH5,8,Emilia-Romagna,Emilia-Romagna,4459477,1379442,30.93,0.03
969,2021-02-28,EMR,6822,2527,4295,1775,248,53,304,29,17,4251,8,4,133,4977,1845,ITH,ITH5,8,Emilia-Romagna,Emilia-Romagna,4459477,1386264,31.09,0.15
970,2021-03-26,EMR,23376,9882,13494,1420,600,219,2642,174,4779,9342,3786,278,136,16958,6418,ITH,ITH5,8,Emilia-Romagna,Emilia-Romagna,4459477,1409640,31.61,0.52
971,2021-02-09,EMR,4151,1246,2905,2219,376,1198,0,2,15,278,0,0,63,2306,1845,ITH,ITH5,8,Emilia-Romagna,Emilia-Romagna,4459477,1413791,31.7,0.09
972,2021-01-20,EMR,1322,269,1053,392,131,787,0,0,0,1,0,0,11,1321,1,ITH,ITH5,8,Emilia-Romagna,Emilia-Romagna,4459477,1415113,31.73,0.03
973,2021-01-02,EMR,2352,905,1447,2074,57,198,0,3,0,2,0,0,18,2352,0,ITH,ITH5,8,Emilia-Romagna,Emilia-Romagna,4459477,1417465,31.79,0.05
974,2020-12-27,EMR,969,372,597,824,5,26,0,24,1,0,0,0,89,969,0,ITH,ITH5,8,Emilia-Romagna,Emilia-Romagna,4459477,1418434,31.81,0.02
975,2021-04-20,EMR,22439,10317,12122,301,83,58,30,205,7736,5559,8426,21,20,14154,8285,ITH,ITH5,8,Emilia-Romagna,Emilia-Romagna,4459477,1440873,32.31,0.5
976,2021-01-05,EMR,9347,3167,6180,7929,552,769,0,18,4,0,1,0,74,9347,0,ITH,ITH5,8,Emilia-Romagna,Emilia-Romagna,4459477,1450220,32.52,0.21
977,2021-03-11,EMR,17209,7111,10098,1134,837,319,3830,35,52,8851,425,1532,194,11357,5852,ITH,ITH5,8,Emilia-Romagna,Emilia-Romagna,4459477,1467429,32.91,0.39
978,2021-03-18,EMR,13659,5801,7858,449,150,94,49,47,472,10843,1359,5,191,5662,7997,ITH,ITH5,8,Emilia-Romagna,Emilia-Romagna,4459477,1481088,33.21,0.31
979,2021-01-07,EMR,10217,3385,6832,8189,855,1068,0,20,5,3,0,0,77,10217,0,ITH,ITH5,8,Emilia-Romagna,Emilia-Romagna,4459477,1491305,33.44,0.23
980,2021-02-23,EMR,8214,3218,4996,409,147,113,1,24,22,7455,23,0,20,7828,386,ITH,ITH5,8,Emilia-Romagna,Emilia-Romagna,4459477,1499519,33.63,0.18
981,2021-04-07,EMR,25658,11658,14000,662,187,143,360,370,5587,12952,5219,78,100,19680,5978,ITH,ITH5,8,Emilia-Romagna,Emilia-Romagna,4459477,1525177,34.2,0.58
982,2021-01-28,EMR,10241,3336,6905,8075,860,1126,0,28,10,0,0,0,142,351,9890,ITH,ITH5,8,Emilia-Romagna,Emilia-Romagna,4459477,1535418,34.43,0.23
983,2021-03-03,EMR,15760,5228,10532,2533,524,154,4812,50,48,6848,95,342,354,13300,2460,ITH,ITH5,8,Emilia-Romagna,Emilia-Romagna,4459477,1551178,34.78,0.35
984,2021-03-07,EMR,6851,2636,4215,1459,338,22,1250,10,14,2597,565,560,36,5334,1517,ITH,ITH5,8,Emilia-Romagna,Emilia-Romagna,4459477,1558029,34.94,0.15
985,2021-01-23,EMR,2446,870,1576,1902,86,430,0,5,1,2,0,0,20,443,2003,ITH,ITH5,8,Emilia-Romagna,Emilia-Romagna,4459477,1560475,34.99,0.05
986,2021-03-02,EMR,11811,3888,7923,1973,409,229,3047,42,40,5419,41,373,238,9790,2021,ITH,ITH5,8,Emilia-Romagna,Emilia-Romagna,4459477,1572286,35.26,0.26
987,2021-01-14,EMR,8096,2576,5520,5398,920,1607,0,39,7,5,1,1,118,8096,0,ITH,ITH5,8,Emilia-Romagna,Emilia-Romagna,4459477,1580382,35.44,0.18
988,2021-02-11,EMR,4246,1414,2832,2529,528,719,2,15,18,374,3,0,58,3407,839,ITH,ITH5,8,Emilia-Romagna,Emilia-Romagna,4459477,1584628,35.53,0.1
989,2021-04-14,EMR,26703,12680,14023,654,193,138,71,524,10045,7352,7650,54,22,20679,6024,ITH,ITH5,8,Emilia-Romagna,Emilia-Romagna,4459477,1611331,36.13,0.6
990,2021-03-13,EMR,16042,6298,9744,1251,479,81,3990,49,55,8277,567,1124,169,10730,5312,ITH,ITH5,8,Emilia-Romagna,Emilia-Romagna,4459477,1627373,36.49,0.36
991,2021-03-25,EMR,21357,9331,12026,1101,351,165,2089,156,3063,9930,3622,724,156,14372,6985,ITH,ITH5,8,Emilia-Romagna,Emilia-Romagna,4459477,1648730,36.97,0.48
992,2021-03-27,EMR,21514,9003,12511,754,293,48,2336,117,4192,9567,3815,237,155,14623,6891,ITH,ITH5,8,Emilia-Romagna,Emilia-Romagna,4459477,1670244,37.45,0.48
993,2021-03-09,EMR,14617,5945,8672,1028,456,227,3566,21,56,7702,186,1332,43,10661,3956,ITH,ITH5,8,Emilia-Romagna,Emilia-Romagna,4459477,1684861,37.78,0.33
994,2021-02-10,EMR,4012,1378,2634,2396,357,779,0,23,15,317,9,0,116,2759,1253,ITH,ITH5,8,Emilia-Romagna,Emilia-Romagna,4459477,1688873,37.87,0.09
995,2021-01-27,EMR,8359,2947,5412,6907,653,672,0,26,4,2,0,1,94,464,7895,ITH,ITH5,8,Emilia-Romagna,Emilia-Romagna,4459477,1697232,38.06,0.19
996,2021-02-20,EMR,5317,2094,3223,408,116,155,0,7,21,4591,5,0,14,5053,264,ITH,ITH5,8,Emilia-Romagna,Emilia-Romagna,4459477,1702549,38.18,0.12
997,2021-02-15,EMR,2899,849,2050,1984,369,160,0,3,9,326,18,0,30,2773,126,ITH,ITH5,8,Emilia-Romagna,Emilia-Romagna,4459477,1705448,38.24,0.07
998,2021-01-17,ABR,187,59,128,136,44,0,0,0,0,0,0,0,7,180,7,ITF,ITF1,13,Abruzzo,Abruzzo,1304970,187,0.01,0.01
999,2021-03-17,ABR,4545,1876,2669,285,102,144,11,19,33,3876,16,36,23,2802,1743,ITF,ITF1,13,Abruzzo,Abruzzo,1304970,4732,0.36,0.35
1000,2021-02-28,ABR,1708,511,1197,23,6,0,1423,8,1,79,0,149,19,1706,2,ITF,ITF1,13,Abruzzo,Abruzzo,1304970,6440,0.49,0.13
1001,2021-02-09,ABR,908,311,597,612,161,131,0,1,1,1,0,0,1,499,409,ITF,ITF1,13,Abruzzo,Abruzzo,1304970,7348,0.56,0.07
1002,2021-02-04,ABR,1682,617,1065,1168,415,57,0,5,0,0,0,0,37,609,1073,ITF,ITF1,13,Abruzzo,Abruzzo,1304970,9030,0.69,0.13
1003,2021-04-06,ABR,7689,3583,4106,433,98,44,54,115,499,2350,3944,46,106,5369,2320,ITF,ITF1,13,Abruzzo,Abruzzo,1304970,16719,1.28,0.59
1004,2021-01-23,ABR,264,114,150,224,14,26,0,0,0,0,0,0,0,57,207,ITF,ITF1,13,Abruzzo,Abruzzo,1304970,16983,1.3,0.02
1005,2021-04-26,ABR,8569,4070,4499,138,104,131,20,1663,2915,1078,2329,38,153,7350,1219,ITF,ITF1,13,Abruzzo,Abruzzo,1304970,25552,1.96,0.66
1006,2021-03-22,ABR,4288,1852,2436,385,389,56,442,32,19,2578,10,234,143,2318,1970,ITF,ITF1,13,Abruzzo,Abruzzo,1304970,29840,2.29,0.33
1007,2021-01-21,ABR,157,47,110,10,6,141,0,0,0,0,0,0,0,157,0,ITF,ITF1,13,Abruzzo,Abruzzo,1304970,29997,2.3,0.01
1008,2021-03-28,ABR,2422,1021,1401,247,132,1,175,106,54,896,422,242,147,2050,372,ITF,ITF1,13,Abruzzo,Abruzzo,1304970,32419,2.48,0.19
1009,2021-02-07,ABR,777,307,470,646,111,1,0,3,0,0,0,0,16,201,576,ITF,ITF1,13,Abruzzo,Abruzzo,1304970,33196,2.54,0.06
1010,2021-03-29,ABR,5627,2525,3102,463,54,49,195,71,73,3616,907,63,136,2987,2640,ITF,ITF1,13,Abruzzo,Abruzzo,1304970,38823,2.98,0.43
1011,2021-03-19,ABR,5797,2584,3213,756,280,118,13,14,42,4400,19,103,52,2776,3021,ITF,ITF1,13,Abruzzo,Abruzzo,1304970,44620,3.42,0.44
1012,2021-02-15,ABR,1796,831,965,625,258,221,0,0,10,395,0,261,26,1754,42,ITF,ITF1,13,Abruzzo,Abruzzo,1304970,46416,3.56,0.14
1013,2021-02-21,ABR,1221,551,670,2,0,3,0,0,2,1210,0,2,2,1220,1,ITF,ITF1,13,Abruzzo,Abruzzo,1304970,47637,3.65,0.09
1014,2021-01-22,ABR,118,57,61,2,1,112,0,1,0,0,0,0,2,118,0,ITF,ITF1,13,Abruzzo,Abruzzo,1304970,47755,3.66,0.01
1015,2021-02-26,ABR,3920,1671,2249,1025,336,160,262,64,11,1651,6,270,135,2951,969,ITF,ITF1,13,Abruzzo,Abruzzo,1304970,51675,3.96,0.3
1016,2021-04-30,ABR,11839,5533,6306,344,137,74,98,1757,2719,1096,5349,33,232,6271,5568,ITF,ITF1,13,Abruzzo,Abruzzo,1304970,63514,4.87,0.91
1017,2021-02-12,ABR,1228,567,661,438,151,310,0,1,0,66,0,260,2,1039,189,ITF,ITF1,13,Abruzzo,Abruzzo,1304970,64742,4.96,0.09
1018,2021-03-06,ABR,4175,1354,2821,433,187,52,1559,29,8,1748,0,15,144,3605,570,ITF,ITF1,13,Abruzzo,Abruzzo,1304970,68917,5.28,0.32
1019,2021-01-12,ABR,1804,666,1138,1470,190,0,0,23,33,28,0,0,60,1804,0,ITF,ITF1,13,Abruzzo,Abruzzo,1304970,70721,5.42,0.14
1020,2021-03-21,ABR,2136,914,1222,9,0,1,130,7,9,1924,13,34,9,844,1292,ITF,ITF1,13,Abruzzo,Abruzzo,1304970,72857,5.58,0.16
1021,2021-03-05,ABR,5263,1938,3325,561,218,108,1353,77,4,2582,2,232,126,4565,698,ITF,ITF1,13,Abruzzo,Abruzzo,1304970,78120,5.99,0.4
1022,2021-03-18,ABR,3896,1651,2245,281,135,20,7,21,33,3297,4,68,30,2065,1831,ITF,ITF1,13,Abruzzo,Abruzzo,1304970,82016,6.28,0.3
1023,2021-02-13,ABR,851,384,467,554,207,72,0,1,1,8,0,0,8,437,414,ITF,ITF1,13,Abruzzo,Abruzzo,1304970,82867,6.35,0.07
1024,2021-03-01,ABR,3490,1393,2097,698,176,174,282,18,10,1915,2,131,84,2725,765,ITF,ITF1,13,Abruzzo,Abruzzo,1304970,86357,6.62,0.27
1025,2021-04-22,ABR,6668,3193,3475,83,46,116,28,313,2116,921,2870,37,138,4984,1684,ITF,ITF1,13,Abruzzo,Abruzzo,1304970,93025,7.13,0.51
1026,2021-03-03,ABR,4629,1883,2746,1222,211,105,855,28,0,1587,3,385,233,3723,906,ITF,ITF1,13,Abruzzo,Abruzzo,1304970,97654,7.48,0.35
1027,2021-04-17,ABR,7348,3399,3949,349,251,23,65,192,454,2264,3666,32,52,4295,3053,ITF,ITF1,13,Abruzzo,Abruzzo,1304970,105002,8.05,0.56
1028,2020-12-27,ABR,37,19,18,34,1,2,0,0,0,0,0,0,0,37,0,ITF,ITF1,13,Abruzzo,Abruzzo,1304970,105039,8.05,0.0
1029,2021-03-08,ABR,5128,1670,3458,1190,280,116,2195,51,3,1032,0,105,156,4153,975,ITF,ITF1,13,Abruzzo,Abruzzo,1304970,110167,8.44,0.39
1030,2021-03-31,ABR,6656,2883,3773,446,279,80,245,54,83,3258,2048,30,133,4588,2068,ITF,ITF1,13,Abruzzo,Abruzzo,1304970,116823,8.95,0.51
1031,2021-03-10,ABR,4951,1640,3311,736,300,248,1872,27,4,1520,11,130,103,3994,957,ITF,ITF1,13,Abruzzo,Abruzzo,1304970,121774,9.33,0.38
1032,2021-02-23,ABR,2784,1274,1510,324,184,217,100,4,8,1491,2,287,167,2773,11,ITF,ITF1,13,Abruzzo,Abruzzo,1304970,124558,9.54,0.21
1033,2021-04-19,ABR,6231,2860,3371,76,74,36,22,148,2251,1259,2221,26,118,3858,2373,ITF,ITF1,13,Abruzzo,Abruzzo,1304970,130789,10.02,0.48
1034,2021-04-18,ABR,5815,2726,3089,149,71,25,19,76,169,964,4304,13,25,4873,942,ITF,ITF1,13,Abruzzo,Abruzzo,1304970,136604,10.47,0.45
1035,2021-03-04,ABR,5937,2359,3578,1171,322,93,818,39,12,2992,5,329,156,5015,922,ITF,ITF1,13,Abruzzo,Abruzzo,1304970,142541,10.92,0.45
1036,2021-04-24,ABR,8716,3974,4742,84,138,137,23,324,1368,1227,5318,21,76,7184,1532,ITF,ITF1,13,Abruzzo,Abruzzo,1304970,151257,11.59,0.67
1037,2021-03-23,ABR,4786,2145,2641,180,183,183,400,14,23,3356,13,356,78,2217,2569,ITF,ITF1,13,Abruzzo,Abruzzo,1304970,156043,11.96,0.37
1038,2021-01-24,ABR,50,22,28,49,1,0,0,0,0,0,0,0,0,6,44,ITF,ITF1,13,Abruzzo,Abruzzo,1304970,156093,11.96,0.0
1039,2021-01-31,ABR,1502,488,1014,1154,236,103,0,1,0,0,0,0,8,287,1215,ITF,ITF1,13,Abruzzo,Abruzzo,1304970,157595,12.08,0.12
1040,2021-01-27,ABR,1364,515,849,1301,61,0,0,1,0,0,0,0,1,39,1325,ITF,ITF1,13,Abruzzo,Abruzzo,1304970,158959,12.18,0.1
1041,2021-03-09,ABR,5173,1796,3377,991,311,86,2046,31,3,1320,69,214,102,4234,939,ITF,ITF1,13,Abruzzo,Abruzzo,1304970,164132,12.58,0.4
1042,2021-01-04,ABR,1401,575,826,1396,5,0,0,0,0,0,0,0,0,1401,0,ITF,ITF1,13,Abruzzo,Abruzzo,1304970,165533,12.68,0.11
1043,2021-03-11,ABR,5430,2191,3239,1328,265,241,1565,50,20,1539,16,247,159,4291,1139,ITF,ITF1,13,Abruzzo,Abruzzo,1304970,170963,13.1,0.42
1044,2021-02-01,ABR,1632,573,1059,1384,228,1,0,3,0,0,0,0,16,271,1361,ITF,ITF1,13,Abruzzo,Abruzzo,1304970,172595,13.23,0.13
1045,2021-01-20,ABR,447,156,291,147,73,204,0,12,0,0,0,0,11,445,2,ITF,ITF1,13,Abruzzo,Abruzzo,1304970,173042,13.26,0.03
1046,2021-04-05,ABR,2698,1151,1547,137,205,4,16,31,41,1372,846,11,35,1818,880,ITF,ITF1,13,Abruzzo,Abruzzo,1304970,175740,13.47,0.21
1047,2021-01-03,ABR,471,185,286,464,7,0,0,0,0,0,0,0,0,471,0,ITF,ITF1,13,Abruzzo,Abruzzo,1304970,176211,13.5,0.04
1048,2021-03-15,ABR,3640,1399,2241,657,358,79,330,27,41,1964,2,55,127,1824,1816,ITF,ITF1,13,Abruzzo,Abruzzo,1304970,179851,13.78,0.28
1049,2021-04-13,ABR,5890,2757,3133,94,63,78,150,86,409,1261,3670,31,48,4689,1201,ITF,ITF1,13,Abruzzo,Abruzzo,1304970,185741,14.23,0.45
1050,2021-04-09,ABR,8744,4113,4631,312,121,32,45,101,807,3287,3903,40,96,6202,2542,ITF,ITF1,13,Abruzzo,Abruzzo,1304970,194485,14.9,0.67
1051,2021-04-07,ABR,7122,3284,3838,187,214,82,15,69,106,3220,3056,96,77,4396,2726,ITF,ITF1,13,Abruzzo,Abruzzo,1304970,201607,15.45,0.55
1052,2021-01-28,ABR,1433,495,938,1370,61,1,0,0,1,0,0,0,0,12,1421,ITF,ITF1,13,Abruzzo,Abruzzo,1304970,203040,15.56,0.11
1053,2021-02-03,ABR,2061,717,1344,1541,362,118,0,4,0,0,0,0,36,419,1642,ITF,ITF1,13,Abruzzo,Abruzzo,1304970,205101,15.72,0.16
1054,2021-01-19,ABR,111,55,56,27,3,50,0,8,0,0,0,0,23,91,20,ITF,ITF1,13,Abruzzo,Abruzzo,1304970,205212,15.73,0.01
1055,2021-03-27,ABR,6120,2620,3500,189,229,48,216,87,157,4264,736,77,117,3641,2479,ITF,ITF1,13,Abruzzo,Abruzzo,1304970,211332,16.19,0.47
1056,2021-05-01,ABR,10734,5046,5688,114,61,41,39,1235,1709,1133,6243,23,136,5757,4977,ITF,ITF1,13,Abruzzo,Abruzzo,1304970,222066,17.02,0.82
1057,2021-01-13,ABR,1253,440,813,1103,99,0,0,7,1,7,0,0,36,1253,0,ITF,ITF1,13,Abruzzo,Abruzzo,1304970,223319,17.11,0.1
1058,2021-03-07,ABR,2523,630,1893,28,99,4,1823,68,10,463,0,1,27,2523,0,ITF,ITF1,13,Abruzzo,Abruzzo,1304970,225842,17.31,0.19
1059,2021-03-24,ABR,6353,2766,3587,485,300,231,430,108,230,3409,541,344,275,4097,2256,ITF,ITF1,13,Abruzzo,Abruzzo,1304970,232195,17.79,0.49
1060,2021-03-30,ABR,5061,2199,2862,211,205,38,286,52,57,2745,1328,51,88,3236,1825,ITF,ITF1,13,Abruzzo,Abruzzo,1304970,237256,18.18,0.39
1061,2021-03-25,ABR,5691,2565,3126,249,211,40,448,59,102,3825,239,311,207,3074,2617,ITF,ITF1,13,Abruzzo,Abruzzo,1304970,242947,18.62,0.44
1062,2021-04-14,ABR,6507,2898,3609,336,94,119,61,84,434,1467,3848,18,46,4429,2078,ITF,ITF1,13,Abruzzo,Abruzzo,1304970,249454,19.12,0.5
1063,2021-03-13,ABR,4254,1460,2794,539,624,138,1061,82,36,1468,6,106,194,3178,1076,ITF,ITF1,13,Abruzzo,Abruzzo,1304970,253708,19.44,0.33
1064,2021-04-04,ABR,1626,766,860,94,57,2,4,8,280,446,718,2,15,1497,129,ITF,ITF1,13,Abruzzo,Abruzzo,1304970,255334,19.57,0.12
1065,2021-03-26,ABR,5292,2258,3034,264,213,37,449,75,122,3389,357,241,145,3231,2061,ITF,ITF1,13,Abruzzo,Abruzzo,1304970,260626,19.97,0.41
1066,2021-04-28,ABR,9505,4583,4922,162,149,74,20,2353,1816,848,3888,35,160,7480,2025,ITF,ITF1,13,Abruzzo,Abruzzo,1304970,270131,20.7,0.73
1067,2021-02-22,ABR,2644,1175,1469,477,275,46,251,4,4,1094,0,419,74,2614,30,ITF,ITF1,13,Abruzzo,Abruzzo,1304970,272775,20.9,0.2
1068,2021-03-12,ABR,6024,1990,4034,1006,593,138,2189,46,11,1727,1,144,169,4441,1583,ITF,ITF1,13,Abruzzo,Abruzzo,1304970,278799,21.36,0.46
1069,2021-04-02,ABR,6689,3097,3592,184,611,26,94,77,215,3308,2044,79,51,5202,1487,ITF,ITF1,13,Abruzzo,Abruzzo,1304970,285488,21.88,0.51
1070,2021-01-16,ABR,928,428,500,711,188,15,0,4,0,0,0,0,10,928,0,ITF,ITF1,13,Abruzzo,Abruzzo,1304970,286416,21.95,0.07
1071,2021-04-10,ABR,8774,4059,4715,390,302,13,147,224,1133,2931,3458,32,144,6266,2508,ITF,ITF1,13,Abruzzo,Abruzzo,1304970,295190,22.62,0.67
1072,2021-02-11,ABR,816,262,554,473,184,154,0,0,0,0,0,0,5,773,43,ITF,ITF1,13,Abruzzo,Abruzzo,1304970,296006,22.68,0.06
1073,2021-03-16,ABR,3486,1453,2033,284,74,169,12,19,44,2850,6,8,20,1831,1655,ITF,ITF1,13,Abruzzo,Abruzzo,1304970,299492,22.95,0.27
1074,2021-04-15,ABR,7751,3614,4137,201,97,92,53,87,331,1567,5245,22,56,5906,1845,ITF,ITF1,13,Abruzzo,Abruzzo,1304970,307243,23.54,0.59
1075,2021-01-06,ABR,1830,664,1166,1546,148,133,0,0,0,0,0,0,3,1830,0,ITF,ITF1,13,Abruzzo,Abruzzo,1304970,309073,23.68,0.14
1076,2021-04-03,ABR,5073,2213,2860,174,91,28,84,73,112,2401,1958,62,90,3479,1594,ITF,ITF1,13,Abruzzo,Abruzzo,1304970,314146,24.07,0.39
1077,2021-01-05,ABR,1614,604,1010,1604,10,0,0,0,0,0,0,0,0,1614,0,ITF,ITF1,13,Abruzzo,Abruzzo,1304970,315760,24.2,0.12
1078,2021-02-08,ABR,1201,398,803,710,218,264,0,1,0,0,0,0,8,491,710,ITF,ITF1,13,Abruzzo,Abruzzo,1304970,316961,24.29,0.09
1079,2021-01-18,ABR,122,48,74,106,8,2,0,3,0,0,0,0,3,46,76,ITF,ITF1,13,Abruzzo,Abruzzo,1304970,317083,24.3,0.01
1080,2021-04-01,ABR,5531,2450,3081,274,117,57,153,153,156,2913,1527,48,133,3442,2089,ITF,ITF1,13,Abruzzo,Abruzzo,1304970,322614,24.72,0.42
1081,2021-01-15,ABR,379,149,230,223,79,35,0,7,2,0,0,0,33,379,0,ITF,ITF1,13,Abruzzo,Abruzzo,1304970,322993,24.75,0.03
1082,2021-02-27,ABR,2809,1337,1472,253,84,125,874,17,6,732,1,656,61,2543,266,ITF,ITF1,13,Abruzzo,Abruzzo,1304970,325802,24.97,0.22
1083,2021-02-24,ABR,3304,1440,1864,391,180,248,131,13,12,1969,4,247,109,3128,176,ITF,ITF1,13,Abruzzo,Abruzzo,1304970,329106,25.22,0.25
1084,2021-01-29,ABR,1386,449,937,1290,95,0,0,1,0,0,0,0,0,74,1312,ITF,ITF1,13,Abruzzo,Abruzzo,1304970,330492,25.33,0.11
1085,2021-04-11,ABR,5332,2606,2726,15,8,7,6,93,628,784,3734,6,51,4849,483,ITF,ITF1,13,Abruzzo,Abruzzo,1304970,335824,25.73,0.41
1086,2021-01-25,ABR,1604,633,971,1584,19,0,0,0,0,0,0,0,1,20,1584,ITF,ITF1,13,Abruzzo,Abruzzo,1304970,337428,25.86,0.12
1087,2021-02-17,ABR,2077,952,1125,512,144,394,1,0,22,718,0,210,76,1794,283,ITF,ITF1,13,Abruzzo,Abruzzo,1304970,339505,26.02,0.16
1088,2021-03-20,ABR,4733,2159,2574,318,206,63,97,50,99,3653,45,99,103,2569,2164,ITF,ITF1,13,Abruzzo,Abruzzo,1304970,344238,26.38,0.36
1089,2021-04-12,ABR,6227,2950,3277,217,66,50,36,194,505,1300,3758,20,81,5055,1172,ITF,ITF1,13,Abruzzo,Abruzzo,1304970,350465,26.86,0.48
1090,2021-01-07,ABR,1603,552,1051,1566,37,0,0,0,0,0,0,0,0,1603,0,ITF,ITF1,13,Abruzzo,Abruzzo,1304970,352068,26.98,0.12
1091,2021-01-09,ABR,1483,565,918,1430,50,0,0,1,0,0,0,0,2,1483,0,ITF,ITF1,13,Abruzzo,Abruzzo,1304970,353551,27.09,0.11
1092,2021-01-08,ABR,1525,507,1018,1487,36,0,0,1,1,0,0,0,0,1525,0,ITF,ITF1,13,Abruzzo,Abruzzo,1304970,355076,27.21,0.12
1093,2021-02-18,ABR,2291,934,1357,670,297,417,0,3,5,612,0,215,72,2161,130,ITF,ITF1,13,Abruzzo,Abruzzo,1304970,357367,27.39,0.18
1094,2021-02-19,ABR,3301,1552,1749,990,346,371,8,10,9,1113,1,402,51,3201,100,ITF,ITF1,13,Abruzzo,Abruzzo,1304970,360668,27.64,0.25
1095,2021-02-16,ABR,1978,869,1109,841,278,139,0,4,2,561,0,75,78,1966,12,ITF,ITF1,13,Abruzzo,Abruzzo,1304970,362646,27.79,0.15
1096,2021-01-14,ABR,530,189,341,364,114,0,0,4,5,34,0,0,9,530,0,ITF,ITF1,13,Abruzzo,Abruzzo,1304970,363176,27.83,0.04
1097,2021-01-26,ABR,1542,567,975,1513,29,0,0,0,0,0,0,0,0,29,1513,ITF,ITF1,13,Abruzzo,Abruzzo,1304970,364718,27.95,0.12
1098,2021-04-21,ABR,6386,3101,3285,63,53,13,14,990,1514,1020,2597,9,113,4711,1675,ITF,ITF1,13,Abruzzo,Abruzzo,1304970,371104,28.44,0.49
1099,2021-02-25,ABR,3086,1347,1739,615,398,57,126,28,6,1508,2,262,84,2558,528,ITF,ITF1,13,Abruzzo,Abruzzo,1304970,374190,28.67,0.24
1100,2021-04-29,ABR,12054,5542,6512,285,83,85,109,2507,3014,813,4927,54,177,8957,3097,ITF,ITF1,13,Abruzzo,Abruzzo,1304970,386244,29.6,0.92
1101,2021-02-10,ABR,948,313,635,622,182,116,0,5,0,0,0,0,23,504,444,ITF,ITF1,13,Abruzzo,Abruzzo,1304970,387192,29.67,0.07
1102,2021-02-20,ABR,4782,1843,2939,310,444,193,1887,5,12,1417,1,406,107,4706,76,ITF,ITF1,13,Abruzzo,Abruzzo,1304970,391974,30.04,0.37
1103,2021-04-25,ABR,9067,4617,4450,67,54,22,5,4353,1779,589,2069,19,110,8256,811,ITF,ITF1,13,Abruzzo,Abruzzo,1304970,401041,30.73,0.69
1104,2021-01-10,ABR,1139,409,730,1091,44,0,0,0,0,0,0,0,4,1139,0,ITF,ITF1,13,Abruzzo,Abruzzo,1304970,402180,30.82,0.09
1105,2021-04-27,ABR,8977,4315,4662,115,101,22,34,1749,2277,959,3558,27,135,6505,2472,ITF,ITF1,13,Abruzzo,Abruzzo,1304970,411157,31.51,0.69
1106,2021-05-03,ABR,2857,1344,1513,85,21,15,3,336,717,142,1499,3,36,1482,1375,ITF,ITF1,13,Abruzzo,Abruzzo,1304970,414014,31.73,0.22
1107,2021-03-14,ABR,1895,733,1162,8,3,0,249,20,7,1489,0,2,117,1228,667,ITF,ITF1,13,Abruzzo,Abruzzo,1304970,415909,31.87,0.15
1108,2021-04-23,ABR,7354,3376,3978,158,67,122,27,533,1641,1521,3173,14,98,5068,2286,ITF,ITF1,13,Abruzzo,Abruzzo,1304970,423263,32.43,0.56
1109,2021-02-05,ABR,1536,521,1015,1188,188,107,0,9,0,0,0,0,44,789,747,ITF,ITF1,13,Abruzzo,Abruzzo,1304970,424799,32.55,0.12
1110,2021-04-20,ABR,5590,2690,2900,39,83,1,20,326,2180,920,1948,18,55,4179,1411,ITF,ITF1,13,Abruzzo,Abruzzo,1304970,430389,32.98,0.43
1111,2021-04-16,ABR,7542,3491,4051,157,79,46,33,168,271,1685,5048,12,43,5622,1920,ITF,ITF1,13,Abruzzo,Abruzzo,1304970,437931,33.56,0.58
1112,2021-01-30,ABR,1510,567,943,1349,112,47,0,0,0,0,0,0,2,69,1441,ITF,ITF1,13,Abruzzo,Abruzzo,1304970,439441,33.67,0.12
1113,2021-01-02,ABR,548,218,330,540,5,0,0,0,0,0,0,0,3,548,0,ITF,ITF1,13,Abruzzo,Abruzzo,1304970,439989,33.72,0.04
1114,2021-02-06,ABR,1611,742,869,1168,278,72,0,14,7,2,0,0,70,602,1009,ITF,ITF1,13,Abruzzo,Abruzzo,1304970,441600,33.84,0.12
1115,2021-01-11,ABR,1551,557,994,1337,152,48,0,3,0,0,0,0,11,1551,0,ITF,ITF1,13,Abruzzo,Abruzzo,1304970,443151,33.96,0.12
1116,2021-05-02,ABR,10423,5087,5336,148,78,4,20,1155,1683,336,6831,23,145,5215,5208,ITF,ITF1,13,Abruzzo,Abruzzo,1304970,453574,34.76,0.8
1117,2021-03-02,ABR,3964,1676,2288,934,220,53,405,82,3,1857,2,299,109,3280,684,ITF,ITF1,13,Abruzzo,Abruzzo,1304970,457538,35.06,0.3
1118,2021-04-08,ABR,7353,3322,4031,156,84,73,203,70,409,2633,3629,45,51,5072,2281,ITF,ITF1,13,Abruzzo,Abruzzo,1304970,464891,35.62,0.56
1119,2021-02-02,ABR,1798,677,1121,1243,404,142,0,1,0,0,0,0,8,241,1557,ITF,ITF1,13,Abruzzo,Abruzzo,1304970,466689,35.76,0.14
1120,2021-01-30,PAT,386,132,254,346,7,32,1,0,0,0,0,0,0,152,234,ITH,ITH2,4,Provincia Autonoma Trento,P.A. Trento,541380,386,0.07,0.07
1121,2021-03-05,PAT,2229,700,1529,126,70,102,775,5,24,957,1,158,11,1663,566,ITH,ITH2,4,Provincia Autonoma Trento,P.A. Trento,541380,2615,0.48,0.41
1122,2021-01-14,PAT,699,203,496,482,6,208,0,0,0,0,0,0,3,699,0,ITH,ITH2,4,Provincia Autonoma Trento,P.A. Trento,541380,3314,0.61,0.13
1123,2021-01-24,PAT,547,276,271,535,12,0,0,0,0,0,0,0,0,224,323,ITH,ITH2,4,Provincia Autonoma Trento,P.A. Trento,541380,3861,0.71,0.1
1124,2021-03-15,PAT,1410,545,865,58,130,26,175,3,285,624,15,54,40,946,464,ITH,ITH2,4,Provincia Autonoma Trento,P.A. Trento,541380,5271,0.97,0.26
1125,2021-01-21,PAT,351,94,257,320,13,16,0,0,0,0,0,0,2,228,123,ITH,ITH2,4,Provincia Autonoma Trento,P.A. Trento,541380,5622,1.04,0.06
1126,2021-04-29,PAT,4234,2048,2186,78,84,11,20,2278,1126,160,438,2,37,4061,173,ITH,ITH2,4,Provincia Autonoma Trento,P.A. Trento,541380,9856,1.82,0.78
1127,2021-03-04,PAT,2351,790,1561,161,26,23,347,14,12,1727,0,19,22,1572,779,ITH,ITH2,4,Provincia Autonoma Trento,P.A. Trento,541380,12207,2.25,0.43
1128,2021-03-21,PAT,129,69,60,34,1,0,18,2,18,0,56,0,0,129,0,ITH,ITH2,4,Provincia Autonoma Trento,P.A. Trento,541380,12336,2.28,0.02
1129,2021-04-25,PAT,1968,938,1030,9,4,0,0,1303,215,31,384,0,22,1959,9,ITH,ITH2,4,Provincia Autonoma Trento,P.A. Trento,541380,14304,2.64,0.36
1130,2021-04-14,PAT,3109,1463,1646,115,50,7,7,97,1486,1019,311,2,15,2373,736,ITH,ITH2,4,Provincia Autonoma Trento,P.A. Trento,541380,17413,3.22,0.57
1131,2021-03-03,PAT,1653,621,1032,74,11,60,203,4,5,1267,3,19,7,1136,517,ITH,ITH2,4,Provincia Autonoma Trento,P.A. Trento,541380,19066,3.52,0.31
1132,2021-04-05,PAT,33,16,17,0,0,0,1,21,11,0,0,0,0,33,0,ITH,ITH2,4,Provincia Autonoma Trento,P.A. Trento,541380,19099,3.53,0.01
1133,2021-04-19,PAT,2619,1234,1385,40,12,0,6,592,906,314,678,2,69,2593,26,ITH,ITH2,4,Provincia Autonoma Trento,P.A. Trento,541380,21718,4.01,0.48
1134,2021-02-23,PAT,1108,395,713,272,13,17,50,1,0,751,0,3,1,897,211,ITH,ITH2,4,Provincia Autonoma Trento,P.A. Trento,541380,22826,4.22,0.2
1135,2021-01-13,PAT,421,123,298,392,6,23,0,0,0,0,0,0,0,421,0,ITH,ITH2,4,Provincia Autonoma Trento,P.A. Trento,541380,23247,4.29,0.08
1136,2021-03-07,PAT,22,6,16,0,0,0,22,0,0,0,0,0,0,22,0,ITH,ITH2,4,Provincia Autonoma Trento,P.A. Trento,541380,23269,4.3,0.0
1137,2021-01-27,PAT,802,277,525,463,33,304,0,0,0,1,0,0,1,91,711,ITH,ITH2,4,Provincia Autonoma Trento,P.A. Trento,541380,24071,4.45,0.15
1138,2021-01-29,PAT,1352,331,1021,724,74,542,0,0,0,3,0,0,9,55,1297,ITH,ITH2,4,Provincia Autonoma Trento,P.A. Trento,541380,25423,4.7,0.25
1139,2021-04-15,PAT,3151,1427,1724,179,111,16,3,129,1513,504,680,1,15,2999,152,ITH,ITH2,4,Provincia Autonoma Trento,P.A. Trento,541380,28574,5.28,0.58
1140,2021-03-18,PAT,2297,950,1347,63,1,2,3,9,530,1662,16,2,9,1224,1073,ITH,ITH2,4,Provincia Autonoma Trento,P.A. Trento,541380,30871,5.7,0.42
1141,2021-02-13,PAT,536,333,203,373,4,0,0,1,0,158,0,0,0,171,365,ITH,ITH2,4,Provincia Autonoma Trento,P.A. Trento,541380,31407,5.8,0.1
1142,2021-03-27,PAT,1612,707,905,271,362,0,165,12,352,61,227,135,27,1360,252,ITH,ITH2,4,Provincia Autonoma Trento,P.A. Trento,541380,33019,6.1,0.3
1143,2021-02-12,PAT,1010,340,670,335,54,55,0,2,9,553,0,0,2,589,421,ITH,ITH2,4,Provincia Autonoma Trento,P.A. Trento,541380,34029,6.29,0.19
1144,2021-03-20,PAT,870,401,469,154,97,0,69,0,342,78,127,0,3,669,201,ITH,ITH2,4,Provincia Autonoma Trento,P.A. Trento,541380,34899,6.45,0.16
1145,2021-03-10,PAT,2398,925,1473,356,36,25,316,4,10,1421,2,221,7,1477,921,ITH,ITH2,4,Provincia Autonoma Trento,P.A. Trento,541380,37297,6.89,0.44
1146,2021-01-09,PAT,190,40,150,146,13,31,0,0,0,0,0,0,0,190,0,ITH,ITH2,4,Provincia Autonoma Trento,P.A. Trento,541380,37487,6.92,0.04
1147,2021-03-08,PAT,1398,433,965,65,15,0,277,2,6,1017,1,7,8,1045,353,ITH,ITH2,4,Provincia Autonoma Trento,P.A. Trento,541380,38885,7.18,0.26
1148,2021-03-29,PAT,2452,957,1495,98,30,5,91,33,802,1004,99,4,286,1717,735,ITH,ITH2,4,Provincia Autonoma Trento,P.A. Trento,541380,41337,7.64,0.45
1149,2021-04-17,PAT,2201,1119,1082,13,2,0,0,146,1503,77,449,0,11,2144,57,ITH,ITH2,4,Provincia Autonoma Trento,P.A. Trento,541380,43538,8.04,0.41
1150,2021-01-22,PAT,1668,433,1235,904,121,631,3,3,5,1,0,0,0,329,1339,ITH,ITH2,4,Provincia Autonoma Trento,P.A. Trento,541380,45206,8.35,0.31
1151,2021-02-16,PAT,663,244,419,73,2,3,10,0,8,563,0,0,4,658,5,ITH,ITH2,4,Provincia Autonoma Trento,P.A. Trento,541380,45869,8.47,0.12
1152,2021-02-24,PAT,1318,523,795,236,5,29,66,4,2,974,1,1,0,922,396,ITH,ITH2,4,Provincia Autonoma Trento,P.A. Trento,541380,47187,8.72,0.24
1153,2021-01-23,PAT,577,334,243,487,2,88,0,0,0,0,0,0,0,388,189,ITH,ITH2,4,Provincia Autonoma Trento,P.A. Trento,541380,47764,8.82,0.11
1154,2021-03-17,PAT,2075,795,1280,399,15,55,10,4,279,1270,23,1,19,1202,873,ITH,ITH2,4,Provincia Autonoma Trento,P.A. Trento,541380,49839,9.21,0.38
1155,2021-03-02,PAT,1302,440,862,138,16,55,146,4,9,925,1,1,7,926,376,ITH,ITH2,4,Provincia Autonoma Trento,P.A. Trento,541380,51141,9.45,0.24
1156,2021-02-26,PAT,1218,435,783,250,12,19,105,3,2,823,0,1,3,923,295,ITH,ITH2,4,Provincia Autonoma Trento,P.A. Trento,541380,52359,9.67,0.22
1157,2021-04-07,PAT,2588,1008,1580,264,27,29,101,19,630,1363,131,9,15,1648,940,ITH,ITH2,4,Provincia Autonoma Trento,P.A. Trento,541380,54947,10.15,0.48
1158,2021-04-08,PAT,3111,1293,1818,182,25,46,38,57,1023,1414,307,3,16,1993,1118,ITH,ITH2,4,Provincia Autonoma Trento,P.A. Trento,541380,58058,10.72,0.57
1159,2021-03-13,PAT,829,380,449,203,15,30,259,0,0,44,0,278,0,781,48,ITH,ITH2,4,Provincia Autonoma Trento,P.A. Trento,541380,58887,10.88,0.15
1160,2021-01-08,PAT,1449,313,1136,775,128,530,0,0,7,7,0,0,2,1449,0,ITH,ITH2,4,Provincia Autonoma Trento,P.A. Trento,541380,60336,11.14,0.27
1161,2021-04-11,PAT,2332,1131,1201,45,57,8,175,26,1753,21,235,7,5,2241,91,ITH,ITH2,4,Provincia Autonoma Trento,P.A. Trento,541380,62668,11.58,0.43
1162,2020-12-31,PAT,1624,449,1175,841,105,676,0,0,1,1,0,0,0,1624,0,ITH,ITH2,4,Provincia Autonoma Trento,P.A. Trento,541380,64292,11.88,0.3
1163,2021-02-15,PAT,533,187,346,145,21,27,11,1,1,322,0,0,5,419,114,ITH,ITH2,4,Provincia Autonoma Trento,P.A. Trento,541380,64825,11.97,0.1
1164,2021-03-01,PAT,1237,454,783,74,1,10,95,5,8,1037,0,3,4,942,295,ITH,ITH2,4,Provincia Autonoma Trento,P.A. Trento,541380,66062,12.2,0.23
1165,2021-02-09,PAT,914,287,627,447,8,73,0,2,1,381,0,0,2,441,473,ITH,ITH2,4,Provincia Autonoma Trento,P.A. Trento,541380,66976,12.37,0.17
1166,2021-04-22,PAT,3115,1455,1660,74,49,8,0,1315,897,236,518,2,16,3069,46,ITH,ITH2,4,Provincia Autonoma Trento,P.A. Trento,541380,70091,12.95,0.58
1167,2021-03-06,PAT,773,277,496,362,11,0,195,3,0,195,0,5,2,622,151,ITH,ITH2,4,Provincia Autonoma Trento,P.A. Trento,541380,70864,13.09,0.14
1168,2021-04-30,PAT,3622,1799,1823,49,127,14,28,2032,627,118,485,2,140,3502,120,ITH,ITH2,4,Provincia Autonoma Trento,P.A. Trento,541380,74486,13.76,0.67
1169,2021-01-06,PAT,42,13,29,42,0,0,0,0,0,0,0,0,0,42,0,ITH,ITH2,4,Provincia Autonoma Trento,P.A. Trento,541380,74528,13.77,0.01
1170,2021-01-18,PAT,643,154,489,529,35,73,0,1,0,1,0,0,4,588,55,ITH,ITH2,4,Provincia Autonoma Trento,P.A. Trento,541380,75171,13.89,0.12
1171,2021-01-05,PAT,709,232,477,495,46,162,0,1,1,0,0,0,4,709,0,ITH,ITH2,4,Provincia Autonoma Trento,P.A. Trento,541380,75880,14.02,0.13
1172,2021-04-20,PAT,2860,1369,1491,40,20,0,4,942,1274,175,388,2,15,2820,40,ITH,ITH2,4,Provincia Autonoma Trento,P.A. Trento,541380,78740,14.54,0.53
1173,2021-03-26,PAT,3149,1225,1924,136,178,108,554,30,1095,901,63,46,38,2550,599,ITH,ITH2,4,Provincia Autonoma Trento,P.A. Trento,541380,81889,15.13,0.58
1174,2021-04-23,PAT,3568,1736,1832,33,16,20,9,1590,798,191,882,1,28,3511,57,ITH,ITH2,4,Provincia Autonoma Trento,P.A. Trento,541380,85457,15.79,0.66
1175,2021-02-06,PAT,574,298,276,179,0,0,0,1,0,391,0,0,3,433,141,ITH,ITH2,4,Provincia Autonoma Trento,P.A. Trento,541380,86031,15.89,0.11
1176,2021-02-21,PAT,155,92,63,154,0,0,1,0,0,0,0,0,0,43,112,ITH,ITH2,4,Provincia Autonoma Trento,P.A. Trento,541380,86186,15.92,0.03
1177,2021-01-20,PAT,290,72,218,231,10,48,0,0,0,0,0,0,1,278,12,ITH,ITH2,4,Provincia Autonoma Trento,P.A. Trento,541380,86476,15.97,0.05
1178,2021-01-02,PAT,502,143,359,336,21,141,0,0,0,3,0,0,1,502,0,ITH,ITH2,4,Provincia Autonoma Trento,P.A. Trento,541380,86978,16.07,0.09
1179,2021-04-01,PAT,2891,1227,1664,192,137,8,125,35,501,1644,120,24,105,1798,1093,ITH,ITH2,4,Provincia Autonoma Trento,P.A. Trento,541380,89869,16.6,0.53
1180,2021-03-11,PAT,2293,851,1442,105,50,41,391,8,13,1587,22,59,17,1471,822,ITH,ITH2,4,Provincia Autonoma Trento,P.A. Trento,541380,92162,17.02,0.42
1181,2021-02-02,PAT,907,240,667,507,33,189,0,2,5,170,0,0,1,190,717,ITH,ITH2,4,Provincia Autonoma Trento,P.A. Trento,541380,93069,17.19,0.17
1182,2021-01-11,PAT,730,221,509,523,49,153,0,1,0,0,0,0,4,730,0,ITH,ITH2,4,Provincia Autonoma Trento,P.A. Trento,541380,93799,17.33,0.13
1183,2021-04-18,PAT,1853,844,1009,10,54,4,3,1025,509,23,219,0,6,1845,8,ITH,ITH2,4,Provincia Autonoma Trento,P.A. Trento,541380,95652,17.67,0.34
1184,2021-01-15,PAT,594,131,463,463,18,111,0,0,1,0,0,0,1,594,0,ITH,ITH2,4,Provincia Autonoma Trento,P.A. Trento,541380,96246,17.78,0.11
1185,2021-04-21,PAT,2891,1347,1544,47,12,3,1,1175,920,195,531,0,7,2836,55,ITH,ITH2,4,Provincia Autonoma Trento,P.A. Trento,541380,99137,18.31,0.53
1186,2021-02-17,PAT,1110,425,685,326,9,35,12,3,11,709,0,3,2,1020,90,ITH,ITH2,4,Provincia Autonoma Trento,P.A. Trento,541380,100247,18.52,0.21
1187,2021-03-23,PAT,2430,939,1491,146,111,71,163,7,845,1002,35,34,16,1698,732,ITH,ITH2,4,Provincia Autonoma Trento,P.A. Trento,541380,102677,18.97,0.45
1188,2021-03-24,PAT,2374,940,1434,207,89,42,225,6,237,1450,66,42,10,1554,820,ITH,ITH2,4,Provincia Autonoma Trento,P.A. Trento,541380,105051,19.4,0.44
1189,2020-12-27,PAT,103,40,63,76,4,21,0,0,0,0,0,0,2,103,0,ITH,ITH2,4,Provincia Autonoma Trento,P.A. Trento,541380,105154,19.42,0.02
1190,2021-03-14,PAT,107,65,42,102,0,0,5,0,0,0,0,0,0,20,87,ITH,ITH2,4,Provincia Autonoma Trento,P.A. Trento,541380,105261,19.44,0.02
1191,2021-04-24,PAT,3440,1654,1786,3,30,3,2,2124,338,43,884,0,13,3421,19,ITH,ITH2,4,Provincia Autonoma Trento,P.A. Trento,541380,108701,20.08,0.64
1192,2021-04-27,PAT,3832,1843,1989,26,104,1,5,2085,897,130,529,16,39,3776,56,ITH,ITH2,4,Provincia Autonoma Trento,P.A. Trento,541380,112533,20.79,0.71
1193,2021-01-10,PAT,84,19,65,54,18,12,0,0,0,0,0,0,0,84,0,ITH,ITH2,4,Provincia Autonoma Trento,P.A. Trento,541380,112617,20.8,0.02
1194,2021-01-31,PAT,75,15,60,55,13,6,0,1,0,0,0,0,0,1,74,ITH,ITH2,4,Provincia Autonoma Trento,P.A. Trento,541380,112692,20.82,0.01
1195,2021-02-10,PAT,850,290,560,310,7,51,0,1,0,481,0,0,0,509,341,ITH,ITH2,4,Provincia Autonoma Trento,P.A. Trento,541380,113542,20.97,0.16
1196,2021-04-02,PAT,2773,1140,1633,152,65,44,297,58,1168,689,133,15,152,2109,664,ITH,ITH2,4,Provincia Autonoma Trento,P.A. Trento,541380,116315,21.48,0.51
1197,2021-01-12,PAT,505,158,347,418,25,61,0,0,0,0,0,0,1,505,0,ITH,ITH2,4,Provincia Autonoma Trento,P.A. Trento,541380,116820,21.58,0.09
1198,2021-01-01,PAT,213,50,163,114,11,88,0,0,0,0,0,0,0,213,0,ITH,ITH2,4,Provincia Autonoma Trento,P.A. Trento,541380,117033,21.62,0.04
1199,2021-02-11,PAT,1132,365,767,332,3,48,0,0,5,739,0,0,5,796,336,ITH,ITH2,4,Provincia Autonoma Trento,P.A. Trento,541380,118165,21.83,0.21
1200,2021-03-09,PAT,1579,588,991,98,44,31,199,2,8,1102,1,92,2,936,643,ITH,ITH2,4,Provincia Autonoma Trento,P.A. Trento,541380,119744,22.12,0.29
1201,2021-04-12,PAT,3076,1400,1676,137,29,31,364,80,1321,754,317,12,31,2581,495,ITH,ITH2,4,Provincia Autonoma Trento,P.A. Trento,541380,122820,22.69,0.57
1202,2021-02-01,PAT,1220,335,885,767,70,375,0,1,1,0,0,0,6,92,1128,ITH,ITH2,4,Provincia Autonoma Trento,P.A. Trento,541380,124040,22.91,0.23
1203,2021-03-12,PAT,2492,931,1561,207,253,106,557,9,26,1120,5,203,6,1688,804,ITH,ITH2,4,Provincia Autonoma Trento,P.A. Trento,541380,126532,23.37,0.46
1204,2021-01-07,PAT,1270,310,960,649,46,557,0,1,4,13,0,0,0,1270,0,ITH,ITH2,4,Provincia Autonoma Trento,P.A. Trento,541380,127802,23.61,0.23
1205,2021-02-27,PAT,1024,455,569,459,5,2,113,0,2,434,0,4,5,604,420,ITH,ITH2,4,Provincia Autonoma Trento,P.A. Trento,541380,128826,23.8,0.19
1206,2021-02-20,PAT,406,245,161,330,10,30,31,0,0,1,0,3,1,122,284,ITH,ITH2,4,Provincia Autonoma Trento,P.A. Trento,541380,129232,23.87,0.07
1207,2021-01-25,PAT,817,215,602,524,27,263,0,0,0,2,0,0,1,23,794,ITH,ITH2,4,Provincia Autonoma Trento,P.A. Trento,541380,130049,24.02,0.15
1208,2021-02-08,PAT,1151,318,833,551,53,237,1,1,4,303,0,0,1,342,809,ITH,ITH2,4,Provincia Autonoma Trento,P.A. Trento,541380,131200,24.23,0.21
1209,2021-03-31,PAT,2552,983,1569,147,34,5,227,26,480,1474,101,6,52,1695,857,ITH,ITH2,4,Provincia Autonoma Trento,P.A. Trento,541380,133752,24.71,0.47
1210,2021-02-04,PAT,972,304,668,543,10,89,0,1,2,325,0,0,2,420,552,ITH,ITH2,4,Provincia Autonoma Trento,P.A. Trento,541380,134724,24.89,0.18
1211,2021-02-05,PAT,802,271,531,467,19,66,0,1,0,248,0,0,1,283,519,ITH,ITH2,4,Provincia Autonoma Trento,P.A. Trento,541380,135526,25.03,0.15
1212,2021-04-10,PAT,2789,1305,1484,21,8,1,187,42,2183,67,257,11,12,1995,794,ITH,ITH2,4,Provincia Autonoma Trento,P.A. Trento,541380,138315,25.55,0.52
1213,2021-03-22,PAT,2304,972,1332,82,132,8,103,11,849,994,61,38,26,1429,875,ITH,ITH2,4,Provincia Autonoma Trento,P.A. Trento,541380,140619,25.97,0.43
1214,2021-01-17,PAT,251,195,56,251,0,0,0,0,0,0,0,0,0,251,0,ITH,ITH2,4,Provincia Autonoma Trento,P.A. Trento,541380,140870,26.02,0.05
1215,2021-04-16,PAT,2792,1318,1474,82,28,25,8,223,1237,388,774,2,25,2647,145,ITH,ITH2,4,Provincia Autonoma Trento,P.A. Trento,541380,143662,26.54,0.52
1216,2021-01-16,PAT,319,148,171,304,0,15,0,0,0,0,0,0,0,319,0,ITH,ITH2,4,Provincia Autonoma Trento,P.A. Trento,541380,143981,26.6,0.06
1217,2021-02-18,PAT,1205,426,779,300,25,35,55,2,3,782,0,3,0,1143,62,ITH,ITH2,4,Provincia Autonoma Trento,P.A. Trento,541380,145186,26.82,0.22
1218,2021-05-02,PAT,3213,1786,1427,17,137,0,3,1293,130,21,218,122,1272,3175,38,ITH,ITH2,4,Provincia Autonoma Trento,P.A. Trento,541380,148399,27.41,0.59
1219,2021-02-28,PAT,242,121,121,231,0,0,11,0,0,0,0,0,0,242,0,ITH,ITH2,4,Provincia Autonoma Trento,P.A. Trento,541380,148641,27.46,0.04
1220,2021-04-06,PAT,2254,948,1306,39,6,9,101,11,849,1068,141,18,12,1488,766,ITH,ITH2,4,Provincia Autonoma Trento,P.A. Trento,541380,150895,27.87,0.42
1221,2021-03-28,PAT,746,290,456,18,413,0,2,9,18,8,167,107,4,743,3,ITH,ITH2,4,Provincia Autonoma Trento,P.A. Trento,541380,151641,28.01,0.14
1222,2021-04-03,PAT,1132,471,661,143,266,0,31,9,146,60,365,107,5,965,167,ITH,ITH2,4,Provincia Autonoma Trento,P.A. Trento,541380,152773,28.22,0.21
1223,2021-02-22,PAT,745,259,486,119,4,70,45,1,4,501,0,0,1,661,84,ITH,ITH2,4,Provincia Autonoma Trento,P.A. Trento,541380,153518,28.36,0.14
1224,2021-04-26,PAT,2635,1243,1392,18,12,0,10,667,1147,148,615,1,17,2544,91,ITH,ITH2,4,Provincia Autonoma Trento,P.A. Trento,541380,156153,28.84,0.49
1225,2021-03-19,PAT,2423,915,1508,321,70,53,68,17,758,1065,50,2,19,1571,852,ITH,ITH2,4,Provincia Autonoma Trento,P.A. Trento,541380,158576,29.29,0.45
1226,2021-02-19,PAT,927,358,569,170,37,93,28,5,11,582,0,1,0,869,58,ITH,ITH2,4,Provincia Autonoma Trento,P.A. Trento,541380,159503,29.46,0.17
1227,2021-01-28,PAT,530,147,383,390,29,107,0,1,1,2,0,0,0,48,482,ITH,ITH2,4,Provincia Autonoma Trento,P.A. Trento,541380,160033,29.56,0.1
1228,2021-03-16,PAT,1391,506,885,221,7,36,5,1,24,1073,11,0,13,608,783,ITH,ITH2,4,Provincia Autonoma Trento,P.A. Trento,541380,161424,29.82,0.26
1229,2021-01-04,PAT,870,227,643,486,41,336,0,2,4,1,0,0,0,870,0,ITH,ITH2,4,Provincia Autonoma Trento,P.A. Trento,541380,162294,29.98,0.16
1230,2021-04-09,PAT,2705,1143,1562,86,27,27,196,60,1290,897,111,4,7,1506,1199,ITH,ITH2,4,Provincia Autonoma Trento,P.A. Trento,541380,164999,30.48,0.5
1231,2021-02-25,PAT,1639,642,997,120,9,32,93,2,3,1377,0,1,2,1199,440,ITH,ITH2,4,Provincia Autonoma Trento,P.A. Trento,541380,166638,30.78,0.3
1232,2021-01-03,PAT,492,160,332,419,9,63,0,0,0,0,0,0,1,492,0,ITH,ITH2,4,Provincia Autonoma Trento,P.A. Trento,541380,167130,30.87,0.09
1233,2021-04-28,PAT,4106,1912,2194,91,43,5,21,2327,892,158,529,1,39,3977,129,ITH,ITH2,4,Provincia Autonoma Trento,P.A. Trento,541380,171236,31.63,0.76
1234,2021-01-19,PAT,405,77,328,365,3,36,0,0,0,0,0,0,1,405,0,ITH,ITH2,4,Provincia Autonoma Trento,P.A. Trento,541380,171641,31.7,0.07
1235,2021-02-03,PAT,846,314,532,356,13,73,0,1,2,400,0,0,1,414,432,ITH,ITH2,4,Provincia Autonoma Trento,P.A. Trento,541380,172487,31.86,0.16
1236,2021-02-14,PAT,246,186,60,246,0,0,0,0,0,0,0,0,0,11,235,ITH,ITH2,4,Provincia Autonoma Trento,P.A. Trento,541380,172733,31.91,0.05
1237,2021-04-13,PAT,2544,1053,1491,25,12,3,387,40,1218,693,144,2,20,2037,507,ITH,ITH2,4,Provincia Autonoma Trento,P.A. Trento,541380,175277,32.38,0.47
1238,2020-12-30,PAT,7,3,4,4,1,2,0,0,0,0,0,0,0,7,0,ITH,ITH2,4,Provincia Autonoma Trento,P.A. Trento,541380,175284,32.38,0.0
1239,2021-05-03,PAT,905,461,444,1,1,0,1,543,94,17,194,5,49,896,9,ITH,ITH2,4,Provincia Autonoma Trento,P.A. Trento,541380,176189,32.54,0.17
1240,2021-05-01,PAT,4559,2316,2243,25,71,0,4,2706,168,45,509,80,951,4520,39,ITH,ITH2,4,Provincia Autonoma Trento,P.A. Trento,541380,180748,33.39,0.84
1241,2021-03-25,PAT,2871,1103,1768,183,141,28,359,32,631,1326,83,25,63,1822,1049,ITH,ITH2,4,Provincia Autonoma Trento,P.A. Trento,541380,183619,33.92,0.53
1242,2021-03-30,PAT,2379,970,1409,71,60,53,176,18,792,1048,94,9,58,1742,637,ITH,ITH2,4,Provincia Autonoma Trento,P.A. Trento,541380,185998,34.36,0.44
1243,2021-01-26,PAT,542,154,388,441,16,84,0,0,0,0,0,0,1,27,515,ITH,ITH2,4,Provincia Autonoma Trento,P.A. Trento,541380,186540,34.46,0.1
1244,2021-04-10,CAM,28338,13486,14852,259,61,90,733,333,7069,6314,12857,211,411,23423,4915,ITF,ITF3,15,Campania,Campania,5801692,28338,0.49,0.49
1245,2021-04-04,CAM,7951,4007,3944,177,28,6,73,48,1215,1996,4044,63,301,6908,1043,ITF,ITF3,15,Campania,Campania,5801692,36289,0.63,0.14
1246,2021-04-28,CAM,36429,17619,18810,168,46,52,226,7010,6954,3740,15806,335,2092,26696,9733,ITF,ITF3,15,Campania,Campania,5801692,72718,1.25,0.63
1247,2021-01-12,CAM,5214,2563,2651,3439,722,340,0,104,29,7,0,0,573,5214,0,ITF,ITF3,15,Campania,Campania,5801692,77932,1.34,0.09
1248,2021-04-02,CAM,21734,10410,11324,263,48,108,1063,138,6340,3968,8558,515,733,19416,2318,ITF,ITF3,15,Campania,Campania,5801692,99666,1.72,0.37
1249,2021-02-19,CAM,9554,3556,5998,1663,169,161,2192,103,35,4457,0,0,774,8904,650,ITF,ITF3,15,Campania,Campania,5801692,109220,1.88,0.16
1250,2021-01-01,CAM,919,506,413,831,85,0,0,2,0,0,0,0,1,919,0,ITF,ITF3,15,Campania,Campania,5801692,110139,1.9,0.02
1251,2021-03-26,CAM,19453,8929,10524,363,40,142,1634,100,3152,7624,5466,464,468,15643,3810,ITF,ITF3,15,Campania,Campania,5801692,129592,2.23,0.34
1252,2021-02-11,CAM,6278,2704,3574,1861,279,129,0,238,90,2410,0,0,1271,6212,66,ITF,ITF3,15,Campania,Campania,5801692,135870,2.34,0.11
1253,2021-01-18,CAM,957,399,558,576,93,187,0,12,4,17,0,0,68,713,244,ITF,ITF3,15,Campania,Campania,5801692,136827,2.36,0.02
1254,2021-02-22,CAM,10664,3292,7372,545,60,143,5542,63,38,3899,0,0,374,10401,263,ITF,ITF3,15,Campania,Campania,5801692,147491,2.54,0.18
1255,2021-04-03,CAM,21106,10310,10796,203,50,185,558,106,5970,4524,8849,207,454,18730,2376,ITF,ITF3,15,Campania,Campania,5801692,168597,2.91,0.36
1256,2021-02-08,CAM,5112,2449,2663,1387,320,226,0,327,180,1436,0,0,1236,4310,802,ITF,ITF3,15,Campania,Campania,5801692,173709,2.99,0.09
1257,2021-01-16,CAM,3369,1675,1694,1355,230,373,0,231,63,32,0,0,1085,3369,0,ITF,ITF3,15,Campania,Campania,5801692,177078,3.05,0.06
1258,2021-04-01,CAM,24305,11665,12640,416,63,83,1626,170,4315,7021,9396,572,643,20174,4131,ITF,ITF3,15,Campania,Campania,5801692,201383,3.47,0.42
1259,2021-03-13,CAM,14252,6793,7459,404,136,193,3685,84,27,6717,0,2322,684,8967,5285,ITF,ITF3,15,Campania,Campania,5801692,215635,3.72,0.25
1260,2021-01-06,CAM,7652,3749,3903,5781,838,300,0,116,29,4,0,0,584,7652,0,ITF,ITF3,15,Campania,Campania,5801692,223287,3.85,0.13
1261,2021-03-16,CAM,8088,3519,4569,289,61,60,114,47,85,6876,235,29,292,3774,4314,ITF,ITF3,15,Campania,Campania,5801692,231375,3.99,0.14
1262,2021-03-12,CAM,14247,7095,7152,1022,156,82,2802,114,56,6606,0,2438,971,8164,6083,ITF,ITF3,15,Campania,Campania,5801692,245622,4.23,0.25
1263,2021-04-15,CAM,34294,16644,17650,313,46,21,318,4261,7018,6153,15608,121,435,24421,9873,ITF,ITF3,15,Campania,Campania,5801692,279916,4.82,0.59
1264,2020-12-27,CAM,720,422,298,703,14,0,0,0,1,0,0,0,2,720,0,ITF,ITF3,15,Campania,Campania,5801692,280636,4.84,0.01
1265,2021-04-18,CAM,27159,13263,13896,108,23,7,240,3940,5519,5346,11734,84,158,18265,8894,ITF,ITF3,15,Campania,Campania,5801692,307795,5.31,0.47
1266,2021-01-29,CAM,10052,4812,5240,6405,1052,259,0,307,75,19,0,0,1935,47,10005,ITF,ITF3,15,Campania,Campania,5801692,317847,5.48,0.17
1267,2021-04-12,CAM,23302,10920,12382,149,64,70,217,1027,10306,3270,7759,129,311,20265,3037,ITF,ITF3,15,Campania,Campania,5801692,341149,5.88,0.4
1268,2021-02-17,CAM,7388,3210,4178,1013,208,38,362,129,70,4913,0,0,655,6328,1060,ITF,ITF3,15,Campania,Campania,5801692,348537,6.01,0.13
1269,2021-02-16,CAM,5435,2410,3025,983,276,169,1,118,43,3189,0,0,656,4664,771,ITF,ITF3,15,Campania,Campania,5801692,353972,6.1,0.09
1270,2021-04-21,CAM,30278,14738,15540,103,43,6,266,5935,7879,3779,11925,104,238,18060,12218,ITF,ITF3,15,Campania,Campania,5801692,384250,6.62,0.52
1271,2021-01-25,CAM,5744,2926,2818,4743,644,56,0,46,13,2,0,0,240,164,5580,ITF,ITF3,15,Campania,Campania,5801692,389994,6.72,0.1
1272,2021-02-27,CAM,13943,4471,9472,825,290,82,8311,245,112,3184,0,0,894,12301,1642,ITF,ITF3,15,Campania,Campania,5801692,403937,6.96,0.24
1273,2021-01-09,CAM,10566,5024,5542,6759,1256,269,0,253,64,21,0,0,1944,10566,0,ITF,ITF3,15,Campania,Campania,5801692,414503,7.14,0.18
1274,2021-04-24,CAM,36297,17518,18779,147,36,7,371,4560,8223,4164,18177,148,464,25065,11232,ITF,ITF3,15,Campania,Campania,5801692,450800,7.77,0.63
1275,2021-02-18,CAM,9079,3811,5268,1752,241,89,438,142,57,5561,0,1,798,8371,708,ITF,ITF3,15,Campania,Campania,5801692,459879,7.93,0.16
1276,2021-01-08,CAM,10456,4969,5487,6715,1147,212,0,309,80,18,0,0,1975,10456,0,ITF,ITF3,15,Campania,Campania,5801692,470335,8.11,0.18
1277,2021-04-11,CAM,17522,8607,8915,116,34,2,203,313,5114,1834,9598,82,226,15444,2078,ITF,ITF3,15,Campania,Campania,5801692,487857,8.41,0.3
1278,2021-04-29,CAM,41268,20001,21267,267,106,76,674,7035,7485,3623,19968,344,1690,24810,16458,ITF,ITF3,15,Campania,Campania,5801692,529125,9.12,0.71
1279,2021-02-25,CAM,12422,4479,7943,803,119,124,4805,144,81,5692,0,0,654,11234,1188,ITF,ITF3,15,Campania,Campania,5801692,541547,9.33,0.21
1280,2021-01-14,CAM,7073,2977,4096,3707,1264,350,0,206,61,14,0,0,1471,7073,0,ITF,ITF3,15,Campania,Campania,5801692,548620,9.46,0.12
1281,2021-02-20,CAM,8564,3079,5485,1023,158,145,1966,57,13,4588,0,0,614,8261,303,ITF,ITF3,15,Campania,Campania,5801692,557184,9.6,0.15
1282,2021-04-27,CAM,32074,15570,16504,228,270,36,456,6666,6227,2853,14052,279,1007,24165,7909,ITF,ITF3,15,Campania,Campania,5801692,589258,10.16,0.55
1283,2021-01-26,CAM,7340,3726,3614,5775,847,231,0,87,27,5,0,0,368,353,6987,ITF,ITF3,15,Campania,Campania,5801692,596598,10.28,0.13
1284,2021-02-14,CAM,3924,1921,2003,626,102,15,0,130,122,2472,0,0,457,3890,34,ITF,ITF3,15,Campania,Campania,5801692,600522,10.35,0.07
1285,2021-04-13,CAM,26597,12676,13921,226,69,97,244,2700,11288,4203,7135,135,500,21069,5528,ITF,ITF3,15,Campania,Campania,5801692,627119,10.81,0.46
1286,2021-03-14,CAM,8505,3721,4784,328,115,2,2018,56,27,4563,0,975,421,4367,4138,ITF,ITF3,15,Campania,Campania,5801692,635624,10.96,0.15
1287,2021-02-10,CAM,6904,3413,3491,1945,284,98,0,448,235,2218,0,0,1676,6728,176,ITF,ITF3,15,Campania,Campania,5801692,642528,11.07,0.12
1288,2021-05-03,CAM,13352,6352,7000,71,19,31,116,1877,3549,1003,5835,190,661,6746,6606,ITF,ITF3,15,Campania,Campania,5801692,655880,11.3,0.23
1289,2021-02-06,CAM,5341,2665,2676,1990,520,459,0,427,176,58,0,0,1711,2103,3238,ITF,ITF3,15,Campania,Campania,5801692,661221,11.4,0.09
1290,2021-01-10,CAM,8165,3736,4429,5179,1010,97,0,232,62,13,0,0,1572,8165,0,ITF,ITF3,15,Campania,Campania,5801692,669386,11.54,0.14
1291,2021-04-20,CAM,32094,15545,16549,152,40,199,332,7679,7198,4717,11293,142,342,20773,11321,ITF,ITF3,15,Campania,Campania,5801692,701480,12.09,0.55
1292,2021-01-05,CAM,7236,3637,3599,5809,923,106,0,68,20,4,0,0,306,7236,0,ITF,ITF3,15,Campania,Campania,5801692,708716,12.22,0.12
1293,2021-01-30,CAM,10721,5079,5642,6930,1278,227,0,251,68,18,0,0,1949,39,10682,ITF,ITF3,15,Campania,Campania,5801692,719437,12.4,0.18
1294,2021-04-25,CAM,30685,15164,15521,343,104,5,200,8496,5521,2241,13360,89,326,25300,5385,ITF,ITF3,15,Campania,Campania,5801692,750122,12.93,0.53
1295,2021-04-23,CAM,32322,15514,16808,161,42,69,319,5736,6225,3796,15470,181,323,23188,9134,ITF,ITF3,15,Campania,Campania,5801692,782444,13.49,0.56
1296,2021-02-05,CAM,7261,3463,3798,3447,995,308,0,348,140,35,0,0,1988,2133,5128,ITF,ITF3,15,Campania,Campania,5801692,789705,13.61,0.13
1297,2021-01-11,CAM,4072,1871,2201,2386,681,252,0,111,28,14,0,0,600,4072,0,ITF,ITF3,15,Campania,Campania,5801692,793777,13.68,0.07
1298,2021-04-16,CAM,34284,16546,17738,236,50,108,314,3195,6274,6624,16838,277,368,23630,10654,ITF,ITF3,15,Campania,Campania,5801692,828061,14.27,0.59
1299,2021-05-02,CAM,43453,21517,21936,130,37,5,305,7582,6672,1846,17086,213,9577,32149,11304,ITF,ITF3,15,Campania,Campania,5801692,871514,15.02,0.75
1300,2021-03-27,CAM,21275,10028,11247,356,39,63,1957,88,4053,7142,6936,210,431,17412,3863,ITF,ITF3,15,Campania,Campania,5801692,892789,15.39,0.37
1301,2021-03-22,CAM,12744,5922,6822,309,762,72,2470,80,3639,3502,588,922,400,10706,2038,ITF,ITF3,15,Campania,Campania,5801692,905533,15.61,0.22
1302,2021-03-17,CAM,11586,5096,6490,490,134,49,137,55,158,10009,141,43,370,5007,6579,ITF,ITF3,15,Campania,Campania,5801692,917119,15.81,0.2
1303,2021-03-01,CAM,12122,4245,7877,1153,319,147,5786,304,181,3104,0,0,1128,8011,4111,ITF,ITF3,15,Campania,Campania,5801692,929241,16.02,0.21
1304,2021-02-04,CAM,7943,3429,4514,3965,1245,292,0,328,140,25,0,0,1948,1308,6635,ITF,ITF3,15,Campania,Campania,5801692,937184,16.15,0.14
1305,2021-03-31,CAM,22677,10902,11775,340,85,111,1164,143,7471,5176,7334,307,546,19239,3438,ITF,ITF3,15,Campania,Campania,5801692,959861,16.54,0.39
1306,2021-03-02,CAM,12745,4550,8195,1294,197,147,5899,365,225,3279,0,2,1337,8402,4343,ITF,ITF3,15,Campania,Campania,5801692,972606,16.76,0.22
1307,2021-01-23,CAM,3838,2028,1810,3161,343,69,0,40,8,0,0,0,217,273,3565,ITF,ITF3,15,Campania,Campania,5801692,976444,16.83,0.07
1308,2021-02-09,CAM,4643,2202,2441,1148,178,6,0,356,211,1381,0,0,1363,4391,252,ITF,ITF3,15,Campania,Campania,5801692,981087,16.91,0.08
1309,2021-02-15,CAM,5470,2516,2954,987,238,94,1,98,64,3403,1,1,583,5297,173,ITF,ITF3,15,Campania,Campania,5801692,986557,17.0,0.09
1310,2021-03-28,CAM,15548,7497,8051,79,156,18,679,55,3590,5102,5532,165,172,13925,1623,ITF,ITF3,15,Campania,Campania,5801692,1002105,17.27,0.27
1311,2021-02-24,CAM,11767,4146,7621,845,194,145,4189,45,24,5963,1,0,361,11079,688,ITF,ITF3,15,Campania,Campania,5801692,1013872,17.48,0.2
1312,2021-04-06,CAM,24381,11420,12961,306,116,141,1555,101,10173,5375,5994,208,412,19864,4517,ITF,ITF3,15,Campania,Campania,5801692,1038253,17.9,0.42
1313,2021-02-28,CAM,10411,3206,7205,496,116,22,5496,302,139,2261,0,0,1579,8511,1900,ITF,ITF3,15,Campania,Campania,5801692,1048664,18.08,0.18
1314,2021-02-07,CAM,2929,1382,1547,706,189,225,0,260,155,342,0,0,1052,2158,771,ITF,ITF3,15,Campania,Campania,5801692,1051593,18.13,0.05
1315,2020-12-31,CAM,1490,811,679,1273,150,1,0,11,2,0,0,0,53,1490,0,ITF,ITF3,15,Campania,Campania,5801692,1053083,18.15,0.03
1316,2021-03-20,CAM,13894,6433,7461,295,43,35,2883,76,1677,6516,772,1020,577,10155,3739,ITF,ITF3,15,Campania,Campania,5801692,1066977,18.39,0.24
1317,2021-04-26,CAM,33890,16588,17302,216,140,4,165,8369,4157,2322,18044,148,325,28274,5616,ITF,ITF3,15,Campania,Campania,5801692,1100867,18.97,0.58
1318,2021-01-17,CAM,1155,551,604,718,54,151,0,22,7,3,0,0,200,702,453,ITF,ITF3,15,Campania,Campania,5801692,1102022,18.99,0.02
1319,2021-02-21,CAM,5833,2239,3594,780,45,22,508,56,14,3871,0,0,537,5608,225,ITF,ITF3,15,Campania,Campania,5801692,1107855,19.1,0.1
1320,2021-03-19,CAM,11030,4868,6162,392,68,21,853,70,134,8441,474,138,439,7161,3869,ITF,ITF3,15,Campania,Campania,5801692,1118885,19.29,0.19
1321,2021-01-21,CAM,2093,1116,977,1379,153,75,0,95,32,22,0,0,337,677,1416,ITF,ITF3,15,Campania,Campania,5801692,1120978,19.32,0.04
1322,2021-03-29,CAM,18950,9134,9816,362,51,129,1198,83,4477,5050,6846,304,450,17406,1544,ITF,ITF3,15,Campania,Campania,5801692,1139928,19.65,0.33
1323,2021-02-26,CAM,13327,4228,9099,951,127,220,7829,130,65,3422,0,1,582,11992,1335,ITF,ITF3,15,Campania,Campania,5801692,1153255,19.88,0.23
1324,2021-03-18,CAM,12163,5376,6787,460,79,34,459,72,260,9973,231,99,496,5975,6188,ITF,ITF3,15,Campania,Campania,5801692,1165418,20.09,0.21
1325,2021-03-05,CAM,16475,6347,10128,1683,243,64,5787,320,141,6364,0,4,1869,9815,6660,ITF,ITF3,15,Campania,Campania,5801692,1181893,20.37,0.28
1326,2021-01-07,CAM,8910,4166,4744,6313,1087,332,0,193,29,11,0,0,945,8910,0,ITF,ITF3,15,Campania,Campania,5801692,1190803,20.53,0.15
1327,2021-03-06,CAM,16304,6750,9554,993,135,173,5486,250,170,7145,0,1105,847,10637,5667,ITF,ITF3,15,Campania,Campania,5801692,1207107,20.81,0.28
1328,2021-04-22,CAM,33911,16513,17398,226,53,21,306,5244,6685,5071,15842,135,328,21517,12394,ITF,ITF3,15,Campania,Campania,5801692,1241018,21.39,0.58
1329,2021-04-30,CAM,42122,20071,22051,314,67,68,1043,6337,8478,3510,19030,529,2746,25766,16356,ITF,ITF3,15,Campania,Campania,5801692,1283140,22.12,0.73
1330,2021-03-03,CAM,13916,5492,8424,2088,240,156,4232,469,251,4809,0,4,1667,7287,6629,ITF,ITF3,15,Campania,Campania,5801692,1297056,22.36,0.24
1331,2021-04-17,CAM,36168,17497,18671,217,41,7,433,4708,6964,6358,16960,140,340,24644,11524,ITF,ITF3,15,Campania,Campania,5801692,1333224,22.98,0.62
1332,2021-03-10,CAM,15241,7375,7866,705,246,26,2468,121,44,8441,1,2345,844,8411,6830,ITF,ITF3,15,Campania,Campania,5801692,1348465,23.24,0.26
1333,2021-03-21,CAM,9982,4592,5390,168,28,17,1677,46,3787,2935,762,383,179,7593,2389,ITF,ITF3,15,Campania,Campania,5801692,1358447,23.41,0.17
1334,2021-03-08,CAM,14535,6715,7820,888,248,70,4957,156,78,4873,0,2275,990,9760,4775,ITF,ITF3,15,Campania,Campania,5801692,1372982,23.67,0.25
1335,2021-02-23,CAM,10995,3385,7610,520,87,295,5939,57,30,3760,0,0,307,10469,526,ITF,ITF3,15,Campania,Campania,5801692,1383977,23.85,0.19
1336,2021-01-22,CAM,1523,775,748,970,120,209,0,28,6,4,0,0,186,673,850,ITF,ITF3,15,Campania,Campania,5801692,1385500,23.88,0.03
1337,2021-02-12,CAM,6528,2860,3668,1885,306,208,4,160,69,3062,0,0,834,6342,186,ITF,ITF3,15,Campania,Campania,5801692,1392028,23.99,0.11
1338,2021-03-04,CAM,14648,5349,9299,1901,305,136,4835,302,98,5595,0,1,1475,8755,5893,ITF,ITF3,15,Campania,Campania,5801692,1406676,24.25,0.25
1339,2021-03-23,CAM,15331,7055,8276,359,491,181,3292,160,2743,4739,2113,577,676,12826,2505,ITF,ITF3,15,Campania,Campania,5801692,1422007,24.51,0.26
1340,2021-03-24,CAM,17618,8081,9537,410,99,70,2442,111,1943,6725,4802,621,395,14667,2951,ITF,ITF3,15,Campania,Campania,5801692,1439625,24.81,0.3
1341,2021-01-24,CAM,4128,2123,2005,3140,410,166,0,46,10,0,0,0,356,383,3745,ITF,ITF3,15,Campania,Campania,5801692,1443753,24.89,0.07
1342,2021-03-25,CAM,19996,9339,10657,308,52,8,2483,124,2563,7454,6029,396,579,16494,3502,ITF,ITF3,15,Campania,Campania,5801692,1463749,25.23,0.34
1343,2021-02-13,CAM,5509,2550,2959,960,114,131,2,160,127,3622,0,0,393,5292,217,ITF,ITF3,15,Campania,Campania,5801692,1469258,25.32,0.09
1344,2021-04-19,CAM,30458,14747,15711,177,51,91,241,7794,5423,5106,11191,121,263,18895,11563,ITF,ITF3,15,Campania,Campania,5801692,1499716,25.85,0.52
1345,2021-02-01,CAM,3985,1813,2172,2504,656,152,0,102,26,14,0,0,531,110,3875,ITF,ITF3,15,Campania,Campania,5801692,1503701,25.92,0.07
1346,2021-01-02,CAM,3673,1962,1711,3167,340,0,0,22,8,0,0,0,136,3673,0,ITF,ITF3,15,Campania,Campania,5801692,1507374,25.98,0.06
1347,2021-01-20,CAM,1257,650,607,395,146,101,0,101,100,17,0,0,397,1257,0,ITF,ITF3,15,Campania,Campania,5801692,1508631,26.0,0.02
1348,2021-03-09,CAM,13838,6619,7219,797,276,184,4187,177,49,4512,1,2515,1140,10057,3781,ITF,ITF3,15,Campania,Campania,5801692,1522469,26.24,0.24
1349,2021-04-05,CAM,11635,5542,6093,141,23,6,432,31,2455,2878,5306,111,252,9213,2422,ITF,ITF3,15,Campania,Campania,5801692,1534104,26.44,0.2
1350,2021-01-27,CAM,7738,3820,3918,5839,875,270,0,118,32,4,0,0,600,163,7575,ITF,ITF3,15,Campania,Campania,5801692,1541842,26.58,0.13
1351,2021-01-31,CAM,8066,3711,4355,5106,1012,67,0,238,61,12,0,0,1570,23,8043,ITF,ITF3,15,Campania,Campania,5801692,1549908,26.71,0.14
1352,2021-01-19,CAM,1095,474,621,534,129,171,0,36,7,1,0,0,217,1092,3,ITF,ITF3,15,Campania,Campania,5801692,1551003,26.73,0.02
1353,2021-03-11,CAM,17573,8665,8908,1049,295,105,2834,180,87,8955,0,2956,1112,10297,7276,ITF,ITF3,15,Campania,Campania,5801692,1568576,27.04,0.3
1354,2021-01-28,CAM,8833,4122,4711,6216,1094,347,0,190,32,12,0,0,942,135,8698,ITF,ITF3,15,Campania,Campania,5801692,1577409,27.19,0.15
1355,2021-01-04,CAM,5826,2963,2863,4850,679,0,0,45,5,1,0,0,246,5826,0,ITF,ITF3,15,Campania,Campania,5801692,1583235,27.29,0.1
1356,2021-04-09,CAM,29810,13949,15861,261,74,39,958,183,9292,7321,10728,353,601,23694,6116,ITF,ITF3,15,Campania,Campania,5801692,1613045,27.8,0.51
1357,2021-02-02,CAM,5722,2804,2918,3640,828,354,0,140,50,22,0,0,688,443,5279,ITF,ITF3,15,Campania,Campania,5801692,1618767,27.9,0.1
1358,2021-03-15,CAM,12936,6087,6849,821,142,78,2561,82,1445,6287,12,1065,443,8191,4745,ITF,ITF3,15,Campania,Campania,5801692,1631703,28.12,0.22
1359,2021-02-03,CAM,8902,4002,4900,4736,1101,714,0,295,74,34,0,0,1948,878,8024,ITF,ITF3,15,Campania,Campania,5801692,1640605,28.28,0.15
1360,2021-04-08,CAM,28266,13636,14630,283,131,58,1040,135,6668,7227,11878,401,445,22431,5835,ITF,ITF3,15,Campania,Campania,5801692,1668871,28.77,0.49
1361,2021-01-15,CAM,4980,2381,2599,2740,832,191,0,159,72,22,0,0,964,4980,0,ITF,ITF3,15,Campania,Campania,5801692,1673851,28.85,0.09
1362,2021-04-14,CAM,27637,13328,14309,268,55,22,268,3203,11170,5110,7059,133,349,19074,8563,ITF,ITF3,15,Campania,Campania,5801692,1701488,29.33,0.48
1363,2021-01-03,CAM,3837,2009,1828,3191,401,0,0,31,6,0,0,0,208,3837,0,ITF,ITF3,15,Campania,Campania,5801692,1705325,29.39,0.07
1364,2021-05-01,CAM,46262,22632,23630,161,60,1,636,6334,6261,3641,22205,319,6644,30169,16093,ITF,ITF3,15,Campania,Campania,5801692,1751587,30.19,0.8
1365,2021-03-07,CAM,11911,5344,6567,533,110,85,4351,158,134,4030,0,1953,557,8070,3841,ITF,ITF3,15,Campania,Campania,5801692,1763498,30.4,0.21
1366,2021-03-30,CAM,21723,10271,11452,278,47,182,1836,155,5858,5685,6765,284,633,18767,2956,ITF,ITF3,15,Campania,Campania,5801692,1785221,30.77,0.37
1367,2021-01-13,CAM,8019,3665,4354,4350,1031,587,0,267,65,30,0,0,1689,8019,0,ITF,ITF3,15,Campania,Campania,5801692,1793240,30.91,0.14
1368,2021-04-07,CAM,24735,11769,12966,347,206,62,1043,135,7508,6622,7999,274,539,20013,4722,ITF,ITF3,15,Campania,Campania,5801692,1817975,31.34,0.43
1369,2021-01-31,LAZ,4409,1830,2579,3572,142,244,0,57,43,153,0,0,198,426,3983,ITI,ITI4,12,Lazio,Lazio,5879082,4409,0.07,0.07
1370,2021-01-26,LAZ,7908,3096,4812,6593,219,631,0,81,44,154,0,0,186,677,7231,ITI,ITI4,12,Lazio,Lazio,5879082,12317,0.21,0.13
1371,2021-02-13,LAZ,6543,2591,3952,2125,100,280,0,58,69,3710,0,0,201,6194,349,ITI,ITI4,12,Lazio,Lazio,5879082,18860,0.32,0.11
1372,2021-03-18,LAZ,14217,6073,8144,1025,94,330,6,378,1038,9671,1285,15,375,7828,6389,ITI,ITI4,12,Lazio,Lazio,5879082,33077,0.56,0.24
1373,2021-04-13,LAZ,25227,11688,13539,730,109,289,55,4877,8076,7787,2876,23,405,17544,7683,ITI,ITI4,12,Lazio,Lazio,5879082,58304,0.99,0.43
1374,2021-01-27,LAZ,6079,2362,3717,4797,228,457,0,99,50,148,0,0,300,962,5117,ITI,ITI4,12,Lazio,Lazio,5879082,64383,1.1,0.1
1375,2021-02-10,LAZ,8127,3366,4761,2647,278,634,0,95,79,4044,0,0,350,4846,3281,ITI,ITI4,12,Lazio,Lazio,5879082,72510,1.23,0.14
1376,2021-02-25,LAZ,12652,5517,7135,1754,440,489,2611,139,117,5234,1,1423,444,11603,1049,ITI,ITI4,12,Lazio,Lazio,5879082,85162,1.45,0.22
1377,2021-03-08,LAZ,20004,8288,11716,1578,135,380,4709,930,271,9234,906,1102,759,14733,5271,ITI,ITI4,12,Lazio,Lazio,5879082,105166,1.79,0.34
1378,2021-04-08,LAZ,26498,12080,14418,1227,93,186,59,3590,9042,8436,2520,162,1183,18834,7664,ITI,ITI4,12,Lazio,Lazio,5879082,131664,2.24,0.45
1379,2021-03-02,LAZ,16899,7374,9525,1477,362,229,3754,462,96,8226,328,1278,687,12966,3933,ITI,ITI4,12,Lazio,Lazio,5879082,148563,2.53,0.29
1380,2021-01-10,LAZ,4039,1700,2339,3424,160,252,0,35,27,24,0,0,117,4039,0,ITI,ITI4,12,Lazio,Lazio,5879082,152602,2.6,0.07
1381,2021-01-20,LAZ,4763,1919,2844,3282,233,427,0,90,58,367,0,0,306,3220,1543,ITI,ITI4,12,Lazio,Lazio,5879082,157365,2.68,0.08
1382,2021-04-20,LAZ,30616,14061,16555,688,137,230,75,7330,10117,7930,3662,32,415,19443,11173,ITI,ITI4,12,Lazio,Lazio,5879082,187981,3.2,0.52
1383,2021-01-24,LAZ,5664,2214,3450,4945,132,134,0,55,98,166,0,0,134,582,5082,ITI,ITI4,12,Lazio,Lazio,5879082,193645,3.29,0.1
1384,2021-03-15,LAZ,19253,8321,10932,1603,136,411,2526,708,1675,9759,813,964,658,12517,6736,ITI,ITI4,12,Lazio,Lazio,5879082,212898,3.62,0.33
1385,2021-01-28,LAZ,8236,3142,5094,6811,381,514,0,103,36,146,0,0,245,740,7496,ITI,ITI4,12,Lazio,Lazio,5879082,221134,3.76,0.14
1386,2021-04-07,LAZ,24860,11257,13603,1135,89,190,94,2826,8835,8431,2080,117,1063,17606,7254,ITI,ITI4,12,Lazio,Lazio,5879082,245994,4.18,0.42
1387,2021-01-30,LAZ,6916,2838,4078,5299,283,651,0,109,67,184,0,0,323,714,6202,ITI,ITI4,12,Lazio,Lazio,5879082,252910,4.3,0.12
1388,2021-04-14,LAZ,28895,13125,15770,656,85,148,82,5015,9671,9058,3711,19,450,18820,10075,ITI,ITI4,12,Lazio,Lazio,5879082,281805,4.79,0.49
1389,2021-01-11,LAZ,5526,2103,3423,4553,311,569,0,12,9,14,0,0,58,5526,0,ITI,ITI4,12,Lazio,Lazio,5879082,287331,4.89,0.09
1390,2021-03-07,LAZ,14073,5424,8649,1000,27,148,3533,311,137,7465,405,697,350,10483,3590,ITI,ITI4,12,Lazio,Lazio,5879082,301404,5.13,0.24
1391,2021-04-19,LAZ,29840,13578,16262,629,107,157,37,6855,9920,8270,3361,43,461,19241,10599,ITI,ITI4,12,Lazio,Lazio,5879082,331244,5.63,0.51
1392,2021-01-13,LAZ,5665,2143,3522,4147,273,1009,0,38,12,26,0,0,160,5665,0,ITI,ITI4,12,Lazio,Lazio,5879082,336909,5.73,0.1
1393,2021-02-22,LAZ,11434,4979,6455,1779,130,473,2222,36,30,5276,1,1390,97,10932,502,ITI,ITI4,12,Lazio,Lazio,5879082,348343,5.93,0.19
1394,2021-02-24,LAZ,12030,5192,6838,1799,434,337,2400,75,64,5245,0,1327,349,11036,994,ITI,ITI4,12,Lazio,Lazio,5879082,360373,6.13,0.2
1395,2021-04-10,LAZ,23716,10278,13438,674,59,111,86,3934,7262,7853,3210,31,496,16549,7167,ITI,ITI4,12,Lazio,Lazio,5879082,384089,6.53,0.4
1396,2021-03-22,LAZ,21561,8988,12573,883,80,245,3861,421,4367,9333,1380,558,433,14971,6590,ITI,ITI4,12,Lazio,Lazio,5879082,405650,6.9,0.37
1397,2021-03-16,LAZ,13532,5729,7803,1194,70,280,6,215,849,9684,860,9,365,7090,6442,ITI,ITI4,12,Lazio,Lazio,5879082,419182,7.13,0.23
1398,2020-12-30,LAZ,1630,629,1001,1603,0,27,0,0,0,0,0,0,0,1630,0,ITI,ITI4,12,Lazio,Lazio,5879082,420812,7.16,0.03
1399,2021-01-17,LAZ,4798,1971,2827,3243,148,177,0,54,77,896,0,0,203,4586,212,ITI,ITI4,12,Lazio,Lazio,5879082,425610,7.24,0.08
1400,2021-04-26,LAZ,28848,13250,15598,974,83,336,57,7285,11209,5631,2649,429,195,19671,9177,ITI,ITI4,12,Lazio,Lazio,5879082,454458,7.73,0.49
1401,2021-04-09,LAZ,27049,12131,14918,848,148,163,70,4177,8852,8600,2886,155,1150,18845,8204,ITI,ITI4,12,Lazio,Lazio,5879082,481507,8.19,0.46
1402,2021-04-02,LAZ,28047,13087,14960,1167,114,166,197,3262,9011,9401,3365,291,1073,20735,7312,ITI,ITI4,12,Lazio,Lazio,5879082,509554,8.67,0.48
1403,2021-03-20,LAZ,18202,6803,11399,909,148,360,3047,397,2115,9117,1473,214,422,12320,5882,ITI,ITI4,12,Lazio,Lazio,5879082,527756,8.98,0.31
1404,2021-04-28,LAZ,32482,14852,17630,2018,166,68,94,7965,11172,5867,4218,329,585,21033,11449,ITI,ITI4,12,Lazio,Lazio,5879082,560238,9.53,0.55
1405,2020-12-29,LAZ,488,176,312,486,2,0,0,0,0,0,0,0,0,488,0,ITI,ITI4,12,Lazio,Lazio,5879082,560726,9.54,0.01
1406,2021-03-28,LAZ,18814,7536,11278,550,22,77,2606,1389,4235,8571,961,139,264,13505,5309,ITI,ITI4,12,Lazio,Lazio,5879082,579540,9.86,0.32
1407,2021-01-09,LAZ,6294,2561,3733,5116,240,620,0,61,41,39,0,0,177,6294,0,ITI,ITI4,12,Lazio,Lazio,5879082,585834,9.96,0.11
1408,2021-01-05,LAZ,7371,2802,4569,6691,98,577,0,1,1,1,0,1,1,7371,0,ITI,ITI4,12,Lazio,Lazio,5879082,593205,10.09,0.13
1409,2021-03-19,LAZ,17172,7334,9838,1160,149,389,1006,399,2074,9694,1488,267,546,10850,6322,ITI,ITI4,12,Lazio,Lazio,5879082,610377,10.38,0.29
1410,2020-12-28,LAZ,959,412,547,957,2,0,0,0,0,0,0,0,0,959,0,ITI,ITI4,12,Lazio,Lazio,5879082,611336,10.4,0.02
1411,2021-05-01,LAZ,37524,16916,20608,1627,249,44,48,10737,11552,3784,3601,74,5808,25778,11746,ITI,ITI4,12,Lazio,Lazio,5879082,648860,11.04,0.64
1412,2021-02-07,LAZ,4898,1990,2908,3252,139,218,1,84,92,893,0,0,219,386,4512,ITI,ITI4,12,Lazio,Lazio,5879082,653758,11.12,0.08
1413,2021-02-08,LAZ,9709,4132,5577,3789,430,918,0,133,98,3826,0,0,515,4506,5203,ITI,ITI4,12,Lazio,Lazio,5879082,663467,11.29,0.17
1414,2021-03-29,LAZ,23880,10726,13154,769,94,143,803,1553,7481,9778,2417,368,474,16877,7003,ITI,ITI4,12,Lazio,Lazio,5879082,687347,11.69,0.41
1415,2021-02-27,LAZ,11398,4255,7143,1360,403,515,2703,83,103,4900,12,1120,199,10443,955,ITI,ITI4,12,Lazio,Lazio,5879082,698745,11.89,0.19
1416,2021-01-22,LAZ,3954,1605,2349,3380,76,70,0,51,21,165,0,0,191,439,3515,ITI,ITI4,12,Lazio,Lazio,5879082,702699,11.95,0.07
1417,2021-03-05,LAZ,18728,7919,10809,1787,180,256,3970,1078,188,8584,562,1323,800,13997,4731,ITI,ITI4,12,Lazio,Lazio,5879082,721427,12.27,0.32
1418,2021-04-18,LAZ,23635,10492,13143,446,23,37,26,6110,7881,7071,1857,11,173,16021,7614,ITI,ITI4,12,Lazio,Lazio,5879082,745062,12.67,0.4
1419,2021-03-21,LAZ,17833,6821,11012,1148,33,111,3436,115,3156,8279,1233,118,204,12784,5049,ITI,ITI4,12,Lazio,Lazio,5879082,762895,12.98,0.3
1420,2021-02-04,LAZ,6275,2459,3816,4460,358,892,0,105,68,119,0,0,273,982,5293,ITI,ITI4,12,Lazio,Lazio,5879082,769170,13.08,0.11
1421,2021-04-06,LAZ,23812,10615,13197,1119,88,94,167,2632,8562,8194,1924,234,798,16728,7084,ITI,ITI4,12,Lazio,Lazio,5879082,792982,13.49,0.41
1422,2021-03-10,LAZ,21948,9452,12496,1890,177,452,4617,2210,546,9061,913,1179,903,16304,5644,ITI,ITI4,12,Lazio,Lazio,5879082,814930,13.86,0.37
1423,2021-04-24,LAZ,32678,14647,18031,697,97,152,93,8479,10972,7175,3895,550,568,20284,12394,ITI,ITI4,12,Lazio,Lazio,5879082,847608,14.42,0.56
1424,2021-02-18,LAZ,9956,4943,5013,2162,111,473,1,160,60,4980,0,1665,344,9187,769,ITI,ITI4,12,Lazio,Lazio,5879082,857564,14.59,0.17
1425,2021-02-19,LAZ,9987,5044,4943,2170,105,408,34,93,93,5132,0,1636,316,9202,785,ITI,ITI4,12,Lazio,Lazio,5879082,867551,14.76,0.17
1426,2021-04-17,LAZ,32110,14097,18013,831,101,219,54,7132,9277,9301,4392,10,793,20194,11916,ITI,ITI4,12,Lazio,Lazio,5879082,899661,15.3,0.55
1427,2021-02-14,LAZ,5736,2351,3385,1645,38,127,0,73,121,3498,0,0,234,5294,442,ITI,ITI4,12,Lazio,Lazio,5879082,905397,15.4,0.1
1428,2021-01-14,LAZ,5435,2119,3316,3890,306,811,0,63,37,105,0,0,223,5435,0,ITI,ITI4,12,Lazio,Lazio,5879082,910832,15.49,0.09
1429,2021-04-29,LAZ,37830,16863,20967,3375,437,217,126,9400,11791,5919,5129,310,1126,24865,12965,ITI,ITI4,12,Lazio,Lazio,5879082,948662,16.14,0.64
1430,2021-01-02,LAZ,6705,2630,4075,6269,77,358,0,0,0,0,0,0,1,6705,0,ITI,ITI4,12,Lazio,Lazio,5879082,955367,16.25,0.11
1431,2021-03-09,LAZ,20837,8927,11910,1904,113,338,4617,1505,333,9103,1060,1230,634,15642,5195,ITI,ITI4,12,Lazio,Lazio,5879082,976204,16.6,0.35
1432,2021-03-04,LAZ,18537,7931,10606,2013,216,507,3905,924,132,8281,429,1322,808,13522,5015,ITI,ITI4,12,Lazio,Lazio,5879082,994741,16.92,0.32
1433,2021-01-04,LAZ,7480,2908,4572,7077,86,316,1,0,0,0,0,0,0,7480,0,ITI,ITI4,12,Lazio,Lazio,5879082,1002221,17.05,0.13
1434,2021-02-01,LAZ,5672,2174,3498,4784,193,559,0,17,27,30,1,0,61,354,5318,ITI,ITI4,12,Lazio,Lazio,5879082,1007893,17.14,0.1
1435,2021-03-11,LAZ,23708,10542,13166,1993,133,440,4437,2759,735,9465,1072,1892,782,17481,6227,ITI,ITI4,12,Lazio,Lazio,5879082,1031601,17.55,0.4
1436,2021-04-23,LAZ,36830,17655,19175,768,156,176,88,8062,12077,7741,5562,673,1527,22040,14790,ITI,ITI4,12,Lazio,Lazio,5879082,1068431,18.17,0.63
1437,2021-01-07,LAZ,7743,2901,4842,6898,182,566,0,16,10,9,0,0,62,7743,0,ITI,ITI4,12,Lazio,Lazio,5879082,1076174,18.31,0.13
1438,2021-02-20,LAZ,9095,4207,4888,1942,123,298,22,109,113,4854,0,1310,324,8416,679,ITI,ITI4,12,Lazio,Lazio,5879082,1085269,18.46,0.15
1439,2021-04-05,LAZ,19736,8973,10763,502,36,29,63,1809,8148,7594,1250,20,285,13559,6177,ITI,ITI4,12,Lazio,Lazio,5879082,1105005,18.8,0.34
1440,2021-05-03,LAZ,5087,2151,2936,493,20,8,9,335,1845,1699,553,1,124,5,5082,ITI,ITI4,12,Lazio,Lazio,5879082,1110092,18.88,0.09
1441,2021-01-03,LAZ,5250,1972,3278,5125,50,65,0,1,4,1,0,0,4,5250,0,ITI,ITI4,12,Lazio,Lazio,5879082,1115342,18.97,0.09
1442,2021-02-06,LAZ,5358,2209,3149,3279,218,680,0,140,151,606,0,0,284,812,4546,ITI,ITI4,12,Lazio,Lazio,5879082,1120700,19.06,0.09
1443,2021-04-16,LAZ,33904,15455,18449,695,140,335,85,6757,10379,9615,4932,53,913,21972,11932,ITI,ITI4,12,Lazio,Lazio,5879082,1154604,19.64,0.58
1444,2021-02-05,LAZ,7246,2942,4304,5095,380,995,0,118,93,252,0,0,313,1173,6073,ITI,ITI4,12,Lazio,Lazio,5879082,1161850,19.76,0.12
1445,2021-03-13,LAZ,21367,8389,12978,1376,120,330,3739,3183,1277,9182,722,856,582,15473,5894,ITI,ITI4,12,Lazio,Lazio,5879082,1183217,20.13,0.36
1446,2021-02-03,LAZ,6442,2455,3987,4621,342,1078,0,63,38,83,0,0,217,952,5490,ITI,ITI4,12,Lazio,Lazio,5879082,1189659,20.24,0.11
1447,2021-03-24,LAZ,25789,11242,14547,1027,103,107,3605,1730,6506,9665,1816,280,950,19567,6222,ITI,ITI4,12,Lazio,Lazio,5879082,1215448,20.67,0.44
1448,2021-03-23,LAZ,23398,10159,13239,1036,101,181,3857,1054,4926,9329,1410,640,864,16877,6521,ITI,ITI4,12,Lazio,Lazio,5879082,1238846,21.07,0.4
1449,2021-01-19,LAZ,4734,1929,2805,2968,223,424,0,115,118,454,0,0,432,4280,454,ITI,ITI4,12,Lazio,Lazio,5879082,1243580,21.15,0.08
1450,2021-01-18,LAZ,6202,2524,3678,3906,388,725,0,113,74,512,0,0,484,5224,978,ITI,ITI4,12,Lazio,Lazio,5879082,1249782,21.26,0.11
1451,2021-03-30,LAZ,25163,11523,13640,1235,96,249,294,2447,7829,9619,2334,378,682,18032,7131,ITI,ITI4,12,Lazio,Lazio,5879082,1274945,21.69,0.43
1452,2021-04-15,LAZ,31450,14101,17349,691,118,333,85,5391,10308,9609,4059,45,811,20717,10733,ITI,ITI4,12,Lazio,Lazio,5879082,1306395,22.22,0.53
1453,2021-03-25,LAZ,26773,11448,15325,934,95,318,3491,2226,6668,9898,1960,234,949,20226,6547,ITI,ITI4,12,Lazio,Lazio,5879082,1333168,22.68,0.46
1454,2021-03-27,LAZ,25916,10347,15569,1307,127,290,3463,2065,5470,9660,2257,204,1073,19490,6426,ITI,ITI4,12,Lazio,Lazio,5879082,1359084,23.12,0.44
1455,2021-05-02,LAZ,32253,14163,18090,1589,140,20,30,9405,10322,2912,2713,45,5077,22978,9275,ITI,ITI4,12,Lazio,Lazio,5879082,1391337,23.67,0.55
1456,2021-01-29,LAZ,7883,3017,4866,6374,262,704,0,88,46,130,0,0,279,764,7119,ITI,ITI4,12,Lazio,Lazio,5879082,1399220,23.8,0.13
1457,2021-02-11,LAZ,6931,2965,3966,2197,179,500,0,76,37,3674,0,0,268,6466,465,ITI,ITI4,12,Lazio,Lazio,5879082,1406151,23.92,0.12
1458,2021-02-28,LAZ,10232,3998,6234,1601,265,77,2599,88,45,4677,5,682,193,9718,514,ITI,ITI4,12,Lazio,Lazio,5879082,1416383,24.09,0.17
1459,2021-01-01,LAZ,3554,1382,2172,3483,2,68,0,0,0,0,0,0,1,3554,0,ITI,ITI4,12,Lazio,Lazio,5879082,1419937,24.15,0.06
1460,2021-03-26,LAZ,28107,12192,15915,1016,119,330,3271,1984,6712,10279,2583,309,1504,21294,6813,ITI,ITI4,12,Lazio,Lazio,5879082,1448044,24.63,0.48
1461,2021-03-12,LAZ,22829,10096,12733,2004,188,400,3948,2396,1172,9643,916,1194,968,16517,6312,ITI,ITI4,12,Lazio,Lazio,5879082,1470873,25.02,0.39
1462,2021-01-23,LAZ,7148,2836,4312,6064,255,417,0,40,47,170,0,0,155,519,6629,ITI,ITI4,12,Lazio,Lazio,5879082,1478021,25.14,0.12
1463,2021-04-04,LAZ,17447,8028,9419,307,40,11,42,1815,7360,6805,877,17,173,12181,5266,ITI,ITI4,12,Lazio,Lazio,5879082,1495468,25.44,0.3
1464,2021-01-12,LAZ,5391,1974,3417,4343,344,584,0,21,11,10,0,0,78,5391,0,ITI,ITI4,12,Lazio,Lazio,5879082,1500859,25.53,0.09
1465,2021-01-16,LAZ,5609,2257,3352,3358,246,1064,0,73,86,545,0,0,237,5609,0,ITI,ITI4,12,Lazio,Lazio,5879082,1506468,25.62,0.1
1466,2021-01-15,LAZ,6540,2684,3856,4498,423,988,0,94,65,194,0,0,278,6540,0,ITI,ITI4,12,Lazio,Lazio,5879082,1513008,25.74,0.11
1467,2021-01-21,LAZ,5542,2309,3233,4781,92,232,0,56,15,167,0,0,199,490,5052,ITI,ITI4,12,Lazio,Lazio,5879082,1518550,25.83,0.09
1468,2021-02-02,LAZ,5878,2198,3680,4712,368,571,0,55,36,33,0,0,103,607,5271,ITI,ITI4,12,Lazio,Lazio,5879082,1524428,25.93,0.1
1469,2021-02-21,LAZ,6933,3151,3782,1245,65,51,16,87,93,4579,0,607,190,6522,411,ITI,ITI4,12,Lazio,Lazio,5879082,1531361,26.05,0.12
1470,2021-04-01,LAZ,28026,12847,15179,1128,111,284,256,2979,8985,9718,3288,340,937,20892,7134,ITI,ITI4,12,Lazio,Lazio,5879082,1559387,26.52,0.48
1471,2020-12-27,LAZ,272,131,141,272,0,0,0,0,0,0,0,0,0,272,0,ITI,ITI4,12,Lazio,Lazio,5879082,1559659,26.53,0.0
1472,2021-02-15,LAZ,8034,3558,4476,2447,377,379,0,84,82,4288,0,8,369,7437,597,ITI,ITI4,12,Lazio,Lazio,5879082,1567693,26.67,0.14
1473,2021-04-03,LAZ,24302,10857,13445,842,72,111,214,3083,8230,8591,2200,44,915,17619,6683,ITI,ITI4,12,Lazio,Lazio,5879082,1591995,27.08,0.41
1474,2021-04-30,LAZ,40348,17907,22441,4542,578,80,199,9322,11798,5943,6131,338,1417,26547,13801,ITI,ITI4,12,Lazio,Lazio,5879082,1632343,27.77,0.69
1475,2021-02-26,LAZ,13027,5674,7353,1909,542,352,2740,117,94,5260,4,1385,624,11695,1332,ITI,ITI4,12,Lazio,Lazio,5879082,1645370,27.99,0.22
1476,2021-02-17,LAZ,9134,4573,4561,2282,247,499,1,117,62,4275,0,1345,306,8296,838,ITI,ITI4,12,Lazio,Lazio,5879082,1654504,28.14,0.16
1477,2021-02-12,LAZ,6795,2819,3976,1997,183,302,0,82,41,3833,0,1,356,6432,363,ITI,ITI4,12,Lazio,Lazio,5879082,1661299,28.26,0.12
1478,2021-04-21,LAZ,32582,14816,17766,688,120,135,69,7582,10743,8192,4406,47,600,20295,12287,ITI,ITI4,12,Lazio,Lazio,5879082,1693881,28.81,0.55
1479,2021-01-25,LAZ,8073,3220,4853,7006,218,363,0,61,64,139,0,0,222,733,7340,ITI,ITI4,12,Lazio,Lazio,5879082,1701954,28.95,0.14
1480,2021-03-06,LAZ,18200,7003,11197,1508,119,327,3773,2223,143,8031,583,932,561,13946,4254,ITI,ITI4,12,Lazio,Lazio,5879082,1720154,29.26,0.31
1481,2021-04-11,LAZ,19042,8399,10643,389,30,50,31,3789,6118,6523,2001,14,97,13163,5879,ITI,ITI4,12,Lazio,Lazio,5879082,1739196,29.58,0.32
1482,2021-04-12,LAZ,23380,10503,12877,634,77,101,72,4122,7613,7707,2584,107,363,16505,6875,ITI,ITI4,12,Lazio,Lazio,5879082,1762576,29.98,0.4
1483,2021-03-17,LAZ,13734,5864,7870,1045,100,255,14,289,938,9699,967,7,420,7489,6245,ITI,ITI4,12,Lazio,Lazio,5879082,1776310,30.21,0.23
1484,2021-03-14,LAZ,17054,6598,10456,1162,96,81,3446,452,1099,8439,543,565,1171,11900,5154,ITI,ITI4,12,Lazio,Lazio,5879082,1793364,30.5,0.29
1485,2021-03-01,LAZ,16952,7268,9684,1325,531,385,3579,385,137,8176,390,1406,638,13073,3879,ITI,ITI4,12,Lazio,Lazio,5879082,1810316,30.79,0.29
1486,2021-02-16,LAZ,8354,4055,4299,2060,125,261,1,133,91,4258,0,951,474,7795,559,ITI,ITI4,12,Lazio,Lazio,5879082,1818670,30.93,0.14
1487,2021-01-08,LAZ,7726,2894,4832,6519,196,798,0,36,32,32,0,0,113,7726,0,ITI,ITI4,12,Lazio,Lazio,5879082,1826396,31.07,0.13
1488,2021-03-03,LAZ,17252,7309,9943,1560,211,379,3937,693,117,8193,259,1249,654,12960,4292,ITI,ITI4,12,Lazio,Lazio,5879082,1843648,31.36,0.29
1489,2021-01-06,LAZ,5119,1960,3159,4619,154,320,1,1,4,8,5,1,6,5119,0,ITI,ITI4,12,Lazio,Lazio,5879082,1848767,31.45,0.09
1490,2021-04-25,LAZ,24272,11125,13147,787,23,10,21,7076,9642,5188,1111,152,262,16485,7787,ITI,ITI4,12,Lazio,Lazio,5879082,1873039,31.86,0.41
1491,2021-02-23,LAZ,11048,4758,6290,1897,119,309,1910,65,56,5222,0,1015,455,10318,730,ITI,ITI4,12,Lazio,Lazio,5879082,1884087,32.05,0.19
1492,2021-03-31,LAZ,25997,11984,14013,1012,96,135,255,2515,8136,9624,2835,369,1020,18926,7071,ITI,ITI4,12,Lazio,Lazio,5879082,1910084,32.49,0.44
1493,2021-04-27,LAZ,30256,13658,16598,1474,163,44,78,7546,11073,5773,3310,382,413,19496,10760,ITI,ITI4,12,Lazio,Lazio,5879082,1940340,33.0,0.51
1494,2021-02-09,LAZ,8762,3742,5020,3258,246,548,0,115,119,4058,0,0,418,4579,4183,ITI,ITI4,12,Lazio,Lazio,5879082,1949102,33.15,0.15
1495,2020-12-31,LAZ,5291,2121,3170,4987,20,279,0,1,0,0,0,0,4,5291,0,ITI,ITI4,12,Lazio,Lazio,5879082,1954393,33.24,0.09
1496,2021-04-22,LAZ,37749,18563,19186,860,113,296,77,7890,11696,8159,5074,476,3108,23613,14136,ITI,ITI4,12,Lazio,Lazio,5879082,1992142,33.89,0.64
1497,2021-01-07,PAB,917,327,590,617,107,0,0,25,16,61,0,0,91,917,0,ITH,ITH1,4,Provincia Autonoma Bolzano / Bozen,P.A. Bolzano,533050,917,0.17,0.17
1498,2021-04-23,PAB,4539,2148,2391,230,109,22,15,1791,718,489,1114,27,24,3248,1291,ITH,ITH1,4,Provincia Autonoma Bolzano / Bozen,P.A. Bolzano,533050,5456,1.02,0.85
1499,2021-01-04,PAB,508,201,307,420,49,4,0,6,6,0,0,0,23,508,0,ITH,ITH1,4,Provincia Autonoma Bolzano / Bozen,P.A. Bolzano,533050,5964,1.12,0.1
1500,2021-02-20,PAB,1502,471,1031,196,53,24,729,5,6,477,0,1,11,1484,18,ITH,ITH1,4,Provincia Autonoma Bolzano / Bozen,P.A. Bolzano,533050,7466,1.4,0.28
1501,2021-03-11,PAB,1681,823,858,89,309,79,335,3,14,371,87,379,15,1143,538,ITH,ITH1,4,Provincia Autonoma Bolzano / Bozen,P.A. Bolzano,533050,9147,1.72,0.32
1502,2021-02-01,PAB,1449,439,1010,772,314,295,1,6,0,2,1,1,57,12,1437,ITH,ITH1,4,Provincia Autonoma Bolzano / Bozen,P.A. Bolzano,533050,10596,1.99,0.27
1503,2021-04-05,PAB,301,144,157,4,3,0,1,6,16,62,201,7,1,23,278,ITH,ITH1,4,Provincia Autonoma Bolzano / Bozen,P.A. Bolzano,533050,10897,2.04,0.06
1504,2021-05-02,PAB,2448,1280,1168,81,22,3,60,211,227,49,1494,278,23,1535,913,ITH,ITH1,4,Provincia Autonoma Bolzano / Bozen,P.A. Bolzano,533050,13345,2.5,0.46
1505,2021-02-05,PAB,3195,1181,2014,762,505,440,0,21,12,1381,0,0,74,8,3187,ITH,ITH1,4,Provincia Autonoma Bolzano / Bozen,P.A. Bolzano,533050,16540,3.1,0.6
1506,2021-04-10,PAB,5389,2664,2725,146,54,3,22,183,3270,552,941,197,21,4801,588,ITH,ITH1,4,Provincia Autonoma Bolzano / Bozen,P.A. Bolzano,533050,21929,4.11,1.01
1507,2021-02-06,PAB,2626,1171,1455,452,43,6,1,28,76,1932,0,0,88,19,2607,ITH,ITH1,4,Provincia Autonoma Bolzano / Bozen,P.A. Bolzano,533050,24555,4.61,0.49
1508,2021-04-30,PAB,3305,1580,1725,181,95,33,16,647,614,143,1358,39,179,1531,1774,ITH,ITH1,4,Provincia Autonoma Bolzano / Bozen,P.A. Bolzano,533050,27860,5.23,0.62
1509,2021-02-26,PAB,1525,550,975,62,32,2,333,4,1,1051,2,0,38,1495,30,ITH,ITH1,4,Provincia Autonoma Bolzano / Bozen,P.A. Bolzano,533050,29385,5.51,0.29
1510,2021-03-06,PAB,3969,2079,1890,479,164,7,381,10,19,1981,48,859,21,3758,211,ITH,ITH1,4,Provincia Autonoma Bolzano / Bozen,P.A. Bolzano,533050,33354,6.26,0.74
1511,2021-01-22,PAB,248,143,105,136,8,84,1,4,0,3,1,0,11,124,124,ITH,ITH1,4,Provincia Autonoma Bolzano / Bozen,P.A. Bolzano,533050,33602,6.3,0.05
1512,2021-04-17,PAB,5230,2598,2632,69,12,36,76,2791,1237,99,734,161,15,5186,44,ITH,ITH1,4,Provincia Autonoma Bolzano / Bozen,P.A. Bolzano,533050,38832,7.28,0.98
1513,2021-02-03,PAB,1503,478,1025,666,341,321,0,12,5,72,1,0,85,5,1498,ITH,ITH1,4,Provincia Autonoma Bolzano / Bozen,P.A. Bolzano,533050,40335,7.57,0.28
1514,2021-04-16,PAB,2949,1418,1531,194,36,5,38,1422,616,115,419,98,6,2438,511,ITH,ITH1,4,Provincia Autonoma Bolzano / Bozen,P.A. Bolzano,533050,43284,8.12,0.55
1515,2021-03-13,PAB,2885,1459,1426,168,59,1,20,11,879,1295,58,381,13,2784,101,ITH,ITH1,4,Provincia Autonoma Bolzano / Bozen,P.A. Bolzano,533050,46169,8.66,0.54
1516,2021-01-19,PAB,853,371,482,174,55,0,0,7,6,578,3,0,30,723,130,ITH,ITH1,4,Provincia Autonoma Bolzano / Bozen,P.A. Bolzano,533050,47022,8.82,0.16
1517,2021-04-03,PAB,831,364,467,9,6,0,0,1,12,799,0,4,0,22,809,ITH,ITH1,4,Provincia Autonoma Bolzano / Bozen,P.A. Bolzano,533050,47853,8.98,0.16
1518,2021-04-22,PAB,2921,1499,1422,66,29,16,88,728,614,165,844,350,21,1979,942,ITH,ITH1,4,Provincia Autonoma Bolzano / Bozen,P.A. Bolzano,533050,50774,9.53,0.55
1519,2021-03-01,PAB,917,220,697,18,2,5,735,18,0,0,0,0,139,917,0,ITH,ITH1,4,Provincia Autonoma Bolzano / Bozen,P.A. Bolzano,533050,51691,9.7,0.17
1520,2021-02-16,PAB,529,205,324,10,1,0,0,0,0,517,1,0,0,529,0,ITH,ITH1,4,Provincia Autonoma Bolzano / Bozen,P.A. Bolzano,533050,52220,9.8,0.1
1521,2021-01-06,PAB,59,18,41,58,1,0,0,0,0,0,0,0,0,59,0,ITH,ITH1,4,Provincia Autonoma Bolzano / Bozen,P.A. Bolzano,533050,52279,9.81,0.01
1522,2021-03-10,PAB,1261,524,737,660,102,0,118,4,9,134,10,133,91,1118,143,ITH,ITH1,4,Provincia Autonoma Bolzano / Bozen,P.A. Bolzano,533050,53540,10.04,0.24
1523,2021-01-02,PAB,91,48,43,69,1,0,0,5,1,0,0,0,15,91,0,ITH,ITH1,4,Provincia Autonoma Bolzano / Bozen,P.A. Bolzano,533050,53631,10.06,0.02
1524,2020-12-30,PAB,388,182,206,343,41,0,0,0,0,0,0,0,4,388,0,ITH,ITH1,4,Provincia Autonoma Bolzano / Bozen,P.A. Bolzano,533050,54019,10.13,0.07
1525,2021-01-11,PAB,1569,513,1056,586,284,175,0,54,41,161,1,0,267,1569,0,ITH,ITH1,4,Provincia Autonoma Bolzano / Bozen,P.A. Bolzano,533050,55588,10.43,0.29
1526,2021-04-09,PAB,2927,1292,1635,337,111,102,14,48,635,280,1362,13,25,2196,731,ITH,ITH1,4,Provincia Autonoma Bolzano / Bozen,P.A. Bolzano,533050,58515,10.98,0.55
1527,2021-02-08,PAB,2,1,1,0,0,0,0,0,0,1,0,0,1,1,1,ITH,ITH1,4,Provincia Autonoma Bolzano / Bozen,P.A. Bolzano,533050,58517,10.98,0.0
1528,2021-02-02,PAB,1745,506,1239,630,370,605,0,9,10,11,0,0,110,8,1737,ITH,ITH1,4,Provincia Autonoma Bolzano / Bozen,P.A. Bolzano,533050,60262,11.31,0.33
1529,2021-01-14,PAB,1945,575,1370,521,441,313,0,63,42,329,0,0,236,1945,0,ITH,ITH1,4,Provincia Autonoma Bolzano / Bozen,P.A. Bolzano,533050,62207,11.67,0.36
1530,2021-01-15,PAB,3282,1228,2054,608,307,342,0,81,29,1447,0,0,468,3282,0,ITH,ITH1,4,Provincia Autonoma Bolzano / Bozen,P.A. Bolzano,533050,65489,12.29,0.62
1531,2021-01-09,PAB,612,326,286,76,28,75,0,66,19,13,0,0,335,612,0,ITH,ITH1,4,Provincia Autonoma Bolzano / Bozen,P.A. Bolzano,533050,66101,12.4,0.11
1532,2021-03-29,PAB,990,423,567,11,2,0,13,0,157,711,67,26,3,231,759,ITH,ITH1,4,Provincia Autonoma Bolzano / Bozen,P.A. Bolzano,533050,67091,12.59,0.19
1533,2021-03-15,PAB,848,295,553,294,97,13,4,15,216,66,66,4,73,366,482,ITH,ITH1,4,Provincia Autonoma Bolzano / Bozen,P.A. Bolzano,533050,67939,12.75,0.16
1534,2021-03-19,PAB,1905,773,1132,158,59,15,14,10,138,1182,310,1,18,798,1107,ITH,ITH1,4,Provincia Autonoma Bolzano / Bozen,P.A. Bolzano,533050,69844,13.1,0.36
1535,2021-04-24,PAB,5100,2448,2652,294,197,2,7,2726,762,184,856,54,18,4616,484,ITH,ITH1,4,Provincia Autonoma Bolzano / Bozen,P.A. Bolzano,533050,74944,14.06,0.96
1536,2021-03-05,PAB,1838,624,1214,337,98,59,240,8,2,896,125,9,64,1396,442,ITH,ITH1,4,Provincia Autonoma Bolzano / Bozen,P.A. Bolzano,533050,76782,14.4,0.34
1537,2021-04-18,PAB,3110,1607,1503,28,14,2,27,1916,524,134,188,273,4,2100,1010,ITH,ITH1,4,Provincia Autonoma Bolzano / Bozen,P.A. Bolzano,533050,79892,14.99,0.58
1538,2021-03-21,PAB,768,285,483,165,17,1,3,3,9,568,0,0,2,14,754,ITH,ITH1,4,Provincia Autonoma Bolzano / Bozen,P.A. Bolzano,533050,80660,15.13,0.14
1539,2021-01-13,PAB,1691,557,1134,446,310,270,0,66,30,175,0,0,394,1691,0,ITH,ITH1,4,Provincia Autonoma Bolzano / Bozen,P.A. Bolzano,533050,82351,15.45,0.32
1540,2021-03-30,PAB,1298,532,766,51,7,153,27,0,121,924,1,11,3,218,1080,ITH,ITH1,4,Provincia Autonoma Bolzano / Bozen,P.A. Bolzano,533050,83649,15.69,0.24
1541,2021-01-18,PAB,1772,687,1085,391,102,8,0,32,56,1019,0,0,164,1767,5,ITH,ITH1,4,Provincia Autonoma Bolzano / Bozen,P.A. Bolzano,533050,85421,16.02,0.33
1542,2021-03-27,PAB,3047,1552,1495,320,36,0,46,31,484,1441,358,305,26,1541,1506,ITH,ITH1,4,Provincia Autonoma Bolzano / Bozen,P.A. Bolzano,533050,88468,16.6,0.57
1543,2021-03-07,PAB,114,13,101,59,50,0,1,0,0,3,0,0,1,9,105,ITH,ITH1,4,Provincia Autonoma Bolzano / Bozen,P.A. Bolzano,533050,88582,16.62,0.02
1544,2021-04-14,PAB,3589,1643,1946,418,139,20,30,1094,829,124,845,80,10,3497,92,ITH,ITH1,4,Provincia Autonoma Bolzano / Bozen,P.A. Bolzano,533050,92171,17.29,0.67
1545,2021-04-02,PAB,2077,837,1240,189,66,60,17,5,253,935,532,11,9,720,1357,ITH,ITH1,4,Provincia Autonoma Bolzano / Bozen,P.A. Bolzano,533050,94248,17.68,0.39
1546,2021-04-12,PAB,2101,943,1158,33,11,1,2,159,1651,93,142,3,6,2095,6,ITH,ITH1,4,Provincia Autonoma Bolzano / Bozen,P.A. Bolzano,533050,96349,18.08,0.39
1547,2021-03-20,PAB,1757,848,909,115,48,9,1,7,265,967,238,99,8,1132,625,ITH,ITH1,4,Provincia Autonoma Bolzano / Bozen,P.A. Bolzano,533050,98106,18.4,0.33
1548,2021-04-26,PAB,1540,770,770,24,36,0,56,918,285,31,101,85,4,1535,5,ITH,ITH1,4,Provincia Autonoma Bolzano / Bozen,P.A. Bolzano,533050,99646,18.69,0.29
1549,2021-02-12,PAB,730,217,513,322,71,106,0,10,6,141,0,2,72,482,248,ITH,ITH1,4,Provincia Autonoma Bolzano / Bozen,P.A. Bolzano,533050,100376,18.83,0.14
1550,2021-02-22,PAB,526,143,383,342,68,0,10,15,4,5,0,1,81,514,12,ITH,ITH1,4,Provincia Autonoma Bolzano / Bozen,P.A. Bolzano,533050,100902,18.93,0.1
1551,2021-03-04,PAB,1709,1000,709,307,80,39,262,12,5,171,74,710,49,1480,229,ITH,ITH1,4,Provincia Autonoma Bolzano / Bozen,P.A. Bolzano,533050,102611,19.25,0.32
1552,2021-02-13,PAB,318,79,239,126,57,7,0,0,0,126,0,0,2,312,6,ITH,ITH1,4,Provincia Autonoma Bolzano / Bozen,P.A. Bolzano,533050,102929,19.31,0.06
1553,2021-02-24,PAB,1366,405,961,10,3,0,1345,0,0,0,0,8,0,1354,12,ITH,ITH1,4,Provincia Autonoma Bolzano / Bozen,P.A. Bolzano,533050,104295,19.57,0.26
1554,2021-03-09,PAB,1194,543,651,29,81,22,47,0,1,930,0,80,4,1192,2,ITH,ITH1,4,Provincia Autonoma Bolzano / Bozen,P.A. Bolzano,533050,105489,19.79,0.22
1555,2021-01-27,PAB,84,28,56,54,26,0,0,1,0,0,0,0,3,1,83,ITH,ITH1,4,Provincia Autonoma Bolzano / Bozen,P.A. Bolzano,533050,105573,19.81,0.02
1556,2021-03-31,PAB,1831,693,1138,419,304,22,16,15,160,430,425,20,20,819,1012,ITH,ITH1,4,Provincia Autonoma Bolzano / Bozen,P.A. Bolzano,533050,107404,20.15,0.34
1557,2021-03-08,PAB,1200,526,674,23,10,166,3,30,47,755,147,0,19,1173,27,ITH,ITH1,4,Provincia Autonoma Bolzano / Bozen,P.A. Bolzano,533050,108604,20.37,0.23
1558,2021-01-10,PAB,2,2,0,1,0,0,0,0,0,0,0,0,1,2,0,ITH,ITH1,4,Provincia Autonoma Bolzano / Bozen,P.A. Bolzano,533050,108606,20.37,0.0
1559,2021-04-08,PAB,2752,1336,1416,47,34,121,2,17,2011,83,309,91,37,2550,202,ITH,ITH1,4,Provincia Autonoma Bolzano / Bozen,P.A. Bolzano,533050,111358,20.89,0.52
1560,2021-03-02,PAB,695,200,495,11,1,0,676,0,0,0,0,7,0,693,2,ITH,ITH1,4,Provincia Autonoma Bolzano / Bozen,P.A. Bolzano,533050,112053,21.02,0.13
1561,2021-01-20,PAB,617,252,365,287,51,0,0,6,3,257,0,0,13,409,208,ITH,ITH1,4,Provincia Autonoma Bolzano / Bozen,P.A. Bolzano,533050,112670,21.14,0.12
1562,2021-01-23,PAB,197,117,80,191,0,0,0,2,0,0,0,0,4,0,197,ITH,ITH1,4,Provincia Autonoma Bolzano / Bozen,P.A. Bolzano,533050,112867,21.17,0.04
1563,2021-04-06,PAB,2042,1024,1018,107,46,130,3,10,826,83,805,16,16,1940,102,ITH,ITH1,4,Provincia Autonoma Bolzano / Bozen,P.A. Bolzano,533050,114909,21.56,0.38
1564,2021-01-17,PAB,2328,1044,1284,56,38,37,0,57,46,1989,0,0,105,2317,11,ITH,ITH1,4,Provincia Autonoma Bolzano / Bozen,P.A. Bolzano,533050,117237,21.99,0.44
1565,2021-02-04,PAB,1957,593,1364,650,507,458,0,23,25,233,0,0,61,8,1949,ITH,ITH1,4,Provincia Autonoma Bolzano / Bozen,P.A. Bolzano,533050,119194,22.36,0.37
1566,2021-04-11,PAB,2720,1291,1429,46,17,3,63,350,1672,84,222,258,5,2542,178,ITH,ITH1,4,Provincia Autonoma Bolzano / Bozen,P.A. Bolzano,533050,121914,22.87,0.51
1567,2021-01-28,PAB,869,307,562,584,187,69,0,8,0,0,0,2,19,10,859,ITH,ITH1,4,Provincia Autonoma Bolzano / Bozen,P.A. Bolzano,533050,122783,23.03,0.16
1568,2021-03-22,PAB,1133,514,619,2,0,0,0,6,900,192,13,15,5,1129,4,ITH,ITH1,4,Provincia Autonoma Bolzano / Bozen,P.A. Bolzano,533050,123916,23.25,0.21
1569,2021-02-27,PAB,2457,759,1698,202,87,8,1233,8,13,885,0,3,18,2447,10,ITH,ITH1,4,Provincia Autonoma Bolzano / Bozen,P.A. Bolzano,533050,126373,23.71,0.46
1570,2021-01-25,PAB,487,183,304,401,68,0,1,4,0,1,0,2,10,3,484,ITH,ITH1,4,Provincia Autonoma Bolzano / Bozen,P.A. Bolzano,533050,126860,23.8,0.09
1571,2021-04-07,PAB,1777,802,975,128,81,57,2,6,908,459,26,100,10,1238,539,ITH,ITH1,4,Provincia Autonoma Bolzano / Bozen,P.A. Bolzano,533050,128637,24.13,0.33
1572,2021-02-09,PAB,317,126,191,64,17,2,2,1,0,228,0,0,3,1,316,ITH,ITH1,4,Provincia Autonoma Bolzano / Bozen,P.A. Bolzano,533050,128954,24.19,0.06
1573,2021-03-17,PAB,580,213,367,11,6,46,0,0,16,491,0,0,10,579,1,ITH,ITH1,4,Provincia Autonoma Bolzano / Bozen,P.A. Bolzano,533050,129534,24.3,0.11
1574,2021-04-25,PAB,3068,1496,1572,53,24,0,24,1445,735,156,442,180,9,2397,671,ITH,ITH1,4,Provincia Autonoma Bolzano / Bozen,P.A. Bolzano,533050,132602,24.88,0.58
1575,2021-03-03,PAB,1178,393,785,24,5,6,738,3,0,349,0,51,2,1165,13,ITH,ITH1,4,Provincia Autonoma Bolzano / Bozen,P.A. Bolzano,533050,133780,25.1,0.22
1576,2021-01-08,PAB,1521,479,1042,790,170,168,0,51,29,104,0,0,209,1521,0,ITH,ITH1,4,Provincia Autonoma Bolzano / Bozen,P.A. Bolzano,533050,135301,25.38,0.29
1577,2021-02-19,PAB,1975,450,1525,122,143,84,1511,3,3,86,6,0,17,1964,11,ITH,ITH1,4,Provincia Autonoma Bolzano / Bozen,P.A. Bolzano,533050,137276,25.75,0.37
1578,2021-02-18,PAB,1646,401,1245,23,44,21,1285,1,1,261,0,0,10,1642,4,ITH,ITH1,4,Provincia Autonoma Bolzano / Bozen,P.A. Bolzano,533050,138922,26.06,0.31
1579,2021-02-25,PAB,1498,549,949,22,5,0,405,2,1,1041,0,0,22,1497,1,ITH,ITH1,4,Provincia Autonoma Bolzano / Bozen,P.A. Bolzano,533050,140420,26.34,0.28
1580,2020-12-31,PAB,911,518,393,478,61,0,0,47,9,1,0,0,315,911,0,ITH,ITH1,4,Provincia Autonoma Bolzano / Bozen,P.A. Bolzano,533050,141331,26.51,0.17
1581,2021-01-03,PAB,41,16,25,33,5,0,0,0,0,1,0,0,2,41,0,ITH,ITH1,4,Provincia Autonoma Bolzano / Bozen,P.A. Bolzano,533050,141372,26.52,0.01
1582,2021-01-26,PAB,810,291,519,673,129,0,0,3,1,0,0,0,4,1,809,ITH,ITH1,4,Provincia Autonoma Bolzano / Bozen,P.A. Bolzano,533050,142182,26.67,0.15
1583,2021-03-26,PAB,1644,721,923,30,16,68,1,8,132,917,424,0,48,511,1133,ITH,ITH1,4,Provincia Autonoma Bolzano / Bozen,P.A. Bolzano,533050,143826,26.98,0.31
1584,2021-03-16,PAB,776,308,468,26,31,48,0,4,14,646,4,2,1,123,653,ITH,ITH1,4,Provincia Autonoma Bolzano / Bozen,P.A. Bolzano,533050,144602,27.13,0.15
1585,2021-04-01,PAB,2786,1407,1379,238,104,44,65,22,512,607,731,446,17,2642,144,ITH,ITH1,4,Provincia Autonoma Bolzano / Bozen,P.A. Bolzano,533050,147388,27.65,0.52
1586,2021-04-13,PAB,2391,1130,1261,23,4,1,6,1246,932,30,93,55,1,2383,8,ITH,ITH1,4,Provincia Autonoma Bolzano / Bozen,P.A. Bolzano,533050,149779,28.1,0.45
1587,2021-01-16,PAB,2840,1265,1575,435,93,77,1,54,98,1976,0,0,106,2840,0,ITH,ITH1,4,Provincia Autonoma Bolzano / Bozen,P.A. Bolzano,533050,152619,28.63,0.53
1588,2021-04-28,PAB,2442,1296,1146,77,56,10,59,1156,461,66,470,74,13,2436,6,ITH,ITH1,4,Provincia Autonoma Bolzano / Bozen,P.A. Bolzano,533050,155061,29.09,0.46
1589,2021-02-07,PAB,2361,1057,1304,102,75,68,0,51,44,1951,0,0,70,14,2347,ITH,ITH1,4,Provincia Autonoma Bolzano / Bozen,P.A. Bolzano,533050,157422,29.53,0.44
1590,2021-05-01,PAB,2103,1066,1037,119,29,0,90,772,308,62,479,217,27,1943,160,ITH,ITH1,4,Provincia Autonoma Bolzano / Bozen,P.A. Bolzano,533050,159525,29.93,0.39
1591,2021-01-21,PAB,952,442,510,750,88,68,0,1,0,28,0,5,12,139,813,ITH,ITH1,4,Provincia Autonoma Bolzano / Bozen,P.A. Bolzano,533050,160477,30.11,0.18
1592,2021-03-25,PAB,2139,1058,1081,230,72,27,46,24,843,305,297,268,27,1697,442,ITH,ITH1,4,Provincia Autonoma Bolzano / Bozen,P.A. Bolzano,533050,162616,30.51,0.4
1593,2021-03-23,PAB,1552,759,793,0,1,0,34,5,1156,215,58,68,15,1551,1,ITH,ITH1,4,Provincia Autonoma Bolzano / Bozen,P.A. Bolzano,533050,164168,30.8,0.29
1594,2021-03-24,PAB,2040,977,1063,13,16,7,29,6,1361,248,278,61,21,2027,13,ITH,ITH1,4,Provincia Autonoma Bolzano / Bozen,P.A. Bolzano,533050,166208,31.18,0.38
1595,2021-01-05,PAB,830,286,544,734,62,0,0,8,2,0,0,0,24,830,0,ITH,ITH1,4,Provincia Autonoma Bolzano / Bozen,P.A. Bolzano,533050,167038,31.34,0.16
1596,2020-12-27,PAB,144,65,79,139,2,0,0,0,0,1,0,0,2,144,0,ITH,ITH1,4,Provincia Autonoma Bolzano / Bozen,P.A. Bolzano,533050,167182,31.36,0.03
1597,2021-03-14,PAB,758,336,422,130,11,33,0,3,7,562,1,2,9,25,733,ITH,ITH1,4,Provincia Autonoma Bolzano / Bozen,P.A. Bolzano,533050,167940,31.51,0.14
1598,2021-01-30,PAB,498,245,253,217,46,101,0,29,2,0,0,0,103,4,494,ITH,ITH1,4,Provincia Autonoma Bolzano / Bozen,P.A. Bolzano,533050,168438,31.6,0.09
1599,2021-04-20,PAB,1557,780,777,10,13,12,8,619,363,46,474,9,3,1556,1,ITH,ITH1,4,Provincia Autonoma Bolzano / Bozen,P.A. Bolzano,533050,169995,31.89,0.29
1600,2021-01-24,PAB,12,10,2,1,0,0,0,2,1,0,0,0,8,0,12,ITH,ITH1,4,Provincia Autonoma Bolzano / Bozen,P.A. Bolzano,533050,170007,31.89,0.0
1601,2021-04-21,PAB,3008,1467,1541,112,12,2,11,1727,490,88,540,17,9,2161,847,ITH,ITH1,4,Provincia Autonoma Bolzano / Bozen,P.A. Bolzano,533050,173015,32.46,0.56
1602,2021-02-17,PAB,4,1,3,1,0,0,0,0,0,2,1,0,0,2,2,ITH,ITH1,4,Provincia Autonoma Bolzano / Bozen,P.A. Bolzano,533050,173019,32.46,0.0
1603,2021-02-23,PAB,768,323,445,0,0,0,85,2,1,672,0,0,8,762,6,ITH,ITH1,4,Provincia Autonoma Bolzano / Bozen,P.A. Bolzano,533050,173787,32.6,0.14
1604,2021-04-19,PAB,1869,857,1012,44,22,1,11,1039,300,166,269,8,9,1687,182,ITH,ITH1,4,Provincia Autonoma Bolzano / Bozen,P.A. Bolzano,533050,175656,32.95,0.35
1605,2021-04-27,PAB,2224,1011,1213,109,58,21,53,589,1115,78,118,76,7,1148,1076,ITH,ITH1,4,Provincia Autonoma Bolzano / Bozen,P.A. Bolzano,533050,177880,33.37,0.42
1606,2021-04-15,PAB,4394,2305,2089,119,48,38,118,1385,735,174,1260,493,24,4131,263,ITH,ITH1,4,Provincia Autonoma Bolzano / Bozen,P.A. Bolzano,533050,182274,34.19,0.82
1607,2021-03-28,PAB,569,212,357,45,38,0,2,6,5,470,2,0,1,11,558,ITH,ITH1,4,Provincia Autonoma Bolzano / Bozen,P.A. Bolzano,533050,182843,34.3,0.11
1608,2021-01-12,PAB,1709,459,1250,369,228,479,0,54,43,134,0,0,402,1709,0,ITH,ITH1,4,Provincia Autonoma Bolzano / Bozen,P.A. Bolzano,533050,184552,34.62,0.32
1609,2021-02-11,PAB,1092,431,661,214,92,104,0,4,2,589,57,0,30,239,853,ITH,ITH1,4,Provincia Autonoma Bolzano / Bozen,P.A. Bolzano,533050,185644,34.83,0.2
1610,2021-04-29,PAB,2620,1346,1274,127,117,64,73,600,541,122,509,245,222,1927,693,ITH,ITH1,4,Provincia Autonoma Bolzano / Bozen,P.A. Bolzano,533050,188264,35.32,0.49
1611,2021-02-10,PAB,1635,604,1031,489,166,1,0,18,5,872,0,1,83,26,1609,ITH,ITH1,4,Provincia Autonoma Bolzano / Bozen,P.A. Bolzano,533050,189899,35.62,0.31
1612,2021-01-01,PAB,6,5,1,6,0,0,0,0,0,0,0,0,0,6,0,ITH,ITH1,4,Provincia Autonoma Bolzano / Bozen,P.A. Bolzano,533050,189905,35.63,0.0
1613,2021-01-29,PAB,1497,510,987,882,282,295,4,7,1,4,0,0,22,24,1473,ITH,ITH1,4,Provincia Autonoma Bolzano / Bozen,P.A. Bolzano,533050,191402,35.91,0.28
1614,2021-03-18,PAB,1302,531,771,50,16,51,0,10,15,1056,69,0,35,226,1076,ITH,ITH1,4,Provincia Autonoma Bolzano / Bozen,P.A. Bolzano,533050,192704,36.15,0.24
1615,2021-03-12,PAB,1664,734,930,150,173,82,101,9,268,524,134,204,19,1251,413,ITH,ITH1,4,Provincia Autonoma Bolzano / Bozen,P.A. Bolzano,533050,194368,36.46,0.31
1616,2021-02-15,PAB,72,42,30,17,2,40,0,0,1,7,0,0,5,26,46,ITH,ITH1,4,Provincia Autonoma Bolzano / Bozen,P.A. Bolzano,533050,194440,36.48,0.01
1617,2021-03-29,VEN,31364,13586,17778,634,428,514,445,986,5771,17001,3658,854,1073,27477,3887,ITH,ITH3,5,Veneto,Veneto,4905854,31364,0.64,0.64
1618,2021-01-02,VEN,5742,1765,3977,4820,233,544,3,24,2,3,0,0,113,5742,0,ITH,ITH3,5,Veneto,Veneto,4905854,37106,0.76,0.12
1619,2021-03-15,VEN,16592,7257,9335,1390,772,429,1969,145,599,9248,1060,708,272,11377,5215,ITH,ITH3,5,Veneto,Veneto,4905854,53698,1.09,0.34
1620,2021-03-09,VEN,16455,7377,9078,1353,348,749,2948,108,60,8545,687,1116,541,10144,6311,ITH,ITH3,5,Veneto,Veneto,4905854,70153,1.43,0.34
1621,2021-04-20,VEN,22086,9386,12700,532,121,492,155,831,4555,9737,5205,31,427,8174,13912,ITH,ITH3,5,Veneto,Veneto,4905854,92239,1.88,0.45
1622,2021-02-05,VEN,8372,2538,5834,4450,1466,2166,14,66,21,8,1,6,174,1425,6947,ITH,ITH3,5,Veneto,Veneto,4905854,100611,2.05,0.17
1623,2021-04-23,VEN,30376,13488,16888,636,305,305,116,1008,13188,6941,7084,37,756,21735,8641,ITH,ITH3,5,Veneto,Veneto,4905854,130987,2.67,0.62
1624,2021-01-07,VEN,8359,2318,6041,5565,858,1803,2,41,18,35,0,0,37,8359,0,ITH,ITH3,5,Veneto,Veneto,4905854,139346,2.84,0.17
1625,2021-03-18,VEN,12598,5133,7465,1685,482,495,855,105,140,7504,1055,36,241,7372,5226,ITH,ITH3,5,Veneto,Veneto,4905854,151944,3.1,0.26
1626,2021-02-26,VEN,8287,3266,5021,1803,544,746,315,64,30,4380,145,91,169,7036,1251,ITH,ITH3,5,Veneto,Veneto,4905854,160231,3.27,0.17
1627,2021-01-13,VEN,5985,1607,4378,2889,1128,1888,2,21,6,3,2,1,45,5985,0,ITH,ITH3,5,Veneto,Veneto,4905854,166216,3.39,0.12
1628,2021-03-21,VEN,11981,4754,7227,1600,1131,42,2532,130,201,4244,1639,180,282,8521,3460,ITH,ITH3,5,Veneto,Veneto,4905854,178197,3.63,0.24
1629,2021-03-11,VEN,19690,8763,10927,1839,958,888,3689,191,72,9321,728,1285,719,14107,5583,ITH,ITH3,5,Veneto,Veneto,4905854,197887,4.03,0.4
1630,2021-02-23,VEN,7364,3244,4120,1100,205,245,183,48,21,5342,49,69,102,7104,260,ITH,ITH3,5,Veneto,Veneto,4905854,205251,4.18,0.15
1631,2021-03-01,VEN,9388,3711,5677,2146,421,954,2519,107,21,2608,164,272,176,7567,1821,ITH,ITH3,5,Veneto,Veneto,4905854,214639,4.38,0.19
1632,2021-02-16,VEN,6631,2868,3763,727,241,478,3,18,14,5020,34,2,94,6454,177,ITH,ITH3,5,Veneto,Veneto,4905854,221270,4.51,0.14
1633,2021-02-17,VEN,6021,2771,3250,424,158,361,4,23,11,4946,25,5,64,5927,94,ITH,ITH3,5,Veneto,Veneto,4905854,227291,4.63,0.12
1634,2021-03-06,VEN,10597,4280,6317,3561,566,1491,1329,63,26,1971,1274,128,188,7325,3272,ITH,ITH3,5,Veneto,Veneto,4905854,237888,4.85,0.22
1635,2021-01-22,VEN,1080,332,748,962,52,57,3,1,0,0,0,0,5,25,1055,ITH,ITH3,5,Veneto,Veneto,4905854,238968,4.87,0.02
1636,2021-04-17,VEN,22195,8996,13199,807,216,129,86,493,3404,10289,6463,16,292,14912,7283,ITH,ITH3,5,Veneto,Veneto,4905854,261163,5.32,0.45
1637,2021-01-29,VEN,9014,2785,6229,6198,1230,1437,6,64,18,4,0,2,55,368,8646,ITH,ITH3,5,Veneto,Veneto,4905854,270177,5.51,0.18
1638,2021-03-03,VEN,12024,4586,7438,3356,661,1236,2342,101,41,3377,144,438,328,8530,3494,ITH,ITH3,5,Veneto,Veneto,4905854,282201,5.75,0.25
1639,2021-03-31,VEN,38377,16093,22284,1898,663,811,414,1252,9243,18497,4126,414,1059,30933,7444,ITH,ITH3,5,Veneto,Veneto,4905854,320578,6.53,0.78
1640,2021-04-22,VEN,31137,13524,17613,674,295,373,110,1032,12748,9144,5901,44,816,15483,15654,ITH,ITH3,5,Veneto,Veneto,4905854,351715,7.17,0.63
1641,2021-02-28,VEN,4136,1389,2747,1741,942,15,15,22,1,992,301,76,31,3299,837,ITH,ITH3,5,Veneto,Veneto,4905854,355851,7.25,0.08
1642,2021-02-04,VEN,7318,2015,5303,3584,1102,2380,6,34,15,20,1,0,176,553,6765,ITH,ITH3,5,Veneto,Veneto,4905854,363169,7.4,0.15
1643,2021-03-10,VEN,18881,8586,10295,1566,791,560,4150,189,86,9048,650,1270,571,13198,5683,ITH,ITH3,5,Veneto,Veneto,4905854,382050,7.79,0.38
1644,2021-01-31,VEN,4767,1562,3205,3753,562,377,4,16,2,5,2,12,34,393,4374,ITH,ITH3,5,Veneto,Veneto,4905854,386817,7.88,0.1
1645,2021-02-09,VEN,5240,1890,3350,3099,643,1265,6,41,10,21,1,1,153,3445,1795,ITH,ITH3,5,Veneto,Veneto,4905854,392057,7.99,0.11
1646,2021-02-21,VEN,4629,1207,3422,495,0,18,3693,0,0,417,0,2,4,4625,4,ITH,ITH3,5,Veneto,Veneto,4905854,396686,8.09,0.09
1647,2021-01-26,VEN,6914,2089,4825,5363,521,976,5,9,3,0,0,1,36,154,6760,ITH,ITH3,5,Veneto,Veneto,4905854,403600,8.23,0.14
1648,2021-03-17,VEN,14624,5981,8643,2252,486,317,700,126,192,8777,1428,26,320,7844,6780,ITH,ITH3,5,Veneto,Veneto,4905854,418224,8.52,0.3
1649,2021-01-09,VEN,7928,2538,5390,5245,975,1573,6,37,4,3,22,12,51,7928,0,ITH,ITH3,5,Veneto,Veneto,4905854,426152,8.69,0.16
1650,2021-04-13,VEN,13873,6252,7621,743,174,300,66,341,2212,5171,4456,26,384,8397,5476,ITH,ITH3,5,Veneto,Veneto,4905854,440025,8.97,0.28
1651,2021-03-14,VEN,15161,5931,9230,3409,1054,100,3661,155,1441,3750,995,275,321,14267,894,ITH,ITH3,5,Veneto,Veneto,4905854,455186,9.28,0.31
1652,2021-02-07,VEN,2315,862,1453,1974,238,50,2,14,3,2,0,7,25,714,1601,ITH,ITH3,5,Veneto,Veneto,4905854,457501,9.33,0.05
1653,2021-01-04,VEN,6735,2033,4702,5341,426,913,6,14,2,1,0,0,32,6735,0,ITH,ITH3,5,Veneto,Veneto,4905854,464236,9.46,0.14
1654,2021-01-18,VEN,2763,777,1986,1224,478,992,1,11,4,8,0,1,44,2564,199,ITH,ITH3,5,Veneto,Veneto,4905854,466999,9.52,0.06
1655,2020-12-30,VEN,699,245,454,598,52,39,2,0,0,0,0,0,8,699,0,ITH,ITH3,5,Veneto,Veneto,4905854,467698,9.53,0.01
1656,2021-02-01,VEN,8524,2494,6030,4422,1542,2105,10,68,25,267,0,0,85,161,8363,ITH,ITH3,5,Veneto,Veneto,4905854,476222,9.71,0.17
1657,2021-01-19,VEN,1308,471,837,726,218,325,0,6,3,7,1,0,22,1159,149,ITH,ITH3,5,Veneto,Veneto,4905854,477530,9.73,0.03
1658,2021-03-12,VEN,18521,8102,10419,2123,1179,754,3510,210,117,8047,861,1009,711,11804,6717,ITH,ITH3,5,Veneto,Veneto,4905854,496051,10.11,0.38
1659,2020-12-31,VEN,3219,1042,2177,2765,94,252,2,23,0,0,0,0,83,3219,0,ITH,ITH3,5,Veneto,Veneto,4905854,499270,10.18,0.07
1660,2021-04-05,VEN,19145,8370,10775,660,392,327,176,338,9873,5520,1707,22,130,13693,5452,ITH,ITH3,5,Veneto,Veneto,4905854,518415,10.57,0.39
1661,2021-01-03,VEN,5158,1563,3595,4607,255,249,2,13,1,0,0,0,31,5158,0,ITH,ITH3,5,Veneto,Veneto,4905854,523573,10.67,0.11
1662,2021-01-21,VEN,2291,719,1572,2052,74,141,3,11,0,0,0,0,10,21,2270,ITH,ITH3,5,Veneto,Veneto,4905854,525864,10.72,0.05
1663,2021-03-30,VEN,35775,15144,20631,869,406,584,478,1509,8617,16800,4765,492,1255,30530,5245,ITH,ITH3,5,Veneto,Veneto,4905854,561639,11.45,0.73
1664,2021-02-03,VEN,5936,1662,4274,2949,1141,1750,6,23,7,3,3,0,54,481,5455,ITH,ITH3,5,Veneto,Veneto,4905854,567575,11.57,0.12
1665,2021-01-30,VEN,8745,2671,6074,6335,1026,1235,9,53,4,4,2,13,64,692,8053,ITH,ITH3,5,Veneto,Veneto,4905854,576320,11.75,0.18
1666,2021-02-13,VEN,3267,1474,1793,1592,198,1438,1,11,2,3,1,1,20,3247,20,ITH,ITH3,5,Veneto,Veneto,4905854,579587,11.81,0.07
1667,2021-05-01,VEN,38498,18086,20412,490,176,42,274,19816,6444,4327,5960,35,934,29622,8876,ITH,ITH3,5,Veneto,Veneto,4905854,618085,12.6,0.78
1668,2021-02-06,VEN,4093,1353,2740,3098,542,367,4,19,5,3,0,1,54,709,3384,ITH,ITH3,5,Veneto,Veneto,4905854,622178,12.68,0.08
1669,2021-01-24,VEN,4117,1219,2898,3763,94,222,4,5,1,1,1,0,26,28,4089,ITH,ITH3,5,Veneto,Veneto,4905854,626295,12.77,0.08
1670,2021-04-16,VEN,24270,10427,13843,744,300,440,123,542,5836,10039,5698,35,513,12357,11913,ITH,ITH3,5,Veneto,Veneto,4905854,650565,13.26,0.49
1671,2021-03-22,VEN,18085,8131,9954,1478,1154,549,2496,211,2765,6700,1614,783,335,13044,5041,ITH,ITH3,5,Veneto,Veneto,4905854,668650,13.63,0.37
1672,2021-03-23,VEN,22138,10184,11954,1303,1131,678,2867,284,5281,6687,2361,1046,500,17422,4716,ITH,ITH3,5,Veneto,Veneto,4905854,690788,14.08,0.45
1673,2021-03-24,VEN,22017,9501,12516,1215,1051,807,3107,264,1505,10424,2226,969,449,15209,6808,ITH,ITH3,5,Veneto,Veneto,4905854,712805,14.53,0.45
1674,2021-04-10,VEN,27281,11891,15390,591,311,407,115,428,9366,10768,4979,15,301,18808,8473,ITH,ITH3,5,Veneto,Veneto,4905854,740086,15.09,0.56
1675,2021-04-02,VEN,23869,10505,13364,1213,510,379,298,497,7160,9632,3567,207,406,17539,6330,ITH,ITH3,5,Veneto,Veneto,4905854,763955,15.57,0.49
1676,2021-03-04,VEN,12866,4780,8086,3217,844,1422,2833,91,56,3415,318,432,238,9401,3465,ITH,ITH3,5,Veneto,Veneto,4905854,776821,15.83,0.26
1677,2021-04-19,VEN,20989,8686,12303,887,177,286,208,528,2924,11359,4291,19,310,4645,16344,ITH,ITH3,5,Veneto,Veneto,4905854,797810,16.26,0.43
1678,2021-04-29,VEN,49538,23087,26451,638,215,426,216,22800,10450,5578,7855,160,1200,36443,13095,ITH,ITH3,5,Veneto,Veneto,4905854,847348,17.27,1.01
1679,2021-02-22,VEN,7012,3040,3972,758,138,362,243,26,15,5401,40,1,28,6625,387,ITH,ITH3,5,Veneto,Veneto,4905854,854360,17.42,0.14
1680,2021-02-08,VEN,4974,1540,3434,2823,784,1178,4,37,8,12,1,0,127,1930,3044,ITH,ITH3,5,Veneto,Veneto,4905854,859334,17.52,0.1
1681,2021-01-01,VEN,1527,471,1056,1513,7,1,3,0,0,0,0,0,3,1527,0,ITH,ITH3,5,Veneto,Veneto,4905854,860861,17.55,0.03
1682,2021-01-27,VEN,7140,2065,5075,5406,723,879,9,89,23,2,0,0,9,245,6895,ITH,ITH3,5,Veneto,Veneto,4905854,868001,17.69,0.15
1683,2021-01-05,VEN,7330,2182,5148,5447,662,1122,5,23,2,2,0,2,65,7330,0,ITH,ITH3,5,Veneto,Veneto,4905854,875331,17.84,0.15
1684,2021-01-20,VEN,1038,368,670,695,116,213,1,5,1,2,0,0,5,386,652,ITH,ITH3,5,Veneto,Veneto,4905854,876369,17.86,0.02
1685,2021-02-02,VEN,6403,1843,4560,2997,1135,1996,3,25,6,153,6,0,82,390,6013,ITH,ITH3,5,Veneto,Veneto,4905854,882772,17.99,0.13
1686,2021-04-18,VEN,17487,7245,10242,520,155,69,110,380,2306,7386,6311,14,236,9900,7587,ITH,ITH3,5,Veneto,Veneto,4905854,900259,18.35,0.36
1687,2021-04-27,VEN,27760,12617,15143,858,222,265,74,3060,13257,4510,4949,45,520,20867,6893,ITH,ITH3,5,Veneto,Veneto,4905854,928019,18.92,0.57
1688,2020-12-27,VEN,880,395,485,875,1,0,1,0,1,0,0,0,2,880,0,ITH,ITH3,5,Veneto,Veneto,4905854,928899,18.93,0.02
1689,2021-04-03,VEN,21856,9583,12273,1868,302,150,129,400,6177,8270,4035,31,494,14140,7716,ITH,ITH3,5,Veneto,Veneto,4905854,950755,19.38,0.45
1690,2021-01-28,VEN,9206,2662,6544,6583,1080,1451,5,40,2,7,2,0,36,173,9033,ITH,ITH3,5,Veneto,Veneto,4905854,959961,19.57,0.19
1691,2021-04-21,VEN,31737,12944,18793,997,304,395,119,652,10389,13221,5162,15,483,15822,15915,ITH,ITH3,5,Veneto,Veneto,4905854,991698,20.21,0.65
1692,2021-04-08,VEN,32005,14198,17807,1156,387,581,443,858,10905,10111,6949,120,495,24137,7868,ITH,ITH3,5,Veneto,Veneto,4905854,1023703,20.87,0.65
1693,2021-01-10,VEN,5032,1671,3361,3893,565,462,1,10,2,4,0,2,93,5032,0,ITH,ITH3,5,Veneto,Veneto,4905854,1028735,20.97,0.1
1694,2021-04-24,VEN,24177,10574,13603,604,262,105,60,611,10137,7028,4816,17,537,15115,9062,ITH,ITH3,5,Veneto,Veneto,4905854,1052912,21.46,0.49
1695,2021-02-18,VEN,5792,2444,3348,958,249,667,8,33,14,3798,3,1,61,5728,64,ITH,ITH3,5,Veneto,Veneto,4905854,1058704,21.58,0.12
1696,2021-02-27,VEN,8989,2693,6296,2322,180,64,4137,44,14,1964,32,86,146,8138,851,ITH,ITH3,5,Veneto,Veneto,4905854,1067693,21.76,0.18
1697,2021-04-04,VEN,7776,3532,4244,24,40,1,13,135,4958,1318,1241,2,44,6624,1152,ITH,ITH3,5,Veneto,Veneto,4905854,1075469,21.92,0.16
1698,2021-03-16,VEN,12481,5342,7139,1478,382,485,129,125,113,7719,1769,21,260,6872,5609,ITH,ITH3,5,Veneto,Veneto,4905854,1087950,22.18,0.25
1699,2021-02-25,VEN,7896,3339,4557,1548,342,473,297,34,35,4936,21,109,101,7294,602,ITH,ITH3,5,Veneto,Veneto,4905854,1095846,22.34,0.16
1700,2021-03-26,VEN,29488,13073,16415,1294,1752,1228,1922,467,8141,9812,3172,986,714,24023,5465,ITH,ITH3,5,Veneto,Veneto,4905854,1125334,22.94,0.6
1701,2021-02-19,VEN,7296,3123,4173,1546,565,664,9,35,15,4367,5,4,86,7093,203,ITH,ITH3,5,Veneto,Veneto,4905854,1132630,23.09,0.15
1702,2021-01-06,VEN,8131,2385,5746,6514,672,808,10,83,24,2,2,2,14,8131,0,ITH,ITH3,5,Veneto,Veneto,4905854,1140761,23.25,0.17
1703,2021-02-14,VEN,125,56,69,97,22,0,0,2,0,0,0,0,4,112,13,ITH,ITH3,5,Veneto,Veneto,4905854,1140886,23.26,0.0
1704,2021-01-08,VEN,9403,2835,6568,6133,1323,1805,12,65,18,4,1,1,41,9403,0,ITH,ITH3,5,Veneto,Veneto,4905854,1150289,23.45,0.19
1705,2021-04-28,VEN,31095,14578,16517,653,232,548,91,4535,15083,2673,6382,36,862,22353,8742,ITH,ITH3,5,Veneto,Veneto,4905854,1181384,24.08,0.63
1706,2021-05-03,VEN,14156,6920,7236,74,19,6,38,7799,2534,713,2610,9,354,11468,2688,ITH,ITH3,5,Veneto,Veneto,4905854,1195540,24.37,0.29
1707,2021-01-16,VEN,4608,1542,3066,3196,670,657,0,14,6,0,0,1,64,4608,0,ITH,ITH3,5,Veneto,Veneto,4905854,1200148,24.46,0.09
1708,2021-03-20,VEN,12929,5336,7593,710,269,320,2402,152,1613,4728,2100,219,416,10830,2099,ITH,ITH3,5,Veneto,Veneto,4905854,1213077,24.73,0.26
1709,2021-04-01,VEN,24666,10815,13851,1055,604,585,161,667,6871,9825,4109,291,498,18296,6370,ITH,ITH3,5,Veneto,Veneto,4905854,1237743,25.23,0.5
1710,2021-03-19,VEN,13788,5667,8121,2161,862,516,727,157,127,7562,1254,55,367,7694,6094,ITH,ITH3,5,Veneto,Veneto,4905854,1251531,25.51,0.28
1711,2021-04-26,VEN,20265,9233,11032,463,155,113,87,887,10337,2981,4624,47,571,15114,5151,ITH,ITH3,5,Veneto,Veneto,4905854,1271796,25.92,0.41
1712,2021-01-17,VEN,1933,781,1152,1589,193,120,2,3,1,3,0,0,22,1584,349,ITH,ITH3,5,Veneto,Veneto,4905854,1273729,25.96,0.04
1713,2021-04-25,VEN,18227,8119,10108,354,94,111,59,416,9062,4014,3888,4,225,13404,4823,ITH,ITH3,5,Veneto,Veneto,4905854,1291956,26.33,0.37
1714,2021-04-06,VEN,28473,13096,15377,440,205,389,104,522,16434,5364,4732,69,214,23400,5073,ITH,ITH3,5,Veneto,Veneto,4905854,1320429,26.92,0.58
1715,2021-02-24,VEN,8611,3677,4934,1592,411,521,14,35,28,5592,37,273,108,8127,484,ITH,ITH3,5,Veneto,Veneto,4905854,1329040,27.09,0.18
1716,2021-03-28,VEN,31282,13595,17687,1467,1447,172,2443,1170,8603,9243,3872,56,2809,27611,3671,ITH,ITH3,5,Veneto,Veneto,4905854,1360322,27.73,0.64
1717,2021-02-12,VEN,4313,1447,2866,2768,441,692,8,43,14,6,0,4,337,3741,572,ITH,ITH3,5,Veneto,Veneto,4905854,1364635,27.82,0.09
1718,2021-01-25,VEN,6467,2075,4392,5137,377,904,2,13,2,6,0,0,26,160,6307,ITH,ITH3,5,Veneto,Veneto,4905854,1371102,27.95,0.13
1719,2021-04-30,VEN,48726,22942,25784,616,304,379,241,21047,10119,5477,9119,102,1322,33188,15538,ITH,ITH3,5,Veneto,Veneto,4905854,1419828,28.94,0.99
1720,2021-03-05,VEN,13252,4949,8303,3643,692,1467,2979,109,50,3091,474,323,424,9592,3660,ITH,ITH3,5,Veneto,Veneto,4905854,1433080,29.21,0.27
1721,2021-01-11,VEN,7239,2101,5138,3688,1161,1958,8,58,22,254,6,0,84,7239,0,ITH,ITH3,5,Veneto,Veneto,4905854,1440319,29.36,0.15
1722,2021-01-15,VEN,5865,1820,4045,3123,992,1570,4,46,18,9,0,5,98,5865,0,ITH,ITH3,5,Veneto,Veneto,4905854,1446184,29.48,0.12
1723,2021-04-11,VEN,20955,8853,12102,1896,137,83,345,322,4309,8186,5403,11,263,14641,6314,ITH,ITH3,5,Veneto,Veneto,4905854,1467139,29.91,0.43
1724,2021-04-12,VEN,14732,6249,8483,690,117,122,939,321,2135,6051,3976,18,363,6596,8136,ITH,ITH3,5,Veneto,Veneto,4905854,1481871,30.21,0.3
1725,2021-03-08,VEN,13491,6155,7336,716,201,385,2947,84,54,7165,474,1119,346,9432,4059,ITH,ITH3,5,Veneto,Veneto,4905854,1495362,30.48,0.27
1726,2021-04-15,VEN,20660,8533,12127,758,255,487,688,431,3809,8849,4936,8,439,9851,10809,ITH,ITH3,5,Veneto,Veneto,4905854,1516022,30.9,0.42
1727,2021-05-02,VEN,37010,17162,19848,695,172,21,534,18895,4820,4481,6478,20,894,26720,10290,ITH,ITH3,5,Veneto,Veneto,4905854,1553032,31.66,0.75
1728,2021-01-14,VEN,7061,1924,5137,3349,1065,2491,4,26,7,17,1,0,101,7061,0,ITH,ITH3,5,Veneto,Veneto,4905854,1560093,31.8,0.14
1729,2021-04-07,VEN,35585,15976,19609,2012,689,743,358,950,18032,5561,6045,109,1086,28254,7331,ITH,ITH3,5,Veneto,Veneto,4905854,1595678,32.53,0.73
1730,2021-04-14,VEN,15434,6704,8730,812,262,183,131,400,3580,5361,4273,22,410,8934,6500,ITH,ITH3,5,Veneto,Veneto,4905854,1611112,32.84,0.31
1731,2021-02-11,VEN,4013,1239,2774,2661,390,804,8,20,8,10,6,2,104,3385,628,ITH,ITH3,5,Veneto,Veneto,4905854,1615125,32.92,0.08
1732,2021-01-12,VEN,5230,1516,3714,2275,855,1753,5,29,16,176,0,0,121,5230,0,ITH,ITH3,5,Veneto,Veneto,4905854,1620355,33.03,0.11
1733,2021-03-07,VEN,4454,1743,2711,1909,195,23,832,24,4,982,388,39,58,3901,553,ITH,ITH3,5,Veneto,Veneto,4905854,1624809,33.12,0.09
1734,2021-03-02,VEN,11447,4613,6834,2930,775,1197,1869,95,32,3290,465,468,326,8169,3278,ITH,ITH3,5,Veneto,Veneto,4905854,1636256,33.35,0.23
1735,2021-01-23,VEN,4053,1247,2806,3425,173,437,3,3,2,1,1,0,8,34,4019,ITH,ITH3,5,Veneto,Veneto,4905854,1640309,33.44,0.08
1736,2021-04-09,VEN,30986,13639,17347,1751,910,608,199,924,8417,9885,7270,93,929,22661,8325,ITH,ITH3,5,Veneto,Veneto,4905854,1671295,34.07,0.63
1737,2021-03-27,VEN,32010,13966,18044,2284,1676,197,1581,668,6994,12303,4038,222,2047,26200,5810,ITH,ITH3,5,Veneto,Veneto,4905854,1703305,34.72,0.65
1738,2021-03-13,VEN,17145,7240,9905,2665,1639,109,4041,274,209,4814,2103,462,829,14039,3106,ITH,ITH3,5,Veneto,Veneto,4905854,1720450,35.07,0.35
1739,2021-02-10,VEN,4751,1588,3163,3175,552,783,2,50,19,6,1,0,163,3697,1054,ITH,ITH3,5,Veneto,Veneto,4905854,1725201,35.17,0.1
1740,2021-02-15,VEN,4386,1821,2565,486,84,383,2,19,9,3273,54,14,62,4145,241,ITH,ITH3,5,Veneto,Veneto,4905854,1729587,35.26,0.09
1741,2021-03-25,VEN,25825,10947,14878,1535,1437,1020,2262,350,5621,9923,2250,842,585,19705,6120,ITH,ITH3,5,Veneto,Veneto,4905854,1755412,35.78,0.53
1742,2021-02-20,VEN,6421,2015,4406,1905,114,100,3243,31,10,968,3,6,41,6352,69,ITH,ITH3,5,Veneto,Veneto,4905854,1761833,35.91,0.13
1743,2021-04-07,FVG,7500,3323,4177,340,299,114,33,5,2712,2100,1877,13,7,6715,785,ITH,ITH4,6,Friuli-Venezia Giulia,Friuli Venezia Giulia,1215220,7500,0.62,0.62
1744,2021-02-27,FVG,3426,1178,2248,203,140,4,1503,1,0,1523,27,25,0,3425,1,ITH,ITH4,6,Friuli-Venezia Giulia,Friuli Venezia Giulia,1215220,10926,0.9,0.28
1745,2021-01-02,FVG,1217,471,746,1150,67,0,0,0,0,0,0,0,0,1217,0,ITH,ITH4,6,Friuli-Venezia Giulia,Friuli Venezia Giulia,1215220,12143,1.0,0.1
1746,2021-01-24,FVG,305,119,186,277,27,1,0,0,0,0,0,0,0,1,304,ITH,ITH4,6,Friuli-Venezia Giulia,Friuli Venezia Giulia,1215220,12448,1.02,0.03
1747,2021-01-14,FVG,2588,789,1799,1608,550,430,0,0,0,0,0,0,0,2588,0,ITH,ITH4,6,Friuli-Venezia Giulia,Friuli Venezia Giulia,1215220,15036,1.24,0.21
1748,2021-01-07,FVG,2092,718,1374,1760,222,110,0,0,0,0,0,0,0,2092,0,ITH,ITH4,6,Friuli-Venezia Giulia,Friuli Venezia Giulia,1215220,17128,1.41,0.17
1749,2021-04-28,FVG,7108,3154,3954,256,131,38,4,357,2050,1823,2407,3,39,3667,3441,ITH,ITH4,6,Friuli-Venezia Giulia,Friuli Venezia Giulia,1215220,24236,1.99,0.58
1750,2021-03-04,FVG,3425,1591,1834,357,216,96,402,1,1,1815,33,504,0,2783,642,ITH,ITH4,6,Friuli-Venezia Giulia,Friuli Venezia Giulia,1215220,27661,2.28,0.28
1751,2021-01-08,FVG,2322,747,1575,1680,242,396,0,1,0,0,0,0,3,2322,0,ITH,ITH4,6,Friuli-Venezia Giulia,Friuli Venezia Giulia,1215220,29983,2.47,0.19
1752,2021-03-26,FVG,5806,2429,3377,500,212,234,754,22,650,2050,1264,88,32,3791,2015,ITH,ITH4,6,Friuli-Venezia Giulia,Friuli Venezia Giulia,1215220,35789,2.95,0.48
1753,2021-04-19,FVG,6678,3122,3556,190,155,39,29,264,1103,1761,3125,2,10,3279,3399,ITH,ITH4,6,Friuli-Venezia Giulia,Friuli Venezia Giulia,1215220,42467,3.49,0.55
1754,2021-02-18,FVG,3217,1492,1725,229,122,331,983,0,0,1502,16,34,0,2811,406,ITH,ITH4,6,Friuli-Venezia Giulia,Friuli Venezia Giulia,1215220,45684,3.76,0.26
1755,2021-02-19,FVG,3254,1290,1964,568,309,315,426,0,0,1589,11,35,1,2825,429,ITH,ITH4,6,Friuli-Venezia Giulia,Friuli Venezia Giulia,1215220,48938,4.03,0.27
1756,2021-02-20,FVG,2068,933,1135,11,1,148,306,0,2,1584,16,0,0,1924,144,ITH,ITH4,6,Friuli-Venezia Giulia,Friuli Venezia Giulia,1215220,51006,4.2,0.17
1757,2021-03-12,FVG,3942,1545,2397,178,63,47,589,1,5,2865,92,101,1,2562,1380,ITH,ITH4,6,Friuli-Venezia Giulia,Friuli Venezia Giulia,1215220,54948,4.52,0.32
1758,2021-02-01,FVG,2097,688,1409,1590,372,135,0,0,0,0,0,0,0,16,2081,ITH,ITH4,6,Friuli-Venezia Giulia,Friuli Venezia Giulia,1215220,57045,4.69,0.17
1759,2021-02-13,FVG,567,179,388,337,230,0,0,0,0,0,0,0,0,561,6,ITH,ITH4,6,Friuli-Venezia Giulia,Friuli Venezia Giulia,1215220,57612,4.74,0.05
1760,2021-02-08,FVG,2357,694,1663,1401,521,435,0,0,0,0,0,0,0,92,2265,ITH,ITH4,6,Friuli-Venezia Giulia,Friuli Venezia Giulia,1215220,59969,4.93,0.19
1761,2021-01-18,FVG,1962,607,1355,1360,492,110,0,0,0,0,0,0,0,1868,94,ITH,ITH4,6,Friuli-Venezia Giulia,Friuli Venezia Giulia,1215220,61931,5.1,0.16
1762,2021-01-27,FVG,1272,425,847,851,357,64,0,0,0,0,0,0,0,450,822,ITH,ITH4,6,Friuli-Venezia Giulia,Friuli Venezia Giulia,1215220,63203,5.2,0.1
1763,2021-02-12,FVG,1200,428,772,674,392,128,1,0,1,2,1,0,1,1150,50,ITH,ITH4,6,Friuli-Venezia Giulia,Friuli Venezia Giulia,1215220,64403,5.3,0.1
1764,2021-04-30,FVG,6906,3077,3829,323,235,12,7,321,1135,1685,3144,2,42,3495,3411,ITH,ITH4,6,Friuli-Venezia Giulia,Friuli Venezia Giulia,1215220,71309,5.87,0.57
1765,2021-04-15,FVG,6462,2848,3614,218,66,83,5,247,1102,1954,2765,1,21,5198,1264,ITH,ITH4,6,Friuli-Venezia Giulia,Friuli Venezia Giulia,1215220,77771,6.4,0.53
1766,2021-03-08,FVG,4041,1574,2467,694,513,140,436,0,7,2190,22,39,0,1953,2088,ITH,ITH4,6,Friuli-Venezia Giulia,Friuli Venezia Giulia,1215220,81812,6.73,0.33
1767,2021-04-10,FVG,4971,2150,2821,155,188,81,76,27,733,2086,1590,13,22,3746,1225,ITH,ITH4,6,Friuli-Venezia Giulia,Friuli Venezia Giulia,1215220,86783,7.14,0.41
1768,2021-03-01,FVG,2958,1042,1916,93,81,176,949,1,1,1636,17,4,0,2905,53,ITH,ITH4,6,Friuli-Venezia Giulia,Friuli Venezia Giulia,1215220,89741,7.38,0.24
1769,2021-01-29,FVG,2414,814,1600,1856,321,237,0,0,0,0,0,0,0,264,2150,ITH,ITH4,6,Friuli-Venezia Giulia,Friuli Venezia Giulia,1215220,92155,7.58,0.2
1770,2021-03-22,FVG,3544,1344,2200,150,88,206,464,0,1,2471,155,6,3,1589,1955,ITH,ITH4,6,Friuli-Venezia Giulia,Friuli Venezia Giulia,1215220,95699,7.88,0.29
1771,2021-03-31,FVG,8039,3503,4536,170,108,296,878,5,2336,2163,1969,112,2,7190,849,ITH,ITH4,6,Friuli-Venezia Giulia,Friuli Venezia Giulia,1215220,103738,8.54,0.66
1772,2021-04-02,FVG,6577,2917,3660,369,242,83,3,1,608,3137,2094,15,25,4741,1836,ITH,ITH4,6,Friuli-Venezia Giulia,Friuli Venezia Giulia,1215220,110315,9.08,0.54
1773,2021-02-22,FVG,2493,1196,1297,431,312,115,5,1,0,1369,14,246,0,2075,418,ITH,ITH4,6,Friuli-Venezia Giulia,Friuli Venezia Giulia,1215220,112808,9.28,0.21
1774,2021-02-28,FVG,2669,989,1680,234,162,0,1488,0,0,405,1,379,0,2274,395,ITH,ITH4,6,Friuli-Venezia Giulia,Friuli Venezia Giulia,1215220,115477,9.5,0.22
1775,2021-02-25,FVG,3076,1608,1468,22,5,299,744,0,1,1557,12,436,0,3051,25,ITH,ITH4,6,Friuli-Venezia Giulia,Friuli Venezia Giulia,1215220,118553,9.76,0.25
1776,2021-02-21,FVG,800,281,519,213,166,27,1,0,0,382,10,1,0,423,377,ITH,ITH4,6,Friuli-Venezia Giulia,Friuli Venezia Giulia,1215220,119353,9.82,0.07
1777,2021-04-29,FVG,6332,2797,3535,334,142,6,7,390,1202,1422,2771,1,57,3958,2374,ITH,ITH4,6,Friuli-Venezia Giulia,Friuli Venezia Giulia,1215220,125685,10.34,0.52
1778,2021-03-15,FVG,3765,1637,2128,329,256,180,234,1,1,2426,101,237,0,1445,2320,ITH,ITH4,6,Friuli-Venezia Giulia,Friuli Venezia Giulia,1215220,129450,10.65,0.31
1779,2021-04-03,FVG,3982,1970,2012,36,580,4,149,3,3,2248,919,36,4,2653,1329,ITH,ITH4,6,Friuli-Venezia Giulia,Friuli Venezia Giulia,1215220,133432,10.98,0.33
1780,2021-01-04,FVG,1510,559,951,1392,118,0,0,0,0,0,0,0,0,1510,0,ITH,ITH4,6,Friuli-Venezia Giulia,Friuli Venezia Giulia,1215220,134942,11.1,0.12
1781,2021-01-19,FVG,7,2,5,5,0,2,0,0,0,0,0,0,0,7,0,ITH,ITH4,6,Friuli-Venezia Giulia,Friuli Venezia Giulia,1215220,134949,11.1,0.0
1782,2021-04-05,FVG,2868,1427,1441,34,222,13,121,3,607,468,1373,27,0,2852,16,ITH,ITH4,6,Friuli-Venezia Giulia,Friuli Venezia Giulia,1215220,137817,11.34,0.24
1783,2020-12-30,FVG,630,246,384,601,29,0,0,0,0,0,0,0,0,630,0,ITH,ITH4,6,Friuli-Venezia Giulia,Friuli Venezia Giulia,1215220,138447,11.39,0.05
1784,2021-04-27,FVG,7990,3674,4316,293,287,29,2,575,1893,2106,2764,1,40,3536,4454,ITH,ITH4,6,Friuli-Venezia Giulia,Friuli Venezia Giulia,1215220,146437,12.05,0.66
1785,2020-12-31,FVG,1053,384,669,1011,42,0,0,0,0,0,0,0,0,1053,0,ITH,ITH4,6,Friuli-Venezia Giulia,Friuli Venezia Giulia,1215220,147490,12.14,0.09
1786,2021-02-07,FVG,1562,483,1079,867,693,2,0,0,0,0,0,0,0,386,1176,ITH,ITH4,6,Friuli-Venezia Giulia,Friuli Venezia Giulia,1215220,149052,12.27,0.13
1787,2021-01-03,FVG,312,122,190,285,26,1,0,0,0,0,0,0,0,312,0,ITH,ITH4,6,Friuli-Venezia Giulia,Friuli Venezia Giulia,1215220,149364,12.29,0.03
1788,2021-02-05,FVG,2613,784,1829,1612,511,490,0,0,0,0,0,0,0,90,2523,ITH,ITH4,6,Friuli-Venezia Giulia,Friuli Venezia Giulia,1215220,151977,12.51,0.22
1789,2021-04-13,FVG,7353,3284,4069,349,307,189,23,245,2205,2230,1778,12,15,5747,1606,ITH,ITH4,6,Friuli-Venezia Giulia,Friuli Venezia Giulia,1215220,159330,13.11,0.61
1790,2021-03-30,FVG,7093,3142,3951,421,334,404,138,14,2004,1937,1785,53,3,6173,920,ITH,ITH4,6,Friuli-Venezia Giulia,Friuli Venezia Giulia,1215220,166423,13.69,0.58
1791,2021-01-30,FVG,2271,744,1527,1475,354,442,0,0,0,0,0,0,0,270,2001,ITH,ITH4,6,Friuli-Venezia Giulia,Friuli Venezia Giulia,1215220,168694,13.88,0.19
1792,2021-02-03,FVG,2647,791,1856,1702,558,386,0,0,0,1,0,0,0,23,2624,ITH,ITH4,6,Friuli-Venezia Giulia,Friuli Venezia Giulia,1215220,171341,14.1,0.22
1793,2021-05-03,FVG,1181,531,650,46,68,1,8,50,197,155,649,4,3,275,906,ITH,ITH4,6,Friuli-Venezia Giulia,Friuli Venezia Giulia,1215220,172522,14.2,0.1
1794,2021-04-23,FVG,7387,3343,4044,300,138,43,7,403,1191,2201,3071,4,29,3550,3837,ITH,ITH4,6,Friuli-Venezia Giulia,Friuli Venezia Giulia,1215220,179909,14.8,0.61
1795,2021-01-10,FVG,2941,919,2022,1745,951,245,0,0,0,0,0,0,0,2941,0,ITH,ITH4,6,Friuli-Venezia Giulia,Friuli Venezia Giulia,1215220,182850,15.05,0.24
1796,2021-01-13,FVG,2651,834,1817,1822,599,230,0,0,0,0,0,0,0,2651,0,ITH,ITH4,6,Friuli-Venezia Giulia,Friuli Venezia Giulia,1215220,185501,15.26,0.22
1797,2021-02-02,FVG,2467,806,1661,1658,393,416,0,0,0,0,0,0,0,217,2250,ITH,ITH4,6,Friuli-Venezia Giulia,Friuli Venezia Giulia,1215220,187968,15.47,0.2
1798,2021-03-06,FVG,3492,1194,2298,182,249,5,1465,0,0,1565,6,20,0,3166,326,ITH,ITH4,6,Friuli-Venezia Giulia,Friuli Venezia Giulia,1215220,191460,15.76,0.29
1799,2021-04-22,FVG,6730,3069,3661,122,110,34,2,329,1559,2117,2440,1,16,3059,3671,ITH,ITH4,6,Friuli-Venezia Giulia,Friuli Venezia Giulia,1215220,198190,16.31,0.55
1800,2021-05-01,FVG,7088,3204,3884,214,36,0,2,215,106,576,5879,3,57,6051,1037,ITH,ITH4,6,Friuli-Venezia Giulia,Friuli Venezia Giulia,1215220,205278,16.89,0.58
1801,2021-04-16,FVG,6889,2984,3905,289,182,171,16,308,982,2029,2891,1,20,4971,1918,ITH,ITH4,6,Friuli-Venezia Giulia,Friuli Venezia Giulia,1215220,212167,17.46,0.57
1802,2021-03-24,FVG,3772,1530,2242,183,183,148,427,1,21,2324,419,62,4,2290,1482,ITH,ITH4,6,Friuli-Venezia Giulia,Friuli Venezia Giulia,1215220,215939,17.77,0.31
1803,2021-04-18,FVG,5979,2770,3209,320,75,81,2,397,1484,728,2864,0,28,5573,406,ITH,ITH4,6,Friuli-Venezia Giulia,Friuli Venezia Giulia,1215220,221918,18.26,0.49
1804,2021-03-23,FVG,3761,1561,2200,321,303,245,241,0,3,2449,169,29,1,1618,2143,ITH,ITH4,6,Friuli-Venezia Giulia,Friuli Venezia Giulia,1215220,225679,18.57,0.31
1805,2021-03-03,FVG,3642,1628,2014,750,546,104,427,0,0,1331,15,469,0,2364,1278,ITH,ITH4,6,Friuli-Venezia Giulia,Friuli Venezia Giulia,1215220,229321,18.87,0.3
1806,2020-12-27,FVG,262,149,113,259,3,0,0,0,0,0,0,0,0,262,0,ITH,ITH4,6,Friuli-Venezia Giulia,Friuli Venezia Giulia,1215220,229583,18.89,0.02
1807,2021-04-17,FVG,7366,3206,4160,317,116,1,3,625,592,2425,3261,2,24,5884,1482,ITH,ITH4,6,Friuli-Venezia Giulia,Friuli Venezia Giulia,1215220,236949,19.5,0.61
1808,2021-02-06,FVG,1154,338,816,755,208,191,0,0,0,0,0,0,0,22,1132,ITH,ITH4,6,Friuli-Venezia Giulia,Friuli Venezia Giulia,1215220,238103,19.59,0.09
1809,2021-01-22,FVG,90,30,60,89,1,0,0,0,0,0,0,0,0,0,90,ITH,ITH4,6,Friuli-Venezia Giulia,Friuli Venezia Giulia,1215220,238193,19.6,0.01
1810,2021-04-24,FVG,6644,2926,3718,430,55,0,1,522,281,1987,3311,1,56,5400,1244,ITH,ITH4,6,Friuli-Venezia Giulia,Friuli Venezia Giulia,1215220,244837,20.15,0.55
1811,2021-01-31,FVG,2715,836,1879,1693,1004,18,0,0,0,0,0,0,0,385,2330,ITH,ITH4,6,Friuli-Venezia Giulia,Friuli Venezia Giulia,1215220,247552,20.37,0.22
1812,2021-03-17,FVG,3236,1268,1968,429,219,200,6,0,1,2247,131,3,0,743,2493,ITH,ITH4,6,Friuli-Venezia Giulia,Friuli Venezia Giulia,1215220,250788,20.64,0.27
1813,2021-03-10,FVG,3362,1494,1868,306,301,209,195,0,1,1973,67,309,1,1570,1792,ITH,ITH4,6,Friuli-Venezia Giulia,Friuli Venezia Giulia,1215220,254150,20.91,0.28
1814,2021-03-27,FVG,4983,2560,2423,60,811,1,98,3,906,1990,1096,16,2,3572,1411,ITH,ITH4,6,Friuli-Venezia Giulia,Friuli Venezia Giulia,1215220,259133,21.32,0.41
1815,2021-04-21,FVG,7686,3437,4249,108,73,30,9,549,2463,2057,2387,4,6,4015,3671,ITH,ITH4,6,Friuli-Venezia Giulia,Friuli Venezia Giulia,1215220,266819,21.96,0.63
1816,2021-03-14,FVG,1397,548,849,0,1,0,797,0,0,248,16,335,0,1144,253,ITH,ITH4,6,Friuli-Venezia Giulia,Friuli Venezia Giulia,1215220,268216,22.07,0.11
1817,2021-02-10,FVG,1352,496,856,745,487,119,1,0,0,0,0,0,0,1266,86,ITH,ITH4,6,Friuli-Venezia Giulia,Friuli Venezia Giulia,1215220,269568,22.18,0.11
1818,2021-04-08,FVG,7172,3002,4170,261,145,237,34,4,1533,2973,1971,4,10,5250,1922,ITH,ITH4,6,Friuli-Venezia Giulia,Friuli Venezia Giulia,1215220,276740,22.77,0.59
1819,2021-01-26,FVG,1975,647,1328,1442,152,381,0,0,0,0,0,0,0,214,1761,ITH,ITH4,6,Friuli-Venezia Giulia,Friuli Venezia Giulia,1215220,278715,22.94,0.16
1820,2021-03-29,FVG,6877,3002,3875,240,211,161,315,10,2110,2417,1358,47,8,5297,1580,ITH,ITH4,6,Friuli-Venezia Giulia,Friuli Venezia Giulia,1215220,285592,23.5,0.57
1821,2021-01-12,FVG,2260,713,1547,1529,370,361,0,0,0,0,0,0,0,2260,0,ITH,ITH4,6,Friuli-Venezia Giulia,Friuli Venezia Giulia,1215220,287852,23.69,0.19
1822,2021-03-09,FVG,3863,1590,2273,657,480,200,424,2,4,2005,28,60,3,1110,2753,ITH,ITH4,6,Friuli-Venezia Giulia,Friuli Venezia Giulia,1215220,291715,24.01,0.32
1823,2021-03-28,FVG,4808,2272,2536,13,745,5,1306,8,1526,425,662,111,7,4668,140,ITH,ITH4,6,Friuli-Venezia Giulia,Friuli Venezia Giulia,1215220,296523,24.4,0.4
1824,2021-03-19,FVG,3236,1341,1895,107,47,296,134,0,0,2513,139,0,0,1302,1934,ITH,ITH4,6,Friuli-Venezia Giulia,Friuli Venezia Giulia,1215220,299759,24.67,0.27
1825,2021-01-17,FVG,1720,524,1196,674,560,486,0,0,0,0,0,0,0,1720,0,ITH,ITH4,6,Friuli-Venezia Giulia,Friuli Venezia Giulia,1215220,301479,24.81,0.14
1826,2021-04-26,FVG,5408,2439,2969,186,147,16,14,328,2093,697,1874,5,48,3772,1636,ITH,ITH4,6,Friuli-Venezia Giulia,Friuli Venezia Giulia,1215220,306887,25.25,0.45
1827,2021-01-25,FVG,1584,568,1016,1371,141,72,0,0,0,0,0,0,0,194,1390,ITH,ITH4,6,Friuli-Venezia Giulia,Friuli Venezia Giulia,1215220,308471,25.38,0.13
1828,2021-02-23,FVG,2615,1252,1363,104,44,247,1,0,2,1943,19,255,0,2437,178,ITH,ITH4,6,Friuli-Venezia Giulia,Friuli Venezia Giulia,1215220,311086,25.6,0.22
1829,2021-02-26,FVG,3740,2094,1646,75,26,561,299,0,2,1739,5,1033,0,3593,147,ITH,ITH4,6,Friuli-Venezia Giulia,Friuli Venezia Giulia,1215220,314826,25.91,0.31
1830,2021-04-12,FVG,7226,3174,4052,281,181,230,21,99,1755,2074,2562,4,19,6099,1127,ITH,ITH4,6,Friuli-Venezia Giulia,Friuli Venezia Giulia,1215220,322052,26.5,0.59
1831,2021-03-21,FVG,2600,937,1663,6,9,88,1119,0,0,1333,3,27,15,2192,408,ITH,ITH4,6,Friuli-Venezia Giulia,Friuli Venezia Giulia,1215220,324652,26.72,0.21
1832,2021-01-21,FVG,895,345,550,864,31,0,0,0,0,0,0,0,0,1,894,ITH,ITH4,6,Friuli-Venezia Giulia,Friuli Venezia Giulia,1215220,325547,26.79,0.07
1833,2021-04-11,FVG,3435,1520,1915,234,100,7,27,13,535,1225,1269,7,18,2529,906,ITH,ITH4,6,Friuli-Venezia Giulia,Friuli Venezia Giulia,1215220,328982,27.07,0.28
1834,2021-03-18,FVG,3374,1423,1951,60,23,168,4,1,1,2864,253,0,0,1692,1682,ITH,ITH4,6,Friuli-Venezia Giulia,Friuli Venezia Giulia,1215220,332356,27.35,0.28
1835,2021-03-05,FVG,3741,1481,2260,1050,654,77,146,0,8,1733,25,46,2,2668,1073,ITH,ITH4,6,Friuli-Venezia Giulia,Friuli Venezia Giulia,1215220,336097,27.66,0.31
1836,2021-01-23,FVG,816,324,492,768,48,0,0,0,0,0,0,0,0,4,812,ITH,ITH4,6,Friuli-Venezia Giulia,Friuli Venezia Giulia,1215220,336913,27.72,0.07
1837,2021-03-07,FVG,2537,926,1611,1,5,153,1782,0,0,143,0,453,0,2536,1,ITH,ITH4,6,Friuli-Venezia Giulia,Friuli Venezia Giulia,1215220,339450,27.93,0.21
1838,2021-03-02,FVG,4220,1518,2702,1163,659,203,634,0,1,1538,17,5,0,2717,1503,ITH,ITH4,6,Friuli-Venezia Giulia,Friuli Venezia Giulia,1215220,343670,28.28,0.35
1839,2021-04-09,FVG,7698,3501,4197,298,172,77,23,56,1280,2622,3162,0,8,6478,1220,ITH,ITH4,6,Friuli-Venezia Giulia,Friuli Venezia Giulia,1215220,351368,28.91,0.63
1840,2021-02-24,FVG,2518,1082,1436,23,5,312,297,1,0,1835,15,0,30,2500,18,ITH,ITH4,6,Friuli-Venezia Giulia,Friuli Venezia Giulia,1215220,353886,29.12,0.21
1841,2021-04-14,FVG,7186,3106,4080,336,224,77,3,281,1564,2148,2546,2,5,5471,1715,ITH,ITH4,6,Friuli-Venezia Giulia,Friuli Venezia Giulia,1215220,361072,29.71,0.59
1842,2021-02-11,FVG,1935,665,1270,1134,566,230,0,0,1,3,0,1,0,1742,193,ITH,ITH4,6,Friuli-Venezia Giulia,Friuli Venezia Giulia,1215220,363007,29.87,0.16
1843,2021-03-20,FVG,3347,1353,1994,415,279,10,66,2,1,2382,13,179,0,1252,2095,ITH,ITH4,6,Friuli-Venezia Giulia,Friuli Venezia Giulia,1215220,366354,30.15,0.28
1844,2021-02-17,FVG,2352,998,1354,329,178,230,0,0,0,1555,14,46,0,1873,479,ITH,ITH4,6,Friuli-Venezia Giulia,Friuli Venezia Giulia,1215220,368706,30.34,0.19
1845,2021-02-16,FVG,2516,1135,1381,260,244,221,0,0,3,1760,28,0,0,2400,116,ITH,ITH4,6,Friuli-Venezia Giulia,Friuli Venezia Giulia,1215220,371222,30.55,0.21
1846,2021-03-16,FVG,3155,1288,1867,330,256,245,1,0,3,2203,117,0,0,1075,2080,ITH,ITH4,6,Friuli-Venezia Giulia,Friuli Venezia Giulia,1215220,374377,30.81,0.26
1847,2021-02-09,FVG,1848,556,1292,1053,509,286,0,0,0,0,0,0,0,1559,289,ITH,ITH4,6,Friuli-Venezia Giulia,Friuli Venezia Giulia,1215220,376225,30.96,0.15
1848,2021-03-25,FVG,5313,2261,3052,55,57,303,835,3,956,2059,980,63,2,3178,2135,ITH,ITH4,6,Friuli-Venezia Giulia,Friuli Venezia Giulia,1215220,381538,31.4,0.44
1849,2021-02-15,FVG,2454,909,1545,700,390,316,0,0,4,1034,10,0,0,2204,250,ITH,ITH4,6,Friuli-Venezia Giulia,Friuli Venezia Giulia,1215220,383992,31.6,0.2
1850,2021-01-09,FVG,2518,841,1677,1519,406,593,0,0,0,0,0,0,0,2518,0,ITH,ITH4,6,Friuli-Venezia Giulia,Friuli Venezia Giulia,1215220,386510,31.81,0.21
1851,2021-03-13,FVG,2935,1119,1816,12,4,86,723,1,2,2058,9,40,0,1662,1273,ITH,ITH4,6,Friuli-Venezia Giulia,Friuli Venezia Giulia,1215220,389445,32.05,0.24
1852,2021-01-20,FVG,751,323,428,719,32,0,0,0,0,0,0,0,0,12,739,ITH,ITH4,6,Friuli-Venezia Giulia,Friuli Venezia Giulia,1215220,390196,32.11,0.06
1853,2021-01-05,FVG,1680,551,1129,1350,133,197,0,0,0,0,0,0,0,1680,0,ITH,ITH4,6,Friuli-Venezia Giulia,Friuli Venezia Giulia,1215220,391876,32.25,0.14
1854,2021-02-04,FVG,2731,807,1924,1723,543,465,0,0,0,0,0,0,0,36,2695,ITH,ITH4,6,Friuli-Venezia Giulia,Friuli Venezia Giulia,1215220,394607,32.47,0.22
1855,2021-04-06,FVG,6281,2773,3508,256,204,132,29,5,1098,2696,1838,19,4,5129,1152,ITH,ITH4,6,Friuli-Venezia Giulia,Friuli Venezia Giulia,1215220,400888,32.99,0.52
1856,2021-04-25,FVG,2360,988,1372,331,50,0,1,733,478,66,684,0,17,2349,11,ITH,ITH4,6,Friuli-Venezia Giulia,Friuli Venezia Giulia,1215220,403248,33.18,0.19
1857,2021-01-16,FVG,1231,360,871,771,212,248,0,0,0,0,0,0,0,1231,0,ITH,ITH4,6,Friuli-Venezia Giulia,Friuli Venezia Giulia,1215220,404479,33.28,0.1
1858,2021-04-01,FVG,6315,2995,3320,171,118,199,94,2,1171,2058,2434,57,11,5300,1015,ITH,ITH4,6,Friuli-Venezia Giulia,Friuli Venezia Giulia,1215220,410794,33.8,0.52
1859,2021-04-20,FVG,7092,3051,4041,498,314,38,8,430,1150,2362,2285,1,6,3198,3894,ITH,ITH4,6,Friuli-Venezia Giulia,Friuli Venezia Giulia,1215220,417886,34.39,0.58
1860,2021-01-06,FVG,710,264,446,515,195,0,0,0,0,0,0,0,0,710,0,ITH,ITH4,6,Friuli-Venezia Giulia,Friuli Venezia Giulia,1215220,418596,34.45,0.06
1861,2021-03-11,FVG,3343,1405,1938,263,114,290,504,1,2,2014,35,118,2,1594,1749,ITH,ITH4,6,Friuli-Venezia Giulia,Friuli Venezia Giulia,1215220,421939,34.72,0.28
1862,2021-01-28,FVG,2237,793,1444,1756,287,194,0,0,0,0,0,0,0,354,1883,ITH,ITH4,6,Friuli-Venezia Giulia,Friuli Venezia Giulia,1215220,424176,34.91,0.18
1863,2021-05-02,FVG,6216,2917,3299,259,97,1,6,339,110,1107,4256,2,39,3408,2808,ITH,ITH4,6,Friuli-Venezia Giulia,Friuli Venezia Giulia,1215220,430392,35.42,0.51
1864,2021-01-15,FVG,2028,606,1422,1283,370,375,0,0,0,0,0,0,0,2028,0,ITH,ITH4,6,Friuli-Venezia Giulia,Friuli Venezia Giulia,1215220,432420,35.58,0.17
1865,2021-01-11,FVG,1884,609,1275,1502,336,46,0,0,0,0,0,0,0,1884,0,ITH,ITH4,6,Friuli-Venezia Giulia,Friuli Venezia Giulia,1215220,434304,35.74,0.16
1866,2021-04-18,SIC,19798,9894,9904,243,84,105,95,6005,1815,2686,8668,15,82,15409,4389,ITG,ITG1,19,Sicilia,Sicilia,4999891,19798,0.4,0.4
1867,2021-04-24,SIC,31334,14798,16536,443,161,353,136,4690,2833,5667,16656,99,296,23643,7691,ITG,ITG1,19,Sicilia,Sicilia,4999891,51132,1.02,0.63
1868,2021-01-31,SIC,4113,1959,2154,2602,835,295,0,61,26,26,0,0,268,114,3999,ITG,ITG1,19,Sicilia,Sicilia,4999891,55245,1.1,0.08
1869,2021-02-10,SIC,4434,1819,2615,1975,1154,741,0,59,33,18,0,0,454,4009,425,ITG,ITG1,19,Sicilia,Sicilia,4999891,59679,1.19,0.09
1870,2021-02-17,SIC,5434,3294,2140,1531,719,887,2,39,8,10,0,1999,239,4760,674,ITG,ITG1,19,Sicilia,Sicilia,4999891,65113,1.3,0.11
1871,2021-04-21,SIC,22650,10877,11773,552,221,348,121,1670,1614,3738,14107,29,250,16454,6196,ITG,ITG1,19,Sicilia,Sicilia,4999891,87763,1.76,0.45
1872,2021-03-23,SIC,21098,10116,10982,886,421,407,1648,184,3537,5911,7399,405,300,15490,5608,ITG,ITG1,19,Sicilia,Sicilia,4999891,108861,2.18,0.42
1873,2021-03-14,SIC,8835,3951,4884,571,415,180,678,146,1692,4351,148,67,587,4977,3858,ITG,ITG1,19,Sicilia,Sicilia,4999891,117696,2.35,0.18
1874,2021-04-27,SIC,26377,12689,13688,618,222,408,103,1794,1786,4404,16757,97,188,15551,10826,ITG,ITG1,19,Sicilia,Sicilia,4999891,144073,2.88,0.53
1875,2021-01-10,SIC,3619,1615,2004,2127,552,464,0,42,22,92,0,0,320,3619,0,ITG,ITG1,19,Sicilia,Sicilia,4999891,147692,2.95,0.07
1876,2021-03-15,SIC,10876,4736,6140,1255,496,731,1155,60,1533,4920,134,308,284,5803,5073,ITG,ITG1,19,Sicilia,Sicilia,4999891,158568,3.17,0.22
1877,2021-01-28,SIC,9333,4402,4931,7469,1371,295,0,35,11,4,0,0,148,414,8919,ITG,ITG1,19,Sicilia,Sicilia,4999891,167901,3.36,0.19
1878,2021-02-14,SIC,1057,402,655,433,300,236,0,9,3,4,0,0,72,917,140,ITG,ITG1,19,Sicilia,Sicilia,4999891,168958,3.38,0.02
1879,2021-03-16,SIC,10176,4466,5710,1665,549,852,218,60,128,5733,620,75,276,4024,6152,ITG,ITG1,19,Sicilia,Sicilia,4999891,179134,3.58,0.2
1880,2021-04-20,SIC,19359,9115,10244,475,281,457,59,1477,1443,3613,11409,22,123,14001,5358,ITG,ITG1,19,Sicilia,Sicilia,4999891,198493,3.97,0.39
1881,2021-01-02,SIC,4876,2536,2340,4315,144,0,0,87,7,2,0,0,321,4876,0,ITG,ITG1,19,Sicilia,Sicilia,4999891,203369,4.07,0.1
1882,2021-04-28,SIC,29415,13811,15604,650,236,450,96,2457,2159,4477,18368,167,355,20193,9222,ITG,ITG1,19,Sicilia,Sicilia,4999891,232784,4.66,0.59
1883,2021-02-02,SIC,5542,2624,2918,3157,1562,429,0,50,7,21,0,0,316,634,4908,ITG,ITG1,19,Sicilia,Sicilia,4999891,238326,4.77,0.11
1884,2021-05-03,SIC,8175,3809,4366,241,90,99,32,559,654,1310,5103,44,43,3921,4254,ITG,ITG1,19,Sicilia,Sicilia,4999891,246501,4.93,0.16
1885,2021-05-01,SIC,24411,11307,13104,438,162,143,105,2720,2074,2530,15972,78,189,19226,5185,ITG,ITG1,19,Sicilia,Sicilia,4999891,270912,5.42,0.49
1886,2020-12-28,SIC,207,124,83,205,2,0,0,0,0,0,0,0,0,207,0,ITG,ITG1,19,Sicilia,Sicilia,4999891,271119,5.42,0.0
1887,2021-01-15,SIC,5082,2234,2848,2826,1047,479,0,67,19,2,0,0,642,5082,0,ITG,ITG1,19,Sicilia,Sicilia,4999891,276201,5.52,0.1
1888,2021-03-11,SIC,15506,6547,8959,1611,1276,1026,3325,200,2112,4052,158,993,753,12932,2574,ITG,ITG1,19,Sicilia,Sicilia,4999891,291707,5.83,0.31
1889,2021-01-11,SIC,5906,2592,3314,3923,1015,382,0,83,17,89,0,0,397,5906,0,ITG,ITG1,19,Sicilia,Sicilia,4999891,297613,5.95,0.12
1890,2021-03-24,SIC,21186,9916,11270,958,492,606,1463,346,3222,5953,7634,200,312,15297,5889,ITG,ITG1,19,Sicilia,Sicilia,4999891,318799,6.38,0.42
1891,2021-03-07,SIC,9300,3471,5829,968,561,479,3299,88,12,3462,18,227,186,8216,1084,ITG,ITG1,19,Sicilia,Sicilia,4999891,328099,6.56,0.19
1892,2021-03-26,SIC,17962,8369,9593,1074,580,364,1308,225,2838,5585,5621,125,242,12427,5535,ITG,ITG1,19,Sicilia,Sicilia,4999891,346061,6.92,0.36
1893,2021-02-28,SIC,7181,3072,4109,871,410,112,1359,90,7,3359,2,268,703,6551,630,ITG,ITG1,19,Sicilia,Sicilia,4999891,353242,7.06,0.14
1894,2021-04-07,SIC,15767,7765,8002,764,386,473,182,244,1685,4452,7162,81,338,8596,7171,ITG,ITG1,19,Sicilia,Sicilia,4999891,369009,7.38,0.32
1895,2021-01-16,SIC,2776,1195,1581,1329,561,298,0,24,15,6,0,0,543,2776,0,ITG,ITG1,19,Sicilia,Sicilia,4999891,371785,7.44,0.06
1896,2021-04-04,SIC,6988,3384,3604,192,106,184,44,114,855,2489,2895,17,92,5695,1293,ITG,ITG1,19,Sicilia,Sicilia,4999891,378773,7.58,0.14
1897,2021-01-23,SIC,4194,2166,2028,3956,199,16,0,1,2,0,0,0,20,225,3969,ITG,ITG1,19,Sicilia,Sicilia,4999891,382967,7.66,0.08
1898,2021-02-11,SIC,5335,2103,3232,2458,1444,891,0,77,25,7,0,0,433,4868,467,ITG,ITG1,19,Sicilia,Sicilia,4999891,388302,7.77,0.11
1899,2021-04-06,SIC,18177,8723,9454,804,275,602,188,280,1950,5486,8034,105,453,13854,4323,ITG,ITG1,19,Sicilia,Sicilia,4999891,406479,8.13,0.36
1900,2021-03-13,SIC,12465,5492,6973,1174,771,513,1768,210,2143,4707,133,202,844,7859,4606,ITG,ITG1,19,Sicilia,Sicilia,4999891,418944,8.38,0.25
1901,2021-02-04,SIC,6971,3200,3771,4431,1465,574,0,49,13,18,0,0,421,1460,5511,ITG,ITG1,19,Sicilia,Sicilia,4999891,425915,8.52,0.14
1902,2021-02-15,SIC,3986,1883,2103,1704,1004,636,26,28,10,14,11,351,202,3417,569,ITG,ITG1,19,Sicilia,Sicilia,4999891,429901,8.6,0.08
1903,2021-04-01,SIC,14486,6704,7782,625,239,520,191,129,2244,5118,4874,405,141,9757,4729,ITG,ITG1,19,Sicilia,Sicilia,4999891,444387,8.89,0.29
1904,2021-02-19,SIC,5177,2763,2414,1488,852,610,239,31,13,83,2,1541,318,4606,571,ITG,ITG1,19,Sicilia,Sicilia,4999891,449564,8.99,0.1
1905,2021-02-18,SIC,5497,3174,2323,1636,884,834,96,21,8,10,5,1836,167,5065,432,ITG,ITG1,19,Sicilia,Sicilia,4999891,455061,9.1,0.11
1906,2021-02-21,SIC,5178,2508,2670,379,165,174,153,38,6,3920,3,174,166,5070,108,ITG,ITG1,19,Sicilia,Sicilia,4999891,460239,9.2,0.1
1907,2021-01-18,SIC,1578,659,919,723,166,229,0,22,11,0,0,0,427,1432,146,ITG,ITG1,19,Sicilia,Sicilia,4999891,461817,9.24,0.03
1908,2021-04-03,SIC,16399,7800,8599,439,167,283,199,1006,4322,4984,4565,36,398,13556,2843,ITG,ITG1,19,Sicilia,Sicilia,4999891,478216,9.56,0.33
1909,2021-03-27,SIC,15815,7464,8351,652,410,366,742,248,1826,5663,5579,56,273,10894,4921,ITG,ITG1,19,Sicilia,Sicilia,4999891,494031,9.88,0.32
1910,2021-02-12,SIC,4747,1853,2894,2301,1398,644,0,45,17,10,0,0,332,4416,331,ITG,ITG1,19,Sicilia,Sicilia,4999891,498778,9.98,0.09
1911,2021-01-27,SIC,7535,3839,3696,6331,819,152,0,44,11,7,0,0,171,189,7346,ITG,ITG1,19,Sicilia,Sicilia,4999891,506313,10.13,0.15
1912,2021-04-02,SIC,14058,6616,7442,633,223,377,205,131,2133,5219,4897,79,161,9265,4793,ITG,ITG1,19,Sicilia,Sicilia,4999891,520371,10.41,0.28
1913,2021-02-13,SIC,3107,1168,1939,1296,921,570,0,36,19,13,0,0,252,2850,257,ITG,ITG1,19,Sicilia,Sicilia,4999891,523478,10.47,0.06
1914,2021-01-25,SIC,7517,3701,3816,6638,577,70,0,21,7,44,0,0,160,322,7195,ITG,ITG1,19,Sicilia,Sicilia,4999891,530995,10.62,0.15
1915,2021-04-12,SIC,19104,9301,9803,426,153,398,118,1396,1675,3666,11051,27,194,11746,7358,ITG,ITG1,19,Sicilia,Sicilia,4999891,550099,11.0,0.38
1916,2021-03-20,SIC,18944,9094,9850,836,316,434,1221,191,2527,5565,7308,113,433,13554,5390,ITG,ITG1,19,Sicilia,Sicilia,4999891,569043,11.38,0.38
1917,2021-04-11,SIC,15510,7630,7880,220,102,188,97,794,1033,3251,9693,15,117,8480,7030,ITG,ITG1,19,Sicilia,Sicilia,4999891,584553,11.69,0.31
1918,2021-03-09,SIC,13247,5635,7612,1595,1210,713,3699,112,19,4036,218,1138,507,10871,2376,ITG,ITG1,19,Sicilia,Sicilia,4999891,597800,11.96,0.26
1919,2021-02-24,SIC,9602,4871,4731,1424,755,504,923,25,23,4101,1,1618,228,9006,596,ITG,ITG1,19,Sicilia,Sicilia,4999891,607402,12.15,0.19
1920,2021-04-22,SIC,27066,12795,14271,625,158,364,98,3052,2046,4401,16078,36,208,20571,6495,ITG,ITG1,19,Sicilia,Sicilia,4999891,634468,12.69,0.54
1921,2021-02-08,SIC,4086,1759,2327,2346,1028,397,0,37,5,16,0,0,257,2128,1958,ITG,ITG1,19,Sicilia,Sicilia,4999891,638554,12.77,0.08
1922,2021-01-07,SIC,9173,4239,4934,7694,974,210,0,64,8,2,0,0,221,9173,0,ITG,ITG1,19,Sicilia,Sicilia,4999891,647727,12.95,0.18
1923,2021-02-16,SIC,4414,2300,2114,1465,976,818,1,35,9,27,8,878,197,3947,467,ITG,ITG1,19,Sicilia,Sicilia,4999891,652141,13.04,0.09
1924,2021-01-09,SIC,7326,3424,3902,5034,1070,456,0,117,36,41,0,0,572,7326,0,ITG,ITG1,19,Sicilia,Sicilia,4999891,659467,13.19,0.15
1925,2021-03-31,SIC,14657,6768,7889,649,299,539,190,140,2230,5249,5078,108,175,9629,5028,ITG,ITG1,19,Sicilia,Sicilia,4999891,674124,13.48,0.29
1926,2021-03-08,SIC,13586,5850,7736,2013,1127,715,4001,135,24,3936,73,1025,537,10772,2814,ITG,ITG1,19,Sicilia,Sicilia,4999891,687710,13.75,0.27
1927,2021-03-29,SIC,15053,7051,8002,877,348,342,304,130,2532,5053,5184,104,179,10535,4518,ITG,ITG1,19,Sicilia,Sicilia,4999891,702763,14.06,0.3
1928,2021-01-30,SIC,7840,3570,4270,5453,1611,475,0,47,12,4,0,0,238,175,7665,ITG,ITG1,19,Sicilia,Sicilia,4999891,710603,14.21,0.16
1929,2021-01-14,SIC,5259,2518,2741,3052,1281,259,0,106,34,90,0,0,437,5259,0,ITG,ITG1,19,Sicilia,Sicilia,4999891,715862,14.32,0.11
1930,2021-03-21,SIC,15228,7338,7890,489,228,75,958,161,2142,4573,6221,112,269,11253,3975,ITG,ITG1,19,Sicilia,Sicilia,4999891,731090,14.62,0.3
1931,2021-01-13,SIC,5266,2491,2775,3046,1192,461,0,92,28,27,0,1,419,5266,0,ITG,ITG1,19,Sicilia,Sicilia,4999891,736356,14.73,0.11
1932,2021-03-04,SIC,15216,6560,8656,2811,1839,750,3832,117,36,4034,27,1207,563,11012,4204,ITG,ITG1,19,Sicilia,Sicilia,4999891,751572,15.03,0.3
1933,2021-03-05,SIC,15948,6877,9071,3193,1697,757,4085,94,30,4081,106,1489,416,11622,4326,ITG,ITG1,19,Sicilia,Sicilia,4999891,767520,15.35,0.32
1934,2021-04-29,SIC,31685,14788,16897,912,288,427,108,2649,2198,4539,20132,152,280,22237,9448,ITG,ITG1,19,Sicilia,Sicilia,4999891,799205,15.98,0.63
1935,2021-01-24,SIC,4341,2266,2075,3996,265,3,0,12,6,37,0,0,22,148,4193,ITG,ITG1,19,Sicilia,Sicilia,4999891,803546,16.07,0.09
1936,2021-02-23,SIC,8951,4690,4261,1268,736,535,581,16,9,4077,2,1486,241,8461,490,ITG,ITG1,19,Sicilia,Sicilia,4999891,812497,16.25,0.18
1937,2021-04-19,SIC,18595,8799,9796,671,435,387,80,917,1255,3505,11184,24,137,12867,5728,ITG,ITG1,19,Sicilia,Sicilia,4999891,831092,16.62,0.37
1938,2021-04-25,SIC,21330,10187,11143,252,135,126,51,3358,1751,3634,11823,54,146,16410,4920,ITG,ITG1,19,Sicilia,Sicilia,4999891,852422,17.05,0.43
1939,2021-01-04,SIC,8373,4172,4201,7595,547,6,0,26,8,2,0,0,189,8373,0,ITG,ITG1,19,Sicilia,Sicilia,4999891,860795,17.22,0.17
1940,2021-03-03,SIC,14710,6548,8162,2409,1520,517,3833,68,15,4374,44,1427,503,11622,3088,ITG,ITG1,19,Sicilia,Sicilia,4999891,875505,17.51,0.29
1941,2021-04-23,SIC,28925,13851,15074,641,221,411,109,4086,2412,4341,16432,64,208,22982,5943,ITG,ITG1,19,Sicilia,Sicilia,4999891,904430,18.09,0.58
1942,2021-04-05,SIC,8194,4035,4159,232,72,177,56,116,964,2926,3584,5,62,6753,1441,ITG,ITG1,19,Sicilia,Sicilia,4999891,912624,18.25,0.16
1943,2021-02-25,SIC,10175,5279,4896,1772,927,527,672,30,7,4058,26,1743,413,8995,1180,ITG,ITG1,19,Sicilia,Sicilia,4999891,922799,18.46,0.2
1944,2021-02-01,SIC,6080,2685,3395,4168,1239,318,0,47,13,44,0,0,251,304,5776,ITG,ITG1,19,Sicilia,Sicilia,4999891,928879,18.58,0.12
1945,2021-04-14,SIC,20670,9940,10730,601,191,393,100,1634,1626,4180,11759,29,157,11836,8834,ITG,ITG1,19,Sicilia,Sicilia,4999891,949549,18.99,0.41
1946,2021-01-26,SIC,9530,4686,4844,8393,768,254,0,21,7,2,0,0,85,265,9265,ITG,ITG1,19,Sicilia,Sicilia,4999891,959079,19.18,0.19
1947,2021-04-09,SIC,20697,10100,10597,740,355,385,285,916,1936,4401,11349,89,241,11504,9193,ITG,ITG1,19,Sicilia,Sicilia,4999891,979776,19.6,0.41
1948,2021-01-03,SIC,4695,2455,2240,4363,206,0,0,34,3,1,0,0,88,4695,0,ITG,ITG1,19,Sicilia,Sicilia,4999891,984471,19.69,0.09
1949,2021-02-06,SIC,5071,2229,2842,2537,1496,592,0,36,12,5,0,0,393,1488,3583,ITG,ITG1,19,Sicilia,Sicilia,4999891,989542,19.79,0.1
1950,2021-01-19,SIC,1275,523,752,524,125,238,0,20,13,18,0,0,337,1094,181,ITG,ITG1,19,Sicilia,Sicilia,4999891,990817,19.82,0.03
1951,2021-02-03,SIC,6106,2859,3247,3359,1499,624,0,91,20,11,0,0,502,756,5350,ITG,ITG1,19,Sicilia,Sicilia,4999891,996923,19.94,0.12
1952,2021-04-13,SIC,20157,9799,10358,674,217,330,127,1599,1867,3811,11354,41,137,11296,8861,ITG,ITG1,19,Sicilia,Sicilia,4999891,1017080,20.34,0.4
1953,2021-04-16,SIC,28842,14475,14367,746,332,661,107,8350,2387,4278,11770,33,178,20456,8386,ITG,ITG1,19,Sicilia,Sicilia,4999891,1045922,20.92,0.58
1954,2021-02-07,SIC,2349,997,1352,1611,435,157,0,16,9,1,0,0,120,675,1674,ITG,ITG1,19,Sicilia,Sicilia,4999891,1048271,20.97,0.05
1955,2021-04-08,SIC,17039,8400,8639,700,430,484,158,235,1585,3877,9160,132,278,8515,8524,ITG,ITG1,19,Sicilia,Sicilia,4999891,1065310,21.31,0.34
1956,2021-03-02,SIC,14958,6390,8568,2384,1211,525,4334,50,5,4535,57,1411,446,12133,2825,ITG,ITG1,19,Sicilia,Sicilia,4999891,1080268,21.61,0.3
1957,2021-05-02,SIC,24772,11488,13284,469,152,113,102,2783,1832,2255,16690,62,314,18131,6641,ITG,ITG1,19,Sicilia,Sicilia,4999891,1105040,22.1,0.5
1958,2021-03-25,SIC,20529,9546,10983,1326,536,612,1381,256,3206,5611,7178,195,228,14987,5542,ITG,ITG1,19,Sicilia,Sicilia,4999891,1125569,22.51,0.41
1959,2021-03-30,SIC,14630,6773,7857,717,403,390,255,149,2531,5128,4720,171,166,9802,4828,ITG,ITG1,19,Sicilia,Sicilia,4999891,1140199,22.8,0.29
1960,2021-01-20,SIC,810,412,398,424,59,192,0,20,2,0,0,0,113,573,237,ITG,ITG1,19,Sicilia,Sicilia,4999891,1141009,22.82,0.02
1961,2021-01-17,SIC,1299,587,712,621,319,160,0,12,8,3,0,0,176,1245,54,ITG,ITG1,19,Sicilia,Sicilia,4999891,1142308,22.85,0.03
1962,2021-04-26,SIC,21978,10406,11572,490,221,475,73,1392,1356,3696,14081,51,143,13821,8157,ITG,ITG1,19,Sicilia,Sicilia,4999891,1164286,23.29,0.44
1963,2020-12-29,SIC,235,146,89,235,0,0,0,0,0,0,0,0,0,235,0,ITG,ITG1,19,Sicilia,Sicilia,4999891,1164521,23.29,0.0
1964,2021-03-06,SIC,12956,5184,7772,2003,1212,878,3652,106,20,3963,65,704,353,10049,2907,ITG,ITG1,19,Sicilia,Sicilia,4999891,1177477,23.55,0.26
1965,2021-03-22,SIC,16871,7949,8922,916,359,370,1231,151,2166,5647,5682,121,228,11318,5553,ITG,ITG1,19,Sicilia,Sicilia,4999891,1194348,23.89,0.34
1966,2021-04-10,SIC,20689,10103,10586,487,196,367,240,1395,1768,4247,11738,44,207,11631,9058,ITG,ITG1,19,Sicilia,Sicilia,4999891,1215037,24.3,0.41
1967,2021-02-05,SIC,7217,3232,3985,3618,1903,856,0,74,32,109,0,0,625,2132,5085,ITG,ITG1,19,Sicilia,Sicilia,4999891,1222254,24.45,0.14
1968,2020-12-30,SIC,173,101,72,156,11,0,0,0,0,0,0,0,6,173,0,ITG,ITG1,19,Sicilia,Sicilia,4999891,1222427,24.45,0.0
1969,2021-04-30,SIC,34906,16339,18567,946,358,291,183,2952,2629,5012,21991,202,342,23711,11195,ITG,ITG1,19,Sicilia,Sicilia,4999891,1257333,25.15,0.7
1970,2021-02-26,SIC,12249,5978,6271,1837,1124,399,2454,47,18,3954,1,1854,561,10559,1690,ITG,ITG1,19,Sicilia,Sicilia,4999891,1269582,25.39,0.24
1971,2021-02-09,SIC,4371,1831,2540,2241,871,640,0,59,27,15,0,0,518,3365,1006,ITG,ITG1,19,Sicilia,Sicilia,4999891,1273953,25.48,0.09
1972,2021-03-17,SIC,15459,7578,7881,1406,547,688,306,158,206,5778,6051,73,246,9512,5947,ITG,ITG1,19,Sicilia,Sicilia,4999891,1289412,25.79,0.31
1973,2021-02-22,SIC,8042,4164,3878,1110,452,561,322,30,10,4149,0,1153,255,7548,494,ITG,ITG1,19,Sicilia,Sicilia,4999891,1297454,25.95,0.16
1974,2021-03-19,SIC,16556,8145,8411,1266,590,622,456,149,579,5435,7124,52,283,10811,5745,ITG,ITG1,19,Sicilia,Sicilia,4999891,1314010,26.28,0.33
1975,2021-01-06,SIC,6472,3403,3069,5718,434,2,0,51,31,15,0,0,221,6472,0,ITG,ITG1,19,Sicilia,Sicilia,4999891,1320482,26.41,0.13
1976,2021-04-15,SIC,21421,10412,11009,801,448,345,112,1746,1531,4207,11997,35,199,11831,9590,ITG,ITG1,19,Sicilia,Sicilia,4999891,1341903,26.84,0.43
1977,2021-01-08,SIC,8328,3864,4464,6591,942,213,0,78,33,23,0,0,448,8328,0,ITG,ITG1,19,Sicilia,Sicilia,4999891,1350231,27.01,0.17
1978,2021-03-01,SIC,12984,6131,6853,1559,1042,395,3154,58,18,4376,34,1859,489,11325,1659,ITG,ITG1,19,Sicilia,Sicilia,4999891,1363215,27.26,0.26
1979,2021-03-28,SIC,11042,5186,5856,535,303,171,187,90,948,4521,4117,28,142,7025,4017,ITG,ITG1,19,Sicilia,Sicilia,4999891,1374257,27.49,0.22
1980,2021-01-12,SIC,4543,2235,2308,2863,1177,195,0,61,14,29,0,0,204,4543,0,ITG,ITG1,19,Sicilia,Sicilia,4999891,1378800,27.58,0.09
1981,2020-12-31,SIC,878,470,408,828,6,0,0,4,0,0,0,0,40,878,0,ITG,ITG1,19,Sicilia,Sicilia,4999891,1379678,27.59,0.02
1982,2021-01-05,SIC,10528,5160,5368,9075,915,207,0,47,7,4,0,0,273,10528,0,ITG,ITG1,19,Sicilia,Sicilia,4999891,1390206,27.8,0.21
1983,2021-01-22,SIC,1239,628,611,1039,59,118,0,3,0,0,0,0,20,242,997,ITG,ITG1,19,Sicilia,Sicilia,4999891,1391445,27.83,0.02
1984,2021-01-01,SIC,815,437,378,740,29,0,0,10,0,0,0,0,36,815,0,ITG,ITG1,19,Sicilia,Sicilia,4999891,1392260,27.85,0.02
1985,2021-01-29,SIC,9364,4323,5041,7155,1601,305,0,27,8,79,0,0,189,432,8932,ITG,ITG1,19,Sicilia,Sicilia,4999891,1401624,28.03,0.19
1986,2021-03-18,SIC,15647,7796,7851,1285,500,617,37,162,191,5468,7023,73,291,9920,5727,ITG,ITG1,19,Sicilia,Sicilia,4999891,1417271,28.35,0.31
1987,2021-03-12,SIC,13146,5622,7524,1391,873,751,2407,238,1989,3885,158,627,827,10922,2224,ITG,ITG1,19,Sicilia,Sicilia,4999891,1430417,28.61,0.26
1988,2021-02-27,SIC,12450,5570,6880,1515,777,280,3371,149,11,3976,2,1146,1223,11239,1211,ITG,ITG1,19,Sicilia,Sicilia,4999891,1442867,28.86,0.25
1989,2021-03-10,SIC,13991,5977,8014,1481,1362,983,3767,148,24,4189,154,1120,763,11600,2391,ITG,ITG1,19,Sicilia,Sicilia,4999891,1456858,29.14,0.28
1990,2021-01-21,SIC,1341,652,689,1012,125,138,0,11,4,0,0,0,51,500,841,ITG,ITG1,19,Sicilia,Sicilia,4999891,1458199,29.16,0.03
1991,2021-04-17,SIC,26210,13241,12969,324,118,247,89,7813,2371,3876,11183,31,158,19053,7157,ITG,ITG1,19,Sicilia,Sicilia,4999891,1484409,29.69,0.52
1992,2020-12-27,SIC,90,54,36,62,1,26,0,0,0,0,0,0,1,90,0,ITG,ITG1,19,Sicilia,Sicilia,4999891,1484499,29.69,0.0
1993,2021-02-20,SIC,7285,3737,3548,848,712,561,175,39,14,3987,9,730,210,7033,252,ITG,ITG1,19,Sicilia,Sicilia,4999891,1491784,29.84,0.15
1994,2021-01-26,BAS,793,350,443,622,70,35,0,18,0,0,0,0,48,101,692,ITF,ITF5,17,Basilicata,Basilicata,559084,793,0.14,0.14
1995,2021-01-31,BAS,77,24,53,75,2,0,0,0,0,0,0,0,0,0,77,ITF,ITF5,17,Basilicata,Basilicata,559084,870,0.16,0.01
1996,2021-02-10,BAS,547,237,310,176,153,127,1,0,0,90,0,0,0,495,52,ITF,ITF5,17,Basilicata,Basilicata,559084,1417,0.25,0.1
1997,2021-04-13,BAS,2135,1060,1075,147,15,1,73,420,443,821,178,6,31,1303,832,ITF,ITF5,17,Basilicata,Basilicata,559084,3552,0.64,0.38
1998,2021-03-27,BAS,2075,771,1304,18,34,0,381,14,19,1560,30,5,14,1760,315,ITF,ITF5,17,Basilicata,Basilicata,559084,5627,1.01,0.37
1999,2021-04-15,BAS,3454,1675,1779,115,37,1,35,243,207,738,2038,6,34,2645,809,ITF,ITF5,17,Basilicata,Basilicata,559084,9081,1.62,0.62
2000,2021-03-10,BAS,1650,814,836,101,57,33,273,1,4,877,2,300,2,811,839,ITF,ITF5,17,Basilicata,Basilicata,559084,10731,1.92,0.3
2001,2021-03-08,BAS,1450,707,743,221,158,38,273,7,12,410,2,299,30,840,610,ITF,ITF5,17,Basilicata,Basilicata,559084,12181,2.18,0.26
2002,2021-03-28,BAS,2149,746,1403,92,6,8,714,3,8,1279,7,2,30,2126,23,ITF,ITF5,17,Basilicata,Basilicata,559084,14330,2.56,0.38
2003,2021-03-20,BAS,1286,566,720,45,69,0,178,0,8,950,30,5,1,275,1011,ITF,ITF5,17,Basilicata,Basilicata,559084,15616,2.79,0.23
2004,2021-04-06,BAS,1403,481,922,206,70,7,589,29,8,345,61,27,61,1207,196,ITF,ITF5,17,Basilicata,Basilicata,559084,17019,3.04,0.25
2005,2021-04-26,BAS,4462,2163,2299,24,12,0,69,440,1008,180,2636,17,76,4245,217,ITF,ITF5,17,Basilicata,Basilicata,559084,21481,3.84,0.8
2006,2021-03-19,BAS,2284,988,1296,58,96,0,142,1,8,1950,2,22,5,261,2023,ITF,ITF5,17,Basilicata,Basilicata,559084,23765,4.25,0.41
2007,2021-01-29,BAS,613,229,384,398,38,70,0,41,2,16,0,0,48,63,550,ITF,ITF5,17,Basilicata,Basilicata,559084,24378,4.36,0.11
2008,2021-02-24,BAS,1803,743,1060,85,14,2,0,4,8,1686,0,1,3,1734,69,ITF,ITF5,17,Basilicata,Basilicata,559084,26181,4.68,0.32
2009,2021-02-07,BAS,373,159,214,259,74,40,0,0,0,0,0,0,0,49,324,ITF,ITF5,17,Basilicata,Basilicata,559084,26554,4.75,0.07
2010,2021-01-17,BAS,328,133,195,233,12,54,0,5,1,0,0,0,23,327,1,ITF,ITF5,17,Basilicata,Basilicata,559084,26882,4.81,0.06
2011,2021-04-11,BAS,849,330,519,74,3,9,225,3,5,47,475,3,5,788,61,ITF,ITF5,17,Basilicata,Basilicata,559084,27731,4.96,0.15
2012,2021-01-21,BAS,30,10,20,0,0,0,0,2,0,4,0,0,24,30,0,ITF,ITF5,17,Basilicata,Basilicata,559084,27761,4.97,0.01
2013,2021-04-12,BAS,2249,1086,1163,227,24,31,102,719,440,523,157,14,12,1675,574,ITF,ITF5,17,Basilicata,Basilicata,559084,30010,5.37,0.4
2014,2021-02-23,BAS,1901,771,1130,159,24,35,0,4,15,1658,0,0,6,1763,138,ITF,ITF5,17,Basilicata,Basilicata,559084,31911,5.71,0.34
2015,2021-02-26,BAS,2148,904,1244,88,94,1,0,2,6,1954,0,0,3,2069,79,ITF,ITF5,17,Basilicata,Basilicata,559084,34059,6.09,0.38
2016,2021-01-25,BAS,1021,428,593,829,80,1,0,33,2,0,0,0,76,74,947,ITF,ITF5,17,Basilicata,Basilicata,559084,35080,6.27,0.18
2017,2021-03-21,BAS,1047,482,565,32,1,0,159,2,9,805,0,0,39,352,695,ITF,ITF5,17,Basilicata,Basilicata,559084,36127,6.46,0.19
2018,2021-03-05,BAS,1849,855,994,298,157,72,309,6,12,689,2,296,8,1104,745,ITF,ITF5,17,Basilicata,Basilicata,559084,37976,6.79,0.33
2019,2021-01-07,BAS,640,319,321,556,8,29,0,16,0,0,0,0,31,640,0,ITF,ITF5,17,Basilicata,Basilicata,559084,38616,6.91,0.11
2020,2021-04-04,BAS,543,215,328,9,8,0,88,7,0,406,20,4,1,130,413,ITF,ITF5,17,Basilicata,Basilicata,559084,39159,7.0,0.1
2021,2021-04-17,BAS,3457,1656,1801,53,7,0,10,13,17,1235,2105,12,5,2192,1265,ITF,ITF5,17,Basilicata,Basilicata,559084,42616,7.62,0.62
2022,2021-04-22,BAS,5037,2346,2691,61,17,23,85,273,903,1451,2080,61,83,3434,1603,ITF,ITF5,17,Basilicata,Basilicata,559084,47653,8.52,0.9
2023,2021-03-03,BAS,1740,813,927,191,298,99,244,3,3,590,58,253,1,1184,556,ITF,ITF5,17,Basilicata,Basilicata,559084,49393,8.83,0.31
2024,2021-03-06,BAS,1351,535,816,296,140,57,259,0,2,383,0,212,2,757,594,ITF,ITF5,17,Basilicata,Basilicata,559084,50744,9.08,0.24
2025,2021-01-22,BAS,67,24,43,6,0,0,0,13,10,19,0,0,19,67,0,ITF,ITF5,17,Basilicata,Basilicata,559084,50811,9.09,0.01
2026,2021-03-25,BAS,1762,581,1181,38,53,11,673,4,12,916,28,24,3,1448,314,ITF,ITF5,17,Basilicata,Basilicata,559084,52573,9.4,0.32
2027,2021-03-16,BAS,1899,799,1100,103,30,0,62,4,13,1671,2,6,8,228,1671,ITF,ITF5,17,Basilicata,Basilicata,559084,54472,9.74,0.34
2028,2021-01-09,BAS,557,160,397,386,55,67,1,7,0,0,0,0,41,557,0,ITF,ITF5,17,Basilicata,Basilicata,559084,55029,9.84,0.1
2029,2021-02-15,BAS,621,232,389,191,134,46,0,0,3,246,0,1,0,580,41,ITF,ITF5,17,Basilicata,Basilicata,559084,55650,9.95,0.11
2030,2021-03-13,BAS,1794,888,906,82,325,46,213,2,6,864,1,245,10,749,1045,ITF,ITF5,17,Basilicata,Basilicata,559084,57444,10.27,0.32
2031,2021-02-09,BAS,491,213,278,200,237,54,0,0,0,0,0,0,0,316,175,ITF,ITF5,17,Basilicata,Basilicata,559084,57935,10.36,0.09
2032,2020-12-27,BAS,106,41,65,104,0,0,0,0,0,0,0,0,2,106,0,ITF,ITF5,17,Basilicata,Basilicata,559084,58041,10.38,0.02
2033,2021-05-01,BAS,4695,2130,2565,77,23,9,334,431,704,94,2706,33,284,3952,743,ITF,ITF5,17,Basilicata,Basilicata,559084,62736,11.22,0.84
2034,2021-01-27,BAS,411,175,236,299,17,26,0,12,9,25,0,0,23,113,298,ITF,ITF5,17,Basilicata,Basilicata,559084,63147,11.29,0.07
2035,2021-01-02,BAS,949,380,569,855,43,0,3,9,0,0,0,0,39,949,0,ITF,ITF5,17,Basilicata,Basilicata,559084,64096,11.46,0.17
2036,2021-01-05,BAS,945,409,536,861,44,0,0,12,0,0,0,0,28,945,0,ITF,ITF5,17,Basilicata,Basilicata,559084,65041,11.63,0.17
2037,2021-01-20,BAS,84,22,62,0,0,0,0,10,8,43,0,0,23,84,0,ITF,ITF5,17,Basilicata,Basilicata,559084,65125,11.65,0.02
2038,2021-03-09,BAS,1391,706,685,222,51,33,238,2,2,545,0,292,6,787,604,ITF,ITF5,17,Basilicata,Basilicata,559084,66516,11.9,0.25
2039,2021-03-23,BAS,1198,492,706,49,5,2,279,5,2,827,5,21,3,1091,107,ITF,ITF5,17,Basilicata,Basilicata,559084,67714,12.11,0.21
2040,2021-04-20,BAS,4031,1916,2115,32,13,10,60,57,213,1698,1922,10,16,2195,1836,ITF,ITF5,17,Basilicata,Basilicata,559084,71745,12.83,0.72
2041,2021-01-15,BAS,813,350,463,578,21,174,0,5,1,1,0,0,33,813,0,ITF,ITF5,17,Basilicata,Basilicata,559084,72558,12.98,0.15
2042,2021-05-02,BAS,4177,1999,2178,54,8,0,175,296,763,22,2724,10,125,3549,628,ITF,ITF5,17,Basilicata,Basilicata,559084,76735,13.73,0.75
2043,2021-04-19,BAS,4214,1924,2290,78,21,58,125,30,103,1590,2159,11,39,2553,1661,ITF,ITF5,17,Basilicata,Basilicata,559084,80949,14.48,0.75
2044,2021-04-08,BAS,887,408,479,264,57,0,188,16,9,85,200,37,31,876,11,ITF,ITF5,17,Basilicata,Basilicata,559084,81836,14.64,0.16
2045,2021-01-11,BAS,183,66,117,107,21,41,0,4,0,0,0,0,10,183,0,ITF,ITF5,17,Basilicata,Basilicata,559084,82019,14.67,0.03
2046,2021-01-28,BAS,903,401,502,717,24,81,0,30,0,1,0,0,50,119,784,ITF,ITF5,17,Basilicata,Basilicata,559084,82922,14.83,0.16
2047,2021-03-11,BAS,1783,919,864,163,83,77,223,5,5,905,3,289,30,824,959,ITF,ITF5,17,Basilicata,Basilicata,559084,84705,15.15,0.32
2048,2021-03-02,BAS,791,381,410,110,33,5,213,5,4,184,0,237,0,656,135,ITF,ITF5,17,Basilicata,Basilicata,559084,85496,15.29,0.14
2049,2021-02-11,BAS,951,401,550,200,158,107,0,0,6,472,0,4,4,868,83,ITF,ITF5,17,Basilicata,Basilicata,559084,86447,15.46,0.17
2050,2021-04-14,BAS,2081,1011,1070,34,4,2,92,295,602,676,337,14,25,1391,690,ITF,ITF5,17,Basilicata,Basilicata,559084,88528,15.83,0.37
2051,2021-01-12,BAS,217,88,129,87,22,99,0,1,0,0,0,0,8,217,0,ITF,ITF5,17,Basilicata,Basilicata,559084,88745,15.87,0.04
2052,2021-01-23,BAS,711,301,410,596,38,1,0,18,2,8,0,0,48,33,678,ITF,ITF5,17,Basilicata,Basilicata,559084,89456,16.0,0.13
2053,2021-04-09,BAS,1155,352,803,142,16,1,624,12,12,138,128,50,32,1088,67,ITF,ITF5,17,Basilicata,Basilicata,559084,90611,16.21,0.21
2054,2021-01-14,BAS,969,413,556,504,112,323,0,6,0,0,0,0,24,969,0,ITF,ITF5,17,Basilicata,Basilicata,559084,91580,16.38,0.17
2055,2021-03-07,BAS,882,308,574,39,12,4,471,2,0,328,0,22,4,844,38,ITF,ITF5,17,Basilicata,Basilicata,559084,92462,16.54,0.16
2056,2021-01-18,BAS,463,157,306,364,52,45,0,0,0,0,0,0,2,364,99,ITF,ITF5,17,Basilicata,Basilicata,559084,92925,16.62,0.08
2057,2021-04-07,BAS,1404,581,823,269,21,20,584,8,10,109,340,23,20,1369,35,ITF,ITF5,17,Basilicata,Basilicata,559084,94329,16.87,0.25
2058,2021-05-03,BAS,1189,519,670,101,9,17,79,38,219,7,678,1,40,982,207,ITF,ITF5,17,Basilicata,Basilicata,559084,95518,17.08,0.21
2059,2021-03-04,BAS,1872,889,983,217,151,66,241,1,5,843,41,302,5,1079,793,ITF,ITF5,17,Basilicata,Basilicata,559084,97390,17.42,0.33
2060,2021-04-28,BAS,4708,2158,2550,117,51,11,41,335,1151,135,2735,11,121,4266,442,ITF,ITF5,17,Basilicata,Basilicata,559084,102098,18.26,0.84
2061,2021-02-20,BAS,1161,531,630,77,171,80,0,0,9,810,11,0,3,1043,118,ITF,ITF5,17,Basilicata,Basilicata,559084,103259,18.47,0.21
2062,2021-04-05,BAS,439,166,273,2,3,0,72,2,1,338,16,4,1,137,302,ITF,ITF5,17,Basilicata,Basilicata,559084,103698,18.55,0.08
2063,2021-02-14,BAS,151,48,103,55,12,65,0,0,1,18,0,0,0,151,0,ITF,ITF5,17,Basilicata,Basilicata,559084,103849,18.57,0.03
2064,2021-02-19,BAS,1622,737,885,219,360,66,0,1,13,962,0,0,1,1560,62,ITF,ITF5,17,Basilicata,Basilicata,559084,105471,18.86,0.29
2065,2021-03-26,BAS,1959,708,1251,196,8,3,475,13,9,1209,22,8,16,1697,262,ITF,ITF5,17,Basilicata,Basilicata,559084,107430,19.22,0.35
2066,2021-01-08,BAS,554,219,335,383,33,59,0,36,0,0,0,0,43,554,0,ITF,ITF5,17,Basilicata,Basilicata,559084,107984,19.31,0.1
2067,2021-02-01,BAS,242,91,151,156,24,48,0,4,1,0,0,0,9,46,196,ITF,ITF5,17,Basilicata,Basilicata,559084,108226,19.36,0.04
2068,2021-01-16,BAS,721,304,417,466,17,161,2,17,0,1,0,0,57,721,0,ITF,ITF5,17,Basilicata,Basilicata,559084,108947,19.49,0.13
2069,2021-03-12,BAS,1896,975,921,266,64,37,258,1,8,985,0,274,3,798,1098,ITF,ITF5,17,Basilicata,Basilicata,559084,110843,19.83,0.34
2070,2021-01-19,BAS,199,84,115,78,48,44,0,3,6,8,0,0,12,199,0,ITF,ITF5,17,Basilicata,Basilicata,559084,111042,19.86,0.04
2071,2021-04-25,BAS,2985,1459,1526,18,10,12,84,184,648,33,1946,10,40,2929,56,ITF,ITF5,17,Basilicata,Basilicata,559084,114027,20.4,0.53
2072,2021-01-04,BAS,607,271,336,550,49,0,2,1,0,0,0,0,5,607,0,ITF,ITF5,17,Basilicata,Basilicata,559084,114634,20.5,0.11
2073,2021-04-01,BAS,2851,1154,1697,79,33,24,293,15,23,2193,104,18,69,2136,715,ITF,ITF5,17,Basilicata,Basilicata,559084,117485,21.01,0.51
2074,2021-03-14,BAS,1008,477,531,41,110,8,249,0,3,516,0,79,2,539,469,ITF,ITF5,17,Basilicata,Basilicata,559084,118493,21.19,0.18
2075,2021-04-24,BAS,4538,2198,2340,50,16,2,102,370,877,771,2249,14,87,3559,979,ITF,ITF5,17,Basilicata,Basilicata,559084,123031,22.01,0.81
2076,2021-03-17,BAS,1448,606,842,22,12,0,2,6,9,1390,0,5,2,27,1421,ITF,ITF5,17,Basilicata,Basilicata,559084,124479,22.26,0.26
2077,2021-04-21,BAS,3936,1848,2088,20,6,0,66,114,231,1493,1963,21,22,2268,1668,ITF,ITF5,17,Basilicata,Basilicata,559084,128415,22.97,0.7
2078,2021-04-30,BAS,5274,2370,2904,133,58,2,379,349,891,469,2807,57,129,4120,1154,ITF,ITF5,17,Basilicata,Basilicata,559084,133689,23.91,0.94
2079,2021-02-12,BAS,775,332,443,288,192,90,0,3,4,192,0,6,0,744,31,ITF,ITF5,17,Basilicata,Basilicata,559084,134464,24.05,0.14
2080,2021-02-16,BAS,905,377,528,250,93,67,0,1,1,492,0,1,0,807,98,ITF,ITF5,17,Basilicata,Basilicata,559084,135369,24.21,0.16
2081,2021-02-27,BAS,1986,856,1130,103,123,21,0,16,6,1678,4,0,35,1822,164,ITF,ITF5,17,Basilicata,Basilicata,559084,137355,24.57,0.36
2082,2021-02-17,BAS,1135,493,642,123,53,57,1,0,12,885,0,1,3,1059,76,ITF,ITF5,17,Basilicata,Basilicata,559084,138490,24.77,0.2
2083,2021-02-04,BAS,1094,441,653,638,106,281,0,26,0,3,0,0,40,63,1031,ITF,ITF5,17,Basilicata,Basilicata,559084,139584,24.97,0.2
2084,2021-03-31,BAS,3254,1295,1959,69,46,0,234,20,13,2673,131,21,47,2470,784,ITF,ITF5,17,Basilicata,Basilicata,559084,142838,25.55,0.58
2085,2021-04-27,BAS,4709,2239,2470,73,21,0,23,340,1159,211,2793,18,71,4399,310,ITF,ITF5,17,Basilicata,Basilicata,559084,147547,26.39,0.84
2086,2021-01-06,BAS,294,129,165,229,9,36,0,6,0,0,0,0,14,294,0,ITF,ITF5,17,Basilicata,Basilicata,559084,147841,26.44,0.05
2087,2021-03-01,BAS,540,279,261,121,107,4,50,1,1,169,0,86,1,376,164,ITF,ITF5,17,Basilicata,Basilicata,559084,148381,26.54,0.1
2088,2021-02-18,BAS,1070,401,669,270,59,150,0,0,0,588,0,0,3,855,215,ITF,ITF5,17,Basilicata,Basilicata,559084,149451,26.73,0.19
2089,2021-03-18,BAS,1348,562,786,32,0,0,0,1,7,1306,0,0,2,24,1324,ITF,ITF5,17,Basilicata,Basilicata,559084,150799,26.97,0.24
2090,2021-02-28,BAS,802,342,460,32,29,0,0,0,0,740,0,0,1,774,28,ITF,ITF5,17,Basilicata,Basilicata,559084,151601,27.12,0.14
2091,2021-04-29,BAS,4837,2383,2454,189,62,1,13,549,829,76,2960,33,125,4417,420,ITF,ITF5,17,Basilicata,Basilicata,559084,156438,27.98,0.87
2092,2021-02-21,BAS,284,113,171,16,1,11,1,0,1,254,0,0,0,284,0,ITF,ITF5,17,Basilicata,Basilicata,559084,156722,28.03,0.05
2093,2021-02-25,BAS,1787,736,1051,67,3,0,0,1,6,1705,0,1,4,1741,46,ITF,ITF5,17,Basilicata,Basilicata,559084,158509,28.35,0.32
2094,2021-02-22,BAS,1790,773,1017,125,23,2,0,2,7,1627,0,0,4,1737,53,ITF,ITF5,17,Basilicata,Basilicata,559084,160299,28.67,0.32
2095,2021-02-08,BAS,557,193,364,436,72,49,0,0,0,0,0,0,0,151,406,ITF,ITF5,17,Basilicata,Basilicata,559084,160856,28.77,0.1
2096,2021-04-18,BAS,3721,1846,1875,30,6,0,17,44,214,1341,2051,15,3,2353,1368,ITF,ITF5,17,Basilicata,Basilicata,559084,164577,29.44,0.67
2097,2021-04-03,BAS,1823,759,1064,43,3,0,314,12,8,1113,294,14,22,1479,344,ITF,ITF5,17,Basilicata,Basilicata,559084,166400,29.76,0.33
2098,2021-03-29,BAS,2691,988,1703,71,20,1,674,15,10,1790,60,8,42,2351,340,ITF,ITF5,17,Basilicata,Basilicata,559084,169091,30.24,0.48
2099,2021-03-15,BAS,2347,981,1366,78,30,0,266,3,6,1934,1,23,6,520,1827,ITF,ITF5,17,Basilicata,Basilicata,559084,171438,30.66,0.42
2100,2021-02-02,BAS,367,143,224,212,15,102,0,9,1,0,0,2,26,175,192,ITF,ITF5,17,Basilicata,Basilicata,559084,171805,30.73,0.07
2101,2021-01-30,BAS,704,227,477,424,82,126,0,20,0,0,0,0,52,128,576,ITF,ITF5,17,Basilicata,Basilicata,559084,172509,30.86,0.13
2102,2021-02-03,BAS,666,300,366,425,15,172,0,40,1,0,0,0,13,32,634,ITF,ITF5,17,Basilicata,Basilicata,559084,173175,30.97,0.12
2103,2021-04-23,BAS,4538,2181,2357,75,29,6,46,233,997,765,2244,22,121,3535,1003,ITF,ITF5,17,Basilicata,Basilicata,559084,177713,31.79,0.81
2104,2021-01-03,BAS,900,344,556,790,53,0,2,7,0,0,0,0,48,900,0,ITF,ITF5,17,Basilicata,Basilicata,559084,178613,31.95,0.16
2105,2021-01-10,BAS,77,24,53,9,2,0,0,7,4,0,0,0,55,77,0,ITF,ITF5,17,Basilicata,Basilicata,559084,178690,31.96,0.01
2106,2021-03-30,BAS,2931,1197,1734,37,15,0,513,8,15,2206,99,13,25,2586,345,ITF,ITF5,17,Basilicata,Basilicata,559084,181621,32.49,0.52
2107,2021-02-05,BAS,984,443,541,611,38,191,0,23,8,5,0,0,108,64,920,ITF,ITF5,17,Basilicata,Basilicata,559084,182605,32.66,0.18
2108,2021-01-13,BAS,916,387,529,699,11,148,1,37,1,1,0,0,18,916,0,ITF,ITF5,17,Basilicata,Basilicata,559084,183521,32.83,0.16
2109,2021-03-24,BAS,1565,638,927,69,24,0,430,5,8,956,6,45,22,1209,356,ITF,ITF5,17,Basilicata,Basilicata,559084,185086,33.11,0.28
2110,2021-04-02,BAS,2329,1052,1277,98,34,2,25,18,33,1747,271,42,59,1722,607,ITF,ITF5,17,Basilicata,Basilicata,559084,187415,33.52,0.42
2111,2021-01-24,BAS,836,300,536,708,46,1,0,13,0,0,0,0,68,58,778,ITF,ITF5,17,Basilicata,Basilicata,559084,188251,33.67,0.15
2112,2021-02-06,BAS,902,367,535,546,186,168,1,1,0,0,0,0,0,146,756,ITF,ITF5,17,Basilicata,Basilicata,559084,189153,33.83,0.16
2113,2021-04-16,BAS,3357,1648,1709,32,21,1,71,19,35,888,2269,6,15,2439,918,ITF,ITF5,17,Basilicata,Basilicata,559084,192510,34.43,0.6
2114,2021-03-22,BAS,1173,530,643,46,68,0,385,2,5,642,7,16,2,626,547,ITF,ITF5,17,Basilicata,Basilicata,559084,193683,34.64,0.21
2115,2021-04-10,BAS,1043,386,657,65,12,8,490,5,4,148,283,21,7,961,82,ITF,ITF5,17,Basilicata,Basilicata,559084,194726,34.83,0.19
2116,2021-02-13,BAS,799,313,486,279,155,115,0,5,14,201,0,2,28,738,61,ITF,ITF5,17,Basilicata,Basilicata,559084,195525,34.97,0.14
2117,2021-04-27,MAR,9414,4315,5099,146,57,37,290,1367,3923,1045,2468,37,44,5414,4000,ITI,ITI3,11,Marche,Marche,1525271,9414,0.62,0.62
2118,2021-02-16,MAR,1292,475,817,737,434,92,0,3,2,0,0,0,24,1262,30,ITI,ITI3,11,Marche,Marche,1525271,10706,0.7,0.08
2119,2021-02-28,MAR,2841,1251,1590,19,6,0,2,2,3,2800,0,2,7,2835,6,ITI,ITI3,11,Marche,Marche,1525271,13547,0.89,0.19
2120,2021-03-25,MAR,6657,2774,3883,464,148,373,519,95,27,4383,258,122,268,3247,3410,ITI,ITI3,11,Marche,Marche,1525271,20204,1.32,0.44
2121,2021-01-23,MAR,560,190,370,441,55,63,0,0,0,0,0,0,1,123,437,ITI,ITI3,11,Marche,Marche,1525271,20764,1.36,0.04
2122,2021-03-22,MAR,5661,2378,3283,408,232,70,433,14,14,4183,19,238,50,2532,3129,ITI,ITI3,11,Marche,Marche,1525271,26425,1.73,0.37
2123,2021-04-29,MAR,13249,6064,7185,264,136,92,636,1908,3646,1415,4964,90,98,7157,6092,ITI,ITI3,11,Marche,Marche,1525271,39674,2.6,0.87
2124,2021-02-21,MAR,377,142,235,204,62,57,1,11,1,0,0,0,41,376,1,ITI,ITI3,11,Marche,Marche,1525271,40051,2.63,0.02
2125,2021-03-29,MAR,5898,2587,3311,228,147,39,215,34,67,4280,732,75,81,3446,2452,ITI,ITI3,11,Marche,Marche,1525271,45949,3.01,0.39
2126,2021-03-09,MAR,5533,2376,3157,754,226,41,1070,20,4,2588,124,652,54,4644,889,ITI,ITI3,11,Marche,Marche,1525271,51482,3.38,0.36
2127,2021-01-02,MAR,453,139,314,444,9,0,0,0,0,0,0,0,0,453,0,ITI,ITI3,11,Marche,Marche,1525271,51935,3.4,0.03
2128,2021-02-15,MAR,973,413,560,544,390,1,0,4,1,1,12,0,20,960,13,ITI,ITI3,11,Marche,Marche,1525271,52908,3.47,0.06
2129,2021-02-03,MAR,2125,742,1383,1344,569,166,0,4,5,2,0,0,35,119,2006,ITI,ITI3,11,Marche,Marche,1525271,55033,3.61,0.14
2130,2021-01-15,MAR,1771,500,1271,985,357,366,0,9,3,0,0,0,51,1771,0,ITI,ITI3,11,Marche,Marche,1525271,56804,3.72,0.12
2131,2021-04-23,MAR,11164,5141,6023,182,84,73,53,2841,3419,1686,2723,45,58,8108,3056,ITI,ITI3,11,Marche,Marche,1525271,67968,4.46,0.73
2132,2021-01-24,MAR,894,344,550,775,118,0,0,0,0,0,0,0,1,17,877,ITI,ITI3,11,Marche,Marche,1525271,68862,4.51,0.06
2133,2021-04-20,MAR,10726,5007,5719,181,74,101,87,1953,4637,594,3053,21,25,9301,1425,ITI,ITI3,11,Marche,Marche,1525271,79588,5.22,0.7
2134,2021-03-15,MAR,4513,2120,2393,300,81,11,242,38,8,3478,27,217,111,1423,3090,ITI,ITI3,11,Marche,Marche,1525271,84101,5.51,0.3
2135,2021-04-01,MAR,7606,3195,4411,391,239,46,284,37,159,4615,1692,70,73,4180,3426,ITI,ITI3,11,Marche,Marche,1525271,91707,6.01,0.5
2136,2021-01-03,MAR,896,348,548,759,130,0,0,1,0,0,0,0,6,896,0,ITI,ITI3,11,Marche,Marche,1525271,92603,6.07,0.06
2137,2021-01-04,MAR,1502,564,938,1291,195,11,0,1,0,0,0,0,4,1502,0,ITI,ITI3,11,Marche,Marche,1525271,94105,6.17,0.1
2138,2021-01-19,MAR,226,82,144,121,20,85,0,0,0,0,0,0,0,141,85,ITI,ITI3,11,Marche,Marche,1525271,94331,6.18,0.01
2139,2021-03-11,MAR,6832,2930,3902,1094,386,52,1148,25,9,3227,86,700,105,5461,1371,ITI,ITI3,11,Marche,Marche,1525271,101163,6.63,0.45
2140,2021-03-13,MAR,5877,2708,3169,664,168,58,237,26,10,4248,13,353,100,1916,3961,ITI,ITI3,11,Marche,Marche,1525271,107040,7.02,0.39
2141,2021-05-02,MAR,8902,3938,4964,274,116,4,936,1937,2168,745,2640,39,43,3161,5741,ITI,ITI3,11,Marche,Marche,1525271,115942,7.6,0.58
2142,2021-04-16,MAR,10169,4746,5423,324,155,76,513,228,3853,697,4093,21,209,9632,537,ITI,ITI3,11,Marche,Marche,1525271,126111,8.27,0.67
2143,2021-03-30,MAR,7448,3057,4391,524,321,276,367,44,113,4273,1385,80,65,4610,2838,ITI,ITI3,11,Marche,Marche,1525271,133559,8.76,0.49
2144,2021-01-13,MAR,2105,746,1359,1408,578,76,0,6,5,15,0,0,17,2105,0,ITI,ITI3,11,Marche,Marche,1525271,135664,8.89,0.14
2145,2021-02-06,MAR,2460,900,1560,1402,536,415,0,21,8,4,0,0,74,523,1937,ITI,ITI3,11,Marche,Marche,1525271,138124,9.06,0.16
2146,2021-02-05,MAR,2157,653,1504,1318,347,419,0,6,8,2,0,0,57,440,1717,ITI,ITI3,11,Marche,Marche,1525271,140281,9.2,0.14
2147,2021-04-19,MAR,9613,4500,5113,245,124,13,64,1479,4118,975,2416,36,143,8030,1583,ITI,ITI3,11,Marche,Marche,1525271,149894,9.83,0.63
2148,2021-02-19,MAR,1971,716,1255,1273,405,203,2,7,4,2,13,0,62,1836,135,ITI,ITI3,11,Marche,Marche,1525271,151865,9.96,0.13
2149,2021-02-18,MAR,2105,746,1359,1150,502,402,1,14,4,1,0,0,31,1817,288,ITI,ITI3,11,Marche,Marche,1525271,153970,10.09,0.14
2150,2021-03-27,MAR,7421,3084,4337,278,170,144,711,77,107,4087,1536,133,178,5052,2369,ITI,ITI3,11,Marche,Marche,1525271,161391,10.58,0.49
2151,2021-01-31,MAR,1929,773,1156,1533,392,0,0,1,0,0,0,0,3,105,1824,ITI,ITI3,11,Marche,Marche,1525271,163320,10.71,0.13
2152,2021-01-14,MAR,2010,692,1318,1112,558,298,0,4,1,0,0,0,37,2010,0,ITI,ITI3,11,Marche,Marche,1525271,165330,10.84,0.13
2153,2021-02-10,MAR,1439,452,987,881,292,215,0,6,1,0,0,0,44,1080,359,ITI,ITI3,11,Marche,Marche,1525271,166769,10.93,0.09
2154,2021-04-17,MAR,11751,5331,6420,204,152,130,614,326,4108,921,5166,14,116,10676,1075,ITI,ITI3,11,Marche,Marche,1525271,178520,11.7,0.77
2155,2021-03-10,MAR,5783,2490,3293,721,411,114,1041,12,11,2675,100,652,46,4646,1137,ITI,ITI3,11,Marche,Marche,1525271,184303,12.08,0.38
2156,2021-01-18,MAR,673,230,443,370,116,132,0,5,8,30,0,0,12,547,126,ITI,ITI3,11,Marche,Marche,1525271,184976,12.13,0.04
2157,2020-12-30,MAR,17,5,12,14,3,0,0,0,0,0,0,0,0,17,0,ITI,ITI3,11,Marche,Marche,1525271,184993,12.13,0.0
2158,2021-02-24,MAR,3496,1518,1978,229,191,214,1,5,4,2823,22,3,4,3416,80,ITI,ITI3,11,Marche,Marche,1525271,188489,12.36,0.23
2159,2021-01-17,MAR,1604,685,919,969,367,46,0,50,30,4,0,0,138,1550,54,ITI,ITI3,11,Marche,Marche,1525271,190093,12.46,0.11
2160,2021-03-02,MAR,4966,1943,3023,589,184,259,538,12,3,3320,4,3,54,4400,566,ITI,ITI3,11,Marche,Marche,1525271,195059,12.79,0.33
2161,2021-02-20,MAR,4127,1708,2419,118,118,261,0,17,13,3581,0,3,16,4016,111,ITI,ITI3,11,Marche,Marche,1525271,199186,13.06,0.27
2162,2021-04-28,MAR,10732,4891,5841,217,60,84,322,1631,3738,990,3400,42,248,6001,4731,ITI,ITI3,11,Marche,Marche,1525271,209918,13.76,0.7
2163,2021-04-09,MAR,9688,4262,5426,273,73,104,1321,108,2334,1619,3693,70,93,9486,202,ITI,ITI3,11,Marche,Marche,1525271,219606,14.4,0.64
2164,2021-04-26,MAR,8994,3987,5007,158,70,30,179,1740,4042,898,1776,42,59,5969,3025,ITI,ITI3,11,Marche,Marche,1525271,228600,14.99,0.59
2165,2021-03-20,MAR,4146,1745,2401,181,63,114,89,10,4,3641,14,12,18,1054,3092,ITI,ITI3,11,Marche,Marche,1525271,232746,15.26,0.27
2166,2021-04-05,MAR,5696,2359,3337,253,84,103,758,54,1005,2268,1112,28,31,4427,1269,ITI,ITI3,11,Marche,Marche,1525271,238442,15.63,0.37
2167,2021-04-11,MAR,7136,3125,4011,282,97,10,783,47,2168,1233,2452,44,20,6850,286,ITI,ITI3,11,Marche,Marche,1525271,245578,16.1,0.47
2168,2021-03-28,MAR,4134,1744,2390,45,45,6,396,17,32,2667,873,11,42,2439,1695,ITI,ITI3,11,Marche,Marche,1525271,249712,16.37,0.27
2169,2021-01-09,MAR,1709,605,1104,1406,238,0,0,17,2,0,0,0,46,1709,0,ITI,ITI3,11,Marche,Marche,1525271,251421,16.48,0.11
2170,2021-04-12,MAR,8579,3779,4800,179,82,88,1157,107,2845,1315,2609,79,118,8092,487,ITI,ITI3,11,Marche,Marche,1525271,260000,17.05,0.56
2171,2021-01-25,MAR,1597,560,1037,1426,111,56,0,0,0,2,0,0,2,97,1500,ITI,ITI3,11,Marche,Marche,1525271,261597,17.15,0.1
2172,2021-01-07,MAR,1802,633,1169,1480,279,0,0,8,0,0,0,0,35,1802,0,ITI,ITI3,11,Marche,Marche,1525271,263399,17.27,0.12
2173,2021-03-19,MAR,3870,1605,2265,495,135,293,6,5,7,2838,63,13,15,343,3527,ITI,ITI3,11,Marche,Marche,1525271,267269,17.52,0.25
2174,2021-02-12,MAR,1583,618,965,815,423,88,0,32,14,3,0,0,208,1431,152,ITI,ITI3,11,Marche,Marche,1525271,268852,17.63,0.1
2175,2021-04-21,MAR,10811,4978,5833,273,111,46,81,2394,4300,557,2874,43,132,9612,1199,ITI,ITI3,11,Marche,Marche,1525271,279663,18.34,0.71
2176,2021-02-04,MAR,2342,810,1532,1406,602,275,0,11,3,1,0,0,44,112,2230,ITI,ITI3,11,Marche,Marche,1525271,282005,18.49,0.15
2177,2021-04-06,MAR,8887,3697,5190,310,185,161,1728,97,1740,1890,2582,98,96,8072,815,ITI,ITI3,11,Marche,Marche,1525271,290892,19.07,0.58
2178,2021-04-25,MAR,8854,4119,4735,207,37,1,20,4116,2156,677,1603,22,15,7212,1642,ITI,ITI3,11,Marche,Marche,1525271,299746,19.65,0.58
2179,2021-01-22,MAR,487,167,320,315,74,87,0,1,0,0,0,0,10,194,293,ITI,ITI3,11,Marche,Marche,1525271,300233,19.68,0.03
2180,2021-03-14,MAR,2517,1036,1481,442,58,1,456,4,3,1537,5,2,9,1919,598,ITI,ITI3,11,Marche,Marche,1525271,302750,19.85,0.17
2181,2021-03-05,MAR,6294,2957,3337,1128,324,144,803,52,27,2389,185,1116,126,4827,1467,ITI,ITI3,11,Marche,Marche,1525271,309044,20.26,0.41
2182,2021-02-09,MAR,125,42,83,78,21,26,0,0,0,0,0,0,0,47,78,ITI,ITI3,11,Marche,Marche,1525271,309169,20.27,0.01
2183,2021-03-01,MAR,3727,1489,2238,387,138,87,286,4,1,2793,4,5,22,3480,247,ITI,ITI3,11,Marche,Marche,1525271,312896,20.51,0.24
2184,2021-04-30,MAR,13940,6100,7840,342,78,92,1476,1651,3683,1644,4814,55,105,5401,8539,ITI,ITI3,11,Marche,Marche,1525271,326836,21.43,0.91
2185,2021-03-03,MAR,6764,3096,3668,820,374,256,783,36,12,3134,195,1056,98,5883,881,ITI,ITI3,11,Marche,Marche,1525271,333600,21.87,0.44
2186,2021-02-27,MAR,3374,1440,1934,186,142,161,1,6,1,2848,17,6,6,3165,209,ITI,ITI3,11,Marche,Marche,1525271,336974,22.09,0.22
2187,2021-01-06,MAR,2181,792,1389,1738,261,147,0,5,1,0,0,0,29,2181,0,ITI,ITI3,11,Marche,Marche,1525271,339155,22.24,0.14
2188,2021-02-23,MAR,3274,1400,1874,219,57,118,0,7,4,2826,0,8,35,3218,56,ITI,ITI3,11,Marche,Marche,1525271,342429,22.45,0.21
2189,2021-03-31,MAR,7381,3086,4295,477,327,162,257,31,103,4560,1299,87,78,4355,3026,ITI,ITI3,11,Marche,Marche,1525271,349810,22.93,0.48
2190,2021-04-14,MAR,10278,4595,5683,418,161,80,1013,182,3551,902,3794,41,136,9904,374,ITI,ITI3,11,Marche,Marche,1525271,360088,23.61,0.67
2191,2021-02-11,MAR,1988,658,1330,1155,370,212,0,32,22,32,0,0,165,1599,389,ITI,ITI3,11,Marche,Marche,1525271,362076,23.74,0.13
2192,2021-02-22,MAR,3414,1499,1915,326,89,77,2,7,0,2869,1,5,38,3339,75,ITI,ITI3,11,Marche,Marche,1525271,365490,23.96,0.22
2193,2021-04-10,MAR,11110,4714,6396,313,169,80,1112,210,2823,2241,4033,53,76,10791,319,ITI,ITI3,11,Marche,Marche,1525271,376600,24.69,0.73
2194,2021-03-16,MAR,3577,1549,2028,317,71,56,5,7,6,2931,46,111,27,394,3183,ITI,ITI3,11,Marche,Marche,1525271,380177,24.93,0.23
2195,2021-04-04,MAR,3828,1793,2035,189,117,7,84,10,633,2010,755,10,13,2657,1171,ITI,ITI3,11,Marche,Marche,1525271,384005,25.18,0.25
2196,2021-03-07,MAR,5183,2108,3075,607,167,32,896,13,2,3007,76,336,47,4430,753,ITI,ITI3,11,Marche,Marche,1525271,389188,25.52,0.34
2197,2021-04-02,MAR,7002,3033,3969,389,210,112,424,47,735,2701,2129,213,42,6259,743,ITI,ITI3,11,Marche,Marche,1525271,396190,25.98,0.46
2198,2021-01-12,MAR,1226,413,813,912,255,50,0,2,0,0,0,0,7,1226,0,ITI,ITI3,11,Marche,Marche,1525271,397416,26.06,0.08
2199,2021-02-02,MAR,1193,397,796,804,265,93,0,5,0,5,0,0,21,73,1120,ITI,ITI3,11,Marche,Marche,1525271,398609,26.13,0.08
2200,2021-05-01,MAR,9315,3921,5394,185,138,15,1281,2036,1824,873,2892,14,57,3576,5739,ITI,ITI3,11,Marche,Marche,1525271,407924,26.74,0.61
2201,2021-02-08,MAR,833,258,575,408,133,262,0,6,3,4,0,0,17,371,462,ITI,ITI3,11,Marche,Marche,1525271,408757,26.8,0.05
2202,2021-02-25,MAR,3563,1447,2116,432,137,423,1,8,5,2493,27,3,34,3384,179,ITI,ITI3,11,Marche,Marche,1525271,412320,27.03,0.23
2203,2021-01-05,MAR,1562,586,976,1436,112,0,0,3,2,0,0,0,9,1562,0,ITI,ITI3,11,Marche,Marche,1525271,413882,27.13,0.1
2204,2021-01-27,MAR,2122,780,1342,1754,156,140,0,13,10,8,0,0,41,122,2000,ITI,ITI3,11,Marche,Marche,1525271,416004,27.27,0.14
2205,2021-04-03,MAR,7597,3217,4380,322,152,60,293,76,827,2954,2820,20,73,6925,672,ITI,ITI3,11,Marche,Marche,1525271,423601,27.77,0.5
2206,2020-12-27,MAR,200,97,103,184,12,4,0,0,0,0,0,0,0,200,0,ITI,ITI3,11,Marche,Marche,1525271,423801,27.79,0.01
2207,2021-03-18,MAR,3445,1514,1931,326,188,125,3,7,8,2653,23,98,14,216,3229,ITI,ITI3,11,Marche,Marche,1525271,427246,28.01,0.23
2208,2021-01-10,MAR,1737,699,1038,1462,253,0,0,5,1,0,0,0,16,1737,0,ITI,ITI3,11,Marche,Marche,1525271,428983,28.13,0.11
2209,2021-02-07,MAR,1873,735,1138,1156,482,46,0,41,20,4,0,0,124,344,1529,ITI,ITI3,11,Marche,Marche,1525271,430856,28.25,0.12
2210,2021-04-08,MAR,7537,3290,4247,273,95,96,715,82,2073,1334,2804,26,39,7206,331,ITI,ITI3,11,Marche,Marche,1525271,438393,28.74,0.49
2211,2021-03-23,MAR,5819,2538,3281,260,104,139,328,23,7,4639,27,220,72,2272,3547,ITI,ITI3,11,Marche,Marche,1525271,444212,29.12,0.38
2212,2021-03-24,MAR,7038,2983,4055,484,152,202,592,40,25,4814,321,161,247,3369,3669,ITI,ITI3,11,Marche,Marche,1525271,451250,29.58,0.46
2213,2021-01-20,MAR,400,100,300,148,56,190,0,2,0,1,0,0,3,386,14,ITI,ITI3,11,Marche,Marche,1525271,451650,29.61,0.03
2214,2021-04-07,MAR,7821,3442,4379,189,143,176,973,75,1888,1335,2904,30,108,7485,336,ITI,ITI3,11,Marche,Marche,1525271,459471,30.12,0.51
2215,2021-01-11,MAR,1176,411,765,1021,155,0,0,0,0,0,0,0,0,1176,0,ITI,ITI3,11,Marche,Marche,1525271,460647,30.2,0.08
2216,2021-01-28,MAR,1975,661,1314,1583,238,101,0,9,1,0,0,0,43,167,1808,ITI,ITI3,11,Marche,Marche,1525271,462622,30.33,0.13
2217,2021-01-30,MAR,1908,669,1239,1566,293,0,0,12,0,0,0,0,37,29,1879,ITI,ITI3,11,Marche,Marche,1525271,464530,30.46,0.13
2218,2020-12-31,MAR,385,180,205,371,14,0,0,0,0,0,0,0,0,385,0,ITI,ITI3,11,Marche,Marche,1525271,464915,30.48,0.03
2219,2021-02-14,MAR,738,301,437,578,109,0,0,10,0,0,0,0,41,738,0,ITI,ITI3,11,Marche,Marche,1525271,465653,30.53,0.05
2220,2021-01-08,MAR,1576,588,988,1227,324,0,0,5,0,0,0,0,20,1576,0,ITI,ITI3,11,Marche,Marche,1525271,467229,30.63,0.1
2221,2021-01-26,MAR,2017,746,1271,1736,153,86,0,15,4,1,0,0,22,92,1925,ITI,ITI3,11,Marche,Marche,1525271,469246,30.76,0.13
2222,2021-04-15,MAR,10389,4679,5710,503,138,128,932,192,3639,780,3841,55,181,9824,565,ITI,ITI3,11,Marche,Marche,1525271,479635,31.45,0.68
2223,2021-02-13,MAR,1064,455,609,457,311,90,0,25,10,16,0,0,155,1012,52,ITI,ITI3,11,Marche,Marche,1525271,480699,31.52,0.07
2224,2021-04-22,MAR,10805,4942,5863,236,84,30,58,2750,3928,688,2953,37,41,9224,1581,ITI,ITI3,11,Marche,Marche,1525271,491504,32.22,0.71
2225,2021-03-04,MAR,6627,2978,3649,1064,375,115,769,53,18,2806,222,1041,164,5233,1394,ITI,ITI3,11,Marche,Marche,1525271,498131,32.66,0.43
2226,2021-03-08,MAR,6368,2809,3559,768,228,220,1015,8,2,3102,147,830,48,5366,1002,ITI,ITI3,11,Marche,Marche,1525271,504499,33.08,0.42
2227,2021-01-29,MAR,1992,730,1262,1480,404,74,0,6,0,3,0,0,25,168,1824,ITI,ITI3,11,Marche,Marche,1525271,506491,33.21,0.13
2228,2021-01-16,MAR,2006,723,1283,1059,415,285,0,53,42,21,0,0,131,2006,0,ITI,ITI3,11,Marche,Marche,1525271,508497,33.34,0.13
2229,2021-03-12,MAR,4718,2020,2698,821,445,17,929,20,11,1907,3,487,78,3472,1246,ITI,ITI3,11,Marche,Marche,1525271,513215,33.65,0.31
2230,2021-03-26,MAR,6346,2614,3732,336,222,190,501,58,31,4092,396,204,316,3535,2811,ITI,ITI3,11,Marche,Marche,1525271,519561,34.06,0.42
2231,2021-02-01,MAR,1365,480,885,1057,200,81,0,5,0,0,0,0,22,98,1267,ITI,ITI3,11,Marche,Marche,1525271,520926,34.15,0.09
2232,2021-04-13,MAR,9861,4275,5586,204,105,60,1075,163,3748,955,3469,32,50,9620,241,ITI,ITI3,11,Marche,Marche,1525271,530787,34.8,0.65
2233,2021-05-03,MAR,3799,1793,2006,129,23,0,355,297,1540,324,1105,16,10,1728,2071,ITI,ITI3,11,Marche,Marche,1525271,534586,35.05,0.25
2234,2021-03-21,MAR,4512,1878,2634,87,42,57,205,19,7,4047,9,13,26,1632,2880,ITI,ITI3,11,Marche,Marche,1525271,539098,35.34,0.3
2235,2021-01-21,MAR,899,255,644,461,85,336,0,1,0,3,0,0,13,585,314,ITI,ITI3,11,Marche,Marche,1525271,539997,35.4,0.06
2236,2021-04-18,MAR,8843,4141,4702,261,67,2,455,1077,2952,377,3618,11,23,7922,921,ITI,ITI3,11,Marche,Marche,1525271,548840,35.98,0.58
2237,2021-04-24,MAR,12033,5311,6722,132,134,46,78,2368,3734,1675,3744,33,89,7564,4469,ITI,ITI3,11,Marche,Marche,1525271,560873,36.77,0.79
2238,2021-02-17,MAR,1791,664,1127,968,472,309,0,6,1,1,22,0,12,1672,119,ITI,ITI3,11,Marche,Marche,1525271,562664,36.89,0.12
2239,2021-03-06,MAR,5734,2649,3085,973,225,172,747,37,7,2400,221,866,86,4466,1268,ITI,ITI3,11,Marche,Marche,1525271,568398,37.27,0.38
2240,2021-03-17,MAR,3435,1497,1938,301,79,117,5,10,10,2822,61,7,23,111,3324,ITI,ITI3,11,Marche,Marche,1525271,571833,37.49,0.23
2241,2021-02-26,MAR,3636,1503,2133,449,178,389,39,8,4,2521,31,4,13,3160,476,ITI,ITI3,11,Marche,Marche,1525271,575469,37.73,0.24
2242,2021-04-09,VDA,235,111,124,0,1,7,0,154,32,30,8,0,3,202,33,ITC,ITC2,2,Valle d'Aosta / Vallée d'Aoste,Valle d'Aosta,125666,235,0.19,0.19
2243,2021-01-29,VDA,316,138,178,259,32,16,0,6,3,0,0,0,0,2,314,ITC,ITC2,2,Valle d'Aosta / Vallée d'Aoste,Valle d'Aosta,125666,551,0.44,0.25
2244,2021-03-20,VDA,208,86,122,5,5,15,2,87,46,14,1,27,6,172,36,ITC,ITC2,2,Valle d'Aosta / Vallée d'Aoste,Valle d'Aosta,125666,759,0.6,0.17
2245,2021-02-24,VDA,183,82,101,30,9,13,7,0,4,66,0,54,0,164,19,ITC,ITC2,2,Valle d'Aosta / Vallée d'Aoste,Valle d'Aosta,125666,942,0.75,0.15
2246,2021-01-09,VDA,443,199,244,225,183,22,0,7,6,0,0,0,0,443,0,ITC,ITC2,2,Valle d'Aosta / Vallée d'Aoste,Valle d'Aosta,125666,1385,1.1,0.35
2247,2021-02-07,VDA,292,120,172,110,63,0,3,1,1,105,7,2,0,190,102,ITC,ITC2,2,Valle d'Aosta / Vallée d'Aoste,Valle d'Aosta,125666,1677,1.33,0.23
2248,2021-03-29,VDA,493,233,260,7,5,18,2,50,172,209,23,1,6,453,40,ITC,ITC2,2,Valle d'Aosta / Vallée d'Aoste,Valle d'Aosta,125666,2170,1.73,0.39
2249,2021-02-16,VDA,325,53,272,10,0,14,236,11,8,32,0,4,10,320,5,ITC,ITC2,2,Valle d'Aosta / Vallée d'Aoste,Valle d'Aosta,125666,2495,1.99,0.26
2250,2021-01-21,VDA,33,12,21,0,0,33,0,0,0,0,0,0,0,33,0,ITC,ITC2,2,Valle d'Aosta / Vallée d'Aoste,Valle d'Aosta,125666,2528,2.01,0.03
2251,2021-02-21,VDA,18,3,15,0,0,18,0,0,0,0,0,0,0,0,18,ITC,ITC2,2,Valle d'Aosta / Vallée d'Aoste,Valle d'Aosta,125666,2546,2.03,0.01
2252,2021-03-25,VDA,389,154,235,13,0,1,1,8,57,287,14,0,8,379,10,ITC,ITC2,2,Valle d'Aosta / Vallée d'Aoste,Valle d'Aosta,125666,2935,2.34,0.31
2253,2021-03-15,VDA,362,123,239,21,4,10,65,8,16,217,14,7,0,159,203,ITC,ITC2,2,Valle d'Aosta / Vallée d'Aoste,Valle d'Aosta,125666,3297,2.62,0.29
2254,2021-01-30,VDA,437,202,235,232,181,12,0,7,4,0,0,0,1,14,423,ITC,ITC2,2,Valle d'Aosta / Vallée d'Aoste,Valle d'Aosta,125666,3734,2.97,0.35
2255,2021-01-14,VDA,237,69,168,151,62,0,0,16,6,2,0,0,0,237,0,ITC,ITC2,2,Valle d'Aosta / Vallée d'Aoste,Valle d'Aosta,125666,3971,3.16,0.19
2256,2021-04-19,VDA,751,325,426,12,5,2,1,105,132,311,175,1,7,542,209,ITC,ITC2,2,Valle d'Aosta / Vallée d'Aoste,Valle d'Aosta,125666,4722,3.76,0.6
2257,2021-02-22,VDA,316,94,222,62,10,39,67,0,15,111,0,6,6,213,103,ITC,ITC2,2,Valle d'Aosta / Vallée d'Aoste,Valle d'Aosta,125666,5038,4.01,0.25
2258,2021-03-04,VDA,291,139,152,56,19,2,2,3,10,160,2,14,23,42,249,ITC,ITC2,2,Valle d'Aosta / Vallée d'Aoste,Valle d'Aosta,125666,5329,4.24,0.23
2259,2021-01-13,VDA,337,110,227,166,138,28,0,3,2,0,0,0,0,337,0,ITC,ITC2,2,Valle d'Aosta / Vallée d'Aoste,Valle d'Aosta,125666,5666,4.51,0.27
2260,2021-04-10,VDA,404,190,214,2,3,1,0,109,223,22,32,0,12,399,5,ITC,ITC2,2,Valle d'Aosta / Vallée d'Aoste,Valle d'Aosta,125666,6070,4.83,0.32
2261,2021-02-05,VDA,294,102,192,159,52,0,0,14,16,53,0,0,0,101,193,ITC,ITC2,2,Valle d'Aosta / Vallée d'Aoste,Valle d'Aosta,125666,6364,5.06,0.23
2262,2021-04-29,VDA,1291,634,657,9,3,39,0,242,506,243,223,6,20,757,534,ITC,ITC2,2,Valle d'Aosta / Vallée d'Aoste,Valle d'Aosta,125666,7655,6.09,1.03
2263,2021-04-16,VDA,599,261,338,63,10,2,0,235,81,26,172,0,10,597,2,ITC,ITC2,2,Valle d'Aosta / Vallée d'Aoste,Valle d'Aosta,125666,8254,6.57,0.48
2264,2021-03-13,VDA,145,86,59,3,11,0,3,82,0,0,0,24,22,145,0,ITC,ITC2,2,Valle d'Aosta / Vallée d'Aoste,Valle d'Aosta,125666,8399,6.68,0.12
2265,2021-05-02,VDA,754,342,412,3,4,0,1,351,274,31,82,1,7,594,160,ITC,ITC2,2,Valle d'Aosta / Vallée d'Aoste,Valle d'Aosta,125666,9153,7.28,0.6
2266,2021-04-14,VDA,935,425,510,16,3,0,1,83,257,405,150,3,17,712,223,ITC,ITC2,2,Valle d'Aosta / Vallée d'Aoste,Valle d'Aosta,125666,10088,8.03,0.74
2267,2021-04-15,VDA,809,377,432,30,1,0,1,232,135,241,155,2,12,670,139,ITC,ITC2,2,Valle d'Aosta / Vallée d'Aoste,Valle d'Aosta,125666,10897,8.67,0.64
2268,2021-03-27,VDA,333,164,169,24,12,14,1,111,72,66,4,21,8,302,31,ITC,ITC2,2,Valle d'Aosta / Vallée d'Aoste,Valle d'Aosta,125666,11230,8.94,0.26
2269,2021-03-07,VDA,64,30,34,16,3,0,1,1,4,26,0,2,11,11,53,ITC,ITC2,2,Valle d'Aosta / Vallée d'Aoste,Valle d'Aosta,125666,11294,8.99,0.05
2270,2021-01-18,VDA,213,74,139,29,7,27,0,104,0,46,0,0,0,213,0,ITC,ITC2,2,Valle d'Aosta / Vallée d'Aoste,Valle d'Aosta,125666,11507,9.16,0.17
2271,2021-02-27,VDA,230,84,146,69,8,2,0,10,4,128,0,4,5,124,106,ITC,ITC2,2,Valle d'Aosta / Vallée d'Aoste,Valle d'Aosta,125666,11737,9.34,0.18
2272,2021-01-02,VDA,6,5,1,0,0,6,0,0,0,0,0,0,0,6,0,ITC,ITC2,2,Valle d'Aosta / Vallée d'Aoste,Valle d'Aosta,125666,11743,9.34,0.0
2273,2021-03-18,VDA,136,43,93,4,0,26,0,0,2,102,1,1,0,99,37,ITC,ITC2,2,Valle d'Aosta / Vallée d'Aoste,Valle d'Aosta,125666,11879,9.45,0.11
2274,2021-01-22,VDA,56,21,35,36,0,20,0,0,0,0,0,0,0,20,36,ITC,ITC2,2,Valle d'Aosta / Vallée d'Aoste,Valle d'Aosta,125666,11935,9.5,0.04
2275,2021-02-06,VDA,289,104,185,170,36,0,0,1,2,74,5,1,0,92,197,ITC,ITC2,2,Valle d'Aosta / Vallée d'Aoste,Valle d'Aosta,125666,12224,9.73,0.23
2276,2021-03-10,VDA,437,182,255,9,0,17,0,1,19,362,20,7,2,225,212,ITC,ITC2,2,Valle d'Aosta / Vallée d'Aoste,Valle d'Aosta,125666,12661,10.08,0.35
2277,2021-03-02,VDA,339,166,173,17,9,39,5,34,1,145,0,65,24,336,3,ITC,ITC2,2,Valle d'Aosta / Vallée d'Aoste,Valle d'Aosta,125666,13000,10.34,0.27
2278,2021-01-20,VDA,23,8,15,0,0,6,0,0,0,17,0,0,0,23,0,ITC,ITC2,2,Valle d'Aosta / Vallée d'Aoste,Valle d'Aosta,125666,13023,10.36,0.02
2279,2021-03-11,VDA,195,74,121,4,0,8,2,1,10,167,1,1,1,65,130,ITC,ITC2,2,Valle d'Aosta / Vallée d'Aoste,Valle d'Aosta,125666,13218,10.52,0.16
2280,2021-02-20,VDA,251,210,41,6,17,11,9,3,2,8,0,183,12,241,10,ITC,ITC2,2,Valle d'Aosta / Vallée d'Aoste,Valle d'Aosta,125666,13469,10.72,0.2
2281,2021-04-08,VDA,584,282,302,6,0,4,2,50,146,281,82,0,13,440,144,ITC,ITC2,2,Valle d'Aosta / Vallée d'Aoste,Valle d'Aosta,125666,14053,11.18,0.46
2282,2021-01-11,VDA,325,112,213,238,50,30,0,3,3,0,0,0,1,325,0,ITC,ITC2,2,Valle d'Aosta / Vallée d'Aoste,Valle d'Aosta,125666,14378,11.44,0.26
2283,2021-04-17,VDA,638,407,231,8,8,0,2,158,199,46,207,0,10,636,2,ITC,ITC2,2,Valle d'Aosta / Vallée d'Aoste,Valle d'Aosta,125666,15016,11.95,0.51
2284,2021-04-11,VDA,479,208,271,3,4,0,3,265,142,6,47,0,9,479,0,ITC,ITC2,2,Valle d'Aosta / Vallée d'Aoste,Valle d'Aosta,125666,15495,12.33,0.38
2285,2021-02-23,VDA,216,123,93,0,1,0,16,0,0,0,0,46,153,216,0,ITC,ITC2,2,Valle d'Aosta / Vallée d'Aoste,Valle d'Aosta,125666,15711,12.5,0.17
2286,2021-03-17,VDA,433,185,248,36,4,16,7,14,23,254,9,42,28,273,160,ITC,ITC2,2,Valle d'Aosta / Vallée d'Aoste,Valle d'Aosta,125666,16144,12.85,0.34
2287,2021-02-09,VDA,251,84,167,78,16,14,53,8,3,75,2,1,1,68,183,ITC,ITC2,2,Valle d'Aosta / Vallée d'Aoste,Valle d'Aosta,125666,16395,13.05,0.2
2288,2021-02-17,VDA,327,144,183,25,1,30,0,0,16,237,0,17,1,227,100,ITC,ITC2,2,Valle d'Aosta / Vallée d'Aoste,Valle d'Aosta,125666,16722,13.31,0.26
2289,2021-03-06,VDA,22,4,18,13,0,5,0,0,0,4,0,0,0,22,0,ITC,ITC2,2,Valle d'Aosta / Vallée d'Aoste,Valle d'Aosta,125666,16744,13.32,0.02
2290,2021-02-26,VDA,206,57,149,67,8,6,1,6,6,102,1,4,5,122,84,ITC,ITC2,2,Valle d'Aosta / Vallée d'Aoste,Valle d'Aosta,125666,16950,13.49,0.16
2291,2021-04-30,VDA,831,355,476,65,9,5,2,227,233,28,212,14,36,485,346,ITC,ITC2,2,Valle d'Aosta / Vallée d'Aoste,Valle d'Aosta,125666,17781,14.15,0.66
2292,2021-04-21,VDA,868,410,458,24,16,1,5,66,152,285,259,10,50,619,249,ITC,ITC2,2,Valle d'Aosta / Vallée d'Aoste,Valle d'Aosta,125666,18649,14.84,0.69
2293,2021-01-05,VDA,150,54,96,127,11,11,0,0,1,0,0,0,0,150,0,ITC,ITC2,2,Valle d'Aosta / Vallée d'Aoste,Valle d'Aosta,125666,18799,14.96,0.12
2294,2021-01-08,VDA,299,130,169,240,35,16,0,5,3,0,0,0,0,299,0,ITC,ITC2,2,Valle d'Aosta / Vallée d'Aoste,Valle d'Aosta,125666,19098,15.2,0.24
2295,2021-04-25,VDA,848,408,440,3,7,0,1,299,334,55,127,1,21,709,139,ITC,ITC2,2,Valle d'Aosta / Vallée d'Aoste,Valle d'Aosta,125666,19946,15.87,0.67
2296,2020-12-31,VDA,18,4,14,16,2,0,0,0,0,0,0,0,0,18,0,ITC,ITC2,2,Valle d'Aosta / Vallée d'Aoste,Valle d'Aosta,125666,19964,15.89,0.01
2297,2021-03-14,VDA,392,200,192,8,21,0,52,205,1,0,0,34,71,392,0,ITC,ITC2,2,Valle d'Aosta / Vallée d'Aoste,Valle d'Aosta,125666,20356,16.2,0.31
2298,2021-03-01,VDA,181,66,115,19,8,29,0,0,3,116,2,2,2,147,34,ITC,ITC2,2,Valle d'Aosta / Vallée d'Aoste,Valle d'Aosta,125666,20537,16.34,0.14
2299,2021-04-22,VDA,1065,447,618,9,3,3,3,182,249,465,128,2,21,684,381,ITC,ITC2,2,Valle d'Aosta / Vallée d'Aoste,Valle d'Aosta,125666,21602,17.19,0.85
2300,2021-04-27,VDA,977,423,554,41,13,4,1,129,278,231,227,3,50,685,292,ITC,ITC2,2,Valle d'Aosta / Vallée d'Aoste,Valle d'Aosta,125666,22579,17.97,0.78
2301,2021-01-10,VDA,220,71,149,172,25,19,0,4,0,0,0,0,0,220,0,ITC,ITC2,2,Valle d'Aosta / Vallée d'Aoste,Valle d'Aosta,125666,22799,18.14,0.18
2302,2021-03-03,VDA,255,118,137,9,11,1,4,4,9,208,6,1,2,186,69,ITC,ITC2,2,Valle d'Aosta / Vallée d'Aoste,Valle d'Aosta,125666,23054,18.35,0.2
2303,2021-01-06,VDA,65,33,32,29,8,18,0,7,3,0,0,0,0,65,0,ITC,ITC2,2,Valle d'Aosta / Vallée d'Aoste,Valle d'Aosta,125666,23119,18.4,0.05
2304,2021-04-23,VDA,921,443,478,40,7,29,0,165,277,252,139,0,12,538,383,ITC,ITC2,2,Valle d'Aosta / Vallée d'Aoste,Valle d'Aosta,125666,24040,19.13,0.73
2305,2021-04-02,VDA,872,344,528,63,9,12,178,89,167,195,74,11,74,648,224,ITC,ITC2,2,Valle d'Aosta / Vallée d'Aoste,Valle d'Aosta,125666,24912,19.82,0.69
2306,2021-03-12,VDA,531,175,356,15,8,8,255,44,21,148,8,2,22,305,226,ITC,ITC2,2,Valle d'Aosta / Vallée d'Aoste,Valle d'Aosta,125666,25443,20.25,0.42
2307,2021-01-12,VDA,302,72,230,242,34,11,0,14,1,0,0,0,0,302,0,ITC,ITC2,2,Valle d'Aosta / Vallée d'Aoste,Valle d'Aosta,125666,25745,20.49,0.24
2308,2021-03-16,VDA,180,37,143,4,0,13,0,15,14,121,0,0,13,118,62,ITC,ITC2,2,Valle d'Aosta / Vallée d'Aoste,Valle d'Aosta,125666,25925,20.63,0.14
2309,2021-04-04,VDA,571,252,319,1,8,0,96,270,155,22,5,4,10,570,1,ITC,ITC2,2,Valle d'Aosta / Vallée d'Aoste,Valle d'Aosta,125666,26496,21.08,0.45
2310,2021-02-11,VDA,231,107,124,53,21,0,0,2,10,128,1,13,3,222,9,ITC,ITC2,2,Valle d'Aosta / Vallée d'Aoste,Valle d'Aosta,125666,26727,21.27,0.18
2311,2021-04-20,VDA,931,430,501,25,9,8,2,152,174,278,253,1,29,738,193,ITC,ITC2,2,Valle d'Aosta / Vallée d'Aoste,Valle d'Aosta,125666,27658,22.01,0.74
2312,2021-04-28,VDA,1215,631,584,24,7,30,0,81,597,235,212,1,28,712,503,ITC,ITC2,2,Valle d'Aosta / Vallée d'Aoste,Valle d'Aosta,125666,28873,22.98,0.97
2313,2021-03-26,VDA,498,204,294,4,2,0,227,54,79,100,3,3,26,491,7,ITC,ITC2,2,Valle d'Aosta / Vallée d'Aoste,Valle d'Aosta,125666,29371,23.37,0.4
2314,2021-01-15,VDA,218,82,136,116,32,28,0,18,17,6,0,0,1,218,0,ITC,ITC2,2,Valle d'Aosta / Vallée d'Aoste,Valle d'Aosta,125666,29589,23.55,0.17
2315,2021-03-24,VDA,515,230,285,11,5,0,1,16,34,420,18,3,7,258,257,ITC,ITC2,2,Valle d'Aosta / Vallée d'Aoste,Valle d'Aosta,125666,30104,23.96,0.41
2316,2021-05-01,VDA,937,561,376,14,1,0,1,231,287,56,140,184,23,454,483,ITC,ITC2,2,Valle d'Aosta / Vallée d'Aoste,Valle d'Aosta,125666,31041,24.7,0.75
2317,2020-12-27,VDA,20,9,11,20,0,0,0,0,0,0,0,0,0,20,0,ITC,ITC2,2,Valle d'Aosta / Vallée d'Aoste,Valle d'Aosta,125666,31061,24.72,0.02
2318,2021-04-01,VDA,776,394,382,1,1,0,0,205,306,201,55,0,7,764,12,ITC,ITC2,2,Valle d'Aosta / Vallée d'Aoste,Valle d'Aosta,125666,31837,25.33,0.62
2319,2021-02-08,VDA,223,83,140,28,19,3,25,82,0,64,0,0,2,25,198,ITC,ITC2,2,Valle d'Aosta / Vallée d'Aoste,Valle d'Aosta,125666,32060,25.51,0.18
2320,2021-02-02,VDA,271,70,201,225,34,3,0,8,1,0,0,0,0,2,269,ITC,ITC2,2,Valle d'Aosta / Vallée d'Aoste,Valle d'Aosta,125666,32331,25.73,0.22
2321,2021-03-23,VDA,378,150,228,14,2,7,9,37,18,279,0,9,3,244,134,ITC,ITC2,2,Valle d'Aosta / Vallée d'Aoste,Valle d'Aosta,125666,32709,26.03,0.3
2322,2021-04-07,VDA,907,473,434,16,0,0,1,84,271,390,92,0,53,678,229,ITC,ITC2,2,Valle d'Aosta / Vallée d'Aoste,Valle d'Aosta,125666,33616,26.75,0.72
2323,2021-03-22,VDA,560,205,355,37,5,18,19,54,37,340,29,11,10,333,227,ITC,ITC2,2,Valle d'Aosta / Vallée d'Aoste,Valle d'Aosta,125666,34176,27.2,0.45
2324,2021-02-10,VDA,248,77,171,51,14,26,18,4,3,128,0,1,3,141,107,ITC,ITC2,2,Valle d'Aosta / Vallée d'Aoste,Valle d'Aosta,125666,34424,27.39,0.2
2325,2021-01-17,VDA,131,56,75,49,2,20,0,1,0,59,0,0,0,131,0,ITC,ITC2,2,Valle d'Aosta / Vallée d'Aoste,Valle d'Aosta,125666,34555,27.5,0.1
2326,2021-04-26,VDA,715,327,388,13,2,0,2,80,246,213,126,7,26,545,170,ITC,ITC2,2,Valle d'Aosta / Vallée d'Aoste,Valle d'Aosta,125666,35270,28.07,0.57
2327,2021-02-15,VDA,264,136,128,24,2,25,2,0,6,173,2,29,1,229,35,ITC,ITC2,2,Valle d'Aosta / Vallée d'Aoste,Valle d'Aosta,125666,35534,28.28,0.21
2328,2021-03-28,VDA,522,212,310,52,10,0,47,168,99,53,18,55,20,521,1,ITC,ITC2,2,Valle d'Aosta / Vallée d'Aoste,Valle d'Aosta,125666,36056,28.69,0.42
2329,2021-03-19,VDA,322,85,237,9,1,21,211,42,1,9,0,1,27,286,36,ITC,ITC2,2,Valle d'Aosta / Vallée d'Aoste,Valle d'Aosta,125666,36378,28.95,0.26
2330,2021-01-28,VDA,290,123,167,202,35,6,0,12,7,2,0,0,26,56,234,ITC,ITC2,2,Valle d'Aosta / Vallée d'Aoste,Valle d'Aosta,125666,36668,29.18,0.23
2331,2021-04-13,VDA,373,171,202,2,1,8,0,69,108,120,56,0,9,329,44,ITC,ITC2,2,Valle d'Aosta / Vallée d'Aoste,Valle d'Aosta,125666,37041,29.48,0.3
2332,2021-01-27,VDA,151,71,80,55,8,18,0,10,3,53,0,0,4,79,72,ITC,ITC2,2,Valle d'Aosta / Vallée d'Aoste,Valle d'Aosta,125666,37192,29.6,0.12
2333,2021-03-09,VDA,206,96,110,3,0,23,26,56,5,36,0,39,18,174,32,ITC,ITC2,2,Valle d'Aosta / Vallée d'Aoste,Valle d'Aosta,125666,37398,29.76,0.16
2334,2021-02-13,VDA,216,196,20,0,0,0,0,0,0,0,0,216,0,215,1,ITC,ITC2,2,Valle d'Aosta / Vallée d'Aoste,Valle d'Aosta,125666,37614,29.93,0.17
2335,2021-01-19,VDA,256,77,179,160,10,15,0,10,3,57,0,0,1,256,0,ITC,ITC2,2,Valle d'Aosta / Vallée d'Aoste,Valle d'Aosta,125666,37870,30.14,0.2
2336,2021-02-14,VDA,48,16,32,6,0,42,0,0,0,0,0,0,0,1,47,ITC,ITC2,2,Valle d'Aosta / Vallée d'Aoste,Valle d'Aosta,125666,37918,30.17,0.04
2337,2021-01-26,VDA,139,48,91,115,11,12,0,0,1,0,0,0,0,0,139,ITC,ITC2,2,Valle d'Aosta / Vallée d'Aoste,Valle d'Aosta,125666,38057,30.28,0.11
2338,2021-02-12,VDA,263,96,167,51,13,28,5,2,10,133,18,0,3,217,46,ITC,ITC2,2,Valle d'Aosta / Vallée d'Aoste,Valle d'Aosta,125666,38320,30.49,0.21
2339,2021-02-03,VDA,351,114,237,157,136,52,0,4,1,1,0,0,0,14,337,ITC,ITC2,2,Valle d'Aosta / Vallée d'Aoste,Valle d'Aosta,125666,38671,30.77,0.28
2340,2021-01-25,VDA,147,65,82,125,13,6,0,3,0,0,0,0,0,0,147,ITC,ITC2,2,Valle d'Aosta / Vallée d'Aoste,Valle d'Aosta,125666,38818,30.89,0.12
2341,2021-04-12,VDA,483,185,298,8,9,22,2,89,60,229,61,0,3,321,162,ITC,ITC2,2,Valle d'Aosta / Vallée d'Aoste,Valle d'Aosta,125666,39301,31.27,0.38
2342,2021-02-01,VDA,403,127,276,268,56,70,0,2,2,3,0,0,2,87,316,ITC,ITC2,2,Valle d'Aosta / Vallée d'Aoste,Valle d'Aosta,125666,39704,31.59,0.32
2343,2021-05-03,VDA,332,164,168,13,0,1,20,103,85,19,89,1,1,16,316,ITC,ITC2,2,Valle d'Aosta / Vallée d'Aoste,Valle d'Aosta,125666,40036,31.86,0.26
2344,2021-03-31,VDA,555,302,253,7,1,0,0,22,309,203,6,0,7,529,26,ITC,ITC2,2,Valle d'Aosta / Vallée d'Aoste,Valle d'Aosta,125666,40591,32.3,0.44
2345,2021-01-07,VDA,275,111,164,224,38,5,0,3,2,0,0,0,3,275,0,ITC,ITC2,2,Valle d'Aosta / Vallée d'Aoste,Valle d'Aosta,125666,40866,32.52,0.22
2346,2021-03-08,VDA,482,231,251,29,1,13,1,6,25,365,7,28,7,237,245,ITC,ITC2,2,Valle d'Aosta / Vallée d'Aoste,Valle d'Aosta,125666,41348,32.9,0.38
2347,2021-03-30,VDA,402,223,179,11,2,5,5,32,180,124,28,9,6,382,20,ITC,ITC2,2,Valle d'Aosta / Vallée d'Aoste,Valle d'Aosta,125666,41750,33.22,0.32
2348,2021-04-18,VDA,520,253,267,11,6,4,4,203,82,13,183,0,14,516,4,ITC,ITC2,2,Valle d'Aosta / Vallée d'Aoste,Valle d'Aosta,125666,42270,33.64,0.41
2349,2021-03-05,VDA,275,124,151,51,10,13,5,4,10,138,18,0,26,53,222,ITC,ITC2,2,Valle d'Aosta / Vallée d'Aoste,Valle d'Aosta,125666,42545,33.86,0.22
2350,2021-01-16,VDA,236,80,156,127,32,22,0,2,2,51,0,0,0,236,0,ITC,ITC2,2,Valle d'Aosta / Vallée d'Aoste,Valle d'Aosta,125666,42781,34.04,0.19
2351,2021-04-06,VDA,741,381,360,24,4,1,0,55,192,239,160,14,52,629,112,ITC,ITC2,2,Valle d'Aosta / Vallée d'Aoste,Valle d'Aosta,125666,43522,34.63,0.59
2352,2021-04-24,VDA,722,400,322,14,7,7,1,131,174,96,238,4,50,555,167,ITC,ITC2,2,Valle d'Aosta / Vallée d'Aoste,Valle d'Aosta,125666,44244,35.21,0.57
2353,2021-02-04,VDA,294,86,208,168,76,34,0,12,3,1,0,0,0,8,286,ITC,ITC2,2,Valle d'Aosta / Vallée d'Aoste,Valle d'Aosta,125666,44538,35.44,0.23
2354,2021-02-28,VDA,260,86,174,78,36,24,4,7,10,94,0,3,4,77,183,ITC,ITC2,2,Valle d'Aosta / Vallée d'Aoste,Valle d'Aosta,125666,44798,35.65,0.21
2355,2021-03-21,VDA,355,165,190,2,5,0,30,208,57,1,0,27,25,355,0,ITC,ITC2,2,Valle d'Aosta / Vallée d'Aoste,Valle d'Aosta,125666,45153,35.93,0.28
2356,2021-01-31,VDA,290,90,200,231,33,18,0,5,0,0,0,0,3,58,232,ITC,ITC2,2,Valle d'Aosta / Vallée d'Aoste,Valle d'Aosta,125666,45443,36.16,0.23
2357,2021-04-05,VDA,461,222,239,18,4,0,35,186,118,8,84,0,8,457,4,ITC,ITC2,2,Valle d'Aosta / Vallée d'Aoste,Valle d'Aosta,125666,45904,36.53,0.37
2358,2021-02-18,VDA,349,153,196,61,9,45,8,6,17,184,0,16,3,261,88,ITC,ITC2,2,Valle d'Aosta / Vallée d'Aoste,Valle d'Aosta,125666,46253,36.81,0.28
2359,2021-02-19,VDA,292,102,190,17,1,35,65,3,16,154,0,0,1,268,24,ITC,ITC2,2,Valle d'Aosta / Vallée d'Aoste,Valle d'Aosta,125666,46545,37.04,0.23
2360,2021-01-04,VDA,142,59,83,126,14,0,0,2,0,0,0,0,0,142,0,ITC,ITC2,2,Valle d'Aosta / Vallée d'Aoste,Valle d'Aosta,125666,46687,37.15,0.11
2361,2021-02-25,VDA,201,101,100,6,4,12,2,84,1,0,0,27,65,194,7,ITC,ITC2,2,Valle d'Aosta / Vallée d'Aoste,Valle d'Aosta,125666,46888,37.31,0.16
2362,2021-04-03,VDA,676,341,335,13,11,4,1,117,333,58,72,5,62,661,15,ITC,ITC2,2,Valle d'Aosta / Vallée d'Aoste,Valle d'Aosta,125666,47564,37.85,0.54
2363,2021-04-14,CAL,8003,3870,4133,172,185,141,175,208,1539,1570,3826,74,113,6536,1467,ITF,ITF6,18,Calabria,Calabria,1947131,8003,0.41,0.41
2364,2021-01-30,CAL,2175,1148,1027,1976,189,0,0,3,0,1,0,0,6,358,1817,ITF,ITF6,18,Calabria,Calabria,1947131,10178,0.52,0.11
2365,2021-01-12,CAL,2058,1017,1041,1706,237,29,0,21,1,19,0,0,45,2058,0,ITF,ITF6,18,Calabria,Calabria,1947131,12236,0.63,0.11
2366,2021-04-02,CAL,8080,3689,4391,362,135,605,1154,115,177,2800,2247,198,287,4217,3863,ITF,ITF6,18,Calabria,Calabria,1947131,20316,1.04,0.41
2367,2021-04-04,CAL,1739,877,862,34,23,23,67,249,266,506,516,2,53,1236,503,ITF,ITF6,18,Calabria,Calabria,1947131,22055,1.13,0.09
2368,2021-02-25,CAL,2821,1519,1302,736,228,235,4,41,15,971,36,425,130,2242,579,ITF,ITF6,18,Calabria,Calabria,1947131,24876,1.28,0.14
2369,2021-02-11,CAL,2342,1044,1298,1465,372,241,0,25,18,156,0,0,65,1081,1261,ITF,ITF6,18,Calabria,Calabria,1947131,27218,1.4,0.12
2370,2021-03-07,CAL,3132,1561,1571,106,33,348,2,10,31,1741,474,363,24,3042,90,ITF,ITF6,18,Calabria,Calabria,1947131,30350,1.56,0.16
2371,2021-03-16,CAL,3778,1851,1927,460,203,22,30,49,79,2138,594,68,135,2180,1598,ITF,ITF6,18,Calabria,Calabria,1947131,34128,1.75,0.19
2372,2020-12-27,CAL,279,154,125,278,1,0,0,0,0,0,0,0,0,279,0,ITF,ITF6,18,Calabria,Calabria,1947131,34407,1.77,0.01
2373,2021-03-18,CAL,4248,1979,2269,360,210,232,45,65,115,2312,753,60,96,2278,1970,ITF,ITF6,18,Calabria,Calabria,1947131,38655,1.99,0.22
2374,2021-03-19,CAL,4188,1949,2239,486,121,295,102,64,114,2010,883,12,101,1900,2288,ITF,ITF6,18,Calabria,Calabria,1947131,42843,2.2,0.22
2375,2021-03-08,CAL,5323,2822,2501,708,245,453,3,49,65,1553,1138,849,260,4265,1058,ITF,ITF6,18,Calabria,Calabria,1947131,48166,2.47,0.27
2376,2021-01-29,CAL,2055,989,1066,1756,234,49,0,3,3,1,0,0,9,234,1821,ITF,ITF6,18,Calabria,Calabria,1947131,50221,2.58,0.11
2377,2021-01-27,CAL,1458,735,723,1227,201,23,0,4,0,0,0,0,3,396,1062,ITF,ITF6,18,Calabria,Calabria,1947131,51679,2.65,0.07
2378,2021-03-31,CAL,8828,4007,4821,378,283,653,2053,145,193,2693,1990,118,322,4888,3940,ITF,ITF6,18,Calabria,Calabria,1947131,60507,3.11,0.45
2379,2021-02-08,CAL,1847,733,1114,1214,406,121,0,14,1,0,0,0,91,661,1186,ITF,ITF6,18,Calabria,Calabria,1947131,62354,3.2,0.09
2380,2021-03-20,CAL,6483,2983,3500,432,100,408,466,72,124,3574,1022,75,210,4094,2389,ITF,ITF6,18,Calabria,Calabria,1947131,68837,3.54,0.33
2381,2021-02-24,CAL,1843,940,903,658,108,115,4,15,10,754,84,47,48,1368,475,ITF,ITF6,18,Calabria,Calabria,1947131,70680,3.63,0.09
2382,2021-01-22,CAL,658,274,384,298,146,112,0,37,29,4,0,0,32,656,2,ITF,ITF6,18,Calabria,Calabria,1947131,71338,3.66,0.03
2383,2021-04-21,CAL,11483,5782,5701,260,200,196,238,1608,2286,1124,5162,187,222,8571,2912,ITF,ITF6,18,Calabria,Calabria,1947131,82821,4.25,0.59
2384,2021-01-09,CAL,1916,1036,880,1529,315,0,0,26,2,1,0,0,43,1916,0,ITF,ITF6,18,Calabria,Calabria,1947131,84737,4.35,0.1
2385,2021-01-21,CAL,958,444,514,735,82,115,0,4,2,0,0,0,20,929,29,ITF,ITF6,18,Calabria,Calabria,1947131,85695,4.4,0.05
2386,2021-03-14,CAL,2543,1018,1525,322,103,312,722,15,30,811,128,30,70,2143,400,ITF,ITF6,18,Calabria,Calabria,1947131,88238,4.53,0.13
2387,2021-04-11,CAL,4083,1860,2223,136,49,51,167,59,209,1725,1619,12,56,2142,1941,ITF,ITF6,18,Calabria,Calabria,1947131,92321,4.74,0.21
2388,2021-04-24,CAL,18759,9354,9405,287,229,146,113,6014,3564,1920,5940,230,316,15387,3372,ITF,ITF6,18,Calabria,Calabria,1947131,111080,5.7,0.96
2389,2021-03-05,CAL,6173,3566,2607,696,257,712,5,46,61,2014,880,1405,97,5597,576,ITF,ITF6,18,Calabria,Calabria,1947131,117253,6.02,0.32
2390,2021-04-18,CAL,5776,2762,3014,150,89,102,79,130,1436,1202,2529,12,47,4897,879,ITF,ITF6,18,Calabria,Calabria,1947131,123029,6.32,0.3
2391,2021-02-28,CAL,2169,983,1186,114,39,190,0,10,24,1707,28,6,51,2017,152,ITF,ITF6,18,Calabria,Calabria,1947131,125198,6.43,0.11
2392,2021-02-09,CAL,2148,904,1244,1423,394,231,0,20,5,0,0,0,75,948,1200,ITF,ITF6,18,Calabria,Calabria,1947131,127346,6.54,0.11
2393,2021-02-06,CAL,2910,1338,1572,2095,368,248,0,45,9,10,0,0,135,442,2468,ITF,ITF6,18,Calabria,Calabria,1947131,130256,6.69,0.15
2394,2021-04-25,CAL,15756,7988,7768,150,314,121,122,5767,2982,746,4519,273,762,14635,1121,ITF,ITF6,18,Calabria,Calabria,1947131,146012,7.5,0.81
2395,2021-02-05,CAL,3798,1709,2089,2329,745,554,0,41,8,3,0,0,118,490,3308,ITF,ITF6,18,Calabria,Calabria,1947131,149810,7.69,0.2
2396,2021-03-03,CAL,4871,2655,2216,631,351,917,4,38,43,1408,462,935,82,3808,1063,ITF,ITF6,18,Calabria,Calabria,1947131,154681,7.94,0.25
2397,2021-04-26,CAL,10315,5183,5132,224,144,409,112,1388,1669,977,4864,401,127,7913,2402,ITF,ITF6,18,Calabria,Calabria,1947131,164996,8.47,0.53
2398,2021-04-06,CAL,7220,3237,3983,377,163,453,804,103,244,2464,2372,51,189,4147,3073,ITF,ITF6,18,Calabria,Calabria,1947131,172216,8.84,0.37
2399,2021-02-04,CAL,3391,1623,1768,2560,505,222,0,23,6,7,0,0,68,644,2747,ITF,ITF6,18,Calabria,Calabria,1947131,175607,9.02,0.17
2400,2021-04-17,CAL,10644,4995,5649,211,138,218,118,302,2656,2181,4526,98,196,8927,1717,ITF,ITF6,18,Calabria,Calabria,1947131,186251,9.57,0.55
2401,2021-01-17,CAL,867,418,449,527,121,48,0,17,4,33,0,0,117,801,66,ITF,ITF6,18,Calabria,Calabria,1947131,187118,9.61,0.04
2402,2021-04-16,CAL,10131,4955,5176,332,213,288,233,254,2333,1094,5020,133,231,8532,1599,ITF,ITF6,18,Calabria,Calabria,1947131,197249,10.13,0.52
2403,2021-02-27,CAL,3681,1913,1768,422,193,396,2,24,41,2075,96,348,84,3302,379,ITF,ITF6,18,Calabria,Calabria,1947131,200930,10.32,0.19
2404,2021-03-04,CAL,5390,3112,2278,646,252,744,2,63,46,1636,631,1237,133,4594,796,ITF,ITF6,18,Calabria,Calabria,1947131,206320,10.6,0.28
2405,2021-01-31,CAL,1108,554,554,765,282,58,0,1,0,0,0,0,2,155,953,ITF,ITF6,18,Calabria,Calabria,1947131,207428,10.65,0.06
2406,2021-03-28,CAL,2535,1172,1363,127,109,31,412,74,67,785,739,15,176,1405,1130,ITF,ITF6,18,Calabria,Calabria,1947131,209963,10.78,0.13
2407,2021-04-28,CAL,12485,6033,6452,174,152,237,167,2323,2217,630,6258,91,236,9683,2802,ITF,ITF6,18,Calabria,Calabria,1947131,222448,11.42,0.64
2408,2021-02-13,CAL,1331,583,748,731,144,111,0,31,9,167,0,0,138,968,363,ITF,ITF6,18,Calabria,Calabria,1947131,223779,11.49,0.07
2409,2021-02-18,CAL,1801,804,997,586,369,299,61,7,6,388,11,0,74,1578,223,ITF,ITF6,18,Calabria,Calabria,1947131,225580,11.59,0.09
2410,2021-01-25,CAL,1081,522,559,1036,35,0,0,0,1,0,0,0,9,156,925,ITF,ITF6,18,Calabria,Calabria,1947131,226661,11.64,0.06
2411,2021-03-10,CAL,6446,3281,3165,744,516,586,64,79,53,2233,1023,797,351,5252,1194,ITF,ITF6,18,Calabria,Calabria,1947131,233107,11.97,0.33
2412,2021-04-15,CAL,7394,3626,3768,161,153,162,199,144,1667,1064,3694,34,116,5790,1604,ITF,ITF6,18,Calabria,Calabria,1947131,240501,12.35,0.38
2413,2021-02-19,CAL,1461,652,809,544,208,195,0,9,9,422,57,1,16,1200,261,ITF,ITF6,18,Calabria,Calabria,1947131,241962,12.43,0.08
2414,2021-04-12,CAL,6695,3263,3432,219,136,276,104,105,858,1435,3433,37,92,5093,1602,ITF,ITF6,18,Calabria,Calabria,1947131,248657,12.77,0.34
2415,2021-02-12,CAL,1711,669,1042,815,300,136,0,64,32,210,0,0,154,943,768,ITF,ITF6,18,Calabria,Calabria,1947131,250368,12.86,0.09
2416,2021-01-11,CAL,2155,1041,1114,1760,301,3,0,17,4,39,0,0,31,2155,0,ITF,ITF6,18,Calabria,Calabria,1947131,252523,12.97,0.11
2417,2021-03-02,CAL,4137,2396,1741,705,202,430,2,26,24,1451,222,1003,72,3428,709,ITF,ITF6,18,Calabria,Calabria,1947131,256660,13.18,0.21
2418,2021-01-04,CAL,1008,499,509,980,28,0,0,0,0,0,0,0,0,1008,0,ITF,ITF6,18,Calabria,Calabria,1947131,257668,13.23,0.05
2419,2021-04-09,CAL,7822,3667,4155,342,139,471,306,151,506,2172,3495,31,209,4909,2913,ITF,ITF6,18,Calabria,Calabria,1947131,265490,13.63,0.4
2420,2021-03-15,CAL,3508,1675,1833,542,166,140,587,56,81,1183,431,177,145,2079,1429,ITF,ITF6,18,Calabria,Calabria,1947131,268998,13.82,0.18
2421,2021-02-02,CAL,2293,1114,1179,1867,341,75,0,1,1,1,0,0,7,177,2116,ITF,ITF6,18,Calabria,Calabria,1947131,271291,13.93,0.12
2422,2021-01-14,CAL,2557,1214,1343,1962,349,3,0,61,24,47,0,0,111,2557,0,ITF,ITF6,18,Calabria,Calabria,1947131,273848,14.06,0.13
2423,2021-04-05,CAL,3457,1633,1824,133,22,149,134,286,439,1181,1041,18,54,2556,901,ITF,ITF6,18,Calabria,Calabria,1947131,277305,14.24,0.18
2424,2021-01-10,CAL,929,524,405,830,99,0,0,0,0,0,0,0,0,929,0,ITF,ITF6,18,Calabria,Calabria,1947131,278234,14.29,0.05
2425,2021-02-07,CAL,860,428,432,567,121,81,0,10,0,0,0,0,81,147,713,ITF,ITF6,18,Calabria,Calabria,1947131,279094,14.33,0.04
2426,2021-01-23,CAL,400,186,214,325,25,23,0,2,0,1,0,0,24,358,42,ITF,ITF6,18,Calabria,Calabria,1947131,279494,14.35,0.02
2427,2021-03-25,CAL,7003,3315,3688,293,362,564,1100,112,124,2270,1839,80,259,4484,2519,ITF,ITF6,18,Calabria,Calabria,1947131,286497,14.71,0.36
2428,2021-02-10,CAL,2463,1074,1389,1469,340,357,0,56,25,72,0,0,144,839,1624,ITF,ITF6,18,Calabria,Calabria,1947131,288960,14.84,0.13
2429,2021-02-15,CAL,1137,538,599,499,121,164,1,11,20,294,4,0,23,989,148,ITF,ITF6,18,Calabria,Calabria,1947131,290097,14.9,0.06
2430,2021-04-23,CAL,12518,6227,6291,302,189,226,203,1709,2403,1196,5803,180,307,9276,3242,ITF,ITF6,18,Calabria,Calabria,1947131,302615,15.54,0.64
2431,2021-02-03,CAL,2767,1432,1335,2173,394,103,0,18,4,2,0,0,73,583,2184,ITF,ITF6,18,Calabria,Calabria,1947131,305382,15.68,0.14
2432,2021-01-13,CAL,2028,1022,1006,1800,152,34,0,14,4,4,0,0,20,2028,0,ITF,ITF6,18,Calabria,Calabria,1947131,307410,15.79,0.1
2433,2021-03-13,CAL,6676,2946,3730,425,159,356,685,95,43,3805,749,123,236,5683,993,ITF,ITF6,18,Calabria,Calabria,1947131,314086,16.13,0.34
2434,2021-01-19,CAL,1109,488,621,853,105,76,0,11,11,14,0,0,39,1098,11,ITF,ITF6,18,Calabria,Calabria,1947131,315195,16.19,0.06
2435,2021-04-27,CAL,9976,4895,5081,167,161,173,85,1992,2005,675,4507,75,136,8069,1907,ITF,ITF6,18,Calabria,Calabria,1947131,325171,16.7,0.51
2436,2021-03-01,CAL,2690,1534,1156,400,156,258,3,10,11,1053,71,656,72,2240,450,ITF,ITF6,18,Calabria,Calabria,1947131,327861,16.84,0.14
2437,2021-02-17,CAL,1683,673,1010,675,239,285,81,7,6,354,2,0,34,1472,211,ITF,ITF6,18,Calabria,Calabria,1947131,329544,16.92,0.09
2438,2021-04-03,CAL,8830,3789,5041,363,123,359,622,88,215,4982,1908,57,113,4209,4621,ITF,ITF6,18,Calabria,Calabria,1947131,338374,17.38,0.45
2439,2021-01-06,CAL,926,500,426,822,90,0,0,5,0,0,0,0,9,926,0,ITF,ITF6,18,Calabria,Calabria,1947131,339300,17.43,0.05
2440,2021-02-16,CAL,1534,643,891,659,191,265,0,14,23,334,1,0,47,1255,279,ITF,ITF6,18,Calabria,Calabria,1947131,340834,17.5,0.08
2441,2021-02-21,CAL,608,286,322,36,46,48,0,2,2,374,28,30,42,531,77,ITF,ITF6,18,Calabria,Calabria,1947131,341442,17.54,0.03
2442,2021-03-29,CAL,5638,2385,3253,207,320,134,1580,134,162,1130,1673,71,227,3883,1755,ITF,ITF6,18,Calabria,Calabria,1947131,347080,17.83,0.29
2443,2021-03-09,CAL,5827,3034,2793,803,267,461,18,65,71,1926,1124,934,158,4850,977,ITF,ITF6,18,Calabria,Calabria,1947131,352907,18.12,0.3
2444,2021-04-29,CAL,11627,5653,5974,287,216,208,170,2085,1939,920,5568,49,185,8287,3340,ITF,ITF6,18,Calabria,Calabria,1947131,364534,18.72,0.6
2445,2021-03-12,CAL,5093,2438,2655,468,397,220,786,61,38,2148,412,403,160,4050,1043,ITF,ITF6,18,Calabria,Calabria,1947131,369627,18.98,0.26
2446,2021-02-20,CAL,1359,735,624,439,185,55,2,13,5,490,54,19,97,1044,315,ITF,ITF6,18,Calabria,Calabria,1947131,370986,19.05,0.07
2447,2021-02-01,CAL,2504,1196,1308,2051,359,43,0,14,2,1,0,0,34,248,2256,ITF,ITF6,18,Calabria,Calabria,1947131,373490,19.18,0.13
2448,2021-04-30,CAL,14662,7209,7453,311,303,334,283,2529,2421,870,7272,104,235,10566,4096,ITF,ITF6,18,Calabria,Calabria,1947131,388152,19.93,0.75
2449,2021-01-07,CAL,2182,1062,1120,1885,211,0,0,20,4,0,0,0,62,2182,0,ITF,ITF6,18,Calabria,Calabria,1947131,390334,20.05,0.11
2450,2021-03-21,CAL,4366,1883,2483,135,38,200,745,80,92,2129,695,83,169,2663,1703,ITF,ITF6,18,Calabria,Calabria,1947131,394700,20.27,0.22
2451,2021-02-23,CAL,1549,728,821,437,177,206,1,13,10,583,63,2,57,1434,115,ITF,ITF6,18,Calabria,Calabria,1947131,396249,20.35,0.08
2452,2021-01-18,CAL,1239,555,684,990,138,11,0,25,3,6,0,0,66,1040,199,ITF,ITF6,18,Calabria,Calabria,1947131,397488,20.41,0.06
2453,2021-03-06,CAL,7958,4063,3895,703,225,760,6,41,97,4059,1136,840,91,7202,756,ITF,ITF6,18,Calabria,Calabria,1947131,405446,20.82,0.41
2454,2021-01-28,CAL,2236,1110,1126,1924,284,0,0,2,1,0,0,0,25,84,2152,ITF,ITF6,18,Calabria,Calabria,1947131,407682,20.94,0.11
2455,2021-04-07,CAL,6197,2809,3388,193,70,399,539,113,181,2098,2441,32,131,3641,2556,ITF,ITF6,18,Calabria,Calabria,1947131,413879,21.26,0.32
2456,2021-03-17,CAL,3646,1626,2020,280,148,165,95,40,82,2179,584,31,42,1948,1698,ITF,ITF6,18,Calabria,Calabria,1947131,417525,21.44,0.19
2457,2021-02-26,CAL,3081,1632,1449,540,193,408,4,21,18,1362,84,370,81,2611,470,ITF,ITF6,18,Calabria,Calabria,1947131,420606,21.6,0.16
2458,2021-02-14,CAL,371,145,226,146,31,83,0,2,2,95,0,0,12,341,30,ITF,ITF6,18,Calabria,Calabria,1947131,420977,21.62,0.02
2459,2021-03-27,CAL,8321,3778,4543,306,389,148,1400,125,179,3416,1871,66,421,4460,3861,ITF,ITF6,18,Calabria,Calabria,1947131,429298,22.05,0.43
2460,2021-04-22,CAL,9354,4670,4684,236,170,274,96,1451,1801,966,4105,41,214,6666,2688,ITF,ITF6,18,Calabria,Calabria,1947131,438652,22.53,0.48
2461,2021-01-08,CAL,2113,1016,1097,1899,203,0,0,3,0,0,0,0,8,2113,0,ITF,ITF6,18,Calabria,Calabria,1947131,440765,22.64,0.11
2462,2021-01-26,CAL,1895,915,980,1608,202,70,0,1,0,0,0,0,14,285,1610,ITF,ITF6,18,Calabria,Calabria,1947131,442660,22.73,0.1
2463,2021-01-03,CAL,6,3,3,4,2,0,0,0,0,0,0,0,0,6,0,ITF,ITF6,18,Calabria,Calabria,1947131,442666,22.73,0.0
2464,2021-04-13,CAL,6489,3197,3292,245,92,40,106,103,1275,1273,3084,153,118,5231,1258,ITF,ITF6,18,Calabria,Calabria,1947131,449155,23.07,0.33
2465,2021-03-26,CAL,7648,3628,4020,511,371,218,1039,151,231,2562,2059,135,371,4533,3115,ITF,ITF6,18,Calabria,Calabria,1947131,456803,23.46,0.39
2466,2021-01-02,CAL,165,94,71,165,0,0,0,0,0,0,0,0,0,165,0,ITF,ITF6,18,Calabria,Calabria,1947131,456968,23.47,0.01
2467,2021-01-24,CAL,44,18,26,15,3,26,0,0,0,0,0,0,0,39,5,ITF,ITF6,18,Calabria,Calabria,1947131,457012,23.47,0.0
2468,2020-12-28,CAL,6,2,4,6,0,0,0,0,0,0,0,0,0,6,0,ITF,ITF6,18,Calabria,Calabria,1947131,457018,23.47,0.0
2469,2021-04-01,CAL,8354,3774,4580,455,247,680,1116,122,218,3070,1991,113,342,3850,4504,ITF,ITF6,18,Calabria,Calabria,1947131,465372,23.9,0.43
2470,2021-03-24,CAL,7391,3367,4024,386,289,700,1495,151,146,2605,1295,105,219,4212,3179,ITF,ITF6,18,Calabria,Calabria,1947131,472763,24.28,0.38
2471,2021-05-01,CAL,16432,7845,8587,174,277,48,326,2337,3049,2062,7733,108,318,12383,4049,ITF,ITF6,18,Calabria,Calabria,1947131,489195,25.12,0.84
2472,2021-03-23,CAL,5207,2442,2765,280,145,55,1083,98,74,2046,1078,102,246,3409,1798,ITF,ITF6,18,Calabria,Calabria,1947131,494402,25.39,0.27
2473,2021-01-05,CAL,1441,674,767,1308,120,0,0,2,0,0,0,0,11,1441,0,ITF,ITF6,18,Calabria,Calabria,1947131,495843,25.47,0.07
2474,2021-01-16,CAL,2394,1120,1274,1664,264,241,0,49,12,9,0,0,155,2394,0,ITF,ITF6,18,Calabria,Calabria,1947131,498237,25.59,0.12
2475,2021-03-30,CAL,5793,2490,3303,166,103,213,1122,154,196,1991,1473,89,286,3200,2593,ITF,ITF6,18,Calabria,Calabria,1947131,504030,25.89,0.3
2476,2021-05-03,CAL,3619,1694,1925,81,45,74,120,762,595,202,1613,42,85,2494,1125,ITF,ITF6,18,Calabria,Calabria,1947131,507649,26.07,0.19
2477,2021-03-11,CAL,6888,3283,3605,936,474,574,600,122,88,2560,873,412,249,5630,1258,ITF,ITF6,18,Calabria,Calabria,1947131,514537,26.43,0.35
2478,2021-04-08,CAL,9380,4411,4969,452,178,537,304,216,581,3377,3462,44,229,5702,3678,ITF,ITF6,18,Calabria,Calabria,1947131,523917,26.91,0.48
2479,2021-04-10,CAL,11179,5036,6143,424,161,462,303,144,704,5602,3147,49,183,6348,4831,ITF,ITF6,18,Calabria,Calabria,1947131,535096,27.48,0.57
2480,2021-03-22,CAL,4710,2203,2507,196,125,148,1125,49,50,1994,804,77,142,3041,1669,ITF,ITF6,18,Calabria,Calabria,1947131,539806,27.72,0.24
2481,2021-04-20,CAL,7645,3840,3805,295,300,137,165,420,1715,1066,3151,115,281,6023,1622,ITF,ITF6,18,Calabria,Calabria,1947131,547451,28.12,0.39
2482,2021-01-15,CAL,2793,1258,1535,1690,349,412,0,54,19,44,0,0,225,2793,0,ITF,ITF6,18,Calabria,Calabria,1947131,550244,28.26,0.14
2483,2021-01-20,CAL,1397,624,773,866,127,179,0,41,14,25,0,0,145,1396,1,ITF,ITF6,18,Calabria,Calabria,1947131,551641,28.33,0.07
2484,2021-02-22,CAL,1998,1014,984,729,231,166,5,32,7,678,33,3,114,1441,557,ITF,ITF6,18,Calabria,Calabria,1947131,553639,28.43,0.1
2485,2021-04-19,CAL,7699,3706,3993,291,132,64,156,244,1971,1172,3482,92,95,6081,1618,ITF,ITF6,18,Calabria,Calabria,1947131,561338,28.83,0.4
2486,2021-05-02,CAL,12362,5771,6591,144,177,25,261,2530,1902,829,6151,68,275,10586,1776,ITF,ITF6,18,Calabria,Calabria,1947131,573700,29.46,0.63
2487,2021-04-20,SAR,10700,4868,5832,143,97,75,31,3938,2448,2004,1896,6,62,7539,3161,ITG,ITG2,20,Sardegna,Sardegna,1639591,10700,0.65,0.65
2488,2021-03-29,SAR,4379,1546,2833,624,490,182,1411,22,117,1022,312,98,101,3791,588,ITG,ITG2,20,Sardegna,Sardegna,1639591,15079,0.92,0.27
2489,2021-01-02,SAR,60,21,39,60,0,0,0,0,0,0,0,0,0,60,0,ITG,ITG2,20,Sardegna,Sardegna,1639591,15139,0.92,0.0
2490,2021-03-09,SAR,5150,2371,2779,1057,567,287,310,9,32,2278,16,561,33,4421,729,ITG,ITG2,20,Sardegna,Sardegna,1639591,20289,1.24,0.31
2491,2021-03-15,SAR,2685,1216,1469,458,591,86,1019,7,10,325,8,170,11,2312,373,ITG,ITG2,20,Sardegna,Sardegna,1639591,22974,1.4,0.16
2492,2021-01-07,SAR,3111,1077,2034,2720,373,0,0,1,2,0,0,11,4,3111,0,ITG,ITG2,20,Sardegna,Sardegna,1639591,26085,1.59,0.19
2493,2021-04-23,SAR,12336,5515,6821,395,189,70,129,2221,1940,3413,3667,8,304,7221,5115,ITG,ITG2,20,Sardegna,Sardegna,1639591,38421,2.34,0.75
2494,2021-02-26,SAR,2800,1108,1692,1224,878,221,7,20,16,289,5,98,42,2494,306,ITG,ITG2,20,Sardegna,Sardegna,1639591,41221,2.51,0.17
2495,2021-02-05,SAR,1897,749,1148,1214,511,164,0,0,0,1,1,3,3,433,1464,ITG,ITG2,20,Sardegna,Sardegna,1639591,43118,2.63,0.12
2496,2021-02-23,SAR,1519,1010,509,602,387,89,0,7,6,16,0,374,38,1285,234,ITG,ITG2,20,Sardegna,Sardegna,1639591,44637,2.72,0.09
2497,2020-12-28,SAR,65,25,40,65,0,0,0,0,0,0,0,0,0,65,0,ITG,ITG2,20,Sardegna,Sardegna,1639591,44702,2.73,0.0
2498,2021-01-13,SAR,573,178,395,494,79,0,0,0,0,0,0,0,0,573,0,ITG,ITG2,20,Sardegna,Sardegna,1639591,45275,2.76,0.03
2499,2021-03-21,SAR,4030,1809,2221,64,240,1,575,14,56,2890,17,107,66,2590,1440,ITG,ITG2,20,Sardegna,Sardegna,1639591,49305,3.01,0.25
2500,2021-03-11,SAR,6035,2725,3310,1011,567,418,102,52,98,2957,120,643,67,4834,1201,ITG,ITG2,20,Sardegna,Sardegna,1639591,55340,3.38,0.37
2501,2021-03-18,SAR,7253,3069,4184,1078,315,354,63,55,639,4243,431,12,63,5650,1603,ITG,ITG2,20,Sardegna,Sardegna,1639591,62593,3.82,0.44
2502,2021-03-31,SAR,10142,4045,6097,396,575,230,1379,148,701,5008,1487,33,185,7695,2447,ITG,ITG2,20,Sardegna,Sardegna,1639591,72735,4.44,0.62
2503,2021-04-17,SAR,9977,4458,5519,299,90,108,24,1695,2704,3660,1222,3,172,5453,4524,ITG,ITG2,20,Sardegna,Sardegna,1639591,82712,5.04,0.61
2504,2021-01-29,SAR,2952,1067,1885,2581,366,3,0,0,0,0,0,0,2,48,2904,ITG,ITG2,20,Sardegna,Sardegna,1639591,85664,5.22,0.18
2505,2021-03-03,SAR,3834,2061,1773,1070,554,600,1,5,5,704,1,857,37,2607,1227,ITG,ITG2,20,Sardegna,Sardegna,1639591,89498,5.46,0.23
2506,2021-01-09,SAR,4026,1417,2609,3182,832,0,0,3,1,1,0,0,7,4026,0,ITG,ITG2,20,Sardegna,Sardegna,1639591,93524,5.7,0.25
2507,2021-03-01,SAR,2162,1055,1107,1137,341,141,1,8,19,104,10,391,10,1503,659,ITG,ITG2,20,Sardegna,Sardegna,1639591,95686,5.84,0.13
2508,2021-01-22,SAR,83,47,36,45,38,0,0,0,0,0,0,0,0,55,28,ITG,ITG2,20,Sardegna,Sardegna,1639591,95769,5.84,0.01
2509,2021-02-17,SAR,1406,576,830,689,338,313,0,1,0,0,1,33,31,1332,74,ITG,ITG2,20,Sardegna,Sardegna,1639591,97175,5.93,0.09
2510,2021-03-06,SAR,2639,1079,1560,1108,886,469,36,3,10,24,2,79,22,858,1781,ITG,ITG2,20,Sardegna,Sardegna,1639591,99814,6.09,0.16
2511,2021-02-16,SAR,700,289,411,376,211,112,0,0,0,0,0,0,1,673,27,ITG,ITG2,20,Sardegna,Sardegna,1639591,100514,6.13,0.04
2512,2021-04-22,SAR,10236,4524,5712,218,121,76,36,2579,1562,2887,2524,6,227,5391,4845,ITG,ITG2,20,Sardegna,Sardegna,1639591,110750,6.75,0.62
2513,2021-04-27,SAR,7566,3531,4035,164,68,51,42,529,878,1601,4095,2,136,5527,2039,ITG,ITG2,20,Sardegna,Sardegna,1639591,118316,7.22,0.46
2514,2021-03-10,SAR,6009,2917,3092,719,497,414,335,14,85,2986,29,902,28,5159,850,ITG,ITG2,20,Sardegna,Sardegna,1639591,124325,7.58,0.37
2515,2021-04-13,SAR,7586,3585,4001,216,62,45,15,486,3658,1492,1433,144,35,5762,1824,ITG,ITG2,20,Sardegna,Sardegna,1639591,131911,8.05,0.46
2516,2021-02-21,SAR,1589,710,879,67,28,59,0,0,7,1422,0,6,0,1559,30,ITG,ITG2,20,Sardegna,Sardegna,1639591,133500,8.14,0.1
2517,2021-02-28,SAR,368,169,199,245,76,47,0,0,0,0,0,0,0,142,226,ITG,ITG2,20,Sardegna,Sardegna,1639591,133868,8.16,0.02
2518,2021-01-26,SAR,1336,453,883,1296,39,0,1,0,0,0,0,0,0,27,1309,ITG,ITG2,20,Sardegna,Sardegna,1639591,135204,8.25,0.08
2519,2021-02-09,SAR,2286,837,1449,1308,471,497,1,4,0,1,2,0,2,1290,996,ITG,ITG2,20,Sardegna,Sardegna,1639591,137490,8.39,0.14
2520,2021-01-31,SAR,2121,750,1371,1544,555,0,0,6,0,1,1,0,14,48,2073,ITG,ITG2,20,Sardegna,Sardegna,1639591,139611,8.51,0.13
2521,2021-01-16,SAR,1492,525,967,1282,207,0,1,1,1,0,0,0,0,1492,0,ITG,ITG2,20,Sardegna,Sardegna,1639591,141103,8.61,0.09
2522,2021-04-25,SAR,3992,2046,1946,41,4,0,3,1250,865,599,1217,1,12,3477,515,ITG,ITG2,20,Sardegna,Sardegna,1639591,145095,8.85,0.24
2523,2021-02-24,SAR,2410,1292,1118,1193,521,301,0,6,2,7,0,366,14,2221,189,ITG,ITG2,20,Sardegna,Sardegna,1639591,147505,9.0,0.15
2524,2021-03-20,SAR,5193,2073,3120,696,307,127,855,19,91,2744,203,105,46,2916,2277,ITG,ITG2,20,Sardegna,Sardegna,1639591,152698,9.31,0.32
2525,2021-04-06,SAR,7435,3106,4329,657,252,226,456,102,1847,2833,588,35,439,5008,2427,ITG,ITG2,20,Sardegna,Sardegna,1639591,160133,9.77,0.45
2526,2021-03-28,SAR,4619,1814,2805,83,42,23,681,49,131,3276,216,13,105,4540,79,ITG,ITG2,20,Sardegna,Sardegna,1639591,164752,10.05,0.28
2527,2021-01-17,SAR,860,277,583,747,113,0,0,0,0,0,0,0,0,859,1,ITG,ITG2,20,Sardegna,Sardegna,1639591,165612,10.1,0.05
2528,2021-03-19,SAR,7263,3045,4218,1315,773,222,10,141,581,3508,325,247,141,5051,2212,ITG,ITG2,20,Sardegna,Sardegna,1639591,172875,10.54,0.44
2529,2021-04-01,SAR,10092,4021,6071,460,377,210,1257,169,896,4686,1534,203,300,7081,3011,ITG,ITG2,20,Sardegna,Sardegna,1639591,182967,11.16,0.62
2530,2021-04-26,SAR,6634,3182,3452,57,84,24,7,2319,1337,819,1947,4,36,5761,873,ITG,ITG2,20,Sardegna,Sardegna,1639591,189601,11.56,0.4
2531,2021-04-12,SAR,6956,3167,3789,89,83,44,11,599,2800,2202,1002,30,96,5243,1713,ITG,ITG2,20,Sardegna,Sardegna,1639591,196557,11.99,0.42
2532,2021-03-05,SAR,5033,2443,2590,1694,1153,669,10,29,14,647,14,747,56,2681,2352,ITG,ITG2,20,Sardegna,Sardegna,1639591,201590,12.3,0.31
2533,2021-04-30,SAR,9754,4679,5075,380,161,13,207,762,916,1266,5580,334,135,5914,3840,ITG,ITG2,20,Sardegna,Sardegna,1639591,211344,12.89,0.59
2534,2021-03-08,SAR,4004,1786,2218,740,1027,650,153,8,8,854,46,505,13,2784,1220,ITG,ITG2,20,Sardegna,Sardegna,1639591,215348,13.13,0.24
2535,2021-05-02,SAR,5393,2458,2935,79,58,1,54,661,900,397,3099,13,131,4938,455,ITG,ITG2,20,Sardegna,Sardegna,1639591,220741,13.46,0.33
2536,2021-01-11,SAR,1183,505,678,656,525,0,0,0,0,1,0,0,1,1183,0,ITG,ITG2,20,Sardegna,Sardegna,1639591,221924,13.54,0.07
2537,2021-01-25,SAR,588,212,376,553,34,0,0,0,0,0,0,0,1,22,566,ITG,ITG2,20,Sardegna,Sardegna,1639591,222512,13.57,0.04
2538,2021-04-09,SAR,12158,5390,6768,437,257,39,163,442,3510,4893,2162,37,218,7806,4352,ITG,ITG2,20,Sardegna,Sardegna,1639591,234670,14.31,0.74
2539,2021-02-12,SAR,2237,933,1304,986,720,501,0,4,0,1,4,0,21,2178,59,ITG,ITG2,20,Sardegna,Sardegna,1639591,236907,14.45,0.14
2540,2021-04-11,SAR,5389,2442,2947,62,16,1,20,26,3233,1860,150,9,12,4269,1120,ITG,ITG2,20,Sardegna,Sardegna,1639591,242296,14.78,0.33
2541,2021-01-15,SAR,1563,573,990,1170,384,0,0,0,0,0,6,3,0,1563,0,ITG,ITG2,20,Sardegna,Sardegna,1639591,243859,14.87,0.1
2542,2021-01-23,SAR,60,22,38,60,0,0,0,0,0,0,0,0,0,0,60,ITG,ITG2,20,Sardegna,Sardegna,1639591,243919,14.88,0.0
2543,2021-01-12,SAR,865,408,457,504,361,0,0,0,0,0,0,0,0,865,0,ITG,ITG2,20,Sardegna,Sardegna,1639591,244784,14.93,0.05
2544,2021-01-14,SAR,1105,426,679,885,220,0,0,0,0,0,0,0,0,1105,0,ITG,ITG2,20,Sardegna,Sardegna,1639591,245889,15.0,0.07
2545,2021-03-07,SAR,1657,750,907,323,230,78,2,4,1,1012,0,0,7,1117,540,ITG,ITG2,20,Sardegna,Sardegna,1639591,247546,15.1,0.1
2546,2021-03-02,SAR,2865,1459,1406,1067,608,381,2,8,10,324,1,461,3,1712,1153,ITG,ITG2,20,Sardegna,Sardegna,1639591,250411,15.27,0.17
2547,2021-02-11,SAR,1315,490,825,588,266,369,0,31,1,3,0,0,57,1204,111,ITG,ITG2,20,Sardegna,Sardegna,1639591,251726,15.35,0.08
2548,2021-04-07,SAR,13452,5973,7479,673,443,257,352,188,3337,5599,2358,72,173,7803,5649,ITG,ITG2,20,Sardegna,Sardegna,1639591,265178,16.17,0.82
2549,2021-04-14,SAR,8156,3857,4299,145,34,96,17,477,4874,833,1624,1,55,6920,1236,ITG,ITG2,20,Sardegna,Sardegna,1639591,273334,16.67,0.5
2550,2021-02-10,SAR,1959,765,1194,1169,299,488,1,0,1,0,0,0,1,1441,518,ITG,ITG2,20,Sardegna,Sardegna,1639591,275293,16.79,0.12
2551,2021-03-25,SAR,8790,3702,5088,815,312,189,1562,156,455,3870,947,343,141,7486,1304,ITG,ITG2,20,Sardegna,Sardegna,1639591,284083,17.33,0.54
2552,2021-02-20,SAR,2041,855,1186,484,150,195,1,2,4,1204,0,0,1,1707,334,ITG,ITG2,20,Sardegna,Sardegna,1639591,286124,17.45,0.12
2553,2021-02-15,SAR,958,349,609,440,231,279,0,2,0,0,3,0,3,927,31,ITG,ITG2,20,Sardegna,Sardegna,1639591,287082,17.51,0.06
2554,2021-03-13,SAR,2751,1072,1679,274,142,240,132,13,101,1765,22,44,18,2470,281,ITG,ITG2,20,Sardegna,Sardegna,1639591,289833,17.68,0.17
2555,2021-03-27,SAR,5712,2174,3538,331,322,217,1309,31,188,2635,507,83,89,5290,422,ITG,ITG2,20,Sardegna,Sardegna,1639591,295545,18.03,0.35
2556,2021-02-02,SAR,1482,655,827,988,475,0,0,0,0,0,0,0,19,241,1241,ITG,ITG2,20,Sardegna,Sardegna,1639591,297027,18.12,0.09
2557,2021-01-20,SAR,210,77,133,154,56,0,0,0,0,0,0,0,0,208,2,ITG,ITG2,20,Sardegna,Sardegna,1639591,297237,18.13,0.01
2558,2021-03-23,SAR,6143,2633,3510,1109,317,283,1140,34,166,2311,608,95,80,5065,1078,ITG,ITG2,20,Sardegna,Sardegna,1639591,303380,18.5,0.37
2559,2021-01-05,SAR,1327,446,881,1283,40,0,0,1,0,0,0,0,3,1327,0,ITG,ITG2,20,Sardegna,Sardegna,1639591,304707,18.58,0.08
2560,2021-04-03,SAR,4468,1720,2748,181,275,153,425,53,431,2622,209,23,96,2693,1775,ITG,ITG2,20,Sardegna,Sardegna,1639591,309175,18.86,0.27
2561,2020-12-27,SAR,65,34,31,65,0,0,0,0,0,0,0,0,0,65,0,ITG,ITG2,20,Sardegna,Sardegna,1639591,309240,18.86,0.0
2562,2021-04-18,SAR,5155,2239,2916,48,6,0,3,863,323,3472,418,11,11,2287,2868,ITG,ITG2,20,Sardegna,Sardegna,1639591,314395,19.18,0.31
2563,2021-01-27,SAR,1409,494,915,1304,103,0,0,0,0,0,0,0,2,79,1330,ITG,ITG2,20,Sardegna,Sardegna,1639591,315804,19.26,0.09
2564,2021-03-17,SAR,6556,2849,3707,1077,529,528,128,80,443,3343,369,5,54,4949,1607,ITG,ITG2,20,Sardegna,Sardegna,1639591,322360,19.66,0.4
2565,2021-04-24,SAR,10335,4840,5495,110,55,58,41,1956,1938,2265,3732,2,178,8007,2328,ITG,ITG2,20,Sardegna,Sardegna,1639591,332695,20.29,0.63
2566,2021-01-28,SAR,2968,1044,1924,2554,400,0,0,1,0,0,0,11,2,69,2899,ITG,ITG2,20,Sardegna,Sardegna,1639591,335663,20.47,0.18
2567,2021-01-10,SAR,2183,750,1433,1632,548,0,0,0,0,0,0,0,3,2183,0,ITG,ITG2,20,Sardegna,Sardegna,1639591,337846,20.61,0.13
2568,2021-03-14,SAR,606,376,230,34,210,0,12,2,1,251,0,87,9,606,0,ITG,ITG2,20,Sardegna,Sardegna,1639591,338452,20.64,0.04
2569,2021-04-21,SAR,12005,5537,6468,151,63,101,41,2750,1972,4293,2501,8,125,6527,5478,ITG,ITG2,20,Sardegna,Sardegna,1639591,350457,21.37,0.73
2570,2021-04-08,SAR,13421,5920,7501,715,198,77,288,393,2924,4978,3634,41,173,8303,5118,ITG,ITG2,20,Sardegna,Sardegna,1639591,363878,22.19,0.82
2571,2021-01-08,SAR,3258,1184,2074,2930,323,0,0,0,0,2,1,0,2,3258,0,ITG,ITG2,20,Sardegna,Sardegna,1639591,367136,22.39,0.2
2572,2021-02-18,SAR,1878,732,1146,1074,344,298,110,4,0,1,1,33,13,1814,64,ITG,ITG2,20,Sardegna,Sardegna,1639591,369014,22.51,0.11
2573,2021-02-27,SAR,1921,647,1274,1059,316,306,0,14,2,178,0,0,46,1366,555,ITG,ITG2,20,Sardegna,Sardegna,1639591,370935,22.62,0.12
2574,2021-04-04,SAR,1,0,1,0,0,0,0,0,0,1,0,0,0,0,1,ITG,ITG2,20,Sardegna,Sardegna,1639591,370936,22.62,0.0
2575,2021-02-04,SAR,2271,816,1455,1737,360,170,0,1,1,1,1,0,0,916,1355,ITG,ITG2,20,Sardegna,Sardegna,1639591,373207,22.76,0.14
2576,2021-02-19,SAR,1498,472,1026,677,390,388,0,4,4,1,13,1,20,1442,56,ITG,ITG2,20,Sardegna,Sardegna,1639591,374705,22.85,0.09
2577,2021-04-05,SAR,2032,783,1249,55,150,0,694,93,395,146,123,22,354,2031,1,ITG,ITG2,20,Sardegna,Sardegna,1639591,376737,22.98,0.12
2578,2021-05-03,SAR,2241,1102,1139,109,55,9,9,276,438,190,1078,57,20,1588,653,ITG,ITG2,20,Sardegna,Sardegna,1639591,378978,23.11,0.14
2579,2020-12-29,SAR,57,32,25,56,1,0,0,0,0,0,0,0,0,57,0,ITG,ITG2,20,Sardegna,Sardegna,1639591,379035,23.12,0.0
2580,2021-03-16,SAR,4374,1949,2425,663,224,352,8,36,163,2549,337,1,41,3452,922,ITG,ITG2,20,Sardegna,Sardegna,1639591,383409,23.38,0.27
2581,2021-03-26,SAR,8086,3178,4908,845,567,414,1522,140,466,2761,1002,227,142,6561,1525,ITG,ITG2,20,Sardegna,Sardegna,1639591,391495,23.88,0.49
2582,2021-04-28,SAR,8559,4045,4514,111,87,48,11,1014,1410,2147,3643,4,84,4905,3654,ITG,ITG2,20,Sardegna,Sardegna,1639591,400054,24.4,0.52
2583,2021-02-14,SAR,539,263,276,286,188,57,0,1,0,3,0,0,4,537,2,ITG,ITG2,20,Sardegna,Sardegna,1639591,400593,24.43,0.03
2584,2021-01-06,SAR,1615,549,1066,1510,99,0,0,0,0,1,0,0,5,1615,0,ITG,ITG2,20,Sardegna,Sardegna,1639591,402208,24.53,0.1
2585,2021-02-25,SAR,2899,1255,1644,1474,611,466,9,6,2,242,2,74,13,2294,605,ITG,ITG2,20,Sardegna,Sardegna,1639591,405107,24.71,0.18
2586,2021-03-12,SAR,5756,2408,3348,1048,766,464,159,33,56,2573,84,468,105,4448,1308,ITG,ITG2,20,Sardegna,Sardegna,1639591,410863,25.06,0.35
2587,2021-01-04,SAR,591,217,374,565,20,0,0,0,0,1,0,0,5,591,0,ITG,ITG2,20,Sardegna,Sardegna,1639591,411454,25.09,0.04
2588,2020-12-31,SAR,32,16,16,28,4,0,0,0,0,0,0,0,0,32,0,ITG,ITG2,20,Sardegna,Sardegna,1639591,411486,25.1,0.0
2589,2021-02-01,SAR,1524,605,919,896,551,77,0,0,0,0,0,0,0,225,1299,ITG,ITG2,20,Sardegna,Sardegna,1639591,413010,25.19,0.09
2590,2021-01-19,SAR,747,270,477,423,163,160,1,0,0,0,0,0,0,692,55,ITG,ITG2,20,Sardegna,Sardegna,1639591,413757,25.24,0.05
2591,2021-02-07,SAR,1116,394,722,975,141,0,0,0,0,0,0,0,0,228,888,ITG,ITG2,20,Sardegna,Sardegna,1639591,414873,25.3,0.07
2592,2021-01-18,SAR,904,326,578,714,188,0,0,0,0,0,0,1,1,780,124,ITG,ITG2,20,Sardegna,Sardegna,1639591,415777,25.36,0.06
2593,2021-03-30,SAR,8581,3435,5146,651,514,237,1453,104,894,3360,1211,60,97,6309,2272,ITG,ITG2,20,Sardegna,Sardegna,1639591,424358,25.88,0.52
2594,2021-01-03,SAR,90,36,54,89,1,0,0,0,0,0,0,0,0,90,0,ITG,ITG2,20,Sardegna,Sardegna,1639591,424448,25.89,0.01
2595,2021-01-30,SAR,3862,1392,2470,2987,873,0,0,0,0,1,0,0,1,362,3500,ITG,ITG2,20,Sardegna,Sardegna,1639591,428310,26.12,0.24
2596,2021-01-21,SAR,126,60,66,60,66,0,0,0,0,0,0,0,0,94,32,ITG,ITG2,20,Sardegna,Sardegna,1639591,428436,26.13,0.01
2597,2021-02-03,SAR,1119,419,700,920,169,19,0,1,0,0,0,0,10,426,693,ITG,ITG2,20,Sardegna,Sardegna,1639591,429555,26.2,0.07
2598,2021-04-02,SAR,8973,3540,5433,533,693,177,1309,96,803,4209,920,71,162,5744,3229,ITG,ITG2,20,Sardegna,Sardegna,1639591,438528,26.75,0.55
2599,2021-04-16,SAR,14426,6486,7940,477,159,107,27,2160,4362,4310,2686,19,119,9084,5342,ITG,ITG2,20,Sardegna,Sardegna,1639591,452954,27.63,0.88
2600,2021-01-24,SAR,90,34,56,89,1,0,0,0,0,0,0,0,0,5,85,ITG,ITG2,20,Sardegna,Sardegna,1639591,453044,27.63,0.01
2601,2021-03-24,SAR,7278,2993,4285,739,254,397,1059,58,400,3163,784,330,94,5919,1359,ITG,ITG2,20,Sardegna,Sardegna,1639591,460322,28.08,0.44
2602,2021-05-01,SAR,8524,4134,4390,110,38,10,5,487,1008,2212,4565,8,81,5009,3515,ITG,ITG2,20,Sardegna,Sardegna,1639591,468846,28.6,0.52
2603,2021-03-22,SAR,3548,1362,2186,838,344,109,1136,15,42,784,153,105,22,3035,513,ITG,ITG2,20,Sardegna,Sardegna,1639591,472394,28.81,0.22
2604,2021-04-10,SAR,10320,4653,5667,153,110,11,218,590,4668,3600,802,11,157,8385,1935,ITG,ITG2,20,Sardegna,Sardegna,1639591,482714,29.44,0.63
2605,2021-02-06,SAR,1970,697,1273,1544,284,139,1,0,1,0,0,0,1,569,1401,ITG,ITG2,20,Sardegna,Sardegna,1639591,484684,29.56,0.12
2606,2021-02-13,SAR,1456,565,891,732,433,256,5,4,3,1,1,0,21,1454,2,ITG,ITG2,20,Sardegna,Sardegna,1639591,486140,29.65,0.09
2607,2021-02-08,SAR,1470,533,937,998,337,126,0,1,0,1,1,1,5,856,614,ITG,ITG2,20,Sardegna,Sardegna,1639591,487610,29.74,0.09
2608,2021-01-01,SAR,30,16,14,30,0,0,0,0,0,0,0,0,0,30,0,ITG,ITG2,20,Sardegna,Sardegna,1639591,487640,29.74,0.0
2609,2021-04-19,SAR,10008,4543,5465,186,75,88,43,3704,3106,1396,1373,6,31,8655,1353,ITG,ITG2,20,Sardegna,Sardegna,1639591,497648,30.35,0.61
2610,2021-03-04,SAR,4002,1953,2049,987,552,542,42,44,18,1153,1,581,82,2747,1255,ITG,ITG2,20,Sardegna,Sardegna,1639591,501650,30.6,0.24
2611,2021-02-22,SAR,1638,948,690,606,294,190,0,6,3,5,11,516,7,1410,228,ITG,ITG2,20,Sardegna,Sardegna,1639591,503288,30.7,0.1
2612,2021-04-15,SAR,11770,5503,6267,271,93,134,20,1055,4000,3891,2143,29,134,6820,4950,ITG,ITG2,20,Sardegna,Sardegna,1639591,515058,31.41,0.72
2613,2021-04-29,SAR,9914,4617,5297,237,93,57,21,947,1172,1204,6030,5,148,6063,3851,ITG,ITG2,20,Sardegna,Sardegna,1639591,524972,32.02,0.6
