,data,area,Vaccinazioni giornaliere,sesso_maschile,sesso_femminile,prima_dose,seconda_dose,pregressa_infezione,codice_NUTS1,codice_NUTS2,codice_regione_ISTAT,nome_area,Regione,popolazione,Totale vaccinazioni,Totale vaccinazioni ogni cento ab,Vaccinazioni giornaliere ogni cento ab
0,2021-03-08,VDA,485,233,252,237,245,3,ITC,ITC2,2,Valle d'Aosta / Vallée d'Aoste,Valle d'Aosta,125666,485,0.39,0.39
1,2021-05-04,VDA,1135,510,625,434,673,28,ITC,ITC2,2,Valle d'Aosta / Vallée d'Aoste,Valle d'Aosta,125666,1620,1.29,0.9
2,2021-06-16,VDA,683,365,318,642,41,0,ITC,ITC2,2,Valle d'Aosta / Vallée d'Aoste,Valle d'Aosta,125666,2303,1.83,0.54
3,2021-03-15,VDA,362,123,239,150,203,9,ITC,ITC2,2,Valle d'Aosta / Vallée d'Aoste,Valle d'Aosta,125666,2665,2.12,0.29
4,2021-05-11,VDA,647,325,322,469,151,27,ITC,ITC2,2,Valle d'Aosta / Vallée d'Aoste,Valle d'Aosta,125666,3312,2.64,0.51
5,2021-04-27,VDA,978,423,555,650,292,36,ITC,ITC2,2,Valle d'Aosta / Vallée d'Aoste,Valle d'Aosta,125666,4290,3.41,0.78
6,2021-01-17,VDA,131,56,75,131,0,0,ITC,ITC2,2,Valle d'Aosta / Vallée d'Aoste,Valle d'Aosta,125666,4421,3.52,0.1
7,2021-06-23,VDA,1043,551,492,427,616,0,ITC,ITC2,2,Valle d'Aosta / Vallée d'Aoste,Valle d'Aosta,125666,5464,4.35,0.83
8,2021-02-03,VDA,351,114,237,14,337,0,ITC,ITC2,2,Valle d'Aosta / Vallée d'Aoste,Valle d'Aosta,125666,5815,4.63,0.28
9,2021-04-01,VDA,777,394,383,746,12,19,ITC,ITC2,2,Valle d'Aosta / Vallée d'Aoste,Valle d'Aosta,125666,6592,5.25,0.62
10,2021-04-03,VDA,676,341,335,649,15,12,ITC,ITC2,2,Valle d'Aosta / Vallée d'Aoste,Valle d'Aosta,125666,7268,5.78,0.54
11,2021-03-20,VDA,208,86,122,167,36,5,ITC,ITC2,2,Valle d'Aosta / Vallée d'Aoste,Valle d'Aosta,125666,7476,5.95,0.17
12,2021-06-28,VDA,986,496,490,329,657,0,ITC,ITC2,2,Valle d'Aosta / Vallée d'Aoste,Valle d'Aosta,125666,8462,6.73,0.78
13,2021-06-11,VDA,1047,483,564,764,283,0,ITC,ITC2,2,Valle d'Aosta / Vallée d'Aoste,Valle d'Aosta,125666,9509,7.57,0.83
14,2021-05-23,VDA,999,465,534,652,341,6,ITC,ITC2,2,Valle d'Aosta / Vallée d'Aoste,Valle d'Aosta,125666,10508,8.36,0.79
15,2021-01-29,VDA,318,138,180,2,316,0,ITC,ITC2,2,Valle d'Aosta / Vallée d'Aoste,Valle d'Aosta,125666,10826,8.61,0.25
16,2021-05-30,VDA,865,429,436,682,171,12,ITC,ITC2,2,Valle d'Aosta / Vallée d'Aoste,Valle d'Aosta,125666,11691,9.3,0.69
17,2021-05-28,VDA,975,414,561,544,412,19,ITC,ITC2,2,Valle d'Aosta / Vallée d'Aoste,Valle d'Aosta,125666,12666,10.08,0.78
18,2021-02-17,VDA,327,144,183,223,100,4,ITC,ITC2,2,Valle d'Aosta / Vallée d'Aoste,Valle d'Aosta,125666,12993,10.34,0.26
19,2021-01-27,VDA,151,71,80,79,72,0,ITC,ITC2,2,Valle d'Aosta / Vallée d'Aoste,Valle d'Aosta,125666,13144,10.46,0.12
20,2021-04-20,VDA,933,430,503,707,194,32,ITC,ITC2,2,Valle d'Aosta / Vallée d'Aoste,Valle d'Aosta,125666,14077,11.2,0.74
21,2021-01-10,VDA,220,71,149,208,0,12,ITC,ITC2,2,Valle d'Aosta / Vallée d'Aoste,Valle d'Aosta,125666,14297,11.38,0.18
22,2020-12-27,VDA,20,9,11,20,0,0,ITC,ITC2,2,Valle d'Aosta / Vallée d'Aoste,Valle d'Aosta,125666,14317,11.39,0.02
23,2021-04-15,VDA,810,377,433,638,139,33,ITC,ITC2,2,Valle d'Aosta / Vallée d'Aoste,Valle d'Aosta,125666,15127,12.04,0.64
24,2021-07-07,VDA,792,439,353,430,362,0,ITC,ITC2,2,Valle d'Aosta / Vallée d'Aoste,Valle d'Aosta,125666,15919,12.67,0.63
25,2021-02-05,VDA,294,102,192,101,193,0,ITC,ITC2,2,Valle d'Aosta / Vallée d'Aoste,Valle d'Aosta,125666,16213,12.9,0.23
26,2021-02-22,VDA,316,94,222,210,103,3,ITC,ITC2,2,Valle d'Aosta / Vallée d'Aoste,Valle d'Aosta,125666,16529,13.15,0.25
27,2021-05-16,VDA,688,341,347,338,341,9,ITC,ITC2,2,Valle d'Aosta / Vallée d'Aoste,Valle d'Aosta,125666,17217,13.7,0.55
28,2021-05-02,VDA,765,345,420,581,160,24,ITC,ITC2,2,Valle d'Aosta / Vallée d'Aoste,Valle d'Aosta,125666,17982,14.31,0.61
29,2021-01-22,VDA,56,21,35,20,36,0,ITC,ITC2,2,Valle d'Aosta / Vallée d'Aoste,Valle d'Aosta,125666,18038,14.35,0.04
30,2021-01-08,VDA,299,130,169,299,0,0,ITC,ITC2,2,Valle d'Aosta / Vallée d'Aoste,Valle d'Aosta,125666,18337,14.59,0.24
31,2021-03-06,VDA,22,4,18,18,0,4,ITC,ITC2,2,Valle d'Aosta / Vallée d'Aoste,Valle d'Aosta,125666,18359,14.61,0.02
32,2021-06-30,VDA,1117,542,575,425,692,0,ITC,ITC2,2,Valle d'Aosta / Vallée d'Aoste,Valle d'Aosta,125666,19476,15.5,0.89
33,2021-01-31,VDA,291,91,200,58,233,0,ITC,ITC2,2,Valle d'Aosta / Vallée d'Aoste,Valle d'Aosta,125666,19767,15.73,0.23
34,2021-02-24,VDA,183,82,101,162,19,2,ITC,ITC2,2,Valle d'Aosta / Vallée d'Aoste,Valle d'Aosta,125666,19950,15.88,0.15
35,2021-04-08,VDA,584,282,302,420,143,21,ITC,ITC2,2,Valle d'Aosta / Vallée d'Aoste,Valle d'Aosta,125666,20534,16.34,0.46
36,2021-06-13,VDA,851,399,452,373,478,0,ITC,ITC2,2,Valle d'Aosta / Vallée d'Aoste,Valle d'Aosta,125666,21385,17.02,0.68
37,2021-06-08,VDA,712,356,356,679,33,0,ITC,ITC2,2,Valle d'Aosta / Vallée d'Aoste,Valle d'Aosta,125666,22097,17.58,0.57
38,2021-02-10,VDA,248,77,171,141,107,0,ITC,ITC2,2,Valle d'Aosta / Vallée d'Aoste,Valle d'Aosta,125666,22345,17.78,0.2
39,2021-03-25,VDA,389,154,235,364,10,15,ITC,ITC2,2,Valle d'Aosta / Vallée d'Aoste,Valle d'Aosta,125666,22734,18.09,0.31
40,2021-05-21,VDA,917,433,484,515,386,16,ITC,ITC2,2,Valle d'Aosta / Vallée d'Aoste,Valle d'Aosta,125666,23651,18.82,0.73
41,2021-04-17,VDA,638,407,231,593,2,43,ITC,ITC2,2,Valle d'Aosta / Vallée d'Aoste,Valle d'Aosta,125666,24289,19.33,0.51
42,2021-01-07,VDA,276,111,165,276,0,0,ITC,ITC2,2,Valle d'Aosta / Vallée d'Aoste,Valle d'Aosta,125666,24565,19.55,0.22
43,2021-02-19,VDA,292,102,190,266,24,2,ITC,ITC2,2,Valle d'Aosta / Vallée d'Aoste,Valle d'Aosta,125666,24857,19.78,0.23
44,2021-04-22,VDA,1068,450,618,652,383,33,ITC,ITC2,2,Valle d'Aosta / Vallée d'Aoste,Valle d'Aosta,125666,25925,20.63,0.85
45,2021-05-09,VDA,574,287,287,425,130,19,ITC,ITC2,2,Valle d'Aosta / Vallée d'Aoste,Valle d'Aosta,125666,26499,21.09,0.46
46,2021-03-17,VDA,433,185,248,259,160,14,ITC,ITC2,2,Valle d'Aosta / Vallée d'Aoste,Valle d'Aosta,125666,26932,21.43,0.34
47,2021-03-03,VDA,255,118,137,182,68,5,ITC,ITC2,2,Valle d'Aosta / Vallée d'Aoste,Valle d'Aosta,125666,27187,21.63,0.2
48,2021-06-09,VDA,1027,535,492,991,36,0,ITC,ITC2,2,Valle d'Aosta / Vallée d'Aoste,Valle d'Aosta,125666,28214,22.45,0.82
49,2021-03-01,VDA,181,66,115,139,34,8,ITC,ITC2,2,Valle d'Aosta / Vallée d'Aoste,Valle d'Aosta,125666,28395,22.6,0.14
50,2021-02-15,VDA,264,136,128,225,35,4,ITC,ITC2,2,Valle d'Aosta / Vallée d'Aoste,Valle d'Aosta,125666,28659,22.81,0.21
51,2021-03-13,VDA,147,88,59,141,0,6,ITC,ITC2,2,Valle d'Aosta / Vallée d'Aoste,Valle d'Aosta,125666,28806,22.92,0.12
52,2021-01-15,VDA,218,82,136,218,0,0,ITC,ITC2,2,Valle d'Aosta / Vallée d'Aoste,Valle d'Aosta,125666,29024,23.1,0.17
53,2021-03-31,VDA,555,302,253,511,26,18,ITC,ITC2,2,Valle d'Aosta / Vallée d'Aoste,Valle d'Aosta,125666,29579,23.54,0.44
54,2021-06-04,VDA,908,383,525,475,433,0,ITC,ITC2,2,Valle d'Aosta / Vallée d'Aoste,Valle d'Aosta,125666,30487,24.26,0.72
55,2021-01-19,VDA,256,77,179,256,0,0,ITC,ITC2,2,Valle d'Aosta / Vallée d'Aoste,Valle d'Aosta,125666,30743,24.46,0.2
56,2021-04-12,VDA,486,186,300,306,163,17,ITC,ITC2,2,Valle d'Aosta / Vallée d'Aoste,Valle d'Aosta,125666,31229,24.85,0.39
57,2021-04-13,VDA,373,171,202,311,44,18,ITC,ITC2,2,Valle d'Aosta / Vallée d'Aoste,Valle d'Aosta,125666,31602,25.15,0.3
58,2021-07-05,VDA,834,355,479,326,508,0,ITC,ITC2,2,Valle d'Aosta / Vallée d'Aoste,Valle d'Aosta,125666,32436,25.81,0.66
59,2021-03-27,VDA,333,164,169,289,31,13,ITC,ITC2,2,Valle d'Aosta / Vallée d'Aoste,Valle d'Aosta,125666,32769,26.08,0.26
60,2021-06-18,VDA,998,443,555,599,399,0,ITC,ITC2,2,Valle d'Aosta / Vallée d'Aoste,Valle d'Aosta,125666,33767,26.87,0.79
61,2021-03-29,VDA,493,233,260,448,40,5,ITC,ITC2,2,Valle d'Aosta / Vallée d'Aoste,Valle d'Aosta,125666,34260,27.26,0.39
62,2021-03-22,VDA,560,205,355,324,227,9,ITC,ITC2,2,Valle d'Aosta / Vallée d'Aoste,Valle d'Aosta,125666,34820,27.71,0.45
63,2021-02-26,VDA,207,58,149,108,85,14,ITC,ITC2,2,Valle d'Aosta / Vallée d'Aoste,Valle d'Aosta,125666,35027,27.87,0.16
64,2021-04-10,VDA,404,190,214,387,5,12,ITC,ITC2,2,Valle d'Aosta / Vallée d'Aoste,Valle d'Aosta,125666,35431,28.19,0.32
65,2020-12-31,VDA,18,4,14,18,0,0,ITC,ITC2,2,Valle d'Aosta / Vallée d'Aoste,Valle d'Aosta,125666,35449,28.21,0.01
66,2021-06-06,VDA,1160,582,578,787,373,0,ITC,ITC2,2,Valle d'Aosta / Vallée d'Aoste,Valle d'Aosta,125666,36609,29.13,0.92
67,2021-06-15,VDA,876,479,397,621,255,0,ITC,ITC2,2,Valle d'Aosta / Vallée d'Aoste,Valle d'Aosta,125666,37485,29.83,0.7
68,2021-03-05,VDA,275,124,151,52,222,1,ITC,ITC2,2,Valle d'Aosta / Vallée d'Aoste,Valle d'Aosta,125666,37760,30.05,0.22
69,2021-01-26,VDA,139,48,91,0,139,0,ITC,ITC2,2,Valle d'Aosta / Vallée d'Aoste,Valle d'Aosta,125666,37899,30.16,0.11
70,2021-02-12,VDA,263,96,167,216,46,1,ITC,ITC2,2,Valle d'Aosta / Vallée d'Aoste,Valle d'Aosta,125666,38162,30.37,0.21
71,2021-01-12,VDA,302,72,230,302,0,0,ITC,ITC2,2,Valle d'Aosta / Vallée d'Aoste,Valle d'Aosta,125666,38464,30.61,0.24
72,2021-05-24,VDA,1136,516,620,673,447,16,ITC,ITC2,2,Valle d'Aosta / Vallée d'Aoste,Valle d'Aosta,125666,39600,31.51,0.9
73,2021-05-25,VDA,1115,530,585,529,574,12,ITC,ITC2,2,Valle d'Aosta / Vallée d'Aoste,Valle d'Aosta,125666,40715,32.4,0.89
74,2021-02-14,VDA,48,16,32,1,47,0,ITC,ITC2,2,Valle d'Aosta / Vallée d'Aoste,Valle d'Aosta,125666,40763,32.44,0.04
75,2021-05-08,VDA,904,540,364,497,378,29,ITC,ITC2,2,Valle d'Aosta / Vallée d'Aoste,Valle d'Aosta,125666,41667,33.16,0.72
76,2021-04-05,VDA,464,223,241,439,6,19,ITC,ITC2,2,Valle d'Aosta / Vallée d'Aoste,Valle d'Aosta,125666,42131,33.53,0.37
77,2021-06-27,VDA,1250,607,643,322,928,0,ITC,ITC2,2,Valle d'Aosta / Vallée d'Aoste,Valle d'Aosta,125666,43381,34.52,0.99
78,2021-05-27,VDA,1089,497,592,574,503,12,ITC,ITC2,2,Valle d'Aosta / Vallée d'Aoste,Valle d'Aosta,125666,44470,35.39,0.87
79,2021-05-13,VDA,1139,556,583,515,599,25,ITC,ITC2,2,Valle d'Aosta / Vallée d'Aoste,Valle d'Aosta,125666,45609,36.29,0.91
80,2021-02-02,VDA,273,70,203,2,271,0,ITC,ITC2,2,Valle d'Aosta / Vallée d'Aoste,Valle d'Aosta,125666,45882,36.51,0.22
81,2021-07-09,VDA,945,446,499,289,656,0,ITC,ITC2,2,Valle d'Aosta / Vallée d'Aoste,Valle d'Aosta,125666,46827,37.26,0.75
82,2021-06-25,VDA,977,445,532,324,653,0,ITC,ITC2,2,Valle d'Aosta / Vallée d'Aoste,Valle d'Aosta,125666,47804,38.04,0.78
83,2021-05-20,VDA,807,363,444,358,440,9,ITC,ITC2,2,Valle d'Aosta / Vallée d'Aoste,Valle d'Aosta,125666,48611,38.68,0.64
84,2021-07-02,VDA,865,383,482,305,560,0,ITC,ITC2,2,Valle d'Aosta / Vallée d'Aoste,Valle d'Aosta,125666,49476,39.37,0.69
85,2021-03-24,VDA,515,230,285,255,257,3,ITC,ITC2,2,Valle d'Aosta / Vallée d'Aoste,Valle d'Aosta,125666,49991,39.78,0.41
86,2021-05-06,VDA,1064,510,554,646,384,34,ITC,ITC2,2,Valle d'Aosta / Vallée d'Aoste,Valle d'Aosta,125666,51055,40.63,0.85
87,2021-06-20,VDA,1131,545,586,487,644,0,ITC,ITC2,2,Valle d'Aosta / Vallée d'Aoste,Valle d'Aosta,125666,52186,41.53,0.9
88,2021-03-12,VDA,531,175,356,291,226,14,ITC,ITC2,2,Valle d'Aosta / Vallée d'Aoste,Valle d'Aosta,125666,52717,41.95,0.42
89,2021-03-10,VDA,438,183,255,220,213,5,ITC,ITC2,2,Valle d'Aosta / Vallée d'Aoste,Valle d'Aosta,125666,53155,42.3,0.35
90,2021-02-21,VDA,18,3,15,0,18,0,ITC,ITC2,2,Valle d'Aosta / Vallée d'Aoste,Valle d'Aosta,125666,53173,42.31,0.01
91,2021-06-01,VDA,871,469,402,518,353,0,ITC,ITC2,2,Valle d'Aosta / Vallée d'Aoste,Valle d'Aosta,125666,54044,43.01,0.69
92,2021-01-05,VDA,150,54,96,150,0,0,ITC,ITC2,2,Valle d'Aosta / Vallée d'Aoste,Valle d'Aosta,125666,54194,43.13,0.12
93,2021-01-14,VDA,237,69,168,237,0,0,ITC,ITC2,2,Valle d'Aosta / Vallée d'Aoste,Valle d'Aosta,125666,54431,43.31,0.19
94,2021-04-24,VDA,722,400,322,533,167,22,ITC,ITC2,2,Valle d'Aosta / Vallée d'Aoste,Valle d'Aosta,125666,55153,43.89,0.57
95,2021-04-19,VDA,751,325,426,519,209,23,ITC,ITC2,2,Valle d'Aosta / Vallée d'Aoste,Valle d'Aosta,125666,55904,44.49,0.6
96,2021-05-10,VDA,782,381,401,532,235,15,ITC,ITC2,2,Valle d'Aosta / Vallée d'Aoste,Valle d'Aosta,125666,56686,45.11,0.62
97,2021-04-21,VDA,868,410,458,588,248,32,ITC,ITC2,2,Valle d'Aosta / Vallée d'Aoste,Valle d'Aosta,125666,57554,45.8,0.69
98,2021-03-21,VDA,355,165,190,346,0,9,ITC,ITC2,2,Valle d'Aosta / Vallée d'Aoste,Valle d'Aosta,125666,57909,46.08,0.28
99,2021-06-29,VDA,780,390,390,238,542,0,ITC,ITC2,2,Valle d'Aosta / Vallée d'Aoste,Valle d'Aosta,125666,58689,46.7,0.62
100,2021-06-10,VDA,1002,558,444,960,42,0,ITC,ITC2,2,Valle d'Aosta / Vallée d'Aoste,Valle d'Aosta,125666,59691,47.5,0.8
101,2021-03-02,VDA,339,166,173,291,3,45,ITC,ITC2,2,Valle d'Aosta / Vallée d'Aoste,Valle d'Aosta,125666,60030,47.77,0.27
102,2021-01-11,VDA,325,112,213,325,0,0,ITC,ITC2,2,Valle d'Aosta / Vallée d'Aoste,Valle d'Aosta,125666,60355,48.03,0.26
103,2021-04-04,VDA,572,253,319,550,1,21,ITC,ITC2,2,Valle d'Aosta / Vallée d'Aoste,Valle d'Aosta,125666,60927,48.48,0.46
104,2021-02-28,VDA,260,86,174,73,183,4,ITC,ITC2,2,Valle d'Aosta / Vallée d'Aoste,Valle d'Aosta,125666,61187,48.69,0.21
105,2021-05-05,VDA,1038,566,472,434,582,22,ITC,ITC2,2,Valle d'Aosta / Vallée d'Aoste,Valle d'Aosta,125666,62225,49.52,0.83
106,2021-06-05,VDA,925,476,449,737,188,0,ITC,ITC2,2,Valle d'Aosta / Vallée d'Aoste,Valle d'Aosta,125666,63150,50.25,0.74
107,2021-02-11,VDA,231,107,124,221,9,1,ITC,ITC2,2,Valle d'Aosta / Vallée d'Aoste,Valle d'Aosta,125666,63381,50.44,0.18
108,2021-04-09,VDA,237,111,126,200,33,4,ITC,ITC2,2,Valle d'Aosta / Vallée d'Aoste,Valle d'Aosta,125666,63618,50.62,0.19
109,2021-05-22,VDA,940,494,446,531,400,9,ITC,ITC2,2,Valle d'Aosta / Vallée d'Aoste,Valle d'Aosta,125666,64558,51.37,0.75
110,2021-04-16,VDA,599,261,338,565,2,32,ITC,ITC2,2,Valle d'Aosta / Vallée d'Aoste,Valle d'Aosta,125666,65157,51.85,0.48
111,2021-04-02,VDA,873,344,529,595,225,53,ITC,ITC2,2,Valle d'Aosta / Vallée d'Aoste,Valle d'Aosta,125666,66030,52.54,0.69
112,2021-05-29,VDA,798,434,364,553,237,8,ITC,ITC2,2,Valle d'Aosta / Vallée d'Aoste,Valle d'Aosta,125666,66828,53.18,0.64
113,2021-02-16,VDA,326,53,273,309,6,11,ITC,ITC2,2,Valle d'Aosta / Vallée d'Aoste,Valle d'Aosta,125666,67154,53.44,0.26
114,2021-04-07,VDA,910,474,436,654,229,27,ITC,ITC2,2,Valle d'Aosta / Vallée d'Aoste,Valle d'Aosta,125666,68064,54.16,0.72
115,2021-02-09,VDA,251,84,167,67,183,1,ITC,ITC2,2,Valle d'Aosta / Vallée d'Aoste,Valle d'Aosta,125666,68315,54.36,0.2
116,2021-04-18,VDA,522,254,268,492,4,26,ITC,ITC2,2,Valle d'Aosta / Vallée d'Aoste,Valle d'Aosta,125666,68837,54.78,0.42
117,2021-06-14,VDA,306,163,143,12,294,0,ITC,ITC2,2,Valle d'Aosta / Vallée d'Aoste,Valle d'Aosta,125666,69143,55.02,0.24
118,2021-05-31,VDA,880,396,484,490,379,11,ITC,ITC2,2,Valle d'Aosta / Vallée d'Aoste,Valle d'Aosta,125666,70023,55.72,0.7
119,2021-04-25,VDA,849,408,441,673,139,37,ITC,ITC2,2,Valle d'Aosta / Vallée d'Aoste,Valle d'Aosta,125666,70872,56.4,0.68
120,2021-06-21,VDA,1122,600,522,617,505,0,ITC,ITC2,2,Valle d'Aosta / Vallée d'Aoste,Valle d'Aosta,125666,71994,57.29,0.89
121,2021-06-07,VDA,710,347,363,649,61,0,ITC,ITC2,2,Valle d'Aosta / Vallée d'Aoste,Valle d'Aosta,125666,72704,57.85,0.56
122,2021-02-27,VDA,231,85,146,119,107,5,ITC,ITC2,2,Valle d'Aosta / Vallée d'Aoste,Valle d'Aosta,125666,72935,58.04,0.18
123,2021-01-28,VDA,291,123,168,56,235,0,ITC,ITC2,2,Valle d'Aosta / Vallée d'Aoste,Valle d'Aosta,125666,73226,58.27,0.23
124,2021-06-12,VDA,1232,599,633,1066,166,0,ITC,ITC2,2,Valle d'Aosta / Vallée d'Aoste,Valle d'Aosta,125666,74458,59.25,0.98
125,2021-03-19,VDA,322,85,237,277,35,10,ITC,ITC2,2,Valle d'Aosta / Vallée d'Aoste,Valle d'Aosta,125666,74780,59.51,0.26
126,2021-05-07,VDA,564,245,319,519,31,14,ITC,ITC2,2,Valle d'Aosta / Vallée d'Aoste,Valle d'Aosta,125666,75344,59.96,0.45
127,2021-02-23,VDA,216,123,93,215,0,1,ITC,ITC2,2,Valle d'Aosta / Vallée d'Aoste,Valle d'Aosta,125666,75560,60.13,0.17
128,2021-06-03,VDA,1306,667,639,896,410,0,ITC,ITC2,2,Valle d'Aosta / Vallée d'Aoste,Valle d'Aosta,125666,76866,61.17,1.04
129,2021-05-17,VDA,809,417,392,370,434,5,ITC,ITC2,2,Valle d'Aosta / Vallée d'Aoste,Valle d'Aosta,125666,77675,61.81,0.64
130,2021-01-16,VDA,237,80,157,237,0,0,ITC,ITC2,2,Valle d'Aosta / Vallée d'Aoste,Valle d'Aosta,125666,77912,62.0,0.19
131,2021-06-22,VDA,1189,666,523,541,648,0,ITC,ITC2,2,Valle d'Aosta / Vallée d'Aoste,Valle d'Aosta,125666,79101,62.95,0.95
132,2021-03-14,VDA,392,200,192,373,0,19,ITC,ITC2,2,Valle d'Aosta / Vallée d'Aoste,Valle d'Aosta,125666,79493,63.26,0.31
133,2021-04-26,VDA,715,327,388,512,170,33,ITC,ITC2,2,Valle d'Aosta / Vallée d'Aoste,Valle d'Aosta,125666,80208,63.83,0.57
134,2021-07-01,VDA,962,473,489,341,621,0,ITC,ITC2,2,Valle d'Aosta / Vallée d'Aoste,Valle d'Aosta,125666,81170,64.59,0.77
135,2021-02-25,VDA,201,101,100,190,7,4,ITC,ITC2,2,Valle d'Aosta / Vallée d'Aoste,Valle d'Aosta,125666,81371,64.75,0.16
136,2021-01-06,VDA,65,33,32,65,0,0,ITC,ITC2,2,Valle d'Aosta / Vallée d'Aoste,Valle d'Aosta,125666,81436,64.8,0.05
137,2021-02-18,VDA,349,153,196,255,88,6,ITC,ITC2,2,Valle d'Aosta / Vallée d'Aoste,Valle d'Aosta,125666,81785,65.08,0.28
138,2021-04-23,VDA,921,443,478,509,383,29,ITC,ITC2,2,Valle d'Aosta / Vallée d'Aoste,Valle d'Aosta,125666,82706,65.81,0.73
139,2021-01-13,VDA,337,110,227,337,0,0,ITC,ITC2,2,Valle d'Aosta / Vallée d'Aoste,Valle d'Aosta,125666,83043,66.08,0.27
140,2021-04-06,VDA,741,381,360,595,112,34,ITC,ITC2,2,Valle d'Aosta / Vallée d'Aoste,Valle d'Aosta,125666,83784,66.67,0.59
141,2021-03-18,VDA,136,43,93,96,37,3,ITC,ITC2,2,Valle d'Aosta / Vallée d'Aoste,Valle d'Aosta,125666,83920,66.78,0.11
142,2021-06-26,VDA,1061,509,552,357,704,0,ITC,ITC2,2,Valle d'Aosta / Vallée d'Aoste,Valle d'Aosta,125666,84981,67.62,0.84
143,2021-03-04,VDA,291,139,152,40,249,2,ITC,ITC2,2,Valle d'Aosta / Vallée d'Aoste,Valle d'Aosta,125666,85272,67.86,0.23
144,2021-05-26,VDA,1209,587,622,565,633,11,ITC,ITC2,2,Valle d'Aosta / Vallée d'Aoste,Valle d'Aosta,125666,86481,68.82,0.96
145,2021-05-03,VDA,839,400,439,458,351,30,ITC,ITC2,2,Valle d'Aosta / Vallée d'Aoste,Valle d'Aosta,125666,87320,69.49,0.67
146,2021-03-07,VDA,64,30,34,11,53,0,ITC,ITC2,2,Valle d'Aosta / Vallée d'Aoste,Valle d'Aosta,125666,87384,69.54,0.05
147,2021-01-30,VDA,439,202,237,12,425,2,ITC,ITC2,2,Valle d'Aosta / Vallée d'Aoste,Valle d'Aosta,125666,87823,69.89,0.35
148,2021-01-25,VDA,147,65,82,0,147,0,ITC,ITC2,2,Valle d'Aosta / Vallée d'Aoste,Valle d'Aosta,125666,87970,70.0,0.12
149,2021-07-10,VDA,1289,667,622,332,957,0,ITC,ITC2,2,Valle d'Aosta / Vallée d'Aoste,Valle d'Aosta,125666,89259,71.03,1.03
150,2021-05-14,VDA,960,442,518,249,669,42,ITC,ITC2,2,Valle d'Aosta / Vallée d'Aoste,Valle d'Aosta,125666,90219,71.79,0.76
151,2021-02-01,VDA,404,127,277,84,317,3,ITC,ITC2,2,Valle d'Aosta / Vallée d'Aoste,Valle d'Aosta,125666,90623,72.11,0.32
152,2021-07-08,VDA,1275,709,566,351,924,0,ITC,ITC2,2,Valle d'Aosta / Vallée d'Aoste,Valle d'Aosta,125666,91898,73.13,1.01
153,2021-03-30,VDA,402,223,179,365,20,17,ITC,ITC2,2,Valle d'Aosta / Vallée d'Aoste,Valle d'Aosta,125666,92300,73.45,0.32
154,2021-05-12,VDA,1140,549,591,439,670,31,ITC,ITC2,2,Valle d'Aosta / Vallée d'Aoste,Valle d'Aosta,125666,93440,74.36,0.91
155,2021-05-15,VDA,1065,614,451,367,685,13,ITC,ITC2,2,Valle d'Aosta / Vallée d'Aoste,Valle d'Aosta,125666,94505,75.2,0.85
156,2021-02-04,VDA,294,86,208,8,286,0,ITC,ITC2,2,Valle d'Aosta / Vallée d'Aoste,Valle d'Aosta,125666,94799,75.44,0.23
157,2021-04-28,VDA,1218,632,586,681,503,34,ITC,ITC2,2,Valle d'Aosta / Vallée d'Aoste,Valle d'Aosta,125666,96017,76.41,0.97
158,2021-02-06,VDA,289,104,185,91,197,1,ITC,ITC2,2,Valle d'Aosta / Vallée d'Aoste,Valle d'Aosta,125666,96306,76.64,0.23
159,2021-04-30,VDA,831,355,476,467,346,18,ITC,ITC2,2,Valle d'Aosta / Vallée d'Aoste,Valle d'Aosta,125666,97137,77.3,0.66
160,2021-01-20,VDA,23,8,15,23,0,0,ITC,ITC2,2,Valle d'Aosta / Vallée d'Aoste,Valle d'Aosta,125666,97160,77.32,0.02
161,2021-01-18,VDA,213,74,139,213,0,0,ITC,ITC2,2,Valle d'Aosta / Vallée d'Aoste,Valle d'Aosta,125666,97373,77.49,0.17
162,2021-01-09,VDA,443,199,244,442,0,1,ITC,ITC2,2,Valle d'Aosta / Vallée d'Aoste,Valle d'Aosta,125666,97816,77.84,0.35
163,2021-06-24,VDA,1221,629,592,388,833,0,ITC,ITC2,2,Valle d'Aosta / Vallée d'Aoste,Valle d'Aosta,125666,99037,78.81,0.97
164,2021-07-03,VDA,935,484,451,399,536,0,ITC,ITC2,2,Valle d'Aosta / Vallée d'Aoste,Valle d'Aosta,125666,99972,79.55,0.74
165,2021-02-08,VDA,223,83,140,25,198,0,ITC,ITC2,2,Valle d'Aosta / Vallée d'Aoste,Valle d'Aosta,125666,100195,79.73,0.18
166,2021-03-23,VDA,379,150,229,228,134,17,ITC,ITC2,2,Valle d'Aosta / Vallée d'Aoste,Valle d'Aosta,125666,100574,80.03,0.3
167,2021-05-19,VDA,993,498,495,411,575,7,ITC,ITC2,2,Valle d'Aosta / Vallée d'Aoste,Valle d'Aosta,125666,101567,80.82,0.79
168,2021-03-16,VDA,182,37,145,109,64,9,ITC,ITC2,2,Valle d'Aosta / Vallée d'Aoste,Valle d'Aosta,125666,101749,80.97,0.14
169,2021-02-13,VDA,216,196,20,213,1,2,ITC,ITC2,2,Valle d'Aosta / Vallée d'Aoste,Valle d'Aosta,125666,101965,81.14,0.17
170,2021-04-11,VDA,479,208,271,462,0,17,ITC,ITC2,2,Valle d'Aosta / Vallée d'Aoste,Valle d'Aosta,125666,102444,81.52,0.38
171,2021-04-29,VDA,1291,634,657,736,534,21,ITC,ITC2,2,Valle d'Aosta / Vallée d'Aoste,Valle d'Aosta,125666,103735,82.55,1.03
172,2021-07-04,VDA,1191,530,661,351,840,0,ITC,ITC2,2,Valle d'Aosta / Vallée d'Aoste,Valle d'Aosta,125666,104926,83.5,0.95
173,2021-05-18,VDA,970,484,486,349,617,4,ITC,ITC2,2,Valle d'Aosta / Vallée d'Aoste,Valle d'Aosta,125666,105896,84.27,0.77
174,2021-02-07,VDA,292,120,172,190,102,0,ITC,ITC2,2,Valle d'Aosta / Vallée d'Aoste,Valle d'Aosta,125666,106188,84.5,0.23
175,2021-05-01,VDA,940,563,377,439,484,17,ITC,ITC2,2,Valle d'Aosta / Vallée d'Aoste,Valle d'Aosta,125666,107128,85.25,0.75
176,2021-04-14,VDA,941,430,511,689,224,28,ITC,ITC2,2,Valle d'Aosta / Vallée d'Aoste,Valle d'Aosta,125666,108069,86.0,0.75
177,2021-07-06,VDA,878,477,401,160,718,0,ITC,ITC2,2,Valle d'Aosta / Vallée d'Aoste,Valle d'Aosta,125666,108947,86.7,0.7
178,2021-01-02,VDA,6,5,1,6,0,0,ITC,ITC2,2,Valle d'Aosta / Vallée d'Aoste,Valle d'Aosta,125666,108953,86.7,0.0
179,2021-03-26,VDA,498,204,294,472,7,19,ITC,ITC2,2,Valle d'Aosta / Vallée d'Aoste,Valle d'Aosta,125666,109451,87.1,0.4
180,2021-06-17,VDA,775,422,353,626,149,0,ITC,ITC2,2,Valle d'Aosta / Vallée d'Aoste,Valle d'Aosta,125666,110226,87.71,0.62
181,2021-01-21,VDA,33,12,21,33,0,0,ITC,ITC2,2,Valle d'Aosta / Vallée d'Aoste,Valle d'Aosta,125666,110259,87.74,0.03
182,2021-01-04,VDA,142,59,83,142,0,0,ITC,ITC2,2,Valle d'Aosta / Vallée d'Aoste,Valle d'Aosta,125666,110401,87.85,0.11
183,2021-03-28,VDA,522,212,310,492,1,29,ITC,ITC2,2,Valle d'Aosta / Vallée d'Aoste,Valle d'Aosta,125666,110923,88.27,0.42
184,2021-03-11,VDA,197,76,121,66,131,0,ITC,ITC2,2,Valle d'Aosta / Vallée d'Aoste,Valle d'Aosta,125666,111120,88.42,0.16
185,2021-06-02,VDA,1215,688,527,814,401,0,ITC,ITC2,2,Valle d'Aosta / Vallée d'Aoste,Valle d'Aosta,125666,112335,89.39,0.97
186,2021-06-19,VDA,1288,667,621,669,619,0,ITC,ITC2,2,Valle d'Aosta / Vallée d'Aoste,Valle d'Aosta,125666,113623,90.42,1.02
187,2021-03-09,VDA,206,96,110,166,32,8,ITC,ITC2,2,Valle d'Aosta / Vallée d'Aoste,Valle d'Aosta,125666,113829,90.58,0.16
188,2021-02-20,VDA,251,210,41,238,10,3,ITC,ITC2,2,Valle d'Aosta / Vallée d'Aoste,Valle d'Aosta,125666,114080,90.78,0.2
189,2021-04-23,UMB,6612,2784,3828,3297,3120,195,ITI,ITI2,10,Umbria,Umbria,882015,6612,0.75,0.75
190,2021-02-25,UMB,1332,495,837,1272,52,8,ITI,ITI2,10,Umbria,Umbria,882015,7944,0.9,0.15
191,2021-03-11,UMB,3582,1722,1860,2564,1006,12,ITI,ITI2,10,Umbria,Umbria,882015,11526,1.31,0.41
192,2021-01-13,UMB,449,139,310,449,0,0,ITI,ITI2,10,Umbria,Umbria,882015,11975,1.36,0.05
193,2021-06-19,UMB,4568,2199,2369,2538,2030,0,ITI,ITI2,10,Umbria,Umbria,882015,16543,1.88,0.52
194,2021-01-06,UMB,846,325,521,846,0,0,ITI,ITI2,10,Umbria,Umbria,882015,17389,1.97,0.1
195,2021-06-12,UMB,7708,3683,4025,6130,1577,1,ITI,ITI2,10,Umbria,Umbria,882015,25097,2.85,0.87
196,2021-04-16,UMB,8096,3740,4356,6081,1838,177,ITI,ITI2,10,Umbria,Umbria,882015,33193,3.76,0.92
197,2021-04-30,UMB,6251,2971,3280,2733,3397,121,ITI,ITI2,10,Umbria,Umbria,882015,39444,4.47,0.71
198,2021-03-04,UMB,4484,1855,2629,3643,827,14,ITI,ITI2,10,Umbria,Umbria,882015,43928,4.98,0.51
199,2021-01-20,UMB,602,221,381,602,0,0,ITI,ITI2,10,Umbria,Umbria,882015,44530,5.05,0.07
200,2021-03-23,UMB,3790,1682,2108,2124,1629,37,ITI,ITI2,10,Umbria,Umbria,882015,48320,5.48,0.43
201,2021-07-01,UMB,9657,4784,4873,3360,6256,41,ITI,ITI2,10,Umbria,Umbria,882015,57977,6.57,1.09
202,2021-02-08,UMB,635,203,432,88,547,0,ITI,ITI2,10,Umbria,Umbria,882015,58612,6.65,0.07
203,2021-05-19,UMB,9413,4211,5202,5584,3743,86,ITI,ITI2,10,Umbria,Umbria,882015,68025,7.71,1.07
204,2021-02-06,UMB,396,138,258,34,362,0,ITI,ITI2,10,Umbria,Umbria,882015,68421,7.76,0.04
205,2021-02-13,UMB,114,27,87,111,3,0,ITI,ITI2,10,Umbria,Umbria,882015,68535,7.77,0.01
206,2021-05-24,UMB,9055,4509,4546,8008,879,168,ITI,ITI2,10,Umbria,Umbria,882015,77590,8.8,1.03
207,2021-04-18,UMB,1531,681,850,578,930,23,ITI,ITI2,10,Umbria,Umbria,882015,79121,8.97,0.17
208,2021-01-11,UMB,1303,341,962,1303,0,0,ITI,ITI2,10,Umbria,Umbria,882015,80424,9.12,0.15
209,2021-05-05,UMB,7208,3299,3909,3824,3304,80,ITI,ITI2,10,Umbria,Umbria,882015,87632,9.94,0.82
210,2021-01-25,UMB,648,323,325,5,643,0,ITI,ITI2,10,Umbria,Umbria,882015,88280,10.01,0.07
211,2021-04-04,UMB,57,20,37,22,35,0,ITI,ITI2,10,Umbria,Umbria,882015,88337,10.02,0.01
212,2021-04-06,UMB,5287,2165,3122,2863,2387,37,ITI,ITI2,10,Umbria,Umbria,882015,93624,10.61,0.6
213,2021-03-28,UMB,1095,441,654,1040,24,31,ITI,ITI2,10,Umbria,Umbria,882015,94719,10.74,0.12
214,2021-01-30,UMB,1575,486,1089,44,1531,0,ITI,ITI2,10,Umbria,Umbria,882015,96294,10.92,0.18
215,2021-05-07,UMB,10097,4699,5398,6702,3191,204,ITI,ITI2,10,Umbria,Umbria,882015,106391,12.06,1.14
216,2021-06-02,UMB,3914,1881,2033,3873,40,1,ITI,ITI2,10,Umbria,Umbria,882015,110305,12.51,0.44
217,2021-02-20,UMB,283,101,182,259,24,0,ITI,ITI2,10,Umbria,Umbria,882015,110588,12.54,0.03
218,2021-03-09,UMB,4088,2000,2088,2791,1288,9,ITI,ITI2,10,Umbria,Umbria,882015,114676,13.0,0.46
219,2021-07-03,UMB,6450,3236,3214,2922,3473,55,ITI,ITI2,10,Umbria,Umbria,882015,121126,13.73,0.73
220,2021-06-14,UMB,5378,2745,2633,3368,2010,0,ITI,ITI2,10,Umbria,Umbria,882015,126504,14.34,0.61
221,2021-06-30,UMB,10453,5288,5165,3761,6692,0,ITI,ITI2,10,Umbria,Umbria,882015,136957,15.53,1.19
222,2021-07-07,UMB,9383,4444,4939,87,9272,24,ITI,ITI2,10,Umbria,Umbria,882015,146340,16.59,1.06
223,2021-05-26,UMB,9645,4563,5082,8204,1250,191,ITI,ITI2,10,Umbria,Umbria,882015,155985,17.69,1.09
224,2021-05-28,UMB,9583,4435,5148,7107,2295,181,ITI,ITI2,10,Umbria,Umbria,882015,165568,18.77,1.09
225,2021-04-15,UMB,7635,3493,4142,5678,1887,70,ITI,ITI2,10,Umbria,Umbria,882015,173203,19.64,0.87
226,2021-02-17,UMB,1618,748,870,1266,351,1,ITI,ITI2,10,Umbria,Umbria,882015,174821,19.82,0.18
227,2021-07-08,UMB,9436,4568,4868,170,9224,42,ITI,ITI2,10,Umbria,Umbria,882015,184257,20.89,1.07
228,2021-05-12,UMB,6487,3024,3463,4193,2146,148,ITI,ITI2,10,Umbria,Umbria,882015,190744,21.63,0.74
229,2021-03-30,UMB,3976,1729,2247,2400,1540,36,ITI,ITI2,10,Umbria,Umbria,882015,194720,22.08,0.45
230,2020-12-27,UMB,84,44,40,84,0,0,ITI,ITI2,10,Umbria,Umbria,882015,194804,22.09,0.01
231,2021-02-22,UMB,1889,807,1082,1803,86,0,ITI,ITI2,10,Umbria,Umbria,882015,196693,22.3,0.21
232,2021-06-07,UMB,6942,3425,3517,6248,694,0,ITI,ITI2,10,Umbria,Umbria,882015,203635,23.09,0.79
233,2021-03-16,UMB,3538,1454,2084,1909,1627,2,ITI,ITI2,10,Umbria,Umbria,882015,207173,23.49,0.4
234,2021-02-27,UMB,1658,354,1304,1642,16,0,ITI,ITI2,10,Umbria,Umbria,882015,208831,23.68,0.19
235,2021-04-03,UMB,2097,712,1385,1034,1052,11,ITI,ITI2,10,Umbria,Umbria,882015,210928,23.91,0.24
236,2021-01-08,UMB,1187,344,843,1187,0,0,ITI,ITI2,10,Umbria,Umbria,882015,212115,24.05,0.13
237,2021-03-18,UMB,2965,1171,1794,1699,1262,4,ITI,ITI2,10,Umbria,Umbria,882015,215080,24.39,0.34
238,2021-06-26,UMB,9304,4726,4578,5685,3619,0,ITI,ITI2,10,Umbria,Umbria,882015,224384,25.44,1.05
239,2021-07-10,UMB,7567,3752,3815,68,7491,8,ITI,ITI2,10,Umbria,Umbria,882015,231951,26.3,0.86
240,2021-04-20,UMB,5450,2364,3086,3430,1947,73,ITI,ITI2,10,Umbria,Umbria,882015,237401,26.92,0.62
241,2021-01-27,UMB,840,330,510,13,827,0,ITI,ITI2,10,Umbria,Umbria,882015,238241,27.01,0.1
242,2021-01-10,UMB,1065,274,791,1065,0,0,ITI,ITI2,10,Umbria,Umbria,882015,239306,27.13,0.12
243,2021-04-25,UMB,4357,1684,2673,3866,82,409,ITI,ITI2,10,Umbria,Umbria,882015,243663,27.63,0.49
244,2021-06-21,UMB,7495,3927,3568,5158,2337,0,ITI,ITI2,10,Umbria,Umbria,882015,251158,28.48,0.85
245,2021-01-01,UMB,273,104,169,273,0,0,ITI,ITI2,10,Umbria,Umbria,882015,251431,28.51,0.03
246,2021-04-11,UMB,3097,1504,1593,3031,49,17,ITI,ITI2,10,Umbria,Umbria,882015,254528,28.86,0.35
247,2021-01-18,UMB,613,218,395,529,84,0,ITI,ITI2,10,Umbria,Umbria,882015,255141,28.93,0.07
248,2021-05-30,UMB,5982,2999,2983,5660,202,120,ITI,ITI2,10,Umbria,Umbria,882015,261123,29.61,0.68
249,2021-03-08,UMB,3696,1822,1874,2323,1361,12,ITI,ITI2,10,Umbria,Umbria,882015,264819,30.02,0.42
250,2021-06-16,UMB,6316,3093,3223,3222,3093,1,ITI,ITI2,10,Umbria,Umbria,882015,271135,30.74,0.72
251,2021-03-25,UMB,3898,1698,2200,2794,1063,41,ITI,ITI2,10,Umbria,Umbria,882015,275033,31.18,0.44
252,2021-05-31,UMB,5802,2837,2965,4837,884,81,ITI,ITI2,10,Umbria,Umbria,882015,280835,31.84,0.66
253,2021-05-14,UMB,5324,2508,2816,3351,1817,156,ITI,ITI2,10,Umbria,Umbria,882015,286159,32.44,0.6
254,2021-02-01,UMB,1284,341,943,48,1236,0,ITI,ITI2,10,Umbria,Umbria,882015,287443,32.59,0.15
255,2021-02-18,UMB,1496,582,914,1029,466,1,ITI,ITI2,10,Umbria,Umbria,882015,288939,32.76,0.17
256,2021-05-11,UMB,6233,2833,3400,3899,2193,141,ITI,ITI2,10,Umbria,Umbria,882015,295172,33.47,0.71
257,2021-04-13,UMB,7674,3396,4278,5917,1668,89,ITI,ITI2,10,Umbria,Umbria,882015,302846,34.34,0.87
258,2021-02-15,UMB,1367,692,675,1364,1,2,ITI,ITI2,10,Umbria,Umbria,882015,304213,34.49,0.15
259,2021-01-03,UMB,270,112,158,270,0,0,ITI,ITI2,10,Umbria,Umbria,882015,304483,34.52,0.03
260,2021-04-22,UMB,5446,2247,3199,2702,2664,80,ITI,ITI2,10,Umbria,Umbria,882015,309929,35.14,0.62
261,2021-05-23,UMB,5068,1854,3214,635,4416,17,ITI,ITI2,10,Umbria,Umbria,882015,314997,35.71,0.57
262,2021-03-17,UMB,3329,1313,2016,1855,1472,2,ITI,ITI2,10,Umbria,Umbria,882015,318326,36.09,0.38
263,2021-05-21,UMB,8969,3667,5302,4058,4828,83,ITI,ITI2,10,Umbria,Umbria,882015,327295,37.11,1.02
264,2021-05-04,UMB,5537,2544,2993,2352,3125,60,ITI,ITI2,10,Umbria,Umbria,882015,332832,37.74,0.63
265,2021-04-01,UMB,4372,1837,2535,2327,2009,36,ITI,ITI2,10,Umbria,Umbria,882015,337204,38.23,0.5
266,2021-03-01,UMB,1504,774,730,1384,114,6,ITI,ITI2,10,Umbria,Umbria,882015,338708,38.4,0.17
267,2021-06-09,UMB,8061,3907,4154,7340,721,0,ITI,ITI2,10,Umbria,Umbria,882015,346769,39.32,0.91
268,2021-06-23,UMB,11195,5717,5478,7796,3399,0,ITI,ITI2,10,Umbria,Umbria,882015,357964,40.58,1.27
269,2021-03-15,UMB,4594,1938,2656,2825,1766,3,ITI,ITI2,10,Umbria,Umbria,882015,362558,41.11,0.52
270,2021-02-10,UMB,714,348,366,699,15,0,ITI,ITI2,10,Umbria,Umbria,882015,363272,41.19,0.08
271,2021-03-06,UMB,4304,1146,3158,4134,138,32,ITI,ITI2,10,Umbria,Umbria,882015,367576,41.67,0.49
272,2021-01-22,UMB,276,105,171,32,244,0,ITI,ITI2,10,Umbria,Umbria,882015,367852,41.71,0.03
273,2021-06-28,UMB,9675,4782,4893,3778,5897,0,ITI,ITI2,10,Umbria,Umbria,882015,377527,42.8,1.1
274,2021-05-02,UMB,3780,1866,1914,1294,2454,32,ITI,ITI2,10,Umbria,Umbria,882015,381307,43.23,0.43
275,2021-03-20,UMB,2319,845,1474,2290,25,4,ITI,ITI2,10,Umbria,Umbria,882015,383626,43.49,0.26
276,2021-03-13,UMB,1734,523,1211,1485,249,0,ITI,ITI2,10,Umbria,Umbria,882015,385360,43.69,0.2
277,2021-05-16,UMB,5218,2492,2726,5087,49,82,ITI,ITI2,10,Umbria,Umbria,882015,390578,44.28,0.59
278,2021-04-27,UMB,5663,2401,3262,3053,2578,32,ITI,ITI2,10,Umbria,Umbria,882015,396241,44.92,0.64
279,2021-02-03,UMB,724,174,550,67,657,0,ITI,ITI2,10,Umbria,Umbria,882015,396965,45.01,0.08
280,2021-06-11,UMB,6909,3468,3441,6143,766,0,ITI,ITI2,10,Umbria,Umbria,882015,403874,45.79,0.78
281,2021-04-08,UMB,5863,2509,3354,4006,1789,68,ITI,ITI2,10,Umbria,Umbria,882015,409737,46.45,0.66
282,2021-06-04,UMB,8905,4401,4504,7709,1194,2,ITI,ITI2,10,Umbria,Umbria,882015,418642,47.46,1.01
283,2021-01-07,UMB,1300,387,913,1300,0,0,ITI,ITI2,10,Umbria,Umbria,882015,419942,47.61,0.15
284,2021-06-25,UMB,10097,5226,4871,5390,4706,1,ITI,ITI2,10,Umbria,Umbria,882015,430039,48.76,1.14
285,2021-01-26,UMB,815,389,426,17,798,0,ITI,ITI2,10,Umbria,Umbria,882015,430854,48.85,0.09
286,2021-02-12,UMB,670,224,446,664,6,0,ITI,ITI2,10,Umbria,Umbria,882015,431524,48.92,0.08
287,2021-02-26,UMB,660,253,407,650,8,2,ITI,ITI2,10,Umbria,Umbria,882015,432184,49.0,0.07
288,2021-05-06,UMB,9450,4313,5137,6012,3314,124,ITI,ITI2,10,Umbria,Umbria,882015,441634,50.07,1.07
289,2021-06-10,UMB,7457,3718,3739,6683,774,0,ITI,ITI2,10,Umbria,Umbria,882015,449091,50.92,0.85
290,2021-04-21,UMB,5319,2316,3003,3053,2227,39,ITI,ITI2,10,Umbria,Umbria,882015,454410,51.52,0.6
291,2021-03-02,UMB,3641,1346,2295,3634,4,3,ITI,ITI2,10,Umbria,Umbria,882015,458051,51.93,0.41
292,2021-06-24,UMB,10125,5106,5019,6137,3988,0,ITI,ITI2,10,Umbria,Umbria,882015,468176,53.08,1.15
293,2021-04-17,UMB,6675,3069,3606,5170,1340,165,ITI,ITI2,10,Umbria,Umbria,882015,474851,53.84,0.76
294,2021-01-05,UMB,854,429,425,854,0,0,ITI,ITI2,10,Umbria,Umbria,882015,475705,53.93,0.1
295,2021-03-29,UMB,3629,1600,2029,2152,1419,58,ITI,ITI2,10,Umbria,Umbria,882015,479334,54.35,0.41
296,2021-01-31,UMB,1058,276,782,25,1033,0,ITI,ITI2,10,Umbria,Umbria,882015,480392,54.47,0.12
297,2021-05-25,UMB,8812,4300,4512,7583,1062,167,ITI,ITI2,10,Umbria,Umbria,882015,489204,55.46,1.0
298,2021-05-18,UMB,7737,3351,4386,3818,3837,82,ITI,ITI2,10,Umbria,Umbria,882015,496941,56.34,0.88
299,2021-03-22,UMB,3560,1655,1905,2304,1246,10,ITI,ITI2,10,Umbria,Umbria,882015,500501,56.75,0.4
300,2021-04-05,UMB,4248,1728,2520,2181,2055,12,ITI,ITI2,10,Umbria,Umbria,882015,504749,57.23,0.48
301,2021-02-07,UMB,54,17,37,1,53,0,ITI,ITI2,10,Umbria,Umbria,882015,504803,57.23,0.01
302,2021-01-15,UMB,695,213,482,695,0,0,ITI,ITI2,10,Umbria,Umbria,882015,505498,57.31,0.08
303,2021-01-29,UMB,1230,348,882,79,1151,0,ITI,ITI2,10,Umbria,Umbria,882015,506728,57.45,0.14
304,2021-05-09,UMB,5753,2752,3001,5242,391,120,ITI,ITI2,10,Umbria,Umbria,882015,512481,58.1,0.65
305,2021-07-09,UMB,9327,4504,4823,117,9196,14,ITI,ITI2,10,Umbria,Umbria,882015,521808,59.16,1.06
306,2021-05-20,UMB,9831,4585,5246,6100,3650,81,ITI,ITI2,10,Umbria,Umbria,882015,531639,60.28,1.11
307,2021-03-31,UMB,3897,1728,2169,2179,1686,32,ITI,ITI2,10,Umbria,Umbria,882015,535536,60.72,0.44
308,2021-02-16,UMB,1308,655,653,1299,9,0,ITI,ITI2,10,Umbria,Umbria,882015,536844,60.87,0.15
309,2021-05-27,UMB,9964,4863,5101,8472,1317,175,ITI,ITI2,10,Umbria,Umbria,882015,546808,62.0,1.13
310,2021-01-04,UMB,809,398,411,809,0,0,ITI,ITI2,10,Umbria,Umbria,882015,547617,62.09,0.09
311,2021-04-14,UMB,8152,3680,4472,6096,1979,77,ITI,ITI2,10,Umbria,Umbria,882015,555769,63.01,0.92
312,2021-06-03,UMB,9035,4466,4569,8747,288,0,ITI,ITI2,10,Umbria,Umbria,882015,564804,64.04,1.02
313,2021-04-07,UMB,5571,2291,3280,3481,2005,85,ITI,ITI2,10,Umbria,Umbria,882015,570375,64.67,0.63
314,2021-02-23,UMB,1691,657,1034,1649,42,0,ITI,ITI2,10,Umbria,Umbria,882015,572066,64.86,0.19
315,2021-01-24,UMB,258,106,152,1,257,0,ITI,ITI2,10,Umbria,Umbria,882015,572324,64.89,0.03
316,2021-06-08,UMB,7373,3638,3735,6830,543,0,ITI,ITI2,10,Umbria,Umbria,882015,579697,65.72,0.84
317,2021-06-27,UMB,7455,3730,3725,1768,5687,0,ITI,ITI2,10,Umbria,Umbria,882015,587152,66.57,0.85
318,2021-02-05,UMB,780,234,546,18,762,0,ITI,ITI2,10,Umbria,Umbria,882015,587932,66.66,0.09
319,2021-07-04,UMB,3406,1740,1666,2410,967,29,ITI,ITI2,10,Umbria,Umbria,882015,591338,67.04,0.39
320,2021-04-12,UMB,7084,3081,4003,5310,1717,57,ITI,ITI2,10,Umbria,Umbria,882015,598422,67.85,0.8
321,2021-01-19,UMB,102,23,79,102,0,0,ITI,ITI2,10,Umbria,Umbria,882015,598524,67.86,0.01
322,2021-04-29,UMB,5214,2248,2966,2805,2320,89,ITI,ITI2,10,Umbria,Umbria,882015,603738,68.45,0.59
323,2021-03-24,UMB,4103,1792,2311,2743,1323,37,ITI,ITI2,10,Umbria,Umbria,882015,607841,68.92,0.47
324,2021-07-02,UMB,8683,4292,4391,3044,5549,90,ITI,ITI2,10,Umbria,Umbria,882015,616524,69.9,0.98
325,2021-04-10,UMB,7389,3477,3912,7173,84,132,ITI,ITI2,10,Umbria,Umbria,882015,623913,70.74,0.84
326,2021-01-17,UMB,54,17,37,54,0,0,ITI,ITI2,10,Umbria,Umbria,882015,623967,70.74,0.01
327,2020-12-31,UMB,322,127,195,322,0,0,ITI,ITI2,10,Umbria,Umbria,882015,624289,70.78,0.04
328,2021-06-13,UMB,6763,3556,3207,6533,230,0,ITI,ITI2,10,Umbria,Umbria,882015,631052,71.55,0.77
329,2021-05-01,UMB,5370,2638,2732,2096,3230,44,ITI,ITI2,10,Umbria,Umbria,882015,636422,72.16,0.61
330,2021-03-05,UMB,4618,1402,3216,3947,656,15,ITI,ITI2,10,Umbria,Umbria,882015,641040,72.68,0.52
331,2021-03-03,UMB,4431,1770,2661,3718,710,3,ITI,ITI2,10,Umbria,Umbria,882015,645471,73.18,0.5
332,2021-06-05,UMB,8221,3775,4446,5566,2654,1,ITI,ITI2,10,Umbria,Umbria,882015,653692,74.11,0.93
333,2021-02-11,UMB,839,348,491,834,5,0,ITI,ITI2,10,Umbria,Umbria,882015,654531,74.21,0.1
334,2021-05-22,UMB,6960,2752,4208,2594,4319,47,ITI,ITI2,10,Umbria,Umbria,882015,661491,75.0,0.79
335,2021-04-02,UMB,4343,1778,2565,3545,755,43,ITI,ITI2,10,Umbria,Umbria,882015,665834,75.49,0.49
336,2021-01-09,UMB,1717,495,1222,1717,0,0,ITI,ITI2,10,Umbria,Umbria,882015,667551,75.68,0.19
337,2021-04-19,UMB,5033,2226,2807,2930,2048,55,ITI,ITI2,10,Umbria,Umbria,882015,672584,76.26,0.57
338,2021-06-20,UMB,6211,3000,3211,1583,4628,0,ITI,ITI2,10,Umbria,Umbria,882015,678795,76.96,0.7
339,2021-04-24,UMB,4561,1961,2600,3276,1182,103,ITI,ITI2,10,Umbria,Umbria,882015,683356,77.48,0.52
340,2021-01-12,UMB,834,247,587,834,0,0,ITI,ITI2,10,Umbria,Umbria,882015,684190,77.57,0.09
341,2021-03-14,UMB,66,48,18,66,0,0,ITI,ITI2,10,Umbria,Umbria,882015,684256,77.58,0.01
342,2021-06-22,UMB,8031,4077,3954,5245,2784,2,ITI,ITI2,10,Umbria,Umbria,882015,692287,78.49,0.91
343,2021-03-12,UMB,2694,1081,1613,2191,495,8,ITI,ITI2,10,Umbria,Umbria,882015,694981,78.79,0.31
344,2021-03-21,UMB,675,338,337,672,0,3,ITI,ITI2,10,Umbria,Umbria,882015,695656,78.87,0.08
345,2021-06-29,UMB,9867,5024,4843,4192,5675,0,ITI,ITI2,10,Umbria,Umbria,882015,705523,79.99,1.12
346,2021-05-17,UMB,6368,3060,3308,4140,2177,51,ITI,ITI2,10,Umbria,Umbria,882015,711891,80.71,0.72
347,2021-01-14,UMB,722,192,530,722,0,0,ITI,ITI2,10,Umbria,Umbria,882015,712613,80.79,0.08
348,2021-03-19,UMB,1740,565,1175,1079,656,5,ITI,ITI2,10,Umbria,Umbria,882015,714353,80.99,0.2
349,2021-06-15,UMB,5976,3012,2964,3909,2067,0,ITI,ITI2,10,Umbria,Umbria,882015,720329,81.67,0.68
350,2021-06-17,UMB,6944,3518,3426,4881,2055,8,ITI,ITI2,10,Umbria,Umbria,882015,727273,82.46,0.79
351,2021-03-26,UMB,4588,1712,2876,4345,172,71,ITI,ITI2,10,Umbria,Umbria,882015,731861,82.98,0.52
352,2021-01-02,UMB,304,111,193,304,0,0,ITI,ITI2,10,Umbria,Umbria,882015,732165,83.01,0.03
353,2021-03-07,UMB,845,180,665,837,7,1,ITI,ITI2,10,Umbria,Umbria,882015,733010,83.11,0.1
354,2021-05-29,UMB,7853,3609,4244,6172,1566,115,ITI,ITI2,10,Umbria,Umbria,882015,740863,84.0,0.89
355,2021-06-06,UMB,7608,3904,3704,6913,693,2,ITI,ITI2,10,Umbria,Umbria,882015,748471,84.86,0.86
356,2021-02-24,UMB,1518,563,955,1503,15,0,ITI,ITI2,10,Umbria,Umbria,882015,749989,85.03,0.17
357,2021-07-06,UMB,8573,4084,4489,142,8411,20,ITI,ITI2,10,Umbria,Umbria,882015,758562,86.0,0.97
358,2021-05-10,UMB,5977,2793,3184,3761,2148,68,ITI,ITI2,10,Umbria,Umbria,882015,764539,86.68,0.68
359,2021-05-08,UMB,8128,3739,4389,4793,3226,109,ITI,ITI2,10,Umbria,Umbria,882015,772667,87.6,0.92
360,2021-01-28,UMB,1248,394,854,19,1229,0,ITI,ITI2,10,Umbria,Umbria,882015,773915,87.74,0.14
361,2021-05-03,UMB,5086,2270,2816,2098,2887,101,ITI,ITI2,10,Umbria,Umbria,882015,779001,88.32,0.58
362,2021-01-23,UMB,280,100,180,2,278,0,ITI,ITI2,10,Umbria,Umbria,882015,779281,88.35,0.03
363,2021-01-21,UMB,608,202,406,338,269,1,ITI,ITI2,10,Umbria,Umbria,882015,779889,88.42,0.07
364,2021-03-27,UMB,4251,1513,2738,3855,340,56,ITI,ITI2,10,Umbria,Umbria,882015,784140,88.9,0.48
365,2021-06-18,UMB,4769,2353,2416,1615,3153,1,ITI,ITI2,10,Umbria,Umbria,882015,788909,89.44,0.54
366,2021-07-05,UMB,8394,4066,4328,162,8226,6,ITI,ITI2,10,Umbria,Umbria,882015,797303,90.4,0.95
367,2021-05-13,UMB,5914,2657,3257,3701,2083,130,ITI,ITI2,10,Umbria,Umbria,882015,803217,91.07,0.67
368,2021-02-19,UMB,743,293,450,525,217,1,ITI,ITI2,10,Umbria,Umbria,882015,803960,91.15,0.08
369,2021-06-01,UMB,4381,2089,2292,4226,155,0,ITI,ITI2,10,Umbria,Umbria,882015,808341,91.65,0.5
370,2021-03-10,UMB,4031,1943,2088,2760,1256,15,ITI,ITI2,10,Umbria,Umbria,882015,812372,92.1,0.46
371,2021-01-16,UMB,217,71,146,216,0,1,ITI,ITI2,10,Umbria,Umbria,882015,812589,92.13,0.02
372,2021-02-02,UMB,942,272,670,32,910,0,ITI,ITI2,10,Umbria,Umbria,882015,813531,92.24,0.11
373,2021-04-26,UMB,5390,2337,3053,3098,2251,41,ITI,ITI2,10,Umbria,Umbria,882015,818921,92.85,0.61
374,2021-04-09,UMB,6731,3125,3606,6406,209,116,ITI,ITI2,10,Umbria,Umbria,882015,825652,93.61,0.76
375,2021-04-28,UMB,5379,2327,3052,2938,2395,46,ITI,ITI2,10,Umbria,Umbria,882015,831031,94.22,0.61
376,2021-02-04,UMB,733,226,507,25,708,0,ITI,ITI2,10,Umbria,Umbria,882015,831764,94.3,0.08
377,2021-05-15,UMB,4990,1882,3108,1764,3164,62,ITI,ITI2,10,Umbria,Umbria,882015,836754,94.87,0.57
378,2021-05-12,EMR,38902,18286,20616,28372,9675,855,ITH,ITH5,8,Emilia-Romagna,Emilia-Romagna,4459477,38902,0.87,0.87
379,2021-02-01,EMR,10320,3610,6710,360,9958,2,ITH,ITH5,8,Emilia-Romagna,Emilia-Romagna,4459477,49222,1.1,0.23
380,2021-01-18,EMR,3128,879,2249,2446,679,3,ITH,ITH5,8,Emilia-Romagna,Emilia-Romagna,4459477,52350,1.17,0.07
381,2021-03-16,EMR,12246,5027,7219,4871,7309,66,ITH,ITH5,8,Emilia-Romagna,Emilia-Romagna,4459477,64596,1.45,0.27
382,2021-01-25,EMR,6462,2146,4316,206,6255,1,ITH,ITH5,8,Emilia-Romagna,Emilia-Romagna,4459477,71058,1.59,0.14
383,2021-07-01,EMR,34441,16826,17615,15333,18799,309,ITH,ITH5,8,Emilia-Romagna,Emilia-Romagna,4459477,105499,2.37,0.77
384,2021-03-23,EMR,18797,8144,10653,11951,6687,159,ITH,ITH5,8,Emilia-Romagna,Emilia-Romagna,4459477,124296,2.79,0.42
385,2021-02-18,EMR,7039,2892,4147,6440,583,16,ITH,ITH5,8,Emilia-Romagna,Emilia-Romagna,4459477,131335,2.95,0.16
386,2021-06-07,EMR,40428,20751,19677,33815,6247,366,ITH,ITH5,8,Emilia-Romagna,Emilia-Romagna,4459477,171763,3.85,0.91
387,2021-04-16,EMR,29229,13763,15466,20026,8838,365,ITH,ITH5,8,Emilia-Romagna,Emilia-Romagna,4459477,200992,4.51,0.66
388,2021-01-06,EMR,8287,2955,5332,8286,0,1,ITH,ITH5,8,Emilia-Romagna,Emilia-Romagna,4459477,209279,4.69,0.19
389,2021-04-30,EMR,36605,16788,19817,21186,14794,625,ITH,ITH5,8,Emilia-Romagna,Emilia-Romagna,4459477,245884,5.51,0.82
390,2021-03-28,EMR,13500,6026,7474,9505,3870,125,ITH,ITH5,8,Emilia-Romagna,Emilia-Romagna,4459477,259384,5.82,0.3
391,2021-02-25,EMR,9249,3499,5750,8273,954,22,ITH,ITH5,8,Emilia-Romagna,Emilia-Romagna,4459477,268633,6.02,0.21
392,2021-06-19,EMR,36599,18318,18281,17021,19370,208,ITH,ITH5,8,Emilia-Romagna,Emilia-Romagna,4459477,305232,6.84,0.82
393,2021-04-11,EMR,15278,6935,8343,11981,3048,249,ITH,ITH5,8,Emilia-Romagna,Emilia-Romagna,4459477,320510,7.19,0.34
394,2021-02-11,EMR,4255,1415,2840,3397,842,16,ITH,ITH5,8,Emilia-Romagna,Emilia-Romagna,4459477,324765,7.28,0.1
395,2021-06-21,EMR,37514,18968,18546,16389,20861,264,ITH,ITH5,8,Emilia-Romagna,Emilia-Romagna,4459477,362279,8.12,0.84
396,2021-07-08,EMR,38226,19058,19168,4762,33195,269,ITH,ITH5,8,Emilia-Romagna,Emilia-Romagna,4459477,400505,8.98,0.86
397,2021-03-30,EMR,23345,10338,13007,18005,5041,299,ITH,ITH5,8,Emilia-Romagna,Emilia-Romagna,4459477,423850,9.5,0.52
398,2021-01-04,EMR,7315,2527,4788,7312,0,3,ITH,ITH5,8,Emilia-Romagna,Emilia-Romagna,4459477,431165,9.67,0.16
399,2021-05-26,EMR,33236,14731,18505,9925,22927,384,ITH,ITH5,8,Emilia-Romagna,Emilia-Romagna,4459477,464401,10.41,0.75
400,2021-06-12,EMR,41252,21813,19439,35783,4910,559,ITH,ITH5,8,Emilia-Romagna,Emilia-Romagna,4459477,505653,11.34,0.93
401,2021-03-04,EMR,16452,5350,11102,13344,3017,91,ITH,ITH5,8,Emilia-Romagna,Emilia-Romagna,4459477,522105,11.71,0.37
402,2021-05-24,EMR,29947,13715,16232,17951,11479,517,ITH,ITH5,8,Emilia-Romagna,Emilia-Romagna,4459477,552052,12.38,0.67
403,2021-02-13,EMR,3627,1084,2543,3014,598,15,ITH,ITH5,8,Emilia-Romagna,Emilia-Romagna,4459477,555679,12.46,0.08
404,2021-01-30,EMR,10080,3520,6560,140,9939,1,ITH,ITH5,8,Emilia-Romagna,Emilia-Romagna,4459477,565759,12.69,0.23
405,2021-04-23,EMR,29563,13811,15752,14298,14882,383,ITH,ITH5,8,Emilia-Romagna,Emilia-Romagna,4459477,595322,13.35,0.66
406,2021-01-13,EMR,9077,2942,6135,9072,0,5,ITH,ITH5,8,Emilia-Romagna,Emilia-Romagna,4459477,604399,13.55,0.2
407,2021-01-23,EMR,2448,871,1577,443,2005,0,ITH,ITH5,8,Emilia-Romagna,Emilia-Romagna,4459477,606847,13.61,0.05
408,2021-05-07,EMR,35272,16962,18310,22724,11856,692,ITH,ITH5,8,Emilia-Romagna,Emilia-Romagna,4459477,642119,14.4,0.79
409,2021-07-03,EMR,32020,15880,16140,11774,19955,291,ITH,ITH5,8,Emilia-Romagna,Emilia-Romagna,4459477,674139,15.12,0.72
410,2021-03-09,EMR,14754,6019,8735,10706,3953,95,ITH,ITH5,8,Emilia-Romagna,Emilia-Romagna,4459477,688893,15.45,0.33
411,2021-05-05,EMR,30092,13985,16107,18269,11250,573,ITH,ITH5,8,Emilia-Romagna,Emilia-Romagna,4459477,718985,16.12,0.67
412,2021-05-23,EMR,25481,11859,13622,13576,11593,312,ITH,ITH5,8,Emilia-Romagna,Emilia-Romagna,4459477,744466,16.69,0.57
413,2021-05-31,EMR,29736,13754,15982,17720,11468,548,ITH,ITH5,8,Emilia-Romagna,Emilia-Romagna,4459477,774202,17.36,0.67
414,2021-02-20,EMR,5319,2094,3225,5049,263,7,ITH,ITH5,8,Emilia-Romagna,Emilia-Romagna,4459477,779521,17.48,0.12
415,2021-01-15,EMR,7750,2404,5346,7742,0,8,ITH,ITH5,8,Emilia-Romagna,Emilia-Romagna,4459477,787271,17.65,0.17
416,2021-06-09,EMR,42946,21826,21120,36083,6360,503,ITH,ITH5,8,Emilia-Romagna,Emilia-Romagna,4459477,830217,18.62,0.96
417,2021-03-01,EMR,10096,3582,6514,7813,2258,25,ITH,ITH5,8,Emilia-Romagna,Emilia-Romagna,4459477,840313,18.84,0.23
418,2021-05-04,EMR,29273,13703,15570,15118,13659,496,ITH,ITH5,8,Emilia-Romagna,Emilia-Romagna,4459477,869586,19.5,0.66
419,2021-04-18,EMR,17504,8396,9108,12359,4918,227,ITH,ITH5,8,Emilia-Romagna,Emilia-Romagna,4459477,887090,19.89,0.39
420,2021-06-14,EMR,41220,21301,19919,27710,13063,447,ITH,ITH5,8,Emilia-Romagna,Emilia-Romagna,4459477,928310,20.82,0.92
421,2021-01-10,EMR,7171,2684,4487,7170,0,1,ITH,ITH5,8,Emilia-Romagna,Emilia-Romagna,4459477,935481,20.98,0.16
422,2021-06-16,EMR,45684,23342,22342,25374,19916,394,ITH,ITH5,8,Emilia-Romagna,Emilia-Romagna,4459477,981165,22.0,1.02
423,2021-03-08,EMR,12190,5092,7098,9465,2646,79,ITH,ITH5,8,Emilia-Romagna,Emilia-Romagna,4459477,993355,22.28,0.27
424,2021-03-11,EMR,17453,7306,10147,11431,5851,171,ITH,ITH5,8,Emilia-Romagna,Emilia-Romagna,4459477,1010808,22.67,0.39
425,2021-02-06,EMR,7594,2404,5190,2105,5485,4,ITH,ITH5,8,Emilia-Romagna,Emilia-Romagna,4459477,1018402,22.84,0.17
426,2021-05-19,EMR,33725,14961,18764,18027,15177,521,ITH,ITH5,8,Emilia-Romagna,Emilia-Romagna,4459477,1052127,23.59,0.76
427,2021-06-02,EMR,24092,12061,12031,18918,4968,206,ITH,ITH5,8,Emilia-Romagna,Emilia-Romagna,4459477,1076219,24.13,0.54
428,2021-03-13,EMR,16136,6361,9775,10586,5313,237,ITH,ITH5,8,Emilia-Romagna,Emilia-Romagna,4459477,1092355,24.5,0.36
429,2021-07-05,EMR,32987,16078,16909,11404,21269,314,ITH,ITH5,8,Emilia-Romagna,Emilia-Romagna,4459477,1125342,25.23,0.74
430,2021-03-27,EMR,21661,9059,12602,14508,6908,245,ITH,ITH5,8,Emilia-Romagna,Emilia-Romagna,4459477,1147003,25.72,0.49
431,2021-04-13,EMR,23713,11127,12586,19024,4342,347,ITH,ITH5,8,Emilia-Romagna,Emilia-Romagna,4459477,1170716,26.25,0.53
432,2021-06-26,EMR,37401,18951,18450,21503,15508,390,ITH,ITH5,8,Emilia-Romagna,Emilia-Romagna,4459477,1208117,27.09,0.84
433,2021-07-10,EMR,38388,19571,18817,6696,31376,316,ITH,ITH5,8,Emilia-Romagna,Emilia-Romagna,4459477,1246505,27.95,0.86
434,2021-04-04,EMR,9879,4717,5162,7525,2267,87,ITH,ITH5,8,Emilia-Romagna,Emilia-Romagna,4459477,1256384,28.17,0.22
435,2021-01-11,EMR,9347,3273,6074,9338,0,9,ITH,ITH5,8,Emilia-Romagna,Emilia-Romagna,4459477,1265731,28.38,0.21
436,2021-05-09,EMR,25609,12252,13357,18228,6967,414,ITH,ITH5,8,Emilia-Romagna,Emilia-Romagna,4459477,1291340,28.96,0.57
437,2021-01-29,EMR,10414,3496,6918,289,10124,1,ITH,ITH5,8,Emilia-Romagna,Emilia-Romagna,4459477,1301754,29.19,0.23
438,2021-02-15,EMR,2904,851,2053,2712,125,67,ITH,ITH5,8,Emilia-Romagna,Emilia-Romagna,4459477,1304658,29.26,0.07
439,2021-01-27,EMR,8361,2947,5414,462,7899,0,ITH,ITH5,8,Emilia-Romagna,Emilia-Romagna,4459477,1313019,29.44,0.19
440,2021-02-27,EMR,10961,3998,6963,9192,1738,31,ITH,ITH5,8,Emilia-Romagna,Emilia-Romagna,4459477,1323980,29.69,0.25
441,2021-04-25,EMR,22349,10239,12110,14386,7511,452,ITH,ITH5,8,Emilia-Romagna,Emilia-Romagna,4459477,1346329,30.19,0.5
442,2021-04-27,EMR,32101,14863,17238,19195,12461,445,ITH,ITH5,8,Emilia-Romagna,Emilia-Romagna,4459477,1378430,30.91,0.72
443,2021-06-04,EMR,45610,22971,22639,37144,8137,329,ITH,ITH5,8,Emilia-Romagna,Emilia-Romagna,4459477,1424040,31.93,1.02
444,2021-01-20,EMR,1326,270,1056,1324,1,1,ITH,ITH5,8,Emilia-Romagna,Emilia-Romagna,4459477,1425366,31.96,0.03
445,2021-04-15,EMR,29349,13981,15368,19246,9674,429,ITH,ITH5,8,Emilia-Romagna,Emilia-Romagna,4459477,1454715,32.62,0.66
446,2021-01-03,EMR,2763,943,1820,2763,0,0,ITH,ITH5,8,Emilia-Romagna,Emilia-Romagna,4459477,1457478,32.68,0.06
447,2021-05-02,EMR,25578,11651,13927,13185,11990,403,ITH,ITH5,8,Emilia-Romagna,Emilia-Romagna,4459477,1483056,33.26,0.57
448,2021-01-22,EMR,1829,477,1352,1086,741,2,ITH,ITH5,8,Emilia-Romagna,Emilia-Romagna,4459477,1484885,33.3,0.04
449,2021-02-08,EMR,5231,1534,3697,2315,2913,3,ITH,ITH5,8,Emilia-Romagna,Emilia-Romagna,4459477,1490116,33.41,0.12
450,2021-05-16,EMR,25845,12168,13677,18354,7112,379,ITH,ITH5,8,Emilia-Romagna,Emilia-Romagna,4459477,1515961,33.99,0.58
451,2021-02-22,EMR,7482,3091,4391,7197,272,13,ITH,ITH5,8,Emilia-Romagna,Emilia-Romagna,4459477,1523443,34.16,0.17
452,2021-03-25,EMR,21481,9417,12064,14233,6989,259,ITH,ITH5,8,Emilia-Romagna,Emilia-Romagna,4459477,1544924,34.64,0.48
453,2021-05-21,EMR,39277,17532,21745,21626,17038,613,ITH,ITH5,8,Emilia-Romagna,Emilia-Romagna,4459477,1584201,35.52,0.88
454,2021-02-10,EMR,4023,1385,2638,2761,1256,6,ITH,ITH5,8,Emilia-Romagna,Emilia-Romagna,4459477,1588224,35.61,0.09
455,2021-04-08,EMR,31212,14332,16880,25213,5303,696,ITH,ITH5,8,Emilia-Romagna,Emilia-Romagna,4459477,1619436,36.31,0.7
456,2021-03-18,EMR,13675,5806,7869,5584,8000,91,ITH,ITH5,8,Emilia-Romagna,Emilia-Romagna,4459477,1633111,36.62,0.31
457,2021-05-14,EMR,37256,17168,20088,26748,9608,900,ITH,ITH5,8,Emilia-Romagna,Emilia-Romagna,4459477,1670367,37.46,0.84
458,2021-02-03,EMR,9338,2989,6349,964,8373,1,ITH,ITH5,8,Emilia-Romagna,Emilia-Romagna,4459477,1679705,37.67,0.21
459,2021-04-01,EMR,23952,10772,13180,19064,4550,338,ITH,ITH5,8,Emilia-Romagna,Emilia-Romagna,4459477,1703657,38.2,0.54
460,2021-05-28,EMR,41184,18934,22250,17259,23334,591,ITH,ITH5,8,Emilia-Romagna,Emilia-Romagna,4459477,1744841,39.13,0.92
461,2021-04-22,EMR,29053,13452,15601,14600,14077,376,ITH,ITH5,8,Emilia-Romagna,Emilia-Romagna,4459477,1773894,39.78,0.65
462,2021-04-20,EMR,22622,10404,12218,13871,8353,398,ITH,ITH5,8,Emilia-Romagna,Emilia-Romagna,4459477,1796516,40.29,0.51
463,2021-06-23,EMR,37726,18875,18851,18628,18819,279,ITH,ITH5,8,Emilia-Romagna,Emilia-Romagna,4459477,1834242,41.13,0.85
464,2021-01-08,EMR,10867,3580,7287,10864,0,3,ITH,ITH5,8,Emilia-Romagna,Emilia-Romagna,4459477,1845109,41.38,0.24
465,2021-03-06,EMR,20906,5939,14967,18048,2735,123,ITH,ITH5,8,Emilia-Romagna,Emilia-Romagna,4459477,1866015,41.84,0.47
466,2021-06-18,EMR,42453,21245,21208,16358,25824,271,ITH,ITH5,8,Emilia-Romagna,Emilia-Romagna,4459477,1908468,42.8,0.95
467,2021-03-10,EMR,18799,7741,11058,12975,5645,179,ITH,ITH5,8,Emilia-Romagna,Emilia-Romagna,4459477,1927267,43.22,0.42
468,2021-05-18,EMR,29103,13247,15856,18089,10527,487,ITH,ITH5,8,Emilia-Romagna,Emilia-Romagna,4459477,1956370,43.87,0.65
469,2021-02-07,EMR,4785,1536,3249,1722,3061,2,ITH,ITH5,8,Emilia-Romagna,Emilia-Romagna,4459477,1961155,43.98,0.11
470,2021-02-24,EMR,9351,3566,5785,8450,884,17,ITH,ITH5,8,Emilia-Romagna,Emilia-Romagna,4459477,1970506,44.19,0.21
471,2021-01-05,EMR,9361,3170,6191,9357,0,4,ITH,ITH5,8,Emilia-Romagna,Emilia-Romagna,4459477,1979867,44.4,0.21
472,2021-04-29,EMR,44951,21134,23817,26591,17548,812,ITH,ITH5,8,Emilia-Romagna,Emilia-Romagna,4459477,2024818,45.4,1.01
473,2021-01-19,EMR,2046,505,1541,2028,17,1,ITH,ITH5,8,Emilia-Romagna,Emilia-Romagna,4459477,2026864,45.45,0.05
474,2021-07-07,EMR,35713,18049,17664,13801,21665,247,ITH,ITH5,8,Emilia-Romagna,Emilia-Romagna,4459477,2062577,46.25,0.8
475,2021-03-29,EMR,21424,9613,11811,16535,4650,239,ITH,ITH5,8,Emilia-Romagna,Emilia-Romagna,4459477,2084001,46.73,0.48
476,2021-02-21,EMR,4450,1708,2742,4000,440,10,ITH,ITH5,8,Emilia-Romagna,Emilia-Romagna,4459477,2088451,46.83,0.1
477,2021-01-02,EMR,2375,916,1459,2375,0,0,ITH,ITH5,8,Emilia-Romagna,Emilia-Romagna,4459477,2090826,46.89,0.05
478,2021-06-05,EMR,44193,22338,21855,36929,6868,396,ITH,ITH5,8,Emilia-Romagna,Emilia-Romagna,4459477,2135019,47.88,0.99
479,2021-06-22,EMR,36008,17921,18087,16314,19437,257,ITH,ITH5,8,Emilia-Romagna,Emilia-Romagna,4459477,2171027,48.68,0.81
480,2021-07-06,EMR,36046,18110,17936,13088,22666,292,ITH,ITH5,8,Emilia-Romagna,Emilia-Romagna,4459477,2207073,49.49,0.81
481,2021-05-17,EMR,32398,15391,17007,22367,9491,540,ITH,ITH5,8,Emilia-Romagna,Emilia-Romagna,4459477,2239471,50.22,0.73
482,2021-05-06,EMR,35927,16602,19325,22155,13056,716,ITH,ITH5,8,Emilia-Romagna,Emilia-Romagna,4459477,2275398,51.02,0.81
483,2021-01-26,EMR,8334,3000,5334,212,8121,1,ITH,ITH5,8,Emilia-Romagna,Emilia-Romagna,4459477,2283732,51.21,0.19
484,2021-07-02,EMR,34633,17028,17605,12646,21660,327,ITH,ITH5,8,Emilia-Romagna,Emilia-Romagna,4459477,2318365,51.99,0.78
485,2021-03-24,EMR,21219,9401,11818,13618,7382,219,ITH,ITH5,8,Emilia-Romagna,Emilia-Romagna,4459477,2339584,52.46,0.48
486,2021-01-24,EMR,2443,885,1558,298,2145,0,ITH,ITH5,8,Emilia-Romagna,Emilia-Romagna,4459477,2342027,52.52,0.05
487,2021-02-12,EMR,5313,1673,3640,3886,1403,24,ITH,ITH5,8,Emilia-Romagna,Emilia-Romagna,4459477,2347340,52.64,0.12
488,2021-04-10,EMR,20921,9300,11621,16445,4143,333,ITH,ITH5,8,Emilia-Romagna,Emilia-Romagna,4459477,2368261,53.11,0.47
489,2021-04-17,EMR,27299,13073,14226,17567,9345,387,ITH,ITH5,8,Emilia-Romagna,Emilia-Romagna,4459477,2395560,53.72,0.61
490,2021-01-07,EMR,10274,3406,6868,10270,0,4,ITH,ITH5,8,Emilia-Romagna,Emilia-Romagna,4459477,2405834,53.95,0.23
491,2021-04-03,EMR,19939,8767,11172,15954,3740,245,ITH,ITH5,8,Emilia-Romagna,Emilia-Romagna,4459477,2425773,54.4,0.45
492,2021-05-30,EMR,27075,12792,14283,12976,13693,406,ITH,ITH5,8,Emilia-Romagna,Emilia-Romagna,4459477,2452848,55.0,0.61
493,2021-02-19,EMR,7327,3010,4317,6800,514,13,ITH,ITH5,8,Emilia-Romagna,Emilia-Romagna,4459477,2460175,55.17,0.16
494,2020-12-31,EMR,2215,780,1435,2214,0,1,ITH,ITH5,8,Emilia-Romagna,Emilia-Romagna,4459477,2462390,55.22,0.05
495,2021-06-06,EMR,36554,18981,17573,31953,4406,195,ITH,ITH5,8,Emilia-Romagna,Emilia-Romagna,4459477,2498944,56.04,0.82
496,2021-02-26,EMR,9634,3673,5961,8566,1048,20,ITH,ITH5,8,Emilia-Romagna,Emilia-Romagna,4459477,2508578,56.25,0.22
497,2021-02-17,EMR,6538,2764,3774,5754,772,12,ITH,ITH5,8,Emilia-Romagna,Emilia-Romagna,4459477,2515116,56.4,0.15
498,2021-06-01,EMR,27133,13085,14048,17052,9893,188,ITH,ITH5,8,Emilia-Romagna,Emilia-Romagna,4459477,2542249,57.01,0.61
499,2021-04-12,EMR,19246,9007,10239,14446,4447,353,ITH,ITH5,8,Emilia-Romagna,Emilia-Romagna,4459477,2561495,57.44,0.43
500,2021-06-08,EMR,44855,22961,21894,37007,7461,387,ITH,ITH5,8,Emilia-Romagna,Emilia-Romagna,4459477,2606350,58.45,1.01
501,2021-04-19,EMR,20900,9796,11104,14321,6273,306,ITH,ITH5,8,Emilia-Romagna,Emilia-Romagna,4459477,2627250,58.91,0.47
502,2021-01-09,EMR,9988,3452,6536,9984,0,4,ITH,ITH5,8,Emilia-Romagna,Emilia-Romagna,4459477,2637238,59.14,0.22
503,2021-06-15,EMR,43606,22470,21136,28024,15028,554,ITH,ITH5,8,Emilia-Romagna,Emilia-Romagna,4459477,2680844,60.12,0.98
504,2021-03-07,EMR,7839,2958,4881,6287,1520,32,ITH,ITH5,8,Emilia-Romagna,Emilia-Romagna,4459477,2688683,60.29,0.18
505,2021-05-03,EMR,28701,13560,15141,17360,10878,463,ITH,ITH5,8,Emilia-Romagna,Emilia-Romagna,4459477,2717384,60.94,0.64
506,2021-02-28,EMR,6819,2527,4292,4955,1845,19,ITH,ITH5,8,Emilia-Romagna,Emilia-Romagna,4459477,2724203,61.09,0.15
507,2021-04-26,EMR,27902,12936,14966,18003,9321,578,ITH,ITH5,8,Emilia-Romagna,Emilia-Romagna,4459477,2752105,61.71,0.63
508,2021-01-16,EMR,5628,1718,3910,5627,0,1,ITH,ITH5,8,Emilia-Romagna,Emilia-Romagna,4459477,2757733,61.84,0.13
509,2021-03-14,EMR,8802,3839,4963,4941,3798,63,ITH,ITH5,8,Emilia-Romagna,Emilia-Romagna,4459477,2766535,62.04,0.2
510,2021-05-01,EMR,28402,12774,15628,15266,12776,360,ITH,ITH5,8,Emilia-Romagna,Emilia-Romagna,4459477,2794937,62.67,0.64
511,2021-02-05,EMR,9290,2956,6334,1601,7683,6,ITH,ITH5,8,Emilia-Romagna,Emilia-Romagna,4459477,2804227,62.88,0.21
512,2021-06-20,EMR,30704,15582,15122,15932,14646,126,ITH,ITH5,8,Emilia-Romagna,Emilia-Romagna,4459477,2834931,63.57,0.69
513,2021-01-12,EMR,9476,3124,6352,9466,0,10,ITH,ITH5,8,Emilia-Romagna,Emilia-Romagna,4459477,2844407,63.78,0.21
514,2021-06-27,EMR,29528,14850,14678,16520,12715,293,ITH,ITH5,8,Emilia-Romagna,Emilia-Romagna,4459477,2873935,64.45,0.66
515,2021-04-05,EMR,14848,6802,8046,11779,2892,177,ITH,ITH5,8,Emilia-Romagna,Emilia-Romagna,4459477,2888783,64.78,0.33
516,2021-05-20,EMR,40270,18310,21960,18403,21371,496,ITH,ITH5,8,Emilia-Romagna,Emilia-Romagna,4459477,2929053,65.68,0.9
517,2021-06-25,EMR,42467,21503,20964,19793,22261,413,ITH,ITH5,8,Emilia-Romagna,Emilia-Romagna,4459477,2971520,66.63,0.95
518,2021-03-17,EMR,13718,5692,8026,5814,7846,58,ITH,ITH5,8,Emilia-Romagna,Emilia-Romagna,4459477,2985238,66.94,0.31
519,2021-05-13,EMR,35785,16494,19291,27249,7797,739,ITH,ITH5,8,Emilia-Romagna,Emilia-Romagna,4459477,3021023,67.74,0.8
520,2021-04-28,EMR,33715,15588,18127,20244,12887,584,ITH,ITH5,8,Emilia-Romagna,Emilia-Romagna,4459477,3054738,68.5,0.76
521,2021-06-24,EMR,40153,20081,20072,20253,19540,360,ITH,ITH5,8,Emilia-Romagna,Emilia-Romagna,4459477,3094891,69.4,0.9
522,2021-06-17,EMR,46287,23396,22891,21792,24137,358,ITH,ITH5,8,Emilia-Romagna,Emilia-Romagna,4459477,3141178,70.44,1.04
523,2021-04-14,EMR,27043,12844,14199,20511,6104,428,ITH,ITH5,8,Emilia-Romagna,Emilia-Romagna,4459477,3168221,71.04,0.61
524,2021-01-21,EMR,2165,729,1436,819,1346,0,ITH,ITH5,8,Emilia-Romagna,Emilia-Romagna,4459477,3170386,71.09,0.05
525,2021-06-03,EMR,37871,18425,19446,30078,7514,279,ITH,ITH5,8,Emilia-Romagna,Emilia-Romagna,4459477,3208257,71.94,0.85
526,2021-02-23,EMR,8216,3219,4997,7819,386,11,ITH,ITH5,8,Emilia-Romagna,Emilia-Romagna,4459477,3216473,72.13,0.18
527,2021-03-12,EMR,18306,7701,10605,11305,6717,284,ITH,ITH5,8,Emilia-Romagna,Emilia-Romagna,4459477,3234779,72.54,0.41
528,2021-07-09,EMR,42495,21687,20808,5142,37081,272,ITH,ITH5,8,Emilia-Romagna,Emilia-Romagna,4459477,3277274,73.49,0.95
529,2021-01-17,EMR,2890,887,2003,2643,246,1,ITH,ITH5,8,Emilia-Romagna,Emilia-Romagna,4459477,3280164,73.55,0.06
530,2021-04-02,EMR,23394,10552,12842,18559,4481,354,ITH,ITH5,8,Emilia-Romagna,Emilia-Romagna,4459477,3303558,74.08,0.52
531,2021-05-29,EMR,37841,16496,21345,16644,20677,520,ITH,ITH5,8,Emilia-Romagna,Emilia-Romagna,4459477,3341399,74.93,0.85
532,2021-03-31,EMR,25265,11043,14222,19490,5454,321,ITH,ITH5,8,Emilia-Romagna,Emilia-Romagna,4459477,3366664,75.49,0.57
533,2021-07-04,EMR,24179,12016,12163,10413,13555,211,ITH,ITH5,8,Emilia-Romagna,Emilia-Romagna,4459477,3390843,76.04,0.54
534,2021-03-26,EMR,23704,10110,13594,16997,6437,270,ITH,ITH5,8,Emilia-Romagna,Emilia-Romagna,4459477,3414547,76.57,0.53
535,2021-04-24,EMR,28633,13242,15391,14040,14230,363,ITH,ITH5,8,Emilia-Romagna,Emilia-Romagna,4459477,3443180,77.21,0.64
536,2021-05-11,EMR,35781,16793,18988,27765,7254,762,ITH,ITH5,8,Emilia-Romagna,Emilia-Romagna,4459477,3478961,78.01,0.8
537,2021-01-31,EMR,7698,2763,4935,241,7457,0,ITH,ITH5,8,Emilia-Romagna,Emilia-Romagna,4459477,3486659,78.19,0.17
538,2021-06-29,EMR,37570,18519,19051,18524,18725,321,ITH,ITH5,8,Emilia-Romagna,Emilia-Romagna,4459477,3524229,79.03,0.84
539,2021-03-21,EMR,11956,5296,6660,7261,4605,90,ITH,ITH5,8,Emilia-Romagna,Emilia-Romagna,4459477,3536185,79.3,0.27
540,2021-06-10,EMR,44906,23063,21843,39008,5350,548,ITH,ITH5,8,Emilia-Romagna,Emilia-Romagna,4459477,3581091,80.3,1.01
541,2021-03-02,EMR,12659,4272,8387,10527,2077,55,ITH,ITH5,8,Emilia-Romagna,Emilia-Romagna,4459477,3593750,80.59,0.28
542,2021-03-19,EMR,15925,6972,8953,7799,7969,157,ITH,ITH5,8,Emilia-Romagna,Emilia-Romagna,4459477,3609675,80.94,0.36
543,2021-04-07,EMR,26116,11890,14226,19790,6011,315,ITH,ITH5,8,Emilia-Romagna,Emilia-Romagna,4459477,3635791,81.53,0.59
544,2021-01-14,EMR,8129,2593,5536,8119,0,10,ITH,ITH5,8,Emilia-Romagna,Emilia-Romagna,4459477,3643920,81.71,0.18
545,2021-03-15,EMR,13444,6244,7200,6849,6499,96,ITH,ITH5,8,Emilia-Romagna,Emilia-Romagna,4459477,3657364,82.01,0.3
546,2021-02-09,EMR,4154,1249,2905,2306,1847,1,ITH,ITH5,8,Emilia-Romagna,Emilia-Romagna,4459477,3661518,82.11,0.09
547,2021-05-15,EMR,33251,14983,18268,22195,10408,648,ITH,ITH5,8,Emilia-Romagna,Emilia-Romagna,4459477,3694769,82.85,0.75
548,2021-02-04,EMR,9920,3201,6719,1229,8690,1,ITH,ITH5,8,Emilia-Romagna,Emilia-Romagna,4459477,3704689,83.07,0.22
549,2021-05-22,EMR,33052,14137,18915,16454,16138,460,ITH,ITH5,8,Emilia-Romagna,Emilia-Romagna,4459477,3737741,83.82,0.74
550,2021-04-09,EMR,25723,11667,14056,19526,5698,499,ITH,ITH5,8,Emilia-Romagna,Emilia-Romagna,4459477,3763464,84.39,0.58
551,2021-02-02,EMR,9474,3048,6426,515,8959,0,ITH,ITH5,8,Emilia-Romagna,Emilia-Romagna,4459477,3772938,84.6,0.21
552,2021-06-30,EMR,34186,17254,16932,18228,15634,324,ITH,ITH5,8,Emilia-Romagna,Emilia-Romagna,4459477,3807124,85.37,0.77
553,2021-06-11,EMR,45772,23768,22004,38688,6500,584,ITH,ITH5,8,Emilia-Romagna,Emilia-Romagna,4459477,3852896,86.4,1.03
554,2021-06-28,EMR,39984,19618,20366,20005,19537,442,ITH,ITH5,8,Emilia-Romagna,Emilia-Romagna,4459477,3892880,87.29,0.9
555,2021-03-20,EMR,16085,6829,9256,8955,6964,166,ITH,ITH5,8,Emilia-Romagna,Emilia-Romagna,4459477,3908965,87.66,0.36
556,2021-04-06,EMR,24745,11172,13573,19718,4742,285,ITH,ITH5,8,Emilia-Romagna,Emilia-Romagna,4459477,3933710,88.21,0.55
557,2020-12-27,EMR,972,373,599,972,0,0,ITH,ITH5,8,Emilia-Romagna,Emilia-Romagna,4459477,3934682,88.23,0.02
558,2021-06-13,EMR,28689,14960,13729,24110,4270,309,ITH,ITH5,8,Emilia-Romagna,Emilia-Romagna,4459477,3963371,88.88,0.64
559,2021-03-05,EMR,17864,5842,12022,14290,3454,120,ITH,ITH5,8,Emilia-Romagna,Emilia-Romagna,4459477,3981235,89.28,0.4
560,2021-03-22,EMR,17647,7814,9833,10617,6862,168,ITH,ITH5,8,Emilia-Romagna,Emilia-Romagna,4459477,3998882,89.67,0.4
561,2021-03-03,EMR,15857,5253,10604,13320,2485,52,ITH,ITH5,8,Emilia-Romagna,Emilia-Romagna,4459477,4014739,90.03,0.36
562,2021-05-25,EMR,25079,11194,13885,11291,13364,424,ITH,ITH5,8,Emilia-Romagna,Emilia-Romagna,4459477,4039818,90.59,0.56
563,2021-02-14,EMR,1403,378,1025,1275,120,8,ITH,ITH5,8,Emilia-Romagna,Emilia-Romagna,4459477,4041221,90.62,0.03
564,2021-05-27,EMR,42246,18742,23504,13623,28191,432,ITH,ITH5,8,Emilia-Romagna,Emilia-Romagna,4459477,4083467,91.57,0.95
565,2021-02-16,EMR,5772,2446,3326,5227,531,14,ITH,ITH5,8,Emilia-Romagna,Emilia-Romagna,4459477,4089239,91.7,0.13
566,2021-05-10,EMR,33842,16125,17717,26010,7245,587,ITH,ITH5,8,Emilia-Romagna,Emilia-Romagna,4459477,4123081,92.46,0.76
567,2021-04-21,EMR,23959,10963,12996,13846,9744,369,ITH,ITH5,8,Emilia-Romagna,Emilia-Romagna,4459477,4147040,92.99,0.54
568,2021-05-08,EMR,32345,15095,17250,20374,11421,550,ITH,ITH5,8,Emilia-Romagna,Emilia-Romagna,4459477,4179385,93.72,0.73
569,2021-01-28,EMR,10255,3339,6916,348,9907,0,ITH,ITH5,8,Emilia-Romagna,Emilia-Romagna,4459477,4189640,93.95,0.23
570,2021-06-15,MAR,13190,6567,6623,9823,3050,317,ITI,ITI3,11,Marche,Marche,1525271,13190,0.86,0.86
571,2021-01-12,MAR,1230,416,814,1217,0,13,ITI,ITI3,11,Marche,Marche,1525271,14420,0.95,0.08
572,2021-06-22,MAR,13203,6474,6729,6475,6445,283,ITI,ITI3,11,Marche,Marche,1525271,27623,1.81,0.87
573,2021-04-26,MAR,9170,4062,5108,6024,3022,124,ITI,ITI3,11,Marche,Marche,1525271,36793,2.41,0.6
574,2021-05-27,MAR,13732,6817,6915,9180,4301,251,ITI,ITI3,11,Marche,Marche,1525271,50525,3.31,0.9
575,2021-03-31,MAR,7374,3086,4288,4268,3023,83,ITI,ITI3,11,Marche,Marche,1525271,57899,3.8,0.48
576,2021-07-09,MAR,15146,7619,7527,2570,12363,213,ITI,ITI3,11,Marche,Marche,1525271,73045,4.79,0.99
577,2021-05-15,MAR,14033,6407,7626,7832,5956,245,ITI,ITI3,11,Marche,Marche,1525271,87078,5.71,0.92
578,2021-02-19,MAR,2002,739,1263,1826,135,41,ITI,ITI3,11,Marche,Marche,1525271,89080,5.84,0.13
579,2021-05-20,MAR,12576,5903,6673,7534,4791,251,ITI,ITI3,11,Marche,Marche,1525271,101656,6.66,0.82
580,2021-02-07,MAR,1871,735,1136,332,1527,12,ITI,ITI3,11,Marche,Marche,1525271,103527,6.79,0.12
581,2021-01-31,MAR,1918,769,1149,98,1816,4,ITI,ITI3,11,Marche,Marche,1525271,105445,6.91,0.13
582,2021-03-24,MAR,7057,2994,4063,3296,3693,68,ITI,ITI3,11,Marche,Marche,1525271,112502,7.38,0.46
583,2021-06-01,MAR,12071,6162,5909,9692,2095,284,ITI,ITI3,11,Marche,Marche,1525271,124573,8.17,0.79
584,2021-03-10,MAR,5691,2422,3269,4480,1159,52,ITI,ITI3,11,Marche,Marche,1525271,130264,8.54,0.37
585,2021-02-21,MAR,376,141,235,363,1,12,ITI,ITI3,11,Marche,Marche,1525271,130640,8.57,0.02
586,2021-01-19,MAR,232,87,145,139,90,3,ITI,ITI3,11,Marche,Marche,1525271,130872,8.58,0.02
587,2021-04-05,MAR,5691,2358,3333,4346,1269,76,ITI,ITI3,11,Marche,Marche,1525271,136563,8.95,0.37
588,2021-06-27,MAR,9949,4820,5129,4487,5291,171,ITI,ITI3,11,Marche,Marche,1525271,146512,9.61,0.65
589,2021-03-19,MAR,3852,1606,2246,325,3515,12,ITI,ITI3,11,Marche,Marche,1525271,150364,9.86,0.25
590,2021-03-17,MAR,3446,1505,1941,105,3339,2,ITI,ITI3,11,Marche,Marche,1525271,153810,10.08,0.23
591,2021-01-26,MAR,2021,747,1274,80,1932,9,ITI,ITI3,11,Marche,Marche,1525271,155831,10.22,0.13
592,2021-04-19,MAR,9602,4498,5104,7901,1581,120,ITI,ITI3,11,Marche,Marche,1525271,165433,10.85,0.63
593,2021-02-14,MAR,739,301,438,727,0,12,ITI,ITI3,11,Marche,Marche,1525271,166172,10.89,0.05
594,2021-01-21,MAR,919,261,658,574,328,17,ITI,ITI3,11,Marche,Marche,1525271,167091,10.95,0.06
595,2021-05-01,MAR,9318,3924,5394,3500,5742,76,ITI,ITI3,11,Marche,Marche,1525271,176409,11.57,0.61
596,2021-03-05,MAR,6224,2872,3352,4693,1468,63,ITI,ITI3,11,Marche,Marche,1525271,182633,11.97,0.41
597,2021-01-07,MAR,1809,636,1173,1793,0,16,ITI,ITI3,11,Marche,Marche,1525271,184442,12.09,0.12
598,2021-01-23,MAR,557,190,367,120,434,3,ITI,ITI3,11,Marche,Marche,1525271,184999,12.13,0.04
599,2021-06-29,MAR,13373,6599,6774,4930,8215,228,ITI,ITI3,11,Marche,Marche,1525271,198372,13.01,0.88
600,2021-05-03,MAR,10390,4681,5709,4848,5409,133,ITI,ITI3,11,Marche,Marche,1525271,208762,13.69,0.68
601,2021-03-28,MAR,4125,1739,2386,2396,1691,38,ITI,ITI3,11,Marche,Marche,1525271,212887,13.96,0.27
602,2021-01-30,MAR,1906,669,1237,27,1879,0,ITI,ITI3,11,Marche,Marche,1525271,214793,14.08,0.12
603,2021-03-29,MAR,5877,2573,3304,3392,2438,47,ITI,ITI3,11,Marche,Marche,1525271,220670,14.47,0.39
604,2021-06-03,MAR,14640,7481,7159,12079,2256,305,ITI,ITI3,11,Marche,Marche,1525271,235310,15.43,0.96
605,2021-02-18,MAR,2143,785,1358,1808,286,49,ITI,ITI3,11,Marche,Marche,1525271,237453,15.57,0.14
606,2021-05-29,MAR,12860,6232,6628,8114,4528,218,ITI,ITI3,11,Marche,Marche,1525271,250313,16.41,0.84
607,2021-04-07,MAR,8179,3615,4564,7717,347,115,ITI,ITI3,11,Marche,Marche,1525271,258492,16.95,0.54
608,2021-02-09,MAR,124,42,82,46,78,0,ITI,ITI3,11,Marche,Marche,1525271,258616,16.96,0.01
609,2021-06-12,MAR,13717,7293,6424,12105,1279,333,ITI,ITI3,11,Marche,Marche,1525271,272333,17.85,0.9
610,2021-04-16,MAR,10082,4702,5380,9361,525,196,ITI,ITI3,11,Marche,Marche,1525271,282415,18.52,0.66
611,2021-01-04,MAR,1513,573,940,1501,0,12,ITI,ITI3,11,Marche,Marche,1525271,283928,18.61,0.1
612,2021-07-04,MAR,10895,5445,5450,3204,7529,162,ITI,ITI3,11,Marche,Marche,1525271,294823,19.33,0.71
613,2020-12-31,MAR,392,184,208,390,0,2,ITI,ITI3,11,Marche,Marche,1525271,295215,19.35,0.03
614,2021-02-04,MAR,2385,843,1542,107,2273,5,ITI,ITI3,11,Marche,Marche,1525271,297600,19.51,0.16
615,2021-01-18,MAR,696,237,459,536,149,11,ITI,ITI3,11,Marche,Marche,1525271,298296,19.56,0.05
616,2021-04-28,MAR,10925,4979,5946,6024,4732,169,ITI,ITI3,11,Marche,Marche,1525271,309221,20.27,0.72
617,2021-02-02,MAR,1193,398,795,72,1121,0,ITI,ITI3,11,Marche,Marche,1525271,310414,20.35,0.08
618,2021-05-13,MAR,12603,5695,6908,6827,5499,277,ITI,ITI3,11,Marche,Marche,1525271,323017,21.18,0.83
619,2021-04-12,MAR,8565,3771,4794,7936,482,147,ITI,ITI3,11,Marche,Marche,1525271,331582,21.74,0.56
620,2021-01-02,MAR,456,141,315,454,0,2,ITI,ITI3,11,Marche,Marche,1525271,332038,21.77,0.03
621,2021-03-07,MAR,5180,2107,3073,4379,754,47,ITI,ITI3,11,Marche,Marche,1525271,337218,22.11,0.34
622,2021-03-12,MAR,4657,1983,2674,3348,1255,54,ITI,ITI3,11,Marche,Marche,1525271,341875,22.41,0.31
623,2021-01-14,MAR,2012,694,1318,1988,0,24,ITI,ITI3,11,Marche,Marche,1525271,343887,22.55,0.13
624,2021-06-20,MAR,11157,5545,5612,5990,4985,182,ITI,ITI3,11,Marche,Marche,1525271,355044,23.28,0.73
625,2021-04-24,MAR,12166,5363,6803,7559,4464,143,ITI,ITI3,11,Marche,Marche,1525271,367210,24.08,0.8
626,2021-02-26,MAR,3676,1522,2154,3097,476,103,ITI,ITI3,11,Marche,Marche,1525271,370886,24.32,0.24
627,2021-05-08,MAR,12269,5476,6793,4857,7247,165,ITI,ITI3,11,Marche,Marche,1525271,383155,25.12,0.8
628,2021-01-09,MAR,1715,606,1109,1695,0,20,ITI,ITI3,11,Marche,Marche,1525271,384870,25.23,0.11
629,2021-04-02,MAR,6886,2983,3903,6039,739,108,ITI,ITI3,11,Marche,Marche,1525271,391756,25.68,0.45
630,2021-03-16,MAR,3490,1497,1993,285,3199,6,ITI,ITI3,11,Marche,Marche,1525271,395246,25.91,0.23
631,2021-02-28,MAR,2836,1251,1585,2822,6,8,ITI,ITI3,11,Marche,Marche,1525271,398082,26.1,0.19
632,2021-06-08,MAR,14099,7096,7003,11197,2611,291,ITI,ITI3,11,Marche,Marche,1525271,412181,27.02,0.92
633,2021-03-02,MAR,5002,1967,3035,4371,566,65,ITI,ITI3,11,Marche,Marche,1525271,417183,27.35,0.33
634,2021-06-10,MAR,14921,7690,7231,12566,2013,342,ITI,ITI3,11,Marche,Marche,1525271,432104,28.33,0.98
635,2021-05-10,MAR,9450,4337,5113,4769,4553,128,ITI,ITI3,11,Marche,Marche,1525271,441554,28.95,0.62
636,2021-03-14,MAR,2499,1032,1467,1897,592,10,ITI,ITI3,11,Marche,Marche,1525271,444053,29.11,0.16
637,2021-03-21,MAR,4504,1873,2631,1614,2875,15,ITI,ITI3,11,Marche,Marche,1525271,448557,29.41,0.3
638,2021-02-06,MAR,2463,902,1561,513,1941,9,ITI,ITI3,11,Marche,Marche,1525271,451020,29.57,0.16
639,2021-02-16,MAR,1287,475,812,1226,30,31,ITI,ITI3,11,Marche,Marche,1525271,452307,29.65,0.08
640,2021-02-25,MAR,3561,1463,2098,3319,183,59,ITI,ITI3,11,Marche,Marche,1525271,455868,29.89,0.23
641,2021-06-05,MAR,13940,7008,6932,11517,2059,364,ITI,ITI3,11,Marche,Marche,1525271,469808,30.8,0.91
642,2021-04-23,MAR,11301,5216,6085,8086,3055,160,ITI,ITI3,11,Marche,Marche,1525271,481109,31.54,0.74
643,2021-02-23,MAR,3314,1432,1882,3243,56,15,ITI,ITI3,11,Marche,Marche,1525271,484423,31.76,0.22
644,2021-03-26,MAR,6347,2610,3737,3469,2822,56,ITI,ITI3,11,Marche,Marche,1525271,490770,32.18,0.42
645,2021-06-17,MAR,15191,7557,7634,8800,6096,295,ITI,ITI3,11,Marche,Marche,1525271,505961,33.17,1.0
646,2021-03-09,MAR,5431,2293,3138,4465,881,85,ITI,ITI3,11,Marche,Marche,1525271,511392,33.53,0.36
647,2021-07-06,MAR,13970,6923,7047,3144,10603,223,ITI,ITI3,11,Marche,Marche,1525271,525362,34.44,0.92
648,2021-01-16,MAR,2036,733,1303,1986,0,50,ITI,ITI3,11,Marche,Marche,1525271,527398,34.58,0.13
649,2021-06-19,MAR,14688,7402,7286,7749,6674,265,ITI,ITI3,11,Marche,Marche,1525271,542086,35.54,0.96
650,2021-05-31,MAR,11782,5943,5839,8599,2930,253,ITI,ITI3,11,Marche,Marche,1525271,553868,36.31,0.77
651,2021-05-17,MAR,11942,5605,6337,7470,4252,220,ITI,ITI3,11,Marche,Marche,1525271,565810,37.1,0.78
652,2021-05-12,MAR,10429,4690,5739,4738,5501,190,ITI,ITI3,11,Marche,Marche,1525271,576239,37.78,0.68
653,2021-07-08,MAR,15151,7598,7553,2791,12135,225,ITI,ITI3,11,Marche,Marche,1525271,591390,38.77,0.99
654,2021-07-01,MAR,14687,7364,7323,4659,9750,278,ITI,ITI3,11,Marche,Marche,1525271,606077,39.74,0.96
655,2021-05-24,MAR,10883,5142,5741,7944,2762,177,ITI,ITI3,11,Marche,Marche,1525271,616960,40.45,0.71
656,2021-05-22,MAR,11937,5719,6218,7319,4448,170,ITI,ITI3,11,Marche,Marche,1525271,628897,41.23,0.78
657,2021-02-11,MAR,1987,657,1330,1557,389,41,ITI,ITI3,11,Marche,Marche,1525271,630884,41.36,0.13
658,2021-05-05,MAR,11691,5320,6371,5105,6429,157,ITI,ITI3,11,Marche,Marche,1525271,642575,42.13,0.77
659,2021-04-14,MAR,10215,4564,5651,9661,371,183,ITI,ITI3,11,Marche,Marche,1525271,652790,42.8,0.67
660,2020-12-30,MAR,17,5,12,17,0,0,ITI,ITI3,11,Marche,Marche,1525271,652807,42.8,0.0
661,2021-04-09,MAR,9568,4190,5378,9155,200,213,ITI,ITI3,11,Marche,Marche,1525271,662375,43.43,0.63
662,2021-01-06,MAR,2204,801,1403,2185,0,19,ITI,ITI3,11,Marche,Marche,1525271,664579,43.57,0.14
663,2021-04-13,MAR,9838,4260,5578,9412,233,193,ITI,ITI3,11,Marche,Marche,1525271,674417,44.22,0.65
664,2021-07-05,MAR,13154,6501,6653,2923,10060,171,ITI,ITI3,11,Marche,Marche,1525271,687571,45.08,0.86
665,2021-06-16,MAR,13759,6915,6844,9130,4366,263,ITI,ITI3,11,Marche,Marche,1525271,701330,45.98,0.9
666,2021-06-02,MAR,11900,5937,5963,11028,677,195,ITI,ITI3,11,Marche,Marche,1525271,713230,46.76,0.78
667,2021-02-22,MAR,3459,1531,1928,3350,75,34,ITI,ITI3,11,Marche,Marche,1525271,716689,46.99,0.23
668,2021-03-27,MAR,7403,3085,4318,4950,2381,72,ITI,ITI3,11,Marche,Marche,1525271,724092,47.47,0.49
669,2021-04-10,MAR,10917,4620,6297,10370,313,234,ITI,ITI3,11,Marche,Marche,1525271,735009,48.19,0.72
670,2021-01-03,MAR,907,354,553,897,0,10,ITI,ITI3,11,Marche,Marche,1525271,735916,48.25,0.06
671,2021-03-08,MAR,6297,2759,3538,5187,1002,108,ITI,ITI3,11,Marche,Marche,1525271,742213,48.66,0.41
672,2021-02-05,MAR,2155,654,1501,438,1716,1,ITI,ITI3,11,Marche,Marche,1525271,744368,48.8,0.14
673,2021-05-16,MAR,10898,4957,5941,6551,4228,119,ITI,ITI3,11,Marche,Marche,1525271,755266,49.52,0.71
674,2021-05-30,MAR,9733,4691,5042,6548,2989,196,ITI,ITI3,11,Marche,Marche,1525271,764999,50.15,0.64
675,2021-04-27,MAR,9589,4388,5201,5509,3986,94,ITI,ITI3,11,Marche,Marche,1525271,774588,50.78,0.63
676,2021-01-15,MAR,1771,500,1271,1754,0,17,ITI,ITI3,11,Marche,Marche,1525271,776359,50.9,0.12
677,2021-04-25,MAR,8599,3993,4606,6897,1575,127,ITI,ITI3,11,Marche,Marche,1525271,784958,51.46,0.56
678,2021-01-13,MAR,2107,746,1361,2066,0,41,ITI,ITI3,11,Marche,Marche,1525271,787065,51.6,0.14
679,2021-05-21,MAR,13799,6546,7253,7226,6362,211,ITI,ITI3,11,Marche,Marche,1525271,800864,52.51,0.9
680,2021-05-28,MAR,13959,6737,7222,8802,4857,300,ITI,ITI3,11,Marche,Marche,1525271,814823,53.42,0.92
681,2021-04-01,MAR,7576,3182,4394,4068,3416,92,ITI,ITI3,11,Marche,Marche,1525271,822399,53.92,0.5
682,2021-02-15,MAR,967,412,555,939,13,15,ITI,ITI3,11,Marche,Marche,1525271,823366,53.98,0.06
683,2021-05-26,MAR,11873,5949,5924,8449,3210,214,ITI,ITI3,11,Marche,Marche,1525271,835239,54.76,0.78
684,2021-03-30,MAR,7475,3075,4400,4580,2823,72,ITI,ITI3,11,Marche,Marche,1525271,842714,55.25,0.49
685,2021-02-01,MAR,1362,479,883,95,1264,3,ITI,ITI3,11,Marche,Marche,1525271,844076,55.34,0.09
686,2021-04-06,MAR,8875,3694,5181,7932,810,133,ITI,ITI3,11,Marche,Marche,1525271,852951,55.92,0.58
687,2021-03-23,MAR,5822,2546,3276,2227,3560,35,ITI,ITI3,11,Marche,Marche,1525271,858773,56.3,0.38
688,2021-02-08,MAR,833,258,575,366,462,5,ITI,ITI3,11,Marche,Marche,1525271,859606,56.36,0.05
689,2021-05-19,MAR,11562,5313,6249,8369,2998,195,ITI,ITI3,11,Marche,Marche,1525271,871168,57.12,0.76
690,2021-04-17,MAR,11704,5316,6388,10400,1073,231,ITI,ITI3,11,Marche,Marche,1525271,882872,57.88,0.77
691,2021-06-13,MAR,10746,5563,5183,9203,1294,249,ITI,ITI3,11,Marche,Marche,1525271,893618,58.59,0.7
692,2020-12-27,MAR,204,99,105,202,0,2,ITI,ITI3,11,Marche,Marche,1525271,893822,58.6,0.01
693,2021-06-06,MAR,12452,6136,6316,10640,1577,235,ITI,ITI3,11,Marche,Marche,1525271,906274,59.42,0.82
694,2021-04-30,MAR,14133,6188,7945,5402,8544,187,ITI,ITI3,11,Marche,Marche,1525271,920407,60.34,0.93
695,2021-04-11,MAR,7116,3115,4001,6692,286,138,ITI,ITI3,11,Marche,Marche,1525271,927523,60.81,0.47
696,2021-03-11,MAR,6613,2804,3809,5149,1389,75,ITI,ITI3,11,Marche,Marche,1525271,934136,61.24,0.43
697,2021-03-25,MAR,6663,2778,3885,3190,3417,56,ITI,ITI3,11,Marche,Marche,1525271,940799,61.68,0.44
698,2021-07-03,MAR,13842,6991,6851,4136,9394,312,ITI,ITI3,11,Marche,Marche,1525271,954641,62.59,0.91
699,2021-02-20,MAR,4162,1732,2430,4041,111,10,ITI,ITI3,11,Marche,Marche,1525271,958803,62.86,0.27
700,2021-01-20,MAR,405,100,305,384,19,2,ITI,ITI3,11,Marche,Marche,1525271,959208,62.89,0.03
701,2021-02-03,MAR,2124,741,1383,98,2005,21,ITI,ITI3,11,Marche,Marche,1525271,961332,63.03,0.14
702,2021-05-14,MAR,13545,6245,7300,6510,6822,213,ITI,ITI3,11,Marche,Marche,1525271,974877,63.92,0.89
703,2021-07-02,MAR,14544,7173,7371,4674,9639,231,ITI,ITI3,11,Marche,Marche,1525271,989421,64.87,0.95
704,2021-05-07,MAR,12840,5807,7033,3584,9179,77,ITI,ITI3,11,Marche,Marche,1525271,1002261,65.71,0.84
705,2021-02-13,MAR,1093,462,631,988,82,23,ITI,ITI3,11,Marche,Marche,1525271,1003354,65.78,0.07
706,2021-01-27,MAR,2119,780,1339,118,1999,2,ITI,ITI3,11,Marche,Marche,1525271,1005473,65.92,0.14
707,2021-04-20,MAR,10728,5015,5713,9153,1446,129,ITI,ITI3,11,Marche,Marche,1525271,1016201,66.62,0.7
708,2021-01-25,MAR,1596,558,1038,94,1502,0,ITI,ITI3,11,Marche,Marche,1525271,1017797,66.73,0.1
709,2021-03-04,MAR,6536,2892,3644,5084,1393,59,ITI,ITI3,11,Marche,Marche,1525271,1024333,67.16,0.43
710,2021-03-13,MAR,5787,2672,3115,1765,3982,40,ITI,ITI3,11,Marche,Marche,1525271,1030120,67.54,0.38
711,2021-06-21,MAR,12603,6182,6421,5481,6877,245,ITI,ITI3,11,Marche,Marche,1525271,1042723,68.36,0.83
712,2021-05-09,MAR,8863,4020,4843,3559,5227,77,ITI,ITI3,11,Marche,Marche,1525271,1051586,68.94,0.58
713,2021-03-06,MAR,5736,2640,3096,4422,1267,47,ITI,ITI3,11,Marche,Marche,1525271,1057322,69.32,0.38
714,2021-07-10,MAR,14181,7242,6939,1677,12299,205,ITI,ITI3,11,Marche,Marche,1525271,1071503,70.25,0.93
715,2021-04-22,MAR,10797,4931,5866,9083,1578,136,ITI,ITI3,11,Marche,Marche,1525271,1082300,70.96,0.71
716,2021-02-24,MAR,3534,1547,1987,3424,78,32,ITI,ITI3,11,Marche,Marche,1525271,1085834,71.19,0.23
717,2021-06-04,MAR,14334,7289,7045,11589,2438,307,ITI,ITI3,11,Marche,Marche,1525271,1100168,72.13,0.94
718,2021-04-08,MAR,8691,3805,4886,8216,345,130,ITI,ITI3,11,Marche,Marche,1525271,1108859,72.7,0.57
719,2021-03-03,MAR,6699,3076,3623,5718,884,97,ITI,ITI3,11,Marche,Marche,1525271,1115558,73.14,0.44
720,2021-01-05,MAR,1577,591,986,1558,0,19,ITI,ITI3,11,Marche,Marche,1525271,1117135,73.24,0.1
721,2021-04-15,MAR,10376,4674,5702,9577,565,234,ITI,ITI3,11,Marche,Marche,1525271,1127511,73.92,0.68
722,2021-02-17,MAR,1827,700,1127,1641,118,68,ITI,ITI3,11,Marche,Marche,1525271,1129338,74.04,0.12
723,2021-06-18,MAR,15349,7648,7701,8300,6750,299,ITI,ITI3,11,Marche,Marche,1525271,1144687,75.05,1.01
724,2021-04-29,MAR,13438,6153,7285,7163,6098,177,ITI,ITI3,11,Marche,Marche,1525271,1158125,75.93,0.88
725,2021-05-02,MAR,8900,3937,4963,3082,5739,79,ITI,ITI3,11,Marche,Marche,1525271,1167025,76.51,0.58
726,2021-06-28,MAR,12306,6002,6304,4611,7460,235,ITI,ITI3,11,Marche,Marche,1525271,1179331,77.32,0.81
727,2021-03-22,MAR,5669,2386,3283,2482,3144,43,ITI,ITI3,11,Marche,Marche,1525271,1185000,77.69,0.37
728,2021-01-24,MAR,881,339,542,5,876,0,ITI,ITI3,11,Marche,Marche,1525271,1185881,77.75,0.06
729,2021-06-30,MAR,13658,6668,6990,4462,8985,211,ITI,ITI3,11,Marche,Marche,1525271,1199539,78.64,0.9
730,2021-05-04,MAR,10967,4838,6129,4926,5899,142,ITI,ITI3,11,Marche,Marche,1525271,1210506,79.36,0.72
731,2021-03-20,MAR,4152,1748,2404,1035,3103,14,ITI,ITI3,11,Marche,Marche,1525271,1214658,79.64,0.27
732,2021-01-22,MAR,489,168,321,193,294,2,ITI,ITI3,11,Marche,Marche,1525271,1215147,79.67,0.03
733,2021-07-07,MAR,14356,7117,7239,2961,11154,241,ITI,ITI3,11,Marche,Marche,1525271,1229503,80.61,0.94
734,2021-01-08,MAR,1582,592,990,1567,0,15,ITI,ITI3,11,Marche,Marche,1525271,1231085,80.71,0.1
735,2021-04-18,MAR,8824,4131,4693,7735,921,168,ITI,ITI3,11,Marche,Marche,1525271,1239909,81.29,0.58
736,2021-01-10,MAR,1745,701,1044,1731,0,14,ITI,ITI3,11,Marche,Marche,1525271,1241654,81.41,0.11
737,2021-04-03,MAR,7572,3204,4368,6737,667,168,ITI,ITI3,11,Marche,Marche,1525271,1249226,81.9,0.5
738,2021-06-25,MAR,14344,7172,7172,6423,7634,287,ITI,ITI3,11,Marche,Marche,1525271,1263570,82.84,0.94
739,2021-06-14,MAR,12833,6485,6348,9256,3308,269,ITI,ITI3,11,Marche,Marche,1525271,1276403,83.68,0.84
740,2021-01-29,MAR,1992,730,1262,161,1826,5,ITI,ITI3,11,Marche,Marche,1525271,1278395,83.81,0.13
741,2021-05-18,MAR,11153,5306,5847,7478,3498,177,ITI,ITI3,11,Marche,Marche,1525271,1289548,84.55,0.73
742,2021-05-11,MAR,10622,4832,5790,5490,4943,189,ITI,ITI3,11,Marche,Marche,1525271,1300170,85.24,0.7
743,2021-03-15,MAR,4424,2039,2385,1291,3112,21,ITI,ITI3,11,Marche,Marche,1525271,1304594,85.53,0.29
744,2021-06-23,MAR,13887,6816,7071,6619,7013,255,ITI,ITI3,11,Marche,Marche,1525271,1318481,86.44,0.91
745,2021-01-17,MAR,1616,693,923,1550,60,6,ITI,ITI3,11,Marche,Marche,1525271,1320097,86.55,0.11
746,2021-06-24,MAR,13828,6671,7157,6186,7371,271,ITI,ITI3,11,Marche,Marche,1525271,1333925,87.45,0.91
747,2021-01-11,MAR,1176,411,765,1158,0,18,ITI,ITI3,11,Marche,Marche,1525271,1335101,87.53,0.08
748,2021-04-21,MAR,10783,4967,5816,9436,1194,153,ITI,ITI3,11,Marche,Marche,1525271,1345884,88.24,0.71
749,2021-01-28,MAR,2086,725,1361,163,1922,1,ITI,ITI3,11,Marche,Marche,1525271,1347970,88.38,0.14
750,2021-04-04,MAR,3824,1792,2032,2606,1169,49,ITI,ITI3,11,Marche,Marche,1525271,1351794,88.63,0.25
751,2021-06-09,MAR,14279,7417,6862,12108,1870,301,ITI,ITI3,11,Marche,Marche,1525271,1366073,89.56,0.94
752,2021-06-07,MAR,13320,6588,6732,10568,2450,302,ITI,ITI3,11,Marche,Marche,1525271,1379393,90.44,0.87
753,2021-02-27,MAR,3401,1457,1944,3158,209,34,ITI,ITI3,11,Marche,Marche,1525271,1382794,90.66,0.22
754,2021-03-18,MAR,3410,1488,1922,150,3248,12,ITI,ITI3,11,Marche,Marche,1525271,1386204,90.88,0.22
755,2021-06-26,MAR,13575,6904,6671,5688,7670,217,ITI,ITI3,11,Marche,Marche,1525271,1399779,91.77,0.89
756,2021-05-23,MAR,9209,4282,4927,7414,1671,124,ITI,ITI3,11,Marche,Marche,1525271,1408988,92.38,0.6
757,2021-05-06,MAR,12655,5822,6833,5362,7071,222,ITI,ITI3,11,Marche,Marche,1525271,1421643,93.21,0.83
758,2021-02-12,MAR,1582,618,964,1404,152,26,ITI,ITI3,11,Marche,Marche,1525271,1423225,93.31,0.1
759,2021-02-10,MAR,1439,452,987,1038,359,42,ITI,ITI3,11,Marche,Marche,1525271,1424664,93.4,0.09
760,2021-06-11,MAR,13992,7152,6840,11368,2321,303,ITI,ITI3,11,Marche,Marche,1525271,1438656,94.32,0.92
761,2021-05-25,MAR,11696,5765,5931,8497,2979,220,ITI,ITI3,11,Marche,Marche,1525271,1450352,95.09,0.77
762,2021-03-01,MAR,3772,1520,2252,3503,248,21,ITI,ITI3,11,Marche,Marche,1525271,1454124,95.34,0.25
763,2021-01-28,TOS,6282,1882,4400,347,5928,7,ITI,ITI1,9,Toscana,Toscana,3729641,6282,0.17,0.17
764,2021-03-19,TOS,10142,4460,5682,7131,2868,143,ITI,ITI1,9,Toscana,Toscana,3729641,16424,0.44,0.27
765,2021-04-07,TOS,35824,15462,20362,28167,7249,408,ITI,ITI1,9,Toscana,Toscana,3729641,52248,1.4,0.96
766,2021-06-12,TOS,29382,15147,14235,24650,4387,345,ITI,ITI1,9,Toscana,Toscana,3729641,81630,2.19,0.79
767,2021-04-16,TOS,28946,12879,16067,21426,6898,622,ITI,ITI1,9,Toscana,Toscana,3729641,110576,2.96,0.78
768,2021-01-16,TOS,3271,1046,2225,3213,0,58,ITI,ITI1,9,Toscana,Toscana,3729641,113847,3.05,0.09
769,2021-04-26,TOS,10143,4933,5210,7458,2553,132,ITI,ITI1,9,Toscana,Toscana,3729641,123990,3.32,0.27
770,2021-01-02,TOS,3497,1096,2401,3453,0,44,ITI,ITI1,9,Toscana,Toscana,3729641,127487,3.42,0.09
771,2021-03-07,TOS,5647,2357,3290,1997,3544,106,ITI,ITI1,9,Toscana,Toscana,3729641,133134,3.57,0.15
772,2021-06-05,TOS,28425,13594,14831,20551,7610,264,ITI,ITI1,9,Toscana,Toscana,3729641,161559,4.33,0.76
773,2021-01-11,TOS,5095,1691,3404,4995,0,100,ITI,ITI1,9,Toscana,Toscana,3729641,166654,4.47,0.14
774,2021-04-21,TOS,29621,12678,16943,16864,12127,630,ITI,ITI1,9,Toscana,Toscana,3729641,196275,5.26,0.79
775,2021-02-23,TOS,7723,3325,4398,7219,161,343,ITI,ITI1,9,Toscana,Toscana,3729641,203998,5.47,0.21
776,2021-06-03,TOS,31999,15412,16587,27129,4548,322,ITI,ITI1,9,Toscana,Toscana,3729641,235997,6.33,0.86
777,2021-07-01,TOS,32013,15483,16530,10717,21030,266,ITI,ITI1,9,Toscana,Toscana,3729641,268010,7.19,0.86
778,2021-03-26,TOS,20679,9393,11286,14716,5765,198,ITI,ITI1,9,Toscana,Toscana,3729641,288689,7.74,0.55
779,2021-03-09,TOS,11130,4568,6562,5504,5552,74,ITI,ITI1,9,Toscana,Toscana,3729641,299819,8.04,0.3
780,2021-04-09,TOS,24596,10580,14016,20744,3409,443,ITI,ITI1,9,Toscana,Toscana,3729641,324415,8.7,0.66
781,2021-06-17,TOS,32494,16635,15859,26649,5514,331,ITI,ITI1,9,Toscana,Toscana,3729641,356909,9.57,0.87
782,2021-02-04,TOS,4253,1594,2659,934,3292,27,ITI,ITI1,9,Toscana,Toscana,3729641,361162,9.68,0.11
783,2021-04-02,TOS,31989,13569,18420,23714,8027,248,ITI,ITI1,9,Toscana,Toscana,3729641,393151,10.54,0.86
784,2021-06-24,TOS,29420,14601,14819,19299,9734,387,ITI,ITI1,9,Toscana,Toscana,3729641,422571,11.33,0.79
785,2021-05-22,TOS,26017,12658,13359,21457,4286,274,ITI,ITI1,9,Toscana,Toscana,3729641,448588,12.03,0.7
786,2021-05-05,TOS,30112,13439,16673,14880,14511,721,ITI,ITI1,9,Toscana,Toscana,3729641,478700,12.84,0.81
787,2021-02-28,TOS,1649,667,982,851,727,71,ITI,ITI1,9,Toscana,Toscana,3729641,480349,12.88,0.04
788,2021-02-11,TOS,5384,2022,3362,5064,242,78,ITI,ITI1,9,Toscana,Toscana,3729641,485733,13.02,0.14
789,2021-02-09,TOS,4488,1468,3020,3763,611,114,ITI,ITI1,9,Toscana,Toscana,3729641,490221,13.14,0.12
790,2021-06-22,TOS,31005,15593,15412,22439,8192,374,ITI,ITI1,9,Toscana,Toscana,3729641,521226,13.98,0.83
791,2021-05-17,TOS,29695,14813,14882,20621,8873,201,ITI,ITI1,9,Toscana,Toscana,3729641,550921,14.77,0.8
792,2021-03-21,TOS,3293,1627,1666,1818,1433,42,ITI,ITI1,9,Toscana,Toscana,3729641,554214,14.86,0.09
793,2021-01-23,TOS,3966,1360,2606,634,3326,6,ITI,ITI1,9,Toscana,Toscana,3729641,558180,14.97,0.11
794,2021-06-29,TOS,36970,17995,18975,7976,28851,143,ITI,ITI1,9,Toscana,Toscana,3729641,595150,15.96,0.99
795,2021-05-03,TOS,11927,5507,6420,10369,1317,241,ITI,ITI1,9,Toscana,Toscana,3729641,607077,16.28,0.32
796,2021-01-21,TOS,1589,686,903,858,722,9,ITI,ITI1,9,Toscana,Toscana,3729641,608666,16.32,0.04
797,2021-06-02,TOS,27570,13606,13964,21835,5507,228,ITI,ITI1,9,Toscana,Toscana,3729641,636236,17.06,0.74
798,2021-04-06,TOS,22225,9823,12402,18095,3717,413,ITI,ITI1,9,Toscana,Toscana,3729641,658461,17.65,0.6
799,2021-02-08,TOS,4097,1360,2737,3527,459,111,ITI,ITI1,9,Toscana,Toscana,3729641,662558,17.76,0.11
800,2021-05-19,TOS,27946,13567,14379,18622,9044,280,ITI,ITI1,9,Toscana,Toscana,3729641,690504,18.51,0.75
801,2021-04-13,TOS,8486,3505,4981,5749,2457,280,ITI,ITI1,9,Toscana,Toscana,3729641,698990,18.74,0.23
802,2021-03-02,TOS,10599,3799,6800,7046,3444,109,ITI,ITI1,9,Toscana,Toscana,3729641,709589,19.03,0.28
803,2021-01-04,TOS,5066,1895,3171,5001,0,65,ITI,ITI1,9,Toscana,Toscana,3729641,714655,19.16,0.14
804,2021-04-14,TOS,20183,8345,11838,14539,5109,535,ITI,ITI1,9,Toscana,Toscana,3729641,734838,19.7,0.54
805,2021-06-14,TOS,31782,16321,15461,27397,4104,281,ITI,ITI1,9,Toscana,Toscana,3729641,766620,20.55,0.85
806,2021-03-04,TOS,17847,6950,10897,14616,3082,149,ITI,ITI1,9,Toscana,Toscana,3729641,784467,21.03,0.48
807,2021-02-16,TOS,9280,3340,5940,8329,721,230,ITI,ITI1,9,Toscana,Toscana,3729641,793747,21.28,0.25
808,2021-05-02,TOS,11167,4931,6236,8968,1964,235,ITI,ITI1,9,Toscana,Toscana,3729641,804914,21.58,0.3
809,2021-02-25,TOS,10633,4306,6327,9471,998,164,ITI,ITI1,9,Toscana,Toscana,3729641,815547,21.87,0.29
810,2021-06-28,TOS,37638,18100,19538,8437,29035,166,ITI,ITI1,9,Toscana,Toscana,3729641,853185,22.88,1.01
811,2021-01-20,TOS,1332,638,694,1021,248,63,ITI,ITI1,9,Toscana,Toscana,3729641,854517,22.91,0.04
812,2021-05-15,TOS,29339,13851,15488,22864,5887,588,ITI,ITI1,9,Toscana,Toscana,3729641,883856,23.7,0.79
813,2021-04-28,TOS,19121,8179,10942,3466,15307,348,ITI,ITI1,9,Toscana,Toscana,3729641,902977,24.21,0.51
814,2021-02-18,TOS,8822,3285,5537,7744,896,182,ITI,ITI1,9,Toscana,Toscana,3729641,911799,24.45,0.24
815,2021-05-29,TOS,31559,15257,16302,23171,8161,227,ITI,ITI1,9,Toscana,Toscana,3729641,943358,25.29,0.85
816,2021-03-23,TOS,9428,4402,5026,6963,2275,190,ITI,ITI1,9,Toscana,Toscana,3729641,952786,25.55,0.25
817,2020-12-30,TOS,327,104,223,326,0,1,ITI,ITI1,9,Toscana,Toscana,3729641,953113,25.56,0.01
818,2021-03-28,TOS,6212,2808,3404,5880,254,78,ITI,ITI1,9,Toscana,Toscana,3729641,959325,25.72,0.17
819,2021-01-30,TOS,4622,1622,3000,179,4425,18,ITI,ITI1,9,Toscana,Toscana,3729641,963947,25.85,0.12
820,2021-07-06,TOS,25745,13018,12727,11042,14485,218,ITI,ITI1,9,Toscana,Toscana,3729641,989692,26.54,0.69
821,2021-05-10,TOS,26191,12386,13805,15328,10619,244,ITI,ITI1,9,Toscana,Toscana,3729641,1015883,27.24,0.7
822,2021-03-14,TOS,7174,2569,4605,3150,3935,89,ITI,ITI1,9,Toscana,Toscana,3729641,1023057,27.43,0.19
823,2021-06-10,TOS,26361,13522,12839,25486,534,341,ITI,ITI1,9,Toscana,Toscana,3729641,1049418,28.14,0.71
824,2021-05-24,TOS,33726,16704,17022,23856,9568,302,ITI,ITI1,9,Toscana,Toscana,3729641,1083144,29.04,0.9
825,2021-01-25,TOS,5127,1895,3232,242,4880,5,ITI,ITI1,9,Toscana,Toscana,3729641,1088271,29.18,0.14
826,2021-04-18,TOS,8359,4091,4268,7060,1029,270,ITI,ITI1,9,Toscana,Toscana,3729641,1096630,29.4,0.22
827,2021-01-09,TOS,4485,1596,2889,4419,0,66,ITI,ITI1,9,Toscana,Toscana,3729641,1101115,29.52,0.12
828,2021-03-18,TOS,9980,3984,5996,5870,3972,138,ITI,ITI1,9,Toscana,Toscana,3729641,1111095,29.79,0.27
829,2021-06-26,TOS,34525,16748,17777,9999,24301,225,ITI,ITI1,9,Toscana,Toscana,3729641,1145620,30.72,0.93
830,2021-06-09,TOS,34749,17518,17231,33908,425,416,ITI,ITI1,9,Toscana,Toscana,3729641,1180369,31.65,0.93
831,2021-05-26,TOS,35591,17102,18489,20123,15200,268,ITI,ITI1,9,Toscana,Toscana,3729641,1215960,32.6,0.95
832,2021-03-30,TOS,17019,7643,9376,13267,3564,188,ITI,ITI1,9,Toscana,Toscana,3729641,1232979,33.06,0.46
833,2021-07-08,TOS,20871,10242,10629,9222,11413,236,ITI,ITI1,9,Toscana,Toscana,3729641,1253850,33.62,0.56
834,2021-06-21,TOS,31154,15455,15699,18135,12765,254,ITI,ITI1,9,Toscana,Toscana,3729641,1285004,34.45,0.84
835,2021-01-06,TOS,4519,1460,3059,4467,0,52,ITI,ITI1,9,Toscana,Toscana,3729641,1289523,34.57,0.12
836,2021-03-11,TOS,15897,6348,9549,12393,3329,175,ITI,ITI1,9,Toscana,Toscana,3729641,1305420,35.0,0.43
837,2021-06-19,TOS,26464,13888,12576,21384,4752,328,ITI,ITI1,9,Toscana,Toscana,3729641,1331884,35.71,0.71
838,2021-02-20,TOS,4640,1789,2851,3995,513,132,ITI,ITI1,9,Toscana,Toscana,3729641,1336524,35.84,0.12
839,2021-05-31,TOS,30282,14606,15676,19218,10823,241,ITI,ITI1,9,Toscana,Toscana,3729641,1366806,36.65,0.81
840,2021-05-14,TOS,33315,15404,17911,20018,12663,634,ITI,ITI1,9,Toscana,Toscana,3729641,1400121,37.54,0.89
841,2021-01-01,TOS,2370,788,1582,2325,0,45,ITI,ITI1,9,Toscana,Toscana,3729641,1402491,37.6,0.06
842,2021-04-11,TOS,3645,1680,1965,3337,155,153,ITI,ITI1,9,Toscana,Toscana,3729641,1406136,37.7,0.1
843,2021-07-03,TOS,29367,14790,14577,11853,17142,372,ITI,ITI1,9,Toscana,Toscana,3729641,1435503,38.49,0.79
844,2021-03-06,TOS,7110,2852,4258,2832,4196,82,ITI,ITI1,9,Toscana,Toscana,3729641,1442613,38.68,0.19
845,2021-05-12,TOS,34200,15574,18626,13581,20032,587,ITI,ITI1,9,Toscana,Toscana,3729641,1476813,39.6,0.92
846,2021-01-18,TOS,1119,636,483,971,98,50,ITI,ITI1,9,Toscana,Toscana,3729641,1477932,39.63,0.03
847,2021-02-01,TOS,5509,1958,3551,511,4988,10,ITI,ITI1,9,Toscana,Toscana,3729641,1483441,39.77,0.15
848,2021-02-06,TOS,4527,1550,2977,1262,3233,32,ITI,ITI1,9,Toscana,Toscana,3729641,1487968,39.9,0.12
849,2021-04-04,TOS,13922,6609,7313,13508,253,161,ITI,ITI1,9,Toscana,Toscana,3729641,1501890,40.27,0.37
850,2021-03-16,TOS,4899,1882,3017,2565,2251,83,ITI,ITI1,9,Toscana,Toscana,3729641,1506789,40.4,0.13
851,2021-02-27,TOS,1984,756,1228,1007,902,75,ITI,ITI1,9,Toscana,Toscana,3729641,1508773,40.45,0.05
852,2021-06-07,TOS,34849,17072,17777,30914,3604,331,ITI,ITI1,9,Toscana,Toscana,3729641,1543622,41.39,0.93
853,2021-05-21,TOS,28893,13459,15434,17201,11419,273,ITI,ITI1,9,Toscana,Toscana,3729641,1572515,42.16,0.77
854,2021-04-30,TOS,40194,17787,22407,19650,19894,650,ITI,ITI1,9,Toscana,Toscana,3729641,1612709,43.24,1.08
855,2021-04-25,TOS,11058,5248,5810,8758,2140,160,ITI,ITI1,9,Toscana,Toscana,3729641,1623767,43.54,0.3
856,2021-01-13,TOS,4062,1398,2664,3998,0,64,ITI,ITI1,9,Toscana,Toscana,3729641,1627829,43.65,0.11
857,2021-04-23,TOS,25644,11414,14230,8837,16305,502,ITI,ITI1,9,Toscana,Toscana,3729641,1653473,44.33,0.69
858,2021-02-03,TOS,4222,1452,2770,237,3981,4,ITI,ITI1,9,Toscana,Toscana,3729641,1657695,44.45,0.11
859,2021-01-15,TOS,3878,1347,2531,3818,0,60,ITI,ITI1,9,Toscana,Toscana,3729641,1661573,44.55,0.1
860,2021-06-18,TOS,30743,16210,14533,24979,5368,396,ITI,ITI1,9,Toscana,Toscana,3729641,1692316,45.37,0.82
861,2021-03-25,TOS,23896,10377,13519,15296,8352,248,ITI,ITI1,9,Toscana,Toscana,3729641,1716212,46.02,0.64
862,2021-04-12,TOS,2612,1183,1429,1791,654,167,ITI,ITI1,9,Toscana,Toscana,3729641,1718824,46.09,0.07
863,2021-05-13,TOS,35041,15452,19589,13200,21201,640,ITI,ITI1,9,Toscana,Toscana,3729641,1753865,47.03,0.94
864,2021-04-29,TOS,39303,17703,21600,18565,20081,657,ITI,ITI1,9,Toscana,Toscana,3729641,1793168,48.08,1.05
865,2021-03-24,TOS,20014,8302,11712,10417,9456,141,ITI,ITI1,9,Toscana,Toscana,3729641,1813182,48.62,0.54
866,2021-02-21,TOS,5105,2089,3016,4730,170,205,ITI,ITI1,9,Toscana,Toscana,3729641,1818287,48.75,0.14
867,2021-06-01,TOS,26911,13366,13545,22852,3814,245,ITI,ITI1,9,Toscana,Toscana,3729641,1845198,49.47,0.72
868,2021-07-02,TOS,28186,14134,14052,10802,17105,279,ITI,ITI1,9,Toscana,Toscana,3729641,1873384,50.23,0.76
869,2021-06-15,TOS,31186,16055,15131,26289,4564,333,ITI,ITI1,9,Toscana,Toscana,3729641,1904570,51.07,0.84
870,2021-03-10,TOS,18373,7408,10965,14252,4018,103,ITI,ITI1,9,Toscana,Toscana,3729641,1922943,51.56,0.49
871,2021-02-02,TOS,3743,1475,2268,189,3547,7,ITI,ITI1,9,Toscana,Toscana,3729641,1926686,51.66,0.1
872,2021-02-05,TOS,5749,2245,3504,1890,3825,34,ITI,ITI1,9,Toscana,Toscana,3729641,1932435,51.81,0.15
873,2021-05-16,TOS,26675,12886,13789,23888,2467,320,ITI,ITI1,9,Toscana,Toscana,3729641,1959110,52.53,0.72
874,2021-05-11,TOS,27950,12983,14967,12115,15467,368,ITI,ITI1,9,Toscana,Toscana,3729641,1987060,53.28,0.75
875,2021-03-13,TOS,9288,3310,5978,5172,3964,152,ITI,ITI1,9,Toscana,Toscana,3729641,1996348,53.53,0.25
876,2020-12-27,TOS,620,267,353,615,0,5,ITI,ITI1,9,Toscana,Toscana,3729641,1996968,53.54,0.02
877,2021-01-03,TOS,3336,1052,2284,3290,0,46,ITI,ITI1,9,Toscana,Toscana,3729641,2000304,53.63,0.09
878,2021-02-15,TOS,8770,3376,5394,7775,826,169,ITI,ITI1,9,Toscana,Toscana,3729641,2009074,53.87,0.24
879,2021-02-22,TOS,9817,4253,5564,9168,277,372,ITI,ITI1,9,Toscana,Toscana,3729641,2018891,54.13,0.26
880,2021-06-11,TOS,29704,15452,14252,24728,4623,353,ITI,ITI1,9,Toscana,Toscana,3729641,2048595,54.93,0.8
881,2021-04-15,TOS,24404,10195,14209,15305,8573,526,ITI,ITI1,9,Toscana,Toscana,3729641,2072999,55.58,0.65
882,2021-02-17,TOS,8176,3170,5006,7305,752,119,ITI,ITI1,9,Toscana,Toscana,3729641,2081175,55.8,0.22
883,2021-05-28,TOS,30083,13917,16166,17412,12444,227,ITI,ITI1,9,Toscana,Toscana,3729641,2111258,56.61,0.81
884,2021-04-22,TOS,35696,15293,20403,17387,17486,823,ITI,ITI1,9,Toscana,Toscana,3729641,2146954,57.56,0.96
885,2021-02-24,TOS,10371,4467,5904,10040,197,134,ITI,ITI1,9,Toscana,Toscana,3729641,2157325,57.84,0.28
886,2021-06-04,TOS,28282,13408,14874,20240,7780,262,ITI,ITI1,9,Toscana,Toscana,3729641,2185607,58.6,0.76
887,2021-04-08,TOS,29683,12557,17126,22937,6386,360,ITI,ITI1,9,Toscana,Toscana,3729641,2215290,59.4,0.8
888,2021-03-03,TOS,18228,6538,11690,14498,3606,124,ITI,ITI1,9,Toscana,Toscana,3729641,2233518,59.89,0.49
889,2021-01-05,TOS,5249,1755,3494,5193,0,56,ITI,ITI1,9,Toscana,Toscana,3729641,2238767,60.03,0.14
890,2021-01-19,TOS,1106,533,573,1064,0,42,ITI,ITI1,9,Toscana,Toscana,3729641,2239873,60.06,0.03
891,2021-01-12,TOS,3581,1398,2183,3508,0,73,ITI,ITI1,9,Toscana,Toscana,3729641,2243454,60.15,0.1
892,2021-04-27,TOS,10354,4916,5438,3667,6487,200,ITI,ITI1,9,Toscana,Toscana,3729641,2253808,60.43,0.28
893,2021-01-17,TOS,2535,870,1665,1986,514,35,ITI,ITI1,9,Toscana,Toscana,3729641,2256343,60.5,0.07
894,2021-07-05,TOS,30449,15034,15415,10340,19881,228,ITI,ITI1,9,Toscana,Toscana,3729641,2286792,61.31,0.82
895,2021-03-08,TOS,6707,2945,3762,1844,4820,43,ITI,ITI1,9,Toscana,Toscana,3729641,2293499,61.49,0.18
896,2021-06-16,TOS,31739,16248,15491,26253,5170,316,ITI,ITI1,9,Toscana,Toscana,3729641,2325238,62.34,0.85
897,2021-05-30,TOS,28673,13944,14729,21486,6945,242,ITI,ITI1,9,Toscana,Toscana,3729641,2353911,63.11,0.77
898,2021-07-04,TOS,31491,15285,16206,9371,21833,287,ITI,ITI1,9,Toscana,Toscana,3729641,2385402,63.96,0.84
899,2021-03-01,TOS,4474,1734,2740,767,3641,66,ITI,ITI1,9,Toscana,Toscana,3729641,2389876,64.08,0.12
900,2021-05-23,TOS,28411,13661,14750,25559,2560,292,ITI,ITI1,9,Toscana,Toscana,3729641,2418287,64.84,0.76
901,2021-03-20,TOS,6586,2977,3609,5363,1136,87,ITI,ITI1,9,Toscana,Toscana,3729641,2424873,65.02,0.18
902,2021-01-22,TOS,2866,1064,1802,525,2338,3,ITI,ITI1,9,Toscana,Toscana,3729641,2427739,65.09,0.08
903,2021-07-07,TOS,25266,12420,12846,9325,15767,174,ITI,ITI1,9,Toscana,Toscana,3729641,2453005,65.77,0.68
904,2021-03-27,TOS,8863,4154,4709,8514,215,134,ITI,ITI1,9,Toscana,Toscana,3729641,2461868,66.01,0.24
905,2021-05-08,TOS,29150,13112,16038,13287,15472,391,ITI,ITI1,9,Toscana,Toscana,3729641,2491018,66.79,0.78
906,2021-03-12,TOS,16976,6614,10362,13267,3528,181,ITI,ITI1,9,Toscana,Toscana,3729641,2507994,67.24,0.46
907,2021-01-14,TOS,3255,1179,2076,3220,0,35,ITI,ITI1,9,Toscana,Toscana,3729641,2511249,67.33,0.09
908,2021-06-20,TOS,25176,12486,12690,15421,9517,238,ITI,ITI1,9,Toscana,Toscana,3729641,2536425,68.01,0.68
909,2021-04-24,TOS,13434,6168,7266,5623,7443,368,ITI,ITI1,9,Toscana,Toscana,3729641,2549859,68.37,0.36
910,2021-06-27,TOS,33296,16073,17223,5924,27244,128,ITI,ITI1,9,Toscana,Toscana,3729641,2583155,69.26,0.89
911,2021-05-01,TOS,23317,10065,13252,13724,9183,410,ITI,ITI1,9,Toscana,Toscana,3729641,2606472,69.89,0.63
912,2021-03-05,TOS,16877,6688,10189,11947,4754,176,ITI,ITI1,9,Toscana,Toscana,3729641,2623349,70.34,0.45
913,2021-06-13,TOS,24608,12347,12261,22597,1663,348,ITI,ITI1,9,Toscana,Toscana,3729641,2647957,71.0,0.66
914,2020-12-31,TOS,802,201,601,798,0,4,ITI,ITI1,9,Toscana,Toscana,3729641,2648759,71.02,0.02
915,2021-04-10,TOS,11722,5349,6373,10746,743,233,ITI,ITI1,9,Toscana,Toscana,3729641,2660481,71.33,0.31
916,2021-02-19,TOS,8292,2952,5340,7602,513,177,ITI,ITI1,9,Toscana,Toscana,3729641,2668773,71.56,0.22
917,2021-01-29,TOS,6144,1700,4444,292,5840,12,ITI,ITI1,9,Toscana,Toscana,3729641,2674917,71.72,0.16
918,2021-05-09,TOS,22533,9768,12765,9418,12861,254,ITI,ITI1,9,Toscana,Toscana,3729641,2697450,72.32,0.6
919,2021-05-20,TOS,29734,13887,15847,18607,10815,312,ITI,ITI1,9,Toscana,Toscana,3729641,2727184,73.12,0.8
920,2021-01-31,TOS,3050,1129,1921,103,2944,3,ITI,ITI1,9,Toscana,Toscana,3729641,2730234,73.2,0.08
921,2021-04-05,TOS,15285,6826,8459,14376,737,172,ITI,ITI1,9,Toscana,Toscana,3729641,2745519,73.61,0.41
922,2021-02-07,TOS,2807,953,1854,867,1920,20,ITI,ITI1,9,Toscana,Toscana,3729641,2748326,73.69,0.08
923,2021-05-18,TOS,28835,14269,14566,19742,8821,272,ITI,ITI1,9,Toscana,Toscana,3729641,2777161,74.46,0.77
924,2021-02-10,TOS,4263,1281,2982,3584,523,156,ITI,ITI1,9,Toscana,Toscana,3729641,2781424,74.58,0.11
925,2021-05-04,TOS,18313,8215,10098,12428,5451,434,ITI,ITI1,9,Toscana,Toscana,3729641,2799737,75.07,0.49
926,2021-02-12,TOS,7618,2694,4924,7296,213,109,ITI,ITI1,9,Toscana,Toscana,3729641,2807355,75.27,0.2
927,2021-01-26,TOS,5393,1792,3601,216,5173,4,ITI,ITI1,9,Toscana,Toscana,3729641,2812748,75.42,0.14
928,2021-05-06,TOS,31329,13620,17709,13481,17168,680,ITI,ITI1,9,Toscana,Toscana,3729641,2844077,76.26,0.84
929,2021-04-19,TOS,9097,4510,4587,7755,1032,310,ITI,ITI1,9,Toscana,Toscana,3729641,2853174,76.5,0.24
930,2021-04-17,TOS,20534,9207,11327,17921,2134,479,ITI,ITI1,9,Toscana,Toscana,3729641,2873708,77.05,0.55
931,2021-01-24,TOS,3349,1073,2276,198,3148,3,ITI,ITI1,9,Toscana,Toscana,3729641,2877057,77.14,0.09
932,2021-06-30,TOS,38235,18498,19737,8451,29571,213,ITI,ITI1,9,Toscana,Toscana,3729641,2915292,78.17,1.03
933,2021-02-14,TOS,9000,2569,6431,8740,110,150,ITI,ITI1,9,Toscana,Toscana,3729641,2924292,78.41,0.24
934,2021-05-25,TOS,34167,16487,17680,19264,14619,284,ITI,ITI1,9,Toscana,Toscana,3729641,2958459,79.32,0.92
935,2021-03-29,TOS,9670,4828,4842,9216,324,130,ITI,ITI1,9,Toscana,Toscana,3729641,2968129,79.58,0.26
936,2021-05-27,TOS,28325,13173,15152,13268,14835,222,ITI,ITI1,9,Toscana,Toscana,3729641,2996454,80.34,0.76
937,2021-03-31,TOS,32708,13252,19456,20219,12163,326,ITI,ITI1,9,Toscana,Toscana,3729641,3029162,81.22,0.88
938,2021-07-09,TOS,28760,13935,14825,7690,20883,187,ITI,ITI1,9,Toscana,Toscana,3729641,3057922,81.99,0.77
939,2021-03-22,TOS,5251,2763,2488,4678,444,129,ITI,ITI1,9,Toscana,Toscana,3729641,3063173,82.13,0.14
940,2021-01-07,TOS,6018,1751,4267,5932,0,86,ITI,ITI1,9,Toscana,Toscana,3729641,3069191,82.29,0.16
941,2021-07-10,TOS,28617,13823,14794,7879,20559,179,ITI,ITI1,9,Toscana,Toscana,3729641,3097808,83.06,0.77
942,2021-05-07,TOS,32128,14694,17434,11572,20148,408,ITI,ITI1,9,Toscana,Toscana,3729641,3129936,83.92,0.86
943,2021-02-13,TOS,7786,2361,5425,7416,227,143,ITI,ITI1,9,Toscana,Toscana,3729641,3137722,84.13,0.21
944,2021-01-08,TOS,5947,1643,4304,5854,0,93,ITI,ITI1,9,Toscana,Toscana,3729641,3143669,84.29,0.16
945,2021-04-01,TOS,27056,11230,15826,16162,10662,232,ITI,ITI1,9,Toscana,Toscana,3729641,3170725,85.01,0.73
946,2021-03-15,TOS,8698,3645,5053,4084,4443,171,ITI,ITI1,9,Toscana,Toscana,3729641,3179423,85.25,0.23
947,2021-06-23,TOS,31508,15272,16236,19786,11371,351,ITI,ITI1,9,Toscana,Toscana,3729641,3210931,86.09,0.84
948,2021-01-10,TOS,3002,1105,1897,2948,0,54,ITI,ITI1,9,Toscana,Toscana,3729641,3213933,86.17,0.08
949,2021-04-20,TOS,18161,8110,10051,12229,5575,357,ITI,ITI1,9,Toscana,Toscana,3729641,3232094,86.66,0.49
950,2021-04-03,TOS,15013,6646,8367,13674,1126,213,ITI,ITI1,9,Toscana,Toscana,3729641,3247107,87.06,0.4
951,2021-01-27,TOS,4835,1573,3262,201,4629,5,ITI,ITI1,9,Toscana,Toscana,3729641,3251942,87.19,0.13
952,2021-03-17,TOS,11421,4587,6834,6799,4529,93,ITI,ITI1,9,Toscana,Toscana,3729641,3263363,87.5,0.31
953,2021-06-25,TOS,33568,16770,16798,12112,21181,275,ITI,ITI1,9,Toscana,Toscana,3729641,3296931,88.4,0.9
954,2021-06-08,TOS,32522,16661,15861,31724,442,356,ITI,ITI1,9,Toscana,Toscana,3729641,3329453,89.27,0.87
955,2021-02-26,TOS,10080,3834,6246,8659,1206,215,ITI,ITI1,9,Toscana,Toscana,3729641,3339533,89.54,0.27
956,2021-06-06,TOS,28297,13649,14648,22577,5361,359,ITI,ITI1,9,Toscana,Toscana,3729641,3367830,90.3,0.76
957,2021-05-01,MOL,2647,1268,1379,405,2223,19,ITF,ITF2,14,Molise,Molise,305617,2647,0.87,0.87
958,2021-03-05,MOL,1219,649,570,1003,204,12,ITF,ITF2,14,Molise,Molise,305617,3866,1.26,0.4
959,2021-06-13,MOL,2785,1485,1300,2427,325,33,ITF,ITF2,14,Molise,Molise,305617,6651,2.18,0.91
960,2021-04-17,MOL,3054,1501,1553,1543,1486,25,ITF,ITF2,14,Molise,Molise,305617,9705,3.18,1.0
961,2021-06-20,MOL,422,174,248,47,371,4,ITF,ITF2,14,Molise,Molise,305617,10127,3.31,0.14
962,2021-04-24,MOL,2551,1202,1349,695,1841,15,ITF,ITF2,14,Molise,Molise,305617,12678,4.15,0.83
963,2021-02-26,MOL,563,260,303,489,73,1,ITF,ITF2,14,Molise,Molise,305617,13241,4.33,0.18
964,2021-06-06,MOL,2060,1059,1001,1720,323,17,ITF,ITF2,14,Molise,Molise,305617,15301,5.01,0.67
965,2021-02-07,MOL,66,32,34,19,47,0,ITF,ITF2,14,Molise,Molise,305617,15367,5.03,0.02
966,2021-05-18,MOL,1645,877,768,984,655,6,ITF,ITF2,14,Molise,Molise,305617,17012,5.57,0.54
967,2021-03-22,MOL,1149,441,708,889,244,16,ITF,ITF2,14,Molise,Molise,305617,18161,5.94,0.38
968,2021-05-20,MOL,2661,1371,1290,2397,186,78,ITF,ITF2,14,Molise,Molise,305617,20822,6.81,0.87
969,2021-01-26,MOL,450,184,266,8,442,0,ITF,ITF2,14,Molise,Molise,305617,21272,6.96,0.15
970,2021-05-06,MOL,2679,1214,1465,2042,598,39,ITF,ITF2,14,Molise,Molise,305617,23951,7.84,0.88
971,2021-04-05,MOL,391,189,202,292,99,0,ITF,ITF2,14,Molise,Molise,305617,24342,7.96,0.13
972,2021-03-29,MOL,2033,835,1198,1518,486,29,ITF,ITF2,14,Molise,Molise,305617,26375,8.63,0.67
973,2021-01-31,MOL,268,70,198,6,262,0,ITF,ITF2,14,Molise,Molise,305617,26643,8.72,0.09
974,2021-07-09,MOL,3036,1461,1575,163,2857,16,ITF,ITF2,14,Molise,Molise,305617,29679,9.71,0.99
975,2021-06-27,MOL,2363,1119,1244,1128,1225,10,ITF,ITF2,14,Molise,Molise,305617,32042,10.48,0.77
976,2021-01-07,MOL,598,209,389,598,0,0,ITF,ITF2,14,Molise,Molise,305617,32640,10.68,0.2
977,2021-02-12,MOL,332,150,182,207,124,1,ITF,ITF2,14,Molise,Molise,305617,32972,10.79,0.11
978,2021-02-19,MOL,169,93,76,167,2,0,ITF,ITF2,14,Molise,Molise,305617,33141,10.84,0.06
979,2021-03-10,MOL,1737,720,1017,1667,50,20,ITF,ITF2,14,Molise,Molise,305617,34878,11.41,0.57
980,2021-06-01,MOL,2598,1322,1276,2454,108,36,ITF,ITF2,14,Molise,Molise,305617,37476,12.26,0.85
981,2021-03-24,MOL,1631,658,973,1212,402,17,ITF,ITF2,14,Molise,Molise,305617,39107,12.8,0.53
982,2021-07-02,MOL,2626,1274,1352,120,2498,8,ITF,ITF2,14,Molise,Molise,305617,41733,13.66,0.86
983,2021-07-04,MOL,2111,1057,1054,573,1515,23,ITF,ITF2,14,Molise,Molise,305617,43844,14.35,0.69
984,2021-01-17,MOL,78,38,40,48,30,0,ITF,ITF2,14,Molise,Molise,305617,43922,14.37,0.03
985,2021-01-12,MOL,336,114,222,336,0,0,ITF,ITF2,14,Molise,Molise,305617,44258,14.48,0.11
986,2021-02-24,MOL,666,278,388,325,333,8,ITF,ITF2,14,Molise,Molise,305617,44924,14.7,0.22
987,2021-03-19,MOL,1184,482,702,740,427,17,ITF,ITF2,14,Molise,Molise,305617,46108,15.09,0.39
988,2021-01-21,MOL,6,2,4,6,0,0,ITF,ITF2,14,Molise,Molise,305617,46114,15.09,0.0
989,2021-05-25,MOL,1963,887,1076,1297,630,36,ITF,ITF2,14,Molise,Molise,305617,48077,15.73,0.64
990,2021-01-04,MOL,314,131,183,314,0,0,ITF,ITF2,14,Molise,Molise,305617,48391,15.83,0.1
991,2021-04-14,MOL,1806,767,1039,1135,661,10,ITF,ITF2,14,Molise,Molise,305617,50197,16.42,0.59
992,2021-02-16,MOL,156,70,86,149,6,1,ITF,ITF2,14,Molise,Molise,305617,50353,16.48,0.05
993,2021-05-27,MOL,2835,1348,1487,1962,836,37,ITF,ITF2,14,Molise,Molise,305617,53188,17.4,0.93
994,2021-03-31,MOL,2193,919,1274,1307,819,67,ITF,ITF2,14,Molise,Molise,305617,55381,18.12,0.72
995,2021-03-17,MOL,908,385,523,518,332,58,ITF,ITF2,14,Molise,Molise,305617,56289,18.42,0.3
996,2021-06-25,MOL,3431,1688,1743,1464,1915,52,ITF,ITF2,14,Molise,Molise,305617,59720,19.54,1.12
997,2021-06-08,MOL,2886,1593,1293,2187,696,3,ITF,ITF2,14,Molise,Molise,305617,62606,20.49,0.94
998,2021-01-09,MOL,450,152,298,450,0,0,ITF,ITF2,14,Molise,Molise,305617,63056,20.63,0.15
999,2021-03-15,MOL,832,338,494,570,245,17,ITF,ITF2,14,Molise,Molise,305617,63888,20.9,0.27
1000,2021-06-24,MOL,3308,1542,1766,432,2840,36,ITF,ITF2,14,Molise,Molise,305617,67196,21.99,1.08
1001,2021-03-02,MOL,667,383,284,504,158,5,ITF,ITF2,14,Molise,Molise,305617,67863,22.21,0.22
1002,2021-06-10,MOL,2571,1182,1389,1233,1301,37,ITF,ITF2,14,Molise,Molise,305617,70434,23.05,0.84
1003,2021-03-03,MOL,672,316,356,586,82,4,ITF,ITF2,14,Molise,Molise,305617,71106,23.27,0.22
1004,2021-01-05,MOL,449,180,269,449,0,0,ITF,ITF2,14,Molise,Molise,305617,71555,23.41,0.15
1005,2021-04-10,MOL,2640,1261,1379,2453,152,35,ITF,ITF2,14,Molise,Molise,305617,74195,24.28,0.86
1006,2021-02-05,MOL,593,269,324,55,538,0,ITF,ITF2,14,Molise,Molise,305617,74788,24.47,0.19
1007,2021-01-19,MOL,173,63,110,162,11,0,ITF,ITF2,14,Molise,Molise,305617,74961,24.53,0.06
1008,2021-04-29,MOL,2239,1146,1093,877,1348,14,ITF,ITF2,14,Molise,Molise,305617,77200,25.26,0.73
1009,2021-04-12,MOL,1299,557,742,1037,251,11,ITF,ITF2,14,Molise,Molise,305617,78499,25.69,0.43
1010,2021-05-13,MOL,3039,1410,1629,2528,457,54,ITF,ITF2,14,Molise,Molise,305617,81538,26.68,0.99
1011,2021-04-28,MOL,1693,923,770,469,1217,7,ITF,ITF2,14,Molise,Molise,305617,83231,27.23,0.55
1012,2021-02-21,MOL,574,227,347,572,2,0,ITF,ITF2,14,Molise,Molise,305617,83805,27.42,0.19
1013,2021-01-28,MOL,613,217,396,17,596,0,ITF,ITF2,14,Molise,Molise,305617,84418,27.62,0.2
1014,2021-03-12,MOL,1459,637,822,1404,36,19,ITF,ITF2,14,Molise,Molise,305617,85877,28.1,0.48
1015,2021-01-14,MOL,646,239,407,646,0,0,ITF,ITF2,14,Molise,Molise,305617,86523,28.31,0.21
1016,2021-05-29,MOL,2351,1223,1128,1918,390,43,ITF,ITF2,14,Molise,Molise,305617,88874,29.08,0.77
1017,2021-02-09,MOL,359,170,189,197,162,0,ITF,ITF2,14,Molise,Molise,305617,89233,29.2,0.12
1018,2021-04-19,MOL,1827,842,985,987,778,62,ITF,ITF2,14,Molise,Molise,305617,91060,29.8,0.6
1019,2021-02-28,MOL,832,334,498,788,42,2,ITF,ITF2,14,Molise,Molise,305617,91892,30.07,0.27
1020,2021-02-27,MOL,1366,568,798,1342,19,5,ITF,ITF2,14,Molise,Molise,305617,93258,30.51,0.45
1021,2021-06-07,MOL,1953,859,1094,1113,819,21,ITF,ITF2,14,Molise,Molise,305617,95211,31.15,0.64
1022,2021-04-02,MOL,1456,710,746,663,778,15,ITF,ITF2,14,Molise,Molise,305617,96667,31.63,0.48
1023,2021-05-08,MOL,2976,1455,1521,1698,1244,34,ITF,ITF2,14,Molise,Molise,305617,99643,32.6,0.97
1024,2021-04-21,MOL,1869,791,1078,968,895,6,ITF,ITF2,14,Molise,Molise,305617,101512,33.22,0.61
1025,2021-02-11,MOL,294,133,161,257,37,0,ITF,ITF2,14,Molise,Molise,305617,101806,33.31,0.1
1026,2021-07-06,MOL,1697,806,891,17,1677,3,ITF,ITF2,14,Molise,Molise,305617,103503,33.87,0.56
1027,2021-05-10,MOL,2890,1285,1605,2489,373,28,ITF,ITF2,14,Molise,Molise,305617,106393,34.81,0.95
1028,2021-06-29,MOL,2459,1147,1312,376,2057,26,ITF,ITF2,14,Molise,Molise,305617,108852,35.62,0.8
1029,2021-05-03,MOL,2486,1166,1320,2290,163,33,ITF,ITF2,14,Molise,Molise,305617,111338,36.43,0.81
1030,2021-05-17,MOL,2228,1092,1136,1705,496,27,ITF,ITF2,14,Molise,Molise,305617,113566,37.16,0.73
1031,2021-03-21,MOL,1246,542,704,477,767,2,ITF,ITF2,14,Molise,Molise,305617,114812,37.57,0.41
1032,2021-03-14,MOL,596,240,356,17,579,0,ITF,ITF2,14,Molise,Molise,305617,115408,37.76,0.2
1033,2021-06-22,MOL,2960,1368,1592,669,2274,17,ITF,ITF2,14,Molise,Molise,305617,118368,38.73,0.97
1034,2021-02-04,MOL,758,295,463,77,681,0,ITF,ITF2,14,Molise,Molise,305617,119126,38.98,0.25
1035,2021-05-15,MOL,2980,1398,1582,2545,384,51,ITF,ITF2,14,Molise,Molise,305617,122106,39.95,0.98
1036,2021-02-02,MOL,539,176,363,215,323,1,ITF,ITF2,14,Molise,Molise,305617,122645,40.13,0.18
1037,2021-01-16,MOL,422,166,256,422,0,0,ITF,ITF2,14,Molise,Molise,305617,123067,40.27,0.14
1038,2021-04-26,MOL,1157,521,636,809,331,17,ITF,ITF2,14,Molise,Molise,305617,124224,40.65,0.38
1039,2021-04-09,MOL,2324,1251,1073,2105,191,28,ITF,ITF2,14,Molise,Molise,305617,126548,41.41,0.76
1040,2021-01-18,MOL,114,48,66,114,0,0,ITF,ITF2,14,Molise,Molise,305617,126662,41.44,0.04
1041,2021-02-23,MOL,582,223,359,361,219,2,ITF,ITF2,14,Molise,Molise,305617,127244,41.64,0.19
1042,2021-06-03,MOL,3291,1566,1725,2704,554,33,ITF,ITF2,14,Molise,Molise,305617,130535,42.71,1.08
1043,2021-04-07,MOL,1688,847,841,1368,275,45,ITF,ITF2,14,Molise,Molise,305617,132223,43.26,0.55
1044,2021-06-05,MOL,2966,1505,1461,2784,155,27,ITF,ITF2,14,Molise,Molise,305617,135189,44.23,0.97
1045,2021-02-13,MOL,132,80,52,132,0,0,ITF,ITF2,14,Molise,Molise,305617,135321,44.28,0.04
1046,2021-05-24,MOL,1964,853,1111,1271,666,27,ITF,ITF2,14,Molise,Molise,305617,137285,44.92,0.64
1047,2021-05-07,MOL,2643,1228,1415,2021,597,25,ITF,ITF2,14,Molise,Molise,305617,139928,45.79,0.86
1048,2021-04-18,MOL,1083,483,600,144,934,5,ITF,ITF2,14,Molise,Molise,305617,141011,46.14,0.35
1049,2021-07-10,MOL,3690,1767,1923,319,3357,14,ITF,ITF2,14,Molise,Molise,305617,144701,47.35,1.21
1050,2021-04-04,MOL,253,141,112,233,15,5,ITF,ITF2,14,Molise,Molise,305617,144954,47.43,0.08
1051,2021-03-18,MOL,1156,476,680,633,464,59,ITF,ITF2,14,Molise,Molise,305617,146110,47.81,0.38
1052,2021-06-26,MOL,3119,1529,1590,523,2581,15,ITF,ITF2,14,Molise,Molise,305617,149229,48.83,1.02
1053,2021-02-10,MOL,151,79,72,131,20,0,ITF,ITF2,14,Molise,Molise,305617,149380,48.88,0.05
1054,2021-05-21,MOL,2100,1053,1047,1699,322,79,ITF,ITF2,14,Molise,Molise,305617,151480,49.57,0.69
1055,2021-01-27,MOL,674,251,423,8,666,0,ITF,ITF2,14,Molise,Molise,305617,152154,49.79,0.22
1056,2021-01-08,MOL,429,141,288,429,0,0,ITF,ITF2,14,Molise,Molise,305617,152583,49.93,0.14
1057,2021-04-01,MOL,1469,667,802,729,726,14,ITF,ITF2,14,Molise,Molise,305617,154052,50.41,0.48
1058,2021-03-11,MOL,1465,637,828,1446,6,13,ITF,ITF2,14,Molise,Molise,305617,155517,50.89,0.48
1059,2021-01-06,MOL,689,260,429,689,0,0,ITF,ITF2,14,Molise,Molise,305617,156206,51.11,0.23
1060,2021-04-16,MOL,2431,1033,1398,1177,1233,21,ITF,ITF2,14,Molise,Molise,305617,158637,51.91,0.8
1061,2021-06-21,MOL,2901,1350,1551,1623,1232,46,ITF,ITF2,14,Molise,Molise,305617,161538,52.86,0.95
1062,2021-04-25,MOL,792,395,397,555,233,4,ITF,ITF2,14,Molise,Molise,305617,162330,53.12,0.26
1063,2021-05-26,MOL,1549,698,851,769,754,26,ITF,ITF2,14,Molise,Molise,305617,163879,53.62,0.51
1064,2021-03-30,MOL,2003,857,1146,1472,512,19,ITF,ITF2,14,Molise,Molise,305617,165882,54.28,0.66
1065,2021-02-01,MOL,562,201,361,14,548,0,ITF,ITF2,14,Molise,Molise,305617,166444,54.46,0.18
1066,2021-07-08,MOL,3290,1584,1706,107,3160,23,ITF,ITF2,14,Molise,Molise,305617,169734,55.54,1.08
1067,2021-05-12,MOL,2852,1294,1558,2691,96,65,ITF,ITF2,14,Molise,Molise,305617,172586,56.47,0.93
1068,2021-04-06,MOL,1494,701,793,1131,343,20,ITF,ITF2,14,Molise,Molise,305617,174080,56.96,0.49
1069,2021-02-08,MOL,334,141,193,216,118,0,ITF,ITF2,14,Molise,Molise,305617,174414,57.07,0.11
1070,2021-05-19,MOL,2342,1205,1137,1880,425,37,ITF,ITF2,14,Molise,Molise,305617,176756,57.84,0.77
1071,2021-03-28,MOL,1626,747,879,517,1102,7,ITF,ITF2,14,Molise,Molise,305617,178382,58.37,0.53
1072,2021-01-30,MOL,461,158,303,12,449,0,ITF,ITF2,14,Molise,Molise,305617,178843,58.52,0.15
1073,2021-02-06,MOL,430,179,251,29,401,0,ITF,ITF2,14,Molise,Molise,305617,179273,58.66,0.14
1074,2021-06-04,MOL,3037,1490,1547,2566,442,29,ITF,ITF2,14,Molise,Molise,305617,182310,59.65,0.99
1075,2021-04-08,MOL,1767,904,863,1540,202,25,ITF,ITF2,14,Molise,Molise,305617,184077,60.23,0.58
1076,2021-04-22,MOL,1846,864,982,1057,779,10,ITF,ITF2,14,Molise,Molise,305617,185923,60.84,0.6
1077,2021-02-17,MOL,72,32,40,50,15,7,ITF,ITF2,14,Molise,Molise,305617,185995,60.86,0.02
1078,2021-05-28,MOL,2649,1364,1285,2037,547,65,ITF,ITF2,14,Molise,Molise,305617,188644,61.73,0.87
1079,2021-06-11,MOL,3444,1655,1789,1972,1429,43,ITF,ITF2,14,Molise,Molise,305617,192088,62.85,1.13
1080,2021-04-15,MOL,1926,794,1132,1074,845,7,ITF,ITF2,14,Molise,Molise,305617,194014,63.48,0.63
1081,2021-05-22,MOL,1316,712,604,1225,84,7,ITF,ITF2,14,Molise,Molise,305617,195330,63.91,0.43
1082,2021-03-16,MOL,614,230,384,265,347,2,ITF,ITF2,14,Molise,Molise,305617,195944,64.11,0.2
1083,2021-01-11,MOL,557,194,363,557,0,0,ITF,ITF2,14,Molise,Molise,305617,196501,64.3,0.18
1084,2021-01-25,MOL,319,130,189,3,316,0,ITF,ITF2,14,Molise,Molise,305617,196820,64.4,0.1
1085,2021-05-05,MOL,2415,1042,1373,2250,141,24,ITF,ITF2,14,Molise,Molise,305617,199235,65.19,0.79
1086,2021-04-11,MOL,1196,591,605,1168,14,14,ITF,ITF2,14,Molise,Molise,305617,200431,65.58,0.39
1087,2021-07-03,MOL,2736,1376,1360,565,2151,20,ITF,ITF2,14,Molise,Molise,305617,203167,66.48,0.9
1088,2021-03-04,MOL,850,417,433,514,324,12,ITF,ITF2,14,Molise,Molise,305617,204017,66.76,0.28
1089,2021-06-12,MOL,3407,1751,1656,3242,114,51,ITF,ITF2,14,Molise,Molise,305617,207424,67.87,1.11
1090,2021-06-14,MOL,1627,810,817,535,1075,17,ITF,ITF2,14,Molise,Molise,305617,209051,68.4,0.53
1091,2021-03-23,MOL,1642,694,948,1411,207,24,ITF,ITF2,14,Molise,Molise,305617,210693,68.94,0.54
1092,2021-07-01,MOL,2659,1293,1366,269,2375,15,ITF,ITF2,14,Molise,Molise,305617,213352,69.81,0.87
1093,2021-02-15,MOL,144,70,74,141,3,0,ITF,ITF2,14,Molise,Molise,305617,213496,69.86,0.05
1094,2021-02-22,MOL,265,129,136,248,15,2,ITF,ITF2,14,Molise,Molise,305617,213761,69.94,0.09
1095,2020-12-27,MOL,50,20,30,50,0,0,ITF,ITF2,14,Molise,Molise,305617,213811,69.96,0.02
1096,2021-05-04,MOL,2705,1181,1524,2541,128,36,ITF,ITF2,14,Molise,Molise,305617,216516,70.85,0.89
1097,2021-01-10,MOL,270,72,198,270,0,0,ITF,ITF2,14,Molise,Molise,305617,216786,70.93,0.09
1098,2021-04-20,MOL,2320,1027,1293,1212,1099,9,ITF,ITF2,14,Molise,Molise,305617,219106,71.69,0.76
1099,2021-06-09,MOL,1023,565,458,507,500,16,ITF,ITF2,14,Molise,Molise,305617,220129,72.03,0.33
1100,2021-05-23,MOL,1703,866,837,1689,6,8,ITF,ITF2,14,Molise,Molise,305617,221832,72.58,0.56
1101,2021-03-01,MOL,662,274,388,430,215,17,ITF,ITF2,14,Molise,Molise,305617,222494,72.8,0.22
1102,2021-04-03,MOL,1773,851,922,1716,35,22,ITF,ITF2,14,Molise,Molise,305617,224267,73.38,0.58
1103,2021-01-13,MOL,474,160,314,474,0,0,ITF,ITF2,14,Molise,Molise,305617,224741,73.54,0.16
1104,2021-06-19,MOL,2327,1156,1171,1275,1010,42,ITF,ITF2,14,Molise,Molise,305617,227068,74.3,0.76
1105,2021-04-23,MOL,2050,882,1168,1374,659,17,ITF,ITF2,14,Molise,Molise,305617,229118,74.97,0.67
1106,2021-06-30,MOL,2925,1391,1534,873,1971,81,ITF,ITF2,14,Molise,Molise,305617,232043,75.93,0.96
1107,2021-03-13,MOL,1189,594,595,183,989,17,ITF,ITF2,14,Molise,Molise,305617,233232,76.32,0.39
1108,2021-01-15,MOL,538,242,296,538,0,0,ITF,ITF2,14,Molise,Molise,305617,233770,76.49,0.18
1109,2021-06-23,MOL,2787,1284,1503,220,2557,10,ITF,ITF2,14,Molise,Molise,305617,236557,77.4,0.91
1110,2021-03-20,MOL,2321,968,1353,992,1321,8,ITF,ITF2,14,Molise,Molise,305617,238878,78.16,0.76
1111,2021-06-28,MOL,2888,1347,1541,996,1870,22,ITF,ITF2,14,Molise,Molise,305617,241766,79.11,0.94
1112,2021-03-25,MOL,1806,730,1076,1284,497,25,ITF,ITF2,14,Molise,Molise,305617,243572,79.7,0.59
1113,2021-03-08,MOL,1379,522,857,1202,140,37,ITF,ITF2,14,Molise,Molise,305617,244951,80.15,0.45
1114,2021-06-16,MOL,2002,1013,989,1133,855,14,ITF,ITF2,14,Molise,Molise,305617,246953,80.8,0.66
1115,2021-04-13,MOL,1632,718,914,1037,587,8,ITF,ITF2,14,Molise,Molise,305617,248585,81.34,0.53
1116,2021-03-27,MOL,2743,1273,1470,1295,1433,15,ITF,ITF2,14,Molise,Molise,305617,251328,82.24,0.9
1117,2021-07-05,MOL,2728,1277,1451,39,2687,2,ITF,ITF2,14,Molise,Molise,305617,254056,83.13,0.89
1118,2021-06-18,MOL,2767,1248,1519,1283,1458,26,ITF,ITF2,14,Molise,Molise,305617,256823,84.03,0.91
1119,2021-05-30,MOL,1862,928,934,1549,285,28,ITF,ITF2,14,Molise,Molise,305617,258685,84.64,0.61
1120,2021-01-20,MOL,18,8,10,18,0,0,ITF,ITF2,14,Molise,Molise,305617,258703,84.65,0.01
1121,2021-04-30,MOL,2938,1557,1381,818,2108,12,ITF,ITF2,14,Molise,Molise,305617,261641,85.61,0.96
1122,2021-02-25,MOL,541,239,302,470,68,3,ITF,ITF2,14,Molise,Molise,305617,262182,85.79,0.18
1123,2021-01-29,MOL,421,136,285,6,415,0,ITF,ITF2,14,Molise,Molise,305617,262603,85.93,0.14
1124,2021-05-09,MOL,2052,933,1119,1923,96,33,ITF,ITF2,14,Molise,Molise,305617,264655,86.6,0.67
1125,2021-07-07,MOL,2956,1368,1588,56,2896,4,ITF,ITF2,14,Molise,Molise,305617,267611,87.56,0.97
1126,2021-05-11,MOL,3207,1414,1793,2909,250,48,ITF,ITF2,14,Molise,Molise,305617,270818,88.61,1.05
1127,2021-01-22,MOL,128,36,92,128,0,0,ITF,ITF2,14,Molise,Molise,305617,270946,88.66,0.04
1128,2021-05-02,MOL,1894,932,962,577,1306,11,ITF,ITF2,14,Molise,Molise,305617,272840,89.28,0.62
1129,2021-03-06,MOL,1728,807,921,1559,159,10,ITF,ITF2,14,Molise,Molise,305617,274568,89.84,0.57
1130,2021-03-07,MOL,1132,501,631,1127,2,3,ITF,ITF2,14,Molise,Molise,305617,275700,90.21,0.37
1131,2021-06-15,MOL,2215,1042,1173,748,1451,16,ITF,ITF2,14,Molise,Molise,305617,277915,90.94,0.72
1132,2021-06-17,MOL,2307,1017,1290,911,1369,27,ITF,ITF2,14,Molise,Molise,305617,280222,91.69,0.75
1133,2021-03-26,MOL,2575,1045,1530,1889,642,44,ITF,ITF2,14,Molise,Molise,305617,282797,92.53,0.84
1134,2021-02-18,MOL,319,74,245,302,13,4,ITF,ITF2,14,Molise,Molise,305617,283116,92.64,0.1
1135,2021-03-09,MOL,1329,579,750,1149,152,28,ITF,ITF2,14,Molise,Molise,305617,284445,93.07,0.43
1136,2021-02-20,MOL,1018,441,577,998,20,0,ITF,ITF2,14,Molise,Molise,305617,285463,93.41,0.33
1137,2021-05-31,MOL,2356,1144,1212,1893,418,45,ITF,ITF2,14,Molise,Molise,305617,287819,94.18,0.77
1138,2021-05-14,MOL,2644,1215,1429,1890,718,36,ITF,ITF2,14,Molise,Molise,305617,290463,95.04,0.87
1139,2021-06-02,MOL,2806,1355,1451,2687,99,20,ITF,ITF2,14,Molise,Molise,305617,293269,95.96,0.92
1140,2021-02-03,MOL,731,249,482,338,393,0,ITF,ITF2,14,Molise,Molise,305617,294000,96.2,0.24
1141,2021-04-27,MOL,1594,768,826,443,1129,22,ITF,ITF2,14,Molise,Molise,305617,295594,96.72,0.52
1142,2021-05-16,MOL,1248,572,676,1046,182,20,ITF,ITF2,14,Molise,Molise,305617,296842,97.13,0.41
1143,2021-05-31,PAT,4722,2174,2548,1675,3045,2,ITH,ITH2,4,Provincia Autonoma Trento,P.A. Trento,541380,4722,0.87,0.87
1144,2021-03-09,PAT,1585,591,994,936,646,3,ITH,ITH2,4,Provincia Autonoma Trento,P.A. Trento,541380,6307,1.16,0.29
1145,2021-06-17,PAT,6599,3461,3138,2120,4477,2,ITH,ITH2,4,Provincia Autonoma Trento,P.A. Trento,541380,12906,2.38,1.22
1146,2021-03-14,PAT,108,65,43,21,87,0,ITH,ITH2,4,Provincia Autonoma Trento,P.A. Trento,541380,13014,2.4,0.02
1147,2021-03-26,PAT,3231,1257,1974,2613,610,8,ITH,ITH2,4,Provincia Autonoma Trento,P.A. Trento,541380,16245,3.0,0.6
1148,2021-06-19,PAT,3098,1696,1402,256,2842,0,ITH,ITH2,4,Provincia Autonoma Trento,P.A. Trento,541380,19343,3.57,0.57
1149,2021-01-23,PAT,577,334,243,388,189,0,ITH,ITH2,4,Provincia Autonoma Trento,P.A. Trento,541380,19920,3.68,0.11
1150,2021-05-03,PAT,4260,2197,2063,4096,154,10,ITH,ITH2,4,Provincia Autonoma Trento,P.A. Trento,541380,24180,4.47,0.79
1151,2021-07-01,PAT,6918,3599,3319,3459,3320,139,ITH,ITH2,4,Provincia Autonoma Trento,P.A. Trento,541380,31098,5.74,1.28
1152,2021-05-05,PAT,4989,2580,2409,4674,297,18,ITH,ITH2,4,Provincia Autonoma Trento,P.A. Trento,541380,36087,6.67,0.92
1153,2021-01-16,PAT,319,148,171,319,0,0,ITH,ITH2,4,Provincia Autonoma Trento,P.A. Trento,541380,36406,6.72,0.06
1154,2021-02-06,PAT,575,299,276,434,141,0,ITH,ITH2,4,Provincia Autonoma Trento,P.A. Trento,541380,36981,6.83,0.11
1155,2021-02-23,PAT,1112,395,717,898,213,1,ITH,ITH2,4,Provincia Autonoma Trento,P.A. Trento,541380,38093,7.04,0.21
1156,2021-05-17,PAT,4294,2122,2172,3932,351,11,ITH,ITH2,4,Provincia Autonoma Trento,P.A. Trento,541380,42387,7.83,0.79
1157,2021-04-14,PAT,3119,1465,1654,2375,737,7,ITH,ITH2,4,Provincia Autonoma Trento,P.A. Trento,541380,45506,8.41,0.58
1158,2021-03-28,PAT,753,294,459,749,2,2,ITH,ITH2,4,Provincia Autonoma Trento,P.A. Trento,541380,46259,8.54,0.14
1159,2021-06-29,PAT,6218,3132,3086,2716,3502,0,ITH,ITH2,4,Provincia Autonoma Trento,P.A. Trento,541380,52477,9.69,1.15
1160,2021-06-12,PAT,5359,2688,2671,472,4887,0,ITH,ITH2,4,Provincia Autonoma Trento,P.A. Trento,541380,57836,10.68,0.99
1161,2021-03-21,PAT,129,69,60,129,0,0,ITH,ITH2,4,Provincia Autonoma Trento,P.A. Trento,541380,57965,10.71,0.02
1162,2021-05-24,PAT,4385,2014,2371,1361,3023,1,ITH,ITH2,4,Provincia Autonoma Trento,P.A. Trento,541380,62350,11.52,0.81
1163,2021-03-02,PAT,1307,440,867,929,376,2,ITH,ITH2,4,Provincia Autonoma Trento,P.A. Trento,541380,63657,11.76,0.24
1164,2021-06-10,PAT,6127,2978,3149,1915,4211,1,ITH,ITH2,4,Provincia Autonoma Trento,P.A. Trento,541380,69784,12.89,1.13
1165,2021-04-21,PAT,2910,1359,1551,2855,50,5,ITH,ITH2,4,Provincia Autonoma Trento,P.A. Trento,541380,72694,13.43,0.54
1166,2021-01-28,PAT,530,147,383,48,482,0,ITH,ITH2,4,Provincia Autonoma Trento,P.A. Trento,541380,73224,13.53,0.1
1167,2021-01-11,PAT,732,223,509,732,0,0,ITH,ITH2,4,Provincia Autonoma Trento,P.A. Trento,541380,73956,13.66,0.14
1168,2021-02-16,PAT,666,246,420,658,5,3,ITH,ITH2,4,Provincia Autonoma Trento,P.A. Trento,541380,74622,13.78,0.12
1169,2021-04-23,PAT,3638,1770,1868,3572,54,12,ITH,ITH2,4,Provincia Autonoma Trento,P.A. Trento,541380,78260,14.46,0.67
1170,2021-01-30,PAT,386,132,254,152,234,0,ITH,ITH2,4,Provincia Autonoma Trento,P.A. Trento,541380,78646,14.53,0.07
1171,2021-04-09,PAT,2740,1162,1578,1535,1200,5,ITH,ITH2,4,Provincia Autonoma Trento,P.A. Trento,541380,81386,15.03,0.51
1172,2021-02-11,PAT,1135,365,770,796,339,0,ITH,ITH2,4,Provincia Autonoma Trento,P.A. Trento,541380,82521,15.24,0.21
1173,2021-02-25,PAT,1641,643,998,1199,441,1,ITH,ITH2,4,Provincia Autonoma Trento,P.A. Trento,541380,84162,15.55,0.3
1174,2020-12-30,PAT,7,3,4,7,0,0,ITH,ITH2,4,Provincia Autonoma Trento,P.A. Trento,541380,84169,15.55,0.0
1175,2021-06-05,PAT,4081,1915,2166,750,3331,0,ITH,ITH2,4,Provincia Autonoma Trento,P.A. Trento,541380,88250,16.3,0.75
1176,2021-05-22,PAT,3258,1598,1660,922,2333,3,ITH,ITH2,4,Provincia Autonoma Trento,P.A. Trento,541380,91508,16.9,0.6
1177,2021-02-20,PAT,407,245,162,123,284,0,ITH,ITH2,4,Provincia Autonoma Trento,P.A. Trento,541380,91915,16.98,0.08
1178,2021-01-08,PAT,1451,314,1137,1451,0,0,ITH,ITH2,4,Provincia Autonoma Trento,P.A. Trento,541380,93366,17.25,0.27
1179,2021-06-14,PAT,5740,2968,2772,2115,3624,1,ITH,ITH2,4,Provincia Autonoma Trento,P.A. Trento,541380,99106,18.31,1.06
1180,2021-04-18,PAT,1855,845,1010,1844,9,2,ITH,ITH2,4,Provincia Autonoma Trento,P.A. Trento,541380,100961,18.65,0.34
1181,2021-03-07,PAT,22,6,16,22,0,0,ITH,ITH2,4,Provincia Autonoma Trento,P.A. Trento,541380,100983,18.65,0.0
1182,2021-01-09,PAT,190,40,150,190,0,0,ITH,ITH2,4,Provincia Autonoma Trento,P.A. Trento,541380,101173,18.69,0.04
1183,2021-06-24,PAT,5921,3103,2818,3736,2185,0,ITH,ITH2,4,Provincia Autonoma Trento,P.A. Trento,541380,107094,19.78,1.09
1184,2021-05-12,PAT,3305,1494,1811,2107,1188,10,ITH,ITH2,4,Provincia Autonoma Trento,P.A. Trento,541380,110399,20.39,0.61
1185,2021-03-16,PAT,1391,506,885,598,783,10,ITH,ITH2,4,Provincia Autonoma Trento,P.A. Trento,541380,111790,20.65,0.26
1186,2021-05-14,PAT,5320,2543,2777,3918,1386,16,ITH,ITH2,4,Provincia Autonoma Trento,P.A. Trento,541380,117110,21.63,0.98
1187,2021-02-08,PAT,1153,319,834,342,811,0,ITH,ITH2,4,Provincia Autonoma Trento,P.A. Trento,541380,118263,21.84,0.21
1188,2021-04-28,PAT,4251,1977,2274,4103,138,10,ITH,ITH2,4,Provincia Autonoma Trento,P.A. Trento,541380,122514,22.63,0.79
1189,2021-04-01,PAT,2905,1231,1674,1806,1094,5,ITH,ITH2,4,Provincia Autonoma Trento,P.A. Trento,541380,125419,23.17,0.54
1190,2021-03-23,PAT,2448,944,1504,1668,740,40,ITH,ITH2,4,Provincia Autonoma Trento,P.A. Trento,541380,127867,23.62,0.45
1191,2021-07-08,PAT,1203,611,592,592,532,79,ITH,ITH2,4,Provincia Autonoma Trento,P.A. Trento,541380,129070,23.84,0.22
1192,2021-02-04,PAT,976,304,672,422,554,0,ITH,ITH2,4,Provincia Autonoma Trento,P.A. Trento,541380,130046,24.02,0.18
1193,2021-04-13,PAT,2556,1059,1497,2046,507,3,ITH,ITH2,4,Provincia Autonoma Trento,P.A. Trento,541380,132602,24.49,0.47
1194,2021-01-20,PAT,292,73,219,280,12,0,ITH,ITH2,4,Provincia Autonoma Trento,P.A. Trento,541380,132894,24.55,0.05
1195,2021-04-30,PAT,4930,2404,2526,4768,152,10,ITH,ITH2,4,Provincia Autonoma Trento,P.A. Trento,541380,137824,25.46,0.91
1196,2021-05-19,PAT,5103,2459,2644,3828,1256,19,ITH,ITH2,4,Provincia Autonoma Trento,P.A. Trento,541380,142927,26.4,0.94
1197,2021-01-04,PAT,872,229,643,870,0,2,ITH,ITH2,4,Provincia Autonoma Trento,P.A. Trento,541380,143799,26.56,0.16
1198,2021-07-06,PAT,4966,2609,2357,2925,1893,148,ITH,ITH2,4,Provincia Autonoma Trento,P.A. Trento,541380,148765,27.48,0.92
1199,2021-01-18,PAT,644,154,490,589,55,0,ITH,ITH2,4,Provincia Autonoma Trento,P.A. Trento,541380,149409,27.6,0.12
1200,2021-05-29,PAT,2236,1167,1069,838,1397,1,ITH,ITH2,4,Provincia Autonoma Trento,P.A. Trento,541380,151645,28.01,0.41
1201,2021-04-02,PAT,2845,1157,1688,2156,675,14,ITH,ITH2,4,Provincia Autonoma Trento,P.A. Trento,541380,154490,28.54,0.53
1202,2021-04-16,PAT,2866,1360,1506,2714,145,7,ITH,ITH2,4,Provincia Autonoma Trento,P.A. Trento,541380,157356,29.07,0.53
1203,2021-02-18,PAT,1211,429,782,1147,63,1,ITH,ITH2,4,Provincia Autonoma Trento,P.A. Trento,541380,158567,29.29,0.22
1204,2021-05-10,PAT,3212,1646,1566,2701,505,6,ITH,ITH2,4,Provincia Autonoma Trento,P.A. Trento,541380,161779,29.88,0.59
1205,2021-03-18,PAT,2320,957,1363,1237,1080,3,ITH,ITH2,4,Provincia Autonoma Trento,P.A. Trento,541380,164099,30.31,0.43
1206,2021-06-09,PAT,6237,3077,3160,2164,4073,0,ITH,ITH2,4,Provincia Autonoma Trento,P.A. Trento,541380,170336,31.46,1.15
1207,2021-06-26,PAT,1389,725,664,675,712,2,ITH,ITH2,4,Provincia Autonoma Trento,P.A. Trento,541380,171725,31.72,0.26
1208,2021-03-04,PAT,2362,794,1568,1580,779,3,ITH,ITH2,4,Provincia Autonoma Trento,P.A. Trento,541380,174087,32.16,0.44
1209,2021-03-06,PAT,786,277,509,632,151,3,ITH,ITH2,4,Provincia Autonoma Trento,P.A. Trento,541380,174873,32.3,0.15
1210,2021-04-11,PAT,2340,1135,1205,2243,91,6,ITH,ITH2,4,Provincia Autonoma Trento,P.A. Trento,541380,177213,32.73,0.43
1211,2021-02-27,PAT,1031,458,573,606,422,3,ITH,ITH2,4,Provincia Autonoma Trento,P.A. Trento,541380,178244,32.92,0.19
1212,2021-01-01,PAT,214,50,164,214,0,0,ITH,ITH2,4,Provincia Autonoma Trento,P.A. Trento,541380,178458,32.96,0.04
1213,2021-06-07,PAT,5789,2880,2909,2805,2983,1,ITH,ITH2,4,Provincia Autonoma Trento,P.A. Trento,541380,184247,34.03,1.07
1214,2021-04-25,PAT,1971,940,1031,1959,7,5,ITH,ITH2,4,Provincia Autonoma Trento,P.A. Trento,541380,186218,34.4,0.36
1215,2021-05-21,PAT,5055,2422,2633,3332,1711,12,ITH,ITH2,4,Provincia Autonoma Trento,P.A. Trento,541380,191273,35.33,0.93
1216,2021-02-01,PAT,1224,338,886,92,1132,0,ITH,ITH2,4,Provincia Autonoma Trento,P.A. Trento,541380,192497,35.56,0.23
1217,2021-06-02,PAT,2838,1359,1479,944,1894,0,ITH,ITH2,4,Provincia Autonoma Trento,P.A. Trento,541380,195335,36.08,0.52
1218,2021-03-11,PAT,2300,853,1447,1469,826,5,ITH,ITH2,4,Provincia Autonoma Trento,P.A. Trento,541380,197635,36.51,0.42
1219,2021-05-02,PAT,3514,1955,1559,3470,37,7,ITH,ITH2,4,Provincia Autonoma Trento,P.A. Trento,541380,201149,37.15,0.65
1220,2021-03-13,PAT,835,384,451,781,48,6,ITH,ITH2,4,Provincia Autonoma Trento,P.A. Trento,541380,201984,37.31,0.15
1221,2021-07-05,PAT,5227,2738,2489,3653,1374,200,ITH,ITH2,4,Provincia Autonoma Trento,P.A. Trento,541380,207211,38.27,0.97
1222,2021-01-06,PAT,42,13,29,42,0,0,ITH,ITH2,4,Provincia Autonoma Trento,P.A. Trento,541380,207253,38.28,0.01
1223,2021-06-16,PAT,6212,3347,2865,2046,4165,1,ITH,ITH2,4,Provincia Autonoma Trento,P.A. Trento,541380,213465,39.43,1.15
1224,2021-01-27,PAT,810,280,530,92,716,2,ITH,ITH2,4,Provincia Autonoma Trento,P.A. Trento,541380,214275,39.58,0.15
1225,2021-02-13,PAT,537,333,204,172,365,0,ITH,ITH2,4,Provincia Autonoma Trento,P.A. Trento,541380,214812,39.68,0.1
1226,2021-05-07,PAT,5998,3086,2912,5137,841,20,ITH,ITH2,4,Provincia Autonoma Trento,P.A. Trento,541380,220810,40.79,1.11
1227,2021-04-20,PAT,2879,1377,1502,2832,36,11,ITH,ITH2,4,Provincia Autonoma Trento,P.A. Trento,541380,223689,41.32,0.53
1228,2021-05-09,PAT,2324,1210,1114,1976,344,4,ITH,ITH2,4,Provincia Autonoma Trento,P.A. Trento,541380,226013,41.75,0.43
1229,2021-02-15,PAT,534,188,346,420,114,0,ITH,ITH2,4,Provincia Autonoma Trento,P.A. Trento,541380,226547,41.85,0.1
1230,2021-05-26,PAT,3918,1843,2075,1225,2692,1,ITH,ITH2,4,Provincia Autonoma Trento,P.A. Trento,541380,230465,42.57,0.72
1231,2021-05-28,PAT,3721,1736,1985,1492,2228,1,ITH,ITH2,4,Provincia Autonoma Trento,P.A. Trento,541380,234186,43.26,0.69
1232,2021-01-25,PAT,818,215,603,24,794,0,ITH,ITH2,4,Provincia Autonoma Trento,P.A. Trento,541380,235004,43.41,0.15
1233,2021-03-25,PAT,2875,1105,1770,1822,1049,4,ITH,ITH2,4,Provincia Autonoma Trento,P.A. Trento,541380,237879,43.94,0.53
1234,2021-07-03,PAT,1255,669,586,80,1170,5,ITH,ITH2,4,Provincia Autonoma Trento,P.A. Trento,541380,239134,44.17,0.23
1235,2021-03-30,PAT,2388,973,1415,1742,637,9,ITH,ITH2,4,Provincia Autonoma Trento,P.A. Trento,541380,241522,44.61,0.44
1236,2021-07-07,PAT,4086,2193,1893,2663,1257,166,ITH,ITH2,4,Provincia Autonoma Trento,P.A. Trento,541380,245608,45.37,0.75
1237,2021-01-03,PAT,493,160,333,493,0,0,ITH,ITH2,4,Provincia Autonoma Trento,P.A. Trento,541380,246101,45.46,0.09
1238,2021-02-22,PAT,746,259,487,661,84,1,ITH,ITH2,4,Provincia Autonoma Trento,P.A. Trento,541380,246847,45.6,0.14
1239,2021-05-18,PAT,4253,2010,2243,3394,846,13,ITH,ITH2,4,Provincia Autonoma Trento,P.A. Trento,541380,251100,46.38,0.79
1240,2021-03-12,PAT,2518,940,1578,1706,806,6,ITH,ITH2,4,Provincia Autonoma Trento,P.A. Trento,541380,253618,46.85,0.47
1241,2021-06-20,PAT,1869,1034,835,32,1837,0,ITH,ITH2,4,Provincia Autonoma Trento,P.A. Trento,541380,255487,47.19,0.35
1242,2021-01-02,PAT,502,143,359,502,0,0,ITH,ITH2,4,Provincia Autonoma Trento,P.A. Trento,541380,255989,47.28,0.09
1243,2021-03-29,PAT,2494,967,1527,1752,735,7,ITH,ITH2,4,Provincia Autonoma Trento,P.A. Trento,541380,258483,47.75,0.46
1244,2021-04-12,PAT,3084,1407,1677,2585,496,3,ITH,ITH2,4,Provincia Autonoma Trento,P.A. Trento,541380,261567,48.31,0.57
1245,2021-01-21,PAT,353,95,258,229,124,0,ITH,ITH2,4,Provincia Autonoma Trento,P.A. Trento,541380,261920,48.38,0.07
1246,2021-05-01,PAT,4851,2470,2381,4806,36,9,ITH,ITH2,4,Provincia Autonoma Trento,P.A. Trento,541380,266771,49.28,0.9
1247,2021-02-21,PAT,155,92,63,43,112,0,ITH,ITH2,4,Provincia Autonoma Trento,P.A. Trento,541380,266926,49.3,0.03
1248,2021-05-15,PAT,1568,815,753,675,889,4,ITH,ITH2,4,Provincia Autonoma Trento,P.A. Trento,541380,268494,49.59,0.29
1249,2021-06-01,PAT,4013,1875,2138,1156,2856,1,ITH,ITH2,4,Provincia Autonoma Trento,P.A. Trento,541380,272507,50.34,0.74
1250,2021-02-03,PAT,847,315,532,414,433,0,ITH,ITH2,4,Provincia Autonoma Trento,P.A. Trento,541380,273354,50.49,0.16
1251,2021-05-23,PAT,1956,994,962,448,1508,0,ITH,ITH2,4,Provincia Autonoma Trento,P.A. Trento,541380,275310,50.85,0.36
1252,2021-04-10,PAT,2823,1321,1502,2025,795,3,ITH,ITH2,4,Provincia Autonoma Trento,P.A. Trento,541380,278133,51.37,0.52
1253,2021-02-10,PAT,853,291,562,511,342,0,ITH,ITH2,4,Provincia Autonoma Trento,P.A. Trento,541380,278986,51.53,0.16
1254,2021-06-25,PAT,7480,4008,3472,4109,3371,0,ITH,ITH2,4,Provincia Autonoma Trento,P.A. Trento,541380,286466,52.91,1.38
1255,2021-07-02,PAT,7136,3880,3256,3427,3537,172,ITH,ITH2,4,Provincia Autonoma Trento,P.A. Trento,541380,293602,54.23,1.32
1256,2021-03-15,PAT,1411,545,866,943,464,4,ITH,ITH2,4,Provincia Autonoma Trento,P.A. Trento,541380,295013,54.49,0.26
1257,2021-01-17,PAT,251,195,56,251,0,0,ITH,ITH2,4,Provincia Autonoma Trento,P.A. Trento,541380,295264,54.54,0.05
1258,2021-06-23,PAT,6513,3450,3063,4643,1870,0,ITH,ITH2,4,Provincia Autonoma Trento,P.A. Trento,541380,301777,55.74,1.2
1259,2021-05-11,PAT,3701,1751,1950,2843,850,8,ITH,ITH2,4,Provincia Autonoma Trento,P.A. Trento,541380,305478,56.43,0.68
1260,2021-04-27,PAT,3914,1881,2033,3832,69,13,ITH,ITH2,4,Provincia Autonoma Trento,P.A. Trento,541380,309392,57.15,0.72
1261,2021-05-04,PAT,4511,2448,2063,4403,94,14,ITH,ITH2,4,Provincia Autonoma Trento,P.A. Trento,541380,313903,57.98,0.83
1262,2021-03-08,PAT,1411,434,977,1055,354,2,ITH,ITH2,4,Provincia Autonoma Trento,P.A. Trento,541380,315314,58.24,0.26
1263,2021-03-22,PAT,2306,973,1333,1428,875,3,ITH,ITH2,4,Provincia Autonoma Trento,P.A. Trento,541380,317620,58.67,0.43
1264,2021-01-24,PAT,548,276,272,224,324,0,ITH,ITH2,4,Provincia Autonoma Trento,P.A. Trento,541380,318168,58.77,0.1
1265,2021-06-30,PAT,6660,3425,3235,2631,3999,30,ITH,ITH2,4,Provincia Autonoma Trento,P.A. Trento,541380,324828,60.0,1.23
1266,2021-01-31,PAT,76,16,60,1,75,0,ITH,ITH2,4,Provincia Autonoma Trento,P.A. Trento,541380,324904,60.01,0.01
1267,2021-07-04,PAT,211,119,92,63,148,0,ITH,ITH2,4,Provincia Autonoma Trento,P.A. Trento,541380,325115,60.05,0.04
1268,2021-06-21,PAT,6131,3309,2822,3733,2398,0,ITH,ITH2,4,Provincia Autonoma Trento,P.A. Trento,541380,331246,61.19,1.13
1269,2021-04-29,PAT,4642,2241,2401,4415,208,19,ITH,ITH2,4,Provincia Autonoma Trento,P.A. Trento,541380,335888,62.04,0.86
1270,2021-01-22,PAT,1673,435,1238,330,1342,1,ITH,ITH2,4,Provincia Autonoma Trento,P.A. Trento,541380,337561,62.35,0.31
1271,2021-02-05,PAT,805,272,533,283,522,0,ITH,ITH2,4,Provincia Autonoma Trento,P.A. Trento,541380,338366,62.5,0.15
1272,2021-05-16,PAT,1331,736,595,1090,239,2,ITH,ITH2,4,Provincia Autonoma Trento,P.A. Trento,541380,339697,62.75,0.25
1273,2021-01-05,PAT,711,233,478,711,0,0,ITH,ITH2,4,Provincia Autonoma Trento,P.A. Trento,541380,340408,62.88,0.13
1274,2021-04-15,PAT,3202,1443,1759,3030,154,18,ITH,ITH2,4,Provincia Autonoma Trento,P.A. Trento,541380,343610,63.47,0.59
1275,2021-06-18,PAT,6935,3691,3244,1817,5118,0,ITH,ITH2,4,Provincia Autonoma Trento,P.A. Trento,541380,350545,64.75,1.28
1276,2021-03-27,PAT,1620,710,910,1358,257,5,ITH,ITH2,4,Provincia Autonoma Trento,P.A. Trento,541380,352165,65.05,0.3
1277,2021-06-04,PAT,5826,2605,3221,1832,3993,1,ITH,ITH2,4,Provincia Autonoma Trento,P.A. Trento,541380,357991,66.13,1.08
1278,2021-02-24,PAT,1325,525,800,922,399,4,ITH,ITH2,4,Provincia Autonoma Trento,P.A. Trento,541380,359316,66.37,0.24
1279,2021-06-03,PAT,4766,2235,2531,1301,3465,0,ITH,ITH2,4,Provincia Autonoma Trento,P.A. Trento,541380,364082,67.25,0.88
1280,2021-06-06,PAT,2229,1061,1168,445,1784,0,ITH,ITH2,4,Provincia Autonoma Trento,P.A. Trento,541380,366311,67.66,0.41
1281,2021-02-17,PAT,1113,425,688,1022,91,0,ITH,ITH2,4,Provincia Autonoma Trento,P.A. Trento,541380,367424,67.87,0.21
1282,2021-05-30,PAT,1770,872,898,930,840,0,ITH,ITH2,4,Provincia Autonoma Trento,P.A. Trento,541380,369194,68.19,0.33
1283,2021-01-15,PAT,597,132,465,597,0,0,ITH,ITH2,4,Provincia Autonoma Trento,P.A. Trento,541380,369791,68.31,0.11
1284,2021-05-20,PAT,5014,2358,2656,3365,1635,14,ITH,ITH2,4,Provincia Autonoma Trento,P.A. Trento,541380,374805,69.23,0.93
1285,2021-03-24,PAT,2377,940,1437,1553,820,4,ITH,ITH2,4,Provincia Autonoma Trento,P.A. Trento,541380,377182,69.67,0.44
1286,2021-02-09,PAT,918,287,631,443,475,0,ITH,ITH2,4,Provincia Autonoma Trento,P.A. Trento,541380,378100,69.84,0.17
1287,2021-03-17,PAT,2071,792,1279,1190,871,10,ITH,ITH2,4,Provincia Autonoma Trento,P.A. Trento,541380,380171,70.22,0.38
1288,2021-02-02,PAT,910,240,670,191,719,0,ITH,ITH2,4,Provincia Autonoma Trento,P.A. Trento,541380,381081,70.39,0.17
1289,2021-05-13,PAT,3407,1580,1827,2297,1102,8,ITH,ITH2,4,Provincia Autonoma Trento,P.A. Trento,541380,384488,71.02,0.63
1290,2021-03-31,PAT,2585,983,1602,1723,858,4,ITH,ITH2,4,Provincia Autonoma Trento,P.A. Trento,541380,387073,71.5,0.48
1291,2021-01-26,PAT,543,154,389,27,516,0,ITH,ITH2,4,Provincia Autonoma Trento,P.A. Trento,541380,387616,71.6,0.1
1292,2021-05-06,PAT,5532,2740,2792,4738,781,13,ITH,ITH2,4,Provincia Autonoma Trento,P.A. Trento,541380,393148,72.62,1.02
1293,2021-01-19,PAT,407,77,330,407,0,0,ITH,ITH2,4,Provincia Autonoma Trento,P.A. Trento,541380,393555,72.69,0.08
1294,2021-03-10,PAT,2405,929,1476,1476,922,7,ITH,ITH2,4,Provincia Autonoma Trento,P.A. Trento,541380,395960,73.14,0.44
1295,2021-04-08,PAT,3140,1316,1824,2009,1119,12,ITH,ITH2,4,Provincia Autonoma Trento,P.A. Trento,541380,399100,73.72,0.58
1296,2020-12-31,PAT,1626,449,1177,1626,0,0,ITH,ITH2,4,Provincia Autonoma Trento,P.A. Trento,541380,400726,74.02,0.3
1297,2021-06-22,PAT,6187,3379,2808,3649,2537,1,ITH,ITH2,4,Provincia Autonoma Trento,P.A. Trento,541380,406913,75.16,1.14
1298,2021-03-05,PAT,2248,704,1544,1655,566,27,ITH,ITH2,4,Provincia Autonoma Trento,P.A. Trento,541380,409161,75.58,0.42
1299,2021-01-07,PAT,1272,310,962,1269,0,3,ITH,ITH2,4,Provincia Autonoma Trento,P.A. Trento,541380,410433,75.81,0.23
1300,2021-04-17,PAT,2232,1139,1093,2168,57,7,ITH,ITH2,4,Provincia Autonoma Trento,P.A. Trento,541380,412665,76.22,0.41
1301,2021-04-19,PAT,2625,1235,1390,2590,22,13,ITH,ITH2,4,Provincia Autonoma Trento,P.A. Trento,541380,415290,76.71,0.48
1302,2021-06-15,PAT,6240,3283,2957,1723,4517,0,ITH,ITH2,4,Provincia Autonoma Trento,P.A. Trento,541380,421530,77.86,1.15
1303,2021-01-10,PAT,85,20,65,85,0,0,ITH,ITH2,4,Provincia Autonoma Trento,P.A. Trento,541380,421615,77.88,0.02
1304,2021-01-29,PAT,1358,334,1024,55,1303,0,ITH,ITH2,4,Provincia Autonoma Trento,P.A. Trento,541380,422973,78.13,0.25
1305,2021-04-22,PAT,3152,1470,1682,3099,45,8,ITH,ITH2,4,Provincia Autonoma Trento,P.A. Trento,541380,426125,78.71,0.58
1306,2021-04-07,PAT,2622,1017,1605,1664,942,16,ITH,ITH2,4,Provincia Autonoma Trento,P.A. Trento,541380,428747,79.2,0.48
1307,2021-06-27,PAT,1303,698,605,362,940,1,ITH,ITH2,4,Provincia Autonoma Trento,P.A. Trento,541380,430050,79.44,0.24
1308,2021-01-12,PAT,507,158,349,506,0,1,ITH,ITH2,4,Provincia Autonoma Trento,P.A. Trento,541380,430557,79.53,0.09
1309,2021-03-19,PAT,2423,915,1508,1563,852,8,ITH,ITH2,4,Provincia Autonoma Trento,P.A. Trento,541380,432980,79.98,0.45
1310,2021-04-05,PAT,35,17,18,33,2,0,ITH,ITH2,4,Provincia Autonoma Trento,P.A. Trento,541380,433015,79.98,0.01
1311,2021-04-03,PAT,1142,471,671,970,170,2,ITH,ITH2,4,Provincia Autonoma Trento,P.A. Trento,541380,434157,80.19,0.21
1312,2021-04-24,PAT,3548,1701,1847,3527,14,7,ITH,ITH2,4,Provincia Autonoma Trento,P.A. Trento,541380,437705,80.85,0.66
1313,2021-02-26,PAT,1218,435,783,922,295,1,ITH,ITH2,4,Provincia Autonoma Trento,P.A. Trento,541380,438923,81.07,0.22
1314,2021-01-14,PAT,701,203,498,699,0,2,ITH,ITH2,4,Provincia Autonoma Trento,P.A. Trento,541380,439624,81.2,0.13
1315,2021-02-28,PAT,242,121,121,242,0,0,ITH,ITH2,4,Provincia Autonoma Trento,P.A. Trento,541380,439866,81.25,0.04
1316,2021-06-08,PAT,5919,2863,3056,1869,4049,1,ITH,ITH2,4,Provincia Autonoma Trento,P.A. Trento,541380,445785,82.34,1.09
1317,2021-04-26,PAT,2659,1254,1405,2557,95,7,ITH,ITH2,4,Provincia Autonoma Trento,P.A. Trento,541380,448444,82.83,0.49
1318,2021-02-19,PAT,929,359,570,868,59,2,ITH,ITH2,4,Provincia Autonoma Trento,P.A. Trento,541380,449373,83.01,0.17
1319,2021-06-28,PAT,6743,3480,3263,2946,3797,0,ITH,ITH2,4,Provincia Autonoma Trento,P.A. Trento,541380,456116,84.25,1.25
1320,2021-04-06,PAT,2261,950,1311,1494,765,2,ITH,ITH2,4,Provincia Autonoma Trento,P.A. Trento,541380,458377,84.67,0.42
1321,2021-01-13,PAT,421,123,298,421,0,0,ITH,ITH2,4,Provincia Autonoma Trento,P.A. Trento,541380,458798,84.75,0.08
1322,2021-02-12,PAT,1013,341,672,590,423,0,ITH,ITH2,4,Provincia Autonoma Trento,P.A. Trento,541380,459811,84.93,0.19
1323,2021-03-01,PAT,1237,454,783,941,295,1,ITH,ITH2,4,Provincia Autonoma Trento,P.A. Trento,541380,461048,85.16,0.23
1324,2021-03-20,PAT,874,403,471,671,203,0,ITH,ITH2,4,Provincia Autonoma Trento,P.A. Trento,541380,461922,85.32,0.16
1325,2021-03-03,PAT,1659,622,1037,1134,518,7,ITH,ITH2,4,Provincia Autonoma Trento,P.A. Trento,541380,463581,85.63,0.31
1326,2021-06-11,PAT,7196,3426,3770,1573,5621,2,ITH,ITH2,4,Provincia Autonoma Trento,P.A. Trento,541380,470777,86.96,1.33
1327,2021-06-13,PAT,3686,2033,1653,295,3391,0,ITH,ITH2,4,Provincia Autonoma Trento,P.A. Trento,541380,474463,87.64,0.68
1328,2020-12-27,PAT,103,40,63,103,0,0,ITH,ITH2,4,Provincia Autonoma Trento,P.A. Trento,541380,474566,87.66,0.02
1329,2021-05-25,PAT,4770,2269,2501,1868,2902,0,ITH,ITH2,4,Provincia Autonoma Trento,P.A. Trento,541380,479336,88.54,0.88
1330,2021-05-08,PAT,3162,1726,1436,2735,422,5,ITH,ITH2,4,Provincia Autonoma Trento,P.A. Trento,541380,482498,89.12,0.58
1331,2021-02-14,PAT,246,186,60,11,235,0,ITH,ITH2,4,Provincia Autonoma Trento,P.A. Trento,541380,482744,89.17,0.05
1332,2021-05-27,PAT,4294,1991,2303,1250,3042,2,ITH,ITH2,4,Provincia Autonoma Trento,P.A. Trento,541380,487038,89.96,0.79
1333,2021-01-30,CAM,10724,5081,5643,36,10686,2,ITF,ITF3,15,Campania,Campania,5801692,10724,0.18,0.18
1334,2021-07-03,CAM,67269,32489,34780,8201,58692,376,ITF,ITF3,15,Campania,Campania,5801692,77993,1.34,1.16
1335,2021-01-16,CAM,3371,1677,1694,3262,0,109,ITF,ITF3,15,Campania,Campania,5801692,81364,1.4,0.06
1336,2021-02-11,CAM,6280,2704,3576,5929,66,285,ITF,ITF3,15,Campania,Campania,5801692,87644,1.51,0.11
1337,2021-04-16,CAM,34326,16560,17766,23021,10665,640,ITF,ITF3,15,Campania,Campania,5801692,121970,2.1,0.59
1338,2021-03-02,CAM,12761,4558,8203,8214,4345,202,ITF,ITF3,15,Campania,Campania,5801692,134731,2.32,0.22
1339,2021-01-11,CAM,4070,1871,2199,3961,0,109,ITF,ITF3,15,Campania,Campania,5801692,138801,2.39,0.07
1340,2021-06-07,CAM,57577,27717,29860,52867,4034,676,ITF,ITF3,15,Campania,Campania,5801692,196378,3.38,0.99
1341,2021-02-25,CAM,12426,4479,7947,10968,1188,270,ITF,ITF3,15,Campania,Campania,5801692,208804,3.6,0.21
1342,2021-04-09,CAM,30045,14154,15891,23314,6134,597,ITF,ITF3,15,Campania,Campania,5801692,238849,4.12,0.52
1343,2021-06-05,CAM,77611,37572,40039,70879,6021,711,ITF,ITF3,15,Campania,Campania,5801692,316460,5.45,1.34
1344,2021-06-14,CAM,37080,17904,19176,18769,18004,307,ITF,ITF3,15,Campania,Campania,5801692,353540,6.09,0.64
1345,2021-05-24,CAM,31357,15150,16207,15863,15149,345,ITF,ITF3,15,Campania,Campania,5801692,384897,6.63,0.54
1346,2021-02-13,CAM,5508,2550,2958,5109,217,182,ITF,ITF3,15,Campania,Campania,5801692,390405,6.73,0.09
1347,2021-04-23,CAM,32323,15521,16802,22484,9149,690,ITF,ITF3,15,Campania,Campania,5801692,422728,7.29,0.56
1348,2021-04-11,CAM,17523,8606,8917,15068,2082,373,ITF,ITF3,15,Campania,Campania,5801692,440251,7.59,0.3
1349,2021-04-28,CAM,36434,17641,18793,25916,9756,762,ITF,ITF3,15,Campania,Campania,5801692,476685,8.22,0.63
1350,2021-01-18,CAM,959,399,560,683,244,32,ITF,ITF3,15,Campania,Campania,5801692,477644,8.23,0.02
1351,2021-03-28,CAM,15557,7504,8053,13602,1625,330,ITF,ITF3,15,Campania,Campania,5801692,493201,8.5,0.27
1352,2021-01-04,CAM,5826,2963,2863,5727,0,99,ITF,ITF3,15,Campania,Campania,5801692,499027,8.6,0.1
1353,2021-06-19,CAM,62348,29694,32654,24240,37733,375,ITF,ITF3,15,Campania,Campania,5801692,561375,9.68,1.07
1354,2021-03-09,CAM,14128,6870,7258,9961,3785,382,ITF,ITF3,15,Campania,Campania,5801692,575503,9.92,0.24
1355,2021-06-24,CAM,66034,31806,34228,13471,52234,329,ITF,ITF3,15,Campania,Campania,5801692,641537,11.06,1.14
1356,2021-03-16,CAM,8086,3519,4567,3700,4314,72,ITF,ITF3,15,Campania,Campania,5801692,649623,11.2,0.14
1357,2021-01-25,CAM,5746,2927,2819,163,5583,0,ITF,ITF3,15,Campania,Campania,5801692,655369,11.3,0.1
1358,2021-07-01,CAM,61465,29823,31642,19842,40974,649,ITF,ITF3,15,Campania,Campania,5801692,716834,12.36,1.06
1359,2021-03-23,CAM,15742,7445,8297,12924,2513,305,ITF,ITF3,15,Campania,Campania,5801692,732576,12.63,0.27
1360,2021-05-19,CAM,51156,22605,28551,33827,16608,721,ITF,ITF3,15,Campania,Campania,5801692,783732,13.51,0.88
1361,2021-01-23,CAM,3839,2029,1810,267,3566,6,ITF,ITF3,15,Campania,Campania,5801692,787571,13.57,0.07
1362,2021-03-21,CAM,10071,4674,5397,7507,2390,174,ITF,ITF3,15,Campania,Campania,5801692,797642,13.75,0.17
1363,2021-02-10,CAM,6905,3413,3492,6484,177,244,ITF,ITF3,15,Campania,Campania,5801692,804547,13.87,0.12
1364,2021-04-08,CAM,28391,13749,14642,21993,5843,555,ITF,ITF3,15,Campania,Campania,5801692,832938,14.36,0.49
1365,2021-06-04,CAM,74487,35804,38683,64783,9060,644,ITF,ITF3,15,Campania,Campania,5801692,907425,15.64,1.28
1366,2021-05-21,CAM,63708,29605,34103,42177,20526,1005,ITF,ITF3,15,Campania,Campania,5801692,971133,16.74,1.1
1367,2021-01-06,CAM,7650,3749,3901,7506,0,144,ITF,ITF3,15,Campania,Campania,5801692,978783,16.87,0.13
1368,2021-02-18,CAM,9080,3813,5267,8151,707,222,ITF,ITF3,15,Campania,Campania,5801692,987863,17.03,0.16
1369,2021-04-25,CAM,30733,15169,15564,24599,5396,738,ITF,ITF3,15,Campania,Campania,5801692,1018596,17.56,0.53
1370,2021-01-13,CAM,8020,3666,4354,7780,0,240,ITF,ITF3,15,Campania,Campania,5801692,1026616,17.7,0.14
1371,2021-02-27,CAM,13948,4473,9475,12008,1642,298,ITF,ITF3,15,Campania,Campania,5801692,1040564,17.94,0.24
1372,2021-06-16,CAM,31581,14974,16607,20534,10753,294,ITF,ITF3,15,Campania,Campania,5801692,1072145,18.48,0.54
1373,2021-05-26,CAM,52669,25833,26836,21107,31097,465,ITF,ITF3,15,Campania,Campania,5801692,1124814,19.39,0.91
1374,2021-04-06,CAM,24510,11561,12949,19506,4523,481,ITF,ITF3,15,Campania,Campania,5801692,1149324,19.81,0.42
1375,2020-12-27,CAM,720,422,298,716,0,4,ITF,ITF3,15,Campania,Campania,5801692,1150044,19.82,0.01
1376,2021-04-20,CAM,32039,15500,16539,20161,11312,566,ITF,ITF3,15,Campania,Campania,5801692,1182083,20.37,0.55
1377,2021-06-26,CAM,62913,30683,32230,14657,47848,408,ITF,ITF3,15,Campania,Campania,5801692,1244996,21.46,1.08
1378,2021-04-04,CAM,7966,4017,3949,6701,1047,218,ITF,ITF3,15,Campania,Campania,5801692,1252962,21.6,0.14
1379,2021-06-12,CAM,63979,31537,32442,55944,7214,821,ITF,ITF3,15,Campania,Campania,5801692,1316941,22.7,1.1
1380,2021-03-04,CAM,14708,5396,9312,8555,5894,259,ITF,ITF3,15,Campania,Campania,5801692,1331649,22.95,0.25
1381,2021-05-07,CAM,59769,29208,30561,42784,15947,1038,ITF,ITF3,15,Campania,Campania,5801692,1391418,23.98,1.03
1382,2021-01-27,CAM,7738,3820,3918,157,7576,5,ITF,ITF3,15,Campania,Campania,5801692,1399156,24.12,0.13
1383,2021-05-05,CAM,51172,24857,26315,43286,6386,1500,ITF,ITF3,15,Campania,Campania,5801692,1450328,25.0,0.88
1384,2021-05-12,CAM,40887,19950,20937,30591,9156,1140,ITF,ITF3,15,Campania,Campania,5801692,1491215,25.7,0.7
1385,2021-07-08,CAM,60804,29167,31637,5655,54848,301,ITF,ITF3,15,Campania,Campania,5801692,1552019,26.75,1.05
1386,2021-05-31,CAM,40725,20663,20062,29850,10310,565,ITF,ITF3,15,Campania,Campania,5801692,1592744,27.45,0.7
1387,2021-05-17,CAM,49361,21701,27660,23653,25257,451,ITF,ITF3,15,Campania,Campania,5801692,1642105,28.3,0.85
1388,2021-02-06,CAM,5341,2666,2675,2006,3239,96,ITF,ITF3,15,Campania,Campania,5801692,1647446,28.4,0.09
1389,2021-04-30,CAM,42324,20192,22132,25038,16498,788,ITF,ITF3,15,Campania,Campania,5801692,1689770,29.13,0.73
1390,2021-02-04,CAM,7943,3429,4514,1249,6635,59,ITF,ITF3,15,Campania,Campania,5801692,1697713,29.26,0.14
1391,2021-01-01,CAM,919,506,413,900,0,19,ITF,ITF3,15,Campania,Campania,5801692,1698632,29.28,0.02
1392,2021-03-25,CAM,20321,9653,10668,16390,3503,428,ITF,ITF3,15,Campania,Campania,5801692,1718953,29.63,0.35
1393,2021-04-01,CAM,24680,12010,12670,20080,4133,467,ITF,ITF3,15,Campania,Campania,5801692,1743633,30.05,0.43
1394,2021-05-28,CAM,73016,35285,37731,26278,46124,614,ITF,ITF3,15,Campania,Campania,5801692,1816649,31.31,1.26
1395,2021-05-14,CAM,61038,27583,33455,34851,24706,1481,ITF,ITF3,15,Campania,Campania,5801692,1877687,32.36,1.05
1396,2021-07-10,CAM,66721,32583,34138,2744,63781,196,ITF,ITF3,15,Campania,Campania,5801692,1944408,33.51,1.15
1397,2021-04-18,CAM,27220,13285,13935,17823,8900,497,ITF,ITF3,15,Campania,Campania,5801692,1971628,33.98,0.47
1398,2021-01-08,CAM,10453,4967,5486,10194,0,259,ITF,ITF3,15,Campania,Campania,5801692,1982081,34.16,0.18
1399,2021-04-27,CAM,32158,15625,16533,23497,7921,740,ITF,ITF3,15,Campania,Campania,5801692,2014239,34.72,0.55
1400,2021-06-23,CAM,46735,22078,24657,10750,35779,206,ITF,ITF3,15,Campania,Campania,5801692,2060974,35.52,0.81
1401,2021-01-15,CAM,4979,2381,2598,4823,0,156,ITF,ITF3,15,Campania,Campania,5801692,2065953,35.61,0.09
1402,2021-06-21,CAM,46815,22605,24210,11350,35182,283,ITF,ITF3,15,Campania,Campania,5801692,2112768,36.42,0.81
1403,2021-03-13,CAM,14518,7038,7480,8989,5282,247,ITF,ITF3,15,Campania,Campania,5801692,2127286,36.67,0.25
1404,2021-03-22,CAM,13181,6344,6837,10864,2041,276,ITF,ITF3,15,Campania,Campania,5801692,2140467,36.89,0.23
1405,2021-06-28,CAM,46485,22720,23765,20579,25383,523,ITF,ITF3,15,Campania,Campania,5801692,2186952,37.7,0.8
1406,2021-03-20,CAM,13986,6526,7460,10011,3739,236,ITF,ITF3,15,Campania,Campania,5801692,2200938,37.94,0.24
1407,2021-02-15,CAM,5472,2516,2956,5160,175,137,ITF,ITF3,15,Campania,Campania,5801692,2206410,38.03,0.09
1408,2021-06-09,CAM,53048,26047,27001,41701,10903,444,ITF,ITF3,15,Campania,Campania,5801692,2259458,38.94,0.91
1409,2021-03-01,CAM,12130,4248,7882,7784,4112,234,ITF,ITF3,15,Campania,Campania,5801692,2271588,39.15,0.21
1410,2021-05-09,CAM,43201,20285,22916,30970,11096,1135,ITF,ITF3,15,Campania,Campania,5801692,2314789,39.9,0.74
1411,2021-03-18,CAM,12175,5380,6795,5795,6189,191,ITF,ITF3,15,Campania,Campania,5801692,2326964,40.11,0.21
1412,2021-02-08,CAM,5113,2449,2664,4164,803,146,ITF,ITF3,15,Campania,Campania,5801692,2332077,40.2,0.09
1413,2021-01-20,CAM,1257,650,607,1226,0,31,ITF,ITF3,15,Campania,Campania,5801692,2333334,40.22,0.02
1414,2021-04-13,CAM,26607,12685,13922,20575,5534,498,ITF,ITF3,15,Campania,Campania,5801692,2359941,40.68,0.46
1415,2021-01-03,CAM,3836,2009,1827,3787,0,49,ITF,ITF3,15,Campania,Campania,5801692,2363777,40.74,0.07
1416,2021-07-05,CAM,63254,30496,32758,12750,49837,667,ITF,ITF3,15,Campania,Campania,5801692,2427031,41.83,1.09
1417,2021-05-02,CAM,43496,21541,21955,31287,11359,850,ITF,ITF3,15,Campania,Campania,5801692,2470527,42.58,0.75
1418,2021-01-22,CAM,1525,776,749,659,852,14,ITF,ITF3,15,Campania,Campania,5801692,2472052,42.61,0.03
1419,2021-03-06,CAM,16370,6814,9556,10411,5669,290,ITF,ITF3,15,Campania,Campania,5801692,2488422,42.89,0.28
1420,2021-01-10,CAM,8165,3736,4429,7963,0,202,ITF,ITF3,15,Campania,Campania,5801692,2496587,43.03,0.14
1421,2021-04-03,CAM,21117,10316,10801,18282,2381,454,ITF,ITF3,15,Campania,Campania,5801692,2517704,43.4,0.36
1422,2021-05-23,CAM,58744,28638,30106,37220,20895,629,ITF,ITF3,15,Campania,Campania,5801692,2576448,44.41,1.01
1423,2021-02-12,CAM,6531,2861,3670,6092,188,251,ITF,ITF3,15,Campania,Campania,5801692,2582979,44.52,0.11
1424,2021-01-29,CAM,10053,4812,5241,43,10006,4,ITF,ITF3,15,Campania,Campania,5801692,2593032,44.69,0.17
1425,2021-06-27,CAM,43540,21448,22092,14102,29064,374,ITF,ITF3,15,Campania,Campania,5801692,2636572,45.44,0.75
1426,2021-03-19,CAM,11143,4973,6170,7096,3873,174,ITF,ITF3,15,Campania,Campania,5801692,2647715,45.64,0.19
1427,2021-06-10,CAM,75898,36673,39225,67991,7033,874,ITF,ITF3,15,Campania,Campania,5801692,2723613,46.95,1.31
1428,2021-05-08,CAM,56429,27142,29287,39153,15828,1448,ITF,ITF3,15,Campania,Campania,5801692,2780042,47.92,0.97
1429,2021-01-28,CAM,8833,4122,4711,126,8699,8,ITF,ITF3,15,Campania,Campania,5801692,2788875,48.07,0.15
1430,2021-04-21,CAM,30231,14728,15503,17481,12227,523,ITF,ITF3,15,Campania,Campania,5801692,2819106,48.59,0.52
1431,2021-02-07,CAM,2929,1382,1547,2068,771,90,ITF,ITF3,15,Campania,Campania,5801692,2822035,48.64,0.05
1432,2021-06-30,CAM,47575,22729,24846,18365,28596,614,ITF,ITF3,15,Campania,Campania,5801692,2869610,49.46,0.82
1433,2021-02-24,CAM,11784,4149,7635,10849,688,247,ITF,ITF3,15,Campania,Campania,5801692,2881394,49.66,0.2
1434,2021-01-05,CAM,7237,3637,3600,7076,0,161,ITF,ITF3,15,Campania,Campania,5801692,2888631,49.79,0.12
1435,2021-02-17,CAM,7389,3211,4178,6205,1060,124,ITF,ITF3,15,Campania,Campania,5801692,2896020,49.92,0.13
1436,2021-04-15,CAM,34343,16663,17680,23813,9902,628,ITF,ITF3,15,Campania,Campania,5801692,2930363,50.51,0.59
1437,2021-02-01,CAM,3984,1813,2171,102,3874,8,ITF,ITF3,15,Campania,Campania,5801692,2934347,50.58,0.07
1438,2021-03-30,CAM,22051,10576,11475,18597,2957,497,ITF,ITF3,15,Campania,Campania,5801692,2956398,50.96,0.38
1439,2021-04-17,CAM,36184,17511,18673,23985,11512,687,ITF,ITF3,15,Campania,Campania,5801692,2992582,51.58,0.62
1440,2021-06-13,CAM,43422,21236,22186,38101,4728,593,ITF,ITF3,15,Campania,Campania,5801692,3036004,52.33,0.75
1441,2021-05-30,CAM,52153,25441,26712,37961,13313,879,ITF,ITF3,15,Campania,Campania,5801692,3088157,53.23,0.9
1442,2021-02-19,CAM,9571,3559,6012,8714,650,207,ITF,ITF3,15,Campania,Campania,5801692,3097728,53.39,0.16
1443,2020-12-31,CAM,1489,810,679,1470,0,19,ITF,ITF3,15,Campania,Campania,5801692,3099217,53.42,0.03
1444,2021-06-06,CAM,63221,31442,31779,61926,648,647,ITF,ITF3,15,Campania,Campania,5801692,3162438,54.51,1.09
1445,2021-02-26,CAM,13335,4227,9108,11731,1336,268,ITF,ITF3,15,Campania,Campania,5801692,3175773,54.74,0.23
1446,2021-04-24,CAM,36363,17527,18836,24360,11248,755,ITF,ITF3,15,Campania,Campania,5801692,3212136,55.37,0.63
1447,2021-04-10,CAM,28355,13493,14862,22827,4914,614,ITF,ITF3,15,Campania,Campania,5801692,3240491,55.85,0.49
1448,2021-01-07,CAM,8910,4167,4743,8737,0,173,ITF,ITF3,15,Campania,Campania,5801692,3249401,56.01,0.15
1449,2021-03-05,CAM,16812,6665,10147,9864,6663,285,ITF,ITF3,15,Campania,Campania,5801692,3266213,56.3,0.29
1450,2021-01-14,CAM,7074,2978,4096,6810,0,264,ITF,ITF3,15,Campania,Campania,5801692,3273287,56.42,0.12
1451,2021-04-05,CAM,11638,5542,6096,8939,2424,275,ITF,ITF3,15,Campania,Campania,5801692,3284925,56.62,0.2
1452,2021-03-17,CAM,11590,5100,6490,4860,6581,149,ITF,ITF3,15,Campania,Campania,5801692,3296515,56.82,0.2
1453,2021-06-11,CAM,70782,34383,36399,63906,6034,842,ITF,ITF3,15,Campania,Campania,5801692,3367297,58.04,1.22
1454,2021-03-03,CAM,13924,5496,8428,7099,6630,195,ITF,ITF3,15,Campania,Campania,5801692,3381221,58.28,0.24
1455,2021-06-25,CAM,65493,31793,33700,13793,51321,379,ITF,ITF3,15,Campania,Campania,5801692,3446714,59.41,1.13
1456,2021-05-25,CAM,46500,22381,24119,22543,23409,548,ITF,ITF3,15,Campania,Campania,5801692,3493214,60.21,0.8
1457,2021-04-22,CAM,33962,16540,17422,20932,12405,625,ITF,ITF3,15,Campania,Campania,5801692,3527176,60.8,0.59
1458,2021-01-12,CAM,5215,2564,2651,5076,0,139,ITF,ITF3,15,Campania,Campania,5801692,3532391,60.89,0.09
1459,2021-05-06,CAM,57283,27909,29374,41311,14452,1520,ITF,ITF3,15,Campania,Campania,5801692,3589674,61.87,0.99
1460,2021-07-07,CAM,52022,24603,27419,7254,44390,378,ITF,ITF3,15,Campania,Campania,5801692,3641696,62.77,0.9
1461,2021-03-29,CAM,19404,9577,9827,17470,1547,387,ITF,ITF3,15,Campania,Campania,5801692,3661100,63.1,0.33
1462,2021-03-08,CAM,14685,6846,7839,9504,4775,406,ITF,ITF3,15,Campania,Campania,5801692,3675785,63.36,0.25
1463,2021-05-04,CAM,48480,23346,25134,38349,8901,1230,ITF,ITF3,15,Campania,Campania,5801692,3724265,64.19,0.84
1464,2021-01-24,CAM,4122,2119,2003,360,3745,17,ITF,ITF3,15,Campania,Campania,5801692,3728387,64.26,0.07
1465,2021-05-13,CAM,55451,24828,30623,37877,16005,1569,ITF,ITF3,15,Campania,Campania,5801692,3783838,65.22,0.96
1466,2021-07-09,CAM,61340,29669,31671,4355,56694,291,ITF,ITF3,15,Campania,Campania,5801692,3845178,66.28,1.06
1467,2021-01-31,CAM,8070,3712,4358,22,8047,1,ITF,ITF3,15,Campania,Campania,5801692,3853248,66.42,0.14
1468,2021-06-22,CAM,52435,25006,27429,13198,38990,247,ITF,ITF3,15,Campania,Campania,5801692,3905683,67.32,0.9
1469,2021-03-14,CAM,8617,3827,4790,4380,4140,97,ITF,ITF3,15,Campania,Campania,5801692,3914300,67.47,0.15
1470,2021-05-10,CAM,35465,16388,19077,24998,9927,540,ITF,ITF3,15,Campania,Campania,5801692,3949765,68.08,0.61
1471,2021-06-08,CAM,53030,25848,27182,45455,6995,580,ITF,ITF3,15,Campania,Campania,5801692,4002795,68.99,0.91
1472,2021-04-26,CAM,34031,16648,17383,27571,5622,838,ITF,ITF3,15,Campania,Campania,5801692,4036826,69.58,0.59
1473,2021-03-07,CAM,11973,5404,6569,7816,3843,314,ITF,ITF3,15,Campania,Campania,5801692,4048799,69.79,0.21
1474,2021-05-03,CAM,40777,19898,20879,27957,11857,963,ITF,ITF3,15,Campania,Campania,5801692,4089576,70.49,0.7
1475,2021-06-29,CAM,49293,23973,25320,19837,28996,460,ITF,ITF3,15,Campania,Campania,5801692,4138869,71.34,0.85
1476,2021-06-15,CAM,18653,9074,9579,11015,7408,230,ITF,ITF3,15,Campania,Campania,5801692,4157522,71.66,0.32
1477,2021-02-28,CAM,10412,3207,7205,8315,1900,197,ITF,ITF3,15,Campania,Campania,5801692,4167934,71.84,0.18
1478,2021-02-14,CAM,3928,1923,2005,3844,34,50,ITF,ITF3,15,Campania,Campania,5801692,4171862,71.91,0.07
1479,2021-01-26,CAM,7341,3726,3615,331,6989,21,ITF,ITF3,15,Campania,Campania,5801692,4179203,72.03,0.13
1480,2021-04-19,CAM,30770,14830,15940,18693,11572,505,ITF,ITF3,15,Campania,Campania,5801692,4209973,72.56,0.53
1481,2021-01-09,CAM,10567,5024,5543,10306,0,261,ITF,ITF3,15,Campania,Campania,5801692,4220540,72.75,0.18
1482,2021-01-17,CAM,1155,551,604,682,453,20,ITF,ITF3,15,Campania,Campania,5801692,4221695,72.77,0.02
1483,2021-03-15,CAM,13345,6490,6855,8353,4746,246,ITF,ITF3,15,Campania,Campania,5801692,4235040,73.0,0.23
1484,2021-07-02,CAM,55850,26985,28865,14439,40927,484,ITF,ITF3,15,Campania,Campania,5801692,4290890,73.96,0.96
1485,2021-05-27,CAM,72907,35347,37560,25818,46533,556,ITF,ITF3,15,Campania,Campania,5801692,4363797,75.22,1.26
1486,2021-02-16,CAM,5440,2412,3028,4494,771,175,ITF,ITF3,15,Campania,Campania,5801692,4369237,75.31,0.09
1487,2021-05-22,CAM,67951,32507,35444,45622,21485,844,ITF,ITF3,15,Campania,Campania,5801692,4437188,76.48,1.17
1488,2021-03-24,CAM,17923,8370,9553,14626,2958,339,ITF,ITF3,15,Campania,Campania,5801692,4455111,76.79,0.31
1489,2021-05-20,CAM,60809,28121,32688,42222,17628,959,ITF,ITF3,15,Campania,Campania,5801692,4515920,77.84,1.05
1490,2021-02-09,CAM,4643,2202,2441,4234,252,157,ITF,ITF3,15,Campania,Campania,5801692,4520563,77.92,0.08
1491,2021-05-29,CAM,67815,32258,35557,43107,23869,839,ITF,ITF3,15,Campania,Campania,5801692,4588378,79.09,1.17
1492,2021-06-20,CAM,47595,22740,24855,14333,32977,285,ITF,ITF3,15,Campania,Campania,5801692,4635973,79.91,0.82
1493,2021-03-27,CAM,21513,10242,11271,17256,3865,392,ITF,ITF3,15,Campania,Campania,5801692,4657486,80.28,0.37
1494,2021-06-01,CAM,42015,20852,21163,31306,10490,219,ITF,ITF3,15,Campania,Campania,5801692,4699501,81.0,0.72
1495,2021-06-18,CAM,65878,31394,34484,35097,30292,489,ITF,ITF3,15,Campania,Campania,5801692,4765379,82.14,1.14
1496,2021-03-10,CAM,15612,7720,7892,8464,6835,313,ITF,ITF3,15,Campania,Campania,5801692,4780991,82.41,0.27
1497,2021-05-15,CAM,62655,29040,33615,42155,18712,1788,ITF,ITF3,15,Campania,Campania,5801692,4843646,83.49,1.08
1498,2021-03-12,CAM,14573,7409,7164,8198,6083,292,ITF,ITF3,15,Campania,Campania,5801692,4858219,83.74,0.25
1499,2021-06-03,CAM,72634,35226,37408,61157,10673,804,ITF,ITF3,15,Campania,Campania,5801692,4930853,84.99,1.25
1500,2021-02-23,CAM,11002,3388,7614,10206,526,270,ITF,ITF3,15,Campania,Campania,5801692,4941855,85.18,0.19
1501,2021-02-21,CAM,5836,2241,3595,5496,225,115,ITF,ITF3,15,Campania,Campania,5801692,4947691,85.28,0.1
1502,2021-05-11,CAM,39861,19237,20624,29550,9400,911,ITF,ITF3,15,Campania,Campania,5801692,4987552,85.97,0.69
1503,2021-02-02,CAM,5724,2805,2919,413,5280,31,ITF,ITF3,15,Campania,Campania,5801692,4993276,86.07,0.1
1504,2021-03-31,CAM,23184,11369,11815,19356,3440,388,ITF,ITF3,15,Campania,Campania,5801692,5016460,86.47,0.4
1505,2021-04-07,CAM,24970,11985,12985,19712,4725,533,ITF,ITF3,15,Campania,Campania,5801692,5041430,86.9,0.43
1506,2021-04-02,CAM,21861,10522,11339,19096,2322,443,ITF,ITF3,15,Campania,Campania,5801692,5063291,87.27,0.38
1507,2021-06-02,CAM,42826,20141,22685,37714,4676,436,ITF,ITF3,15,Campania,Campania,5801692,5106117,88.01,0.74
1508,2021-02-22,CAM,10682,3294,7388,10194,263,225,ITF,ITF3,15,Campania,Campania,5801692,5116799,88.19,0.18
1509,2021-03-11,CAM,17998,9056,8942,10331,7279,388,ITF,ITF3,15,Campania,Campania,5801692,5134797,88.51,0.31
1510,2021-05-16,CAM,51148,23226,27922,32869,17573,706,ITF,ITF3,15,Campania,Campania,5801692,5185945,89.39,0.88
1511,2021-02-20,CAM,8573,3080,5493,8109,303,161,ITF,ITF3,15,Campania,Campania,5801692,5194518,89.53,0.15
1512,2021-02-03,CAM,8903,4003,4900,842,8025,36,ITF,ITF3,15,Campania,Campania,5801692,5203421,89.69,0.15
1513,2021-05-18,CAM,52184,23231,28953,31875,19656,653,ITF,ITF3,15,Campania,Campania,5801692,5255605,90.59,0.9
1514,2021-02-05,CAM,7261,3463,3798,2019,5128,114,ITF,ITF3,15,Campania,Campania,5801692,5262866,90.71,0.13
1515,2021-04-29,CAM,41328,20036,21292,24096,16481,751,ITF,ITF3,15,Campania,Campania,5801692,5304194,91.42,0.71
1516,2021-01-19,CAM,1095,474,621,1042,3,50,ITF,ITF3,15,Campania,Campania,5801692,5305289,91.44,0.02
1517,2021-01-21,CAM,2092,1115,977,670,1416,6,ITF,ITF3,15,Campania,Campania,5801692,5307381,91.48,0.04
1518,2021-04-14,CAM,27650,13338,14312,18670,8570,410,ITF,ITF3,15,Campania,Campania,5801692,5335031,91.96,0.48
1519,2021-05-01,CAM,46346,22662,23684,29339,16105,902,ITF,ITF3,15,Campania,Campania,5801692,5381377,92.76,0.8
1520,2021-07-06,CAM,56618,27027,29591,16324,39845,449,ITF,ITF3,15,Campania,Campania,5801692,5437995,93.73,0.98
1521,2021-04-12,CAM,23306,10920,12386,19772,3035,499,ITF,ITF3,15,Campania,Campania,5801692,5461301,94.13,0.4
1522,2021-01-02,CAM,3672,1962,1710,3614,0,58,ITF,ITF3,15,Campania,Campania,5801692,5464973,94.2,0.06
1523,2021-06-17,CAM,60124,28834,31290,32868,26757,499,ITF,ITF3,15,Campania,Campania,5801692,5525097,95.23,1.04
1524,2021-07-04,CAM,48817,23764,25053,6328,42307,182,ITF,ITF3,15,Campania,Campania,5801692,5573914,96.07,0.84
1525,2021-03-26,CAM,19862,9321,10541,15650,3815,397,ITF,ITF3,15,Campania,Campania,5801692,5593776,96.42,0.34
1526,2021-03-25,BAS,1884,604,1280,1519,344,21,ITF,ITF5,17,Basilicata,Basilicata,559084,1884,0.34,0.34
1527,2021-01-27,BAS,412,175,237,113,299,0,ITF,ITF5,17,Basilicata,Basilicata,559084,2296,0.41,0.07
1528,2021-02-10,BAS,549,238,311,495,52,2,ITF,ITF5,17,Basilicata,Basilicata,559084,2845,0.51,0.1
1529,2021-05-21,BAS,4574,2320,2254,1479,3083,12,ITF,ITF5,17,Basilicata,Basilicata,559084,7419,1.33,0.82
1530,2021-04-01,BAS,2706,1111,1595,1956,722,28,ITF,ITF5,17,Basilicata,Basilicata,559084,10125,1.81,0.48
1531,2021-02-03,BAS,669,301,368,32,637,0,ITF,ITF5,17,Basilicata,Basilicata,559084,10794,1.93,0.12
1532,2021-05-04,BAS,4137,1991,2146,3566,523,48,ITF,ITF5,17,Basilicata,Basilicata,559084,14931,2.67,0.74
1533,2021-03-08,BAS,1462,715,747,818,614,30,ITF,ITF5,17,Basilicata,Basilicata,559084,16393,2.93,0.26
1534,2021-06-16,BAS,4596,2083,2513,2122,2454,20,ITF,ITF5,17,Basilicata,Basilicata,559084,20989,3.75,0.82
1535,2021-01-15,BAS,816,351,465,816,0,0,ITF,ITF5,17,Basilicata,Basilicata,559084,21805,3.9,0.15
1536,2020-12-27,BAS,106,41,65,106,0,0,ITF,ITF5,17,Basilicata,Basilicata,559084,21911,3.92,0.02
1537,2021-03-20,BAS,1294,573,721,274,1013,7,ITF,ITF5,17,Basilicata,Basilicata,559084,23205,4.15,0.23
1538,2021-06-28,BAS,3640,1745,1895,2113,1509,18,ITF,ITF5,17,Basilicata,Basilicata,559084,26845,4.8,0.65
1539,2021-03-06,BAS,1361,538,823,750,599,12,ITF,ITF5,17,Basilicata,Basilicata,559084,28206,5.05,0.24
1540,2021-01-10,BAS,77,24,53,77,0,0,ITF,ITF5,17,Basilicata,Basilicata,559084,28283,5.06,0.01
1541,2021-04-20,BAS,4035,1921,2114,2178,1833,24,ITF,ITF5,17,Basilicata,Basilicata,559084,32318,5.78,0.72
1542,2021-01-08,BAS,554,219,335,554,0,0,ITF,ITF5,17,Basilicata,Basilicata,559084,32872,5.88,0.1
1543,2021-03-15,BAS,2361,986,1375,508,1837,16,ITF,ITF5,17,Basilicata,Basilicata,559084,35233,6.3,0.42
1544,2021-01-17,BAS,328,133,195,327,1,0,ITF,ITF5,17,Basilicata,Basilicata,559084,35561,6.36,0.06
1545,2021-04-08,BAS,766,351,415,741,10,15,ITF,ITF5,17,Basilicata,Basilicata,559084,36327,6.5,0.14
1546,2021-04-22,BAS,5045,2349,2696,3380,1611,54,ITF,ITF5,17,Basilicata,Basilicata,559084,41372,7.4,0.9
1547,2021-06-30,BAS,3453,1669,1784,2316,1111,26,ITF,ITF5,17,Basilicata,Basilicata,559084,44825,8.02,0.62
1548,2021-02-17,BAS,1135,493,642,1057,76,2,ITF,ITF5,17,Basilicata,Basilicata,559084,45960,8.22,0.2
1549,2021-05-28,BAS,3615,1810,1805,919,2663,33,ITF,ITF5,17,Basilicata,Basilicata,559084,49575,8.87,0.65
1550,2021-06-04,BAS,4837,2291,2546,3754,1046,37,ITF,ITF5,17,Basilicata,Basilicata,559084,54412,9.73,0.87
1551,2021-02-24,BAS,1807,743,1064,1723,73,11,ITF,ITF5,17,Basilicata,Basilicata,559084,56219,10.06,0.32
1552,2021-02-22,BAS,1791,773,1018,1730,53,8,ITF,ITF5,17,Basilicata,Basilicata,559084,58010,10.38,0.32
1553,2021-01-22,BAS,67,24,43,67,0,0,ITF,ITF5,17,Basilicata,Basilicata,559084,58077,10.39,0.01
1554,2021-05-02,BAS,4180,2001,2179,3491,629,60,ITF,ITF5,17,Basilicata,Basilicata,559084,62257,11.14,0.75
1555,2021-04-15,BAS,3386,1659,1727,2589,754,43,ITF,ITF5,17,Basilicata,Basilicata,559084,65643,11.74,0.61
1556,2021-07-07,BAS,5209,2474,2735,2022,3175,12,ITF,ITF5,17,Basilicata,Basilicata,559084,70852,12.67,0.93
1557,2021-05-30,BAS,2776,1420,1356,919,1852,5,ITF,ITF5,17,Basilicata,Basilicata,559084,73628,13.17,0.5
1558,2021-04-03,BAS,1808,749,1059,1460,336,12,ITF,ITF5,17,Basilicata,Basilicata,559084,75436,13.49,0.32
1559,2021-02-05,BAS,988,444,544,63,924,1,ITF,ITF5,17,Basilicata,Basilicata,559084,76424,13.67,0.18
1560,2021-05-16,BAS,4972,2468,2504,2811,2113,48,ITF,ITF5,17,Basilicata,Basilicata,559084,81396,14.56,0.89
1561,2021-06-01,BAS,6136,2926,3210,3033,3076,27,ITF,ITF5,17,Basilicata,Basilicata,559084,87532,15.66,1.1
1562,2021-06-08,BAS,4585,2193,2392,4189,358,38,ITF,ITF5,17,Basilicata,Basilicata,559084,92117,16.48,0.82
1563,2021-06-09,BAS,4429,2073,2356,3973,424,32,ITF,ITF5,17,Basilicata,Basilicata,559084,96546,17.27,0.79
1564,2021-04-13,BAS,2119,1053,1066,1285,817,17,ITF,ITF5,17,Basilicata,Basilicata,559084,98665,17.65,0.38
1565,2021-03-01,BAS,550,286,264,383,167,0,ITF,ITF5,17,Basilicata,Basilicata,559084,99215,17.75,0.1
1566,2021-06-18,BAS,4536,2083,2453,2183,2327,26,ITF,ITF5,17,Basilicata,Basilicata,559084,103751,18.56,0.81
1567,2021-01-24,BAS,842,305,537,57,784,1,ITF,ITF5,17,Basilicata,Basilicata,559084,104593,18.71,0.15
1568,2021-05-13,BAS,5985,2967,3018,3299,2596,90,ITF,ITF5,17,Basilicata,Basilicata,559084,110578,19.78,1.07
1569,2021-04-27,BAS,4727,2242,2485,4351,325,51,ITF,ITF5,17,Basilicata,Basilicata,559084,115305,20.62,0.85
1570,2021-06-27,BAS,3007,1477,1530,2377,616,14,ITF,ITF5,17,Basilicata,Basilicata,559084,118312,21.16,0.54
1571,2021-05-09,BAS,4683,2339,2344,2940,1694,49,ITF,ITF5,17,Basilicata,Basilicata,559084,122995,22.0,0.84
1572,2021-02-15,BAS,622,232,390,566,42,14,ITF,ITF5,17,Basilicata,Basilicata,559084,123617,22.11,0.11
1573,2021-01-29,BAS,617,231,386,63,554,0,ITF,ITF5,17,Basilicata,Basilicata,559084,124234,22.22,0.11
1574,2021-03-05,BAS,1856,857,999,1096,747,13,ITF,ITF5,17,Basilicata,Basilicata,559084,126090,22.55,0.33
1575,2021-06-13,BAS,3014,1439,1575,2678,308,28,ITF,ITF5,17,Basilicata,Basilicata,559084,129104,23.09,0.54
1576,2021-05-27,BAS,3602,1855,1747,1059,2529,14,ITF,ITF5,17,Basilicata,Basilicata,559084,132706,23.74,0.64
1577,2021-06-11,BAS,4237,1982,2255,3168,1028,41,ITF,ITF5,17,Basilicata,Basilicata,559084,136943,24.49,0.76
1578,2021-05-11,BAS,2654,1353,1301,1597,1033,24,ITF,ITF5,17,Basilicata,Basilicata,559084,139597,24.97,0.47
1579,2021-04-05,BAS,724,233,491,412,302,10,ITF,ITF5,17,Basilicata,Basilicata,559084,140321,25.1,0.13
1580,2021-05-23,BAS,4518,2302,2216,1527,2984,7,ITF,ITF5,17,Basilicata,Basilicata,559084,144839,25.91,0.81
1581,2021-03-27,BAS,2251,862,1389,1808,429,14,ITF,ITF5,17,Basilicata,Basilicata,559084,147090,26.31,0.4
1582,2021-07-05,BAS,3269,1614,1655,2214,1022,33,ITF,ITF5,17,Basilicata,Basilicata,559084,150359,26.89,0.58
1583,2021-01-03,BAS,901,344,557,901,0,0,ITF,ITF5,17,Basilicata,Basilicata,559084,151260,27.05,0.16
1584,2021-07-09,BAS,5375,2611,2764,1680,3686,9,ITF,ITF5,17,Basilicata,Basilicata,559084,156635,28.02,0.96
1585,2021-06-23,BAS,3319,1563,1756,2411,876,32,ITF,ITF5,17,Basilicata,Basilicata,559084,159954,28.61,0.59
1586,2021-03-13,BAS,1799,890,909,735,1045,19,ITF,ITF5,17,Basilicata,Basilicata,559084,161753,28.93,0.32
1587,2021-02-07,BAS,375,159,216,49,326,0,ITF,ITF5,17,Basilicata,Basilicata,559084,162128,29.0,0.07
1588,2021-05-18,BAS,5897,2857,3040,3385,2492,20,ITF,ITF5,17,Basilicata,Basilicata,559084,168025,30.05,1.05
1589,2021-05-01,BAS,4705,2138,2567,3886,752,67,ITF,ITF5,17,Basilicata,Basilicata,559084,172730,30.9,0.84
1590,2021-04-12,BAS,2172,1053,1119,1654,489,29,ITF,ITF5,17,Basilicata,Basilicata,559084,174902,31.28,0.39
1591,2021-04-19,BAS,4166,1913,2253,2398,1638,130,ITF,ITF5,17,Basilicata,Basilicata,559084,179068,32.03,0.75
1592,2021-06-15,BAS,3219,1415,1804,2224,975,20,ITF,ITF5,17,Basilicata,Basilicata,559084,182287,32.6,0.58
1593,2021-05-08,BAS,4835,2399,2436,3386,1407,42,ITF,ITF5,17,Basilicata,Basilicata,559084,187122,33.47,0.86
1594,2021-03-10,BAS,1681,843,838,833,839,9,ITF,ITF5,17,Basilicata,Basilicata,559084,188803,33.77,0.3
1595,2021-01-26,BAS,801,354,447,101,700,0,ITF,ITF5,17,Basilicata,Basilicata,559084,189604,33.91,0.14
1596,2021-05-06,BAS,5052,2435,2617,3432,1569,51,ITF,ITF5,17,Basilicata,Basilicata,559084,194656,34.82,0.9
1597,2021-05-15,BAS,6529,3344,3185,3875,2571,83,ITF,ITF5,17,Basilicata,Basilicata,559084,201185,35.98,1.17
1598,2021-04-24,BAS,4542,2197,2345,3474,1013,55,ITF,ITF5,17,Basilicata,Basilicata,559084,205727,36.8,0.81
1599,2021-03-19,BAS,2296,995,1301,259,2030,7,ITF,ITF5,17,Basilicata,Basilicata,559084,208023,37.21,0.41
1600,2021-03-22,BAS,1190,537,653,634,548,8,ITF,ITF5,17,Basilicata,Basilicata,559084,209213,37.42,0.21
1601,2021-03-03,BAS,1748,818,930,1167,559,22,ITF,ITF5,17,Basilicata,Basilicata,559084,210961,37.73,0.31
1602,2021-05-25,BAS,4195,2112,2083,864,3321,10,ITF,ITF5,17,Basilicata,Basilicata,559084,215156,38.48,0.75
1603,2021-02-14,BAS,151,48,103,105,0,46,ITF,ITF5,17,Basilicata,Basilicata,559084,215307,38.51,0.03
1604,2021-01-31,BAS,77,24,53,0,77,0,ITF,ITF5,17,Basilicata,Basilicata,559084,215384,38.52,0.01
1605,2021-01-12,BAS,217,88,129,217,0,0,ITF,ITF5,17,Basilicata,Basilicata,559084,215601,38.56,0.04
1606,2021-01-07,BAS,641,319,322,641,0,0,ITF,ITF5,17,Basilicata,Basilicata,559084,216242,38.68,0.11
1607,2021-02-19,BAS,1623,738,885,1556,62,5,ITF,ITF5,17,Basilicata,Basilicata,559084,217865,38.97,0.29
1608,2021-02-12,BAS,776,332,444,744,31,1,ITF,ITF5,17,Basilicata,Basilicata,559084,218641,39.11,0.14
1609,2021-04-10,BAS,1033,378,655,924,83,26,ITF,ITF5,17,Basilicata,Basilicata,559084,219674,39.29,0.18
1610,2021-02-26,BAS,2151,904,1247,2064,81,6,ITF,ITF5,17,Basilicata,Basilicata,559084,221825,39.68,0.38
1611,2021-05-20,BAS,5878,2977,2901,2883,2967,28,ITF,ITF5,17,Basilicata,Basilicata,559084,227703,40.73,1.05
1612,2021-06-06,BAS,4513,2074,2439,3695,780,38,ITF,ITF5,17,Basilicata,Basilicata,559084,232216,41.54,0.81
1613,2021-04-29,BAS,4832,2385,2447,4339,421,72,ITF,ITF5,17,Basilicata,Basilicata,559084,237048,42.4,0.86
1614,2021-03-17,BAS,1455,610,845,24,1427,4,ITF,ITF5,17,Basilicata,Basilicata,559084,238503,42.66,0.26
1615,2021-01-19,BAS,199,84,115,199,0,0,ITF,ITF5,17,Basilicata,Basilicata,559084,238702,42.7,0.04
1616,2021-06-25,BAS,3318,1573,1745,2454,831,33,ITF,ITF5,17,Basilicata,Basilicata,559084,242020,43.29,0.59
1617,2021-07-04,BAS,3109,1562,1547,2163,921,25,ITF,ITF5,17,Basilicata,Basilicata,559084,245129,43.84,0.56
1618,2021-03-24,BAS,1898,724,1174,1478,398,22,ITF,ITF5,17,Basilicata,Basilicata,559084,247027,44.18,0.34
1619,2021-07-02,BAS,3636,1791,1845,2434,1174,28,ITF,ITF5,17,Basilicata,Basilicata,559084,250663,44.83,0.65
1620,2021-02-16,BAS,907,377,530,790,98,19,ITF,ITF5,17,Basilicata,Basilicata,559084,251570,45.0,0.16
1621,2021-01-28,BAS,907,402,505,119,788,0,ITF,ITF5,17,Basilicata,Basilicata,559084,252477,45.16,0.16
1622,2021-01-14,BAS,969,413,556,969,0,0,ITF,ITF5,17,Basilicata,Basilicata,559084,253446,45.33,0.17
1623,2021-04-07,BAS,1211,551,660,1155,36,20,ITF,ITF5,17,Basilicata,Basilicata,559084,254657,45.55,0.22
1624,2021-04-25,BAS,2988,1457,1531,2904,52,32,ITF,ITF5,17,Basilicata,Basilicata,559084,257645,46.08,0.53
1625,2021-05-12,BAS,4724,2327,2397,2794,1882,48,ITF,ITF5,17,Basilicata,Basilicata,559084,262369,46.93,0.84
1626,2021-04-06,BAS,1273,464,809,1074,184,15,ITF,ITF5,17,Basilicata,Basilicata,559084,263642,47.16,0.23
1627,2021-06-14,BAS,4825,2156,2669,2092,2709,24,ITF,ITF5,17,Basilicata,Basilicata,559084,268467,48.02,0.86
1628,2021-03-23,BAS,1591,610,981,1406,168,17,ITF,ITF5,17,Basilicata,Basilicata,559084,270058,48.3,0.28
1629,2021-07-01,BAS,3652,1807,1845,2515,1104,33,ITF,ITF5,17,Basilicata,Basilicata,559084,273710,48.96,0.65
1630,2021-02-01,BAS,242,91,151,46,196,0,ITF,ITF5,17,Basilicata,Basilicata,559084,273952,49.0,0.04
1631,2021-04-02,BAS,2318,1046,1272,1692,605,21,ITF,ITF5,17,Basilicata,Basilicata,559084,276270,49.41,0.41
1632,2021-02-04,BAS,1099,443,656,63,1036,0,ITF,ITF5,17,Basilicata,Basilicata,559084,277369,49.61,0.2
1633,2021-02-02,BAS,367,143,224,174,192,1,ITF,ITF5,17,Basilicata,Basilicata,559084,277736,49.68,0.07
1634,2021-04-09,BAS,1151,350,801,1064,63,24,ITF,ITF5,17,Basilicata,Basilicata,559084,278887,49.88,0.21
1635,2021-02-28,BAS,810,346,464,771,35,4,ITF,ITF5,17,Basilicata,Basilicata,559084,279697,50.03,0.14
1636,2021-01-02,BAS,950,381,569,949,0,1,ITF,ITF5,17,Basilicata,Basilicata,559084,280647,50.2,0.17
1637,2021-01-16,BAS,722,304,418,722,0,0,ITF,ITF5,17,Basilicata,Basilicata,559084,281369,50.33,0.13
1638,2021-04-26,BAS,4468,2167,2301,4201,221,46,ITF,ITF5,17,Basilicata,Basilicata,559084,285837,51.13,0.8
1639,2021-06-24,BAS,4141,1959,2182,2201,1903,37,ITF,ITF5,17,Basilicata,Basilicata,559084,289978,51.87,0.74
1640,2021-04-28,BAS,4705,2158,2547,4205,441,59,ITF,ITF5,17,Basilicata,Basilicata,559084,294683,52.71,0.84
1641,2021-03-02,BAS,798,385,413,657,136,5,ITF,ITF5,17,Basilicata,Basilicata,559084,295481,52.85,0.14
1642,2021-06-10,BAS,4346,2102,2244,3870,441,35,ITF,ITF5,17,Basilicata,Basilicata,559084,299827,53.63,0.78
1643,2021-06-17,BAS,4515,2059,2456,2089,2402,24,ITF,ITF5,17,Basilicata,Basilicata,559084,304342,54.44,0.81
1644,2021-04-21,BAS,3920,1834,2086,2241,1650,29,ITF,ITF5,17,Basilicata,Basilicata,559084,308262,55.14,0.7
1645,2021-01-18,BAS,463,157,306,364,99,0,ITF,ITF5,17,Basilicata,Basilicata,559084,308725,55.22,0.08
1646,2021-03-16,BAS,1908,802,1106,226,1679,3,ITF,ITF5,17,Basilicata,Basilicata,559084,310633,55.56,0.34
1647,2021-05-05,BAS,4334,2048,2286,3378,890,66,ITF,ITF5,17,Basilicata,Basilicata,559084,314967,56.34,0.78
1648,2021-03-09,BAS,1404,717,687,778,608,18,ITF,ITF5,17,Basilicata,Basilicata,559084,316371,56.59,0.25
1649,2021-01-25,BAS,1026,430,596,73,952,1,ITF,ITF5,17,Basilicata,Basilicata,559084,317397,56.77,0.18
1650,2021-01-11,BAS,183,66,117,183,0,0,ITF,ITF5,17,Basilicata,Basilicata,559084,317580,56.8,0.03
1651,2021-05-10,BAS,4804,2382,2422,2718,2042,44,ITF,ITF5,17,Basilicata,Basilicata,559084,322384,57.66,0.86
1652,2021-06-29,BAS,3881,1892,1989,2814,1041,26,ITF,ITF5,17,Basilicata,Basilicata,559084,326265,58.36,0.69
1653,2021-03-21,BAS,1062,489,573,364,696,2,ITF,ITF5,17,Basilicata,Basilicata,559084,327327,58.55,0.19
1654,2021-05-29,BAS,3060,1534,1526,826,2225,9,ITF,ITF5,17,Basilicata,Basilicata,559084,330387,59.09,0.55
1655,2021-04-14,BAS,2041,1000,1041,1351,674,16,ITF,ITF5,17,Basilicata,Basilicata,559084,332428,59.46,0.37
1656,2021-01-21,BAS,30,10,20,30,0,0,ITF,ITF5,17,Basilicata,Basilicata,559084,332458,59.46,0.01
1657,2021-01-04,BAS,608,271,337,608,0,0,ITF,ITF5,17,Basilicata,Basilicata,559084,333066,59.57,0.11
1658,2021-07-06,BAS,4071,1942,2129,2032,2005,34,ITF,ITF5,17,Basilicata,Basilicata,559084,337137,60.3,0.73
1659,2021-02-11,BAS,952,401,551,867,83,2,ITF,ITF5,17,Basilicata,Basilicata,559084,338089,60.47,0.17
1660,2021-05-22,BAS,5489,2723,2766,1927,3551,11,ITF,ITF5,17,Basilicata,Basilicata,559084,343578,61.45,0.98
1661,2021-03-26,BAS,1955,703,1252,1669,260,26,ITF,ITF5,17,Basilicata,Basilicata,559084,345533,61.8,0.35
1662,2021-02-21,BAS,284,113,171,284,0,0,ITF,ITF5,17,Basilicata,Basilicata,559084,345817,61.85,0.05
1663,2021-03-07,BAS,889,309,580,841,38,10,ITF,ITF5,17,Basilicata,Basilicata,559084,346706,62.01,0.16
1664,2021-01-09,BAS,557,160,397,557,0,0,ITF,ITF5,17,Basilicata,Basilicata,559084,347263,62.11,0.1
1665,2021-07-03,BAS,3639,1832,1807,2453,1146,40,ITF,ITF5,17,Basilicata,Basilicata,559084,350902,62.76,0.65
1666,2021-05-07,BAS,4649,2284,2365,3271,1354,24,ITF,ITF5,17,Basilicata,Basilicata,559084,355551,63.6,0.83
1667,2021-07-10,BAS,5550,2686,2864,1595,3947,8,ITF,ITF5,17,Basilicata,Basilicata,559084,361101,64.59,0.99
1668,2021-05-14,BAS,5907,2799,3108,3273,2531,103,ITF,ITF5,17,Basilicata,Basilicata,559084,367008,65.64,1.06
1669,2021-03-18,BAS,1352,565,787,17,1326,9,ITF,ITF5,17,Basilicata,Basilicata,559084,368360,65.89,0.24
1670,2021-06-26,BAS,3327,1611,1716,2742,557,28,ITF,ITF5,17,Basilicata,Basilicata,559084,371687,66.48,0.6
1671,2021-01-13,BAS,916,387,529,916,0,0,ITF,ITF5,17,Basilicata,Basilicata,559084,372603,66.65,0.16
1672,2021-04-23,BAS,4537,2184,2353,3479,999,59,ITF,ITF5,17,Basilicata,Basilicata,559084,377140,67.46,0.81
1673,2021-01-30,BAS,706,229,477,129,577,0,ITF,ITF5,17,Basilicata,Basilicata,559084,377846,67.58,0.13
1674,2021-03-04,BAS,1884,893,991,1063,799,22,ITF,ITF5,17,Basilicata,Basilicata,559084,379730,67.92,0.34
1675,2021-06-12,BAS,3672,1687,1985,2957,676,39,ITF,ITF5,17,Basilicata,Basilicata,559084,383402,68.58,0.66
1676,2021-02-27,BAS,1993,861,1132,1812,164,17,ITF,ITF5,17,Basilicata,Basilicata,559084,385395,68.93,0.36
1677,2021-06-07,BAS,4240,1921,2319,3889,315,36,ITF,ITF5,17,Basilicata,Basilicata,559084,389635,69.69,0.76
1678,2021-04-11,BAS,851,330,521,756,66,29,ITF,ITF5,17,Basilicata,Basilicata,559084,390486,69.84,0.15
1679,2021-04-04,BAS,610,225,385,191,413,6,ITF,ITF5,17,Basilicata,Basilicata,559084,391096,69.95,0.11
1680,2021-01-23,BAS,722,306,416,33,689,0,ITF,ITF5,17,Basilicata,Basilicata,559084,391818,70.08,0.13
1681,2021-05-03,BAS,4511,2043,2468,3622,827,62,ITF,ITF5,17,Basilicata,Basilicata,559084,396329,70.89,0.81
1682,2021-02-09,BAS,491,213,278,316,175,0,ITF,ITF5,17,Basilicata,Basilicata,559084,396820,70.98,0.09
1683,2021-06-21,BAS,4252,2042,2210,2142,2091,19,ITF,ITF5,17,Basilicata,Basilicata,559084,401072,71.74,0.76
1684,2021-06-19,BAS,4465,2178,2287,2370,2073,22,ITF,ITF5,17,Basilicata,Basilicata,559084,405537,72.54,0.8
1685,2021-03-28,BAS,2143,743,1400,2109,17,17,ITF,ITF5,17,Basilicata,Basilicata,559084,407680,72.92,0.38
1686,2021-03-11,BAS,1794,928,866,817,959,18,ITF,ITF5,17,Basilicata,Basilicata,559084,409474,73.24,0.32
1687,2021-03-30,BAS,2745,1159,1586,2384,346,15,ITF,ITF5,17,Basilicata,Basilicata,559084,412219,73.73,0.49
1688,2021-07-08,BAS,5111,2404,2707,1833,3254,24,ITF,ITF5,17,Basilicata,Basilicata,559084,417330,74.65,0.91
1689,2021-01-06,BAS,294,129,165,294,0,0,ITF,ITF5,17,Basilicata,Basilicata,559084,417624,74.7,0.05
1690,2021-02-13,BAS,800,314,486,701,61,38,ITF,ITF5,17,Basilicata,Basilicata,559084,418424,74.84,0.14
1691,2021-05-24,BAS,4833,2343,2490,1090,3730,13,ITF,ITF5,17,Basilicata,Basilicata,559084,423257,75.71,0.86
1692,2021-06-02,BAS,5959,2804,3155,4375,1543,41,ITF,ITF5,17,Basilicata,Basilicata,559084,429216,76.77,1.07
1693,2021-04-18,BAS,3717,1843,1874,2329,1366,22,ITF,ITF5,17,Basilicata,Basilicata,559084,432933,77.44,0.66
1694,2021-02-20,BAS,1163,532,631,1044,119,0,ITF,ITF5,17,Basilicata,Basilicata,559084,434096,77.64,0.21
1695,2021-05-31,BAS,4230,2010,2220,1714,2508,8,ITF,ITF5,17,Basilicata,Basilicata,559084,438326,78.4,0.76
1696,2021-02-18,BAS,1070,401,669,852,215,3,ITF,ITF5,17,Basilicata,Basilicata,559084,439396,78.59,0.19
1697,2021-05-26,BAS,4488,2259,2229,1677,2782,29,ITF,ITF5,17,Basilicata,Basilicata,559084,443884,79.39,0.8
1698,2021-04-16,BAS,3321,1634,1687,2400,898,23,ITF,ITF5,17,Basilicata,Basilicata,559084,447205,79.99,0.59
1699,2021-04-17,BAS,3461,1655,1806,2171,1262,28,ITF,ITF5,17,Basilicata,Basilicata,559084,450666,80.61,0.62
1700,2021-03-29,BAS,2434,880,1554,2096,287,51,ITF,ITF5,17,Basilicata,Basilicata,559084,453100,81.04,0.44
1701,2021-01-05,BAS,946,409,537,946,0,0,ITF,ITF5,17,Basilicata,Basilicata,559084,454046,81.21,0.17
1702,2021-06-20,BAS,4011,1884,2127,1941,2036,34,ITF,ITF5,17,Basilicata,Basilicata,559084,458057,81.93,0.72
1703,2021-03-14,BAS,1010,477,533,529,469,12,ITF,ITF5,17,Basilicata,Basilicata,559084,459067,82.11,0.18
1704,2021-03-31,BAS,3094,1258,1836,2282,782,30,ITF,ITF5,17,Basilicata,Basilicata,559084,462161,82.66,0.55
1705,2021-06-22,BAS,4371,2071,2300,2237,2102,32,ITF,ITF5,17,Basilicata,Basilicata,559084,466532,83.45,0.78
1706,2021-06-05,BAS,4805,2211,2594,3826,943,36,ITF,ITF5,17,Basilicata,Basilicata,559084,471337,84.31,0.86
1707,2021-02-23,BAS,1902,771,1131,1746,139,17,ITF,ITF5,17,Basilicata,Basilicata,559084,473239,84.65,0.34
1708,2021-06-03,BAS,4920,2257,2663,3701,1181,38,ITF,ITF5,17,Basilicata,Basilicata,559084,478159,85.53,0.88
1709,2021-03-12,BAS,1908,981,927,780,1102,26,ITF,ITF5,17,Basilicata,Basilicata,559084,480067,85.87,0.34
1710,2021-05-17,BAS,5541,2733,2808,3360,2132,49,ITF,ITF5,17,Basilicata,Basilicata,559084,485608,86.86,0.99
1711,2021-02-08,BAS,558,193,365,151,407,0,ITF,ITF5,17,Basilicata,Basilicata,559084,486166,86.96,0.1
1712,2021-05-19,BAS,2871,1498,1373,1182,1676,13,ITF,ITF5,17,Basilicata,Basilicata,559084,489037,87.47,0.51
1713,2021-02-25,BAS,1789,738,1051,1732,46,11,ITF,ITF5,17,Basilicata,Basilicata,559084,490826,87.79,0.32
1714,2021-02-06,BAS,907,370,537,146,761,0,ITF,ITF5,17,Basilicata,Basilicata,559084,491733,87.95,0.16
1715,2021-04-30,BAS,5283,2373,2910,4064,1162,57,ITF,ITF5,17,Basilicata,Basilicata,559084,497016,88.9,0.94
1716,2021-01-20,BAS,84,22,62,84,0,0,ITF,ITF5,17,Basilicata,Basilicata,559084,497100,88.91,0.02
1717,2021-02-06,CAL,2912,1341,1571,444,2467,1,ITF,ITF6,18,Calabria,Calabria,1947131,2912,0.15,0.15
1718,2021-07-10,CAL,15933,7534,8399,3249,12641,43,ITF,ITF6,18,Calabria,Calabria,1947131,18845,0.97,0.82
1719,2021-01-23,CAL,401,186,215,359,42,0,ITF,ITF6,18,Calabria,Calabria,1947131,19246,0.99,0.02
1720,2021-03-28,CAL,2689,1231,1458,1564,1121,4,ITF,ITF6,18,Calabria,Calabria,1947131,21935,1.13,0.14
1721,2021-01-06,CAL,936,505,431,936,0,0,ITF,ITF6,18,Calabria,Calabria,1947131,22871,1.17,0.05
1722,2021-04-16,CAL,10209,4975,5234,8572,1584,53,ITF,ITF6,18,Calabria,Calabria,1947131,33080,1.7,0.52
1723,2021-02-18,CAL,1851,850,1001,1608,228,15,ITF,ITF6,18,Calabria,Calabria,1947131,34931,1.79,0.1
1724,2021-06-21,CAL,15347,7057,8290,7978,7334,35,ITF,ITF6,18,Calabria,Calabria,1947131,50278,2.58,0.79
1725,2021-01-04,CAL,1069,530,539,1066,0,3,ITF,ITF6,18,Calabria,Calabria,1947131,51347,2.64,0.05
1726,2021-01-11,CAL,2172,1050,1122,2170,0,2,ITF,ITF6,18,Calabria,Calabria,1947131,53519,2.75,0.11
1727,2021-01-25,CAL,1078,517,561,148,930,0,ITF,ITF6,18,Calabria,Calabria,1947131,54597,2.8,0.06
1728,2021-05-05,CAL,13533,6471,7062,8409,5053,71,ITF,ITF6,18,Calabria,Calabria,1947131,68130,3.5,0.7
1729,2021-03-02,CAL,4370,2493,1877,3606,756,8,ITF,ITF6,18,Calabria,Calabria,1947131,72500,3.72,0.22
1730,2021-03-16,CAL,3858,1892,1966,2186,1661,11,ITF,ITF6,18,Calabria,Calabria,1947131,76358,3.92,0.2
1731,2021-06-14,CAL,14331,6493,7838,9620,4635,76,ITF,ITF6,18,Calabria,Calabria,1947131,90689,4.66,0.74
1732,2021-03-04,CAL,5484,3191,2293,4667,797,20,ITF,ITF6,18,Calabria,Calabria,1947131,96173,4.94,0.28
1733,2021-06-12,CAL,13218,6287,6931,10753,2402,63,ITF,ITF6,18,Calabria,Calabria,1947131,109391,5.62,0.68
1734,2021-04-18,CAL,5848,2795,3053,4914,913,21,ITF,ITF6,18,Calabria,Calabria,1947131,115239,5.92,0.3
1735,2021-04-04,CAL,1571,785,786,1140,421,10,ITF,ITF6,18,Calabria,Calabria,1947131,116810,6.0,0.08
1736,2021-06-26,CAL,15559,7186,8373,7553,7939,67,ITF,ITF6,18,Calabria,Calabria,1947131,132369,6.8,0.8
1737,2021-06-07,CAL,17998,8419,9579,14710,3210,78,ITF,ITF6,18,Calabria,Calabria,1947131,150367,7.72,0.92
1738,2021-04-30,CAL,15029,7368,7661,10564,4397,68,ITF,ITF6,18,Calabria,Calabria,1947131,165396,8.49,0.77
1739,2021-01-18,CAL,1296,586,710,1051,241,4,ITF,ITF6,18,Calabria,Calabria,1947131,166692,8.56,0.07
1740,2021-03-09,CAL,6412,3312,3100,5368,981,63,ITF,ITF6,18,Calabria,Calabria,1947131,173104,8.89,0.33
1741,2021-02-20,CAL,1438,765,673,1104,320,14,ITF,ITF6,18,Calabria,Calabria,1947131,174542,8.96,0.07
1742,2021-05-31,CAL,15275,7329,7946,7312,7882,81,ITF,ITF6,18,Calabria,Calabria,1947131,189817,9.75,0.78
1743,2021-07-01,CAL,12304,5800,6504,5401,6820,83,ITF,ITF6,18,Calabria,Calabria,1947131,202121,10.38,0.63
1744,2021-02-01,CAL,2525,1201,1324,241,2281,3,ITF,ITF6,18,Calabria,Calabria,1947131,204646,10.51,0.13
1745,2021-07-08,CAL,12047,5617,6430,2699,9305,43,ITF,ITF6,18,Calabria,Calabria,1947131,216693,11.13,0.62
1746,2021-05-12,CAL,16409,8002,8407,10822,5495,92,ITF,ITF6,18,Calabria,Calabria,1947131,233102,11.97,0.84
1747,2021-05-26,CAL,18680,9286,9394,10314,8274,92,ITF,ITF6,18,Calabria,Calabria,1947131,251782,12.93,0.96
1748,2021-01-30,CAL,2188,1154,1034,342,1843,3,ITF,ITF6,18,Calabria,Calabria,1947131,253970,13.04,0.11
1749,2021-02-17,CAL,1868,826,1042,1644,211,13,ITF,ITF6,18,Calabria,Calabria,1947131,255838,13.14,0.1
1750,2021-05-28,CAL,20983,10195,10788,11414,9458,111,ITF,ITF6,18,Calabria,Calabria,1947131,276821,14.22,1.08
1751,2021-04-15,CAL,7733,3794,3939,5970,1725,38,ITF,ITF6,18,Calabria,Calabria,1947131,284554,14.61,0.4
1752,2021-04-01,CAL,8673,3948,4725,4160,4481,32,ITF,ITF6,18,Calabria,Calabria,1947131,293227,15.06,0.45
1753,2021-04-23,CAL,13121,6444,6677,9430,3595,96,ITF,ITF6,18,Calabria,Calabria,1947131,306348,15.73,0.67
1754,2021-01-13,CAL,2054,1036,1018,2042,0,12,ITF,ITF6,18,Calabria,Calabria,1947131,308402,15.84,0.11
1755,2021-06-23,CAL,17119,7811,9308,8092,8946,81,ITF,ITF6,18,Calabria,Calabria,1947131,325521,16.72,0.88
1756,2021-02-25,CAL,2892,1557,1335,2256,596,40,ITF,ITF6,18,Calabria,Calabria,1947131,328413,16.87,0.15
1757,2021-03-06,CAL,8453,4354,4099,7639,795,19,ITF,ITF6,18,Calabria,Calabria,1947131,336866,17.3,0.43
1758,2021-02-11,CAL,2340,1044,1296,1062,1256,22,ITF,ITF6,18,Calabria,Calabria,1947131,339206,17.42,0.12
1759,2021-05-23,CAL,11389,5553,5836,6995,4351,43,ITF,ITF6,18,Calabria,Calabria,1947131,350595,18.01,0.58
1760,2021-03-01,CAL,2730,1550,1180,2270,456,4,ITF,ITF6,18,Calabria,Calabria,1947131,353325,18.15,0.14
1761,2021-06-09,CAL,18207,8592,9615,15890,2235,82,ITF,ITF6,18,Calabria,Calabria,1947131,371532,19.08,0.94
1762,2021-05-24,CAL,17713,8844,8869,9933,7697,83,ITF,ITF6,18,Calabria,Calabria,1947131,389245,19.99,0.91
1763,2021-05-07,CAL,16119,7596,8523,9658,6387,74,ITF,ITF6,18,Calabria,Calabria,1947131,405364,20.82,0.83
1764,2021-02-13,CAL,1398,604,794,1030,365,3,ITF,ITF6,18,Calabria,Calabria,1947131,406762,20.89,0.07
1765,2021-06-11,CAL,17814,8754,9060,15114,2585,115,ITF,ITF6,18,Calabria,Calabria,1947131,424576,21.81,0.91
1766,2021-01-08,CAL,2178,1038,1140,2171,0,7,ITF,ITF6,18,Calabria,Calabria,1947131,426754,21.92,0.11
1767,2021-03-18,CAL,4424,2067,2357,2332,2069,23,ITF,ITF6,18,Calabria,Calabria,1947131,431178,22.14,0.23
1768,2021-03-30,CAL,6390,2758,3632,3622,2752,16,ITF,ITF6,18,Calabria,Calabria,1947131,437568,22.47,0.33
1769,2021-05-19,CAL,18329,9076,9253,11284,6973,72,ITF,ITF6,18,Calabria,Calabria,1947131,455897,23.41,0.94
1770,2021-03-23,CAL,5245,2460,2785,3415,1809,21,ITF,ITF6,18,Calabria,Calabria,1947131,461142,23.68,0.27
1771,2021-03-11,CAL,7236,3430,3806,5924,1267,45,ITF,ITF6,18,Calabria,Calabria,1947131,468378,24.05,0.37
1772,2021-06-19,CAL,15836,7411,8425,8493,7278,65,ITF,ITF6,18,Calabria,Calabria,1947131,484214,24.87,0.81
1773,2021-05-14,CAL,19918,9567,10351,12945,6866,107,ITF,ITF6,18,Calabria,Calabria,1947131,504132,25.89,1.02
1774,2021-04-27,CAL,9952,4892,5060,7962,1944,46,ITF,ITF6,18,Calabria,Calabria,1947131,514084,26.4,0.51
1775,2021-02-03,CAL,2821,1451,1370,562,2254,5,ITF,ITF6,18,Calabria,Calabria,1947131,516905,26.55,0.14
1776,2021-07-03,CAL,15142,7132,8010,5259,9808,75,ITF,ITF6,18,Calabria,Calabria,1947131,532047,27.32,0.78
1777,2021-04-11,CAL,4189,1904,2285,2230,1943,16,ITF,ITF6,18,Calabria,Calabria,1947131,536236,27.54,0.22
1778,2021-04-13,CAL,6905,3386,3519,5569,1315,21,ITF,ITF6,18,Calabria,Calabria,1947131,543141,27.89,0.35
1779,2021-01-20,CAL,1404,628,776,1400,1,3,ITF,ITF6,18,Calabria,Calabria,1947131,544545,27.97,0.07
1780,2021-01-03,CAL,6,3,3,6,0,0,ITF,ITF6,18,Calabria,Calabria,1947131,544551,27.97,0.0
1781,2021-03-27,CAL,8764,3985,4779,4652,4069,43,ITF,ITF6,18,Calabria,Calabria,1947131,553315,28.42,0.45
1782,2021-04-08,CAL,9263,4375,4888,5750,3468,45,ITF,ITF6,18,Calabria,Calabria,1947131,562578,28.89,0.48
1783,2021-02-10,CAL,2514,1082,1432,868,1631,15,ITF,ITF6,18,Calabria,Calabria,1947131,565092,29.02,0.13
1784,2021-06-04,CAL,17532,8157,9375,12960,4503,69,ITF,ITF6,18,Calabria,Calabria,1947131,582624,29.92,0.9
1785,2021-05-21,CAL,21332,10862,10470,13868,7357,107,ITF,ITF6,18,Calabria,Calabria,1947131,603956,31.02,1.1
1786,2021-01-05,CAL,1523,713,810,1521,0,2,ITF,ITF6,18,Calabria,Calabria,1947131,605479,31.1,0.08
1787,2021-03-13,CAL,6948,3019,3929,5934,986,28,ITF,ITF6,18,Calabria,Calabria,1947131,612427,31.45,0.36
1788,2021-01-15,CAL,2802,1259,1543,2796,0,6,ITF,ITF6,18,Calabria,Calabria,1947131,615229,31.6,0.14
1789,2021-04-25,CAL,15883,8057,7826,14792,1030,61,ITF,ITF6,18,Calabria,Calabria,1947131,631112,32.41,0.82
1790,2021-06-30,CAL,16366,7493,8873,7008,9263,95,ITF,ITF6,18,Calabria,Calabria,1947131,647478,33.25,0.84
1791,2021-06-28,CAL,13258,6099,7159,5366,7828,64,ITF,ITF6,18,Calabria,Calabria,1947131,660736,33.93,0.68
1792,2021-03-20,CAL,6713,3074,3639,4183,2514,16,ITF,ITF6,18,Calabria,Calabria,1947131,667449,34.28,0.34
1793,2021-01-10,CAL,936,529,407,936,0,0,ITF,ITF6,18,Calabria,Calabria,1947131,668385,34.33,0.05
1794,2021-04-20,CAL,7851,3961,3890,6052,1727,72,ITF,ITF6,18,Calabria,Calabria,1947131,676236,34.73,0.4
1795,2021-02-27,CAL,4004,2061,1943,3615,382,7,ITF,ITF6,18,Calabria,Calabria,1947131,680240,34.94,0.21
1796,2021-01-27,CAL,1475,745,730,395,1079,1,ITF,ITF6,18,Calabria,Calabria,1947131,681715,35.01,0.08
1797,2021-02-15,CAL,1150,546,604,995,151,4,ITF,ITF6,18,Calabria,Calabria,1947131,682865,35.07,0.06
1798,2020-12-27,CAL,312,170,142,312,0,0,ITF,ITF6,18,Calabria,Calabria,1947131,683177,35.09,0.02
1799,2021-07-05,CAL,13384,6258,7126,4288,9040,56,ITF,ITF6,18,Calabria,Calabria,1947131,696561,35.77,0.69
1800,2021-03-08,CAL,5432,2914,2518,4338,1068,26,ITF,ITF6,18,Calabria,Calabria,1947131,701993,36.05,0.28
1801,2021-03-25,CAL,7450,3502,3948,4553,2867,30,ITF,ITF6,18,Calabria,Calabria,1947131,709443,36.44,0.38
1802,2021-06-16,CAL,18304,8453,9851,12117,6102,85,ITF,ITF6,18,Calabria,Calabria,1947131,727747,37.38,0.94
1803,2021-05-09,CAL,9621,4484,5137,6043,3537,41,ITF,ITF6,18,Calabria,Calabria,1947131,737368,37.87,0.49
1804,2021-01-29,CAL,2060,993,1067,227,1832,1,ITF,ITF6,18,Calabria,Calabria,1947131,739428,37.98,0.11
1805,2021-05-04,CAL,16434,7577,8857,11647,4702,85,ITF,ITF6,18,Calabria,Calabria,1947131,755862,38.82,0.84
1806,2021-01-22,CAL,659,275,384,657,2,0,ITF,ITF6,18,Calabria,Calabria,1947131,756521,38.85,0.03
1807,2021-05-02,CAL,12518,5843,6675,10611,1850,57,ITF,ITF6,18,Calabria,Calabria,1947131,769039,39.5,0.64
1808,2021-02-12,CAL,1710,668,1042,941,763,6,ITF,ITF6,18,Calabria,Calabria,1947131,770749,39.58,0.09
1809,2021-06-27,CAL,8412,3937,4475,4980,3396,36,ITF,ITF6,18,Calabria,Calabria,1947131,779161,40.02,0.43
1810,2021-04-03,CAL,9372,4056,5316,4503,4811,58,ITF,ITF6,18,Calabria,Calabria,1947131,788533,40.5,0.48
1811,2021-01-28,CAL,2266,1126,1140,82,2184,0,ITF,ITF6,18,Calabria,Calabria,1947131,790799,40.61,0.12
1812,2021-05-08,CAL,18452,8389,10063,10543,7846,63,ITF,ITF6,18,Calabria,Calabria,1947131,809251,41.56,0.95
1813,2021-05-22,CAL,22176,10553,11623,14231,7855,90,ITF,ITF6,18,Calabria,Calabria,1947131,831427,42.7,1.14
1814,2021-04-21,CAL,11547,5801,5746,8602,2893,52,ITF,ITF6,18,Calabria,Calabria,1947131,842974,43.29,0.59
1815,2021-04-02,CAL,8527,3904,4623,4578,3917,32,ITF,ITF6,18,Calabria,Calabria,1947131,851501,43.73,0.44
1816,2021-06-24,CAL,15249,6939,8310,6882,8293,74,ITF,ITF6,18,Calabria,Calabria,1947131,866750,44.51,0.78
1817,2021-03-19,CAL,4187,1955,2232,1887,2293,7,ITF,ITF6,18,Calabria,Calabria,1947131,870937,44.73,0.22
1818,2021-06-10,CAL,15825,7272,8553,12962,2770,93,ITF,ITF6,18,Calabria,Calabria,1947131,886762,45.54,0.81
1819,2021-03-15,CAL,3583,1711,1872,2127,1447,9,ITF,ITF6,18,Calabria,Calabria,1947131,890345,45.73,0.18
1820,2021-07-02,CAL,16254,7531,8723,6238,9935,81,ITF,ITF6,18,Calabria,Calabria,1947131,906599,46.56,0.83
1821,2021-05-20,CAL,16933,8456,8477,11260,5606,67,ITF,ITF6,18,Calabria,Calabria,1947131,923532,47.43,0.87
1822,2021-02-07,CAL,861,430,431,146,713,2,ITF,ITF6,18,Calabria,Calabria,1947131,924393,47.47,0.04
1823,2021-05-18,CAL,15303,7649,7654,11819,3416,68,ITF,ITF6,18,Calabria,Calabria,1947131,939696,48.26,0.79
1824,2021-01-12,CAL,2076,1027,1049,2067,0,9,ITF,ITF6,18,Calabria,Calabria,1947131,941772,48.37,0.11
1825,2021-02-24,CAL,1914,975,939,1430,478,6,ITF,ITF6,18,Calabria,Calabria,1947131,943686,48.47,0.1
1826,2021-04-06,CAL,8077,3664,4413,4417,3636,24,ITF,ITF6,18,Calabria,Calabria,1947131,951763,48.88,0.41
1827,2021-02-08,CAL,1856,737,1119,659,1194,3,ITF,ITF6,18,Calabria,Calabria,1947131,953619,48.98,0.1
1828,2021-04-24,CAL,19247,9578,9669,15728,3436,83,ITF,ITF6,18,Calabria,Calabria,1947131,972866,49.96,0.99
1829,2021-02-26,CAL,3082,1644,1438,2614,453,15,ITF,ITF6,18,Calabria,Calabria,1947131,975948,50.12,0.16
1830,2021-06-20,CAL,6647,3150,3497,3808,2811,28,ITF,ITF6,18,Calabria,Calabria,1947131,982595,50.46,0.34
1831,2021-06-06,CAL,13706,6584,7122,11945,1698,63,ITF,ITF6,18,Calabria,Calabria,1947131,996301,51.17,0.7
1832,2021-01-07,CAL,2202,1077,1125,2198,0,4,ITF,ITF6,18,Calabria,Calabria,1947131,998503,51.28,0.11
1833,2021-06-13,CAL,6800,3337,3463,5713,1035,52,ITF,ITF6,18,Calabria,Calabria,1947131,1005303,51.63,0.35
1834,2021-04-17,CAL,10824,5073,5751,9002,1777,45,ITF,ITF6,18,Calabria,Calabria,1947131,1016127,52.19,0.56
1835,2021-05-01,CAL,16692,7954,8738,12375,4231,86,ITF,ITF6,18,Calabria,Calabria,1947131,1032819,53.04,0.86
1836,2021-03-05,CAL,6237,3620,2617,5647,575,15,ITF,ITF6,18,Calabria,Calabria,1947131,1039056,53.36,0.32
1837,2021-03-12,CAL,5153,2469,2684,4080,1055,18,ITF,ITF6,18,Calabria,Calabria,1947131,1044209,53.63,0.26
1838,2021-01-14,CAL,2642,1253,1389,2636,0,6,ITF,ITF6,18,Calabria,Calabria,1947131,1046851,53.76,0.14
1839,2021-01-21,CAL,966,450,516,932,31,3,ITF,ITF6,18,Calabria,Calabria,1947131,1047817,53.81,0.05
1840,2021-02-14,CAL,471,215,256,440,30,1,ITF,ITF6,18,Calabria,Calabria,1947131,1048288,53.84,0.02
1841,2021-05-25,CAL,16369,8000,8369,10207,6078,84,ITF,ITF6,18,Calabria,Calabria,1947131,1064657,54.68,0.84
1842,2021-01-26,CAL,1852,883,969,276,1575,1,ITF,ITF6,18,Calabria,Calabria,1947131,1066509,54.77,0.1
1843,2021-04-22,CAL,9754,4870,4884,6821,2890,43,ITF,ITF6,18,Calabria,Calabria,1947131,1076263,55.27,0.5
1844,2021-05-06,CAL,13258,6276,6982,8923,4269,66,ITF,ITF6,18,Calabria,Calabria,1947131,1089521,55.96,0.68
1845,2021-04-05,CAL,3643,1728,1915,2672,959,12,ITF,ITF6,18,Calabria,Calabria,1947131,1093164,56.14,0.19
1846,2021-06-08,CAL,16651,7892,8759,14509,2025,117,ITF,ITF6,18,Calabria,Calabria,1947131,1109815,57.0,0.86
1847,2021-03-17,CAL,4109,1828,2281,2182,1920,7,ITF,ITF6,18,Calabria,Calabria,1947131,1113924,57.21,0.21
1848,2021-06-25,CAL,18787,8724,10063,8067,10643,77,ITF,ITF6,18,Calabria,Calabria,1947131,1132711,58.17,0.96
1849,2021-06-18,CAL,18845,8780,10065,11247,7491,107,ITF,ITF6,18,Calabria,Calabria,1947131,1151556,59.14,0.97
1850,2021-03-10,CAL,6734,3421,3313,5370,1335,29,ITF,ITF6,18,Calabria,Calabria,1947131,1158290,59.49,0.35
1851,2021-06-01,CAL,12859,5962,6897,7884,4917,58,ITF,ITF6,18,Calabria,Calabria,1947131,1171149,60.15,0.66
1852,2021-03-29,CAL,5740,2468,3272,3956,1760,24,ITF,ITF6,18,Calabria,Calabria,1947131,1176889,60.44,0.29
1853,2021-01-31,CAL,1115,556,559,153,962,0,ITF,ITF6,18,Calabria,Calabria,1947131,1178004,60.5,0.06
1854,2021-07-07,CAL,13955,6575,7380,3919,9965,71,ITF,ITF6,18,Calabria,Calabria,1947131,1191959,61.22,0.72
1855,2021-05-11,CAL,15055,7285,7770,10213,4775,67,ITF,ITF6,18,Calabria,Calabria,1947131,1207014,61.99,0.77
1856,2021-03-03,CAL,5057,2762,2295,3964,1080,13,ITF,ITF6,18,Calabria,Calabria,1947131,1212071,62.25,0.26
1857,2021-06-29,CAL,13016,6010,7006,5329,7637,50,ITF,ITF6,18,Calabria,Calabria,1947131,1225087,62.92,0.67
1858,2021-05-03,CAL,14768,6770,7998,10461,4220,87,ITF,ITF6,18,Calabria,Calabria,1947131,1239855,63.68,0.76
1859,2021-03-21,CAL,4452,1922,2530,2726,1716,10,ITF,ITF6,18,Calabria,Calabria,1947131,1244307,63.9,0.23
1860,2021-03-07,CAL,3395,1731,1664,3290,92,13,ITF,ITF6,18,Calabria,Calabria,1947131,1247702,64.08,0.17
1861,2021-06-15,CAL,9815,4540,5275,6432,3329,54,ITF,ITF6,18,Calabria,Calabria,1947131,1257517,64.58,0.5
1862,2021-03-14,CAL,2716,1056,1660,2281,429,6,ITF,ITF6,18,Calabria,Calabria,1947131,1260233,64.72,0.14
1863,2021-06-22,CAL,14531,6855,7676,7350,7089,92,ITF,ITF6,18,Calabria,Calabria,1947131,1274764,65.47,0.75
1864,2021-05-10,CAL,13123,6088,7035,7670,5398,55,ITF,ITF6,18,Calabria,Calabria,1947131,1287887,66.14,0.67
1865,2021-04-26,CAL,10184,5060,5124,7723,2417,44,ITF,ITF6,18,Calabria,Calabria,1947131,1298071,66.67,0.52
1866,2021-04-19,CAL,7874,3799,4075,6154,1675,45,ITF,ITF6,18,Calabria,Calabria,1947131,1305945,67.07,0.4
1867,2021-01-09,CAL,1976,1064,912,1968,0,8,ITF,ITF6,18,Calabria,Calabria,1947131,1307921,67.17,0.1
1868,2021-02-28,CAL,2337,1060,1277,2180,154,3,ITF,ITF6,18,Calabria,Calabria,1947131,1310258,67.29,0.12
1869,2021-03-22,CAL,4953,2323,2630,3165,1763,25,ITF,ITF6,18,Calabria,Calabria,1947131,1315211,67.55,0.25
1870,2021-02-09,CAL,2158,912,1246,946,1203,9,ITF,ITF6,18,Calabria,Calabria,1947131,1317369,67.66,0.11
1871,2021-05-29,CAL,19271,8949,10322,9344,9851,76,ITF,ITF6,18,Calabria,Calabria,1947131,1336640,68.65,0.99
1872,2021-04-14,CAL,8074,3897,4177,6585,1445,44,ITF,ITF6,18,Calabria,Calabria,1947131,1344714,69.06,0.41
1873,2021-02-16,CAL,1740,736,1004,1456,279,5,ITF,ITF6,18,Calabria,Calabria,1947131,1346454,69.15,0.09
1874,2021-05-27,CAL,17618,8693,8925,9755,7781,82,ITF,ITF6,18,Calabria,Calabria,1947131,1364072,70.06,0.9
1875,2021-05-13,CAL,15934,7662,8272,11160,4708,66,ITF,ITF6,18,Calabria,Calabria,1947131,1380006,70.87,0.82
1876,2021-02-19,CAL,1509,682,827,1239,261,9,ITF,ITF6,18,Calabria,Calabria,1947131,1381515,70.95,0.08
1877,2021-05-30,CAL,10959,5268,5691,6770,4152,37,ITF,ITF6,18,Calabria,Calabria,1947131,1392474,71.51,0.56
1878,2021-05-17,CAL,14893,7444,7449,10129,4714,50,ITF,ITF6,18,Calabria,Calabria,1947131,1407367,72.28,0.76
1879,2021-02-21,CAL,624,295,329,546,77,1,ITF,ITF6,18,Calabria,Calabria,1947131,1407991,72.31,0.03
1880,2021-04-28,CAL,12527,6060,6467,9592,2864,71,ITF,ITF6,18,Calabria,Calabria,1947131,1420518,72.95,0.64
1881,2021-02-04,CAL,3594,1708,1886,647,2941,6,ITF,ITF6,18,Calabria,Calabria,1947131,1424112,73.14,0.18
1882,2021-05-15,CAL,27242,13031,14211,20261,6852,129,ITF,ITF6,18,Calabria,Calabria,1947131,1451354,74.54,1.4
1883,2021-02-02,CAL,2354,1153,1201,177,2177,0,ITF,ITF6,18,Calabria,Calabria,1947131,1453708,74.66,0.12
1884,2021-01-16,CAL,2402,1126,1276,2399,0,3,ITF,ITF6,18,Calabria,Calabria,1947131,1456110,74.78,0.12
1885,2021-01-24,CAL,45,18,27,39,6,0,ITF,ITF6,18,Calabria,Calabria,1947131,1456155,74.78,0.0
1886,2021-07-09,CAL,15653,7299,8354,3637,11948,68,ITF,ITF6,18,Calabria,Calabria,1947131,1471808,75.59,0.8
1887,2020-12-28,CAL,6,2,4,6,0,0,ITF,ITF6,18,Calabria,Calabria,1947131,1471814,75.59,0.0
1888,2021-06-03,CAL,14225,6649,7576,9584,4586,55,ITF,ITF6,18,Calabria,Calabria,1947131,1486039,76.32,0.73
1889,2021-04-07,CAL,7114,3227,3887,4054,3015,45,ITF,ITF6,18,Calabria,Calabria,1947131,1493153,76.68,0.37
1890,2021-02-23,CAL,1593,754,839,1473,115,5,ITF,ITF6,18,Calabria,Calabria,1947131,1494746,76.77,0.08
1891,2021-03-31,CAL,9089,4138,4951,5015,4040,34,ITF,ITF6,18,Calabria,Calabria,1947131,1503835,77.23,0.47
1892,2021-04-09,CAL,7950,3729,4221,4983,2887,80,ITF,ITF6,18,Calabria,Calabria,1947131,1511785,77.64,0.41
1893,2021-06-05,CAL,20672,9680,10992,17601,2993,78,ITF,ITF6,18,Calabria,Calabria,1947131,1532457,78.7,1.06
1894,2021-02-22,CAL,2054,1043,1011,1487,558,9,ITF,ITF6,18,Calabria,Calabria,1947131,1534511,78.81,0.11
1895,2021-06-02,CAL,12098,5802,6296,8787,3265,46,ITF,ITF6,18,Calabria,Calabria,1947131,1546609,79.43,0.62
1896,2021-05-16,CAL,13780,6724,7056,9916,3812,52,ITF,ITF6,18,Calabria,Calabria,1947131,1560389,80.14,0.71
1897,2021-01-17,CAL,897,431,466,797,95,5,ITF,ITF6,18,Calabria,Calabria,1947131,1561286,80.18,0.05
1898,2021-03-24,CAL,7818,3577,4241,4514,3282,22,ITF,ITF6,18,Calabria,Calabria,1947131,1569104,80.59,0.4
1899,2021-04-10,CAL,11646,5268,6378,6748,4855,43,ITF,ITF6,18,Calabria,Calabria,1947131,1580750,81.18,0.6
1900,2021-02-05,CAL,3817,1719,2098,474,3328,15,ITF,ITF6,18,Calabria,Calabria,1947131,1584567,81.38,0.2
1901,2021-04-29,CAL,12457,6051,6406,8657,3749,51,ITF,ITF6,18,Calabria,Calabria,1947131,1597024,82.02,0.64
1902,2021-04-12,CAL,7045,3425,3620,5378,1645,22,ITF,ITF6,18,Calabria,Calabria,1947131,1604069,82.38,0.36
1903,2021-01-19,CAL,1119,493,626,1105,12,2,ITF,ITF6,18,Calabria,Calabria,1947131,1605188,82.44,0.06
1904,2021-07-04,CAL,5933,2811,3122,1979,3919,35,ITF,ITF6,18,Calabria,Calabria,1947131,1611121,82.74,0.3
1905,2021-06-17,CAL,15760,7201,8559,9588,6122,50,ITF,ITF6,18,Calabria,Calabria,1947131,1626881,83.55,0.81
1906,2021-03-26,CAL,8084,3836,4248,4934,3122,28,ITF,ITF6,18,Calabria,Calabria,1947131,1634965,83.97,0.42
1907,2021-07-06,CAL,11863,5474,6389,3614,8191,58,ITF,ITF6,18,Calabria,Calabria,1947131,1646828,84.58,0.61
1908,2021-01-02,CAL,166,94,72,166,0,0,ITF,ITF6,18,Calabria,Calabria,1947131,1646994,84.59,0.01
1909,2021-03-14,LIG,1659,752,907,1033,604,22,ITC,ITC3,7,Liguria,Liguria,1550640,1659,0.11,0.11
1910,2021-06-22,LIG,15772,7446,8326,7638,8110,24,ITC,ITC3,7,Liguria,Liguria,1550640,17431,1.12,1.02
1911,2021-07-06,LIG,12203,6008,6195,5652,6517,34,ITC,ITC3,7,Liguria,Liguria,1550640,29634,1.91,0.79
1912,2021-05-10,LIG,12644,5639,7005,6209,6371,64,ITC,ITC3,7,Liguria,Liguria,1550640,42278,2.73,0.82
1913,2021-05-03,LIG,13279,5922,7357,6327,6815,137,ITC,ITC3,7,Liguria,Liguria,1550640,55557,3.58,0.86
1914,2021-03-21,LIG,550,220,330,69,481,0,ITC,ITC3,7,Liguria,Liguria,1550640,56107,3.62,0.04
1915,2021-01-23,LIG,809,295,514,153,656,0,ITC,ITC3,7,Liguria,Liguria,1550640,56916,3.67,0.05
1916,2021-06-29,LIG,15070,7175,7895,8656,6382,32,ITC,ITC3,7,Liguria,Liguria,1550640,71986,4.64,0.97
1917,2021-02-16,LIG,2427,956,1471,1995,423,9,ITC,ITC3,7,Liguria,Liguria,1550640,74413,4.8,0.16
1918,2021-05-27,LIG,16884,8653,8231,12569,4146,169,ITC,ITC3,7,Liguria,Liguria,1550640,91297,5.89,1.09
1919,2021-04-14,LIG,13075,5671,7404,10749,2201,125,ITC,ITC3,7,Liguria,Liguria,1550640,104372,6.73,0.84
1920,2021-05-29,LIG,6865,3253,3612,3976,2870,19,ITC,ITC3,7,Liguria,Liguria,1550640,111237,7.17,0.44
1921,2021-02-09,LIG,1951,694,1257,264,1685,2,ITC,ITC3,7,Liguria,Liguria,1550640,113188,7.3,0.13
1922,2021-02-11,LIG,1981,769,1212,1094,878,9,ITC,ITC3,7,Liguria,Liguria,1550640,115169,7.43,0.13
1923,2021-05-22,LIG,6649,3220,3429,4870,1684,95,ITC,ITC3,7,Liguria,Liguria,1550640,121818,7.86,0.43
1924,2021-06-10,LIG,18738,9671,9067,13111,5623,4,ITC,ITC3,7,Liguria,Liguria,1550640,140556,9.06,1.21
1925,2021-03-19,LIG,5296,2234,3062,2095,3146,55,ITC,ITC3,7,Liguria,Liguria,1550640,145852,9.41,0.34
1926,2021-03-02,LIG,4074,1689,2385,3753,310,11,ITC,ITC3,7,Liguria,Liguria,1550640,149926,9.67,0.26
1927,2021-06-24,LIG,11033,5388,5645,6247,4774,12,ITC,ITC3,7,Liguria,Liguria,1550640,160959,10.38,0.71
1928,2021-04-02,LIG,11789,5219,6570,9207,2487,95,ITC,ITC3,7,Liguria,Liguria,1550640,172748,11.14,0.76
1929,2021-06-05,LIG,8088,4115,3973,4936,3152,0,ITC,ITC3,7,Liguria,Liguria,1550640,180836,11.66,0.52
1930,2021-04-09,LIG,12456,5560,6896,10550,1766,140,ITC,ITC3,7,Liguria,Liguria,1550640,193292,12.47,0.8
1931,2021-03-31,LIG,11925,5275,6650,9049,2770,106,ITC,ITC3,7,Liguria,Liguria,1550640,205217,13.23,0.77
1932,2021-02-28,LIG,1058,580,478,1042,9,7,ITC,ITC3,7,Liguria,Liguria,1550640,206275,13.3,0.07
1933,2021-04-26,LIG,10559,4982,5577,7817,2637,105,ITC,ITC3,7,Liguria,Liguria,1550640,216834,13.98,0.68
1934,2021-01-16,LIG,1278,557,721,1273,0,5,ITC,ITC3,7,Liguria,Liguria,1550640,218112,14.07,0.08
1935,2021-02-02,LIG,2671,1005,1666,127,2542,2,ITC,ITC3,7,Liguria,Liguria,1550640,220783,14.24,0.17
1936,2021-04-28,LIG,14446,6520,7926,6344,7986,116,ITC,ITC3,7,Liguria,Liguria,1550640,235229,15.17,0.93
1937,2021-02-04,LIG,2817,986,1831,179,2638,0,ITC,ITC3,7,Liguria,Liguria,1550640,238046,15.35,0.18
1938,2021-05-15,LIG,7306,3264,4042,4274,2954,78,ITC,ITC3,7,Liguria,Liguria,1550640,245352,15.82,0.47
1939,2021-02-21,LIG,869,491,378,857,4,8,ITC,ITC3,7,Liguria,Liguria,1550640,246221,15.88,0.06
1940,2021-03-26,LIG,9332,4025,5307,6068,3155,109,ITC,ITC3,7,Liguria,Liguria,1550640,255553,16.48,0.6
1941,2021-07-04,LIG,4845,2576,2269,3838,992,15,ITC,ITC3,7,Liguria,Liguria,1550640,260398,16.79,0.31
1942,2021-01-02,LIG,691,245,446,691,0,0,ITC,ITC3,7,Liguria,Liguria,1550640,261089,16.84,0.04
1943,2021-06-15,LIG,17399,8459,8940,9326,8060,13,ITC,ITC3,7,Liguria,Liguria,1550640,278488,17.96,1.12
1944,2021-01-28,LIG,2847,971,1876,39,2808,0,ITC,ITC3,7,Liguria,Liguria,1550640,281335,18.14,0.18
1945,2021-01-21,LIG,1106,385,721,674,431,1,ITC,ITC3,7,Liguria,Liguria,1550640,282441,18.21,0.07
1946,2021-05-17,LIG,12026,5520,6506,8654,3322,50,ITC,ITC3,7,Liguria,Liguria,1550640,294467,18.99,0.78
1947,2021-01-30,LIG,1661,567,1094,23,1637,1,ITC,ITC3,7,Liguria,Liguria,1550640,296128,19.1,0.11
1948,2021-03-28,LIG,1141,511,630,378,751,12,ITC,ITC3,7,Liguria,Liguria,1550640,297269,19.17,0.07
1949,2021-04-23,LIG,14672,6638,8034,8408,6120,144,ITC,ITC3,7,Liguria,Liguria,1550640,311941,20.12,0.95
1950,2021-03-11,LIG,6398,3089,3309,4331,2010,57,ITC,ITC3,7,Liguria,Liguria,1550640,318339,20.53,0.41
1951,2021-01-13,LIG,2758,1014,1744,2757,0,1,ITC,ITC3,7,Liguria,Liguria,1550640,321097,20.71,0.18
1952,2021-01-04,LIG,2616,855,1761,2615,0,1,ITC,ITC3,7,Liguria,Liguria,1550640,323713,20.88,0.17
1953,2020-12-28,LIG,80,30,50,80,0,0,ITC,ITC3,7,Liguria,Liguria,1550640,323793,20.88,0.01
1954,2021-06-03,LIG,15520,7689,7831,9152,6361,7,ITC,ITC3,7,Liguria,Liguria,1550640,339313,21.88,1.0
1955,2021-04-07,LIG,13679,6108,7571,11301,2288,90,ITC,ITC3,7,Liguria,Liguria,1550640,352992,22.76,0.88
1956,2021-02-23,LIG,3806,1559,2247,3657,109,40,ITC,ITC3,7,Liguria,Liguria,1550640,356798,23.01,0.25
1957,2021-06-14,LIG,15093,7288,7805,8247,6844,2,ITC,ITC3,7,Liguria,Liguria,1550640,371891,23.98,0.97
1958,2021-02-25,LIG,3457,1349,2108,3307,130,20,ITC,ITC3,7,Liguria,Liguria,1550640,375348,24.21,0.22
1959,2021-04-21,LIG,14249,6434,7815,8800,5328,121,ITC,ITC3,7,Liguria,Liguria,1550640,389597,25.12,0.92
1960,2021-05-08,LIG,7527,3333,4194,2270,5213,44,ITC,ITC3,7,Liguria,Liguria,1550640,397124,25.61,0.49
1961,2021-01-25,LIG,2727,889,1838,476,2250,1,ITC,ITC3,7,Liguria,Liguria,1550640,399851,25.79,0.18
1962,2021-05-05,LIG,13710,6134,7576,5186,8418,106,ITC,ITC3,7,Liguria,Liguria,1550640,413561,26.67,0.88
1963,2021-01-09,LIG,1335,481,854,1334,0,1,ITC,ITC3,7,Liguria,Liguria,1550640,414896,26.76,0.09
1964,2021-04-19,LIG,12832,5617,7215,8888,3831,113,ITC,ITC3,7,Liguria,Liguria,1550640,427728,27.58,0.83
1965,2021-01-14,LIG,2982,1055,1927,2980,0,2,ITC,ITC3,7,Liguria,Liguria,1550640,430710,27.78,0.19
1966,2021-03-12,LIG,6216,2873,3343,3688,2471,57,ITC,ITC3,7,Liguria,Liguria,1550640,436926,28.18,0.4
1967,2021-07-01,LIG,13414,6465,6949,7321,6061,32,ITC,ITC3,7,Liguria,Liguria,1550640,450340,29.04,0.87
1968,2021-03-07,LIG,1915,1138,777,1590,301,24,ITC,ITC3,7,Liguria,Liguria,1550640,452255,29.17,0.12
1969,2021-06-17,LIG,16614,7891,8723,9089,7509,16,ITC,ITC3,7,Liguria,Liguria,1550640,468869,30.24,1.07
1970,2021-06-02,LIG,8529,4341,4188,5361,3168,0,ITC,ITC3,7,Liguria,Liguria,1550640,477398,30.79,0.55
1971,2020-12-30,LIG,12,5,7,12,0,0,ITC,ITC3,7,Liguria,Liguria,1550640,477410,30.79,0.0
1972,2021-07-03,LIG,8776,4351,4425,5466,3298,12,ITC,ITC3,7,Liguria,Liguria,1550640,486186,31.35,0.57
1973,2021-04-11,LIG,4246,1929,2317,3942,249,55,ITC,ITC3,7,Liguria,Liguria,1550640,490432,31.63,0.27
1974,2021-02-06,LIG,1892,768,1124,145,1747,0,ITC,ITC3,7,Liguria,Liguria,1550640,492324,31.75,0.12
1975,2021-06-11,LIG,17814,9072,8742,11747,6065,2,ITC,ITC3,7,Liguria,Liguria,1550640,510138,32.9,1.15
1976,2021-04-15,LIG,11839,5234,6605,9883,1851,105,ITC,ITC3,7,Liguria,Liguria,1550640,521977,33.66,0.76
1977,2021-06-21,LIG,14796,7020,7776,8554,6227,15,ITC,ITC3,7,Liguria,Liguria,1550640,536773,34.62,0.95
1978,2021-04-16,LIG,12002,5293,6709,10004,1829,169,ITC,ITC3,7,Liguria,Liguria,1550640,548775,35.39,0.77
1979,2021-01-06,LIG,1660,616,1044,1657,0,3,ITC,ITC3,7,Liguria,Liguria,1550640,550435,35.5,0.11
1980,2021-03-16,LIG,6083,2731,3352,2309,3733,41,ITC,ITC3,7,Liguria,Liguria,1550640,556518,35.89,0.39
1981,2021-01-11,LIG,2654,991,1663,2653,0,1,ITC,ITC3,7,Liguria,Liguria,1550640,559172,36.06,0.17
1982,2021-05-24,LIG,11829,5565,6264,9232,2495,102,ITC,ITC3,7,Liguria,Liguria,1550640,571001,36.82,0.76
1983,2021-05-07,LIG,13593,6040,7553,5733,7792,68,ITC,ITC3,7,Liguria,Liguria,1550640,584594,37.7,0.88
1984,2021-02-13,LIG,1080,508,572,797,280,3,ITC,ITC3,7,Liguria,Liguria,1550640,585674,37.77,0.07
1985,2021-06-07,LIG,15685,7654,8031,8666,7012,7,ITC,ITC3,7,Liguria,Liguria,1550640,601359,38.78,1.01
1986,2021-06-26,LIG,7137,3311,3826,4486,2641,10,ITC,ITC3,7,Liguria,Liguria,1550640,608496,39.24,0.46
1987,2021-07-10,LIG,6767,3416,3351,2743,4016,8,ITC,ITC3,7,Liguria,Liguria,1550640,615263,39.68,0.44
1988,2021-04-04,LIG,756,366,390,499,249,8,ITC,ITC3,7,Liguria,Liguria,1550640,616019,39.73,0.05
1989,2021-05-19,LIG,13571,5962,7609,10306,3120,145,ITC,ITC3,7,Liguria,Liguria,1550640,629590,40.6,0.88
1990,2021-03-23,LIG,9273,4221,5052,5981,3209,83,ITC,ITC3,7,Liguria,Liguria,1550640,638863,41.2,0.6
1991,2021-02-01,LIG,2559,923,1636,90,2469,0,ITC,ITC3,7,Liguria,Liguria,1550640,641422,41.36,0.17
1992,2021-07-08,LIG,13432,6590,6842,6131,7264,37,ITC,ITC3,7,Liguria,Liguria,1550640,654854,42.23,0.87
1993,2021-05-12,LIG,12035,5452,6583,6575,5347,113,ITC,ITC3,7,Liguria,Liguria,1550640,666889,43.01,0.78
1994,2021-05-26,LIG,16656,8412,8244,12128,4373,155,ITC,ITC3,7,Liguria,Liguria,1550640,683545,44.08,1.07
1995,2021-03-30,LIG,12214,5428,6786,8737,3388,89,ITC,ITC3,7,Liguria,Liguria,1550640,695759,44.87,0.79
1996,2021-01-18,LIG,2142,747,1395,1983,157,2,ITC,ITC3,7,Liguria,Liguria,1550640,697901,45.01,0.14
1997,2021-03-04,LIG,4738,2118,2620,3834,847,57,ITC,ITC3,7,Liguria,Liguria,1550640,702639,45.31,0.31
1998,2021-06-12,LIG,10230,4974,5256,7478,2752,0,ITC,ITC3,7,Liguria,Liguria,1550640,712869,45.97,0.66
1999,2021-04-30,LIG,14420,6440,7980,5732,8568,120,ITC,ITC3,7,Liguria,Liguria,1550640,727289,46.9,0.93
2000,2021-03-06,LIG,3304,1842,1462,2550,705,49,ITC,ITC3,7,Liguria,Liguria,1550640,730593,47.12,0.21
2001,2021-01-10,LIG,648,262,386,644,0,4,ITC,ITC3,7,Liguria,Liguria,1550640,731241,47.16,0.04
2002,2021-04-20,LIG,14232,6516,7716,9706,4351,175,ITC,ITC3,7,Liguria,Liguria,1550640,745473,48.08,0.92
2003,2021-05-23,LIG,2305,1119,1186,1169,1123,13,ITC,ITC3,7,Liguria,Liguria,1550640,747778,48.22,0.15
2004,2021-03-01,LIG,3539,1447,2092,3383,136,20,ITC,ITC3,7,Liguria,Liguria,1550640,751317,48.45,0.23
2005,2021-06-09,LIG,19044,9557,9487,12482,6558,4,ITC,ITC3,7,Liguria,Liguria,1550640,770361,49.68,1.23
2006,2021-04-03,LIG,5407,2499,2908,4428,943,36,ITC,ITC3,7,Liguria,Liguria,1550640,775768,50.03,0.35
2007,2021-01-24,LIG,756,237,519,113,643,0,ITC,ITC3,7,Liguria,Liguria,1550640,776524,50.08,0.05
2008,2021-06-27,LIG,1942,890,1052,691,1241,10,ITC,ITC3,7,Liguria,Liguria,1550640,778466,50.2,0.13
2009,2021-02-12,LIG,1935,690,1245,895,1038,2,ITC,ITC3,7,Liguria,Liguria,1550640,780401,50.33,0.12
2010,2021-03-15,LIG,7245,3096,4149,4490,2706,49,ITC,ITC3,7,Liguria,Liguria,1550640,787646,50.79,0.47
2011,2021-06-28,LIG,11559,5591,5968,7240,4279,40,ITC,ITC3,7,Liguria,Liguria,1550640,799205,51.54,0.75
2012,2021-03-20,LIG,2316,995,1321,1124,1174,18,ITC,ITC3,7,Liguria,Liguria,1550640,801521,51.69,0.15
2013,2021-06-30,LIG,15017,7164,7853,8209,6767,41,ITC,ITC3,7,Liguria,Liguria,1550640,816538,52.66,0.97
2014,2021-01-15,LIG,2257,755,1502,2252,0,5,ITC,ITC3,7,Liguria,Liguria,1550640,818795,52.8,0.15
2015,2021-04-25,LIG,1935,920,1015,1506,415,14,ITC,ITC3,7,Liguria,Liguria,1550640,820730,52.93,0.12
2016,2021-03-13,LIG,3849,1637,2212,2949,855,45,ITC,ITC3,7,Liguria,Liguria,1550640,824579,53.18,0.25
2017,2021-04-08,LIG,13748,6162,7586,11550,2045,153,ITC,ITC3,7,Liguria,Liguria,1550640,838327,54.06,0.89
2018,2021-06-04,LIG,14737,7235,7502,9244,5487,6,ITC,ITC3,7,Liguria,Liguria,1550640,853064,55.01,0.95
2019,2021-04-06,LIG,13247,5902,7345,10881,2260,106,ITC,ITC3,7,Liguria,Liguria,1550640,866311,55.87,0.85
2020,2021-02-08,LIG,1978,742,1236,306,1672,0,ITC,ITC3,7,Liguria,Liguria,1550640,868289,56.0,0.13
2021,2020-12-27,LIG,135,56,79,134,0,1,ITC,ITC3,7,Liguria,Liguria,1550640,868424,56.0,0.01
2022,2021-02-15,LIG,2262,839,1423,1855,397,10,ITC,ITC3,7,Liguria,Liguria,1550640,870686,56.15,0.15
2023,2021-01-03,LIG,734,230,504,732,0,2,ITC,ITC3,7,Liguria,Liguria,1550640,871420,56.2,0.05
2024,2021-01-07,LIG,3226,1095,2131,3223,0,3,ITC,ITC3,7,Liguria,Liguria,1550640,874646,56.41,0.21
2025,2021-06-13,LIG,5616,2695,2921,5162,454,0,ITC,ITC3,7,Liguria,Liguria,1550640,880262,56.77,0.36
2026,2021-04-17,LIG,7384,3218,4166,6562,750,72,ITC,ITC3,7,Liguria,Liguria,1550640,887646,57.24,0.48
2027,2021-05-01,LIG,7143,3257,3886,1303,5801,39,ITC,ITC3,7,Liguria,Liguria,1550640,894789,57.7,0.46
2028,2021-03-05,LIG,4869,2150,2719,3674,1132,63,ITC,ITC3,7,Liguria,Liguria,1550640,899658,58.02,0.31
2029,2021-06-06,LIG,3809,2031,1778,2947,862,0,ITC,ITC3,7,Liguria,Liguria,1550640,903467,58.26,0.25
2030,2021-04-24,LIG,8218,3795,4423,4957,3152,109,ITC,ITC3,7,Liguria,Liguria,1550640,911685,58.79,0.53
2031,2021-02-26,LIG,3766,1524,2242,3412,329,25,ITC,ITC3,7,Liguria,Liguria,1550640,915451,59.04,0.24
2032,2021-06-20,LIG,1333,658,675,1051,275,7,ITC,ITC3,7,Liguria,Liguria,1550640,916784,59.12,0.09
2033,2021-04-18,LIG,2613,1164,1449,2074,468,71,ITC,ITC3,7,Liguria,Liguria,1550640,919397,59.29,0.17
2034,2021-01-08,LIG,2930,999,1931,2928,0,2,ITC,ITC3,7,Liguria,Liguria,1550640,922327,59.48,0.19
2035,2021-01-27,LIG,1744,603,1141,140,1603,1,ITC,ITC3,7,Liguria,Liguria,1550640,924071,59.59,0.11
2036,2021-05-21,LIG,12843,5954,6889,9573,3125,145,ITC,ITC3,7,Liguria,Liguria,1550640,936914,60.42,0.83
2037,2021-02-27,LIG,1888,921,967,1750,129,9,ITC,ITC3,7,Liguria,Liguria,1550640,938802,60.54,0.12
2038,2021-02-10,LIG,2315,837,1478,1015,1296,4,ITC,ITC3,7,Liguria,Liguria,1550640,941117,60.69,0.15
2039,2021-03-18,LIG,4986,2124,2862,1972,2979,35,ITC,ITC3,7,Liguria,Liguria,1550640,946103,61.01,0.32
2040,2021-04-01,LIG,12426,5511,6915,9567,2770,89,ITC,ITC3,7,Liguria,Liguria,1550640,958529,61.82,0.8
2041,2021-06-08,LIG,18082,9019,9063,11447,6629,6,ITC,ITC3,7,Liguria,Liguria,1550640,976611,62.98,1.17
2042,2021-06-16,LIG,15974,7684,8290,8969,6995,10,ITC,ITC3,7,Liguria,Liguria,1550640,992585,64.01,1.03
2043,2021-03-08,LIG,5624,2459,3165,3894,1689,41,ITC,ITC3,7,Liguria,Liguria,1550640,998209,64.37,0.36
2044,2021-03-25,LIG,9767,4232,5535,6227,3392,148,ITC,ITC3,7,Liguria,Liguria,1550640,1007976,65.0,0.63
2045,2021-01-01,LIG,144,55,89,144,0,0,ITC,ITC3,7,Liguria,Liguria,1550640,1008120,65.01,0.01
2046,2021-03-27,LIG,3932,1549,2383,2485,1395,52,ITC,ITC3,7,Liguria,Liguria,1550640,1012052,65.27,0.25
2047,2021-07-05,LIG,11777,5720,6057,5320,6422,35,ITC,ITC3,7,Liguria,Liguria,1550640,1023829,66.03,0.76
2048,2021-01-22,LIG,1819,604,1215,1330,486,3,ITC,ITC3,7,Liguria,Liguria,1550640,1025648,66.14,0.12
2049,2021-05-02,LIG,3978,1836,2142,505,3467,6,ITC,ITC3,7,Liguria,Liguria,1550640,1029626,66.4,0.26
2050,2021-05-04,LIG,13647,6085,7562,5333,8228,86,ITC,ITC3,7,Liguria,Liguria,1550640,1043273,67.28,0.88
2051,2021-05-09,LIG,2822,1244,1578,1084,1709,29,ITC,ITC3,7,Liguria,Liguria,1550640,1046095,67.46,0.18
2052,2021-01-29,LIG,3082,1064,2018,67,3015,0,ITC,ITC3,7,Liguria,Liguria,1550640,1049177,67.66,0.2
2053,2021-02-17,LIG,2690,1182,1508,2252,426,12,ITC,ITC3,7,Liguria,Liguria,1550640,1051867,67.83,0.17
2054,2021-05-28,LIG,16278,8127,8151,11592,4538,148,ITC,ITC3,7,Liguria,Liguria,1550640,1068145,68.88,1.05
2055,2021-01-05,LIG,2878,895,1983,2878,0,0,ITC,ITC3,7,Liguria,Liguria,1550640,1071023,69.07,0.19
2056,2021-03-03,LIG,4581,1847,2734,3444,1027,110,ITC,ITC3,7,Liguria,Liguria,1550640,1075604,69.37,0.3
2057,2021-02-24,LIG,3764,1560,2204,3448,258,58,ITC,ITC3,7,Liguria,Liguria,1550640,1079368,69.61,0.24
2058,2020-12-29,LIG,125,33,92,125,0,0,ITC,ITC3,7,Liguria,Liguria,1550640,1079493,69.62,0.01
2059,2021-01-12,LIG,2469,887,1582,2468,0,1,ITC,ITC3,7,Liguria,Liguria,1550640,1081962,69.78,0.16
2060,2021-04-22,LIG,13854,6209,7645,8615,5079,160,ITC,ITC3,7,Liguria,Liguria,1550640,1095816,70.67,0.89
2061,2021-03-17,LIG,5552,2368,3184,2451,3079,22,ITC,ITC3,7,Liguria,Liguria,1550640,1101368,71.03,0.36
2062,2021-06-25,LIG,13746,6574,7172,6870,6862,14,ITC,ITC3,7,Liguria,Liguria,1550640,1115114,71.91,0.89
2063,2021-05-06,LIG,14520,6442,8078,6039,8324,157,ITC,ITC3,7,Liguria,Liguria,1550640,1129634,72.85,0.94
2064,2021-01-26,LIG,2488,807,1681,16,2472,0,ITC,ITC3,7,Liguria,Liguria,1550640,1132122,73.01,0.16
2065,2021-06-23,LIG,14254,6818,7436,9066,5169,19,ITC,ITC3,7,Liguria,Liguria,1550640,1146376,73.93,0.92
2066,2021-02-14,LIG,233,122,111,233,0,0,ITC,ITC3,7,Liguria,Liguria,1550640,1146609,73.94,0.02
2067,2021-05-25,LIG,14113,6866,7247,10806,3179,128,ITC,ITC3,7,Liguria,Liguria,1550640,1160722,74.85,0.91
2068,2021-03-22,LIG,7745,3467,4278,4735,2937,73,ITC,ITC3,7,Liguria,Liguria,1550640,1168467,75.35,0.5
2069,2021-02-07,LIG,407,153,254,2,405,0,ITC,ITC3,7,Liguria,Liguria,1550640,1168874,75.38,0.03
2070,2021-05-18,LIG,13465,6119,7346,10035,3293,137,ITC,ITC3,7,Liguria,Liguria,1550640,1182339,76.25,0.87
2071,2021-05-20,LIG,12871,5973,6898,8720,4025,126,ITC,ITC3,7,Liguria,Liguria,1550640,1195210,77.08,0.83
2072,2021-04-13,LIG,13079,5867,7212,10940,2025,114,ITC,ITC3,7,Liguria,Liguria,1550640,1208289,77.92,0.84
2073,2021-05-13,LIG,13296,6080,7216,8882,4246,168,ITC,ITC3,7,Liguria,Liguria,1550640,1221585,78.78,0.86
2074,2021-02-19,LIG,3219,1306,1913,2988,176,55,ITC,ITC3,7,Liguria,Liguria,1550640,1224804,78.99,0.21
2075,2021-05-30,LIG,3302,1613,1689,1350,1939,13,ITC,ITC3,7,Liguria,Liguria,1550640,1228106,79.2,0.21
2076,2021-06-01,LIG,16160,8116,8044,10790,5366,4,ITC,ITC3,7,Liguria,Liguria,1550640,1244266,80.24,1.04
2077,2021-06-18,LIG,15300,7455,7845,8150,7132,18,ITC,ITC3,7,Liguria,Liguria,1550640,1259566,81.23,0.99
2078,2021-03-10,LIG,5901,2862,3039,3929,1907,65,ITC,ITC3,7,Liguria,Liguria,1550640,1265467,81.61,0.38
2079,2021-01-20,LIG,1552,555,997,1537,12,3,ITC,ITC3,7,Liguria,Liguria,1550640,1267019,81.71,0.1
2080,2021-07-09,LIG,12566,6146,6420,4204,8343,19,ITC,ITC3,7,Liguria,Liguria,1550640,1279585,82.52,0.81
2081,2021-04-05,LIG,3978,1753,2225,2303,1649,26,ITC,ITC3,7,Liguria,Liguria,1550640,1283563,82.78,0.26
2082,2021-05-11,LIG,13916,6389,7527,7180,6617,119,ITC,ITC3,7,Liguria,Liguria,1550640,1297479,83.67,0.9
2083,2021-03-29,LIG,10583,4621,5962,7344,3132,107,ITC,ITC3,7,Liguria,Liguria,1550640,1308062,84.36,0.68
2084,2021-01-31,LIG,624,270,354,9,615,0,ITC,ITC3,7,Liguria,Liguria,1550640,1308686,84.4,0.04
2085,2021-07-07,LIG,11633,5571,6062,4912,6704,17,ITC,ITC3,7,Liguria,Liguria,1550640,1320319,85.15,0.75
2086,2021-06-19,LIG,7364,3749,3615,5688,1660,16,ITC,ITC3,7,Liguria,Liguria,1550640,1327683,85.62,0.47
2087,2021-02-18,LIG,2768,1126,1642,2423,334,11,ITC,ITC3,7,Liguria,Liguria,1550640,1330451,85.8,0.18
2088,2021-05-14,LIG,13107,5838,7269,8593,4327,187,ITC,ITC3,7,Liguria,Liguria,1550640,1343558,86.65,0.85
2089,2021-05-31,LIG,14640,7329,7311,9031,5514,95,ITC,ITC3,7,Liguria,Liguria,1550640,1358198,87.59,0.94
2090,2021-03-09,LIG,5932,2754,3178,4440,1431,61,ITC,ITC3,7,Liguria,Liguria,1550640,1364130,87.97,0.38
2091,2021-02-20,LIG,1335,637,698,1330,1,4,ITC,ITC3,7,Liguria,Liguria,1550640,1365465,88.06,0.09
2092,2021-05-16,LIG,3705,1862,1843,2118,1560,27,ITC,ITC3,7,Liguria,Liguria,1550640,1369170,88.3,0.24
2093,2021-02-22,LIG,3343,1476,1867,3191,142,10,ITC,ITC3,7,Liguria,Liguria,1550640,1372513,88.51,0.22
2094,2021-04-27,LIG,14779,6682,8097,7108,7586,85,ITC,ITC3,7,Liguria,Liguria,1550640,1387292,89.47,0.95
2095,2021-02-03,LIG,2316,791,1525,54,2262,0,ITC,ITC3,7,Liguria,Liguria,1550640,1389608,89.62,0.15
2096,2021-04-29,LIG,15579,6979,8600,6582,8842,155,ITC,ITC3,7,Liguria,Liguria,1550640,1405187,90.62,1.0
2097,2021-04-12,LIG,12389,5476,6913,10276,2019,94,ITC,ITC3,7,Liguria,Liguria,1550640,1417576,91.42,0.8
2098,2021-01-19,LIG,1374,439,935,1280,90,4,ITC,ITC3,7,Liguria,Liguria,1550640,1418950,91.51,0.09
2099,2021-02-05,LIG,2682,987,1695,303,2377,2,ITC,ITC3,7,Liguria,Liguria,1550640,1421632,91.68,0.17
2100,2021-03-24,LIG,9180,4033,5147,5808,3287,85,ITC,ITC3,7,Liguria,Liguria,1550640,1430812,92.27,0.59
2101,2021-07-02,LIG,12910,6339,6571,6419,6460,31,ITC,ITC3,7,Liguria,Liguria,1550640,1443722,93.1,0.83
2102,2020-12-31,LIG,990,353,637,990,0,0,ITC,ITC3,7,Liguria,Liguria,1550640,1444712,93.17,0.06
2103,2021-04-10,LIG,7888,3561,4327,6890,914,84,ITC,ITC3,7,Liguria,Liguria,1550640,1452600,93.68,0.51
2104,2021-01-17,LIG,866,301,565,865,0,1,ITC,ITC3,7,Liguria,Liguria,1550640,1453466,93.73,0.06
2105,2021-04-11,FVG,3432,1519,1913,2435,906,91,ITH,ITH4,6,Friuli-Venezia Giulia,Friuli Venezia Giulia,1215220,3432,0.28,0.28
2106,2021-06-07,FVG,9159,4747,4412,8145,990,24,ITH,ITH4,6,Friuli-Venezia Giulia,Friuli Venezia Giulia,1215220,12591,1.04,0.75
2107,2021-05-31,FVG,8897,4418,4479,6502,2183,212,ITH,ITH4,6,Friuli-Venezia Giulia,Friuli Venezia Giulia,1215220,21488,1.77,0.73
2108,2021-06-24,FVG,11024,5618,5406,1949,9067,8,ITH,ITH4,6,Friuli-Venezia Giulia,Friuli Venezia Giulia,1215220,32512,2.68,0.91
2109,2021-03-16,FVG,3187,1299,1888,1033,2081,73,ITH,ITH4,6,Friuli-Venezia Giulia,Friuli Venezia Giulia,1215220,35699,2.94,0.26
2110,2021-05-12,FVG,10868,5035,5833,9068,1408,392,ITH,ITH4,6,Friuli-Venezia Giulia,Friuli Venezia Giulia,1215220,46567,3.83,0.89
2111,2021-05-19,FVG,12041,5934,6107,9296,2345,400,ITH,ITH4,6,Friuli-Venezia Giulia,Friuli Venezia Giulia,1215220,58608,4.82,0.99
2112,2021-07-08,FVG,12188,6553,5635,1222,10781,185,ITH,ITH4,6,Friuli-Venezia Giulia,Friuli Venezia Giulia,1215220,70796,5.83,1.0
2113,2021-02-04,FVG,2725,808,1917,35,2690,0,ITH,ITH4,6,Friuli-Venezia Giulia,Friuli Venezia Giulia,1215220,73521,6.05,0.22
2114,2021-04-30,FVG,7348,3244,4104,3528,3650,170,ITH,ITH4,6,Friuli-Venezia Giulia,Friuli Venezia Giulia,1215220,80869,6.65,0.6
2115,2021-04-28,FVG,7293,3222,4071,3672,3490,131,ITH,ITH4,6,Friuli-Venezia Giulia,Friuli Venezia Giulia,1215220,88162,7.25,0.6
2116,2021-01-23,FVG,814,323,491,4,810,0,ITH,ITH4,6,Friuli-Venezia Giulia,Friuli Venezia Giulia,1215220,88976,7.32,0.07
2117,2021-05-05,FVG,9759,4262,5497,6052,3469,238,ITH,ITH4,6,Friuli-Venezia Giulia,Friuli Venezia Giulia,1215220,98735,8.12,0.8
2118,2021-03-28,FVG,4937,2354,2583,4725,158,54,ITH,ITH4,6,Friuli-Venezia Giulia,Friuli Venezia Giulia,1215220,103672,8.53,0.41
2119,2021-01-18,FVG,1961,606,1355,1867,94,0,ITH,ITH4,6,Friuli-Venezia Giulia,Friuli Venezia Giulia,1215220,105633,8.69,0.16
2120,2021-01-04,FVG,1507,558,949,1507,0,0,ITH,ITH4,6,Friuli-Venezia Giulia,Friuli Venezia Giulia,1215220,107140,8.82,0.12
2121,2021-02-06,FVG,1154,338,816,21,1132,1,ITH,ITH4,6,Friuli-Venezia Giulia,Friuli Venezia Giulia,1215220,108294,8.91,0.09
2122,2021-02-23,FVG,2644,1278,1366,2461,180,3,ITH,ITH4,6,Friuli-Venezia Giulia,Friuli Venezia Giulia,1215220,110938,9.13,0.22
2123,2021-05-24,FVG,11422,5524,5898,7554,3617,251,ITH,ITH4,6,Friuli-Venezia Giulia,Friuli Venezia Giulia,1215220,122360,10.07,0.94
2124,2021-02-13,FVG,566,179,387,559,6,1,ITH,ITH4,6,Friuli-Venezia Giulia,Friuli Venezia Giulia,1215220,122926,10.12,0.05
2125,2021-03-02,FVG,4220,1519,2701,2701,1499,20,ITH,ITH4,6,Friuli-Venezia Giulia,Friuli Venezia Giulia,1215220,127146,10.46,0.35
2126,2021-03-04,FVG,3452,1598,1854,2770,660,22,ITH,ITH4,6,Friuli-Venezia Giulia,Friuli Venezia Giulia,1215220,130598,10.75,0.28
2127,2021-06-12,FVG,8080,4634,3446,6903,1159,18,ITH,ITH4,6,Friuli-Venezia Giulia,Friuli Venezia Giulia,1215220,138678,11.41,0.66
2128,2021-03-21,FVG,2673,1000,1673,2228,409,36,ITH,ITH4,6,Friuli-Venezia Giulia,Friuli Venezia Giulia,1215220,141351,11.63,0.22
2129,2021-01-30,FVG,2277,745,1532,270,2007,0,ITH,ITH4,6,Friuli-Venezia Giulia,Friuli Venezia Giulia,1215220,143628,11.82,0.19
2130,2021-06-26,FVG,10043,5101,4942,3899,6142,2,ITH,ITH4,6,Friuli-Venezia Giulia,Friuli Venezia Giulia,1215220,153671,12.65,0.83
2131,2021-04-21,FVG,7754,3458,4296,3989,3680,85,ITH,ITH4,6,Friuli-Venezia Giulia,Friuli Venezia Giulia,1215220,161425,13.28,0.64
2132,2021-02-18,FVG,3218,1492,1726,2791,407,20,ITH,ITH4,6,Friuli-Venezia Giulia,Friuli Venezia Giulia,1215220,164643,13.55,0.26
2133,2021-04-02,FVG,6594,2926,3668,4643,1838,113,ITH,ITH4,6,Friuli-Venezia Giulia,Friuli Venezia Giulia,1215220,171237,14.09,0.54
2134,2021-04-16,FVG,6961,3026,3935,4909,1925,127,ITH,ITH4,6,Friuli-Venezia Giulia,Friuli Venezia Giulia,1215220,178198,14.66,0.57
2135,2021-01-06,FVG,710,264,446,710,0,0,ITH,ITH4,6,Friuli-Venezia Giulia,Friuli Venezia Giulia,1215220,178908,14.72,0.06
2136,2021-02-27,FVG,3531,1201,2330,3511,1,19,ITH,ITH4,6,Friuli-Venezia Giulia,Friuli Venezia Giulia,1215220,182439,15.01,0.29
2137,2021-04-25,FVG,2365,989,1376,2177,11,177,ITH,ITH4,6,Friuli-Venezia Giulia,Friuli Venezia Giulia,1215220,184804,15.21,0.19
2138,2021-01-15,FVG,2021,605,1416,2020,0,1,ITH,ITH4,6,Friuli-Venezia Giulia,Friuli Venezia Giulia,1215220,186825,15.37,0.17
2139,2021-03-14,FVG,1398,550,848,1124,252,22,ITH,ITH4,6,Friuli-Venezia Giulia,Friuli Venezia Giulia,1215220,188223,15.49,0.12
2140,2021-04-08,FVG,7445,3217,4228,5403,1922,120,ITH,ITH4,6,Friuli-Venezia Giulia,Friuli Venezia Giulia,1215220,195668,16.1,0.61
2141,2021-05-21,FVG,11204,5013,6191,7918,2968,318,ITH,ITH4,6,Friuli-Venezia Giulia,Friuli Venezia Giulia,1215220,206872,17.02,0.92
2142,2021-02-10,FVG,1350,496,854,1264,86,0,ITH,ITH4,6,Friuli-Venezia Giulia,Friuli Venezia Giulia,1215220,208222,17.13,0.11
2143,2021-02-01,FVG,2097,688,1409,16,2081,0,ITH,ITH4,6,Friuli-Venezia Giulia,Friuli Venezia Giulia,1215220,210319,17.31,0.17
2144,2021-01-25,FVG,1583,567,1016,194,1389,0,ITH,ITH4,6,Friuli-Venezia Giulia,Friuli Venezia Giulia,1215220,211902,17.44,0.13
2145,2021-07-01,FVG,12186,6340,5846,2525,9393,268,ITH,ITH4,6,Friuli-Venezia Giulia,Friuli Venezia Giulia,1215220,224088,18.44,1.0
2146,2021-03-23,FVG,3888,1681,2207,1733,2141,14,ITH,ITH4,6,Friuli-Venezia Giulia,Friuli Venezia Giulia,1215220,227976,18.76,0.32
2147,2021-01-16,FVG,1230,360,870,1230,0,0,ITH,ITH4,6,Friuli-Venezia Giulia,Friuli Venezia Giulia,1215220,229206,18.86,0.1
2148,2021-07-03,FVG,11334,6046,5288,1069,10112,153,ITH,ITH4,6,Friuli-Venezia Giulia,Friuli Venezia Giulia,1215220,240540,19.79,0.93
2149,2021-03-25,FVG,5529,2421,3108,3337,2137,55,ITH,ITH4,6,Friuli-Venezia Giulia,Friuli Venezia Giulia,1215220,246069,20.25,0.45
2150,2021-03-30,FVG,7225,3254,3971,6191,923,111,ITH,ITH4,6,Friuli-Venezia Giulia,Friuli Venezia Giulia,1215220,253294,20.84,0.59
2151,2021-06-19,FVG,8491,4427,4064,1364,7127,0,ITH,ITH4,6,Friuli-Venezia Giulia,Friuli Venezia Giulia,1215220,261785,21.54,0.7
2152,2021-03-11,FVG,3476,1517,1959,1713,1751,12,ITH,ITH4,6,Friuli-Venezia Giulia,Friuli Venezia Giulia,1215220,265261,21.83,0.29
2153,2021-05-17,FVG,8807,4088,4719,6096,2485,226,ITH,ITH4,6,Friuli-Venezia Giulia,Friuli Venezia Giulia,1215220,274068,22.55,0.72
2154,2021-03-09,FVG,4012,1723,2289,1237,2750,25,ITH,ITH4,6,Friuli-Venezia Giulia,Friuli Venezia Giulia,1215220,278080,22.88,0.33
2155,2021-06-04,FVG,12044,6187,5857,10627,1385,32,ITH,ITH4,6,Friuli-Venezia Giulia,Friuli Venezia Giulia,1215220,290124,23.87,0.99
2156,2021-02-11,FVG,1930,664,1266,1735,192,3,ITH,ITH4,6,Friuli-Venezia Giulia,Friuli Venezia Giulia,1215220,292054,24.03,0.16
2157,2021-04-09,FVG,7914,3658,4256,6507,1248,159,ITH,ITH4,6,Friuli-Venezia Giulia,Friuli Venezia Giulia,1215220,299968,24.68,0.65
2158,2020-12-30,FVG,626,244,382,626,0,0,ITH,ITH4,6,Friuli-Venezia Giulia,Friuli Venezia Giulia,1215220,300594,24.74,0.05
2159,2021-06-05,FVG,10293,5318,4975,8733,1548,12,ITH,ITH4,6,Friuli-Venezia Giulia,Friuli Venezia Giulia,1215220,310887,25.58,0.85
2160,2021-02-25,FVG,3165,1652,1513,3112,29,24,ITH,ITH4,6,Friuli-Venezia Giulia,Friuli Venezia Giulia,1215220,314052,25.84,0.26
2161,2021-01-11,FVG,1882,608,1274,1882,0,0,ITH,ITH4,6,Friuli-Venezia Giulia,Friuli Venezia Giulia,1215220,315934,26.0,0.15
2162,2021-04-23,FVG,7467,3376,4091,3463,3866,138,ITH,ITH4,6,Friuli-Venezia Giulia,Friuli Venezia Giulia,1215220,323401,26.61,0.61
2163,2021-01-27,FVG,1271,425,846,448,821,2,ITH,ITH4,6,Friuli-Venezia Giulia,Friuli Venezia Giulia,1215220,324672,26.72,0.1
2164,2021-05-07,FVG,10610,4851,5759,6934,3511,165,ITH,ITH4,6,Friuli-Venezia Giulia,Friuli Venezia Giulia,1215220,335282,27.59,0.87
2165,2021-05-09,FVG,7356,3302,4054,3370,3858,128,ITH,ITH4,6,Friuli-Venezia Giulia,Friuli Venezia Giulia,1215220,342638,28.2,0.61
2166,2021-04-18,FVG,6037,2799,3238,5448,407,182,ITH,ITH4,6,Friuli-Venezia Giulia,Friuli Venezia Giulia,1215220,348675,28.69,0.5
2167,2021-01-08,FVG,2321,746,1575,2321,0,0,ITH,ITH4,6,Friuli-Venezia Giulia,Friuli Venezia Giulia,1215220,350996,28.88,0.19
2168,2021-06-14,FVG,10035,4844,5191,5223,4805,7,ITH,ITH4,6,Friuli-Venezia Giulia,Friuli Venezia Giulia,1215220,361031,29.71,0.83
2169,2021-02-20,FVG,2068,933,1135,1921,144,3,ITH,ITH4,6,Friuli-Venezia Giulia,Friuli Venezia Giulia,1215220,363099,29.88,0.17
2170,2021-01-22,FVG,89,29,60,0,89,0,ITH,ITH4,6,Friuli-Venezia Giulia,Friuli Venezia Giulia,1215220,363188,29.89,0.01
2171,2021-03-06,FVG,3500,1196,2304,3147,325,28,ITH,ITH4,6,Friuli-Venezia Giulia,Friuli Venezia Giulia,1215220,366688,30.17,0.29
2172,2021-05-14,FVG,10754,5355,5399,7885,2593,276,ITH,ITH4,6,Friuli-Venezia Giulia,Friuli Venezia Giulia,1215220,377442,31.06,0.88
2173,2021-02-03,FVG,2647,791,1856,22,2624,1,ITH,ITH4,6,Friuli-Venezia Giulia,Friuli Venezia Giulia,1215220,380089,31.28,0.22
2174,2021-02-08,FVG,2356,694,1662,90,2265,1,ITH,ITH4,6,Friuli-Venezia Giulia,Friuli Venezia Giulia,1215220,382445,31.47,0.19
2175,2021-04-13,FVG,7375,3291,4084,5647,1603,125,ITH,ITH4,6,Friuli-Venezia Giulia,Friuli Venezia Giulia,1215220,389820,32.08,0.61
2176,2021-01-03,FVG,312,122,190,312,0,0,ITH,ITH4,6,Friuli-Venezia Giulia,Friuli Venezia Giulia,1215220,390132,32.1,0.03
2177,2021-01-20,FVG,748,320,428,13,735,0,ITH,ITH4,6,Friuli-Venezia Giulia,Friuli Venezia Giulia,1215220,390880,32.17,0.06
2178,2021-02-22,FVG,2485,1193,1292,2064,418,3,ITH,ITH4,6,Friuli-Venezia Giulia,Friuli Venezia Giulia,1215220,393365,32.37,0.2
2179,2021-06-02,FVG,9407,4950,4457,9117,280,10,ITH,ITH4,6,Friuli-Venezia Giulia,Friuli Venezia Giulia,1215220,402772,33.14,0.77
2180,2021-07-05,FVG,9455,4810,4645,1280,8029,146,ITH,ITH4,6,Friuli-Venezia Giulia,Friuli Venezia Giulia,1215220,412227,33.92,0.78
2181,2021-06-21,FVG,9130,4452,4678,1899,7228,3,ITH,ITH4,6,Friuli-Venezia Giulia,Friuli Venezia Giulia,1215220,421357,34.67,0.75
2182,2021-03-13,FVG,2942,1124,1818,1658,1272,12,ITH,ITH4,6,Friuli-Venezia Giulia,Friuli Venezia Giulia,1215220,424299,34.92,0.24
2183,2021-05-02,FVG,6897,3247,3650,3805,2958,134,ITH,ITH4,6,Friuli-Venezia Giulia,Friuli Venezia Giulia,1215220,431196,35.48,0.57
2184,2021-06-16,FVG,12071,5862,6209,4063,8005,3,ITH,ITH4,6,Friuli-Venezia Giulia,Friuli Venezia Giulia,1215220,443267,36.48,0.99
2185,2021-06-23,FVG,12013,5809,6204,2093,9916,4,ITH,ITH4,6,Friuli-Venezia Giulia,Friuli Venezia Giulia,1215220,455280,37.46,0.99
2186,2021-04-27,FVG,8112,3723,4389,3529,4485,98,ITH,ITH4,6,Friuli-Venezia Giulia,Friuli Venezia Giulia,1215220,463392,38.13,0.67
2187,2021-05-26,FVG,13420,6702,6718,9663,3437,320,ITH,ITH4,6,Friuli-Venezia Giulia,Friuli Venezia Giulia,1215220,476812,39.24,1.1
2188,2021-02-15,FVG,2454,911,1543,2196,254,4,ITH,ITH4,6,Friuli-Venezia Giulia,Friuli Venezia Giulia,1215220,479266,39.44,0.2
2189,2021-04-20,FVG,7115,3063,4052,3078,3906,131,ITH,ITH4,6,Friuli-Venezia Giulia,Friuli Venezia Giulia,1215220,486381,40.02,0.59
2190,2021-07-10,FVG,7874,4069,3805,115,7739,20,ITH,ITH4,6,Friuli-Venezia Giulia,Friuli Venezia Giulia,1215220,494255,40.67,0.65
2191,2021-04-01,FVG,6398,3054,3344,5314,1015,69,ITH,ITH4,6,Friuli-Venezia Giulia,Friuli Venezia Giulia,1215220,500653,41.2,0.53
2192,2021-05-28,FVG,10596,5078,5518,6237,4111,248,ITH,ITH4,6,Friuli-Venezia Giulia,Friuli Venezia Giulia,1215220,511249,42.07,0.87
2193,2021-02-07,FVG,1564,482,1082,384,1179,1,ITH,ITH4,6,Friuli-Venezia Giulia,Friuli Venezia Giulia,1215220,512813,42.2,0.13
2194,2021-05-18,FVG,10786,5395,5391,8379,2077,330,ITH,ITH4,6,Friuli-Venezia Giulia,Friuli Venezia Giulia,1215220,523599,43.09,0.89
2195,2021-06-01,FVG,10095,5108,4987,7947,2121,27,ITH,ITH4,6,Friuli-Venezia Giulia,Friuli Venezia Giulia,1215220,533694,43.92,0.83
2196,2021-06-20,FVG,6503,3221,3282,1567,4932,4,ITH,ITH4,6,Friuli-Venezia Giulia,Friuli Venezia Giulia,1215220,540197,44.45,0.54
2197,2021-03-29,FVG,7021,3125,3896,5378,1582,61,ITH,ITH4,6,Friuli-Venezia Giulia,Friuli Venezia Giulia,1215220,547218,45.03,0.58
2198,2021-07-07,FVG,11107,5695,5412,1386,9590,131,ITH,ITH4,6,Friuli-Venezia Giulia,Friuli Venezia Giulia,1215220,558325,45.94,0.91
2199,2021-05-15,FVG,12658,6106,6552,7683,4699,276,ITH,ITH4,6,Friuli-Venezia Giulia,Friuli Venezia Giulia,1215220,570983,46.99,1.04
2200,2021-05-01,FVG,7196,3246,3950,5898,1045,253,ITH,ITH4,6,Friuli-Venezia Giulia,Friuli Venezia Giulia,1215220,578179,47.58,0.59
2201,2021-01-21,FVG,896,345,551,1,895,0,ITH,ITH4,6,Friuli-Venezia Giulia,Friuli Venezia Giulia,1215220,579075,47.65,0.07
2202,2021-02-21,FVG,801,281,520,421,378,2,ITH,ITH4,6,Friuli-Venezia Giulia,Friuli Venezia Giulia,1215220,579876,47.72,0.07
2203,2021-07-04,FVG,8558,4386,4172,2731,5563,264,ITH,ITH4,6,Friuli-Venezia Giulia,Friuli Venezia Giulia,1215220,588434,48.42,0.7
2204,2021-03-26,FVG,6004,2605,3399,3829,2017,158,ITH,ITH4,6,Friuli-Venezia Giulia,Friuli Venezia Giulia,1215220,594438,48.92,0.49
2205,2021-03-12,FVG,4102,1696,2406,2698,1381,23,ITH,ITH4,6,Friuli-Venezia Giulia,Friuli Venezia Giulia,1215220,598540,49.25,0.34
2206,2021-01-02,FVG,1216,470,746,1216,0,0,ITH,ITH4,6,Friuli-Venezia Giulia,Friuli Venezia Giulia,1215220,599756,49.35,0.1
2207,2021-04-12,FVG,7271,3187,4084,5999,1132,140,ITH,ITH4,6,Friuli-Venezia Giulia,Friuli Venezia Giulia,1215220,607027,49.95,0.6
2208,2021-06-13,FVG,8647,4501,4146,5310,3321,16,ITH,ITH4,6,Friuli-Venezia Giulia,Friuli Venezia Giulia,1215220,615674,50.66,0.71
2209,2021-04-17,FVG,7452,3235,4217,5807,1483,162,ITH,ITH4,6,Friuli-Venezia Giulia,Friuli Venezia Giulia,1215220,623126,51.28,0.61
2210,2021-04-10,FVG,5049,2213,2836,3758,1225,66,ITH,ITH4,6,Friuli-Venezia Giulia,Friuli Venezia Giulia,1215220,628175,51.69,0.42
2211,2021-05-23,FVG,10276,4856,5420,5928,4150,198,ITH,ITH4,6,Friuli-Venezia Giulia,Friuli Venezia Giulia,1215220,638451,52.54,0.85
2212,2021-05-06,FVG,11895,5527,6368,7666,3968,261,ITH,ITH4,6,Friuli-Venezia Giulia,Friuli Venezia Giulia,1215220,650346,53.52,0.98
2213,2021-07-02,FVG,10905,5634,5271,1933,8768,204,ITH,ITH4,6,Friuli-Venezia Giulia,Friuli Venezia Giulia,1215220,661251,54.41,0.9
2214,2021-06-25,FVG,10720,5394,5326,2192,8521,7,ITH,ITH4,6,Friuli-Venezia Giulia,Friuli Venezia Giulia,1215220,671971,55.3,0.88
2215,2021-07-09,FVG,11259,5946,5313,1966,9009,284,ITH,ITH4,6,Friuli-Venezia Giulia,Friuli Venezia Giulia,1215220,683230,56.22,0.93
2216,2021-05-04,FVG,9544,4302,5242,5981,3361,202,ITH,ITH4,6,Friuli-Venezia Giulia,Friuli Venezia Giulia,1215220,692774,57.01,0.79
2217,2021-01-24,FVG,305,119,186,1,304,0,ITH,ITH4,6,Friuli-Venezia Giulia,Friuli Venezia Giulia,1215220,693079,57.03,0.03
2218,2021-06-30,FVG,13099,6666,6433,1365,11550,184,ITH,ITH4,6,Friuli-Venezia Giulia,Friuli Venezia Giulia,1215220,706178,58.11,1.08
2219,2021-03-08,FVG,4120,1642,2478,2020,2086,14,ITH,ITH4,6,Friuli-Venezia Giulia,Friuli Venezia Giulia,1215220,710298,58.45,0.34
2220,2021-03-22,FVG,3659,1446,2213,1673,1954,32,ITH,ITH4,6,Friuli-Venezia Giulia,Friuli Venezia Giulia,1215220,713957,58.75,0.3
2221,2021-01-17,FVG,1715,522,1193,1713,0,2,ITH,ITH4,6,Friuli-Venezia Giulia,Friuli Venezia Giulia,1215220,715672,58.89,0.14
2222,2021-03-15,FVG,3951,1809,2142,1612,2321,18,ITH,ITH4,6,Friuli-Venezia Giulia,Friuli Venezia Giulia,1215220,719623,59.22,0.33
2223,2021-05-11,FVG,9033,4333,4700,7015,1802,216,ITH,ITH4,6,Friuli-Venezia Giulia,Friuli Venezia Giulia,1215220,728656,59.96,0.74
2224,2021-01-31,FVG,2717,838,1879,385,2332,0,ITH,ITH4,6,Friuli-Venezia Giulia,Friuli Venezia Giulia,1215220,731373,60.18,0.22
2225,2021-05-29,FVG,12018,5846,6172,6792,4987,239,ITH,ITH4,6,Friuli-Venezia Giulia,Friuli Venezia Giulia,1215220,743391,61.17,0.99
2226,2021-05-22,FVG,11580,5202,6378,7096,4239,245,ITH,ITH4,6,Friuli-Venezia Giulia,Friuli Venezia Giulia,1215220,754971,62.13,0.95
2227,2021-05-16,FVG,9987,4779,5208,8362,1399,226,ITH,ITH4,6,Friuli-Venezia Giulia,Friuli Venezia Giulia,1215220,764958,62.95,0.82
2228,2021-06-18,FVG,10651,5207,5444,3382,7263,6,ITH,ITH4,6,Friuli-Venezia Giulia,Friuli Venezia Giulia,1215220,775609,63.82,0.88
2229,2021-03-10,FVG,3587,1698,1889,1740,1794,53,ITH,ITH4,6,Friuli-Venezia Giulia,Friuli Venezia Giulia,1215220,779196,64.12,0.3
2230,2021-02-24,FVG,2524,1088,1436,2496,18,10,ITH,ITH4,6,Friuli-Venezia Giulia,Friuli Venezia Giulia,1215220,781720,64.33,0.21
2231,2021-03-27,FVG,5376,2917,2459,3938,1411,27,ITH,ITH4,6,Friuli-Venezia Giulia,Friuli Venezia Giulia,1215220,787096,64.77,0.44
2232,2021-04-15,FVG,6513,2878,3635,5104,1270,139,ITH,ITH4,6,Friuli-Venezia Giulia,Friuli Venezia Giulia,1215220,793609,65.31,0.54
2233,2021-04-29,FVG,6758,2978,3780,3971,2592,195,ITH,ITH4,6,Friuli-Venezia Giulia,Friuli Venezia Giulia,1215220,800367,65.86,0.56
2234,2021-01-05,FVG,1678,551,1127,1677,0,1,ITH,ITH4,6,Friuli-Venezia Giulia,Friuli Venezia Giulia,1215220,802045,66.0,0.14
2235,2021-02-05,FVG,2610,784,1826,89,2521,0,ITH,ITH4,6,Friuli-Venezia Giulia,Friuli Venezia Giulia,1215220,804655,66.21,0.21
2236,2021-04-14,FVG,7228,3122,4106,5398,1712,118,ITH,ITH4,6,Friuli-Venezia Giulia,Friuli Venezia Giulia,1215220,811883,66.81,0.59
2237,2021-07-06,FVG,10474,5502,4972,826,9557,91,ITH,ITH4,6,Friuli-Venezia Giulia,Friuli Venezia Giulia,1215220,822357,67.67,0.86
2238,2021-01-10,FVG,2940,918,2022,2940,0,0,ITH,ITH4,6,Friuli-Venezia Giulia,Friuli Venezia Giulia,1215220,825297,67.91,0.24
2239,2021-04-05,FVG,2895,1438,1457,2830,15,50,ITH,ITH4,6,Friuli-Venezia Giulia,Friuli Venezia Giulia,1215220,828192,68.15,0.24
2240,2021-01-12,FVG,2257,713,1544,2257,0,0,ITH,ITH4,6,Friuli-Venezia Giulia,Friuli Venezia Giulia,1215220,830449,68.34,0.19
2241,2021-01-29,FVG,2412,813,1599,264,2148,0,ITH,ITH4,6,Friuli-Venezia Giulia,Friuli Venezia Giulia,1215220,832861,68.54,0.2
2242,2021-04-22,FVG,6782,3085,3697,3031,3688,63,ITH,ITH4,6,Friuli-Venezia Giulia,Friuli Venezia Giulia,1215220,839643,69.09,0.56
2243,2021-02-19,FVG,3253,1291,1962,2814,427,12,ITH,ITH4,6,Friuli-Venezia Giulia,Friuli Venezia Giulia,1215220,842896,69.36,0.27
2244,2021-04-24,FVG,6681,2950,3731,5207,1243,231,ITH,ITH4,6,Friuli-Venezia Giulia,Friuli Venezia Giulia,1215220,849577,69.91,0.55
2245,2021-06-06,FVG,9456,4615,4841,7904,1548,4,ITH,ITH4,6,Friuli-Venezia Giulia,Friuli Venezia Giulia,1215220,859033,70.69,0.78
2246,2021-02-26,FVG,3735,2093,1642,3560,148,27,ITH,ITH4,6,Friuli-Venezia Giulia,Friuli Venezia Giulia,1215220,862768,71.0,0.31
2247,2021-02-17,FVG,2355,1000,1355,1873,480,2,ITH,ITH4,6,Friuli-Venezia Giulia,Friuli Venezia Giulia,1215220,865123,71.19,0.19
2248,2021-03-17,FVG,3236,1267,1969,739,2491,6,ITH,ITH4,6,Friuli-Venezia Giulia,Friuli Venezia Giulia,1215220,868359,71.46,0.27
2249,2021-05-13,FVG,11152,5378,5774,8728,2061,363,ITH,ITH4,6,Friuli-Venezia Giulia,Friuli Venezia Giulia,1215220,879511,72.37,0.92
2250,2021-02-16,FVG,2516,1135,1381,2397,116,3,ITH,ITH4,6,Friuli-Venezia Giulia,Friuli Venezia Giulia,1215220,882027,72.58,0.21
2251,2021-03-24,FVG,3974,1717,2257,2464,1481,29,ITH,ITH4,6,Friuli-Venezia Giulia,Friuli Venezia Giulia,1215220,886001,72.91,0.33
2252,2021-05-20,FVG,12697,6309,6388,9808,2514,375,ITH,ITH4,6,Friuli-Venezia Giulia,Friuli Venezia Giulia,1215220,898698,73.95,1.04
2253,2021-01-26,FVG,1977,647,1330,216,1760,1,ITH,ITH4,6,Friuli-Venezia Giulia,Friuli Venezia Giulia,1215220,900675,74.12,0.16
2254,2021-02-09,FVG,1842,555,1287,1556,286,0,ITH,ITH4,6,Friuli-Venezia Giulia,Friuli Venezia Giulia,1215220,902517,74.27,0.15
2255,2021-02-02,FVG,2467,806,1661,217,2250,0,ITH,ITH4,6,Friuli-Venezia Giulia,Friuli Venezia Giulia,1215220,904984,74.47,0.2
2256,2021-03-31,FVG,8116,3560,4556,7156,846,114,ITH,ITH4,6,Friuli-Venezia Giulia,Friuli Venezia Giulia,1215220,913100,75.14,0.67
2257,2021-06-03,FVG,12372,6713,5659,10260,2076,36,ITH,ITH4,6,Friuli-Venezia Giulia,Friuli Venezia Giulia,1215220,925472,76.16,1.02
2258,2021-01-19,FVG,6,2,4,6,0,0,ITH,ITH4,6,Friuli-Venezia Giulia,Friuli Venezia Giulia,1215220,925478,76.16,0.0
2259,2021-01-07,FVG,2093,718,1375,2093,0,0,ITH,ITH4,6,Friuli-Venezia Giulia,Friuli Venezia Giulia,1215220,927571,76.33,0.17
2260,2021-03-05,FVG,3772,1511,2261,2633,1074,65,ITH,ITH4,6,Friuli-Venezia Giulia,Friuli Venezia Giulia,1215220,931343,76.64,0.31
2261,2021-04-19,FVG,6712,3134,3578,3205,3416,91,ITH,ITH4,6,Friuli-Venezia Giulia,Friuli Venezia Giulia,1215220,938055,77.19,0.55
2262,2021-01-09,FVG,2513,841,1672,2511,0,2,ITH,ITH4,6,Friuli-Venezia Giulia,Friuli Venezia Giulia,1215220,940568,77.4,0.21
2263,2021-06-15,FVG,11757,5944,5813,5299,6453,5,ITH,ITH4,6,Friuli-Venezia Giulia,Friuli Venezia Giulia,1215220,952325,78.37,0.97
2264,2021-03-07,FVG,2545,932,1613,2489,1,55,ITH,ITH4,6,Friuli-Venezia Giulia,Friuli Venezia Giulia,1215220,954870,78.58,0.21
2265,2020-12-31,FVG,1048,381,667,1047,0,1,ITH,ITH4,6,Friuli-Venezia Giulia,Friuli Venezia Giulia,1215220,955918,78.66,0.09
2266,2021-06-17,FVG,11316,5714,5602,2306,9008,2,ITH,ITH4,6,Friuli-Venezia Giulia,Friuli Venezia Giulia,1215220,967234,79.59,0.93
2267,2021-06-22,FVG,11472,5914,5558,2391,9073,8,ITH,ITH4,6,Friuli-Venezia Giulia,Friuli Venezia Giulia,1215220,978706,80.54,0.94
2268,2021-04-03,FVG,4012,1990,2022,2638,1331,43,ITH,ITH4,6,Friuli-Venezia Giulia,Friuli Venezia Giulia,1215220,982718,80.87,0.33
2269,2021-06-10,FVG,10716,5611,5105,9662,1036,18,ITH,ITH4,6,Friuli-Venezia Giulia,Friuli Venezia Giulia,1215220,993434,81.75,0.88
2270,2021-03-19,FVG,3251,1350,1901,1301,1936,14,ITH,ITH4,6,Friuli-Venezia Giulia,Friuli Venezia Giulia,1215220,996685,82.02,0.27
2271,2021-06-27,FVG,7331,3659,3672,3520,3809,2,ITH,ITH4,6,Friuli-Venezia Giulia,Friuli Venezia Giulia,1215220,1004016,82.62,0.6
2272,2021-06-29,FVG,11250,5735,5515,1155,9977,118,ITH,ITH4,6,Friuli-Venezia Giulia,Friuli Venezia Giulia,1215220,1015266,83.55,0.93
2273,2021-04-07,FVG,7826,3623,4203,6940,782,104,ITH,ITH4,6,Friuli-Venezia Giulia,Friuli Venezia Giulia,1215220,1023092,84.19,0.64
2274,2021-05-30,FVG,11063,4990,6073,7245,3588,230,ITH,ITH4,6,Friuli-Venezia Giulia,Friuli Venezia Giulia,1215220,1034155,85.1,0.91
2275,2021-05-03,FVG,7215,3290,3925,3315,3785,115,ITH,ITH4,6,Friuli-Venezia Giulia,Friuli Venezia Giulia,1215220,1041370,85.69,0.59
2276,2021-01-14,FVG,2584,789,1795,2581,0,3,ITH,ITH4,6,Friuli-Venezia Giulia,Friuli Venezia Giulia,1215220,1043954,85.91,0.21
2277,2021-06-08,FVG,10324,5410,4914,9849,446,29,ITH,ITH4,6,Friuli-Venezia Giulia,Friuli Venezia Giulia,1215220,1054278,86.76,0.85
2278,2021-02-28,FVG,2686,1003,1683,2265,394,27,ITH,ITH4,6,Friuli-Venezia Giulia,Friuli Venezia Giulia,1215220,1056964,86.98,0.22
2279,2021-04-26,FVG,5461,2450,3011,3691,1649,121,ITH,ITH4,6,Friuli-Venezia Giulia,Friuli Venezia Giulia,1215220,1062425,87.43,0.45
2280,2021-06-09,FVG,11172,5880,5292,9760,1392,20,ITH,ITH4,6,Friuli-Venezia Giulia,Friuli Venezia Giulia,1215220,1073597,88.35,0.92
2281,2021-03-01,FVG,2958,1041,1917,2887,52,19,ITH,ITH4,6,Friuli-Venezia Giulia,Friuli Venezia Giulia,1215220,1076555,88.59,0.24
2282,2021-03-18,FVG,3373,1422,1951,1683,1682,8,ITH,ITH4,6,Friuli-Venezia Giulia,Friuli Venezia Giulia,1215220,1079928,88.87,0.28
2283,2021-06-28,FVG,9816,4944,4872,2126,7679,11,ITH,ITH4,6,Friuli-Venezia Giulia,Friuli Venezia Giulia,1215220,1089744,89.67,0.81
2284,2021-03-20,FVG,3401,1409,1992,1300,2091,10,ITH,ITH4,6,Friuli-Venezia Giulia,Friuli Venezia Giulia,1215220,1093145,89.95,0.28
2285,2021-01-13,FVG,2650,834,1816,2650,0,0,ITH,ITH4,6,Friuli-Venezia Giulia,Friuli Venezia Giulia,1215220,1095795,90.17,0.22
2286,2021-04-06,FVG,6669,3126,3543,5425,1150,94,ITH,ITH4,6,Friuli-Venezia Giulia,Friuli Venezia Giulia,1215220,1102464,90.72,0.55
2287,2020-12-27,FVG,262,149,113,261,0,1,ITH,ITH4,6,Friuli-Venezia Giulia,Friuli Venezia Giulia,1215220,1102726,90.74,0.02
2288,2021-02-12,FVG,1193,428,765,1142,47,4,ITH,ITH4,6,Friuli-Venezia Giulia,Friuli Venezia Giulia,1215220,1103919,90.84,0.1
2289,2021-05-25,FVG,12918,6382,6536,9290,3312,316,ITH,ITH4,6,Friuli-Venezia Giulia,Friuli Venezia Giulia,1215220,1116837,91.9,1.06
2290,2021-06-11,FVG,10617,5783,4834,9759,829,29,ITH,ITH4,6,Friuli-Venezia Giulia,Friuli Venezia Giulia,1215220,1127454,92.78,0.87
2291,2021-03-03,FVG,3646,1634,2012,2357,1275,14,ITH,ITH4,6,Friuli-Venezia Giulia,Friuli Venezia Giulia,1215220,1131100,93.08,0.3
2292,2021-05-27,FVG,12823,6140,6683,7407,5228,188,ITH,ITH4,6,Friuli-Venezia Giulia,Friuli Venezia Giulia,1215220,1143923,94.13,1.06
2293,2021-01-28,FVG,2240,794,1446,355,1885,0,ITH,ITH4,6,Friuli-Venezia Giulia,Friuli Venezia Giulia,1215220,1146163,94.32,0.18
2294,2021-05-08,FVG,10270,4644,5626,5306,4783,181,ITH,ITH4,6,Friuli-Venezia Giulia,Friuli Venezia Giulia,1215220,1156433,95.16,0.85
2295,2021-02-14,FVG,1,0,1,0,1,0,ITH,ITH4,6,Friuli-Venezia Giulia,Friuli Venezia Giulia,1215220,1156434,95.16,0.0
2296,2021-05-10,FVG,7940,3529,4411,6230,1542,168,ITH,ITH4,6,Friuli-Venezia Giulia,Friuli Venezia Giulia,1215220,1164374,95.82,0.65
2297,2021-01-16,SAR,1488,525,963,1488,0,0,ITG,ITG2,20,Sardegna,Sardegna,1639591,1488,0.09,0.09
2298,2021-04-09,SAR,12264,5456,6808,7794,4351,119,ITG,ITG2,20,Sardegna,Sardegna,1639591,13752,0.84,0.75
2299,2021-04-11,SAR,5392,2441,2951,4245,1121,26,ITG,ITG2,20,Sardegna,Sardegna,1639591,19144,1.17,0.33
2300,2021-06-07,SAR,12561,6142,6419,9435,3005,121,ITG,ITG2,20,Sardegna,Sardegna,1639591,31705,1.93,0.77
2301,2021-02-04,SAR,2253,810,1443,895,1355,3,ITG,ITG2,20,Sardegna,Sardegna,1639591,33958,2.07,0.14
2302,2021-04-02,SAR,8840,3493,5347,5454,3237,149,ITG,ITG2,20,Sardegna,Sardegna,1639591,42798,2.61,0.54
2303,2021-07-01,SAR,19820,9756,10064,7257,12471,92,ITG,ITG2,20,Sardegna,Sardegna,1639591,62618,3.82,1.21
2304,2021-03-23,SAR,6389,2863,3526,5172,1065,152,ITG,ITG2,20,Sardegna,Sardegna,1639591,69007,4.21,0.39
2305,2021-05-12,SAR,11129,5257,5872,7785,3138,206,ITG,ITG2,20,Sardegna,Sardegna,1639591,80136,4.89,0.68
2306,2021-02-11,SAR,1311,488,823,1200,111,0,ITG,ITG2,20,Sardegna,Sardegna,1639591,81447,4.97,0.08
2307,2021-05-24,SAR,14469,7256,7213,8354,5983,132,ITG,ITG2,20,Sardegna,Sardegna,1639591,95916,5.85,0.88
2308,2021-02-13,SAR,1440,560,880,1434,2,4,ITG,ITG2,20,Sardegna,Sardegna,1639591,97356,5.94,0.09
2309,2021-05-29,SAR,17997,8650,9347,13237,4593,167,ITG,ITG2,20,Sardegna,Sardegna,1639591,115353,7.04,1.1
2310,2021-02-18,SAR,1726,669,1057,1625,64,37,ITG,ITG2,20,Sardegna,Sardegna,1639591,117079,7.14,0.11
2311,2021-04-23,SAR,12640,5635,7005,7041,5462,137,ITG,ITG2,20,Sardegna,Sardegna,1639591,129719,7.91,0.77
2312,2021-05-10,SAR,9731,4337,5394,7027,2538,166,ITG,ITG2,20,Sardegna,Sardegna,1639591,139450,8.51,0.59
2313,2021-01-30,SAR,3864,1392,2472,362,3502,0,ITG,ITG2,20,Sardegna,Sardegna,1639591,143314,8.74,0.24
2314,2021-06-19,SAR,15333,7510,7823,9114,6120,99,ITG,ITG2,20,Sardegna,Sardegna,1639591,158647,9.68,0.94
2315,2021-07-06,SAR,16002,7752,8250,4665,11241,96,ITG,ITG2,20,Sardegna,Sardegna,1639591,174649,10.65,0.98
2316,2021-03-28,SAR,4518,1784,2734,4377,78,63,ITG,ITG2,20,Sardegna,Sardegna,1639591,179167,10.93,0.28
2317,2021-01-04,SAR,586,215,371,586,0,0,ITG,ITG2,20,Sardegna,Sardegna,1639591,179753,10.96,0.04
2318,2021-07-08,SAR,18251,8816,9435,3810,14362,79,ITG,ITG2,20,Sardegna,Sardegna,1639591,198004,12.08,1.11
2319,2021-05-19,SAR,17020,8665,8355,12626,4237,157,ITG,ITG2,20,Sardegna,Sardegna,1639591,215024,13.11,1.04
2320,2021-06-05,SAR,17878,8436,9442,11287,6457,134,ITG,ITG2,20,Sardegna,Sardegna,1639591,232902,14.2,1.09
2321,2021-02-25,SAR,2797,1200,1597,2162,604,31,ITG,ITG2,20,Sardegna,Sardegna,1639591,235699,14.38,0.17
2322,2021-03-14,SAR,604,376,228,595,0,9,ITG,ITG2,20,Sardegna,Sardegna,1639591,236303,14.41,0.04
2323,2021-03-09,SAR,5513,2726,2787,4728,728,57,ITG,ITG2,20,Sardegna,Sardegna,1639591,241816,14.75,0.34
2324,2021-05-05,SAR,10152,4642,5510,7946,2012,194,ITG,ITG2,20,Sardegna,Sardegna,1639591,251968,15.37,0.62
2325,2021-03-02,SAR,3033,1629,1404,1815,1152,66,ITG,ITG2,20,Sardegna,Sardegna,1639591,255001,15.55,0.18
2326,2021-06-26,SAR,19124,9000,10124,5443,13607,74,ITG,ITG2,20,Sardegna,Sardegna,1639591,274125,16.72,1.17
2327,2021-05-07,SAR,14308,6554,7754,9584,4496,228,ITG,ITG2,20,Sardegna,Sardegna,1639591,288433,17.59,0.87
2328,2021-01-27,SAR,1370,481,889,78,1292,0,ITG,ITG2,20,Sardegna,Sardegna,1639591,289803,17.68,0.08
2329,2021-07-03,SAR,15830,7556,8274,3236,12563,31,ITG,ITG2,20,Sardegna,Sardegna,1639591,305633,18.64,0.97
2330,2021-03-25,SAR,9097,3965,5132,7679,1302,116,ITG,ITG2,20,Sardegna,Sardegna,1639591,314730,19.2,0.55
2331,2021-04-04,SAR,1,0,1,0,1,0,ITG,ITG2,20,Sardegna,Sardegna,1639591,314731,19.2,0.0
2332,2021-06-16,SAR,17633,8276,9357,12170,5303,160,ITG,ITG2,20,Sardegna,Sardegna,1639591,332364,20.27,1.08
2333,2021-05-31,SAR,11366,5409,5957,8157,3110,99,ITG,ITG2,20,Sardegna,Sardegna,1639591,343730,20.96,0.69
2334,2021-04-18,SAR,5118,2220,2898,2223,2867,28,ITG,ITG2,20,Sardegna,Sardegna,1639591,348848,21.28,0.31
2335,2021-01-08,SAR,3241,1178,2063,3239,0,2,ITG,ITG2,20,Sardegna,Sardegna,1639591,352089,21.47,0.2
2336,2021-06-02,SAR,9789,4693,5096,8063,1640,86,ITG,ITG2,20,Sardegna,Sardegna,1639591,361878,22.07,0.6
2337,2021-04-20,SAR,10967,4975,5992,7674,3202,91,ITG,ITG2,20,Sardegna,Sardegna,1639591,372845,22.74,0.67
2338,2020-12-28,SAR,65,25,40,65,0,0,ITG,ITG2,20,Sardegna,Sardegna,1639591,372910,22.74,0.0
2339,2021-06-14,SAR,13744,6638,7106,9995,3610,139,ITG,ITG2,20,Sardegna,Sardegna,1639591,386654,23.58,0.84
2340,2021-03-06,SAR,2626,1074,1552,773,1780,73,ITG,ITG2,20,Sardegna,Sardegna,1639591,389280,23.74,0.16
2341,2021-06-28,SAR,14988,7039,7949,3052,11871,65,ITG,ITG2,20,Sardegna,Sardegna,1639591,404268,24.66,0.91
2342,2021-04-06,SAR,7454,3123,4331,4968,2428,58,ITG,ITG2,20,Sardegna,Sardegna,1639591,411722,25.11,0.45
2343,2020-12-27,SAR,65,34,31,65,0,0,ITG,ITG2,20,Sardegna,Sardegna,1639591,411787,25.12,0.0
2344,2021-06-12,SAR,14754,7192,7562,9939,4700,115,ITG,ITG2,20,Sardegna,Sardegna,1639591,426541,26.02,0.9
2345,2021-03-04,SAR,4342,2279,2063,3040,1248,54,ITG,ITG2,20,Sardegna,Sardegna,1639591,430883,26.28,0.26
2346,2021-03-21,SAR,4017,1804,2213,2571,1427,19,ITG,ITG2,20,Sardegna,Sardegna,1639591,434900,26.52,0.25
2347,2021-04-28,SAR,8996,4267,4729,5158,3691,147,ITG,ITG2,20,Sardegna,Sardegna,1639591,443896,27.07,0.55
2348,2021-01-18,SAR,866,312,554,743,123,0,ITG,ITG2,20,Sardegna,Sardegna,1639591,444762,27.13,0.05
2349,2021-06-24,SAR,19163,9202,9961,8113,10949,101,ITG,ITG2,20,Sardegna,Sardegna,1639591,463925,28.3,1.17
2350,2021-03-16,SAR,4303,1904,2399,3342,921,40,ITG,ITG2,20,Sardegna,Sardegna,1639591,468228,28.56,0.26
2351,2021-04-21,SAR,12039,5543,6496,6434,5507,98,ITG,ITG2,20,Sardegna,Sardegna,1639591,480267,29.29,0.73
2352,2021-01-11,SAR,1172,500,672,1171,0,1,ITG,ITG2,20,Sardegna,Sardegna,1639591,481439,29.36,0.07
2353,2021-06-17,SAR,18450,8524,9926,9918,8412,120,ITG,ITG2,20,Sardegna,Sardegna,1639591,499889,30.49,1.13
2354,2021-04-30,SAR,11120,5294,5826,6746,4203,171,ITG,ITG2,20,Sardegna,Sardegna,1639591,511009,31.17,0.68
2355,2021-05-17,SAR,12785,6245,6540,9124,3516,145,ITG,ITG2,20,Sardegna,Sardegna,1639591,523794,31.95,0.78
2356,2021-02-06,SAR,1969,697,1272,564,1402,3,ITG,ITG2,20,Sardegna,Sardegna,1639591,525763,32.07,0.12
2357,2021-02-23,SAR,1500,992,508,1233,252,15,ITG,ITG2,20,Sardegna,Sardegna,1639591,527263,32.16,0.09
2358,2021-05-02,SAR,5880,2669,3211,5214,576,90,ITG,ITG2,20,Sardegna,Sardegna,1639591,533143,32.52,0.36
2359,2021-02-08,SAR,1466,531,935,852,613,1,ITG,ITG2,20,Sardegna,Sardegna,1639591,534609,32.61,0.09
2360,2021-04-16,SAR,14433,6485,7948,8934,5337,162,ITG,ITG2,20,Sardegna,Sardegna,1639591,549042,33.49,0.88
2361,2021-01-23,SAR,50,18,32,0,50,0,ITG,ITG2,20,Sardegna,Sardegna,1639591,549092,33.49,0.0
2362,2021-02-22,SAR,1625,941,684,1371,228,26,ITG,ITG2,20,Sardegna,Sardegna,1639591,550717,33.59,0.1
2363,2021-03-11,SAR,6377,3052,3325,5112,1197,68,ITG,ITG2,20,Sardegna,Sardegna,1639591,557094,33.98,0.39
2364,2021-05-21,SAR,22637,11203,11434,16259,6098,280,ITG,ITG2,20,Sardegna,Sardegna,1639591,579731,35.36,1.38
2365,2021-03-18,SAR,7249,3068,4181,5571,1605,73,ITG,ITG2,20,Sardegna,Sardegna,1639591,586980,35.8,0.44
2366,2021-05-14,SAR,14539,6860,7679,10759,3618,162,ITG,ITG2,20,Sardegna,Sardegna,1639591,601519,36.69,0.89
2367,2021-02-03,SAR,1118,418,700,424,693,1,ITG,ITG2,20,Sardegna,Sardegna,1639591,602637,36.76,0.07
2368,2021-07-10,SAR,14142,6841,7301,2699,11411,32,ITG,ITG2,20,Sardegna,Sardegna,1639591,616779,37.62,0.86
2369,2021-04-01,SAR,10123,4054,6069,6982,3006,135,ITG,ITG2,20,Sardegna,Sardegna,1639591,626902,38.24,0.62
2370,2021-01-01,SAR,32,17,15,32,0,0,ITG,ITG2,20,Sardegna,Sardegna,1639591,626934,38.24,0.0
2371,2021-02-27,SAR,1867,622,1245,1271,555,41,ITG,ITG2,20,Sardegna,Sardegna,1639591,628801,38.35,0.11
2372,2021-04-13,SAR,7535,3562,3973,5654,1824,57,ITG,ITG2,20,Sardegna,Sardegna,1639591,636336,38.81,0.46
2373,2021-06-09,SAR,15462,7366,8096,11576,3738,148,ITG,ITG2,20,Sardegna,Sardegna,1639591,651798,39.75,0.94
2374,2021-04-25,SAR,4490,2265,2225,3667,777,46,ITG,ITG2,20,Sardegna,Sardegna,1639591,656288,40.03,0.27
2375,2021-01-15,SAR,1275,499,776,1273,0,2,ITG,ITG2,20,Sardegna,Sardegna,1639591,657563,40.11,0.08
2376,2021-02-01,SAR,1523,605,918,224,1299,0,ITG,ITG2,20,Sardegna,Sardegna,1639591,659086,40.2,0.09
2377,2021-05-09,SAR,6124,2872,3252,5111,926,87,ITG,ITG2,20,Sardegna,Sardegna,1639591,665210,40.57,0.37
2378,2021-05-26,SAR,15531,8188,7343,9702,5645,184,ITG,ITG2,20,Sardegna,Sardegna,1639591,680741,41.52,0.95
2379,2021-02-15,SAR,954,347,607,917,31,6,ITG,ITG2,20,Sardegna,Sardegna,1639591,681695,41.58,0.06
2380,2021-01-13,SAR,571,178,393,571,0,0,ITG,ITG2,20,Sardegna,Sardegna,1639591,682266,41.61,0.03
2381,2021-01-25,SAR,591,214,377,22,569,0,ITG,ITG2,20,Sardegna,Sardegna,1639591,682857,41.65,0.04
2382,2021-05-16,SAR,8221,3831,4390,5987,2160,74,ITG,ITG2,20,Sardegna,Sardegna,1639591,691078,42.15,0.5
2383,2021-07-05,SAR,15564,7565,7999,3327,12188,49,ITG,ITG2,20,Sardegna,Sardegna,1639591,706642,43.1,0.95
2384,2021-06-04,SAR,14487,6934,7553,9775,4554,158,ITG,ITG2,20,Sardegna,Sardegna,1639591,721129,43.98,0.88
2385,2021-06-21,SAR,14014,6730,7284,5122,8820,72,ITG,ITG2,20,Sardegna,Sardegna,1639591,735143,44.84,0.85
2386,2021-03-13,SAR,2740,1070,1670,2422,279,39,ITG,ITG2,20,Sardegna,Sardegna,1639591,737883,45.0,0.17
2387,2021-03-30,SAR,8708,3566,5142,6335,2235,138,ITG,ITG2,20,Sardegna,Sardegna,1639591,746591,45.54,0.53
2388,2021-01-06,SAR,1609,546,1063,1609,0,0,ITG,ITG2,20,Sardegna,Sardegna,1639591,748200,45.63,0.1
2389,2021-06-23,SAR,20534,9661,10873,6192,14251,91,ITG,ITG2,20,Sardegna,Sardegna,1639591,768734,46.89,1.25
2390,2021-02-20,SAR,2002,831,1171,1645,334,23,ITG,ITG2,20,Sardegna,Sardegna,1639591,770736,47.01,0.12
2391,2021-03-20,SAR,5174,2066,3108,2890,2258,26,ITG,ITG2,20,Sardegna,Sardegna,1639591,775910,47.32,0.32
2392,2021-06-13,SAR,9498,4674,4824,6158,3260,80,ITG,ITG2,20,Sardegna,Sardegna,1639591,785408,47.9,0.58
2393,2021-01-29,SAR,2955,1070,1885,45,2908,2,ITG,ITG2,20,Sardegna,Sardegna,1639591,788363,48.08,0.18
2394,2021-01-28,SAR,2970,1044,1926,68,2902,0,ITG,ITG2,20,Sardegna,Sardegna,1639591,791333,48.26,0.18
2395,2021-05-27,SAR,17814,9255,8559,12072,5534,208,ITG,ITG2,20,Sardegna,Sardegna,1639591,809147,49.35,1.09
2396,2021-02-16,SAR,699,289,410,663,27,9,ITG,ITG2,20,Sardegna,Sardegna,1639591,809846,49.39,0.04
2397,2021-03-05,SAR,5188,2593,2595,2803,2350,35,ITG,ITG2,20,Sardegna,Sardegna,1639591,815034,49.71,0.32
2398,2021-03-19,SAR,7259,3044,4215,4993,2213,53,ITG,ITG2,20,Sardegna,Sardegna,1639591,822293,50.15,0.44
2399,2021-04-07,SAR,13519,6041,7478,7809,5642,68,ITG,ITG2,20,Sardegna,Sardegna,1639591,835812,50.98,0.82
2400,2021-04-24,SAR,10315,4822,5493,7855,2333,127,ITG,ITG2,20,Sardegna,Sardegna,1639591,846127,51.61,0.63
2401,2021-01-14,SAR,1104,425,679,1104,0,0,ITG,ITG2,20,Sardegna,Sardegna,1639591,847231,51.67,0.07
2402,2021-03-08,SAR,4670,2419,2251,3412,1219,39,ITG,ITG2,20,Sardegna,Sardegna,1639591,851901,51.96,0.28
2403,2021-05-04,SAR,9536,4384,5152,7539,1852,145,ITG,ITG2,20,Sardegna,Sardegna,1639591,861437,52.54,0.58
2404,2021-01-24,SAR,90,34,56,5,85,0,ITG,ITG2,20,Sardegna,Sardegna,1639591,861527,52.55,0.01
2405,2021-02-10,SAR,1954,765,1189,1430,518,6,ITG,ITG2,20,Sardegna,Sardegna,1639591,863481,52.66,0.12
2406,2021-02-05,SAR,1894,747,1147,430,1462,2,ITG,ITG2,20,Sardegna,Sardegna,1639591,865375,52.78,0.12
2407,2021-04-03,SAR,4657,1803,2854,2629,1964,64,ITG,ITG2,20,Sardegna,Sardegna,1639591,870032,53.06,0.28
2408,2021-05-30,SAR,9727,4836,4891,7300,2357,70,ITG,ITG2,20,Sardegna,Sardegna,1639591,879759,53.66,0.59
2409,2021-02-19,SAR,1473,463,1010,1374,56,43,ITG,ITG2,20,Sardegna,Sardegna,1639591,881232,53.75,0.09
2410,2021-03-27,SAR,5729,2192,3537,5220,422,87,ITG,ITG2,20,Sardegna,Sardegna,1639591,886961,54.1,0.35
2411,2021-05-23,SAR,9964,4806,5158,7623,2245,96,ITG,ITG2,20,Sardegna,Sardegna,1639591,896925,54.7,0.61
2412,2021-02-12,SAR,2216,920,1296,2152,59,5,ITG,ITG2,20,Sardegna,Sardegna,1639591,899141,54.84,0.14
2413,2021-04-10,SAR,10461,4737,5724,8447,1914,100,ITG,ITG2,20,Sardegna,Sardegna,1639591,909602,55.48,0.64
2414,2021-01-07,SAR,3094,1069,2025,3090,0,4,ITG,ITG2,20,Sardegna,Sardegna,1639591,912696,55.67,0.19
2415,2021-06-10,SAR,17807,8477,9330,11647,6036,124,ITG,ITG2,20,Sardegna,Sardegna,1639591,930503,56.75,1.09
2416,2020-12-31,SAR,27,15,12,27,0,0,ITG,ITG2,20,Sardegna,Sardegna,1639591,930530,56.75,0.0
2417,2021-05-28,SAR,17950,8696,9254,13487,4275,188,ITG,ITG2,20,Sardegna,Sardegna,1639591,948480,57.85,1.09
2418,2021-02-17,SAR,1380,570,810,1250,74,56,ITG,ITG2,20,Sardegna,Sardegna,1639591,949860,57.93,0.08
2419,2021-05-25,SAR,15138,7702,7436,8487,6476,175,ITG,ITG2,20,Sardegna,Sardegna,1639591,964998,58.86,0.92
2420,2021-06-11,SAR,14777,7021,7756,9093,5532,152,ITG,ITG2,20,Sardegna,Sardegna,1639591,979775,59.76,0.9
2421,2021-03-03,SAR,4108,2274,1834,2736,1296,76,ITG,ITG2,20,Sardegna,Sardegna,1639591,983883,60.01,0.25
2422,2021-06-30,SAR,17770,8511,9259,4814,12875,81,ITG,ITG2,20,Sardegna,Sardegna,1639591,1001653,61.09,1.08
2423,2021-03-22,SAR,3667,1491,2176,3094,498,75,ITG,ITG2,20,Sardegna,Sardegna,1639591,1005320,61.32,0.22
2424,2021-04-08,SAR,13418,5928,7490,8199,5110,109,ITG,ITG2,20,Sardegna,Sardegna,1639591,1018738,62.13,0.82
2425,2020-12-29,SAR,55,31,24,55,0,0,ITG,ITG2,20,Sardegna,Sardegna,1639591,1018793,62.14,0.0
2426,2021-04-22,SAR,10438,4630,5808,5498,4856,84,ITG,ITG2,20,Sardegna,Sardegna,1639591,1029231,62.77,0.64
2427,2021-01-12,SAR,863,406,457,863,0,0,ITG,ITG2,20,Sardegna,Sardegna,1639591,1030094,62.83,0.05
2428,2021-05-11,SAR,8806,4087,4719,6303,2377,126,ITG,ITG2,20,Sardegna,Sardegna,1639591,1038900,63.36,0.54
2429,2021-01-31,SAR,2117,749,1368,45,2072,0,ITG,ITG2,20,Sardegna,Sardegna,1639591,1041017,63.49,0.13
2430,2021-02-14,SAR,537,263,274,535,2,0,ITG,ITG2,20,Sardegna,Sardegna,1639591,1041554,63.53,0.03
2431,2021-05-18,SAR,14748,7375,7373,9444,5200,104,ITG,ITG2,20,Sardegna,Sardegna,1639591,1056302,64.42,0.9
2432,2021-02-24,SAR,2406,1290,1116,2182,189,35,ITG,ITG2,20,Sardegna,Sardegna,1639591,1058708,64.57,0.15
2433,2021-04-29,SAR,11115,5102,6013,6613,4351,151,ITG,ITG2,20,Sardegna,Sardegna,1639591,1069823,65.25,0.68
2434,2021-06-25,SAR,16938,7984,8954,4017,12864,57,ITG,ITG2,20,Sardegna,Sardegna,1639591,1086761,66.28,1.03
2435,2021-01-10,SAR,2167,746,1421,2167,0,0,ITG,ITG2,20,Sardegna,Sardegna,1639591,1088928,66.41,0.13
2436,2021-04-12,SAR,6977,3172,3805,5200,1713,64,ITG,ITG2,20,Sardegna,Sardegna,1639591,1095905,66.84,0.43
2437,2021-01-02,SAR,59,21,38,59,0,0,ITG,ITG2,20,Sardegna,Sardegna,1639591,1095964,66.84,0.0
2438,2021-06-08,SAR,14828,7069,7759,11171,3504,153,ITG,ITG2,20,Sardegna,Sardegna,1639591,1110792,67.75,0.9
2439,2021-02-28,SAR,367,169,198,139,226,2,ITG,ITG2,20,Sardegna,Sardegna,1639591,1111159,67.77,0.02
2440,2021-04-26,SAR,6847,3274,3573,5856,903,88,ITG,ITG2,20,Sardegna,Sardegna,1639591,1118006,68.19,0.42
2441,2021-06-01,SAR,14341,6663,7678,9654,4590,97,ITG,ITG2,20,Sardegna,Sardegna,1639591,1132347,69.06,0.87
2442,2021-02-21,SAR,1588,709,879,1557,30,1,ITG,ITG2,20,Sardegna,Sardegna,1639591,1133935,69.16,0.1
2443,2021-04-19,SAR,10154,4606,5548,8599,1423,132,ITG,ITG2,20,Sardegna,Sardegna,1639591,1144089,69.78,0.62
2444,2021-01-09,SAR,4001,1412,2589,4001,0,0,ITG,ITG2,20,Sardegna,Sardegna,1639591,1148090,70.02,0.24
2445,2021-06-15,SAR,14683,6802,7881,9815,4735,133,ITG,ITG2,20,Sardegna,Sardegna,1639591,1162773,70.92,0.9
2446,2021-03-07,SAR,1631,725,906,1088,539,4,ITG,ITG2,20,Sardegna,Sardegna,1639591,1164404,71.02,0.1
2447,2021-04-05,SAR,2031,782,1249,1999,1,31,ITG,ITG2,20,Sardegna,Sardegna,1639591,1166435,71.14,0.12
2448,2021-06-29,SAR,17878,8598,9280,3755,14075,48,ITG,ITG2,20,Sardegna,Sardegna,1639591,1184313,72.23,1.09
2449,2021-06-18,SAR,16483,7506,8977,8602,7766,115,ITG,ITG2,20,Sardegna,Sardegna,1639591,1200796,73.24,1.01
2450,2021-03-10,SAR,6019,2940,3079,5128,829,62,ITG,ITG2,20,Sardegna,Sardegna,1639591,1206815,73.6,0.37
2451,2021-05-06,SAR,12940,6007,6933,9558,3145,237,ITG,ITG2,20,Sardegna,Sardegna,1639591,1219755,74.39,0.79
2452,2021-03-01,SAR,2042,962,1080,1358,658,26,ITG,ITG2,20,Sardegna,Sardegna,1639591,1221797,74.52,0.12
2453,2021-05-13,SAR,12363,5858,6505,8718,3446,199,ITG,ITG2,20,Sardegna,Sardegna,1639591,1234160,75.27,0.75
2454,2021-02-02,SAR,1498,669,829,257,1241,0,ITG,ITG2,20,Sardegna,Sardegna,1639591,1235658,75.36,0.09
2455,2021-05-15,SAR,13782,6418,7364,10188,3433,161,ITG,ITG2,20,Sardegna,Sardegna,1639591,1249440,76.2,0.84
2456,2021-01-26,SAR,1336,453,883,27,1309,0,ITG,ITG2,20,Sardegna,Sardegna,1639591,1250776,76.29,0.08
2457,2021-05-08,SAR,13058,5954,7104,10647,2281,130,ITG,ITG2,20,Sardegna,Sardegna,1639591,1263834,77.08,0.8
2458,2021-06-06,SAR,10035,5002,5033,6316,3651,68,ITG,ITG2,20,Sardegna,Sardegna,1639591,1273869,77.69,0.61
2459,2021-04-14,SAR,8214,3882,4332,6917,1237,60,ITG,ITG2,20,Sardegna,Sardegna,1639591,1282083,78.2,0.5
2460,2021-05-01,SAR,9875,4747,5128,5329,4455,91,ITG,ITG2,20,Sardegna,Sardegna,1639591,1291958,78.8,0.6
2461,2021-01-21,SAR,126,60,66,94,32,0,ITG,ITG2,20,Sardegna,Sardegna,1639591,1292084,78.81,0.01
2462,2021-02-07,SAR,1117,395,722,227,889,1,ITG,ITG2,20,Sardegna,Sardegna,1639591,1293201,78.87,0.07
2463,2021-05-03,SAR,8167,3808,4359,6470,1596,101,ITG,ITG2,20,Sardegna,Sardegna,1639591,1301368,79.37,0.5
2464,2021-05-20,SAR,16359,7879,8480,11268,4893,198,ITG,ITG2,20,Sardegna,Sardegna,1639591,1317727,80.37,1.0
2465,2021-02-09,SAR,2284,835,1449,1283,996,5,ITG,ITG2,20,Sardegna,Sardegna,1639591,1320011,80.51,0.14
2466,2021-02-26,SAR,2711,1068,1643,2357,306,48,ITG,ITG2,20,Sardegna,Sardegna,1639591,1322722,80.67,0.17
2467,2021-07-02,SAR,18921,8884,10037,4407,14418,96,ITG,ITG2,20,Sardegna,Sardegna,1639591,1341643,81.83,1.15
2468,2021-04-27,SAR,7610,3547,4063,5471,2041,98,ITG,ITG2,20,Sardegna,Sardegna,1639591,1349253,82.29,0.46
2469,2021-01-17,SAR,859,277,582,858,1,0,ITG,ITG2,20,Sardegna,Sardegna,1639591,1350112,82.34,0.05
2470,2021-03-15,SAR,2793,1316,1477,2380,373,40,ITG,ITG2,20,Sardegna,Sardegna,1639591,1352905,82.51,0.17
2471,2021-07-04,SAR,8199,3986,4213,2068,6116,15,ITG,ITG2,20,Sardegna,Sardegna,1639591,1361104,83.01,0.5
2472,2021-03-26,SAR,8422,3486,4936,6776,1526,120,ITG,ITG2,20,Sardegna,Sardegna,1639591,1369526,83.53,0.51
2473,2021-05-22,SAR,24828,11945,12883,19392,5131,305,ITG,ITG2,20,Sardegna,Sardegna,1639591,1394354,85.04,1.51
2474,2021-01-19,SAR,739,265,474,686,52,1,ITG,ITG2,20,Sardegna,Sardegna,1639591,1395093,85.09,0.05
2475,2021-03-17,SAR,6456,2808,3648,4822,1597,37,ITG,ITG2,20,Sardegna,Sardegna,1639591,1401549,85.48,0.39
2476,2021-06-27,SAR,9010,4306,4704,2956,6026,28,ITG,ITG2,20,Sardegna,Sardegna,1639591,1410559,86.03,0.55
2477,2021-03-24,SAR,7384,3101,4283,5896,1356,132,ITG,ITG2,20,Sardegna,Sardegna,1639591,1417943,86.48,0.45
2478,2021-01-20,SAR,210,77,133,208,2,0,ITG,ITG2,20,Sardegna,Sardegna,1639591,1418153,86.49,0.01
2479,2021-03-29,SAR,4507,1755,2752,3944,486,77,ITG,ITG2,20,Sardegna,Sardegna,1639591,1422660,86.77,0.27
2480,2021-04-15,SAR,11750,5490,6260,6763,4876,111,ITG,ITG2,20,Sardegna,Sardegna,1639591,1434410,87.49,0.72
2481,2021-01-05,SAR,1321,443,878,1321,0,0,ITG,ITG2,20,Sardegna,Sardegna,1639591,1435731,87.57,0.08
2482,2021-01-22,SAR,83,47,36,55,28,0,ITG,ITG2,20,Sardegna,Sardegna,1639591,1435814,87.57,0.01
2483,2021-04-17,SAR,9984,4464,5520,5397,4509,78,ITG,ITG2,20,Sardegna,Sardegna,1639591,1445798,88.18,0.61
2484,2021-01-03,SAR,90,36,54,90,0,0,ITG,ITG2,20,Sardegna,Sardegna,1639591,1445888,88.19,0.01
2485,2021-07-07,SAR,15896,7724,8172,4086,11759,51,ITG,ITG2,20,Sardegna,Sardegna,1639591,1461784,89.16,0.97
2486,2021-06-22,SAR,19332,8986,10346,7169,12061,102,ITG,ITG2,20,Sardegna,Sardegna,1639591,1481116,90.33,1.18
2487,2021-07-09,SAR,15876,7600,8276,3442,12355,79,ITG,ITG2,20,Sardegna,Sardegna,1639591,1496992,91.3,0.97
2488,2021-03-31,SAR,10203,4129,6074,7656,2425,122,ITG,ITG2,20,Sardegna,Sardegna,1639591,1507195,91.93,0.62
2489,2021-06-03,SAR,16399,7644,8755,10571,5688,140,ITG,ITG2,20,Sardegna,Sardegna,1639591,1523594,92.93,1.0
2490,2021-06-20,SAR,6288,2804,3484,3636,2620,32,ITG,ITG2,20,Sardegna,Sardegna,1639591,1529882,93.31,0.38
2491,2021-03-12,SAR,5963,2611,3352,4515,1304,144,ITG,ITG2,20,Sardegna,Sardegna,1639591,1535845,93.67,0.36
2492,2021-06-19,SIC,44277,21051,23226,18751,25209,317,ITG,ITG1,19,Sicilia,Sicilia,4999891,44277,0.89,0.89
2493,2021-04-23,SIC,28566,13695,14871,22368,5835,363,ITG,ITG1,19,Sicilia,Sicilia,4999891,72843,1.46,0.57
2494,2021-06-26,SIC,37256,17776,19480,16356,20602,298,ITG,ITG1,19,Sicilia,Sicilia,4999891,110099,2.2,0.75
2495,2021-04-30,SIC,34990,16335,18655,23520,11024,446,ITG,ITG1,19,Sicilia,Sicilia,4999891,145089,2.9,0.7
2496,2021-02-13,SIC,2977,1123,1854,2686,255,36,ITG,ITG1,19,Sicilia,Sicilia,4999891,148066,2.96,0.06
2497,2021-05-24,SIC,35656,17306,18350,15475,19949,232,ITG,ITG1,19,Sicilia,Sicilia,4999891,183722,3.67,0.71
2498,2021-05-17,SIC,31827,15357,16470,18929,12616,282,ITG,ITG1,19,Sicilia,Sicilia,4999891,215549,4.31,0.64
2499,2021-03-21,SIC,15217,7340,7877,11181,3969,67,ITG,ITG1,19,Sicilia,Sicilia,4999891,230766,4.62,0.3
2500,2021-02-06,SIC,4700,2099,2601,1444,3235,21,ITG,ITG1,19,Sicilia,Sicilia,4999891,235466,4.71,0.09
2501,2021-06-24,SIC,42280,19624,22656,17581,24346,353,ITG,ITG1,19,Sicilia,Sicilia,4999891,277746,5.56,0.85
2502,2021-06-07,SIC,49561,23363,26198,41111,7920,530,ITG,ITG1,19,Sicilia,Sicilia,4999891,327307,6.55,0.99
2503,2021-01-25,SIC,7423,3675,3748,284,7132,7,ITG,ITG1,19,Sicilia,Sicilia,4999891,334730,6.69,0.15
2504,2021-05-05,SIC,26296,12187,14109,16245,9627,424,ITG,ITG1,19,Sicilia,Sicilia,4999891,361026,7.22,0.53
2505,2021-05-19,SIC,42734,20707,22027,28075,14301,358,ITG,ITG1,19,Sicilia,Sicilia,4999891,403760,8.08,0.85
2506,2021-01-30,SIC,7694,3535,4159,166,7526,2,ITG,ITG1,19,Sicilia,Sicilia,4999891,411454,8.23,0.15
2507,2021-03-28,SIC,10980,5147,5833,6909,4011,60,ITG,ITG1,19,Sicilia,Sicilia,4999891,422434,8.45,0.22
2508,2021-04-04,SIC,6805,3322,3483,5451,1292,62,ITG,ITG1,19,Sicilia,Sicilia,4999891,429239,8.58,0.14
2509,2021-02-25,SIC,9868,5155,4713,8619,1164,85,ITG,ITG1,19,Sicilia,Sicilia,4999891,439107,8.78,0.2
2510,2021-06-05,SIC,59936,28511,31425,48744,10577,615,ITG,ITG1,19,Sicilia,Sicilia,4999891,499043,9.98,1.2
2511,2021-03-14,SIC,8773,3927,4846,4886,3836,51,ITG,ITG1,19,Sicilia,Sicilia,4999891,507816,10.16,0.18
2512,2021-02-11,SIC,5236,2059,3177,4656,463,117,ITG,ITG1,19,Sicilia,Sicilia,4999891,513052,10.26,0.1
2513,2021-05-31,SIC,37934,17057,20877,21280,16357,297,ITG,ITG1,19,Sicilia,Sicilia,4999891,550986,11.02,0.76
2514,2021-04-11,SIC,15368,7591,7777,8234,7031,103,ITG,ITG1,19,Sicilia,Sicilia,4999891,566354,11.33,0.31
2515,2020-12-30,SIC,184,109,75,183,0,1,ITG,ITG1,19,Sicilia,Sicilia,4999891,566538,11.33,0.0
2516,2021-01-16,SIC,2716,1211,1505,2695,0,21,ITG,ITG1,19,Sicilia,Sicilia,4999891,569254,11.39,0.05
2517,2021-07-01,SIC,30919,14044,16875,10723,19941,255,ITG,ITG1,19,Sicilia,Sicilia,4999891,600173,12.0,0.62
2518,2021-04-09,SIC,20269,9875,10394,10947,9076,246,ITG,ITG1,19,Sicilia,Sicilia,4999891,620442,12.41,0.41
2519,2021-03-23,SIC,20849,10007,10842,15184,5514,151,ITG,ITG1,19,Sicilia,Sicilia,4999891,641291,12.83,0.42
2520,2020-12-28,SIC,215,129,86,214,0,1,ITG,ITG1,19,Sicilia,Sicilia,4999891,641506,12.83,0.0
2521,2021-03-02,SIC,14666,6305,8361,11780,2774,112,ITG,ITG1,19,Sicilia,Sicilia,4999891,656172,13.12,0.29
2522,2021-01-04,SIC,8395,4197,4198,8350,0,45,ITG,ITG1,19,Sicilia,Sicilia,4999891,664567,13.29,0.17
2523,2021-01-18,SIC,1594,652,942,1430,153,11,ITG,ITG1,19,Sicilia,Sicilia,4999891,666161,13.32,0.03
2524,2021-04-28,SIC,29258,13714,15544,19732,9144,382,ITG,ITG1,19,Sicilia,Sicilia,4999891,695419,13.91,0.59
2525,2021-03-04,SIC,15073,6569,8504,10832,4117,124,ITG,ITG1,19,Sicilia,Sicilia,4999891,710492,14.21,0.3
2526,2021-06-12,SIC,45763,22385,23378,39347,5892,524,ITG,ITG1,19,Sicilia,Sicilia,4999891,756255,15.13,0.92
2527,2021-05-07,SIC,36552,17258,19294,24620,11614,318,ITG,ITG1,19,Sicilia,Sicilia,4999891,792807,15.86,0.73
2528,2021-03-11,SIC,15338,6620,8718,12830,2370,138,ITG,ITG1,19,Sicilia,Sicilia,4999891,808145,16.16,0.31
2529,2021-01-27,SIC,7287,3712,3575,176,7110,1,ITG,ITG1,19,Sicilia,Sicilia,4999891,815432,16.31,0.15
2530,2021-01-13,SIC,5175,2437,2738,5141,0,34,ITG,ITG1,19,Sicilia,Sicilia,4999891,820607,16.41,0.1
2531,2021-02-04,SIC,6748,3074,3674,1423,5296,29,ITG,ITG1,19,Sicilia,Sicilia,4999891,827355,16.55,0.13
2532,2021-01-01,SIC,819,438,381,815,0,4,ITG,ITG1,19,Sicilia,Sicilia,4999891,828174,16.56,0.02
2533,2021-04-20,SIC,19001,9005,9996,13465,5245,291,ITG,ITG1,19,Sicilia,Sicilia,4999891,847175,16.94,0.38
2534,2021-06-04,SIC,57727,26686,31041,45397,11830,500,ITG,ITG1,19,Sicilia,Sicilia,4999891,904902,18.1,1.15
2535,2021-04-06,SIC,17743,8478,9265,13263,4283,197,ITG,ITG1,19,Sicilia,Sicilia,4999891,922645,18.45,0.35
2536,2021-03-16,SIC,9559,4278,5281,3556,5936,67,ITG,ITG1,19,Sicilia,Sicilia,4999891,932204,18.64,0.19
2537,2021-07-08,SIC,38328,17444,20884,6485,31631,212,ITG,ITG1,19,Sicilia,Sicilia,4999891,970532,19.41,0.77
2538,2021-02-27,SIC,12235,5501,6734,10936,1204,95,ITG,ITG1,19,Sicilia,Sicilia,4999891,982767,19.66,0.24
2539,2021-02-08,SIC,3884,1680,2204,2080,1755,49,ITG,ITG1,19,Sicilia,Sicilia,4999891,986651,19.73,0.08
2540,2021-04-16,SIC,28828,14479,14349,20253,8270,305,ITG,ITG1,19,Sicilia,Sicilia,4999891,1015479,20.31,0.58
2541,2021-01-23,SIC,4434,2280,2154,193,4231,10,ITG,ITG1,19,Sicilia,Sicilia,4999891,1019913,20.4,0.09
2542,2021-01-06,SIC,6242,3286,2956,6182,0,60,ITG,ITG1,19,Sicilia,Sicilia,4999891,1026155,20.52,0.12
2543,2021-04-02,SIC,13880,6548,7332,9042,4734,104,ITG,ITG1,19,Sicilia,Sicilia,4999891,1040035,20.8,0.28
2544,2021-02-10,SIC,4353,1775,2578,3888,381,84,ITG,ITG1,19,Sicilia,Sicilia,4999891,1044388,20.89,0.09
2545,2021-05-21,SIC,48539,23014,25525,26544,21575,420,ITG,ITG1,19,Sicilia,Sicilia,4999891,1092927,21.86,0.97
2546,2021-02-23,SIC,8685,4590,4095,8140,466,79,ITG,ITG1,19,Sicilia,Sicilia,4999891,1101612,22.03,0.17
2547,2021-03-09,SIC,13081,5702,7379,10757,2200,124,ITG,ITG1,19,Sicilia,Sicilia,4999891,1114693,22.29,0.26
2548,2021-01-11,SIC,5827,2571,3256,5769,0,58,ITG,ITG1,19,Sicilia,Sicilia,4999891,1120520,22.41,0.12
2549,2021-06-16,SIC,40270,18723,21547,21212,18706,352,ITG,ITG1,19,Sicilia,Sicilia,4999891,1160790,23.22,0.81
2550,2021-03-25,SIC,20356,9460,10896,14724,5465,167,ITG,ITG1,19,Sicilia,Sicilia,4999891,1181146,23.62,0.41
2551,2021-07-03,SIC,33921,16242,17679,9075,24608,238,ITG,ITG1,19,Sicilia,Sicilia,4999891,1215067,24.3,0.68
2552,2021-02-18,SIC,5278,3100,2178,4784,430,64,ITG,ITG1,19,Sicilia,Sicilia,4999891,1220345,24.41,0.11
2553,2021-05-12,SIC,36782,17320,19462,21344,14909,529,ITG,ITG1,19,Sicilia,Sicilia,4999891,1257127,25.14,0.74
2554,2021-04-08,SIC,16705,8252,8453,8082,8472,151,ITG,ITG1,19,Sicilia,Sicilia,4999891,1273832,25.48,0.33
2555,2021-01-20,SIC,958,509,449,688,267,3,ITG,ITG1,19,Sicilia,Sicilia,4999891,1274790,25.5,0.02
2556,2021-03-18,SIC,15287,7666,7621,9738,5499,50,ITG,ITG1,19,Sicilia,Sicilia,4999891,1290077,25.8,0.31
2557,2021-02-15,SIC,3730,1733,1997,3092,564,74,ITG,ITG1,19,Sicilia,Sicilia,4999891,1293807,25.88,0.07
2558,2021-05-26,SIC,44436,20849,23587,23730,20361,345,ITG,ITG1,19,Sicilia,Sicilia,4999891,1338243,26.77,0.89
2559,2021-01-03,SIC,4784,2498,2286,4754,0,30,ITG,ITG1,19,Sicilia,Sicilia,4999891,1343027,26.86,0.1
2560,2021-04-13,SIC,20234,9862,10372,11240,8835,159,ITG,ITG1,19,Sicilia,Sicilia,4999891,1363261,27.27,0.4
2561,2021-01-22,SIC,1280,637,643,260,1018,2,ITG,ITG1,19,Sicilia,Sicilia,4999891,1364541,27.29,0.03
2562,2021-01-08,SIC,8116,3783,4333,8027,0,89,ITG,ITG1,19,Sicilia,Sicilia,4999891,1372657,27.45,0.16
2563,2021-04-18,SIC,19821,9911,9910,15285,4360,176,ITG,ITG1,19,Sicilia,Sicilia,4999891,1392478,27.85,0.4
2564,2021-03-30,SIC,14557,6759,7798,9701,4763,93,ITG,ITG1,19,Sicilia,Sicilia,4999891,1407035,28.14,0.29
2565,2021-03-13,SIC,12210,5387,6823,7627,4492,91,ITG,ITG1,19,Sicilia,Sicilia,4999891,1419245,28.39,0.24
2566,2021-04-01,SIC,14288,6617,7671,9496,4664,128,ITG,ITG1,19,Sicilia,Sicilia,4999891,1433533,28.67,0.29
2567,2021-07-10,SIC,47017,22367,24650,6137,40679,201,ITG,ITG1,19,Sicilia,Sicilia,4999891,1480550,29.61,0.94
2568,2021-06-23,SIC,44446,20677,23769,17884,26232,330,ITG,ITG1,19,Sicilia,Sicilia,4999891,1524996,30.5,0.89
2569,2021-05-16,SIC,33626,16394,17232,21824,11511,291,ITG,ITG1,19,Sicilia,Sicilia,4999891,1558622,31.17,0.67
2570,2021-05-02,SIC,24603,11427,13176,17707,6601,295,ITG,ITG1,19,Sicilia,Sicilia,4999891,1583225,31.67,0.49
2571,2021-03-20,SIC,18575,8968,9607,13353,5138,84,ITG,ITG1,19,Sicilia,Sicilia,4999891,1601800,32.04,0.37
2572,2021-06-28,SIC,31889,14838,17051,14879,16719,291,ITG,ITG1,19,Sicilia,Sicilia,4999891,1633689,32.67,0.64
2573,2021-07-05,SIC,37447,17589,19858,8933,28283,231,ITG,ITG1,19,Sicilia,Sicilia,4999891,1671136,33.42,0.75
2574,2021-06-21,SIC,40239,18632,21607,18425,21492,322,ITG,ITG1,19,Sicilia,Sicilia,4999891,1711375,34.23,0.8
2575,2021-02-20,SIC,7138,3692,3446,6800,241,97,ITG,ITG1,19,Sicilia,Sicilia,4999891,1718513,34.37,0.14
2576,2021-02-03,SIC,5921,2779,3142,713,5200,8,ITG,ITG1,19,Sicilia,Sicilia,4999891,1724434,34.49,0.12
2577,2021-04-27,SIC,26414,12667,13747,15172,10922,320,ITG,ITG1,19,Sicilia,Sicilia,4999891,1750848,35.02,0.53
2578,2021-05-14,SIC,52051,24400,27651,35633,15667,751,ITG,ITG1,19,Sicilia,Sicilia,4999891,1802899,36.06,1.04
2579,2021-01-15,SIC,5252,2294,2958,5185,0,67,ITG,ITG1,19,Sicilia,Sicilia,4999891,1808151,36.16,0.11
2580,2021-04-25,SIC,21390,10201,11189,16151,5014,225,ITG,ITG1,19,Sicilia,Sicilia,4999891,1829541,36.59,0.43
2581,2021-02-01,SIC,5904,2625,3279,305,5587,12,ITG,ITG1,19,Sicilia,Sicilia,4999891,1835445,36.71,0.12
2582,2021-03-22,SIC,16590,7839,8751,11135,5366,89,ITG,ITG1,19,Sicilia,Sicilia,4999891,1852035,37.04,0.33
2583,2021-02-22,SIC,7892,4095,3797,7321,493,78,ITG,ITG1,19,Sicilia,Sicilia,4999891,1859927,37.2,0.16
2584,2020-12-27,SIC,92,55,37,91,0,1,ITG,ITG1,19,Sicilia,Sicilia,4999891,1860019,37.2,0.0
2585,2021-06-02,SIC,35264,16297,18967,27097,7772,395,ITG,ITG1,19,Sicilia,Sicilia,4999891,1895283,37.91,0.71
2586,2021-03-01,SIC,12697,6017,6680,10917,1656,124,ITG,ITG1,19,Sicilia,Sicilia,4999891,1907980,38.16,0.25
2587,2021-06-09,SIC,49693,23651,26042,41944,7133,616,ITG,ITG1,19,Sicilia,Sicilia,4999891,1957673,39.15,0.99
2588,2021-04-17,SIC,26002,13152,12850,18674,7066,262,ITG,ITG1,19,Sicilia,Sicilia,4999891,1983675,39.67,0.52
2589,2021-03-17,SIC,14982,7396,7586,9073,5787,122,ITG,ITG1,19,Sicilia,Sicilia,4999891,1998657,39.97,0.3
2590,2021-06-25,SIC,39817,18687,21130,17427,22058,332,ITG,ITG1,19,Sicilia,Sicilia,4999891,2038474,40.77,0.8
2591,2021-07-09,SIC,44679,20557,24122,6412,38096,171,ITG,ITG1,19,Sicilia,Sicilia,4999891,2083153,41.66,0.89
2592,2021-06-06,SIC,49526,23917,25609,41153,7823,550,ITG,ITG1,19,Sicilia,Sicilia,4999891,2132679,42.65,0.99
2593,2021-02-26,SIC,11884,5811,6073,10091,1681,112,ITG,ITG1,19,Sicilia,Sicilia,4999891,2144563,42.89,0.24
2594,2021-05-06,SIC,29439,13998,15441,18140,10830,469,ITG,ITG1,19,Sicilia,Sicilia,4999891,2174002,43.48,0.59
2595,2021-03-31,SIC,14519,6706,7813,9447,4932,140,ITG,ITG1,19,Sicilia,Sicilia,4999891,2188521,43.77,0.29
2596,2021-01-07,SIC,8927,4131,4796,8847,0,80,ITG,ITG1,19,Sicilia,Sicilia,4999891,2197448,43.95,0.18
2597,2021-02-09,SIC,4346,1798,2548,3246,1035,65,ITG,ITG1,19,Sicilia,Sicilia,4999891,2201794,44.04,0.09
2598,2021-05-20,SIC,43948,21066,22882,27626,15911,411,ITG,ITG1,19,Sicilia,Sicilia,4999891,2245742,44.92,0.88
2599,2021-01-10,SIC,3534,1578,1956,3513,0,21,ITG,ITG1,19,Sicilia,Sicilia,4999891,2249276,44.99,0.07
2600,2021-01-05,SIC,10337,5079,5258,10262,0,75,ITG,ITG1,19,Sicilia,Sicilia,4999891,2259613,45.19,0.21
2601,2021-04-15,SIC,21538,10475,11063,11998,9339,201,ITG,ITG1,19,Sicilia,Sicilia,4999891,2281151,45.62,0.43
2602,2021-06-20,SIC,33389,15802,17587,15114,18016,259,ITG,ITG1,19,Sicilia,Sicilia,4999891,2314540,46.29,0.67
2603,2021-02-07,SIC,2322,982,1340,665,1648,9,ITG,ITG1,19,Sicilia,Sicilia,4999891,2316862,46.34,0.05
2604,2021-05-18,SIC,36052,17358,18694,23185,12473,394,ITG,ITG1,19,Sicilia,Sicilia,4999891,2352914,47.06,0.72
2605,2021-07-07,SIC,35380,16164,19216,6035,29111,234,ITG,ITG1,19,Sicilia,Sicilia,4999891,2388294,47.77,0.71
2606,2021-05-25,SIC,33340,15288,18052,13838,19249,253,ITG,ITG1,19,Sicilia,Sicilia,4999891,2421634,48.43,0.67
2607,2021-03-29,SIC,15020,7065,7955,10389,4497,134,ITG,ITG1,19,Sicilia,Sicilia,4999891,2436654,48.73,0.3
2608,2021-06-01,SIC,38802,17647,21155,24623,13829,350,ITG,ITG1,19,Sicilia,Sicilia,4999891,2475456,49.51,0.78
2609,2021-05-09,SIC,28403,13305,15098,19778,8283,342,ITG,ITG1,19,Sicilia,Sicilia,4999891,2503859,50.08,0.57
2610,2021-02-05,SIC,6741,2980,3761,2089,4614,38,ITG,ITG1,19,Sicilia,Sicilia,4999891,2510600,50.21,0.13
2611,2021-04-03,SIC,16411,7815,8596,13423,2834,154,ITG,ITG1,19,Sicilia,Sicilia,4999891,2527011,50.54,0.33
2612,2021-03-27,SIC,15625,7358,8267,10655,4852,118,ITG,ITG1,19,Sicilia,Sicilia,4999891,2542636,50.85,0.31
2613,2021-01-29,SIC,9177,4254,4923,413,8752,12,ITG,ITG1,19,Sicilia,Sicilia,4999891,2551813,51.04,0.18
2614,2021-02-12,SIC,4586,1811,2775,4242,266,78,ITG,ITG1,19,Sicilia,Sicilia,4999891,2556399,51.13,0.09
2615,2021-05-23,SIC,34087,16595,17492,19846,14012,229,ITG,ITG1,19,Sicilia,Sicilia,4999891,2590486,51.81,0.68
2616,2021-06-10,SIC,52796,24791,28005,45062,7087,647,ITG,ITG1,19,Sicilia,Sicilia,4999891,2643282,52.87,1.06
2617,2021-05-27,SIC,47428,21783,25645,24430,22584,414,ITG,ITG1,19,Sicilia,Sicilia,4999891,2690710,53.82,0.95
2618,2021-04-14,SIC,20572,9936,10636,11629,8759,184,ITG,ITG1,19,Sicilia,Sicilia,4999891,2711282,54.23,0.41
2619,2021-04-21,SIC,22382,10744,11638,15997,6119,266,ITG,ITG1,19,Sicilia,Sicilia,4999891,2733664,54.67,0.45
2620,2021-04-07,SIC,15497,7625,7872,8193,7130,174,ITG,ITG1,19,Sicilia,Sicilia,4999891,2749161,54.98,0.31
2621,2021-06-03,SIC,45801,20991,24810,33756,11533,512,ITG,ITG1,19,Sicilia,Sicilia,4999891,2794962,55.9,0.92
2622,2021-01-24,SIC,4317,2257,2060,132,4183,2,ITG,ITG1,19,Sicilia,Sicilia,4999891,2799279,55.99,0.09
2623,2021-05-04,SIC,26828,12469,14359,17150,9291,387,ITG,ITG1,19,Sicilia,Sicilia,4999891,2826107,56.52,0.54
2624,2021-03-15,SIC,10616,4688,5928,5646,4894,76,ITG,ITG1,19,Sicilia,Sicilia,4999891,2836723,56.74,0.21
2625,2021-06-30,SIC,32473,14979,17494,11389,20767,317,ITG,ITG1,19,Sicilia,Sicilia,4999891,2869196,57.39,0.65
2626,2020-12-29,SIC,243,152,91,243,0,0,ITG,ITG1,19,Sicilia,Sicilia,4999891,2869439,57.39,0.0
2627,2021-06-13,SIC,34530,17154,17376,30595,3504,431,ITG,ITG1,19,Sicilia,Sicilia,4999891,2903969,58.08,0.69
2628,2021-04-10,SIC,20434,9972,10462,11315,8963,156,ITG,ITG1,19,Sicilia,Sicilia,4999891,2924403,58.49,0.41
2629,2021-01-19,SIC,1498,662,836,1262,222,14,ITG,ITG1,19,Sicilia,Sicilia,4999891,2925901,58.52,0.03
2630,2021-06-11,SIC,49800,23771,26029,41555,7590,655,ITG,ITG1,19,Sicilia,Sicilia,4999891,2975701,59.52,1.0
2631,2021-04-29,SIC,31789,14830,16959,21795,9557,437,ITG,ITG1,19,Sicilia,Sicilia,4999891,3007490,60.15,0.64
2632,2021-03-03,SIC,14418,6431,7987,11231,3065,122,ITG,ITG1,19,Sicilia,Sicilia,4999891,3021908,60.44,0.29
2633,2021-04-05,SIC,8013,3954,4059,6510,1440,63,ITG,ITG1,19,Sicilia,Sicilia,4999891,3029921,60.6,0.16
2634,2021-04-12,SIC,19001,9210,9791,11485,7274,242,ITG,ITG1,19,Sicilia,Sicilia,4999891,3048922,60.98,0.38
2635,2021-02-14,SIC,1055,402,653,907,140,8,ITG,ITG1,19,Sicilia,Sicilia,4999891,3049977,61.0,0.02
2636,2021-01-02,SIC,4850,2526,2324,4820,0,30,ITG,ITG1,19,Sicilia,Sicilia,4999891,3054827,61.1,0.1
2637,2021-02-21,SIC,5168,2501,2667,5047,106,15,ITG,ITG1,19,Sicilia,Sicilia,4999891,3059995,61.2,0.1
2638,2021-06-22,SIC,39963,18364,21599,18290,21302,371,ITG,ITG1,19,Sicilia,Sicilia,4999891,3099958,62.0,0.8
2639,2021-05-22,SIC,47957,22781,25176,28248,19310,399,ITG,ITG1,19,Sicilia,Sicilia,4999891,3147915,62.96,0.96
2640,2021-02-28,SIC,7165,3062,4103,6484,630,51,ITG,ITG1,19,Sicilia,Sicilia,4999891,3155080,63.1,0.14
2641,2021-06-08,SIC,47547,22336,25211,40473,6558,516,ITG,ITG1,19,Sicilia,Sicilia,4999891,3202627,64.05,0.95
2642,2021-01-09,SIC,7186,3388,3798,7126,0,60,ITG,ITG1,19,Sicilia,Sicilia,4999891,3209813,64.2,0.14
2643,2021-05-03,SIC,23308,10794,12514,13273,9789,246,ITG,ITG1,19,Sicilia,Sicilia,4999891,3233121,64.66,0.47
2644,2021-04-19,SIC,18268,8656,9612,12466,5581,221,ITG,ITG1,19,Sicilia,Sicilia,4999891,3251389,65.03,0.37
2645,2021-04-22,SIC,26737,12630,14107,19880,6458,399,ITG,ITG1,19,Sicilia,Sicilia,4999891,3278126,65.56,0.53
2646,2021-03-10,SIC,13861,6059,7802,11548,2183,130,ITG,ITG1,19,Sicilia,Sicilia,4999891,3291987,65.84,0.28
2647,2021-01-12,SIC,4326,2120,2206,4283,0,43,ITG,ITG1,19,Sicilia,Sicilia,4999891,3296313,65.93,0.09
2648,2021-06-18,SIC,43523,20120,23403,18838,24319,366,ITG,ITG1,19,Sicilia,Sicilia,4999891,3339836,66.8,0.87
2649,2021-06-27,SIC,25300,12198,13102,12104,12970,226,ITG,ITG1,19,Sicilia,Sicilia,4999891,3365136,67.3,0.51
2650,2021-05-15,SIC,56466,26383,30083,40336,15237,893,ITG,ITG1,19,Sicilia,Sicilia,4999891,3421602,68.43,1.13
2651,2021-03-19,SIC,16215,7985,8230,10646,5481,88,ITG,ITG1,19,Sicilia,Sicilia,4999891,3437817,68.76,0.32
2652,2021-03-12,SIC,12774,5493,7281,10632,1995,147,ITG,ITG1,19,Sicilia,Sicilia,4999891,3450591,69.01,0.26
2653,2021-06-29,SIC,31260,14648,16612,15664,15199,397,ITG,ITG1,19,Sicilia,Sicilia,4999891,3481851,69.64,0.63
2654,2021-01-17,SIC,1305,592,713,1236,60,9,ITG,ITG1,19,Sicilia,Sicilia,4999891,3483156,69.66,0.03
2655,2021-07-02,SIC,30479,14165,16314,9925,20277,277,ITG,ITG1,19,Sicilia,Sicilia,4999891,3513635,70.27,0.61
2656,2021-03-05,SIC,15669,6771,8898,11294,4236,139,ITG,ITG1,19,Sicilia,Sicilia,4999891,3529304,70.59,0.31
2657,2021-02-16,SIC,4200,2207,1993,3664,465,71,ITG,ITG1,19,Sicilia,Sicilia,4999891,3533504,70.67,0.08
2658,2021-06-17,SIC,41788,19454,22334,20280,21143,365,ITG,ITG1,19,Sicilia,Sicilia,4999891,3575292,71.51,0.84
2659,2020-12-31,SIC,887,473,414,879,0,8,ITG,ITG1,19,Sicilia,Sicilia,4999891,3576179,71.53,0.02
2660,2021-03-07,SIC,9259,3454,5805,8117,1083,59,ITG,ITG1,19,Sicilia,Sicilia,4999891,3585438,71.71,0.19
2661,2021-06-15,SIC,46022,21705,24317,28225,17368,429,ITG,ITG1,19,Sicilia,Sicilia,4999891,3631460,72.63,0.92
2662,2021-03-24,SIC,20882,9806,11076,15030,5663,189,ITG,ITG1,19,Sicilia,Sicilia,4999891,3652342,73.05,0.42
2663,2021-02-24,SIC,9306,4760,4546,8644,560,102,ITG,ITG1,19,Sicilia,Sicilia,4999891,3661648,73.23,0.19
2664,2021-01-21,SIC,1435,706,729,490,934,11,ITG,ITG1,19,Sicilia,Sicilia,4999891,3663083,73.26,0.03
2665,2021-05-01,SIC,24439,11311,13128,19001,5164,274,ITG,ITG1,19,Sicilia,Sicilia,4999891,3687522,73.75,0.49
2666,2021-07-06,SIC,37164,17233,19931,10284,26580,300,ITG,ITG1,19,Sicilia,Sicilia,4999891,3724686,74.5,0.74
2667,2021-05-10,SIC,28618,13744,14874,16162,12185,271,ITG,ITG1,19,Sicilia,Sicilia,4999891,3753304,75.07,0.57
2668,2021-03-26,SIC,17893,8296,9597,12329,5430,134,ITG,ITG1,19,Sicilia,Sicilia,4999891,3771197,75.43,0.36
2669,2021-01-28,SIC,9028,4272,4756,391,8636,1,ITG,ITG1,19,Sicilia,Sicilia,4999891,3780225,75.61,0.18
2670,2021-07-04,SIC,26563,12829,13734,7626,18768,169,ITG,ITG1,19,Sicilia,Sicilia,4999891,3806788,76.14,0.53
2671,2021-05-08,SIC,35628,17026,18602,24984,10297,347,ITG,ITG1,19,Sicilia,Sicilia,4999891,3842416,76.85,0.71
2672,2021-01-26,SIC,9529,4715,4814,247,9281,1,ITG,ITG1,19,Sicilia,Sicilia,4999891,3851945,77.04,0.19
2673,2021-05-29,SIC,47166,21461,25705,23528,23191,447,ITG,ITG1,19,Sicilia,Sicilia,4999891,3899111,77.98,0.94
2674,2021-03-06,SIC,12638,5058,7580,9761,2782,95,ITG,ITG1,19,Sicilia,Sicilia,4999891,3911749,78.24,0.25
2675,2021-06-14,SIC,43356,20602,22754,28165,14775,416,ITG,ITG1,19,Sicilia,Sicilia,4999891,3955105,79.1,0.87
2676,2021-05-28,SIC,51208,22954,28254,24313,26487,408,ITG,ITG1,19,Sicilia,Sicilia,4999891,4006313,80.13,1.02
2677,2021-02-19,SIC,4907,2647,2260,4263,563,81,ITG,ITG1,19,Sicilia,Sicilia,4999891,4011220,80.23,0.1
2678,2021-03-08,SIC,13392,5865,7527,10665,2613,114,ITG,ITG1,19,Sicilia,Sicilia,4999891,4024612,80.49,0.27
2679,2021-05-30,SIC,35764,16169,19595,17422,18046,296,ITG,ITG1,19,Sicilia,Sicilia,4999891,4060376,81.21,0.72
2680,2021-05-13,SIC,47305,22166,25139,30152,16537,616,ITG,ITG1,19,Sicilia,Sicilia,4999891,4107681,82.16,0.95
2681,2021-01-31,SIC,4032,1927,2105,110,3920,2,ITG,ITG1,19,Sicilia,Sicilia,4999891,4111713,82.24,0.08
2682,2021-05-11,SIC,32434,15421,17013,19480,12482,472,ITG,ITG1,19,Sicilia,Sicilia,4999891,4144147,82.88,0.65
2683,2021-02-17,SIC,5216,3204,2012,4501,668,47,ITG,ITG1,19,Sicilia,Sicilia,4999891,4149363,82.99,0.1
2684,2021-04-24,SIC,31135,14696,16439,23120,7630,385,ITG,ITG1,19,Sicilia,Sicilia,4999891,4180498,83.61,0.62
2685,2021-04-26,SIC,21683,10262,11421,13302,8079,302,ITG,ITG1,19,Sicilia,Sicilia,4999891,4202181,84.05,0.43
2686,2021-02-02,SIC,5271,2472,2799,617,4644,10,ITG,ITG1,19,Sicilia,Sicilia,4999891,4207452,84.15,0.11
2687,2021-01-14,SIC,5251,2483,2768,5189,0,62,ITG,ITG1,19,Sicilia,Sicilia,4999891,4212703,84.26,0.11
2688,2021-05-05,VEN,44338,21242,23096,36127,6567,1644,ITH,ITH3,5,Veneto,Veneto,4905854,44338,0.9,0.9
2689,2021-07-01,VEN,50541,25815,24726,20539,28970,1032,ITH,ITH3,5,Veneto,Veneto,4905854,94879,1.93,1.03
2690,2021-05-12,VEN,36833,17833,19000,30105,5107,1621,ITH,ITH3,5,Veneto,Veneto,4905854,131712,2.68,0.75
2691,2021-07-08,VEN,46253,24082,22171,4408,41553,292,ITH,ITH3,5,Veneto,Veneto,4905854,177965,3.63,0.94
2692,2021-02-25,VEN,7898,3339,4559,7157,605,136,ITH,ITH3,5,Veneto,Veneto,4905854,185863,3.79,0.16
2693,2021-04-09,VEN,31193,13763,17430,21912,8341,940,ITH,ITH3,5,Veneto,Veneto,4905854,217056,4.42,0.64
2694,2021-06-05,VEN,46802,24105,22697,37275,8049,1478,ITH,ITH3,5,Veneto,Veneto,4905854,263858,5.38,0.95
2695,2021-04-04,VEN,7773,3529,4244,6501,1148,124,ITH,ITH3,5,Veneto,Veneto,4905854,271631,5.54,0.16
2696,2021-05-24,VEN,33022,16405,16617,7624,24995,403,ITH,ITH3,5,Veneto,Veneto,4905854,304653,6.21,0.67
2697,2021-04-23,VEN,31244,13841,17403,21382,8708,1154,ITH,ITH3,5,Veneto,Veneto,4905854,335897,6.85,0.64
2698,2021-02-16,VEN,6644,2870,3774,6438,176,30,ITH,ITH3,5,Veneto,Veneto,4905854,342541,6.98,0.14
2699,2021-01-11,VEN,7241,2102,5139,7240,0,1,ITH,ITH3,5,Veneto,Veneto,4905854,349782,7.13,0.15
2700,2021-04-21,VEN,32336,13182,19154,15502,16059,775,ITH,ITH3,5,Veneto,Veneto,4905854,382118,7.79,0.66
2701,2021-05-22,VEN,34765,16672,18093,12699,21397,669,ITH,ITH3,5,Veneto,Veneto,4905854,416883,8.5,0.71
2702,2021-02-11,VEN,4012,1238,2774,3345,628,39,ITH,ITH3,5,Veneto,Veneto,4905854,420895,8.58,0.08
2703,2021-01-28,VEN,9211,2663,6548,170,9039,2,ITH,ITH3,5,Veneto,Veneto,4905854,430106,8.77,0.19
2704,2021-06-17,VEN,51538,25828,25710,25359,24959,1220,ITH,ITH3,5,Veneto,Veneto,4905854,481644,9.82,1.05
2705,2021-03-09,VEN,16543,7446,9097,9823,6323,397,ITH,ITH3,5,Veneto,Veneto,4905854,498187,10.15,0.34
2706,2021-05-31,VEN,31611,16226,15385,20872,9916,823,ITH,ITH3,5,Veneto,Veneto,4905854,529798,10.8,0.64
2707,2021-03-26,VEN,29582,13143,16439,23264,5461,857,ITH,ITH3,5,Veneto,Veneto,4905854,559380,11.4,0.6
2708,2021-03-28,VEN,31297,13603,17694,26876,3612,809,ITH,ITH3,5,Veneto,Veneto,4905854,590677,12.04,0.64
2709,2021-06-19,VEN,49202,25041,24161,25592,22515,1095,ITH,ITH3,5,Veneto,Veneto,4905854,639879,13.04,1.0
2710,2021-07-06,VEN,35959,18538,17421,13130,22180,649,ITH,ITH3,5,Veneto,Veneto,4905854,675838,13.78,0.73
2711,2021-05-17,VEN,26493,12977,13516,15722,10015,756,ITH,ITH3,5,Veneto,Veneto,4905854,702331,14.32,0.54
2712,2021-02-06,VEN,4095,1354,2741,709,3386,0,ITH,ITH3,5,Veneto,Veneto,4905854,706426,14.4,0.08
2713,2021-02-23,VEN,7383,3254,4129,7028,271,84,ITH,ITH3,5,Veneto,Veneto,4905854,713809,14.55,0.15
2714,2021-04-28,VEN,32404,15176,17228,22189,9019,1196,ITH,ITH3,5,Veneto,Veneto,4905854,746213,15.21,0.66
2715,2021-01-23,VEN,4051,1246,2805,31,4020,0,ITH,ITH3,5,Veneto,Veneto,4905854,750264,15.29,0.08
2716,2021-06-29,VEN,45444,22673,22771,18985,25744,715,ITH,ITH3,5,Veneto,Veneto,4905854,795708,16.22,0.93
2717,2021-03-21,VEN,11981,4753,7228,8278,3463,240,ITH,ITH3,5,Veneto,Veneto,4905854,807689,16.46,0.24
2718,2021-01-16,VEN,4611,1542,3069,4611,0,0,ITH,ITH3,5,Veneto,Veneto,4905854,812300,16.56,0.09
2719,2021-03-14,VEN,15176,5942,9234,13845,894,437,ITH,ITH3,5,Veneto,Veneto,4905854,827476,16.87,0.31
2720,2021-06-24,VEN,55963,28338,27625,17525,37741,697,ITH,ITH3,5,Veneto,Veneto,4905854,883439,18.01,1.14
2721,2021-03-16,VEN,12527,5353,7174,6641,5620,266,ITH,ITH3,5,Veneto,Veneto,4905854,895966,18.26,0.26
2722,2021-03-23,VEN,22211,10239,11972,16864,4712,635,ITH,ITH3,5,Veneto,Veneto,4905854,918177,18.72,0.45
2723,2021-05-19,VEN,32999,15112,17887,16160,15911,928,ITH,ITH3,5,Veneto,Veneto,4905854,951176,19.39,0.67
2724,2021-06-12,VEN,48561,24440,24121,36207,10768,1586,ITH,ITH3,5,Veneto,Veneto,4905854,999737,20.38,0.99
2725,2021-05-02,VEN,37230,17261,19969,25608,10325,1297,ITH,ITH3,5,Veneto,Veneto,4905854,1036967,21.14,0.76
2726,2021-06-14,VEN,42582,21537,21045,26222,15301,1059,ITH,ITH3,5,Veneto,Veneto,4905854,1079549,22.01,0.87
2727,2021-03-06,VEN,10667,4356,6311,7218,3262,187,ITH,ITH3,5,Veneto,Veneto,4905854,1090216,22.22,0.22
2728,2021-05-29,VEN,33001,16673,16328,24228,7656,1117,ITH,ITH3,5,Veneto,Veneto,4905854,1123217,22.9,0.67
2729,2021-02-18,VEN,5828,2455,3373,5725,64,39,ITH,ITH3,5,Veneto,Veneto,4905854,1129045,23.01,0.12
2730,2021-04-16,VEN,24449,10494,13955,11879,11887,683,ITH,ITH3,5,Veneto,Veneto,4905854,1153494,23.51,0.5
2731,2021-04-18,VEN,17510,7251,10259,9496,7564,450,ITH,ITH3,5,Veneto,Veneto,4905854,1171004,23.87,0.36
2732,2021-01-09,VEN,7928,2539,5389,7922,0,6,ITH,ITH3,5,Veneto,Veneto,4905854,1178932,24.03,0.16
2733,2021-03-18,VEN,12612,5138,7474,7033,5228,351,ITH,ITH3,5,Veneto,Veneto,4905854,1191544,24.29,0.26
2734,2021-06-26,VEN,47992,24476,23516,13550,33935,507,ITH,ITH3,5,Veneto,Veneto,4905854,1239536,25.27,0.98
2735,2021-03-02,VEN,11490,4625,6865,7935,3309,246,ITH,ITH3,5,Veneto,Veneto,4905854,1251026,25.5,0.23
2736,2021-06-10,VEN,52157,26926,25231,41050,9290,1817,ITH,ITH3,5,Veneto,Veneto,4905854,1303183,26.56,1.06
2737,2021-04-02,VEN,24078,10615,13463,17113,6328,637,ITH,ITH3,5,Veneto,Veneto,4905854,1327261,27.05,0.49
2738,2021-06-09,VEN,42661,21887,20774,33603,7413,1645,ITH,ITH3,5,Veneto,Veneto,4905854,1369922,27.92,0.87
2739,2021-05-10,VEN,36481,17066,19415,25478,9851,1152,ITH,ITH3,5,Veneto,Veneto,4905854,1406403,28.67,0.74
2740,2021-01-30,VEN,8747,2672,6075,693,8054,0,ITH,ITH3,5,Veneto,Veneto,4905854,1415150,28.85,0.18
2741,2021-03-07,VEN,4493,1768,2725,3863,561,69,ITH,ITH3,5,Veneto,Veneto,4905854,1419643,28.94,0.09
2742,2021-05-03,VEN,40669,19792,20877,32754,6441,1474,ITH,ITH3,5,Veneto,Veneto,4905854,1460312,29.77,0.83
2743,2021-01-18,VEN,2762,776,1986,2558,199,5,ITH,ITH3,5,Veneto,Veneto,4905854,1463074,29.82,0.06
2744,2021-02-04,VEN,7386,2025,5361,550,6835,1,ITH,ITH3,5,Veneto,Veneto,4905854,1470460,29.97,0.15
2745,2021-04-30,VEN,49990,23474,26516,32921,15662,1407,ITH,ITH3,5,Veneto,Veneto,4905854,1520450,30.99,1.02
2746,2021-01-20,VEN,1038,368,670,386,652,0,ITH,ITH3,5,Veneto,Veneto,4905854,1521488,31.01,0.02
2747,2021-04-14,VEN,15909,6897,9012,8739,6627,543,ITH,ITH3,5,Veneto,Veneto,4905854,1537397,31.34,0.32
2748,2021-01-04,VEN,6736,2034,4702,6734,0,2,ITH,ITH3,5,Veneto,Veneto,4905854,1544133,31.48,0.14
2749,2021-05-14,VEN,46721,22223,24498,24280,20865,1576,ITH,ITH3,5,Veneto,Veneto,4905854,1590854,32.43,0.95
2750,2021-02-20,VEN,6424,2014,4410,6273,71,80,ITH,ITH3,5,Veneto,Veneto,4905854,1597278,32.56,0.13
2751,2021-06-02,VEN,20308,10235,10073,15351,4344,613,ITH,ITH3,5,Veneto,Veneto,4905854,1617586,32.97,0.41
2752,2021-02-08,VEN,5003,1559,3444,1923,3074,6,ITH,ITH3,5,Veneto,Veneto,4905854,1622589,33.07,0.1
2753,2021-04-06,VEN,28956,13327,15629,23191,5042,723,ITH,ITH3,5,Veneto,Veneto,4905854,1651545,33.66,0.59
2754,2021-02-01,VEN,8561,2502,6059,159,8402,0,ITH,ITH3,5,Veneto,Veneto,4905854,1660106,33.84,0.17
2755,2021-02-15,VEN,4389,1824,2565,4140,240,9,ITH,ITH3,5,Veneto,Veneto,4905854,1664495,33.93,0.09
2756,2021-03-30,VEN,35958,15293,20665,29707,5242,1009,ITH,ITH3,5,Veneto,Veneto,4905854,1700453,34.66,0.73
2757,2020-12-30,VEN,699,245,454,699,0,0,ITH,ITH3,5,Veneto,Veneto,4905854,1701152,34.68,0.01
2758,2021-06-07,VEN,44648,23291,21357,36021,7020,1607,ITH,ITH3,5,Veneto,Veneto,4905854,1745800,35.59,0.91
2759,2021-02-27,VEN,8990,2692,6298,7963,847,180,ITH,ITH3,5,Veneto,Veneto,4905854,1754790,35.77,0.18
2760,2021-03-04,VEN,12980,4884,8096,9119,3472,389,ITH,ITH3,5,Veneto,Veneto,4905854,1767770,36.03,0.26
2761,2021-05-07,VEN,48539,23260,25279,37840,8667,2032,ITH,ITH3,5,Veneto,Veneto,4905854,1816309,37.02,0.99
2762,2021-01-27,VEN,7141,2064,5077,240,6900,1,ITH,ITH3,5,Veneto,Veneto,4905854,1823450,37.17,0.15
2763,2021-02-13,VEN,3266,1473,1793,3230,20,16,ITH,ITH3,5,Veneto,Veneto,4905854,1826716,37.24,0.07
2764,2021-06-28,VEN,47546,24059,23487,18349,28472,725,ITH,ITH3,5,Veneto,Veneto,4905854,1874262,38.2,0.97
2765,2021-01-25,VEN,6468,2075,4393,159,6309,0,ITH,ITH3,5,Veneto,Veneto,4905854,1880730,38.34,0.13
2766,2021-04-20,VEN,22427,9496,12931,7860,13999,568,ITH,ITH3,5,Veneto,Veneto,4905854,1903157,38.79,0.46
2767,2021-05-09,VEN,35062,16130,18932,23754,10057,1251,ITH,ITH3,5,Veneto,Veneto,4905854,1938219,39.51,0.71
2768,2021-05-28,VEN,46693,22862,23831,23667,21829,1197,ITH,ITH3,5,Veneto,Veneto,4905854,1984912,40.46,0.95
2769,2021-07-10,VEN,42871,23064,19807,6144,36368,359,ITH,ITH3,5,Veneto,Veneto,4905854,2027783,41.33,0.87
2770,2021-05-21,VEN,44760,22017,22743,19898,23756,1106,ITH,ITH3,5,Veneto,Veneto,4905854,2072543,42.25,0.91
2771,2021-03-11,VEN,19827,8888,10939,13792,5571,464,ITH,ITH3,5,Veneto,Veneto,4905854,2092370,42.65,0.4
2772,2021-04-27,VEN,28137,12758,15379,20054,6914,1169,ITH,ITH3,5,Veneto,Veneto,4905854,2120507,43.22,0.57
2773,2021-01-08,VEN,9407,2835,6572,9393,0,14,ITH,ITH3,5,Veneto,Veneto,4905854,2129914,43.42,0.19
2774,2021-01-13,VEN,5985,1606,4379,5982,0,3,ITH,ITH3,5,Veneto,Veneto,4905854,2135899,43.54,0.12
2775,2021-04-25,VEN,18319,8151,10168,12876,4836,607,ITH,ITH3,5,Veneto,Veneto,4905854,2154218,43.91,0.37
2776,2021-06-21,VEN,44272,22156,22116,20399,22936,937,ITH,ITH3,5,Veneto,Veneto,4905854,2198490,44.81,0.9
2777,2021-01-06,VEN,8134,2386,5748,8131,0,3,ITH,ITH3,5,Veneto,Veneto,4905854,2206624,44.98,0.17
2778,2021-03-03,VEN,12097,4647,7450,8387,3499,211,ITH,ITH3,5,Veneto,Veneto,4905854,2218721,45.23,0.25
2779,2021-06-11,VEN,47248,24570,22678,34595,11153,1500,ITH,ITH3,5,Veneto,Veneto,4905854,2265969,46.19,0.96
2780,2021-06-25,VEN,51555,26093,25462,14975,35927,653,ITH,ITH3,5,Veneto,Veneto,4905854,2317524,47.24,1.05
2781,2021-04-22,VEN,32007,13920,18087,15442,15747,818,ITH,ITH3,5,Veneto,Veneto,4905854,2349531,47.89,0.65
2782,2021-06-08,VEN,43798,22640,21158,36060,6128,1610,ITH,ITH3,5,Veneto,Veneto,4905854,2393329,48.79,0.89
2783,2021-05-25,VEN,27764,13403,14361,11244,16021,499,ITH,ITH3,5,Veneto,Veneto,4905854,2421093,49.35,0.57
2784,2021-02-14,VEN,126,56,70,113,13,0,ITH,ITH3,5,Veneto,Veneto,4905854,2421219,49.35,0.0
2785,2021-02-28,VEN,4136,1389,2747,3225,837,74,ITH,ITH3,5,Veneto,Veneto,4905854,2425355,49.44,0.08
2786,2021-03-17,VEN,14645,5992,8653,7529,6796,320,ITH,ITH3,5,Veneto,Veneto,4905854,2440000,49.74,0.3
2787,2021-01-12,VEN,5231,1517,3714,5223,0,8,ITH,ITH3,5,Veneto,Veneto,4905854,2445231,49.84,0.11
2788,2021-04-19,VEN,21543,8922,12621,4709,16408,426,ITH,ITH3,5,Veneto,Veneto,4905854,2466774,50.28,0.44
2789,2021-04-05,VEN,19153,8370,10783,13418,5435,300,ITH,ITH3,5,Veneto,Veneto,4905854,2485927,50.67,0.39
2790,2021-01-26,VEN,6919,2090,4829,149,6770,0,ITH,ITH3,5,Veneto,Veneto,4905854,2492846,50.81,0.14
2791,2021-07-07,VEN,40322,20977,19345,15530,23990,802,ITH,ITH3,5,Veneto,Veneto,4905854,2533168,51.64,0.82
2792,2021-05-11,VEN,33159,16497,16662,27119,4720,1320,ITH,ITH3,5,Veneto,Veneto,4905854,2566327,52.31,0.68
2793,2021-01-22,VEN,1080,332,748,25,1055,0,ITH,ITH3,5,Veneto,Veneto,4905854,2567407,52.33,0.02
2794,2021-05-04,VEN,42942,20337,22605,33259,8026,1657,ITH,ITH3,5,Veneto,Veneto,4905854,2610349,53.21,0.88
2795,2021-04-10,VEN,27463,11975,15488,18372,8468,623,ITH,ITH3,5,Veneto,Veneto,4905854,2637812,53.77,0.56
2796,2021-06-06,VEN,37420,19155,18265,31409,4728,1283,ITH,ITH3,5,Veneto,Veneto,4905854,2675232,54.53,0.76
2797,2020-12-27,VEN,880,395,485,880,0,0,ITH,ITH3,5,Veneto,Veneto,4905854,2676112,54.55,0.02
2798,2021-05-30,VEN,22540,11265,11275,15203,6687,650,ITH,ITH3,5,Veneto,Veneto,4905854,2698652,55.01,0.46
2799,2021-02-17,VEN,6022,2772,3250,5900,94,28,ITH,ITH3,5,Veneto,Veneto,4905854,2704674,55.13,0.12
2800,2021-04-01,VEN,25334,11159,14175,18156,6410,768,ITH,ITH3,5,Veneto,Veneto,4905854,2730008,55.65,0.52
2801,2021-04-15,VEN,20908,8635,12273,9341,10823,744,ITH,ITH3,5,Veneto,Veneto,4905854,2750916,56.07,0.43
2802,2021-01-05,VEN,7330,2183,5147,7328,0,2,ITH,ITH3,5,Veneto,Veneto,4905854,2758246,56.22,0.15
2803,2021-02-10,VEN,4752,1588,3164,3688,1055,9,ITH,ITH3,5,Veneto,Veneto,4905854,2762998,56.32,0.1
2804,2021-04-08,VEN,32366,14366,18000,23321,7875,1170,ITH,ITH3,5,Veneto,Veneto,4905854,2795364,56.98,0.66
2805,2021-06-04,VEN,49579,25813,23766,39785,8119,1675,ITH,ITH3,5,Veneto,Veneto,4905854,2844943,57.99,1.01
2806,2021-02-24,VEN,8616,3679,4937,7994,488,134,ITH,ITH3,5,Veneto,Veneto,4905854,2853559,58.17,0.18
2807,2021-06-22,VEN,43667,21593,22074,18422,24354,891,ITH,ITH3,5,Veneto,Veneto,4905854,2897226,59.06,0.89
2808,2021-04-26,VEN,20719,9455,11264,14898,5139,682,ITH,ITH3,5,Veneto,Veneto,4905854,2917945,59.48,0.42
2809,2021-06-15,VEN,47732,24239,23493,28995,17502,1235,ITH,ITH3,5,Veneto,Veneto,4905854,2965677,60.45,0.97
2810,2021-05-26,VEN,31085,15191,15894,13948,16461,676,ITH,ITH3,5,Veneto,Veneto,4905854,2996762,61.09,0.63
2811,2021-03-01,VEN,9395,3716,5679,7410,1822,163,ITH,ITH3,5,Veneto,Veneto,4905854,3006157,61.28,0.19
2812,2021-04-03,VEN,21955,9628,12327,13843,7708,404,ITH,ITH3,5,Veneto,Veneto,4905854,3028112,61.72,0.45
2813,2021-03-20,VEN,13020,5388,7632,10648,2081,291,ITH,ITH3,5,Veneto,Veneto,4905854,3041132,61.99,0.27
2814,2021-01-10,VEN,5034,1672,3362,5033,0,1,ITH,ITH3,5,Veneto,Veneto,4905854,3046166,62.09,0.1
2815,2021-05-23,VEN,34484,16464,18020,10615,23400,469,ITH,ITH3,5,Veneto,Veneto,4905854,3080650,62.8,0.7
2816,2021-02-12,VEN,4314,1447,2867,3671,572,71,ITH,ITH3,5,Veneto,Veneto,4905854,3084964,62.88,0.09
2817,2021-01-29,VEN,9023,2788,6235,366,8657,0,ITH,ITH3,5,Veneto,Veneto,4905854,3093987,63.07,0.18
2818,2021-01-17,VEN,1933,781,1152,1584,349,0,ITH,ITH3,5,Veneto,Veneto,4905854,3095920,63.11,0.04
2819,2021-02-03,VEN,5946,1668,4278,476,5466,4,ITH,ITH3,5,Veneto,Veneto,4905854,3101866,63.23,0.12
2820,2021-04-29,VEN,50264,23378,26886,35341,13175,1748,ITH,ITH3,5,Veneto,Veneto,4905854,3152130,64.25,1.02
2821,2021-02-05,VEN,8378,2535,5843,1409,6960,9,ITH,ITH3,5,Veneto,Veneto,4905854,3160508,64.42,0.17
2822,2021-02-22,VEN,7014,3041,3973,6580,387,47,ITH,ITH3,5,Veneto,Veneto,4905854,3167522,64.57,0.14
2823,2021-05-16,VEN,28414,14008,14406,20305,7081,1028,ITH,ITH3,5,Veneto,Veneto,4905854,3195936,65.15,0.58
2824,2021-06-23,VEN,48987,24276,24711,14554,33602,831,ITH,ITH3,5,Veneto,Veneto,4905854,3244923,66.14,1.0
2825,2021-03-15,VEN,16668,7328,9340,10957,5208,503,ITH,ITH3,5,Veneto,Veneto,4905854,3261591,66.48,0.34
2826,2021-05-18,VEN,26891,12508,14383,12622,13570,699,ITH,ITH3,5,Veneto,Veneto,4905854,3288482,67.03,0.55
2827,2021-02-26,VEN,8295,3271,5024,6942,1259,94,ITH,ITH3,5,Veneto,Veneto,4905854,3296777,67.2,0.17
2828,2021-04-24,VEN,24752,10826,13926,14949,9079,724,ITH,ITH3,5,Veneto,Veneto,4905854,3321529,67.71,0.5
2829,2021-01-14,VEN,7063,1924,5139,7043,0,20,ITH,ITH3,5,Veneto,Veneto,4905854,3328592,67.85,0.14
2830,2021-03-12,VEN,18658,8194,10464,11328,6748,582,ITH,ITH3,5,Veneto,Veneto,4905854,3347250,68.23,0.38
2831,2021-04-17,VEN,22419,9085,13334,14347,7274,798,ITH,ITH3,5,Veneto,Veneto,4905854,3369669,68.69,0.46
2832,2021-01-07,VEN,8360,2318,6042,8359,0,1,ITH,ITH3,5,Veneto,Veneto,4905854,3378029,68.86,0.17
2833,2021-06-13,VEN,37329,19248,18081,29220,6966,1143,ITH,ITH3,5,Veneto,Veneto,4905854,3415358,69.62,0.76
2834,2021-01-21,VEN,2293,719,1574,21,2272,0,ITH,ITH3,5,Veneto,Veneto,4905854,3417651,69.66,0.05
2835,2021-03-05,VEN,13336,5020,8316,9221,3670,445,ITH,ITH3,5,Veneto,Veneto,4905854,3430987,69.94,0.27
2836,2021-05-08,VEN,41444,18749,22695,28194,11808,1442,ITH,ITH3,5,Veneto,Veneto,4905854,3472431,70.78,0.84
2837,2021-06-27,VEN,40235,20554,19681,15330,24305,600,ITH,ITH3,5,Veneto,Veneto,4905854,3512666,71.6,0.82
2838,2021-03-19,VEN,13791,5668,8123,7401,6095,295,ITH,ITH3,5,Veneto,Veneto,4905854,3526457,71.88,0.28
2839,2021-01-24,VEN,4117,1219,2898,28,4089,0,ITH,ITH3,5,Veneto,Veneto,4905854,3530574,71.97,0.08
2840,2021-04-07,VEN,36007,16183,19824,27562,7337,1108,ITH,ITH3,5,Veneto,Veneto,4905854,3566581,72.7,0.73
2841,2021-01-31,VEN,4769,1563,3206,391,4378,0,ITH,ITH3,5,Veneto,Veneto,4905854,3571350,72.8,0.1
2842,2021-03-29,VEN,31451,13696,17755,26636,3822,993,ITH,ITH3,5,Veneto,Veneto,4905854,3602801,73.44,0.64
2843,2021-05-13,VEN,44245,21834,22411,32533,9884,1828,ITH,ITH3,5,Veneto,Veneto,4905854,3647046,74.34,0.9
2844,2021-02-02,VEN,6512,1881,4631,396,6116,0,ITH,ITH3,5,Veneto,Veneto,4905854,3653558,74.47,0.13
2845,2021-07-09,VEN,44728,23603,21125,4008,40449,271,ITH,ITH3,5,Veneto,Veneto,4905854,3698286,75.39,0.91
2846,2021-03-31,VEN,38822,16395,22427,30291,7497,1034,ITH,ITH3,5,Veneto,Veneto,4905854,3737108,76.18,0.79
2847,2020-12-31,VEN,3220,1042,2178,3220,0,0,ITH,ITH3,5,Veneto,Veneto,4905854,3740328,76.24,0.07
2848,2021-07-04,VEN,33859,17571,16288,14964,18276,619,ITH,ITH3,5,Veneto,Veneto,4905854,3774187,76.93,0.69
2849,2021-04-12,VEN,14900,6334,8566,6387,8213,300,ITH,ITH3,5,Veneto,Veneto,4905854,3789087,77.24,0.3
2850,2021-01-02,VEN,5744,1767,3977,5743,0,1,ITH,ITH3,5,Veneto,Veneto,4905854,3794831,77.35,0.12
2851,2021-01-19,VEN,1310,473,837,1159,150,1,ITH,ITH3,5,Veneto,Veneto,4905854,3796141,77.38,0.03
2852,2021-05-01,VEN,38852,18235,20617,28687,8937,1228,ITH,ITH3,5,Veneto,Veneto,4905854,3834993,78.17,0.79
2853,2021-06-30,VEN,45569,22982,22587,17747,27048,774,ITH,ITH3,5,Veneto,Veneto,4905854,3880562,79.1,0.93
2854,2021-03-22,VEN,18144,8177,9967,12581,5046,517,ITH,ITH3,5,Veneto,Veneto,4905854,3898706,79.47,0.37
2855,2021-03-13,VEN,17230,7303,9927,13725,3131,374,ITH,ITH3,5,Veneto,Veneto,4905854,3915936,79.82,0.35
2856,2021-01-15,VEN,5875,1820,4055,5869,0,6,ITH,ITH3,5,Veneto,Veneto,4905854,3921811,79.94,0.12
2857,2021-05-20,VEN,44776,21236,23540,19347,24323,1106,ITH,ITH3,5,Veneto,Veneto,4905854,3966587,80.85,0.91
2858,2021-02-09,VEN,5248,1891,3357,3432,1803,13,ITH,ITH3,5,Veneto,Veneto,4905854,3971835,80.96,0.11
2859,2021-05-27,VEN,46510,22856,23654,22311,23159,1040,ITH,ITH3,5,Veneto,Veneto,4905854,4018345,81.91,0.95
2860,2021-02-07,VEN,2315,862,1453,713,1601,1,ITH,ITH3,5,Veneto,Veneto,4905854,4020660,81.96,0.05
2861,2021-07-02,VEN,49359,25044,24315,16184,32371,804,ITH,ITH3,5,Veneto,Veneto,4905854,4070019,82.96,1.01
2862,2021-03-24,VEN,22109,9573,12536,14659,6802,648,ITH,ITH3,5,Veneto,Veneto,4905854,4092128,83.41,0.45
2863,2021-05-06,VEN,46960,22026,24934,36465,8473,2022,ITH,ITH3,5,Veneto,Veneto,4905854,4139088,84.37,0.96
2864,2021-07-03,VEN,38647,20082,18565,11005,27060,582,ITH,ITH3,5,Veneto,Veneto,4905854,4177735,85.16,0.79
2865,2021-06-16,VEN,47645,23506,24139,25172,21332,1141,ITH,ITH3,5,Veneto,Veneto,4905854,4225380,86.13,0.97
2866,2021-01-01,VEN,1528,471,1057,1527,0,1,ITH,ITH3,5,Veneto,Veneto,4905854,4226908,86.16,0.03
2867,2021-03-25,VEN,25954,11056,14898,18962,6099,893,ITH,ITH3,5,Veneto,Veneto,4905854,4252862,86.69,0.53
2868,2021-04-11,VEN,20995,8868,12127,14215,6293,487,ITH,ITH3,5,Veneto,Veneto,4905854,4273857,87.12,0.43
2869,2021-04-13,VEN,14023,6322,7701,8047,5478,498,ITH,ITH3,5,Veneto,Veneto,4905854,4287880,87.4,0.29
2870,2021-07-05,VEN,39019,20234,18785,14069,24136,814,ITH,ITH3,5,Veneto,Veneto,4905854,4326899,88.2,0.8
2871,2021-01-03,VEN,5157,1562,3595,5157,0,0,ITH,ITH3,5,Veneto,Veneto,4905854,4332056,88.3,0.11
2872,2021-03-08,VEN,13630,6271,7359,9299,4069,262,ITH,ITH3,5,Veneto,Veneto,4905854,4345686,88.58,0.28
2873,2021-06-18,VEN,53474,26698,26776,23896,28490,1088,ITH,ITH3,5,Veneto,Veneto,4905854,4399160,89.67,1.09
2874,2021-03-27,VEN,32068,14011,18057,25365,5798,905,ITH,ITH3,5,Veneto,Veneto,4905854,4431228,90.33,0.65
2875,2021-06-03,VEN,54422,27978,26444,40817,11961,1644,ITH,ITH3,5,Veneto,Veneto,4905854,4485650,91.43,1.11
2876,2021-06-20,VEN,41170,20052,21118,18880,21516,774,ITH,ITH3,5,Veneto,Veneto,4905854,4526820,92.27,0.84
2877,2021-02-19,VEN,7322,3140,4182,6992,204,126,ITH,ITH3,5,Veneto,Veneto,4905854,4534142,92.42,0.15
2878,2021-02-21,VEN,4638,1211,3427,4514,5,119,ITH,ITH3,5,Veneto,Veneto,4905854,4538780,92.52,0.09
2879,2021-05-15,VEN,36211,17499,18712,24789,9991,1431,ITH,ITH3,5,Veneto,Veneto,4905854,4574991,93.26,0.74
2880,2021-06-01,VEN,26952,13551,13401,15778,10531,643,ITH,ITH3,5,Veneto,Veneto,4905854,4601943,93.81,0.55
2881,2021-03-10,VEN,19039,8727,10312,12962,5683,394,ITH,ITH3,5,Veneto,Veneto,4905854,4620982,94.19,0.39
2882,2021-06-07,PIE,34882,17860,17022,30086,4792,4,ITC,ITC1,1,Piemonte,Piemonte,4356406,34882,0.8,0.8
2883,2020-12-28,PIE,1,1,0,1,0,0,ITC,ITC1,1,Piemonte,Piemonte,4356406,34883,0.8,0.0
2884,2021-05-19,PIE,33137,15297,17840,21435,11122,580,ITC,ITC1,1,Piemonte,Piemonte,4356406,68020,1.56,0.76
2885,2021-03-14,PIE,8201,3335,4866,5170,2896,135,ITC,ITC1,1,Piemonte,Piemonte,4356406,76221,1.75,0.19
2886,2021-05-10,PIE,28943,13953,14990,15407,13107,429,ITC,ITC1,1,Piemonte,Piemonte,4356406,105164,2.41,0.66
2887,2021-01-30,PIE,5980,2135,3845,216,5763,1,ITC,ITC1,1,Piemonte,Piemonte,4356406,111144,2.55,0.14
2888,2021-06-24,PIE,39143,19640,19503,18870,20273,0,ITC,ITC1,1,Piemonte,Piemonte,4356406,150287,3.45,0.9
2889,2021-03-16,PIE,10511,4269,6242,4369,6051,91,ITC,ITC1,1,Piemonte,Piemonte,4356406,160798,3.69,0.24
2890,2021-05-12,PIE,31884,15185,16699,18369,12900,615,ITC,ITC1,1,Piemonte,Piemonte,4356406,192682,4.42,0.73
2891,2021-06-19,PIE,40007,20299,19708,23362,16645,0,ITC,ITC1,1,Piemonte,Piemonte,4356406,232689,5.34,0.92
2892,2021-02-04,PIE,10200,3339,6861,581,9617,2,ITC,ITC1,1,Piemonte,Piemonte,4356406,242889,5.58,0.23
2893,2021-04-30,PIE,31825,14317,17508,17833,13326,666,ITC,ITC1,1,Piemonte,Piemonte,4356406,274714,6.31,0.73
2894,2021-03-23,PIE,13106,5486,7620,6560,6241,305,ITC,ITC1,1,Piemonte,Piemonte,4356406,287820,6.61,0.3
2895,2021-01-16,PIE,7761,2624,5137,7754,0,7,ITC,ITC1,1,Piemonte,Piemonte,4356406,295581,6.78,0.18
2896,2021-07-08,PIE,40754,20847,19907,7942,32795,17,ITC,ITC1,1,Piemonte,Piemonte,4356406,336335,7.72,0.94
2897,2021-01-23,PIE,4254,1325,2929,876,3376,2,ITC,ITC1,1,Piemonte,Piemonte,4356406,340589,7.82,0.1
2898,2021-03-21,PIE,10722,4739,5983,4023,6532,167,ITC,ITC1,1,Piemonte,Piemonte,4356406,351311,8.06,0.25
2899,2021-07-06,PIE,38216,19363,18853,9169,29047,0,ITC,ITC1,1,Piemonte,Piemonte,4356406,389527,8.94,0.88
2900,2021-03-28,PIE,16056,6898,9158,8114,7621,321,ITC,ITC1,1,Piemonte,Piemonte,4356406,405583,9.31,0.37
2901,2021-04-11,PIE,20823,9319,11504,18221,2149,453,ITC,ITC1,1,Piemonte,Piemonte,4356406,426406,9.79,0.48
2902,2021-01-04,PIE,5558,1676,3882,5557,0,1,ITC,ITC1,1,Piemonte,Piemonte,4356406,431964,9.92,0.13
2903,2021-04-28,PIE,26028,11730,14298,15450,10032,546,ITC,ITC1,1,Piemonte,Piemonte,4356406,457992,10.51,0.6
2904,2021-01-18,PIE,6164,2046,4118,5911,249,4,ITC,ITC1,1,Piemonte,Piemonte,4356406,464156,10.65,0.14
2905,2021-05-24,PIE,28969,13417,15552,16629,11962,378,ITC,ITC1,1,Piemonte,Piemonte,4356406,493125,11.32,0.66
2906,2021-03-02,PIE,11191,4500,6691,10192,815,184,ITC,ITC1,1,Piemonte,Piemonte,4356406,504316,11.58,0.26
2907,2021-06-12,PIE,42526,22423,20103,39897,2629,0,ITC,ITC1,1,Piemonte,Piemonte,4356406,546842,12.55,0.98
2908,2021-04-23,PIE,27411,12594,14817,19961,6757,693,ITC,ITC1,1,Piemonte,Piemonte,4356406,574253,13.18,0.63
2909,2021-02-11,PIE,6755,2104,4651,2978,3758,19,ITC,ITC1,1,Piemonte,Piemonte,4356406,581008,13.34,0.16
2910,2021-04-09,PIE,25833,11383,14450,20774,4503,556,ITC,ITC1,1,Piemonte,Piemonte,4356406,606841,13.93,0.59
2911,2020-12-30,PIE,730,322,408,730,0,0,ITC,ITC1,1,Piemonte,Piemonte,4356406,607571,13.95,0.02
2912,2021-06-05,PIE,36928,18919,18009,32472,4456,0,ITC,ITC1,1,Piemonte,Piemonte,4356406,644499,14.79,0.85
2913,2021-02-25,PIE,12207,5245,6962,11485,545,177,ITC,ITC1,1,Piemonte,Piemonte,4356406,656706,15.07,0.28
2914,2021-05-02,PIE,25080,11268,13812,13956,10742,382,ITC,ITC1,1,Piemonte,Piemonte,4356406,681786,15.65,0.58
2915,2021-02-27,PIE,12673,4845,7828,12103,344,226,ITC,ITC1,1,Piemonte,Piemonte,4356406,694459,15.94,0.29
2916,2021-04-25,PIE,20224,9305,10919,17263,2501,460,ITC,ITC1,1,Piemonte,Piemonte,4356406,714683,16.41,0.46
2917,2021-02-08,PIE,6914,2354,4560,661,6249,4,ITC,ITC1,1,Piemonte,Piemonte,4356406,721597,16.56,0.16
2918,2021-05-21,PIE,36068,16740,19328,19929,15636,503,ITC,ITC1,1,Piemonte,Piemonte,4356406,757665,17.39,0.83
2919,2021-05-05,PIE,32184,15095,17089,18543,13012,629,ITC,ITC1,1,Piemonte,Piemonte,4356406,789849,18.13,0.74
2920,2021-07-01,PIE,41830,20938,20892,20716,21112,2,ITC,ITC1,1,Piemonte,Piemonte,4356406,831679,19.09,0.96
2921,2021-07-03,PIE,40043,20105,19938,16014,24029,0,ITC,ITC1,1,Piemonte,Piemonte,4356406,871722,20.01,0.92
2922,2021-06-02,PIE,26530,12997,13533,22063,4467,0,ITC,ITC1,1,Piemonte,Piemonte,4356406,898252,20.62,0.61
2923,2021-02-22,PIE,8477,3468,5009,7787,590,100,ITC,ITC1,1,Piemonte,Piemonte,4356406,906729,20.81,0.19
2924,2021-03-11,PIE,13794,5110,8684,10462,3093,239,ITC,ITC1,1,Piemonte,Piemonte,4356406,920523,21.13,0.32
2925,2021-03-25,PIE,17057,7206,9851,7987,8635,435,ITC,ITC1,1,Piemonte,Piemonte,4356406,937580,21.52,0.39
2926,2021-05-17,PIE,30909,14601,16308,17480,13149,280,ITC,ITC1,1,Piemonte,Piemonte,4356406,968489,22.23,0.71
2927,2021-02-06,PIE,7992,2665,5327,396,7594,2,ITC,ITC1,1,Piemonte,Piemonte,4356406,976481,22.41,0.18
2928,2021-02-23,PIE,9231,3713,5518,8482,581,168,ITC,ITC1,1,Piemonte,Piemonte,4356406,985712,22.63,0.21
2929,2021-05-31,PIE,29102,14054,15048,20137,8577,388,ITC,ITC1,1,Piemonte,Piemonte,4356406,1014814,23.29,0.67
2930,2021-06-17,PIE,40998,20586,20412,24698,16300,0,ITC,ITC1,1,Piemonte,Piemonte,4356406,1055812,24.24,0.94
2931,2021-03-09,PIE,14045,5507,8538,11482,2339,224,ITC,ITC1,1,Piemonte,Piemonte,4356406,1069857,24.56,0.32
2932,2021-04-02,PIE,20112,8295,11817,11297,8421,394,ITC,ITC1,1,Piemonte,Piemonte,4356406,1089969,25.02,0.46
2933,2021-05-29,PIE,32796,15227,17569,20267,12166,363,ITC,ITC1,1,Piemonte,Piemonte,4356406,1122765,25.77,0.75
2934,2021-02-18,PIE,4788,2094,2694,4273,430,85,ITC,ITC1,1,Piemonte,Piemonte,4356406,1127553,25.88,0.11
2935,2021-04-16,PIE,28390,13205,15185,22648,4989,753,ITC,ITC1,1,Piemonte,Piemonte,4356406,1155943,26.53,0.65
2936,2021-06-26,PIE,41115,20918,20197,22609,18506,0,ITC,ITC1,1,Piemonte,Piemonte,4356406,1197058,27.48,0.94
2937,2021-04-04,PIE,9252,4057,5195,6393,2710,149,ITC,ITC1,1,Piemonte,Piemonte,4356406,1206310,27.69,0.21
2938,2021-04-21,PIE,25726,11826,13900,19774,5337,615,ITC,ITC1,1,Piemonte,Piemonte,4356406,1232036,28.28,0.59
2939,2021-01-11,PIE,8736,2978,5758,8730,0,6,ITC,ITC1,1,Piemonte,Piemonte,4356406,1240772,28.48,0.2
2940,2021-06-28,PIE,38379,19057,19322,15665,22712,2,ITC,ITC1,1,Piemonte,Piemonte,4356406,1279151,29.36,0.88
2941,2021-04-06,PIE,20233,8807,11426,14587,5194,452,ITC,ITC1,1,Piemonte,Piemonte,4356406,1299384,29.83,0.46
2942,2020-12-27,PIE,913,369,544,913,0,0,ITC,ITC1,1,Piemonte,Piemonte,4356406,1300297,29.85,0.02
2943,2021-04-20,PIE,25472,11663,13809,18515,6342,615,ITC,ITC1,1,Piemonte,Piemonte,4356406,1325769,30.43,0.58
2944,2021-05-07,PIE,33063,15635,17428,18553,14119,391,ITC,ITC1,1,Piemonte,Piemonte,4356406,1358832,31.19,0.76
2945,2021-01-27,PIE,4193,1451,2742,994,3197,2,ITC,ITC1,1,Piemonte,Piemonte,4356406,1363025,31.29,0.1
2946,2021-02-13,PIE,4151,1334,2817,2915,1222,14,ITC,ITC1,1,Piemonte,Piemonte,4356406,1367176,31.38,0.1
2947,2021-01-15,PIE,9100,3006,6094,9094,0,6,ITC,ITC1,1,Piemonte,Piemonte,4356406,1376276,31.59,0.21
2948,2021-06-21,PIE,38326,19125,19201,17635,20691,0,ITC,ITC1,1,Piemonte,Piemonte,4356406,1414602,32.47,0.88
2949,2021-03-13,PIE,13023,4714,8309,11324,1432,267,ITC,ITC1,1,Piemonte,Piemonte,4356406,1427625,32.77,0.3
2950,2021-04-18,PIE,22926,10797,12129,19615,2749,562,ITC,ITC1,1,Piemonte,Piemonte,4356406,1450551,33.3,0.53
2951,2021-01-08,PIE,5523,1758,3765,5521,0,2,ITC,ITC1,1,Piemonte,Piemonte,4356406,1456074,33.42,0.13
2952,2021-06-14,PIE,37918,19539,18379,30823,7093,2,ITC,ITC1,1,Piemonte,Piemonte,4356406,1493992,34.29,0.87
2953,2021-03-06,PIE,13985,5208,8777,11027,2786,172,ITC,ITC1,1,Piemonte,Piemonte,4356406,1507977,34.62,0.32
2954,2021-01-22,PIE,3865,1249,2616,2523,1340,2,ITC,ITC1,1,Piemonte,Piemonte,4356406,1511842,34.7,0.09
2955,2021-02-01,PIE,8642,3052,5590,575,8066,1,ITC,ITC1,1,Piemonte,Piemonte,4356406,1520484,34.9,0.2
2956,2021-05-14,PIE,33400,16271,17129,17326,15416,658,ITC,ITC1,1,Piemonte,Piemonte,4356406,1553884,35.67,0.77
2957,2021-04-13,PIE,25923,11607,14316,21878,3457,588,ITC,ITC1,1,Piemonte,Piemonte,4356406,1579807,36.26,0.6
2958,2021-01-20,PIE,6600,2084,4516,5875,718,7,ITC,ITC1,1,Piemonte,Piemonte,4356406,1586407,36.42,0.15
2959,2021-02-03,PIE,10199,3304,6895,606,9591,2,ITC,ITC1,1,Piemonte,Piemonte,4356406,1596606,36.65,0.23
2960,2021-01-01,PIE,1038,395,643,1037,0,1,ITC,ITC1,1,Piemonte,Piemonte,4356406,1597644,36.67,0.02
2961,2021-07-05,PIE,35542,17780,17762,12352,23189,1,ITC,ITC1,1,Piemonte,Piemonte,4356406,1633186,37.49,0.82
2962,2021-02-20,PIE,3831,1253,2578,3559,173,99,ITC,ITC1,1,Piemonte,Piemonte,4356406,1637017,37.58,0.09
2963,2021-01-13,PIE,10072,3225,6847,10063,0,9,ITC,ITC1,1,Piemonte,Piemonte,4356406,1647089,37.81,0.23
2964,2021-06-16,PIE,40332,20216,20116,24087,16245,0,ITC,ITC1,1,Piemonte,Piemonte,4356406,1687421,38.73,0.93
2965,2021-01-06,PIE,3107,1103,2004,3106,0,1,ITC,ITC1,1,Piemonte,Piemonte,4356406,1690528,38.81,0.07
2966,2021-06-23,PIE,39654,19689,19965,16836,22818,0,ITC,ITC1,1,Piemonte,Piemonte,4356406,1730182,39.72,0.91
2967,2021-05-09,PIE,27141,12927,14214,13144,13618,379,ITC,ITC1,1,Piemonte,Piemonte,4356406,1757323,40.34,0.62
2968,2021-05-26,PIE,32739,15098,17641,15315,17076,348,ITC,ITC1,1,Piemonte,Piemonte,4356406,1790062,41.09,0.75
2969,2021-02-15,PIE,4424,1596,2828,3195,1205,24,ITC,ITC1,1,Piemonte,Piemonte,4356406,1794486,41.19,0.1
2970,2021-03-04,PIE,14521,5761,8760,11364,2939,218,ITC,ITC1,1,Piemonte,Piemonte,4356406,1809007,41.53,0.33
2971,2021-03-30,PIE,16911,7051,9860,8658,7870,383,ITC,ITC1,1,Piemonte,Piemonte,4356406,1825918,41.91,0.39
2972,2021-07-10,PIE,39837,20161,19676,6158,33636,43,ITC,ITC1,1,Piemonte,Piemonte,4356406,1865755,42.83,0.91
2973,2021-04-01,PIE,19329,8071,11258,10904,8119,306,ITC,ITC1,1,Piemonte,Piemonte,4356406,1885084,43.27,0.44
2974,2021-05-28,PIE,35031,16597,18434,18662,15977,392,ITC,ITC1,1,Piemonte,Piemonte,4356406,1920115,44.08,0.8
2975,2021-01-25,PIE,6211,1937,4274,976,5233,2,ITC,ITC1,1,Piemonte,Piemonte,4356406,1926326,44.22,0.14
2976,2021-05-18,PIE,32113,14826,17287,19023,12657,433,ITC,ITC1,1,Piemonte,Piemonte,4356406,1958439,44.96,0.74
2977,2021-01-03,PIE,3059,965,2094,3057,0,2,ITC,ITC1,1,Piemonte,Piemonte,4356406,1961498,45.03,0.07
2978,2021-07-07,PIE,37883,18833,19050,10202,27666,15,ITC,ITC1,1,Piemonte,Piemonte,4356406,1999381,45.9,0.87
2979,2021-03-29,PIE,15168,6401,8767,8299,6610,259,ITC,ITC1,1,Piemonte,Piemonte,4356406,2014549,46.24,0.35
2980,2021-04-12,PIE,22925,10357,12568,19504,2985,436,ITC,ITC1,1,Piemonte,Piemonte,4356406,2037474,46.77,0.53
2981,2021-01-02,PIE,3539,1132,2407,3538,0,1,ITC,ITC1,1,Piemonte,Piemonte,4356406,2041013,46.85,0.08
2982,2021-05-01,PIE,28519,12988,15531,16294,11788,437,ITC,ITC1,1,Piemonte,Piemonte,4356406,2069532,47.51,0.65
2983,2021-01-21,PIE,6868,2311,4557,3366,3496,6,ITC,ITC1,1,Piemonte,Piemonte,4356406,2076400,47.66,0.16
2984,2021-05-15,PIE,33764,15739,18025,19401,13713,650,ITC,ITC1,1,Piemonte,Piemonte,4356406,2110164,48.44,0.78
2985,2021-06-01,PIE,29282,14689,14593,24858,4424,0,ITC,ITC1,1,Piemonte,Piemonte,4356406,2139446,49.11,0.67
2986,2021-02-21,PIE,5088,2083,3005,4936,102,50,ITC,ITC1,1,Piemonte,Piemonte,4356406,2144534,49.23,0.12
2987,2021-06-20,PIE,33988,17026,16962,19274,14714,0,ITC,ITC1,1,Piemonte,Piemonte,4356406,2178522,50.01,0.78
2988,2021-03-12,PIE,13997,5236,8761,10786,2935,276,ITC,ITC1,1,Piemonte,Piemonte,4356406,2192519,50.33,0.32
2989,2021-07-04,PIE,33697,16979,16718,11821,21875,1,ITC,ITC1,1,Piemonte,Piemonte,4356406,2226216,51.1,0.77
2990,2021-03-26,PIE,17777,7015,10762,8373,8882,522,ITC,ITC1,1,Piemonte,Piemonte,4356406,2243993,51.51,0.41
2991,2021-04-17,PIE,30439,14142,16297,26438,3306,695,ITC,ITC1,1,Piemonte,Piemonte,4356406,2274432,52.21,0.7
2992,2021-06-13,PIE,37867,19992,17875,33737,4130,0,ITC,ITC1,1,Piemonte,Piemonte,4356406,2312299,53.08,0.87
2993,2021-02-10,PIE,7528,2368,5160,1298,6215,15,ITC,ITC1,1,Piemonte,Piemonte,4356406,2319827,53.25,0.17
2994,2021-04-08,PIE,25123,10918,14205,19849,4723,551,ITC,ITC1,1,Piemonte,Piemonte,4356406,2344950,53.83,0.58
2995,2021-07-02,PIE,43549,21906,21643,18094,25453,2,ITC,ITC1,1,Piemonte,Piemonte,4356406,2388499,54.83,1.0
2996,2021-03-08,PIE,14012,5356,8656,11073,2711,228,ITC,ITC1,1,Piemonte,Piemonte,4356406,2402511,55.15,0.32
2997,2021-05-04,PIE,28572,13136,15436,15882,12174,516,ITC,ITC1,1,Piemonte,Piemonte,4356406,2431083,55.8,0.66
2998,2021-01-24,PIE,3153,959,2194,432,2719,2,ITC,ITC1,1,Piemonte,Piemonte,4356406,2434236,55.88,0.07
2999,2021-06-30,PIE,41193,20148,21045,19271,21919,3,ITC,ITC1,1,Piemonte,Piemonte,4356406,2475429,56.82,0.95
3000,2021-03-22,PIE,11513,4884,6629,3707,7599,207,ITC,ITC1,1,Piemonte,Piemonte,4356406,2486942,57.09,0.26
3001,2021-04-27,PIE,22591,10205,12386,16816,5140,635,ITC,ITC1,1,Piemonte,Piemonte,4356406,2509533,57.61,0.52
3002,2021-01-17,PIE,3515,1168,2347,2864,649,2,ITC,ITC1,1,Piemonte,Piemonte,4356406,2513048,57.69,0.08
3003,2021-03-15,PIE,10660,4174,6486,4898,5611,151,ITC,ITC1,1,Piemonte,Piemonte,4356406,2523708,57.93,0.24
3004,2021-05-11,PIE,32044,15443,16601,18197,13214,633,ITC,ITC1,1,Piemonte,Piemonte,4356406,2555752,58.67,0.74
3005,2021-01-31,PIE,4114,1754,2360,111,4003,0,ITC,ITC1,1,Piemonte,Piemonte,4356406,2559866,58.76,0.09
3006,2021-02-07,PIE,3083,971,2112,440,2642,1,ITC,ITC1,1,Piemonte,Piemonte,4356406,2562949,58.83,0.07
3007,2021-05-22,PIE,33464,15106,18358,16855,16214,395,ITC,ITC1,1,Piemonte,Piemonte,4356406,2596413,59.6,0.77
3008,2021-04-29,PIE,48424,21945,26479,34643,12612,1169,ITC,ITC1,1,Piemonte,Piemonte,4356406,2644837,60.71,1.11
3009,2021-05-16,PIE,28124,12765,15359,14700,13055,369,ITC,ITC1,1,Piemonte,Piemonte,4356406,2672961,61.36,0.65
3010,2021-02-05,PIE,9597,3135,6462,653,8942,2,ITC,ITC1,1,Piemonte,Piemonte,4356406,2682558,61.58,0.22
3011,2021-06-18,PIE,40499,20226,20273,26358,14141,0,ITC,ITC1,1,Piemonte,Piemonte,4356406,2723057,62.51,0.93
3012,2021-03-10,PIE,13672,5211,8461,11134,2289,249,ITC,ITC1,1,Piemonte,Piemonte,4356406,2736729,62.82,0.31
3013,2021-03-27,PIE,18384,7822,10562,9128,8822,434,ITC,ITC1,1,Piemonte,Piemonte,4356406,2755113,63.24,0.42
3014,2021-01-19,PIE,6452,2102,4350,6434,9,9,ITC,ITC1,1,Piemonte,Piemonte,4356406,2761565,63.39,0.15
3015,2021-06-25,PIE,45329,22572,22757,20827,24500,2,ITC,ITC1,1,Piemonte,Piemonte,4356406,2806894,64.43,1.04
3016,2021-04-03,PIE,19419,8155,11264,10572,8543,304,ITC,ITC1,1,Piemonte,Piemonte,4356406,2826313,64.88,0.45
3017,2021-01-10,PIE,5205,2272,2933,5203,0,2,ITC,ITC1,1,Piemonte,Piemonte,4356406,2831518,65.0,0.12
3018,2021-04-22,PIE,27647,12733,14914,20175,6687,785,ITC,ITC1,1,Piemonte,Piemonte,4356406,2859165,65.63,0.63
3019,2021-01-12,PIE,10076,3410,6666,10069,0,7,ITC,ITC1,1,Piemonte,Piemonte,4356406,2869241,65.86,0.23
3020,2021-01-29,PIE,5937,1883,4054,452,5485,0,ITC,ITC1,1,Piemonte,Piemonte,4356406,2875178,66.0,0.14
3021,2021-05-30,PIE,27696,13181,14515,18002,9322,372,ITC,ITC1,1,Piemonte,Piemonte,4356406,2902874,66.63,0.64
3022,2021-02-19,PIE,5531,2174,3357,4911,501,119,ITC,ITC1,1,Piemonte,Piemonte,4356406,2908405,66.76,0.13
3023,2021-06-04,PIE,37526,19625,17901,34573,2951,2,ITC,ITC1,1,Piemonte,Piemonte,4356406,2945931,67.62,0.86
3024,2021-02-24,PIE,11373,4602,6771,10732,504,137,ITC,ITC1,1,Piemonte,Piemonte,4356406,2957304,67.88,0.26
3025,2021-05-13,PIE,35666,17520,18146,19856,15111,699,ITC,ITC1,1,Piemonte,Piemonte,4356406,2992970,68.7,0.82
3026,2021-02-02,PIE,10217,3504,6713,805,9411,1,ITC,ITC1,1,Piemonte,Piemonte,4356406,3003187,68.94,0.23
3027,2021-07-09,PIE,39944,20407,19537,6120,33767,57,ITC,ITC1,1,Piemonte,Piemonte,4356406,3043131,69.85,0.92
3028,2021-03-31,PIE,19093,8093,11000,10068,8690,335,ITC,ITC1,1,Piemonte,Piemonte,4356406,3062224,70.29,0.44
3029,2021-05-27,PIE,37372,17378,19994,18810,18130,432,ITC,ITC1,1,Piemonte,Piemonte,4356406,3099596,71.15,0.86
3030,2021-02-16,PIE,3964,1754,2210,3158,758,48,ITC,ITC1,1,Piemonte,Piemonte,4356406,3103560,71.24,0.09
3031,2021-03-24,PIE,15519,6361,9158,6071,9120,328,ITC,ITC1,1,Piemonte,Piemonte,4356406,3119079,71.6,0.36
3032,2021-05-20,PIE,38608,17935,20673,13317,24938,353,ITC,ITC1,1,Piemonte,Piemonte,4356406,3157687,72.48,0.89
3033,2021-02-09,PIE,7385,2312,5073,714,6669,2,ITC,ITC1,1,Piemonte,Piemonte,4356406,3165072,72.65,0.17
3034,2021-04-07,PIE,23590,9986,13604,17618,5458,514,ITC,ITC1,1,Piemonte,Piemonte,4356406,3188662,73.19,0.54
3035,2021-04-14,PIE,27674,12546,15128,22460,4519,695,ITC,ITC1,1,Piemonte,Piemonte,4356406,3216336,73.83,0.64
3036,2021-06-03,PIE,34606,17878,16728,30201,4403,2,ITC,ITC1,1,Piemonte,Piemonte,4356406,3250942,74.62,0.79
3037,2021-04-10,PIE,30143,13402,16741,25244,4263,636,ITC,ITC1,1,Piemonte,Piemonte,4356406,3281085,75.32,0.69
3038,2021-04-15,PIE,29560,13545,16015,23418,5478,664,ITC,ITC1,1,Piemonte,Piemonte,4356406,3310645,75.99,0.68
3039,2021-01-05,PIE,5373,1600,3773,5369,0,4,ITC,ITC1,1,Piemonte,Piemonte,4356406,3316018,76.12,0.12
3040,2021-06-22,PIE,40501,19997,20504,18285,22216,0,ITC,ITC1,1,Piemonte,Piemonte,4356406,3356519,77.05,0.93
3041,2021-01-07,PIE,5367,1729,3638,5365,0,2,ITC,ITC1,1,Piemonte,Piemonte,4356406,3361886,77.17,0.12
3042,2021-03-05,PIE,15367,6059,9308,11284,3815,268,ITC,ITC1,1,Piemonte,Piemonte,4356406,3377253,77.52,0.35
3043,2021-06-15,PIE,38872,20021,18851,27102,11766,4,ITC,ITC1,1,Piemonte,Piemonte,4356406,3416125,78.42,0.89
3044,2021-03-07,PIE,11965,4655,7310,10850,876,239,ITC,ITC1,1,Piemonte,Piemonte,4356406,3428090,78.69,0.27
3045,2020-12-31,PIE,3878,1320,2558,3878,0,0,ITC,ITC1,1,Piemonte,Piemonte,4356406,3431968,78.78,0.09
3046,2021-02-28,PIE,10807,4057,6750,10394,240,173,ITC,ITC1,1,Piemonte,Piemonte,4356406,3442775,79.03,0.25
3047,2021-03-17,PIE,12511,5053,7458,5041,7290,180,ITC,ITC1,1,Piemonte,Piemonte,4356406,3455286,79.32,0.29
3048,2021-06-10,PIE,40316,21065,19251,37752,2559,5,ITC,ITC1,1,Piemonte,Piemonte,4356406,3495602,80.24,0.93
3049,2021-06-27,PIE,37421,18562,18859,15686,21735,0,ITC,ITC1,1,Piemonte,Piemonte,4356406,3533023,81.1,0.86
3050,2021-03-19,PIE,11022,4516,6506,4214,6602,206,ITC,ITC1,1,Piemonte,Piemonte,4356406,3544045,81.35,0.25
3051,2021-04-05,PIE,14742,6232,8510,11941,2550,251,ITC,ITC1,1,Piemonte,Piemonte,4356406,3558787,81.69,0.34
3052,2021-06-29,PIE,40448,20212,20236,19806,20641,1,ITC,ITC1,1,Piemonte,Piemonte,4356406,3599235,82.62,0.93
3053,2021-06-06,PIE,35068,18320,16748,32578,2490,0,ITC,ITC1,1,Piemonte,Piemonte,4356406,3634303,83.42,0.8
3054,2021-02-17,PIE,4790,2156,2634,3742,990,58,ITC,ITC1,1,Piemonte,Piemonte,4356406,3639093,83.53,0.11
3055,2021-06-08,PIE,37640,19491,18149,34801,2839,0,ITC,ITC1,1,Piemonte,Piemonte,4356406,3676733,84.4,0.86
3056,2021-04-26,PIE,19787,8743,11044,14886,4397,504,ITC,ITC1,1,Piemonte,Piemonte,4356406,3696520,84.85,0.45
3057,2021-05-03,PIE,26633,12161,14472,12035,14159,439,ITC,ITC1,1,Piemonte,Piemonte,4356406,3723153,85.46,0.61
3058,2021-02-26,PIE,12284,4928,7356,11344,736,204,ITC,ITC1,1,Piemonte,Piemonte,4356406,3735437,85.75,0.28
3059,2021-04-24,PIE,27493,12429,15064,21275,5657,561,ITC,ITC1,1,Piemonte,Piemonte,4356406,3762930,86.38,0.63
3060,2021-01-14,PIE,9754,3146,6608,9747,0,7,ITC,ITC1,1,Piemonte,Piemonte,4356406,3772684,86.6,0.22
3061,2021-06-09,PIE,38571,20331,18240,35850,2715,6,ITC,ITC1,1,Piemonte,Piemonte,4356406,3811255,87.49,0.89
3062,2021-03-18,PIE,11756,4804,6952,3836,7730,190,ITC,ITC1,1,Piemonte,Piemonte,4356406,3823011,87.76,0.27
3063,2021-03-03,PIE,12112,4640,7472,11106,818,188,ITC,ITC1,1,Piemonte,Piemonte,4356406,3835123,88.03,0.28
3064,2021-03-20,PIE,11915,4896,7019,5776,5896,243,ITC,ITC1,1,Piemonte,Piemonte,4356406,3847038,88.31,0.27
3065,2021-05-06,PIE,33465,15788,17677,19317,13553,595,ITC,ITC1,1,Piemonte,Piemonte,4356406,3880503,89.08,0.77
3066,2021-05-23,PIE,28720,13140,15580,15464,12948,308,ITC,ITC1,1,Piemonte,Piemonte,4356406,3909223,89.74,0.66
3067,2021-02-12,PIE,6883,2212,4671,3899,2961,23,ITC,ITC1,1,Piemonte,Piemonte,4356406,3916106,89.89,0.16
3068,2021-03-01,PIE,12029,4839,7190,11052,808,169,ITC,ITC1,1,Piemonte,Piemonte,4356406,3928135,90.17,0.28
3069,2021-05-25,PIE,31142,14449,16693,15616,15141,385,ITC,ITC1,1,Piemonte,Piemonte,4356406,3959277,90.88,0.71
3070,2021-06-11,PIE,43511,23031,20480,40671,2834,6,ITC,ITC1,1,Piemonte,Piemonte,4356406,4002788,91.88,1.0
3071,2021-04-19,PIE,22522,10755,11767,17611,4350,561,ITC,ITC1,1,Piemonte,Piemonte,4356406,4025310,92.4,0.52
3072,2021-01-09,PIE,6177,2182,3995,6176,0,1,ITC,ITC1,1,Piemonte,Piemonte,4356406,4031487,92.54,0.14
3073,2021-01-26,PIE,6331,1880,4451,731,5599,1,ITC,ITC1,1,Piemonte,Piemonte,4356406,4037818,92.69,0.15
3074,2021-05-08,PIE,34252,16254,17998,18109,15633,510,ITC,ITC1,1,Piemonte,Piemonte,4356406,4072070,93.47,0.79
3075,2021-01-28,PIE,5587,1808,3779,380,5207,0,ITC,ITC1,1,Piemonte,Piemonte,4356406,4077657,93.6,0.13
3076,2021-02-14,PIE,1476,498,978,869,600,7,ITC,ITC1,1,Piemonte,Piemonte,4356406,4079133,93.64,0.03
3077,2021-06-26,LAZ,55986,26371,29615,24572,30849,565,ITI,ITI4,12,Lazio,Lazio,5879082,55986,0.95,0.95
3078,2021-04-30,LAZ,41376,18328,23048,26499,14221,656,ITI,ITI4,12,Lazio,Lazio,5879082,97362,1.66,0.7
3079,2021-06-19,LAZ,66299,31244,35055,35215,30317,767,ITI,ITI4,12,Lazio,Lazio,5879082,163661,2.78,1.13
3080,2021-05-17,LAZ,44505,20368,24137,35522,8571,412,ITI,ITI4,12,Lazio,Lazio,5879082,208166,3.54,0.76
3081,2021-02-06,LAZ,6160,2493,3667,834,5320,6,ITI,ITI4,12,Lazio,Lazio,5879082,214326,3.65,0.1
3082,2021-02-11,LAZ,6999,3011,3988,6443,533,23,ITI,ITI4,12,Lazio,Lazio,5879082,221325,3.76,0.12
3083,2021-04-11,LAZ,19159,8472,10687,13116,5883,160,ITI,ITI4,12,Lazio,Lazio,5879082,240484,4.09,0.33
3084,2021-03-30,LAZ,26826,12986,13840,19354,7149,323,ITI,ITI4,12,Lazio,Lazio,5879082,267310,4.55,0.46
3085,2021-07-08,LAZ,63354,31056,32298,27997,34731,626,ITI,ITI4,12,Lazio,Lazio,5879082,330664,5.62,1.08
3086,2021-04-18,LAZ,23809,10577,13232,15892,7650,267,ITI,ITI4,12,Lazio,Lazio,5879082,354473,6.03,0.4
3087,2021-05-19,LAZ,47128,21633,25495,36405,10106,617,ITI,ITI4,12,Lazio,Lazio,5879082,401601,6.83,0.8
3088,2021-02-20,LAZ,9209,4274,4935,8369,773,67,ITI,ITI4,12,Lazio,Lazio,5879082,410810,6.99,0.16
3089,2021-05-31,LAZ,51618,22965,28653,30790,19799,1029,ITI,ITI4,12,Lazio,Lazio,5879082,462428,7.87,0.88
3090,2021-04-04,LAZ,17533,8106,9427,12158,5265,110,ITI,ITI4,12,Lazio,Lazio,5879082,479961,8.16,0.3
3091,2021-04-16,LAZ,34430,15697,18733,21965,12093,372,ITI,ITI4,12,Lazio,Lazio,5879082,514391,8.75,0.59
3092,2021-01-23,LAZ,7214,2869,4345,585,6629,0,ITI,ITI4,12,Lazio,Lazio,5879082,521605,8.87,0.12
3093,2021-01-06,LAZ,5123,1962,3161,5003,0,120,ITI,ITI4,12,Lazio,Lazio,5879082,526728,8.96,0.09
3094,2021-02-25,LAZ,12679,5537,7142,11435,1078,166,ITI,ITI4,12,Lazio,Lazio,5879082,539407,9.18,0.22
3095,2021-06-05,LAZ,66030,32565,33465,42660,22730,640,ITI,ITI4,12,Lazio,Lazio,5879082,605437,10.3,1.12
3096,2021-02-18,LAZ,10017,4974,5043,9109,811,97,ITI,ITI4,12,Lazio,Lazio,5879082,615454,10.47,0.17
3097,2021-05-12,LAZ,47546,21577,25969,30263,16649,634,ITI,ITI4,12,Lazio,Lazio,5879082,663000,11.28,0.81
3098,2021-02-01,LAZ,5675,2178,3497,353,5321,1,ITI,ITI4,12,Lazio,Lazio,5879082,668675,11.37,0.1
3099,2021-01-13,LAZ,5694,2151,3543,5532,0,162,ITI,ITI4,12,Lazio,Lazio,5879082,674369,11.47,0.1
3100,2021-04-23,LAZ,37695,18097,19598,21971,15278,446,ITI,ITI4,12,Lazio,Lazio,5879082,712064,12.11,0.64
3101,2021-05-26,LAZ,47481,21808,25673,34725,12102,654,ITI,ITI4,12,Lazio,Lazio,5879082,759545,12.92,0.81
3102,2021-03-04,LAZ,19414,8721,10693,14182,5018,214,ITI,ITI4,12,Lazio,Lazio,5879082,778959,13.25,0.33
3103,2021-06-12,LAZ,69794,32049,37745,39819,29362,613,ITI,ITI4,12,Lazio,Lazio,5879082,848753,14.44,1.19
3104,2021-06-14,LAZ,62754,29416,33338,32093,30131,530,ITI,ITI4,12,Lazio,Lazio,5879082,911507,15.5,1.07
3105,2021-03-21,LAZ,18229,7163,11066,13005,5051,173,ITI,ITI4,12,Lazio,Lazio,5879082,929736,15.81,0.31
3106,2020-12-30,LAZ,1630,629,1001,1619,0,11,ITI,ITI4,12,Lazio,Lazio,5879082,931366,15.84,0.03
3107,2021-07-01,LAZ,47991,22919,25072,7094,40705,192,ITI,ITI4,12,Lazio,Lazio,5879082,979357,16.66,0.82
3108,2021-03-16,LAZ,13544,5739,7805,7021,6444,79,ITI,ITI4,12,Lazio,Lazio,5879082,992901,16.89,0.23
3109,2021-03-09,LAZ,21969,9917,12052,16446,5200,323,ITI,ITI4,12,Lazio,Lazio,5879082,1014870,17.26,0.37
3110,2021-01-11,LAZ,5542,2109,3433,5397,0,145,ITI,ITI4,12,Lazio,Lazio,5879082,1020412,17.36,0.09
3111,2021-05-07,LAZ,48225,22609,25616,30104,17754,367,ITI,ITI4,12,Lazio,Lazio,5879082,1068637,18.18,0.82
3112,2021-03-11,LAZ,25357,11951,13406,18818,6232,307,ITI,ITI4,12,Lazio,Lazio,5879082,1093994,18.61,0.43
3113,2021-07-03,LAZ,53020,24962,28058,4605,48282,133,ITI,ITI4,12,Lazio,Lazio,5879082,1147014,19.51,0.9
3114,2021-02-03,LAZ,6489,2488,4001,958,5524,7,ITI,ITI4,12,Lazio,Lazio,5879082,1153503,19.62,0.11
3115,2021-01-20,LAZ,4814,1947,2867,3267,1544,3,ITI,ITI4,12,Lazio,Lazio,5879082,1158317,19.7,0.08
3116,2021-05-14,LAZ,51487,23520,27967,32501,18322,664,ITI,ITI4,12,Lazio,Lazio,5879082,1209804,20.58,0.88
3117,2021-02-13,LAZ,6611,2627,3984,6151,418,42,ITI,ITI4,12,Lazio,Lazio,5879082,1216415,20.69,0.11
3118,2021-05-24,LAZ,43935,20136,23799,33503,9764,668,ITI,ITI4,12,Lazio,Lazio,5879082,1260350,21.44,0.75
3119,2021-01-03,LAZ,5255,1973,3282,5196,0,59,ITI,ITI4,12,Lazio,Lazio,5879082,1265605,21.53,0.09
3120,2021-04-13,LAZ,25777,11951,13826,17676,7717,384,ITI,ITI4,12,Lazio,Lazio,5879082,1291382,21.97,0.44
3121,2021-01-08,LAZ,7731,2895,4836,7534,0,197,ITI,ITI4,12,Lazio,Lazio,5879082,1299113,22.1,0.13
3122,2021-03-28,LAZ,19130,7776,11354,13493,5310,327,ITI,ITI4,12,Lazio,Lazio,5879082,1318243,22.42,0.33
3123,2021-06-09,LAZ,70116,33137,36979,35788,33709,619,ITI,ITI4,12,Lazio,Lazio,5879082,1388359,23.62,1.19
3124,2021-01-04,LAZ,7485,2909,4576,7381,0,104,ITI,ITI4,12,Lazio,Lazio,5879082,1395844,23.74,0.13
3125,2021-06-24,LAZ,63590,30318,33272,28486,34474,630,ITI,ITI4,12,Lazio,Lazio,5879082,1459434,24.82,1.08
3126,2021-06-07,LAZ,62234,29089,33145,32480,29174,580,ITI,ITI4,12,Lazio,Lazio,5879082,1521668,25.88,1.06
3127,2021-06-21,LAZ,61423,28481,32942,28346,32498,579,ITI,ITI4,12,Lazio,Lazio,5879082,1583091,26.93,1.04
3128,2021-03-13,LAZ,21803,8727,13076,15691,5894,218,ITI,ITI4,12,Lazio,Lazio,5879082,1604894,27.3,0.37
3129,2021-01-25,LAZ,8111,3246,4865,770,7341,0,ITI,ITI4,12,Lazio,Lazio,5879082,1613005,27.44,0.14
3130,2021-05-05,LAZ,46793,21467,25326,30397,15840,556,ITI,ITI4,12,Lazio,Lazio,5879082,1659798,28.23,0.8
3131,2021-03-02,LAZ,17189,7608,9581,13099,3936,154,ITI,ITI4,12,Lazio,Lazio,5879082,1676987,28.52,0.29
3132,2021-01-18,LAZ,6269,2559,3710,5165,978,126,ITI,ITI4,12,Lazio,Lazio,5879082,1683256,28.63,0.11
3133,2021-04-28,LAZ,32931,15027,17904,20962,11573,396,ITI,ITI4,12,Lazio,Lazio,5879082,1716187,29.19,0.56
3134,2021-03-27,LAZ,26359,10690,15669,19388,6475,496,ITI,ITI4,12,Lazio,Lazio,5879082,1742546,29.64,0.45
3135,2021-07-05,LAZ,60977,29319,31658,25501,34474,1002,ITI,ITI4,12,Lazio,Lazio,5879082,1803523,30.68,1.04
3136,2021-04-09,LAZ,27588,12519,15069,19059,8255,274,ITI,ITI4,12,Lazio,Lazio,5879082,1831111,31.15,0.47
3137,2021-03-23,LAZ,25358,11895,13463,18451,6596,311,ITI,ITI4,12,Lazio,Lazio,5879082,1856469,31.58,0.43
3138,2021-02-15,LAZ,8026,3540,4486,7316,632,78,ITI,ITI4,12,Lazio,Lazio,5879082,1864495,31.71,0.14
3139,2021-01-29,LAZ,8044,3081,4963,812,7230,2,ITI,ITI4,12,Lazio,Lazio,5879082,1872539,31.85,0.14
3140,2021-01-30,LAZ,7014,2895,4119,808,6205,1,ITI,ITI4,12,Lazio,Lazio,5879082,1879553,31.97,0.12
3141,2021-01-15,LAZ,6583,2708,3875,6413,0,170,ITI,ITI4,12,Lazio,Lazio,5879082,1886136,32.08,0.11
3142,2021-04-25,LAZ,24524,11251,13273,16417,7817,290,ITI,ITI4,12,Lazio,Lazio,5879082,1910660,32.5,0.42
3143,2021-03-18,LAZ,14224,6077,8147,7762,6391,71,ITI,ITI4,12,Lazio,Lazio,5879082,1924884,32.74,0.24
3144,2021-03-25,LAZ,29151,13473,15678,22116,6611,424,ITI,ITI4,12,Lazio,Lazio,5879082,1954035,33.24,0.5
3145,2021-01-27,LAZ,6116,2389,3727,999,5117,0,ITI,ITI4,12,Lazio,Lazio,5879082,1960151,33.34,0.1
3146,2021-01-01,LAZ,3555,1382,2173,3515,0,40,ITI,ITI4,12,Lazio,Lazio,5879082,1963706,33.4,0.06
3147,2021-01-10,LAZ,4044,1702,2342,3977,0,67,ITI,ITI4,12,Lazio,Lazio,5879082,1967750,33.47,0.07
3148,2021-06-16,LAZ,64320,30807,33513,31986,31728,606,ITI,ITI4,12,Lazio,Lazio,5879082,2032070,34.56,1.09
3149,2021-04-20,LAZ,31083,14273,16810,19418,11300,365,ITI,ITI4,12,Lazio,Lazio,5879082,2063153,35.09,0.53
3150,2021-03-08,LAZ,20864,9046,11818,15318,5273,273,ITI,ITI4,12,Lazio,Lazio,5879082,2084017,35.45,0.35
3151,2021-02-08,LAZ,9741,4154,5587,4505,5234,2,ITI,ITI4,12,Lazio,Lazio,5879082,2093758,35.61,0.17
3152,2021-05-02,LAZ,32637,14340,18297,22813,9363,461,ITI,ITI4,12,Lazio,Lazio,5879082,2126395,36.17,0.56
3153,2021-01-22,LAZ,4006,1636,2370,491,3515,0,ITI,ITI4,12,Lazio,Lazio,5879082,2130401,36.24,0.07
3154,2021-02-27,LAZ,11449,4285,7164,10344,978,127,ITI,ITI4,12,Lazio,Lazio,5879082,2141850,36.43,0.19
3155,2021-04-01,LAZ,29639,14040,15599,22137,7141,361,ITI,ITI4,12,Lazio,Lazio,5879082,2171489,36.94,0.5
3156,2021-07-10,LAZ,70046,35089,34957,24865,44581,600,ITI,ITI4,12,Lazio,Lazio,5879082,2241535,38.13,1.19
3157,2021-06-23,LAZ,62041,29181,32860,28334,33238,469,ITI,ITI4,12,Lazio,Lazio,5879082,2303576,39.18,1.06
3158,2021-04-15,LAZ,31943,14312,17631,20692,10813,438,ITI,ITI4,12,Lazio,Lazio,5879082,2335519,39.73,0.54
3159,2021-02-10,LAZ,8195,3405,4790,4844,3346,5,ITI,ITI4,12,Lazio,Lazio,5879082,2343714,39.87,0.14
3160,2021-05-21,LAZ,51854,24881,26973,37175,13954,725,ITI,ITI4,12,Lazio,Lazio,5879082,2395568,40.75,0.88
3161,2021-06-04,LAZ,61557,30021,31536,43222,17742,593,ITI,ITI4,12,Lazio,Lazio,5879082,2457125,41.79,1.05
3162,2021-05-04,LAZ,39877,18345,21532,25886,13522,469,ITI,ITI4,12,Lazio,Lazio,5879082,2497002,42.47,0.68
3163,2021-05-23,LAZ,47090,22845,24245,39036,7382,672,ITI,ITI4,12,Lazio,Lazio,5879082,2544092,43.27,0.8
3164,2021-05-09,LAZ,37541,17259,20282,25822,11273,446,ITI,ITI4,12,Lazio,Lazio,5879082,2581633,43.91,0.64
3165,2021-05-16,LAZ,50938,24528,26410,36897,13489,552,ITI,ITI4,12,Lazio,Lazio,5879082,2632571,44.78,0.87
3166,2021-06-28,LAZ,58769,28079,30690,27445,30910,414,ITI,ITI4,12,Lazio,Lazio,5879082,2691340,45.78,1.0
3167,2021-04-06,LAZ,24403,11124,13279,16981,7115,307,ITI,ITI4,12,Lazio,Lazio,5879082,2715743,46.19,0.42
3168,2020-12-27,LAZ,274,132,142,274,0,0,ITI,ITI4,12,Lazio,Lazio,5879082,2716017,46.2,0.0
3169,2021-03-20,LAZ,19188,7637,11551,13052,5885,251,ITI,ITI4,12,Lazio,Lazio,5879082,2735205,46.52,0.33
3170,2021-06-30,LAZ,62695,29465,33230,29713,32463,519,ITI,ITI4,12,Lazio,Lazio,5879082,2797900,47.59,1.07
3171,2021-04-08,LAZ,26740,12248,14492,18694,7698,348,ITI,ITI4,12,Lazio,Lazio,5879082,2824640,48.05,0.45
3172,2021-04-27,LAZ,30711,13865,16846,19456,10849,406,ITI,ITI4,12,Lazio,Lazio,5879082,2855351,48.57,0.52
3173,2021-03-01,LAZ,17118,7368,9750,13018,3886,214,ITI,ITI4,12,Lazio,Lazio,5879082,2872469,48.86,0.29
3174,2021-02-22,LAZ,11458,4990,6468,10835,502,121,ITI,ITI4,12,Lazio,Lazio,5879082,2883927,49.05,0.19
3175,2021-06-02,LAZ,43242,21487,21755,31203,11500,539,ITI,ITI4,12,Lazio,Lazio,5879082,2927169,49.79,0.74
3176,2021-06-11,LAZ,69332,32569,36763,36486,32254,592,ITI,ITI4,12,Lazio,Lazio,5879082,2996501,50.97,1.18
3177,2021-05-20,LAZ,51518,24767,26751,37060,13731,727,ITI,ITI4,12,Lazio,Lazio,5879082,3048019,51.85,0.88
3178,2021-06-20,LAZ,55253,25399,29854,29634,24900,719,ITI,ITI4,12,Lazio,Lazio,5879082,3103272,52.78,0.94
3179,2021-06-06,LAZ,58047,27986,30061,34979,22500,568,ITI,ITI4,12,Lazio,Lazio,5879082,3161319,53.77,0.99
3180,2021-02-26,LAZ,13120,5728,7392,11561,1395,164,ITI,ITI4,12,Lazio,Lazio,5879082,3174439,54.0,0.22
3181,2021-07-09,LAZ,63739,30750,32989,27492,35562,685,ITI,ITI4,12,Lazio,Lazio,5879082,3238178,55.08,1.08
3182,2021-05-01,LAZ,37972,17090,20882,25573,11969,430,ITI,ITI4,12,Lazio,Lazio,5879082,3276150,55.73,0.65
3183,2021-04-17,LAZ,32394,14219,18175,20003,11994,397,ITI,ITI4,12,Lazio,Lazio,5879082,3308544,56.28,0.55
3184,2021-03-12,LAZ,23986,11075,12911,17359,6317,310,ITI,ITI4,12,Lazio,Lazio,5879082,3332530,56.68,0.41
3185,2021-02-09,LAZ,8807,3774,5033,4575,4225,7,ITI,ITI4,12,Lazio,Lazio,5879082,3341337,56.83,0.15
3186,2021-02-23,LAZ,11095,4784,6311,10207,765,123,ITI,ITI4,12,Lazio,Lazio,5879082,3352432,57.02,0.19
3187,2021-01-21,LAZ,5603,2348,3255,550,5053,0,ITI,ITI4,12,Lazio,Lazio,5879082,3358035,57.12,0.1
3188,2021-03-31,LAZ,27655,13347,14308,20243,7098,314,ITI,ITI4,12,Lazio,Lazio,5879082,3385690,57.59,0.47
3189,2021-04-22,LAZ,38879,19234,19645,23672,14622,585,ITI,ITI4,12,Lazio,Lazio,5879082,3424569,58.25,0.66
3190,2021-03-10,LAZ,23330,10652,12678,17369,5647,314,ITI,ITI4,12,Lazio,Lazio,5879082,3447899,58.65,0.4
3191,2021-01-12,LAZ,5413,1981,3432,5270,0,143,ITI,ITI4,12,Lazio,Lazio,5879082,3453312,58.74,0.09
3192,2021-06-18,LAZ,64002,30765,33237,30206,33090,706,ITI,ITI4,12,Lazio,Lazio,5879082,3517314,59.83,1.09
3193,2021-03-17,LAZ,13812,5914,7898,7453,6256,103,ITI,ITI4,12,Lazio,Lazio,5879082,3531126,60.06,0.23
3194,2021-06-25,LAZ,62744,30198,32546,27938,34247,559,ITI,ITI4,12,Lazio,Lazio,5879082,3593870,61.13,1.07
3195,2021-06-01,LAZ,48814,23554,25260,29872,18489,453,ITI,ITI4,12,Lazio,Lazio,5879082,3642684,61.96,0.83
3196,2021-04-05,LAZ,19846,9065,10781,13518,6181,147,ITI,ITI4,12,Lazio,Lazio,5879082,3662530,62.3,0.34
3197,2021-05-25,LAZ,47438,22247,25191,35157,11678,603,ITI,ITI4,12,Lazio,Lazio,5879082,3709968,63.1,0.81
3198,2021-04-12,LAZ,23846,10749,13097,16671,6901,274,ITI,ITI4,12,Lazio,Lazio,5879082,3733814,63.51,0.41
3199,2021-06-08,LAZ,66483,31722,34761,35959,29897,627,ITI,ITI4,12,Lazio,Lazio,5879082,3800297,64.64,1.13
3200,2021-02-12,LAZ,6848,2849,3999,6353,416,79,ITI,ITI4,12,Lazio,Lazio,5879082,3807145,64.76,0.12
3201,2020-12-31,LAZ,5293,2121,3172,5233,0,60,ITI,ITI4,12,Lazio,Lazio,5879082,3812438,64.85,0.09
3202,2021-04-10,LAZ,23930,10409,13521,16496,7189,245,ITI,ITI4,12,Lazio,Lazio,5879082,3836368,65.25,0.41
3203,2021-02-05,LAZ,7309,2979,4330,1208,6099,2,ITI,ITI4,12,Lazio,Lazio,5879082,3843677,65.38,0.12
3204,2021-04-03,LAZ,24787,11186,13601,17874,6700,213,ITI,ITI4,12,Lazio,Lazio,5879082,3868464,65.8,0.42
3205,2021-02-19,LAZ,10044,5079,4965,9072,832,140,ITI,ITI4,12,Lazio,Lazio,5879082,3878508,65.97,0.17
3206,2021-06-17,LAZ,66596,31957,34639,31700,34206,690,ITI,ITI4,12,Lazio,Lazio,5879082,3945104,67.1,1.13
3207,2021-04-21,LAZ,33039,15015,18024,20307,12375,357,ITI,ITI4,12,Lazio,Lazio,5879082,3978143,67.67,0.56
3208,2021-06-03,LAZ,56355,28504,27851,37975,17691,689,ITI,ITI4,12,Lazio,Lazio,5879082,4034498,68.62,0.96
3209,2021-06-10,LAZ,71593,33783,37810,36971,33828,794,ITI,ITI4,12,Lazio,Lazio,5879082,4106091,69.84,1.22
3210,2021-04-14,LAZ,29313,13287,16026,18880,10123,310,ITI,ITI4,12,Lazio,Lazio,5879082,4135404,70.34,0.5
3211,2021-02-24,LAZ,12050,5209,6841,10944,995,111,ITI,ITI4,12,Lazio,Lazio,5879082,4147454,70.55,0.2
3212,2021-07-07,LAZ,61905,30604,31301,28318,33055,532,ITI,ITI4,12,Lazio,Lazio,5879082,4209359,71.6,1.05
3213,2021-03-29,LAZ,25255,11930,13325,17942,7037,276,ITI,ITI4,12,Lazio,Lazio,5879082,4234614,72.03,0.43
3214,2021-03-15,LAZ,20945,9825,11120,13978,6744,223,ITI,ITI4,12,Lazio,Lazio,5879082,4255559,72.38,0.36
3215,2021-01-05,LAZ,7375,2803,4572,7273,0,102,ITI,ITI4,12,Lazio,Lazio,5879082,4262934,72.51,0.13
3216,2021-01-24,LAZ,5697,2229,3468,613,5084,0,ITI,ITI4,12,Lazio,Lazio,5879082,4268631,72.61,0.1
3217,2021-02-07,LAZ,4944,2026,2918,386,4557,1,ITI,ITI4,12,Lazio,Lazio,5879082,4273575,72.69,0.08
3218,2021-05-18,LAZ,44926,20545,24381,34813,9543,570,ITI,ITI4,12,Lazio,Lazio,5879082,4318501,73.46,0.76
3219,2021-05-03,LAZ,39226,17708,21518,26038,12609,579,ITI,ITI4,12,Lazio,Lazio,5879082,4357727,74.12,0.67
3220,2021-07-02,LAZ,48098,23029,25069,6547,41380,171,ITI,ITI4,12,Lazio,Lazio,5879082,4405825,74.94,0.82
3221,2021-05-06,LAZ,48742,22697,26045,30539,17550,653,ITI,ITI4,12,Lazio,Lazio,5879082,4454567,75.77,0.83
3222,2021-01-17,LAZ,4893,2027,2866,4618,212,63,ITI,ITI4,12,Lazio,Lazio,5879082,4459460,75.85,0.08
3223,2021-01-19,LAZ,4773,1959,2814,4316,454,3,ITI,ITI4,12,Lazio,Lazio,5879082,4464233,75.93,0.08
3224,2021-01-09,LAZ,6298,2562,3736,6186,0,112,ITI,ITI4,12,Lazio,Lazio,5879082,4470531,76.04,0.11
3225,2021-04-19,LAZ,30104,13684,16420,19007,10683,414,ITI,ITI4,12,Lazio,Lazio,5879082,4500635,76.55,0.51
3226,2021-02-21,LAZ,6990,3180,3810,6487,463,40,ITI,ITI4,12,Lazio,Lazio,5879082,4507625,76.67,0.12
3227,2021-02-14,LAZ,5777,2372,3405,5276,471,30,ITI,ITI4,12,Lazio,Lazio,5879082,4513402,76.77,0.1
3228,2021-02-28,LAZ,10262,4017,6245,9657,515,90,ITI,ITI4,12,Lazio,Lazio,5879082,4523664,76.95,0.17
3229,2021-01-02,LAZ,6708,2631,4077,6628,0,80,ITI,ITI4,12,Lazio,Lazio,5879082,4530372,77.06,0.11
3230,2021-06-22,LAZ,62504,28838,33666,28515,33318,671,ITI,ITI4,12,Lazio,Lazio,5879082,4592876,78.12,1.06
3231,2021-03-14,LAZ,17240,6754,10486,11838,5154,248,ITI,ITI4,12,Lazio,Lazio,5879082,4610116,78.42,0.29
3232,2021-06-27,LAZ,47146,21540,25606,20579,26113,454,ITI,ITI4,12,Lazio,Lazio,5879082,4657262,79.22,0.8
3233,2021-02-04,LAZ,6337,2506,3831,1020,5316,1,ITI,ITI4,12,Lazio,Lazio,5879082,4663599,79.33,0.11
3234,2021-05-22,LAZ,55127,27002,28125,43527,10683,917,ITI,ITI4,12,Lazio,Lazio,5879082,4718726,80.26,0.94
3235,2021-05-15,LAZ,57363,27405,29958,40047,16521,795,ITI,ITI4,12,Lazio,Lazio,5879082,4776089,81.24,0.98
3236,2021-03-19,LAZ,17450,7566,9884,10995,6328,127,ITI,ITI4,12,Lazio,Lazio,5879082,4793539,81.54,0.3
3237,2021-03-22,LAZ,23279,10492,12787,16296,6676,307,ITI,ITI4,12,Lazio,Lazio,5879082,4816818,81.93,0.4
3238,2020-12-29,LAZ,488,176,312,484,0,4,ITI,ITI4,12,Lazio,Lazio,5879082,4817306,81.94,0.01
3239,2021-06-13,LAZ,58363,26185,32178,33044,24827,492,ITI,ITI4,12,Lazio,Lazio,5879082,4875669,82.93,0.99
3240,2021-03-07,LAZ,14133,5466,8667,10343,3593,197,ITI,ITI4,12,Lazio,Lazio,5879082,4889802,83.17,0.24
3241,2021-06-15,LAZ,65664,31668,33996,33161,31966,537,ITI,ITI4,12,Lazio,Lazio,5879082,4955466,84.29,1.12
3242,2021-03-24,LAZ,27816,13034,14782,21217,6237,362,ITI,ITI4,12,Lazio,Lazio,5879082,4983282,84.76,0.47
3243,2021-05-29,LAZ,51977,23362,28615,40120,10985,872,ITI,ITI4,12,Lazio,Lazio,5879082,5035259,85.65,0.88
3244,2021-05-10,LAZ,44437,20304,24133,30586,13415,436,ITI,ITI4,12,Lazio,Lazio,5879082,5079696,86.4,0.76
3245,2021-05-27,LAZ,58141,26983,31158,43652,13694,795,ITI,ITI4,12,Lazio,Lazio,5879082,5137837,87.39,0.99
3246,2021-03-05,LAZ,19568,8668,10900,14623,4734,211,ITI,ITI4,12,Lazio,Lazio,5879082,5157405,87.72,0.33
3247,2021-02-16,LAZ,8359,4035,4324,7712,607,40,ITI,ITI4,12,Lazio,Lazio,5879082,5165764,87.87,0.14
3248,2021-04-29,LAZ,38665,17250,21415,24826,13235,604,ITI,ITI4,12,Lazio,Lazio,5879082,5204429,88.52,0.66
3249,2021-03-03,LAZ,17858,7865,9993,13342,4294,222,ITI,ITI4,12,Lazio,Lazio,5879082,5222287,88.83,0.3
3250,2021-01-26,LAZ,7965,3129,4836,727,7238,0,ITI,ITI4,12,Lazio,Lazio,5879082,5230252,88.96,0.14
3251,2021-04-02,LAZ,29329,14027,15302,21633,7338,358,ITI,ITI4,12,Lazio,Lazio,5879082,5259581,89.46,0.5
3252,2021-01-28,LAZ,8280,3166,5114,782,7497,1,ITI,ITI4,12,Lazio,Lazio,5879082,5267861,89.6,0.14
3253,2021-07-04,LAZ,46487,21627,24860,4073,42331,83,ITI,ITI4,12,Lazio,Lazio,5879082,5314348,90.39,0.79
3254,2021-05-08,LAZ,45439,20740,24699,29369,15414,656,ITI,ITI4,12,Lazio,Lazio,5879082,5359787,91.17,0.77
3255,2021-03-26,LAZ,30029,13834,16195,22772,6846,411,ITI,ITI4,12,Lazio,Lazio,5879082,5389816,91.68,0.51
3256,2021-07-06,LAZ,61865,30029,31836,28438,32967,460,ITI,ITI4,12,Lazio,Lazio,5879082,5451681,92.73,1.05
3257,2021-01-07,LAZ,7751,2903,4848,7594,0,157,ITI,ITI4,12,Lazio,Lazio,5879082,5459432,92.86,0.13
3258,2021-02-17,LAZ,9188,4608,4580,8246,877,65,ITI,ITI4,12,Lazio,Lazio,5879082,5468620,93.02,0.16
3259,2021-05-28,LAZ,57032,26491,30541,42973,13262,797,ITI,ITI4,12,Lazio,Lazio,5879082,5525652,93.99,0.97
3260,2021-03-06,LAZ,18357,7083,11274,13891,4257,209,ITI,ITI4,12,Lazio,Lazio,5879082,5544009,94.3,0.31
3261,2021-01-31,LAZ,4462,1855,2607,477,3984,1,ITI,ITI4,12,Lazio,Lazio,5879082,5548471,94.38,0.08
3262,2021-05-11,LAZ,48288,22173,26115,31152,16542,594,ITI,ITI4,12,Lazio,Lazio,5879082,5596759,95.2,0.82
3263,2021-04-24,LAZ,33430,15080,18350,20167,12777,486,ITI,ITI4,12,Lazio,Lazio,5879082,5630189,95.77,0.57
3264,2021-05-30,LAZ,41208,17634,23574,33180,7355,673,ITI,ITI4,12,Lazio,Lazio,5879082,5671397,96.47,0.7
3265,2021-05-13,LAZ,50134,22527,27607,31670,17793,671,ITI,ITI4,12,Lazio,Lazio,5879082,5721531,97.32,0.85
3266,2021-06-29,LAZ,59267,28171,31096,27648,31064,555,ITI,ITI4,12,Lazio,Lazio,5879082,5780798,98.33,1.01
3267,2021-01-14,LAZ,5489,2146,3343,5315,0,174,ITI,ITI4,12,Lazio,Lazio,5879082,5786287,98.42,0.09
3268,2021-04-07,LAZ,25865,12056,13809,18227,7314,324,ITI,ITI4,12,Lazio,Lazio,5879082,5812152,98.86,0.44
3269,2020-12-28,LAZ,959,412,547,954,0,5,ITI,ITI4,12,Lazio,Lazio,5879082,5813111,98.88,0.02
3270,2021-01-16,LAZ,5646,2281,3365,5500,0,146,ITI,ITI4,12,Lazio,Lazio,5879082,5818757,98.97,0.1
3271,2021-04-26,LAZ,29241,13464,15777,19599,9204,438,ITI,ITI4,12,Lazio,Lazio,5879082,5847998,99.47,0.5
3272,2021-02-02,LAZ,5911,2213,3698,636,5272,3,ITI,ITI4,12,Lazio,Lazio,5879082,5853909,99.57,0.1
3273,2021-01-16,LOM,15438,5737,9701,15427,0,11,ITC,ITC4,3,Lombardia,Lombardia,10060574,15438,0.15,0.15
3274,2021-05-24,LOM,89510,43481,46029,48580,39996,934,ITC,ITC4,3,Lombardia,Lombardia,10060574,104948,1.04,0.89
3275,2021-02-11,LOM,17082,5011,12071,9629,7374,79,ITC,ITC4,3,Lombardia,Lombardia,10060574,122030,1.21,0.17
3276,2021-05-31,LOM,95646,47395,48251,78341,16200,1105,ITC,ITC4,3,Lombardia,Lombardia,10060574,217676,2.16,0.95
3277,2021-03-26,LOM,41312,15696,25616,27493,13149,670,ITC,ITC4,3,Lombardia,Lombardia,10060574,258988,2.57,0.41
3278,2021-05-22,LOM,70592,33833,36759,31721,38157,714,ITC,ITC4,3,Lombardia,Lombardia,10060574,329580,3.28,0.7
3279,2021-02-16,LOM,9506,3073,6433,8957,448,101,ITC,ITC4,3,Lombardia,Lombardia,10060574,339086,3.37,0.09
3280,2021-06-10,LOM,102586,52222,50364,86378,14410,1798,ITC,ITC4,3,Lombardia,Lombardia,10060574,441672,4.39,1.02
3281,2021-03-02,LOM,22814,9703,13111,19505,3040,269,ITC,ITC4,3,Lombardia,Lombardia,10060574,464486,4.62,0.23
3282,2020-12-28,LOM,107,47,60,107,0,0,ITC,ITC4,3,Lombardia,Lombardia,10060574,464593,4.62,0.0
3283,2021-04-21,LOM,71824,32562,39262,55786,14664,1374,ITC,ITC4,3,Lombardia,Lombardia,10060574,536417,5.33,0.71
3284,2021-01-11,LOM,16264,5379,10885,16254,0,10,ITC,ITC4,3,Lombardia,Lombardia,10060574,552681,5.49,0.16
3285,2021-01-28,LOM,12227,3703,8524,794,11426,7,ITC,ITC4,3,Lombardia,Lombardia,10060574,564908,5.62,0.12
3286,2021-02-04,LOM,27821,8109,19712,2007,25808,6,ITC,ITC4,3,Lombardia,Lombardia,10060574,592729,5.89,0.28
3287,2021-04-09,LOM,52384,22366,30018,35553,15993,838,ITC,ITC4,3,Lombardia,Lombardia,10060574,645113,6.41,0.52
3288,2021-04-04,LOM,7611,3230,4381,3682,3895,34,ITC,ITC4,3,Lombardia,Lombardia,10060574,652724,6.49,0.08
3289,2021-04-02,LOM,41264,16881,24383,26191,14514,559,ITC,ITC4,3,Lombardia,Lombardia,10060574,693988,6.9,0.41
3290,2021-04-23,LOM,73534,33328,40206,55567,16577,1390,ITC,ITC4,3,Lombardia,Lombardia,10060574,767522,7.63,0.73
3291,2021-05-10,LOM,85264,40881,44383,62032,21577,1655,ITC,ITC4,3,Lombardia,Lombardia,10060574,852786,8.48,0.85
3292,2021-01-30,LOM,12314,4566,7748,145,12160,9,ITC,ITC4,3,Lombardia,Lombardia,10060574,865100,8.6,0.12
3293,2021-06-05,LOM,102428,52955,49473,91100,9815,1513,ITC,ITC4,3,Lombardia,Lombardia,10060574,967528,9.62,1.02
3294,2021-03-14,LOM,14874,5348,9526,11218,3283,373,ITC,ITC4,3,Lombardia,Lombardia,10060574,982402,9.76,0.15
3295,2021-02-23,LOM,11829,4803,7026,11289,332,208,ITC,ITC4,3,Lombardia,Lombardia,10060574,994231,9.88,0.12
3296,2021-03-28,LOM,20483,7818,12665,13934,6165,384,ITC,ITC4,3,Lombardia,Lombardia,10060574,1014714,10.09,0.2
3297,2021-04-14,LOM,47173,21025,26148,33523,12971,679,ITC,ITC4,3,Lombardia,Lombardia,10060574,1061887,10.55,0.47
3298,2021-01-04,LOM,6105,2106,3999,6099,0,6,ITC,ITC4,3,Lombardia,Lombardia,10060574,1067992,10.62,0.06
3299,2021-06-19,LOM,104260,51967,52293,56247,46590,1423,ITC,ITC4,3,Lombardia,Lombardia,10060574,1172252,11.65,1.04
3300,2021-07-06,LOM,99242,49387,49855,22426,75443,1373,ITC,ITC4,3,Lombardia,Lombardia,10060574,1271494,12.64,0.99
3301,2021-04-28,LOM,95726,43664,52062,66846,26904,1976,ITC,ITC4,3,Lombardia,Lombardia,10060574,1367220,13.59,0.95
3302,2021-06-24,LOM,109512,56628,52884,78327,28799,2386,ITC,ITC4,3,Lombardia,Lombardia,10060574,1476732,14.68,1.09
3303,2021-03-16,LOM,25497,10113,15384,16297,9078,122,ITC,ITC4,3,Lombardia,Lombardia,10060574,1502229,14.93,0.25
3304,2021-05-12,LOM,87479,41745,45734,57400,27559,2520,ITC,ITC4,3,Lombardia,Lombardia,10060574,1589708,15.8,0.87
3305,2021-01-09,LOM,12426,4577,7849,12418,0,8,ITC,ITC4,3,Lombardia,Lombardia,10060574,1602134,15.92,0.12
3306,2021-03-07,LOM,12087,5361,6726,9337,2560,190,ITC,ITC4,3,Lombardia,Lombardia,10060574,1614221,16.05,0.12
3307,2021-01-27,LOM,8042,2677,5365,807,7233,2,ITC,ITC4,3,Lombardia,Lombardia,10060574,1622263,16.12,0.08
3308,2021-07-03,LOM,102315,51618,50697,44533,55674,2108,ITC,ITC4,3,Lombardia,Lombardia,10060574,1724578,17.14,1.02
3309,2021-03-25,LOM,42827,16018,26809,29236,12688,903,ITC,ITC4,3,Lombardia,Lombardia,10060574,1767405,17.57,0.43
3310,2021-05-21,LOM,93833,45235,48598,28374,64695,764,ITC,ITC4,3,Lombardia,Lombardia,10060574,1861238,18.5,0.93
3311,2021-05-29,LOM,88299,42408,45891,41398,46059,842,ITC,ITC4,3,Lombardia,Lombardia,10060574,1949537,19.38,0.88
3312,2021-02-18,LOM,14050,4924,9126,12816,1037,197,ITC,ITC4,3,Lombardia,Lombardia,10060574,1963587,19.52,0.14
3313,2021-04-11,LOM,32220,13944,18276,24314,7395,511,ITC,ITC4,3,Lombardia,Lombardia,10060574,1995807,19.84,0.32
3314,2021-01-01,LOM,24,7,17,24,0,0,ITC,ITC4,3,Lombardia,Lombardia,10060574,1995831,19.84,0.0
3315,2021-06-07,LOM,98951,50423,48528,84016,13316,1619,ITC,ITC4,3,Lombardia,Lombardia,10060574,2094782,20.82,0.98
3316,2021-02-27,LOM,13946,5871,8075,13151,641,154,ITC,ITC4,3,Lombardia,Lombardia,10060574,2108728,20.96,0.14
3317,2020-12-30,LOM,114,42,72,114,0,0,ITC,ITC4,3,Lombardia,Lombardia,10060574,2108842,20.96,0.0
3318,2021-04-25,LOM,51499,23613,27886,45535,4744,1220,ITC,ITC4,3,Lombardia,Lombardia,10060574,2160341,21.47,0.51
3319,2021-06-28,LOM,107878,54968,52910,74270,30999,2609,ITC,ITC4,3,Lombardia,Lombardia,10060574,2268219,22.55,1.07
3320,2021-04-06,LOM,43064,17585,25479,24437,17936,691,ITC,ITC4,3,Lombardia,Lombardia,10060574,2311283,22.97,0.43
3321,2021-06-12,LOM,89309,48059,41250,84311,3156,1842,ITC,ITC4,3,Lombardia,Lombardia,10060574,2400592,23.86,0.89
3322,2021-06-29,LOM,107075,53112,53963,57373,47699,2003,ITC,ITC4,3,Lombardia,Lombardia,10060574,2507667,24.93,1.06
3323,2021-03-21,LOM,23513,8494,15019,17730,5194,589,ITC,ITC4,3,Lombardia,Lombardia,10060574,2531180,25.16,0.23
3324,2021-02-13,LOM,6419,2441,3978,4882,1477,60,ITC,ITC4,3,Lombardia,Lombardia,10060574,2537599,25.22,0.06
3325,2021-06-17,LOM,108527,52697,55830,51064,56283,1180,ITC,ITC4,3,Lombardia,Lombardia,10060574,2646126,26.3,1.08
3326,2021-03-09,LOM,33221,12863,20358,25242,7397,582,ITC,ITC4,3,Lombardia,Lombardia,10060574,2679347,26.63,0.33
3327,2021-05-05,LOM,87933,41924,46009,70356,15315,2262,ITC,ITC4,3,Lombardia,Lombardia,10060574,2767280,27.51,0.87
3328,2021-07-01,LOM,104850,52784,52066,53323,49133,2394,ITC,ITC4,3,Lombardia,Lombardia,10060574,2872130,28.55,1.04
3329,2021-07-08,LOM,114129,58116,56013,13150,99955,1024,ITC,ITC4,3,Lombardia,Lombardia,10060574,2986259,29.68,1.13
3330,2021-04-16,LOM,53674,23923,29751,38424,14358,892,ITC,ITC4,3,Lombardia,Lombardia,10060574,3039933,30.22,0.53
3331,2021-05-03,LOM,83703,39755,43948,69456,12125,2122,ITC,ITC4,3,Lombardia,Lombardia,10060574,3123636,31.05,0.83
3332,2021-01-23,LOM,1116,357,759,914,199,3,ITC,ITC4,3,Lombardia,Lombardia,10060574,3124752,31.06,0.01
3333,2021-06-21,LOM,113210,58008,55202,78332,32702,2176,ITC,ITC4,3,Lombardia,Lombardia,10060574,3237962,32.18,1.13
3334,2021-05-17,LOM,94633,45350,49283,29521,64409,703,ITC,ITC4,3,Lombardia,Lombardia,10060574,3332595,33.13,0.94
3335,2021-05-19,LOM,82881,39587,43294,33041,49065,775,ITC,ITC4,3,Lombardia,Lombardia,10060574,3415476,33.95,0.82
3336,2021-02-08,LOM,10083,2919,7164,2121,7953,9,ITC,ITC4,3,Lombardia,Lombardia,10060574,3425559,34.05,0.1
3337,2021-02-25,LOM,15293,6349,8944,13520,1572,201,ITC,ITC4,3,Lombardia,Lombardia,10060574,3440852,34.2,0.15
3338,2021-05-07,LOM,92287,43696,48591,68363,22385,1539,ITC,ITC4,3,Lombardia,Lombardia,10060574,3533139,35.12,0.92
3339,2021-03-18,LOM,27391,10955,16436,15928,11238,225,ITC,ITC4,3,Lombardia,Lombardia,10060574,3560530,35.39,0.27
3340,2021-05-14,LOM,85931,41382,44549,53237,30311,2383,ITC,ITC4,3,Lombardia,Lombardia,10060574,3646461,36.25,0.85
3341,2021-07-10,LOM,107077,54215,52862,13914,91993,1170,ITC,ITC4,3,Lombardia,Lombardia,10060574,3753538,37.31,1.06
3342,2021-06-26,LOM,105865,55424,50441,77783,25682,2400,ITC,ITC4,3,Lombardia,Lombardia,10060574,3859403,38.36,1.05
3343,2021-02-20,LOM,9339,3868,5471,8844,298,197,ITC,ITC4,3,Lombardia,Lombardia,10060574,3868742,38.45,0.09
3344,2021-04-18,LOM,36404,16229,20175,30522,5240,642,ITC,ITC4,3,Lombardia,Lombardia,10060574,3905146,38.82,0.36
3345,2021-01-08,LOM,12714,3923,8791,12703,0,11,ITC,ITC4,3,Lombardia,Lombardia,10060574,3917860,38.94,0.13
3346,2021-06-14,LOM,94743,48138,46605,49091,44513,1139,ITC,ITC4,3,Lombardia,Lombardia,10060574,4012603,39.88,0.94
3347,2021-05-26,LOM,93657,44645,49012,42731,50035,891,ITC,ITC4,3,Lombardia,Lombardia,10060574,4106260,40.82,0.93
3348,2021-02-15,LOM,8950,3137,5813,8353,418,179,ITC,ITC4,3,Lombardia,Lombardia,10060574,4115210,40.9,0.09
3349,2021-01-13,LOM,26432,8072,18360,26405,0,27,ITC,ITC4,3,Lombardia,Lombardia,10060574,4141642,41.17,0.26
3350,2021-03-04,LOM,29322,12110,17212,20038,9064,220,ITC,ITC4,3,Lombardia,Lombardia,10060574,4170964,41.46,0.29
3351,2021-01-18,LOM,9202,2972,6230,8212,975,15,ITC,ITC4,3,Lombardia,Lombardia,10060574,4180166,41.55,0.09
3352,2021-03-23,LOM,42573,15466,27107,28858,12860,855,ITC,ITC4,3,Lombardia,Lombardia,10060574,4222739,41.97,0.42
3353,2021-01-25,LOM,7022,2373,4649,472,6547,3,ITC,ITC4,3,Lombardia,Lombardia,10060574,4229761,42.04,0.07
3354,2021-02-01,LOM,16066,5322,10744,307,15757,2,ITC,ITC4,3,Lombardia,Lombardia,10060574,4245827,42.2,0.16
3355,2021-07-05,LOM,101359,49511,51848,31224,68250,1885,ITC,ITC4,3,Lombardia,Lombardia,10060574,4347186,43.21,1.01
3356,2021-02-06,LOM,15264,5539,9725,1011,14249,4,ITC,ITC4,3,Lombardia,Lombardia,10060574,4362450,43.36,0.15
3357,2021-05-02,LOM,83504,38337,45167,59260,22464,1780,ITC,ITC4,3,Lombardia,Lombardia,10060574,4445954,44.19,0.83
3358,2021-04-13,LOM,47650,21269,26381,32928,14079,643,ITC,ITC4,3,Lombardia,Lombardia,10060574,4493604,44.67,0.47
3359,2021-04-30,LOM,117252,54794,62458,87197,27491,2564,ITC,ITC4,3,Lombardia,Lombardia,10060574,4610856,45.83,1.17
3360,2021-01-20,LOM,5667,1377,4290,5547,114,6,ITC,ITC4,3,Lombardia,Lombardia,10060574,4616523,45.89,0.06
3361,2021-06-16,LOM,99211,50417,48794,49917,48140,1154,ITC,ITC4,3,Lombardia,Lombardia,10060574,4715734,46.87,0.99
3362,2021-03-06,LOM,21339,9099,12240,16523,4513,303,ITC,ITC4,3,Lombardia,Lombardia,10060574,4737073,47.09,0.21
3363,2021-06-09,LOM,103598,52202,51396,87415,14463,1720,ITC,ITC4,3,Lombardia,Lombardia,10060574,4840671,48.12,1.03
3364,2021-03-20,LOM,32592,12163,20429,22241,9851,500,ITC,ITC4,3,Lombardia,Lombardia,10060574,4873263,48.44,0.32
3365,2020-12-27,LOM,718,414,304,718,0,0,ITC,ITC4,3,Lombardia,Lombardia,10060574,4873981,48.45,0.01
3366,2021-05-09,LOM,69708,32884,36824,54466,13269,1973,ITC,ITC4,3,Lombardia,Lombardia,10060574,4943689,49.14,0.69
3367,2021-01-29,LOM,13489,4127,9362,683,12803,3,ITC,ITC4,3,Lombardia,Lombardia,10060574,4957178,49.27,0.13
3368,2021-06-13,LOM,75994,40559,35435,72283,2124,1587,ITC,ITC4,3,Lombardia,Lombardia,10060574,5033172,50.03,0.76
3369,2021-03-05,LOM,28948,11940,17008,20229,8419,300,ITC,ITC4,3,Lombardia,Lombardia,10060574,5062120,50.32,0.29
3370,2021-06-27,LOM,90905,46795,44110,69781,18828,2296,ITC,ITC4,3,Lombardia,Lombardia,10060574,5153025,51.22,0.9
3371,2021-03-19,LOM,32428,12915,19513,18905,13200,323,ITC,ITC4,3,Lombardia,Lombardia,10060574,5185453,51.54,0.32
3372,2021-05-27,LOM,94817,45434,49383,40603,53425,789,ITC,ITC4,3,Lombardia,Lombardia,10060574,5280270,52.48,0.94
3373,2021-04-24,LOM,75807,33596,42211,53435,21132,1240,ITC,ITC4,3,Lombardia,Lombardia,10060574,5356077,53.24,0.75
3374,2021-01-14,LOM,26919,7803,19116,26864,0,55,ITC,ITC4,3,Lombardia,Lombardia,10060574,5382996,53.51,0.27
3375,2021-05-08,LOM,87728,40756,46972,63467,22043,2218,ITC,ITC4,3,Lombardia,Lombardia,10060574,5470724,54.38,0.87
3376,2021-01-15,LOM,25221,7435,17786,25169,0,52,ITC,ITC4,3,Lombardia,Lombardia,10060574,5495945,54.63,0.25
3377,2021-04-29,LOM,115515,53589,61926,83090,29845,2580,ITC,ITC4,3,Lombardia,Lombardia,10060574,5611460,55.78,1.15
3378,2021-06-25,LOM,108023,56060,51963,78192,27522,2309,ITC,ITC4,3,Lombardia,Lombardia,10060574,5719483,56.85,1.07
3379,2021-04-20,LOM,67669,30833,36836,55898,10340,1431,ITC,ITC4,3,Lombardia,Lombardia,10060574,5787152,57.52,0.67
3380,2021-01-10,LOM,10519,3960,6559,10510,0,9,ITC,ITC4,3,Lombardia,Lombardia,10060574,5797671,57.63,0.1
3381,2021-01-17,LOM,8350,3347,5003,8143,201,6,ITC,ITC4,3,Lombardia,Lombardia,10060574,5806021,57.71,0.08
3382,2021-06-23,LOM,110770,57315,53455,76719,31904,2147,ITC,ITC4,3,Lombardia,Lombardia,10060574,5916791,58.81,1.1
3383,2021-03-15,LOM,31557,11333,20224,22426,8517,614,ITC,ITC4,3,Lombardia,Lombardia,10060574,5948348,59.13,0.31
3384,2021-02-10,LOM,14402,4507,9895,7547,6824,31,ITC,ITC4,3,Lombardia,Lombardia,10060574,5962750,59.27,0.14
3385,2021-02-03,LOM,25646,7917,17729,1076,24565,5,ITC,ITC4,3,Lombardia,Lombardia,10060574,5988396,59.52,0.25
3386,2021-04-01,LOM,42964,17235,25729,26049,16204,711,ITC,ITC4,3,Lombardia,Lombardia,10060574,6031360,59.95,0.43
3387,2021-04-03,LOM,36243,14861,21382,25771,10091,381,ITC,ITC4,3,Lombardia,Lombardia,10060574,6067603,60.31,0.36
3388,2021-05-30,LOM,74367,35587,38780,33790,39957,620,ITC,ITC4,3,Lombardia,Lombardia,10060574,6141970,61.05,0.74
3389,2021-05-23,LOM,60763,28928,31835,26293,33955,515,ITC,ITC4,3,Lombardia,Lombardia,10060574,6202733,61.65,0.6
3390,2021-02-12,LOM,13964,4366,9598,8869,4935,160,ITC,ITC4,3,Lombardia,Lombardia,10060574,6216697,61.79,0.14
3391,2021-04-10,LOM,52739,21837,30902,40030,11956,753,ITC,ITC4,3,Lombardia,Lombardia,10060574,6269436,62.32,0.52
3392,2021-06-06,LOM,90123,46344,43779,79523,9221,1379,ITC,ITC4,3,Lombardia,Lombardia,10060574,6359559,63.21,0.9
3393,2021-01-07,LOM,11763,3636,8127,11723,0,40,ITC,ITC4,3,Lombardia,Lombardia,10060574,6371322,63.33,0.12
3394,2021-02-19,LOM,14218,5400,8818,13320,723,175,ITC,ITC4,3,Lombardia,Lombardia,10060574,6385540,63.47,0.14
3395,2021-04-17,LOM,48512,21305,27207,36944,10850,718,ITC,ITC4,3,Lombardia,Lombardia,10060574,6434052,63.95,0.48
3396,2021-02-26,LOM,18396,7554,10842,16319,1873,204,ITC,ITC4,3,Lombardia,Lombardia,10060574,6452448,64.14,0.18
3397,2020-12-31,LOM,714,302,412,714,0,0,ITC,ITC4,3,Lombardia,Lombardia,10060574,6453162,64.14,0.01
3398,2021-06-30,LOM,106736,52890,53846,56567,48063,2106,ITC,ITC4,3,Lombardia,Lombardia,10060574,6559898,65.2,1.06
3399,2021-03-22,LOM,40336,14302,26034,28944,10557,835,ITC,ITC4,3,Lombardia,Lombardia,10060574,6600234,65.6,0.4
3400,2021-04-08,LOM,52357,21762,30595,35223,16459,675,ITC,ITC4,3,Lombardia,Lombardia,10060574,6652591,66.13,0.52
3401,2020-12-29,LOM,106,45,61,106,0,0,ITC,ITC4,3,Lombardia,Lombardia,10060574,6652697,66.13,0.0
3402,2021-04-22,LOM,73928,33397,40531,56200,16336,1392,ITC,ITC4,3,Lombardia,Lombardia,10060574,6726625,66.86,0.73
3403,2021-03-03,LOM,26971,11515,15456,19470,7282,219,ITC,ITC4,3,Lombardia,Lombardia,10060574,6753596,67.13,0.27
3404,2021-05-11,LOM,86876,41434,45442,58241,26223,2412,ITC,ITC4,3,Lombardia,Lombardia,10060574,6840472,67.99,0.86
3405,2021-05-28,LOM,93526,44821,48705,42024,50587,915,ITC,ITC4,3,Lombardia,Lombardia,10060574,6933998,68.92,0.93
3406,2021-02-17,LOM,11990,3756,8234,10407,1390,193,ITC,ITC4,3,Lombardia,Lombardia,10060574,6945988,69.04,0.12
3407,2021-06-11,LOM,101373,51654,49719,84888,14589,1896,ITC,ITC4,3,Lombardia,Lombardia,10060574,7047361,70.05,1.01
3408,2021-01-22,LOM,3143,869,2274,3069,69,5,ITC,ITC4,3,Lombardia,Lombardia,10060574,7050504,70.08,0.03
3409,2021-07-07,LOM,111749,56010,55739,17974,92607,1168,ITC,ITC4,3,Lombardia,Lombardia,10060574,7162253,71.19,1.11
3410,2021-03-08,LOM,29748,11187,18561,22150,7079,519,ITC,ITC4,3,Lombardia,Lombardia,10060574,7192001,71.49,0.3
3411,2021-05-04,LOM,86818,41076,45742,70283,14393,2142,ITC,ITC4,3,Lombardia,Lombardia,10060574,7278819,72.35,0.86
3412,2021-01-24,LOM,1199,457,742,536,663,0,ITC,ITC4,3,Lombardia,Lombardia,10060574,7280018,72.36,0.01
3413,2021-06-01,LOM,93947,46100,47847,75745,17095,1107,ITC,ITC4,3,Lombardia,Lombardia,10060574,7373965,73.3,0.93
3414,2021-01-02,LOM,202,74,128,202,0,0,ITC,ITC4,3,Lombardia,Lombardia,10060574,7374167,73.3,0.0
3415,2021-06-08,LOM,102851,52287,50564,87145,14036,1670,ITC,ITC4,3,Lombardia,Lombardia,10060574,7477018,74.32,1.02
3416,2021-02-28,LOM,7884,3254,4630,7602,210,72,ITC,ITC4,3,Lombardia,Lombardia,10060574,7484902,74.4,0.08
3417,2021-04-26,LOM,87958,40927,47031,67025,19165,1768,ITC,ITC4,3,Lombardia,Lombardia,10060574,7572860,75.27,0.87
3418,2021-04-12,LOM,47244,20583,26661,32264,14343,637,ITC,ITC4,3,Lombardia,Lombardia,10060574,7620104,75.74,0.47
3419,2021-02-21,LOM,5053,1864,3189,4942,17,94,ITC,ITC4,3,Lombardia,Lombardia,10060574,7625157,75.79,0.05
3420,2021-04-19,LOM,60116,27349,32767,49441,9403,1272,ITC,ITC4,3,Lombardia,Lombardia,10060574,7685273,76.39,0.6
3421,2021-06-15,LOM,95964,48837,47127,49001,45889,1074,ITC,ITC4,3,Lombardia,Lombardia,10060574,7781237,77.34,0.95
3422,2021-04-05,LOM,27380,11695,15685,19023,8103,254,ITC,ITC4,3,Lombardia,Lombardia,10060574,7808617,77.62,0.27
3423,2021-01-31,LOM,9740,3765,5975,29,9711,0,ITC,ITC4,3,Lombardia,Lombardia,10060574,7818357,77.71,0.1
3424,2021-05-25,LOM,91160,43622,47538,43842,46493,825,ITC,ITC4,3,Lombardia,Lombardia,10060574,7909517,78.62,0.91
3425,2021-02-14,LOM,3583,1547,2036,2934,635,14,ITC,ITC4,3,Lombardia,Lombardia,10060574,7913100,78.65,0.04
3426,2021-01-12,LOM,20230,6701,13529,20201,0,29,ITC,ITC4,3,Lombardia,Lombardia,10060574,7933330,78.86,0.2
3427,2021-04-27,LOM,86013,39981,46032,67641,16565,1807,ITC,ITC4,3,Lombardia,Lombardia,10060574,8019343,79.71,0.85
3428,2021-03-17,LOM,26258,10496,15762,15099,10999,160,ITC,ITC4,3,Lombardia,Lombardia,10060574,8045601,79.97,0.26
3429,2021-07-04,LOM,86638,43334,43304,40179,44505,1954,ITC,ITC4,3,Lombardia,Lombardia,10060574,8132239,80.83,0.86
3430,2021-07-02,LOM,103728,51975,51753,48847,52674,2207,ITC,ITC4,3,Lombardia,Lombardia,10060574,8235967,81.86,1.03
3431,2021-03-24,LOM,43240,15609,27631,30466,11883,891,ITC,ITC4,3,Lombardia,Lombardia,10060574,8279207,82.29,0.43
3432,2021-02-09,LOM,12217,3334,8883,4023,8180,14,ITC,ITC4,3,Lombardia,Lombardia,10060574,8291424,82.42,0.12
3433,2021-04-15,LOM,49449,21860,27589,34871,13825,753,ITC,ITC4,3,Lombardia,Lombardia,10060574,8340873,82.91,0.49
3434,2021-01-05,LOM,7856,2576,5280,7850,0,6,ITC,ITC4,3,Lombardia,Lombardia,10060574,8348729,82.98,0.08
3435,2021-03-27,LOM,32441,12377,20064,23102,8708,631,ITC,ITC4,3,Lombardia,Lombardia,10060574,8381170,83.31,0.32
3436,2021-01-03,LOM,854,316,538,853,0,1,ITC,ITC4,3,Lombardia,Lombardia,10060574,8382024,83.32,0.01
3437,2021-06-22,LOM,110940,57909,53031,78986,29831,2123,ITC,ITC4,3,Lombardia,Lombardia,10060574,8492964,84.42,1.1
3438,2021-07-09,LOM,115237,58762,56475,11694,102663,880,ITC,ITC4,3,Lombardia,Lombardia,10060574,8608201,85.56,1.15
3439,2021-06-03,LOM,97138,49715,47423,84603,10870,1665,ITC,ITC4,3,Lombardia,Lombardia,10060574,8705339,86.53,0.97
3440,2021-06-20,LOM,88929,44326,44603,52830,34861,1238,ITC,ITC4,3,Lombardia,Lombardia,10060574,8794268,87.41,0.88
3441,2021-03-12,LOM,35269,12967,22302,24447,10204,618,ITC,ITC4,3,Lombardia,Lombardia,10060574,8829537,87.76,0.35
3442,2021-03-29,LOM,40046,15542,24504,24528,14837,681,ITC,ITC4,3,Lombardia,Lombardia,10060574,8869583,88.16,0.4
3443,2021-06-18,LOM,107585,52845,54740,51940,54406,1239,ITC,ITC4,3,Lombardia,Lombardia,10060574,8977168,89.23,1.07
3444,2021-03-01,LOM,18794,8233,10561,16882,1705,207,ITC,ITC4,3,Lombardia,Lombardia,10060574,8995962,89.42,0.19
3445,2021-05-15,LOM,80906,38783,42123,45474,33384,2048,ITC,ITC4,3,Lombardia,Lombardia,10060574,9076868,90.22,0.8
3446,2021-05-13,LOM,87155,41768,45387,55713,28853,2589,ITC,ITC4,3,Lombardia,Lombardia,10060574,9164023,91.09,0.87
3447,2021-02-02,LOM,19880,6598,13282,496,19381,3,ITC,ITC4,3,Lombardia,Lombardia,10060574,9183903,91.29,0.2
3448,2021-03-31,LOM,42112,17078,25034,26182,15253,677,ITC,ITC4,3,Lombardia,Lombardia,10060574,9226015,91.7,0.42
3449,2021-03-10,LOM,33250,12716,20534,24800,7863,587,ITC,ITC4,3,Lombardia,Lombardia,10060574,9259265,92.04,0.33
3450,2021-05-06,LOM,89833,42194,47639,70967,16499,2367,ITC,ITC4,3,Lombardia,Lombardia,10060574,9349098,92.93,0.89
3451,2021-01-26,LOM,8342,2706,5636,349,7993,0,ITC,ITC4,3,Lombardia,Lombardia,10060574,9357440,93.01,0.08
3452,2021-04-07,LOM,50590,20923,29667,34072,15811,707,ITC,ITC4,3,Lombardia,Lombardia,10060574,9408030,93.51,0.5
3453,2021-06-02,LOM,84637,43577,41060,76989,6331,1317,ITC,ITC4,3,Lombardia,Lombardia,10060574,9492667,94.36,0.84
3454,2021-03-11,LOM,36217,13477,22740,25624,9909,684,ITC,ITC4,3,Lombardia,Lombardia,10060574,9528884,94.72,0.36
3455,2021-03-30,LOM,39630,15590,24040,24239,14780,611,ITC,ITC4,3,Lombardia,Lombardia,10060574,9568514,95.11,0.39
3456,2021-01-06,LOM,7061,2493,4568,7056,0,5,ITC,ITC4,3,Lombardia,Lombardia,10060574,9575575,95.18,0.07
3457,2021-05-18,LOM,88201,42158,46043,31865,55570,766,ITC,ITC4,3,Lombardia,Lombardia,10060574,9663776,96.06,0.88
3458,2021-06-04,LOM,104615,54304,50311,93198,9628,1789,ITC,ITC4,3,Lombardia,Lombardia,10060574,9768391,97.1,1.04
3459,2021-02-24,LOM,14720,5957,8763,13557,954,209,ITC,ITC4,3,Lombardia,Lombardia,10060574,9783111,97.24,0.15
3460,2021-05-16,LOM,68699,32505,36194,35586,32203,910,ITC,ITC4,3,Lombardia,Lombardia,10060574,9851810,97.92,0.68
3461,2021-02-05,LOM,25706,7456,18250,2409,23278,19,ITC,ITC4,3,Lombardia,Lombardia,10060574,9877516,98.18,0.26
3462,2021-02-22,LOM,11897,4809,7088,11393,305,199,ITC,ITC4,3,Lombardia,Lombardia,10060574,9889413,98.3,0.12
3463,2021-03-13,LOM,27177,9772,17405,20530,6095,552,ITC,ITC4,3,Lombardia,Lombardia,10060574,9916590,98.57,0.27
3464,2021-05-01,LOM,95978,43675,52303,65054,29212,1712,ITC,ITC4,3,Lombardia,Lombardia,10060574,10012568,99.52,0.95
3465,2021-01-21,LOM,5465,1598,3867,4759,690,16,ITC,ITC4,3,Lombardia,Lombardia,10060574,10018033,99.58,0.05
3466,2021-02-07,LOM,7312,2825,4487,335,6974,3,ITC,ITC4,3,Lombardia,Lombardia,10060574,10025345,99.65,0.07
3467,2021-01-19,LOM,8053,2329,5724,7571,468,14,ITC,ITC4,3,Lombardia,Lombardia,10060574,10033398,99.73,0.08
3468,2021-05-20,LOM,94434,45633,48801,31237,62554,643,ITC,ITC4,3,Lombardia,Lombardia,10060574,10127832,100.67,0.94
3469,2021-02-10,ABR,947,312,635,493,444,10,ITF,ITF1,13,Abruzzo,Abruzzo,1304970,947,0.07,0.07
3470,2021-05-04,ABR,10860,5099,5761,7054,3616,190,ITF,ITF1,13,Abruzzo,Abruzzo,1304970,11807,0.9,0.83
3471,2021-03-08,ABR,5149,1693,3456,4089,970,90,ITF,ITF1,13,Abruzzo,Abruzzo,1304970,16956,1.3,0.39
3472,2021-01-24,ABR,50,22,28,6,44,0,ITF,ITF1,13,Abruzzo,Abruzzo,1304970,17006,1.3,0.0
3473,2021-03-01,ABR,3478,1385,2093,2704,751,23,ITF,ITF1,13,Abruzzo,Abruzzo,1304970,20484,1.57,0.27
3474,2021-06-18,ABR,10173,4994,5179,6544,3487,142,ITF,ITF1,13,Abruzzo,Abruzzo,1304970,30657,2.35,0.78
3475,2020-12-27,ABR,37,19,18,37,0,0,ITF,ITF1,13,Abruzzo,Abruzzo,1304970,30694,2.35,0.0
3476,2021-03-20,ABR,4793,2199,2594,2560,2171,62,ITF,ITF1,13,Abruzzo,Abruzzo,1304970,35487,2.72,0.37
3477,2021-06-13,ABR,9850,4926,4924,7849,1836,165,ITF,ITF1,13,Abruzzo,Abruzzo,1304970,45337,3.47,0.75
3478,2021-01-29,ABR,1387,449,938,73,1313,1,ITF,ITF1,13,Abruzzo,Abruzzo,1304970,46724,3.58,0.11
3479,2021-01-10,ABR,1139,409,730,1135,0,4,ITF,ITF1,13,Abruzzo,Abruzzo,1304970,47863,3.67,0.09
3480,2021-04-29,ABR,12674,5852,6822,9277,3095,302,ITF,ITF1,13,Abruzzo,Abruzzo,1304970,60537,4.64,0.97
3481,2021-06-25,ABR,10978,5433,5545,4829,6008,141,ITF,ITF1,13,Abruzzo,Abruzzo,1304970,71515,5.48,0.84
3482,2021-01-15,ABR,379,149,230,365,0,14,ITF,ITF1,13,Abruzzo,Abruzzo,1304970,71894,5.51,0.03
3483,2021-04-27,ABR,9084,4368,4716,6506,2467,111,ITF,ITF1,13,Abruzzo,Abruzzo,1304970,80978,6.21,0.7
3484,2021-07-02,ABR,11834,5946,5888,4831,6821,182,ITF,ITF1,13,Abruzzo,Abruzzo,1304970,92812,7.11,0.91
3485,2021-03-03,ABR,4634,1892,2742,3705,906,23,ITF,ITF1,13,Abruzzo,Abruzzo,1304970,97446,7.47,0.36
3486,2021-04-08,ABR,7394,3337,4057,4933,2330,131,ITF,ITF1,13,Abruzzo,Abruzzo,1304970,104840,8.03,0.57
3487,2021-04-22,ABR,6732,3250,3482,4828,1730,174,ITF,ITF1,13,Abruzzo,Abruzzo,1304970,111572,8.55,0.52
3488,2021-03-22,ABR,4343,1907,2436,2311,1971,61,ITF,ITF1,13,Abruzzo,Abruzzo,1304970,115915,8.88,0.33
3489,2021-06-30,ABR,11084,5393,5691,4445,6474,165,ITF,ITF1,13,Abruzzo,Abruzzo,1304970,126999,9.73,0.85
3490,2021-02-22,ABR,2643,1174,1469,2588,30,25,ITF,ITF1,13,Abruzzo,Abruzzo,1304970,129642,9.93,0.2
3491,2021-02-05,ABR,1534,521,1013,772,746,16,ITF,ITF1,13,Abruzzo,Abruzzo,1304970,131176,10.05,0.12
3492,2021-05-16,ABR,9577,4137,5440,5647,3813,117,ITF,ITF1,13,Abruzzo,Abruzzo,1304970,140753,10.79,0.73
3493,2021-06-04,ABR,15637,7393,8244,10756,4696,185,ITF,ITF1,13,Abruzzo,Abruzzo,1304970,156390,11.98,1.2
3494,2021-05-18,ABR,12110,5660,6450,7562,4380,168,ITF,ITF1,13,Abruzzo,Abruzzo,1304970,168500,12.91,0.93
3495,2021-02-24,ABR,3305,1441,1864,3112,176,17,ITF,ITF1,13,Abruzzo,Abruzzo,1304970,171805,13.17,0.25
3496,2021-01-22,ABR,118,57,61,118,0,0,ITF,ITF1,13,Abruzzo,Abruzzo,1304970,171923,13.17,0.01
3497,2021-01-03,ABR,471,185,286,469,0,2,ITF,ITF1,13,Abruzzo,Abruzzo,1304970,172394,13.21,0.04
3498,2021-03-27,ABR,6121,2620,3501,3564,2486,71,ITF,ITF1,13,Abruzzo,Abruzzo,1304970,178515,13.68,0.47
3499,2021-05-30,ABR,8658,4110,4548,5326,3253,79,ITF,ITF1,13,Abruzzo,Abruzzo,1304970,187173,14.34,0.66
3500,2021-04-03,ABR,5160,2257,2903,3484,1597,79,ITF,ITF1,13,Abruzzo,Abruzzo,1304970,192333,14.74,0.4
3501,2021-02-03,ABR,2062,717,1345,411,1643,8,ITF,ITF1,13,Abruzzo,Abruzzo,1304970,194395,14.9,0.16
3502,2021-02-28,ABR,1702,508,1194,1666,2,34,ITF,ITF1,13,Abruzzo,Abruzzo,1304970,196097,15.03,0.13
3503,2021-01-02,ABR,552,220,332,551,0,1,ITF,ITF1,13,Abruzzo,Abruzzo,1304970,196649,15.07,0.04
3504,2021-06-08,ABR,12855,6612,6243,10420,2198,237,ITF,ITF1,13,Abruzzo,Abruzzo,1304970,209504,16.05,0.99
3505,2021-04-26,ABR,8562,4065,4497,7142,1214,206,ITF,ITF1,13,Abruzzo,Abruzzo,1304970,218066,16.71,0.66
3506,2021-06-01,ABR,11007,4883,6124,6513,4374,120,ITF,ITF1,13,Abruzzo,Abruzzo,1304970,229073,17.55,0.84
3507,2021-02-02,ABR,1763,668,1095,218,1541,4,ITF,ITF1,13,Abruzzo,Abruzzo,1304970,230836,17.69,0.14
3508,2021-05-13,ABR,11146,5042,6104,6959,3959,228,ITF,ITF1,13,Abruzzo,Abruzzo,1304970,241982,18.54,0.85
3509,2021-03-31,ABR,6714,2939,3775,4555,2069,90,ITF,ITF1,13,Abruzzo,Abruzzo,1304970,248696,19.06,0.51
3510,2021-05-15,ABR,11426,5177,6249,5948,5302,176,ITF,ITF1,13,Abruzzo,Abruzzo,1304970,260122,19.93,0.88
3511,2021-03-15,ABR,3683,1447,2236,1845,1807,31,ITF,ITF1,13,Abruzzo,Abruzzo,1304970,263805,20.22,0.28
3512,2021-01-17,ABR,188,59,129,180,7,1,ITF,ITF1,13,Abruzzo,Abruzzo,1304970,263993,20.23,0.01
3513,2021-06-23,ABR,11017,5289,5728,5581,5291,145,ITF,ITF1,13,Abruzzo,Abruzzo,1304970,275010,21.07,0.84
3514,2021-03-17,ABR,4539,1873,2666,2776,1740,23,ITF,ITF1,13,Abruzzo,Abruzzo,1304970,279549,21.42,0.35
3515,2021-05-27,ABR,13312,6095,7217,8318,4820,174,ITF,ITF1,13,Abruzzo,Abruzzo,1304970,292861,22.44,1.02
3516,2021-03-19,ABR,5794,2584,3210,2733,3020,41,ITF,ITF1,13,Abruzzo,Abruzzo,1304970,298655,22.89,0.44
3517,2021-02-17,ABR,2071,948,1123,1780,282,9,ITF,ITF1,13,Abruzzo,Abruzzo,1304970,300726,23.04,0.16
3518,2021-06-11,ABR,11779,5853,5926,8831,2766,182,ITF,ITF1,13,Abruzzo,Abruzzo,1304970,312505,23.95,0.9
3519,2021-05-11,ABR,10760,5117,5643,5736,4851,173,ITF,ITF1,13,Abruzzo,Abruzzo,1304970,323265,24.77,0.82
3520,2021-02-12,ABR,1228,567,661,1026,189,13,ITF,ITF1,13,Abruzzo,Abruzzo,1304970,324493,24.87,0.09
3521,2021-05-23,ABR,9881,4696,5185,7068,2692,121,ITF,ITF1,13,Abruzzo,Abruzzo,1304970,334374,25.62,0.76
3522,2021-06-06,ABR,11149,5308,5841,8779,2242,128,ITF,ITF1,13,Abruzzo,Abruzzo,1304970,345523,26.48,0.85
3523,2021-04-10,ABR,8774,4057,4717,6127,2508,139,ITF,ITF1,13,Abruzzo,Abruzzo,1304970,354297,27.15,0.67
3524,2021-01-05,ABR,1615,604,1011,1610,0,5,ITF,ITF1,13,Abruzzo,Abruzzo,1304970,355912,27.27,0.12
3525,2021-04-15,ABR,7820,3680,4140,5835,1840,145,ITF,ITF1,13,Abruzzo,Abruzzo,1304970,363732,27.87,0.6
3526,2021-07-07,ABR,11995,5884,6111,4027,7730,238,ITF,ITF1,13,Abruzzo,Abruzzo,1304970,375727,28.79,0.92
3527,2021-07-09,ABR,13617,6801,6816,2906,10578,133,ITF,ITF1,13,Abruzzo,Abruzzo,1304970,389344,29.84,1.04
3528,2021-06-22,ABR,10407,4877,5530,5385,4844,178,ITF,ITF1,13,Abruzzo,Abruzzo,1304970,399751,30.63,0.8
3529,2021-01-19,ABR,111,55,56,90,20,1,ITF,ITF1,13,Abruzzo,Abruzzo,1304970,399862,30.64,0.01
3530,2021-02-07,ABR,779,308,471,200,578,1,ITF,ITF1,13,Abruzzo,Abruzzo,1304970,400641,30.7,0.06
3531,2021-01-21,ABR,157,47,110,157,0,0,ITF,ITF1,13,Abruzzo,Abruzzo,1304970,400798,30.71,0.01
3532,2021-04-19,ABR,6231,2861,3370,3787,2375,69,ITF,ITF1,13,Abruzzo,Abruzzo,1304970,407029,31.19,0.48
3533,2021-02-21,ABR,1218,550,668,1193,1,24,ITF,ITF1,13,Abruzzo,Abruzzo,1304970,408247,31.28,0.09
3534,2021-06-15,ABR,11318,5562,5756,8684,2428,206,ITF,ITF1,13,Abruzzo,Abruzzo,1304970,419565,32.15,0.87
3535,2021-04-12,ABR,6240,2958,3282,4987,1174,79,ITF,ITF1,13,Abruzzo,Abruzzo,1304970,425805,32.63,0.48
3536,2021-03-10,ABR,5047,1682,3365,4026,957,64,ITF,ITF1,13,Abruzzo,Abruzzo,1304970,430852,33.02,0.39
3537,2021-01-26,ABR,1542,567,975,29,1513,0,ITF,ITF1,13,Abruzzo,Abruzzo,1304970,432394,33.13,0.12
3538,2021-05-06,ABR,12974,6073,6901,7795,5026,153,ITF,ITF1,13,Abruzzo,Abruzzo,1304970,445368,34.13,0.99
3539,2021-03-05,ABR,5349,1958,3391,4593,697,59,ITF,ITF1,13,Abruzzo,Abruzzo,1304970,450717,34.54,0.41
3540,2021-06-27,ABR,8373,4304,4069,5014,3218,141,ITF,ITF1,13,Abruzzo,Abruzzo,1304970,459090,35.18,0.64
3541,2021-04-07,ABR,7223,3334,3889,4315,2784,124,ITF,ITF1,13,Abruzzo,Abruzzo,1304970,466313,35.73,0.55
3542,2021-05-08,ABR,10291,4870,5421,6338,3832,121,ITF,ITF1,13,Abruzzo,Abruzzo,1304970,476604,36.52,0.79
3543,2021-04-24,ABR,8726,3974,4752,6942,1531,253,ITF,ITF1,13,Abruzzo,Abruzzo,1304970,485330,37.19,0.67
3544,2021-01-14,ABR,530,189,341,528,0,2,ITF,ITF1,13,Abruzzo,Abruzzo,1304970,485860,37.23,0.04
3545,2021-04-05,ABR,2692,1147,1545,1731,879,82,ITF,ITF1,13,Abruzzo,Abruzzo,1304970,488552,37.44,0.21
3546,2021-01-12,ABR,1805,667,1138,1791,0,14,ITF,ITF1,13,Abruzzo,Abruzzo,1304970,490357,37.58,0.14
3547,2021-05-25,ABR,11417,5324,6093,8083,3137,197,ITF,ITF1,13,Abruzzo,Abruzzo,1304970,501774,38.45,0.87
3548,2021-01-31,ABR,1521,494,1027,288,1232,1,ITF,ITF1,13,Abruzzo,Abruzzo,1304970,503295,38.57,0.12
3549,2021-04-17,ABR,7360,3403,3957,4218,3053,89,ITF,ITF1,13,Abruzzo,Abruzzo,1304970,510655,39.13,0.56
3550,2021-02-19,ABR,3300,1551,1749,3162,100,38,ITF,ITF1,13,Abruzzo,Abruzzo,1304970,513955,39.38,0.25
3551,2021-01-07,ABR,1605,553,1052,1598,0,7,ITF,ITF1,13,Abruzzo,Abruzzo,1304970,515560,39.51,0.12
3552,2021-05-01,ABR,10734,5042,5692,5628,4974,132,ITF,ITF1,13,Abruzzo,Abruzzo,1304970,526294,40.33,0.82
3553,2021-05-20,ABR,12803,5927,6876,7415,5262,126,ITF,ITF1,13,Abruzzo,Abruzzo,1304970,539097,41.31,0.98
3554,2021-03-24,ABR,6383,2784,3599,3997,2251,135,ITF,ITF1,13,Abruzzo,Abruzzo,1304970,545480,41.8,0.49
3555,2021-02-09,ABR,909,312,597,499,409,1,ITF,ITF1,13,Abruzzo,Abruzzo,1304970,546389,41.87,0.07
3556,2021-07-04,ABR,8374,4215,4159,3333,4917,124,ITF,ITF1,13,Abruzzo,Abruzzo,1304970,554763,42.51,0.64
3557,2021-02-16,ABR,1917,842,1075,1892,12,13,ITF,ITF1,13,Abruzzo,Abruzzo,1304970,556680,42.66,0.15
3558,2021-03-02,ABR,3965,1675,2290,3261,684,20,ITF,ITF1,13,Abruzzo,Abruzzo,1304970,560645,42.96,0.3
3559,2021-06-10,ABR,12705,6318,6387,10308,2159,238,ITF,ITF1,13,Abruzzo,Abruzzo,1304970,573350,43.94,0.97
3560,2021-01-28,ABR,1433,495,938,12,1421,0,ITF,ITF1,13,Abruzzo,Abruzzo,1304970,574783,44.05,0.11
3561,2021-01-11,ABR,1553,557,996,1549,0,4,ITF,ITF1,13,Abruzzo,Abruzzo,1304970,576336,44.16,0.12
3562,2021-04-21,ABR,6389,3101,3288,4637,1674,78,ITF,ITF1,13,Abruzzo,Abruzzo,1304970,582725,44.65,0.49
3563,2021-06-28,ABR,10049,4834,5215,5307,4574,168,ITF,ITF1,13,Abruzzo,Abruzzo,1304970,592774,45.42,0.77
3564,2021-04-06,ABR,7677,3578,4099,5234,2318,125,ITF,ITF1,13,Abruzzo,Abruzzo,1304970,600451,46.01,0.59
3565,2021-05-09,ABR,9156,4090,5066,4175,4870,111,ITF,ITF1,13,Abruzzo,Abruzzo,1304970,609607,46.71,0.7
3566,2021-02-15,ABR,1794,832,962,1735,42,17,ITF,ITF1,13,Abruzzo,Abruzzo,1304970,611401,46.85,0.14
3567,2021-05-26,ABR,13542,6039,7503,8390,4991,161,ITF,ITF1,13,Abruzzo,Abruzzo,1304970,624943,47.89,1.04
3568,2021-06-14,ABR,10968,5426,5542,7430,3368,170,ITF,ITF1,13,Abruzzo,Abruzzo,1304970,635911,48.73,0.84
3569,2021-04-09,ABR,8989,4259,4730,6248,2602,139,ITF,ITF1,13,Abruzzo,Abruzzo,1304970,644900,49.42,0.69
3570,2021-04-02,ABR,6694,3102,3592,5117,1487,90,ITF,ITF1,13,Abruzzo,Abruzzo,1304970,651594,49.93,0.51
3571,2021-02-04,ABR,1682,616,1066,598,1072,12,ITF,ITF1,13,Abruzzo,Abruzzo,1304970,653276,50.06,0.13
3572,2021-01-16,ABR,934,430,504,926,0,8,ITF,ITF1,13,Abruzzo,Abruzzo,1304970,654210,50.13,0.07
3573,2021-03-07,ABR,2523,630,1893,2484,0,39,ITF,ITF1,13,Abruzzo,Abruzzo,1304970,656733,50.33,0.19
3574,2021-01-09,ABR,1484,566,918,1472,0,12,ITF,ITF1,13,Abruzzo,Abruzzo,1304970,658217,50.44,0.11
3575,2021-02-26,ABR,3925,1680,2245,2930,969,26,ITF,ITF1,13,Abruzzo,Abruzzo,1304970,662142,50.74,0.3
3576,2021-01-18,ABR,125,51,74,46,79,0,ITF,ITF1,13,Abruzzo,Abruzzo,1304970,662267,50.75,0.01
3577,2021-06-24,ABR,10827,5387,5440,5685,4975,167,ITF,ITF1,13,Abruzzo,Abruzzo,1304970,673094,51.58,0.83
3578,2021-04-28,ABR,9512,4587,4925,7316,2023,173,ITF,ITF1,13,Abruzzo,Abruzzo,1304970,682606,52.31,0.73
3579,2021-05-12,ABR,9632,4602,5030,5876,3581,175,ITF,ITF1,13,Abruzzo,Abruzzo,1304970,692238,53.05,0.74
3580,2021-03-16,ABR,3484,1452,2032,1802,1654,28,ITF,ITF1,13,Abruzzo,Abruzzo,1304970,695722,53.31,0.27
3581,2021-05-05,ABR,11629,5568,6061,6268,5203,158,ITF,ITF1,13,Abruzzo,Abruzzo,1304970,707351,54.2,0.89
3582,2021-03-09,ABR,5176,1804,3372,4155,938,83,ITF,ITF1,13,Abruzzo,Abruzzo,1304970,712527,54.6,0.4
3583,2021-07-01,ABR,12753,6278,6475,5770,6760,223,ITF,ITF1,13,Abruzzo,Abruzzo,1304970,725280,55.58,0.98
3584,2021-06-17,ABR,10912,5456,5456,7299,3455,158,ITF,ITF1,13,Abruzzo,Abruzzo,1304970,736192,56.41,0.84
3585,2021-02-01,ABR,1631,573,1058,270,1360,1,ITF,ITF1,13,Abruzzo,Abruzzo,1304970,737823,56.54,0.12
3586,2021-03-23,ABR,4831,2187,2644,2213,2566,52,ITF,ITF1,13,Abruzzo,Abruzzo,1304970,742654,56.91,0.37
3587,2021-01-25,ABR,1604,632,972,15,1587,2,ITF,ITF1,13,Abruzzo,Abruzzo,1304970,744258,57.03,0.12
3588,2021-05-10,ABR,10109,4782,5327,5374,4649,86,ITF,ITF1,13,Abruzzo,Abruzzo,1304970,754367,57.81,0.77
3589,2021-04-23,ABR,7393,3394,3999,4923,2306,164,ITF,ITF1,13,Abruzzo,Abruzzo,1304970,761760,58.37,0.57
3590,2021-01-30,ABR,1511,568,943,68,1442,1,ITF,ITF1,13,Abruzzo,Abruzzo,1304970,763271,58.49,0.12
3591,2021-06-29,ABR,11388,5619,5769,5223,5979,186,ITF,ITF1,13,Abruzzo,Abruzzo,1304970,774659,59.36,0.87
3592,2021-03-21,ABR,2134,914,1220,840,1290,4,ITF,ITF1,13,Abruzzo,Abruzzo,1304970,776793,59.53,0.16
3593,2021-06-12,ABR,11406,5905,5501,9891,1337,178,ITF,ITF1,13,Abruzzo,Abruzzo,1304970,788199,60.4,0.87
3594,2021-01-13,ABR,1258,441,817,1250,0,8,ITF,ITF1,13,Abruzzo,Abruzzo,1304970,789457,60.5,0.1
3595,2021-06-19,ABR,10483,5163,5320,6484,3828,171,ITF,ITF1,13,Abruzzo,Abruzzo,1304970,799940,61.3,0.8
3596,2021-03-28,ABR,2417,1016,1401,1993,374,50,ITF,ITF1,13,Abruzzo,Abruzzo,1304970,802357,61.48,0.19
3597,2021-07-06,ABR,9914,4940,4974,4099,5651,164,ITF,ITF1,13,Abruzzo,Abruzzo,1304970,812271,62.24,0.76
3598,2021-04-14,ABR,6593,2949,3644,4341,2120,132,ITF,ITF1,13,Abruzzo,Abruzzo,1304970,818864,62.75,0.51
3599,2021-01-04,ABR,1403,576,827,1397,0,6,ITF,ITF1,13,Abruzzo,Abruzzo,1304970,820267,62.86,0.11
3600,2021-01-23,ABR,264,115,149,51,207,6,ITF,ITF1,13,Abruzzo,Abruzzo,1304970,820531,62.88,0.02
3601,2021-05-03,ABR,11147,5256,5891,7135,3833,179,ITF,ITF1,13,Abruzzo,Abruzzo,1304970,831678,63.73,0.85
3602,2021-02-11,ABR,816,262,554,771,43,2,ITF,ITF1,13,Abruzzo,Abruzzo,1304970,832494,63.79,0.06
3603,2021-05-24,ABR,12223,5837,6386,8724,3340,159,ITF,ITF1,13,Abruzzo,Abruzzo,1304970,844717,64.73,0.94
3604,2021-02-18,ABR,2288,933,1355,2140,130,18,ITF,ITF1,13,Abruzzo,Abruzzo,1304970,847005,64.91,0.18
3605,2021-05-29,ABR,10317,4429,5888,4456,5772,89,ITF,ITF1,13,Abruzzo,Abruzzo,1304970,857322,65.7,0.79
3606,2021-05-07,ABR,12198,5710,6488,7666,4413,119,ITF,ITF1,13,Abruzzo,Abruzzo,1304970,869520,66.63,0.93
3607,2021-03-25,ABR,5793,2662,3131,3065,2617,111,ITF,ITF1,13,Abruzzo,Abruzzo,1304970,875313,67.08,0.44
3608,2021-01-27,ABR,1365,515,850,39,1326,0,ITF,ITF1,13,Abruzzo,Abruzzo,1304970,876678,67.18,0.1
3609,2021-07-03,ABR,10246,5163,5083,3527,6571,148,ITF,ITF1,13,Abruzzo,Abruzzo,1304970,886924,67.97,0.79
3610,2021-05-21,ABR,13015,6327,6688,7862,4979,174,ITF,ITF1,13,Abruzzo,Abruzzo,1304970,899939,68.96,1.0
3611,2021-03-18,ABR,3896,1651,2245,2039,1831,26,ITF,ITF1,13,Abruzzo,Abruzzo,1304970,903835,69.26,0.3
3612,2021-06-26,ABR,10033,5011,5022,5679,4196,158,ITF,ITF1,13,Abruzzo,Abruzzo,1304970,913868,70.03,0.77
3613,2021-07-10,ABR,13142,6639,6503,3024,9955,163,ITF,ITF1,13,Abruzzo,Abruzzo,1304970,927010,71.04,1.01
3614,2021-05-14,ABR,10593,5069,5524,5285,5147,161,ITF,ITF1,13,Abruzzo,Abruzzo,1304970,937603,71.85,0.81
3615,2021-04-01,ABR,5591,2505,3086,3430,2087,74,ITF,ITF1,13,Abruzzo,Abruzzo,1304970,943194,72.28,0.43
3616,2021-02-13,ABR,854,385,469,434,416,4,ITF,ITF1,13,Abruzzo,Abruzzo,1304970,944048,72.34,0.07
3617,2021-03-04,ABR,5935,2360,3575,4973,922,40,ITF,ITF1,13,Abruzzo,Abruzzo,1304970,949983,72.8,0.45
3618,2021-05-28,ABR,14015,6308,7707,7492,6354,169,ITF,ITF1,13,Abruzzo,Abruzzo,1304970,963998,73.87,1.07
3619,2021-04-04,ABR,1632,768,864,1460,129,43,ITF,ITF1,13,Abruzzo,Abruzzo,1304970,965630,74.0,0.13
3620,2021-06-16,ABR,10879,5444,5435,7990,2675,214,ITF,ITF1,13,Abruzzo,Abruzzo,1304970,976509,74.83,0.83
3621,2021-02-27,ABR,2813,1339,1474,2513,267,33,ITF,ITF1,13,Abruzzo,Abruzzo,1304970,979322,75.05,0.22
3622,2021-06-07,ABR,11090,5287,5803,9067,1838,185,ITF,ITF1,13,Abruzzo,Abruzzo,1304970,990412,75.9,0.85
3623,2021-04-11,ABR,5380,2628,2752,4842,487,51,ITF,ITF1,13,Abruzzo,Abruzzo,1304970,995792,76.31,0.41
3624,2021-06-09,ABR,11574,6094,5480,9708,1685,181,ITF,ITF1,13,Abruzzo,Abruzzo,1304970,1007366,77.19,0.89
3625,2021-03-06,ABR,4178,1359,2819,3568,570,40,ITF,ITF1,13,Abruzzo,Abruzzo,1304970,1011544,77.51,0.32
3626,2021-07-08,ABR,13491,6675,6816,3417,9911,163,ITF,ITF1,13,Abruzzo,Abruzzo,1304970,1025035,78.55,1.03
3627,2021-04-16,ABR,7535,3486,4049,5497,1916,122,ITF,ITF1,13,Abruzzo,Abruzzo,1304970,1032570,79.13,0.58
3628,2021-03-11,ABR,5495,2220,3275,4273,1138,84,ITF,ITF1,13,Abruzzo,Abruzzo,1304970,1038065,79.55,0.42
3629,2021-06-02,ABR,9762,4743,5019,6835,2810,117,ITF,ITF1,13,Abruzzo,Abruzzo,1304970,1047827,80.3,0.75
3630,2021-03-13,ABR,4125,1420,2705,3015,1043,67,ITF,ITF1,13,Abruzzo,Abruzzo,1304970,1051952,80.61,0.32
3631,2021-06-21,ABR,11031,5381,5650,4931,5972,128,ITF,ITF1,13,Abruzzo,Abruzzo,1304970,1062983,81.46,0.85
3632,2021-03-30,ABR,5127,2261,2866,3147,1822,158,ITF,ITF1,13,Abruzzo,Abruzzo,1304970,1068110,81.85,0.39
3633,2021-01-06,ABR,1832,664,1168,1822,0,10,ITF,ITF1,13,Abruzzo,Abruzzo,1304970,1069942,81.99,0.14
3634,2021-05-22,ABR,13152,6390,6762,8130,4910,112,ITF,ITF1,13,Abruzzo,Abruzzo,1304970,1083094,83.0,1.01
3635,2021-03-26,ABR,5355,2312,3043,3178,2075,102,ITF,ITF1,13,Abruzzo,Abruzzo,1304970,1088449,83.41,0.41
3636,2021-05-31,ABR,11332,5112,6220,6761,4443,128,ITF,ITF1,13,Abruzzo,Abruzzo,1304970,1099781,84.28,0.87
3637,2021-04-20,ABR,5637,2714,2923,4110,1455,72,ITF,ITF1,13,Abruzzo,Abruzzo,1304970,1105418,84.71,0.43
3638,2021-04-25,ABR,9068,4623,4445,8058,810,200,ITF,ITF1,13,Abruzzo,Abruzzo,1304970,1114486,85.4,0.69
3639,2021-01-08,ABR,1525,507,1018,1516,0,9,ITF,ITF1,13,Abruzzo,Abruzzo,1304970,1116011,85.52,0.12
3640,2021-04-18,ABR,5814,2728,3086,4726,943,145,ITF,ITF1,13,Abruzzo,Abruzzo,1304970,1121825,85.97,0.45
3641,2021-02-20,ABR,4775,1842,2933,4659,76,40,ITF,ITF1,13,Abruzzo,Abruzzo,1304970,1126600,86.33,0.37
3642,2021-03-29,ABR,5708,2599,3109,3020,2639,49,ITF,ITF1,13,Abruzzo,Abruzzo,1304970,1132308,86.77,0.44
3643,2021-06-03,ABR,13186,6279,6907,9240,3776,170,ITF,ITF1,13,Abruzzo,Abruzzo,1304970,1145494,87.78,1.01
3644,2021-03-12,ABR,6016,1987,4029,4356,1583,77,ITF,ITF1,13,Abruzzo,Abruzzo,1304970,1151510,88.24,0.46
3645,2021-06-20,ABR,8442,4238,4204,5414,2928,100,ITF,ITF1,13,Abruzzo,Abruzzo,1304970,1159952,88.89,0.65
3646,2021-03-14,ABR,1883,731,1152,1201,666,16,ITF,ITF1,13,Abruzzo,Abruzzo,1304970,1161835,89.03,0.14
3647,2021-02-25,ABR,3052,1340,1712,2506,528,18,ITF,ITF1,13,Abruzzo,Abruzzo,1304970,1164887,89.27,0.23
3648,2021-06-05,ABR,14619,6865,7754,10373,4047,199,ITF,ITF1,13,Abruzzo,Abruzzo,1304970,1179506,90.39,1.12
3649,2021-05-17,ABR,11034,5037,5997,6024,4854,156,ITF,ITF1,13,Abruzzo,Abruzzo,1304970,1190540,91.23,0.85
3650,2021-02-23,ABR,2781,1274,1507,2755,11,15,ITF,ITF1,13,Abruzzo,Abruzzo,1304970,1193321,91.44,0.21
3651,2021-02-06,ABR,1610,743,867,595,1008,7,ITF,ITF1,13,Abruzzo,Abruzzo,1304970,1194931,91.57,0.12
3652,2021-02-08,ABR,1194,395,799,486,708,0,ITF,ITF1,13,Abruzzo,Abruzzo,1304970,1196125,91.66,0.09
3653,2021-05-19,ABR,10729,5124,5605,7568,3038,123,ITF,ITF1,13,Abruzzo,Abruzzo,1304970,1206854,92.48,0.82
3654,2021-04-30,ABR,12501,5867,6634,6515,5722,264,ITF,ITF1,13,Abruzzo,Abruzzo,1304970,1219355,93.44,0.96
3655,2021-04-13,ABR,5893,2754,3139,4561,1237,95,ITF,ITF1,13,Abruzzo,Abruzzo,1304970,1225248,93.89,0.45
3656,2021-01-20,ABR,447,156,291,425,2,20,ITF,ITF1,13,Abruzzo,Abruzzo,1304970,1225695,93.93,0.03
3657,2021-07-05,ABR,10812,5305,5507,3975,6652,185,ITF,ITF1,13,Abruzzo,Abruzzo,1304970,1236507,94.75,0.83
3658,2021-05-02,ABR,10459,5111,5348,5089,5228,142,ITF,ITF1,13,Abruzzo,Abruzzo,1304970,1246966,95.56,0.8
3659,2021-01-24,PAB,12,10,2,0,12,0,ITH,ITH1,4,Provincia Autonoma Bolzano / Bozen,P.A. Bolzano,533050,12,0.0,0.0
3660,2021-07-04,PAB,4412,2129,2283,188,4224,0,ITH,ITH1,4,Provincia Autonoma Bolzano / Bozen,P.A. Bolzano,533050,4424,0.83,0.83
3661,2021-06-06,PAB,4532,2178,2354,855,3677,0,ITH,ITH1,4,Provincia Autonoma Bolzano / Bozen,P.A. Bolzano,533050,8956,1.68,0.85
3662,2021-02-26,PAB,1527,551,976,1494,30,3,ITH,ITH1,4,Provincia Autonoma Bolzano / Bozen,P.A. Bolzano,533050,10483,1.97,0.29
3663,2021-06-01,PAB,3559,2318,1241,2087,1472,0,ITH,ITH1,4,Provincia Autonoma Bolzano / Bozen,P.A. Bolzano,533050,14042,2.63,0.67
3664,2021-02-19,PAB,2252,512,1740,2241,11,0,ITH,ITH1,4,Provincia Autonoma Bolzano / Bozen,P.A. Bolzano,533050,16294,3.06,0.42
3665,2021-05-20,PAB,4726,2336,2390,3229,1469,28,ITH,ITH1,4,Provincia Autonoma Bolzano / Bozen,P.A. Bolzano,533050,21020,3.94,0.89
3666,2021-07-09,PAB,4855,2407,2448,729,4126,0,ITH,ITH1,4,Provincia Autonoma Bolzano / Bozen,P.A. Bolzano,533050,25875,4.85,0.91
3667,2021-03-31,PAB,1832,694,1138,821,1011,0,ITH,ITH1,4,Provincia Autonoma Bolzano / Bozen,P.A. Bolzano,533050,27707,5.2,0.34
3668,2021-02-12,PAB,730,217,513,482,248,0,ITH,ITH1,4,Provincia Autonoma Bolzano / Bozen,P.A. Bolzano,533050,28437,5.33,0.14
3669,2021-04-10,PAB,5396,2666,2730,4802,588,6,ITH,ITH1,4,Provincia Autonoma Bolzano / Bozen,P.A. Bolzano,533050,33833,6.35,1.01
3670,2020-12-31,PAB,913,519,394,913,0,0,ITH,ITH1,4,Provincia Autonoma Bolzano / Bozen,P.A. Bolzano,533050,34746,6.52,0.17
3671,2021-04-19,PAB,1873,859,1014,1689,182,2,ITH,ITH1,4,Provincia Autonoma Bolzano / Bozen,P.A. Bolzano,533050,36619,6.87,0.35
3672,2021-06-15,PAB,2017,1165,852,486,1531,0,ITH,ITH1,4,Provincia Autonoma Bolzano / Bozen,P.A. Bolzano,533050,38636,7.25,0.38
3673,2021-04-17,PAB,5239,2602,2637,5182,44,13,ITH,ITH1,4,Provincia Autonoma Bolzano / Bozen,P.A. Bolzano,533050,43875,8.23,0.98
3674,2021-01-07,PAB,918,327,591,918,0,0,ITH,ITH1,4,Provincia Autonoma Bolzano / Bozen,P.A. Bolzano,533050,44793,8.4,0.17
3675,2021-06-20,PAB,5226,2842,2384,610,4592,24,ITH,ITH1,4,Provincia Autonoma Bolzano / Bozen,P.A. Bolzano,533050,50019,9.38,0.98
3676,2021-02-07,PAB,2362,1058,1304,14,2348,0,ITH,ITH1,4,Provincia Autonoma Bolzano / Bozen,P.A. Bolzano,533050,52381,9.83,0.44
3677,2021-05-18,PAB,3342,1753,1589,2134,1186,22,ITH,ITH1,4,Provincia Autonoma Bolzano / Bozen,P.A. Bolzano,533050,55723,10.45,0.63
3678,2021-03-22,PAB,1144,523,621,1138,5,1,ITH,ITH1,4,Provincia Autonoma Bolzano / Bozen,P.A. Bolzano,533050,56867,10.67,0.21
3679,2021-03-05,PAB,1840,625,1215,1395,443,2,ITH,ITH1,4,Provincia Autonoma Bolzano / Bozen,P.A. Bolzano,533050,58707,11.01,0.35
3680,2021-04-24,PAB,5110,2452,2658,4607,485,18,ITH,ITH1,4,Provincia Autonoma Bolzano / Bozen,P.A. Bolzano,533050,63817,11.97,0.96
3681,2021-04-05,PAB,301,144,157,22,278,1,ITH,ITH1,4,Provincia Autonoma Bolzano / Bozen,P.A. Bolzano,533050,64118,12.03,0.06
3682,2021-06-27,PAB,4421,2311,2110,615,3806,0,ITH,ITH1,4,Provincia Autonoma Bolzano / Bozen,P.A. Bolzano,533050,68539,12.86,0.83
3683,2021-01-12,PAB,1709,459,1250,1709,0,0,ITH,ITH1,4,Provincia Autonoma Bolzano / Bozen,P.A. Bolzano,533050,70248,13.18,0.32
3684,2021-01-26,PAB,810,291,519,1,809,0,ITH,ITH1,4,Provincia Autonoma Bolzano / Bozen,P.A. Bolzano,533050,71058,13.33,0.15
3685,2021-07-02,PAB,3195,1657,1538,1023,2172,0,ITH,ITH1,4,Provincia Autonoma Bolzano / Bozen,P.A. Bolzano,533050,74253,13.93,0.6
3686,2021-03-24,PAB,2064,999,1065,2049,13,2,ITH,ITH1,4,Provincia Autonoma Bolzano / Bozen,P.A. Bolzano,533050,76317,14.32,0.39
3687,2021-03-10,PAB,1268,529,739,1123,143,2,ITH,ITH1,4,Provincia Autonoma Bolzano / Bozen,P.A. Bolzano,533050,77585,14.55,0.24
3688,2021-05-06,PAB,5181,2747,2434,2590,2568,23,ITH,ITH1,4,Provincia Autonoma Bolzano / Bozen,P.A. Bolzano,533050,82766,15.53,0.97
3689,2021-05-15,PAB,7005,3691,3314,6679,294,32,ITH,ITH1,4,Provincia Autonoma Bolzano / Bozen,P.A. Bolzano,533050,89771,16.84,1.31
3690,2021-02-04,PAB,1958,593,1365,8,1950,0,ITH,ITH1,4,Provincia Autonoma Bolzano / Bozen,P.A. Bolzano,533050,91729,17.21,0.37
3691,2021-06-08,PAB,4149,2118,2031,832,3317,0,ITH,ITH1,4,Provincia Autonoma Bolzano / Bozen,P.A. Bolzano,533050,95878,17.99,0.78
3692,2021-04-28,PAB,2464,1302,1162,2444,5,15,ITH,ITH1,4,Provincia Autonoma Bolzano / Bozen,P.A. Bolzano,533050,98342,18.45,0.46
3693,2021-04-12,PAB,2105,946,1159,2095,7,3,ITH,ITH1,4,Provincia Autonoma Bolzano / Bozen,P.A. Bolzano,533050,100447,18.84,0.39
3694,2021-03-07,PAB,114,13,101,9,105,0,ITH,ITH1,4,Provincia Autonoma Bolzano / Bozen,P.A. Bolzano,533050,100561,18.87,0.02
3695,2021-04-21,PAB,3013,1468,1545,2156,848,9,ITH,ITH1,4,Provincia Autonoma Bolzano / Bozen,P.A. Bolzano,533050,103574,19.43,0.57
3696,2021-06-24,PAB,3917,2026,1891,1727,2190,0,ITH,ITH1,4,Provincia Autonoma Bolzano / Bozen,P.A. Bolzano,533050,107491,20.17,0.73
3697,2021-01-05,PAB,830,286,544,830,0,0,ITH,ITH1,4,Provincia Autonoma Bolzano / Bozen,P.A. Bolzano,533050,108321,20.32,0.16
3698,2021-01-23,PAB,197,117,80,0,197,0,ITH,ITH1,4,Provincia Autonoma Bolzano / Bozen,P.A. Bolzano,533050,108518,20.36,0.04
3699,2021-05-03,PAB,1830,847,983,416,1413,1,ITH,ITH1,4,Provincia Autonoma Bolzano / Bozen,P.A. Bolzano,533050,110348,20.7,0.34
3700,2021-02-23,PAB,769,324,445,763,6,0,ITH,ITH1,4,Provincia Autonoma Bolzano / Bozen,P.A. Bolzano,533050,111117,20.85,0.14
3701,2021-05-17,PAB,3139,1516,1623,2436,694,9,ITH,ITH1,4,Provincia Autonoma Bolzano / Bozen,P.A. Bolzano,533050,114256,21.43,0.59
3702,2021-06-03,PAB,4724,2567,2157,3777,947,0,ITH,ITH1,4,Provincia Autonoma Bolzano / Bozen,P.A. Bolzano,533050,118980,22.32,0.89
3703,2021-05-01,PAB,2104,1067,1037,1940,160,4,ITH,ITH1,4,Provincia Autonoma Bolzano / Bozen,P.A. Bolzano,533050,121084,22.72,0.39
3704,2021-03-12,PAB,1664,734,930,1250,413,1,ITH,ITH1,4,Provincia Autonoma Bolzano / Bozen,P.A. Bolzano,533050,122748,23.03,0.31
3705,2021-03-29,PAB,1171,499,672,411,759,1,ITH,ITH1,4,Provincia Autonoma Bolzano / Bozen,P.A. Bolzano,533050,123919,23.25,0.22
3706,2021-03-17,PAB,582,213,369,580,2,0,ITH,ITH1,4,Provincia Autonoma Bolzano / Bozen,P.A. Bolzano,533050,124501,23.36,0.11
3707,2021-05-13,PAB,2995,1355,1640,1059,1930,6,ITH,ITH1,4,Provincia Autonoma Bolzano / Bozen,P.A. Bolzano,533050,127496,23.92,0.56
3708,2021-04-29,PAB,2631,1351,1280,1925,694,12,ITH,ITH1,4,Provincia Autonoma Bolzano / Bozen,P.A. Bolzano,533050,130127,24.41,0.49
3709,2021-01-19,PAB,853,371,482,723,130,0,ITH,ITH1,4,Provincia Autonoma Bolzano / Bozen,P.A. Bolzano,533050,130980,24.57,0.16
3710,2021-06-25,PAB,4159,2293,1866,1153,3006,0,ITH,ITH1,4,Provincia Autonoma Bolzano / Bozen,P.A. Bolzano,533050,135139,25.35,0.78
3711,2021-02-09,PAB,317,126,191,1,316,0,ITH,ITH1,4,Provincia Autonoma Bolzano / Bozen,P.A. Bolzano,533050,135456,25.41,0.06
3712,2021-06-29,PAB,1873,1010,863,257,1616,0,ITH,ITH1,4,Provincia Autonoma Bolzano / Bozen,P.A. Bolzano,533050,137329,25.76,0.35
3713,2021-03-21,PAB,768,285,483,14,754,0,ITH,ITH1,4,Provincia Autonoma Bolzano / Bozen,P.A. Bolzano,533050,138097,25.91,0.14
3714,2021-06-12,PAB,5041,2735,2306,1753,3288,0,ITH,ITH1,4,Provincia Autonoma Bolzano / Bozen,P.A. Bolzano,533050,143138,26.85,0.95
3715,2021-01-14,PAB,1946,575,1371,1946,0,0,ITH,ITH1,4,Provincia Autonoma Bolzano / Bozen,P.A. Bolzano,533050,145084,27.22,0.37
3716,2021-04-07,PAB,1798,823,975,1255,540,3,ITH,ITH1,4,Provincia Autonoma Bolzano / Bozen,P.A. Bolzano,533050,146882,27.56,0.34
3717,2021-05-27,PAB,6088,3201,2887,4021,2010,57,ITH,ITH1,4,Provincia Autonoma Bolzano / Bozen,P.A. Bolzano,533050,152970,28.7,1.14
3718,2021-06-13,PAB,3682,2049,1633,490,3192,0,ITH,ITH1,4,Provincia Autonoma Bolzano / Bozen,P.A. Bolzano,533050,156652,29.39,0.69
3719,2021-05-25,PAB,3839,1992,1847,2935,886,18,ITH,ITH1,4,Provincia Autonoma Bolzano / Bozen,P.A. Bolzano,533050,160491,30.11,0.72
3720,2021-02-14,PAB,297,130,167,297,0,0,ITH,ITH1,4,Provincia Autonoma Bolzano / Bozen,P.A. Bolzano,533050,160788,30.16,0.06
3721,2021-05-08,PAB,4427,2382,2045,3749,663,15,ITH,ITH1,4,Provincia Autonoma Bolzano / Bozen,P.A. Bolzano,533050,165215,30.99,0.83
3722,2021-03-03,PAB,1181,395,786,1168,13,0,ITH,ITH1,4,Provincia Autonoma Bolzano / Bozen,P.A. Bolzano,533050,166396,31.22,0.22
3723,2021-04-02,PAB,2077,837,1240,718,1357,2,ITH,ITH1,4,Provincia Autonoma Bolzano / Bozen,P.A. Bolzano,533050,168473,31.61,0.39
3724,2021-05-29,PAB,7135,3769,3366,3969,3139,27,ITH,ITH1,4,Provincia Autonoma Bolzano / Bozen,P.A. Bolzano,533050,175608,32.94,1.34
3725,2021-03-26,PAB,1657,733,924,523,1134,0,ITH,ITH1,4,Provincia Autonoma Bolzano / Bozen,P.A. Bolzano,533050,177265,33.25,0.31
3726,2021-04-09,PAB,2937,1301,1636,2200,730,7,ITH,ITH1,4,Provincia Autonoma Bolzano / Bozen,P.A. Bolzano,533050,180202,33.81,0.55
3727,2021-05-22,PAB,6821,3553,3268,4620,2166,35,ITH,ITH1,4,Provincia Autonoma Bolzano / Bozen,P.A. Bolzano,533050,187023,35.09,1.28
3728,2021-02-11,PAB,1094,432,662,239,855,0,ITH,ITH1,4,Provincia Autonoma Bolzano / Bozen,P.A. Bolzano,533050,188117,35.29,0.21
3729,2021-01-16,PAB,2840,1265,1575,2840,0,0,ITH,ITH1,4,Provincia Autonoma Bolzano / Bozen,P.A. Bolzano,533050,190957,35.82,0.53
3730,2021-06-10,PAB,4443,2307,2136,1348,3095,0,ITH,ITH1,4,Provincia Autonoma Bolzano / Bozen,P.A. Bolzano,533050,195400,36.66,0.83
3731,2021-04-26,PAB,1543,771,772,1532,5,6,ITH,ITH1,4,Provincia Autonoma Bolzano / Bozen,P.A. Bolzano,533050,196943,36.95,0.29
3732,2021-07-06,PAB,1573,843,730,614,959,0,ITH,ITH1,4,Provincia Autonoma Bolzano / Bozen,P.A. Bolzano,533050,198516,37.24,0.3
3733,2021-06-22,PAB,2452,1410,1042,335,2117,0,ITH,ITH1,4,Provincia Autonoma Bolzano / Bozen,P.A. Bolzano,533050,200968,37.7,0.46
3734,2021-03-14,PAB,758,336,422,25,733,0,ITH,ITH1,4,Provincia Autonoma Bolzano / Bozen,P.A. Bolzano,533050,201726,37.84,0.14
3735,2021-04-14,PAB,3593,1645,1948,3488,91,14,ITH,ITH1,4,Provincia Autonoma Bolzano / Bozen,P.A. Bolzano,533050,205319,38.52,0.67
3736,2021-01-04,PAB,508,201,307,508,0,0,ITH,ITH1,4,Provincia Autonoma Bolzano / Bozen,P.A. Bolzano,533050,205827,38.61,0.1
3737,2021-01-21,PAB,953,442,511,139,814,0,ITH,ITH1,4,Provincia Autonoma Bolzano / Bozen,P.A. Bolzano,533050,206780,38.79,0.18
3738,2021-06-05,PAB,6070,3024,3046,4975,1095,0,ITH,ITH1,4,Provincia Autonoma Bolzano / Bozen,P.A. Bolzano,533050,212850,39.93,1.14
3739,2021-02-02,PAB,1745,506,1239,8,1737,0,ITH,ITH1,4,Provincia Autonoma Bolzano / Bozen,P.A. Bolzano,533050,214595,40.26,0.33
3740,2021-05-10,PAB,3018,1300,1718,1412,1605,1,ITH,ITH1,4,Provincia Autonoma Bolzano / Bozen,P.A. Bolzano,533050,217613,40.82,0.57
3741,2021-02-16,PAB,530,205,325,530,0,0,ITH,ITH1,4,Provincia Autonoma Bolzano / Bozen,P.A. Bolzano,533050,218143,40.92,0.1
3742,2021-01-28,PAB,871,308,563,9,862,0,ITH,ITH1,4,Provincia Autonoma Bolzano / Bozen,P.A. Bolzano,533050,219014,41.09,0.16
3743,2021-01-09,PAB,612,326,286,612,0,0,ITH,ITH1,4,Provincia Autonoma Bolzano / Bozen,P.A. Bolzano,533050,219626,41.2,0.11
3744,2021-06-17,PAB,1757,976,781,679,1078,0,ITH,ITH1,4,Provincia Autonoma Bolzano / Bozen,P.A. Bolzano,533050,221383,41.53,0.33
3745,2021-01-02,PAB,91,48,43,91,0,0,ITH,ITH1,4,Provincia Autonoma Bolzano / Bozen,P.A. Bolzano,533050,221474,41.55,0.02
3746,2021-02-06,PAB,2627,1172,1455,18,2608,1,ITH,ITH1,4,Provincia Autonoma Bolzano / Bozen,P.A. Bolzano,533050,224101,42.04,0.49
3747,2021-06-21,PAB,3162,1612,1550,295,2867,0,ITH,ITH1,4,Provincia Autonoma Bolzano / Bozen,P.A. Bolzano,533050,227263,42.63,0.59
3748,2021-03-28,PAB,569,212,357,11,558,0,ITH,ITH1,4,Provincia Autonoma Bolzano / Bozen,P.A. Bolzano,533050,227832,42.74,0.11
3749,2021-06-04,PAB,6467,3238,3229,4937,1530,0,ITH,ITH1,4,Provincia Autonoma Bolzano / Bozen,P.A. Bolzano,533050,234299,43.95,1.21
3750,2021-02-24,PAB,1367,406,961,1354,12,1,ITH,ITH1,4,Provincia Autonoma Bolzano / Bozen,P.A. Bolzano,533050,235666,44.21,0.26
3751,2021-03-27,PAB,3051,1554,1497,1543,1508,0,ITH,ITH1,4,Provincia Autonoma Bolzano / Bozen,P.A. Bolzano,533050,238717,44.78,0.57
3752,2021-03-13,PAB,2885,1459,1426,2782,101,2,ITH,ITH1,4,Provincia Autonoma Bolzano / Bozen,P.A. Bolzano,533050,241602,45.32,0.54
3753,2021-02-05,PAB,3195,1181,2014,8,3187,0,ITH,ITH1,4,Provincia Autonoma Bolzano / Bozen,P.A. Bolzano,533050,244797,45.92,0.6
3754,2021-04-15,PAB,4399,2307,2092,4116,263,20,ITH,ITH1,4,Provincia Autonoma Bolzano / Bozen,P.A. Bolzano,533050,249196,46.75,0.83
3755,2021-05-02,PAB,2457,1288,1169,1531,921,5,ITH,ITH1,4,Provincia Autonoma Bolzano / Bozen,P.A. Bolzano,533050,251653,47.21,0.46
3756,2021-07-10,PAB,5533,2836,2697,866,4667,0,ITH,ITH1,4,Provincia Autonoma Bolzano / Bozen,P.A. Bolzano,533050,257186,48.25,1.04
3757,2021-01-18,PAB,1772,687,1085,1767,5,0,ITH,ITH1,4,Provincia Autonoma Bolzano / Bozen,P.A. Bolzano,533050,258958,48.58,0.33
3758,2021-02-18,PAB,1839,457,1382,1832,7,0,ITH,ITH1,4,Provincia Autonoma Bolzano / Bozen,P.A. Bolzano,533050,260797,48.93,0.34
3759,2020-12-30,PAB,388,182,206,388,0,0,ITH,ITH1,4,Provincia Autonoma Bolzano / Bozen,P.A. Bolzano,533050,261185,49.0,0.07
3760,2021-05-31,PAB,2987,1464,1523,2105,867,15,ITH,ITH1,4,Provincia Autonoma Bolzano / Bozen,P.A. Bolzano,533050,264172,49.56,0.56
3761,2021-01-01,PAB,6,5,1,6,0,0,ITH,ITH1,4,Provincia Autonoma Bolzano / Bozen,P.A. Bolzano,533050,264178,49.56,0.0
3762,2021-06-07,PAB,2901,1506,1395,2582,319,0,ITH,ITH1,4,Provincia Autonoma Bolzano / Bozen,P.A. Bolzano,533050,267079,50.1,0.54
3763,2021-02-27,PAB,2458,759,1699,2445,10,3,ITH,ITH1,4,Provincia Autonoma Bolzano / Bozen,P.A. Bolzano,533050,269537,50.57,0.46
3764,2021-02-13,PAB,318,79,239,312,6,0,ITH,ITH1,4,Provincia Autonoma Bolzano / Bozen,P.A. Bolzano,533050,269855,50.62,0.06
3765,2021-04-11,PAB,2724,1294,1430,2543,177,4,ITH,ITH1,4,Provincia Autonoma Bolzano / Bozen,P.A. Bolzano,533050,272579,51.14,0.51
3766,2021-05-24,PAB,1444,762,682,1093,333,18,ITH,ITH1,4,Provincia Autonoma Bolzano / Bozen,P.A. Bolzano,533050,274023,51.41,0.27
3767,2021-02-20,PAB,1802,540,1262,1784,18,0,ITH,ITH1,4,Provincia Autonoma Bolzano / Bozen,P.A. Bolzano,533050,275825,51.74,0.34
3768,2021-04-18,PAB,3110,1607,1503,2099,1010,1,ITH,ITH1,4,Provincia Autonoma Bolzano / Bozen,P.A. Bolzano,533050,278935,52.33,0.58
3769,2021-01-15,PAB,3282,1228,2054,3282,0,0,ITH,ITH1,4,Provincia Autonoma Bolzano / Bozen,P.A. Bolzano,533050,282217,52.94,0.62
3770,2021-06-18,PAB,4157,2162,1995,1258,2899,0,ITH,ITH1,4,Provincia Autonoma Bolzano / Bozen,P.A. Bolzano,533050,286374,53.72,0.78
3771,2021-01-08,PAB,1521,479,1042,1521,0,0,ITH,ITH1,4,Provincia Autonoma Bolzano / Bozen,P.A. Bolzano,533050,287895,54.01,0.29
3772,2021-04-30,PAB,3342,1594,1748,1559,1776,7,ITH,ITH1,4,Provincia Autonoma Bolzano / Bozen,P.A. Bolzano,533050,291237,54.64,0.63
3773,2021-01-20,PAB,618,253,365,410,208,0,ITH,ITH1,4,Provincia Autonoma Bolzano / Bozen,P.A. Bolzano,533050,291855,54.75,0.12
3774,2021-01-06,PAB,59,18,41,59,0,0,ITH,ITH1,4,Provincia Autonoma Bolzano / Bozen,P.A. Bolzano,533050,291914,54.76,0.01
3775,2021-03-30,PAB,1299,532,767,219,1080,0,ITH,ITH1,4,Provincia Autonoma Bolzano / Bozen,P.A. Bolzano,533050,293213,55.01,0.24
3776,2021-04-16,PAB,2951,1419,1532,2437,511,3,ITH,ITH1,4,Provincia Autonoma Bolzano / Bozen,P.A. Bolzano,533050,296164,55.56,0.55
3777,2021-07-08,PAB,5136,2588,2548,310,4826,0,ITH,ITH1,4,Provincia Autonoma Bolzano / Bozen,P.A. Bolzano,533050,301300,56.52,0.96
3778,2021-06-19,PAB,5658,3012,2646,625,5033,0,ITH,ITH1,4,Provincia Autonoma Bolzano / Bozen,P.A. Bolzano,533050,306958,57.59,1.06
3779,2021-03-11,PAB,1685,825,860,1136,538,11,ITH,ITH1,4,Provincia Autonoma Bolzano / Bozen,P.A. Bolzano,533050,308643,57.9,0.32
3780,2021-02-25,PAB,1498,549,949,1496,1,1,ITH,ITH1,4,Provincia Autonoma Bolzano / Bozen,P.A. Bolzano,533050,310141,58.18,0.28
3781,2021-06-02,PAB,1444,809,635,987,457,0,ITH,ITH1,4,Provincia Autonoma Bolzano / Bozen,P.A. Bolzano,533050,311585,58.45,0.27
3782,2021-02-08,PAB,2,1,1,1,1,0,ITH,ITH1,4,Provincia Autonoma Bolzano / Bozen,P.A. Bolzano,533050,311587,58.45,0.0
3783,2021-05-19,PAB,3637,1850,1787,1843,1786,8,ITH,ITH1,4,Provincia Autonoma Bolzano / Bozen,P.A. Bolzano,533050,315224,59.14,0.68
3784,2021-01-03,PAB,41,16,25,41,0,0,ITH,ITH1,4,Provincia Autonoma Bolzano / Bozen,P.A. Bolzano,533050,315265,59.14,0.01
3785,2021-04-13,PAB,2394,1132,1262,2385,7,2,ITH,ITH1,4,Provincia Autonoma Bolzano / Bozen,P.A. Bolzano,533050,317659,59.59,0.45
3786,2021-04-25,PAB,3073,1497,1576,2398,672,3,ITH,ITH1,4,Provincia Autonoma Bolzano / Bozen,P.A. Bolzano,533050,320732,60.17,0.58
3787,2021-01-13,PAB,1691,557,1134,1691,0,0,ITH,ITH1,4,Provincia Autonoma Bolzano / Bozen,P.A. Bolzano,533050,322423,60.49,0.32
3788,2021-01-30,PAB,498,245,253,4,494,0,ITH,ITH1,4,Provincia Autonoma Bolzano / Bozen,P.A. Bolzano,533050,322921,60.58,0.09
3789,2021-04-23,PAB,4543,2151,2392,3243,1291,9,ITH,ITH1,4,Provincia Autonoma Bolzano / Bozen,P.A. Bolzano,533050,327464,61.43,0.85
3790,2021-06-26,PAB,4523,2319,2204,1451,3072,0,ITH,ITH1,4,Provincia Autonoma Bolzano / Bozen,P.A. Bolzano,533050,331987,62.28,0.85
3791,2021-03-18,PAB,1302,531,771,226,1076,0,ITH,ITH1,4,Provincia Autonoma Bolzano / Bozen,P.A. Bolzano,533050,333289,62.52,0.24
3792,2021-05-14,PAB,5134,2320,2814,3086,2037,11,ITH,ITH1,4,Provincia Autonoma Bolzano / Bozen,P.A. Bolzano,533050,338423,63.49,0.96
3793,2021-03-16,PAB,1290,532,758,124,1166,0,ITH,ITH1,4,Provincia Autonoma Bolzano / Bozen,P.A. Bolzano,533050,339713,63.73,0.24
3794,2021-05-12,PAB,3792,2058,1734,3621,153,18,ITH,ITH1,4,Provincia Autonoma Bolzano / Bozen,P.A. Bolzano,533050,343505,64.44,0.71
3795,2021-02-01,PAB,1452,440,1012,12,1440,0,ITH,ITH1,4,Provincia Autonoma Bolzano / Bozen,P.A. Bolzano,533050,344957,64.71,0.27
3796,2021-06-09,PAB,3789,1884,1905,1314,2475,0,ITH,ITH1,4,Provincia Autonoma Bolzano / Bozen,P.A. Bolzano,533050,348746,65.42,0.71
3797,2021-03-01,PAB,922,221,701,918,1,3,ITH,ITH1,4,Provincia Autonoma Bolzano / Bozen,P.A. Bolzano,533050,349668,65.6,0.17
3798,2021-03-15,PAB,1192,451,741,710,482,0,ITH,ITH1,4,Provincia Autonoma Bolzano / Bozen,P.A. Bolzano,533050,350860,65.82,0.22
3799,2021-04-27,PAB,2226,1013,1213,1146,1077,3,ITH,ITH1,4,Provincia Autonoma Bolzano / Bozen,P.A. Bolzano,533050,353086,66.24,0.42
3800,2021-01-17,PAB,2328,1044,1284,2317,11,0,ITH,ITH1,4,Provincia Autonoma Bolzano / Bozen,P.A. Bolzano,533050,355414,66.68,0.44
3801,2021-06-23,PAB,1148,591,557,384,764,0,ITH,ITH1,4,Provincia Autonoma Bolzano / Bozen,P.A. Bolzano,533050,356562,66.89,0.22
3802,2021-04-20,PAB,1562,784,778,1558,2,2,ITH,ITH1,4,Provincia Autonoma Bolzano / Bozen,P.A. Bolzano,533050,358124,67.18,0.29
3803,2021-01-10,PAB,2,2,0,2,0,0,ITH,ITH1,4,Provincia Autonoma Bolzano / Bozen,P.A. Bolzano,533050,358126,67.18,0.0
3804,2021-06-16,PAB,3812,2018,1794,9,3803,0,ITH,ITH1,4,Provincia Autonoma Bolzano / Bozen,P.A. Bolzano,533050,361938,67.9,0.72
3805,2021-03-08,PAB,1210,534,676,1183,27,0,ITH,ITH1,4,Provincia Autonoma Bolzano / Bozen,P.A. Bolzano,533050,363148,68.13,0.23
3806,2021-05-04,PAB,3449,1843,1606,2400,1037,12,ITH,ITH1,4,Provincia Autonoma Bolzano / Bozen,P.A. Bolzano,533050,366597,68.77,0.65
3807,2021-02-22,PAB,526,143,383,514,12,0,ITH,ITH1,4,Provincia Autonoma Bolzano / Bozen,P.A. Bolzano,533050,367123,68.87,0.1
3808,2021-07-07,PAB,1607,818,789,296,1311,0,ITH,ITH1,4,Provincia Autonoma Bolzano / Bozen,P.A. Bolzano,533050,368730,69.17,0.3
3809,2021-05-07,PAB,4194,2062,2132,3650,528,16,ITH,ITH1,4,Provincia Autonoma Bolzano / Bozen,P.A. Bolzano,533050,372924,69.96,0.79
3810,2021-07-03,PAB,5631,2790,2841,1072,4559,0,ITH,ITH1,4,Provincia Autonoma Bolzano / Bozen,P.A. Bolzano,533050,378555,71.02,1.06
3811,2021-05-05,PAB,4154,1945,2209,2025,2116,13,ITH,ITH1,4,Provincia Autonoma Bolzano / Bozen,P.A. Bolzano,533050,382709,71.8,0.78
3812,2021-01-25,PAB,487,183,304,3,484,0,ITH,ITH1,4,Provincia Autonoma Bolzano / Bozen,P.A. Bolzano,533050,383196,71.89,0.09
3813,2021-03-23,PAB,1555,760,795,1554,1,0,ITH,ITH1,4,Provincia Autonoma Bolzano / Bozen,P.A. Bolzano,533050,384751,72.18,0.29
3814,2021-04-01,PAB,2787,1407,1380,2638,144,5,ITH,ITH1,4,Provincia Autonoma Bolzano / Bozen,P.A. Bolzano,533050,387538,72.7,0.52
3815,2021-07-05,PAB,2933,1406,1527,950,1983,0,ITH,ITH1,4,Provincia Autonoma Bolzano / Bozen,P.A. Bolzano,533050,390471,73.25,0.55
3816,2021-05-30,PAB,4763,2516,2247,749,4011,3,ITH,ITH1,4,Provincia Autonoma Bolzano / Bozen,P.A. Bolzano,533050,395234,74.15,0.89
3817,2021-04-03,PAB,831,364,467,20,810,1,ITH,ITH1,4,Provincia Autonoma Bolzano / Bozen,P.A. Bolzano,533050,396065,74.3,0.16
3818,2021-03-25,PAB,2151,1063,1088,1707,443,1,ITH,ITH1,4,Provincia Autonoma Bolzano / Bozen,P.A. Bolzano,533050,398216,74.71,0.4
3819,2021-01-27,PAB,85,29,56,2,83,0,ITH,ITH1,4,Provincia Autonoma Bolzano / Bozen,P.A. Bolzano,533050,398301,74.72,0.02
3820,2021-01-11,PAB,1574,513,1061,1574,0,0,ITH,ITH1,4,Provincia Autonoma Bolzano / Bozen,P.A. Bolzano,533050,399875,75.02,0.3
3821,2021-04-06,PAB,2250,1118,1132,2146,103,1,ITH,ITH1,4,Provincia Autonoma Bolzano / Bozen,P.A. Bolzano,533050,402125,75.44,0.42
3822,2021-04-08,PAB,2767,1347,1420,2561,204,2,ITH,ITH1,4,Provincia Autonoma Bolzano / Bozen,P.A. Bolzano,533050,404892,75.96,0.52
3823,2020-12-27,PAB,144,65,79,144,0,0,ITH,ITH1,4,Provincia Autonoma Bolzano / Bozen,P.A. Bolzano,533050,405036,75.98,0.03
3824,2021-06-30,PAB,3060,1564,1496,456,2604,0,ITH,ITH1,4,Provincia Autonoma Bolzano / Bozen,P.A. Bolzano,533050,408096,76.56,0.57
3825,2021-06-11,PAB,5755,2952,2803,2285,3470,0,ITH,ITH1,4,Provincia Autonoma Bolzano / Bozen,P.A. Bolzano,533050,413851,77.64,1.08
3826,2021-03-20,PAB,1758,849,909,1132,625,1,ITH,ITH1,4,Provincia Autonoma Bolzano / Bozen,P.A. Bolzano,533050,415609,77.97,0.33
3827,2021-03-09,PAB,1194,543,651,1192,2,0,ITH,ITH1,4,Provincia Autonoma Bolzano / Bozen,P.A. Bolzano,533050,416803,78.19,0.22
3828,2021-05-23,PAB,4338,2303,2035,4311,8,19,ITH,ITH1,4,Provincia Autonoma Bolzano / Bozen,P.A. Bolzano,533050,421141,79.01,0.81
3829,2021-02-03,PAB,1503,478,1025,5,1498,0,ITH,ITH1,4,Provincia Autonoma Bolzano / Bozen,P.A. Bolzano,533050,422644,79.29,0.28
3830,2021-02-10,PAB,1636,605,1031,26,1610,0,ITH,ITH1,4,Provincia Autonoma Bolzano / Bozen,P.A. Bolzano,533050,424280,79.59,0.31
3831,2021-05-21,PAB,6925,3806,3119,5044,1846,35,ITH,ITH1,4,Provincia Autonoma Bolzano / Bozen,P.A. Bolzano,533050,431205,80.89,1.3
3832,2021-05-16,PAB,2025,932,1093,1329,692,4,ITH,ITH1,4,Provincia Autonoma Bolzano / Bozen,P.A. Bolzano,533050,433230,81.27,0.38
3833,2021-01-22,PAB,248,143,105,124,124,0,ITH,ITH1,4,Provincia Autonoma Bolzano / Bozen,P.A. Bolzano,533050,433478,81.32,0.05
3834,2021-06-28,PAB,4607,2304,2303,240,4367,0,ITH,ITH1,4,Provincia Autonoma Bolzano / Bozen,P.A. Bolzano,533050,438085,82.18,0.86
3835,2021-03-02,PAB,695,200,495,692,2,1,ITH,ITH1,4,Provincia Autonoma Bolzano / Bozen,P.A. Bolzano,533050,438780,82.31,0.13
3836,2021-03-19,PAB,1906,773,1133,794,1107,5,ITH,ITH1,4,Provincia Autonoma Bolzano / Bozen,P.A. Bolzano,533050,440686,82.67,0.36
3837,2021-07-01,PAB,4622,2296,2326,1459,3163,0,ITH,ITH1,4,Provincia Autonoma Bolzano / Bozen,P.A. Bolzano,533050,445308,83.54,0.87
3838,2021-03-04,PAB,1715,1005,710,1481,229,5,ITH,ITH1,4,Provincia Autonoma Bolzano / Bozen,P.A. Bolzano,533050,447023,83.86,0.32
3839,2021-05-26,PAB,4939,2492,2447,2946,1974,19,ITH,ITH1,4,Provincia Autonoma Bolzano / Bozen,P.A. Bolzano,533050,451962,84.79,0.93
3840,2021-06-14,PAB,2961,1606,1355,604,2357,0,ITH,ITH1,4,Provincia Autonoma Bolzano / Bozen,P.A. Bolzano,533050,454923,85.34,0.56
3841,2021-02-15,PAB,72,42,30,26,46,0,ITH,ITH1,4,Provincia Autonoma Bolzano / Bozen,P.A. Bolzano,533050,454995,85.36,0.01
3842,2021-05-11,PAB,2844,1335,1509,1308,1523,13,ITH,ITH1,4,Provincia Autonoma Bolzano / Bozen,P.A. Bolzano,533050,457839,85.89,0.53
3843,2021-01-29,PAB,1497,510,987,24,1473,0,ITH,ITH1,4,Provincia Autonoma Bolzano / Bozen,P.A. Bolzano,533050,459336,86.17,0.28
3844,2021-04-22,PAB,2924,1501,1423,1975,942,7,ITH,ITH1,4,Provincia Autonoma Bolzano / Bozen,P.A. Bolzano,533050,462260,86.72,0.55
3845,2021-05-09,PAB,4241,2410,1831,3084,1152,5,ITH,ITH1,4,Provincia Autonoma Bolzano / Bozen,P.A. Bolzano,533050,466501,87.52,0.8
3846,2021-03-06,PAB,3973,2081,1892,3758,211,4,ITH,ITH1,4,Provincia Autonoma Bolzano / Bozen,P.A. Bolzano,533050,470474,88.26,0.75
3847,2021-05-28,PAB,5684,2897,2787,3778,1890,16,ITH,ITH1,4,Provincia Autonoma Bolzano / Bozen,P.A. Bolzano,533050,476158,89.33,1.07
3848,2021-02-17,PAB,156,51,105,139,17,0,ITH,ITH1,4,Provincia Autonoma Bolzano / Bozen,P.A. Bolzano,533050,476314,89.36,0.03
3849,2021-01-31,PUG,1816,832,984,75,1741,0,ITF,ITF4,16,Puglia,Puglia,4029053,1816,0.05,0.05
3850,2021-03-05,PUG,17686,7168,10518,15169,2305,212,ITF,ITF4,16,Puglia,Puglia,4029053,19502,0.48,0.44
3851,2021-02-26,PUG,13767,5055,8712,12535,1036,196,ITF,ITF4,16,Puglia,Puglia,4029053,33269,0.83,0.34
3852,2020-12-31,PUG,1635,782,853,1635,0,0,ITF,ITF4,16,Puglia,Puglia,4029053,34904,0.87,0.04
3853,2021-06-15,PUG,42359,20720,21639,22145,19570,644,ITF,ITF4,16,Puglia,Puglia,4029053,77263,1.92,1.05
3854,2021-06-08,PUG,39189,19082,20107,20850,17757,582,ITF,ITF4,16,Puglia,Puglia,4029053,116452,2.89,0.97
3855,2021-01-12,PUG,4213,1770,2443,4211,0,2,ITF,ITF4,16,Puglia,Puglia,4029053,120665,2.99,0.1
3856,2021-04-07,PUG,15703,7127,8576,8823,6678,202,ITF,ITF4,16,Puglia,Puglia,4029053,136368,3.38,0.39
3857,2021-04-19,PUG,27703,12878,14825,24311,3044,348,ITF,ITF4,16,Puglia,Puglia,4029053,164071,4.07,0.69
3858,2021-04-24,PUG,29372,13372,16000,25089,3944,339,ITF,ITF4,16,Puglia,Puglia,4029053,193443,4.8,0.73
3859,2021-01-14,PUG,4072,1591,2481,4066,0,6,ITF,ITF4,16,Puglia,Puglia,4029053,197515,4.9,0.1
3860,2021-01-07,PUG,5717,2459,3258,5717,0,0,ITF,ITF4,16,Puglia,Puglia,4029053,203232,5.04,0.14
3861,2021-04-17,PUG,39985,18952,21033,35993,3569,423,ITF,ITF4,16,Puglia,Puglia,4029053,243217,6.04,0.99
3862,2021-04-05,PUG,12750,6192,6558,12076,533,141,ITF,ITF4,16,Puglia,Puglia,4029053,255967,6.35,0.32
3863,2021-03-19,PUG,7965,3654,4311,3378,4550,37,ITF,ITF4,16,Puglia,Puglia,4029053,263932,6.55,0.2
3864,2021-06-27,PUG,18441,9163,9278,9910,8251,280,ITF,ITF4,16,Puglia,Puglia,4029053,282373,7.01,0.46
3865,2021-02-14,PUG,786,347,439,658,124,4,ITF,ITF4,16,Puglia,Puglia,4029053,283159,7.03,0.02
3866,2021-02-21,PUG,2177,474,1703,2046,62,69,ITF,ITF4,16,Puglia,Puglia,4029053,285336,7.08,0.05
3867,2021-06-01,PUG,34848,17434,17414,21599,12865,384,ITF,ITF4,16,Puglia,Puglia,4029053,320184,7.95,0.86
3868,2021-05-15,PUG,43548,18959,24589,22819,20009,720,ITF,ITF4,16,Puglia,Puglia,4029053,363732,9.03,1.08
3869,2021-06-03,PUG,50417,24457,25960,30426,19249,742,ITF,ITF4,16,Puglia,Puglia,4029053,414149,10.28,1.25
3870,2021-03-10,PUG,14809,6613,8196,11534,3124,151,ITF,ITF4,16,Puglia,Puglia,4029053,428958,10.65,0.37
3871,2021-03-29,PUG,13539,6599,6940,6604,6743,192,ITF,ITF4,16,Puglia,Puglia,4029053,442497,10.98,0.34
3872,2021-02-07,PUG,1580,670,910,254,1326,0,ITF,ITF4,16,Puglia,Puglia,4029053,444077,11.02,0.04
3873,2021-01-21,PUG,2132,904,1228,1269,861,2,ITF,ITF4,16,Puglia,Puglia,4029053,446209,11.07,0.05
3874,2021-05-01,PUG,27614,12647,14967,16692,10651,271,ITF,ITF4,16,Puglia,Puglia,4029053,473823,11.76,0.69
3875,2021-01-02,PUG,2951,1302,1649,2951,0,0,ITF,ITF4,16,Puglia,Puglia,4029053,476774,11.83,0.07
3876,2021-04-12,PUG,29268,13789,15479,26077,2877,314,ITF,ITF4,16,Puglia,Puglia,4029053,506042,12.56,0.73
3877,2021-07-04,PUG,19161,9301,9860,7473,11410,278,ITF,ITF4,16,Puglia,Puglia,4029053,525203,13.04,0.48
3878,2021-02-09,PUG,3839,1569,2270,2149,1672,18,ITF,ITF4,16,Puglia,Puglia,4029053,529042,13.13,0.1
3879,2021-05-20,PUG,33580,15237,18343,20722,12345,513,ITF,ITF4,16,Puglia,Puglia,4029053,562622,13.96,0.83
3880,2021-03-24,PUG,13569,6508,7061,6147,7307,115,ITF,ITF4,16,Puglia,Puglia,4029053,576191,14.3,0.34
3881,2021-01-26,PUG,5365,2398,2967,570,4794,1,ITF,ITF4,16,Puglia,Puglia,4029053,581556,14.43,0.13
3882,2021-07-02,PUG,46389,22035,24354,17045,28396,948,ITF,ITF4,16,Puglia,Puglia,4029053,627945,15.59,1.15
3883,2021-05-06,PUG,39568,17302,22266,19321,19688,559,ITF,ITF4,16,Puglia,Puglia,4029053,667513,16.57,0.98
3884,2021-05-29,PUG,30488,14363,16125,20540,9400,548,ITF,ITF4,16,Puglia,Puglia,4029053,698001,17.32,0.76
3885,2021-04-02,PUG,12843,6000,6843,8168,4524,151,ITF,ITF4,16,Puglia,Puglia,4029053,710844,17.64,0.32
3886,2021-04-16,PUG,36024,16933,19091,32313,3282,429,ITF,ITF4,16,Puglia,Puglia,4029053,746868,18.54,0.89
3887,2021-06-13,PUG,21700,10876,10824,16190,5178,332,ITF,ITF4,16,Puglia,Puglia,4029053,768568,19.08,0.54
3888,2021-02-28,PUG,6059,1807,4252,5799,186,74,ITF,ITF4,16,Puglia,Puglia,4029053,774627,19.23,0.15
3889,2021-05-12,PUG,36560,16310,20250,23474,12489,597,ITF,ITF4,16,Puglia,Puglia,4029053,811187,20.13,0.91
3890,2021-02-19,PUG,4735,2012,2723,4289,392,54,ITF,ITF4,16,Puglia,Puglia,4029053,815922,20.25,0.12
3891,2021-06-22,PUG,42049,20384,21665,18788,22650,611,ITF,ITF4,16,Puglia,Puglia,4029053,857971,21.29,1.04
3892,2021-04-26,PUG,26267,12034,14233,22638,3234,395,ITF,ITF4,16,Puglia,Puglia,4029053,884238,21.95,0.65
3893,2021-03-16,PUG,9872,4688,5184,3455,6360,57,ITF,ITF4,16,Puglia,Puglia,4029053,894110,22.19,0.25
3894,2021-06-24,PUG,52279,25287,26992,23257,28191,831,ITF,ITF4,16,Puglia,Puglia,4029053,946389,23.49,1.3
3895,2021-04-28,PUG,19804,8879,10925,14763,4770,271,ITF,ITF4,16,Puglia,Puglia,4029053,966193,23.98,0.49
3896,2021-05-27,PUG,40692,19224,21468,22728,17288,676,ITF,ITF4,16,Puglia,Puglia,4029053,1006885,24.99,1.01
3897,2021-03-02,PUG,16387,6091,10296,14842,1302,243,ITF,ITF4,16,Puglia,Puglia,4029053,1023272,25.4,0.41
3898,2021-06-10,PUG,46923,23065,23858,29164,16994,765,ITF,ITF4,16,Puglia,Puglia,4029053,1070195,26.56,1.16
3899,2021-04-04,PUG,5969,2964,3005,5883,5,81,ITF,ITF4,16,Puglia,Puglia,4029053,1076164,26.71,0.15
3900,2021-03-21,PUG,2694,1227,1467,579,2104,11,ITF,ITF4,16,Puglia,Puglia,4029053,1078858,26.78,0.07
3901,2021-05-25,PUG,34669,16176,18493,20573,13510,586,ITF,ITF4,16,Puglia,Puglia,4029053,1113527,27.64,0.86
3902,2021-05-08,PUG,54265,22970,31295,24019,29734,512,ITF,ITF4,16,Puglia,Puglia,4029053,1167792,28.98,1.35
3903,2021-03-31,PUG,14554,6818,7736,8846,5560,148,ITF,ITF4,16,Puglia,Puglia,4029053,1182346,29.35,0.36
3904,2021-02-02,PUG,4344,1846,2498,591,3752,1,ITF,ITF4,16,Puglia,Puglia,4029053,1186690,29.45,0.11
3905,2021-07-09,PUG,33919,16221,17698,5999,27319,601,ITF,ITF4,16,Puglia,Puglia,4029053,1220609,30.3,0.84
3906,2021-05-13,PUG,38709,17258,21451,20953,17175,581,ITF,ITF4,16,Puglia,Puglia,4029053,1259318,31.26,0.96
3907,2021-03-17,PUG,10340,4699,5641,4105,6173,62,ITF,ITF4,16,Puglia,Puglia,4029053,1269658,31.51,0.26
3908,2021-01-19,PUG,1221,452,769,1210,10,1,ITF,ITF4,16,Puglia,Puglia,4029053,1270879,31.54,0.03
3909,2021-07-08,PUG,38711,17844,20867,5355,32891,465,ITF,ITF4,16,Puglia,Puglia,4029053,1309590,32.5,0.96
3910,2021-01-04,PUG,4509,2016,2493,4507,0,2,ITF,ITF4,16,Puglia,Puglia,4029053,1314099,32.62,0.11
3911,2021-03-12,PUG,14278,6436,7842,10212,3929,137,ITF,ITF4,16,Puglia,Puglia,4029053,1328377,32.97,0.35
3912,2021-06-20,PUG,21408,10771,10637,13925,7135,348,ITF,ITF4,16,Puglia,Puglia,4029053,1349785,33.5,0.53
3913,2021-02-04,PUG,5928,2365,3563,1184,4735,9,ITF,ITF4,16,Puglia,Puglia,4029053,1355713,33.65,0.15
3914,2021-05-17,PUG,32838,15214,17624,20474,11859,505,ITF,ITF4,16,Puglia,Puglia,4029053,1388551,34.46,0.82
3915,2021-02-18,PUG,4380,1846,2534,3715,606,59,ITF,ITF4,16,Puglia,Puglia,4029053,1392931,34.57,0.11
3916,2021-04-09,PUG,22055,9506,12549,17045,4625,385,ITF,ITF4,16,Puglia,Puglia,4029053,1414986,35.12,0.55
3917,2021-02-11,PUG,3697,1401,2296,2393,1278,26,ITF,ITF4,16,Puglia,Puglia,4029053,1418683,35.21,0.09
3918,2021-05-22,PUG,34617,15857,18760,23679,10393,545,ITF,ITF4,16,Puglia,Puglia,4029053,1453300,36.07,0.86
3919,2021-02-25,PUG,11968,5062,6906,10661,1173,134,ITF,ITF4,16,Puglia,Puglia,4029053,1465268,36.37,0.3
3920,2021-06-05,PUG,42319,20746,21573,28965,12610,744,ITF,ITF4,16,Puglia,Puglia,4029053,1507587,37.42,1.05
3921,2021-01-23,PUG,3039,1294,1745,885,2153,1,ITF,ITF4,16,Puglia,Puglia,4029053,1510626,37.49,0.08
3922,2021-05-03,PUG,33309,14885,18424,22093,10634,582,ITF,ITF4,16,Puglia,Puglia,4029053,1543935,38.32,0.83
3923,2021-03-07,PUG,4983,2000,2983,4373,571,39,ITF,ITF4,16,Puglia,Puglia,4029053,1548918,38.44,0.12
3924,2021-05-05,PUG,39151,17158,21993,24365,14190,596,ITF,ITF4,16,Puglia,Puglia,4029053,1588069,39.42,0.97
3925,2021-06-17,PUG,42453,20754,21699,21182,20666,605,ITF,ITF4,16,Puglia,Puglia,4029053,1630522,40.47,1.05
3926,2021-06-29,PUG,46108,22097,24011,15119,30271,718,ITF,ITF4,16,Puglia,Puglia,4029053,1676630,41.61,1.14
3927,2021-01-11,PUG,3753,1588,2165,3752,0,1,ITF,ITF4,16,Puglia,Puglia,4029053,1680383,41.71,0.09
3928,2021-04-21,PUG,23118,10673,12445,19076,3733,309,ITF,ITF4,16,Puglia,Puglia,4029053,1703501,42.28,0.57
3929,2021-05-24,PUG,36095,17032,19063,24486,10994,615,ITF,ITF4,16,Puglia,Puglia,4029053,1739596,43.18,0.9
3930,2021-02-16,PUG,3383,1455,1928,2707,646,30,ITF,ITF4,16,Puglia,Puglia,4029053,1742979,43.26,0.08
3931,2021-01-30,PUG,5531,2514,3017,408,5122,1,ITF,ITF4,16,Puglia,Puglia,4029053,1748510,43.4,0.14
3932,2021-05-10,PUG,37721,16664,21057,19297,17951,473,ITF,ITF4,16,Puglia,Puglia,4029053,1786231,44.33,0.94
3933,2021-06-12,PUG,34042,16986,17056,24538,8857,647,ITF,ITF4,16,Puglia,Puglia,4029053,1820273,45.18,0.84
3934,2021-01-28,PUG,5474,2277,3197,471,5003,0,ITF,ITF4,16,Puglia,Puglia,4029053,1825747,45.31,0.14
3935,2021-04-23,PUG,29500,13711,15789,23826,5254,420,ITF,ITF4,16,Puglia,Puglia,4029053,1855247,46.05,0.73
3936,2021-05-31,PUG,37775,18196,19579,23076,14146,553,ITF,ITF4,16,Puglia,Puglia,4029053,1893022,46.98,0.94
3937,2021-02-23,PUG,9360,4421,4939,8781,488,91,ITF,ITF4,16,Puglia,Puglia,4029053,1902382,47.22,0.23
3938,2021-01-09,PUG,4887,2250,2637,4883,0,4,ITF,ITF4,16,Puglia,Puglia,4029053,1907269,47.34,0.12
3939,2021-07-01,PUG,47552,22254,25298,11304,35597,651,ITF,ITF4,16,Puglia,Puglia,4029053,1954821,48.52,1.18
3940,2021-03-14,PUG,3329,1434,1895,2475,818,36,ITF,ITF4,16,Puglia,Puglia,4029053,1958150,48.6,0.08
3941,2021-01-16,PUG,2507,1034,1473,2505,0,2,ITF,ITF4,16,Puglia,Puglia,4029053,1960657,48.66,0.06
3942,2021-02-13,PUG,3727,1456,2271,3015,696,16,ITF,ITF4,16,Puglia,Puglia,4029053,1964384,48.76,0.09
3943,2021-06-28,PUG,48007,23288,24719,21362,25775,870,ITF,ITF4,16,Puglia,Puglia,4029053,2012391,49.95,1.19
3944,2021-05-09,PUG,30696,12587,18109,14697,15617,382,ITF,ITF4,16,Puglia,Puglia,4029053,2043087,50.71,0.76
3945,2021-04-22,PUG,23017,10536,12481,17708,4919,390,ITF,ITF4,16,Puglia,Puglia,4029053,2066104,51.28,0.57
3946,2021-02-12,PUG,4212,1672,2540,3098,1092,22,ITF,ITF4,16,Puglia,Puglia,4029053,2070316,51.38,0.1
3947,2021-01-29,PUG,6201,2663,3538,424,5772,5,ITF,ITF4,16,Puglia,Puglia,4029053,2076517,51.54,0.15
3948,2021-03-20,PUG,8413,3878,4535,3776,4594,43,ITF,ITF4,16,Puglia,Puglia,4029053,2084930,51.75,0.21
3949,2021-03-03,PUG,16780,6799,9981,14713,1917,150,ITF,ITF4,16,Puglia,Puglia,4029053,2101710,52.16,0.42
3950,2021-06-11,PUG,47634,23304,24330,32705,13955,974,ITF,ITF4,16,Puglia,Puglia,4029053,2149344,53.35,1.18
3951,2021-04-03,PUG,10559,4644,5915,6804,3559,196,ITF,ITF4,16,Puglia,Puglia,4029053,2159903,53.61,0.26
3952,2021-03-30,PUG,12362,5920,6442,6286,5922,154,ITF,ITF4,16,Puglia,Puglia,4029053,2172265,53.92,0.31
3953,2021-02-01,PUG,3966,1660,2306,369,3595,2,ITF,ITF4,16,Puglia,Puglia,4029053,2176231,54.01,0.1
3954,2021-05-14,PUG,44916,20527,24389,27925,16125,866,ITF,ITF4,16,Puglia,Puglia,4029053,2221147,55.13,1.11
3955,2021-01-25,PUG,3828,1680,2148,424,3403,1,ITF,ITF4,16,Puglia,Puglia,4029053,2224975,55.22,0.1
3956,2021-01-06,PUG,3952,1674,2278,3951,0,1,ITF,ITF4,16,Puglia,Puglia,4029053,2228927,55.32,0.1
3957,2021-06-16,PUG,41722,20519,21203,26595,14342,785,ITF,ITF4,16,Puglia,Puglia,4029053,2270649,56.36,1.04
3958,2021-04-25,PUG,11310,5237,6073,10021,1158,131,ITF,ITF4,16,Puglia,Puglia,4029053,2281959,56.64,0.28
3959,2021-02-27,PUG,14223,4818,9405,12816,1226,181,ITF,ITF4,16,Puglia,Puglia,4029053,2296182,56.99,0.35
3960,2021-01-01,PUG,148,61,87,148,0,0,ITF,ITF4,16,Puglia,Puglia,4029053,2296330,56.99,0.0
3961,2021-06-07,PUG,44175,21578,22597,30162,13199,814,ITF,ITF4,16,Puglia,Puglia,4029053,2340505,58.09,1.1
3962,2021-04-11,PUG,16465,7253,9212,14630,1658,177,ITF,ITF4,16,Puglia,Puglia,4029053,2356970,58.5,0.41
3963,2021-03-06,PUG,16146,6124,10022,13887,2093,166,ITF,ITF4,16,Puglia,Puglia,4029053,2373116,58.9,0.4
3964,2021-01-08,PUG,5650,2370,3280,5644,0,6,ITF,ITF4,16,Puglia,Puglia,4029053,2378766,59.04,0.14
3965,2021-06-14,PUG,41772,20438,21334,28568,12339,865,ITF,ITF4,16,Puglia,Puglia,4029053,2420538,60.08,1.04
3966,2021-04-18,PUG,22616,10820,11796,21362,1056,198,ITF,ITF4,16,Puglia,Puglia,4029053,2443154,60.64,0.56
3967,2021-02-20,PUG,2970,1079,1891,2685,257,28,ITF,ITF4,16,Puglia,Puglia,4029053,2446124,60.71,0.07
3968,2021-01-15,PUG,4552,1866,2686,4547,0,5,ITF,ITF4,16,Puglia,Puglia,4029053,2450676,60.83,0.11
3969,2021-01-22,PUG,1409,578,831,990,418,1,ITF,ITF4,16,Puglia,Puglia,4029053,2452085,60.86,0.03
3970,2021-06-25,PUG,50313,24780,25533,23610,25755,948,ITF,ITF4,16,Puglia,Puglia,4029053,2502398,62.11,1.25
3971,2021-03-18,PUG,9547,4331,5216,3314,6168,65,ITF,ITF4,16,Puglia,Puglia,4029053,2511945,62.35,0.24
3972,2021-06-26,PUG,31943,16089,15854,15732,15612,599,ITF,ITF4,16,Puglia,Puglia,4029053,2543888,63.14,0.79
3973,2021-03-04,PUG,15346,6093,9253,13703,1421,222,ITF,ITF4,16,Puglia,Puglia,4029053,2559234,63.52,0.38
3974,2021-06-09,PUG,41666,20633,21033,29716,11182,768,ITF,ITF4,16,Puglia,Puglia,4029053,2600900,64.55,1.03
3975,2021-02-15,PUG,3258,1270,1988,2592,622,44,ITF,ITF4,16,Puglia,Puglia,4029053,2604158,64.63,0.08
3976,2021-05-26,PUG,38495,18490,20005,26162,11680,653,ITF,ITF4,16,Puglia,Puglia,4029053,2642653,65.59,0.96
3977,2021-01-27,PUG,4602,1941,2661,629,3972,1,ITF,ITF4,16,Puglia,Puglia,4029053,2647255,65.7,0.11
3978,2021-05-07,PUG,50020,22326,27694,26003,23461,556,ITF,ITF4,16,Puglia,Puglia,4029053,2697275,66.95,1.24
3979,2021-01-13,PUG,4542,1729,2813,4539,0,3,ITF,ITF4,16,Puglia,Puglia,4029053,2701817,67.06,0.11
3980,2021-04-06,PUG,13839,6250,7589,6915,6755,169,ITF,ITF4,16,Puglia,Puglia,4029053,2715656,67.4,0.34
3981,2021-01-18,PUG,1844,771,1073,1494,349,1,ITF,ITF4,16,Puglia,Puglia,4029053,2717500,67.45,0.05
3982,2021-02-06,PUG,4550,1931,2619,1578,2957,15,ITF,ITF4,16,Puglia,Puglia,4029053,2722050,67.56,0.11
3983,2021-01-20,PUG,1548,542,1006,1537,8,3,ITF,ITF4,16,Puglia,Puglia,4029053,2723598,67.6,0.04
3984,2021-04-30,PUG,34929,15647,19282,22390,11969,570,ITF,ITF4,16,Puglia,Puglia,4029053,2758527,68.47,0.87
3985,2021-04-13,PUG,28739,13630,15109,25028,3402,309,ITF,ITF4,16,Puglia,Puglia,4029053,2787266,69.18,0.71
3986,2021-07-05,PUG,37417,17575,19842,7022,29856,539,ITF,ITF4,16,Puglia,Puglia,4029053,2824683,70.11,0.93
3987,2021-05-02,PUG,21316,9660,11656,13867,7266,183,ITF,ITF4,16,Puglia,Puglia,4029053,2845999,70.64,0.53
3988,2021-05-21,PUG,39012,18519,20493,28179,10043,790,ITF,ITF4,16,Puglia,Puglia,4029053,2885011,71.61,0.97
3989,2021-05-19,PUG,26386,12758,13628,19513,6435,438,ITF,ITF4,16,Puglia,Puglia,4029053,2911397,72.26,0.65
3990,2021-03-23,PUG,11099,5629,5470,4540,6476,83,ITF,ITF4,16,Puglia,Puglia,4029053,2922496,72.54,0.28
3991,2020-12-30,PUG,1,0,1,1,0,0,ITF,ITF4,16,Puglia,Puglia,4029053,2922497,72.54,0.0
3992,2021-03-22,PUG,9945,5109,4836,4239,5646,60,ITF,ITF4,16,Puglia,Puglia,4029053,2932442,72.78,0.25
3993,2021-01-24,PUG,1670,750,920,154,1516,0,ITF,ITF4,16,Puglia,Puglia,4029053,2934112,72.82,0.04
3994,2021-06-30,PUG,46817,22735,24082,18353,27588,876,ITF,ITF4,16,Puglia,Puglia,4029053,2980929,73.99,1.16
3995,2021-03-15,PUG,12337,6146,6191,5733,6504,100,ITF,ITF4,16,Puglia,Puglia,4029053,2993266,74.29,0.31
3996,2021-01-17,PUG,1308,590,718,1238,69,1,ITF,ITF4,16,Puglia,Puglia,4029053,2994574,74.32,0.03
3997,2021-06-23,PUG,29136,14230,14906,16778,11715,643,ITF,ITF4,16,Puglia,Puglia,4029053,3023710,75.05,0.72
3998,2021-04-27,PUG,26678,12069,14609,20750,5604,324,ITF,ITF4,16,Puglia,Puglia,4029053,3050388,75.71,0.66
3999,2021-05-11,PUG,32561,14364,18197,13644,18423,494,ITF,ITF4,16,Puglia,Puglia,4029053,3082949,76.52,0.81
4000,2021-05-04,PUG,35051,14824,20227,18173,16462,416,ITF,ITF4,16,Puglia,Puglia,4029053,3118000,77.39,0.87
4001,2021-03-08,PUG,14992,6438,8554,12437,2402,153,ITF,ITF4,16,Puglia,Puglia,4029053,3132992,77.76,0.37
4002,2021-03-01,PUG,15104,5867,9237,13580,1372,152,ITF,ITF4,16,Puglia,Puglia,4029053,3148096,78.13,0.37
4003,2021-01-10,PUG,2348,1061,1287,2347,0,1,ITF,ITF4,16,Puglia,Puglia,4029053,3150444,78.19,0.06
4004,2021-04-20,PUG,21163,9832,11331,17433,3465,265,ITF,ITF4,16,Puglia,Puglia,4029053,3171607,78.72,0.53
4005,2020-12-27,PUG,510,252,258,510,0,0,ITF,ITF4,16,Puglia,Puglia,4029053,3172117,78.73,0.01
4006,2021-07-10,PUG,20291,9993,10298,4131,15890,270,ITF,ITF4,16,Puglia,Puglia,4029053,3192408,79.23,0.5
4007,2021-04-08,PUG,17486,7586,9900,11093,6177,216,ITF,ITF4,16,Puglia,Puglia,4029053,3209894,79.67,0.43
4008,2021-06-06,PUG,30623,15413,15210,25234,5032,357,ITF,ITF4,16,Puglia,Puglia,4029053,3240517,80.43,0.76
4009,2021-04-10,PUG,30894,13103,17791,26291,4224,379,ITF,ITF4,16,Puglia,Puglia,4029053,3271411,81.2,0.77
4010,2021-04-01,PUG,13932,6541,7391,7373,6347,212,ITF,ITF4,16,Puglia,Puglia,4029053,3285343,81.54,0.35
4011,2021-02-03,PUG,5038,2006,3032,727,4308,3,ITF,ITF4,16,Puglia,Puglia,4029053,3290381,81.67,0.13
4012,2021-06-18,PUG,47323,23293,24030,28508,17816,999,ITF,ITF4,16,Puglia,Puglia,4029053,3337704,82.84,1.17
4013,2021-01-03,PUG,2006,942,1064,2005,0,1,ITF,ITF4,16,Puglia,Puglia,4029053,3339710,82.89,0.05
4014,2021-03-27,PUG,12155,5710,6445,6875,5171,109,ITF,ITF4,16,Puglia,Puglia,4029053,3351865,83.19,0.3
4015,2021-01-05,PUG,5109,2251,2858,5106,0,3,ITF,ITF4,16,Puglia,Puglia,4029053,3356974,83.32,0.13
4016,2021-04-15,PUG,32650,15236,17414,28669,3589,392,ITF,ITF4,16,Puglia,Puglia,4029053,3389624,84.13,0.81
4017,2021-07-07,PUG,37275,17773,19502,6018,30752,505,ITF,ITF4,16,Puglia,Puglia,4029053,3426899,85.05,0.93
4018,2021-03-25,PUG,11707,5995,5712,5370,6243,94,ITF,ITF4,16,Puglia,Puglia,4029053,3438606,85.35,0.29
4019,2021-07-03,PUG,32045,15991,16054,13060,18469,516,ITF,ITF4,16,Puglia,Puglia,4029053,3470651,86.14,0.8
4020,2021-02-08,PUG,3993,1610,2383,1581,2396,16,ITF,ITF4,16,Puglia,Puglia,4029053,3474644,86.24,0.1
4021,2021-02-10,PUG,3646,1436,2210,2114,1511,21,ITF,ITF4,16,Puglia,Puglia,4029053,3478290,86.33,0.09
4022,2021-05-23,PUG,17916,8372,9544,13850,3805,261,ITF,ITF4,16,Puglia,Puglia,4029053,3496206,86.77,0.44
4023,2021-02-17,PUG,4279,1747,2532,3634,605,40,ITF,ITF4,16,Puglia,Puglia,4029053,3500485,86.88,0.11
4024,2021-05-28,PUG,43881,20781,23100,27395,15683,803,ITF,ITF4,16,Puglia,Puglia,4029053,3544366,87.97,1.09
4025,2021-05-30,PUG,20978,10045,10933,15680,5037,261,ITF,ITF4,16,Puglia,Puglia,4029053,3565344,88.49,0.52
4026,2021-03-26,PUG,11999,5838,6161,7228,4645,126,ITF,ITF4,16,Puglia,Puglia,4029053,3577343,88.79,0.3
4027,2021-03-09,PUG,13618,6083,7535,11426,2010,182,ITF,ITF4,16,Puglia,Puglia,4029053,3590961,89.13,0.34
4028,2021-04-14,PUG,31968,15085,16883,28351,3307,310,ITF,ITF4,16,Puglia,Puglia,4029053,3622929,89.92,0.79
4029,2021-03-28,PUG,3541,1654,1887,1180,2327,34,ITF,ITF4,16,Puglia,Puglia,4029053,3626470,90.01,0.09
4030,2021-07-06,PUG,41446,19068,22378,6123,34898,425,ITF,ITF4,16,Puglia,Puglia,4029053,3667916,91.04,1.03
4031,2021-06-19,PUG,34440,17263,17177,21911,11819,710,ITF,ITF4,16,Puglia,Puglia,4029053,3702356,91.89,0.85
4032,2021-06-21,PUG,41484,20220,21264,21191,19610,683,ITF,ITF4,16,Puglia,Puglia,4029053,3743840,92.92,1.03
4033,2021-03-11,PUG,14810,6571,8239,11441,3172,197,ITF,ITF4,16,Puglia,Puglia,4029053,3758650,93.29,0.37
4034,2021-06-02,PUG,26996,13203,13793,21811,4815,370,ITF,ITF4,16,Puglia,Puglia,4029053,3785646,93.96,0.67
4035,2021-03-13,PUG,10468,4134,6334,8562,1808,98,ITF,ITF4,16,Puglia,Puglia,4029053,3796114,94.22,0.26
4036,2021-02-24,PUG,10045,4706,5339,9361,594,90,ITF,ITF4,16,Puglia,Puglia,4029053,3806159,94.47,0.25
4037,2021-06-04,PUG,52545,25428,27117,34047,17655,843,ITF,ITF4,16,Puglia,Puglia,4029053,3858704,95.77,1.3
4038,2021-05-18,PUG,28872,13434,15438,15843,12779,250,ITF,ITF4,16,Puglia,Puglia,4029053,3887576,96.49,0.72
4039,2021-04-29,PUG,26168,12108,14060,19082,6662,424,ITF,ITF4,16,Puglia,Puglia,4029053,3913744,97.14,0.65
4040,2021-02-22,PUG,9633,4535,5098,9212,334,87,ITF,ITF4,16,Puglia,Puglia,4029053,3923377,97.38,0.24
4041,2021-02-05,PUG,5636,2273,3363,1328,4303,5,ITF,ITF4,16,Puglia,Puglia,4029053,3929013,97.52,0.14
4042,2021-05-16,PUG,24540,11066,13474,12485,11830,225,ITF,ITF4,16,Puglia,Puglia,4029053,3953553,98.13,0.61
