,data,area,Vaccinazioni giornaliere,sesso_maschile,sesso_femminile,prima_dose,seconda_dose,pregressa_infezione,codice_NUTS1,codice_NUTS2,codice_regione_ISTAT,nome_area,Regione,popolazione,Totale vaccinazioni,Totale vaccinazioni ogni cento ab,Vaccinazioni giornaliere ogni cento ab
0,2021-04-16,LAZ,34582,15770,18812,21905,12242,435,ITI,ITI4,12,Lazio,Lazio,5879082,34582,0.59,0.59
1,2021-01-23,LAZ,7219,2871,4348,588,6631,0,ITI,ITI4,12,Lazio,Lazio,5879082,41801,0.71,0.12
2,2021-01-06,LAZ,5203,1991,3212,5083,0,120,ITI,ITI4,12,Lazio,Lazio,5879082,47004,0.8,0.09
3,2021-07-22,LAZ,61203,30579,30624,28452,31204,1547,ITI,ITI4,12,Lazio,Lazio,5879082,108207,1.84,1.04
4,2021-09-03,LAZ,26021,13578,12443,7325,18210,486,ITI,ITI4,12,Lazio,Lazio,5879082,134228,2.28,0.44
5,2021-05-17,LAZ,44657,20451,24206,35412,8633,612,ITI,ITI4,12,Lazio,Lazio,5879082,178885,3.04,0.76
6,2021-02-06,LAZ,6285,2567,3718,896,5385,4,ITI,ITI4,12,Lazio,Lazio,5879082,185170,3.15,0.11
7,2021-08-08,LAZ,50348,26069,24279,18012,31498,838,ITI,ITI4,12,Lazio,Lazio,5879082,235518,4.01,0.86
8,2021-06-26,LAZ,56254,26521,29733,24701,30950,603,ITI,ITI4,12,Lazio,Lazio,5879082,291772,4.96,0.96
9,2021-04-30,LAZ,41744,18498,23246,26621,14402,721,ITI,ITI4,12,Lazio,Lazio,5879082,333516,5.67,0.71
10,2021-08-22,LAZ,8774,5303,3471,2525,6160,89,ITI,ITI4,12,Lazio,Lazio,5879082,342290,5.82,0.15
11,2021-03-30,LAZ,27165,13215,13950,19562,7234,369,ITI,ITI4,12,Lazio,Lazio,5879082,369455,6.28,0.46
12,2021-07-08,LAZ,64390,31612,32778,28155,35538,697,ITI,ITI4,12,Lazio,Lazio,5879082,433845,7.38,1.1
13,2021-07-27,LAZ,56508,27458,29050,8121,48053,334,ITI,ITI4,12,Lazio,Lazio,5879082,490353,8.34,0.96
14,2021-04-18,LAZ,23873,10610,13263,15851,7705,317,ITI,ITI4,12,Lazio,Lazio,5879082,514226,8.75,0.41
15,2021-05-26,LAZ,47695,21938,25757,34880,12165,650,ITI,ITI4,12,Lazio,Lazio,5879082,561921,9.56,0.81
16,2021-03-04,LAZ,19488,8757,10731,14187,5035,266,ITI,ITI4,12,Lazio,Lazio,5879082,581409,9.89,0.33
17,2021-06-12,LAZ,69966,32130,37836,39877,29430,659,ITI,ITI4,12,Lazio,Lazio,5879082,651375,11.08,1.19
18,2021-06-14,LAZ,63122,29580,33542,32325,30225,572,ITI,ITI4,12,Lazio,Lazio,5879082,714497,12.15,1.07
19,2021-03-21,LAZ,18296,7205,11091,13027,5071,198,ITI,ITI4,12,Lazio,Lazio,5879082,732793,12.46,0.31
20,2021-03-16,LAZ,13643,5781,7862,7041,6518,84,ITI,ITI4,12,Lazio,Lazio,5879082,746436,12.7,0.23
21,2021-03-09,LAZ,22062,9970,12092,16465,5233,364,ITI,ITI4,12,Lazio,Lazio,5879082,768498,13.07,0.38
22,2021-01-11,LAZ,5705,2174,3531,5560,0,145,ITI,ITI4,12,Lazio,Lazio,5879082,774203,13.17,0.1
23,2021-02-18,LAZ,10097,5022,5075,9105,882,110,ITI,ITI4,12,Lazio,Lazio,5879082,784300,13.34,0.17
24,2021-05-12,LAZ,47633,21626,26007,30239,16703,691,ITI,ITI4,12,Lazio,Lazio,5879082,831933,14.15,0.81
25,2021-02-01,LAZ,5687,2186,3501,352,5334,1,ITI,ITI4,12,Lazio,Lazio,5879082,837620,14.25,0.1
26,2021-09-17,LAZ,6038,3195,2843,2189,3650,199,ITI,ITI4,12,Lazio,Lazio,5879082,843658,14.35,0.1
27,2021-02-20,LAZ,9228,4280,4948,8367,787,74,ITI,ITI4,12,Lazio,Lazio,5879082,852886,14.51,0.16
28,2021-05-31,LAZ,51826,23078,28748,30871,19933,1022,ITI,ITI4,12,Lazio,Lazio,5879082,904712,15.39,0.88
29,2021-04-04,LAZ,17671,8203,9468,12260,5294,117,ITI,ITI4,12,Lazio,Lazio,5879082,922383,15.69,0.3
30,2021-02-25,LAZ,12821,5612,7209,11399,1216,206,ITI,ITI4,12,Lazio,Lazio,5879082,935204,15.91,0.22
31,2021-06-05,LAZ,66430,32727,33703,42930,22813,687,ITI,ITI4,12,Lazio,Lazio,5879082,1001634,17.04,1.13
32,2021-02-11,LAZ,7080,3069,4011,6446,609,25,ITI,ITI4,12,Lazio,Lazio,5879082,1008714,17.16,0.12
33,2021-04-11,LAZ,19245,8537,10708,13118,5938,189,ITI,ITI4,12,Lazio,Lazio,5879082,1027959,17.49,0.33
34,2021-02-13,LAZ,6617,2628,3989,6146,424,47,ITI,ITI4,12,Lazio,Lazio,5879082,1034576,17.6,0.11
35,2021-07-20,LAZ,63466,31665,31801,28433,33781,1252,ITI,ITI4,12,Lazio,Lazio,5879082,1098042,18.68,1.08
36,2021-05-24,LAZ,44064,20217,23847,33546,9861,657,ITI,ITI4,12,Lazio,Lazio,5879082,1142106,19.43,0.75
37,2021-08-10,LAZ,51060,26410,24650,21579,28490,991,ITI,ITI4,12,Lazio,Lazio,5879082,1193166,20.3,0.87
38,2021-05-19,LAZ,47341,21749,25592,36477,10188,676,ITI,ITI4,12,Lazio,Lazio,5879082,1240507,21.1,0.81
39,2021-08-27,LAZ,30676,16092,14584,7600,22505,571,ITI,ITI4,12,Lazio,Lazio,5879082,1271183,21.62,0.52
40,2021-09-15,LAZ,12414,6279,6135,2943,9125,346,ITI,ITI4,12,Lazio,Lazio,5879082,1283597,21.83,0.21
41,2021-01-04,LAZ,7586,2944,4642,7480,0,106,ITI,ITI4,12,Lazio,Lazio,5879082,1291183,21.96,0.13
42,2021-06-24,LAZ,64093,30574,33519,28613,34816,664,ITI,ITI4,12,Lazio,Lazio,5879082,1355276,23.05,1.09
43,2021-06-07,LAZ,62695,29351,33344,32713,29375,607,ITI,ITI4,12,Lazio,Lazio,5879082,1417971,24.12,1.07
44,2021-06-19,LAZ,66597,31421,35176,35274,30503,820,ITI,ITI4,12,Lazio,Lazio,5879082,1484568,25.25,1.13
45,2021-05-07,LAZ,48353,22668,25685,29784,17849,720,ITI,ITI4,12,Lazio,Lazio,5879082,1532921,26.07,0.82
46,2021-03-11,LAZ,25533,12047,13486,18866,6297,370,ITI,ITI4,12,Lazio,Lazio,5879082,1558454,26.51,0.43
47,2021-08-15,LAZ,1519,941,578,800,697,22,ITI,ITI4,12,Lazio,Lazio,5879082,1559973,26.53,0.03
48,2021-07-03,LAZ,53263,25083,28180,4637,48478,148,ITI,ITI4,12,Lazio,Lazio,5879082,1613236,27.44,0.91
49,2020-12-30,LAZ,1658,640,1018,1647,0,11,ITI,ITI4,12,Lazio,Lazio,5879082,1614894,27.47,0.03
50,2021-07-01,LAZ,48584,23240,25344,7168,41193,223,ITI,ITI4,12,Lazio,Lazio,5879082,1663478,28.29,0.83
51,2021-04-09,LAZ,27745,12636,15109,19123,8288,334,ITI,ITI4,12,Lazio,Lazio,5879082,1691223,28.77,0.47
52,2021-03-23,LAZ,25497,11974,13523,18482,6653,362,ITI,ITI4,12,Lazio,Lazio,5879082,1716720,29.2,0.43
53,2021-09-10,LAZ,11448,5882,5566,6117,4704,627,ITI,ITI4,12,Lazio,Lazio,5879082,1728168,29.4,0.19
54,2021-03-28,LAZ,19206,7841,11365,13535,5323,348,ITI,ITI4,12,Lazio,Lazio,5879082,1747374,29.72,0.33
55,2021-01-25,LAZ,8173,3287,4886,828,7345,0,ITI,ITI4,12,Lazio,Lazio,5879082,1755547,29.86,0.14
56,2021-05-05,LAZ,46874,21508,25366,30350,15894,630,ITI,ITI4,12,Lazio,Lazio,5879082,1802421,30.66,0.8
57,2021-03-02,LAZ,17267,7647,9620,13116,3957,194,ITI,ITI4,12,Lazio,Lazio,5879082,1819688,30.95,0.29
58,2021-01-18,LAZ,6392,2606,3786,5285,981,126,ITI,ITI4,12,Lazio,Lazio,5879082,1826080,31.06,0.11
59,2021-04-28,LAZ,33049,15080,17969,20911,11680,458,ITI,ITI4,12,Lazio,Lazio,5879082,1859129,31.62,0.56
60,2021-07-15,LAZ,45072,22069,23003,6688,37945,439,ITI,ITI4,12,Lazio,Lazio,5879082,1904201,32.39,0.77
61,2021-01-13,LAZ,5866,2244,3622,5704,0,162,ITI,ITI4,12,Lazio,Lazio,5879082,1910067,32.49,0.1
62,2021-04-23,LAZ,37992,18296,19696,22040,15415,537,ITI,ITI4,12,Lazio,Lazio,5879082,1948059,33.14,0.65
63,2021-08-03,LAZ,32546,16593,15953,5139,27202,205,ITI,ITI4,12,Lazio,Lazio,5879082,1980605,33.69,0.55
64,2021-01-30,LAZ,7024,2898,4126,815,6208,1,ITI,ITI4,12,Lazio,Lazio,5879082,1987629,33.81,0.12
65,2021-08-29,LAZ,27439,13961,13478,8973,17873,593,ITI,ITI4,12,Lazio,Lazio,5879082,2015068,34.28,0.47
66,2021-04-01,LAZ,29812,14144,15668,22216,7187,409,ITI,ITI4,12,Lazio,Lazio,5879082,2044880,34.78,0.51
67,2021-07-10,LAZ,71159,35719,35440,25027,45458,674,ITI,ITI4,12,Lazio,Lazio,5879082,2116039,35.99,1.21
68,2021-07-24,LAZ,30785,15528,15257,3213,27414,158,ITI,ITI4,12,Lazio,Lazio,5879082,2146824,36.52,0.52
69,2021-01-03,LAZ,5350,2018,3332,5291,0,59,ITI,ITI4,12,Lazio,Lazio,5879082,2152174,36.61,0.09
70,2021-04-13,LAZ,25848,11983,13865,17634,7757,457,ITI,ITI4,12,Lazio,Lazio,5879082,2178022,37.05,0.44
71,2021-07-31,LAZ,56270,29580,26690,5516,50447,307,ITI,ITI4,12,Lazio,Lazio,5879082,2234292,38.0,0.96
72,2021-01-08,LAZ,7967,2988,4979,7770,0,197,ITI,ITI4,12,Lazio,Lazio,5879082,2242259,38.14,0.14
73,2021-06-21,LAZ,62058,28836,33222,28491,32948,619,ITI,ITI4,12,Lazio,Lazio,5879082,2304317,39.2,1.06
74,2021-03-13,LAZ,21858,8760,13098,15698,5922,238,ITI,ITI4,12,Lazio,Lazio,5879082,2326175,39.57,0.37
75,2021-09-14,LAZ,18213,9043,9170,7251,10070,892,ITI,ITI4,12,Lazio,Lazio,5879082,2344388,39.88,0.31
76,2021-02-03,LAZ,6501,2495,4006,962,5532,7,ITI,ITI4,12,Lazio,Lazio,5879082,2350889,39.99,0.11
77,2021-01-20,LAZ,4839,1961,2878,3287,1547,5,ITI,ITI4,12,Lazio,Lazio,5879082,2355728,40.07,0.08
78,2021-05-14,LAZ,51662,23607,28055,32420,18425,817,ITI,ITI4,12,Lazio,Lazio,5879082,2407390,40.95,0.88
79,2021-03-18,LAZ,14317,6116,8201,7776,6449,92,ITI,ITI4,12,Lazio,Lazio,5879082,2421707,41.19,0.24
80,2021-03-25,LAZ,29558,13737,15821,22382,6695,481,ITI,ITI4,12,Lazio,Lazio,5879082,2451265,41.69,0.5
81,2021-03-27,LAZ,26570,10812,15758,19490,6528,552,ITI,ITI4,12,Lazio,Lazio,5879082,2477835,42.15,0.45
82,2021-08-31,LAZ,31130,15402,15728,11613,18571,946,ITI,ITI4,12,Lazio,Lazio,5879082,2508965,42.68,0.53
83,2021-07-05,LAZ,61758,29730,32028,25584,35092,1082,ITI,ITI4,12,Lazio,Lazio,5879082,2570723,43.73,1.05
84,2021-05-23,LAZ,47191,22899,24292,39124,7420,647,ITI,ITI4,12,Lazio,Lazio,5879082,2617914,44.53,0.8
85,2021-05-09,LAZ,37578,17274,20304,25762,11316,500,ITI,ITI4,12,Lazio,Lazio,5879082,2655492,45.17,0.64
86,2021-08-17,LAZ,8223,4791,3432,3955,4173,95,ITI,ITI4,12,Lazio,Lazio,5879082,2663715,45.31,0.14
87,2021-06-23,LAZ,62386,29391,32995,28429,33452,505,ITI,ITI4,12,Lazio,Lazio,5879082,2726101,46.37,1.06
88,2021-04-15,LAZ,32062,14358,17704,20616,10939,507,ITI,ITI4,12,Lazio,Lazio,5879082,2758163,46.91,0.55
89,2021-08-26,LAZ,32206,16707,15499,8225,23418,563,ITI,ITI4,12,Lazio,Lazio,5879082,2790369,47.46,0.55
90,2021-02-10,LAZ,8262,3459,4803,4849,3408,5,ITI,ITI4,12,Lazio,Lazio,5879082,2798631,47.6,0.14
91,2021-05-21,LAZ,52159,25100,27059,37303,14149,707,ITI,ITI4,12,Lazio,Lazio,5879082,2850790,48.49,0.89
92,2021-06-04,LAZ,62105,30280,31825,43557,17882,666,ITI,ITI4,12,Lazio,Lazio,5879082,2912895,49.55,1.06
93,2021-09-12,LAZ,7474,3745,3729,4782,2154,538,ITI,ITI4,12,Lazio,Lazio,5879082,2920369,49.67,0.13
94,2021-05-04,LAZ,40319,18545,21774,26052,13742,525,ITI,ITI4,12,Lazio,Lazio,5879082,2960688,50.36,0.69
95,2021-02-08,LAZ,9762,4170,5592,4506,5254,2,ITI,ITI4,12,Lazio,Lazio,5879082,2970450,50.53,0.17
96,2021-05-02,LAZ,32949,14467,18482,22936,9482,531,ITI,ITI4,12,Lazio,Lazio,5879082,3003399,51.09,0.56
97,2021-01-22,LAZ,4036,1653,2383,520,3516,0,ITI,ITI4,12,Lazio,Lazio,5879082,3007435,51.15,0.07
98,2021-02-27,LAZ,11544,4336,7208,10351,1052,141,ITI,ITI4,12,Lazio,Lazio,5879082,3018979,51.35,0.2
99,2021-07-19,LAZ,63213,31081,32132,28296,33771,1146,ITI,ITI4,12,Lazio,Lazio,5879082,3082192,52.43,1.08
100,2021-01-15,LAZ,6725,2772,3953,6554,0,171,ITI,ITI4,12,Lazio,Lazio,5879082,3088917,52.54,0.11
101,2021-04-25,LAZ,24582,11280,13302,16374,7876,332,ITI,ITI4,12,Lazio,Lazio,5879082,3113499,52.96,0.42
102,2021-01-27,LAZ,6190,2417,3773,1061,5129,0,ITI,ITI4,12,Lazio,Lazio,5879082,3119689,53.06,0.11
103,2021-06-01,LAZ,49181,23733,25448,30075,18611,495,ITI,ITI4,12,Lazio,Lazio,5879082,3168870,53.9,0.84
104,2021-04-05,LAZ,19991,9157,10834,13614,6221,156,ITI,ITI4,12,Lazio,Lazio,5879082,3188861,54.24,0.34
105,2021-09-09,LAZ,12244,6240,6004,6242,5451,551,ITI,ITI4,12,Lazio,Lazio,5879082,3201105,54.45,0.21
106,2021-07-28,LAZ,58362,29819,28543,8639,49362,361,ITI,ITI4,12,Lazio,Lazio,5879082,3259467,55.44,0.99
107,2021-05-25,LAZ,47654,22374,25280,35314,11742,598,ITI,ITI4,12,Lazio,Lazio,5879082,3307121,56.25,0.81
108,2021-09-02,LAZ,26245,13475,12770,7960,17836,449,ITI,ITI4,12,Lazio,Lazio,5879082,3333366,56.7,0.45
109,2021-06-09,LAZ,70559,33424,37135,35978,33927,654,ITI,ITI4,12,Lazio,Lazio,5879082,3403925,57.9,1.2
110,2021-04-27,LAZ,30852,13933,16919,19374,11025,453,ITI,ITI4,12,Lazio,Lazio,5879082,3434777,58.42,0.52
111,2021-03-01,LAZ,17144,7373,9771,12986,3896,262,ITI,ITI4,12,Lazio,Lazio,5879082,3451921,58.72,0.29
112,2021-08-05,LAZ,33695,17499,16196,22017,10635,1043,ITI,ITI4,12,Lazio,Lazio,5879082,3485616,59.29,0.57
113,2021-07-12,LAZ,41466,20735,20731,5848,35381,237,ITI,ITI4,12,Lazio,Lazio,5879082,3527082,59.99,0.71
114,2021-05-16,LAZ,51031,24575,26456,36908,13523,600,ITI,ITI4,12,Lazio,Lazio,5879082,3578113,60.86,0.87
115,2021-08-24,LAZ,18871,10086,8785,11757,6397,717,ITI,ITI4,12,Lazio,Lazio,5879082,3596984,61.18,0.32
116,2021-06-28,LAZ,58981,28203,30778,27474,31046,461,ITI,ITI4,12,Lazio,Lazio,5879082,3655965,62.19,1.0
117,2021-07-29,LAZ,56102,28584,27518,7660,48058,384,ITI,ITI4,12,Lazio,Lazio,5879082,3712067,63.14,0.95
118,2021-01-01,LAZ,3604,1398,2206,3564,0,40,ITI,ITI4,12,Lazio,Lazio,5879082,3715671,63.2,0.06
119,2021-01-10,LAZ,4136,1739,2397,4069,0,67,ITI,ITI4,12,Lazio,Lazio,5879082,3719807,63.27,0.07
120,2021-06-16,LAZ,64781,31115,33666,32071,32062,648,ITI,ITI4,12,Lazio,Lazio,5879082,3784588,64.37,1.1
121,2021-05-20,LAZ,51961,25077,26884,37223,14006,732,ITI,ITI4,12,Lazio,Lazio,5879082,3836549,65.26,0.88
122,2021-08-28,LAZ,32632,17039,15593,10981,20903,748,ITI,ITI4,12,Lazio,Lazio,5879082,3869181,65.81,0.56
123,2021-06-20,LAZ,55348,25456,29892,29597,24977,774,ITI,ITI4,12,Lazio,Lazio,5879082,3924529,66.75,0.94
124,2021-06-06,LAZ,58299,28108,30191,35138,22553,608,ITI,ITI4,12,Lazio,Lazio,5879082,3982828,67.75,0.99
125,2021-02-26,LAZ,13202,5761,7441,11543,1472,187,ITI,ITI4,12,Lazio,Lazio,5879082,3996030,67.97,0.22
126,2021-08-12,LAZ,48059,24889,23170,20821,26248,990,ITI,ITI4,12,Lazio,Lazio,5879082,4044089,68.79,0.82
127,2021-02-24,LAZ,12111,5237,6874,10937,1044,130,ITI,ITI4,12,Lazio,Lazio,5879082,4056200,68.99,0.21
128,2021-07-07,LAZ,62731,31068,31663,28375,33748,608,ITI,ITI4,12,Lazio,Lazio,5879082,4118931,70.06,1.07
129,2021-03-29,LAZ,25615,12171,13444,18207,7091,317,ITI,ITI4,12,Lazio,Lazio,5879082,4144546,70.5,0.44
130,2021-04-12,LAZ,23954,10803,13151,16656,6969,329,ITI,ITI4,12,Lazio,Lazio,5879082,4168500,70.9,0.41
131,2021-09-16,LAZ,10756,5501,5255,3394,7038,324,ITI,ITI4,12,Lazio,Lazio,5879082,4179256,71.09,0.18
132,2021-07-21,LAZ,63730,32601,31129,29470,32871,1389,ITI,ITI4,12,Lazio,Lazio,5879082,4242986,72.17,1.08
133,2021-06-08,LAZ,66850,31913,34937,36148,30037,665,ITI,ITI4,12,Lazio,Lazio,5879082,4309836,73.31,1.14
134,2021-07-14,LAZ,42226,20586,21640,6179,35678,369,ITI,ITI4,12,Lazio,Lazio,5879082,4352062,74.03,0.72
135,2021-04-06,LAZ,24671,11297,13374,17141,7195,335,ITI,ITI4,12,Lazio,Lazio,5879082,4376733,74.45,0.42
136,2020-12-27,LAZ,276,132,144,276,0,0,ITI,ITI4,12,Lazio,Lazio,5879082,4377009,74.45,0.0
137,2021-03-20,LAZ,19283,7677,11606,13089,5923,271,ITI,ITI4,12,Lazio,Lazio,5879082,4396292,74.78,0.33
138,2021-07-17,LAZ,43957,22171,21786,2172,41678,107,ITI,ITI4,12,Lazio,Lazio,5879082,4440249,75.53,0.75
139,2021-06-30,LAZ,63050,29675,33375,29749,32745,556,ITI,ITI4,12,Lazio,Lazio,5879082,4503299,76.6,1.07
140,2021-04-08,LAZ,26909,12337,14572,18756,7734,419,ITI,ITI4,12,Lazio,Lazio,5879082,4530208,77.06,0.46
141,2021-02-22,LAZ,11523,5028,6495,10813,554,156,ITI,ITI4,12,Lazio,Lazio,5879082,4541731,77.25,0.2
142,2021-06-02,LAZ,43545,21613,21932,31441,11541,563,ITI,ITI4,12,Lazio,Lazio,5879082,4585276,77.99,0.74
143,2021-06-11,LAZ,69846,32863,36983,36666,32505,675,ITI,ITI4,12,Lazio,Lazio,5879082,4655122,79.18,1.19
144,2021-08-07,LAZ,35040,18980,16060,21991,11920,1129,ITI,ITI4,12,Lazio,Lazio,5879082,4690162,79.78,0.6
145,2021-04-20,LAZ,31192,14312,16880,19364,11386,442,ITI,ITI4,12,Lazio,Lazio,5879082,4721354,80.31,0.53
146,2021-03-08,LAZ,20969,9110,11859,15352,5315,302,ITI,ITI4,12,Lazio,Lazio,5879082,4742323,80.66,0.36
147,2021-04-22,LAZ,39253,19525,19728,23804,14761,688,ITI,ITI4,12,Lazio,Lazio,5879082,4781576,81.33,0.67
148,2021-03-10,LAZ,23398,10693,12705,17343,5692,363,ITI,ITI4,12,Lazio,Lazio,5879082,4804974,81.73,0.4
149,2021-01-12,LAZ,5551,2048,3503,5408,0,143,ITI,ITI4,12,Lazio,Lazio,5879082,4810525,81.82,0.09
150,2021-06-18,LAZ,64477,31062,33415,30296,33414,767,ITI,ITI4,12,Lazio,Lazio,5879082,4875002,82.92,1.1
151,2021-07-09,LAZ,65110,31416,33694,27599,36745,766,ITI,ITI4,12,Lazio,Lazio,5879082,4940112,84.03,1.11
152,2021-05-01,LAZ,38276,17211,21065,25702,12087,487,ITI,ITI4,12,Lazio,Lazio,5879082,4978388,84.68,0.65
153,2021-04-17,LAZ,32498,14255,18243,19961,12072,465,ITI,ITI4,12,Lazio,Lazio,5879082,5010886,85.23,0.55
154,2021-07-26,LAZ,50918,25084,25834,6624,43971,323,ITI,ITI4,12,Lazio,Lazio,5879082,5061804,86.1,0.87
155,2021-03-15,LAZ,21044,9881,11163,13999,6779,266,ITI,ITI4,12,Lazio,Lazio,5879082,5082848,86.46,0.36
156,2021-01-05,LAZ,7457,2833,4624,7354,0,103,ITI,ITI4,12,Lazio,Lazio,5879082,5090305,86.58,0.13
157,2021-01-24,LAZ,5705,2232,3473,619,5086,0,ITI,ITI4,12,Lazio,Lazio,5879082,5096010,86.68,0.1
158,2021-02-07,LAZ,4977,2052,2925,411,4565,1,ITI,ITI4,12,Lazio,Lazio,5879082,5100987,86.77,0.08
159,2021-05-18,LAZ,45136,20654,24482,34893,9630,613,ITI,ITI4,12,Lazio,Lazio,5879082,5146123,87.53,0.77
160,2021-07-02,LAZ,48579,23278,25301,6605,41782,192,ITI,ITI4,12,Lazio,Lazio,5879082,5194702,88.36,0.83
161,2021-02-12,LAZ,6902,2883,4019,6376,444,82,ITI,ITI4,12,Lazio,Lazio,5879082,5201604,88.48,0.12
162,2021-03-12,LAZ,24161,11174,12987,17369,6421,371,ITI,ITI4,12,Lazio,Lazio,5879082,5225765,88.89,0.41
163,2021-08-13,LAZ,43654,22693,20961,20100,22463,1091,ITI,ITI4,12,Lazio,Lazio,5879082,5269419,89.63,0.74
164,2021-02-09,LAZ,8858,3808,5050,4579,4272,7,ITI,ITI4,12,Lazio,Lazio,5879082,5278277,89.78,0.15
165,2021-02-23,LAZ,11120,4796,6324,10209,780,131,ITI,ITI4,12,Lazio,Lazio,5879082,5289397,89.97,0.19
166,2021-08-11,LAZ,49028,25719,23309,20476,27671,881,ITI,ITI4,12,Lazio,Lazio,5879082,5338425,90.8,0.83
167,2021-05-03,LAZ,39655,17907,21748,26178,12797,680,ITI,ITI4,12,Lazio,Lazio,5879082,5378080,91.48,0.67
168,2021-07-25,LAZ,24674,12149,12525,2081,22543,50,ITI,ITI4,12,Lazio,Lazio,5879082,5402754,91.9,0.42
169,2021-03-17,LAZ,13885,5953,7932,7459,6306,120,ITI,ITI4,12,Lazio,Lazio,5879082,5416639,92.13,0.24
170,2021-06-25,LAZ,63473,30658,32815,28121,34744,608,ITI,ITI4,12,Lazio,Lazio,5879082,5480112,93.21,1.08
171,2021-06-27,LAZ,47272,21622,25650,20565,26202,505,ITI,ITI4,12,Lazio,Lazio,5879082,5527384,94.02,0.8
172,2021-08-23,LAZ,22778,12408,10370,16327,5453,998,ITI,ITI4,12,Lazio,Lazio,5879082,5550162,94.41,0.39
173,2021-05-06,LAZ,48905,22790,26115,30534,17636,735,ITI,ITI4,12,Lazio,Lazio,5879082,5599067,95.24,0.83
174,2021-08-14,LAZ,2540,1436,1104,990,1516,34,ITI,ITI4,12,Lazio,Lazio,5879082,5601607,95.28,0.04
175,2021-08-16,LAZ,3705,2043,1662,2051,1592,62,ITI,ITI4,12,Lazio,Lazio,5879082,5605312,95.34,0.06
176,2020-12-31,LAZ,5378,2153,3225,5318,0,60,ITI,ITI4,12,Lazio,Lazio,5879082,5610690,95.43,0.09
177,2021-09-11,LAZ,12380,6126,6254,8310,3186,884,ITI,ITI4,12,Lazio,Lazio,5879082,5623070,95.65,0.21
178,2021-04-10,LAZ,23958,10427,13531,16472,7211,275,ITI,ITI4,12,Lazio,Lazio,5879082,5647028,96.05,0.41
179,2021-02-05,LAZ,7343,3004,4339,1216,6123,4,ITI,ITI4,12,Lazio,Lazio,5879082,5654371,96.18,0.12
180,2021-04-03,LAZ,24867,11231,13636,17887,6748,232,ITI,ITI4,12,Lazio,Lazio,5879082,5679238,96.6,0.42
181,2021-01-21,LAZ,5743,2415,3328,631,5112,0,ITI,ITI4,12,Lazio,Lazio,5879082,5684981,96.7,0.1
182,2021-02-19,LAZ,10102,5106,4996,9078,874,150,ITI,ITI4,12,Lazio,Lazio,5879082,5695083,96.87,0.17
183,2021-06-17,LAZ,67096,32293,34803,31804,34556,736,ITI,ITI4,12,Lazio,Lazio,5879082,5762179,98.01,1.14
184,2021-04-21,LAZ,33188,15085,18103,20238,12507,443,ITI,ITI4,12,Lazio,Lazio,5879082,5795367,98.58,0.56
185,2021-03-22,LAZ,23442,10578,12864,16353,6750,339,ITI,ITI4,12,Lazio,Lazio,5879082,5818809,98.97,0.4
186,2020-12-29,LAZ,498,182,316,494,0,4,ITI,ITI4,12,Lazio,Lazio,5879082,5819307,98.98,0.01
187,2021-01-09,LAZ,6427,2618,3809,6314,0,113,ITI,ITI4,12,Lazio,Lazio,5879082,5825734,99.09,0.11
188,2021-04-19,LAZ,30185,13728,16457,18945,10756,484,ITI,ITI4,12,Lazio,Lazio,5879082,5855919,99.61,0.51
189,2021-02-21,LAZ,7000,3184,3816,6482,468,50,ITI,ITI4,12,Lazio,Lazio,5879082,5862919,99.73,0.12
190,2021-02-04,LAZ,6476,2582,3894,1146,5329,1,ITI,ITI4,12,Lazio,Lazio,5879082,5869395,99.84,0.11
191,2021-08-25,LAZ,31770,16678,15092,9858,21302,610,ITI,ITI4,12,Lazio,Lazio,5879082,5901165,100.38,0.54
192,2021-01-17,LAZ,4961,2052,2909,4683,213,65,ITI,ITI4,12,Lazio,Lazio,5879082,5906126,100.46,0.08
193,2021-01-19,LAZ,4791,1969,2822,4334,454,3,ITI,ITI4,12,Lazio,Lazio,5879082,5910917,100.54,0.08
194,2021-04-29,LAZ,38872,17358,21514,24801,13393,678,ITI,ITI4,12,Lazio,Lazio,5879082,5949789,101.2,0.66
195,2021-03-03,LAZ,17922,7900,10022,13338,4319,265,ITI,ITI4,12,Lazio,Lazio,5879082,5967711,101.51,0.3
196,2021-08-09,LAZ,52725,26783,25942,21945,29703,1077,ITI,ITI4,12,Lazio,Lazio,5879082,6020436,102.4,0.9
197,2021-06-22,LAZ,62875,29089,33786,28586,33562,727,ITI,ITI4,12,Lazio,Lazio,5879082,6083311,103.47,1.07
198,2021-03-14,LAZ,17304,6781,10523,11853,5184,267,ITI,ITI4,12,Lazio,Lazio,5879082,6100615,103.77,0.29
199,2021-09-13,LAZ,18618,9499,9119,5415,12494,709,ITI,ITI4,12,Lazio,Lazio,5879082,6119233,104.08,0.32
200,2021-03-31,LAZ,27917,13509,14408,20401,7162,354,ITI,ITI4,12,Lazio,Lazio,5879082,6147150,104.56,0.47
201,2021-01-07,LAZ,7942,2982,4960,7785,0,157,ITI,ITI4,12,Lazio,Lazio,5879082,6155092,104.69,0.14
202,2021-09-04,LAZ,14284,7268,7016,9629,3919,736,ITI,ITI4,12,Lazio,Lazio,5879082,6169376,104.94,0.24
203,2021-06-13,LAZ,58473,26239,32234,33069,24883,521,ITI,ITI4,12,Lazio,Lazio,5879082,6227849,105.93,0.99
204,2021-03-07,LAZ,14179,5488,8691,10328,3632,219,ITI,ITI4,12,Lazio,Lazio,5879082,6242028,106.17,0.24
205,2021-06-15,LAZ,66262,32032,34230,33371,32309,582,ITI,ITI4,12,Lazio,Lazio,5879082,6308290,107.3,1.13
206,2021-03-24,LAZ,27998,13153,14845,21309,6280,409,ITI,ITI4,12,Lazio,Lazio,5879082,6336288,107.78,0.48
207,2021-09-06,LAZ,14423,7365,7058,7898,5921,604,ITI,ITI4,12,Lazio,Lazio,5879082,6350711,108.02,0.25
208,2021-08-20,LAZ,8425,4746,3679,2105,6220,100,ITI,ITI4,12,Lazio,Lazio,5879082,6359136,108.17,0.14
209,2021-05-29,LAZ,52120,23453,28667,40194,11062,864,ITI,ITI4,12,Lazio,Lazio,5879082,6411256,109.05,0.89
210,2021-08-01,LAZ,39834,21237,18597,5733,33788,313,ITI,ITI4,12,Lazio,Lazio,5879082,6451090,109.73,0.68
211,2021-05-10,LAZ,44529,20366,24163,30360,13459,710,ITI,ITI4,12,Lazio,Lazio,5879082,6495619,110.49,0.76
212,2021-08-18,LAZ,9523,5506,4017,3263,6141,119,ITI,ITI4,12,Lazio,Lazio,5879082,6505142,110.65,0.16
213,2021-05-27,LAZ,58589,27265,31324,43962,13835,792,ITI,ITI4,12,Lazio,Lazio,5879082,6563731,111.65,1.0
214,2021-07-30,LAZ,56095,29089,27006,7451,48282,362,ITI,ITI4,12,Lazio,Lazio,5879082,6619826,112.6,0.95
215,2021-06-03,LAZ,56933,28763,28170,38283,17904,746,ITI,ITI4,12,Lazio,Lazio,5879082,6676759,113.57,0.97
216,2021-08-06,LAZ,33684,17720,15964,22409,10208,1067,ITI,ITI4,12,Lazio,Lazio,5879082,6710443,114.14,0.57
217,2021-06-10,LAZ,72305,34174,38131,37303,34130,872,ITI,ITI4,12,Lazio,Lazio,5879082,6782748,115.37,1.23
218,2021-04-14,LAZ,29406,13329,16077,18830,10224,352,ITI,ITI4,12,Lazio,Lazio,5879082,6812154,115.87,0.5
219,2021-07-23,LAZ,58523,29354,29169,26786,29952,1785,ITI,ITI4,12,Lazio,Lazio,5879082,6870677,116.87,1.0
220,2021-03-05,LAZ,19629,8698,10931,14616,4767,246,ITI,ITI4,12,Lazio,Lazio,5879082,6890306,117.2,0.33
221,2021-02-16,LAZ,8376,4045,4331,7702,630,44,ITI,ITI4,12,Lazio,Lazio,5879082,6898682,117.34,0.14
222,2021-02-14,LAZ,5809,2383,3426,5299,479,31,ITI,ITI4,12,Lazio,Lazio,5879082,6904491,117.44,0.1
223,2021-02-28,LAZ,10294,4042,6252,9648,545,101,ITI,ITI4,12,Lazio,Lazio,5879082,6914785,117.62,0.18
224,2021-01-02,LAZ,6844,2682,4162,6764,0,80,ITI,ITI4,12,Lazio,Lazio,5879082,6921629,117.73,0.12
225,2021-01-26,LAZ,7989,3134,4855,741,7248,0,ITI,ITI4,12,Lazio,Lazio,5879082,6929618,117.87,0.14
226,2021-04-02,LAZ,29576,14189,15387,21749,7411,416,ITI,ITI4,12,Lazio,Lazio,5879082,6959194,118.37,0.5
227,2021-07-11,LAZ,44173,22278,21895,3747,40267,159,ITI,ITI4,12,Lazio,Lazio,5879082,7003367,119.12,0.75
228,2021-01-28,LAZ,8340,3188,5152,836,7503,1,ITI,ITI4,12,Lazio,Lazio,5879082,7011707,119.27,0.14
229,2021-07-04,LAZ,46636,21715,24921,4116,42430,90,ITI,ITI4,12,Lazio,Lazio,5879082,7058343,120.06,0.79
230,2021-05-08,LAZ,45524,20786,24738,29315,15475,734,ITI,ITI4,12,Lazio,Lazio,5879082,7103867,120.83,0.77
231,2021-09-08,LAZ,12240,6302,5938,6788,4874,578,ITI,ITI4,12,Lazio,Lazio,5879082,7116107,121.04,0.21
232,2021-07-13,LAZ,42772,20972,21800,5492,36931,349,ITI,ITI4,12,Lazio,Lazio,5879082,7158879,121.77,0.73
233,2021-03-26,LAZ,30397,14088,16309,22999,6926,472,ITI,ITI4,12,Lazio,Lazio,5879082,7189276,122.29,0.52
234,2021-07-06,LAZ,62648,30402,32246,28546,33594,508,ITI,ITI4,12,Lazio,Lazio,5879082,7251924,123.35,1.07
235,2021-05-22,LAZ,55238,27071,28167,43675,10720,843,ITI,ITI4,12,Lazio,Lazio,5879082,7307162,124.29,0.94
236,2021-08-30,LAZ,30584,15449,15135,9950,19938,696,ITI,ITI4,12,Lazio,Lazio,5879082,7337746,124.81,0.52
237,2021-05-15,LAZ,57525,27478,30047,40048,16597,880,ITI,ITI4,12,Lazio,Lazio,5879082,7395271,125.79,0.98
238,2021-03-19,LAZ,17523,7603,9920,10992,6370,161,ITI,ITI4,12,Lazio,Lazio,5879082,7412794,126.09,0.3
239,2021-09-01,LAZ,26479,13571,12908,8127,17824,528,ITI,ITI4,12,Lazio,Lazio,5879082,7439273,126.54,0.45
240,2021-02-15,LAZ,8054,3553,4501,7309,654,91,ITI,ITI4,12,Lazio,Lazio,5879082,7447327,126.67,0.14
241,2021-01-29,LAZ,8417,3205,5212,930,7485,2,ITI,ITI4,12,Lazio,Lazio,5879082,7455744,126.82,0.14
242,2021-09-05,LAZ,10097,5166,4931,6570,3085,442,ITI,ITI4,12,Lazio,Lazio,5879082,7465841,126.99,0.17
243,2021-02-17,LAZ,9234,4627,4607,8263,899,72,ITI,ITI4,12,Lazio,Lazio,5879082,7475075,127.15,0.16
244,2021-05-28,LAZ,57287,26649,30638,43149,13354,784,ITI,ITI4,12,Lazio,Lazio,5879082,7532362,128.12,0.97
245,2021-08-19,LAZ,9304,5336,3968,3011,6183,110,ITI,ITI4,12,Lazio,Lazio,5879082,7541666,128.28,0.16
246,2021-09-07,LAZ,13222,6705,6517,6944,5818,460,ITI,ITI4,12,Lazio,Lazio,5879082,7554888,128.5,0.22
247,2021-03-06,LAZ,18413,7101,11312,13897,4284,232,ITI,ITI4,12,Lazio,Lazio,5879082,7573301,128.82,0.31
248,2021-01-31,LAZ,4466,1858,2608,481,3985,0,ITI,ITI4,12,Lazio,Lazio,5879082,7577767,128.89,0.08
249,2021-05-11,LAZ,48411,22233,26178,31129,16604,678,ITI,ITI4,12,Lazio,Lazio,5879082,7626178,129.72,0.82
250,2021-07-16,LAZ,44490,21451,23039,3320,40981,189,ITI,ITI4,12,Lazio,Lazio,5879082,7670668,130.47,0.76
251,2021-04-24,LAZ,33594,15161,18433,20127,12922,545,ITI,ITI4,12,Lazio,Lazio,5879082,7704262,131.05,0.57
252,2021-08-02,LAZ,37658,19691,17967,6566,30857,235,ITI,ITI4,12,Lazio,Lazio,5879082,7741920,131.69,0.64
253,2021-08-21,LAZ,10214,5873,4341,3211,6899,104,ITI,ITI4,12,Lazio,Lazio,5879082,7752134,131.86,0.17
254,2021-05-30,LAZ,41289,17663,23626,33244,7381,664,ITI,ITI4,12,Lazio,Lazio,5879082,7793423,132.56,0.7
255,2021-05-13,LAZ,50305,22618,27687,31652,17896,757,ITI,ITI4,12,Lazio,Lazio,5879082,7843728,133.42,0.86
256,2021-08-04,LAZ,48134,24273,23861,20771,26669,694,ITI,ITI4,12,Lazio,Lazio,5879082,7891862,134.24,0.82
257,2021-06-29,LAZ,59538,28291,31247,27730,31204,604,ITI,ITI4,12,Lazio,Lazio,5879082,7951400,135.25,1.01
258,2021-01-14,LAZ,5670,2236,3434,5495,0,175,ITI,ITI4,12,Lazio,Lazio,5879082,7957070,135.35,0.1
259,2021-04-07,LAZ,26058,12201,13857,18341,7338,379,ITI,ITI4,12,Lazio,Lazio,5879082,7983128,135.79,0.44
260,2020-12-28,LAZ,961,414,547,956,0,5,ITI,ITI4,12,Lazio,Lazio,5879082,7984089,135.81,0.02
261,2021-01-16,LAZ,5782,2338,3444,5634,0,148,ITI,ITI4,12,Lazio,Lazio,5879082,7989871,135.9,0.1
262,2021-04-26,LAZ,29360,13511,15849,19539,9311,510,ITI,ITI4,12,Lazio,Lazio,5879082,8019231,136.4,0.5
263,2021-02-02,LAZ,5921,2219,3702,639,5279,3,ITI,ITI4,12,Lazio,Lazio,5879082,8025152,136.5,0.1
264,2021-07-18,LAZ,58415,29741,28674,22761,34842,812,ITI,ITI4,12,Lazio,Lazio,5879082,8083567,137.5,0.99
265,2021-06-21,EMR,37599,19008,18591,16078,20895,626,ITH,ITH5,8,Emilia-Romagna,Emilia-Romagna,4459477,37599,0.84,0.84
266,2021-07-08,EMR,41353,20601,20752,4726,36208,419,ITH,ITH5,8,Emilia-Romagna,Emilia-Romagna,4459477,78952,1.77,0.93
267,2021-03-30,EMR,23346,10336,13010,17993,5043,310,ITH,ITH5,8,Emilia-Romagna,Emilia-Romagna,4459477,102298,2.29,0.52
268,2021-07-22,EMR,40389,21557,18832,15236,24210,943,ITH,ITH5,8,Emilia-Romagna,Emilia-Romagna,4459477,142687,3.2,0.91
269,2021-01-04,EMR,7312,2526,4786,7309,0,3,ITH,ITH5,8,Emilia-Romagna,Emilia-Romagna,4459477,149999,3.36,0.16
270,2021-02-18,EMR,7048,2895,4153,6442,590,16,ITH,ITH5,8,Emilia-Romagna,Emilia-Romagna,4459477,157047,3.52,0.16
271,2021-09-17,EMR,5133,2789,2344,1213,3796,124,ITH,ITH5,8,Emilia-Romagna,Emilia-Romagna,4459477,162180,3.64,0.12
272,2021-09-15,EMR,19918,10597,9321,4611,14718,589,ITH,ITH5,8,Emilia-Romagna,Emilia-Romagna,4459477,182098,4.08,0.45
273,2021-06-07,EMR,40577,20828,19749,33444,6268,865,ITH,ITH5,8,Emilia-Romagna,Emilia-Romagna,4459477,222675,4.99,0.91
274,2021-08-03,EMR,38520,20275,18245,15573,22295,652,ITH,ITH5,8,Emilia-Romagna,Emilia-Romagna,4459477,261195,5.86,0.86
275,2021-05-12,EMR,38973,18313,20660,28474,9705,794,ITH,ITH5,8,Emilia-Romagna,Emilia-Romagna,4459477,300168,6.73,0.87
276,2021-02-01,EMR,10332,3618,6714,355,9975,2,ITH,ITH5,8,Emilia-Romagna,Emilia-Romagna,4459477,310500,6.96,0.23
277,2021-01-18,EMR,3131,881,2250,2448,680,3,ITH,ITH5,8,Emilia-Romagna,Emilia-Romagna,4459477,313631,7.03,0.07
278,2021-03-16,EMR,12256,5028,7228,4875,7316,65,ITH,ITH5,8,Emilia-Romagna,Emilia-Romagna,4459477,325887,7.31,0.27
279,2021-01-25,EMR,6467,2149,4318,205,6261,1,ITH,ITH5,8,Emilia-Romagna,Emilia-Romagna,4459477,332354,7.45,0.15
280,2021-07-01,EMR,34546,16885,17661,14812,18856,878,ITH,ITH5,8,Emilia-Romagna,Emilia-Romagna,4459477,366900,8.23,0.77
281,2021-03-23,EMR,18805,8150,10655,11948,6691,166,ITH,ITH5,8,Emilia-Romagna,Emilia-Romagna,4459477,385705,8.65,0.42
282,2021-04-16,EMR,29244,13766,15478,20014,8843,387,ITH,ITH5,8,Emilia-Romagna,Emilia-Romagna,4459477,414949,9.3,0.66
283,2021-01-06,EMR,8293,2956,5337,8292,0,1,ITH,ITH5,8,Emilia-Romagna,Emilia-Romagna,4459477,423242,9.49,0.19
284,2021-08-08,EMR,21628,11719,9909,10577,10497,554,ITH,ITH5,8,Emilia-Romagna,Emilia-Romagna,4459477,444870,9.98,0.48
285,2021-04-30,EMR,36660,16810,19850,21239,14810,611,ITH,ITH5,8,Emilia-Romagna,Emilia-Romagna,4459477,481530,10.8,0.82
286,2021-03-28,EMR,13549,6059,7490,9546,3885,118,ITH,ITH5,8,Emilia-Romagna,Emilia-Romagna,4459477,495079,11.1,0.3
287,2021-01-30,EMR,10096,3528,6568,137,9958,1,ITH,ITH5,8,Emilia-Romagna,Emilia-Romagna,4459477,505175,11.33,0.23
288,2021-01-23,EMR,2448,871,1577,439,2009,0,ITH,ITH5,8,Emilia-Romagna,Emilia-Romagna,4459477,507623,11.38,0.05
289,2021-05-07,EMR,35341,16988,18353,22667,11895,779,ITH,ITH5,8,Emilia-Romagna,Emilia-Romagna,4459477,542964,12.18,0.79
290,2021-07-03,EMR,32129,15938,16191,11410,20025,694,ITH,ITH5,8,Emilia-Romagna,Emilia-Romagna,4459477,575093,12.9,0.72
291,2021-08-29,EMR,20598,11399,9199,8474,11260,864,ITH,ITH5,8,Emilia-Romagna,Emilia-Romagna,4459477,595691,13.36,0.46
292,2021-08-17,EMR,22387,12303,10084,14500,6860,1027,ITH,ITH5,8,Emilia-Romagna,Emilia-Romagna,4459477,618078,13.86,0.5
293,2021-09-03,EMR,23756,12783,10973,6308,16839,609,ITH,ITH5,8,Emilia-Romagna,Emilia-Romagna,4459477,641834,14.39,0.53
294,2021-05-26,EMR,33349,14757,18592,9926,23037,386,ITH,ITH5,8,Emilia-Romagna,Emilia-Romagna,4459477,675183,15.14,0.75
295,2021-06-12,EMR,41391,21888,19503,35465,4922,1004,ITH,ITH5,8,Emilia-Romagna,Emilia-Romagna,4459477,716574,16.07,0.93
296,2021-03-04,EMR,16464,5352,11112,13347,3025,92,ITH,ITH5,8,Emilia-Romagna,Emilia-Romagna,4459477,733038,16.44,0.37
297,2021-05-24,EMR,30012,13740,16272,17967,11530,515,ITH,ITH5,8,Emilia-Romagna,Emilia-Romagna,4459477,763050,17.11,0.67
298,2021-02-13,EMR,3633,1086,2547,3020,599,14,ITH,ITH5,8,Emilia-Romagna,Emilia-Romagna,4459477,766683,17.19,0.08
299,2021-07-20,EMR,43147,22555,20592,6666,35790,691,ITH,ITH5,8,Emilia-Romagna,Emilia-Romagna,4459477,809830,18.16,0.97
300,2021-04-11,EMR,15285,6940,8345,11983,3049,253,ITH,ITH5,8,Emilia-Romagna,Emilia-Romagna,4459477,825115,18.5,0.34
301,2021-08-27,EMR,27897,15006,12891,6936,20221,740,ITH,ITH5,8,Emilia-Romagna,Emilia-Romagna,4459477,853012,19.13,0.63
302,2021-05-19,EMR,33844,14998,18846,18042,15269,533,ITH,ITH5,8,Emilia-Romagna,Emilia-Romagna,4459477,886856,19.89,0.76
303,2021-09-10,EMR,26145,14155,11990,5283,20194,668,ITH,ITH5,8,Emilia-Romagna,Emilia-Romagna,4459477,913001,20.47,0.59
304,2021-06-02,EMR,24125,12072,12053,18682,4980,463,ITH,ITH5,8,Emilia-Romagna,Emilia-Romagna,4459477,937126,21.01,0.54
305,2021-05-31,EMR,29820,13778,16042,17733,11534,553,ITH,ITH5,8,Emilia-Romagna,Emilia-Romagna,4459477,966946,21.68,0.67
306,2021-02-20,EMR,5320,2094,3226,5050,263,7,ITH,ITH5,8,Emilia-Romagna,Emilia-Romagna,4459477,972266,21.8,0.12
307,2021-02-25,EMR,9250,3498,5752,8272,955,23,ITH,ITH5,8,Emilia-Romagna,Emilia-Romagna,4459477,981516,22.01,0.21
308,2021-06-19,EMR,36697,18366,18331,16739,19409,549,ITH,ITH5,8,Emilia-Romagna,Emilia-Romagna,4459477,1018213,22.83,0.82
309,2021-03-11,EMR,17499,7332,10167,11454,5858,187,ITH,ITH5,8,Emilia-Romagna,Emilia-Romagna,4459477,1035712,23.22,0.39
310,2021-02-06,EMR,7603,2408,5195,2108,5491,4,ITH,ITH5,8,Emilia-Romagna,Emilia-Romagna,4459477,1043315,23.4,0.17
311,2021-03-09,EMR,14806,6036,8770,10757,3953,96,ITH,ITH5,8,Emilia-Romagna,Emilia-Romagna,4459477,1058121,23.73,0.33
312,2021-05-05,EMR,30151,14006,16145,18310,11276,565,ITH,ITH5,8,Emilia-Romagna,Emilia-Romagna,4459477,1088272,24.4,0.68
313,2021-07-15,EMR,50402,26251,24151,7893,41799,710,ITH,ITH5,8,Emilia-Romagna,Emilia-Romagna,4459477,1138674,25.53,1.13
314,2021-04-23,EMR,29584,13818,15766,14309,14896,379,ITH,ITH5,8,Emilia-Romagna,Emilia-Romagna,4459477,1168258,26.2,0.66
315,2021-01-13,EMR,9079,2944,6135,9074,0,5,ITH,ITH5,8,Emilia-Romagna,Emilia-Romagna,4459477,1177337,26.4,0.2
316,2021-04-04,EMR,9886,4720,5166,7529,2273,84,ITH,ITH5,8,Emilia-Romagna,Emilia-Romagna,4459477,1187223,26.62,0.22
317,2021-01-11,EMR,9357,3278,6079,9348,0,9,ITH,ITH5,8,Emilia-Romagna,Emilia-Romagna,4459477,1196580,26.83,0.21
318,2021-02-11,EMR,4257,1417,2840,3397,843,17,ITH,ITH5,8,Emilia-Romagna,Emilia-Romagna,4459477,1200837,26.93,0.1
319,2021-07-29,EMR,40797,21534,19263,14503,25558,736,ITH,ITH5,8,Emilia-Romagna,Emilia-Romagna,4459477,1241634,27.84,0.91
320,2021-07-27,EMR,41137,21853,19284,17002,23332,803,ITH,ITH5,8,Emilia-Romagna,Emilia-Romagna,4459477,1282771,28.77,0.92
321,2021-04-18,EMR,17531,8408,9123,12367,4935,229,ITH,ITH5,8,Emilia-Romagna,Emilia-Romagna,4459477,1300302,29.16,0.39
322,2021-06-14,EMR,41348,21377,19971,27455,13090,803,ITH,ITH5,8,Emilia-Romagna,Emilia-Romagna,4459477,1341650,30.09,0.93
323,2021-08-15,EMR,6653,3691,2962,3283,3200,170,ITH,ITH5,8,Emilia-Romagna,Emilia-Romagna,4459477,1348303,30.23,0.15
324,2021-06-26,EMR,37490,19000,18490,21009,15543,938,ITH,ITH5,8,Emilia-Romagna,Emilia-Romagna,4459477,1385793,31.08,0.84
325,2021-08-22,EMR,16470,9045,7425,6739,9103,628,ITH,ITH5,8,Emilia-Romagna,Emilia-Romagna,4459477,1402263,31.44,0.37
326,2021-07-10,EMR,42103,21440,20663,6801,34653,649,ITH,ITH5,8,Emilia-Romagna,Emilia-Romagna,4459477,1444366,32.39,0.94
327,2021-09-05,EMR,17120,9221,7899,6402,9989,729,ITH,ITH5,8,Emilia-Romagna,Emilia-Romagna,4459477,1461486,32.77,0.38
328,2021-08-10,EMR,31346,16774,14572,15372,14919,1055,ITH,ITH5,8,Emilia-Romagna,Emilia-Romagna,4459477,1492832,33.48,0.7
329,2021-03-13,EMR,16143,6363,9780,10592,5314,237,ITH,ITH5,8,Emilia-Romagna,Emilia-Romagna,4459477,1508975,33.84,0.36
330,2021-07-05,EMR,33243,16209,17034,11199,21387,657,ITH,ITH5,8,Emilia-Romagna,Emilia-Romagna,4459477,1542218,34.58,0.75
331,2021-03-27,EMR,21683,9075,12608,14524,6910,249,ITH,ITH5,8,Emilia-Romagna,Emilia-Romagna,4459477,1563901,35.07,0.49
332,2021-04-13,EMR,23727,11132,12595,19032,4344,351,ITH,ITH5,8,Emilia-Romagna,Emilia-Romagna,4459477,1587628,35.6,0.53
333,2021-01-03,EMR,2763,945,1818,2763,0,0,ITH,ITH5,8,Emilia-Romagna,Emilia-Romagna,4459477,1590391,35.66,0.06
334,2021-01-15,EMR,7754,2407,5347,7746,0,8,ITH,ITH5,8,Emilia-Romagna,Emilia-Romagna,4459477,1598145,35.84,0.17
335,2021-06-09,EMR,43191,21938,21253,35730,6439,1022,ITH,ITH5,8,Emilia-Romagna,Emilia-Romagna,4459477,1641336,36.81,0.97
336,2021-03-01,EMR,10104,3585,6519,7817,2262,25,ITH,ITH5,8,Emilia-Romagna,Emilia-Romagna,4459477,1651440,37.03,0.23
337,2021-08-05,EMR,36772,19458,17314,18388,17411,973,ITH,ITH5,8,Emilia-Romagna,Emilia-Romagna,4459477,1688212,37.86,0.82
338,2021-08-12,EMR,27730,15063,12667,19307,6883,1540,ITH,ITH5,8,Emilia-Romagna,Emilia-Romagna,4459477,1715942,38.48,0.62
339,2021-05-04,EMR,29317,13731,15586,15165,13674,478,ITH,ITH5,8,Emilia-Romagna,Emilia-Romagna,4459477,1745259,39.14,0.66
340,2021-02-27,EMR,10967,3998,6969,9192,1742,33,ITH,ITH5,8,Emilia-Romagna,Emilia-Romagna,4459477,1756226,39.38,0.25
341,2021-04-25,EMR,22360,10244,12116,14403,7515,442,ITH,ITH5,8,Emilia-Romagna,Emilia-Romagna,4459477,1778586,39.88,0.5
342,2021-08-26,EMR,27625,14747,12878,9355,17309,961,ITH,ITH5,8,Emilia-Romagna,Emilia-Romagna,4459477,1806211,40.5,0.62
343,2021-09-12,EMR,14767,8086,6681,3945,10368,454,ITH,ITH5,8,Emilia-Romagna,Emilia-Romagna,4459477,1820978,40.83,0.33
344,2021-06-04,EMR,45769,23029,22740,36806,8207,756,ITH,ITH5,8,Emilia-Romagna,Emilia-Romagna,4459477,1866747,41.86,1.03
345,2021-08-31,EMR,28055,14955,13100,8310,18679,1066,ITH,ITH5,8,Emilia-Romagna,Emilia-Romagna,4459477,1894802,42.49,0.63
346,2021-05-23,EMR,25506,11868,13638,13580,11609,317,ITH,ITH5,8,Emilia-Romagna,Emilia-Romagna,4459477,1920308,43.06,0.57
347,2021-07-19,EMR,42014,22129,19885,6636,34778,600,ITH,ITH5,8,Emilia-Romagna,Emilia-Romagna,4459477,1962322,44.0,0.94
348,2021-09-14,EMR,20362,11004,9358,4517,15298,547,ITH,ITH5,8,Emilia-Romagna,Emilia-Romagna,4459477,1982684,44.46,0.46
349,2021-07-12,EMR,44073,22331,21742,5424,38139,510,ITH,ITH5,8,Emilia-Romagna,Emilia-Romagna,4459477,2026757,45.45,0.99
350,2021-09-07,EMR,26052,14082,11970,5851,19609,592,ITH,ITH5,8,Emilia-Romagna,Emilia-Romagna,4459477,2052809,46.03,0.58
351,2021-05-02,EMR,25595,11656,13939,13191,11999,405,ITH,ITH5,8,Emilia-Romagna,Emilia-Romagna,4459477,2078404,46.61,0.57
352,2021-01-22,EMR,1833,478,1355,1087,744,2,ITH,ITH5,8,Emilia-Romagna,Emilia-Romagna,4459477,2080237,46.65,0.04
353,2021-08-24,EMR,23400,12711,10689,10520,11768,1112,ITH,ITH5,8,Emilia-Romagna,Emilia-Romagna,4459477,2103637,47.17,0.52
354,2021-02-08,EMR,5238,1537,3701,2317,2918,3,ITH,ITH5,8,Emilia-Romagna,Emilia-Romagna,4459477,2108875,47.29,0.12
355,2021-05-16,EMR,25891,12183,13708,18366,7147,378,ITH,ITH5,8,Emilia-Romagna,Emilia-Romagna,4459477,2134766,47.87,0.58
356,2021-02-22,EMR,7487,3094,4393,7201,273,13,ITH,ITH5,8,Emilia-Romagna,Emilia-Romagna,4459477,2142253,48.04,0.17
357,2021-01-20,EMR,1331,269,1062,1329,1,1,ITH,ITH5,8,Emilia-Romagna,Emilia-Romagna,4459477,2143584,48.07,0.03
358,2021-07-24,EMR,38884,20969,17915,17223,20647,1014,ITH,ITH5,8,Emilia-Romagna,Emilia-Romagna,4459477,2182468,48.94,0.87
359,2021-04-15,EMR,29372,13987,15385,19243,9684,445,ITH,ITH5,8,Emilia-Romagna,Emilia-Romagna,4459477,2211840,49.6,0.66
360,2021-05-09,EMR,25647,12271,13376,18278,6977,392,ITH,ITH5,8,Emilia-Romagna,Emilia-Romagna,4459477,2237487,50.17,0.58
361,2021-01-29,EMR,10428,3500,6928,290,10138,0,ITH,ITH5,8,Emilia-Romagna,Emilia-Romagna,4459477,2247915,50.41,0.23
362,2021-02-15,EMR,2902,849,2053,2709,125,68,ITH,ITH5,8,Emilia-Romagna,Emilia-Romagna,4459477,2250817,50.47,0.07
363,2021-01-27,EMR,8372,2951,5421,461,7911,0,ITH,ITH5,8,Emilia-Romagna,Emilia-Romagna,4459477,2259189,50.66,0.19
364,2021-07-31,EMR,36231,19242,16989,12136,23391,704,ITH,ITH5,8,Emilia-Romagna,Emilia-Romagna,4459477,2295420,51.47,0.81
365,2021-02-12,EMR,5330,1679,3651,3900,1407,23,ITH,ITH5,8,Emilia-Romagna,Emilia-Romagna,4459477,2300750,51.59,0.12
366,2021-04-10,EMR,20938,9305,11633,16456,4148,334,ITH,ITH5,8,Emilia-Romagna,Emilia-Romagna,4459477,2321688,52.06,0.47
367,2021-04-17,EMR,27325,13088,14237,17579,9353,393,ITH,ITH5,8,Emilia-Romagna,Emilia-Romagna,4459477,2349013,52.67,0.61
368,2021-01-07,EMR,10291,3408,6883,10287,0,4,ITH,ITH5,8,Emilia-Romagna,Emilia-Romagna,4459477,2359304,52.91,0.23
369,2021-01-10,EMR,7174,2686,4488,7173,0,1,ITH,ITH5,8,Emilia-Romagna,Emilia-Romagna,4459477,2366478,53.07,0.16
370,2021-06-16,EMR,45963,23539,22424,25240,19967,756,ITH,ITH5,8,Emilia-Romagna,Emilia-Romagna,4459477,2412441,54.1,1.03
371,2021-03-08,EMR,12223,5101,7122,9473,2665,85,ITH,ITH5,8,Emilia-Romagna,Emilia-Romagna,4459477,2424664,54.37,0.27
372,2021-03-25,EMR,21484,9420,12064,14237,6991,256,ITH,ITH5,8,Emilia-Romagna,Emilia-Romagna,4459477,2446148,54.85,0.48
373,2021-05-21,EMR,39389,17563,21826,21635,17133,621,ITH,ITH5,8,Emilia-Romagna,Emilia-Romagna,4459477,2485537,55.74,0.88
374,2021-02-10,EMR,4024,1385,2639,2757,1261,6,ITH,ITH5,8,Emilia-Romagna,Emilia-Romagna,4459477,2489561,55.83,0.09
375,2021-04-08,EMR,31402,14419,16983,25328,5335,739,ITH,ITH5,8,Emilia-Romagna,Emilia-Romagna,4459477,2520963,56.53,0.7
376,2021-03-18,EMR,13773,5849,7924,5681,8005,87,ITH,ITH5,8,Emilia-Romagna,Emilia-Romagna,4459477,2534736,56.84,0.31
377,2021-05-14,EMR,37358,17203,20155,26800,9657,901,ITH,ITH5,8,Emilia-Romagna,Emilia-Romagna,4459477,2572094,57.68,0.84
378,2021-02-03,EMR,9350,2993,6357,962,8387,1,ITH,ITH5,8,Emilia-Romagna,Emilia-Romagna,4459477,2581444,57.89,0.21
379,2021-04-01,EMR,23951,10768,13183,19070,4562,319,ITH,ITH5,8,Emilia-Romagna,Emilia-Romagna,4459477,2605395,58.42,0.54
380,2021-08-07,EMR,30989,17048,13941,17732,12214,1043,ITH,ITH5,8,Emilia-Romagna,Emilia-Romagna,4459477,2636384,59.12,0.69
381,2021-04-27,EMR,32135,14874,17261,19233,12471,431,ITH,ITH5,8,Emilia-Romagna,Emilia-Romagna,4459477,2668519,59.84,0.72
382,2021-06-18,EMR,42790,21456,21334,16281,25934,575,ITH,ITH5,8,Emilia-Romagna,Emilia-Romagna,4459477,2711309,60.8,0.96
383,2021-03-10,EMR,18814,7743,11071,12987,5645,182,ITH,ITH5,8,Emilia-Romagna,Emilia-Romagna,4459477,2730123,61.22,0.42
384,2021-05-18,EMR,29239,13283,15956,18101,10649,489,ITH,ITH5,8,Emilia-Romagna,Emilia-Romagna,4459477,2759362,61.88,0.66
385,2021-02-07,EMR,4794,1537,3257,1724,3068,2,ITH,ITH5,8,Emilia-Romagna,Emilia-Romagna,4459477,2764156,61.98,0.11
386,2021-02-24,EMR,9359,3568,5791,8453,890,16,ITH,ITH5,8,Emilia-Romagna,Emilia-Romagna,4459477,2773515,62.19,0.21
387,2021-01-05,EMR,9373,3173,6200,9369,0,4,ITH,ITH5,8,Emilia-Romagna,Emilia-Romagna,4459477,2782888,62.4,0.21
388,2021-08-09,EMR,30255,16141,14114,16647,12559,1049,ITH,ITH5,8,Emilia-Romagna,Emilia-Romagna,4459477,2813143,63.08,0.68
389,2021-05-01,EMR,28432,12782,15650,15278,12795,359,ITH,ITH5,8,Emilia-Romagna,Emilia-Romagna,4459477,2841575,63.72,0.64
390,2021-04-03,EMR,19971,8763,11208,15956,3800,215,ITH,ITH5,8,Emilia-Romagna,Emilia-Romagna,4459477,2861546,64.17,0.45
391,2021-05-30,EMR,27105,12809,14296,12986,13715,404,ITH,ITH5,8,Emilia-Romagna,Emilia-Romagna,4459477,2888651,64.78,0.61
392,2021-02-19,EMR,7329,3011,4318,6801,514,14,ITH,ITH5,8,Emilia-Romagna,Emilia-Romagna,4459477,2895980,64.94,0.16
393,2021-07-26,EMR,39576,21104,18472,15887,22887,802,ITH,ITH5,8,Emilia-Romagna,Emilia-Romagna,4459477,2935556,65.83,0.89
394,2020-12-31,EMR,2215,780,1435,2214,0,1,ITH,ITH5,8,Emilia-Romagna,Emilia-Romagna,4459477,2937771,65.88,0.05
395,2021-06-06,EMR,36603,19002,17601,31535,4415,653,ITH,ITH5,8,Emilia-Romagna,Emilia-Romagna,4459477,2974374,66.7,0.82
396,2021-02-26,EMR,9642,3677,5965,8562,1054,26,ITH,ITH5,8,Emilia-Romagna,Emilia-Romagna,4459477,2984016,66.91,0.22
397,2021-08-19,EMR,21553,11571,9982,11929,8734,890,ITH,ITH5,8,Emilia-Romagna,Emilia-Romagna,4459477,3005569,67.4,0.48
398,2021-04-20,EMR,22655,10419,12236,13890,8364,401,ITH,ITH5,8,Emilia-Romagna,Emilia-Romagna,4459477,3028224,67.91,0.51
399,2021-06-23,EMR,38083,19098,18985,18464,18889,730,ITH,ITH5,8,Emilia-Romagna,Emilia-Romagna,4459477,3066307,68.76,0.85
400,2021-01-08,EMR,10878,3587,7291,10875,0,3,ITH,ITH5,8,Emilia-Romagna,Emilia-Romagna,4459477,3077185,69.0,0.24
401,2021-03-06,EMR,21039,5971,15068,18170,2745,124,ITH,ITH5,8,Emilia-Romagna,Emilia-Romagna,4459477,3098224,69.48,0.47
402,2021-08-14,EMR,15806,8914,6892,8322,7029,455,ITH,ITH5,8,Emilia-Romagna,Emilia-Romagna,4459477,3114030,69.83,0.35
403,2021-05-06,EMR,35986,16628,19358,22153,13104,729,ITH,ITH5,8,Emilia-Romagna,Emilia-Romagna,4459477,3150016,70.64,0.81
404,2021-01-26,EMR,8339,3001,5338,209,8129,1,ITH,ITH5,8,Emilia-Romagna,Emilia-Romagna,4459477,3158355,70.82,0.19
405,2021-07-02,EMR,34764,17096,17668,12376,21730,658,ITH,ITH5,8,Emilia-Romagna,Emilia-Romagna,4459477,3193119,71.6,0.78
406,2021-03-24,EMR,21241,9414,11827,13631,7387,223,ITH,ITH5,8,Emilia-Romagna,Emilia-Romagna,4459477,3214360,72.08,0.48
407,2021-01-24,EMR,2446,887,1559,298,2148,0,ITH,ITH5,8,Emilia-Romagna,Emilia-Romagna,4459477,3216806,72.13,0.05
408,2021-04-29,EMR,44993,21152,23841,26608,17565,820,ITH,ITH5,8,Emilia-Romagna,Emilia-Romagna,4459477,3261799,73.14,1.01
409,2021-01-19,EMR,2051,508,1543,2033,17,1,ITH,ITH5,8,Emilia-Romagna,Emilia-Romagna,4459477,3263850,73.19,0.05
410,2021-07-07,EMR,37926,19153,18773,13397,23726,803,ITH,ITH5,8,Emilia-Romagna,Emilia-Romagna,4459477,3301776,74.04,0.85
411,2021-03-29,EMR,21437,9620,11817,16540,4665,232,ITH,ITH5,8,Emilia-Romagna,Emilia-Romagna,4459477,3323213,74.52,0.48
412,2021-02-05,EMR,9312,2965,6347,1617,7691,4,ITH,ITH5,8,Emilia-Romagna,Emilia-Romagna,4459477,3332525,74.73,0.21
413,2021-09-11,EMR,24894,14131,10763,4555,19779,560,ITH,ITH5,8,Emilia-Romagna,Emilia-Romagna,4459477,3357419,75.29,0.56
414,2021-06-20,EMR,30753,15601,15152,15591,14675,487,ITH,ITH5,8,Emilia-Romagna,Emilia-Romagna,4459477,3388172,75.98,0.69
415,2021-05-28,EMR,41305,18966,22339,17272,23434,599,ITH,ITH5,8,Emilia-Romagna,Emilia-Romagna,4459477,3429477,76.9,0.93
416,2021-04-22,EMR,29060,13455,15605,14616,14080,364,ITH,ITH5,8,Emilia-Romagna,Emilia-Romagna,4459477,3458537,77.55,0.65
417,2021-01-12,EMR,9484,3127,6357,9475,0,9,ITH,ITH5,8,Emilia-Romagna,Emilia-Romagna,4459477,3468021,77.77,0.21
418,2021-07-16,EMR,49795,26288,23507,7034,42089,672,ITH,ITH5,8,Emilia-Romagna,Emilia-Romagna,4459477,3517816,78.88,1.12
419,2021-06-27,EMR,29601,14896,14705,16193,12735,673,ITH,ITH5,8,Emilia-Romagna,Emilia-Romagna,4459477,3547417,79.55,0.66
420,2021-07-14,EMR,47985,24548,23437,5589,41861,535,ITH,ITH5,8,Emilia-Romagna,Emilia-Romagna,4459477,3595402,80.62,1.08
421,2021-02-17,EMR,6543,2765,3778,5756,774,13,ITH,ITH5,8,Emilia-Romagna,Emilia-Romagna,4459477,3601945,80.77,0.15
422,2021-06-01,EMR,27200,13117,14083,16834,9930,436,ITH,ITH5,8,Emilia-Romagna,Emilia-Romagna,4459477,3629145,81.38,0.61
423,2021-07-28,EMR,38705,20756,17949,13957,24056,692,ITH,ITH5,8,Emilia-Romagna,Emilia-Romagna,4459477,3667850,82.25,0.87
424,2021-02-21,EMR,4449,1707,2742,3999,440,10,ITH,ITH5,8,Emilia-Romagna,Emilia-Romagna,4459477,3672299,82.35,0.1
425,2021-07-25,EMR,28482,15186,13296,10545,17446,491,ITH,ITH5,8,Emilia-Romagna,Emilia-Romagna,4459477,3700781,82.99,0.64
426,2021-08-11,EMR,27772,14891,12881,12099,14880,793,ITH,ITH5,8,Emilia-Romagna,Emilia-Romagna,4459477,3728553,83.61,0.62
427,2021-08-25,EMR,25154,13555,11599,9574,14613,967,ITH,ITH5,8,Emilia-Romagna,Emilia-Romagna,4459477,3753707,84.17,0.56
428,2021-07-23,EMR,40436,21907,18529,19791,19493,1152,ITH,ITH5,8,Emilia-Romagna,Emilia-Romagna,4459477,3794143,85.08,0.91
429,2021-07-09,EMR,44927,22954,21973,5413,39090,424,ITH,ITH5,8,Emilia-Romagna,Emilia-Romagna,4459477,3839070,86.09,1.01
430,2021-01-17,EMR,2898,890,2008,2648,249,1,ITH,ITH5,8,Emilia-Romagna,Emilia-Romagna,4459477,3841968,86.15,0.06
431,2021-08-28,EMR,26294,14548,11746,8616,16849,829,ITH,ITH5,8,Emilia-Romagna,Emilia-Romagna,4459477,3868262,86.74,0.59
432,2021-05-20,EMR,40414,18344,22070,18393,21502,519,ITH,ITH5,8,Emilia-Romagna,Emilia-Romagna,4459477,3908676,87.65,0.91
433,2021-08-23,EMR,22613,11773,10840,11843,9476,1294,ITH,ITH5,8,Emilia-Romagna,Emilia-Romagna,4459477,3931289,88.16,0.51
434,2021-09-09,EMR,24773,13163,11610,5226,18918,629,ITH,ITH5,8,Emilia-Romagna,Emilia-Romagna,4459477,3956062,88.71,0.56
435,2021-04-12,EMR,19259,9016,10243,14448,4452,359,ITH,ITH5,8,Emilia-Romagna,Emilia-Romagna,4459477,3975321,89.14,0.43
436,2021-09-16,EMR,20905,11332,9573,3630,16827,448,ITH,ITH5,8,Emilia-Romagna,Emilia-Romagna,4459477,3996226,89.61,0.47
437,2021-06-08,EMR,45154,23120,22034,36791,7550,813,ITH,ITH5,8,Emilia-Romagna,Emilia-Romagna,4459477,4041380,90.62,1.01
438,2021-08-04,EMR,35346,18844,16502,13030,21687,629,ITH,ITH5,8,Emilia-Romagna,Emilia-Romagna,4459477,4076726,91.42,0.79
439,2021-01-02,EMR,2379,917,1462,2379,0,0,ITH,ITH5,8,Emilia-Romagna,Emilia-Romagna,4459477,4079105,91.47,0.05
440,2021-09-13,EMR,24186,13086,11100,4772,18705,709,ITH,ITH5,8,Emilia-Romagna,Emilia-Romagna,4459477,4103291,92.01,0.54
441,2021-06-05,EMR,44329,22386,21943,36621,6925,783,ITH,ITH5,8,Emilia-Romagna,Emilia-Romagna,4459477,4147620,93.01,0.99
442,2021-06-22,EMR,36546,18201,18345,16257,19643,646,ITH,ITH5,8,Emilia-Romagna,Emilia-Romagna,4459477,4184166,93.83,0.82
443,2021-07-06,EMR,36817,18513,18304,12921,23200,696,ITH,ITH5,8,Emilia-Romagna,Emilia-Romagna,4459477,4220983,94.65,0.83
444,2021-05-17,EMR,32485,15417,17068,22334,9565,586,ITH,ITH5,8,Emilia-Romagna,Emilia-Romagna,4459477,4253468,95.38,0.73
445,2021-07-21,EMR,43692,23305,20387,10771,32288,633,ITH,ITH5,8,Emilia-Romagna,Emilia-Romagna,4459477,4297160,96.36,0.98
446,2021-04-19,EMR,20922,9806,11116,14337,6284,301,ITH,ITH5,8,Emilia-Romagna,Emilia-Romagna,4459477,4318082,96.83,0.47
447,2021-01-09,EMR,9999,3458,6541,9995,0,4,ITH,ITH5,8,Emilia-Romagna,Emilia-Romagna,4459477,4328081,97.05,0.22
448,2021-06-15,EMR,43882,22644,21238,27907,15076,899,ITH,ITH5,8,Emilia-Romagna,Emilia-Romagna,4459477,4371963,98.04,0.98
449,2021-03-07,EMR,7851,2963,4888,6288,1526,37,ITH,ITH5,8,Emilia-Romagna,Emilia-Romagna,4459477,4379814,98.21,0.18
450,2021-05-03,EMR,28740,13571,15169,17398,10886,456,ITH,ITH5,8,Emilia-Romagna,Emilia-Romagna,4459477,4408554,98.86,0.64
451,2021-04-05,EMR,14857,6810,8047,11786,2895,176,ITH,ITH5,8,Emilia-Romagna,Emilia-Romagna,4459477,4423411,99.19,0.33
452,2021-08-02,EMR,38537,20361,18176,14764,23101,672,ITH,ITH5,8,Emilia-Romagna,Emilia-Romagna,4459477,4461948,100.06,0.86
453,2021-04-24,EMR,28656,13251,15405,14063,14243,350,ITH,ITH5,8,Emilia-Romagna,Emilia-Romagna,4459477,4490604,100.7,0.64
454,2021-05-11,EMR,35824,16808,19016,27864,7264,696,ITH,ITH5,8,Emilia-Romagna,Emilia-Romagna,4459477,4526428,101.5,0.8
455,2021-08-06,EMR,34672,18597,16075,18798,14989,885,ITH,ITH5,8,Emilia-Romagna,Emilia-Romagna,4459477,4561100,102.28,0.78
456,2021-04-28,EMR,33752,15604,18148,20263,12899,590,ITH,ITH5,8,Emilia-Romagna,Emilia-Romagna,4459477,4594852,103.04,0.76
457,2021-04-02,EMR,23375,10534,12841,18553,4489,333,ITH,ITH5,8,Emilia-Romagna,Emilia-Romagna,4459477,4618227,103.56,0.52
458,2021-09-06,EMR,25289,13414,11875,7034,17444,811,ITH,ITH5,8,Emilia-Romagna,Emilia-Romagna,4459477,4643516,104.13,0.57
459,2021-05-29,EMR,37953,16522,21431,16660,20767,526,ITH,ITH5,8,Emilia-Romagna,Emilia-Romagna,4459477,4681469,104.98,0.85
460,2021-06-25,EMR,42868,21815,21053,19736,22322,810,ITH,ITH5,8,Emilia-Romagna,Emilia-Romagna,4459477,4724337,105.94,0.96
461,2021-03-17,EMR,13731,5699,8032,5817,7855,59,ITH,ITH5,8,Emilia-Romagna,Emilia-Romagna,4459477,4738068,106.25,0.31
462,2021-08-21,EMR,19111,10694,8417,10441,7773,897,ITH,ITH5,8,Emilia-Romagna,Emilia-Romagna,4459477,4757179,106.68,0.43
463,2021-05-13,EMR,35879,16524,19355,27295,7863,721,ITH,ITH5,8,Emilia-Romagna,Emilia-Romagna,4459477,4793058,107.48,0.8
464,2021-03-15,EMR,13461,6252,7209,6853,6506,102,ITH,ITH5,8,Emilia-Romagna,Emilia-Romagna,4459477,4806519,107.78,0.3
465,2021-04-14,EMR,27063,12851,14212,20522,6114,427,ITH,ITH5,8,Emilia-Romagna,Emilia-Romagna,4459477,4833582,108.39,0.61
466,2021-01-21,EMR,2169,732,1437,821,1348,0,ITH,ITH5,8,Emilia-Romagna,Emilia-Romagna,4459477,4835751,108.44,0.05
467,2021-06-03,EMR,37938,18445,19493,29684,7561,693,ITH,ITH5,8,Emilia-Romagna,Emilia-Romagna,4459477,4873689,109.29,0.85
468,2021-02-23,EMR,8216,3218,4998,7818,386,12,ITH,ITH5,8,Emilia-Romagna,Emilia-Romagna,4459477,4881905,109.47,0.18
469,2021-03-12,EMR,18327,7711,10616,11309,6721,297,ITH,ITH5,8,Emilia-Romagna,Emilia-Romagna,4459477,4900232,109.88,0.41
470,2021-01-31,EMR,7709,2771,4938,240,7469,0,ITH,ITH5,8,Emilia-Romagna,Emilia-Romagna,4459477,4907941,110.06,0.17
471,2021-06-29,EMR,37731,18608,19123,18131,18799,801,ITH,ITH5,8,Emilia-Romagna,Emilia-Romagna,4459477,4945672,110.9,0.85
472,2021-03-21,EMR,11959,5296,6663,7262,4603,94,ITH,ITH5,8,Emilia-Romagna,Emilia-Romagna,4459477,4957631,111.17,0.27
473,2021-06-10,EMR,45107,23170,21937,38672,5387,1048,ITH,ITH5,8,Emilia-Romagna,Emilia-Romagna,4459477,5002738,112.18,1.01
474,2021-03-02,EMR,12665,4275,8390,10516,2091,58,ITH,ITH5,8,Emilia-Romagna,Emilia-Romagna,4459477,5015403,112.47,0.28
475,2021-03-19,EMR,15920,6970,8950,7790,7971,159,ITH,ITH5,8,Emilia-Romagna,Emilia-Romagna,4459477,5031323,112.82,0.36
476,2021-04-07,EMR,26891,12309,14582,20463,6080,348,ITH,ITH5,8,Emilia-Romagna,Emilia-Romagna,4459477,5058214,113.43,0.6
477,2021-01-14,EMR,8135,2598,5537,8126,0,9,ITH,ITH5,8,Emilia-Romagna,Emilia-Romagna,4459477,5066349,113.61,0.18
478,2021-02-28,EMR,6830,2528,4302,4959,1852,19,ITH,ITH5,8,Emilia-Romagna,Emilia-Romagna,4459477,5073179,113.76,0.15
479,2021-04-26,EMR,27915,12940,14975,18038,9323,554,ITH,ITH5,8,Emilia-Romagna,Emilia-Romagna,4459477,5101094,114.39,0.63
480,2021-01-16,EMR,5632,1719,3913,5631,0,1,ITH,ITH5,8,Emilia-Romagna,Emilia-Romagna,4459477,5106726,114.51,0.13
481,2021-03-14,EMR,8807,3840,4967,4943,3800,64,ITH,ITH5,8,Emilia-Romagna,Emilia-Romagna,4459477,5115533,114.71,0.2
482,2021-06-24,EMR,40659,20421,20238,20268,19574,817,ITH,ITH5,8,Emilia-Romagna,Emilia-Romagna,4459477,5156192,115.62,0.91
483,2021-08-20,EMR,19733,10743,8990,10238,8520,975,ITH,ITH5,8,Emilia-Romagna,Emilia-Romagna,4459477,5175925,116.07,0.44
484,2021-02-09,EMR,4161,1253,2908,2307,1853,1,ITH,ITH5,8,Emilia-Romagna,Emilia-Romagna,4459477,5180086,116.16,0.09
485,2021-09-01,EMR,22605,12047,10558,7183,14671,751,ITH,ITH5,8,Emilia-Romagna,Emilia-Romagna,4459477,5202691,116.67,0.51
486,2021-05-15,EMR,33297,14998,18299,22213,10442,642,ITH,ITH5,8,Emilia-Romagna,Emilia-Romagna,4459477,5235988,117.41,0.75
487,2021-02-04,EMR,9935,3208,6727,1235,8699,1,ITH,ITH5,8,Emilia-Romagna,Emilia-Romagna,4459477,5245923,117.64,0.22
488,2021-05-22,EMR,33180,14162,19018,16472,16251,457,ITH,ITH5,8,Emilia-Romagna,Emilia-Romagna,4459477,5279103,118.38,0.74
489,2021-07-18,EMR,34590,17919,16671,8188,25834,568,ITH,ITH5,8,Emilia-Romagna,Emilia-Romagna,4459477,5313693,119.16,0.78
490,2021-04-09,EMR,25804,11695,14109,19526,5761,517,ITH,ITH5,8,Emilia-Romagna,Emilia-Romagna,4459477,5339497,119.73,0.58
491,2021-02-02,EMR,9499,3056,6443,534,8964,1,ITH,ITH5,8,Emilia-Romagna,Emilia-Romagna,4459477,5348996,119.95,0.21
492,2021-07-11,EMR,30400,15244,15156,2751,27380,269,ITH,ITH5,8,Emilia-Romagna,Emilia-Romagna,4459477,5379396,120.63,0.68
493,2021-03-31,EMR,25290,11057,14233,19505,5474,311,ITH,ITH5,8,Emilia-Romagna,Emilia-Romagna,4459477,5404686,121.2,0.57
494,2021-07-13,EMR,48507,24849,23658,6472,41348,687,ITH,ITH5,8,Emilia-Romagna,Emilia-Romagna,4459477,5453193,122.28,1.09
495,2021-09-08,EMR,23525,12700,10825,5826,17072,627,ITH,ITH5,8,Emilia-Romagna,Emilia-Romagna,4459477,5476718,122.81,0.53
496,2021-06-17,EMR,46714,23668,23046,21771,24235,708,ITH,ITH5,8,Emilia-Romagna,Emilia-Romagna,4459477,5523432,123.86,1.05
497,2021-08-13,EMR,21267,11805,9462,14269,6089,909,ITH,ITH5,8,Emilia-Romagna,Emilia-Romagna,4459477,5544699,124.34,0.48
498,2021-08-30,EMR,27027,14189,12838,7626,18364,1037,ITH,ITH5,8,Emilia-Romagna,Emilia-Romagna,4459477,5571726,124.94,0.61
499,2021-07-04,EMR,24275,12071,12204,10174,13610,491,ITH,ITH5,8,Emilia-Romagna,Emilia-Romagna,4459477,5596001,125.49,0.54
500,2021-03-26,EMR,23740,10125,13615,17025,6441,274,ITH,ITH5,8,Emilia-Romagna,Emilia-Romagna,4459477,5619741,126.02,0.53
501,2021-06-30,EMR,34263,17291,16972,17702,15667,894,ITH,ITH5,8,Emilia-Romagna,Emilia-Romagna,4459477,5654004,126.79,0.77
502,2021-07-17,EMR,43666,23054,20612,7175,35751,740,ITH,ITH5,8,Emilia-Romagna,Emilia-Romagna,4459477,5697670,127.77,0.98
503,2021-06-11,EMR,45997,23874,22123,38329,6563,1105,ITH,ITH5,8,Emilia-Romagna,Emilia-Romagna,4459477,5743667,128.8,1.03
504,2021-06-28,EMR,40083,19670,20413,19627,19581,875,ITH,ITH5,8,Emilia-Romagna,Emilia-Romagna,4459477,5783750,129.7,0.9
505,2021-03-20,EMR,16094,6832,9262,8958,6967,169,ITH,ITH5,8,Emilia-Romagna,Emilia-Romagna,4459477,5799844,130.06,0.36
506,2021-04-06,EMR,24773,11182,13591,19730,4752,291,ITH,ITH5,8,Emilia-Romagna,Emilia-Romagna,4459477,5824617,130.61,0.56
507,2020-12-27,EMR,973,374,599,973,0,0,ITH,ITH5,8,Emilia-Romagna,Emilia-Romagna,4459477,5825590,130.63,0.02
508,2021-06-13,EMR,28779,15014,13765,23809,4289,681,ITH,ITH5,8,Emilia-Romagna,Emilia-Romagna,4459477,5854369,131.28,0.65
509,2021-03-05,EMR,17921,5864,12057,14291,3505,125,ITH,ITH5,8,Emilia-Romagna,Emilia-Romagna,4459477,5872290,131.68,0.4
510,2021-03-22,EMR,17659,7820,9839,10615,6872,172,ITH,ITH5,8,Emilia-Romagna,Emilia-Romagna,4459477,5889949,132.08,0.4
511,2021-03-03,EMR,15899,5269,10630,13360,2486,53,ITH,ITH5,8,Emilia-Romagna,Emilia-Romagna,4459477,5905848,132.43,0.36
512,2021-09-04,EMR,23727,12911,10816,8375,14453,899,ITH,ITH5,8,Emilia-Romagna,Emilia-Romagna,4459477,5929575,132.97,0.53
513,2021-08-16,EMR,20225,10872,9353,12627,6581,1017,ITH,ITH5,8,Emilia-Romagna,Emilia-Romagna,4459477,5949800,133.42,0.45
514,2021-09-02,EMR,25026,13327,11699,6476,17848,702,ITH,ITH5,8,Emilia-Romagna,Emilia-Romagna,4459477,5974826,133.98,0.56
515,2021-05-25,EMR,25246,11240,14006,11301,13515,430,ITH,ITH5,8,Emilia-Romagna,Emilia-Romagna,4459477,6000072,134.55,0.57
516,2021-02-14,EMR,1405,378,1027,1278,120,7,ITH,ITH5,8,Emilia-Romagna,Emilia-Romagna,4459477,6001477,134.58,0.03
517,2021-05-27,EMR,42352,18771,23581,13554,28290,508,ITH,ITH5,8,Emilia-Romagna,Emilia-Romagna,4459477,6043829,135.53,0.95
518,2021-02-16,EMR,5774,2448,3326,5230,530,14,ITH,ITH5,8,Emilia-Romagna,Emilia-Romagna,4459477,6049603,135.66,0.13
519,2021-08-01,EMR,30058,16169,13889,10275,19375,408,ITH,ITH5,8,Emilia-Romagna,Emilia-Romagna,4459477,6079661,136.33,0.67
520,2021-08-18,EMR,22281,12203,10078,14569,6653,1059,ITH,ITH5,8,Emilia-Romagna,Emilia-Romagna,4459477,6101942,136.83,0.5
521,2021-05-10,EMR,33897,16153,17744,26005,7263,629,ITH,ITH5,8,Emilia-Romagna,Emilia-Romagna,4459477,6135839,137.59,0.76
522,2021-07-30,EMR,39867,21416,18451,15674,23466,727,ITH,ITH5,8,Emilia-Romagna,Emilia-Romagna,4459477,6175706,138.48,0.89
523,2021-04-21,EMR,23976,10972,13004,13871,9743,362,ITH,ITH5,8,Emilia-Romagna,Emilia-Romagna,4459477,6199682,139.02,0.54
524,2021-05-08,EMR,32379,15112,17267,20397,11439,543,ITH,ITH5,8,Emilia-Romagna,Emilia-Romagna,4459477,6232061,139.75,0.73
525,2021-01-28,EMR,10264,3344,6920,348,9916,0,ITH,ITH5,8,Emilia-Romagna,Emilia-Romagna,4459477,6242325,139.98,0.23
526,2021-04-18,CAL,5883,2809,3074,4939,919,25,ITF,ITF6,18,Calabria,Calabria,1947131,5883,0.3,0.3
527,2021-04-04,CAL,1574,789,785,1141,422,11,ITF,ITF6,18,Calabria,Calabria,1947131,7457,0.38,0.08
528,2021-06-26,CAL,15585,7201,8384,7573,7941,71,ITF,ITF6,18,Calabria,Calabria,1947131,23042,1.18,0.8
529,2021-07-27,CAL,17586,8993,8593,5019,12479,88,ITF,ITF6,18,Calabria,Calabria,1947131,40628,2.09,0.9
530,2021-01-06,CAL,957,520,437,957,0,0,ITF,ITF6,18,Calabria,Calabria,1947131,41585,2.14,0.05
531,2021-04-16,CAL,10350,5052,5298,8645,1644,61,ITF,ITF6,18,Calabria,Calabria,1947131,51935,2.67,0.53
532,2021-02-18,CAL,1891,878,1013,1638,234,19,ITF,ITF6,18,Calabria,Calabria,1947131,53826,2.76,0.1
533,2021-02-06,CAL,2936,1351,1585,439,2496,1,ITF,ITF6,18,Calabria,Calabria,1947131,56762,2.92,0.15
534,2021-09-05,CAL,1496,812,684,697,782,17,ITF,ITF6,18,Calabria,Calabria,1947131,58258,2.99,0.08
535,2021-07-10,CAL,15946,7539,8407,3244,12658,44,ITF,ITF6,18,Calabria,Calabria,1947131,74204,3.81,0.82
536,2021-01-23,CAL,403,188,215,360,43,0,ITF,ITF6,18,Calabria,Calabria,1947131,74607,3.83,0.02
537,2021-01-11,CAL,2195,1064,1131,2193,0,2,ITF,ITF6,18,Calabria,Calabria,1947131,76802,3.94,0.11
538,2021-01-25,CAL,1090,522,568,150,940,0,ITF,ITF6,18,Calabria,Calabria,1947131,77892,4.0,0.06
539,2021-05-05,CAL,13638,6523,7115,8416,5143,79,ITF,ITF6,18,Calabria,Calabria,1947131,91530,4.7,0.7
540,2021-09-17,CAL,2800,1404,1396,1135,1597,68,ITF,ITF6,18,Calabria,Calabria,1947131,94330,4.84,0.14
541,2021-08-17,CAL,7685,3914,3771,2761,4829,95,ITF,ITF6,18,Calabria,Calabria,1947131,102015,5.24,0.39
542,2021-03-09,CAL,6592,3440,3152,5529,989,74,ITF,ITF6,18,Calabria,Calabria,1947131,108607,5.58,0.34
543,2021-02-20,CAL,1516,790,726,1174,328,14,ITF,ITF6,18,Calabria,Calabria,1947131,110123,5.66,0.08
544,2021-08-22,CAL,1525,769,756,485,1021,19,ITF,ITF6,18,Calabria,Calabria,1947131,111648,5.73,0.08
545,2021-05-31,CAL,15301,7348,7953,7310,7909,82,ITF,ITF6,18,Calabria,Calabria,1947131,126949,6.52,0.79
546,2021-07-01,CAL,12400,5839,6561,5477,6839,84,ITF,ITF6,18,Calabria,Calabria,1947131,139349,7.16,0.64
547,2021-02-01,CAL,2561,1214,1347,237,2321,3,ITF,ITF6,18,Calabria,Calabria,1947131,141910,7.29,0.13
548,2021-07-08,CAL,12054,5618,6436,2693,9316,45,ITF,ITF6,18,Calabria,Calabria,1947131,153964,7.91,0.62
549,2021-08-08,CAL,4220,2146,2074,1494,2698,28,ITF,ITF6,18,Calabria,Calabria,1947131,158184,8.12,0.22
550,2021-07-22,CAL,18332,9026,9306,3488,14753,91,ITF,ITF6,18,Calabria,Calabria,1947131,176516,9.07,0.94
551,2021-04-30,CAL,15116,7414,7702,10528,4509,79,ITF,ITF6,18,Calabria,Calabria,1947131,191632,9.84,0.78
552,2021-08-10,CAL,9785,4915,4870,3598,6085,102,ITF,ITF6,18,Calabria,Calabria,1947131,201417,10.34,0.5
553,2021-06-14,CAL,14358,6511,7847,9627,4654,77,ITF,ITF6,18,Calabria,Calabria,1947131,215775,11.08,0.74
554,2021-03-04,CAL,5497,3198,2299,4677,800,20,ITF,ITF6,18,Calabria,Calabria,1947131,221272,11.36,0.28
555,2021-06-12,CAL,13247,6298,6949,10781,2398,68,ITF,ITF6,18,Calabria,Calabria,1947131,234519,12.04,0.68
556,2021-06-07,CAL,18008,8424,9584,14711,3215,82,ITF,ITF6,18,Calabria,Calabria,1947131,252527,12.97,0.92
557,2021-05-24,CAL,17785,8911,8874,9935,7769,81,ITF,ITF6,18,Calabria,Calabria,1947131,270312,13.88,0.91
558,2021-05-07,CAL,16293,7671,8622,9650,6545,98,ITF,ITF6,18,Calabria,Calabria,1947131,286605,14.72,0.84
559,2021-02-13,CAL,1420,613,807,1046,371,3,ITF,ITF6,18,Calabria,Calabria,1947131,288025,14.79,0.07
560,2021-08-15,CAL,52,24,28,18,33,1,ITF,ITF6,18,Calabria,Calabria,1947131,288077,14.79,0.0
561,2021-08-03,CAL,14100,7126,6974,3911,10115,74,ITF,ITF6,18,Calabria,Calabria,1947131,302177,15.52,0.72
562,2021-06-21,CAL,15420,7106,8314,7998,7383,39,ITF,ITF6,18,Calabria,Calabria,1947131,317597,16.31,0.79
563,2021-01-04,CAL,1076,533,543,1073,0,3,ITF,ITF6,18,Calabria,Calabria,1947131,318673,16.37,0.06
564,2021-04-23,CAL,13156,6460,6696,9437,3617,102,ITF,ITF6,18,Calabria,Calabria,1947131,331829,17.04,0.68
565,2021-01-13,CAL,2111,1067,1044,2099,0,12,ITF,ITF6,18,Calabria,Calabria,1947131,333940,17.15,0.11
566,2021-03-02,CAL,4426,2503,1923,3621,796,9,ITF,ITF6,18,Calabria,Calabria,1947131,338366,17.38,0.23
567,2021-03-16,CAL,3876,1901,1975,2182,1680,14,ITF,ITF6,18,Calabria,Calabria,1947131,342242,17.58,0.2
568,2021-07-29,CAL,17592,8770,8822,4715,12775,102,ITF,ITF6,18,Calabria,Calabria,1947131,359834,18.48,0.9
569,2021-02-11,CAL,2353,1053,1300,1064,1267,22,ITF,ITF6,18,Calabria,Calabria,1947131,362187,18.6,0.12
570,2021-03-28,CAL,2697,1235,1462,1564,1126,7,ITF,ITF6,18,Calabria,Calabria,1947131,364884,18.74,0.14
571,2021-08-29,CAL,1684,888,796,721,933,30,ITF,ITF6,18,Calabria,Calabria,1947131,366568,18.83,0.09
572,2021-01-30,CAL,2212,1172,1040,294,1915,3,ITF,ITF6,18,Calabria,Calabria,1947131,368780,18.94,0.11
573,2021-02-17,CAL,1879,833,1046,1649,213,17,ITF,ITF6,18,Calabria,Calabria,1947131,370659,19.04,0.1
574,2021-07-24,CAL,18182,9345,8837,4683,13399,100,ITF,ITF6,18,Calabria,Calabria,1947131,388841,19.97,0.93
575,2021-03-11,CAL,7319,3483,3836,5948,1318,53,ITF,ITF6,18,Calabria,Calabria,1947131,396160,20.35,0.38
576,2021-06-19,CAL,15855,7421,8434,8498,7289,68,ITF,ITF6,18,Calabria,Calabria,1947131,412015,21.16,0.81
577,2021-09-10,CAL,8980,4552,4428,3612,5164,204,ITF,ITF6,18,Calabria,Calabria,1947131,420995,21.62,0.46
578,2021-09-15,CAL,7782,3846,3936,3290,4292,200,ITF,ITF6,18,Calabria,Calabria,1947131,428777,22.02,0.4
579,2021-02-25,CAL,2934,1578,1356,2289,605,40,ITF,ITF6,18,Calabria,Calabria,1947131,431711,22.17,0.15
580,2021-05-12,CAL,16503,8048,8455,10826,5579,98,ITF,ITF6,18,Calabria,Calabria,1947131,448214,23.02,0.85
581,2021-05-26,CAL,18752,9340,9412,10335,8325,92,ITF,ITF6,18,Calabria,Calabria,1947131,466966,23.98,0.96
582,2021-03-30,CAL,6522,2852,3670,3654,2844,24,ITF,ITF6,18,Calabria,Calabria,1947131,473488,24.32,0.33
583,2021-09-03,CAL,9066,4630,4436,3573,5303,190,ITF,ITF6,18,Calabria,Calabria,1947131,482554,24.78,0.47
584,2021-01-18,CAL,1310,594,716,1057,249,4,ITF,ITF6,18,Calabria,Calabria,1947131,483864,24.85,0.07
585,2021-07-03,CAL,15183,7147,8036,5283,9822,78,ITF,ITF6,18,Calabria,Calabria,1947131,499047,25.63,0.78
586,2021-04-11,CAL,4214,1916,2298,2243,1954,17,ITF,ITF6,18,Calabria,Calabria,1947131,503261,25.85,0.22
587,2021-07-20,CAL,17494,8484,9010,3196,14224,74,ITF,ITF6,18,Calabria,Calabria,1947131,520755,26.74,0.9
588,2021-06-11,CAL,17833,8761,9072,15127,2581,125,ITF,ITF6,18,Calabria,Calabria,1947131,538588,27.66,0.92
589,2021-01-08,CAL,2202,1049,1153,2195,0,7,ITF,ITF6,18,Calabria,Calabria,1947131,540790,27.77,0.11
590,2021-03-18,CAL,4513,2112,2401,2345,2142,26,ITF,ITF6,18,Calabria,Calabria,1947131,545303,28.01,0.23
591,2021-06-23,CAL,17254,7880,9374,8146,9025,83,ITF,ITF6,18,Calabria,Calabria,1947131,562557,28.89,0.89
592,2021-03-13,CAL,7036,3050,3986,5946,1052,38,ITF,ITF6,18,Calabria,Calabria,1947131,569593,29.25,0.36
593,2021-05-23,CAL,11394,5555,5839,6994,4356,44,ITF,ITF6,18,Calabria,Calabria,1947131,580987,29.84,0.59
594,2021-03-01,CAL,2764,1567,1197,2299,461,4,ITF,ITF6,18,Calabria,Calabria,1947131,583751,29.98,0.14
595,2021-06-09,CAL,18268,8628,9640,15898,2285,85,ITF,ITF6,18,Calabria,Calabria,1947131,602019,30.92,0.94
596,2021-08-31,CAL,6829,3376,3453,2670,4032,127,ITF,ITF6,18,Calabria,Calabria,1947131,608848,31.27,0.35
597,2021-05-28,CAL,21021,10216,10805,11424,9484,113,ITF,ITF6,18,Calabria,Calabria,1947131,629869,32.35,1.08
598,2021-04-15,CAL,7803,3821,3982,5999,1756,48,ITF,ITF6,18,Calabria,Calabria,1947131,637672,32.75,0.4
599,2021-04-01,CAL,8703,3962,4741,4153,4512,38,ITF,ITF6,18,Calabria,Calabria,1947131,646375,33.2,0.45
600,2021-04-08,CAL,9374,4441,4933,5830,3490,54,ITF,ITF6,18,Calabria,Calabria,1947131,655749,33.68,0.48
601,2021-09-12,CAL,2137,1121,1016,824,1276,37,ITF,ITF6,18,Calabria,Calabria,1947131,657886,33.79,0.11
602,2021-02-10,CAL,2526,1086,1440,876,1635,15,ITF,ITF6,18,Calabria,Calabria,1947131,660412,33.92,0.13
603,2021-07-17,CAL,18336,9045,9291,2706,15562,68,ITF,ITF6,18,Calabria,Calabria,1947131,678748,34.86,0.94
604,2021-06-04,CAL,17545,8158,9387,12951,4524,70,ITF,ITF6,18,Calabria,Calabria,1947131,696293,35.76,0.9
605,2021-05-21,CAL,21376,10887,10489,13860,7407,109,ITF,ITF6,18,Calabria,Calabria,1947131,717669,36.86,1.1
606,2021-05-19,CAL,18324,9081,9243,11258,6990,76,ITF,ITF6,18,Calabria,Calabria,1947131,735993,37.8,0.94
607,2021-03-23,CAL,5268,2470,2798,3420,1824,24,ITF,ITF6,18,Calabria,Calabria,1947131,741261,38.07,0.27
608,2021-08-27,CAL,9164,4772,4392,3611,5393,160,ITF,ITF6,18,Calabria,Calabria,1947131,750425,38.54,0.47
609,2021-07-15,CAL,18283,8809,9474,2519,15711,53,ITF,ITF6,18,Calabria,Calabria,1947131,768708,39.48,0.94
610,2021-02-27,CAL,4068,2097,1971,3674,387,7,ITF,ITF6,18,Calabria,Calabria,1947131,772776,39.69,0.21
611,2021-07-31,CAL,13811,7060,6751,3635,10099,77,ITF,ITF6,18,Calabria,Calabria,1947131,786587,40.4,0.71
612,2021-01-27,CAL,1491,757,734,383,1107,1,ITF,ITF6,18,Calabria,Calabria,1947131,788078,40.47,0.08
613,2021-07-12,CAL,17981,8539,9442,2687,15245,49,ITF,ITF6,18,Calabria,Calabria,1947131,806059,41.4,0.92
614,2021-01-10,CAL,958,540,418,958,0,0,ITF,ITF6,18,Calabria,Calabria,1947131,807017,41.45,0.05
615,2021-04-20,CAL,7907,3993,3914,6080,1750,77,ITF,ITF6,18,Calabria,Calabria,1947131,814924,41.85,0.41
616,2021-04-13,CAL,6977,3427,3550,5613,1337,27,ITF,ITF6,18,Calabria,Calabria,1947131,821901,42.21,0.36
617,2021-01-20,CAL,1410,630,780,1406,1,3,ITF,ITF6,18,Calabria,Calabria,1947131,823311,42.28,0.07
618,2021-01-03,CAL,6,3,3,6,0,0,ITF,ITF6,18,Calabria,Calabria,1947131,823317,42.28,0.0
619,2021-03-27,CAL,8862,4035,4827,4669,4148,45,ITF,ITF6,18,Calabria,Calabria,1947131,832179,42.74,0.46
620,2021-07-05,CAL,13385,6252,7133,4262,9058,65,ITF,ITF6,18,Calabria,Calabria,1947131,845564,43.43,0.69
621,2021-01-05,CAL,1555,732,823,1553,0,2,ITF,ITF6,18,Calabria,Calabria,1947131,847119,43.51,0.08
622,2021-01-12,CAL,2094,1035,1059,2085,0,9,ITF,ITF6,18,Calabria,Calabria,1947131,849213,43.61,0.11
623,2021-03-06,CAL,8551,4406,4145,7709,817,25,ITF,ITF6,18,Calabria,Calabria,1947131,857764,44.05,0.44
624,2021-08-19,CAL,5874,2945,2929,2347,3468,59,ITF,ITF6,18,Calabria,Calabria,1947131,863638,44.35,0.3
625,2021-05-09,CAL,9704,4532,5172,6032,3624,48,ITF,ITF6,18,Calabria,Calabria,1947131,873342,44.85,0.5
626,2021-01-29,CAL,2081,1005,1076,226,1854,1,ITF,ITF6,18,Calabria,Calabria,1947131,875423,44.96,0.11
627,2021-02-15,CAL,1184,568,616,1014,165,5,ITF,ITF6,18,Calabria,Calabria,1947131,876607,45.02,0.06
628,2021-09-14,CAL,6534,3219,3315,2520,3885,129,ITF,ITF6,18,Calabria,Calabria,1947131,883141,45.36,0.34
629,2020-12-27,CAL,317,169,148,317,0,0,ITF,ITF6,18,Calabria,Calabria,1947131,883458,45.37,0.02
630,2021-01-15,CAL,2820,1267,1553,2814,0,6,ITF,ITF6,18,Calabria,Calabria,1947131,886278,45.52,0.14
631,2021-04-25,CAL,15900,8069,7831,14799,1033,68,ITF,ITF6,18,Calabria,Calabria,1947131,902178,46.33,0.82
632,2021-08-26,CAL,7210,3602,3608,3179,3908,123,ITF,ITF6,18,Calabria,Calabria,1947131,909388,46.7,0.37
633,2021-06-30,CAL,16394,7509,8885,7016,9276,102,ITF,ITF6,18,Calabria,Calabria,1947131,925782,47.55,0.84
634,2021-06-28,CAL,13308,6127,7181,5372,7868,68,ITF,ITF6,18,Calabria,Calabria,1947131,939090,48.23,0.68
635,2021-08-16,CAL,6977,3567,3410,2376,4539,62,ITF,ITF6,18,Calabria,Calabria,1947131,946067,48.59,0.36
636,2021-02-12,CAL,1717,673,1044,943,768,6,ITF,ITF6,18,Calabria,Calabria,1947131,947784,48.68,0.09
637,2021-09-02,CAL,7542,3918,3624,3159,4261,122,ITF,ITF6,18,Calabria,Calabria,1947131,955326,49.06,0.39
638,2021-02-14,CAL,491,229,262,453,37,1,ITF,ITF6,18,Calabria,Calabria,1947131,955817,49.09,0.03
639,2021-05-25,CAL,16428,8047,8381,10215,6126,87,ITF,ITF6,18,Calabria,Calabria,1947131,972245,49.93,0.84
640,2021-01-26,CAL,1895,910,985,269,1625,1,ITF,ITF6,18,Calabria,Calabria,1947131,974140,50.03,0.1
641,2021-02-24,CAL,1952,996,956,1467,479,6,ITF,ITF6,18,Calabria,Calabria,1947131,976092,50.13,0.1
642,2021-03-03,CAL,5128,2801,2327,4024,1090,14,ITF,ITF6,18,Calabria,Calabria,1947131,981220,50.39,0.26
643,2021-03-08,CAL,5524,2992,2532,4405,1086,33,ITF,ITF6,18,Calabria,Calabria,1947131,986744,50.68,0.28
644,2021-03-25,CAL,7526,3555,3971,4549,2938,39,ITF,ITF6,18,Calabria,Calabria,1947131,994270,51.06,0.39
645,2021-09-07,CAL,5892,2978,2914,2769,2981,142,ITF,ITF6,18,Calabria,Calabria,1947131,1000162,51.37,0.3
646,2021-06-16,CAL,18344,8476,9868,12128,6126,90,ITF,ITF6,18,Calabria,Calabria,1947131,1018506,52.31,0.94
647,2021-05-04,CAL,16538,7626,8912,11622,4810,106,ITF,ITF6,18,Calabria,Calabria,1947131,1035044,53.16,0.85
648,2021-08-12,CAL,7650,3884,3766,2804,4670,176,ITF,ITF6,18,Calabria,Calabria,1947131,1042694,53.55,0.39
649,2021-01-22,CAL,662,276,386,660,2,0,ITF,ITF6,18,Calabria,Calabria,1947131,1043356,53.58,0.03
650,2021-05-02,CAL,12561,5862,6699,10582,1911,68,ITF,ITF6,18,Calabria,Calabria,1947131,1055917,54.23,0.65
651,2021-03-20,CAL,6795,3114,3681,4183,2595,17,ITF,ITF6,18,Calabria,Calabria,1947131,1062712,54.58,0.35
652,2021-03-15,CAL,3667,1771,1896,2167,1488,12,ITF,ITF6,18,Calabria,Calabria,1947131,1066379,54.77,0.19
653,2021-08-28,CAL,5310,2782,2528,1902,3314,94,ITF,ITF6,18,Calabria,Calabria,1947131,1071689,55.04,0.27
654,2021-07-02,CAL,16277,7536,8741,6236,9953,88,ITF,ITF6,18,Calabria,Calabria,1947131,1087966,55.88,0.84
655,2021-05-20,CAL,16999,8509,8490,11272,5658,69,ITF,ITF6,18,Calabria,Calabria,1947131,1104965,56.75,0.87
656,2021-06-27,CAL,8427,3948,4479,4986,3399,42,ITF,ITF6,18,Calabria,Calabria,1947131,1113392,57.18,0.43
657,2021-04-03,CAL,9465,4095,5370,4535,4866,64,ITF,ITF6,18,Calabria,Calabria,1947131,1122857,57.67,0.49
658,2021-01-28,CAL,2300,1144,1156,78,2222,0,ITF,ITF6,18,Calabria,Calabria,1947131,1125157,57.79,0.12
659,2021-07-28,CAL,21382,10734,10648,5893,15374,115,ITF,ITF6,18,Calabria,Calabria,1947131,1146539,58.88,1.1
660,2021-04-22,CAL,9844,4922,4922,6852,2938,54,ITF,ITF6,18,Calabria,Calabria,1947131,1156383,59.39,0.51
661,2021-05-06,CAL,13367,6326,7041,8925,4369,73,ITF,ITF6,18,Calabria,Calabria,1947131,1169750,60.08,0.69
662,2021-08-14,CAL,2233,1195,1038,728,1489,16,ITF,ITF6,18,Calabria,Calabria,1947131,1171983,60.19,0.11
663,2021-07-14,CAL,22649,10683,11966,4156,18416,77,ITF,ITF6,18,Calabria,Calabria,1947131,1194632,61.35,1.16
664,2021-04-05,CAL,3647,1730,1917,2674,960,13,ITF,ITF6,18,Calabria,Calabria,1947131,1198279,61.54,0.19
665,2021-09-11,CAL,4843,2580,2263,1913,2809,121,ITF,ITF6,18,Calabria,Calabria,1947131,1203122,61.79,0.25
666,2021-06-18,CAL,18921,8809,10112,11282,7520,119,ITF,ITF6,18,Calabria,Calabria,1947131,1222043,62.76,0.97
667,2021-04-06,CAL,8189,3731,4458,4464,3688,37,ITF,ITF6,18,Calabria,Calabria,1947131,1230232,63.18,0.42
668,2021-02-08,CAL,1880,748,1132,667,1210,3,ITF,ITF6,18,Calabria,Calabria,1947131,1232112,63.28,0.1
669,2021-04-24,CAL,19311,9610,9701,15758,3463,90,ITF,ITF6,18,Calabria,Calabria,1947131,1251423,64.27,0.99
670,2021-02-26,CAL,3173,1685,1488,2694,464,15,ITF,ITF6,18,Calabria,Calabria,1947131,1254596,64.43,0.16
671,2021-08-02,CAL,15080,7537,7543,3724,11298,58,ITF,ITF6,18,Calabria,Calabria,1947131,1269676,65.21,0.77
672,2021-06-20,CAL,6651,3150,3501,3815,2808,28,ITF,ITF6,18,Calabria,Calabria,1947131,1276327,65.55,0.34
673,2021-06-06,CAL,13811,6640,7171,12015,1725,71,ITF,ITF6,18,Calabria,Calabria,1947131,1290138,66.26,0.71
674,2021-08-13,CAL,7594,3918,3676,2443,5083,68,ITF,ITF6,18,Calabria,Calabria,1947131,1297732,66.65,0.39
675,2021-05-08,CAL,18585,8433,10152,10493,8011,81,ITF,ITF6,18,Calabria,Calabria,1947131,1316317,67.6,0.95
676,2021-05-22,CAL,22204,10564,11640,14212,7903,89,ITF,ITF6,18,Calabria,Calabria,1947131,1338521,68.74,1.14
677,2021-08-30,CAL,9377,4711,4666,3144,6108,125,ITF,ITF6,18,Calabria,Calabria,1947131,1347898,69.22,0.48
678,2021-04-21,CAL,11643,5849,5794,8641,2940,62,ITF,ITF6,18,Calabria,Calabria,1947131,1359541,69.82,0.6
679,2021-07-30,CAL,19738,10062,9676,5516,14094,128,ITF,ITF6,18,Calabria,Calabria,1947131,1379279,70.84,1.01
680,2021-04-02,CAL,8563,3924,4639,4586,3943,34,ITF,ITF6,18,Calabria,Calabria,1947131,1387842,71.28,0.44
681,2021-06-08,CAL,16689,7905,8784,14513,2052,124,ITF,ITF6,18,Calabria,Calabria,1947131,1404531,72.13,0.86
682,2021-09-16,CAL,6905,3406,3499,2747,3998,160,ITF,ITF6,18,Calabria,Calabria,1947131,1411436,72.49,0.35
683,2021-03-17,CAL,4203,1882,2321,2190,2003,10,ITF,ITF6,18,Calabria,Calabria,1947131,1415639,72.7,0.22
684,2021-06-25,CAL,18837,8748,10089,8064,10686,87,ITF,ITF6,18,Calabria,Calabria,1947131,1434476,73.67,0.97
685,2021-07-13,CAL,17441,8159,9282,2307,15064,70,ITF,ITF6,18,Calabria,Calabria,1947131,1451917,74.57,0.9
686,2021-02-07,CAL,872,435,437,143,727,2,ITF,ITF6,18,Calabria,Calabria,1947131,1452789,74.61,0.04
687,2021-05-18,CAL,15346,7678,7668,11848,3429,69,ITF,ITF6,18,Calabria,Calabria,1947131,1468135,75.4,0.79
688,2021-03-22,CAL,5009,2355,2654,3185,1801,23,ITF,ITF6,18,Calabria,Calabria,1947131,1473144,75.66,0.26
689,2021-09-04,CAL,5552,2959,2593,2320,3126,106,ITF,ITF6,18,Calabria,Calabria,1947131,1478696,75.94,0.29
690,2021-03-29,CAL,5786,2501,3285,3975,1777,34,ITF,ITF6,18,Calabria,Calabria,1947131,1484482,76.24,0.3
691,2021-01-31,CAL,1132,564,568,148,984,0,ITF,ITF6,18,Calabria,Calabria,1947131,1485614,76.3,0.06
692,2021-07-07,CAL,13976,6585,7391,3901,9999,76,ITF,ITF6,18,Calabria,Calabria,1947131,1499590,77.02,0.72
693,2021-05-11,CAL,15152,7335,7817,10243,4837,72,ITF,ITF6,18,Calabria,Calabria,1947131,1514742,77.79,0.78
694,2021-07-16,CAL,21058,10034,11024,3375,17606,77,ITF,ITF6,18,Calabria,Calabria,1947131,1535800,78.88,1.08
695,2021-01-07,CAL,2226,1091,1135,2222,0,4,ITF,ITF6,18,Calabria,Calabria,1947131,1538026,78.99,0.11
696,2021-06-13,CAL,6862,3367,3495,5730,1076,56,ITF,ITF6,18,Calabria,Calabria,1947131,1544888,79.34,0.35
697,2021-04-17,CAL,10869,5081,5788,9030,1788,51,ITF,ITF6,18,Calabria,Calabria,1947131,1555757,79.9,0.56
698,2021-05-01,CAL,16754,7982,8772,12400,4262,92,ITF,ITF6,18,Calabria,Calabria,1947131,1572511,80.76,0.86
699,2021-03-05,CAL,6244,3624,2620,5649,579,16,ITF,ITF6,18,Calabria,Calabria,1947131,1578755,81.08,0.32
700,2021-08-09,CAL,13164,6712,6452,4637,8364,163,ITF,ITF6,18,Calabria,Calabria,1947131,1591919,81.76,0.68
701,2021-06-24,CAL,15424,7027,8397,6982,8361,81,ITF,ITF6,18,Calabria,Calabria,1947131,1607343,82.55,0.79
702,2021-03-19,CAL,4270,1997,2273,1885,2378,7,ITF,ITF6,18,Calabria,Calabria,1947131,1611613,82.77,0.22
703,2021-07-11,CAL,6435,2986,3449,846,5578,11,ITF,ITF6,18,Calabria,Calabria,1947131,1618048,83.1,0.33
704,2021-06-10,CAL,15897,7334,8563,12983,2812,102,ITF,ITF6,18,Calabria,Calabria,1947131,1633945,83.92,0.82
705,2021-07-26,CAL,18803,9343,9460,5217,13493,93,ITF,ITF6,18,Calabria,Calabria,1947131,1652748,84.88,0.97
706,2021-03-12,CAL,5162,2473,2689,4074,1065,23,ITF,ITF6,18,Calabria,Calabria,1947131,1657910,85.15,0.27
707,2021-01-14,CAL,2678,1272,1406,2672,0,6,ITF,ITF6,18,Calabria,Calabria,1947131,1660588,85.28,0.14
708,2021-03-10,CAL,6891,3509,3382,5474,1378,39,ITF,ITF6,18,Calabria,Calabria,1947131,1667479,85.64,0.35
709,2021-08-23,CAL,7681,3814,3867,2793,4782,106,ITF,ITF6,18,Calabria,Calabria,1947131,1675160,86.03,0.39
710,2021-06-01,CAL,12886,5977,6909,7884,4942,60,ITF,ITF6,18,Calabria,Calabria,1947131,1688046,86.69,0.66
711,2021-09-09,CAL,6299,3153,3146,2399,3785,115,ITF,ITF6,18,Calabria,Calabria,1947131,1694345,87.02,0.32
712,2021-05-13,CAL,15991,7696,8295,11176,4738,77,ITF,ITF6,18,Calabria,Calabria,1947131,1710336,87.84,0.82
713,2021-02-19,CAL,1521,689,832,1248,264,9,ITF,ITF6,18,Calabria,Calabria,1947131,1711857,87.92,0.08
714,2021-05-30,CAL,11010,5308,5702,6821,4154,35,ITF,ITF6,18,Calabria,Calabria,1947131,1722867,88.48,0.57
715,2021-08-04,CAL,16016,8121,7895,4246,11666,104,ITF,ITF6,18,Calabria,Calabria,1947131,1738883,89.3,0.82
716,2021-06-29,CAL,13078,6041,7037,5352,7674,52,ITF,ITF6,18,Calabria,Calabria,1947131,1751961,89.98,0.67
717,2021-05-03,CAL,14859,6807,8052,10463,4302,94,ITF,ITF6,18,Calabria,Calabria,1947131,1766820,90.74,0.76
718,2021-03-21,CAL,4469,1931,2538,2726,1730,13,ITF,ITF6,18,Calabria,Calabria,1947131,1771289,90.97,0.23
719,2021-02-09,CAL,2179,923,1256,953,1216,10,ITF,ITF6,18,Calabria,Calabria,1947131,1773468,91.08,0.11
720,2021-05-29,CAL,19305,8965,10340,9355,9875,75,ITF,ITF6,18,Calabria,Calabria,1947131,1792773,92.07,0.99
721,2021-09-06,CAL,7998,4114,3884,3440,4419,139,ITF,ITF6,18,Calabria,Calabria,1947131,1800771,92.48,0.41
722,2021-01-24,CAL,47,20,27,41,6,0,ITF,ITF6,18,Calabria,Calabria,1947131,1800818,92.49,0.0
723,2021-07-09,CAL,15684,7309,8375,3634,11979,71,ITF,ITF6,18,Calabria,Calabria,1947131,1816502,93.29,0.81
724,2021-08-21,CAL,3644,1859,1785,1439,2158,47,ITF,ITF6,18,Calabria,Calabria,1947131,1820146,93.48,0.19
725,2021-04-19,CAL,7909,3820,4089,6173,1688,48,ITF,ITF6,18,Calabria,Calabria,1947131,1828055,93.88,0.41
726,2021-01-09,CAL,2105,1130,975,2097,0,8,ITF,ITF6,18,Calabria,Calabria,1947131,1830160,93.99,0.11
727,2021-09-01,CAL,9141,4694,4447,3498,5497,146,ITF,ITF6,18,Calabria,Calabria,1947131,1839301,94.46,0.47
728,2021-05-17,CAL,14912,7464,7448,10133,4721,58,ITF,ITF6,18,Calabria,Calabria,1947131,1854213,95.23,0.77
729,2021-08-25,CAL,8843,4328,4515,3322,5385,136,ITF,ITF6,18,Calabria,Calabria,1947131,1863056,95.68,0.45
730,2021-02-21,CAL,671,307,364,591,79,1,ITF,ITF6,18,Calabria,Calabria,1947131,1863727,95.72,0.03
731,2021-04-28,CAL,12577,6101,6476,9622,2883,72,ITF,ITF6,18,Calabria,Calabria,1947131,1876304,96.36,0.65
732,2021-02-04,CAL,3679,1748,1931,647,3026,6,ITF,ITF6,18,Calabria,Calabria,1947131,1879983,96.55,0.19
733,2021-05-15,CAL,27283,13058,14225,20266,6885,132,ITF,ITF6,18,Calabria,Calabria,1947131,1907266,97.95,1.4
734,2021-08-06,CAL,15624,7932,7692,5086,10404,134,ITF,ITF6,18,Calabria,Calabria,1947131,1922890,98.76,0.8
735,2021-02-02,CAL,2376,1170,1206,176,2200,0,ITF,ITF6,18,Calabria,Calabria,1947131,1925266,98.88,0.12
736,2021-01-16,CAL,2429,1140,1289,2426,0,3,ITF,ITF6,18,Calabria,Calabria,1947131,1927695,99.0,0.12
737,2021-01-21,CAL,984,461,523,946,35,3,ITF,ITF6,18,Calabria,Calabria,1947131,1928679,99.05,0.05
738,2021-08-20,CAL,7568,3822,3746,3018,4459,91,ITF,ITF6,18,Calabria,Calabria,1947131,1936247,99.44,0.39
739,2021-03-07,CAL,3417,1744,1673,3310,93,14,ITF,ITF6,18,Calabria,Calabria,1947131,1939664,99.62,0.18
740,2021-08-11,CAL,11060,5673,5387,3524,7421,115,ITF,ITF6,18,Calabria,Calabria,1947131,1950724,100.18,0.57
741,2021-06-15,CAL,15164,7053,8111,10239,4832,93,ITF,ITF6,18,Calabria,Calabria,1947131,1965888,100.96,0.78
742,2021-03-14,CAL,2776,1073,1703,2283,486,7,ITF,ITF6,18,Calabria,Calabria,1947131,1968664,101.11,0.14
743,2021-08-18,CAL,9458,4850,4608,3390,5968,100,ITF,ITF6,18,Calabria,Calabria,1947131,1978122,101.59,0.49
744,2021-06-22,CAL,14628,6919,7709,7378,7154,96,ITF,ITF6,18,Calabria,Calabria,1947131,1992750,102.34,0.75
745,2021-02-28,CAL,2381,1086,1295,2221,157,3,ITF,ITF6,18,Calabria,Calabria,1947131,1995131,102.47,0.12
746,2020-12-28,CAL,6,2,4,6,0,0,ITF,ITF6,18,Calabria,Calabria,1947131,1995137,102.47,0.0
747,2021-06-03,CAL,14259,6657,7602,9589,4616,54,ITF,ITF6,18,Calabria,Calabria,1947131,2009396,103.2,0.73
748,2021-04-07,CAL,9200,4180,5020,5069,4073,58,ITF,ITF6,18,Calabria,Calabria,1947131,2018596,103.67,0.47
749,2021-02-23,CAL,1618,766,852,1494,119,5,ITF,ITF6,18,Calabria,Calabria,1947131,2020214,103.75,0.08
750,2021-03-31,CAL,9167,4182,4985,5065,4064,38,ITF,ITF6,18,Calabria,Calabria,1947131,2029381,104.22,0.47
751,2021-04-09,CAL,8046,3773,4273,5059,2897,90,ITF,ITF6,18,Calabria,Calabria,1947131,2037427,104.64,0.41
752,2021-09-13,CAL,8491,4298,4193,3219,5118,154,ITF,ITF6,18,Calabria,Calabria,1947131,2045918,105.07,0.44
753,2021-07-18,CAL,8791,4205,4586,1280,7479,32,ITF,ITF6,18,Calabria,Calabria,1947131,2054709,105.52,0.45
754,2021-07-25,CAL,6949,3571,3378,1467,5450,32,ITF,ITF6,18,Calabria,Calabria,1947131,2061658,105.88,0.36
755,2021-04-14,CAL,8099,3911,4188,6588,1461,50,ITF,ITF6,18,Calabria,Calabria,1947131,2069757,106.3,0.42
756,2021-02-16,CAL,1755,746,1009,1468,281,6,ITF,ITF6,18,Calabria,Calabria,1947131,2071512,106.39,0.09
757,2021-07-23,CAL,22753,11354,11399,5559,17089,105,ITF,ITF6,18,Calabria,Calabria,1947131,2094265,107.56,1.17
758,2021-05-27,CAL,17676,8742,8934,9771,7822,83,ITF,ITF6,18,Calabria,Calabria,1947131,2111941,108.46,0.91
759,2021-05-10,CAL,13173,6125,7048,7683,5421,69,ITF,ITF6,18,Calabria,Calabria,1947131,2125114,109.14,0.68
760,2021-04-26,CAL,10194,5061,5133,7710,2434,50,ITF,ITF6,18,Calabria,Calabria,1947131,2135308,109.66,0.52
761,2021-06-05,CAL,20799,9715,11084,17634,3084,81,ITF,ITF6,18,Calabria,Calabria,1947131,2156107,110.73,1.07
762,2021-08-01,CAL,4895,2562,2333,1172,3699,24,ITF,ITF6,18,Calabria,Calabria,1947131,2161002,110.98,0.25
763,2021-05-14,CAL,19953,9584,10369,12949,6888,116,ITF,ITF6,18,Calabria,Calabria,1947131,2180955,112.01,1.02
764,2021-04-27,CAL,9984,4907,5077,7958,1974,52,ITF,ITF6,18,Calabria,Calabria,1947131,2190939,112.52,0.51
765,2021-02-03,CAL,2873,1481,1392,516,2352,5,ITF,ITF6,18,Calabria,Calabria,1947131,2193812,112.67,0.15
766,2021-07-19,CAL,19021,9110,9911,3031,15939,51,ITF,ITF6,18,Calabria,Calabria,1947131,2212833,113.65,0.98
767,2021-08-05,CAL,12475,6291,6184,3880,8495,100,ITF,ITF6,18,Calabria,Calabria,1947131,2225308,114.29,0.64
768,2021-02-22,CAL,2106,1074,1032,1536,561,9,ITF,ITF6,18,Calabria,Calabria,1947131,2227414,114.39,0.11
769,2021-06-02,CAL,12113,5805,6308,8785,3278,50,ITF,ITF6,18,Calabria,Calabria,1947131,2239527,115.02,0.62
770,2021-08-07,CAL,9528,4874,4654,3019,6445,64,ITF,ITF6,18,Calabria,Calabria,1947131,2249055,115.51,0.49
771,2021-05-16,CAL,13820,6741,7079,9920,3844,56,ITF,ITF6,18,Calabria,Calabria,1947131,2262875,116.22,0.71
772,2021-08-24,CAL,6505,3228,3277,2319,4101,85,ITF,ITF6,18,Calabria,Calabria,1947131,2269380,116.55,0.33
773,2021-07-21,CAL,22117,10623,11494,4513,17488,116,ITF,ITF6,18,Calabria,Calabria,1947131,2291497,117.69,1.14
774,2021-01-17,CAL,914,441,473,808,100,6,ITF,ITF6,18,Calabria,Calabria,1947131,2292411,117.73,0.05
775,2021-03-24,CAL,8025,3671,4354,4585,3415,25,ITF,ITF6,18,Calabria,Calabria,1947131,2300436,118.14,0.41
776,2021-04-10,CAL,11741,5314,6427,6828,4868,45,ITF,ITF6,18,Calabria,Calabria,1947131,2312177,118.75,0.6
777,2021-02-05,CAL,3866,1747,2119,472,3379,15,ITF,ITF6,18,Calabria,Calabria,1947131,2316043,118.95,0.2
778,2021-04-29,CAL,12527,6094,6433,8654,3813,60,ITF,ITF6,18,Calabria,Calabria,1947131,2328570,119.59,0.64
779,2021-04-12,CAL,7049,3429,3620,5354,1666,29,ITF,ITF6,18,Calabria,Calabria,1947131,2335619,119.95,0.36
780,2021-01-19,CAL,1133,500,633,1118,13,2,ITF,ITF6,18,Calabria,Calabria,1947131,2336752,120.01,0.06
781,2021-07-04,CAL,5958,2825,3133,1992,3930,36,ITF,ITF6,18,Calabria,Calabria,1947131,2342710,120.32,0.31
782,2021-06-17,CAL,15819,7227,8592,9594,6171,54,ITF,ITF6,18,Calabria,Calabria,1947131,2358529,121.13,0.81
783,2021-03-26,CAL,8121,3854,4267,4947,3140,34,ITF,ITF6,18,Calabria,Calabria,1947131,2366650,121.55,0.42
784,2021-09-08,CAL,7722,3984,3738,3300,4267,155,ITF,ITF6,18,Calabria,Calabria,1947131,2374372,121.94,0.4
785,2021-07-06,CAL,12496,5750,6746,3824,8606,66,ITF,ITF6,18,Calabria,Calabria,1947131,2386868,122.58,0.64
786,2021-01-02,CAL,166,94,72,166,0,0,ITF,ITF6,18,Calabria,Calabria,1947131,2387034,122.59,0.01
787,2021-04-08,BAS,788,361,427,760,10,18,ITF,ITF5,17,Basilicata,Basilicata,559084,788,0.14,0.14
788,2021-04-22,BAS,5051,2353,2698,3382,1614,55,ITF,ITF5,17,Basilicata,Basilicata,559084,5839,1.04,0.9
789,2021-07-31,BAS,5469,2877,2592,1822,3591,56,ITF,ITF5,17,Basilicata,Basilicata,559084,11308,2.02,0.98
790,2021-07-17,BAS,5857,2917,2940,1709,4109,39,ITF,ITF5,17,Basilicata,Basilicata,559084,17165,3.07,1.05
791,2021-06-30,BAS,3452,1668,1784,2315,1111,26,ITF,ITF5,17,Basilicata,Basilicata,559084,20617,3.69,0.62
792,2021-05-04,BAS,4142,1995,2147,3568,524,50,ITF,ITF5,17,Basilicata,Basilicata,559084,24759,4.43,0.74
793,2021-03-08,BAS,1477,725,752,823,621,33,ITF,ITF5,17,Basilicata,Basilicata,559084,26236,4.69,0.26
794,2021-06-16,BAS,4606,2086,2520,2126,2460,20,ITF,ITF5,17,Basilicata,Basilicata,559084,30842,5.52,0.82
795,2021-03-25,BAS,1887,607,1280,1514,349,24,ITF,ITF5,17,Basilicata,Basilicata,559084,32729,5.85,0.34
796,2021-01-27,BAS,422,179,243,113,309,0,ITF,ITF5,17,Basilicata,Basilicata,559084,33151,5.93,0.08
797,2021-02-10,BAS,552,241,311,497,53,2,ITF,ITF5,17,Basilicata,Basilicata,559084,33703,6.03,0.1
798,2021-05-21,BAS,4578,2321,2257,1480,3086,12,ITF,ITF5,17,Basilicata,Basilicata,559084,38281,6.85,0.82
799,2021-01-15,BAS,819,353,466,819,0,0,ITF,ITF5,17,Basilicata,Basilicata,559084,39100,6.99,0.15
800,2020-12-27,BAS,106,41,65,106,0,0,ITF,ITF5,17,Basilicata,Basilicata,559084,39206,7.01,0.02
801,2021-03-20,BAS,1307,577,730,276,1024,7,ITF,ITF5,17,Basilicata,Basilicata,559084,40513,7.25,0.23
802,2021-06-28,BAS,3641,1747,1894,2113,1509,19,ITF,ITF5,17,Basilicata,Basilicata,559084,44154,7.9,0.65
803,2021-08-12,BAS,3918,2000,1918,1677,2159,82,ITF,ITF5,17,Basilicata,Basilicata,559084,48072,8.6,0.7
804,2021-07-26,BAS,5417,2721,2696,1991,3388,38,ITF,ITF5,17,Basilicata,Basilicata,559084,53489,9.57,0.97
805,2021-01-22,BAS,67,24,43,67,0,0,ITF,ITF5,17,Basilicata,Basilicata,559084,53556,9.58,0.01
806,2021-07-24,BAS,5748,2944,2804,1775,3923,50,ITF,ITF5,17,Basilicata,Basilicata,559084,59304,10.61,1.03
807,2021-05-30,BAS,2778,1421,1357,920,1853,5,ITF,ITF5,17,Basilicata,Basilicata,559084,62082,11.1,0.5
808,2021-04-03,BAS,1815,754,1061,1464,338,13,ITF,ITF5,17,Basilicata,Basilicata,559084,63897,11.43,0.32
809,2021-09-07,BAS,2657,1371,1286,679,1906,72,ITF,ITF5,17,Basilicata,Basilicata,559084,66554,11.9,0.48
810,2021-08-24,BAS,3268,1767,1501,1478,1713,77,ITF,ITF5,17,Basilicata,Basilicata,559084,69822,12.49,0.58
811,2021-06-04,BAS,4834,2289,2545,3749,1048,37,ITF,ITF5,17,Basilicata,Basilicata,559084,74656,13.35,0.86
812,2021-09-12,BAS,1754,929,825,303,1423,28,ITF,ITF5,17,Basilicata,Basilicata,559084,76410,13.67,0.31
813,2021-02-24,BAS,1815,744,1071,1729,75,11,ITF,ITF5,17,Basilicata,Basilicata,559084,78225,13.99,0.32
814,2021-08-26,BAS,2525,1278,1247,1122,1339,64,ITF,ITF5,17,Basilicata,Basilicata,559084,80750,14.44,0.45
815,2021-02-22,BAS,1799,778,1021,1737,53,9,ITF,ITF5,17,Basilicata,Basilicata,559084,82549,14.77,0.32
816,2021-01-10,BAS,77,24,53,77,0,0,ITF,ITF5,17,Basilicata,Basilicata,559084,82626,14.78,0.01
817,2021-04-20,BAS,4151,1982,2169,2179,1944,28,ITF,ITF5,17,Basilicata,Basilicata,559084,86777,15.52,0.74
818,2021-08-07,BAS,4517,2376,2141,1359,3098,60,ITF,ITF5,17,Basilicata,Basilicata,559084,91294,16.33,0.81
819,2021-02-17,BAS,1137,493,644,1058,77,2,ITF,ITF5,17,Basilicata,Basilicata,559084,92431,16.53,0.2
820,2021-05-28,BAS,3617,1811,1806,918,2666,33,ITF,ITF5,17,Basilicata,Basilicata,559084,96048,17.18,0.65
821,2021-06-11,BAS,4236,1982,2254,3166,1028,42,ITF,ITF5,17,Basilicata,Basilicata,559084,100284,17.94,0.76
822,2021-08-19,BAS,3595,1871,1724,1671,1836,88,ITF,ITF5,17,Basilicata,Basilicata,559084,103879,18.58,0.64
823,2021-05-11,BAS,2654,1353,1301,1597,1033,24,ITF,ITF5,17,Basilicata,Basilicata,559084,106533,19.05,0.47
824,2021-06-09,BAS,4422,2071,2351,3966,423,33,ITF,ITF5,17,Basilicata,Basilicata,559084,110955,19.85,0.79
825,2021-04-13,BAS,2120,1054,1066,1278,823,19,ITF,ITF5,17,Basilicata,Basilicata,559084,113075,20.23,0.38
826,2021-03-01,BAS,553,286,267,384,169,0,ITF,ITF5,17,Basilicata,Basilicata,559084,113628,20.32,0.1
827,2021-08-14,BAS,3478,1906,1572,1421,1997,60,ITF,ITF5,17,Basilicata,Basilicata,559084,117106,20.95,0.62
828,2021-06-18,BAS,4466,2067,2399,2180,2259,27,ITF,ITF5,17,Basilicata,Basilicata,559084,121572,21.74,0.8
829,2021-03-06,BAS,1377,544,833,752,612,13,ITF,ITF5,17,Basilicata,Basilicata,559084,122949,21.99,0.25
830,2021-05-09,BAS,4688,2342,2346,2945,1694,49,ITF,ITF5,17,Basilicata,Basilicata,559084,127637,22.83,0.84
831,2021-02-15,BAS,636,240,396,576,44,16,ITF,ITF5,17,Basilicata,Basilicata,559084,128273,22.94,0.11
832,2021-01-29,BAS,619,233,386,63,556,0,ITF,ITF5,17,Basilicata,Basilicata,559084,128892,23.05,0.11
833,2021-09-02,BAS,3032,1624,1408,881,2073,78,ITF,ITF5,17,Basilicata,Basilicata,559084,131924,23.6,0.54
834,2021-04-01,BAS,2743,1122,1621,1968,743,32,ITF,ITF5,17,Basilicata,Basilicata,559084,134667,24.09,0.49
835,2021-02-03,BAS,675,305,370,32,643,0,ITF,ITF5,17,Basilicata,Basilicata,559084,135342,24.21,0.12
836,2021-05-02,BAS,4182,2001,2181,3489,629,64,ITF,ITF5,17,Basilicata,Basilicata,559084,139524,24.96,0.75
837,2021-04-15,BAS,3431,1679,1752,2586,799,46,ITF,ITF5,17,Basilicata,Basilicata,559084,142955,25.57,0.61
838,2021-07-07,BAS,5203,2470,2733,2019,3169,15,ITF,ITF5,17,Basilicata,Basilicata,559084,148158,26.5,0.93
839,2021-01-03,BAS,910,347,563,910,0,0,ITF,ITF5,17,Basilicata,Basilicata,559084,149068,26.66,0.16
840,2021-01-08,BAS,556,220,336,556,0,0,ITF,ITF5,17,Basilicata,Basilicata,559084,149624,26.76,0.1
841,2021-03-15,BAS,2385,999,1386,514,1852,19,ITF,ITF5,17,Basilicata,Basilicata,559084,152009,27.19,0.43
842,2021-01-17,BAS,331,133,198,330,1,0,ITF,ITF5,17,Basilicata,Basilicata,559084,152340,27.25,0.06
843,2021-04-27,BAS,4730,2243,2487,4349,327,54,ITF,ITF5,17,Basilicata,Basilicata,559084,157070,28.09,0.85
844,2021-08-05,BAS,4558,2320,2238,1285,3232,41,ITF,ITF5,17,Basilicata,Basilicata,559084,161628,28.91,0.82
845,2021-02-05,BAS,998,449,549,64,932,2,ITF,ITF5,17,Basilicata,Basilicata,559084,162626,29.09,0.18
846,2021-07-12,BAS,5441,2592,2849,1606,3809,26,ITF,ITF5,17,Basilicata,Basilicata,559084,168067,30.06,0.97
847,2021-05-16,BAS,4973,2468,2505,2805,2113,55,ITF,ITF5,17,Basilicata,Basilicata,559084,173040,30.95,0.89
848,2021-07-19,BAS,5926,2890,3036,1998,3886,42,ITF,ITF5,17,Basilicata,Basilicata,559084,178966,32.01,1.06
849,2021-05-23,BAS,4518,2302,2216,1527,2984,7,ITF,ITF5,17,Basilicata,Basilicata,559084,183484,32.82,0.81
850,2021-06-23,BAS,3240,1522,1718,2331,876,33,ITF,ITF5,17,Basilicata,Basilicata,559084,186724,33.4,0.58
851,2021-09-14,BAS,2328,1283,1045,458,1821,49,ITF,ITF5,17,Basilicata,Basilicata,559084,189052,33.81,0.42
852,2021-03-13,BAS,1811,896,915,740,1049,22,ITF,ITF5,17,Basilicata,Basilicata,559084,190863,34.14,0.32
853,2021-07-14,BAS,5641,2721,2920,1627,3989,25,ITF,ITF5,17,Basilicata,Basilicata,559084,196504,35.15,1.01
854,2021-04-05,BAS,726,235,491,411,305,10,ITF,ITF5,17,Basilicata,Basilicata,559084,197230,35.28,0.13
855,2021-03-22,BAS,1223,549,674,641,574,8,ITF,ITF5,17,Basilicata,Basilicata,559084,198453,35.5,0.22
856,2021-03-03,BAS,1812,847,965,1220,565,27,ITF,ITF5,17,Basilicata,Basilicata,559084,200265,35.82,0.32
857,2021-08-23,BAS,3315,1736,1579,1369,1864,82,ITF,ITF5,17,Basilicata,Basilicata,559084,203580,36.41,0.59
858,2021-01-24,BAS,869,317,552,58,810,1,ITF,ITF5,17,Basilicata,Basilicata,559084,204449,36.57,0.16
859,2021-05-13,BAS,5986,2969,3017,3298,2598,90,ITF,ITF5,17,Basilicata,Basilicata,559084,210435,37.64,1.07
860,2021-08-21,BAS,3268,1778,1490,1711,1461,96,ITF,ITF5,17,Basilicata,Basilicata,559084,213703,38.22,0.58
861,2021-03-05,BAS,1886,870,1016,1105,764,17,ITF,ITF5,17,Basilicata,Basilicata,559084,215589,38.56,0.34
862,2021-06-13,BAS,3014,1440,1574,2678,308,28,ITF,ITF5,17,Basilicata,Basilicata,559084,218603,39.1,0.54
863,2021-05-27,BAS,3623,1863,1760,1072,2537,14,ITF,ITF5,17,Basilicata,Basilicata,559084,222226,39.75,0.65
864,2021-09-04,BAS,2604,1395,1209,773,1763,68,ITF,ITF5,17,Basilicata,Basilicata,559084,224830,40.21,0.47
865,2021-06-01,BAS,6137,2927,3210,3034,3076,27,ITF,ITF5,17,Basilicata,Basilicata,559084,230967,41.31,1.1
866,2021-09-09,BAS,3182,1702,1480,684,2418,80,ITF,ITF5,17,Basilicata,Basilicata,559084,234149,41.88,0.57
867,2021-08-04,BAS,4500,2232,2268,1423,3035,42,ITF,ITF5,17,Basilicata,Basilicata,559084,238649,42.69,0.8
868,2021-06-08,BAS,4589,2196,2393,4192,358,39,ITF,ITF5,17,Basilicata,Basilicata,559084,243238,43.51,0.82
869,2021-04-12,BAS,2175,1054,1121,1651,494,30,ITF,ITF5,17,Basilicata,Basilicata,559084,245413,43.9,0.39
870,2021-09-16,BAS,2449,1270,1179,410,1986,53,ITF,ITF5,17,Basilicata,Basilicata,559084,247862,44.33,0.44
871,2021-07-21,BAS,5845,2942,2903,1611,4201,33,ITF,ITF5,17,Basilicata,Basilicata,559084,253707,45.38,1.05
872,2021-04-19,BAS,4182,1920,2262,2395,1653,134,ITF,ITF5,17,Basilicata,Basilicata,559084,257889,46.13,0.75
873,2021-07-28,BAS,5037,2576,2461,1929,3048,60,ITF,ITF5,17,Basilicata,Basilicata,559084,262926,47.03,0.9
874,2021-03-27,BAS,2258,866,1392,1809,435,14,ITF,ITF5,17,Basilicata,Basilicata,559084,265184,47.43,0.4
875,2021-08-31,BAS,3099,1594,1505,1678,1276,145,ITF,ITF5,17,Basilicata,Basilicata,559084,268283,47.99,0.55
876,2021-07-05,BAS,3271,1616,1655,2215,1021,35,ITF,ITF5,17,Basilicata,Basilicata,559084,271554,48.57,0.59
877,2021-01-07,BAS,644,321,323,644,0,0,ITF,ITF5,17,Basilicata,Basilicata,559084,272198,48.69,0.12
878,2021-05-25,BAS,4200,2114,2086,868,3322,10,ITF,ITF5,17,Basilicata,Basilicata,559084,276398,49.44,0.75
879,2021-02-14,BAS,151,48,103,105,0,46,ITF,ITF5,17,Basilicata,Basilicata,559084,276549,49.46,0.03
880,2021-01-31,BAS,78,24,54,0,78,0,ITF,ITF5,17,Basilicata,Basilicata,559084,276627,49.48,0.01
881,2021-01-12,BAS,217,88,129,217,0,0,ITF,ITF5,17,Basilicata,Basilicata,559084,276844,49.52,0.04
882,2021-04-24,BAS,4584,2222,2362,3477,1051,56,ITF,ITF5,17,Basilicata,Basilicata,559084,281428,50.34,0.82
883,2021-08-02,BAS,4612,2334,2278,1779,2793,40,ITF,ITF5,17,Basilicata,Basilicata,559084,286040,51.16,0.82
884,2021-07-16,BAS,5933,2900,3033,1802,4097,34,ITF,ITF5,17,Basilicata,Basilicata,559084,291973,52.22,1.06
885,2021-02-07,BAS,384,163,221,49,335,0,ITF,ITF5,17,Basilicata,Basilicata,559084,292357,52.29,0.07
886,2021-05-18,BAS,5896,2855,3041,3377,2492,27,ITF,ITF5,17,Basilicata,Basilicata,559084,298253,53.35,1.05
887,2021-08-09,BAS,4013,2066,1947,1568,2398,47,ITF,ITF5,17,Basilicata,Basilicata,559084,302266,54.06,0.72
888,2021-07-23,BAS,5551,2781,2770,1889,3616,46,ITF,ITF5,17,Basilicata,Basilicata,559084,307817,55.06,0.99
889,2021-05-01,BAS,4708,2139,2569,3883,755,70,ITF,ITF5,17,Basilicata,Basilicata,559084,312525,55.9,0.84
890,2021-06-15,BAS,3222,1417,1805,2225,976,21,ITF,ITF5,17,Basilicata,Basilicata,559084,315747,56.48,0.58
891,2021-02-28,BAS,813,347,466,772,37,4,ITF,ITF5,17,Basilicata,Basilicata,559084,316560,56.62,0.15
892,2021-01-02,BAS,958,383,575,957,0,1,ITF,ITF5,17,Basilicata,Basilicata,559084,317518,56.79,0.17
893,2021-01-16,BAS,726,305,421,726,0,0,ITF,ITF5,17,Basilicata,Basilicata,559084,318244,56.92,0.13
894,2021-04-26,BAS,4465,2164,2301,4194,221,50,ITF,ITF5,17,Basilicata,Basilicata,559084,322709,57.72,0.8
895,2021-06-27,BAS,3007,1477,1530,2377,616,14,ITF,ITF5,17,Basilicata,Basilicata,559084,325716,58.26,0.54
896,2021-04-29,BAS,4859,2398,2461,4341,441,77,ITF,ITF5,17,Basilicata,Basilicata,559084,330575,59.13,0.87
897,2021-03-17,BAS,1474,615,859,24,1446,4,ITF,ITF5,17,Basilicata,Basilicata,559084,332049,59.39,0.26
898,2021-02-19,BAS,1627,739,888,1559,63,5,ITF,ITF5,17,Basilicata,Basilicata,559084,333676,59.68,0.29
899,2021-02-12,BAS,781,334,447,748,32,1,ITF,ITF5,17,Basilicata,Basilicata,559084,334457,59.82,0.14
900,2021-04-10,BAS,1036,379,657,925,84,27,ITF,ITF5,17,Basilicata,Basilicata,559084,335493,60.01,0.19
901,2021-05-08,BAS,4845,2407,2438,3379,1413,53,ITF,ITF5,17,Basilicata,Basilicata,559084,340338,60.87,0.87
902,2021-08-16,BAS,3566,1866,1700,1484,1998,84,ITF,ITF5,17,Basilicata,Basilicata,559084,343904,61.51,0.64
903,2021-03-10,BAS,1688,847,841,838,839,11,ITF,ITF5,17,Basilicata,Basilicata,559084,345592,61.81,0.3
904,2021-03-19,BAS,2317,1004,1313,260,2050,7,ITF,ITF5,17,Basilicata,Basilicata,559084,347909,62.23,0.41
905,2021-08-20,BAS,3124,1679,1445,1452,1593,79,ITF,ITF5,17,Basilicata,Basilicata,559084,351033,62.79,0.56
906,2021-02-16,BAS,908,377,531,791,98,19,ITF,ITF5,17,Basilicata,Basilicata,559084,351941,62.95,0.16
907,2021-09-06,BAS,3013,1569,1444,746,2189,78,ITF,ITF5,17,Basilicata,Basilicata,559084,354954,63.49,0.54
908,2021-05-10,BAS,4804,2382,2422,2709,2042,53,ITF,ITF5,17,Basilicata,Basilicata,559084,359758,64.35,0.86
909,2021-08-18,BAS,3571,1975,1596,1499,1976,96,ITF,ITF5,17,Basilicata,Basilicata,559084,363329,64.99,0.64
910,2021-08-08,BAS,3664,1873,1791,1112,2521,31,ITF,ITF5,17,Basilicata,Basilicata,559084,366993,65.64,0.66
911,2021-02-21,BAS,284,113,171,284,0,0,ITF,ITF5,17,Basilicata,Basilicata,559084,367277,65.69,0.05
912,2021-03-07,BAS,898,313,585,848,40,10,ITF,ITF5,17,Basilicata,Basilicata,559084,368175,65.85,0.16
913,2021-02-26,BAS,2165,908,1257,2077,82,6,ITF,ITF5,17,Basilicata,Basilicata,559084,370340,66.24,0.39
914,2021-05-20,BAS,5885,2981,2904,2886,2971,28,ITF,ITF5,17,Basilicata,Basilicata,559084,376225,67.29,1.05
915,2021-08-28,BAS,2275,1287,988,1110,1105,60,ITF,ITF5,17,Basilicata,Basilicata,559084,378500,67.7,0.41
916,2021-06-06,BAS,4512,2074,2438,3695,779,38,ITF,ITF5,17,Basilicata,Basilicata,559084,383012,68.51,0.81
917,2021-01-19,BAS,199,84,115,199,0,0,ITF,ITF5,17,Basilicata,Basilicata,559084,383211,68.54,0.04
918,2021-06-25,BAS,3317,1571,1746,2444,839,34,ITF,ITF5,17,Basilicata,Basilicata,559084,386528,69.14,0.59
919,2021-07-04,BAS,3112,1563,1549,2164,922,26,ITF,ITF5,17,Basilicata,Basilicata,559084,389640,69.69,0.56
920,2021-08-30,BAS,3199,1711,1488,1549,1546,104,ITF,ITF5,17,Basilicata,Basilicata,559084,392839,70.26,0.57
921,2021-03-24,BAS,2003,772,1231,1481,496,26,ITF,ITF5,17,Basilicata,Basilicata,559084,394842,70.62,0.36
922,2021-07-02,BAS,3689,1839,1850,2484,1176,29,ITF,ITF5,17,Basilicata,Basilicata,559084,398531,71.28,0.66
923,2021-01-26,BAS,813,358,455,101,712,0,ITF,ITF5,17,Basilicata,Basilicata,559084,399344,71.43,0.15
924,2021-05-06,BAS,5069,2441,2628,3431,1587,51,ITF,ITF5,17,Basilicata,Basilicata,559084,404413,72.33,0.91
925,2021-05-15,BAS,6533,3344,3189,3875,2575,83,ITF,ITF5,17,Basilicata,Basilicata,559084,410946,73.5,1.17
926,2021-04-02,BAS,2346,1059,1287,1715,606,25,ITF,ITF5,17,Basilicata,Basilicata,559084,413292,73.92,0.42
927,2021-02-04,BAS,1108,446,662,64,1044,0,ITF,ITF5,17,Basilicata,Basilicata,559084,414400,74.12,0.2
928,2021-07-11,BAS,5032,2406,2626,1509,3498,25,ITF,ITF5,17,Basilicata,Basilicata,559084,419432,75.02,0.9
929,2021-09-15,BAS,2380,1255,1125,566,1764,50,ITF,ITF5,17,Basilicata,Basilicata,559084,421812,75.45,0.43
930,2021-02-02,BAS,370,145,225,175,194,1,ITF,ITF5,17,Basilicata,Basilicata,559084,422182,75.51,0.07
931,2021-01-28,BAS,921,408,513,119,802,0,ITF,ITF5,17,Basilicata,Basilicata,559084,423103,75.68,0.16
932,2021-01-14,BAS,973,413,560,973,0,0,ITF,ITF5,17,Basilicata,Basilicata,559084,424076,75.85,0.17
933,2021-04-07,BAS,1212,552,660,1157,36,19,ITF,ITF5,17,Basilicata,Basilicata,559084,425288,76.07,0.22
934,2021-04-25,BAS,2990,1459,1531,2906,52,32,ITF,ITF5,17,Basilicata,Basilicata,559084,428278,76.6,0.53
935,2021-07-18,BAS,4390,2163,2227,1577,2786,27,ITF,ITF5,17,Basilicata,Basilicata,559084,432668,77.39,0.79
936,2021-08-01,BAS,4210,2114,2096,1633,2537,40,ITF,ITF5,17,Basilicata,Basilicata,559084,436878,78.14,0.75
937,2021-06-29,BAS,3856,1880,1976,2785,1043,28,ITF,ITF5,17,Basilicata,Basilicata,559084,440734,78.83,0.69
938,2021-03-21,BAS,1178,547,631,475,700,3,ITF,ITF5,17,Basilicata,Basilicata,559084,441912,79.04,0.21
939,2021-08-11,BAS,3708,1921,1787,1427,2223,58,ITF,ITF5,17,Basilicata,Basilicata,559084,445620,79.71,0.66
940,2021-04-14,BAS,2049,1004,1045,1356,677,16,ITF,ITF5,17,Basilicata,Basilicata,559084,447669,80.07,0.37
941,2021-01-21,BAS,31,10,21,30,1,0,ITF,ITF5,17,Basilicata,Basilicata,559084,447700,80.08,0.01
942,2021-01-04,BAS,614,275,339,614,0,0,ITF,ITF5,17,Basilicata,Basilicata,559084,448314,80.19,0.11
943,2021-07-06,BAS,4210,2008,2202,2114,2060,36,ITF,ITF5,17,Basilicata,Basilicata,559084,452524,80.94,0.75
944,2021-06-24,BAS,4090,1939,2151,2151,1901,38,ITF,ITF5,17,Basilicata,Basilicata,559084,456614,81.67,0.73
945,2021-04-28,BAS,4707,2158,2549,4203,441,63,ITF,ITF5,17,Basilicata,Basilicata,559084,461321,82.51,0.84
946,2021-03-02,BAS,809,387,422,665,139,5,ITF,ITF5,17,Basilicata,Basilicata,559084,462130,82.66,0.14
947,2021-08-06,BAS,4215,2158,2057,1316,2846,53,ITF,ITF5,17,Basilicata,Basilicata,559084,466345,83.41,0.75
948,2021-06-10,BAS,4346,2101,2245,3867,442,37,ITF,ITF5,17,Basilicata,Basilicata,559084,470691,84.19,0.78
949,2021-08-03,BAS,5062,2574,2488,1827,3186,49,ITF,ITF5,17,Basilicata,Basilicata,559084,475753,85.1,0.91
950,2021-08-17,BAS,3508,1763,1745,1398,2044,66,ITF,ITF5,17,Basilicata,Basilicata,559084,479261,85.72,0.63
951,2021-05-12,BAS,4730,2330,2400,2800,1881,49,ITF,ITF5,17,Basilicata,Basilicata,559084,483991,86.57,0.85
952,2021-07-15,BAS,6480,3212,3268,1669,4785,26,ITF,ITF5,17,Basilicata,Basilicata,559084,490471,87.73,1.16
953,2021-05-29,BAS,3061,1534,1527,825,2225,11,ITF,ITF5,17,Basilicata,Basilicata,559084,493532,88.28,0.55
954,2021-01-13,BAS,917,387,530,917,0,0,ITF,ITF5,17,Basilicata,Basilicata,559084,494449,88.44,0.16
955,2021-04-23,BAS,4551,2191,2360,3474,1015,62,ITF,ITF5,17,Basilicata,Basilicata,559084,499000,89.25,0.81
956,2021-04-09,BAS,1152,350,802,1062,63,27,ITF,ITF5,17,Basilicata,Basilicata,559084,500152,89.46,0.21
957,2021-07-13,BAS,5853,2825,3028,1770,4034,49,ITF,ITF5,17,Basilicata,Basilicata,559084,506005,90.51,1.05
958,2021-09-01,BAS,3248,1683,1565,1045,2104,99,ITF,ITF5,17,Basilicata,Basilicata,559084,509253,91.09,0.58
959,2021-02-11,BAS,958,406,552,873,83,2,ITF,ITF5,17,Basilicata,Basilicata,559084,510211,91.26,0.17
960,2021-08-13,BAS,3662,1904,1758,1423,2147,92,ITF,ITF5,17,Basilicata,Basilicata,559084,513873,91.91,0.65
961,2021-07-30,BAS,4766,2436,2330,1915,2802,49,ITF,ITF5,17,Basilicata,Basilicata,559084,518639,92.77,0.85
962,2021-06-17,BAS,4442,2045,2397,2087,2330,25,ITF,ITF5,17,Basilicata,Basilicata,559084,523081,93.56,0.79
963,2021-04-21,BAS,3951,1845,2106,2242,1679,30,ITF,ITF5,17,Basilicata,Basilicata,559084,527032,94.27,0.71
964,2021-04-06,BAS,1274,465,809,1072,184,18,ITF,ITF5,17,Basilicata,Basilicata,559084,528306,94.49,0.23
965,2021-06-14,BAS,4825,2156,2669,2090,2711,24,ITF,ITF5,17,Basilicata,Basilicata,559084,533131,95.36,0.86
966,2021-03-23,BAS,1643,634,1009,1452,171,20,ITF,ITF5,17,Basilicata,Basilicata,559084,534774,95.65,0.29
967,2021-07-01,BAS,3711,1856,1855,2563,1114,34,ITF,ITF5,17,Basilicata,Basilicata,559084,538485,96.32,0.66
968,2021-01-18,BAS,465,158,307,366,99,0,ITF,ITF5,17,Basilicata,Basilicata,559084,538950,96.4,0.08
969,2021-03-16,BAS,1926,809,1117,226,1697,3,ITF,ITF5,17,Basilicata,Basilicata,559084,540876,96.74,0.34
970,2021-01-23,BAS,763,325,438,33,730,0,ITF,ITF5,17,Basilicata,Basilicata,559084,541639,96.88,0.14
971,2021-05-03,BAS,4511,2044,2467,3620,827,64,ITF,ITF5,17,Basilicata,Basilicata,559084,546150,97.69,0.81
972,2021-02-09,BAS,496,216,280,318,178,0,ITF,ITF5,17,Basilicata,Basilicata,559084,546646,97.78,0.09
973,2021-01-09,BAS,560,161,399,560,0,0,ITF,ITF5,17,Basilicata,Basilicata,559084,547206,97.88,0.1
974,2021-08-29,BAS,2331,1249,1082,1255,979,97,ITF,ITF5,17,Basilicata,Basilicata,559084,549537,98.29,0.42
975,2021-07-03,BAS,3947,2104,1843,2756,1145,46,ITF,ITF5,17,Basilicata,Basilicata,559084,553484,99.0,0.71
976,2021-05-07,BAS,4637,2280,2357,3264,1341,32,ITF,ITF5,17,Basilicata,Basilicata,559084,558121,99.83,0.83
977,2021-08-15,BAS,2705,1431,1274,1137,1528,40,ITF,ITF5,17,Basilicata,Basilicata,559084,560826,100.31,0.48
978,2021-02-27,BAS,2005,863,1142,1823,165,17,ITF,ITF5,17,Basilicata,Basilicata,559084,562831,100.67,0.36
979,2021-07-20,BAS,5693,2792,2901,1688,3965,40,ITF,ITF5,17,Basilicata,Basilicata,559084,568524,101.69,1.02
980,2021-06-07,BAS,4239,1921,2318,3885,316,38,ITF,ITF5,17,Basilicata,Basilicata,559084,572763,102.45,0.76
981,2021-04-11,BAS,966,393,573,760,176,30,ITF,ITF5,17,Basilicata,Basilicata,559084,573729,102.62,0.17
982,2021-05-22,BAS,5493,2725,2768,1929,3553,11,ITF,ITF5,17,Basilicata,Basilicata,559084,579222,103.6,0.98
983,2021-03-26,BAS,1958,703,1255,1668,262,28,ITF,ITF5,17,Basilicata,Basilicata,559084,581180,103.95,0.35
984,2021-09-08,BAS,2819,1492,1327,766,2004,49,ITF,ITF5,17,Basilicata,Basilicata,559084,583999,104.46,0.5
985,2021-01-30,BAS,713,230,483,129,584,0,ITF,ITF5,17,Basilicata,Basilicata,559084,584712,104.58,0.13
986,2021-09-05,BAS,2282,1205,1077,466,1783,33,ITF,ITF5,17,Basilicata,Basilicata,559084,586994,104.99,0.41
987,2021-03-04,BAS,1912,912,1000,1074,809,29,ITF,ITF5,17,Basilicata,Basilicata,559084,588906,105.33,0.34
988,2021-09-03,BAS,2863,1522,1341,762,2038,63,ITF,ITF5,17,Basilicata,Basilicata,559084,591769,105.85,0.51
989,2021-02-01,BAS,248,94,154,46,202,0,ITF,ITF5,17,Basilicata,Basilicata,559084,592017,105.89,0.04
990,2021-05-26,BAS,4489,2260,2229,1676,2784,29,ITF,ITF5,17,Basilicata,Basilicata,559084,596506,106.69,0.8
991,2021-07-25,BAS,4478,2254,2224,1606,2848,24,ITF,ITF5,17,Basilicata,Basilicata,559084,600984,107.49,0.8
992,2021-06-21,BAS,4258,2045,2213,2142,2095,21,ITF,ITF5,17,Basilicata,Basilicata,559084,605242,108.26,0.76
993,2021-06-19,BAS,4466,2178,2288,2370,2074,22,ITF,ITF5,17,Basilicata,Basilicata,559084,609708,109.05,0.8
994,2021-03-28,BAS,2147,746,1401,2110,20,17,ITF,ITF5,17,Basilicata,Basilicata,559084,611855,109.44,0.38
995,2021-03-11,BAS,1805,935,870,819,965,21,ITF,ITF5,17,Basilicata,Basilicata,559084,613660,109.76,0.32
996,2021-05-05,BAS,4338,2050,2288,3376,891,71,ITF,ITF5,17,Basilicata,Basilicata,559084,617998,110.54,0.78
997,2021-03-09,BAS,1419,727,692,780,616,23,ITF,ITF5,17,Basilicata,Basilicata,559084,619417,110.79,0.25
998,2021-01-25,BAS,1054,441,613,74,979,1,ITF,ITF5,17,Basilicata,Basilicata,559084,620471,110.98,0.19
999,2021-01-11,BAS,186,67,119,186,0,0,ITF,ITF5,17,Basilicata,Basilicata,559084,620657,111.01,0.03
1000,2021-03-30,BAS,2873,1218,1655,2497,360,16,ITF,ITF5,17,Basilicata,Basilicata,559084,623530,111.53,0.51
1001,2021-07-08,BAS,5137,2429,2708,1852,3260,25,ITF,ITF5,17,Basilicata,Basilicata,559084,628667,112.45,0.92
1002,2021-01-06,BAS,296,130,166,296,0,0,ITF,ITF5,17,Basilicata,Basilicata,559084,628963,112.5,0.05
1003,2021-04-16,BAS,3326,1636,1690,2399,902,25,ITF,ITF5,17,Basilicata,Basilicata,559084,632289,113.09,0.59
1004,2021-07-10,BAS,5529,2668,2861,1595,3925,9,ITF,ITF5,17,Basilicata,Basilicata,559084,637818,114.08,0.99
1005,2021-05-14,BAS,5907,2798,3109,3271,2530,106,ITF,ITF5,17,Basilicata,Basilicata,559084,643725,115.14,1.06
1006,2021-03-18,BAS,1364,571,793,17,1338,9,ITF,ITF5,17,Basilicata,Basilicata,559084,645089,115.38,0.24
1007,2021-08-22,BAS,2443,1282,1161,1024,1371,48,ITF,ITF5,17,Basilicata,Basilicata,559084,647532,115.82,0.44
1008,2021-06-12,BAS,3687,1694,1993,2960,689,38,ITF,ITF5,17,Basilicata,Basilicata,559084,651219,116.48,0.66
1009,2021-02-13,BAS,802,314,488,703,61,38,ITF,ITF5,17,Basilicata,Basilicata,559084,652021,116.62,0.14
1010,2021-05-24,BAS,4833,2344,2489,1087,3733,13,ITF,ITF5,17,Basilicata,Basilicata,559084,656854,117.49,0.86
1011,2021-07-29,BAS,4857,2524,2333,1907,2903,47,ITF,ITF5,17,Basilicata,Basilicata,559084,661711,118.36,0.87
1012,2021-06-02,BAS,5962,2806,3156,4375,1544,43,ITF,ITF5,17,Basilicata,Basilicata,559084,667673,119.42,1.07
1013,2021-09-10,BAS,2657,1342,1315,540,2057,60,ITF,ITF5,17,Basilicata,Basilicata,559084,670330,119.9,0.48
1014,2021-04-18,BAS,3720,1843,1877,2327,1370,23,ITF,ITF5,17,Basilicata,Basilicata,559084,674050,120.56,0.67
1015,2021-02-20,BAS,1169,536,633,1050,119,0,ITF,ITF5,17,Basilicata,Basilicata,559084,675219,120.77,0.21
1016,2021-07-27,BAS,4712,2370,2342,1811,2855,46,ITF,ITF5,17,Basilicata,Basilicata,559084,679931,121.62,0.84
1017,2021-05-31,BAS,4230,2010,2220,1713,2509,8,ITF,ITF5,17,Basilicata,Basilicata,559084,684161,122.37,0.76
1018,2021-02-18,BAS,1075,404,671,855,217,3,ITF,ITF5,17,Basilicata,Basilicata,559084,685236,122.56,0.19
1019,2021-04-04,BAS,611,227,384,187,418,6,ITF,ITF5,17,Basilicata,Basilicata,559084,685847,122.67,0.11
1020,2021-09-17,BAS,1144,632,512,213,902,29,ITF,ITF5,17,Basilicata,Basilicata,559084,686991,122.88,0.2
1021,2021-06-26,BAS,3337,1614,1723,2750,558,29,ITF,ITF5,17,Basilicata,Basilicata,559084,690328,123.47,0.6
1022,2021-07-22,BAS,5798,2889,2909,1786,3950,62,ITF,ITF5,17,Basilicata,Basilicata,559084,696126,124.51,1.04
1023,2021-07-09,BAS,5338,2608,2730,1696,3633,9,ITF,ITF5,17,Basilicata,Basilicata,559084,701464,125.47,0.95
1024,2021-04-17,BAS,3462,1656,1806,2171,1262,29,ITF,ITF5,17,Basilicata,Basilicata,559084,704926,126.09,0.62
1025,2021-03-29,BAS,2482,898,1584,2141,288,53,ITF,ITF5,17,Basilicata,Basilicata,559084,707408,126.53,0.44
1026,2021-01-05,BAS,953,410,543,953,0,0,ITF,ITF5,17,Basilicata,Basilicata,559084,708361,126.7,0.17
1027,2021-06-20,BAS,4010,1883,2127,1939,2036,35,ITF,ITF5,17,Basilicata,Basilicata,559084,712371,127.42,0.72
1028,2021-09-11,BAS,2868,1520,1348,763,2040,65,ITF,ITF5,17,Basilicata,Basilicata,559084,715239,127.93,0.51
1029,2021-03-14,BAS,1014,480,534,530,471,13,ITF,ITF5,17,Basilicata,Basilicata,559084,716253,128.11,0.18
1030,2021-03-31,BAS,3129,1279,1850,2301,798,30,ITF,ITF5,17,Basilicata,Basilicata,559084,719382,128.67,0.56
1031,2021-09-13,BAS,2383,1260,1123,490,1847,46,ITF,ITF5,17,Basilicata,Basilicata,559084,721765,129.1,0.43
1032,2021-06-22,BAS,4355,2061,2294,2223,2100,32,ITF,ITF5,17,Basilicata,Basilicata,559084,726120,129.88,0.78
1033,2021-06-05,BAS,4801,2211,2590,3823,942,36,ITF,ITF5,17,Basilicata,Basilicata,559084,730921,130.74,0.86
1034,2021-08-27,BAS,2479,1313,1166,999,1410,70,ITF,ITF5,17,Basilicata,Basilicata,559084,733400,131.18,0.44
1035,2021-02-23,BAS,1912,773,1139,1753,141,18,ITF,ITF5,17,Basilicata,Basilicata,559084,735312,131.52,0.34
1036,2021-06-03,BAS,4922,2258,2664,3703,1181,38,ITF,ITF5,17,Basilicata,Basilicata,559084,740234,132.4,0.88
1037,2021-03-12,BAS,1923,988,935,785,1108,30,ITF,ITF5,17,Basilicata,Basilicata,559084,742157,132.75,0.34
1038,2021-05-17,BAS,5548,2735,2813,3362,2136,50,ITF,ITF5,17,Basilicata,Basilicata,559084,747705,133.74,0.99
1039,2021-08-25,BAS,2682,1407,1275,1259,1339,84,ITF,ITF5,17,Basilicata,Basilicata,559084,750387,134.22,0.48
1040,2021-02-08,BAS,566,195,371,155,411,0,ITF,ITF5,17,Basilicata,Basilicata,559084,750953,134.32,0.1
1041,2021-05-19,BAS,2873,1499,1374,1183,1677,13,ITF,ITF5,17,Basilicata,Basilicata,559084,753826,134.83,0.51
1042,2021-02-25,BAS,1796,740,1056,1737,48,11,ITF,ITF5,17,Basilicata,Basilicata,559084,755622,135.15,0.32
1043,2021-08-10,BAS,4416,2325,2091,1513,2832,71,ITF,ITF5,17,Basilicata,Basilicata,559084,760038,135.94,0.79
1044,2021-02-06,BAS,928,381,547,146,782,0,ITF,ITF5,17,Basilicata,Basilicata,559084,760966,136.11,0.17
1045,2021-04-30,BAS,5285,2375,2910,4061,1162,62,ITF,ITF5,17,Basilicata,Basilicata,559084,766251,137.05,0.95
1046,2021-01-20,BAS,85,22,63,84,1,0,ITF,ITF5,17,Basilicata,Basilicata,559084,766336,137.07,0.02
1047,2021-07-01,TOS,32089,15538,16551,10721,21083,285,ITI,ITI1,9,Toscana,Toscana,3729641,32089,0.86,0.86
1048,2021-03-26,TOS,20753,9435,11318,14710,5831,212,ITI,ITI1,9,Toscana,Toscana,3729641,52842,1.42,0.56
1049,2021-03-09,TOS,11178,4587,6591,5532,5565,81,ITI,ITI1,9,Toscana,Toscana,3729641,64020,1.72,0.3
1050,2021-04-09,TOS,24610,10589,14021,20718,3442,450,ITI,ITI1,9,Toscana,Toscana,3729641,88630,2.38,0.66
1051,2021-07-18,TOS,30394,15282,15112,8342,21842,210,ITI,ITI1,9,Toscana,Toscana,3729641,119024,3.19,0.81
1052,2021-06-17,TOS,32623,16714,15909,26714,5564,345,ITI,ITI1,9,Toscana,Toscana,3729641,151647,4.07,0.87
1053,2021-04-07,TOS,35848,15483,20365,28157,7267,424,ITI,ITI1,9,Toscana,Toscana,3729641,187495,5.03,0.96
1054,2021-08-27,TOS,16288,8709,7579,7749,8010,529,ITI,ITI1,9,Toscana,Toscana,3729641,203783,5.46,0.44
1055,2021-01-28,TOS,6289,1885,4404,349,5933,7,ITI,ITI1,9,Toscana,Toscana,3729641,210072,5.63,0.17
1056,2021-01-16,TOS,3298,1059,2239,3240,0,58,ITI,ITI1,9,Toscana,Toscana,3729641,213370,5.72,0.09
1057,2021-04-26,TOS,10149,4936,5213,7455,2557,137,ITI,ITI1,9,Toscana,Toscana,3729641,223519,5.99,0.27
1058,2021-01-02,TOS,3548,1127,2421,3504,0,44,ITI,ITI1,9,Toscana,Toscana,3729641,227067,6.09,0.1
1059,2021-09-08,TOS,21343,11087,10256,7205,13396,742,ITI,ITI1,9,Toscana,Toscana,3729641,248410,6.66,0.57
1060,2021-05-22,TOS,26037,12667,13370,21490,4298,249,ITI,ITI1,9,Toscana,Toscana,3729641,274447,7.36,0.7
1061,2021-05-05,TOS,30167,13466,16701,14854,14577,736,ITI,ITI1,9,Toscana,Toscana,3729641,304614,8.17,0.81
1062,2021-08-13,TOS,23117,12525,10592,11337,11232,548,ITI,ITI1,9,Toscana,Toscana,3729641,327731,8.79,0.62
1063,2021-02-28,TOS,1665,669,996,868,727,70,ITI,ITI1,9,Toscana,Toscana,3729641,329396,8.83,0.04
1064,2021-02-11,TOS,5423,2037,3386,5099,242,82,ITI,ITI1,9,Toscana,Toscana,3729641,334819,8.98,0.15
1065,2021-02-09,TOS,4534,1485,3049,3809,611,114,ITI,ITI1,9,Toscana,Toscana,3729641,339353,9.1,0.12
1066,2021-06-22,TOS,31067,15635,15432,22467,8220,380,ITI,ITI1,9,Toscana,Toscana,3729641,370420,9.93,0.83
1067,2021-05-17,TOS,29785,14883,14902,20556,8950,279,ITI,ITI1,9,Toscana,Toscana,3729641,400205,10.73,0.8
1068,2021-03-21,TOS,3296,1629,1667,1819,1434,43,ITI,ITI1,9,Toscana,Toscana,3729641,403501,10.82,0.09
1069,2021-08-25,TOS,20308,10609,9699,10602,8977,729,ITI,ITI1,9,Toscana,Toscana,3729641,423809,11.36,0.54
1070,2021-01-23,TOS,3982,1361,2621,641,3335,6,ITI,ITI1,9,Toscana,Toscana,3729641,427791,11.47,0.11
1071,2021-06-29,TOS,37060,18043,19017,7974,28930,156,ITI,ITI1,9,Toscana,Toscana,3729641,464851,12.46,0.99
1072,2021-05-03,TOS,11946,5518,6428,10363,1335,248,ITI,ITI1,9,Toscana,Toscana,3729641,476797,12.78,0.32
1073,2021-07-30,TOS,37917,20407,17510,10793,26766,358,ITI,ITI1,9,Toscana,Toscana,3729641,514714,13.8,1.02
1074,2021-08-01,TOS,29936,15326,14610,13792,15655,489,ITI,ITI1,9,Toscana,Toscana,3729641,544650,14.6,0.8
1075,2021-06-05,TOS,28457,13609,14848,20559,7622,276,ITI,ITI1,9,Toscana,Toscana,3729641,573107,15.37,0.76
1076,2021-09-13,TOS,18448,9809,8639,3536,14531,381,ITI,ITI1,9,Toscana,Toscana,3729641,591555,15.86,0.49
1077,2021-08-08,TOS,25040,12922,12118,14610,9929,501,ITI,ITI1,9,Toscana,Toscana,3729641,616595,16.53,0.67
1078,2021-01-11,TOS,5185,1719,3466,5084,0,101,ITI,ITI1,9,Toscana,Toscana,3729641,621780,16.67,0.14
1079,2021-04-21,TOS,29660,12693,16967,16852,12169,639,ITI,ITI1,9,Toscana,Toscana,3729641,651440,17.47,0.8
1080,2021-02-23,TOS,7755,3337,4418,7241,162,352,ITI,ITI1,9,Toscana,Toscana,3729641,659195,17.67,0.21
1081,2021-06-03,TOS,32067,15458,16609,27152,4590,325,ITI,ITI1,9,Toscana,Toscana,3729641,691262,18.53,0.86
1082,2021-09-06,TOS,22825,11831,10994,9467,12331,1027,ITI,ITI1,9,Toscana,Toscana,3729641,714087,19.15,0.61
1083,2021-02-04,TOS,4264,1597,2667,942,3295,27,ITI,ITI1,9,Toscana,Toscana,3729641,718351,19.26,0.11
1084,2021-05-15,TOS,29377,13866,15511,22871,5910,596,ITI,ITI1,9,Toscana,Toscana,3729641,747728,20.05,0.79
1085,2021-04-28,TOS,19157,8195,10962,3445,15354,358,ITI,ITI1,9,Toscana,Toscana,3729641,766885,20.56,0.51
1086,2021-02-18,TOS,8874,3301,5573,7793,897,184,ITI,ITI1,9,Toscana,Toscana,3729641,775759,20.8,0.24
1087,2021-05-29,TOS,31583,15267,16316,23182,8174,227,ITI,ITI1,9,Toscana,Toscana,3729641,807342,21.65,0.85
1088,2021-06-12,TOS,29406,15159,14247,24655,4392,359,ITI,ITI1,9,Toscana,Toscana,3729641,836748,22.44,0.79
1089,2021-04-16,TOS,29002,12898,16104,21439,6929,634,ITI,ITI1,9,Toscana,Toscana,3729641,865750,23.21,0.78
1090,2021-07-25,TOS,33927,16776,17151,7051,26695,181,ITI,ITI1,9,Toscana,Toscana,3729641,899677,24.12,0.91
1091,2021-03-02,TOS,10600,3795,6805,7039,3447,114,ITI,ITI1,9,Toscana,Toscana,3729641,910277,24.41,0.28
1092,2021-01-04,TOS,5240,1998,3242,5173,0,67,ITI,ITI1,9,Toscana,Toscana,3729641,915517,24.55,0.14
1093,2021-04-14,TOS,20207,8352,11855,14531,5127,549,ITI,ITI1,9,Toscana,Toscana,3729641,935724,25.09,0.54
1094,2021-03-07,TOS,5659,2362,3297,2001,3547,111,ITI,ITI1,9,Toscana,Toscana,3729641,941383,25.24,0.15
1095,2021-07-20,TOS,37343,19110,18233,7965,29185,193,ITI,ITI1,9,Toscana,Toscana,3729641,978726,26.24,1.0
1096,2021-08-20,TOS,20227,11093,9134,9965,9765,497,ITI,ITI1,9,Toscana,Toscana,3729641,998953,26.78,0.54
1097,2021-03-19,TOS,10175,4476,5699,7130,2897,148,ITI,ITI1,9,Toscana,Toscana,3729641,1009128,27.06,0.27
1098,2021-01-21,TOS,1593,687,906,862,722,9,ITI,ITI1,9,Toscana,Toscana,3729641,1010721,27.1,0.04
1099,2021-09-01,TOS,23593,12413,11180,13377,9174,1042,ITI,ITI1,9,Toscana,Toscana,3729641,1034314,27.73,0.63
1100,2021-06-10,TOS,26458,13573,12885,25547,561,350,ITI,ITI1,9,Toscana,Toscana,3729641,1060772,28.44,0.71
1101,2021-05-24,TOS,33765,16729,17036,23898,9587,280,ITI,ITI1,9,Toscana,Toscana,3729641,1094537,29.35,0.91
1102,2021-02-16,TOS,9372,3367,6005,8420,721,231,ITI,ITI1,9,Toscana,Toscana,3729641,1103909,29.6,0.25
1103,2021-03-28,TOS,6211,2807,3404,5875,253,83,ITI,ITI1,9,Toscana,Toscana,3729641,1110120,29.76,0.17
1104,2021-01-30,TOS,4625,1623,3002,173,4434,18,ITI,ITI1,9,Toscana,Toscana,3729641,1114745,29.89,0.12
1105,2021-07-06,TOS,25797,13040,12757,11036,14532,229,ITI,ITI1,9,Toscana,Toscana,3729641,1140542,30.58,0.69
1106,2021-05-10,TOS,26245,12418,13827,15246,10651,348,ITI,ITI1,9,Toscana,Toscana,3729641,1166787,31.28,0.7
1107,2021-03-14,TOS,7191,2577,4614,3163,3935,93,ITI,ITI1,9,Toscana,Toscana,3729641,1173978,31.48,0.19
1108,2021-08-18,TOS,25952,13825,12127,12846,12502,604,ITI,ITI1,9,Toscana,Toscana,3729641,1199930,32.17,0.7
1109,2021-07-13,TOS,29351,14738,14613,7715,21459,177,ITI,ITI1,9,Toscana,Toscana,3729641,1229281,32.96,0.79
1110,2021-04-02,TOS,32016,13579,18437,23682,8079,255,ITI,ITI1,9,Toscana,Toscana,3729641,1261297,33.82,0.86
1111,2021-07-11,TOS,26192,12729,13463,9169,16849,174,ITI,ITI1,9,Toscana,Toscana,3729641,1287489,34.52,0.7
1112,2021-06-24,TOS,29470,14633,14837,19319,9754,397,ITI,ITI1,9,Toscana,Toscana,3729641,1316959,35.31,0.79
1113,2021-01-09,TOS,4542,1622,2920,4475,0,67,ITI,ITI1,9,Toscana,Toscana,3729641,1321501,35.43,0.12
1114,2021-09-15,TOS,16691,8771,7920,3713,12445,533,ITI,ITI1,9,Toscana,Toscana,3729641,1338192,35.88,0.45
1115,2021-08-06,TOS,32966,17675,15291,15345,17144,477,ITI,ITI1,9,Toscana,Toscana,3729641,1371158,36.76,0.88
1116,2021-03-23,TOS,9449,4414,5035,6961,2288,200,ITI,ITI1,9,Toscana,Toscana,3729641,1380607,37.02,0.25
1117,2020-12-30,TOS,327,104,223,326,0,1,ITI,ITI1,9,Toscana,Toscana,3729641,1380934,37.03,0.01
1118,2021-08-24,TOS,21897,11483,10414,12730,8302,865,ITI,ITI1,9,Toscana,Toscana,3729641,1402831,37.61,0.59
1119,2021-08-05,TOS,34763,18028,16735,12126,22264,373,ITI,ITI1,9,Toscana,Toscana,3729641,1437594,38.55,0.93
1120,2021-06-14,TOS,31836,16352,15484,27429,4109,298,ITI,ITI1,9,Toscana,Toscana,3729641,1469430,39.4,0.85
1121,2021-03-04,TOS,17902,6981,10921,14657,3085,160,ITI,ITI1,9,Toscana,Toscana,3729641,1487332,39.88,0.48
1122,2021-08-22,TOS,18526,9967,8559,7307,10903,316,ITI,ITI1,9,Toscana,Toscana,3729641,1505858,40.38,0.5
1123,2021-02-20,TOS,4725,1816,2909,4052,537,136,ITI,ITI1,9,Toscana,Toscana,3729641,1510583,40.5,0.13
1124,2021-05-31,TOS,30362,14652,15710,19271,10849,242,ITI,ITI1,9,Toscana,Toscana,3729641,1540945,41.32,0.81
1125,2021-06-02,TOS,27615,13634,13981,21867,5512,236,ITI,ITI1,9,Toscana,Toscana,3729641,1568560,42.06,0.74
1126,2021-04-06,TOS,22253,9844,12409,18092,3742,419,ITI,ITI1,9,Toscana,Toscana,3729641,1590813,42.65,0.6
1127,2021-09-10,TOS,18101,9498,8603,5519,11954,628,ITI,ITI1,9,Toscana,Toscana,3729641,1608914,43.14,0.49
1128,2021-02-08,TOS,4132,1372,2760,3561,459,112,ITI,ITI1,9,Toscana,Toscana,3729641,1613046,43.25,0.11
1129,2021-07-15,TOS,31269,15306,15963,8097,22924,248,ITI,ITI1,9,Toscana,Toscana,3729641,1644315,44.09,0.84
1130,2021-05-19,TOS,27979,13589,14390,18644,9068,267,ITI,ITI1,9,Toscana,Toscana,3729641,1672294,44.84,0.75
1131,2021-04-13,TOS,8505,3513,4992,5739,2483,283,ITI,ITI1,9,Toscana,Toscana,3729641,1680799,45.07,0.23
1132,2021-07-22,TOS,39408,19805,19603,4480,34757,171,ITI,ITI1,9,Toscana,Toscana,3729641,1720207,46.12,1.06
1133,2021-05-26,TOS,35627,17117,18510,20149,15221,257,ITI,ITI1,9,Toscana,Toscana,3729641,1755834,47.08,0.96
1134,2021-03-30,TOS,17042,7646,9396,13269,3575,198,ITI,ITI1,9,Toscana,Toscana,3729641,1772876,47.53,0.46
1135,2021-09-03,TOS,14181,7406,6775,7554,5921,706,ITI,ITI1,9,Toscana,Toscana,3729641,1787057,47.91,0.38
1136,2021-07-08,TOS,21099,10372,10727,9269,11589,241,ITI,ITI1,9,Toscana,Toscana,3729641,1808156,48.48,0.57
1137,2021-05-12,TOS,34235,15591,18644,13584,20065,586,ITI,ITI1,9,Toscana,Toscana,3729641,1842391,49.4,0.92
1138,2021-01-18,TOS,1127,639,488,979,98,50,ITI,ITI1,9,Toscana,Toscana,3729641,1843518,49.43,0.03
1139,2021-02-01,TOS,5524,1962,3562,520,4994,10,ITI,ITI1,9,Toscana,Toscana,3729641,1849042,49.58,0.15
1140,2021-05-14,TOS,33408,15462,17946,20023,12743,642,ITI,ITI1,9,Toscana,Toscana,3729641,1882450,50.47,0.9
1141,2021-01-01,TOS,2410,814,1596,2364,0,46,ITI,ITI1,9,Toscana,Toscana,3729641,1884860,50.54,0.06
1142,2021-04-11,TOS,3641,1680,1961,3331,155,155,ITI,ITI1,9,Toscana,Toscana,3729641,1888501,50.63,0.1
1143,2021-03-18,TOS,9992,3987,6005,5864,3989,139,ITI,ITI1,9,Toscana,Toscana,3729641,1898493,50.9,0.27
1144,2021-06-26,TOS,34585,16775,17810,9987,24365,233,ITI,ITI1,9,Toscana,Toscana,3729641,1933078,51.83,0.93
1145,2021-06-09,TOS,34852,17584,17268,33958,463,431,ITI,ITI1,9,Toscana,Toscana,3729641,1967930,52.76,0.93
1146,2021-09-17,TOS,7112,3937,3175,1463,5461,188,ITI,ITI1,9,Toscana,Toscana,3729641,1975042,52.96,0.19
1147,2021-04-04,TOS,13930,6613,7317,13510,255,165,ITI,ITI1,9,Toscana,Toscana,3729641,1988972,53.33,0.37
1148,2020-12-27,TOS,629,275,354,624,0,5,ITI,ITI1,9,Toscana,Toscana,3729641,1989601,53.35,0.02
1149,2021-08-02,TOS,35315,18090,17225,13361,21559,395,ITI,ITI1,9,Toscana,Toscana,3729641,2024916,54.29,0.95
1150,2021-09-14,TOS,16096,8716,7380,3188,12569,339,ITI,ITI1,9,Toscana,Toscana,3729641,2041012,54.72,0.43
1151,2021-01-03,TOS,3364,1070,2294,3317,0,47,ITI,ITI1,9,Toscana,Toscana,3729641,2044376,54.81,0.09
1152,2021-05-02,TOS,11181,4936,6245,8979,1968,234,ITI,ITI1,9,Toscana,Toscana,3729641,2055557,55.11,0.3
1153,2021-08-10,TOS,25936,13492,12444,16352,8935,649,ITI,ITI1,9,Toscana,Toscana,3729641,2081493,55.81,0.7
1154,2021-02-25,TOS,10648,4315,6333,9484,995,169,ITI,ITI1,9,Toscana,Toscana,3729641,2092141,56.09,0.29
1155,2021-06-28,TOS,37709,18147,19562,8436,29102,171,ITI,ITI1,9,Toscana,Toscana,3729641,2129850,57.11,1.01
1156,2021-01-20,TOS,1346,644,702,1034,249,63,ITI,ITI1,9,Toscana,Toscana,3729641,2131196,57.14,0.04
1157,2021-04-30,TOS,40256,17815,22441,19653,19957,646,ITI,ITI1,9,Toscana,Toscana,3729641,2171452,58.22,1.08
1158,2021-09-05,TOS,15153,8041,7112,6344,8284,525,ITI,ITI1,9,Toscana,Toscana,3729641,2186605,58.63,0.41
1159,2021-02-06,TOS,4539,1555,2984,1270,3236,33,ITI,ITI1,9,Toscana,Toscana,3729641,2191144,58.75,0.12
1160,2021-09-12,TOS,18283,9471,8812,4313,13418,552,ITI,ITI1,9,Toscana,Toscana,3729641,2209427,59.24,0.49
1161,2021-08-17,TOS,26017,14038,11979,11482,14038,497,ITI,ITI1,9,Toscana,Toscana,3729641,2235444,59.94,0.7
1162,2021-06-21,TOS,31210,15500,15710,18142,12802,266,ITI,ITI1,9,Toscana,Toscana,3729641,2266654,60.77,0.84
1163,2021-01-06,TOS,4614,1503,3111,4562,0,52,ITI,ITI1,9,Toscana,Toscana,3729641,2271268,60.9,0.12
1164,2021-03-11,TOS,16046,6418,9628,12488,3373,185,ITI,ITI1,9,Toscana,Toscana,3729641,2287314,61.33,0.43
1165,2021-06-19,TOS,26527,13932,12595,21395,4791,341,ITI,ITI1,9,Toscana,Toscana,3729641,2313841,62.04,0.71
1166,2021-07-03,TOS,29439,14832,14607,11876,17178,385,ITI,ITI1,9,Toscana,Toscana,3729641,2343280,62.83,0.79
1167,2021-08-07,TOS,30478,16297,14181,14220,15771,487,ITI,ITI1,9,Toscana,Toscana,3729641,2373758,63.65,0.82
1168,2021-03-06,TOS,7137,2859,4278,2849,4203,85,ITI,ITI1,9,Toscana,Toscana,3729641,2380895,63.84,0.19
1169,2021-08-21,TOS,17986,9959,8027,8148,9459,379,ITI,ITI1,9,Toscana,Toscana,3729641,2398881,64.32,0.48
1170,2021-02-03,TOS,4227,1452,2775,236,3987,4,ITI,ITI1,9,Toscana,Toscana,3729641,2403108,64.43,0.11
1171,2021-04-27,TOS,10377,4927,5450,3667,6506,204,ITI,ITI1,9,Toscana,Toscana,3729641,2413485,64.71,0.28
1172,2021-07-19,TOS,38041,18961,19080,8806,28945,290,ITI,ITI1,9,Toscana,Toscana,3729641,2451526,65.73,1.02
1173,2021-02-15,TOS,8866,3407,5459,7866,828,172,ITI,ITI1,9,Toscana,Toscana,3729641,2460392,65.97,0.24
1174,2021-02-22,TOS,9891,4276,5615,9236,277,378,ITI,ITI1,9,Toscana,Toscana,3729641,2470283,66.23,0.27
1175,2021-03-16,TOS,4923,1888,3035,2583,2259,81,ITI,ITI1,9,Toscana,Toscana,3729641,2475206,66.37,0.13
1176,2021-02-27,TOS,2000,763,1237,1019,903,78,ITI,ITI1,9,Toscana,Toscana,3729641,2477206,66.42,0.05
1177,2021-06-07,TOS,34980,17164,17816,30978,3654,348,ITI,ITI1,9,Toscana,Toscana,3729641,2512186,67.36,0.94
1178,2021-04-25,TOS,11067,5252,5815,8759,2146,162,ITI,ITI1,9,Toscana,Toscana,3729641,2523253,67.65,0.3
1179,2021-08-03,TOS,36362,18933,17429,12170,23813,379,ITI,ITI1,9,Toscana,Toscana,3729641,2559615,68.63,0.97
1180,2021-01-13,TOS,4126,1423,2703,4061,0,65,ITI,ITI1,9,Toscana,Toscana,3729641,2563741,68.74,0.11
1181,2021-04-23,TOS,25686,11435,14251,8800,16355,531,ITI,ITI1,9,Toscana,Toscana,3729641,2589427,69.43,0.69
1182,2021-02-05,TOS,5770,2250,3520,1905,3831,34,ITI,ITI1,9,Toscana,Toscana,3729641,2595197,69.58,0.15
1183,2021-05-16,TOS,26692,12895,13797,23926,2470,296,ITI,ITI1,9,Toscana,Toscana,3729641,2621889,70.3,0.72
1184,2021-01-15,TOS,3916,1362,2554,3856,0,60,ITI,ITI1,9,Toscana,Toscana,3729641,2625805,70.4,0.1
1185,2021-09-09,TOS,20044,10279,9765,6908,12206,930,ITI,ITI1,9,Toscana,Toscana,3729641,2645849,70.94,0.54
1186,2021-06-18,TOS,30834,16271,14563,25003,5413,418,ITI,ITI1,9,Toscana,Toscana,3729641,2676683,71.77,0.83
1187,2021-03-25,TOS,23991,10410,13581,15320,8408,263,ITI,ITI1,9,Toscana,Toscana,3729641,2700674,72.41,0.64
1188,2021-01-17,TOS,2542,870,1672,1993,514,35,ITI,ITI1,9,Toscana,Toscana,3729641,2703216,72.48,0.07
1189,2021-07-05,TOS,30533,15095,15438,10340,19961,232,ITI,ITI1,9,Toscana,Toscana,3729641,2733749,73.3,0.82
1190,2021-03-08,TOS,6742,2960,3782,1865,4830,47,ITI,ITI1,9,Toscana,Toscana,3729641,2740491,73.48,0.18
1191,2021-06-16,TOS,31801,16280,15521,26288,5189,324,ITI,ITI1,9,Toscana,Toscana,3729641,2772292,74.33,0.85
1192,2021-05-30,TOS,28707,13959,14748,21512,6953,242,ITI,ITI1,9,Toscana,Toscana,3729641,2800999,75.1,0.77
1193,2021-09-07,TOS,18923,9795,9128,6727,11564,632,ITI,ITI1,9,Toscana,Toscana,3729641,2819922,75.61,0.51
1194,2021-05-21,TOS,28963,13504,15459,17229,11477,257,ITI,ITI1,9,Toscana,Toscana,3729641,2848885,76.38,0.78
1195,2021-08-29,TOS,16998,8986,8012,7579,8836,583,ITI,ITI1,9,Toscana,Toscana,3729641,2865883,76.84,0.46
1196,2021-03-01,TOS,4476,1732,2744,766,3643,67,ITI,ITI1,9,Toscana,Toscana,3729641,2870359,76.96,0.12
1197,2021-07-17,TOS,27762,14346,13416,8961,18560,241,ITI,ITI1,9,Toscana,Toscana,3729641,2898121,77.71,0.74
1198,2021-06-11,TOS,29765,15503,14262,24736,4662,367,ITI,ITI1,9,Toscana,Toscana,3729641,2927886,78.5,0.8
1199,2021-04-15,TOS,24510,10242,14268,15357,8622,531,ITI,ITI1,9,Toscana,Toscana,3729641,2952396,79.16,0.66
1200,2021-02-17,TOS,8228,3193,5035,7349,754,125,ITI,ITI1,9,Toscana,Toscana,3729641,2960624,79.38,0.22
1201,2021-07-24,TOS,38456,19376,19080,6846,31376,234,ITI,ITI1,9,Toscana,Toscana,3729641,2999080,80.41,1.03
1202,2021-04-12,TOS,2631,1195,1436,1806,656,169,ITI,ITI1,9,Toscana,Toscana,3729641,3001711,80.48,0.07
1203,2021-07-21,TOS,38516,19659,18857,7341,30937,238,ITI,ITI1,9,Toscana,Toscana,3729641,3040227,81.52,1.03
1204,2021-05-13,TOS,35203,15549,19654,13203,21359,641,ITI,ITI1,9,Toscana,Toscana,3729641,3075430,82.46,0.94
1205,2021-08-04,TOS,34864,18038,16826,11362,23082,420,ITI,ITI1,9,Toscana,Toscana,3729641,3110294,83.39,0.93
1206,2021-04-29,TOS,39396,17746,21650,18561,20171,664,ITI,ITI1,9,Toscana,Toscana,3729641,3149690,84.45,1.06
1207,2021-03-24,TOS,20048,8318,11730,10412,9491,145,ITI,ITI1,9,Toscana,Toscana,3729641,3169738,84.99,0.54
1208,2021-07-04,TOS,31551,15322,16229,9360,21892,299,ITI,ITI1,9,Toscana,Toscana,3729641,3201289,85.83,0.85
1209,2020-12-31,TOS,802,201,601,798,0,4,ITI,ITI1,9,Toscana,Toscana,3729641,3202091,85.86,0.02
1210,2021-04-10,TOS,11715,5345,6370,10735,742,238,ITI,ITI1,9,Toscana,Toscana,3729641,3213806,86.17,0.31
1211,2021-05-11,TOS,27972,12997,14975,12100,15492,380,ITI,ITI1,9,Toscana,Toscana,3729641,3241778,86.92,0.75
1212,2021-08-19,TOS,24206,12841,11365,11916,11658,632,ITI,ITI1,9,Toscana,Toscana,3729641,3265984,87.57,0.65
1213,2021-03-13,TOS,9313,3317,5996,5189,3969,155,ITI,ITI1,9,Toscana,Toscana,3729641,3275297,87.82,0.25
1214,2021-07-14,TOS,28967,14299,14668,8606,20102,259,ITI,ITI1,9,Toscana,Toscana,3729641,3304264,88.59,0.78
1215,2021-01-29,TOS,6150,1702,4448,290,5848,12,ITI,ITI1,9,Toscana,Toscana,3729641,3310414,88.76,0.16
1216,2021-05-09,TOS,22558,9786,12772,9413,12883,262,ITI,ITI1,9,Toscana,Toscana,3729641,3332972,89.36,0.6
1217,2021-09-02,TOS,18113,9449,8664,11075,6123,915,ITI,ITI1,9,Toscana,Toscana,3729641,3351085,89.85,0.49
1218,2021-03-20,TOS,6593,2979,3614,5364,1138,91,ITI,ITI1,9,Toscana,Toscana,3729641,3357678,90.03,0.18
1219,2021-01-22,TOS,2867,1064,1803,526,2338,3,ITI,ITI1,9,Toscana,Toscana,3729641,3360545,90.1,0.08
1220,2021-07-07,TOS,25647,12610,13037,9331,16122,194,ITI,ITI1,9,Toscana,Toscana,3729641,3386192,90.79,0.69
1221,2021-05-28,TOS,30155,13959,16196,17431,12493,231,ITI,ITI1,9,Toscana,Toscana,3729641,3416347,91.6,0.81
1222,2021-04-22,TOS,35789,15317,20472,17402,17559,828,ITI,ITI1,9,Toscana,Toscana,3729641,3452136,92.56,0.96
1223,2021-02-24,TOS,10408,4489,5919,10070,198,140,ITI,ITI1,9,Toscana,Toscana,3729641,3462544,92.84,0.28
1224,2021-07-31,TOS,35849,19221,16628,12368,23022,459,ITI,ITI1,9,Toscana,Toscana,3729641,3498393,93.8,0.96
1225,2021-06-04,TOS,28345,13454,14891,20261,7814,270,ITI,ITI1,9,Toscana,Toscana,3729641,3526738,94.56,0.76
1226,2021-04-08,TOS,29820,12615,17205,23002,6449,369,ITI,ITI1,9,Toscana,Toscana,3729641,3556558,95.36,0.8
1227,2021-02-21,TOS,5164,2103,3061,4789,170,205,ITI,ITI1,9,Toscana,Toscana,3729641,3561722,95.5,0.14
1228,2021-06-01,TOS,26966,13400,13566,22871,3838,257,ITI,ITI1,9,Toscana,Toscana,3729641,3588688,96.22,0.72
1229,2021-07-02,TOS,28317,14213,14104,10815,17203,299,ITI,ITI1,9,Toscana,Toscana,3729641,3617005,96.98,0.76
1230,2021-06-15,TOS,31238,16081,15157,26312,4577,349,ITI,ITI1,9,Toscana,Toscana,3729641,3648243,97.82,0.84
1231,2021-03-10,TOS,18418,7421,10997,14315,3997,106,ITI,ITI1,9,Toscana,Toscana,3729641,3666661,98.31,0.49
1232,2021-02-02,TOS,3745,1477,2268,187,3551,7,ITI,ITI1,9,Toscana,Toscana,3729641,3670406,98.41,0.1
1233,2021-03-03,TOS,18233,6538,11695,14495,3610,128,ITI,ITI1,9,Toscana,Toscana,3729641,3688639,98.9,0.49
1234,2021-01-05,TOS,5386,1835,3551,5326,0,60,ITI,ITI1,9,Toscana,Toscana,3729641,3694025,99.05,0.14
1235,2021-01-19,TOS,1116,535,581,1074,0,42,ITI,ITI1,9,Toscana,Toscana,3729641,3695141,99.07,0.03
1236,2021-05-23,TOS,28445,13678,14767,25612,2563,270,ITI,ITI1,9,Toscana,Toscana,3729641,3723586,99.84,0.76
1237,2021-08-31,TOS,20917,10894,10023,11383,8785,749,ITI,ITI1,9,Toscana,Toscana,3729641,3744503,100.4,0.56
1238,2021-08-14,TOS,22391,12223,10168,10456,11516,419,ITI,ITI1,9,Toscana,Toscana,3729641,3766894,101.0,0.6
1239,2021-08-12,TOS,25854,13453,12401,14312,10898,644,ITI,ITI1,9,Toscana,Toscana,3729641,3792748,101.69,0.69
1240,2021-07-26,TOS,38305,19868,18437,10082,27912,311,ITI,ITI1,9,Toscana,Toscana,3729641,3831053,102.72,1.03
1241,2021-05-08,TOS,29194,13132,16062,13263,15530,401,ITI,ITI1,9,Toscana,Toscana,3729641,3860247,103.5,0.78
1242,2021-03-12,TOS,17052,6647,10405,13324,3533,195,ITI,ITI1,9,Toscana,Toscana,3729641,3877299,103.96,0.46
1243,2021-08-16,TOS,30015,15754,14261,16609,12703,703,ITI,ITI1,9,Toscana,Toscana,3729641,3907314,104.76,0.8
1244,2021-08-26,TOS,18588,9742,8846,9497,8369,722,ITI,ITI1,9,Toscana,Toscana,3729641,3925902,105.26,0.5
1245,2021-07-16,TOS,27689,14052,13637,7704,19730,255,ITI,ITI1,9,Toscana,Toscana,3729641,3953591,106.0,0.74
1246,2021-05-20,TOS,29789,13930,15859,18641,10863,285,ITI,ITI1,9,Toscana,Toscana,3729641,3983380,106.8,0.8
1247,2021-08-28,TOS,15796,8508,7288,6374,8968,454,ITI,ITI1,9,Toscana,Toscana,3729641,3999176,107.23,0.42
1248,2021-01-31,TOS,3052,1131,1921,100,2949,3,ITI,ITI1,9,Toscana,Toscana,3729641,4002228,107.31,0.08
1249,2021-03-27,TOS,8866,4156,4710,8512,216,138,ITI,ITI1,9,Toscana,Toscana,3729641,4011094,107.55,0.24
1250,2021-06-30,TOS,38291,18529,19762,8462,29609,220,ITI,ITI1,9,Toscana,Toscana,3729641,4049385,108.57,1.03
1251,2021-08-23,TOS,22754,11819,10935,11480,10543,731,ITI,ITI1,9,Toscana,Toscana,3729641,4072139,109.18,0.61
1252,2021-02-19,TOS,8346,2968,5378,7653,513,180,ITI,ITI1,9,Toscana,Toscana,3729641,4080485,109.41,0.22
1253,2021-02-10,TOS,4315,1309,3006,3633,526,156,ITI,ITI1,9,Toscana,Toscana,3729641,4084800,109.52,0.12
1254,2021-05-04,TOS,18329,8220,10109,12414,5470,445,ITI,ITI1,9,Toscana,Toscana,3729641,4103129,110.01,0.49
1255,2021-02-12,TOS,7682,2719,4963,7355,213,114,ITI,ITI1,9,Toscana,Toscana,3729641,4110811,110.22,0.21
1256,2021-07-28,TOS,38579,20171,18408,12106,26134,339,ITI,ITI1,9,Toscana,Toscana,3729641,4149390,111.25,1.03
1257,2021-01-26,TOS,5400,1795,3605,218,5178,4,ITI,ITI1,9,Toscana,Toscana,3729641,4154790,111.4,0.14
1258,2021-05-06,TOS,31441,13675,17766,13451,17295,695,ITI,ITI1,9,Toscana,Toscana,3729641,4186231,112.24,0.84
1259,2021-04-19,TOS,9105,4516,4589,7754,1034,317,ITI,ITI1,9,Toscana,Toscana,3729641,4195336,112.49,0.24
1260,2021-04-17,TOS,20584,9232,11352,17948,2146,490,ITI,ITI1,9,Toscana,Toscana,3729641,4215920,113.04,0.55
1261,2021-08-11,TOS,27069,14197,12872,16912,9420,737,ITI,ITI1,9,Toscana,Toscana,3729641,4242989,113.76,0.73
1262,2021-01-12,TOS,3631,1417,2214,3558,0,73,ITI,ITI1,9,Toscana,Toscana,3729641,4246620,113.86,0.1
1263,2021-01-24,TOS,3349,1072,2277,196,3150,3,ITI,ITI1,9,Toscana,Toscana,3729641,4249969,113.95,0.09
1264,2021-01-07,TOS,6181,1840,4341,6093,0,88,ITI,ITI1,9,Toscana,Toscana,3729641,4256150,114.12,0.17
1265,2021-01-14,TOS,3285,1186,2099,3249,0,36,ITI,ITI1,9,Toscana,Toscana,3729641,4259435,114.2,0.09
1266,2021-06-20,TOS,25188,12489,12699,15422,9522,244,ITI,ITI1,9,Toscana,Toscana,3729641,4284623,114.88,0.68
1267,2021-04-24,TOS,13452,6175,7277,5622,7461,369,ITI,ITI1,9,Toscana,Toscana,3729641,4298075,115.24,0.36
1268,2021-02-14,TOS,9064,2587,6477,8800,110,154,ITI,ITI1,9,Toscana,Toscana,3729641,4307139,115.48,0.24
1269,2021-05-25,TOS,34212,16518,17694,19295,14644,273,ITI,ITI1,9,Toscana,Toscana,3729641,4341351,116.4,0.92
1270,2021-03-29,TOS,9688,4845,4843,9201,350,137,ITI,ITI1,9,Toscana,Toscana,3729641,4351039,116.66,0.26
1271,2021-09-11,TOS,19085,10006,9079,5448,13014,623,ITI,ITI1,9,Toscana,Toscana,3729641,4370124,117.17,0.51
1272,2021-05-27,TOS,28386,13212,15174,13280,14884,222,ITI,ITI1,9,Toscana,Toscana,3729641,4398510,117.93,0.76
1273,2021-03-31,TOS,32803,13293,19510,20206,12254,343,ITI,ITI1,9,Toscana,Toscana,3729641,4431313,118.81,0.88
1274,2021-09-04,TOS,16684,8921,7763,7545,8374,765,ITI,ITI1,9,Toscana,Toscana,3729641,4447997,119.26,0.45
1275,2021-07-09,TOS,29147,14120,15027,7689,21260,198,ITI,ITI1,9,Toscana,Toscana,3729641,4477144,120.04,0.78
1276,2021-03-22,TOS,5262,2772,2490,4676,448,138,ITI,ITI1,9,Toscana,Toscana,3729641,4482406,120.18,0.14
1277,2021-04-05,TOS,15288,6826,8462,14371,737,180,ITI,ITI1,9,Toscana,Toscana,3729641,4497694,120.59,0.41
1278,2021-02-07,TOS,2818,958,1860,871,1927,20,ITI,ITI1,9,Toscana,Toscana,3729641,4500512,120.67,0.08
1279,2021-07-23,TOS,38463,19308,19155,4385,33921,157,ITI,ITI1,9,Toscana,Toscana,3729641,4538975,121.7,1.03
1280,2021-05-18,TOS,28854,14281,14573,19766,8835,253,ITI,ITI1,9,Toscana,Toscana,3729641,4567829,122.47,0.77
1281,2021-06-27,TOS,33310,16081,17229,5911,27265,134,ITI,ITI1,9,Toscana,Toscana,3729641,4601139,123.37,0.89
1282,2021-05-01,TOS,23341,10072,13269,13728,9228,385,ITI,ITI1,9,Toscana,Toscana,3729641,4624480,123.99,0.63
1283,2021-03-05,TOS,16907,6698,10209,11964,4761,182,ITI,ITI1,9,Toscana,Toscana,3729641,4641387,124.45,0.45
1284,2021-08-09,TOS,28983,14722,14261,18504,9766,713,ITI,ITI1,9,Toscana,Toscana,3729641,4670370,125.22,0.78
1285,2021-06-13,TOS,24623,12356,12267,22601,1659,363,ITI,ITI1,9,Toscana,Toscana,3729641,4694993,125.88,0.66
1286,2021-01-25,TOS,5136,1895,3241,243,4889,4,ITI,ITI1,9,Toscana,Toscana,3729641,4700129,126.02,0.14
1287,2021-04-18,TOS,8372,4098,4274,7060,1036,276,ITI,ITI1,9,Toscana,Toscana,3729641,4708501,126.25,0.22
1288,2021-07-27,TOS,38738,20142,18596,11269,27120,349,ITI,ITI1,9,Toscana,Toscana,3729641,4747239,127.28,1.04
1289,2021-07-10,TOS,29316,14187,15129,7952,21174,190,ITI,ITI1,9,Toscana,Toscana,3729641,4776555,128.07,0.79
1290,2021-05-07,TOS,32191,14720,17471,11349,20227,615,ITI,ITI1,9,Toscana,Toscana,3729641,4808746,128.93,0.86
1291,2021-08-15,TOS,14690,7761,6929,5270,9236,184,ITI,ITI1,9,Toscana,Toscana,3729641,4823436,129.33,0.39
1292,2021-07-29,TOS,39417,20535,18882,12610,26459,348,ITI,ITI1,9,Toscana,Toscana,3729641,4862853,130.38,1.06
1293,2021-02-13,TOS,7869,2390,5479,7493,227,149,ITI,ITI1,9,Toscana,Toscana,3729641,4870722,130.59,0.21
1294,2021-01-08,TOS,6063,1695,4368,5970,0,93,ITI,ITI1,9,Toscana,Toscana,3729641,4876785,130.76,0.16
1295,2021-07-12,TOS,28287,14007,14280,9660,18323,304,ITI,ITI1,9,Toscana,Toscana,3729641,4905072,131.52,0.76
1296,2021-04-01,TOS,27170,11271,15899,16192,10736,242,ITI,ITI1,9,Toscana,Toscana,3729641,4932242,132.24,0.73
1297,2021-03-15,TOS,8703,3646,5057,4079,4449,175,ITI,ITI1,9,Toscana,Toscana,3729641,4940945,132.48,0.23
1298,2021-06-23,TOS,31585,15318,16267,19819,11400,366,ITI,ITI1,9,Toscana,Toscana,3729641,4972530,133.32,0.85
1299,2021-01-10,TOS,3036,1123,1913,2982,0,54,ITI,ITI1,9,Toscana,Toscana,3729641,4975566,133.41,0.08
1300,2021-04-20,TOS,18166,8111,10055,12209,5593,364,ITI,ITI1,9,Toscana,Toscana,3729641,4993732,133.89,0.49
1301,2021-04-03,TOS,15018,6647,8371,13679,1123,216,ITI,ITI1,9,Toscana,Toscana,3729641,5008750,134.3,0.4
1302,2021-01-27,TOS,4836,1574,3262,199,4632,5,ITI,ITI1,9,Toscana,Toscana,3729641,5013586,134.43,0.13
1303,2021-09-16,TOS,17396,9101,8295,4223,12708,465,ITI,ITI1,9,Toscana,Toscana,3729641,5030982,134.89,0.47
1304,2021-08-30,TOS,24802,12547,12255,13132,10542,1128,ITI,ITI1,9,Toscana,Toscana,3729641,5055784,135.56,0.66
1305,2021-03-17,TOS,11452,4603,6849,6820,4537,95,ITI,ITI1,9,Toscana,Toscana,3729641,5067236,135.86,0.31
1306,2021-06-25,TOS,33655,16833,16822,12104,21268,283,ITI,ITI1,9,Toscana,Toscana,3729641,5100891,136.77,0.9
1307,2021-06-08,TOS,32613,16732,15881,31736,492,385,ITI,ITI1,9,Toscana,Toscana,3729641,5133504,137.64,0.87
1308,2021-02-26,TOS,10106,3849,6257,8676,1211,219,ITI,ITI1,9,Toscana,Toscana,3729641,5143610,137.91,0.27
1309,2021-06-06,TOS,28330,13665,14665,22587,5373,370,ITI,ITI1,9,Toscana,Toscana,3729641,5171940,138.67,0.76
1310,2021-01-27,VDA,156,75,81,80,76,0,ITC,ITC2,2,Valle d'Aosta / Vallée d'Aoste,Valle d'Aosta,125666,156,0.12,0.12
1311,2021-04-20,VDA,937,430,507,710,196,31,ITC,ITC2,2,Valle d'Aosta / Vallée d'Aoste,Valle d'Aosta,125666,1093,0.87,0.75
1312,2021-01-10,VDA,220,71,149,212,0,8,ITC,ITC2,2,Valle d'Aosta / Vallée d'Aoste,Valle d'Aosta,125666,1313,1.04,0.18
1313,2020-12-27,VDA,20,9,11,20,0,0,ITC,ITC2,2,Valle d'Aosta / Vallée d'Aoste,Valle d'Aosta,125666,1333,1.06,0.02
1314,2021-09-02,VDA,520,271,249,88,416,16,ITC,ITC2,2,Valle d'Aosta / Vallée d'Aoste,Valle d'Aosta,125666,1853,1.47,0.41
1315,2021-02-03,VDA,354,116,238,15,339,0,ITC,ITC2,2,Valle d'Aosta / Vallée d'Aoste,Valle d'Aosta,125666,2207,1.76,0.28
1316,2021-04-01,VDA,778,394,384,747,12,19,ITC,ITC2,2,Valle d'Aosta / Vallée d'Aoste,Valle d'Aosta,125666,2985,2.38,0.62
1317,2021-03-08,VDA,488,233,255,240,245,3,ITC,ITC2,2,Valle d'Aosta / Vallée d'Aoste,Valle d'Aosta,125666,3473,2.76,0.39
1318,2021-08-12,VDA,378,204,174,118,248,12,ITC,ITC2,2,Valle d'Aosta / Vallée d'Aoste,Valle d'Aosta,125666,3851,3.06,0.3
1319,2021-05-04,VDA,1136,511,625,435,674,27,ITC,ITC2,2,Valle d'Aosta / Vallée d'Aoste,Valle d'Aosta,125666,4987,3.97,0.9
1320,2021-06-16,VDA,1066,566,500,661,395,10,ITC,ITC2,2,Valle d'Aosta / Vallée d'Aoste,Valle d'Aosta,125666,6053,4.82,0.85
1321,2021-03-15,VDA,387,141,246,175,203,9,ITC,ITC2,2,Valle d'Aosta / Vallée d'Aoste,Valle d'Aosta,125666,6440,5.12,0.31
1322,2021-08-19,VDA,265,158,107,70,180,15,ITC,ITC2,2,Valle d'Aosta / Vallée d'Aoste,Valle d'Aosta,125666,6705,5.34,0.21
1323,2021-05-11,VDA,649,326,323,472,150,27,ITC,ITC2,2,Valle d'Aosta / Vallée d'Aoste,Valle d'Aosta,125666,7354,5.85,0.52
1324,2021-04-27,VDA,979,424,555,653,292,34,ITC,ITC2,2,Valle d'Aosta / Vallée d'Aoste,Valle d'Aosta,125666,8333,6.63,0.78
1325,2021-07-12,VDA,979,483,496,238,733,8,ITC,ITC2,2,Valle d'Aosta / Vallée d'Aoste,Valle d'Aosta,125666,9312,7.41,0.78
1326,2021-04-03,VDA,676,341,335,649,15,12,ITC,ITC2,2,Valle d'Aosta / Vallée d'Aoste,Valle d'Aosta,125666,9988,7.95,0.54
1327,2021-03-20,VDA,209,87,122,168,36,5,ITC,ITC2,2,Valle d'Aosta / Vallée d'Aoste,Valle d'Aosta,125666,10197,8.11,0.17
1328,2021-06-28,VDA,994,499,495,327,662,5,ITC,ITC2,2,Valle d'Aosta / Vallée d'Aoste,Valle d'Aosta,125666,11191,8.91,0.79
1329,2021-06-11,VDA,1048,484,564,752,283,13,ITC,ITC2,2,Valle d'Aosta / Vallée d'Aoste,Valle d'Aosta,125666,12239,9.74,0.83
1330,2021-02-05,VDA,296,103,193,102,194,0,ITC,ITC2,2,Valle d'Aosta / Vallée d'Aoste,Valle d'Aosta,125666,12535,9.97,0.24
1331,2021-02-22,VDA,318,95,223,212,104,2,ITC,ITC2,2,Valle d'Aosta / Vallée d'Aoste,Valle d'Aosta,125666,12853,10.23,0.25
1332,2021-05-16,VDA,690,342,348,340,342,8,ITC,ITC2,2,Valle d'Aosta / Vallée d'Aoste,Valle d'Aosta,125666,13543,10.78,0.55
1333,2021-08-07,VDA,740,434,306,308,418,14,ITC,ITC2,2,Valle d'Aosta / Vallée d'Aoste,Valle d'Aosta,125666,14283,11.37,0.59
1334,2021-05-02,VDA,765,345,420,581,160,24,ITC,ITC2,2,Valle d'Aosta / Vallée d'Aoste,Valle d'Aosta,125666,15048,11.97,0.61
1335,2021-01-22,VDA,58,22,36,22,36,0,ITC,ITC2,2,Valle d'Aosta / Vallée d'Aoste,Valle d'Aosta,125666,15106,12.02,0.05
1336,2021-01-08,VDA,301,131,170,301,0,0,ITC,ITC2,2,Valle d'Aosta / Vallée d'Aoste,Valle d'Aosta,125666,15407,12.26,0.24
1337,2021-03-06,VDA,22,4,18,18,0,4,ITC,ITC2,2,Valle d'Aosta / Vallée d'Aoste,Valle d'Aosta,125666,15429,12.28,0.02
1338,2021-04-15,VDA,814,378,436,643,140,31,ITC,ITC2,2,Valle d'Aosta / Vallée d'Aoste,Valle d'Aosta,125666,16243,12.93,0.65
1339,2021-07-07,VDA,795,442,353,414,364,17,ITC,ITC2,2,Valle d'Aosta / Vallée d'Aoste,Valle d'Aosta,125666,17038,13.56,0.63
1340,2021-07-24,VDA,1019,536,483,327,682,10,ITC,ITC2,2,Valle d'Aosta / Vallée d'Aoste,Valle d'Aosta,125666,18057,14.37,0.81
1341,2021-05-30,VDA,865,429,436,682,171,12,ITC,ITC2,2,Valle d'Aosta / Vallée d'Aoste,Valle d'Aosta,125666,18922,15.06,0.69
1342,2021-07-26,VDA,1008,512,496,312,683,13,ITC,ITC2,2,Valle d'Aosta / Vallée d'Aoste,Valle d'Aosta,125666,19930,15.86,0.8
1343,2021-09-07,VDA,692,365,327,111,578,3,ITC,ITC2,2,Valle d'Aosta / Vallée d'Aoste,Valle d'Aosta,125666,20622,16.41,0.55
1344,2021-05-28,VDA,977,415,562,545,414,18,ITC,ITC2,2,Valle d'Aosta / Vallée d'Aoste,Valle d'Aosta,125666,21599,17.19,0.78
1345,2021-02-17,VDA,329,146,183,225,101,3,ITC,ITC2,2,Valle d'Aosta / Vallée d'Aoste,Valle d'Aosta,125666,21928,17.45,0.26
1346,2021-06-09,VDA,1055,560,495,1009,35,11,ITC,ITC2,2,Valle d'Aosta / Vallée d'Aoste,Valle d'Aosta,125666,22983,18.29,0.84
1347,2021-03-01,VDA,182,66,116,140,34,8,ITC,ITC2,2,Valle d'Aosta / Vallée d'Aoste,Valle d'Aosta,125666,23165,18.43,0.14
1348,2021-02-15,VDA,264,136,128,226,35,3,ITC,ITC2,2,Valle d'Aosta / Vallée d'Aoste,Valle d'Aosta,125666,23429,18.64,0.21
1349,2021-09-14,VDA,545,273,272,9,535,1,ITC,ITC2,2,Valle d'Aosta / Vallée d'Aoste,Valle d'Aosta,125666,23974,19.08,0.43
1350,2021-07-19,VDA,879,460,419,251,619,9,ITC,ITC2,2,Valle d'Aosta / Vallée d'Aoste,Valle d'Aosta,125666,24853,19.78,0.7
1351,2021-02-24,VDA,185,84,101,163,21,1,ITC,ITC2,2,Valle d'Aosta / Vallée d'Aoste,Valle d'Aosta,125666,25038,19.92,0.15
1352,2021-04-08,VDA,585,282,303,420,144,21,ITC,ITC2,2,Valle d'Aosta / Vallée d'Aoste,Valle d'Aosta,125666,25623,20.39,0.47
1353,2021-05-23,VDA,999,465,534,653,340,6,ITC,ITC2,2,Valle d'Aosta / Vallée d'Aoste,Valle d'Aosta,125666,26622,21.18,0.79
1354,2021-01-29,VDA,321,139,182,2,319,0,ITC,ITC2,2,Valle d'Aosta / Vallée d'Aoste,Valle d'Aosta,125666,26943,21.44,0.26
1355,2021-08-31,VDA,672,344,328,135,531,6,ITC,ITC2,2,Valle d'Aosta / Vallée d'Aoste,Valle d'Aosta,125666,27615,21.97,0.53
1356,2021-04-22,VDA,1068,450,618,652,383,33,ITC,ITC2,2,Valle d'Aosta / Vallée d'Aoste,Valle d'Aosta,125666,28683,22.82,0.85
1357,2021-05-09,VDA,574,287,287,425,130,19,ITC,ITC2,2,Valle d'Aosta / Vallée d'Aoste,Valle d'Aosta,125666,29257,23.28,0.46
1358,2021-07-31,VDA,892,466,426,319,557,16,ITC,ITC2,2,Valle d'Aosta / Vallée d'Aoste,Valle d'Aosta,125666,30149,23.99,0.71
1359,2021-01-17,VDA,131,56,75,131,0,0,ITC,ITC2,2,Valle d'Aosta / Vallée d'Aoste,Valle d'Aosta,125666,30280,24.1,0.1
1360,2021-06-23,VDA,1044,551,493,422,617,5,ITC,ITC2,2,Valle d'Aosta / Vallée d'Aoste,Valle d'Aosta,125666,31324,24.93,0.83
1361,2021-06-30,VDA,1121,544,577,417,695,9,ITC,ITC2,2,Valle d'Aosta / Vallée d'Aoste,Valle d'Aosta,125666,32445,25.82,0.89
1362,2021-06-04,VDA,910,385,525,467,435,8,ITC,ITC2,2,Valle d'Aosta / Vallée d'Aoste,Valle d'Aosta,125666,33355,26.54,0.72
1363,2021-08-26,VDA,343,168,175,82,254,7,ITC,ITC2,2,Valle d'Aosta / Vallée d'Aoste,Valle d'Aosta,125666,33698,26.82,0.27
1364,2021-02-10,VDA,248,77,171,141,107,0,ITC,ITC2,2,Valle d'Aosta / Vallée d'Aoste,Valle d'Aosta,125666,33946,27.01,0.2
1365,2021-03-25,VDA,389,154,235,364,10,15,ITC,ITC2,2,Valle d'Aosta / Vallée d'Aoste,Valle d'Aosta,125666,34335,27.32,0.31
1366,2021-05-21,VDA,933,443,490,523,401,9,ITC,ITC2,2,Valle d'Aosta / Vallée d'Aoste,Valle d'Aosta,125666,35268,28.06,0.74
1367,2021-08-14,VDA,465,256,209,135,314,16,ITC,ITC2,2,Valle d'Aosta / Vallée d'Aoste,Valle d'Aosta,125666,35733,28.43,0.37
1368,2021-03-13,VDA,147,88,59,141,0,6,ITC,ITC2,2,Valle d'Aosta / Vallée d'Aoste,Valle d'Aosta,125666,35880,28.55,0.12
1369,2021-01-15,VDA,220,83,137,220,0,0,ITC,ITC2,2,Valle d'Aosta / Vallée d'Aoste,Valle d'Aosta,125666,36100,28.73,0.18
1370,2021-04-13,VDA,373,171,202,312,44,17,ITC,ITC2,2,Valle d'Aosta / Vallée d'Aoste,Valle d'Aosta,125666,36473,29.02,0.3
1371,2021-07-05,VDA,836,357,479,313,510,13,ITC,ITC2,2,Valle d'Aosta / Vallée d'Aoste,Valle d'Aosta,125666,37309,29.69,0.67
1372,2021-03-27,VDA,337,166,171,292,31,14,ITC,ITC2,2,Valle d'Aosta / Vallée d'Aoste,Valle d'Aosta,125666,37646,29.96,0.27
1373,2021-06-18,VDA,1004,446,558,589,401,14,ITC,ITC2,2,Valle d'Aosta / Vallée d'Aoste,Valle d'Aosta,125666,38650,30.76,0.8
1374,2021-05-25,VDA,1117,532,585,530,575,12,ITC,ITC2,2,Valle d'Aosta / Vallée d'Aoste,Valle d'Aosta,125666,39767,31.64,0.89
1375,2021-02-14,VDA,48,16,32,1,47,0,ITC,ITC2,2,Valle d'Aosta / Vallée d'Aoste,Valle d'Aosta,125666,39815,31.68,0.04
1376,2021-05-08,VDA,909,544,365,500,383,26,ITC,ITC2,2,Valle d'Aosta / Vallée d'Aoste,Valle d'Aosta,125666,40724,32.41,0.72
1377,2021-06-13,VDA,857,403,454,370,482,5,ITC,ITC2,2,Valle d'Aosta / Vallée d'Aoste,Valle d'Aosta,125666,41581,33.09,0.68
1378,2021-09-16,VDA,472,220,252,235,150,87,ITC,ITC2,2,Valle d'Aosta / Vallée d'Aoste,Valle d'Aosta,125666,42053,33.46,0.38
1379,2021-06-08,VDA,772,408,364,731,33,8,ITC,ITC2,2,Valle d'Aosta / Vallée d'Aoste,Valle d'Aosta,125666,42825,34.08,0.61
1380,2021-09-04,VDA,513,271,242,130,368,15,ITC,ITC2,2,Valle d'Aosta / Vallée d'Aoste,Valle d'Aosta,125666,43338,34.49,0.41
1381,2021-03-17,VDA,438,185,253,259,165,14,ITC,ITC2,2,Valle d'Aosta / Vallée d'Aoste,Valle d'Aosta,125666,43776,34.84,0.35
1382,2021-03-03,VDA,258,119,139,182,71,5,ITC,ITC2,2,Valle d'Aosta / Vallée d'Aoste,Valle d'Aosta,125666,44034,35.04,0.21
1383,2021-08-30,VDA,547,276,271,115,394,38,ITC,ITC2,2,Valle d'Aosta / Vallée d'Aoste,Valle d'Aosta,125666,44581,35.48,0.44
1384,2021-01-31,VDA,291,91,200,58,233,0,ITC,ITC2,2,Valle d'Aosta / Vallée d'Aoste,Valle d'Aosta,125666,44872,35.71,0.23
1385,2021-03-22,VDA,561,205,356,326,229,6,ITC,ITC2,2,Valle d'Aosta / Vallée d'Aoste,Valle d'Aosta,125666,45433,36.15,0.45
1386,2021-03-31,VDA,555,302,253,511,26,18,ITC,ITC2,2,Valle d'Aosta / Vallée d'Aoste,Valle d'Aosta,125666,45988,36.6,0.44
1387,2021-05-27,VDA,1093,498,595,575,506,12,ITC,ITC2,2,Valle d'Aosta / Vallée d'Aoste,Valle d'Aosta,125666,47081,37.47,0.87
1388,2021-05-13,VDA,1146,561,585,523,602,21,ITC,ITC2,2,Valle d'Aosta / Vallée d'Aoste,Valle d'Aosta,125666,48227,38.38,0.91
1389,2021-02-02,VDA,287,73,214,3,284,0,ITC,ITC2,2,Valle d'Aosta / Vallée d'Aoste,Valle d'Aosta,125666,48514,38.61,0.23
1390,2021-07-09,VDA,946,446,500,279,657,10,ITC,ITC2,2,Valle d'Aosta / Vallée d'Aoste,Valle d'Aosta,125666,49460,39.36,0.75
1391,2021-06-25,VDA,980,445,535,323,653,4,ITC,ITC2,2,Valle d'Aosta / Vallée d'Aoste,Valle d'Aosta,125666,50440,40.14,0.78
1392,2021-08-21,VDA,442,221,221,94,331,17,ITC,ITC2,2,Valle d'Aosta / Vallée d'Aoste,Valle d'Aosta,125666,50882,40.49,0.35
1393,2021-08-16,VDA,422,211,211,129,276,17,ITC,ITC2,2,Valle d'Aosta / Vallée d'Aoste,Valle d'Aosta,125666,51304,40.83,0.34
1394,2021-04-05,VDA,465,223,242,445,6,14,ITC,ITC2,2,Valle d'Aosta / Vallée d'Aoste,Valle d'Aosta,125666,51769,41.2,0.37
1395,2021-06-27,VDA,1254,609,645,311,931,12,ITC,ITC2,2,Valle d'Aosta / Vallée d'Aoste,Valle d'Aosta,125666,53023,42.19,1.0
1396,2021-07-14,VDA,1021,534,487,288,728,5,ITC,ITC2,2,Valle d'Aosta / Vallée d'Aoste,Valle d'Aosta,125666,54044,43.01,0.81
1397,2021-07-16,VDA,1079,555,524,338,731,10,ITC,ITC2,2,Valle d'Aosta / Vallée d'Aoste,Valle d'Aosta,125666,55123,43.86,0.86
1398,2021-01-26,VDA,149,52,97,2,147,0,ITC,ITC2,2,Valle d'Aosta / Vallée d'Aoste,Valle d'Aosta,125666,55272,43.98,0.12
1399,2021-02-12,VDA,263,96,167,216,46,1,ITC,ITC2,2,Valle d'Aosta / Vallée d'Aoste,Valle d'Aosta,125666,55535,44.19,0.21
1400,2021-01-12,VDA,303,73,230,303,0,0,ITC,ITC2,2,Valle d'Aosta / Vallée d'Aoste,Valle d'Aosta,125666,55838,44.43,0.24
1401,2021-03-29,VDA,494,233,261,450,40,4,ITC,ITC2,2,Valle d'Aosta / Vallée d'Aoste,Valle d'Aosta,125666,56332,44.83,0.39
1402,2021-06-20,VDA,1134,545,589,477,644,13,ITC,ITC2,2,Valle d'Aosta / Vallée d'Aoste,Valle d'Aosta,125666,57466,45.73,0.9
1403,2021-03-12,VDA,535,177,358,301,226,8,ITC,ITC2,2,Valle d'Aosta / Vallée d'Aoste,Valle d'Aosta,125666,58001,46.15,0.43
1404,2021-06-05,VDA,927,477,450,730,188,9,ITC,ITC2,2,Valle d'Aosta / Vallée d'Aoste,Valle d'Aosta,125666,58928,46.89,0.74
1405,2021-02-11,VDA,232,107,125,222,9,1,ITC,ITC2,2,Valle d'Aosta / Vallée d'Aoste,Valle d'Aosta,125666,59160,47.08,0.18
1406,2021-07-18,VDA,931,457,474,242,674,15,ITC,ITC2,2,Valle d'Aosta / Vallée d'Aoste,Valle d'Aosta,125666,60091,47.82,0.74
1407,2021-04-09,VDA,238,111,127,201,33,4,ITC,ITC2,2,Valle d'Aosta / Vallée d'Aoste,Valle d'Aosta,125666,60329,48.01,0.19
1408,2021-09-13,VDA,289,149,140,14,274,1,ITC,ITC2,2,Valle d'Aosta / Vallée d'Aoste,Valle d'Aosta,125666,60618,48.24,0.23
1409,2021-05-22,VDA,956,505,451,545,401,10,ITC,ITC2,2,Valle d'Aosta / Vallée d'Aoste,Valle d'Aosta,125666,61574,49.0,0.76
1410,2021-04-17,VDA,638,407,231,596,2,40,ITC,ITC2,2,Valle d'Aosta / Vallée d'Aoste,Valle d'Aosta,125666,62212,49.51,0.51
1411,2021-01-07,VDA,280,113,167,280,0,0,ITC,ITC2,2,Valle d'Aosta / Vallée d'Aoste,Valle d'Aosta,125666,62492,49.73,0.22
1412,2021-02-19,VDA,292,102,190,267,24,1,ITC,ITC2,2,Valle d'Aosta / Vallée d'Aoste,Valle d'Aosta,125666,62784,49.96,0.23
1413,2021-08-04,VDA,1047,572,475,371,657,19,ITC,ITC2,2,Valle d'Aosta / Vallée d'Aoste,Valle d'Aosta,125666,63831,50.79,0.83
1414,2021-01-05,VDA,151,55,96,151,0,0,ITC,ITC2,2,Valle d'Aosta / Vallée d'Aoste,Valle d'Aosta,125666,63982,50.91,0.12
1415,2021-01-14,VDA,237,69,168,237,0,0,ITC,ITC2,2,Valle d'Aosta / Vallée d'Aoste,Valle d'Aosta,125666,64219,51.1,0.19
1416,2021-05-20,VDA,1045,475,570,592,440,13,ITC,ITC2,2,Valle d'Aosta / Vallée d'Aoste,Valle d'Aosta,125666,65264,51.93,0.83
1417,2021-07-02,VDA,873,387,486,304,563,6,ITC,ITC2,2,Valle d'Aosta / Vallée d'Aoste,Valle d'Aosta,125666,66137,52.63,0.69
1418,2021-03-24,VDA,518,230,288,256,259,3,ITC,ITC2,2,Valle d'Aosta / Vallée d'Aoste,Valle d'Aosta,125666,66655,53.04,0.41
1419,2021-08-28,VDA,536,285,251,90,424,22,ITC,ITC2,2,Valle d'Aosta / Vallée d'Aoste,Valle d'Aosta,125666,67191,53.47,0.43
1420,2021-05-06,VDA,1083,516,567,664,385,34,ITC,ITC2,2,Valle d'Aosta / Vallée d'Aoste,Valle d'Aosta,125666,68274,54.33,0.86
1421,2021-02-26,VDA,210,58,152,110,86,14,ITC,ITC2,2,Valle d'Aosta / Vallée d'Aoste,Valle d'Aosta,125666,68484,54.5,0.17
1422,2021-04-10,VDA,405,191,214,389,5,11,ITC,ITC2,2,Valle d'Aosta / Vallée d'Aoste,Valle d'Aosta,125666,68889,54.82,0.32
1423,2020-12-31,VDA,18,4,14,18,0,0,ITC,ITC2,2,Valle d'Aosta / Vallée d'Aoste,Valle d'Aosta,125666,68907,54.83,0.01
1424,2021-06-06,VDA,1161,582,579,780,374,7,ITC,ITC2,2,Valle d'Aosta / Vallée d'Aoste,Valle d'Aosta,125666,70068,55.76,0.92
1425,2021-06-15,VDA,924,508,416,654,257,13,ITC,ITC2,2,Valle d'Aosta / Vallée d'Aoste,Valle d'Aosta,125666,70992,56.49,0.74
1426,2021-08-11,VDA,777,380,397,304,452,21,ITC,ITC2,2,Valle d'Aosta / Vallée d'Aoste,Valle d'Aosta,125666,71769,57.11,0.62
1427,2021-09-01,VDA,800,428,372,188,586,26,ITC,ITC2,2,Valle d'Aosta / Vallée d'Aoste,Valle d'Aosta,125666,72569,57.75,0.64
1428,2021-05-24,VDA,1141,518,623,678,447,16,ITC,ITC2,2,Valle d'Aosta / Vallée d'Aoste,Valle d'Aosta,125666,73710,58.66,0.91
1429,2021-05-10,VDA,786,385,401,532,235,19,ITC,ITC2,2,Valle d'Aosta / Vallée d'Aoste,Valle d'Aosta,125666,74496,59.28,0.63
1430,2021-08-18,VDA,687,356,331,235,433,19,ITC,ITC2,2,Valle d'Aosta / Vallée d'Aoste,Valle d'Aosta,125666,75183,59.83,0.55
1431,2021-07-30,VDA,966,501,465,418,525,23,ITC,ITC2,2,Valle d'Aosta / Vallée d'Aoste,Valle d'Aosta,125666,76149,60.6,0.77
1432,2021-04-21,VDA,869,410,459,588,249,32,ITC,ITC2,2,Valle d'Aosta / Vallée d'Aoste,Valle d'Aosta,125666,77018,61.29,0.69
1433,2021-08-01,VDA,842,445,397,285,547,10,ITC,ITC2,2,Valle d'Aosta / Vallée d'Aoste,Valle d'Aosta,125666,77860,61.96,0.67
1434,2021-01-28,VDA,294,124,170,55,239,0,ITC,ITC2,2,Valle d'Aosta / Vallée d'Aoste,Valle d'Aosta,125666,78154,62.19,0.23
1435,2021-07-25,VDA,1021,494,527,262,749,10,ITC,ITC2,2,Valle d'Aosta / Vallée d'Aoste,Valle d'Aosta,125666,79175,63.0,0.81
1436,2021-04-16,VDA,599,261,338,566,2,31,ITC,ITC2,2,Valle d'Aosta / Vallée d'Aoste,Valle d'Aosta,125666,79774,63.48,0.48
1437,2021-04-02,VDA,875,345,530,626,226,23,ITC,ITC2,2,Valle d'Aosta / Vallée d'Aoste,Valle d'Aosta,125666,80649,64.18,0.7
1438,2021-09-06,VDA,495,245,250,145,319,31,ITC,ITC2,2,Valle d'Aosta / Vallée d'Aoste,Valle d'Aosta,125666,81144,64.57,0.39
1439,2021-05-29,VDA,800,436,364,554,239,7,ITC,ITC2,2,Valle d'Aosta / Vallée d'Aoste,Valle d'Aosta,125666,81944,65.21,0.64
1440,2021-07-11,VDA,908,472,436,253,643,12,ITC,ITC2,2,Valle d'Aosta / Vallée d'Aoste,Valle d'Aosta,125666,82852,65.93,0.72
1441,2021-09-11,VDA,390,238,152,2,385,3,ITC,ITC2,2,Valle d'Aosta / Vallée d'Aoste,Valle d'Aosta,125666,83242,66.24,0.31
1442,2021-03-10,VDA,439,184,255,220,214,5,ITC,ITC2,2,Valle d'Aosta / Vallée d'Aoste,Valle d'Aosta,125666,83681,66.59,0.35
1443,2021-02-21,VDA,18,3,15,0,18,0,ITC,ITC2,2,Valle d'Aosta / Vallée d'Aoste,Valle d'Aosta,125666,83699,66.6,0.01
1444,2021-09-09,VDA,324,174,150,99,215,10,ITC,ITC2,2,Valle d'Aosta / Vallée d'Aoste,Valle d'Aosta,125666,84023,66.86,0.26
1445,2021-06-01,VDA,874,471,403,511,354,9,ITC,ITC2,2,Valle d'Aosta / Vallée d'Aoste,Valle d'Aosta,125666,84897,67.56,0.7
1446,2021-08-02,VDA,761,408,353,303,447,11,ITC,ITC2,2,Valle d'Aosta / Vallée d'Aoste,Valle d'Aosta,125666,85658,68.16,0.61
1447,2021-04-24,VDA,723,401,322,534,167,22,ITC,ITC2,2,Valle d'Aosta / Vallée d'Aoste,Valle d'Aosta,125666,86381,68.74,0.58
1448,2021-07-28,VDA,1425,765,660,354,1049,22,ITC,ITC2,2,Valle d'Aosta / Vallée d'Aoste,Valle d'Aosta,125666,87806,69.87,1.13
1449,2021-04-19,VDA,753,326,427,521,209,23,ITC,ITC2,2,Valle d'Aosta / Vallée d'Aoste,Valle d'Aosta,125666,88559,70.47,0.6
1450,2021-03-05,VDA,277,125,152,53,223,1,ITC,ITC2,2,Valle d'Aosta / Vallée d'Aoste,Valle d'Aosta,125666,88836,70.69,0.22
1451,2021-02-28,VDA,260,86,174,73,183,4,ITC,ITC2,2,Valle d'Aosta / Vallée d'Aoste,Valle d'Aosta,125666,89096,70.9,0.21
1452,2021-05-05,VDA,1039,566,473,435,582,22,ITC,ITC2,2,Valle d'Aosta / Vallée d'Aoste,Valle d'Aosta,125666,90135,71.73,0.83
1453,2021-07-13,VDA,1063,567,496,309,748,6,ITC,ITC2,2,Valle d'Aosta / Vallée d'Aoste,Valle d'Aosta,125666,91198,72.57,0.85
1454,2021-03-21,VDA,361,170,191,352,0,9,ITC,ITC2,2,Valle d'Aosta / Vallée d'Aoste,Valle d'Aosta,125666,91559,72.86,0.29
1455,2021-06-29,VDA,782,390,392,236,543,3,ITC,ITC2,2,Valle d'Aosta / Vallée d'Aoste,Valle d'Aosta,125666,92341,73.48,0.62
1456,2021-06-10,VDA,1059,612,447,1007,41,11,ITC,ITC2,2,Valle d'Aosta / Vallée d'Aoste,Valle d'Aosta,125666,93400,74.32,0.84
1457,2021-03-02,VDA,340,166,174,291,3,46,ITC,ITC2,2,Valle d'Aosta / Vallée d'Aoste,Valle d'Aosta,125666,93740,74.59,0.27
1458,2021-06-12,VDA,1234,600,634,1058,167,9,ITC,ITC2,2,Valle d'Aosta / Vallée d'Aoste,Valle d'Aosta,125666,94974,75.58,0.98
1459,2021-08-23,VDA,404,205,199,91,299,14,ITC,ITC2,2,Valle d'Aosta / Vallée d'Aoste,Valle d'Aosta,125666,95378,75.9,0.32
1460,2021-02-23,VDA,217,124,93,216,0,1,ITC,ITC2,2,Valle d'Aosta / Vallée d'Aoste,Valle d'Aosta,125666,95595,76.07,0.17
1461,2021-02-16,VDA,328,53,275,316,6,6,ITC,ITC2,2,Valle d'Aosta / Vallée d'Aoste,Valle d'Aosta,125666,95923,76.33,0.26
1462,2021-01-11,VDA,328,113,215,328,0,0,ITC,ITC2,2,Valle d'Aosta / Vallée d'Aoste,Valle d'Aosta,125666,96251,76.59,0.26
1463,2021-03-19,VDA,322,85,237,285,35,2,ITC,ITC2,2,Valle d'Aosta / Vallée d'Aoste,Valle d'Aosta,125666,96573,76.85,0.26
1464,2021-05-07,VDA,566,247,319,514,30,22,ITC,ITC2,2,Valle d'Aosta / Vallée d'Aoste,Valle d'Aosta,125666,97139,77.3,0.45
1465,2021-04-23,VDA,923,443,480,511,383,29,ITC,ITC2,2,Valle d'Aosta / Vallée d'Aoste,Valle d'Aosta,125666,98062,78.03,0.73
1466,2021-01-13,VDA,338,110,228,338,0,0,ITC,ITC2,2,Valle d'Aosta / Vallée d'Aoste,Valle d'Aosta,125666,98400,78.3,0.27
1467,2021-07-29,VDA,998,508,490,319,667,12,ITC,ITC2,2,Valle d'Aosta / Vallée d'Aoste,Valle d'Aosta,125666,99398,79.1,0.79
1468,2021-07-15,VDA,1099,596,503,287,800,12,ITC,ITC2,2,Valle d'Aosta / Vallée d'Aoste,Valle d'Aosta,125666,100497,79.97,0.87
1469,2021-04-06,VDA,743,382,361,598,112,33,ITC,ITC2,2,Valle d'Aosta / Vallée d'Aoste,Valle d'Aosta,125666,101240,80.56,0.59
1470,2021-08-13,VDA,496,273,223,204,283,9,ITC,ITC2,2,Valle d'Aosta / Vallée d'Aoste,Valle d'Aosta,125666,101736,80.96,0.39
1471,2021-05-03,VDA,841,400,441,459,352,30,ITC,ITC2,2,Valle d'Aosta / Vallée d'Aoste,Valle d'Aosta,125666,102577,81.63,0.67
1472,2021-03-07,VDA,64,30,34,11,53,0,ITC,ITC2,2,Valle d'Aosta / Vallée d'Aoste,Valle d'Aosta,125666,102641,81.68,0.05
1473,2021-08-20,VDA,473,240,233,142,316,15,ITC,ITC2,2,Valle d'Aosta / Vallée d'Aoste,Valle d'Aosta,125666,103114,82.05,0.38
1474,2021-01-16,VDA,238,80,158,238,0,0,ITC,ITC2,2,Valle d'Aosta / Vallée d'Aoste,Valle d'Aosta,125666,103352,82.24,0.19
1475,2021-06-22,VDA,1192,666,526,531,649,12,ITC,ITC2,2,Valle d'Aosta / Vallée d'Aoste,Valle d'Aosta,125666,104544,83.19,0.95
1476,2021-03-14,VDA,394,202,192,376,0,18,ITC,ITC2,2,Valle d'Aosta / Vallée d'Aoste,Valle d'Aosta,125666,104938,83.51,0.31
1477,2021-04-26,VDA,718,330,388,516,170,32,ITC,ITC2,2,Valle d'Aosta / Vallée d'Aoste,Valle d'Aosta,125666,105656,84.08,0.57
1478,2021-08-27,VDA,498,259,239,122,366,10,ITC,ITC2,2,Valle d'Aosta / Vallée d'Aoste,Valle d'Aosta,125666,106154,84.47,0.4
1479,2021-07-01,VDA,962,473,489,328,621,13,ITC,ITC2,2,Valle d'Aosta / Vallée d'Aoste,Valle d'Aosta,125666,107116,85.24,0.77
1480,2021-04-07,VDA,910,474,436,655,229,26,ITC,ITC2,2,Valle d'Aosta / Vallée d'Aoste,Valle d'Aosta,125666,108026,85.96,0.72
1481,2021-09-08,VDA,607,307,300,207,346,54,ITC,ITC2,2,Valle d'Aosta / Vallée d'Aoste,Valle d'Aosta,125666,108633,86.45,0.48
1482,2021-02-09,VDA,255,86,169,70,184,1,ITC,ITC2,2,Valle d'Aosta / Vallée d'Aoste,Valle d'Aosta,125666,108888,86.65,0.2
1483,2021-04-04,VDA,573,254,319,562,0,11,ITC,ITC2,2,Valle d'Aosta / Vallée d'Aoste,Valle d'Aosta,125666,109461,87.1,0.46
1484,2021-08-17,VDA,560,306,254,210,342,8,ITC,ITC2,2,Valle d'Aosta / Vallée d'Aoste,Valle d'Aosta,125666,110021,87.55,0.45
1485,2021-07-20,VDA,1121,585,536,387,724,10,ITC,ITC2,2,Valle d'Aosta / Vallée d'Aoste,Valle d'Aosta,125666,111142,88.44,0.89
1486,2021-09-15,VDA,373,197,176,23,349,1,ITC,ITC2,2,Valle d'Aosta / Vallée d'Aoste,Valle d'Aosta,125666,111515,88.74,0.3
1487,2021-04-18,VDA,523,255,268,495,2,26,ITC,ITC2,2,Valle d'Aosta / Vallée d'Aoste,Valle d'Aosta,125666,112038,89.16,0.42
1488,2021-06-03,VDA,1313,670,643,882,414,17,ITC,ITC2,2,Valle d'Aosta / Vallée d'Aoste,Valle d'Aosta,125666,113351,90.2,1.04
1489,2021-08-25,VDA,681,348,333,128,527,26,ITC,ITC2,2,Valle d'Aosta / Vallée d'Aoste,Valle d'Aosta,125666,114032,90.74,0.54
1490,2021-05-17,VDA,809,417,392,365,434,10,ITC,ITC2,2,Valle d'Aosta / Vallée d'Aoste,Valle d'Aosta,125666,114841,91.39,0.64
1491,2021-08-08,VDA,580,298,282,176,394,10,ITC,ITC2,2,Valle d'Aosta / Vallée d'Aoste,Valle d'Aosta,125666,115421,91.85,0.46
1492,2021-05-15,VDA,1068,615,453,368,687,13,ITC,ITC2,2,Valle d'Aosta / Vallée d'Aoste,Valle d'Aosta,125666,116489,92.7,0.85
1493,2021-02-04,VDA,295,86,209,8,287,0,ITC,ITC2,2,Valle d'Aosta / Vallée d'Aoste,Valle d'Aosta,125666,116784,92.93,0.23
1494,2021-04-28,VDA,1220,633,587,683,503,34,ITC,ITC2,2,Valle d'Aosta / Vallée d'Aoste,Valle d'Aosta,125666,118004,93.9,0.97
1495,2021-02-25,VDA,202,101,101,190,8,4,ITC,ITC2,2,Valle d'Aosta / Vallée d'Aoste,Valle d'Aosta,125666,118206,94.06,0.16
1496,2021-01-30,VDA,440,203,237,12,426,2,ITC,ITC2,2,Valle d'Aosta / Vallée d'Aoste,Valle d'Aosta,125666,118646,94.41,0.35
1497,2021-01-25,VDA,150,67,83,1,149,0,ITC,ITC2,2,Valle d'Aosta / Vallée d'Aoste,Valle d'Aosta,125666,118796,94.53,0.12
1498,2021-01-09,VDA,445,200,245,445,0,0,ITC,ITC2,2,Valle d'Aosta / Vallée d'Aoste,Valle d'Aosta,125666,119241,94.89,0.35
1499,2021-06-24,VDA,1227,631,596,381,837,9,ITC,ITC2,2,Valle d'Aosta / Vallée d'Aoste,Valle d'Aosta,125666,120468,95.86,0.98
1500,2021-03-18,VDA,136,43,93,96,37,3,ITC,ITC2,2,Valle d'Aosta / Vallée d'Aoste,Valle d'Aosta,125666,120604,95.97,0.11
1501,2021-06-26,VDA,1066,512,554,352,707,7,ITC,ITC2,2,Valle d'Aosta / Vallée d'Aoste,Valle d'Aosta,125666,121670,96.82,0.85
1502,2021-09-17,VDA,3,2,1,3,0,0,ITC,ITC2,2,Valle d'Aosta / Vallée d'Aoste,Valle d'Aosta,125666,121673,96.82,0.0
1503,2021-03-04,VDA,291,139,152,38,251,2,ITC,ITC2,2,Valle d'Aosta / Vallée d'Aoste,Valle d'Aosta,125666,121964,97.05,0.23
1504,2021-05-26,VDA,1212,587,625,567,634,11,ITC,ITC2,2,Valle d'Aosta / Vallée d'Aoste,Valle d'Aosta,125666,123176,98.02,0.96
1505,2021-09-03,VDA,534,283,251,139,369,26,ITC,ITC2,2,Valle d'Aosta / Vallée d'Aoste,Valle d'Aosta,125666,123710,98.44,0.42
1506,2021-02-13,VDA,219,199,20,216,1,2,ITC,ITC2,2,Valle d'Aosta / Vallée d'Aoste,Valle d'Aosta,125666,123929,98.62,0.17
1507,2021-08-06,VDA,821,400,421,402,398,21,ITC,ITC2,2,Valle d'Aosta / Vallée d'Aoste,Valle d'Aosta,125666,124750,99.27,0.65
1508,2021-08-10,VDA,854,437,417,580,263,11,ITC,ITC2,2,Valle d'Aosta / Vallée d'Aoste,Valle d'Aosta,125666,125604,99.95,0.68
1509,2021-02-06,VDA,290,104,186,91,198,1,ITC,ITC2,2,Valle d'Aosta / Vallée d'Aoste,Valle d'Aosta,125666,125894,100.18,0.23
1510,2021-04-30,VDA,833,357,476,469,347,17,ITC,ITC2,2,Valle d'Aosta / Vallée d'Aoste,Valle d'Aosta,125666,126727,100.84,0.66
1511,2021-01-20,VDA,64,15,49,64,0,0,ITC,ITC2,2,Valle d'Aosta / Vallée d'Aoste,Valle d'Aosta,125666,126791,100.9,0.05
1512,2021-07-22,VDA,981,519,462,264,704,13,ITC,ITC2,2,Valle d'Aosta / Vallée d'Aoste,Valle d'Aosta,125666,127772,101.68,0.78
1513,2021-06-14,VDA,1017,523,494,575,428,14,ITC,ITC2,2,Valle d'Aosta / Vallée d'Aoste,Valle d'Aosta,125666,128789,102.49,0.81
1514,2021-05-31,VDA,881,396,485,490,380,11,ITC,ITC2,2,Valle d'Aosta / Vallée d'Aoste,Valle d'Aosta,125666,129670,103.19,0.7
1515,2021-07-27,VDA,1132,605,527,569,552,11,ITC,ITC2,2,Valle d'Aosta / Vallée d'Aoste,Valle d'Aosta,125666,130802,104.09,0.9
1516,2021-04-25,VDA,850,409,441,674,139,37,ITC,ITC2,2,Valle d'Aosta / Vallée d'Aoste,Valle d'Aosta,125666,131652,104.76,0.68
1517,2021-06-21,VDA,1124,600,524,608,506,10,ITC,ITC2,2,Valle d'Aosta / Vallée d'Aoste,Valle d'Aosta,125666,132776,105.66,0.89
1518,2021-06-07,VDA,711,347,364,637,61,13,ITC,ITC2,2,Valle d'Aosta / Vallée d'Aoste,Valle d'Aosta,125666,133487,106.22,0.57
1519,2021-02-27,VDA,232,86,146,120,107,5,ITC,ITC2,2,Valle d'Aosta / Vallée d'Aoste,Valle d'Aosta,125666,133719,106.41,0.18
1520,2021-08-03,VDA,946,489,457,572,358,16,ITC,ITC2,2,Valle d'Aosta / Vallée d'Aoste,Valle d'Aosta,125666,134665,107.16,0.75
1521,2021-01-18,VDA,214,74,140,214,0,0,ITC,ITC2,2,Valle d'Aosta / Vallée d'Aoste,Valle d'Aosta,125666,134879,107.33,0.17
1522,2021-04-11,VDA,479,208,271,462,0,17,ITC,ITC2,2,Valle d'Aosta / Vallée d'Aoste,Valle d'Aosta,125666,135358,107.71,0.38
1523,2021-08-05,VDA,787,406,381,280,480,27,ITC,ITC2,2,Valle d'Aosta / Vallée d'Aoste,Valle d'Aosta,125666,136145,108.34,0.63
1524,2021-01-06,VDA,66,34,32,66,0,0,ITC,ITC2,2,Valle d'Aosta / Vallée d'Aoste,Valle d'Aosta,125666,136211,108.39,0.05
1525,2021-02-18,VDA,349,153,196,256,88,5,ITC,ITC2,2,Valle d'Aosta / Vallée d'Aoste,Valle d'Aosta,125666,136560,108.67,0.28
1526,2021-07-03,VDA,937,486,451,390,537,10,ITC,ITC2,2,Valle d'Aosta / Vallée d'Aoste,Valle d'Aosta,125666,137497,109.41,0.75
1527,2021-08-29,VDA,209,120,89,6,202,1,ITC,ITC2,2,Valle d'Aosta / Vallée d'Aoste,Valle d'Aosta,125666,137706,109.58,0.17
1528,2021-02-08,VDA,224,83,141,25,199,0,ITC,ITC2,2,Valle d'Aosta / Vallée d'Aoste,Valle d'Aosta,125666,137930,109.76,0.18
1529,2021-03-23,VDA,382,150,232,231,135,16,ITC,ITC2,2,Valle d'Aosta / Vallée d'Aoste,Valle d'Aosta,125666,138312,110.06,0.3
1530,2021-05-19,VDA,993,498,495,410,575,8,ITC,ITC2,2,Valle d'Aosta / Vallée d'Aoste,Valle d'Aosta,125666,139305,110.85,0.79
1531,2021-09-05,VDA,143,75,68,4,136,3,ITC,ITC2,2,Valle d'Aosta / Vallée d'Aoste,Valle d'Aosta,125666,139448,110.97,0.11
1532,2021-03-16,VDA,186,37,149,109,68,9,ITC,ITC2,2,Valle d'Aosta / Vallée d'Aoste,Valle d'Aosta,125666,139634,111.12,0.15
1533,2021-07-10,VDA,1295,670,625,320,964,11,ITC,ITC2,2,Valle d'Aosta / Vallée d'Aoste,Valle d'Aosta,125666,140929,112.15,1.03
1534,2021-08-22,VDA,177,88,89,8,169,0,ITC,ITC2,2,Valle d'Aosta / Vallée d'Aoste,Valle d'Aosta,125666,141106,112.29,0.14
1535,2021-05-14,VDA,964,444,520,264,670,30,ITC,ITC2,2,Valle d'Aosta / Vallée d'Aoste,Valle d'Aosta,125666,142070,113.05,0.77
1536,2021-02-01,VDA,409,128,281,86,320,3,ITC,ITC2,2,Valle d'Aosta / Vallée d'Aoste,Valle d'Aosta,125666,142479,113.38,0.33
1537,2021-07-08,VDA,1276,709,567,339,926,11,ITC,ITC2,2,Valle d'Aosta / Vallée d'Aoste,Valle d'Aosta,125666,143755,114.39,1.02
1538,2021-03-30,VDA,402,223,179,364,20,18,ITC,ITC2,2,Valle d'Aosta / Vallée d'Aoste,Valle d'Aosta,125666,144157,114.71,0.32
1539,2021-05-12,VDA,1145,550,595,450,671,24,ITC,ITC2,2,Valle d'Aosta / Vallée d'Aoste,Valle d'Aosta,125666,145302,115.63,0.91
1540,2021-07-17,VDA,987,521,466,248,731,8,ITC,ITC2,2,Valle d'Aosta / Vallée d'Aoste,Valle d'Aosta,125666,146289,116.41,0.79
1541,2021-07-23,VDA,975,485,490,355,609,11,ITC,ITC2,2,Valle d'Aosta / Vallée d'Aoste,Valle d'Aosta,125666,147264,117.19,0.78
1542,2021-01-19,VDA,256,77,179,256,0,0,ITC,ITC2,2,Valle d'Aosta / Vallée d'Aoste,Valle d'Aosta,125666,147520,117.39,0.2
1543,2021-04-12,VDA,487,187,300,305,164,18,ITC,ITC2,2,Valle d'Aosta / Vallée d'Aoste,Valle d'Aosta,125666,148007,117.78,0.39
1544,2021-04-29,VDA,1293,636,657,742,532,19,ITC,ITC2,2,Valle d'Aosta / Vallée d'Aoste,Valle d'Aosta,125666,149300,118.81,1.03
1545,2021-07-21,VDA,1169,639,530,303,850,16,ITC,ITC2,2,Valle d'Aosta / Vallée d'Aoste,Valle d'Aosta,125666,150469,119.74,0.93
1546,2021-07-04,VDA,1193,531,662,350,829,14,ITC,ITC2,2,Valle d'Aosta / Vallée d'Aoste,Valle d'Aosta,125666,151662,120.69,0.95
1547,2021-05-18,VDA,972,484,488,349,619,4,ITC,ITC2,2,Valle d'Aosta / Vallée d'Aoste,Valle d'Aosta,125666,152634,121.46,0.77
1548,2021-02-07,VDA,292,120,172,190,102,0,ITC,ITC2,2,Valle d'Aosta / Vallée d'Aoste,Valle d'Aosta,125666,152926,121.69,0.23
1549,2021-08-09,VDA,675,336,339,250,404,21,ITC,ITC2,2,Valle d'Aosta / Vallée d'Aoste,Valle d'Aosta,125666,153601,122.23,0.54
1550,2021-05-01,VDA,941,564,377,440,484,17,ITC,ITC2,2,Valle d'Aosta / Vallée d'Aoste,Valle d'Aosta,125666,154542,122.98,0.75
1551,2021-04-14,VDA,942,430,512,692,224,26,ITC,ITC2,2,Valle d'Aosta / Vallée d'Aoste,Valle d'Aosta,125666,155484,123.73,0.75
1552,2021-07-06,VDA,886,481,405,158,723,5,ITC,ITC2,2,Valle d'Aosta / Vallée d'Aoste,Valle d'Aosta,125666,156370,124.43,0.71
1553,2021-01-02,VDA,6,5,1,6,0,0,ITC,ITC2,2,Valle d'Aosta / Vallée d'Aoste,Valle d'Aosta,125666,156376,124.44,0.0
1554,2021-03-26,VDA,498,204,294,482,7,9,ITC,ITC2,2,Valle d'Aosta / Vallée d'Aoste,Valle d'Aosta,125666,156874,124.83,0.4
1555,2021-06-17,VDA,991,530,461,635,342,14,ITC,ITC2,2,Valle d'Aosta / Vallée d'Aoste,Valle d'Aosta,125666,157865,125.62,0.79
1556,2021-01-21,VDA,33,12,21,33,0,0,ITC,ITC2,2,Valle d'Aosta / Vallée d'Aoste,Valle d'Aosta,125666,157898,125.65,0.03
1557,2021-01-04,VDA,144,61,83,144,0,0,ITC,ITC2,2,Valle d'Aosta / Vallée d'Aoste,Valle d'Aosta,125666,158042,125.76,0.11
1558,2021-03-28,VDA,524,213,311,497,0,27,ITC,ITC2,2,Valle d'Aosta / Vallée d'Aoste,Valle d'Aosta,125666,158566,126.18,0.42
1559,2021-03-11,VDA,392,164,228,152,239,1,ITC,ITC2,2,Valle d'Aosta / Vallée d'Aoste,Valle d'Aosta,125666,158958,126.49,0.31
1560,2021-06-02,VDA,1217,689,528,810,402,5,ITC,ITC2,2,Valle d'Aosta / Vallée d'Aoste,Valle d'Aosta,125666,160175,127.46,0.97
1561,2021-06-19,VDA,1295,671,624,658,621,16,ITC,ITC2,2,Valle d'Aosta / Vallée d'Aoste,Valle d'Aosta,125666,161470,128.49,1.03
1562,2021-09-10,VDA,615,300,315,208,364,43,ITC,ITC2,2,Valle d'Aosta / Vallée d'Aoste,Valle d'Aosta,125666,162085,128.98,0.49
1563,2021-08-24,VDA,672,370,302,144,518,10,ITC,ITC2,2,Valle d'Aosta / Vallée d'Aoste,Valle d'Aosta,125666,162757,129.52,0.53
1564,2021-03-09,VDA,206,96,110,167,32,7,ITC,ITC2,2,Valle d'Aosta / Vallée d'Aoste,Valle d'Aosta,125666,162963,129.68,0.16
1565,2021-02-20,VDA,257,215,42,244,10,3,ITC,ITC2,2,Valle d'Aosta / Vallée d'Aoste,Valle d'Aosta,125666,163220,129.88,0.2
1566,2021-02-06,PAT,582,302,280,439,143,0,ITH,ITH2,4,Provincia Autonoma Trento,P.A. Trento,541380,582,0.11,0.11
1567,2021-02-23,PAT,1128,403,725,887,218,23,ITH,ITH2,4,Provincia Autonoma Trento,P.A. Trento,541380,1710,0.32,0.21
1568,2021-05-17,PAT,4357,2157,2200,3752,363,242,ITH,ITH2,4,Provincia Autonoma Trento,P.A. Trento,541380,6067,1.12,0.8
1569,2021-08-25,PAT,4398,2349,2049,1090,3235,73,ITH,ITH2,4,Provincia Autonoma Trento,P.A. Trento,541380,10465,1.93,0.81
1570,2021-03-09,PAT,1670,620,1050,980,653,37,ITH,ITH2,4,Provincia Autonoma Trento,P.A. Trento,541380,12135,2.24,0.31
1571,2021-06-17,PAT,6753,3564,3189,2044,4539,170,ITH,ITH2,4,Provincia Autonoma Trento,P.A. Trento,541380,18888,3.49,1.25
1572,2021-09-08,PAT,1550,783,767,482,1039,29,ITH,ITH2,4,Provincia Autonoma Trento,P.A. Trento,541380,20438,3.78,0.29
1573,2021-07-27,PAT,4823,2550,2273,1754,2951,118,ITH,ITH2,4,Provincia Autonoma Trento,P.A. Trento,541380,25261,4.67,0.89
1574,2021-05-31,PAT,4807,2215,2592,1608,3088,111,ITH,ITH2,4,Provincia Autonoma Trento,P.A. Trento,541380,30068,5.55,0.89
1575,2021-08-08,PAT,637,339,298,243,386,8,ITH,ITH2,4,Provincia Autonoma Trento,P.A. Trento,541380,30705,5.67,0.12
1576,2021-08-27,PAT,3804,2068,1736,924,2792,88,ITH,ITH2,4,Provincia Autonoma Trento,P.A. Trento,541380,34509,6.37,0.7
1577,2021-03-26,PAT,3277,1282,1995,2518,612,147,ITH,ITH2,4,Provincia Autonoma Trento,P.A. Trento,541380,37786,6.98,0.61
1578,2021-07-13,PAT,3843,1954,1889,1774,1934,135,ITH,ITH2,4,Provincia Autonoma Trento,P.A. Trento,541380,41629,7.69,0.71
1579,2021-04-21,PAT,2945,1372,1573,2739,51,155,ITH,ITH2,4,Provincia Autonoma Trento,P.A. Trento,541380,44574,8.23,0.54
1580,2021-01-28,PAT,554,156,398,51,503,0,ITH,ITH2,4,Provincia Autonoma Trento,P.A. Trento,541380,45128,8.34,0.1
1581,2021-01-11,PAT,765,235,530,765,0,0,ITH,ITH2,4,Provincia Autonoma Trento,P.A. Trento,541380,45893,8.48,0.14
1582,2021-04-09,PAT,2806,1195,1611,1528,1209,69,ITH,ITH2,4,Provincia Autonoma Trento,P.A. Trento,541380,48699,9.0,0.52
1583,2021-02-11,PAT,1171,377,794,803,367,1,ITH,ITH2,4,Provincia Autonoma Trento,P.A. Trento,541380,49870,9.21,0.22
1584,2021-07-18,PAT,464,243,221,116,339,9,ITH,ITH2,4,Provincia Autonoma Trento,P.A. Trento,541380,50334,9.3,0.09
1585,2021-02-25,PAT,1656,649,1007,1200,446,10,ITH,ITH2,4,Provincia Autonoma Trento,P.A. Trento,541380,51990,9.6,0.31
1586,2020-12-30,PAT,7,3,4,7,0,0,ITH,ITH2,4,Provincia Autonoma Trento,P.A. Trento,541380,51997,9.6,0.0
1587,2021-06-05,PAT,4132,1939,2193,688,3364,80,ITH,ITH2,4,Provincia Autonoma Trento,P.A. Trento,541380,56129,10.37,0.76
1588,2021-06-29,PAT,6432,3242,3190,2761,3534,137,ITH,ITH2,4,Provincia Autonoma Trento,P.A. Trento,541380,62561,11.56,1.19
1589,2021-06-12,PAT,5429,2718,2711,436,4943,50,ITH,ITH2,4,Provincia Autonoma Trento,P.A. Trento,541380,67990,12.56,1.0
1590,2021-03-21,PAT,136,74,62,131,0,5,ITH,ITH2,4,Provincia Autonoma Trento,P.A. Trento,541380,68126,12.58,0.03
1591,2021-01-23,PAT,584,338,246,389,194,1,ITH,ITH2,4,Provincia Autonoma Trento,P.A. Trento,541380,68710,12.69,0.11
1592,2021-05-03,PAT,4313,2224,2089,3845,157,311,ITH,ITH2,4,Provincia Autonoma Trento,P.A. Trento,541380,73023,13.49,0.8
1593,2021-08-13,PAT,5965,3380,2585,2590,3224,151,ITH,ITH2,4,Provincia Autonoma Trento,P.A. Trento,541380,78988,14.59,1.1
1594,2021-07-01,PAT,7153,3738,3415,3588,3365,200,ITH,ITH2,4,Provincia Autonoma Trento,P.A. Trento,541380,86141,15.91,1.32
1595,2021-05-05,PAT,5061,2612,2449,4433,306,322,ITH,ITH2,4,Provincia Autonoma Trento,P.A. Trento,541380,91202,16.85,0.93
1596,2021-04-14,PAT,3146,1480,1666,2253,738,155,ITH,ITH2,4,Provincia Autonoma Trento,P.A. Trento,541380,94348,17.43,0.58
1597,2021-03-28,PAT,768,304,464,717,2,49,ITH,ITH2,4,Provincia Autonoma Trento,P.A. Trento,541380,95116,17.57,0.14
1598,2021-01-04,PAT,905,250,655,903,0,2,ITH,ITH2,4,Provincia Autonoma Trento,P.A. Trento,541380,96021,17.74,0.17
1599,2021-07-06,PAT,5239,2763,2476,3114,1932,193,ITH,ITH2,4,Provincia Autonoma Trento,P.A. Trento,541380,101260,18.7,0.97
1600,2021-03-14,PAT,110,67,43,19,89,2,ITH,ITH2,4,Provincia Autonoma Trento,P.A. Trento,541380,101370,18.72,0.02
1601,2021-03-07,PAT,24,6,18,24,0,0,ITH,ITH2,4,Provincia Autonoma Trento,P.A. Trento,541380,101394,18.73,0.0
1602,2021-01-09,PAT,195,42,153,195,0,0,ITH,ITH2,4,Provincia Autonoma Trento,P.A. Trento,541380,101589,18.76,0.04
1603,2021-06-24,PAT,6056,3171,2885,3649,2208,199,ITH,ITH2,4,Provincia Autonoma Trento,P.A. Trento,541380,107645,19.88,1.12
1604,2021-05-12,PAT,3348,1511,1837,1961,1220,167,ITH,ITH2,4,Provincia Autonoma Trento,P.A. Trento,541380,110993,20.5,0.62
1605,2021-03-16,PAT,1407,514,893,581,792,34,ITH,ITH2,4,Provincia Autonoma Trento,P.A. Trento,541380,112400,20.76,0.26
1606,2021-06-19,PAT,3146,1722,1424,236,2879,31,ITH,ITH2,4,Provincia Autonoma Trento,P.A. Trento,541380,115546,21.34,0.58
1607,2021-07-08,PAT,4167,2215,1952,2512,1483,172,ITH,ITH2,4,Provincia Autonoma Trento,P.A. Trento,541380,119713,22.11,0.77
1608,2021-02-04,PAT,1014,321,693,430,583,1,ITH,ITH2,4,Provincia Autonoma Trento,P.A. Trento,541380,120727,22.3,0.19
1609,2021-09-15,PAT,1626,864,762,440,1134,52,ITH,ITH2,4,Provincia Autonoma Trento,P.A. Trento,541380,122353,22.6,0.3
1610,2021-07-20,PAT,4832,2611,2221,1744,2935,153,ITH,ITH2,4,Provincia Autonoma Trento,P.A. Trento,541380,127185,23.49,0.89
1611,2021-02-16,PAT,676,248,428,660,5,11,ITH,ITH2,4,Provincia Autonoma Trento,P.A. Trento,541380,127861,23.62,0.12
1612,2021-04-23,PAT,3668,1786,1882,3428,56,184,ITH,ITH2,4,Provincia Autonoma Trento,P.A. Trento,541380,131529,24.3,0.68
1613,2021-01-30,PAT,396,136,260,155,241,0,ITH,ITH2,4,Provincia Autonoma Trento,P.A. Trento,541380,131925,24.37,0.07
1614,2021-05-10,PAT,3271,1679,1592,2532,518,221,ITH,ITH2,4,Provincia Autonoma Trento,P.A. Trento,541380,135196,24.97,0.6
1615,2021-08-06,PAT,6476,3567,2909,2670,3685,121,ITH,ITH2,4,Provincia Autonoma Trento,P.A. Trento,541380,141672,26.17,1.2
1616,2021-01-16,PAT,322,148,174,322,0,0,ITH,ITH2,4,Provincia Autonoma Trento,P.A. Trento,541380,141994,26.23,0.06
1617,2021-04-28,PAT,4292,1997,2295,3897,139,256,ITH,ITH2,4,Provincia Autonoma Trento,P.A. Trento,541380,146286,27.02,0.79
1618,2021-05-22,PAT,3375,1666,1709,849,2435,91,ITH,ITH2,4,Provincia Autonoma Trento,P.A. Trento,541380,149661,27.64,0.62
1619,2021-05-29,PAT,2445,1328,1117,783,1571,91,ITH,ITH2,4,Provincia Autonoma Trento,P.A. Trento,541380,152106,28.1,0.45
1620,2021-04-02,PAT,2893,1179,1714,2044,684,165,ITH,ITH2,4,Provincia Autonoma Trento,P.A. Trento,541380,154999,28.63,0.53
1621,2021-04-16,PAT,2906,1377,1529,2598,150,158,ITH,ITH2,4,Provincia Autonoma Trento,P.A. Trento,541380,157905,29.17,0.54
1622,2021-02-18,PAT,1437,505,932,1350,69,18,ITH,ITH2,4,Provincia Autonoma Trento,P.A. Trento,541380,159342,29.43,0.27
1623,2021-07-25,PAT,366,205,161,139,218,9,ITH,ITH2,4,Provincia Autonoma Trento,P.A. Trento,541380,159708,29.5,0.07
1624,2021-05-24,PAT,4494,2078,2416,1268,3110,116,ITH,ITH2,4,Provincia Autonoma Trento,P.A. Trento,541380,164202,30.33,0.83
1625,2021-09-01,PAT,3924,2092,1832,831,3017,76,ITH,ITH2,4,Provincia Autonoma Trento,P.A. Trento,541380,168126,31.06,0.72
1626,2021-03-02,PAT,1323,446,877,910,382,31,ITH,ITH2,4,Provincia Autonoma Trento,P.A. Trento,541380,169449,31.3,0.24
1627,2021-06-10,PAT,6220,3031,3189,1813,4270,137,ITH,ITH2,4,Provincia Autonoma Trento,P.A. Trento,541380,175669,32.45,1.15
1628,2021-09-03,PAT,3483,1907,1576,784,2650,49,ITH,ITH2,4,Provincia Autonoma Trento,P.A. Trento,541380,179152,33.09,0.64
1629,2021-01-18,PAT,690,168,522,631,59,0,ITH,ITH2,4,Provincia Autonoma Trento,P.A. Trento,541380,179842,33.22,0.13
1630,2021-08-24,PAT,4608,2469,2139,1293,3222,93,ITH,ITH2,4,Provincia Autonoma Trento,P.A. Trento,541380,184450,34.07,0.85
1631,2021-07-24,PAT,994,547,447,520,445,29,ITH,ITH2,4,Provincia Autonoma Trento,P.A. Trento,541380,185444,34.25,0.18
1632,2021-08-20,PAT,5224,2884,2340,1491,3632,101,ITH,ITH2,4,Provincia Autonoma Trento,P.A. Trento,541380,190668,35.22,0.96
1633,2021-05-14,PAT,5445,2615,2830,3715,1429,301,ITH,ITH2,4,Provincia Autonoma Trento,P.A. Trento,541380,196113,36.22,1.01
1634,2021-08-22,PAT,409,245,164,222,171,16,ITH,ITH2,4,Provincia Autonoma Trento,P.A. Trento,541380,196522,36.3,0.08
1635,2021-02-08,PAT,1195,333,862,348,847,0,ITH,ITH2,4,Provincia Autonoma Trento,P.A. Trento,541380,197717,36.52,0.22
1636,2021-04-13,PAT,2618,1090,1528,2025,509,84,ITH,ITH2,4,Provincia Autonoma Trento,P.A. Trento,541380,200335,37.0,0.48
1637,2021-01-20,PAT,308,77,231,296,12,0,ITH,ITH2,4,Provincia Autonoma Trento,P.A. Trento,541380,200643,37.06,0.06
1638,2021-04-30,PAT,4992,2434,2558,4443,163,386,ITH,ITH2,4,Provincia Autonoma Trento,P.A. Trento,541380,205635,37.98,0.92
1639,2021-05-19,PAT,5196,2514,2682,3670,1274,252,ITH,ITH2,4,Provincia Autonoma Trento,P.A. Trento,541380,210831,38.94,0.96
1640,2021-09-10,PAT,2455,1272,1183,737,1641,77,ITH,ITH2,4,Provincia Autonoma Trento,P.A. Trento,541380,213286,39.4,0.45
1641,2021-02-20,PAT,412,247,165,124,287,1,ITH,ITH2,4,Provincia Autonoma Trento,P.A. Trento,541380,213698,39.47,0.08
1642,2021-01-08,PAT,1538,341,1197,1537,0,1,ITH,ITH2,4,Provincia Autonoma Trento,P.A. Trento,541380,215236,39.76,0.28
1643,2021-06-14,PAT,5820,3010,2810,2043,3657,120,ITH,ITH2,4,Provincia Autonoma Trento,P.A. Trento,541380,221056,40.83,1.08
1644,2021-04-18,PAT,1865,850,1015,1796,9,60,ITH,ITH2,4,Provincia Autonoma Trento,P.A. Trento,541380,222921,41.18,0.34
1645,2021-03-06,PAT,809,285,524,615,152,42,ITH,ITH2,4,Provincia Autonoma Trento,P.A. Trento,541380,223730,41.33,0.15
1646,2021-04-11,PAT,2392,1161,1231,2201,99,92,ITH,ITH2,4,Provincia Autonoma Trento,P.A. Trento,541380,226122,41.77,0.44
1647,2021-02-27,PAT,1054,468,586,606,428,20,ITH,ITH2,4,Provincia Autonoma Trento,P.A. Trento,541380,227176,41.96,0.19
1648,2021-08-03,PAT,6217,3358,2859,2485,3598,134,ITH,ITH2,4,Provincia Autonoma Trento,P.A. Trento,541380,233393,43.11,1.15
1649,2021-01-01,PAT,222,51,171,222,0,0,ITH,ITH2,4,Provincia Autonoma Trento,P.A. Trento,541380,233615,43.15,0.04
1650,2021-06-07,PAT,5890,2930,2960,2680,3028,182,ITH,ITH2,4,Provincia Autonoma Trento,P.A. Trento,541380,239505,44.24,1.09
1651,2021-04-25,PAT,2003,953,1050,1872,7,124,ITH,ITH2,4,Provincia Autonoma Trento,P.A. Trento,541380,241508,44.61,0.37
1652,2021-01-06,PAT,43,13,30,43,0,0,ITH,ITH2,4,Provincia Autonoma Trento,P.A. Trento,541380,241551,44.62,0.01
1653,2021-09-17,PAT,622,309,313,198,408,16,ITH,ITH2,4,Provincia Autonoma Trento,P.A. Trento,541380,242173,44.73,0.11
1654,2021-08-05,PAT,6392,3496,2896,2951,3318,123,ITH,ITH2,4,Provincia Autonoma Trento,P.A. Trento,541380,248565,45.91,1.18
1655,2021-05-02,PAT,3565,1980,1585,3295,39,231,ITH,ITH2,4,Provincia Autonoma Trento,P.A. Trento,541380,252130,46.57,0.66
1656,2021-08-10,PAT,6002,3206,2796,2906,2910,186,ITH,ITH2,4,Provincia Autonoma Trento,P.A. Trento,541380,258132,47.68,1.11
1657,2021-03-13,PAT,965,496,469,841,48,76,ITH,ITH2,4,Provincia Autonoma Trento,P.A. Trento,541380,259097,47.86,0.18
1658,2021-07-05,PAT,5435,2850,2585,3792,1394,249,ITH,ITH2,4,Provincia Autonoma Trento,P.A. Trento,541380,264532,48.86,1.0
1659,2021-09-12,PAT,7,4,3,3,4,0,ITH,ITH2,4,Provincia Autonoma Trento,P.A. Trento,541380,264539,48.86,0.0
1660,2021-06-21,PAT,6260,3387,2873,3648,2425,187,ITH,ITH2,4,Provincia Autonoma Trento,P.A. Trento,541380,270799,50.02,1.16
1661,2021-06-02,PAT,2884,1383,1501,895,1916,73,ITH,ITH2,4,Provincia Autonoma Trento,P.A. Trento,541380,273683,50.55,0.53
1662,2021-03-11,PAT,2623,985,1638,1507,1056,60,ITH,ITH2,4,Provincia Autonoma Trento,P.A. Trento,541380,276306,51.04,0.48
1663,2021-07-22,PAT,4780,2588,2192,1897,2740,143,ITH,ITH2,4,Provincia Autonoma Trento,P.A. Trento,541380,281086,51.92,0.88
1664,2021-03-04,PAT,2390,807,1583,1557,790,43,ITH,ITH2,4,Provincia Autonoma Trento,P.A. Trento,541380,283476,52.36,0.44
1665,2021-08-28,PAT,1344,827,517,549,758,37,ITH,ITH2,4,Provincia Autonoma Trento,P.A. Trento,541380,284820,52.61,0.25
1666,2021-08-21,PAT,1322,785,537,603,680,39,ITH,ITH2,4,Provincia Autonoma Trento,P.A. Trento,541380,286142,52.85,0.24
1667,2021-06-25,PAT,7800,4161,3639,4168,3449,183,ITH,ITH2,4,Provincia Autonoma Trento,P.A. Trento,541380,293942,54.29,1.44
1668,2021-04-01,PAT,2947,1252,1695,1745,1107,95,ITH,ITH2,4,Provincia Autonoma Trento,P.A. Trento,541380,296889,54.84,0.54
1669,2021-07-10,PAT,1098,565,533,147,920,31,ITH,ITH2,4,Provincia Autonoma Trento,P.A. Trento,541380,297987,55.04,0.2
1670,2021-03-23,PAT,2484,962,1522,1629,755,100,ITH,ITH2,4,Provincia Autonoma Trento,P.A. Trento,541380,300471,55.5,0.46
1671,2021-05-28,PAT,3805,1768,2037,1399,2265,141,ITH,ITH2,4,Provincia Autonoma Trento,P.A. Trento,541380,304276,56.2,0.7
1672,2021-01-25,PAT,849,231,618,25,824,0,ITH,ITH2,4,Provincia Autonoma Trento,P.A. Trento,541380,305125,56.36,0.16
1673,2021-08-12,PAT,5708,3050,2658,2208,3325,175,ITH,ITH2,4,Provincia Autonoma Trento,P.A. Trento,541380,310833,57.41,1.05
1674,2021-07-29,PAT,5485,2917,2568,2652,2714,119,ITH,ITH2,4,Provincia Autonoma Trento,P.A. Trento,541380,316318,58.43,1.01
1675,2021-06-16,PAT,6327,3416,2911,1989,4214,124,ITH,ITH2,4,Provincia Autonoma Trento,P.A. Trento,541380,322645,59.6,1.17
1676,2021-08-29,PAT,617,347,270,310,283,24,ITH,ITH2,4,Provincia Autonoma Trento,P.A. Trento,541380,323262,59.71,0.11
1677,2021-07-17,PAT,1099,537,562,270,809,20,ITH,ITH2,4,Provincia Autonoma Trento,P.A. Trento,541380,324361,59.91,0.2
1678,2021-05-21,PAT,5217,2506,2711,3138,1807,272,ITH,ITH2,4,Provincia Autonoma Trento,P.A. Trento,541380,329578,60.88,0.96
1679,2021-02-01,PAT,1278,356,922,98,1180,0,ITH,ITH2,4,Provincia Autonoma Trento,P.A. Trento,541380,330856,61.11,0.24
1680,2021-08-31,PAT,4406,2292,2114,1241,3063,102,ITH,ITH2,4,Provincia Autonoma Trento,P.A. Trento,541380,335262,61.93,0.81
1681,2021-07-07,PAT,4530,2433,2097,2921,1407,202,ITH,ITH2,4,Provincia Autonoma Trento,P.A. Trento,541380,339792,62.76,0.84
1682,2021-01-03,PAT,503,166,337,503,0,0,ITH,ITH2,4,Provincia Autonoma Trento,P.A. Trento,541380,340295,62.86,0.09
1683,2021-07-21,PAT,4711,2525,2186,1521,3088,102,ITH,ITH2,4,Provincia Autonoma Trento,P.A. Trento,541380,345006,63.73,0.87
1684,2021-04-29,PAT,4704,2267,2437,4175,214,315,ITH,ITH2,4,Provincia Autonoma Trento,P.A. Trento,541380,349710,64.6,0.87
1685,2021-08-07,PAT,1625,931,694,818,769,38,ITH,ITH2,4,Provincia Autonoma Trento,P.A. Trento,541380,351335,64.9,0.3
1686,2021-01-22,PAT,1748,459,1289,350,1396,2,ITH,ITH2,4,Provincia Autonoma Trento,P.A. Trento,541380,353083,65.22,0.32
1687,2021-02-05,PAT,835,288,547,285,550,0,ITH,ITH2,4,Provincia Autonoma Trento,P.A. Trento,541380,353918,65.37,0.15
1688,2021-05-16,PAT,1359,757,602,1043,248,68,ITH,ITH2,4,Provincia Autonoma Trento,P.A. Trento,541380,355277,65.62,0.25
1689,2021-08-14,PAT,290,156,134,50,237,3,ITH,ITH2,4,Provincia Autonoma Trento,P.A. Trento,541380,355567,65.68,0.05
1690,2021-07-02,PAT,7428,4039,3389,3580,3596,252,ITH,ITH2,4,Provincia Autonoma Trento,P.A. Trento,541380,362995,67.05,1.37
1691,2021-01-15,PAT,628,149,479,627,0,1,ITH,ITH2,4,Provincia Autonoma Trento,P.A. Trento,541380,363623,67.17,0.12
1692,2021-01-27,PAT,873,310,563,115,756,2,ITH,ITH2,4,Provincia Autonoma Trento,P.A. Trento,541380,364496,67.33,0.16
1693,2021-02-13,PAT,540,335,205,172,368,0,ITH,ITH2,4,Provincia Autonoma Trento,P.A. Trento,541380,365036,67.43,0.1
1694,2021-05-07,PAT,6092,3133,2959,4854,854,384,ITH,ITH2,4,Provincia Autonoma Trento,P.A. Trento,541380,371128,68.55,1.13
1695,2021-04-20,PAT,2909,1388,1521,2690,37,182,ITH,ITH2,4,Provincia Autonoma Trento,P.A. Trento,541380,374037,69.09,0.54
1696,2021-05-09,PAT,2355,1226,1129,1869,347,139,ITH,ITH2,4,Provincia Autonoma Trento,P.A. Trento,541380,376392,69.52,0.43
1697,2021-08-17,PAT,5461,2887,2574,1945,3378,138,ITH,ITH2,4,Provincia Autonoma Trento,P.A. Trento,541380,381853,70.53,1.01
1698,2021-02-15,PAT,547,193,354,419,126,2,ITH,ITH2,4,Provincia Autonoma Trento,P.A. Trento,541380,382400,70.63,0.1
1699,2021-05-26,PAT,3964,1871,2093,1117,2724,123,ITH,ITH2,4,Provincia Autonoma Trento,P.A. Trento,541380,386364,71.37,0.73
1700,2021-03-25,PAT,2917,1128,1789,1742,1061,114,ITH,ITH2,4,Provincia Autonoma Trento,P.A. Trento,541380,389281,71.91,0.54
1701,2021-07-03,PAT,1268,681,587,78,1185,5,ITH,ITH2,4,Provincia Autonoma Trento,P.A. Trento,541380,390549,72.14,0.23
1702,2021-03-30,PAT,2467,999,1468,1672,693,102,ITH,ITH2,4,Provincia Autonoma Trento,P.A. Trento,541380,393016,72.6,0.46
1703,2021-02-03,PAT,877,326,551,417,460,0,ITH,ITH2,4,Provincia Autonoma Trento,P.A. Trento,541380,393893,72.76,0.16
1704,2021-07-19,PAT,4814,2536,2278,1456,3225,133,ITH,ITH2,4,Provincia Autonoma Trento,P.A. Trento,541380,398707,73.65,0.89
1705,2021-05-23,PAT,1995,1015,980,431,1535,29,ITH,ITH2,4,Provincia Autonoma Trento,P.A. Trento,541380,400702,74.01,0.37
1706,2021-04-10,PAT,2877,1352,1525,1995,803,79,ITH,ITH2,4,Provincia Autonoma Trento,P.A. Trento,541380,403579,74.55,0.53
1707,2021-08-09,PAT,5356,2857,2499,2289,2925,142,ITH,ITH2,4,Provincia Autonoma Trento,P.A. Trento,541380,408935,75.54,0.99
1708,2021-08-26,PAT,4125,2164,1961,1070,2956,99,ITH,ITH2,4,Provincia Autonoma Trento,P.A. Trento,541380,413060,76.3,0.76
1709,2021-02-22,PAT,755,262,493,663,86,6,ITH,ITH2,4,Provincia Autonoma Trento,P.A. Trento,541380,413815,76.44,0.14
1710,2021-05-18,PAT,4324,2047,2277,3169,870,285,ITH,ITH2,4,Provincia Autonoma Trento,P.A. Trento,541380,418139,77.24,0.8
1711,2021-09-09,PAT,1711,847,864,595,1060,56,ITH,ITH2,4,Provincia Autonoma Trento,P.A. Trento,541380,419850,77.55,0.32
1712,2021-01-05,PAT,759,262,497,759,0,0,ITH,ITH2,4,Provincia Autonoma Trento,P.A. Trento,541380,420609,77.69,0.14
1713,2021-04-15,PAT,3234,1459,1775,2830,156,248,ITH,ITH2,4,Provincia Autonoma Trento,P.A. Trento,541380,423843,78.29,0.6
1714,2021-06-18,PAT,7068,3761,3307,1785,5190,93,ITH,ITH2,4,Provincia Autonoma Trento,P.A. Trento,541380,430911,79.59,1.31
1715,2021-03-27,PAT,1673,747,926,1322,263,88,ITH,ITH2,4,Provincia Autonoma Trento,P.A. Trento,541380,432584,79.9,0.31
1716,2021-08-02,PAT,5380,2852,2528,1607,3704,69,ITH,ITH2,4,Provincia Autonoma Trento,P.A. Trento,541380,437964,80.9,0.99
1717,2021-03-15,PAT,1453,573,880,929,469,55,ITH,ITH2,4,Provincia Autonoma Trento,P.A. Trento,541380,439417,81.17,0.27
1718,2021-08-19,PAT,4634,2487,2147,1111,3439,84,ITH,ITH2,4,Provincia Autonoma Trento,P.A. Trento,541380,444051,82.02,0.86
1719,2021-01-17,PAT,255,199,56,255,0,0,ITH,ITH2,4,Provincia Autonoma Trento,P.A. Trento,541380,444306,82.07,0.05
1720,2021-06-23,PAT,6695,3547,3148,4626,1872,197,ITH,ITH2,4,Provincia Autonoma Trento,P.A. Trento,541380,451001,83.31,1.24
1721,2021-05-11,PAT,3743,1768,1975,2641,863,239,ITH,ITH2,4,Provincia Autonoma Trento,P.A. Trento,541380,454744,84.0,0.69
1722,2021-04-27,PAT,3958,1903,2055,3596,70,292,ITH,ITH2,4,Provincia Autonoma Trento,P.A. Trento,541380,458702,84.73,0.73
1723,2021-03-12,PAT,2603,991,1612,1709,815,79,ITH,ITH2,4,Provincia Autonoma Trento,P.A. Trento,541380,461305,85.21,0.48
1724,2021-06-20,PAT,1901,1051,850,31,1865,5,ITH,ITH2,4,Provincia Autonoma Trento,P.A. Trento,541380,463206,85.56,0.35
1725,2021-09-13,PAT,2426,1302,1124,821,1547,58,ITH,ITH2,4,Provincia Autonoma Trento,P.A. Trento,541380,465632,86.01,0.45
1726,2021-01-02,PAT,522,149,373,522,0,0,ITH,ITH2,4,Provincia Autonoma Trento,P.A. Trento,541380,466154,86.1,0.1
1727,2021-03-29,PAT,2572,1011,1561,1699,743,130,ITH,ITH2,4,Provincia Autonoma Trento,P.A. Trento,541380,468726,86.58,0.48
1728,2021-04-12,PAT,3156,1455,1701,2525,504,127,ITH,ITH2,4,Provincia Autonoma Trento,P.A. Trento,541380,471882,87.16,0.58
1729,2021-06-04,PAT,5929,2652,3277,1732,4062,135,ITH,ITH2,4,Provincia Autonoma Trento,P.A. Trento,541380,477811,88.26,1.1
1730,2021-02-24,PAT,1373,543,830,943,406,24,ITH,ITH2,4,Provincia Autonoma Trento,P.A. Trento,541380,479184,88.51,0.25
1731,2021-06-03,PAT,4845,2279,2566,1237,3515,93,ITH,ITH2,4,Provincia Autonoma Trento,P.A. Trento,541380,484029,89.41,0.89
1732,2021-09-11,PAT,694,395,299,469,191,34,ITH,ITH2,4,Provincia Autonoma Trento,P.A. Trento,541380,484723,89.53,0.13
1733,2021-02-10,PAT,872,295,577,513,358,1,ITH,ITH2,4,Provincia Autonoma Trento,P.A. Trento,541380,485595,89.7,0.16
1734,2021-07-26,PAT,3902,2058,1844,834,2996,72,ITH,ITH2,4,Provincia Autonoma Trento,P.A. Trento,541380,489497,90.42,0.72
1735,2021-06-06,PAT,2269,1080,1189,431,1817,21,ITH,ITH2,4,Provincia Autonoma Trento,P.A. Trento,541380,491766,90.84,0.42
1736,2021-09-14,PAT,1971,986,985,581,1342,48,ITH,ITH2,4,Provincia Autonoma Trento,P.A. Trento,541380,493737,91.2,0.36
1737,2021-07-12,PAT,4275,2154,2121,2035,2043,197,ITH,ITH2,4,Provincia Autonoma Trento,P.A. Trento,541380,498012,91.99,0.79
1738,2021-02-17,PAT,1175,450,725,1058,112,5,ITH,ITH2,4,Provincia Autonoma Trento,P.A. Trento,541380,499187,92.21,0.22
1739,2021-09-16,PAT,1810,916,894,550,1210,50,ITH,ITH2,4,Provincia Autonoma Trento,P.A. Trento,541380,500997,92.54,0.33
1740,2021-05-04,PAT,4573,2490,2083,4171,97,305,ITH,ITH2,4,Provincia Autonoma Trento,P.A. Trento,541380,505570,93.39,0.84
1741,2021-03-08,PAT,1427,439,988,1043,354,30,ITH,ITH2,4,Provincia Autonoma Trento,P.A. Trento,541380,506997,93.65,0.26
1742,2021-03-22,PAT,2349,995,1354,1405,885,59,ITH,ITH2,4,Provincia Autonoma Trento,P.A. Trento,541380,509346,94.08,0.43
1743,2021-01-24,PAT,562,285,277,226,336,0,ITH,ITH2,4,Provincia Autonoma Trento,P.A. Trento,541380,509908,94.19,0.1
1744,2021-06-30,PAT,6876,3532,3344,2688,4057,131,ITH,ITH2,4,Provincia Autonoma Trento,P.A. Trento,541380,516784,95.46,1.27
1745,2021-01-21,PAT,376,104,272,247,129,0,ITH,ITH2,4,Provincia Autonoma Trento,P.A. Trento,541380,517160,95.53,0.07
1746,2021-05-01,PAT,4891,2486,2405,4551,37,303,ITH,ITH2,4,Provincia Autonoma Trento,P.A. Trento,541380,522051,96.43,0.9
1747,2021-02-21,PAT,158,95,63,44,114,0,ITH,ITH2,4,Provincia Autonoma Trento,P.A. Trento,541380,522209,96.46,0.03
1748,2021-01-31,PAT,77,16,61,1,76,0,ITH,ITH2,4,Provincia Autonoma Trento,P.A. Trento,541380,522286,96.47,0.01
1749,2021-07-04,PAT,225,125,100,66,157,2,ITH,ITH2,4,Provincia Autonoma Trento,P.A. Trento,541380,522511,96.51,0.04
1750,2021-01-10,PAT,87,20,67,87,0,0,ITH,ITH2,4,Provincia Autonoma Trento,P.A. Trento,541380,522598,96.53,0.02
1751,2021-01-29,PAT,1426,363,1063,56,1370,0,ITH,ITH2,4,Provincia Autonoma Trento,P.A. Trento,541380,524024,96.79,0.26
1752,2021-05-20,PAT,5124,2408,2716,3150,1690,284,ITH,ITH2,4,Provincia Autonoma Trento,P.A. Trento,541380,529148,97.74,0.95
1753,2021-03-24,PAT,2416,963,1453,1467,827,122,ITH,ITH2,4,Provincia Autonoma Trento,P.A. Trento,541380,531564,98.19,0.45
1754,2021-02-09,PAT,952,303,649,448,503,1,ITH,ITH2,4,Provincia Autonoma Trento,P.A. Trento,541380,532516,98.36,0.18
1755,2021-03-17,PAT,2131,813,1318,1130,907,94,ITH,ITH2,4,Provincia Autonoma Trento,P.A. Trento,541380,534647,98.76,0.39
1756,2021-04-08,PAT,3182,1336,1846,1955,1133,94,ITH,ITH2,4,Provincia Autonoma Trento,P.A. Trento,541380,537829,99.34,0.59
1757,2020-12-31,PAT,1701,480,1221,1701,0,0,ITH,ITH2,4,Provincia Autonoma Trento,P.A. Trento,541380,539530,99.66,0.31
1758,2021-06-22,PAT,6386,3479,2907,3629,2568,189,ITH,ITH2,4,Provincia Autonoma Trento,P.A. Trento,541380,545916,100.84,1.18
1759,2021-05-30,PAT,1777,876,901,864,843,70,ITH,ITH2,4,Provincia Autonoma Trento,P.A. Trento,541380,547693,101.17,0.33
1760,2021-04-03,PAT,1183,487,696,936,178,69,ITH,ITH2,4,Provincia Autonoma Trento,P.A. Trento,541380,548876,101.38,0.22
1761,2021-09-07,PAT,1533,797,736,447,1041,45,ITH,ITH2,4,Provincia Autonoma Trento,P.A. Trento,541380,550409,101.67,0.28
1762,2021-01-19,PAT,434,89,345,434,0,0,ITH,ITH2,4,Provincia Autonoma Trento,P.A. Trento,541380,550843,101.75,0.08
1763,2021-07-23,PAT,4768,2446,2322,1666,2959,143,ITH,ITH2,4,Provincia Autonoma Trento,P.A. Trento,541380,555611,102.63,0.88
1764,2021-03-10,PAT,2486,973,1513,1473,948,65,ITH,ITH2,4,Provincia Autonoma Trento,P.A. Trento,541380,558097,103.09,0.46
1765,2021-05-15,PAT,1608,836,772,650,916,42,ITH,ITH2,4,Provincia Autonoma Trento,P.A. Trento,541380,559705,103.38,0.3
1766,2021-06-01,PAT,4105,1926,2179,1080,2912,113,ITH,ITH2,4,Provincia Autonoma Trento,P.A. Trento,541380,563810,104.14,0.76
1767,2021-07-14,PAT,4192,2177,2015,1702,2355,135,ITH,ITH2,4,Provincia Autonoma Trento,P.A. Trento,541380,568002,104.92,0.77
1768,2021-04-22,PAT,3176,1483,1693,2946,46,184,ITH,ITH2,4,Provincia Autonoma Trento,P.A. Trento,541380,571178,105.5,0.59
1769,2021-07-31,PAT,1499,858,641,1076,383,40,ITH,ITH2,4,Provincia Autonoma Trento,P.A. Trento,541380,572677,105.78,0.28
1770,2021-04-07,PAT,2656,1029,1627,1577,955,124,ITH,ITH2,4,Provincia Autonoma Trento,P.A. Trento,541380,575333,106.27,0.49
1771,2021-07-16,PAT,4600,2371,2229,1735,2708,157,ITH,ITH2,4,Provincia Autonoma Trento,P.A. Trento,541380,579933,107.12,0.85
1772,2021-06-27,PAT,1368,735,633,395,961,12,ITH,ITH2,4,Provincia Autonoma Trento,P.A. Trento,541380,581301,107.37,0.25
1773,2021-01-12,PAT,541,173,368,540,0,1,ITH,ITH2,4,Provincia Autonoma Trento,P.A. Trento,541380,581842,107.47,0.1
1774,2021-08-30,PAT,3898,1988,1910,1181,2605,112,ITH,ITH2,4,Provincia Autonoma Trento,P.A. Trento,541380,585740,108.19,0.72
1775,2021-08-23,PAT,4342,2290,2052,1428,2747,167,ITH,ITH2,4,Provincia Autonoma Trento,P.A. Trento,541380,590082,109.0,0.8
1776,2021-09-06,PAT,3135,1647,1488,968,2066,101,ITH,ITH2,4,Provincia Autonoma Trento,P.A. Trento,541380,593217,109.57,0.58
1777,2021-07-11,PAT,1037,567,470,131,897,9,ITH,ITH2,4,Provincia Autonoma Trento,P.A. Trento,541380,594254,109.77,0.19
1778,2021-03-19,PAT,2467,925,1542,1503,881,83,ITH,ITH2,4,Provincia Autonoma Trento,P.A. Trento,541380,596721,110.22,0.46
1779,2021-04-05,PAT,35,17,18,30,2,3,ITH,ITH2,4,Provincia Autonoma Trento,P.A. Trento,541380,596756,110.23,0.01
1780,2021-02-02,PAT,942,254,688,192,750,0,ITH,ITH2,4,Provincia Autonoma Trento,P.A. Trento,541380,597698,110.4,0.17
1781,2021-07-09,PAT,5156,2735,2421,3048,1885,223,ITH,ITH2,4,Provincia Autonoma Trento,P.A. Trento,541380,602854,111.36,0.95
1782,2021-05-13,PAT,3458,1607,1851,2101,1127,230,ITH,ITH2,4,Provincia Autonoma Trento,P.A. Trento,541380,606312,111.99,0.64
1783,2021-03-31,PAT,2625,1001,1624,1657,868,100,ITH,ITH2,4,Provincia Autonoma Trento,P.A. Trento,541380,608937,112.48,0.48
1784,2021-01-26,PAT,577,173,404,28,549,0,ITH,ITH2,4,Provincia Autonoma Trento,P.A. Trento,541380,609514,112.59,0.11
1785,2021-04-24,PAT,3581,1715,1866,3353,16,212,ITH,ITH2,4,Provincia Autonoma Trento,P.A. Trento,541380,613095,113.25,0.66
1786,2021-02-26,PAT,1257,445,812,932,299,26,ITH,ITH2,4,Provincia Autonoma Trento,P.A. Trento,541380,614352,113.48,0.23
1787,2021-01-14,PAT,731,218,513,729,0,2,ITH,ITH2,4,Provincia Autonoma Trento,P.A. Trento,541380,615083,113.61,0.14
1788,2021-02-28,PAT,246,122,124,236,0,10,ITH,ITH2,4,Provincia Autonoma Trento,P.A. Trento,541380,615329,113.66,0.05
1789,2021-08-04,PAT,6211,3313,2898,2574,3499,138,ITH,ITH2,4,Provincia Autonoma Trento,P.A. Trento,541380,621540,114.81,1.15
1790,2021-06-08,PAT,6047,2919,3128,1782,4133,132,ITH,ITH2,4,Provincia Autonoma Trento,P.A. Trento,541380,627587,115.92,1.12
1791,2021-04-26,PAT,2676,1260,1416,2411,96,169,ITH,ITH2,4,Provincia Autonoma Trento,P.A. Trento,541380,630263,116.42,0.49
1792,2021-02-19,PAT,945,366,579,847,65,33,ITH,ITH2,4,Provincia Autonoma Trento,P.A. Trento,541380,631208,116.59,0.17
1793,2021-08-11,PAT,5848,3150,2698,3100,2585,163,ITH,ITH2,4,Provincia Autonoma Trento,P.A. Trento,541380,637056,117.67,1.08
1794,2021-03-05,PAT,2308,736,1572,1643,569,96,ITH,ITH2,4,Provincia Autonoma Trento,P.A. Trento,541380,639364,118.1,0.43
1795,2021-01-07,PAT,1301,328,973,1298,0,3,ITH,ITH2,4,Provincia Autonoma Trento,P.A. Trento,541380,640665,118.34,0.24
1796,2021-04-17,PAT,2253,1148,1105,2090,57,106,ITH,ITH2,4,Provincia Autonoma Trento,P.A. Trento,541380,642918,118.76,0.42
1797,2021-04-19,PAT,2646,1244,1402,2429,23,194,ITH,ITH2,4,Provincia Autonoma Trento,P.A. Trento,541380,645564,119.24,0.49
1798,2021-07-28,PAT,4870,2670,2200,2158,2573,139,ITH,ITH2,4,Provincia Autonoma Trento,P.A. Trento,541380,650434,120.14,0.9
1799,2021-06-15,PAT,6333,3342,2991,1631,4566,136,ITH,ITH2,4,Provincia Autonoma Trento,P.A. Trento,541380,656767,121.31,1.17
1800,2021-05-06,PAT,5617,2795,2822,4447,794,376,ITH,ITH2,4,Provincia Autonoma Trento,P.A. Trento,541380,662384,122.35,1.04
1801,2021-03-18,PAT,2335,964,1371,1221,1089,25,ITH,ITH2,4,Provincia Autonoma Trento,P.A. Trento,541380,664719,122.78,0.43
1802,2021-06-09,PAT,6331,3124,3207,2114,4132,85,ITH,ITH2,4,Provincia Autonoma Trento,P.A. Trento,541380,671050,123.95,1.17
1803,2021-06-26,PAT,1438,755,683,676,727,35,ITH,ITH2,4,Provincia Autonoma Trento,P.A. Trento,541380,672488,124.22,0.27
1804,2021-06-28,PAT,6956,3598,3358,2948,3869,139,ITH,ITH2,4,Provincia Autonoma Trento,P.A. Trento,541380,679444,125.5,1.28
1805,2021-04-06,PAT,2288,969,1319,1459,770,59,ITH,ITH2,4,Provincia Autonoma Trento,P.A. Trento,541380,681732,125.92,0.42
1806,2021-07-15,PAT,4299,2301,1998,1791,2364,144,ITH,ITH2,4,Provincia Autonoma Trento,P.A. Trento,541380,686031,126.72,0.79
1807,2021-01-13,PAT,444,131,313,444,0,0,ITH,ITH2,4,Provincia Autonoma Trento,P.A. Trento,541380,686475,126.8,0.08
1808,2021-02-12,PAT,1033,346,687,592,439,2,ITH,ITH2,4,Provincia Autonoma Trento,P.A. Trento,541380,687508,126.99,0.19
1809,2021-03-01,PAT,1256,460,796,928,303,25,ITH,ITH2,4,Provincia Autonoma Trento,P.A. Trento,541380,688764,127.22,0.23
1810,2021-03-20,PAT,888,409,479,663,211,14,ITH,ITH2,4,Provincia Autonoma Trento,P.A. Trento,541380,689652,127.39,0.16
1811,2021-03-03,PAT,1672,628,1044,1115,520,37,ITH,ITH2,4,Provincia Autonoma Trento,P.A. Trento,541380,691324,127.7,0.31
1812,2021-09-02,PAT,3353,1755,1598,949,2356,48,ITH,ITH2,4,Provincia Autonoma Trento,P.A. Trento,541380,694677,128.32,0.62
1813,2021-06-11,PAT,7312,3479,3833,1492,5713,107,ITH,ITH2,4,Provincia Autonoma Trento,P.A. Trento,541380,701989,129.67,1.35
1814,2021-06-13,PAT,3735,2062,1673,279,3430,26,ITH,ITH2,4,Provincia Autonoma Trento,P.A. Trento,541380,705724,130.36,0.69
1815,2020-12-27,PAT,107,43,64,107,0,0,ITH,ITH2,4,Provincia Autonoma Trento,P.A. Trento,541380,705831,130.38,0.02
1816,2021-07-30,PAT,5854,3098,2756,2292,3450,112,ITH,ITH2,4,Provincia Autonoma Trento,P.A. Trento,541380,711685,131.46,1.08
1817,2021-08-16,PAT,4856,2567,2289,1811,2932,113,ITH,ITH2,4,Provincia Autonoma Trento,P.A. Trento,541380,716541,132.35,0.9
1818,2021-05-25,PAT,4868,2315,2553,1743,2975,150,ITH,ITH2,4,Provincia Autonoma Trento,P.A. Trento,541380,721409,133.25,0.9
1819,2021-05-08,PAT,3195,1743,1452,2570,426,199,ITH,ITH2,4,Provincia Autonoma Trento,P.A. Trento,541380,724604,133.84,0.59
1820,2021-02-14,PAT,250,189,61,11,239,0,ITH,ITH2,4,Provincia Autonoma Trento,P.A. Trento,541380,724854,133.89,0.05
1821,2021-08-18,PAT,4637,2553,2084,1438,3112,87,ITH,ITH2,4,Provincia Autonoma Trento,P.A. Trento,541380,729491,134.75,0.86
1822,2021-05-27,PAT,4379,2034,2345,1164,3081,134,ITH,ITH2,4,Provincia Autonoma Trento,P.A. Trento,541380,733870,135.56,0.81
1823,2021-09-04,PAT,932,544,388,482,412,38,ITH,ITH2,4,Provincia Autonoma Trento,P.A. Trento,541380,734802,135.73,0.17
1824,2021-06-27,MOL,2389,1129,1260,1141,1237,11,ITF,ITF2,14,Molise,Molise,305617,2389,0.78,0.78
1825,2021-01-07,MOL,602,210,392,602,0,0,ITF,ITF2,14,Molise,Molise,305617,2991,0.98,0.2
1826,2021-02-12,MOL,337,152,185,212,124,1,ITF,ITF2,14,Molise,Molise,305617,3328,1.09,0.11
1827,2021-02-07,MOL,67,32,35,20,47,0,ITF,ITF2,14,Molise,Molise,305617,3395,1.11,0.02
1828,2021-05-18,MOL,1675,893,782,1004,658,13,ITF,ITF2,14,Molise,Molise,305617,5070,1.66,0.55
1829,2021-03-22,MOL,1172,450,722,897,245,30,ITF,ITF2,14,Molise,Molise,305617,6242,2.04,0.38
1830,2021-07-23,MOL,2935,1527,1408,875,2000,60,ITF,ITF2,14,Molise,Molise,305617,9177,3.0,0.96
1831,2021-09-04,MOL,1639,904,735,686,931,22,ITF,ITF2,14,Molise,Molise,305617,10816,3.54,0.54
1832,2021-08-28,MOL,1741,971,770,656,1069,16,ITF,ITF2,14,Molise,Molise,305617,12557,4.11,0.57
1833,2021-05-01,MOL,2674,1283,1391,407,2233,34,ITF,ITF2,14,Molise,Molise,305617,15231,4.98,0.87
1834,2021-03-05,MOL,1233,657,576,1010,209,14,ITF,ITF2,14,Molise,Molise,305617,16464,5.39,0.4
1835,2021-08-09,MOL,3443,1781,1662,1632,1760,51,ITF,ITF2,14,Molise,Molise,305617,19907,6.51,1.13
1836,2021-06-13,MOL,2942,1563,1379,2567,329,46,ITF,ITF2,14,Molise,Molise,305617,22849,7.48,0.96
1837,2021-04-17,MOL,3103,1528,1575,1555,1503,45,ITF,ITF2,14,Molise,Molise,305617,25952,8.49,1.02
1838,2021-01-26,MOL,450,184,266,8,442,0,ITF,ITF2,14,Molise,Molise,305617,26402,8.64,0.15
1839,2021-05-06,MOL,2754,1246,1508,2061,615,78,ITF,ITF2,14,Molise,Molise,305617,29156,9.54,0.9
1840,2021-07-28,MOL,2460,1306,1154,1152,1273,35,ITF,ITF2,14,Molise,Molise,305617,31616,10.34,0.8
1841,2021-03-24,MOL,1657,662,995,1221,402,34,ITF,ITF2,14,Molise,Molise,305617,33273,10.89,0.54
1842,2021-07-02,MOL,2713,1318,1395,137,2566,10,ITF,ITF2,14,Molise,Molise,305617,35986,11.77,0.89
1843,2021-07-04,MOL,2162,1091,1071,585,1554,23,ITF,ITF2,14,Molise,Molise,305617,38148,12.48,0.71
1844,2021-08-11,MOL,2024,1058,966,1144,816,64,ITF,ITF2,14,Molise,Molise,305617,40172,13.14,0.66
1845,2021-01-12,MOL,337,114,223,337,0,0,ITF,ITF2,14,Molise,Molise,305617,40509,13.25,0.11
1846,2021-08-23,MOL,1723,933,790,270,1440,13,ITF,ITF2,14,Molise,Molise,305617,42232,13.82,0.56
1847,2021-02-19,MOL,171,95,76,169,2,0,ITF,ITF2,14,Molise,Molise,305617,42403,13.87,0.06
1848,2021-03-10,MOL,1751,725,1026,1678,50,23,ITF,ITF2,14,Molise,Molise,305617,44154,14.45,0.57
1849,2021-06-01,MOL,2643,1343,1300,2485,111,47,ITF,ITF2,14,Molise,Molise,305617,46797,15.31,0.86
1850,2021-07-14,MOL,3442,1683,1759,211,3214,17,ITF,ITF2,14,Molise,Molise,305617,50239,16.44,1.13
1851,2021-04-05,MOL,392,190,202,293,99,0,ITF,ITF2,14,Molise,Molise,305617,50631,16.57,0.13
1852,2021-08-16,MOL,1786,926,860,829,941,16,ITF,ITF2,14,Molise,Molise,305617,52417,17.15,0.58
1853,2021-03-15,MOL,854,349,505,576,245,33,ITF,ITF2,14,Molise,Molise,305617,53271,17.43,0.28
1854,2021-05-20,MOL,2752,1418,1334,2424,190,138,ITF,ITF2,14,Molise,Molise,305617,56023,18.33,0.9
1855,2021-03-17,MOL,977,407,570,526,333,118,ITF,ITF2,14,Molise,Molise,305617,57000,18.65,0.32
1856,2021-06-25,MOL,3462,1704,1758,1479,1922,61,ITF,ITF2,14,Molise,Molise,305617,60462,19.78,1.13
1857,2021-06-08,MOL,2906,1603,1303,2202,701,3,ITF,ITF2,14,Molise,Molise,305617,63368,20.73,0.95
1858,2021-09-16,MOL,378,190,188,153,220,5,ITF,ITF2,14,Molise,Molise,305617,63746,20.86,0.12
1859,2021-06-20,MOL,424,174,250,48,372,4,ITF,ITF2,14,Molise,Molise,305617,64170,21.0,0.14
1860,2021-04-24,MOL,2582,1217,1365,703,1851,28,ITF,ITF2,14,Molise,Molise,305617,66752,21.84,0.84
1861,2021-02-26,MOL,567,262,305,492,74,1,ITF,ITF2,14,Molise,Molise,305617,67319,22.03,0.19
1862,2021-08-02,MOL,2729,1423,1306,1204,1477,48,ITF,ITF2,14,Molise,Molise,305617,70048,22.92,0.89
1863,2021-06-06,MOL,2127,1094,1033,1767,329,31,ITF,ITF2,14,Molise,Molise,305617,72175,23.62,0.7
1864,2021-03-19,MOL,1210,489,721,748,430,32,ITF,ITF2,14,Molise,Molise,305617,73385,24.01,0.4
1865,2021-01-17,MOL,78,38,40,48,30,0,ITF,ITF2,14,Molise,Molise,305617,73463,24.04,0.03
1866,2021-04-10,MOL,2686,1279,1407,2467,154,65,ITF,ITF2,14,Molise,Molise,305617,76149,24.92,0.88
1867,2021-02-05,MOL,599,271,328,56,543,0,ITF,ITF2,14,Molise,Molise,305617,76748,25.11,0.2
1868,2021-01-19,MOL,174,63,111,163,11,0,ITF,ITF2,14,Molise,Molise,305617,76922,25.17,0.06
1869,2021-04-29,MOL,2267,1164,1103,884,1356,27,ITF,ITF2,14,Molise,Molise,305617,79189,25.91,0.74
1870,2021-04-12,MOL,1311,563,748,1041,252,18,ITF,ITF2,14,Molise,Molise,305617,80500,26.34,0.43
1871,2021-07-21,MOL,2141,1075,1066,795,1299,47,ITF,ITF2,14,Molise,Molise,305617,82641,27.04,0.7
1872,2021-03-29,MOL,2072,846,1226,1524,489,59,ITF,ITF2,14,Molise,Molise,305617,84713,27.72,0.68
1873,2021-01-31,MOL,268,70,198,6,262,0,ITF,ITF2,14,Molise,Molise,305617,84981,27.81,0.09
1874,2021-09-11,MOL,1228,690,538,179,1037,12,ITF,ITF2,14,Molise,Molise,305617,86209,28.21,0.4
1875,2021-07-16,MOL,3106,1572,1534,399,2677,30,ITF,ITF2,14,Molise,Molise,305617,89315,29.22,1.02
1876,2021-07-09,MOL,3450,1659,1791,168,3264,18,ITF,ITF2,14,Molise,Molise,305617,92765,30.35,1.13
1877,2021-02-24,MOL,672,281,391,326,338,8,ITF,ITF2,14,Molise,Molise,305617,93437,30.57,0.22
1878,2021-09-09,MOL,1200,624,576,416,769,15,ITF,ITF2,14,Molise,Molise,305617,94637,30.97,0.39
1879,2021-05-13,MOL,3112,1446,1666,2556,461,95,ITF,ITF2,14,Molise,Molise,305617,97749,31.98,1.02
1880,2021-08-21,MOL,2171,1221,950,1102,1017,52,ITF,ITF2,14,Molise,Molise,305617,99920,32.69,0.71
1881,2021-08-04,MOL,2528,1310,1218,966,1543,19,ITF,ITF2,14,Molise,Molise,305617,102448,33.52,0.83
1882,2021-08-30,MOL,1693,911,782,228,1446,19,ITF,ITF2,14,Molise,Molise,305617,104141,34.08,0.55
1883,2021-06-24,MOL,3363,1565,1798,444,2881,38,ITF,ITF2,14,Molise,Molise,305617,107504,35.18,1.1
1884,2021-03-02,MOL,674,387,287,508,159,7,ITF,ITF2,14,Molise,Molise,305617,108178,35.4,0.22
1885,2021-06-10,MOL,2635,1212,1423,1285,1301,49,ITF,ITF2,14,Molise,Molise,305617,110813,36.26,0.86
1886,2021-04-02,MOL,1487,727,760,669,784,34,ITF,ITF2,14,Molise,Molise,305617,112300,36.75,0.49
1887,2021-05-25,MOL,1985,894,1091,1309,635,41,ITF,ITF2,14,Molise,Molise,305617,114285,37.39,0.65
1888,2021-01-04,MOL,315,132,183,315,0,0,ITF,ITF2,14,Molise,Molise,305617,114600,37.5,0.1
1889,2021-04-14,MOL,1827,775,1052,1139,669,19,ITF,ITF2,14,Molise,Molise,305617,116427,38.1,0.6
1890,2021-02-16,MOL,159,73,86,152,6,1,ITF,ITF2,14,Molise,Molise,305617,116586,38.15,0.05
1891,2021-05-27,MOL,2870,1367,1503,1984,844,42,ITF,ITF2,14,Molise,Molise,305617,119456,39.09,0.94
1892,2021-07-25,MOL,2024,1067,957,357,1651,16,ITF,ITF2,14,Molise,Molise,305617,121480,39.75,0.66
1893,2021-05-29,MOL,2387,1242,1145,1948,394,45,ITF,ITF2,14,Molise,Molise,305617,123867,40.53,0.78
1894,2021-09-06,MOL,1187,628,559,355,826,6,ITF,ITF2,14,Molise,Molise,305617,125054,40.92,0.39
1895,2021-09-01,MOL,1848,976,872,395,1433,20,ITF,ITF2,14,Molise,Molise,305617,126902,41.52,0.6
1896,2021-01-09,MOL,457,154,303,457,0,0,ITF,ITF2,14,Molise,Molise,305617,127359,41.67,0.15
1897,2021-04-19,MOL,1901,864,1037,992,785,124,ITF,ITF2,14,Molise,Molise,305617,129260,42.29,0.62
1898,2021-01-21,MOL,6,2,4,6,0,0,ITF,ITF2,14,Molise,Molise,305617,129266,42.3,0.0
1899,2021-08-20,MOL,2460,1295,1165,505,1935,20,ITF,ITF2,14,Molise,Molise,305617,131726,43.1,0.8
1900,2021-01-28,MOL,617,218,399,19,598,0,ITF,ITF2,14,Molise,Molise,305617,132343,43.3,0.2
1901,2021-03-12,MOL,1470,641,829,1410,36,24,ITF,ITF2,14,Molise,Molise,305617,133813,43.78,0.48
1902,2021-01-14,MOL,652,240,412,652,0,0,ITF,ITF2,14,Molise,Molise,305617,134465,44.0,0.21
1903,2021-03-03,MOL,677,320,357,588,83,6,ITF,ITF2,14,Molise,Molise,305617,135142,44.22,0.22
1904,2021-01-05,MOL,451,180,271,451,0,0,ITF,ITF2,14,Molise,Molise,305617,135593,44.37,0.15
1905,2021-07-06,MOL,3072,1433,1639,38,3029,5,ITF,ITF2,14,Molise,Molise,305617,138665,45.37,1.01
1906,2021-05-10,MOL,2961,1308,1653,2517,376,68,ITF,ITF2,14,Molise,Molise,305617,141626,46.34,0.97
1907,2021-06-29,MOL,2511,1168,1343,386,2094,31,ITF,ITF2,14,Molise,Molise,305617,144137,47.16,0.82
1908,2021-05-03,MOL,2556,1214,1342,2320,165,71,ITF,ITF2,14,Molise,Molise,305617,146693,48.0,0.84
1909,2021-07-11,MOL,2465,1200,1265,181,2280,4,ITF,ITF2,14,Molise,Molise,305617,149158,48.81,0.81
1910,2021-08-13,MOL,1538,801,737,1122,384,32,ITF,ITF2,14,Molise,Molise,305617,150696,49.31,0.5
1911,2021-05-08,MOL,3041,1479,1562,1719,1259,63,ITF,ITF2,14,Molise,Molise,305617,153737,50.3,1.0
1912,2021-04-21,MOL,1892,798,1094,971,910,11,ITF,ITF2,14,Molise,Molise,305617,155629,50.92,0.62
1913,2021-07-30,MOL,2700,1399,1301,1443,1196,61,ITF,ITF2,14,Molise,Molise,305617,158329,51.81,0.88
1914,2021-02-11,MOL,297,133,164,260,37,0,ITF,ITF2,14,Molise,Molise,305617,158626,51.9,0.1
1915,2021-05-22,MOL,2314,1199,1115,2199,91,24,ITF,ITF2,14,Molise,Molise,305617,160940,52.66,0.76
1916,2021-07-13,MOL,2832,1437,1395,323,2491,18,ITF,ITF2,14,Molise,Molise,305617,163772,53.59,0.93
1917,2021-02-28,MOL,839,337,502,794,43,2,ITF,ITF2,14,Molise,Molise,305617,164611,53.86,0.27
1918,2021-04-28,MOL,1724,944,780,491,1221,12,ITF,ITF2,14,Molise,Molise,305617,166335,54.43,0.56
1919,2021-08-06,MOL,2340,1236,1104,1090,1207,43,ITF,ITF2,14,Molise,Molise,305617,168675,55.19,0.77
1920,2021-02-21,MOL,577,228,349,575,2,0,ITF,ITF2,14,Molise,Molise,305617,169252,55.38,0.19
1921,2021-02-04,MOL,762,296,466,78,684,0,ITF,ITF2,14,Molise,Molise,305617,170014,55.63,0.25
1922,2021-05-15,MOL,3038,1428,1610,2559,390,89,ITF,ITF2,14,Molise,Molise,305617,173052,56.62,0.99
1923,2021-05-26,MOL,1648,752,896,830,771,47,ITF,ITF2,14,Molise,Molise,305617,174700,57.16,0.54
1924,2021-03-30,MOL,2036,873,1163,1486,514,36,ITF,ITF2,14,Molise,Molise,305617,176736,57.83,0.67
1925,2021-09-03,MOL,1684,877,807,357,1304,23,ITF,ITF2,14,Molise,Molise,305617,178420,58.38,0.55
1926,2021-02-01,MOL,563,201,362,14,549,0,ITF,ITF2,14,Molise,Molise,305617,178983,58.56,0.18
1927,2021-07-08,MOL,3448,1661,1787,108,3317,23,ITF,ITF2,14,Molise,Molise,305617,182431,59.69,1.13
1928,2021-05-12,MOL,2927,1328,1599,2716,100,111,ITF,ITF2,14,Molise,Molise,305617,185358,60.65,0.96
1929,2021-03-31,MOL,2272,938,1334,1322,820,130,ITF,ITF2,14,Molise,Molise,305617,187630,61.39,0.74
1930,2021-05-17,MOL,2266,1108,1158,1718,498,50,ITF,ITF2,14,Molise,Molise,305617,189896,62.14,0.74
1931,2021-03-21,MOL,1254,546,708,481,770,3,ITF,ITF2,14,Molise,Molise,305617,191150,62.55,0.41
1932,2021-08-25,MOL,1506,810,696,344,1152,10,ITF,ITF2,14,Molise,Molise,305617,192656,63.04,0.49
1933,2021-03-14,MOL,601,242,359,18,583,0,ITF,ITF2,14,Molise,Molise,305617,193257,63.24,0.2
1934,2021-08-18,MOL,1347,706,641,344,981,22,ITF,ITF2,14,Molise,Molise,305617,194604,63.68,0.44
1935,2021-06-22,MOL,2984,1378,1606,676,2288,20,ITF,ITF2,14,Molise,Molise,305617,197588,64.65,0.98
1936,2021-02-09,MOL,361,171,190,198,163,0,ITF,ITF2,14,Molise,Molise,305617,197949,64.77,0.12
1937,2021-08-01,MOL,967,530,437,760,175,32,ITF,ITF2,14,Molise,Molise,305617,198916,65.09,0.32
1938,2021-02-27,MOL,1375,572,803,1349,20,6,ITF,ITF2,14,Molise,Molise,305617,200291,65.54,0.45
1939,2021-06-07,MOL,1991,877,1114,1140,824,27,ITF,ITF2,14,Molise,Molise,305617,202282,66.19,0.65
1940,2021-09-15,MOL,387,199,188,158,220,9,ITF,ITF2,14,Molise,Molise,305617,202669,66.31,0.13
1941,2021-02-13,MOL,132,80,52,132,0,0,ITF,ITF2,14,Molise,Molise,305617,202801,66.36,0.04
1942,2021-08-29,MOL,1432,781,651,111,1312,9,ITF,ITF2,14,Molise,Molise,305617,204233,66.83,0.47
1943,2021-05-24,MOL,1991,866,1125,1282,676,33,ITF,ITF2,14,Molise,Molise,305617,206224,67.48,0.65
1944,2021-05-07,MOL,2698,1258,1440,2032,602,64,ITF,ITF2,14,Molise,Molise,305617,208922,68.36,0.88
1945,2021-09-17,MOL,377,200,177,122,249,6,ITF,ITF2,14,Molise,Molise,305617,209299,68.48,0.12
1946,2021-04-06,MOL,1528,714,814,1142,346,40,ITF,ITF2,14,Molise,Molise,305617,210827,68.98,0.5
1947,2021-02-08,MOL,336,141,195,216,120,0,ITF,ITF2,14,Molise,Molise,305617,211163,69.09,0.11
1948,2021-07-15,MOL,3230,1625,1605,214,3001,15,ITF,ITF2,14,Molise,Molise,305617,214393,70.15,1.06
1949,2021-05-19,MOL,2406,1228,1178,1909,431,66,ITF,ITF2,14,Molise,Molise,305617,216799,70.94,0.79
1950,2021-03-23,MOL,1686,711,975,1428,211,47,ITF,ITF2,14,Molise,Molise,305617,218485,71.49,0.55
1951,2021-08-27,MOL,2119,1090,1029,415,1682,22,ITF,ITF2,14,Molise,Molise,305617,220604,72.18,0.69
1952,2021-07-01,MOL,2684,1306,1378,275,2391,18,ITF,ITF2,14,Molise,Molise,305617,223288,73.06,0.88
1953,2021-02-02,MOL,540,176,364,216,323,1,ITF,ITF2,14,Molise,Molise,305617,223828,73.24,0.18
1954,2021-01-16,MOL,426,169,257,426,0,0,ITF,ITF2,14,Molise,Molise,305617,224254,73.38,0.14
1955,2021-04-26,MOL,1174,528,646,816,332,26,ITF,ITF2,14,Molise,Molise,305617,225428,73.76,0.38
1956,2021-04-09,MOL,2369,1272,1097,2118,192,59,ITF,ITF2,14,Molise,Molise,305617,227797,74.54,0.78
1957,2021-02-23,MOL,586,223,363,362,221,3,ITF,ITF2,14,Molise,Molise,305617,228383,74.73,0.19
1958,2021-06-03,MOL,3338,1591,1747,2728,561,49,ITF,ITF2,14,Molise,Molise,305617,231721,75.82,1.09
1959,2021-04-07,MOL,1740,882,858,1376,276,88,ITF,ITF2,14,Molise,Molise,305617,233461,76.39,0.57
1960,2021-06-05,MOL,3045,1538,1507,2827,177,41,ITF,ITF2,14,Molise,Molise,305617,236506,77.39,1.0
1961,2021-09-13,MOL,408,228,180,123,279,6,ITF,ITF2,14,Molise,Molise,305617,236914,77.52,0.13
1962,2021-07-18,MOL,1782,897,885,126,1646,10,ITF,ITF2,14,Molise,Molise,305617,238696,78.1,0.58
1963,2021-08-03,MOL,2218,1154,1064,1226,956,36,ITF,ITF2,14,Molise,Molise,305617,240914,78.83,0.73
1964,2021-03-11,MOL,1477,641,836,1454,6,17,ITF,ITF2,14,Molise,Molise,305617,242391,79.31,0.48
1965,2021-01-06,MOL,695,263,432,695,0,0,ITF,ITF2,14,Molise,Molise,305617,243086,79.54,0.23
1966,2021-04-16,MOL,2464,1049,1415,1187,1238,39,ITF,ITF2,14,Molise,Molise,305617,245550,80.35,0.81
1967,2021-04-18,MOL,1092,486,606,143,939,10,ITF,ITF2,14,Molise,Molise,305617,246642,80.7,0.36
1968,2021-07-27,MOL,1965,1086,879,1340,555,70,ITF,ITF2,14,Molise,Molise,305617,248607,81.35,0.64
1969,2021-07-10,MOL,3744,1789,1955,326,3404,14,ITF,ITF2,14,Molise,Molise,305617,252351,82.57,1.23
1970,2021-04-04,MOL,258,142,116,231,15,12,ITF,ITF2,14,Molise,Molise,305617,252609,82.66,0.08
1971,2021-03-18,MOL,1220,495,725,637,465,118,ITF,ITF2,14,Molise,Molise,305617,253829,83.05,0.4
1972,2021-06-26,MOL,3141,1545,1596,530,2596,15,ITF,ITF2,14,Molise,Molise,305617,256970,84.08,1.03
1973,2021-03-16,MOL,618,230,388,266,348,4,ITF,ITF2,14,Molise,Molise,305617,257588,84.28,0.2
1974,2021-01-11,MOL,562,194,368,562,0,0,ITF,ITF2,14,Molise,Molise,305617,258150,84.47,0.18
1975,2021-07-29,MOL,2476,1271,1205,1601,823,52,ITF,ITF2,14,Molise,Molise,305617,260626,85.28,0.81
1976,2021-01-18,MOL,117,48,69,117,0,0,ITF,ITF2,14,Molise,Molise,305617,260743,85.32,0.04
1977,2021-04-11,MOL,1221,603,618,1176,14,31,ITF,ITF2,14,Molise,Molise,305617,261964,85.72,0.4
1978,2021-07-20,MOL,2199,1110,1089,1029,1120,50,ITF,ITF2,14,Molise,Molise,305617,264163,86.44,0.72
1979,2021-07-03,MOL,2766,1392,1374,580,2164,22,ITF,ITF2,14,Molise,Molise,305617,266929,87.34,0.91
1980,2021-08-08,MOL,893,467,426,648,229,16,ITF,ITF2,14,Molise,Molise,305617,267822,87.63,0.29
1981,2021-07-22,MOL,2273,1127,1146,848,1365,60,ITF,ITF2,14,Molise,Molise,305617,270095,88.38,0.74
1982,2021-03-28,MOL,1640,757,883,523,1103,14,ITF,ITF2,14,Molise,Molise,305617,271735,88.91,0.54
1983,2021-01-30,MOL,465,161,304,12,453,0,ITF,ITF2,14,Molise,Molise,305617,272200,89.07,0.15
1984,2021-02-10,MOL,152,80,72,132,20,0,ITF,ITF2,14,Molise,Molise,305617,272352,89.12,0.05
1985,2021-05-21,MOL,2295,1158,1137,1812,330,153,ITF,ITF2,14,Molise,Molise,305617,274647,89.87,0.75
1986,2021-01-27,MOL,675,251,424,8,667,0,ITF,ITF2,14,Molise,Molise,305617,275322,90.09,0.22
1987,2021-08-14,MOL,1622,875,747,705,896,21,ITF,ITF2,14,Molise,Molise,305617,276944,90.62,0.53
1988,2021-01-25,MOL,319,130,189,3,316,0,ITF,ITF2,14,Molise,Molise,305617,277263,90.72,0.1
1989,2021-05-05,MOL,2502,1073,1429,2310,145,47,ITF,ITF2,14,Molise,Molise,305617,279765,91.54,0.82
1990,2021-05-04,MOL,2755,1200,1555,2562,133,60,ITF,ITF2,14,Molise,Molise,305617,282520,92.44,0.9
1991,2021-01-10,MOL,270,72,198,270,0,0,ITF,ITF2,14,Molise,Molise,305617,282790,92.53,0.09
1992,2021-04-20,MOL,2342,1038,1304,1215,1112,15,ITF,ITF2,14,Molise,Molise,305617,285132,93.3,0.77
1993,2021-06-09,MOL,1841,927,914,873,936,32,ITF,ITF2,14,Molise,Molise,305617,286973,93.9,0.6
1994,2021-05-23,MOL,1796,904,892,1752,10,34,ITF,ITF2,14,Molise,Molise,305617,288769,94.49,0.59
1995,2021-06-21,MOL,2941,1366,1575,1654,1239,48,ITF,ITF2,14,Molise,Molise,305617,291710,95.45,0.96
1996,2021-04-25,MOL,800,401,399,559,233,8,ITF,ITF2,14,Molise,Molise,305617,292510,95.71,0.26
1997,2021-01-13,MOL,481,163,318,481,0,0,ITF,ITF2,14,Molise,Molise,305617,292991,95.87,0.16
1998,2021-06-19,MOL,2377,1179,1198,1305,1026,46,ITF,ITF2,14,Molise,Molise,305617,295368,96.65,0.78
1999,2021-04-23,MOL,2084,903,1181,1382,671,31,ITF,ITF2,14,Molise,Molise,305617,297452,97.33,0.68
2000,2021-03-04,MOL,858,422,436,517,325,16,ITF,ITF2,14,Molise,Molise,305617,298310,97.61,0.28
2001,2021-06-12,MOL,5964,3066,2898,5668,204,92,ITF,ITF2,14,Molise,Molise,305617,304274,99.56,1.95
2002,2021-08-17,MOL,1669,879,790,342,1310,17,ITF,ITF2,14,Molise,Molise,305617,305943,100.11,0.55
2003,2021-09-05,MOL,7,6,1,7,0,0,ITF,ITF2,14,Molise,Molise,305617,305950,100.11,0.0
2004,2021-02-06,MOL,431,179,252,30,401,0,ITF,ITF2,14,Molise,Molise,305617,306381,100.25,0.14
2005,2021-01-08,MOL,433,142,291,433,0,0,ITF,ITF2,14,Molise,Molise,305617,306814,100.39,0.14
2006,2021-09-02,MOL,1527,790,737,306,1195,26,ITF,ITF2,14,Molise,Molise,305617,308341,100.89,0.5
2007,2021-04-01,MOL,1499,677,822,742,730,27,ITF,ITF2,14,Molise,Molise,305617,309840,101.38,0.49
2008,2021-06-04,MOL,3119,1535,1584,2617,459,43,ITF,ITF2,14,Molise,Molise,305617,312959,102.4,1.02
2009,2021-04-08,MOL,1807,929,878,1556,203,48,ITF,ITF2,14,Molise,Molise,305617,314766,102.99,0.59
2010,2021-09-12,MOL,389,211,178,343,33,13,ITF,ITF2,14,Molise,Molise,305617,315155,103.12,0.13
2011,2021-07-17,MOL,2880,1535,1345,304,2553,23,ITF,ITF2,14,Molise,Molise,305617,318035,104.06,0.94
2012,2021-07-26,MOL,2456,1265,1191,1264,1125,67,ITF,ITF2,14,Molise,Molise,305617,320491,104.87,0.8
2013,2021-02-15,MOL,145,70,75,142,3,0,ITF,ITF2,14,Molise,Molise,305617,320636,104.91,0.05
2014,2021-08-26,MOL,1726,936,790,308,1411,7,ITF,ITF2,14,Molise,Molise,305617,322362,105.48,0.56
2015,2021-06-30,MOL,2988,1419,1569,880,2024,84,ITF,ITF2,14,Molise,Molise,305617,325350,106.46,0.98
2016,2021-03-13,MOL,1194,598,596,184,991,19,ITF,ITF2,14,Molise,Molise,305617,326544,106.85,0.39
2017,2021-01-15,MOL,548,245,303,548,0,0,ITF,ITF2,14,Molise,Molise,305617,327092,107.03,0.18
2018,2021-06-14,MOL,1653,822,831,549,1087,17,ITF,ITF2,14,Molise,Molise,305617,328745,107.57,0.54
2019,2021-01-20,MOL,18,8,10,18,0,0,ITF,ITF2,14,Molise,Molise,305617,328763,107.57,0.01
2020,2021-04-30,MOL,2976,1575,1401,826,2122,28,ITF,ITF2,14,Molise,Molise,305617,331739,108.55,0.97
2021,2021-02-25,MOL,543,239,304,471,69,3,ITF,ITF2,14,Molise,Molise,305617,332282,108.72,0.18
2022,2021-08-10,MOL,1927,1047,880,688,1207,32,ITF,ITF2,14,Molise,Molise,305617,334209,109.36,0.63
2023,2021-08-31,MOL,1745,954,791,313,1422,10,ITF,ITF2,14,Molise,Molise,305617,335954,109.93,0.57
2024,2021-03-01,MOL,668,275,393,433,215,20,ITF,ITF2,14,Molise,Molise,305617,336622,110.15,0.22
2025,2021-04-03,MOL,1805,867,938,1729,37,39,ITF,ITF2,14,Molise,Molise,305617,338427,110.74,0.59
2026,2021-07-12,MOL,2700,1335,1365,364,2314,22,ITF,ITF2,14,Molise,Molise,305617,341127,111.62,0.88
2027,2021-03-25,MOL,1837,741,1096,1291,498,48,ITF,ITF2,14,Molise,Molise,305617,342964,112.22,0.6
2028,2021-03-08,MOL,1401,529,872,1216,140,45,ITF,ITF2,14,Molise,Molise,305617,344365,112.68,0.46
2029,2021-06-16,MOL,2141,1058,1083,1170,951,20,ITF,ITF2,14,Molise,Molise,305617,346506,113.38,0.7
2030,2021-04-13,MOL,1644,722,922,1041,589,14,ITF,ITF2,14,Molise,Molise,305617,348150,113.92,0.54
2031,2021-03-27,MOL,2766,1284,1482,1303,1434,29,ITF,ITF2,14,Molise,Molise,305617,350916,114.82,0.91
2032,2021-07-05,MOL,2748,1288,1460,42,2704,2,ITF,ITF2,14,Molise,Molise,305617,353664,115.72,0.9
2033,2021-06-18,MOL,2795,1264,1531,1304,1462,29,ITF,ITF2,14,Molise,Molise,305617,356459,116.64,0.91
2034,2021-05-30,MOL,1892,949,943,1568,288,36,ITF,ITF2,14,Molise,Molise,305617,358351,117.25,0.62
2035,2021-09-07,MOL,921,498,423,346,563,12,ITF,ITF2,14,Molise,Molise,305617,359272,117.56,0.3
2036,2021-04-22,MOL,1861,871,990,1062,781,18,ITF,ITF2,14,Molise,Molise,305617,361133,118.17,0.61
2037,2021-07-31,MOL,2012,1122,890,764,1202,46,ITF,ITF2,14,Molise,Molise,305617,363145,118.82,0.66
2038,2021-02-17,MOL,72,32,40,50,15,7,ITF,ITF2,14,Molise,Molise,305617,363217,118.85,0.02
2039,2021-07-24,MOL,3159,1698,1461,738,2391,30,ITF,ITF2,14,Molise,Molise,305617,366376,119.88,1.03
2040,2021-05-28,MOL,2684,1377,1307,2062,549,73,ITF,ITF2,14,Molise,Molise,305617,369060,120.76,0.88
2041,2021-06-11,MOL,3490,1679,1811,1997,1440,53,ITF,ITF2,14,Molise,Molise,305617,372550,121.9,1.14
2042,2021-04-15,MOL,1959,807,1152,1099,851,9,ITF,ITF2,14,Molise,Molise,305617,374509,122.54,0.64
2043,2021-09-14,MOL,546,295,251,171,369,6,ITF,ITF2,14,Molise,Molise,305617,375055,122.72,0.18
2044,2021-02-22,MOL,267,129,138,250,15,2,ITF,ITF2,14,Molise,Molise,305617,375322,122.81,0.09
2045,2020-12-27,MOL,50,20,30,50,0,0,ITF,ITF2,14,Molise,Molise,305617,375372,122.82,0.02
2046,2021-08-12,MOL,1465,761,704,1026,400,39,ITF,ITF2,14,Molise,Molise,305617,376837,123.3,0.48
2047,2021-01-29,MOL,425,137,288,6,419,0,ITF,ITF2,14,Molise,Molise,305617,377262,123.44,0.14
2048,2021-05-09,MOL,2083,951,1132,1938,98,47,ITF,ITF2,14,Molise,Molise,305617,379345,124.12,0.68
2049,2021-07-07,MOL,2969,1374,1595,58,2907,4,ITF,ITF2,14,Molise,Molise,305617,382314,125.1,0.97
2050,2021-05-11,MOL,3277,1447,1830,2927,254,96,ITF,ITF2,14,Molise,Molise,305617,385591,126.17,1.07
2051,2021-08-19,MOL,2284,1147,1137,609,1648,27,ITF,ITF2,14,Molise,Molise,305617,387875,126.92,0.75
2052,2021-01-22,MOL,128,36,92,128,0,0,ITF,ITF2,14,Molise,Molise,305617,388003,126.96,0.04
2053,2021-06-23,MOL,2817,1298,1519,223,2584,10,ITF,ITF2,14,Molise,Molise,305617,390820,127.88,0.92
2054,2021-03-20,MOL,2352,986,1366,1011,1323,18,ITF,ITF2,14,Molise,Molise,305617,393172,128.65,0.77
2055,2021-05-02,MOL,1922,950,972,584,1318,20,ITF,ITF2,14,Molise,Molise,305617,395094,129.28,0.63
2056,2021-03-06,MOL,1730,809,921,1559,160,11,ITF,ITF2,14,Molise,Molise,305617,396824,129.84,0.57
2057,2021-06-28,MOL,2936,1369,1567,1016,1896,24,ITF,ITF2,14,Molise,Molise,305617,399760,130.8,0.96
2058,2021-03-07,MOL,1133,501,632,1128,2,3,ITF,ITF2,14,Molise,Molise,305617,400893,131.17,0.37
2059,2021-06-15,MOL,2256,1063,1193,779,1459,18,ITF,ITF2,14,Molise,Molise,305617,403149,131.91,0.74
2060,2021-06-17,MOL,2326,1026,1300,922,1373,31,ITF,ITF2,14,Molise,Molise,305617,405475,132.67,0.76
2061,2021-09-08,MOL,975,516,459,252,719,4,ITF,ITF2,14,Molise,Molise,305617,406450,132.99,0.32
2062,2021-03-26,MOL,2640,1063,1577,1908,647,85,ITF,ITF2,14,Molise,Molise,305617,409090,133.86,0.86
2063,2021-02-18,MOL,325,74,251,308,13,4,ITF,ITF2,14,Molise,Molise,305617,409415,133.96,0.11
2064,2021-03-09,MOL,1342,585,757,1155,154,33,ITF,ITF2,14,Molise,Molise,305617,410757,134.4,0.44
2065,2021-02-20,MOL,1022,444,578,1002,20,0,ITF,ITF2,14,Molise,Molise,305617,411779,134.74,0.33
2066,2021-05-31,MOL,2392,1165,1227,1916,428,48,ITF,ITF2,14,Molise,Molise,305617,414171,135.52,0.78
2067,2021-05-14,MOL,2692,1242,1450,1902,724,66,ITF,ITF2,14,Molise,Molise,305617,416863,136.4,0.88
2068,2021-08-22,MOL,389,202,187,3,386,0,ITF,ITF2,14,Molise,Molise,305617,417252,136.53,0.13
2069,2021-06-02,MOL,2865,1376,1489,2730,100,35,ITF,ITF2,14,Molise,Molise,305617,420117,137.47,0.94
2070,2021-09-10,MOL,1004,528,476,384,606,14,ITF,ITF2,14,Molise,Molise,305617,421121,137.79,0.33
2071,2021-07-19,MOL,2819,1379,1440,519,2269,31,ITF,ITF2,14,Molise,Molise,305617,423940,138.72,0.92
2072,2021-02-03,MOL,748,255,493,347,401,0,ITF,ITF2,14,Molise,Molise,305617,424688,138.96,0.24
2073,2021-04-27,MOL,1628,782,846,447,1138,43,ITF,ITF2,14,Molise,Molise,305617,426316,139.49,0.53
2074,2021-08-05,MOL,2300,1161,1139,1621,627,52,ITF,ITF2,14,Molise,Molise,305617,428616,140.25,0.75
2075,2021-05-16,MOL,1285,585,700,1065,185,35,ITF,ITF2,14,Molise,Molise,305617,429901,140.67,0.42
2076,2021-08-24,MOL,1714,926,788,263,1426,25,ITF,ITF2,14,Molise,Molise,305617,431615,141.23,0.56
2077,2021-08-07,MOL,1940,1073,867,1060,852,28,ITF,ITF2,14,Molise,Molise,305617,433555,141.86,0.63
2078,2021-08-15,UMB,4393,2387,2006,2868,1382,143,ITI,ITI2,10,Umbria,Umbria,882015,4393,0.5,0.5
2079,2021-07-29,UMB,8204,4228,3976,2144,5941,119,ITI,ITI2,10,Umbria,Umbria,882015,12597,1.43,0.93
2080,2021-05-07,UMB,10134,4716,5418,6656,3192,286,ITI,ITI2,10,Umbria,Umbria,882015,22731,2.58,1.15
2081,2021-08-29,UMB,1947,1004,943,684,1254,9,ITI,ITI2,10,Umbria,Umbria,882015,24678,2.8,0.22
2082,2021-09-05,UMB,3390,1798,1592,259,3117,14,ITI,ITI2,10,Umbria,Umbria,882015,28068,3.18,0.38
2083,2021-03-23,UMB,3828,1714,2114,2159,1632,37,ITI,ITI2,10,Umbria,Umbria,882015,31896,3.62,0.43
2084,2021-08-27,UMB,4601,2419,2182,1499,3000,102,ITI,ITI2,10,Umbria,Umbria,882015,36497,4.14,0.52
2085,2021-07-01,UMB,9748,4820,4928,3303,6291,154,ITI,ITI2,10,Umbria,Umbria,882015,46245,5.24,1.11
2086,2021-02-08,UMB,637,203,434,88,549,0,ITI,ITI2,10,Umbria,Umbria,882015,46882,5.32,0.07
2087,2021-05-19,UMB,9432,4219,5213,5599,3745,88,ITI,ITI2,10,Umbria,Umbria,882015,56314,6.38,1.07
2088,2021-04-23,UMB,6659,2821,3838,3301,3159,199,ITI,ITI2,10,Umbria,Umbria,882015,62973,7.14,0.75
2089,2021-02-25,UMB,1334,496,838,1274,52,8,ITI,ITI2,10,Umbria,Umbria,882015,64307,7.29,0.15
2090,2021-03-11,UMB,3687,1799,1888,2668,1008,11,ITI,ITI2,10,Umbria,Umbria,882015,67994,7.71,0.42
2091,2021-01-13,UMB,452,140,312,452,0,0,ITI,ITI2,10,Umbria,Umbria,882015,68446,7.76,0.05
2092,2021-06-19,UMB,4589,2206,2383,2462,2033,94,ITI,ITI2,10,Umbria,Umbria,882015,73035,8.28,0.52
2093,2021-01-06,UMB,847,326,521,847,0,0,ITI,ITI2,10,Umbria,Umbria,882015,73882,8.38,0.1
2094,2021-06-12,UMB,7724,3690,4034,5961,1580,183,ITI,ITI2,10,Umbria,Umbria,882015,81606,9.25,0.88
2095,2021-02-13,UMB,114,27,87,111,3,0,ITI,ITI2,10,Umbria,Umbria,882015,81720,9.27,0.01
2096,2021-05-24,UMB,9078,4521,4557,8030,882,166,ITI,ITI2,10,Umbria,Umbria,882015,90798,10.29,1.03
2097,2021-04-18,UMB,1532,681,851,578,931,23,ITI,ITI2,10,Umbria,Umbria,882015,92330,10.47,0.17
2098,2021-01-11,UMB,1337,364,973,1337,0,0,ITI,ITI2,10,Umbria,Umbria,882015,93667,10.62,0.15
2099,2021-07-27,UMB,8147,4092,4055,2694,5336,117,ITI,ITI2,10,Umbria,Umbria,882015,101814,11.54,0.92
2100,2021-05-05,UMB,7224,3306,3918,3834,3306,84,ITI,ITI2,10,Umbria,Umbria,882015,109038,12.36,0.82
2101,2021-01-25,UMB,649,322,327,5,644,0,ITI,ITI2,10,Umbria,Umbria,882015,109687,12.44,0.07
2102,2021-07-03,UMB,6481,3248,3233,2832,3497,152,ITI,ITI2,10,Umbria,Umbria,882015,116168,13.17,0.73
2103,2021-07-20,UMB,8269,4108,4161,1096,7089,84,ITI,ITI2,10,Umbria,Umbria,882015,124437,14.11,0.94
2104,2021-08-10,UMB,7403,3935,3468,4003,3257,143,ITI,ITI2,10,Umbria,Umbria,882015,131840,14.95,0.84
2105,2021-06-14,UMB,5388,2750,2638,3253,2016,119,ITI,ITI2,10,Umbria,Umbria,882015,137228,15.56,0.61
2106,2021-06-02,UMB,3926,1886,2040,3805,42,79,ITI,ITI2,10,Umbria,Umbria,882015,141154,16.0,0.45
2107,2021-09-10,UMB,4540,2485,2055,723,3773,44,ITI,ITI2,10,Umbria,Umbria,882015,145694,16.52,0.51
2108,2021-02-20,UMB,283,101,182,259,24,0,ITI,ITI2,10,Umbria,Umbria,882015,145977,16.55,0.03
2109,2021-03-09,UMB,4093,2003,2090,2797,1288,8,ITI,ITI2,10,Umbria,Umbria,882015,150070,17.01,0.46
2110,2021-04-06,UMB,5294,2167,3127,2865,2392,37,ITI,ITI2,10,Umbria,Umbria,882015,155364,17.61,0.6
2111,2021-03-28,UMB,1096,441,655,1041,24,31,ITI,ITI2,10,Umbria,Umbria,882015,156460,17.74,0.12
2112,2021-01-30,UMB,1575,486,1089,43,1532,0,ITI,ITI2,10,Umbria,Umbria,882015,158035,17.92,0.18
2113,2021-07-15,UMB,10578,5178,5400,568,9911,99,ITI,ITI2,10,Umbria,Umbria,882015,168613,19.12,1.2
2114,2021-09-17,UMB,1806,994,812,476,1307,23,ITI,ITI2,10,Umbria,Umbria,882015,170419,19.32,0.2
2115,2021-03-18,UMB,2987,1179,1808,1713,1266,8,ITI,ITI2,10,Umbria,Umbria,882015,173406,19.66,0.34
2116,2021-06-26,UMB,9381,4758,4623,5579,3639,163,ITI,ITI2,10,Umbria,Umbria,882015,182787,20.72,1.06
2117,2021-07-10,UMB,7690,3810,3880,66,7610,14,ITI,ITI2,10,Umbria,Umbria,882015,190477,21.6,0.87
2118,2021-02-06,UMB,437,163,274,34,403,0,ITI,ITI2,10,Umbria,Umbria,882015,190914,21.65,0.05
2119,2021-05-26,UMB,9665,4573,5092,8220,1253,192,ITI,ITI2,10,Umbria,Umbria,882015,200579,22.74,1.1
2120,2021-09-03,UMB,4234,2193,2041,1320,2854,60,ITI,ITI2,10,Umbria,Umbria,882015,204813,23.22,0.48
2121,2021-04-04,UMB,57,20,37,22,35,0,ITI,ITI2,10,Umbria,Umbria,882015,204870,23.23,0.01
2122,2021-06-07,UMB,6961,3436,3525,6087,696,178,ITI,ITI2,10,Umbria,Umbria,882015,211831,24.02,0.79
2123,2021-09-15,UMB,3683,1907,1776,887,2726,70,ITI,ITI2,10,Umbria,Umbria,882015,215514,24.43,0.42
2124,2021-03-16,UMB,3538,1454,2084,1909,1627,2,ITI,ITI2,10,Umbria,Umbria,882015,219052,24.84,0.4
2125,2021-02-27,UMB,1658,354,1304,1642,16,0,ITI,ITI2,10,Umbria,Umbria,882015,220710,25.02,0.19
2126,2021-04-16,UMB,8102,3745,4357,6085,1838,179,ITI,ITI2,10,Umbria,Umbria,882015,228812,25.94,0.92
2127,2021-04-30,UMB,6258,2971,3287,2735,3401,122,ITI,ITI2,10,Umbria,Umbria,882015,235070,26.65,0.71
2128,2021-03-04,UMB,4486,1856,2630,3644,827,15,ITI,ITI2,10,Umbria,Umbria,882015,239556,27.16,0.51
2129,2021-08-08,UMB,5066,2712,2354,3556,1414,96,ITI,ITI2,10,Umbria,Umbria,882015,244622,27.73,0.57
2130,2021-01-20,UMB,603,221,382,603,0,0,ITI,ITI2,10,Umbria,Umbria,882015,245225,27.8,0.07
2131,2021-07-22,UMB,10076,4924,5152,1653,8317,106,ITI,ITI2,10,Umbria,Umbria,882015,255301,28.95,1.14
2132,2021-01-01,UMB,273,104,169,273,0,0,ITI,ITI2,10,Umbria,Umbria,882015,255574,28.98,0.03
2133,2021-04-11,UMB,3101,1506,1595,3035,49,17,ITI,ITI2,10,Umbria,Umbria,882015,258675,29.33,0.35
2134,2021-01-18,UMB,619,221,398,531,88,0,ITI,ITI2,10,Umbria,Umbria,882015,259294,29.4,0.07
2135,2021-07-08,UMB,9577,4634,4943,180,9350,47,ITI,ITI2,10,Umbria,Umbria,882015,268871,30.48,1.09
2136,2021-05-12,UMB,6528,3038,3490,4209,2149,170,ITI,ITI2,10,Umbria,Umbria,882015,275399,31.22,0.74
2137,2021-03-30,UMB,3990,1737,2253,2406,1545,39,ITI,ITI2,10,Umbria,Umbria,882015,279389,31.68,0.45
2138,2021-04-25,UMB,4362,1687,2675,3868,83,411,ITI,ITI2,10,Umbria,Umbria,882015,283751,32.17,0.49
2139,2021-08-03,UMB,9207,4761,4446,3505,5519,183,ITI,ITI2,10,Umbria,Umbria,882015,292958,33.21,1.04
2140,2021-08-22,UMB,1470,773,697,479,977,14,ITI,ITI2,10,Umbria,Umbria,882015,294428,33.38,0.17
2141,2021-05-31,UMB,5824,2848,2976,4853,886,85,ITI,ITI2,10,Umbria,Umbria,882015,300252,34.04,0.66
2142,2021-05-14,UMB,5347,2526,2821,3353,1819,175,ITI,ITI2,10,Umbria,Umbria,882015,305599,34.65,0.61
2143,2021-02-01,UMB,1285,342,943,48,1237,0,ITI,ITI2,10,Umbria,Umbria,882015,306884,34.79,0.15
2144,2021-04-20,UMB,5451,2365,3086,3429,1947,75,ITI,ITI2,10,Umbria,Umbria,882015,312335,35.41,0.62
2145,2021-01-27,UMB,842,330,512,13,829,0,ITI,ITI2,10,Umbria,Umbria,882015,313177,35.51,0.1
2146,2021-01-10,UMB,1067,274,793,1067,0,0,ITI,ITI2,10,Umbria,Umbria,882015,314244,35.63,0.12
2147,2021-05-21,UMB,8982,3672,5310,4067,4830,85,ITI,ITI2,10,Umbria,Umbria,882015,323226,36.65,1.02
2148,2021-05-04,UMB,5544,2547,2997,2355,3127,62,ITI,ITI2,10,Umbria,Umbria,882015,328770,37.27,0.63
2149,2021-04-01,UMB,4474,1911,2563,2326,2110,38,ITI,ITI2,10,Umbria,Umbria,882015,333244,37.78,0.51
2150,2021-07-26,UMB,9092,4804,4288,3873,5092,127,ITI,ITI2,10,Umbria,Umbria,882015,342336,38.81,1.03
2151,2021-05-28,UMB,9600,4440,5160,7116,2300,184,ITI,ITI2,10,Umbria,Umbria,882015,351936,39.9,1.09
2152,2021-04-15,UMB,7665,3505,4160,5702,1889,74,ITI,ITI2,10,Umbria,Umbria,882015,359601,40.77,0.87
2153,2021-02-17,UMB,1619,748,871,1266,352,1,ITI,ITI2,10,Umbria,Umbria,882015,361220,40.95,0.18
2154,2021-07-24,UMB,8699,4368,4331,1346,7285,68,ITI,ITI2,10,Umbria,Umbria,882015,369919,41.94,0.99
2155,2021-04-03,UMB,2099,712,1387,1034,1054,11,ITI,ITI2,10,Umbria,Umbria,882015,372018,42.18,0.24
2156,2021-07-12,UMB,4632,2242,2390,105,4515,12,ITI,ITI2,10,Umbria,Umbria,882015,376650,42.7,0.53
2157,2021-01-08,UMB,1193,344,849,1193,0,0,ITI,ITI2,10,Umbria,Umbria,882015,377843,42.84,0.14
2158,2021-08-12,UMB,7355,3902,3453,4590,2546,219,ITI,ITI2,10,Umbria,Umbria,882015,385198,43.67,0.83
2159,2021-06-30,UMB,10552,5326,5226,3675,6726,151,ITI,ITI2,10,Umbria,Umbria,882015,395750,44.87,1.2
2160,2021-09-02,UMB,4361,2269,2092,959,3361,41,ITI,ITI2,10,Umbria,Umbria,882015,400111,45.36,0.49
2161,2021-07-07,UMB,9499,4502,4997,88,9380,31,ITI,ITI2,10,Umbria,Umbria,882015,409610,46.44,1.08
2162,2021-05-11,UMB,6260,2842,3418,3925,2193,142,ITI,ITI2,10,Umbria,Umbria,882015,415870,47.15,0.71
2163,2021-08-19,UMB,5729,3041,2688,3939,1611,179,ITI,ITI2,10,Umbria,Umbria,882015,421599,47.8,0.65
2164,2021-08-26,UMB,4059,2151,1908,1791,2158,110,ITI,ITI2,10,Umbria,Umbria,882015,425658,48.26,0.46
2165,2021-08-17,UMB,3666,1909,1757,2489,1088,89,ITI,ITI2,10,Umbria,Umbria,882015,429324,48.68,0.42
2166,2021-06-21,UMB,7553,3953,3600,5069,2338,146,ITI,ITI2,10,Umbria,Umbria,882015,436877,49.53,0.86
2167,2021-03-01,UMB,1505,775,730,1385,114,6,ITI,ITI2,10,Umbria,Umbria,882015,438382,49.7,0.17
2168,2021-06-09,UMB,8162,3951,4211,7136,725,301,ITI,ITI2,10,Umbria,Umbria,882015,446544,50.63,0.93
2169,2021-06-23,UMB,11360,5806,5554,7679,3412,269,ITI,ITI2,10,Umbria,Umbria,882015,457904,51.92,1.29
2170,2021-03-15,UMB,4600,1941,2659,2826,1770,4,ITI,ITI2,10,Umbria,Umbria,882015,462504,52.44,0.52
2171,2021-02-10,UMB,715,350,365,700,15,0,ITI,ITI2,10,Umbria,Umbria,882015,463219,52.52,0.08
2172,2021-05-23,UMB,5074,1857,3217,637,4421,16,ITI,ITI2,10,Umbria,Umbria,882015,468293,53.09,0.58
2173,2021-08-31,UMB,4136,2138,1998,1223,2843,70,ITI,ITI2,10,Umbria,Umbria,882015,472429,53.56,0.47
2174,2021-08-14,UMB,5854,3233,2621,2918,2786,150,ITI,ITI2,10,Umbria,Umbria,882015,478283,54.23,0.66
2175,2021-02-18,UMB,1497,583,914,1029,467,1,ITI,ITI2,10,Umbria,Umbria,882015,479780,54.4,0.17
2176,2021-08-07,UMB,7235,3803,3432,2543,4620,72,ITI,ITI2,10,Umbria,Umbria,882015,487015,55.22,0.82
2177,2021-05-16,UMB,5227,2493,2734,5087,50,90,ITI,ITI2,10,Umbria,Umbria,882015,492242,55.81,0.59
2178,2021-08-24,UMB,4438,2248,2190,1875,2474,89,ITI,ITI2,10,Umbria,Umbria,882015,496680,56.31,0.5
2179,2021-03-29,UMB,3639,1605,2034,2153,1424,62,ITI,ITI2,10,Umbria,Umbria,882015,500319,56.72,0.41
2180,2021-01-31,UMB,1061,276,785,25,1036,0,ITI,ITI2,10,Umbria,Umbria,882015,501380,56.84,0.12
2181,2021-05-25,UMB,8827,4304,4523,7588,1066,173,ITI,ITI2,10,Umbria,Umbria,882015,510207,57.85,1.0
2182,2020-12-27,UMB,88,47,41,88,0,0,ITI,ITI2,10,Umbria,Umbria,882015,510295,57.86,0.01
2183,2021-02-22,UMB,1892,807,1085,1806,86,0,ITI,ITI2,10,Umbria,Umbria,882015,512187,58.07,0.21
2184,2021-06-11,UMB,7012,3519,3493,6003,772,237,ITI,ITI2,10,Umbria,Umbria,882015,519199,58.87,0.79
2185,2021-03-06,UMB,4308,1149,3159,4136,138,34,ITI,ITI2,10,Umbria,Umbria,882015,523507,59.35,0.49
2186,2021-01-22,UMB,276,105,171,32,244,0,ITI,ITI2,10,Umbria,Umbria,882015,523783,59.38,0.03
2187,2021-06-28,UMB,9831,4844,4987,3712,5990,129,ITI,ITI2,10,Umbria,Umbria,882015,533614,60.5,1.11
2188,2021-05-02,UMB,3782,1867,1915,1298,2455,29,ITI,ITI2,10,Umbria,Umbria,882015,537396,60.93,0.43
2189,2021-03-20,UMB,2320,845,1475,2290,25,5,ITI,ITI2,10,Umbria,Umbria,882015,539716,61.19,0.26
2190,2021-04-13,UMB,7683,3402,4281,5924,1669,90,ITI,ITI2,10,Umbria,Umbria,882015,547399,62.06,0.87
2191,2021-02-15,UMB,1367,692,675,1364,1,2,ITI,ITI2,10,Umbria,Umbria,882015,548766,62.22,0.15
2192,2021-01-03,UMB,270,112,158,270,0,0,ITI,ITI2,10,Umbria,Umbria,882015,549036,62.25,0.03
2193,2021-07-31,UMB,4334,2262,2072,1478,2809,47,ITI,ITI2,10,Umbria,Umbria,882015,553370,62.74,0.49
2194,2021-03-17,UMB,3331,1313,2018,1855,1474,2,ITI,ITI2,10,Umbria,Umbria,882015,556701,63.12,0.38
2195,2021-01-07,UMB,1301,388,913,1301,0,0,ITI,ITI2,10,Umbria,Umbria,882015,558002,63.26,0.15
2196,2021-06-25,UMB,10243,5319,4924,5253,4786,204,ITI,ITI2,10,Umbria,Umbria,882015,568245,64.43,1.16
2197,2021-01-24,UMB,258,106,152,1,257,0,ITI,ITI2,10,Umbria,Umbria,882015,568503,64.46,0.03
2198,2021-08-16,UMB,3522,1744,1778,1979,1474,69,ITI,ITI2,10,Umbria,Umbria,882015,572025,64.85,0.4
2199,2021-08-30,UMB,1952,952,1000,1498,372,82,ITI,ITI2,10,Umbria,Umbria,882015,573977,65.08,0.22
2200,2021-06-08,UMB,7421,3659,3762,6655,557,209,ITI,ITI2,10,Umbria,Umbria,882015,581398,65.92,0.84
2201,2021-05-18,UMB,7767,3364,4403,3836,3841,90,ITI,ITI2,10,Umbria,Umbria,882015,589165,66.8,0.88
2202,2021-03-22,UMB,3562,1657,1905,2306,1246,10,ITI,ITI2,10,Umbria,Umbria,882015,592727,67.2,0.4
2203,2021-04-05,UMB,4251,1729,2522,2182,2057,12,ITI,ITI2,10,Umbria,Umbria,882015,596978,67.68,0.48
2204,2021-02-07,UMB,55,17,38,1,54,0,ITI,ITI2,10,Umbria,Umbria,882015,597033,67.69,0.01
2205,2021-07-14,UMB,6208,3011,3197,1634,4264,310,ITI,ITI2,10,Umbria,Umbria,882015,603241,68.39,0.7
2206,2021-08-05,UMB,9705,5076,4629,3839,5700,166,ITI,ITI2,10,Umbria,Umbria,882015,612946,69.49,1.1
2207,2021-07-19,UMB,7671,3842,3829,1526,6044,101,ITI,ITI2,10,Umbria,Umbria,882015,620617,70.36,0.87
2208,2021-04-27,UMB,5669,2401,3268,3055,2579,35,ITI,ITI2,10,Umbria,Umbria,882015,626286,71.01,0.64
2209,2021-02-03,UMB,727,174,553,67,660,0,ITI,ITI2,10,Umbria,Umbria,882015,627013,71.09,0.08
2210,2021-09-14,UMB,2811,1439,1372,418,2368,25,ITI,ITI2,10,Umbria,Umbria,882015,629824,71.41,0.32
2211,2021-04-08,UMB,5904,2525,3379,4024,1807,73,ITI,ITI2,10,Umbria,Umbria,882015,635728,72.08,0.67
2212,2021-09-12,UMB,3055,1655,1400,463,2577,15,ITI,ITI2,10,Umbria,Umbria,882015,638783,72.42,0.35
2213,2021-07-17,UMB,7674,3857,3817,1287,6239,148,ITI,ITI2,10,Umbria,Umbria,882015,646457,73.29,0.87
2214,2021-06-04,UMB,8928,4413,4515,7541,1205,182,ITI,ITI2,10,Umbria,Umbria,882015,655385,74.31,1.01
2215,2021-04-22,UMB,5458,2251,3207,2702,2674,82,ITI,ITI2,10,Umbria,Umbria,882015,660843,74.92,0.62
2216,2021-04-17,UMB,6696,3077,3619,5186,1343,167,ITI,ITI2,10,Umbria,Umbria,882015,667539,75.68,0.76
2217,2021-01-26,UMB,816,390,426,17,799,0,ITI,ITI2,10,Umbria,Umbria,882015,668355,75.78,0.09
2218,2021-02-12,UMB,674,224,450,668,6,0,ITI,ITI2,10,Umbria,Umbria,882015,669029,75.85,0.08
2219,2021-02-26,UMB,660,253,407,650,8,2,ITI,ITI2,10,Umbria,Umbria,882015,669689,75.93,0.07
2220,2021-05-06,UMB,9474,4326,5148,6028,3316,130,ITI,ITI2,10,Umbria,Umbria,882015,679163,77.0,1.07
2221,2021-09-16,UMB,4334,2264,2070,649,3633,52,ITI,ITI2,10,Umbria,Umbria,882015,683497,77.49,0.49
2222,2021-06-27,UMB,7480,3738,3742,1730,5672,78,ITI,ITI2,10,Umbria,Umbria,882015,690977,78.34,0.85
2223,2021-02-05,UMB,783,234,549,18,765,0,ITI,ITI2,10,Umbria,Umbria,882015,691760,78.43,0.09
2224,2021-07-21,UMB,9857,4915,4942,1234,8536,87,ITI,ITI2,10,Umbria,Umbria,882015,701617,79.55,1.12
2225,2021-07-04,UMB,3411,1741,1670,2342,971,98,ITI,ITI2,10,Umbria,Umbria,882015,705028,79.93,0.39
2226,2021-04-12,UMB,7093,3081,4012,5316,1717,60,ITI,ITI2,10,Umbria,Umbria,882015,712121,80.74,0.8
2227,2021-01-19,UMB,102,23,79,102,0,0,ITI,ITI2,10,Umbria,Umbria,882015,712223,80.75,0.01
2228,2021-03-13,UMB,1735,524,1211,1486,249,0,ITI,ITI2,10,Umbria,Umbria,882015,713958,80.95,0.2
2229,2021-01-15,UMB,698,213,485,698,0,0,ITI,ITI2,10,Umbria,Umbria,882015,714656,81.03,0.08
2230,2021-01-29,UMB,1240,350,890,79,1161,0,ITI,ITI2,10,Umbria,Umbria,882015,715896,81.17,0.14
2231,2021-05-09,UMB,5764,2756,3008,5253,391,120,ITI,ITI2,10,Umbria,Umbria,882015,721660,81.82,0.65
2232,2021-09-04,UMB,3436,1777,1659,1099,2275,62,ITI,ITI2,10,Umbria,Umbria,882015,725096,82.21,0.39
2233,2021-07-09,UMB,9569,4631,4938,128,9417,24,ITI,ITI2,10,Umbria,Umbria,882015,734665,83.29,1.08
2234,2021-07-23,UMB,10670,5454,5216,1334,9230,106,ITI,ITI2,10,Umbria,Umbria,882015,745335,84.5,1.21
2235,2021-09-01,UMB,4600,2371,2229,1136,3405,59,ITI,ITI2,10,Umbria,Umbria,882015,749935,85.03,0.52
2236,2021-06-10,UMB,7569,3769,3800,6464,791,314,ITI,ITI2,10,Umbria,Umbria,882015,757504,85.88,0.86
2237,2021-08-13,UMB,6974,3870,3104,4246,2526,202,ITI,ITI2,10,Umbria,Umbria,882015,764478,86.67,0.79
2238,2021-07-28,UMB,8243,4337,3906,2973,5157,113,ITI,ITI2,10,Umbria,Umbria,882015,772721,87.61,0.93
2239,2021-01-05,UMB,855,430,425,855,0,0,ITI,ITI2,10,Umbria,Umbria,882015,773576,87.71,0.1
2240,2021-08-02,UMB,5538,2897,2641,259,5257,22,ITI,ITI2,10,Umbria,Umbria,882015,779114,88.33,0.63
2241,2021-06-20,UMB,6225,3007,3218,1577,4605,43,ITI,ITI2,10,Umbria,Umbria,882015,785339,89.04,0.71
2242,2021-04-24,UMB,4566,1962,2604,3277,1183,106,ITI,ITI2,10,Umbria,Umbria,882015,789905,89.56,0.52
2243,2021-01-12,UMB,838,247,591,838,0,0,ITI,ITI2,10,Umbria,Umbria,882015,790743,89.65,0.1
2244,2021-06-13,UMB,6767,3558,3209,6392,230,145,ITI,ITI2,10,Umbria,Umbria,882015,797510,90.42,0.77
2245,2021-05-01,UMB,5379,2642,2737,2100,3233,46,ITI,ITI2,10,Umbria,Umbria,882015,802889,91.03,0.61
2246,2021-03-05,UMB,4624,1403,3221,3950,659,15,ITI,ITI2,10,Umbria,Umbria,882015,807513,91.55,0.52
2247,2021-08-09,UMB,6696,3547,3149,3503,3033,160,ITI,ITI2,10,Umbria,Umbria,882015,814209,92.31,0.76
2248,2021-03-03,UMB,4433,1772,2661,3719,711,3,ITI,ITI2,10,Umbria,Umbria,882015,818642,92.81,0.5
2249,2021-08-28,UMB,2770,1429,1341,1357,1342,71,ITI,ITI2,10,Umbria,Umbria,882015,821412,93.13,0.31
2250,2021-07-16,UMB,9631,4899,4732,665,8887,79,ITI,ITI2,10,Umbria,Umbria,882015,831043,94.22,1.09
2251,2021-05-20,UMB,9873,4610,5263,6105,3658,110,ITI,ITI2,10,Umbria,Umbria,882015,840916,95.34,1.12
2252,2021-09-11,UMB,3385,1870,1515,641,2701,43,ITI,ITI2,10,Umbria,Umbria,882015,844301,95.72,0.38
2253,2021-07-13,UMB,4237,2006,2231,78,4151,8,ITI,ITI2,10,Umbria,Umbria,882015,848538,96.2,0.48
2254,2021-04-21,UMB,5332,2320,3012,3061,2232,39,ITI,ITI2,10,Umbria,Umbria,882015,853870,96.81,0.6
2255,2021-07-30,UMB,6219,3243,2976,3185,2913,121,ITI,ITI2,10,Umbria,Umbria,882015,860089,97.51,0.71
2256,2021-03-02,UMB,3646,1346,2300,3637,6,3,ITI,ITI2,10,Umbria,Umbria,882015,863735,97.93,0.41
2257,2021-06-24,UMB,10267,5168,5099,6025,4013,229,ITI,ITI2,10,Umbria,Umbria,882015,874002,99.09,1.16
2258,2021-03-31,UMB,3901,1731,2170,2183,1686,32,ITI,ITI2,10,Umbria,Umbria,882015,877903,99.53,0.44
2259,2021-02-16,UMB,1308,655,653,1299,9,0,ITI,ITI2,10,Umbria,Umbria,882015,879211,99.68,0.15
2260,2021-05-27,UMB,9983,4871,5112,8475,1325,183,ITI,ITI2,10,Umbria,Umbria,882015,889194,100.81,1.13
2261,2021-01-04,UMB,810,397,413,810,0,0,ITI,ITI2,10,Umbria,Umbria,882015,890004,100.91,0.09
2262,2021-04-14,UMB,8159,3682,4477,6100,1980,79,ITI,ITI2,10,Umbria,Umbria,882015,898163,101.83,0.93
2263,2021-04-29,UMB,5240,2261,2979,2806,2343,91,ITI,ITI2,10,Umbria,Umbria,882015,903403,102.42,0.59
2264,2021-03-24,UMB,4108,1794,2314,2746,1323,39,ITI,ITI2,10,Umbria,Umbria,882015,907511,102.89,0.47
2265,2021-07-02,UMB,8757,4330,4427,2967,5609,181,ITI,ITI2,10,Umbria,Umbria,882015,916268,103.88,0.99
2266,2021-04-10,UMB,7405,3482,3923,7184,86,135,ITI,ITI2,10,Umbria,Umbria,882015,923673,104.72,0.84
2267,2021-01-17,UMB,55,17,38,55,0,0,ITI,ITI2,10,Umbria,Umbria,882015,923728,104.73,0.01
2268,2020-12-31,UMB,322,127,195,322,0,0,ITI,ITI2,10,Umbria,Umbria,882015,924050,104.77,0.04
2269,2021-08-01,UMB,3027,1533,1494,1331,1650,46,ITI,ITI2,10,Umbria,Umbria,882015,927077,105.11,0.34
2270,2021-07-18,UMB,7853,4063,3790,273,7553,27,ITI,ITI2,10,Umbria,Umbria,882015,934930,106.0,0.89
2271,2021-03-14,UMB,66,48,18,66,0,0,ITI,ITI2,10,Umbria,Umbria,882015,934996,106.01,0.01
2272,2021-06-22,UMB,8092,4105,3987,5146,2801,145,ITI,ITI2,10,Umbria,Umbria,882015,943088,106.92,0.92
2273,2021-03-12,UMB,2695,1082,1613,2191,496,8,ITI,ITI2,10,Umbria,Umbria,882015,945783,107.23,0.31
2274,2021-08-11,UMB,7622,4086,3536,3719,3717,186,ITI,ITI2,10,Umbria,Umbria,882015,953405,108.09,0.86
2275,2021-06-06,UMB,7610,3906,3704,6790,694,126,ITI,ITI2,10,Umbria,Umbria,882015,961015,108.96,0.86
2276,2021-02-24,UMB,1521,564,957,1506,15,0,ITI,ITI2,10,Umbria,Umbria,882015,962536,109.13,0.17
2277,2021-02-11,UMB,839,348,491,834,5,0,ITI,ITI2,10,Umbria,Umbria,882015,963375,109.22,0.1
2278,2021-05-22,UMB,6985,2762,4223,2603,4333,49,ITI,ITI2,10,Umbria,Umbria,882015,970360,110.02,0.79
2279,2021-07-11,UMB,5875,2967,2908,89,5785,1,ITI,ITI2,10,Umbria,Umbria,882015,976235,110.68,0.67
2280,2021-04-02,UMB,4349,1782,2567,3548,756,45,ITI,ITI2,10,Umbria,Umbria,882015,980584,111.18,0.49
2281,2021-06-15,UMB,5992,3017,2975,3798,2075,119,ITI,ITI2,10,Umbria,Umbria,882015,986576,111.85,0.68
2282,2021-06-17,UMB,6980,3545,3435,4752,2082,146,ITI,ITI2,10,Umbria,Umbria,882015,993556,112.65,0.79
2283,2021-03-26,UMB,4602,1721,2881,4345,173,84,ITI,ITI2,10,Umbria,Umbria,882015,998158,113.17,0.52
2284,2021-01-02,UMB,304,111,193,304,0,0,ITI,ITI2,10,Umbria,Umbria,882015,998462,113.2,0.03
2285,2021-03-07,UMB,846,180,666,838,7,1,ITI,ITI2,10,Umbria,Umbria,882015,999308,113.3,0.1
2286,2021-09-08,UMB,4616,2472,2144,987,3557,72,ITI,ITI2,10,Umbria,Umbria,882015,1003924,113.82,0.52
2287,2021-05-29,UMB,7862,3614,4248,6177,1571,114,ITI,ITI2,10,Umbria,Umbria,882015,1011786,114.71,0.89
2288,2021-06-03,UMB,9052,4474,4578,8585,290,177,ITI,ITI2,10,Umbria,Umbria,882015,1020838,115.74,1.03
2289,2021-04-07,UMB,5627,2305,3322,3534,2006,87,ITI,ITI2,10,Umbria,Umbria,882015,1026465,116.38,0.64
2290,2021-02-23,UMB,1691,657,1034,1648,42,1,ITI,ITI2,10,Umbria,Umbria,882015,1028156,116.57,0.19
2291,2021-06-05,UMB,8232,3777,4455,5416,2655,161,ITI,ITI2,10,Umbria,Umbria,882015,1036388,117.5,0.93
2292,2021-09-13,UMB,2453,1235,1218,316,2114,23,ITI,ITI2,10,Umbria,Umbria,882015,1038841,117.78,0.28
2293,2021-01-09,UMB,1718,495,1223,1718,0,0,ITI,ITI2,10,Umbria,Umbria,882015,1040559,117.98,0.19
2294,2021-04-19,UMB,5038,2228,2810,2931,2048,59,ITI,ITI2,10,Umbria,Umbria,882015,1045597,118.55,0.57
2295,2021-08-18,UMB,4708,2464,2244,3443,1146,119,ITI,ITI2,10,Umbria,Umbria,882015,1050305,119.08,0.53
2296,2021-07-06,UMB,8600,4093,4507,149,8428,23,ITI,ITI2,10,Umbria,Umbria,882015,1058905,120.06,0.98
2297,2021-05-10,UMB,6012,2814,3198,3743,2152,117,ITI,ITI2,10,Umbria,Umbria,882015,1064917,120.74,0.68
2298,2021-05-08,UMB,8163,3749,4414,4806,3251,106,ITI,ITI2,10,Umbria,Umbria,882015,1073080,121.66,0.93
2299,2021-01-28,UMB,1248,394,854,18,1230,0,ITI,ITI2,10,Umbria,Umbria,882015,1074328,121.8,0.14
2300,2021-05-03,UMB,5092,2273,2819,2100,2888,104,ITI,ITI2,10,Umbria,Umbria,882015,1079420,122.38,0.58
2301,2021-01-23,UMB,280,100,180,2,278,0,ITI,ITI2,10,Umbria,Umbria,882015,1079700,122.41,0.03
2302,2021-01-21,UMB,609,203,406,339,269,1,ITI,ITI2,10,Umbria,Umbria,882015,1080309,122.48,0.07
2303,2021-08-20,UMB,4348,2316,2032,2921,1281,146,ITI,ITI2,10,Umbria,Umbria,882015,1084657,122.97,0.49
2304,2021-03-21,UMB,676,338,338,673,0,3,ITI,ITI2,10,Umbria,Umbria,882015,1085333,123.05,0.08
2305,2021-08-25,UMB,4290,2233,2057,1543,2666,81,ITI,ITI2,10,Umbria,Umbria,882015,1089623,123.54,0.49
2306,2021-06-29,UMB,9975,5083,4892,4112,5703,160,ITI,ITI2,10,Umbria,Umbria,882015,1099598,124.67,1.13
2307,2021-05-17,UMB,6379,3068,3311,4113,2180,86,ITI,ITI2,10,Umbria,Umbria,882015,1105977,125.39,0.72
2308,2021-01-14,UMB,725,192,533,725,0,0,ITI,ITI2,10,Umbria,Umbria,882015,1106702,125.47,0.08
2309,2021-03-19,UMB,1744,566,1178,1083,656,5,ITI,ITI2,10,Umbria,Umbria,882015,1108446,125.67,0.2
2310,2021-09-06,UMB,4577,2385,2192,894,3645,38,ITI,ITI2,10,Umbria,Umbria,882015,1113023,126.19,0.52
2311,2021-07-25,UMB,7310,3852,3458,1167,6099,44,ITI,ITI2,10,Umbria,Umbria,882015,1120333,127.02,0.83
2312,2021-09-07,UMB,4819,2493,2326,1026,3716,77,ITI,ITI2,10,Umbria,Umbria,882015,1125152,127.57,0.55
2313,2021-05-30,UMB,5982,2999,2983,5662,202,118,ITI,ITI2,10,Umbria,Umbria,882015,1131134,128.24,0.68
2314,2021-03-08,UMB,3701,1825,1876,2327,1361,13,ITI,ITI2,10,Umbria,Umbria,882015,1134835,128.66,0.42
2315,2021-06-16,UMB,6326,3095,3231,3072,3100,154,ITI,ITI2,10,Umbria,Umbria,882015,1141161,129.38,0.72
2316,2021-03-25,UMB,3937,1728,2209,2826,1064,47,ITI,ITI2,10,Umbria,Umbria,882015,1145098,129.83,0.45
2317,2021-03-27,UMB,4253,1515,2738,3857,340,56,ITI,ITI2,10,Umbria,Umbria,882015,1149351,130.31,0.48
2318,2021-06-18,UMB,4814,2374,2440,1569,3166,79,ITI,ITI2,10,Umbria,Umbria,882015,1154165,130.86,0.55
2319,2021-07-05,UMB,8423,4083,4340,152,8257,14,ITI,ITI2,10,Umbria,Umbria,882015,1162588,131.81,0.95
2320,2021-05-13,UMB,5945,2671,3274,3731,2085,129,ITI,ITI2,10,Umbria,Umbria,882015,1168533,132.48,0.67
2321,2021-08-21,UMB,2790,1465,1325,1610,1115,65,ITI,ITI2,10,Umbria,Umbria,882015,1171323,132.8,0.32
2322,2021-02-19,UMB,743,293,450,525,217,1,ITI,ITI2,10,Umbria,Umbria,882015,1172066,132.89,0.08
2323,2021-08-04,UMB,10673,5542,5131,3312,7195,166,ITI,ITI2,10,Umbria,Umbria,882015,1182739,134.1,1.21
2324,2021-08-23,UMB,5290,2820,2470,1543,3662,85,ITI,ITI2,10,Umbria,Umbria,882015,1188029,134.69,0.6
2325,2021-09-09,UMB,5452,2836,2616,1037,4363,52,ITI,ITI2,10,Umbria,Umbria,882015,1193481,135.31,0.62
2326,2021-06-01,UMB,4390,2090,2300,4162,156,72,ITI,ITI2,10,Umbria,Umbria,882015,1197871,135.81,0.5
2327,2021-03-10,UMB,4033,1944,2089,2761,1257,15,ITI,ITI2,10,Umbria,Umbria,882015,1201904,136.27,0.46
2328,2021-01-16,UMB,204,61,143,203,0,1,ITI,ITI2,10,Umbria,Umbria,882015,1202108,136.29,0.02
2329,2021-02-02,UMB,945,272,673,32,913,0,ITI,ITI2,10,Umbria,Umbria,882015,1203053,136.4,0.11
2330,2021-04-26,UMB,5402,2342,3060,3105,2255,42,ITI,ITI2,10,Umbria,Umbria,882015,1208455,137.01,0.61
2331,2021-04-09,UMB,6750,3130,3620,6412,216,122,ITI,ITI2,10,Umbria,Umbria,882015,1215205,137.78,0.77
2332,2021-04-28,UMB,5394,2332,3062,2939,2398,57,ITI,ITI2,10,Umbria,Umbria,882015,1220599,138.39,0.61
2333,2021-08-06,UMB,8240,4309,3931,3330,4822,88,ITI,ITI2,10,Umbria,Umbria,882015,1228839,139.32,0.93
2334,2021-02-04,UMB,736,226,510,26,710,0,ITI,ITI2,10,Umbria,Umbria,882015,1229575,139.41,0.08
2335,2021-05-15,UMB,4998,1886,3112,1766,3168,64,ITI,ITI2,10,Umbria,Umbria,882015,1234573,139.97,0.57
2336,2021-02-21,UMB,1,0,1,1,0,0,ITI,ITI2,10,Umbria,Umbria,882015,1234574,139.97,0.0
2337,2021-03-24,MAR,7098,3019,4079,3309,3716,73,ITI,ITI3,11,Marche,Marche,1525271,7098,0.47,0.47
2338,2021-06-01,MAR,12056,6158,5898,9680,2090,286,ITI,ITI3,11,Marche,Marche,1525271,19154,1.26,0.79
2339,2021-03-10,MAR,5711,2442,3269,4477,1180,54,ITI,ITI3,11,Marche,Marche,1525271,24865,1.63,0.37
2340,2021-02-21,MAR,376,141,235,363,1,12,ITI,ITI3,11,Marche,Marche,1525271,25241,1.65,0.02
2341,2021-09-06,MAR,6374,3388,2986,1770,4391,213,ITI,ITI3,11,Marche,Marche,1525271,31615,2.07,0.42
2342,2021-05-27,MAR,13733,6818,6915,9180,4301,252,ITI,ITI3,11,Marche,Marche,1525271,45348,2.97,0.9
2343,2021-03-31,MAR,7375,3088,4287,4262,3025,88,ITI,ITI3,11,Marche,Marche,1525271,52723,3.46,0.48
2344,2021-09-04,MAR,5449,2976,2473,1640,3625,184,ITI,ITI3,11,Marche,Marche,1525271,58172,3.81,0.36
2345,2021-08-11,MAR,7572,4099,3473,3170,4165,237,ITI,ITI3,11,Marche,Marche,1525271,65744,4.31,0.5
2346,2021-06-15,MAR,13199,6574,6625,9827,3052,320,ITI,ITI3,11,Marche,Marche,1525271,78943,5.18,0.87
2347,2021-01-12,MAR,1237,418,819,1224,0,13,ITI,ITI3,11,Marche,Marche,1525271,80180,5.26,0.08
2348,2021-06-22,MAR,13219,6482,6737,6475,6461,283,ITI,ITI3,11,Marche,Marche,1525271,93399,6.12,0.87
2349,2021-08-06,MAR,11704,6353,5351,4143,7279,282,ITI,ITI3,11,Marche,Marche,1525271,105103,6.89,0.77
2350,2021-05-15,MAR,14119,6442,7677,7826,6045,248,ITI,ITI3,11,Marche,Marche,1525271,119222,7.82,0.93
2351,2021-08-23,MAR,6196,3341,2855,2278,3650,268,ITI,ITI3,11,Marche,Marche,1525271,125418,8.22,0.41
2352,2021-02-19,MAR,2002,739,1263,1826,135,41,ITI,ITI3,11,Marche,Marche,1525271,127420,8.35,0.13
2353,2021-01-26,MAR,2021,747,1274,69,1943,9,ITI,ITI3,11,Marche,Marche,1525271,129441,8.49,0.13
2354,2021-07-11,MAR,10399,5220,5179,1605,8657,137,ITI,ITI3,11,Marche,Marche,1525271,139840,9.17,0.68
2355,2021-04-19,MAR,9609,4503,5106,7897,1588,124,ITI,ITI3,11,Marche,Marche,1525271,149449,9.8,0.63
2356,2021-07-28,MAR,14198,7369,6829,3249,10717,232,ITI,ITI3,11,Marche,Marche,1525271,163647,10.73,0.93
2357,2021-01-21,MAR,922,262,660,577,328,17,ITI,ITI3,11,Marche,Marche,1525271,164569,10.79,0.06
2358,2021-05-01,MAR,9328,3927,5401,3500,5751,77,ITI,ITI3,11,Marche,Marche,1525271,173897,11.4,0.61
2359,2021-04-05,MAR,5703,2367,3336,4352,1269,82,ITI,ITI3,11,Marche,Marche,1525271,179600,11.77,0.37
2360,2021-06-27,MAR,9950,4819,5131,4486,5293,171,ITI,ITI3,11,Marche,Marche,1525271,189550,12.43,0.65
2361,2021-03-19,MAR,3881,1621,2260,325,3544,12,ITI,ITI3,11,Marche,Marche,1525271,193431,12.68,0.25
2362,2021-05-20,MAR,12686,5962,6724,7537,4898,251,ITI,ITI3,11,Marche,Marche,1525271,206117,13.51,0.83
2363,2021-02-07,MAR,1872,735,1137,331,1529,12,ITI,ITI3,11,Marche,Marche,1525271,207989,13.64,0.12
2364,2021-01-19,MAR,233,87,146,140,90,3,ITI,ITI3,11,Marche,Marche,1525271,208222,13.65,0.02
2365,2021-02-02,MAR,1193,398,795,70,1123,0,ITI,ITI3,11,Marche,Marche,1525271,209415,13.73,0.08
2366,2021-05-13,MAR,12613,5698,6915,6822,5508,283,ITI,ITI3,11,Marche,Marche,1525271,222028,14.56,0.83
2367,2021-04-12,MAR,8572,3774,4798,7932,482,158,ITI,ITI3,11,Marche,Marche,1525271,230600,15.12,0.56
2368,2021-01-02,MAR,458,143,315,456,0,2,ITI,ITI3,11,Marche,Marche,1525271,231058,15.15,0.03
2369,2021-07-09,MAR,14903,7502,7401,2557,12132,214,ITI,ITI3,11,Marche,Marche,1525271,245961,16.13,0.98
2370,2021-09-13,MAR,8066,4276,3790,2046,5777,243,ITI,ITI3,11,Marche,Marche,1525271,254027,16.65,0.53
2371,2021-03-29,MAR,5898,2583,3315,3391,2458,49,ITI,ITI3,11,Marche,Marche,1525271,259925,17.04,0.39
2372,2021-06-03,MAR,14638,7483,7155,12081,2252,305,ITI,ITI3,11,Marche,Marche,1525271,274563,18.0,0.96
2373,2021-07-04,MAR,10896,5445,5451,3204,7531,161,ITI,ITI3,11,Marche,Marche,1525271,285459,18.72,0.71
2374,2021-09-11,MAR,3665,1899,1766,1371,2125,169,ITI,ITI3,11,Marche,Marche,1525271,289124,18.96,0.24
2375,2020-12-31,MAR,392,184,208,390,0,2,ITI,ITI3,11,Marche,Marche,1525271,289516,18.98,0.03
2376,2021-04-26,MAR,9177,4063,5114,6019,3028,130,ITI,ITI3,11,Marche,Marche,1525271,298693,19.58,0.6
2377,2021-08-18,MAR,6422,3422,3000,3215,2872,335,ITI,ITI3,11,Marche,Marche,1525271,305115,20.0,0.42
2378,2021-08-04,MAR,12001,6379,5622,4058,7701,242,ITI,ITI3,11,Marche,Marche,1525271,317116,20.79,0.79
2379,2021-02-14,MAR,738,301,437,726,0,12,ITI,ITI3,11,Marche,Marche,1525271,317854,20.84,0.05
2380,2021-08-16,MAR,5165,2781,2384,2983,2022,160,ITI,ITI3,11,Marche,Marche,1525271,323019,21.18,0.34
2381,2021-05-08,MAR,12293,5486,6807,4850,7265,178,ITI,ITI3,11,Marche,Marche,1525271,335312,21.98,0.81
2382,2021-07-30,MAR,14714,7863,6851,4867,9559,288,ITI,ITI3,11,Marche,Marche,1525271,350026,22.95,0.96
2383,2021-07-23,MAR,15542,8279,7263,2527,12790,225,ITI,ITI3,11,Marche,Marche,1525271,365568,23.97,1.02
2384,2021-07-18,MAR,12125,6310,5815,1333,10674,118,ITI,ITI3,11,Marche,Marche,1525271,377693,24.76,0.79
2385,2021-01-31,MAR,1921,772,1149,93,1824,4,ITI,ITI3,11,Marche,Marche,1525271,379614,24.89,0.13
2386,2021-04-07,MAR,8875,3934,4941,8357,369,149,ITI,ITI3,11,Marche,Marche,1525271,388489,25.47,0.58
2387,2021-02-09,MAR,125,42,83,46,79,0,ITI,ITI3,11,Marche,Marche,1525271,388614,25.48,0.01
2388,2021-07-16,MAR,15839,8240,7599,1844,13737,258,ITI,ITI3,11,Marche,Marche,1525271,404453,26.52,1.04
2389,2021-03-05,MAR,6225,2873,3352,4690,1469,66,ITI,ITI3,11,Marche,Marche,1525271,410678,26.92,0.41
2390,2021-01-07,MAR,1821,642,1179,1804,0,17,ITI,ITI3,11,Marche,Marche,1525271,412499,27.04,0.12
2391,2021-03-12,MAR,4681,1999,2682,3346,1280,55,ITI,ITI3,11,Marche,Marche,1525271,417180,27.35,0.31
2392,2021-01-14,MAR,2019,696,1323,1995,0,24,ITI,ITI3,11,Marche,Marche,1525271,419199,27.48,0.13
2393,2021-06-20,MAR,11161,5547,5614,5990,4989,182,ITI,ITI3,11,Marche,Marche,1525271,430360,28.22,0.73
2394,2021-03-17,MAR,3477,1525,1952,105,3370,2,ITI,ITI3,11,Marche,Marche,1525271,433837,28.44,0.23
2395,2021-08-30,MAR,5677,2841,2836,2358,3049,270,ITI,ITI3,11,Marche,Marche,1525271,439514,28.82,0.37
2396,2021-02-28,MAR,2837,1251,1586,2823,6,8,ITI,ITI3,11,Marche,Marche,1525271,442351,29.0,0.19
2397,2021-06-08,MAR,14098,7094,7004,11195,2611,292,ITI,ITI3,11,Marche,Marche,1525271,456449,29.93,0.92
2398,2021-08-25,MAR,5585,2991,2594,2725,2539,321,ITI,ITI3,11,Marche,Marche,1525271,462034,30.29,0.37
2399,2021-03-07,MAR,5180,2107,3073,4377,754,49,ITI,ITI3,11,Marche,Marche,1525271,467214,30.63,0.34
2400,2021-08-08,MAR,5637,3020,2617,1681,3845,111,ITI,ITI3,11,Marche,Marche,1525271,472851,31.0,0.37
2401,2021-07-06,MAR,13964,6921,7043,3141,10598,225,ITI,ITI3,11,Marche,Marche,1525271,486815,31.92,0.92
2402,2021-02-18,MAR,2146,787,1359,1806,288,52,ITI,ITI3,11,Marche,Marche,1525271,488961,32.06,0.14
2403,2021-05-29,MAR,12875,6239,6636,8117,4540,218,ITI,ITI3,11,Marche,Marche,1525271,501836,32.9,0.84
2404,2021-09-15,MAR,7102,3806,3296,1385,5543,174,ITI,ITI3,11,Marche,Marche,1525271,508938,33.37,0.47
2405,2021-02-04,MAR,2389,844,1545,107,2277,5,ITI,ITI3,11,Marche,Marche,1525271,511327,33.52,0.16
2406,2021-01-18,MAR,696,237,459,536,149,11,ITI,ITI3,11,Marche,Marche,1525271,512023,33.57,0.05
2407,2021-04-28,MAR,10938,4983,5955,6018,4745,175,ITI,ITI3,11,Marche,Marche,1525271,522961,34.29,0.72
2408,2021-01-23,MAR,557,190,367,118,436,3,ITI,ITI3,11,Marche,Marche,1525271,523518,34.32,0.04
2409,2021-06-29,MAR,13371,6599,6772,4926,8215,230,ITI,ITI3,11,Marche,Marche,1525271,536889,35.2,0.88
2410,2021-05-03,MAR,10411,4690,5721,4857,5415,139,ITI,ITI3,11,Marche,Marche,1525271,547300,35.88,0.68
2411,2021-03-28,MAR,4128,1741,2387,2397,1693,38,ITI,ITI3,11,Marche,Marche,1525271,551428,36.15,0.27
2412,2021-01-30,MAR,1906,669,1237,24,1882,0,ITI,ITI3,11,Marche,Marche,1525271,553334,36.28,0.12
2413,2021-05-10,MAR,9463,4342,5121,4749,4564,150,ITI,ITI3,11,Marche,Marche,1525271,562797,36.9,0.62
2414,2021-03-14,MAR,2499,1032,1467,1896,592,11,ITI,ITI3,11,Marche,Marche,1525271,565296,37.06,0.16
2415,2021-03-21,MAR,4506,1873,2633,1612,2877,17,ITI,ITI3,11,Marche,Marche,1525271,569802,37.36,0.3
2416,2021-04-24,MAR,12175,5366,6809,7558,4468,149,ITI,ITI3,11,Marche,Marche,1525271,581977,38.16,0.8
2417,2021-02-26,MAR,3681,1523,2158,3096,480,105,ITI,ITI3,11,Marche,Marche,1525271,585658,38.4,0.24
2418,2021-05-12,MAR,10430,4691,5739,4729,5505,196,ITI,ITI3,11,Marche,Marche,1525271,596088,39.08,0.68
2419,2021-08-20,MAR,4964,2693,2271,2952,1687,325,ITI,ITI3,11,Marche,Marche,1525271,601052,39.41,0.33
2420,2021-09-03,MAR,6437,3384,3053,2190,3967,280,ITI,ITI3,11,Marche,Marche,1525271,607489,39.83,0.42
2421,2021-07-08,MAR,15040,7539,7501,2787,12027,226,ITI,ITI3,11,Marche,Marche,1525271,622529,40.81,0.99
2422,2021-07-20,MAR,14396,7435,6961,1767,12454,175,ITI,ITI3,11,Marche,Marche,1525271,636925,41.76,0.94
2423,2021-01-16,MAR,2040,735,1305,1989,0,51,ITI,ITI3,11,Marche,Marche,1525271,638965,41.89,0.13
2424,2021-06-19,MAR,14697,7404,7293,7749,6683,265,ITI,ITI3,11,Marche,Marche,1525271,653662,42.86,0.96
2425,2021-05-31,MAR,11783,5945,5838,8599,2931,253,ITI,ITI3,11,Marche,Marche,1525271,665445,43.63,0.77
2426,2021-05-17,MAR,12047,5649,6398,7463,4355,229,ITI,ITI3,11,Marche,Marche,1525271,677492,44.42,0.79
2427,2021-03-26,MAR,6394,2626,3768,3475,2860,59,ITI,ITI3,11,Marche,Marche,1525271,683886,44.84,0.42
2428,2021-06-17,MAR,15206,7566,7640,8797,6111,298,ITI,ITI3,11,Marche,Marche,1525271,699092,45.83,1.0
2429,2021-03-09,MAR,5430,2293,3137,4457,881,92,ITI,ITI3,11,Marche,Marche,1525271,704522,46.19,0.36
2430,2021-03-02,MAR,5003,1968,3035,4370,566,67,ITI,ITI3,11,Marche,Marche,1525271,709525,46.52,0.33
2431,2021-06-10,MAR,14930,7695,7235,12573,2013,344,ITI,ITI3,11,Marche,Marche,1525271,724455,47.5,0.98
2432,2021-09-01,MAR,6204,3279,2925,2019,3952,233,ITI,ITI3,11,Marche,Marche,1525271,730659,47.9,0.41
2433,2021-08-15,MAR,225,112,113,205,13,7,ITI,ITI3,11,Marche,Marche,1525271,730884,47.92,0.01
2434,2021-05-24,MAR,11001,5194,5807,7958,2866,177,ITI,ITI3,11,Marche,Marche,1525271,741885,48.64,0.72
2435,2021-02-06,MAR,2464,902,1562,512,1943,9,ITI,ITI3,11,Marche,Marche,1525271,744349,48.8,0.16
2436,2021-07-17,MAR,15140,7793,7347,1383,13545,212,ITI,ITI3,11,Marche,Marche,1525271,759489,49.79,0.99
2437,2021-05-21,MAR,13909,6594,7315,7225,6472,212,ITI,ITI3,11,Marche,Marche,1525271,773398,50.71,0.91
2438,2021-09-12,MAR,250,127,123,171,47,32,ITI,ITI3,11,Marche,Marche,1525271,773648,50.72,0.02
2439,2021-08-29,MAR,453,255,198,245,182,26,ITI,ITI3,11,Marche,Marche,1525271,774101,50.75,0.03
2440,2021-06-12,MAR,13783,7315,6468,12105,1346,332,ITI,ITI3,11,Marche,Marche,1525271,787884,51.66,0.9
2441,2021-04-16,MAR,10086,4705,5381,9349,526,211,ITI,ITI3,11,Marche,Marche,1525271,797970,52.32,0.66
2442,2021-07-25,MAR,9351,4933,4418,1004,8249,98,ITI,ITI3,11,Marche,Marche,1525271,807321,52.93,0.61
2443,2021-01-04,MAR,1529,574,955,1516,0,13,ITI,ITI3,11,Marche,Marche,1525271,808850,53.03,0.1
2444,2021-04-14,MAR,10220,4565,5655,9651,369,200,ITI,ITI3,11,Marche,Marche,1525271,819070,53.7,0.67
2445,2021-08-27,MAR,5714,3049,2665,2800,2513,401,ITI,ITI3,11,Marche,Marche,1525271,824784,54.07,0.37
2446,2021-07-01,MAR,14697,7367,7330,4658,9761,278,ITI,ITI3,11,Marche,Marche,1525271,839481,55.04,0.96
2447,2021-02-16,MAR,1287,475,812,1225,30,32,ITI,ITI3,11,Marche,Marche,1525271,840768,55.12,0.08
2448,2021-02-25,MAR,3562,1465,2097,3318,181,63,ITI,ITI3,11,Marche,Marche,1525271,844330,55.36,0.23
2449,2021-08-01,MAR,7497,4049,3448,1835,5577,85,ITI,ITI3,11,Marche,Marche,1525271,851827,55.85,0.49
2450,2021-06-05,MAR,13944,7011,6933,11520,2058,366,ITI,ITI3,11,Marche,Marche,1525271,865771,56.76,0.91
2451,2021-04-23,MAR,11320,5224,6096,8097,3055,168,ITI,ITI3,11,Marche,Marche,1525271,877091,57.5,0.74
2452,2021-07-22,MAR,15746,8048,7698,2017,13487,242,ITI,ITI3,11,Marche,Marche,1525271,892837,58.54,1.03
2453,2021-04-13,MAR,9839,4261,5578,9393,234,212,ITI,ITI3,11,Marche,Marche,1525271,902676,59.18,0.65
2454,2021-07-05,MAR,13167,6510,6657,2918,10077,172,ITI,ITI3,11,Marche,Marche,1525271,915843,60.04,0.86
2455,2021-06-16,MAR,13756,6913,6843,9126,4365,265,ITI,ITI3,11,Marche,Marche,1525271,929599,60.95,0.9
2456,2021-09-08,MAR,7230,3781,3449,2063,4909,258,ITI,ITI3,11,Marche,Marche,1525271,936829,61.42,0.47
2457,2021-04-30,MAR,14167,6205,7962,5394,8575,198,ITI,ITI3,11,Marche,Marche,1525271,950996,62.35,0.93
2458,2021-04-11,MAR,7117,3116,4001,6681,287,149,ITI,ITI3,11,Marche,Marche,1525271,958113,62.82,0.47
2459,2021-05-28,MAR,13963,6741,7222,8801,4864,298,ITI,ITI3,11,Marche,Marche,1525271,972076,63.73,0.92
2460,2021-04-01,MAR,7580,3187,4393,4064,3419,97,ITI,ITI3,11,Marche,Marche,1525271,979656,64.23,0.5
2461,2021-09-05,MAR,194,99,95,131,37,26,ITI,ITI3,11,Marche,Marche,1525271,979850,64.24,0.01
2462,2021-07-24,MAR,13278,7118,6160,2942,10077,259,ITI,ITI3,11,Marche,Marche,1525271,993128,65.11,0.87
2463,2021-07-10,MAR,14161,7233,6928,1656,12302,203,ITI,ITI3,11,Marche,Marche,1525271,1007289,66.04,0.93
2464,2021-05-22,MAR,11941,5720,6221,7321,4449,171,ITI,ITI3,11,Marche,Marche,1525271,1019230,66.82,0.78
2465,2021-02-11,MAR,1988,657,1331,1557,390,41,ITI,ITI3,11,Marche,Marche,1525271,1021218,66.95,0.13
2466,2021-05-05,MAR,11696,5321,6375,5101,6433,162,ITI,ITI3,11,Marche,Marche,1525271,1032914,67.72,0.77
2467,2021-08-13,MAR,6752,3759,2993,3389,3151,212,ITI,ITI3,11,Marche,Marche,1525271,1039666,68.16,0.44
2468,2020-12-30,MAR,17,5,12,17,0,0,ITI,ITI3,11,Marche,Marche,1525271,1039683,68.16,0.0
2469,2021-04-09,MAR,9570,4190,5380,9148,200,222,ITI,ITI3,11,Marche,Marche,1525271,1049253,68.79,0.63
2470,2021-07-27,MAR,14371,7538,6833,3032,11112,227,ITI,ITI3,11,Marche,Marche,1525271,1063624,69.73,0.94
2471,2021-02-23,MAR,3314,1432,1882,3243,56,15,ITI,ITI3,11,Marche,Marche,1525271,1066938,69.95,0.22
2472,2021-01-15,MAR,1773,500,1273,1755,0,18,ITI,ITI3,11,Marche,Marche,1525271,1068711,70.07,0.12
2473,2021-04-25,MAR,8602,3996,4606,6891,1578,133,ITI,ITI3,11,Marche,Marche,1525271,1077313,70.63,0.56
2474,2021-08-03,MAR,10877,5736,5141,4030,6581,266,ITI,ITI3,11,Marche,Marche,1525271,1088190,71.34,0.71
2475,2021-06-02,MAR,11903,5939,5964,11028,679,196,ITI,ITI3,11,Marche,Marche,1525271,1100093,72.12,0.78
2476,2021-09-10,MAR,7565,4074,3491,2069,5195,301,ITI,ITI3,11,Marche,Marche,1525271,1107658,72.62,0.5
2477,2021-02-22,MAR,3461,1532,1929,3351,75,35,ITI,ITI3,11,Marche,Marche,1525271,1111119,72.85,0.23
2478,2021-08-24,MAR,6439,3401,3038,3298,2759,382,ITI,ITI3,11,Marche,Marche,1525271,1117558,73.27,0.42
2479,2021-08-05,MAR,11905,6393,5512,4078,7560,267,ITI,ITI3,11,Marche,Marche,1525271,1129463,74.05,0.78
2480,2021-03-11,MAR,6636,2824,3812,5145,1412,79,ITI,ITI3,11,Marche,Marche,1525271,1136099,74.49,0.44
2481,2021-03-25,MAR,6704,2794,3910,3186,3457,61,ITI,ITI3,11,Marche,Marche,1525271,1142803,74.92,0.44
2482,2021-07-03,MAR,13843,6991,6852,4136,9395,312,ITI,ITI3,11,Marche,Marche,1525271,1156646,75.83,0.91
2483,2021-02-20,MAR,4163,1732,2431,4042,111,10,ITI,ITI3,11,Marche,Marche,1525271,1160809,76.11,0.27
2484,2021-05-07,MAR,12838,5803,7035,3550,9186,102,ITI,ITI3,11,Marche,Marche,1525271,1173647,76.95,0.84
2485,2021-02-13,MAR,1093,462,631,987,82,24,ITI,ITI3,11,Marche,Marche,1525271,1174740,77.02,0.07
2486,2021-02-15,MAR,967,412,555,939,13,15,ITI,ITI3,11,Marche,Marche,1525271,1175707,77.08,0.06
2487,2021-05-26,MAR,11891,5954,5937,8450,3227,214,ITI,ITI3,11,Marche,Marche,1525271,1187598,77.86,0.78
2488,2021-03-30,MAR,7487,3080,4407,4576,2834,77,ITI,ITI3,11,Marche,Marche,1525271,1195085,78.35,0.49
2489,2021-02-01,MAR,1362,479,883,93,1266,3,ITI,ITI3,11,Marche,Marche,1525271,1196447,78.44,0.09
2490,2021-03-27,MAR,7429,3098,4331,4958,2396,75,ITI,ITI3,11,Marche,Marche,1525271,1203876,78.93,0.49
2491,2021-04-10,MAR,10931,4626,6305,10369,314,248,ITI,ITI3,11,Marche,Marche,1525271,1214807,79.65,0.72
2492,2021-01-03,MAR,912,358,554,902,0,10,ITI,ITI3,11,Marche,Marche,1525271,1215719,79.71,0.06
2493,2021-07-19,MAR,14678,7531,7147,1925,12538,215,ITI,ITI3,11,Marche,Marche,1525271,1230397,80.67,0.96
2494,2021-03-08,MAR,6301,2762,3539,5187,1002,112,ITI,ITI3,11,Marche,Marche,1525271,1236698,81.08,0.41
2495,2021-08-22,MAR,109,60,49,75,26,8,ITI,ITI3,11,Marche,Marche,1525271,1236807,81.09,0.01
2496,2021-01-20,MAR,406,100,306,384,20,2,ITI,ITI3,11,Marche,Marche,1525271,1237213,81.11,0.03
2497,2021-02-03,MAR,2129,743,1386,97,2011,21,ITI,ITI3,11,Marche,Marche,1525271,1239342,81.25,0.14
2498,2021-05-14,MAR,13638,6294,7344,6505,6915,218,ITI,ITI3,11,Marche,Marche,1525271,1252980,82.15,0.89
2499,2021-07-02,MAR,14555,7179,7376,4676,9648,231,ITI,ITI3,11,Marche,Marche,1525271,1267535,83.1,0.95
2500,2021-06-18,MAR,15347,7648,7699,8294,6753,300,ITI,ITI3,11,Marche,Marche,1525271,1282882,84.11,1.01
2501,2021-08-12,MAR,8022,4332,3690,3892,3769,361,ITI,ITI3,11,Marche,Marche,1525271,1290904,84.63,0.53
2502,2021-01-13,MAR,2114,747,1367,2073,0,41,ITI,ITI3,11,Marche,Marche,1525271,1293018,84.77,0.14
2503,2021-05-02,MAR,8905,3940,4965,3078,5742,85,ITI,ITI3,11,Marche,Marche,1525271,1301923,85.36,0.58
2504,2021-08-10,MAR,9202,4815,4387,3335,5592,275,ITI,ITI3,11,Marche,Marche,1525271,1311125,85.96,0.6
2505,2021-06-28,MAR,12363,6026,6337,4616,7510,237,ITI,ITI3,11,Marche,Marche,1525271,1323488,86.77,0.81
2506,2021-01-06,MAR,2215,804,1411,2196,0,19,ITI,ITI3,11,Marche,Marche,1525271,1325703,86.92,0.15
2507,2021-03-04,MAR,6539,2894,3645,5080,1395,64,ITI,ITI3,11,Marche,Marche,1525271,1332242,87.34,0.43
2508,2021-03-13,MAR,5808,2681,3127,1764,4003,41,ITI,ITI3,11,Marche,Marche,1525271,1338050,87.73,0.38
2509,2021-08-17,MAR,7595,4040,3555,3086,4285,224,ITI,ITI3,11,Marche,Marche,1525271,1345645,88.22,0.5
2510,2021-06-21,MAR,12608,6184,6424,5480,6881,247,ITI,ITI3,11,Marche,Marche,1525271,1358253,89.05,0.83
2511,2021-05-09,MAR,8866,4022,4844,3559,5230,77,ITI,ITI3,11,Marche,Marche,1525271,1367119,89.63,0.58
2512,2021-04-06,MAR,8876,3693,5183,7928,810,138,ITI,ITI3,11,Marche,Marche,1525271,1375995,90.21,0.58
2513,2021-03-23,MAR,5838,2556,3282,2223,3576,39,ITI,ITI3,11,Marche,Marche,1525271,1381833,90.6,0.38
2514,2021-02-08,MAR,834,259,575,366,463,5,ITI,ITI3,11,Marche,Marche,1525271,1382667,90.65,0.05
2515,2021-07-15,MAR,16010,8287,7723,1749,14032,229,ITI,ITI3,11,Marche,Marche,1525271,1398677,91.7,1.05
2516,2021-05-19,MAR,11671,5366,6305,8365,3102,204,ITI,ITI3,11,Marche,Marche,1525271,1410348,92.47,0.77
2517,2021-02-05,MAR,2158,655,1503,438,1719,1,ITI,ITI3,11,Marche,Marche,1525271,1412506,92.61,0.14
2518,2021-05-16,MAR,10901,4959,5942,6546,4231,124,ITI,ITI3,11,Marche,Marche,1525271,1423407,93.32,0.71
2519,2021-05-30,MAR,9736,4691,5045,6546,2993,197,ITI,ITI3,11,Marche,Marche,1525271,1433143,93.96,0.64
2520,2021-09-07,MAR,6134,3221,2913,1739,4192,203,ITI,ITI3,11,Marche,Marche,1525271,1439277,94.36,0.4
2521,2021-09-14,MAR,6377,3433,2944,1468,4739,170,ITI,ITI3,11,Marche,Marche,1525271,1445654,94.78,0.42
2522,2021-01-27,MAR,2119,778,1341,113,2004,2,ITI,ITI3,11,Marche,Marche,1525271,1447773,94.92,0.14
2523,2021-04-20,MAR,10756,5030,5726,9147,1472,137,ITI,ITI3,11,Marche,Marche,1525271,1458529,95.62,0.71
2524,2021-07-29,MAR,14846,7880,6966,4579,9955,312,ITI,ITI3,11,Marche,Marche,1525271,1473375,96.6,0.97
2525,2021-01-25,MAR,1597,559,1038,90,1507,0,ITI,ITI3,11,Marche,Marche,1525271,1474972,96.7,0.1
2526,2021-01-08,MAR,1583,592,991,1568,0,15,ITI,ITI3,11,Marche,Marche,1525271,1476555,96.81,0.1
2527,2021-04-18,MAR,8824,4131,4693,7728,921,175,ITI,ITI3,11,Marche,Marche,1525271,1485379,97.38,0.58
2528,2021-04-22,MAR,10798,4931,5867,9078,1579,141,ITI,ITI3,11,Marche,Marche,1525271,1496177,98.09,0.71
2529,2021-02-24,MAR,3534,1547,1987,3424,78,32,ITI,ITI3,11,Marche,Marche,1525271,1499711,98.32,0.23
2530,2021-06-04,MAR,14339,7290,7049,11588,2441,310,ITI,ITI3,11,Marche,Marche,1525271,1514050,99.26,0.94
2531,2021-04-08,MAR,9490,4157,5333,8959,370,161,ITI,ITI3,11,Marche,Marche,1525271,1523540,99.89,0.62
2532,2021-03-22,MAR,5705,2414,3291,2479,3179,47,ITI,ITI3,11,Marche,Marche,1525271,1529245,100.26,0.37
2533,2021-01-24,MAR,881,339,542,3,878,0,ITI,ITI3,11,Marche,Marche,1525271,1530126,100.32,0.06
2534,2021-06-30,MAR,13649,6663,6986,4451,8986,212,ITI,ITI3,11,Marche,Marche,1525271,1543775,101.21,0.89
2535,2021-03-06,MAR,5739,2642,3097,4419,1268,52,ITI,ITI3,11,Marche,Marche,1525271,1549514,101.59,0.38
2536,2021-06-14,MAR,12838,6486,6352,9256,3310,272,ITI,ITI3,11,Marche,Marche,1525271,1562352,102.43,0.84
2537,2021-09-09,MAR,6465,3467,2998,1913,4313,239,ITI,ITI3,11,Marche,Marche,1525271,1568817,102.85,0.42
2538,2021-08-07,MAR,9454,5194,4260,3474,5742,238,ITI,ITI3,11,Marche,Marche,1525271,1578271,103.47,0.62
2539,2021-07-21,MAR,14920,7617,7303,2064,12643,213,ITI,ITI3,11,Marche,Marche,1525271,1593191,104.45,0.98
2540,2021-04-29,MAR,13452,6159,7293,7160,6108,184,ITI,ITI3,11,Marche,Marche,1525271,1606643,105.33,0.88
2541,2021-04-27,MAR,9595,4390,5205,5505,3992,98,ITI,ITI3,11,Marche,Marche,1525271,1616238,105.96,0.63
2542,2021-01-17,MAR,1626,696,930,1555,65,6,ITI,ITI3,11,Marche,Marche,1525271,1617864,106.07,0.11
2543,2021-07-31,MAR,13203,7250,5953,5142,7731,330,ITI,ITI3,11,Marche,Marche,1525271,1631067,106.94,0.87
2544,2021-07-14,MAR,13852,6819,7033,1785,11875,192,ITI,ITI3,11,Marche,Marche,1525271,1644919,107.84,0.91
2545,2021-01-10,MAR,1746,702,1044,1732,0,14,ITI,ITI3,11,Marche,Marche,1525271,1646665,107.96,0.11
2546,2021-07-12,MAR,13726,6806,6920,1230,12378,118,ITI,ITI3,11,Marche,Marche,1525271,1660391,108.86,0.9
2547,2021-04-03,MAR,7577,3204,4373,6736,667,174,ITI,ITI3,11,Marche,Marche,1525271,1667968,109.36,0.5
2548,2021-09-16,MAR,6091,3274,2817,1294,4643,154,ITI,ITI3,11,Marche,Marche,1525271,1674059,109.75,0.4
2549,2021-06-25,MAR,14344,7171,7173,6418,7637,289,ITI,ITI3,11,Marche,Marche,1525271,1688403,110.7,0.94
2550,2021-04-17,MAR,11705,5317,6388,10393,1073,239,ITI,ITI3,11,Marche,Marche,1525271,1700108,111.46,0.77
2551,2021-07-26,MAR,11031,5737,5294,2109,8715,207,ITI,ITI3,11,Marche,Marche,1525271,1711139,112.19,0.72
2552,2021-08-09,MAR,9095,4828,4267,4052,4770,273,ITI,ITI3,11,Marche,Marche,1525271,1720234,112.78,0.6
2553,2021-06-13,MAR,10752,5566,5186,9203,1299,250,ITI,ITI3,11,Marche,Marche,1525271,1730986,113.49,0.7
2554,2020-12-27,MAR,210,100,110,208,0,2,ITI,ITI3,11,Marche,Marche,1525271,1731196,113.5,0.01
2555,2021-08-02,MAR,11727,6210,5517,4600,6868,259,ITI,ITI3,11,Marche,Marche,1525271,1742923,114.27,0.77
2556,2021-06-06,MAR,12453,6138,6315,10637,1579,237,ITI,ITI3,11,Marche,Marche,1525271,1755376,115.09,0.82
2557,2021-03-03,MAR,6700,3076,3624,5716,885,99,ITI,ITI3,11,Marche,Marche,1525271,1762076,115.53,0.44
2558,2021-01-05,MAR,1589,594,995,1570,0,19,ITI,ITI3,11,Marche,Marche,1525271,1763665,115.63,0.1
2559,2021-04-15,MAR,10379,4676,5703,9572,563,244,ITI,ITI3,11,Marche,Marche,1525271,1774044,116.31,0.68
2560,2021-08-28,MAR,3146,1696,1450,1201,1801,144,ITI,ITI3,11,Marche,Marche,1525271,1777190,116.52,0.21
2561,2021-01-29,MAR,1994,731,1263,154,1835,5,ITI,ITI3,11,Marche,Marche,1525271,1779184,116.65,0.13
2562,2021-05-18,MAR,11272,5347,5925,7488,3603,181,ITI,ITI3,11,Marche,Marche,1525271,1790456,117.39,0.74
2563,2021-08-26,MAR,5681,3027,2654,2775,2546,360,ITI,ITI3,11,Marche,Marche,1525271,1796137,117.76,0.37
2564,2021-08-21,MAR,2977,1664,1313,1492,1311,174,ITI,ITI3,11,Marche,Marche,1525271,1799114,117.95,0.2
2565,2021-05-11,MAR,10624,4831,5793,5488,4943,193,ITI,ITI3,11,Marche,Marche,1525271,1809738,118.65,0.7
2566,2021-05-04,MAR,10974,4840,6134,4926,5905,143,ITI,ITI3,11,Marche,Marche,1525271,1820712,119.37,0.72
2567,2021-03-20,MAR,4178,1759,2419,1034,3129,15,ITI,ITI3,11,Marche,Marche,1525271,1824890,119.64,0.27
2568,2021-01-22,MAR,489,168,321,193,294,2,ITI,ITI3,11,Marche,Marche,1525271,1825379,119.68,0.03
2569,2021-07-07,MAR,14259,7068,7191,2933,11083,243,ITI,ITI3,11,Marche,Marche,1525271,1839638,120.61,0.93
2570,2021-02-17,MAR,1828,701,1127,1642,118,68,ITI,ITI3,11,Marche,Marche,1525271,1841466,120.73,0.12
2571,2021-03-15,MAR,4452,2061,2391,1291,3140,21,ITI,ITI3,11,Marche,Marche,1525271,1845918,121.02,0.29
2572,2021-08-19,MAR,6273,3347,2926,3490,2454,329,ITI,ITI3,11,Marche,Marche,1525271,1852191,121.43,0.41
2573,2021-06-23,MAR,13893,6818,7075,6626,7011,256,ITI,ITI3,11,Marche,Marche,1525271,1866084,122.34,0.91
2574,2021-01-09,MAR,1721,608,1113,1701,0,20,ITI,ITI3,11,Marche,Marche,1525271,1867805,122.46,0.11
2575,2021-04-02,MAR,6894,2988,3906,6042,739,113,ITI,ITI3,11,Marche,Marche,1525271,1874699,122.91,0.45
2576,2021-03-16,MAR,3523,1523,2000,285,3232,6,ITI,ITI3,11,Marche,Marche,1525271,1878222,123.14,0.23
2577,2021-06-24,MAR,13845,6679,7166,6187,7387,271,ITI,ITI3,11,Marche,Marche,1525271,1892067,124.05,0.91
2578,2021-01-11,MAR,1183,413,770,1165,0,18,ITI,ITI3,11,Marche,Marche,1525271,1893250,124.13,0.08
2579,2021-04-21,MAR,10788,4969,5819,9423,1196,169,ITI,ITI3,11,Marche,Marche,1525271,1904038,124.83,0.71
2580,2021-01-28,MAR,2091,726,1365,158,1932,1,ITI,ITI3,11,Marche,Marche,1525271,1906129,124.97,0.14
2581,2021-04-04,MAR,3835,1797,2038,2614,1169,52,ITI,ITI3,11,Marche,Marche,1525271,1909964,125.22,0.25
2582,2021-07-13,MAR,14853,7278,7575,1456,13268,129,ITI,ITI3,11,Marche,Marche,1525271,1924817,126.2,0.97
2583,2021-08-31,MAR,4830,2562,2268,2014,2587,229,ITI,ITI3,11,Marche,Marche,1525271,1929647,126.51,0.32
2584,2021-06-09,MAR,14279,7417,6862,12108,1869,302,ITI,ITI3,11,Marche,Marche,1525271,1943926,127.45,0.94
2585,2021-09-17,MAR,4339,2411,1928,663,3609,67,ITI,ITI3,11,Marche,Marche,1525271,1948265,127.73,0.28
2586,2021-06-07,MAR,13322,6589,6733,10569,2450,303,ITI,ITI3,11,Marche,Marche,1525271,1961587,128.61,0.87
2587,2021-02-27,MAR,3401,1457,1944,3158,209,34,ITI,ITI3,11,Marche,Marche,1525271,1964988,128.83,0.22
2588,2021-03-18,MAR,3440,1507,1933,149,3279,12,ITI,ITI3,11,Marche,Marche,1525271,1968428,129.05,0.23
2589,2021-06-26,MAR,13577,6906,6671,5688,7672,217,ITI,ITI3,11,Marche,Marche,1525271,1982005,129.94,0.89
2590,2021-05-23,MAR,9210,4284,4926,7414,1672,124,ITI,ITI3,11,Marche,Marche,1525271,1991215,130.55,0.6
2591,2021-05-06,MAR,12661,5824,6837,5356,7076,229,ITI,ITI3,11,Marche,Marche,1525271,2003876,131.38,0.83
2592,2021-02-12,MAR,1581,618,963,1404,151,26,ITI,ITI3,11,Marche,Marche,1525271,2005457,131.48,0.1
2593,2021-08-14,MAR,2402,1379,1023,1035,1318,49,ITI,ITI3,11,Marche,Marche,1525271,2007859,131.64,0.16
2594,2021-02-10,MAR,1441,452,989,1040,359,42,ITI,ITI3,11,Marche,Marche,1525271,2009300,131.73,0.09
2595,2021-06-11,MAR,14003,7156,6847,11374,2324,305,ITI,ITI3,11,Marche,Marche,1525271,2023303,132.65,0.92
2596,2021-05-25,MAR,11769,5798,5971,8497,3052,220,ITI,ITI3,11,Marche,Marche,1525271,2035072,133.42,0.77
2597,2021-09-02,MAR,6387,3402,2985,2129,4044,214,ITI,ITI3,11,Marche,Marche,1525271,2041459,133.84,0.42
2598,2021-03-01,MAR,3772,1520,2252,3503,248,21,ITI,ITI3,11,Marche,Marche,1525271,2045231,134.09,0.25
2599,2021-03-28,FVG,4947,2356,2591,4690,158,99,ITH,ITH4,6,Friuli-Venezia Giulia,Friuli Venezia Giulia,1215220,4947,0.41,0.41
2600,2021-01-18,FVG,1964,608,1356,1870,94,0,ITH,ITH4,6,Friuli-Venezia Giulia,Friuli Venezia Giulia,1215220,6911,0.57,0.16
2601,2021-01-04,FVG,1509,560,949,1509,0,0,ITH,ITH4,6,Friuli-Venezia Giulia,Friuli Venezia Giulia,1215220,8420,0.69,0.12
2602,2021-08-29,FVG,3156,1779,1377,1797,1259,100,ITH,ITH4,6,Friuli-Venezia Giulia,Friuli Venezia Giulia,1215220,11576,0.95,0.26
2603,2021-06-24,FVG,11124,5675,5449,1893,9116,115,ITH,ITH4,6,Friuli-Venezia Giulia,Friuli Venezia Giulia,1215220,22700,1.87,0.92
2604,2021-03-16,FVG,3193,1302,1891,1023,2085,85,ITH,ITH4,6,Friuli-Venezia Giulia,Friuli Venezia Giulia,1215220,25893,2.13,0.26
2605,2021-08-20,FVG,6316,3566,2750,2749,3306,261,ITH,ITH4,6,Friuli-Venezia Giulia,Friuli Venezia Giulia,1215220,32209,2.65,0.52
2606,2021-05-12,FVG,11199,5180,6019,9346,1434,419,ITH,ITH4,6,Friuli-Venezia Giulia,Friuli Venezia Giulia,1215220,43408,3.57,0.92
2607,2021-07-20,FVG,9415,4934,4481,2450,6669,296,ITH,ITH4,6,Friuli-Venezia Giulia,Friuli Venezia Giulia,1215220,52823,4.35,0.77
2608,2021-08-03,FVG,10200,5378,4822,5277,4562,361,ITH,ITH4,6,Friuli-Venezia Giulia,Friuli Venezia Giulia,1215220,63023,5.19,0.84
2609,2021-04-11,FVG,3435,1519,1916,2412,907,116,ITH,ITH4,6,Friuli-Venezia Giulia,Friuli Venezia Giulia,1215220,66458,5.47,0.28
2610,2021-09-15,FVG,4845,2504,2341,2407,2110,328,ITH,ITH4,6,Friuli-Venezia Giulia,Friuli Venezia Giulia,1215220,71303,5.87,0.4
2611,2021-06-07,FVG,9231,4787,4444,7841,1001,389,ITH,ITH4,6,Friuli-Venezia Giulia,Friuli Venezia Giulia,1215220,80534,6.63,0.76
2612,2020-12-28,FVG,1,0,1,1,0,0,ITH,ITH4,6,Friuli-Venezia Giulia,Friuli Venezia Giulia,1215220,80535,6.63,0.0
2613,2021-07-08,FVG,13121,7090,6031,1364,11576,181,ITH,ITH4,6,Friuli-Venezia Giulia,Friuli Venezia Giulia,1215220,93656,7.71,1.08
2614,2021-02-04,FVG,2728,808,1920,35,2693,0,ITH,ITH4,6,Friuli-Venezia Giulia,Friuli Venezia Giulia,1215220,96384,7.93,0.22
2615,2021-08-08,FVG,4338,2355,1983,1920,2327,91,ITH,ITH4,6,Friuli-Venezia Giulia,Friuli Venezia Giulia,1215220,100722,8.29,0.36
2616,2021-04-30,FVG,7417,3270,4147,3577,3666,174,ITH,ITH4,6,Friuli-Venezia Giulia,Friuli Venezia Giulia,1215220,108139,8.9,0.61
2617,2021-01-30,FVG,2285,745,1540,270,2015,0,ITH,ITH4,6,Friuli-Venezia Giulia,Friuli Venezia Giulia,1215220,110424,9.09,0.19
2618,2021-07-13,FVG,11092,5717,5375,1173,9767,152,ITH,ITH4,6,Friuli-Venezia Giulia,Friuli Venezia Giulia,1215220,121516,10.0,0.91
2619,2021-02-18,FVG,3230,1503,1727,2804,408,18,ITH,ITH4,6,Friuli-Venezia Giulia,Friuli Venezia Giulia,1215220,124746,10.27,0.27
2620,2021-04-02,FVG,6611,2939,3672,4640,1841,130,ITH,ITH4,6,Friuli-Venezia Giulia,Friuli Venezia Giulia,1215220,131357,10.81,0.54
2621,2021-09-17,FVG,627,351,276,137,475,15,ITH,ITH4,6,Friuli-Venezia Giulia,Friuli Venezia Giulia,1215220,131984,10.86,0.05
2622,2021-05-24,FVG,11483,5559,5924,7528,3651,304,ITH,ITH4,6,Friuli-Venezia Giulia,Friuli Venezia Giulia,1215220,143467,11.81,0.94
2623,2021-02-13,FVG,568,180,388,560,6,2,ITH,ITH4,6,Friuli-Venezia Giulia,Friuli Venezia Giulia,1215220,144035,11.85,0.05
2624,2021-08-15,FVG,1,1,0,0,1,0,ITH,ITH4,6,Friuli-Venezia Giulia,Friuli Venezia Giulia,1215220,144036,11.85,0.0
2625,2021-03-02,FVG,4224,1520,2704,2701,1500,23,ITH,ITH4,6,Friuli-Venezia Giulia,Friuli Venezia Giulia,1215220,148260,12.2,0.35
2626,2021-09-03,FVG,4054,2106,1948,2045,1741,268,ITH,ITH4,6,Friuli-Venezia Giulia,Friuli Venezia Giulia,1215220,152314,12.53,0.33
2627,2021-03-04,FVG,3463,1601,1862,2772,662,29,ITH,ITH4,6,Friuli-Venezia Giulia,Friuli Venezia Giulia,1215220,155777,12.82,0.28
2628,2021-06-12,FVG,8239,4721,3518,6783,1162,294,ITH,ITH4,6,Friuli-Venezia Giulia,Friuli Venezia Giulia,1215220,164016,13.5,0.68
2629,2021-04-28,FVG,7343,3242,4101,3692,3515,136,ITH,ITH4,6,Friuli-Venezia Giulia,Friuli Venezia Giulia,1215220,171359,14.1,0.6
2630,2021-01-23,FVG,816,323,493,5,811,0,ITH,ITH4,6,Friuli-Venezia Giulia,Friuli Venezia Giulia,1215220,172175,14.17,0.07
2631,2021-02-06,FVG,1155,339,816,21,1133,1,ITH,ITH4,6,Friuli-Venezia Giulia,Friuli Venezia Giulia,1215220,173330,14.26,0.1
2632,2021-02-23,FVG,2652,1282,1370,2464,181,7,ITH,ITH4,6,Friuli-Venezia Giulia,Friuli Venezia Giulia,1215220,175982,14.48,0.22
2633,2021-05-17,FVG,8848,4111,4737,6075,2498,275,ITH,ITH4,6,Friuli-Venezia Giulia,Friuli Venezia Giulia,1215220,184830,15.21,0.73
2634,2021-03-09,FVG,4024,1730,2294,1243,2756,25,ITH,ITH4,6,Friuli-Venezia Giulia,Friuli Venezia Giulia,1215220,188854,15.54,0.33
2635,2021-08-22,FVG,2062,1180,882,788,1235,39,ITH,ITH4,6,Friuli-Venezia Giulia,Friuli Venezia Giulia,1215220,190916,15.71,0.17
2636,2021-05-19,FVG,12137,5994,6143,9323,2376,438,ITH,ITH4,6,Friuli-Venezia Giulia,Friuli Venezia Giulia,1215220,203053,16.71,1.0
2637,2021-03-14,FVG,1403,554,849,1124,252,27,ITH,ITH4,6,Friuli-Venezia Giulia,Friuli Venezia Giulia,1215220,204456,16.82,0.12
2638,2021-08-27,FVG,6176,3326,2850,1396,4567,213,ITH,ITH4,6,Friuli-Venezia Giulia,Friuli Venezia Giulia,1215220,210632,17.33,0.51
2639,2021-06-19,FVG,8575,4469,4106,1352,7157,66,ITH,ITH4,6,Friuli-Venezia Giulia,Friuli Venezia Giulia,1215220,219207,18.04,0.71
2640,2021-09-10,FVG,3977,2203,1774,661,3205,111,ITH,ITH4,6,Friuli-Venezia Giulia,Friuli Venezia Giulia,1215220,223184,18.37,0.33
2641,2021-09-08,FVG,3310,1880,1430,1568,1558,184,ITH,ITH4,6,Friuli-Venezia Giulia,Friuli Venezia Giulia,1215220,226494,18.64,0.27
2642,2021-05-31,FVG,8961,4449,4512,6474,2231,256,ITH,ITH4,6,Friuli-Venezia Giulia,Friuli Venezia Giulia,1215220,235455,19.38,0.74
2643,2021-07-27,FVG,9533,4799,4734,2651,6656,226,ITH,ITH4,6,Friuli-Venezia Giulia,Friuli Venezia Giulia,1215220,244988,20.16,0.78
2644,2021-04-04,FVG,4,2,2,2,2,0,ITH,ITH4,6,Friuli-Venezia Giulia,Friuli Venezia Giulia,1215220,244992,20.16,0.0
2645,2021-06-26,FVG,10398,5305,5093,4105,6176,117,ITH,ITH4,6,Friuli-Venezia Giulia,Friuli Venezia Giulia,1215220,255390,21.02,0.86
2646,2021-04-21,FVG,7785,3471,4314,4020,3684,81,ITH,ITH4,6,Friuli-Venezia Giulia,Friuli Venezia Giulia,1215220,263175,21.66,0.64
2647,2021-01-11,FVG,1895,613,1282,1894,0,1,ITH,ITH4,6,Friuli-Venezia Giulia,Friuli Venezia Giulia,1215220,265070,21.81,0.16
2648,2021-07-15,FVG,10096,5143,4953,945,8907,244,ITH,ITH4,6,Friuli-Venezia Giulia,Friuli Venezia Giulia,1215220,275166,22.64,0.83
2649,2021-04-23,FVG,7563,3428,4135,3521,3902,140,ITH,ITH4,6,Friuli-Venezia Giulia,Friuli Venezia Giulia,1215220,282729,23.27,0.62
2650,2021-08-01,FVG,3601,1928,1673,1478,1875,248,ITH,ITH4,6,Friuli-Venezia Giulia,Friuli Venezia Giulia,1215220,286330,23.56,0.3
2651,2021-05-05,FVG,9805,4280,5525,6082,3479,244,ITH,ITH4,6,Friuli-Venezia Giulia,Friuli Venezia Giulia,1215220,296135,24.37,0.81
2652,2021-01-25,FVG,1595,571,1024,200,1395,0,ITH,ITH4,6,Friuli-Venezia Giulia,Friuli Venezia Giulia,1215220,297730,24.5,0.13
2653,2021-07-01,FVG,12394,6450,5944,2639,9497,258,ITH,ITH4,6,Friuli-Venezia Giulia,Friuli Venezia Giulia,1215220,310124,25.52,1.02
2654,2021-03-23,FVG,3909,1697,2212,1743,2145,21,ITH,ITH4,6,Friuli-Venezia Giulia,Friuli Venezia Giulia,1215220,314033,25.84,0.32
2655,2021-01-16,FVG,1232,362,870,1232,0,0,ITH,ITH4,6,Friuli-Venezia Giulia,Friuli Venezia Giulia,1215220,315265,25.94,0.1
2656,2021-04-16,FVG,7016,3054,3962,4938,1942,136,ITH,ITH4,6,Friuli-Venezia Giulia,Friuli Venezia Giulia,1215220,322281,26.52,0.58
2657,2021-01-06,FVG,716,265,451,716,0,0,ITH,ITH4,6,Friuli-Venezia Giulia,Friuli Venezia Giulia,1215220,322997,26.58,0.06
2658,2021-02-11,FVG,1970,679,1291,1741,225,4,ITH,ITH4,6,Friuli-Venezia Giulia,Friuli Venezia Giulia,1215220,324967,26.74,0.16
2659,2021-04-09,FVG,8057,3737,4320,6576,1305,176,ITH,ITH4,6,Friuli-Venezia Giulia,Friuli Venezia Giulia,1215220,333024,27.4,0.66
2660,2021-03-21,FVG,2676,1003,1673,2214,410,52,ITH,ITH4,6,Friuli-Venezia Giulia,Friuli Venezia Giulia,1215220,335700,27.62,0.22
2661,2021-09-12,FVG,2368,1266,1102,1439,845,84,ITH,ITH4,6,Friuli-Venezia Giulia,Friuli Venezia Giulia,1215220,338068,27.82,0.19
2662,2021-06-04,FVG,12173,6238,5935,10266,1454,453,ITH,ITH4,6,Friuli-Venezia Giulia,Friuli Venezia Giulia,1215220,350241,28.82,1.0
2663,2021-07-05,FVG,9601,4883,4718,1320,8138,143,ITH,ITH4,6,Friuli-Venezia Giulia,Friuli Venezia Giulia,1215220,359842,29.61,0.79
2664,2021-06-21,FVG,9221,4510,4711,1828,7255,138,ITH,ITH4,6,Friuli-Venezia Giulia,Friuli Venezia Giulia,1215220,369063,30.37,0.76
2665,2021-03-13,FVG,2948,1124,1824,1661,1274,13,ITH,ITH4,6,Friuli-Venezia Giulia,Friuli Venezia Giulia,1215220,372011,30.61,0.24
2666,2021-04-08,FVG,7474,3238,4236,5407,1930,137,ITH,ITH4,6,Friuli-Venezia Giulia,Friuli Venezia Giulia,1215220,379485,31.23,0.62
2667,2021-05-21,FVG,11295,5046,6249,7912,3035,348,ITH,ITH4,6,Friuli-Venezia Giulia,Friuli Venezia Giulia,1215220,390780,32.16,0.93
2668,2021-02-10,FVG,1353,499,854,1265,88,0,ITH,ITH4,6,Friuli-Venezia Giulia,Friuli Venezia Giulia,1215220,392133,32.27,0.11
2669,2021-07-17,FVG,7392,3967,3425,620,6688,84,ITH,ITH4,6,Friuli-Venezia Giulia,Friuli Venezia Giulia,1215220,399525,32.88,0.61
2670,2021-02-01,FVG,2107,690,1417,17,2090,0,ITH,ITH4,6,Friuli-Venezia Giulia,Friuli Venezia Giulia,1215220,401632,33.05,0.17
2671,2021-08-31,FVG,7561,4046,3515,1353,6014,194,ITH,ITH4,6,Friuli-Venezia Giulia,Friuli Venezia Giulia,1215220,409193,33.67,0.62
2672,2021-03-11,FVG,3484,1520,1964,1715,1754,15,ITH,ITH4,6,Friuli-Venezia Giulia,Friuli Venezia Giulia,1215220,412677,33.96,0.29
2673,2021-04-13,FVG,7397,3299,4098,5656,1612,129,ITH,ITH4,6,Friuli-Venezia Giulia,Friuli Venezia Giulia,1215220,420074,34.57,0.61
2674,2021-01-03,FVG,313,123,190,313,0,0,ITH,ITH4,6,Friuli-Venezia Giulia,Friuli Venezia Giulia,1215220,420387,34.59,0.03
2675,2021-02-27,FVG,3542,1206,2336,3524,1,17,ITH,ITH4,6,Friuli-Venezia Giulia,Friuli Venezia Giulia,1215220,423929,34.88,0.29
2676,2021-04-25,FVG,2382,992,1390,2188,13,181,ITH,ITH4,6,Friuli-Venezia Giulia,Friuli Venezia Giulia,1215220,426311,35.08,0.2
2677,2021-01-01,FVG,2,2,0,2,0,0,ITH,ITH4,6,Friuli-Venezia Giulia,Friuli Venezia Giulia,1215220,426313,35.08,0.0
2678,2021-01-15,FVG,2021,605,1416,2020,0,1,ITH,ITH4,6,Friuli-Venezia Giulia,Friuli Venezia Giulia,1215220,428334,35.25,0.17
2679,2021-04-18,FVG,6064,2814,3250,5420,410,234,ITH,ITH4,6,Friuli-Venezia Giulia,Friuli Venezia Giulia,1215220,434398,35.75,0.5
2680,2021-01-08,FVG,2344,751,1593,2344,0,0,ITH,ITH4,6,Friuli-Venezia Giulia,Friuli Venezia Giulia,1215220,436742,35.94,0.19
2681,2021-06-14,FVG,10325,5012,5313,5185,4839,301,ITH,ITH4,6,Friuli-Venezia Giulia,Friuli Venezia Giulia,1215220,447067,36.79,0.85
2682,2021-02-20,FVG,2079,941,1138,1932,144,3,ITH,ITH4,6,Friuli-Venezia Giulia,Friuli Venezia Giulia,1215220,449146,36.96,0.17
2683,2021-01-22,FVG,117,56,61,28,89,0,ITH,ITH4,6,Friuli-Venezia Giulia,Friuli Venezia Giulia,1215220,449263,36.97,0.01
2684,2021-03-06,FVG,3513,1201,2312,3154,327,32,ITH,ITH4,6,Friuli-Venezia Giulia,Friuli Venezia Giulia,1215220,452776,37.26,0.29
2685,2020-12-30,FVG,626,244,382,626,0,0,ITH,ITH4,6,Friuli-Venezia Giulia,Friuli Venezia Giulia,1215220,453402,37.31,0.05
2686,2021-06-05,FVG,10348,5348,5000,8391,1556,401,ITH,ITH4,6,Friuli-Venezia Giulia,Friuli Venezia Giulia,1215220,463750,38.16,0.85
2687,2021-02-25,FVG,3179,1661,1518,3116,30,33,ITH,ITH4,6,Friuli-Venezia Giulia,Friuli Venezia Giulia,1215220,466929,38.42,0.26
2688,2021-06-16,FVG,12205,5923,6282,3899,8040,266,ITH,ITH4,6,Friuli-Venezia Giulia,Friuli Venezia Giulia,1215220,479134,39.43,1.0
2689,2021-08-12,FVG,7990,4283,3707,5197,2501,292,ITH,ITH4,6,Friuli-Venezia Giulia,Friuli Venezia Giulia,1215220,487124,40.09,0.66
2690,2021-07-24,FVG,6173,3337,2836,2918,3080,175,ITH,ITH4,6,Friuli-Venezia Giulia,Friuli Venezia Giulia,1215220,493297,40.59,0.51
2691,2021-08-24,FVG,6646,3591,3055,760,5755,131,ITH,ITH4,6,Friuli-Venezia Giulia,Friuli Venezia Giulia,1215220,499943,41.14,0.55
2692,2021-08-10,FVG,7321,4083,3238,5303,1658,360,ITH,ITH4,6,Friuli-Venezia Giulia,Friuli Venezia Giulia,1215220,507264,41.74,0.6
2693,2021-05-02,FVG,6917,3257,3660,3810,2964,143,ITH,ITH4,6,Friuli-Venezia Giulia,Friuli Venezia Giulia,1215220,514181,42.31,0.57
2694,2021-07-22,FVG,7725,4107,3618,3273,4149,303,ITH,ITH4,6,Friuli-Venezia Giulia,Friuli Venezia Giulia,1215220,521906,42.95,0.64
2695,2021-01-20,FVG,754,322,432,18,736,0,ITH,ITH4,6,Friuli-Venezia Giulia,Friuli Venezia Giulia,1215220,522660,43.01,0.06
2696,2021-02-22,FVG,2494,1199,1295,2070,419,5,ITH,ITH4,6,Friuli-Venezia Giulia,Friuli Venezia Giulia,1215220,525154,43.21,0.21
2697,2021-06-02,FVG,9434,4966,4468,8818,282,334,ITH,ITH4,6,Friuli-Venezia Giulia,Friuli Venezia Giulia,1215220,534588,43.99,0.78
2698,2021-01-27,FVG,1273,427,846,450,821,2,ITH,ITH4,6,Friuli-Venezia Giulia,Friuli Venezia Giulia,1215220,535861,44.1,0.1
2699,2021-05-07,FVG,10948,5012,5936,7184,3563,201,ITH,ITH4,6,Friuli-Venezia Giulia,Friuli Venezia Giulia,1215220,546809,45.0,0.9
2700,2021-05-09,FVG,7387,3317,4070,3373,3877,137,ITH,ITH4,6,Friuli-Venezia Giulia,Friuli Venezia Giulia,1215220,554196,45.6,0.61
2701,2021-07-31,FVG,7372,3789,3583,1271,6011,90,ITH,ITH4,6,Friuli-Venezia Giulia,Friuli Venezia Giulia,1215220,561568,46.21,0.61
2702,2021-08-17,FVG,3649,1964,1685,2819,601,229,ITH,ITH4,6,Friuli-Venezia Giulia,Friuli Venezia Giulia,1215220,565217,46.51,0.3
2703,2021-05-26,FVG,13475,6729,6746,9647,3468,360,ITH,ITH4,6,Friuli-Venezia Giulia,Friuli Venezia Giulia,1215220,578692,47.62,1.11
2704,2021-02-15,FVG,2461,914,1547,2201,254,6,ITH,ITH4,6,Friuli-Venezia Giulia,Friuli Venezia Giulia,1215220,581153,47.82,0.2
2705,2021-08-14,FVG,206,151,55,188,4,14,ITH,ITH4,6,Friuli-Venezia Giulia,Friuli Venezia Giulia,1215220,581359,47.84,0.02
2706,2021-08-28,FVG,2896,1574,1322,1776,962,158,ITH,ITH4,6,Friuli-Venezia Giulia,Friuli Venezia Giulia,1215220,584255,48.08,0.24
2707,2021-05-06,FVG,11982,5571,6411,7714,3987,281,ITH,ITH4,6,Friuli-Venezia Giulia,Friuli Venezia Giulia,1215220,596237,49.06,0.99
2708,2021-07-03,FVG,11433,6096,5337,1097,10188,148,ITH,ITH4,6,Friuli-Venezia Giulia,Friuli Venezia Giulia,1215220,607670,50.0,0.94
2709,2021-03-25,FVG,5548,2435,3113,3332,2140,76,ITH,ITH4,6,Friuli-Venezia Giulia,Friuli Venezia Giulia,1215220,613218,50.46,0.46
2710,2021-03-30,FVG,7623,3407,4216,6287,1201,135,ITH,ITH4,6,Friuli-Venezia Giulia,Friuli Venezia Giulia,1215220,620841,51.09,0.63
2711,2021-06-23,FVG,12107,5861,6246,1991,9963,153,ITH,ITH4,6,Friuli-Venezia Giulia,Friuli Venezia Giulia,1215220,632948,52.09,1.0
2712,2021-08-19,FVG,4909,2623,2286,1754,3002,153,ITH,ITH4,6,Friuli-Venezia Giulia,Friuli Venezia Giulia,1215220,637857,52.49,0.4
2713,2021-08-05,FVG,7147,3675,3472,3249,3695,203,ITH,ITH4,6,Friuli-Venezia Giulia,Friuli Venezia Giulia,1215220,645004,53.08,0.59
2714,2021-04-27,FVG,8151,3742,4409,3550,4498,103,ITH,ITH4,6,Friuli-Venezia Giulia,Friuli Venezia Giulia,1215220,653155,53.75,0.67
2715,2021-05-14,FVG,10867,5401,5466,7927,2640,300,ITH,ITH4,6,Friuli-Venezia Giulia,Friuli Venezia Giulia,1215220,664022,54.64,0.89
2716,2021-02-03,FVG,2651,792,1859,22,2628,1,ITH,ITH4,6,Friuli-Venezia Giulia,Friuli Venezia Giulia,1215220,666673,54.86,0.22
2717,2021-02-08,FVG,2361,697,1664,90,2270,1,ITH,ITH4,6,Friuli-Venezia Giulia,Friuli Venezia Giulia,1215220,669034,55.05,0.19
2718,2021-08-09,FVG,7841,4195,3646,2371,5284,186,ITH,ITH4,6,Friuli-Venezia Giulia,Friuli Venezia Giulia,1215220,676875,55.7,0.65
2719,2021-02-07,FVG,1568,482,1086,384,1183,1,ITH,ITH4,6,Friuli-Venezia Giulia,Friuli Venezia Giulia,1215220,678443,55.83,0.13
2720,2021-09-09,FVG,3743,1972,1771,1839,1681,223,ITH,ITH4,6,Friuli-Venezia Giulia,Friuli Venezia Giulia,1215220,682186,56.14,0.31
2721,2021-08-26,FVG,7534,4081,3453,1466,5833,235,ITH,ITH4,6,Friuli-Venezia Giulia,Friuli Venezia Giulia,1215220,689720,56.76,0.62
2722,2021-05-18,FVG,10869,5436,5433,8404,2103,362,ITH,ITH4,6,Friuli-Venezia Giulia,Friuli Venezia Giulia,1215220,700589,57.65,0.89
2723,2021-06-01,FVG,10148,5133,5015,7692,2129,327,ITH,ITH4,6,Friuli-Venezia Giulia,Friuli Venezia Giulia,1215220,710737,58.49,0.84
2724,2021-05-16,FVG,10028,4803,5225,8376,1407,245,ITH,ITH4,6,Friuli-Venezia Giulia,Friuli Venezia Giulia,1215220,720765,59.31,0.83
2725,2021-06-18,FVG,10981,5422,5559,3400,7312,269,ITH,ITH4,6,Friuli-Venezia Giulia,Friuli Venezia Giulia,1215220,731746,60.22,0.9
2726,2021-03-10,FVG,3602,1711,1891,1744,1796,62,ITH,ITH4,6,Friuli-Venezia Giulia,Friuli Venezia Giulia,1215220,735348,60.51,0.3
2727,2021-02-24,FVG,2532,1093,1439,2503,18,11,ITH,ITH4,6,Friuli-Venezia Giulia,Friuli Venezia Giulia,1215220,737880,60.72,0.21
2728,2021-07-02,FVG,11117,5748,5369,2116,8809,192,ITH,ITH4,6,Friuli-Venezia Giulia,Friuli Venezia Giulia,1215220,748997,61.63,0.91
2729,2021-06-25,FVG,11009,5533,5476,2357,8564,88,ITH,ITH4,6,Friuli-Venezia Giulia,Friuli Venezia Giulia,1215220,760006,62.54,0.91
2730,2021-07-09,FVG,11960,6355,5605,2124,9545,291,ITH,ITH4,6,Friuli-Venezia Giulia,Friuli Venezia Giulia,1215220,771966,63.52,0.98
2731,2021-03-17,FVG,3242,1270,1972,736,2496,10,ITH,ITH4,6,Friuli-Venezia Giulia,Friuli Venezia Giulia,1215220,775208,63.79,0.27
2732,2021-08-21,FVG,2897,1559,1338,283,2574,40,ITH,ITH4,6,Friuli-Venezia Giulia,Friuli Venezia Giulia,1215220,778105,64.03,0.24
2733,2021-05-13,FVG,11226,5428,5798,8743,2081,402,ITH,ITH4,6,Friuli-Venezia Giulia,Friuli Venezia Giulia,1215220,789331,64.95,0.92
2734,2021-07-10,FVG,8806,4545,4261,142,8638,26,ITH,ITH4,6,Friuli-Venezia Giulia,Friuli Venezia Giulia,1215220,798137,65.68,0.72
2735,2021-04-01,FVG,6435,3074,3361,5327,1018,90,ITH,ITH4,6,Friuli-Venezia Giulia,Friuli Venezia Giulia,1215220,804572,66.21,0.53
2736,2021-09-05,FVG,2718,1474,1244,1311,1313,94,ITH,ITH4,6,Friuli-Venezia Giulia,Friuli Venezia Giulia,1215220,807290,66.43,0.22
2737,2021-05-28,FVG,10662,5109,5553,6231,4145,286,ITH,ITH4,6,Friuli-Venezia Giulia,Friuli Venezia Giulia,1215220,817952,67.31,0.88
2738,2021-09-07,FVG,3121,1680,1441,1218,1709,194,ITH,ITH4,6,Friuli-Venezia Giulia,Friuli Venezia Giulia,1215220,821073,67.57,0.26
2739,2021-07-12,FVG,10043,5158,4885,1110,8777,156,ITH,ITH4,6,Friuli-Venezia Giulia,Friuli Venezia Giulia,1215220,831116,68.39,0.83
2740,2021-06-13,FVG,8717,4538,4179,5163,3330,224,ITH,ITH4,6,Friuli-Venezia Giulia,Friuli Venezia Giulia,1215220,839833,69.11,0.72
2741,2021-07-26,FVG,8562,4269,4293,1775,6574,213,ITH,ITH4,6,Friuli-Venezia Giulia,Friuli Venezia Giulia,1215220,848395,69.81,0.7
2742,2021-04-17,FVG,7469,3240,4229,5818,1484,167,ITH,ITH4,6,Friuli-Venezia Giulia,Friuli Venezia Giulia,1215220,855864,70.43,0.61
2743,2021-07-28,FVG,10506,5358,5148,4012,6043,451,ITH,ITH4,6,Friuli-Venezia Giulia,Friuli Venezia Giulia,1215220,866370,71.29,0.86
2744,2021-07-19,FVG,9449,4940,4509,853,8442,154,ITH,ITH4,6,Friuli-Venezia Giulia,Friuli Venezia Giulia,1215220,875819,72.07,0.78
2745,2021-06-20,FVG,6528,3240,3288,1487,4940,101,ITH,ITH4,6,Friuli-Venezia Giulia,Friuli Venezia Giulia,1215220,882347,72.61,0.54
2746,2021-03-29,FVG,7041,3134,3907,5374,1590,77,ITH,ITH4,6,Friuli-Venezia Giulia,Friuli Venezia Giulia,1215220,889388,73.19,0.58
2747,2021-07-07,FVG,11331,5801,5530,1448,9753,130,ITH,ITH4,6,Friuli-Venezia Giulia,Friuli Venezia Giulia,1215220,900719,74.12,0.93
2748,2021-07-21,FVG,8655,4385,4270,2046,6348,261,ITH,ITH4,6,Friuli-Venezia Giulia,Friuli Venezia Giulia,1215220,909374,74.83,0.71
2749,2021-03-27,FVG,5383,2922,2461,3923,1412,48,ITH,ITH4,6,Friuli-Venezia Giulia,Friuli Venezia Giulia,1215220,914757,75.28,0.44
2750,2021-04-15,FVG,6527,2886,3641,5091,1275,161,ITH,ITH4,6,Friuli-Venezia Giulia,Friuli Venezia Giulia,1215220,921284,75.81,0.54
2751,2021-04-29,FVG,6809,2998,3811,4014,2607,188,ITH,ITH4,6,Friuli-Venezia Giulia,Friuli Venezia Giulia,1215220,928093,76.37,0.56
2752,2021-01-05,FVG,1679,552,1127,1677,0,2,ITH,ITH4,6,Friuli-Venezia Giulia,Friuli Venezia Giulia,1215220,929772,76.51,0.14
2753,2021-08-07,FVG,4841,2614,2227,2779,1932,130,ITH,ITH4,6,Friuli-Venezia Giulia,Friuli Venezia Giulia,1215220,934613,76.91,0.4
2754,2021-07-29,FVG,9614,4903,4711,3230,6089,295,ITH,ITH4,6,Friuli-Venezia Giulia,Friuli Venezia Giulia,1215220,944227,77.7,0.79
2755,2021-04-20,FVG,7148,3079,4069,3098,3920,130,ITH,ITH4,6,Friuli-Venezia Giulia,Friuli Venezia Giulia,1215220,951375,78.29,0.59
2756,2021-01-10,FVG,2943,919,2024,2943,0,0,ITH,ITH4,6,Friuli-Venezia Giulia,Friuli Venezia Giulia,1215220,954318,78.53,0.24
2757,2021-07-14,FVG,10913,5582,5331,1256,9464,193,ITH,ITH4,6,Friuli-Venezia Giulia,Friuli Venezia Giulia,1215220,965231,79.43,0.9
2758,2021-04-05,FVG,2912,1449,1463,2832,16,64,ITH,ITH4,6,Friuli-Venezia Giulia,Friuli Venezia Giulia,1215220,968143,79.67,0.24
2759,2021-01-12,FVG,2273,719,1554,2273,0,0,ITH,ITH4,6,Friuli-Venezia Giulia,Friuli Venezia Giulia,1215220,970416,79.86,0.19
2760,2021-01-29,FVG,2419,815,1604,266,2153,0,ITH,ITH4,6,Friuli-Venezia Giulia,Friuli Venezia Giulia,1215220,972835,80.05,0.2
2761,2021-04-22,FVG,6802,3093,3709,3034,3696,72,ITH,ITH4,6,Friuli-Venezia Giulia,Friuli Venezia Giulia,1215220,979637,80.61,0.56
2762,2021-05-04,FVG,9618,4342,5276,6002,3387,229,ITH,ITH4,6,Friuli-Venezia Giulia,Friuli Venezia Giulia,1215220,989255,81.41,0.79
2763,2021-01-24,FVG,307,121,186,2,305,0,ITH,ITH4,6,Friuli-Venezia Giulia,Friuli Venezia Giulia,1215220,989562,81.43,0.03
2764,2021-06-30,FVG,13206,6722,6484,1386,11646,174,ITH,ITH4,6,Friuli-Venezia Giulia,Friuli Venezia Giulia,1215220,1002768,82.52,1.09
2765,2021-03-08,FVG,4135,1648,2487,2028,2092,15,ITH,ITH4,6,Friuli-Venezia Giulia,Friuli Venezia Giulia,1215220,1006903,82.86,0.34
2766,2021-03-22,FVG,3671,1455,2216,1672,1960,39,ITH,ITH4,6,Friuli-Venezia Giulia,Friuli Venezia Giulia,1215220,1010574,83.16,0.3
2767,2021-05-15,FVG,12694,6120,6574,7684,4705,305,ITH,ITH4,6,Friuli-Venezia Giulia,Friuli Venezia Giulia,1215220,1023268,84.2,1.04
2768,2021-05-01,FVG,7215,3252,3963,5909,1046,260,ITH,ITH4,6,Friuli-Venezia Giulia,Friuli Venezia Giulia,1215220,1030483,84.8,0.59
2769,2021-01-21,FVG,899,347,552,3,896,0,ITH,ITH4,6,Friuli-Venezia Giulia,Friuli Venezia Giulia,1215220,1031382,84.87,0.07
2770,2021-02-21,FVG,802,281,521,421,379,2,ITH,ITH4,6,Friuli-Venezia Giulia,Friuli Venezia Giulia,1215220,1032184,84.94,0.07
2771,2021-02-05,FVG,2632,792,1840,89,2543,0,ITH,ITH4,6,Friuli-Venezia Giulia,Friuli Venezia Giulia,1215220,1034816,85.15,0.22
2772,2021-04-14,FVG,7255,3135,4120,5410,1719,126,ITH,ITH4,6,Friuli-Venezia Giulia,Friuli Venezia Giulia,1215220,1042071,85.75,0.6
2773,2021-07-06,FVG,11222,5858,5364,1351,9757,114,ITH,ITH4,6,Friuli-Venezia Giulia,Friuli Venezia Giulia,1215220,1053293,86.68,0.92
2774,2021-07-23,FVG,9063,4646,4417,3041,5595,427,ITH,ITH4,6,Friuli-Venezia Giulia,Friuli Venezia Giulia,1215220,1062356,87.42,0.75
2775,2021-04-10,FVG,5062,2218,2844,3752,1231,79,ITH,ITH4,6,Friuli-Venezia Giulia,Friuli Venezia Giulia,1215220,1067418,87.84,0.42
2776,2021-05-23,FVG,10297,4869,5428,5922,4158,217,ITH,ITH4,6,Friuli-Venezia Giulia,Friuli Venezia Giulia,1215220,1077715,88.68,0.85
2777,2021-02-19,FVG,3302,1321,1981,2843,442,17,ITH,ITH4,6,Friuli-Venezia Giulia,Friuli Venezia Giulia,1215220,1081017,88.96,0.27
2778,2021-09-14,FVG,3895,2060,1835,931,2854,110,ITH,ITH4,6,Friuli-Venezia Giulia,Friuli Venezia Giulia,1215220,1084912,89.28,0.32
2779,2021-01-17,FVG,1715,522,1193,1713,0,2,ITH,ITH4,6,Friuli-Venezia Giulia,Friuli Venezia Giulia,1215220,1086627,89.42,0.14
2780,2021-03-15,FVG,3964,1814,2150,1614,2326,24,ITH,ITH4,6,Friuli-Venezia Giulia,Friuli Venezia Giulia,1215220,1090591,89.74,0.33
2781,2021-05-11,FVG,9189,4433,4756,7156,1813,220,ITH,ITH4,6,Friuli-Venezia Giulia,Friuli Venezia Giulia,1215220,1099780,90.5,0.76
2782,2021-01-31,FVG,2727,842,1885,385,2342,0,ITH,ITH4,6,Friuli-Venezia Giulia,Friuli Venezia Giulia,1215220,1102507,90.72,0.22
2783,2021-07-04,FVG,9361,4799,4562,2891,6214,256,ITH,ITH4,6,Friuli-Venezia Giulia,Friuli Venezia Giulia,1215220,1111868,91.5,0.77
2784,2021-03-26,FVG,6061,2634,3427,3853,2029,179,ITH,ITH4,6,Friuli-Venezia Giulia,Friuli Venezia Giulia,1215220,1117929,91.99,0.5
2785,2021-03-12,FVG,4165,1737,2428,2754,1385,26,ITH,ITH4,6,Friuli-Venezia Giulia,Friuli Venezia Giulia,1215220,1122094,92.34,0.34
2786,2021-01-02,FVG,1217,470,747,1217,0,0,ITH,ITH4,6,Friuli-Venezia Giulia,Friuli Venezia Giulia,1215220,1123311,92.44,0.1
2787,2021-04-12,FVG,7288,3196,4092,5995,1136,157,ITH,ITH4,6,Friuli-Venezia Giulia,Friuli Venezia Giulia,1215220,1130599,93.04,0.6
2788,2021-08-23,FVG,4787,2483,2304,2653,1785,349,ITH,ITH4,6,Friuli-Venezia Giulia,Friuli Venezia Giulia,1215220,1135386,93.43,0.39
2789,2021-05-29,FVG,12044,5858,6186,6781,4996,267,ITH,ITH4,6,Friuli-Venezia Giulia,Friuli Venezia Giulia,1215220,1147430,94.42,0.99
2790,2021-07-25,FVG,3903,2027,1876,1917,1879,107,ITH,ITH4,6,Friuli-Venezia Giulia,Friuli Venezia Giulia,1215220,1151333,94.74,0.32
2791,2021-07-11,FVG,6874,3591,3283,2384,4187,303,ITH,ITH4,6,Friuli-Venezia Giulia,Friuli Venezia Giulia,1215220,1158207,95.31,0.57
2792,2021-09-06,FVG,3949,2240,1709,734,3092,123,ITH,ITH4,6,Friuli-Venezia Giulia,Friuli Venezia Giulia,1215220,1162156,95.63,0.32
2793,2021-08-02,FVG,9042,4648,4394,2869,5916,257,ITH,ITH4,6,Friuli-Venezia Giulia,Friuli Venezia Giulia,1215220,1171198,96.38,0.74
2794,2021-02-16,FVG,2518,1136,1382,2398,116,4,ITH,ITH4,6,Friuli-Venezia Giulia,Friuli Venezia Giulia,1215220,1173716,96.58,0.21
2795,2021-03-24,FVG,3989,1728,2261,2465,1485,39,ITH,ITH4,6,Friuli-Venezia Giulia,Friuli Venezia Giulia,1215220,1177705,96.91,0.33
2796,2021-05-20,FVG,12738,6337,6401,9796,2532,410,ITH,ITH4,6,Friuli-Venezia Giulia,Friuli Venezia Giulia,1215220,1190443,97.96,1.05
2797,2021-01-07,FVG,2108,726,1382,2108,0,0,ITH,ITH4,6,Friuli-Venezia Giulia,Friuli Venezia Giulia,1215220,1192551,98.13,0.17
2798,2021-03-05,FVG,3834,1544,2290,2732,1079,23,ITH,ITH4,6,Friuli-Venezia Giulia,Friuli Venezia Giulia,1215220,1196385,98.45,0.32
2799,2021-04-19,FVG,6734,3142,3592,3213,3426,95,ITH,ITH4,6,Friuli-Venezia Giulia,Friuli Venezia Giulia,1215220,1203119,99.0,0.55
2800,2021-01-09,FVG,2534,846,1688,2533,0,1,ITH,ITH4,6,Friuli-Venezia Giulia,Friuli Venezia Giulia,1215220,1205653,99.21,0.21
2801,2021-06-15,FVG,12182,6197,5985,5354,6542,286,ITH,ITH4,6,Friuli-Venezia Giulia,Friuli Venezia Giulia,1215220,1217835,100.22,1.0
2802,2021-03-07,FVG,2556,938,1618,2495,1,60,ITH,ITH4,6,Friuli-Venezia Giulia,Friuli Venezia Giulia,1215220,1220391,100.43,0.21
2803,2021-04-24,FVG,6693,2952,3741,5207,1245,241,ITH,ITH4,6,Friuli-Venezia Giulia,Friuli Venezia Giulia,1215220,1227084,100.98,0.55
2804,2021-06-06,FVG,9507,4638,4869,7642,1568,297,ITH,ITH4,6,Friuli-Venezia Giulia,Friuli Venezia Giulia,1215220,1236591,101.76,0.78
2805,2021-02-26,FVG,3787,2133,1654,3583,171,33,ITH,ITH4,6,Friuli-Venezia Giulia,Friuli Venezia Giulia,1215220,1240378,102.07,0.31
2806,2021-02-17,FVG,2365,1006,1359,1873,489,3,ITH,ITH4,6,Friuli-Venezia Giulia,Friuli Venezia Giulia,1215220,1242743,102.26,0.19
2807,2021-09-16,FVG,2732,1457,1275,344,2317,71,ITH,ITH4,6,Friuli-Venezia Giulia,Friuli Venezia Giulia,1215220,1245475,102.49,0.22
2808,2021-05-30,FVG,11080,4998,6082,7237,3595,248,ITH,ITH4,6,Friuli-Venezia Giulia,Friuli Venezia Giulia,1215220,1256555,103.4,0.91
2809,2021-08-25,FVG,7897,4229,3668,3069,4464,364,ITH,ITH4,6,Friuli-Venezia Giulia,Friuli Venezia Giulia,1215220,1264452,104.05,0.65
2810,2021-06-03,FVG,12480,6768,5712,9903,2133,444,ITH,ITH4,6,Friuli-Venezia Giulia,Friuli Venezia Giulia,1215220,1276932,105.08,1.03
2811,2021-09-11,FVG,1192,673,519,608,536,48,ITH,ITH4,6,Friuli-Venezia Giulia,Friuli Venezia Giulia,1215220,1278124,105.18,0.1
2812,2021-01-19,FVG,6,2,4,6,0,0,ITH,ITH4,6,Friuli-Venezia Giulia,Friuli Venezia Giulia,1215220,1278130,105.18,0.0
2813,2021-04-03,FVG,4022,1994,2028,2621,1339,62,ITH,ITH4,6,Friuli-Venezia Giulia,Friuli Venezia Giulia,1215220,1282152,105.51,0.33
2814,2021-06-10,FVG,11595,6037,5558,9693,1486,416,ITH,ITH4,6,Friuli-Venezia Giulia,Friuli Venezia Giulia,1215220,1293747,106.46,0.95
2815,2021-09-01,FVG,8579,4694,3885,2138,6228,213,ITH,ITH4,6,Friuli-Venezia Giulia,Friuli Venezia Giulia,1215220,1302326,107.17,0.71
2816,2021-03-19,FVG,3279,1370,1909,1317,1947,15,ITH,ITH4,6,Friuli-Venezia Giulia,Friuli Venezia Giulia,1215220,1305605,107.44,0.27
2817,2021-06-27,FVG,7675,3835,3840,3694,3862,119,ITH,ITH4,6,Friuli-Venezia Giulia,Friuli Venezia Giulia,1215220,1313280,108.07,0.63
2818,2021-06-29,FVG,11388,5809,5579,1228,10051,109,ITH,ITH4,6,Friuli-Venezia Giulia,Friuli Venezia Giulia,1215220,1324668,109.01,0.94
2819,2021-07-16,FVG,9811,5241,4570,1703,7959,149,ITH,ITH4,6,Friuli-Venezia Giulia,Friuli Venezia Giulia,1215220,1334479,109.81,0.81
2820,2021-04-07,FVG,7860,3644,4216,6952,789,119,ITH,ITH4,6,Friuli-Venezia Giulia,Friuli Venezia Giulia,1215220,1342339,110.46,0.65
2821,2021-08-30,FVG,7352,3915,3437,2481,4636,235,ITH,ITH4,6,Friuli-Venezia Giulia,Friuli Venezia Giulia,1215220,1349691,111.07,0.6
2822,2021-09-13,FVG,2580,1356,1224,568,1920,92,ITH,ITH4,6,Friuli-Venezia Giulia,Friuli Venezia Giulia,1215220,1352271,111.28,0.21
2823,2021-05-22,FVG,11604,5209,6395,7086,4242,276,ITH,ITH4,6,Friuli-Venezia Giulia,Friuli Venezia Giulia,1215220,1363875,112.23,0.95
2824,2021-07-18,FVG,5472,2961,2511,439,5009,24,ITH,ITH4,6,Friuli-Venezia Giulia,Friuli Venezia Giulia,1215220,1369347,112.68,0.45
2825,2021-01-26,FVG,1979,649,1330,217,1761,1,ITH,ITH4,6,Friuli-Venezia Giulia,Friuli Venezia Giulia,1215220,1371326,112.85,0.16
2826,2021-02-09,FVG,1845,555,1290,1556,288,1,ITH,ITH4,6,Friuli-Venezia Giulia,Friuli Venezia Giulia,1215220,1373171,113.0,0.15
2827,2021-08-06,FVG,6462,3398,3064,2362,3933,167,ITH,ITH4,6,Friuli-Venezia Giulia,Friuli Venezia Giulia,1215220,1379633,113.53,0.53
2828,2021-08-11,FVG,7944,4197,3747,5234,2375,335,ITH,ITH4,6,Friuli-Venezia Giulia,Friuli Venezia Giulia,1215220,1387577,114.18,0.65
2829,2021-05-03,FVG,7257,3303,3954,3347,3793,117,ITH,ITH4,6,Friuli-Venezia Giulia,Friuli Venezia Giulia,1215220,1394834,114.78,0.6
2830,2021-01-14,FVG,2593,794,1799,2590,0,3,ITH,ITH4,6,Friuli-Venezia Giulia,Friuli Venezia Giulia,1215220,1397427,114.99,0.21
2831,2021-08-13,FVG,3886,2180,1706,2723,968,195,ITH,ITH4,6,Friuli-Venezia Giulia,Friuli Venezia Giulia,1215220,1401313,115.31,0.32
2832,2021-06-08,FVG,10560,5537,5023,9626,501,433,ITH,ITH4,6,Friuli-Venezia Giulia,Friuli Venezia Giulia,1215220,1411873,116.18,0.87
2833,2021-02-28,FVG,2692,1005,1687,2269,394,29,ITH,ITH4,6,Friuli-Venezia Giulia,Friuli Venezia Giulia,1215220,1414565,116.4,0.22
2834,2021-08-04,FVG,9359,4840,4519,4676,4381,302,ITH,ITH4,6,Friuli-Venezia Giulia,Friuli Venezia Giulia,1215220,1423924,117.17,0.77
2835,2020-12-31,FVG,1048,381,667,1047,0,1,ITH,ITH4,6,Friuli-Venezia Giulia,Friuli Venezia Giulia,1215220,1424972,117.26,0.09
2836,2021-06-17,FVG,11446,5791,5655,2279,9050,117,ITH,ITH4,6,Friuli-Venezia Giulia,Friuli Venezia Giulia,1215220,1436418,118.2,0.94
2837,2021-02-02,FVG,2489,816,1673,218,2271,0,ITH,ITH4,6,Friuli-Venezia Giulia,Friuli Venezia Giulia,1215220,1438907,118.41,0.2
2838,2021-03-31,FVG,8150,3574,4576,7174,850,126,ITH,ITH4,6,Friuli-Venezia Giulia,Friuli Venezia Giulia,1215220,1447057,119.08,0.67
2839,2021-04-26,FVG,5495,2468,3027,3719,1656,120,ITH,ITH4,6,Friuli-Venezia Giulia,Friuli Venezia Giulia,1215220,1452552,119.53,0.45
2840,2021-06-22,FVG,11612,5980,5632,2360,9112,140,ITH,ITH4,6,Friuli-Venezia Giulia,Friuli Venezia Giulia,1215220,1464164,120.49,0.96
2841,2021-06-09,FVG,11371,5984,5387,9481,1401,489,ITH,ITH4,6,Friuli-Venezia Giulia,Friuli Venezia Giulia,1215220,1475535,121.42,0.94
2842,2021-03-01,FVG,2970,1045,1925,2892,53,25,ITH,ITH4,6,Friuli-Venezia Giulia,Friuli Venezia Giulia,1215220,1478505,121.67,0.24
2843,2021-03-18,FVG,3378,1424,1954,1684,1686,8,ITH,ITH4,6,Friuli-Venezia Giulia,Friuli Venezia Giulia,1215220,1481883,121.94,0.28
2844,2021-06-28,FVG,9928,5003,4925,2110,7715,103,ITH,ITH4,6,Friuli-Venezia Giulia,Friuli Venezia Giulia,1215220,1491811,122.76,0.82
2845,2021-03-20,FVG,3410,1414,1996,1300,2096,14,ITH,ITH4,6,Friuli-Venezia Giulia,Friuli Venezia Giulia,1215220,1495221,123.04,0.28
2846,2021-01-13,FVG,2658,837,1821,2657,0,1,ITH,ITH4,6,Friuli-Venezia Giulia,Friuli Venezia Giulia,1215220,1497879,123.26,0.22
2847,2021-04-06,FVG,6693,3143,3550,5426,1158,109,ITH,ITH4,6,Friuli-Venezia Giulia,Friuli Venezia Giulia,1215220,1504572,123.81,0.55
2848,2020-12-27,FVG,262,149,113,261,0,1,ITH,ITH4,6,Friuli-Venezia Giulia,Friuli Venezia Giulia,1215220,1504834,123.83,0.02
2849,2021-02-12,FVG,1196,428,768,1143,49,4,ITH,ITH4,6,Friuli-Venezia Giulia,Friuli Venezia Giulia,1215220,1506030,123.93,0.1
2850,2021-09-02,FVG,6976,3788,3188,1934,4797,245,ITH,ITH4,6,Friuli-Venezia Giulia,Friuli Venezia Giulia,1215220,1513006,124.5,0.57
2851,2021-05-25,FVG,12962,6407,6555,9287,3328,347,ITH,ITH4,6,Friuli-Venezia Giulia,Friuli Venezia Giulia,1215220,1525968,125.57,1.07
2852,2021-08-16,FVG,4822,2595,2227,2697,1876,249,ITH,ITH4,6,Friuli-Venezia Giulia,Friuli Venezia Giulia,1215220,1530790,125.97,0.4
2853,2021-06-11,FVG,10946,5969,4977,9629,839,478,ITH,ITH4,6,Friuli-Venezia Giulia,Friuli Venezia Giulia,1215220,1541736,126.87,0.9
2854,2021-03-03,FVG,3657,1642,2015,2350,1277,30,ITH,ITH4,6,Friuli-Venezia Giulia,Friuli Venezia Giulia,1215220,1545393,127.17,0.3
2855,2021-09-04,FVG,2796,1514,1282,1601,994,201,ITH,ITH4,6,Friuli-Venezia Giulia,Friuli Venezia Giulia,1215220,1548189,127.4,0.23
2856,2021-05-27,FVG,12866,6159,6707,7392,5248,226,ITH,ITH4,6,Friuli-Venezia Giulia,Friuli Venezia Giulia,1215220,1561055,128.46,1.06
2857,2021-07-30,FVG,9080,4730,4350,2774,6044,262,ITH,ITH4,6,Friuli-Venezia Giulia,Friuli Venezia Giulia,1215220,1570135,129.21,0.75
2858,2021-01-28,FVG,2250,798,1452,355,1895,0,ITH,ITH4,6,Friuli-Venezia Giulia,Friuli Venezia Giulia,1215220,1572385,129.39,0.19
2859,2021-05-08,FVG,10345,4674,5671,5359,4793,193,ITH,ITH4,6,Friuli-Venezia Giulia,Friuli Venezia Giulia,1215220,1582730,130.24,0.85
2860,2021-02-14,FVG,1,0,1,0,1,0,ITH,ITH4,6,Friuli-Venezia Giulia,Friuli Venezia Giulia,1215220,1582731,130.24,0.0
2861,2021-08-18,FVG,4721,2513,2208,3015,1473,233,ITH,ITH4,6,Friuli-Venezia Giulia,Friuli Venezia Giulia,1215220,1587452,130.63,0.39
2862,2021-05-10,FVG,8010,3558,4452,6221,1545,244,ITH,ITH4,6,Friuli-Venezia Giulia,Friuli Venezia Giulia,1215220,1595462,131.29,0.66
2863,2021-04-05,PUG,12787,6212,6575,12111,535,141,ITF,ITF4,16,Puglia,Puglia,4029053,12787,0.32,0.32
2864,2021-03-19,PUG,7999,3672,4327,3368,4595,36,ITF,ITF4,16,Puglia,Puglia,4029053,20786,0.52,0.2
2865,2021-06-27,PUG,18582,9232,9350,9953,8362,267,ITF,ITF4,16,Puglia,Puglia,4029053,39368,0.98,0.46
2866,2021-03-05,PUG,17751,7201,10550,15204,2319,228,ITF,ITF4,16,Puglia,Puglia,4029053,57119,1.42,0.44
2867,2021-02-26,PUG,13811,5071,8740,12529,1082,200,ITF,ITF4,16,Puglia,Puglia,4029053,70930,1.76,0.34
2868,2020-12-31,PUG,1638,785,853,1638,0,0,ITF,ITF4,16,Puglia,Puglia,4029053,72568,1.8,0.04
2869,2021-08-11,PUG,23980,12331,11649,12159,10810,1011,ITF,ITF4,16,Puglia,Puglia,4029053,96548,2.4,0.6
2870,2021-06-15,PUG,42767,20906,21861,22394,19779,594,ITF,ITF4,16,Puglia,Puglia,4029053,139315,3.46,1.06
2871,2021-09-06,PUG,21645,11326,10319,7190,13532,923,ITF,ITF4,16,Puglia,Puglia,4029053,160960,3.99,0.54
2872,2021-07-11,PUG,12197,5765,6432,2575,9524,98,ITF,ITF4,16,Puglia,Puglia,4029053,173157,4.3,0.3
2873,2021-08-23,PUG,30349,15697,14652,10647,18810,892,ITF,ITF4,16,Puglia,Puglia,4029053,203506,5.05,0.75
2874,2021-01-12,PUG,4224,1775,2449,4223,0,1,ITF,ITF4,16,Puglia,Puglia,4029053,207730,5.16,0.1
2875,2021-04-07,PUG,15754,7152,8602,8842,6713,199,ITF,ITF4,16,Puglia,Puglia,4029053,223484,5.55,0.39
2876,2021-07-16,PUG,46627,22631,23996,12941,32872,814,ITF,ITF4,16,Puglia,Puglia,4029053,270111,6.7,1.16
2877,2021-02-07,PUG,1585,669,916,253,1332,0,ITF,ITF4,16,Puglia,Puglia,4029053,271696,6.74,0.04
2878,2021-01-21,PUG,2132,905,1227,1268,862,2,ITF,ITF4,16,Puglia,Puglia,4029053,273828,6.8,0.05
2879,2021-05-01,PUG,27734,12699,15035,16735,10719,280,ITF,ITF4,16,Puglia,Puglia,4029053,301562,7.48,0.69
2880,2021-08-09,PUG,28041,14459,13582,11339,15838,864,ITF,ITF4,16,Puglia,Puglia,4029053,329603,8.18,0.7
2881,2021-01-02,PUG,2958,1306,1652,2958,0,0,ITF,ITF4,16,Puglia,Puglia,4029053,332561,8.25,0.07
2882,2021-02-09,PUG,3856,1576,2280,2159,1677,20,ITF,ITF4,16,Puglia,Puglia,4029053,336417,8.35,0.1
2883,2021-05-20,PUG,33746,15314,18432,20766,12464,516,ITF,ITF4,16,Puglia,Puglia,4029053,370163,9.19,0.84
2884,2021-03-24,PUG,13631,6542,7089,6047,7463,121,ITF,ITF4,16,Puglia,Puglia,4029053,383794,9.53,0.34
2885,2021-08-28,PUG,5723,3133,2590,2013,3522,188,ITF,ITF4,16,Puglia,Puglia,4029053,389517,9.67,0.14
2886,2021-01-26,PUG,5382,2409,2973,563,4818,1,ITF,ITF4,16,Puglia,Puglia,4029053,394899,9.8,0.13
2887,2021-07-02,PUG,47501,22581,24920,17372,29201,928,ITF,ITF4,16,Puglia,Puglia,4029053,442400,10.98,1.18
2888,2021-02-21,PUG,2178,475,1703,2064,63,51,ITF,ITF4,16,Puglia,Puglia,4029053,444578,11.03,0.05
2889,2021-06-01,PUG,35069,17564,17505,21654,13017,398,ITF,ITF4,16,Puglia,Puglia,4029053,479647,11.9,0.87
2890,2021-05-15,PUG,43739,19046,24693,22839,20185,715,ITF,ITF4,16,Puglia,Puglia,4029053,523386,12.99,1.09
2891,2021-06-03,PUG,50736,24607,26129,30559,19449,728,ITF,ITF4,16,Puglia,Puglia,4029053,574122,14.25,1.26
2892,2021-09-11,PUG,4588,2503,2085,1159,3231,198,ITF,ITF4,16,Puglia,Puglia,4029053,578710,14.36,0.11
2893,2021-03-10,PUG,14873,6652,8221,11569,3140,164,ITF,ITF4,16,Puglia,Puglia,4029053,593583,14.73,0.37
2894,2021-04-19,PUG,27772,12903,14869,24379,3052,341,ITF,ITF4,16,Puglia,Puglia,4029053,621355,15.42,0.69
2895,2021-07-28,PUG,45417,22969,22448,14726,29803,888,ITF,ITF4,16,Puglia,Puglia,4029053,666772,16.55,1.13
2896,2021-04-24,PUG,29470,13427,16043,25174,3958,338,ITF,ITF4,16,Puglia,Puglia,4029053,696242,17.28,0.73
2897,2021-02-14,PUG,790,348,442,658,127,5,ITF,ITF4,16,Puglia,Puglia,4029053,697032,17.3,0.02
2898,2021-05-25,PUG,34873,16281,18592,20586,13700,587,ITF,ITF4,16,Puglia,Puglia,4029053,731905,18.17,0.87
2899,2021-05-08,PUG,54499,23072,31427,23940,29960,599,ITF,ITF4,16,Puglia,Puglia,4029053,786404,19.52,1.35
2900,2021-08-16,PUG,12087,6411,5676,7077,4374,636,ITF,ITF4,16,Puglia,Puglia,4029053,798491,19.82,0.3
2901,2021-06-08,PUG,39421,19195,20226,20955,17901,565,ITF,ITF4,16,Puglia,Puglia,4029053,837912,20.8,0.98
2902,2021-06-13,PUG,21896,10966,10930,16383,5227,286,ITF,ITF4,16,Puglia,Puglia,4029053,859808,21.34,0.54
2903,2021-02-28,PUG,6084,1812,4272,5815,191,78,ITF,ITF4,16,Puglia,Puglia,4029053,865892,21.49,0.15
2904,2021-07-30,PUG,36480,18743,17737,13167,22436,877,ITF,ITF4,16,Puglia,Puglia,4029053,902372,22.4,0.91
2905,2021-05-27,PUG,41046,19403,21643,22903,17468,675,ITF,ITF4,16,Puglia,Puglia,4029053,943418,23.42,1.02
2906,2021-09-04,PUG,5530,2994,2536,1649,3701,180,ITF,ITF4,16,Puglia,Puglia,4029053,948948,23.55,0.14
2907,2021-08-18,PUG,20199,10689,9510,10709,8566,924,ITF,ITF4,16,Puglia,Puglia,4029053,969147,24.05,0.5
2908,2021-08-30,PUG,28535,14850,13685,11538,15968,1029,ITF,ITF4,16,Puglia,Puglia,4029053,997682,24.76,0.71
2909,2021-01-31,PUG,1828,835,993,73,1755,0,ITF,ITF4,16,Puglia,Puglia,4029053,999510,24.81,0.05
2910,2021-05-29,PUG,30730,14486,16244,20621,9562,547,ITF,ITF4,16,Puglia,Puglia,4029053,1030240,25.57,0.76
2911,2021-04-02,PUG,12874,6014,6860,8192,4531,151,ITF,ITF4,16,Puglia,Puglia,4029053,1043114,25.89,0.32
2912,2021-04-12,PUG,29507,13878,15629,26162,3027,318,ITF,ITF4,16,Puglia,Puglia,4029053,1072621,26.62,0.73
2913,2021-07-21,PUG,45094,22227,22867,11870,32376,848,ITF,ITF4,16,Puglia,Puglia,4029053,1117715,27.74,1.12
2914,2021-07-04,PUG,19962,9711,10251,7936,11741,285,ITF,ITF4,16,Puglia,Puglia,4029053,1137677,28.24,0.5
2915,2021-07-23,PUG,43407,21963,21444,13660,28769,978,ITF,ITF4,16,Puglia,Puglia,4029053,1181084,29.31,1.08
2916,2021-01-19,PUG,1221,452,769,1210,10,1,ITF,ITF4,16,Puglia,Puglia,4029053,1182305,29.34,0.03
2917,2021-01-14,PUG,4085,1597,2488,4084,0,1,ITF,ITF4,16,Puglia,Puglia,4029053,1186390,29.45,0.1
2918,2021-01-07,PUG,5737,2470,3267,5737,0,0,ITF,ITF4,16,Puglia,Puglia,4029053,1192127,29.59,0.14
2919,2021-04-17,PUG,40108,19009,21099,36084,3593,431,ITF,ITF4,16,Puglia,Puglia,4029053,1232235,30.58,1.0
2920,2021-02-19,PUG,4762,2030,2732,4314,393,55,ITF,ITF4,16,Puglia,Puglia,4029053,1236997,30.7,0.12
2921,2021-06-22,PUG,42593,20664,21929,19066,22955,572,ITF,ITF4,16,Puglia,Puglia,4029053,1279590,31.76,1.06
2922,2021-04-26,PUG,26373,12086,14287,22734,3245,394,ITF,ITF4,16,Puglia,Puglia,4029053,1305963,32.41,0.65
2923,2021-08-04,PUG,35350,18016,17334,12472,21820,1058,ITF,ITF4,16,Puglia,Puglia,4029053,1341313,33.29,0.88
2924,2021-05-06,PUG,39799,17410,22389,19302,19936,561,ITF,ITF4,16,Puglia,Puglia,4029053,1381112,34.28,0.99
2925,2021-03-31,PUG,14590,6839,7751,8842,5594,154,ITF,ITF4,16,Puglia,Puglia,4029053,1395702,34.64,0.36
2926,2021-03-29,PUG,13591,6633,6958,6617,6772,202,ITF,ITF4,16,Puglia,Puglia,4029053,1409293,34.98,0.34
2927,2021-03-12,PUG,14333,6466,7867,10239,3950,144,ITF,ITF4,16,Puglia,Puglia,4029053,1423626,35.33,0.36
2928,2021-06-20,PUG,21638,10872,10766,14067,7245,326,ITF,ITF4,16,Puglia,Puglia,4029053,1445264,35.87,0.54
2929,2021-09-03,PUG,21413,11067,10346,8451,11767,1195,ITF,ITF4,16,Puglia,Puglia,4029053,1466677,36.4,0.53
2930,2021-06-12,PUG,34682,17281,17401,25091,8996,595,ITF,ITF4,16,Puglia,Puglia,4029053,1501359,37.26,0.86
2931,2021-05-12,PUG,36680,16357,20323,23538,12554,588,ITF,ITF4,16,Puglia,Puglia,4029053,1538039,38.17,0.91
2932,2021-08-20,PUG,17945,9324,8621,8226,8973,746,ITF,ITF4,16,Puglia,Puglia,4029053,1555984,38.62,0.45
2933,2021-01-23,PUG,3044,1295,1749,880,2162,2,ITF,ITF4,16,Puglia,Puglia,4029053,1559028,38.69,0.08
2934,2021-05-03,PUG,33446,14950,18496,22174,10702,570,ITF,ITF4,16,Puglia,Puglia,4029053,1592474,39.52,0.83
2935,2021-03-07,PUG,4996,2007,2989,4370,578,48,ITF,ITF4,16,Puglia,Puglia,4029053,1597470,39.65,0.12
2936,2021-03-02,PUG,16438,6111,10327,14875,1311,252,ITF,ITF4,16,Puglia,Puglia,4029053,1613908,40.06,0.41
2937,2021-06-10,PUG,47289,23254,24035,29419,17150,720,ITF,ITF4,16,Puglia,Puglia,4029053,1661197,41.23,1.17
2938,2021-04-04,PUG,6002,2979,3023,5913,7,82,ITF,ITF4,16,Puglia,Puglia,4029053,1667199,41.38,0.15
2939,2021-07-13,PUG,48864,23039,25825,7772,40507,585,ITF,ITF4,16,Puglia,Puglia,4029053,1716063,42.59,1.21
2940,2021-03-21,PUG,2697,1227,1470,577,2108,12,ITF,ITF4,16,Puglia,Puglia,4029053,1718760,42.66,0.07
2941,2021-06-29,PUG,46796,22442,24354,15366,30737,693,ITF,ITF4,16,Puglia,Puglia,4029053,1765556,43.82,1.16
2942,2021-04-16,PUG,36170,16999,19171,32450,3291,429,ITF,ITF4,16,Puglia,Puglia,4029053,1801726,44.72,0.9
2943,2021-02-18,PUG,4390,1850,2540,3719,610,61,ITF,ITF4,16,Puglia,Puglia,4029053,1806116,44.83,0.11
2944,2021-07-25,PUG,14327,7410,6917,4275,9846,206,ITF,ITF4,16,Puglia,Puglia,4029053,1820443,45.18,0.36
2945,2021-04-09,PUG,22191,9564,12627,17093,4709,389,ITF,ITF4,16,Puglia,Puglia,4029053,1842634,45.73,0.55
2946,2021-09-13,PUG,19651,10287,9364,5367,13546,738,ITF,ITF4,16,Puglia,Puglia,4029053,1862285,46.22,0.49
2947,2021-02-11,PUG,3700,1401,2299,2392,1280,28,ITF,ITF4,16,Puglia,Puglia,4029053,1865985,46.31,0.09
2948,2021-07-18,PUG,18850,9653,9197,6197,12315,338,ITF,ITF4,16,Puglia,Puglia,4029053,1884835,46.78,0.47
2949,2021-05-22,PUG,34797,15927,18870,23660,10592,545,ITF,ITF4,16,Puglia,Puglia,4029053,1919632,47.64,0.86
2950,2021-02-25,PUG,12006,5075,6931,10684,1185,137,ITF,ITF4,16,Puglia,Puglia,4029053,1931638,47.94,0.3
2951,2021-02-02,PUG,4366,1857,2509,575,3790,1,ITF,ITF4,16,Puglia,Puglia,4029053,1936004,48.05,0.11
2952,2021-07-09,PUG,37188,17916,19272,6393,30116,679,ITF,ITF4,16,Puglia,Puglia,4029053,1973192,48.97,0.92
2953,2021-05-13,PUG,38905,17341,21564,21009,17326,570,ITF,ITF4,16,Puglia,Puglia,4029053,2012097,49.94,0.97
2954,2021-03-17,PUG,10359,4708,5651,4104,6192,63,ITF,ITF4,16,Puglia,Puglia,4029053,2022456,50.2,0.26
2955,2021-09-15,PUG,15367,8074,7293,3810,10929,628,ITF,ITF4,16,Puglia,Puglia,4029053,2037823,50.58,0.38
2956,2021-07-20,PUG,47069,23093,23976,8207,38356,506,ITF,ITF4,16,Puglia,Puglia,4029053,2084892,51.75,1.17
2957,2021-09-08,PUG,18698,9810,8888,5959,11980,759,ITF,ITF4,16,Puglia,Puglia,4029053,2103590,52.21,0.46
2958,2021-01-28,PUG,5490,2286,3204,441,5049,0,ITF,ITF4,16,Puglia,Puglia,4029053,2109080,52.35,0.14
2959,2021-08-15,PUG,58,35,23,57,1,0,ITF,ITF4,16,Puglia,Puglia,4029053,2109138,52.35,0.0
2960,2021-04-23,PUG,29646,13780,15866,23933,5298,415,ITF,ITF4,16,Puglia,Puglia,4029053,2138784,53.08,0.74
2961,2021-01-11,PUG,3760,1592,2168,3759,0,1,ITF,ITF4,16,Puglia,Puglia,4029053,2142544,53.18,0.09
2962,2021-04-21,PUG,23176,10701,12475,19127,3747,302,ITF,ITF4,16,Puglia,Puglia,4029053,2165720,53.75,0.58
2963,2021-05-24,PUG,36250,17100,19150,24514,11124,612,ITF,ITF4,16,Puglia,Puglia,4029053,2201970,54.65,0.9
2964,2021-09-01,PUG,24826,12883,11943,9861,13902,1063,ITF,ITF4,16,Puglia,Puglia,4029053,2226796,55.27,0.62
2965,2021-02-16,PUG,3393,1456,1937,2713,649,31,ITF,ITF4,16,Puglia,Puglia,4029053,2230189,55.35,0.08
2966,2021-01-30,PUG,5544,2516,3028,380,5163,1,ITF,ITF4,16,Puglia,Puglia,4029053,2235733,55.49,0.14
2967,2021-05-10,PUG,37946,16768,21178,19302,18115,529,ITF,ITF4,16,Puglia,Puglia,4029053,2273679,56.43,0.94
2968,2021-02-04,PUG,5942,2367,3575,1132,4806,4,ITF,ITF4,16,Puglia,Puglia,4029053,2279621,56.58,0.15
2969,2021-05-17,PUG,32997,15295,17702,20468,12026,503,ITF,ITF4,16,Puglia,Puglia,4029053,2312618,57.4,0.82
2970,2021-08-25,PUG,25720,13504,12216,10327,14451,942,ITF,ITF4,16,Puglia,Puglia,4029053,2338338,58.04,0.64
2971,2021-08-08,PUG,5124,2602,2522,1657,3418,49,ITF,ITF4,16,Puglia,Puglia,4029053,2343462,58.16,0.13
2972,2021-06-05,PUG,42712,20921,21791,29222,12770,720,ITF,ITF4,16,Puglia,Puglia,4029053,2386174,59.22,1.06
2973,2021-08-05,PUG,34519,17394,17125,9545,24104,870,ITF,ITF4,16,Puglia,Puglia,4029053,2420693,60.08,0.86
2974,2021-01-06,PUG,3968,1680,2288,3967,0,1,ITF,ITF4,16,Puglia,Puglia,4029053,2424661,60.18,0.1
2975,2021-09-17,PUG,5861,3142,2719,1539,4114,208,ITF,ITF4,16,Puglia,Puglia,4029053,2430522,60.32,0.15
2976,2021-03-16,PUG,9898,4699,5199,3454,6385,59,ITF,ITF4,16,Puglia,Puglia,4029053,2440420,60.57,0.25
2977,2021-06-24,PUG,53106,25691,27415,23614,28706,786,ITF,ITF4,16,Puglia,Puglia,4029053,2493526,61.89,1.32
2978,2021-04-28,PUG,19897,8923,10974,14839,4796,262,ITF,ITF4,16,Puglia,Puglia,4029053,2513423,62.38,0.49
2979,2021-08-06,PUG,30429,15851,14578,9178,20496,755,ITF,ITF4,16,Puglia,Puglia,4029053,2543852,63.14,0.76
2980,2021-07-27,PUG,48702,24234,24468,13343,34552,807,ITF,ITF4,16,Puglia,Puglia,4029053,2592554,64.35,1.21
2981,2021-05-31,PUG,38000,18328,19672,23177,14267,556,ITF,ITF4,16,Puglia,Puglia,4029053,2630554,65.29,0.94
2982,2021-05-05,PUG,39378,17287,22091,24507,14275,596,ITF,ITF4,16,Puglia,Puglia,4029053,2669932,66.27,0.98
2983,2021-08-13,PUG,13800,7333,6467,7293,5915,592,ITF,ITF4,16,Puglia,Puglia,4029053,2683732,66.61,0.34
2984,2021-06-17,PUG,42990,21006,21984,21407,21020,563,ITF,ITF4,16,Puglia,Puglia,4029053,2726722,67.68,1.07
2985,2021-08-17,PUG,19984,10367,9617,9302,9980,702,ITF,ITF4,16,Puglia,Puglia,4029053,2746706,68.17,0.5
2986,2021-02-13,PUG,3733,1461,2272,3021,696,16,ITF,ITF4,16,Puglia,Puglia,4029053,2750439,68.27,0.09
2987,2021-08-01,PUG,12437,6515,5922,4326,7991,120,ITF,ITF4,16,Puglia,Puglia,4029053,2762876,68.57,0.31
2988,2021-03-18,PUG,9633,4377,5256,3347,6220,66,ITF,ITF4,16,Puglia,Puglia,4029053,2772509,68.81,0.24
2989,2021-06-26,PUG,32486,16364,16122,15892,16022,572,ITF,ITF4,16,Puglia,Puglia,4029053,2804995,69.62,0.81
2990,2021-03-04,PUG,15403,6118,9285,13727,1440,236,ITF,ITF4,16,Puglia,Puglia,4029053,2820398,70.0,0.38
2991,2021-06-09,PUG,42043,20817,21226,29990,11342,711,ITF,ITF4,16,Puglia,Puglia,4029053,2862441,71.05,1.04
2992,2021-08-12,PUG,19636,10492,9144,11172,7567,897,ITF,ITF4,16,Puglia,Puglia,4029053,2882077,71.53,0.49
2993,2021-06-16,PUG,42205,20769,21436,26928,14546,731,ITF,ITF4,16,Puglia,Puglia,4029053,2924282,72.58,1.05
2994,2020-12-30,PUG,1,0,1,1,0,0,ITF,ITF4,16,Puglia,Puglia,4029053,2924283,72.58,0.0
2995,2021-08-27,PUG,23887,12518,11369,9970,12972,945,ITF,ITF4,16,Puglia,Puglia,4029053,2948170,73.17,0.59
2996,2021-02-23,PUG,9403,4435,4968,8813,497,93,ITF,ITF4,16,Puglia,Puglia,4029053,2957573,73.41,0.23
2997,2021-01-09,PUG,4900,2252,2648,4896,0,4,ITF,ITF4,16,Puglia,Puglia,4029053,2962473,73.53,0.12
2998,2021-07-01,PUG,48574,22746,25828,11453,36487,634,ITF,ITF4,16,Puglia,Puglia,4029053,3011047,74.73,1.21
2999,2021-03-14,PUG,3385,1466,1919,2474,868,43,ITF,ITF4,16,Puglia,Puglia,4029053,3014432,74.82,0.08
3000,2021-01-16,PUG,2510,1035,1475,2509,0,1,ITF,ITF4,16,Puglia,Puglia,4029053,3016942,74.88,0.06
3001,2021-03-30,PUG,12457,5973,6484,6199,6102,156,ITF,ITF4,16,Puglia,Puglia,4029053,3029399,75.19,0.31
3002,2021-02-01,PUG,3981,1668,2313,353,3627,1,ITF,ITF4,16,Puglia,Puglia,4029053,3033380,75.29,0.1
3003,2021-07-17,PUG,30871,15501,15370,9535,20707,629,ITF,ITF4,16,Puglia,Puglia,4029053,3064251,76.05,0.77
3004,2021-05-14,PUG,45126,20622,24504,28014,16249,863,ITF,ITF4,16,Puglia,Puglia,4029053,3109377,77.17,1.12
3005,2021-08-22,PUG,1479,770,709,530,924,25,ITF,ITF4,16,Puglia,Puglia,4029053,3110856,77.21,0.04
3006,2021-06-28,PUG,48765,23651,25114,21667,26301,797,ITF,ITF4,16,Puglia,Puglia,4029053,3159621,78.42,1.21
3007,2021-05-09,PUG,30871,12670,18201,14798,15693,380,ITF,ITF4,16,Puglia,Puglia,4029053,3190492,79.19,0.77
3008,2021-02-15,PUG,3271,1273,1998,2602,624,45,ITF,ITF4,16,Puglia,Puglia,4029053,3193763,79.27,0.08
3009,2021-05-26,PUG,38766,18626,20140,26261,11848,657,ITF,ITF4,16,Puglia,Puglia,4029053,3232529,80.23,0.96
3010,2021-01-27,PUG,4607,1946,2661,617,3990,0,ITF,ITF4,16,Puglia,Puglia,4029053,3237136,80.34,0.11
3011,2021-05-07,PUG,50292,22441,27851,25962,23717,613,ITF,ITF4,16,Puglia,Puglia,4029053,3287428,81.59,1.25
3012,2021-01-18,PUG,1849,772,1077,1497,351,1,ITF,ITF4,16,Puglia,Puglia,4029053,3289277,81.64,0.05
3013,2021-02-06,PUG,4558,1936,2622,1579,2964,15,ITF,ITF4,16,Puglia,Puglia,4029053,3293835,81.75,0.11
3014,2021-01-20,PUG,1547,541,1006,1537,8,2,ITF,ITF4,16,Puglia,Puglia,4029053,3295382,81.79,0.04
3015,2021-04-30,PUG,35073,15717,19356,22483,12020,570,ITF,ITF4,16,Puglia,Puglia,4029053,3330455,82.66,0.87
3016,2021-04-13,PUG,28804,13662,15142,24944,3543,317,ITF,ITF4,16,Puglia,Puglia,4029053,3359259,83.38,0.71
3017,2021-07-22,PUG,47679,23642,24037,8479,38513,687,ITF,ITF4,16,Puglia,Puglia,4029053,3406938,84.56,1.18
3018,2021-04-25,PUG,11329,5244,6085,10051,1144,134,ITF,ITF4,16,Puglia,Puglia,4029053,3418267,84.84,0.28
3019,2021-02-27,PUG,14252,4826,9426,12827,1237,188,ITF,ITF4,16,Puglia,Puglia,4029053,3432519,85.19,0.35
3020,2021-08-03,PUG,36505,18525,17980,9223,26517,765,ITF,ITF4,16,Puglia,Puglia,4029053,3469024,86.1,0.91
3021,2021-01-01,PUG,150,61,89,150,0,0,ITF,ITF4,16,Puglia,Puglia,4029053,3469174,86.1,0.0
3022,2021-06-07,PUG,44492,21721,22771,30397,13328,767,ITF,ITF4,16,Puglia,Puglia,4029053,3513666,87.21,1.1
3023,2021-04-11,PUG,16493,7270,9223,14657,1650,186,ITF,ITF4,16,Puglia,Puglia,4029053,3530159,87.62,0.41
3024,2021-04-22,PUG,23078,10559,12519,17745,4949,384,ITF,ITF4,16,Puglia,Puglia,4029053,3553237,88.19,0.57
3025,2021-07-31,PUG,20049,10654,9395,7913,11657,479,ITF,ITF4,16,Puglia,Puglia,4029053,3573286,88.69,0.5
3026,2021-02-12,PUG,4215,1672,2543,3098,1094,23,ITF,ITF4,16,Puglia,Puglia,4029053,3577501,88.79,0.1
3027,2021-07-29,PUG,43087,21786,21301,12288,30007,792,ITF,ITF4,16,Puglia,Puglia,4029053,3620588,89.86,1.07
3028,2021-01-13,PUG,4557,1735,2822,4556,0,1,ITF,ITF4,16,Puglia,Puglia,4029053,3625145,89.98,0.11
3029,2021-04-06,PUG,13874,6266,7608,6926,6773,175,ITF,ITF4,16,Puglia,Puglia,4029053,3639019,90.32,0.34
3030,2021-07-15,PUG,44958,21761,23197,8892,35388,678,ITF,ITF4,16,Puglia,Puglia,4029053,3683977,91.44,1.12
3031,2021-07-14,PUG,46314,22213,24101,13379,32100,835,ITF,ITF4,16,Puglia,Puglia,4029053,3730291,92.58,1.15
3032,2021-08-02,PUG,39817,20183,19634,14230,24366,1221,ITF,ITF4,16,Puglia,Puglia,4029053,3770108,93.57,0.99
3033,2021-01-25,PUG,3839,1686,2153,425,3413,1,ITF,ITF4,16,Puglia,Puglia,4029053,3773947,93.67,0.1
3034,2021-07-10,PUG,22428,11047,11381,4458,17673,297,ITF,ITF4,16,Puglia,Puglia,4029053,3796375,94.22,0.56
3035,2021-05-21,PUG,39279,18660,20619,28285,10201,793,ITF,ITF4,16,Puglia,Puglia,4029053,3835654,95.2,0.97
3036,2021-08-31,PUG,24860,12800,12060,8305,15704,851,ITF,ITF4,16,Puglia,Puglia,4029053,3860514,95.82,0.62
3037,2021-03-06,PUG,16193,6143,10050,13887,2130,176,ITF,ITF4,16,Puglia,Puglia,4029053,3876707,96.22,0.4
3038,2021-01-08,PUG,5699,2399,3300,5697,0,2,ITF,ITF4,16,Puglia,Puglia,4029053,3882406,96.36,0.14
3039,2021-06-14,PUG,42161,20630,21531,28867,12501,793,ITF,ITF4,16,Puglia,Puglia,4029053,3924567,97.41,1.05
3040,2021-04-18,PUG,22693,10860,11833,21434,1058,201,ITF,ITF4,16,Puglia,Puglia,4029053,3947260,97.97,0.56
3041,2021-02-20,PUG,2978,1079,1899,2688,257,33,ITF,ITF4,16,Puglia,Puglia,4029053,3950238,98.04,0.07
3042,2021-01-29,PUG,6218,2673,3545,219,5999,0,ITF,ITF4,16,Puglia,Puglia,4029053,3956456,98.2,0.15
3043,2021-03-20,PUG,8449,3895,4554,3768,4633,48,ITF,ITF4,16,Puglia,Puglia,4029053,3964905,98.41,0.21
3044,2021-03-03,PUG,16835,6830,10005,14740,1940,155,ITF,ITF4,16,Puglia,Puglia,4029053,3981740,98.83,0.42
3045,2021-06-11,PUG,48082,23518,24564,33039,14131,912,ITF,ITF4,16,Puglia,Puglia,4029053,4029822,100.02,1.19
3046,2021-08-14,PUG,1099,567,532,507,573,19,ITF,ITF4,16,Puglia,Puglia,4029053,4030921,100.05,0.03
3047,2021-01-15,PUG,4559,1866,2693,4554,0,5,ITF,ITF4,16,Puglia,Puglia,4029053,4035480,100.16,0.11
3048,2021-07-05,PUG,39000,18301,20699,7227,31219,554,ITF,ITF4,16,Puglia,Puglia,4029053,4074480,101.13,0.97
3049,2021-05-02,PUG,21367,9681,11686,13906,7280,181,ITF,ITF4,16,Puglia,Puglia,4029053,4095847,101.66,0.53
3050,2021-08-10,PUG,27413,14293,13120,14173,12083,1157,ITF,ITF4,16,Puglia,Puglia,4029053,4123260,102.34,0.68
3051,2021-07-24,PUG,26785,13898,12887,8006,18306,473,ITF,ITF4,16,Puglia,Puglia,4029053,4150045,103.0,0.66
3052,2021-03-22,PUG,9994,5144,4850,4251,5671,72,ITF,ITF4,16,Puglia,Puglia,4029053,4160039,103.25,0.25
3053,2021-01-24,PUG,1674,754,920,151,1523,0,ITF,ITF4,16,Puglia,Puglia,4029053,4161713,103.29,0.04
3054,2021-06-30,PUG,47976,23271,24705,18847,28270,859,ITF,ITF4,16,Puglia,Puglia,4029053,4209689,104.48,1.19
3055,2021-03-15,PUG,12365,6161,6204,5742,6518,105,ITF,ITF4,16,Puglia,Puglia,4029053,4222054,104.79,0.31
3056,2021-08-19,PUG,17889,9323,8566,8779,8390,720,ITF,ITF4,16,Puglia,Puglia,4029053,4239943,105.23,0.44
3057,2021-01-17,PUG,1312,593,719,1242,70,0,ITF,ITF4,16,Puglia,Puglia,4029053,4241255,105.27,0.03
3058,2021-06-23,PUG,29474,14401,15073,16950,11914,610,ITF,ITF4,16,Puglia,Puglia,4029053,4270729,106.0,0.73
3059,2021-04-27,PUG,26745,12103,14642,20788,5628,329,ITF,ITF4,16,Puglia,Puglia,4029053,4297474,106.66,0.66
3060,2021-04-08,PUG,17538,7618,9920,11122,6202,214,ITF,ITF4,16,Puglia,Puglia,4029053,4315012,107.1,0.44
3061,2021-06-06,PUG,30783,15503,15280,25388,5073,322,ITF,ITF4,16,Puglia,Puglia,4029053,4345795,107.86,0.76
3062,2021-04-10,PUG,30969,13136,17833,26112,4466,391,ITF,ITF4,16,Puglia,Puglia,4029053,4376764,108.63,0.77
3063,2021-09-14,PUG,21629,11294,10335,4345,16576,708,ITF,ITF4,16,Puglia,Puglia,4029053,4398393,109.17,0.54
3064,2021-07-19,PUG,49589,24365,25224,10941,37885,763,ITF,ITF4,16,Puglia,Puglia,4029053,4447982,110.4,1.23
3065,2021-05-19,PUG,26515,12815,13700,19573,6504,438,ITF,ITF4,16,Puglia,Puglia,4029053,4474497,111.06,0.66
3066,2021-03-23,PUG,11162,5666,5496,4529,6536,97,ITF,ITF4,16,Puglia,Puglia,4029053,4485659,111.33,0.28
3067,2021-09-05,PUG,3204,1751,1453,963,2119,122,ITF,ITF4,16,Puglia,Puglia,4029053,4488863,111.41,0.08
3068,2021-03-25,PUG,11792,6048,5744,5261,6428,103,ITF,ITF4,16,Puglia,Puglia,4029053,4500655,111.71,0.29
3069,2021-08-29,PUG,1289,665,624,422,839,28,ITF,ITF4,16,Puglia,Puglia,4029053,4501944,111.74,0.03
3070,2021-07-03,PUG,33339,16704,16635,13468,19366,505,ITF,ITF4,16,Puglia,Puglia,4029053,4535283,112.56,0.83
3071,2021-02-08,PUG,4012,1622,2390,1583,2414,15,ITF,ITF4,16,Puglia,Puglia,4029053,4539295,112.66,0.1
3072,2021-03-01,PUG,15143,5885,9258,13603,1386,154,ITF,ITF4,16,Puglia,Puglia,4029053,4554438,113.04,0.38
3073,2021-09-02,PUG,23198,12062,11136,7444,14880,874,ITF,ITF4,16,Puglia,Puglia,4029053,4577636,113.62,0.58
3074,2021-01-10,PUG,2351,1062,1289,2351,0,0,ITF,ITF4,16,Puglia,Puglia,4029053,4579987,113.67,0.06
3075,2021-04-20,PUG,21237,9862,11375,17475,3492,270,ITF,ITF4,16,Puglia,Puglia,4029053,4601224,114.2,0.53
3076,2020-12-27,PUG,510,252,258,510,0,0,ITF,ITF4,16,Puglia,Puglia,4029053,4601734,114.21,0.01
3077,2021-04-03,PUG,10587,4661,5926,6816,3577,194,ITF,ITF4,16,Puglia,Puglia,4029053,4612321,114.48,0.26
3078,2021-06-18,PUG,47920,23586,24334,28886,18107,927,ITF,ITF4,16,Puglia,Puglia,4029053,4660241,115.67,1.19
3079,2021-09-09,PUG,18387,9551,8836,5142,12462,783,ITF,ITF4,16,Puglia,Puglia,4029053,4678628,116.12,0.46
3080,2021-01-03,PUG,2010,944,1066,2009,0,1,ITF,ITF4,16,Puglia,Puglia,4029053,4680638,116.17,0.05
3081,2021-03-27,PUG,12186,5726,6460,6883,5191,112,ITF,ITF4,16,Puglia,Puglia,4029053,4692824,116.47,0.3
3082,2021-01-05,PUG,5119,2257,2862,5116,0,3,ITF,ITF4,16,Puglia,Puglia,4029053,4697943,116.6,0.13
3083,2021-04-15,PUG,32806,15308,17498,28619,3786,401,ITF,ITF4,16,Puglia,Puglia,4029053,4730749,117.42,0.81
3084,2021-07-07,PUG,38810,18577,20233,6086,32213,511,ITF,ITF4,16,Puglia,Puglia,4029053,4769559,118.38,0.96
3085,2021-01-22,PUG,1414,579,835,992,421,1,ITF,ITF4,16,Puglia,Puglia,4029053,4770973,118.41,0.04
3086,2021-08-21,PUG,4307,2305,2002,1975,2097,235,ITF,ITF4,16,Puglia,Puglia,4029053,4775280,118.52,0.11
3087,2021-06-25,PUG,50980,25106,25874,23852,26224,904,ITF,ITF4,16,Puglia,Puglia,4029053,4826260,119.79,1.27
3088,2021-05-11,PUG,32769,14486,18283,13706,18571,492,ITF,ITF4,16,Puglia,Puglia,4029053,4859029,120.6,0.81
3089,2021-05-04,PUG,35246,14910,20336,18249,16575,422,ITF,ITF4,16,Puglia,Puglia,4029053,4894275,121.47,0.87
3090,2021-03-08,PUG,15025,6448,8577,12447,2417,161,ITF,ITF4,16,Puglia,Puglia,4029053,4909300,121.85,0.37
3091,2021-02-10,PUG,3660,1444,2216,2127,1513,20,ITF,ITF4,16,Puglia,Puglia,4029053,4912960,121.94,0.09
3092,2021-05-23,PUG,17990,8413,9577,13888,3841,261,ITF,ITF4,16,Puglia,Puglia,4029053,4930950,122.38,0.45
3093,2021-02-17,PUG,4298,1756,2542,3618,640,40,ITF,ITF4,16,Puglia,Puglia,4029053,4935248,122.49,0.11
3094,2021-05-28,PUG,44169,20907,23262,27441,15923,805,ITF,ITF4,16,Puglia,Puglia,4029053,4979417,123.59,1.1
3095,2021-07-26,PUG,48043,23981,24062,17126,29997,920,ITF,ITF4,16,Puglia,Puglia,4029053,5027460,124.78,1.19
3096,2021-05-30,PUG,21065,10080,10985,15731,5077,257,ITF,ITF4,16,Puglia,Puglia,4029053,5048525,125.3,0.52
3097,2021-09-16,PUG,17102,8896,8206,3808,12752,542,ITF,ITF4,16,Puglia,Puglia,4029053,5065627,125.73,0.42
3098,2021-04-01,PUG,13991,6578,7413,7383,6386,222,ITF,ITF4,16,Puglia,Puglia,4029053,5079618,126.07,0.35
3099,2021-02-03,PUG,5059,2011,3048,705,4353,1,ITF,ITF4,16,Puglia,Puglia,4029053,5084677,126.2,0.13
3100,2021-09-07,PUG,22572,11841,10731,6911,14846,815,ITF,ITF4,16,Puglia,Puglia,4029053,5107249,126.76,0.56
3101,2021-07-12,PUG,45854,21657,24197,12732,32367,755,ITF,ITF4,16,Puglia,Puglia,4029053,5153103,127.9,1.14
3102,2021-07-08,PUG,41656,19321,22335,5420,35776,460,ITF,ITF4,16,Puglia,Puglia,4029053,5194759,128.93,1.03
3103,2021-01-04,PUG,4514,2017,2497,4512,0,2,ITF,ITF4,16,Puglia,Puglia,4029053,5199273,129.04,0.11
3104,2021-03-26,PUG,12048,5868,6180,7226,4681,141,ITF,ITF4,16,Puglia,Puglia,4029053,5211321,129.34,0.3
3105,2021-03-09,PUG,13704,6125,7579,11498,2022,184,ITF,ITF4,16,Puglia,Puglia,4029053,5225025,129.68,0.34
3106,2021-04-14,PUG,32091,15137,16954,28477,3307,307,ITF,ITF4,16,Puglia,Puglia,4029053,5257116,130.48,0.8
3107,2021-03-28,PUG,3552,1660,1892,1179,2337,36,ITF,ITF4,16,Puglia,Puglia,4029053,5260668,130.57,0.09
3108,2021-07-06,PUG,42460,19550,22910,6097,35946,417,ITF,ITF4,16,Puglia,Puglia,4029053,5303128,131.62,1.05
3109,2021-06-19,PUG,34847,17477,17370,22229,11962,656,ITF,ITF4,16,Puglia,Puglia,4029053,5337975,132.49,0.86
3110,2021-06-21,PUG,42001,20480,21521,21486,19878,637,ITF,ITF4,16,Puglia,Puglia,4029053,5379976,133.53,1.04
3111,2021-09-12,PUG,1226,651,575,404,771,51,ITF,ITF4,16,Puglia,Puglia,4029053,5381202,133.56,0.03
3112,2021-08-24,PUG,25122,12857,12265,9310,14984,828,ITF,ITF4,16,Puglia,Puglia,4029053,5406324,134.18,0.62
3113,2021-03-11,PUG,14874,6608,8266,11471,3195,208,ITF,ITF4,16,Puglia,Puglia,4029053,5421198,134.55,0.37
3114,2021-06-02,PUG,27119,13259,13860,21918,4845,356,ITF,ITF4,16,Puglia,Puglia,4029053,5448317,135.23,0.67
3115,2021-09-10,PUG,19361,10111,9250,6149,12152,1060,ITF,ITF4,16,Puglia,Puglia,4029053,5467678,135.71,0.48
3116,2021-03-13,PUG,10489,4141,6348,8573,1817,99,ITF,ITF4,16,Puglia,Puglia,4029053,5478167,135.97,0.26
3117,2021-02-24,PUG,10073,4719,5354,9378,597,98,ITF,ITF4,16,Puglia,Puglia,4029053,5488240,136.22,0.25
3118,2021-06-04,PUG,52920,25611,27309,34232,17862,826,ITF,ITF4,16,Puglia,Puglia,4029053,5541160,137.53,1.31
3119,2021-05-18,PUG,29006,13491,15515,15781,12920,305,ITF,ITF4,16,Puglia,Puglia,4029053,5570166,138.25,0.72
3120,2021-08-26,PUG,20281,10467,9814,8668,10733,880,ITF,ITF4,16,Puglia,Puglia,4029053,5590447,138.75,0.5
3121,2021-04-29,PUG,26344,12182,14162,19201,6712,431,ITF,ITF4,16,Puglia,Puglia,4029053,5616791,139.41,0.65
3122,2021-08-07,PUG,10126,5344,4782,3568,6260,298,ITF,ITF4,16,Puglia,Puglia,4029053,5626917,139.66,0.25
3123,2021-02-22,PUG,9661,4541,5120,9234,336,91,ITF,ITF4,16,Puglia,Puglia,4029053,5636578,139.9,0.24
3124,2021-02-05,PUG,5656,2278,3378,1313,4338,5,ITF,ITF4,16,Puglia,Puglia,4029053,5642234,140.04,0.14
3125,2021-05-16,PUG,24658,11124,13534,12469,11962,227,ITF,ITF4,16,Puglia,Puglia,4029053,5666892,140.65,0.61
3126,2021-01-11,VEN,7244,2102,5142,7243,0,1,ITH,ITH3,5,Veneto,Veneto,4905854,7244,0.15,0.15
3127,2021-04-21,VEN,32409,13205,19204,15565,16066,778,ITH,ITH3,5,Veneto,Veneto,4905854,39653,0.81,0.66
3128,2021-05-22,VEN,34846,16711,18135,12720,21454,672,ITH,ITH3,5,Veneto,Veneto,4905854,74499,1.52,0.71
3129,2021-02-11,VEN,4015,1238,2777,3349,628,38,ITH,ITH3,5,Veneto,Veneto,4905854,78514,1.6,0.08
3130,2021-01-28,VEN,9216,2666,6550,169,9045,2,ITH,ITH3,5,Veneto,Veneto,4905854,87730,1.79,0.19
3131,2021-07-18,VEN,37722,19763,17959,3847,33625,250,ITH,ITH3,5,Veneto,Veneto,4905854,125452,2.56,0.77
3132,2021-02-25,VEN,7904,3345,4559,7157,607,140,ITH,ITH3,5,Veneto,Veneto,4905854,133356,2.72,0.16
3133,2021-04-09,VEN,31206,13768,17438,21914,8350,942,ITH,ITH3,5,Veneto,Veneto,4905854,164562,3.35,0.64
3134,2021-09-13,VEN,25528,14185,11343,3124,22097,307,ITH,ITH3,5,Veneto,Veneto,4905854,190090,3.87,0.52
3135,2021-06-05,VEN,46888,24153,22735,37322,8105,1461,ITH,ITH3,5,Veneto,Veneto,4905854,236978,4.83,0.96
3136,2021-08-13,VEN,24472,13839,10633,18333,5367,772,ITH,ITH3,5,Veneto,Veneto,4905854,261450,5.33,0.5
3137,2021-08-27,VEN,26683,14279,12404,8225,17879,579,ITH,ITH3,5,Veneto,Veneto,4905854,288133,5.87,0.54
3138,2021-05-05,VEN,44420,21284,23136,36224,6564,1632,ITH,ITH3,5,Veneto,Veneto,4905854,332553,6.78,0.91
3139,2021-07-01,VEN,51019,26059,24960,20692,29315,1012,ITH,ITH3,5,Veneto,Veneto,4905854,383572,7.82,1.04
3140,2021-07-13,VEN,43577,22615,20962,5421,37846,310,ITH,ITH3,5,Veneto,Veneto,4905854,427149,8.71,0.89
3141,2021-04-04,VEN,7790,3535,4255,6514,1148,128,ITH,ITH3,5,Veneto,Veneto,4905854,434939,8.87,0.16
3142,2021-05-17,VEN,26552,13002,13550,15645,10079,828,ITH,ITH3,5,Veneto,Veneto,4905854,461491,9.41,0.54
3143,2021-02-06,VEN,4099,1354,2745,708,3391,0,ITH,ITH3,5,Veneto,Veneto,4905854,465590,9.49,0.08
3144,2021-08-25,VEN,20081,10892,9189,8042,11463,576,ITH,ITH3,5,Veneto,Veneto,4905854,485671,9.9,0.41
3145,2021-02-23,VEN,7384,3253,4131,7028,270,86,ITH,ITH3,5,Veneto,Veneto,4905854,493055,10.05,0.15
3146,2021-01-23,VEN,4057,1250,2807,31,4026,0,ITH,ITH3,5,Veneto,Veneto,4905854,497112,10.13,0.08
3147,2021-06-29,VEN,45589,22741,22848,19049,25849,691,ITH,ITH3,5,Veneto,Veneto,4905854,542701,11.06,0.93
3148,2021-03-21,VEN,11991,4755,7236,8285,3466,240,ITH,ITH3,5,Veneto,Veneto,4905854,554692,11.31,0.24
3149,2021-01-16,VEN,4612,1542,3070,4612,0,0,ITH,ITH3,5,Veneto,Veneto,4905854,559304,11.4,0.09
3150,2021-06-17,VEN,51794,25949,25845,25570,25071,1153,ITH,ITH3,5,Veneto,Veneto,4905854,611098,12.46,1.06
3151,2021-03-09,VEN,16566,7459,9107,9828,6338,400,ITH,ITH3,5,Veneto,Veneto,4905854,627664,12.79,0.34
3152,2021-09-08,VEN,27905,14730,13175,5303,21800,802,ITH,ITH3,5,Veneto,Veneto,4905854,655569,13.36,0.57
3153,2021-05-31,VEN,31655,16246,15409,20886,9936,833,ITH,ITH3,5,Veneto,Veneto,4905854,687224,14.01,0.65
3154,2021-03-26,VEN,29619,13164,16455,23281,5469,869,ITH,ITH3,5,Veneto,Veneto,4905854,716843,14.61,0.6
3155,2021-07-27,VEN,42279,22195,20084,11798,30045,436,ITH,ITH3,5,Veneto,Veneto,4905854,759122,15.47,0.86
3156,2021-08-01,VEN,27915,14944,12971,11050,16355,510,ITH,ITH3,5,Veneto,Veneto,4905854,787037,16.04,0.57
3157,2021-04-23,VEN,31321,13862,17459,21443,8711,1167,ITH,ITH3,5,Veneto,Veneto,4905854,818358,16.68,0.64
3158,2021-03-02,VEN,11498,4628,6870,7935,3312,251,ITH,ITH3,5,Veneto,Veneto,4905854,829856,16.92,0.23
3159,2021-06-10,VEN,52418,27046,25372,41325,9385,1708,ITH,ITH3,5,Veneto,Veneto,4905854,882274,17.98,1.07
3160,2021-04-02,VEN,24123,10636,13487,17148,6332,643,ITH,ITH3,5,Veneto,Veneto,4905854,906397,18.48,0.49
3161,2021-09-15,VEN,18617,9996,8621,3518,14742,357,ITH,ITH3,5,Veneto,Veneto,4905854,925014,18.86,0.38
3162,2021-06-12,VEN,48709,24506,24203,36403,10834,1472,ITH,ITH3,5,Veneto,Veneto,4905854,973723,19.85,0.99
3163,2021-09-01,VEN,21041,10764,10277,7636,12650,755,ITH,ITH3,5,Veneto,Veneto,4905854,994764,20.28,0.43
3164,2021-05-24,VEN,33094,16435,16659,7631,25054,409,ITH,ITH3,5,Veneto,Veneto,4905854,1027858,20.95,0.67
3165,2021-08-15,VEN,3106,1763,1343,2617,426,63,ITH,ITH3,5,Veneto,Veneto,4905854,1030964,21.01,0.06
3166,2021-01-09,VEN,7937,2539,5398,7932,0,5,ITH,ITH3,5,Veneto,Veneto,4905854,1038901,21.18,0.16
3167,2021-05-12,VEN,37016,17923,19093,30260,5128,1628,ITH,ITH3,5,Veneto,Veneto,4905854,1075917,21.93,0.75
3168,2021-07-08,VEN,46734,24318,22416,4504,41928,302,ITH,ITH3,5,Veneto,Veneto,4905854,1122651,22.88,0.95
3169,2021-06-24,VEN,56233,28482,27751,17632,37907,694,ITH,ITH3,5,Veneto,Veneto,4905854,1178884,24.03,1.15
3170,2021-03-16,VEN,12539,5358,7181,6634,5626,279,ITH,ITH3,5,Veneto,Veneto,4905854,1191423,24.29,0.26
3171,2021-08-20,VEN,19472,10546,8926,11308,7584,580,ITH,ITH3,5,Veneto,Veneto,4905854,1210895,24.68,0.4
3172,2021-08-06,VEN,38362,20942,17420,19892,17601,869,ITH,ITH3,5,Veneto,Veneto,4905854,1249257,25.46,0.78
3173,2021-04-28,VEN,32466,15198,17268,22250,9024,1192,ITH,ITH3,5,Veneto,Veneto,4905854,1281723,26.13,0.66
3174,2021-07-20,VEN,44380,23691,20689,6878,36993,509,ITH,ITH3,5,Veneto,Veneto,4905854,1326103,27.03,0.9
3175,2021-01-18,VEN,2766,778,1988,2560,201,5,ITH,ITH3,5,Veneto,Veneto,4905854,1328869,27.09,0.06
3176,2021-02-04,VEN,7398,2030,5368,550,6847,1,ITH,ITH3,5,Veneto,Veneto,4905854,1336267,27.24,0.15
3177,2021-08-08,VEN,20536,11405,9131,10685,9542,309,ITH,ITH3,5,Veneto,Veneto,4905854,1356803,27.66,0.42
3178,2021-02-16,VEN,6644,2870,3774,6439,176,29,ITH,ITH3,5,Veneto,Veneto,4905854,1363447,27.79,0.14
3179,2021-05-29,VEN,33071,16703,16368,24241,7704,1126,ITH,ITH3,5,Veneto,Veneto,4905854,1396518,28.47,0.67
3180,2021-02-18,VEN,5833,2456,3377,5730,64,39,ITH,ITH3,5,Veneto,Veneto,4905854,1402351,28.59,0.12
3181,2021-07-25,VEN,33204,17546,15658,10850,21889,465,ITH,ITH3,5,Veneto,Veneto,4905854,1435555,29.26,0.68
3182,2021-04-16,VEN,24475,10506,13969,11894,11896,685,ITH,ITH3,5,Veneto,Veneto,4905854,1460030,29.76,0.5
3183,2021-03-14,VEN,15187,5945,9242,13843,894,450,ITH,ITH3,5,Veneto,Veneto,4905854,1475217,30.07,0.31
3184,2021-05-10,VEN,36529,17090,19439,25418,9861,1250,ITH,ITH3,5,Veneto,Veneto,4905854,1511746,30.82,0.74
3185,2021-01-30,VEN,8769,2684,6085,689,8080,0,ITH,ITH3,5,Veneto,Veneto,4905854,1520515,30.99,0.18
3186,2021-03-07,VEN,4495,1769,2726,3862,561,72,ITH,ITH3,5,Veneto,Veneto,4905854,1525010,31.09,0.09
3187,2021-03-28,VEN,31315,13610,17705,26882,3615,818,ITH,ITH3,5,Veneto,Veneto,4905854,1556325,31.72,0.64
3188,2021-06-19,VEN,49311,25086,24225,25676,22601,1034,ITH,ITH3,5,Veneto,Veneto,4905854,1605636,32.73,1.01
3189,2021-07-06,VEN,36156,18628,17528,13205,22314,637,ITH,ITH3,5,Veneto,Veneto,4905854,1641792,33.47,0.74
3190,2021-04-14,VEN,15948,6917,9031,8770,6634,544,ITH,ITH3,5,Veneto,Veneto,4905854,1657740,33.79,0.33
3191,2021-01-04,VEN,6741,2037,4704,6739,0,2,ITH,ITH3,5,Veneto,Veneto,4905854,1664481,33.93,0.14
3192,2021-09-03,VEN,32078,17171,14907,7546,23734,798,ITH,ITH3,5,Veneto,Veneto,4905854,1696559,34.58,0.65
3193,2021-06-09,VEN,42843,21974,20869,33778,7508,1557,ITH,ITH3,5,Veneto,Veneto,4905854,1739402,35.46,0.87
3194,2021-06-28,VEN,47678,24129,23549,18420,28552,706,ITH,ITH3,5,Veneto,Veneto,4905854,1787080,36.43,0.97
3195,2021-01-25,VEN,6471,2077,4394,156,6315,0,ITH,ITH3,5,Veneto,Veneto,4905854,1793551,36.56,0.13
3196,2021-07-29,VEN,47553,25140,22413,20159,26546,848,ITH,ITH3,5,Veneto,Veneto,4905854,1841104,37.53,0.97
3197,2021-05-02,VEN,37247,17266,19981,25603,10331,1313,ITH,ITH3,5,Veneto,Veneto,4905854,1878351,38.29,0.76
3198,2021-06-14,VEN,42634,21563,21071,26294,15321,1019,ITH,ITH3,5,Veneto,Veneto,4905854,1920985,39.16,0.87
3199,2021-03-06,VEN,10688,4357,6331,7216,3281,191,ITH,ITH3,5,Veneto,Veneto,4905854,1931673,39.37,0.22
3200,2021-08-10,VEN,28511,15642,12869,16431,11476,604,ITH,ITH3,5,Veneto,Veneto,4905854,1960184,39.96,0.58
3201,2020-12-30,VEN,699,245,454,699,0,0,ITH,ITH3,5,Veneto,Veneto,4905854,1960883,39.97,0.01
3202,2021-03-18,VEN,12626,5145,7481,7037,5236,353,ITH,ITH3,5,Veneto,Veneto,4905854,1973509,40.23,0.26
3203,2021-06-26,VEN,48092,24519,23573,13593,34007,492,ITH,ITH3,5,Veneto,Veneto,4905854,2021601,41.21,0.98
3204,2021-03-23,VEN,22240,10253,11987,16878,4718,644,ITH,ITH3,5,Veneto,Veneto,4905854,2043841,41.66,0.45
3205,2021-05-19,VEN,33164,15187,17977,16227,15997,940,ITH,ITH3,5,Veneto,Veneto,4905854,2077005,42.34,0.68
3206,2021-02-08,VEN,5007,1559,3448,1923,3078,6,ITH,ITH3,5,Veneto,Veneto,4905854,2082012,42.44,0.1
3207,2021-04-06,VEN,29035,13368,15667,23259,5046,730,ITH,ITH3,5,Veneto,Veneto,4905854,2111047,43.03,0.59
3208,2021-02-01,VEN,8564,2502,6062,157,8407,0,ITH,ITH3,5,Veneto,Veneto,4905854,2119611,43.21,0.17
3209,2021-02-15,VEN,4392,1827,2565,4143,240,9,ITH,ITH3,5,Veneto,Veneto,4905854,2124003,43.3,0.09
3210,2021-03-30,VEN,36009,15318,20691,29732,5253,1024,ITH,ITH3,5,Veneto,Veneto,4905854,2160012,44.03,0.73
3211,2021-05-03,VEN,40712,19813,20899,32801,6439,1472,ITH,ITH3,5,Veneto,Veneto,4905854,2200724,44.86,0.83
3212,2021-05-28,VEN,46980,22983,23997,23675,22095,1210,ITH,ITH3,5,Veneto,Veneto,4905854,2247704,45.82,0.96
3213,2021-07-24,VEN,41715,22366,19349,13303,27775,637,ITH,ITH3,5,Veneto,Veneto,4905854,2289419,46.67,0.85
3214,2021-07-10,VEN,43199,23217,19982,6302,36543,354,ITH,ITH3,5,Veneto,Veneto,4905854,2332618,47.55,0.88
3215,2021-09-05,VEN,15208,8397,6811,3479,11437,292,ITH,ITH3,5,Veneto,Veneto,4905854,2347826,47.86,0.31
3216,2021-07-15,VEN,51452,26924,24528,6023,45047,382,ITH,ITH3,5,Veneto,Veneto,4905854,2399278,48.91,1.05
3217,2021-04-20,VEN,22470,9510,12960,7881,14012,577,ITH,ITH3,5,Veneto,Veneto,4905854,2421748,49.36,0.46
3218,2021-08-17,VEN,19279,10471,8808,11224,7595,460,ITH,ITH3,5,Veneto,Veneto,4905854,2441027,49.76,0.39
3219,2021-05-09,VEN,35091,16145,18946,23789,10055,1247,ITH,ITH3,5,Veneto,Veneto,4905854,2476118,50.47,0.72
3220,2021-09-17,VEN,7241,3988,3253,1724,5370,147,ITH,ITH3,5,Veneto,Veneto,4905854,2483359,50.62,0.15
3221,2021-05-07,VEN,48656,23313,25343,37606,8683,2367,ITH,ITH3,5,Veneto,Veneto,4905854,2532015,51.61,0.99
3222,2021-01-27,VEN,7150,2069,5081,240,6909,1,ITH,ITH3,5,Veneto,Veneto,4905854,2539165,51.76,0.15
3223,2021-02-13,VEN,3267,1473,1794,3231,20,16,ITH,ITH3,5,Veneto,Veneto,4905854,2542432,51.82,0.07
3224,2021-08-22,VEN,9255,5048,4207,5876,3106,273,ITH,ITH3,5,Veneto,Veneto,4905854,2551687,52.01,0.19
3225,2021-05-14,VEN,46847,22282,24565,24285,20971,1591,ITH,ITH3,5,Veneto,Veneto,4905854,2598534,52.97,0.95
3226,2021-02-20,VEN,6433,2019,4414,6277,75,81,ITH,ITH3,5,Veneto,Veneto,4905854,2604967,53.1,0.13
3227,2021-06-02,VEN,20318,10239,10079,15347,4347,624,ITH,ITH3,5,Veneto,Veneto,4905854,2625285,53.51,0.41
3228,2021-08-24,VEN,19900,10610,9290,8907,10462,531,ITH,ITH3,5,Veneto,Veneto,4905854,2645185,53.92,0.41
3229,2021-08-02,VEN,40107,21039,19068,16311,23168,628,ITH,ITH3,5,Veneto,Veneto,4905854,2685292,54.74,0.82
3230,2021-04-10,VEN,27486,11989,15497,18375,8475,636,ITH,ITH3,5,Veneto,Veneto,4905854,2712778,55.3,0.56
3231,2021-09-14,VEN,21615,11786,9829,3151,18177,287,ITH,ITH3,5,Veneto,Veneto,4905854,2734393,55.74,0.44
3232,2021-06-06,VEN,37452,19174,18278,31493,4731,1228,ITH,ITH3,5,Veneto,Veneto,4905854,2771845,56.5,0.76
3233,2020-12-27,VEN,880,395,485,880,0,0,ITH,ITH3,5,Veneto,Veneto,4905854,2772725,56.52,0.02
3234,2021-09-07,VEN,26552,14143,12409,5550,20274,728,ITH,ITH3,5,Veneto,Veneto,4905854,2799277,57.06,0.54
3235,2021-08-05,VEN,39265,21453,17812,15721,22937,607,ITH,ITH3,5,Veneto,Veneto,4905854,2838542,57.86,0.8
3236,2021-04-18,VEN,17531,7262,10269,9506,7567,458,ITH,ITH3,5,Veneto,Veneto,4905854,2856073,58.22,0.36
3237,2021-01-08,VEN,9417,2837,6580,9403,0,14,ITH,ITH3,5,Veneto,Veneto,4905854,2865490,58.41,0.19
3238,2021-07-17,VEN,40619,21489,19130,4296,35978,345,ITH,ITH3,5,Veneto,Veneto,4905854,2906109,59.24,0.83
3239,2021-09-12,VEN,15331,8634,6697,2364,12807,160,ITH,ITH3,5,Veneto,Veneto,4905854,2921440,59.55,0.31
3240,2021-08-29,VEN,13397,7352,6045,4493,8580,324,ITH,ITH3,5,Veneto,Veneto,4905854,2934837,59.82,0.27
3241,2021-05-21,VEN,44868,22069,22799,19800,23959,1109,ITH,ITH3,5,Veneto,Veneto,4905854,2979705,60.74,0.91
3242,2021-08-12,VEN,24176,13089,11087,17314,6162,700,ITH,ITH3,5,Veneto,Veneto,4905854,3003881,61.23,0.49
3243,2021-06-07,VEN,44709,23325,21384,36175,7044,1490,ITH,ITH3,5,Veneto,Veneto,4905854,3048590,62.14,0.91
3244,2021-02-27,VEN,8994,2693,6301,7963,849,182,ITH,ITH3,5,Veneto,Veneto,4905854,3057584,62.33,0.18
3245,2021-09-02,VEN,22766,12161,10605,6104,15850,812,ITH,ITH3,5,Veneto,Veneto,4905854,3080350,62.79,0.46
3246,2021-09-16,VEN,21789,11840,9949,3776,17646,367,ITH,ITH3,5,Veneto,Veneto,4905854,3102139,63.23,0.44
3247,2021-03-03,VEN,12102,4648,7454,8389,3502,211,ITH,ITH3,5,Veneto,Veneto,4905854,3114241,63.48,0.25
3248,2021-06-11,VEN,47323,24621,22702,34708,11185,1430,ITH,ITH3,5,Veneto,Veneto,4905854,3161564,64.44,0.96
3249,2021-06-25,VEN,51727,26170,25557,15077,36008,642,ITH,ITH3,5,Veneto,Veneto,4905854,3213291,65.5,1.05
3250,2021-05-26,VEN,31172,15238,15934,13992,16499,681,ITH,ITH3,5,Veneto,Veneto,4905854,3244463,66.13,0.64
3251,2021-08-31,VEN,19799,10465,9334,6989,12210,600,ITH,ITH3,5,Veneto,Veneto,4905854,3264262,66.54,0.4
3252,2021-03-01,VEN,9395,3717,5678,7411,1822,162,ITH,ITH3,5,Veneto,Veneto,4905854,3273657,66.73,0.19
3253,2021-07-12,VEN,43248,22783,20465,4014,38912,322,ITH,ITH3,5,Veneto,Veneto,4905854,3316905,67.61,0.88
3254,2021-05-30,VEN,22552,11274,11278,15206,6692,654,ITH,ITH3,5,Veneto,Veneto,4905854,3339457,68.07,0.46
3255,2021-07-26,VEN,43650,22947,20703,16999,26017,634,ITH,ITH3,5,Veneto,Veneto,4905854,3383107,68.96,0.89
3256,2021-07-19,VEN,44752,23572,21180,7963,36393,396,ITH,ITH3,5,Veneto,Veneto,4905854,3427859,69.87,0.91
3257,2021-09-10,VEN,28204,15556,12648,4332,23441,431,ITH,ITH3,5,Veneto,Veneto,4905854,3456063,70.45,0.57
3258,2021-03-11,VEN,19838,8893,10945,13795,5576,467,ITH,ITH3,5,Veneto,Veneto,4905854,3475901,70.85,0.4
3259,2021-01-13,VEN,5989,1606,4383,5986,0,3,ITH,ITH3,5,Veneto,Veneto,4905854,3481890,70.97,0.12
3260,2021-08-03,VEN,40740,21563,19177,17595,22429,716,ITH,ITH3,5,Veneto,Veneto,4905854,3522630,71.8,0.83
3261,2021-04-25,VEN,18336,8155,10181,12899,4836,601,ITH,ITH3,5,Veneto,Veneto,4905854,3540966,72.18,0.37
3262,2021-06-21,VEN,44342,22193,22149,20462,22972,908,ITH,ITH3,5,Veneto,Veneto,4905854,3585308,73.08,0.9
3263,2021-01-06,VEN,8142,2391,5751,8139,0,3,ITH,ITH3,5,Veneto,Veneto,4905854,3593450,73.25,0.17
3264,2021-03-04,VEN,12990,4890,8100,9119,3479,392,ITH,ITH3,5,Veneto,Veneto,4905854,3606440,73.51,0.26
3265,2021-07-07,VEN,40992,21328,19664,15642,24548,802,ITH,ITH3,5,Veneto,Veneto,4905854,3647432,74.35,0.84
3266,2021-08-19,VEN,19582,10677,8905,12238,6812,532,ITH,ITH3,5,Veneto,Veneto,4905854,3667014,74.75,0.4
3267,2021-05-11,VEN,33209,16521,16688,27155,4729,1325,ITH,ITH3,5,Veneto,Veneto,4905854,3700223,75.42,0.68
3268,2021-01-22,VEN,1080,332,748,25,1055,0,ITH,ITH3,5,Veneto,Veneto,4905854,3701303,75.45,0.02
3269,2021-07-14,VEN,43644,22439,21205,5281,37965,398,ITH,ITH3,5,Veneto,Veneto,4905854,3744947,76.34,0.89
3270,2021-04-22,VEN,32079,13947,18132,15471,15781,827,ITH,ITH3,5,Veneto,Veneto,4905854,3777026,76.99,0.65
3271,2021-07-31,VEN,35181,18904,16277,17036,17503,642,ITH,ITH3,5,Veneto,Veneto,4905854,3812207,77.71,0.72
3272,2021-08-14,VEN,9920,5809,4111,7272,2400,248,ITH,ITH3,5,Veneto,Veneto,4905854,3822127,77.91,0.2
3273,2021-04-03,VEN,21999,9649,12350,13870,7723,406,ITH,ITH3,5,Veneto,Veneto,4905854,3844126,78.36,0.45
3274,2021-03-20,VEN,13035,5393,7642,10657,2082,296,ITH,ITH3,5,Veneto,Veneto,4905854,3857161,78.62,0.27
3275,2021-01-10,VEN,5036,1673,3363,5035,0,1,ITH,ITH3,5,Veneto,Veneto,4905854,3862197,78.73,0.1
3276,2021-04-27,VEN,28213,12798,15415,20132,6916,1165,ITH,ITH3,5,Veneto,Veneto,4905854,3890410,79.3,0.58
3277,2021-01-17,VEN,1933,781,1152,1584,349,0,ITH,ITH3,5,Veneto,Veneto,4905854,3892343,79.34,0.04
3278,2021-02-03,VEN,5955,1672,4283,474,5477,4,ITH,ITH3,5,Veneto,Veneto,4905854,3898298,79.46,0.12
3279,2021-08-07,VEN,28955,16295,12660,16345,12069,541,ITH,ITH3,5,Veneto,Veneto,4905854,3927253,80.05,0.59
3280,2021-04-29,VEN,50335,23413,26922,35404,13185,1746,ITH,ITH3,5,Veneto,Veneto,4905854,3977588,81.08,1.03
3281,2021-07-21,VEN,43283,22342,20941,8694,34089,500,ITH,ITH3,5,Veneto,Veneto,4905854,4020871,81.96,0.88
3282,2021-02-05,VEN,8391,2541,5850,1407,6975,9,ITH,ITH3,5,Veneto,Veneto,4905854,4029262,82.13,0.17
3283,2021-02-22,VEN,7019,3044,3975,6581,391,47,ITH,ITH3,5,Veneto,Veneto,4905854,4036281,82.27,0.14
3284,2021-02-17,VEN,6022,2772,3250,5900,94,28,ITH,ITH3,5,Veneto,Veneto,4905854,4042303,82.4,0.12
3285,2021-04-01,VEN,25404,11197,14207,18210,6414,780,ITH,ITH3,5,Veneto,Veneto,4905854,4067707,82.92,0.52
3286,2021-04-15,VEN,20949,8659,12290,9369,10833,747,ITH,ITH3,5,Veneto,Veneto,4905854,4088656,83.34,0.43
3287,2021-06-08,VEN,43860,22678,21182,36185,6153,1522,ITH,ITH3,5,Veneto,Veneto,4905854,4132516,84.24,0.89
3288,2021-05-25,VEN,27873,13454,14419,11274,16098,501,ITH,ITH3,5,Veneto,Veneto,4905854,4160389,84.8,0.57
3289,2021-02-14,VEN,126,56,70,113,13,0,ITH,ITH3,5,Veneto,Veneto,4905854,4160515,84.81,0.0
3290,2021-02-28,VEN,4136,1389,2747,3224,837,75,ITH,ITH3,5,Veneto,Veneto,4905854,4164651,84.89,0.08
3291,2021-05-23,VEN,34492,16470,18022,10620,23400,472,ITH,ITH3,5,Veneto,Veneto,4905854,4199143,85.59,0.7
3292,2021-02-12,VEN,4314,1446,2868,3670,572,72,ITH,ITH3,5,Veneto,Veneto,4905854,4203457,85.68,0.09
3293,2021-01-29,VEN,9029,2789,6240,365,8664,0,ITH,ITH3,5,Veneto,Veneto,4905854,4212486,85.87,0.18
3294,2021-05-08,VEN,41533,18788,22745,28256,11838,1439,ITH,ITH3,5,Veneto,Veneto,4905854,4254019,86.71,0.85
3295,2021-07-30,VEN,45595,24250,21345,22631,22082,882,ITH,ITH3,5,Veneto,Veneto,4905854,4299614,87.64,0.93
3296,2021-08-16,VEN,19742,10688,9054,12999,6167,576,ITH,ITH3,5,Veneto,Veneto,4905854,4319356,88.04,0.4
3297,2021-08-21,VEN,12195,6879,5316,8288,3387,520,ITH,ITH3,5,Veneto,Veneto,4905854,4331551,88.29,0.25
3298,2021-05-04,VEN,43034,20383,22651,33351,8033,1650,ITH,ITH3,5,Veneto,Veneto,4905854,4374585,89.17,0.88
3299,2021-01-24,VEN,4117,1219,2898,28,4089,0,ITH,ITH3,5,Veneto,Veneto,4905854,4378702,89.25,0.08
3300,2021-06-23,VEN,49376,24463,24913,14549,34025,802,ITH,ITH3,5,Veneto,Veneto,4905854,4428078,90.26,1.01
3301,2021-03-15,VEN,16673,7330,9343,10954,5213,506,ITH,ITH3,5,Veneto,Veneto,4905854,4444751,90.6,0.34
3302,2021-01-05,VEN,7335,2186,5149,7333,0,2,ITH,ITH3,5,Veneto,Veneto,4905854,4452086,90.75,0.15
3303,2021-02-10,VEN,4763,1593,3170,3692,1061,10,ITH,ITH3,5,Veneto,Veneto,4905854,4456849,90.85,0.1
3304,2021-04-08,VEN,32418,14390,18028,23352,7889,1177,ITH,ITH3,5,Veneto,Veneto,4905854,4489267,91.51,0.66
3305,2021-03-17,VEN,14646,5991,8655,7526,6797,323,ITH,ITH3,5,Veneto,Veneto,4905854,4503913,91.81,0.3
3306,2021-07-28,VEN,40310,20928,19382,12061,27798,451,ITH,ITH3,5,Veneto,Veneto,4905854,4544223,92.63,0.82
3307,2021-01-12,VEN,5231,1517,3714,5223,0,8,ITH,ITH3,5,Veneto,Veneto,4905854,4549454,92.74,0.11
3308,2021-04-19,VEN,21560,8929,12631,4707,16422,431,ITH,ITH3,5,Veneto,Veneto,4905854,4571014,93.17,0.44
3309,2021-04-05,VEN,19165,8376,10789,13423,5439,303,ITH,ITH3,5,Veneto,Veneto,4905854,4590179,93.57,0.39
3310,2021-01-26,VEN,6927,2093,4834,149,6778,0,ITH,ITH3,5,Veneto,Veneto,4905854,4597106,93.71,0.14
3311,2021-06-04,VEN,49656,25843,23813,39826,8153,1677,ITH,ITH3,5,Veneto,Veneto,4905854,4646762,94.72,1.01
3312,2021-02-24,VEN,8623,3680,4943,7996,490,137,ITH,ITH3,5,Veneto,Veneto,4905854,4655385,94.89,0.18
3313,2021-06-22,VEN,43747,21631,22116,18502,24389,856,ITH,ITH3,5,Veneto,Veneto,4905854,4699132,95.79,0.89
3314,2021-05-16,VEN,28422,14015,14407,20315,7081,1026,ITH,ITH3,5,Veneto,Veneto,4905854,4727554,96.37,0.58
3315,2021-08-09,VEN,34779,18647,16132,17150,16862,767,ITH,ITH3,5,Veneto,Veneto,4905854,4762333,97.07,0.71
3316,2021-08-26,VEN,22331,11897,10434,8330,13395,606,ITH,ITH3,5,Veneto,Veneto,4905854,4784664,97.53,0.46
3317,2021-02-26,VEN,8297,3273,5024,6942,1260,95,ITH,ITH3,5,Veneto,Veneto,4905854,4792961,97.7,0.17
3318,2021-04-24,VEN,24770,10832,13938,14965,9081,724,ITH,ITH3,5,Veneto,Veneto,4905854,4817731,98.2,0.5
3319,2021-01-14,VEN,7066,1927,5139,7049,0,17,ITH,ITH3,5,Veneto,Veneto,4905854,4824797,98.35,0.14
3320,2021-03-12,VEN,18665,8196,10469,11327,6752,586,ITH,ITH3,5,Veneto,Veneto,4905854,4843462,98.73,0.38
3321,2021-04-07,VEN,36067,16207,19860,27610,7341,1116,ITH,ITH3,5,Veneto,Veneto,4905854,4879529,99.46,0.74
3322,2021-07-16,VEN,44752,24076,20676,6955,37333,464,ITH,ITH3,5,Veneto,Veneto,4905854,4924281,100.38,0.91
3323,2021-01-31,VEN,4789,1566,3223,408,4381,0,ITH,ITH3,5,Veneto,Veneto,4905854,4929070,100.47,0.1
3324,2021-03-29,VEN,31481,13708,17773,26646,3830,1005,ITH,ITH3,5,Veneto,Veneto,4905854,4960551,101.11,0.64
3325,2021-05-13,VEN,44352,21887,22465,32585,9919,1848,ITH,ITH3,5,Veneto,Veneto,4905854,5004903,102.02,0.9
3326,2021-02-02,VEN,6515,1881,4634,396,6119,0,ITH,ITH3,5,Veneto,Veneto,4905854,5011418,102.15,0.13
3327,2021-07-09,VEN,45099,23788,21311,4126,40687,286,ITH,ITH3,5,Veneto,Veneto,4905854,5056517,103.07,0.92
3328,2021-05-18,VEN,27041,12552,14489,12631,13645,765,ITH,ITH3,5,Veneto,Veneto,4905854,5083558,103.62,0.55
3329,2021-06-30,VEN,45828,23108,22720,17873,27204,751,ITH,ITH3,5,Veneto,Veneto,4905854,5129386,104.56,0.93
3330,2021-03-22,VEN,18158,8186,9972,12583,5050,525,ITH,ITH3,5,Veneto,Veneto,4905854,5147544,104.93,0.37
3331,2021-03-13,VEN,17242,7312,9930,13736,3132,374,ITH,ITH3,5,Veneto,Veneto,4905854,5164786,105.28,0.35
3332,2021-01-15,VEN,5880,1819,4061,5874,0,6,ITH,ITH3,5,Veneto,Veneto,4905854,5170666,105.4,0.12
3333,2021-08-28,VEN,20875,11592,9283,8643,11494,738,ITH,ITH3,5,Veneto,Veneto,4905854,5191541,105.82,0.43
3334,2021-06-27,VEN,40243,20558,19685,15348,24313,582,ITH,ITH3,5,Veneto,Veneto,4905854,5231784,106.64,0.82
3335,2021-03-19,VEN,13804,5672,8132,7402,6106,296,ITH,ITH3,5,Veneto,Veneto,4905854,5245588,106.93,0.28
3336,2021-05-06,VEN,47059,22068,24991,36579,8499,1981,ITH,ITH3,5,Veneto,Veneto,4905854,5292647,107.88,0.96
3337,2020-12-31,VEN,3221,1042,2179,3221,0,0,ITH,ITH3,5,Veneto,Veneto,4905854,5295868,107.95,0.07
3338,2021-07-04,VEN,33887,17580,16307,14990,18289,608,ITH,ITH3,5,Veneto,Veneto,4905854,5329755,108.64,0.69
3339,2021-04-12,VEN,14920,6346,8574,6397,8219,304,ITH,ITH3,5,Veneto,Veneto,4905854,5344675,108.94,0.3
3340,2021-01-02,VEN,5744,1767,3977,5743,0,1,ITH,ITH3,5,Veneto,Veneto,4905854,5350419,109.06,0.12
3341,2021-01-19,VEN,1313,475,838,1163,149,1,ITH,ITH3,5,Veneto,Veneto,4905854,5351732,109.09,0.03
3342,2021-07-23,VEN,44502,23461,21041,15138,28790,574,ITH,ITH3,5,Veneto,Veneto,4905854,5396234,110.0,0.91
3343,2021-05-01,VEN,38877,18252,20625,28708,8929,1240,ITH,ITH3,5,Veneto,Veneto,4905854,5435111,110.79,0.79
3344,2021-08-18,VEN,23331,12573,10758,14214,8442,675,ITH,ITH3,5,Veneto,Veneto,4905854,5458442,111.26,0.48
3345,2021-08-04,VEN,42482,22687,19795,22610,18772,1100,ITH,ITH3,5,Veneto,Veneto,4905854,5500924,112.13,0.87
3346,2021-04-26,VEN,20734,9461,11273,14912,5140,682,ITH,ITH3,5,Veneto,Veneto,4905854,5521658,112.55,0.42
3347,2021-06-15,VEN,47848,24304,23544,29142,17551,1155,ITH,ITH3,5,Veneto,Veneto,4905854,5569506,113.53,0.98
3348,2021-08-11,VEN,26810,14804,12006,15666,10576,568,ITH,ITH3,5,Veneto,Veneto,4905854,5596316,114.07,0.55
3349,2021-04-17,VEN,22452,9099,13353,14373,7278,801,ITH,ITH3,5,Veneto,Veneto,4905854,5618768,114.53,0.46
3350,2021-01-07,VEN,8362,2317,6045,8361,0,1,ITH,ITH3,5,Veneto,Veneto,4905854,5627130,114.7,0.17
3351,2021-06-13,VEN,37346,19260,18086,29317,6958,1071,ITH,ITH3,5,Veneto,Veneto,4905854,5664476,115.46,0.76
3352,2021-01-21,VEN,2294,719,1575,19,2275,0,ITH,ITH3,5,Veneto,Veneto,4905854,5666770,115.51,0.05
3353,2021-03-05,VEN,13341,5023,8318,9222,3674,445,ITH,ITH3,5,Veneto,Veneto,4905854,5680111,115.78,0.27
3354,2021-05-20,VEN,44856,21265,23591,19367,24380,1109,ITH,ITH3,5,Veneto,Veneto,4905854,5724967,116.7,0.91
3355,2021-02-09,VEN,5250,1892,3358,3431,1806,13,ITH,ITH3,5,Veneto,Veneto,4905854,5730217,116.8,0.11
3356,2021-08-30,VEN,26929,14276,12653,7979,18330,620,ITH,ITH3,5,Veneto,Veneto,4905854,5757146,117.35,0.55
3357,2021-09-04,VEN,23588,12885,10703,6051,16884,653,ITH,ITH3,5,Veneto,Veneto,4905854,5780734,117.83,0.48
3358,2021-05-27,VEN,46673,22926,23747,22363,23261,1049,ITH,ITH3,5,Veneto,Veneto,4905854,5827407,118.78,0.95
3359,2021-02-07,VEN,2316,863,1453,714,1601,1,ITH,ITH3,5,Veneto,Veneto,4905854,5829723,118.83,0.05
3360,2021-09-06,VEN,28325,15218,13107,5836,21811,678,ITH,ITH3,5,Veneto,Veneto,4905854,5858048,119.41,0.58
3361,2021-07-02,VEN,49573,25144,24429,16289,32499,785,ITH,ITH3,5,Veneto,Veneto,4905854,5907621,120.42,1.01
3362,2021-03-24,VEN,22126,9581,12545,14663,6806,657,ITH,ITH3,5,Veneto,Veneto,4905854,5929747,120.87,0.45
3363,2021-03-31,VEN,38989,16465,22524,30429,7508,1052,ITH,ITH3,5,Veneto,Veneto,4905854,5968736,121.67,0.79
3364,2021-07-11,VEN,34240,17925,16315,3700,30284,256,ITH,ITH3,5,Veneto,Veneto,4905854,6002976,122.36,0.7
3365,2021-04-30,VEN,50268,23621,26647,33162,15674,1432,ITH,ITH3,5,Veneto,Veneto,4905854,6053244,123.39,1.02
3366,2021-01-20,VEN,1039,368,671,387,652,0,ITH,ITH3,5,Veneto,Veneto,4905854,6054283,123.41,0.02
3367,2021-07-03,VEN,38709,20120,18589,11028,27104,577,ITH,ITH3,5,Veneto,Veneto,4905854,6092992,124.2,0.79
3368,2021-06-16,VEN,47800,23582,24218,25249,21451,1100,ITH,ITH3,5,Veneto,Veneto,4905854,6140792,125.17,0.97
3369,2021-01-01,VEN,1528,471,1057,1527,0,1,ITH,ITH3,5,Veneto,Veneto,4905854,6142320,125.2,0.03
3370,2021-03-25,VEN,25977,11064,14913,18970,6105,902,ITH,ITH3,5,Veneto,Veneto,4905854,6168297,125.73,0.53
3371,2021-04-11,VEN,21015,8878,12137,14228,6299,488,ITH,ITH3,5,Veneto,Veneto,4905854,6189312,126.16,0.43
3372,2021-07-22,VEN,48407,25131,23276,13311,34441,655,ITH,ITH3,5,Veneto,Veneto,4905854,6237719,127.15,0.99
3373,2021-04-13,VEN,14043,6331,7712,8054,5483,506,ITH,ITH3,5,Veneto,Veneto,4905854,6251762,127.43,0.29
3374,2021-07-05,VEN,39145,20286,18859,14145,24199,801,ITH,ITH3,5,Veneto,Veneto,4905854,6290907,128.23,0.8
3375,2021-01-03,VEN,5157,1562,3595,5157,0,0,ITH,ITH3,5,Veneto,Veneto,4905854,6296064,128.34,0.11
3376,2021-03-08,VEN,13644,6282,7362,9301,4078,265,ITH,ITH3,5,Veneto,Veneto,4905854,6309708,128.62,0.28
3377,2021-06-18,VEN,53662,26781,26881,23979,28639,1044,ITH,ITH3,5,Veneto,Veneto,4905854,6363370,129.71,1.09
3378,2021-09-09,VEN,30051,16613,13438,4316,25306,429,ITH,ITH3,5,Veneto,Veneto,4905854,6393421,130.32,0.61
3379,2021-03-27,VEN,32093,14018,18075,25375,5807,911,ITH,ITH3,5,Veneto,Veneto,4905854,6425514,130.98,0.65
3380,2021-09-11,VEN,20855,11697,9158,3030,17486,339,ITH,ITH3,5,Veneto,Veneto,4905854,6446369,131.4,0.43
3381,2021-06-03,VEN,54538,28046,26492,40870,12008,1660,ITH,ITH3,5,Veneto,Veneto,4905854,6500907,132.51,1.11
3382,2021-06-20,VEN,41215,20068,21147,18922,21545,748,ITH,ITH3,5,Veneto,Veneto,4905854,6542122,133.35,0.84
3383,2021-02-19,VEN,7324,3141,4183,6996,204,124,ITH,ITH3,5,Veneto,Veneto,4905854,6549446,133.5,0.15
3384,2021-08-23,VEN,24525,13035,11490,10581,13234,710,ITH,ITH3,5,Veneto,Veneto,4905854,6573971,134.0,0.5
3385,2021-02-21,VEN,4640,1212,3428,4516,5,119,ITH,ITH3,5,Veneto,Veneto,4905854,6578611,134.1,0.09
3386,2021-05-15,VEN,36279,17521,18758,24819,10025,1435,ITH,ITH3,5,Veneto,Veneto,4905854,6614890,134.84,0.74
3387,2021-06-01,VEN,26997,13570,13427,15787,10561,649,ITH,ITH3,5,Veneto,Veneto,4905854,6641887,135.39,0.55
3388,2021-03-10,VEN,19044,8728,10316,12959,5686,399,ITH,ITH3,5,Veneto,Veneto,4905854,6660931,135.78,0.39
3389,2021-02-28,LIG,1060,580,480,1048,11,1,ITC,ITC3,7,Liguria,Liguria,1550640,1060,0.07,0.07
3390,2021-09-01,LIG,8502,4478,4024,2707,5719,76,ITC,ITC3,7,Liguria,Liguria,1550640,9562,0.62,0.55
3391,2021-08-01,LIG,1490,856,634,152,1338,0,ITC,ITC3,7,Liguria,Liguria,1550640,11052,0.71,0.1
3392,2021-02-16,LIG,2431,958,1473,1996,430,5,ITC,ITC3,7,Liguria,Liguria,1550640,13483,0.87,0.16
3393,2021-07-23,LIG,20027,10317,9710,5110,14786,131,ITC,ITC3,7,Liguria,Liguria,1550640,33510,2.16,1.29
3394,2021-05-27,LIG,17016,8721,8295,12675,4181,160,ITC,ITC3,7,Liguria,Liguria,1550640,50526,3.26,1.1
3395,2021-04-14,LIG,13085,5675,7410,10752,2211,122,ITC,ITC3,7,Liguria,Liguria,1550640,63611,4.1,0.84
3396,2021-03-14,LIG,1659,752,907,1043,604,12,ITC,ITC3,7,Liguria,Liguria,1550640,65270,4.21,0.11
3397,2021-08-18,LIG,12231,6598,5633,4246,7858,127,ITC,ITC3,7,Liguria,Liguria,1550640,77501,5.0,0.79
3398,2021-06-22,LIG,15821,7469,8352,7612,8140,69,ITC,ITC3,7,Liguria,Liguria,1550640,93322,6.02,1.02
3399,2021-07-06,LIG,12379,6075,6304,5626,6661,92,ITC,ITC3,7,Liguria,Liguria,1550640,105701,6.82,0.8
3400,2021-05-10,LIG,12663,5650,7013,6197,6382,84,ITC,ITC3,7,Liguria,Liguria,1550640,118364,7.63,0.82
3401,2021-08-30,LIG,9787,5229,4558,2459,7242,86,ITC,ITC3,7,Liguria,Liguria,1550640,128151,8.26,0.63
3402,2021-02-11,LIG,1990,773,1217,1092,888,10,ITC,ITC3,7,Liguria,Liguria,1550640,130141,8.39,0.13
3403,2021-05-22,LIG,6657,3222,3435,4879,1687,91,ITC,ITC3,7,Liguria,Liguria,1550640,136798,8.82,0.43
3404,2021-06-10,LIG,18902,9745,9157,13121,5679,102,ITC,ITC3,7,Liguria,Liguria,1550640,155700,10.04,1.22
3405,2021-03-19,LIG,5304,2237,3067,2100,3153,51,ITC,ITC3,7,Liguria,Liguria,1550640,161004,10.38,0.34
3406,2021-03-02,LIG,4083,1695,2388,3765,310,8,ITC,ITC3,7,Liguria,Liguria,1550640,165087,10.65,0.26
3407,2021-03-26,LIG,9361,4043,5318,6094,3160,107,ITC,ITC3,7,Liguria,Liguria,1550640,174448,11.25,0.6
3408,2021-07-04,LIG,4866,2584,2282,3802,1001,63,ITC,ITC3,7,Liguria,Liguria,1550640,179314,11.56,0.31
3409,2021-01-02,LIG,693,247,446,693,0,0,ITC,ITC3,7,Liguria,Liguria,1550640,180007,11.61,0.04
3410,2021-01-28,LIG,2851,972,1879,37,2814,0,ITC,ITC3,7,Liguria,Liguria,1550640,182858,11.79,0.18
3411,2021-04-26,LIG,10593,4998,5595,7863,2642,88,ITC,ITC3,7,Liguria,Liguria,1550640,193451,12.48,0.68
3412,2021-01-16,LIG,1279,558,721,1274,0,5,ITC,ITC3,7,Liguria,Liguria,1550640,194730,12.56,0.08
3413,2021-02-02,LIG,2675,1007,1668,127,2546,2,ITC,ITC3,7,Liguria,Liguria,1550640,197405,12.73,0.17
3414,2021-04-28,LIG,14470,6527,7943,6380,8002,88,ITC,ITC3,7,Liguria,Liguria,1550640,211875,13.66,0.93
3415,2021-07-18,LIG,2384,1223,1161,382,1985,17,ITC,ITC3,7,Liguria,Liguria,1550640,214259,13.82,0.15
3416,2021-06-05,LIG,8110,4132,3978,4921,3156,33,ITC,ITC3,7,Liguria,Liguria,1550640,222369,14.34,0.52
3417,2021-04-09,LIG,12487,5570,6917,10565,1787,135,ITC,ITC3,7,Liguria,Liguria,1550640,234856,15.15,0.81
3418,2021-09-13,LIG,7004,3605,3399,2332,4551,121,ITC,ITC3,7,Liguria,Liguria,1550640,241860,15.6,0.45
3419,2021-03-31,LIG,11956,5292,6664,9072,2780,104,ITC,ITC3,7,Liguria,Liguria,1550640,253816,16.37,0.77
3420,2021-01-09,LIG,1338,484,854,1337,0,1,ITC,ITC3,7,Liguria,Liguria,1550640,255154,16.45,0.09
3421,2021-04-19,LIG,12842,5622,7220,8918,3835,89,ITC,ITC3,7,Liguria,Liguria,1550640,267996,17.28,0.83
3422,2021-07-13,LIG,13110,6449,6661,3464,9586,60,ITC,ITC3,7,Liguria,Liguria,1550640,281106,18.13,0.85
3423,2021-05-29,LIG,6890,3263,3627,3989,2874,27,ITC,ITC3,7,Liguria,Liguria,1550640,287996,18.57,0.44
3424,2021-09-06,LIG,8036,4155,3881,2713,5212,111,ITC,ITC3,7,Liguria,Liguria,1550640,296032,19.09,0.52
3425,2021-07-25,LIG,6412,3275,3137,654,5747,11,ITC,ITC3,7,Liguria,Liguria,1550640,302444,19.5,0.41
3426,2021-02-09,LIG,1957,696,1261,262,1692,3,ITC,ITC3,7,Liguria,Liguria,1550640,304401,19.63,0.13
3427,2021-07-11,LIG,2154,1195,959,1232,903,19,ITC,ITC3,7,Liguria,Liguria,1550640,306555,19.77,0.14
3428,2021-06-24,LIG,11167,5451,5716,6218,4869,80,ITC,ITC3,7,Liguria,Liguria,1550640,317722,20.49,0.72
3429,2021-04-02,LIG,11796,5223,6573,9221,2489,86,ITC,ITC3,7,Liguria,Liguria,1550640,329518,21.25,0.76
3430,2021-04-21,LIG,14297,6461,7836,8860,5347,90,ITC,ITC3,7,Liguria,Liguria,1550640,343815,22.17,0.92
3431,2021-07-30,LIG,16101,8343,7758,4656,11343,102,ITC,ITC3,7,Liguria,Liguria,1550640,359916,23.21,1.04
3432,2021-08-13,LIG,10903,5631,5272,3928,6879,96,ITC,ITC3,7,Liguria,Liguria,1550640,370819,23.91,0.7
3433,2021-05-08,LIG,7540,3337,4203,2274,5228,38,ITC,ITC3,7,Liguria,Liguria,1550640,378359,24.4,0.49
3434,2021-05-03,LIG,13270,5925,7345,6362,6822,86,ITC,ITC3,7,Liguria,Liguria,1550640,391629,25.26,0.86
3435,2021-08-11,LIG,13140,6739,6401,4790,8234,116,ITC,ITC3,7,Liguria,Liguria,1550640,404769,26.1,0.85
3436,2021-03-21,LIG,551,220,331,69,482,0,ITC,ITC3,7,Liguria,Liguria,1550640,405320,26.14,0.04
3437,2021-08-25,LIG,9361,5043,4318,3215,6028,118,ITC,ITC3,7,Liguria,Liguria,1550640,414681,26.74,0.6
3438,2021-01-23,LIG,813,297,516,156,657,0,ITC,ITC3,7,Liguria,Liguria,1550640,415494,26.8,0.05
3439,2021-06-29,LIG,15193,7238,7955,8623,6467,103,ITC,ITC3,7,Liguria,Liguria,1550640,430687,27.77,0.98
3440,2021-05-17,LIG,12048,5528,6520,8596,3381,71,ITC,ITC3,7,Liguria,Liguria,1550640,442735,28.55,0.78
3441,2021-06-15,LIG,17445,8475,8970,9270,8096,79,ITC,ITC3,7,Liguria,Liguria,1550640,460180,29.68,1.13
3442,2021-03-07,LIG,1915,1139,776,1602,301,12,ITC,ITC3,7,Liguria,Liguria,1550640,462095,29.8,0.12
3443,2021-09-08,LIG,7483,3911,3572,2127,5249,107,ITC,ITC3,7,Liguria,Liguria,1550640,469578,30.28,0.48
3444,2021-06-17,LIG,16711,7942,8769,9078,7546,87,ITC,ITC3,7,Liguria,Liguria,1550640,486289,31.36,1.08
3445,2020-12-28,LIG,80,30,50,80,0,0,ITC,ITC3,7,Liguria,Liguria,1550640,486369,31.37,0.01
3446,2021-06-03,LIG,15555,7711,7844,9104,6392,59,ITC,ITC3,7,Liguria,Liguria,1550640,501924,32.37,1.0
3447,2021-04-07,LIG,13696,6115,7581,11311,2293,92,ITC,ITC3,7,Liguria,Liguria,1550640,515620,33.25,0.88
3448,2021-02-23,LIG,3809,1559,2250,3663,109,37,ITC,ITC3,7,Liguria,Liguria,1550640,519429,33.5,0.25
3449,2021-01-21,LIG,1109,385,724,677,431,1,ITC,ITC3,7,Liguria,Liguria,1550640,520538,33.57,0.07
3450,2021-08-20,LIG,9438,5032,4406,3139,6202,97,ITC,ITC3,7,Liguria,Liguria,1550640,529976,34.18,0.61
3451,2021-08-06,LIG,12223,6213,6010,3975,8129,119,ITC,ITC3,7,Liguria,Liguria,1550640,542199,34.97,0.79
3452,2021-02-04,LIG,2820,990,1830,177,2643,0,ITC,ITC3,7,Liguria,Liguria,1550640,545019,35.15,0.18
3453,2021-05-15,LIG,7325,3277,4048,4295,2964,66,ITC,ITC3,7,Liguria,Liguria,1550640,552344,35.62,0.47
3454,2021-02-21,LIG,868,490,378,862,4,2,ITC,ITC3,7,Liguria,Liguria,1550640,553212,35.68,0.06
3455,2021-08-15,LIG,1411,786,625,848,530,33,ITC,ITC3,7,Liguria,Liguria,1550640,554623,35.77,0.09
3456,2021-05-24,LIG,11895,5597,6298,9283,2512,100,ITC,ITC3,7,Liguria,Liguria,1550640,566518,36.53,0.77
3457,2021-05-07,LIG,13619,6050,7569,5707,7815,97,ITC,ITC3,7,Liguria,Liguria,1550640,580137,37.41,0.88
3458,2021-09-15,LIG,6119,3208,2911,2115,3887,117,ITC,ITC3,7,Liguria,Liguria,1550640,586256,37.81,0.39
3459,2021-02-13,LIG,1081,509,572,798,280,3,ITC,ITC3,7,Liguria,Liguria,1550640,587337,37.88,0.07
3460,2021-04-23,LIG,14699,6654,8045,8460,6130,109,ITC,ITC3,7,Liguria,Liguria,1550640,602036,38.83,0.95
3461,2021-03-11,LIG,6424,3103,3321,4358,2015,51,ITC,ITC3,7,Liguria,Liguria,1550640,608460,39.24,0.41
3462,2021-01-13,LIG,2762,1016,1746,2761,0,1,ITC,ITC3,7,Liguria,Liguria,1550640,611222,39.42,0.18
3463,2021-01-04,LIG,2625,857,1768,2624,0,1,ITC,ITC3,7,Liguria,Liguria,1550640,613847,39.59,0.17
3464,2021-08-03,LIG,14145,7226,6919,3966,10075,104,ITC,ITC3,7,Liguria,Liguria,1550640,627992,40.5,0.91
3465,2021-01-25,LIG,2735,894,1841,474,2260,1,ITC,ITC3,7,Liguria,Liguria,1550640,630727,40.68,0.18
3466,2021-05-05,LIG,13726,6143,7583,5177,8464,85,ITC,ITC3,7,Liguria,Liguria,1550640,644453,41.56,0.89
3467,2021-07-29,LIG,18012,9220,8792,4405,13521,86,ITC,ITC3,7,Liguria,Liguria,1550640,662465,42.72,1.16
3468,2021-01-30,LIG,1666,572,1094,22,1643,1,ITC,ITC3,7,Liguria,Liguria,1550640,664131,42.83,0.11
3469,2021-03-28,LIG,1141,510,631,381,752,8,ITC,ITC3,7,Liguria,Liguria,1550640,665272,42.9,0.07
3470,2021-08-29,LIG,738,420,318,173,562,3,ITC,ITC3,7,Liguria,Liguria,1550640,666010,42.95,0.05
3471,2021-02-06,LIG,1892,768,1124,145,1747,0,ITC,ITC3,7,Liguria,Liguria,1550640,667902,43.07,0.12
3472,2021-09-05,LIG,1014,569,445,271,738,5,ITC,ITC3,7,Liguria,Liguria,1550640,668916,43.14,0.07
3473,2021-01-14,LIG,2983,1056,1927,2982,0,1,ITC,ITC3,7,Liguria,Liguria,1550640,671899,43.33,0.19
3474,2021-03-12,LIG,6224,2875,3349,3690,2476,58,ITC,ITC3,7,Liguria,Liguria,1550640,678123,43.73,0.4
3475,2021-07-01,LIG,13577,6547,7030,7284,6179,114,ITC,ITC3,7,Liguria,Liguria,1550640,691700,44.61,0.88
3476,2021-05-19,LIG,13586,5966,7620,10326,3128,132,ITC,ITC3,7,Liguria,Liguria,1550640,705286,45.48,0.88
3477,2021-03-23,LIG,9298,4236,5062,5993,3219,86,ITC,ITC3,7,Liguria,Liguria,1550640,714584,46.08,0.6
3478,2021-08-27,LIG,9215,4917,4298,2826,6304,85,ITC,ITC3,7,Liguria,Liguria,1550640,723799,46.68,0.59
3479,2021-07-15,LIG,14794,7485,7309,5131,9518,145,ITC,ITC3,7,Liguria,Liguria,1550640,738593,47.63,0.95
3480,2021-06-07,LIG,15718,7670,8048,8612,7040,66,ITC,ITC3,7,Liguria,Liguria,1550640,754311,48.65,1.01
3481,2021-06-26,LIG,7230,3366,3864,4432,2724,74,ITC,ITC3,7,Liguria,Liguria,1550640,761541,49.11,0.47
3482,2021-07-10,LIG,6913,3488,3425,2725,4137,51,ITC,ITC3,7,Liguria,Liguria,1550640,768454,49.56,0.45
3483,2021-04-04,LIG,764,369,395,508,251,5,ITC,ITC3,7,Liguria,Liguria,1550640,769218,49.61,0.05
3484,2021-03-16,LIG,6092,2733,3359,2318,3735,39,ITC,ITC3,7,Liguria,Liguria,1550640,775310,50.0,0.39
3485,2021-09-17,LIG,1673,895,778,598,1055,20,ITC,ITC3,7,Liguria,Liguria,1550640,776983,50.11,0.11
3486,2021-01-11,LIG,2659,994,1665,2657,0,2,ITC,ITC3,7,Liguria,Liguria,1550640,779642,50.28,0.17
3487,2020-12-30,LIG,12,5,7,12,0,0,ITC,ITC3,7,Liguria,Liguria,1550640,779654,50.28,0.0
3488,2021-07-03,LIG,8829,4381,4448,5437,3331,61,ITC,ITC3,7,Liguria,Liguria,1550640,788483,50.85,0.57
3489,2021-04-11,LIG,4251,1930,2321,3958,249,44,ITC,ITC3,7,Liguria,Liguria,1550640,792734,51.12,0.27
3490,2021-07-20,LIG,13985,6886,7099,2703,11206,76,ITC,ITC3,7,Liguria,Liguria,1550640,806719,52.02,0.9
3491,2021-06-11,LIG,17875,9102,8773,11717,6083,75,ITC,ITC3,7,Liguria,Liguria,1550640,824594,53.18,1.15
3492,2021-04-15,LIG,11856,5243,6613,9891,1859,106,ITC,ITC3,7,Liguria,Liguria,1550640,836450,53.94,0.76
3493,2021-04-08,LIG,13799,6185,7614,11615,2049,135,ITC,ITC3,7,Liguria,Liguria,1550640,850249,54.83,0.89
3494,2021-09-12,LIG,116,68,48,67,48,1,ITC,ITC3,7,Liguria,Liguria,1550640,850365,54.84,0.01
3495,2021-08-10,LIG,13145,6562,6583,4284,8718,143,ITC,ITC3,7,Liguria,Liguria,1550640,863510,55.69,0.85
3496,2021-06-14,LIG,15170,7324,7846,8209,6883,78,ITC,ITC3,7,Liguria,Liguria,1550640,878680,56.67,0.98
3497,2021-02-25,LIG,3461,1351,2110,3308,130,23,ITC,ITC3,7,Liguria,Liguria,1550640,882141,56.89,0.22
3498,2021-02-01,LIG,2575,929,1646,101,2474,0,ITC,ITC3,7,Liguria,Liguria,1550640,884716,57.05,0.17
3499,2021-07-08,LIG,13686,6725,6961,6137,7433,116,ITC,ITC3,7,Liguria,Liguria,1550640,898402,57.94,0.88
3500,2021-05-12,LIG,12124,5492,6632,6613,5411,100,ITC,ITC3,7,Liguria,Liguria,1550640,910526,58.72,0.78
3501,2021-05-26,LIG,16701,8433,8268,12172,4383,146,ITC,ITC3,7,Liguria,Liguria,1550640,927227,59.8,1.08
3502,2021-03-30,LIG,12230,5432,6798,8752,3395,83,ITC,ITC3,7,Liguria,Liguria,1550640,939457,60.59,0.79
3503,2021-09-03,LIG,7368,4062,3306,2196,5090,82,ITC,ITC3,7,Liguria,Liguria,1550640,946825,61.06,0.48
3504,2021-06-21,LIG,14854,7043,7811,8498,6261,95,ITC,ITC3,7,Liguria,Liguria,1550640,961679,62.02,0.96
3505,2021-04-16,LIG,12024,5300,6724,10033,1833,158,ITC,ITC3,7,Liguria,Liguria,1550640,973703,62.79,0.78
3506,2021-01-06,LIG,1666,618,1048,1663,0,3,ITC,ITC3,7,Liguria,Liguria,1550640,975369,62.9,0.11
3507,2021-07-12,LIG,13462,6466,6996,4131,9248,83,ITC,ITC3,7,Liguria,Liguria,1550640,988831,63.77,0.87
3508,2021-01-10,LIG,651,264,387,647,0,4,ITC,ITC3,7,Liguria,Liguria,1550640,989482,63.81,0.04
3509,2021-04-20,LIG,14253,6523,7730,9742,4359,152,ITC,ITC3,7,Liguria,Liguria,1550640,1003735,64.73,0.92
3510,2021-04-18,LIG,2619,1165,1454,2094,470,55,ITC,ITC3,7,Liguria,Liguria,1550640,1006354,64.9,0.17
3511,2021-07-27,LIG,17446,8888,8558,4345,13008,93,ITC,ITC3,7,Liguria,Liguria,1550640,1023800,66.02,1.13
3512,2021-01-08,LIG,2941,1002,1939,2939,0,2,ITC,ITC3,7,Liguria,Liguria,1550640,1026741,66.21,0.19
3513,2021-01-27,LIG,1749,604,1145,139,1609,1,ITC,ITC3,7,Liguria,Liguria,1550640,1028490,66.33,0.11
3514,2021-05-21,LIG,12873,5967,6906,9605,3135,133,ITC,ITC3,7,Liguria,Liguria,1550640,1041363,67.16,0.83
3515,2021-07-17,LIG,6515,3359,3156,1795,4696,24,ITC,ITC3,7,Liguria,Liguria,1550640,1047878,67.58,0.42
3516,2021-07-31,LIG,8271,4417,3854,1308,6932,31,ITC,ITC3,7,Liguria,Liguria,1550640,1056149,68.11,0.53
3517,2021-06-04,LIG,14800,7267,7533,9222,5500,78,ITC,ITC3,7,Liguria,Liguria,1550640,1070949,69.06,0.95
3518,2021-02-17,LIG,2701,1185,1516,2254,435,12,ITC,ITC3,7,Liguria,Liguria,1550640,1073650,69.24,0.17
3519,2021-07-24,LIG,11613,6042,5571,2307,9250,56,ITC,ITC3,7,Liguria,Liguria,1550640,1085263,69.99,0.75
3520,2021-05-28,LIG,16326,8158,8168,11620,4562,144,ITC,ITC3,7,Liguria,Liguria,1550640,1101589,71.04,1.05
3521,2021-01-18,LIG,2146,749,1397,1987,157,2,ITC,ITC3,7,Liguria,Liguria,1550640,1103735,71.18,0.14
3522,2021-08-08,LIG,1207,650,557,542,659,6,ITC,ITC3,7,Liguria,Liguria,1550640,1104942,71.26,0.08
3523,2021-07-22,LIG,21461,10905,10556,4545,16795,121,ITC,ITC3,7,Liguria,Liguria,1550640,1126403,72.64,1.38
3524,2021-08-17,LIG,9861,5174,4687,3641,6119,101,ITC,ITC3,7,Liguria,Liguria,1550640,1136264,73.28,0.64
3525,2021-03-04,LIG,4743,2119,2624,3840,848,55,ITC,ITC3,7,Liguria,Liguria,1550640,1141007,73.58,0.31
3526,2021-06-12,LIG,10264,4993,5271,7442,2760,62,ITC,ITC3,7,Liguria,Liguria,1550640,1151271,74.24,0.66
3527,2021-04-30,LIG,14440,6453,7987,5773,8580,87,ITC,ITC3,7,Liguria,Liguria,1550640,1165711,75.18,0.93
3528,2021-06-28,LIG,11629,5628,6001,7208,4315,106,ITC,ITC3,7,Liguria,Liguria,1550640,1177340,75.93,0.75
3529,2021-03-20,LIG,2318,995,1323,1130,1175,13,ITC,ITC3,7,Liguria,Liguria,1550640,1179658,76.08,0.15
3530,2021-08-31,LIG,9552,5050,4502,2647,6840,65,ITC,ITC3,7,Liguria,Liguria,1550640,1189210,76.69,0.62
3531,2021-05-23,LIG,2310,1121,1189,1172,1124,14,ITC,ITC3,7,Liguria,Liguria,1550640,1191520,76.84,0.15
3532,2021-03-01,LIG,3541,1447,2094,3386,136,19,ITC,ITC3,7,Liguria,Liguria,1550640,1195061,77.07,0.23
3533,2021-06-09,LIG,19110,9592,9518,12439,6591,80,ITC,ITC3,7,Liguria,Liguria,1550640,1214171,78.3,1.23
3534,2021-02-27,LIG,1889,921,968,1756,129,4,ITC,ITC3,7,Liguria,Liguria,1550640,1216060,78.42,0.12
3535,2021-02-10,LIG,2325,840,1485,1017,1305,3,ITC,ITC3,7,Liguria,Liguria,1550640,1218385,78.57,0.15
3536,2021-08-14,LIG,3214,1718,1496,898,2298,18,ITC,ITC3,7,Liguria,Liguria,1550640,1221599,78.78,0.21
3537,2021-03-18,LIG,4992,2126,2866,1978,2984,30,ITC,ITC3,7,Liguria,Liguria,1550640,1226591,79.1,0.32
3538,2021-04-01,LIG,12442,5520,6922,9588,2776,78,ITC,ITC3,7,Liguria,Liguria,1550640,1239033,79.9,0.8
3539,2021-09-07,LIG,7803,4127,3676,2645,5062,96,ITC,ITC3,7,Liguria,Liguria,1550640,1246836,80.41,0.5
3540,2021-06-16,LIG,16416,7931,8485,9184,7138,94,ITC,ITC3,7,Liguria,Liguria,1550640,1263252,81.47,1.06
3541,2021-03-08,LIG,5631,2462,3169,3907,1692,32,ITC,ITC3,7,Liguria,Liguria,1550640,1268883,81.83,0.36
3542,2021-03-25,LIG,9786,4236,5550,6245,3397,144,ITC,ITC3,7,Liguria,Liguria,1550640,1278669,82.46,0.63
3543,2021-04-06,LIG,13268,5906,7362,10895,2266,107,ITC,ITC3,7,Liguria,Liguria,1550640,1291937,83.32,0.86
3544,2021-02-08,LIG,1983,744,1239,299,1684,0,ITC,ITC3,7,Liguria,Liguria,1550640,1293920,83.44,0.13
3545,2020-12-27,LIG,135,56,79,134,0,1,ITC,ITC3,7,Liguria,Liguria,1550640,1294055,83.45,0.01
3546,2021-04-03,LIG,5410,2500,2910,4436,944,30,ITC,ITC3,7,Liguria,Liguria,1550640,1299465,83.8,0.35
3547,2021-01-24,LIG,762,242,520,116,646,0,ITC,ITC3,7,Liguria,Liguria,1550640,1300227,83.85,0.05
3548,2021-09-02,LIG,8453,4505,3948,2846,5519,88,ITC,ITC3,7,Liguria,Liguria,1550640,1308680,84.4,0.55
3549,2021-06-08,LIG,18133,9047,9086,11387,6654,92,ITC,ITC3,7,Liguria,Liguria,1550640,1326813,85.57,1.17
3550,2021-09-16,LIG,5132,2684,2448,2113,2907,112,ITC,ITC3,7,Liguria,Liguria,1550640,1331945,85.9,0.33
3551,2021-03-17,LIG,5561,2371,3190,2456,3086,19,ITC,ITC3,7,Liguria,Liguria,1550640,1337506,86.26,0.36
3552,2021-06-25,LIG,13851,6622,7229,6850,6922,79,ITC,ITC3,7,Liguria,Liguria,1550640,1351357,87.15,0.89
3553,2021-08-26,LIG,9054,4737,4317,2616,6362,76,ITC,ITC3,7,Liguria,Liguria,1550640,1360411,87.73,0.58
3554,2021-06-30,LIG,15105,7208,7897,8182,6825,98,ITC,ITC3,7,Liguria,Liguria,1550640,1375516,88.71,0.97
3555,2021-01-15,LIG,2264,756,1508,2259,0,5,ITC,ITC3,7,Liguria,Liguria,1550640,1377780,88.85,0.15
3556,2021-04-25,LIG,1936,921,1015,1509,415,12,ITC,ITC3,7,Liguria,Liguria,1550640,1379716,88.98,0.12
3557,2021-03-13,LIG,3853,1638,2215,2964,859,30,ITC,ITC3,7,Liguria,Liguria,1550640,1383569,89.23,0.25
3558,2021-06-23,LIG,14352,6866,7486,9049,5210,93,ITC,ITC3,7,Liguria,Liguria,1550640,1397921,90.15,0.93
3559,2021-03-06,LIG,3308,1844,1464,2582,706,20,ITC,ITC3,7,Liguria,Liguria,1550640,1401229,90.36,0.21
3560,2021-01-22,LIG,1829,606,1223,1337,490,2,ITC,ITC3,7,Liguria,Liguria,1550640,1403058,90.48,0.12
3561,2021-05-02,LIG,3981,1837,2144,503,3472,6,ITC,ITC3,7,Liguria,Liguria,1550640,1407039,90.74,0.26
3562,2021-05-04,LIG,13663,6095,7568,5361,8236,66,ITC,ITC3,7,Liguria,Liguria,1550640,1420702,91.62,0.88
3563,2021-08-12,LIG,12544,6452,6092,4599,7853,92,ITC,ITC3,7,Liguria,Liguria,1550640,1433246,92.43,0.81
3564,2021-02-15,LIG,2265,840,1425,1853,400,12,ITC,ITC3,7,Liguria,Liguria,1550640,1435511,92.58,0.15
3565,2021-06-27,LIG,1951,896,1055,679,1254,18,ITC,ITC3,7,Liguria,Liguria,1550640,1437462,92.7,0.13
3566,2021-02-12,LIG,1941,691,1250,896,1044,1,ITC,ITC3,7,Liguria,Liguria,1550640,1439403,92.83,0.13
3567,2021-08-16,LIG,9930,5139,4791,3773,6052,105,ITC,ITC3,7,Liguria,Liguria,1550640,1449333,93.47,0.64
3568,2021-09-14,LIG,6335,3285,3050,2276,3957,102,ITC,ITC3,7,Liguria,Liguria,1550640,1455668,93.88,0.41
3569,2021-01-03,LIG,738,233,505,736,0,2,ITC,ITC3,7,Liguria,Liguria,1550640,1456406,93.92,0.05
3570,2021-07-26,LIG,17690,9026,8664,4702,12864,124,ITC,ITC3,7,Liguria,Liguria,1550640,1474096,95.06,1.14
3571,2021-01-07,LIG,3226,1096,2130,3223,0,3,ITC,ITC3,7,Liguria,Liguria,1550640,1477322,95.27,0.21
3572,2021-06-13,LIG,5643,2706,2937,5127,456,60,ITC,ITC3,7,Liguria,Liguria,1550640,1482965,95.64,0.36
3573,2021-04-17,LIG,7393,3219,4174,6580,755,58,ITC,ITC3,7,Liguria,Liguria,1550640,1490358,96.11,0.48
3574,2021-01-01,LIG,146,56,90,146,0,0,ITC,ITC3,7,Liguria,Liguria,1550640,1490504,96.12,0.01
3575,2021-03-27,LIG,3936,1550,2386,2515,1398,23,ITC,ITC3,7,Liguria,Liguria,1550640,1494440,96.38,0.25
3576,2021-07-05,LIG,11933,5779,6154,5294,6551,88,ITC,ITC3,7,Liguria,Liguria,1550640,1506373,97.15,0.77
3577,2021-04-13,LIG,13089,5875,7214,10948,2029,112,ITC,ITC3,7,Liguria,Liguria,1550640,1519462,97.99,0.84
3578,2021-01-05,LIG,2880,896,1984,2880,0,0,ITC,ITC3,7,Liguria,Liguria,1550640,1522342,98.18,0.19
3579,2021-03-03,LIG,4587,1850,2737,3446,1031,110,ITC,ITC3,7,Liguria,Liguria,1550640,1526929,98.47,0.3
3580,2021-08-04,LIG,13868,6982,6886,3252,10504,112,ITC,ITC3,7,Liguria,Liguria,1550640,1540797,99.37,0.89
3581,2021-02-14,LIG,233,122,111,233,0,0,ITC,ITC3,7,Liguria,Liguria,1550640,1541030,99.38,0.02
3582,2021-05-25,LIG,14282,6960,7322,10958,3197,127,ITC,ITC3,7,Liguria,Liguria,1550640,1555312,100.3,0.92
3583,2021-09-04,LIG,3020,1684,1336,877,2115,28,ITC,ITC3,7,Liguria,Liguria,1550640,1558332,100.5,0.19
3584,2021-03-22,LIG,7761,3477,4284,4745,2943,73,ITC,ITC3,7,Liguria,Liguria,1550640,1566093,101.0,0.5
3585,2021-02-07,LIG,407,153,254,2,405,0,ITC,ITC3,7,Liguria,Liguria,1550640,1566500,101.02,0.03
3586,2021-05-09,LIG,2827,1245,1582,1085,1712,30,ITC,ITC3,7,Liguria,Liguria,1550640,1569327,101.21,0.18
3587,2021-01-29,LIG,3101,1070,2031,63,3038,0,ITC,ITC3,7,Liguria,Liguria,1550640,1572428,101.41,0.2
3588,2021-01-20,LIG,1560,557,1003,1547,12,1,ITC,ITC3,7,Liguria,Liguria,1550640,1573988,101.51,0.1
3589,2021-08-19,LIG,9839,5180,4659,2711,7021,107,ITC,ITC3,7,Liguria,Liguria,1550640,1583827,102.14,0.63
3590,2021-07-14,LIG,11528,5675,5853,3402,8042,84,ITC,ITC3,7,Liguria,Liguria,1550640,1595355,102.88,0.74
3591,2021-07-28,LIG,18491,9526,8965,5799,12555,137,ITC,ITC3,7,Liguria,Liguria,1550640,1613846,104.08,1.19
3592,2021-05-06,LIG,14544,6447,8097,6072,8343,129,ITC,ITC3,7,Liguria,Liguria,1550640,1628390,105.01,0.94
3593,2021-01-26,LIG,2490,809,1681,16,2474,0,ITC,ITC3,7,Liguria,Liguria,1550640,1630880,105.17,0.16
3594,2021-03-15,LIG,7371,3123,4248,4501,2822,48,ITC,ITC3,7,Liguria,Liguria,1550640,1638251,105.65,0.48
3595,2021-08-21,LIG,3078,1674,1404,904,2126,48,ITC,ITC3,7,Liguria,Liguria,1550640,1641329,105.85,0.2
3596,2021-05-13,LIG,13328,6093,7235,8894,4273,161,ITC,ITC3,7,Liguria,Liguria,1550640,1654657,106.71,0.86
3597,2021-02-19,LIG,3224,1308,1916,3034,176,14,ITC,ITC3,7,Liguria,Liguria,1550640,1657881,106.92,0.21
3598,2021-05-30,LIG,3311,1616,1695,1339,1949,23,ITC,ITC3,7,Liguria,Liguria,1550640,1661192,107.13,0.21
3599,2021-08-23,LIG,10579,5520,5059,3532,6932,115,ITC,ITC3,7,Liguria,Liguria,1550640,1671771,107.81,0.68
3600,2021-06-01,LIG,16356,8237,8119,10907,5377,72,ITC,ITC3,7,Liguria,Liguria,1550640,1688127,108.87,1.05
3601,2021-09-09,LIG,7741,4138,3603,2536,5092,113,ITC,ITC3,7,Liguria,Liguria,1550640,1695868,109.37,0.5
3602,2021-06-18,LIG,15428,7510,7918,8108,7225,95,ITC,ITC3,7,Liguria,Liguria,1550640,1711296,110.36,0.99
3603,2021-03-10,LIG,5924,2868,3056,3952,1917,55,ITC,ITC3,7,Liguria,Liguria,1550640,1717220,110.74,0.38
3604,2021-05-01,LIG,7154,3260,3894,1313,5810,31,ITC,ITC3,7,Liguria,Liguria,1550640,1724374,111.2,0.46
3605,2021-03-05,LIG,4876,2155,2721,3692,1137,47,ITC,ITC3,7,Liguria,Liguria,1550640,1729250,111.52,0.31
3606,2021-08-09,LIG,12011,6110,5901,4344,7535,132,ITC,ITC3,7,Liguria,Liguria,1550640,1741261,112.29,0.77
3607,2021-06-06,LIG,3814,2032,1782,2933,862,19,ITC,ITC3,7,Liguria,Liguria,1550640,1745075,112.54,0.25
3608,2021-04-24,LIG,8221,3798,4423,4984,3155,82,ITC,ITC3,7,Liguria,Liguria,1550640,1753296,113.07,0.53
3609,2021-02-26,LIG,3772,1526,2246,3418,329,25,ITC,ITC3,7,Liguria,Liguria,1550640,1757068,113.31,0.24
3610,2021-08-02,LIG,13118,6522,6596,2966,10066,86,ITC,ITC3,7,Liguria,Liguria,1550640,1770186,114.16,0.85
3611,2021-06-20,LIG,1336,658,678,1045,275,16,ITC,ITC3,7,Liguria,Liguria,1550640,1771522,114.24,0.09
3612,2021-02-24,LIG,3769,1562,2207,3458,259,52,ITC,ITC3,7,Liguria,Liguria,1550640,1775291,114.49,0.24
3613,2020-12-29,LIG,125,33,92,125,0,0,ITC,ITC3,7,Liguria,Liguria,1550640,1775416,114.5,0.01
3614,2021-01-12,LIG,2476,890,1586,2475,0,1,ITC,ITC3,7,Liguria,Liguria,1550640,1777892,114.66,0.16
3615,2021-04-22,LIG,13882,6217,7665,8656,5092,134,ITC,ITC3,7,Liguria,Liguria,1550640,1791774,115.55,0.9
3616,2021-07-09,LIG,12851,6335,6516,4169,8597,85,ITC,ITC3,7,Liguria,Liguria,1550640,1804625,116.38,0.83
3617,2021-04-05,LIG,3985,1757,2228,2313,1651,21,ITC,ITC3,7,Liguria,Liguria,1550640,1808610,116.64,0.26
3618,2021-07-16,LIG,12635,6227,6408,3132,9439,64,ITC,ITC3,7,Liguria,Liguria,1550640,1821245,117.45,0.81
3619,2021-09-11,LIG,2167,1185,982,853,1282,32,ITC,ITC3,7,Liguria,Liguria,1550640,1823412,117.59,0.14
3620,2021-05-11,LIG,13943,6400,7543,7198,6632,113,ITC,ITC3,7,Liguria,Liguria,1550640,1837355,118.49,0.9
3621,2021-05-18,LIG,13503,6136,7367,10059,3316,128,ITC,ITC3,7,Liguria,Liguria,1550640,1850858,119.36,0.87
3622,2021-08-28,LIG,4131,2337,1794,1005,3099,27,ITC,ITC3,7,Liguria,Liguria,1550640,1854989,119.63,0.27
3623,2021-05-20,LIG,12951,6009,6942,8790,4040,121,ITC,ITC3,7,Liguria,Liguria,1550640,1867940,120.46,0.84
3624,2021-03-29,LIG,10594,4629,5965,7364,3135,95,ITC,ITC3,7,Liguria,Liguria,1550640,1878534,121.15,0.68
3625,2021-01-31,LIG,625,271,354,4,621,0,ITC,ITC3,7,Liguria,Liguria,1550640,1879159,121.19,0.04
3626,2021-07-07,LIG,11809,5654,6155,4922,6805,82,ITC,ITC3,7,Liguria,Liguria,1550640,1890968,121.95,0.76
3627,2021-09-10,LIG,6927,3694,3233,1954,4867,106,ITC,ITC3,7,Liguria,Liguria,1550640,1897895,122.39,0.45
3628,2021-06-02,LIG,8545,4349,4196,5335,3177,33,ITC,ITC3,7,Liguria,Liguria,1550640,1906440,122.95,0.55
3629,2021-06-19,LIG,7418,3777,3641,5687,1675,56,ITC,ITC3,7,Liguria,Liguria,1550640,1913858,123.42,0.48
3630,2021-02-18,LIG,2772,1128,1644,2425,339,8,ITC,ITC3,7,Liguria,Liguria,1550640,1916630,123.6,0.18
3631,2021-05-14,LIG,13164,5871,7293,8638,4352,174,ITC,ITC3,7,Liguria,Liguria,1550640,1929794,124.45,0.85
3632,2021-08-22,LIG,760,441,319,173,579,8,ITC,ITC3,7,Liguria,Liguria,1550640,1930554,124.5,0.05
3633,2021-05-31,LIG,14754,7396,7358,9124,5547,83,ITC,ITC3,7,Liguria,Liguria,1550640,1945308,125.45,0.95
3634,2021-03-09,LIG,5942,2757,3185,4450,1434,58,ITC,ITC3,7,Liguria,Liguria,1550640,1951250,125.84,0.38
3635,2021-02-20,LIG,1338,639,699,1335,1,2,ITC,ITC3,7,Liguria,Liguria,1550640,1952588,125.92,0.09
3636,2021-08-07,LIG,5210,2662,2548,1126,4059,25,ITC,ITC3,7,Liguria,Liguria,1550640,1957798,126.26,0.34
3637,2021-05-16,LIG,3713,1864,1849,2119,1567,27,ITC,ITC3,7,Liguria,Liguria,1550640,1961511,126.5,0.24
3638,2021-08-24,LIG,8742,4535,4207,2902,5742,98,ITC,ITC3,7,Liguria,Liguria,1550640,1970253,127.06,0.56
3639,2021-02-22,LIG,3349,1479,1870,3197,143,9,ITC,ITC3,7,Liguria,Liguria,1550640,1973602,127.28,0.22
3640,2021-07-19,LIG,12113,6038,6075,3316,8702,95,ITC,ITC3,7,Liguria,Liguria,1550640,1985715,128.06,0.78
3641,2021-08-05,LIG,14262,7367,6895,4112,10057,93,ITC,ITC3,7,Liguria,Liguria,1550640,1999977,128.98,0.92
3642,2021-04-27,LIG,14825,6701,8124,7144,7613,68,ITC,ITC3,7,Liguria,Liguria,1550640,2014802,129.93,0.96
3643,2021-02-03,LIG,2321,792,1529,51,2270,0,ITC,ITC3,7,Liguria,Liguria,1550640,2017123,130.08,0.15
3644,2021-07-21,LIG,19217,9523,9694,3797,15329,91,ITC,ITC3,7,Liguria,Liguria,1550640,2036340,131.32,1.24
3645,2021-04-29,LIG,15597,6983,8614,6645,8858,94,ITC,ITC3,7,Liguria,Liguria,1550640,2051937,132.33,1.01
3646,2021-04-12,LIG,12396,5480,6916,10277,2023,96,ITC,ITC3,7,Liguria,Liguria,1550640,2064333,133.13,0.8
3647,2021-01-19,LIG,1375,440,935,1281,90,4,ITC,ITC3,7,Liguria,Liguria,1550640,2065708,133.22,0.09
3648,2021-02-05,LIG,2740,994,1746,299,2440,1,ITC,ITC3,7,Liguria,Liguria,1550640,2068448,133.39,0.18
3649,2021-03-24,LIG,9195,4040,5155,5819,3293,83,ITC,ITC3,7,Liguria,Liguria,1550640,2077643,133.99,0.59
3650,2021-07-02,LIG,13002,6377,6625,6361,6527,114,ITC,ITC3,7,Liguria,Liguria,1550640,2090645,134.82,0.84
3651,2020-12-31,LIG,991,352,639,991,0,0,ITC,ITC3,7,Liguria,Liguria,1550640,2091636,134.89,0.06
3652,2021-04-10,LIG,7895,3564,4331,6906,914,75,ITC,ITC3,7,Liguria,Liguria,1550640,2099531,135.4,0.51
3653,2021-01-17,LIG,866,301,565,865,0,1,ITC,ITC3,7,Liguria,Liguria,1550640,2100397,135.45,0.06
3654,2021-06-20,PAB,5250,2854,2396,592,4604,54,ITH,ITH1,4,Provincia Autonoma Bolzano / Bozen,P.A. Bolzano,533050,5250,0.98,0.98
3655,2021-02-07,PAB,2680,1186,1494,330,2350,0,ITH,ITH1,4,Provincia Autonoma Bolzano / Bozen,P.A. Bolzano,533050,7930,1.49,0.5
3656,2021-05-18,PAB,3364,1765,1599,2078,1191,95,ITH,ITH1,4,Provincia Autonoma Bolzano / Bozen,P.A. Bolzano,533050,11294,2.12,0.63
3657,2021-06-06,PAB,4553,2189,2364,810,3693,50,ITH,ITH1,4,Provincia Autonoma Bolzano / Bozen,P.A. Bolzano,533050,15847,2.97,0.85
3658,2021-02-26,PAB,1528,551,977,1471,30,27,ITH,ITH1,4,Provincia Autonoma Bolzano / Bozen,P.A. Bolzano,533050,17375,3.26,0.29
3659,2021-09-09,PAB,1686,852,834,685,964,37,ITH,ITH1,4,Provincia Autonoma Bolzano / Bozen,P.A. Bolzano,533050,19061,3.58,0.32
3660,2021-06-01,PAB,3677,2385,1292,2053,1479,145,ITH,ITH1,4,Provincia Autonoma Bolzano / Bozen,P.A. Bolzano,533050,22738,4.27,0.69
3661,2021-08-23,PAB,2128,1202,926,766,1326,36,ITH,ITH1,4,Provincia Autonoma Bolzano / Bozen,P.A. Bolzano,533050,24866,4.66,0.4
3662,2021-05-20,PAB,4975,2502,2473,3340,1480,155,ITH,ITH1,4,Provincia Autonoma Bolzano / Bozen,P.A. Bolzano,533050,29841,5.6,0.93
3663,2021-08-11,PAB,1206,607,599,669,487,50,ITH,ITH1,4,Provincia Autonoma Bolzano / Bozen,P.A. Bolzano,533050,31047,5.82,0.23
3664,2021-08-28,PAB,3269,1838,1431,1013,2213,43,ITH,ITH1,4,Provincia Autonoma Bolzano / Bozen,P.A. Bolzano,533050,34316,6.44,0.61
3665,2021-09-11,PAB,931,509,422,348,555,28,ITH,ITH1,4,Provincia Autonoma Bolzano / Bozen,P.A. Bolzano,533050,35247,6.61,0.17
3666,2021-07-16,PAB,4513,2449,2064,1030,3319,164,ITH,ITH1,4,Provincia Autonoma Bolzano / Bozen,P.A. Bolzano,533050,39760,7.46,0.85
3667,2021-04-24,PAB,5119,2458,2661,4303,488,328,ITH,ITH1,4,Provincia Autonoma Bolzano / Bozen,P.A. Bolzano,533050,44879,8.42,0.96
3668,2021-08-02,PAB,2133,1278,855,1165,875,93,ITH,ITH1,4,Provincia Autonoma Bolzano / Bozen,P.A. Bolzano,533050,47012,8.82,0.4
3669,2021-07-14,PAB,873,453,420,457,361,55,ITH,ITH1,4,Provincia Autonoma Bolzano / Bozen,P.A. Bolzano,533050,47885,8.98,0.16
3670,2021-04-05,PAB,304,147,157,23,280,1,ITH,ITH1,4,Provincia Autonoma Bolzano / Bozen,P.A. Bolzano,533050,48189,9.04,0.06
3671,2021-06-27,PAB,4429,2315,2114,567,3810,52,ITH,ITH1,4,Provincia Autonoma Bolzano / Bozen,P.A. Bolzano,533050,52618,9.87,0.83
3672,2021-01-12,PAB,1712,461,1251,1712,0,0,ITH,ITH1,4,Provincia Autonoma Bolzano / Bozen,P.A. Bolzano,533050,54330,10.19,0.32
3673,2021-01-26,PAB,810,291,519,1,809,0,ITH,ITH1,4,Provincia Autonoma Bolzano / Bozen,P.A. Bolzano,533050,55140,10.34,0.15
3674,2021-07-02,PAB,3202,1658,1544,844,2171,187,ITH,ITH1,4,Provincia Autonoma Bolzano / Bozen,P.A. Bolzano,533050,58342,10.94,0.6
3675,2021-03-24,PAB,2068,1003,1065,2002,13,53,ITH,ITH1,4,Provincia Autonoma Bolzano / Bozen,P.A. Bolzano,533050,60410,11.33,0.39
3676,2021-03-10,PAB,1277,537,740,1083,144,50,ITH,ITH1,4,Provincia Autonoma Bolzano / Bozen,P.A. Bolzano,533050,61687,11.57,0.24
3677,2021-03-22,PAB,1159,527,632,1112,17,30,ITH,ITH1,4,Provincia Autonoma Bolzano / Bozen,P.A. Bolzano,533050,62846,11.79,0.22
3678,2021-02-12,PAB,730,217,513,464,248,18,ITH,ITH1,4,Provincia Autonoma Bolzano / Bozen,P.A. Bolzano,533050,63576,11.93,0.14
3679,2021-04-10,PAB,5416,2673,2743,4658,590,168,ITH,ITH1,4,Provincia Autonoma Bolzano / Bozen,P.A. Bolzano,533050,68992,12.94,1.02
3680,2020-12-31,PAB,929,528,401,929,0,0,ITH,ITH1,4,Provincia Autonoma Bolzano / Bozen,P.A. Bolzano,533050,69921,13.12,0.17
3681,2021-04-19,PAB,1876,860,1016,1604,182,90,ITH,ITH1,4,Provincia Autonoma Bolzano / Bozen,P.A. Bolzano,533050,71797,13.47,0.35
3682,2021-06-15,PAB,2045,1184,861,480,1534,31,ITH,ITH1,4,Provincia Autonoma Bolzano / Bozen,P.A. Bolzano,533050,73842,13.85,0.38
3683,2021-07-28,PAB,1439,785,654,841,497,101,ITH,ITH1,4,Provincia Autonoma Bolzano / Bozen,P.A. Bolzano,533050,75281,14.12,0.27
3684,2021-08-09,PAB,1542,862,680,1065,413,64,ITH,ITH1,4,Provincia Autonoma Bolzano / Bozen,P.A. Bolzano,533050,76823,14.41,0.29
3685,2021-05-01,PAB,2105,1067,1038,1811,160,134,ITH,ITH1,4,Provincia Autonoma Bolzano / Bozen,P.A. Bolzano,533050,78928,14.81,0.39
3686,2021-03-12,PAB,1668,736,932,1222,413,33,ITH,ITH1,4,Provincia Autonoma Bolzano / Bozen,P.A. Bolzano,533050,80596,15.12,0.31
3687,2021-03-29,PAB,1173,500,673,391,761,21,ITH,ITH1,4,Provincia Autonoma Bolzano / Bozen,P.A. Bolzano,533050,81769,15.34,0.22
3688,2021-02-19,PAB,2252,512,1740,2193,11,48,ITH,ITH1,4,Provincia Autonoma Bolzano / Bozen,P.A. Bolzano,533050,84021,15.76,0.42
3689,2021-08-04,PAB,3811,2017,1794,2640,978,193,ITH,ITH1,4,Provincia Autonoma Bolzano / Bozen,P.A. Bolzano,533050,87832,16.48,0.71
3690,2021-09-16,PAB,1310,657,653,748,543,19,ITH,ITH1,4,Provincia Autonoma Bolzano / Bozen,P.A. Bolzano,533050,89142,16.72,0.25
3691,2021-07-09,PAB,5228,2613,2615,884,4169,175,ITH,ITH1,4,Provincia Autonoma Bolzano / Bozen,P.A. Bolzano,533050,94370,17.7,0.98
3692,2021-03-31,PAB,1836,696,1140,729,1014,93,ITH,ITH1,4,Provincia Autonoma Bolzano / Bozen,P.A. Bolzano,533050,96206,18.05,0.34
3693,2021-07-23,PAB,4359,2377,1982,1668,2391,300,ITH,ITH1,4,Provincia Autonoma Bolzano / Bozen,P.A. Bolzano,533050,100565,18.87,0.82
3694,2021-01-05,PAB,830,286,544,829,0,1,ITH,ITH1,4,Provincia Autonoma Bolzano / Bozen,P.A. Bolzano,533050,101395,19.02,0.16
3695,2021-01-24,PAB,12,10,2,0,12,0,ITH,ITH1,4,Provincia Autonoma Bolzano / Bozen,P.A. Bolzano,533050,101407,19.02,0.0
3696,2021-07-04,PAB,4424,2132,2292,157,4236,31,ITH,ITH1,4,Provincia Autonoma Bolzano / Bozen,P.A. Bolzano,533050,105831,19.85,0.83
3697,2021-08-30,PAB,2142,1127,1015,810,1294,38,ITH,ITH1,4,Provincia Autonoma Bolzano / Bozen,P.A. Bolzano,533050,107973,20.26,0.4
3698,2021-06-29,PAB,1894,1021,873,245,1627,22,ITH,ITH1,4,Provincia Autonoma Bolzano / Bozen,P.A. Bolzano,533050,109867,20.61,0.36
3699,2021-04-17,PAB,5255,2609,2646,4966,44,245,ITH,ITH1,4,Provincia Autonoma Bolzano / Bozen,P.A. Bolzano,533050,115122,21.6,0.99
3700,2021-01-07,PAB,921,329,592,921,0,0,ITH,ITH1,4,Provincia Autonoma Bolzano / Bozen,P.A. Bolzano,533050,116043,21.77,0.17
3701,2021-07-21,PAB,3220,1882,1338,509,2644,67,ITH,ITH1,4,Provincia Autonoma Bolzano / Bozen,P.A. Bolzano,533050,119263,22.37,0.6
3702,2021-04-12,PAB,2110,948,1162,2030,6,74,ITH,ITH1,4,Provincia Autonoma Bolzano / Bozen,P.A. Bolzano,533050,121373,22.77,0.4
3703,2021-05-06,PAB,5191,2752,2439,2365,2571,255,ITH,ITH1,4,Provincia Autonoma Bolzano / Bozen,P.A. Bolzano,533050,126564,23.74,0.97
3704,2021-03-17,PAB,582,213,369,546,1,35,ITH,ITH1,4,Provincia Autonoma Bolzano / Bozen,P.A. Bolzano,533050,127146,23.85,0.11
3705,2021-08-21,PAB,1705,917,788,588,1075,42,ITH,ITH1,4,Provincia Autonoma Bolzano / Bozen,P.A. Bolzano,533050,128851,24.17,0.32
3706,2021-05-13,PAB,3005,1360,1645,1020,1934,51,ITH,ITH1,4,Provincia Autonoma Bolzano / Bozen,P.A. Bolzano,533050,131856,24.74,0.56
3707,2021-04-29,PAB,2643,1358,1285,1750,699,194,ITH,ITH1,4,Provincia Autonoma Bolzano / Bozen,P.A. Bolzano,533050,134499,25.23,0.5
3708,2021-09-04,PAB,1359,715,644,573,748,38,ITH,ITH1,4,Provincia Autonoma Bolzano / Bozen,P.A. Bolzano,533050,135858,25.49,0.25
3709,2021-03-05,PAB,1843,627,1216,1386,443,14,ITH,ITH1,4,Provincia Autonoma Bolzano / Bozen,P.A. Bolzano,533050,137701,25.83,0.35
3710,2021-05-27,PAB,6214,3278,2936,3885,2017,312,ITH,ITH1,4,Provincia Autonoma Bolzano / Bozen,P.A. Bolzano,533050,143915,27.0,1.17
3711,2021-06-13,PAB,3690,2056,1634,452,3198,40,ITH,ITH1,4,Provincia Autonoma Bolzano / Bozen,P.A. Bolzano,533050,147605,27.69,0.69
3712,2021-05-25,PAB,3898,2024,1874,2903,888,107,ITH,ITH1,4,Provincia Autonoma Bolzano / Bozen,P.A. Bolzano,533050,151503,28.42,0.73
3713,2021-02-14,PAB,299,131,168,297,2,0,ITH,ITH1,4,Provincia Autonoma Bolzano / Bozen,P.A. Bolzano,533050,151802,28.48,0.06
3714,2021-08-16,PAB,1965,1115,850,823,1085,57,ITH,ITH1,4,Provincia Autonoma Bolzano / Bozen,P.A. Bolzano,533050,153767,28.85,0.37
3715,2021-05-08,PAB,4430,2383,2047,3565,664,201,ITH,ITH1,4,Provincia Autonoma Bolzano / Bozen,P.A. Bolzano,533050,158197,29.68,0.83
3716,2021-08-08,PAB,1876,1024,852,951,856,69,ITH,ITH1,4,Provincia Autonoma Bolzano / Bozen,P.A. Bolzano,533050,160073,30.03,0.35
3717,2021-01-21,PAB,969,452,517,140,829,0,ITH,ITH1,4,Provincia Autonoma Bolzano / Bozen,P.A. Bolzano,533050,161042,30.21,0.18
3718,2021-07-25,PAB,1892,1127,765,659,1146,87,ITH,ITH1,4,Provincia Autonoma Bolzano / Bozen,P.A. Bolzano,533050,162934,30.57,0.35
3719,2021-06-08,PAB,4267,2185,2082,890,3346,31,ITH,ITH1,4,Provincia Autonoma Bolzano / Bozen,P.A. Bolzano,533050,167201,31.37,0.8
3720,2021-08-06,PAB,3642,1918,1724,1111,2430,101,ITH,ITH1,4,Provincia Autonoma Bolzano / Bozen,P.A. Bolzano,533050,170843,32.05,0.68
3721,2021-04-28,PAB,2469,1307,1162,2256,5,208,ITH,ITH1,4,Provincia Autonoma Bolzano / Bozen,P.A. Bolzano,533050,173312,32.51,0.46
3722,2021-01-23,PAB,197,117,80,0,197,0,ITH,ITH1,4,Provincia Autonoma Bolzano / Bozen,P.A. Bolzano,533050,173509,32.55,0.04
3723,2021-08-25,PAB,2745,1458,1287,778,1916,51,ITH,ITH1,4,Provincia Autonoma Bolzano / Bozen,P.A. Bolzano,533050,176254,33.07,0.51
3724,2021-05-03,PAB,1838,851,987,398,1419,21,ITH,ITH1,4,Provincia Autonoma Bolzano / Bozen,P.A. Bolzano,533050,178092,33.41,0.34
3725,2021-02-23,PAB,769,324,445,760,6,3,ITH,ITH1,4,Provincia Autonoma Bolzano / Bozen,P.A. Bolzano,533050,178861,33.55,0.14
3726,2021-05-17,PAB,3154,1525,1629,2279,697,178,ITH,ITH1,4,Provincia Autonoma Bolzano / Bozen,P.A. Bolzano,533050,182015,34.15,0.59
3727,2021-06-03,PAB,4890,2663,2227,3677,972,241,ITH,ITH1,4,Provincia Autonoma Bolzano / Bozen,P.A. Bolzano,533050,186905,35.06,0.92
3728,2021-05-15,PAB,7021,3697,3324,6323,294,404,ITH,ITH1,4,Provincia Autonoma Bolzano / Bozen,P.A. Bolzano,533050,193926,36.38,1.32
3729,2021-02-04,PAB,1968,598,1370,8,1960,0,ITH,ITH1,4,Provincia Autonoma Bolzano / Bozen,P.A. Bolzano,533050,195894,36.75,0.37
3730,2021-07-11,PAB,6076,3095,2981,1057,4880,139,ITH,ITH1,4,Provincia Autonoma Bolzano / Bozen,P.A. Bolzano,533050,201970,37.89,1.14
3731,2021-04-02,PAB,2090,841,1249,590,1357,143,ITH,ITH1,4,Provincia Autonoma Bolzano / Bozen,P.A. Bolzano,533050,204060,38.28,0.39
3732,2021-09-06,PAB,1128,582,546,565,534,29,ITH,ITH1,4,Provincia Autonoma Bolzano / Bozen,P.A. Bolzano,533050,205188,38.49,0.21
3733,2021-05-29,PAB,7341,3908,3433,4030,3144,167,ITH,ITH1,4,Provincia Autonoma Bolzano / Bozen,P.A. Bolzano,533050,212529,39.87,1.38
3734,2021-03-26,PAB,1663,737,926,505,1136,22,ITH,ITH1,4,Provincia Autonoma Bolzano / Bozen,P.A. Bolzano,533050,214192,40.18,0.31
3735,2021-04-09,PAB,2942,1303,1639,1946,730,266,ITH,ITH1,4,Provincia Autonoma Bolzano / Bozen,P.A. Bolzano,533050,217134,40.73,0.55
3736,2021-05-22,PAB,6844,3572,3272,4462,2169,213,ITH,ITH1,4,Provincia Autonoma Bolzano / Bozen,P.A. Bolzano,533050,223978,42.02,1.28
3737,2021-02-11,PAB,1096,433,663,238,857,1,ITH,ITH1,4,Provincia Autonoma Bolzano / Bozen,P.A. Bolzano,533050,225074,42.22,0.21
3738,2021-07-18,PAB,1871,1033,838,636,1150,85,ITH,ITH1,4,Provincia Autonoma Bolzano / Bozen,P.A. Bolzano,533050,226945,42.57,0.35
3739,2021-01-19,PAB,853,371,482,723,130,0,ITH,ITH1,4,Provincia Autonoma Bolzano / Bozen,P.A. Bolzano,533050,227798,42.73,0.16
3740,2021-06-25,PAB,4179,2308,1871,1020,3014,145,ITH,ITH1,4,Provincia Autonoma Bolzano / Bozen,P.A. Bolzano,533050,231977,43.52,0.78
3741,2021-02-09,PAB,317,126,191,1,316,0,ITH,ITH1,4,Provincia Autonoma Bolzano / Bozen,P.A. Bolzano,533050,232294,43.58,0.06
3742,2021-09-08,PAB,517,274,243,248,261,8,ITH,ITH1,4,Provincia Autonoma Bolzano / Bozen,P.A. Bolzano,533050,232811,43.68,0.1
3743,2021-07-13,PAB,3384,1732,1652,1282,1930,172,ITH,ITH1,4,Provincia Autonoma Bolzano / Bozen,P.A. Bolzano,533050,236195,44.31,0.63
3744,2021-09-13,PAB,1169,642,527,668,452,49,ITH,ITH1,4,Provincia Autonoma Bolzano / Bozen,P.A. Bolzano,533050,237364,44.53,0.22
3745,2021-06-05,PAB,6087,3035,3052,4687,1097,303,ITH,ITH1,4,Provincia Autonoma Bolzano / Bozen,P.A. Bolzano,533050,243451,45.67,1.14
3746,2021-07-06,PAB,1724,926,798,666,983,75,ITH,ITH1,4,Provincia Autonoma Bolzano / Bozen,P.A. Bolzano,533050,245175,45.99,0.32
3747,2021-06-22,PAB,2471,1423,1048,316,2126,29,ITH,ITH1,4,Provincia Autonoma Bolzano / Bozen,P.A. Bolzano,533050,247646,46.46,0.46
3748,2021-03-14,PAB,758,336,422,24,733,1,ITH,ITH1,4,Provincia Autonoma Bolzano / Bozen,P.A. Bolzano,533050,248404,46.6,0.14
3749,2021-04-14,PAB,3603,1650,1953,3232,95,276,ITH,ITH1,4,Provincia Autonoma Bolzano / Bozen,P.A. Bolzano,533050,252007,47.28,0.68
3750,2021-01-04,PAB,510,201,309,510,0,0,ITH,ITH1,4,Provincia Autonoma Bolzano / Bozen,P.A. Bolzano,533050,252517,47.37,0.1
3751,2021-03-03,PAB,1181,395,786,1162,13,6,ITH,ITH1,4,Provincia Autonoma Bolzano / Bozen,P.A. Bolzano,533050,253698,47.59,0.22
3752,2021-08-20,PAB,3930,2072,1858,873,2972,85,ITH,ITH1,4,Provincia Autonoma Bolzano / Bozen,P.A. Bolzano,533050,257628,48.33,0.74
3753,2021-09-17,PAB,719,385,334,146,573,0,ITH,ITH1,4,Provincia Autonoma Bolzano / Bozen,P.A. Bolzano,533050,258347,48.47,0.13
3754,2021-02-18,PAB,1838,457,1381,1810,7,21,ITH,ITH1,4,Provincia Autonoma Bolzano / Bozen,P.A. Bolzano,533050,260185,48.81,0.34
3755,2021-03-07,PAB,440,150,290,19,420,1,ITH,ITH1,4,Provincia Autonoma Bolzano / Bozen,P.A. Bolzano,533050,260625,48.89,0.08
3756,2021-07-30,PAB,5303,2844,2459,3326,1543,434,ITH,ITH1,4,Provincia Autonoma Bolzano / Bozen,P.A. Bolzano,533050,265928,49.89,0.99
3757,2021-04-21,PAB,3017,1470,1547,2039,848,130,ITH,ITH1,4,Provincia Autonoma Bolzano / Bozen,P.A. Bolzano,533050,268945,50.45,0.57
3758,2021-06-24,PAB,3946,2042,1904,1554,2204,188,ITH,ITH1,4,Provincia Autonoma Bolzano / Bozen,P.A. Bolzano,533050,272891,51.19,0.74
3759,2021-01-09,PAB,612,326,286,612,0,0,ITH,ITH1,4,Provincia Autonoma Bolzano / Bozen,P.A. Bolzano,533050,273503,51.31,0.11
3760,2021-02-02,PAB,1752,509,1243,8,1744,0,ITH,ITH1,4,Provincia Autonoma Bolzano / Bozen,P.A. Bolzano,533050,275255,51.64,0.33
3761,2021-07-20,PAB,3134,1730,1404,1353,1524,257,ITH,ITH1,4,Provincia Autonoma Bolzano / Bozen,P.A. Bolzano,533050,278389,52.23,0.59
3762,2021-09-15,PAB,621,330,291,214,399,8,ITH,ITH1,4,Provincia Autonoma Bolzano / Bozen,P.A. Bolzano,533050,279010,52.34,0.12
3763,2021-09-01,PAB,1062,507,555,585,454,23,ITH,ITH1,4,Provincia Autonoma Bolzano / Bozen,P.A. Bolzano,533050,280072,52.54,0.2
3764,2021-01-16,PAB,2841,1265,1576,2841,0,0,ITH,ITH1,4,Provincia Autonoma Bolzano / Bozen,P.A. Bolzano,533050,282913,53.07,0.53
3765,2021-06-10,PAB,4498,2334,2164,1302,3098,98,ITH,ITH1,4,Provincia Autonoma Bolzano / Bozen,P.A. Bolzano,533050,287411,53.92,0.84
3766,2021-08-13,PAB,2913,1558,1355,1513,1302,98,ITH,ITH1,4,Provincia Autonoma Bolzano / Bozen,P.A. Bolzano,533050,290324,54.46,0.55
3767,2021-02-06,PAB,2634,1177,1457,19,2615,0,ITH,ITH1,4,Provincia Autonoma Bolzano / Bozen,P.A. Bolzano,533050,292958,54.96,0.49
3768,2021-06-21,PAB,3168,1615,1553,259,2868,41,ITH,ITH1,4,Provincia Autonoma Bolzano / Bozen,P.A. Bolzano,533050,296126,55.55,0.59
3769,2021-09-12,PAB,262,145,117,128,124,10,ITH,ITH1,4,Provincia Autonoma Bolzano / Bozen,P.A. Bolzano,533050,296388,55.6,0.05
3770,2021-08-27,PAB,2733,1419,1314,911,1729,93,ITH,ITH1,4,Provincia Autonoma Bolzano / Bozen,P.A. Bolzano,533050,299121,56.11,0.51
3771,2021-04-30,PAB,3348,1599,1749,1437,1778,133,ITH,ITH1,4,Provincia Autonoma Bolzano / Bozen,P.A. Bolzano,533050,302469,56.74,0.63
3772,2021-01-20,PAB,619,254,365,410,209,0,ITH,ITH1,4,Provincia Autonoma Bolzano / Bozen,P.A. Bolzano,533050,303088,56.86,0.12
3773,2021-07-22,PAB,3736,1941,1795,1692,1790,254,ITH,ITH1,4,Provincia Autonoma Bolzano / Bozen,P.A. Bolzano,533050,306824,57.56,0.7
3774,2021-01-06,PAB,59,18,41,59,0,0,ITH,ITH1,4,Provincia Autonoma Bolzano / Bozen,P.A. Bolzano,533050,306883,57.57,0.01
3775,2021-03-30,PAB,1302,532,770,205,1082,15,ITH,ITH1,4,Provincia Autonoma Bolzano / Bozen,P.A. Bolzano,533050,308185,57.82,0.24
3776,2021-07-29,PAB,1341,718,623,697,570,74,ITH,ITH1,4,Provincia Autonoma Bolzano / Bozen,P.A. Bolzano,533050,309526,58.07,0.25
3777,2020-12-30,PAB,389,183,206,389,0,0,ITH,ITH1,4,Provincia Autonoma Bolzano / Bozen,P.A. Bolzano,533050,309915,58.14,0.07
3778,2021-09-10,PAB,1637,867,770,730,854,53,ITH,ITH1,4,Provincia Autonoma Bolzano / Bozen,P.A. Bolzano,533050,311552,58.45,0.31
3779,2021-05-10,PAB,3029,1306,1723,1337,1611,81,ITH,ITH1,4,Provincia Autonoma Bolzano / Bozen,P.A. Bolzano,533050,314581,59.02,0.57
3780,2021-08-01,PAB,1319,760,559,697,551,71,ITH,ITH1,4,Provincia Autonoma Bolzano / Bozen,P.A. Bolzano,533050,315900,59.26,0.25
3781,2021-08-18,PAB,881,461,420,358,498,25,ITH,ITH1,4,Provincia Autonoma Bolzano / Bozen,P.A. Bolzano,533050,316781,59.43,0.17
3782,2021-02-16,PAB,530,205,325,529,0,1,ITH,ITH1,4,Provincia Autonoma Bolzano / Bozen,P.A. Bolzano,533050,317311,59.53,0.1
3783,2021-01-28,PAB,872,309,563,9,863,0,ITH,ITH1,4,Provincia Autonoma Bolzano / Bozen,P.A. Bolzano,533050,318183,59.69,0.16
3784,2021-06-17,PAB,1773,982,791,617,1078,78,ITH,ITH1,4,Provincia Autonoma Bolzano / Bozen,P.A. Bolzano,533050,319956,60.02,0.33
3785,2021-01-02,PAB,91,48,43,91,0,0,ITH,ITH1,4,Provincia Autonoma Bolzano / Bozen,P.A. Bolzano,533050,320047,60.04,0.02
3786,2021-04-26,PAB,1550,776,774,1458,5,87,ITH,ITH1,4,Provincia Autonoma Bolzano / Bozen,P.A. Bolzano,533050,321597,60.33,0.29
3787,2021-07-10,PAB,5815,3003,2812,905,4751,159,ITH,ITH1,4,Provincia Autonoma Bolzano / Bozen,P.A. Bolzano,533050,327412,61.42,1.09
3788,2021-01-18,PAB,1777,689,1088,1772,5,0,ITH,ITH1,4,Provincia Autonoma Bolzano / Bozen,P.A. Bolzano,533050,329189,61.76,0.33
3789,2021-03-28,PAB,569,212,357,11,558,0,ITH,ITH1,4,Provincia Autonoma Bolzano / Bozen,P.A. Bolzano,533050,329758,61.86,0.11
3790,2021-08-10,PAB,1852,1017,835,1423,281,148,ITH,ITH1,4,Provincia Autonoma Bolzano / Bozen,P.A. Bolzano,533050,331610,62.21,0.35
3791,2021-04-16,PAB,2958,1424,1534,2283,512,163,ITH,ITH1,4,Provincia Autonoma Bolzano / Bozen,P.A. Bolzano,533050,334568,62.76,0.55
3792,2021-07-08,PAB,5513,2784,2729,535,4888,90,ITH,ITH1,4,Provincia Autonoma Bolzano / Bozen,P.A. Bolzano,533050,340081,63.8,1.03
3793,2021-06-19,PAB,5668,3020,2648,553,5040,75,ITH,ITH1,4,Provincia Autonoma Bolzano / Bozen,P.A. Bolzano,533050,345749,64.86,1.06
3794,2021-03-11,PAB,1691,830,861,1104,538,49,ITH,ITH1,4,Provincia Autonoma Bolzano / Bozen,P.A. Bolzano,533050,347440,65.18,0.32
3795,2021-02-25,PAB,1498,549,949,1488,1,9,ITH,ITH1,4,Provincia Autonoma Bolzano / Bozen,P.A. Bolzano,533050,348938,65.46,0.28
3796,2021-06-02,PAB,1468,824,644,973,459,36,ITH,ITH1,4,Provincia Autonoma Bolzano / Bozen,P.A. Bolzano,533050,350406,65.74,0.28
3797,2021-04-25,PAB,3078,1501,1577,2281,672,125,ITH,ITH1,4,Provincia Autonoma Bolzano / Bozen,P.A. Bolzano,533050,353484,66.31,0.58
3798,2021-08-03,PAB,2952,1586,1366,1928,840,184,ITH,ITH1,4,Provincia Autonoma Bolzano / Bozen,P.A. Bolzano,533050,356436,66.87,0.55
3799,2021-05-31,PAB,3068,1514,1554,2080,868,120,ITH,ITH1,4,Provincia Autonoma Bolzano / Bozen,P.A. Bolzano,533050,359504,67.44,0.58
3800,2021-01-01,PAB,6,5,1,6,0,0,ITH,ITH1,4,Provincia Autonoma Bolzano / Bozen,P.A. Bolzano,533050,359510,67.44,0.0
3801,2021-06-07,PAB,2987,1554,1433,2516,324,147,ITH,ITH1,4,Provincia Autonoma Bolzano / Bozen,P.A. Bolzano,533050,362497,68.0,0.56
3802,2021-06-04,PAB,6723,3390,3333,4934,1537,252,ITH,ITH1,4,Provincia Autonoma Bolzano / Bozen,P.A. Bolzano,533050,369220,69.27,1.26
3803,2021-02-24,PAB,1368,407,961,1321,12,35,ITH,ITH1,4,Provincia Autonoma Bolzano / Bozen,P.A. Bolzano,533050,370588,69.52,0.26
3804,2021-03-27,PAB,3053,1554,1499,1479,1508,66,ITH,ITH1,4,Provincia Autonoma Bolzano / Bozen,P.A. Bolzano,533050,373641,70.09,0.57
3805,2021-03-13,PAB,2886,1460,1426,2747,101,38,ITH,ITH1,4,Provincia Autonoma Bolzano / Bozen,P.A. Bolzano,533050,376527,70.64,0.54
3806,2021-02-08,PAB,2,1,1,1,1,0,ITH,ITH1,4,Provincia Autonoma Bolzano / Bozen,P.A. Bolzano,533050,376529,70.64,0.0
3807,2021-05-19,PAB,3887,1997,1890,1958,1789,140,ITH,ITH1,4,Provincia Autonoma Bolzano / Bozen,P.A. Bolzano,533050,380416,71.37,0.73
3808,2021-01-03,PAB,41,16,25,41,0,0,ITH,ITH1,4,Provincia Autonoma Bolzano / Bozen,P.A. Bolzano,533050,380457,71.37,0.01
3809,2021-09-14,PAB,696,367,329,358,317,21,ITH,ITH1,4,Provincia Autonoma Bolzano / Bozen,P.A. Bolzano,533050,381153,71.5,0.13
3810,2021-04-13,PAB,2400,1134,1266,2307,7,86,ITH,ITH1,4,Provincia Autonoma Bolzano / Bozen,P.A. Bolzano,533050,383553,71.95,0.45
3811,2021-08-15,PAB,616,333,283,262,334,20,ITH,ITH1,4,Provincia Autonoma Bolzano / Bozen,P.A. Bolzano,533050,384169,72.07,0.12
3812,2021-05-07,PAB,4200,2063,2137,3393,528,279,ITH,ITH1,4,Provincia Autonoma Bolzano / Bozen,P.A. Bolzano,533050,388369,72.86,0.79
3813,2021-07-03,PAB,5639,2793,2846,928,4566,145,ITH,ITH1,4,Provincia Autonoma Bolzano / Bozen,P.A. Bolzano,533050,394008,73.92,1.06
3814,2021-05-05,PAB,4161,1948,2213,1824,2118,219,ITH,ITH1,4,Provincia Autonoma Bolzano / Bozen,P.A. Bolzano,533050,398169,74.7,0.78
3815,2021-01-25,PAB,493,187,306,3,490,0,ITH,ITH1,4,Provincia Autonoma Bolzano / Bozen,P.A. Bolzano,533050,398662,74.79,0.09
3816,2021-06-26,PAB,4548,2331,2217,1350,3077,121,ITH,ITH1,4,Provincia Autonoma Bolzano / Bozen,P.A. Bolzano,533050,403210,75.64,0.85
3817,2021-03-18,PAB,1302,531,771,216,1076,10,ITH,ITH1,4,Provincia Autonoma Bolzano / Bozen,P.A. Bolzano,533050,404512,75.89,0.24
3818,2021-08-22,PAB,993,546,447,291,685,17,ITH,ITH1,4,Provincia Autonoma Bolzano / Bozen,P.A. Bolzano,533050,405505,76.07,0.19
3819,2021-05-14,PAB,5146,2323,2823,2899,2044,203,ITH,ITH1,4,Provincia Autonoma Bolzano / Bozen,P.A. Bolzano,533050,410651,77.04,0.97
3820,2021-03-16,PAB,1290,532,758,116,1166,8,ITH,ITH1,4,Provincia Autonoma Bolzano / Bozen,P.A. Bolzano,533050,411941,77.28,0.24
3821,2021-05-12,PAB,3805,2063,1742,3410,154,241,ITH,ITH1,4,Provincia Autonoma Bolzano / Bozen,P.A. Bolzano,533050,415746,77.99,0.71
3822,2021-02-27,PAB,2458,759,1699,2414,10,34,ITH,ITH1,4,Provincia Autonoma Bolzano / Bozen,P.A. Bolzano,533050,418204,78.45,0.46
3823,2021-02-13,PAB,318,79,239,310,6,2,ITH,ITH1,4,Provincia Autonoma Bolzano / Bozen,P.A. Bolzano,533050,418522,78.51,0.06
3824,2021-04-11,PAB,2734,1301,1433,2458,178,98,ITH,ITH1,4,Provincia Autonoma Bolzano / Bozen,P.A. Bolzano,533050,421256,79.03,0.51
3825,2021-05-24,PAB,1459,769,690,1051,335,73,ITH,ITH1,4,Provincia Autonoma Bolzano / Bozen,P.A. Bolzano,533050,422715,79.3,0.27
3826,2021-02-05,PAB,3206,1189,2017,8,3198,0,ITH,ITH1,4,Provincia Autonoma Bolzano / Bozen,P.A. Bolzano,533050,425921,79.9,0.6
3827,2021-04-15,PAB,4410,2314,2096,3924,266,220,ITH,ITH1,4,Provincia Autonoma Bolzano / Bozen,P.A. Bolzano,533050,430331,80.73,0.83
3828,2021-07-24,PAB,4831,2848,1983,1353,3330,148,ITH,ITH1,4,Provincia Autonoma Bolzano / Bozen,P.A. Bolzano,533050,435162,81.64,0.91
3829,2021-02-20,PAB,1802,540,1262,1755,18,29,ITH,ITH1,4,Provincia Autonoma Bolzano / Bozen,P.A. Bolzano,533050,436964,81.97,0.34
3830,2021-07-27,PAB,3158,1886,1272,882,2181,95,ITH,ITH1,4,Provincia Autonoma Bolzano / Bozen,P.A. Bolzano,533050,440122,82.57,0.59
3831,2021-04-18,PAB,3116,1611,1505,2008,1011,97,ITH,ITH1,4,Provincia Autonoma Bolzano / Bozen,P.A. Bolzano,533050,443238,83.15,0.58
3832,2021-01-15,PAB,3293,1234,2059,3292,0,1,ITH,ITH1,4,Provincia Autonoma Bolzano / Bozen,P.A. Bolzano,533050,446531,83.77,0.62
3833,2021-01-13,PAB,1727,569,1158,1727,0,0,ITH,ITH1,4,Provincia Autonoma Bolzano / Bozen,P.A. Bolzano,533050,448258,84.09,0.32
3834,2021-01-30,PAB,498,245,253,4,494,0,ITH,ITH1,4,Provincia Autonoma Bolzano / Bozen,P.A. Bolzano,533050,448756,84.19,0.09
3835,2021-04-23,PAB,4554,2157,2397,3054,1293,207,ITH,ITH1,4,Provincia Autonoma Bolzano / Bozen,P.A. Bolzano,533050,453310,85.04,0.85
3836,2021-01-11,PAB,1594,522,1072,1594,0,0,ITH,ITH1,4,Provincia Autonoma Bolzano / Bozen,P.A. Bolzano,533050,454904,85.34,0.3
3837,2021-06-09,PAB,3870,1919,1951,1264,2498,108,ITH,ITH1,4,Provincia Autonoma Bolzano / Bozen,P.A. Bolzano,533050,458774,86.07,0.73
3838,2021-03-01,PAB,925,224,701,889,1,35,ITH,ITH1,4,Provincia Autonoma Bolzano / Bozen,P.A. Bolzano,533050,459699,86.24,0.17
3839,2021-08-05,PAB,3471,1888,1583,1769,1581,121,ITH,ITH1,4,Provincia Autonoma Bolzano / Bozen,P.A. Bolzano,533050,463170,86.89,0.65
3840,2021-03-15,PAB,1195,452,743,697,483,15,ITH,ITH1,4,Provincia Autonoma Bolzano / Bozen,P.A. Bolzano,533050,464365,87.11,0.22
3841,2021-04-27,PAB,2235,1015,1220,1063,1079,93,ITH,ITH1,4,Provincia Autonoma Bolzano / Bozen,P.A. Bolzano,533050,466600,87.53,0.42
3842,2021-01-17,PAB,2329,1044,1285,2318,11,0,ITH,ITH1,4,Provincia Autonoma Bolzano / Bozen,P.A. Bolzano,533050,468929,87.97,0.44
3843,2021-06-23,PAB,1153,595,558,332,768,53,ITH,ITH1,4,Provincia Autonoma Bolzano / Bozen,P.A. Bolzano,533050,470082,88.19,0.22
3844,2021-03-23,PAB,1557,761,796,1518,1,38,ITH,ITH1,4,Provincia Autonoma Bolzano / Bozen,P.A. Bolzano,533050,471639,88.48,0.29
3845,2021-04-01,PAB,2791,1409,1382,2507,146,138,ITH,ITH1,4,Provincia Autonoma Bolzano / Bozen,P.A. Bolzano,533050,474430,89.0,0.52
3846,2021-07-05,PAB,2936,1406,1530,812,1984,140,ITH,ITH1,4,Provincia Autonoma Bolzano / Bozen,P.A. Bolzano,533050,477366,89.55,0.55
3847,2021-02-01,PAB,1467,448,1019,13,1453,1,ITH,ITH1,4,Provincia Autonoma Bolzano / Bozen,P.A. Bolzano,533050,478833,89.83,0.28
3848,2021-08-29,PAB,869,480,389,353,498,18,ITH,ITH1,4,Provincia Autonoma Bolzano / Bozen,P.A. Bolzano,533050,479702,89.99,0.16
3849,2021-03-09,PAB,1194,543,651,1164,2,28,ITH,ITH1,4,Provincia Autonoma Bolzano / Bozen,P.A. Bolzano,533050,480896,90.22,0.22
3850,2021-07-26,PAB,1629,940,689,1110,411,108,ITH,ITH1,4,Provincia Autonoma Bolzano / Bozen,P.A. Bolzano,533050,482525,90.52,0.31
3851,2021-02-22,PAB,526,143,383,496,12,18,ITH,ITH1,4,Provincia Autonoma Bolzano / Bozen,P.A. Bolzano,533050,483051,90.62,0.1
3852,2021-08-26,PAB,2240,1134,1106,827,1359,54,ITH,ITH1,4,Provincia Autonoma Bolzano / Bozen,P.A. Bolzano,533050,485291,91.04,0.42
3853,2021-07-07,PAB,1994,1034,960,579,1336,79,ITH,ITH1,4,Provincia Autonoma Bolzano / Bozen,P.A. Bolzano,533050,487285,91.41,0.37
3854,2021-05-02,PAB,2453,1284,1169,1428,915,110,ITH,ITH1,4,Provincia Autonoma Bolzano / Bozen,P.A. Bolzano,533050,489738,91.87,0.46
3855,2021-01-22,PAB,248,143,105,124,124,0,ITH,ITH1,4,Provincia Autonoma Bolzano / Bozen,P.A. Bolzano,533050,489986,91.92,0.05
3856,2021-07-15,PAB,4397,2320,2077,1450,2703,244,ITH,ITH1,4,Provincia Autonoma Bolzano / Bozen,P.A. Bolzano,533050,494383,92.75,0.82
3857,2021-04-06,PAB,2254,1120,1134,1947,102,205,ITH,ITH1,4,Provincia Autonoma Bolzano / Bozen,P.A. Bolzano,533050,496637,93.17,0.42
3858,2021-07-17,PAB,3147,1801,1346,687,2352,108,ITH,ITH1,4,Provincia Autonoma Bolzano / Bozen,P.A. Bolzano,533050,499784,93.76,0.59
3859,2021-04-08,PAB,2797,1361,1436,2501,204,92,ITH,ITH1,4,Provincia Autonoma Bolzano / Bozen,P.A. Bolzano,533050,502581,94.28,0.52
3860,2020-12-27,PAB,144,65,79,144,0,0,ITH,ITH1,4,Provincia Autonoma Bolzano / Bozen,P.A. Bolzano,533050,502725,94.31,0.03
3861,2021-06-30,PAB,3064,1565,1499,397,2608,59,ITH,ITH1,4,Provincia Autonoma Bolzano / Bozen,P.A. Bolzano,533050,505789,94.89,0.57
3862,2021-06-11,PAB,5841,3006,2835,2128,3486,227,ITH,ITH1,4,Provincia Autonoma Bolzano / Bozen,P.A. Bolzano,533050,511630,95.98,1.1
3863,2021-09-02,PAB,1208,627,581,705,467,36,ITH,ITH1,4,Provincia Autonoma Bolzano / Bozen,P.A. Bolzano,533050,512838,96.21,0.23
3864,2021-03-20,PAB,1760,851,909,1111,625,24,ITH,ITH1,4,Provincia Autonoma Bolzano / Bozen,P.A. Bolzano,533050,514598,96.54,0.33
3865,2021-08-14,PAB,2061,1120,941,727,1272,62,ITH,ITH1,4,Provincia Autonoma Bolzano / Bozen,P.A. Bolzano,533050,516659,96.93,0.39
3866,2021-06-18,PAB,4544,2351,2193,1449,2912,183,ITH,ITH1,4,Provincia Autonoma Bolzano / Bozen,P.A. Bolzano,533050,521203,97.78,0.85
3867,2021-01-08,PAB,1537,484,1053,1537,0,0,ITH,ITH1,4,Provincia Autonoma Bolzano / Bozen,P.A. Bolzano,533050,522740,98.07,0.29
3868,2021-08-07,PAB,2378,1354,1024,1616,665,97,ITH,ITH1,4,Provincia Autonoma Bolzano / Bozen,P.A. Bolzano,533050,525118,98.51,0.45
3869,2021-06-28,PAB,4614,2308,2306,215,4373,26,ITH,ITH1,4,Provincia Autonoma Bolzano / Bozen,P.A. Bolzano,533050,529732,99.38,0.87
3870,2021-04-20,PAB,1565,785,780,1487,3,75,ITH,ITH1,4,Provincia Autonoma Bolzano / Bozen,P.A. Bolzano,533050,531297,99.67,0.29
3871,2021-01-10,PAB,2,2,0,2,0,0,ITH,ITH1,4,Provincia Autonoma Bolzano / Bozen,P.A. Bolzano,533050,531299,99.67,0.0
3872,2021-06-16,PAB,3823,2028,1795,11,3807,5,ITH,ITH1,4,Provincia Autonoma Bolzano / Bozen,P.A. Bolzano,533050,535122,100.39,0.72
3873,2021-03-08,PAB,1213,535,678,1163,27,23,ITH,ITH1,4,Provincia Autonoma Bolzano / Bozen,P.A. Bolzano,533050,536335,100.62,0.23
3874,2021-08-12,PAB,3365,1724,1641,581,2711,73,ITH,ITH1,4,Provincia Autonoma Bolzano / Bozen,P.A. Bolzano,533050,539700,101.25,0.63
3875,2021-05-04,PAB,3453,1845,1608,2263,1038,152,ITH,ITH1,4,Provincia Autonoma Bolzano / Bozen,P.A. Bolzano,533050,543153,101.9,0.65
3876,2021-05-23,PAB,4343,2305,2038,4134,8,201,ITH,ITH1,4,Provincia Autonoma Bolzano / Bozen,P.A. Bolzano,533050,547496,102.71,0.81
3877,2021-07-19,PAB,2783,1396,1387,608,2048,127,ITH,ITH1,4,Provincia Autonoma Bolzano / Bozen,P.A. Bolzano,533050,550279,103.23,0.52
3878,2021-02-03,PAB,1507,480,1027,5,1502,0,ITH,ITH1,4,Provincia Autonoma Bolzano / Bozen,P.A. Bolzano,533050,551786,103.51,0.28
3879,2021-02-10,PAB,1637,605,1032,26,1610,1,ITH,ITH1,4,Provincia Autonoma Bolzano / Bozen,P.A. Bolzano,533050,553423,103.82,0.31
3880,2021-08-31,PAB,2029,1095,934,740,1260,29,ITH,ITH1,4,Provincia Autonoma Bolzano / Bozen,P.A. Bolzano,533050,555452,104.2,0.38
3881,2021-05-21,PAB,7396,4065,3331,5211,1879,306,ITH,ITH1,4,Provincia Autonoma Bolzano / Bozen,P.A. Bolzano,533050,562848,105.59,1.39
3882,2021-08-24,PAB,1970,1028,942,535,1396,39,ITH,ITH1,4,Provincia Autonoma Bolzano / Bozen,P.A. Bolzano,533050,564818,105.96,0.37
3883,2021-05-16,PAB,2029,935,1094,1280,694,55,ITH,ITH1,4,Provincia Autonoma Bolzano / Bozen,P.A. Bolzano,533050,566847,106.34,0.38
3884,2021-05-30,PAB,4793,2531,2262,731,4030,32,ITH,ITH1,4,Provincia Autonoma Bolzano / Bozen,P.A. Bolzano,533050,571640,107.24,0.9
3885,2021-07-12,PAB,3534,1755,1779,240,3243,51,ITH,ITH1,4,Provincia Autonoma Bolzano / Bozen,P.A. Bolzano,533050,575174,107.9,0.66
3886,2021-04-03,PAB,833,366,467,22,811,0,ITH,ITH1,4,Provincia Autonoma Bolzano / Bozen,P.A. Bolzano,533050,576007,108.06,0.16
3887,2021-09-07,PAB,1280,698,582,229,1042,9,ITH,ITH1,4,Provincia Autonoma Bolzano / Bozen,P.A. Bolzano,533050,577287,108.3,0.24
3888,2021-03-25,PAB,2173,1080,1093,1660,445,68,ITH,ITH1,4,Provincia Autonoma Bolzano / Bozen,P.A. Bolzano,533050,579460,108.71,0.41
3889,2021-01-27,PAB,85,29,56,2,83,0,ITH,ITH1,4,Provincia Autonoma Bolzano / Bozen,P.A. Bolzano,533050,579545,108.72,0.02
3890,2021-03-21,PAB,769,286,483,14,754,1,ITH,ITH1,4,Provincia Autonoma Bolzano / Bozen,P.A. Bolzano,533050,580314,108.87,0.14
3891,2021-06-12,PAB,5079,2754,2325,1647,3289,143,ITH,ITH1,4,Provincia Autonoma Bolzano / Bozen,P.A. Bolzano,533050,585393,109.82,0.95
3892,2021-01-14,PAB,1953,578,1375,1953,0,0,ITH,ITH1,4,Provincia Autonoma Bolzano / Bozen,P.A. Bolzano,533050,587346,110.19,0.37
3893,2021-04-07,PAB,1803,825,978,1170,541,92,ITH,ITH1,4,Provincia Autonoma Bolzano / Bozen,P.A. Bolzano,533050,589149,110.52,0.34
3894,2021-03-02,PAB,696,200,496,694,2,0,ITH,ITH1,4,Provincia Autonoma Bolzano / Bozen,P.A. Bolzano,533050,589845,110.65,0.13
3895,2021-03-19,PAB,1921,777,1144,754,1120,47,ITH,ITH1,4,Provincia Autonoma Bolzano / Bozen,P.A. Bolzano,533050,591766,111.02,0.36
3896,2021-07-01,PAB,4640,2305,2335,1293,3167,180,ITH,ITH1,4,Provincia Autonoma Bolzano / Bozen,P.A. Bolzano,533050,596406,111.89,0.87
3897,2021-03-04,PAB,1723,1011,712,1455,229,39,ITH,ITH1,4,Provincia Autonoma Bolzano / Bozen,P.A. Bolzano,533050,598129,112.21,0.32
3898,2021-09-05,PAB,1082,573,509,627,423,32,ITH,ITH1,4,Provincia Autonoma Bolzano / Bozen,P.A. Bolzano,533050,599211,112.41,0.2
3899,2021-09-03,PAB,3228,1708,1520,1053,2112,63,ITH,ITH1,4,Provincia Autonoma Bolzano / Bozen,P.A. Bolzano,533050,602439,113.02,0.61
3900,2021-05-26,PAB,5019,2537,2482,2857,1978,184,ITH,ITH1,4,Provincia Autonoma Bolzano / Bozen,P.A. Bolzano,533050,607458,113.96,0.94
3901,2021-08-17,PAB,1251,690,561,790,391,70,ITH,ITH1,4,Provincia Autonoma Bolzano / Bozen,P.A. Bolzano,533050,608709,114.19,0.23
3902,2021-06-14,PAB,2984,1617,1367,571,2361,52,ITH,ITH1,4,Provincia Autonoma Bolzano / Bozen,P.A. Bolzano,533050,611693,114.75,0.56
3903,2021-02-15,PAB,72,42,30,23,46,3,ITH,ITH1,4,Provincia Autonoma Bolzano / Bozen,P.A. Bolzano,533050,611765,114.77,0.01
3904,2021-08-19,PAB,1751,967,784,1048,614,89,ITH,ITH1,4,Provincia Autonoma Bolzano / Bozen,P.A. Bolzano,533050,613516,115.1,0.33
3905,2021-05-11,PAB,2855,1339,1516,1256,1523,76,ITH,ITH1,4,Provincia Autonoma Bolzano / Bozen,P.A. Bolzano,533050,616371,115.63,0.54
3906,2021-07-31,PAB,3168,1720,1448,2071,924,173,ITH,ITH1,4,Provincia Autonoma Bolzano / Bozen,P.A. Bolzano,533050,619539,116.23,0.59
3907,2021-01-29,PAB,1515,518,997,24,1491,0,ITH,ITH1,4,Provincia Autonoma Bolzano / Bozen,P.A. Bolzano,533050,621054,116.51,0.28
3908,2021-04-22,PAB,2939,1512,1427,1872,942,125,ITH,ITH1,4,Provincia Autonoma Bolzano / Bozen,P.A. Bolzano,533050,623993,117.06,0.55
3909,2021-05-09,PAB,4243,2410,1833,2934,1150,159,ITH,ITH1,4,Provincia Autonoma Bolzano / Bozen,P.A. Bolzano,533050,628236,117.86,0.8
3910,2021-03-06,PAB,3976,2082,1894,3678,211,87,ITH,ITH1,4,Provincia Autonoma Bolzano / Bozen,P.A. Bolzano,533050,632212,118.6,0.75
3911,2021-05-28,PAB,7467,3942,3525,5361,1895,211,ITH,ITH1,4,Provincia Autonoma Bolzano / Bozen,P.A. Bolzano,533050,639679,120.0,1.4
3912,2021-02-17,PAB,156,51,105,139,17,0,ITH,ITH1,4,Provincia Autonoma Bolzano / Bozen,P.A. Bolzano,533050,639835,120.03,0.03
3913,2021-03-03,ABR,4643,1900,2743,3718,906,19,ITF,ITF1,13,Abruzzo,Abruzzo,1304970,4643,0.36,0.36
3914,2021-07-14,ABR,13722,6799,6923,2435,11135,152,ITF,ITF1,13,Abruzzo,Abruzzo,1304970,18365,1.41,1.05
3915,2021-04-08,ABR,7395,3335,4060,4933,2332,130,ITF,ITF1,13,Abruzzo,Abruzzo,1304970,25760,1.97,0.57
3916,2021-04-22,ABR,6738,3252,3486,4828,1734,176,ITF,ITF1,13,Abruzzo,Abruzzo,1304970,32498,2.49,0.52
3917,2021-07-31,ABR,11741,6341,5400,3475,8063,203,ITF,ITF1,13,Abruzzo,Abruzzo,1304970,44239,3.39,0.9
3918,2021-08-21,ABR,3841,2098,1743,1729,1990,122,ITF,ITF1,13,Abruzzo,Abruzzo,1304970,48080,3.68,0.29
3919,2021-05-04,ABR,10854,5093,5761,7036,3628,190,ITF,ITF1,13,Abruzzo,Abruzzo,1304970,58934,4.52,0.83
3920,2021-03-08,ABR,5155,1694,3461,4083,976,96,ITF,ITF1,13,Abruzzo,Abruzzo,1304970,64089,4.91,0.4
3921,2021-01-24,ABR,50,22,28,6,44,0,ITF,ITF1,13,Abruzzo,Abruzzo,1304970,64139,4.91,0.0
3922,2021-09-09,ABR,6996,3668,3328,1340,5527,129,ITF,ITF1,13,Abruzzo,Abruzzo,1304970,71135,5.45,0.54
3923,2021-02-10,ABR,946,311,635,492,444,10,ITF,ITF1,13,Abruzzo,Abruzzo,1304970,72081,5.52,0.07
3924,2020-12-27,ABR,47,24,23,47,0,0,ITF,ITF1,13,Abruzzo,Abruzzo,1304970,72128,5.53,0.0
3925,2021-03-20,ABR,4796,2201,2595,2564,2172,60,ITF,ITF1,13,Abruzzo,Abruzzo,1304970,76924,5.89,0.37
3926,2021-06-13,ABR,9846,4925,4921,7846,1835,165,ITF,ITF1,13,Abruzzo,Abruzzo,1304970,86770,6.65,0.75
3927,2021-01-22,ABR,118,57,61,118,0,0,ITF,ITF1,13,Abruzzo,Abruzzo,1304970,86888,6.66,0.01
3928,2021-01-03,ABR,501,212,289,499,0,2,ITF,ITF1,13,Abruzzo,Abruzzo,1304970,87389,6.7,0.04
3929,2021-05-30,ABR,8661,4110,4551,5326,3256,79,ITF,ITF1,13,Abruzzo,Abruzzo,1304970,96050,7.36,0.66
3930,2021-04-03,ABR,5165,2259,2906,3485,1598,82,ITF,ITF1,13,Abruzzo,Abruzzo,1304970,101215,7.76,0.4
3931,2021-09-07,ABR,5352,2814,2538,1471,3772,109,ITF,ITF1,13,Abruzzo,Abruzzo,1304970,106567,8.17,0.41
3932,2021-07-26,ABR,14258,7459,6799,3864,10195,199,ITF,ITF1,13,Abruzzo,Abruzzo,1304970,120825,9.26,1.09
3933,2021-07-12,ABR,15078,7459,7619,2357,12604,117,ITF,ITF1,13,Abruzzo,Abruzzo,1304970,135903,10.41,1.16
3934,2021-02-22,ABR,2641,1174,1467,2584,30,27,ITF,ITF1,13,Abruzzo,Abruzzo,1304970,138544,10.62,0.2
3935,2021-02-05,ABR,1535,521,1014,772,747,16,ITF,ITF1,13,Abruzzo,Abruzzo,1304970,140079,10.73,0.12
3936,2021-05-16,ABR,9579,4135,5444,5646,3812,121,ITF,ITF1,13,Abruzzo,Abruzzo,1304970,149658,11.47,0.73
3937,2021-06-04,ABR,15650,7395,8255,10758,4703,189,ITF,ITF1,13,Abruzzo,Abruzzo,1304970,165308,12.67,1.2
3938,2021-05-18,ABR,12111,5661,6450,7559,4380,172,ITF,ITF1,13,Abruzzo,Abruzzo,1304970,177419,13.6,0.93
3939,2021-02-24,ABR,3306,1442,1864,3112,177,17,ITF,ITF1,13,Abruzzo,Abruzzo,1304970,180725,13.85,0.25
3940,2021-08-09,ABR,10704,5548,5156,3096,7414,194,ITF,ITF1,13,Abruzzo,Abruzzo,1304970,191429,14.67,0.82
3941,2021-08-26,ABR,5804,3038,2766,2016,3637,151,ITF,ITF1,13,Abruzzo,Abruzzo,1304970,197233,15.11,0.44
3942,2021-01-10,ABR,1272,540,732,1268,0,4,ITF,ITF1,13,Abruzzo,Abruzzo,1304970,198505,15.21,0.1
3943,2021-04-29,ABR,12685,5855,6830,9271,3099,315,ITF,ITF1,13,Abruzzo,Abruzzo,1304970,211190,16.18,0.97
3944,2021-08-07,ABR,6493,3617,2876,1834,4561,98,ITF,ITF1,13,Abruzzo,Abruzzo,1304970,217683,16.68,0.5
3945,2021-06-25,ABR,11062,5478,5584,4903,6014,145,ITF,ITF1,13,Abruzzo,Abruzzo,1304970,228745,17.53,0.85
3946,2021-01-15,ABR,385,155,230,371,0,14,ITF,ITF1,13,Abruzzo,Abruzzo,1304970,229130,17.56,0.03
3947,2021-03-22,ABR,4347,1911,2436,2309,1971,67,ITF,ITF1,13,Abruzzo,Abruzzo,1304970,233477,17.89,0.33
3948,2021-06-30,ABR,11172,5432,5740,4496,6509,167,ITF,ITF1,13,Abruzzo,Abruzzo,1304970,244649,18.75,0.86
3949,2021-02-17,ABR,2071,948,1123,1780,282,9,ITF,ITF1,13,Abruzzo,Abruzzo,1304970,246720,18.91,0.16
3950,2021-09-02,ABR,6102,3191,2911,1860,4112,130,ITF,ITF1,13,Abruzzo,Abruzzo,1304970,252822,19.37,0.47
3951,2021-06-11,ABR,11783,5854,5929,8831,2766,186,ITF,ITF1,13,Abruzzo,Abruzzo,1304970,264605,20.28,0.9
3952,2021-08-19,ABR,6725,3610,3115,3258,3275,192,ITF,ITF1,13,Abruzzo,Abruzzo,1304970,271330,20.79,0.52
3953,2021-03-01,ABR,3477,1384,2093,2702,751,24,ITF,ITF1,13,Abruzzo,Abruzzo,1304970,274807,21.06,0.27
3954,2021-08-14,ABR,127,69,58,100,25,2,ITF,ITF1,13,Abruzzo,Abruzzo,1304970,274934,21.07,0.01
3955,2021-06-18,ABR,10193,5005,5188,6550,3494,149,ITF,ITF1,13,Abruzzo,Abruzzo,1304970,285127,21.85,0.78
3956,2021-01-29,ABR,1387,449,938,71,1315,1,ITF,ITF1,13,Abruzzo,Abruzzo,1304970,286514,21.96,0.11
3957,2021-08-02,ABR,13857,7154,6703,3544,10054,259,ITF,ITF1,13,Abruzzo,Abruzzo,1304970,300371,23.02,1.06
3958,2021-09-16,ABR,3179,1686,1493,967,2114,98,ITF,ITF1,13,Abruzzo,Abruzzo,1304970,303550,23.26,0.24
3959,2021-07-21,ABR,11079,5718,5361,2426,8518,135,ITF,ITF1,13,Abruzzo,Abruzzo,1304970,314629,24.11,0.85
3960,2021-02-03,ABR,2062,717,1345,411,1643,8,ITF,ITF1,13,Abruzzo,Abruzzo,1304970,316691,24.27,0.16
3961,2021-03-27,ABR,6126,2622,3504,3562,2492,72,ITF,ITF1,13,Abruzzo,Abruzzo,1304970,322817,24.74,0.47
3962,2021-01-05,ABR,1735,721,1014,1730,0,5,ITF,ITF1,13,Abruzzo,Abruzzo,1304970,324552,24.87,0.13
3963,2021-04-15,ABR,7832,3687,4145,5826,1843,163,ITF,ITF1,13,Abruzzo,Abruzzo,1304970,332384,25.47,0.6
3964,2021-07-07,ABR,12063,5906,6157,4023,7797,243,ITF,ITF1,13,Abruzzo,Abruzzo,1304970,344447,26.4,0.92
3965,2021-04-27,ABR,9087,4368,4719,6504,2469,114,ITF,ITF1,13,Abruzzo,Abruzzo,1304970,353534,27.09,0.7
3966,2021-07-02,ABR,11837,5947,5890,4830,6822,185,ITF,ITF1,13,Abruzzo,Abruzzo,1304970,365371,28.0,0.91
3967,2021-03-15,ABR,3679,1444,2235,1840,1807,32,ITF,ITF1,13,Abruzzo,Abruzzo,1304970,369050,28.28,0.28
3968,2021-01-17,ABR,193,64,129,185,7,1,ITF,ITF1,13,Abruzzo,Abruzzo,1304970,369243,28.3,0.01
3969,2021-06-23,ABR,11015,5284,5731,5577,5291,147,ITF,ITF1,13,Abruzzo,Abruzzo,1304970,380258,29.14,0.84
3970,2021-02-12,ABR,1227,567,660,1025,189,13,ITF,ITF1,13,Abruzzo,Abruzzo,1304970,381485,29.23,0.09
3971,2021-07-19,ABR,11777,5982,5795,2662,8943,172,ITF,ITF1,13,Abruzzo,Abruzzo,1304970,393262,30.14,0.9
3972,2021-05-23,ABR,9880,4693,5187,7067,2692,121,ITF,ITF1,13,Abruzzo,Abruzzo,1304970,403142,30.89,0.76
3973,2021-06-06,ABR,11150,5310,5840,8775,2241,134,ITF,ITF1,13,Abruzzo,Abruzzo,1304970,414292,31.75,0.85
3974,2021-04-10,ABR,8777,4059,4718,6121,2510,146,ITF,ITF1,13,Abruzzo,Abruzzo,1304970,423069,32.42,0.67
3975,2021-08-28,ABR,2303,1332,971,699,1555,49,ITF,ITF1,13,Abruzzo,Abruzzo,1304970,425372,32.6,0.18
3976,2021-09-14,ABR,3910,2103,1807,801,3037,72,ITF,ITF1,13,Abruzzo,Abruzzo,1304970,429282,32.9,0.3
3977,2021-05-11,ABR,10763,5120,5643,5730,4857,176,ITF,ITF1,13,Abruzzo,Abruzzo,1304970,440045,33.72,0.82
3978,2021-08-18,ABR,7383,3921,3462,3085,4107,191,ITF,ITF1,13,Abruzzo,Abruzzo,1304970,447428,34.29,0.57
3979,2021-04-05,ABR,2692,1147,1545,1729,880,83,ITF,ITF1,13,Abruzzo,Abruzzo,1304970,450120,34.49,0.21
3980,2021-02-02,ABR,1765,669,1096,218,1543,4,ITF,ITF1,13,Abruzzo,Abruzzo,1304970,451885,34.63,0.14
3981,2021-05-13,ABR,11151,5044,6107,6953,3964,234,ITF,ITF1,13,Abruzzo,Abruzzo,1304970,463036,35.48,0.85
3982,2021-03-31,ABR,6723,2947,3776,4559,2069,95,ITF,ITF1,13,Abruzzo,Abruzzo,1304970,469759,36.0,0.52
3983,2021-05-15,ABR,11446,5185,6261,5937,5328,181,ITF,ITF1,13,Abruzzo,Abruzzo,1304970,481205,36.87,0.88
3984,2021-08-23,ABR,5922,3111,2811,1657,4120,145,ITF,ITF1,13,Abruzzo,Abruzzo,1304970,487127,37.33,0.45
3985,2021-07-11,ABR,9887,4976,4911,2364,7388,135,ITF,ITF1,13,Abruzzo,Abruzzo,1304970,497014,38.09,0.76
3986,2021-05-27,ABR,13323,6104,7219,8315,4831,177,ITF,ITF1,13,Abruzzo,Abruzzo,1304970,510337,39.11,1.02
3987,2021-09-04,ABR,2139,1136,1003,740,1338,61,ITF,ITF1,13,Abruzzo,Abruzzo,1304970,512476,39.27,0.16
3988,2021-03-19,ABR,5798,2586,3212,2730,3025,43,ITF,ITF1,13,Abruzzo,Abruzzo,1304970,518274,39.72,0.44
3989,2021-03-05,ABR,5346,1957,3389,4590,697,59,ITF,ITF1,13,Abruzzo,Abruzzo,1304970,523620,40.13,0.41
3990,2021-06-27,ABR,8365,4298,4067,5017,3208,140,ITF,ITF1,13,Abruzzo,Abruzzo,1304970,531985,40.77,0.64
3991,2021-02-28,ABR,1703,509,1194,1665,2,36,ITF,ITF1,13,Abruzzo,Abruzzo,1304970,533688,40.9,0.13
3992,2021-08-04,ABR,10883,5629,5254,4301,6339,243,ITF,ITF1,13,Abruzzo,Abruzzo,1304970,544571,41.73,0.83
3993,2021-01-02,ABR,559,226,333,558,0,1,ITF,ITF1,13,Abruzzo,Abruzzo,1304970,545130,41.77,0.04
3994,2021-06-08,ABR,12870,6622,6248,10430,2197,243,ITF,ITF1,13,Abruzzo,Abruzzo,1304970,558000,42.76,0.99
3995,2021-04-26,ABR,8563,4066,4497,7135,1214,214,ITF,ITF1,13,Abruzzo,Abruzzo,1304970,566563,43.42,0.66
3996,2021-06-01,ABR,10999,4877,6122,6511,4367,121,ITF,ITF1,13,Abruzzo,Abruzzo,1304970,577562,44.26,0.84
3997,2021-04-19,ABR,6236,2864,3372,3788,2375,73,ITF,ITF1,13,Abruzzo,Abruzzo,1304970,583798,44.74,0.48
3998,2021-02-21,ABR,1218,550,668,1192,1,25,ITF,ITF1,13,Abruzzo,Abruzzo,1304970,585016,44.83,0.09
3999,2021-07-28,ABR,13274,6955,6319,3435,9671,168,ITF,ITF1,13,Abruzzo,Abruzzo,1304970,598290,45.85,1.02
4000,2021-06-15,ABR,11329,5562,5767,8681,2439,209,ITF,ITF1,13,Abruzzo,Abruzzo,1304970,609619,46.72,0.87
4001,2021-04-12,ABR,6239,2957,3282,4983,1173,83,ITF,ITF1,13,Abruzzo,Abruzzo,1304970,615858,47.19,0.48
4002,2021-04-17,ABR,7358,3402,3956,4209,3052,97,ITF,ITF1,13,Abruzzo,Abruzzo,1304970,623216,47.76,0.56
4003,2021-02-19,ABR,3301,1551,1750,3162,100,39,ITF,ITF1,13,Abruzzo,Abruzzo,1304970,626517,48.01,0.25
4004,2021-01-12,ABR,1901,761,1140,1887,0,14,ITF,ITF1,13,Abruzzo,Abruzzo,1304970,628418,48.16,0.15
4005,2021-05-25,ABR,11420,5324,6096,8083,3139,198,ITF,ITF1,13,Abruzzo,Abruzzo,1304970,639838,49.03,0.88
4006,2021-01-31,ABR,1523,495,1028,285,1237,1,ITF,ITF1,13,Abruzzo,Abruzzo,1304970,641361,49.15,0.12
4007,2021-04-07,ABR,7573,3497,4076,4514,2922,137,ITF,ITF1,13,Abruzzo,Abruzzo,1304970,648934,49.73,0.58
4008,2021-07-16,ABR,16150,8238,7912,2466,13567,117,ITF,ITF1,13,Abruzzo,Abruzzo,1304970,665084,50.97,1.24
4009,2021-05-08,ABR,10290,4870,5420,6306,3836,148,ITF,ITF1,13,Abruzzo,Abruzzo,1304970,675374,51.75,0.79
4010,2021-04-24,ABR,8731,3975,4756,6937,1532,262,ITF,ITF1,13,Abruzzo,Abruzzo,1304970,684105,52.42,0.67
4011,2021-08-16,ABR,6093,3206,2887,2256,3690,147,ITF,ITF1,13,Abruzzo,Abruzzo,1304970,690198,52.89,0.47
4012,2021-01-19,ABR,112,56,56,90,21,1,ITF,ITF1,13,Abruzzo,Abruzzo,1304970,690310,52.9,0.01
4013,2021-02-07,ABR,780,307,473,199,580,1,ITF,ITF1,13,Abruzzo,Abruzzo,1304970,691090,52.96,0.06
4014,2021-07-23,ABR,12573,6465,6108,2849,9563,161,ITF,ITF1,13,Abruzzo,Abruzzo,1304970,703663,53.92,0.96
4015,2021-01-21,ABR,157,47,110,157,0,0,ITF,ITF1,13,Abruzzo,Abruzzo,1304970,703820,53.93,0.01
4016,2021-05-01,ABR,10752,5053,5699,5631,4984,137,ITF,ITF1,13,Abruzzo,Abruzzo,1304970,714572,54.76,0.82
4017,2021-01-16,ABR,939,431,508,931,0,8,ITF,ITF1,13,Abruzzo,Abruzzo,1304970,715511,54.83,0.07
4018,2021-03-17,ABR,4543,1874,2669,2780,1740,23,ITF,ITF1,13,Abruzzo,Abruzzo,1304970,720054,55.18,0.35
4019,2021-09-06,ABR,6219,3245,2974,2203,3868,148,ITF,ITF1,13,Abruzzo,Abruzzo,1304970,726273,55.65,0.48
4020,2021-01-07,ABR,1712,657,1055,1705,0,7,ITF,ITF1,13,Abruzzo,Abruzzo,1304970,727985,55.79,0.13
4021,2021-07-30,ABR,12087,6435,5652,3792,8069,226,ITF,ITF1,13,Abruzzo,Abruzzo,1304970,740072,56.71,0.93
4022,2021-03-10,ABR,5050,1686,3364,4026,957,67,ITF,ITF1,13,Abruzzo,Abruzzo,1304970,745122,57.1,0.39
4023,2021-01-26,ABR,1551,569,982,31,1520,0,ITF,ITF1,13,Abruzzo,Abruzzo,1304970,746673,57.22,0.12
4024,2021-05-06,ABR,13005,6087,6918,7796,5049,160,ITF,ITF1,13,Abruzzo,Abruzzo,1304970,759678,58.21,1.0
4025,2021-01-14,ABR,568,227,341,566,0,2,ITF,ITF1,13,Abruzzo,Abruzzo,1304970,760246,58.26,0.04
4026,2021-02-16,ABR,1916,842,1074,1891,12,13,ITF,ITF1,13,Abruzzo,Abruzzo,1304970,762162,58.4,0.15
4027,2021-03-02,ABR,3967,1676,2291,3264,686,17,ITF,ITF1,13,Abruzzo,Abruzzo,1304970,766129,58.71,0.3
4028,2021-06-10,ABR,12713,6319,6394,10308,2166,239,ITF,ITF1,13,Abruzzo,Abruzzo,1304970,778842,59.68,0.97
4029,2021-05-10,ABR,10113,4786,5327,5341,4654,118,ITF,ITF1,13,Abruzzo,Abruzzo,1304970,788955,60.46,0.77
4030,2021-04-23,ABR,7415,3401,4014,4937,2308,170,ITF,ITF1,13,Abruzzo,Abruzzo,1304970,796370,61.03,0.57
4031,2021-01-30,ABR,1515,571,944,62,1452,1,ITF,ITF1,13,Abruzzo,Abruzzo,1304970,797885,61.14,0.12
4032,2021-08-01,ABR,7571,4057,3514,2004,5465,102,ITF,ITF1,13,Abruzzo,Abruzzo,1304970,805456,61.72,0.58
4033,2021-03-07,ABR,2521,630,1891,2483,0,38,ITF,ITF1,13,Abruzzo,Abruzzo,1304970,807977,61.92,0.19
4034,2021-01-09,ABR,1615,694,921,1603,0,12,ITF,ITF1,13,Abruzzo,Abruzzo,1304970,809592,62.04,0.12
4035,2021-05-20,ABR,12807,5926,6881,7412,5267,128,ITF,ITF1,13,Abruzzo,Abruzzo,1304970,822399,63.02,0.98
4036,2021-08-11,ABR,8277,4415,3862,2615,5504,158,ITF,ITF1,13,Abruzzo,Abruzzo,1304970,830676,63.65,0.63
4037,2021-03-24,ABR,6387,2786,3601,3992,2252,143,ITF,ITF1,13,Abruzzo,Abruzzo,1304970,837063,64.14,0.49
4038,2021-02-09,ABR,924,325,599,512,411,1,ITF,ITF1,13,Abruzzo,Abruzzo,1304970,837987,64.22,0.07
4039,2021-07-04,ABR,8371,4216,4155,3330,4915,126,ITF,ITF1,13,Abruzzo,Abruzzo,1304970,846358,64.86,0.64
4040,2021-08-30,ABR,7417,4056,3361,1943,5343,131,ITF,ITF1,13,Abruzzo,Abruzzo,1304970,853775,65.42,0.57
4041,2021-04-09,ABR,8991,4261,4730,6244,2603,144,ITF,ITF1,13,Abruzzo,Abruzzo,1304970,862766,66.11,0.69
4042,2021-07-18,ABR,12206,6312,5894,1996,10087,123,ITF,ITF1,13,Abruzzo,Abruzzo,1304970,874972,67.05,0.94
4043,2021-04-02,ABR,6698,3106,3592,5112,1489,97,ITF,ITF1,13,Abruzzo,Abruzzo,1304970,881670,67.56,0.51
4044,2021-02-04,ABR,1685,617,1068,600,1073,12,ITF,ITF1,13,Abruzzo,Abruzzo,1304970,883355,67.69,0.13
4045,2021-09-03,ABR,5937,3185,2752,1826,3980,131,ITF,ITF1,13,Abruzzo,Abruzzo,1304970,889292,68.15,0.45
4046,2021-01-28,ABR,1435,495,940,11,1424,0,ITF,ITF1,13,Abruzzo,Abruzzo,1304970,890727,68.26,0.11
4047,2021-01-11,ABR,1691,690,1001,1687,0,4,ITF,ITF1,13,Abruzzo,Abruzzo,1304970,892418,68.39,0.13
4048,2021-04-21,ABR,6393,3104,3289,4633,1673,87,ITF,ITF1,13,Abruzzo,Abruzzo,1304970,898811,68.88,0.49
4049,2021-06-29,ABR,11430,5639,5791,5244,5998,188,ITF,ITF1,13,Abruzzo,Abruzzo,1304970,910241,69.75,0.88
4050,2021-03-21,ABR,2134,914,1220,839,1291,4,ITF,ITF1,13,Abruzzo,Abruzzo,1304970,912375,69.92,0.16
4051,2021-06-12,ABR,11424,5917,5507,9890,1351,183,ITF,ITF1,13,Abruzzo,Abruzzo,1304970,923799,70.79,0.88
4052,2021-06-19,ABR,10559,5202,5357,6484,3901,174,ITF,ITF1,13,Abruzzo,Abruzzo,1304970,934358,71.6,0.81
4053,2021-03-28,ABR,2431,1018,1413,1994,386,51,ITF,ITF1,13,Abruzzo,Abruzzo,1304970,936789,71.79,0.19
4054,2021-07-06,ABR,10463,5199,5264,4300,5988,175,ITF,ITF1,13,Abruzzo,Abruzzo,1304970,947252,72.59,0.8
4055,2021-04-14,ABR,6598,2952,3646,4340,2123,135,ITF,ITF1,13,Abruzzo,Abruzzo,1304970,953850,73.09,0.51
4056,2021-02-26,ABR,3924,1679,2245,2929,969,26,ITF,ITF1,13,Abruzzo,Abruzzo,1304970,957774,73.39,0.3
4057,2021-01-18,ABR,154,71,83,53,101,0,ITF,ITF1,13,Abruzzo,Abruzzo,1304970,957928,73.41,0.01
4058,2021-06-24,ABR,10873,5411,5462,5722,4979,172,ITF,ITF1,13,Abruzzo,Abruzzo,1304970,968801,74.24,0.83
4059,2021-04-28,ABR,9517,4591,4926,7307,2025,185,ITF,ITF1,13,Abruzzo,Abruzzo,1304970,978318,74.97,0.73
4060,2021-05-12,ABR,9630,4602,5028,5871,3582,177,ITF,ITF1,13,Abruzzo,Abruzzo,1304970,987948,75.71,0.74
4061,2021-07-15,ABR,15946,8088,7858,3130,12640,176,ITF,ITF1,13,Abruzzo,Abruzzo,1304970,1003894,76.93,1.22
4062,2021-06-28,ABR,10056,4837,5219,5310,4576,170,ITF,ITF1,13,Abruzzo,Abruzzo,1304970,1013950,77.7,0.77
4063,2021-04-06,ABR,7681,3580,4101,5230,2320,131,ITF,ITF1,13,Abruzzo,Abruzzo,1304970,1021631,78.29,0.59
4064,2021-08-03,ABR,12721,6573,6148,3644,8908,169,ITF,ITF1,13,Abruzzo,Abruzzo,1304970,1034352,79.26,0.97
4065,2021-08-17,ABR,6585,3469,3116,2824,3543,218,ITF,ITF1,13,Abruzzo,Abruzzo,1304970,1040937,79.77,0.5
4066,2021-01-13,ABR,1305,483,822,1297,0,8,ITF,ITF1,13,Abruzzo,Abruzzo,1304970,1042242,79.87,0.1
4067,2021-07-20,ABR,12589,6388,6201,3222,9178,189,ITF,ITF1,13,Abruzzo,Abruzzo,1304970,1054831,80.83,0.96
4068,2021-09-15,ABR,6101,3218,2883,1473,4505,123,ITF,ITF1,13,Abruzzo,Abruzzo,1304970,1060932,81.3,0.47
4069,2021-04-04,ABR,1633,769,864,1458,129,46,ITF,ITF1,13,Abruzzo,Abruzzo,1304970,1062565,81.42,0.13
4070,2021-09-01,ABR,6847,3641,3206,1562,5181,104,ITF,ITF1,13,Abruzzo,Abruzzo,1304970,1069412,81.95,0.52
4071,2021-02-11,ABR,815,262,553,770,43,2,ITF,ITF1,13,Abruzzo,Abruzzo,1304970,1070227,82.01,0.06
4072,2021-05-24,ABR,12222,5839,6383,8725,3341,156,ITF,ITF1,13,Abruzzo,Abruzzo,1304970,1082449,82.95,0.94
4073,2021-03-16,ABR,3486,1453,2033,1804,1654,28,ITF,ITF1,13,Abruzzo,Abruzzo,1304970,1085935,83.22,0.27
4074,2021-08-20,ABR,6048,3165,2883,2032,3882,134,ITF,ITF1,13,Abruzzo,Abruzzo,1304970,1091983,83.68,0.46
4075,2021-08-06,ABR,10673,5706,4967,3683,6747,243,ITF,ITF1,13,Abruzzo,Abruzzo,1304970,1102656,84.5,0.82
4076,2021-05-05,ABR,11646,5576,6070,6272,5211,163,ITF,ITF1,13,Abruzzo,Abruzzo,1304970,1114302,85.39,0.89
4077,2021-05-09,ABR,9159,4091,5068,4171,4874,114,ITF,ITF1,13,Abruzzo,Abruzzo,1304970,1123461,86.09,0.7
4078,2021-02-15,ABR,1794,832,962,1735,42,17,ITF,ITF1,13,Abruzzo,Abruzzo,1304970,1125255,86.23,0.14
4079,2021-05-26,ABR,13553,6045,7508,8397,4997,159,ITF,ITF1,13,Abruzzo,Abruzzo,1304970,1138808,87.27,1.04
4080,2021-06-14,ABR,10986,5432,5554,7428,3383,175,ITF,ITF1,13,Abruzzo,Abruzzo,1304970,1149794,88.11,0.84
4081,2021-03-09,ABR,5176,1806,3370,4147,938,91,ITF,ITF1,13,Abruzzo,Abruzzo,1304970,1154970,88.51,0.4
4082,2021-08-13,ABR,7121,3833,3288,2016,4999,106,ITF,ITF1,13,Abruzzo,Abruzzo,1304970,1162091,89.05,0.55
4083,2021-07-01,ABR,12762,6281,6481,5767,6768,227,ITF,ITF1,13,Abruzzo,Abruzzo,1304970,1174853,90.03,0.98
4084,2021-06-17,ABR,10913,5457,5456,7297,3452,164,ITF,ITF1,13,Abruzzo,Abruzzo,1304970,1185766,90.87,0.84
4085,2021-08-24,ABR,6359,3411,2948,1876,4331,152,ITF,ITF1,13,Abruzzo,Abruzzo,1304970,1192125,91.35,0.49
4086,2021-01-04,ABR,1515,685,830,1509,0,6,ITF,ITF1,13,Abruzzo,Abruzzo,1304970,1193640,91.47,0.12
4087,2021-01-23,ABR,265,116,149,51,208,6,ITF,ITF1,13,Abruzzo,Abruzzo,1304970,1193905,91.49,0.02
4088,2021-05-03,ABR,11153,5260,5893,7128,3837,188,ITF,ITF1,13,Abruzzo,Abruzzo,1304970,1205058,92.34,0.85
4089,2021-07-25,ABR,9863,5217,4646,2169,7571,123,ITF,ITF1,13,Abruzzo,Abruzzo,1304970,1214921,93.1,0.76
4090,2021-07-08,ABR,13497,6685,6812,3409,9922,166,ITF,ITF1,13,Abruzzo,Abruzzo,1304970,1228418,94.13,1.03
4091,2021-04-16,ABR,7547,3492,4055,5498,1917,132,ITF,ITF1,13,Abruzzo,Abruzzo,1304970,1235965,94.71,0.58
4092,2021-05-07,ABR,12216,5717,6499,7639,4425,152,ITF,ITF1,13,Abruzzo,Abruzzo,1304970,1248181,95.65,0.94
4093,2021-03-25,ABR,5802,2666,3136,3064,2625,113,ITF,ITF1,13,Abruzzo,Abruzzo,1304970,1253983,96.09,0.44
4094,2021-08-29,ABR,1466,875,591,521,931,14,ITF,ITF1,13,Abruzzo,Abruzzo,1304970,1255449,96.21,0.11
4095,2021-01-27,ABR,1367,515,852,32,1335,0,ITF,ITF1,13,Abruzzo,Abruzzo,1304970,1256816,96.31,0.1
4096,2021-07-13,ABR,15526,7754,7772,2824,12525,177,ITF,ITF1,13,Abruzzo,Abruzzo,1304970,1272342,97.5,1.19
4097,2021-08-12,ABR,8771,4627,4144,3180,5411,180,ITF,ITF1,13,Abruzzo,Abruzzo,1304970,1281113,98.17,0.67
4098,2021-06-16,ABR,10897,5453,5444,7991,2689,217,ITF,ITF1,13,Abruzzo,Abruzzo,1304970,1292010,99.01,0.84
4099,2021-02-27,ABR,2813,1338,1475,2513,267,33,ITF,ITF1,13,Abruzzo,Abruzzo,1304970,1294823,99.22,0.22
4100,2021-06-07,ABR,11103,5290,5813,9071,1846,186,ITF,ITF1,13,Abruzzo,Abruzzo,1304970,1305926,100.07,0.85
4101,2021-02-18,ABR,2292,934,1358,2142,133,17,ITF,ITF1,13,Abruzzo,Abruzzo,1304970,1308218,100.25,0.18
4102,2021-05-29,ABR,10318,4430,5888,4454,5772,92,ITF,ITF1,13,Abruzzo,Abruzzo,1304970,1318536,101.04,0.79
4103,2021-05-22,ABR,13161,6393,6768,8131,4918,112,ITF,ITF1,13,Abruzzo,Abruzzo,1304970,1331697,102.05,1.01
4104,2021-03-26,ABR,5362,2314,3048,3174,2080,108,ITF,ITF1,13,Abruzzo,Abruzzo,1304970,1337059,102.46,0.41
4105,2021-09-08,ABR,4423,2349,2074,1587,2733,103,ITF,ITF1,13,Abruzzo,Abruzzo,1304970,1341482,102.8,0.34
4106,2021-07-27,ABR,15140,7907,7233,3336,11627,177,ITF,ITF1,13,Abruzzo,Abruzzo,1304970,1356622,103.96,1.16
4107,2021-05-31,ABR,11339,5115,6224,6769,4444,126,ITF,ITF1,13,Abruzzo,Abruzzo,1304970,1367961,104.83,0.87
4108,2021-02-13,ABR,869,395,474,441,424,4,ITF,ITF1,13,Abruzzo,Abruzzo,1304970,1368830,104.89,0.07
4109,2021-07-17,ABR,14096,7384,6712,2646,11270,180,ITF,ITF1,13,Abruzzo,Abruzzo,1304970,1382926,105.97,1.08
4110,2021-03-04,ABR,5943,2360,3583,4973,928,42,ITF,ITF1,13,Abruzzo,Abruzzo,1304970,1388869,106.43,0.46
4111,2021-03-11,ABR,5493,2216,3277,4264,1140,89,ITF,ITF1,13,Abruzzo,Abruzzo,1304970,1394362,106.85,0.42
4112,2021-06-02,ABR,9773,4750,5023,6835,2819,119,ITF,ITF1,13,Abruzzo,Abruzzo,1304970,1404135,107.6,0.75
4113,2021-09-10,ABR,4938,2639,2299,1512,3323,103,ITF,ITF1,13,Abruzzo,Abruzzo,1304970,1409073,107.98,0.38
4114,2021-09-12,ABR,1610,866,744,759,785,66,ITF,ITF1,13,Abruzzo,Abruzzo,1304970,1410683,108.1,0.12
4115,2021-03-13,ABR,4122,1420,2702,3016,1043,63,ITF,ITF1,13,Abruzzo,Abruzzo,1304970,1414805,108.42,0.32
4116,2021-06-21,ABR,11055,5387,5668,4936,5990,129,ITF,ITF1,13,Abruzzo,Abruzzo,1304970,1425860,109.26,0.85
4117,2021-03-30,ABR,5128,2262,2866,3141,1825,162,ITF,ITF1,13,Abruzzo,Abruzzo,1304970,1430988,109.66,0.39
4118,2021-01-06,ABR,1991,819,1172,1981,0,10,ITF,ITF1,13,Abruzzo,Abruzzo,1304970,1432979,109.81,0.15
4119,2021-02-01,ABR,1633,574,1059,268,1364,1,ITF,ITF1,13,Abruzzo,Abruzzo,1304970,1434612,109.93,0.13
4120,2021-08-31,ABR,6384,3471,2913,1679,4595,110,ITF,ITF1,13,Abruzzo,Abruzzo,1304970,1440996,110.42,0.49
4121,2021-03-23,ABR,4835,2191,2644,2209,2567,59,ITF,ITF1,13,Abruzzo,Abruzzo,1304970,1445831,110.79,0.37
4122,2021-01-25,ABR,1605,633,972,11,1592,2,ITF,ITF1,13,Abruzzo,Abruzzo,1304970,1447436,110.92,0.12
4123,2021-07-03,ABR,10194,5149,5045,3500,6546,148,ITF,ITF1,13,Abruzzo,Abruzzo,1304970,1457630,111.7,0.78
4124,2021-05-21,ABR,13019,6329,6690,7864,4979,176,ITF,ITF1,13,Abruzzo,Abruzzo,1304970,1470649,112.7,1.0
4125,2021-03-18,ABR,3901,1653,2248,2038,1836,27,ITF,ITF1,13,Abruzzo,Abruzzo,1304970,1474550,112.99,0.3
4126,2021-08-22,ABR,1832,948,884,537,1243,52,ITF,ITF1,13,Abruzzo,Abruzzo,1304970,1476382,113.14,0.14
4127,2021-06-26,ABR,10051,5018,5033,5687,4201,163,ITF,ITF1,13,Abruzzo,Abruzzo,1304970,1486433,113.91,0.77
4128,2021-05-28,ABR,14026,6311,7715,7491,6366,169,ITF,ITF1,13,Abruzzo,Abruzzo,1304970,1500459,114.98,1.07
4129,2021-09-05,ABR,1428,781,647,437,963,28,ITF,ITF1,13,Abruzzo,Abruzzo,1304970,1501887,115.09,0.11
4130,2021-04-20,ABR,5638,2713,2925,4104,1456,78,ITF,ITF1,13,Abruzzo,Abruzzo,1304970,1507525,115.52,0.43
4131,2021-07-29,ABR,15179,7972,7207,3926,11042,211,ITF,ITF1,13,Abruzzo,Abruzzo,1304970,1522704,116.68,1.16
4132,2021-04-25,ABR,9072,4625,4447,8052,810,210,ITF,ITF1,13,Abruzzo,Abruzzo,1304970,1531776,117.38,0.7
4133,2021-08-05,ABR,13901,7161,6740,4714,8914,273,ITF,ITF1,13,Abruzzo,Abruzzo,1304970,1545677,118.45,1.07
4134,2021-01-08,ABR,1661,638,1023,1652,0,9,ITF,ITF1,13,Abruzzo,Abruzzo,1304970,1547338,118.57,0.13
4135,2021-04-18,ABR,5820,2729,3091,4726,944,150,ITF,ITF1,13,Abruzzo,Abruzzo,1304970,1553158,119.02,0.45
4136,2021-04-11,ABR,5380,2628,2752,4834,487,59,ITF,ITF1,13,Abruzzo,Abruzzo,1304970,1558538,119.43,0.41
4137,2021-06-09,ABR,11573,6092,5481,9702,1686,185,ITF,ITF1,13,Abruzzo,Abruzzo,1304970,1570111,120.32,0.89
4138,2021-09-17,ABR,3266,1811,1455,838,2376,52,ITF,ITF1,13,Abruzzo,Abruzzo,1304970,1573377,120.57,0.25
4139,2021-03-06,ABR,4183,1361,2822,3571,571,41,ITF,ITF1,13,Abruzzo,Abruzzo,1304970,1577560,120.89,0.32
4140,2021-07-10,ABR,13122,6632,6490,3010,9947,165,ITF,ITF1,13,Abruzzo,Abruzzo,1304970,1590682,121.89,1.01
4141,2021-05-14,ABR,10598,5072,5526,5283,5153,162,ITF,ITF1,13,Abruzzo,Abruzzo,1304970,1601280,122.71,0.81
4142,2021-04-01,ABR,5627,2520,3107,3427,2120,80,ITF,ITF1,13,Abruzzo,Abruzzo,1304970,1606907,123.14,0.43
4143,2021-02-20,ABR,4777,1844,2933,4657,76,44,ITF,ITF1,13,Abruzzo,Abruzzo,1304970,1611684,123.5,0.37
4144,2021-07-09,ABR,13613,6795,6818,2887,10587,139,ITF,ITF1,13,Abruzzo,Abruzzo,1304970,1625297,124.55,1.04
4145,2021-09-13,ABR,4590,2483,2107,1054,3457,79,ITF,ITF1,13,Abruzzo,Abruzzo,1304970,1629887,124.9,0.35
4146,2021-06-22,ABR,10410,4877,5533,5384,4846,180,ITF,ITF1,13,Abruzzo,Abruzzo,1304970,1640297,125.7,0.8
4147,2021-09-11,ABR,2385,1331,1054,1047,1231,107,ITF,ITF1,13,Abruzzo,Abruzzo,1304970,1642682,125.88,0.18
4148,2021-03-29,ABR,5710,2600,3110,3020,2640,50,ITF,ITF1,13,Abruzzo,Abruzzo,1304970,1648392,126.32,0.44
4149,2021-06-03,ABR,13197,6285,6912,9243,3779,175,ITF,ITF1,13,Abruzzo,Abruzzo,1304970,1661589,127.33,1.01
4150,2021-03-12,ABR,6042,1993,4049,4353,1610,79,ITF,ITF1,13,Abruzzo,Abruzzo,1304970,1667631,127.79,0.46
4151,2021-06-20,ABR,8445,4237,4208,5409,2933,103,ITF,ITF1,13,Abruzzo,Abruzzo,1304970,1676076,128.44,0.65
4152,2021-03-14,ABR,1883,732,1151,1201,669,13,ITF,ITF1,13,Abruzzo,Abruzzo,1304970,1677959,128.58,0.14
4153,2021-02-25,ABR,3055,1343,1712,2506,530,19,ITF,ITF1,13,Abruzzo,Abruzzo,1304970,1681014,128.82,0.23
4154,2021-06-05,ABR,14616,6865,7751,10362,4051,203,ITF,ITF1,13,Abruzzo,Abruzzo,1304970,1695630,129.94,1.12
4155,2021-08-08,ABR,4450,2428,2022,1886,2474,90,ITF,ITF1,13,Abruzzo,Abruzzo,1304970,1700080,130.28,0.34
4156,2021-05-17,ABR,11038,5039,5999,6017,4857,164,ITF,ITF1,13,Abruzzo,Abruzzo,1304970,1711118,131.12,0.85
4157,2021-08-25,ABR,7127,3796,3331,2374,4584,169,ITF,ITF1,13,Abruzzo,Abruzzo,1304970,1718245,131.67,0.55
4158,2021-08-27,ABR,7971,4201,3770,2468,5343,160,ITF,ITF1,13,Abruzzo,Abruzzo,1304970,1726216,132.28,0.61
4159,2021-02-23,ABR,2780,1274,1506,2754,11,15,ITF,ITF1,13,Abruzzo,Abruzzo,1304970,1728996,132.49,0.21
4160,2021-02-06,ABR,1613,745,868,595,1011,7,ITF,ITF1,13,Abruzzo,Abruzzo,1304970,1730609,132.62,0.12
4161,2021-02-08,ABR,1194,396,798,487,707,0,ITF,ITF1,13,Abruzzo,Abruzzo,1304970,1731803,132.71,0.09
4162,2021-05-19,ABR,10730,5127,5603,7566,3037,127,ITF,ITF1,13,Abruzzo,Abruzzo,1304970,1742533,133.53,0.82
4163,2021-04-30,ABR,12513,5871,6642,6510,5728,275,ITF,ITF1,13,Abruzzo,Abruzzo,1304970,1755046,134.49,0.96
4164,2021-04-13,ABR,5894,2756,3138,4557,1238,99,ITF,ITF1,13,Abruzzo,Abruzzo,1304970,1760940,134.94,0.45
4165,2021-01-20,ABR,449,157,292,427,2,20,ITF,ITF1,13,Abruzzo,Abruzzo,1304970,1761389,134.98,0.03
4166,2021-07-05,ABR,10910,5350,5560,4039,6676,195,ITF,ITF1,13,Abruzzo,Abruzzo,1304970,1772299,135.81,0.84
4167,2021-07-22,ABR,14487,7412,7075,3516,10762,209,ITF,ITF1,13,Abruzzo,Abruzzo,1304970,1786786,136.92,1.11
4168,2021-07-24,ABR,12635,6843,5792,3809,8588,238,ITF,ITF1,13,Abruzzo,Abruzzo,1304970,1799421,137.89,0.97
4169,2021-05-02,ABR,10464,5114,5350,5087,5232,145,ITF,ITF1,13,Abruzzo,Abruzzo,1304970,1809885,138.69,0.8
4170,2021-08-10,ABR,9270,4964,4306,3397,5661,212,ITF,ITF1,13,Abruzzo,Abruzzo,1304970,1819155,139.4,0.71
4171,2021-05-24,CAM,31363,15157,16206,15852,15159,352,ITF,ITF3,15,Campania,Campania,5801692,31363,0.54,0.54
4172,2021-02-13,CAM,5508,2549,2959,5102,217,189,ITF,ITF3,15,Campania,Campania,5801692,36871,0.64,0.09
4173,2021-08-01,CAM,16085,8414,7671,6881,8834,370,ITF,ITF3,15,Campania,Campania,5801692,52956,0.91,0.28
4174,2021-04-23,CAM,32360,15538,16822,22420,9161,779,ITF,ITF3,15,Campania,Campania,5801692,85316,1.47,0.56
4175,2021-08-15,CAM,1122,639,483,215,899,8,ITF,ITF3,15,Campania,Campania,5801692,86438,1.49,0.02
4176,2021-08-03,CAM,31998,16223,15775,14456,16657,885,ITF,ITF3,15,Campania,Campania,5801692,118436,2.04,0.55
4177,2021-02-11,CAM,6292,2715,3577,5911,77,304,ITF,ITF3,15,Campania,Campania,5801692,124728,2.15,0.11
4178,2021-01-30,CAM,10733,5083,5650,43,10688,2,ITF,ITF3,15,Campania,Campania,5801692,135461,2.33,0.18
4179,2021-07-03,CAM,67283,32499,34784,8120,58715,448,ITF,ITF3,15,Campania,Campania,5801692,202744,3.49,1.16
4180,2021-08-29,CAM,10261,5575,4686,3714,6277,270,ITF,ITF3,15,Campania,Campania,5801692,213005,3.67,0.18
4181,2021-01-16,CAM,3373,1678,1695,3262,0,111,ITF,ITF3,15,Campania,Campania,5801692,216378,3.73,0.06
4182,2021-03-02,CAM,12762,4560,8202,8180,4345,237,ITF,ITF3,15,Campania,Campania,5801692,229140,3.95,0.22
4183,2021-07-15,CAM,66738,32057,34681,8686,57088,964,ITF,ITF3,15,Campania,Campania,5801692,295878,5.1,1.15
4184,2021-03-28,CAM,15565,7510,8055,13561,1625,379,ITF,ITF3,15,Campania,Campania,5801692,311443,5.37,0.27
4185,2021-01-04,CAM,5828,2962,2866,5727,0,101,ITF,ITF3,15,Campania,Campania,5801692,317271,5.47,0.1
4186,2021-09-10,CAM,18458,9430,9028,8303,9263,892,ITF,ITF3,15,Campania,Campania,5801692,335729,5.79,0.32
4187,2021-06-19,CAM,62408,29712,32696,24070,37769,569,ITF,ITF3,15,Campania,Campania,5801692,398137,6.86,1.08
4188,2021-06-24,CAM,66123,31869,34254,13273,52312,538,ITF,ITF3,15,Campania,Campania,5801692,464260,8.0,1.14
4189,2021-03-16,CAM,8090,3519,4571,3695,4317,78,ITF,ITF3,15,Campania,Campania,5801692,472350,8.14,0.14
4190,2021-08-20,CAM,17413,9327,8086,7429,9423,561,ITF,ITF3,15,Campania,Campania,5801692,489763,8.44,0.3
4191,2021-01-25,CAM,5760,2929,2831,174,5586,0,ITF,ITF3,15,Campania,Campania,5801692,495523,8.54,0.1
4192,2021-07-01,CAM,61546,29873,31673,19689,41034,823,ITF,ITF3,15,Campania,Campania,5801692,557069,9.6,1.06
4193,2021-03-23,CAM,15750,7450,8300,12848,2516,386,ITF,ITF3,15,Campania,Campania,5801692,572819,9.87,0.27
4194,2021-04-11,CAM,17529,8610,8919,15025,2089,415,ITF,ITF3,15,Campania,Campania,5801692,590348,10.18,0.3
4195,2021-04-28,CAM,36426,17632,18794,25821,9763,842,ITF,ITF3,15,Campania,Campania,5801692,626774,10.8,0.63
4196,2021-01-18,CAM,959,399,560,683,244,32,ITF,ITF3,15,Campania,Campania,5801692,627733,10.82,0.02
4197,2021-07-20,CAM,40105,19783,20322,6123,33335,647,ITF,ITF3,15,Campania,Campania,5801692,667838,11.51,0.69
4198,2021-09-15,CAM,15304,7571,7733,6112,8537,655,ITF,ITF3,15,Campania,Campania,5801692,683142,11.77,0.26
4199,2021-06-07,CAM,57604,27731,29873,52517,4053,1034,ITF,ITF3,15,Campania,Campania,5801692,740746,12.77,0.99
4200,2021-02-25,CAM,12444,4487,7957,10938,1208,298,ITF,ITF3,15,Campania,Campania,5801692,753190,12.98,0.21
4201,2021-04-09,CAM,29952,14085,15867,23150,6139,663,ITF,ITF3,15,Campania,Campania,5801692,783142,13.5,0.52
4202,2021-06-05,CAM,77652,37596,40056,70556,6039,1057,ITF,ITF3,15,Campania,Campania,5801692,860794,14.84,1.34
4203,2021-06-26,CAM,62955,30697,32258,14501,47864,590,ITF,ITF3,15,Campania,Campania,5801692,923749,15.92,1.09
4204,2021-07-13,CAM,53698,25798,27900,4671,48506,521,ITF,ITF3,15,Campania,Campania,5801692,977447,16.85,0.93
4205,2021-04-04,CAM,7965,4016,3949,6672,1046,247,ITF,ITF3,15,Campania,Campania,5801692,985412,16.98,0.14
4206,2021-06-12,CAM,64001,31546,32455,55591,7216,1194,ITF,ITF3,15,Campania,Campania,5801692,1049413,18.09,1.1
4207,2021-03-04,CAM,14709,5395,9314,8522,5897,290,ITF,ITF3,15,Campania,Campania,5801692,1064122,18.34,0.25
4208,2021-07-27,CAM,49168,24450,24718,12590,35730,848,ITF,ITF3,15,Campania,Campania,5801692,1113290,19.19,0.85
4209,2021-09-08,CAM,19132,9653,9479,8695,9620,817,ITF,ITF3,15,Campania,Campania,5801692,1132422,19.52,0.33
4210,2021-04-16,CAM,34453,16638,17815,23044,10670,739,ITF,ITF3,15,Campania,Campania,5801692,1166875,20.11,0.59
4211,2021-01-06,CAM,7652,3751,3901,7507,0,145,ITF,ITF3,15,Campania,Campania,5801692,1174527,20.24,0.13
4212,2021-02-18,CAM,9110,3833,5277,8147,727,236,ITF,ITF3,15,Campania,Campania,5801692,1183637,20.4,0.16
4213,2021-01-11,CAM,4081,1879,2202,3968,0,113,ITF,ITF3,15,Campania,Campania,5801692,1187718,20.47,0.07
4214,2021-09-17,CAM,6600,3289,3311,2720,3591,289,ITF,ITF3,15,Campania,Campania,5801692,1194318,20.59,0.11
4215,2021-09-03,CAM,26492,13636,12856,10797,14773,922,ITF,ITF3,15,Campania,Campania,5801692,1220810,21.04,0.46
4216,2021-08-22,CAM,6812,3877,2935,2535,4128,149,ITF,ITF3,15,Campania,Campania,5801692,1227622,21.16,0.12
4217,2021-01-23,CAM,3843,2032,1811,267,3570,6,ITF,ITF3,15,Campania,Campania,5801692,1231465,21.23,0.07
4218,2021-03-21,CAM,10079,4679,5400,7483,2391,205,ITF,ITF3,15,Campania,Campania,5801692,1241544,21.4,0.17
4219,2021-02-10,CAM,6939,3439,3500,6483,206,250,ITF,ITF3,15,Campania,Campania,5801692,1248483,21.52,0.12
4220,2021-07-17,CAM,55272,27562,27710,3351,51549,372,ITF,ITF3,15,Campania,Campania,5801692,1303755,22.47,0.95
4221,2021-03-09,CAM,14145,6878,7267,9896,3799,450,ITF,ITF3,15,Campania,Campania,5801692,1317900,22.72,0.24
4222,2021-05-31,CAM,40825,20716,20109,29840,10401,584,ITF,ITF3,15,Campania,Campania,5801692,1358725,23.42,0.7
4223,2021-06-14,CAM,37132,17921,19211,18691,18024,417,ITF,ITF3,15,Campania,Campania,5801692,1395857,24.06,0.64
4224,2021-08-10,CAM,21641,11192,10449,13583,6951,1107,ITF,ITF3,15,Campania,Campania,5801692,1417498,24.43,0.37
4225,2021-08-27,CAM,24406,13017,11389,7831,15887,688,ITF,ITF3,15,Campania,Campania,5801692,1441904,24.85,0.42
4226,2021-05-19,CAM,51310,22660,28650,33755,16759,796,ITF,ITF3,15,Campania,Campania,5801692,1493214,25.74,0.88
4227,2021-05-05,CAM,51190,24869,26321,43146,6398,1646,ITF,ITF3,15,Campania,Campania,5801692,1544404,26.62,0.88
4228,2021-05-17,CAM,49511,21756,27755,23600,25399,512,ITF,ITF3,15,Campania,Campania,5801692,1593915,27.47,0.85
4229,2021-02-06,CAM,5343,2666,2677,2002,3241,100,ITF,ITF3,15,Campania,Campania,5801692,1599258,27.57,0.09
4230,2021-07-22,CAM,61854,30553,31301,6479,54794,581,ITF,ITF3,15,Campania,Campania,5801692,1661112,28.63,1.07
4231,2021-08-08,CAM,7575,4042,3533,4646,2667,262,ITF,ITF3,15,Campania,Campania,5801692,1668687,28.76,0.13
4232,2021-04-30,CAM,42332,20199,22133,24941,16510,881,ITF,ITF3,15,Campania,Campania,5801692,1711019,29.49,0.73
4233,2021-02-04,CAM,7946,3430,4516,1249,6638,59,ITF,ITF3,15,Campania,Campania,5801692,1718965,29.63,0.14
4234,2021-07-31,CAM,30728,16215,14513,10436,19600,692,ITF,ITF3,15,Campania,Campania,5801692,1749693,30.16,0.53
4235,2021-05-07,CAM,59792,29215,30577,42291,15970,1531,ITF,ITF3,15,Campania,Campania,5801692,1809485,31.19,1.03
4236,2021-01-27,CAM,7755,3824,3931,168,7582,5,ITF,ITF3,15,Campania,Campania,5801692,1817240,31.32,0.13
4237,2021-04-25,CAM,30745,15179,15566,24519,5408,818,ITF,ITF3,15,Campania,Campania,5801692,1847985,31.85,0.53
4238,2021-01-13,CAM,8031,3676,4355,7786,0,245,ITF,ITF3,15,Campania,Campania,5801692,1856016,31.99,0.14
4239,2021-05-26,CAM,52748,25881,26867,21111,31161,476,ITF,ITF3,15,Campania,Campania,5801692,1908764,32.9,0.91
4240,2021-04-06,CAM,24530,11569,12961,19453,4526,551,ITF,ITF3,15,Campania,Campania,5801692,1933294,33.32,0.42
4241,2021-07-12,CAM,56705,27377,29328,3696,52606,403,ITF,ITF3,15,Campania,Campania,5801692,1989999,34.3,0.98
4242,2020-12-27,CAM,720,422,298,716,0,4,ITF,ITF3,15,Campania,Campania,5801692,1990719,34.31,0.01
4243,2021-07-29,CAM,48509,24349,24160,13417,34141,951,ITF,ITF3,15,Campania,Campania,5801692,2039228,35.15,0.84
4244,2021-04-20,CAM,32184,15557,16627,20232,11339,613,ITF,ITF3,15,Campania,Campania,5801692,2071412,35.7,0.55
4245,2021-06-28,CAM,46536,22742,23794,20374,25414,748,ITF,ITF3,15,Campania,Campania,5801692,2117948,36.51,0.8
4246,2021-03-20,CAM,13990,6531,7459,9970,3739,281,ITF,ITF3,15,Campania,Campania,5801692,2131938,36.75,0.24
4247,2021-04-08,CAM,28524,13841,14683,22029,5848,647,ITF,ITF3,15,Campania,Campania,5801692,2160462,37.24,0.49
4248,2021-06-04,CAM,74588,35845,38743,64408,9136,1044,ITF,ITF3,15,Campania,Campania,5801692,2235050,38.52,1.29
4249,2021-05-21,CAM,63876,29654,34222,42140,20706,1030,ITF,ITF3,15,Campania,Campania,5801692,2298926,39.63,1.1
4250,2021-04-01,CAM,24694,12023,12671,20029,4137,528,ITF,ITF3,15,Campania,Campania,5801692,2323620,40.05,0.43
4251,2021-09-05,CAM,8208,4272,3936,5163,2583,462,ITF,ITF3,15,Campania,Campania,5801692,2331828,40.19,0.14
4252,2021-05-28,CAM,73083,35335,37748,26265,46184,634,ITF,ITF3,15,Campania,Campania,5801692,2404911,41.45,1.26
4253,2021-05-14,CAM,61047,27585,33462,34655,24740,1652,ITF,ITF3,15,Campania,Campania,5801692,2465958,42.5,1.05
4254,2021-07-10,CAM,66914,32669,34245,2699,63964,251,ITF,ITF3,15,Campania,Campania,5801692,2532872,43.66,1.15
4255,2021-05-12,CAM,40939,19980,20959,30496,9172,1271,ITF,ITF3,15,Campania,Campania,5801692,2573811,44.36,0.71
4256,2021-07-08,CAM,61131,29426,31705,5601,55160,370,ITF,ITF3,15,Campania,Campania,5801692,2634942,45.42,1.05
4257,2021-03-18,CAM,12180,5383,6797,5786,6193,201,ITF,ITF3,15,Campania,Campania,5801692,2647122,45.63,0.21
4258,2021-08-31,CAM,27774,13965,13809,10817,15977,980,ITF,ITF3,15,Campania,Campania,5801692,2674896,46.11,0.48
4259,2021-02-15,CAM,5473,2517,2956,5150,175,148,ITF,ITF3,15,Campania,Campania,5801692,2680369,46.2,0.09
4260,2021-06-09,CAM,53065,26052,27013,41406,10917,742,ITF,ITF3,15,Campania,Campania,5801692,2733434,47.11,0.91
4261,2021-03-01,CAM,12134,4249,7885,7737,4113,284,ITF,ITF3,15,Campania,Campania,5801692,2745568,47.32,0.21
4262,2021-08-17,CAM,22281,12044,10237,7292,14442,547,ITF,ITF3,15,Campania,Campania,5801692,2767849,47.71,0.38
4263,2021-05-09,CAM,43215,20293,22922,30864,11107,1244,ITF,ITF3,15,Campania,Campania,5801692,2811064,48.45,0.74
4264,2021-01-01,CAM,919,506,413,899,0,20,ITF,ITF3,15,Campania,Campania,5801692,2811983,48.47,0.02
4265,2021-03-25,CAM,20329,9658,10671,16323,3507,499,ITF,ITF3,15,Campania,Campania,5801692,2832312,48.82,0.35
4266,2021-02-24,CAM,11810,4158,7652,10806,715,289,ITF,ITF3,15,Campania,Campania,5801692,2844122,49.02,0.2
4267,2021-01-05,CAM,7237,3637,3600,7074,0,163,ITF,ITF3,15,Campania,Campania,5801692,2851359,49.15,0.12
4268,2021-09-16,CAM,14401,7206,7195,6140,7639,622,ITF,ITF3,15,Campania,Campania,5801692,2865760,49.4,0.25
4269,2021-02-27,CAM,13957,4471,9486,11962,1653,342,ITF,ITF3,15,Campania,Campania,5801692,2879717,49.64,0.24
4270,2021-06-16,CAM,31652,15011,16641,20359,10775,518,ITF,ITF3,15,Campania,Campania,5801692,2911369,50.18,0.55
4271,2021-08-12,CAM,18927,9998,8929,12398,5718,811,ITF,ITF3,15,Campania,Campania,5801692,2930296,50.51,0.33
4272,2021-05-02,CAM,43496,21552,21944,31174,11377,945,ITF,ITF3,15,Campania,Campania,5801692,2973792,51.26,0.75
4273,2021-01-22,CAM,1534,783,751,666,854,14,ITF,ITF3,15,Campania,Campania,5801692,2975326,51.28,0.03
4274,2021-09-07,CAM,20543,10391,10152,9498,10187,858,ITF,ITF3,15,Campania,Campania,5801692,2995869,51.64,0.35
4275,2021-02-08,CAM,5128,2459,2669,4163,815,150,ITF,ITF3,15,Campania,Campania,5801692,3000997,51.73,0.09
4276,2021-09-14,CAM,15829,7792,8037,6764,8371,694,ITF,ITF3,15,Campania,Campania,5801692,3016826,52.0,0.27
4277,2021-04-18,CAM,27223,13287,13936,17766,8904,553,ITF,ITF3,15,Campania,Campania,5801692,3044049,52.47,0.47
4278,2021-01-08,CAM,10459,4970,5489,10195,0,264,ITF,ITF3,15,Campania,Campania,5801692,3054508,52.65,0.18
4279,2021-04-27,CAM,32170,15633,16537,23418,7930,822,ITF,ITF3,15,Campania,Campania,5801692,3086678,53.2,0.55
4280,2021-06-23,CAM,46777,22096,24681,10574,35804,399,ITF,ITF3,15,Campania,Campania,5801692,3133455,54.01,0.81
4281,2021-08-05,CAM,35176,18032,17144,17281,16832,1063,ITF,ITF3,15,Campania,Campania,5801692,3168631,54.62,0.61
4282,2021-01-15,CAM,5000,2394,2606,4840,0,160,ITF,ITF3,15,Campania,Campania,5801692,3173631,54.7,0.09
4283,2021-06-21,CAM,46924,22687,24237,11197,35295,432,ITF,ITF3,15,Campania,Campania,5801692,3220555,55.51,0.81
4284,2021-03-13,CAM,14526,7044,7482,8945,5283,298,ITF,ITF3,15,Campania,Campania,5801692,3235081,55.76,0.25
4285,2021-01-10,CAM,8165,3736,4429,7963,0,202,ITF,ITF3,15,Campania,Campania,5801692,3243246,55.9,0.14
4286,2021-04-03,CAM,21120,10316,10804,18228,2383,509,ITF,ITF3,15,Campania,Campania,5801692,3264366,56.27,0.36
4287,2021-07-14,CAM,51120,24586,26534,4251,46502,367,ITF,ITF3,15,Campania,Campania,5801692,3315486,57.15,0.88
4288,2021-04-05,CAM,11641,5541,6100,8890,2424,327,ITF,ITF3,15,Campania,Campania,5801692,3327127,57.35,0.2
4289,2021-03-17,CAM,11599,5103,6496,4846,6591,162,ITF,ITF3,15,Campania,Campania,5801692,3338726,57.55,0.2
4290,2021-06-11,CAM,70846,34426,36420,63448,6058,1340,ITF,ITF3,15,Campania,Campania,5801692,3409572,58.77,1.22
4291,2021-03-03,CAM,13925,5496,8429,7066,6632,227,ITF,ITF3,15,Campania,Campania,5801692,3423497,59.01,0.24
4292,2021-02-17,CAM,7419,3229,4190,6211,1073,135,ITF,ITF3,15,Campania,Campania,5801692,3430916,59.14,0.13
4293,2021-04-15,CAM,34356,16667,17689,23760,9908,688,ITF,ITF3,15,Campania,Campania,5801692,3465272,59.73,0.59
4294,2021-07-28,CAM,49455,24548,24907,13727,34779,949,ITF,ITF3,15,Campania,Campania,5801692,3514727,60.58,0.85
4295,2021-07-24,CAM,47999,24874,23125,6612,40889,498,ITF,ITF3,15,Campania,Campania,5801692,3562726,61.41,0.83
4296,2021-01-20,CAM,1264,654,610,1233,0,31,ITF,ITF3,15,Campania,Campania,5801692,3563990,61.43,0.02
4297,2021-04-13,CAM,26618,12690,13928,20524,5539,555,ITF,ITF3,15,Campania,Campania,5801692,3590608,61.89,0.46
4298,2021-01-03,CAM,3836,2009,1827,3787,0,49,ITF,ITF3,15,Campania,Campania,5801692,3594444,61.96,0.07
4299,2021-03-06,CAM,16376,6819,9557,10364,5672,340,ITF,ITF3,15,Campania,Campania,5801692,3610820,62.24,0.28
4300,2021-08-19,CAM,22020,11638,10382,9576,11774,670,ITF,ITF3,15,Campania,Campania,5801692,3632840,62.62,0.38
4301,2021-03-22,CAM,13189,6354,6835,10808,2045,336,ITF,ITF3,15,Campania,Campania,5801692,3646029,62.84,0.23
4302,2021-02-07,CAM,2929,1382,1547,2066,771,92,ITF,ITF3,15,Campania,Campania,5801692,3648958,62.89,0.05
4303,2021-06-30,CAM,47674,22778,24896,18204,28660,810,ITF,ITF3,15,Campania,Campania,5801692,3696632,63.72,0.82
4304,2021-09-04,CAM,18062,9828,8234,8638,8442,982,ITF,ITF3,15,Campania,Campania,5801692,3714694,64.03,0.31
4305,2021-08-16,CAM,12468,6696,5772,6211,5726,531,ITF,ITF3,15,Campania,Campania,5801692,3727162,64.24,0.21
4306,2021-05-23,CAM,58765,28649,30116,37207,20906,652,ITF,ITF3,15,Campania,Campania,5801692,3785927,65.26,1.01
4307,2021-02-12,CAM,6563,2876,3687,6084,218,261,ITF,ITF3,15,Campania,Campania,5801692,3792490,65.37,0.11
4308,2021-01-29,CAM,10086,4822,5264,67,10015,4,ITF,ITF3,15,Campania,Campania,5801692,3802576,65.54,0.17
4309,2021-06-25,CAM,65518,31804,33714,13600,51346,572,ITF,ITF3,15,Campania,Campania,5801692,3868094,66.67,1.13
4310,2021-09-02,CAM,25521,13188,12333,10159,14454,908,ITF,ITF3,15,Campania,Campania,5801692,3893615,67.11,0.44
4311,2021-05-25,CAM,46575,22431,24144,22548,23459,568,ITF,ITF3,15,Campania,Campania,5801692,3940190,67.91,0.8
4312,2021-07-05,CAM,63324,30528,32796,12619,49899,806,ITF,ITF3,15,Campania,Campania,5801692,4003514,69.01,1.09
4313,2021-09-09,CAM,18403,9415,8988,8214,9377,812,ITF,ITF3,15,Campania,Campania,5801692,4021917,69.32,0.32
4314,2021-02-01,CAM,3988,1814,2174,104,3876,8,ITF,ITF3,15,Campania,Campania,5801692,4025905,69.39,0.07
4315,2021-03-30,CAM,22061,10584,11477,18540,2959,562,ITF,ITF3,15,Campania,Campania,5801692,4047966,69.77,0.38
4316,2021-04-17,CAM,36204,17518,18686,23929,11518,757,ITF,ITF3,15,Campania,Campania,5801692,4084170,70.4,0.62
4317,2021-06-13,CAM,43428,21243,22185,37862,4731,835,ITF,ITF3,15,Campania,Campania,5801692,4127598,71.14,0.75
4318,2021-05-30,CAM,52171,25453,26718,37948,13329,894,ITF,ITF3,15,Campania,Campania,5801692,4179769,72.04,0.9
4319,2021-06-27,CAM,43561,21452,22109,13978,29073,510,ITF,ITF3,15,Campania,Campania,5801692,4223330,72.79,0.75
4320,2021-03-19,CAM,11153,4979,6174,7070,3877,206,ITF,ITF3,15,Campania,Campania,5801692,4234483,72.99,0.19
4321,2021-06-10,CAM,76018,36714,39304,67604,7110,1304,ITF,ITF3,15,Campania,Campania,5801692,4310501,74.3,1.31
4322,2021-04-22,CAM,34122,16637,17485,20873,12547,702,ITF,ITF3,15,Campania,Campania,5801692,4344623,74.89,0.59
4323,2021-01-12,CAM,5221,2569,2652,5082,0,139,ITF,ITF3,15,Campania,Campania,5801692,4349844,74.98,0.09
4324,2021-08-14,CAM,4919,2804,2115,2051,2706,162,ITF,ITF3,15,Campania,Campania,5801692,4354763,75.06,0.08
4325,2021-05-06,CAM,57626,28141,29485,41152,14779,1695,ITF,ITF3,15,Campania,Campania,5801692,4412389,76.05,0.99
4326,2021-09-01,CAM,27217,13718,13499,10232,16120,865,ITF,ITF3,15,Campania,Campania,5801692,4439606,76.52,0.47
4327,2021-08-18,CAM,19594,10346,9248,7731,11293,570,ITF,ITF3,15,Campania,Campania,5801692,4459200,76.86,0.34
4328,2021-01-17,CAM,1155,551,604,682,453,20,ITF,ITF3,15,Campania,Campania,5801692,4460355,76.88,0.02
4329,2021-03-15,CAM,13356,6500,6856,8305,4748,303,ITF,ITF3,15,Campania,Campania,5801692,4473711,77.11,0.23
4330,2021-07-02,CAM,55895,27013,28882,14332,40965,598,ITF,ITF3,15,Campania,Campania,5801692,4529606,78.07,0.96
4331,2021-08-28,CAM,17708,9615,8093,5361,11842,505,ITF,ITF3,15,Campania,Campania,5801692,4547314,78.38,0.31
4332,2021-03-08,CAM,14694,6852,7842,9431,4781,482,ITF,ITF3,15,Campania,Campania,5801692,4562008,78.63,0.25
4333,2021-05-04,CAM,48482,23344,25138,38206,8907,1369,ITF,ITF3,15,Campania,Campania,5801692,4610490,79.47,0.84
4334,2021-01-24,CAM,4123,2120,2003,361,3745,17,ITF,ITF3,15,Campania,Campania,5801692,4614613,79.54,0.07
4335,2021-08-21,CAM,9801,5397,4404,4078,5343,380,ITF,ITF3,15,Campania,Campania,5801692,4624414,79.71,0.17
4336,2021-05-13,CAM,55457,24834,30623,37695,16025,1737,ITF,ITF3,15,Campania,Campania,5801692,4679871,80.66,0.96
4337,2021-07-09,CAM,61510,29781,31729,4303,56845,362,ITF,ITF3,15,Campania,Campania,5801692,4741381,81.72,1.06
4338,2021-02-19,CAM,9588,3569,6019,8682,662,244,ITF,ITF3,15,Campania,Campania,5801692,4750969,81.89,0.17
4339,2021-07-26,CAM,48864,24319,24545,10212,37943,709,ITF,ITF3,15,Campania,Campania,5801692,4799833,82.73,0.84
4340,2020-12-31,CAM,1490,811,679,1470,0,20,ITF,ITF3,15,Campania,Campania,5801692,4801323,82.76,0.03
4341,2021-06-06,CAM,63232,31449,31783,61548,651,1033,ITF,ITF3,15,Campania,Campania,5801692,4864555,83.85,1.09
4342,2021-02-26,CAM,13366,4236,9130,11684,1368,314,ITF,ITF3,15,Campania,Campania,5801692,4877921,84.08,0.23
4343,2021-08-02,CAM,41768,21213,20555,13046,28014,708,ITF,ITF3,15,Campania,Campania,5801692,4919689,84.8,0.72
4344,2021-04-24,CAM,36387,17539,18848,24301,11250,836,ITF,ITF3,15,Campania,Campania,5801692,4956076,85.42,0.63
4345,2021-05-08,CAM,56455,27151,29304,38996,15850,1609,ITF,ITF3,15,Campania,Campania,5801692,5012531,86.4,0.97
4346,2021-01-28,CAM,8851,4130,4721,140,8703,8,ITF,ITF3,15,Campania,Campania,5801692,5021382,86.55,0.15
4347,2021-07-30,CAM,44827,22822,22005,14313,29501,1013,ITF,ITF3,15,Campania,Campania,5801692,5066209,87.32,0.77
4348,2021-04-21,CAM,30355,14773,15582,17549,12232,574,ITF,ITF3,15,Campania,Campania,5801692,5096564,87.85,0.52
4349,2021-07-19,CAM,43999,21546,22453,5147,38376,476,ITF,ITF3,15,Campania,Campania,5801692,5140563,88.6,0.76
4350,2021-04-10,CAM,28367,13501,14866,22758,4917,692,ITF,ITF3,15,Campania,Campania,5801692,5168930,89.09,0.49
4351,2021-01-07,CAM,8909,4167,4742,8734,0,175,ITF,ITF3,15,Campania,Campania,5801692,5177839,89.25,0.15
4352,2021-03-05,CAM,16823,6668,10155,9822,6672,329,ITF,ITF3,15,Campania,Campania,5801692,5194662,89.54,0.29
4353,2021-07-07,CAM,52317,24824,27493,7101,44645,571,ITF,ITF3,15,Campania,Campania,5801692,5246979,90.44,0.9
4354,2021-03-29,CAM,19412,9580,9832,17413,1551,448,ITF,ITF3,15,Campania,Campania,5801692,5266391,90.77,0.33
4355,2021-06-20,CAM,47615,22749,24866,14188,32997,430,ITF,ITF3,15,Campania,Campania,5801692,5314006,91.59,0.82
4356,2021-03-27,CAM,21520,10243,11277,17203,3869,448,ITF,ITF3,15,Campania,Campania,5801692,5335526,91.96,0.37
4357,2021-06-22,CAM,52455,25015,27440,13066,39005,384,ITF,ITF3,15,Campania,Campania,5801692,5387981,92.87,0.9
4358,2021-03-14,CAM,8617,3826,4791,4355,4142,120,ITF,ITF3,15,Campania,Campania,5801692,5396598,93.02,0.15
4359,2021-05-10,CAM,35482,16395,19087,24817,9932,733,ITF,ITF3,15,Campania,Campania,5801692,5432080,93.63,0.61
4360,2021-06-08,CAM,53117,25878,27239,45240,7081,796,ITF,ITF3,15,Campania,Campania,5801692,5485197,94.54,0.92
4361,2021-05-27,CAM,73051,35401,37650,25814,46661,576,ITF,ITF3,15,Campania,Campania,5801692,5558248,95.8,1.26
4362,2021-02-16,CAM,5471,2431,3040,4498,787,186,ITF,ITF3,15,Campania,Campania,5801692,5563719,95.9,0.09
4363,2021-05-22,CAM,68133,32557,35576,45598,21660,875,ITF,ITF3,15,Campania,Campania,5801692,5631852,97.07,1.17
4364,2021-01-31,CAM,8069,3712,4357,21,8047,1,ITF,ITF3,15,Campania,Campania,5801692,5639921,97.21,0.14
4365,2021-05-11,CAM,39891,19253,20638,29515,9407,969,ITF,ITF3,15,Campania,Campania,5801692,5679812,97.9,0.69
4366,2021-02-28,CAM,10412,3208,7204,8274,1901,237,ITF,ITF3,15,Campania,Campania,5801692,5690224,98.08,0.18
4367,2021-02-14,CAM,3929,1923,2006,3842,34,53,ITF,ITF3,15,Campania,Campania,5801692,5694153,98.15,0.07
4368,2021-01-26,CAM,7350,3733,3617,335,6994,21,ITF,ITF3,15,Campania,Campania,5801692,5701503,98.27,0.13
4369,2021-04-19,CAM,30787,14835,15952,18638,11592,557,ITF,ITF3,15,Campania,Campania,5801692,5732290,98.8,0.53
4370,2021-06-01,CAM,42312,20990,21322,31438,10552,322,ITF,ITF3,15,Campania,Campania,5801692,5774602,99.53,0.73
4371,2021-06-18,CAM,65899,31406,34493,34803,30312,784,ITF,ITF3,15,Campania,Campania,5801692,5840501,100.67,1.14
4372,2021-03-10,CAM,15639,7739,7900,8419,6853,367,ITF,ITF3,15,Campania,Campania,5801692,5856140,100.94,0.27
4373,2021-08-06,CAM,31227,16258,14969,17526,12643,1058,ITF,ITF3,15,Campania,Campania,5801692,5887367,101.48,0.54
4374,2021-08-23,CAM,23718,12360,11358,9508,13351,859,ITF,ITF3,15,Campania,Campania,5801692,5911085,101.89,0.41
4375,2021-05-15,CAM,62824,29087,33737,41936,18879,2009,ITF,ITF3,15,Campania,Campania,5801692,5973909,102.97,1.08
4376,2021-03-12,CAM,14583,7414,7169,8130,6088,365,ITF,ITF3,15,Campania,Campania,5801692,5988492,103.22,0.25
4377,2021-09-11,CAM,11881,6427,5454,6218,4950,713,ITF,ITF3,15,Campania,Campania,5801692,6000373,103.42,0.2
4378,2021-06-03,CAM,72657,35244,37413,60831,10682,1144,ITF,ITF3,15,Campania,Campania,5801692,6073030,104.68,1.25
4379,2021-02-23,CAM,11020,3399,7621,10153,544,323,ITF,ITF3,15,Campania,Campania,5801692,6084050,104.87,0.19
4380,2021-08-25,CAM,22834,12019,10815,8689,13422,723,ITF,ITF3,15,Campania,Campania,5801692,6106884,105.26,0.39
4381,2021-08-13,CAM,16869,9152,7717,9713,6605,551,ITF,ITF3,15,Campania,Campania,5801692,6123753,105.55,0.29
4382,2021-01-14,CAM,7082,2983,4099,6816,0,266,ITF,ITF3,15,Campania,Campania,5801692,6130835,105.67,0.12
4383,2021-02-21,CAM,5840,2242,3598,5487,228,125,ITF,ITF3,15,Campania,Campania,5801692,6136675,105.77,0.1
4384,2021-08-04,CAM,29840,15309,14531,15769,13101,970,ITF,ITF3,15,Campania,Campania,5801692,6166515,106.29,0.51
4385,2021-04-26,CAM,34059,16653,17406,27511,5630,918,ITF,ITF3,15,Campania,Campania,5801692,6200574,106.88,0.59
4386,2021-03-07,CAM,11975,5407,6568,7764,3844,367,ITF,ITF3,15,Campania,Campania,5801692,6212549,107.08,0.21
4387,2021-08-11,CAM,21052,11096,9956,12036,8144,872,ITF,ITF3,15,Campania,Campania,5801692,6233601,107.44,0.36
4388,2021-05-03,CAM,40762,19894,20868,27829,11874,1059,ITF,ITF3,15,Campania,Campania,5801692,6274363,108.15,0.7
4389,2021-06-29,CAM,49360,24016,25344,19658,29150,552,ITF,ITF3,15,Campania,Campania,5801692,6323723,109.0,0.85
4390,2021-01-09,CAM,10564,5022,5542,10301,0,263,ITF,ITF3,15,Campania,Campania,5801692,6334287,109.18,0.18
4391,2021-07-11,CAM,40869,19670,21199,1000,39775,94,ITF,ITF3,15,Campania,Campania,5801692,6375156,109.88,0.7
4392,2021-02-02,CAM,5736,2813,2923,417,5288,31,ITF,ITF3,15,Campania,Campania,5801692,6380892,109.98,0.1
4393,2021-03-31,CAM,23209,11383,11826,19302,3444,463,ITF,ITF3,15,Campania,Campania,5801692,6404101,110.38,0.4
4394,2021-07-18,CAM,31387,15807,15580,3779,27168,440,ITF,ITF3,15,Campania,Campania,5801692,6435488,110.92,0.54
4395,2021-09-13,CAM,18281,9029,9252,8257,9246,778,ITF,ITF3,15,Campania,Campania,5801692,6453769,111.24,0.32
4396,2021-04-07,CAM,24980,11992,12988,19644,4726,610,ITF,ITF3,15,Campania,Campania,5801692,6478749,111.67,0.43
4397,2021-07-16,CAM,61067,29875,31192,6513,53921,633,ITF,ITF3,15,Campania,Campania,5801692,6539816,112.72,1.05
4398,2021-04-02,CAM,21869,10527,11342,19036,2324,509,ITF,ITF3,15,Campania,Campania,5801692,6561685,113.1,0.38
4399,2021-08-30,CAM,29107,15015,14092,9736,18547,824,ITF,ITF3,15,Campania,Campania,5801692,6590792,113.6,0.5
4400,2021-03-24,CAM,17925,8371,9554,14570,2958,397,ITF,ITF3,15,Campania,Campania,5801692,6608717,113.91,0.31
4401,2021-05-20,CAM,61060,28279,32781,42253,17820,987,ITF,ITF3,15,Campania,Campania,5801692,6669777,114.96,1.05
4402,2021-02-09,CAM,4654,2209,2445,4228,263,163,ITF,ITF3,15,Campania,Campania,5801692,6674431,115.04,0.08
4403,2021-06-15,CAM,18689,9096,9593,10980,7423,286,ITF,ITF3,15,Campania,Campania,5801692,6693120,115.36,0.32
4404,2021-09-06,CAM,22767,11628,11139,10660,11055,1052,ITF,ITF3,15,Campania,Campania,5801692,6715887,115.76,0.39
4405,2021-05-29,CAM,67883,32283,35600,43052,23967,864,ITF,ITF3,15,Campania,Campania,5801692,6783770,116.93,1.17
4406,2021-07-25,CAM,23226,11805,11421,4215,18740,271,ITF,ITF3,15,Campania,Campania,5801692,6806996,117.33,0.4
4407,2021-08-26,CAM,24539,12760,11779,8172,15531,836,ITF,ITF3,15,Campania,Campania,5801692,6831535,117.75,0.42
4408,2021-09-12,CAM,7820,4063,3757,4683,2676,461,ITF,ITF3,15,Campania,Campania,5801692,6839355,117.89,0.13
4409,2021-06-02,CAM,42946,20184,22762,37615,4733,598,ITF,ITF3,15,Campania,Campania,5801692,6882301,118.63,0.74
4410,2021-02-22,CAM,10700,3298,7402,10151,279,270,ITF,ITF3,15,Campania,Campania,5801692,6893001,118.81,0.18
4411,2021-03-11,CAM,18028,9077,8951,10275,7293,460,ITF,ITF3,15,Campania,Campania,5801692,6911029,119.12,0.31
4412,2021-08-24,CAM,22609,11705,10904,8658,13188,763,ITF,ITF3,15,Campania,Campania,5801692,6933638,119.51,0.39
4413,2021-05-16,CAM,51162,23230,27932,32762,17587,813,ITF,ITF3,15,Campania,Campania,5801692,6984800,120.39,0.88
4414,2021-02-20,CAM,8573,3080,5493,8087,303,183,ITF,ITF3,15,Campania,Campania,5801692,6993373,120.54,0.15
4415,2021-02-03,CAM,8910,4006,4904,843,8031,36,ITF,ITF3,15,Campania,Campania,5801692,7002283,120.69,0.15
4416,2021-05-18,CAM,52280,23285,28995,31807,19732,741,ITF,ITF3,15,Campania,Campania,5801692,7054563,121.59,0.9
4417,2021-08-09,CAM,25086,13084,12002,13671,10466,949,ITF,ITF3,15,Campania,Campania,5801692,7079649,122.03,0.43
4418,2021-02-05,CAM,7268,3464,3804,2023,5130,115,ITF,ITF3,15,Campania,Campania,5801692,7086917,122.15,0.13
4419,2021-08-07,CAM,17200,9180,8020,11203,5290,707,ITF,ITF3,15,Campania,Campania,5801692,7104117,122.45,0.3
4420,2021-04-29,CAM,41557,20181,21376,23963,16749,845,ITF,ITF3,15,Campania,Campania,5801692,7145674,123.17,0.72
4421,2021-01-19,CAM,1110,485,625,1055,5,50,ITF,ITF3,15,Campania,Campania,5801692,7146784,123.18,0.02
4422,2021-07-21,CAM,50181,24428,25753,8347,40889,945,ITF,ITF3,15,Campania,Campania,5801692,7196965,124.05,0.86
4423,2021-01-21,CAM,2106,1125,981,678,1421,7,ITF,ITF3,15,Campania,Campania,5801692,7199071,124.09,0.04
4424,2021-07-23,CAM,61839,30810,31029,8336,52870,633,ITF,ITF3,15,Campania,Campania,5801692,7260910,125.15,1.07
4425,2021-04-14,CAM,27666,13339,14327,18618,8592,456,ITF,ITF3,15,Campania,Campania,5801692,7288576,125.63,0.48
4426,2021-05-01,CAM,46357,22668,23689,29238,16116,1003,ITF,ITF3,15,Campania,Campania,5801692,7334933,126.43,0.8
4427,2021-07-06,CAM,56709,27080,29629,15798,40114,797,ITF,ITF3,15,Campania,Campania,5801692,7391642,127.4,0.98
4428,2021-04-12,CAM,23311,10921,12390,19732,3038,541,ITF,ITF3,15,Campania,Campania,5801692,7414953,127.81,0.4
4429,2021-01-02,CAM,3672,1963,1709,3614,0,58,ITF,ITF3,15,Campania,Campania,5801692,7418625,127.87,0.06
4430,2021-06-17,CAM,60217,28867,31350,32683,26801,733,ITF,ITF3,15,Campania,Campania,5801692,7478842,128.91,1.04
4431,2021-07-04,CAM,48824,23766,25058,6159,42321,344,ITF,ITF3,15,Campania,Campania,5801692,7527666,129.75,0.84
4432,2021-03-26,CAM,19873,9328,10545,15593,3819,461,ITF,ITF3,15,Campania,Campania,5801692,7547539,130.09,0.34
4433,2021-08-29,SIC,14526,7930,6596,4753,9627,146,ITG,ITG1,19,Sicilia,Sicilia,4999891,14526,0.29,0.29
4434,2021-02-25,SIC,9941,5208,4733,8684,1164,93,ITG,ITG1,19,Sicilia,Sicilia,4999891,24467,0.49,0.2
4435,2021-06-05,SIC,59964,28525,31439,48733,10603,628,ITG,ITG1,19,Sicilia,Sicilia,4999891,84431,1.69,1.2
4436,2021-03-14,SIC,8784,3931,4853,4895,3837,52,ITG,ITG1,19,Sicilia,Sicilia,4999891,93215,1.86,0.18
4437,2021-02-13,SIC,2979,1124,1855,2686,256,37,ITG,ITG1,19,Sicilia,Sicilia,4999891,96194,1.92,0.06
4438,2021-05-24,SIC,35894,17454,18440,15596,20065,233,ITG,ITG1,19,Sicilia,Sicilia,4999891,132088,2.64,0.72
4439,2021-08-15,SIC,2513,1428,1085,1509,954,50,ITG,ITG1,19,Sicilia,Sicilia,4999891,134601,2.69,0.05
4440,2021-08-01,SIC,19968,10433,9535,7856,11966,146,ITG,ITG1,19,Sicilia,Sicilia,4999891,154569,3.09,0.4
4441,2021-06-19,SIC,44308,21067,23241,18762,25223,323,ITG,ITG1,19,Sicilia,Sicilia,4999891,198877,3.98,0.89
4442,2021-04-23,SIC,28632,13723,14909,22407,5841,384,ITG,ITG1,19,Sicilia,Sicilia,4999891,227509,4.55,0.57
4443,2021-09-15,SIC,21379,10723,10656,7465,13529,385,ITG,ITG1,19,Sicilia,Sicilia,4999891,248888,4.98,0.43
4444,2021-06-24,SIC,42367,19673,22694,17633,24374,360,ITG,ITG1,19,Sicilia,Sicilia,4999891,291255,5.83,0.85
4445,2021-06-07,SIC,49695,23420,26275,41114,8044,537,ITG,ITG1,19,Sicilia,Sicilia,4999891,340950,6.82,0.99
4446,2021-01-25,SIC,7456,3691,3765,266,7183,7,ITG,ITG1,19,Sicilia,Sicilia,4999891,348406,6.97,0.15
4447,2021-05-05,SIC,26411,12236,14175,16279,9685,447,ITG,ITG1,19,Sicilia,Sicilia,4999891,374817,7.5,0.53
4448,2021-05-19,SIC,42920,20778,22142,28199,14338,383,ITG,ITG1,19,Sicilia,Sicilia,4999891,417737,8.35,0.86
4449,2021-04-11,SIC,15379,7595,7784,8227,7040,112,ITG,ITG1,19,Sicilia,Sicilia,4999891,433116,8.66,0.31
4450,2021-07-20,SIC,48507,23628,24879,12785,35360,362,ITG,ITG1,19,Sicilia,Sicilia,4999891,481623,9.63,0.97
4451,2020-12-30,SIC,211,125,86,210,0,1,ITG,ITG1,19,Sicilia,Sicilia,4999891,481834,9.64,0.0
4452,2021-01-16,SIC,2737,1221,1516,2716,0,21,ITG,ITG1,19,Sicilia,Sicilia,4999891,484571,9.69,0.05
4453,2021-07-01,SIC,31038,14101,16937,10780,20000,258,ITG,ITG1,19,Sicilia,Sicilia,4999891,515609,10.31,0.62
4454,2021-04-09,SIC,20234,9844,10390,10920,9050,264,ITG,ITG1,19,Sicilia,Sicilia,4999891,535843,10.72,0.4
4455,2021-03-23,SIC,20975,10092,10883,15232,5567,176,ITG,ITG1,19,Sicilia,Sicilia,4999891,556818,11.14,0.42
4456,2021-03-02,SIC,14782,6379,8403,11885,2781,116,ITG,ITG1,19,Sicilia,Sicilia,4999891,571600,11.43,0.3
4457,2021-01-04,SIC,8685,4330,4355,8635,0,50,ITG,ITG1,19,Sicilia,Sicilia,4999891,580285,11.61,0.17
4458,2021-01-18,SIC,1627,676,951,1456,160,11,ITG,ITG1,19,Sicilia,Sicilia,4999891,581912,11.64,0.03
4459,2021-04-28,SIC,29289,13723,15566,19715,9164,410,ITG,ITG1,19,Sicilia,Sicilia,4999891,611201,12.22,0.59
4460,2021-08-10,SIC,21835,10877,10958,10653,10919,263,ITG,ITG1,19,Sicilia,Sicilia,4999891,633036,12.66,0.44
4461,2021-08-03,SIC,32100,15755,16345,13904,17775,421,ITG,ITG1,19,Sicilia,Sicilia,4999891,665136,13.3,0.64
4462,2021-01-30,SIC,7734,3556,4178,140,7591,3,ITG,ITG1,19,Sicilia,Sicilia,4999891,672870,13.46,0.15
4463,2021-03-28,SIC,10993,5153,5840,6911,4013,69,ITG,ITG1,19,Sicilia,Sicilia,4999891,683863,13.68,0.22
4464,2021-09-10,SIC,25214,12573,12641,8819,15961,434,ITG,ITG1,19,Sicilia,Sicilia,4999891,709077,14.18,0.5
4465,2021-07-15,SIC,48431,22475,25956,8010,40158,263,ITG,ITG1,19,Sicilia,Sicilia,4999891,757508,15.15,0.97
4466,2021-02-11,SIC,5239,2061,3178,4654,467,118,ITG,ITG1,19,Sicilia,Sicilia,4999891,762747,15.26,0.1
4467,2021-04-16,SIC,28868,14502,14366,20242,8302,324,ITG,ITG1,19,Sicilia,Sicilia,4999891,791615,15.83,0.58
4468,2021-01-23,SIC,4492,2310,2182,209,4273,10,ITG,ITG1,19,Sicilia,Sicilia,4999891,796107,15.92,0.09
4469,2021-01-06,SIC,6269,3301,2968,6205,0,64,ITG,ITG1,19,Sicilia,Sicilia,4999891,802376,16.05,0.13
4470,2021-08-27,SIC,23371,11888,11483,9857,13187,327,ITG,ITG1,19,Sicilia,Sicilia,4999891,825747,16.52,0.47
4471,2021-05-17,SIC,31940,15411,16529,18998,12647,295,ITG,ITG1,19,Sicilia,Sicilia,4999891,857687,17.15,0.64
4472,2021-03-21,SIC,15227,7347,7880,11184,3971,72,ITG,ITG1,19,Sicilia,Sicilia,4999891,872914,17.46,0.3
4473,2021-02-06,SIC,4736,2119,2617,1450,3266,20,ITG,ITG1,19,Sicilia,Sicilia,4999891,877650,17.55,0.09
4474,2021-02-04,SIC,6762,3084,3678,1420,5312,30,ITG,ITG1,19,Sicilia,Sicilia,4999891,884412,17.69,0.14
4475,2021-09-03,SIC,21886,11054,10832,9911,11602,373,ITG,ITG1,19,Sicilia,Sicilia,4999891,906298,18.13,0.44
4476,2021-07-27,SIC,43340,21479,21861,19271,23605,464,ITG,ITG1,19,Sicilia,Sicilia,4999891,949638,18.99,0.87
4477,2021-03-16,SIC,9645,4335,5310,3570,6003,72,ITG,ITG1,19,Sicilia,Sicilia,4999891,959283,19.19,0.19
4478,2021-07-08,SIC,38405,17499,20906,6530,31648,227,ITG,ITG1,19,Sicilia,Sicilia,4999891,997688,19.95,0.77
4479,2021-06-26,SIC,37268,17782,19486,16349,20611,308,ITG,ITG1,19,Sicilia,Sicilia,4999891,1034956,20.7,0.75
4480,2021-04-30,SIC,35060,16359,18701,23519,11056,485,ITG,ITG1,19,Sicilia,Sicilia,4999891,1070016,21.4,0.7
4481,2021-03-04,SIC,15260,6710,8550,11010,4122,128,ITG,ITG1,19,Sicilia,Sicilia,4999891,1085276,21.71,0.31
4482,2021-08-08,SIC,15319,8132,7187,7413,7715,191,ITG,ITG1,19,Sicilia,Sicilia,4999891,1100595,22.01,0.31
4483,2021-06-12,SIC,45804,22399,23405,39372,5897,535,ITG,ITG1,19,Sicilia,Sicilia,4999891,1146399,22.93,0.92
4484,2020-12-28,SIC,270,166,104,269,0,1,ITG,ITG1,19,Sicilia,Sicilia,4999891,1146669,22.93,0.01
4485,2021-04-04,SIC,6799,3324,3475,5434,1295,70,ITG,ITG1,19,Sicilia,Sicilia,4999891,1153468,23.07,0.14
4486,2021-07-13,SIC,46140,21177,24963,6918,39001,221,ITG,ITG1,19,Sicilia,Sicilia,4999891,1199608,23.99,0.92
4487,2021-09-17,SIC,10345,5207,5138,3514,6637,194,ITG,ITG1,19,Sicilia,Sicilia,4999891,1209953,24.2,0.21
4488,2021-02-23,SIC,8785,4667,4118,8229,468,88,ITG,ITG1,19,Sicilia,Sicilia,4999891,1218738,24.38,0.18
4489,2021-03-09,SIC,13191,5781,7410,10842,2218,131,ITG,ITG1,19,Sicilia,Sicilia,4999891,1231929,24.64,0.26
4490,2021-01-11,SIC,5933,2619,3314,5873,0,60,ITG,ITG1,19,Sicilia,Sicilia,4999891,1237862,24.76,0.12
4491,2021-05-31,SIC,38142,17171,20971,21285,16560,297,ITG,ITG1,19,Sicilia,Sicilia,4999891,1276004,25.52,0.76
4492,2021-09-08,SIC,20318,10119,10199,9207,10704,407,ITG,ITG1,19,Sicilia,Sicilia,4999891,1296322,25.93,0.41
4493,2021-08-22,SIC,10329,5503,4826,3912,6299,118,ITG,ITG1,19,Sicilia,Sicilia,4999891,1306651,26.13,0.21
4494,2021-02-18,SIC,5342,3148,2194,4843,431,68,ITG,ITG1,19,Sicilia,Sicilia,4999891,1311993,26.24,0.11
4495,2021-05-12,SIC,36865,17394,19471,21403,14925,537,ITG,ITG1,19,Sicilia,Sicilia,4999891,1348858,26.98,0.74
4496,2021-08-20,SIC,18797,9360,9437,9858,8673,266,ITG,ITG1,19,Sicilia,Sicilia,4999891,1367655,27.35,0.38
4497,2021-04-02,SIC,13905,6561,7344,9047,4738,120,ITG,ITG1,19,Sicilia,Sicilia,4999891,1381560,27.63,0.28
4498,2021-02-10,SIC,4355,1776,2579,3888,383,84,ITG,ITG1,19,Sicilia,Sicilia,4999891,1385915,27.72,0.09
4499,2021-05-21,SIC,48723,23083,25640,26666,21630,427,ITG,ITG1,19,Sicilia,Sicilia,4999891,1434638,28.69,0.97
4500,2021-08-12,SIC,15137,7590,7547,7987,6906,244,ITG,ITG1,19,Sicilia,Sicilia,4999891,1449775,29.0,0.3
4501,2021-01-01,SIC,855,454,401,851,0,4,ITG,ITG1,19,Sicilia,Sicilia,4999891,1450630,29.01,0.02
4502,2021-04-20,SIC,18995,9005,9990,13435,5249,311,ITG,ITG1,19,Sicilia,Sicilia,4999891,1469625,29.39,0.38
4503,2021-07-29,SIC,36216,17895,18321,14331,21543,342,ITG,ITG1,19,Sicilia,Sicilia,4999891,1505841,30.12,0.72
4504,2021-02-27,SIC,12242,5505,6737,10937,1204,101,ITG,ITG1,19,Sicilia,Sicilia,4999891,1518083,30.36,0.24
4505,2021-07-12,SIC,49011,22616,26395,6440,42368,203,ITG,ITG1,19,Sicilia,Sicilia,4999891,1567094,31.34,0.98
4506,2021-02-08,SIC,3888,1680,2208,2081,1759,48,ITG,ITG1,19,Sicilia,Sicilia,4999891,1570982,31.42,0.08
4507,2021-05-07,SIC,36607,17282,19325,24573,11629,405,ITG,ITG1,19,Sicilia,Sicilia,4999891,1607589,32.15,0.73
4508,2021-03-11,SIC,15463,6715,8748,12890,2418,155,ITG,ITG1,19,Sicilia,Sicilia,4999891,1623052,32.46,0.31
4509,2021-01-27,SIC,7297,3714,3583,164,7132,1,ITG,ITG1,19,Sicilia,Sicilia,4999891,1630349,32.61,0.15
4510,2021-01-13,SIC,5192,2448,2744,5158,0,34,ITG,ITG1,19,Sicilia,Sicilia,4999891,1635541,32.71,0.1
4511,2021-01-20,SIC,969,513,456,691,275,3,ITG,ITG1,19,Sicilia,Sicilia,4999891,1636510,32.73,0.02
4512,2021-03-18,SIC,15418,7758,7660,9739,5624,55,ITG,ITG1,19,Sicilia,Sicilia,4999891,1651928,33.04,0.31
4513,2021-04-01,SIC,14333,6628,7705,9517,4670,146,ITG,ITG1,19,Sicilia,Sicilia,4999891,1666261,33.33,0.29
4514,2021-07-10,SIC,46920,22356,24564,6054,40656,210,ITG,ITG1,19,Sicilia,Sicilia,4999891,1713181,34.26,0.94
4515,2021-06-23,SIC,44516,20711,23805,17927,26253,336,ITG,ITG1,19,Sicilia,Sicilia,4999891,1757697,35.15,0.89
4516,2021-01-22,SIC,1294,641,653,261,1031,2,ITG,ITG1,19,Sicilia,Sicilia,4999891,1758991,35.18,0.03
4517,2021-01-08,SIC,8159,3797,4362,8066,0,93,ITG,ITG1,19,Sicilia,Sicilia,4999891,1767150,35.34,0.16
4518,2021-04-18,SIC,19837,9918,9919,15283,4364,190,ITG,ITG1,19,Sicilia,Sicilia,4999891,1786987,35.74,0.4
4519,2021-08-31,SIC,27973,14181,13792,10310,17364,299,ITG,ITG1,19,Sicilia,Sicilia,4999891,1814960,36.3,0.56
4520,2021-03-30,SIC,14589,6774,7815,9714,4771,104,ITG,ITG1,19,Sicilia,Sicilia,4999891,1829549,36.59,0.29
4521,2021-07-17,SIC,49324,24293,25031,9312,39712,300,ITG,ITG1,19,Sicilia,Sicilia,4999891,1878873,37.58,0.99
4522,2021-04-08,SIC,19021,9345,9676,9280,9542,199,ITG,ITG1,19,Sicilia,Sicilia,4999891,1897894,37.96,0.38
4523,2021-08-26,SIC,20029,10118,9911,9109,10611,309,ITG,ITG1,19,Sicilia,Sicilia,4999891,1917923,38.36,0.4
4524,2021-02-07,SIC,2323,983,1340,664,1649,10,ITG,ITG1,19,Sicilia,Sicilia,4999891,1920246,38.41,0.05
4525,2021-07-14,SIC,47564,22028,25536,7930,39373,261,ITG,ITG1,19,Sicilia,Sicilia,4999891,1967810,39.36,0.95
4526,2021-05-18,SIC,36144,17401,18743,23246,12492,406,ITG,ITG1,19,Sicilia,Sicilia,4999891,2003954,40.08,0.72
4527,2021-07-21,SIC,42972,20973,21999,10636,32022,314,ITG,ITG1,19,Sicilia,Sicilia,4999891,2046926,40.94,0.86
4528,2021-06-04,SIC,57870,26768,31102,45400,11962,508,ITG,ITG1,19,Sicilia,Sicilia,4999891,2104796,42.1,1.16
4529,2021-09-12,SIC,14012,7468,6544,4974,8807,231,ITG,ITG1,19,Sicilia,Sicilia,4999891,2118808,42.38,0.28
4530,2021-04-06,SIC,17766,8486,9280,13255,4298,213,ITG,ITG1,19,Sicilia,Sicilia,4999891,2136574,42.73,0.36
4531,2021-02-22,SIC,7947,4132,3815,7370,493,84,ITG,ITG1,19,Sicilia,Sicilia,4999891,2144521,42.89,0.16
4532,2020-12-27,SIC,148,95,53,147,0,1,ITG,ITG1,19,Sicilia,Sicilia,4999891,2144669,42.89,0.0
4533,2021-06-02,SIC,35285,16298,18987,27103,7782,400,ITG,ITG1,19,Sicilia,Sicilia,4999891,2179954,43.6,0.71
4534,2021-05-16,SIC,33720,16444,17276,21892,11527,301,ITG,ITG1,19,Sicilia,Sicilia,4999891,2213674,44.27,0.67
4535,2021-05-02,SIC,24617,11434,13183,17695,6606,316,ITG,ITG1,19,Sicilia,Sicilia,4999891,2238291,44.77,0.49
4536,2021-03-20,SIC,18607,8987,9620,13366,5146,95,ITG,ITG1,19,Sicilia,Sicilia,4999891,2256898,45.14,0.37
4537,2021-08-24,SIC,23731,11758,11973,10964,12399,368,ITG,ITG1,19,Sicilia,Sicilia,4999891,2280629,45.61,0.47
4538,2021-06-28,SIC,31945,14878,17067,14907,16744,294,ITG,ITG1,19,Sicilia,Sicilia,4999891,2312574,46.25,0.64
4539,2021-07-05,SIC,37545,17623,19922,8915,28389,241,ITG,ITG1,19,Sicilia,Sicilia,4999891,2350119,47.0,0.75
4540,2021-07-24,SIC,40738,21214,19524,16792,23632,314,ITG,ITG1,19,Sicilia,Sicilia,4999891,2390857,47.82,0.81
4541,2021-02-15,SIC,3777,1769,2008,3137,564,76,ITG,ITG1,19,Sicilia,Sicilia,4999891,2394634,47.89,0.08
4542,2021-07-22,SIC,40681,19970,20711,11227,29157,297,ITG,ITG1,19,Sicilia,Sicilia,4999891,2435315,48.71,0.81
4543,2021-05-26,SIC,44749,21043,23706,23910,20492,347,ITG,ITG1,19,Sicilia,Sicilia,4999891,2480064,49.6,0.89
4544,2021-01-03,SIC,4818,2519,2299,4784,0,34,ITG,ITG1,19,Sicilia,Sicilia,4999891,2484882,49.7,0.1
4545,2021-04-13,SIC,20270,9875,10395,11227,8843,200,ITG,ITG1,19,Sicilia,Sicilia,4999891,2505152,50.1,0.41
4546,2021-03-13,SIC,12226,5395,6831,7635,4499,92,ITG,ITG1,19,Sicilia,Sicilia,4999891,2517378,50.35,0.24
4547,2021-04-17,SIC,26011,13154,12857,18661,7068,282,ITG,ITG1,19,Sicilia,Sicilia,4999891,2543389,50.87,0.52
4548,2021-07-26,SIC,44550,22206,22344,16703,27476,371,ITG,ITG1,19,Sicilia,Sicilia,4999891,2587939,51.76,0.89
4549,2021-03-17,SIC,15057,7445,7612,9077,5853,127,ITG,ITG1,19,Sicilia,Sicilia,4999891,2602996,52.06,0.3
4550,2021-06-25,SIC,39808,18681,21127,17384,22085,339,ITG,ITG1,19,Sicilia,Sicilia,4999891,2642804,52.86,0.8
4551,2021-07-09,SIC,44827,20687,24140,6402,38241,184,ITG,ITG1,19,Sicilia,Sicilia,4999891,2687631,53.75,0.9
4552,2021-01-24,SIC,4336,2268,2068,121,4213,2,ITG,ITG1,19,Sicilia,Sicilia,4999891,2691967,53.84,0.09
4553,2021-05-04,SIC,26865,12478,14387,17145,9299,421,ITG,ITG1,19,Sicilia,Sicilia,4999891,2718832,54.38,0.54
4554,2021-09-16,SIC,19493,9728,9765,6572,12547,374,ITG,ITG1,19,Sicilia,Sicilia,4999891,2738325,54.77,0.39
4555,2021-07-07,SIC,35433,16209,19224,6036,29156,241,ITG,ITG1,19,Sicilia,Sicilia,4999891,2773758,55.48,0.71
4556,2021-05-25,SIC,33578,15440,18138,13947,19376,255,ITG,ITG1,19,Sicilia,Sicilia,4999891,2807336,56.15,0.67
4557,2021-03-29,SIC,15050,7086,7964,10399,4501,150,ITG,ITG1,19,Sicilia,Sicilia,4999891,2822386,56.45,0.3
4558,2021-09-02,SIC,23138,11841,11297,10005,12743,390,ITG,ITG1,19,Sicilia,Sicilia,4999891,2845524,56.91,0.46
4559,2021-06-01,SIC,38998,17731,21267,24597,14050,351,ITG,ITG1,19,Sicilia,Sicilia,4999891,2884522,57.69,0.78
4560,2021-04-05,SIC,8025,3958,4067,6510,1443,72,ITG,ITG1,19,Sicilia,Sicilia,4999891,2892547,57.85,0.16
4561,2021-09-09,SIC,23622,11818,11804,8334,14847,441,ITG,ITG1,19,Sicilia,Sicilia,4999891,2916169,58.32,0.47
4562,2021-02-20,SIC,7171,3707,3464,6802,272,97,ITG,ITG1,19,Sicilia,Sicilia,4999891,2923340,58.47,0.14
4563,2021-02-03,SIC,5946,2793,3153,706,5232,8,ITG,ITG1,19,Sicilia,Sicilia,4999891,2929286,58.59,0.12
4564,2021-04-27,SIC,26460,12689,13771,15147,10960,353,ITG,ITG1,19,Sicilia,Sicilia,4999891,2955746,59.12,0.53
4565,2021-08-05,SIC,23866,11849,12017,11522,12036,308,ITG,ITG1,19,Sicilia,Sicilia,4999891,2979612,59.59,0.48
4566,2021-05-14,SIC,52249,24500,27749,35785,15682,782,ITG,ITG1,19,Sicilia,Sicilia,4999891,3031861,60.64,1.05
4567,2021-03-01,SIC,12774,6077,6697,10990,1658,126,ITG,ITG1,19,Sicilia,Sicilia,4999891,3044635,60.89,0.26
4568,2021-06-09,SIC,49789,23684,26105,41912,7266,611,ITG,ITG1,19,Sicilia,Sicilia,4999891,3094424,61.89,1.0
4569,2021-07-31,SIC,28761,14938,13823,10444,18049,268,ITG,ITG1,19,Sicilia,Sicilia,4999891,3123185,62.47,0.58
4570,2021-01-10,SIC,3567,1598,1969,3545,0,22,ITG,ITG1,19,Sicilia,Sicilia,4999891,3126752,62.54,0.07
4571,2021-06-06,SIC,49535,23925,25610,41147,7830,558,ITG,ITG1,19,Sicilia,Sicilia,4999891,3176287,63.53,0.99
4572,2021-09-14,SIC,24493,11906,12587,8736,15274,483,ITG,ITG1,19,Sicilia,Sicilia,4999891,3200780,64.02,0.49
4573,2021-02-26,SIC,11989,5883,6106,10192,1681,116,ITG,ITG1,19,Sicilia,Sicilia,4999891,3212769,64.26,0.24
4574,2021-05-06,SIC,29493,14018,15475,18155,10843,495,ITG,ITG1,19,Sicilia,Sicilia,4999891,3242262,64.85,0.59
4575,2021-08-28,SIC,20872,11177,9695,7260,13392,220,ITG,ITG1,19,Sicilia,Sicilia,4999891,3263134,65.26,0.42
4576,2021-08-14,SIC,6145,3341,2804,3310,2714,121,ITG,ITG1,19,Sicilia,Sicilia,4999891,3269279,65.39,0.12
4577,2021-03-15,SIC,10693,4737,5956,5658,4955,80,ITG,ITG1,19,Sicilia,Sicilia,4999891,3279972,65.6,0.21
4578,2021-01-15,SIC,5325,2335,2990,5258,0,67,ITG,ITG1,19,Sicilia,Sicilia,4999891,3285297,65.71,0.11
4579,2021-04-25,SIC,21405,10210,11195,16137,5019,249,ITG,ITG1,19,Sicilia,Sicilia,4999891,3306702,66.14,0.43
4580,2021-02-01,SIC,5954,2641,3313,292,5648,14,ITG,ITG1,19,Sicilia,Sicilia,4999891,3312656,66.25,0.12
4581,2021-03-22,SIC,16696,7923,8773,11167,5433,96,ITG,ITG1,19,Sicilia,Sicilia,4999891,3329352,66.59,0.33
4582,2021-06-30,SIC,32620,15041,17579,11446,20852,322,ITG,ITG1,19,Sicilia,Sicilia,4999891,3361972,67.24,0.65
4583,2020-12-29,SIC,299,185,114,298,0,1,ITG,ITG1,19,Sicilia,Sicilia,4999891,3362271,67.25,0.01
4584,2021-06-13,SIC,34550,17168,17382,30604,3512,434,ITG,ITG1,19,Sicilia,Sicilia,4999891,3396821,67.94,0.69
4585,2021-06-21,SIC,40253,18634,21619,18419,21504,330,ITG,ITG1,19,Sicilia,Sicilia,4999891,3437074,68.74,0.81
4586,2021-05-09,SIC,28442,13323,15119,19765,8299,378,ITG,ITG1,19,Sicilia,Sicilia,4999891,3465516,69.31,0.57
4587,2021-08-17,SIC,18569,9496,9073,10104,8139,326,ITG,ITG1,19,Sicilia,Sicilia,4999891,3484085,69.68,0.37
4588,2021-09-04,SIC,18294,9850,8444,8347,9603,344,ITG,ITG1,19,Sicilia,Sicilia,4999891,3502379,70.05,0.37
4589,2021-02-05,SIC,6789,3006,3783,2086,4665,38,ITG,ITG1,19,Sicilia,Sicilia,4999891,3509168,70.18,0.14
4590,2021-03-31,SIC,14525,6709,7816,9441,4935,149,ITG,ITG1,19,Sicilia,Sicilia,4999891,3523693,70.48,0.29
4591,2021-01-07,SIC,9077,4213,4864,8993,0,84,ITG,ITG1,19,Sicilia,Sicilia,4999891,3532770,70.66,0.18
4592,2021-07-28,SIC,37669,18870,18799,14685,22661,323,ITG,ITG1,19,Sicilia,Sicilia,4999891,3570439,71.41,0.75
4593,2021-06-22,SIC,40054,18409,21645,18341,21335,378,ITG,ITG1,19,Sicilia,Sicilia,4999891,3610493,72.21,0.8
4594,2021-01-05,SIC,10635,5230,5405,10552,0,83,ITG,ITG1,19,Sicilia,Sicilia,4999891,3621128,72.42,0.21
4595,2021-04-15,SIC,21588,10495,11093,11994,9358,236,ITG,ITG1,19,Sicilia,Sicilia,4999891,3642716,72.86,0.43
4596,2021-06-20,SIC,33453,15829,17624,15110,18080,263,ITG,ITG1,19,Sicilia,Sicilia,4999891,3676169,73.52,0.67
4597,2021-04-22,SIC,26778,12645,14133,19891,6463,424,ITG,ITG1,19,Sicilia,Sicilia,4999891,3702947,74.06,0.54
4598,2021-08-09,SIC,25181,12864,12317,12485,12318,378,ITG,ITG1,19,Sicilia,Sicilia,4999891,3728128,74.56,0.5
4599,2021-01-19,SIC,1527,677,850,1271,241,15,ITG,ITG1,19,Sicilia,Sicilia,4999891,3729655,74.59,0.03
4600,2021-06-11,SIC,49978,23849,26129,41594,7712,672,ITG,ITG1,19,Sicilia,Sicilia,4999891,3779633,75.59,1.0
4601,2021-04-29,SIC,31823,14849,16974,21802,9562,459,ITG,ITG1,19,Sicilia,Sicilia,4999891,3811456,76.23,0.64
4602,2021-04-03,SIC,16422,7819,8603,13420,2838,164,ITG,ITG1,19,Sicilia,Sicilia,4999891,3827878,76.56,0.33
4603,2021-03-27,SIC,15700,7406,8294,10684,4889,127,ITG,ITG1,19,Sicilia,Sicilia,4999891,3843578,76.87,0.31
4604,2021-08-13,SIC,11523,5970,5553,5982,5301,240,ITG,ITG1,19,Sicilia,Sicilia,4999891,3855101,77.1,0.23
4605,2021-02-09,SIC,4350,1800,2550,3248,1037,65,ITG,ITG1,19,Sicilia,Sicilia,4999891,3859451,77.19,0.09
4606,2021-05-20,SIC,44106,21133,22973,27752,15937,417,ITG,ITG1,19,Sicilia,Sicilia,4999891,3903557,78.07,0.88
4607,2021-01-29,SIC,9187,4258,4929,404,8771,12,ITG,ITG1,19,Sicilia,Sicilia,4999891,3912744,78.26,0.18
4608,2021-02-12,SIC,4606,1829,2777,4241,286,79,ITG,ITG1,19,Sicilia,Sicilia,4999891,3917350,78.35,0.09
4609,2021-05-23,SIC,34109,16608,17501,19855,14026,228,ITG,ITG1,19,Sicilia,Sicilia,4999891,3951459,79.03,0.68
4610,2021-06-10,SIC,53055,24908,28147,45145,7252,658,ITG,ITG1,19,Sicilia,Sicilia,4999891,4004514,80.09,1.06
4611,2021-05-27,SIC,47625,21935,25690,24462,22740,423,ITG,ITG1,19,Sicilia,Sicilia,4999891,4052139,81.04,0.95
4612,2021-04-14,SIC,20582,9938,10644,11612,8774,196,ITG,ITG1,19,Sicilia,Sicilia,4999891,4072721,81.46,0.41
4613,2021-07-23,SIC,41518,20855,20663,14371,26822,325,ITG,ITG1,19,Sicilia,Sicilia,4999891,4114239,82.29,0.83
4614,2021-04-10,SIC,20447,9978,10469,11300,8972,175,ITG,ITG1,19,Sicilia,Sicilia,4999891,4134686,82.7,0.41
4615,2021-01-17,SIC,1315,599,716,1240,66,9,ITG,ITG1,19,Sicilia,Sicilia,4999891,4136001,82.72,0.03
4616,2021-07-02,SIC,30579,14239,16340,9942,20350,287,ITG,ITG1,19,Sicilia,Sicilia,4999891,4166580,83.33,0.61
4617,2021-07-19,SIC,48974,23596,25378,11648,36967,359,ITG,ITG1,19,Sicilia,Sicilia,4999891,4215554,84.31,0.98
4618,2021-04-12,SIC,19023,9221,9802,11487,7277,259,ITG,ITG1,19,Sicilia,Sicilia,4999891,4234577,84.69,0.38
4619,2021-02-14,SIC,1055,402,653,905,140,10,ITG,ITG1,19,Sicilia,Sicilia,4999891,4235632,84.71,0.02
4620,2021-03-10,SIC,13961,6135,7826,11625,2187,149,ITG,ITG1,19,Sicilia,Sicilia,4999891,4249593,84.99,0.28
4621,2021-01-12,SIC,4378,2143,2235,4332,0,46,ITG,ITG1,19,Sicilia,Sicilia,4999891,4253971,85.08,0.09
4622,2021-06-18,SIC,43613,20151,23462,18861,24380,372,ITG,ITG1,19,Sicilia,Sicilia,4999891,4297584,85.95,0.87
4623,2021-06-27,SIC,25314,12203,13111,12098,12984,232,ITG,ITG1,19,Sicilia,Sicilia,4999891,4322898,86.46,0.51
4624,2021-05-15,SIC,56539,26407,30132,40367,15251,921,ITG,ITG1,19,Sicilia,Sicilia,4999891,4379437,87.59,1.13
4625,2021-03-19,SIC,16324,8060,8264,10649,5579,96,ITG,ITG1,19,Sicilia,Sicilia,4999891,4395761,87.92,0.33
4626,2021-08-23,SIC,24076,11901,12175,10796,12928,352,ITG,ITG1,19,Sicilia,Sicilia,4999891,4419837,88.4,0.48
4627,2021-09-01,SIC,24943,12717,12226,10576,14012,355,ITG,ITG1,19,Sicilia,Sicilia,4999891,4444780,88.9,0.5
4628,2021-03-03,SIC,14590,6551,8039,11382,3076,132,ITG,ITG1,19,Sicilia,Sicilia,4999891,4459370,89.19,0.29
4629,2021-08-07,SIC,20056,10403,9653,10819,8900,337,ITG,ITG1,19,Sicilia,Sicilia,4999891,4479426,89.59,0.4
4630,2021-08-16,SIC,20312,10426,9886,10905,9090,317,ITG,ITG1,19,Sicilia,Sicilia,4999891,4499738,90.0,0.41
4631,2021-02-24,SIC,9379,4803,4576,8701,567,111,ITG,ITG1,19,Sicilia,Sicilia,4999891,4509117,90.18,0.19
4632,2021-05-22,SIC,48026,22811,25215,28300,19327,399,ITG,ITG1,19,Sicilia,Sicilia,4999891,4557143,91.14,0.96
4633,2021-08-30,SIC,28223,14388,13835,10214,17663,346,ITG,ITG1,19,Sicilia,Sicilia,4999891,4585366,91.71,0.56
4634,2021-02-28,SIC,7132,3034,4098,6457,630,45,ITG,ITG1,19,Sicilia,Sicilia,4999891,4592498,91.85,0.14
4635,2021-09-13,SIC,27254,13545,13709,9556,17202,496,ITG,ITG1,19,Sicilia,Sicilia,4999891,4619752,92.4,0.55
4636,2021-06-08,SIC,47714,22408,25306,40456,6714,544,ITG,ITG1,19,Sicilia,Sicilia,4999891,4667466,93.35,0.95
4637,2021-08-11,SIC,16203,8337,7866,8726,7188,289,ITG,ITG1,19,Sicilia,Sicilia,4999891,4683669,93.68,0.32
4638,2021-01-09,SIC,7258,3426,3832,7197,0,61,ITG,ITG1,19,Sicilia,Sicilia,4999891,4690927,93.82,0.15
4639,2021-05-03,SIC,23328,10803,12525,13262,9800,266,ITG,ITG1,19,Sicilia,Sicilia,4999891,4714255,94.29,0.47
4640,2021-07-11,SIC,36045,16872,19173,3664,32285,96,ITG,ITG1,19,Sicilia,Sicilia,4999891,4750300,95.01,0.72
4641,2021-03-05,SIC,15789,6852,8937,11395,4244,150,ITG,ITG1,19,Sicilia,Sicilia,4999891,4766089,95.32,0.32
4642,2021-02-16,SIC,4200,2208,1992,3663,467,70,ITG,ITG1,19,Sicilia,Sicilia,4999891,4770289,95.41,0.08
4643,2021-06-17,SIC,41892,19505,22387,20360,21157,375,ITG,ITG1,19,Sicilia,Sicilia,4999891,4812181,96.25,0.84
4644,2020-12-31,SIC,969,511,458,961,0,8,ITG,ITG1,19,Sicilia,Sicilia,4999891,4813150,96.27,0.02
4645,2021-03-07,SIC,9272,3457,5815,8130,1083,59,ITG,ITG1,19,Sicilia,Sicilia,4999891,4822422,96.45,0.19
4646,2021-06-15,SIC,46190,21769,24421,28204,17548,438,ITG,ITG1,19,Sicilia,Sicilia,4999891,4868612,97.37,0.92
4647,2021-03-24,SIC,20998,9883,11115,15048,5746,204,ITG,ITG1,19,Sicilia,Sicilia,4999891,4889610,97.79,0.42
4648,2021-04-21,SIC,22402,10755,11647,15993,6127,282,ITG,ITG1,19,Sicilia,Sicilia,4999891,4912012,98.24,0.45
4649,2021-04-07,SIC,18456,9070,9386,9738,8518,200,ITG,ITG1,19,Sicilia,Sicilia,4999891,4930468,98.61,0.37
4650,2021-09-11,SIC,21351,11071,10280,7699,13272,380,ITG,ITG1,19,Sicilia,Sicilia,4999891,4951819,99.04,0.43
4651,2021-07-16,SIC,49376,23385,25991,8720,40365,291,ITG,ITG1,19,Sicilia,Sicilia,4999891,5001195,100.03,0.99
4652,2021-07-30,SIC,32507,16112,16395,12075,20144,288,ITG,ITG1,19,Sicilia,Sicilia,4999891,5033702,100.68,0.65
4653,2021-06-03,SIC,46008,21100,24908,33764,11720,524,ITG,ITG1,19,Sicilia,Sicilia,4999891,5079710,101.6,0.92
4654,2021-09-06,SIC,23280,11836,11444,9962,12904,414,ITG,ITG1,19,Sicilia,Sicilia,4999891,5102990,102.06,0.47
4655,2021-05-29,SIC,47218,21486,25732,23547,23223,448,ITG,ITG1,19,Sicilia,Sicilia,4999891,5150208,103.01,0.94
4656,2021-01-02,SIC,4889,2546,2343,4853,0,36,ITG,ITG1,19,Sicilia,Sicilia,4999891,5155097,103.1,0.1
4657,2021-07-25,SIC,31811,16765,15046,11846,19705,260,ITG,ITG1,19,Sicilia,Sicilia,4999891,5186908,103.74,0.64
4658,2021-04-19,SIC,18291,8672,9619,12461,5590,240,ITG,ITG1,19,Sicilia,Sicilia,4999891,5205199,104.11,0.37
4659,2021-01-21,SIC,1459,716,743,490,958,11,ITG,ITG1,19,Sicilia,Sicilia,4999891,5206658,104.14,0.03
4660,2021-05-01,SIC,24461,11322,13139,19002,5171,288,ITG,ITG1,19,Sicilia,Sicilia,4999891,5231119,104.62,0.49
4661,2021-07-06,SIC,37134,17173,19961,10286,26536,312,ITG,ITG1,19,Sicilia,Sicilia,4999891,5268253,105.37,0.74
4662,2021-05-10,SIC,28739,13797,14942,16166,12221,352,ITG,ITG1,19,Sicilia,Sicilia,4999891,5296992,105.94,0.57
4663,2021-08-18,SIC,21948,11323,10625,11666,9912,370,ITG,ITG1,19,Sicilia,Sicilia,4999891,5318940,106.38,0.44
4664,2021-03-26,SIC,18000,8361,9639,12340,5502,158,ITG,ITG1,19,Sicilia,Sicilia,4999891,5336940,106.74,0.36
4665,2021-01-28,SIC,9038,4277,4761,361,8676,1,ITG,ITG1,19,Sicilia,Sicilia,4999891,5345978,106.92,0.18
4666,2021-07-04,SIC,26521,12806,13715,7608,18736,177,ITG,ITG1,19,Sicilia,Sicilia,4999891,5372499,107.45,0.53
4667,2021-05-08,SIC,35676,17049,18627,24892,10324,460,ITG,ITG1,19,Sicilia,Sicilia,4999891,5408175,108.17,0.71
4668,2021-01-26,SIC,9582,4745,4837,213,9368,1,ITG,ITG1,19,Sicilia,Sicilia,4999891,5417757,108.36,0.19
4669,2021-03-12,SIC,12895,5575,7320,10663,2071,161,ITG,ITG1,19,Sicilia,Sicilia,4999891,5430652,108.62,0.26
4670,2021-08-25,SIC,21832,10843,10989,9974,11495,363,ITG,ITG1,19,Sicilia,Sicilia,4999891,5452484,109.05,0.44
4671,2021-06-29,SIC,31461,14738,16723,15727,15327,407,ITG,ITG1,19,Sicilia,Sicilia,4999891,5483945,109.68,0.63
4672,2021-02-21,SIC,5169,2501,2668,5044,107,18,ITG,ITG1,19,Sicilia,Sicilia,4999891,5489114,109.78,0.1
4673,2021-06-16,SIC,40447,18808,21639,21271,18817,359,ITG,ITG1,19,Sicilia,Sicilia,4999891,5529561,110.59,0.81
4674,2021-03-25,SIC,20477,9535,10942,14747,5549,181,ITG,ITG1,19,Sicilia,Sicilia,4999891,5550038,111.0,0.41
4675,2021-07-03,SIC,33887,16289,17598,9030,24611,246,ITG,ITG1,19,Sicilia,Sicilia,4999891,5583925,111.68,0.68
4676,2021-09-07,SIC,22697,11290,11407,9469,12808,420,ITG,ITG1,19,Sicilia,Sicilia,4999891,5606622,112.13,0.45
4677,2021-03-06,SIC,12653,5064,7589,9767,2783,103,ITG,ITG1,19,Sicilia,Sicilia,4999891,5619275,112.39,0.25
4678,2021-09-05,SIC,12740,6904,5836,5499,7046,195,ITG,ITG1,19,Sicilia,Sicilia,4999891,5632015,112.64,0.25
4679,2021-06-14,SIC,43495,20661,22834,28167,14897,431,ITG,ITG1,19,Sicilia,Sicilia,4999891,5675510,113.51,0.87
4680,2021-05-28,SIC,51286,22993,28293,24319,26554,413,ITG,ITG1,19,Sicilia,Sicilia,4999891,5726796,114.54,1.03
4681,2021-08-19,SIC,19567,9764,9803,10491,8764,312,ITG,ITG1,19,Sicilia,Sicilia,4999891,5746363,114.93,0.39
4682,2021-02-19,SIC,4979,2695,2284,4328,564,87,ITG,ITG1,19,Sicilia,Sicilia,4999891,5751342,115.03,0.1
4683,2021-03-08,SIC,13525,5975,7550,10780,2616,129,ITG,ITG1,19,Sicilia,Sicilia,4999891,5764867,115.3,0.27
4684,2021-08-21,SIC,13741,7169,6572,6199,7353,189,ITG,ITG1,19,Sicilia,Sicilia,4999891,5778608,115.57,0.27
4685,2021-05-30,SIC,35788,16179,19609,17430,18063,295,ITG,ITG1,19,Sicilia,Sicilia,4999891,5814396,116.29,0.72
4686,2021-05-13,SIC,47501,22277,25224,30294,16556,651,ITG,ITG1,19,Sicilia,Sicilia,4999891,5861897,117.24,0.95
4687,2021-01-31,SIC,4061,1943,2118,107,3952,2,ITG,ITG1,19,Sicilia,Sicilia,4999891,5865958,117.32,0.08
4688,2021-05-11,SIC,32693,15505,17188,19682,12502,509,ITG,ITG1,19,Sicilia,Sicilia,4999891,5898651,117.98,0.65
4689,2021-02-17,SIC,5223,3204,2019,4500,670,53,ITG,ITG1,19,Sicilia,Sicilia,4999891,5903874,118.08,0.1
4690,2021-04-24,SIC,31216,14716,16500,23141,7640,435,ITG,ITG1,19,Sicilia,Sicilia,4999891,5935090,118.7,0.62
4691,2021-08-02,SIC,32987,16396,16591,12850,19787,350,ITG,ITG1,19,Sicilia,Sicilia,4999891,5968077,119.36,0.66
4692,2021-08-06,SIC,24782,12577,12205,13501,10870,411,ITG,ITG1,19,Sicilia,Sicilia,4999891,5992859,119.86,0.5
4693,2021-04-26,SIC,21710,10278,11432,13300,8089,321,ITG,ITG1,19,Sicilia,Sicilia,4999891,6014569,120.29,0.43
4694,2021-02-02,SIC,5325,2499,2826,609,4706,10,ITG,ITG1,19,Sicilia,Sicilia,4999891,6019894,120.4,0.11
4695,2021-08-04,SIC,24365,12012,12353,10982,13057,326,ITG,ITG1,19,Sicilia,Sicilia,4999891,6044259,120.89,0.49
4696,2021-07-18,SIC,39285,19785,19500,8096,30954,235,ITG,ITG1,19,Sicilia,Sicilia,4999891,6083544,121.67,0.79
4697,2021-01-14,SIC,5267,2494,2773,5205,0,62,ITG,ITG1,19,Sicilia,Sicilia,4999891,6088811,121.78,0.11
4698,2021-07-06,PIE,38343,19404,18939,8653,29132,558,ITC,ITC1,1,Piemonte,Piemonte,4356406,38343,0.88,0.88
4699,2021-03-28,PIE,16095,6907,9188,8131,7624,340,ITC,ITC1,1,Piemonte,Piemonte,4356406,54438,1.25,0.37
4700,2021-07-20,PIE,39116,20578,18538,5757,32788,571,ITC,ITC1,1,Piemonte,Piemonte,4356406,93554,2.15,0.9
4701,2021-04-11,PIE,20862,9330,11532,18237,2152,473,ITC,ITC1,1,Piemonte,Piemonte,4356406,114416,2.63,0.48
4702,2021-01-04,PIE,5585,1690,3895,5584,0,1,ITC,ITC1,1,Piemonte,Piemonte,4356406,120001,2.75,0.13
4703,2021-04-28,PIE,26122,11779,14343,15497,10072,553,ITC,ITC1,1,Piemonte,Piemonte,4356406,146123,3.35,0.6
4704,2021-08-27,PIE,17425,9301,8124,7499,9270,656,ITC,ITC1,1,Piemonte,Piemonte,4356406,163548,3.75,0.4
4705,2021-05-19,PIE,33230,15348,17882,21482,11146,602,ITC,ITC1,1,Piemonte,Piemonte,4356406,196778,4.52,0.76
4706,2021-03-14,PIE,8222,3343,4879,5177,2903,142,ITC,ITC1,1,Piemonte,Piemonte,4356406,205000,4.71,0.19
4707,2021-05-10,PIE,29099,14043,15056,15316,13140,643,ITC,ITC1,1,Piemonte,Piemonte,4356406,234099,5.37,0.67
4708,2021-01-30,PIE,6008,2149,3859,218,5789,1,ITC,ITC1,1,Piemonte,Piemonte,4356406,240107,5.51,0.14
4709,2021-06-24,PIE,39331,19735,19596,18368,20354,609,ITC,ITC1,1,Piemonte,Piemonte,4356406,279438,6.41,0.9
4710,2021-03-16,PIE,10549,4285,6264,4378,6076,95,ITC,ITC1,1,Piemonte,Piemonte,4356406,289987,6.66,0.24
4711,2021-09-15,PIE,15790,8161,7629,5588,9415,787,ITC,ITC1,1,Piemonte,Piemonte,4356406,305777,7.02,0.36
4712,2021-06-07,PIE,34999,17901,17098,29564,4809,626,ITC,ITC1,1,Piemonte,Piemonte,4356406,340776,7.82,0.8
4713,2021-08-03,PIE,30232,15815,14417,9337,20389,506,ITC,ITC1,1,Piemonte,Piemonte,4356406,371008,8.52,0.69
4714,2021-09-10,PIE,17241,9016,8225,5109,11433,699,ITC,ITC1,1,Piemonte,Piemonte,4356406,388249,8.91,0.4
4715,2021-06-19,PIE,40156,20364,19792,22909,16688,559,ITC,ITC1,1,Piemonte,Piemonte,4356406,428405,9.83,0.92
4716,2021-02-04,PIE,10259,3363,6896,583,9674,2,ITC,ITC1,1,Piemonte,Piemonte,4356406,438664,10.07,0.24
4717,2021-07-15,PIE,42635,22026,20609,4112,38059,464,ITC,ITC1,1,Piemonte,Piemonte,4356406,481299,11.05,0.98
4718,2021-08-01,PIE,27296,14458,12838,8473,18291,532,ITC,ITC1,1,Piemonte,Piemonte,4356406,508595,11.67,0.63
4719,2021-04-23,PIE,27490,12624,14866,20002,6771,717,ITC,ITC1,1,Piemonte,Piemonte,4356406,536085,12.31,0.63
4720,2021-02-11,PIE,6780,2110,4670,2993,3768,19,ITC,ITC1,1,Piemonte,Piemonte,4356406,542865,12.46,0.16
4721,2021-04-09,PIE,25932,11415,14517,20846,4508,578,ITC,ITC1,1,Piemonte,Piemonte,4356406,568797,13.06,0.6
4722,2020-12-30,PIE,743,327,416,743,0,0,ITC,ITC1,1,Piemonte,Piemonte,4356406,569540,13.07,0.02
4723,2021-06-05,PIE,37048,18966,18082,31926,4465,657,ITC,ITC1,1,Piemonte,Piemonte,4356406,606588,13.92,0.85
4724,2021-02-25,PIE,12297,5310,6987,11563,547,187,ITC,ITC1,1,Piemonte,Piemonte,4356406,618885,14.21,0.28
4725,2021-08-15,PIE,6579,3631,2948,5035,1270,274,ITC,ITC1,1,Piemonte,Piemonte,4356406,625464,14.36,0.15
4726,2021-09-01,PIE,18681,9660,9021,6715,11261,705,ITC,ITC1,1,Piemonte,Piemonte,4356406,644145,14.79,0.43
4727,2021-05-24,PIE,29036,13444,15592,16655,11992,389,ITC,ITC1,1,Piemonte,Piemonte,4356406,673181,15.45,0.67
4728,2021-03-02,PIE,11346,4622,6724,10336,815,195,ITC,ITC1,1,Piemonte,Piemonte,4356406,684527,15.71,0.26
4729,2021-03-23,PIE,13230,5580,7650,6650,6254,326,ITC,ITC1,1,Piemonte,Piemonte,4356406,697757,16.02,0.3
4730,2021-01-16,PIE,7787,2631,5156,7780,0,7,ITC,ITC1,1,Piemonte,Piemonte,4356406,705544,16.2,0.18
4731,2021-01-18,PIE,6181,2051,4130,5926,251,4,ITC,ITC1,1,Piemonte,Piemonte,4356406,711725,16.34,0.14
4732,2021-05-17,PIE,31026,14653,16373,17389,13217,420,ITC,ITC1,1,Piemonte,Piemonte,4356406,742751,17.05,0.71
4733,2021-02-06,PIE,8015,2669,5346,396,7617,2,ITC,ITC1,1,Piemonte,Piemonte,4356406,750766,17.23,0.18
4734,2021-02-23,PIE,9285,3743,5542,8518,590,177,ITC,ITC1,1,Piemonte,Piemonte,4356406,760051,17.45,0.21
4735,2021-05-31,PIE,29171,14084,15087,20170,8589,412,ITC,ITC1,1,Piemonte,Piemonte,4356406,789222,18.12,0.67
4736,2021-06-17,PIE,41253,20706,20547,24248,16374,631,ITC,ITC1,1,Piemonte,Piemonte,4356406,830475,19.06,0.95
4737,2021-08-20,PIE,16616,8922,7694,10343,5557,716,ITC,ITC1,1,Piemonte,Piemonte,4356406,847091,19.44,0.38
4738,2021-05-12,PIE,31984,15224,16760,18394,12959,631,ITC,ITC1,1,Piemonte,Piemonte,4356406,879075,20.18,0.73
4739,2021-08-22,PIE,9615,5250,4365,5135,4100,380,ITC,ITC1,1,Piemonte,Piemonte,4356406,888690,20.4,0.22
4740,2021-08-08,PIE,20309,10844,9465,9018,10936,355,ITC,ITC1,1,Piemonte,Piemonte,4356406,908999,20.87,0.47
4741,2021-04-30,PIE,32004,14396,17608,17963,13348,693,ITC,ITC1,1,Piemonte,Piemonte,4356406,941003,21.6,0.73
4742,2020-12-28,PIE,1,1,0,1,0,0,ITC,ITC1,1,Piemonte,Piemonte,4356406,941004,21.6,0.0
4743,2021-09-08,PIE,15647,8087,7560,6139,8741,767,ITC,ITC1,1,Piemonte,Piemonte,4356406,956651,21.96,0.36
4744,2021-07-27,PIE,33834,17667,16167,8266,25002,566,ITC,ITC1,1,Piemonte,Piemonte,4356406,990485,22.74,0.78
4745,2021-05-02,PIE,25167,11293,13874,14016,10753,398,ITC,ITC1,1,Piemonte,Piemonte,4356406,1015652,23.31,0.58
4746,2021-06-26,PIE,41297,21013,20284,21979,18599,719,ITC,ITC1,1,Piemonte,Piemonte,4356406,1056949,24.26,0.95
4747,2021-07-13,PIE,38915,20075,18840,3678,34900,337,ITC,ITC1,1,Piemonte,Piemonte,4356406,1095864,25.16,0.89
4748,2021-04-04,PIE,9270,4060,5210,6399,2714,157,ITC,ITC1,1,Piemonte,Piemonte,4356406,1105134,25.37,0.21
4749,2021-04-21,PIE,25827,11860,13967,19787,5365,675,ITC,ITC1,1,Piemonte,Piemonte,4356406,1130961,25.96,0.59
4750,2021-01-11,PIE,8789,3000,5789,8783,0,6,ITC,ITC1,1,Piemonte,Piemonte,4356406,1139750,26.16,0.2
4751,2021-07-08,PIE,41058,20996,20062,7463,33014,581,ITC,ITC1,1,Piemonte,Piemonte,4356406,1180808,27.11,0.94
4752,2021-01-23,PIE,4265,1328,2937,878,3385,2,ITC,ITC1,1,Piemonte,Piemonte,4356406,1185073,27.2,0.1
4753,2021-03-21,PIE,10750,4748,6002,4034,6543,173,ITC,ITC1,1,Piemonte,Piemonte,4356406,1195823,27.45,0.25
4754,2021-08-13,PIE,20033,10678,9355,12077,7240,716,ITC,ITC1,1,Piemonte,Piemonte,4356406,1215856,27.91,0.46
4755,2021-05-05,PIE,34737,16275,18462,20350,13683,704,ITC,ITC1,1,Piemonte,Piemonte,4356406,1250593,28.71,0.8
4756,2021-07-01,PIE,42027,21023,21004,19825,21158,1044,ITC,ITC1,1,Piemonte,Piemonte,4356406,1292620,29.67,0.96
4757,2021-04-02,PIE,20180,8332,11848,11340,8434,406,ITC,ITC1,1,Piemonte,Piemonte,4356406,1312800,30.13,0.46
4758,2021-05-29,PIE,32868,15258,17610,20311,12193,364,ITC,ITC1,1,Piemonte,Piemonte,4356406,1345668,30.89,0.75
4759,2021-02-18,PIE,4821,2115,2706,4304,429,88,ITC,ITC1,1,Piemonte,Piemonte,4356406,1350489,31.0,0.11
4760,2021-07-25,PIE,28799,15271,13528,6601,21700,498,ITC,ITC1,1,Piemonte,Piemonte,4356406,1379288,31.66,0.66
4761,2021-04-16,PIE,28489,13240,15249,22693,5019,777,ITC,ITC1,1,Piemonte,Piemonte,4356406,1407777,32.32,0.65
4762,2021-09-03,PIE,18380,9706,8674,6414,11306,660,ITC,ITC1,1,Piemonte,Piemonte,4356406,1426157,32.74,0.42
4763,2021-06-12,PIE,42733,22516,20217,39291,2630,812,ITC,ITC1,1,Piemonte,Piemonte,4356406,1468890,33.72,0.98
4764,2021-03-09,PIE,14342,5741,8601,11751,2354,237,ITC,ITC1,1,Piemonte,Piemonte,4356406,1483232,34.05,0.33
4765,2021-08-24,PIE,15239,8132,7107,7872,6729,638,ITC,ITC1,1,Piemonte,Piemonte,4356406,1498471,34.4,0.35
4766,2021-01-01,PIE,1041,396,645,1040,0,1,ITC,ITC1,1,Piemonte,Piemonte,4356406,1499512,34.42,0.02
4767,2021-09-12,PIE,10471,5549,4922,3530,6468,473,ITC,ITC1,1,Piemonte,Piemonte,4356406,1509983,34.66,0.24
4768,2021-02-08,PIE,6933,2356,4577,664,6264,5,ITC,ITC1,1,Piemonte,Piemonte,4356406,1516916,34.82,0.16
4769,2021-08-29,PIE,15139,8117,7022,5037,9671,431,ITC,ITC1,1,Piemonte,Piemonte,4356406,1532055,35.17,0.35
4770,2021-05-21,PIE,36301,16867,19434,20092,15684,525,ITC,ITC1,1,Piemonte,Piemonte,4356406,1568356,36.0,0.83
4771,2021-07-17,PIE,42056,22138,19918,4957,36600,499,ITC,ITC1,1,Piemonte,Piemonte,4356406,1610412,36.97,0.97
4772,2021-06-02,PIE,26782,13110,13672,21683,4648,451,ITC,ITC1,1,Piemonte,Piemonte,4356406,1637194,37.58,0.61
4773,2021-02-22,PIE,8508,3476,5032,7807,595,106,ITC,ITC1,1,Piemonte,Piemonte,4356406,1645702,37.78,0.2
4774,2021-03-11,PIE,14046,5322,8724,10692,3103,251,ITC,ITC1,1,Piemonte,Piemonte,4356406,1659748,38.1,0.32
4775,2021-03-25,PIE,17179,7288,9891,8099,8637,443,ITC,ITC1,1,Piemonte,Piemonte,4356406,1676927,38.49,0.39
4776,2021-02-27,PIE,12735,4861,7874,12156,337,242,ITC,ITC1,1,Piemonte,Piemonte,4356406,1689662,38.79,0.29
4777,2021-04-25,PIE,20276,9329,10947,17297,2510,469,ITC,ITC1,1,Piemonte,Piemonte,4356406,1709938,39.25,0.47
4778,2021-01-15,PIE,9132,3014,6118,9126,0,6,ITC,ITC1,1,Piemonte,Piemonte,4356406,1719070,39.46,0.21
4779,2021-06-21,PIE,38537,19268,19269,17179,20788,570,ITC,ITC1,1,Piemonte,Piemonte,4356406,1757607,40.35,0.88
4780,2021-03-13,PIE,13055,4727,8328,11349,1432,274,ITC,ITC1,1,Piemonte,Piemonte,4356406,1770662,40.65,0.3
4781,2021-04-18,PIE,22974,10819,12155,19635,2756,583,ITC,ITC1,1,Piemonte,Piemonte,4356406,1793636,41.17,0.53
4782,2021-01-08,PIE,5550,1767,3783,5548,0,2,ITC,ITC1,1,Piemonte,Piemonte,4356406,1799186,41.3,0.13
4783,2021-06-14,PIE,38098,19619,18479,30279,7098,721,ITC,ITC1,1,Piemonte,Piemonte,4356406,1837284,42.17,0.87
4784,2021-01-13,PIE,10118,3240,6878,10109,0,9,ITC,ITC1,1,Piemonte,Piemonte,4356406,1847402,42.41,0.23
4785,2021-06-16,PIE,40500,20284,20216,23575,16287,638,ITC,ITC1,1,Piemonte,Piemonte,4356406,1887902,43.34,0.93
4786,2021-08-12,PIE,22082,11847,10235,13485,7829,768,ITC,ITC1,1,Piemonte,Piemonte,4356406,1909984,43.84,0.51
4787,2021-07-05,PIE,35647,17838,17809,11706,23245,696,ITC,ITC1,1,Piemonte,Piemonte,4356406,1945631,44.66,0.82
4788,2021-02-20,PIE,3850,1265,2585,3573,174,103,ITC,ITC1,1,Piemonte,Piemonte,4356406,1949481,44.75,0.09
4789,2021-07-24,PIE,34928,18374,16554,7920,26400,608,ITC,ITC1,1,Piemonte,Piemonte,4356406,1984409,45.55,0.8
4790,2021-07-22,PIE,41677,21938,19739,7021,34053,603,ITC,ITC1,1,Piemonte,Piemonte,4356406,2026086,46.51,0.96
4791,2021-04-13,PIE,26791,12046,14745,22627,3465,699,ITC,ITC1,1,Piemonte,Piemonte,4356406,2052877,47.12,0.61
4792,2021-01-20,PIE,6642,2097,4545,5911,724,7,ITC,ITC1,1,Piemonte,Piemonte,4356406,2059519,47.28,0.15
4793,2021-02-03,PIE,10228,3312,6916,609,9617,2,ITC,ITC1,1,Piemonte,Piemonte,4356406,2069747,47.51,0.23
4794,2021-07-12,PIE,39258,20244,19014,4563,34216,479,ITC,ITC1,1,Piemonte,Piemonte,4356406,2109005,48.41,0.9
4795,2021-07-29,PIE,36725,19085,17640,9379,26682,664,ITC,ITC1,1,Piemonte,Piemonte,4356406,2145730,49.25,0.84
4796,2021-04-20,PIE,25552,11695,13857,18559,6363,630,ITC,ITC1,1,Piemonte,Piemonte,4356406,2171282,49.84,0.59
4797,2021-05-07,PIE,33176,15698,17478,18388,14155,633,ITC,ITC1,1,Piemonte,Piemonte,4356406,2204458,50.6,0.76
4798,2021-01-27,PIE,4208,1456,2752,995,3211,2,ITC,ITC1,1,Piemonte,Piemonte,4356406,2208666,50.7,0.1
4799,2021-02-13,PIE,4172,1344,2828,2931,1225,16,ITC,ITC1,1,Piemonte,Piemonte,4356406,2212838,50.8,0.1
4800,2021-03-06,PIE,14046,5234,8812,11066,2800,180,ITC,ITC1,1,Piemonte,Piemonte,4356406,2226884,51.12,0.32
4801,2021-08-10,PIE,22076,11695,10381,12518,8892,666,ITC,ITC1,1,Piemonte,Piemonte,4356406,2248960,51.62,0.51
4802,2021-01-22,PIE,3889,1256,2633,2543,1345,1,ITC,ITC1,1,Piemonte,Piemonte,4356406,2252849,51.71,0.09
4803,2021-08-21,PIE,13333,7129,6204,7715,5088,530,ITC,ITC1,1,Piemonte,Piemonte,4356406,2266182,52.02,0.31
4804,2021-09-07,PIE,18374,9673,8701,6142,11546,686,ITC,ITC1,1,Piemonte,Piemonte,4356406,2284556,52.44,0.42
4805,2021-07-03,PIE,40159,20153,20006,15350,24052,757,ITC,ITC1,1,Piemonte,Piemonte,4356406,2324715,53.36,0.92
4806,2021-01-06,PIE,3119,1106,2013,3118,0,1,ITC,ITC1,1,Piemonte,Piemonte,4356406,2327834,53.43,0.07
4807,2021-08-05,PIE,30371,16104,14267,11244,18558,569,ITC,ITC1,1,Piemonte,Piemonte,4356406,2358205,54.13,0.7
4808,2021-06-23,PIE,39838,19788,20050,16424,22904,510,ITC,ITC1,1,Piemonte,Piemonte,4356406,2398043,55.05,0.91
4809,2021-08-19,PIE,15899,8554,7345,10565,4601,733,ITC,ITC1,1,Piemonte,Piemonte,4356406,2413942,55.41,0.36
4810,2021-02-01,PIE,8700,3072,5628,579,8120,1,ITC,ITC1,1,Piemonte,Piemonte,4356406,2422642,55.61,0.2
4811,2021-05-14,PIE,33505,16317,17188,17373,15455,677,ITC,ITC1,1,Piemonte,Piemonte,4356406,2456147,56.38,0.77
4812,2021-08-09,PIE,24778,12922,11856,12047,12002,729,ITC,ITC1,1,Piemonte,Piemonte,4356406,2480925,56.95,0.57
4813,2021-08-26,PIE,16914,9158,7756,8126,8031,757,ITC,ITC1,1,Piemonte,Piemonte,4356406,2497839,57.34,0.39
4814,2021-05-18,PIE,32260,14883,17377,19118,12691,451,ITC,ITC1,1,Piemonte,Piemonte,4356406,2530099,58.08,0.74
4815,2021-09-09,PIE,15941,8278,7663,6071,9107,763,ITC,ITC1,1,Piemonte,Piemonte,4356406,2546040,58.44,0.37
4816,2021-08-07,PIE,29798,15950,13848,12640,16650,508,ITC,ITC1,1,Piemonte,Piemonte,4356406,2575838,59.13,0.68
4817,2021-04-29,PIE,48616,22025,26591,34748,12649,1219,ITC,ITC1,1,Piemonte,Piemonte,4356406,2624454,60.24,1.12
4818,2021-05-16,PIE,28231,12811,15420,14763,13092,376,ITC,ITC1,1,Piemonte,Piemonte,4356406,2652685,60.89,0.65
4819,2021-02-05,PIE,9637,3147,6490,656,8979,2,ITC,ITC1,1,Piemonte,Piemonte,4356406,2662322,61.11,0.22
4820,2021-07-02,PIE,43857,22066,21791,17387,25596,874,ITC,ITC1,1,Piemonte,Piemonte,4356406,2706179,62.12,1.01
4821,2021-08-28,PIE,17505,9218,8287,7301,9568,636,ITC,ITC1,1,Piemonte,Piemonte,4356406,2723684,62.52,0.4
4822,2021-07-31,PIE,35807,19031,16776,10752,24641,414,ITC,ITC1,1,Piemonte,Piemonte,4356406,2759491,63.34,0.82
4823,2021-08-17,PIE,18092,9697,8395,11705,5602,785,ITC,ITC1,1,Piemonte,Piemonte,4356406,2777583,63.76,0.42
4824,2021-05-09,PIE,27184,12943,14241,13164,13624,396,ITC,ITC1,1,Piemonte,Piemonte,4356406,2804767,64.38,0.62
4825,2021-05-26,PIE,34246,15783,18463,15360,18520,366,ITC,ITC1,1,Piemonte,Piemonte,4356406,2839013,65.17,0.79
4826,2021-02-15,PIE,4447,1603,2844,3214,1210,23,ITC,ITC1,1,Piemonte,Piemonte,4356406,2843460,65.27,0.1
4827,2021-03-04,PIE,14759,5947,8812,11584,2951,224,ITC,ITC1,1,Piemonte,Piemonte,4356406,2858219,65.61,0.34
4828,2021-03-30,PIE,17018,7128,9890,8745,7875,398,ITC,ITC1,1,Piemonte,Piemonte,4356406,2875237,66.0,0.39
4829,2021-07-10,PIE,41287,20938,20349,6734,34004,549,ITC,ITC1,1,Piemonte,Piemonte,4356406,2916524,66.95,0.95
4830,2021-04-01,PIE,19453,8165,11288,10984,8143,326,ITC,ITC1,1,Piemonte,Piemonte,4356406,2935977,67.39,0.45
4831,2021-09-05,PIE,13036,6905,6131,4461,8101,474,ITC,ITC1,1,Piemonte,Piemonte,4356406,2949013,67.69,0.3
4832,2021-05-28,PIE,35138,16638,18500,18694,16028,416,ITC,ITC1,1,Piemonte,Piemonte,4356406,2984151,68.5,0.81
4833,2021-01-25,PIE,6233,1947,4286,977,5254,2,ITC,ITC1,1,Piemonte,Piemonte,4356406,2990384,68.64,0.14
4834,2021-07-26,PIE,32843,17088,15755,8314,23895,634,ITC,ITC1,1,Piemonte,Piemonte,4356406,3023227,69.4,0.75
4835,2021-04-17,PIE,30529,14175,16354,26489,3315,725,ITC,ITC1,1,Piemonte,Piemonte,4356406,3053756,70.1,0.7
4836,2021-06-13,PIE,38220,20172,18048,33303,4138,779,ITC,ITC1,1,Piemonte,Piemonte,4356406,3091976,70.98,0.88
4837,2021-01-03,PIE,3069,973,2096,3068,0,1,ITC,ITC1,1,Piemonte,Piemonte,4356406,3095045,71.05,0.07
4838,2021-07-07,PIE,38073,18920,19153,9712,27765,596,ITC,ITC1,1,Piemonte,Piemonte,4356406,3133118,71.92,0.87
4839,2021-03-29,PIE,15275,6487,8788,8391,6615,269,ITC,ITC1,1,Piemonte,Piemonte,4356406,3148393,72.27,0.35
4840,2021-07-21,PIE,38074,20198,17876,6559,30986,529,ITC,ITC1,1,Piemonte,Piemonte,4356406,3186467,73.14,0.87
4841,2021-06-18,PIE,40746,20370,20376,25807,14246,693,ITC,ITC1,1,Piemonte,Piemonte,4356406,3227213,74.08,0.94
4842,2021-03-10,PIE,13959,5455,8504,11393,2295,271,ITC,ITC1,1,Piemonte,Piemonte,4356406,3241172,74.4,0.32
4843,2021-03-27,PIE,18434,7841,10593,9142,8836,456,ITC,ITC1,1,Piemonte,Piemonte,4356406,3259606,74.82,0.42
4844,2021-06-25,PIE,45628,22732,22896,20292,24601,735,ITC,ITC1,1,Piemonte,Piemonte,4356406,3305234,75.87,1.05
4845,2021-04-03,PIE,19528,8229,11299,10634,8579,315,ITC,ITC1,1,Piemonte,Piemonte,4356406,3324762,76.32,0.45
4846,2021-01-10,PIE,5247,2289,2958,5244,0,3,ITC,ITC1,1,Piemonte,Piemonte,4356406,3330009,76.44,0.12
4847,2021-07-14,PIE,39085,20099,18986,3602,35056,427,ITC,ITC1,1,Piemonte,Piemonte,4356406,3369094,77.34,0.9
4848,2021-03-08,PIE,14312,5606,8706,11352,2717,243,ITC,ITC1,1,Piemonte,Piemonte,4356406,3383406,77.67,0.33
4849,2021-05-04,PIE,31669,14636,17033,17312,13760,597,ITC,ITC1,1,Piemonte,Piemonte,4356406,3415075,78.39,0.73
4850,2021-01-24,PIE,3161,964,2197,435,2724,2,ITC,ITC1,1,Piemonte,Piemonte,4356406,3418236,78.46,0.07
4851,2021-06-30,PIE,41363,20216,21147,18499,21979,885,ITC,ITC1,1,Piemonte,Piemonte,4356406,3459599,79.41,0.95
4852,2021-04-12,PIE,22981,10374,12607,19460,2995,526,ITC,ITC1,1,Piemonte,Piemonte,4356406,3482580,79.94,0.53
4853,2021-01-02,PIE,3553,1134,2419,3552,0,1,ITC,ITC1,1,Piemonte,Piemonte,4356406,3486133,80.02,0.08
4854,2021-05-01,PIE,28629,13037,15592,16351,11823,455,ITC,ITC1,1,Piemonte,Piemonte,4356406,3514762,80.68,0.66
4855,2021-01-21,PIE,6889,2317,4572,3377,3506,6,ITC,ITC1,1,Piemonte,Piemonte,4356406,3521651,80.84,0.16
4856,2021-08-23,PIE,18385,9885,8500,8854,8939,592,ITC,ITC1,1,Piemonte,Piemonte,4356406,3540036,81.26,0.42
4857,2021-05-15,PIE,33850,15783,18067,19425,13745,680,ITC,ITC1,1,Piemonte,Piemonte,4356406,3573886,82.04,0.78
4858,2021-01-19,PIE,6480,2110,4370,6462,9,9,ITC,ITC1,1,Piemonte,Piemonte,4356406,3580366,82.19,0.15
4859,2021-07-23,PIE,38181,20131,18050,8038,29507,636,ITC,ITC1,1,Piemonte,Piemonte,4356406,3618547,83.06,0.88
4860,2021-04-14,PIE,28385,12851,15534,23073,4585,727,ITC,ITC1,1,Piemonte,Piemonte,4356406,3646932,83.71,0.65
4861,2021-02-10,PIE,7570,2383,5187,1302,6253,15,ITC,ITC1,1,Piemonte,Piemonte,4356406,3654502,83.89,0.17
4862,2021-04-08,PIE,25365,11039,14326,20066,4730,569,ITC,ITC1,1,Piemonte,Piemonte,4356406,3679867,84.47,0.58
4863,2021-07-19,PIE,39667,20639,19028,4505,34741,421,ITC,ITC1,1,Piemonte,Piemonte,4356406,3719534,85.38,0.91
4864,2021-04-10,PIE,30220,13436,16784,25290,4269,661,ITC,ITC1,1,Piemonte,Piemonte,4356406,3749754,86.07,0.69
4865,2021-09-16,PIE,14166,7530,6636,3798,9903,465,ITC,ITC1,1,Piemonte,Piemonte,4356406,3763920,86.4,0.33
4866,2021-05-30,PIE,27838,13237,14601,18060,9399,379,ITC,ITC1,1,Piemonte,Piemonte,4356406,3791758,87.04,0.64
4867,2021-02-19,PIE,5564,2187,3377,4935,504,125,ITC,ITC1,1,Piemonte,Piemonte,4356406,3797322,87.17,0.13
4868,2021-06-04,PIE,37716,19728,17988,34111,2972,633,ITC,ITC1,1,Piemonte,Piemonte,4356406,3835038,88.03,0.87
4869,2021-03-22,PIE,11546,4899,6647,3720,7609,217,ITC,ITC1,1,Piemonte,Piemonte,4356406,3846584,88.3,0.27
4870,2021-06-01,PIE,29637,14883,14754,24512,4687,438,ITC,ITC1,1,Piemonte,Piemonte,4356406,3876221,88.98,0.68
4871,2021-02-21,PIE,5104,2090,3014,4950,104,50,ITC,ITC1,1,Piemonte,Piemonte,4356406,3881325,89.09,0.12
4872,2021-06-20,PIE,34144,17119,17025,18793,14783,568,ITC,ITC1,1,Piemonte,Piemonte,4356406,3915469,89.88,0.78
4873,2021-03-12,PIE,14240,5414,8826,10997,2950,293,ITC,ITC1,1,Piemonte,Piemonte,4356406,3929709,90.21,0.33
4874,2021-04-27,PIE,22670,10238,12432,16846,5166,658,ITC,ITC1,1,Piemonte,Piemonte,4356406,3952379,90.73,0.52
4875,2021-01-17,PIE,3532,1169,2363,2880,650,2,ITC,ITC1,1,Piemonte,Piemonte,4356406,3955911,90.81,0.08
4876,2021-03-15,PIE,10708,4201,6507,4937,5615,156,ITC,ITC1,1,Piemonte,Piemonte,4356406,3966619,91.05,0.25
4877,2021-05-11,PIE,32340,15587,16753,18431,13262,647,ITC,ITC1,1,Piemonte,Piemonte,4356406,3998959,91.79,0.74
4878,2021-01-31,PIE,4155,1769,2386,114,4041,0,ITC,ITC1,1,Piemonte,Piemonte,4356406,4003114,91.89,0.1
4879,2021-07-18,PIE,32939,17274,15665,3251,29352,336,ITC,ITC1,1,Piemonte,Piemonte,4356406,4036053,92.65,0.76
4880,2021-09-13,PIE,16588,8578,8010,5470,10333,785,ITC,ITC1,1,Piemonte,Piemonte,4356406,4052641,93.03,0.38
4881,2021-04-22,PIE,27702,12756,14946,20202,6698,802,ITC,ITC1,1,Piemonte,Piemonte,4356406,4080343,93.66,0.64
4882,2021-01-12,PIE,10110,3422,6688,10104,0,6,ITC,ITC1,1,Piemonte,Piemonte,4356406,4090453,93.9,0.23
4883,2021-01-29,PIE,5962,1894,4068,454,5508,0,ITC,ITC1,1,Piemonte,Piemonte,4356406,4096415,94.03,0.14
4884,2021-05-13,PIE,35802,17591,18211,19918,15154,730,ITC,ITC1,1,Piemonte,Piemonte,4356406,4132217,94.85,0.82
4885,2021-02-02,PIE,10291,3524,6767,814,9476,1,ITC,ITC1,1,Piemonte,Piemonte,4356406,4142508,95.09,0.24
4886,2021-07-09,PIE,40506,20668,19838,5771,34196,539,ITC,ITC1,1,Piemonte,Piemonte,4356406,4183014,96.02,0.93
4887,2021-03-31,PIE,19156,8135,11021,10112,8700,344,ITC,ITC1,1,Piemonte,Piemonte,4356406,4202170,96.46,0.44
4888,2021-09-04,PIE,18585,9717,8868,6344,11524,717,ITC,ITC1,1,Piemonte,Piemonte,4356406,4220755,96.89,0.43
4889,2021-05-27,PIE,37536,17451,20085,18874,18209,453,ITC,ITC1,1,Piemonte,Piemonte,4356406,4258291,97.75,0.86
4890,2021-02-16,PIE,3989,1767,2222,3177,765,47,ITC,ITC1,1,Piemonte,Piemonte,4356406,4262280,97.84,0.09
4891,2021-04-15,PIE,29673,13599,16074,23422,5555,696,ITC,ITC1,1,Piemonte,Piemonte,4356406,4291953,98.52,0.68
4892,2021-01-05,PIE,5406,1617,3789,5399,0,7,ITC,ITC1,1,Piemonte,Piemonte,4356406,4297359,98.64,0.12
4893,2021-06-22,PIE,40727,20137,20590,17816,22341,570,ITC,ITC1,1,Piemonte,Piemonte,4356406,4338086,99.58,0.93
4894,2021-01-07,PIE,5404,1741,3663,5402,0,2,ITC,ITC1,1,Piemonte,Piemonte,4356406,4343490,99.7,0.12
4895,2021-03-05,PIE,15678,6311,9367,11558,3839,281,ITC,ITC1,1,Piemonte,Piemonte,4356406,4359168,100.06,0.36
4896,2021-02-24,PIE,11419,4618,6801,10760,505,154,ITC,ITC1,1,Piemonte,Piemonte,4356406,4370587,100.33,0.26
4897,2021-09-14,PIE,15800,8248,7552,5158,9925,717,ITC,ITC1,1,Piemonte,Piemonte,4356406,4386387,100.69,0.36
4898,2021-06-06,PIE,35177,18376,16801,32129,2491,557,ITC,ITC1,1,Piemonte,Piemonte,4356406,4421564,101.5,0.81
4899,2021-08-02,PIE,30042,15865,14177,9411,20072,559,ITC,ITC1,1,Piemonte,Piemonte,4356406,4451606,102.19,0.69
4900,2021-02-17,PIE,4818,2171,2647,3765,991,62,ITC,ITC1,1,Piemonte,Piemonte,4356406,4456424,102.3,0.11
4901,2021-08-06,PIE,30506,16132,14374,13295,16508,703,ITC,ITC1,1,Piemonte,Piemonte,4356406,4486930,103.0,0.7
4902,2021-08-25,PIE,16453,8869,7584,8288,7441,724,ITC,ITC1,1,Piemonte,Piemonte,4356406,4503383,103.37,0.38
4903,2021-09-11,PIE,17468,9174,8294,5404,11328,736,ITC,ITC1,1,Piemonte,Piemonte,4356406,4520851,103.77,0.4
4904,2021-06-03,PIE,34832,18032,16800,29780,4501,551,ITC,ITC1,1,Piemonte,Piemonte,4356406,4555683,104.57,0.8
4905,2021-07-04,PIE,33868,17067,16801,11246,21988,634,ITC,ITC1,1,Piemonte,Piemonte,4356406,4589551,105.35,0.78
4906,2021-03-26,PIE,17962,7142,10820,8541,8889,532,ITC,ITC1,1,Piemonte,Piemonte,4356406,4607513,105.76,0.41
4907,2021-02-28,PIE,10847,4067,6780,10426,241,180,ITC,ITC1,1,Piemonte,Piemonte,4356406,4618360,106.01,0.25
4908,2021-03-17,PIE,12540,5066,7474,5042,7309,189,ITC,ITC1,1,Piemonte,Piemonte,4356406,4630900,106.3,0.29
4909,2021-06-10,PIE,40617,21231,19386,37135,2593,889,ITC,ITC1,1,Piemonte,Piemonte,4356406,4671517,107.23,0.93
4910,2021-06-27,PIE,37599,18629,18970,15215,21772,612,ITC,ITC1,1,Piemonte,Piemonte,4356406,4709116,108.1,0.86
4911,2021-03-19,PIE,11048,4525,6523,4226,6612,210,ITC,ITC1,1,Piemonte,Piemonte,4356406,4720164,108.35,0.25
4912,2021-04-05,PIE,14776,6249,8527,11961,2562,253,ITC,ITC1,1,Piemonte,Piemonte,4356406,4734940,108.69,0.34
4913,2021-06-29,PIE,40678,20317,20361,19231,20732,715,ITC,ITC1,1,Piemonte,Piemonte,4356406,4775618,109.62,0.93
4914,2021-02-07,PIE,3103,977,2126,446,2656,1,ITC,ITC1,1,Piemonte,Piemonte,4356406,4778721,109.69,0.07
4915,2021-07-11,PIE,33231,16937,16294,4532,28376,323,ITC,ITC1,1,Piemonte,Piemonte,4356406,4811952,110.46,0.76
4916,2021-09-06,PIE,18225,9537,8688,6112,11417,696,ITC,ITC1,1,Piemonte,Piemonte,4356406,4830177,110.88,0.42
4917,2021-08-30,PIE,20929,10939,9990,7228,13029,672,ITC,ITC1,1,Piemonte,Piemonte,4356406,4851106,111.36,0.48
4918,2021-05-22,PIE,33593,15172,18421,16928,16252,413,ITC,ITC1,1,Piemonte,Piemonte,4356406,4884699,112.13,0.77
4919,2021-03-24,PIE,15630,6419,9211,6125,9140,365,ITC,ITC1,1,Piemonte,Piemonte,4356406,4900329,112.49,0.36
4920,2021-05-20,PIE,38728,17992,20736,13373,24993,362,ITC,ITC1,1,Piemonte,Piemonte,4356406,4939057,113.37,0.89
4921,2021-02-09,PIE,7415,2321,5094,719,6694,2,ITC,ITC1,1,Piemonte,Piemonte,4356406,4946472,113.54,0.17
4922,2021-07-16,PIE,42157,22019,20138,3610,38126,421,ITC,ITC1,1,Piemonte,Piemonte,4356406,4988629,114.51,0.97
4923,2021-04-07,PIE,23721,10047,13674,17718,5463,540,ITC,ITC1,1,Piemonte,Piemonte,4356406,5012350,115.06,0.54
4924,2021-06-08,PIE,37776,19538,18238,34201,2857,718,ITC,ITC1,1,Piemonte,Piemonte,4356406,5050126,115.92,0.87
4925,2021-08-04,PIE,29347,15517,13830,8966,19858,523,ITC,ITC1,1,Piemonte,Piemonte,4356406,5079473,116.6,0.67
4926,2021-04-26,PIE,19845,8769,11076,14928,4402,515,ITC,ITC1,1,Piemonte,Piemonte,4356406,5099318,117.05,0.46
4927,2021-08-11,PIE,23466,12621,10845,13444,9363,659,ITC,ITC1,1,Piemonte,Piemonte,4356406,5122784,117.59,0.54
4928,2021-05-03,PIE,26726,12221,14505,12050,14229,447,ITC,ITC1,1,Piemonte,Piemonte,4356406,5149510,118.21,0.61
4929,2021-02-26,PIE,12324,4944,7380,11370,743,211,ITC,ITC1,1,Piemonte,Piemonte,4356406,5161834,118.49,0.28
4930,2021-04-24,PIE,27579,12468,15111,21340,5667,572,ITC,ITC1,1,Piemonte,Piemonte,4356406,5189413,119.12,0.63
4931,2021-01-14,PIE,9802,3160,6642,9796,0,6,ITC,ITC1,1,Piemonte,Piemonte,4356406,5199215,119.35,0.23
4932,2021-07-28,PIE,34848,18110,16738,9179,25058,611,ITC,ITC1,1,Piemonte,Piemonte,4356406,5234063,120.15,0.8
4933,2021-06-15,PIE,39039,20103,18936,26545,11797,697,ITC,ITC1,1,Piemonte,Piemonte,4356406,5273102,121.04,0.9
4934,2021-03-07,PIE,12011,4675,7336,10880,877,254,ITC,ITC1,1,Piemonte,Piemonte,4356406,5285113,121.32,0.28
4935,2020-12-31,PIE,3896,1329,2567,3896,0,0,ITC,ITC1,1,Piemonte,Piemonte,4356406,5289009,121.41,0.09
4936,2021-06-28,PIE,38507,19122,19385,15149,22753,605,ITC,ITC1,1,Piemonte,Piemonte,4356406,5327516,122.29,0.88
4937,2021-04-06,PIE,20825,9082,11743,15148,5217,460,ITC,ITC1,1,Piemonte,Piemonte,4356406,5348341,122.77,0.48
4938,2020-12-27,PIE,915,370,545,915,0,0,ITC,ITC1,1,Piemonte,Piemonte,4356406,5349256,122.79,0.02
4939,2021-08-31,PIE,19033,10038,8995,6826,11647,560,ITC,ITC1,1,Piemonte,Piemonte,4356406,5368289,123.23,0.44
4940,2021-09-17,PIE,8154,4490,3664,2504,5351,299,ITC,ITC1,1,Piemonte,Piemonte,4356406,5376443,123.41,0.19
4941,2021-06-09,PIE,38764,20418,18346,35210,2751,803,ITC,ITC1,1,Piemonte,Piemonte,4356406,5415207,124.3,0.89
4942,2021-03-18,PIE,11786,4818,6968,3842,7749,195,ITC,ITC1,1,Piemonte,Piemonte,4356406,5426993,124.58,0.27
4943,2021-03-03,PIE,12391,4871,7520,11374,821,196,ITC,ITC1,1,Piemonte,Piemonte,4356406,5439384,124.86,0.28
4944,2021-03-20,PIE,11951,4906,7045,5783,5916,252,ITC,ITC1,1,Piemonte,Piemonte,4356406,5451335,125.13,0.27
4945,2021-08-14,PIE,15133,8150,6983,9802,4765,566,ITC,ITC1,1,Piemonte,Piemonte,4356406,5466468,125.48,0.35
4946,2021-05-06,PIE,33504,15827,17677,19329,13566,609,ITC,ITC1,1,Piemonte,Piemonte,4356406,5499972,126.25,0.77
4947,2021-05-23,PIE,28833,13175,15658,15492,13021,320,ITC,ITC1,1,Piemonte,Piemonte,4356406,5528805,126.91,0.66
4948,2021-02-12,PIE,6925,2227,4698,3925,2975,25,ITC,ITC1,1,Piemonte,Piemonte,4356406,5535730,127.07,0.16
4949,2021-03-01,PIE,12190,4968,7222,11197,813,180,ITC,ITC1,1,Piemonte,Piemonte,4356406,5547920,127.35,0.28
4950,2021-09-02,PIE,16876,8792,8084,6151,10081,644,ITC,ITC1,1,Piemonte,Piemonte,4356406,5564796,127.74,0.39
4951,2021-05-25,PIE,31946,14803,17143,15647,15902,397,ITC,ITC1,1,Piemonte,Piemonte,4356406,5596742,128.47,0.73
4952,2021-06-11,PIE,43700,23119,20581,40031,2843,826,ITC,ITC1,1,Piemonte,Piemonte,4356406,5640442,129.47,1.0
4953,2021-08-18,PIE,18138,9793,8345,11622,5769,747,ITC,ITC1,1,Piemonte,Piemonte,4356406,5658580,129.89,0.42
4954,2021-04-19,PIE,22592,10784,11808,17669,4358,565,ITC,ITC1,1,Piemonte,Piemonte,4356406,5681172,130.41,0.52
4955,2021-01-09,PIE,6205,2197,4008,6203,0,2,ITC,ITC1,1,Piemonte,Piemonte,4356406,5687377,130.55,0.14
4956,2021-01-26,PIE,6363,1897,4466,737,5625,1,ITC,ITC1,1,Piemonte,Piemonte,4356406,5693740,130.7,0.15
4957,2021-07-30,PIE,35883,18737,17146,9558,25787,538,ITC,ITC1,1,Piemonte,Piemonte,4356406,5729623,131.52,0.82
4958,2021-08-16,PIE,19263,10228,9035,11590,6815,858,ITC,ITC1,1,Piemonte,Piemonte,4356406,5748886,131.96,0.44
4959,2021-05-08,PIE,34384,16307,18077,18178,15672,534,ITC,ITC1,1,Piemonte,Piemonte,4356406,5783270,132.75,0.79
4960,2021-01-28,PIE,5614,1816,3798,380,5234,0,ITC,ITC1,1,Piemonte,Piemonte,4356406,5788884,132.88,0.13
4961,2021-02-14,PIE,1483,501,982,871,605,7,ITC,ITC1,1,Piemonte,Piemonte,4356406,5790367,132.92,0.03
4962,2021-08-01,SAR,3055,1502,1553,1031,1988,36,ITG,ITG2,20,Sardegna,Sardegna,1639591,3055,0.19,0.19
4963,2021-04-23,SAR,13069,5792,7277,7361,5556,152,ITG,ITG2,20,Sardegna,Sardegna,1639591,16124,0.98,0.8
4964,2021-05-10,SAR,9949,4417,5532,7208,2560,181,ITG,ITG2,20,Sardegna,Sardegna,1639591,26073,1.59,0.61
4965,2021-01-30,SAR,3946,1426,2520,368,3578,0,ITG,ITG2,20,Sardegna,Sardegna,1639591,30019,1.83,0.24
4966,2021-04-09,SAR,12486,5529,6957,7935,4403,148,ITG,ITG2,20,Sardegna,Sardegna,1639591,42505,2.59,0.76
4967,2021-07-20,SAR,16150,7931,8219,3653,12406,91,ITG,ITG2,20,Sardegna,Sardegna,1639591,58655,3.58,0.99
4968,2021-04-11,SAR,5416,2450,2966,4263,1124,29,ITG,ITG2,20,Sardegna,Sardegna,1639591,64071,3.91,0.33
4969,2021-09-15,SAR,10219,5545,4674,2043,8066,110,ITG,ITG2,20,Sardegna,Sardegna,1639591,74290,4.53,0.62
4970,2021-06-07,SAR,12567,6145,6422,9438,3007,122,ITG,ITG2,20,Sardegna,Sardegna,1639591,86857,5.3,0.77
4971,2021-01-16,SAR,1498,530,968,1498,0,0,ITG,ITG2,20,Sardegna,Sardegna,1639591,88355,5.39,0.09
4972,2021-08-15,SAR,19,10,9,9,10,0,ITG,ITG2,20,Sardegna,Sardegna,1639591,88374,5.39,0.0
4973,2021-07-01,SAR,19833,9763,10070,7254,12484,95,ITG,ITG2,20,Sardegna,Sardegna,1639591,108207,6.6,1.21
4974,2021-03-23,SAR,6502,2906,3596,5229,1090,183,ITG,ITG2,20,Sardegna,Sardegna,1639591,114709,7.0,0.4
4975,2021-07-15,SAR,18778,9236,9542,4645,14031,102,ITG,ITG2,20,Sardegna,Sardegna,1639591,133487,8.14,1.15
4976,2021-08-27,SAR,8385,4495,3890,4909,3334,142,ITG,ITG2,20,Sardegna,Sardegna,1639591,141872,8.65,0.51
4977,2021-05-19,SAR,17081,8682,8399,12631,4279,171,ITG,ITG2,20,Sardegna,Sardegna,1639591,158953,9.69,1.04
4978,2021-06-05,SAR,17889,8441,9448,11285,6469,135,ITG,ITG2,20,Sardegna,Sardegna,1639591,176842,10.79,1.09
4979,2021-02-25,SAR,2940,1275,1665,2297,608,35,ITG,ITG2,20,Sardegna,Sardegna,1639591,179782,10.97,0.18
4980,2021-03-14,SAR,613,379,234,602,1,10,ITG,ITG2,20,Sardegna,Sardegna,1639591,180395,11.0,0.04
4981,2021-03-09,SAR,5563,2755,2808,4758,732,73,ITG,ITG2,20,Sardegna,Sardegna,1639591,185958,11.34,0.34
4982,2021-08-13,SAR,9952,5420,4532,6317,3516,119,ITG,ITG2,20,Sardegna,Sardegna,1639591,195910,11.95,0.61
4983,2021-05-05,SAR,10284,4679,5605,8009,2064,211,ITG,ITG2,20,Sardegna,Sardegna,1639591,206194,12.58,0.63
4984,2021-06-19,SAR,15349,7517,7832,9118,6132,99,ITG,ITG2,20,Sardegna,Sardegna,1639591,221543,13.51,0.94
4985,2021-07-06,SAR,15935,7722,8213,4660,11175,100,ITG,ITG2,20,Sardegna,Sardegna,1639591,237478,14.48,0.97
4986,2021-03-28,SAR,4631,1828,2803,4476,79,76,ITG,ITG2,20,Sardegna,Sardegna,1639591,242109,14.77,0.28
4987,2021-01-04,SAR,609,230,379,609,0,0,ITG,ITG2,20,Sardegna,Sardegna,1639591,242718,14.8,0.04
4988,2021-02-11,SAR,1322,490,832,1207,115,0,ITG,ITG2,20,Sardegna,Sardegna,1639591,244040,14.88,0.08
4989,2021-09-10,SAR,10289,5472,4817,2647,7472,170,ITG,ITG2,20,Sardegna,Sardegna,1639591,254329,15.51,0.63
4990,2021-09-01,SAR,8247,4310,3937,3116,5042,89,ITG,ITG2,20,Sardegna,Sardegna,1639591,262576,16.01,0.5
4991,2021-05-24,SAR,14491,7259,7232,8360,5999,132,ITG,ITG2,20,Sardegna,Sardegna,1639591,277067,16.9,0.88
4992,2021-02-13,SAR,1458,563,895,1452,2,4,ITG,ITG2,20,Sardegna,Sardegna,1639591,278525,16.99,0.09
4993,2021-06-12,SAR,14755,7194,7561,9935,4702,118,ITG,ITG2,20,Sardegna,Sardegna,1639591,293280,17.89,0.9
4994,2021-03-04,SAR,4394,2314,2080,3068,1260,66,ITG,ITG2,20,Sardegna,Sardegna,1639591,297674,18.16,0.27
4995,2021-03-21,SAR,4054,1815,2239,2586,1441,27,ITG,ITG2,20,Sardegna,Sardegna,1639591,301728,18.4,0.25
4996,2021-02-04,SAR,2302,825,1477,915,1384,3,ITG,ITG2,20,Sardegna,Sardegna,1639591,304030,18.54,0.14
4997,2021-04-02,SAR,9330,3625,5705,5924,3252,154,ITG,ITG2,20,Sardegna,Sardegna,1639591,313360,19.11,0.57
4998,2021-07-13,SAR,17810,8524,9286,3253,14479,78,ITG,ITG2,20,Sardegna,Sardegna,1639591,331170,20.2,1.09
4999,2021-04-04,SAR,2,1,1,0,2,0,ITG,ITG2,20,Sardegna,Sardegna,1639591,331172,20.2,0.0
5000,2021-08-03,SAR,14575,7510,7065,7514,6863,198,ITG,ITG2,20,Sardegna,Sardegna,1639591,345747,21.09,0.89
5001,2021-08-20,SAR,10174,5352,4822,4794,5230,150,ITG,ITG2,20,Sardegna,Sardegna,1639591,355921,21.71,0.62
5002,2021-05-12,SAR,11227,5283,5944,7860,3154,213,ITG,ITG2,20,Sardegna,Sardegna,1639591,367148,22.39,0.68
5003,2021-09-03,SAR,8717,4701,4016,3079,5544,94,ITG,ITG2,20,Sardegna,Sardegna,1639591,375865,22.92,0.53
5004,2020-12-28,SAR,69,27,42,69,0,0,ITG,ITG2,20,Sardegna,Sardegna,1639591,375934,22.93,0.0
5005,2021-08-08,SAR,1884,979,905,1020,841,23,ITG,ITG2,20,Sardegna,Sardegna,1639591,377818,23.04,0.11
5006,2021-06-26,SAR,19164,9013,10151,5451,13635,78,ITG,ITG2,20,Sardegna,Sardegna,1639591,396982,24.21,1.17
5007,2021-08-22,SAR,1162,650,512,403,756,3,ITG,ITG2,20,Sardegna,Sardegna,1639591,398144,24.28,0.07
5008,2021-04-30,SAR,11316,5344,5972,6823,4301,192,ITG,ITG2,20,Sardegna,Sardegna,1639591,409460,24.97,0.69
5009,2021-05-17,SAR,12845,6269,6576,9139,3556,150,ITG,ITG2,20,Sardegna,Sardegna,1639591,422305,25.76,0.78
5010,2021-02-06,SAR,1983,706,1277,566,1414,3,ITG,ITG2,20,Sardegna,Sardegna,1639591,424288,25.88,0.12
5011,2021-02-23,SAR,1579,1052,527,1280,282,17,ITG,ITG2,20,Sardegna,Sardegna,1639591,425867,25.97,0.1
5012,2021-05-29,SAR,18031,8658,9373,13249,4612,170,ITG,ITG2,20,Sardegna,Sardegna,1639591,443898,27.07,1.1
5013,2021-02-18,SAR,1898,738,1160,1794,64,40,ITG,ITG2,20,Sardegna,Sardegna,1639591,445796,27.19,0.12
5014,2021-09-08,SAR,12255,6568,5687,3187,8926,142,ITG,ITG2,20,Sardegna,Sardegna,1639591,458051,27.94,0.75
5015,2021-05-31,SAR,11372,5409,5963,8162,3112,98,ITG,ITG2,20,Sardegna,Sardegna,1639591,469423,28.63,0.69
5016,2021-07-27,SAR,16535,8385,8150,4216,12208,111,ITG,ITG2,20,Sardegna,Sardegna,1639591,485958,29.64,1.01
5017,2021-03-02,SAR,3062,1636,1426,1824,1162,76,ITG,ITG2,20,Sardegna,Sardegna,1639591,489020,29.83,0.19
5018,2021-04-28,SAR,9127,4310,4817,5211,3764,152,ITG,ITG2,20,Sardegna,Sardegna,1639591,498147,30.38,0.56
5019,2021-01-18,SAR,912,329,583,783,129,0,ITG,ITG2,20,Sardegna,Sardegna,1639591,499059,30.44,0.06
5020,2021-06-24,SAR,19202,9213,9989,8111,10985,106,ITG,ITG2,20,Sardegna,Sardegna,1639591,518261,31.61,1.17
5021,2021-03-16,SAR,4447,1967,2480,3472,930,45,ITG,ITG2,20,Sardegna,Sardegna,1639591,522708,31.88,0.27
5022,2021-07-08,SAR,18445,8972,9473,3832,14528,85,ITG,ITG2,20,Sardegna,Sardegna,1639591,541153,33.01,1.12
5023,2021-07-25,SAR,4343,2142,2201,862,3466,15,ITG,ITG2,20,Sardegna,Sardegna,1639591,545496,33.27,0.26
5024,2021-04-16,SAR,14606,6530,8076,9004,5423,179,ITG,ITG2,20,Sardegna,Sardegna,1639591,560102,34.16,0.89
5025,2021-01-23,SAR,61,23,38,0,61,0,ITG,ITG2,20,Sardegna,Sardegna,1639591,560163,34.16,0.0
5026,2021-01-13,SAR,579,182,397,579,0,0,ITG,ITG2,20,Sardegna,Sardegna,1639591,560742,34.2,0.04
5027,2021-06-16,SAR,17637,8278,9359,12164,5312,161,ITG,ITG2,20,Sardegna,Sardegna,1639591,578379,35.28,1.08
5028,2021-06-14,SAR,13750,6643,7107,9791,3817,142,ITG,ITG2,20,Sardegna,Sardegna,1639591,592129,36.11,0.84
5029,2021-03-06,SAR,2950,1219,1731,1081,1795,74,ITG,ITG2,20,Sardegna,Sardegna,1639591,595079,36.29,0.18
5030,2021-06-28,SAR,14994,7042,7952,3048,11879,67,ITG,ITG2,20,Sardegna,Sardegna,1639591,610073,37.21,0.91
5031,2021-04-06,SAR,7578,3159,4419,5062,2438,78,ITG,ITG2,20,Sardegna,Sardegna,1639591,617651,37.67,0.46
5032,2020-12-27,SAR,68,37,31,68,0,0,ITG,ITG2,20,Sardegna,Sardegna,1639591,617719,37.68,0.0
5033,2021-05-07,SAR,14614,6665,7949,9785,4558,271,ITG,ITG2,20,Sardegna,Sardegna,1639591,632333,38.57,0.89
5034,2021-01-27,SAR,1436,506,930,78,1358,0,ITG,ITG2,20,Sardegna,Sardegna,1639591,633769,38.65,0.09
5035,2021-07-03,SAR,15846,7564,8282,3234,12578,34,ITG,ITG2,20,Sardegna,Sardegna,1639591,649615,39.62,0.97
5036,2021-03-25,SAR,9282,4022,5260,7822,1309,151,ITG,ITG2,20,Sardegna,Sardegna,1639591,658897,40.19,0.57
5037,2021-08-29,SAR,467,250,217,355,98,14,ITG,ITG2,20,Sardegna,Sardegna,1639591,659364,40.22,0.03
5038,2021-05-21,SAR,22798,11233,11565,16385,6133,280,ITG,ITG2,20,Sardegna,Sardegna,1639591,682162,41.61,1.39
5039,2021-03-18,SAR,7318,3096,4222,5601,1640,77,ITG,ITG2,20,Sardegna,Sardegna,1639591,689480,42.05,0.45
5040,2021-05-14,SAR,14673,6895,7778,10818,3653,202,ITG,ITG2,20,Sardegna,Sardegna,1639591,704153,42.95,0.89
5041,2021-02-03,SAR,1122,419,703,426,695,1,ITG,ITG2,20,Sardegna,Sardegna,1639591,705275,43.02,0.07
5042,2021-07-10,SAR,14241,6888,7353,2703,11503,35,ITG,ITG2,20,Sardegna,Sardegna,1639591,719516,43.88,0.87
5043,2021-04-01,SAR,10294,4106,6188,7118,3025,151,ITG,ITG2,20,Sardegna,Sardegna,1639591,729810,44.51,0.63
5044,2021-04-21,SAR,12182,5580,6602,6478,5600,104,ITG,ITG2,20,Sardegna,Sardegna,1639591,741992,45.25,0.74
5045,2021-01-11,SAR,1219,522,697,1218,0,1,ITG,ITG2,20,Sardegna,Sardegna,1639591,743211,45.33,0.07
5046,2021-06-17,SAR,18468,8531,9937,9920,8427,121,ITG,ITG2,20,Sardegna,Sardegna,1639591,761679,46.46,1.13
5047,2021-01-25,SAR,612,228,384,23,589,0,ITG,ITG2,20,Sardegna,Sardegna,1639591,762291,46.49,0.04
5048,2021-08-24,SAR,10106,5404,4702,4813,5138,155,ITG,ITG2,20,Sardegna,Sardegna,1639591,772397,47.11,0.62
5049,2021-05-16,SAR,8253,3838,4415,6003,2162,88,ITG,ITG2,20,Sardegna,Sardegna,1639591,780650,47.61,0.5
5050,2021-07-12,SAR,15335,7414,7921,2400,12877,58,ITG,ITG2,20,Sardegna,Sardegna,1639591,795985,48.55,0.94
5051,2021-09-07,SAR,9563,5084,4479,2541,6903,119,ITG,ITG2,20,Sardegna,Sardegna,1639591,805548,49.13,0.58
5052,2021-07-17,SAR,12870,6302,6568,3178,9625,67,ITG,ITG2,20,Sardegna,Sardegna,1639591,818418,49.92,0.78
5053,2021-07-31,SAR,10321,5458,4863,5276,4964,81,ITG,ITG2,20,Sardegna,Sardegna,1639591,828739,50.55,0.63
5054,2021-08-19,SAR,10761,5689,5072,5732,4896,133,ITG,ITG2,20,Sardegna,Sardegna,1639591,839500,51.2,0.66
5055,2021-04-25,SAR,4540,2286,2254,3704,786,50,ITG,ITG2,20,Sardegna,Sardegna,1639591,844040,51.48,0.28
5056,2021-01-15,SAR,1576,575,1001,1574,0,2,ITG,ITG2,20,Sardegna,Sardegna,1639591,845616,51.57,0.1
5057,2021-08-17,SAR,10608,5535,5073,6093,4389,126,ITG,ITG2,20,Sardegna,Sardegna,1639591,856224,52.22,0.65
5058,2021-02-01,SAR,1555,620,935,226,1329,0,ITG,ITG2,20,Sardegna,Sardegna,1639591,857779,52.32,0.09
5059,2021-05-09,SAR,6181,2888,3293,5161,926,94,ITG,ITG2,20,Sardegna,Sardegna,1639591,863960,52.69,0.38
5060,2021-05-26,SAR,15551,8197,7354,9708,5661,182,ITG,ITG2,20,Sardegna,Sardegna,1639591,879511,53.64,0.95
5061,2021-02-15,SAR,962,349,613,923,31,8,ITG,ITG2,20,Sardegna,Sardegna,1639591,880473,53.7,0.06
5062,2021-02-22,SAR,1652,955,697,1392,234,26,ITG,ITG2,20,Sardegna,Sardegna,1639591,882125,53.8,0.1
5063,2021-03-11,SAR,6464,3111,3353,5172,1209,83,ITG,ITG2,20,Sardegna,Sardegna,1639591,888589,54.2,0.39
5064,2021-09-02,SAR,10322,5547,4775,3966,6243,113,ITG,ITG2,20,Sardegna,Sardegna,1639591,898911,54.83,0.63
5065,2021-07-21,SAR,19392,9500,9892,3907,15401,84,ITG,ITG2,20,Sardegna,Sardegna,1639591,918303,56.01,1.18
5066,2021-09-16,SAR,10576,5630,4946,1992,8479,105,ITG,ITG2,20,Sardegna,Sardegna,1639591,928879,56.65,0.65
5067,2021-02-10,SAR,1976,775,1201,1444,526,6,ITG,ITG2,20,Sardegna,Sardegna,1639591,930855,56.77,0.12
5068,2021-04-18,SAR,5155,2237,2918,2239,2886,30,ITG,ITG2,20,Sardegna,Sardegna,1639591,936010,57.09,0.31
5069,2021-01-08,SAR,3353,1238,2115,3351,0,2,ITG,ITG2,20,Sardegna,Sardegna,1639591,939363,57.29,0.2
5070,2021-06-02,SAR,9786,4692,5094,8060,1640,86,ITG,ITG2,20,Sardegna,Sardegna,1639591,949149,57.89,0.6
5071,2021-07-29,SAR,17895,9042,8853,6524,11205,166,ITG,ITG2,20,Sardegna,Sardegna,1639591,967044,58.98,1.09
5072,2021-04-20,SAR,11198,5067,6131,7797,3297,104,ITG,ITG2,20,Sardegna,Sardegna,1639591,978242,59.66,0.68
5073,2021-07-05,SAR,15584,7571,8013,3327,12208,49,ITG,ITG2,20,Sardegna,Sardegna,1639591,993826,60.61,0.95
5074,2021-08-31,SAR,9294,4956,4338,4748,4387,159,ITG,ITG2,20,Sardegna,Sardegna,1639591,1003120,61.18,0.57
5075,2021-01-01,SAR,33,17,16,33,0,0,ITG,ITG2,20,Sardegna,Sardegna,1639591,1003153,61.18,0.0
5076,2021-02-27,SAR,1930,646,1284,1326,561,43,ITG,ITG2,20,Sardegna,Sardegna,1639591,1005083,61.3,0.12
5077,2021-07-22,SAR,18338,9268,9070,4508,13721,109,ITG,ITG2,20,Sardegna,Sardegna,1639591,1023421,62.42,1.12
5078,2021-04-13,SAR,7707,3624,4083,5786,1855,66,ITG,ITG2,20,Sardegna,Sardegna,1639591,1031128,62.89,0.47
5079,2021-09-17,SAR,4717,2649,2068,905,3764,48,ITG,ITG2,20,Sardegna,Sardegna,1639591,1035845,63.18,0.29
5080,2021-06-09,SAR,15476,7369,8107,11574,3751,151,ITG,ITG2,20,Sardegna,Sardegna,1639591,1051321,64.12,0.94
5081,2021-03-20,SAR,5223,2080,3143,2909,2286,28,ITG,ITG2,20,Sardegna,Sardegna,1639591,1056544,64.44,0.32
5082,2021-09-04,SAR,5114,2803,2311,1554,3512,48,ITG,ITG2,20,Sardegna,Sardegna,1639591,1061658,64.75,0.31
5083,2021-06-13,SAR,9502,4678,4824,6162,3260,80,ITG,ITG2,20,Sardegna,Sardegna,1639591,1071160,65.33,0.58
5084,2021-09-05,SAR,664,370,294,133,525,6,ITG,ITG2,20,Sardegna,Sardegna,1639591,1071824,65.37,0.04
5085,2021-05-28,SAR,18013,8716,9297,13527,4297,189,ITG,ITG2,20,Sardegna,Sardegna,1639591,1089837,66.47,1.1
5086,2021-02-17,SAR,1417,582,835,1279,74,64,ITG,ITG2,20,Sardegna,Sardegna,1639591,1091254,66.56,0.09
5087,2021-05-25,SAR,15161,7707,7454,8497,6488,176,ITG,ITG2,20,Sardegna,Sardegna,1639591,1106415,67.48,0.92
5088,2021-06-11,SAR,14785,7025,7760,9090,5539,156,ITG,ITG2,20,Sardegna,Sardegna,1639591,1121200,68.38,0.9
5089,2021-03-03,SAR,4140,2295,1845,2747,1306,87,ITG,ITG2,20,Sardegna,Sardegna,1639591,1125340,68.64,0.25
5090,2021-09-09,SAR,11731,6268,5463,2244,9348,139,ITG,ITG2,20,Sardegna,Sardegna,1639591,1137071,69.35,0.72
5091,2021-09-12,SAR,3234,1794,1440,622,2586,26,ITG,ITG2,20,Sardegna,Sardegna,1639591,1140305,69.55,0.2
5092,2021-06-04,SAR,14522,6948,7574,9787,4575,160,ITG,ITG2,20,Sardegna,Sardegna,1639591,1154827,70.43,0.89
5093,2021-06-21,SAR,14039,6740,7299,5125,8838,76,ITG,ITG2,20,Sardegna,Sardegna,1639591,1168866,71.29,0.86
5094,2021-03-13,SAR,2776,1086,1690,2452,281,43,ITG,ITG2,20,Sardegna,Sardegna,1639591,1171642,71.46,0.17
5095,2021-03-30,SAR,8926,3623,5303,6483,2286,157,ITG,ITG2,20,Sardegna,Sardegna,1639591,1180568,72.0,0.54
5096,2021-01-06,SAR,1639,556,1083,1639,0,0,ITG,ITG2,20,Sardegna,Sardegna,1639591,1182207,72.1,0.1
5097,2021-08-05,SAR,15651,8230,7421,8686,6800,165,ITG,ITG2,20,Sardegna,Sardegna,1639591,1197858,73.06,0.95
5098,2021-02-20,SAR,2044,856,1188,1683,337,24,ITG,ITG2,20,Sardegna,Sardegna,1639591,1199902,73.18,0.12
5099,2021-08-21,SAR,5622,3056,2566,3639,1893,90,ITG,ITG2,20,Sardegna,Sardegna,1639591,1205524,73.53,0.34
5100,2021-03-08,SAR,4734,2464,2270,3455,1226,53,ITG,ITG2,20,Sardegna,Sardegna,1639591,1210258,73.81,0.29
5101,2021-01-29,SAR,3046,1119,1927,45,2999,2,ITG,ITG2,20,Sardegna,Sardegna,1639591,1213304,74.0,0.19
5102,2021-08-02,SAR,13118,6603,6515,6209,6730,179,ITG,ITG2,20,Sardegna,Sardegna,1639591,1226422,74.8,0.8
5103,2021-06-30,SAR,17772,8514,9258,4804,12886,82,ITG,ITG2,20,Sardegna,Sardegna,1639591,1244194,75.88,1.08
5104,2021-03-22,SAR,3745,1518,2227,3132,526,87,ITG,ITG2,20,Sardegna,Sardegna,1639591,1247939,76.11,0.23
5105,2021-04-08,SAR,13608,5971,7637,8333,5154,121,ITG,ITG2,20,Sardegna,Sardegna,1639591,1261547,76.94,0.83
5106,2021-07-14,SAR,16914,8192,8722,3774,13029,111,ITG,ITG2,20,Sardegna,Sardegna,1639591,1278461,77.97,1.03
5107,2020-12-29,SAR,57,32,25,57,0,0,ITG,ITG2,20,Sardegna,Sardegna,1639591,1278518,77.98,0.0
5108,2021-04-22,SAR,10629,4686,5943,5542,4993,94,ITG,ITG2,20,Sardegna,Sardegna,1639591,1289147,78.63,0.65
5109,2021-01-12,SAR,890,417,473,890,0,0,ITG,ITG2,20,Sardegna,Sardegna,1639591,1290037,78.68,0.05
5110,2021-06-23,SAR,20549,9669,10880,6192,14264,93,ITG,ITG2,20,Sardegna,Sardegna,1639591,1310586,79.93,1.25
5111,2021-08-09,SAR,13418,6974,6444,6477,6795,146,ITG,ITG2,20,Sardegna,Sardegna,1639591,1324004,80.75,0.82
5112,2021-08-26,SAR,9428,4999,4429,5354,3947,127,ITG,ITG2,20,Sardegna,Sardegna,1639591,1333432,81.33,0.58
5113,2021-02-05,SAR,1923,757,1166,435,1486,2,ITG,ITG2,20,Sardegna,Sardegna,1639591,1335355,81.44,0.12
5114,2021-04-03,SAR,4728,1824,2904,2671,1986,71,ITG,ITG2,20,Sardegna,Sardegna,1639591,1340083,81.73,0.29
5115,2021-05-30,SAR,9746,4842,4904,7312,2366,68,ITG,ITG2,20,Sardegna,Sardegna,1639591,1349829,82.33,0.59
5116,2021-02-19,SAR,1521,477,1044,1416,56,49,ITG,ITG2,20,Sardegna,Sardegna,1639591,1351350,82.42,0.09
5117,2021-01-28,SAR,3038,1084,1954,68,2970,0,ITG,ITG2,20,Sardegna,Sardegna,1639591,1354388,82.61,0.19
5118,2021-05-27,SAR,17862,9268,8594,12109,5544,209,ITG,ITG2,20,Sardegna,Sardegna,1639591,1372250,83.69,1.09
5119,2021-02-16,SAR,703,291,412,667,27,9,ITG,ITG2,20,Sardegna,Sardegna,1639591,1372953,83.74,0.04
5120,2021-03-05,SAR,5235,2622,2613,2822,2372,41,ITG,ITG2,20,Sardegna,Sardegna,1639591,1378188,84.06,0.32
5121,2021-05-11,SAR,9113,4248,4865,6454,2521,138,ITG,ITG2,20,Sardegna,Sardegna,1639591,1387301,84.61,0.56
5122,2021-01-31,SAR,2154,765,1389,45,2109,0,ITG,ITG2,20,Sardegna,Sardegna,1639591,1389455,84.74,0.13
5123,2021-02-14,SAR,542,263,279,540,2,0,ITG,ITG2,20,Sardegna,Sardegna,1639591,1389997,84.78,0.03
5124,2021-07-18,SAR,5693,2874,2819,982,4701,10,ITG,ITG2,20,Sardegna,Sardegna,1639591,1395690,85.12,0.35
5125,2021-08-18,SAR,10693,5533,5160,5707,4856,130,ITG,ITG2,20,Sardegna,Sardegna,1639591,1406383,85.78,0.65
5126,2021-05-04,SAR,9685,4430,5255,7624,1905,156,ITG,ITG2,20,Sardegna,Sardegna,1639591,1416068,86.37,0.59
5127,2021-01-24,SAR,91,35,56,5,86,0,ITG,ITG2,20,Sardegna,Sardegna,1639591,1416159,86.37,0.01
5128,2021-06-18,SAR,16491,7509,8982,8603,7772,116,ITG,ITG2,20,Sardegna,Sardegna,1639591,1432650,87.38,1.01
5129,2021-03-10,SAR,6082,2965,3117,5147,856,79,ITG,ITG2,20,Sardegna,Sardegna,1639591,1438732,87.75,0.37
5130,2021-08-14,SAR,1794,1025,769,990,794,10,ITG,ITG2,20,Sardegna,Sardegna,1639591,1440526,87.86,0.11
5131,2021-05-06,SAR,13176,6066,7110,9733,3193,250,ITG,ITG2,20,Sardegna,Sardegna,1639591,1453702,88.66,0.8
5132,2021-03-01,SAR,2297,1168,1129,1599,667,31,ITG,ITG2,20,Sardegna,Sardegna,1639591,1455999,88.8,0.14
5133,2021-08-07,SAR,8213,4309,3904,5439,2706,68,ITG,ITG2,20,Sardegna,Sardegna,1639591,1464212,89.3,0.5
5134,2021-04-29,SAR,11278,5134,6144,6684,4431,163,ITG,ITG2,20,Sardegna,Sardegna,1639591,1475490,89.99,0.69
5135,2021-06-25,SAR,16515,7812,8703,3897,12560,58,ITG,ITG2,20,Sardegna,Sardegna,1639591,1492005,91.0,1.01
5136,2021-01-10,SAR,2220,762,1458,2219,0,1,ITG,ITG2,20,Sardegna,Sardegna,1639591,1494225,91.13,0.14
5137,2021-03-27,SAR,5833,2217,3616,5310,423,100,ITG,ITG2,20,Sardegna,Sardegna,1639591,1500058,91.49,0.36
5138,2021-05-23,SAR,10036,4817,5219,7685,2255,96,ITG,ITG2,20,Sardegna,Sardegna,1639591,1510094,92.1,0.61
5139,2021-02-12,SAR,2249,938,1311,2183,60,6,ITG,ITG2,20,Sardegna,Sardegna,1639591,1512343,92.24,0.14
5140,2021-03-19,SAR,7326,3065,4261,5017,2244,65,ITG,ITG2,20,Sardegna,Sardegna,1639591,1519669,92.69,0.45
5141,2021-07-16,SAR,16936,8476,8460,4554,12247,135,ITG,ITG2,20,Sardegna,Sardegna,1639591,1536605,93.72,1.03
5142,2021-04-07,SAR,13734,6105,7629,7908,5740,86,ITG,ITG2,20,Sardegna,Sardegna,1639591,1550339,94.56,0.84
5143,2021-04-24,SAR,10562,4911,5651,7960,2461,141,ITG,ITG2,20,Sardegna,Sardegna,1639591,1560901,95.2,0.64
5144,2021-07-19,SAR,15230,7630,7600,2796,12383,51,ITG,ITG2,20,Sardegna,Sardegna,1639591,1576131,96.13,0.93
5145,2021-04-10,SAR,10605,4785,5820,8534,1962,109,ITG,ITG2,20,Sardegna,Sardegna,1639591,1586736,96.78,0.65
5146,2021-01-07,SAR,3171,1110,2061,3167,0,4,ITG,ITG2,20,Sardegna,Sardegna,1639591,1589907,96.97,0.19
5147,2021-05-18,SAR,14789,7387,7402,9421,5226,142,ITG,ITG2,20,Sardegna,Sardegna,1639591,1604696,97.87,0.9
5148,2021-02-24,SAR,2449,1311,1138,2212,195,42,ITG,ITG2,20,Sardegna,Sardegna,1639591,1607145,98.02,0.15
5149,2021-08-28,SAR,4163,2396,1767,2853,1251,59,ITG,ITG2,20,Sardegna,Sardegna,1639591,1611308,98.27,0.25
5150,2021-09-14,SAR,10522,5675,4847,1910,8477,135,ITG,ITG2,20,Sardegna,Sardegna,1639591,1621830,98.92,0.64
5151,2021-06-06,SAR,10038,5002,5036,6315,3654,69,ITG,ITG2,20,Sardegna,Sardegna,1639591,1631868,99.53,0.61
5152,2021-04-12,SAR,7061,3204,3857,5257,1728,76,ITG,ITG2,20,Sardegna,Sardegna,1639591,1638929,99.96,0.43
5153,2021-01-02,SAR,61,22,39,61,0,0,ITG,ITG2,20,Sardegna,Sardegna,1639591,1638990,99.96,0.0
5154,2021-06-08,SAR,14838,7072,7766,11169,3512,157,ITG,ITG2,20,Sardegna,Sardegna,1639591,1653828,100.87,0.9
5155,2021-02-28,SAR,368,169,199,139,227,2,ITG,ITG2,20,Sardegna,Sardegna,1639591,1654196,100.89,0.02
5156,2021-08-04,SAR,16213,8526,7687,9596,6352,265,ITG,ITG2,20,Sardegna,Sardegna,1639591,1670409,101.88,0.99
5157,2021-04-26,SAR,6951,3298,3653,5921,928,102,ITG,ITG2,20,Sardegna,Sardegna,1639591,1677360,102.3,0.42
5158,2021-05-13,SAR,12452,5874,6578,8769,3469,214,ITG,ITG2,20,Sardegna,Sardegna,1639591,1689812,103.06,0.76
5159,2021-02-02,SAR,1534,681,853,258,1276,0,ITG,ITG2,20,Sardegna,Sardegna,1639591,1691346,103.16,0.09
5160,2021-07-02,SAR,18944,8892,10052,4404,14441,99,ITG,ITG2,20,Sardegna,Sardegna,1639591,1710290,104.31,1.16
5161,2021-04-27,SAR,7758,3592,4166,5573,2072,113,ITG,ITG2,20,Sardegna,Sardegna,1639591,1718048,104.79,0.47
5162,2021-01-17,SAR,867,278,589,866,1,0,ITG,ITG2,20,Sardegna,Sardegna,1639591,1718915,104.84,0.05
5163,2021-03-15,SAR,2828,1328,1500,2409,377,42,ITG,ITG2,20,Sardegna,Sardegna,1639591,1721743,105.01,0.17
5164,2021-04-05,SAR,2093,798,1295,2048,1,44,ITG,ITG2,20,Sardegna,Sardegna,1639591,1723836,105.14,0.13
5165,2021-09-06,SAR,9286,4875,4411,2548,6624,114,ITG,ITG2,20,Sardegna,Sardegna,1639591,1733122,105.7,0.57
5166,2021-06-29,SAR,17901,8609,9292,3759,14093,49,ITG,ITG2,20,Sardegna,Sardegna,1639591,1751023,106.8,1.09
5167,2021-01-14,SAR,1128,433,695,1128,0,0,ITG,ITG2,20,Sardegna,Sardegna,1639591,1752151,106.87,0.07
5168,2021-07-23,SAR,15760,7788,7972,3404,12278,78,ITG,ITG2,20,Sardegna,Sardegna,1639591,1767911,107.83,0.96
5169,2021-04-14,SAR,8370,3929,4441,7030,1276,64,ITG,ITG2,20,Sardegna,Sardegna,1639591,1776281,108.34,0.51
5170,2021-05-01,SAR,10012,4799,5213,5422,4487,103,ITG,ITG2,20,Sardegna,Sardegna,1639591,1786293,108.95,0.61
5171,2021-01-21,SAR,140,69,71,98,42,0,ITG,ITG2,20,Sardegna,Sardegna,1639591,1786433,108.96,0.01
5172,2021-02-07,SAR,1128,397,731,228,899,1,ITG,ITG2,20,Sardegna,Sardegna,1639591,1787561,109.02,0.07
5173,2021-08-11,SAR,11927,6362,5565,6146,5601,180,ITG,ITG2,20,Sardegna,Sardegna,1639591,1799488,109.75,0.73
5174,2021-05-03,SAR,8339,3855,4484,6600,1625,114,ITG,ITG2,20,Sardegna,Sardegna,1639591,1807827,110.26,0.51
5175,2021-05-20,SAR,16416,7895,8521,11294,4913,209,ITG,ITG2,20,Sardegna,Sardegna,1639591,1824243,111.26,1.0
5176,2021-02-09,SAR,2299,840,1459,1290,1004,5,ITG,ITG2,20,Sardegna,Sardegna,1639591,1826542,111.4,0.14
5177,2021-02-26,SAR,2834,1117,1717,2473,308,53,ITG,ITG2,20,Sardegna,Sardegna,1639591,1829376,111.58,0.17
5178,2021-06-10,SAR,17818,8481,9337,11644,6047,127,ITG,ITG2,20,Sardegna,Sardegna,1639591,1847194,112.66,1.09
5179,2021-08-06,SAR,13823,7174,6649,7988,5660,175,ITG,ITG2,20,Sardegna,Sardegna,1639591,1861017,113.5,0.84
5180,2020-12-31,SAR,41,22,19,41,0,0,ITG,ITG2,20,Sardegna,Sardegna,1639591,1861058,113.51,0.0
5181,2021-07-30,SAR,15206,7858,7348,6622,8417,167,ITG,ITG2,20,Sardegna,Sardegna,1639591,1876264,114.43,0.93
5182,2021-06-01,SAR,14328,6659,7669,9637,4595,96,ITG,ITG2,20,Sardegna,Sardegna,1639591,1890592,115.31,0.87
5183,2021-02-21,SAR,1589,709,880,1558,30,1,ITG,ITG2,20,Sardegna,Sardegna,1639591,1892181,115.41,0.1
5184,2021-07-28,SAR,16793,8620,8173,6319,10326,148,ITG,ITG2,20,Sardegna,Sardegna,1639591,1908974,116.43,1.02
5185,2021-04-19,SAR,10259,4647,5612,8662,1451,146,ITG,ITG2,20,Sardegna,Sardegna,1639591,1919233,117.06,0.63
5186,2021-01-09,SAR,4087,1443,2644,4087,0,0,ITG,ITG2,20,Sardegna,Sardegna,1639591,1923320,117.3,0.25
5187,2021-06-15,SAR,14691,6811,7880,9812,4744,135,ITG,ITG2,20,Sardegna,Sardegna,1639591,1938011,118.2,0.9
5188,2021-03-07,SAR,1663,752,911,1114,545,4,ITG,ITG2,20,Sardegna,Sardegna,1639591,1939674,118.3,0.1
5189,2021-07-04,SAR,8207,3988,4219,2067,6125,15,ITG,ITG2,20,Sardegna,Sardegna,1639591,1947881,118.8,0.5
5190,2021-03-26,SAR,8635,3550,5085,6963,1532,140,ITG,ITG2,20,Sardegna,Sardegna,1639591,1956516,119.33,0.53
5191,2021-08-30,SAR,8752,4669,4083,4835,3760,157,ITG,ITG2,20,Sardegna,Sardegna,1639591,1965268,119.86,0.53
5192,2021-05-22,SAR,25073,12014,13059,19586,5183,304,ITG,ITG2,20,Sardegna,Sardegna,1639591,1990341,121.39,1.53
5193,2021-01-19,SAR,751,271,480,695,55,1,ITG,ITG2,20,Sardegna,Sardegna,1639591,1991092,121.44,0.05
5194,2021-03-17,SAR,6627,2870,3757,4956,1633,38,ITG,ITG2,20,Sardegna,Sardegna,1639591,1997719,121.84,0.4
5195,2021-06-27,SAR,9020,4311,4709,2957,6035,28,ITG,ITG2,20,Sardegna,Sardegna,1639591,2006739,122.39,0.55
5196,2021-03-24,SAR,7505,3134,4371,5994,1360,151,ITG,ITG2,20,Sardegna,Sardegna,1639591,2014244,122.85,0.46
5197,2021-08-23,SAR,10522,5565,4957,5634,4710,178,ITG,ITG2,20,Sardegna,Sardegna,1639591,2024766,123.49,0.64
5198,2021-05-15,SAR,13878,6444,7434,10242,3444,192,ITG,ITG2,20,Sardegna,Sardegna,1639591,2038644,124.34,0.85
5199,2021-07-11,SAR,6380,3119,3261,1424,4920,36,ITG,ITG2,20,Sardegna,Sardegna,1639591,2045024,124.73,0.39
5200,2021-01-26,SAR,1381,474,907,27,1354,0,ITG,ITG2,20,Sardegna,Sardegna,1639591,2046405,124.81,0.08
5201,2021-08-16,SAR,8462,4412,4050,4551,3795,116,ITG,ITG2,20,Sardegna,Sardegna,1639591,2054867,125.33,0.52
5202,2021-05-08,SAR,13213,6000,7213,10755,2289,169,ITG,ITG2,20,Sardegna,Sardegna,1639591,2068080,126.13,0.81
5203,2021-07-24,SAR,12385,6386,5999,1993,10363,29,ITG,ITG2,20,Sardegna,Sardegna,1639591,2080465,126.89,0.76
5204,2021-08-10,SAR,14246,7511,6735,6256,7828,162,ITG,ITG2,20,Sardegna,Sardegna,1639591,2094711,127.76,0.87
5205,2021-05-02,SAR,6075,2727,3348,5296,676,103,ITG,ITG2,20,Sardegna,Sardegna,1639591,2100786,128.13,0.37
5206,2021-02-08,SAR,1477,536,941,859,617,1,ITG,ITG2,20,Sardegna,Sardegna,1639591,2102263,128.22,0.09
5207,2021-08-12,SAR,12484,6616,5868,6629,5687,168,ITG,ITG2,20,Sardegna,Sardegna,1639591,2114747,128.98,0.76
5208,2021-01-20,SAR,215,78,137,213,2,0,ITG,ITG2,20,Sardegna,Sardegna,1639591,2114962,128.99,0.01
5209,2021-03-29,SAR,4861,1887,2974,4169,595,97,ITG,ITG2,20,Sardegna,Sardegna,1639591,2119823,129.29,0.3
5210,2021-04-15,SAR,11960,5576,6384,6817,5022,121,ITG,ITG2,20,Sardegna,Sardegna,1639591,2131783,130.02,0.73
5211,2021-01-05,SAR,1358,458,900,1358,0,0,ITG,ITG2,20,Sardegna,Sardegna,1639591,2133141,130.1,0.08
5212,2021-01-22,SAR,84,47,37,56,28,0,ITG,ITG2,20,Sardegna,Sardegna,1639591,2133225,130.11,0.01
5213,2021-07-26,SAR,14608,7290,7318,4121,10410,77,ITG,ITG2,20,Sardegna,Sardegna,1639591,2147833,131.0,0.89
5214,2021-04-17,SAR,10185,4529,5656,5421,4676,88,ITG,ITG2,20,Sardegna,Sardegna,1639591,2158018,131.62,0.62
5215,2021-01-03,SAR,90,36,54,90,0,0,ITG,ITG2,20,Sardegna,Sardegna,1639591,2158108,131.62,0.01
5216,2021-07-07,SAR,15909,7729,8180,4084,11772,53,ITG,ITG2,20,Sardegna,Sardegna,1639591,2174017,132.6,0.97
5217,2021-09-13,SAR,10452,5633,4819,2468,7872,112,ITG,ITG2,20,Sardegna,Sardegna,1639591,2184469,133.23,0.64
5218,2021-06-22,SAR,19342,8991,10351,7164,12077,101,ITG,ITG2,20,Sardegna,Sardegna,1639591,2203811,134.41,1.18
5219,2021-07-09,SAR,15884,7601,8283,3431,12370,83,ITG,ITG2,20,Sardegna,Sardegna,1639591,2219695,135.38,0.97
5220,2021-03-31,SAR,10636,4235,6401,8065,2438,133,ITG,ITG2,20,Sardegna,Sardegna,1639591,2230331,136.03,0.65
5221,2021-08-25,SAR,10063,5290,4773,4241,5711,111,ITG,ITG2,20,Sardegna,Sardegna,1639591,2240394,136.64,0.61
5222,2021-09-11,SAR,6499,3466,3033,1210,5253,36,ITG,ITG2,20,Sardegna,Sardegna,1639591,2246893,137.04,0.4
5223,2021-06-03,SAR,16400,7646,8754,10565,5694,141,ITG,ITG2,20,Sardegna,Sardegna,1639591,2263293,138.04,1.0
5224,2021-06-20,SAR,6295,2807,3488,3635,2628,32,ITG,ITG2,20,Sardegna,Sardegna,1639591,2269588,138.42,0.38
5225,2021-03-12,SAR,6026,2636,3390,4554,1318,154,ITG,ITG2,20,Sardegna,Sardegna,1639591,2275614,138.79,0.37
5226,2021-08-01,LOM,53143,28434,24709,27338,24266,1539,ITC,ITC4,3,Lombardia,Lombardia,10060574,53143,0.53,0.53
5227,2021-04-23,LOM,73645,33373,40272,55552,16660,1433,ITC,ITC4,3,Lombardia,Lombardia,10060574,126788,1.26,0.73
5228,2021-09-01,LOM,60221,32356,27865,30535,25955,3731,ITC,ITC4,3,Lombardia,Lombardia,10060574,187009,1.86,0.6
5229,2021-05-24,LOM,89628,43530,46098,48602,40088,938,ITC,ITC4,3,Lombardia,Lombardia,10060574,276637,2.75,0.89
5230,2021-02-11,LOM,17136,5026,12110,9636,7423,77,ITC,ITC4,3,Lombardia,Lombardia,10060574,293773,2.92,0.17
5231,2021-01-16,LOM,15649,5786,9863,15638,0,11,ITC,ITC4,3,Lombardia,Lombardia,10060574,309422,3.08,0.16
5232,2021-08-15,LOM,7000,3988,3012,2933,3884,183,ITC,ITC4,3,Lombardia,Lombardia,10060574,316422,3.15,0.07
5233,2021-02-16,LOM,9530,3081,6449,8978,452,100,ITC,ITC4,3,Lombardia,Lombardia,10060574,325952,3.24,0.09
5234,2021-06-10,LOM,102735,52273,50462,86420,14507,1808,ITC,ITC4,3,Lombardia,Lombardia,10060574,428687,4.26,1.02
5235,2021-03-02,LOM,22844,9711,13133,19528,3049,267,ITC,ITC4,3,Lombardia,Lombardia,10060574,451531,4.49,0.23
5236,2021-08-20,LOM,27132,15012,12120,14128,11908,1096,ITC,ITC4,3,Lombardia,Lombardia,10060574,478663,4.76,0.27
5237,2021-03-28,LOM,20642,7883,12759,13969,6288,385,ITC,ITC4,3,Lombardia,Lombardia,10060574,499305,4.96,0.21
5238,2021-04-14,LOM,47239,21049,26190,33537,12988,714,ITC,ITC4,3,Lombardia,Lombardia,10060574,546544,5.43,0.47
5239,2021-01-04,LOM,6136,2120,4016,6129,0,7,ITC,ITC4,3,Lombardia,Lombardia,10060574,552680,5.49,0.06
5240,2021-06-19,LOM,104411,52034,52377,56225,46760,1426,ITC,ITC4,3,Lombardia,Lombardia,10060574,657091,6.53,1.04
5241,2021-07-06,LOM,102188,50889,51299,23088,77684,1416,ITC,ITC4,3,Lombardia,Lombardia,10060574,759279,7.55,1.02
5242,2021-08-06,LOM,85621,46657,38964,17808,66966,847,ITC,ITC4,3,Lombardia,Lombardia,10060574,844900,8.4,0.85
5243,2021-04-28,LOM,95812,43696,52116,66883,26955,1974,ITC,ITC4,3,Lombardia,Lombardia,10060574,940712,9.35,0.95
5244,2021-06-24,LOM,109777,56748,53029,78373,29016,2388,ITC,ITC4,3,Lombardia,Lombardia,10060574,1050489,10.44,1.09
5245,2021-03-16,LOM,25545,10134,15411,16310,9113,122,ITC,ITC4,3,Lombardia,Lombardia,10060574,1076034,10.7,0.25
5246,2021-05-12,LOM,87574,41780,45794,57284,27612,2678,ITC,ITC4,3,Lombardia,Lombardia,10060574,1163608,11.57,0.87
5247,2021-08-27,LOM,35746,19223,16523,18535,14625,2586,ITC,ITC4,3,Lombardia,Lombardia,10060574,1199354,11.92,0.36
5248,2021-09-13,LOM,36384,19678,16706,6349,29011,1024,ITC,ITC4,3,Lombardia,Lombardia,10060574,1235738,12.28,0.36
5249,2021-06-05,LOM,102452,52964,49488,91100,9837,1515,ITC,ITC4,3,Lombardia,Lombardia,10060574,1338190,13.3,1.02
5250,2021-03-14,LOM,14884,5350,9534,11215,3290,379,ITC,ITC4,3,Lombardia,Lombardia,10060574,1353074,13.45,0.15
5251,2021-07-20,LOM,95030,49096,45934,6920,87372,738,ITC,ITC4,3,Lombardia,Lombardia,10060574,1448104,14.39,0.94
5252,2021-09-15,LOM,34946,18442,16504,8130,25575,1241,ITC,ITC4,3,Lombardia,Lombardia,10060574,1483050,14.74,0.35
5253,2021-02-04,LOM,28025,8171,19854,2049,25971,5,ITC,ITC4,3,Lombardia,Lombardia,10060574,1511075,15.02,0.28
5254,2021-07-18,LOM,97107,50593,46514,8542,87871,694,ITC,ITC4,3,Lombardia,Lombardia,10060574,1608182,15.98,0.97
5255,2021-04-09,LOM,52460,22397,30063,35593,16023,844,ITC,ITC4,3,Lombardia,Lombardia,10060574,1660642,16.51,0.52
5256,2021-05-10,LOM,85313,40904,44409,61468,21601,2244,ITC,ITC4,3,Lombardia,Lombardia,10060574,1745955,17.35,0.85
5257,2021-01-30,LOM,12359,4587,7772,146,12204,9,ITC,ITC4,3,Lombardia,Lombardia,10060574,1758314,17.48,0.12
5258,2021-09-08,LOM,58145,31754,26391,13521,42889,1735,ITC,ITC4,3,Lombardia,Lombardia,10060574,1816459,18.06,0.58
5259,2021-05-31,LOM,95749,47434,48315,78390,16257,1102,ITC,ITC4,3,Lombardia,Lombardia,10060574,1912208,19.01,0.95
5260,2021-07-27,LOM,104946,56849,48097,7483,96760,703,ITC,ITC4,3,Lombardia,Lombardia,10060574,2017154,20.05,1.04
5261,2021-03-26,LOM,41389,15737,25652,27506,13196,687,ITC,ITC4,3,Lombardia,Lombardia,10060574,2058543,20.46,0.41
5262,2021-05-22,LOM,70689,33871,36818,31726,38247,716,ITC,ITC4,3,Lombardia,Lombardia,10060574,2129232,21.16,0.7
5263,2021-05-29,LOM,88398,42446,45952,41396,46158,844,ITC,ITC4,3,Lombardia,Lombardia,10060574,2217630,22.04,0.88
5264,2021-02-18,LOM,14065,4931,9134,12827,1038,200,ITC,ITC4,3,Lombardia,Lombardia,10060574,2231695,22.18,0.14
5265,2020-12-28,LOM,108,47,61,108,0,0,ITC,ITC4,3,Lombardia,Lombardia,10060574,2231803,22.18,0.0
5266,2021-04-21,LOM,71889,32584,39305,55817,14702,1370,ITC,ITC4,3,Lombardia,Lombardia,10060574,2303692,22.9,0.71
5267,2021-01-11,LOM,16317,5396,10921,16307,0,10,ITC,ITC4,3,Lombardia,Lombardia,10060574,2320009,23.06,0.16
5268,2021-01-28,LOM,12280,3723,8557,795,11478,7,ITC,ITC4,3,Lombardia,Lombardia,10060574,2332289,23.18,0.12
5269,2021-09-03,LOM,52926,28450,24476,22720,27556,2650,ITC,ITC4,3,Lombardia,Lombardia,10060574,2385215,23.71,0.53
5270,2021-01-09,LOM,12510,4613,7897,12502,0,8,ITC,ITC4,3,Lombardia,Lombardia,10060574,2397725,23.83,0.12
5271,2021-03-07,LOM,12100,5366,6734,9340,2563,197,ITC,ITC4,3,Lombardia,Lombardia,10060574,2409825,23.95,0.12
5272,2021-01-27,LOM,8074,2689,5385,807,7265,2,ITC,ITC4,3,Lombardia,Lombardia,10060574,2417899,24.03,0.08
5273,2021-07-03,LOM,102523,51725,50798,44538,55872,2113,ITC,ITC4,3,Lombardia,Lombardia,10060574,2520422,25.05,1.02
5274,2021-03-25,LOM,43059,16102,26957,29253,12883,923,ITC,ITC4,3,Lombardia,Lombardia,10060574,2563481,25.48,0.43
5275,2021-07-08,LOM,114721,58461,56260,13225,100470,1026,ITC,ITC4,3,Lombardia,Lombardia,10060574,2678202,26.62,1.14
5276,2021-07-25,LOM,86642,45739,40903,9423,76438,781,ITC,ITC4,3,Lombardia,Lombardia,10060574,2764844,27.48,0.86
5277,2021-04-16,LOM,53735,23938,29797,38416,14399,920,ITC,ITC4,3,Lombardia,Lombardia,10060574,2818579,28.02,0.53
5278,2021-05-03,LOM,83751,39783,43968,69438,12147,2166,ITC,ITC4,3,Lombardia,Lombardia,10060574,2902330,28.85,0.83
5279,2021-01-23,LOM,1127,361,766,925,199,3,ITC,ITC4,3,Lombardia,Lombardia,10060574,2903457,28.86,0.01
5280,2021-07-13,LOM,108724,56845,51879,15460,92030,1234,ITC,ITC4,3,Lombardia,Lombardia,10060574,3012181,29.94,1.08
5281,2021-04-04,LOM,7615,3232,4383,3682,3899,34,ITC,ITC4,3,Lombardia,Lombardia,10060574,3019796,30.02,0.08
5282,2021-04-02,LOM,41421,16954,24467,26212,14651,558,ITC,ITC4,3,Lombardia,Lombardia,10060574,3061217,30.43,0.41
5283,2021-06-17,LOM,108677,52755,55922,50209,57286,1182,ITC,ITC4,3,Lombardia,Lombardia,10060574,3169894,31.51,1.08
5284,2021-03-09,LOM,33270,12882,20388,25247,7424,599,ITC,ITC4,3,Lombardia,Lombardia,10060574,3203164,31.84,0.33
5285,2021-08-13,LOM,53458,29608,23850,20525,31665,1268,ITC,ITC4,3,Lombardia,Lombardia,10060574,3256622,32.37,0.53
5286,2021-05-05,LOM,88136,42014,46122,70411,15377,2348,ITC,ITC4,3,Lombardia,Lombardia,10060574,3344758,33.25,0.88
5287,2021-07-01,LOM,105145,52894,52251,53327,49413,2405,ITC,ITC4,3,Lombardia,Lombardia,10060574,3449903,34.29,1.05
5288,2021-02-23,LOM,11835,4807,7028,11292,332,211,ITC,ITC4,3,Lombardia,Lombardia,10060574,3461738,34.41,0.12
5289,2021-08-08,LOM,58843,31958,26885,16679,41368,796,ITC,ITC4,3,Lombardia,Lombardia,10060574,3520581,34.99,0.58
5290,2021-08-25,LOM,44521,24045,20476,21657,19754,3110,ITC,ITC4,3,Lombardia,Lombardia,10060574,3565102,35.44,0.44
5291,2021-06-12,LOM,89333,48068,41265,84304,3181,1848,ITC,ITC4,3,Lombardia,Lombardia,10060574,3654435,36.32,0.89
5292,2021-06-29,LOM,107324,53219,54105,57426,47888,2010,ITC,ITC4,3,Lombardia,Lombardia,10060574,3761759,37.39,1.07
5293,2021-03-21,LOM,23524,8499,15025,17721,5198,605,ITC,ITC4,3,Lombardia,Lombardia,10060574,3785283,37.62,0.23
5294,2021-02-13,LOM,6427,2445,3982,4887,1479,61,ITC,ITC4,3,Lombardia,Lombardia,10060574,3791710,37.69,0.06
5295,2021-07-17,LOM,108507,57295,51212,10219,97361,927,ITC,ITC4,3,Lombardia,Lombardia,10060574,3900217,38.77,1.08
5296,2021-01-13,LOM,26492,8103,18389,26467,0,25,ITC,ITC4,3,Lombardia,Lombardia,10060574,3926709,39.03,0.26
5297,2021-07-29,LOM,74437,40433,34004,33778,38703,1956,ITC,ITC4,3,Lombardia,Lombardia,10060574,4001146,39.77,0.74
5298,2021-08-03,LOM,85831,46538,39293,13486,71623,722,ITC,ITC4,3,Lombardia,Lombardia,10060574,4086977,40.62,0.85
5299,2021-04-25,LOM,51619,23665,27954,45520,4843,1256,ITC,ITC4,3,Lombardia,Lombardia,10060574,4138596,41.14,0.51
5300,2021-06-28,LOM,108104,55067,53037,74293,31195,2616,ITC,ITC4,3,Lombardia,Lombardia,10060574,4246700,42.21,1.07
5301,2021-07-15,LOM,109396,56281,53115,13380,94826,1190,ITC,ITC4,3,Lombardia,Lombardia,10060574,4356096,43.3,1.09
5302,2021-04-06,LOM,43107,17600,25507,24448,17961,698,ITC,ITC4,3,Lombardia,Lombardia,10060574,4399203,43.73,0.43
5303,2021-08-29,LOM,25186,13530,11656,12726,11159,1301,ITC,ITC4,3,Lombardia,Lombardia,10060574,4424389,43.98,0.25
5304,2021-05-21,LOM,93938,45284,48654,28390,64787,761,ITC,ITC4,3,Lombardia,Lombardia,10060574,4518327,44.91,0.93
5305,2021-05-07,LOM,92486,43754,48732,67910,22501,2075,ITC,ITC4,3,Lombardia,Lombardia,10060574,4610813,45.83,0.92
5306,2021-03-18,LOM,27469,10984,16485,15939,11303,227,ITC,ITC4,3,Lombardia,Lombardia,10060574,4638282,46.1,0.27
5307,2021-08-22,LOM,18208,10165,8043,7599,10066,543,ITC,ITC4,3,Lombardia,Lombardia,10060574,4656490,46.28,0.18
5308,2021-05-14,LOM,86053,41440,44613,53161,30371,2521,ITC,ITC4,3,Lombardia,Lombardia,10060574,4742543,47.14,0.86
5309,2021-07-10,LOM,107278,54308,52970,13913,92182,1183,ITC,ITC4,3,Lombardia,Lombardia,10060574,4849821,48.21,1.07
5310,2021-01-18,LOM,9269,2992,6277,8279,975,15,ITC,ITC4,3,Lombardia,Lombardia,10060574,4859090,48.3,0.09
5311,2021-03-23,LOM,42650,15498,27152,28865,12914,871,ITC,ITC4,3,Lombardia,Lombardia,10060574,4901740,48.72,0.42
5312,2021-09-05,LOM,33251,18026,15225,12428,19466,1357,ITC,ITC4,3,Lombardia,Lombardia,10060574,4934991,49.05,0.33
5313,2021-03-04,LOM,29377,12136,17241,20065,9088,224,ITC,ITC4,3,Lombardia,Lombardia,10060574,4964368,49.34,0.29
5314,2021-06-14,LOM,94891,48211,46680,49129,44643,1119,ITC,ITC4,3,Lombardia,Lombardia,10060574,5059259,50.29,0.94
5315,2021-08-17,LOM,33270,18413,14857,17409,14677,1184,ITC,ITC4,3,Lombardia,Lombardia,10060574,5092529,50.62,0.33
5316,2021-05-26,LOM,93792,44687,49105,42746,50155,891,ITC,ITC4,3,Lombardia,Lombardia,10060574,5186321,51.55,0.93
5317,2021-02-15,LOM,9063,3171,5892,8399,486,178,ITC,ITC4,3,Lombardia,Lombardia,10060574,5195384,51.64,0.09
5318,2021-05-17,LOM,94697,45375,49322,29504,64444,749,ITC,ITC4,3,Lombardia,Lombardia,10060574,5290081,52.58,0.94
5319,2021-05-19,LOM,83308,39788,43520,33120,49377,811,ITC,ITC4,3,Lombardia,Lombardia,10060574,5373389,53.41,0.83
5320,2021-02-08,LOM,10137,2937,7200,2125,8004,8,ITC,ITC4,3,Lombardia,Lombardia,10060574,5383526,53.51,0.1
5321,2021-02-25,LOM,15360,6371,8989,13535,1624,201,ITC,ITC4,3,Lombardia,Lombardia,10060574,5398886,53.66,0.15
5322,2021-06-26,LOM,105933,55459,50474,77782,25746,2405,ITC,ITC4,3,Lombardia,Lombardia,10060574,5504819,54.72,1.05
5323,2021-02-10,LOM,14463,4528,9935,7568,6866,29,ITC,ITC4,3,Lombardia,Lombardia,10060574,5519282,54.86,0.14
5324,2021-09-09,LOM,56633,31088,25545,11924,43091,1618,ITC,ITC4,3,Lombardia,Lombardia,10060574,5575915,55.42,0.56
5325,2021-08-12,LOM,56903,31256,25647,22001,33525,1377,ITC,ITC4,3,Lombardia,Lombardia,10060574,5632818,55.99,0.57
5326,2021-04-11,LOM,32233,13948,18285,24320,7398,515,ITC,ITC4,3,Lombardia,Lombardia,10060574,5665051,56.31,0.32
5327,2021-01-01,LOM,24,7,17,24,0,0,ITC,ITC4,3,Lombardia,Lombardia,10060574,5665075,56.31,0.0
5328,2021-06-07,LOM,99048,50448,48600,84030,13389,1629,ITC,ITC4,3,Lombardia,Lombardia,10060574,5764123,57.29,0.98
5329,2021-02-27,LOM,13955,5876,8079,13154,645,156,ITC,ITC4,3,Lombardia,Lombardia,10060574,5778078,57.43,0.14
5330,2020-12-30,LOM,115,42,73,115,0,0,ITC,ITC4,3,Lombardia,Lombardia,10060574,5778193,57.43,0.0
5331,2021-08-24,LOM,47543,25872,21671,24447,19458,3638,ITC,ITC4,3,Lombardia,Lombardia,10060574,5825736,57.91,0.47
5332,2021-01-25,LOM,7130,2400,4730,515,6612,3,ITC,ITC4,3,Lombardia,Lombardia,10060574,5832866,57.98,0.07
5333,2021-02-01,LOM,16133,5343,10790,307,15824,2,ITC,ITC4,3,Lombardia,Lombardia,10060574,5848999,58.14,0.16
5334,2021-07-05,LOM,101940,49793,52147,31496,68553,1891,ITC,ITC4,3,Lombardia,Lombardia,10060574,5950939,59.15,1.01
5335,2021-08-31,LOM,62825,33491,29334,36688,21585,4552,ITC,ITC4,3,Lombardia,Lombardia,10060574,6013764,59.78,0.62
5336,2021-02-20,LOM,9376,3876,5500,8846,333,197,ITC,ITC4,3,Lombardia,Lombardia,10060574,6023140,59.87,0.09
5337,2021-04-18,LOM,36441,16242,20199,30525,5248,668,ITC,ITC4,3,Lombardia,Lombardia,10060574,6059581,60.23,0.36
5338,2021-01-08,LOM,12757,3941,8816,12746,0,11,ITC,ITC4,3,Lombardia,Lombardia,10060574,6072338,60.36,0.13
5339,2021-03-20,LOM,32616,12174,20442,22245,9861,510,ITC,ITC4,3,Lombardia,Lombardia,10060574,6104954,60.68,0.32
5340,2020-12-27,LOM,718,414,304,718,0,0,ITC,ITC4,3,Lombardia,Lombardia,10060574,6105672,60.69,0.01
5341,2021-06-30,LOM,107014,53011,54003,56570,48319,2125,ITC,ITC4,3,Lombardia,Lombardia,10060574,6212686,61.75,1.06
5342,2021-03-22,LOM,40376,14319,26057,28953,10580,843,ITC,ITC4,3,Lombardia,Lombardia,10060574,6253062,62.15,0.4
5343,2021-04-08,LOM,52479,21802,30677,35304,16501,674,ITC,ITC4,3,Lombardia,Lombardia,10060574,6305541,62.68,0.52
5344,2020-12-29,LOM,106,45,61,106,0,0,ITC,ITC4,3,Lombardia,Lombardia,10060574,6305647,62.68,0.0
5345,2021-07-14,LOM,109454,56862,52592,14355,93691,1408,ITC,ITC4,3,Lombardia,Lombardia,10060574,6415101,63.76,1.09
5346,2021-07-31,LOM,71112,38776,32336,36365,32723,2024,ITC,ITC4,3,Lombardia,Lombardia,10060574,6486213,64.47,0.71
5347,2021-04-22,LOM,74080,33447,40633,56217,16449,1414,ITC,ITC4,3,Lombardia,Lombardia,10060574,6560293,65.21,0.74
5348,2021-03-03,LOM,27031,11533,15498,19491,7319,221,ITC,ITC4,3,Lombardia,Lombardia,10060574,6587324,65.48,0.27
5349,2021-02-03,LOM,25740,7959,17781,1078,24657,5,ITC,ITC4,3,Lombardia,Lombardia,10060574,6613064,65.73,0.26
5350,2021-04-01,LOM,43205,17325,25880,26087,16403,715,ITC,ITC4,3,Lombardia,Lombardia,10060574,6656269,66.16,0.43
5351,2021-09-16,LOM,30008,15982,14026,7806,20986,1216,ITC,ITC4,3,Lombardia,Lombardia,10060574,6686277,66.46,0.3
5352,2021-02-06,LOM,15312,5556,9756,1014,14293,5,ITC,ITC4,3,Lombardia,Lombardia,10060574,6701589,66.61,0.15
5353,2021-07-24,LOM,95878,50656,45222,9740,85280,858,ITC,ITC4,3,Lombardia,Lombardia,10060574,6797467,67.57,0.95
5354,2021-08-10,LOM,61480,33269,28211,18717,41699,1064,ITC,ITC4,3,Lombardia,Lombardia,10060574,6858947,68.18,0.61
5355,2021-05-02,LOM,83537,38347,45190,59221,22482,1834,ITC,ITC4,3,Lombardia,Lombardia,10060574,6942484,69.01,0.83
5356,2021-07-22,LOM,99410,52039,47371,12509,85449,1452,ITC,ITC4,3,Lombardia,Lombardia,10060574,7041894,69.99,0.99
5357,2021-04-13,LOM,47701,21290,26411,32927,14114,660,ITC,ITC4,3,Lombardia,Lombardia,10060574,7089595,70.47,0.47
5358,2021-06-16,LOM,99387,50489,48898,49853,48379,1155,ITC,ITC4,3,Lombardia,Lombardia,10060574,7188982,71.46,0.99
5359,2021-03-06,LOM,21365,9109,12256,16542,4519,304,ITC,ITC4,3,Lombardia,Lombardia,10060574,7210347,71.67,0.21
5360,2021-09-17,LOM,14400,7762,6638,3592,10336,472,ITC,ITC4,3,Lombardia,Lombardia,10060574,7224747,71.81,0.14
5361,2021-06-09,LOM,103752,52258,51494,87430,14592,1730,ITC,ITC4,3,Lombardia,Lombardia,10060574,7328499,72.84,1.03
5362,2021-08-05,LOM,90306,49275,41031,15760,73758,788,ITC,ITC4,3,Lombardia,Lombardia,10060574,7418805,73.74,0.9
5363,2021-01-15,LOM,25296,7459,17837,25244,0,52,ITC,ITC4,3,Lombardia,Lombardia,10060574,7444101,73.99,0.25
5364,2021-08-07,LOM,79731,43279,36452,16076,62847,808,ITC,ITC4,3,Lombardia,Lombardia,10060574,7523832,74.79,0.79
5365,2021-04-29,LOM,115670,53642,62028,83084,29932,2654,ITC,ITC4,3,Lombardia,Lombardia,10060574,7639502,75.94,1.15
5366,2021-06-25,LOM,108339,56259,52080,78355,27672,2312,ITC,ITC4,3,Lombardia,Lombardia,10060574,7747841,77.01,1.08
5367,2021-08-02,LOM,83642,45308,38334,18336,64395,911,ITC,ITC4,3,Lombardia,Lombardia,10060574,7831483,77.84,0.83
5368,2021-05-09,LOM,69732,32896,36836,54423,13285,2024,ITC,ITC4,3,Lombardia,Lombardia,10060574,7901215,78.54,0.69
5369,2021-01-29,LOM,13552,4149,9403,686,12863,3,ITC,ITC4,3,Lombardia,Lombardia,10060574,7914767,78.67,0.13
5370,2021-06-13,LOM,76007,40568,35439,72283,2132,1592,ITC,ITC4,3,Lombardia,Lombardia,10060574,7990774,79.43,0.76
5371,2021-08-19,LOM,28977,15940,13037,14776,13075,1126,ITC,ITC4,3,Lombardia,Lombardia,10060574,8019751,79.71,0.29
5372,2021-05-11,LOM,86953,41461,45492,58210,26258,2485,ITC,ITC4,3,Lombardia,Lombardia,10060574,8106704,80.58,0.86
5373,2021-09-02,LOM,56475,30559,25916,25772,27705,2998,ITC,ITC4,3,Lombardia,Lombardia,10060574,8163179,81.14,0.56
5374,2021-05-28,LOM,93711,44882,48829,42036,50762,913,ITC,ITC4,3,Lombardia,Lombardia,10060574,8256890,82.07,0.93
5375,2021-02-17,LOM,12040,3779,8261,10450,1392,198,ITC,ITC4,3,Lombardia,Lombardia,10060574,8268930,82.19,0.12
5376,2021-06-11,LOM,101540,51719,49821,84938,14702,1900,ITC,ITC4,3,Lombardia,Lombardia,10060574,8370470,83.2,1.01
5377,2021-04-30,LOM,117555,54901,62654,87206,27687,2662,ITC,ITC4,3,Lombardia,Lombardia,10060574,8488025,84.37,1.17
5378,2021-01-20,LOM,5717,1393,4324,5597,115,5,ITC,ITC4,3,Lombardia,Lombardia,10060574,8493742,84.43,0.06
5379,2021-01-22,LOM,3199,885,2314,3125,69,5,ITC,ITC4,3,Lombardia,Lombardia,10060574,8496941,84.46,0.03
5380,2021-03-05,LOM,29008,11973,17035,20254,8447,307,ITC,ITC4,3,Lombardia,Lombardia,10060574,8525949,84.75,0.29
5381,2021-06-27,LOM,90956,46822,44134,69775,18877,2304,ITC,ITC4,3,Lombardia,Lombardia,10060574,8616905,85.65,0.9
5382,2021-03-19,LOM,32516,12954,19562,18920,13272,324,ITC,ITC4,3,Lombardia,Lombardia,10060574,8649421,85.97,0.32
5383,2021-04-05,LOM,27392,11698,15694,19026,8111,255,ITC,ITC4,3,Lombardia,Lombardia,10060574,8676813,86.25,0.27
5384,2021-04-20,LOM,67718,30853,36865,55895,10363,1460,ITC,ITC4,3,Lombardia,Lombardia,10060574,8744531,86.92,0.67
5385,2021-01-10,LOM,10556,3982,6574,10548,0,8,ITC,ITC4,3,Lombardia,Lombardia,10060574,8755087,87.02,0.1
5386,2021-01-17,LOM,8361,3351,5010,8154,201,6,ITC,ITC4,3,Lombardia,Lombardia,10060574,8763448,87.11,0.08
5387,2021-06-23,LOM,111090,57465,53625,76638,32309,2143,ITC,ITC4,3,Lombardia,Lombardia,10060574,8874538,88.21,1.1
5388,2021-03-15,LOM,31638,11362,20276,22426,8585,627,ITC,ITC4,3,Lombardia,Lombardia,10060574,8906176,88.53,0.31
5389,2021-03-08,LOM,29830,11213,18617,22165,7130,535,ITC,ITC4,3,Lombardia,Lombardia,10060574,8936006,88.82,0.3
5390,2021-05-04,LOM,86887,41100,45787,70254,14428,2205,ITC,ITC4,3,Lombardia,Lombardia,10060574,9022893,89.69,0.86
5391,2021-01-24,LOM,1202,458,744,538,664,0,ITC,ITC4,3,Lombardia,Lombardia,10060574,9024095,89.7,0.01
5392,2021-08-21,LOM,21329,11877,9452,9484,11072,773,ITC,ITC4,3,Lombardia,Lombardia,10060574,9045424,89.91,0.21
5393,2021-07-12,LOM,111893,57515,54378,14804,95950,1139,ITC,ITC4,3,Lombardia,Lombardia,10060574,9157317,91.02,1.11
5394,2021-04-03,LOM,36345,14905,21440,25790,10170,385,ITC,ITC4,3,Lombardia,Lombardia,10060574,9193662,91.38,0.36
5395,2021-09-07,LOM,60957,33283,27674,15572,43324,2061,ITC,ITC4,3,Lombardia,Lombardia,10060574,9254619,91.99,0.61
5396,2021-05-30,LOM,74431,35617,38814,33795,40017,619,ITC,ITC4,3,Lombardia,Lombardia,10060574,9329050,92.73,0.74
5397,2021-07-26,LOM,109616,58921,50695,7711,101150,755,ITC,ITC4,3,Lombardia,Lombardia,10060574,9438666,93.82,1.09
5398,2021-09-04,LOM,45603,24703,20900,20523,22546,2534,ITC,ITC4,3,Lombardia,Lombardia,10060574,9484269,94.27,0.45
5399,2021-05-27,LOM,95029,45510,49519,40621,53617,791,ITC,ITC4,3,Lombardia,Lombardia,10060574,9579298,95.22,0.94
5400,2021-04-24,LOM,75879,33627,42252,53415,21171,1293,ITC,ITC4,3,Lombardia,Lombardia,10060574,9655177,95.97,0.75
5401,2021-01-14,LOM,26982,7825,19157,26930,0,52,ITC,ITC4,3,Lombardia,Lombardia,10060574,9682159,96.24,0.27
5402,2021-08-16,LOM,38953,21059,17894,16836,21071,1046,ITC,ITC4,3,Lombardia,Lombardia,10060574,9721112,96.63,0.39
5403,2021-05-08,LOM,87867,40792,47075,63424,22145,2298,ITC,ITC4,3,Lombardia,Lombardia,10060574,9808979,97.5,0.87
5404,2021-05-23,LOM,60827,28968,31859,26297,34017,513,ITC,ITC4,3,Lombardia,Lombardia,10060574,9869806,98.1,0.6
5405,2021-02-12,LOM,14028,4389,9639,8887,4982,159,ITC,ITC4,3,Lombardia,Lombardia,10060574,9883834,98.24,0.14
5406,2021-07-19,LOM,96927,50319,46608,10803,85044,1080,ITC,ITC4,3,Lombardia,Lombardia,10060574,9980761,99.21,0.96
5407,2021-04-10,LOM,52825,21878,30947,40098,11977,750,ITC,ITC4,3,Lombardia,Lombardia,10060574,10033586,99.73,0.53
5408,2021-06-06,LOM,90138,46352,43786,79534,9222,1382,ITC,ITC4,3,Lombardia,Lombardia,10060574,10123724,100.63,0.9
5409,2021-01-07,LOM,11813,3657,8156,11772,0,41,ITC,ITC4,3,Lombardia,Lombardia,10060574,10135537,100.75,0.12
5410,2021-07-07,LOM,112072,56179,55893,18000,92910,1162,ITC,ITC4,3,Lombardia,Lombardia,10060574,10247609,101.86,1.11
5411,2021-04-15,LOM,49490,21874,27616,34890,13841,759,ITC,ITC4,3,Lombardia,Lombardia,10060574,10297099,102.35,0.49
5412,2021-01-05,LOM,7879,2585,5294,7873,0,6,ITC,ITC4,3,Lombardia,Lombardia,10060574,10304978,102.43,0.08
5413,2021-03-27,LOM,32536,12418,20118,23118,8777,641,ITC,ITC4,3,Lombardia,Lombardia,10060574,10337514,102.75,0.32
5414,2021-06-01,LOM,94050,46133,47917,75802,17134,1114,ITC,ITC4,3,Lombardia,Lombardia,10060574,10431564,103.69,0.93
5415,2021-01-02,LOM,202,74,128,202,0,0,ITC,ITC4,3,Lombardia,Lombardia,10060574,10431766,103.69,0.0
5416,2021-06-08,LOM,102960,52320,50640,87172,14105,1683,ITC,ITC4,3,Lombardia,Lombardia,10060574,10534726,104.71,1.02
5417,2021-02-28,LOM,7886,3256,4630,7604,210,72,ITC,ITC4,3,Lombardia,Lombardia,10060574,10542612,104.79,0.08
5418,2021-08-04,LOM,90176,48834,41342,14483,75034,659,ITC,ITC4,3,Lombardia,Lombardia,10060574,10632788,105.69,0.9
5419,2021-04-26,LOM,88033,40952,47081,67035,19172,1826,ITC,ITC4,3,Lombardia,Lombardia,10060574,10720821,106.56,0.88
5420,2021-04-27,LOM,86110,40010,46100,67630,16613,1867,ITC,ITC4,3,Lombardia,Lombardia,10060574,10806931,107.42,0.86
5421,2021-09-06,LOM,56273,30329,25944,16513,37730,2030,ITC,ITC4,3,Lombardia,Lombardia,10060574,10863204,107.98,0.56
5422,2021-03-17,LOM,26349,10531,15818,15140,11048,161,ITC,ITC4,3,Lombardia,Lombardia,10060574,10889553,108.24,0.26
5423,2021-06-18,LOM,107734,52913,54821,51783,54708,1243,ITC,ITC4,3,Lombardia,Lombardia,10060574,10997287,109.31,1.07
5424,2021-08-14,LOM,26544,14887,11657,11129,14861,554,ITC,ITC4,3,Lombardia,Lombardia,10060574,11023831,109.57,0.26
5425,2021-03-01,LOM,18802,8236,10566,16889,1708,205,ITC,ITC4,3,Lombardia,Lombardia,10060574,11042633,109.76,0.19
5426,2021-08-18,LOM,30908,17055,13853,17895,11646,1367,ITC,ITC4,3,Lombardia,Lombardia,10060574,11073541,110.07,0.31
5427,2021-01-31,LOM,9828,3815,6013,29,9799,0,ITC,ITC4,3,Lombardia,Lombardia,10060574,11083369,110.17,0.1
5428,2021-05-25,LOM,91231,43649,47582,43859,46548,824,ITC,ITC4,3,Lombardia,Lombardia,10060574,11174600,111.07,0.91
5429,2021-02-14,LOM,3586,1547,2039,2934,637,15,ITC,ITC4,3,Lombardia,Lombardia,10060574,11178186,111.11,0.04
5430,2021-01-12,LOM,20341,6746,13595,20310,0,31,ITC,ITC4,3,Lombardia,Lombardia,10060574,11198527,111.31,0.2
5431,2021-07-16,LOM,108926,56713,52213,11136,96627,1163,ITC,ITC4,3,Lombardia,Lombardia,10060574,11307453,112.39,1.08
5432,2021-04-07,LOM,50662,20952,29710,34084,15866,712,ITC,ITC4,3,Lombardia,Lombardia,10060574,11358115,112.9,0.5
5433,2021-01-03,LOM,857,316,541,856,0,1,ITC,ITC4,3,Lombardia,Lombardia,10060574,11358972,112.91,0.01
5434,2021-06-22,LOM,111265,58111,53154,79174,29965,2126,ITC,ITC4,3,Lombardia,Lombardia,10060574,11470237,114.01,1.11
5435,2021-07-09,LOM,115795,59021,56774,11739,103169,887,ITC,ITC4,3,Lombardia,Lombardia,10060574,11586032,115.16,1.15
5436,2021-06-03,LOM,97207,49744,47463,84613,10922,1672,ITC,ITC4,3,Lombardia,Lombardia,10060574,11683239,116.13,0.97
5437,2021-06-20,LOM,89053,44375,44678,52795,35015,1243,ITC,ITC4,3,Lombardia,Lombardia,10060574,11772292,117.01,0.89
5438,2021-03-12,LOM,35342,12991,22351,24460,10261,621,ITC,ITC4,3,Lombardia,Lombardia,10060574,11807634,117.37,0.35
5439,2021-03-29,LOM,40093,15566,24527,24548,14866,679,ITC,ITC4,3,Lombardia,Lombardia,10060574,11847727,117.76,0.4
5440,2021-02-19,LOM,14230,5402,8828,13328,725,177,ITC,ITC4,3,Lombardia,Lombardia,10060574,11861957,117.91,0.14
5441,2021-04-17,LOM,48592,21331,27261,36984,10880,728,ITC,ITC4,3,Lombardia,Lombardia,10060574,11910549,118.39,0.48
5442,2021-02-26,LOM,18448,7572,10876,16330,1909,209,ITC,ITC4,3,Lombardia,Lombardia,10060574,11928997,118.57,0.18
5443,2021-07-30,LOM,73313,39807,33506,35097,36097,2119,ITC,ITC4,3,Lombardia,Lombardia,10060574,12002310,119.3,0.73
5444,2020-12-31,LOM,715,302,413,715,0,0,ITC,ITC4,3,Lombardia,Lombardia,10060574,12003025,119.31,0.01
5445,2021-09-11,LOM,41126,22336,18790,13296,25971,1859,ITC,ITC4,3,Lombardia,Lombardia,10060574,12044151,119.72,0.41
5446,2021-07-21,LOM,94014,48499,45515,8613,84536,865,ITC,ITC4,3,Lombardia,Lombardia,10060574,12138165,120.65,0.93
5447,2021-04-12,LOM,47362,20628,26734,32293,14418,651,ITC,ITC4,3,Lombardia,Lombardia,10060574,12185527,121.12,0.47
5448,2021-02-21,LOM,5055,1864,3191,4940,17,98,ITC,ITC4,3,Lombardia,Lombardia,10060574,12190582,121.17,0.05
5449,2021-07-28,LOM,77461,41730,35731,19117,56591,1753,ITC,ITC4,3,Lombardia,Lombardia,10060574,12268043,121.94,0.77
5450,2021-04-19,LOM,60406,27488,32918,49678,9422,1306,ITC,ITC4,3,Lombardia,Lombardia,10060574,12328449,122.54,0.6
5451,2021-06-15,LOM,96086,48901,47185,49020,46009,1057,ITC,ITC4,3,Lombardia,Lombardia,10060574,12424535,123.5,0.96
5452,2021-08-23,LOM,57493,31501,25992,23774,30431,3288,ITC,ITC4,3,Lombardia,Lombardia,10060574,12482028,124.07,0.57
5453,2021-05-15,LOM,80997,38809,42188,45385,33451,2161,ITC,ITC4,3,Lombardia,Lombardia,10060574,12563025,124.87,0.81
5454,2021-07-11,LOM,90349,45710,44639,11766,77524,1059,ITC,ITC4,3,Lombardia,Lombardia,10060574,12653374,125.77,0.9
5455,2021-05-13,LOM,87237,41798,45439,55590,28906,2741,ITC,ITC4,3,Lombardia,Lombardia,10060574,12740611,126.64,0.87
5456,2021-02-02,LOM,20012,6649,13363,497,19512,3,ITC,ITC4,3,Lombardia,Lombardia,10060574,12760623,126.84,0.2
5457,2021-03-31,LOM,42281,17153,25128,26202,15391,688,ITC,ITC4,3,Lombardia,Lombardia,10060574,12802904,127.26,0.42
5458,2021-03-10,LOM,33373,12762,20611,24852,7913,608,ITC,ITC4,3,Lombardia,Lombardia,10060574,12836277,127.59,0.33
5459,2021-05-06,LOM,89959,42234,47725,70957,16585,2417,ITC,ITC4,3,Lombardia,Lombardia,10060574,12926236,128.48,0.89
5460,2021-01-26,LOM,8396,2719,5677,348,8047,1,ITC,ITC4,3,Lombardia,Lombardia,10060574,12934632,128.57,0.08
5461,2021-07-04,LOM,86772,43400,43372,40188,44625,1959,ITC,ITC4,3,Lombardia,Lombardia,10060574,13021404,129.43,0.86
5462,2021-08-30,LOM,71232,37842,33390,43171,22408,5653,ITC,ITC4,3,Lombardia,Lombardia,10060574,13092636,130.14,0.71
5463,2021-07-02,LOM,104042,52146,51896,48870,52969,2203,ITC,ITC4,3,Lombardia,Lombardia,10060574,13196678,131.17,1.03
5464,2021-03-24,LOM,43452,15693,27759,30477,12073,902,ITC,ITC4,3,Lombardia,Lombardia,10060574,13240130,131.6,0.43
5465,2021-02-09,LOM,12234,3338,8896,4027,8193,14,ITC,ITC4,3,Lombardia,Lombardia,10060574,13252364,131.73,0.12
5466,2021-09-12,LOM,26942,14515,12427,8979,16760,1203,ITC,ITC4,3,Lombardia,Lombardia,10060574,13279306,131.99,0.27
5467,2021-06-21,LOM,113406,58096,55310,78203,33025,2178,ITC,ITC4,3,Lombardia,Lombardia,10060574,13392712,133.12,1.13
5468,2021-09-10,LOM,52652,28277,24375,11424,39451,1777,ITC,ITC4,3,Lombardia,Lombardia,10060574,13445364,133.64,0.52
5469,2021-06-02,LOM,84717,43617,41100,76984,6408,1325,ITC,ITC4,3,Lombardia,Lombardia,10060574,13530081,134.49,0.84
5470,2021-03-11,LOM,36284,13507,22777,25637,9959,688,ITC,ITC4,3,Lombardia,Lombardia,10060574,13566365,134.85,0.36
5471,2021-03-30,LOM,39753,15643,24110,24260,14874,619,ITC,ITC4,3,Lombardia,Lombardia,10060574,13606118,135.24,0.4
5472,2021-01-06,LOM,7168,2532,4636,7162,0,6,ITC,ITC4,3,Lombardia,Lombardia,10060574,13613286,135.31,0.07
5473,2021-08-26,LOM,38696,20787,17909,20348,15549,2799,ITC,ITC4,3,Lombardia,Lombardia,10060574,13651982,135.7,0.38
5474,2021-05-18,LOM,88261,42183,46078,31859,55599,803,ITC,ITC4,3,Lombardia,Lombardia,10060574,13740243,136.58,0.88
5475,2021-06-04,LOM,104659,54325,50334,93199,9667,1793,ITC,ITC4,3,Lombardia,Lombardia,10060574,13844902,137.62,1.04
5476,2021-02-24,LOM,14728,5961,8767,13575,958,195,ITC,ITC4,3,Lombardia,Lombardia,10060574,13859630,137.76,0.15
5477,2021-05-16,LOM,68741,32519,36222,35549,32234,958,ITC,ITC4,3,Lombardia,Lombardia,10060574,13928371,138.45,0.68
5478,2021-02-05,LOM,25793,7495,18298,2430,23351,12,ITC,ITC4,3,Lombardia,Lombardia,10060574,13954164,138.7,0.26
5479,2021-02-22,LOM,11954,4824,7130,11444,310,200,ITC,ITC4,3,Lombardia,Lombardia,10060574,13966118,138.82,0.12
5480,2021-03-13,LOM,27237,9795,17442,20558,6123,556,ITC,ITC4,3,Lombardia,Lombardia,10060574,13993355,139.09,0.27
5481,2021-09-14,LOM,36889,19794,17095,7496,28247,1146,ITC,ITC4,3,Lombardia,Lombardia,10060574,14030244,139.46,0.37
5482,2021-07-23,LOM,95534,50072,45462,11434,82844,1256,ITC,ITC4,3,Lombardia,Lombardia,10060574,14125778,140.41,0.95
5483,2021-08-09,LOM,68983,37024,31959,18638,49298,1047,ITC,ITC4,3,Lombardia,Lombardia,10060574,14194761,141.09,0.69
5484,2021-05-01,LOM,96111,43736,52375,65014,29334,1763,ITC,ITC4,3,Lombardia,Lombardia,10060574,14290872,142.05,0.96
5485,2021-01-21,LOM,5533,1612,3921,4823,695,15,ITC,ITC4,3,Lombardia,Lombardia,10060574,14296405,142.1,0.05
5486,2021-02-07,LOM,7322,2831,4491,335,6984,3,ITC,ITC4,3,Lombardia,Lombardia,10060574,14303727,142.18,0.07
5487,2021-01-19,LOM,8065,2333,5732,7580,471,14,ITC,ITC4,3,Lombardia,Lombardia,10060574,14311792,142.26,0.08
5488,2021-08-11,LOM,61389,33591,27798,22461,37581,1347,ITC,ITC4,3,Lombardia,Lombardia,10060574,14373181,142.87,0.61
5489,2021-08-28,LOM,35007,19241,15766,17761,15041,2205,ITC,ITC4,3,Lombardia,Lombardia,10060574,14408188,143.21,0.35
5490,2021-05-20,LOM,95619,46244,49375,31716,63086,817,ITC,ITC4,3,Lombardia,Lombardia,10060574,14503807,144.16,0.95
