,data,area,Vaccinazioni giornaliere,sesso_maschile,sesso_femminile,prima_dose,seconda_dose,codice_NUTS1,codice_NUTS2,codice_regione_ISTAT,nome_area,Regione,popolazione,Totale vaccinazioni,Totale vaccinazioni ogni cento ab,Vaccinazioni giornaliere ogni cento ab
0,2021-03-08,VDA,485,233,252,240,245,ITC,ITC2,2,Valle d'Aosta / Vallée d'Aoste,Valle d'Aosta,125666,485,0.39,0.39
1,2021-05-04,VDA,1135,510,625,462,673,ITC,ITC2,2,Valle d'Aosta / Vallée d'Aoste,Valle d'Aosta,125666,1620,1.29,0.9
2,2021-06-16,VDA,683,365,318,642,41,ITC,ITC2,2,Valle d'Aosta / Vallée d'Aoste,Valle d'Aosta,125666,2303,1.83,0.54
3,2021-03-15,VDA,362,123,239,159,203,ITC,ITC2,2,Valle d'Aosta / Vallée d'Aoste,Valle d'Aosta,125666,2665,2.12,0.29
4,2021-05-11,VDA,647,325,322,496,151,ITC,ITC2,2,Valle d'Aosta / Vallée d'Aoste,Valle d'Aosta,125666,3312,2.64,0.51
5,2021-04-27,VDA,978,423,555,686,292,ITC,ITC2,2,Valle d'Aosta / Vallée d'Aoste,Valle d'Aosta,125666,4290,3.41,0.78
6,2021-01-17,VDA,131,56,75,131,0,ITC,ITC2,2,Valle d'Aosta / Vallée d'Aoste,Valle d'Aosta,125666,4421,3.52,0.1
7,2021-06-23,VDA,1043,551,492,427,616,ITC,ITC2,2,Valle d'Aosta / Vallée d'Aoste,Valle d'Aosta,125666,5464,4.35,0.83
8,2021-02-05,VDA,294,102,192,101,193,ITC,ITC2,2,Valle d'Aosta / Vallée d'Aoste,Valle d'Aosta,125666,5758,4.58,0.23
9,2021-02-22,VDA,316,94,222,213,103,ITC,ITC2,2,Valle d'Aosta / Vallée d'Aoste,Valle d'Aosta,125666,6074,4.83,0.25
10,2021-05-16,VDA,688,341,347,347,341,ITC,ITC2,2,Valle d'Aosta / Vallée d'Aoste,Valle d'Aosta,125666,6762,5.38,0.55
11,2021-06-04,VDA,908,383,525,474,434,ITC,ITC2,2,Valle d'Aosta / Vallée d'Aoste,Valle d'Aosta,125666,7670,6.1,0.72
12,2021-04-15,VDA,810,377,433,671,139,ITC,ITC2,2,Valle d'Aosta / Vallée d'Aoste,Valle d'Aosta,125666,8480,6.75,0.64
13,2021-04-13,VDA,373,171,202,329,44,ITC,ITC2,2,Valle d'Aosta / Vallée d'Aoste,Valle d'Aosta,125666,8853,7.04,0.3
14,2021-03-27,VDA,333,164,169,302,31,ITC,ITC2,2,Valle d'Aosta / Vallée d'Aoste,Valle d'Aosta,125666,9186,7.31,0.26
15,2021-02-03,VDA,351,114,237,14,337,ITC,ITC2,2,Valle d'Aosta / Vallée d'Aoste,Valle d'Aosta,125666,9537,7.59,0.28
16,2021-04-01,VDA,776,394,382,764,12,ITC,ITC2,2,Valle d'Aosta / Vallée d'Aoste,Valle d'Aosta,125666,10313,8.21,0.62
17,2021-02-24,VDA,183,82,101,164,19,ITC,ITC2,2,Valle d'Aosta / Vallée d'Aoste,Valle d'Aosta,125666,10496,8.35,0.15
18,2021-01-27,VDA,151,71,80,79,72,ITC,ITC2,2,Valle d'Aosta / Vallée d'Aoste,Valle d'Aosta,125666,10647,8.47,0.12
19,2021-04-20,VDA,933,430,503,739,194,ITC,ITC2,2,Valle d'Aosta / Vallée d'Aoste,Valle d'Aosta,125666,11580,9.21,0.74
20,2021-01-10,VDA,220,71,149,220,0,ITC,ITC2,2,Valle d'Aosta / Vallée d'Aoste,Valle d'Aosta,125666,11800,9.39,0.18
21,2020-12-27,VDA,20,9,11,20,0,ITC,ITC2,2,Valle d'Aosta / Vallée d'Aoste,Valle d'Aosta,125666,11820,9.41,0.02
22,2021-06-09,VDA,1027,535,492,991,36,ITC,ITC2,2,Valle d'Aosta / Vallée d'Aoste,Valle d'Aosta,125666,12847,10.22,0.82
23,2021-03-01,VDA,181,66,115,147,34,ITC,ITC2,2,Valle d'Aosta / Vallée d'Aoste,Valle d'Aosta,125666,13028,10.37,0.14
24,2021-02-15,VDA,264,136,128,229,35,ITC,ITC2,2,Valle d'Aosta / Vallée d'Aoste,Valle d'Aosta,125666,13292,10.58,0.21
25,2021-04-03,VDA,676,341,335,661,15,ITC,ITC2,2,Valle d'Aosta / Vallée d'Aoste,Valle d'Aosta,125666,13968,11.12,0.54
26,2021-03-20,VDA,208,86,122,172,36,ITC,ITC2,2,Valle d'Aosta / Vallée d'Aoste,Valle d'Aosta,125666,14176,11.28,0.17
27,2021-06-11,VDA,1047,483,564,764,283,ITC,ITC2,2,Valle d'Aosta / Vallée d'Aoste,Valle d'Aosta,125666,15223,12.11,0.83
28,2021-05-23,VDA,999,465,534,658,341,ITC,ITC2,2,Valle d'Aosta / Vallée d'Aoste,Valle d'Aosta,125666,16222,12.91,0.79
29,2021-01-29,VDA,318,138,180,2,316,ITC,ITC2,2,Valle d'Aosta / Vallée d'Aoste,Valle d'Aosta,125666,16540,13.16,0.25
30,2021-04-22,VDA,1068,450,618,685,383,ITC,ITC2,2,Valle d'Aosta / Vallée d'Aoste,Valle d'Aosta,125666,17608,14.01,0.85
31,2021-05-09,VDA,574,287,287,444,130,ITC,ITC2,2,Valle d'Aosta / Vallée d'Aoste,Valle d'Aosta,125666,18182,14.47,0.46
32,2021-05-02,VDA,765,345,420,605,160,ITC,ITC2,2,Valle d'Aosta / Vallée d'Aoste,Valle d'Aosta,125666,18947,15.08,0.61
33,2021-01-22,VDA,56,21,35,20,36,ITC,ITC2,2,Valle d'Aosta / Vallée d'Aoste,Valle d'Aosta,125666,19003,15.12,0.04
34,2021-01-08,VDA,299,130,169,299,0,ITC,ITC2,2,Valle d'Aosta / Vallée d'Aoste,Valle d'Aosta,125666,19302,15.36,0.24
35,2021-03-06,VDA,22,4,18,22,0,ITC,ITC2,2,Valle d'Aosta / Vallée d'Aoste,Valle d'Aosta,125666,19324,15.38,0.02
36,2021-05-30,VDA,865,429,436,694,171,ITC,ITC2,2,Valle d'Aosta / Vallée d'Aoste,Valle d'Aosta,125666,20189,16.07,0.69
37,2021-05-28,VDA,975,414,561,563,412,ITC,ITC2,2,Valle d'Aosta / Vallée d'Aoste,Valle d'Aosta,125666,21164,16.84,0.78
38,2021-02-17,VDA,327,144,183,227,100,ITC,ITC2,2,Valle d'Aosta / Vallée d'Aoste,Valle d'Aosta,125666,21491,17.1,0.26
39,2021-02-10,VDA,248,77,171,141,107,ITC,ITC2,2,Valle d'Aosta / Vallée d'Aoste,Valle d'Aosta,125666,21739,17.3,0.2
40,2021-01-31,VDA,291,91,200,58,233,ITC,ITC2,2,Valle d'Aosta / Vallée d'Aoste,Valle d'Aosta,125666,22030,17.53,0.23
41,2021-06-18,VDA,998,443,555,599,399,ITC,ITC2,2,Valle d'Aosta / Vallée d'Aoste,Valle d'Aosta,125666,23028,18.32,0.79
42,2021-03-29,VDA,493,233,260,453,40,ITC,ITC2,2,Valle d'Aosta / Vallée d'Aoste,Valle d'Aosta,125666,23521,18.72,0.39
43,2021-06-20,VDA,1131,545,586,487,644,ITC,ITC2,2,Valle d'Aosta / Vallée d'Aoste,Valle d'Aosta,125666,24652,19.62,0.9
44,2021-03-12,VDA,531,175,356,305,226,ITC,ITC2,2,Valle d'Aosta / Vallée d'Aoste,Valle d'Aosta,125666,25183,20.04,0.42
45,2021-01-19,VDA,256,77,179,256,0,ITC,ITC2,2,Valle d'Aosta / Vallée d'Aoste,Valle d'Aosta,125666,25439,20.24,0.2
46,2021-04-12,VDA,486,186,300,323,163,ITC,ITC2,2,Valle d'Aosta / Vallée d'Aoste,Valle d'Aosta,125666,25925,20.63,0.39
47,2021-04-29,VDA,1291,634,657,757,534,ITC,ITC2,2,Valle d'Aosta / Vallée d'Aoste,Valle d'Aosta,125666,27216,21.66,1.03
48,2021-04-08,VDA,584,282,302,441,143,ITC,ITC2,2,Valle d'Aosta / Vallée d'Aoste,Valle d'Aosta,125666,27800,22.12,0.46
49,2021-06-13,VDA,851,399,452,373,478,ITC,ITC2,2,Valle d'Aosta / Vallée d'Aoste,Valle d'Aosta,125666,28651,22.8,0.68
50,2021-06-08,VDA,712,356,356,679,33,ITC,ITC2,2,Valle d'Aosta / Vallée d'Aoste,Valle d'Aosta,125666,29363,23.37,0.57
51,2021-02-26,VDA,207,58,149,122,85,ITC,ITC2,2,Valle d'Aosta / Vallée d'Aoste,Valle d'Aosta,125666,29570,23.53,0.16
52,2021-04-10,VDA,404,190,214,399,5,ITC,ITC2,2,Valle d'Aosta / Vallée d'Aoste,Valle d'Aosta,125666,29974,23.85,0.32
53,2020-12-31,VDA,18,4,14,18,0,ITC,ITC2,2,Valle d'Aosta / Vallée d'Aoste,Valle d'Aosta,125666,29992,23.87,0.01
54,2021-05-25,VDA,1115,530,585,541,574,ITC,ITC2,2,Valle d'Aosta / Vallée d'Aoste,Valle d'Aosta,125666,31107,24.75,0.89
55,2021-02-14,VDA,48,16,32,1,47,ITC,ITC2,2,Valle d'Aosta / Vallée d'Aoste,Valle d'Aosta,125666,31155,24.79,0.04
56,2021-05-08,VDA,904,540,364,526,378,ITC,ITC2,2,Valle d'Aosta / Vallée d'Aoste,Valle d'Aosta,125666,32059,25.51,0.72
57,2021-03-17,VDA,433,185,248,273,160,ITC,ITC2,2,Valle d'Aosta / Vallée d'Aoste,Valle d'Aosta,125666,32492,25.86,0.34
58,2021-03-03,VDA,255,118,137,187,68,ITC,ITC2,2,Valle d'Aosta / Vallée d'Aoste,Valle d'Aosta,125666,32747,26.06,0.2
59,2021-01-26,VDA,139,48,91,0,139,ITC,ITC2,2,Valle d'Aosta / Vallée d'Aoste,Valle d'Aosta,125666,32886,26.17,0.11
60,2021-02-12,VDA,263,96,167,217,46,ITC,ITC2,2,Valle d'Aosta / Vallée d'Aoste,Valle d'Aosta,125666,33149,26.38,0.21
61,2021-03-13,VDA,147,88,59,147,0,ITC,ITC2,2,Valle d'Aosta / Vallée d'Aoste,Valle d'Aosta,125666,33296,26.5,0.12
62,2021-01-15,VDA,218,82,136,218,0,ITC,ITC2,2,Valle d'Aosta / Vallée d'Aoste,Valle d'Aosta,125666,33514,26.67,0.17
63,2021-03-31,VDA,555,302,253,529,26,ITC,ITC2,2,Valle d'Aosta / Vallée d'Aoste,Valle d'Aosta,125666,34069,27.11,0.44
64,2021-05-27,VDA,1089,497,592,586,503,ITC,ITC2,2,Valle d'Aosta / Vallée d'Aoste,Valle d'Aosta,125666,35158,27.98,0.87
65,2021-05-13,VDA,1139,556,583,540,599,ITC,ITC2,2,Valle d'Aosta / Vallée d'Aoste,Valle d'Aosta,125666,36297,28.88,0.91
66,2021-02-02,VDA,272,70,202,2,270,ITC,ITC2,2,Valle d'Aosta / Vallée d'Aoste,Valle d'Aosta,125666,36569,29.1,0.22
67,2021-05-20,VDA,807,363,444,367,440,ITC,ITC2,2,Valle d'Aosta / Vallée d'Aoste,Valle d'Aosta,125666,37376,29.74,0.64
68,2021-03-25,VDA,389,154,235,379,10,ITC,ITC2,2,Valle d'Aosta / Vallée d'Aoste,Valle d'Aosta,125666,37765,30.05,0.31
69,2021-05-21,VDA,917,433,484,531,386,ITC,ITC2,2,Valle d'Aosta / Vallée d'Aoste,Valle d'Aosta,125666,38682,30.78,0.73
70,2021-04-17,VDA,638,407,231,636,2,ITC,ITC2,2,Valle d'Aosta / Vallée d'Aoste,Valle d'Aosta,125666,39320,31.29,0.51
71,2021-01-07,VDA,276,111,165,276,0,ITC,ITC2,2,Valle d'Aosta / Vallée d'Aoste,Valle d'Aosta,125666,39596,31.51,0.22
72,2021-02-19,VDA,292,102,190,268,24,ITC,ITC2,2,Valle d'Aosta / Vallée d'Aoste,Valle d'Aosta,125666,39888,31.74,0.23
73,2021-01-05,VDA,150,54,96,150,0,ITC,ITC2,2,Valle d'Aosta / Vallée d'Aoste,Valle d'Aosta,125666,40038,31.86,0.12
74,2021-01-14,VDA,237,69,168,237,0,ITC,ITC2,2,Valle d'Aosta / Vallée d'Aoste,Valle d'Aosta,125666,40275,32.05,0.19
75,2021-04-24,VDA,722,400,322,555,167,ITC,ITC2,2,Valle d'Aosta / Vallée d'Aoste,Valle d'Aosta,125666,40997,32.62,0.57
76,2021-03-22,VDA,560,205,355,333,227,ITC,ITC2,2,Valle d'Aosta / Vallée d'Aoste,Valle d'Aosta,125666,41557,33.07,0.45
77,2021-06-05,VDA,925,476,449,737,188,ITC,ITC2,2,Valle d'Aosta / Vallée d'Aoste,Valle d'Aosta,125666,42482,33.81,0.74
78,2021-02-11,VDA,231,107,124,222,9,ITC,ITC2,2,Valle d'Aosta / Vallée d'Aoste,Valle d'Aosta,125666,42713,33.99,0.18
79,2021-04-09,VDA,237,111,126,204,33,ITC,ITC2,2,Valle d'Aosta / Vallée d'Aoste,Valle d'Aosta,125666,42950,34.18,0.19
80,2021-05-22,VDA,940,494,446,540,400,ITC,ITC2,2,Valle d'Aosta / Vallée d'Aoste,Valle d'Aosta,125666,43890,34.93,0.75
81,2021-04-16,VDA,599,261,338,597,2,ITC,ITC2,2,Valle d'Aosta / Vallée d'Aoste,Valle d'Aosta,125666,44489,35.4,0.48
82,2021-04-02,VDA,873,344,529,648,225,ITC,ITC2,2,Valle d'Aosta / Vallée d'Aoste,Valle d'Aosta,125666,45362,36.1,0.69
83,2021-03-10,VDA,438,183,255,225,213,ITC,ITC2,2,Valle d'Aosta / Vallée d'Aoste,Valle d'Aosta,125666,45800,36.45,0.35
84,2021-02-21,VDA,18,3,15,0,18,ITC,ITC2,2,Valle d'Aosta / Vallée d'Aoste,Valle d'Aosta,125666,45818,36.46,0.01
85,2021-06-01,VDA,871,469,402,518,353,ITC,ITC2,2,Valle d'Aosta / Vallée d'Aoste,Valle d'Aosta,125666,46689,37.15,0.69
86,2021-02-23,VDA,216,123,93,216,0,ITC,ITC2,2,Valle d'Aosta / Vallée d'Aoste,Valle d'Aosta,125666,46905,37.33,0.17
87,2021-06-06,VDA,1160,582,578,787,373,ITC,ITC2,2,Valle d'Aosta / Vallée d'Aoste,Valle d'Aosta,125666,48065,38.25,0.92
88,2021-06-15,VDA,876,479,397,621,255,ITC,ITC2,2,Valle d'Aosta / Vallée d'Aoste,Valle d'Aosta,125666,48941,38.95,0.7
89,2021-03-05,VDA,275,124,151,53,222,ITC,ITC2,2,Valle d'Aosta / Vallée d'Aoste,Valle d'Aosta,125666,49216,39.16,0.22
90,2021-02-28,VDA,260,86,174,77,183,ITC,ITC2,2,Valle d'Aosta / Vallée d'Aoste,Valle d'Aosta,125666,49476,39.37,0.21
91,2021-05-05,VDA,1038,566,472,456,582,ITC,ITC2,2,Valle d'Aosta / Vallée d'Aoste,Valle d'Aosta,125666,50514,40.2,0.83
92,2021-05-18,VDA,970,484,486,353,617,ITC,ITC2,2,Valle d'Aosta / Vallée d'Aoste,Valle d'Aosta,125666,51484,40.97,0.77
93,2021-02-07,VDA,292,120,172,190,102,ITC,ITC2,2,Valle d'Aosta / Vallée d'Aoste,Valle d'Aosta,125666,51776,41.2,0.23
94,2021-05-01,VDA,940,563,377,456,484,ITC,ITC2,2,Valle d'Aosta / Vallée d'Aoste,Valle d'Aosta,125666,52716,41.95,0.75
95,2021-04-14,VDA,941,430,511,717,224,ITC,ITC2,2,Valle d'Aosta / Vallée d'Aoste,Valle d'Aosta,125666,53657,42.7,0.75
96,2021-01-02,VDA,6,5,1,6,0,ITC,ITC2,2,Valle d'Aosta / Vallée d'Aoste,Valle d'Aosta,125666,53663,42.7,0.0
97,2021-03-26,VDA,498,204,294,491,7,ITC,ITC2,2,Valle d'Aosta / Vallée d'Aoste,Valle d'Aosta,125666,54161,43.1,0.4
98,2021-06-17,VDA,775,422,353,626,149,ITC,ITC2,2,Valle d'Aosta / Vallée d'Aoste,Valle d'Aosta,125666,54936,43.72,0.62
99,2021-04-05,VDA,464,223,241,458,6,ITC,ITC2,2,Valle d'Aosta / Vallée d'Aoste,Valle d'Aosta,125666,55400,44.09,0.37
100,2021-01-28,VDA,291,123,168,56,235,ITC,ITC2,2,Valle d'Aosta / Vallée d'Aoste,Valle d'Aosta,125666,55691,44.32,0.23
101,2021-03-24,VDA,515,230,285,258,257,ITC,ITC2,2,Valle d'Aosta / Vallée d'Aoste,Valle d'Aosta,125666,56206,44.73,0.41
102,2021-05-06,VDA,1063,509,554,679,384,ITC,ITC2,2,Valle d'Aosta / Vallée d'Aoste,Valle d'Aosta,125666,57269,45.57,0.85
103,2021-02-16,VDA,326,53,273,320,6,ITC,ITC2,2,Valle d'Aosta / Vallée d'Aoste,Valle d'Aosta,125666,57595,45.83,0.26
104,2021-06-03,VDA,1306,667,639,896,410,ITC,ITC2,2,Valle d'Aosta / Vallée d'Aoste,Valle d'Aosta,125666,58901,46.87,1.04
105,2021-05-17,VDA,809,417,392,375,434,ITC,ITC2,2,Valle d'Aosta / Vallée d'Aoste,Valle d'Aosta,125666,59710,47.51,0.64
106,2021-05-15,VDA,1065,614,451,380,685,ITC,ITC2,2,Valle d'Aosta / Vallée d'Aoste,Valle d'Aosta,125666,60775,48.36,0.85
107,2021-02-04,VDA,294,86,208,8,286,ITC,ITC2,2,Valle d'Aosta / Vallée d'Aoste,Valle d'Aosta,125666,61069,48.6,0.23
108,2021-04-28,VDA,1218,632,586,715,503,ITC,ITC2,2,Valle d'Aosta / Vallée d'Aoste,Valle d'Aosta,125666,62287,49.57,0.97
109,2021-04-19,VDA,751,325,426,542,209,ITC,ITC2,2,Valle d'Aosta / Vallée d'Aoste,Valle d'Aosta,125666,63038,50.16,0.6
110,2021-01-16,VDA,237,80,157,237,0,ITC,ITC2,2,Valle d'Aosta / Vallée d'Aoste,Valle d'Aosta,125666,63275,50.35,0.19
111,2021-06-22,VDA,1189,666,523,541,648,ITC,ITC2,2,Valle d'Aosta / Vallée d'Aoste,Valle d'Aosta,125666,64464,51.3,0.95
112,2021-03-14,VDA,392,200,192,392,0,ITC,ITC2,2,Valle d'Aosta / Vallée d'Aoste,Valle d'Aosta,125666,64856,51.61,0.31
113,2021-04-26,VDA,715,327,388,545,170,ITC,ITC2,2,Valle d'Aosta / Vallée d'Aoste,Valle d'Aosta,125666,65571,52.18,0.57
114,2021-01-09,VDA,443,199,244,443,0,ITC,ITC2,2,Valle d'Aosta / Vallée d'Aoste,Valle d'Aosta,125666,66014,52.53,0.35
115,2021-06-24,VDA,914,464,450,173,741,ITC,ITC2,2,Valle d'Aosta / Vallée d'Aoste,Valle d'Aosta,125666,66928,53.26,0.73
116,2021-02-08,VDA,223,83,140,25,198,ITC,ITC2,2,Valle d'Aosta / Vallée d'Aoste,Valle d'Aosta,125666,67151,53.44,0.18
117,2021-03-23,VDA,379,150,229,245,134,ITC,ITC2,2,Valle d'Aosta / Vallée d'Aoste,Valle d'Aosta,125666,67530,53.74,0.3
118,2021-05-19,VDA,993,498,495,418,575,ITC,ITC2,2,Valle d'Aosta / Vallée d'Aoste,Valle d'Aosta,125666,68523,54.53,0.79
119,2021-05-29,VDA,798,434,364,561,237,ITC,ITC2,2,Valle d'Aosta / Vallée d'Aoste,Valle d'Aosta,125666,69321,55.16,0.64
120,2021-02-25,VDA,201,101,100,194,7,ITC,ITC2,2,Valle d'Aosta / Vallée d'Aoste,Valle d'Aosta,125666,69522,55.32,0.16
121,2021-05-03,VDA,839,400,439,488,351,ITC,ITC2,2,Valle d'Aosta / Vallée d'Aoste,Valle d'Aosta,125666,70361,55.99,0.67
122,2021-03-07,VDA,64,30,34,11,53,ITC,ITC2,2,Valle d'Aosta / Vallée d'Aoste,Valle d'Aosta,125666,70425,56.04,0.05
123,2021-01-30,VDA,439,202,237,14,425,ITC,ITC2,2,Valle d'Aosta / Vallée d'Aoste,Valle d'Aosta,125666,70864,56.39,0.35
124,2021-01-25,VDA,147,65,82,0,147,ITC,ITC2,2,Valle d'Aosta / Vallée d'Aoste,Valle d'Aosta,125666,71011,56.51,0.12
125,2021-05-14,VDA,960,442,518,291,669,ITC,ITC2,2,Valle d'Aosta / Vallée d'Aoste,Valle d'Aosta,125666,71971,57.27,0.76
126,2021-02-01,VDA,404,127,277,87,317,ITC,ITC2,2,Valle d'Aosta / Vallée d'Aoste,Valle d'Aosta,125666,72375,57.59,0.32
127,2021-03-30,VDA,402,223,179,382,20,ITC,ITC2,2,Valle d'Aosta / Vallée d'Aoste,Valle d'Aosta,125666,72777,57.91,0.32
128,2021-05-12,VDA,1140,549,591,470,670,ITC,ITC2,2,Valle d'Aosta / Vallée d'Aoste,Valle d'Aosta,125666,73917,58.82,0.91
129,2021-01-21,VDA,33,12,21,33,0,ITC,ITC2,2,Valle d'Aosta / Vallée d'Aoste,Valle d'Aosta,125666,73950,58.85,0.03
130,2021-01-04,VDA,142,59,83,142,0,ITC,ITC2,2,Valle d'Aosta / Vallée d'Aoste,Valle d'Aosta,125666,74092,58.96,0.11
131,2021-03-28,VDA,522,212,310,521,1,ITC,ITC2,2,Valle d'Aosta / Vallée d'Aoste,Valle d'Aosta,125666,74614,59.37,0.42
132,2021-03-11,VDA,197,76,121,66,131,ITC,ITC2,2,Valle d'Aosta / Vallée d'Aoste,Valle d'Aosta,125666,74811,59.53,0.16
133,2021-06-02,VDA,1215,688,527,814,401,ITC,ITC2,2,Valle d'Aosta / Vallée d'Aoste,Valle d'Aosta,125666,76026,60.5,0.97
134,2021-06-19,VDA,1287,666,621,669,618,ITC,ITC2,2,Valle d'Aosta / Vallée d'Aoste,Valle d'Aosta,125666,77313,61.52,1.02
135,2021-02-06,VDA,289,104,185,92,197,ITC,ITC2,2,Valle d'Aosta / Vallée d'Aoste,Valle d'Aosta,125666,77602,61.75,0.23
136,2021-04-30,VDA,831,355,476,485,346,ITC,ITC2,2,Valle d'Aosta / Vallée d'Aoste,Valle d'Aosta,125666,78433,62.41,0.66
137,2021-01-20,VDA,23,8,15,23,0,ITC,ITC2,2,Valle d'Aosta / Vallée d'Aoste,Valle d'Aosta,125666,78456,62.43,0.02
138,2021-01-18,VDA,213,74,139,213,0,ITC,ITC2,2,Valle d'Aosta / Vallée d'Aoste,Valle d'Aosta,125666,78669,62.6,0.17
139,2021-04-11,VDA,479,208,271,479,0,ITC,ITC2,2,Valle d'Aosta / Vallée d'Aoste,Valle d'Aosta,125666,79148,62.98,0.38
140,2021-03-16,VDA,182,37,145,118,64,ITC,ITC2,2,Valle d'Aosta / Vallée d'Aoste,Valle d'Aosta,125666,79330,63.13,0.14
141,2021-04-07,VDA,910,474,436,681,229,ITC,ITC2,2,Valle d'Aosta / Vallée d'Aoste,Valle d'Aosta,125666,80240,63.85,0.72
142,2021-02-09,VDA,251,84,167,68,183,ITC,ITC2,2,Valle d'Aosta / Vallée d'Aoste,Valle d'Aosta,125666,80491,64.05,0.2
143,2021-06-12,VDA,1232,599,633,1066,166,ITC,ITC2,2,Valle d'Aosta / Vallée d'Aoste,Valle d'Aosta,125666,81723,65.03,0.98
144,2021-03-19,VDA,322,85,237,287,35,ITC,ITC2,2,Valle d'Aosta / Vallée d'Aoste,Valle d'Aosta,125666,82045,65.29,0.26
145,2021-05-07,VDA,564,245,319,533,31,ITC,ITC2,2,Valle d'Aosta / Vallée d'Aoste,Valle d'Aosta,125666,82609,65.74,0.45
146,2021-04-23,VDA,921,443,478,538,383,ITC,ITC2,2,Valle d'Aosta / Vallée d'Aoste,Valle d'Aosta,125666,83530,66.47,0.73
147,2021-01-13,VDA,337,110,227,337,0,ITC,ITC2,2,Valle d'Aosta / Vallée d'Aoste,Valle d'Aosta,125666,83867,66.74,0.27
148,2021-04-06,VDA,741,381,360,629,112,ITC,ITC2,2,Valle d'Aosta / Vallée d'Aoste,Valle d'Aosta,125666,84608,67.33,0.59
149,2021-03-18,VDA,136,43,93,99,37,ITC,ITC2,2,Valle d'Aosta / Vallée d'Aoste,Valle d'Aosta,125666,84744,67.44,0.11
150,2021-03-04,VDA,291,139,152,42,249,ITC,ITC2,2,Valle d'Aosta / Vallée d'Aoste,Valle d'Aosta,125666,85035,67.67,0.23
151,2021-05-26,VDA,1209,587,622,576,633,ITC,ITC2,2,Valle d'Aosta / Vallée d'Aoste,Valle d'Aosta,125666,86244,68.63,0.96
152,2021-04-18,VDA,522,254,268,518,4,ITC,ITC2,2,Valle d'Aosta / Vallée d'Aoste,Valle d'Aosta,125666,86766,69.04,0.42
153,2021-06-14,VDA,306,163,143,12,294,ITC,ITC2,2,Valle d'Aosta / Vallée d'Aoste,Valle d'Aosta,125666,87072,69.29,0.24
154,2021-05-31,VDA,879,395,484,500,379,ITC,ITC2,2,Valle d'Aosta / Vallée d'Aoste,Valle d'Aosta,125666,87951,69.99,0.7
155,2021-04-25,VDA,849,408,441,710,139,ITC,ITC2,2,Valle d'Aosta / Vallée d'Aoste,Valle d'Aosta,125666,88800,70.66,0.68
156,2021-06-21,VDA,1122,600,522,617,505,ITC,ITC2,2,Valle d'Aosta / Vallée d'Aoste,Valle d'Aosta,125666,89922,71.56,0.89
157,2021-06-07,VDA,710,347,363,649,61,ITC,ITC2,2,Valle d'Aosta / Vallée d'Aoste,Valle d'Aosta,125666,90632,72.12,0.56
158,2021-02-27,VDA,231,85,146,124,107,ITC,ITC2,2,Valle d'Aosta / Vallée d'Aoste,Valle d'Aosta,125666,90863,72.31,0.18
159,2021-03-09,VDA,206,96,110,174,32,ITC,ITC2,2,Valle d'Aosta / Vallée d'Aoste,Valle d'Aosta,125666,91069,72.47,0.16
160,2021-02-20,VDA,251,210,41,241,10,ITC,ITC2,2,Valle d'Aosta / Vallée d'Aoste,Valle d'Aosta,125666,91320,72.67,0.2
161,2021-01-06,VDA,65,33,32,65,0,ITC,ITC2,2,Valle d'Aosta / Vallée d'Aoste,Valle d'Aosta,125666,91385,72.72,0.05
162,2021-02-18,VDA,349,153,196,261,88,ITC,ITC2,2,Valle d'Aosta / Vallée d'Aoste,Valle d'Aosta,125666,91734,73.0,0.28
163,2021-01-12,VDA,302,72,230,302,0,ITC,ITC2,2,Valle d'Aosta / Vallée d'Aoste,Valle d'Aosta,125666,92036,73.24,0.24
164,2021-05-24,VDA,1136,516,620,689,447,ITC,ITC2,2,Valle d'Aosta / Vallée d'Aoste,Valle d'Aosta,125666,93172,74.14,0.9
165,2021-05-10,VDA,782,381,401,547,235,ITC,ITC2,2,Valle d'Aosta / Vallée d'Aoste,Valle d'Aosta,125666,93954,74.76,0.62
166,2021-04-21,VDA,868,410,458,620,248,ITC,ITC2,2,Valle d'Aosta / Vallée d'Aoste,Valle d'Aosta,125666,94822,75.46,0.69
167,2021-03-21,VDA,355,165,190,355,0,ITC,ITC2,2,Valle d'Aosta / Vallée d'Aoste,Valle d'Aosta,125666,95177,75.74,0.28
168,2021-06-10,VDA,1002,558,444,960,42,ITC,ITC2,2,Valle d'Aosta / Vallée d'Aoste,Valle d'Aosta,125666,96179,76.54,0.8
169,2021-03-02,VDA,339,166,173,336,3,ITC,ITC2,2,Valle d'Aosta / Vallée d'Aoste,Valle d'Aosta,125666,96518,76.81,0.27
170,2021-01-11,VDA,325,112,213,325,0,ITC,ITC2,2,Valle d'Aosta / Vallée d'Aoste,Valle d'Aosta,125666,96843,77.06,0.26
171,2021-04-04,VDA,572,253,319,571,1,ITC,ITC2,2,Valle d'Aosta / Vallée d'Aoste,Valle d'Aosta,125666,97415,77.52,0.46
172,2021-02-13,VDA,216,196,20,215,1,ITC,ITC2,2,Valle d'Aosta / Vallée d'Aoste,Valle d'Aosta,125666,97631,77.69,0.17
173,2021-04-23,UMB,6614,2788,3826,3493,3121,ITI,ITI2,10,Umbria,Umbria,882015,6614,0.75,0.75
174,2021-02-25,UMB,1336,497,839,1284,52,ITI,ITI2,10,Umbria,Umbria,882015,7950,0.9,0.15
175,2021-03-11,UMB,3595,1726,1869,2589,1006,ITI,ITI2,10,Umbria,Umbria,882015,11545,1.31,0.41
176,2021-01-13,UMB,450,139,311,450,0,ITI,ITI2,10,Umbria,Umbria,882015,11995,1.36,0.05
177,2021-06-19,UMB,4562,2197,2365,2532,2030,ITI,ITI2,10,Umbria,Umbria,882015,16557,1.88,0.52
178,2021-01-06,UMB,846,325,521,846,0,ITI,ITI2,10,Umbria,Umbria,882015,17403,1.97,0.1
179,2021-06-12,UMB,7696,3681,4015,6125,1571,ITI,ITI2,10,Umbria,Umbria,882015,25099,2.85,0.87
180,2021-04-16,UMB,8115,3749,4366,6277,1838,ITI,ITI2,10,Umbria,Umbria,882015,33214,3.77,0.92
181,2021-04-30,UMB,6265,2975,3290,2866,3399,ITI,ITI2,10,Umbria,Umbria,882015,39479,4.48,0.71
182,2021-03-04,UMB,4487,1855,2632,3659,828,ITI,ITI2,10,Umbria,Umbria,882015,43966,4.98,0.51
183,2021-01-20,UMB,613,222,391,613,0,ITI,ITI2,10,Umbria,Umbria,882015,44579,5.05,0.07
184,2021-01-01,UMB,274,105,169,274,0,ITI,ITI2,10,Umbria,Umbria,882015,44853,5.09,0.03
185,2021-04-11,UMB,3102,1503,1599,3053,49,ITI,ITI2,10,Umbria,Umbria,882015,47955,5.44,0.35
186,2021-01-18,UMB,614,219,395,529,85,ITI,ITI2,10,Umbria,Umbria,882015,48569,5.51,0.07
187,2021-06-02,UMB,3944,1895,2049,3904,40,ITI,ITI2,10,Umbria,Umbria,882015,52513,5.95,0.45
188,2021-02-20,UMB,282,100,182,258,24,ITI,ITI2,10,Umbria,Umbria,882015,52795,5.99,0.03
189,2021-03-09,UMB,4092,2003,2089,2801,1291,ITI,ITI2,10,Umbria,Umbria,882015,56887,6.45,0.46
190,2021-05-31,UMB,5804,2837,2967,4920,884,ITI,ITI2,10,Umbria,Umbria,882015,62691,7.11,0.66
191,2021-05-14,UMB,5334,2512,2822,3519,1815,ITI,ITI2,10,Umbria,Umbria,882015,68025,7.71,0.6
192,2021-03-23,UMB,3797,1685,2112,2168,1629,ITI,ITI2,10,Umbria,Umbria,882015,71822,8.14,0.43
193,2021-02-08,UMB,637,203,434,88,549,ITI,ITI2,10,Umbria,Umbria,882015,72459,8.22,0.07
194,2021-05-19,UMB,9421,4212,5209,5674,3747,ITI,ITI2,10,Umbria,Umbria,882015,81880,9.28,1.07
195,2021-02-06,UMB,396,138,258,34,362,ITI,ITI2,10,Umbria,Umbria,882015,82276,9.33,0.04
196,2021-05-07,UMB,10129,4707,5422,6918,3211,ITI,ITI2,10,Umbria,Umbria,882015,92405,10.48,1.15
197,2021-03-18,UMB,2967,1172,1795,1705,1262,ITI,ITI2,10,Umbria,Umbria,882015,95372,10.81,0.34
198,2021-02-13,UMB,115,28,87,112,3,ITI,ITI2,10,Umbria,Umbria,882015,95487,10.83,0.01
199,2021-05-24,UMB,9054,4509,4545,8177,877,ITI,ITI2,10,Umbria,Umbria,882015,104541,11.85,1.03
200,2021-04-18,UMB,1530,680,850,600,930,ITI,ITI2,10,Umbria,Umbria,882015,106071,12.03,0.17
201,2021-01-11,UMB,1315,346,969,1315,0,ITI,ITI2,10,Umbria,Umbria,882015,107386,12.18,0.15
202,2021-05-05,UMB,7205,3295,3910,3903,3302,ITI,ITI2,10,Umbria,Umbria,882015,114591,12.99,0.82
203,2021-01-25,UMB,648,323,325,5,643,ITI,ITI2,10,Umbria,Umbria,882015,115239,13.07,0.07
204,2021-04-04,UMB,59,20,39,23,36,ITI,ITI2,10,Umbria,Umbria,882015,115298,13.07,0.01
205,2021-06-07,UMB,6939,3426,3513,6248,691,ITI,ITI2,10,Umbria,Umbria,882015,122237,13.86,0.79
206,2021-03-16,UMB,3539,1454,2085,1912,1627,ITI,ITI2,10,Umbria,Umbria,882015,125776,14.26,0.4
207,2021-02-27,UMB,1658,354,1304,1642,16,ITI,ITI2,10,Umbria,Umbria,882015,127434,14.45,0.19
208,2021-06-14,UMB,5362,2742,2620,3362,2000,ITI,ITI2,10,Umbria,Umbria,882015,132796,15.06,0.61
209,2021-04-06,UMB,5294,2170,3124,2905,2389,ITI,ITI2,10,Umbria,Umbria,882015,138090,15.66,0.6
210,2021-03-28,UMB,1096,442,654,1072,24,ITI,ITI2,10,Umbria,Umbria,882015,139186,15.78,0.12
211,2021-01-30,UMB,1590,490,1100,44,1546,ITI,ITI2,10,Umbria,Umbria,882015,140776,15.96,0.18
212,2021-05-12,UMB,6494,3025,3469,4348,2146,ITI,ITI2,10,Umbria,Umbria,882015,147270,16.7,0.74
213,2021-05-11,UMB,6241,2833,3408,4037,2204,ITI,ITI2,10,Umbria,Umbria,882015,153511,17.4,0.71
214,2021-02-01,UMB,1285,342,943,48,1237,ITI,ITI2,10,Umbria,Umbria,882015,154796,17.55,0.15
215,2021-02-18,UMB,1496,582,914,1030,466,ITI,ITI2,10,Umbria,Umbria,882015,156292,17.72,0.17
216,2021-05-16,UMB,5319,2536,2783,5267,52,ITI,ITI2,10,Umbria,Umbria,882015,161611,18.32,0.6
217,2021-04-27,UMB,5668,2404,3264,3090,2578,ITI,ITI2,10,Umbria,Umbria,882015,167279,18.97,0.64
218,2021-05-30,UMB,5981,2998,2983,5780,201,ITI,ITI2,10,Umbria,Umbria,882015,173260,19.64,0.68
219,2021-03-08,UMB,3702,1829,1873,2339,1363,ITI,ITI2,10,Umbria,Umbria,882015,176962,20.06,0.42
220,2021-06-16,UMB,6312,3089,3223,3219,3093,ITI,ITI2,10,Umbria,Umbria,882015,183274,20.78,0.72
221,2021-03-25,UMB,3904,1699,2205,2840,1064,ITI,ITI2,10,Umbria,Umbria,882015,187178,21.22,0.44
222,2021-03-27,UMB,4254,1513,2741,3914,340,ITI,ITI2,10,Umbria,Umbria,882015,191432,21.7,0.48
223,2021-05-26,UMB,9647,4567,5080,8394,1253,ITI,ITI2,10,Umbria,Umbria,882015,201079,22.8,1.09
224,2021-05-28,UMB,9577,4431,5146,7282,2295,ITI,ITI2,10,Umbria,Umbria,882015,210656,23.88,1.09
225,2021-04-15,UMB,7641,3489,4152,5754,1887,ITI,ITI2,10,Umbria,Umbria,882015,218297,24.75,0.87
226,2021-02-17,UMB,1618,748,870,1267,351,ITI,ITI2,10,Umbria,Umbria,882015,219915,24.93,0.18
227,2021-04-13,UMB,7688,3403,4285,6018,1670,ITI,ITI2,10,Umbria,Umbria,882015,227603,25.8,0.87
228,2021-02-15,UMB,1368,692,676,1367,1,ITI,ITI2,10,Umbria,Umbria,882015,228971,25.96,0.16
229,2021-04-20,UMB,5442,2359,3083,3495,1947,ITI,ITI2,10,Umbria,Umbria,882015,234413,26.58,0.62
230,2021-01-27,UMB,840,330,510,13,827,ITI,ITI2,10,Umbria,Umbria,882015,235253,26.67,0.1
231,2021-01-10,UMB,1070,277,793,1070,0,ITI,ITI2,10,Umbria,Umbria,882015,236323,26.79,0.12
232,2021-05-21,UMB,8974,3669,5305,4137,4837,ITI,ITI2,10,Umbria,Umbria,882015,245297,27.81,1.02
233,2021-05-04,UMB,5536,2545,2991,2411,3125,ITI,ITI2,10,Umbria,Umbria,882015,250833,28.44,0.63
234,2021-04-01,UMB,4376,1838,2538,2366,2010,ITI,ITI2,10,Umbria,Umbria,882015,255209,28.93,0.5
235,2021-03-01,UMB,1503,774,729,1389,114,ITI,ITI2,10,Umbria,Umbria,882015,256712,29.11,0.17
236,2021-04-03,UMB,2112,717,1395,1059,1053,ITI,ITI2,10,Umbria,Umbria,882015,258824,29.34,0.24
237,2021-01-08,UMB,1190,345,845,1190,0,ITI,ITI2,10,Umbria,Umbria,882015,260014,29.48,0.13
238,2021-05-23,UMB,5069,1855,3214,652,4417,ITI,ITI2,10,Umbria,Umbria,882015,265083,30.05,0.57
239,2021-04-25,UMB,4364,1685,2679,4282,82,ITI,ITI2,10,Umbria,Umbria,882015,269447,30.55,0.49
240,2021-06-21,UMB,7488,3925,3563,5153,2335,ITI,ITI2,10,Umbria,Umbria,882015,276935,31.4,0.85
241,2021-03-06,UMB,4317,1154,3163,4174,143,ITI,ITI2,10,Umbria,Umbria,882015,281252,31.89,0.49
242,2021-01-22,UMB,276,105,171,32,244,ITI,ITI2,10,Umbria,Umbria,882015,281528,31.92,0.03
243,2021-05-02,UMB,3787,1868,1919,1333,2454,ITI,ITI2,10,Umbria,Umbria,882015,285315,32.35,0.43
244,2021-03-20,UMB,2308,842,1466,2283,25,ITI,ITI2,10,Umbria,Umbria,882015,287623,32.61,0.26
245,2021-03-30,UMB,3978,1729,2249,2438,1540,ITI,ITI2,10,Umbria,Umbria,882015,291601,33.06,0.45
246,2020-12-27,UMB,86,45,41,86,0,ITI,ITI2,10,Umbria,Umbria,882015,291687,33.07,0.01
247,2021-02-22,UMB,1889,807,1082,1803,86,ITI,ITI2,10,Umbria,Umbria,882015,293576,33.28,0.21
248,2021-06-11,UMB,6898,3462,3436,6131,767,ITI,ITI2,10,Umbria,Umbria,882015,300474,34.07,0.78
249,2021-03-29,UMB,3890,1731,2159,2411,1479,ITI,ITI2,10,Umbria,Umbria,882015,304364,34.51,0.44
250,2021-01-31,UMB,1058,276,782,25,1033,ITI,ITI2,10,Umbria,Umbria,882015,305422,34.63,0.12
251,2021-05-25,UMB,8814,4299,4515,7751,1063,ITI,ITI2,10,Umbria,Umbria,882015,314236,35.63,1.0
252,2021-02-03,UMB,725,174,551,67,658,ITI,ITI2,10,Umbria,Umbria,882015,314961,35.71,0.08
253,2021-02-05,UMB,780,234,546,18,762,ITI,ITI2,10,Umbria,Umbria,882015,315741,35.8,0.09
254,2021-04-12,UMB,7090,3079,4011,5372,1718,ITI,ITI2,10,Umbria,Umbria,882015,322831,36.6,0.8
255,2021-01-19,UMB,103,23,80,103,0,ITI,ITI2,10,Umbria,Umbria,882015,322934,36.61,0.01
256,2021-04-29,UMB,5216,2248,2968,2890,2326,ITI,ITI2,10,Umbria,Umbria,882015,328150,37.2,0.59
257,2021-03-24,UMB,4106,1792,2314,2783,1323,ITI,ITI2,10,Umbria,Umbria,882015,332256,37.67,0.47
258,2021-01-03,UMB,270,112,158,270,0,ITI,ITI2,10,Umbria,Umbria,882015,332526,37.7,0.03
259,2021-04-22,UMB,5437,2237,3200,2773,2664,ITI,ITI2,10,Umbria,Umbria,882015,337963,38.32,0.62
260,2021-04-17,UMB,6666,3059,3607,5326,1340,ITI,ITI2,10,Umbria,Umbria,882015,344629,39.07,0.76
261,2021-06-18,UMB,4705,2298,2407,1608,3097,ITI,ITI2,10,Umbria,Umbria,882015,349334,39.61,0.53
262,2021-05-13,UMB,5919,2665,3254,3841,2078,ITI,ITI2,10,Umbria,Umbria,882015,355253,40.28,0.67
263,2021-02-19,UMB,743,293,450,526,217,ITI,ITI2,10,Umbria,Umbria,882015,355996,40.36,0.08
264,2021-06-09,UMB,8048,3897,4151,7325,723,ITI,ITI2,10,Umbria,Umbria,882015,364044,41.27,0.91
265,2021-06-23,UMB,11143,5699,5444,7762,3381,ITI,ITI2,10,Umbria,Umbria,882015,375187,42.54,1.26
266,2021-03-15,UMB,4616,1950,2666,2848,1768,ITI,ITI2,10,Umbria,Umbria,882015,379803,43.06,0.52
267,2021-02-10,UMB,715,349,366,700,15,ITI,ITI2,10,Umbria,Umbria,882015,380518,43.14,0.08
268,2021-01-24,UMB,258,106,152,1,257,ITI,ITI2,10,Umbria,Umbria,882015,380776,43.17,0.03
269,2021-06-08,UMB,7264,3584,3680,6743,521,ITI,ITI2,10,Umbria,Umbria,882015,388040,43.99,0.82
270,2021-03-13,UMB,1735,524,1211,1486,249,ITI,ITI2,10,Umbria,Umbria,882015,389775,44.19,0.2
271,2021-01-15,UMB,701,215,486,701,0,ITI,ITI2,10,Umbria,Umbria,882015,390476,44.27,0.08
272,2021-01-29,UMB,1232,348,884,79,1153,ITI,ITI2,10,Umbria,Umbria,882015,391708,44.41,0.14
273,2021-05-09,UMB,5769,2760,3009,5378,391,ITI,ITI2,10,Umbria,Umbria,882015,397477,45.06,0.65
274,2021-04-10,UMB,7474,3514,3960,7339,135,ITI,ITI2,10,Umbria,Umbria,882015,404951,45.91,0.85
275,2021-01-17,UMB,54,17,37,54,0,ITI,ITI2,10,Umbria,Umbria,882015,405005,45.92,0.01
276,2020-12-31,UMB,322,127,195,322,0,ITI,ITI2,10,Umbria,Umbria,882015,405327,45.95,0.04
277,2021-06-15,UMB,5928,2999,2929,3898,2030,ITI,ITI2,10,Umbria,Umbria,882015,411255,46.63,0.67
278,2021-06-17,UMB,6935,3511,3424,4883,2052,ITI,ITI2,10,Umbria,Umbria,882015,418190,47.41,0.79
279,2021-03-26,UMB,4604,1716,2888,4432,172,ITI,ITI2,10,Umbria,Umbria,882015,422794,47.94,0.52
280,2021-04-08,UMB,5893,2525,3368,4098,1795,ITI,ITI2,10,Umbria,Umbria,882015,428687,48.6,0.67
281,2021-06-04,UMB,8896,4397,4499,7711,1185,ITI,ITI2,10,Umbria,Umbria,882015,437583,49.61,1.01
282,2021-06-13,UMB,6756,3553,3203,6526,230,ITI,ITI2,10,Umbria,Umbria,882015,444339,50.38,0.77
283,2021-05-01,UMB,5377,2642,2735,2147,3230,ITI,ITI2,10,Umbria,Umbria,882015,449716,50.99,0.61
284,2021-03-05,UMB,4624,1403,3221,3968,656,ITI,ITI2,10,Umbria,Umbria,882015,454340,51.51,0.52
285,2021-03-03,UMB,4438,1773,2665,3727,711,ITI,ITI2,10,Umbria,Umbria,882015,458778,52.01,0.5
286,2021-06-06,UMB,7610,3903,3707,6917,693,ITI,ITI2,10,Umbria,Umbria,882015,466388,52.88,0.86
287,2021-02-24,UMB,1520,565,955,1505,15,ITI,ITI2,10,Umbria,Umbria,882015,467908,53.05,0.17
288,2021-05-10,UMB,5987,2803,3184,3837,2150,ITI,ITI2,10,Umbria,Umbria,882015,473895,53.73,0.68
289,2021-05-08,UMB,8113,3734,4379,4908,3205,ITI,ITI2,10,Umbria,Umbria,882015,482008,54.65,0.92
290,2021-05-18,UMB,7733,3345,4388,3890,3843,ITI,ITI2,10,Umbria,Umbria,882015,489741,55.53,0.88
291,2021-03-22,UMB,3560,1655,1905,2314,1246,ITI,ITI2,10,Umbria,Umbria,882015,493301,55.93,0.4
292,2021-04-05,UMB,4251,1729,2522,2196,2055,ITI,ITI2,10,Umbria,Umbria,882015,497552,56.41,0.48
293,2021-02-07,UMB,54,17,37,1,53,ITI,ITI2,10,Umbria,Umbria,882015,497606,56.42,0.01
294,2021-06-05,UMB,8215,3772,4443,5562,2653,ITI,ITI2,10,Umbria,Umbria,882015,505821,57.35,0.93
295,2021-01-05,UMB,854,429,425,854,0,ITI,ITI2,10,Umbria,Umbria,882015,506675,57.45,0.1
296,2021-06-20,UMB,6210,3002,3208,1580,4630,ITI,ITI2,10,Umbria,Umbria,882015,512885,58.15,0.7
297,2021-04-24,UMB,4567,1963,2604,3387,1180,ITI,ITI2,10,Umbria,Umbria,882015,517452,58.67,0.52
298,2021-01-12,UMB,838,248,590,838,0,ITI,ITI2,10,Umbria,Umbria,882015,518290,58.76,0.1
299,2021-03-14,UMB,66,48,18,66,0,ITI,ITI2,10,Umbria,Umbria,882015,518356,58.77,0.01
300,2021-06-22,UMB,7998,4057,3941,5236,2762,ITI,ITI2,10,Umbria,Umbria,882015,526354,59.68,0.91
301,2021-03-12,UMB,2698,1082,1616,2202,496,ITI,ITI2,10,Umbria,Umbria,882015,529052,59.98,0.31
302,2021-03-21,UMB,675,338,337,675,0,ITI,ITI2,10,Umbria,Umbria,882015,529727,60.06,0.08
303,2021-05-17,UMB,6371,3062,3309,4193,2178,ITI,ITI2,10,Umbria,Umbria,882015,536098,60.78,0.72
304,2021-01-14,UMB,752,201,551,752,0,ITI,ITI2,10,Umbria,Umbria,882015,536850,60.87,0.09
305,2021-03-19,UMB,1743,565,1178,1087,656,ITI,ITI2,10,Umbria,Umbria,882015,538593,61.06,0.2
306,2021-06-01,UMB,4380,2089,2291,4225,155,ITI,ITI2,10,Umbria,Umbria,882015,542973,61.56,0.5
307,2021-03-10,UMB,4034,1945,2089,2778,1256,ITI,ITI2,10,Umbria,Umbria,882015,547007,62.02,0.46
308,2021-01-16,UMB,221,73,148,221,0,ITI,ITI2,10,Umbria,Umbria,882015,547228,62.04,0.03
309,2021-02-02,UMB,944,274,670,32,912,ITI,ITI2,10,Umbria,Umbria,882015,548172,62.15,0.11
310,2021-01-02,UMB,304,111,193,304,0,ITI,ITI2,10,Umbria,Umbria,882015,548476,62.18,0.03
311,2021-03-07,UMB,845,180,665,838,7,ITI,ITI2,10,Umbria,Umbria,882015,549321,62.28,0.1
312,2021-05-29,UMB,7845,3606,4239,6283,1562,ITI,ITI2,10,Umbria,Umbria,882015,557166,63.17,0.89
313,2021-01-28,UMB,1248,394,854,19,1229,ITI,ITI2,10,Umbria,Umbria,882015,558414,63.31,0.14
314,2021-05-03,UMB,5092,2272,2820,2205,2887,ITI,ITI2,10,Umbria,Umbria,882015,563506,63.89,0.58
315,2021-01-23,UMB,280,100,180,2,278,ITI,ITI2,10,Umbria,Umbria,882015,563786,63.92,0.03
316,2021-01-21,UMB,610,202,408,341,269,ITI,ITI2,10,Umbria,Umbria,882015,564396,63.99,0.07
317,2021-05-20,UMB,9846,4593,5253,6198,3648,ITI,ITI2,10,Umbria,Umbria,882015,574242,65.11,1.12
318,2021-03-31,UMB,3903,1733,2170,2216,1687,ITI,ITI2,10,Umbria,Umbria,882015,578145,65.55,0.44
319,2021-02-16,UMB,1308,655,653,1299,9,ITI,ITI2,10,Umbria,Umbria,882015,579453,65.7,0.15
320,2021-02-11,UMB,842,349,493,837,5,ITI,ITI2,10,Umbria,Umbria,882015,580295,65.79,0.1
321,2021-05-22,UMB,6962,2753,4209,2642,4320,ITI,ITI2,10,Umbria,Umbria,882015,587257,66.58,0.79
322,2021-04-02,UMB,4352,1782,2570,3595,757,ITI,ITI2,10,Umbria,Umbria,882015,591609,67.07,0.49
323,2021-01-09,UMB,1745,499,1246,1745,0,ITI,ITI2,10,Umbria,Umbria,882015,593354,67.27,0.2
324,2021-04-19,UMB,5025,2221,2804,2976,2049,ITI,ITI2,10,Umbria,Umbria,882015,598379,67.84,0.57
325,2021-05-27,UMB,9974,4863,5111,8655,1319,ITI,ITI2,10,Umbria,Umbria,882015,608353,68.97,1.13
326,2021-01-04,UMB,810,398,412,810,0,ITI,ITI2,10,Umbria,Umbria,882015,609163,69.06,0.09
327,2021-04-14,UMB,8158,3677,4481,6179,1979,ITI,ITI2,10,Umbria,Umbria,882015,617321,69.99,0.92
328,2021-06-03,UMB,9047,4472,4575,8762,285,ITI,ITI2,10,Umbria,Umbria,882015,626368,71.02,1.03
329,2021-04-07,UMB,5574,2292,3282,3568,2006,ITI,ITI2,10,Umbria,Umbria,882015,631942,71.65,0.63
330,2021-02-23,UMB,1693,658,1035,1651,42,ITI,ITI2,10,Umbria,Umbria,882015,633635,71.84,0.19
331,2021-04-26,UMB,5378,2329,3049,3126,2252,ITI,ITI2,10,Umbria,Umbria,882015,639013,72.45,0.61
332,2021-04-09,UMB,6801,3164,3637,6582,219,ITI,ITI2,10,Umbria,Umbria,882015,645814,73.22,0.77
333,2021-04-28,UMB,5377,2328,3049,2989,2388,ITI,ITI2,10,Umbria,Umbria,882015,651191,73.83,0.61
334,2021-02-04,UMB,733,226,507,25,708,ITI,ITI2,10,Umbria,Umbria,882015,651924,73.91,0.08
335,2021-05-15,UMB,4992,1882,3110,1827,3165,ITI,ITI2,10,Umbria,Umbria,882015,656916,74.48,0.57
336,2021-03-17,UMB,3331,1313,2018,1859,1472,ITI,ITI2,10,Umbria,Umbria,882015,660247,74.86,0.38
337,2021-01-07,UMB,1301,387,914,1301,0,ITI,ITI2,10,Umbria,Umbria,882015,661548,75.0,0.15
338,2021-01-26,UMB,816,390,426,18,798,ITI,ITI2,10,Umbria,Umbria,882015,662364,75.1,0.09
339,2021-02-12,UMB,671,224,447,665,6,ITI,ITI2,10,Umbria,Umbria,882015,663035,75.17,0.08
340,2021-02-26,UMB,660,253,407,652,8,ITI,ITI2,10,Umbria,Umbria,882015,663695,75.25,0.07
341,2021-05-06,UMB,9476,4323,5153,6159,3317,ITI,ITI2,10,Umbria,Umbria,882015,673171,76.32,1.07
342,2021-06-10,UMB,7457,3716,3741,6690,767,ITI,ITI2,10,Umbria,Umbria,882015,680628,77.17,0.85
343,2021-04-21,UMB,5318,2313,3005,3092,2226,ITI,ITI2,10,Umbria,Umbria,882015,685946,77.77,0.6
344,2021-03-02,UMB,3642,1346,2296,3638,4,ITI,ITI2,10,Umbria,Umbria,882015,689588,78.18,0.41
345,2021-06-24,UMB,7307,3660,3647,4227,3080,ITI,ITI2,10,Umbria,Umbria,882015,696895,79.01,0.83
346,2021-05-12,EMR,38857,18272,20585,29219,9638,ITH,ITH5,8,Emilia-Romagna,Emilia-Romagna,4459477,38857,0.87,0.87
347,2021-02-01,EMR,10321,3611,6710,362,9959,ITH,ITH5,8,Emilia-Romagna,Emilia-Romagna,4459477,49178,1.1,0.23
348,2021-01-18,EMR,3128,879,2249,2449,679,ITH,ITH5,8,Emilia-Romagna,Emilia-Romagna,4459477,52306,1.17,0.07
349,2021-03-16,EMR,12245,5026,7219,4937,7308,ITH,ITH5,8,Emilia-Romagna,Emilia-Romagna,4459477,64551,1.45,0.27
350,2021-01-25,EMR,6462,2146,4316,207,6255,ITH,ITH5,8,Emilia-Romagna,Emilia-Romagna,4459477,71013,1.59,0.14
351,2021-03-23,EMR,18795,8144,10651,12108,6687,ITH,ITH5,8,Emilia-Romagna,Emilia-Romagna,4459477,89808,2.01,0.42
352,2021-03-09,EMR,14753,6019,8734,10798,3955,ITH,ITH5,8,Emilia-Romagna,Emilia-Romagna,4459477,104561,2.34,0.33
353,2021-05-05,EMR,30089,13984,16105,18839,11250,ITH,ITH5,8,Emilia-Romagna,Emilia-Romagna,4459477,134650,3.02,0.67
354,2021-01-30,EMR,10079,3520,6559,141,9938,ITH,ITH5,8,Emilia-Romagna,Emilia-Romagna,4459477,144729,3.25,0.23
355,2021-04-23,EMR,29560,13811,15749,14679,14881,ITH,ITH5,8,Emilia-Romagna,Emilia-Romagna,4459477,174289,3.91,0.66
356,2021-01-13,EMR,9077,2942,6135,9077,0,ITH,ITH5,8,Emilia-Romagna,Emilia-Romagna,4459477,183366,4.11,0.2
357,2021-04-04,EMR,9879,4717,5162,7612,2267,ITH,ITH5,8,Emilia-Romagna,Emilia-Romagna,4459477,193245,4.33,0.22
358,2021-05-26,EMR,33209,14724,18485,10297,22912,ITH,ITH5,8,Emilia-Romagna,Emilia-Romagna,4459477,226454,5.08,0.74
359,2021-06-12,EMR,40310,21315,18995,35420,4890,ITH,ITH5,8,Emilia-Romagna,Emilia-Romagna,4459477,266764,5.98,0.9
360,2021-03-04,EMR,16450,5350,11100,13433,3017,ITH,ITH5,8,Emilia-Romagna,Emilia-Romagna,4459477,283214,6.35,0.37
361,2021-05-24,EMR,29925,13707,16218,18453,11472,ITH,ITH5,8,Emilia-Romagna,Emilia-Romagna,4459477,313139,7.02,0.67
362,2021-02-13,EMR,3628,1085,2543,3030,598,ITH,ITH5,8,Emilia-Romagna,Emilia-Romagna,4459477,316767,7.1,0.08
363,2021-02-18,EMR,7039,2892,4147,6456,583,ITH,ITH5,8,Emilia-Romagna,Emilia-Romagna,4459477,323806,7.26,0.16
364,2021-06-07,EMR,40368,20720,19648,34130,6238,ITH,ITH5,8,Emilia-Romagna,Emilia-Romagna,4459477,364174,8.17,0.91
365,2021-05-31,EMR,29720,13743,15977,18259,11461,ITH,ITH5,8,Emilia-Romagna,Emilia-Romagna,4459477,393894,8.83,0.67
366,2021-06-21,EMR,37015,18712,18303,16198,20817,ITH,ITH5,8,Emilia-Romagna,Emilia-Romagna,4459477,430909,9.66,0.83
367,2021-03-30,EMR,23343,10338,13005,18302,5041,ITH,ITH5,8,Emilia-Romagna,Emilia-Romagna,4459477,454252,10.19,0.52
368,2021-01-04,EMR,7315,2527,4788,7315,0,ITH,ITH5,8,Emilia-Romagna,Emilia-Romagna,4459477,461567,10.35,0.16
369,2021-05-19,EMR,33701,14956,18745,18536,15165,ITH,ITH5,8,Emilia-Romagna,Emilia-Romagna,4459477,495268,11.11,0.76
370,2021-06-02,EMR,24077,12054,12023,19112,4965,ITH,ITH5,8,Emilia-Romagna,Emilia-Romagna,4459477,519345,11.65,0.54
371,2021-04-16,EMR,29221,13762,15459,20385,8836,ITH,ITH5,8,Emilia-Romagna,Emilia-Romagna,4459477,548566,12.3,0.66
372,2021-01-06,EMR,8287,2955,5332,8287,0,ITH,ITH5,8,Emilia-Romagna,Emilia-Romagna,4459477,556853,12.49,0.19
373,2021-04-30,EMR,36592,16782,19810,21799,14793,ITH,ITH5,8,Emilia-Romagna,Emilia-Romagna,4459477,593445,13.31,0.82
374,2021-03-28,EMR,13499,6025,7474,9629,3870,ITH,ITH5,8,Emilia-Romagna,Emilia-Romagna,4459477,606944,13.61,0.3
375,2021-02-25,EMR,9250,3499,5751,8296,954,ITH,ITH5,8,Emilia-Romagna,Emilia-Romagna,4459477,616194,13.82,0.21
376,2021-06-19,EMR,35940,17996,17944,16621,19319,ITH,ITH5,8,Emilia-Romagna,Emilia-Romagna,4459477,652134,14.62,0.81
377,2021-03-11,EMR,17453,7306,10147,11602,5851,ITH,ITH5,8,Emilia-Romagna,Emilia-Romagna,4459477,669587,15.01,0.39
378,2021-02-06,EMR,7581,2401,5180,2110,5471,ITH,ITH5,8,Emilia-Romagna,Emilia-Romagna,4459477,677168,15.18,0.17
379,2021-01-23,EMR,2448,871,1577,443,2005,ITH,ITH5,8,Emilia-Romagna,Emilia-Romagna,4459477,679616,15.24,0.05
380,2021-05-07,EMR,35259,16958,18301,23408,11851,ITH,ITH5,8,Emilia-Romagna,Emilia-Romagna,4459477,714875,16.03,0.79
381,2021-04-11,EMR,15276,6933,8343,12228,3048,ITH,ITH5,8,Emilia-Romagna,Emilia-Romagna,4459477,730151,16.37,0.34
382,2021-02-11,EMR,4254,1415,2839,3413,841,ITH,ITH5,8,Emilia-Romagna,Emilia-Romagna,4459477,734405,16.47,0.1
383,2021-05-23,EMR,25475,11859,13616,13884,11591,ITH,ITH5,8,Emilia-Romagna,Emilia-Romagna,4459477,759880,17.04,0.57
384,2021-05-09,EMR,25609,12252,13357,18642,6967,ITH,ITH5,8,Emilia-Romagna,Emilia-Romagna,4459477,785489,17.61,0.57
385,2021-01-29,EMR,10414,3496,6918,290,10124,ITH,ITH5,8,Emilia-Romagna,Emilia-Romagna,4459477,795903,17.85,0.23
386,2021-02-15,EMR,2904,851,2053,2779,125,ITH,ITH5,8,Emilia-Romagna,Emilia-Romagna,4459477,798807,17.91,0.07
387,2021-01-27,EMR,8361,2947,5414,462,7899,ITH,ITH5,8,Emilia-Romagna,Emilia-Romagna,4459477,807168,18.1,0.19
388,2021-01-11,EMR,9349,3274,6075,9349,0,ITH,ITH5,8,Emilia-Romagna,Emilia-Romagna,4459477,816517,18.31,0.21
389,2021-06-11,EMR,44829,23281,21548,38344,6485,ITH,ITH5,8,Emilia-Romagna,Emilia-Romagna,4459477,861346,19.31,1.01
390,2021-03-20,EMR,16085,6829,9256,9121,6964,ITH,ITH5,8,Emilia-Romagna,Emilia-Romagna,4459477,877431,19.68,0.36
391,2021-04-06,EMR,24746,11173,13573,20005,4741,ITH,ITH5,8,Emilia-Romagna,Emilia-Romagna,4459477,902177,20.23,0.55
392,2020-12-27,EMR,972,373,599,972,0,ITH,ITH5,8,Emilia-Romagna,Emilia-Romagna,4459477,903149,20.25,0.02
393,2021-02-20,EMR,5318,2094,3224,5055,263,ITH,ITH5,8,Emilia-Romagna,Emilia-Romagna,4459477,908467,20.37,0.12
394,2021-01-15,EMR,7750,2404,5346,7750,0,ITH,ITH5,8,Emilia-Romagna,Emilia-Romagna,4459477,916217,20.55,0.17
395,2021-06-09,EMR,42278,21508,20770,35981,6297,ITH,ITH5,8,Emilia-Romagna,Emilia-Romagna,4459477,958495,21.49,0.95
396,2021-03-01,EMR,10095,3582,6513,7837,2258,ITH,ITH5,8,Emilia-Romagna,Emilia-Romagna,4459477,968590,21.72,0.23
397,2021-05-04,EMR,29267,13704,15563,15607,13660,ITH,ITH5,8,Emilia-Romagna,Emilia-Romagna,4459477,997857,22.38,0.66
398,2021-02-27,EMR,10961,3998,6963,9223,1738,ITH,ITH5,8,Emilia-Romagna,Emilia-Romagna,4459477,1008818,22.62,0.25
399,2021-04-25,EMR,22349,10239,12110,14840,7509,ITH,ITH5,8,Emilia-Romagna,Emilia-Romagna,4459477,1031167,23.12,0.5
400,2021-03-13,EMR,16135,6361,9774,10822,5313,ITH,ITH5,8,Emilia-Romagna,Emilia-Romagna,4459477,1047302,23.48,0.36
401,2021-03-27,EMR,21659,9059,12600,14751,6908,ITH,ITH5,8,Emilia-Romagna,Emilia-Romagna,4459477,1068961,23.97,0.49
402,2021-04-13,EMR,23717,11127,12590,19376,4341,ITH,ITH5,8,Emilia-Romagna,Emilia-Romagna,4459477,1092678,24.5,0.53
403,2021-01-03,EMR,2763,943,1820,2763,0,ITH,ITH5,8,Emilia-Romagna,Emilia-Romagna,4459477,1095441,24.56,0.06
404,2021-05-02,EMR,25578,11651,13927,13587,11991,ITH,ITH5,8,Emilia-Romagna,Emilia-Romagna,4459477,1121019,25.14,0.57
405,2021-01-22,EMR,1829,477,1352,1088,741,ITH,ITH5,8,Emilia-Romagna,Emilia-Romagna,4459477,1122848,25.18,0.04
406,2021-02-08,EMR,5231,1534,3697,2318,2913,ITH,ITH5,8,Emilia-Romagna,Emilia-Romagna,4459477,1128079,25.3,0.12
407,2021-06-04,EMR,45486,22907,22579,37373,8113,ITH,ITH5,8,Emilia-Romagna,Emilia-Romagna,4459477,1173565,26.32,1.02
408,2021-03-25,EMR,21468,9412,12056,14479,6989,ITH,ITH5,8,Emilia-Romagna,Emilia-Romagna,4459477,1195033,26.8,0.48
409,2021-05-21,EMR,39235,17520,21715,22220,17015,ITH,ITH5,8,Emilia-Romagna,Emilia-Romagna,4459477,1234268,27.68,0.88
410,2021-02-10,EMR,4022,1385,2637,2766,1256,ITH,ITH5,8,Emilia-Romagna,Emilia-Romagna,4459477,1238290,27.77,0.09
411,2021-04-08,EMR,31209,14331,16878,25906,5303,ITH,ITH5,8,Emilia-Romagna,Emilia-Romagna,4459477,1269499,28.47,0.7
412,2021-04-18,EMR,17500,8395,9105,12582,4918,ITH,ITH5,8,Emilia-Romagna,Emilia-Romagna,4459477,1286999,28.86,0.39
413,2021-06-14,EMR,40536,20936,19600,27506,13030,ITH,ITH5,8,Emilia-Romagna,Emilia-Romagna,4459477,1327535,29.77,0.91
414,2021-01-10,EMR,7171,2684,4487,7171,0,ITH,ITH5,8,Emilia-Romagna,Emilia-Romagna,4459477,1334706,29.93,0.16
415,2021-06-16,EMR,45095,23035,22060,25261,19834,ITH,ITH5,8,Emilia-Romagna,Emilia-Romagna,4459477,1379801,30.94,1.01
416,2021-03-08,EMR,12200,5093,7107,9541,2659,ITH,ITH5,8,Emilia-Romagna,Emilia-Romagna,4459477,1392001,31.21,0.27
417,2021-02-12,EMR,5313,1673,3640,3910,1403,ITH,ITH5,8,Emilia-Romagna,Emilia-Romagna,4459477,1397314,31.33,0.12
418,2021-04-10,EMR,20921,9300,11621,16776,4145,ITH,ITH5,8,Emilia-Romagna,Emilia-Romagna,4459477,1418235,31.8,0.47
419,2021-04-17,EMR,27298,13072,14226,17953,9345,ITH,ITH5,8,Emilia-Romagna,Emilia-Romagna,4459477,1445533,32.41,0.61
420,2021-01-07,EMR,10274,3406,6868,10274,0,ITH,ITH5,8,Emilia-Romagna,Emilia-Romagna,4459477,1455807,32.65,0.23
421,2021-04-03,EMR,19937,8765,11172,16197,3740,ITH,ITH5,8,Emilia-Romagna,Emilia-Romagna,4459477,1475744,33.09,0.45
422,2021-05-30,EMR,27070,12789,14281,13377,13693,ITH,ITH5,8,Emilia-Romagna,Emilia-Romagna,4459477,1502814,33.7,0.61
423,2021-02-19,EMR,7327,3010,4317,6813,514,ITH,ITH5,8,Emilia-Romagna,Emilia-Romagna,4459477,1510141,33.86,0.16
424,2020-12-31,EMR,2215,780,1435,2215,0,ITH,ITH5,8,Emilia-Romagna,Emilia-Romagna,4459477,1512356,33.91,0.05
425,2021-06-06,EMR,36405,18911,17494,31999,4406,ITH,ITH5,8,Emilia-Romagna,Emilia-Romagna,4459477,1548761,34.73,0.82
426,2021-05-28,EMR,41159,18925,22234,17844,23315,ITH,ITH5,8,Emilia-Romagna,Emilia-Romagna,4459477,1589920,35.65,0.92
427,2021-04-22,EMR,29048,13449,15599,14970,14078,ITH,ITH5,8,Emilia-Romagna,Emilia-Romagna,4459477,1618968,36.3,0.65
428,2021-01-12,EMR,9476,3124,6352,9476,0,ITH,ITH5,8,Emilia-Romagna,Emilia-Romagna,4459477,1628444,36.52,0.21
429,2021-04-05,EMR,14846,6800,8046,11954,2892,ITH,ITH5,8,Emilia-Romagna,Emilia-Romagna,4459477,1643290,36.85,0.33
430,2021-04-27,EMR,32101,14863,17238,19640,12461,ITH,ITH5,8,Emilia-Romagna,Emilia-Romagna,4459477,1675391,37.57,0.72
431,2021-05-06,EMR,35926,16601,19325,22870,13056,ITH,ITH5,8,Emilia-Romagna,Emilia-Romagna,4459477,1711317,38.37,0.81
432,2021-01-26,EMR,8334,3000,5334,214,8120,ITH,ITH5,8,Emilia-Romagna,Emilia-Romagna,4459477,1719651,38.56,0.19
433,2021-03-24,EMR,21194,9391,11803,13812,7382,ITH,ITH5,8,Emilia-Romagna,Emilia-Romagna,4459477,1740845,39.04,0.48
434,2021-01-24,EMR,2443,885,1558,298,2145,ITH,ITH5,8,Emilia-Romagna,Emilia-Romagna,4459477,1743288,39.09,0.05
435,2021-06-13,EMR,27249,14235,13014,22994,4255,ITH,ITH5,8,Emilia-Romagna,Emilia-Romagna,4459477,1770537,39.7,0.61
436,2021-03-05,EMR,17848,5839,12009,14394,3454,ITH,ITH5,8,Emilia-Romagna,Emilia-Romagna,4459477,1788385,40.1,0.4
437,2021-03-22,EMR,17647,7812,9835,10783,6864,ITH,ITH5,8,Emilia-Romagna,Emilia-Romagna,4459477,1806032,40.5,0.4
438,2021-05-16,EMR,25844,12167,13677,18734,7110,ITH,ITH5,8,Emilia-Romagna,Emilia-Romagna,4459477,1831876,41.08,0.58
439,2021-02-22,EMR,7482,3091,4391,7210,272,ITH,ITH5,8,Emilia-Romagna,Emilia-Romagna,4459477,1839358,41.25,0.17
440,2021-05-01,EMR,28402,12774,15628,15626,12776,ITH,ITH5,8,Emilia-Romagna,Emilia-Romagna,4459477,1867760,41.88,0.64
441,2021-03-18,EMR,13675,5806,7869,5675,8000,ITH,ITH5,8,Emilia-Romagna,Emilia-Romagna,4459477,1881435,42.19,0.31
442,2021-05-14,EMR,37235,17163,20072,27638,9597,ITH,ITH5,8,Emilia-Romagna,Emilia-Romagna,4459477,1918670,43.02,0.83
443,2021-02-03,EMR,9338,2989,6349,965,8373,ITH,ITH5,8,Emilia-Romagna,Emilia-Romagna,4459477,1928008,43.23,0.21
444,2021-04-01,EMR,23947,10770,13177,19401,4546,ITH,ITH5,8,Emilia-Romagna,Emilia-Romagna,4459477,1951955,43.77,0.54
445,2021-02-17,EMR,6538,2764,3774,5766,772,ITH,ITH5,8,Emilia-Romagna,Emilia-Romagna,4459477,1958493,43.92,0.15
446,2021-06-01,EMR,27122,13083,14039,17234,9888,ITH,ITH5,8,Emilia-Romagna,Emilia-Romagna,4459477,1985615,44.53,0.61
447,2021-04-24,EMR,28629,13240,15389,14401,14228,ITH,ITH5,8,Emilia-Romagna,Emilia-Romagna,4459477,2014244,45.17,0.64
448,2021-05-11,EMR,35776,16791,18985,28522,7254,ITH,ITH5,8,Emilia-Romagna,Emilia-Romagna,4459477,2050020,45.97,0.8
449,2021-01-31,EMR,7698,2763,4935,241,7457,ITH,ITH5,8,Emilia-Romagna,Emilia-Romagna,4459477,2057718,46.14,0.17
450,2021-03-21,EMR,11956,5296,6660,7351,4605,ITH,ITH5,8,Emilia-Romagna,Emilia-Romagna,4459477,2069674,46.41,0.27
451,2021-06-10,EMR,43948,22580,21368,38610,5338,ITH,ITH5,8,Emilia-Romagna,Emilia-Romagna,4459477,2113622,47.4,0.99
452,2021-04-20,EMR,22619,10403,12216,14266,8353,ITH,ITH5,8,Emilia-Romagna,Emilia-Romagna,4459477,2136241,47.9,0.51
453,2021-06-23,EMR,36926,18502,18424,18279,18647,ITH,ITH5,8,Emilia-Romagna,Emilia-Romagna,4459477,2173167,48.73,0.83
454,2021-01-08,EMR,10866,3580,7286,10866,0,ITH,ITH5,8,Emilia-Romagna,Emilia-Romagna,4459477,2184033,48.98,0.24
455,2021-03-06,EMR,20892,5934,14958,18161,2731,ITH,ITH5,8,Emilia-Romagna,Emilia-Romagna,4459477,2204925,49.44,0.47
456,2021-05-20,EMR,40212,18299,21913,18860,21352,ITH,ITH5,8,Emilia-Romagna,Emilia-Romagna,4459477,2245137,50.35,0.9
457,2021-03-17,EMR,13719,5692,8027,5873,7846,ITH,ITH5,8,Emilia-Romagna,Emilia-Romagna,4459477,2258856,50.65,0.31
458,2021-05-13,EMR,35767,16492,19275,27988,7779,ITH,ITH5,8,Emilia-Romagna,Emilia-Romagna,4459477,2294623,51.45,0.8
459,2021-03-15,EMR,13442,6242,7200,6943,6499,ITH,ITH5,8,Emilia-Romagna,Emilia-Romagna,4459477,2308065,51.76,0.3
460,2021-02-09,EMR,4154,1249,2905,2307,1847,ITH,ITH5,8,Emilia-Romagna,Emilia-Romagna,4459477,2312219,51.85,0.09
461,2021-02-26,EMR,9634,3673,5961,8586,1048,ITH,ITH5,8,Emilia-Romagna,Emilia-Romagna,4459477,2321853,52.07,0.22
462,2021-04-28,EMR,33713,15586,18127,20825,12888,ITH,ITH5,8,Emilia-Romagna,Emilia-Romagna,4459477,2355566,52.82,0.76
463,2021-06-24,EMR,24170,12044,12126,11955,12215,ITH,ITH5,8,Emilia-Romagna,Emilia-Romagna,4459477,2379736,53.36,0.54
464,2021-01-17,EMR,2890,887,2003,2644,246,ITH,ITH5,8,Emilia-Romagna,Emilia-Romagna,4459477,2382626,53.43,0.06
465,2021-04-02,EMR,23394,10552,12842,18913,4481,ITH,ITH5,8,Emilia-Romagna,Emilia-Romagna,4459477,2406020,53.95,0.52
466,2021-05-29,EMR,37777,16480,21297,17150,20627,ITH,ITH5,8,Emilia-Romagna,Emilia-Romagna,4459477,2443797,54.8,0.85
467,2021-03-31,EMR,25264,11042,14222,19808,5456,ITH,ITH5,8,Emilia-Romagna,Emilia-Romagna,4459477,2469061,55.37,0.57
468,2021-03-26,EMR,23702,10109,13593,17265,6437,ITH,ITH5,8,Emilia-Romagna,Emilia-Romagna,4459477,2492763,55.9,0.53
469,2021-03-03,EMR,15854,5253,10601,13369,2485,ITH,ITH5,8,Emilia-Romagna,Emilia-Romagna,4459477,2508617,56.25,0.36
470,2021-05-25,EMR,25041,11182,13859,11711,13330,ITH,ITH5,8,Emilia-Romagna,Emilia-Romagna,4459477,2533658,56.82,0.56
471,2021-02-14,EMR,1403,378,1025,1283,120,ITH,ITH5,8,Emilia-Romagna,Emilia-Romagna,4459477,2535061,56.85,0.03
472,2021-05-27,EMR,42135,18690,23445,14009,28126,ITH,ITH5,8,Emilia-Romagna,Emilia-Romagna,4459477,2577196,57.79,0.94
473,2021-02-16,EMR,5772,2446,3326,5241,531,ITH,ITH5,8,Emilia-Romagna,Emilia-Romagna,4459477,2582968,57.92,0.13
474,2021-03-02,EMR,12658,4272,8386,10581,2077,ITH,ITH5,8,Emilia-Romagna,Emilia-Romagna,4459477,2595626,58.2,0.28
475,2021-03-19,EMR,15924,6972,8952,7955,7969,ITH,ITH5,8,Emilia-Romagna,Emilia-Romagna,4459477,2611550,58.56,0.36
476,2021-04-07,EMR,26115,11889,14226,20104,6011,ITH,ITH5,8,Emilia-Romagna,Emilia-Romagna,4459477,2637665,59.15,0.59
477,2021-01-14,EMR,8129,2593,5536,8129,0,ITH,ITH5,8,Emilia-Romagna,Emilia-Romagna,4459477,2645794,59.33,0.18
478,2021-05-15,EMR,33233,14979,18254,22835,10398,ITH,ITH5,8,Emilia-Romagna,Emilia-Romagna,4459477,2679027,60.07,0.75
479,2021-02-04,EMR,9920,3201,6719,1230,8690,ITH,ITH5,8,Emilia-Romagna,Emilia-Romagna,4459477,2688947,60.3,0.22
480,2021-05-22,EMR,32967,14113,18854,16904,16063,ITH,ITH5,8,Emilia-Romagna,Emilia-Romagna,4459477,2721914,61.04,0.74
481,2021-04-09,EMR,25723,11666,14057,20026,5697,ITH,ITH5,8,Emilia-Romagna,Emilia-Romagna,4459477,2747637,61.61,0.58
482,2021-02-02,EMR,9474,3048,6426,515,8959,ITH,ITH5,8,Emilia-Romagna,Emilia-Romagna,4459477,2757111,61.83,0.21
483,2021-04-12,EMR,19242,9005,10237,14796,4446,ITH,ITH5,8,Emilia-Romagna,Emilia-Romagna,4459477,2776353,62.26,0.43
484,2021-06-08,EMR,44672,22870,21802,37241,7431,ITH,ITH5,8,Emilia-Romagna,Emilia-Romagna,4459477,2821025,63.26,1.0
485,2021-04-19,EMR,20900,9797,11103,14627,6273,ITH,ITH5,8,Emilia-Romagna,Emilia-Romagna,4459477,2841925,63.73,0.47
486,2021-01-09,EMR,9986,3451,6535,9986,0,ITH,ITH5,8,Emilia-Romagna,Emilia-Romagna,4459477,2851911,63.95,0.22
487,2021-06-15,EMR,42912,22092,20820,28001,14911,ITH,ITH5,8,Emilia-Romagna,Emilia-Romagna,4459477,2894823,64.91,0.96
488,2021-03-07,EMR,7840,2958,4882,6320,1520,ITH,ITH5,8,Emilia-Romagna,Emilia-Romagna,4459477,2902663,65.09,0.18
489,2021-02-05,EMR,9290,2956,6334,1607,7683,ITH,ITH5,8,Emilia-Romagna,Emilia-Romagna,4459477,2911953,65.3,0.21
490,2021-06-20,EMR,29940,15188,14752,15330,14610,ITH,ITH5,8,Emilia-Romagna,Emilia-Romagna,4459477,2941893,65.97,0.67
491,2021-04-14,EMR,27033,12837,14196,20930,6103,ITH,ITH5,8,Emilia-Romagna,Emilia-Romagna,4459477,2968926,66.58,0.61
492,2021-01-21,EMR,2165,729,1436,819,1346,ITH,ITH5,8,Emilia-Romagna,Emilia-Romagna,4459477,2971091,66.62,0.05
493,2021-06-03,EMR,37846,18415,19431,30343,7503,ITH,ITH5,8,Emilia-Romagna,Emilia-Romagna,4459477,3008937,67.47,0.85
494,2021-02-23,EMR,8215,3218,4997,7829,386,ITH,ITH5,8,Emilia-Romagna,Emilia-Romagna,4459477,3017152,67.66,0.18
495,2021-03-12,EMR,18306,7701,10605,11589,6717,ITH,ITH5,8,Emilia-Romagna,Emilia-Romagna,4459477,3035458,68.07,0.41
496,2021-05-03,EMR,28697,13556,15141,17819,10878,ITH,ITH5,8,Emilia-Romagna,Emilia-Romagna,4459477,3064155,68.71,0.64
497,2021-02-28,EMR,6818,2526,4292,4973,1845,ITH,ITH5,8,Emilia-Romagna,Emilia-Romagna,4459477,3070973,68.86,0.15
498,2021-04-26,EMR,27900,12936,14964,18579,9321,ITH,ITH5,8,Emilia-Romagna,Emilia-Romagna,4459477,3098873,69.49,0.63
499,2021-01-16,EMR,5628,1718,3910,5628,0,ITH,ITH5,8,Emilia-Romagna,Emilia-Romagna,4459477,3104501,69.62,0.13
500,2021-03-14,EMR,8801,3839,4962,5004,3797,ITH,ITH5,8,Emilia-Romagna,Emilia-Romagna,4459477,3113302,69.81,0.2
501,2021-05-10,EMR,33839,16125,17714,26594,7245,ITH,ITH5,8,Emilia-Romagna,Emilia-Romagna,4459477,3147141,70.57,0.76
502,2021-04-21,EMR,23953,10962,12991,14207,9746,ITH,ITH5,8,Emilia-Romagna,Emilia-Romagna,4459477,3171094,71.11,0.54
503,2021-05-08,EMR,32334,15090,17244,20913,11421,ITH,ITH5,8,Emilia-Romagna,Emilia-Romagna,4459477,3203428,71.83,0.73
504,2021-01-28,EMR,10255,3339,6916,349,9906,ITH,ITH5,8,Emilia-Romagna,Emilia-Romagna,4459477,3213683,72.06,0.23
505,2021-06-17,EMR,45603,23050,22553,21560,24043,ITH,ITH5,8,Emilia-Romagna,Emilia-Romagna,4459477,3259286,73.09,1.02
506,2021-01-20,EMR,1325,270,1055,1324,1,ITH,ITH5,8,Emilia-Romagna,Emilia-Romagna,4459477,3260611,73.12,0.03
507,2021-04-15,EMR,29334,13977,15357,19658,9676,ITH,ITH5,8,Emilia-Romagna,Emilia-Romagna,4459477,3289945,73.77,0.66
508,2021-06-18,EMR,41692,20850,20842,16082,25610,ITH,ITH5,8,Emilia-Romagna,Emilia-Romagna,4459477,3331637,74.71,0.93
509,2021-03-10,EMR,18797,7742,11055,13153,5644,ITH,ITH5,8,Emilia-Romagna,Emilia-Romagna,4459477,3350434,75.13,0.42
510,2021-05-18,EMR,29085,13244,15841,18572,10513,ITH,ITH5,8,Emilia-Romagna,Emilia-Romagna,4459477,3379519,75.78,0.65
511,2021-02-07,EMR,4785,1536,3249,1724,3061,ITH,ITH5,8,Emilia-Romagna,Emilia-Romagna,4459477,3384304,75.89,0.11
512,2021-02-24,EMR,9351,3566,5785,8467,884,ITH,ITH5,8,Emilia-Romagna,Emilia-Romagna,4459477,3393655,76.1,0.21
513,2021-01-05,EMR,9361,3170,6191,9361,0,ITH,ITH5,8,Emilia-Romagna,Emilia-Romagna,4459477,3403016,76.31,0.21
514,2021-04-29,EMR,44951,21134,23817,27402,17549,ITH,ITH5,8,Emilia-Romagna,Emilia-Romagna,4459477,3447967,77.32,1.01
515,2021-01-19,EMR,2046,505,1541,2029,17,ITH,ITH5,8,Emilia-Romagna,Emilia-Romagna,4459477,3450013,77.36,0.05
516,2021-03-29,EMR,21423,9613,11810,16773,4650,ITH,ITH5,8,Emilia-Romagna,Emilia-Romagna,4459477,3471436,77.84,0.48
517,2021-02-21,EMR,4450,1708,2742,4010,440,ITH,ITH5,8,Emilia-Romagna,Emilia-Romagna,4459477,3475886,77.94,0.1
518,2021-01-02,EMR,2375,916,1459,2375,0,ITH,ITH5,8,Emilia-Romagna,Emilia-Romagna,4459477,3478261,78.0,0.05
519,2021-06-05,EMR,44006,22249,21757,37150,6856,ITH,ITH5,8,Emilia-Romagna,Emilia-Romagna,4459477,3522267,78.98,0.99
520,2021-06-22,EMR,35294,17577,17717,16000,19294,ITH,ITH5,8,Emilia-Romagna,Emilia-Romagna,4459477,3557561,79.78,0.79
521,2021-05-17,EMR,32385,15387,16998,22900,9485,ITH,ITH5,8,Emilia-Romagna,Emilia-Romagna,4459477,3589946,80.5,0.73
522,2021-06-15,MAR,12907,6415,6492,9854,3053,ITI,ITI3,11,Marche,Marche,1525271,12907,0.85,0.85
523,2021-01-12,MAR,1228,414,814,1228,0,ITI,ITI3,11,Marche,Marche,1525271,14135,0.93,0.08
524,2021-06-22,MAR,13003,6379,6624,6556,6447,ITI,ITI3,11,Marche,Marche,1525271,27138,1.78,0.85
525,2021-04-26,MAR,9005,3993,5012,5983,3022,ITI,ITI3,11,Marche,Marche,1525271,36143,2.37,0.59
526,2021-01-26,MAR,2018,746,1272,91,1927,ITI,ITI3,11,Marche,Marche,1525271,38161,2.5,0.13
527,2021-04-19,MAR,9601,4497,5104,8020,1581,ITI,ITI3,11,Marche,Marche,1525271,47762,3.13,0.63
528,2021-02-14,MAR,738,301,437,738,0,ITI,ITI3,11,Marche,Marche,1525271,48500,3.18,0.05
529,2021-04-05,MAR,5691,2357,3334,4422,1269,ITI,ITI3,11,Marche,Marche,1525271,54191,3.55,0.37
530,2021-03-19,MAR,3835,1597,2238,339,3496,ITI,ITI3,11,Marche,Marche,1525271,58026,3.8,0.25
531,2021-03-17,MAR,3428,1494,1934,107,3321,ITI,ITI3,11,Marche,Marche,1525271,61454,4.03,0.22
532,2021-02-28,MAR,2836,1251,1585,2830,6,ITI,ITI3,11,Marche,Marche,1525271,64290,4.21,0.19
533,2021-06-08,MAR,13914,7013,6901,11303,2611,ITI,ITI3,11,Marche,Marche,1525271,78204,5.13,0.91
534,2021-05-27,MAR,13730,6816,6914,9429,4301,ITI,ITI3,11,Marche,Marche,1525271,91934,6.03,0.9
535,2021-03-31,MAR,7373,3085,4288,4349,3024,ITI,ITI3,11,Marche,Marche,1525271,99307,6.51,0.48
536,2021-03-29,MAR,5862,2567,3295,3436,2426,ITI,ITI3,11,Marche,Marche,1525271,105169,6.9,0.38
537,2021-03-24,MAR,7033,2983,4050,3365,3668,ITI,ITI3,11,Marche,Marche,1525271,112202,7.36,0.46
538,2021-06-01,MAR,12067,6160,5907,9972,2095,ITI,ITI3,11,Marche,Marche,1525271,124269,8.15,0.79
539,2021-03-10,MAR,5666,2400,3266,4529,1137,ITI,ITI3,11,Marche,Marche,1525271,129935,8.52,0.37
540,2021-02-21,MAR,376,141,235,375,1,ITI,ITI3,11,Marche,Marche,1525271,130311,8.54,0.02
541,2021-01-19,MAR,229,84,145,142,87,ITI,ITI3,11,Marche,Marche,1525271,130540,8.56,0.02
542,2021-02-02,MAR,1194,398,796,72,1122,ITI,ITI3,11,Marche,Marche,1525271,131734,8.64,0.08
543,2021-05-13,MAR,12603,5695,6908,7103,5500,ITI,ITI3,11,Marche,Marche,1525271,144337,9.46,0.83
544,2021-04-12,MAR,8566,3771,4795,8082,484,ITI,ITI3,11,Marche,Marche,1525271,152903,10.02,0.56
545,2021-05-15,MAR,13966,6376,7590,8077,5889,ITI,ITI3,11,Marche,Marche,1525271,166869,10.94,0.92
546,2021-02-19,MAR,1965,713,1252,1830,135,ITI,ITI3,11,Marche,Marche,1525271,168834,11.07,0.13
547,2020-12-31,MAR,390,183,207,390,0,ITI,ITI3,11,Marche,Marche,1525271,169224,11.09,0.03
548,2021-01-21,MAR,917,261,656,591,326,ITI,ITI3,11,Marche,Marche,1525271,170141,11.15,0.06
549,2021-05-01,MAR,9318,3924,5394,3576,5742,ITI,ITI3,11,Marche,Marche,1525271,179459,11.77,0.61
550,2021-03-05,MAR,6171,2856,3315,4703,1468,ITI,ITI3,11,Marche,Marche,1525271,185630,12.17,0.4
551,2021-01-07,MAR,1808,636,1172,1808,0,ITI,ITI3,11,Marche,Marche,1525271,187438,12.29,0.12
552,2021-05-20,MAR,12368,5814,6554,7671,4697,ITI,ITI3,11,Marche,Marche,1525271,199806,13.1,0.81
553,2021-02-07,MAR,1870,734,1136,344,1526,ITI,ITI3,11,Marche,Marche,1525271,201676,13.22,0.12
554,2021-01-31,MAR,1918,769,1149,103,1815,ITI,ITI3,11,Marche,Marche,1525271,203594,13.35,0.13
555,2021-04-07,MAR,7812,3436,4376,7477,335,ITI,ITI3,11,Marche,Marche,1525271,211406,13.86,0.51
556,2021-02-09,MAR,124,42,82,46,78,ITI,ITI3,11,Marche,Marche,1525271,211530,13.87,0.01
557,2021-01-23,MAR,557,190,367,123,434,ITI,ITI3,11,Marche,Marche,1525271,212087,13.9,0.04
558,2021-05-03,MAR,10213,4612,5601,4806,5407,ITI,ITI3,11,Marche,Marche,1525271,222300,14.57,0.67
559,2021-03-28,MAR,4125,1739,2386,2434,1691,ITI,ITI3,11,Marche,Marche,1525271,226425,14.84,0.27
560,2021-01-30,MAR,1905,668,1237,28,1877,ITI,ITI3,11,Marche,Marche,1525271,228330,14.97,0.12
561,2021-05-10,MAR,9448,4336,5112,4897,4551,ITI,ITI3,11,Marche,Marche,1525271,237778,15.59,0.62
562,2021-03-14,MAR,2499,1032,1467,1907,592,ITI,ITI3,11,Marche,Marche,1525271,240277,15.75,0.16
563,2021-03-02,MAR,4961,1943,3018,4395,566,ITI,ITI3,11,Marche,Marche,1525271,245238,16.08,0.33
564,2021-06-10,MAR,14675,7565,7110,12662,2013,ITI,ITI3,11,Marche,Marche,1525271,259913,17.04,0.96
565,2021-05-24,MAR,10796,5111,5685,8122,2674,ITI,ITI3,11,Marche,Marche,1525271,270709,17.75,0.71
566,2021-05-22,MAR,11937,5719,6218,7489,4448,ITI,ITI3,11,Marche,Marche,1525271,282646,18.53,0.78
567,2021-05-08,MAR,12268,5476,6792,5022,7246,ITI,ITI3,11,Marche,Marche,1525271,294914,19.34,0.8
568,2021-01-09,MAR,1711,606,1105,1711,0,ITI,ITI3,11,Marche,Marche,1525271,296625,19.45,0.11
569,2021-04-02,MAR,6886,2983,3903,6147,739,ITI,ITI3,11,Marche,Marche,1525271,303511,19.9,0.45
570,2021-03-16,MAR,3472,1485,1987,290,3182,ITI,ITI3,11,Marche,Marche,1525271,306983,20.13,0.23
571,2021-06-24,MAR,9152,4357,4795,3947,5205,ITI,ITI3,11,Marche,Marche,1525271,316135,20.73,0.6
572,2021-01-11,MAR,1176,411,765,1176,0,ITI,ITI3,11,Marche,Marche,1525271,317311,20.8,0.08
573,2021-06-03,MAR,14631,7476,7155,12375,2256,ITI,ITI3,11,Marche,Marche,1525271,331942,21.76,0.96
574,2021-02-18,MAR,2104,748,1356,1818,286,ITI,ITI3,11,Marche,Marche,1525271,334046,21.9,0.14
575,2021-05-29,MAR,12788,6194,6594,8260,4528,ITI,ITI3,11,Marche,Marche,1525271,346834,22.74,0.84
576,2021-02-16,MAR,1288,475,813,1258,30,ITI,ITI3,11,Marche,Marche,1525271,348122,22.82,0.08
577,2021-02-25,MAR,3515,1437,2078,3336,179,ITI,ITI3,11,Marche,Marche,1525271,351637,23.05,0.23
578,2021-06-05,MAR,13932,7006,6926,11873,2059,ITI,ITI3,11,Marche,Marche,1525271,365569,23.97,0.91
579,2021-01-02,MAR,455,140,315,455,0,ITI,ITI3,11,Marche,Marche,1525271,366024,24.0,0.03
580,2021-03-07,MAR,5179,2106,3073,4425,754,ITI,ITI3,11,Marche,Marche,1525271,371203,24.34,0.34
581,2021-01-16,MAR,2034,732,1302,2034,0,ITI,ITI3,11,Marche,Marche,1525271,373237,24.47,0.13
582,2021-06-19,MAR,14458,7284,7174,7789,6669,ITI,ITI3,11,Marche,Marche,1525271,387695,25.42,0.95
583,2021-02-04,MAR,2385,842,1543,112,2273,ITI,ITI3,11,Marche,Marche,1525271,390080,25.57,0.16
584,2021-01-18,MAR,696,237,459,547,149,ITI,ITI3,11,Marche,Marche,1525271,390776,25.62,0.05
585,2021-04-28,MAR,10753,4900,5853,6021,4732,ITI,ITI3,11,Marche,Marche,1525271,401529,26.33,0.7
586,2021-03-26,MAR,6333,2607,3726,3525,2808,ITI,ITI3,11,Marche,Marche,1525271,407862,26.74,0.42
587,2021-03-12,MAR,4640,1972,2668,3402,1238,ITI,ITI3,11,Marche,Marche,1525271,412502,27.04,0.3
588,2021-01-14,MAR,2010,692,1318,2010,0,ITI,ITI3,11,Marche,Marche,1525271,414512,27.18,0.13
589,2021-06-20,MAR,10964,5445,5519,5980,4984,ITI,ITI3,11,Marche,Marche,1525271,425476,27.9,0.72
590,2021-04-24,MAR,12037,5309,6728,7573,4464,ITI,ITI3,11,Marche,Marche,1525271,437513,28.68,0.79
591,2021-02-26,MAR,3631,1500,2131,3155,476,ITI,ITI3,11,Marche,Marche,1525271,441144,28.92,0.24
592,2021-05-12,MAR,10425,4686,5739,4922,5503,ITI,ITI3,11,Marche,Marche,1525271,451569,29.61,0.68
593,2021-06-12,MAR,13430,7144,6286,12133,1297,ITI,ITI3,11,Marche,Marche,1525271,464999,30.49,0.88
594,2021-04-16,MAR,10082,4702,5380,9557,525,ITI,ITI3,11,Marche,Marche,1525271,475081,31.15,0.66
595,2021-01-04,MAR,1509,570,939,1509,0,ITI,ITI3,11,Marche,Marche,1525271,476590,31.25,0.1
596,2021-04-14,MAR,10214,4563,5651,9842,372,ITI,ITI3,11,Marche,Marche,1525271,486804,31.92,0.67
597,2020-12-30,MAR,17,5,12,17,0,ITI,ITI3,11,Marche,Marche,1525271,486821,31.92,0.0
598,2021-03-21,MAR,4504,1873,2631,1629,2875,ITI,ITI3,11,Marche,Marche,1525271,491325,32.21,0.3
599,2021-02-06,MAR,2465,903,1562,522,1943,ITI,ITI3,11,Marche,Marche,1525271,493790,32.37,0.16
600,2021-05-21,MAR,12954,6115,6839,6697,6257,ITI,ITI3,11,Marche,Marche,1525271,506744,33.22,0.85
601,2021-05-28,MAR,13954,6734,7220,9096,4858,ITI,ITI3,11,Marche,Marche,1525271,520698,34.14,0.91
602,2021-02-11,MAR,1993,657,1336,1598,395,ITI,ITI3,11,Marche,Marche,1525271,522691,34.27,0.13
603,2021-05-05,MAR,11650,5301,6349,5221,6429,ITI,ITI3,11,Marche,Marche,1525271,534341,35.03,0.76
604,2021-05-07,MAR,12838,5806,7032,3659,9179,ITI,ITI3,11,Marche,Marche,1525271,547179,35.87,0.84
605,2021-02-13,MAR,1093,462,631,1011,82,ITI,ITI3,11,Marche,Marche,1525271,548272,35.95,0.07
606,2021-01-27,MAR,2118,780,1338,122,1996,ITI,ITI3,11,Marche,Marche,1525271,550390,36.08,0.14
607,2021-04-23,MAR,11166,5144,6022,8111,3055,ITI,ITI3,11,Marche,Marche,1525271,561556,36.82,0.73
608,2021-02-23,MAR,3270,1398,1872,3214,56,ITI,ITI3,11,Marche,Marche,1525271,564826,37.03,0.21
609,2021-01-15,MAR,1771,500,1271,1771,0,ITI,ITI3,11,Marche,Marche,1525271,566597,37.15,0.12
610,2021-04-25,MAR,8599,3993,4606,7024,1575,ITI,ITI3,11,Marche,Marche,1525271,575196,37.71,0.56
611,2021-04-21,MAR,10781,4967,5814,9587,1194,ITI,ITI3,11,Marche,Marche,1525271,585977,38.42,0.71
612,2021-01-28,MAR,2086,725,1361,165,1921,ITI,ITI3,11,Marche,Marche,1525271,588063,38.55,0.14
613,2021-04-04,MAR,3824,1792,2032,2655,1169,ITI,ITI3,11,Marche,Marche,1525271,591887,38.81,0.25
614,2021-06-09,MAR,14044,7304,6740,12175,1869,ITI,ITI3,11,Marche,Marche,1525271,605931,39.73,0.92
615,2021-06-07,MAR,13161,6500,6661,10712,2449,ITI,ITI3,11,Marche,Marche,1525271,619092,40.59,0.86
616,2021-02-27,MAR,3362,1438,1924,3153,209,ITI,ITI3,11,Marche,Marche,1525271,622454,40.81,0.22
617,2021-05-31,MAR,11782,5942,5840,8851,2931,ITI,ITI3,11,Marche,Marche,1525271,634236,41.58,0.77
618,2021-05-17,MAR,11854,5568,6286,7691,4163,ITI,ITI3,11,Marche,Marche,1525271,646090,42.36,0.78
619,2021-04-30,MAR,13954,6108,7846,5411,8543,ITI,ITI3,11,Marche,Marche,1525271,660044,43.27,0.91
620,2021-04-11,MAR,7117,3115,4002,6831,286,ITI,ITI3,11,Marche,Marche,1525271,667161,43.74,0.47
621,2021-03-11,MAR,6591,2784,3807,5221,1370,ITI,ITI3,11,Marche,Marche,1525271,673752,44.17,0.43
622,2021-02-15,MAR,967,412,555,954,13,ITI,ITI3,11,Marche,Marche,1525271,674719,44.24,0.06
623,2021-05-26,MAR,11804,5917,5887,8621,3183,ITI,ITI3,11,Marche,Marche,1525271,686523,45.01,0.77
624,2021-03-30,MAR,7431,3054,4377,4616,2815,ITI,ITI3,11,Marche,Marche,1525271,693954,45.5,0.49
625,2021-02-01,MAR,1362,479,883,98,1264,ITI,ITI3,11,Marche,Marche,1525271,695316,45.59,0.09
626,2021-04-20,MAR,10697,4996,5701,9279,1418,ITI,ITI3,11,Marche,Marche,1525271,706013,46.29,0.7
627,2021-01-25,MAR,1595,558,1037,96,1499,ITI,ITI3,11,Marche,Marche,1525271,707608,46.39,0.1
628,2021-01-08,MAR,1580,592,988,1580,0,ITI,ITI3,11,Marche,Marche,1525271,709188,46.5,0.1
629,2021-04-18,MAR,8824,4131,4693,7903,921,ITI,ITI3,11,Marche,Marche,1525271,718012,47.07,0.58
630,2021-04-09,MAR,9566,4190,5376,9366,200,ITI,ITI3,11,Marche,Marche,1525271,727578,47.7,0.63
631,2021-01-06,MAR,2202,801,1401,2202,0,ITI,ITI3,11,Marche,Marche,1525271,729780,47.85,0.14
632,2021-03-04,MAR,6487,2869,3618,5094,1393,ITI,ITI3,11,Marche,Marche,1525271,736267,48.27,0.43
633,2021-03-13,MAR,5763,2653,3110,1805,3958,ITI,ITI3,11,Marche,Marche,1525271,742030,48.65,0.38
634,2021-06-21,MAR,12487,6123,6364,5605,6882,ITI,ITI3,11,Marche,Marche,1525271,754517,49.47,0.82
635,2021-05-09,MAR,8865,4021,4844,3638,5227,ITI,ITI3,11,Marche,Marche,1525271,763382,50.05,0.58
636,2021-03-06,MAR,5704,2624,3080,4437,1267,ITI,ITI3,11,Marche,Marche,1525271,769086,50.42,0.37
637,2021-06-14,MAR,12615,6377,6238,9307,3308,ITI,ITI3,11,Marche,Marche,1525271,781701,51.25,0.83
638,2021-01-29,MAR,1992,731,1261,167,1825,ITI,ITI3,11,Marche,Marche,1525271,783693,51.38,0.13
639,2021-05-18,MAR,11061,5258,5803,7657,3404,ITI,ITI3,11,Marche,Marche,1525271,794754,52.11,0.73
640,2021-04-01,MAR,7576,3182,4394,4160,3416,ITI,ITI3,11,Marche,Marche,1525271,802330,52.6,0.5
641,2021-04-22,MAR,10796,4931,5865,9218,1578,ITI,ITI3,11,Marche,Marche,1525271,813126,53.31,0.71
642,2021-02-24,MAR,3490,1519,1971,3412,78,ITI,ITI3,11,Marche,Marche,1525271,816616,53.54,0.23
643,2021-06-04,MAR,14333,7288,7045,11896,2437,ITI,ITI3,11,Marche,Marche,1525271,830949,54.48,0.94
644,2021-04-08,MAR,7522,3286,4236,7195,327,ITI,ITI3,11,Marche,Marche,1525271,838471,54.97,0.49
645,2021-01-13,MAR,2106,746,1360,2106,0,ITI,ITI3,11,Marche,Marche,1525271,840577,55.11,0.14
646,2021-05-02,MAR,8899,3936,4963,3161,5738,ITI,ITI3,11,Marche,Marche,1525271,849476,55.69,0.58
647,2021-03-22,MAR,5653,2376,3277,2524,3129,ITI,ITI3,11,Marche,Marche,1525271,855129,56.06,0.37
648,2021-01-24,MAR,881,339,542,5,876,ITI,ITI3,11,Marche,Marche,1525271,856010,56.12,0.06
649,2021-05-04,MAR,10857,4791,6066,4958,5899,ITI,ITI3,11,Marche,Marche,1525271,866867,56.83,0.71
650,2021-03-20,MAR,4135,1740,2395,1048,3087,ITI,ITI3,11,Marche,Marche,1525271,871002,57.1,0.27
651,2021-01-22,MAR,487,167,320,194,293,ITI,ITI3,11,Marche,Marche,1525271,871489,57.14,0.03
652,2021-03-18,MAR,3389,1475,1914,162,3227,ITI,ITI3,11,Marche,Marche,1525271,874878,57.36,0.22
653,2021-05-23,MAR,9208,4282,4926,7537,1671,ITI,ITI3,11,Marche,Marche,1525271,884086,57.96,0.6
654,2021-05-06,MAR,12656,5822,6834,5584,7072,ITI,ITI3,11,Marche,Marche,1525271,896742,58.79,0.83
655,2021-02-12,MAR,1582,618,964,1430,152,ITI,ITI3,11,Marche,Marche,1525271,898324,58.9,0.1
656,2021-02-10,MAR,1439,452,987,1080,359,ITI,ITI3,11,Marche,Marche,1525271,899763,58.99,0.09
657,2021-01-10,MAR,1742,700,1042,1742,0,ITI,ITI3,11,Marche,Marche,1525271,901505,59.1,0.11
658,2021-04-03,MAR,7575,3205,4370,6906,669,ITI,ITI3,11,Marche,Marche,1525271,909080,59.6,0.5
659,2021-05-11,MAR,10623,4832,5791,5680,4943,ITI,ITI3,11,Marche,Marche,1525271,919703,60.3,0.7
660,2021-03-15,MAR,4401,2026,2375,1311,3090,ITI,ITI3,11,Marche,Marche,1525271,924104,60.59,0.29
661,2021-06-23,MAR,13794,6760,7034,6793,7001,ITI,ITI3,11,Marche,Marche,1525271,937898,61.49,0.9
662,2021-04-06,MAR,8877,3693,5184,8065,812,ITI,ITI3,11,Marche,Marche,1525271,946775,62.07,0.58
663,2021-03-23,MAR,5789,2529,3260,2262,3527,ITI,ITI3,11,Marche,Marche,1525271,952564,62.45,0.38
664,2021-02-08,MAR,833,258,575,371,462,ITI,ITI3,11,Marche,Marche,1525271,953397,62.51,0.05
665,2021-05-19,MAR,11475,5274,6201,8566,2909,ITI,ITI3,11,Marche,Marche,1525271,964872,63.26,0.75
666,2021-03-25,MAR,6654,2772,3882,3246,3408,ITI,ITI3,11,Marche,Marche,1525271,971526,63.7,0.44
667,2021-02-20,MAR,4131,1712,2419,4020,111,ITI,ITI3,11,Marche,Marche,1525271,975657,63.97,0.27
668,2021-01-20,MAR,403,100,303,384,19,ITI,ITI3,11,Marche,Marche,1525271,976060,63.99,0.03
669,2021-02-03,MAR,2124,741,1383,119,2005,ITI,ITI3,11,Marche,Marche,1525271,978184,64.13,0.14
670,2021-05-14,MAR,13493,6218,7275,6720,6773,ITI,ITI3,11,Marche,Marche,1525271,991677,65.02,0.88
671,2021-06-18,MAR,15117,7550,7567,8370,6747,ITI,ITI3,11,Marche,Marche,1525271,1006794,66.01,0.99
672,2021-04-29,MAR,13268,6067,7201,7170,6098,ITI,ITI3,11,Marche,Marche,1525271,1020062,66.88,0.87
673,2021-04-17,MAR,11701,5315,6386,10628,1073,ITI,ITI3,11,Marche,Marche,1525271,1031763,67.64,0.77
674,2021-06-13,MAR,10437,5414,5023,9200,1237,ITI,ITI3,11,Marche,Marche,1525271,1042200,68.33,0.68
675,2020-12-27,MAR,204,99,105,204,0,ITI,ITI3,11,Marche,Marche,1525271,1042404,68.34,0.01
676,2021-06-06,MAR,12388,6104,6284,10811,1577,ITI,ITI3,11,Marche,Marche,1525271,1054792,69.15,0.81
677,2021-06-11,MAR,13756,7034,6722,11435,2321,ITI,ITI3,11,Marche,Marche,1525271,1068548,70.06,0.9
678,2021-05-25,MAR,11647,5745,5902,8717,2930,ITI,ITI3,11,Marche,Marche,1525271,1080195,70.82,0.76
679,2021-03-01,MAR,3725,1488,2237,3477,248,ITI,ITI3,11,Marche,Marche,1525271,1083920,71.06,0.24
680,2021-03-03,MAR,6647,3047,3600,5763,884,ITI,ITI3,11,Marche,Marche,1525271,1090567,71.5,0.44
681,2021-01-05,MAR,1571,589,982,1571,0,ITI,ITI3,11,Marche,Marche,1525271,1092138,71.6,0.1
682,2021-04-15,MAR,10376,4674,5702,9811,565,ITI,ITI3,11,Marche,Marche,1525271,1102514,72.28,0.68
683,2021-02-17,MAR,1792,668,1124,1675,117,ITI,ITI3,11,Marche,Marche,1525271,1104306,72.4,0.12
684,2021-06-17,MAR,14908,7422,7486,8851,6057,ITI,ITI3,11,Marche,Marche,1525271,1119214,73.38,0.98
685,2021-03-09,MAR,5427,2290,3137,4547,880,ITI,ITI3,11,Marche,Marche,1525271,1124641,73.73,0.36
686,2021-04-13,MAR,9839,4260,5579,9605,234,ITI,ITI3,11,Marche,Marche,1525271,1134480,74.38,0.65
687,2021-06-16,MAR,13521,6793,6728,9156,4365,ITI,ITI3,11,Marche,Marche,1525271,1148001,75.27,0.89
688,2021-06-02,MAR,11898,5937,5961,11221,677,ITI,ITI3,11,Marche,Marche,1525271,1159899,76.05,0.78
689,2021-02-22,MAR,3421,1505,1916,3346,75,ITI,ITI3,11,Marche,Marche,1525271,1163320,76.27,0.22
690,2021-03-27,MAR,7380,3074,4306,5022,2358,ITI,ITI3,11,Marche,Marche,1525271,1170700,76.75,0.48
691,2021-04-10,MAR,10915,4620,6295,10602,313,ITI,ITI3,11,Marche,Marche,1525271,1181615,77.47,0.72
692,2021-01-03,MAR,907,354,553,907,0,ITI,ITI3,11,Marche,Marche,1525271,1182522,77.53,0.06
693,2021-03-08,MAR,6266,2746,3520,5264,1002,ITI,ITI3,11,Marche,Marche,1525271,1188788,77.94,0.41
694,2021-02-05,MAR,2154,653,1501,439,1715,ITI,ITI3,11,Marche,Marche,1525271,1190942,78.08,0.14
695,2021-05-16,MAR,10900,4958,5942,6672,4228,ITI,ITI3,11,Marche,Marche,1525271,1201842,78.8,0.71
696,2021-05-30,MAR,9733,4690,5043,6744,2989,ITI,ITI3,11,Marche,Marche,1525271,1211575,79.43,0.64
697,2021-04-27,MAR,9414,4317,5097,5428,3986,ITI,ITI3,11,Marche,Marche,1525271,1220989,80.05,0.62
698,2021-01-17,MAR,1615,692,923,1555,60,ITI,ITI3,11,Marche,Marche,1525271,1222604,80.16,0.11
699,2021-01-28,TOS,6282,1882,4400,354,5928,ITI,ITI1,9,Toscana,Toscana,3729641,6282,0.17,0.17
700,2021-03-19,TOS,10143,4460,5683,7275,2868,ITI,ITI1,9,Toscana,Toscana,3729641,16425,0.44,0.27
701,2021-01-21,TOS,1589,686,903,867,722,ITI,ITI1,9,Toscana,Toscana,3729641,18014,0.48,0.04
702,2021-05-22,TOS,26005,12651,13354,21725,4280,ITI,ITI1,9,Toscana,Toscana,3729641,44019,1.18,0.7
703,2021-05-05,TOS,30123,13445,16678,15647,14476,ITI,ITI1,9,Toscana,Toscana,3729641,74142,1.99,0.81
704,2021-02-28,TOS,1649,667,982,922,727,ITI,ITI1,9,Toscana,Toscana,3729641,75791,2.03,0.04
705,2021-02-11,TOS,5383,2021,3362,5141,242,ITI,ITI1,9,Toscana,Toscana,3729641,81174,2.18,0.14
706,2021-02-09,TOS,4488,1468,3020,3877,611,ITI,ITI1,9,Toscana,Toscana,3729641,85662,2.3,0.12
707,2021-04-02,TOS,31970,13560,18410,23943,8027,ITI,ITI1,9,Toscana,Toscana,3729641,117632,3.15,0.86
708,2021-06-24,TOS,15098,7453,7645,10323,4775,ITI,ITI1,9,Toscana,Toscana,3729641,132730,3.56,0.4
709,2021-01-09,TOS,4485,1596,2889,4485,0,ITI,ITI1,9,Toscana,Toscana,3729641,137215,3.68,0.12
710,2021-04-07,TOS,35818,15458,20360,28570,7248,ITI,ITI1,9,Toscana,Toscana,3729641,173033,4.64,0.96
711,2021-06-12,TOS,29378,15145,14233,24992,4386,ITI,ITI1,9,Toscana,Toscana,3729641,202411,5.43,0.79
712,2021-04-16,TOS,28955,12887,16068,22047,6908,ITI,ITI1,9,Toscana,Toscana,3729641,231366,6.2,0.78
713,2021-03-26,TOS,20668,9383,11285,14901,5767,ITI,ITI1,9,Toscana,Toscana,3729641,252034,6.76,0.55
714,2021-03-09,TOS,11128,4566,6562,5576,5552,ITI,ITI1,9,Toscana,Toscana,3729641,263162,7.06,0.3
715,2021-04-09,TOS,24593,10579,14014,21184,3409,ITI,ITI1,9,Toscana,Toscana,3729641,287755,7.72,0.66
716,2021-06-17,TOS,32399,16557,15842,26953,5446,ITI,ITI1,9,Toscana,Toscana,3729641,320154,8.58,0.87
717,2021-02-04,TOS,4253,1594,2659,961,3292,ITI,ITI1,9,Toscana,Toscana,3729641,324407,8.7,0.11
718,2021-05-15,TOS,29350,13852,15498,23568,5782,ITI,ITI1,9,Toscana,Toscana,3729641,353757,9.49,0.79
719,2021-04-28,TOS,19123,8183,10940,3832,15291,ITI,ITI1,9,Toscana,Toscana,3729641,372880,10.0,0.51
720,2021-01-16,TOS,3271,1046,2225,3271,0,ITI,ITI1,9,Toscana,Toscana,3729641,376151,10.09,0.09
721,2021-04-26,TOS,10151,4943,5208,7598,2553,ITI,ITI1,9,Toscana,Toscana,3729641,386302,10.36,0.27
722,2021-01-02,TOS,3497,1096,2401,3497,0,ITI,ITI1,9,Toscana,Toscana,3729641,389799,10.45,0.09
723,2021-03-07,TOS,5647,2357,3290,2104,3543,ITI,ITI1,9,Toscana,Toscana,3729641,395446,10.6,0.15
724,2021-06-22,TOS,30914,15534,15380,22791,8123,ITI,ITI1,9,Toscana,Toscana,3729641,426360,11.43,0.83
725,2021-05-17,TOS,29680,14803,14877,20809,8871,ITI,ITI1,9,Toscana,Toscana,3729641,456040,12.23,0.8
726,2021-03-21,TOS,3293,1627,1666,1860,1433,ITI,ITI1,9,Toscana,Toscana,3729641,459333,12.32,0.09
727,2021-01-23,TOS,3966,1360,2606,640,3326,ITI,ITI1,9,Toscana,Toscana,3729641,463299,12.42,0.11
728,2021-05-03,TOS,11933,5510,6423,10615,1318,ITI,ITI1,9,Toscana,Toscana,3729641,475232,12.74,0.32
729,2021-06-05,TOS,28410,13590,14820,20801,7609,ITI,ITI1,9,Toscana,Toscana,3729641,503642,13.5,0.76
730,2021-01-11,TOS,5094,1691,3403,5094,0,ITI,ITI1,9,Toscana,Toscana,3729641,508736,13.64,0.14
731,2021-04-21,TOS,29604,12666,16938,17519,12085,ITI,ITI1,9,Toscana,Toscana,3729641,538340,14.43,0.79
732,2021-02-23,TOS,7722,3325,4397,7561,161,ITI,ITI1,9,Toscana,Toscana,3729641,546062,14.64,0.21
733,2021-06-03,TOS,31981,15408,16573,27434,4547,ITI,ITI1,9,Toscana,Toscana,3729641,578043,15.5,0.86
734,2021-06-02,TOS,27572,13609,13963,22067,5505,ITI,ITI1,9,Toscana,Toscana,3729641,605615,16.24,0.74
735,2021-04-06,TOS,22216,9816,12400,18501,3715,ITI,ITI1,9,Toscana,Toscana,3729641,627831,16.83,0.6
736,2021-02-08,TOS,4097,1360,2737,3638,459,ITI,ITI1,9,Toscana,Toscana,3729641,631928,16.94,0.11
737,2021-05-19,TOS,27919,13559,14360,18883,9036,ITI,ITI1,9,Toscana,Toscana,3729641,659847,17.69,0.75
738,2021-04-13,TOS,8487,3506,4981,6030,2457,ITI,ITI1,9,Toscana,Toscana,3729641,668334,17.92,0.23
739,2021-05-26,TOS,35534,17065,18469,20383,15151,ITI,ITI1,9,Toscana,Toscana,3729641,703868,18.87,0.95
740,2021-03-30,TOS,17017,7641,9376,13454,3563,ITI,ITI1,9,Toscana,Toscana,3729641,720885,19.33,0.46
741,2021-03-18,TOS,9979,3984,5995,6007,3972,ITI,ITI1,9,Toscana,Toscana,3729641,730864,19.6,0.27
742,2021-06-09,TOS,34704,17491,17213,34281,423,ITI,ITI1,9,Toscana,Toscana,3729641,765568,20.53,0.93
743,2021-04-04,TOS,13915,6605,7310,13662,253,ITI,ITI1,9,Toscana,Toscana,3729641,779483,20.9,0.37
744,2021-03-16,TOS,4899,1882,3017,2648,2251,ITI,ITI1,9,Toscana,Toscana,3729641,784382,21.03,0.13
745,2021-02-27,TOS,1984,756,1228,1082,902,ITI,ITI1,9,Toscana,Toscana,3729641,786366,21.08,0.05
746,2021-06-10,TOS,26301,13482,12819,25788,513,ITI,ITI1,9,Toscana,Toscana,3729641,812667,21.79,0.71
747,2021-05-24,TOS,33714,16699,17015,24144,9570,ITI,ITI1,9,Toscana,Toscana,3729641,846381,22.69,0.9
748,2021-01-25,TOS,5126,1895,3231,247,4879,ITI,ITI1,9,Toscana,Toscana,3729641,851507,22.83,0.14
749,2021-04-18,TOS,8357,4090,4267,7342,1015,ITI,ITI1,9,Toscana,Toscana,3729641,859864,23.05,0.22
750,2021-03-02,TOS,10599,3799,6800,7155,3444,ITI,ITI1,9,Toscana,Toscana,3729641,870463,23.34,0.28
751,2021-01-04,TOS,5065,1894,3171,5065,0,ITI,ITI1,9,Toscana,Toscana,3729641,875528,23.47,0.14
752,2021-04-14,TOS,20170,8338,11832,15063,5107,ITI,ITI1,9,Toscana,Toscana,3729641,895698,24.02,0.54
753,2021-06-14,TOS,31765,16307,15458,27671,4094,ITI,ITI1,9,Toscana,Toscana,3729641,927463,24.87,0.85
754,2021-03-04,TOS,17847,6950,10897,14765,3082,ITI,ITI1,9,Toscana,Toscana,3729641,945310,25.35,0.48
755,2021-06-21,TOS,31062,15394,15668,18354,12708,ITI,ITI1,9,Toscana,Toscana,3729641,976372,26.18,0.83
756,2021-02-18,TOS,8822,3285,5537,7926,896,ITI,ITI1,9,Toscana,Toscana,3729641,985194,26.42,0.24
757,2021-05-29,TOS,31543,15250,16293,23390,8153,ITI,ITI1,9,Toscana,Toscana,3729641,1016737,27.26,0.85
758,2021-03-23,TOS,9397,4375,5022,7123,2274,ITI,ITI1,9,Toscana,Toscana,3729641,1026134,27.51,0.25
759,2020-12-30,TOS,327,104,223,327,0,ITI,ITI1,9,Toscana,Toscana,3729641,1026461,27.52,0.01
760,2021-05-12,TOS,34178,15567,18611,14165,20013,ITI,ITI1,9,Toscana,Toscana,3729641,1060639,28.44,0.92
761,2021-01-18,TOS,1119,636,483,1021,98,ITI,ITI1,9,Toscana,Toscana,3729641,1061758,28.47,0.03
762,2021-02-20,TOS,4640,1789,2851,4127,513,ITI,ITI1,9,Toscana,Toscana,3729641,1066398,28.59,0.12
763,2021-05-31,TOS,30269,14598,15671,19451,10818,ITI,ITI1,9,Toscana,Toscana,3729641,1096667,29.4,0.81
764,2021-05-14,TOS,33298,15395,17903,20646,12652,ITI,ITI1,9,Toscana,Toscana,3729641,1129965,30.3,0.89
765,2021-03-28,TOS,6212,2808,3404,5958,254,ITI,ITI1,9,Toscana,Toscana,3729641,1136177,30.46,0.17
766,2021-01-30,TOS,4622,1622,3000,198,4424,ITI,ITI1,9,Toscana,Toscana,3729641,1140799,30.59,0.12
767,2021-05-10,TOS,26188,12384,13804,15568,10620,ITI,ITI1,9,Toscana,Toscana,3729641,1166987,31.29,0.7
768,2021-03-14,TOS,7174,2569,4605,3239,3935,ITI,ITI1,9,Toscana,Toscana,3729641,1174161,31.48,0.19
769,2021-02-06,TOS,4527,1550,2977,1294,3233,ITI,ITI1,9,Toscana,Toscana,3729641,1178688,31.6,0.12
770,2021-02-16,TOS,9280,3340,5940,8559,721,ITI,ITI1,9,Toscana,Toscana,3729641,1187968,31.85,0.25
771,2021-05-02,TOS,11166,4931,6235,9203,1963,ITI,ITI1,9,Toscana,Toscana,3729641,1199134,32.15,0.3
772,2021-02-25,TOS,10633,4306,6327,9635,998,ITI,ITI1,9,Toscana,Toscana,3729641,1209767,32.44,0.29
773,2021-01-20,TOS,1331,637,694,1083,248,ITI,ITI1,9,Toscana,Toscana,3729641,1211098,32.47,0.04
774,2021-04-30,TOS,40189,17780,22409,20334,19855,ITI,ITI1,9,Toscana,Toscana,3729641,1251287,33.55,1.08
775,2021-04-25,TOS,11054,5248,5806,8917,2137,ITI,ITI1,9,Toscana,Toscana,3729641,1262341,33.85,0.3
776,2020-12-27,TOS,620,267,353,620,0,ITI,ITI1,9,Toscana,Toscana,3729641,1262961,33.86,0.02
777,2021-01-03,TOS,3336,1052,2284,3336,0,ITI,ITI1,9,Toscana,Toscana,3729641,1266297,33.95,0.09
778,2021-02-15,TOS,8771,3376,5395,7945,826,ITI,ITI1,9,Toscana,Toscana,3729641,1275068,34.19,0.24
779,2021-06-07,TOS,34800,17044,17756,31191,3609,ITI,ITI1,9,Toscana,Toscana,3729641,1309868,35.12,0.93
780,2021-05-21,TOS,28870,13446,15424,17463,11407,ITI,ITI1,9,Toscana,Toscana,3729641,1338738,35.89,0.77
781,2021-03-01,TOS,4473,1733,2740,832,3641,ITI,ITI1,9,Toscana,Toscana,3729641,1343211,36.01,0.12
782,2021-01-06,TOS,4520,1460,3060,4520,0,ITI,ITI1,9,Toscana,Toscana,3729641,1347731,36.14,0.12
783,2021-03-11,TOS,15882,6338,9544,12554,3328,ITI,ITI1,9,Toscana,Toscana,3729641,1363613,36.56,0.43
784,2021-06-19,TOS,26428,13858,12570,21709,4719,ITI,ITI1,9,Toscana,Toscana,3729641,1390041,37.27,0.71
785,2021-02-05,TOS,5749,2245,3504,1924,3825,ITI,ITI1,9,Toscana,Toscana,3729641,1395790,37.42,0.15
786,2021-05-16,TOS,26661,12879,13782,24200,2461,ITI,ITI1,9,Toscana,Toscana,3729641,1422451,38.14,0.71
787,2021-05-07,TOS,32117,14688,17429,12003,20114,ITI,ITI1,9,Toscana,Toscana,3729641,1454568,39.0,0.86
788,2021-02-13,TOS,7786,2361,5425,7559,227,ITI,ITI1,9,Toscana,Toscana,3729641,1462354,39.21,0.21
789,2021-01-08,TOS,5947,1643,4304,5947,0,ITI,ITI1,9,Toscana,Toscana,3729641,1468301,39.37,0.16
790,2021-04-01,TOS,27022,11209,15813,16394,10628,ITI,ITI1,9,Toscana,Toscana,3729641,1495323,40.09,0.72
791,2021-03-15,TOS,8698,3645,5053,4255,4443,ITI,ITI1,9,Toscana,Toscana,3729641,1504021,40.33,0.23
792,2021-06-23,TOS,31321,15152,16169,20066,11255,ITI,ITI1,9,Toscana,Toscana,3729641,1535342,41.17,0.84
793,2021-02-01,TOS,5509,1958,3551,521,4988,ITI,ITI1,9,Toscana,Toscana,3729641,1540851,41.31,0.15
794,2021-04-27,TOS,10350,4912,5438,3866,6484,ITI,ITI1,9,Toscana,Toscana,3729641,1551201,41.59,0.28
795,2021-06-11,TOS,29652,15414,14238,25048,4604,ITI,ITI1,9,Toscana,Toscana,3729641,1580853,42.39,0.8
796,2021-04-15,TOS,24401,10196,14205,15865,8536,ITI,ITI1,9,Toscana,Toscana,3729641,1605254,43.04,0.65
797,2021-02-17,TOS,8175,3169,5006,7423,752,ITI,ITI1,9,Toscana,Toscana,3729641,1613429,43.26,0.22
798,2021-05-23,TOS,28378,13646,14732,25813,2565,ITI,ITI1,9,Toscana,Toscana,3729641,1641807,44.02,0.76
799,2021-02-10,TOS,4263,1281,2982,3740,523,ITI,ITI1,9,Toscana,Toscana,3729641,1646070,44.13,0.11
800,2021-05-04,TOS,18301,8207,10094,12855,5446,ITI,ITI1,9,Toscana,Toscana,3729641,1664371,44.63,0.49
801,2021-02-12,TOS,7606,2683,4923,7393,213,ITI,ITI1,9,Toscana,Toscana,3729641,1671977,44.83,0.2
802,2021-01-13,TOS,4062,1398,2664,4062,0,ITI,ITI1,9,Toscana,Toscana,3729641,1676039,44.94,0.11
803,2021-04-23,TOS,25682,11431,14251,9364,16318,ITI,ITI1,9,Toscana,Toscana,3729641,1701721,45.63,0.69
804,2021-03-20,TOS,6586,2977,3609,5450,1136,ITI,ITI1,9,Toscana,Toscana,3729641,1708307,45.8,0.18
805,2021-01-22,TOS,2866,1064,1802,528,2338,ITI,ITI1,9,Toscana,Toscana,3729641,1711173,45.88,0.08
806,2021-03-27,TOS,8862,4152,4710,8647,215,ITI,ITI1,9,Toscana,Toscana,3729641,1720035,46.12,0.24
807,2021-02-14,TOS,9000,2569,6431,8890,110,ITI,ITI1,9,Toscana,Toscana,3729641,1729035,46.36,0.24
808,2021-05-25,TOS,34146,16475,17671,19533,14613,ITI,ITI1,9,Toscana,Toscana,3729641,1763181,47.27,0.92
809,2021-03-29,TOS,9643,4814,4829,9319,324,ITI,ITI1,9,Toscana,Toscana,3729641,1772824,47.53,0.26
810,2021-02-22,TOS,9818,4253,5565,9541,277,ITI,ITI1,9,Toscana,Toscana,3729641,1782642,47.8,0.26
811,2021-05-08,TOS,29149,13114,16035,13693,15456,ITI,ITI1,9,Toscana,Toscana,3729641,1811791,48.58,0.78
812,2021-03-12,TOS,16973,6611,10362,13445,3528,ITI,ITI1,9,Toscana,Toscana,3729641,1828764,49.03,0.46
813,2021-01-14,TOS,3255,1179,2076,3255,0,ITI,ITI1,9,Toscana,Toscana,3729641,1832019,49.12,0.09
814,2021-06-20,TOS,25129,12451,12678,15647,9482,ITI,ITI1,9,Toscana,Toscana,3729641,1857148,49.79,0.67
815,2021-04-24,TOS,13439,6169,7270,5991,7448,ITI,ITI1,9,Toscana,Toscana,3729641,1870587,50.15,0.36
816,2021-05-11,TOS,27944,12982,14962,12485,15459,ITI,ITI1,9,Toscana,Toscana,3729641,1898531,50.9,0.75
817,2021-03-13,TOS,9288,3310,5978,5324,3964,ITI,ITI1,9,Toscana,Toscana,3729641,1907819,51.15,0.25
818,2021-01-29,TOS,6144,1700,4444,304,5840,ITI,ITI1,9,Toscana,Toscana,3729641,1913963,51.32,0.16
819,2021-05-09,TOS,22527,9766,12761,9668,12859,ITI,ITI1,9,Toscana,Toscana,3729641,1936490,51.92,0.6
820,2021-05-20,TOS,29718,13875,15843,18906,10812,ITI,ITI1,9,Toscana,Toscana,3729641,1966208,52.72,0.8
821,2021-01-31,TOS,3050,1129,1921,106,2944,ITI,ITI1,9,Toscana,Toscana,3729641,1969258,52.8,0.08
822,2021-04-05,TOS,15280,6823,8457,14543,737,ITI,ITI1,9,Toscana,Toscana,3729641,1984538,53.21,0.41
823,2021-02-07,TOS,2806,952,1854,886,1920,ITI,ITI1,9,Toscana,Toscana,3729641,1987344,53.29,0.08
824,2021-05-18,TOS,28844,14271,14573,20017,8827,ITI,ITI1,9,Toscana,Toscana,3729641,2016188,54.06,0.77
825,2021-01-10,TOS,3001,1104,1897,3001,0,ITI,ITI1,9,Toscana,Toscana,3729641,2019189,54.14,0.08
826,2021-04-20,TOS,18157,8109,10048,12601,5556,ITI,ITI1,9,Toscana,Toscana,3729641,2037346,54.63,0.49
827,2021-04-03,TOS,15013,6646,8367,13887,1126,ITI,ITI1,9,Toscana,Toscana,3729641,2052359,55.03,0.4
828,2021-01-27,TOS,4835,1573,3262,206,4629,ITI,ITI1,9,Toscana,Toscana,3729641,2057194,55.16,0.13
829,2021-03-17,TOS,11421,4587,6834,6892,4529,ITI,ITI1,9,Toscana,Toscana,3729641,2068615,55.46,0.31
830,2021-06-08,TOS,32477,16622,15855,32044,433,ITI,ITI1,9,Toscana,Toscana,3729641,2101092,56.33,0.87
831,2021-02-26,TOS,10080,3834,6246,8874,1206,ITI,ITI1,9,Toscana,Toscana,3729641,2111172,56.61,0.27
832,2021-06-06,TOS,28294,13648,14646,22939,5355,ITI,ITI1,9,Toscana,Toscana,3729641,2139466,57.36,0.76
833,2021-01-26,TOS,5393,1792,3601,220,5173,ITI,ITI1,9,Toscana,Toscana,3729641,2144859,57.51,0.14
834,2021-05-06,TOS,31327,13616,17711,14175,17152,ITI,ITI1,9,Toscana,Toscana,3729641,2176186,58.35,0.84
835,2021-04-19,TOS,9090,4504,4586,8062,1028,ITI,ITI1,9,Toscana,Toscana,3729641,2185276,58.59,0.24
836,2021-04-17,TOS,20533,9206,11327,18411,2122,ITI,ITI1,9,Toscana,Toscana,3729641,2205809,59.14,0.55
837,2021-01-24,TOS,3349,1073,2276,201,3148,ITI,ITI1,9,Toscana,Toscana,3729641,2209158,59.23,0.09
838,2021-01-07,TOS,6018,1751,4267,6018,0,ITI,ITI1,9,Toscana,Toscana,3729641,2215176,59.39,0.16
839,2021-05-27,TOS,28320,13172,15148,13484,14836,ITI,ITI1,9,Toscana,Toscana,3729641,2243496,60.15,0.76
840,2021-03-31,TOS,32701,13246,19455,20540,12161,ITI,ITI1,9,Toscana,Toscana,3729641,2276197,61.03,0.88
841,2021-03-22,TOS,5250,2762,2488,4806,444,ITI,ITI1,9,Toscana,Toscana,3729641,2281447,61.17,0.14
842,2021-05-28,TOS,30069,13909,16160,17628,12441,ITI,ITI1,9,Toscana,Toscana,3729641,2311516,61.98,0.81
843,2021-04-22,TOS,35727,15305,20422,18287,17440,ITI,ITI1,9,Toscana,Toscana,3729641,2347243,62.93,0.96
844,2021-02-24,TOS,10371,4467,5904,10174,197,ITI,ITI1,9,Toscana,Toscana,3729641,2357614,63.21,0.28
845,2021-06-04,TOS,28247,13376,14871,20495,7752,ITI,ITI1,9,Toscana,Toscana,3729641,2385861,63.97,0.76
846,2021-04-08,TOS,29681,12555,17126,23294,6387,ITI,ITI1,9,Toscana,Toscana,3729641,2415542,64.77,0.8
847,2021-03-03,TOS,18228,6538,11690,14622,3606,ITI,ITI1,9,Toscana,Toscana,3729641,2433770,65.25,0.49
848,2021-01-05,TOS,5249,1755,3494,5249,0,ITI,ITI1,9,Toscana,Toscana,3729641,2439019,65.4,0.14
849,2021-01-17,TOS,2535,870,1665,2021,514,ITI,ITI1,9,Toscana,Toscana,3729641,2441554,65.46,0.07
850,2021-03-08,TOS,6706,2944,3762,1886,4820,ITI,ITI1,9,Toscana,Toscana,3729641,2448260,65.64,0.18
851,2021-06-16,TOS,31685,16210,15475,26556,5129,ITI,ITI1,9,Toscana,Toscana,3729641,2479945,66.49,0.85
852,2021-05-30,TOS,28671,13944,14727,21725,6946,ITI,ITI1,9,Toscana,Toscana,3729641,2508616,67.26,0.77
853,2020-12-31,TOS,802,201,601,802,0,ITI,ITI1,9,Toscana,Toscana,3729641,2509418,67.28,0.02
854,2021-04-10,TOS,11720,5348,6372,10977,743,ITI,ITI1,9,Toscana,Toscana,3729641,2521138,67.6,0.31
855,2021-02-19,TOS,8294,2953,5341,7781,513,ITI,ITI1,9,Toscana,Toscana,3729641,2529432,67.82,0.22
856,2021-01-19,TOS,1105,532,573,1105,0,ITI,ITI1,9,Toscana,Toscana,3729641,2530537,67.85,0.03
857,2021-01-12,TOS,3581,1398,2183,3581,0,ITI,ITI1,9,Toscana,Toscana,3729641,2534118,67.95,0.1
858,2021-05-01,TOS,23315,10064,13251,14139,9176,ITI,ITI1,9,Toscana,Toscana,3729641,2557433,68.57,0.63
859,2021-03-05,TOS,16875,6686,10189,12133,4742,ITI,ITI1,9,Toscana,Toscana,3729641,2574308,69.02,0.45
860,2021-06-13,TOS,24477,12279,12198,22827,1650,ITI,ITI1,9,Toscana,Toscana,3729641,2598785,69.68,0.66
861,2021-01-01,TOS,2369,787,1582,2369,0,ITI,ITI1,9,Toscana,Toscana,3729641,2601154,69.74,0.06
862,2021-04-11,TOS,3645,1680,1965,3490,155,ITI,ITI1,9,Toscana,Toscana,3729641,2604799,69.84,0.1
863,2021-03-06,TOS,7109,2852,4257,2914,4195,ITI,ITI1,9,Toscana,Toscana,3729641,2611908,70.03,0.19
864,2021-02-03,TOS,4221,1452,2769,241,3980,ITI,ITI1,9,Toscana,Toscana,3729641,2616129,70.14,0.11
865,2021-01-15,TOS,3878,1347,2531,3878,0,ITI,ITI1,9,Toscana,Toscana,3729641,2620007,70.25,0.1
866,2021-06-18,TOS,30675,16164,14511,25352,5323,ITI,ITI1,9,Toscana,Toscana,3729641,2650682,71.07,0.82
867,2021-03-25,TOS,23894,10377,13517,15543,8351,ITI,ITI1,9,Toscana,Toscana,3729641,2674576,71.71,0.64
868,2021-04-12,TOS,2612,1183,1429,1958,654,ITI,ITI1,9,Toscana,Toscana,3729641,2677188,71.78,0.07
869,2021-05-13,TOS,35024,15445,19579,13842,21182,ITI,ITI1,9,Toscana,Toscana,3729641,2712212,72.72,0.94
870,2021-04-29,TOS,39317,17707,21610,19246,20071,ITI,ITI1,9,Toscana,Toscana,3729641,2751529,73.77,1.05
871,2021-03-24,TOS,20011,8300,11711,10555,9456,ITI,ITI1,9,Toscana,Toscana,3729641,2771540,74.31,0.54
872,2021-02-21,TOS,5105,2089,3016,4935,170,ITI,ITI1,9,Toscana,Toscana,3729641,2776645,74.45,0.14
873,2021-06-01,TOS,26880,13352,13528,23079,3801,ITI,ITI1,9,Toscana,Toscana,3729641,2803525,75.17,0.72
874,2021-06-15,TOS,31172,16044,15128,26619,4553,ITI,ITI1,9,Toscana,Toscana,3729641,2834697,76.0,0.84
875,2021-03-10,TOS,18367,7403,10964,14349,4018,ITI,ITI1,9,Toscana,Toscana,3729641,2853064,76.5,0.49
876,2021-02-02,TOS,3743,1475,2268,196,3547,ITI,ITI1,9,Toscana,Toscana,3729641,2856807,76.6,0.1
877,2021-05-01,MOL,2647,1268,1379,424,2223,ITF,ITF2,14,Molise,Molise,305617,2647,0.87,0.87
878,2021-03-05,MOL,1219,649,570,1015,204,ITF,ITF2,14,Molise,Molise,305617,3866,1.26,0.4
879,2021-06-13,MOL,2620,1405,1215,2295,325,ITF,ITF2,14,Molise,Molise,305617,6486,2.12,0.86
880,2021-04-17,MOL,3054,1501,1553,1568,1486,ITF,ITF2,14,Molise,Molise,305617,9540,3.12,1.0
881,2021-06-20,MOL,420,173,247,50,370,ITF,ITF2,14,Molise,Molise,305617,9960,3.26,0.14
882,2021-04-24,MOL,2551,1202,1349,710,1841,ITF,ITF2,14,Molise,Molise,305617,12511,4.09,0.83
883,2021-02-26,MOL,563,260,303,490,73,ITF,ITF2,14,Molise,Molise,305617,13074,4.28,0.18
884,2021-06-06,MOL,2059,1059,1000,1736,323,ITF,ITF2,14,Molise,Molise,305617,15133,4.95,0.67
885,2021-03-19,MOL,1184,482,702,757,427,ITF,ITF2,14,Molise,Molise,305617,16317,5.34,0.39
886,2021-03-24,MOL,1631,658,973,1229,402,ITF,ITF2,14,Molise,Molise,305617,17948,5.87,0.53
887,2021-01-17,MOL,78,38,40,48,30,ITF,ITF2,14,Molise,Molise,305617,18026,5.9,0.03
888,2021-04-10,MOL,2640,1261,1379,2488,152,ITF,ITF2,14,Molise,Molise,305617,20666,6.76,0.86
889,2021-02-05,MOL,593,269,324,55,538,ITF,ITF2,14,Molise,Molise,305617,21259,6.96,0.19
890,2021-01-19,MOL,173,63,110,162,11,ITF,ITF2,14,Molise,Molise,305617,21432,7.01,0.06
891,2021-02-19,MOL,169,93,76,167,2,ITF,ITF2,14,Molise,Molise,305617,21601,7.07,0.06
892,2021-03-10,MOL,1737,720,1017,1687,50,ITF,ITF2,14,Molise,Molise,305617,23338,7.64,0.57
893,2021-06-01,MOL,2598,1322,1276,2490,108,ITF,ITF2,14,Molise,Molise,305617,25936,8.49,0.85
894,2021-02-07,MOL,66,32,34,19,47,ITF,ITF2,14,Molise,Molise,305617,26002,8.51,0.02
895,2021-05-18,MOL,1645,877,768,990,655,ITF,ITF2,14,Molise,Molise,305617,27647,9.05,0.54
896,2021-03-22,MOL,1148,440,708,905,243,ITF,ITF2,14,Molise,Molise,305617,28795,9.42,0.38
897,2021-05-20,MOL,2660,1370,1290,2474,186,ITF,ITF2,14,Molise,Molise,305617,31455,10.29,0.87
898,2021-01-07,MOL,598,209,389,598,0,ITF,ITF2,14,Molise,Molise,305617,32053,10.49,0.2
899,2021-02-12,MOL,332,150,182,208,124,ITF,ITF2,14,Molise,Molise,305617,32385,10.6,0.11
900,2021-03-15,MOL,832,338,494,587,245,ITF,ITF2,14,Molise,Molise,305617,33217,10.87,0.27
901,2021-01-26,MOL,450,184,266,8,442,ITF,ITF2,14,Molise,Molise,305617,33667,11.02,0.15
902,2021-05-06,MOL,2679,1214,1465,2081,598,ITF,ITF2,14,Molise,Molise,305617,36346,11.89,0.88
903,2021-03-17,MOL,908,385,523,576,332,ITF,ITF2,14,Molise,Molise,305617,37254,12.19,0.3
904,2021-06-08,MOL,2885,1593,1292,2189,696,ITF,ITF2,14,Molise,Molise,305617,40139,13.13,0.94
905,2021-01-12,MOL,336,114,222,336,0,ITF,ITF2,14,Molise,Molise,305617,40475,13.24,0.11
906,2021-02-24,MOL,666,278,388,333,333,ITF,ITF2,14,Molise,Molise,305617,41141,13.46,0.22
907,2021-04-05,MOL,391,189,202,292,99,ITF,ITF2,14,Molise,Molise,305617,41532,13.59,0.13
908,2021-03-29,MOL,2033,835,1198,1547,486,ITF,ITF2,14,Molise,Molise,305617,43565,14.25,0.67
909,2021-01-31,MOL,268,70,198,6,262,ITF,ITF2,14,Molise,Molise,305617,43833,14.34,0.09
910,2021-01-21,MOL,6,2,4,6,0,ITF,ITF2,14,Molise,Molise,305617,43839,14.34,0.0
911,2021-01-28,MOL,613,217,396,17,596,ITF,ITF2,14,Molise,Molise,305617,44452,14.55,0.2
912,2021-03-12,MOL,1459,637,822,1423,36,ITF,ITF2,14,Molise,Molise,305617,45911,15.02,0.48
913,2021-01-14,MOL,646,239,407,646,0,ITF,ITF2,14,Molise,Molise,305617,46557,15.23,0.21
914,2021-05-13,MOL,3038,1410,1628,2581,457,ITF,ITF2,14,Molise,Molise,305617,49595,16.23,0.99
915,2021-04-28,MOL,1693,923,770,476,1217,ITF,ITF2,14,Molise,Molise,305617,51288,16.78,0.55
916,2021-02-21,MOL,574,227,347,572,2,ITF,ITF2,14,Molise,Molise,305617,51862,16.97,0.19
917,2021-02-04,MOL,758,295,463,77,681,ITF,ITF2,14,Molise,Molise,305617,52620,17.22,0.25
918,2021-05-15,MOL,2979,1398,1581,2595,384,ITF,ITF2,14,Molise,Molise,305617,55599,18.19,0.97
919,2021-04-29,MOL,2237,1144,1093,890,1347,ITF,ITF2,14,Molise,Molise,305617,57836,18.92,0.73
920,2021-04-12,MOL,1299,557,742,1048,251,ITF,ITF2,14,Molise,Molise,305617,59135,19.35,0.43
921,2021-03-07,MOL,1132,501,631,1130,2,ITF,ITF2,14,Molise,Molise,305617,60267,19.72,0.37
922,2021-06-15,MOL,2100,983,1117,649,1451,ITF,ITF2,14,Molise,Molise,305617,62367,20.41,0.69
923,2021-06-17,MOL,2306,1017,1289,937,1369,ITF,ITF2,14,Molise,Molise,305617,64673,21.16,0.75
924,2021-05-25,MOL,1963,887,1076,1333,630,ITF,ITF2,14,Molise,Molise,305617,66636,21.8,0.64
925,2021-01-04,MOL,314,131,183,314,0,ITF,ITF2,14,Molise,Molise,305617,66950,21.91,0.1
926,2021-04-14,MOL,1806,767,1039,1145,661,ITF,ITF2,14,Molise,Molise,305617,68756,22.5,0.59
927,2021-02-16,MOL,156,70,86,150,6,ITF,ITF2,14,Molise,Molise,305617,68912,22.55,0.05
928,2021-05-27,MOL,2834,1348,1486,1998,836,ITF,ITF2,14,Molise,Molise,305617,71746,23.48,0.93
929,2021-05-29,MOL,2350,1223,1127,1960,390,ITF,ITF2,14,Molise,Molise,305617,74096,24.24,0.77
930,2021-06-24,MOL,2542,1155,1387,362,2180,ITF,ITF2,14,Molise,Molise,305617,76638,25.08,0.83
931,2021-03-02,MOL,667,383,284,509,158,ITF,ITF2,14,Molise,Molise,305617,77305,25.29,0.22
932,2021-06-10,MOL,2569,1181,1388,1268,1301,ITF,ITF2,14,Molise,Molise,305617,79874,26.14,0.84
933,2021-04-02,MOL,1455,709,746,678,777,ITF,ITF2,14,Molise,Molise,305617,81329,26.61,0.48
934,2021-05-08,MOL,2973,1454,1519,1729,1244,ITF,ITF2,14,Molise,Molise,305617,84302,27.58,0.97
935,2021-04-21,MOL,1864,789,1075,969,895,ITF,ITF2,14,Molise,Molise,305617,86166,28.19,0.61
936,2021-01-09,MOL,450,152,298,450,0,ITF,ITF2,14,Molise,Molise,305617,86616,28.34,0.15
937,2021-04-19,MOL,1827,842,985,1049,778,ITF,ITF2,14,Molise,Molise,305617,88443,28.94,0.6
938,2021-03-03,MOL,672,316,356,590,82,ITF,ITF2,14,Molise,Molise,305617,89115,29.16,0.22
939,2021-01-05,MOL,449,180,269,449,0,ITF,ITF2,14,Molise,Molise,305617,89564,29.31,0.15
940,2021-05-10,MOL,2890,1285,1605,2517,373,ITF,ITF2,14,Molise,Molise,305617,92454,30.25,0.95
941,2021-05-03,MOL,2485,1165,1320,2322,163,ITF,ITF2,14,Molise,Molise,305617,94939,31.06,0.81
942,2021-03-31,MOL,2193,919,1274,1374,819,ITF,ITF2,14,Molise,Molise,305617,97132,31.78,0.72
943,2021-02-23,MOL,582,223,359,363,219,ITF,ITF2,14,Molise,Molise,305617,97714,31.97,0.19
944,2021-06-03,MOL,3291,1566,1725,2737,554,ITF,ITF2,14,Molise,Molise,305617,101005,33.05,1.08
945,2021-05-26,MOL,1548,697,851,794,754,ITF,ITF2,14,Molise,Molise,305617,102553,33.56,0.51
946,2021-03-30,MOL,2003,857,1146,1491,512,ITF,ITF2,14,Molise,Molise,305617,104556,34.21,0.66
947,2021-02-01,MOL,562,201,361,14,548,ITF,ITF2,14,Molise,Molise,305617,105118,34.4,0.18
948,2021-05-12,MOL,2852,1294,1558,2756,96,ITF,ITF2,14,Molise,Molise,305617,107970,35.33,0.93
949,2021-02-02,MOL,539,176,363,216,323,ITF,ITF2,14,Molise,Molise,305617,108509,35.5,0.18
950,2021-01-16,MOL,420,166,254,420,0,ITF,ITF2,14,Molise,Molise,305617,108929,35.64,0.14
951,2021-04-26,MOL,1157,521,636,826,331,ITF,ITF2,14,Molise,Molise,305617,110086,36.02,0.38
952,2021-04-09,MOL,2321,1249,1072,2130,191,ITF,ITF2,14,Molise,Molise,305617,112407,36.78,0.76
953,2021-01-18,MOL,114,48,66,114,0,ITF,ITF2,14,Molise,Molise,305617,112521,36.82,0.04
954,2021-04-11,MOL,1196,591,605,1182,14,ITF,ITF2,14,Molise,Molise,305617,113717,37.21,0.39
955,2021-02-09,MOL,359,170,189,197,162,ITF,ITF2,14,Molise,Molise,305617,114076,37.33,0.12
956,2021-03-11,MOL,1465,637,828,1459,6,ITF,ITF2,14,Molise,Molise,305617,115541,37.81,0.48
957,2021-01-06,MOL,689,260,429,689,0,ITF,ITF2,14,Molise,Molise,305617,116230,38.03,0.23
958,2021-04-16,MOL,2430,1033,1397,1198,1232,ITF,ITF2,14,Molise,Molise,305617,118660,38.83,0.8
959,2021-03-26,MOL,2575,1045,1530,1933,642,ITF,ITF2,14,Molise,Molise,305617,121235,39.67,0.84
960,2021-02-18,MOL,319,74,245,306,13,ITF,ITF2,14,Molise,Molise,305617,121554,39.77,0.1
961,2021-03-09,MOL,1329,579,750,1177,152,ITF,ITF2,14,Molise,Molise,305617,122883,40.21,0.43
962,2021-02-11,MOL,293,133,160,257,36,ITF,ITF2,14,Molise,Molise,305617,123176,40.3,0.1
963,2021-05-22,MOL,1314,711,603,1230,84,ITF,ITF2,14,Molise,Molise,305617,124490,40.73,0.43
964,2021-05-17,MOL,2228,1092,1136,1732,496,ITF,ITF2,14,Molise,Molise,305617,126718,41.46,0.73
965,2021-03-21,MOL,1246,542,704,479,767,ITF,ITF2,14,Molise,Molise,305617,127964,41.87,0.41
966,2021-03-14,MOL,596,240,356,17,579,ITF,ITF2,14,Molise,Molise,305617,128560,42.07,0.2
967,2021-06-22,MOL,2937,1362,1575,685,2252,ITF,ITF2,14,Molise,Molise,305617,131497,43.03,0.96
968,2021-03-28,MOL,1626,747,879,524,1102,ITF,ITF2,14,Molise,Molise,305617,133123,43.56,0.53
969,2021-01-30,MOL,461,158,303,12,449,ITF,ITF2,14,Molise,Molise,305617,133584,43.71,0.15
970,2021-03-25,MOL,1806,730,1076,1309,497,ITF,ITF2,14,Molise,Molise,305617,135390,44.3,0.59
971,2021-03-08,MOL,1379,522,857,1239,140,ITF,ITF2,14,Molise,Molise,305617,136769,44.75,0.45
972,2021-06-16,MOL,1788,904,884,934,854,ITF,ITF2,14,Molise,Molise,305617,138557,45.34,0.59
973,2021-04-13,MOL,1630,718,912,1043,587,ITF,ITF2,14,Molise,Molise,305617,140187,45.87,0.53
974,2021-03-27,MOL,2743,1273,1470,1310,1433,ITF,ITF2,14,Molise,Molise,305617,142930,46.77,0.9
975,2021-04-07,MOL,1688,847,841,1413,275,ITF,ITF2,14,Molise,Molise,305617,144618,47.32,0.55
976,2021-06-05,MOL,2892,1463,1429,2738,154,ITF,ITF2,14,Molise,Molise,305617,147510,48.27,0.95
977,2021-03-04,MOL,850,417,433,526,324,ITF,ITF2,14,Molise,Molise,305617,148360,48.54,0.28
978,2021-06-12,MOL,3375,1736,1639,3289,86,ITF,ITF2,14,Molise,Molise,305617,151735,49.65,1.1
979,2021-06-14,MOL,1627,810,817,552,1075,ITF,ITF2,14,Molise,Molise,305617,153362,50.18,0.53
980,2021-01-20,MOL,18,8,10,18,0,ITF,ITF2,14,Molise,Molise,305617,153380,50.19,0.01
981,2021-04-30,MOL,2937,1556,1381,830,2107,ITF,ITF2,14,Molise,Molise,305617,156317,51.15,0.96
982,2021-02-25,MOL,541,239,302,473,68,ITF,ITF2,14,Molise,Molise,305617,156858,51.33,0.18
983,2021-04-06,MOL,1494,701,793,1151,343,ITF,ITF2,14,Molise,Molise,305617,158352,51.81,0.49
984,2021-02-08,MOL,334,141,193,216,118,ITF,ITF2,14,Molise,Molise,305617,158686,51.92,0.11
985,2021-05-19,MOL,2340,1205,1135,1915,425,ITF,ITF2,14,Molise,Molise,305617,161026,52.69,0.77
986,2021-03-23,MOL,1642,694,948,1435,207,ITF,ITF2,14,Molise,Molise,305617,162668,53.23,0.54
987,2021-02-15,MOL,144,70,74,141,3,ITF,ITF2,14,Molise,Molise,305617,162812,53.27,0.05
988,2021-06-21,MOL,2900,1350,1550,1669,1231,ITF,ITF2,14,Molise,Molise,305617,165712,54.22,0.95
989,2021-04-25,MOL,792,395,397,559,233,ITF,ITF2,14,Molise,Molise,305617,166504,54.48,0.26
990,2021-01-13,MOL,474,160,314,474,0,ITF,ITF2,14,Molise,Molise,305617,166978,54.64,0.16
991,2021-06-19,MOL,2326,1156,1170,1316,1010,ITF,ITF2,14,Molise,Molise,305617,169304,55.4,0.76
992,2021-04-23,MOL,2050,882,1168,1391,659,ITF,ITF2,14,Molise,Molise,305617,171354,56.07,0.67
993,2021-03-13,MOL,1189,594,595,200,989,ITF,ITF2,14,Molise,Molise,305617,172543,56.46,0.39
994,2021-01-15,MOL,538,242,296,538,0,ITF,ITF2,14,Molise,Molise,305617,173081,56.63,0.18
995,2021-06-23,MOL,2760,1277,1483,230,2530,ITF,ITF2,14,Molise,Molise,305617,175841,57.54,0.9
996,2021-03-20,MOL,2321,968,1353,1000,1321,ITF,ITF2,14,Molise,Molise,305617,178162,58.3,0.76
997,2021-02-20,MOL,1018,441,577,998,20,ITF,ITF2,14,Molise,Molise,305617,179180,58.63,0.33
998,2021-05-31,MOL,2351,1139,1212,1933,418,ITF,ITF2,14,Molise,Molise,305617,181531,59.4,0.77
999,2021-05-14,MOL,2644,1215,1429,1926,718,ITF,ITF2,14,Molise,Molise,305617,184175,60.26,0.87
1000,2021-06-02,MOL,2805,1355,1450,2706,99,ITF,ITF2,14,Molise,Molise,305617,186980,61.18,0.92
1001,2021-06-18,MOL,2613,1166,1447,1166,1447,ITF,ITF2,14,Molise,Molise,305617,189593,62.04,0.85
1002,2021-05-30,MOL,1828,908,920,1543,285,ITF,ITF2,14,Molise,Molise,305617,191421,62.63,0.6
1003,2021-01-29,MOL,421,136,285,6,415,ITF,ITF2,14,Molise,Molise,305617,191842,62.77,0.14
1004,2021-05-09,MOL,2051,932,1119,1955,96,ITF,ITF2,14,Molise,Molise,305617,193893,63.44,0.67
1005,2021-05-11,MOL,3207,1414,1793,2957,250,ITF,ITF2,14,Molise,Molise,305617,197100,64.49,1.05
1006,2021-01-22,MOL,128,36,92,128,0,ITF,ITF2,14,Molise,Molise,305617,197228,64.53,0.04
1007,2021-05-02,MOL,1893,932,961,588,1305,ITF,ITF2,14,Molise,Molise,305617,199121,65.15,0.62
1008,2021-03-06,MOL,1728,807,921,1569,159,ITF,ITF2,14,Molise,Molise,305617,200849,65.72,0.57
1009,2021-02-06,MOL,429,179,250,29,400,ITF,ITF2,14,Molise,Molise,305617,201278,65.86,0.14
1010,2021-06-04,MOL,3025,1485,1540,2583,442,ITF,ITF2,14,Molise,Molise,305617,204303,66.85,0.99
1011,2021-04-08,MOL,1766,903,863,1564,202,ITF,ITF2,14,Molise,Molise,305617,206069,67.43,0.58
1012,2021-03-16,MOL,614,230,384,267,347,ITF,ITF2,14,Molise,Molise,305617,206683,67.63,0.2
1013,2021-01-11,MOL,557,194,363,557,0,ITF,ITF2,14,Molise,Molise,305617,207240,67.81,0.18
1014,2021-01-25,MOL,319,130,189,3,316,ITF,ITF2,14,Molise,Molise,305617,207559,67.91,0.1
1015,2021-05-05,MOL,2414,1042,1372,2273,141,ITF,ITF2,14,Molise,Molise,305617,209973,68.7,0.79
1016,2021-05-04,MOL,2705,1181,1524,2577,128,ITF,ITF2,14,Molise,Molise,305617,212678,69.59,0.89
1017,2021-01-10,MOL,270,72,198,270,0,ITF,ITF2,14,Molise,Molise,305617,212948,69.68,0.09
1018,2021-04-20,MOL,2318,1025,1293,1220,1098,ITF,ITF2,14,Molise,Molise,305617,215266,70.44,0.76
1019,2021-06-09,MOL,1023,565,458,523,500,ITF,ITF2,14,Molise,Molise,305617,216289,70.77,0.33
1020,2021-05-23,MOL,1699,863,836,1694,5,ITF,ITF2,14,Molise,Molise,305617,217988,71.33,0.56
1021,2021-03-01,MOL,661,274,387,447,214,ITF,ITF2,14,Molise,Molise,305617,218649,71.54,0.22
1022,2021-04-03,MOL,1773,851,922,1738,35,ITF,ITF2,14,Molise,Molise,305617,220422,72.12,0.58
1023,2021-04-22,MOL,1845,864,981,1066,779,ITF,ITF2,14,Molise,Molise,305617,222267,72.73,0.6
1024,2021-02-17,MOL,72,32,40,57,15,ITF,ITF2,14,Molise,Molise,305617,222339,72.75,0.02
1025,2021-05-28,MOL,2644,1362,1282,2097,547,ITF,ITF2,14,Molise,Molise,305617,224983,73.62,0.87
1026,2021-06-11,MOL,3313,1592,1721,2008,1305,ITF,ITF2,14,Molise,Molise,305617,228296,74.7,1.08
1027,2021-04-15,MOL,1925,793,1132,1080,845,ITF,ITF2,14,Molise,Molise,305617,230221,75.33,0.63
1028,2021-02-03,MOL,731,249,482,338,393,ITF,ITF2,14,Molise,Molise,305617,230952,75.57,0.24
1029,2021-04-27,MOL,1593,767,826,465,1128,ITF,ITF2,14,Molise,Molise,305617,232545,76.09,0.52
1030,2021-05-16,MOL,1247,571,676,1065,182,ITF,ITF2,14,Molise,Molise,305617,233792,76.5,0.41
1031,2021-02-22,MOL,265,129,136,250,15,ITF,ITF2,14,Molise,Molise,305617,234057,76.59,0.09
1032,2020-12-27,MOL,50,20,30,50,0,ITF,ITF2,14,Molise,Molise,305617,234107,76.6,0.02
1033,2021-02-28,MOL,832,334,498,790,42,ITF,ITF2,14,Molise,Molise,305617,234939,76.87,0.27
1034,2021-02-27,MOL,1366,568,798,1347,19,ITF,ITF2,14,Molise,Molise,305617,236305,77.32,0.45
1035,2021-06-07,MOL,1947,857,1090,1128,819,ITF,ITF2,14,Molise,Molise,305617,238252,77.96,0.64
1036,2021-02-13,MOL,132,80,52,132,0,ITF,ITF2,14,Molise,Molise,305617,238384,78.0,0.04
1037,2021-05-24,MOL,1960,852,1108,1294,666,ITF,ITF2,14,Molise,Molise,305617,240344,78.64,0.64
1038,2021-05-07,MOL,2643,1228,1415,2046,597,ITF,ITF2,14,Molise,Molise,305617,242987,79.51,0.86
1039,2021-04-18,MOL,1083,483,600,149,934,ITF,ITF2,14,Molise,Molise,305617,244070,79.86,0.35
1040,2021-04-04,MOL,253,141,112,238,15,ITF,ITF2,14,Molise,Molise,305617,244323,79.94,0.08
1041,2021-03-18,MOL,1156,476,680,692,464,ITF,ITF2,14,Molise,Molise,305617,245479,80.32,0.38
1042,2021-02-10,MOL,151,79,72,131,20,ITF,ITF2,14,Molise,Molise,305617,245630,80.37,0.05
1043,2021-05-21,MOL,2096,1050,1046,1774,322,ITF,ITF2,14,Molise,Molise,305617,247726,81.06,0.69
1044,2021-01-27,MOL,674,251,423,8,666,ITF,ITF2,14,Molise,Molise,305617,248400,81.28,0.22
1045,2021-01-08,MOL,429,141,288,429,0,ITF,ITF2,14,Molise,Molise,305617,248829,81.42,0.14
1046,2021-04-01,MOL,1469,667,802,743,726,ITF,ITF2,14,Molise,Molise,305617,250298,81.9,0.48
1047,2021-05-31,PAT,4719,2173,2546,1676,3043,ITH,ITH2,4,Provincia Autonoma Trento,P.A. Trento,541380,4719,0.87,0.87
1048,2021-04-21,PAT,2910,1359,1551,2860,50,ITH,ITH2,4,Provincia Autonoma Trento,P.A. Trento,541380,7629,1.41,0.54
1049,2021-01-28,PAT,530,147,383,48,482,ITH,ITH2,4,Provincia Autonoma Trento,P.A. Trento,541380,8159,1.51,0.1
1050,2021-01-11,PAT,731,222,509,731,0,ITH,ITH2,4,Provincia Autonoma Trento,P.A. Trento,541380,8890,1.64,0.14
1051,2021-02-16,PAT,664,245,419,659,5,ITH,ITH2,4,Provincia Autonoma Trento,P.A. Trento,541380,9554,1.76,0.12
1052,2021-04-23,PAT,3636,1768,1868,3582,54,ITH,ITH2,4,Provincia Autonoma Trento,P.A. Trento,541380,13190,2.44,0.67
1053,2021-01-30,PAT,386,132,254,152,234,ITH,ITH2,4,Provincia Autonoma Trento,P.A. Trento,541380,13576,2.51,0.07
1054,2021-05-10,PAT,3212,1646,1566,2707,505,ITH,ITH2,4,Provincia Autonoma Trento,P.A. Trento,541380,16788,3.1,0.59
1055,2021-06-12,PAT,5356,2688,2668,471,4885,ITH,ITH2,4,Provincia Autonoma Trento,P.A. Trento,541380,22144,4.09,0.99
1056,2021-03-21,PAT,129,69,60,129,0,ITH,ITH2,4,Provincia Autonoma Trento,P.A. Trento,541380,22273,4.11,0.02
1057,2021-05-24,PAT,4383,2012,2371,1361,3022,ITH,ITH2,4,Provincia Autonoma Trento,P.A. Trento,541380,26656,4.92,0.81
1058,2021-03-02,PAT,1306,440,866,930,376,ITH,ITH2,4,Provincia Autonoma Trento,P.A. Trento,541380,27962,5.16,0.24
1059,2021-06-10,PAT,6119,2977,3142,1915,4204,ITH,ITH2,4,Provincia Autonoma Trento,P.A. Trento,541380,34081,6.3,1.13
1060,2021-03-09,PAT,1582,590,992,938,644,ITH,ITH2,4,Provincia Autonoma Trento,P.A. Trento,541380,35663,6.59,0.29
1061,2021-06-17,PAT,6573,3448,3125,2107,4466,ITH,ITH2,4,Provincia Autonoma Trento,P.A. Trento,541380,42236,7.8,1.21
1062,2021-03-14,PAT,108,65,43,21,87,ITH,ITH2,4,Provincia Autonoma Trento,P.A. Trento,541380,42344,7.82,0.02
1063,2021-03-07,PAT,22,6,16,22,0,ITH,ITH2,4,Provincia Autonoma Trento,P.A. Trento,541380,42366,7.83,0.0
1064,2021-01-09,PAT,190,40,150,190,0,ITH,ITH2,4,Provincia Autonoma Trento,P.A. Trento,541380,42556,7.86,0.04
1065,2021-02-06,PAT,574,298,276,433,141,ITH,ITH2,4,Provincia Autonoma Trento,P.A. Trento,541380,43130,7.97,0.11
1066,2021-02-23,PAT,1111,395,716,898,213,ITH,ITH2,4,Provincia Autonoma Trento,P.A. Trento,541380,44241,8.17,0.21
1067,2021-05-17,PAT,4293,2122,2171,3942,351,ITH,ITH2,4,Provincia Autonoma Trento,P.A. Trento,541380,48534,8.96,0.79
1068,2021-04-14,PAT,3116,1464,1652,2379,737,ITH,ITH2,4,Provincia Autonoma Trento,P.A. Trento,541380,51650,9.54,0.58
1069,2021-03-28,PAT,751,294,457,749,2,ITH,ITH2,4,Provincia Autonoma Trento,P.A. Trento,541380,52401,9.68,0.14
1070,2021-01-04,PAT,870,227,643,870,0,ITH,ITH2,4,Provincia Autonoma Trento,P.A. Trento,541380,53271,9.84,0.16
1071,2021-03-26,PAT,3229,1256,1973,2619,610,ITH,ITH2,4,Provincia Autonoma Trento,P.A. Trento,541380,56500,10.44,0.6
1072,2021-06-19,PAT,3096,1694,1402,255,2841,ITH,ITH2,4,Provincia Autonoma Trento,P.A. Trento,541380,59596,11.01,0.57
1073,2021-04-09,PAT,2739,1162,1577,1539,1200,ITH,ITH2,4,Provincia Autonoma Trento,P.A. Trento,541380,62335,11.51,0.51
1074,2021-02-11,PAT,1133,365,768,796,337,ITH,ITH2,4,Provincia Autonoma Trento,P.A. Trento,541380,63468,11.72,0.21
1075,2021-02-25,PAT,1641,643,998,1200,441,ITH,ITH2,4,Provincia Autonoma Trento,P.A. Trento,541380,65109,12.03,0.3
1076,2020-12-30,PAT,7,3,4,7,0,ITH,ITH2,4,Provincia Autonoma Trento,P.A. Trento,541380,65116,12.03,0.0
1077,2021-06-05,PAT,4080,1915,2165,751,3329,ITH,ITH2,4,Provincia Autonoma Trento,P.A. Trento,541380,69196,12.78,0.75
1078,2021-05-22,PAT,3256,1596,1660,924,2332,ITH,ITH2,4,Provincia Autonoma Trento,P.A. Trento,541380,72452,13.38,0.6
1079,2021-01-23,PAT,577,334,243,388,189,ITH,ITH2,4,Provincia Autonoma Trento,P.A. Trento,541380,73029,13.49,0.11
1080,2021-05-03,PAT,4258,2196,2062,4104,154,ITH,ITH2,4,Provincia Autonoma Trento,P.A. Trento,541380,77287,14.28,0.79
1081,2021-05-05,PAT,4986,2578,2408,4689,297,ITH,ITH2,4,Provincia Autonoma Trento,P.A. Trento,541380,82273,15.2,0.92
1082,2021-01-16,PAT,319,148,171,319,0,ITH,ITH2,4,Provincia Autonoma Trento,P.A. Trento,541380,82592,15.26,0.06
1083,2021-02-20,PAT,407,245,162,123,284,ITH,ITH2,4,Provincia Autonoma Trento,P.A. Trento,541380,82999,15.33,0.08
1084,2021-01-08,PAT,1449,313,1136,1449,0,ITH,ITH2,4,Provincia Autonoma Trento,P.A. Trento,541380,84448,15.6,0.27
1085,2021-06-14,PAT,5740,2968,2772,2117,3623,ITH,ITH2,4,Provincia Autonoma Trento,P.A. Trento,541380,90188,16.66,1.06
1086,2021-04-18,PAT,1855,845,1010,1846,9,ITH,ITH2,4,Provincia Autonoma Trento,P.A. Trento,541380,92043,17.0,0.34
1087,2021-03-06,PAT,786,277,509,635,151,ITH,ITH2,4,Provincia Autonoma Trento,P.A. Trento,541380,92829,17.15,0.15
1088,2021-04-11,PAT,2340,1135,1205,2249,91,ITH,ITH2,4,Provincia Autonoma Trento,P.A. Trento,541380,95169,17.58,0.43
1089,2021-03-04,PAT,2361,794,1567,1583,778,ITH,ITH2,4,Provincia Autonoma Trento,P.A. Trento,541380,97530,18.02,0.44
1090,2021-01-27,PAT,804,277,527,93,711,ITH,ITH2,4,Provincia Autonoma Trento,P.A. Trento,541380,98334,18.16,0.15
1091,2021-02-13,PAT,537,333,204,172,365,ITH,ITH2,4,Provincia Autonoma Trento,P.A. Trento,541380,98871,18.26,0.1
1092,2021-03-18,PAT,2320,957,1363,1240,1080,ITH,ITH2,4,Provincia Autonoma Trento,P.A. Trento,541380,101191,18.69,0.43
1093,2021-06-09,PAT,6233,3076,3157,2164,4069,ITH,ITH2,4,Provincia Autonoma Trento,P.A. Trento,541380,107424,19.84,1.15
1094,2021-04-06,PAT,2261,950,1311,1496,765,ITH,ITH2,4,Provincia Autonoma Trento,P.A. Trento,541380,109685,20.26,0.42
1095,2021-01-13,PAT,421,123,298,421,0,ITH,ITH2,4,Provincia Autonoma Trento,P.A. Trento,541380,110106,20.34,0.08
1096,2021-06-24,PAT,4172,2198,1974,2599,1573,ITH,ITH2,4,Provincia Autonoma Trento,P.A. Trento,541380,114278,21.11,0.77
1097,2021-05-12,PAT,3302,1492,1810,2115,1187,ITH,ITH2,4,Provincia Autonoma Trento,P.A. Trento,541380,117580,21.72,0.61
1098,2021-03-16,PAT,1391,506,885,608,783,ITH,ITH2,4,Provincia Autonoma Trento,P.A. Trento,541380,118971,21.98,0.26
1099,2021-05-14,PAT,5317,2540,2777,3932,1385,ITH,ITH2,4,Provincia Autonoma Trento,P.A. Trento,541380,124288,22.96,0.98
1100,2021-02-08,PAT,1152,319,833,342,810,ITH,ITH2,4,Provincia Autonoma Trento,P.A. Trento,541380,125440,23.17,0.21
1101,2021-01-18,PAT,643,154,489,588,55,ITH,ITH2,4,Provincia Autonoma Trento,P.A. Trento,541380,126083,23.29,0.12
1102,2021-05-02,PAT,3514,1955,1559,3477,37,ITH,ITH2,4,Provincia Autonoma Trento,P.A. Trento,541380,129597,23.94,0.65
1103,2021-02-04,PAT,976,304,672,422,554,ITH,ITH2,4,Provincia Autonoma Trento,P.A. Trento,541380,130573,24.12,0.18
1104,2021-04-13,PAT,2555,1058,1497,2048,507,ITH,ITH2,4,Provincia Autonoma Trento,P.A. Trento,541380,133128,24.59,0.47
1105,2021-01-20,PAT,292,73,219,280,12,ITH,ITH2,4,Provincia Autonoma Trento,P.A. Trento,541380,133420,24.64,0.05
1106,2021-04-30,PAT,4927,2402,2525,4776,151,ITH,ITH2,4,Provincia Autonoma Trento,P.A. Trento,541380,138347,25.55,0.91
1107,2021-05-19,PAT,5097,2455,2642,3842,1255,ITH,ITH2,4,Provincia Autonoma Trento,P.A. Trento,541380,143444,26.5,0.94
1108,2021-06-02,PAT,2838,1359,1479,944,1894,ITH,ITH2,4,Provincia Autonoma Trento,P.A. Trento,541380,146282,27.02,0.52
1109,2021-05-29,PAT,2236,1167,1069,840,1396,ITH,ITH2,4,Provincia Autonoma Trento,P.A. Trento,541380,148518,27.43,0.41
1110,2021-04-02,PAT,2844,1156,1688,2169,675,ITH,ITH2,4,Provincia Autonoma Trento,P.A. Trento,541380,151362,27.96,0.53
1111,2021-04-16,PAT,2864,1360,1504,2719,145,ITH,ITH2,4,Provincia Autonoma Trento,P.A. Trento,541380,154226,28.49,0.53
1112,2021-02-18,PAT,1208,426,782,1146,62,ITH,ITH2,4,Provincia Autonoma Trento,P.A. Trento,541380,155434,28.71,0.22
1113,2021-01-06,PAT,42,13,29,42,0,ITH,ITH2,4,Provincia Autonoma Trento,P.A. Trento,541380,155476,28.72,0.01
1114,2021-04-28,PAT,4250,1976,2274,4112,138,ITH,ITH2,4,Provincia Autonoma Trento,P.A. Trento,541380,159726,29.5,0.79
1115,2021-04-01,PAT,2904,1230,1674,1810,1094,ITH,ITH2,4,Provincia Autonoma Trento,P.A. Trento,541380,162630,30.04,0.54
1116,2021-03-23,PAT,2448,944,1504,1708,740,ITH,ITH2,4,Provincia Autonoma Trento,P.A. Trento,541380,165078,30.49,0.45
1117,2021-05-28,PAT,3717,1735,1982,1492,2225,ITH,ITH2,4,Provincia Autonoma Trento,P.A. Trento,541380,168795,31.18,0.69
1118,2021-01-25,PAT,818,215,603,24,794,ITH,ITH2,4,Provincia Autonoma Trento,P.A. Trento,541380,169613,31.33,0.15
1119,2021-03-25,PAT,2874,1104,1770,1825,1049,ITH,ITH2,4,Provincia Autonoma Trento,P.A. Trento,541380,172487,31.86,0.53
1120,2021-02-27,PAT,1030,457,573,609,421,ITH,ITH2,4,Provincia Autonoma Trento,P.A. Trento,541380,173517,32.05,0.19
1121,2021-01-01,PAT,213,50,163,213,0,ITH,ITH2,4,Provincia Autonoma Trento,P.A. Trento,541380,173730,32.09,0.04
1122,2021-06-07,PAT,5789,2880,2909,2806,2983,ITH,ITH2,4,Provincia Autonoma Trento,P.A. Trento,541380,179519,33.16,1.07
1123,2021-04-25,PAT,1971,940,1031,1964,7,ITH,ITH2,4,Provincia Autonoma Trento,P.A. Trento,541380,181490,33.52,0.36
1124,2021-05-07,PAT,5997,3085,2912,5156,841,ITH,ITH2,4,Provincia Autonoma Trento,P.A. Trento,541380,187487,34.63,1.11
1125,2021-04-20,PAT,2879,1377,1502,2843,36,ITH,ITH2,4,Provincia Autonoma Trento,P.A. Trento,541380,190366,35.16,0.53
1126,2021-05-09,PAT,2324,1210,1114,1980,344,ITH,ITH2,4,Provincia Autonoma Trento,P.A. Trento,541380,192690,35.59,0.43
1127,2021-02-15,PAT,534,188,346,420,114,ITH,ITH2,4,Provincia Autonoma Trento,P.A. Trento,541380,193224,35.69,0.1
1128,2021-05-26,PAT,3917,1843,2074,1225,2692,ITH,ITH2,4,Provincia Autonoma Trento,P.A. Trento,541380,197141,36.41,0.72
1129,2021-05-21,PAT,5047,2418,2629,3339,1708,ITH,ITH2,4,Provincia Autonoma Trento,P.A. Trento,541380,202188,37.35,0.93
1130,2021-02-01,PAT,1222,336,886,92,1130,ITH,ITH2,4,Provincia Autonoma Trento,P.A. Trento,541380,203410,37.57,0.23
1131,2021-02-03,PAT,847,315,532,414,433,ITH,ITH2,4,Provincia Autonoma Trento,P.A. Trento,541380,204257,37.73,0.16
1132,2021-05-23,PAT,1955,993,962,447,1508,ITH,ITH2,4,Provincia Autonoma Trento,P.A. Trento,541380,206212,38.09,0.36
1133,2021-04-10,PAT,2823,1321,1502,2028,795,ITH,ITH2,4,Provincia Autonoma Trento,P.A. Trento,541380,209035,38.61,0.52
1134,2021-02-12,PAT,1011,340,671,590,421,ITH,ITH2,4,Provincia Autonoma Trento,P.A. Trento,541380,210046,38.8,0.19
1135,2021-03-01,PAT,1237,454,783,942,295,ITH,ITH2,4,Provincia Autonoma Trento,P.A. Trento,541380,211283,39.03,0.23
1136,2021-03-20,PAT,874,403,471,671,203,ITH,ITH2,4,Provincia Autonoma Trento,P.A. Trento,541380,212157,39.19,0.16
1137,2021-03-03,PAT,1659,622,1037,1141,518,ITH,ITH2,4,Provincia Autonoma Trento,P.A. Trento,541380,213816,39.49,0.31
1138,2021-06-11,PAT,7181,3419,3762,1569,5612,ITH,ITH2,4,Provincia Autonoma Trento,P.A. Trento,541380,220997,40.82,1.33
1139,2021-03-13,PAT,833,382,451,785,48,ITH,ITH2,4,Provincia Autonoma Trento,P.A. Trento,541380,221830,40.97,0.15
1140,2021-06-21,PAT,6127,3307,2820,3730,2397,ITH,ITH2,4,Provincia Autonoma Trento,P.A. Trento,541380,227957,42.11,1.13
1141,2021-04-29,PAT,4641,2240,2401,4433,208,ITH,ITH2,4,Provincia Autonoma Trento,P.A. Trento,541380,232598,42.96,0.86
1142,2021-01-22,PAT,1669,433,1236,329,1340,ITH,ITH2,4,Provincia Autonoma Trento,P.A. Trento,541380,234267,43.27,0.31
1143,2021-02-05,PAT,802,272,530,283,519,ITH,ITH2,4,Provincia Autonoma Trento,P.A. Trento,541380,235069,43.42,0.15
1144,2021-05-16,PAT,1331,736,595,1092,239,ITH,ITH2,4,Provincia Autonoma Trento,P.A. Trento,541380,236400,43.67,0.25
1145,2021-01-05,PAT,709,232,477,709,0,ITH,ITH2,4,Provincia Autonoma Trento,P.A. Trento,541380,237109,43.8,0.13
1146,2021-06-16,PAT,6207,3343,2864,2045,4162,ITH,ITH2,4,Provincia Autonoma Trento,P.A. Trento,541380,243316,44.94,1.15
1147,2021-03-15,PAT,1411,545,866,947,464,ITH,ITH2,4,Provincia Autonoma Trento,P.A. Trento,541380,244727,45.2,0.26
1148,2021-01-17,PAT,251,195,56,251,0,ITH,ITH2,4,Provincia Autonoma Trento,P.A. Trento,541380,244978,45.25,0.05
1149,2021-06-23,PAT,6463,3431,3032,4597,1866,ITH,ITH2,4,Provincia Autonoma Trento,P.A. Trento,541380,251441,46.44,1.19
1150,2021-05-11,PAT,3699,1750,1949,2849,850,ITH,ITH2,4,Provincia Autonoma Trento,P.A. Trento,541380,255140,47.13,0.68
1151,2021-04-27,PAT,3910,1879,2031,3841,69,ITH,ITH2,4,Provincia Autonoma Trento,P.A. Trento,541380,259050,47.85,0.72
1152,2021-01-10,PAT,84,19,65,84,0,ITH,ITH2,4,Provincia Autonoma Trento,P.A. Trento,541380,259134,47.87,0.02
1153,2021-01-29,PAT,1354,332,1022,55,1299,ITH,ITH2,4,Provincia Autonoma Trento,P.A. Trento,541380,260488,48.12,0.25
1154,2021-04-22,PAT,3152,1470,1682,3107,45,ITH,ITH2,4,Provincia Autonoma Trento,P.A. Trento,541380,263640,48.7,0.58
1155,2021-04-07,PAT,2622,1017,1605,1680,942,ITH,ITH2,4,Provincia Autonoma Trento,P.A. Trento,541380,266262,49.18,0.48
1156,2021-03-30,PAT,2388,973,1415,1751,637,ITH,ITH2,4,Provincia Autonoma Trento,P.A. Trento,541380,268650,49.62,0.44
1157,2021-06-06,PAT,2228,1061,1167,445,1783,ITH,ITH2,4,Provincia Autonoma Trento,P.A. Trento,541380,270878,50.03,0.41
1158,2021-02-17,PAT,1112,425,687,1021,91,ITH,ITH2,4,Provincia Autonoma Trento,P.A. Trento,541380,271990,50.24,0.21
1159,2021-05-30,PAT,1770,872,898,930,840,ITH,ITH2,4,Provincia Autonoma Trento,P.A. Trento,541380,273760,50.57,0.33
1160,2021-04-03,PAT,1140,471,669,972,168,ITH,ITH2,4,Provincia Autonoma Trento,P.A. Trento,541380,274900,50.78,0.21
1161,2021-04-24,PAT,3546,1700,1846,3532,14,ITH,ITH2,4,Provincia Autonoma Trento,P.A. Trento,541380,278446,51.43,0.65
1162,2021-02-26,PAT,1218,435,783,923,295,ITH,ITH2,4,Provincia Autonoma Trento,P.A. Trento,541380,279664,51.66,0.22
1163,2021-01-14,PAT,700,203,497,700,0,ITH,ITH2,4,Provincia Autonoma Trento,P.A. Trento,541380,280364,51.79,0.13
1164,2021-02-28,PAT,242,121,121,242,0,ITH,ITH2,4,Provincia Autonoma Trento,P.A. Trento,541380,280606,51.83,0.04
1165,2021-06-08,PAT,5916,2863,3053,1871,4045,ITH,ITH2,4,Provincia Autonoma Trento,P.A. Trento,541380,286522,52.92,1.09
1166,2021-01-15,PAT,595,132,463,595,0,ITH,ITH2,4,Provincia Autonoma Trento,P.A. Trento,541380,287117,53.03,0.11
1167,2021-05-20,PAT,5010,2355,2655,3375,1635,ITH,ITH2,4,Provincia Autonoma Trento,P.A. Trento,541380,292127,53.96,0.93
1168,2021-03-24,PAT,2376,940,1436,1556,820,ITH,ITH2,4,Provincia Autonoma Trento,P.A. Trento,541380,294503,54.4,0.44
1169,2021-02-09,PAT,917,287,630,442,475,ITH,ITH2,4,Provincia Autonoma Trento,P.A. Trento,541380,295420,54.57,0.17
1170,2021-03-17,PAT,2071,792,1279,1200,871,ITH,ITH2,4,Provincia Autonoma Trento,P.A. Trento,541380,297491,54.95,0.38
1171,2021-02-10,PAT,853,291,562,511,342,ITH,ITH2,4,Provincia Autonoma Trento,P.A. Trento,541380,298344,55.11,0.16
1172,2021-04-08,PAT,3124,1302,1822,2005,1119,ITH,ITH2,4,Provincia Autonoma Trento,P.A. Trento,541380,301468,55.69,0.58
1173,2020-12-31,PAT,1625,449,1176,1625,0,ITH,ITH2,4,Provincia Autonoma Trento,P.A. Trento,541380,303093,55.99,0.3
1174,2021-06-22,PAT,6154,3367,2787,3634,2520,ITH,ITH2,4,Provincia Autonoma Trento,P.A. Trento,541380,309247,57.12,1.14
1175,2021-03-05,PAT,2247,703,1544,1681,566,ITH,ITH2,4,Provincia Autonoma Trento,P.A. Trento,541380,311494,57.54,0.42
1176,2021-01-07,PAT,1270,310,960,1270,0,ITH,ITH2,4,Provincia Autonoma Trento,P.A. Trento,541380,312764,57.77,0.23
1177,2021-04-17,PAT,2230,1138,1092,2173,57,ITH,ITH2,4,Provincia Autonoma Trento,P.A. Trento,541380,314994,58.18,0.41
1178,2021-04-19,PAT,2625,1235,1390,2603,22,ITH,ITH2,4,Provincia Autonoma Trento,P.A. Trento,541380,317619,58.67,0.48
1179,2021-06-15,PAT,6236,3279,2957,1723,4513,ITH,ITH2,4,Provincia Autonoma Trento,P.A. Trento,541380,323855,59.82,1.15
1180,2021-06-13,PAT,3684,2033,1651,295,3389,ITH,ITH2,4,Provincia Autonoma Trento,P.A. Trento,541380,327539,60.5,0.68
1181,2020-12-27,PAT,103,40,63,103,0,ITH,ITH2,4,Provincia Autonoma Trento,P.A. Trento,541380,327642,60.52,0.02
1182,2021-01-12,PAT,505,158,347,505,0,ITH,ITH2,4,Provincia Autonoma Trento,P.A. Trento,541380,328147,60.61,0.09
1183,2021-03-19,PAT,2423,915,1508,1571,852,ITH,ITH2,4,Provincia Autonoma Trento,P.A. Trento,541380,330570,61.06,0.45
1184,2021-04-05,PAT,35,17,18,33,2,ITH,ITH2,4,Provincia Autonoma Trento,P.A. Trento,541380,330605,61.07,0.01
1185,2021-04-26,PAT,2654,1251,1403,2559,95,ITH,ITH2,4,Provincia Autonoma Trento,P.A. Trento,541380,333259,61.56,0.49
1186,2021-02-19,PAT,929,359,570,870,59,ITH,ITH2,4,Provincia Autonoma Trento,P.A. Trento,541380,334188,61.73,0.17
1187,2021-05-04,PAT,4511,2448,2063,4417,94,ITH,ITH2,4,Provincia Autonoma Trento,P.A. Trento,541380,338699,62.56,0.83
1188,2021-03-08,PAT,1411,434,977,1057,354,ITH,ITH2,4,Provincia Autonoma Trento,P.A. Trento,541380,340110,62.82,0.26
1189,2021-03-22,PAT,2306,973,1333,1431,875,ITH,ITH2,4,Provincia Autonoma Trento,P.A. Trento,541380,342416,63.25,0.43
1190,2021-01-24,PAT,547,276,271,224,323,ITH,ITH2,4,Provincia Autonoma Trento,P.A. Trento,541380,342963,63.35,0.1
1191,2021-01-31,PAT,75,15,60,1,74,ITH,ITH2,4,Provincia Autonoma Trento,P.A. Trento,541380,343038,63.36,0.01
1192,2021-04-15,PAT,3202,1443,1759,3048,154,ITH,ITH2,4,Provincia Autonoma Trento,P.A. Trento,541380,346240,63.96,0.59
1193,2021-06-18,PAT,6918,3684,3234,1813,5105,ITH,ITH2,4,Provincia Autonoma Trento,P.A. Trento,541380,353158,65.23,1.28
1194,2021-03-27,PAT,1619,710,909,1362,257,ITH,ITH2,4,Provincia Autonoma Trento,P.A. Trento,541380,354777,65.53,0.3
1195,2021-06-04,PAT,5821,2603,3218,1831,3990,ITH,ITH2,4,Provincia Autonoma Trento,P.A. Trento,541380,360598,66.61,1.08
1196,2021-02-24,PAT,1324,525,799,926,398,ITH,ITH2,4,Provincia Autonoma Trento,P.A. Trento,541380,361922,66.85,0.24
1197,2021-06-03,PAT,4765,2234,2531,1301,3464,ITH,ITH2,4,Provincia Autonoma Trento,P.A. Trento,541380,366687,67.73,0.88
1198,2021-01-19,PAT,406,77,329,406,0,ITH,ITH2,4,Provincia Autonoma Trento,P.A. Trento,541380,367093,67.81,0.07
1199,2021-03-10,PAT,2403,929,1474,1482,921,ITH,ITH2,4,Provincia Autonoma Trento,P.A. Trento,541380,369496,68.25,0.44
1200,2021-05-25,PAT,4765,2266,2499,1867,2898,ITH,ITH2,4,Provincia Autonoma Trento,P.A. Trento,541380,374261,69.13,0.88
1201,2021-05-08,PAT,3161,1725,1436,2739,422,ITH,ITH2,4,Provincia Autonoma Trento,P.A. Trento,541380,377422,69.71,0.58
1202,2021-02-14,PAT,246,186,60,11,235,ITH,ITH2,4,Provincia Autonoma Trento,P.A. Trento,541380,377668,69.76,0.05
1203,2021-05-27,PAT,4289,1990,2299,1251,3038,ITH,ITH2,4,Provincia Autonoma Trento,P.A. Trento,541380,381957,70.55,0.79
1204,2021-02-02,PAT,908,240,668,191,717,ITH,ITH2,4,Provincia Autonoma Trento,P.A. Trento,541380,382865,70.72,0.17
1205,2021-05-13,PAT,3406,1579,1827,2305,1101,ITH,ITH2,4,Provincia Autonoma Trento,P.A. Trento,541380,386271,71.35,0.63
1206,2021-03-31,PAT,2584,983,1601,1727,857,ITH,ITH2,4,Provincia Autonoma Trento,P.A. Trento,541380,388855,71.83,0.48
1207,2021-01-26,PAT,542,154,388,27,515,ITH,ITH2,4,Provincia Autonoma Trento,P.A. Trento,541380,389397,71.93,0.1
1208,2021-05-06,PAT,5530,2739,2791,4750,780,ITH,ITH2,4,Provincia Autonoma Trento,P.A. Trento,541380,394927,72.95,1.02
1209,2021-03-11,PAT,2298,851,1447,1474,824,ITH,ITH2,4,Provincia Autonoma Trento,P.A. Trento,541380,397225,73.37,0.42
1210,2021-01-03,PAT,492,160,332,492,0,ITH,ITH2,4,Provincia Autonoma Trento,P.A. Trento,541380,397717,73.46,0.09
1211,2021-02-22,PAT,745,259,486,661,84,ITH,ITH2,4,Provincia Autonoma Trento,P.A. Trento,541380,398462,73.6,0.14
1212,2021-05-18,PAT,4249,2009,2240,3405,844,ITH,ITH2,4,Provincia Autonoma Trento,P.A. Trento,541380,402711,74.39,0.78
1213,2021-03-12,PAT,2514,938,1576,1708,806,ITH,ITH2,4,Provincia Autonoma Trento,P.A. Trento,541380,405225,74.85,0.46
1214,2021-06-20,PAT,1869,1034,835,32,1837,ITH,ITH2,4,Provincia Autonoma Trento,P.A. Trento,541380,407094,75.2,0.35
1215,2021-01-02,PAT,502,143,359,502,0,ITH,ITH2,4,Provincia Autonoma Trento,P.A. Trento,541380,407596,75.29,0.09
1216,2021-03-29,PAT,2492,965,1527,1757,735,ITH,ITH2,4,Provincia Autonoma Trento,P.A. Trento,541380,410088,75.75,0.46
1217,2021-04-12,PAT,3084,1407,1677,2588,496,ITH,ITH2,4,Provincia Autonoma Trento,P.A. Trento,541380,413172,76.32,0.57
1218,2021-01-21,PAT,352,95,257,228,124,ITH,ITH2,4,Provincia Autonoma Trento,P.A. Trento,541380,413524,76.38,0.07
1219,2021-05-01,PAT,4848,2468,2380,4812,36,ITH,ITH2,4,Provincia Autonoma Trento,P.A. Trento,541380,418372,77.28,0.9
1220,2021-02-21,PAT,155,92,63,43,112,ITH,ITH2,4,Provincia Autonoma Trento,P.A. Trento,541380,418527,77.31,0.03
1221,2021-05-15,PAT,1567,815,752,679,888,ITH,ITH2,4,Provincia Autonoma Trento,P.A. Trento,541380,420094,77.6,0.29
1222,2021-06-01,PAT,4011,1874,2137,1157,2854,ITH,ITH2,4,Provincia Autonoma Trento,P.A. Trento,541380,424105,78.34,0.74
1223,2021-01-30,CAM,10722,5080,5642,38,10684,ITF,ITF3,15,Campania,Campania,5801692,10722,0.18,0.18
1224,2021-01-16,CAM,3370,1676,1694,3370,0,ITF,ITF3,15,Campania,Campania,5801692,14092,0.24,0.06
1225,2021-01-23,CAM,3839,2029,1810,273,3566,ITF,ITF3,15,Campania,Campania,5801692,17931,0.31,0.07
1226,2021-03-21,CAM,10070,4674,5396,7680,2390,ITF,ITF3,15,Campania,Campania,5801692,28001,0.48,0.17
1227,2021-02-10,CAM,6905,3413,3492,6728,177,ITF,ITF3,15,Campania,Campania,5801692,34906,0.6,0.12
1228,2021-03-28,CAM,15554,7504,8050,13929,1625,ITF,ITF3,15,Campania,Campania,5801692,50460,0.87,0.27
1229,2021-01-04,CAM,5826,2963,2863,5826,0,ITF,ITF3,15,Campania,Campania,5801692,56286,0.97,0.1
1230,2021-06-19,CAM,61070,29060,32010,23391,37679,ITF,ITF3,15,Campania,Campania,5801692,117356,2.02,1.05
1231,2021-03-09,CAM,14124,6870,7254,10339,3785,ITF,ITF3,15,Campania,Campania,5801692,131480,2.27,0.24
1232,2021-05-31,CAM,40655,20599,20056,30387,10268,ITF,ITF3,15,Campania,Campania,5801692,172135,2.97,0.7
1233,2021-04-11,CAM,17523,8606,8917,15441,2082,ITF,ITF3,15,Campania,Campania,5801692,189658,3.27,0.3
1234,2021-04-28,CAM,36441,17644,18797,26689,9752,ITF,ITF3,15,Campania,Campania,5801692,226099,3.9,0.63
1235,2021-01-18,CAM,958,399,559,714,244,ITF,ITF3,15,Campania,Campania,5801692,227057,3.91,0.02
1236,2021-05-17,CAM,49300,21659,27641,24102,25198,ITF,ITF3,15,Campania,Campania,5801692,276357,4.76,0.85
1237,2021-02-06,CAM,5340,2665,2675,2102,3238,ITF,ITF3,15,Campania,Campania,5801692,281697,4.86,0.09
1238,2021-02-11,CAM,6279,2704,3575,6213,66,ITF,ITF3,15,Campania,Campania,5801692,287976,4.96,0.11
1239,2021-04-16,CAM,34316,16559,17757,23651,10665,ITF,ITF3,15,Campania,Campania,5801692,322292,5.56,0.59
1240,2021-01-06,CAM,7652,3749,3903,7652,0,ITF,ITF3,15,Campania,Campania,5801692,329944,5.69,0.13
1241,2021-05-24,CAM,31317,15115,16202,16201,15116,ITF,ITF3,15,Campania,Campania,5801692,361261,6.23,0.54
1242,2021-02-13,CAM,5508,2550,2958,5291,217,ITF,ITF3,15,Campania,Campania,5801692,366769,6.32,0.09
1243,2021-04-23,CAM,32309,15514,16795,23162,9147,ITF,ITF3,15,Campania,Campania,5801692,399078,6.88,0.56
1244,2021-03-02,CAM,12761,4558,8203,8416,4345,ITF,ITF3,15,Campania,Campania,5801692,411839,7.1,0.22
1245,2021-01-11,CAM,4070,1871,2199,4070,0,ITF,ITF3,15,Campania,Campania,5801692,415909,7.17,0.07
1246,2021-06-24,CAM,44176,21098,23078,7247,36929,ITF,ITF3,15,Campania,Campania,5801692,460085,7.93,0.76
1247,2021-03-16,CAM,8086,3519,4567,3772,4314,ITF,ITF3,15,Campania,Campania,5801692,468171,8.07,0.14
1248,2021-01-25,CAM,5746,2927,2819,163,5583,ITF,ITF3,15,Campania,Campania,5801692,473917,8.17,0.1
1249,2021-03-23,CAM,15740,7443,8297,13227,2513,ITF,ITF3,15,Campania,Campania,5801692,489657,8.44,0.27
1250,2021-05-19,CAM,51099,22555,28544,34535,16564,ITF,ITF3,15,Campania,Campania,5801692,540756,9.32,0.88
1251,2021-05-05,CAM,51169,24855,26314,44787,6382,ITF,ITF3,15,Campania,Campania,5801692,591925,10.2,0.88
1252,2021-06-07,CAM,55692,26765,28927,51691,4001,ITF,ITF3,15,Campania,Campania,5801692,647617,11.16,0.96
1253,2021-02-25,CAM,12425,4478,7947,11237,1188,ITF,ITF3,15,Campania,Campania,5801692,660042,11.38,0.21
1254,2021-04-09,CAM,30037,14147,15890,23908,6129,ITF,ITF3,15,Campania,Campania,5801692,690079,11.89,0.52
1255,2021-06-05,CAM,77024,37281,39743,71003,6021,ITF,ITF3,15,Campania,Campania,5801692,767103,13.22,1.33
1256,2021-06-14,CAM,36687,17713,18974,18713,17974,ITF,ITF3,15,Campania,Campania,5801692,803790,13.85,0.63
1257,2021-04-08,CAM,28380,13740,14640,22538,5842,ITF,ITF3,15,Campania,Campania,5801692,832170,14.34,0.49
1258,2021-06-04,CAM,74194,35636,38558,65155,9039,ITF,ITF3,15,Campania,Campania,5801692,906364,15.62,1.28
1259,2021-05-21,CAM,63659,29565,34094,43176,20483,ITF,ITF3,15,Campania,Campania,5801692,970023,16.72,1.1
1260,2021-04-01,CAM,24678,12009,12669,20545,4133,ITF,ITF3,15,Campania,Campania,5801692,994701,17.15,0.43
1261,2021-05-28,CAM,72968,35248,37720,26891,46077,ITF,ITF3,15,Campania,Campania,5801692,1067669,18.4,1.26
1262,2021-05-14,CAM,60986,27560,33426,36325,24661,ITF,ITF3,15,Campania,Campania,5801692,1128655,19.45,1.05
1263,2021-04-30,CAM,42287,20169,22118,25821,16466,ITF,ITF3,15,Campania,Campania,5801692,1170942,20.18,0.73
1264,2021-02-04,CAM,7943,3429,4514,1308,6635,ITF,ITF3,15,Campania,Campania,5801692,1178885,20.32,0.14
1265,2021-01-01,CAM,919,506,413,919,0,ITF,ITF3,15,Campania,Campania,5801692,1179804,20.34,0.02
1266,2021-03-25,CAM,20320,9653,10667,16817,3503,ITF,ITF3,15,Campania,Campania,5801692,1200124,20.69,0.35
1267,2021-01-20,CAM,1257,650,607,1257,0,ITF,ITF3,15,Campania,Campania,5801692,1201381,20.71,0.02
1268,2021-06-02,CAM,42739,20107,22632,38109,4630,ITF,ITF3,15,Campania,Campania,5801692,1244120,21.44,0.74
1269,2021-02-22,CAM,10681,3294,7387,10418,263,ITF,ITF3,15,Campania,Campania,5801692,1254801,21.63,0.18
1270,2021-03-11,CAM,17998,9057,8941,10719,7279,ITF,ITF3,15,Campania,Campania,5801692,1272799,21.94,0.31
1271,2021-05-16,CAM,51145,23225,27920,33573,17572,ITF,ITF3,15,Campania,Campania,5801692,1323944,22.82,0.88
1272,2021-02-20,CAM,8573,3080,5493,8270,303,ITF,ITF3,15,Campania,Campania,5801692,1332517,22.97,0.15
1273,2021-02-03,CAM,8903,4003,4900,878,8025,ITF,ITF3,15,Campania,Campania,5801692,1341420,23.12,0.15
1274,2021-02-18,CAM,9080,3813,5267,8373,707,ITF,ITF3,15,Campania,Campania,5801692,1350500,23.28,0.16
1275,2021-04-25,CAM,30730,15170,15560,25337,5393,ITF,ITF3,15,Campania,Campania,5801692,1381230,23.81,0.53
1276,2021-01-13,CAM,8020,3666,4354,8020,0,ITF,ITF3,15,Campania,Campania,5801692,1389250,23.95,0.14
1277,2021-04-18,CAM,27217,13282,13935,18317,8900,ITF,ITF3,15,Campania,Campania,5801692,1416467,24.41,0.47
1278,2021-01-08,CAM,10454,4967,5487,10454,0,ITF,ITF3,15,Campania,Campania,5801692,1426921,24.59,0.18
1279,2021-04-04,CAM,7964,4016,3948,6918,1046,ITF,ITF3,15,Campania,Campania,5801692,1434885,24.73,0.14
1280,2021-06-12,CAM,60383,29655,30728,53179,7204,ITF,ITF3,15,Campania,Campania,5801692,1495268,25.77,1.04
1281,2021-03-04,CAM,14706,5395,9311,8812,5894,ITF,ITF3,15,Campania,Campania,5801692,1509974,26.03,0.25
1282,2021-05-07,CAM,59757,29199,30558,43811,15946,ITF,ITF3,15,Campania,Campania,5801692,1569731,27.06,1.03
1283,2021-01-27,CAM,7738,3820,3918,162,7576,ITF,ITF3,15,Campania,Campania,5801692,1577469,27.19,0.13
1284,2021-05-26,CAM,52609,25780,26829,21548,31061,ITF,ITF3,15,Campania,Campania,5801692,1630078,28.1,0.91
1285,2021-04-06,CAM,24514,11564,12950,19990,4524,ITF,ITF3,15,Campania,Campania,5801692,1654592,28.52,0.42
1286,2020-12-27,CAM,720,422,298,720,0,ITF,ITF3,15,Campania,Campania,5801692,1655312,28.53,0.01
1287,2021-04-20,CAM,32031,15498,16533,20721,11310,ITF,ITF3,15,Campania,Campania,5801692,1687343,29.08,0.55
1288,2021-03-20,CAM,13985,6525,7460,10246,3739,ITF,ITF3,15,Campania,Campania,5801692,1701328,29.32,0.24
1289,2021-05-12,CAM,40877,19945,20932,31726,9151,ITF,ITF3,15,Campania,Campania,5801692,1742205,30.03,0.7
1290,2021-02-08,CAM,5113,2449,2664,4310,803,ITF,ITF3,15,Campania,Campania,5801692,1747318,30.12,0.09
1291,2021-02-27,CAM,13948,4473,9475,12306,1642,ITF,ITF3,15,Campania,Campania,5801692,1761266,30.36,0.24
1292,2021-06-16,CAM,30376,14356,16020,19637,10739,ITF,ITF3,15,Campania,Campania,5801692,1791642,30.88,0.52
1293,2021-05-02,CAM,43493,21540,21953,32138,11355,ITF,ITF3,15,Campania,Campania,5801692,1835135,31.63,0.75
1294,2021-01-22,CAM,1525,776,749,673,852,ITF,ITF3,15,Campania,Campania,5801692,1836660,31.66,0.03
1295,2021-03-06,CAM,16371,6814,9557,10702,5669,ITF,ITF3,15,Campania,Campania,5801692,1853031,31.94,0.28
1296,2021-02-24,CAM,11784,4149,7635,11096,688,ITF,ITF3,15,Campania,Campania,5801692,1864815,32.14,0.2
1297,2021-01-05,CAM,7237,3637,3600,7237,0,ITF,ITF3,15,Campania,Campania,5801692,1872052,32.27,0.12
1298,2021-02-17,CAM,7389,3211,4178,6329,1060,ITF,ITF3,15,Campania,Campania,5801692,1879441,32.39,0.13
1299,2021-04-15,CAM,34339,16660,17679,24439,9900,ITF,ITF3,15,Campania,Campania,5801692,1913780,32.99,0.59
1300,2021-04-13,CAM,26602,12681,13921,21070,5532,ITF,ITF3,15,Campania,Campania,5801692,1940382,33.45,0.46
1301,2021-01-03,CAM,3836,2009,1827,3836,0,ITF,ITF3,15,Campania,Campania,5801692,1944218,33.51,0.07
1302,2021-04-27,CAM,32155,15622,16533,24235,7920,ITF,ITF3,15,Campania,Campania,5801692,1976373,34.07,0.55
1303,2021-06-23,CAM,45933,21686,24247,10198,35735,ITF,ITF3,15,Campania,Campania,5801692,2022306,34.86,0.79
1304,2021-01-15,CAM,4980,2381,2599,4980,0,ITF,ITF3,15,Campania,Campania,5801692,2027286,34.94,0.09
1305,2021-06-21,CAM,45756,22095,23661,10610,35146,ITF,ITF3,15,Campania,Campania,5801692,2073042,35.73,0.79
1306,2021-03-13,CAM,14517,7038,7479,9235,5282,ITF,ITF3,15,Campania,Campania,5801692,2087559,35.98,0.25
1307,2021-03-22,CAM,13180,6343,6837,11140,2040,ITF,ITF3,15,Campania,Campania,5801692,2100739,36.21,0.23
1308,2021-02-07,CAM,2929,1382,1547,2158,771,ITF,ITF3,15,Campania,Campania,5801692,2103668,36.26,0.05
1309,2021-05-18,CAM,52134,23197,28937,32514,19620,ITF,ITF3,15,Campania,Campania,5801692,2155802,37.16,0.9
1310,2021-02-05,CAM,7259,3463,3796,2132,5127,ITF,ITF3,15,Campania,Campania,5801692,2163061,37.28,0.13
1311,2021-04-29,CAM,41325,20035,21290,24846,16479,ITF,ITF3,15,Campania,Campania,5801692,2204386,38.0,0.71
1312,2021-01-19,CAM,1095,474,621,1092,3,ITF,ITF3,15,Campania,Campania,5801692,2205481,38.01,0.02
1313,2021-03-18,CAM,12175,5380,6795,5986,6189,ITF,ITF3,15,Campania,Campania,5801692,2217656,38.22,0.21
1314,2021-04-05,CAM,11637,5542,6095,9214,2423,ITF,ITF3,15,Campania,Campania,5801692,2229293,38.42,0.2
1315,2021-03-17,CAM,11590,5100,6490,5009,6581,ITF,ITF3,15,Campania,Campania,5801692,2240883,38.62,0.2
1316,2021-06-11,CAM,67767,32851,34916,61755,6012,ITF,ITF3,15,Campania,Campania,5801692,2308650,39.79,1.17
1317,2021-03-03,CAM,13923,5496,8427,7293,6630,ITF,ITF3,15,Campania,Campania,5801692,2322573,40.03,0.24
1318,2021-02-01,CAM,3984,1813,2171,110,3874,ITF,ITF3,15,Campania,Campania,5801692,2326557,40.1,0.07
1319,2021-03-30,CAM,22047,10572,11475,19089,2958,ITF,ITF3,15,Campania,Campania,5801692,2348604,40.48,0.38
1320,2021-04-17,CAM,36179,17510,18669,24670,11509,ITF,ITF3,15,Campania,Campania,5801692,2384783,41.1,0.62
1321,2021-06-13,CAM,41842,20395,21447,37119,4723,ITF,ITF3,15,Campania,Campania,5801692,2426625,41.83,0.72
1322,2021-05-30,CAM,52153,25442,26711,38841,13312,ITF,ITF3,15,Campania,Campania,5801692,2478778,42.73,0.9
1323,2021-02-19,CAM,9570,3559,6011,8920,650,ITF,ITF3,15,Campania,Campania,5801692,2488348,42.89,0.16
1324,2021-03-29,CAM,19398,9572,9826,17852,1546,ITF,ITF3,15,Campania,Campania,5801692,2507746,43.22,0.33
1325,2021-06-20,CAM,46812,22352,24460,13829,32983,ITF,ITF3,15,Campania,Campania,5801692,2554558,44.03,0.81
1326,2021-03-27,CAM,21510,10242,11268,17645,3865,ITF,ITF3,15,Campania,Campania,5801692,2576068,44.4,0.37
1327,2021-06-01,CAM,41904,20791,21113,31476,10428,ITF,ITF3,15,Campania,Campania,5801692,2617972,45.12,0.72
1328,2021-06-18,CAM,63704,30279,33425,33443,30261,ITF,ITF3,15,Campania,Campania,5801692,2681676,46.22,1.1
1329,2021-03-10,CAM,15610,7719,7891,8775,6835,ITF,ITF3,15,Campania,Campania,5801692,2697286,46.49,0.27
1330,2021-05-15,CAM,62625,29033,33592,43939,18686,ITF,ITF3,15,Campania,Campania,5801692,2759911,47.57,1.08
1331,2021-03-08,CAM,14686,6847,7839,9911,4775,ITF,ITF3,15,Campania,Campania,5801692,2774597,47.82,0.25
1332,2021-05-04,CAM,48475,23344,25131,39576,8899,ITF,ITF3,15,Campania,Campania,5801692,2823072,48.66,0.84
1333,2021-01-24,CAM,4122,2119,2003,377,3745,ITF,ITF3,15,Campania,Campania,5801692,2827194,48.73,0.07
1334,2021-05-13,CAM,55442,24825,30617,39440,16002,ITF,ITF3,15,Campania,Campania,5801692,2882636,49.69,0.96
1335,2021-01-31,CAM,8068,3711,4357,23,8045,ITF,ITF3,15,Campania,Campania,5801692,2890704,49.83,0.14
1336,2021-05-11,CAM,39847,19234,20613,30464,9383,ITF,ITF3,15,Campania,Campania,5801692,2930551,50.51,0.69
1337,2021-02-02,CAM,5724,2805,2919,444,5280,ITF,ITF3,15,Campania,Campania,5801692,2936275,50.61,0.1
1338,2021-03-31,CAM,23181,11368,11813,19742,3439,ITF,ITF3,15,Campania,Campania,5801692,2959456,51.01,0.4
1339,2021-06-22,CAM,51182,24370,26812,12322,38860,ITF,ITF3,15,Campania,Campania,5801692,3010638,51.89,0.88
1340,2021-03-14,CAM,8618,3827,4791,4478,4140,ITF,ITF3,15,Campania,Campania,5801692,3019256,52.04,0.15
1341,2021-05-10,CAM,35461,16386,19075,25540,9921,ITF,ITF3,15,Campania,Campania,5801692,3054717,52.65,0.61
1342,2021-06-08,CAM,51474,25037,26437,44488,6986,ITF,ITF3,15,Campania,Campania,5801692,3106191,53.54,0.89
1343,2021-01-17,CAM,1155,551,604,702,453,ITF,ITF3,15,Campania,Campania,5801692,3107346,53.56,0.02
1344,2021-03-15,CAM,13337,6485,6852,8592,4745,ITF,ITF3,15,Campania,Campania,5801692,3120683,53.79,0.23
1345,2021-05-27,CAM,72857,35302,37555,26369,46488,ITF,ITF3,15,Campania,Campania,5801692,3193540,55.04,1.26
1346,2021-02-16,CAM,5439,2411,3028,4668,771,ITF,ITF3,15,Campania,Campania,5801692,3198979,55.14,0.09
1347,2021-05-22,CAM,67886,32469,35417,46449,21437,ITF,ITF3,15,Campania,Campania,5801692,3266865,56.31,1.17
1348,2021-03-24,CAM,17920,8368,9552,14963,2957,ITF,ITF3,15,Campania,Campania,5801692,3284785,56.62,0.31
1349,2021-05-20,CAM,60721,28070,32651,43171,17550,ITF,ITF3,15,Campania,Campania,5801692,3345506,57.66,1.05
1350,2021-02-09,CAM,4643,2202,2441,4391,252,ITF,ITF3,15,Campania,Campania,5801692,3350149,57.74,0.08
1351,2021-05-29,CAM,67794,32249,35545,43938,23856,ITF,ITF3,15,Campania,Campania,5801692,3417943,58.91,1.17
1352,2021-01-21,CAM,2092,1115,977,676,1416,ITF,ITF3,15,Campania,Campania,5801692,3420035,58.95,0.04
1353,2021-04-14,CAM,27642,13334,14308,19073,8569,ITF,ITF3,15,Campania,Campania,5801692,3447677,59.43,0.48
1354,2021-05-01,CAM,46337,22660,23677,30234,16103,ITF,ITF3,15,Campania,Campania,5801692,3494014,60.22,0.8
1355,2021-03-12,CAM,14573,7409,7164,8490,6083,ITF,ITF3,15,Campania,Campania,5801692,3508587,60.48,0.25
1356,2021-06-03,CAM,72491,35135,37356,61876,10615,ITF,ITF3,15,Campania,Campania,5801692,3581078,61.72,1.25
1357,2021-02-23,CAM,11003,3388,7615,10477,526,ITF,ITF3,15,Campania,Campania,5801692,3592081,61.91,0.19
1358,2021-02-21,CAM,5836,2241,3595,5611,225,ITF,ITF3,15,Campania,Campania,5801692,3597917,62.01,0.1
1359,2021-04-07,CAM,24971,11984,12987,20246,4725,ITF,ITF3,15,Campania,Campania,5801692,3622888,62.45,0.43
1360,2021-04-02,CAM,21847,10516,11331,19525,2322,ITF,ITF3,15,Campania,Campania,5801692,3644735,62.82,0.38
1361,2020-12-31,CAM,1490,811,679,1490,0,ITF,ITF3,15,Campania,Campania,5801692,3646225,62.85,0.03
1362,2021-06-06,CAM,62317,30977,31340,61671,646,ITF,ITF3,15,Campania,Campania,5801692,3708542,63.92,1.07
1363,2021-02-26,CAM,13336,4228,9108,12001,1335,ITF,ITF3,15,Campania,Campania,5801692,3721878,64.15,0.23
1364,2021-04-24,CAM,36357,17525,18832,25110,11247,ITF,ITF3,15,Campania,Campania,5801692,3758235,64.78,0.63
1365,2021-04-10,CAM,28351,13492,14859,23438,4913,ITF,ITF3,15,Campania,Campania,5801692,3786586,65.27,0.49
1366,2021-05-25,CAM,46433,22316,24117,23065,23368,ITF,ITF3,15,Campania,Campania,5801692,3833019,66.07,0.8
1367,2021-04-22,CAM,33943,16533,17410,21540,12403,ITF,ITF3,15,Campania,Campania,5801692,3866962,66.65,0.59
1368,2021-01-12,CAM,5215,2564,2651,5215,0,ITF,ITF3,15,Campania,Campania,5801692,3872177,66.74,0.09
1369,2021-05-06,CAM,57281,27909,29372,42830,14451,ITF,ITF3,15,Campania,Campania,5801692,3929458,67.73,0.99
1370,2021-02-28,CAM,10411,3206,7205,8511,1900,ITF,ITF3,15,Campania,Campania,5801692,3939869,67.91,0.18
1371,2021-02-14,CAM,3928,1923,2005,3894,34,ITF,ITF3,15,Campania,Campania,5801692,3943797,67.98,0.07
1372,2021-01-26,CAM,7340,3726,3614,351,6989,ITF,ITF3,15,Campania,Campania,5801692,3951137,68.1,0.13
1373,2021-04-19,CAM,30771,14830,15941,19201,11570,ITF,ITF3,15,Campania,Campania,5801692,3981908,68.63,0.53
1374,2021-01-09,CAM,10567,5024,5543,10567,0,ITF,ITF3,15,Campania,Campania,5801692,3992475,68.82,0.18
1375,2021-01-07,CAM,8911,4167,4744,8911,0,ITF,ITF3,15,Campania,Campania,5801692,4001386,68.97,0.15
1376,2021-03-05,CAM,16810,6663,10147,10147,6663,ITF,ITF3,15,Campania,Campania,5801692,4018196,69.26,0.29
1377,2021-01-14,CAM,7074,2978,4096,7074,0,ITF,ITF3,15,Campania,Campania,5801692,4025270,69.38,0.12
1378,2021-04-12,CAM,23300,10917,12383,20265,3035,ITF,ITF3,15,Campania,Campania,5801692,4048570,69.78,0.4
1379,2021-01-02,CAM,3672,1962,1710,3672,0,ITF,ITF3,15,Campania,Campania,5801692,4052242,69.85,0.06
1380,2021-06-17,CAM,57531,27558,29973,30794,26737,ITF,ITF3,15,Campania,Campania,5801692,4109773,70.84,0.99
1381,2021-03-26,CAM,19858,9317,10541,16043,3815,ITF,ITF3,15,Campania,Campania,5801692,4129631,71.18,0.34
1382,2021-04-26,CAM,34028,16646,17382,28406,5622,ITF,ITF3,15,Campania,Campania,5801692,4163659,71.77,0.59
1383,2021-03-07,CAM,11973,5404,6569,8130,3843,ITF,ITF3,15,Campania,Campania,5801692,4175632,71.97,0.21
1384,2021-05-03,CAM,40765,19892,20873,28911,11854,ITF,ITF3,15,Campania,Campania,5801692,4216397,72.68,0.7
1385,2021-06-15,CAM,18064,8793,9271,10678,7386,ITF,ITF3,15,Campania,Campania,5801692,4234461,72.99,0.31
1386,2021-02-15,CAM,5471,2516,2955,5297,174,ITF,ITF3,15,Campania,Campania,5801692,4239932,73.08,0.09
1387,2021-06-09,CAM,52397,25730,26667,41515,10882,ITF,ITF3,15,Campania,Campania,5801692,4292329,73.98,0.9
1388,2021-03-01,CAM,12130,4247,7883,8017,4113,ITF,ITF3,15,Campania,Campania,5801692,4304459,74.19,0.21
1389,2021-05-09,CAM,43195,20283,22912,32100,11095,ITF,ITF3,15,Campania,Campania,5801692,4347654,74.94,0.74
1390,2021-01-10,CAM,8165,3736,4429,8165,0,ITF,ITF3,15,Campania,Campania,5801692,4355819,75.08,0.14
1391,2021-04-03,CAM,21115,10315,10800,18734,2381,ITF,ITF3,15,Campania,Campania,5801692,4376934,75.44,0.36
1392,2021-05-23,CAM,58739,28635,30104,37844,20895,ITF,ITF3,15,Campania,Campania,5801692,4435673,76.45,1.01
1393,2021-02-12,CAM,6531,2861,3670,6343,188,ITF,ITF3,15,Campania,Campania,5801692,4442204,76.57,0.11
1394,2021-01-29,CAM,10052,4812,5240,47,10005,ITF,ITF3,15,Campania,Campania,5801692,4452256,76.74,0.17
1395,2021-03-19,CAM,11143,4974,6169,7271,3872,ITF,ITF3,15,Campania,Campania,5801692,4463399,76.93,0.19
1396,2021-06-10,CAM,73329,35379,37950,66316,7013,ITF,ITF3,15,Campania,Campania,5801692,4536728,78.2,1.26
1397,2021-05-08,CAM,56420,27132,29288,40591,15829,ITF,ITF3,15,Campania,Campania,5801692,4593148,79.17,0.97
1398,2021-01-28,CAM,8832,4121,4711,134,8698,ITF,ITF3,15,Campania,Campania,5801692,4601980,79.32,0.15
1399,2021-04-21,CAM,30224,14722,15502,17998,12226,ITF,ITF3,15,Campania,Campania,5801692,4632204,79.84,0.52
1400,2021-03-25,BAS,1884,604,1280,1539,345,ITF,ITF5,17,Basilicata,Basilicata,559084,1884,0.34,0.34
1401,2021-01-27,BAS,411,175,236,113,298,ITF,ITF5,17,Basilicata,Basilicata,559084,2295,0.41,0.07
1402,2021-02-10,BAS,548,238,310,496,52,ITF,ITF5,17,Basilicata,Basilicata,559084,2843,0.51,0.1
1403,2021-05-21,BAS,4573,2320,2253,1490,3083,ITF,ITF5,17,Basilicata,Basilicata,559084,7416,1.33,0.82
1404,2021-04-01,BAS,2701,1107,1594,1980,721,ITF,ITF5,17,Basilicata,Basilicata,559084,10117,1.81,0.48
1405,2021-02-03,BAS,669,301,368,32,637,ITF,ITF5,17,Basilicata,Basilicata,559084,10786,1.93,0.12
1406,2021-01-22,BAS,67,24,43,67,0,ITF,ITF5,17,Basilicata,Basilicata,559084,10853,1.94,0.01
1407,2021-05-02,BAS,4180,2001,2179,3551,629,ITF,ITF5,17,Basilicata,Basilicata,559084,15033,2.69,0.75
1408,2021-04-15,BAS,3386,1659,1727,2632,754,ITF,ITF5,17,Basilicata,Basilicata,559084,18419,3.29,0.61
1409,2021-01-03,BAS,901,344,557,901,0,ITF,ITF5,17,Basilicata,Basilicata,559084,19320,3.46,0.16
1410,2021-06-04,BAS,4830,2286,2544,3784,1046,ITF,ITF5,17,Basilicata,Basilicata,559084,24150,4.32,0.86
1411,2021-02-24,BAS,1803,743,1060,1734,69,ITF,ITF5,17,Basilicata,Basilicata,559084,25953,4.64,0.32
1412,2021-02-22,BAS,1790,773,1017,1737,53,ITF,ITF5,17,Basilicata,Basilicata,559084,27743,4.96,0.32
1413,2021-06-23,BAS,3310,1557,1753,2433,877,ITF,ITF5,17,Basilicata,Basilicata,559084,31053,5.55,0.59
1414,2021-05-04,BAS,4137,1991,2146,3614,523,ITF,ITF5,17,Basilicata,Basilicata,559084,35190,6.29,0.74
1415,2021-03-08,BAS,1459,712,747,846,613,ITF,ITF5,17,Basilicata,Basilicata,559084,36649,6.56,0.26
1416,2021-06-16,BAS,4590,2082,2508,2136,2454,ITF,ITF5,17,Basilicata,Basilicata,559084,41239,7.38,0.82
1417,2021-06-09,BAS,4423,2072,2351,3999,424,ITF,ITF5,17,Basilicata,Basilicata,559084,45662,8.17,0.79
1418,2021-04-13,BAS,2113,1051,1062,1295,818,ITF,ITF5,17,Basilicata,Basilicata,559084,47775,8.55,0.38
1419,2021-03-01,BAS,548,284,264,382,166,ITF,ITF5,17,Basilicata,Basilicata,559084,48323,8.64,0.1
1420,2021-04-08,BAS,764,348,416,754,10,ITF,ITF5,17,Basilicata,Basilicata,559084,49087,8.78,0.14
1421,2021-04-22,BAS,5036,2346,2690,3433,1603,ITF,ITF5,17,Basilicata,Basilicata,559084,54123,9.68,0.9
1422,2021-02-17,BAS,1135,493,642,1059,76,ITF,ITF5,17,Basilicata,Basilicata,559084,55258,9.88,0.2
1423,2021-05-28,BAS,3612,1807,1805,949,2663,ITF,ITF5,17,Basilicata,Basilicata,559084,58870,10.53,0.65
1424,2021-06-11,BAS,4224,1975,2249,3195,1029,ITF,ITF5,17,Basilicata,Basilicata,559084,63094,11.29,0.76
1425,2021-01-15,BAS,813,350,463,813,0,ITF,ITF5,17,Basilicata,Basilicata,559084,63907,11.43,0.15
1426,2020-12-27,BAS,106,41,65,106,0,ITF,ITF5,17,Basilicata,Basilicata,559084,64013,11.45,0.02
1427,2021-03-20,BAS,1294,573,721,281,1013,ITF,ITF5,17,Basilicata,Basilicata,559084,65307,11.68,0.23
1428,2021-03-06,BAS,1357,536,821,760,597,ITF,ITF5,17,Basilicata,Basilicata,559084,66664,11.92,0.24
1429,2021-05-09,BAS,4684,2339,2345,2990,1694,ITF,ITF5,17,Basilicata,Basilicata,559084,71348,12.76,0.84
1430,2021-05-30,BAS,2773,1419,1354,922,1851,ITF,ITF5,17,Basilicata,Basilicata,559084,74121,13.26,0.5
1431,2021-04-03,BAS,1808,748,1060,1471,337,ITF,ITF5,17,Basilicata,Basilicata,559084,75929,13.58,0.32
1432,2021-02-05,BAS,986,443,543,64,922,ITF,ITF5,17,Basilicata,Basilicata,559084,76915,13.76,0.18
1433,2021-05-16,BAS,4972,2468,2504,2859,2113,ITF,ITF5,17,Basilicata,Basilicata,559084,81887,14.65,0.89
1434,2021-01-10,BAS,77,24,53,77,0,ITF,ITF5,17,Basilicata,Basilicata,559084,81964,14.66,0.01
1435,2021-04-20,BAS,4033,1920,2113,2202,1831,ITF,ITF5,17,Basilicata,Basilicata,559084,85997,15.38,0.72
1436,2021-01-08,BAS,554,219,335,554,0,ITF,ITF5,17,Basilicata,Basilicata,559084,86551,15.48,0.1
1437,2021-03-15,BAS,2356,983,1373,524,1832,ITF,ITF5,17,Basilicata,Basilicata,559084,88907,15.9,0.42
1438,2021-01-17,BAS,328,133,195,327,1,ITF,ITF5,17,Basilicata,Basilicata,559084,89235,15.96,0.06
1439,2021-04-27,BAS,4727,2242,2485,4402,325,ITF,ITF5,17,Basilicata,Basilicata,559084,93962,16.81,0.85
1440,2021-06-01,BAS,6135,2925,3210,3059,3076,ITF,ITF5,17,Basilicata,Basilicata,559084,100097,17.9,1.1
1441,2021-06-08,BAS,4737,2255,2482,4250,487,ITF,ITF5,17,Basilicata,Basilicata,559084,104834,18.75,0.85
1442,2021-04-12,BAS,2169,1050,1119,1681,488,ITF,ITF5,17,Basilicata,Basilicata,559084,107003,19.14,0.39
1443,2021-03-13,BAS,1798,890,908,753,1045,ITF,ITF5,17,Basilicata,Basilicata,559084,108801,19.46,0.32
1444,2021-02-07,BAS,375,159,216,49,326,ITF,ITF5,17,Basilicata,Basilicata,559084,109176,19.53,0.07
1445,2021-05-18,BAS,5897,2857,3040,3405,2492,ITF,ITF5,17,Basilicata,Basilicata,559084,115073,20.58,1.05
1446,2021-05-01,BAS,4703,2136,2567,3952,751,ITF,ITF5,17,Basilicata,Basilicata,559084,119776,21.42,0.84
1447,2021-04-17,BAS,3461,1655,1806,2199,1262,ITF,ITF5,17,Basilicata,Basilicata,559084,123237,22.04,0.62
1448,2021-03-29,BAS,2434,880,1554,2147,287,ITF,ITF5,17,Basilicata,Basilicata,559084,125671,22.48,0.44
1449,2021-01-05,BAS,946,409,537,946,0,ITF,ITF5,17,Basilicata,Basilicata,559084,126617,22.65,0.17
1450,2021-06-20,BAS,4005,1880,2125,1968,2037,ITF,ITF5,17,Basilicata,Basilicata,559084,130622,23.36,0.72
1451,2021-06-18,BAS,4451,2058,2393,2193,2258,ITF,ITF5,17,Basilicata,Basilicata,559084,135073,24.16,0.8
1452,2021-01-24,BAS,840,303,537,58,782,ITF,ITF5,17,Basilicata,Basilicata,559084,135913,24.31,0.15
1453,2021-05-13,BAS,5985,2967,3018,3389,2596,ITF,ITF5,17,Basilicata,Basilicata,559084,141898,25.38,1.07
1454,2021-05-08,BAS,4835,2399,2436,3429,1406,ITF,ITF5,17,Basilicata,Basilicata,559084,146733,26.25,0.86
1455,2021-05-11,BAS,2655,1354,1301,1622,1033,ITF,ITF5,17,Basilicata,Basilicata,559084,149388,26.72,0.47
1456,2021-04-05,BAS,723,233,490,421,302,ITF,ITF5,17,Basilicata,Basilicata,559084,150111,26.85,0.13
1457,2021-03-22,BAS,1187,535,652,639,548,ITF,ITF5,17,Basilicata,Basilicata,559084,151298,27.06,0.21
1458,2021-03-03,BAS,1746,816,930,1187,559,ITF,ITF5,17,Basilicata,Basilicata,559084,153044,27.37,0.31
1459,2021-05-25,BAS,4195,2112,2083,873,3322,ITF,ITF5,17,Basilicata,Basilicata,559084,157239,28.12,0.75
1460,2021-02-15,BAS,622,232,390,580,42,ITF,ITF5,17,Basilicata,Basilicata,559084,157861,28.24,0.11
1461,2021-01-29,BAS,616,231,385,63,553,ITF,ITF5,17,Basilicata,Basilicata,559084,158477,28.35,0.11
1462,2021-03-05,BAS,1855,857,998,1109,746,ITF,ITF5,17,Basilicata,Basilicata,559084,160332,28.68,0.33
1463,2021-06-13,BAS,3010,1437,1573,2702,308,ITF,ITF5,17,Basilicata,Basilicata,559084,163342,29.22,0.54
1464,2021-05-27,BAS,3604,1857,1747,1073,2531,ITF,ITF5,17,Basilicata,Basilicata,559084,166946,29.86,0.64
1465,2021-04-24,BAS,4543,2197,2346,3530,1013,ITF,ITF5,17,Basilicata,Basilicata,559084,171489,30.67,0.81
1466,2021-05-23,BAS,4517,2302,2215,1533,2984,ITF,ITF5,17,Basilicata,Basilicata,559084,176006,31.48,0.81
1467,2021-03-27,BAS,2245,860,1385,1818,427,ITF,ITF5,17,Basilicata,Basilicata,559084,178251,31.88,0.4
1468,2021-01-07,BAS,640,319,321,640,0,ITF,ITF5,17,Basilicata,Basilicata,559084,178891,32.0,0.11
1469,2021-02-19,BAS,1623,738,885,1561,62,ITF,ITF5,17,Basilicata,Basilicata,559084,180514,32.29,0.29
1470,2021-04-29,BAS,4831,2385,2446,4410,421,ITF,ITF5,17,Basilicata,Basilicata,559084,185345,33.15,0.86
1471,2021-03-17,BAS,1453,609,844,28,1425,ITF,ITF5,17,Basilicata,Basilicata,559084,186798,33.41,0.26
1472,2021-01-19,BAS,199,84,115,199,0,ITF,ITF5,17,Basilicata,Basilicata,559084,186997,33.45,0.04
1473,2021-04-19,BAS,4166,1913,2253,2528,1638,ITF,ITF5,17,Basilicata,Basilicata,559084,191163,34.19,0.75
1474,2021-06-15,BAS,3208,1406,1802,2233,975,ITF,ITF5,17,Basilicata,Basilicata,559084,194371,34.77,0.57
1475,2021-02-28,BAS,804,343,461,775,29,ITF,ITF5,17,Basilicata,Basilicata,559084,195175,34.91,0.14
1476,2021-01-02,BAS,949,380,569,949,0,ITF,ITF5,17,Basilicata,Basilicata,559084,196124,35.08,0.17
1477,2021-01-16,BAS,722,304,418,722,0,ITF,ITF5,17,Basilicata,Basilicata,559084,196846,35.21,0.13
1478,2021-04-26,BAS,4464,2164,2300,4244,220,ITF,ITF5,17,Basilicata,Basilicata,559084,201310,36.01,0.8
1479,2021-02-26,BAS,2149,904,1245,2069,80,ITF,ITF5,17,Basilicata,Basilicata,559084,203459,36.39,0.38
1480,2021-05-20,BAS,5856,2965,2891,2891,2965,ITF,ITF5,17,Basilicata,Basilicata,559084,209315,37.44,1.05
1481,2021-06-06,BAS,4532,2084,2448,3753,779,ITF,ITF5,17,Basilicata,Basilicata,559084,213847,38.25,0.81
1482,2021-04-14,BAS,2042,998,1044,1368,674,ITF,ITF5,17,Basilicata,Basilicata,559084,215889,38.61,0.37
1483,2021-01-21,BAS,30,10,20,30,0,ITF,ITF5,17,Basilicata,Basilicata,559084,215919,38.62,0.01
1484,2021-01-04,BAS,607,271,336,607,0,ITF,ITF5,17,Basilicata,Basilicata,559084,216526,38.73,0.11
1485,2021-03-10,BAS,1680,842,838,841,839,ITF,ITF5,17,Basilicata,Basilicata,559084,218206,39.03,0.3
1486,2021-01-26,BAS,799,353,446,101,698,ITF,ITF5,17,Basilicata,Basilicata,559084,219005,39.17,0.14
1487,2021-05-06,BAS,5052,2435,2617,3483,1569,ITF,ITF5,17,Basilicata,Basilicata,559084,224057,40.08,0.9
1488,2021-05-15,BAS,6529,3344,3185,3958,2571,ITF,ITF5,17,Basilicata,Basilicata,559084,230586,41.24,1.17
1489,2021-04-02,BAS,2317,1046,1271,1713,604,ITF,ITF5,17,Basilicata,Basilicata,559084,232903,41.66,0.41
1490,2021-02-04,BAS,1096,442,654,63,1033,ITF,ITF5,17,Basilicata,Basilicata,559084,233999,41.85,0.2
1491,2021-02-02,BAS,367,143,224,175,192,ITF,ITF5,17,Basilicata,Basilicata,559084,234366,41.92,0.07
1492,2021-03-14,BAS,1010,477,533,541,469,ITF,ITF5,17,Basilicata,Basilicata,559084,235376,42.1,0.18
1493,2021-03-31,BAS,3094,1258,1836,2312,782,ITF,ITF5,17,Basilicata,Basilicata,559084,238470,42.65,0.55
1494,2021-06-22,BAS,4363,2069,2294,2261,2102,ITF,ITF5,17,Basilicata,Basilicata,559084,242833,43.43,0.78
1495,2021-06-05,BAS,4796,2206,2590,3853,943,ITF,ITF5,17,Basilicata,Basilicata,559084,247629,44.29,0.86
1496,2021-02-14,BAS,151,48,103,151,0,ITF,ITF5,17,Basilicata,Basilicata,559084,247780,44.32,0.03
1497,2021-01-31,BAS,77,24,53,0,77,ITF,ITF5,17,Basilicata,Basilicata,559084,247857,44.33,0.01
1498,2021-01-12,BAS,217,88,129,217,0,ITF,ITF5,17,Basilicata,Basilicata,559084,248074,44.37,0.04
1499,2021-05-10,BAS,4805,2383,2422,2763,2042,ITF,ITF5,17,Basilicata,Basilicata,559084,252879,45.23,0.86
1500,2021-02-12,BAS,775,332,443,744,31,ITF,ITF5,17,Basilicata,Basilicata,559084,253654,45.37,0.14
1501,2021-04-10,BAS,1032,378,654,949,83,ITF,ITF5,17,Basilicata,Basilicata,559084,254686,45.55,0.18
1502,2021-06-24,BAS,3116,1464,1652,1481,1635,ITF,ITF5,17,Basilicata,Basilicata,559084,257802,46.11,0.56
1503,2021-04-28,BAS,4704,2158,2546,4263,441,ITF,ITF5,17,Basilicata,Basilicata,559084,262506,46.95,0.84
1504,2021-03-02,BAS,797,384,413,661,136,ITF,ITF5,17,Basilicata,Basilicata,559084,263303,47.1,0.14
1505,2021-06-10,BAS,4340,2099,2241,3899,441,ITF,ITF5,17,Basilicata,Basilicata,559084,267643,47.87,0.78
1506,2021-01-23,BAS,720,304,416,33,687,ITF,ITF5,17,Basilicata,Basilicata,559084,268363,48.0,0.13
1507,2021-05-03,BAS,4514,2043,2471,3686,828,ITF,ITF5,17,Basilicata,Basilicata,559084,272877,48.81,0.81
1508,2021-02-09,BAS,491,213,278,316,175,ITF,ITF5,17,Basilicata,Basilicata,559084,273368,48.9,0.09
1509,2021-06-21,BAS,4243,2038,2205,2152,2091,ITF,ITF5,17,Basilicata,Basilicata,559084,277611,49.65,0.76
1510,2021-06-19,BAS,4460,2175,2285,2388,2072,ITF,ITF5,17,Basilicata,Basilicata,559084,282071,50.45,0.8
1511,2021-03-28,BAS,2142,743,1399,2125,17,ITF,ITF5,17,Basilicata,Basilicata,559084,284213,50.84,0.38
1512,2021-03-24,BAS,1895,724,1171,1497,398,ITF,ITF5,17,Basilicata,Basilicata,559084,286108,51.17,0.34
1513,2021-02-11,BAS,952,401,551,869,83,ITF,ITF5,17,Basilicata,Basilicata,559084,287060,51.34,0.17
1514,2021-05-22,BAS,5488,2723,2765,1937,3551,ITF,ITF5,17,Basilicata,Basilicata,559084,292548,52.33,0.98
1515,2021-03-26,BAS,1955,703,1252,1695,260,ITF,ITF5,17,Basilicata,Basilicata,559084,294503,52.68,0.35
1516,2021-02-13,BAS,799,313,486,738,61,ITF,ITF5,17,Basilicata,Basilicata,559084,295302,52.82,0.14
1517,2021-05-24,BAS,4832,2343,2489,1102,3730,ITF,ITF5,17,Basilicata,Basilicata,559084,300134,53.68,0.86
1518,2021-02-21,BAS,284,113,171,284,0,ITF,ITF5,17,Basilicata,Basilicata,559084,300418,53.73,0.05
1519,2021-03-07,BAS,889,309,580,851,38,ITF,ITF5,17,Basilicata,Basilicata,559084,301307,53.89,0.16
1520,2021-01-09,BAS,557,160,397,557,0,ITF,ITF5,17,Basilicata,Basilicata,559084,301864,53.99,0.1
1521,2021-05-07,BAS,4649,2284,2365,3295,1354,ITF,ITF5,17,Basilicata,Basilicata,559084,306513,54.82,0.83
1522,2021-04-09,BAS,1151,350,801,1088,63,ITF,ITF5,17,Basilicata,Basilicata,559084,307664,55.03,0.21
1523,2021-02-27,BAS,1993,861,1132,1829,164,ITF,ITF5,17,Basilicata,Basilicata,559084,309657,55.39,0.36
1524,2021-06-07,BAS,4441,1996,2445,3961,480,ITF,ITF5,17,Basilicata,Basilicata,559084,314098,56.18,0.79
1525,2021-04-11,BAS,848,330,518,785,63,ITF,ITF5,17,Basilicata,Basilicata,559084,314946,56.33,0.15
1526,2021-04-04,BAS,610,225,385,197,413,ITF,ITF5,17,Basilicata,Basilicata,559084,315556,56.44,0.11
1527,2021-02-23,BAS,1901,771,1130,1763,138,ITF,ITF5,17,Basilicata,Basilicata,559084,317457,56.78,0.34
1528,2021-06-03,BAS,4918,2255,2663,3737,1181,ITF,ITF5,17,Basilicata,Basilicata,559084,322375,57.66,0.88
1529,2021-03-12,BAS,1905,980,925,805,1100,ITF,ITF5,17,Basilicata,Basilicata,559084,324280,58.0,0.34
1530,2021-05-17,BAS,5541,2733,2808,3407,2134,ITF,ITF5,17,Basilicata,Basilicata,559084,329821,58.99,0.99
1531,2021-03-11,BAS,1794,928,866,835,959,ITF,ITF5,17,Basilicata,Basilicata,559084,331615,59.31,0.32
1532,2021-03-30,BAS,2741,1157,1584,2396,345,ITF,ITF5,17,Basilicata,Basilicata,559084,334356,59.8,0.49
1533,2021-01-06,BAS,294,129,165,294,0,ITF,ITF5,17,Basilicata,Basilicata,559084,334650,59.86,0.05
1534,2021-04-16,BAS,3319,1632,1687,2421,898,ITF,ITF5,17,Basilicata,Basilicata,559084,337969,60.45,0.59
1535,2021-06-02,BAS,5959,2804,3155,4416,1543,ITF,ITF5,17,Basilicata,Basilicata,559084,343928,61.52,1.07
1536,2021-04-18,BAS,3720,1847,1873,2352,1368,ITF,ITF5,17,Basilicata,Basilicata,559084,347648,62.18,0.67
1537,2021-02-20,BAS,1163,532,631,1044,119,ITF,ITF5,17,Basilicata,Basilicata,559084,348811,62.39,0.21
1538,2021-05-31,BAS,4229,2009,2220,1721,2508,ITF,ITF5,17,Basilicata,Basilicata,559084,353040,63.15,0.76
1539,2021-02-18,BAS,1070,401,669,855,215,ITF,ITF5,17,Basilicata,Basilicata,559084,354110,63.34,0.19
1540,2021-06-17,BAS,4421,2034,2387,2103,2318,ITF,ITF5,17,Basilicata,Basilicata,559084,358531,64.13,0.79
1541,2021-04-21,BAS,3922,1835,2087,2272,1650,ITF,ITF5,17,Basilicata,Basilicata,559084,362453,64.83,0.7
1542,2021-01-18,BAS,463,157,306,364,99,ITF,ITF5,17,Basilicata,Basilicata,559084,362916,64.91,0.08
1543,2021-03-16,BAS,1907,801,1106,229,1678,ITF,ITF5,17,Basilicata,Basilicata,559084,364823,65.25,0.34
1544,2021-03-21,BAS,1055,487,568,360,695,ITF,ITF5,17,Basilicata,Basilicata,559084,365878,65.44,0.19
1545,2021-05-29,BAS,3059,1534,1525,834,2225,ITF,ITF5,17,Basilicata,Basilicata,559084,368937,65.99,0.55
1546,2021-01-13,BAS,916,387,529,916,0,ITF,ITF5,17,Basilicata,Basilicata,559084,369853,66.15,0.16
1547,2021-04-23,BAS,4536,2185,2351,3536,1000,ITF,ITF5,17,Basilicata,Basilicata,559084,374389,66.96,0.81
1548,2021-01-30,BAS,706,229,477,129,577,ITF,ITF5,17,Basilicata,Basilicata,559084,375095,67.09,0.13
1549,2021-03-04,BAS,1881,892,989,1085,796,ITF,ITF5,17,Basilicata,Basilicata,559084,376976,67.43,0.34
1550,2021-06-12,BAS,3674,1687,1987,2988,686,ITF,ITF5,17,Basilicata,Basilicata,559084,380650,68.08,0.66
1551,2021-05-05,BAS,4335,2048,2287,3445,890,ITF,ITF5,17,Basilicata,Basilicata,559084,384985,68.86,0.78
1552,2021-03-09,BAS,1400,713,687,794,606,ITF,ITF5,17,Basilicata,Basilicata,559084,386385,69.11,0.25
1553,2021-01-25,BAS,1024,429,595,74,950,ITF,ITF5,17,Basilicata,Basilicata,559084,387409,69.29,0.18
1554,2021-01-11,BAS,183,66,117,183,0,ITF,ITF5,17,Basilicata,Basilicata,559084,387592,69.33,0.03
1555,2021-02-08,BAS,557,193,364,151,406,ITF,ITF5,17,Basilicata,Basilicata,559084,388149,69.43,0.1
1556,2021-05-19,BAS,2870,1497,1373,1193,1677,ITF,ITF5,17,Basilicata,Basilicata,559084,391019,69.94,0.51
1557,2021-02-25,BAS,1787,736,1051,1741,46,ITF,ITF5,17,Basilicata,Basilicata,559084,392806,70.26,0.32
1558,2021-02-06,BAS,903,367,536,146,757,ITF,ITF5,17,Basilicata,Basilicata,559084,393709,70.42,0.16
1559,2021-04-30,BAS,5284,2373,2911,4122,1162,ITF,ITF5,17,Basilicata,Basilicata,559084,398993,71.37,0.95
1560,2021-01-20,BAS,84,22,62,84,0,ITF,ITF5,17,Basilicata,Basilicata,559084,399077,71.38,0.02
1561,2021-05-14,BAS,5907,2799,3108,3376,2531,ITF,ITF5,17,Basilicata,Basilicata,559084,404984,72.44,1.06
1562,2021-03-18,BAS,1350,564,786,25,1325,ITF,ITF5,17,Basilicata,Basilicata,559084,406334,72.68,0.24
1563,2021-03-19,BAS,2295,995,1300,265,2030,ITF,ITF5,17,Basilicata,Basilicata,559084,408629,73.09,0.41
1564,2021-02-16,BAS,906,377,529,808,98,ITF,ITF5,17,Basilicata,Basilicata,559084,409535,73.25,0.16
1565,2021-01-28,BAS,904,402,502,119,785,ITF,ITF5,17,Basilicata,Basilicata,559084,410439,73.41,0.16
1566,2021-01-14,BAS,969,413,556,969,0,ITF,ITF5,17,Basilicata,Basilicata,559084,411408,73.59,0.17
1567,2021-04-07,BAS,1212,551,661,1174,38,ITF,ITF5,17,Basilicata,Basilicata,559084,412620,73.8,0.22
1568,2021-04-25,BAS,2986,1457,1529,2934,52,ITF,ITF5,17,Basilicata,Basilicata,559084,415606,74.34,0.53
1569,2021-05-12,BAS,4724,2327,2397,2842,1882,ITF,ITF5,17,Basilicata,Basilicata,559084,420330,75.18,0.84
1570,2021-04-06,BAS,1268,462,806,1083,185,ITF,ITF5,17,Basilicata,Basilicata,559084,421598,75.41,0.23
1571,2021-06-14,BAS,4811,2148,2663,2103,2708,ITF,ITF5,17,Basilicata,Basilicata,559084,426409,76.27,0.86
1572,2021-03-23,BAS,1591,610,981,1423,168,ITF,ITF5,17,Basilicata,Basilicata,559084,428000,76.55,0.28
1573,2021-02-01,BAS,242,91,151,46,196,ITF,ITF5,17,Basilicata,Basilicata,559084,428242,76.6,0.04
1574,2021-05-26,BAS,4489,2260,2229,1707,2782,ITF,ITF5,17,Basilicata,Basilicata,559084,432731,77.4,0.8
1575,2021-02-06,CAL,2912,1341,1571,444,2468,ITF,ITF6,18,Calabria,Calabria,1947131,2912,0.15,0.15
1576,2021-01-23,CAL,401,186,215,359,42,ITF,ITF6,18,Calabria,Calabria,1947131,3313,0.17,0.02
1577,2021-03-28,CAL,2661,1218,1443,1571,1090,ITF,ITF6,18,Calabria,Calabria,1947131,5974,0.31,0.14
1578,2021-01-30,CAL,2182,1149,1033,353,1829,ITF,ITF6,18,Calabria,Calabria,1947131,8156,0.42,0.11
1579,2021-02-17,CAL,1849,812,1037,1638,211,ITF,ITF6,18,Calabria,Calabria,1947131,10005,0.51,0.09
1580,2021-03-09,CAL,6368,3276,3092,5387,981,ITF,ITF6,18,Calabria,Calabria,1947131,16373,0.84,0.33
1581,2021-02-20,CAL,1428,763,665,1109,319,ITF,ITF6,18,Calabria,Calabria,1947131,17801,0.91,0.07
1582,2021-05-31,CAL,15258,7323,7935,7377,7881,ITF,ITF6,18,Calabria,Calabria,1947131,33059,1.7,0.78
1583,2021-03-11,CAL,7283,3430,3853,6017,1266,ITF,ITF6,18,Calabria,Calabria,1947131,40342,2.07,0.37
1584,2021-04-30,CAL,14956,7336,7620,10605,4351,ITF,ITF6,18,Calabria,Calabria,1947131,55298,2.84,0.77
1585,2021-01-18,CAL,1288,583,705,1052,236,ITF,ITF6,18,Calabria,Calabria,1947131,56586,2.91,0.07
1586,2021-04-11,CAL,4178,1898,2280,2235,1943,ITF,ITF6,18,Calabria,Calabria,1947131,60764,3.12,0.21
1587,2021-01-06,CAL,931,502,429,931,0,ITF,ITF6,18,Calabria,Calabria,1947131,61695,3.17,0.05
1588,2021-04-16,CAL,10213,4979,5234,8627,1586,ITF,ITF6,18,Calabria,Calabria,1947131,71908,3.69,0.52
1589,2021-02-18,CAL,1836,836,1000,1610,226,ITF,ITF6,18,Calabria,Calabria,1947131,73744,3.79,0.09
1590,2021-06-21,CAL,15050,6907,8143,7721,7329,ITF,ITF6,18,Calabria,Calabria,1947131,88794,4.56,0.77
1591,2021-01-04,CAL,1065,527,538,1065,0,ITF,ITF6,18,Calabria,Calabria,1947131,89859,4.61,0.05
1592,2021-04-23,CAL,12990,6369,6621,9451,3539,ITF,ITF6,18,Calabria,Calabria,1947131,102849,5.28,0.67
1593,2021-01-13,CAL,2043,1030,1013,2043,0,ITF,ITF6,18,Calabria,Calabria,1947131,104892,5.39,0.1
1594,2021-04-18,CAL,5841,2791,3050,4929,912,ITF,ITF6,18,Calabria,Calabria,1947131,110733,5.69,0.3
1595,2021-04-04,CAL,1760,884,876,1261,499,ITF,ITF6,18,Calabria,Calabria,1947131,112493,5.78,0.09
1596,2021-06-07,CAL,17006,7903,9103,13798,3208,ITF,ITF6,18,Calabria,Calabria,1947131,129499,6.65,0.87
1597,2021-05-24,CAL,17709,8838,8871,10013,7696,ITF,ITF6,18,Calabria,Calabria,1947131,147208,7.56,0.91
1598,2021-01-11,CAL,2164,1045,1119,2164,0,ITF,ITF6,18,Calabria,Calabria,1947131,149372,7.67,0.11
1599,2021-01-25,CAL,1072,514,558,147,925,ITF,ITF6,18,Calabria,Calabria,1947131,150444,7.73,0.06
1600,2021-05-05,CAL,13602,6511,7091,8493,5109,ITF,ITF6,18,Calabria,Calabria,1947131,164046,8.43,0.7
1601,2021-03-02,CAL,4366,2489,1877,3611,755,ITF,ITF6,18,Calabria,Calabria,1947131,168412,8.65,0.22
1602,2021-03-16,CAL,3848,1889,1959,2188,1660,ITF,ITF6,18,Calabria,Calabria,1947131,172260,8.85,0.2
1603,2021-02-11,CAL,2333,1042,1291,1082,1251,ITF,ITF6,18,Calabria,Calabria,1947131,174593,8.97,0.12
1604,2021-02-01,CAL,2515,1198,1317,244,2271,ITF,ITF6,18,Calabria,Calabria,1947131,177108,9.1,0.13
1605,2021-05-12,CAL,16388,7990,8398,10907,5481,ITF,ITF6,18,Calabria,Calabria,1947131,193496,9.94,0.84
1606,2021-05-26,CAL,18683,9289,9394,10395,8288,ITF,ITF6,18,Calabria,Calabria,1947131,212179,10.9,0.96
1607,2021-03-30,CAL,6212,2666,3546,3472,2740,ITF,ITF6,18,Calabria,Calabria,1947131,218391,11.22,0.32
1608,2021-06-14,CAL,13991,6337,7654,9356,4635,ITF,ITF6,18,Calabria,Calabria,1947131,232382,11.93,0.72
1609,2021-03-04,CAL,5483,3191,2292,4686,797,ITF,ITF6,18,Calabria,Calabria,1947131,237865,12.22,0.28
1610,2021-06-12,CAL,12881,6133,6748,10484,2397,ITF,ITF6,18,Calabria,Calabria,1947131,250746,12.88,0.66
1611,2021-02-25,CAL,2885,1552,1333,2290,595,ITF,ITF6,18,Calabria,Calabria,1947131,253631,13.03,0.15
1612,2021-05-28,CAL,20977,10192,10785,11520,9457,ITF,ITF6,18,Calabria,Calabria,1947131,274608,14.1,1.08
1613,2021-04-15,CAL,7687,3765,3922,5995,1692,ITF,ITF6,18,Calabria,Calabria,1947131,282295,14.5,0.39
1614,2021-04-01,CAL,8526,3864,4662,3984,4542,ITF,ITF6,18,Calabria,Calabria,1947131,290821,14.94,0.44
1615,2021-04-08,CAL,9401,4433,4968,5804,3597,ITF,ITF6,18,Calabria,Calabria,1947131,300222,15.42,0.48
1616,2021-02-10,CAL,2510,1079,1431,883,1627,ITF,ITF6,18,Calabria,Calabria,1947131,302732,15.55,0.13
1617,2021-06-04,CAL,17284,8032,9252,12751,4533,ITF,ITF6,18,Calabria,Calabria,1947131,320016,16.44,0.89
1618,2021-05-21,CAL,21337,10863,10474,13972,7365,ITF,ITF6,18,Calabria,Calabria,1947131,341353,17.53,1.1
1619,2021-04-13,CAL,6899,3380,3519,5587,1312,ITF,ITF6,18,Calabria,Calabria,1947131,348252,17.89,0.35
1620,2021-01-20,CAL,1401,626,775,1400,1,ITF,ITF6,18,Calabria,Calabria,1947131,349653,17.96,0.07
1621,2021-01-03,CAL,6,3,3,6,0,ITF,ITF6,18,Calabria,Calabria,1947131,349659,17.96,0.0
1622,2021-03-27,CAL,8576,3881,4695,4566,4010,ITF,ITF6,18,Calabria,Calabria,1947131,358235,18.4,0.44
1623,2021-03-08,CAL,5419,2904,2515,4353,1066,ITF,ITF6,18,Calabria,Calabria,1947131,363654,18.68,0.28
1624,2021-06-19,CAL,15557,7289,8268,8311,7246,ITF,ITF6,18,Calabria,Calabria,1947131,379211,19.48,0.8
1625,2021-05-14,CAL,19922,9578,10344,13055,6867,ITF,ITF6,18,Calabria,Calabria,1947131,399133,20.5,1.02
1626,2021-04-27,CAL,9955,4893,5062,8008,1947,ITF,ITF6,18,Calabria,Calabria,1947131,409088,21.01,0.51
1627,2021-02-03,CAL,2778,1435,1343,575,2203,ITF,ITF6,18,Calabria,Calabria,1947131,411866,21.15,0.14
1628,2021-02-22,CAL,2051,1042,1009,1493,558,ITF,ITF6,18,Calabria,Calabria,1947131,413917,21.26,0.11
1629,2021-06-23,CAL,16828,7679,9149,7896,8932,ITF,ITF6,18,Calabria,Calabria,1947131,430745,22.12,0.86
1630,2021-03-13,CAL,6928,3012,3916,5954,974,ITF,ITF6,18,Calabria,Calabria,1947131,437673,22.48,0.36
1631,2021-01-15,CAL,2802,1259,1543,2802,0,ITF,ITF6,18,Calabria,Calabria,1947131,440475,22.62,0.14
1632,2021-05-07,CAL,16117,7593,8524,9739,6378,ITF,ITF6,18,Calabria,Calabria,1947131,456592,23.45,0.83
1633,2021-02-13,CAL,1397,604,793,1032,365,ITF,ITF6,18,Calabria,Calabria,1947131,457989,23.52,0.07
1634,2021-06-11,CAL,17315,8511,8804,14734,2581,ITF,ITF6,18,Calabria,Calabria,1947131,475304,24.41,0.89
1635,2021-01-08,CAL,2142,1028,1114,2142,0,ITF,ITF6,18,Calabria,Calabria,1947131,477446,24.52,0.11
1636,2021-03-18,CAL,4415,2059,2356,2356,2059,ITF,ITF6,18,Calabria,Calabria,1947131,481861,24.75,0.23
1637,2021-02-27,CAL,4002,2060,1942,3620,382,ITF,ITF6,18,Calabria,Calabria,1947131,485863,24.95,0.21
1638,2021-05-23,CAL,11383,5551,5832,7034,4349,ITF,ITF6,18,Calabria,Calabria,1947131,497246,25.54,0.58
1639,2021-03-01,CAL,2724,1546,1178,2269,455,ITF,ITF6,18,Calabria,Calabria,1947131,499970,25.68,0.14
1640,2021-06-09,CAL,17502,8215,9287,15267,2235,ITF,ITF6,18,Calabria,Calabria,1947131,517472,26.58,0.9
1641,2021-05-19,CAL,18356,9088,9268,11367,6989,ITF,ITF6,18,Calabria,Calabria,1947131,535828,27.52,0.94
1642,2021-03-23,CAL,5232,2449,2783,3423,1809,ITF,ITF6,18,Calabria,Calabria,1947131,541060,27.79,0.27
1643,2021-02-15,CAL,1144,542,602,994,150,ITF,ITF6,18,Calabria,Calabria,1947131,542204,27.85,0.06
1644,2021-03-06,CAL,8435,4344,4091,7641,794,ITF,ITF6,18,Calabria,Calabria,1947131,550639,28.28,0.43
1645,2021-05-09,CAL,9618,4482,5136,6086,3532,ITF,ITF6,18,Calabria,Calabria,1947131,560257,28.77,0.49
1646,2021-01-29,CAL,2054,990,1064,230,1824,ITF,ITF6,18,Calabria,Calabria,1947131,562311,28.88,0.11
1647,2021-05-04,CAL,16375,7542,8833,11722,4653,ITF,ITF6,18,Calabria,Calabria,1947131,578686,29.72,0.84
1648,2021-01-05,CAL,1513,708,805,1513,0,ITF,ITF6,18,Calabria,Calabria,1947131,580199,29.8,0.08
1649,2021-01-12,CAL,2073,1024,1049,2073,0,ITF,ITF6,18,Calabria,Calabria,1947131,582272,29.9,0.11
1650,2021-02-24,CAL,1914,975,939,1436,478,ITF,ITF6,18,Calabria,Calabria,1947131,584186,30.0,0.1
1651,2021-03-25,CAL,7434,3485,3949,4580,2854,ITF,ITF6,18,Calabria,Calabria,1947131,591620,30.38,0.38
1652,2021-06-16,CAL,17865,8241,9624,11803,6062,ITF,ITF6,18,Calabria,Calabria,1947131,609485,31.3,0.92
1653,2021-06-18,CAL,18436,8570,9866,10950,7486,ITF,ITF6,18,Calabria,Calabria,1947131,627921,32.25,0.95
1654,2021-03-10,CAL,6561,3317,3244,5277,1284,ITF,ITF6,18,Calabria,Calabria,1947131,634482,32.59,0.34
1655,2021-04-25,CAL,15749,8003,7746,14695,1054,ITF,ITF6,18,Calabria,Calabria,1947131,650231,33.39,0.81
1656,2021-03-20,CAL,6706,3073,3633,4199,2507,ITF,ITF6,18,Calabria,Calabria,1947131,656937,33.74,0.34
1657,2021-03-15,CAL,3557,1689,1868,2112,1445,ITF,ITF6,18,Calabria,Calabria,1947131,660494,33.92,0.18
1658,2021-06-02,CAL,12079,5795,6284,8814,3265,ITF,ITF6,18,Calabria,Calabria,1947131,672573,34.54,0.62
1659,2021-05-16,CAL,13775,6724,7051,9966,3809,ITF,ITF6,18,Calabria,Calabria,1947131,686348,35.25,0.71
1660,2021-01-17,CAL,896,430,466,801,95,ITF,ITF6,18,Calabria,Calabria,1947131,687244,35.3,0.05
1661,2021-03-24,CAL,7699,3514,4185,4436,3263,ITF,ITF6,18,Calabria,Calabria,1947131,694943,35.69,0.4
1662,2021-04-10,CAL,11409,5140,6269,6583,4826,ITF,ITF6,18,Calabria,Calabria,1947131,706352,36.28,0.59
1663,2021-01-27,CAL,1461,735,726,397,1064,ITF,ITF6,18,Calabria,Calabria,1947131,707813,36.35,0.08
1664,2021-02-14,CAL,465,212,253,435,30,ITF,ITF6,18,Calabria,Calabria,1947131,708278,36.38,0.02
1665,2021-05-25,CAL,16359,7995,8364,10281,6078,ITF,ITF6,18,Calabria,Calabria,1947131,724637,37.22,0.84
1666,2021-01-26,CAL,1822,870,952,277,1545,ITF,ITF6,18,Calabria,Calabria,1947131,726459,37.31,0.09
1667,2021-04-22,CAL,9620,4795,4825,6778,2842,ITF,ITF6,18,Calabria,Calabria,1947131,736079,37.8,0.49
1668,2020-12-27,CAL,311,170,141,311,0,ITF,ITF6,18,Calabria,Calabria,1947131,736390,37.82,0.02
1669,2021-04-06,CAL,7531,3406,4125,4146,3385,ITF,ITF6,18,Calabria,Calabria,1947131,743921,38.21,0.39
1670,2021-02-08,CAL,1857,738,1119,664,1193,ITF,ITF6,18,Calabria,Calabria,1947131,745778,38.3,0.1
1671,2021-04-24,CAL,19073,9508,9565,15596,3477,ITF,ITF6,18,Calabria,Calabria,1947131,764851,39.28,0.98
1672,2021-02-26,CAL,3074,1637,1437,2621,453,ITF,ITF6,18,Calabria,Calabria,1947131,767925,39.44,0.16
1673,2021-06-20,CAL,6527,3088,3439,3689,2838,ITF,ITF6,18,Calabria,Calabria,1947131,774452,39.77,0.34
1674,2021-06-06,CAL,13380,6435,6945,11684,1696,ITF,ITF6,18,Calabria,Calabria,1947131,787832,40.46,0.69
1675,2021-06-01,CAL,12833,5950,6883,7920,4913,ITF,ITF6,18,Calabria,Calabria,1947131,800665,41.12,0.66
1676,2021-05-13,CAL,15929,7655,8274,11230,4699,ITF,ITF6,18,Calabria,Calabria,1947131,816594,41.94,0.82
1677,2021-02-19,CAL,1508,681,827,1247,261,ITF,ITF6,18,Calabria,Calabria,1947131,818102,42.02,0.08
1678,2021-05-30,CAL,10943,5254,5689,6790,4153,ITF,ITF6,18,Calabria,Calabria,1947131,829045,42.58,0.56
1679,2021-05-17,CAL,14891,7442,7449,10173,4718,ITF,ITF6,18,Calabria,Calabria,1947131,843936,43.34,0.76
1680,2021-01-22,CAL,659,275,384,657,2,ITF,ITF6,18,Calabria,Calabria,1947131,844595,43.38,0.03
1681,2021-05-02,CAL,12508,5837,6671,10664,1844,ITF,ITF6,18,Calabria,Calabria,1947131,857103,44.02,0.64
1682,2021-03-29,CAL,5569,2360,3209,3813,1756,ITF,ITF6,18,Calabria,Calabria,1947131,862672,44.3,0.29
1683,2021-01-31,CAL,1110,555,555,154,956,ITF,ITF6,18,Calabria,Calabria,1947131,863782,44.36,0.06
1684,2021-05-11,CAL,15057,7285,7772,10285,4772,ITF,ITF6,18,Calabria,Calabria,1947131,878839,45.14,0.77
1685,2021-01-24,CAL,45,18,27,39,6,ITF,ITF6,18,Calabria,Calabria,1947131,878884,45.14,0.0
1686,2020-12-28,CAL,6,2,4,6,0,ITF,ITF6,18,Calabria,Calabria,1947131,878890,45.14,0.0
1687,2021-06-03,CAL,14151,6623,7528,9580,4571,ITF,ITF6,18,Calabria,Calabria,1947131,893041,45.86,0.73
1688,2021-04-07,CAL,6561,2964,3597,3726,2835,ITF,ITF6,18,Calabria,Calabria,1947131,899602,46.2,0.34
1689,2021-02-23,CAL,1591,753,838,1476,115,ITF,ITF6,18,Calabria,Calabria,1947131,901193,46.28,0.08
1690,2021-03-03,CAL,5046,2756,2290,3966,1080,ITF,ITF6,18,Calabria,Calabria,1947131,906239,46.54,0.26
1691,2021-05-03,CAL,14761,6767,7994,10546,4215,ITF,ITF6,18,Calabria,Calabria,1947131,921000,47.3,0.76
1692,2021-03-21,CAL,4454,1924,2530,2734,1720,ITF,ITF6,18,Calabria,Calabria,1947131,925454,47.53,0.23
1693,2021-03-07,CAL,3391,1730,1661,3300,91,ITF,ITF6,18,Calabria,Calabria,1947131,928845,47.7,0.17
1694,2021-05-20,CAL,16898,8434,8464,11291,5607,ITF,ITF6,18,Calabria,Calabria,1947131,945743,48.57,0.87
1695,2021-02-07,CAL,859,428,431,148,711,ITF,ITF6,18,Calabria,Calabria,1947131,946602,48.62,0.04
1696,2021-05-18,CAL,15343,7674,7669,11923,3420,ITF,ITF6,18,Calabria,Calabria,1947131,961945,49.4,0.79
1697,2021-03-22,CAL,4931,2308,2623,3174,1757,ITF,ITF6,18,Calabria,Calabria,1947131,966876,49.66,0.25
1698,2021-02-09,CAL,2157,911,1246,956,1201,ITF,ITF6,18,Calabria,Calabria,1947131,969033,49.77,0.11
1699,2021-05-29,CAL,19226,8932,10294,9397,9829,ITF,ITF6,18,Calabria,Calabria,1947131,988259,50.75,0.99
1700,2021-04-14,CAL,8157,3926,4231,6711,1446,ITF,ITF6,18,Calabria,Calabria,1947131,996416,51.17,0.42
1701,2021-02-16,CAL,1738,734,1004,1460,278,ITF,ITF6,18,Calabria,Calabria,1947131,998154,51.26,0.09
1702,2021-05-27,CAL,17578,8678,8900,9816,7762,ITF,ITF6,18,Calabria,Calabria,1947131,1015732,52.17,0.9
1703,2021-02-05,CAL,3805,1715,2090,488,3317,ITF,ITF6,18,Calabria,Calabria,1947131,1019537,52.36,0.2
1704,2021-04-29,CAL,11956,5817,6139,8388,3568,ITF,ITF6,18,Calabria,Calabria,1947131,1031493,52.98,0.61
1705,2021-04-12,CAL,6995,3383,3612,5272,1723,ITF,ITF6,18,Calabria,Calabria,1947131,1038488,53.33,0.36
1706,2021-01-19,CAL,1116,491,625,1105,11,ITF,ITF6,18,Calabria,Calabria,1947131,1039604,53.39,0.06
1707,2021-06-17,CAL,15464,7044,8420,9325,6139,ITF,ITF6,18,Calabria,Calabria,1947131,1055068,54.19,0.79
1708,2021-03-26,CAL,8008,3794,4214,4887,3121,ITF,ITF6,18,Calabria,Calabria,1947131,1063076,54.6,0.41
1709,2021-02-21,CAL,615,288,327,538,77,ITF,ITF6,18,Calabria,Calabria,1947131,1063691,54.63,0.03
1710,2021-04-28,CAL,12522,6059,6463,9663,2859,ITF,ITF6,18,Calabria,Calabria,1947131,1076213,55.27,0.64
1711,2021-02-04,CAL,3571,1700,1871,653,2918,ITF,ITF6,18,Calabria,Calabria,1947131,1079784,55.46,0.18
1712,2021-05-15,CAL,27229,13022,14207,20382,6847,ITF,ITF6,18,Calabria,Calabria,1947131,1107013,56.85,1.4
1713,2021-02-02,CAL,2347,1149,1198,177,2170,ITF,ITF6,18,Calabria,Calabria,1947131,1109360,56.97,0.12
1714,2021-01-16,CAL,2400,1124,1276,2400,0,ITF,ITF6,18,Calabria,Calabria,1947131,1111760,57.1,0.12
1715,2021-03-31,CAL,8814,4003,4811,4856,3958,ITF,ITF6,18,Calabria,Calabria,1947131,1120574,57.55,0.45
1716,2021-04-09,CAL,7908,3703,4205,5020,2888,ITF,ITF6,18,Calabria,Calabria,1947131,1128482,57.96,0.41
1717,2021-06-05,CAL,20340,9531,10809,17377,2963,ITF,ITF6,18,Calabria,Calabria,1947131,1148822,59.0,1.04
1718,2021-01-07,CAL,2190,1068,1122,2190,0,ITF,ITF6,18,Calabria,Calabria,1947131,1151012,59.11,0.11
1719,2021-06-13,CAL,6593,3242,3351,5563,1030,ITF,ITF6,18,Calabria,Calabria,1947131,1157605,59.45,0.34
1720,2021-04-17,CAL,10821,5072,5749,9045,1776,ITF,ITF6,18,Calabria,Calabria,1947131,1168426,60.01,0.56
1721,2021-05-01,CAL,16631,7934,8697,12435,4196,ITF,ITF6,18,Calabria,Calabria,1947131,1185057,60.86,0.85
1722,2021-03-05,CAL,6234,3617,2617,5660,574,ITF,ITF6,18,Calabria,Calabria,1947131,1191291,61.18,0.32
1723,2021-05-06,CAL,13256,6276,6980,8991,4265,ITF,ITF6,18,Calabria,Calabria,1947131,1204547,61.86,0.68
1724,2021-04-05,CAL,3414,1605,1809,2557,857,ITF,ITF6,18,Calabria,Calabria,1947131,1207961,62.04,0.18
1725,2021-06-08,CAL,15856,7481,8375,13851,2005,ITF,ITF6,18,Calabria,Calabria,1947131,1223817,62.85,0.81
1726,2021-03-17,CAL,4049,1805,2244,2138,1911,ITF,ITF6,18,Calabria,Calabria,1947131,1227866,63.06,0.21
1727,2021-04-19,CAL,7857,3792,4065,6186,1671,ITF,ITF6,18,Calabria,Calabria,1947131,1235723,63.46,0.4
1728,2021-01-09,CAL,1934,1043,891,1934,0,ITF,ITF6,18,Calabria,Calabria,1947131,1237657,63.56,0.1
1729,2021-02-28,CAL,2329,1056,1273,2176,153,ITF,ITF6,18,Calabria,Calabria,1947131,1239986,63.68,0.12
1730,2021-03-12,CAL,5151,2464,2687,4089,1062,ITF,ITF6,18,Calabria,Calabria,1947131,1245137,63.95,0.26
1731,2021-01-14,CAL,2638,1251,1387,2638,0,ITF,ITF6,18,Calabria,Calabria,1947131,1247775,64.08,0.14
1732,2021-01-21,CAL,962,447,515,932,30,ITF,ITF6,18,Calabria,Calabria,1947131,1248737,64.13,0.05
1733,2021-01-02,CAL,166,94,72,166,0,ITF,ITF6,18,Calabria,Calabria,1947131,1248903,64.14,0.01
1734,2021-06-15,CAL,9571,4428,5143,6260,3311,ITF,ITF6,18,Calabria,Calabria,1947131,1258474,64.63,0.49
1735,2021-03-14,CAL,2704,1049,1655,2284,420,ITF,ITF6,18,Calabria,Calabria,1947131,1261178,64.77,0.14
1736,2021-06-22,CAL,14235,6710,7525,7150,7085,ITF,ITF6,18,Calabria,Calabria,1947131,1275413,65.5,0.73
1737,2021-05-10,CAL,13120,6086,7034,7725,5395,ITF,ITF6,18,Calabria,Calabria,1947131,1288533,66.18,0.67
1738,2021-04-26,CAL,10191,5062,5129,7770,2421,ITF,ITF6,18,Calabria,Calabria,1947131,1298724,66.7,0.52
1739,2021-01-10,CAL,932,526,406,932,0,ITF,ITF6,18,Calabria,Calabria,1947131,1299656,66.75,0.05
1740,2021-04-20,CAL,7842,3955,3887,6119,1723,ITF,ITF6,18,Calabria,Calabria,1947131,1307498,67.15,0.4
1741,2021-02-12,CAL,1710,668,1042,947,763,ITF,ITF6,18,Calabria,Calabria,1947131,1309208,67.24,0.09
1742,2021-04-03,CAL,9056,3892,5164,4351,4705,ITF,ITF6,18,Calabria,Calabria,1947131,1318264,67.7,0.47
1743,2021-01-28,CAL,2246,1115,1131,83,2163,ITF,ITF6,18,Calabria,Calabria,1947131,1320510,67.82,0.12
1744,2021-05-08,CAL,18425,8384,10041,10604,7821,ITF,ITF6,18,Calabria,Calabria,1947131,1338935,68.76,0.95
1745,2021-05-22,CAL,22171,10551,11620,14321,7850,ITF,ITF6,18,Calabria,Calabria,1947131,1361106,69.9,1.14
1746,2021-04-21,CAL,11579,5812,5767,8648,2931,ITF,ITF6,18,Calabria,Calabria,1947131,1372685,70.5,0.59
1747,2021-04-02,CAL,8259,3763,4496,4385,3874,ITF,ITF6,18,Calabria,Calabria,1947131,1380944,70.92,0.42
1748,2021-06-24,CAL,8724,3932,4792,3905,4819,ITF,ITF6,18,Calabria,Calabria,1947131,1389668,71.37,0.45
1749,2021-03-19,CAL,4189,1952,2237,1898,2291,ITF,ITF6,18,Calabria,Calabria,1947131,1393857,71.59,0.22
1750,2021-06-10,CAL,15317,7041,8276,12537,2780,ITF,ITF6,18,Calabria,Calabria,1947131,1409174,72.37,0.79
1751,2021-03-14,LIG,1659,752,907,1055,604,ITC,ITC3,7,Liguria,Liguria,1550640,1659,0.11,0.11
1752,2021-06-22,LIG,15445,7313,8132,8430,7015,ITC,ITC3,7,Liguria,Liguria,1550640,17104,1.1,1.0
1753,2021-05-10,LIG,12648,5639,7009,6273,6375,ITC,ITC3,7,Liguria,Liguria,1550640,29752,1.92,0.82
1754,2021-05-03,LIG,13280,5923,7357,6468,6812,ITC,ITC3,7,Liguria,Liguria,1550640,43032,2.78,0.86
1755,2021-03-21,LIG,550,220,330,69,481,ITC,ITC3,7,Liguria,Liguria,1550640,43582,2.81,0.04
1756,2021-01-23,LIG,809,295,514,153,656,ITC,ITC3,7,Liguria,Liguria,1550640,44391,2.86,0.05
1757,2021-05-17,LIG,12025,5519,6506,8702,3323,ITC,ITC3,7,Liguria,Liguria,1550640,56416,3.64,0.78
1758,2021-03-26,LIG,9325,4020,5305,6170,3155,ITC,ITC3,7,Liguria,Liguria,1550640,65741,4.24,0.6
1759,2021-01-02,LIG,691,245,446,691,0,ITC,ITC3,7,Liguria,Liguria,1550640,66432,4.28,0.04
1760,2021-06-15,LIG,17053,8283,8770,10594,6459,ITC,ITC3,7,Liguria,Liguria,1550640,83485,5.38,1.1
1761,2021-03-07,LIG,1915,1138,777,1614,301,ITC,ITC3,7,Liguria,Liguria,1550640,85400,5.51,0.12
1762,2021-04-26,LIG,10554,4980,5574,7918,2636,ITC,ITC3,7,Liguria,Liguria,1550640,95954,6.19,0.68
1763,2021-01-16,LIG,1278,557,721,1278,0,ITC,ITC3,7,Liguria,Liguria,1550640,97232,6.27,0.08
1764,2021-02-02,LIG,2676,1006,1670,134,2542,ITC,ITC3,7,Liguria,Liguria,1550640,99908,6.44,0.17
1765,2021-04-28,LIG,14443,6519,7924,6459,7984,ITC,ITC3,7,Liguria,Liguria,1550640,114351,7.37,0.93
1766,2021-02-04,LIG,2817,986,1831,179,2638,ITC,ITC3,7,Liguria,Liguria,1550640,117168,7.56,0.18
1767,2021-05-15,LIG,7253,3234,4019,4299,2954,ITC,ITC3,7,Liguria,Liguria,1550640,124421,8.02,0.47
1768,2021-02-21,LIG,869,491,378,865,4,ITC,ITC3,7,Liguria,Liguria,1550640,125290,8.08,0.06
1769,2021-02-16,LIG,2426,956,1470,2004,422,ITC,ITC3,7,Liguria,Liguria,1550640,127716,8.24,0.16
1770,2021-05-27,LIG,16863,8642,8221,12725,4138,ITC,ITC3,7,Liguria,Liguria,1550640,144579,9.32,1.09
1771,2021-04-14,LIG,13067,5666,7401,10864,2203,ITC,ITC3,7,Liguria,Liguria,1550640,157646,10.17,0.84
1772,2021-05-29,LIG,6844,3237,3607,3974,2870,ITC,ITC3,7,Liguria,Liguria,1550640,164490,10.61,0.44
1773,2021-02-09,LIG,1937,689,1248,257,1680,ITC,ITC3,7,Liguria,Liguria,1550640,166427,10.73,0.12
1774,2021-02-28,LIG,1058,580,478,1049,9,ITC,ITC3,7,Liguria,Liguria,1550640,167485,10.8,0.07
1775,2021-01-09,LIG,1335,481,854,1335,0,ITC,ITC3,7,Liguria,Liguria,1550640,168820,10.89,0.09
1776,2021-04-19,LIG,12817,5613,7204,9000,3817,ITC,ITC3,7,Liguria,Liguria,1550640,181637,11.71,0.83
1777,2021-02-11,LIG,1979,767,1212,1103,876,ITC,ITC3,7,Liguria,Liguria,1550640,183616,11.84,0.13
1778,2021-05-22,LIG,6644,3218,3426,4961,1683,ITC,ITC3,7,Liguria,Liguria,1550640,190260,12.27,0.43
1779,2021-06-10,LIG,18143,9363,8780,12533,5610,ITC,ITC3,7,Liguria,Liguria,1550640,208403,13.44,1.17
1780,2021-03-19,LIG,5296,2234,3062,2150,3146,ITC,ITC3,7,Liguria,Liguria,1550640,213699,13.78,0.34
1781,2021-03-02,LIG,4074,1689,2385,3764,310,ITC,ITC3,7,Liguria,Liguria,1550640,217773,14.04,0.26
1782,2021-06-24,LIG,7998,3911,4087,4950,3048,ITC,ITC3,7,Liguria,Liguria,1550640,225771,14.56,0.52
1783,2021-04-02,LIG,11772,5210,6562,9285,2487,ITC,ITC3,7,Liguria,Liguria,1550640,237543,15.32,0.76
1784,2021-04-21,LIG,14246,6433,7813,8919,5327,ITC,ITC3,7,Liguria,Liguria,1550640,251789,16.24,0.92
1785,2021-01-28,LIG,2847,971,1876,39,2808,ITC,ITC3,7,Liguria,Liguria,1550640,254636,16.42,0.18
1786,2021-01-21,LIG,1106,385,721,675,431,ITC,ITC3,7,Liguria,Liguria,1550640,255742,16.49,0.07
1787,2021-06-05,LIG,8089,4115,3974,4937,3152,ITC,ITC3,7,Liguria,Liguria,1550640,263831,17.01,0.52
1788,2021-04-09,LIG,12449,5557,6892,10683,1766,ITC,ITC3,7,Liguria,Liguria,1550640,276280,17.82,0.8
1789,2021-03-31,LIG,11923,5273,6650,9153,2770,ITC,ITC3,7,Liguria,Liguria,1550640,288203,18.59,0.77
1790,2020-12-28,LIG,80,30,50,80,0,ITC,ITC3,7,Liguria,Liguria,1550640,288283,18.59,0.01
1791,2021-06-03,LIG,15468,7667,7801,9129,6339,ITC,ITC3,7,Liguria,Liguria,1550640,303751,19.59,1.0
1792,2021-04-07,LIG,13666,6100,7566,11377,2289,ITC,ITC3,7,Liguria,Liguria,1550640,317417,20.47,0.88
1793,2021-02-23,LIG,3806,1559,2247,3697,109,ITC,ITC3,7,Liguria,Liguria,1550640,321223,20.72,0.25
1794,2021-01-30,LIG,1661,567,1094,24,1637,ITC,ITC3,7,Liguria,Liguria,1550640,322884,20.82,0.11
1795,2021-03-28,LIG,1141,511,630,390,751,ITC,ITC3,7,Liguria,Liguria,1550640,324025,20.9,0.07
1796,2020-12-30,LIG,12,5,7,12,0,ITC,ITC3,7,Liguria,Liguria,1550640,324037,20.9,0.0
1797,2021-04-11,LIG,4246,1929,2317,3997,249,ITC,ITC3,7,Liguria,Liguria,1550640,328283,21.17,0.27
1798,2021-01-18,LIG,2137,745,1392,1980,157,ITC,ITC3,7,Liguria,Liguria,1550640,330420,21.31,0.14
1799,2021-06-17,LIG,16195,7690,8505,10469,5726,ITC,ITC3,7,Liguria,Liguria,1550640,346615,22.35,1.04
1800,2021-06-02,LIG,8530,4342,4188,5363,3167,ITC,ITC3,7,Liguria,Liguria,1550640,355145,22.9,0.55
1801,2021-06-19,LIG,7091,3624,3467,5620,1471,ITC,ITC3,7,Liguria,Liguria,1550640,362236,23.36,0.46
1802,2021-02-18,LIG,2768,1126,1642,2434,334,ITC,ITC3,7,Liguria,Liguria,1550640,365004,23.54,0.18
1803,2021-04-23,LIG,14671,6637,8034,8551,6120,ITC,ITC3,7,Liguria,Liguria,1550640,379675,24.49,0.95
1804,2021-03-11,LIG,6397,3088,3309,4387,2010,ITC,ITC3,7,Liguria,Liguria,1550640,386072,24.9,0.41
1805,2021-01-13,LIG,2754,1013,1741,2754,0,ITC,ITC3,7,Liguria,Liguria,1550640,388826,25.08,0.18
1806,2021-01-04,LIG,2616,855,1761,2616,0,ITC,ITC3,7,Liguria,Liguria,1550640,391442,25.24,0.17
1807,2021-06-21,LIG,14368,6816,7552,9210,5158,ITC,ITC3,7,Liguria,Liguria,1550640,405810,26.17,0.93
1808,2021-05-24,LIG,11818,5558,6260,9334,2484,ITC,ITC3,7,Liguria,Liguria,1550640,417628,26.93,0.76
1809,2021-05-07,LIG,13590,6037,7553,5798,7792,ITC,ITC3,7,Liguria,Liguria,1550640,431218,27.81,0.88
1810,2021-02-13,LIG,1080,508,572,800,280,ITC,ITC3,7,Liguria,Liguria,1550640,432298,27.88,0.07
1811,2021-06-07,LIG,15668,7648,8020,8658,7010,ITC,ITC3,7,Liguria,Liguria,1550640,447966,28.89,1.01
1812,2021-05-08,LIG,7529,3334,4195,2316,5213,ITC,ITC3,7,Liguria,Liguria,1550640,455495,29.37,0.49
1813,2021-01-25,LIG,2726,889,1837,478,2248,ITC,ITC3,7,Liguria,Liguria,1550640,458221,29.55,0.18
1814,2021-05-05,LIG,13715,6135,7580,5294,8421,ITC,ITC3,7,Liguria,Liguria,1550640,471936,30.43,0.88
1815,2021-03-16,LIG,6082,2731,3351,2349,3733,ITC,ITC3,7,Liguria,Liguria,1550640,478018,30.83,0.39
1816,2021-01-14,LIG,2981,1055,1926,2981,0,ITC,ITC3,7,Liguria,Liguria,1550640,480999,31.02,0.19
1817,2021-03-12,LIG,6216,2872,3344,3745,2471,ITC,ITC3,7,Liguria,Liguria,1550640,487215,31.42,0.4
1818,2021-05-19,LIG,13570,5962,7608,10451,3119,ITC,ITC3,7,Liguria,Liguria,1550640,500785,32.3,0.88
1819,2021-03-23,LIG,9267,4218,5049,6058,3209,ITC,ITC3,7,Liguria,Liguria,1550640,510052,32.89,0.6
1820,2021-02-01,LIG,2557,922,1635,90,2467,ITC,ITC3,7,Liguria,Liguria,1550640,512609,33.06,0.16
1821,2021-06-14,LIG,14656,7099,7557,9238,5418,ITC,ITC3,7,Liguria,Liguria,1550640,527265,34.0,0.95
1822,2021-02-25,LIG,3457,1349,2108,3327,130,ITC,ITC3,7,Liguria,Liguria,1550640,530722,34.23,0.22
1823,2021-02-06,LIG,1892,768,1124,145,1747,ITC,ITC3,7,Liguria,Liguria,1550640,532614,34.35,0.12
1824,2021-06-11,LIG,17335,8838,8497,11306,6029,ITC,ITC3,7,Liguria,Liguria,1550640,549949,35.47,1.12
1825,2021-04-15,LIG,11833,5230,6603,9981,1852,ITC,ITC3,7,Liguria,Liguria,1550640,561782,36.23,0.76
1826,2021-04-08,LIG,13728,6158,7570,11683,2045,ITC,ITC3,7,Liguria,Liguria,1550640,575510,37.11,0.89
1827,2021-06-04,LIG,14732,7237,7495,9246,5486,ITC,ITC3,7,Liguria,Liguria,1550640,590242,38.06,0.95
1828,2021-06-16,LIG,15670,7541,8129,10158,5512,ITC,ITC3,7,Liguria,Liguria,1550640,605912,39.07,1.01
1829,2021-03-08,LIG,5623,2458,3165,3934,1689,ITC,ITC3,7,Liguria,Liguria,1550640,611535,39.44,0.36
1830,2021-03-25,LIG,9762,4229,5533,6369,3393,ITC,ITC3,7,Liguria,Liguria,1550640,621297,40.07,0.63
1831,2021-01-01,LIG,144,55,89,144,0,ITC,ITC3,7,Liguria,Liguria,1550640,621441,40.08,0.01
1832,2021-04-16,LIG,11986,5285,6701,10158,1828,ITC,ITC3,7,Liguria,Liguria,1550640,633427,40.85,0.77
1833,2021-01-06,LIG,1660,616,1044,1660,0,ITC,ITC3,7,Liguria,Liguria,1550640,635087,40.96,0.11
1834,2021-03-20,LIG,2316,995,1321,1142,1174,ITC,ITC3,7,Liguria,Liguria,1550640,637403,41.11,0.15
1835,2021-05-14,LIG,13106,5835,7271,8779,4327,ITC,ITC3,7,Liguria,Liguria,1550640,650509,41.95,0.85
1836,2021-05-31,LIG,14638,7327,7311,9123,5515,ITC,ITC3,7,Liguria,Liguria,1550640,665147,42.89,0.94
1837,2021-03-09,LIG,5930,2753,3177,4499,1431,ITC,ITC3,7,Liguria,Liguria,1550640,671077,43.28,0.38
1838,2021-02-20,LIG,1335,637,698,1334,1,ITC,ITC3,7,Liguria,Liguria,1550640,672412,43.36,0.09
1839,2021-05-16,LIG,3703,1860,1843,2143,1560,ITC,ITC3,7,Liguria,Liguria,1550640,676115,43.6,0.24
1840,2021-02-22,LIG,3343,1476,1867,3201,142,ITC,ITC3,7,Liguria,Liguria,1550640,679458,43.82,0.22
1841,2021-04-04,LIG,756,366,390,507,249,ITC,ITC3,7,Liguria,Liguria,1550640,680214,43.87,0.05
1842,2021-04-18,LIG,2613,1164,1449,2145,468,ITC,ITC3,7,Liguria,Liguria,1550640,682827,44.04,0.17
1843,2021-01-08,LIG,2926,999,1927,2926,0,ITC,ITC3,7,Liguria,Liguria,1550640,685753,44.22,0.19
1844,2021-01-27,LIG,1744,603,1141,141,1603,ITC,ITC3,7,Liguria,Liguria,1550640,687497,44.34,0.11
1845,2021-05-21,LIG,12838,5952,6886,9714,3124,ITC,ITC3,7,Liguria,Liguria,1550640,700335,45.16,0.83
1846,2021-05-12,LIG,12025,5446,6579,6678,5347,ITC,ITC3,7,Liguria,Liguria,1550640,712360,45.94,0.78
1847,2021-05-26,LIG,16654,8407,8247,12281,4373,ITC,ITC3,7,Liguria,Liguria,1550640,729014,47.01,1.07
1848,2021-03-30,LIG,12206,5423,6783,8818,3388,ITC,ITC3,7,Liguria,Liguria,1550640,741220,47.8,0.79
1849,2021-04-06,LIG,13242,5898,7344,10982,2260,ITC,ITC3,7,Liguria,Liguria,1550640,754462,48.65,0.85
1850,2021-02-08,LIG,1977,741,1236,306,1671,ITC,ITC3,7,Liguria,Liguria,1550640,756439,48.78,0.13
1851,2020-12-27,LIG,135,56,79,135,0,ITC,ITC3,7,Liguria,Liguria,1550640,756574,48.79,0.01
1852,2021-03-27,LIG,3932,1549,2383,2537,1395,ITC,ITC3,7,Liguria,Liguria,1550640,760506,49.04,0.25
1853,2021-04-13,LIG,13076,5866,7210,11052,2024,ITC,ITC3,7,Liguria,Liguria,1550640,773582,49.89,0.84
1854,2021-05-13,LIG,13293,6080,7213,9051,4242,ITC,ITC3,7,Liguria,Liguria,1550640,786875,50.75,0.86
1855,2021-02-19,LIG,3219,1306,1913,3043,176,ITC,ITC3,7,Liguria,Liguria,1550640,790094,50.95,0.21
1856,2021-05-30,LIG,3299,1611,1688,1365,1934,ITC,ITC3,7,Liguria,Liguria,1550640,793393,51.17,0.21
1857,2021-03-04,LIG,4738,2118,2620,3891,847,ITC,ITC3,7,Liguria,Liguria,1550640,798131,51.47,0.31
1858,2021-06-12,LIG,10114,4909,5205,7892,2222,ITC,ITC3,7,Liguria,Liguria,1550640,808245,52.12,0.65
1859,2021-04-30,LIG,14415,6439,7976,5847,8568,ITC,ITC3,7,Liguria,Liguria,1550640,822660,53.05,0.93
1860,2021-03-06,LIG,3304,1842,1462,2599,705,ITC,ITC3,7,Liguria,Liguria,1550640,825964,53.27,0.21
1861,2021-01-22,LIG,1819,604,1215,1333,486,ITC,ITC3,7,Liguria,Liguria,1550640,827783,53.38,0.12
1862,2021-05-02,LIG,3880,1769,2111,506,3374,ITC,ITC3,7,Liguria,Liguria,1550640,831663,53.63,0.25
1863,2021-05-04,LIG,13646,6084,7562,5419,8227,ITC,ITC3,7,Liguria,Liguria,1550640,845309,54.51,0.88
1864,2021-05-09,LIG,2823,1245,1578,1113,1710,ITC,ITC3,7,Liguria,Liguria,1550640,848132,54.7,0.18
1865,2021-01-29,LIG,3081,1064,2017,67,3014,ITC,ITC3,7,Liguria,Liguria,1550640,851213,54.89,0.2
1866,2021-01-20,LIG,1552,555,997,1540,12,ITC,ITC3,7,Liguria,Liguria,1550640,852765,54.99,0.1
1867,2021-02-17,LIG,2689,1182,1507,2263,426,ITC,ITC3,7,Liguria,Liguria,1550640,855454,55.17,0.17
1868,2021-05-28,LIG,16284,8128,8156,11749,4535,ITC,ITC3,7,Liguria,Liguria,1550640,871738,56.22,1.05
1869,2021-01-05,LIG,2878,895,1983,2878,0,ITC,ITC3,7,Liguria,Liguria,1550640,874616,56.4,0.19
1870,2021-03-03,LIG,4580,1847,2733,3554,1026,ITC,ITC3,7,Liguria,Liguria,1550640,879196,56.7,0.3
1871,2021-01-15,LIG,2257,755,1502,2257,0,ITC,ITC3,7,Liguria,Liguria,1550640,881453,56.84,0.15
1872,2021-04-25,LIG,1936,921,1015,1521,415,ITC,ITC3,7,Liguria,Liguria,1550640,883389,56.97,0.12
1873,2021-03-13,LIG,3849,1637,2212,2994,855,ITC,ITC3,7,Liguria,Liguria,1550640,887238,57.22,0.25
1874,2021-06-23,LIG,13947,6680,7267,9520,4427,ITC,ITC3,7,Liguria,Liguria,1550640,901185,58.12,0.9
1875,2021-02-14,LIG,233,122,111,233,0,ITC,ITC3,7,Liguria,Liguria,1550640,901418,58.13,0.02
1876,2021-05-25,LIG,14110,6864,7246,10931,3179,ITC,ITC3,7,Liguria,Liguria,1550640,915528,59.04,0.91
1877,2021-03-22,LIG,7743,3466,4277,4807,2936,ITC,ITC3,7,Liguria,Liguria,1550640,923271,59.54,0.5
1878,2021-02-07,LIG,407,153,254,2,405,ITC,ITC3,7,Liguria,Liguria,1550640,923678,59.57,0.03
1879,2021-05-18,LIG,13459,6117,7342,10168,3291,ITC,ITC3,7,Liguria,Liguria,1550640,937137,60.44,0.87
1880,2021-05-20,LIG,12854,5967,6887,8829,4025,ITC,ITC3,7,Liguria,Liguria,1550640,949991,61.26,0.83
1881,2021-04-27,LIG,14760,6680,8080,7177,7583,ITC,ITC3,7,Liguria,Liguria,1550640,964751,62.22,0.95
1882,2021-02-03,LIG,2315,791,1524,55,2260,ITC,ITC3,7,Liguria,Liguria,1550640,967066,62.37,0.15
1883,2021-04-29,LIG,15557,6976,8581,6737,8820,ITC,ITC3,7,Liguria,Liguria,1550640,982623,63.37,1.0
1884,2021-04-12,LIG,12384,5475,6909,10365,2019,ITC,ITC3,7,Liguria,Liguria,1550640,995007,64.17,0.8
1885,2021-01-19,LIG,1371,438,933,1281,90,ITC,ITC3,7,Liguria,Liguria,1550640,996378,64.26,0.09
1886,2021-02-05,LIG,2679,987,1692,304,2375,ITC,ITC3,7,Liguria,Liguria,1550640,999057,64.43,0.17
1887,2021-06-01,LIG,16151,8110,8041,10785,5366,ITC,ITC3,7,Liguria,Liguria,1550640,1015208,65.47,1.04
1888,2021-06-18,LIG,14973,7280,7693,9426,5547,ITC,ITC3,7,Liguria,Liguria,1550640,1030181,66.44,0.97
1889,2021-03-10,LIG,5899,2861,3038,3993,1906,ITC,ITC3,7,Liguria,Liguria,1550640,1036080,66.82,0.38
1890,2021-04-05,LIG,3978,1753,2225,2329,1649,ITC,ITC3,7,Liguria,Liguria,1550640,1040058,67.07,0.26
1891,2021-05-11,LIG,13902,6384,7518,7298,6604,ITC,ITC3,7,Liguria,Liguria,1550640,1053960,67.97,0.9
1892,2021-03-29,LIG,10567,4617,5950,7436,3131,ITC,ITC3,7,Liguria,Liguria,1550640,1064527,68.65,0.68
1893,2021-01-31,LIG,624,270,354,9,615,ITC,ITC3,7,Liguria,Liguria,1550640,1065151,68.69,0.04
1894,2021-02-15,LIG,2262,839,1423,1865,397,ITC,ITC3,7,Liguria,Liguria,1550640,1067413,68.84,0.15
1895,2021-01-03,LIG,734,230,504,734,0,ITC,ITC3,7,Liguria,Liguria,1550640,1068147,68.88,0.05
1896,2021-02-27,LIG,1888,921,967,1759,129,ITC,ITC3,7,Liguria,Liguria,1550640,1070035,69.01,0.12
1897,2021-02-10,LIG,2314,837,1477,1019,1295,ITC,ITC3,7,Liguria,Liguria,1550640,1072349,69.16,0.15
1898,2021-03-18,LIG,4986,2124,2862,2007,2979,ITC,ITC3,7,Liguria,Liguria,1550640,1077335,69.48,0.32
1899,2021-04-01,LIG,12421,5510,6911,9651,2770,ITC,ITC3,7,Liguria,Liguria,1550640,1089756,70.28,0.8
1900,2021-06-08,LIG,17813,8893,8920,11201,6612,ITC,ITC3,7,Liguria,Liguria,1550640,1107569,71.43,1.15
1901,2021-03-17,LIG,5552,2368,3184,2473,3079,ITC,ITC3,7,Liguria,Liguria,1550640,1113121,71.78,0.36
1902,2021-05-06,LIG,14515,6439,8076,6190,8325,ITC,ITC3,7,Liguria,Liguria,1550640,1127636,72.72,0.94
1903,2021-01-26,LIG,2490,807,1683,19,2471,ITC,ITC3,7,Liguria,Liguria,1550640,1130126,72.88,0.16
1904,2021-01-07,LIG,3230,1095,2135,3230,0,ITC,ITC3,7,Liguria,Liguria,1550640,1133356,73.09,0.21
1905,2021-06-13,LIG,5616,2695,2921,5163,453,ITC,ITC3,7,Liguria,Liguria,1550640,1138972,73.45,0.36
1906,2021-04-17,LIG,7382,3216,4166,6632,750,ITC,ITC3,7,Liguria,Liguria,1550640,1146354,73.93,0.48
1907,2021-05-01,LIG,7142,3256,3886,1342,5800,ITC,ITC3,7,Liguria,Liguria,1550640,1153496,74.39,0.46
1908,2021-03-05,LIG,4869,2150,2719,3737,1132,ITC,ITC3,7,Liguria,Liguria,1550640,1158365,74.7,0.31
1909,2021-06-06,LIG,3818,2033,1785,2948,870,ITC,ITC3,7,Liguria,Liguria,1550640,1162183,74.95,0.25
1910,2021-04-24,LIG,8218,3795,4423,5067,3151,ITC,ITC3,7,Liguria,Liguria,1550640,1170401,75.48,0.53
1911,2021-02-26,LIG,3764,1523,2241,3436,328,ITC,ITC3,7,Liguria,Liguria,1550640,1174165,75.72,0.24
1912,2021-06-20,LIG,1241,615,626,983,258,ITC,ITC3,7,Liguria,Liguria,1550640,1175406,75.8,0.08
1913,2021-03-24,LIG,9177,4031,5146,5890,3287,ITC,ITC3,7,Liguria,Liguria,1550640,1184583,76.39,0.59
1914,2020-12-31,LIG,990,353,637,990,0,ITC,ITC3,7,Liguria,Liguria,1550640,1185573,76.46,0.06
1915,2021-04-10,LIG,7882,3556,4326,6968,914,ITC,ITC3,7,Liguria,Liguria,1550640,1193455,76.97,0.51
1916,2021-01-17,LIG,866,301,565,866,0,ITC,ITC3,7,Liguria,Liguria,1550640,1194321,77.02,0.06
1917,2021-02-24,LIG,3764,1560,2204,3506,258,ITC,ITC3,7,Liguria,Liguria,1550640,1198085,77.26,0.24
1918,2020-12-29,LIG,125,33,92,125,0,ITC,ITC3,7,Liguria,Liguria,1550640,1198210,77.27,0.01
1919,2021-01-12,LIG,2469,887,1582,2469,0,ITC,ITC3,7,Liguria,Liguria,1550640,1200679,77.43,0.16
1920,2021-04-22,LIG,13845,6207,7638,8772,5073,ITC,ITC3,7,Liguria,Liguria,1550640,1214524,78.32,0.89
1921,2021-01-11,LIG,2655,990,1665,2655,0,ITC,ITC3,7,Liguria,Liguria,1550640,1217179,78.5,0.17
1922,2021-01-10,LIG,648,262,386,648,0,ITC,ITC3,7,Liguria,Liguria,1550640,1217827,78.54,0.04
1923,2021-04-20,LIG,14215,6505,7710,9867,4348,ITC,ITC3,7,Liguria,Liguria,1550640,1232042,79.45,0.92
1924,2021-05-23,LIG,2305,1119,1186,1182,1123,ITC,ITC3,7,Liguria,Liguria,1550640,1234347,79.6,0.15
1925,2021-03-01,LIG,3527,1444,2083,3404,123,ITC,ITC3,7,Liguria,Liguria,1550640,1237874,79.83,0.23
1926,2021-06-09,LIG,18667,9376,9291,12111,6556,ITC,ITC3,7,Liguria,Liguria,1550640,1256541,81.03,1.2
1927,2021-04-03,LIG,5404,2497,2907,4461,943,ITC,ITC3,7,Liguria,Liguria,1550640,1261945,81.38,0.35
1928,2021-01-24,LIG,756,237,519,113,643,ITC,ITC3,7,Liguria,Liguria,1550640,1262701,81.43,0.05
1929,2021-02-12,LIG,1935,690,1245,897,1038,ITC,ITC3,7,Liguria,Liguria,1550640,1264636,81.56,0.12
1930,2021-03-15,LIG,7246,3097,4149,4540,2706,ITC,ITC3,7,Liguria,Liguria,1550640,1271882,82.02,0.47
1931,2021-04-11,FVG,3432,1519,1913,2526,906,ITH,ITH4,6,Friuli-Venezia Giulia,Friuli Venezia Giulia,1215220,3432,0.28,0.28
1932,2021-06-07,FVG,9107,4732,4375,8153,954,ITH,ITH4,6,Friuli-Venezia Giulia,Friuli Venezia Giulia,1215220,12539,1.03,0.75
1933,2021-05-31,FVG,8871,4412,4459,6709,2162,ITH,ITH4,6,Friuli-Venezia Giulia,Friuli Venezia Giulia,1215220,21410,1.76,0.73
1934,2021-01-30,FVG,2276,745,1531,270,2006,ITH,ITH4,6,Friuli-Venezia Giulia,Friuli Venezia Giulia,1215220,23686,1.95,0.19
1935,2021-04-21,FVG,7753,3457,4296,4073,3680,ITH,ITH4,6,Friuli-Venezia Giulia,Friuli Venezia Giulia,1215220,31439,2.59,0.64
1936,2021-01-11,FVG,1882,608,1274,1882,0,ITH,ITH4,6,Friuli-Venezia Giulia,Friuli Venezia Giulia,1215220,33321,2.74,0.15
1937,2021-05-24,FVG,11393,5515,5878,7781,3612,ITH,ITH4,6,Friuli-Venezia Giulia,Friuli Venezia Giulia,1215220,44714,3.68,0.94
1938,2021-02-13,FVG,566,179,387,560,6,ITH,ITH4,6,Friuli-Venezia Giulia,Friuli Venezia Giulia,1215220,45280,3.73,0.05
1939,2021-03-02,FVG,4219,1519,2700,2720,1499,ITH,ITH4,6,Friuli-Venezia Giulia,Friuli Venezia Giulia,1215220,49499,4.07,0.35
1940,2021-03-04,FVG,3451,1597,1854,2792,659,ITH,ITH4,6,Friuli-Venezia Giulia,Friuli Venezia Giulia,1215220,52950,4.36,0.28
1941,2021-06-12,FVG,8068,4626,3442,6916,1152,ITH,ITH4,6,Friuli-Venezia Giulia,Friuli Venezia Giulia,1215220,61018,5.02,0.66
1942,2021-03-21,FVG,2672,1000,1672,2263,409,ITH,ITH4,6,Friuli-Venezia Giulia,Friuli Venezia Giulia,1215220,63690,5.24,0.22
1943,2021-06-24,FVG,5691,2918,2773,960,4731,ITH,ITH4,6,Friuli-Venezia Giulia,Friuli Venezia Giulia,1215220,69381,5.71,0.47
1944,2021-03-16,FVG,3155,1288,1867,1074,2081,ITH,ITH4,6,Friuli-Venezia Giulia,Friuli Venezia Giulia,1215220,72536,5.97,0.26
1945,2021-05-12,FVG,10863,5031,5832,9458,1405,ITH,ITH4,6,Friuli-Venezia Giulia,Friuli Venezia Giulia,1215220,83399,6.86,0.89
1946,2021-05-19,FVG,11984,5897,6087,9646,2338,ITH,ITH4,6,Friuli-Venezia Giulia,Friuli Venezia Giulia,1215220,95383,7.85,0.99
1947,2021-03-28,FVG,4937,2354,2583,4779,158,ITH,ITH4,6,Friuli-Venezia Giulia,Friuli Venezia Giulia,1215220,100320,8.26,0.41
1948,2021-01-18,FVG,1961,606,1355,1867,94,ITH,ITH4,6,Friuli-Venezia Giulia,Friuli Venezia Giulia,1215220,102281,8.42,0.16
1949,2021-01-04,FVG,1507,558,949,1507,0,ITH,ITH4,6,Friuli-Venezia Giulia,Friuli Venezia Giulia,1215220,103788,8.54,0.12
1950,2021-02-06,FVG,1154,338,816,22,1132,ITH,ITH4,6,Friuli-Venezia Giulia,Friuli Venezia Giulia,1215220,104942,8.64,0.09
1951,2021-02-23,FVG,2643,1277,1366,2463,180,ITH,ITH4,6,Friuli-Venezia Giulia,Friuli Venezia Giulia,1215220,107585,8.85,0.22
1952,2021-05-17,FVG,8798,4084,4714,6314,2484,ITH,ITH4,6,Friuli-Venezia Giulia,Friuli Venezia Giulia,1215220,116383,9.58,0.72
1953,2021-03-09,FVG,4009,1722,2287,1262,2747,ITH,ITH4,6,Friuli-Venezia Giulia,Friuli Venezia Giulia,1215220,120392,9.91,0.33
1954,2021-02-04,FVG,2725,808,1917,35,2690,ITH,ITH4,6,Friuli-Venezia Giulia,Friuli Venezia Giulia,1215220,123117,10.13,0.22
1955,2021-04-30,FVG,7330,3235,4095,3693,3637,ITH,ITH4,6,Friuli-Venezia Giulia,Friuli Venezia Giulia,1215220,130447,10.73,0.6
1956,2021-02-18,FVG,3218,1492,1726,2811,407,ITH,ITH4,6,Friuli-Venezia Giulia,Friuli Venezia Giulia,1215220,133665,11.0,0.26
1957,2021-04-02,FVG,6575,2918,3657,4737,1838,ITH,ITH4,6,Friuli-Venezia Giulia,Friuli Venezia Giulia,1215220,140240,11.54,0.54
1958,2021-04-16,FVG,6917,2997,3920,4993,1924,ITH,ITH4,6,Friuli-Venezia Giulia,Friuli Venezia Giulia,1215220,147157,12.11,0.57
1959,2021-01-06,FVG,710,264,446,710,0,ITH,ITH4,6,Friuli-Venezia Giulia,Friuli Venezia Giulia,1215220,147867,12.17,0.06
1960,2021-04-28,FVG,7284,3218,4066,3796,3488,ITH,ITH4,6,Friuli-Venezia Giulia,Friuli Venezia Giulia,1215220,155151,12.77,0.6
1961,2021-01-23,FVG,816,324,492,4,812,ITH,ITH4,6,Friuli-Venezia Giulia,Friuli Venezia Giulia,1215220,155967,12.83,0.07
1962,2021-05-05,FVG,9751,4259,5492,6283,3468,ITH,ITH4,6,Friuli-Venezia Giulia,Friuli Venezia Giulia,1215220,165718,13.64,0.8
1963,2021-01-25,FVG,1583,567,1016,194,1389,ITH,ITH4,6,Friuli-Venezia Giulia,Friuli Venezia Giulia,1215220,167301,13.77,0.13
1964,2021-03-23,FVG,3887,1681,2206,1746,2141,ITH,ITH4,6,Friuli-Venezia Giulia,Friuli Venezia Giulia,1215220,171188,14.09,0.32
1965,2021-02-27,FVG,3530,1200,2330,3529,1,ITH,ITH4,6,Friuli-Venezia Giulia,Friuli Venezia Giulia,1215220,174718,14.38,0.29
1966,2021-04-25,FVG,2365,990,1375,2354,11,ITH,ITH4,6,Friuli-Venezia Giulia,Friuli Venezia Giulia,1215220,177083,14.57,0.19
1967,2021-01-15,FVG,2021,605,1416,2021,0,ITH,ITH4,6,Friuli-Venezia Giulia,Friuli Venezia Giulia,1215220,179104,14.74,0.17
1968,2021-04-18,FVG,6038,2800,3238,5631,407,ITH,ITH4,6,Friuli-Venezia Giulia,Friuli Venezia Giulia,1215220,185142,15.24,0.5
1969,2021-01-08,FVG,2321,746,1575,2321,0,ITH,ITH4,6,Friuli-Venezia Giulia,Friuli Venezia Giulia,1215220,187463,15.43,0.19
1970,2021-06-14,FVG,9986,4826,5160,5222,4764,ITH,ITH4,6,Friuli-Venezia Giulia,Friuli Venezia Giulia,1215220,197449,16.25,0.82
1971,2021-02-20,FVG,2068,933,1135,1924,144,ITH,ITH4,6,Friuli-Venezia Giulia,Friuli Venezia Giulia,1215220,199517,16.42,0.17
1972,2021-01-22,FVG,90,30,60,0,90,ITH,ITH4,6,Friuli-Venezia Giulia,Friuli Venezia Giulia,1215220,199607,16.43,0.01
1973,2021-01-27,FVG,1272,425,847,450,822,ITH,ITH4,6,Friuli-Venezia Giulia,Friuli Venezia Giulia,1215220,200879,16.53,0.1
1974,2021-05-07,FVG,10604,4850,5754,7097,3507,ITH,ITH4,6,Friuli-Venezia Giulia,Friuli Venezia Giulia,1215220,211483,17.4,0.87
1975,2021-05-09,FVG,7355,3301,4054,3498,3857,ITH,ITH4,6,Friuli-Venezia Giulia,Friuli Venezia Giulia,1215220,218838,18.01,0.61
1976,2021-05-26,FVG,13338,6677,6661,9921,3417,ITH,ITH4,6,Friuli-Venezia Giulia,Friuli Venezia Giulia,1215220,232176,19.11,1.1
1977,2021-02-15,FVG,2454,911,1543,2200,254,ITH,ITH4,6,Friuli-Venezia Giulia,Friuli Venezia Giulia,1215220,234630,19.31,0.2
1978,2021-04-23,FVG,7464,3377,4087,3602,3862,ITH,ITH4,6,Friuli-Venezia Giulia,Friuli Venezia Giulia,1215220,242094,19.92,0.61
1979,2021-06-09,FVG,11046,5811,5235,9694,1352,ITH,ITH4,6,Friuli-Venezia Giulia,Friuli Venezia Giulia,1215220,253140,20.83,0.91
1980,2021-03-01,FVG,2957,1041,1916,2905,52,ITH,ITH4,6,Friuli-Venezia Giulia,Friuli Venezia Giulia,1215220,256097,21.07,0.24
1981,2021-03-18,FVG,3372,1421,1951,1691,1681,ITH,ITH4,6,Friuli-Venezia Giulia,Friuli Venezia Giulia,1215220,259469,21.35,0.28
1982,2021-03-14,FVG,1398,550,848,1146,252,ITH,ITH4,6,Friuli-Venezia Giulia,Friuli Venezia Giulia,1215220,260867,21.47,0.12
1983,2021-04-08,FVG,7409,3193,4216,5487,1922,ITH,ITH4,6,Friuli-Venezia Giulia,Friuli Venezia Giulia,1215220,268276,22.08,0.61
1984,2021-05-21,FVG,11180,5003,6177,8213,2967,ITH,ITH4,6,Friuli-Venezia Giulia,Friuli Venezia Giulia,1215220,279456,23.0,0.92
1985,2021-02-10,FVG,1352,496,856,1266,86,ITH,ITH4,6,Friuli-Venezia Giulia,Friuli Venezia Giulia,1215220,280808,23.11,0.11
1986,2021-02-01,FVG,2097,688,1409,16,2081,ITH,ITH4,6,Friuli-Venezia Giulia,Friuli Venezia Giulia,1215220,282905,23.28,0.17
1987,2021-05-14,FVG,10742,5350,5392,8159,2583,ITH,ITH4,6,Friuli-Venezia Giulia,Friuli Venezia Giulia,1215220,293647,24.16,0.88
1988,2021-02-03,FVG,2647,791,1856,23,2624,ITH,ITH4,6,Friuli-Venezia Giulia,Friuli Venezia Giulia,1215220,296294,24.38,0.22
1989,2021-06-04,FVG,12020,6175,5845,10637,1383,ITH,ITH4,6,Friuli-Venezia Giulia,Friuli Venezia Giulia,1215220,308314,25.37,0.99
1990,2021-06-21,FVG,9005,4400,4605,1807,7198,ITH,ITH4,6,Friuli-Venezia Giulia,Friuli Venezia Giulia,1215220,317319,26.11,0.74
1991,2021-03-13,FVG,2941,1124,1817,1670,1271,ITH,ITH4,6,Friuli-Venezia Giulia,Friuli Venezia Giulia,1215220,320260,26.35,0.24
1992,2021-06-19,FVG,8051,4207,3844,1278,6773,ITH,ITH4,6,Friuli-Venezia Giulia,Friuli Venezia Giulia,1215220,328311,27.02,0.66
1993,2021-03-11,FVG,3474,1515,1959,1723,1751,ITH,ITH4,6,Friuli-Venezia Giulia,Friuli Venezia Giulia,1215220,331785,27.3,0.29
1994,2021-04-13,FVG,7365,3289,4076,5762,1603,ITH,ITH4,6,Friuli-Venezia Giulia,Friuli Venezia Giulia,1215220,339150,27.91,0.61
1995,2021-01-03,FVG,312,122,190,312,0,ITH,ITH4,6,Friuli-Venezia Giulia,Friuli Venezia Giulia,1215220,339462,27.93,0.03
1996,2021-01-20,FVG,748,320,428,13,735,ITH,ITH4,6,Friuli-Venezia Giulia,Friuli Venezia Giulia,1215220,340210,28.0,0.06
1997,2021-02-11,FVG,1930,664,1266,1738,192,ITH,ITH4,6,Friuli-Venezia Giulia,Friuli Venezia Giulia,1215220,342140,28.15,0.16
1998,2021-04-09,FVG,7898,3652,4246,6653,1245,ITH,ITH4,6,Friuli-Venezia Giulia,Friuli Venezia Giulia,1215220,350038,28.8,0.65
1999,2020-12-30,FVG,626,244,382,626,0,ITH,ITH4,6,Friuli-Venezia Giulia,Friuli Venezia Giulia,1215220,350664,28.86,0.05
2000,2021-06-05,FVG,10286,5315,4971,8738,1548,ITH,ITH4,6,Friuli-Venezia Giulia,Friuli Venezia Giulia,1215220,360950,29.7,0.85
2001,2021-02-25,FVG,3165,1652,1513,3136,29,ITH,ITH4,6,Friuli-Venezia Giulia,Friuli Venezia Giulia,1215220,364115,29.96,0.26
2002,2021-06-16,FVG,11943,5812,6131,4052,7891,ITH,ITH4,6,Friuli-Venezia Giulia,Friuli Venezia Giulia,1215220,376058,30.95,0.98
2003,2021-06-23,FVG,11489,5541,5948,1889,9600,ITH,ITH4,6,Friuli-Venezia Giulia,Friuli Venezia Giulia,1215220,387547,31.89,0.95
2004,2021-04-27,FVG,8101,3718,4383,3626,4475,ITH,ITH4,6,Friuli-Venezia Giulia,Friuli Venezia Giulia,1215220,395648,32.56,0.67
2005,2021-01-16,FVG,1230,360,870,1230,0,ITH,ITH4,6,Friuli-Venezia Giulia,Friuli Venezia Giulia,1215220,396878,32.66,0.1
2006,2021-03-25,FVG,5526,2418,3108,3391,2135,ITH,ITH4,6,Friuli-Venezia Giulia,Friuli Venezia Giulia,1215220,402404,33.11,0.45
2007,2021-03-30,FVG,7220,3249,3971,6297,923,ITH,ITH4,6,Friuli-Venezia Giulia,Friuli Venezia Giulia,1215220,409624,33.71,0.59
2008,2021-03-06,FVG,3500,1196,2304,3175,325,ITH,ITH4,6,Friuli-Venezia Giulia,Friuli Venezia Giulia,1215220,413124,34.0,0.29
2009,2021-05-06,FVG,11884,5520,6364,7917,3967,ITH,ITH4,6,Friuli-Venezia Giulia,Friuli Venezia Giulia,1215220,425008,34.97,0.98
2010,2021-04-20,FVG,7111,3060,4051,3208,3903,ITH,ITH4,6,Friuli-Venezia Giulia,Friuli Venezia Giulia,1215220,432119,35.56,0.59
2011,2021-01-10,FVG,2939,918,2021,2939,0,ITH,ITH4,6,Friuli-Venezia Giulia,Friuli Venezia Giulia,1215220,435058,35.8,0.24
2012,2021-04-05,FVG,2894,1438,1456,2879,15,ITH,ITH4,6,Friuli-Venezia Giulia,Friuli Venezia Giulia,1215220,437952,36.04,0.24
2013,2021-01-12,FVG,2260,713,1547,2260,0,ITH,ITH4,6,Friuli-Venezia Giulia,Friuli Venezia Giulia,1215220,440212,36.22,0.19
2014,2021-01-29,FVG,2412,813,1599,264,2148,ITH,ITH4,6,Friuli-Venezia Giulia,Friuli Venezia Giulia,1215220,442624,36.42,0.2
2015,2021-04-22,FVG,6774,3080,3694,3087,3687,ITH,ITH4,6,Friuli-Venezia Giulia,Friuli Venezia Giulia,1215220,449398,36.98,0.56
2016,2021-02-08,FVG,2357,694,1663,92,2265,ITH,ITH4,6,Friuli-Venezia Giulia,Friuli Venezia Giulia,1215220,451755,37.17,0.19
2017,2021-06-13,FVG,8636,4494,4142,5320,3316,ITH,ITH4,6,Friuli-Venezia Giulia,Friuli Venezia Giulia,1215220,460391,37.89,0.71
2018,2021-04-17,FVG,7451,3233,4218,5968,1483,ITH,ITH4,6,Friuli-Venezia Giulia,Friuli Venezia Giulia,1215220,467842,38.5,0.61
2019,2021-03-20,FVG,3400,1408,1992,1309,2091,ITH,ITH4,6,Friuli-Venezia Giulia,Friuli Venezia Giulia,1215220,471242,38.78,0.28
2020,2021-01-13,FVG,2650,834,1816,2650,0,ITH,ITH4,6,Friuli-Venezia Giulia,Friuli Venezia Giulia,1215220,473892,39.0,0.22
2021,2021-04-06,FVG,6655,3115,3540,5505,1150,ITH,ITH4,6,Friuli-Venezia Giulia,Friuli Venezia Giulia,1215220,480547,39.54,0.55
2022,2020-12-27,FVG,262,149,113,262,0,ITH,ITH4,6,Friuli-Venezia Giulia,Friuli Venezia Giulia,1215220,480809,39.57,0.02
2023,2021-02-12,FVG,1193,428,765,1146,47,ITH,ITH4,6,Friuli-Venezia Giulia,Friuli Venezia Giulia,1215220,482002,39.66,0.1
2024,2021-05-02,FVG,6897,3247,3650,3939,2958,ITH,ITH4,6,Friuli-Venezia Giulia,Friuli Venezia Giulia,1215220,488899,40.23,0.57
2025,2021-05-16,FVG,9985,4778,5207,8586,1399,ITH,ITH4,6,Friuli-Venezia Giulia,Friuli Venezia Giulia,1215220,498884,41.05,0.82
2026,2021-06-18,FVG,10430,5101,5329,3204,7226,ITH,ITH4,6,Friuli-Venezia Giulia,Friuli Venezia Giulia,1215220,509314,41.91,0.86
2027,2021-03-10,FVG,3582,1694,1888,1788,1794,ITH,ITH4,6,Friuli-Venezia Giulia,Friuli Venezia Giulia,1215220,512896,42.21,0.29
2028,2021-02-24,FVG,2522,1086,1436,2504,18,ITH,ITH4,6,Friuli-Venezia Giulia,Friuli Venezia Giulia,1215220,515418,42.41,0.21
2029,2021-05-04,FVG,9535,4298,5237,6181,3354,ITH,ITH4,6,Friuli-Venezia Giulia,Friuli Venezia Giulia,1215220,524953,43.2,0.78
2030,2021-01-24,FVG,305,119,186,1,304,ITH,ITH4,6,Friuli-Venezia Giulia,Friuli Venezia Giulia,1215220,525258,43.22,0.03
2031,2021-03-08,FVG,4119,1642,2477,2034,2085,ITH,ITH4,6,Friuli-Venezia Giulia,Friuli Venezia Giulia,1215220,529377,43.56,0.34
2032,2021-03-22,FVG,3657,1445,2212,1703,1954,ITH,ITH4,6,Friuli-Venezia Giulia,Friuli Venezia Giulia,1215220,533034,43.86,0.3
2033,2021-04-03,FVG,4011,1989,2022,2681,1330,ITH,ITH4,6,Friuli-Venezia Giulia,Friuli Venezia Giulia,1215220,537045,44.19,0.33
2034,2021-06-10,FVG,10625,5584,5041,9644,981,ITH,ITH4,6,Friuli-Venezia Giulia,Friuli Venezia Giulia,1215220,547670,45.07,0.87
2035,2021-03-19,FVG,3251,1350,1901,1315,1936,ITH,ITH4,6,Friuli-Venezia Giulia,Friuli Venezia Giulia,1215220,550921,45.34,0.27
2036,2021-04-01,FVG,6383,3048,3335,5368,1015,ITH,ITH4,6,Friuli-Venezia Giulia,Friuli Venezia Giulia,1215220,557304,45.86,0.53
2037,2021-05-28,FVG,10491,5027,5464,6392,4099,ITH,ITH4,6,Friuli-Venezia Giulia,Friuli Venezia Giulia,1215220,567795,46.72,0.86
2038,2021-02-19,FVG,3252,1290,1962,2825,427,ITH,ITH4,6,Friuli-Venezia Giulia,Friuli Venezia Giulia,1215220,571047,46.99,0.27
2039,2021-04-24,FVG,6676,2946,3730,5433,1243,ITH,ITH4,6,Friuli-Venezia Giulia,Friuli Venezia Giulia,1215220,577723,47.54,0.55
2040,2021-06-06,FVG,9450,4614,4836,7905,1545,ITH,ITH4,6,Friuli-Venezia Giulia,Friuli Venezia Giulia,1215220,587173,48.32,0.78
2041,2021-02-26,FVG,3736,2093,1643,3588,148,ITH,ITH4,6,Friuli-Venezia Giulia,Friuli Venezia Giulia,1215220,590909,48.63,0.31
2042,2021-02-17,FVG,2354,999,1355,1874,480,ITH,ITH4,6,Friuli-Venezia Giulia,Friuli Venezia Giulia,1215220,593263,48.82,0.19
2043,2021-05-30,FVG,11058,4987,6071,7474,3584,ITH,ITH4,6,Friuli-Venezia Giulia,Friuli Venezia Giulia,1215220,604321,49.73,0.91
2044,2021-03-17,FVG,3236,1267,1969,745,2491,ITH,ITH4,6,Friuli-Venezia Giulia,Friuli Venezia Giulia,1215220,607557,50.0,0.27
2045,2021-05-13,FVG,11137,5367,5770,9080,2057,ITH,ITH4,6,Friuli-Venezia Giulia,Friuli Venezia Giulia,1215220,618694,50.91,0.92
2046,2021-02-16,FVG,2516,1135,1381,2400,116,ITH,ITH4,6,Friuli-Venezia Giulia,Friuli Venezia Giulia,1215220,621210,51.12,0.21
2047,2021-03-24,FVG,3968,1713,2255,2488,1480,ITH,ITH4,6,Friuli-Venezia Giulia,Friuli Venezia Giulia,1215220,625178,51.45,0.33
2048,2021-05-20,FVG,12681,6296,6385,10167,2514,ITH,ITH4,6,Friuli-Venezia Giulia,Friuli Venezia Giulia,1215220,637859,52.49,1.04
2049,2021-04-10,FVG,5040,2211,2829,3815,1225,ITH,ITH4,6,Friuli-Venezia Giulia,Friuli Venezia Giulia,1215220,642899,52.9,0.41
2050,2021-05-23,FVG,10269,4853,5416,6121,4148,ITH,ITH4,6,Friuli-Venezia Giulia,Friuli Venezia Giulia,1215220,653168,53.75,0.85
2051,2021-01-07,FVG,2093,718,1375,2093,0,ITH,ITH4,6,Friuli-Venezia Giulia,Friuli Venezia Giulia,1215220,655261,53.92,0.17
2052,2021-03-05,FVG,3772,1511,2261,2698,1074,ITH,ITH4,6,Friuli-Venezia Giulia,Friuli Venezia Giulia,1215220,659033,54.23,0.31
2053,2021-04-19,FVG,6710,3133,3577,3295,3415,ITH,ITH4,6,Friuli-Venezia Giulia,Friuli Venezia Giulia,1215220,665743,54.78,0.55
2054,2021-01-09,FVG,2513,841,1672,2513,0,ITH,ITH4,6,Friuli-Venezia Giulia,Friuli Venezia Giulia,1215220,668256,54.99,0.21
2055,2021-06-15,FVG,11691,5908,5783,5300,6391,ITH,ITH4,6,Friuli-Venezia Giulia,Friuli Venezia Giulia,1215220,679947,55.95,0.96
2056,2021-03-07,FVG,2547,932,1615,2546,1,ITH,ITH4,6,Friuli-Venezia Giulia,Friuli Venezia Giulia,1215220,682494,56.16,0.21
2057,2020-12-31,FVG,1053,384,669,1053,0,ITH,ITH4,6,Friuli-Venezia Giulia,Friuli Venezia Giulia,1215220,683547,56.25,0.09
2058,2021-06-17,FVG,11185,5654,5531,2267,8918,ITH,ITH4,6,Friuli-Venezia Giulia,Friuli Venezia Giulia,1215220,694732,57.17,0.92
2059,2021-06-22,FVG,11095,5713,5382,2252,8843,ITH,ITH4,6,Friuli-Venezia Giulia,Friuli Venezia Giulia,1215220,705827,58.08,0.91
2060,2021-05-25,FVG,12866,6360,6506,9555,3311,ITH,ITH4,6,Friuli-Venezia Giulia,Friuli Venezia Giulia,1215220,718693,59.14,1.06
2061,2021-06-11,FVG,10529,5755,4774,9749,780,ITH,ITH4,6,Friuli-Venezia Giulia,Friuli Venezia Giulia,1215220,729222,60.01,0.87
2062,2021-03-03,FVG,3645,1633,2012,2371,1274,ITH,ITH4,6,Friuli-Venezia Giulia,Friuli Venezia Giulia,1215220,732867,60.31,0.3
2063,2021-05-27,FVG,12789,6121,6668,7574,5215,ITH,ITH4,6,Friuli-Venezia Giulia,Friuli Venezia Giulia,1215220,745656,61.36,1.05
2064,2021-04-07,FVG,7805,3608,4197,7023,782,ITH,ITH4,6,Friuli-Venezia Giulia,Friuli Venezia Giulia,1215220,753461,62.0,0.64
2065,2021-05-03,FVG,7208,3285,3923,3429,3779,ITH,ITH4,6,Friuli-Venezia Giulia,Friuli Venezia Giulia,1215220,760669,62.6,0.59
2066,2021-01-14,FVG,2584,789,1795,2584,0,ITH,ITH4,6,Friuli-Venezia Giulia,Friuli Venezia Giulia,1215220,763253,62.81,0.21
2067,2021-06-08,FVG,10272,5376,4896,9860,412,ITH,ITH4,6,Friuli-Venezia Giulia,Friuli Venezia Giulia,1215220,773525,63.65,0.85
2068,2021-02-28,FVG,2685,1002,1683,2292,393,ITH,ITH4,6,Friuli-Venezia Giulia,Friuli Venezia Giulia,1215220,776210,63.87,0.22
2069,2021-04-26,FVG,5461,2451,3010,3812,1649,ITH,ITH4,6,Friuli-Venezia Giulia,Friuli Venezia Giulia,1215220,781671,64.32,0.45
2070,2021-01-17,FVG,1716,523,1193,1716,0,ITH,ITH4,6,Friuli-Venezia Giulia,Friuli Venezia Giulia,1215220,783387,64.46,0.14
2071,2021-03-15,FVG,3952,1809,2143,1631,2321,ITH,ITH4,6,Friuli-Venezia Giulia,Friuli Venezia Giulia,1215220,787339,64.79,0.33
2072,2021-05-11,FVG,9026,4328,4698,7224,1802,ITH,ITH4,6,Friuli-Venezia Giulia,Friuli Venezia Giulia,1215220,796365,65.53,0.74
2073,2021-01-31,FVG,2717,838,1879,385,2332,ITH,ITH4,6,Friuli-Venezia Giulia,Friuli Venezia Giulia,1215220,799082,65.76,0.22
2074,2021-03-27,FVG,5365,2907,2458,3954,1411,ITH,ITH4,6,Friuli-Venezia Giulia,Friuli Venezia Giulia,1215220,804447,66.2,0.44
2075,2021-04-15,FVG,6488,2861,3627,5218,1270,ITH,ITH4,6,Friuli-Venezia Giulia,Friuli Venezia Giulia,1215220,810935,66.73,0.53
2076,2021-04-29,FVG,6728,2957,3771,4165,2563,ITH,ITH4,6,Friuli-Venezia Giulia,Friuli Venezia Giulia,1215220,817663,67.29,0.55
2077,2021-01-05,FVG,1678,551,1127,1678,0,ITH,ITH4,6,Friuli-Venezia Giulia,Friuli Venezia Giulia,1215220,819341,67.42,0.14
2078,2021-02-05,FVG,2609,784,1825,89,2520,ITH,ITH4,6,Friuli-Venezia Giulia,Friuli Venezia Giulia,1215220,821950,67.64,0.21
2079,2021-04-14,FVG,7217,3118,4099,5505,1712,ITH,ITH4,6,Friuli-Venezia Giulia,Friuli Venezia Giulia,1215220,829167,68.23,0.59
2080,2021-06-03,FVG,12231,6668,5563,10257,1974,ITH,ITH4,6,Friuli-Venezia Giulia,Friuli Venezia Giulia,1215220,841398,69.24,1.01
2081,2021-01-19,FVG,6,2,4,6,0,ITH,ITH4,6,Friuli-Venezia Giulia,Friuli Venezia Giulia,1215220,841404,69.24,0.0
2082,2021-05-29,FVG,12008,5840,6168,7021,4987,ITH,ITH4,6,Friuli-Venezia Giulia,Friuli Venezia Giulia,1215220,853412,70.23,0.99
2083,2021-05-22,FVG,11547,5185,6362,7315,4232,ITH,ITH4,6,Friuli-Venezia Giulia,Friuli Venezia Giulia,1215220,864959,71.18,0.95
2084,2021-01-28,FVG,2239,794,1445,354,1885,ITH,ITH4,6,Friuli-Venezia Giulia,Friuli Venezia Giulia,1215220,867198,71.36,0.18
2085,2021-05-08,FVG,10267,4641,5626,5487,4780,ITH,ITH4,6,Friuli-Venezia Giulia,Friuli Venezia Giulia,1215220,877465,72.21,0.84
2086,2021-05-10,FVG,7939,3527,4412,6398,1541,ITH,ITH4,6,Friuli-Venezia Giulia,Friuli Venezia Giulia,1215220,885404,72.86,0.65
2087,2021-01-26,FVG,1977,647,1330,217,1760,ITH,ITH4,6,Friuli-Venezia Giulia,Friuli Venezia Giulia,1215220,887381,73.02,0.16
2088,2021-02-09,FVG,1842,555,1287,1556,286,ITH,ITH4,6,Friuli-Venezia Giulia,Friuli Venezia Giulia,1215220,889223,73.17,0.15
2089,2021-02-02,FVG,2467,806,1661,217,2250,ITH,ITH4,6,Friuli-Venezia Giulia,Friuli Venezia Giulia,1215220,891690,73.38,0.2
2090,2021-03-31,FVG,8113,3558,4555,7267,846,ITH,ITH4,6,Friuli-Venezia Giulia,Friuli Venezia Giulia,1215220,899803,74.04,0.67
2091,2021-02-22,FVG,2485,1193,1292,2067,418,ITH,ITH4,6,Friuli-Venezia Giulia,Friuli Venezia Giulia,1215220,902288,74.25,0.2
2092,2021-06-02,FVG,9403,4949,4454,9124,279,ITH,ITH4,6,Friuli-Venezia Giulia,Friuli Venezia Giulia,1215220,911691,75.02,0.77
2093,2021-02-07,FVG,1563,482,1081,385,1178,ITH,ITH4,6,Friuli-Venezia Giulia,Friuli Venezia Giulia,1215220,913254,75.15,0.13
2094,2021-05-18,FVG,10770,5388,5382,8696,2074,ITH,ITH4,6,Friuli-Venezia Giulia,Friuli Venezia Giulia,1215220,924024,76.04,0.89
2095,2021-06-01,FVG,10069,5097,4972,7948,2121,ITH,ITH4,6,Friuli-Venezia Giulia,Friuli Venezia Giulia,1215220,934093,76.87,0.83
2096,2021-06-20,FVG,6131,3034,3097,1211,4920,ITH,ITH4,6,Friuli-Venezia Giulia,Friuli Venezia Giulia,1215220,940224,77.37,0.5
2097,2021-03-29,FVG,7018,3124,3894,5437,1581,ITH,ITH4,6,Friuli-Venezia Giulia,Friuli Venezia Giulia,1215220,947242,77.95,0.58
2098,2021-05-15,FVG,12654,6101,6553,7958,4696,ITH,ITH4,6,Friuli-Venezia Giulia,Friuli Venezia Giulia,1215220,959896,78.99,1.04
2099,2021-05-01,FVG,7189,3244,3945,6146,1043,ITH,ITH4,6,Friuli-Venezia Giulia,Friuli Venezia Giulia,1215220,967085,79.58,0.59
2100,2021-01-21,FVG,896,345,551,1,895,ITH,ITH4,6,Friuli-Venezia Giulia,Friuli Venezia Giulia,1215220,967981,79.65,0.07
2101,2021-02-21,FVG,801,281,520,423,378,ITH,ITH4,6,Friuli-Venezia Giulia,Friuli Venezia Giulia,1215220,968782,79.72,0.07
2102,2021-03-26,FVG,5997,2600,3397,3981,2016,ITH,ITH4,6,Friuli-Venezia Giulia,Friuli Venezia Giulia,1215220,974779,80.21,0.49
2103,2021-03-12,FVG,4101,1695,2406,2720,1381,ITH,ITH4,6,Friuli-Venezia Giulia,Friuli Venezia Giulia,1215220,978880,80.55,0.34
2104,2021-01-02,FVG,1216,470,746,1216,0,ITH,ITH4,6,Friuli-Venezia Giulia,Friuli Venezia Giulia,1215220,980096,80.65,0.1
2105,2021-04-12,FVG,7257,3182,4075,6126,1131,ITH,ITH4,6,Friuli-Venezia Giulia,Friuli Venezia Giulia,1215220,987353,81.25,0.6
2106,2021-01-16,SAR,1492,525,967,1492,0,ITG,ITG2,20,Sardegna,Sardegna,1639591,1492,0.09,0.09
2107,2021-05-19,SAR,16416,8161,8255,12770,3646,ITG,ITG2,20,Sardegna,Sardegna,1639591,17908,1.09,1.0
2108,2021-06-05,SAR,17828,8413,9415,11379,6449,ITG,ITG2,20,Sardegna,Sardegna,1639591,35736,2.18,1.09
2109,2021-02-25,SAR,2899,1255,1644,2294,605,ITG,ITG2,20,Sardegna,Sardegna,1639591,38635,2.36,0.18
2110,2021-03-14,SAR,607,376,231,607,0,ITG,ITG2,20,Sardegna,Sardegna,1639591,39242,2.39,0.04
2111,2021-04-30,SAR,11134,5301,5833,6923,4211,ITG,ITG2,20,Sardegna,Sardegna,1639591,50376,3.07,0.68
2112,2021-05-17,SAR,12150,5707,6443,9259,2891,ITG,ITG2,20,Sardegna,Sardegna,1639591,62526,3.81,0.74
2113,2021-06-19,SAR,15371,7522,7849,9218,6153,ITG,ITG2,20,Sardegna,Sardegna,1639591,77897,4.75,0.94
2114,2021-03-28,SAR,4646,1839,2807,4566,80,ITG,ITG2,20,Sardegna,Sardegna,1639591,82543,5.03,0.28
2115,2021-01-04,SAR,592,217,375,592,0,ITG,ITG2,20,Sardegna,Sardegna,1639591,83135,5.07,0.04
2116,2021-04-16,SAR,14441,6488,7953,9098,5343,ITG,ITG2,20,Sardegna,Sardegna,1639591,97576,5.95,0.88
2117,2021-04-09,SAR,12301,5469,6832,7949,4352,ITG,ITG2,20,Sardegna,Sardegna,1639591,109877,6.7,0.75
2118,2021-04-11,SAR,5394,2443,2951,4274,1120,ITG,ITG2,20,Sardegna,Sardegna,1639591,115271,7.03,0.33
2119,2021-06-07,SAR,12556,6142,6414,9554,3002,ITG,ITG2,20,Sardegna,Sardegna,1639591,127827,7.8,0.77
2120,2021-02-04,SAR,2272,816,1456,916,1356,ITG,ITG2,20,Sardegna,Sardegna,1639591,130099,7.93,0.14
2121,2021-04-02,SAR,8991,3548,5443,5750,3241,ITG,ITG2,20,Sardegna,Sardegna,1639591,139090,8.48,0.55
2122,2021-04-23,SAR,12862,5741,7121,7387,5475,ITG,ITG2,20,Sardegna,Sardegna,1639591,151952,9.27,0.78
2123,2021-05-10,SAR,9738,4340,5398,7201,2537,ITG,ITG2,20,Sardegna,Sardegna,1639591,161690,9.86,0.59
2124,2021-01-30,SAR,3863,1392,2471,362,3501,ITG,ITG2,20,Sardegna,Sardegna,1639591,165553,10.1,0.24
2125,2021-03-23,SAR,6413,2879,3534,5335,1078,ITG,ITG2,20,Sardegna,Sardegna,1639591,171966,10.49,0.39
2126,2021-05-12,SAR,11136,5261,5875,7997,3139,ITG,ITG2,20,Sardegna,Sardegna,1639591,183102,11.17,0.68
2127,2020-12-28,SAR,65,25,40,65,0,ITG,ITG2,20,Sardegna,Sardegna,1639591,183167,11.17,0.0
2128,2021-03-09,SAR,5547,2742,2805,4818,729,ITG,ITG2,20,Sardegna,Sardegna,1639591,188714,11.51,0.34
2129,2021-05-05,SAR,10159,4645,5514,8149,2010,ITG,ITG2,20,Sardegna,Sardegna,1639591,198873,12.13,0.62
2130,2021-03-02,SAR,3061,1640,1421,1908,1153,ITG,ITG2,20,Sardegna,Sardegna,1639591,201934,12.32,0.19
2131,2021-04-28,SAR,9024,4282,4742,5321,3703,ITG,ITG2,20,Sardegna,Sardegna,1639591,210958,12.87,0.55
2132,2021-01-18,SAR,904,326,578,780,124,ITG,ITG2,20,Sardegna,Sardegna,1639591,211862,12.92,0.06
2133,2021-06-24,SAR,13502,6435,7067,4815,8687,ITG,ITG2,20,Sardegna,Sardegna,1639591,225364,13.75,0.82
2134,2021-03-16,SAR,4374,1949,2425,3452,922,ITG,ITG2,20,Sardegna,Sardegna,1639591,229738,14.01,0.27
2135,2021-02-11,SAR,1315,490,825,1204,111,ITG,ITG2,20,Sardegna,Sardegna,1639591,231053,14.09,0.08
2136,2021-05-24,SAR,13868,6727,7141,8481,5387,ITG,ITG2,20,Sardegna,Sardegna,1639591,244921,14.94,0.85
2137,2021-02-13,SAR,1456,565,891,1454,2,ITG,ITG2,20,Sardegna,Sardegna,1639591,246377,15.03,0.09
2138,2021-05-29,SAR,17991,8646,9345,13398,4593,ITG,ITG2,20,Sardegna,Sardegna,1639591,264368,16.12,1.1
2139,2021-02-18,SAR,1878,732,1146,1814,64,ITG,ITG2,20,Sardegna,Sardegna,1639591,266246,16.24,0.11
2140,2021-05-07,SAR,14448,6622,7826,9947,4501,ITG,ITG2,20,Sardegna,Sardegna,1639591,280694,17.12,0.88
2141,2021-01-27,SAR,1413,497,916,79,1334,ITG,ITG2,20,Sardegna,Sardegna,1639591,282107,17.21,0.09
2142,2021-03-25,SAR,9114,3971,5143,7808,1306,ITG,ITG2,20,Sardegna,Sardegna,1639591,291221,17.76,0.56
2143,2021-05-21,SAR,21142,10363,10779,15491,5651,ITG,ITG2,20,Sardegna,Sardegna,1639591,312363,19.05,1.29
2144,2021-01-23,SAR,60,22,38,0,60,ITG,ITG2,20,Sardegna,Sardegna,1639591,312423,19.05,0.0
2145,2021-02-22,SAR,1639,949,690,1411,228,ITG,ITG2,20,Sardegna,Sardegna,1639591,314062,19.15,0.1
2146,2021-03-11,SAR,6428,3092,3336,5226,1202,ITG,ITG2,20,Sardegna,Sardegna,1639591,320490,19.55,0.39
2147,2021-06-04,SAR,14376,6868,7508,9822,4554,ITG,ITG2,20,Sardegna,Sardegna,1639591,334866,20.42,0.88
2148,2021-06-21,SAR,14007,6726,7281,5193,8814,ITG,ITG2,20,Sardegna,Sardegna,1639591,348873,21.28,0.85
2149,2021-03-13,SAR,2755,1076,1679,2474,281,ITG,ITG2,20,Sardegna,Sardegna,1639591,351628,21.45,0.17
2150,2021-03-30,SAR,8778,3591,5187,6502,2276,ITG,ITG2,20,Sardegna,Sardegna,1639591,360406,21.98,0.54
2151,2021-02-06,SAR,1971,698,1273,569,1402,ITG,ITG2,20,Sardegna,Sardegna,1639591,362377,22.1,0.12
2152,2021-02-23,SAR,1537,1026,511,1285,252,ITG,ITG2,20,Sardegna,Sardegna,1639591,363914,22.2,0.09
2153,2021-05-02,SAR,5886,2669,3217,5305,581,ITG,ITG2,20,Sardegna,Sardegna,1639591,369800,22.55,0.36
2154,2021-02-08,SAR,1470,533,937,856,614,ITG,ITG2,20,Sardegna,Sardegna,1639591,371270,22.64,0.09
2155,2021-04-04,SAR,1,0,1,0,1,ITG,ITG2,20,Sardegna,Sardegna,1639591,371271,22.64,0.0
2156,2021-06-16,SAR,17629,8274,9355,12328,5301,ITG,ITG2,20,Sardegna,Sardegna,1639591,388900,23.72,1.08
2157,2021-01-01,SAR,32,17,15,32,0,ITG,ITG2,20,Sardegna,Sardegna,1639591,388932,23.72,0.0
2158,2021-02-27,SAR,1921,647,1274,1366,555,ITG,ITG2,20,Sardegna,Sardegna,1639591,390853,23.84,0.12
2159,2021-06-12,SAR,14744,7187,7557,10044,4700,ITG,ITG2,20,Sardegna,Sardegna,1639591,405597,24.74,0.9
2160,2021-03-04,SAR,4364,2292,2072,3108,1256,ITG,ITG2,20,Sardegna,Sardegna,1639591,409961,25.0,0.27
2161,2021-03-21,SAR,4030,1809,2221,2590,1440,ITG,ITG2,20,Sardegna,Sardegna,1639591,413991,25.25,0.25
2162,2021-01-13,SAR,573,178,395,573,0,ITG,ITG2,20,Sardegna,Sardegna,1639591,414564,25.28,0.03
2163,2021-06-14,SAR,13735,6634,7101,10126,3609,ITG,ITG2,20,Sardegna,Sardegna,1639591,428299,26.12,0.84
2164,2021-03-06,SAR,2638,1079,1559,858,1780,ITG,ITG2,20,Sardegna,Sardegna,1639591,430937,26.28,0.16
2165,2021-04-06,SAR,7461,3123,4338,5032,2429,ITG,ITG2,20,Sardegna,Sardegna,1639591,438398,26.74,0.46
2166,2020-12-27,SAR,65,34,31,65,0,ITG,ITG2,20,Sardegna,Sardegna,1639591,438463,26.74,0.0
2167,2021-04-25,SAR,4497,2269,2228,3718,779,ITG,ITG2,20,Sardegna,Sardegna,1639591,442960,27.02,0.27
2168,2021-01-15,SAR,1563,573,990,1563,0,ITG,ITG2,20,Sardegna,Sardegna,1639591,444523,27.11,0.1
2169,2021-02-01,SAR,1524,605,919,225,1299,ITG,ITG2,20,Sardegna,Sardegna,1639591,446047,27.2,0.09
2170,2021-05-09,SAR,6129,2874,3255,5203,926,ITG,ITG2,20,Sardegna,Sardegna,1639591,452176,27.58,0.37
2171,2021-05-26,SAR,14938,7676,7262,9875,5063,ITG,ITG2,20,Sardegna,Sardegna,1639591,467114,28.49,0.91
2172,2021-04-21,SAR,12075,5558,6517,6542,5533,ITG,ITG2,20,Sardegna,Sardegna,1639591,479189,29.23,0.74
2173,2021-01-11,SAR,1183,505,678,1183,0,ITG,ITG2,20,Sardegna,Sardegna,1639591,480372,29.3,0.07
2174,2021-06-17,SAR,18449,8525,9924,10036,8413,ITG,ITG2,20,Sardegna,Sardegna,1639591,498821,30.42,1.13
2175,2021-01-25,SAR,591,214,377,22,569,ITG,ITG2,20,Sardegna,Sardegna,1639591,499412,30.46,0.04
2176,2021-05-16,SAR,8222,3832,4390,6062,2160,ITG,ITG2,20,Sardegna,Sardegna,1639591,507634,30.96,0.5
2177,2021-05-31,SAR,11363,5407,5956,8256,3107,ITG,ITG2,20,Sardegna,Sardegna,1639591,518997,31.65,0.69
2178,2021-04-18,SAR,5127,2225,2902,2258,2869,ITG,ITG2,20,Sardegna,Sardegna,1639591,524124,31.97,0.31
2179,2021-01-08,SAR,3258,1184,2074,3258,0,ITG,ITG2,20,Sardegna,Sardegna,1639591,527382,32.17,0.2
2180,2021-06-02,SAR,9784,4690,5094,8144,1640,ITG,ITG2,20,Sardegna,Sardegna,1639591,537166,32.76,0.6
2181,2021-04-20,SAR,10996,4993,6003,7780,3216,ITG,ITG2,20,Sardegna,Sardegna,1639591,548162,33.43,0.67
2182,2021-03-18,SAR,7257,3071,4186,5652,1605,ITG,ITG2,20,Sardegna,Sardegna,1639591,555419,33.88,0.44
2183,2021-05-14,SAR,14220,6592,7628,10913,3307,ITG,ITG2,20,Sardegna,Sardegna,1639591,569639,34.74,0.87
2184,2021-02-03,SAR,1119,419,700,426,693,ITG,ITG2,20,Sardegna,Sardegna,1639591,570758,34.81,0.07
2185,2021-04-01,SAR,10164,4072,6092,7150,3014,ITG,ITG2,20,Sardegna,Sardegna,1639591,580922,35.43,0.62
2186,2021-02-10,SAR,1959,765,1194,1441,518,ITG,ITG2,20,Sardegna,Sardegna,1639591,582881,35.55,0.12
2187,2021-01-06,SAR,1615,549,1066,1615,0,ITG,ITG2,20,Sardegna,Sardegna,1639591,584496,35.65,0.1
2188,2021-06-23,SAR,20507,9648,10859,6270,14237,ITG,ITG2,20,Sardegna,Sardegna,1639591,605003,36.9,1.25
2189,2021-05-18,SAR,14049,6785,7264,9506,4543,ITG,ITG2,20,Sardegna,Sardegna,1639591,619052,37.76,0.86
2190,2021-04-13,SAR,7609,3595,4014,5782,1827,ITG,ITG2,20,Sardegna,Sardegna,1639591,626661,38.22,0.46
2191,2021-06-09,SAR,15457,7364,8093,11719,3738,ITG,ITG2,20,Sardegna,Sardegna,1639591,642118,39.16,0.94
2192,2021-01-20,SAR,210,77,133,208,2,ITG,ITG2,20,Sardegna,Sardegna,1639591,642328,39.18,0.01
2193,2021-03-29,SAR,4724,1829,2895,4135,589,ITG,ITG2,20,Sardegna,Sardegna,1639591,647052,39.46,0.29
2194,2021-04-15,SAR,11845,5539,6306,6887,4958,ITG,ITG2,20,Sardegna,Sardegna,1639591,658897,40.19,0.72
2195,2021-01-05,SAR,1327,446,881,1327,0,ITG,ITG2,20,Sardegna,Sardegna,1639591,660224,40.27,0.08
2196,2021-01-22,SAR,83,47,36,55,28,ITG,ITG2,20,Sardegna,Sardegna,1639591,660307,40.27,0.01
2197,2021-04-17,SAR,10085,4503,5582,5486,4599,ITG,ITG2,20,Sardegna,Sardegna,1639591,670392,40.89,0.62
2198,2021-05-28,SAR,17946,8692,9254,13670,4276,ITG,ITG2,20,Sardegna,Sardegna,1639591,688338,41.98,1.09
2199,2021-02-17,SAR,1407,577,830,1333,74,ITG,ITG2,20,Sardegna,Sardegna,1639591,689745,42.07,0.09
2200,2021-05-25,SAR,14469,7162,7307,8593,5876,ITG,ITG2,20,Sardegna,Sardegna,1639591,704214,42.95,0.88
2201,2021-06-11,SAR,14766,7014,7752,9237,5529,ITG,ITG2,20,Sardegna,Sardegna,1639591,718980,43.85,0.9
2202,2021-03-03,SAR,4073,2268,1805,2821,1252,ITG,ITG2,20,Sardegna,Sardegna,1639591,723053,44.1,0.25
2203,2021-02-05,SAR,1897,749,1148,433,1464,ITG,ITG2,20,Sardegna,Sardegna,1639591,724950,44.22,0.12
2204,2021-04-03,SAR,4667,1806,2861,2700,1967,ITG,ITG2,20,Sardegna,Sardegna,1639591,729617,44.5,0.28
2205,2021-05-30,SAR,9726,4836,4890,7369,2357,ITG,ITG2,20,Sardegna,Sardegna,1639591,739343,45.09,0.59
2206,2021-02-19,SAR,1499,473,1026,1443,56,ITG,ITG2,20,Sardegna,Sardegna,1639591,740842,45.18,0.09
2207,2021-02-24,SAR,2414,1295,1119,2224,190,ITG,ITG2,20,Sardegna,Sardegna,1639591,743256,45.33,0.15
2208,2021-06-06,SAR,10033,4999,5034,6381,3652,ITG,ITG2,20,Sardegna,Sardegna,1639591,753289,45.94,0.61
2209,2021-02-20,SAR,2041,855,1186,1707,334,ITG,ITG2,20,Sardegna,Sardegna,1639591,755330,46.07,0.12
2210,2021-04-29,SAR,11120,5111,6009,6762,4358,ITG,ITG2,20,Sardegna,Sardegna,1639591,766450,46.75,0.68
2211,2021-01-10,SAR,2183,750,1433,2183,0,ITG,ITG2,20,Sardegna,Sardegna,1639591,768633,46.88,0.13
2212,2021-04-27,SAR,7615,3550,4065,5573,2042,ITG,ITG2,20,Sardegna,Sardegna,1639591,776248,47.34,0.46
2213,2021-01-17,SAR,860,277,583,859,1,ITG,ITG2,20,Sardegna,Sardegna,1639591,777108,47.4,0.05
2214,2021-03-15,SAR,2799,1319,1480,2426,373,ITG,ITG2,20,Sardegna,Sardegna,1639591,779907,47.57,0.17
2215,2021-03-26,SAR,8439,3492,4947,6913,1526,ITG,ITG2,20,Sardegna,Sardegna,1639591,788346,48.08,0.51
2216,2021-05-22,SAR,24797,11934,12863,19700,5097,ITG,ITG2,20,Sardegna,Sardegna,1639591,813143,49.59,1.51
2217,2021-01-19,SAR,747,270,477,692,55,ITG,ITG2,20,Sardegna,Sardegna,1639591,813890,49.64,0.05
2218,2021-03-17,SAR,6560,2852,3708,4952,1608,ITG,ITG2,20,Sardegna,Sardegna,1639591,820450,50.04,0.4
2219,2021-04-12,SAR,6996,3183,3813,5278,1718,ITG,ITG2,20,Sardegna,Sardegna,1639591,827446,50.47,0.43
2220,2021-01-02,SAR,60,21,39,60,0,ITG,ITG2,20,Sardegna,Sardegna,1639591,827506,50.47,0.0
2221,2021-06-08,SAR,14828,7067,7761,11326,3502,ITG,ITG2,20,Sardegna,Sardegna,1639591,842334,51.37,0.9
2222,2021-02-28,SAR,368,169,199,142,226,ITG,ITG2,20,Sardegna,Sardegna,1639591,842702,51.4,0.02
2223,2021-04-26,SAR,6824,3266,3558,5948,876,ITG,ITG2,20,Sardegna,Sardegna,1639591,849526,51.81,0.42
2224,2021-03-08,SAR,4679,2425,2254,3459,1220,ITG,ITG2,20,Sardegna,Sardegna,1639591,854205,52.1,0.29
2225,2021-05-04,SAR,9539,4386,5153,7686,1853,ITG,ITG2,20,Sardegna,Sardegna,1639591,863744,52.68,0.58
2226,2021-01-24,SAR,90,34,56,5,85,ITG,ITG2,20,Sardegna,Sardegna,1639591,863834,52.69,0.01
2227,2021-06-18,SAR,16458,7498,8960,8716,7742,ITG,ITG2,20,Sardegna,Sardegna,1639591,880292,53.69,1.0
2228,2021-03-10,SAR,6050,2953,3097,5200,850,ITG,ITG2,20,Sardegna,Sardegna,1639591,886342,54.06,0.37
2229,2021-05-06,SAR,12951,6010,6941,9805,3146,ITG,ITG2,20,Sardegna,Sardegna,1639591,899293,54.85,0.79
2230,2021-03-01,SAR,2267,1155,1112,1608,659,ITG,ITG2,20,Sardegna,Sardegna,1639591,901560,54.99,0.14
2231,2021-05-13,SAR,11940,5612,6328,8893,3047,ITG,ITG2,20,Sardegna,Sardegna,1639591,913500,55.72,0.73
2232,2021-02-02,SAR,1498,669,829,257,1241,ITG,ITG2,20,Sardegna,Sardegna,1639591,914998,55.81,0.09
2233,2021-05-15,SAR,13794,6429,7365,10361,3433,ITG,ITG2,20,Sardegna,Sardegna,1639591,928792,56.65,0.84
2234,2021-01-26,SAR,1336,453,883,27,1309,ITG,ITG2,20,Sardegna,Sardegna,1639591,930128,56.73,0.08
2235,2021-05-08,SAR,13087,5970,7117,10798,2289,ITG,ITG2,20,Sardegna,Sardegna,1639591,943215,57.53,0.8
2236,2021-01-03,SAR,90,36,54,90,0,ITG,ITG2,20,Sardegna,Sardegna,1639591,943305,57.53,0.01
2237,2021-06-22,SAR,19327,8986,10341,7270,12057,ITG,ITG2,20,Sardegna,Sardegna,1639591,962632,58.71,1.18
2238,2021-03-31,SAR,10274,4164,6110,7826,2448,ITG,ITG2,20,Sardegna,Sardegna,1639591,972906,59.34,0.63
2239,2021-04-14,SAR,8253,3903,4350,7015,1238,ITG,ITG2,20,Sardegna,Sardegna,1639591,981159,59.84,0.5
2240,2021-05-01,SAR,9911,4763,5148,5453,4458,ITG,ITG2,20,Sardegna,Sardegna,1639591,991070,60.45,0.6
2241,2021-01-21,SAR,126,60,66,94,32,ITG,ITG2,20,Sardegna,Sardegna,1639591,991196,60.45,0.01
2242,2021-02-07,SAR,1118,395,723,228,890,ITG,ITG2,20,Sardegna,Sardegna,1639591,992314,60.52,0.07
2243,2021-05-03,SAR,8185,3820,4365,6588,1597,ITG,ITG2,20,Sardegna,Sardegna,1639591,1000499,61.02,0.5
2244,2021-05-20,SAR,15933,7569,8364,11314,4619,ITG,ITG2,20,Sardegna,Sardegna,1639591,1016432,61.99,0.97
2245,2021-02-09,SAR,2287,837,1450,1290,997,ITG,ITG2,20,Sardegna,Sardegna,1639591,1018719,62.13,0.14
2246,2021-02-26,SAR,2801,1109,1692,2495,306,ITG,ITG2,20,Sardegna,Sardegna,1639591,1021520,62.3,0.17
2247,2021-03-24,SAR,7409,3108,4301,6050,1359,ITG,ITG2,20,Sardegna,Sardegna,1639591,1028929,62.76,0.45
2248,2021-03-27,SAR,5735,2192,3543,5313,422,ITG,ITG2,20,Sardegna,Sardegna,1639591,1034664,63.11,0.35
2249,2021-05-23,SAR,9966,4806,5160,7721,2245,ITG,ITG2,20,Sardegna,Sardegna,1639591,1044630,63.71,0.61
2250,2021-02-12,SAR,2237,933,1304,2178,59,ITG,ITG2,20,Sardegna,Sardegna,1639591,1046867,63.85,0.14
2251,2021-04-10,SAR,10492,4749,5743,8555,1937,ITG,ITG2,20,Sardegna,Sardegna,1639591,1057359,64.49,0.64
2252,2021-03-22,SAR,3696,1497,2199,3183,513,ITG,ITG2,20,Sardegna,Sardegna,1639591,1061055,64.71,0.23
2253,2021-04-08,SAR,13446,5939,7507,8326,5120,ITG,ITG2,20,Sardegna,Sardegna,1639591,1074501,65.53,0.82
2254,2020-12-29,SAR,57,32,25,57,0,ITG,ITG2,20,Sardegna,Sardegna,1639591,1074558,65.54,0.0
2255,2021-04-22,SAR,10504,4659,5845,5585,4919,ITG,ITG2,20,Sardegna,Sardegna,1639591,1085062,66.18,0.64
2256,2021-01-12,SAR,865,408,457,865,0,ITG,ITG2,20,Sardegna,Sardegna,1639591,1085927,66.23,0.05
2257,2021-05-11,SAR,8887,4121,4766,6525,2362,ITG,ITG2,20,Sardegna,Sardegna,1639591,1094814,66.77,0.54
2258,2021-01-31,SAR,2121,750,1371,48,2073,ITG,ITG2,20,Sardegna,Sardegna,1639591,1096935,66.9,0.13
2259,2021-02-14,SAR,539,263,276,537,2,ITG,ITG2,20,Sardegna,Sardegna,1639591,1097474,66.94,0.03
2260,2021-04-05,SAR,2036,784,1252,2035,1,ITG,ITG2,20,Sardegna,Sardegna,1639591,1099510,67.06,0.12
2261,2021-01-07,SAR,3113,1077,2036,3113,0,ITG,ITG2,20,Sardegna,Sardegna,1639591,1102623,67.25,0.19
2262,2021-06-10,SAR,17808,8479,9329,11772,6036,ITG,ITG2,20,Sardegna,Sardegna,1639591,1120431,68.34,1.09
2263,2020-12-31,SAR,32,16,16,32,0,ITG,ITG2,20,Sardegna,Sardegna,1639591,1120463,68.34,0.0
2264,2021-06-03,SAR,16366,7630,8736,10700,5666,ITG,ITG2,20,Sardegna,Sardegna,1639591,1136829,69.34,1.0
2265,2021-06-20,SAR,6276,2795,3481,3656,2620,ITG,ITG2,20,Sardegna,Sardegna,1639591,1143105,69.72,0.38
2266,2021-03-12,SAR,5982,2623,3359,4674,1308,ITG,ITG2,20,Sardegna,Sardegna,1639591,1149087,70.08,0.36
2267,2021-06-01,SAR,14318,6653,7665,9728,4590,ITG,ITG2,20,Sardegna,Sardegna,1639591,1163405,70.96,0.87
2268,2021-02-21,SAR,1589,710,879,1559,30,ITG,ITG2,20,Sardegna,Sardegna,1639591,1164994,71.05,0.1
2269,2021-04-19,SAR,10192,4620,5572,8762,1430,ITG,ITG2,20,Sardegna,Sardegna,1639591,1175186,71.68,0.62
2270,2021-01-09,SAR,4026,1417,2609,4026,0,ITG,ITG2,20,Sardegna,Sardegna,1639591,1179212,71.92,0.25
2271,2021-06-15,SAR,14658,6786,7872,9929,4729,ITG,ITG2,20,Sardegna,Sardegna,1639591,1193870,72.82,0.89
2272,2021-03-07,SAR,1657,750,907,1117,540,ITG,ITG2,20,Sardegna,Sardegna,1639591,1195527,72.92,0.1
2273,2021-02-15,SAR,958,349,609,927,31,ITG,ITG2,20,Sardegna,Sardegna,1639591,1196485,72.97,0.06
2274,2021-03-20,SAR,5196,2075,3121,2919,2277,ITG,ITG2,20,Sardegna,Sardegna,1639591,1201681,73.29,0.32
2275,2021-06-13,SAR,9495,4671,4824,6235,3260,ITG,ITG2,20,Sardegna,Sardegna,1639591,1211176,73.87,0.58
2276,2021-01-29,SAR,2955,1069,1886,48,2907,ITG,ITG2,20,Sardegna,Sardegna,1639591,1214131,74.05,0.18
2277,2021-01-28,SAR,2972,1046,1926,69,2903,ITG,ITG2,20,Sardegna,Sardegna,1639591,1217103,74.23,0.18
2278,2021-05-27,SAR,17468,8984,8484,12257,5211,ITG,ITG2,20,Sardegna,Sardegna,1639591,1234571,75.3,1.07
2279,2021-02-16,SAR,700,289,411,673,27,ITG,ITG2,20,Sardegna,Sardegna,1639591,1235271,75.34,0.04
2280,2021-03-05,SAR,5211,2605,2606,2857,2354,ITG,ITG2,20,Sardegna,Sardegna,1639591,1240482,75.66,0.32
2281,2021-03-19,SAR,7271,3051,4220,5056,2215,ITG,ITG2,20,Sardegna,Sardegna,1639591,1247753,76.1,0.44
2282,2021-04-07,SAR,13544,6052,7492,7896,5648,ITG,ITG2,20,Sardegna,Sardegna,1639591,1261297,76.93,0.83
2283,2021-04-24,SAR,10369,4851,5518,8031,2338,ITG,ITG2,20,Sardegna,Sardegna,1639591,1271666,77.56,0.63
2284,2021-01-14,SAR,1106,426,680,1106,0,ITG,ITG2,20,Sardegna,Sardegna,1639591,1272772,77.63,0.07
2285,2021-06-19,SIC,43729,20776,22953,18595,25134,ITG,ITG1,19,Sicilia,Sicilia,4999891,43729,0.87,0.87
2286,2021-04-23,SIC,28584,13702,14882,22770,5814,ITG,ITG1,19,Sicilia,Sicilia,4999891,72313,1.45,0.57
2287,2021-04-30,SIC,34957,16325,18632,23957,11000,ITG,ITG1,19,Sicilia,Sicilia,4999891,107270,2.15,0.7
2288,2021-03-04,SIC,15073,6571,8502,10955,4118,ITG,ITG1,19,Sicilia,Sicilia,4999891,122343,2.45,0.3
2289,2021-06-12,SIC,44498,21746,22752,38634,5864,ITG,ITG1,19,Sicilia,Sicilia,4999891,166841,3.34,0.89
2290,2021-04-11,SIC,15350,7581,7769,8320,7030,ITG,ITG1,19,Sicilia,Sicilia,4999891,182191,3.64,0.31
2291,2020-12-30,SIC,183,108,75,183,0,ITG,ITG1,19,Sicilia,Sicilia,4999891,182374,3.65,0.0
2292,2021-01-16,SIC,2578,1151,1427,2578,0,ITG,ITG1,19,Sicilia,Sicilia,4999891,184952,3.7,0.05
2293,2021-04-09,SIC,20282,9878,10404,11207,9075,ITG,ITG1,19,Sicilia,Sicilia,4999891,205234,4.1,0.41
2294,2021-03-23,SIC,20827,10005,10822,15314,5513,ITG,ITG1,19,Sicilia,Sicilia,4999891,226061,4.52,0.42
2295,2020-12-28,SIC,212,126,86,212,0,ITG,ITG1,19,Sicilia,Sicilia,4999891,226273,4.53,0.0
2296,2021-05-31,SIC,37876,17043,20833,21569,16307,ITG,ITG1,19,Sicilia,Sicilia,4999891,264149,5.28,0.76
2297,2021-02-13,SIC,2976,1122,1854,2721,255,ITG,ITG1,19,Sicilia,Sicilia,4999891,267125,5.34,0.06
2298,2021-05-24,SIC,35683,17295,18388,15701,19982,ITG,ITG1,19,Sicilia,Sicilia,4999891,302808,6.06,0.71
2299,2021-05-17,SIC,31898,15379,16519,19231,12667,ITG,ITG1,19,Sicilia,Sicilia,4999891,334706,6.69,0.64
2300,2021-03-21,SIC,15218,7341,7877,11249,3969,ITG,ITG1,19,Sicilia,Sicilia,4999891,349924,7.0,0.3
2301,2021-02-06,SIC,4694,2093,2601,1467,3227,ITG,ITG1,19,Sicilia,Sicilia,4999891,354618,7.09,0.09
2302,2021-02-25,SIC,9866,5155,4711,8703,1163,ITG,ITG1,19,Sicilia,Sicilia,4999891,364484,7.29,0.2
2303,2021-06-05,SIC,59907,28494,31413,49333,10574,ITG,ITG1,19,Sicilia,Sicilia,4999891,424391,8.49,1.2
2304,2021-03-14,SIC,8773,3927,4846,4937,3836,ITG,ITG1,19,Sicilia,Sicilia,4999891,433164,8.66,0.18
2305,2021-02-11,SIC,5236,2060,3176,4773,463,ITG,ITG1,19,Sicilia,Sicilia,4999891,438400,8.77,0.1
2306,2021-06-24,SIC,29693,13596,16097,11135,18558,ITG,ITG1,19,Sicilia,Sicilia,4999891,468093,9.36,0.59
2307,2021-06-07,SIC,49510,23356,26154,41617,7893,ITG,ITG1,19,Sicilia,Sicilia,4999891,517603,10.35,0.99
2308,2021-01-25,SIC,7418,3675,3743,295,7123,ITG,ITG1,19,Sicilia,Sicilia,4999891,525021,10.5,0.15
2309,2021-05-05,SIC,26289,12194,14095,16672,9617,ITG,ITG1,19,Sicilia,Sicilia,4999891,551310,11.03,0.53
2310,2021-05-19,SIC,42663,20651,22012,28321,14342,ITG,ITG1,19,Sicilia,Sicilia,4999891,593973,11.88,0.85
2311,2021-03-16,SIC,9558,4277,5281,3623,5935,ITG,ITG1,19,Sicilia,Sicilia,4999891,603531,12.07,0.19
2312,2021-03-02,SIC,14665,6304,8361,11892,2773,ITG,ITG1,19,Sicilia,Sicilia,4999891,618196,12.36,0.29
2313,2021-01-04,SIC,8250,4119,4131,8250,0,ITG,ITG1,19,Sicilia,Sicilia,4999891,626446,12.53,0.17
2314,2021-01-18,SIC,1447,586,861,1295,152,ITG,ITG1,19,Sicilia,Sicilia,4999891,627893,12.56,0.03
2315,2021-04-28,SIC,29211,13699,15512,20131,9080,ITG,ITG1,19,Sicilia,Sicilia,4999891,657104,13.14,0.58
2316,2021-02-23,SIC,8685,4590,4095,8219,466,ITG,ITG1,19,Sicilia,Sicilia,4999891,665789,13.32,0.17
2317,2021-03-09,SIC,13081,5702,7379,10882,2199,ITG,ITG1,19,Sicilia,Sicilia,4999891,678870,13.58,0.26
2318,2021-01-11,SIC,5806,2559,3247,5806,0,ITG,ITG1,19,Sicilia,Sicilia,4999891,684676,13.69,0.12
2319,2021-01-30,SIC,7675,3527,4148,168,7507,ITG,ITG1,19,Sicilia,Sicilia,4999891,692351,13.85,0.15
2320,2021-03-28,SIC,10948,5139,5809,6937,4011,ITG,ITG1,19,Sicilia,Sicilia,4999891,703299,14.07,0.22
2321,2021-04-04,SIC,6810,3323,3487,5518,1292,ITG,ITG1,19,Sicilia,Sicilia,4999891,710109,14.2,0.14
2322,2021-05-07,SIC,36539,17255,19284,24937,11602,ITG,ITG1,19,Sicilia,Sicilia,4999891,746648,14.93,0.73
2323,2021-03-11,SIC,15338,6620,8718,12968,2370,ITG,ITG1,19,Sicilia,Sicilia,4999891,761986,15.24,0.31
2324,2021-01-27,SIC,7284,3711,3573,178,7106,ITG,ITG1,19,Sicilia,Sicilia,4999891,769270,15.39,0.15
2325,2021-01-13,SIC,5175,2437,2738,5175,0,ITG,ITG1,19,Sicilia,Sicilia,4999891,774445,15.49,0.1
2326,2021-01-20,SIC,952,506,446,691,261,ITG,ITG1,19,Sicilia,Sicilia,4999891,775397,15.51,0.02
2327,2021-03-18,SIC,15284,7664,7620,9788,5496,ITG,ITG1,19,Sicilia,Sicilia,4999891,790681,15.81,0.31
2328,2021-02-18,SIC,5277,3100,2177,4847,430,ITG,ITG1,19,Sicilia,Sicilia,4999891,795958,15.92,0.11
2329,2021-05-12,SIC,36730,17304,19426,21867,14863,ITG,ITG1,19,Sicilia,Sicilia,4999891,832688,16.65,0.73
2330,2021-04-08,SIC,16656,8231,8425,8192,8464,ITG,ITG1,19,Sicilia,Sicilia,4999891,849344,16.99,0.33
2331,2021-02-20,SIC,7139,3692,3447,6897,242,ITG,ITG1,19,Sicilia,Sicilia,4999891,856483,17.13,0.14
2332,2021-02-03,SIC,5920,2779,3141,721,5199,ITG,ITG1,19,Sicilia,Sicilia,4999891,862403,17.25,0.12
2333,2021-04-27,SIC,26277,12650,13627,15530,10747,ITG,ITG1,19,Sicilia,Sicilia,4999891,888680,17.77,0.53
2334,2021-06-16,SIC,39725,18469,21256,21074,18651,ITG,ITG1,19,Sicilia,Sicilia,4999891,928405,18.57,0.79
2335,2021-03-25,SIC,20356,9461,10895,14891,5465,ITG,ITG1,19,Sicilia,Sicilia,4999891,948761,18.98,0.41
2336,2021-03-06,SIC,12639,5059,7580,9856,2783,ITG,ITG1,19,Sicilia,Sicilia,4999891,961400,19.23,0.25
2337,2021-06-14,SIC,42389,20157,22232,27634,14755,ITG,ITG1,19,Sicilia,Sicilia,4999891,1003789,20.08,0.85
2338,2021-05-28,SIC,51193,22949,28244,24719,26474,ITG,ITG1,19,Sicilia,Sicilia,4999891,1054982,21.1,1.02
2339,2021-02-04,SIC,6694,3044,3650,1452,5242,ITG,ITG1,19,Sicilia,Sicilia,4999891,1061676,21.23,0.13
2340,2021-01-01,SIC,817,437,380,817,0,ITG,ITG1,19,Sicilia,Sicilia,4999891,1062493,21.25,0.02
2341,2021-04-20,SIC,19013,8986,10027,13769,5244,ITG,ITG1,19,Sicilia,Sicilia,4999891,1081506,21.63,0.38
2342,2021-04-16,SIC,28549,14331,14218,20281,8268,ITG,ITG1,19,Sicilia,Sicilia,4999891,1110055,22.2,0.57
2343,2021-01-23,SIC,4429,2278,2151,207,4222,ITG,ITG1,19,Sicilia,Sicilia,4999891,1114484,22.29,0.09
2344,2021-01-06,SIC,6237,3282,2955,6237,0,ITG,ITG1,19,Sicilia,Sicilia,4999891,1120721,22.41,0.12
2345,2021-04-02,SIC,13874,6540,7334,9141,4733,ITG,ITG1,19,Sicilia,Sicilia,4999891,1134595,22.69,0.28
2346,2021-02-10,SIC,4356,1777,2579,3973,383,ITG,ITG1,19,Sicilia,Sicilia,4999891,1138951,22.78,0.09
2347,2021-05-21,SIC,45802,21609,24193,24374,21428,ITG,ITG1,19,Sicilia,Sicilia,4999891,1184753,23.7,0.92
2348,2021-04-01,SIC,14234,6610,7624,9570,4664,ITG,ITG1,19,Sicilia,Sicilia,4999891,1198987,23.98,0.28
2349,2021-02-27,SIC,12237,5502,6735,11033,1204,ITG,ITG1,19,Sicilia,Sicilia,4999891,1211224,24.23,0.24
2350,2021-02-08,SIC,3882,1678,2204,2129,1753,ITG,ITG1,19,Sicilia,Sicilia,4999891,1215106,24.3,0.08
2351,2021-01-22,SIC,1274,636,638,262,1012,ITG,ITG1,19,Sicilia,Sicilia,4999891,1216380,24.33,0.03
2352,2021-01-08,SIC,8107,3778,4329,8107,0,ITG,ITG1,19,Sicilia,Sicilia,4999891,1224487,24.49,0.16
2353,2021-04-18,SIC,19706,9848,9858,15345,4361,ITG,ITG1,19,Sicilia,Sicilia,4999891,1244193,24.88,0.39
2354,2021-05-16,SIC,33136,16137,16999,21815,11321,ITG,ITG1,19,Sicilia,Sicilia,4999891,1277329,25.55,0.66
2355,2021-05-02,SIC,24601,11427,13174,18000,6601,ITG,ITG1,19,Sicilia,Sicilia,4999891,1301930,26.04,0.49
2356,2021-03-20,SIC,18574,8967,9607,13436,5138,ITG,ITG1,19,Sicilia,Sicilia,4999891,1320504,26.41,0.37
2357,2021-06-04,SIC,57596,26632,30964,45794,11802,ITG,ITG1,19,Sicilia,Sicilia,4999891,1378100,27.56,1.15
2358,2021-04-06,SIC,17702,8466,9236,13418,4284,ITG,ITG1,19,Sicilia,Sicilia,4999891,1395802,27.92,0.35
2359,2021-02-22,SIC,7890,4092,3798,7399,491,ITG,ITG1,19,Sicilia,Sicilia,4999891,1403692,28.07,0.16
2360,2020-12-27,SIC,92,55,37,92,0,ITG,ITG1,19,Sicilia,Sicilia,4999891,1403784,28.08,0.0
2361,2021-06-02,SIC,35247,16287,18960,27476,7771,ITG,ITG1,19,Sicilia,Sicilia,4999891,1439031,28.78,0.7
2362,2021-02-07,SIC,2323,982,1341,674,1649,ITG,ITG1,19,Sicilia,Sicilia,4999891,1441354,28.83,0.05
2363,2021-05-18,SIC,36090,17360,18730,23564,12526,ITG,ITG1,19,Sicilia,Sicilia,4999891,1477444,29.55,0.72
2364,2021-05-25,SIC,33406,15305,18101,14098,19308,ITG,ITG1,19,Sicilia,Sicilia,4999891,1510850,30.22,0.67
2365,2021-03-29,SIC,14989,7059,7930,10492,4497,ITG,ITG1,19,Sicilia,Sicilia,4999891,1525839,30.52,0.3
2366,2021-05-14,SIC,52059,24404,27655,36372,15687,ITG,ITG1,19,Sicilia,Sicilia,4999891,1577898,31.56,1.04
2367,2021-01-15,SIC,4960,2160,2800,4960,0,ITG,ITG1,19,Sicilia,Sicilia,4999891,1582858,31.66,0.1
2368,2021-04-25,SIC,21352,10183,11169,16376,4976,ITG,ITG1,19,Sicilia,Sicilia,4999891,1604210,32.08,0.43
2369,2021-02-01,SIC,5898,2620,3278,294,5604,ITG,ITG1,19,Sicilia,Sicilia,4999891,1610108,32.2,0.12
2370,2021-03-22,SIC,16573,7832,8741,11209,5364,ITG,ITG1,19,Sicilia,Sicilia,4999891,1626681,32.53,0.33
2371,2020-12-29,SIC,243,152,91,243,0,ITG,ITG1,19,Sicilia,Sicilia,4999891,1626924,32.54,0.0
2372,2021-06-13,SIC,33480,16637,16843,29995,3485,ITG,ITG1,19,Sicilia,Sicilia,4999891,1660404,33.21,0.67
2373,2021-02-15,SIC,3730,1733,1997,3166,564,ITG,ITG1,19,Sicilia,Sicilia,4999891,1664134,33.28,0.07
2374,2021-05-26,SIC,44566,20889,23677,24075,20491,ITG,ITG1,19,Sicilia,Sicilia,4999891,1708700,34.17,0.89
2375,2021-01-03,SIC,4777,2495,2282,4777,0,ITG,ITG1,19,Sicilia,Sicilia,4999891,1713477,34.27,0.1
2376,2021-04-13,SIC,19687,9587,10100,10936,8751,ITG,ITG1,19,Sicilia,Sicilia,4999891,1733164,34.66,0.39
2377,2021-01-10,SIC,3533,1578,1955,3533,0,ITG,ITG1,19,Sicilia,Sicilia,4999891,1736697,34.73,0.07
2378,2021-02-19,SIC,4913,2652,2261,4343,570,ITG,ITG1,19,Sicilia,Sicilia,4999891,1741610,34.83,0.1
2379,2021-03-08,SIC,13395,5867,7528,10782,2613,ITG,ITG1,19,Sicilia,Sicilia,4999891,1755005,35.1,0.27
2380,2021-05-30,SIC,35767,16169,19598,17719,18048,ITG,ITG1,19,Sicilia,Sicilia,4999891,1790772,35.82,0.72
2381,2021-05-13,SIC,47226,22142,25084,30734,16492,ITG,ITG1,19,Sicilia,Sicilia,4999891,1837998,36.76,0.94
2382,2021-01-31,SIC,4038,1930,2108,112,3926,ITG,ITG1,19,Sicilia,Sicilia,4999891,1842036,36.84,0.08
2383,2021-06-23,SIC,43817,20345,23472,17491,26326,ITG,ITG1,19,Sicilia,Sicilia,4999891,1885853,37.72,0.88
2384,2021-01-24,SIC,4317,2256,2061,136,4181,ITG,ITG1,19,Sicilia,Sicilia,4999891,1890170,37.8,0.09
2385,2021-05-04,SIC,26769,12461,14308,17527,9242,ITG,ITG1,19,Sicilia,Sicilia,4999891,1916939,38.34,0.54
2386,2021-06-21,SIC,39583,18321,21262,18184,21399,ITG,ITG1,19,Sicilia,Sicilia,4999891,1956522,39.13,0.79
2387,2021-05-09,SIC,28077,13137,14940,19808,8269,ITG,ITG1,19,Sicilia,Sicilia,4999891,1984599,39.69,0.56
2388,2021-02-05,SIC,6795,2996,3799,2128,4667,ITG,ITG1,19,Sicilia,Sicilia,4999891,1991394,39.83,0.14
2389,2021-04-03,SIC,16403,7808,8595,13567,2836,ITG,ITG1,19,Sicilia,Sicilia,4999891,2007797,40.16,0.33
2390,2021-04-10,SIC,20421,9969,10452,11458,8963,ITG,ITG1,19,Sicilia,Sicilia,4999891,2028218,40.57,0.41
2391,2021-01-17,SIC,1304,591,713,1245,59,ITG,ITG1,19,Sicilia,Sicilia,4999891,2029522,40.59,0.03
2392,2021-03-05,SIC,15665,6770,8895,11430,4235,ITG,ITG1,19,Sicilia,Sicilia,4999891,2045187,40.9,0.31
2393,2021-02-16,SIC,4199,2206,1993,3734,465,ITG,ITG1,19,Sicilia,Sicilia,4999891,2049386,40.99,0.08
2394,2021-03-01,SIC,12695,6014,6681,11040,1655,ITG,ITG1,19,Sicilia,Sicilia,4999891,2062081,41.24,0.25
2395,2021-06-09,SIC,49359,23488,25871,42242,7117,ITG,ITG1,19,Sicilia,Sicilia,4999891,2111440,42.23,0.99
2396,2021-01-19,SIC,1479,655,824,1257,222,ITG,ITG1,19,Sicilia,Sicilia,4999891,2112919,42.26,0.03
2397,2021-06-11,SIC,48304,23018,25286,40718,7586,ITG,ITG1,19,Sicilia,Sicilia,4999891,2161223,43.23,0.97
2398,2021-04-29,SIC,31694,14822,16872,22242,9452,ITG,ITG1,19,Sicilia,Sicilia,4999891,2192917,43.86,0.63
2399,2021-03-03,SIC,14419,6431,7988,11356,3063,ITG,ITG1,19,Sicilia,Sicilia,4999891,2207336,44.15,0.29
2400,2021-02-24,SIC,9306,4760,4546,8746,560,ITG,ITG1,19,Sicilia,Sicilia,4999891,2216642,44.33,0.19
2401,2021-01-21,SIC,1433,705,728,501,932,ITG,ITG1,19,Sicilia,Sicilia,4999891,2218075,44.36,0.03
2402,2021-05-01,SIC,24443,11313,13130,19279,5164,ITG,ITG1,19,Sicilia,Sicilia,4999891,2242518,44.85,0.49
2403,2021-05-10,SIC,28269,13583,14686,16159,12110,ITG,ITG1,19,Sicilia,Sicilia,4999891,2270787,45.42,0.57
2404,2021-06-01,SIC,38745,17634,21111,24978,13767,ITG,ITG1,19,Sicilia,Sicilia,4999891,2309532,46.19,0.77
2405,2021-04-05,SIC,8021,3958,4063,6581,1440,ITG,ITG1,19,Sicilia,Sicilia,4999891,2317553,46.35,0.16
2406,2021-04-12,SIC,18771,9121,9650,11520,7251,ITG,ITG1,19,Sicilia,Sicilia,4999891,2336324,46.73,0.38
2407,2021-02-14,SIC,1055,402,653,915,140,ITG,ITG1,19,Sicilia,Sicilia,4999891,2337379,46.75,0.02
2408,2021-01-02,SIC,4843,2521,2322,4843,0,ITG,ITG1,19,Sicilia,Sicilia,4999891,2342222,46.85,0.1
2409,2021-01-05,SIC,10309,5065,5244,10309,0,ITG,ITG1,19,Sicilia,Sicilia,4999891,2352531,47.05,0.21
2410,2021-04-15,SIC,21024,10247,10777,11730,9294,ITG,ITG1,19,Sicilia,Sicilia,4999891,2373555,47.47,0.42
2411,2021-06-20,SIC,32925,15582,17343,14911,18014,ITG,ITG1,19,Sicilia,Sicilia,4999891,2406480,48.13,0.66
2412,2021-04-22,SIC,26831,12656,14175,20373,6458,ITG,ITG1,19,Sicilia,Sicilia,4999891,2433311,48.67,0.54
2413,2021-03-10,SIC,13861,6060,7801,11678,2183,ITG,ITG1,19,Sicilia,Sicilia,4999891,2447172,48.94,0.28
2414,2021-01-12,SIC,4323,2119,2204,4323,0,ITG,ITG1,19,Sicilia,Sicilia,4999891,2451495,49.03,0.09
2415,2021-06-18,SIC,42961,19856,23105,18719,24242,ITG,ITG1,19,Sicilia,Sicilia,4999891,2494456,49.89,0.86
2416,2021-05-15,SIC,56478,26392,30086,41235,15243,ITG,ITG1,19,Sicilia,Sicilia,4999891,2550934,51.02,1.13
2417,2021-03-19,SIC,16215,7985,8230,10734,5481,ITG,ITG1,19,Sicilia,Sicilia,4999891,2567149,51.34,0.32
2418,2021-03-12,SIC,12772,5490,7282,10777,1995,ITG,ITG1,19,Sicilia,Sicilia,4999891,2579921,51.6,0.26
2419,2021-05-11,SIC,32270,15355,16915,19796,12474,ITG,ITG1,19,Sicilia,Sicilia,4999891,2612191,52.24,0.65
2420,2021-02-17,SIC,5344,3285,2059,4547,797,ITG,ITG1,19,Sicilia,Sicilia,4999891,2617535,52.35,0.11
2421,2021-04-24,SIC,31130,14692,16438,23509,7621,ITG,ITG1,19,Sicilia,Sicilia,4999891,2648665,52.97,0.62
2422,2021-04-26,SIC,21723,10278,11445,13641,8082,ITG,ITG1,19,Sicilia,Sicilia,4999891,2670388,53.41,0.43
2423,2021-02-02,SIC,5272,2473,2799,628,4644,ITG,ITG1,19,Sicilia,Sicilia,4999891,2675660,53.51,0.11
2424,2021-06-17,SIC,41169,19177,21992,20174,20995,ITG,ITG1,19,Sicilia,Sicilia,4999891,2716829,54.34,0.82
2425,2020-12-31,SIC,887,473,414,887,0,ITG,ITG1,19,Sicilia,Sicilia,4999891,2717716,54.36,0.02
2426,2021-03-07,SIC,9259,3454,5805,8176,1083,ITG,ITG1,19,Sicilia,Sicilia,4999891,2726975,54.54,0.19
2427,2021-06-15,SIC,45095,21247,23848,27814,17281,ITG,ITG1,19,Sicilia,Sicilia,4999891,2772070,55.44,0.9
2428,2021-03-24,SIC,20876,9802,11074,15214,5662,ITG,ITG1,19,Sicilia,Sicilia,4999891,2792946,55.86,0.42
2429,2021-05-29,SIC,47148,21457,25691,23958,23190,ITG,ITG1,19,Sicilia,Sicilia,4999891,2840094,56.8,0.94
2430,2021-03-26,SIC,17843,8285,9558,12413,5430,ITG,ITG1,19,Sicilia,Sicilia,4999891,2857937,57.16,0.36
2431,2021-01-28,SIC,9025,4270,4755,393,8632,ITG,ITG1,19,Sicilia,Sicilia,4999891,2866962,57.34,0.18
2432,2021-05-08,SIC,35601,17020,18581,25327,10274,ITG,ITG1,19,Sicilia,Sicilia,4999891,2902563,58.05,0.71
2433,2021-01-26,SIC,9252,4571,4681,254,8998,ITG,ITG1,19,Sicilia,Sicilia,4999891,2911815,58.24,0.19
2434,2021-03-27,SIC,15604,7353,8251,10752,4852,ITG,ITG1,19,Sicilia,Sicilia,4999891,2927419,58.55,0.31
2435,2021-01-29,SIC,9123,4229,4894,426,8697,ITG,ITG1,19,Sicilia,Sicilia,4999891,2936542,58.73,0.18
2436,2021-02-12,SIC,4586,1810,2776,4319,267,ITG,ITG1,19,Sicilia,Sicilia,4999891,2941128,58.82,0.09
2437,2021-05-23,SIC,34100,16597,17503,20072,14028,ITG,ITG1,19,Sicilia,Sicilia,4999891,2975228,59.51,0.68
2438,2021-06-10,SIC,51141,24016,27125,44052,7089,ITG,ITG1,19,Sicilia,Sicilia,4999891,3026369,60.53,1.02
2439,2021-05-27,SIC,47434,21783,25651,24854,22580,ITG,ITG1,19,Sicilia,Sicilia,4999891,3073803,61.48,0.95
2440,2021-03-15,SIC,10614,4686,5928,5722,4892,ITG,ITG1,19,Sicilia,Sicilia,4999891,3084417,61.69,0.21
2441,2021-06-22,SIC,39349,18090,21259,18150,21199,ITG,ITG1,19,Sicilia,Sicilia,4999891,3123766,62.48,0.79
2442,2021-05-22,SIC,47954,22777,25177,28645,19309,ITG,ITG1,19,Sicilia,Sicilia,4999891,3171720,63.44,0.96
2443,2021-02-28,SIC,7163,3062,4101,6533,630,ITG,ITG1,19,Sicilia,Sicilia,4999891,3178883,63.58,0.14
2444,2021-06-08,SIC,47469,22305,25164,40952,6517,ITG,ITG1,19,Sicilia,Sicilia,4999891,3226352,64.53,0.95
2445,2021-01-09,SIC,7160,3375,3785,7160,0,ITG,ITG1,19,Sicilia,Sicilia,4999891,3233512,64.67,0.14
2446,2021-05-03,SIC,23328,10798,12530,13540,9788,ITG,ITG1,19,Sicilia,Sicilia,4999891,3256840,65.14,0.47
2447,2021-04-19,SIC,18227,8630,9597,12648,5579,ITG,ITG1,19,Sicilia,Sicilia,4999891,3275067,65.5,0.36
2448,2021-04-14,SIC,20112,9721,10391,11416,8696,ITG,ITG1,19,Sicilia,Sicilia,4999891,3295179,65.91,0.4
2449,2021-04-21,SIC,22383,10742,11641,16275,6108,ITG,ITG1,19,Sicilia,Sicilia,4999891,3317562,66.35,0.45
2450,2021-04-07,SIC,15463,7609,7854,8351,7112,ITG,ITG1,19,Sicilia,Sicilia,4999891,3333025,66.66,0.31
2451,2021-06-03,SIC,45767,20987,24780,34259,11508,ITG,ITG1,19,Sicilia,Sicilia,4999891,3378792,67.58,0.92
2452,2021-01-14,SIC,5172,2437,2735,5172,0,ITG,ITG1,19,Sicilia,Sicilia,4999891,3383964,67.68,0.1
2453,2021-02-21,SIC,5168,2501,2667,5062,106,ITG,ITG1,19,Sicilia,Sicilia,4999891,3389132,67.78,0.1
2454,2021-03-30,SIC,14512,6751,7761,9749,4763,ITG,ITG1,19,Sicilia,Sicilia,4999891,3403644,68.07,0.29
2455,2021-03-13,SIC,12210,5387,6823,7717,4493,ITG,ITG1,19,Sicilia,Sicilia,4999891,3415854,68.32,0.24
2456,2021-04-17,SIC,26016,13149,12867,18950,7066,ITG,ITG1,19,Sicilia,Sicilia,4999891,3441870,68.84,0.52
2457,2021-03-17,SIC,14984,7398,7586,9196,5788,ITG,ITG1,19,Sicilia,Sicilia,4999891,3456854,69.14,0.3
2458,2021-06-06,SIC,49502,23909,25593,41681,7821,ITG,ITG1,19,Sicilia,Sicilia,4999891,3506356,70.13,0.99
2459,2021-02-26,SIC,11882,5810,6072,10202,1680,ITG,ITG1,19,Sicilia,Sicilia,4999891,3518238,70.37,0.24
2460,2021-05-06,SIC,29284,13935,15349,18512,10772,ITG,ITG1,19,Sicilia,Sicilia,4999891,3547522,70.95,0.59
2461,2021-03-31,SIC,14451,6692,7759,9519,4932,ITG,ITG1,19,Sicilia,Sicilia,4999891,3561973,71.24,0.29
2462,2021-01-07,SIC,8916,4124,4792,8916,0,ITG,ITG1,19,Sicilia,Sicilia,4999891,3570889,71.42,0.18
2463,2021-02-09,SIC,4404,1834,2570,3315,1089,ITG,ITG1,19,Sicilia,Sicilia,4999891,3575293,71.51,0.09
2464,2021-05-20,SIC,43535,20846,22689,27633,15902,ITG,ITG1,19,Sicilia,Sicilia,4999891,3618828,72.38,0.87
2465,2021-05-05,VEN,44307,21233,23074,37734,6573,ITH,ITH3,5,Veneto,Veneto,4905854,44307,0.9,0.9
2466,2021-05-12,VEN,36717,17770,18947,31608,5109,ITH,ITH3,5,Veneto,Veneto,4905854,81024,1.65,0.75
2467,2021-06-24,VEN,36717,18427,18290,10418,26299,ITH,ITH3,5,Veneto,Veneto,4905854,117741,2.4,0.75
2468,2021-03-16,VEN,12525,5352,7173,6905,5620,ITH,ITH3,5,Veneto,Veneto,4905854,130266,2.66,0.26
2469,2021-05-17,VEN,26473,12972,13501,16449,10024,ITH,ITH3,5,Veneto,Veneto,4905854,156739,3.19,0.54
2470,2021-02-06,VEN,4095,1354,2741,709,3386,ITH,ITH3,5,Veneto,Veneto,4905854,160834,3.28,0.08
2471,2021-02-23,VEN,7383,3254,4129,7112,271,ITH,ITH3,5,Veneto,Veneto,4905854,168217,3.43,0.15
2472,2021-04-28,VEN,32391,15169,17222,23373,9018,ITH,ITH3,5,Veneto,Veneto,4905854,200608,4.09,0.66
2473,2021-01-18,VEN,2762,776,1986,2563,199,ITH,ITH3,5,Veneto,Veneto,4905854,203370,4.15,0.06
2474,2021-02-04,VEN,7387,2026,5361,552,6835,ITH,ITH3,5,Veneto,Veneto,4905854,210757,4.3,0.15
2475,2021-06-17,VEN,50719,25431,25288,25940,24779,ITH,ITH3,5,Veneto,Veneto,4905854,261476,5.33,1.03
2476,2021-03-09,VEN,16542,7446,9096,10218,6324,ITH,ITH3,5,Veneto,Veneto,4905854,278018,5.67,0.34
2477,2021-05-31,VEN,31566,16197,15369,21670,9896,ITH,ITH3,5,Veneto,Veneto,4905854,309584,6.31,0.64
2478,2021-03-26,VEN,29574,13139,16435,24113,5461,ITH,ITH3,5,Veneto,Veneto,4905854,339158,6.91,0.6
2479,2021-03-28,VEN,31292,13602,17690,27678,3614,ITH,ITH3,5,Veneto,Veneto,4905854,370450,7.55,0.64
2480,2021-06-19,VEN,48353,24618,23735,25925,22428,ITH,ITH3,5,Veneto,Veneto,4905854,418803,8.54,0.99
2481,2021-04-14,VEN,15904,6895,9009,9277,6627,ITH,ITH3,5,Veneto,Veneto,4905854,434707,8.86,0.32
2482,2021-01-04,VEN,6735,2033,4702,6735,0,ITH,ITH3,5,Veneto,Veneto,4905854,441442,9.0,0.14
2483,2021-02-25,VEN,7898,3339,4559,7293,605,ITH,ITH3,5,Veneto,Veneto,4905854,449340,9.16,0.16
2484,2021-04-09,VEN,31189,13758,17431,22847,8342,ITH,ITH3,5,Veneto,Veneto,4905854,480529,9.8,0.64
2485,2021-06-05,VEN,46655,24036,22619,38640,8015,ITH,ITH3,5,Veneto,Veneto,4905854,527184,10.75,0.95
2486,2021-01-11,VEN,7240,2102,5138,7240,0,ITH,ITH3,5,Veneto,Veneto,4905854,534424,10.89,0.15
2487,2021-04-21,VEN,32316,13176,19140,16257,16059,ITH,ITH3,5,Veneto,Veneto,4905854,566740,11.55,0.66
2488,2021-05-22,VEN,34755,16668,18087,13351,21404,ITH,ITH3,5,Veneto,Veneto,4905854,601495,12.26,0.71
2489,2021-02-11,VEN,4012,1238,2774,3384,628,ITH,ITH3,5,Veneto,Veneto,4905854,605507,12.34,0.08
2490,2021-01-28,VEN,9210,2662,6548,172,9038,ITH,ITH3,5,Veneto,Veneto,4905854,614717,12.53,0.19
2491,2021-03-02,VEN,11485,4622,6863,8176,3309,ITH,ITH3,5,Veneto,Veneto,4905854,626202,12.76,0.23
2492,2021-04-04,VEN,7775,3530,4245,6625,1150,ITH,ITH3,5,Veneto,Veneto,4905854,633977,12.92,0.16
2493,2021-05-24,VEN,33007,16398,16609,8012,24995,ITH,ITH3,5,Veneto,Veneto,4905854,666984,13.6,0.67
2494,2021-01-23,VEN,4051,1246,2805,31,4020,ITH,ITH3,5,Veneto,Veneto,4905854,671035,13.68,0.08
2495,2021-03-21,VEN,11980,4752,7228,8518,3462,ITH,ITH3,5,Veneto,Veneto,4905854,683015,13.92,0.24
2496,2021-01-16,VEN,4611,1542,3069,4611,0,ITH,ITH3,5,Veneto,Veneto,4905854,687626,14.02,0.09
2497,2021-03-14,VEN,15174,5940,9234,14280,894,ITH,ITH3,5,Veneto,Veneto,4905854,702800,14.33,0.31
2498,2021-05-10,VEN,36454,17042,19412,26592,9862,ITH,ITH3,5,Veneto,Veneto,4905854,739254,15.07,0.74
2499,2021-01-30,VEN,8747,2672,6075,693,8054,ITH,ITH3,5,Veneto,Veneto,4905854,748001,15.25,0.18
2500,2021-04-23,VEN,31202,13820,17382,22495,8707,ITH,ITH3,5,Veneto,Veneto,4905854,779203,15.88,0.64
2501,2021-02-16,VEN,6643,2870,3773,6467,176,ITH,ITH3,5,Veneto,Veneto,4905854,785846,16.02,0.14
2502,2021-05-29,VEN,32955,16650,16305,25308,7647,ITH,ITH3,5,Veneto,Veneto,4905854,818801,16.69,0.67
2503,2021-03-23,VEN,22206,10237,11969,17497,4709,ITH,ITH3,5,Veneto,Veneto,4905854,841007,17.14,0.45
2504,2021-05-19,VEN,32871,15055,17816,16962,15909,ITH,ITH3,5,Veneto,Veneto,4905854,873878,17.81,0.67
2505,2021-02-08,VEN,4976,1541,3435,1929,3047,ITH,ITH3,5,Veneto,Veneto,4905854,878854,17.91,0.1
2506,2021-04-06,VEN,28926,13311,15615,23874,5052,ITH,ITH3,5,Veneto,Veneto,4905854,907780,18.5,0.59
2507,2021-05-14,VEN,46659,22191,24468,25811,20848,ITH,ITH3,5,Veneto,Veneto,4905854,954439,19.46,0.95
2508,2021-02-20,VEN,6424,2014,4410,6353,71,ITH,ITH3,5,Veneto,Veneto,4905854,960863,19.59,0.13
2509,2021-06-02,VEN,20304,10234,10070,15957,4347,ITH,ITH3,5,Veneto,Veneto,4905854,981167,20.0,0.41
2510,2021-03-11,VEN,19827,8888,10939,14256,5571,ITH,ITH3,5,Veneto,Veneto,4905854,1000994,20.4,0.4
2511,2021-04-30,VEN,49982,23473,26509,34320,15662,ITH,ITH3,5,Veneto,Veneto,4905854,1050976,21.42,1.02
2512,2021-01-20,VEN,1038,368,670,386,652,ITH,ITH3,5,Veneto,Veneto,4905854,1052014,21.44,0.02
2513,2021-06-16,VEN,47076,23216,23860,25907,21169,ITH,ITH3,5,Veneto,Veneto,4905854,1099090,22.4,0.96
2514,2021-01-01,VEN,1528,471,1057,1528,0,ITH,ITH3,5,Veneto,Veneto,4905854,1100618,22.43,0.03
2515,2021-03-25,VEN,25950,11054,14896,19851,6099,ITH,ITH3,5,Veneto,Veneto,4905854,1126568,22.96,0.53
2516,2021-04-11,VEN,21009,8876,12133,14702,6307,ITH,ITH3,5,Veneto,Veneto,4905854,1147577,23.39,0.43
2517,2021-06-12,VEN,47743,24053,23690,37032,10711,ITH,ITH3,5,Veneto,Veneto,4905854,1195320,24.37,0.97
2518,2021-05-02,VEN,37235,17263,19972,26905,10330,ITH,ITH3,5,Veneto,Veneto,4905854,1232555,25.12,0.76
2519,2021-06-14,VEN,42369,21420,20949,27107,15262,ITH,ITH3,5,Veneto,Veneto,4905854,1274924,25.99,0.86
2520,2021-03-06,VEN,10667,4356,6311,7405,3262,ITH,ITH3,5,Veneto,Veneto,4905854,1285591,26.21,0.22
2521,2020-12-30,VEN,699,245,454,699,0,ITH,ITH3,5,Veneto,Veneto,4905854,1286290,26.22,0.01
2522,2021-06-10,VEN,51659,26689,24970,42485,9174,ITH,ITH3,5,Veneto,Veneto,4905854,1337949,27.27,1.05
2523,2021-04-02,VEN,24043,10599,13444,17713,6330,ITH,ITH3,5,Veneto,Veneto,4905854,1361992,27.76,0.49
2524,2021-06-09,VEN,42276,21710,20566,34895,7381,ITH,ITH3,5,Veneto,Veneto,4905854,1404268,28.62,0.86
2525,2021-01-25,VEN,6468,2075,4393,159,6309,ITH,ITH3,5,Veneto,Veneto,4905854,1410736,28.76,0.13
2526,2021-04-20,VEN,22429,9494,12935,8429,14000,ITH,ITH3,5,Veneto,Veneto,4905854,1433165,29.21,0.46
2527,2021-01-09,VEN,7928,2539,5389,7928,0,ITH,ITH3,5,Veneto,Veneto,4905854,1441093,29.37,0.16
2528,2021-03-18,VEN,12611,5137,7474,7385,5226,ITH,ITH3,5,Veneto,Veneto,4905854,1453704,29.63,0.26
2529,2021-05-07,VEN,48463,23218,25245,39797,8666,ITH,ITH3,5,Veneto,Veneto,4905854,1502167,30.62,0.99
2530,2021-01-27,VEN,7141,2064,5077,241,6900,ITH,ITH3,5,Veneto,Veneto,4905854,1509308,30.77,0.15
2531,2021-02-13,VEN,3266,1473,1793,3246,20,ITH,ITH3,5,Veneto,Veneto,4905854,1512574,30.83,0.07
2532,2021-03-07,VEN,4489,1767,2722,3926,563,ITH,ITH3,5,Veneto,Veneto,4905854,1517063,30.92,0.09
2533,2021-05-03,VEN,40687,19805,20882,34224,6463,ITH,ITH3,5,Veneto,Veneto,4905854,1557750,31.75,0.83
2534,2021-05-28,VEN,46600,22827,23773,24824,21776,ITH,ITH3,5,Veneto,Veneto,4905854,1604350,32.7,0.95
2535,2021-02-18,VEN,5828,2455,3373,5764,64,ITH,ITH3,5,Veneto,Veneto,4905854,1610178,32.82,0.12
2536,2021-04-16,VEN,24436,10486,13950,12555,11881,ITH,ITH3,5,Veneto,Veneto,4905854,1634614,33.32,0.5
2537,2021-04-18,VEN,17512,7252,10260,9947,7565,ITH,ITH3,5,Veneto,Veneto,4905854,1652126,33.68,0.36
2538,2021-01-08,VEN,9407,2835,6572,9407,0,ITH,ITH3,5,Veneto,Veneto,4905854,1661533,33.87,0.19
2539,2021-01-13,VEN,5985,1606,4379,5985,0,ITH,ITH3,5,Veneto,Veneto,4905854,1667518,33.99,0.12
2540,2021-02-01,VEN,8561,2502,6059,160,8401,ITH,ITH3,5,Veneto,Veneto,4905854,1676079,34.16,0.17
2541,2021-02-15,VEN,4389,1824,2565,4149,240,ITH,ITH3,5,Veneto,Veneto,4905854,1680468,34.25,0.09
2542,2021-03-30,VEN,35956,15293,20663,30715,5241,ITH,ITH3,5,Veneto,Veneto,4905854,1716424,34.99,0.73
2543,2021-04-10,VEN,27462,11977,15485,18978,8484,ITH,ITH3,5,Veneto,Veneto,4905854,1743886,35.55,0.56
2544,2021-06-06,VEN,37286,19101,18185,32562,4724,ITH,ITH3,5,Veneto,Veneto,4905854,1781172,36.31,0.76
2545,2020-12-27,VEN,880,395,485,880,0,ITH,ITH3,5,Veneto,Veneto,4905854,1782052,36.33,0.02
2546,2021-05-30,VEN,22535,11265,11270,15844,6691,ITH,ITH3,5,Veneto,Veneto,4905854,1804587,36.78,0.46
2547,2021-04-27,VEN,28124,12751,15373,21207,6917,ITH,ITH3,5,Veneto,Veneto,4905854,1832711,37.36,0.57
2548,2021-01-17,VEN,1933,781,1152,1584,349,ITH,ITH3,5,Veneto,Veneto,4905854,1834644,37.4,0.04
2549,2021-02-03,VEN,5945,1667,4278,480,5465,ITH,ITH3,5,Veneto,Veneto,4905854,1840589,37.52,0.12
2550,2021-04-29,VEN,50227,23365,26862,37043,13184,ITH,ITH3,5,Veneto,Veneto,4905854,1890816,38.54,1.02
2551,2021-02-05,VEN,8375,2534,5841,1417,6958,ITH,ITH3,5,Veneto,Veneto,4905854,1899191,38.71,0.17
2552,2021-02-22,VEN,7014,3041,3973,6627,387,ITH,ITH3,5,Veneto,Veneto,4905854,1906205,38.86,0.14
2553,2021-05-16,VEN,28411,14006,14405,21320,7091,ITH,ITH3,5,Veneto,Veneto,4905854,1934616,39.43,0.58
2554,2021-06-07,VEN,44363,23152,21211,37357,7006,ITH,ITH3,5,Veneto,Veneto,4905854,1978979,40.34,0.9
2555,2021-02-27,VEN,8988,2691,6297,8141,847,ITH,ITH3,5,Veneto,Veneto,4905854,1987967,40.52,0.18
2556,2021-03-04,VEN,12980,4884,8096,9508,3472,ITH,ITH3,5,Veneto,Veneto,4905854,2000947,40.79,0.26
2557,2021-05-11,VEN,33137,16491,16646,28416,4721,ITH,ITH3,5,Veneto,Veneto,4905854,2034084,41.46,0.68
2558,2021-01-22,VEN,1080,332,748,25,1055,ITH,ITH3,5,Veneto,Veneto,4905854,2035164,41.48,0.02
2559,2021-04-13,VEN,14029,6322,7707,8543,5486,ITH,ITH3,5,Veneto,Veneto,4905854,2049193,41.77,0.29
2560,2021-01-03,VEN,5157,1562,3595,5157,0,ITH,ITH3,5,Veneto,Veneto,4905854,2054350,41.88,0.11
2561,2021-03-08,VEN,13629,6271,7358,9560,4069,ITH,ITH3,5,Veneto,Veneto,4905854,2067979,42.15,0.28
2562,2021-05-09,VEN,35035,16111,18924,24976,10059,ITH,ITH3,5,Veneto,Veneto,4905854,2103014,42.87,0.71
2563,2021-05-26,VEN,31034,15169,15865,14570,16464,ITH,ITH3,5,Veneto,Veneto,4905854,2134048,43.5,0.63
2564,2021-03-01,VEN,9395,3716,5679,7573,1822,ITH,ITH3,5,Veneto,Veneto,4905854,2143443,43.69,0.19
2565,2021-04-03,VEN,21951,9627,12324,14242,7709,ITH,ITH3,5,Veneto,Veneto,4905854,2165394,44.14,0.45
2566,2021-05-21,VEN,44716,21994,22722,20962,23754,ITH,ITH3,5,Veneto,Veneto,4905854,2210110,45.05,0.91
2567,2021-02-17,VEN,6022,2772,3250,5928,94,ITH,ITH3,5,Veneto,Veneto,4905854,2216132,45.17,0.12
2568,2021-04-01,VEN,25299,11142,14157,18893,6406,ITH,ITH3,5,Veneto,Veneto,4905854,2241431,45.69,0.52
2569,2021-04-15,VEN,20869,8617,12252,10045,10824,ITH,ITH3,5,Veneto,Veneto,4905854,2262300,46.11,0.43
2570,2021-01-05,VEN,7330,2183,5147,7330,0,ITH,ITH3,5,Veneto,Veneto,4905854,2269630,46.26,0.15
2571,2020-12-31,VEN,3220,1042,2178,3220,0,ITH,ITH3,5,Veneto,Veneto,4905854,2272850,46.33,0.07
2572,2021-04-12,VEN,14899,6332,8567,6684,8215,ITH,ITH3,5,Veneto,Veneto,4905854,2287749,46.63,0.3
2573,2021-01-02,VEN,5743,1766,3977,5743,0,ITH,ITH3,5,Veneto,Veneto,4905854,2293492,46.75,0.12
2574,2021-04-25,VEN,18317,8149,10168,13482,4835,ITH,ITH3,5,Veneto,Veneto,4905854,2311809,47.12,0.37
2575,2021-06-21,VEN,43713,21877,21836,20810,22903,ITH,ITH3,5,Veneto,Veneto,4905854,2355522,48.01,0.89
2576,2021-01-06,VEN,8134,2386,5748,8134,0,ITH,ITH3,5,Veneto,Veneto,4905854,2363656,48.18,0.17
2577,2021-06-23,VEN,47180,23440,23740,14894,32286,ITH,ITH3,5,Veneto,Veneto,4905854,2410836,49.14,0.96
2578,2021-03-15,VEN,16666,7327,9339,11458,5208,ITH,ITH3,5,Veneto,Veneto,4905854,2427502,49.48,0.34
2579,2021-05-18,VEN,26888,12510,14378,13317,13571,ITH,ITH3,5,Veneto,Veneto,4905854,2454390,50.03,0.55
2580,2021-03-22,VEN,18138,8175,9963,13096,5042,ITH,ITH3,5,Veneto,Veneto,4905854,2472528,50.4,0.37
2581,2021-03-13,VEN,17229,7303,9926,14098,3131,ITH,ITH3,5,Veneto,Veneto,4905854,2489757,50.75,0.35
2582,2021-01-15,VEN,5875,1820,4055,5875,0,ITH,ITH3,5,Veneto,Veneto,4905854,2495632,50.87,0.12
2583,2021-05-20,VEN,44721,21208,23513,20412,24309,ITH,ITH3,5,Veneto,Veneto,4905854,2540353,51.78,0.91
2584,2021-02-09,VEN,5247,1890,3357,3445,1802,ITH,ITH3,5,Veneto,Veneto,4905854,2545600,51.89,0.11
2585,2021-02-26,VEN,8295,3270,5025,7037,1258,ITH,ITH3,5,Veneto,Veneto,4905854,2553895,52.06,0.17
2586,2021-04-24,VEN,24748,10824,13924,15669,9079,ITH,ITH3,5,Veneto,Veneto,4905854,2578643,52.56,0.5
2587,2021-01-14,VEN,7063,1924,5139,7063,0,ITH,ITH3,5,Veneto,Veneto,4905854,2585706,52.71,0.14
2588,2021-03-12,VEN,18651,8189,10462,11903,6748,ITH,ITH3,5,Veneto,Veneto,4905854,2604357,53.09,0.38
2589,2021-05-04,VEN,42894,20315,22579,34868,8026,ITH,ITH3,5,Veneto,Veneto,4905854,2647251,53.96,0.87
2590,2021-01-24,VEN,4117,1219,2898,28,4089,ITH,ITH3,5,Veneto,Veneto,4905854,2651368,54.04,0.08
2591,2021-04-07,VEN,35963,16162,19801,28632,7331,ITH,ITH3,5,Veneto,Veneto,4905854,2687331,54.78,0.73
2592,2021-01-31,VEN,4769,1562,3207,392,4377,ITH,ITH3,5,Veneto,Veneto,4905854,2692100,54.88,0.1
2593,2021-03-29,VEN,31444,13692,17752,27626,3818,ITH,ITH3,5,Veneto,Veneto,4905854,2723544,55.52,0.64
2594,2021-05-13,VEN,44196,21805,22391,34306,9890,ITH,ITH3,5,Veneto,Veneto,4905854,2767740,56.42,0.9
2595,2021-02-02,VEN,6509,1879,4630,397,6112,ITH,ITH3,5,Veneto,Veneto,4905854,2774249,56.55,0.13
2596,2021-03-31,VEN,38798,16380,22418,31307,7491,ITH,ITH3,5,Veneto,Veneto,4905854,2813047,57.34,0.79
2597,2021-06-18,VEN,52714,26307,26407,24387,28327,ITH,ITH3,5,Veneto,Veneto,4905854,2865761,58.42,1.07
2598,2021-03-27,VEN,32065,14010,18055,26265,5800,ITH,ITH3,5,Veneto,Veneto,4905854,2897826,59.07,0.65
2599,2021-06-03,VEN,54210,27893,26317,42269,11941,ITH,ITH3,5,Veneto,Veneto,4905854,2952036,60.17,1.11
2600,2021-06-20,VEN,40335,19624,20711,18905,21430,ITH,ITH3,5,Veneto,Veneto,4905854,2992371,61.0,0.82
2601,2021-01-19,VEN,1309,472,837,1159,150,ITH,ITH3,5,Veneto,Veneto,4905854,2993680,61.02,0.03
2602,2021-05-01,VEN,38844,18233,20611,29901,8943,ITH,ITH3,5,Veneto,Veneto,4905854,3032524,61.81,0.79
2603,2021-05-27,VEN,46417,22811,23606,23285,23132,ITH,ITH3,5,Veneto,Veneto,4905854,3078941,62.76,0.95
2604,2021-02-07,VEN,2315,862,1453,714,1601,ITH,ITH3,5,Veneto,Veneto,4905854,3081256,62.81,0.05
2605,2021-03-24,VEN,22103,9567,12536,15301,6802,ITH,ITH3,5,Veneto,Veneto,4905854,3103359,63.26,0.45
2606,2021-02-10,VEN,4751,1588,3163,3697,1054,ITH,ITH3,5,Veneto,Veneto,4905854,3108110,63.36,0.1
2607,2021-04-08,VEN,32334,14352,17982,24454,7880,ITH,ITH3,5,Veneto,Veneto,4905854,3140444,64.01,0.66
2608,2021-06-04,VEN,49409,25727,23682,41346,8063,ITH,ITH3,5,Veneto,Veneto,4905854,3189853,65.02,1.01
2609,2021-02-24,VEN,8616,3679,4937,8128,488,ITH,ITH3,5,Veneto,Veneto,4905854,3198469,65.2,0.18
2610,2021-03-20,VEN,13015,5388,7627,10935,2080,ITH,ITH3,5,Veneto,Veneto,4905854,3211484,65.46,0.27
2611,2021-01-10,VEN,5032,1671,3361,5032,0,ITH,ITH3,5,Veneto,Veneto,4905854,3216516,65.56,0.1
2612,2021-05-23,VEN,34473,16457,18016,11066,23407,ITH,ITH3,5,Veneto,Veneto,4905854,3250989,66.27,0.7
2613,2021-02-12,VEN,4314,1447,2867,3742,572,ITH,ITH3,5,Veneto,Veneto,4905854,3255303,66.36,0.09
2614,2021-01-29,VEN,9023,2788,6235,366,8657,ITH,ITH3,5,Veneto,Veneto,4905854,3264326,66.54,0.18
2615,2021-05-08,VEN,41425,18737,22688,29616,11809,ITH,ITH3,5,Veneto,Veneto,4905854,3305751,67.38,0.84
2616,2021-03-19,VEN,13791,5668,8123,7696,6095,ITH,ITH3,5,Veneto,Veneto,4905854,3319542,67.66,0.28
2617,2021-06-22,VEN,43048,21282,21766,18796,24252,ITH,ITH3,5,Veneto,Veneto,4905854,3362590,68.54,0.88
2618,2021-04-26,VEN,20713,9452,11261,15575,5138,ITH,ITH3,5,Veneto,Veneto,4905854,3383303,68.96,0.42
2619,2021-06-15,VEN,47500,24117,23383,30033,17467,ITH,ITH3,5,Veneto,Veneto,4905854,3430803,69.93,0.97
2620,2021-02-19,VEN,7322,3140,4182,7118,204,ITH,ITH3,5,Veneto,Veneto,4905854,3438125,70.08,0.15
2621,2021-02-21,VEN,4637,1211,3426,4632,5,ITH,ITH3,5,Veneto,Veneto,4905854,3442762,70.18,0.09
2622,2021-05-15,VEN,36182,17484,18698,26195,9987,ITH,ITH3,5,Veneto,Veneto,4905854,3478944,70.91,0.74
2623,2021-06-01,VEN,26900,13539,13361,16400,10500,ITH,ITH3,5,Veneto,Veneto,4905854,3505844,71.46,0.55
2624,2021-03-10,VEN,19037,8725,10312,13354,5683,ITH,ITH3,5,Veneto,Veneto,4905854,3524881,71.85,0.39
2625,2021-04-17,VEN,22414,9083,13331,15135,7279,ITH,ITH3,5,Veneto,Veneto,4905854,3547295,72.31,0.46
2626,2021-01-07,VEN,8360,2318,6042,8360,0,ITH,ITH3,5,Veneto,Veneto,4905854,3555655,72.48,0.17
2627,2021-06-13,VEN,36879,19036,17843,29919,6960,ITH,ITH3,5,Veneto,Veneto,4905854,3592534,73.23,0.75
2628,2021-01-21,VEN,2293,719,1574,21,2272,ITH,ITH3,5,Veneto,Veneto,4905854,3594827,73.28,0.05
2629,2021-03-05,VEN,13336,5020,8316,9666,3670,ITH,ITH3,5,Veneto,Veneto,4905854,3608163,73.55,0.27
2630,2021-03-03,VEN,12094,4646,7448,8595,3499,ITH,ITH3,5,Veneto,Veneto,4905854,3620257,73.79,0.25
2631,2021-06-11,VEN,46840,24366,22474,35750,11090,ITH,ITH3,5,Veneto,Veneto,4905854,3667097,74.75,0.95
2632,2021-04-22,VEN,31986,13912,18074,16241,15745,ITH,ITH3,5,Veneto,Veneto,4905854,3699083,75.4,0.65
2633,2021-06-08,VEN,43409,22455,20954,37311,6098,ITH,ITH3,5,Veneto,Veneto,4905854,3742492,76.29,0.88
2634,2021-05-25,VEN,27729,13386,14343,11719,16010,ITH,ITH3,5,Veneto,Veneto,4905854,3770221,76.85,0.57
2635,2021-02-14,VEN,126,56,70,113,13,ITH,ITH3,5,Veneto,Veneto,4905854,3770347,76.85,0.0
2636,2021-02-28,VEN,4136,1389,2747,3299,837,ITH,ITH3,5,Veneto,Veneto,4905854,3774483,76.94,0.08
2637,2021-03-17,VEN,14645,5992,8653,7849,6796,ITH,ITH3,5,Veneto,Veneto,4905854,3789128,77.24,0.3
2638,2021-01-12,VEN,5229,1516,3713,5229,0,ITH,ITH3,5,Veneto,Veneto,4905854,3794357,77.34,0.11
2639,2021-04-19,VEN,21540,8921,12619,5129,16411,ITH,ITH3,5,Veneto,Veneto,4905854,3815897,77.78,0.44
2640,2021-04-05,VEN,19143,8367,10776,13703,5440,ITH,ITH3,5,Veneto,Veneto,4905854,3835040,78.17,0.39
2641,2021-01-26,VEN,6918,2091,4827,151,6767,ITH,ITH3,5,Veneto,Veneto,4905854,3841958,78.31,0.14
2642,2021-05-06,VEN,46935,22016,24919,38464,8471,ITH,ITH3,5,Veneto,Veneto,4905854,3888893,79.27,0.96
2643,2021-06-07,PIE,34836,17841,16995,30070,4766,ITC,ITC1,1,Piemonte,Piemonte,4356406,34836,0.8,0.8
2644,2020-12-28,PIE,1,1,0,1,0,ITC,ITC1,1,Piemonte,Piemonte,4356406,34837,0.8,0.0
2645,2021-05-02,PIE,25067,11267,13800,14322,10745,ITC,ITC1,1,Piemonte,Piemonte,4356406,59904,1.38,0.58
2646,2021-04-23,PIE,27447,12603,14844,20685,6762,ITC,ITC1,1,Piemonte,Piemonte,4356406,87351,2.01,0.63
2647,2021-04-04,PIE,9256,4060,5196,6542,2714,ITC,ITC1,1,Piemonte,Piemonte,4356406,96607,2.22,0.21
2648,2021-04-21,PIE,25755,11841,13914,20415,5340,ITC,ITC1,1,Piemonte,Piemonte,4356406,122362,2.81,0.59
2649,2021-05-24,PIE,28970,13420,15550,17019,11951,ITC,ITC1,1,Piemonte,Piemonte,4356406,151332,3.47,0.66
2650,2021-03-02,PIE,11202,4506,6696,10386,816,ITC,ITC1,1,Piemonte,Piemonte,4356406,162534,3.73,0.26
2651,2021-06-12,PIE,42454,22375,20079,39837,2617,ITC,ITC1,1,Piemonte,Piemonte,4356406,204988,4.71,0.97
2652,2021-05-19,PIE,33120,15293,17827,22010,11110,ITC,ITC1,1,Piemonte,Piemonte,4356406,238108,5.47,0.76
2653,2021-03-14,PIE,8205,3336,4869,5308,2897,ITC,ITC1,1,Piemonte,Piemonte,4356406,246313,5.65,0.19
2654,2021-05-10,PIE,28935,13952,14983,15830,13105,ITC,ITC1,1,Piemonte,Piemonte,4356406,275248,6.32,0.66
2655,2021-01-30,PIE,5980,2136,3844,218,5762,ITC,ITC1,1,Piemonte,Piemonte,4356406,281228,6.46,0.14
2656,2021-06-24,PIE,33028,16484,16544,15502,17526,ITC,ITC1,1,Piemonte,Piemonte,4356406,314256,7.21,0.76
2657,2021-03-16,PIE,10523,4269,6254,4463,6060,ITC,ITC1,1,Piemonte,Piemonte,4356406,324779,7.46,0.24
2658,2021-05-12,PIE,31900,15197,16703,18997,12903,ITC,ITC1,1,Piemonte,Piemonte,4356406,356679,8.19,0.73
2659,2021-03-28,PIE,16062,6901,9161,8440,7622,ITC,ITC1,1,Piemonte,Piemonte,4356406,372741,8.56,0.37
2660,2021-04-11,PIE,20825,9318,11507,18664,2161,ITC,ITC1,1,Piemonte,Piemonte,4356406,393566,9.03,0.48
2661,2021-01-04,PIE,5564,1679,3885,5564,0,ITC,ITC1,1,Piemonte,Piemonte,4356406,399130,9.16,0.13
2662,2021-04-28,PIE,26047,11739,14308,16013,10034,ITC,ITC1,1,Piemonte,Piemonte,4356406,425177,9.76,0.6
2663,2021-01-18,PIE,6166,2048,4118,5917,249,ITC,ITC1,1,Piemonte,Piemonte,4356406,431343,9.9,0.14
2664,2021-06-19,PIE,39658,20028,19630,23075,16583,ITC,ITC1,1,Piemonte,Piemonte,4356406,471001,10.81,0.91
2665,2021-02-04,PIE,10205,3341,6864,588,9617,ITC,ITC1,1,Piemonte,Piemonte,4356406,481206,11.05,0.23
2666,2021-04-30,PIE,31813,14313,17500,18478,13335,ITC,ITC1,1,Piemonte,Piemonte,4356406,513019,11.78,0.73
2667,2021-02-11,PIE,6764,2107,4657,3006,3758,ITC,ITC1,1,Piemonte,Piemonte,4356406,519783,11.93,0.16
2668,2021-04-09,PIE,25852,11389,14463,21343,4509,ITC,ITC1,1,Piemonte,Piemonte,4356406,545635,12.52,0.59
2669,2020-12-30,PIE,730,322,408,730,0,ITC,ITC1,1,Piemonte,Piemonte,4356406,546365,12.54,0.02
2670,2021-06-05,PIE,36909,18912,17997,32452,4457,ITC,ITC1,1,Piemonte,Piemonte,4356406,583274,13.39,0.85
2671,2021-02-25,PIE,12218,5252,6966,11671,547,ITC,ITC1,1,Piemonte,Piemonte,4356406,595492,13.67,0.28
2672,2021-04-02,PIE,20139,8302,11837,11712,8427,ITC,ITC1,1,Piemonte,Piemonte,4356406,615631,14.13,0.46
2673,2021-05-29,PIE,32781,15222,17559,20623,12158,ITC,ITC1,1,Piemonte,Piemonte,4356406,648412,14.88,0.75
2674,2021-02-18,PIE,4791,2094,2697,4361,430,ITC,ITC1,1,Piemonte,Piemonte,4356406,653203,14.99,0.11
2675,2021-04-16,PIE,28403,13213,15190,23417,4986,ITC,ITC1,1,Piemonte,Piemonte,4356406,681606,15.65,0.65
2676,2021-03-23,PIE,13088,5462,7626,6843,6245,ITC,ITC1,1,Piemonte,Piemonte,4356406,694694,15.95,0.3
2677,2021-01-16,PIE,7771,2630,5141,7771,0,ITC,ITC1,1,Piemonte,Piemonte,4356406,702465,16.12,0.18
2678,2021-01-23,PIE,4257,1325,2932,879,3378,ITC,ITC1,1,Piemonte,Piemonte,4356406,706722,16.22,0.1
2679,2021-03-21,PIE,10727,4741,5986,4194,6533,ITC,ITC1,1,Piemonte,Piemonte,4356406,717449,16.47,0.25
2680,2021-02-27,PIE,12691,4851,7840,12346,345,ITC,ITC1,1,Piemonte,Piemonte,4356406,730140,16.76,0.29
2681,2021-04-25,PIE,20233,9305,10928,17732,2501,ITC,ITC1,1,Piemonte,Piemonte,4356406,750373,17.22,0.46
2682,2021-01-15,PIE,9114,3012,6102,9114,0,ITC,ITC1,1,Piemonte,Piemonte,4356406,759487,17.43,0.21
2683,2021-06-21,PIE,38154,19024,19130,17509,20645,ITC,ITC1,1,Piemonte,Piemonte,4356406,797641,18.31,0.88
2684,2021-03-13,PIE,13047,4723,8324,11602,1445,ITC,ITC1,1,Piemonte,Piemonte,4356406,810688,18.61,0.3
2685,2021-04-20,PIE,25480,11665,13815,19134,6346,ITC,ITC1,1,Piemonte,Piemonte,4356406,836168,19.19,0.58
2686,2021-05-07,PIE,33073,15643,17430,18948,14125,ITC,ITC1,1,Piemonte,Piemonte,4356406,869241,19.95,0.76
2687,2021-01-27,PIE,4196,1453,2743,999,3197,ITC,ITC1,1,Piemonte,Piemonte,4356406,873437,20.05,0.1
2688,2021-02-13,PIE,4153,1334,2819,2931,1222,ITC,ITC1,1,Piemonte,Piemonte,4356406,877590,20.14,0.1
2689,2021-05-09,PIE,27094,12917,14177,13473,13621,ITC,ITC1,1,Piemonte,Piemonte,4356406,904684,20.77,0.62
2690,2021-05-26,PIE,32737,15101,17636,15657,17080,ITC,ITC1,1,Piemonte,Piemonte,4356406,937421,21.52,0.75
2691,2021-02-15,PIE,4432,1597,2835,3227,1205,ITC,ITC1,1,Piemonte,Piemonte,4356406,941853,21.62,0.1
2692,2021-03-04,PIE,14535,5770,8765,11587,2948,ITC,ITC1,1,Piemonte,Piemonte,4356406,956388,21.95,0.33
2693,2021-01-11,PIE,8745,2981,5764,8745,0,ITC,ITC1,1,Piemonte,Piemonte,4356406,965133,22.15,0.2
2694,2021-04-06,PIE,20247,8813,11434,15051,5196,ITC,ITC1,1,Piemonte,Piemonte,4356406,985380,22.62,0.46
2695,2020-12-27,PIE,913,369,544,913,0,ITC,ITC1,1,Piemonte,Piemonte,4356406,986293,22.64,0.02
2696,2021-06-09,PIE,38530,20314,18216,35831,2699,ITC,ITC1,1,Piemonte,Piemonte,4356406,1024823,23.52,0.88
2697,2021-03-18,PIE,11759,4805,6954,4029,7730,ITC,ITC1,1,Piemonte,Piemonte,4356406,1036582,23.79,0.27
2698,2021-02-08,PIE,6917,2356,4561,666,6251,ITC,ITC1,1,Piemonte,Piemonte,4356406,1043499,23.95,0.16
2699,2021-05-21,PIE,36034,16742,19292,20406,15628,ITC,ITC1,1,Piemonte,Piemonte,4356406,1079533,24.78,0.83
2700,2021-02-01,PIE,8645,3055,5590,579,8066,ITC,ITC1,1,Piemonte,Piemonte,4356406,1088178,24.98,0.2
2701,2021-05-17,PIE,30877,14584,16293,17752,13125,ITC,ITC1,1,Piemonte,Piemonte,4356406,1119055,25.69,0.71
2702,2021-02-06,PIE,7995,2666,5329,400,7595,ITC,ITC1,1,Piemonte,Piemonte,4356406,1127050,25.87,0.18
2703,2021-02-23,PIE,9234,3713,5521,8653,581,ITC,ITC1,1,Piemonte,Piemonte,4356406,1136284,26.08,0.21
2704,2021-05-31,PIE,29020,13995,15025,20510,8510,ITC,ITC1,1,Piemonte,Piemonte,4356406,1165304,26.75,0.67
2705,2021-06-17,PIE,40787,20480,20307,24529,16258,ITC,ITC1,1,Piemonte,Piemonte,4356406,1206091,27.69,0.94
2706,2021-03-09,PIE,14054,5506,8548,11711,2343,ITC,ITC1,1,Piemonte,Piemonte,4356406,1220145,28.01,0.32
2707,2021-01-01,PIE,1038,395,643,1038,0,ITC,ITC1,1,Piemonte,Piemonte,4356406,1221183,28.03,0.02
2708,2021-06-02,PIE,26531,12998,13533,22062,4469,ITC,ITC1,1,Piemonte,Piemonte,4356406,1247714,28.64,0.61
2709,2021-02-22,PIE,8483,3472,5011,7893,590,ITC,ITC1,1,Piemonte,Piemonte,4356406,1256197,28.84,0.19
2710,2021-03-11,PIE,13780,5079,8701,10683,3097,ITC,ITC1,1,Piemonte,Piemonte,4356406,1269977,29.15,0.32
2711,2021-03-25,PIE,17062,7203,9859,8423,8639,ITC,ITC1,1,Piemonte,Piemonte,4356406,1287039,29.54,0.39
2712,2021-04-13,PIE,25942,11613,14329,22483,3459,ITC,ITC1,1,Piemonte,Piemonte,4356406,1312981,30.14,0.6
2713,2021-01-13,PIE,10085,3226,6859,10085,0,ITC,ITC1,1,Piemonte,Piemonte,4356406,1323066,30.37,0.23
2714,2021-06-16,PIE,40080,20098,19982,23861,16219,ITC,ITC1,1,Piemonte,Piemonte,4356406,1363146,31.29,0.92
2715,2021-05-05,PIE,32198,15098,17100,19178,13020,ITC,ITC1,1,Piemonte,Piemonte,4356406,1395344,32.03,0.74
2716,2021-03-30,PIE,16894,7035,9859,9021,7873,ITC,ITC1,1,Piemonte,Piemonte,4356406,1412238,32.42,0.39
2717,2021-04-18,PIE,22972,10821,12151,20216,2756,ITC,ITC1,1,Piemonte,Piemonte,4356406,1435210,32.94,0.53
2718,2021-01-08,PIE,5533,1762,3771,5533,0,ITC,ITC1,1,Piemonte,Piemonte,4356406,1440743,33.07,0.13
2719,2021-06-14,PIE,37871,19516,18355,30797,7074,ITC,ITC1,1,Piemonte,Piemonte,4356406,1478614,33.94,0.87
2720,2021-03-06,PIE,13994,5211,8783,11205,2789,ITC,ITC1,1,Piemonte,Piemonte,4356406,1492608,34.26,0.32
2721,2021-01-22,PIE,3867,1249,2618,2526,1341,ITC,ITC1,1,Piemonte,Piemonte,4356406,1496475,34.35,0.09
2722,2021-04-03,PIE,19434,8159,11275,10887,8547,ITC,ITC1,1,Piemonte,Piemonte,4356406,1515909,34.8,0.45
2723,2021-01-10,PIE,5214,2275,2939,5214,0,ITC,ITC1,1,Piemonte,Piemonte,4356406,1521123,34.92,0.12
2724,2021-04-22,PIE,27695,12753,14942,20986,6709,ITC,ITC1,1,Piemonte,Piemonte,4356406,1548818,35.55,0.64
2725,2021-05-14,PIE,33398,16270,17128,17979,15419,ITC,ITC1,1,Piemonte,Piemonte,4356406,1582216,36.32,0.77
2726,2021-04-17,PIE,30460,14147,16313,27144,3316,ITC,ITC1,1,Piemonte,Piemonte,4356406,1612676,37.02,0.7
2727,2021-06-13,PIE,37857,19987,17870,33727,4130,ITC,ITC1,1,Piemonte,Piemonte,4356406,1650533,37.89,0.87
2728,2021-03-03,PIE,12120,4644,7476,11301,819,ITC,ITC1,1,Piemonte,Piemonte,4356406,1662653,38.17,0.28
2729,2021-03-20,PIE,11922,4899,7023,6024,5898,ITC,ITC1,1,Piemonte,Piemonte,4356406,1674575,38.44,0.27
2730,2021-02-20,PIE,3834,1254,2580,3660,174,ITC,ITC1,1,Piemonte,Piemonte,4356406,1678409,38.53,0.09
2731,2021-04-29,PIE,48454,21977,26477,35836,12618,ITC,ITC1,1,Piemonte,Piemonte,4356406,1726863,39.64,1.11
2732,2021-05-16,PIE,28139,12777,15362,15074,13065,ITC,ITC1,1,Piemonte,Piemonte,4356406,1755002,40.29,0.65
2733,2021-02-05,PIE,9604,3139,6465,659,8945,ITC,ITC1,1,Piemonte,Piemonte,4356406,1764606,40.51,0.22
2734,2021-01-06,PIE,3116,1111,2005,3116,0,ITC,ITC1,1,Piemonte,Piemonte,4356406,1767722,40.58,0.07
2735,2021-06-23,PIE,39271,19471,19800,16624,22647,ITC,ITC1,1,Piemonte,Piemonte,4356406,1806993,41.48,0.9
2736,2021-03-08,PIE,14020,5359,8661,11306,2714,ITC,ITC1,1,Piemonte,Piemonte,4356406,1821013,41.8,0.32
2737,2021-05-04,PIE,28586,13145,15441,16410,12176,ITC,ITC1,1,Piemonte,Piemonte,4356406,1849599,42.46,0.66
2738,2021-01-24,PIE,3153,959,2194,434,2719,ITC,ITC1,1,Piemonte,Piemonte,4356406,1852752,42.53,0.07
2739,2021-03-22,PIE,11523,4890,6633,3917,7606,ITC,ITC1,1,Piemonte,Piemonte,4356406,1864275,42.79,0.26
2740,2021-01-12,PIE,10090,3415,6675,10090,0,ITC,ITC1,1,Piemonte,Piemonte,4356406,1874365,43.03,0.23
2741,2021-01-29,PIE,5945,1887,4058,455,5490,ITC,ITC1,1,Piemonte,Piemonte,4356406,1880310,43.16,0.14
2742,2021-02-28,PIE,10816,4060,6756,10576,240,ITC,ITC1,1,Piemonte,Piemonte,4356406,1891126,43.41,0.25
2743,2021-03-17,PIE,12518,5055,7463,5224,7294,ITC,ITC1,1,Piemonte,Piemonte,4356406,1903644,43.7,0.29
2744,2021-06-10,PIE,40177,20986,19191,37645,2532,ITC,ITC1,1,Piemonte,Piemonte,4356406,1943821,44.62,0.92
2745,2021-04-01,PIE,19346,8081,11265,11226,8120,ITC,ITC1,1,Piemonte,Piemonte,4356406,1963167,45.06,0.44
2746,2021-05-28,PIE,34943,16537,18406,19037,15906,ITC,ITC1,1,Piemonte,Piemonte,4356406,1998110,45.87,0.8
2747,2021-01-25,PIE,6215,1938,4277,983,5232,ITC,ITC1,1,Piemonte,Piemonte,4356406,2004325,46.01,0.14
2748,2021-05-30,PIE,27702,13187,14515,18378,9324,ITC,ITC1,1,Piemonte,Piemonte,4356406,2032027,46.64,0.64
2749,2021-02-19,PIE,5535,2175,3360,5034,501,ITC,ITC1,1,Piemonte,Piemonte,4356406,2037562,46.77,0.13
2750,2021-06-04,PIE,37465,19587,17878,34540,2925,ITC,ITC1,1,Piemonte,Piemonte,4356406,2075027,47.63,0.86
2751,2021-02-24,PIE,11409,4629,6780,10904,505,ITC,ITC1,1,Piemonte,Piemonte,4356406,2086436,47.89,0.26
2752,2021-06-06,PIE,35005,18296,16709,32576,2429,ITC,ITC1,1,Piemonte,Piemonte,4356406,2121441,48.7,0.8
2753,2021-02-17,PIE,4794,2157,2637,3804,990,ITC,ITC1,1,Piemonte,Piemonte,4356406,2126235,48.81,0.11
2754,2021-06-08,PIE,37537,19456,18081,34740,2797,ITC,ITC1,1,Piemonte,Piemonte,4356406,2163772,49.67,0.86
2755,2021-04-26,PIE,19792,8744,11048,15391,4401,ITC,ITC1,1,Piemonte,Piemonte,4356406,2183564,50.12,0.45
2756,2021-05-13,PIE,35674,17523,18151,20558,15116,ITC,ITC1,1,Piemonte,Piemonte,4356406,2219238,50.94,0.82
2757,2021-02-02,PIE,10242,3509,6733,816,9426,ITC,ITC1,1,Piemonte,Piemonte,4356406,2229480,51.18,0.24
2758,2021-03-31,PIE,19110,8104,11006,10416,8694,ITC,ITC1,1,Piemonte,Piemonte,4356406,2248590,51.62,0.44
2759,2021-05-27,PIE,37355,17383,19972,19249,18106,ITC,ITC1,1,Piemonte,Piemonte,4356406,2285945,52.47,0.86
2760,2021-02-16,PIE,3967,1756,2211,3209,758,ITC,ITC1,1,Piemonte,Piemonte,4356406,2289912,52.56,0.09
2761,2021-02-10,PIE,7535,2371,5164,1316,6219,ITC,ITC1,1,Piemonte,Piemonte,4356406,2297447,52.74,0.17
2762,2021-04-08,PIE,25149,10933,14216,20419,4730,ITC,ITC1,1,Piemonte,Piemonte,4356406,2322596,53.31,0.58
2763,2021-04-10,PIE,30168,13417,16751,25890,4278,ITC,ITC1,1,Piemonte,Piemonte,4356406,2352764,54.01,0.69
2764,2021-04-15,PIE,29646,13580,16066,24160,5486,ITC,ITC1,1,Piemonte,Piemonte,4356406,2382410,54.69,0.68
2765,2021-01-05,PIE,5381,1603,3778,5381,0,ITC,ITC1,1,Piemonte,Piemonte,4356406,2387791,54.81,0.12
2766,2021-06-22,PIE,40233,19831,20402,18094,22139,ITC,ITC1,1,Piemonte,Piemonte,4356406,2428024,55.73,0.92
2767,2021-01-07,PIE,5387,1739,3648,5387,0,ITC,ITC1,1,Piemonte,Piemonte,4356406,2433411,55.86,0.12
2768,2021-03-05,PIE,15375,6059,9316,11557,3818,ITC,ITC1,1,Piemonte,Piemonte,4356406,2448786,56.21,0.35
2769,2021-06-15,PIE,38817,19990,18827,27073,11744,ITC,ITC1,1,Piemonte,Piemonte,4356406,2487603,57.1,0.89
2770,2021-03-07,PIE,11977,4658,7319,11099,878,ITC,ITC1,1,Piemonte,Piemonte,4356406,2499580,57.38,0.27
2771,2020-12-31,PIE,3909,1334,2575,3909,0,ITC,ITC1,1,Piemonte,Piemonte,4356406,2503489,57.47,0.09
2772,2021-05-06,PIE,33475,15793,17682,19921,13554,ITC,ITC1,1,Piemonte,Piemonte,4356406,2536964,58.24,0.77
2773,2021-05-23,PIE,28700,13130,15570,15750,12950,ITC,ITC1,1,Piemonte,Piemonte,4356406,2565664,58.89,0.66
2774,2021-02-12,PIE,6891,2215,4676,3930,2961,ITC,ITC1,1,Piemonte,Piemonte,4356406,2572555,59.05,0.16
2775,2021-03-01,PIE,12043,4846,7197,11234,809,ITC,ITC1,1,Piemonte,Piemonte,4356406,2584598,59.33,0.28
2776,2021-05-25,PIE,31127,14442,16685,15989,15138,ITC,ITC1,1,Piemonte,Piemonte,4356406,2615725,60.04,0.71
2777,2021-06-11,PIE,43411,22968,20443,40598,2813,ITC,ITC1,1,Piemonte,Piemonte,4356406,2659136,61.04,1.0
2778,2021-03-19,PIE,11021,4512,6509,4415,6606,ITC,ITC1,1,Piemonte,Piemonte,4356406,2670157,61.29,0.25
2779,2021-04-05,PIE,14748,6234,8514,12192,2556,ITC,ITC1,1,Piemonte,Piemonte,4356406,2684905,61.63,0.34
2780,2021-05-03,PIE,26677,12175,14502,12516,14161,ITC,ITC1,1,Piemonte,Piemonte,4356406,2711582,62.24,0.61
2781,2021-02-26,PIE,12293,4933,7360,11556,737,ITC,ITC1,1,Piemonte,Piemonte,4356406,2723875,62.53,0.28
2782,2021-04-24,PIE,27472,12423,15049,21818,5654,ITC,ITC1,1,Piemonte,Piemonte,4356406,2751347,63.16,0.63
2783,2021-01-14,PIE,9766,3152,6614,9766,0,ITC,ITC1,1,Piemonte,Piemonte,4356406,2761113,63.38,0.22
2784,2021-04-27,PIE,22608,10214,12394,17461,5147,ITC,ITC1,1,Piemonte,Piemonte,4356406,2783721,63.9,0.52
2785,2021-01-17,PIE,3518,1168,2350,2870,648,ITC,ITC1,1,Piemonte,Piemonte,4356406,2787239,63.98,0.08
2786,2021-03-15,PIE,10682,4184,6498,5062,5620,ITC,ITC1,1,Piemonte,Piemonte,4356406,2797921,64.23,0.25
2787,2021-05-11,PIE,32076,15457,16619,18864,13212,ITC,ITC1,1,Piemonte,Piemonte,4356406,2829997,64.96,0.74
2788,2021-01-31,PIE,4113,1753,2360,112,4001,ITC,ITC1,1,Piemonte,Piemonte,4356406,2834110,65.06,0.09
2789,2021-06-18,PIE,40258,20087,20171,26146,14112,ITC,ITC1,1,Piemonte,Piemonte,4356406,2874368,65.98,0.92
2790,2021-03-10,PIE,13681,5213,8468,11387,2294,ITC,ITC1,1,Piemonte,Piemonte,4356406,2888049,66.29,0.31
2791,2021-03-27,PIE,18397,7828,10569,9570,8827,ITC,ITC1,1,Piemonte,Piemonte,4356406,2906446,66.72,0.42
2792,2021-01-19,PIE,6466,2105,4361,6454,12,ITC,ITC1,1,Piemonte,Piemonte,4356406,2912912,66.87,0.15
2793,2021-04-14,PIE,27712,12563,15149,23187,4525,ITC,ITC1,1,Piemonte,Piemonte,4356406,2940624,67.5,0.64
2794,2021-06-03,PIE,34562,17841,16721,30184,4378,ITC,ITC1,1,Piemonte,Piemonte,4356406,2975186,68.29,0.79
2795,2021-02-07,PIE,3088,974,2114,445,2643,ITC,ITC1,1,Piemonte,Piemonte,4356406,2978274,68.37,0.07
2796,2021-05-22,PIE,33471,15110,18361,17252,16219,ITC,ITC1,1,Piemonte,Piemonte,4356406,3011745,69.13,0.77
2797,2021-04-19,PIE,22549,10771,11778,18185,4364,ITC,ITC1,1,Piemonte,Piemonte,4356406,3034294,69.65,0.52
2798,2021-01-09,PIE,6184,2185,3999,6184,0,ITC,ITC1,1,Piemonte,Piemonte,4356406,3040478,69.79,0.14
2799,2021-01-26,PIE,6333,1880,4453,735,5598,ITC,ITC1,1,Piemonte,Piemonte,4356406,3046811,69.94,0.15
2800,2021-05-08,PIE,34263,16262,18001,18626,15637,ITC,ITC1,1,Piemonte,Piemonte,4356406,3081074,70.73,0.79
2801,2021-01-28,PIE,5591,1809,3782,384,5207,ITC,ITC1,1,Piemonte,Piemonte,4356406,3086665,70.85,0.13
2802,2021-02-14,PIE,1476,498,978,876,600,ITC,ITC1,1,Piemonte,Piemonte,4356406,3088141,70.89,0.03
2803,2021-03-24,PIE,15507,6343,9164,6380,9127,ITC,ITC1,1,Piemonte,Piemonte,4356406,3103648,71.24,0.36
2804,2021-05-20,PIE,38602,17930,20672,13658,24944,ITC,ITC1,1,Piemonte,Piemonte,4356406,3142250,72.13,0.89
2805,2021-02-09,PIE,7392,2316,5076,722,6670,ITC,ITC1,1,Piemonte,Piemonte,4356406,3149642,72.3,0.17
2806,2021-04-07,PIE,23611,9999,13612,18150,5461,ITC,ITC1,1,Piemonte,Piemonte,4356406,3173253,72.84,0.54
2807,2021-01-20,PIE,6617,2089,4528,5899,718,ITC,ITC1,1,Piemonte,Piemonte,4356406,3179870,72.99,0.15
2808,2021-02-03,PIE,10202,3304,6898,611,9591,ITC,ITC1,1,Piemonte,Piemonte,4356406,3190072,73.23,0.23
2809,2021-05-18,PIE,32087,14806,17281,19435,12652,ITC,ITC1,1,Piemonte,Piemonte,4356406,3222159,73.96,0.74
2810,2021-01-03,PIE,3063,967,2096,3063,0,ITC,ITC1,1,Piemonte,Piemonte,4356406,3225222,74.03,0.07
2811,2021-03-29,PIE,15168,6388,8780,8556,6612,ITC,ITC1,1,Piemonte,Piemonte,4356406,3240390,74.38,0.35
2812,2021-04-12,PIE,22945,10364,12581,19955,2990,ITC,ITC1,1,Piemonte,Piemonte,4356406,3263335,74.91,0.53
2813,2021-01-02,PIE,3545,1134,2411,3545,0,ITC,ITC1,1,Piemonte,Piemonte,4356406,3266880,74.99,0.08
2814,2021-05-01,PIE,28538,12998,15540,16739,11799,ITC,ITC1,1,Piemonte,Piemonte,4356406,3295418,75.65,0.66
2815,2021-01-21,PIE,6881,2314,4567,3385,3496,ITC,ITC1,1,Piemonte,Piemonte,4356406,3302299,75.8,0.16
2816,2021-05-15,PIE,33761,15739,18022,20058,13703,ITC,ITC1,1,Piemonte,Piemonte,4356406,3336060,76.58,0.77
2817,2021-06-01,PIE,29236,14647,14589,24862,4374,ITC,ITC1,1,Piemonte,Piemonte,4356406,3365296,77.25,0.67
2818,2021-02-21,PIE,5090,2083,3007,4988,102,ITC,ITC1,1,Piemonte,Piemonte,4356406,3370386,77.37,0.12
2819,2021-06-20,PIE,33981,17023,16958,19265,14716,ITC,ITC1,1,Piemonte,Piemonte,4356406,3404367,78.15,0.78
2820,2021-03-12,PIE,13950,5184,8766,11015,2935,ITC,ITC1,1,Piemonte,Piemonte,4356406,3418317,78.47,0.32
2821,2021-03-26,PIE,17759,6985,10774,8852,8907,ITC,ITC1,1,Piemonte,Piemonte,4356406,3436076,78.87,0.41
2822,2021-01-16,LOM,15425,5731,9694,15425,0,ITC,ITC4,3,Lombardia,Lombardia,10060574,15425,0.15,0.15
2823,2021-01-09,LOM,12414,4573,7841,12414,0,ITC,ITC4,3,Lombardia,Lombardia,10060574,27839,0.28,0.12
2824,2021-03-07,LOM,12084,5358,6726,9527,2557,ITC,ITC4,3,Lombardia,Lombardia,10060574,39923,0.4,0.12
2825,2021-01-27,LOM,8034,2673,5361,808,7226,ITC,ITC4,3,Lombardia,Lombardia,10060574,47957,0.48,0.08
2826,2021-03-25,LOM,42791,16009,26782,30122,12669,ITC,ITC4,3,Lombardia,Lombardia,10060574,90748,0.9,0.43
2827,2021-03-28,LOM,20472,7808,12664,14309,6163,ITC,ITC4,3,Lombardia,Lombardia,10060574,111220,1.11,0.2
2828,2021-04-14,LOM,47152,21015,26137,34186,12966,ITC,ITC4,3,Lombardia,Lombardia,10060574,158372,1.57,0.47
2829,2021-01-04,LOM,6099,2102,3997,6099,0,ITC,ITC4,3,Lombardia,Lombardia,10060574,164471,1.63,0.06
2830,2021-06-19,LOM,103234,51476,51758,58496,44738,ITC,ITC4,3,Lombardia,Lombardia,10060574,267705,2.66,1.03
2831,2021-06-05,LOM,102093,52786,49307,92341,9752,ITC,ITC4,3,Lombardia,Lombardia,10060574,369798,3.68,1.01
2832,2021-03-14,LOM,14873,5348,9525,11590,3283,ITC,ITC4,3,Lombardia,Lombardia,10060574,384671,3.82,0.15
2833,2021-02-23,LOM,11813,4802,7011,11482,331,ITC,ITC4,3,Lombardia,Lombardia,10060574,396484,3.94,0.12
2834,2021-05-24,LOM,89492,43474,46018,49508,39984,ITC,ITC4,3,Lombardia,Lombardia,10060574,485976,4.83,0.89
2835,2021-02-11,LOM,17072,5007,12065,9702,7370,ITC,ITC4,3,Lombardia,Lombardia,10060574,503048,5.0,0.17
2836,2021-05-31,LOM,95601,47381,48220,79430,16171,ITC,ITC4,3,Lombardia,Lombardia,10060574,598649,5.95,0.95
2837,2021-03-26,LOM,41277,15688,25589,28143,13134,ITC,ITC4,3,Lombardia,Lombardia,10060574,639926,6.36,0.41
2838,2021-05-22,LOM,70553,33823,36730,32421,38132,ITC,ITC4,3,Lombardia,Lombardia,10060574,710479,7.06,0.7
2839,2021-05-29,LOM,88258,42394,45864,42236,46022,ITC,ITC4,3,Lombardia,Lombardia,10060574,798737,7.94,0.88
2840,2021-02-18,LOM,14049,4924,9125,13013,1036,ITC,ITC4,3,Lombardia,Lombardia,10060574,812786,8.08,0.14
2841,2021-04-23,LOM,73443,33287,40156,56903,16540,ITC,ITC4,3,Lombardia,Lombardia,10060574,886229,8.81,0.73
2842,2021-05-10,LOM,85257,40877,44380,63684,21573,ITC,ITC4,3,Lombardia,Lombardia,10060574,971486,9.66,0.85
2843,2021-01-30,LOM,12308,4563,7745,154,12154,ITC,ITC4,3,Lombardia,Lombardia,10060574,983794,9.78,0.12
2844,2021-02-16,LOM,9505,3073,6432,9057,448,ITC,ITC4,3,Lombardia,Lombardia,10060574,993299,9.87,0.09
2845,2021-06-10,LOM,101529,51678,49851,87181,14348,ITC,ITC4,3,Lombardia,Lombardia,10060574,1094828,10.88,1.01
2846,2021-03-02,LOM,22803,9698,13105,19769,3034,ITC,ITC4,3,Lombardia,Lombardia,10060574,1117631,11.11,0.23
2847,2020-12-28,LOM,107,47,60,107,0,ITC,ITC4,3,Lombardia,Lombardia,10060574,1117738,11.11,0.0
2848,2021-04-21,LOM,71732,32520,39212,57122,14610,ITC,ITC4,3,Lombardia,Lombardia,10060574,1189470,11.82,0.71
2849,2021-01-11,LOM,16255,5377,10878,16255,0,ITC,ITC4,3,Lombardia,Lombardia,10060574,1205725,11.98,0.16
2850,2021-01-28,LOM,12223,3703,8520,801,11422,ITC,ITC4,3,Lombardia,Lombardia,10060574,1217948,12.11,0.12
2851,2021-04-28,LOM,95659,43639,52020,68777,26882,ITC,ITC4,3,Lombardia,Lombardia,10060574,1313607,13.06,0.95
2852,2021-06-24,LOM,74476,38288,36188,52566,21910,ITC,ITC4,3,Lombardia,Lombardia,10060574,1388083,13.8,0.74
2853,2021-03-16,LOM,25484,10113,15371,16417,9067,ITC,ITC4,3,Lombardia,Lombardia,10060574,1413567,14.05,0.25
2854,2021-05-12,LOM,87448,41732,45716,59912,27536,ITC,ITC4,3,Lombardia,Lombardia,10060574,1501015,14.92,0.87
2855,2021-02-04,LOM,27805,8104,19701,2010,25795,ITC,ITC4,3,Lombardia,Lombardia,10060574,1528820,15.2,0.28
2856,2021-04-09,LOM,52318,22346,29972,36327,15991,ITC,ITC4,3,Lombardia,Lombardia,10060574,1581138,15.72,0.52
2857,2021-04-04,LOM,7611,3230,4381,3716,3895,ITC,ITC4,3,Lombardia,Lombardia,10060574,1588749,15.79,0.08
2858,2021-04-02,LOM,41168,16843,24325,26719,14449,ITC,ITC4,3,Lombardia,Lombardia,10060574,1629917,16.2,0.41
2859,2021-05-21,LOM,93786,45220,48566,29125,64661,ITC,ITC4,3,Lombardia,Lombardia,10060574,1723703,17.13,0.93
2860,2021-05-07,LOM,92264,43687,48577,69892,22372,ITC,ITC4,3,Lombardia,Lombardia,10060574,1815967,18.05,0.92
2861,2021-03-18,LOM,27383,10953,16430,16149,11234,ITC,ITC4,3,Lombardia,Lombardia,10060574,1843350,18.32,0.27
2862,2021-05-14,LOM,85864,41354,44510,55630,30234,ITC,ITC4,3,Lombardia,Lombardia,10060574,1929214,19.18,0.85
2863,2021-05-17,LOM,94615,45345,49270,30221,64394,ITC,ITC4,3,Lombardia,Lombardia,10060574,2023829,20.12,0.94
2864,2021-05-19,LOM,82803,39568,43235,33821,48982,ITC,ITC4,3,Lombardia,Lombardia,10060574,2106632,20.94,0.82
2865,2021-02-08,LOM,10081,2918,7163,2130,7951,ITC,ITC4,3,Lombardia,Lombardia,10060574,2116713,21.04,0.1
2866,2021-02-25,LOM,15289,6348,8941,13720,1569,ITC,ITC4,3,Lombardia,Lombardia,10060574,2132002,21.19,0.15
2867,2021-02-06,LOM,15253,5536,9717,1014,14239,ITC,ITC4,3,Lombardia,Lombardia,10060574,2147255,21.34,0.15
2868,2021-04-16,LOM,53642,23915,29727,39303,14339,ITC,ITC4,3,Lombardia,Lombardia,10060574,2200897,21.88,0.53
2869,2021-05-03,LOM,83678,39747,43931,71556,12122,ITC,ITC4,3,Lombardia,Lombardia,10060574,2284575,22.71,0.83
2870,2021-01-23,LOM,1115,357,758,916,199,ITC,ITC4,3,Lombardia,Lombardia,10060574,2285690,22.72,0.01
2871,2021-06-21,LOM,111427,57111,54316,80746,30681,ITC,ITC4,3,Lombardia,Lombardia,10060574,2397117,23.83,1.11
2872,2021-06-02,LOM,84626,43572,41054,78295,6331,ITC,ITC4,3,Lombardia,Lombardia,10060574,2481743,24.67,0.84
2873,2021-03-11,LOM,36208,13473,22735,26301,9907,ITC,ITC4,3,Lombardia,Lombardia,10060574,2517951,25.03,0.36
2874,2021-06-12,LOM,88486,47643,40843,85427,3059,ITC,ITC4,3,Lombardia,Lombardia,10060574,2606437,25.91,0.88
2875,2021-03-21,LOM,23510,8493,15017,18317,5193,ITC,ITC4,3,Lombardia,Lombardia,10060574,2629947,26.14,0.23
2876,2021-02-13,LOM,6417,2441,3976,4941,1476,ITC,ITC4,3,Lombardia,Lombardia,10060574,2636364,26.2,0.06
2877,2021-01-13,LOM,26424,8071,18353,26424,0,ITC,ITC4,3,Lombardia,Lombardia,10060574,2662788,26.47,0.26
2878,2021-04-25,LOM,51493,23612,27881,46750,4743,ITC,ITC4,3,Lombardia,Lombardia,10060574,2714281,26.98,0.51
2879,2021-04-06,LOM,43055,17582,25473,25121,17934,ITC,ITC4,3,Lombardia,Lombardia,10060574,2757336,27.41,0.43
2880,2021-06-14,LOM,94153,47853,46300,49710,44443,ITC,ITC4,3,Lombardia,Lombardia,10060574,2851489,28.34,0.94
2881,2021-06-17,LOM,107568,52278,55290,53459,54109,ITC,ITC4,3,Lombardia,Lombardia,10060574,2959057,29.41,1.07
2882,2021-03-09,LOM,33210,12857,20353,25815,7395,ITC,ITC4,3,Lombardia,Lombardia,10060574,2992267,29.74,0.33
2883,2021-05-05,LOM,87893,41909,45984,72590,15303,ITC,ITC4,3,Lombardia,Lombardia,10060574,3080160,30.62,0.87
2884,2021-01-18,LOM,9198,2969,6229,8223,975,ITC,ITC4,3,Lombardia,Lombardia,10060574,3089358,30.71,0.09
2885,2021-03-23,LOM,42567,15464,27103,29708,12859,ITC,ITC4,3,Lombardia,Lombardia,10060574,3131925,31.13,0.42
2886,2021-04-11,LOM,32214,13941,18273,24823,7391,ITC,ITC4,3,Lombardia,Lombardia,10060574,3164139,31.45,0.32
2887,2021-01-01,LOM,24,7,17,24,0,ITC,ITC4,3,Lombardia,Lombardia,10060574,3164163,31.45,0.0
2888,2021-06-07,LOM,98511,50188,48323,85212,13299,ITC,ITC4,3,Lombardia,Lombardia,10060574,3262674,32.43,0.98
2889,2021-02-27,LOM,13945,5870,8075,13304,641,ITC,ITC4,3,Lombardia,Lombardia,10060574,3276619,32.57,0.14
2890,2020-12-30,LOM,114,42,72,114,0,ITC,ITC4,3,Lombardia,Lombardia,10060574,3276733,32.57,0.0
2891,2021-06-16,LOM,98483,50040,48443,50583,47900,ITC,ITC4,3,Lombardia,Lombardia,10060574,3375216,33.55,0.98
2892,2021-02-10,LOM,14394,4504,9890,7577,6817,ITC,ITC4,3,Lombardia,Lombardia,10060574,3389610,33.69,0.14
2893,2021-02-03,LOM,25638,7916,17722,1080,24558,ITC,ITC4,3,Lombardia,Lombardia,10060574,3415248,33.95,0.25
2894,2021-04-01,LOM,42951,17226,25725,26753,16198,ITC,ITC4,3,Lombardia,Lombardia,10060574,3458199,34.37,0.43
2895,2021-05-02,LOM,83498,38332,45166,61036,22462,ITC,ITC4,3,Lombardia,Lombardia,10060574,3541697,35.2,0.83
2896,2021-04-13,LOM,47593,21246,26347,33519,14074,ITC,ITC4,3,Lombardia,Lombardia,10060574,3589290,35.68,0.47
2897,2021-04-30,LOM,117215,54779,62436,89730,27485,ITC,ITC4,3,Lombardia,Lombardia,10060574,3706505,36.84,1.17
2898,2021-01-20,LOM,5663,1377,4286,5549,114,ITC,ITC4,3,Lombardia,Lombardia,10060574,3712168,36.9,0.06
2899,2021-01-22,LOM,3142,868,2274,3073,69,ITC,ITC4,3,Lombardia,Lombardia,10060574,3715310,36.93,0.03
2900,2021-02-20,LOM,9336,3867,5469,9038,298,ITC,ITC4,3,Lombardia,Lombardia,10060574,3724646,37.02,0.09
2901,2021-04-18,LOM,36352,16206,20146,31122,5230,ITC,ITC4,3,Lombardia,Lombardia,10060574,3760998,37.38,0.36
2902,2021-01-08,LOM,12703,3918,8785,12703,0,ITC,ITC4,3,Lombardia,Lombardia,10060574,3773701,37.51,0.13
2903,2021-01-15,LOM,25214,7433,17781,25214,0,ITC,ITC4,3,Lombardia,Lombardia,10060574,3798915,37.76,0.25
2904,2021-04-29,LOM,115471,53575,61896,85636,29835,ITC,ITC4,3,Lombardia,Lombardia,10060574,3914386,38.91,1.15
2905,2021-03-30,LOM,39543,15548,23995,24769,14774,ITC,ITC4,3,Lombardia,Lombardia,10060574,3953929,39.3,0.39
2906,2021-01-06,LOM,7059,2492,4567,7059,0,ITC,ITC4,3,Lombardia,Lombardia,10060574,3960988,39.37,0.07
2907,2021-05-18,LOM,88151,42141,46010,32611,55540,ITC,ITC4,3,Lombardia,Lombardia,10060574,4049139,40.25,0.88
2908,2021-06-04,LOM,104371,54193,50178,94767,9604,ITC,ITC4,3,Lombardia,Lombardia,10060574,4153510,41.29,1.04
2909,2021-02-24,LOM,14708,5952,8756,13764,944,ITC,ITC4,3,Lombardia,Lombardia,10060574,4168218,41.43,0.15
2910,2021-05-16,LOM,68663,32495,36168,36486,32177,ITC,ITC4,3,Lombardia,Lombardia,10060574,4236881,42.11,0.68
2911,2021-02-05,LOM,25691,7455,18236,2418,23273,ITC,ITC4,3,Lombardia,Lombardia,10060574,4262572,42.37,0.26
2912,2021-02-22,LOM,11894,4807,7087,11589,305,ITC,ITC4,3,Lombardia,Lombardia,10060574,4274466,42.49,0.12
2913,2021-03-04,LOM,29312,12106,17206,20254,9058,ITC,ITC4,3,Lombardia,Lombardia,10060574,4303778,42.78,0.29
2914,2021-03-22,LOM,40324,14297,26027,29771,10553,ITC,ITC4,3,Lombardia,Lombardia,10060574,4344102,43.18,0.4
2915,2021-04-08,LOM,52316,21746,30570,35869,16447,ITC,ITC4,3,Lombardia,Lombardia,10060574,4396418,43.7,0.52
2916,2020-12-29,LOM,106,45,61,106,0,ITC,ITC4,3,Lombardia,Lombardia,10060574,4396524,43.7,0.0
2917,2021-04-22,LOM,73863,33364,40499,57541,16322,ITC,ITC4,3,Lombardia,Lombardia,10060574,4470387,44.43,0.73
2918,2021-03-03,LOM,26962,11510,15452,19683,7279,ITC,ITC4,3,Lombardia,Lombardia,10060574,4497349,44.7,0.27
2919,2021-01-25,LOM,7012,2367,4645,473,6539,ITC,ITC4,3,Lombardia,Lombardia,10060574,4504361,44.77,0.07
2920,2021-02-01,LOM,16064,5322,10742,309,15755,ITC,ITC4,3,Lombardia,Lombardia,10060574,4520425,44.93,0.16
2921,2021-04-15,LOM,49415,21846,27569,35594,13821,ITC,ITC4,3,Lombardia,Lombardia,10060574,4569840,45.42,0.49
2922,2021-01-05,LOM,7851,2575,5276,7851,0,ITC,ITC4,3,Lombardia,Lombardia,10060574,4577691,45.5,0.08
2923,2021-03-27,LOM,32429,12373,20056,23724,8705,ITC,ITC4,3,Lombardia,Lombardia,10060574,4610120,45.82,0.32
2924,2021-01-03,LOM,854,316,538,854,0,ITC,ITC4,3,Lombardia,Lombardia,10060574,4610974,45.83,0.01
2925,2021-03-06,LOM,21317,9092,12225,16805,4512,ITC,ITC4,3,Lombardia,Lombardia,10060574,4632291,46.04,0.21
2926,2021-06-09,LOM,102621,51712,50909,88294,14327,ITC,ITC4,3,Lombardia,Lombardia,10060574,4734912,47.06,1.02
2927,2021-03-08,LOM,29724,11176,18548,22651,7073,ITC,ITC4,3,Lombardia,Lombardia,10060574,4764636,47.36,0.3
2928,2021-05-04,LOM,86797,41068,45729,72413,14384,ITC,ITC4,3,Lombardia,Lombardia,10060574,4851433,48.22,0.86
2929,2021-01-24,LOM,1199,457,742,536,663,ITC,ITC4,3,Lombardia,Lombardia,10060574,4852632,48.23,0.01
2930,2021-06-18,LOM,106666,52407,54259,53983,52683,ITC,ITC4,3,Lombardia,Lombardia,10060574,4959298,49.29,1.06
2931,2021-03-01,LOM,18789,8230,10559,17084,1705,ITC,ITC4,3,Lombardia,Lombardia,10060574,4978087,49.48,0.19
2932,2021-05-15,LOM,80895,38781,42114,47521,33374,ITC,ITC4,3,Lombardia,Lombardia,10060574,5058982,50.29,0.8
2933,2021-06-01,LOM,93860,46056,47804,76841,17019,ITC,ITC4,3,Lombardia,Lombardia,10060574,5152842,51.22,0.93
2934,2021-01-02,LOM,200,72,128,200,0,ITC,ITC4,3,Lombardia,Lombardia,10060574,5153042,51.22,0.0
2935,2021-06-08,LOM,102289,52008,50281,88279,14010,ITC,ITC4,3,Lombardia,Lombardia,10060574,5255331,52.24,1.02
2936,2021-02-28,LOM,7882,3253,4629,7672,210,ITC,ITC4,3,Lombardia,Lombardia,10060574,5263213,52.32,0.08
2937,2021-04-26,LOM,87936,40923,47013,68778,19158,ITC,ITC4,3,Lombardia,Lombardia,10060574,5351149,53.19,0.87
2938,2021-04-20,LOM,67642,30825,36817,57307,10335,ITC,ITC4,3,Lombardia,Lombardia,10060574,5418791,53.86,0.67
2939,2021-01-10,LOM,10513,3957,6556,10513,0,ITC,ITC4,3,Lombardia,Lombardia,10060574,5429304,53.97,0.1
2940,2021-01-17,LOM,8348,3345,5003,8147,201,ITC,ITC4,3,Lombardia,Lombardia,10060574,5437652,54.05,0.08
2941,2021-06-23,LOM,107650,55754,51896,76529,31121,ITC,ITC4,3,Lombardia,Lombardia,10060574,5545302,55.12,1.07
2942,2021-03-15,LOM,31547,11327,20220,23032,8515,ITC,ITC4,3,Lombardia,Lombardia,10060574,5576849,55.43,0.31
2943,2021-04-27,LOM,85959,39965,45994,69420,16539,ITC,ITC4,3,Lombardia,Lombardia,10060574,5662808,56.29,0.85
2944,2021-03-17,LOM,26253,10493,15760,15254,10999,ITC,ITC4,3,Lombardia,Lombardia,10060574,5689061,56.55,0.26
2945,2021-03-24,LOM,43230,15605,27625,31352,11878,ITC,ITC4,3,Lombardia,Lombardia,10060574,5732291,56.98,0.43
2946,2021-02-09,LOM,12210,3332,8878,4035,8175,ITC,ITC4,3,Lombardia,Lombardia,10060574,5744501,57.1,0.12
2947,2021-03-13,LOM,27168,9768,17400,21079,6089,ITC,ITC4,3,Lombardia,Lombardia,10060574,5771669,57.37,0.27
2948,2021-05-01,LOM,95964,43670,52294,66757,29207,ITC,ITC4,3,Lombardia,Lombardia,10060574,5867633,58.32,0.95
2949,2021-01-21,LOM,5458,1594,3864,4770,688,ITC,ITC4,3,Lombardia,Lombardia,10060574,5873091,58.38,0.05
2950,2021-02-07,LOM,7310,2824,4486,338,6972,ITC,ITC4,3,Lombardia,Lombardia,10060574,5880401,58.45,0.07
2951,2021-01-19,LOM,8052,2329,5723,7584,468,ITC,ITC4,3,Lombardia,Lombardia,10060574,5888453,58.53,0.08
2952,2021-06-22,LOM,108424,56657,51767,79435,28989,ITC,ITC4,3,Lombardia,Lombardia,10060574,5996877,59.61,1.08
2953,2021-06-03,LOM,96955,49637,47318,86188,10767,ITC,ITC4,3,Lombardia,Lombardia,10060574,6093832,60.57,0.96
2954,2021-06-20,LOM,87804,43751,44053,54196,33608,ITC,ITC4,3,Lombardia,Lombardia,10060574,6181636,61.44,0.87
2955,2021-03-12,LOM,35261,12965,22296,25062,10199,ITC,ITC4,3,Lombardia,Lombardia,10060574,6216897,61.79,0.35
2956,2021-03-29,LOM,40036,15537,24499,25205,14831,ITC,ITC4,3,Lombardia,Lombardia,10060574,6256933,62.19,0.4
2957,2021-05-13,LOM,87055,41731,45324,58274,28781,ITC,ITC4,3,Lombardia,Lombardia,10060574,6343988,63.06,0.87
2958,2021-02-02,LOM,19867,6593,13274,497,19370,ITC,ITC4,3,Lombardia,Lombardia,10060574,6363855,63.26,0.2
2959,2021-03-31,LOM,42039,17043,24996,26813,15226,ITC,ITC4,3,Lombardia,Lombardia,10060574,6405894,63.67,0.42
2960,2021-03-10,LOM,33239,12713,20526,25379,7860,ITC,ITC4,3,Lombardia,Lombardia,10060574,6439133,64.0,0.33
2961,2021-05-06,LOM,89788,42180,47608,73324,16464,ITC,ITC4,3,Lombardia,Lombardia,10060574,6528921,64.9,0.89
2962,2021-01-26,LOM,8340,2705,5635,349,7991,ITC,ITC4,3,Lombardia,Lombardia,10060574,6537261,64.98,0.08
2963,2021-04-03,LOM,36236,14859,21377,26149,10087,ITC,ITC4,3,Lombardia,Lombardia,10060574,6573497,65.34,0.36
2964,2021-05-30,LOM,74363,35585,38778,34410,39953,ITC,ITC4,3,Lombardia,Lombardia,10060574,6647860,66.08,0.74
2965,2021-05-23,LOM,60761,28927,31834,26809,33952,ITC,ITC4,3,Lombardia,Lombardia,10060574,6708621,66.68,0.6
2966,2021-02-12,LOM,13959,4364,9595,9025,4934,ITC,ITC4,3,Lombardia,Lombardia,10060574,6722580,66.82,0.14
2967,2021-04-10,LOM,52705,21829,30876,40750,11955,ITC,ITC4,3,Lombardia,Lombardia,10060574,6775285,67.34,0.52
2968,2021-06-06,LOM,89821,46176,43645,80602,9219,ITC,ITC4,3,Lombardia,Lombardia,10060574,6865106,68.24,0.89
2969,2021-01-07,LOM,11757,3635,8122,11757,0,ITC,ITC4,3,Lombardia,Lombardia,10060574,6876863,68.35,0.12
2970,2021-05-11,LOM,86828,41412,45416,60651,26177,ITC,ITC4,3,Lombardia,Lombardia,10060574,6963691,69.22,0.86
2971,2021-05-28,LOM,93462,44801,48661,42927,50535,ITC,ITC4,3,Lombardia,Lombardia,10060574,7057153,70.15,0.93
2972,2021-02-17,LOM,11987,3755,8232,10597,1390,ITC,ITC4,3,Lombardia,Lombardia,10060574,7069140,70.27,0.12
2973,2021-06-11,LOM,100479,51167,49312,85963,14516,ITC,ITC4,3,Lombardia,Lombardia,10060574,7169619,71.26,1.0
2974,2021-04-05,LOM,27377,11694,15683,19274,8103,ITC,ITC4,3,Lombardia,Lombardia,10060574,7196996,71.54,0.27
2975,2021-01-31,LOM,9734,3762,5972,29,9705,ITC,ITC4,3,Lombardia,Lombardia,10060574,7206730,71.63,0.1
2976,2021-05-25,LOM,91065,43580,47485,44624,46441,ITC,ITC4,3,Lombardia,Lombardia,10060574,7297795,72.54,0.91
2977,2021-02-14,LOM,3581,1545,2036,2946,635,ITC,ITC4,3,Lombardia,Lombardia,10060574,7301376,72.57,0.04
2978,2021-01-12,LOM,20219,6698,13521,20219,0,ITC,ITC4,3,Lombardia,Lombardia,10060574,7321595,72.78,0.2
2979,2021-02-19,LOM,14211,5399,8812,13488,723,ITC,ITC4,3,Lombardia,Lombardia,10060574,7335806,72.92,0.14
2980,2021-04-17,LOM,48477,21292,27185,37639,10838,ITC,ITC4,3,Lombardia,Lombardia,10060574,7384283,73.4,0.48
2981,2021-02-26,LOM,18382,7554,10828,16518,1864,ITC,ITC4,3,Lombardia,Lombardia,10060574,7402665,73.58,0.18
2982,2020-12-31,LOM,713,301,412,713,0,ITC,ITC4,3,Lombardia,Lombardia,10060574,7403378,73.59,0.01
2983,2021-05-20,LOM,94372,45615,48757,31848,62524,ITC,ITC4,3,Lombardia,Lombardia,10060574,7497750,74.53,0.94
2984,2021-04-12,LOM,47221,20574,26647,32887,14334,ITC,ITC4,3,Lombardia,Lombardia,10060574,7544971,75.0,0.47
2985,2021-02-21,LOM,5051,1862,3189,5034,17,ITC,ITC4,3,Lombardia,Lombardia,10060574,7550022,75.05,0.05
2986,2021-04-19,LOM,60096,27342,32754,50691,9405,ITC,ITC4,3,Lombardia,Lombardia,10060574,7610118,75.64,0.6
2987,2021-06-15,LOM,95406,48565,46841,49554,45852,ITC,ITC4,3,Lombardia,Lombardia,10060574,7705524,76.59,0.95
2988,2021-05-26,LOM,93548,44615,48933,43584,49964,ITC,ITC4,3,Lombardia,Lombardia,10060574,7799072,77.52,0.93
2989,2021-02-15,LOM,8944,3133,5811,8527,417,ITC,ITC4,3,Lombardia,Lombardia,10060574,7808016,77.61,0.09
2990,2021-03-20,LOM,32578,12158,20420,22730,9848,ITC,ITC4,3,Lombardia,Lombardia,10060574,7840594,77.93,0.32
2991,2020-12-27,LOM,718,414,304,718,0,ITC,ITC4,3,Lombardia,Lombardia,10060574,7841312,77.94,0.01
2992,2021-05-09,LOM,69689,32879,36810,56429,13260,ITC,ITC4,3,Lombardia,Lombardia,10060574,7911001,78.63,0.69
2993,2021-01-29,LOM,13480,4126,9354,685,12795,ITC,ITC4,3,Lombardia,Lombardia,10060574,7924481,78.77,0.13
2994,2021-06-13,LOM,75236,40180,35056,73112,2124,ITC,ITC4,3,Lombardia,Lombardia,10060574,7999717,79.52,0.75
2995,2021-03-05,LOM,28917,11925,16992,20506,8411,ITC,ITC4,3,Lombardia,Lombardia,10060574,8028634,79.8,0.29
2996,2021-03-19,LOM,32421,12913,19508,19224,13197,ITC,ITC4,3,Lombardia,Lombardia,10060574,8061055,80.13,0.32
2997,2021-05-27,LOM,94707,45392,49315,41363,53344,ITC,ITC4,3,Lombardia,Lombardia,10060574,8155762,81.07,0.94
2998,2021-04-24,LOM,75754,33571,42183,54631,21123,ITC,ITC4,3,Lombardia,Lombardia,10060574,8231516,81.82,0.75
2999,2021-01-14,LOM,26905,7801,19104,26905,0,ITC,ITC4,3,Lombardia,Lombardia,10060574,8258421,82.09,0.27
3000,2021-05-08,LOM,87694,40750,46944,65671,22023,ITC,ITC4,3,Lombardia,Lombardia,10060574,8346115,82.96,0.87
3001,2021-04-07,LOM,50573,20915,29658,34767,15806,ITC,ITC4,3,Lombardia,Lombardia,10060574,8396688,83.46,0.5
3002,2021-04-30,LAZ,41343,18313,23030,27139,14204,ITI,ITI4,12,Lazio,Lazio,5879082,41343,0.7,0.7
3003,2021-06-19,LAZ,59949,28021,31928,29703,30246,ITI,ITI4,12,Lazio,Lazio,5879082,101292,1.72,1.02
3004,2021-05-07,LAZ,48194,22594,25600,30452,17742,ITI,ITI4,12,Lazio,Lazio,5879082,149486,2.54,0.82
3005,2021-03-11,LAZ,25255,11862,13393,19025,6230,ITI,ITI4,12,Lazio,Lazio,5879082,174741,2.97,0.43
3006,2021-05-26,LAZ,47443,21787,25656,35353,12090,ITI,ITI4,12,Lazio,Lazio,5879082,222184,3.78,0.81
3007,2021-03-04,LAZ,19408,8714,10694,14390,5018,ITI,ITI4,12,Lazio,Lazio,5879082,241592,4.11,0.33
3008,2021-06-12,LAZ,63719,29019,34700,34382,29337,ITI,ITI4,12,Lazio,Lazio,5879082,305311,5.19,1.08
3009,2021-06-14,LAZ,62474,29282,33192,32408,30066,ITI,ITI4,12,Lazio,Lazio,5879082,367785,6.26,1.06
3010,2021-03-21,LAZ,18226,7162,11064,13175,5051,ITI,ITI4,12,Lazio,Lazio,5879082,386011,6.57,0.31
3011,2020-12-30,LAZ,1630,629,1001,1630,0,ITI,ITI4,12,Lazio,Lazio,5879082,387641,6.59,0.03
3012,2021-04-09,LAZ,27546,12484,15062,19295,8251,ITI,ITI4,12,Lazio,Lazio,5879082,415187,7.06,0.47
3013,2021-03-23,LAZ,25200,11762,13438,18604,6596,ITI,ITI4,12,Lazio,Lazio,5879082,440387,7.49,0.43
3014,2021-02-18,LAZ,10017,4975,5042,9208,809,ITI,ITI4,12,Lazio,Lazio,5879082,450404,7.66,0.17
3015,2021-05-12,LAZ,47516,21558,25958,30894,16622,ITI,ITI4,12,Lazio,Lazio,5879082,497920,8.47,0.81
3016,2021-02-01,LAZ,5675,2177,3498,354,5321,ITI,ITI4,12,Lazio,Lazio,5879082,503595,8.57,0.1
3017,2021-01-13,LAZ,5694,2151,3543,5694,0,ITI,ITI4,12,Lazio,Lazio,5879082,509289,8.66,0.1
3018,2021-04-23,LAZ,37686,18094,19592,22414,15272,ITI,ITI4,12,Lazio,Lazio,5879082,546975,9.3,0.64
3019,2021-05-17,LAZ,44484,20359,24125,35919,8565,ITI,ITI4,12,Lazio,Lazio,5879082,591459,10.06,0.76
3020,2021-02-06,LAZ,6161,2493,3668,840,5321,ITI,ITI4,12,Lazio,Lazio,5879082,597620,10.17,0.1
3021,2021-02-11,LAZ,7001,3013,3988,6467,534,ITI,ITI4,12,Lazio,Lazio,5879082,604621,10.28,0.12
3022,2021-04-11,LAZ,19154,8469,10685,13273,5881,ITI,ITI4,12,Lazio,Lazio,5879082,623775,10.61,0.33
3023,2021-02-13,LAZ,6610,2626,3984,6194,416,ITI,ITI4,12,Lazio,Lazio,5879082,630385,10.72,0.11
3024,2021-04-16,LAZ,34427,15692,18735,22339,12088,ITI,ITI4,12,Lazio,Lazio,5879082,664812,11.31,0.59
3025,2021-01-23,LAZ,7213,2868,4345,584,6629,ITI,ITI4,12,Lazio,Lazio,5879082,672025,11.43,0.12
3026,2021-01-06,LAZ,5124,1962,3162,5124,0,ITI,ITI4,12,Lazio,Lazio,5879082,677149,11.52,0.09
3027,2021-02-25,LAZ,12681,5537,7144,11603,1078,ITI,ITI4,12,Lazio,Lazio,5879082,689830,11.73,0.22
3028,2021-06-05,LAZ,65870,32480,33390,43173,22697,ITI,ITI4,12,Lazio,Lazio,5879082,755700,12.85,1.12
3029,2021-03-30,LAZ,26777,12948,13829,19628,7149,ITI,ITI4,12,Lazio,Lazio,5879082,782477,13.31,0.46
3030,2021-04-18,LAZ,23808,10577,13231,16158,7650,ITI,ITI4,12,Lazio,Lazio,5879082,806285,13.71,0.4
3031,2021-05-19,LAZ,47115,21626,25489,37014,10101,ITI,ITI4,12,Lazio,Lazio,5879082,853400,14.52,0.8
3032,2021-01-04,LAZ,7484,2909,4575,7484,0,ITI,ITI4,12,Lazio,Lazio,5879082,860884,14.64,0.13
3033,2021-06-24,LAZ,48828,22904,25924,22955,25873,ITI,ITI4,12,Lazio,Lazio,5879082,909712,15.47,0.83
3034,2021-06-07,LAZ,62086,28987,33099,32997,29089,ITI,ITI4,12,Lazio,Lazio,5879082,971798,16.53,1.06
3035,2021-03-16,LAZ,13546,5740,7806,7102,6444,ITI,ITI4,12,Lazio,Lazio,5879082,985344,16.76,0.23
3036,2021-03-09,LAZ,21953,9907,12046,16754,5199,ITI,ITI4,12,Lazio,Lazio,5879082,1007297,17.13,0.37
3037,2021-01-11,LAZ,5542,2109,3433,5542,0,ITI,ITI4,12,Lazio,Lazio,5879082,1012839,17.23,0.09
3038,2021-02-20,LAZ,9208,4276,4932,8439,769,ITI,ITI4,12,Lazio,Lazio,5879082,1022047,17.38,0.16
3039,2021-05-31,LAZ,51441,22832,28609,31792,19649,ITI,ITI4,12,Lazio,Lazio,5879082,1073488,18.26,0.87
3040,2021-04-04,LAZ,17535,8106,9429,12269,5266,ITI,ITI4,12,Lazio,Lazio,5879082,1091023,18.56,0.3
3041,2021-02-03,LAZ,6488,2488,4000,964,5524,ITI,ITI4,12,Lazio,Lazio,5879082,1097511,18.67,0.11
3042,2021-01-20,LAZ,4807,1943,2864,3264,1543,ITI,ITI4,12,Lazio,Lazio,5879082,1102318,18.75,0.08
3043,2021-05-14,LAZ,51435,23502,27933,33152,18283,ITI,ITI4,12,Lazio,Lazio,5879082,1153753,19.62,0.87
3044,2021-03-18,LAZ,14225,6078,8147,7834,6391,ITI,ITI4,12,Lazio,Lazio,5879082,1167978,19.87,0.24
3045,2021-01-30,LAZ,7012,2894,4118,807,6205,ITI,ITI4,12,Lazio,Lazio,5879082,1174990,19.99,0.12
3046,2021-01-15,LAZ,6583,2708,3875,6583,0,ITI,ITI4,12,Lazio,Lazio,5879082,1181573,20.1,0.11
3047,2021-04-25,LAZ,24519,11247,13272,16705,7814,ITI,ITI4,12,Lazio,Lazio,5879082,1206092,20.51,0.42
3048,2021-04-06,LAZ,24378,11105,13273,17264,7114,ITI,ITI4,12,Lazio,Lazio,5879082,1230470,20.93,0.41
3049,2020-12-27,LAZ,274,132,142,274,0,ITI,ITI4,12,Lazio,Lazio,5879082,1230744,20.93,0.0
3050,2021-02-15,LAZ,8027,3541,4486,7396,631,ITI,ITI4,12,Lazio,Lazio,5879082,1238771,21.07,0.14
3051,2021-01-29,LAZ,8042,3079,4963,813,7229,ITI,ITI4,12,Lazio,Lazio,5879082,1246813,21.21,0.14
3052,2021-02-17,LAZ,9184,4606,4578,8309,875,ITI,ITI4,12,Lazio,Lazio,5879082,1255997,21.36,0.16
3053,2021-05-28,LAZ,56739,26283,30456,43672,13067,ITI,ITI4,12,Lazio,Lazio,5879082,1312736,22.33,0.97
3054,2021-03-06,LAZ,18360,7085,11275,14103,4257,ITI,ITI4,12,Lazio,Lazio,5879082,1331096,22.64,0.31
3055,2021-05-24,LAZ,43897,20116,23781,34144,9753,ITI,ITI4,12,Lazio,Lazio,5879082,1374993,23.39,0.75
3056,2021-01-03,LAZ,5253,1973,3280,5253,0,ITI,ITI4,12,Lazio,Lazio,5879082,1380246,23.48,0.09
3057,2021-04-13,LAZ,25742,11927,13815,18026,7716,ITI,ITI4,12,Lazio,Lazio,5879082,1405988,23.92,0.44
3058,2021-01-08,LAZ,7729,2895,4834,7729,0,ITI,ITI4,12,Lazio,Lazio,5879082,1413717,24.05,0.13
3059,2021-04-01,LAZ,29614,14022,15592,22473,7141,ITI,ITI4,12,Lazio,Lazio,5879082,1443331,24.55,0.5
3060,2021-06-23,LAZ,61506,28924,32582,28662,32844,ITI,ITI4,12,Lazio,Lazio,5879082,1504837,25.6,1.05
3061,2021-06-21,LAZ,61164,28347,32817,28827,32337,ITI,ITI4,12,Lazio,Lazio,5879082,1566001,26.64,1.04
3062,2021-03-13,LAZ,21750,8683,13067,15856,5894,ITI,ITI4,12,Lazio,Lazio,5879082,1587751,27.01,0.37
3063,2021-02-08,LAZ,9740,4153,5587,4508,5232,ITI,ITI4,12,Lazio,Lazio,5879082,1597491,27.17,0.17
3064,2021-05-02,LAZ,32634,14338,18296,23272,9362,ITI,ITI4,12,Lazio,Lazio,5879082,1630125,27.73,0.56
3065,2021-01-25,LAZ,8111,3246,4865,770,7341,ITI,ITI4,12,Lazio,Lazio,5879082,1638236,27.87,0.14
3066,2021-05-05,LAZ,46771,21457,25314,30948,15823,ITI,ITI4,12,Lazio,Lazio,5879082,1685007,28.66,0.8
3067,2021-03-02,LAZ,17188,7606,9582,13253,3935,ITI,ITI4,12,Lazio,Lazio,5879082,1702195,28.95,0.29
3068,2021-01-18,LAZ,6267,2557,3710,5289,978,ITI,ITI4,12,Lazio,Lazio,5879082,1708462,29.06,0.11
3069,2021-04-28,LAZ,32922,15026,17896,21358,11564,ITI,ITI4,12,Lazio,Lazio,5879082,1741384,29.62,0.56
3070,2021-03-27,LAZ,26304,10645,15659,19831,6473,ITI,ITI4,12,Lazio,Lazio,5879082,1767688,30.07,0.45
3071,2021-05-23,LAZ,47077,22838,24239,39697,7380,ITI,ITI4,12,Lazio,Lazio,5879082,1814765,30.87,0.8
3072,2021-05-09,LAZ,37536,17256,20280,26266,11270,ITI,ITI4,12,Lazio,Lazio,5879082,1852301,31.51,0.64
3073,2021-05-16,LAZ,50925,24519,26406,37441,13484,ITI,ITI4,12,Lazio,Lazio,5879082,1903226,32.37,0.87
3074,2021-03-28,LAZ,19114,7761,11353,13804,5310,ITI,ITI4,12,Lazio,Lazio,5879082,1922340,32.7,0.33
3075,2021-06-09,LAZ,69904,32977,36927,36362,33542,ITI,ITI4,12,Lazio,Lazio,5879082,1992244,33.89,1.19
3076,2021-04-27,LAZ,30705,13860,16845,19858,10847,ITI,ITI4,12,Lazio,Lazio,5879082,2022949,34.41,0.52
3077,2021-03-01,LAZ,17116,7367,9749,13231,3885,ITI,ITI4,12,Lazio,Lazio,5879082,2040065,34.7,0.29
3078,2021-02-22,LAZ,11457,4990,6467,10955,502,ITI,ITI4,12,Lazio,Lazio,5879082,2051522,34.9,0.19
3079,2021-06-02,LAZ,43234,21482,21752,31737,11497,ITI,ITI4,12,Lazio,Lazio,5879082,2094756,35.63,0.74
3080,2021-06-11,LAZ,68993,32350,36643,36857,32136,ITI,ITI4,12,Lazio,Lazio,5879082,2163749,36.8,1.17
3081,2021-03-25,LAZ,28938,13305,15633,22331,6607,ITI,ITI4,12,Lazio,Lazio,5879082,2192687,37.3,0.49
3082,2021-01-27,LAZ,6115,2388,3727,998,5117,ITI,ITI4,12,Lazio,Lazio,5879082,2198802,37.4,0.1
3083,2021-06-01,LAZ,48727,23510,25217,30265,18462,ITI,ITI4,12,Lazio,Lazio,5879082,2247529,38.23,0.83
3084,2021-04-05,LAZ,19844,9063,10781,13663,6181,ITI,ITI4,12,Lazio,Lazio,5879082,2267373,38.57,0.34
3085,2021-05-25,LAZ,47353,22195,25158,35704,11649,ITI,ITI4,12,Lazio,Lazio,5879082,2314726,39.37,0.81
3086,2021-04-12,LAZ,23841,10746,13095,16942,6899,ITI,ITI4,12,Lazio,Lazio,5879082,2338567,39.78,0.41
3087,2021-06-08,LAZ,66242,31540,34702,36527,29715,ITI,ITI4,12,Lazio,Lazio,5879082,2404809,40.9,1.13
3088,2021-03-20,LAZ,19089,7552,11537,13204,5885,ITI,ITI4,12,Lazio,Lazio,5879082,2423898,41.23,0.32
3089,2021-04-08,LAZ,26726,12239,14487,19033,7693,ITI,ITI4,12,Lazio,Lazio,5879082,2450624,41.68,0.45
3090,2021-01-01,LAZ,3554,1382,2172,3554,0,ITI,ITI4,12,Lazio,Lazio,5879082,2454178,41.74,0.06
3091,2021-01-10,LAZ,4043,1702,2341,4043,0,ITI,ITI4,12,Lazio,Lazio,5879082,2458221,41.81,0.07
3092,2021-06-16,LAZ,63911,30577,33334,32240,31671,ITI,ITI4,12,Lazio,Lazio,5879082,2522132,42.9,1.09
3093,2021-04-20,LAZ,31078,14272,16806,19778,11300,ITI,ITI4,12,Lazio,Lazio,5879082,2553210,43.43,0.53
3094,2021-03-08,LAZ,20855,9040,11815,15582,5273,ITI,ITI4,12,Lazio,Lazio,5879082,2574065,43.78,0.35
3095,2021-04-22,LAZ,38862,19223,19639,24250,14612,ITI,ITI4,12,Lazio,Lazio,5879082,2612927,44.44,0.66
3096,2021-03-10,LAZ,23326,10650,12676,17679,5647,ITI,ITI4,12,Lazio,Lazio,5879082,2636253,44.84,0.4
3097,2021-01-12,LAZ,5413,1981,3432,5413,0,ITI,ITI4,12,Lazio,Lazio,5879082,2641666,44.93,0.09
3098,2021-06-18,LAZ,63678,30591,33087,30679,32999,ITI,ITI4,12,Lazio,Lazio,5879082,2705344,46.02,1.08
3099,2021-01-31,LAZ,4460,1854,2606,477,3983,ITI,ITI4,12,Lazio,Lazio,5879082,2709804,46.09,0.08
3100,2021-05-11,LAZ,48245,22154,26091,31726,16519,ITI,ITI4,12,Lazio,Lazio,5879082,2758049,46.91,0.82
3101,2021-04-24,LAZ,33408,15067,18341,20634,12774,ITI,ITI4,12,Lazio,Lazio,5879082,2791457,47.48,0.57
3102,2021-04-15,LAZ,31934,14309,17625,21121,10813,ITI,ITI4,12,Lazio,Lazio,5879082,2823391,48.02,0.54
3103,2021-02-10,LAZ,8188,3399,4789,4849,3339,ITI,ITI4,12,Lazio,Lazio,5879082,2831579,48.16,0.14
3104,2021-05-21,LAZ,51766,24839,26927,37834,13932,ITI,ITI4,12,Lazio,Lazio,5879082,2883345,49.04,0.88
3105,2021-06-04,LAZ,61272,29835,31437,43703,17569,ITI,ITI4,12,Lazio,Lazio,5879082,2944617,50.09,1.04
3106,2021-05-04,LAZ,39854,18335,21519,26345,13509,ITI,ITI4,12,Lazio,Lazio,5879082,2984471,50.76,0.68
3107,2021-02-24,LAZ,12050,5209,6841,11056,994,ITI,ITI4,12,Lazio,Lazio,5879082,2996521,50.97,0.2
3108,2021-03-29,LAZ,25199,11880,13319,18162,7037,ITI,ITI4,12,Lazio,Lazio,5879082,3021720,51.4,0.43
3109,2021-02-12,LAZ,6847,2848,3999,6431,416,ITI,ITI4,12,Lazio,Lazio,5879082,3028567,51.51,0.12
3110,2021-03-22,LAZ,23130,10361,12769,16456,6674,ITI,ITI4,12,Lazio,Lazio,5879082,3051697,51.91,0.39
3111,2020-12-29,LAZ,488,176,312,488,0,ITI,ITI4,12,Lazio,Lazio,5879082,3052185,51.92,0.01
3112,2021-06-13,LAZ,52554,23271,29283,27734,24820,ITI,ITI4,12,Lazio,Lazio,5879082,3104739,52.81,0.89
3113,2021-03-07,LAZ,14133,5466,8667,10540,3593,ITI,ITI4,12,Lazio,Lazio,5879082,3118872,53.05,0.24
3114,2021-06-15,LAZ,65322,31482,33840,33442,31880,ITI,ITI4,12,Lazio,Lazio,5879082,3184194,54.16,1.11
3115,2021-03-24,LAZ,27597,12855,14742,21360,6237,ITI,ITI4,12,Lazio,Lazio,5879082,3211791,54.63,0.47
3116,2021-05-29,LAZ,51876,23303,28573,40949,10927,ITI,ITI4,12,Lazio,Lazio,5879082,3263667,55.51,0.88
3117,2021-05-06,LAZ,48724,22687,26037,31189,17535,ITI,ITI4,12,Lazio,Lazio,5879082,3312391,56.34,0.83
3118,2021-01-17,LAZ,4894,2028,2866,4682,212,ITI,ITI4,12,Lazio,Lazio,5879082,3317285,56.43,0.08
3119,2021-01-19,LAZ,4770,1956,2814,4316,454,ITI,ITI4,12,Lazio,Lazio,5879082,3322055,56.51,0.08
3120,2021-04-29,LAZ,38659,17246,21413,25425,13234,ITI,ITI4,12,Lazio,Lazio,5879082,3360714,57.16,0.66
3121,2021-03-03,LAZ,17836,7853,9983,13542,4294,ITI,ITI4,12,Lazio,Lazio,5879082,3378550,57.47,0.3
3122,2021-01-26,LAZ,7961,3127,4834,725,7236,ITI,ITI4,12,Lazio,Lazio,5879082,3386511,57.6,0.14
3123,2021-04-02,LAZ,29301,14010,15291,21964,7337,ITI,ITI4,12,Lazio,Lazio,5879082,3415812,58.1,0.5
3124,2021-01-28,LAZ,8279,3165,5114,782,7497,ITI,ITI4,12,Lazio,Lazio,5879082,3424091,58.24,0.14
3125,2021-05-08,LAZ,45375,20706,24669,29980,15395,ITI,ITI4,12,Lazio,Lazio,5879082,3469466,59.01,0.77
3126,2021-01-09,LAZ,6298,2562,3736,6298,0,ITI,ITI4,12,Lazio,Lazio,5879082,3475764,59.12,0.11
3127,2021-04-19,LAZ,30100,13680,16420,19421,10679,ITI,ITI4,12,Lazio,Lazio,5879082,3505864,59.63,0.51
3128,2021-02-21,LAZ,6989,3180,3809,6526,463,ITI,ITI4,12,Lazio,Lazio,5879082,3512853,59.75,0.12
3129,2021-03-17,LAZ,13809,5912,7897,7553,6256,ITI,ITI4,12,Lazio,Lazio,5879082,3526662,59.99,0.23
3130,2021-02-04,LAZ,6336,2505,3831,1021,5315,ITI,ITI4,12,Lazio,Lazio,5879082,3532998,60.09,0.11
3131,2021-05-22,LAZ,55066,26971,28095,44396,10670,ITI,ITI4,12,Lazio,Lazio,5879082,3588064,61.03,0.94
3132,2021-05-15,LAZ,57327,27389,29938,40821,16506,ITI,ITI4,12,Lazio,Lazio,5879082,3645391,62.01,0.98
3133,2021-03-19,LAZ,17411,7535,9876,11083,6328,ITI,ITI4,12,Lazio,Lazio,5879082,3662802,62.3,0.3
3134,2021-05-30,LAZ,41174,17620,23554,33822,7352,ITI,ITI4,12,Lazio,Lazio,5879082,3703976,63.0,0.7
3135,2021-05-13,LAZ,50105,22510,27595,32328,17777,ITI,ITI4,12,Lazio,Lazio,5879082,3754081,63.85,0.85
3136,2021-01-14,LAZ,5488,2145,3343,5488,0,ITI,ITI4,12,Lazio,Lazio,5879082,3759569,63.95,0.09
3137,2021-05-10,LAZ,44425,20300,24125,31017,13408,ITI,ITI4,12,Lazio,Lazio,5879082,3803994,64.7,0.76
3138,2021-05-27,LAZ,57928,26891,31037,44247,13681,ITI,ITI4,12,Lazio,Lazio,5879082,3861922,65.69,0.99
3139,2021-03-05,LAZ,19562,8663,10899,14829,4733,ITI,ITI4,12,Lazio,Lazio,5879082,3881484,66.02,0.33
3140,2021-02-16,LAZ,8359,4034,4325,7753,606,ITI,ITI4,12,Lazio,Lazio,5879082,3889843,66.16,0.14
3141,2021-03-26,LAZ,29959,13775,16184,23112,6847,ITI,ITI4,12,Lazio,Lazio,5879082,3919802,66.67,0.51
3142,2020-12-31,LAZ,5293,2121,3172,5293,0,ITI,ITI4,12,Lazio,Lazio,5879082,3925095,66.76,0.09
3143,2021-04-10,LAZ,23917,10405,13512,16728,7189,ITI,ITI4,12,Lazio,Lazio,5879082,3949012,67.17,0.41
3144,2021-02-05,LAZ,7310,2979,4331,1210,6100,ITI,ITI4,12,Lazio,Lazio,5879082,3956322,67.29,0.12
3145,2021-04-03,LAZ,24784,11183,13601,18084,6700,ITI,ITI4,12,Lazio,Lazio,5879082,3981106,67.72,0.42
3146,2021-02-19,LAZ,10043,5078,4965,9212,831,ITI,ITI4,12,Lazio,Lazio,5879082,3991149,67.89,0.17
3147,2021-03-15,LAZ,20805,9706,11099,14062,6743,ITI,ITI4,12,Lazio,Lazio,5879082,4011954,68.24,0.35
3148,2021-01-05,LAZ,7375,2803,4572,7375,0,ITI,ITI4,12,Lazio,Lazio,5879082,4019329,68.37,0.13
3149,2021-01-24,LAZ,5694,2229,3465,612,5082,ITI,ITI4,12,Lazio,Lazio,5879082,4025023,68.46,0.1
3150,2021-02-07,LAZ,4945,2026,2919,388,4557,ITI,ITI4,12,Lazio,Lazio,5879082,4029968,68.55,0.08
3151,2021-05-18,LAZ,44898,20532,24366,35362,9536,ITI,ITI4,12,Lazio,Lazio,5879082,4074866,69.31,0.76
3152,2021-05-03,LAZ,39216,17706,21510,26614,12602,ITI,ITI4,12,Lazio,Lazio,5879082,4114082,69.98,0.67
3153,2021-06-22,LAZ,61637,28361,33276,29006,32631,ITI,ITI4,12,Lazio,Lazio,5879082,4175719,71.03,1.05
3154,2021-03-14,LAZ,17239,6752,10487,12085,5154,ITI,ITI4,12,Lazio,Lazio,5879082,4192958,71.32,0.29
3155,2021-06-17,LAZ,66226,31768,34458,32143,34083,ITI,ITI4,12,Lazio,Lazio,5879082,4259184,72.45,1.13
3156,2021-04-21,LAZ,33029,15009,18020,20656,12373,ITI,ITI4,12,Lazio,Lazio,5879082,4292213,73.01,0.56
3157,2021-06-03,LAZ,56241,28442,27799,38573,17668,ITI,ITI4,12,Lazio,Lazio,5879082,4348454,73.96,0.96
3158,2021-06-10,LAZ,71242,33543,37699,37636,33606,ITI,ITI4,12,Lazio,Lazio,5879082,4419696,75.18,1.21
3159,2021-04-14,LAZ,29294,13275,16019,19171,10123,ITI,ITI4,12,Lazio,Lazio,5879082,4448990,75.67,0.5
3160,2021-04-07,LAZ,25682,11897,13785,18370,7312,ITI,ITI4,12,Lazio,Lazio,5879082,4474672,76.11,0.44
3161,2020-12-28,LAZ,959,412,547,959,0,ITI,ITI4,12,Lazio,Lazio,5879082,4475631,76.13,0.02
3162,2021-01-16,LAZ,5647,2282,3365,5647,0,ITI,ITI4,12,Lazio,Lazio,5879082,4481278,76.22,0.1
3163,2021-04-26,LAZ,29232,13456,15776,20030,9202,ITI,ITI4,12,Lazio,Lazio,5879082,4510510,76.72,0.5
3164,2021-02-02,LAZ,5911,2213,3698,639,5272,ITI,ITI4,12,Lazio,Lazio,5879082,4516421,76.82,0.1
3165,2021-02-14,LAZ,5777,2372,3405,5306,471,ITI,ITI4,12,Lazio,Lazio,5879082,4522198,76.92,0.1
3166,2021-02-28,LAZ,10264,4018,6246,9749,515,ITI,ITI4,12,Lazio,Lazio,5879082,4532462,77.09,0.17
3167,2021-01-02,LAZ,6707,2631,4076,6707,0,ITI,ITI4,12,Lazio,Lazio,5879082,4539169,77.21,0.11
3168,2021-01-22,LAZ,4006,1636,2370,491,3515,ITI,ITI4,12,Lazio,Lazio,5879082,4543175,77.28,0.07
3169,2021-02-27,LAZ,11448,4284,7164,10470,978,ITI,ITI4,12,Lazio,Lazio,5879082,4554623,77.47,0.19
3170,2021-05-20,LAZ,51464,24734,26730,37761,13703,ITI,ITI4,12,Lazio,Lazio,5879082,4606087,78.35,0.88
3171,2021-06-20,LAZ,49224,22419,26805,24333,24891,ITI,ITI4,12,Lazio,Lazio,5879082,4655311,79.18,0.84
3172,2021-06-06,LAZ,57893,27899,29994,35412,22481,ITI,ITI4,12,Lazio,Lazio,5879082,4713204,80.17,0.98
3173,2021-02-26,LAZ,13119,5728,7391,11724,1395,ITI,ITI4,12,Lazio,Lazio,5879082,4726323,80.39,0.22
3174,2021-05-01,LAZ,37951,17082,20869,25988,11963,ITI,ITI4,12,Lazio,Lazio,5879082,4764274,81.04,0.65
3175,2021-04-17,LAZ,32359,14202,18157,20386,11973,ITI,ITI4,12,Lazio,Lazio,5879082,4796633,81.59,0.55
3176,2021-03-12,LAZ,23891,10988,12903,17574,6317,ITI,ITI4,12,Lazio,Lazio,5879082,4820524,81.99,0.41
3177,2021-02-09,LAZ,8802,3770,5032,4581,4221,ITI,ITI4,12,Lazio,Lazio,5879082,4829326,82.14,0.15
3178,2021-02-23,LAZ,11093,4783,6310,10330,763,ITI,ITI4,12,Lazio,Lazio,5879082,4840419,82.33,0.19
3179,2021-01-21,LAZ,5604,2349,3255,551,5053,ITI,ITI4,12,Lazio,Lazio,5879082,4846023,82.43,0.1
3180,2021-03-31,LAZ,27609,13314,14295,20514,7095,ITI,ITI4,12,Lazio,Lazio,5879082,4873632,82.9,0.47
3181,2021-01-07,LAZ,7750,2904,4846,7750,0,ITI,ITI4,12,Lazio,Lazio,5879082,4881382,83.03,0.13
3182,2021-02-10,ABR,947,312,635,503,444,ITF,ITF1,13,Abruzzo,Abruzzo,1304970,947,0.07,0.07
3183,2021-02-03,ABR,2062,717,1345,419,1643,ITF,ITF1,13,Abruzzo,Abruzzo,1304970,3009,0.23,0.16
3184,2021-01-22,ABR,118,57,61,118,0,ITF,ITF1,13,Abruzzo,Abruzzo,1304970,3127,0.24,0.01
3185,2021-01-03,ABR,471,185,286,471,0,ITF,ITF1,13,Abruzzo,Abruzzo,1304970,3598,0.28,0.04
3186,2021-03-27,ABR,6121,2620,3501,3635,2486,ITF,ITF1,13,Abruzzo,Abruzzo,1304970,9719,0.74,0.47
3187,2021-01-05,ABR,1615,604,1011,1615,0,ITF,ITF1,13,Abruzzo,Abruzzo,1304970,11334,0.87,0.12
3188,2021-04-15,ABR,7819,3679,4140,5979,1840,ITF,ITF1,13,Abruzzo,Abruzzo,1304970,19153,1.47,0.6
3189,2021-02-22,ABR,2642,1173,1469,2612,30,ITF,ITF1,13,Abruzzo,Abruzzo,1304970,21795,1.67,0.2
3190,2021-02-05,ABR,1534,521,1013,788,746,ITF,ITF1,13,Abruzzo,Abruzzo,1304970,23329,1.79,0.12
3191,2021-05-16,ABR,9577,4138,5439,5764,3813,ITF,ITF1,13,Abruzzo,Abruzzo,1304970,32906,2.52,0.73
3192,2021-06-04,ABR,15595,7370,8225,10907,4688,ITF,ITF1,13,Abruzzo,Abruzzo,1304970,48501,3.72,1.2
3193,2021-05-18,ABR,12114,5661,6453,7732,4382,ITF,ITF1,13,Abruzzo,Abruzzo,1304970,60615,4.64,0.93
3194,2021-02-24,ABR,3306,1441,1865,3130,176,ITF,ITF1,13,Abruzzo,Abruzzo,1304970,63921,4.9,0.25
3195,2021-05-04,ABR,10748,5049,5699,7132,3616,ITF,ITF1,13,Abruzzo,Abruzzo,1304970,74669,5.72,0.82
3196,2021-03-08,ABR,5147,1693,3454,4177,970,ITF,ITF1,13,Abruzzo,Abruzzo,1304970,79816,6.12,0.39
3197,2021-01-24,ABR,50,22,28,6,44,ITF,ITF1,13,Abruzzo,Abruzzo,1304970,79866,6.12,0.0
3198,2021-03-01,ABR,3478,1385,2093,2727,751,ITF,ITF1,13,Abruzzo,Abruzzo,1304970,83344,6.39,0.27
3199,2021-06-18,ABR,10131,4982,5149,6668,3463,ITF,ITF1,13,Abruzzo,Abruzzo,1304970,93475,7.16,0.78
3200,2021-03-03,ABR,4633,1891,2742,3727,906,ITF,ITF1,13,Abruzzo,Abruzzo,1304970,98108,7.52,0.36
3201,2021-04-08,ABR,7394,3336,4058,5065,2329,ITF,ITF1,13,Abruzzo,Abruzzo,1304970,105502,8.08,0.57
3202,2021-04-22,ABR,6728,3249,3479,4999,1729,ITF,ITF1,13,Abruzzo,Abruzzo,1304970,112230,8.6,0.52
3203,2021-03-22,ABR,4344,1908,2436,2373,1971,ITF,ITF1,13,Abruzzo,Abruzzo,1304970,116574,8.93,0.33
3204,2020-12-27,ABR,37,19,18,37,0,ITF,ITF1,13,Abruzzo,Abruzzo,1304970,116611,8.94,0.0
3205,2021-03-20,ABR,4790,2198,2592,2619,2171,ITF,ITF1,13,Abruzzo,Abruzzo,1304970,121401,9.3,0.37
3206,2021-06-13,ABR,9692,4860,4832,7857,1835,ITF,ITF1,13,Abruzzo,Abruzzo,1304970,131093,10.05,0.74
3207,2021-01-29,ABR,1387,449,938,74,1313,ITF,ITF1,13,Abruzzo,Abruzzo,1304970,132480,10.15,0.11
3208,2021-05-30,ABR,8570,4073,4497,5356,3214,ITF,ITF1,13,Abruzzo,Abruzzo,1304970,141050,10.81,0.66
3209,2021-04-03,ABR,5160,2257,2903,3563,1597,ITF,ITF1,13,Abruzzo,Abruzzo,1304970,146210,11.2,0.4
3210,2021-02-12,ABR,1229,568,661,1039,190,ITF,ITF1,13,Abruzzo,Abruzzo,1304970,147439,11.3,0.09
3211,2021-05-23,ABR,9881,4696,5185,7189,2692,ITF,ITF1,13,Abruzzo,Abruzzo,1304970,157320,12.06,0.76
3212,2021-06-06,ABR,11021,5255,5766,8831,2190,ITF,ITF1,13,Abruzzo,Abruzzo,1304970,168341,12.9,0.84
3213,2021-04-10,ABR,8773,4057,4716,6265,2508,ITF,ITF1,13,Abruzzo,Abruzzo,1304970,177114,13.57,0.67
3214,2021-01-10,ABR,1139,409,730,1139,0,ITF,ITF1,13,Abruzzo,Abruzzo,1304970,178253,13.66,0.09
3215,2021-04-29,ABR,12672,5850,6822,9577,3095,ITF,ITF1,13,Abruzzo,Abruzzo,1304970,190925,14.63,0.97
3216,2021-01-15,ABR,379,149,230,379,0,ITF,ITF1,13,Abruzzo,Abruzzo,1304970,191304,14.66,0.03
3217,2021-04-27,ABR,9083,4368,4715,6616,2467,ITF,ITF1,13,Abruzzo,Abruzzo,1304970,200387,15.36,0.7
3218,2021-03-15,ABR,3686,1450,2236,1877,1809,ITF,ITF1,13,Abruzzo,Abruzzo,1304970,204073,15.64,0.28
3219,2021-01-17,ABR,188,59,129,181,7,ITF,ITF1,13,Abruzzo,Abruzzo,1304970,204261,15.65,0.01
3220,2021-06-23,ABR,10824,5206,5618,5534,5290,ITF,ITF1,13,Abruzzo,Abruzzo,1304970,215085,16.48,0.83
3221,2021-02-28,ABR,1702,508,1194,1700,2,ITF,ITF1,13,Abruzzo,Abruzzo,1304970,216787,16.61,0.13
3222,2021-01-02,ABR,552,220,332,552,0,ITF,ITF1,13,Abruzzo,Abruzzo,1304970,217339,16.65,0.04
3223,2021-06-08,ABR,12639,6497,6142,10442,2197,ITF,ITF1,13,Abruzzo,Abruzzo,1304970,229978,17.62,0.97
3224,2021-04-26,ABR,8561,4065,4496,7347,1214,ITF,ITF1,13,Abruzzo,Abruzzo,1304970,238539,18.28,0.66
3225,2021-06-01,ABR,10995,4880,6115,6629,4366,ITF,ITF1,13,Abruzzo,Abruzzo,1304970,249534,19.12,0.84
3226,2021-04-19,ABR,6227,2858,3369,3855,2372,ITF,ITF1,13,Abruzzo,Abruzzo,1304970,255761,19.6,0.48
3227,2021-02-21,ABR,1218,550,668,1217,1,ITF,ITF1,13,Abruzzo,Abruzzo,1304970,256979,19.69,0.09
3228,2021-06-15,ABR,11105,5475,5630,8687,2418,ITF,ITF1,13,Abruzzo,Abruzzo,1304970,268084,20.54,0.85
3229,2021-01-19,ABR,111,55,56,91,20,ITF,ITF1,13,Abruzzo,Abruzzo,1304970,268195,20.55,0.01
3230,2021-02-07,ABR,778,307,471,201,577,ITF,ITF1,13,Abruzzo,Abruzzo,1304970,268973,20.61,0.06
3231,2021-01-21,ABR,157,47,110,157,0,ITF,ITF1,13,Abruzzo,Abruzzo,1304970,269130,20.62,0.01
3232,2021-05-01,ABR,10734,5042,5692,5760,4974,ITF,ITF1,13,Abruzzo,Abruzzo,1304970,279864,21.45,0.82
3233,2021-05-20,ABR,12744,5900,6844,7487,5257,ITF,ITF1,13,Abruzzo,Abruzzo,1304970,292608,22.42,0.98
3234,2021-06-22,ABR,10246,4804,5442,5402,4844,ITF,ITF1,13,Abruzzo,Abruzzo,1304970,302854,23.21,0.79
3235,2021-02-02,ABR,1763,668,1095,222,1541,ITF,ITF1,13,Abruzzo,Abruzzo,1304970,304617,23.34,0.14
3236,2021-05-13,ABR,11147,5042,6105,7188,3959,ITF,ITF1,13,Abruzzo,Abruzzo,1304970,315764,24.2,0.85
3237,2021-03-31,ABR,6714,2939,3775,4645,2069,ITF,ITF1,13,Abruzzo,Abruzzo,1304970,322478,24.71,0.51
3238,2021-05-15,ABR,11438,5180,6258,6128,5310,ITF,ITF1,13,Abruzzo,Abruzzo,1304970,333916,25.59,0.88
3239,2021-02-17,ABR,2071,948,1123,1789,282,ITF,ITF1,13,Abruzzo,Abruzzo,1304970,335987,25.75,0.16
3240,2021-06-11,ABR,11543,5751,5792,8797,2746,ITF,ITF1,13,Abruzzo,Abruzzo,1304970,347530,26.63,0.88
3241,2021-05-11,ABR,10754,5114,5640,5909,4845,ITF,ITF1,13,Abruzzo,Abruzzo,1304970,358284,27.46,0.82
3242,2021-04-05,ABR,2693,1147,1546,1813,880,ITF,ITF1,13,Abruzzo,Abruzzo,1304970,360977,27.66,0.21
3243,2021-05-27,ABR,13180,6022,7158,8358,4822,ITF,ITF1,13,Abruzzo,Abruzzo,1304970,374157,28.67,1.01
3244,2021-03-19,ABR,5794,2584,3210,2774,3020,ITF,ITF1,13,Abruzzo,Abruzzo,1304970,379951,29.12,0.44
3245,2021-03-05,ABR,5349,1958,3391,4652,697,ITF,ITF1,13,Abruzzo,Abruzzo,1304970,385300,29.53,0.41
3246,2021-04-07,ABR,7223,3333,3890,4439,2784,ITF,ITF1,13,Abruzzo,Abruzzo,1304970,392523,30.08,0.55
3247,2021-04-17,ABR,7347,3398,3949,4294,3053,ITF,ITF1,13,Abruzzo,Abruzzo,1304970,399870,30.64,0.56
3248,2021-02-19,ABR,3301,1551,1750,3201,100,ITF,ITF1,13,Abruzzo,Abruzzo,1304970,403171,30.9,0.25
3249,2021-01-07,ABR,1604,553,1051,1604,0,ITF,ITF1,13,Abruzzo,Abruzzo,1304970,404775,31.02,0.12
3250,2021-03-17,ABR,4539,1873,2666,2799,1740,ITF,ITF1,13,Abruzzo,Abruzzo,1304970,409314,31.37,0.35
3251,2021-03-24,ABR,6384,2784,3600,4133,2251,ITF,ITF1,13,Abruzzo,Abruzzo,1304970,415698,31.85,0.49
3252,2021-02-09,ABR,909,312,597,500,409,ITF,ITF1,13,Abruzzo,Abruzzo,1304970,416607,31.92,0.07
3253,2021-04-12,ABR,6206,2943,3263,5032,1174,ITF,ITF1,13,Abruzzo,Abruzzo,1304970,422813,32.4,0.48
3254,2021-01-16,ABR,933,430,503,933,0,ITF,ITF1,13,Abruzzo,Abruzzo,1304970,423746,32.47,0.07
3255,2021-03-07,ABR,2522,630,1892,2522,0,ITF,ITF1,13,Abruzzo,Abruzzo,1304970,426268,32.66,0.19
3256,2021-01-09,ABR,1484,566,918,1484,0,ITF,ITF1,13,Abruzzo,Abruzzo,1304970,427752,32.78,0.11
3257,2021-06-19,ABR,10310,5080,5230,6481,3829,ITF,ITF1,13,Abruzzo,Abruzzo,1304970,438062,33.57,0.79
3258,2021-03-28,ABR,2415,1015,1400,2044,371,ITF,ITF1,13,Abruzzo,Abruzzo,1304970,440477,33.75,0.19
3259,2021-04-14,ABR,6593,2948,3645,4475,2118,ITF,ITF1,13,Abruzzo,Abruzzo,1304970,447070,34.26,0.51
3260,2021-01-04,ABR,1403,576,827,1403,0,ITF,ITF1,13,Abruzzo,Abruzzo,1304970,448473,34.37,0.11
3261,2021-01-23,ABR,264,115,149,57,207,ITF,ITF1,13,Abruzzo,Abruzzo,1304970,448737,34.39,0.02
3262,2021-03-10,ABR,5046,1682,3364,4090,956,ITF,ITF1,13,Abruzzo,Abruzzo,1304970,453783,34.77,0.39
3263,2021-01-26,ABR,1542,567,975,30,1512,ITF,ITF1,13,Abruzzo,Abruzzo,1304970,455325,34.89,0.12
3264,2021-05-06,ABR,13006,6088,6918,7980,5026,ITF,ITF1,13,Abruzzo,Abruzzo,1304970,468331,35.89,1.0
3265,2021-04-09,ABR,8879,4202,4677,6340,2539,ITF,ITF1,13,Abruzzo,Abruzzo,1304970,477210,36.57,0.68
3266,2021-04-02,ABR,6697,3102,3595,5208,1489,ITF,ITF1,13,Abruzzo,Abruzzo,1304970,483907,37.08,0.51
3267,2021-02-04,ABR,1681,615,1066,610,1071,ITF,ITF1,13,Abruzzo,Abruzzo,1304970,485588,37.21,0.13
3268,2021-03-29,ABR,5708,2599,3109,3069,2639,ITF,ITF1,13,Abruzzo,Abruzzo,1304970,491296,37.65,0.44
3269,2021-06-03,ABR,13182,6283,6899,9409,3773,ITF,ITF1,13,Abruzzo,Abruzzo,1304970,504478,38.66,1.01
3270,2021-03-12,ABR,6017,1987,4030,4434,1583,ITF,ITF1,13,Abruzzo,Abruzzo,1304970,510495,39.12,0.46
3271,2021-06-20,ABR,8317,4179,4138,5390,2927,ITF,ITF1,13,Abruzzo,Abruzzo,1304970,518812,39.76,0.64
3272,2021-03-14,ABR,1873,731,1142,1207,666,ITF,ITF1,13,Abruzzo,Abruzzo,1304970,520685,39.9,0.14
3273,2021-02-25,ABR,3051,1339,1712,2523,528,ITF,ITF1,13,Abruzzo,Abruzzo,1304970,523736,40.13,0.23
3274,2021-06-05,ABR,14580,6842,7738,10531,4049,ITF,ITF1,13,Abruzzo,Abruzzo,1304970,538316,41.25,1.12
3275,2021-01-12,ABR,1805,667,1138,1805,0,ITF,ITF1,13,Abruzzo,Abruzzo,1304970,540121,41.39,0.14
3276,2021-05-25,ABR,11421,5325,6096,8284,3137,ITF,ITF1,13,Abruzzo,Abruzzo,1304970,551542,42.26,0.88
3277,2021-01-31,ABR,1521,493,1028,288,1233,ITF,ITF1,13,Abruzzo,Abruzzo,1304970,553063,42.38,0.12
3278,2021-05-10,ABR,10103,4781,5322,5455,4648,ITF,ITF1,13,Abruzzo,Abruzzo,1304970,563166,43.16,0.77
3279,2021-04-23,ABR,7382,3388,3994,5080,2302,ITF,ITF1,13,Abruzzo,Abruzzo,1304970,570548,43.72,0.57
3280,2021-01-30,ABR,1511,568,943,69,1442,ITF,ITF1,13,Abruzzo,Abruzzo,1304970,572059,43.84,0.12
3281,2021-02-26,ABR,3923,1679,2244,2955,968,ITF,ITF1,13,Abruzzo,Abruzzo,1304970,575982,44.14,0.3
3282,2021-01-18,ABR,125,51,74,46,79,ITF,ITF1,13,Abruzzo,Abruzzo,1304970,576107,44.15,0.01
3283,2021-06-24,ABR,6854,3432,3422,3535,3319,ITF,ITF1,13,Abruzzo,Abruzzo,1304970,582961,44.67,0.53
3284,2021-04-28,ABR,9513,4587,4926,7490,2023,ITF,ITF1,13,Abruzzo,Abruzzo,1304970,592474,45.4,0.73
3285,2021-05-12,ABR,9630,4600,5030,6050,3580,ITF,ITF1,13,Abruzzo,Abruzzo,1304970,602104,46.14,0.74
3286,2021-05-03,ABR,11107,5238,5869,7263,3844,ITF,ITF1,13,Abruzzo,Abruzzo,1304970,613211,46.99,0.85
3287,2021-04-16,ABR,7538,3489,4049,5621,1917,ITF,ITF1,13,Abruzzo,Abruzzo,1304970,620749,47.57,0.58
3288,2021-03-11,ABR,5495,2220,3275,4357,1138,ITF,ITF1,13,Abruzzo,Abruzzo,1304970,626244,47.99,0.42
3289,2021-06-02,ABR,9707,4707,5000,6895,2812,ITF,ITF1,13,Abruzzo,Abruzzo,1304970,635951,48.73,0.74
3290,2021-03-13,ABR,4124,1420,2704,3081,1043,ITF,ITF1,13,Abruzzo,Abruzzo,1304970,640075,49.05,0.32
3291,2021-06-21,ABR,10968,5358,5610,4998,5970,ITF,ITF1,13,Abruzzo,Abruzzo,1304970,651043,49.89,0.84
3292,2021-02-11,ABR,816,262,554,773,43,ITF,ITF1,13,Abruzzo,Abruzzo,1304970,651859,49.95,0.06
3293,2021-05-24,ABR,12264,5855,6409,8913,3351,ITF,ITF1,13,Abruzzo,Abruzzo,1304970,664123,50.89,0.94
3294,2021-02-18,ABR,2288,933,1355,2158,130,ITF,ITF1,13,Abruzzo,Abruzzo,1304970,666411,51.07,0.18
3295,2021-05-29,ABR,10317,4429,5888,4544,5773,ITF,ITF1,13,Abruzzo,Abruzzo,1304970,676728,51.86,0.79
3296,2021-05-22,ABR,13094,6364,6730,8199,4895,ITF,ITF1,13,Abruzzo,Abruzzo,1304970,689822,52.86,1.0
3297,2021-03-26,ABR,5355,2311,3044,3280,2075,ITF,ITF1,13,Abruzzo,Abruzzo,1304970,695177,53.27,0.41
3298,2021-05-31,ABR,11297,5103,6194,6954,4343,ITF,ITF1,13,Abruzzo,Abruzzo,1304970,706474,54.14,0.87
3299,2021-04-20,ABR,5591,2691,2900,4181,1410,ITF,ITF1,13,Abruzzo,Abruzzo,1304970,712065,54.57,0.43
3300,2021-04-25,ABR,9065,4621,4444,8255,810,ITF,ITF1,13,Abruzzo,Abruzzo,1304970,721130,55.26,0.69
3301,2021-05-07,ABR,12194,5707,6487,7776,4418,ITF,ITF1,13,Abruzzo,Abruzzo,1304970,733324,56.19,0.93
3302,2021-03-25,ABR,5793,2662,3131,3177,2616,ITF,ITF1,13,Abruzzo,Abruzzo,1304970,739117,56.64,0.44
3303,2021-01-27,ABR,1364,515,849,39,1325,ITF,ITF1,13,Abruzzo,Abruzzo,1304970,740481,56.74,0.1
3304,2021-04-04,ABR,1631,767,864,1502,129,ITF,ITF1,13,Abruzzo,Abruzzo,1304970,742112,56.87,0.12
3305,2021-06-16,ABR,10707,5355,5352,8047,2660,ITF,ITF1,13,Abruzzo,Abruzzo,1304970,752819,57.69,0.82
3306,2021-02-27,ABR,2812,1338,1474,2546,266,ITF,ITF1,13,Abruzzo,Abruzzo,1304970,755631,57.9,0.22
3307,2021-06-07,ABR,10992,5241,5751,9176,1816,ITF,ITF1,13,Abruzzo,Abruzzo,1304970,766623,58.75,0.84
3308,2021-04-11,ABR,5330,2606,2724,4847,483,ITF,ITF1,13,Abruzzo,Abruzzo,1304970,771953,59.15,0.41
3309,2021-06-09,ABR,11361,5992,5369,9683,1678,ITF,ITF1,13,Abruzzo,Abruzzo,1304970,783314,60.03,0.87
3310,2021-03-06,ABR,4177,1358,2819,3607,570,ITF,ITF1,13,Abruzzo,Abruzzo,1304970,787491,60.35,0.32
3311,2021-05-17,ABR,11033,5037,5996,6179,4854,ITF,ITF1,13,Abruzzo,Abruzzo,1304970,798524,61.19,0.85
3312,2021-02-23,ABR,2781,1274,1507,2770,11,ITF,ITF1,13,Abruzzo,Abruzzo,1304970,801305,61.4,0.21
3313,2021-02-06,ABR,1610,743,867,602,1008,ITF,ITF1,13,Abruzzo,Abruzzo,1304970,802915,61.53,0.12
3314,2021-02-08,ABR,1194,395,799,486,708,ITF,ITF1,13,Abruzzo,Abruzzo,1304970,804109,61.62,0.09
3315,2021-05-19,ABR,10693,5111,5582,7654,3039,ITF,ITF1,13,Abruzzo,Abruzzo,1304970,814802,62.44,0.82
3316,2021-03-30,ABR,5129,2262,2867,3307,1822,ITF,ITF1,13,Abruzzo,Abruzzo,1304970,819931,62.83,0.39
3317,2021-01-06,ABR,1831,664,1167,1831,0,ITF,ITF1,13,Abruzzo,Abruzzo,1304970,821762,62.97,0.14
3318,2021-01-08,ABR,1525,507,1018,1525,0,ITF,ITF1,13,Abruzzo,Abruzzo,1304970,823287,63.09,0.12
3319,2021-04-18,ABR,5814,2728,3086,4871,943,ITF,ITF1,13,Abruzzo,Abruzzo,1304970,829101,63.53,0.45
3320,2021-02-20,ABR,4775,1842,2933,4699,76,ITF,ITF1,13,Abruzzo,Abruzzo,1304970,833876,63.9,0.37
3321,2021-03-16,ABR,3485,1452,2033,1831,1654,ITF,ITF1,13,Abruzzo,Abruzzo,1304970,837361,64.17,0.27
3322,2021-05-05,ABR,11654,5585,6069,6449,5205,ITF,ITF1,13,Abruzzo,Abruzzo,1304970,849015,65.06,0.89
3323,2021-03-09,ABR,5176,1804,3372,4238,938,ITF,ITF1,13,Abruzzo,Abruzzo,1304970,854191,65.46,0.4
3324,2021-06-17,ABR,10744,5380,5364,7301,3443,ITF,ITF1,13,Abruzzo,Abruzzo,1304970,864935,66.28,0.82
3325,2021-03-21,ABR,2134,914,1220,844,1290,ITF,ITF1,13,Abruzzo,Abruzzo,1304970,867069,66.44,0.16
3326,2021-06-12,ABR,11244,5817,5427,9892,1352,ITF,ITF1,13,Abruzzo,Abruzzo,1304970,878313,67.31,0.86
3327,2021-01-13,ABR,1257,441,816,1257,0,ITF,ITF1,13,Abruzzo,Abruzzo,1304970,879570,67.4,0.1
3328,2021-02-13,ABR,854,385,469,438,416,ITF,ITF1,13,Abruzzo,Abruzzo,1304970,880424,67.47,0.07
3329,2021-03-04,ABR,5936,2360,3576,5014,922,ITF,ITF1,13,Abruzzo,Abruzzo,1304970,886360,67.92,0.45
3330,2021-05-28,ABR,13990,6297,7693,7638,6352,ITF,ITF1,13,Abruzzo,Abruzzo,1304970,900350,68.99,1.07
3331,2021-02-01,ABR,1632,573,1059,271,1361,ITF,ITF1,13,Abruzzo,Abruzzo,1304970,901982,69.12,0.13
3332,2021-03-23,ABR,4832,2187,2645,2266,2566,ITF,ITF1,13,Abruzzo,Abruzzo,1304970,906814,69.49,0.37
3333,2021-01-25,ABR,1604,632,972,17,1587,ITF,ITF1,13,Abruzzo,Abruzzo,1304970,908418,69.61,0.12
3334,2021-04-30,ABR,12417,5822,6595,6700,5717,ITF,ITF1,13,Abruzzo,Abruzzo,1304970,920835,70.56,0.95
3335,2021-04-13,ABR,5855,2739,3116,4655,1200,ITF,ITF1,13,Abruzzo,Abruzzo,1304970,926690,71.01,0.45
3336,2021-01-20,ABR,447,156,291,445,2,ITF,ITF1,13,Abruzzo,Abruzzo,1304970,927137,71.05,0.03
3337,2021-05-02,ABR,10452,5106,5346,5227,5225,ITF,ITF1,13,Abruzzo,Abruzzo,1304970,937589,71.85,0.8
3338,2021-05-21,ABR,13017,6326,6691,8036,4981,ITF,ITF1,13,Abruzzo,Abruzzo,1304970,950606,72.85,1.0
3339,2021-03-18,ABR,3896,1651,2245,2065,1831,ITF,ITF1,13,Abruzzo,Abruzzo,1304970,954502,73.14,0.3
3340,2021-05-14,ABR,10595,5070,5525,5446,5149,ITF,ITF1,13,Abruzzo,Abruzzo,1304970,965097,73.96,0.81
3341,2021-04-01,ABR,5593,2505,3088,3506,2087,ITF,ITF1,13,Abruzzo,Abruzzo,1304970,970690,74.38,0.43
3342,2021-05-08,ABR,10292,4871,5421,6460,3832,ITF,ITF1,13,Abruzzo,Abruzzo,1304970,980982,75.17,0.79
3343,2021-04-24,ABR,8726,3976,4750,7196,1530,ITF,ITF1,13,Abruzzo,Abruzzo,1304970,989708,75.84,0.67
3344,2021-01-14,ABR,530,189,341,530,0,ITF,ITF1,13,Abruzzo,Abruzzo,1304970,990238,75.88,0.04
3345,2021-02-16,ABR,1919,843,1076,1907,12,ITF,ITF1,13,Abruzzo,Abruzzo,1304970,992157,76.03,0.15
3346,2021-03-02,ABR,3962,1675,2287,3278,684,ITF,ITF1,13,Abruzzo,Abruzzo,1304970,996119,76.33,0.3
3347,2021-06-10,ABR,12499,6221,6278,10338,2161,ITF,ITF1,13,Abruzzo,Abruzzo,1304970,1008618,77.29,0.96
3348,2021-01-28,ABR,1433,495,938,12,1421,ITF,ITF1,13,Abruzzo,Abruzzo,1304970,1010051,77.4,0.11
3349,2021-01-11,ABR,1553,557,996,1553,0,ITF,ITF1,13,Abruzzo,Abruzzo,1304970,1011604,77.52,0.12
3350,2021-04-21,ABR,6388,3100,3288,4714,1674,ITF,ITF1,13,Abruzzo,Abruzzo,1304970,1017992,78.01,0.49
3351,2021-04-06,ABR,7679,3579,4100,5361,2318,ITF,ITF1,13,Abruzzo,Abruzzo,1304970,1025671,78.6,0.59
3352,2021-05-09,ABR,9153,4088,5065,4283,4870,ITF,ITF1,13,Abruzzo,Abruzzo,1304970,1034824,79.3,0.7
3353,2021-02-15,ABR,1794,831,963,1752,42,ITF,ITF1,13,Abruzzo,Abruzzo,1304970,1036618,79.44,0.14
3354,2021-05-26,ABR,13551,6040,7511,8553,4998,ITF,ITF1,13,Abruzzo,Abruzzo,1304970,1050169,80.47,1.04
3355,2021-06-14,ABR,10859,5372,5487,7491,3368,ITF,ITF1,13,Abruzzo,Abruzzo,1304970,1061028,81.31,0.83
3356,2021-01-24,PAB,12,10,2,0,12,ITH,ITH1,4,Provincia Autonoma Bolzano / Bozen,P.A. Bolzano,533050,12,0.0,0.0
3357,2021-04-24,PAB,5104,2449,2655,4619,485,ITH,ITH1,4,Provincia Autonoma Bolzano / Bozen,P.A. Bolzano,533050,5116,0.96,0.96
3358,2021-04-05,PAB,301,144,157,23,278,ITH,ITH1,4,Provincia Autonoma Bolzano / Bozen,P.A. Bolzano,533050,5417,1.02,0.06
3359,2021-01-12,PAB,1709,459,1250,1709,0,ITH,ITH1,4,Provincia Autonoma Bolzano / Bozen,P.A. Bolzano,533050,7126,1.34,0.32
3360,2021-03-22,PAB,1144,523,621,1139,5,ITH,ITH1,4,Provincia Autonoma Bolzano / Bozen,P.A. Bolzano,533050,8270,1.55,0.21
3361,2021-03-05,PAB,1839,625,1214,1397,442,ITH,ITH1,4,Provincia Autonoma Bolzano / Bozen,P.A. Bolzano,533050,10109,1.9,0.34
3362,2021-05-27,PAB,6085,3200,2885,4075,2010,ITH,ITH1,4,Provincia Autonoma Bolzano / Bozen,P.A. Bolzano,533050,16194,3.04,1.14
3363,2021-06-13,PAB,3618,2018,1600,427,3191,ITH,ITH1,4,Provincia Autonoma Bolzano / Bozen,P.A. Bolzano,533050,19812,3.72,0.68
3364,2021-05-25,PAB,3837,1990,1847,2952,885,ITH,ITH1,4,Provincia Autonoma Bolzano / Bozen,P.A. Bolzano,533050,23649,4.44,0.72
3365,2021-06-06,PAB,4530,2176,2354,855,3675,ITH,ITH1,4,Provincia Autonoma Bolzano / Bozen,P.A. Bolzano,533050,28179,5.29,0.85
3366,2021-02-26,PAB,1526,551,975,1496,30,ITH,ITH1,4,Provincia Autonoma Bolzano / Bozen,P.A. Bolzano,533050,29705,5.57,0.29
3367,2021-06-01,PAB,3557,2316,1241,2085,1472,ITH,ITH1,4,Provincia Autonoma Bolzano / Bozen,P.A. Bolzano,533050,33262,6.24,0.67
3368,2021-02-19,PAB,2252,512,1740,2241,11,ITH,ITH1,4,Provincia Autonoma Bolzano / Bozen,P.A. Bolzano,533050,35514,6.66,0.42
3369,2021-06-20,PAB,4945,2688,2257,361,4584,ITH,ITH1,4,Provincia Autonoma Bolzano / Bozen,P.A. Bolzano,533050,40459,7.59,0.93
3370,2021-02-07,PAB,2362,1058,1304,14,2348,ITH,ITH1,4,Provincia Autonoma Bolzano / Bozen,P.A. Bolzano,533050,42821,8.03,0.44
3371,2021-05-18,PAB,3342,1753,1589,2156,1186,ITH,ITH1,4,Provincia Autonoma Bolzano / Bozen,P.A. Bolzano,533050,46163,8.66,0.63
3372,2021-05-20,PAB,4723,2334,2389,3254,1469,ITH,ITH1,4,Provincia Autonoma Bolzano / Bozen,P.A. Bolzano,533050,50886,9.55,0.89
3373,2021-03-31,PAB,1832,694,1138,821,1011,ITH,ITH1,4,Provincia Autonoma Bolzano / Bozen,P.A. Bolzano,533050,52718,9.89,0.34
3374,2021-01-26,PAB,810,291,519,1,809,ITH,ITH1,4,Provincia Autonoma Bolzano / Bozen,P.A. Bolzano,533050,53528,10.04,0.15
3375,2021-03-24,PAB,2063,998,1065,2050,13,ITH,ITH1,4,Provincia Autonoma Bolzano / Bozen,P.A. Bolzano,533050,55591,10.43,0.39
3376,2021-03-10,PAB,1268,529,739,1125,143,ITH,ITH1,4,Provincia Autonoma Bolzano / Bozen,P.A. Bolzano,533050,56859,10.67,0.24
3377,2021-05-06,PAB,5181,2747,2434,2613,2568,ITH,ITH1,4,Provincia Autonoma Bolzano / Bozen,P.A. Bolzano,533050,62040,11.64,0.97
3378,2021-03-17,PAB,581,213,368,580,1,ITH,ITH1,4,Provincia Autonoma Bolzano / Bozen,P.A. Bolzano,533050,62621,11.75,0.11
3379,2021-05-13,PAB,2994,1355,1639,1064,1930,ITH,ITH1,4,Provincia Autonoma Bolzano / Bozen,P.A. Bolzano,533050,65615,12.31,0.56
3380,2021-02-12,PAB,730,217,513,482,248,ITH,ITH1,4,Provincia Autonoma Bolzano / Bozen,P.A. Bolzano,533050,66345,12.45,0.14
3381,2021-04-10,PAB,5391,2664,2727,4803,588,ITH,ITH1,4,Provincia Autonoma Bolzano / Bozen,P.A. Bolzano,533050,71736,13.46,1.01
3382,2020-12-31,PAB,913,519,394,913,0,ITH,ITH1,4,Provincia Autonoma Bolzano / Bozen,P.A. Bolzano,533050,72649,13.63,0.17
3383,2021-04-19,PAB,1871,858,1013,1689,182,ITH,ITH1,4,Provincia Autonoma Bolzano / Bozen,P.A. Bolzano,533050,74520,13.98,0.35
3384,2021-06-15,PAB,1405,819,586,468,937,ITH,ITH1,4,Provincia Autonoma Bolzano / Bozen,P.A. Bolzano,533050,75925,14.24,0.26
3385,2021-04-17,PAB,5233,2599,2634,5189,44,ITH,ITH1,4,Provincia Autonoma Bolzano / Bozen,P.A. Bolzano,533050,81158,15.23,0.98
3386,2021-01-07,PAB,918,327,591,918,0,ITH,ITH1,4,Provincia Autonoma Bolzano / Bozen,P.A. Bolzano,533050,82076,15.4,0.17
3387,2021-05-15,PAB,7000,3687,3313,6705,295,ITH,ITH1,4,Provincia Autonoma Bolzano / Bozen,P.A. Bolzano,533050,89076,16.71,1.31
3388,2021-02-04,PAB,1958,593,1365,8,1950,ITH,ITH1,4,Provincia Autonoma Bolzano / Bozen,P.A. Bolzano,533050,91034,17.08,0.37
3389,2021-04-02,PAB,2077,837,1240,720,1357,ITH,ITH1,4,Provincia Autonoma Bolzano / Bozen,P.A. Bolzano,533050,93111,17.47,0.39
3390,2021-05-29,PAB,7134,3768,3366,3994,3140,ITH,ITH1,4,Provincia Autonoma Bolzano / Bozen,P.A. Bolzano,533050,100245,18.81,1.34
3391,2021-02-14,PAB,297,130,167,297,0,ITH,ITH1,4,Provincia Autonoma Bolzano / Bozen,P.A. Bolzano,533050,100542,18.86,0.06
3392,2021-05-08,PAB,4427,2382,2045,3764,663,ITH,ITH1,4,Provincia Autonoma Bolzano / Bozen,P.A. Bolzano,533050,104969,19.69,0.83
3393,2021-03-03,PAB,1179,393,786,1166,13,ITH,ITH1,4,Provincia Autonoma Bolzano / Bozen,P.A. Bolzano,533050,106148,19.91,0.22
3394,2021-05-10,PAB,3018,1300,1718,1413,1605,ITH,ITH1,4,Provincia Autonoma Bolzano / Bozen,P.A. Bolzano,533050,109166,20.48,0.57
3395,2021-03-21,PAB,768,285,483,14,754,ITH,ITH1,4,Provincia Autonoma Bolzano / Bozen,P.A. Bolzano,533050,109934,20.62,0.14
3396,2021-06-12,PAB,4906,2659,2247,1619,3287,ITH,ITH1,4,Provincia Autonoma Bolzano / Bozen,P.A. Bolzano,533050,114840,21.54,0.92
3397,2021-01-14,PAB,1946,575,1371,1946,0,ITH,ITH1,4,Provincia Autonoma Bolzano / Bozen,P.A. Bolzano,533050,116786,21.91,0.37
3398,2021-04-07,PAB,1798,823,975,1258,540,ITH,ITH1,4,Provincia Autonoma Bolzano / Bozen,P.A. Bolzano,533050,118584,22.25,0.34
3399,2021-03-02,PAB,695,200,495,693,2,ITH,ITH1,4,Provincia Autonoma Bolzano / Bozen,P.A. Bolzano,533050,119279,22.38,0.13
3400,2021-03-19,PAB,1906,773,1133,799,1107,ITH,ITH1,4,Provincia Autonoma Bolzano / Bozen,P.A. Bolzano,533050,121185,22.73,0.36
3401,2021-06-08,PAB,4146,2116,2030,830,3316,ITH,ITH1,4,Provincia Autonoma Bolzano / Bozen,P.A. Bolzano,533050,125331,23.51,0.78
3402,2021-04-28,PAB,2464,1302,1162,2459,5,ITH,ITH1,4,Provincia Autonoma Bolzano / Bozen,P.A. Bolzano,533050,127795,23.97,0.46
3403,2021-01-16,PAB,2840,1265,1575,2840,0,ITH,ITH1,4,Provincia Autonoma Bolzano / Bozen,P.A. Bolzano,533050,130635,24.51,0.53
3404,2021-05-01,PAB,2104,1067,1037,1944,160,ITH,ITH1,4,Provincia Autonoma Bolzano / Bozen,P.A. Bolzano,533050,132739,24.9,0.39
3405,2021-03-12,PAB,1664,734,930,1251,413,ITH,ITH1,4,Provincia Autonoma Bolzano / Bozen,P.A. Bolzano,533050,134403,25.21,0.31
3406,2021-03-29,PAB,1171,499,672,412,759,ITH,ITH1,4,Provincia Autonoma Bolzano / Bozen,P.A. Bolzano,533050,135574,25.43,0.22
3407,2021-01-21,PAB,953,442,511,139,814,ITH,ITH1,4,Provincia Autonoma Bolzano / Bozen,P.A. Bolzano,533050,136527,25.61,0.18
3408,2021-01-05,PAB,830,286,544,830,0,ITH,ITH1,4,Provincia Autonoma Bolzano / Bozen,P.A. Bolzano,533050,137357,25.77,0.16
3409,2021-01-23,PAB,197,117,80,0,197,ITH,ITH1,4,Provincia Autonoma Bolzano / Bozen,P.A. Bolzano,533050,137554,25.81,0.04
3410,2021-05-03,PAB,1830,847,983,417,1413,ITH,ITH1,4,Provincia Autonoma Bolzano / Bozen,P.A. Bolzano,533050,139384,26.15,0.34
3411,2021-02-23,PAB,769,324,445,763,6,ITH,ITH1,4,Provincia Autonoma Bolzano / Bozen,P.A. Bolzano,533050,140153,26.29,0.14
3412,2021-05-17,PAB,3139,1516,1623,2445,694,ITH,ITH1,4,Provincia Autonoma Bolzano / Bozen,P.A. Bolzano,533050,143292,26.88,0.59
3413,2021-06-03,PAB,4721,2565,2156,3775,946,ITH,ITH1,4,Provincia Autonoma Bolzano / Bozen,P.A. Bolzano,533050,148013,27.77,0.89
3414,2021-06-22,PAB,1909,1088,821,331,1578,ITH,ITH1,4,Provincia Autonoma Bolzano / Bozen,P.A. Bolzano,533050,149922,28.13,0.36
3415,2021-03-14,PAB,758,336,422,25,733,ITH,ITH1,4,Provincia Autonoma Bolzano / Bozen,P.A. Bolzano,533050,150680,28.27,0.14
3416,2021-04-14,PAB,3593,1645,1948,3502,91,ITH,ITH1,4,Provincia Autonoma Bolzano / Bozen,P.A. Bolzano,533050,154273,28.94,0.67
3417,2021-01-04,PAB,508,201,307,508,0,ITH,ITH1,4,Provincia Autonoma Bolzano / Bozen,P.A. Bolzano,533050,154781,29.04,0.1
3418,2021-04-29,PAB,2632,1351,1281,1938,694,ITH,ITH1,4,Provincia Autonoma Bolzano / Bozen,P.A. Bolzano,533050,157413,29.53,0.49
3419,2021-01-19,PAB,853,371,482,723,130,ITH,ITH1,4,Provincia Autonoma Bolzano / Bozen,P.A. Bolzano,533050,158266,29.69,0.16
3420,2021-02-09,PAB,317,126,191,1,316,ITH,ITH1,4,Provincia Autonoma Bolzano / Bozen,P.A. Bolzano,533050,158583,29.75,0.06
3421,2021-02-02,PAB,1745,506,1239,8,1737,ITH,ITH1,4,Provincia Autonoma Bolzano / Bozen,P.A. Bolzano,533050,160328,30.08,0.33
3422,2021-04-12,PAB,2105,946,1159,2098,7,ITH,ITH1,4,Provincia Autonoma Bolzano / Bozen,P.A. Bolzano,533050,162433,30.47,0.39
3423,2021-03-07,PAB,114,13,101,9,105,ITH,ITH1,4,Provincia Autonoma Bolzano / Bozen,P.A. Bolzano,533050,162547,30.49,0.02
3424,2021-04-21,PAB,3012,1468,1544,2164,848,ITH,ITH1,4,Provincia Autonoma Bolzano / Bozen,P.A. Bolzano,533050,165559,31.06,0.57
3425,2021-06-24,PAB,3403,1750,1653,1355,2048,ITH,ITH1,4,Provincia Autonoma Bolzano / Bozen,P.A. Bolzano,533050,168962,31.7,0.64
3426,2021-01-09,PAB,612,326,286,612,0,ITH,ITH1,4,Provincia Autonoma Bolzano / Bozen,P.A. Bolzano,533050,169574,31.81,0.11
3427,2021-03-26,PAB,1657,733,924,523,1134,ITH,ITH1,4,Provincia Autonoma Bolzano / Bozen,P.A. Bolzano,533050,171231,32.12,0.31
3428,2021-04-09,PAB,2937,1301,1636,2207,730,ITH,ITH1,4,Provincia Autonoma Bolzano / Bozen,P.A. Bolzano,533050,174168,32.67,0.55
3429,2021-05-22,PAB,6821,3552,3269,4654,2167,ITH,ITH1,4,Provincia Autonoma Bolzano / Bozen,P.A. Bolzano,533050,180989,33.95,1.28
3430,2021-02-11,PAB,1094,432,662,239,855,ITH,ITH1,4,Provincia Autonoma Bolzano / Bozen,P.A. Bolzano,533050,182083,34.16,0.21
3431,2021-02-18,PAB,1839,457,1382,1832,7,ITH,ITH1,4,Provincia Autonoma Bolzano / Bozen,P.A. Bolzano,533050,183922,34.5,0.34
3432,2021-02-16,PAB,530,205,325,530,0,ITH,ITH1,4,Provincia Autonoma Bolzano / Bozen,P.A. Bolzano,533050,184452,34.6,0.1
3433,2021-01-28,PAB,871,308,563,9,862,ITH,ITH1,4,Provincia Autonoma Bolzano / Bozen,P.A. Bolzano,533050,185323,34.77,0.16
3434,2021-04-25,PAB,3073,1497,1576,2401,672,ITH,ITH1,4,Provincia Autonoma Bolzano / Bozen,P.A. Bolzano,533050,188396,35.34,0.58
3435,2021-01-13,PAB,1691,557,1134,1691,0,ITH,ITH1,4,Provincia Autonoma Bolzano / Bozen,P.A. Bolzano,533050,190087,35.66,0.32
3436,2021-06-10,PAB,4439,2304,2135,1346,3093,ITH,ITH1,4,Provincia Autonoma Bolzano / Bozen,P.A. Bolzano,533050,194526,36.49,0.83
3437,2021-04-26,PAB,1543,771,772,1538,5,ITH,ITH1,4,Provincia Autonoma Bolzano / Bozen,P.A. Bolzano,533050,196069,36.78,0.29
3438,2021-01-18,PAB,1772,687,1085,1767,5,ITH,ITH1,4,Provincia Autonoma Bolzano / Bozen,P.A. Bolzano,533050,197841,37.11,0.33
3439,2021-03-04,PAB,1715,1005,710,1486,229,ITH,ITH1,4,Provincia Autonoma Bolzano / Bozen,P.A. Bolzano,533050,199556,37.44,0.32
3440,2021-05-26,PAB,4935,2491,2444,2962,1973,ITH,ITH1,4,Provincia Autonoma Bolzano / Bozen,P.A. Bolzano,533050,204491,38.36,0.93
3441,2021-06-05,PAB,6067,3022,3045,4973,1094,ITH,ITH1,4,Provincia Autonoma Bolzano / Bozen,P.A. Bolzano,533050,210558,39.5,1.14
3442,2021-04-30,PAB,3338,1592,1746,1562,1776,ITH,ITH1,4,Provincia Autonoma Bolzano / Bozen,P.A. Bolzano,533050,213896,40.13,0.63
3443,2021-01-20,PAB,617,252,365,409,208,ITH,ITH1,4,Provincia Autonoma Bolzano / Bozen,P.A. Bolzano,533050,214513,40.24,0.12
3444,2021-01-06,PAB,59,18,41,59,0,ITH,ITH1,4,Provincia Autonoma Bolzano / Bozen,P.A. Bolzano,533050,214572,40.25,0.01
3445,2021-03-30,PAB,1299,532,767,218,1081,ITH,ITH1,4,Provincia Autonoma Bolzano / Bozen,P.A. Bolzano,533050,215871,40.5,0.24
3446,2021-04-16,PAB,2949,1418,1531,2438,511,ITH,ITH1,4,Provincia Autonoma Bolzano / Bozen,P.A. Bolzano,533050,218820,41.05,0.55
3447,2021-05-31,PAB,2987,1464,1523,2120,867,ITH,ITH1,4,Provincia Autonoma Bolzano / Bozen,P.A. Bolzano,533050,221807,41.61,0.56
3448,2021-01-01,PAB,6,5,1,6,0,ITH,ITH1,4,Provincia Autonoma Bolzano / Bozen,P.A. Bolzano,533050,221813,41.61,0.0
3449,2021-06-07,PAB,2901,1506,1395,2582,319,ITH,ITH1,4,Provincia Autonoma Bolzano / Bozen,P.A. Bolzano,533050,224714,42.16,0.54
3450,2021-01-30,PAB,498,245,253,4,494,ITH,ITH1,4,Provincia Autonoma Bolzano / Bozen,P.A. Bolzano,533050,225212,42.25,0.09
3451,2021-04-23,PAB,4543,2151,2392,3252,1291,ITH,ITH1,4,Provincia Autonoma Bolzano / Bozen,P.A. Bolzano,533050,229755,43.1,0.85
3452,2021-01-11,PAB,1571,513,1058,1571,0,ITH,ITH1,4,Provincia Autonoma Bolzano / Bozen,P.A. Bolzano,533050,231326,43.4,0.29
3453,2021-04-06,PAB,2250,1118,1132,2147,103,ITH,ITH1,4,Provincia Autonoma Bolzano / Bozen,P.A. Bolzano,533050,233576,43.82,0.42
3454,2021-04-08,PAB,2765,1346,1419,2562,203,ITH,ITH1,4,Provincia Autonoma Bolzano / Bozen,P.A. Bolzano,533050,236341,44.34,0.52
3455,2021-06-17,PAB,1178,657,521,657,521,ITH,ITH1,4,Provincia Autonoma Bolzano / Bozen,P.A. Bolzano,533050,237519,44.56,0.22
3456,2021-01-02,PAB,91,48,43,91,0,ITH,ITH1,4,Provincia Autonoma Bolzano / Bozen,P.A. Bolzano,533050,237610,44.58,0.02
3457,2021-03-18,PAB,1302,531,771,226,1076,ITH,ITH1,4,Provincia Autonoma Bolzano / Bozen,P.A. Bolzano,533050,238912,44.82,0.24
3458,2021-05-14,PAB,5134,2320,2814,3097,2037,ITH,ITH1,4,Provincia Autonoma Bolzano / Bozen,P.A. Bolzano,533050,244046,45.78,0.96
3459,2021-03-16,PAB,1290,532,758,124,1166,ITH,ITH1,4,Provincia Autonoma Bolzano / Bozen,P.A. Bolzano,533050,245336,46.02,0.24
3460,2021-05-12,PAB,3791,2058,1733,3638,153,ITH,ITH1,4,Provincia Autonoma Bolzano / Bozen,P.A. Bolzano,533050,249127,46.74,0.71
3461,2021-02-01,PAB,1452,440,1012,12,1440,ITH,ITH1,4,Provincia Autonoma Bolzano / Bozen,P.A. Bolzano,533050,250579,47.01,0.27
3462,2021-03-09,PAB,1194,543,651,1192,2,ITH,ITH1,4,Provincia Autonoma Bolzano / Bozen,P.A. Bolzano,533050,251773,47.23,0.22
3463,2021-05-23,PAB,4338,2303,2035,4330,8,ITH,ITH1,4,Provincia Autonoma Bolzano / Bozen,P.A. Bolzano,533050,256111,48.05,0.81
3464,2021-02-03,PAB,1503,478,1025,5,1498,ITH,ITH1,4,Provincia Autonoma Bolzano / Bozen,P.A. Bolzano,533050,257614,48.33,0.28
3465,2021-02-10,PAB,1636,605,1031,26,1610,ITH,ITH1,4,Provincia Autonoma Bolzano / Bozen,P.A. Bolzano,533050,259250,48.64,0.31
3466,2020-12-30,PAB,388,182,206,388,0,ITH,ITH1,4,Provincia Autonoma Bolzano / Bozen,P.A. Bolzano,533050,259638,48.71,0.07
3467,2021-06-09,PAB,3789,1884,1905,1315,2474,ITH,ITH1,4,Provincia Autonoma Bolzano / Bozen,P.A. Bolzano,533050,263427,49.42,0.71
3468,2021-03-01,PAB,922,221,701,921,1,ITH,ITH1,4,Provincia Autonoma Bolzano / Bozen,P.A. Bolzano,533050,264349,49.59,0.17
3469,2021-03-15,PAB,1192,451,741,710,482,ITH,ITH1,4,Provincia Autonoma Bolzano / Bozen,P.A. Bolzano,533050,265541,49.82,0.22
3470,2021-04-27,PAB,2226,1013,1213,1149,1077,ITH,ITH1,4,Provincia Autonoma Bolzano / Bozen,P.A. Bolzano,533050,267767,50.23,0.42
3471,2021-01-17,PAB,2328,1044,1284,2317,11,ITH,ITH1,4,Provincia Autonoma Bolzano / Bozen,P.A. Bolzano,533050,270095,50.67,0.44
3472,2021-06-23,PAB,868,456,412,369,499,ITH,ITH1,4,Provincia Autonoma Bolzano / Bozen,P.A. Bolzano,533050,270963,50.83,0.16
3473,2021-05-07,PAB,4193,2061,2132,3665,528,ITH,ITH1,4,Provincia Autonoma Bolzano / Bozen,P.A. Bolzano,533050,275156,51.62,0.79
3474,2021-05-05,PAB,4154,1945,2209,2038,2116,ITH,ITH1,4,Provincia Autonoma Bolzano / Bozen,P.A. Bolzano,533050,279310,52.4,0.78
3475,2021-01-25,PAB,487,183,304,3,484,ITH,ITH1,4,Provincia Autonoma Bolzano / Bozen,P.A. Bolzano,533050,279797,52.49,0.09
3476,2021-03-23,PAB,1554,759,795,1553,1,ITH,ITH1,4,Provincia Autonoma Bolzano / Bozen,P.A. Bolzano,533050,281351,52.78,0.29
3477,2021-04-01,PAB,2786,1407,1379,2642,144,ITH,ITH1,4,Provincia Autonoma Bolzano / Bozen,P.A. Bolzano,533050,284137,53.3,0.52
3478,2021-05-30,PAB,4759,2514,2245,752,4007,ITH,ITH1,4,Provincia Autonoma Bolzano / Bozen,P.A. Bolzano,533050,288896,54.2,0.89
3479,2021-04-03,PAB,831,364,467,22,809,ITH,ITH1,4,Provincia Autonoma Bolzano / Bozen,P.A. Bolzano,533050,289727,54.35,0.16
3480,2021-03-25,PAB,2149,1063,1086,1706,443,ITH,ITH1,4,Provincia Autonoma Bolzano / Bozen,P.A. Bolzano,533050,291876,54.76,0.4
3481,2021-01-27,PAB,84,28,56,1,83,ITH,ITH1,4,Provincia Autonoma Bolzano / Bozen,P.A. Bolzano,533050,291960,54.77,0.02
3482,2021-06-14,PAB,2324,1238,1086,547,1777,ITH,ITH1,4,Provincia Autonoma Bolzano / Bozen,P.A. Bolzano,533050,294284,55.21,0.44
3483,2021-02-15,PAB,72,42,30,26,46,ITH,ITH1,4,Provincia Autonoma Bolzano / Bozen,P.A. Bolzano,533050,294356,55.22,0.01
3484,2021-05-11,PAB,2844,1335,1509,1321,1523,ITH,ITH1,4,Provincia Autonoma Bolzano / Bozen,P.A. Bolzano,533050,297200,55.75,0.53
3485,2020-12-27,PAB,144,65,79,144,0,ITH,ITH1,4,Provincia Autonoma Bolzano / Bozen,P.A. Bolzano,533050,297344,55.78,0.03
3486,2021-06-11,PAB,5731,2942,2789,2262,3469,ITH,ITH1,4,Provincia Autonoma Bolzano / Bozen,P.A. Bolzano,533050,303075,56.86,1.08
3487,2021-03-20,PAB,1758,849,909,1133,625,ITH,ITH1,4,Provincia Autonoma Bolzano / Bozen,P.A. Bolzano,533050,304833,57.19,0.33
3488,2021-05-21,PAB,6921,3803,3118,5076,1845,ITH,ITH1,4,Provincia Autonoma Bolzano / Bozen,P.A. Bolzano,533050,311754,58.48,1.3
3489,2021-05-16,PAB,2025,932,1093,1333,692,ITH,ITH1,4,Provincia Autonoma Bolzano / Bozen,P.A. Bolzano,533050,313779,58.86,0.38
3490,2021-02-27,PAB,2458,759,1699,2448,10,ITH,ITH1,4,Provincia Autonoma Bolzano / Bozen,P.A. Bolzano,533050,316237,59.33,0.46
3491,2021-02-13,PAB,318,79,239,312,6,ITH,ITH1,4,Provincia Autonoma Bolzano / Bozen,P.A. Bolzano,533050,316555,59.39,0.06
3492,2021-04-11,PAB,2720,1291,1429,2543,177,ITH,ITH1,4,Provincia Autonoma Bolzano / Bozen,P.A. Bolzano,533050,319275,59.9,0.51
3493,2021-05-24,PAB,1444,762,682,1110,334,ITH,ITH1,4,Provincia Autonoma Bolzano / Bozen,P.A. Bolzano,533050,320719,60.17,0.27
3494,2021-02-20,PAB,1802,540,1262,1784,18,ITH,ITH1,4,Provincia Autonoma Bolzano / Bozen,P.A. Bolzano,533050,322521,60.5,0.34
3495,2021-04-18,PAB,3110,1607,1503,2100,1010,ITH,ITH1,4,Provincia Autonoma Bolzano / Bozen,P.A. Bolzano,533050,325631,61.09,0.58
3496,2021-06-19,PAB,5611,2984,2627,580,5031,ITH,ITH1,4,Provincia Autonoma Bolzano / Bozen,P.A. Bolzano,533050,331242,62.14,1.05
3497,2021-03-11,PAB,1684,825,859,1146,538,ITH,ITH1,4,Provincia Autonoma Bolzano / Bozen,P.A. Bolzano,533050,332926,62.46,0.32
3498,2021-02-25,PAB,1498,549,949,1497,1,ITH,ITH1,4,Provincia Autonoma Bolzano / Bozen,P.A. Bolzano,533050,334424,62.74,0.28
3499,2021-06-02,PAB,1444,809,635,987,457,ITH,ITH1,4,Provincia Autonoma Bolzano / Bozen,P.A. Bolzano,533050,335868,63.01,0.27
3500,2021-02-08,PAB,2,1,1,1,1,ITH,ITH1,4,Provincia Autonoma Bolzano / Bozen,P.A. Bolzano,533050,335870,63.01,0.0
3501,2021-05-19,PAB,3626,1847,1779,1841,1785,ITH,ITH1,4,Provincia Autonoma Bolzano / Bozen,P.A. Bolzano,533050,339496,63.69,0.68
3502,2021-01-03,PAB,41,16,25,41,0,ITH,ITH1,4,Provincia Autonoma Bolzano / Bozen,P.A. Bolzano,533050,339537,63.7,0.01
3503,2021-04-13,PAB,2391,1130,1261,2384,7,ITH,ITH1,4,Provincia Autonoma Bolzano / Bozen,P.A. Bolzano,533050,341928,64.15,0.45
3504,2021-02-22,PAB,526,143,383,514,12,ITH,ITH1,4,Provincia Autonoma Bolzano / Bozen,P.A. Bolzano,533050,342454,64.24,0.1
3505,2021-01-15,PAB,3282,1228,2054,3282,0,ITH,ITH1,4,Provincia Autonoma Bolzano / Bozen,P.A. Bolzano,533050,345736,64.86,0.62
3506,2021-06-18,PAB,3588,1883,1705,696,2892,ITH,ITH1,4,Provincia Autonoma Bolzano / Bozen,P.A. Bolzano,533050,349324,65.53,0.67
3507,2021-01-08,PAB,1521,479,1042,1521,0,ITH,ITH1,4,Provincia Autonoma Bolzano / Bozen,P.A. Bolzano,533050,350845,65.82,0.29
3508,2021-01-29,PAB,1497,510,987,24,1473,ITH,ITH1,4,Provincia Autonoma Bolzano / Bozen,P.A. Bolzano,533050,352342,66.1,0.28
3509,2021-04-22,PAB,2924,1501,1423,1982,942,ITH,ITH1,4,Provincia Autonoma Bolzano / Bozen,P.A. Bolzano,533050,355266,66.65,0.55
3510,2021-05-09,PAB,4241,2410,1831,3089,1152,ITH,ITH1,4,Provincia Autonoma Bolzano / Bozen,P.A. Bolzano,533050,359507,67.44,0.8
3511,2021-03-06,PAB,3973,2081,1892,3762,211,ITH,ITH1,4,Provincia Autonoma Bolzano / Bozen,P.A. Bolzano,533050,363480,68.19,0.75
3512,2021-05-28,PAB,5681,2895,2786,3791,1890,ITH,ITH1,4,Provincia Autonoma Bolzano / Bozen,P.A. Bolzano,533050,369161,69.25,1.07
3513,2021-02-17,PAB,156,51,105,139,17,ITH,ITH1,4,Provincia Autonoma Bolzano / Bozen,P.A. Bolzano,533050,369317,69.28,0.03
3514,2021-04-20,PAB,1561,784,777,1560,1,ITH,ITH1,4,Provincia Autonoma Bolzano / Bozen,P.A. Bolzano,533050,370878,69.58,0.29
3515,2021-01-10,PAB,2,2,0,2,0,ITH,ITH1,4,Provincia Autonoma Bolzano / Bozen,P.A. Bolzano,533050,370880,69.58,0.0
3516,2021-06-16,PAB,3237,1761,1476,8,3229,ITH,ITH1,4,Provincia Autonoma Bolzano / Bozen,P.A. Bolzano,533050,374117,70.18,0.61
3517,2021-03-08,PAB,1210,534,676,1183,27,ITH,ITH1,4,Provincia Autonoma Bolzano / Bozen,P.A. Bolzano,533050,375327,70.41,0.23
3518,2021-05-04,PAB,3449,1843,1606,2412,1037,ITH,ITH1,4,Provincia Autonoma Bolzano / Bozen,P.A. Bolzano,533050,378776,71.06,0.65
3519,2021-02-06,PAB,2626,1171,1455,19,2607,ITH,ITH1,4,Provincia Autonoma Bolzano / Bozen,P.A. Bolzano,533050,381402,71.55,0.49
3520,2021-06-21,PAB,2614,1324,1290,269,2345,ITH,ITH1,4,Provincia Autonoma Bolzano / Bozen,P.A. Bolzano,533050,384016,72.04,0.49
3521,2021-03-28,PAB,569,212,357,11,558,ITH,ITH1,4,Provincia Autonoma Bolzano / Bozen,P.A. Bolzano,533050,384585,72.15,0.11
3522,2021-06-04,PAB,6457,3237,3220,4928,1529,ITH,ITH1,4,Provincia Autonoma Bolzano / Bozen,P.A. Bolzano,533050,391042,73.36,1.21
3523,2021-02-24,PAB,1367,406,961,1355,12,ITH,ITH1,4,Provincia Autonoma Bolzano / Bozen,P.A. Bolzano,533050,392409,73.62,0.26
3524,2021-03-27,PAB,3050,1553,1497,1543,1507,ITH,ITH1,4,Provincia Autonoma Bolzano / Bozen,P.A. Bolzano,533050,395459,74.19,0.57
3525,2021-03-13,PAB,2885,1459,1426,2784,101,ITH,ITH1,4,Provincia Autonoma Bolzano / Bozen,P.A. Bolzano,533050,398344,74.73,0.54
3526,2021-02-05,PAB,3195,1181,2014,8,3187,ITH,ITH1,4,Provincia Autonoma Bolzano / Bozen,P.A. Bolzano,533050,401539,75.33,0.6
3527,2021-04-15,PAB,4399,2307,2092,4136,263,ITH,ITH1,4,Provincia Autonoma Bolzano / Bozen,P.A. Bolzano,533050,405938,76.15,0.83
3528,2021-05-02,PAB,2457,1288,1169,1536,921,ITH,ITH1,4,Provincia Autonoma Bolzano / Bozen,P.A. Bolzano,533050,408395,76.61,0.46
3529,2021-01-22,PAB,248,143,105,124,124,ITH,ITH1,4,Provincia Autonoma Bolzano / Bozen,P.A. Bolzano,533050,408643,76.66,0.05
3530,2021-01-31,PUG,1815,831,984,75,1740,ITF,ITF4,16,Puglia,Puglia,4029053,1815,0.05,0.05
3531,2021-05-29,PUG,30270,14271,15999,20932,9338,ITF,ITF4,16,Puglia,Puglia,4029053,32085,0.8,0.75
3532,2021-02-07,PUG,1579,669,910,253,1326,ITF,ITF4,16,Puglia,Puglia,4029053,33664,0.84,0.04
3533,2021-01-21,PUG,2132,904,1228,1271,861,ITF,ITF4,16,Puglia,Puglia,4029053,35796,0.89,0.05
3534,2021-05-01,PUG,27606,12641,14965,16955,10651,ITF,ITF4,16,Puglia,Puglia,4029053,63402,1.57,0.69
3535,2021-01-02,PUG,2950,1301,1649,2950,0,ITF,ITF4,16,Puglia,Puglia,4029053,66352,1.65,0.07
3536,2021-04-12,PUG,29211,13756,15455,26333,2878,ITF,ITF4,16,Puglia,Puglia,4029053,95563,2.37,0.73
3537,2021-02-21,PUG,2176,474,1702,2114,62,ITF,ITF4,16,Puglia,Puglia,4029053,97739,2.43,0.05
3538,2021-06-01,PUG,34691,17346,17345,21862,12829,ITF,ITF4,16,Puglia,Puglia,4029053,132430,3.29,0.86
3539,2021-05-15,PUG,43503,18938,24565,23521,19982,ITF,ITF4,16,Puglia,Puglia,4029053,175933,4.37,1.08
3540,2021-06-03,PUG,50203,24355,25848,30982,19221,ITF,ITF4,16,Puglia,Puglia,4029053,226136,5.61,1.25
3541,2021-03-10,PUG,14808,6612,8196,11685,3123,ITF,ITF4,16,Puglia,Puglia,4029053,240944,5.98,0.37
3542,2021-03-29,PUG,13435,6501,6934,6695,6740,ITF,ITF4,16,Puglia,Puglia,4029053,254379,6.31,0.33
3543,2021-03-12,PUG,14274,6433,7841,10346,3928,ITF,ITF4,16,Puglia,Puglia,4029053,268653,6.67,0.35
3544,2021-06-20,PUG,20506,10307,10199,13512,6994,ITF,ITF4,16,Puglia,Puglia,4029053,289159,7.18,0.51
3545,2021-03-05,PUG,17684,7166,10518,15381,2303,ITF,ITF4,16,Puglia,Puglia,4029053,306843,7.62,0.44
3546,2021-02-26,PUG,13762,5054,8708,12728,1034,ITF,ITF4,16,Puglia,Puglia,4029053,320605,7.96,0.34
3547,2020-12-31,PUG,1634,782,852,1634,0,ITF,ITF4,16,Puglia,Puglia,4029053,322239,8.0,0.04
3548,2021-06-15,PUG,42033,20552,21481,22534,19499,ITF,ITF4,16,Puglia,Puglia,4029053,364272,9.04,1.04
3549,2021-06-08,PUG,38906,18917,19989,21223,17683,ITF,ITF4,16,Puglia,Puglia,4029053,403178,10.01,0.97
3550,2021-06-13,PUG,21356,10681,10675,16189,5167,ITF,ITF4,16,Puglia,Puglia,4029053,424534,10.54,0.53
3551,2021-04-05,PUG,12738,6183,6555,12205,533,ITF,ITF4,16,Puglia,Puglia,4029053,437272,10.85,0.32
3552,2021-03-19,PUG,7961,3653,4308,3415,4546,ITF,ITF4,16,Puglia,Puglia,4029053,445233,11.05,0.2
3553,2021-02-14,PUG,786,347,439,662,124,ITF,ITF4,16,Puglia,Puglia,4029053,446019,11.07,0.02
3554,2021-05-25,PUG,34547,16110,18437,21052,13495,ITF,ITF4,16,Puglia,Puglia,4029053,480566,11.93,0.86
3555,2021-01-12,PUG,4214,1772,2442,4214,0,ITF,ITF4,16,Puglia,Puglia,4029053,484780,12.03,0.1
3556,2021-04-07,PUG,15538,6982,8556,8863,6675,ITF,ITF4,16,Puglia,Puglia,4029053,500318,12.42,0.39
3557,2021-05-27,PUG,40476,19095,21381,23270,17206,ITF,ITF4,16,Puglia,Puglia,4029053,540794,13.42,1.0
3558,2021-02-09,PUG,3840,1570,2270,2168,1672,ITF,ITF4,16,Puglia,Puglia,4029053,544634,13.52,0.1
3559,2021-05-20,PUG,33478,15184,18294,21140,12338,ITF,ITF4,16,Puglia,Puglia,4029053,578112,14.35,0.83
3560,2021-03-24,PUG,13452,6401,7051,6146,7306,ITF,ITF4,16,Puglia,Puglia,4029053,591564,14.68,0.33
3561,2021-01-26,PUG,5362,2397,2965,571,4791,ITF,ITF4,16,Puglia,Puglia,4029053,596926,14.82,0.13
3562,2021-05-06,PUG,39528,17286,22242,19854,19674,ITF,ITF4,16,Puglia,Puglia,4029053,636454,15.8,0.98
3563,2021-04-19,PUG,27626,12833,14793,24582,3044,ITF,ITF4,16,Puglia,Puglia,4029053,664080,16.48,0.69
3564,2021-04-24,PUG,29325,13354,15971,25378,3947,ITF,ITF4,16,Puglia,Puglia,4029053,693405,17.21,0.73
3565,2021-01-14,PUG,4072,1590,2482,4072,0,ITF,ITF4,16,Puglia,Puglia,4029053,697477,17.31,0.1
3566,2021-01-07,PUG,5717,2459,3258,5717,0,ITF,ITF4,16,Puglia,Puglia,4029053,703194,17.45,0.14
3567,2021-04-17,PUG,39934,18927,21007,36366,3568,ITF,ITF4,16,Puglia,Puglia,4029053,743128,18.44,0.99
3568,2021-02-19,PUG,4732,2011,2721,4340,392,ITF,ITF4,16,Puglia,Puglia,4029053,747860,18.56,0.12
3569,2021-06-22,PUG,40016,19402,20614,18429,21587,ITF,ITF4,16,Puglia,Puglia,4029053,787876,19.55,0.99
3570,2021-04-02,PUG,12841,5999,6842,8317,4524,ITF,ITF4,16,Puglia,Puglia,4029053,800717,19.87,0.32
3571,2021-04-16,PUG,35967,16904,19063,32685,3282,ITF,ITF4,16,Puglia,Puglia,4029053,836684,20.77,0.89
3572,2021-02-18,PUG,4378,1846,2532,3773,605,ITF,ITF4,16,Puglia,Puglia,4029053,841062,20.87,0.11
3573,2021-04-09,PUG,21972,9458,12514,17349,4623,ITF,ITF4,16,Puglia,Puglia,4029053,863034,21.42,0.55
3574,2021-02-11,PUG,3697,1401,2296,2419,1278,ITF,ITF4,16,Puglia,Puglia,4029053,866731,21.51,0.09
3575,2021-05-22,PUG,34466,15781,18685,24094,10372,ITF,ITF4,16,Puglia,Puglia,4029053,901197,22.37,0.86
3576,2021-02-04,PUG,5929,2366,3563,1195,4734,ITF,ITF4,16,Puglia,Puglia,4029053,907126,22.51,0.15
3577,2021-05-17,PUG,32800,15191,17609,20948,11852,ITF,ITF4,16,Puglia,Puglia,4029053,939926,23.33,0.81
3578,2021-01-19,PUG,1221,452,769,1211,10,ITF,ITF4,16,Puglia,Puglia,4029053,941147,23.36,0.03
3579,2021-01-04,PUG,4508,2016,2492,4508,0,ITF,ITF4,16,Puglia,Puglia,4029053,945655,23.47,0.11
3580,2021-03-26,PUG,11919,5763,6156,7274,4645,ITF,ITF4,16,Puglia,Puglia,4029053,957574,23.77,0.3
3581,2021-03-09,PUG,13590,6065,7525,11580,2010,ITF,ITF4,16,Puglia,Puglia,4029053,971164,24.1,0.34
3582,2021-02-28,PUG,6057,1806,4251,5871,186,ITF,ITF4,16,Puglia,Puglia,4029053,977221,24.25,0.15
3583,2021-05-12,PUG,36526,16305,20221,24054,12472,ITF,ITF4,16,Puglia,Puglia,4029053,1013747,25.16,0.91
3584,2021-01-23,PUG,3040,1294,1746,886,2154,ITF,ITF4,16,Puglia,Puglia,4029053,1016787,25.24,0.08
3585,2021-05-03,PUG,33284,14877,18407,22660,10624,ITF,ITF4,16,Puglia,Puglia,4029053,1050071,26.06,0.83
3586,2021-03-07,PUG,4983,2000,2983,4412,571,ITF,ITF4,16,Puglia,Puglia,4029053,1055054,26.19,0.12
3587,2021-05-08,PUG,54224,22954,31270,24510,29714,ITF,ITF4,16,Puglia,Puglia,4029053,1109278,27.53,1.35
3588,2021-06-12,PUG,33712,16811,16901,24968,8744,ITF,ITF4,16,Puglia,Puglia,4029053,1142990,28.37,0.84
3589,2021-03-02,PUG,16386,6091,10295,15085,1301,ITF,ITF4,16,Puglia,Puglia,4029053,1159376,28.78,0.41
3590,2021-06-10,PUG,46589,22873,23716,29705,16884,ITF,ITF4,16,Puglia,Puglia,4029053,1205965,29.93,1.16
3591,2021-04-04,PUG,5965,2962,3003,5960,5,ITF,ITF4,16,Puglia,Puglia,4029053,1211930,30.08,0.15
3592,2021-03-21,PUG,2694,1227,1467,590,2104,ITF,ITF4,16,Puglia,Puglia,4029053,1214624,30.15,0.07
3593,2021-01-11,PUG,3754,1588,2166,3754,0,ITF,ITF4,16,Puglia,Puglia,4029053,1218378,30.24,0.09
3594,2021-04-21,PUG,23086,10657,12429,19352,3734,ITF,ITF4,16,Puglia,Puglia,4029053,1241464,30.81,0.57
3595,2021-03-31,PUG,14487,6763,7724,8929,5558,ITF,ITF4,16,Puglia,Puglia,4029053,1255951,31.17,0.36
3596,2021-02-02,PUG,4344,1846,2498,592,3752,ITF,ITF4,16,Puglia,Puglia,4029053,1260295,31.28,0.11
3597,2021-05-13,PUG,38640,17238,21402,21501,17139,ITF,ITF4,16,Puglia,Puglia,4029053,1298935,32.24,0.96
3598,2021-03-17,PUG,10345,4701,5644,4171,6174,ITF,ITF4,16,Puglia,Puglia,4029053,1309280,32.5,0.26
3599,2021-04-26,PUG,26251,12025,14226,23018,3233,ITF,ITF4,16,Puglia,Puglia,4029053,1335531,33.15,0.65
3600,2021-03-16,PUG,9871,4687,5184,3511,6360,ITF,ITF4,16,Puglia,Puglia,4029053,1345402,33.39,0.24
3601,2021-06-24,PUG,25082,11962,13120,12892,12190,ITF,ITF4,16,Puglia,Puglia,4029053,1370484,34.02,0.62
3602,2021-04-28,PUG,19773,8864,10909,15019,4754,ITF,ITF4,16,Puglia,Puglia,4029053,1390257,34.51,0.49
3603,2021-01-09,PUG,4887,2250,2637,4887,0,ITF,ITF4,16,Puglia,Puglia,4029053,1395144,34.63,0.12
3604,2021-02-25,PUG,11972,5063,6909,10799,1173,ITF,ITF4,16,Puglia,Puglia,4029053,1407116,34.92,0.3
3605,2021-06-05,PUG,41975,20576,21399,29481,12494,ITF,ITF4,16,Puglia,Puglia,4029053,1449091,35.97,1.04
3606,2021-01-06,PUG,3949,1672,2277,3949,0,ITF,ITF4,16,Puglia,Puglia,4029053,1453040,36.06,0.1
3607,2021-02-23,PUG,9350,4421,4929,8872,478,ITF,ITF4,16,Puglia,Puglia,4029053,1462390,36.3,0.23
3608,2021-01-18,PUG,1845,771,1074,1496,349,ITF,ITF4,16,Puglia,Puglia,4029053,1464235,36.34,0.05
3609,2021-02-06,PUG,4547,1930,2617,1591,2956,ITF,ITF4,16,Puglia,Puglia,4029053,1468782,36.45,0.11
3610,2021-01-20,PUG,1547,541,1006,1539,8,ITF,ITF4,16,Puglia,Puglia,4029053,1470329,36.49,0.04
3611,2021-04-30,PUG,34906,15634,19272,22940,11966,ITF,ITF4,16,Puglia,Puglia,4029053,1505235,37.36,0.87
3612,2021-04-13,PUG,28682,13600,15082,25282,3400,ITF,ITF4,16,Puglia,Puglia,4029053,1533917,38.07,0.71
3613,2021-05-05,PUG,39100,17131,21969,24941,14159,ITF,ITF4,16,Puglia,Puglia,4029053,1573017,39.04,0.97
3614,2021-06-17,PUG,41381,20224,21157,21042,20339,ITF,ITF4,16,Puglia,Puglia,4029053,1614398,40.07,1.03
3615,2021-03-30,PUG,12271,5866,6405,6374,5897,ITF,ITF4,16,Puglia,Puglia,4029053,1626669,40.37,0.3
3616,2021-02-01,PUG,3966,1660,2306,373,3593,ITF,ITF4,16,Puglia,Puglia,4029053,1630635,40.47,0.1
3617,2021-05-14,PUG,44883,20511,24372,28775,16108,ITF,ITF4,16,Puglia,Puglia,4029053,1675518,41.59,1.11
3618,2021-04-14,PUG,31885,15054,16831,28578,3307,ITF,ITF4,16,Puglia,Puglia,4029053,1707403,42.38,0.79
3619,2021-03-28,PUG,3540,1654,1886,1214,2326,ITF,ITF4,16,Puglia,Puglia,4029053,1710943,42.47,0.09
3620,2021-06-19,PUG,33579,16795,16784,21970,11609,ITF,ITF4,16,Puglia,Puglia,4029053,1744522,43.3,0.83
3621,2021-06-21,PUG,39978,19470,20508,20781,19197,ITF,ITF4,16,Puglia,Puglia,4029053,1784500,44.29,0.99
3622,2021-01-28,PUG,5475,2278,3197,472,5003,ITF,ITF4,16,Puglia,Puglia,4029053,1789975,44.43,0.14
3623,2021-04-23,PUG,29433,13677,15756,24197,5236,ITF,ITF4,16,Puglia,Puglia,4029053,1819408,45.16,0.73
3624,2021-03-18,PUG,9454,4280,5174,3320,6134,ITF,ITF4,16,Puglia,Puglia,4029053,1828862,45.39,0.23
3625,2021-03-04,PUG,15342,6090,9252,13922,1420,ITF,ITF4,16,Puglia,Puglia,4029053,1844204,45.77,0.38
3626,2021-06-09,PUG,41423,20517,20906,30303,11120,ITF,ITF4,16,Puglia,Puglia,4029053,1885627,46.8,1.03
3627,2021-05-31,PUG,37608,18093,19515,23545,14063,ITF,ITF4,16,Puglia,Puglia,4029053,1923235,47.73,0.93
3628,2021-04-25,PUG,11305,5235,6070,10147,1158,ITF,ITF4,16,Puglia,Puglia,4029053,1934540,48.01,0.28
3629,2021-02-27,PUG,14221,4818,9403,12996,1225,ITF,ITF4,16,Puglia,Puglia,4029053,1948761,48.37,0.35
3630,2021-01-01,PUG,148,61,87,148,0,ITF,ITF4,16,Puglia,Puglia,4029053,1948909,48.37,0.0
3631,2021-06-07,PUG,44006,21490,22516,30817,13189,ITF,ITF4,16,Puglia,Puglia,4029053,1992915,49.46,1.09
3632,2021-04-11,PUG,16458,7246,9212,14800,1658,ITF,ITF4,16,Puglia,Puglia,4029053,2009373,49.87,0.41
3633,2021-05-02,PUG,21303,9655,11648,14039,7264,ITF,ITF4,16,Puglia,Puglia,4029053,2030676,50.4,0.53
3634,2021-06-18,PUG,46091,22678,23413,28537,17554,ITF,ITF4,16,Puglia,Puglia,4029053,2076767,51.54,1.14
3635,2021-03-14,PUG,3325,1433,1892,2511,814,ITF,ITF4,16,Puglia,Puglia,4029053,2080092,51.63,0.08
3636,2021-01-16,PUG,2506,1033,1473,2506,0,ITF,ITF4,16,Puglia,Puglia,4029053,2082598,51.69,0.06
3637,2021-05-21,PUG,38789,18421,20368,28779,10010,ITF,ITF4,16,Puglia,Puglia,4029053,2121387,52.65,0.96
3638,2021-05-19,PUG,26322,12725,13597,19902,6420,ITF,ITF4,16,Puglia,Puglia,4029053,2147709,53.31,0.65
3639,2021-03-23,PUG,10997,5540,5457,4526,6471,ITF,ITF4,16,Puglia,Puglia,4029053,2158706,53.58,0.27
3640,2021-03-25,PUG,11472,5788,5684,5231,6241,ITF,ITF4,16,Puglia,Puglia,4029053,2170178,53.86,0.28
3641,2021-02-08,PUG,3992,1610,2382,1598,2394,ITF,ITF4,16,Puglia,Puglia,4029053,2174170,53.96,0.1
3642,2021-02-10,PUG,3646,1436,2210,2135,1511,ITF,ITF4,16,Puglia,Puglia,4029053,2177816,54.05,0.09
3643,2021-06-16,PUG,40974,20161,20813,26698,14276,ITF,ITF4,16,Puglia,Puglia,4029053,2218790,55.07,1.02
3644,2020-12-30,PUG,1,0,1,1,0,ITF,ITF4,16,Puglia,Puglia,4029053,2218791,55.07,0.0
3645,2021-03-22,PUG,9859,5038,4821,4213,5646,ITF,ITF4,16,Puglia,Puglia,4029053,2228650,55.31,0.24
3646,2021-01-24,PUG,1670,750,920,154,1516,ITF,ITF4,16,Puglia,Puglia,4029053,2230320,55.36,0.04
3647,2021-03-15,PUG,12260,6077,6183,5757,6503,ITF,ITF4,16,Puglia,Puglia,4029053,2242580,55.66,0.3
3648,2021-01-17,PUG,1308,590,718,1239,69,ITF,ITF4,16,Puglia,Puglia,4029053,2243888,55.69,0.03
3649,2021-06-23,PUG,27378,13406,13972,16167,11211,ITF,ITF4,16,Puglia,Puglia,4029053,2271266,56.37,0.68
3650,2021-04-27,PUG,26653,12067,14586,21066,5587,ITF,ITF4,16,Puglia,Puglia,4029053,2297919,57.03,0.66
3651,2021-01-25,PUG,3826,1680,2146,423,3403,ITF,ITF4,16,Puglia,Puglia,4029053,2301745,57.13,0.09
3652,2021-04-08,PUG,17463,7579,9884,11288,6175,ITF,ITF4,16,Puglia,Puglia,4029053,2319208,57.56,0.43
3653,2021-06-06,PUG,30506,15360,15146,25482,5024,ITF,ITF4,16,Puglia,Puglia,4029053,2349714,58.32,0.76
3654,2021-04-10,PUG,30824,13062,17762,26601,4223,ITF,ITF4,16,Puglia,Puglia,4029053,2380538,59.08,0.77
3655,2021-04-01,PUG,13856,6476,7380,7510,6346,ITF,ITF4,16,Puglia,Puglia,4029053,2394394,59.43,0.34
3656,2021-02-03,PUG,5037,2005,3032,730,4307,ITF,ITF4,16,Puglia,Puglia,4029053,2399431,59.55,0.13
3657,2021-03-11,PUG,14801,6563,8238,11630,3171,ITF,ITF4,16,Puglia,Puglia,4029053,2414232,59.92,0.37
3658,2021-06-02,PUG,26906,13166,13740,22098,4808,ITF,ITF4,16,Puglia,Puglia,4029053,2441138,60.59,0.67
3659,2021-03-13,PUG,10466,4134,6332,8658,1808,ITF,ITF4,16,Puglia,Puglia,4029053,2451604,60.85,0.26
3660,2021-02-24,PUG,10039,4704,5335,9448,591,ITF,ITF4,16,Puglia,Puglia,4029053,2461643,61.1,0.25
3661,2021-06-04,PUG,52251,25294,26957,34633,17618,ITF,ITF4,16,Puglia,Puglia,4029053,2513894,62.39,1.3
3662,2021-05-18,PUG,28813,13404,15409,16073,12740,ITF,ITF4,16,Puglia,Puglia,4029053,2542707,63.11,0.72
3663,2021-01-03,PUG,2007,943,1064,2007,0,ITF,ITF4,16,Puglia,Puglia,4029053,2544714,63.16,0.05
3664,2021-03-27,PUG,12152,5708,6444,6983,5169,ITF,ITF4,16,Puglia,Puglia,4029053,2556866,63.46,0.3
3665,2021-01-05,PUG,5107,2251,2856,5107,0,ITF,ITF4,16,Puglia,Puglia,4029053,2561973,63.59,0.13
3666,2021-04-15,PUG,32505,15167,17338,28972,3533,ITF,ITF4,16,Puglia,Puglia,4029053,2594478,64.39,0.81
3667,2021-05-23,PUG,17877,8356,9521,14072,3805,ITF,ITF4,16,Puglia,Puglia,4029053,2612355,64.84,0.44
3668,2021-02-17,PUG,4278,1747,2531,3673,605,ITF,ITF4,16,Puglia,Puglia,4029053,2616633,64.94,0.11
3669,2021-05-28,PUG,43588,20644,22944,27933,15655,ITF,ITF4,16,Puglia,Puglia,4029053,2660221,66.03,1.08
3670,2021-05-30,PUG,20889,10003,10886,15861,5028,ITF,ITF4,16,Puglia,Puglia,4029053,2681110,66.54,0.52
3671,2021-03-06,PUG,16145,6125,10020,14057,2088,ITF,ITF4,16,Puglia,Puglia,4029053,2697255,66.95,0.4
3672,2021-01-08,PUG,5642,2367,3275,5642,0,ITF,ITF4,16,Puglia,Puglia,4029053,2702897,67.09,0.14
3673,2021-06-14,PUG,41505,20314,21191,29218,12287,ITF,ITF4,16,Puglia,Puglia,4029053,2744402,68.12,1.03
3674,2021-04-18,PUG,22588,10804,11784,21525,1063,ITF,ITF4,16,Puglia,Puglia,4029053,2766990,68.68,0.56
3675,2021-02-20,PUG,2971,1080,1891,2714,257,ITF,ITF4,16,Puglia,Puglia,4029053,2769961,68.75,0.07
3676,2021-01-15,PUG,4552,1866,2686,4552,0,ITF,ITF4,16,Puglia,Puglia,4029053,2774513,68.86,0.11
3677,2021-02-15,PUG,3255,1269,1986,2634,621,ITF,ITF4,16,Puglia,Puglia,4029053,2777768,68.94,0.08
3678,2021-05-26,PUG,38274,18379,19895,26640,11634,ITF,ITF4,16,Puglia,Puglia,4029053,2816042,69.89,0.95
3679,2021-01-27,PUG,4602,1941,2661,631,3971,ITF,ITF4,16,Puglia,Puglia,4029053,2820644,70.01,0.11
3680,2021-05-07,PUG,49954,22300,27654,26529,23425,ITF,ITF4,16,Puglia,Puglia,4029053,2870598,71.25,1.24
3681,2021-01-13,PUG,4543,1730,2813,4543,0,ITF,ITF4,16,Puglia,Puglia,4029053,2875141,71.36,0.11
3682,2021-04-06,PUG,13801,6222,7579,7050,6751,ITF,ITF4,16,Puglia,Puglia,4029053,2888942,71.7,0.34
3683,2021-03-01,PUG,15104,5868,9236,13732,1372,ITF,ITF4,16,Puglia,Puglia,4029053,2904046,72.08,0.37
3684,2021-01-10,PUG,2348,1061,1287,2348,0,ITF,ITF4,16,Puglia,Puglia,4029053,2906394,72.14,0.06
3685,2021-04-20,PUG,21135,9813,11322,17670,3465,ITF,ITF4,16,Puglia,Puglia,4029053,2927529,72.66,0.52
3686,2020-12-27,PUG,509,252,257,509,0,ITF,ITF4,16,Puglia,Puglia,4029053,2928038,72.67,0.01
3687,2021-01-22,PUG,1409,578,831,991,418,ITF,ITF4,16,Puglia,Puglia,4029053,2929447,72.71,0.03
3688,2021-04-29,PUG,26156,12101,14055,19494,6662,ITF,ITF4,16,Puglia,Puglia,4029053,2955603,73.36,0.65
3689,2021-02-22,PUG,9629,4537,5092,9297,332,ITF,ITF4,16,Puglia,Puglia,4029053,2965232,73.6,0.24
3690,2021-02-05,PUG,5635,2273,3362,1333,4302,ITF,ITF4,16,Puglia,Puglia,4029053,2970867,73.74,0.14
3691,2021-05-16,PUG,24513,11050,13463,12693,11820,ITF,ITF4,16,Puglia,Puglia,4029053,2995380,74.34,0.61
3692,2021-05-11,PUG,32531,14348,18183,14117,18414,ITF,ITF4,16,Puglia,Puglia,4029053,3027911,75.15,0.81
3693,2021-05-04,PUG,35013,14807,20206,18580,16433,ITF,ITF4,16,Puglia,Puglia,4029053,3062924,76.02,0.87
3694,2021-03-08,PUG,14986,6434,8552,12586,2400,ITF,ITF4,16,Puglia,Puglia,4029053,3077910,76.39,0.37
3695,2021-05-24,PUG,35907,16950,18957,24931,10976,ITF,ITF4,16,Puglia,Puglia,4029053,3113817,77.28,0.89
3696,2021-02-16,PUG,3382,1454,1928,2736,646,ITF,ITF4,16,Puglia,Puglia,4029053,3117199,77.37,0.08
3697,2021-01-30,PUG,5529,2514,3015,410,5119,ITF,ITF4,16,Puglia,Puglia,4029053,3122728,77.51,0.14
3698,2021-05-10,PUG,37674,16645,21029,19741,17933,ITF,ITF4,16,Puglia,Puglia,4029053,3160402,78.44,0.94
3699,2021-02-13,PUG,3727,1456,2271,3031,696,ITF,ITF4,16,Puglia,Puglia,4029053,3164129,78.53,0.09
3700,2021-05-09,PUG,30629,12551,18078,15023,15606,ITF,ITF4,16,Puglia,Puglia,4029053,3194758,79.29,0.76
3701,2021-04-22,PUG,23002,10528,12474,18083,4919,ITF,ITF4,16,Puglia,Puglia,4029053,3217760,79.86,0.57
3702,2021-02-12,PUG,4212,1672,2540,3120,1092,ITF,ITF4,16,Puglia,Puglia,4029053,3221972,79.97,0.1
3703,2021-01-29,PUG,6201,2663,3538,436,5765,ITF,ITF4,16,Puglia,Puglia,4029053,3228173,80.12,0.15
3704,2021-03-20,PUG,8414,3878,4536,3820,4594,ITF,ITF4,16,Puglia,Puglia,4029053,3236587,80.33,0.21
3705,2021-03-03,PUG,16775,6796,9979,14859,1916,ITF,ITF4,16,Puglia,Puglia,4029053,3253362,80.75,0.42
3706,2021-06-11,PUG,47216,23105,24111,33415,13801,ITF,ITF4,16,Puglia,Puglia,4029053,3300578,81.92,1.17
3707,2021-04-03,PUG,10556,4642,5914,6997,3559,ITF,ITF4,16,Puglia,Puglia,4029053,3311134,82.18,0.26
