,data,area,Vaccinazioni giornaliere,sesso_maschile,sesso_femminile,Operatori sanitari - sociosanitari,Personale non sanitario,categoria_altro,Ospiti RSA,categoria_over80,categoria_forze_armate,categoria_personale_scolastico,prima_dose,seconda_dose,codice_NUTS1,codice_NUTS2,codice_regione_ISTAT,nome_area,Regione,popolazione,Totale vaccinazioni,Totale vaccinazioni ogni cento ab,Vaccinazioni giornaliere ogni cento ab
0,2020-12-27,CAL,275,150,125,274,0,1,0,0,0,0,275,0,ITF,ITF6,18,Calabria,Calabria,1947131,275,0.01,0.01
1,2021-03-18,CAL,4240,1978,2262,359,49,1316,232,2195,44,45,2271,1969,ITF,ITF6,18,Calabria,Calabria,1947131,4515,0.23,0.22
2,2021-03-19,CAL,4185,1947,2238,486,5,1326,293,1965,8,102,1899,2286,ITF,ITF6,18,Calabria,Calabria,1947131,8700,0.45,0.21
3,2021-03-08,CAL,5321,2820,2501,708,25,1793,453,1516,823,3,4263,1058,ITF,ITF6,18,Calabria,Calabria,1947131,14021,0.72,0.27
4,2021-01-29,CAL,2048,984,1064,1752,4,243,49,0,0,0,234,1814,ITF,ITF6,18,Calabria,Calabria,1947131,16069,0.83,0.11
5,2021-01-27,CAL,1457,734,723,1226,2,206,23,0,0,0,396,1061,ITF,ITF6,18,Calabria,Calabria,1947131,17526,0.9,0.07
6,2021-03-31,CAL,8795,3989,4806,378,10,3148,629,2511,68,2051,4859,3936,ITF,ITF6,18,Calabria,Calabria,1947131,26321,1.35,0.45
7,2021-02-08,CAL,1847,733,1114,1214,158,354,121,0,0,0,661,1186,ITF,ITF6,18,Calabria,Calabria,1947131,28168,1.45,0.09
8,2021-03-05,CAL,6171,3565,2606,696,33,1557,710,1856,1314,5,5595,576,ITF,ITF6,18,Calabria,Calabria,1947131,34339,1.76,0.32
9,2021-02-28,CAL,2168,983,1185,113,8,144,190,1707,6,0,2017,151,ITF,ITF6,18,Calabria,Calabria,1947131,36507,1.87,0.11
10,2021-03-20,CAL,6479,2982,3497,432,7,1581,398,3562,34,465,4091,2388,ITF,ITF6,18,Calabria,Calabria,1947131,42986,2.21,0.33
11,2021-02-24,CAL,1843,940,903,658,7,359,115,653,47,4,1368,475,ITF,ITF6,18,Calabria,Calabria,1947131,44829,2.3,0.09
12,2021-01-22,CAL,656,274,382,298,4,244,110,0,0,0,654,2,ITF,ITF6,18,Calabria,Calabria,1947131,45485,2.34,0.03
13,2021-01-09,CAL,1916,1036,880,1529,0,387,0,0,0,0,1916,0,ITF,ITF6,18,Calabria,Calabria,1947131,47401,2.43,0.1
14,2021-01-21,CAL,958,444,514,735,1,107,115,0,0,0,929,29,ITF,ITF6,18,Calabria,Calabria,1947131,48359,2.48,0.05
15,2021-03-14,CAL,2543,1018,1525,322,2,374,312,802,9,722,2143,400,ITF,ITF6,18,Calabria,Calabria,1947131,50902,2.61,0.13
16,2021-02-09,CAL,2147,904,1243,1422,220,274,231,0,0,0,948,1199,ITF,ITF6,18,Calabria,Calabria,1947131,53049,2.72,0.11
17,2021-02-06,CAL,2910,1338,1572,2095,30,537,248,0,0,0,442,2468,ITF,ITF6,18,Calabria,Calabria,1947131,55959,2.87,0.15
18,2021-03-24,CAL,7352,3348,4004,386,23,2325,696,2362,65,1495,4176,3176,ITF,ITF6,18,Calabria,Calabria,1947131,63311,3.25,0.38
19,2021-03-23,CAL,5207,2442,2765,280,4,1847,47,1869,77,1083,3409,1798,ITF,ITF6,18,Calabria,Calabria,1947131,68518,3.52,0.27
20,2021-01-05,CAL,1350,618,732,1256,0,94,0,0,0,0,1350,0,ITF,ITF6,18,Calabria,Calabria,1947131,69868,3.59,0.07
21,2021-03-26,CAL,7638,3621,4017,511,21,3406,211,2382,68,1039,4525,3113,ITF,ITF6,18,Calabria,Calabria,1947131,77506,3.98,0.39
22,2021-01-30,CAL,2173,1147,1026,1974,0,199,0,0,0,0,358,1815,ITF,ITF6,18,Calabria,Calabria,1947131,79679,4.09,0.11
23,2021-01-12,CAL,2058,1017,1041,1706,0,323,29,0,0,0,2058,0,ITF,ITF6,18,Calabria,Calabria,1947131,81737,4.2,0.11
24,2021-04-02,CAL,8067,3686,4381,361,21,3083,597,2764,96,1145,4204,3863,ITF,ITF6,18,Calabria,Calabria,1947131,89804,4.61,0.41
25,2021-03-04,CAL,5389,3111,2278,646,105,1312,731,1540,1053,2,4593,796,ITF,ITF6,18,Calabria,Calabria,1947131,95193,4.89,0.28
26,2021-01-31,CAL,1108,554,554,765,1,284,58,0,0,0,155,953,ITF,ITF6,18,Calabria,Calabria,1947131,96301,4.95,0.06
27,2021-02-12,CAL,1711,669,1042,815,42,718,136,0,0,0,943,768,ITF,ITF6,18,Calabria,Calabria,1947131,98012,5.03,0.09
28,2021-03-28,CAL,2534,1172,1362,127,20,1216,26,719,14,412,1404,1130,ITF,ITF6,18,Calabria,Calabria,1947131,100546,5.16,0.13
29,2021-02-13,CAL,1331,583,748,731,18,470,111,1,0,0,968,363,ITF,ITF6,18,Calabria,Calabria,1947131,101877,5.23,0.07
30,2021-02-18,CAL,1800,803,997,586,55,454,299,345,0,61,1577,223,ITF,ITF6,18,Calabria,Calabria,1947131,103677,5.32,0.09
31,2021-01-25,CAL,1064,512,552,1021,0,43,0,0,0,0,156,908,ITF,ITF6,18,Calabria,Calabria,1947131,104741,5.38,0.05
32,2021-03-10,CAL,6445,3280,3165,743,42,2312,586,2021,677,64,5252,1193,ITF,ITF6,18,Calabria,Calabria,1947131,111186,5.71,0.33
33,2021-02-19,CAL,1461,652,809,544,21,320,195,380,1,0,1200,261,ITF,ITF6,18,Calabria,Calabria,1947131,112647,5.79,0.08
34,2021-01-11,CAL,2154,1040,1114,1759,0,392,3,0,0,0,2154,0,ITF,ITF6,18,Calabria,Calabria,1947131,114801,5.9,0.11
35,2021-04-04,CAL,1735,875,860,34,0,1110,22,502,0,67,1236,499,ITF,ITF6,18,Calabria,Calabria,1947131,116536,5.99,0.09
36,2021-03-02,CAL,4136,2395,1741,705,58,677,427,1390,877,2,3427,709,ITF,ITF6,18,Calabria,Calabria,1947131,120672,6.2,0.21
37,2021-01-04,CAL,996,492,504,969,0,27,0,0,0,0,996,0,ITF,ITF6,18,Calabria,Calabria,1947131,121668,6.25,0.05
38,2021-02-02,CAL,2289,1112,1177,1863,4,347,75,0,0,0,177,2112,ITF,ITF6,18,Calabria,Calabria,1947131,123957,6.37,0.12
39,2021-01-14,CAL,2557,1214,1343,1962,0,592,3,0,0,0,2557,0,ITF,ITF6,18,Calabria,Calabria,1947131,126514,6.5,0.13
40,2021-04-05,CAL,3444,1627,1817,133,3,1835,148,1180,11,134,2543,901,ITF,ITF6,18,Calabria,Calabria,1947131,129958,6.67,0.18
41,2021-02-05,CAL,3796,1709,2087,2327,298,617,554,0,0,0,488,3308,ITF,ITF6,18,Calabria,Calabria,1947131,133754,6.87,0.19
42,2021-03-03,CAL,4871,2655,2216,631,110,1047,917,1369,793,4,3808,1063,ITF,ITF6,18,Calabria,Calabria,1947131,138625,7.12,0.25
43,2021-04-06,CAL,7186,3222,3964,375,6,3084,444,2441,32,804,4132,3054,ITF,ITF6,18,Calabria,Calabria,1947131,145811,7.49,0.37
44,2021-02-04,CAL,3391,1623,1768,2560,38,571,222,0,0,0,644,2747,ITF,ITF6,18,Calabria,Calabria,1947131,149202,7.66,0.17
45,2021-02-25,CAL,2821,1519,1302,736,49,587,234,863,348,4,2242,579,ITF,ITF6,18,Calabria,Calabria,1947131,152023,7.81,0.14
46,2021-03-16,CAL,3769,1847,1922,459,5,1116,22,2079,58,30,2171,1598,ITF,ITF6,18,Calabria,Calabria,1947131,155792,8.0,0.19
47,2021-02-11,CAL,2341,1043,1298,1464,71,565,241,0,0,0,1081,1260,ITF,ITF6,18,Calabria,Calabria,1947131,158133,8.12,0.12
48,2021-03-07,CAL,3131,1561,1570,105,0,655,348,1674,347,2,3042,89,ITF,ITF6,18,Calabria,Calabria,1947131,161264,8.28,0.16
49,2021-03-15,CAL,3448,1652,1796,542,38,889,136,1093,163,587,2019,1429,ITF,ITF6,18,Calabria,Calabria,1947131,164712,8.46,0.18
50,2021-01-17,CAL,867,418,449,527,9,283,48,0,0,0,801,66,ITF,ITF6,18,Calabria,Calabria,1947131,165579,8.5,0.04
51,2021-02-27,CAL,3680,1913,1767,421,37,551,395,1972,302,2,3302,378,ITF,ITF6,18,Calabria,Calabria,1947131,169259,8.69,0.19
52,2021-03-01,CAL,2689,1534,1155,399,6,416,257,971,637,3,2239,450,ITF,ITF6,18,Calabria,Calabria,1947131,171948,8.83,0.14
53,2021-01-06,CAL,926,500,426,822,0,104,0,0,0,0,926,0,ITF,ITF6,18,Calabria,Calabria,1947131,172874,8.88,0.05
54,2021-01-10,CAL,929,524,405,830,0,99,0,0,0,0,929,0,ITF,ITF6,18,Calabria,Calabria,1947131,173803,8.93,0.05
55,2021-02-07,CAL,860,428,432,567,15,197,81,0,0,0,147,713,ITF,ITF6,18,Calabria,Calabria,1947131,174663,8.97,0.04
56,2021-01-23,CAL,400,186,214,325,1,51,23,0,0,0,358,42,ITF,ITF6,18,Calabria,Calabria,1947131,175063,8.99,0.02
57,2021-03-25,CAL,6999,3314,3685,291,34,2932,428,2157,57,1100,4483,2516,ITF,ITF6,18,Calabria,Calabria,1947131,182062,9.35,0.36
58,2021-02-10,CAL,2463,1074,1389,1469,66,571,357,0,0,0,839,1624,ITF,ITF6,18,Calabria,Calabria,1947131,184525,9.48,0.13
59,2021-02-15,CAL,1137,538,599,499,26,386,159,66,0,1,989,148,ITF,ITF6,18,Calabria,Calabria,1947131,185662,9.54,0.06
60,2021-02-03,CAL,2763,1428,1335,2170,22,468,103,0,0,0,583,2180,ITF,ITF6,18,Calabria,Calabria,1947131,188425,9.68,0.14
61,2021-01-13,CAL,2028,1022,1006,1800,0,194,34,0,0,0,2028,0,ITF,ITF6,18,Calabria,Calabria,1947131,190453,9.78,0.1
62,2021-02-21,CAL,608,286,322,36,28,136,47,331,30,0,531,77,ITF,ITF6,18,Calabria,Calabria,1947131,191061,9.81,0.03
63,2021-02-16,CAL,1534,643,891,659,11,506,240,118,0,0,1255,279,ITF,ITF6,18,Calabria,Calabria,1947131,192595,9.89,0.08
64,2021-03-21,CAL,4362,1882,2480,135,0,1127,200,2126,29,745,2660,1702,ITF,ITF6,18,Calabria,Calabria,1947131,196957,10.12,0.22
65,2021-01-07,CAL,2180,1061,1119,1883,0,297,0,0,0,0,2180,0,ITF,ITF6,18,Calabria,Calabria,1947131,199137,10.23,0.11
66,2021-02-23,CAL,1549,728,821,437,33,348,206,522,2,1,1434,115,ITF,ITF6,18,Calabria,Calabria,1947131,200686,10.31,0.08
67,2021-01-18,CAL,1230,550,680,982,0,237,11,0,0,0,1040,190,ITF,ITF6,18,Calabria,Calabria,1947131,201916,10.37,0.06
68,2021-03-13,CAL,6656,2933,3723,425,44,1334,338,3765,65,685,5682,974,ITF,ITF6,18,Calabria,Calabria,1947131,208572,10.71,0.34
69,2021-01-19,CAL,1109,488,621,853,8,172,76,0,0,0,1098,11,ITF,ITF6,18,Calabria,Calabria,1947131,209681,10.77,0.06
70,2021-01-20,CAL,1395,622,773,864,6,346,179,0,0,0,1394,1,ITF,ITF6,18,Calabria,Calabria,1947131,211076,10.84,0.07
71,2021-03-11,CAL,6877,3278,3599,934,25,2039,570,2380,329,600,5621,1256,ITF,ITF6,18,Calabria,Calabria,1947131,217953,11.19,0.35
72,2021-03-22,CAL,4707,2202,2505,194,10,1197,147,1994,40,1125,3041,1666,ITF,ITF6,18,Calabria,Calabria,1947131,222660,11.44,0.24
73,2021-03-06,CAL,7953,4059,3894,702,69,1804,758,3798,816,6,7197,756,ITF,ITF6,18,Calabria,Calabria,1947131,230613,11.84,0.41
74,2021-01-28,CAL,2232,1107,1125,1920,1,311,0,0,0,0,84,2148,ITF,ITF6,18,Calabria,Calabria,1947131,232845,11.96,0.11
75,2021-04-07,CAL,1924,877,1047,55,1,891,135,706,7,129,1013,911,ITF,ITF6,18,Calabria,Calabria,1947131,234769,12.06,0.1
76,2021-03-17,CAL,3636,1622,2014,277,49,931,165,2094,26,94,1938,1698,ITF,ITF6,18,Calabria,Calabria,1947131,238405,12.24,0.19
77,2021-02-17,CAL,1682,672,1010,674,21,322,285,299,0,81,1471,211,ITF,ITF6,18,Calabria,Calabria,1947131,240087,12.33,0.09
78,2021-04-03,CAL,8819,3788,5031,363,3,2617,353,4820,42,621,4202,4617,ITF,ITF6,18,Calabria,Calabria,1947131,248906,12.78,0.45
79,2021-03-12,CAL,5093,2438,2655,468,26,1300,217,1963,333,786,4050,1043,ITF,ITF6,18,Calabria,Calabria,1947131,253999,13.04,0.26
80,2021-03-29,CAL,5546,2356,3190,205,6,2540,133,1110,29,1523,3795,1751,ITF,ITF6,18,Calabria,Calabria,1947131,259545,13.33,0.28
81,2021-03-09,CAL,5824,3032,2792,803,23,1918,419,1769,874,18,4847,977,ITF,ITF6,18,Calabria,Calabria,1947131,265369,13.63,0.3
82,2021-02-20,CAL,1358,735,623,438,23,388,55,433,19,2,1043,315,ITF,ITF6,18,Calabria,Calabria,1947131,266727,13.7,0.07
83,2021-02-01,CAL,2497,1192,1305,2044,4,406,43,0,0,0,248,2249,ITF,ITF6,18,Calabria,Calabria,1947131,269224,13.83,0.13
84,2021-02-14,CAL,371,145,226,146,13,129,83,0,0,0,341,30,ITF,ITF6,18,Calabria,Calabria,1947131,269595,13.85,0.02
85,2021-03-27,CAL,8229,3724,4505,306,4,3176,144,3175,24,1400,4439,3790,ITF,ITF6,18,Calabria,Calabria,1947131,277824,14.27,0.42
86,2021-01-08,CAL,2109,1014,1095,1898,0,211,0,0,0,0,2109,0,ITF,ITF6,18,Calabria,Calabria,1947131,279933,14.38,0.11
87,2021-01-26,CAL,1805,861,944,1571,18,146,70,0,0,0,285,1520,ITF,ITF6,18,Calabria,Calabria,1947131,281738,14.47,0.09
88,2021-01-03,CAL,6,3,3,4,0,2,0,0,0,0,6,0,ITF,ITF6,18,Calabria,Calabria,1947131,281744,14.47,0.0
89,2021-01-16,CAL,2394,1120,1274,1664,22,467,241,0,0,0,2394,0,ITF,ITF6,18,Calabria,Calabria,1947131,284138,14.59,0.12
90,2021-01-02,CAL,165,94,71,165,0,0,0,0,0,0,165,0,ITF,ITF6,18,Calabria,Calabria,1947131,284303,14.6,0.01
91,2021-01-24,CAL,44,18,26,15,0,3,26,0,0,0,39,5,ITF,ITF6,18,Calabria,Calabria,1947131,284347,14.6,0.0
92,2020-12-28,CAL,6,2,4,6,0,0,0,0,0,0,6,0,ITF,ITF6,18,Calabria,Calabria,1947131,284353,14.6,0.0
93,2021-04-01,CAL,8235,3730,4505,455,36,3010,669,2913,41,1111,3820,4415,ITF,ITF6,18,Calabria,Calabria,1947131,292588,15.03,0.42
94,2021-02-22,CAL,1997,1013,984,728,48,495,166,552,3,5,1441,556,ITF,ITF6,18,Calabria,Calabria,1947131,294585,15.13,0.1
95,2021-01-15,CAL,2793,1258,1535,1690,35,656,412,0,0,0,2793,0,ITF,ITF6,18,Calabria,Calabria,1947131,297378,15.27,0.14
96,2021-03-30,CAL,5785,2486,3299,166,7,2369,200,1883,42,1118,3192,2593,ITF,ITF6,18,Calabria,Calabria,1947131,303163,15.57,0.3
97,2021-02-26,CAL,3079,1631,1448,539,57,631,407,1147,294,4,2611,468,ITF,ITF6,18,Calabria,Calabria,1947131,306242,15.73,0.16
98,2021-03-31,SAR,9587,3811,5776,395,102,2816,228,4652,16,1378,7230,2357,ITG,ITG2,20,Sardegna,Sardegna,1639591,9587,0.58,0.58
99,2021-01-29,SAR,2951,1067,1884,2580,226,142,3,0,0,0,48,2903,ITG,ITG2,20,Sardegna,Sardegna,1639591,12538,0.76,0.18
100,2021-03-03,SAR,3743,2037,1706,1058,273,444,525,702,740,1,2605,1138,ITG,ITG2,20,Sardegna,Sardegna,1639591,16281,0.99,0.23
101,2021-01-09,SAR,4026,1417,2609,3181,602,243,0,0,0,0,4026,0,ITG,ITG2,20,Sardegna,Sardegna,1639591,20307,1.24,0.25
102,2021-03-01,SAR,2160,1054,1106,1135,233,212,141,104,334,1,1501,659,ITG,ITG2,20,Sardegna,Sardegna,1639591,22467,1.37,0.13
103,2021-01-22,SAR,83,47,36,45,38,0,0,0,0,0,55,28,ITG,ITG2,20,Sardegna,Sardegna,1639591,22550,1.38,0.01
104,2021-03-06,SAR,2638,1079,1559,1106,543,401,461,12,79,36,857,1781,ITG,ITG2,20,Sardegna,Sardegna,1639591,25188,1.54,0.16
105,2021-02-17,SAR,1406,576,830,689,292,85,313,0,27,0,1332,74,ITG,ITG2,20,Sardegna,Sardegna,1639591,26594,1.62,0.09
106,2021-02-09,SAR,2286,837,1449,1308,408,71,497,1,0,1,1290,996,ITG,ITG2,20,Sardegna,Sardegna,1639591,28880,1.76,0.14
107,2021-02-16,SAR,700,289,411,376,135,77,112,0,0,0,673,27,ITG,ITG2,20,Sardegna,Sardegna,1639591,29580,1.8,0.04
108,2021-03-10,SAR,6005,2915,3090,719,383,516,414,2981,657,335,5153,852,ITG,ITG2,20,Sardegna,Sardegna,1639591,35585,2.17,0.37
109,2021-02-21,SAR,1585,710,875,66,25,8,59,1421,6,0,1555,30,ITG,ITG2,20,Sardegna,Sardegna,1639591,37170,2.27,0.1
110,2021-01-31,SAR,2121,750,1371,1544,128,448,0,1,0,0,48,2073,ITG,ITG2,20,Sardegna,Sardegna,1639591,39291,2.4,0.13
111,2021-02-28,SAR,368,169,199,245,69,7,47,0,0,0,142,226,ITG,ITG2,20,Sardegna,Sardegna,1639591,39659,2.42,0.02
112,2021-01-16,SAR,1492,525,967,1282,165,44,0,0,0,1,1492,0,ITG,ITG2,20,Sardegna,Sardegna,1639591,41151,2.51,0.09
113,2021-02-24,SAR,2410,1292,1118,1193,311,303,301,3,299,0,2221,189,ITG,ITG2,20,Sardegna,Sardegna,1639591,43561,2.66,0.15
114,2021-03-22,SAR,3492,1322,2170,838,151,412,109,781,66,1135,2979,513,ITG,ITG2,20,Sardegna,Sardegna,1639591,47053,2.87,0.21
115,2021-01-26,SAR,1336,453,883,1296,27,12,0,0,0,1,27,1309,ITG,ITG2,20,Sardegna,Sardegna,1639591,48389,2.95,0.08
116,2021-01-11,SAR,1183,505,678,656,139,387,0,1,0,0,1183,0,ITG,ITG2,20,Sardegna,Sardegna,1639591,49572,3.02,0.07
117,2021-01-25,SAR,588,212,376,553,29,6,0,0,0,0,22,566,ITG,ITG2,20,Sardegna,Sardegna,1639591,50160,3.06,0.04
118,2021-03-05,SAR,4963,2430,2533,1692,775,588,669,570,659,10,2675,2288,ITG,ITG2,20,Sardegna,Sardegna,1639591,55123,3.36,0.3
119,2021-02-12,SAR,2237,933,1304,986,660,89,501,1,0,0,2178,59,ITG,ITG2,20,Sardegna,Sardegna,1639591,57360,3.5,0.14
120,2021-03-08,SAR,4000,1785,2215,740,492,669,649,853,444,153,2781,1219,ITG,ITG2,20,Sardegna,Sardegna,1639591,61360,3.74,0.24
121,2021-01-15,SAR,1563,573,990,1170,338,52,0,0,3,0,1563,0,ITG,ITG2,20,Sardegna,Sardegna,1639591,62923,3.84,0.1
122,2021-03-29,SAR,4322,1515,2807,624,209,840,182,968,88,1411,3736,586,ITG,ITG2,20,Sardegna,Sardegna,1639591,67245,4.1,0.26
123,2021-01-02,SAR,60,21,39,60,0,0,0,0,0,0,60,0,ITG,ITG2,20,Sardegna,Sardegna,1639591,67305,4.1,0.0
124,2021-03-09,SAR,5148,2370,2778,1055,368,528,285,2270,332,310,4418,730,ITG,ITG2,20,Sardegna,Sardegna,1639591,72453,4.42,0.31
125,2021-03-15,SAR,2683,1215,1468,458,172,477,85,323,149,1019,2310,373,ITG,ITG2,20,Sardegna,Sardegna,1639591,75136,4.58,0.16
126,2021-02-23,SAR,1519,1010,509,602,191,330,89,6,301,0,1285,234,ITG,ITG2,20,Sardegna,Sardegna,1639591,76655,4.68,0.09
127,2021-01-23,SAR,60,22,38,60,0,0,0,0,0,0,0,60,ITG,ITG2,20,Sardegna,Sardegna,1639591,76715,4.68,0.0
128,2021-01-12,SAR,865,408,457,504,88,273,0,0,0,0,865,0,ITG,ITG2,20,Sardegna,Sardegna,1639591,77580,4.73,0.05
129,2021-01-14,SAR,1105,426,679,885,167,53,0,0,0,0,1105,0,ITG,ITG2,20,Sardegna,Sardegna,1639591,78685,4.8,0.07
130,2021-02-11,SAR,1314,490,824,588,240,116,369,1,0,0,1203,111,ITG,ITG2,20,Sardegna,Sardegna,1639591,79999,4.88,0.08
131,2021-04-06,SAR,6725,2779,3946,656,79,3157,168,2180,31,454,4752,1973,ITG,ITG2,20,Sardegna,Sardegna,1639591,86724,5.29,0.41
132,2021-03-20,SAR,5149,2060,3089,695,255,411,127,2701,105,855,2873,2276,ITG,ITG2,20,Sardegna,Sardegna,1639591,91873,5.6,0.31
133,2021-03-28,SAR,4499,1773,2726,83,19,488,21,3195,12,681,4420,79,ITG,ITG2,20,Sardegna,Sardegna,1639591,96372,5.88,0.27
134,2021-01-17,SAR,860,277,583,747,113,0,0,0,0,0,859,1,ITG,ITG2,20,Sardegna,Sardegna,1639591,97232,5.93,0.05
135,2021-03-19,SAR,7189,2995,4194,1315,444,1598,222,3410,190,10,4974,2215,ITG,ITG2,20,Sardegna,Sardegna,1639591,104421,6.37,0.44
136,2021-01-07,SAR,3111,1077,2034,2720,311,69,0,0,11,0,3111,0,ITG,ITG2,20,Sardegna,Sardegna,1639591,107532,6.56,0.19
137,2020-12-28,SAR,65,25,40,65,0,0,0,0,0,0,65,0,ITG,ITG2,20,Sardegna,Sardegna,1639591,107597,6.56,0.0
138,2021-01-13,SAR,573,178,395,494,76,3,0,0,0,0,573,0,ITG,ITG2,20,Sardegna,Sardegna,1639591,108170,6.6,0.03
139,2021-03-21,SAR,4030,1809,2221,64,5,405,0,2879,102,575,2590,1440,ITG,ITG2,20,Sardegna,Sardegna,1639591,112200,6.84,0.25
140,2021-02-26,SAR,2797,1107,1690,1224,509,561,221,203,74,5,2491,306,ITG,ITG2,20,Sardegna,Sardegna,1639591,114997,7.01,0.17
141,2021-03-11,SAR,5901,2669,3232,1011,419,650,416,2813,490,102,4682,1219,ITG,ITG2,20,Sardegna,Sardegna,1639591,120898,7.37,0.36
142,2021-03-07,SAR,1657,750,907,323,227,15,78,1012,0,2,1117,540,ITG,ITG2,20,Sardegna,Sardegna,1639591,122555,7.47,0.1
143,2021-04-07,SAR,6862,3087,3775,448,192,3148,208,2573,11,282,3652,3210,ITG,ITG2,20,Sardegna,Sardegna,1639591,129417,7.89,0.42
144,2021-03-02,SAR,2762,1423,1339,1046,277,454,278,321,384,2,1712,1050,ITG,ITG2,20,Sardegna,Sardegna,1639591,132179,8.06,0.17
145,2021-02-10,SAR,1959,765,1194,1169,245,56,488,0,0,1,1441,518,ITG,ITG2,20,Sardegna,Sardegna,1639591,134138,8.18,0.12
146,2021-03-25,SAR,8326,3470,4856,815,153,1776,188,3581,251,1562,7023,1303,ITG,ITG2,20,Sardegna,Sardegna,1639591,142464,8.69,0.51
147,2021-04-01,SAR,9463,3736,5727,454,135,3216,204,4123,81,1250,6687,2776,ITG,ITG2,20,Sardegna,Sardegna,1639591,151927,9.27,0.58
148,2021-04-03,SAR,4217,1618,2599,181,174,915,61,2444,17,425,2500,1717,ITG,ITG2,20,Sardegna,Sardegna,1639591,156144,9.52,0.26
149,2021-02-02,SAR,1482,655,827,988,187,307,0,0,0,0,241,1241,ITG,ITG2,20,Sardegna,Sardegna,1639591,157626,9.61,0.09
150,2021-01-20,SAR,210,77,133,154,56,0,0,0,0,0,208,2,ITG,ITG2,20,Sardegna,Sardegna,1639591,157836,9.63,0.01
151,2021-03-23,SAR,6076,2583,3493,1108,209,974,260,2294,90,1141,4996,1080,ITG,ITG2,20,Sardegna,Sardegna,1639591,163912,10.0,0.37
152,2020-12-27,SAR,65,34,31,65,0,0,0,0,0,0,65,0,ITG,ITG2,20,Sardegna,Sardegna,1639591,163977,10.0,0.0
153,2021-02-20,SAR,2041,855,1186,484,128,31,195,1202,0,1,1707,334,ITG,ITG2,20,Sardegna,Sardegna,1639591,166018,10.13,0.12
154,2021-02-15,SAR,958,349,609,440,226,13,279,0,0,0,927,31,ITG,ITG2,20,Sardegna,Sardegna,1639591,166976,10.18,0.06
155,2021-03-13,SAR,2725,1062,1663,274,103,293,145,1735,43,132,2444,281,ITG,ITG2,20,Sardegna,Sardegna,1639591,169701,10.35,0.17
156,2021-03-27,SAR,5471,2070,3401,331,135,1011,203,2477,15,1299,5048,423,ITG,ITG2,20,Sardegna,Sardegna,1639591,175172,10.68,0.33
157,2021-03-18,SAR,7213,3051,4162,1076,240,1338,354,4130,12,63,5610,1603,ITG,ITG2,20,Sardegna,Sardegna,1639591,182385,11.12,0.44
158,2021-02-05,SAR,1897,749,1148,1214,420,95,164,1,3,0,433,1464,ITG,ITG2,20,Sardegna,Sardegna,1639591,184282,11.24,0.12
159,2021-03-17,SAR,6537,2845,3692,1076,452,1027,528,3322,4,128,4928,1609,ITG,ITG2,20,Sardegna,Sardegna,1639591,190819,11.64,0.4
160,2021-01-28,SAR,2968,1044,1924,2554,327,76,0,0,11,0,69,2899,ITG,ITG2,20,Sardegna,Sardegna,1639591,193787,11.82,0.18
161,2021-01-10,SAR,2183,750,1433,1632,228,323,0,0,0,0,2183,0,ITG,ITG2,20,Sardegna,Sardegna,1639591,195970,11.95,0.13
162,2021-03-14,SAR,606,376,230,34,1,235,0,251,73,12,606,0,ITG,ITG2,20,Sardegna,Sardegna,1639591,196576,11.99,0.04
163,2021-03-16,SAR,4367,1945,2422,645,173,704,311,2526,0,8,3445,922,ITG,ITG2,20,Sardegna,Sardegna,1639591,200943,12.26,0.27
164,2021-02-19,SAR,1495,470,1025,677,336,101,379,1,1,0,1439,56,ITG,ITG2,20,Sardegna,Sardegna,1639591,202438,12.35,0.09
165,2021-03-26,SAR,7930,3109,4821,842,254,2042,413,2708,151,1520,6406,1524,ITG,ITG2,20,Sardegna,Sardegna,1639591,210368,12.83,0.48
166,2021-02-14,SAR,539,263,276,286,187,6,57,3,0,0,537,2,ITG,ITG2,20,Sardegna,Sardegna,1639591,210907,12.86,0.03
167,2021-04-05,SAR,2030,781,1249,55,35,1087,0,144,16,693,2028,2,ITG,ITG2,20,Sardegna,Sardegna,1639591,212937,12.99,0.12
168,2021-02-25,SAR,2899,1255,1644,1474,348,390,466,161,51,9,2293,606,ITG,ITG2,20,Sardegna,Sardegna,1639591,215836,13.16,0.18
169,2021-01-06,SAR,1615,549,1066,1510,67,38,0,0,0,0,1615,0,ITG,ITG2,20,Sardegna,Sardegna,1639591,217451,13.26,0.1
170,2020-12-29,SAR,57,32,25,56,1,0,0,0,0,0,57,0,ITG,ITG2,20,Sardegna,Sardegna,1639591,217508,13.27,0.0
171,2021-03-12,SAR,5751,2405,3346,1037,482,779,456,2567,271,159,4443,1308,ITG,ITG2,20,Sardegna,Sardegna,1639591,223259,13.62,0.35
172,2021-02-08,SAR,1470,533,937,998,315,30,126,1,0,0,856,614,ITG,ITG2,20,Sardegna,Sardegna,1639591,224729,13.71,0.09
173,2021-03-04,SAR,3949,1923,2026,955,306,553,525,1094,474,42,2746,1203,ITG,ITG2,20,Sardegna,Sardegna,1639591,228678,13.95,0.24
174,2021-01-01,SAR,30,16,14,30,0,0,0,0,0,0,30,0,ITG,ITG2,20,Sardegna,Sardegna,1639591,228708,13.95,0.0
175,2021-02-22,SAR,1630,947,683,606,239,163,180,2,440,0,1402,228,ITG,ITG2,20,Sardegna,Sardegna,1639591,230338,14.05,0.1
176,2021-01-04,SAR,591,217,374,565,15,11,0,0,0,0,591,0,ITG,ITG2,20,Sardegna,Sardegna,1639591,230929,14.08,0.04
177,2020-12-31,SAR,32,16,16,28,0,4,0,0,0,0,32,0,ITG,ITG2,20,Sardegna,Sardegna,1639591,230961,14.09,0.0
178,2021-02-01,SAR,1524,605,919,896,151,400,77,0,0,0,225,1299,ITG,ITG2,20,Sardegna,Sardegna,1639591,232485,14.18,0.09
179,2021-01-19,SAR,747,270,477,423,163,0,160,0,0,1,692,55,ITG,ITG2,20,Sardegna,Sardegna,1639591,233232,14.23,0.05
180,2021-01-05,SAR,1327,446,881,1283,33,11,0,0,0,0,1327,0,ITG,ITG2,20,Sardegna,Sardegna,1639591,234559,14.31,0.08
181,2021-01-27,SAR,1408,494,914,1303,75,30,0,0,0,0,79,1329,ITG,ITG2,20,Sardegna,Sardegna,1639591,235967,14.39,0.09
182,2021-01-08,SAR,3257,1184,2073,2929,230,98,0,0,0,0,3257,0,ITG,ITG2,20,Sardegna,Sardegna,1639591,239224,14.59,0.2
183,2021-04-04,SAR,39,16,23,0,0,3,0,36,0,0,39,0,ITG,ITG2,20,Sardegna,Sardegna,1639591,239263,14.59,0.0
184,2021-02-18,SAR,1877,732,1145,1073,301,61,298,1,33,110,1813,64,ITG,ITG2,20,Sardegna,Sardegna,1639591,241140,14.71,0.11
185,2021-02-27,SAR,1920,647,1273,1059,291,88,306,176,0,0,1365,555,ITG,ITG2,20,Sardegna,Sardegna,1639591,243060,14.82,0.12
186,2021-02-04,SAR,2271,816,1455,1737,307,56,170,1,0,0,916,1355,ITG,ITG2,20,Sardegna,Sardegna,1639591,245331,14.96,0.14
187,2021-03-30,SAR,7159,2827,4332,628,224,1997,207,2638,28,1437,5416,1743,ITG,ITG2,20,Sardegna,Sardegna,1639591,252490,15.4,0.44
188,2021-01-03,SAR,90,36,54,89,1,0,0,0,0,0,90,0,ITG,ITG2,20,Sardegna,Sardegna,1639591,252580,15.41,0.01
189,2021-01-30,SAR,3862,1392,2470,2987,500,374,0,1,0,0,362,3500,ITG,ITG2,20,Sardegna,Sardegna,1639591,256442,15.64,0.24
190,2021-01-21,SAR,126,60,66,60,44,22,0,0,0,0,94,32,ITG,ITG2,20,Sardegna,Sardegna,1639591,256568,15.65,0.01
191,2021-04-02,SAR,8432,3293,5139,524,199,2401,164,3812,31,1301,5586,2846,ITG,ITG2,20,Sardegna,Sardegna,1639591,265000,16.16,0.51
192,2021-01-24,SAR,90,34,56,89,0,1,0,0,0,0,5,85,ITG,ITG2,20,Sardegna,Sardegna,1639591,265090,16.17,0.01
193,2021-02-06,SAR,1970,697,1273,1544,237,49,139,0,0,1,569,1401,ITG,ITG2,20,Sardegna,Sardegna,1639591,267060,16.29,0.12
194,2021-03-24,SAR,7012,2873,4139,738,159,1507,390,2975,184,1059,5652,1360,ITG,ITG2,20,Sardegna,Sardegna,1639591,274072,16.72,0.43
195,2021-02-13,SAR,1454,563,891,732,400,64,253,0,0,5,1452,2,ITG,ITG2,20,Sardegna,Sardegna,1639591,275526,16.8,0.09
196,2021-02-07,SAR,1116,394,722,975,136,5,0,0,0,0,228,888,ITG,ITG2,20,Sardegna,Sardegna,1639591,276642,16.87,0.07
197,2021-01-18,SAR,904,326,578,714,173,17,0,0,0,0,780,124,ITG,ITG2,20,Sardegna,Sardegna,1639591,277546,16.93,0.06
198,2021-02-03,SAR,1119,419,700,920,169,11,19,0,0,0,426,693,ITG,ITG2,20,Sardegna,Sardegna,1639591,278665,17.0,0.07
199,2021-01-22,ABR,118,57,61,2,1,3,112,0,0,0,118,0,ITF,ITF1,13,Abruzzo,Abruzzo,1304970,118,0.01,0.01
200,2021-02-26,ABR,3920,1671,2249,1025,13,552,160,1651,257,262,2951,969,ITF,ITF1,13,Abruzzo,Abruzzo,1304970,4038,0.31,0.3
201,2021-02-12,ABR,968,319,649,438,11,209,310,0,0,0,779,189,ITF,ITF1,13,Abruzzo,Abruzzo,1304970,5006,0.38,0.07
202,2021-03-06,ABR,4174,1354,2820,432,24,344,52,1748,15,1559,3604,570,ITF,ITF1,13,Abruzzo,Abruzzo,1304970,9180,0.7,0.32
203,2021-01-12,ABR,1804,666,1138,1470,42,292,0,0,0,0,1804,0,ITF,ITF1,13,Abruzzo,Abruzzo,1304970,10984,0.84,0.14
204,2021-03-21,ABR,2135,913,1222,9,0,47,1,1919,29,130,844,1291,ITF,ITF1,13,Abruzzo,Abruzzo,1304970,13119,1.01,0.16
205,2021-03-01,ABR,3489,1392,2097,698,29,264,174,1914,128,282,2725,764,ITF,ITF1,13,Abruzzo,Abruzzo,1304970,16608,1.27,0.27
206,2020-12-27,ABR,37,19,18,34,0,1,2,0,0,0,37,0,ITF,ITF1,13,Abruzzo,Abruzzo,1304970,16645,1.28,0.0
207,2021-03-05,ABR,5262,1938,3324,561,10,447,108,2582,202,1352,4564,698,ITF,ITF1,13,Abruzzo,Abruzzo,1304970,21907,1.68,0.4
208,2021-03-18,ABR,3896,1651,2245,281,2,284,3,3297,22,7,2065,1831,ITF,ITF1,13,Abruzzo,Abruzzo,1304970,25803,1.98,0.3
209,2021-02-13,ABR,845,383,462,549,25,199,72,0,0,0,437,408,ITF,ITF1,13,Abruzzo,Abruzzo,1304970,26648,2.04,0.06
210,2021-03-08,ABR,5127,1669,3458,1190,30,477,112,1019,104,2195,4153,974,ITF,ITF1,13,Abruzzo,Abruzzo,1304970,31775,2.43,0.39
211,2021-03-31,ABR,6655,2882,3773,446,5,2615,77,3255,12,245,4587,2068,ITF,ITF1,13,Abruzzo,Abruzzo,1304970,38430,2.94,0.51
212,2021-03-10,ABR,4951,1640,3311,736,29,426,242,1519,127,1872,3994,957,ITF,ITF1,13,Abruzzo,Abruzzo,1304970,43381,3.32,0.38
213,2021-03-03,ABR,4629,1883,2746,1222,6,577,36,1587,346,855,3723,906,ITF,ITF1,13,Abruzzo,Abruzzo,1304970,48010,3.68,0.35
214,2021-03-04,ABR,5937,2359,3578,1171,14,521,93,2992,328,818,5015,922,ITF,ITF1,13,Abruzzo,Abruzzo,1304970,53947,4.13,0.45
215,2021-02-05,ABR,1536,521,1015,1188,11,230,107,0,0,0,789,747,ITF,ITF1,13,Abruzzo,Abruzzo,1304970,55483,4.25,0.12
216,2021-01-17,ABR,187,59,128,136,13,38,0,0,0,0,180,7,ITF,ITF1,13,Abruzzo,Abruzzo,1304970,55670,4.27,0.01
217,2021-03-17,ABR,4545,1876,2669,285,26,187,144,3875,17,11,2802,1743,ITF,ITF1,13,Abruzzo,Abruzzo,1304970,60215,4.61,0.35
218,2021-02-23,ABR,2784,1274,1510,324,22,401,215,1436,286,100,2773,11,ITF,ITF1,13,Abruzzo,Abruzzo,1304970,62999,4.83,0.21
219,2021-01-04,ABR,1401,575,826,1396,0,5,0,0,0,0,1401,0,ITF,ITF1,13,Abruzzo,Abruzzo,1304970,64400,4.93,0.11
220,2021-03-11,ABR,5429,2190,3239,1327,39,519,241,1539,199,1565,4290,1139,ITF,ITF1,13,Abruzzo,Abruzzo,1304970,69829,5.35,0.42
221,2021-01-20,ABR,447,156,291,147,1,95,204,0,0,0,445,2,ITF,ITF1,13,Abruzzo,Abruzzo,1304970,70276,5.39,0.03
222,2021-04-05,ABR,2696,1150,1546,136,1,1167,3,1368,5,16,1816,880,ITF,ITF1,13,Abruzzo,Abruzzo,1304970,72972,5.59,0.21
223,2021-02-01,ABR,1632,573,1059,1384,34,213,1,0,0,0,271,1361,ITF,ITF1,13,Abruzzo,Abruzzo,1304970,74604,5.72,0.13
224,2021-02-28,ABR,1707,511,1196,23,0,34,0,79,149,1422,1705,2,ITF,ITF1,13,Abruzzo,Abruzzo,1304970,76311,5.85,0.13
225,2021-01-23,ABR,264,114,150,224,0,14,26,0,0,0,57,207,ITF,ITF1,13,Abruzzo,Abruzzo,1304970,76575,5.87,0.02
226,2021-02-09,ABR,908,311,597,612,56,109,131,0,0,0,499,409,ITF,ITF1,13,Abruzzo,Abruzzo,1304970,77483,5.94,0.07
227,2021-02-04,ABR,1681,616,1065,1168,47,409,57,0,0,0,609,1072,ITF,ITF1,13,Abruzzo,Abruzzo,1304970,79164,6.07,0.13
228,2021-04-06,ABR,7683,3578,4105,433,7,4771,44,2340,34,54,5363,2320,ITF,ITF1,13,Abruzzo,Abruzzo,1304970,86847,6.66,0.59
229,2021-03-22,ABR,4399,1959,2440,385,8,800,50,2578,136,442,2429,1970,ITF,ITF1,13,Abruzzo,Abruzzo,1304970,91246,6.99,0.34
230,2021-03-29,ABR,5625,2524,3101,463,1,1296,42,3593,35,195,2985,2640,ITF,ITF1,13,Abruzzo,Abruzzo,1304970,96871,7.42,0.43
231,2021-01-03,ABR,471,185,286,464,0,7,0,0,0,0,471,0,ITF,ITF1,13,Abruzzo,Abruzzo,1304970,97342,7.46,0.04
232,2021-03-15,ABR,3639,1398,2241,657,8,562,78,1963,41,330,1823,1816,ITF,ITF1,13,Abruzzo,Abruzzo,1304970,100981,7.74,0.28
233,2021-02-03,ABR,2061,717,1344,1541,47,355,118,0,0,0,419,1642,ITF,ITF1,13,Abruzzo,Abruzzo,1304970,103042,7.9,0.16
234,2021-04-07,ABR,2043,977,1066,32,4,1184,6,807,8,2,1414,629,ITF,ITF1,13,Abruzzo,Abruzzo,1304970,105085,8.05,0.16
235,2021-01-28,ABR,1433,495,938,1370,1,61,1,0,0,0,12,1421,ITF,ITF1,13,Abruzzo,Abruzzo,1304970,106518,8.16,0.11
236,2021-01-19,ABR,111,55,56,27,1,33,50,0,0,0,91,20,ITF,ITF1,13,Abruzzo,Abruzzo,1304970,106629,8.17,0.01
237,2021-03-23,ABR,4852,2210,2642,180,25,505,183,3353,206,400,2283,2569,ITF,ITF1,13,Abruzzo,Abruzzo,1304970,111481,8.54,0.37
238,2021-01-24,ABR,50,22,28,49,0,1,0,0,0,0,6,44,ITF,ITF1,13,Abruzzo,Abruzzo,1304970,111531,8.55,0.0
239,2021-03-19,ABR,5795,2584,3211,755,28,432,118,4398,51,13,2774,3021,ITF,ITF1,13,Abruzzo,Abruzzo,1304970,117326,8.99,0.44
240,2021-02-15,ABR,1796,831,965,625,30,457,221,217,246,0,1754,42,ITF,ITF1,13,Abruzzo,Abruzzo,1304970,119122,9.13,0.14
241,2021-01-21,ABR,157,47,110,10,4,2,141,0,0,0,157,0,ITF,ITF1,13,Abruzzo,Abruzzo,1304970,119279,9.14,0.01
242,2021-03-28,ABR,2417,1018,1399,247,0,883,1,877,234,175,2045,372,ITF,ITF1,13,Abruzzo,Abruzzo,1304970,121696,9.33,0.19
243,2021-02-07,ABR,777,307,470,646,6,124,1,0,0,0,201,576,ITF,ITF1,13,Abruzzo,Abruzzo,1304970,122473,9.39,0.06
244,2021-03-27,ABR,6119,2619,3500,189,11,1386,42,4235,40,216,3640,2479,ITF,ITF1,13,Abruzzo,Abruzzo,1304970,128592,9.85,0.47
245,2021-01-31,ABR,1502,488,1014,1154,85,160,103,0,0,0,287,1215,ITF,ITF1,13,Abruzzo,Abruzzo,1304970,130094,9.97,0.12
246,2021-01-27,ABR,1364,515,849,1301,1,62,0,0,0,0,39,1325,ITF,ITF1,13,Abruzzo,Abruzzo,1304970,131458,10.07,0.1
247,2021-03-09,ABR,5170,1795,3375,988,21,507,84,1320,204,2046,4231,939,ITF,ITF1,13,Abruzzo,Abruzzo,1304970,136628,10.47,0.4
248,2021-03-13,ABR,4253,1460,2793,539,17,1008,137,1468,23,1061,3177,1076,ITF,ITF1,13,Abruzzo,Abruzzo,1304970,140881,10.8,0.33
249,2021-03-12,ABR,6022,1989,4033,1005,28,848,135,1700,117,2189,4439,1583,ITF,ITF1,13,Abruzzo,Abruzzo,1304970,146903,11.26,0.46
250,2021-04-02,ABR,6683,3093,3590,184,2,3074,2,3305,22,94,5197,1486,ITF,ITF1,13,Abruzzo,Abruzzo,1304970,153586,11.77,0.51
251,2021-04-04,ABR,1625,766,859,94,7,1071,2,446,1,4,1496,129,ITF,ITF1,13,Abruzzo,Abruzzo,1304970,155211,11.89,0.12
252,2021-03-26,ABR,5303,2269,3034,264,1,1061,37,3327,164,449,3242,2061,ITF,ITF1,13,Abruzzo,Abruzzo,1304970,160514,12.3,0.41
253,2021-01-16,ABR,927,428,499,710,7,195,15,0,0,0,927,0,ITF,ITF1,13,Abruzzo,Abruzzo,1304970,161441,12.37,0.07
254,2021-01-13,ABR,1253,440,813,1103,0,150,0,0,0,0,1253,0,ITF,ITF1,13,Abruzzo,Abruzzo,1304970,162694,12.47,0.1
255,2021-03-24,ABR,6422,2829,3593,484,10,1762,143,3378,215,430,4166,2256,ITF,ITF1,13,Abruzzo,Abruzzo,1304970,169116,12.96,0.49
256,2021-03-07,ABR,2523,630,1893,28,0,210,0,461,1,1823,2523,0,ITF,ITF1,13,Abruzzo,Abruzzo,1304970,171639,13.15,0.19
257,2021-03-30,ABR,5059,2199,2860,211,2,1749,31,2741,39,286,3234,1825,ITF,ITF1,13,Abruzzo,Abruzzo,1304970,176698,13.54,0.39
258,2021-03-25,ABR,5685,2560,3125,249,10,945,39,3781,213,448,3069,2616,ITF,ITF1,13,Abruzzo,Abruzzo,1304970,182383,13.98,0.44
259,2021-02-21,ABR,1221,551,670,2,0,4,3,1210,2,0,1220,1,ITF,ITF1,13,Abruzzo,Abruzzo,1304970,183604,14.07,0.09
260,2021-01-06,ABR,1830,664,1166,1546,119,32,133,0,0,0,1830,0,ITF,ITF1,13,Abruzzo,Abruzzo,1304970,185434,14.21,0.14
261,2021-04-03,ABR,5072,2212,2860,174,1,2377,27,2401,8,84,3478,1594,ITF,ITF1,13,Abruzzo,Abruzzo,1304970,190506,14.6,0.39
262,2021-01-05,ABR,1614,604,1010,1604,0,10,0,0,0,0,1614,0,ITF,ITF1,13,Abruzzo,Abruzzo,1304970,192120,14.72,0.12
263,2021-01-18,ABR,122,48,74,106,0,14,2,0,0,0,46,76,ITF,ITF1,13,Abruzzo,Abruzzo,1304970,192242,14.73,0.01
264,2021-04-01,ABR,5530,2450,3080,274,8,2095,57,2908,35,153,3441,2089,ITF,ITF1,13,Abruzzo,Abruzzo,1304970,197772,15.16,0.42
265,2021-02-08,ABR,1201,398,803,710,122,105,264,0,0,0,491,710,ITF,ITF1,13,Abruzzo,Abruzzo,1304970,198973,15.25,0.09
266,2021-01-15,ABR,379,149,230,223,6,115,35,0,0,0,379,0,ITF,ITF1,13,Abruzzo,Abruzzo,1304970,199352,15.28,0.03
267,2021-01-09,ABR,1483,565,918,1430,0,53,0,0,0,0,1483,0,ITF,ITF1,13,Abruzzo,Abruzzo,1304970,200835,15.39,0.11
268,2021-01-08,ABR,1525,507,1018,1487,0,38,0,0,0,0,1525,0,ITF,ITF1,13,Abruzzo,Abruzzo,1304970,202360,15.51,0.12
269,2021-02-18,ABR,2291,934,1357,670,36,344,416,610,215,0,2161,130,ITF,ITF1,13,Abruzzo,Abruzzo,1304970,204651,15.68,0.18
270,2021-02-19,ABR,3301,1552,1749,990,32,401,371,1111,388,8,3201,100,ITF,ITF1,13,Abruzzo,Abruzzo,1304970,207952,15.94,0.25
271,2021-01-07,ABR,1603,552,1051,1566,0,37,0,0,0,0,1603,0,ITF,ITF1,13,Abruzzo,Abruzzo,1304970,209555,16.06,0.12
272,2021-02-16,ABR,1978,869,1109,841,20,493,139,410,75,0,1966,12,ITF,ITF1,13,Abruzzo,Abruzzo,1304970,211533,16.21,0.15
273,2021-03-02,ABR,3964,1676,2288,934,15,424,53,1857,276,405,3280,684,ITF,ITF1,13,Abruzzo,Abruzzo,1304970,215497,16.51,0.3
274,2021-01-11,ABR,1551,557,994,1337,62,104,48,0,0,0,1551,0,ITF,ITF1,13,Abruzzo,Abruzzo,1304970,217048,16.63,0.12
275,2021-01-14,ABR,530,189,341,364,0,166,0,0,0,0,530,0,ITF,ITF1,13,Abruzzo,Abruzzo,1304970,217578,16.67,0.04
276,2021-01-26,ABR,1542,567,975,1513,0,29,0,0,0,0,29,1513,ITF,ITF1,13,Abruzzo,Abruzzo,1304970,219120,16.79,0.12
277,2021-02-22,ABR,2644,1175,1469,477,5,352,46,1094,419,251,2614,30,ITF,ITF1,13,Abruzzo,Abruzzo,1304970,221764,16.99,0.2
278,2021-02-11,ABR,816,262,554,473,26,163,154,0,0,0,773,43,ITF,ITF1,13,Abruzzo,Abruzzo,1304970,222580,17.06,0.06
279,2021-03-16,ABR,3486,1453,2033,284,3,163,169,2849,6,12,1831,1655,ITF,ITF1,13,Abruzzo,Abruzzo,1304970,226066,17.32,0.27
280,2021-02-24,ABR,3304,1440,1864,391,17,324,247,1968,226,131,3128,176,ITF,ITF1,13,Abruzzo,Abruzzo,1304970,229370,17.58,0.25
281,2021-01-29,ABR,1386,449,937,1290,2,94,0,0,0,0,74,1312,ITF,ITF1,13,Abruzzo,Abruzzo,1304970,230756,17.68,0.11
282,2021-01-25,ABR,1604,633,971,1584,0,20,0,0,0,0,20,1584,ITF,ITF1,13,Abruzzo,Abruzzo,1304970,232360,17.81,0.12
283,2021-02-17,ABR,2077,952,1125,512,27,215,394,718,210,1,1794,283,ITF,ITF1,13,Abruzzo,Abruzzo,1304970,234437,17.96,0.16
284,2021-03-20,ABR,4733,2159,2574,318,15,509,60,3650,84,97,2569,2164,ITF,ITF1,13,Abruzzo,Abruzzo,1304970,239170,18.33,0.36
285,2021-02-27,ABR,2809,1337,1472,253,23,162,123,732,642,874,2543,266,ITF,ITF1,13,Abruzzo,Abruzzo,1304970,241979,18.54,0.22
286,2021-02-20,ABR,4782,1843,2939,310,7,563,192,1417,406,1887,4706,76,ITF,ITF1,13,Abruzzo,Abruzzo,1304970,246761,18.91,0.37
287,2021-01-10,ABR,1139,409,730,1091,0,48,0,0,0,0,1139,0,ITF,ITF1,13,Abruzzo,Abruzzo,1304970,247900,19.0,0.09
288,2021-03-14,ABR,1895,733,1162,8,0,150,0,1488,0,249,1228,667,ITF,ITF1,13,Abruzzo,Abruzzo,1304970,249795,19.14,0.15
289,2021-02-02,ABR,1798,677,1121,1243,67,346,142,0,0,0,241,1557,ITF,ITF1,13,Abruzzo,Abruzzo,1304970,251593,19.28,0.14
290,2021-01-30,ABR,1509,566,943,1348,1,113,47,0,0,0,69,1440,ITF,ITF1,13,Abruzzo,Abruzzo,1304970,253102,19.4,0.12
291,2021-01-02,ABR,548,218,330,540,0,8,0,0,0,0,548,0,ITF,ITF1,13,Abruzzo,Abruzzo,1304970,253650,19.44,0.04
292,2021-02-06,ABR,1611,742,869,1168,29,342,72,0,0,0,602,1009,ITF,ITF1,13,Abruzzo,Abruzzo,1304970,255261,19.56,0.12
293,2021-02-25,ABR,3086,1347,1739,615,29,528,18,1508,262,126,2558,528,ITF,ITF1,13,Abruzzo,Abruzzo,1304970,258347,19.8,0.24
294,2021-02-10,ABR,948,313,635,622,42,168,116,0,0,0,504,444,ITF,ITF1,13,Abruzzo,Abruzzo,1304970,259295,19.87,0.07
295,2021-01-05,LIG,2877,895,1982,2306,107,196,261,0,0,7,2877,0,ITC,ITC3,7,Liguria,Liguria,1550640,2877,0.19,0.19
296,2021-04-01,LIG,11895,5265,6630,431,63,6536,139,3671,137,918,9138,2757,ITC,ITC3,7,Liguria,Liguria,1550640,14772,0.95,0.77
297,2021-01-20,LIG,1548,554,994,726,121,219,480,0,0,2,1536,12,ITC,ITC3,7,Liguria,Liguria,1550640,16320,1.05,0.1
298,2021-04-03,LIG,5004,2300,2704,116,19,3620,3,1224,3,19,4239,765,ITC,ITC3,7,Liguria,Liguria,1550640,21324,1.38,0.32
299,2021-01-15,LIG,2246,752,1494,1324,271,137,512,0,0,2,2246,0,ITC,ITC3,7,Liguria,Liguria,1550640,23570,1.52,0.14
300,2021-04-07,LIG,1672,768,904,79,12,950,21,562,9,39,1236,436,ITC,ITC3,7,Liguria,Liguria,1550640,25242,1.63,0.11
301,2021-01-28,LIG,2840,969,1871,2238,182,105,309,0,1,5,39,2801,ITC,ITC3,7,Liguria,Liguria,1550640,28082,1.81,0.18
302,2021-01-06,LIG,1660,616,1044,1230,40,210,113,64,0,3,1660,0,ITC,ITC3,7,Liguria,Liguria,1550640,29742,1.92,0.11
303,2021-01-10,LIG,648,262,386,369,84,19,176,0,0,0,648,0,ITC,ITC3,7,Liguria,Liguria,1550640,30390,1.96,0.04
304,2021-02-02,LIG,2666,1004,1662,1972,195,33,464,0,0,2,198,2468,ITC,ITC3,7,Liguria,Liguria,1550640,33056,2.13,0.17
305,2021-01-02,LIG,691,245,446,595,54,42,0,0,0,0,691,0,ITC,ITC3,7,Liguria,Liguria,1550640,33747,2.18,0.04
306,2021-01-11,LIG,2652,990,1662,1990,143,202,316,0,0,1,2652,0,ITC,ITC3,7,Liguria,Liguria,1550640,36399,2.35,0.17
307,2021-01-14,LIG,2979,1055,1924,1869,336,220,553,0,0,1,2979,0,ITC,ITC3,7,Liguria,Liguria,1550640,39378,2.54,0.19
308,2021-03-03,LIG,4548,1825,2723,1029,118,127,288,2978,3,5,3555,993,ITC,ITC3,7,Liguria,Liguria,1550640,43926,2.83,0.29
309,2021-03-29,LIG,10339,4467,5872,462,126,4665,115,3906,182,883,7212,3127,ITC,ITC3,7,Liguria,Liguria,1550640,54265,3.5,0.67
310,2021-02-08,LIG,1890,726,1164,1241,206,185,251,0,0,7,306,1584,ITC,ITC3,7,Liguria,Liguria,1550640,56155,3.62,0.12
311,2021-01-12,LIG,2459,885,1574,1749,174,95,439,0,0,2,2459,0,ITC,ITC3,7,Liguria,Liguria,1550640,58614,3.78,0.16
312,2021-01-07,LIG,3166,1077,2089,2314,144,275,428,0,1,4,3166,0,ITC,ITC3,7,Liguria,Liguria,1550640,61780,3.98,0.2
313,2021-01-08,LIG,2927,999,1928,2085,167,239,431,0,1,4,2927,0,ITC,ITC3,7,Liguria,Liguria,1550640,64707,4.17,0.19
314,2021-02-10,LIG,2275,827,1448,1350,233,186,496,5,0,5,1014,1261,ITC,ITC3,7,Liguria,Liguria,1550640,66982,4.32,0.15
315,2021-01-31,LIG,624,270,354,418,67,4,135,0,0,0,9,615,ITC,ITC3,7,Liguria,Liguria,1550640,67606,4.36,0.04
316,2021-02-18,LIG,2761,1126,1635,958,119,303,349,1030,0,2,2431,330,ITC,ITC3,7,Liguria,Liguria,1550640,70367,4.54,0.18
317,2021-02-19,LIG,3095,1279,1816,989,123,469,97,1414,0,3,2919,176,ITC,ITC3,7,Liguria,Liguria,1550640,73462,4.74,0.2
318,2021-01-21,LIG,1102,385,717,584,69,116,332,1,0,0,672,430,ITC,ITC3,7,Liguria,Liguria,1550640,74564,4.81,0.07
319,2021-01-09,LIG,1335,481,854,998,73,74,188,0,0,2,1335,0,ITC,ITC3,7,Liguria,Liguria,1550640,75899,4.89,0.09
320,2020-12-29,LIG,125,33,92,93,11,0,21,0,0,0,125,0,ITC,ITC3,7,Liguria,Liguria,1550640,76024,4.9,0.01
321,2021-03-26,LIG,9090,3840,5250,603,180,2750,65,3879,316,1297,5936,3154,ITC,ITC3,7,Liguria,Liguria,1550640,85114,5.49,0.59
322,2021-03-12,LIG,6000,2767,3233,1195,209,714,78,3363,437,4,3559,2441,ITC,ITC3,7,Liguria,Liguria,1550640,91114,5.88,0.39
323,2021-04-02,LIG,11295,4956,6339,431,117,6117,21,3610,102,897,8811,2484,ITC,ITC3,7,Liguria,Liguria,1550640,102409,6.6,0.73
324,2021-01-16,LIG,1278,557,721,753,62,163,299,0,0,1,1278,0,ITC,ITC3,7,Liguria,Liguria,1550640,103687,6.69,0.08
325,2021-04-04,LIG,642,312,330,30,0,391,0,221,0,0,507,135,ITC,ITC3,7,Liguria,Liguria,1550640,104329,6.73,0.04
326,2021-01-01,LIG,144,55,89,139,4,1,0,0,0,0,144,0,ITC,ITC3,7,Liguria,Liguria,1550640,104473,6.74,0.01
327,2021-02-11,LIG,1961,761,1200,1240,126,133,456,0,0,6,1091,870,ITC,ITC3,7,Liguria,Liguria,1550640,106434,6.86,0.13
328,2021-03-13,LIG,3534,1496,2038,330,77,633,71,1513,120,790,2681,853,ITC,ITC3,7,Liguria,Liguria,1550640,109968,7.09,0.23
329,2021-02-20,LIG,1334,636,698,159,28,436,122,589,0,0,1333,1,ITC,ITC3,7,Liguria,Liguria,1550640,111302,7.18,0.09
330,2021-02-16,LIG,2392,949,1443,982,200,211,283,714,0,2,1999,393,ITC,ITC3,7,Liguria,Liguria,1550640,113694,7.33,0.15
331,2021-03-30,LIG,11578,5105,6473,483,93,5587,106,4287,206,816,8190,3388,ITC,ITC3,7,Liguria,Liguria,1550640,125272,8.08,0.75
332,2021-03-10,LIG,5755,2781,2974,823,94,699,95,3627,416,1,3851,1904,ITC,ITC3,7,Liguria,Liguria,1550640,131027,8.45,0.37
333,2021-03-08,LIG,5617,2456,3161,1123,171,363,80,3567,306,7,3933,1684,ITC,ITC3,7,Liguria,Liguria,1550640,136644,8.81,0.36
334,2021-03-27,LIG,3919,1538,2381,176,22,854,36,2056,69,706,2523,1396,ITC,ITC3,7,Liguria,Liguria,1550640,140563,9.06,0.25
335,2021-02-23,LIG,3803,1559,2244,686,79,192,116,2727,2,1,3694,109,ITC,ITC3,7,Liguria,Liguria,1550640,144366,9.31,0.25
336,2021-02-26,LIG,3760,1521,2239,781,127,97,168,2585,0,2,3433,327,ITC,ITC3,7,Liguria,Liguria,1550640,148126,9.55,0.24
337,2021-02-13,LIG,1079,508,571,543,77,58,147,254,0,0,800,279,ITC,ITC3,7,Liguria,Liguria,1550640,149205,9.62,0.07
338,2021-02-24,LIG,3758,1557,2201,804,92,182,154,2525,0,1,3499,259,ITC,ITC3,7,Liguria,Liguria,1550640,152963,9.86,0.24
339,2021-01-18,LIG,2128,741,1387,1250,182,248,438,0,0,10,1971,157,ITC,ITC3,7,Liguria,Liguria,1550640,155091,10.0,0.14
340,2021-02-22,LIG,3329,1463,1866,712,100,113,235,2167,0,2,3191,138,ITC,ITC3,7,Liguria,Liguria,1550640,158420,10.22,0.21
341,2021-03-16,LIG,6029,2696,3333,933,109,408,323,4248,3,5,2312,3717,ITC,ITC3,7,Liguria,Liguria,1550640,164449,10.61,0.39
342,2021-02-09,LIG,1899,681,1218,1085,194,143,455,0,0,22,256,1643,ITC,ITC3,7,Liguria,Liguria,1550640,166348,10.73,0.12
343,2021-03-22,LIG,7365,3277,4088,576,115,1615,82,3822,281,874,4524,2841,ITC,ITC3,7,Liguria,Liguria,1550640,173713,11.2,0.47
344,2021-03-17,LIG,5510,2352,3158,774,112,286,76,4254,2,6,2452,3058,ITC,ITC3,7,Liguria,Liguria,1550640,179223,11.56,0.36
345,2021-02-04,LIG,2814,985,1829,1866,376,92,471,0,1,8,179,2635,ITC,ITC3,7,Liguria,Liguria,1550640,182037,11.74,0.18
346,2021-01-23,LIG,809,295,514,633,94,38,43,0,0,1,153,656,ITC,ITC3,7,Liguria,Liguria,1550640,182846,11.79,0.05
347,2021-04-06,LIG,12143,5385,6758,503,104,6814,184,3940,64,534,10118,2025,ITC,ITC3,7,Liguria,Liguria,1550640,194989,12.57,0.78
348,2021-02-15,LIG,2259,838,1421,1086,185,82,241,662,1,2,1862,397,ITC,ITC3,7,Liguria,Liguria,1550640,197248,12.72,0.15
349,2021-01-17,LIG,861,300,561,516,16,66,262,0,0,1,861,0,ITC,ITC3,7,Liguria,Liguria,1550640,198109,12.78,0.06
350,2021-02-28,LIG,1060,581,479,12,1,570,3,474,0,0,1054,6,ITC,ITC3,7,Liguria,Liguria,1550640,199169,12.84,0.07
351,2020-12-30,LIG,12,5,7,12,0,0,0,0,0,0,12,0,ITC,ITC3,7,Liguria,Liguria,1550640,199181,12.85,0.0
352,2021-02-06,LIG,1891,767,1124,1309,161,45,375,0,0,1,145,1746,ITC,ITC3,7,Liguria,Liguria,1550640,201072,12.97,0.12
353,2021-01-19,LIG,1359,431,928,712,130,186,328,0,0,3,1269,90,ITC,ITC3,7,Liguria,Liguria,1550640,202431,13.05,0.09
354,2021-01-13,LIG,2753,1012,1741,1912,226,124,487,0,0,4,2753,0,ITC,ITC3,7,Liguria,Liguria,1550640,205184,13.23,0.18
355,2021-01-30,LIG,1661,567,1094,1261,88,53,257,0,0,2,25,1636,ITC,ITC3,7,Liguria,Liguria,1550640,206845,13.34,0.11
356,2021-01-03,LIG,734,230,504,658,23,52,0,0,0,1,734,0,ITC,ITC3,7,Liguria,Liguria,1550640,207579,13.39,0.05
357,2021-02-05,LIG,2627,974,1653,1727,357,75,464,0,0,4,301,2326,ITC,ITC3,7,Liguria,Liguria,1550640,210206,13.56,0.17
358,2021-02-03,LIG,2313,790,1523,1624,212,60,416,0,0,1,55,2258,ITC,ITC3,7,Liguria,Liguria,1550640,212519,13.71,0.15
359,2021-02-25,LIG,3439,1348,2091,550,91,122,88,2585,2,1,3310,129,ITC,ITC3,7,Liguria,Liguria,1550640,215958,13.93,0.22
360,2021-03-20,LIG,2315,995,1320,224,44,183,0,1855,9,0,1141,1174,ITC,ITC3,7,Liguria,Liguria,1550640,218273,14.08,0.15
361,2021-02-17,LIG,2623,1165,1458,883,131,231,262,1115,0,1,2260,363,ITC,ITC3,7,Liguria,Liguria,1550640,220896,14.25,0.17
362,2021-03-06,LIG,3302,1841,1461,377,12,782,120,1537,473,1,2597,705,ITC,ITC3,7,Liguria,Liguria,1550640,224198,14.46,0.21
363,2021-01-25,LIG,2717,888,1829,2208,128,62,317,0,0,2,471,2246,ITC,ITC3,7,Liguria,Liguria,1550640,226915,14.63,0.18
364,2021-02-12,LIG,1913,684,1229,866,119,104,393,430,0,1,895,1018,ITC,ITC3,7,Liguria,Liguria,1550640,228828,14.76,0.12
365,2021-02-27,LIG,1888,921,967,139,13,527,5,1204,0,0,1759,129,ITC,ITC3,7,Liguria,Liguria,1550640,230716,14.88,0.12
366,2021-03-21,LIG,552,221,331,7,1,19,0,525,0,0,69,483,ITC,ITC3,7,Liguria,Liguria,1550640,231268,14.91,0.04
367,2021-01-22,LIG,1813,603,1210,1064,143,41,565,0,0,0,1328,485,ITC,ITC3,7,Liguria,Liguria,1550640,233081,15.03,0.12
368,2020-12-28,LIG,80,30,50,77,0,3,0,0,0,0,80,0,ITC,ITC3,7,Liguria,Liguria,1550640,233161,15.04,0.01
369,2021-01-24,LIG,755,236,519,632,60,3,60,0,0,0,113,642,ITC,ITC3,7,Liguria,Liguria,1550640,233916,15.09,0.05
370,2021-03-25,LIG,9377,3998,5379,645,173,2762,170,3673,379,1575,5987,3390,ITC,ITC3,7,Liguria,Liguria,1550640,243293,15.69,0.6
371,2021-03-24,LIG,8758,3758,5000,522,104,2125,61,4209,401,1336,5471,3287,ITC,ITC3,7,Liguria,Liguria,1550640,252051,16.25,0.56
372,2021-03-07,LIG,1858,1085,773,184,8,516,258,508,383,1,1557,301,ITC,ITC3,7,Liguria,Liguria,1550640,253909,16.37,0.12
373,2021-03-23,LIG,8675,3921,4754,638,79,2257,56,3919,458,1268,5469,3206,ITC,ITC3,7,Liguria,Liguria,1550640,262584,16.93,0.56
374,2020-12-27,LIG,135,56,79,88,0,2,45,0,0,0,135,0,ITC,ITC3,7,Liguria,Liguria,1550640,262719,16.94,0.01
375,2021-03-31,LIG,11231,4925,6306,522,85,5303,83,4196,178,864,8470,2761,ITC,ITC3,7,Liguria,Liguria,1550640,273950,17.67,0.72
376,2021-03-02,LIG,4073,1688,2385,726,60,126,76,3080,1,4,3763,310,ITC,ITC3,7,Liguria,Liguria,1550640,278023,17.93,0.26
377,2021-03-01,LIG,3498,1425,2073,528,62,58,105,2744,0,1,3376,122,ITC,ITC3,7,Liguria,Liguria,1550640,281521,18.16,0.23
378,2021-02-07,LIG,407,153,254,191,12,17,187,0,0,0,2,405,ITC,ITC3,7,Liguria,Liguria,1550640,281928,18.18,0.03
379,2021-03-11,LIG,6202,2980,3222,1142,108,510,260,3681,499,2,4200,2002,ITC,ITC3,7,Liguria,Liguria,1550640,288130,18.58,0.4
380,2021-04-05,LIG,3971,1749,2222,190,22,1529,9,2210,1,10,2322,1649,ITC,ITC3,7,Liguria,Liguria,1550640,292101,18.84,0.26
381,2020-12-31,LIG,988,354,634,750,17,38,155,28,0,0,988,0,ITC,ITC3,7,Liguria,Liguria,1550640,293089,18.9,0.06
382,2021-01-04,LIG,2614,853,1761,2196,81,158,176,0,0,3,2614,0,ITC,ITC3,7,Liguria,Liguria,1550640,295703,19.07,0.17
383,2021-03-15,LIG,7291,3071,4220,813,171,1245,106,3773,221,962,4589,2702,ITC,ITC3,7,Liguria,Liguria,1550640,302994,19.54,0.47
384,2021-02-21,LIG,869,491,378,183,21,296,102,267,0,0,865,4,ITC,ITC3,7,Liguria,Liguria,1550640,303863,19.6,0.06
385,2021-01-27,LIG,1743,603,1140,1336,89,90,227,0,0,1,142,1601,ITC,ITC3,7,Liguria,Liguria,1550640,305606,19.71,0.11
386,2021-03-04,LIG,4721,2111,2610,920,106,212,276,2921,282,4,3891,830,ITC,ITC3,7,Liguria,Liguria,1550640,310327,20.01,0.3
387,2021-03-09,LIG,5801,2699,3102,1031,148,501,131,3457,533,0,4376,1425,ITC,ITC3,7,Liguria,Liguria,1550640,316128,20.39,0.37
388,2021-03-14,LIG,1658,752,906,66,36,345,176,577,27,431,1054,604,ITC,ITC3,7,Liguria,Liguria,1550640,317786,20.49,0.11
389,2021-02-14,LIG,233,122,111,31,0,30,112,60,0,0,233,0,ITC,ITC3,7,Liguria,Liguria,1550640,318019,20.51,0.02
390,2021-03-28,LIG,1140,509,631,135,91,236,145,532,1,0,389,751,ITC,ITC3,7,Liguria,Liguria,1550640,319159,20.58,0.07
391,2021-02-01,LIG,2460,907,1553,1919,159,54,327,0,0,1,81,2379,ITC,ITC3,7,Liguria,Liguria,1550640,321619,20.74,0.16
392,2021-01-29,LIG,3042,1058,1984,2299,194,117,430,0,0,2,66,2976,ITC,ITC3,7,Liguria,Liguria,1550640,324661,20.94,0.2
393,2021-03-18,LIG,4980,2126,2854,630,68,493,94,3684,6,5,2016,2964,ITC,ITC3,7,Liguria,Liguria,1550640,329641,21.26,0.32
394,2021-03-05,LIG,4861,2147,2714,797,65,265,81,3336,312,5,3737,1124,ITC,ITC3,7,Liguria,Liguria,1550640,334502,21.57,0.31
395,2021-03-19,LIG,5274,2228,3046,731,162,460,137,3680,21,83,2144,3130,ITC,ITC3,7,Liguria,Liguria,1550640,339776,21.91,0.34
396,2021-01-26,LIG,2482,802,1680,1963,152,110,252,0,0,5,13,2469,ITC,ITC3,7,Liguria,Liguria,1550640,342258,22.07,0.16
397,2021-02-03,MAR,2125,742,1383,1344,2,613,166,0,0,0,119,2006,ITI,ITI3,11,Marche,Marche,1525271,2125,0.14,0.14
398,2021-01-15,MAR,1771,500,1271,985,60,360,366,0,0,0,1771,0,ITI,ITI3,11,Marche,Marche,1525271,3896,0.26,0.12
399,2021-01-24,MAR,892,342,550,773,0,119,0,0,0,0,17,875,ITI,ITI3,11,Marche,Marche,1525271,4788,0.31,0.06
400,2021-03-15,MAR,4511,2119,2392,300,4,469,8,3475,14,241,1422,3089,ITI,ITI3,11,Marche,Marche,1525271,9299,0.61,0.3
401,2021-02-05,MAR,2157,653,1504,1318,20,400,419,0,0,0,440,1717,ITI,ITI3,11,Marche,Marche,1525271,11456,0.75,0.14
402,2021-04-01,MAR,7592,3185,4407,390,4,2260,38,4590,26,284,4166,3426,ITI,ITI3,11,Marche,Marche,1525271,19048,1.25,0.5
403,2021-01-04,MAR,1500,563,937,1290,36,163,11,0,0,0,1500,0,ITI,ITI3,11,Marche,Marche,1525271,20548,1.35,0.1
404,2021-01-03,MAR,896,348,548,759,0,137,0,0,0,0,896,0,ITI,ITI3,11,Marche,Marche,1525271,21444,1.41,0.06
405,2021-01-19,MAR,225,81,144,120,0,20,85,0,0,0,141,84,ITI,ITI3,11,Marche,Marche,1525271,21669,1.42,0.01
406,2021-03-11,MAR,6832,2930,3902,1094,11,911,38,3227,403,1148,5461,1371,ITI,ITI3,11,Marche,Marche,1525271,28501,1.87,0.45
407,2021-03-13,MAR,5873,2707,3166,664,21,513,57,4248,133,237,1912,3961,ITI,ITI3,11,Marche,Marche,1525271,34374,2.25,0.39
408,2021-03-30,MAR,7438,3053,4385,524,2,2015,244,4256,30,367,4602,2836,ITI,ITI3,11,Marche,Marche,1525271,41812,2.74,0.49
409,2021-01-13,MAR,2105,746,1359,1408,11,610,76,0,0,0,2105,0,ITI,ITI3,11,Marche,Marche,1525271,43917,2.88,0.14
410,2021-02-19,MAR,1971,716,1255,1273,11,481,203,1,0,2,1836,135,ITI,ITI3,11,Marche,Marche,1525271,45888,3.01,0.13
411,2021-02-18,MAR,2104,746,1358,1150,41,509,402,1,0,1,1816,288,ITI,ITI3,11,Marche,Marche,1525271,47992,3.15,0.14
412,2021-03-27,MAR,7418,3082,4336,278,1,2494,135,3729,70,711,5049,2369,ITI,ITI3,11,Marche,Marche,1525271,55410,3.63,0.49
413,2021-01-31,MAR,1928,772,1156,1532,0,396,0,0,0,0,105,1823,ITI,ITI3,11,Marche,Marche,1525271,57338,3.76,0.13
414,2021-02-28,MAR,2840,1251,1589,19,0,18,0,2799,2,2,2834,6,ITI,ITI3,11,Marche,Marche,1525271,60178,3.95,0.19
415,2021-02-06,MAR,2460,900,1560,1402,40,603,415,0,0,0,523,1937,ITI,ITI3,11,Marche,Marche,1525271,62638,4.11,0.16
416,2021-02-20,MAR,4127,1708,2419,118,24,387,261,3334,3,0,4016,111,ITI,ITI3,11,Marche,Marche,1525271,66765,4.38,0.27
417,2021-03-20,MAR,4146,1745,2401,181,8,110,111,3641,6,89,1054,3092,ITI,ITI3,11,Marche,Marche,1525271,70911,4.65,0.27
418,2021-02-24,MAR,3444,1506,1938,226,11,224,168,2811,3,1,3364,80,ITI,ITI3,11,Marche,Marche,1525271,74355,4.87,0.23
419,2020-12-30,MAR,17,5,12,14,0,3,0,0,0,0,17,0,ITI,ITI3,11,Marche,Marche,1525271,74372,4.88,0.0
420,2021-01-17,MAR,1598,682,916,964,14,574,46,0,0,0,1549,49,ITI,ITI3,11,Marche,Marche,1525271,75970,4.98,0.1
421,2021-03-02,MAR,4965,1943,3022,589,24,251,242,3318,3,538,4399,566,ITI,ITI3,11,Marche,Marche,1525271,80935,5.31,0.33
422,2021-04-05,MAR,5689,2356,3333,251,5,2344,60,2261,10,758,4420,1269,ITI,ITI3,11,Marche,Marche,1525271,86624,5.68,0.37
423,2021-03-25,MAR,6657,2774,3883,464,12,947,365,4307,43,519,3247,3410,ITI,ITI3,11,Marche,Marche,1525271,93281,6.12,0.44
424,2021-01-23,MAR,557,190,367,440,14,40,63,0,0,0,123,434,ITI,ITI3,11,Marche,Marche,1525271,93838,6.15,0.04
425,2021-02-16,MAR,1292,475,817,737,8,455,92,0,0,0,1262,30,ITI,ITI3,11,Marche,Marche,1525271,95130,6.24,0.08
426,2021-03-22,MAR,5660,2378,3282,407,8,448,69,4182,113,433,2531,3129,ITI,ITI3,11,Marche,Marche,1525271,100790,6.61,0.37
427,2021-03-28,MAR,4132,1742,2390,45,1,1030,5,2651,4,396,2437,1695,ITI,ITI3,11,Marche,Marche,1525271,104922,6.88,0.27
428,2021-01-09,MAR,1709,605,1104,1406,0,303,0,0,0,0,1709,0,ITI,ITI3,11,Marche,Marche,1525271,106631,6.99,0.11
429,2021-02-12,MAR,1583,618,965,815,11,669,88,0,0,0,1431,152,ITI,ITI3,11,Marche,Marche,1525271,108214,7.09,0.1
430,2021-01-25,MAR,1596,559,1037,1426,12,102,56,0,0,0,97,1499,ITI,ITI3,11,Marche,Marche,1525271,109810,7.2,0.1
431,2021-01-07,MAR,1802,633,1169,1480,0,322,0,0,0,0,1802,0,ITI,ITI3,11,Marche,Marche,1525271,111612,7.32,0.12
432,2021-01-14,MAR,2010,692,1318,1112,67,533,298,0,0,0,2010,0,ITI,ITI3,11,Marche,Marche,1525271,113622,7.45,0.13
433,2021-02-10,MAR,1439,452,987,881,26,317,215,0,0,0,1080,359,ITI,ITI3,11,Marche,Marche,1525271,115061,7.54,0.09
434,2021-03-10,MAR,5783,2490,3293,721,22,799,101,2675,424,1041,4646,1137,ITI,ITI3,11,Marche,Marche,1525271,120844,7.92,0.38
435,2021-01-18,MAR,673,230,443,370,5,166,132,0,0,0,547,126,ITI,ITI3,11,Marche,Marche,1525271,121517,7.97,0.04
436,2021-02-21,MAR,377,142,235,204,1,114,57,0,0,1,376,1,ITI,ITI3,11,Marche,Marche,1525271,121894,7.99,0.02
437,2021-01-02,MAR,453,139,314,444,0,9,0,0,0,0,453,0,ITI,ITI3,11,Marche,Marche,1525271,122347,8.02,0.03
438,2021-03-29,MAR,5895,2586,3309,228,5,1161,35,4240,11,215,3443,2452,ITI,ITI3,11,Marche,Marche,1525271,128242,8.41,0.39
439,2021-02-15,MAR,973,413,560,544,60,368,1,0,0,0,960,13,ITI,ITI3,11,Marche,Marche,1525271,129215,8.47,0.06
440,2021-03-09,MAR,5532,2375,3157,754,8,463,36,2588,613,1070,4643,889,ITI,ITI3,11,Marche,Marche,1525271,134747,8.83,0.36
441,2021-03-19,MAR,3869,1604,2265,495,1,233,293,2837,4,6,343,3526,ITI,ITI3,11,Marche,Marche,1525271,138616,9.09,0.25
442,2021-02-04,MAR,2342,810,1532,1406,54,607,275,0,0,0,112,2230,ITI,ITI3,11,Marche,Marche,1525271,140958,9.24,0.15
443,2021-04-06,MAR,8878,3693,5185,310,2,4864,67,1865,42,1728,8064,814,ITI,ITI3,11,Marche,Marche,1525271,149836,9.82,0.58
444,2021-02-22,MAR,3414,1499,1915,326,10,398,77,2596,5,2,3339,75,ITI,ITI3,11,Marche,Marche,1525271,153250,10.05,0.22
445,2021-03-16,MAR,3577,1549,2028,317,3,193,54,2928,77,5,394,3183,ITI,ITI3,11,Marche,Marche,1525271,156827,10.28,0.23
446,2021-04-04,MAR,3822,1792,2030,188,0,1538,0,2007,5,84,2651,1171,ITI,ITI3,11,Marche,Marche,1525271,160649,10.53,0.25
447,2021-01-22,MAR,487,167,320,315,19,66,87,0,0,0,194,293,ITI,ITI3,11,Marche,Marche,1525271,161136,10.56,0.03
448,2021-03-14,MAR,2516,1036,1480,442,0,80,0,1536,2,456,1918,598,ITI,ITI3,11,Marche,Marche,1525271,163652,10.73,0.16
449,2021-03-05,MAR,6288,2954,3334,1128,13,864,143,2378,960,802,4821,1467,ITI,ITI3,11,Marche,Marche,1525271,169940,11.14,0.41
450,2021-02-09,MAR,125,42,83,78,0,21,26,0,0,0,47,78,ITI,ITI3,11,Marche,Marche,1525271,170065,11.15,0.01
451,2021-03-01,MAR,3727,1489,2238,387,6,171,82,2790,5,286,3480,247,ITI,ITI3,11,Marche,Marche,1525271,173792,11.39,0.24
452,2021-03-03,MAR,6758,3091,3667,818,23,798,254,3133,949,783,5877,881,ITI,ITI3,11,Marche,Marche,1525271,180550,11.84,0.44
453,2021-02-02,MAR,1193,397,796,804,17,279,93,0,0,0,73,1120,ITI,ITI3,11,Marche,Marche,1525271,181743,11.92,0.08
454,2021-01-05,MAR,1562,586,976,1436,0,126,0,0,0,0,1562,0,ITI,ITI3,11,Marche,Marche,1525271,183305,12.02,0.1
455,2021-01-27,MAR,2120,780,1340,1754,7,219,140,0,0,0,122,1998,ITI,ITI3,11,Marche,Marche,1525271,185425,12.16,0.14
456,2021-04-03,MAR,7574,3203,4371,321,3,3978,55,2922,2,293,6903,671,ITI,ITI3,11,Marche,Marche,1525271,192999,12.65,0.5
457,2021-02-08,MAR,833,258,575,408,21,142,262,0,0,0,371,462,ITI,ITI3,11,Marche,Marche,1525271,193832,12.71,0.05
458,2020-12-27,MAR,200,97,103,184,4,8,4,0,0,0,200,0,ITI,ITI3,11,Marche,Marche,1525271,194032,12.72,0.01
459,2021-03-18,MAR,3445,1514,1931,326,6,258,123,2653,76,3,216,3229,ITI,ITI3,11,Marche,Marche,1525271,197477,12.95,0.23
460,2021-02-25,MAR,3563,1447,2116,432,6,207,423,2491,3,1,3384,179,ITI,ITI3,11,Marche,Marche,1525271,201040,13.18,0.23
461,2021-01-28,MAR,1973,659,1314,1581,0,291,101,0,0,0,167,1806,ITI,ITI3,11,Marche,Marche,1525271,203013,13.31,0.13
462,2021-01-30,MAR,1908,669,1239,1566,0,342,0,0,0,0,29,1879,ITI,ITI3,11,Marche,Marche,1525271,204921,13.44,0.13
463,2021-04-07,MAR,2837,1264,1573,51,0,1724,2,575,17,468,2683,154,ITI,ITI3,11,Marche,Marche,1525271,207758,13.62,0.19
464,2021-01-11,MAR,1176,411,765,1021,2,153,0,0,0,0,1176,0,ITI,ITI3,11,Marche,Marche,1525271,208934,13.7,0.08
465,2020-12-31,MAR,383,178,205,370,0,13,0,0,0,0,383,0,ITI,ITI3,11,Marche,Marche,1525271,209317,13.72,0.03
466,2021-02-14,MAR,738,301,437,578,2,158,0,0,0,0,738,0,ITI,ITI3,11,Marche,Marche,1525271,210055,13.77,0.05
467,2021-02-27,MAR,3374,1440,1934,186,9,163,161,2848,6,1,3165,209,ITI,ITI3,11,Marche,Marche,1525271,213429,13.99,0.22
468,2021-01-06,MAR,2181,792,1389,1738,40,256,147,0,0,0,2181,0,ITI,ITI3,11,Marche,Marche,1525271,215610,14.14,0.14
469,2021-02-23,MAR,3274,1400,1874,219,4,133,116,2794,8,0,3218,56,ITI,ITI3,11,Marche,Marche,1525271,218884,14.35,0.21
470,2021-03-31,MAR,7369,3084,4285,473,8,1910,153,4538,30,257,4351,3018,ITI,ITI3,11,Marche,Marche,1525271,226253,14.83,0.48
471,2021-03-06,MAR,5732,2647,3085,973,4,833,125,2400,650,747,4464,1268,ITI,ITI3,11,Marche,Marche,1525271,231985,15.21,0.38
472,2021-03-17,MAR,3435,1497,1938,301,5,178,117,2822,7,5,111,3324,ITI,ITI3,11,Marche,Marche,1525271,235420,15.43,0.23
473,2021-01-08,MAR,1574,588,986,1226,0,348,0,0,0,0,1574,0,ITI,ITI3,11,Marche,Marche,1525271,236994,15.54,0.1
474,2021-01-26,MAR,2016,746,1270,1736,1,193,86,0,0,0,92,1924,ITI,ITI3,11,Marche,Marche,1525271,239010,15.67,0.13
475,2021-02-13,MAR,1064,455,609,457,28,489,90,0,0,0,1012,52,ITI,ITI3,11,Marche,Marche,1525271,240074,15.74,0.07
476,2021-03-04,MAR,6623,2974,3649,1064,8,930,106,2800,946,769,5229,1394,ITI,ITI3,11,Marche,Marche,1525271,246697,16.17,0.43
477,2021-02-11,MAR,1988,658,1330,1155,15,606,212,0,0,0,1599,389,ITI,ITI3,11,Marche,Marche,1525271,248685,16.3,0.13
478,2021-03-07,MAR,5183,2108,3075,607,2,355,0,3007,316,896,4430,753,ITI,ITI3,11,Marche,Marche,1525271,253868,16.64,0.34
479,2021-04-02,MAR,6980,3028,3952,387,3,3264,108,2656,140,422,6239,741,ITI,ITI3,11,Marche,Marche,1525271,260848,17.1,0.46
480,2021-01-12,MAR,1226,413,813,912,0,264,50,0,0,0,1226,0,ITI,ITI3,11,Marche,Marche,1525271,262074,17.18,0.08
481,2021-03-23,MAR,5818,2538,3280,259,9,360,130,4588,144,328,2271,3547,ITI,ITI3,11,Marche,Marche,1525271,267892,17.56,0.38
482,2021-01-10,MAR,1737,699,1038,1462,0,275,0,0,0,0,1737,0,ITI,ITI3,11,Marche,Marche,1525271,269629,17.68,0.11
483,2021-03-24,MAR,7035,2982,4053,483,20,961,187,4728,64,592,3367,3668,ITI,ITI3,11,Marche,Marche,1525271,276664,18.14,0.46
484,2021-01-20,MAR,398,99,299,146,15,47,190,0,0,0,386,12,ITI,ITI3,11,Marche,Marche,1525271,277062,18.16,0.03
485,2021-02-07,MAR,1871,735,1136,1156,5,664,46,0,0,0,344,1527,ITI,ITI3,11,Marche,Marche,1525271,278933,18.29,0.12
486,2021-03-08,MAR,6366,2807,3559,768,14,604,219,3102,644,1015,5364,1002,ITI,ITI3,11,Marche,Marche,1525271,285299,18.7,0.42
487,2021-01-29,MAR,1991,730,1261,1479,4,434,74,0,0,0,168,1823,ITI,ITI3,11,Marche,Marche,1525271,287290,18.84,0.13
488,2021-01-16,MAR,2006,723,1283,1059,43,619,285,0,0,0,2006,0,ITI,ITI3,11,Marche,Marche,1525271,289296,18.97,0.13
489,2021-03-12,MAR,4716,2020,2696,820,10,723,0,1904,330,929,3471,1245,ITI,ITI3,11,Marche,Marche,1525271,294012,19.28,0.31
490,2021-03-21,MAR,4512,1878,2634,87,0,109,54,4047,10,205,1632,2880,ITI,ITI3,11,Marche,Marche,1525271,298524,19.57,0.3
491,2021-01-21,MAR,896,253,643,460,41,59,336,0,0,0,585,311,ITI,ITI3,11,Marche,Marche,1525271,299420,19.63,0.06
492,2021-02-17,MAR,1791,664,1127,968,24,498,300,1,0,0,1672,119,ITI,ITI3,11,Marche,Marche,1525271,301211,19.75,0.12
493,2021-02-26,MAR,3635,1502,2133,449,34,205,385,2519,4,39,3159,476,ITI,ITI3,11,Marche,Marche,1525271,304846,19.99,0.24
494,2021-03-26,MAR,6345,2614,3731,335,21,1322,182,3928,56,501,3534,2811,ITI,ITI3,11,Marche,Marche,1525271,311191,20.4,0.42
495,2021-02-01,MAR,1365,480,885,1057,1,226,81,0,0,0,98,1267,ITI,ITI3,11,Marche,Marche,1525271,312556,20.49,0.09
496,2021-02-12,PUG,4098,1629,2469,2937,440,11,690,5,10,5,3008,1090,ITF,ITF4,16,Puglia,Puglia,4029053,4098,0.1,0.1
497,2021-03-20,PUG,7928,3598,4330,1422,67,233,54,5309,35,808,3353,4575,ITF,ITF4,16,Puglia,Puglia,4029053,12026,0.3,0.2
498,2021-01-27,PUG,4576,1928,2648,3933,222,23,396,0,0,2,611,3965,ITF,ITF4,16,Puglia,Puglia,4029053,16602,0.41,0.11
499,2021-03-18,PUG,9065,4103,4962,1737,409,205,195,6390,39,90,2972,6093,ITF,ITF4,16,Puglia,Puglia,4029053,25667,0.64,0.22
500,2021-01-29,PUG,6191,2658,3533,5469,341,89,288,1,0,3,437,5754,ITF,ITF4,16,Puglia,Puglia,4029053,31858,0.79,0.15
501,2021-02-24,PUG,10009,4689,5320,1923,415,274,117,6359,365,556,9420,589,ITF,ITF4,16,Puglia,Puglia,4029053,41867,1.04,0.25
502,2021-03-08,PUG,14579,6044,8535,2098,526,545,204,6747,522,3937,12202,2377,ITF,ITF4,16,Puglia,Puglia,4029053,56446,1.4,0.36
503,2021-01-09,PUG,4870,2245,2625,4318,246,55,246,4,0,1,4870,0,ITF,ITF4,16,Puglia,Puglia,4029053,61316,1.52,0.12
504,2021-01-21,PUG,2129,903,1226,1429,166,7,527,0,0,0,1270,859,ITF,ITF4,16,Puglia,Puglia,4029053,63445,1.57,0.05
505,2021-01-22,PUG,1408,578,830,877,150,5,373,2,0,1,991,417,ITF,ITF4,16,Puglia,Puglia,4029053,64853,1.61,0.03
506,2021-02-10,PUG,3603,1425,2178,2491,247,0,864,0,0,1,2122,1481,ITF,ITF4,16,Puglia,Puglia,4029053,68456,1.7,0.09
507,2021-02-13,PUG,3722,1453,2269,2883,507,12,291,4,18,7,3029,693,ITF,ITF4,16,Puglia,Puglia,4029053,72178,1.79,0.09
508,2021-02-15,PUG,3252,1267,1985,2249,518,23,452,1,6,3,2632,620,ITF,ITF4,16,Puglia,Puglia,4029053,75430,1.87,0.08
509,2021-03-19,PUG,7880,3630,4250,1758,211,216,69,5303,64,259,3342,4538,ITF,ITF4,16,Puglia,Puglia,4029053,83310,2.07,0.2
510,2021-03-29,PUG,12435,5795,6640,1520,334,1318,173,7855,134,1101,5739,6696,ITF,ITF4,16,Puglia,Puglia,4029053,95745,2.38,0.31
511,2021-03-13,PUG,10059,3956,6103,2158,228,143,128,3855,226,3321,8336,1723,ITF,ITF4,16,Puglia,Puglia,4029053,105804,2.63,0.25
512,2021-03-17,PUG,10189,4659,5530,1791,427,214,62,7597,33,65,4088,6101,ITF,ITF4,16,Puglia,Puglia,4029053,115993,2.88,0.25
513,2021-01-28,PUG,5466,2271,3195,4783,316,37,327,0,0,3,474,4992,ITF,ITF4,16,Puglia,Puglia,4029053,121459,3.01,0.14
514,2021-02-26,PUG,13596,4976,8620,2126,621,189,286,5115,602,4657,12571,1025,ITF,ITF4,16,Puglia,Puglia,4029053,135055,3.35,0.34
515,2021-02-19,PUG,4729,2009,2720,3040,981,260,390,2,49,7,4339,390,ITF,ITF4,16,Puglia,Puglia,4029053,139784,3.47,0.12
516,2021-03-21,PUG,2669,1219,1450,462,15,103,13,1778,14,284,566,2103,ITF,ITF4,16,Puglia,Puglia,4029053,142453,3.54,0.07
517,2021-01-24,PUG,1668,749,919,1286,231,0,150,1,0,0,152,1516,ITF,ITF4,16,Puglia,Puglia,4029053,144121,3.58,0.04
518,2021-01-18,PUG,1844,770,1074,1182,210,6,446,0,0,0,1495,349,ITF,ITF4,16,Puglia,Puglia,4029053,145965,3.62,0.05
519,2021-01-06,PUG,3943,1664,2279,3313,218,39,373,0,0,0,3943,0,ITF,ITF4,16,Puglia,Puglia,4029053,149908,3.72,0.1
520,2020-12-31,PUG,1635,782,853,1549,33,6,44,0,0,3,1635,0,ITF,ITF4,16,Puglia,Puglia,4029053,151543,3.76,0.04
521,2021-03-06,PUG,15778,5891,9887,2102,359,374,71,5358,479,7035,13812,1966,ITF,ITF4,16,Puglia,Puglia,4029053,167321,4.15,0.39
522,2021-02-09,PUG,3835,1568,2267,2532,651,17,622,8,0,5,2163,1672,ITF,ITF4,16,Puglia,Puglia,4029053,171156,4.25,0.1
523,2021-03-27,PUG,11544,5459,6085,955,172,1854,65,7072,58,1368,6702,4842,ITF,ITF4,16,Puglia,Puglia,4029053,182700,4.53,0.29
524,2021-01-08,PUG,5575,2336,3239,4851,356,37,328,0,0,3,5575,0,ITF,ITF4,16,Puglia,Puglia,4029053,188275,4.67,0.14
525,2021-03-01,PUG,15039,5836,9203,1965,482,427,83,6118,819,5145,13672,1367,ITF,ITF4,16,Puglia,Puglia,4029053,203314,5.05,0.37
526,2021-03-05,PUG,17012,6773,10239,2302,570,619,273,5231,1022,6995,14851,2161,ITF,ITF4,16,Puglia,Puglia,4029053,220326,5.47,0.42
527,2021-01-30,PUG,5526,2513,3013,4750,323,25,419,3,0,6,412,5114,ITF,ITF4,16,Puglia,Puglia,4029053,225852,5.61,0.14
528,2021-03-15,PUG,11669,5573,6096,2075,504,308,115,7632,353,682,5187,6482,ITF,ITF4,16,Puglia,Puglia,4029053,237521,5.9,0.29
529,2021-01-14,PUG,4063,1586,2477,3179,368,15,499,0,0,2,4063,0,ITF,ITF4,16,Puglia,Puglia,4029053,241584,6.0,0.1
530,2021-03-03,PUG,16453,6603,9850,1986,453,384,192,5930,807,6701,14632,1821,ITF,ITF4,16,Puglia,Puglia,4029053,258037,6.4,0.41
531,2021-01-13,PUG,4537,1729,2808,3972,310,23,230,0,0,2,4537,0,ITF,ITF4,16,Puglia,Puglia,4029053,262574,6.52,0.11
532,2021-01-31,PUG,1808,825,983,1502,103,1,198,2,0,2,73,1735,ITF,ITF4,16,Puglia,Puglia,4029053,264382,6.56,0.04
533,2021-04-04,PUG,5798,2887,2911,43,4,5413,0,285,15,38,5792,6,ITF,ITF4,16,Puglia,Puglia,4029053,270180,6.71,0.14
534,2021-01-04,PUG,4503,2012,2491,4371,84,36,11,0,0,1,4503,0,ITF,ITF4,16,Puglia,Puglia,4029053,274683,6.82,0.11
535,2021-03-02,PUG,16273,6034,10239,1395,371,687,113,4287,1256,8164,14968,1305,ITF,ITF4,16,Puglia,Puglia,4029053,290956,7.22,0.4
536,2021-01-19,PUG,1221,452,769,531,113,0,577,0,0,0,1211,10,ITF,ITF4,16,Puglia,Puglia,4029053,292177,7.25,0.03
537,2021-04-07,PUG,5812,2704,3108,432,90,1170,58,3772,53,237,2590,3222,ITF,ITF4,16,Puglia,Puglia,4029053,297989,7.4,0.14
538,2021-03-07,PUG,4910,1937,2973,930,48,135,2,1621,323,1851,4340,570,ITF,ITF4,16,Puglia,Puglia,4029053,302899,7.52,0.12
539,2021-02-23,PUG,9330,4410,4920,1776,309,157,169,5505,398,1016,8857,473,ITF,ITF4,16,Puglia,Puglia,4029053,312229,7.75,0.23
540,2021-02-28,PUG,5885,1786,4099,559,119,88,26,1484,194,3415,5699,186,ITF,ITF4,16,Puglia,Puglia,4029053,318114,7.9,0.15
541,2021-03-26,PUG,11304,5288,6016,1607,496,976,287,6343,254,1341,6665,4639,ITF,ITF4,16,Puglia,Puglia,4029053,329418,8.18,0.28
542,2021-04-05,PUG,11966,5831,6135,51,18,11040,0,827,7,23,11504,462,ITF,ITF4,16,Puglia,Puglia,4029053,341384,8.47,0.3
543,2021-01-11,PUG,3749,1587,2162,3217,318,34,175,0,3,2,3749,0,ITF,ITF4,16,Puglia,Puglia,4029053,345133,8.57,0.09
544,2021-01-20,PUG,1549,543,1006,783,125,13,628,0,0,0,1541,8,ITF,ITF4,16,Puglia,Puglia,4029053,346682,8.6,0.04
545,2021-01-02,PUG,2947,1299,1648,2827,64,29,23,0,0,4,2947,0,ITF,ITF4,16,Puglia,Puglia,4029053,349629,8.68,0.07
546,2021-02-21,PUG,2171,472,1699,537,24,61,49,32,12,1456,2110,61,ITF,ITF4,16,Puglia,Puglia,4029053,351800,8.73,0.05
547,2021-01-16,PUG,2510,1033,1477,1685,299,7,518,0,0,1,2510,0,ITF,ITF4,16,Puglia,Puglia,4029053,354310,8.79,0.06
548,2021-01-23,PUG,3036,1291,1745,2523,174,30,308,0,0,1,885,2151,ITF,ITF4,16,Puglia,Puglia,4029053,357346,8.87,0.08
549,2021-02-03,PUG,5030,2001,3029,4365,469,9,184,0,0,3,729,4301,ITF,ITF4,16,Puglia,Puglia,4029053,362376,8.99,0.12
550,2020-12-27,PUG,506,249,257,403,2,38,63,0,0,0,506,0,ITF,ITF4,16,Puglia,Puglia,4029053,362882,9.01,0.01
551,2021-02-02,PUG,4332,1839,2493,3622,377,13,317,0,0,3,592,3740,ITF,ITF4,16,Puglia,Puglia,4029053,367214,9.11,0.11
552,2021-03-11,PUG,14301,6159,8142,2899,747,444,515,5216,804,3676,11199,3102,ITF,ITF4,16,Puglia,Puglia,4029053,381515,9.47,0.35
553,2021-01-15,PUG,4551,1865,2686,3599,337,50,558,0,3,4,4551,0,ITF,ITF4,16,Puglia,Puglia,4029053,386066,9.58,0.11
554,2021-02-16,PUG,3379,1451,1928,2133,727,83,414,4,16,2,2733,646,ITF,ITF4,16,Puglia,Puglia,4029053,389445,9.67,0.08
555,2021-03-14,PUG,3279,1411,1868,953,63,141,84,997,42,999,2513,766,ITF,ITF4,16,Puglia,Puglia,4029053,392724,9.75,0.08
556,2021-02-01,PUG,3961,1657,2304,3444,279,21,208,0,4,5,375,3586,ITF,ITF4,16,Puglia,Puglia,4029053,396685,9.85,0.1
557,2021-03-12,PUG,13749,6040,7709,3278,908,412,431,4891,886,2943,9825,3924,ITF,ITF4,16,Puglia,Puglia,4029053,410434,10.19,0.34
558,2021-02-20,PUG,2961,1076,1885,2113,194,50,168,8,4,424,2705,256,ITF,ITF4,16,Puglia,Puglia,4029053,413395,10.26,0.07
559,2021-01-07,PUG,5712,2453,3259,5215,246,30,217,0,1,3,5712,0,ITF,ITF4,16,Puglia,Puglia,4029053,419107,10.4,0.14
560,2021-02-22,PUG,9615,4523,5092,1432,434,274,140,6801,215,319,9284,331,ITF,ITF4,16,Puglia,Puglia,4029053,428722,10.64,0.24
561,2021-02-08,PUG,3990,1608,2382,2957,569,48,389,1,25,1,1597,2393,ITF,ITF4,16,Puglia,Puglia,4029053,432712,10.74,0.1
562,2021-04-01,PUG,12617,5765,6852,1182,276,2058,173,7734,163,1031,6347,6270,ITF,ITF4,16,Puglia,Puglia,4029053,445329,11.05,0.31
563,2021-01-10,PUG,2347,1060,1287,2037,101,7,202,0,0,0,2347,0,ITF,ITF4,16,Puglia,Puglia,4029053,447676,11.11,0.06
564,2021-03-30,PUG,11264,5299,5965,1319,217,1639,198,6825,115,951,5413,5851,ITF,ITF4,16,Puglia,Puglia,4029053,458940,11.39,0.28
565,2020-12-30,PUG,1,0,1,1,0,0,0,0,0,0,1,0,ITF,ITF4,16,Puglia,Puglia,4029053,458941,11.39,0.0
566,2021-01-26,PUG,5360,2397,2963,4848,241,38,232,1,0,0,574,4786,ITF,ITF4,16,Puglia,Puglia,4029053,464301,11.52,0.13
567,2021-03-25,PUG,10649,5161,5488,1253,315,925,53,7061,386,656,4502,6147,ITF,ITF4,16,Puglia,Puglia,4029053,474950,11.79,0.26
568,2021-02-05,PUG,5628,2270,3358,4566,494,33,526,0,3,6,1331,4297,ITF,ITF4,16,Puglia,Puglia,4029053,480578,11.93,0.14
569,2021-03-22,PUG,9287,4535,4752,604,187,495,11,6741,208,1041,3674,5613,ITF,ITF4,16,Puglia,Puglia,4029053,489865,12.16,0.23
570,2021-02-27,PUG,14103,4777,9326,1586,543,166,181,5111,345,6171,12924,1179,ITF,ITF4,16,Puglia,Puglia,4029053,503968,12.51,0.35
571,2021-01-17,PUG,1308,590,718,825,147,0,336,0,0,0,1239,69,ITF,ITF4,16,Puglia,Puglia,4029053,505276,12.54,0.03
572,2021-03-31,PUG,13335,6080,7255,1763,382,1791,122,8282,186,809,7849,5486,ITF,ITF4,16,Puglia,Puglia,4029053,518611,12.87,0.33
573,2021-02-17,PUG,4263,1742,2521,2453,1170,40,598,1,0,1,3666,597,ITF,ITF4,16,Puglia,Puglia,4029053,522874,12.98,0.11
574,2021-03-23,PUG,10349,4963,5386,1851,307,641,51,6046,464,989,3894,6455,ITF,ITF4,16,Puglia,Puglia,4029053,533223,13.23,0.26
575,2021-03-24,PUG,12572,5794,6778,1870,424,704,119,7670,244,1541,5643,6929,ITF,ITF4,16,Puglia,Puglia,4029053,545795,13.55,0.31
576,2021-04-02,PUG,11447,5286,6161,853,169,2434,208,7058,103,622,7002,4445,ITF,ITF4,16,Puglia,Puglia,4029053,557242,13.83,0.28
577,2021-01-01,PUG,146,60,86,145,1,0,0,0,0,0,146,0,ITF,ITF4,16,Puglia,Puglia,4029053,557388,13.83,0.0
578,2021-01-12,PUG,4204,1766,2438,3630,339,11,218,1,0,5,4204,0,ITF,ITF4,16,Puglia,Puglia,4029053,561592,13.94,0.1
579,2021-03-04,PUG,15001,5847,9154,1526,405,511,322,4728,1231,6278,13625,1376,ITF,ITF4,16,Puglia,Puglia,4029053,576593,14.31,0.37
580,2021-02-11,PUG,3693,1401,2292,2568,389,11,723,0,0,2,2417,1276,ITF,ITF4,16,Puglia,Puglia,4029053,580286,14.4,0.09
581,2021-01-25,PUG,3820,1677,2143,3473,156,19,169,2,0,1,422,3398,ITF,ITF4,16,Puglia,Puglia,4029053,584106,14.5,0.09
582,2021-03-09,PUG,13138,5737,7401,1862,494,389,225,5621,1007,3540,11144,1994,ITF,ITF4,16,Puglia,Puglia,4029053,597244,14.82,0.33
583,2021-02-18,PUG,4367,1842,2525,2701,913,56,680,5,10,2,3764,603,ITF,ITF4,16,Puglia,Puglia,4029053,601611,14.93,0.11
584,2021-04-03,PUG,8976,3837,5139,910,88,2425,122,4889,12,530,5763,3213,ITF,ITF4,16,Puglia,Puglia,4029053,610587,15.15,0.22
585,2021-02-14,PUG,784,348,436,681,32,0,70,0,0,1,662,122,ITF,ITF4,16,Puglia,Puglia,4029053,611371,15.17,0.02
586,2021-03-16,PUG,9572,4564,5008,2162,517,313,76,6404,62,38,3241,6331,ITF,ITF4,16,Puglia,Puglia,4029053,620943,15.41,0.24
587,2021-02-07,PUG,1541,658,883,1030,218,4,288,0,0,1,252,1289,ITF,ITF4,16,Puglia,Puglia,4029053,622484,15.45,0.04
588,2021-01-05,PUG,5097,2244,2853,4744,153,93,98,5,0,4,5097,0,ITF,ITF4,16,Puglia,Puglia,4029053,627581,15.58,0.13
589,2021-01-03,PUG,2006,943,1063,1816,33,11,145,0,0,1,2006,0,ITF,ITF4,16,Puglia,Puglia,4029053,629587,15.63,0.05
590,2021-02-25,PUG,11883,5033,6850,1723,525,331,419,5781,725,2379,10727,1156,ITF,ITF4,16,Puglia,Puglia,4029053,641470,15.92,0.29
591,2021-02-04,PUG,5897,2356,3541,4426,624,189,652,0,0,6,1167,4730,ITF,ITF4,16,Puglia,Puglia,4029053,647367,16.07,0.15
592,2021-02-06,PUG,4514,1917,2597,3496,483,4,528,0,0,3,1593,2921,ITF,ITF4,16,Puglia,Puglia,4029053,651881,16.18,0.11
593,2021-03-28,PUG,3280,1543,1737,589,49,696,13,1811,3,119,1070,2210,ITF,ITF4,16,Puglia,Puglia,4029053,655161,16.26,0.08
594,2021-04-06,PUG,11957,5336,6621,683,175,2963,106,7770,53,207,5601,6356,ITF,ITF4,16,Puglia,Puglia,4029053,667118,16.56,0.3
595,2021-03-10,PUG,14352,6223,8129,2596,907,341,355,6474,601,3078,11237,3115,ITF,ITF4,16,Puglia,Puglia,4029053,681470,16.91,0.36
596,2021-04-06,MOL,1058,512,546,28,1,872,8,144,5,0,745,313,ITF,ITF2,14,Molise,Molise,305617,1058,0.35,0.35
597,2021-01-08,MOL,429,141,288,244,6,59,120,0,0,0,429,0,ITF,ITF2,14,Molise,Molise,305617,1487,0.49,0.14
598,2021-03-14,MOL,594,239,355,2,0,11,0,581,0,0,16,578,ITF,ITF2,14,Molise,Molise,305617,2081,0.68,0.19
599,2021-02-21,MOL,573,227,346,1,0,4,0,568,0,0,571,2,ITF,ITF2,14,Molise,Molise,305617,2654,0.87,0.19
600,2021-02-28,MOL,828,331,497,38,1,4,27,758,0,0,786,42,ITF,ITF2,14,Molise,Molise,305617,3482,1.14,0.27
601,2021-02-18,MOL,319,74,245,296,8,15,0,0,0,0,306,13,ITF,ITF2,14,Molise,Molise,305617,3801,1.24,0.1
602,2021-01-10,MOL,270,72,198,82,19,0,169,0,0,0,270,0,ITF,ITF2,14,Molise,Molise,305617,4071,1.33,0.09
603,2021-01-31,MOL,268,70,198,85,18,0,164,0,0,1,6,262,ITF,ITF2,14,Molise,Molise,305617,4339,1.42,0.09
604,2021-02-09,MOL,359,170,189,161,83,5,110,0,0,0,197,162,ITF,ITF2,14,Molise,Molise,305617,4698,1.54,0.12
605,2021-02-19,MOL,169,93,76,95,28,42,1,0,0,3,167,2,ITF,ITF2,14,Molise,Molise,305617,4867,1.59,0.06
606,2021-01-28,MOL,613,217,396,430,9,19,154,0,0,1,17,596,ITF,ITF2,14,Molise,Molise,305617,5480,1.79,0.2
607,2021-03-15,MOL,832,338,494,137,6,149,66,116,61,297,587,245,ITF,ITF2,14,Molise,Molise,305617,6312,2.07,0.27
608,2021-03-10,MOL,1737,720,1017,188,3,92,1,757,187,509,1687,50,ITF,ITF2,14,Molise,Molise,305617,8049,2.63,0.57
609,2021-01-26,MOL,450,184,266,444,0,5,0,0,0,1,8,442,ITF,ITF2,14,Molise,Molise,305617,8499,2.78,0.15
610,2021-02-10,MOL,150,78,72,91,6,0,53,0,0,0,130,20,ITF,ITF2,14,Molise,Molise,305617,8649,2.83,0.05
611,2021-01-18,MOL,114,48,66,97,14,3,0,0,0,0,114,0,ITF,ITF2,14,Molise,Molise,305617,8763,2.87,0.04
612,2021-03-21,MOL,1245,542,703,14,1,141,0,1089,0,0,479,766,ITF,ITF2,14,Molise,Molise,305617,10008,3.27,0.41
613,2021-02-23,MOL,581,223,358,136,39,4,61,340,0,1,362,219,ITF,ITF2,14,Molise,Molise,305617,10589,3.46,0.19
614,2021-03-22,MOL,1146,439,707,106,3,283,2,255,39,458,903,243,ITF,ITF2,14,Molise,Molise,305617,11735,3.84,0.37
615,2021-03-16,MOL,614,230,384,13,3,188,11,395,4,0,267,347,ITF,ITF2,14,Molise,Molise,305617,12349,4.04,0.2
616,2021-02-05,MOL,593,269,324,460,22,48,63,0,0,0,55,538,ITF,ITF2,14,Molise,Molise,305617,12942,4.23,0.19
617,2021-03-17,MOL,896,381,515,36,22,211,42,572,12,1,565,331,ITF,ITF2,14,Molise,Molise,305617,13838,4.53,0.29
618,2021-01-13,MOL,474,160,314,256,66,7,144,0,0,1,474,0,ITF,ITF2,14,Molise,Molise,305617,14312,4.68,0.16
619,2021-03-07,MOL,1131,501,630,2,16,0,0,1113,0,0,1129,2,ITF,ITF2,14,Molise,Molise,305617,15443,5.05,0.37
620,2021-02-02,MOL,539,176,363,295,64,0,180,0,0,0,216,323,ITF,ITF2,14,Molise,Molise,305617,15982,5.23,0.18
621,2021-03-12,MOL,1438,629,809,42,31,47,0,698,115,505,1402,36,ITF,ITF2,14,Molise,Molise,305617,17420,5.7,0.47
622,2021-02-01,MOL,562,201,361,301,143,6,111,0,0,1,14,548,ITF,ITF2,14,Molise,Molise,305617,17982,5.88,0.18
623,2021-03-28,MOL,1589,741,848,155,15,234,0,1184,0,1,487,1102,ITF,ITF2,14,Molise,Molise,305617,19571,6.4,0.52
624,2021-02-22,MOL,265,129,136,56,31,108,62,8,0,0,250,15,ITF,ITF2,14,Molise,Molise,305617,19836,6.49,0.09
625,2021-02-08,MOL,334,141,193,206,38,5,85,0,0,0,216,118,ITF,ITF2,14,Molise,Molise,305617,20170,6.6,0.11
626,2021-02-27,MOL,1366,568,798,25,2,34,14,1290,0,1,1347,19,ITF,ITF2,14,Molise,Molise,305617,21536,7.05,0.45
627,2021-03-24,MOL,1630,658,972,77,1,348,0,707,47,450,1228,402,ITF,ITF2,14,Molise,Molise,305617,23166,7.58,0.53
628,2021-03-23,MOL,1642,694,948,76,2,453,6,572,79,454,1435,207,ITF,ITF2,14,Molise,Molise,305617,24808,8.12,0.54
629,2020-12-27,MOL,50,20,30,29,4,0,17,0,0,0,50,0,ITF,ITF2,14,Molise,Molise,305617,24858,8.13,0.02
630,2021-01-17,MOL,78,38,40,78,0,0,0,0,0,0,48,30,ITF,ITF2,14,Molise,Molise,305617,24936,8.16,0.03
631,2021-03-19,MOL,1180,479,701,32,0,163,9,726,2,248,753,427,ITF,ITF2,14,Molise,Molise,305617,26116,8.55,0.39
632,2021-01-29,MOL,421,136,285,227,23,59,109,0,0,3,6,415,ITF,ITF2,14,Molise,Molise,305617,26537,8.68,0.14
633,2021-03-30,MOL,1952,839,1113,45,0,830,1,572,80,424,1440,512,ITF,ITF2,14,Molise,Molise,305617,28489,9.32,0.64
634,2021-01-22,MOL,126,35,91,21,32,0,73,0,0,0,126,0,ITF,ITF2,14,Molise,Molise,305617,28615,9.36,0.04
635,2021-03-20,MOL,2320,968,1352,28,2,206,0,1855,7,222,999,1321,ITF,ITF2,14,Molise,Molise,305617,30935,10.12,0.76
636,2021-02-16,MOL,156,70,86,148,4,4,0,0,0,0,150,6,ITF,ITF2,14,Molise,Molise,305617,31091,10.17,0.05
637,2021-02-17,MOL,72,32,40,47,9,10,6,0,0,0,57,15,ITF,ITF2,14,Molise,Molise,305617,31163,10.2,0.02
638,2021-03-29,MOL,1996,826,1170,108,5,857,5,480,16,525,1510,486,ITF,ITF2,14,Molise,Molise,305617,33159,10.85,0.65
639,2021-03-18,MOL,1156,476,680,73,10,174,45,854,0,0,692,464,ITF,ITF2,14,Molise,Molise,305617,34315,11.23,0.38
640,2021-01-12,MOL,336,114,222,132,74,1,129,0,0,0,336,0,ITF,ITF2,14,Molise,Molise,305617,34651,11.34,0.11
641,2021-03-05,MOL,1219,649,570,322,1,54,0,618,151,73,1015,204,ITF,ITF2,14,Molise,Molise,305617,35870,11.74,0.4
642,2021-03-25,MOL,1806,730,1076,53,2,322,18,832,86,493,1309,497,ITF,ITF2,14,Molise,Molise,305617,37676,12.33,0.59
643,2021-01-30,MOL,461,158,303,189,52,40,180,0,0,0,12,449,ITF,ITF2,14,Molise,Molise,305617,38137,12.48,0.15
644,2021-03-04,MOL,850,417,433,252,18,6,69,469,36,0,526,324,ITF,ITF2,14,Molise,Molise,305617,38987,12.76,0.28
645,2021-01-14,MOL,646,239,407,418,82,31,115,0,0,0,646,0,ITF,ITF2,14,Molise,Molise,305617,39633,12.97,0.21
646,2021-01-15,MOL,538,242,296,398,17,42,81,0,0,0,538,0,ITF,ITF2,14,Molise,Molise,305617,40171,13.14,0.18
647,2021-01-04,MOL,314,131,183,301,0,13,0,0,0,0,314,0,ITF,ITF2,14,Molise,Molise,305617,40485,13.25,0.1
648,2021-01-05,MOL,449,180,269,441,0,8,0,0,0,0,449,0,ITF,ITF2,14,Molise,Molise,305617,40934,13.39,0.15
649,2021-02-06,MOL,429,179,250,276,13,9,130,0,0,1,29,400,ITF,ITF2,14,Molise,Molise,305617,41363,13.53,0.14
650,2021-02-03,MOL,731,249,482,391,110,49,180,0,0,1,338,393,ITF,ITF2,14,Molise,Molise,305617,42094,13.77,0.24
651,2021-02-25,MOL,541,239,302,68,3,9,28,433,0,0,473,68,ITF,ITF2,14,Molise,Molise,305617,42635,13.95,0.18
652,2021-01-19,MOL,173,63,110,90,57,2,22,0,0,2,162,11,ITF,ITF2,14,Molise,Molise,305617,42808,14.01,0.06
653,2021-01-27,MOL,674,251,423,436,11,17,209,0,0,1,8,666,ITF,ITF2,14,Molise,Molise,305617,43482,14.23,0.22
654,2021-02-26,MOL,563,260,303,42,7,50,3,406,0,55,490,73,ITF,ITF2,14,Molise,Molise,305617,44045,14.41,0.18
655,2021-03-09,MOL,1329,579,750,199,1,109,0,409,218,393,1177,152,ITF,ITF2,14,Molise,Molise,305617,45374,14.85,0.43
656,2021-03-27,MOL,2685,1250,1435,18,3,781,0,1879,3,1,1252,1433,ITF,ITF2,14,Molise,Molise,305617,48059,15.73,0.88
657,2021-02-13,MOL,132,80,52,129,3,0,0,0,0,0,132,0,ITF,ITF2,14,Molise,Molise,305617,48191,15.77,0.04
658,2021-03-08,MOL,1376,522,854,359,44,61,23,409,76,404,1236,140,ITF,ITF2,14,Molise,Molise,305617,49567,16.22,0.45
659,2021-01-07,MOL,598,209,389,414,1,38,145,0,0,0,598,0,ITF,ITF2,14,Molise,Molise,305617,50165,16.41,0.2
660,2021-03-11,MOL,1462,636,826,42,2,22,14,698,185,499,1456,6,ITF,ITF2,14,Molise,Molise,305617,51627,16.89,0.48
661,2021-01-25,MOL,319,130,189,317,0,0,0,0,0,2,3,316,ITF,ITF2,14,Molise,Molise,305617,51946,17.0,0.1
662,2021-02-12,MOL,330,149,181,224,12,20,72,0,0,2,208,122,ITF,ITF2,14,Molise,Molise,305617,52276,17.11,0.11
663,2021-01-20,MOL,18,8,10,14,4,0,0,0,0,0,18,0,ITF,ITF2,14,Molise,Molise,305617,52294,17.11,0.01
664,2021-02-07,MOL,66,32,34,49,1,0,16,0,0,0,19,47,ITF,ITF2,14,Molise,Molise,305617,52360,17.13,0.02
665,2021-02-24,MOL,666,278,388,242,61,44,44,274,0,1,333,333,ITF,ITF2,14,Molise,Molise,305617,53026,17.35,0.22
666,2021-01-09,MOL,450,152,298,221,27,24,178,0,0,0,450,0,ITF,ITF2,14,Molise,Molise,305617,53476,17.5,0.15
667,2021-04-01,MOL,1419,647,772,27,8,626,21,699,18,20,694,725,ITF,ITF2,14,Molise,Molise,305617,54895,17.96,0.46
668,2021-03-06,MOL,1728,807,921,156,15,10,0,1395,152,0,1569,159,ITF,ITF2,14,Molise,Molise,305617,56623,18.53,0.57
669,2021-03-03,MOL,672,316,356,63,1,4,48,384,45,127,590,82,ITF,ITF2,14,Molise,Molise,305617,57295,18.75,0.22
670,2021-01-16,MOL,420,166,254,270,14,9,127,0,0,0,420,0,ITF,ITF2,14,Molise,Molise,305617,57715,18.88,0.14
671,2021-04-03,MOL,1764,847,917,28,0,1441,0,266,3,26,1731,33,ITF,ITF2,14,Molise,Molise,305617,59479,19.46,0.58
672,2021-01-06,MOL,689,260,429,456,26,36,171,0,0,0,689,0,ITF,ITF2,14,Molise,Molise,305617,60168,19.69,0.23
673,2021-04-05,MOL,370,181,189,1,0,273,0,96,0,0,271,99,ITF,ITF2,14,Molise,Molise,305617,60538,19.81,0.12
674,2021-02-04,MOL,758,295,463,502,76,38,141,0,0,1,77,681,ITF,ITF2,14,Molise,Molise,305617,61296,20.06,0.25
675,2021-04-07,MOL,255,124,131,12,1,183,4,31,1,23,178,77,ITF,ITF2,14,Molise,Molise,305617,61551,20.14,0.08
676,2021-03-02,MOL,667,383,284,98,106,12,51,136,113,151,509,158,ITF,ITF2,14,Molise,Molise,305617,62218,20.36,0.22
677,2021-03-31,MOL,2131,894,1237,202,8,778,32,799,49,263,1312,819,ITF,ITF2,14,Molise,Molise,305617,64349,21.06,0.7
678,2021-04-04,MOL,252,141,111,1,0,249,0,2,0,0,238,14,ITF,ITF2,14,Molise,Molise,305617,64601,21.14,0.08
679,2021-02-15,MOL,144,70,74,117,8,4,15,0,0,0,141,3,ITF,ITF2,14,Molise,Molise,305617,64745,21.19,0.05
680,2021-04-02,MOL,1381,678,703,47,0,673,0,655,4,2,620,761,ITF,ITF2,14,Molise,Molise,305617,66126,21.64,0.45
681,2021-01-21,MOL,6,2,4,0,6,0,0,0,0,0,6,0,ITF,ITF2,14,Molise,Molise,305617,66132,21.64,0.0
682,2021-02-20,MOL,1018,441,577,20,4,53,8,933,0,0,998,20,ITF,ITF2,14,Molise,Molise,305617,67150,21.97,0.33
683,2021-01-11,MOL,557,194,363,196,193,57,111,0,0,0,557,0,ITF,ITF2,14,Molise,Molise,305617,67707,22.15,0.18
684,2021-02-11,MOL,293,133,160,225,19,0,45,0,3,1,257,36,ITF,ITF2,14,Molise,Molise,305617,68000,22.25,0.1
685,2021-03-01,MOL,661,274,387,200,28,41,108,135,2,147,447,214,ITF,ITF2,14,Molise,Molise,305617,68661,22.47,0.22
686,2021-03-13,MOL,1189,594,595,29,0,23,5,981,151,0,200,989,ITF,ITF2,14,Molise,Molise,305617,69850,22.86,0.39
687,2021-03-26,MOL,2559,1037,1522,70,5,839,23,1004,70,548,1917,642,ITF,ITF2,14,Molise,Molise,305617,72409,23.69,0.84
688,2021-01-22,LOM,2970,835,2135,1569,595,34,763,9,0,0,2900,70,ITC,ITC4,3,Lombardia,Lombardia,10060574,2970,0.03,0.03
689,2021-03-12,LOM,35027,12892,22135,5087,2153,2332,1457,15545,1086,7367,24890,10137,ITC,ITC4,3,Lombardia,Lombardia,10060574,37997,0.38,0.35
690,2021-02-08,LOM,9863,2868,6995,5231,2177,70,2332,53,0,0,2117,7746,ITC,ITC4,3,Lombardia,Lombardia,10060574,47860,0.48,0.1
691,2021-03-10,LOM,32961,12628,20333,6858,2513,3019,2026,11573,1531,5441,25190,7771,ITC,ITC4,3,Lombardia,Lombardia,10060574,80821,0.8,0.33
692,2021-03-17,LOM,26046,10417,15629,2527,1315,1035,1923,19163,44,39,15176,10870,ITC,ITC4,3,Lombardia,Lombardia,10060574,106867,1.06,0.26
693,2021-02-17,LOM,11856,3725,8131,7603,2164,107,1895,39,38,10,10470,1386,ITC,ITC4,3,Lombardia,Lombardia,10060574,118723,1.18,0.12
694,2021-03-08,LOM,29444,11049,18395,6542,1973,2446,1070,11312,1575,4526,22445,6999,ITC,ITC4,3,Lombardia,Lombardia,10060574,148167,1.47,0.29
695,2020-12-27,LOM,702,407,295,601,45,41,14,1,0,0,702,0,ITC,ITC4,3,Lombardia,Lombardia,10060574,148869,1.48,0.01
696,2021-02-04,LOM,27286,7995,19291,15672,5738,150,5525,194,7,0,1962,25324,ITC,ITC4,3,Lombardia,Lombardia,10060574,176155,1.75,0.27
697,2021-04-05,LOM,26649,11403,15246,510,243,2286,69,22828,26,687,18898,7751,ITC,ITC4,3,Lombardia,Lombardia,10060574,202804,2.02,0.26
698,2021-02-01,LOM,16034,5309,10725,11665,3316,106,902,43,1,1,324,15710,ITC,ITC4,3,Lombardia,Lombardia,10060574,218838,2.18,0.16
699,2021-01-02,LOM,199,72,127,178,16,5,0,0,0,0,199,0,ITC,ITC4,3,Lombardia,Lombardia,10060574,219037,2.18,0.0
700,2021-03-11,LOM,35951,13383,22568,5809,2389,2632,2168,15081,1216,6656,26149,9802,ITC,ITC4,3,Lombardia,Lombardia,10060574,254988,2.53,0.36
701,2021-02-02,LOM,19825,6576,13249,13492,4415,155,1679,76,7,1,489,19336,ITC,ITC4,3,Lombardia,Lombardia,10060574,274813,2.73,0.2
702,2021-01-20,LOM,5578,1364,4214,2743,1174,45,1557,59,0,0,5463,115,ITC,ITC4,3,Lombardia,Lombardia,10060574,280391,2.79,0.06
703,2021-02-28,LOM,7883,3254,4629,1106,694,1586,76,4308,82,31,7667,216,ITC,ITC4,3,Lombardia,Lombardia,10060574,288274,2.87,0.08
704,2021-03-19,LOM,32245,12847,19398,2718,1702,1235,1406,22026,150,3008,19106,13139,ITC,ITC4,3,Lombardia,Lombardia,10060574,320519,3.19,0.32
705,2021-02-15,LOM,8836,3094,5742,6021,1607,150,1014,4,31,9,8416,420,ITC,ITC4,3,Lombardia,Lombardia,10060574,329355,3.27,0.09
706,2021-02-18,LOM,13959,4906,9053,6120,1791,157,1569,3437,857,28,12932,1027,ITC,ITC4,3,Lombardia,Lombardia,10060574,343314,3.41,0.14
707,2020-12-31,LOM,713,300,413,657,56,0,0,0,0,0,713,0,ITC,ITC4,3,Lombardia,Lombardia,10060574,344027,3.42,0.01
708,2021-03-31,LOM,40675,16511,24164,2548,1161,6333,1374,23040,75,6144,25931,14744,ITC,ITC4,3,Lombardia,Lombardia,10060574,384702,3.82,0.4
709,2021-01-28,LOM,12158,3686,8472,9174,1784,199,971,28,1,1,775,11383,ITC,ITC4,3,Lombardia,Lombardia,10060574,396860,3.94,0.12
710,2021-02-03,LOM,25464,7872,17592,15583,5560,152,4018,142,8,1,1120,24344,ITC,ITC4,3,Lombardia,Lombardia,10060574,422324,4.2,0.25
711,2021-01-03,LOM,853,316,537,744,88,16,4,1,0,0,853,0,ITC,ITC4,3,Lombardia,Lombardia,10060574,423177,4.21,0.01
712,2021-01-04,LOM,5979,2059,3920,4917,692,186,173,11,0,0,5979,0,ITC,ITC4,3,Lombardia,Lombardia,10060574,429156,4.27,0.06
713,2021-01-19,LOM,8077,2344,5733,4042,1743,77,2149,65,1,0,7601,476,ITC,ITC4,3,Lombardia,Lombardia,10060574,437233,4.35,0.08
714,2021-02-14,LOM,3571,1543,2028,2749,491,282,36,3,0,10,2938,633,ITC,ITC4,3,Lombardia,Lombardia,10060574,440804,4.38,0.04
715,2021-02-27,LOM,13918,5860,8058,2083,1101,787,558,8250,1091,48,13273,645,ITC,ITC4,3,Lombardia,Lombardia,10060574,454722,4.52,0.14
716,2021-02-25,LOM,15144,6285,8859,2948,1289,332,1293,8056,1216,10,13600,1544,ITC,ITC4,3,Lombardia,Lombardia,10060574,469866,4.67,0.15
717,2021-03-18,LOM,27296,10921,16375,2179,1125,1289,1513,21046,44,100,16143,11153,ITC,ITC4,3,Lombardia,Lombardia,10060574,497162,4.94,0.27
718,2021-01-08,LOM,12599,3898,8701,9962,2175,143,314,5,0,0,12599,0,ITC,ITC4,3,Lombardia,Lombardia,10060574,509761,5.07,0.13
719,2021-04-06,LOM,40544,16547,23997,2049,1380,5894,534,26141,125,4421,23514,17030,ITC,ITC4,3,Lombardia,Lombardia,10060574,550305,5.47,0.4
720,2021-02-09,LOM,12200,3321,8879,5725,2207,92,4095,75,2,4,4088,8112,ITC,ITC4,3,Lombardia,Lombardia,10060574,562505,5.59,0.12
721,2021-02-21,LOM,5004,1851,3153,1743,807,152,32,2227,40,3,4984,20,ITC,ITC4,3,Lombardia,Lombardia,10060574,567509,5.64,0.05
722,2020-12-30,LOM,113,42,71,105,7,1,0,0,0,0,113,0,ITC,ITC4,3,Lombardia,Lombardia,10060574,567622,5.64,0.0
723,2021-03-28,LOM,20067,7641,12426,2006,838,2142,104,11081,30,3866,14021,6046,ITC,ITC4,3,Lombardia,Lombardia,10060574,587689,5.84,0.2
724,2021-03-15,LOM,31276,11211,20065,4656,2147,1853,833,12882,594,8311,22873,8403,ITC,ITC4,3,Lombardia,Lombardia,10060574,618965,6.15,0.31
725,2021-03-25,LOM,41586,15432,26154,3387,1315,4068,1277,20505,199,10835,29714,11872,ITC,ITC4,3,Lombardia,Lombardia,10060574,660551,6.57,0.41
726,2021-03-30,LOM,38494,15128,23366,2633,1322,4981,1127,21482,154,6795,23909,14585,ITC,ITC4,3,Lombardia,Lombardia,10060574,699045,6.95,0.38
727,2021-02-07,LOM,7203,2795,4408,5541,1285,60,293,17,2,5,339,6864,ITC,ITC4,3,Lombardia,Lombardia,10060574,706248,7.02,0.07
728,2021-01-26,LOM,8326,2704,5622,6641,1270,170,223,22,0,0,334,7992,ITC,ITC4,3,Lombardia,Lombardia,10060574,714574,7.1,0.08
729,2020-12-28,LOM,103,44,59,102,1,0,0,0,0,0,103,0,ITC,ITC4,3,Lombardia,Lombardia,10060574,714677,7.1,0.0
730,2021-03-07,LOM,11793,5250,6543,2998,895,2090,73,4523,552,662,9241,2552,ITC,ITC4,3,Lombardia,Lombardia,10060574,726470,7.22,0.12
731,2021-04-02,LOM,39079,16004,23075,2480,1241,6661,952,23034,118,4593,25400,13679,ITC,ITC4,3,Lombardia,Lombardia,10060574,765549,7.61,0.39
732,2021-02-19,LOM,14041,5357,8684,5529,1620,268,1140,4540,928,16,13360,681,ITC,ITC4,3,Lombardia,Lombardia,10060574,779590,7.75,0.14
733,2021-01-12,LOM,19767,6593,13174,13413,4444,235,1581,93,1,0,19767,0,ITC,ITC4,3,Lombardia,Lombardia,10060574,799357,7.95,0.2
734,2021-01-01,LOM,24,7,17,24,0,0,0,0,0,0,24,0,ITC,ITC4,3,Lombardia,Lombardia,10060574,799381,7.95,0.0
735,2021-03-16,LOM,25393,10088,15305,3297,1347,1581,1422,17653,17,76,16371,9022,ITC,ITC4,3,Lombardia,Lombardia,10060574,824774,8.2,0.25
736,2021-03-04,LOM,29140,12062,17078,6968,2273,4657,2119,10800,1947,376,20088,9052,ITC,ITC4,3,Lombardia,Lombardia,10060574,853914,8.49,0.29
737,2021-01-17,LOM,8279,3323,4956,5547,699,1751,241,36,5,0,8079,200,ITC,ITC4,3,Lombardia,Lombardia,10060574,862193,8.57,0.08
738,2021-01-31,LOM,9727,3754,5973,7568,1996,67,87,7,2,0,33,9694,ITC,ITC4,3,Lombardia,Lombardia,10060574,871920,8.67,0.1
739,2021-04-01,LOM,41392,16650,24742,2674,1549,6318,1158,23878,103,5712,25993,15399,ITC,ITC4,3,Lombardia,Lombardia,10060574,913312,9.08,0.41
740,2021-01-05,LOM,7692,2524,5168,6178,1108,227,172,7,0,0,7692,0,ITC,ITC4,3,Lombardia,Lombardia,10060574,921004,9.15,0.08
741,2021-02-22,LOM,11658,4714,6944,4165,1393,143,935,4029,965,28,11349,309,ITC,ITC4,3,Lombardia,Lombardia,10060574,932662,9.27,0.12
742,2021-03-06,LOM,21252,9065,12187,4751,1850,4336,438,7505,1025,1347,16742,4510,ITC,ITC4,3,Lombardia,Lombardia,10060574,953914,9.48,0.21
743,2021-01-18,LOM,9116,2951,6165,5182,1941,107,1830,54,2,0,8134,982,ITC,ITC4,3,Lombardia,Lombardia,10060574,963030,9.57,0.09
744,2021-03-27,LOM,31842,12138,19704,1944,1123,3814,243,18016,66,6636,23311,8531,ITC,ITC4,3,Lombardia,Lombardia,10060574,994872,9.89,0.32
745,2021-02-05,LOM,25323,7372,17951,14335,6068,183,4477,259,1,0,2379,22944,ITC,ITC4,3,Lombardia,Lombardia,10060574,1020195,10.14,0.25
746,2021-03-24,LOM,42733,15378,27355,2960,1294,4440,1409,19713,434,12483,31252,11481,ITC,ITC4,3,Lombardia,Lombardia,10060574,1062928,10.57,0.42
747,2021-03-22,LOM,39921,14130,25791,2454,1316,2716,782,20093,446,12114,29618,10303,ITC,ITC4,3,Lombardia,Lombardia,10060574,1102849,10.96,0.4
748,2021-03-23,LOM,42013,15209,26804,2108,1308,3664,1234,20884,324,12491,29463,12550,ITC,ITC4,3,Lombardia,Lombardia,10060574,1144862,11.38,0.42
749,2021-01-24,LOM,1199,458,741,830,135,197,36,1,0,0,535,664,ITC,ITC4,3,Lombardia,Lombardia,10060574,1146061,11.39,0.01
750,2021-01-21,LOM,5330,1566,3764,3014,1209,78,1025,4,0,0,4643,687,ITC,ITC4,3,Lombardia,Lombardia,10060574,1151391,11.44,0.05
751,2021-03-20,LOM,32166,11994,20172,1969,1157,2220,520,18189,284,7827,22391,9775,ITC,ITC4,3,Lombardia,Lombardia,10060574,1183557,11.76,0.32
752,2021-01-29,LOM,13437,4114,9323,10486,2256,113,573,9,0,0,654,12783,ITC,ITC4,3,Lombardia,Lombardia,10060574,1196994,11.9,0.13
753,2021-02-24,LOM,14633,5910,8723,3576,1442,306,1784,6320,1181,24,13710,923,ITC,ITC4,3,Lombardia,Lombardia,10060574,1211627,12.04,0.15
754,2021-03-21,LOM,23452,8478,14974,1076,551,1887,410,9724,734,9070,18197,5255,ITC,ITC4,3,Lombardia,Lombardia,10060574,1235079,12.28,0.23
755,2021-04-04,LOM,7300,3101,4199,204,227,979,68,5609,8,205,3604,3696,ITC,ITC4,3,Lombardia,Lombardia,10060574,1242379,12.35,0.07
756,2021-02-26,LOM,18212,7499,10713,3292,1658,274,1176,10484,1304,24,16364,1848,ITC,ITC4,3,Lombardia,Lombardia,10060574,1260591,12.53,0.18
757,2021-03-26,LOM,40258,15266,24992,2612,1478,4549,760,21994,208,8657,27690,12568,ITC,ITC4,3,Lombardia,Lombardia,10060574,1300849,12.93,0.4
758,2021-03-05,LOM,28617,11796,16821,7094,2495,4450,1502,10771,1900,405,20354,8263,ITC,ITC4,3,Lombardia,Lombardia,10060574,1329466,13.21,0.28
759,2020-12-29,LOM,100,43,57,100,0,0,0,0,0,0,100,0,ITC,ITC4,3,Lombardia,Lombardia,10060574,1329566,13.22,0.0
760,2021-02-23,LOM,11697,4772,6925,3937,1350,266,841,4310,990,3,11389,308,ITC,ITC4,3,Lombardia,Lombardia,10060574,1341263,13.33,0.12
761,2021-01-30,LOM,12310,4565,7745,9902,2049,189,160,8,1,1,193,12117,ITC,ITC4,3,Lombardia,Lombardia,10060574,1353573,13.45,0.12
762,2021-02-11,LOM,16933,4988,11945,9691,3286,58,3856,32,4,6,9593,7340,ITC,ITC4,3,Lombardia,Lombardia,10060574,1370506,13.62,0.17
763,2021-03-02,LOM,22612,9611,13001,3071,1297,2902,2177,11257,1778,130,19582,3030,ITC,ITC4,3,Lombardia,Lombardia,10060574,1393118,13.85,0.22
764,2021-01-13,LOM,25975,7960,18015,15658,5680,297,4148,189,2,1,25975,0,ITC,ITC4,3,Lombardia,Lombardia,10060574,1419093,14.11,0.26
765,2021-03-14,LOM,14772,5287,9485,1498,573,1575,80,5264,396,5386,11501,3271,ITC,ITC4,3,Lombardia,Lombardia,10060574,1433865,14.25,0.15
766,2021-02-10,LOM,14386,4501,9885,8533,2328,110,3335,71,3,6,7569,6817,ITC,ITC4,3,Lombardia,Lombardia,10060574,1448251,14.4,0.14
767,2021-04-03,LOM,34357,14119,20238,939,220,5167,77,25648,78,2228,24953,9404,ITC,ITC4,3,Lombardia,Lombardia,10060574,1482608,14.74,0.34
768,2021-01-06,LOM,7051,2487,4564,5841,1020,150,38,0,0,2,7051,0,ITC,ITC4,3,Lombardia,Lombardia,10060574,1489659,14.81,0.07
769,2021-01-16,LOM,15342,5702,9640,8606,1231,3850,1500,152,3,0,15342,0,ITC,ITC4,3,Lombardia,Lombardia,10060574,1505001,14.96,0.15
770,2021-03-01,LOM,18687,8181,10506,2700,1021,1602,910,10816,1609,29,16983,1704,ITC,ITC4,3,Lombardia,Lombardia,10060574,1523688,15.15,0.19
771,2021-03-29,LOM,39638,15337,24301,2972,1617,4711,399,21175,168,8596,24946,14692,ITC,ITC4,3,Lombardia,Lombardia,10060574,1563326,15.54,0.39
772,2021-02-20,LOM,9391,3881,5510,4275,975,139,216,2919,863,4,9097,294,ITC,ITC4,3,Lombardia,Lombardia,10060574,1572717,15.63,0.09
773,2021-02-16,LOM,9505,3083,6422,5842,2100,159,1369,8,8,19,9054,451,ITC,ITC4,3,Lombardia,Lombardia,10060574,1582222,15.73,0.09
774,2021-01-09,LOM,12381,4560,7821,9503,2051,624,196,6,1,0,12381,0,ITC,ITC4,3,Lombardia,Lombardia,10060574,1594603,15.85,0.12
775,2021-01-07,LOM,11708,3622,8086,8959,1718,212,785,32,1,1,11708,0,ITC,ITC4,3,Lombardia,Lombardia,10060574,1606311,15.97,0.12
776,2021-02-12,LOM,13633,4248,9385,8011,2596,93,2823,102,5,3,8865,4768,ITC,ITC4,3,Lombardia,Lombardia,10060574,1619944,16.1,0.14
777,2021-01-25,LOM,7020,2370,4650,5629,911,248,218,14,0,0,486,6534,ITC,ITC4,3,Lombardia,Lombardia,10060574,1626964,16.17,0.07
778,2021-01-27,LOM,8028,2675,5353,6192,1244,155,434,1,0,2,820,7208,ITC,ITC4,3,Lombardia,Lombardia,10060574,1634992,16.25,0.08
779,2021-03-09,LOM,33069,12771,20298,6062,2534,3212,2341,12055,1427,5438,25655,7414,ITC,ITC4,3,Lombardia,Lombardia,10060574,1668061,16.58,0.33
780,2021-02-06,LOM,15235,5525,9710,9842,2932,488,1896,73,1,3,1082,14153,ITC,ITC4,3,Lombardia,Lombardia,10060574,1683296,16.73,0.15
781,2021-02-13,LOM,6398,2437,3961,4172,1416,85,700,17,4,4,4931,1467,ITC,ITC4,3,Lombardia,Lombardia,10060574,1689694,16.8,0.06
782,2021-01-11,LOM,16018,5322,10696,11813,3303,158,699,42,1,2,16018,0,ITC,ITC4,3,Lombardia,Lombardia,10060574,1705712,16.95,0.16
783,2021-01-15,LOM,24946,7374,17572,13684,5794,431,4726,309,2,0,24946,0,ITC,ITC4,3,Lombardia,Lombardia,10060574,1730658,17.2,0.25
784,2021-01-14,LOM,26507,7730,18777,15083,5450,305,5440,228,1,0,26507,0,ITC,ITC4,3,Lombardia,Lombardia,10060574,1757165,17.47,0.26
785,2021-04-07,LOM,26003,10715,15288,1078,765,3811,434,17974,46,1895,17053,8950,ITC,ITC4,3,Lombardia,Lombardia,10060574,1783168,17.72,0.26
786,2021-01-23,LOM,1114,357,757,644,258,74,138,0,0,0,916,198,ITC,ITC4,3,Lombardia,Lombardia,10060574,1784282,17.74,0.01
787,2021-03-13,LOM,26997,9701,17296,3734,980,2992,251,10318,617,8105,20958,6039,ITC,ITC4,3,Lombardia,Lombardia,10060574,1811279,18.0,0.27
788,2021-01-10,LOM,10516,3955,6561,8173,2159,85,85,11,2,1,10516,0,ITC,ITC4,3,Lombardia,Lombardia,10060574,1821795,18.11,0.1
789,2021-03-03,LOM,26792,11451,15341,6388,1644,4788,1754,9885,1862,471,19523,7269,ITC,ITC4,3,Lombardia,Lombardia,10060574,1848587,18.37,0.27
790,2021-01-30,VDA,437,202,235,232,181,12,12,0,0,0,14,423,ITC,ITC2,2,Valle d'Aosta / Vallée d'Aoste,Valle d'Aosta,125666,437,0.35,0.35
791,2021-01-14,VDA,237,69,168,151,62,22,0,2,0,0,237,0,ITC,ITC2,2,Valle d'Aosta / Vallée d'Aoste,Valle d'Aosta,125666,674,0.54,0.19
792,2021-02-22,VDA,316,94,222,62,7,34,37,103,6,67,213,103,ITC,ITC2,2,Valle d'Aosta / Vallée d'Aoste,Valle d'Aosta,125666,990,0.79,0.25
793,2021-03-27,VDA,332,164,168,23,6,221,14,66,1,1,301,31,ITC,ITC2,2,Valle d'Aosta / Vallée d'Aoste,Valle d'Aosta,125666,1322,1.05,0.26
794,2021-03-04,VDA,291,139,152,56,13,44,2,160,14,2,42,249,ITC,ITC2,2,Valle d'Aosta / Vallée d'Aoste,Valle d'Aosta,125666,1613,1.28,0.23
795,2021-01-13,VDA,337,110,227,166,138,5,28,0,0,0,337,0,ITC,ITC2,2,Valle d'Aosta / Vallée d'Aoste,Valle d'Aosta,125666,1950,1.55,0.27
796,2021-02-05,VDA,294,102,192,159,45,37,0,53,0,0,101,193,ITC,ITC2,2,Valle d'Aosta / Vallée d'Aoste,Valle d'Aosta,125666,2244,1.79,0.23
797,2021-03-07,VDA,64,30,34,16,3,16,0,26,2,1,11,53,ITC,ITC2,2,Valle d'Aosta / Vallée d'Aoste,Valle d'Aosta,125666,2308,1.84,0.05
798,2021-01-18,VDA,213,74,139,29,7,104,27,46,0,0,213,0,ITC,ITC2,2,Valle d'Aosta / Vallée d'Aoste,Valle d'Aosta,125666,2521,2.01,0.17
799,2021-02-27,VDA,230,84,146,69,2,28,1,126,4,0,124,106,ITC,ITC2,2,Valle d'Aosta / Vallée d'Aoste,Valle d'Aosta,125666,2751,2.19,0.18
800,2021-03-13,VDA,142,84,58,2,1,113,0,0,23,3,142,0,ITC,ITC2,2,Valle d'Aosta / Vallée d'Aoste,Valle d'Aosta,125666,2893,2.3,0.11
801,2021-03-11,VDA,192,72,120,2,0,14,7,166,1,2,64,128,ITC,ITC2,2,Valle d'Aosta / Vallée d'Aoste,Valle d'Aosta,125666,3085,2.45,0.15
802,2021-03-10,VDA,436,182,254,9,0,67,17,337,6,0,225,211,ITC,ITC2,2,Valle d'Aosta / Vallée d'Aoste,Valle d'Aosta,125666,3521,2.8,0.35
803,2021-02-20,VDA,251,210,41,6,2,50,8,2,174,9,241,10,ITC,ITC2,2,Valle d'Aosta / Vallée d'Aoste,Valle d'Aosta,125666,3772,3.0,0.2
804,2021-03-02,VDA,339,166,173,17,1,103,39,109,65,5,336,3,ITC,ITC2,2,Valle d'Aosta / Vallée d'Aoste,Valle d'Aosta,125666,4111,3.27,0.27
805,2021-01-11,VDA,325,112,213,238,50,7,30,0,0,0,325,0,ITC,ITC2,2,Valle d'Aosta / Vallée d'Aoste,Valle d'Aosta,125666,4436,3.53,0.26
806,2021-01-20,VDA,23,8,15,0,0,0,6,17,0,0,23,0,ITC,ITC2,2,Valle d'Aosta / Vallée d'Aoste,Valle d'Aosta,125666,4459,3.55,0.02
807,2021-03-20,VDA,205,85,120,5,2,164,15,14,4,1,170,35,ITC,ITC2,2,Valle d'Aosta / Vallée d'Aoste,Valle d'Aosta,125666,4664,3.71,0.16
808,2021-02-24,VDA,183,82,101,30,7,8,13,65,53,7,164,19,ITC,ITC2,2,Valle d'Aosta / Vallée d'Aoste,Valle d'Aosta,125666,4847,3.86,0.15
809,2021-01-29,VDA,316,138,178,259,32,9,16,0,0,0,2,314,ITC,ITC2,2,Valle d'Aosta / Vallée d'Aoste,Valle d'Aosta,125666,5163,4.11,0.25
810,2021-02-09,VDA,251,84,167,78,9,21,14,75,1,53,68,183,ITC,ITC2,2,Valle d'Aosta / Vallée d'Aoste,Valle d'Aosta,125666,5414,4.31,0.2
811,2021-02-17,VDA,327,144,183,25,1,18,30,237,16,0,227,100,ITC,ITC2,2,Valle d'Aosta / Vallée d'Aoste,Valle d'Aosta,125666,5741,4.57,0.26
812,2021-03-06,VDA,22,4,18,13,0,0,5,4,0,0,22,0,ITC,ITC2,2,Valle d'Aosta / Vallée d'Aoste,Valle d'Aosta,125666,5763,4.59,0.02
813,2021-02-26,VDA,206,57,149,67,4,30,4,96,4,1,122,84,ITC,ITC2,2,Valle d'Aosta / Vallée d'Aoste,Valle d'Aosta,125666,5969,4.75,0.16
814,2021-01-02,VDA,6,5,1,0,0,0,6,0,0,0,6,0,ITC,ITC2,2,Valle d'Aosta / Vallée d'Aoste,Valle d'Aosta,125666,5975,4.75,0.0
815,2021-03-18,VDA,134,43,91,4,0,3,25,101,1,0,98,36,ITC,ITC2,2,Valle d'Aosta / Vallée d'Aoste,Valle d'Aosta,125666,6109,4.86,0.11
816,2021-01-09,VDA,443,199,244,225,183,13,22,0,0,0,443,0,ITC,ITC2,2,Valle d'Aosta / Vallée d'Aoste,Valle d'Aosta,125666,6552,5.21,0.35
817,2021-02-21,VDA,18,3,15,0,0,0,18,0,0,0,0,18,ITC,ITC2,2,Valle d'Aosta / Vallée d'Aoste,Valle d'Aosta,125666,6570,5.23,0.01
818,2021-03-25,VDA,386,154,232,10,0,123,1,251,0,1,377,9,ITC,ITC2,2,Valle d'Aosta / Vallée d'Aoste,Valle d'Aosta,125666,6956,5.54,0.31
819,2021-02-07,VDA,292,120,172,110,55,17,0,105,2,3,190,102,ITC,ITC2,2,Valle d'Aosta / Vallée d'Aoste,Valle d'Aosta,125666,7248,5.77,0.23
820,2021-03-15,VDA,361,122,239,20,4,41,10,215,6,65,159,202,ITC,ITC2,2,Valle d'Aosta / Vallée d'Aoste,Valle d'Aosta,125666,7609,6.05,0.29
821,2021-03-29,VDA,489,232,257,6,1,259,18,204,1,0,450,39,ITC,ITC2,2,Valle d'Aosta / Vallée d'Aoste,Valle d'Aosta,125666,8098,6.44,0.39
822,2021-02-23,VDA,216,123,93,0,1,164,0,0,35,16,216,0,ITC,ITC2,2,Valle d'Aosta / Vallée d'Aoste,Valle d'Aosta,125666,8314,6.62,0.17
823,2021-03-17,VDA,430,185,245,35,2,90,15,240,41,7,270,160,ITC,ITC2,2,Valle d'Aosta / Vallée d'Aoste,Valle d'Aosta,125666,8744,6.96,0.34
824,2021-01-05,VDA,150,54,96,127,11,1,11,0,0,0,150,0,ITC,ITC2,2,Valle d'Aosta / Vallée d'Aoste,Valle d'Aosta,125666,8894,7.08,0.12
825,2021-01-22,VDA,56,21,35,36,0,0,20,0,0,0,20,36,ITC,ITC2,2,Valle d'Aosta / Vallée d'Aoste,Valle d'Aosta,125666,8950,7.12,0.04
826,2021-02-06,VDA,289,104,185,170,31,13,0,74,1,0,92,197,ITC,ITC2,2,Valle d'Aosta / Vallée d'Aoste,Valle d'Aosta,125666,9239,7.35,0.23
827,2021-04-02,VDA,868,343,525,61,5,413,12,191,9,177,645,223,ITC,ITC2,2,Valle d'Aosta / Vallée d'Aoste,Valle d'Aosta,125666,10107,8.04,0.69
828,2021-03-12,VDA,529,175,354,14,7,96,7,148,2,255,303,226,ITC,ITC2,2,Valle d'Aosta / Vallée d'Aoste,Valle d'Aosta,125666,10636,8.46,0.42
829,2021-01-08,VDA,299,130,169,240,35,8,16,0,0,0,299,0,ITC,ITC2,2,Valle d'Aosta / Vallée d'Aoste,Valle d'Aosta,125666,10935,8.7,0.24
830,2020-12-31,VDA,18,4,14,16,2,0,0,0,0,0,18,0,ITC,ITC2,2,Valle d'Aosta / Vallée d'Aoste,Valle d'Aosta,125666,10953,8.72,0.01
831,2021-03-14,VDA,390,200,190,6,3,295,0,0,34,52,390,0,ITC,ITC2,2,Valle d'Aosta / Vallée d'Aoste,Valle d'Aosta,125666,11343,9.03,0.31
832,2021-03-01,VDA,181,66,115,19,5,10,29,116,2,0,147,34,ITC,ITC2,2,Valle d'Aosta / Vallée d'Aoste,Valle d'Aosta,125666,11524,9.17,0.14
833,2021-01-10,VDA,220,71,149,172,25,4,19,0,0,0,220,0,ITC,ITC2,2,Valle d'Aosta / Vallée d'Aoste,Valle d'Aosta,125666,11744,9.35,0.18
834,2021-03-03,VDA,255,118,137,9,1,105,1,134,1,4,186,69,ITC,ITC2,2,Valle d'Aosta / Vallée d'Aoste,Valle d'Aosta,125666,11999,9.55,0.2
835,2021-01-06,VDA,65,33,32,29,8,10,18,0,0,0,65,0,ITC,ITC2,2,Valle d'Aosta / Vallée d'Aoste,Valle d'Aosta,125666,12064,9.6,0.05
836,2021-02-16,VDA,325,53,272,10,0,58,12,5,4,236,320,5,ITC,ITC2,2,Valle d'Aosta / Vallée d'Aoste,Valle d'Aosta,125666,12389,9.86,0.26
837,2021-01-21,VDA,33,12,21,0,0,0,33,0,0,0,33,0,ITC,ITC2,2,Valle d'Aosta / Vallée d'Aoste,Valle d'Aosta,125666,12422,9.88,0.03
838,2020-12-27,VDA,20,9,11,20,0,0,0,0,0,0,20,0,ITC,ITC2,2,Valle d'Aosta / Vallée d'Aoste,Valle d'Aosta,125666,12442,9.9,0.02
839,2021-04-01,VDA,768,390,378,1,0,571,0,196,0,0,757,11,ITC,ITC2,2,Valle d'Aosta / Vallée d'Aoste,Valle d'Aosta,125666,13210,10.51,0.61
840,2021-01-15,VDA,218,82,136,116,32,36,28,6,0,0,218,0,ITC,ITC2,2,Valle d'Aosta / Vallée d'Aoste,Valle d'Aosta,125666,13428,10.69,0.17
841,2021-03-24,VDA,512,230,282,8,3,135,0,363,2,1,257,255,ITC,ITC2,2,Valle d'Aosta / Vallée d'Aoste,Valle d'Aosta,125666,13940,11.09,0.41
842,2021-02-08,VDA,223,83,140,28,17,86,3,64,0,25,25,198,ITC,ITC2,2,Valle d'Aosta / Vallée d'Aoste,Valle d'Aosta,125666,14163,11.27,0.18
843,2021-02-02,VDA,271,70,201,225,34,9,3,0,0,0,2,269,ITC,ITC2,2,Valle d'Aosta / Vallée d'Aoste,Valle d'Aosta,125666,14434,11.49,0.22
844,2021-02-15,VDA,264,136,128,24,2,27,24,170,15,2,229,35,ITC,ITC2,2,Valle d'Aosta / Vallée d'Aoste,Valle d'Aosta,125666,14698,11.7,0.21
845,2021-03-19,VDA,319,84,235,8,1,70,21,9,1,209,284,35,ITC,ITC2,2,Valle d'Aosta / Vallée d'Aoste,Valle d'Aosta,125666,15017,11.95,0.25
846,2021-03-28,VDA,520,212,308,51,6,352,0,52,13,46,519,1,ITC,ITC2,2,Valle d'Aosta / Vallée d'Aoste,Valle d'Aosta,125666,15537,12.36,0.41
847,2021-01-28,VDA,290,123,167,202,34,46,6,2,0,0,56,234,ITC,ITC2,2,Valle d'Aosta / Vallée d'Aoste,Valle d'Aosta,125666,15827,12.59,0.23
848,2021-04-05,VDA,458,221,237,18,0,398,0,8,0,34,455,3,ITC,ITC2,2,Valle d'Aosta / Vallée d'Aoste,Valle d'Aosta,125666,16285,12.96,0.36
849,2021-04-03,VDA,673,339,334,13,4,592,4,54,5,1,658,15,ITC,ITC2,2,Valle d'Aosta / Vallée d'Aoste,Valle d'Aosta,125666,16958,13.49,0.54
850,2021-02-18,VDA,349,153,196,61,4,37,45,180,14,8,261,88,ITC,ITC2,2,Valle d'Aosta / Vallée d'Aoste,Valle d'Aosta,125666,17307,13.77,0.28
851,2021-02-19,VDA,292,102,190,17,0,30,35,145,0,65,268,24,ITC,ITC2,2,Valle d'Aosta / Vallée d'Aoste,Valle d'Aosta,125666,17599,14.0,0.23
852,2021-03-09,VDA,204,96,108,2,0,79,23,36,39,25,172,32,ITC,ITC2,2,Valle d'Aosta / Vallée d'Aoste,Valle d'Aosta,125666,17803,14.17,0.16
853,2021-01-27,VDA,151,71,80,55,8,17,18,53,0,0,79,72,ITC,ITC2,2,Valle d'Aosta / Vallée d'Aoste,Valle d'Aosta,125666,17954,14.29,0.12
854,2021-02-13,VDA,215,195,20,0,0,54,0,0,161,0,215,0,ITC,ITC2,2,Valle d'Aosta / Vallée d'Aoste,Valle d'Aosta,125666,18169,14.46,0.17
855,2021-01-19,VDA,256,77,179,160,10,14,15,57,0,0,256,0,ITC,ITC2,2,Valle d'Aosta / Vallée d'Aoste,Valle d'Aosta,125666,18425,14.66,0.2
856,2021-02-14,VDA,48,16,32,6,0,0,42,0,0,0,1,47,ITC,ITC2,2,Valle d'Aosta / Vallée d'Aoste,Valle d'Aosta,125666,18473,14.7,0.04
857,2021-01-12,VDA,302,72,230,242,34,15,11,0,0,0,302,0,ITC,ITC2,2,Valle d'Aosta / Vallée d'Aoste,Valle d'Aosta,125666,18775,14.94,0.24
858,2021-03-16,VDA,176,36,140,2,0,43,13,118,0,0,115,61,ITC,ITC2,2,Valle d'Aosta / Vallée d'Aoste,Valle d'Aosta,125666,18951,15.08,0.14
859,2021-04-04,VDA,569,251,318,1,8,446,0,20,0,94,568,1,ITC,ITC2,2,Valle d'Aosta / Vallée d'Aoste,Valle d'Aosta,125666,19520,15.53,0.45
860,2021-02-11,VDA,231,107,124,53,17,21,0,127,13,0,222,9,ITC,ITC2,2,Valle d'Aosta / Vallée d'Aoste,Valle d'Aosta,125666,19751,15.72,0.18
861,2021-03-26,VDA,494,203,291,4,2,171,0,88,3,226,487,7,ITC,ITC2,2,Valle d'Aosta / Vallée d'Aoste,Valle d'Aosta,125666,20245,16.11,0.39
862,2021-04-07,VDA,308,133,175,7,0,85,0,215,0,1,116,192,ITC,ITC2,2,Valle d'Aosta / Vallée d'Aoste,Valle d'Aosta,125666,20553,16.36,0.25
863,2021-03-22,VDA,556,204,352,36,4,137,18,334,10,17,330,226,ITC,ITC2,2,Valle d'Aosta / Vallée d'Aoste,Valle d'Aosta,125666,21109,16.8,0.44
864,2021-02-10,VDA,248,77,171,51,8,17,26,127,1,18,141,107,ITC,ITC2,2,Valle d'Aosta / Vallée d'Aoste,Valle d'Aosta,125666,21357,17.0,0.2
865,2021-03-23,VDA,375,149,226,13,2,70,7,276,0,7,242,133,ITC,ITC2,2,Valle d'Aosta / Vallée d'Aoste,Valle d'Aosta,125666,21732,17.29,0.3
866,2021-01-17,VDA,131,56,75,49,2,1,20,59,0,0,131,0,ITC,ITC2,2,Valle d'Aosta / Vallée d'Aoste,Valle d'Aosta,125666,21863,17.4,0.1
867,2021-02-01,VDA,403,127,276,268,56,9,70,0,0,0,87,316,ITC,ITC2,2,Valle d'Aosta / Vallée d'Aoste,Valle d'Aosta,125666,22266,17.72,0.32
868,2021-03-31,VDA,550,300,250,6,0,363,0,181,0,0,525,25,ITC,ITC2,2,Valle d'Aosta / Vallée d'Aoste,Valle d'Aosta,125666,22816,18.16,0.44
869,2021-01-07,VDA,275,111,164,224,38,8,5,0,0,0,275,0,ITC,ITC2,2,Valle d'Aosta / Vallée d'Aoste,Valle d'Aosta,125666,23091,18.37,0.22
870,2021-03-05,VDA,275,124,151,51,8,60,13,138,0,5,53,222,ITC,ITC2,2,Valle d'Aosta / Vallée d'Aoste,Valle d'Aosta,125666,23366,18.59,0.22
871,2021-01-16,VDA,236,80,156,127,32,4,22,51,0,0,236,0,ITC,ITC2,2,Valle d'Aosta / Vallée d'Aoste,Valle d'Aosta,125666,23602,18.78,0.19
872,2021-04-06,VDA,739,379,360,24,3,484,1,227,0,0,627,112,ITC,ITC2,2,Valle d'Aosta / Vallée d'Aoste,Valle d'Aosta,125666,24341,19.37,0.59
873,2021-03-21,VDA,353,164,189,2,4,312,0,1,6,28,353,0,ITC,ITC2,2,Valle d'Aosta / Vallée d'Aoste,Valle d'Aosta,125666,24694,19.65,0.28
874,2021-01-31,VDA,290,90,200,231,31,10,18,0,0,0,58,232,ITC,ITC2,2,Valle d'Aosta / Vallée d'Aoste,Valle d'Aosta,125666,24984,19.88,0.23
875,2021-01-04,VDA,142,59,83,126,14,2,0,0,0,0,142,0,ITC,ITC2,2,Valle d'Aosta / Vallée d'Aoste,Valle d'Aosta,125666,25126,19.99,0.11
876,2021-02-25,VDA,201,101,100,6,3,154,11,0,25,2,194,7,ITC,ITC2,2,Valle d'Aosta / Vallée d'Aoste,Valle d'Aosta,125666,25327,20.15,0.16
877,2021-02-04,VDA,294,86,208,168,74,17,34,1,0,0,8,286,ITC,ITC2,2,Valle d'Aosta / Vallée d'Aoste,Valle d'Aosta,125666,25621,20.39,0.23
878,2021-02-28,VDA,260,86,174,78,31,27,24,93,3,4,77,183,ITC,ITC2,2,Valle d'Aosta / Vallée d'Aoste,Valle d'Aosta,125666,25881,20.6,0.21
879,2021-01-26,VDA,139,48,91,115,11,1,12,0,0,0,0,139,ITC,ITC2,2,Valle d'Aosta / Vallée d'Aoste,Valle d'Aosta,125666,26020,20.71,0.11
880,2021-02-12,VDA,263,96,167,51,9,41,26,131,0,5,217,46,ITC,ITC2,2,Valle d'Aosta / Vallée d'Aoste,Valle d'Aosta,125666,26283,20.91,0.21
881,2021-02-03,VDA,351,114,237,157,135,6,52,1,0,0,14,337,ITC,ITC2,2,Valle d'Aosta / Vallée d'Aoste,Valle d'Aosta,125666,26634,21.19,0.28
882,2021-01-25,VDA,147,65,82,125,13,3,6,0,0,0,0,147,ITC,ITC2,2,Valle d'Aosta / Vallée d'Aoste,Valle d'Aosta,125666,26781,21.31,0.12
883,2021-03-08,VDA,481,231,250,28,1,80,13,343,15,1,237,244,ITC,ITC2,2,Valle d'Aosta / Vallée d'Aoste,Valle d'Aosta,125666,27262,21.69,0.38
884,2021-03-30,VDA,399,221,178,9,0,258,5,120,2,5,380,19,ITC,ITC2,2,Valle d'Aosta / Vallée d'Aoste,Valle d'Aosta,125666,27661,22.01,0.32
885,2021-03-09,PIE,13878,5394,8484,1682,850,716,357,7955,0,2318,11536,2342,ITC,ITC1,1,Piemonte,Piemonte,4356406,13878,0.32,0.32
886,2021-02-27,PIE,12665,4844,7821,882,464,517,232,7534,0,3036,12316,349,ITC,ITC1,1,Piemonte,Piemonte,4356406,26543,0.61,0.29
887,2021-03-20,PIE,11852,4875,6977,878,449,785,163,7643,0,1934,5958,5894,ITC,ITC1,1,Piemonte,Piemonte,4356406,38395,0.88,0.27
888,2021-02-17,PIE,4787,2154,2633,2245,954,1089,497,1,0,1,3798,989,ITC,ITC1,1,Piemonte,Piemonte,4356406,43182,0.99,0.11
889,2021-03-08,PIE,13907,5274,8633,2040,892,538,413,7397,0,2627,11195,2712,ITC,ITC1,1,Piemonte,Piemonte,4356406,57089,1.31,0.32
890,2021-03-27,PIE,18294,7787,10507,1210,546,2604,110,11667,54,2103,9481,8813,ITC,ITC1,1,Piemonte,Piemonte,4356406,75383,1.73,0.42
891,2021-03-01,PIE,11711,4690,7021,1142,539,744,281,6602,0,2403,10899,812,ITC,ITC1,1,Piemonte,Piemonte,4356406,87094,2.0,0.27
892,2021-01-29,PIE,5940,1886,4054,4198,1018,51,673,0,0,0,455,5485,ITC,ITC1,1,Piemonte,Piemonte,4356406,93034,2.14,0.14
893,2021-02-16,PIE,3963,1753,2210,1819,778,816,548,0,1,1,3205,758,ITC,ITC1,1,Piemonte,Piemonte,4356406,96997,2.23,0.09
894,2021-02-14,PIE,1475,498,977,796,331,49,285,0,0,14,875,600,ITC,ITC1,1,Piemonte,Piemonte,4356406,98472,2.26,0.03
895,2021-02-24,PIE,11384,4618,6766,1843,586,726,407,5663,0,2159,10873,511,ITC,ITC1,1,Piemonte,Piemonte,4356406,109856,2.52,0.26
896,2021-03-31,PIE,18965,8038,10927,955,371,3484,290,13121,57,687,10286,8679,ITC,ITC1,1,Piemonte,Piemonte,4356406,128821,2.96,0.44
897,2021-01-09,PIE,6183,2185,3998,4488,1094,33,568,0,0,0,6183,0,ITC,ITC1,1,Piemonte,Piemonte,4356406,135004,3.1,0.14
898,2021-01-07,PIE,5385,1739,3646,4158,837,49,341,0,0,0,5385,0,ITC,ITC1,1,Piemonte,Piemonte,4356406,140389,3.22,0.12
899,2021-02-09,PIE,7350,2309,5041,4154,1323,43,1830,0,0,0,722,6628,ITC,ITC1,1,Piemonte,Piemonte,4356406,147739,3.39,0.17
900,2021-02-15,PIE,4428,1595,2833,2319,841,303,962,1,1,1,3223,1205,ITC,ITC1,1,Piemonte,Piemonte,4356406,152167,3.49,0.1
901,2020-12-28,PIE,1,1,0,1,0,0,0,0,0,0,1,0,ITC,ITC1,1,Piemonte,Piemonte,4356406,152168,3.49,0.0
902,2021-01-13,PIE,10078,3222,6856,6484,2039,226,1329,0,0,0,10078,0,ITC,ITC1,1,Piemonte,Piemonte,4356406,162246,3.72,0.23
903,2021-03-30,PIE,16762,6959,9803,781,353,2152,284,12097,101,994,8898,7864,ITC,ITC1,1,Piemonte,Piemonte,4356406,179008,4.11,0.38
904,2021-02-01,PIE,8641,3053,5588,6170,1324,79,1068,0,0,0,578,8063,ITC,ITC1,1,Piemonte,Piemonte,4356406,187649,4.31,0.2
905,2021-02-19,PIE,5528,2171,3357,1988,788,977,666,31,0,1078,5026,502,ITC,ITC1,1,Piemonte,Piemonte,4356406,193177,4.43,0.13
906,2021-02-05,PIE,9451,3078,6373,5766,1959,82,1643,1,0,0,657,8794,ITC,ITC1,1,Piemonte,Piemonte,4356406,202628,4.65,0.22
907,2021-01-20,PIE,6538,2067,4471,3573,1140,13,1812,0,0,0,5813,725,ITC,ITC1,1,Piemonte,Piemonte,4356406,209166,4.8,0.15
908,2021-03-11,PIE,13636,4996,8640,2310,809,635,381,7329,0,2172,10546,3090,ITC,ITC1,1,Piemonte,Piemonte,4356406,222802,5.11,0.31
909,2021-01-05,PIE,5378,1602,3776,4365,683,45,285,0,0,0,5378,0,ITC,ITC1,1,Piemonte,Piemonte,4356406,228180,5.24,0.12
910,2021-04-02,PIE,19780,8136,11644,851,307,4086,317,13249,92,878,11401,8379,ITC,ITC1,1,Piemonte,Piemonte,4356406,247960,5.69,0.45
911,2021-04-05,PIE,14718,6221,8497,148,49,5820,0,7973,26,702,12161,2557,ITC,ITC1,1,Piemonte,Piemonte,4356406,262678,6.03,0.34
912,2021-02-20,PIE,3829,1252,2577,1100,395,669,219,30,0,1416,3655,174,ITC,ITC1,1,Piemonte,Piemonte,4356406,266507,6.12,0.09
913,2021-03-26,PIE,17668,6959,10709,1155,450,1415,525,11479,220,2424,8763,8905,ITC,ITC1,1,Piemonte,Piemonte,4356406,284175,6.52,0.41
914,2021-01-15,PIE,8963,2952,6011,5495,1860,64,1544,0,0,0,8963,0,ITC,ITC1,1,Piemonte,Piemonte,4356406,293138,6.73,0.21
915,2021-04-07,PIE,15286,6501,8785,565,225,5217,140,8683,42,414,11194,4092,ITC,ITC1,1,Piemonte,Piemonte,4356406,308424,7.08,0.35
916,2021-01-28,PIE,5588,1809,3779,4118,829,50,590,1,0,0,384,5204,ITC,ITC1,1,Piemonte,Piemonte,4356406,314012,7.21,0.13
917,2021-01-11,PIE,8740,2980,5760,6053,1484,77,1126,0,0,0,8740,0,ITC,ITC1,1,Piemonte,Piemonte,4356406,322752,7.41,0.2
918,2021-02-02,PIE,10232,3504,6728,6867,1979,69,1317,0,0,0,814,9418,ITC,ITC1,1,Piemonte,Piemonte,4356406,332984,7.64,0.23
919,2021-01-27,PIE,4196,1453,2743,2983,541,115,557,0,0,0,999,3197,ITC,ITC1,1,Piemonte,Piemonte,4356406,337180,7.74,0.1
920,2021-01-19,PIE,6421,2099,4322,3574,1238,61,1548,0,0,0,6412,9,ITC,ITC1,1,Piemonte,Piemonte,4356406,343601,7.89,0.15
921,2021-02-13,PIE,4151,1334,2817,2309,654,68,1114,1,0,5,2929,1222,ITC,ITC1,1,Piemonte,Piemonte,4356406,347752,7.98,0.1
922,2021-01-18,PIE,6162,2047,4115,3236,1322,82,1522,0,0,0,5914,248,ITC,ITC1,1,Piemonte,Piemonte,4356406,353914,8.12,0.14
923,2021-01-03,PIE,3061,966,2095,2714,268,27,52,0,0,0,3061,0,ITC,ITC1,1,Piemonte,Piemonte,4356406,356975,8.19,0.07
924,2021-01-04,PIE,5562,1678,3884,4590,716,21,235,0,0,0,5562,0,ITC,ITC1,1,Piemonte,Piemonte,4356406,362537,8.32,0.13
925,2021-01-16,PIE,7754,2630,5124,4795,1515,80,1364,0,0,0,7754,0,ITC,ITC1,1,Piemonte,Piemonte,4356406,370291,8.5,0.18
926,2021-02-03,PIE,10185,3301,6884,6641,2041,268,1235,0,0,0,611,9574,ITC,ITC1,1,Piemonte,Piemonte,4356406,380476,8.73,0.23
927,2021-02-25,PIE,12199,5244,6955,1439,592,1484,405,6320,1,1958,11651,548,ITC,ITC1,1,Piemonte,Piemonte,4356406,392675,9.01,0.28
928,2021-02-11,PIE,6761,2106,4655,3421,1136,191,2010,0,0,3,3004,3757,ITC,ITC1,1,Piemonte,Piemonte,4356406,399436,9.17,0.16
929,2021-01-06,PIE,3114,1110,2004,2368,319,114,313,0,0,0,3114,0,ITC,ITC1,1,Piemonte,Piemonte,4356406,402550,9.24,0.07
930,2021-01-17,PIE,3517,1168,2349,2082,588,7,840,0,0,0,2870,647,ITC,ITC1,1,Piemonte,Piemonte,4356406,406067,9.32,0.08
931,2021-01-26,PIE,6329,1878,4451,4726,831,44,728,0,0,0,735,5594,ITC,ITC1,1,Piemonte,Piemonte,4356406,412396,9.47,0.15
932,2021-03-02,PIE,11137,4477,6660,904,316,812,215,6388,0,2502,10320,817,ITC,ITC1,1,Piemonte,Piemonte,4356406,423533,9.72,0.26
933,2021-03-07,PIE,11961,4652,7309,1322,727,419,111,7333,0,2049,11080,881,ITC,ITC1,1,Piemonte,Piemonte,4356406,435494,10.0,0.27
934,2021-01-14,PIE,9761,3150,6611,6175,2006,96,1484,0,0,0,9761,0,ITC,ITC1,1,Piemonte,Piemonte,4356406,445255,10.22,0.22
935,2021-03-25,PIE,16982,7170,9812,1031,509,1335,624,11932,179,1372,8348,8634,ITC,ITC1,1,Piemonte,Piemonte,4356406,462237,10.61,0.39
936,2021-01-23,PIE,4254,1325,2929,3206,453,75,520,0,0,0,878,3376,ITC,ITC1,1,Piemonte,Piemonte,4356406,466491,10.71,0.1
937,2021-04-01,PIE,19130,7957,11173,663,266,3008,280,13820,183,910,11043,8087,ITC,ITC1,1,Piemonte,Piemonte,4356406,485621,11.15,0.44
938,2021-02-12,PIE,6881,2212,4669,3525,1509,138,1707,0,0,2,3924,2957,ITC,ITC1,1,Piemonte,Piemonte,4356406,492502,11.31,0.16
939,2021-02-18,PIE,4784,2089,2695,2254,868,1035,624,0,1,2,4354,430,ITC,ITC1,1,Piemonte,Piemonte,4356406,497286,11.42,0.11
940,2020-12-30,PIE,730,322,408,685,45,0,0,0,0,0,730,0,ITC,ITC1,1,Piemonte,Piemonte,4356406,498016,11.43,0.02
941,2021-03-19,PIE,10749,4394,6355,1092,467,498,429,7992,0,271,4322,6427,ITC,ITC1,1,Piemonte,Piemonte,4356406,508765,11.68,0.25
942,2021-03-28,PIE,15998,6880,9118,924,772,2788,34,8898,106,2476,8392,7606,ITC,ITC1,1,Piemonte,Piemonte,4356406,524763,12.05,0.37
943,2020-12-31,PIE,3907,1332,2575,3413,354,6,134,0,0,0,3907,0,ITC,ITC1,1,Piemonte,Piemonte,4356406,528670,12.14,0.09
944,2021-02-07,PIE,3087,974,2113,1648,643,19,777,0,0,0,445,2642,ITC,ITC1,1,Piemonte,Piemonte,4356406,531757,12.21,0.07
945,2021-01-08,PIE,5529,1761,3768,4078,971,58,422,0,0,0,5529,0,ITC,ITC1,1,Piemonte,Piemonte,4356406,537286,12.33,0.13
946,2021-04-06,PIE,19915,8650,11265,645,312,7753,260,9542,92,1311,14765,5150,ITC,ITC1,1,Piemonte,Piemonte,4356406,557201,12.79,0.46
947,2021-03-06,PIE,13977,5205,8772,2261,771,358,462,7431,0,2694,11188,2789,ITC,ITC1,1,Piemonte,Piemonte,4356406,571178,13.11,0.32
948,2021-04-04,PIE,9231,4047,5184,197,72,4442,0,4220,6,294,6518,2713,ITC,ITC1,1,Piemonte,Piemonte,4356406,580409,13.32,0.21
949,2021-03-16,PIE,10515,4265,6250,2229,799,360,322,6792,0,13,4460,6055,ITC,ITC1,1,Piemonte,Piemonte,4356406,590924,13.56,0.24
950,2020-12-27,PIE,912,368,544,760,65,11,76,0,0,0,912,0,ITC,ITC1,1,Piemonte,Piemonte,4356406,591836,13.59,0.02
951,2021-01-22,PIE,3864,1248,2616,2280,609,41,934,0,0,0,2523,1341,ITC,ITC1,1,Piemonte,Piemonte,4356406,595700,13.67,0.09
952,2021-03-12,PIE,13886,5149,8737,2142,854,484,470,7600,63,2273,10952,2934,ITC,ITC1,1,Piemonte,Piemonte,4356406,609586,13.99,0.32
953,2021-03-10,PIE,13469,5083,8386,1663,732,641,279,7934,0,2220,11175,2294,ITC,ITC1,1,Piemonte,Piemonte,4356406,623055,14.3,0.31
954,2021-03-13,PIE,13021,4711,8310,1169,504,511,157,8544,0,2136,11578,1443,ITC,ITC1,1,Piemonte,Piemonte,4356406,636076,14.6,0.3
955,2021-03-22,PIE,10969,4610,6359,870,458,719,182,7518,0,1222,3747,7222,ITC,ITC1,1,Piemonte,Piemonte,4356406,647045,14.85,0.25
956,2021-03-04,PIE,14472,5725,8747,2187,872,1092,609,7523,0,2189,11517,2955,ITC,ITC1,1,Piemonte,Piemonte,4356406,661517,15.18,0.33
957,2021-03-24,PIE,15409,6308,9101,1068,502,1017,478,11472,37,835,6282,9127,ITC,ITC1,1,Piemonte,Piemonte,4356406,676926,15.54,0.35
958,2021-03-23,PIE,12938,5373,7565,688,325,1153,222,9218,0,1332,6701,6237,ITC,ITC1,1,Piemonte,Piemonte,4356406,689864,15.84,0.3
959,2021-01-02,PIE,3540,1134,2406,3073,336,78,53,0,0,0,3540,0,ITC,ITC1,1,Piemonte,Piemonte,4356406,693404,15.92,0.08
960,2021-04-03,PIE,19257,8037,11220,305,136,4789,66,13368,55,538,10727,8530,ITC,ITC1,1,Piemonte,Piemonte,4356406,712661,16.36,0.44
961,2021-02-22,PIE,8462,3463,4999,1703,800,639,511,3889,0,920,7873,589,ITC,ITC1,1,Piemonte,Piemonte,4356406,721123,16.55,0.19
962,2021-02-28,PIE,10804,4055,6749,642,344,167,53,6813,0,2785,10564,240,ITC,ITC1,1,Piemonte,Piemonte,4356406,731927,16.8,0.25
963,2021-02-08,PIE,6914,2355,4559,3784,1480,78,1572,0,0,0,666,6248,ITC,ITC1,1,Piemonte,Piemonte,4356406,738841,16.96,0.16
964,2021-03-17,PIE,12504,5048,7456,2081,718,365,236,9095,0,9,5218,7286,ITC,ITC1,1,Piemonte,Piemonte,4356406,751345,17.25,0.29
965,2021-02-10,PIE,7445,2346,5099,3850,1461,37,2097,0,0,0,1316,6129,ITC,ITC1,1,Piemonte,Piemonte,4356406,758790,17.42,0.17
966,2021-03-14,PIE,8197,3329,4868,794,233,370,2,5809,0,989,5303,2894,ITC,ITC1,1,Piemonte,Piemonte,4356406,766987,17.61,0.19
967,2021-02-04,PIE,10196,3337,6859,6234,2129,70,1763,0,0,0,588,9608,ITC,ITC1,1,Piemonte,Piemonte,4356406,777183,17.84,0.23
968,2021-01-31,PIE,4105,1748,2357,3076,636,18,375,0,0,0,112,3993,ITC,ITC1,1,Piemonte,Piemonte,4356406,781288,17.93,0.09
969,2021-03-05,PIE,15252,5953,9299,2540,1098,923,654,7665,1,2371,11435,3817,ITC,ITC1,1,Piemonte,Piemonte,4356406,796540,18.28,0.35
970,2021-02-23,PIE,9227,3709,5518,2295,821,570,389,4100,0,1052,8646,581,ITC,ITC1,1,Piemonte,Piemonte,4356406,805767,18.5,0.21
971,2021-03-18,PIE,11725,4794,6931,1461,677,365,342,8862,0,18,4016,7709,ITC,ITC1,1,Piemonte,Piemonte,4356406,817492,18.77,0.27
972,2021-01-21,PIE,6876,2314,4562,4704,826,30,1316,0,0,0,3381,3495,ITC,ITC1,1,Piemonte,Piemonte,4356406,824368,18.92,0.16
973,2021-02-26,PIE,12235,4909,7326,812,377,1068,487,6594,1,2896,11497,738,ITC,ITC1,1,Piemonte,Piemonte,4356406,836603,19.2,0.28
974,2021-01-25,PIE,6209,1938,4271,4782,839,26,562,0,0,0,982,5227,ITC,ITC1,1,Piemonte,Piemonte,4356406,842812,19.35,0.14
975,2021-03-03,PIE,12061,4622,7439,1102,434,594,257,7022,0,2652,11239,822,ITC,ITC1,1,Piemonte,Piemonte,4356406,854873,19.62,0.28
976,2021-01-01,PIE,1038,395,643,922,116,0,0,0,0,0,1038,0,ITC,ITC1,1,Piemonte,Piemonte,4356406,855911,19.65,0.02
977,2021-01-10,PIE,5207,2273,2934,3904,765,19,519,0,0,0,5207,0,ITC,ITC1,1,Piemonte,Piemonte,4356406,861118,19.77,0.12
978,2021-01-12,PIE,10040,3401,6639,6859,1917,92,1172,0,0,0,10040,0,ITC,ITC1,1,Piemonte,Piemonte,4356406,871158,20.0,0.23
979,2021-03-21,PIE,10368,4533,5835,575,383,1240,9,6846,0,1315,3846,6522,ITC,ITC1,1,Piemonte,Piemonte,4356406,881526,20.24,0.24
980,2021-01-30,PIE,5978,2135,3843,4367,1049,67,495,0,0,0,218,5760,ITC,ITC1,1,Piemonte,Piemonte,4356406,887504,20.37,0.14
981,2021-02-06,PIE,7982,2664,5318,5100,1528,104,1250,0,0,0,400,7582,ITC,ITC1,1,Piemonte,Piemonte,4356406,895486,20.56,0.18
982,2021-01-24,PIE,3150,957,2193,2632,344,28,146,0,0,0,434,2716,ITC,ITC1,1,Piemonte,Piemonte,4356406,898636,20.63,0.07
983,2021-02-21,PIE,5086,2080,3006,686,189,75,47,3352,0,737,4983,103,ITC,ITC1,1,Piemonte,Piemonte,4356406,903722,20.74,0.12
984,2021-03-29,PIE,15072,6332,8740,415,326,2431,137,10355,78,1330,8471,6601,ITC,ITC1,1,Piemonte,Piemonte,4356406,918794,21.09,0.35
985,2021-03-15,PIE,10628,4148,6480,1716,924,579,230,5715,0,1464,5014,5614,ITC,ITC1,1,Piemonte,Piemonte,4356406,929422,21.33,0.24
986,2020-12-27,CAM,720,422,298,703,14,3,0,0,0,0,720,0,ITF,ITF3,15,Campania,Campania,5801692,720,0.01,0.01
987,2021-02-17,CAM,7388,3210,4178,1013,197,870,38,4908,0,362,6328,1060,ITF,ITF3,15,Campania,Campania,5801692,8108,0.14,0.13
988,2021-01-09,CAM,10566,5024,5542,6759,1256,2282,269,0,0,0,10566,0,ITF,ITF3,15,Campania,Campania,5801692,18674,0.32,0.18
989,2021-02-16,CAM,5435,2410,3025,983,272,836,169,3174,0,1,4664,771,ITF,ITF3,15,Campania,Campania,5801692,24109,0.42,0.09
990,2021-01-25,CAM,5744,2926,2818,4743,644,301,56,0,0,0,164,5580,ITF,ITF3,15,Campania,Campania,5801692,29853,0.51,0.1
991,2021-02-27,CAM,13943,4471,9472,825,285,1280,82,3160,0,8311,12301,1642,ITF,ITF3,15,Campania,Campania,5801692,43796,0.75,0.24
992,2021-02-18,CAM,9079,3811,5268,1752,228,1033,88,5540,0,438,8371,708,ITF,ITF3,15,Campania,Campania,5801692,52875,0.91,0.16
993,2021-01-29,CAM,10052,4812,5240,6405,1052,2336,259,0,0,0,47,10005,ITF,ITF3,15,Campania,Campania,5801692,62927,1.08,0.17
994,2021-01-08,CAM,10456,4969,5487,6715,1147,2382,212,0,0,0,10456,0,ITF,ITF3,15,Campania,Campania,5801692,73383,1.26,0.18
995,2021-01-19,CAM,1095,474,621,534,129,261,171,0,0,0,1092,3,ITF,ITF3,15,Campania,Campania,5801692,74478,1.28,0.02
996,2021-03-11,CAM,17573,8666,8907,1048,254,3013,105,8933,1384,2836,10297,7276,ITF,ITF3,15,Campania,Campania,5801692,92051,1.59,0.3
997,2021-01-28,CAM,8833,4122,4711,6216,1094,1176,347,0,0,0,135,8698,ITF,ITF3,15,Campania,Campania,5801692,100884,1.74,0.15
998,2021-04-04,CAM,7941,4002,3939,177,24,5623,6,1984,54,73,6897,1044,ITF,ITF3,15,Campania,Campania,5801692,108825,1.88,0.14
999,2021-01-12,CAM,5214,2563,2651,3439,722,713,340,0,0,0,5214,0,ITF,ITF3,15,Campania,Campania,5801692,114039,1.97,0.09
1000,2021-04-02,CAM,13799,6638,7161,152,34,9948,82,2748,191,644,12173,1626,ITF,ITF3,15,Campania,Campania,5801692,127838,2.2,0.24
1001,2021-02-20,CAM,8565,3079,5486,1023,60,788,145,4582,0,1967,8262,303,ITF,ITF3,15,Campania,Campania,5801692,136403,2.35,0.15
1002,2021-03-14,CAM,8506,3722,4784,328,97,666,2,4545,850,2018,4368,4138,ITF,ITF3,15,Campania,Campania,5801692,144909,2.5,0.15
1003,2021-02-10,CAM,6904,3413,3491,1945,284,2419,98,2158,0,0,6728,176,ITF,ITF3,15,Campania,Campania,5801692,151813,2.62,0.12
1004,2021-01-26,CAM,7340,3726,3614,5775,847,487,231,0,0,0,352,6988,ITF,ITF3,15,Campania,Campania,5801692,159153,2.74,0.13
1005,2021-02-14,CAM,3924,1921,2003,626,84,736,15,2463,0,0,3890,34,ITF,ITF3,15,Campania,Campania,5801692,163077,2.81,0.07
1006,2021-02-19,CAM,9556,3557,5999,1663,141,943,161,4455,0,2193,8906,650,ITF,ITF3,15,Campania,Campania,5801692,172633,2.98,0.16
1007,2021-01-01,CAM,919,506,413,831,85,3,0,0,0,0,919,0,ITF,ITF3,15,Campania,Campania,5801692,173552,2.99,0.02
1008,2021-03-26,CAM,19454,8929,10525,363,36,9425,142,7621,232,1635,15644,3810,ITF,ITF3,15,Campania,Campania,5801692,193006,3.33,0.34
1009,2021-02-11,CAM,6279,2705,3574,1862,279,1646,129,2363,0,0,6213,66,ITF,ITF3,15,Campania,Campania,5801692,199285,3.43,0.11
1010,2021-01-18,CAM,957,399,558,576,93,101,187,0,0,0,713,244,ITF,ITF3,15,Campania,Campania,5801692,200242,3.45,0.02
1011,2021-03-13,CAM,14255,6793,7462,404,82,1879,193,6614,1397,3686,8970,5285,ITF,ITF3,15,Campania,Campania,5801692,214497,3.7,0.25
1012,2021-02-22,CAM,10661,3291,7370,544,46,492,141,3896,0,5542,10398,263,ITF,ITF3,15,Campania,Campania,5801692,225158,3.88,0.18
1013,2021-02-06,CAM,5341,2665,2676,1990,520,2357,459,15,0,0,2103,3238,ITF,ITF3,15,Campania,Campania,5801692,230499,3.97,0.09
1014,2021-01-10,CAM,8165,3736,4429,5179,1010,1879,97,0,0,0,8165,0,ITF,ITF3,15,Campania,Campania,5801692,238664,4.11,0.14
1015,2021-02-05,CAM,7261,3463,3798,3447,995,2502,308,9,0,0,2132,5129,ITF,ITF3,15,Campania,Campania,5801692,245925,4.24,0.13
1016,2021-01-05,CAM,7237,3638,3599,5810,923,398,106,0,0,0,7237,0,ITF,ITF3,15,Campania,Campania,5801692,253162,4.36,0.12
1017,2021-01-30,CAM,10721,5079,5642,6930,1278,2286,227,0,0,0,39,10682,ITF,ITF3,15,Campania,Campania,5801692,263883,4.55,0.18
1018,2021-01-06,CAM,7652,3749,3903,5781,838,733,300,0,0,0,7652,0,ITF,ITF3,15,Campania,Campania,5801692,271535,4.68,0.13
1019,2021-03-16,CAM,8087,3519,4568,289,53,679,60,6869,23,114,3772,4315,ITF,ITF3,15,Campania,Campania,5801692,279622,4.82,0.14
1020,2021-04-03,CAM,21130,10320,10810,203,46,15487,186,4491,159,558,18756,2374,ITF,ITF3,15,Campania,Campania,5801692,300752,5.18,0.36
1021,2021-03-12,CAM,14245,7094,7151,1022,151,2028,82,6592,1569,2801,8164,6081,ITF,ITF3,15,Campania,Campania,5801692,314997,5.43,0.25
1022,2021-02-08,CAM,5112,2449,2663,1387,320,1801,226,1378,0,0,4310,802,ITF,ITF3,15,Campania,Campania,5801692,320109,5.52,0.09
1023,2021-01-16,CAM,3369,1675,1694,1355,230,1411,373,0,0,0,3369,0,ITF,ITF3,15,Campania,Campania,5801692,323478,5.58,0.06
1024,2021-01-11,CAM,4072,1871,2201,2386,681,753,252,0,0,0,4072,0,ITF,ITF3,15,Campania,Campania,5801692,327550,5.65,0.07
1025,2021-02-25,CAM,12422,4479,7943,803,119,907,124,5664,0,4805,11234,1188,ITF,ITF3,15,Campania,Campania,5801692,339972,5.86,0.21
1026,2021-01-14,CAM,7073,2977,4096,3707,1264,1752,350,0,0,0,7073,0,ITF,ITF3,15,Campania,Campania,5801692,347045,5.98,0.12
1027,2021-03-31,CAM,22706,10904,11802,359,35,15751,114,5149,134,1164,19227,3479,ITF,ITF3,15,Campania,Campania,5801692,369751,6.37,0.39
1028,2021-03-27,CAM,21235,10017,11218,356,35,11581,63,7098,146,1956,17372,3863,ITF,ITF3,15,Campania,Campania,5801692,390986,6.74,0.37
1029,2021-03-02,CAM,12745,4550,8195,1294,193,1978,147,3232,2,5899,8401,4344,ITF,ITF3,15,Campania,Campania,5801692,403731,6.96,0.22
1030,2021-03-22,CAM,12744,5921,6823,309,755,5169,71,3500,469,2471,10706,2038,ITF,ITF3,15,Campania,Campania,5801692,416475,7.18,0.22
1031,2021-01-23,CAM,3838,2028,1810,3161,343,265,69,0,0,0,273,3565,ITF,ITF3,15,Campania,Campania,5801692,420313,7.24,0.07
1032,2021-03-17,CAM,11585,5096,6489,490,123,748,49,10005,33,137,5006,6579,ITF,ITF3,15,Campania,Campania,5801692,431898,7.44,0.2
1033,2021-04-01,CAM,24258,11648,12610,417,50,14877,83,7000,206,1625,20165,4093,ITF,ITF3,15,Campania,Campania,5801692,456156,7.86,0.42
1034,2021-02-07,CAM,2929,1382,1547,706,189,1519,225,290,0,0,2158,771,ITF,ITF3,15,Campania,Campania,5801692,459085,7.91,0.05
1035,2021-02-09,CAM,4643,2202,2441,1148,178,1973,6,1338,0,0,4391,252,ITF,ITF3,15,Campania,Campania,5801692,463728,7.99,0.08
1036,2020-12-31,CAM,1490,811,679,1273,150,66,1,0,0,0,1490,0,ITF,ITF3,15,Campania,Campania,5801692,465218,8.02,0.03
1037,2021-03-20,CAM,13895,6433,7462,295,35,3812,35,6510,324,2884,10156,3739,ITF,ITF3,15,Campania,Campania,5801692,479113,8.26,0.24
1038,2021-02-15,CAM,5469,2515,2954,987,220,771,94,3395,1,1,5296,173,ITF,ITF3,15,Campania,Campania,5801692,484582,8.35,0.09
1039,2021-03-28,CAM,15547,7496,8051,79,155,9389,18,5103,124,679,13924,1623,ITF,ITF3,15,Campania,Campania,5801692,500129,8.62,0.27
1040,2021-02-24,CAM,11763,4143,7620,845,192,436,141,5960,0,4189,11075,688,ITF,ITF3,15,Campania,Campania,5801692,511892,8.82,0.2
1041,2021-01-17,CAM,1155,551,604,718,54,232,151,0,0,0,702,453,ITF,ITF3,15,Campania,Campania,5801692,513047,8.84,0.02
1042,2021-02-21,CAM,5833,2239,3594,780,44,609,22,3870,0,508,5608,225,ITF,ITF3,15,Campania,Campania,5801692,518880,8.94,0.1
1043,2021-03-19,CAM,11029,4867,6162,392,67,1215,21,8437,44,853,7160,3869,ITF,ITF3,15,Campania,Campania,5801692,529909,9.13,0.19
1044,2021-04-06,CAM,24179,11342,12837,298,107,16666,123,5333,105,1547,19677,4502,ITF,ITF3,15,Campania,Campania,5801692,554088,9.55,0.42
1045,2021-02-28,CAM,10411,3206,7205,496,113,2047,22,2237,0,5496,8511,1900,ITF,ITF3,15,Campania,Campania,5801692,564499,9.73,0.18
1046,2021-03-06,CAM,16297,6747,9550,993,132,1359,172,7128,1027,5486,10630,5667,ITF,ITF3,15,Campania,Campania,5801692,580796,10.01,0.28
1047,2021-03-10,CAM,15240,7374,7866,704,240,2311,26,8433,1058,2468,8411,6829,ITF,ITF3,15,Campania,Campania,5801692,596036,10.27,0.26
1048,2021-03-21,CAM,9979,4592,5387,168,27,4971,17,2933,188,1675,7590,2389,ITF,ITF3,15,Campania,Campania,5801692,606015,10.45,0.17
1049,2021-03-08,CAM,14536,6715,7821,888,245,2179,70,4863,1334,4957,9760,4776,ITF,ITF3,15,Campania,Campania,5801692,620551,10.7,0.25
1050,2021-02-23,CAM,10988,3383,7605,520,85,401,289,3755,0,5938,10462,526,ITF,ITF3,15,Campania,Campania,5801692,631539,10.89,0.19
1051,2021-01-22,CAM,1523,775,748,970,120,224,209,0,0,0,673,850,ITF,ITF3,15,Campania,Campania,5801692,633062,10.91,0.03
1052,2021-02-12,CAM,6529,2861,3668,1886,262,1111,208,3058,0,4,6343,186,ITF,ITF3,15,Campania,Campania,5801692,639591,11.02,0.11
1053,2021-03-03,CAM,13918,5494,8424,2088,234,2459,156,4746,3,4232,7289,6629,ITF,ITF3,15,Campania,Campania,5801692,653509,11.26,0.24
1054,2021-03-30,CAM,21671,10258,11413,278,45,13530,165,5648,170,1835,18716,2955,ITF,ITF3,15,Campania,Campania,5801692,675180,11.64,0.37
1055,2021-01-13,CAM,8019,3665,4354,4350,1031,2051,587,0,0,0,8019,0,ITF,ITF3,15,Campania,Campania,5801692,683199,11.78,0.14
1056,2021-01-03,CAM,3837,2009,1828,3191,401,245,0,0,0,0,3837,0,ITF,ITF3,15,Campania,Campania,5801692,687036,11.84,0.07
1057,2021-03-04,CAM,14649,5348,9301,1901,289,1923,136,5562,1,4837,8756,5893,ITF,ITF3,15,Campania,Campania,5801692,701685,12.09,0.25
1058,2021-03-23,CAM,15334,7058,8276,359,488,6023,181,4730,260,3293,12829,2505,ITF,ITF3,15,Campania,Campania,5801692,717019,12.36,0.26
1059,2021-03-24,CAM,17618,8081,9537,410,71,7675,70,6718,232,2442,14667,2951,ITF,ITF3,15,Campania,Campania,5801692,734637,12.66,0.3
1060,2021-01-24,CAM,4128,2123,2005,3140,410,412,166,0,0,0,383,3745,ITF,ITF3,15,Campania,Campania,5801692,738765,12.73,0.07
1061,2021-03-25,CAM,19994,9339,10655,308,38,9538,8,7448,170,2484,16491,3503,ITF,ITF3,15,Campania,Campania,5801692,758759,13.08,0.34
1062,2021-03-01,CAM,12122,4245,7877,1153,306,1665,147,3065,0,5786,8011,4111,ITF,ITF3,15,Campania,Campania,5801692,770881,13.29,0.21
1063,2021-02-04,CAM,7943,3429,4514,3965,1245,2440,292,1,0,0,1308,6635,ITF,ITF3,15,Campania,Campania,5801692,778824,13.42,0.14
1064,2021-01-21,CAM,2093,1116,977,1379,153,486,75,0,0,0,677,1416,ITF,ITF3,15,Campania,Campania,5801692,780917,13.46,0.04
1065,2021-03-29,CAM,18952,9135,9817,362,49,12016,128,5040,153,1204,17408,1544,ITF,ITF3,15,Campania,Campania,5801692,799869,13.79,0.33
1066,2021-02-26,CAM,13327,4228,9099,951,125,798,220,3403,1,7829,11992,1335,ITF,ITF3,15,Campania,Campania,5801692,813196,14.02,0.23
1067,2021-03-18,CAM,12164,5376,6788,460,76,1097,34,9962,76,459,5975,6189,ITF,ITF3,15,Campania,Campania,5801692,825360,14.23,0.21
1068,2021-03-05,CAM,16473,6346,10127,1681,224,2364,64,6349,4,5787,9814,6659,ITF,ITF3,15,Campania,Campania,5801692,841833,14.51,0.28
1069,2021-01-07,CAM,8910,4166,4744,6313,1087,1178,332,0,0,0,8910,0,ITF,ITF3,15,Campania,Campania,5801692,850743,14.66,0.15
1070,2021-02-01,CAM,3985,1813,2172,2504,656,673,152,0,0,0,110,3875,ITF,ITF3,15,Campania,Campania,5801692,854728,14.73,0.07
1071,2021-01-02,CAM,3673,1962,1711,3167,340,166,0,0,0,0,3673,0,ITF,ITF3,15,Campania,Campania,5801692,858401,14.8,0.06
1072,2021-01-20,CAM,1257,650,607,395,146,615,101,0,0,0,1257,0,ITF,ITF3,15,Campania,Campania,5801692,859658,14.82,0.02
1073,2021-03-09,CAM,13839,6619,7220,797,266,2762,184,4495,1148,4187,10058,3781,ITF,ITF3,15,Campania,Campania,5801692,873497,15.06,0.24
1074,2021-04-05,CAM,11629,5536,6093,141,19,8112,6,2873,46,432,9217,2412,ITF,ITF3,15,Campania,Campania,5801692,885126,15.26,0.2
1075,2021-02-02,CAM,5722,2804,2918,3640,828,900,354,0,0,0,443,5279,ITF,ITF3,15,Campania,Campania,5801692,890848,15.35,0.1
1076,2021-01-04,CAM,5826,2963,2863,4850,679,297,0,0,0,0,5826,0,ITF,ITF3,15,Campania,Campania,5801692,896674,15.46,0.1
1077,2021-03-15,CAM,12899,6079,6820,800,131,2535,82,6279,511,2561,8198,4701,ITF,ITF3,15,Campania,Campania,5801692,909573,15.68,0.22
1078,2021-02-03,CAM,8902,4002,4900,4736,1101,2350,714,1,0,0,878,8024,ITF,ITF3,15,Campania,Campania,5801692,918475,15.83,0.15
1079,2021-03-07,CAM,11911,5344,6567,533,109,1302,85,4019,1512,4351,8070,3841,ITF,ITF3,15,Campania,Campania,5801692,930386,16.04,0.21
1080,2021-04-07,CAM,14326,6775,7551,215,33,8967,39,4299,93,680,10612,3714,ITF,ITF3,15,Campania,Campania,5801692,944712,16.28,0.25
1081,2021-01-15,CAM,4980,2381,2599,2740,832,1217,191,0,0,0,4980,0,ITF,ITF3,15,Campania,Campania,5801692,949692,16.37,0.09
1082,2021-02-13,CAM,5509,2550,2959,960,99,701,131,3616,0,2,5292,217,ITF,ITF3,15,Campania,Campania,5801692,955201,16.46,0.09
1083,2021-01-27,CAM,7737,3820,3917,5838,875,754,270,0,0,0,162,7575,ITF,ITF3,15,Campania,Campania,5801692,962938,16.6,0.13
1084,2021-01-31,CAM,8066,3711,4355,5106,1012,1881,67,0,0,0,23,8043,ITF,ITF3,15,Campania,Campania,5801692,971004,16.74,0.14
1085,2021-01-21,BAS,30,10,20,0,0,30,0,0,0,0,30,0,ITF,ITF5,17,Basilicata,Basilicata,559084,30,0.01,0.01
1086,2021-02-23,BAS,1901,771,1130,159,24,25,35,1658,0,0,1763,138,ITF,ITF5,17,Basilicata,Basilicata,559084,1931,0.35,0.34
1087,2021-02-26,BAS,2148,904,1244,88,93,12,1,1954,0,0,2069,79,ITF,ITF5,17,Basilicata,Basilicata,559084,4079,0.73,0.38
1088,2021-01-25,BAS,1020,427,593,828,80,111,1,0,0,0,74,946,ITF,ITF5,17,Basilicata,Basilicata,559084,5099,0.91,0.18
1089,2021-03-21,BAS,1045,480,565,32,0,51,0,803,0,159,352,693,ITF,ITF5,17,Basilicata,Basilicata,559084,6144,1.1,0.19
1090,2021-03-05,BAS,1849,855,994,298,123,104,72,689,254,309,1104,745,ITF,ITF5,17,Basilicata,Basilicata,559084,7993,1.43,0.33
1091,2021-01-07,BAS,640,319,321,556,8,47,29,0,0,0,640,0,ITF,ITF5,17,Basilicata,Basilicata,559084,8633,1.54,0.11
1092,2021-03-03,BAS,1740,813,927,191,252,161,99,590,203,244,1184,556,ITF,ITF5,17,Basilicata,Basilicata,559084,10373,1.86,0.31
1093,2021-04-04,BAS,530,211,319,7,0,30,0,406,0,87,117,413,ITF,ITF5,17,Basilicata,Basilicata,559084,10903,1.95,0.09
1094,2021-03-25,BAS,1716,574,1142,38,0,110,0,910,22,636,1404,312,ITF,ITF5,17,Basilicata,Basilicata,559084,12619,2.26,0.31
1095,2021-03-16,BAS,1899,799,1100,103,27,31,0,1671,5,62,228,1671,ITF,ITF5,17,Basilicata,Basilicata,559084,14518,2.6,0.34
1096,2021-01-30,BAS,703,226,477,424,81,72,126,0,0,0,127,576,ITF,ITF5,17,Basilicata,Basilicata,559084,15221,2.72,0.13
1097,2021-01-03,BAS,900,344,556,790,45,63,0,0,0,2,900,0,ITF,ITF5,17,Basilicata,Basilicata,559084,16121,2.88,0.16
1098,2021-03-06,BAS,1350,534,816,296,118,52,57,383,185,259,756,594,ITF,ITF5,17,Basilicata,Basilicata,559084,17471,3.12,0.24
1099,2021-01-22,BAS,67,24,43,6,0,60,0,1,0,0,67,0,ITF,ITF5,17,Basilicata,Basilicata,559084,17538,3.14,0.01
1100,2021-01-27,BAS,411,175,236,299,16,70,26,0,0,0,113,298,ITF,ITF5,17,Basilicata,Basilicata,559084,17949,3.21,0.07
1101,2021-01-02,BAS,949,380,569,855,39,52,0,0,0,3,949,0,ITF,ITF5,17,Basilicata,Basilicata,559084,18898,3.38,0.17
1102,2021-01-05,BAS,945,409,536,861,38,46,0,0,0,0,945,0,ITF,ITF5,17,Basilicata,Basilicata,559084,19843,3.55,0.17
1103,2021-01-20,BAS,84,22,62,0,0,84,0,0,0,0,84,0,ITF,ITF5,17,Basilicata,Basilicata,559084,19927,3.56,0.02
1104,2021-03-09,BAS,1391,706,685,222,47,48,33,545,258,238,787,604,ITF,ITF5,17,Basilicata,Basilicata,559084,21318,3.81,0.25
1105,2021-03-23,BAS,1189,490,699,48,0,30,0,814,20,277,1082,107,ITF,ITF5,17,Basilicata,Basilicata,559084,22507,4.03,0.21
1106,2020-12-27,BAS,106,41,65,104,0,2,0,0,0,0,106,0,ITF,ITF5,17,Basilicata,Basilicata,559084,22613,4.04,0.02
1107,2021-03-10,BAS,1650,814,836,101,46,64,33,877,256,273,811,839,ITF,ITF5,17,Basilicata,Basilicata,559084,24263,4.34,0.3
1108,2021-01-26,BAS,793,350,443,622,70,66,35,0,0,0,101,692,ITF,ITF5,17,Basilicata,Basilicata,559084,25056,4.48,0.14
1109,2021-01-31,BAS,77,24,53,75,2,0,0,0,0,0,0,77,ITF,ITF5,17,Basilicata,Basilicata,559084,25133,4.5,0.01
1110,2021-03-08,BAS,1450,707,743,221,126,126,38,410,256,273,840,610,ITF,ITF5,17,Basilicata,Basilicata,559084,26583,4.75,0.26
1111,2021-02-10,BAS,547,237,310,176,95,58,127,90,0,1,495,52,ITF,ITF5,17,Basilicata,Basilicata,559084,27130,4.85,0.1
1112,2021-03-27,BAS,2024,747,1277,17,0,99,0,1530,0,378,1710,314,ITF,ITF5,17,Basilicata,Basilicata,559084,29154,5.21,0.36
1113,2021-01-29,BAS,612,228,384,397,38,107,70,0,0,0,63,549,ITF,ITF5,17,Basilicata,Basilicata,559084,29766,5.32,0.11
1114,2021-01-15,BAS,813,350,463,578,21,40,174,0,0,0,813,0,ITF,ITF5,17,Basilicata,Basilicata,559084,30579,5.47,0.15
1115,2021-01-11,BAS,183,66,117,107,15,20,41,0,0,0,183,0,ITF,ITF5,17,Basilicata,Basilicata,559084,30762,5.5,0.03
1116,2021-01-28,BAS,903,401,502,717,24,80,81,1,0,0,119,784,ITF,ITF5,17,Basilicata,Basilicata,559084,31665,5.66,0.16
1117,2021-01-09,BAS,557,160,397,386,52,51,67,0,0,1,557,0,ITF,ITF5,17,Basilicata,Basilicata,559084,32222,5.76,0.1
1118,2021-02-15,BAS,621,232,389,191,93,44,46,246,1,0,580,41,ITF,ITF5,17,Basilicata,Basilicata,559084,32843,5.87,0.11
1119,2021-03-28,BAS,2141,742,1399,92,0,72,1,1264,1,711,2121,20,ITF,ITF5,17,Basilicata,Basilicata,559084,34984,6.26,0.38
1120,2021-02-24,BAS,1803,743,1060,85,9,20,2,1686,1,0,1734,69,ITF,ITF5,17,Basilicata,Basilicata,559084,36787,6.58,0.32
1121,2021-03-20,BAS,1286,566,720,45,68,47,0,943,5,178,275,1011,ITF,ITF5,17,Basilicata,Basilicata,559084,38073,6.81,0.23
1122,2021-04-06,BAS,1394,478,916,205,0,233,1,342,26,587,1198,196,ITF,ITF5,17,Basilicata,Basilicata,559084,39467,7.06,0.25
1123,2021-02-07,BAS,373,159,214,259,25,49,40,0,0,0,49,324,ITF,ITF5,17,Basilicata,Basilicata,559084,39840,7.13,0.07
1124,2021-03-11,BAS,1783,919,864,163,63,99,77,905,253,223,824,959,ITF,ITF5,17,Basilicata,Basilicata,559084,41623,7.44,0.32
1125,2021-03-02,BAS,791,381,410,110,23,55,5,184,201,213,656,135,ITF,ITF5,17,Basilicata,Basilicata,559084,42414,7.59,0.14
1126,2021-02-11,BAS,951,401,550,200,95,74,107,471,4,0,868,83,ITF,ITF5,17,Basilicata,Basilicata,559084,43365,7.76,0.17
1127,2021-03-13,BAS,1794,888,906,82,292,66,46,864,231,213,749,1045,ITF,ITF5,17,Basilicata,Basilicata,559084,45159,8.08,0.32
1128,2021-02-09,BAS,491,213,278,200,225,12,54,0,0,0,316,175,ITF,ITF5,17,Basilicata,Basilicata,559084,45650,8.17,0.09
1129,2021-01-12,BAS,217,88,129,87,22,9,99,0,0,0,217,0,ITF,ITF5,17,Basilicata,Basilicata,559084,45867,8.2,0.04
1130,2021-01-23,BAS,707,299,408,592,38,76,1,0,0,0,33,674,ITF,ITF5,17,Basilicata,Basilicata,559084,46574,8.33,0.13
1131,2021-01-14,BAS,969,413,556,504,110,32,323,0,0,0,969,0,ITF,ITF5,17,Basilicata,Basilicata,559084,47543,8.5,0.17
1132,2021-03-07,BAS,882,308,574,39,12,6,4,328,22,471,844,38,ITF,ITF5,17,Basilicata,Basilicata,559084,48425,8.66,0.16
1133,2021-01-18,BAS,463,157,306,364,51,3,45,0,0,0,364,99,ITF,ITF5,17,Basilicata,Basilicata,559084,48888,8.74,0.08
1134,2021-04-07,BAS,507,202,305,90,0,162,0,14,3,238,487,20,ITF,ITF5,17,Basilicata,Basilicata,559084,49395,8.83,0.09
1135,2021-01-17,BAS,328,133,195,233,11,30,54,0,0,0,327,1,ITF,ITF5,17,Basilicata,Basilicata,559084,49723,8.89,0.06
1136,2021-03-19,BAS,2284,988,1296,58,75,37,0,1950,22,142,261,2023,ITF,ITF5,17,Basilicata,Basilicata,559084,52007,9.3,0.41
1137,2021-02-01,BAS,242,91,151,156,24,14,48,0,0,0,46,196,ITF,ITF5,17,Basilicata,Basilicata,559084,52249,9.35,0.04
1138,2021-01-04,BAS,607,271,336,550,45,10,0,0,0,2,607,0,ITF,ITF5,17,Basilicata,Basilicata,559084,52856,9.45,0.11
1139,2021-04-01,BAS,2825,1145,1680,79,0,273,0,2174,11,288,2111,714,ITF,ITF5,17,Basilicata,Basilicata,559084,55681,9.96,0.51
1140,2021-01-16,BAS,721,304,417,466,17,75,161,0,0,2,721,0,ITF,ITF5,17,Basilicata,Basilicata,559084,56402,10.09,0.13
1141,2021-03-12,BAS,1896,975,921,266,61,48,37,985,241,258,798,1098,ITF,ITF5,17,Basilicata,Basilicata,559084,58298,10.43,0.34
1142,2021-01-19,BAS,199,84,115,78,48,29,44,0,0,0,199,0,ITF,ITF5,17,Basilicata,Basilicata,559084,58497,10.46,0.04
1143,2021-02-16,BAS,905,377,528,250,90,5,67,492,1,0,807,98,ITF,ITF5,17,Basilicata,Basilicata,559084,59402,10.62,0.16
1144,2021-02-27,BAS,1986,856,1130,103,123,61,21,1678,0,0,1822,164,ITF,ITF5,17,Basilicata,Basilicata,559084,61388,10.98,0.36
1145,2021-01-06,BAS,294,129,165,229,9,20,36,0,0,0,294,0,ITF,ITF5,17,Basilicata,Basilicata,559084,61682,11.03,0.05
1146,2021-03-01,BAS,540,279,261,121,50,79,4,169,67,50,376,164,ITF,ITF5,17,Basilicata,Basilicata,559084,62222,11.13,0.1
1147,2021-02-17,BAS,1135,493,642,123,42,27,57,884,1,1,1059,76,ITF,ITF5,17,Basilicata,Basilicata,559084,63357,11.33,0.2
1148,2021-02-04,BAS,1092,440,652,636,106,69,281,0,0,0,63,1029,ITF,ITF5,17,Basilicata,Basilicata,559084,64449,11.53,0.2
1149,2021-02-18,BAS,1070,401,669,270,55,19,150,576,0,0,855,215,ITF,ITF5,17,Basilicata,Basilicata,559084,65519,11.72,0.19
1150,2021-03-31,BAS,3238,1288,1950,68,0,257,0,2664,18,231,2454,784,ITF,ITF5,17,Basilicata,Basilicata,559084,68757,12.3,0.58
1151,2021-02-13,BAS,799,313,486,279,125,79,115,199,2,0,738,61,ITF,ITF5,17,Basilicata,Basilicata,559084,69556,12.44,0.14
1152,2021-03-24,BAS,1540,625,915,67,0,62,0,951,43,417,1187,353,ITF,ITF5,17,Basilicata,Basilicata,559084,71096,12.72,0.28
1153,2021-04-02,BAS,2306,1041,1265,97,0,446,0,1728,10,25,1699,607,ITF,ITF5,17,Basilicata,Basilicata,559084,73402,13.13,0.41
1154,2021-01-24,BAS,834,299,535,706,46,81,1,0,0,0,58,776,ITF,ITF5,17,Basilicata,Basilicata,559084,74236,13.28,0.15
1155,2021-02-06,BAS,902,367,535,546,115,72,168,0,0,1,146,756,ITF,ITF5,17,Basilicata,Basilicata,559084,75138,13.44,0.16
1156,2021-03-22,BAS,1172,529,643,46,49,38,0,638,16,385,626,546,ITF,ITF5,17,Basilicata,Basilicata,559084,76310,13.65,0.21
1157,2021-03-18,BAS,1346,561,785,30,0,10,0,1306,0,0,22,1324,ITF,ITF5,17,Basilicata,Basilicata,559084,77656,13.89,0.24
1158,2021-02-28,BAS,802,342,460,32,0,30,0,740,0,0,774,28,ITF,ITF5,17,Basilicata,Basilicata,559084,78458,14.03,0.14
1159,2021-02-21,BAS,284,113,171,16,1,1,11,254,0,1,284,0,ITF,ITF5,17,Basilicata,Basilicata,559084,78742,14.08,0.05
1160,2021-02-25,BAS,1787,736,1051,67,2,12,0,1705,1,0,1741,46,ITF,ITF5,17,Basilicata,Basilicata,559084,80529,14.4,0.32
1161,2021-03-04,BAS,1872,889,983,217,107,136,66,842,263,241,1079,793,ITF,ITF5,17,Basilicata,Basilicata,559084,82401,14.74,0.33
1162,2021-02-14,BAS,151,48,103,55,12,1,65,18,0,0,151,0,ITF,ITF5,17,Basilicata,Basilicata,559084,82552,14.77,0.03
1163,2021-02-19,BAS,1622,737,885,219,356,19,66,962,0,0,1560,62,ITF,ITF5,17,Basilicata,Basilicata,559084,84174,15.06,0.29
1164,2021-03-26,BAS,1884,688,1196,194,0,64,0,1150,1,475,1622,262,ITF,ITF5,17,Basilicata,Basilicata,559084,86058,15.39,0.34
1165,2021-02-20,BAS,1160,530,630,77,170,31,80,802,0,0,1043,117,ITF,ITF5,17,Basilicata,Basilicata,559084,87218,15.6,0.21
1166,2021-01-08,BAS,554,219,335,383,30,82,59,0,0,0,554,0,ITF,ITF5,17,Basilicata,Basilicata,559084,87772,15.7,0.1
1167,2021-04-05,BAS,437,166,271,2,0,25,0,338,1,71,135,302,ITF,ITF5,17,Basilicata,Basilicata,559084,88209,15.78,0.08
1168,2021-03-14,BAS,1008,477,531,41,110,13,8,516,71,249,539,469,ITF,ITF5,17,Basilicata,Basilicata,559084,89217,15.96,0.18
1169,2021-02-12,BAS,775,332,443,288,138,63,90,190,6,0,744,31,ITF,ITF5,17,Basilicata,Basilicata,559084,89992,16.1,0.14
1170,2021-03-17,BAS,1448,606,842,22,11,18,0,1390,5,2,27,1421,ITF,ITF5,17,Basilicata,Basilicata,559084,91440,16.36,0.26
1171,2021-04-03,BAS,1796,748,1048,38,1,339,0,1102,4,312,1461,335,ITF,ITF5,17,Basilicata,Basilicata,559084,93236,16.68,0.32
1172,2021-03-29,BAS,2680,984,1696,68,0,154,0,1780,4,674,2342,338,ITF,ITF5,17,Basilicata,Basilicata,559084,95916,17.16,0.48
1173,2021-02-03,BAS,666,300,366,425,15,54,172,0,0,0,32,634,ITF,ITF5,17,Basilicata,Basilicata,559084,96582,17.28,0.12
1174,2021-01-10,BAS,77,24,53,9,2,66,0,0,0,0,77,0,ITF,ITF5,17,Basilicata,Basilicata,559084,96659,17.29,0.01
1175,2021-03-30,BAS,2896,1180,1716,37,0,148,0,2192,7,512,2551,345,ITF,ITF5,17,Basilicata,Basilicata,559084,99555,17.81,0.52
1176,2021-02-05,BAS,983,443,540,611,36,145,191,0,0,0,64,919,ITF,ITF5,17,Basilicata,Basilicata,559084,100538,17.98,0.18
1177,2021-01-13,BAS,916,387,529,699,11,57,148,0,0,1,916,0,ITF,ITF5,17,Basilicata,Basilicata,559084,101454,18.15,0.16
1178,2021-02-22,BAS,1790,773,1017,125,18,68,2,1577,0,0,1737,53,ITF,ITF5,17,Basilicata,Basilicata,559084,103244,18.47,0.32
1179,2021-02-08,BAS,557,193,364,436,49,23,49,0,0,0,151,406,ITF,ITF5,17,Basilicata,Basilicata,559084,103801,18.57,0.1
1180,2021-03-15,BAS,2347,981,1366,78,26,20,0,1934,23,266,520,1827,ITF,ITF5,17,Basilicata,Basilicata,559084,106148,18.99,0.42
1181,2021-02-02,BAS,365,141,224,212,15,36,102,0,0,0,175,190,ITF,ITF5,17,Basilicata,Basilicata,559084,106513,19.05,0.07
1182,2021-03-15,SIC,10765,4725,6040,1241,48,2608,666,4831,217,1154,5692,5073,ITG,ITG1,19,Sicilia,Sicilia,4999891,10765,0.22,0.22
1183,2021-01-28,SIC,9330,4400,4930,7466,221,1348,295,0,0,0,414,8916,ITG,ITG1,19,Sicilia,Sicilia,4999891,20095,0.4,0.19
1184,2021-02-14,SIC,1057,402,655,433,58,330,236,0,0,0,917,140,ITG,ITG1,19,Sicilia,Sicilia,4999891,21152,0.42,0.02
1185,2021-02-02,SIC,5540,2622,2918,3155,221,1735,429,0,0,0,633,4907,ITG,ITG1,19,Sicilia,Sicilia,4999891,26692,0.53,0.11
1186,2021-03-11,SIC,15450,6507,8943,1610,127,5070,906,3932,481,3324,12877,2573,ITG,ITG1,19,Sicilia,Sicilia,4999891,42142,0.84,0.31
1187,2021-03-16,SIC,10169,4463,5706,1662,105,1629,810,5677,68,218,4017,6152,ITG,ITG1,19,Sicilia,Sicilia,4999891,52311,1.05,0.2
1188,2021-01-11,SIC,5905,2591,3314,3923,196,1404,382,0,0,0,5905,0,ITG,ITG1,19,Sicilia,Sicilia,4999891,58216,1.16,0.12
1189,2020-12-28,SIC,207,124,83,205,0,2,0,0,0,0,207,0,ITG,ITG1,19,Sicilia,Sicilia,4999891,58423,1.17,0.0
1190,2021-03-24,SIC,21123,9882,11241,955,64,12151,549,5856,86,1462,15236,5887,ITG,ITG1,19,Sicilia,Sicilia,4999891,79546,1.59,0.42
1191,2021-03-26,SIC,17872,8317,9555,1071,40,9558,314,5524,57,1308,12356,5516,ITG,ITG1,19,Sicilia,Sicilia,4999891,97418,1.95,0.36
1192,2021-02-28,SIC,7180,3072,4108,871,33,1279,93,3291,254,1359,6550,630,ITG,ITG1,19,Sicilia,Sicilia,4999891,104598,2.09,0.14
1193,2021-04-07,SIC,7480,3757,3723,260,28,4532,187,2405,14,54,3975,3505,ITG,ITG1,19,Sicilia,Sicilia,4999891,112078,2.24,0.15
1194,2021-01-16,SIC,2776,1195,1581,1329,165,984,298,0,0,0,2776,0,ITG,ITG1,19,Sicilia,Sicilia,4999891,114854,2.3,0.06
1195,2021-04-04,SIC,6979,3379,3600,192,33,4097,119,2486,8,44,5689,1290,ITG,ITG1,19,Sicilia,Sicilia,4999891,121833,2.44,0.14
1196,2021-01-02,SIC,4872,2533,2339,4311,0,561,0,0,0,0,4872,0,ITG,ITG1,19,Sicilia,Sicilia,4999891,126705,2.53,0.1
1197,2021-01-29,SIC,9362,4322,5040,7153,174,1730,305,0,0,0,432,8930,ITG,ITG1,19,Sicilia,Sicilia,4999891,136067,2.72,0.19
1198,2021-03-18,SIC,15602,7773,7829,1284,80,8185,598,5357,61,37,9890,5712,ITG,ITG1,19,Sicilia,Sicilia,4999891,151669,3.03,0.31
1199,2021-01-22,SIC,1235,625,610,1035,13,69,118,0,0,0,242,993,ITG,ITG1,19,Sicilia,Sicilia,4999891,152904,3.06,0.02
1200,2021-02-17,SIC,5433,3293,2140,1531,118,1009,880,8,1885,2,4759,674,ITG,ITG1,19,Sicilia,Sicilia,4999891,158337,3.17,0.11
1201,2021-01-15,SIC,5079,2233,2846,2824,158,1618,479,0,0,0,5079,0,ITG,ITG1,19,Sicilia,Sicilia,4999891,163416,3.27,0.1
1202,2021-03-07,SIC,9279,3465,5814,968,62,908,431,3396,216,3298,8195,1084,ITG,ITG1,19,Sicilia,Sicilia,4999891,172695,3.45,0.19
1203,2021-02-15,SIC,3951,1862,2089,1700,108,1237,563,10,307,26,3382,569,ITG,ITG1,19,Sicilia,Sicilia,4999891,176646,3.53,0.08
1204,2021-03-27,SIC,15799,7457,8342,650,25,8411,350,5587,34,742,10879,4920,ITG,ITG1,19,Sicilia,Sicilia,4999891,192445,3.85,0.32
1205,2021-04-01,SIC,14461,6694,7767,623,28,8094,490,5015,20,191,9737,4724,ITG,ITG1,19,Sicilia,Sicilia,4999891,206906,4.14,0.29
1206,2021-02-19,SIC,5160,2757,2403,1487,183,1181,600,74,1396,239,4589,571,ITG,ITG1,19,Sicilia,Sicilia,4999891,212066,4.24,0.1
1207,2021-02-18,SIC,5496,3174,2322,1636,165,1080,813,9,1697,96,5065,431,ITG,ITG1,19,Sicilia,Sicilia,4999891,217562,4.35,0.11
1208,2021-02-21,SIC,5178,2508,2670,379,30,622,174,3682,138,153,5070,108,ITG,ITG1,19,Sicilia,Sicilia,4999891,222740,4.45,0.1
1209,2021-01-18,SIC,1576,657,919,721,75,551,229,0,0,0,1432,144,ITG,ITG1,19,Sicilia,Sicilia,4999891,224316,4.49,0.03
1210,2021-04-03,SIC,15074,7165,7909,429,14,9295,202,4929,17,188,12232,2842,ITG,ITG1,19,Sicilia,Sicilia,4999891,239390,4.79,0.3
1211,2021-03-23,SIC,21032,10096,10936,873,41,11975,365,5825,306,1647,15425,5607,ITG,ITG1,19,Sicilia,Sicilia,4999891,260422,5.21,0.42
1212,2021-01-31,SIC,4112,1958,2154,2601,117,1099,295,0,0,0,113,3999,ITG,ITG1,19,Sicilia,Sicilia,4999891,264534,5.29,0.08
1213,2021-02-10,SIC,4433,1819,2614,1975,221,1496,741,0,0,0,4008,425,ITG,ITG1,19,Sicilia,Sicilia,4999891,268967,5.38,0.09
1214,2021-02-12,SIC,4747,1853,2894,2301,260,1542,644,0,0,0,4416,331,ITG,ITG1,19,Sicilia,Sicilia,4999891,273714,5.47,0.09
1215,2021-01-27,SIC,7534,3838,3696,6330,66,986,152,0,0,0,189,7345,ITG,ITG1,19,Sicilia,Sicilia,4999891,281248,5.63,0.15
1216,2021-04-02,SIC,14033,6605,7428,632,29,7635,367,5151,16,203,9247,4786,ITG,ITG1,19,Sicilia,Sicilia,4999891,295281,5.91,0.28
1217,2021-02-13,SIC,3107,1168,1939,1296,160,1081,570,0,0,0,2850,257,ITG,ITG1,19,Sicilia,Sicilia,4999891,298388,5.97,0.06
1218,2021-03-09,SIC,13064,5494,7570,1595,132,2175,585,3947,939,3691,10689,2375,ITG,ITG1,19,Sicilia,Sicilia,4999891,311452,6.23,0.26
1219,2021-01-25,SIC,7513,3698,3815,6635,14,794,70,0,0,0,322,7191,ITG,ITG1,19,Sicilia,Sicilia,4999891,318965,6.38,0.15
1220,2021-02-24,SIC,9601,4870,4731,1423,80,1174,499,4028,1474,923,9005,596,ITG,ITG1,19,Sicilia,Sicilia,4999891,328566,6.57,0.19
1221,2021-01-23,SIC,4150,2148,2002,3913,33,188,16,0,0,0,225,3925,ITG,ITG1,19,Sicilia,Sicilia,4999891,332716,6.65,0.08
1222,2021-02-11,SIC,5332,2103,3229,2458,307,1677,890,0,0,0,4868,464,ITG,ITG1,19,Sicilia,Sicilia,4999891,338048,6.76,0.11
1223,2021-03-14,SIC,8825,3947,4878,569,42,3043,176,4281,36,678,4967,3858,ITG,ITG1,19,Sicilia,Sicilia,4999891,346873,6.94,0.18
1224,2021-03-20,SIC,18904,9077,9827,836,43,10839,413,5475,79,1219,13514,5390,ITG,ITG1,19,Sicilia,Sicilia,4999891,365777,7.32,0.38
1225,2021-02-08,SIC,4086,1759,2327,2346,188,1155,397,0,0,0,2128,1958,ITG,ITG1,19,Sicilia,Sicilia,4999891,369863,7.4,0.08
1226,2021-01-07,SIC,9173,4239,4934,7694,70,1199,210,0,0,0,9173,0,ITG,ITG1,19,Sicilia,Sicilia,4999891,379036,7.58,0.18
1227,2021-04-06,SIC,18135,8705,9430,802,66,11007,561,5455,57,187,13815,4320,ITG,ITG1,19,Sicilia,Sicilia,4999891,397171,7.94,0.36
1228,2021-03-13,SIC,12453,5487,6966,1174,87,4187,493,4615,133,1764,7847,4606,ITG,ITG1,19,Sicilia,Sicilia,4999891,409624,8.19,0.25
1229,2021-02-04,SIC,6877,3159,3718,4417,172,1748,540,0,0,0,1460,5417,ITG,ITG1,19,Sicilia,Sicilia,4999891,416501,8.33,0.14
1230,2021-01-30,SIC,7838,3569,4269,5451,253,1659,475,0,0,0,175,7663,ITG,ITG1,19,Sicilia,Sicilia,4999891,424339,8.49,0.16
1231,2021-01-14,SIC,5250,2514,2736,3046,91,1854,259,0,0,0,5250,0,ITG,ITG1,19,Sicilia,Sicilia,4999891,429589,8.59,0.11
1232,2021-03-21,SIC,15202,7323,7879,489,10,9094,57,4502,92,958,11228,3974,ITG,ITG1,19,Sicilia,Sicilia,4999891,444791,8.9,0.3
1233,2021-01-24,SIC,4338,2264,2074,3993,31,311,3,0,0,0,148,4190,ITG,ITG1,19,Sicilia,Sicilia,4999891,449129,8.98,0.09
1234,2021-02-16,SIC,4414,2300,2114,1465,207,1080,779,25,857,1,3947,467,ITG,ITG1,19,Sicilia,Sicilia,4999891,453543,9.07,0.09
1235,2021-01-09,SIC,7325,3424,3901,5034,146,1689,456,0,0,0,7325,0,ITG,ITG1,19,Sicilia,Sicilia,4999891,460868,9.22,0.15
1236,2021-03-31,SIC,14592,6732,7860,646,50,7996,520,5139,52,189,9564,5028,ITG,ITG1,19,Sicilia,Sicilia,4999891,475460,9.51,0.29
1237,2021-03-08,SIC,13506,5781,7725,2012,113,1994,626,3840,920,4001,10692,2814,ITG,ITG1,19,Sicilia,Sicilia,4999891,488966,9.78,0.27
1238,2021-03-29,SIC,14992,7035,7957,876,39,8418,328,5008,19,304,10474,4518,ITG,ITG1,19,Sicilia,Sicilia,4999891,503958,10.08,0.3
1239,2021-01-10,SIC,3618,1615,2003,2126,125,903,464,0,0,0,3618,0,ITG,ITG1,19,Sicilia,Sicilia,4999891,507576,10.15,0.07
1240,2021-01-04,SIC,8373,4172,4201,7595,20,752,6,0,0,0,8373,0,ITG,ITG1,19,Sicilia,Sicilia,4999891,515949,10.32,0.17
1241,2021-02-25,SIC,10161,5277,4884,1771,49,1656,507,3981,1525,672,8981,1180,ITG,ITG1,19,Sicilia,Sicilia,4999891,526110,10.52,0.2
1242,2021-03-03,SIC,14704,6544,8160,2408,130,2201,507,4295,1330,3833,11619,3085,ITG,ITG1,19,Sicilia,Sicilia,4999891,540814,10.82,0.29
1243,2021-02-01,SIC,6077,2684,3393,4168,214,1377,318,0,0,0,304,5773,ITG,ITG1,19,Sicilia,Sicilia,4999891,546891,10.94,0.12
1244,2021-04-05,SIC,8191,4033,4158,232,6,4792,176,2925,4,56,6750,1441,ITG,ITG1,19,Sicilia,Sicilia,4999891,555082,11.1,0.16
1245,2021-03-02,SIC,14956,6388,8568,2383,98,1831,501,4471,1338,4334,12131,2825,ITG,ITG1,19,Sicilia,Sicilia,4999891,570038,11.4,0.3
1246,2021-02-07,SIC,2349,997,1352,1611,109,472,157,0,0,0,675,1674,ITG,ITG1,19,Sicilia,Sicilia,4999891,572387,11.45,0.05
1247,2021-03-25,SIC,20470,9522,10948,1324,76,11502,582,5524,82,1380,14929,5541,ITG,ITG1,19,Sicilia,Sicilia,4999891,592857,11.86,0.41
1248,2021-03-30,SIC,14567,6757,7810,715,32,8089,371,4992,113,255,9739,4828,ITG,ITG1,19,Sicilia,Sicilia,4999891,607424,12.15,0.29
1249,2021-01-20,SIC,808,410,398,422,51,143,192,0,0,0,573,235,ITG,ITG1,19,Sicilia,Sicilia,4999891,608232,12.16,0.02
1250,2021-01-17,SIC,1295,584,711,619,118,398,160,0,0,0,1245,50,ITG,ITG1,19,Sicilia,Sicilia,4999891,609527,12.19,0.03
1251,2020-12-27,SIC,90,54,36,62,0,2,26,0,0,0,90,0,ITG,ITG1,19,Sicilia,Sicilia,4999891,609617,12.19,0.0
1252,2021-02-20,SIC,7284,3736,3548,848,76,1258,558,3749,620,175,7033,251,ITG,ITG1,19,Sicilia,Sicilia,4999891,616901,12.34,0.15
1253,2020-12-29,SIC,235,146,89,235,0,0,0,0,0,0,235,0,ITG,ITG1,19,Sicilia,Sicilia,4999891,617136,12.34,0.0
1254,2021-03-06,SIC,12942,5177,7765,2003,127,1878,758,3888,638,3650,10036,2906,ITG,ITG1,19,Sicilia,Sicilia,4999891,630078,12.6,0.26
1255,2021-03-22,SIC,16811,7916,8895,915,19,8678,356,5543,71,1229,11265,5546,ITG,ITG1,19,Sicilia,Sicilia,4999891,646889,12.94,0.34
1256,2021-02-05,SIC,7216,3232,3984,3618,267,2475,856,0,0,0,2132,5084,ITG,ITG1,19,Sicilia,Sicilia,4999891,654105,13.08,0.14
1257,2020-12-30,SIC,173,101,72,156,3,14,0,0,0,0,173,0,ITG,ITG1,19,Sicilia,Sicilia,4999891,654278,13.09,0.0
1258,2021-02-26,SIC,12247,5977,6270,1837,74,1898,361,3891,1733,2453,10558,1689,ITG,ITG1,19,Sicilia,Sicilia,4999891,666525,13.33,0.24
1259,2021-01-13,SIC,5204,2462,2742,3033,169,1561,441,0,0,0,5204,0,ITG,ITG1,19,Sicilia,Sicilia,4999891,671729,13.43,0.1
1260,2021-03-04,SIC,15211,6557,8654,2811,186,2634,698,3928,1124,3830,11007,4204,ITG,ITG1,19,Sicilia,Sicilia,4999891,686940,13.74,0.3
1261,2021-03-05,SIC,15915,6863,9052,3192,153,2348,712,4002,1423,4085,11590,4325,ITG,ITG1,19,Sicilia,Sicilia,4999891,702855,14.06,0.32
1262,2021-02-23,SIC,8949,4689,4260,1267,103,1133,502,3996,1367,581,8459,490,ITG,ITG1,19,Sicilia,Sicilia,4999891,711804,14.24,0.18
1263,2021-02-03,SIC,6102,2857,3245,3358,151,1969,624,0,0,0,756,5346,ITG,ITG1,19,Sicilia,Sicilia,4999891,717906,14.36,0.12
1264,2021-01-26,SIC,9528,4685,4843,8391,72,811,254,0,0,0,265,9263,ITG,ITG1,19,Sicilia,Sicilia,4999891,727434,14.55,0.19
1265,2021-01-03,SIC,4693,2454,2239,4361,0,332,0,0,0,0,4693,0,ITG,ITG1,19,Sicilia,Sicilia,4999891,732127,14.64,0.09
1266,2021-02-06,SIC,5067,2226,2841,2535,251,1689,592,0,0,0,1488,3579,ITG,ITG1,19,Sicilia,Sicilia,4999891,737194,14.74,0.1
1267,2021-01-19,SIC,1271,521,750,521,59,453,238,0,0,0,1093,178,ITG,ITG1,19,Sicilia,Sicilia,4999891,738465,14.77,0.03
1268,2021-03-19,SIC,16487,8115,8372,1262,101,8714,561,5351,42,456,10759,5728,ITG,ITG1,19,Sicilia,Sicilia,4999891,754952,15.1,0.33
1269,2021-01-06,SIC,6471,3402,3069,5717,24,728,2,0,0,0,6471,0,ITG,ITG1,19,Sicilia,Sicilia,4999891,761423,15.23,0.13
1270,2021-01-08,SIC,8328,3864,4464,6591,87,1437,213,0,0,0,8328,0,ITG,ITG1,19,Sicilia,Sicilia,4999891,769751,15.4,0.17
1271,2021-03-01,SIC,12979,6129,6850,1557,75,1735,392,4303,1764,3153,11320,1659,ITG,ITG1,19,Sicilia,Sicilia,4999891,782730,15.65,0.26
1272,2021-03-28,SIC,10999,5166,5833,535,22,5629,168,4445,14,186,6985,4014,ITG,ITG1,19,Sicilia,Sicilia,4999891,793729,15.87,0.22
1273,2021-03-10,SIC,13842,5881,7961,1479,134,2868,933,4063,646,3719,11452,2390,ITG,ITG1,19,Sicilia,Sicilia,4999891,807571,16.15,0.28
1274,2021-01-21,SIC,1330,649,681,1003,86,104,137,0,0,0,499,831,ITG,ITG1,19,Sicilia,Sicilia,4999891,808901,16.18,0.03
1275,2021-01-01,SIC,815,437,378,740,0,75,0,0,0,0,815,0,ITG,ITG1,19,Sicilia,Sicilia,4999891,809716,16.19,0.02
1276,2021-03-12,SIC,13120,5617,7503,1387,110,4409,695,3768,344,2407,10897,2223,ITG,ITG1,19,Sicilia,Sicilia,4999891,822836,16.46,0.26
1277,2021-02-27,SIC,12450,5570,6880,1515,72,2351,277,3843,1021,3371,11239,1211,ITG,ITG1,19,Sicilia,Sicilia,4999891,835286,16.71,0.25
1278,2021-02-09,SIC,4371,1831,2540,2241,155,1335,640,0,0,0,3365,1006,ITG,ITG1,19,Sicilia,Sicilia,4999891,839657,16.79,0.09
1279,2021-03-17,SIC,15391,7551,7840,1401,100,7155,664,5722,43,306,9447,5944,ITG,ITG1,19,Sicilia,Sicilia,4999891,855048,17.1,0.31
1280,2021-02-22,SIC,8039,4162,3877,1107,34,902,554,4066,1054,322,7547,492,ITG,ITG1,19,Sicilia,Sicilia,4999891,863087,17.26,0.16
1281,2021-01-12,SIC,4542,2234,2308,2863,128,1356,195,0,0,0,4542,0,ITG,ITG1,19,Sicilia,Sicilia,4999891,867629,17.35,0.09
1282,2020-12-31,SIC,878,470,408,828,0,50,0,0,0,0,878,0,ITG,ITG1,19,Sicilia,Sicilia,4999891,868507,17.37,0.02
1283,2021-01-05,SIC,10527,5159,5368,9074,122,1124,207,0,0,0,10527,0,ITG,ITG1,19,Sicilia,Sicilia,4999891,879034,17.58,0.21
1284,2021-03-14,UMB,66,48,18,0,6,55,1,0,0,4,66,0,ITI,ITI2,10,Umbria,Umbria,882015,66,0.01,0.01
1285,2021-04-03,UMB,2010,681,1329,143,22,383,30,1209,7,216,1025,985,ITI,ITI2,10,Umbria,Umbria,882015,2076,0.24,0.23
1286,2021-01-06,UMB,843,323,520,840,0,3,0,0,0,0,843,0,ITI,ITI2,10,Umbria,Umbria,882015,2919,0.33,0.1
1287,2021-03-10,UMB,3985,1908,2077,122,745,113,157,2564,209,75,2729,1256,ITI,ITI2,10,Umbria,Umbria,882015,6904,0.78,0.45
1288,2021-03-06,UMB,4260,1110,3150,422,178,71,26,1121,120,2322,4117,143,ITI,ITI2,10,Umbria,Umbria,882015,11164,1.27,0.48
1289,2021-02-16,UMB,1307,655,652,34,4,7,0,1262,0,0,1298,9,ITI,ITI2,10,Umbria,Umbria,882015,12471,1.41,0.15
1290,2021-03-01,UMB,1503,774,729,110,10,15,0,1249,118,1,1389,114,ITI,ITI2,10,Umbria,Umbria,882015,13974,1.58,0.17
1291,2021-02-24,UMB,1520,565,955,1083,45,1,90,292,9,0,1505,15,ITI,ITI2,10,Umbria,Umbria,882015,15494,1.76,0.17
1292,2021-01-16,UMB,221,73,148,146,32,0,43,0,0,0,221,0,ITI,ITI2,10,Umbria,Umbria,882015,15715,1.78,0.03
1293,2021-02-17,UMB,1618,748,870,363,3,11,0,1240,0,1,1267,351,ITI,ITI2,10,Umbria,Umbria,882015,17333,1.97,0.18
1294,2021-01-17,UMB,54,17,37,47,7,0,0,0,0,0,54,0,ITI,ITI2,10,Umbria,Umbria,882015,17387,1.97,0.01
1295,2021-03-19,UMB,1734,561,1173,462,144,118,68,192,26,724,1078,656,ITI,ITI2,10,Umbria,Umbria,882015,19121,2.17,0.2
1296,2021-02-01,UMB,1260,333,927,875,33,0,352,0,0,0,47,1213,ITI,ITI2,10,Umbria,Umbria,882015,20381,2.31,0.14
1297,2021-01-02,UMB,301,110,191,301,0,0,0,0,0,0,301,0,ITI,ITI2,10,Umbria,Umbria,882015,20682,2.34,0.03
1298,2021-01-11,UMB,1271,336,935,878,12,7,374,0,0,0,1271,0,ITI,ITI2,10,Umbria,Umbria,882015,21953,2.49,0.14
1299,2021-03-09,UMB,4029,1951,2078,143,549,131,106,2912,165,23,2737,1292,ITI,ITI2,10,Umbria,Umbria,882015,25982,2.95,0.46
1300,2021-01-25,UMB,647,322,325,645,2,0,0,0,0,0,5,642,ITI,ITI2,10,Umbria,Umbria,882015,26629,3.02,0.07
1301,2021-01-05,UMB,850,428,422,845,0,5,0,0,0,0,850,0,ITI,ITI2,10,Umbria,Umbria,882015,27479,3.12,0.1
1302,2021-01-15,UMB,692,212,480,588,44,0,60,0,0,0,692,0,ITI,ITI2,10,Umbria,Umbria,882015,28171,3.19,0.08
1303,2021-01-09,UMB,1719,492,1227,888,7,2,822,0,0,0,1719,0,ITI,ITI2,10,Umbria,Umbria,882015,29890,3.39,0.19
1304,2021-01-14,UMB,749,200,549,696,35,0,17,0,0,1,749,0,ITI,ITI2,10,Umbria,Umbria,882015,30639,3.47,0.08
1305,2021-03-05,UMB,4590,1379,3211,604,296,92,7,689,348,2554,3934,656,ITI,ITI2,10,Umbria,Umbria,882015,35229,3.99,0.52
1306,2021-02-02,UMB,942,274,668,713,16,1,212,0,0,0,32,910,ITI,ITI2,10,Umbria,Umbria,882015,36171,4.1,0.11
1307,2021-03-29,UMB,3781,1638,2143,245,34,594,49,2832,1,26,2311,1470,ITI,ITI2,10,Umbria,Umbria,882015,39952,4.53,0.43
1308,2021-03-15,UMB,4595,1929,2666,1425,194,152,79,2340,142,263,2827,1768,ITI,ITI2,10,Umbria,Umbria,882015,44547,5.05,0.52
1309,2021-03-07,UMB,845,180,665,17,68,14,25,45,0,676,838,7,ITI,ITI2,10,Umbria,Umbria,882015,45392,5.15,0.1
1310,2021-02-20,UMB,282,100,182,83,7,1,39,152,0,0,258,24,ITI,ITI2,10,Umbria,Umbria,882015,45674,5.18,0.03
1311,2021-01-13,UMB,450,139,311,379,28,1,42,0,0,0,450,0,ITI,ITI2,10,Umbria,Umbria,882015,46124,5.23,0.05
1312,2021-04-07,UMB,2836,1164,1672,161,32,611,76,1946,4,6,2084,752,ITI,ITI2,10,Umbria,Umbria,882015,48960,5.55,0.32
1313,2021-03-13,UMB,1731,524,1207,120,122,58,49,152,78,1152,1486,245,ITI,ITI2,10,Umbria,Umbria,882015,50691,5.75,0.2
1314,2021-02-10,UMB,715,349,366,606,106,0,3,0,0,0,700,15,ITI,ITI2,10,Umbria,Umbria,882015,51406,5.83,0.08
1315,2021-01-18,UMB,588,215,373,315,114,35,124,0,0,0,504,84,ITI,ITI2,10,Umbria,Umbria,882015,51994,5.89,0.07
1316,2021-02-15,UMB,1368,692,676,10,4,3,0,1351,0,0,1367,1,ITI,ITI2,10,Umbria,Umbria,882015,53362,6.05,0.16
1317,2021-04-01,UMB,4094,1693,2401,193,12,514,239,3114,3,19,2146,1948,ITI,ITI2,10,Umbria,Umbria,882015,57456,6.51,0.46
1318,2021-03-20,UMB,2272,821,1451,316,178,506,0,0,72,1200,2247,25,ITI,ITI2,10,Umbria,Umbria,882015,59728,6.77,0.26
1319,2021-01-19,UMB,103,23,80,21,2,0,80,0,0,0,103,0,ITI,ITI2,10,Umbria,Umbria,882015,59831,6.78,0.01
1320,2021-02-06,UMB,396,138,258,333,47,0,16,0,0,0,34,362,ITI,ITI2,10,Umbria,Umbria,882015,60227,6.83,0.04
1321,2021-02-26,UMB,660,253,407,386,73,0,40,154,4,3,652,8,ITI,ITI2,10,Umbria,Umbria,882015,60887,6.9,0.07
1322,2021-01-04,UMB,809,397,412,808,0,1,0,0,0,0,809,0,ITI,ITI2,10,Umbria,Umbria,882015,61696,6.99,0.09
1323,2021-02-05,UMB,780,234,546,645,51,0,84,0,0,0,18,762,ITI,ITI2,10,Umbria,Umbria,882015,62476,7.08,0.09
1324,2021-02-03,UMB,725,174,551,560,34,0,131,0,0,0,67,658,ITI,ITI2,10,Umbria,Umbria,882015,63201,7.17,0.08
1325,2021-02-08,UMB,637,203,434,368,111,0,154,0,4,0,88,549,ITI,ITI2,10,Umbria,Umbria,882015,63838,7.24,0.07
1326,2021-01-03,UMB,267,111,156,267,0,0,0,0,0,0,267,0,ITI,ITI2,10,Umbria,Umbria,882015,64105,7.27,0.03
1327,2021-02-12,UMB,671,224,447,459,208,0,1,1,0,2,665,6,ITI,ITI2,10,Umbria,Umbria,882015,64776,7.34,0.08
1328,2021-01-26,UMB,814,390,424,813,1,0,0,0,0,0,18,796,ITI,ITI2,10,Umbria,Umbria,882015,65590,7.44,0.09
1329,2021-01-22,UMB,276,105,171,273,1,0,2,0,0,0,32,244,ITI,ITI2,10,Umbria,Umbria,882015,65866,7.47,0.03
1330,2021-03-27,UMB,4233,1506,2727,752,154,507,1,2219,24,576,3893,340,ITI,ITI2,10,Umbria,Umbria,882015,70099,7.95,0.48
1331,2021-03-04,UMB,4482,1852,2630,849,164,72,4,1559,368,1466,3654,828,ITI,ITI2,10,Umbria,Umbria,882015,74581,8.46,0.51
1332,2021-04-02,UMB,4209,1687,2522,375,76,2505,46,845,31,331,3497,712,ITI,ITI2,10,Umbria,Umbria,882015,78790,8.93,0.48
1333,2021-01-27,UMB,838,329,509,837,1,0,0,0,0,0,13,825,ITI,ITI2,10,Umbria,Umbria,882015,79628,9.03,0.1
1334,2021-01-07,UMB,1291,383,908,883,1,3,404,0,0,0,1291,0,ITI,ITI2,10,Umbria,Umbria,882015,80919,9.17,0.15
1335,2021-03-11,UMB,3539,1681,1858,144,604,175,239,2018,201,158,2533,1006,ITI,ITI2,10,Umbria,Umbria,882015,84458,9.58,0.4
1336,2021-01-23,UMB,277,100,177,276,1,0,0,0,0,0,2,275,ITI,ITI2,10,Umbria,Umbria,882015,84735,9.61,0.03
1337,2021-02-04,UMB,732,226,506,692,19,1,20,0,0,0,25,707,ITI,ITI2,10,Umbria,Umbria,882015,85467,9.69,0.08
1338,2021-03-02,UMB,3638,1345,2293,318,223,51,55,1302,243,1446,3634,4,ITI,ITI2,10,Umbria,Umbria,882015,89105,10.1,0.41
1339,2021-03-22,UMB,3558,1653,1905,163,120,201,0,2828,99,147,2312,1246,ITI,ITI2,10,Umbria,Umbria,882015,92663,10.51,0.4
1340,2021-01-28,UMB,1240,392,848,891,4,0,345,0,0,0,19,1221,ITI,ITI2,10,Umbria,Umbria,882015,93903,10.65,0.14
1341,2021-03-17,UMB,3330,1313,2017,1430,53,9,131,1683,8,16,1858,1472,ITI,ITI2,10,Umbria,Umbria,882015,97233,11.02,0.38
1342,2021-03-31,UMB,3861,1709,2152,177,21,530,160,2948,2,23,2206,1655,ITI,ITI2,10,Umbria,Umbria,882015,101094,11.46,0.44
1343,2021-01-10,UMB,1056,275,781,740,3,5,308,0,0,0,1056,0,ITI,ITI2,10,Umbria,Umbria,882015,102150,11.58,0.12
1344,2021-02-25,UMB,1334,495,839,826,96,3,99,305,0,5,1282,52,ITI,ITI2,10,Umbria,Umbria,882015,103484,11.73,0.15
1345,2021-02-19,UMB,743,293,450,282,12,2,14,433,0,0,526,217,ITI,ITI2,10,Umbria,Umbria,882015,104227,11.82,0.08
1346,2021-04-04,UMB,19,3,16,0,0,0,0,19,0,0,1,18,ITI,ITI2,10,Umbria,Umbria,882015,104246,11.82,0.0
1347,2021-03-26,UMB,4562,1682,2880,570,152,479,91,2480,52,738,4389,173,ITI,ITI2,10,Umbria,Umbria,882015,108808,12.34,0.52
1348,2021-02-13,UMB,115,28,87,68,46,0,0,1,0,0,112,3,ITI,ITI2,10,Umbria,Umbria,882015,108923,12.35,0.01
1349,2021-02-11,UMB,842,349,493,735,98,1,5,0,0,3,837,5,ITI,ITI2,10,Umbria,Umbria,882015,109765,12.44,0.1
1350,2021-03-18,UMB,2823,1096,1727,974,115,19,241,1459,3,12,1590,1233,ITI,ITI2,10,Umbria,Umbria,882015,112588,12.76,0.32
1351,2021-01-29,UMB,1221,343,878,934,16,0,271,0,0,0,79,1142,ITI,ITI2,10,Umbria,Umbria,882015,113809,12.9,0.14
1352,2021-03-16,UMB,3505,1434,2071,1634,68,20,65,1707,0,11,1878,1627,ITI,ITI2,10,Umbria,Umbria,882015,117314,13.3,0.4
1353,2021-03-12,UMB,2633,1031,1602,113,410,183,41,464,229,1193,2135,498,ITI,ITI2,10,Umbria,Umbria,882015,119947,13.6,0.3
1354,2021-02-07,UMB,54,17,37,46,8,0,0,0,0,0,1,53,ITI,ITI2,10,Umbria,Umbria,882015,120001,13.61,0.01
1355,2021-01-31,UMB,1056,276,780,765,10,0,281,0,0,0,25,1031,ITI,ITI2,10,Umbria,Umbria,882015,121057,13.73,0.12
1356,2021-03-08,UMB,3666,1798,1868,140,273,81,45,2855,230,42,2303,1363,ITI,ITI2,10,Umbria,Umbria,882015,124723,14.14,0.42
1357,2021-03-30,UMB,3933,1702,2231,179,27,537,106,3064,0,20,2403,1530,ITI,ITI2,10,Umbria,Umbria,882015,128656,14.59,0.45
1358,2021-01-20,UMB,613,222,391,583,14,1,14,0,0,1,613,0,ITI,ITI2,10,Umbria,Umbria,882015,129269,14.66,0.07
1359,2021-03-21,UMB,665,330,335,31,14,522,0,0,34,64,665,0,ITI,ITI2,10,Umbria,Umbria,882015,129934,14.73,0.08
1360,2021-02-27,UMB,1658,354,1304,14,11,0,13,0,60,1560,1642,16,ITI,ITI2,10,Umbria,Umbria,882015,131592,14.92,0.19
1361,2021-04-06,UMB,4795,1950,2845,598,43,784,79,3262,1,28,2503,2292,ITI,ITI2,10,Umbria,Umbria,882015,136387,15.46,0.54
1362,2021-03-03,UMB,4436,1772,2664,720,236,53,86,1518,290,1533,3724,712,ITI,ITI2,10,Umbria,Umbria,882015,140823,15.97,0.5
1363,2021-02-18,UMB,1495,582,913,324,14,2,170,985,0,0,1029,466,ITI,ITI2,10,Umbria,Umbria,882015,142318,16.14,0.17
1364,2020-12-31,UMB,322,127,195,310,0,12,0,0,0,0,322,0,ITI,ITI2,10,Umbria,Umbria,882015,142640,16.17,0.04
1365,2021-02-23,UMB,1693,658,1035,1187,95,0,17,394,0,0,1651,42,ITI,ITI2,10,Umbria,Umbria,882015,144333,16.36,0.19
1366,2021-01-08,UMB,1173,337,836,926,8,1,238,0,0,0,1173,0,ITI,ITI2,10,Umbria,Umbria,882015,145506,16.5,0.13
1367,2021-04-05,UMB,4164,1688,2476,764,16,639,69,2644,6,26,2115,2049,ITI,ITI2,10,Umbria,Umbria,882015,149670,16.97,0.47
1368,2021-01-30,UMB,1577,483,1094,841,18,0,717,1,0,0,44,1533,ITI,ITI2,10,Umbria,Umbria,882015,151247,17.15,0.18
1369,2021-03-25,UMB,3859,1686,2173,256,51,158,63,3251,48,32,2795,1064,ITI,ITI2,10,Umbria,Umbria,882015,155106,17.59,0.44
1370,2021-01-24,UMB,254,104,150,254,0,0,0,0,0,0,1,253,ITI,ITI2,10,Umbria,Umbria,882015,155360,17.61,0.03
1371,2020-12-27,UMB,85,45,40,67,2,0,16,0,0,0,85,0,ITI,ITI2,10,Umbria,Umbria,882015,155445,17.62,0.01
1372,2021-03-24,UMB,4067,1758,2309,215,98,169,1,3505,37,42,2743,1324,ITI,ITI2,10,Umbria,Umbria,882015,159512,18.08,0.46
1373,2021-03-23,UMB,3793,1685,2108,395,179,206,12,2852,89,60,2164,1629,ITI,ITI2,10,Umbria,Umbria,882015,163305,18.51,0.43
1374,2021-03-28,UMB,1093,442,651,65,8,20,5,934,24,37,1069,24,ITI,ITI2,10,Umbria,Umbria,882015,164398,18.64,0.12
1375,2021-01-12,UMB,784,247,537,665,7,7,105,0,0,0,784,0,ITI,ITI2,10,Umbria,Umbria,882015,165182,18.73,0.09
1376,2021-01-01,UMB,269,102,167,268,0,1,0,0,0,0,269,0,ITI,ITI2,10,Umbria,Umbria,882015,165451,18.76,0.03
1377,2021-02-22,UMB,1859,778,1081,736,89,27,1,1006,0,0,1773,86,ITI,ITI2,10,Umbria,Umbria,882015,167310,18.97,0.21
1378,2021-01-21,UMB,610,202,408,428,13,0,169,0,0,0,341,269,ITI,ITI2,10,Umbria,Umbria,882015,167920,19.04,0.07
1379,2021-03-01,VEN,9364,3701,5663,2024,145,993,923,2611,156,2512,7542,1822,ITH,ITH3,5,Veneto,Veneto,4905854,9364,0.19,0.19
1380,2021-02-16,VEN,6629,2868,3761,719,109,296,478,5022,2,3,6450,179,ITH,ITH3,5,Veneto,Veneto,4905854,15993,0.33,0.14
1381,2021-02-17,VEN,6018,2769,3249,413,19,268,361,4948,5,4,5924,94,ITH,ITH3,5,Veneto,Veneto,4905854,22011,0.45,0.12
1382,2021-03-06,VEN,10511,4255,6256,2979,48,2650,1488,1972,46,1328,7315,3196,ITH,ITH3,5,Veneto,Veneto,4905854,32522,0.66,0.21
1383,2021-01-22,VEN,1079,332,747,946,35,38,57,0,0,3,25,1054,ITH,ITH3,5,Veneto,Veneto,4905854,33601,0.68,0.02
1384,2021-02-28,VEN,4127,1382,2745,1703,30,1381,15,983,0,15,3290,837,ITH,ITH3,5,Veneto,Veneto,4905854,37728,0.77,0.08
1385,2021-01-26,VEN,6901,2081,4820,5337,221,374,963,0,1,5,154,6747,ITH,ITH3,5,Veneto,Veneto,4905854,44629,0.91,0.14
1386,2021-02-04,VEN,7314,2013,5301,3462,455,999,2380,12,0,6,554,6760,ITH,ITH3,5,Veneto,Veneto,4905854,51943,1.06,0.15
1387,2021-03-10,VEN,18848,8565,10283,1456,68,2462,559,9055,1101,4147,13166,5682,ITH,ITH3,5,Veneto,Veneto,4905854,70791,1.44,0.38
1388,2021-01-29,VEN,9001,2781,6220,6046,479,1032,1434,3,1,6,367,8634,ITH,ITH3,5,Veneto,Veneto,4905854,79792,1.63,0.18
1389,2021-03-03,VEN,11965,4535,7430,3324,303,1104,1220,3372,310,2332,8472,3493,ITH,ITH3,5,Veneto,Veneto,4905854,91757,1.87,0.24
1390,2021-03-31,VEN,37605,15703,21902,1546,86,16227,686,18370,293,397,30190,7415,ITH,ITH3,5,Veneto,Veneto,4905854,129362,2.64,0.77
1391,2021-01-31,VEN,4744,1550,3194,3678,147,532,377,4,2,4,393,4351,ITH,ITH3,5,Veneto,Veneto,4905854,134106,2.73,0.1
1392,2021-03-17,VEN,14497,5917,8580,1874,166,2543,267,8921,26,700,7814,6683,ITH,ITH3,5,Veneto,Veneto,4905854,148603,3.03,0.3
1393,2021-02-09,VEN,5175,1876,3299,3099,313,548,1190,19,0,6,3444,1731,ITH,ITH3,5,Veneto,Veneto,4905854,153778,3.13,0.11
1394,2021-02-07,VEN,2314,861,1453,1935,11,314,50,2,0,2,714,1600,ITH,ITH3,5,Veneto,Veneto,4905854,156092,3.18,0.05
1395,2021-01-04,VEN,6725,2029,4696,5237,181,387,913,1,0,6,6725,0,ITH,ITH3,5,Veneto,Veneto,4905854,162817,3.32,0.14
1396,2021-02-11,VEN,4013,1239,2774,2659,156,391,789,9,1,8,3383,630,ITH,ITH3,5,Veneto,Veneto,4905854,166830,3.4,0.08
1397,2021-03-29,VEN,31021,13378,17643,588,116,11504,450,17269,652,442,27250,3771,ITH,ITH3,5,Veneto,Veneto,4905854,197851,4.03,0.63
1398,2021-01-02,VEN,5741,1765,3976,4797,147,248,544,2,0,3,5741,0,ITH,ITH3,5,Veneto,Veneto,4905854,203592,4.15,0.12
1399,2021-03-15,VEN,16479,7173,9306,1350,36,2869,369,9293,598,1964,11286,5193,ITH,ITH3,5,Veneto,Veneto,4905854,220071,4.49,0.34
1400,2021-01-09,VEN,7930,2538,5392,5175,336,825,1574,3,11,6,7930,0,ITH,ITH3,5,Veneto,Veneto,4905854,228001,4.65,0.16
1401,2021-02-21,VEN,4624,1203,3421,495,0,9,18,417,2,3683,4619,5,ITH,ITH3,5,Veneto,Veneto,4905854,232625,4.74,0.09
1402,2021-03-14,VEN,15125,5903,9222,2316,209,4485,100,4140,246,3629,14229,896,ITH,ITH3,5,Veneto,Veneto,4905854,247750,5.05,0.31
1403,2021-03-30,VEN,35434,14990,20444,749,112,16358,549,16869,331,466,30206,5228,ITH,ITH3,5,Veneto,Veneto,4905854,283184,5.77,0.72
1404,2021-01-21,VEN,2290,719,1571,1986,48,112,141,0,0,3,21,2269,ITH,ITH3,5,Veneto,Veneto,4905854,285474,5.82,0.05
1405,2021-01-03,VEN,5159,1563,3596,4597,59,252,249,0,0,2,5159,0,ITH,ITH3,5,Veneto,Veneto,4905854,290633,5.92,0.11
1406,2021-02-03,VEN,5934,1660,4274,2852,428,903,1744,1,0,6,482,5452,ITH,ITH3,5,Veneto,Veneto,4905854,296567,6.05,0.12
1407,2021-01-30,VEN,8745,2671,6074,6237,298,951,1234,4,12,9,695,8050,ITH,ITH3,5,Veneto,Veneto,4905854,305312,6.22,0.18
1408,2021-03-09,VEN,16402,7357,9045,1261,142,1831,718,8543,963,2944,10129,6273,ITH,ITH3,5,Veneto,Veneto,4905854,321714,6.56,0.33
1409,2021-02-13,VEN,3267,1474,1793,1568,75,181,1438,3,1,1,3247,20,ITH,ITH3,5,Veneto,Veneto,4905854,324981,6.62,0.07
1410,2021-01-24,VEN,4117,1219,2898,3752,17,121,222,1,0,4,28,4089,ITH,ITH3,5,Veneto,Veneto,4905854,329098,6.71,0.08
1411,2021-03-22,VEN,18031,8099,9932,1165,123,6405,516,6741,742,2339,13009,5022,ITH,ITH3,5,Veneto,Veneto,4905854,347129,7.08,0.37
1412,2021-03-23,VEN,21899,10057,11842,1085,202,9561,638,6707,913,2793,17300,4599,ITH,ITH3,5,Veneto,Veneto,4905854,369028,7.52,0.45
1413,2021-03-24,VEN,21794,9347,12447,1159,235,5560,800,10485,743,2812,15012,6782,ITH,ITH3,5,Veneto,Veneto,4905854,390822,7.97,0.44
1414,2021-04-02,VEN,23240,10214,13026,986,60,11599,315,9914,74,292,17004,6236,ITH,ITH3,5,Veneto,Veneto,4905854,414062,8.44,0.47
1415,2021-02-06,VEN,4090,1351,2739,3027,171,518,367,3,0,4,709,3381,ITH,ITH3,5,Veneto,Veneto,4905854,418152,8.52,0.08
1416,2021-01-18,VEN,2763,777,1986,1225,234,303,992,8,0,1,2564,199,ITH,ITH3,5,Veneto,Veneto,4905854,420915,8.58,0.06
1417,2020-12-30,VEN,699,245,454,598,12,48,39,0,0,2,699,0,ITH,ITH3,5,Veneto,Veneto,4905854,421614,8.59,0.01
1418,2021-02-05,VEN,8363,2532,5831,4295,679,1201,2163,7,5,13,1424,6939,ITH,ITH3,5,Veneto,Veneto,4905854,429977,8.76,0.17
1419,2021-01-13,VEN,5986,1607,4379,2795,430,868,1888,3,0,2,5986,0,ITH,ITH3,5,Veneto,Veneto,4905854,435963,8.89,0.12
1420,2021-03-21,VEN,11971,4750,7221,1481,50,3139,30,4565,179,2527,8512,3459,ITH,ITH3,5,Veneto,Veneto,4905854,447934,9.13,0.24
1421,2021-03-11,VEN,19476,8664,10812,1555,116,2966,824,9339,1021,3655,13986,5490,ITH,ITH3,5,Veneto,Veneto,4905854,467410,9.53,0.4
1422,2021-01-07,VEN,8359,2319,6040,5467,460,625,1805,0,0,2,8359,0,ITH,ITH3,5,Veneto,Veneto,4905854,475769,9.7,0.17
1423,2021-03-18,VEN,12527,5106,7421,1405,225,1930,494,7598,21,854,7339,5188,ITH,ITH3,5,Veneto,Veneto,4905854,488296,9.95,0.26
1424,2021-03-04,VEN,12735,4717,8018,3126,380,1260,1385,3405,352,2827,9317,3418,ITH,ITH3,5,Veneto,Veneto,4905854,501031,10.21,0.26
1425,2021-02-01,VEN,8519,2490,6029,4208,495,1455,2106,245,0,10,166,8353,ITH,ITH3,5,Veneto,Veneto,4905854,509550,10.39,0.17
1426,2021-01-19,VEN,1308,471,837,726,83,168,325,6,0,0,1159,149,ITH,ITH3,5,Veneto,Veneto,4905854,510858,10.41,0.03
1427,2021-03-12,VEN,18531,8101,10430,1962,226,3139,750,8053,904,3497,11813,6718,ITH,ITH3,5,Veneto,Veneto,4905854,529389,10.79,0.38
1428,2020-12-31,VEN,3219,1043,2176,2700,77,188,252,0,0,2,3219,0,ITH,ITH3,5,Veneto,Veneto,4905854,532608,10.86,0.07
1429,2021-04-05,VEN,19085,8355,10730,622,7,12465,327,5472,16,176,13655,5430,ITH,ITH3,5,Veneto,Veneto,4905854,551693,11.25,0.39
1430,2021-01-27,VEN,7140,2064,5076,5207,211,834,879,0,0,9,246,6894,ITH,ITH3,5,Veneto,Veneto,4905854,558833,11.39,0.15
1431,2021-01-05,VEN,7328,2183,5145,5411,304,485,1122,0,1,5,7328,0,ITH,ITH3,5,Veneto,Veneto,4905854,566161,11.54,0.15
1432,2021-01-20,VEN,1038,368,670,695,58,71,213,0,0,1,386,652,ITH,ITH3,5,Veneto,Veneto,4905854,567199,11.56,0.02
1433,2021-02-22,VEN,6962,3019,3943,744,44,189,342,5400,1,242,6575,387,ITH,ITH3,5,Veneto,Veneto,4905854,574161,11.7,0.14
1434,2021-02-08,VEN,4970,1539,3431,2819,274,686,1175,12,0,4,1930,3040,ITH,ITH3,5,Veneto,Veneto,4905854,579131,11.8,0.1
1435,2021-01-01,VEN,1527,471,1056,1495,0,28,1,0,0,3,1527,0,ITH,ITH3,5,Veneto,Veneto,4905854,580658,11.84,0.03
1436,2021-02-23,VEN,7307,3215,4092,1014,62,424,214,5342,69,182,7048,259,ITH,ITH3,5,Veneto,Veneto,4905854,587965,11.98,0.15
1437,2021-02-26,VEN,8229,3245,4984,1692,202,869,740,4381,31,314,6979,1250,ITH,ITH3,5,Veneto,Veneto,4905854,596194,12.15,0.17
1438,2021-01-28,VEN,9205,2662,6543,6463,360,921,1451,5,0,5,175,9030,ITH,ITH3,5,Veneto,Veneto,4905854,605399,12.34,0.19
1439,2021-01-10,VEN,5020,1662,3358,3840,166,547,462,2,2,1,5020,0,ITH,ITH3,5,Veneto,Veneto,4905854,610419,12.44,0.1
1440,2021-02-14,VEN,125,56,69,97,1,27,0,0,0,0,112,13,ITH,ITH3,5,Veneto,Veneto,4905854,610544,12.45,0.0
1441,2021-03-16,VEN,12376,5296,7080,1275,105,2546,454,7859,19,118,6845,5531,ITH,ITH3,5,Veneto,Veneto,4905854,622920,12.7,0.25
1442,2021-02-25,VEN,7880,3332,4548,1520,249,297,472,4937,109,296,7277,603,ITH,ITH3,5,Veneto,Veneto,4905854,630800,12.86,0.16
1443,2021-03-26,VEN,29259,12929,16330,1254,369,13468,1172,10332,814,1850,23784,5475,ITH,ITH3,5,Veneto,Veneto,4905854,660059,13.45,0.6
1444,2021-01-08,VEN,9398,2832,6566,5982,590,1003,1807,3,1,12,9398,0,ITH,ITH3,5,Veneto,Veneto,4905854,669457,13.65,0.19
1445,2021-02-19,VEN,7293,3121,4172,1542,175,534,664,4366,3,9,7091,202,ITH,ITH3,5,Veneto,Veneto,4905854,676750,13.79,0.15
1446,2021-01-06,VEN,8130,2383,5747,6308,170,831,808,1,2,10,8130,0,ITH,ITH3,5,Veneto,Veneto,4905854,684880,13.96,0.17
1447,2021-01-16,VEN,4606,1541,3065,3194,273,482,657,0,0,0,4606,0,ITH,ITH3,5,Veneto,Veneto,4905854,689486,14.05,0.09
1448,2021-02-10,VEN,4750,1587,3163,3173,228,572,775,0,0,2,3698,1052,ITH,ITH3,5,Veneto,Veneto,4905854,694236,14.15,0.1
1449,2021-03-27,VEN,31647,13763,17884,1967,41,15299,170,12496,126,1548,25826,5821,ITH,ITH3,5,Veneto,Veneto,4905854,725883,14.8,0.65
1450,2021-02-15,VEN,4386,1821,2565,484,65,144,383,3294,14,2,4145,241,ITH,ITH3,5,Veneto,Veneto,4905854,730269,14.89,0.09
1451,2021-03-20,VEN,12796,5303,7493,655,27,4555,215,4835,217,2292,10696,2100,ITH,ITH3,5,Veneto,Veneto,4905854,743065,15.15,0.26
1452,2021-04-01,VEN,23522,10254,13268,900,150,11562,543,10027,193,147,17176,6346,ITH,ITH3,5,Veneto,Veneto,4905854,766587,15.63,0.48
1453,2021-03-19,VEN,13697,5632,8065,1787,148,2650,473,7870,48,721,7656,6041,ITH,ITH3,5,Veneto,Veneto,4905854,780284,15.91,0.28
1454,2021-01-17,VEN,1932,780,1152,1588,40,179,120,3,0,2,1583,349,ITH,ITH3,5,Veneto,Veneto,4905854,782216,15.94,0.04
1455,2020-12-27,VEN,880,395,485,875,0,4,0,0,0,1,880,0,ITH,ITH3,5,Veneto,Veneto,4905854,783096,15.96,0.02
1456,2021-02-02,VEN,6403,1843,4560,2971,533,750,1994,152,0,3,391,6012,ITH,ITH3,5,Veneto,Veneto,4905854,789499,16.09,0.13
1457,2021-04-03,VEN,21395,9370,12025,1292,39,11322,147,8449,19,127,13674,7721,ITH,ITH3,5,Veneto,Veneto,4905854,810894,16.53,0.44
1458,2021-02-27,VEN,8977,2689,6288,2177,38,603,63,1956,12,4128,8128,849,ITH,ITH3,5,Veneto,Veneto,4905854,819871,16.71,0.18
1459,2021-02-18,VEN,5701,2441,3260,935,64,286,608,3799,1,8,5637,64,ITH,ITH3,5,Veneto,Veneto,4905854,825572,16.83,0.12
1460,2021-04-04,VEN,7652,3491,4161,21,0,6344,0,1272,2,13,6530,1122,ITH,ITH3,5,Veneto,Veneto,4905854,833224,16.98,0.16
1461,2021-02-12,VEN,4312,1447,2865,2765,141,730,659,6,3,8,3740,572,ITH,ITH3,5,Veneto,Veneto,4905854,837536,17.07,0.09
1462,2021-01-25,VEN,6466,2074,4392,5060,152,347,904,1,0,2,170,6296,ITH,ITH3,5,Veneto,Veneto,4905854,844002,17.2,0.13
1463,2021-03-05,VEN,13166,4905,8261,3438,267,1723,1415,3085,285,2953,9585,3581,ITH,ITH3,5,Veneto,Veneto,4905854,857168,17.47,0.27
1464,2021-01-11,VEN,7237,2100,5137,3499,502,1025,1956,247,0,8,7237,0,ITH,ITH3,5,Veneto,Veneto,4905854,864405,17.62,0.15
1465,2021-01-15,VEN,5863,1818,4045,2984,460,838,1565,9,3,4,5863,0,ITH,ITH3,5,Veneto,Veneto,4905854,870268,17.74,0.12
1466,2021-01-14,VEN,7058,1923,5135,3237,526,783,2491,17,0,4,7058,0,ITH,ITH3,5,Veneto,Veneto,4905854,877326,17.88,0.14
1467,2021-01-12,VEN,5231,1516,3715,2251,359,695,1753,168,0,5,5231,0,ITH,ITH3,5,Veneto,Veneto,4905854,882557,17.99,0.11
1468,2021-03-07,VEN,4453,1742,2711,1692,2,924,23,983,0,829,3900,553,ITH,ITH3,5,Veneto,Veneto,4905854,887010,18.08,0.09
1469,2021-03-02,VEN,11328,4553,6775,2770,437,1388,1173,3285,411,1864,8054,3274,ITH,ITH3,5,Veneto,Veneto,4905854,898338,18.31,0.23
1470,2021-04-07,VEN,21135,9524,11611,768,89,16072,283,3669,45,209,16775,4360,ITH,ITH3,5,Veneto,Veneto,4905854,919473,18.74,0.43
1471,2021-03-25,VEN,25545,10800,14745,1363,342,9836,952,10171,664,2217,19484,6061,ITH,ITH3,5,Veneto,Veneto,4905854,945018,19.26,0.52
1472,2021-03-13,VEN,17143,7231,9912,2498,54,5206,103,4815,426,4041,14037,3106,ITH,ITH3,5,Veneto,Veneto,4905854,962161,19.61,0.35
1473,2021-02-20,VEN,6418,2012,4406,1865,35,199,100,970,6,3243,6349,69,ITH,ITH3,5,Veneto,Veneto,4905854,968579,19.74,0.13
1474,2021-01-23,VEN,4063,1255,2808,3406,119,84,450,1,0,3,34,4029,ITH,ITH3,5,Veneto,Veneto,4905854,972642,19.83,0.08
1475,2021-04-06,VEN,27220,12514,14706,401,45,20776,356,5486,56,100,22207,5013,ITH,ITH3,5,Veneto,Veneto,4905854,999862,20.38,0.55
1476,2021-02-24,VEN,8589,3671,4918,1566,226,412,518,5589,264,14,8105,484,ITH,ITH3,5,Veneto,Veneto,4905854,1008451,20.56,0.18
1477,2021-03-28,VEN,31278,13599,17679,1414,45,16957,144,10250,52,2416,27553,3725,ITH,ITH3,5,Veneto,Veneto,4905854,1039729,21.19,0.64
1478,2021-03-08,VEN,13461,6139,7322,709,56,1167,384,7160,1040,2945,9423,4038,ITH,ITH3,5,Veneto,Veneto,4905854,1053190,21.47,0.27
1479,2021-02-20,FVG,2068,933,1135,11,1,18,148,1584,0,306,1924,144,ITH,ITH4,6,Friuli-Venezia Giulia,Friuli Venezia Giulia,1215220,2068,0.17,0.17
1480,2021-03-12,FVG,3934,1542,2392,176,61,116,27,2864,101,589,2554,1380,ITH,ITH4,6,Friuli-Venezia Giulia,Friuli Venezia Giulia,1215220,6002,0.49,0.32
1481,2021-02-01,FVG,2094,688,1406,1588,254,117,135,0,0,0,15,2079,ITH,ITH4,6,Friuli-Venezia Giulia,Friuli Venezia Giulia,1215220,8096,0.67,0.17
1482,2021-02-13,FVG,567,179,388,337,230,0,0,0,0,0,561,6,ITH,ITH4,6,Friuli-Venezia Giulia,Friuli Venezia Giulia,1215220,8663,0.71,0.05
1483,2021-02-08,FVG,2356,693,1663,1400,521,0,435,0,0,0,92,2264,ITH,ITH4,6,Friuli-Venezia Giulia,Friuli Venezia Giulia,1215220,11019,0.91,0.19
1484,2021-03-08,FVG,4041,1574,2467,694,366,176,140,2190,39,436,1953,2088,ITH,ITH4,6,Friuli-Venezia Giulia,Friuli Venezia Giulia,1215220,15060,1.24,0.33
1485,2021-01-18,FVG,1962,607,1355,1360,4,488,110,0,0,0,1868,94,ITH,ITH4,6,Friuli-Venezia Giulia,Friuli Venezia Giulia,1215220,17022,1.4,0.16
1486,2021-01-27,FVG,1272,425,847,851,1,356,64,0,0,0,450,822,ITH,ITH4,6,Friuli-Venezia Giulia,Friuli Venezia Giulia,1215220,18294,1.51,0.1
1487,2021-02-12,FVG,1200,428,772,674,392,3,128,2,0,1,1150,50,ITH,ITH4,6,Friuli-Venezia Giulia,Friuli Venezia Giulia,1215220,19494,1.6,0.1
1488,2021-03-01,FVG,2957,1042,1915,93,32,68,176,1635,4,949,2904,53,ITH,ITH4,6,Friuli-Venezia Giulia,Friuli Venezia Giulia,1215220,22451,1.85,0.24
1489,2021-01-20,FVG,751,323,428,719,1,31,0,0,0,0,12,739,ITH,ITH4,6,Friuli-Venezia Giulia,Friuli Venezia Giulia,1215220,23202,1.91,0.06
1490,2021-01-05,FVG,1680,551,1129,1350,1,132,197,0,0,0,1680,0,ITH,ITH4,6,Friuli-Venezia Giulia,Friuli Venezia Giulia,1215220,24882,2.05,0.14
1491,2021-04-07,FVG,1555,699,856,79,91,950,0,427,4,4,1260,295,ITH,ITH4,6,Friuli-Venezia Giulia,Friuli Venezia Giulia,1215220,26437,2.18,0.13
1492,2021-02-22,FVG,2493,1196,1297,431,312,15,115,1369,246,5,2075,418,ITH,ITH4,6,Friuli-Venezia Giulia,Friuli Venezia Giulia,1215220,28930,2.38,0.21
1493,2021-02-28,FVG,2668,988,1680,234,162,1,0,405,378,1488,2273,395,ITH,ITH4,6,Friuli-Venezia Giulia,Friuli Venezia Giulia,1215220,31598,2.6,0.22
1494,2021-02-25,FVG,3074,1606,1468,22,4,125,188,1557,436,742,3049,25,ITH,ITH4,6,Friuli-Venezia Giulia,Friuli Venezia Giulia,1215220,34672,2.85,0.25
1495,2021-02-21,FVG,800,281,519,213,166,11,26,382,1,1,423,377,ITH,ITH4,6,Friuli-Venezia Giulia,Friuli Venezia Giulia,1215220,35472,2.92,0.07
1496,2021-01-24,FVG,305,119,186,277,0,27,1,0,0,0,1,304,ITH,ITH4,6,Friuli-Venezia Giulia,Friuli Venezia Giulia,1215220,35777,2.94,0.03
1497,2021-02-27,FVG,3422,1178,2244,203,140,32,0,1523,25,1499,3421,1,ITH,ITH4,6,Friuli-Venezia Giulia,Friuli Venezia Giulia,1215220,39199,3.23,0.28
1498,2021-01-02,FVG,1217,471,746,1150,0,67,0,0,0,0,1217,0,ITH,ITH4,6,Friuli-Venezia Giulia,Friuli Venezia Giulia,1215220,40416,3.33,0.1
1499,2021-01-14,FVG,2588,789,1799,1608,14,536,430,0,0,0,2588,0,ITH,ITH4,6,Friuli-Venezia Giulia,Friuli Venezia Giulia,1215220,43004,3.54,0.21
1500,2021-03-26,FVG,5658,2371,3287,496,193,1962,123,2045,87,752,3646,2012,ITH,ITH4,6,Friuli-Venezia Giulia,Friuli Venezia Giulia,1215220,48662,4.0,0.47
1501,2021-01-07,FVG,2092,718,1374,1760,1,221,110,0,0,0,2092,0,ITH,ITH4,6,Friuli-Venezia Giulia,Friuli Venezia Giulia,1215220,50754,4.18,0.17
1502,2021-03-15,FVG,3759,1633,2126,327,253,105,180,2426,234,234,1440,2319,ITH,ITH4,6,Friuli-Venezia Giulia,Friuli Venezia Giulia,1215220,54513,4.49,0.31
1503,2021-04-03,FVG,3166,1620,1546,29,24,1490,0,1451,23,149,2640,526,ITH,ITH4,6,Friuli-Venezia Giulia,Friuli Venezia Giulia,1215220,57679,4.75,0.26
1504,2020-12-31,FVG,1053,384,669,1011,0,42,0,0,0,0,1053,0,ITH,ITH4,6,Friuli-Venezia Giulia,Friuli Venezia Giulia,1215220,58732,4.83,0.09
1505,2021-01-04,FVG,1510,559,951,1392,0,118,0,0,0,0,1510,0,ITH,ITH4,6,Friuli-Venezia Giulia,Friuli Venezia Giulia,1215220,60242,4.96,0.12
1506,2021-02-07,FVG,1561,483,1078,866,693,0,2,0,0,0,386,1175,ITH,ITH4,6,Friuli-Venezia Giulia,Friuli Venezia Giulia,1215220,61803,5.09,0.13
1507,2021-01-19,FVG,7,2,5,5,0,0,2,0,0,0,7,0,ITH,ITH4,6,Friuli-Venezia Giulia,Friuli Venezia Giulia,1215220,61810,5.09,0.0
1508,2021-04-05,FVG,2859,1425,1434,33,22,2195,0,465,24,120,2844,15,ITH,ITH4,6,Friuli-Venezia Giulia,Friuli Venezia Giulia,1215220,64669,5.32,0.24
1509,2021-01-29,FVG,2413,813,1600,1855,0,321,237,0,0,0,264,2149,ITH,ITH4,6,Friuli-Venezia Giulia,Friuli Venezia Giulia,1215220,67082,5.52,0.2
1510,2021-03-22,FVG,3475,1327,2148,147,86,102,207,2464,6,463,1522,1953,ITH,ITH4,6,Friuli-Venezia Giulia,Friuli Venezia Giulia,1215220,70557,5.81,0.29
1511,2021-03-31,FVG,7903,3449,4454,168,85,4219,287,2155,111,878,7072,831,ITH,ITH4,6,Friuli-Venezia Giulia,Friuli Venezia Giulia,1215220,78460,6.46,0.65
1512,2021-04-02,FVG,5441,2400,3041,288,205,2069,52,2816,8,3,3983,1458,ITH,ITH4,6,Friuli-Venezia Giulia,Friuli Venezia Giulia,1215220,83901,6.9,0.45
1513,2021-03-04,FVG,3411,1578,1833,357,212,39,96,1815,491,401,2769,642,ITH,ITH4,6,Friuli-Venezia Giulia,Friuli Venezia Giulia,1215220,87312,7.18,0.28
1514,2021-01-08,FVG,2322,747,1575,1680,5,241,396,0,0,0,2322,0,ITH,ITH4,6,Friuli-Venezia Giulia,Friuli Venezia Giulia,1215220,89634,7.38,0.19
1515,2020-12-30,FVG,630,246,384,601,0,29,0,0,0,0,630,0,ITH,ITH4,6,Friuli-Venezia Giulia,Friuli Venezia Giulia,1215220,90264,7.43,0.05
1516,2021-02-05,FVG,2613,784,1829,1612,511,0,490,0,0,0,90,2523,ITH,ITH4,6,Friuli-Venezia Giulia,Friuli Venezia Giulia,1215220,92877,7.64,0.22
1517,2021-02-02,FVG,2466,806,1660,1657,393,0,416,0,0,0,217,2249,ITH,ITH4,6,Friuli-Venezia Giulia,Friuli Venezia Giulia,1215220,95343,7.85,0.2
1518,2021-03-03,FVG,3641,1627,2014,750,493,72,100,1330,469,427,2363,1278,ITH,ITH4,6,Friuli-Venezia Giulia,Friuli Venezia Giulia,1215220,98984,8.15,0.3
1519,2021-03-06,FVG,3491,1194,2297,182,148,111,1,1565,20,1464,3165,326,ITH,ITH4,6,Friuli-Venezia Giulia,Friuli Venezia Giulia,1215220,102475,8.43,0.29
1520,2020-12-27,FVG,262,149,113,259,0,3,0,0,0,0,262,0,ITH,ITH4,6,Friuli-Venezia Giulia,Friuli Venezia Giulia,1215220,102737,8.45,0.02
1521,2021-01-03,FVG,312,122,190,285,0,26,1,0,0,0,312,0,ITH,ITH4,6,Friuli-Venezia Giulia,Friuli Venezia Giulia,1215220,103049,8.48,0.03
1522,2021-03-30,FVG,6961,3092,3869,416,306,3719,393,1933,54,140,6041,920,ITH,ITH4,6,Friuli-Venezia Giulia,Friuli Venezia Giulia,1215220,110010,9.05,0.57
1523,2021-01-30,FVG,2271,744,1527,1475,2,352,442,0,0,0,270,2001,ITH,ITH4,6,Friuli-Venezia Giulia,Friuli Venezia Giulia,1215220,112281,9.24,0.19
1524,2021-02-03,FVG,2646,790,1856,1701,558,0,386,1,0,0,23,2623,ITH,ITH4,6,Friuli-Venezia Giulia,Friuli Venezia Giulia,1215220,114927,9.46,0.22
1525,2021-02-18,FVG,3210,1488,1722,229,122,16,331,1500,34,978,2804,406,ITH,ITH4,6,Friuli-Venezia Giulia,Friuli Venezia Giulia,1215220,118137,9.72,0.26
1526,2021-02-19,FVG,3254,1290,1964,568,309,14,313,1589,35,426,2825,429,ITH,ITH4,6,Friuli-Venezia Giulia,Friuli Venezia Giulia,1215220,121391,9.99,0.27
1527,2021-02-10,FVG,1352,496,856,745,487,0,119,0,0,1,1266,86,ITH,ITH4,6,Friuli-Venezia Giulia,Friuli Venezia Giulia,1215220,122743,10.1,0.11
1528,2021-01-31,FVG,2715,836,1879,1693,2,1002,18,0,0,0,385,2330,ITH,ITH4,6,Friuli-Venezia Giulia,Friuli Venezia Giulia,1215220,125458,10.32,0.22
1529,2021-03-17,FVG,3207,1257,1950,428,218,109,199,2244,3,6,717,2490,ITH,ITH4,6,Friuli-Venezia Giulia,Friuli Venezia Giulia,1215220,128665,10.59,0.26
1530,2021-01-26,FVG,1973,647,1326,1440,0,152,381,0,0,0,214,1759,ITH,ITH4,6,Friuli-Venezia Giulia,Friuli Venezia Giulia,1215220,130638,10.75,0.16
1531,2021-03-27,FVG,4977,2556,2421,60,30,2784,1,1989,15,98,3566,1411,ITH,ITH4,6,Friuli-Venezia Giulia,Friuli Venezia Giulia,1215220,135615,11.16,0.41
1532,2021-03-10,FVG,3360,1494,1866,305,243,128,207,1973,309,195,1568,1792,ITH,ITH4,6,Friuli-Venezia Giulia,Friuli Venezia Giulia,1215220,138975,11.44,0.28
1533,2021-03-14,FVG,1395,548,847,0,1,17,0,247,333,797,1143,252,ITH,ITH4,6,Friuli-Venezia Giulia,Friuli Venezia Giulia,1215220,140370,11.55,0.11
1534,2021-03-21,FVG,2599,937,1662,6,3,112,0,1332,27,1119,2191,408,ITH,ITH4,6,Friuli-Venezia Giulia,Friuli Venezia Giulia,1215220,142969,11.76,0.21
1535,2021-01-25,FVG,1583,567,1016,1370,0,141,72,0,0,0,194,1389,ITH,ITH4,6,Friuli-Venezia Giulia,Friuli Venezia Giulia,1215220,144552,11.9,0.13
1536,2021-01-21,FVG,895,345,550,864,0,31,0,0,0,0,1,894,ITH,ITH4,6,Friuli-Venezia Giulia,Friuli Venezia Giulia,1215220,145447,11.97,0.07
1537,2021-02-23,FVG,2615,1252,1363,104,44,63,206,1943,254,1,2437,178,ITH,ITH4,6,Friuli-Venezia Giulia,Friuli Venezia Giulia,1215220,148062,12.18,0.22
1538,2021-02-26,FVG,3739,2094,1645,75,26,115,453,1739,1032,299,3592,147,ITH,ITH4,6,Friuli-Venezia Giulia,Friuli Venezia Giulia,1215220,151801,12.49,0.31
1539,2021-03-18,FVG,3338,1410,1928,60,21,266,129,2858,0,4,1658,1680,ITH,ITH4,6,Friuli-Venezia Giulia,Friuli Venezia Giulia,1215220,155139,12.77,0.27
1540,2021-03-05,FVG,3737,1478,2259,1049,652,42,70,1735,43,146,2664,1073,ITH,ITH4,6,Friuli-Venezia Giulia,Friuli Venezia Giulia,1215220,158876,13.07,0.31
1541,2021-01-10,FVG,2941,919,2022,1745,6,945,245,0,0,0,2941,0,ITH,ITH4,6,Friuli-Venezia Giulia,Friuli Venezia Giulia,1215220,161817,13.32,0.24
1542,2021-01-13,FVG,2651,834,1817,1822,9,590,230,0,0,0,2651,0,ITH,ITH4,6,Friuli-Venezia Giulia,Friuli Venezia Giulia,1215220,164468,13.53,0.22
1543,2021-03-11,FVG,3326,1393,1933,262,109,47,287,2013,104,504,1578,1748,ITH,ITH4,6,Friuli-Venezia Giulia,Friuli Venezia Giulia,1215220,167794,13.81,0.27
1544,2021-01-28,FVG,2236,792,1444,1755,0,287,194,0,0,0,354,1882,ITH,ITH4,6,Friuli-Venezia Giulia,Friuli Venezia Giulia,1215220,170030,13.99,0.18
1545,2021-01-23,FVG,816,324,492,768,1,47,0,0,0,0,4,812,ITH,ITH4,6,Friuli-Venezia Giulia,Friuli Venezia Giulia,1215220,170846,14.06,0.07
1546,2021-03-07,FVG,2537,926,1611,1,1,157,0,143,453,1782,2536,1,ITH,ITH4,6,Friuli-Venezia Giulia,Friuli Venezia Giulia,1215220,173383,14.27,0.21
1547,2021-03-02,FVG,4220,1518,2702,1164,658,19,202,1538,5,634,2717,1503,ITH,ITH4,6,Friuli-Venezia Giulia,Friuli Venezia Giulia,1215220,177603,14.61,0.35
1548,2021-02-24,FVG,2518,1082,1436,23,5,48,310,1835,0,297,2500,18,ITH,ITH4,6,Friuli-Venezia Giulia,Friuli Venezia Giulia,1215220,180121,14.82,0.21
1549,2021-02-11,FVG,1935,665,1270,1134,566,2,229,3,1,0,1742,193,ITH,ITH4,6,Friuli-Venezia Giulia,Friuli Venezia Giulia,1215220,182056,14.98,0.16
1550,2021-02-06,FVG,1154,338,816,755,208,0,191,0,0,0,22,1132,ITH,ITH4,6,Friuli-Venezia Giulia,Friuli Venezia Giulia,1215220,183210,15.08,0.09
1551,2021-03-24,FVG,3698,1502,2196,178,176,412,129,2315,61,427,2229,1469,ITH,ITH4,6,Friuli-Venezia Giulia,Friuli Venezia Giulia,1215220,186908,15.38,0.3
1552,2021-03-23,FVG,3721,1546,2175,320,297,148,240,2446,29,241,1582,2139,ITH,ITH4,6,Friuli-Venezia Giulia,Friuli Venezia Giulia,1215220,190629,15.69,0.31
1553,2021-01-22,FVG,90,30,60,89,0,1,0,0,0,0,0,90,ITH,ITH4,6,Friuli-Venezia Giulia,Friuli Venezia Giulia,1215220,190719,15.69,0.01
1554,2021-03-29,FVG,6757,2963,3794,235,179,3441,143,2401,46,312,5179,1578,ITH,ITH4,6,Friuli-Venezia Giulia,Friuli Venezia Giulia,1215220,197476,16.25,0.56
1555,2021-01-12,FVG,2259,712,1547,1528,19,351,361,0,0,0,2259,0,ITH,ITH4,6,Friuli-Venezia Giulia,Friuli Venezia Giulia,1215220,199735,16.44,0.19
1556,2021-03-09,FVG,3862,1590,2272,657,420,102,195,2004,60,424,1109,2753,ITH,ITH4,6,Friuli-Venezia Giulia,Friuli Venezia Giulia,1215220,203597,16.75,0.32
1557,2021-03-28,FVG,4803,2270,2533,13,13,2936,0,425,111,1305,4663,140,ITH,ITH4,6,Friuli-Venezia Giulia,Friuli Venezia Giulia,1215220,208400,17.15,0.4
1558,2021-03-19,FVG,3200,1327,1873,105,46,121,282,2512,0,134,1272,1928,ITH,ITH4,6,Friuli-Venezia Giulia,Friuli Venezia Giulia,1215220,211600,17.41,0.26
1559,2021-01-17,FVG,1720,524,1196,674,5,555,486,0,0,0,1720,0,ITH,ITH4,6,Friuli-Venezia Giulia,Friuli Venezia Giulia,1215220,213320,17.55,0.14
1560,2021-03-16,FVG,3137,1281,1856,326,255,110,243,2202,0,1,1058,2079,ITH,ITH4,6,Friuli-Venezia Giulia,Friuli Venezia Giulia,1215220,216457,17.81,0.26
1561,2021-02-09,FVG,1848,556,1292,1053,509,0,286,0,0,0,1559,289,ITH,ITH4,6,Friuli-Venezia Giulia,Friuli Venezia Giulia,1215220,218305,17.96,0.15
1562,2021-03-25,FVG,5224,2220,3004,53,54,1988,186,2056,53,834,3091,2133,ITH,ITH4,6,Friuli-Venezia Giulia,Friuli Venezia Giulia,1215220,223529,18.39,0.43
1563,2021-02-15,FVG,2454,909,1545,700,386,19,315,1034,0,0,2204,250,ITH,ITH4,6,Friuli-Venezia Giulia,Friuli Venezia Giulia,1215220,225983,18.6,0.2
1564,2021-01-09,FVG,2518,841,1677,1519,2,404,593,0,0,0,2518,0,ITH,ITH4,6,Friuli-Venezia Giulia,Friuli Venezia Giulia,1215220,228501,18.8,0.21
1565,2021-01-16,FVG,1231,360,871,771,1,211,248,0,0,0,1231,0,ITH,ITH4,6,Friuli-Venezia Giulia,Friuli Venezia Giulia,1215220,229732,18.9,0.1
1566,2021-02-04,FVG,2731,807,1924,1723,543,0,465,0,0,0,36,2695,ITH,ITH4,6,Friuli-Venezia Giulia,Friuli Venezia Giulia,1215220,232463,19.13,0.22
1567,2021-04-01,FVG,5601,2670,2931,164,109,3032,193,1976,34,93,4636,965,ITH,ITH4,6,Friuli-Venezia Giulia,Friuli Venezia Giulia,1215220,238064,19.59,0.46
1568,2021-01-06,FVG,709,264,445,514,0,195,0,0,0,0,709,0,ITH,ITH4,6,Friuli-Venezia Giulia,Friuli Venezia Giulia,1215220,238773,19.65,0.06
1569,2021-01-15,FVG,2028,606,1422,1283,6,364,375,0,0,0,2028,0,ITH,ITH4,6,Friuli-Venezia Giulia,Friuli Venezia Giulia,1215220,240801,19.82,0.17
1570,2021-01-11,FVG,1882,609,1273,1500,3,333,46,0,0,0,1882,0,ITH,ITH4,6,Friuli-Venezia Giulia,Friuli Venezia Giulia,1215220,242683,19.97,0.15
1571,2021-04-06,FVG,4935,2196,2739,130,89,2245,46,2386,17,22,4042,893,ITH,ITH4,6,Friuli-Venezia Giulia,Friuli Venezia Giulia,1215220,247618,20.38,0.41
1572,2021-03-20,FVG,3345,1352,1993,413,274,24,8,2381,179,66,1251,2094,ITH,ITH4,6,Friuli-Venezia Giulia,Friuli Venezia Giulia,1215220,250963,20.65,0.28
1573,2021-02-17,FVG,2352,998,1354,328,178,15,230,1555,46,0,1873,479,ITH,ITH4,6,Friuli-Venezia Giulia,Friuli Venezia Giulia,1215220,253315,20.85,0.19
1574,2021-02-16,FVG,2516,1135,1381,260,244,31,221,1760,0,0,2400,116,ITH,ITH4,6,Friuli-Venezia Giulia,Friuli Venezia Giulia,1215220,255831,21.05,0.21
1575,2021-03-13,FVG,2932,1119,1813,12,4,11,86,2057,39,723,1660,1272,ITH,ITH4,6,Friuli-Venezia Giulia,Friuli Venezia Giulia,1215220,258763,21.29,0.24
1576,2021-01-24,LAZ,5467,2109,3358,4945,131,131,134,126,0,0,385,5082,ITI,ITI4,12,Lazio,Lazio,5879082,5467,0.09,0.09
1577,2021-03-15,LAZ,19205,8306,10899,2307,122,3553,408,9583,706,2526,12484,6721,ITI,ITI4,12,Lazio,Lazio,5879082,24672,0.42,0.33
1578,2021-01-28,LAZ,7954,2998,4956,6810,374,122,514,134,0,0,459,7495,ITI,ITI4,12,Lazio,Lazio,5879082,32626,0.55,0.14
1579,2021-04-07,LAZ,12648,5675,6973,781,33,6576,103,5069,42,44,7603,5045,ITI,ITI4,12,Lazio,Lazio,5879082,45274,0.77,0.22
1580,2021-01-30,LAZ,6649,2730,3919,5298,265,309,651,126,0,0,448,6201,ITI,ITI4,12,Lazio,Lazio,5879082,51923,0.88,0.11
1581,2021-03-07,LAZ,14058,5419,8639,1201,24,1207,148,7249,696,3533,10469,3589,ITI,ITI4,12,Lazio,Lazio,5879082,65981,1.12,0.24
1582,2021-01-13,LAZ,5559,2063,3496,4145,270,132,1009,3,0,0,5559,0,ITI,ITI4,12,Lazio,Lazio,5879082,71540,1.22,0.09
1583,2021-01-11,LAZ,5525,2103,3422,4553,307,96,569,0,0,0,5525,0,ITI,ITI4,12,Lazio,Lazio,5879082,77065,1.31,0.09
1584,2021-02-22,LAZ,11421,4975,6446,1779,123,186,473,5248,1390,2222,10920,501,ITI,ITI4,12,Lazio,Lazio,5879082,88486,1.51,0.19
1585,2021-02-24,LAZ,11995,5182,6813,1798,428,508,337,5197,1327,2400,11005,990,ITI,ITI4,12,Lazio,Lazio,5879082,100481,1.71,0.2
1586,2021-03-22,LAZ,21319,8870,12449,1527,75,5972,244,9123,517,3861,14939,6380,ITI,ITI4,12,Lazio,Lazio,5879082,121800,2.07,0.36
1587,2021-03-16,LAZ,13458,5708,7750,1504,69,2147,280,9446,7,5,7056,6402,ITI,ITI4,12,Lazio,Lazio,5879082,135258,2.3,0.23
1588,2020-12-30,LAZ,1630,629,1001,1603,0,0,27,0,0,0,1630,0,ITI,ITI4,12,Lazio,Lazio,5879082,136888,2.33,0.03
1589,2021-01-17,LAZ,4566,1844,2722,3242,145,191,177,811,0,0,4354,212,ITI,ITI4,12,Lazio,Lazio,5879082,141454,2.41,0.08
1590,2021-02-26,LAZ,12894,5607,7287,1909,533,804,352,5171,1385,2740,11676,1218,ITI,ITI4,12,Lazio,Lazio,5879082,154348,2.63,0.22
1591,2021-02-17,LAZ,8810,4372,4438,2282,226,208,499,4249,1345,1,8282,528,ITI,ITI4,12,Lazio,Lazio,5879082,163158,2.78,0.15
1592,2021-02-12,LAZ,6494,2645,3849,1995,136,287,302,3774,0,0,6417,77,ITI,ITI4,12,Lazio,Lazio,5879082,169652,2.89,0.11
1593,2021-01-25,LAZ,7761,3041,4720,7006,205,65,363,122,0,0,421,7340,ITI,ITI4,12,Lazio,Lazio,5879082,177413,3.02,0.13
1594,2021-01-31,LAZ,4279,1783,2496,3572,139,200,244,124,0,0,296,3983,ITI,ITI4,12,Lazio,Lazio,5879082,181692,3.09,0.07
1595,2021-01-27,LAZ,5768,2170,3598,4797,215,170,457,129,0,0,651,5117,ITI,ITI4,12,Lazio,Lazio,5879082,187460,3.19,0.1
1596,2021-03-28,LAZ,18781,7522,11259,1060,17,6542,77,8373,106,2606,13484,5297,ITI,ITI4,12,Lazio,Lazio,5879082,206241,3.51,0.32
1597,2021-02-07,LAZ,4668,1865,2803,3251,138,247,218,813,0,1,382,4286,ITI,ITI4,12,Lazio,Lazio,5879082,210909,3.59,0.08
1598,2021-02-08,LAZ,9335,3868,5467,3789,428,446,918,3754,0,0,4487,4848,ITI,ITI4,12,Lazio,Lazio,5879082,220244,3.75,0.16
1599,2021-01-09,LAZ,6293,2560,3733,5115,229,329,620,0,0,0,6293,0,ITI,ITI4,12,Lazio,Lazio,5879082,226537,3.85,0.11
1600,2021-03-29,LAZ,23594,10596,12998,2039,87,10808,143,9461,259,797,16723,6871,ITI,ITI4,12,Lazio,Lazio,5879082,250131,4.25,0.4
1601,2021-01-05,LAZ,7370,2802,4568,6690,0,102,577,0,1,0,7370,0,ITI,ITI4,12,Lazio,Lazio,5879082,257501,4.38,0.13
1602,2021-03-19,LAZ,16995,7258,9737,2112,140,3760,389,9340,248,1006,10695,6300,ITI,ITI4,12,Lazio,Lazio,5879082,274496,4.67,0.29
1603,2020-12-28,LAZ,959,412,547,957,0,2,0,0,0,0,959,0,ITI,ITI4,12,Lazio,Lazio,5879082,275455,4.69,0.02
1604,2021-02-10,LAZ,7777,3117,4660,2646,275,306,634,3916,0,0,4841,2936,ITI,ITI4,12,Lazio,Lazio,5879082,283232,4.82,0.13
1605,2021-02-25,LAZ,12636,5514,7122,1754,434,776,489,5149,1423,2611,11590,1046,ITI,ITI4,12,Lazio,Lazio,5879082,295868,5.03,0.21
1606,2021-01-26,LAZ,7605,2907,4698,6592,213,44,631,125,0,0,374,7231,ITI,ITI4,12,Lazio,Lazio,5879082,303473,5.16,0.13
1607,2021-02-13,LAZ,6274,2436,3838,2123,42,171,280,3658,0,0,6186,88,ITI,ITI4,12,Lazio,Lazio,5879082,309747,5.27,0.11
1608,2021-03-18,LAZ,14158,6052,8106,1755,90,2631,330,9337,9,6,7783,6375,ITI,ITI4,12,Lazio,Lazio,5879082,323905,5.51,0.24
1609,2021-02-27,LAZ,11379,4248,7131,1358,399,486,515,4798,1120,2703,10426,953,ITI,ITI4,12,Lazio,Lazio,5879082,335284,5.7,0.19
1610,2021-03-21,LAZ,17776,6807,10969,1239,27,4691,111,8172,100,3436,12755,5021,ITI,ITI4,12,Lazio,Lazio,5879082,353060,6.01,0.3
1611,2021-02-04,LAZ,6045,2281,3764,4460,354,267,892,72,0,0,942,5103,ITI,ITI4,12,Lazio,Lazio,5879082,359105,6.11,0.1
1612,2021-01-22,LAZ,3663,1442,2221,3380,63,27,70,123,0,0,148,3515,ITI,ITI4,12,Lazio,Lazio,5879082,362768,6.17,0.06
1613,2021-04-06,LAZ,23170,10387,12783,2071,82,13014,94,7546,200,163,16341,6829,ITI,ITI4,12,Lazio,Lazio,5879082,385938,6.56,0.39
1614,2021-04-02,LAZ,27464,12845,14619,5605,89,12842,166,8357,221,184,20349,7115,ITI,ITI4,12,Lazio,Lazio,5879082,413402,7.03,0.47
1615,2021-03-20,LAZ,18117,6777,11340,1831,139,3761,360,8775,204,3047,12281,5836,ITI,ITI4,12,Lazio,Lazio,5879082,431519,7.34,0.31
1616,2021-03-02,LAZ,16605,7185,9420,1808,357,1069,229,8110,1278,3754,12676,3929,ITI,ITI4,12,Lazio,Lazio,5879082,448124,7.62,0.28
1617,2021-01-10,LAZ,4039,1700,2339,3424,156,207,252,0,0,0,4039,0,ITI,ITI4,12,Lazio,Lazio,5879082,452163,7.69,0.07
1618,2021-03-08,LAZ,19880,8221,11659,2451,120,2062,380,9056,1102,4709,14618,5262,ITI,ITI4,12,Lazio,Lazio,5879082,472043,8.03,0.34
1619,2021-01-20,LAZ,4391,1658,2733,3279,233,166,427,286,0,0,2850,1541,ITI,ITI4,12,Lazio,Lazio,5879082,476434,8.1,0.07
1620,2021-03-05,LAZ,18506,7806,10700,2728,171,1574,256,8485,1323,3969,13785,4721,ITI,ITI4,12,Lazio,Lazio,5879082,494940,8.42,0.31
1621,2020-12-29,LAZ,488,176,312,486,2,0,0,0,0,0,488,0,ITI,ITI4,12,Lazio,Lazio,5879082,495428,8.43,0.01
1622,2021-02-14,LAZ,5536,2246,3290,1645,20,298,127,3446,0,0,5287,249,ITI,ITI4,12,Lazio,Lazio,5879082,500964,8.52,0.09
1623,2021-03-10,LAZ,21861,9405,12456,4074,143,2492,452,8904,1179,4617,16226,5635,ITI,ITI4,12,Lazio,Lazio,5879082,522825,8.89,0.37
1624,2021-02-18,LAZ,9676,4799,4877,2162,91,328,473,4956,1665,1,9178,498,ITI,ITI4,12,Lazio,Lazio,5879082,532501,9.06,0.16
1625,2021-02-19,LAZ,9698,4893,4805,2170,93,297,408,5060,1636,34,9201,497,ITI,ITI4,12,Lazio,Lazio,5879082,542199,9.22,0.16
1626,2021-01-04,LAZ,7478,2907,4571,7075,5,81,316,0,0,1,7478,0,ITI,ITI4,12,Lazio,Lazio,5879082,549677,9.35,0.13
1627,2021-02-01,LAZ,5669,2173,3496,4784,189,130,559,7,0,0,353,5316,ITI,ITI4,12,Lazio,Lazio,5879082,555346,9.45,0.1
1628,2021-01-07,LAZ,7742,2901,4841,6897,175,104,566,0,0,0,7742,0,ITI,ITI4,12,Lazio,Lazio,5879082,563088,9.58,0.13
1629,2021-03-11,LAZ,23658,10519,13139,4844,124,3027,440,9260,1526,4437,17434,6224,ITI,ITI4,12,Lazio,Lazio,5879082,586746,9.98,0.4
1630,2021-02-20,LAZ,8795,4082,4713,1942,111,350,298,4762,1310,22,8378,417,ITI,ITI4,12,Lazio,Lazio,5879082,595541,10.13,0.15
1631,2021-04-05,LAZ,19565,8924,10641,531,34,11502,28,7397,10,63,13466,6099,ITI,ITI4,12,Lazio,Lazio,5879082,615106,10.46,0.33
1632,2021-03-25,LAZ,26346,11241,15105,4792,84,8019,318,9450,199,3484,20054,6292,ITI,ITI4,12,Lazio,Lazio,5879082,641452,10.91,0.45
1633,2021-03-27,LAZ,25554,10186,15368,5564,103,6819,289,9190,134,3455,19312,6242,ITI,ITI4,12,Lazio,Lazio,5879082,667006,11.35,0.43
1634,2021-01-18,LAZ,5839,2268,3571,3905,387,369,725,453,0,0,4861,978,ITI,ITI4,12,Lazio,Lazio,5879082,672845,11.44,0.1
1635,2021-03-30,LAZ,24908,11422,13486,3756,86,11217,248,9092,221,288,17845,7063,ITI,ITI4,12,Lazio,Lazio,5879082,697753,11.87,0.42
1636,2021-03-14,LAZ,17051,6597,10454,1360,89,3295,81,8335,445,3446,11897,5154,ITI,ITI4,12,Lazio,Lazio,5879082,714804,12.16,0.29
1637,2021-03-03,LAZ,17109,7222,9887,2111,200,1177,379,8056,1249,3937,12819,4290,ITI,ITI4,12,Lazio,Lazio,5879082,731913,12.45,0.29
1638,2021-03-01,LAZ,16649,7112,9537,1555,527,1209,385,7988,1406,3579,12798,3851,ITI,ITI4,12,Lazio,Lazio,5879082,748562,12.73,0.28
1639,2021-02-16,LAZ,8044,3863,4181,2058,102,476,261,4195,951,1,7787,257,ITI,ITI4,12,Lazio,Lazio,5879082,756606,12.87,0.14
1640,2021-01-06,LAZ,5119,1960,3159,4619,45,133,320,0,1,1,5119,0,ITI,ITI4,12,Lazio,Lazio,5879082,761725,12.96,0.09
1641,2021-02-23,LAZ,10902,4680,6222,1897,109,493,309,5169,1015,1910,10278,624,ITI,ITI4,12,Lazio,Lazio,5879082,772627,13.14,0.19
1642,2021-03-31,LAZ,25578,11787,13791,4226,82,11753,135,8916,220,246,18616,6962,ITI,ITI4,12,Lazio,Lazio,5879082,798205,13.58,0.44
1643,2021-02-09,LAZ,8393,3484,4909,3258,244,338,548,4005,0,0,4571,3822,ITI,ITI4,12,Lazio,Lazio,5879082,806598,13.72,0.14
1644,2021-01-29,LAZ,7595,2867,4728,6373,259,169,704,90,0,0,477,7118,ITI,ITI4,12,Lazio,Lazio,5879082,814193,13.85,0.13
1645,2021-02-28,LAZ,10224,3996,6228,1601,260,428,77,4577,682,2599,9710,514,ITI,ITI4,12,Lazio,Lazio,5879082,824417,14.02,0.17
1646,2021-02-11,LAZ,6658,2788,3870,2197,174,160,500,3627,0,0,6460,198,ITI,ITI4,12,Lazio,Lazio,5879082,831075,14.14,0.11
1647,2021-01-01,LAZ,3554,1382,2172,3483,0,3,68,0,0,0,3554,0,ITI,ITI4,12,Lazio,Lazio,5879082,834629,14.2,0.06
1648,2021-03-26,LAZ,27576,11967,15609,5356,94,8698,330,9574,275,3249,20984,6592,ITI,ITI4,12,Lazio,Lazio,5879082,862205,14.67,0.47
1649,2021-03-12,LAZ,22673,10023,12650,4703,170,3253,400,9425,774,3948,16361,6312,ITI,ITI4,12,Lazio,Lazio,5879082,884878,15.05,0.39
1650,2021-01-02,LAZ,6704,2629,4075,6268,47,31,358,0,0,0,6704,0,ITI,ITI4,12,Lazio,Lazio,5879082,891582,15.17,0.11
1651,2021-03-09,LAZ,20820,8920,11900,3379,104,2188,338,8964,1230,4617,15627,5193,ITI,ITI4,12,Lazio,Lazio,5879082,912402,15.52,0.35
1652,2021-01-14,LAZ,5232,1961,3271,3887,304,146,811,84,0,0,5232,0,ITI,ITI4,12,Lazio,Lazio,5879082,917634,15.61,0.09
1653,2021-03-04,LAZ,18245,7763,10482,2798,211,1345,507,8164,1315,3905,13233,5012,ITI,ITI4,12,Lazio,Lazio,5879082,935879,15.92,0.31
1654,2021-03-13,LAZ,21306,8363,12943,5128,109,2382,330,8898,720,3739,15413,5893,ITI,ITI4,12,Lazio,Lazio,5879082,957185,16.28,0.36
1655,2021-01-03,LAZ,5250,1972,3278,5125,18,42,65,0,0,0,5250,0,ITI,ITI4,12,Lazio,Lazio,5879082,962435,16.37,0.09
1656,2021-02-03,LAZ,6288,2348,3940,4620,335,220,1078,35,0,0,901,5387,ITI,ITI4,12,Lazio,Lazio,5879082,968723,16.48,0.11
1657,2021-03-24,LAZ,25573,11135,14438,3761,92,8388,107,9387,240,3598,19469,6104,ITI,ITI4,12,Lazio,Lazio,5879082,994296,16.91,0.43
1658,2021-03-23,LAZ,23104,9987,13117,2485,98,6788,181,9158,538,3856,16836,6268,ITI,ITI4,12,Lazio,Lazio,5879082,1017400,17.31,0.39
1659,2021-02-06,LAZ,5069,2015,3054,3270,206,424,660,509,0,0,769,4300,ITI,ITI4,12,Lazio,Lazio,5879082,1022469,17.39,0.09
1660,2021-01-19,LAZ,4361,1671,2690,2967,222,340,424,408,0,0,3908,453,ITI,ITI4,12,Lazio,Lazio,5879082,1026830,17.47,0.07
1661,2021-02-05,LAZ,6910,2722,4188,5095,373,258,995,189,0,0,1131,5779,ITI,ITI4,12,Lazio,Lazio,5879082,1033740,17.58,0.12
1662,2021-01-15,LAZ,6245,2477,3768,4498,417,187,988,155,0,0,6245,0,ITI,ITI4,12,Lazio,Lazio,5879082,1039985,17.69,0.11
1663,2021-01-21,LAZ,5247,2109,3138,4780,78,32,232,125,0,0,196,5051,ITI,ITI4,12,Lazio,Lazio,5879082,1045232,17.78,0.09
1664,2021-02-02,LAZ,5772,2133,3639,4712,367,119,571,3,0,0,501,5271,ITI,ITI4,12,Lazio,Lazio,5879082,1051004,17.88,0.1
1665,2021-02-21,LAZ,6799,3101,3698,1245,53,309,51,4518,607,16,6517,282,ITI,ITI4,12,Lazio,Lazio,5879082,1057803,17.99,0.12
1666,2021-04-01,LAZ,27448,12628,14820,5663,91,12332,284,8543,287,248,20466,6982,ITI,ITI4,12,Lazio,Lazio,5879082,1085251,18.46,0.47
1667,2021-03-06,LAZ,17993,6907,11086,3681,113,1252,327,7916,932,3772,13739,4254,ITI,ITI4,12,Lazio,Lazio,5879082,1103244,18.77,0.31
1668,2020-12-31,LAZ,5291,2121,3170,4987,12,13,279,0,0,0,5291,0,ITI,ITI4,12,Lazio,Lazio,5879082,1108535,18.86,0.09
1669,2021-01-08,LAZ,7726,2894,4832,6519,191,218,798,0,0,0,7726,0,ITI,ITI4,12,Lazio,Lazio,5879082,1116261,18.99,0.13
1670,2021-03-17,LAZ,13484,5754,7730,1508,87,2239,254,9375,7,14,7285,6199,ITI,ITI4,12,Lazio,Lazio,5879082,1129745,19.22,0.23
1671,2021-01-23,LAZ,6883,2682,4201,6063,247,31,417,125,0,0,255,6628,ITI,ITI4,12,Lazio,Lazio,5879082,1136628,19.33,0.12
1672,2021-04-04,LAZ,17321,7986,9335,391,38,10159,11,6665,15,42,12134,5187,ITI,ITI4,12,Lazio,Lazio,5879082,1153949,19.63,0.29
1673,2021-01-12,LAZ,5391,1974,3417,4343,342,122,584,0,0,0,5391,0,ITI,ITI4,12,Lazio,Lazio,5879082,1159340,19.72,0.09
1674,2021-01-16,LAZ,5353,2075,3278,3358,241,220,1064,470,0,0,5353,0,ITI,ITI4,12,Lazio,Lazio,5879082,1164693,19.81,0.09
1675,2020-12-27,LAZ,272,131,141,272,0,0,0,0,0,0,272,0,ITI,ITI4,12,Lazio,Lazio,5879082,1164965,19.82,0.0
1676,2021-02-15,LAZ,7727,3379,4348,2447,362,313,379,4218,8,0,7430,297,ITI,ITI4,12,Lazio,Lazio,5879082,1172692,19.95,0.13
1677,2021-04-03,LAZ,23747,10641,13106,4489,65,11199,111,7646,30,207,17295,6452,ITI,ITI4,12,Lazio,Lazio,5879082,1196439,20.35,0.4
1678,2021-03-10,EMR,18422,7482,10940,1312,218,1032,129,9922,1280,4529,12799,5623,ITH,ITH5,8,Emilia-Romagna,Emilia-Romagna,4459477,18422,0.41,0.41
1679,2021-03-06,EMR,20407,5833,14574,2671,269,718,40,5865,517,10327,17716,2691,ITH,ITH5,8,Emilia-Romagna,Emilia-Romagna,4459477,38829,0.87,0.46
1680,2021-04-04,EMR,8537,4073,4464,185,87,4271,0,3898,39,57,6386,2151,ITH,ITH5,8,Emilia-Romagna,Emilia-Romagna,4459477,47366,1.06,0.19
1681,2021-01-31,EMR,7693,2758,4935,6173,806,453,261,0,0,0,242,7451,ITH,ITH5,8,Emilia-Romagna,Emilia-Romagna,4459477,55059,1.23,0.17
1682,2021-03-17,EMR,13497,5597,7900,354,117,1263,64,11679,1,19,5760,7737,ITH,ITH5,8,Emilia-Romagna,Emilia-Romagna,4459477,68556,1.54,0.3
1683,2021-02-02,EMR,9434,3031,6403,6232,729,762,1630,80,0,1,498,8936,ITH,ITH5,8,Emilia-Romagna,Emilia-Romagna,4459477,77990,1.75,0.21
1684,2021-01-06,EMR,8263,2942,5321,6851,169,592,650,0,1,0,8263,0,ITH,ITH5,8,Emilia-Romagna,Emilia-Romagna,4459477,86253,1.93,0.19
1685,2021-03-14,EMR,8494,3630,4864,701,172,770,69,5494,362,926,4719,3775,ITH,ITH5,8,Emilia-Romagna,Emilia-Romagna,4459477,94747,2.12,0.19
1686,2021-04-03,EMR,17211,7713,9498,315,64,8813,5,7556,47,411,13701,3510,ITH,ITH5,8,Emilia-Romagna,Emilia-Romagna,4459477,111958,2.51,0.39
1687,2021-02-25,EMR,9161,3476,5685,793,134,374,140,7625,0,95,8206,955,ITH,ITH5,8,Emilia-Romagna,Emilia-Romagna,4459477,121119,2.72,0.21
1688,2021-03-16,EMR,12032,4919,7113,409,67,643,97,10686,7,123,4797,7235,ITH,ITH5,8,Emilia-Romagna,Emilia-Romagna,4459477,133151,2.99,0.27
1689,2021-01-22,EMR,1827,477,1350,941,25,139,722,0,0,0,1087,740,ITH,ITH5,8,Emilia-Romagna,Emilia-Romagna,4459477,134978,3.03,0.04
1690,2021-01-26,EMR,8325,3000,5325,6600,228,465,1032,0,0,0,217,8108,ITH,ITH5,8,Emilia-Romagna,Emilia-Romagna,4459477,143303,3.21,0.19
1691,2021-03-07,EMR,6543,2439,4104,1454,321,420,22,2563,514,1249,5026,1517,ITH,ITH5,8,Emilia-Romagna,Emilia-Romagna,4459477,149846,3.36,0.15
1692,2021-03-13,EMR,15866,6212,9654,1244,158,1150,75,8219,1030,3990,10581,5285,ITH,ITH5,8,Emilia-Romagna,Emilia-Romagna,4459477,165712,3.72,0.36
1693,2021-01-23,EMR,2445,869,1576,1901,4,110,430,0,0,0,443,2002,ITH,ITH5,8,Emilia-Romagna,Emilia-Romagna,4459477,168157,3.77,0.05
1694,2021-03-02,EMR,11663,3832,7831,1940,334,455,224,5309,355,3046,9680,1983,ITH,ITH5,8,Emilia-Romagna,Emilia-Romagna,4459477,179820,4.03,0.26
1695,2021-01-17,EMR,2890,887,2003,1914,278,147,547,0,0,4,2644,246,ITH,ITH5,8,Emilia-Romagna,Emilia-Romagna,4459477,182710,4.1,0.06
1696,2020-12-31,EMR,2204,776,1428,1675,31,171,327,0,0,0,2204,0,ITH,ITH5,8,Emilia-Romagna,Emilia-Romagna,4459477,184914,4.15,0.05
1697,2021-03-19,EMR,14322,6111,8211,1115,287,2273,116,9895,300,336,6884,7438,ITH,ITH5,8,Emilia-Romagna,Emilia-Romagna,4459477,199236,4.47,0.32
1698,2021-02-04,EMR,9908,3193,6715,6428,824,864,1674,118,0,0,1240,8668,ITH,ITH5,8,Emilia-Romagna,Emilia-Romagna,4459477,209144,4.69,0.22
1699,2021-03-21,EMR,11433,4957,6476,566,291,3704,106,6089,91,586,6835,4598,ITH,ITH5,8,Emilia-Romagna,Emilia-Romagna,4459477,220577,4.95,0.26
1700,2021-01-13,EMR,9062,2938,6124,6005,435,877,1744,0,0,1,9062,0,ITH,ITH5,8,Emilia-Romagna,Emilia-Romagna,4459477,229639,5.15,0.2
1701,2021-02-06,EMR,7529,2380,5149,5361,480,466,1172,50,0,0,2123,5406,ITH,ITH5,8,Emilia-Romagna,Emilia-Romagna,4459477,237168,5.32,0.17
1702,2021-02-26,EMR,7663,2903,4760,1012,293,338,230,5478,0,312,6626,1037,ITH,ITH5,8,Emilia-Romagna,Emilia-Romagna,4459477,244831,5.49,0.17
1703,2021-02-05,EMR,9293,2959,6334,6211,628,659,1607,187,0,1,1625,7668,ITH,ITH5,8,Emilia-Romagna,Emilia-Romagna,4459477,254124,5.7,0.21
1704,2021-03-23,EMR,18136,7759,10377,1119,283,6058,186,8940,201,1349,11640,6496,ITH,ITH5,8,Emilia-Romagna,Emilia-Romagna,4459477,272260,6.11,0.41
1705,2021-02-07,EMR,4786,1534,3252,3685,384,260,444,10,0,3,1727,3059,ITH,ITH5,8,Emilia-Romagna,Emilia-Romagna,4459477,277046,6.21,0.11
1706,2021-03-28,EMR,11710,5203,6507,269,74,6458,47,4357,182,323,8525,3185,ITH,ITH5,8,Emilia-Romagna,Emilia-Romagna,4459477,288756,6.48,0.26
1707,2021-03-20,EMR,15613,6556,9057,697,255,4148,93,9252,337,831,8701,6912,ITH,ITH5,8,Emilia-Romagna,Emilia-Romagna,4459477,304369,6.83,0.35
1708,2021-04-06,EMR,22359,10036,12323,629,107,10961,63,10175,29,395,17940,4419,ITH,ITH5,8,Emilia-Romagna,Emilia-Romagna,4459477,326728,7.33,0.5
1709,2021-03-05,EMR,17565,5718,11847,3069,620,874,254,6279,531,5938,14168,3397,ITH,ITH5,8,Emilia-Romagna,Emilia-Romagna,4459477,344293,7.72,0.39
1710,2021-01-30,EMR,10038,3508,6530,7562,715,992,769,0,0,0,143,9895,ITH,ITH5,8,Emilia-Romagna,Emilia-Romagna,4459477,354331,7.95,0.23
1711,2021-03-04,EMR,16341,5320,11021,2601,483,717,239,6358,511,5432,13351,2990,ITH,ITH5,8,Emilia-Romagna,Emilia-Romagna,4459477,370672,8.31,0.37
1712,2021-03-22,EMR,16976,7329,9647,1126,318,5138,123,9463,208,600,10137,6839,ITH,ITH5,8,Emilia-Romagna,Emilia-Romagna,4459477,387648,8.69,0.38
1713,2021-04-02,EMR,20960,9525,11435,487,94,11396,69,7951,52,911,16633,4327,ITH,ITH5,8,Emilia-Romagna,Emilia-Romagna,4459477,408608,9.16,0.47
1714,2021-01-24,EMR,2442,884,1558,2079,51,63,249,0,0,0,299,2143,ITH,ITH5,8,Emilia-Romagna,Emilia-Romagna,4459477,411050,9.22,0.05
1715,2021-03-24,EMR,20176,8885,11291,1198,269,6593,118,10173,163,1662,13136,7040,ITH,ITH5,8,Emilia-Romagna,Emilia-Romagna,4459477,431226,9.67,0.45
1716,2021-03-15,EMR,12753,5758,6995,792,180,1109,168,9081,894,529,6331,6422,ITH,ITH5,8,Emilia-Romagna,Emilia-Romagna,4459477,443979,9.96,0.29
1717,2021-03-29,EMR,20576,9250,11326,578,141,10090,47,9046,93,581,16139,4437,ITH,ITH5,8,Emilia-Romagna,Emilia-Romagna,4459477,464555,10.42,0.46
1718,2021-01-11,EMR,9323,3266,6057,6574,641,841,1267,0,0,0,9323,0,ITH,ITH5,8,Emilia-Romagna,Emilia-Romagna,4459477,473878,10.63,0.21
1719,2021-01-25,EMR,6413,2128,4285,5231,124,380,678,0,0,0,221,6192,ITH,ITH5,8,Emilia-Romagna,Emilia-Romagna,4459477,480291,10.77,0.14
1720,2021-02-13,EMR,3603,1077,2526,2779,239,255,144,186,0,0,3005,598,ITH,ITH5,8,Emilia-Romagna,Emilia-Romagna,4459477,483894,10.85,0.08
1721,2021-02-08,EMR,5185,1519,3666,2827,378,315,1478,186,0,1,2290,2895,ITH,ITH5,8,Emilia-Romagna,Emilia-Romagna,4459477,489079,10.97,0.12
1722,2021-01-12,EMR,9315,3086,6229,6351,593,740,1631,0,0,0,9315,0,ITH,ITH5,8,Emilia-Romagna,Emilia-Romagna,4459477,498394,11.18,0.21
1723,2021-01-10,EMR,7126,2663,4463,5643,652,325,499,6,0,1,7126,0,ITH,ITH5,8,Emilia-Romagna,Emilia-Romagna,4459477,505520,11.34,0.16
1724,2021-04-01,EMR,22527,10176,12351,781,95,9675,74,10872,59,971,18131,4396,ITH,ITH5,8,Emilia-Romagna,Emilia-Romagna,4459477,528047,11.84,0.51
1725,2021-01-19,EMR,2033,500,1533,745,84,51,1153,0,0,0,2016,17,ITH,ITH5,8,Emilia-Romagna,Emilia-Romagna,4459477,530080,11.89,0.05
1726,2021-01-18,EMR,3125,879,2246,1681,102,214,1128,0,0,0,2448,677,ITH,ITH5,8,Emilia-Romagna,Emilia-Romagna,4459477,533205,11.96,0.07
1727,2021-02-22,EMR,7464,3080,4384,388,84,134,129,6729,0,0,7200,264,ITH,ITH5,8,Emilia-Romagna,Emilia-Romagna,4459477,540669,12.12,0.17
1728,2021-02-01,EMR,10290,3596,6694,7447,787,797,1259,0,0,0,366,9924,ITH,ITH5,8,Emilia-Romagna,Emilia-Romagna,4459477,550959,12.35,0.23
1729,2021-01-21,EMR,2153,726,1427,1284,97,119,653,0,0,0,809,1344,ITH,ITH5,8,Emilia-Romagna,Emilia-Romagna,4459477,553112,12.4,0.05
1730,2021-03-08,EMR,11510,4565,6945,2298,390,640,295,4275,1275,2337,8887,2623,ITH,ITH5,8,Emilia-Romagna,Emilia-Romagna,4459477,564622,12.66,0.26
1731,2021-01-15,EMR,7699,2393,5306,5297,438,646,1317,0,0,1,7699,0,ITH,ITH5,8,Emilia-Romagna,Emilia-Romagna,4459477,572321,12.83,0.17
1732,2021-03-30,EMR,18036,8005,10031,587,146,8111,105,7975,75,1037,14275,3761,ITH,ITH5,8,Emilia-Romagna,Emilia-Romagna,4459477,590357,13.24,0.4
1733,2021-01-29,EMR,10378,3489,6889,8092,391,840,1055,0,0,0,290,10088,ITH,ITH5,8,Emilia-Romagna,Emilia-Romagna,4459477,600735,13.47,0.23
1734,2021-03-01,EMR,10000,3549,6451,1820,265,332,433,5588,309,1253,7759,2241,ITH,ITH5,8,Emilia-Romagna,Emilia-Romagna,4459477,610735,13.7,0.22
1735,2021-02-12,EMR,5309,1676,3633,3392,458,450,704,305,0,0,3908,1401,ITH,ITH5,8,Emilia-Romagna,Emilia-Romagna,4459477,616044,13.81,0.12
1736,2021-02-19,EMR,7293,3002,4291,819,186,181,257,5850,0,0,6790,503,ITH,ITH5,8,Emilia-Romagna,Emilia-Romagna,4459477,623337,13.98,0.16
1737,2021-04-05,EMR,12338,5631,6707,278,36,4975,4,6800,2,243,9598,2740,ITH,ITH5,8,Emilia-Romagna,Emilia-Romagna,4459477,635675,14.25,0.28
1738,2021-02-14,EMR,1400,378,1022,859,338,145,39,19,0,0,1280,120,ITH,ITH5,8,Emilia-Romagna,Emilia-Romagna,4459477,637075,14.29,0.03
1739,2021-02-28,EMR,6815,2526,4289,1773,223,236,53,4222,4,304,4971,1844,ITH,ITH5,8,Emilia-Romagna,Emilia-Romagna,4459477,643890,14.44,0.15
1740,2021-03-26,EMR,22740,9614,13126,1319,305,9190,192,9034,105,2595,16633,6107,ITH,ITH5,8,Emilia-Romagna,Emilia-Romagna,4459477,666630,14.95,0.51
1741,2021-02-09,EMR,4149,1245,2904,2217,226,241,1198,267,0,0,2304,1845,ITH,ITH5,8,Emilia-Romagna,Emilia-Romagna,4459477,670779,15.04,0.09
1742,2021-02-21,EMR,4406,1693,2713,394,82,187,190,3553,0,0,3969,437,ITH,ITH5,8,Emilia-Romagna,Emilia-Romagna,4459477,675185,15.14,0.1
1743,2021-03-25,EMR,20392,8871,11521,1097,230,7096,130,9529,265,2045,13657,6735,ITH,ITH5,8,Emilia-Romagna,Emilia-Romagna,4459477,695577,15.6,0.46
1744,2021-02-20,EMR,5308,2100,3208,406,92,146,155,4509,0,0,5044,264,ITH,ITH5,8,Emilia-Romagna,Emilia-Romagna,4459477,700885,15.72,0.12
1745,2021-02-15,EMR,2890,845,2045,1981,322,141,157,289,0,0,2764,126,ITH,ITH5,8,Emilia-Romagna,Emilia-Romagna,4459477,703775,15.78,0.06
1746,2021-01-20,EMR,1321,269,1052,391,111,32,787,0,0,0,1320,1,ITH,ITH5,8,Emilia-Romagna,Emilia-Romagna,4459477,705096,15.81,0.03
1747,2021-01-02,EMR,2347,903,1444,2071,1,78,197,0,0,0,2347,0,ITH,ITH5,8,Emilia-Romagna,Emilia-Romagna,4459477,707443,15.86,0.05
1748,2020-12-27,EMR,968,372,596,824,1,117,26,0,0,0,968,0,ITH,ITH5,8,Emilia-Romagna,Emilia-Romagna,4459477,708411,15.89,0.02
1749,2021-02-03,EMR,9270,2973,6297,6228,701,639,1617,85,0,0,953,8317,ITH,ITH5,8,Emilia-Romagna,Emilia-Romagna,4459477,717681,16.09,0.21
1750,2021-01-03,EMR,2729,934,1795,2479,12,68,170,0,0,0,2729,0,ITH,ITH5,8,Emilia-Romagna,Emilia-Romagna,4459477,720410,16.15,0.06
1751,2021-01-16,EMR,5591,1717,3874,3686,347,446,1108,0,3,1,5591,0,ITH,ITH5,8,Emilia-Romagna,Emilia-Romagna,4459477,726001,16.28,0.13
1752,2021-01-04,EMR,7258,2510,4748,6165,123,393,577,0,0,0,7258,0,ITH,ITH5,8,Emilia-Romagna,Emilia-Romagna,4459477,733259,16.44,0.16
1753,2021-03-12,EMR,17824,7375,10449,1578,362,1476,293,9833,1258,3024,11144,6680,ITH,ITH5,8,Emilia-Romagna,Emilia-Romagna,4459477,751083,16.84,0.4
1754,2021-02-17,EMR,6530,2760,3770,803,205,1072,404,4046,0,0,5757,773,ITH,ITH5,8,Emilia-Romagna,Emilia-Romagna,4459477,757613,16.99,0.15
1755,2021-02-16,EMR,5728,2427,3301,741,240,667,437,3641,2,0,5198,530,ITH,ITH5,8,Emilia-Romagna,Emilia-Romagna,4459477,763341,17.12,0.13
1756,2021-02-18,EMR,7045,2892,4153,893,135,396,236,5385,0,0,6462,583,ITH,ITH5,8,Emilia-Romagna,Emilia-Romagna,4459477,770386,17.28,0.16
1757,2021-03-31,EMR,23878,10432,13446,906,146,9346,55,12066,74,1285,18546,5332,ITH,ITH5,8,Emilia-Romagna,Emilia-Romagna,4459477,794264,17.81,0.54
1758,2021-01-08,EMR,10808,3556,7252,8454,423,851,1080,0,0,0,10808,0,ITH,ITH5,8,Emilia-Romagna,Emilia-Romagna,4459477,805072,18.05,0.24
1759,2021-02-24,EMR,9271,3542,5729,639,87,495,220,7767,0,63,8412,859,ITH,ITH5,8,Emilia-Romagna,Emilia-Romagna,4459477,814343,18.26,0.21
1760,2021-02-27,EMR,10946,3989,6957,1721,178,321,114,7672,0,940,9213,1733,ITH,ITH5,8,Emilia-Romagna,Emilia-Romagna,4459477,825289,18.51,0.25
1761,2021-01-09,EMR,9874,3425,6449,7824,555,614,881,0,0,0,9874,0,ITH,ITH5,8,Emilia-Romagna,Emilia-Romagna,4459477,835163,18.73,0.22
1762,2021-03-18,EMR,13442,5697,7745,452,120,2070,67,10684,1,48,5618,7824,ITH,ITH5,8,Emilia-Romagna,Emilia-Romagna,4459477,848605,19.03,0.3
1763,2021-01-07,EMR,10208,3381,6827,8181,287,672,1068,0,0,0,10208,0,ITH,ITH5,8,Emilia-Romagna,Emilia-Romagna,4459477,858813,19.26,0.23
1764,2021-02-23,EMR,8195,3214,4981,408,79,238,113,7356,0,1,7809,386,ITH,ITH5,8,Emilia-Romagna,Emilia-Romagna,4459477,867008,19.44,0.18
1765,2021-04-07,EMR,6837,2992,3845,176,21,2007,2,4543,3,85,4426,2411,ITH,ITH5,8,Emilia-Romagna,Emilia-Romagna,4459477,873845,19.6,0.15
1766,2021-01-14,EMR,8089,2573,5516,5394,497,592,1605,0,1,0,8089,0,ITH,ITH5,8,Emilia-Romagna,Emilia-Romagna,4459477,881934,19.78,0.18
1767,2021-02-11,EMR,4244,1414,2830,2528,350,300,719,345,0,2,3406,838,ITH,ITH5,8,Emilia-Romagna,Emilia-Romagna,4459477,886178,19.87,0.1
1768,2021-03-27,EMR,21178,8892,12286,747,233,8415,41,9260,149,2333,14428,6750,ITH,ITH5,8,Emilia-Romagna,Emilia-Romagna,4459477,907356,20.35,0.47
1769,2021-03-09,EMR,14359,5784,8575,1023,240,705,180,7570,1078,3563,10419,3940,ITH,ITH5,8,Emilia-Romagna,Emilia-Romagna,4459477,921715,20.67,0.32
1770,2021-02-10,EMR,3929,1351,2578,2330,215,359,769,256,0,0,2735,1194,ITH,ITH5,8,Emilia-Romagna,Emilia-Romagna,4459477,925644,20.76,0.09
1771,2021-01-27,EMR,8317,2936,5381,6888,224,551,653,0,1,0,464,7853,ITH,ITH5,8,Emilia-Romagna,Emilia-Romagna,4459477,933961,20.94,0.19
1772,2021-01-05,EMR,9324,3163,6161,7924,280,355,765,0,0,0,9324,0,ITH,ITH5,8,Emilia-Romagna,Emilia-Romagna,4459477,943285,21.15,0.21
1773,2021-03-11,EMR,16998,6970,10028,1132,294,1457,276,8806,1220,3813,11174,5824,ITH,ITH5,8,Emilia-Romagna,Emilia-Romagna,4459477,960283,21.53,0.38
1774,2021-01-28,EMR,10221,3332,6889,8071,288,742,1120,0,0,0,349,9872,ITH,ITH5,8,Emilia-Romagna,Emilia-Romagna,4459477,970504,21.76,0.23
1775,2021-03-03,EMR,15696,5192,10504,2529,346,740,141,6799,340,4801,13253,2443,ITH,ITH5,8,Emilia-Romagna,Emilia-Romagna,4459477,986200,22.11,0.35
1776,2021-01-27,PAT,802,277,525,463,33,1,304,1,0,0,91,711,ITH,ITH2,4,Provincia Autonoma Trento,P.A. Trento,541380,802,0.15,0.15
1777,2021-01-29,PAT,1352,331,1021,724,74,12,542,0,0,0,55,1297,ITH,ITH2,4,Provincia Autonoma Trento,P.A. Trento,541380,2154,0.4,0.25
1778,2021-03-18,PAT,2258,935,1323,60,0,569,2,1622,2,3,1176,1082,ITH,ITH2,4,Provincia Autonoma Trento,P.A. Trento,541380,4412,0.81,0.42
1779,2021-03-10,PAT,2396,925,1471,353,36,25,25,1421,221,315,1453,943,ITH,ITH2,4,Provincia Autonoma Trento,P.A. Trento,541380,6808,1.26,0.44
1780,2021-03-27,PAT,1580,693,887,268,188,838,0,58,72,156,1328,252,ITH,ITH2,4,Provincia Autonoma Trento,P.A. Trento,541380,8388,1.55,0.29
1781,2021-02-13,PAT,536,333,203,373,4,1,0,158,0,0,171,365,ITH,ITH2,4,Provincia Autonoma Trento,P.A. Trento,541380,8924,1.65,0.1
1782,2021-02-12,PAT,1010,340,670,335,54,14,55,552,0,0,589,421,ITH,ITH2,4,Provincia Autonoma Trento,P.A. Trento,541380,9934,1.83,0.19
1783,2021-03-20,PAT,867,399,468,151,97,473,0,77,0,69,664,203,ITH,ITH2,4,Provincia Autonoma Trento,P.A. Trento,541380,10801,2.0,0.16
1784,2021-03-29,PAT,2413,945,1468,93,26,1238,5,956,4,91,1669,744,ITH,ITH2,4,Provincia Autonoma Trento,P.A. Trento,541380,13214,2.44,0.45
1785,2021-01-09,PAT,190,40,150,145,13,1,31,0,0,0,190,0,ITH,ITH2,4,Provincia Autonoma Trento,P.A. Trento,541380,13404,2.48,0.04
1786,2021-01-22,PAT,1666,433,1233,903,121,9,630,0,0,3,329,1337,ITH,ITH2,4,Provincia Autonoma Trento,P.A. Trento,541380,15070,2.78,0.31
1787,2021-02-16,PAT,663,244,419,73,2,12,3,563,0,10,658,5,ITH,ITH2,4,Provincia Autonoma Trento,P.A. Trento,541380,15733,2.91,0.12
1788,2021-01-23,PAT,577,334,243,487,2,0,88,0,0,0,388,189,ITH,ITH2,4,Provincia Autonoma Trento,P.A. Trento,541380,16310,3.01,0.11
1789,2021-03-17,PAT,2058,791,1267,398,15,329,55,1255,1,5,1170,888,ITH,ITH2,4,Provincia Autonoma Trento,P.A. Trento,541380,18368,3.39,0.38
1790,2021-03-02,PAT,1300,439,861,137,16,24,53,924,1,145,912,388,ITH,ITH2,4,Provincia Autonoma Trento,P.A. Trento,541380,19668,3.63,0.24
1791,2021-02-19,PAT,926,357,569,170,37,16,93,581,1,28,868,58,ITH,ITH2,4,Provincia Autonoma Trento,P.A. Trento,541380,20594,3.8,0.17
1792,2021-01-19,PAT,405,77,328,365,3,1,36,0,0,0,405,0,ITH,ITH2,4,Provincia Autonoma Trento,P.A. Trento,541380,20999,3.88,0.07
1793,2021-01-30,PAT,386,132,254,346,7,0,32,0,0,1,152,234,ITH,ITH2,4,Provincia Autonoma Trento,P.A. Trento,541380,21385,3.95,0.07
1794,2021-03-05,PAT,2225,700,1525,126,67,49,102,953,158,770,1625,600,ITH,ITH2,4,Provincia Autonoma Trento,P.A. Trento,541380,23610,4.36,0.41
1795,2021-03-15,PAT,1399,540,859,64,121,349,26,617,54,168,935,464,ITH,ITH2,4,Provincia Autonoma Trento,P.A. Trento,541380,25009,4.62,0.26
1796,2021-01-14,PAT,698,203,495,479,6,5,208,0,0,0,698,0,ITH,ITH2,4,Provincia Autonoma Trento,P.A. Trento,541380,25707,4.75,0.13
1797,2021-02-24,PAT,1318,523,795,236,5,7,29,974,1,66,922,396,ITH,ITH2,4,Provincia Autonoma Trento,P.A. Trento,541380,27025,4.99,0.24
1798,2021-03-08,PAT,1397,433,964,65,15,23,0,1010,7,277,1038,359,ITH,ITH2,4,Provincia Autonoma Trento,P.A. Trento,541380,28422,5.25,0.26
1799,2021-01-08,PAT,1449,313,1136,768,128,24,529,0,0,0,1449,0,ITH,ITH2,4,Provincia Autonoma Trento,P.A. Trento,541380,29871,5.52,0.27
1800,2021-03-01,PAT,1236,453,783,74,1,17,10,1036,3,95,938,298,ITH,ITH2,4,Provincia Autonoma Trento,P.A. Trento,541380,31107,5.75,0.23
1801,2021-02-09,PAT,914,287,627,447,8,5,73,381,0,0,441,473,ITH,ITH2,4,Provincia Autonoma Trento,P.A. Trento,541380,32021,5.91,0.17
1802,2021-03-06,PAT,772,276,496,361,10,6,0,195,5,195,620,152,ITH,ITH2,4,Provincia Autonoma Trento,P.A. Trento,541380,32793,6.06,0.14
1803,2020-12-31,PAT,1624,449,1175,841,105,4,674,0,0,0,1624,0,ITH,ITH2,4,Provincia Autonoma Trento,P.A. Trento,541380,34417,6.36,0.3
1804,2021-01-18,PAT,641,154,487,528,35,5,73,0,0,0,587,54,ITH,ITH2,4,Provincia Autonoma Trento,P.A. Trento,541380,35058,6.48,0.12
1805,2021-02-15,PAT,533,187,346,145,21,8,27,321,0,11,419,114,ITH,ITH2,4,Provincia Autonoma Trento,P.A. Trento,541380,35591,6.57,0.1
1806,2021-01-06,PAT,42,13,29,42,0,0,0,0,0,0,42,0,ITH,ITH2,4,Provincia Autonoma Trento,P.A. Trento,541380,35633,6.58,0.01
1807,2021-01-21,PAT,351,94,257,320,13,2,16,0,0,0,228,123,ITH,ITH2,4,Provincia Autonoma Trento,P.A. Trento,541380,35984,6.65,0.06
1808,2021-03-04,PAT,2351,790,1561,161,24,55,23,1723,19,346,1504,847,ITH,ITH2,4,Provincia Autonoma Trento,P.A. Trento,541380,38335,7.08,0.43
1809,2021-01-24,PAT,547,276,271,535,12,0,0,0,0,0,224,323,ITH,ITH2,4,Provincia Autonoma Trento,P.A. Trento,541380,38882,7.18,0.1
1810,2021-03-21,PAT,129,69,60,34,1,76,0,0,0,18,128,1,ITH,ITH2,4,Provincia Autonoma Trento,P.A. Trento,541380,39011,7.21,0.02
1811,2021-01-05,PAT,709,232,477,495,46,6,162,0,0,0,709,0,ITH,ITH2,4,Provincia Autonoma Trento,P.A. Trento,541380,39720,7.34,0.13
1812,2021-03-26,PAT,3053,1179,1874,133,169,1234,106,851,9,551,2486,567,ITH,ITH2,4,Provincia Autonoma Trento,P.A. Trento,541380,42773,7.9,0.56
1813,2021-02-26,PAT,1217,435,782,249,12,11,19,820,1,105,898,319,ITH,ITH2,4,Provincia Autonoma Trento,P.A. Trento,541380,43990,8.13,0.22
1814,2021-04-07,PAT,1741,706,1035,138,3,457,0,1102,7,34,1037,704,ITH,ITH2,4,Provincia Autonoma Trento,P.A. Trento,541380,45731,8.45,0.32
1815,2021-04-05,PAT,33,16,17,0,0,32,0,0,0,1,33,0,ITH,ITH2,4,Provincia Autonoma Trento,P.A. Trento,541380,45764,8.45,0.01
1816,2021-02-23,PAT,1108,395,713,272,13,2,17,751,3,50,897,211,ITH,ITH2,4,Provincia Autonoma Trento,P.A. Trento,541380,46872,8.66,0.2
1817,2021-02-06,PAT,573,297,276,178,0,7,0,388,0,0,433,140,ITH,ITH2,4,Provincia Autonoma Trento,P.A. Trento,541380,47445,8.76,0.11
1818,2021-03-13,PAT,831,382,449,201,15,0,30,44,282,259,781,50,ITH,ITH2,4,Provincia Autonoma Trento,P.A. Trento,541380,48276,8.92,0.15
1819,2020-12-27,PAT,103,40,63,76,4,2,21,0,0,0,103,0,ITH,ITH2,4,Provincia Autonoma Trento,P.A. Trento,541380,48379,8.94,0.02
1820,2021-01-15,PAT,594,131,463,462,18,3,111,0,0,0,594,0,ITH,ITH2,4,Provincia Autonoma Trento,P.A. Trento,541380,48973,9.05,0.11
1821,2021-02-21,PAT,155,92,63,154,0,0,0,0,0,1,43,112,ITH,ITH2,4,Provincia Autonoma Trento,P.A. Trento,541380,49128,9.07,0.03
1822,2021-01-20,PAT,290,72,218,231,10,1,48,0,0,0,278,12,ITH,ITH2,4,Provincia Autonoma Trento,P.A. Trento,541380,49418,9.13,0.05
1823,2021-01-02,PAT,502,143,359,336,21,4,141,0,0,0,502,0,ITH,ITH2,4,Provincia Autonoma Trento,P.A. Trento,541380,49920,9.22,0.09
1824,2021-04-01,PAT,2801,1191,1610,186,52,931,6,1498,3,125,1776,1025,ITH,ITH2,4,Provincia Autonoma Trento,P.A. Trento,541380,52721,9.74,0.52
1825,2021-03-11,PAT,2279,845,1434,103,50,77,41,1558,59,391,1427,852,ITH,ITH2,4,Provincia Autonoma Trento,P.A. Trento,541380,55000,10.16,0.42
1826,2021-03-03,PAT,1653,621,1032,74,11,20,59,1267,19,203,1098,555,ITH,ITH2,4,Provincia Autonoma Trento,P.A. Trento,541380,56653,10.46,0.31
1827,2021-01-13,PAT,421,123,298,392,6,0,23,0,0,0,421,0,ITH,ITH2,4,Provincia Autonoma Trento,P.A. Trento,541380,57074,10.54,0.08
1828,2021-03-07,PAT,22,6,16,0,0,0,0,0,0,22,22,0,ITH,ITH2,4,Provincia Autonoma Trento,P.A. Trento,541380,57096,10.55,0.0
1829,2021-01-10,PAT,84,19,65,53,18,1,12,0,0,0,84,0,ITH,ITH2,4,Provincia Autonoma Trento,P.A. Trento,541380,57180,10.56,0.02
1830,2021-03-14,PAT,107,65,42,102,0,0,0,0,0,5,20,87,ITH,ITH2,4,Provincia Autonoma Trento,P.A. Trento,541380,57287,10.58,0.02
1831,2021-01-31,PAT,75,15,60,55,13,1,6,0,0,0,1,74,ITH,ITH2,4,Provincia Autonoma Trento,P.A. Trento,541380,57362,10.6,0.01
1832,2021-02-10,PAT,850,290,560,310,7,2,51,480,0,0,509,341,ITH,ITH2,4,Provincia Autonoma Trento,P.A. Trento,541380,58212,10.75,0.16
1833,2021-02-27,PAT,1024,455,569,459,5,9,0,434,4,113,602,422,ITH,ITH2,4,Provincia Autonoma Trento,P.A. Trento,541380,59236,10.94,0.19
1834,2021-02-20,PAT,406,245,161,330,10,1,30,1,3,31,122,284,ITH,ITH2,4,Provincia Autonoma Trento,P.A. Trento,541380,59642,11.02,0.07
1835,2021-02-01,PAT,1220,335,885,767,70,8,375,0,0,0,92,1128,ITH,ITH2,4,Provincia Autonoma Trento,P.A. Trento,541380,60862,11.24,0.23
1836,2021-03-12,PAT,2457,921,1536,207,251,50,106,1088,203,552,1657,800,ITH,ITH2,4,Provincia Autonoma Trento,P.A. Trento,541380,63319,11.7,0.45
1837,2021-01-07,PAT,1270,310,960,649,46,18,557,0,0,0,1270,0,ITH,ITH2,4,Provincia Autonoma Trento,P.A. Trento,541380,64589,11.93,0.23
1838,2021-01-25,PAT,817,215,602,524,27,3,263,0,0,0,23,794,ITH,ITH2,4,Provincia Autonoma Trento,P.A. Trento,541380,65406,12.08,0.15
1839,2021-02-08,PAT,1150,318,832,550,53,6,237,303,0,1,342,808,ITH,ITH2,4,Provincia Autonoma Trento,P.A. Trento,541380,66556,12.29,0.21
1840,2021-02-02,PAT,907,240,667,507,33,14,189,164,0,0,190,717,ITH,ITH2,4,Provincia Autonoma Trento,P.A. Trento,541380,67463,12.46,0.17
1841,2021-01-11,PAT,728,221,507,518,49,9,152,0,0,0,728,0,ITH,ITH2,4,Provincia Autonoma Trento,P.A. Trento,541380,68191,12.6,0.13
1842,2020-12-30,PAT,7,3,4,4,1,0,2,0,0,0,7,0,ITH,ITH2,4,Provincia Autonoma Trento,P.A. Trento,541380,68198,12.6,0.0
1843,2021-03-30,PAT,2358,963,1395,71,57,994,52,1000,9,175,1738,620,ITH,ITH2,4,Provincia Autonoma Trento,P.A. Trento,541380,70556,13.03,0.44
1844,2021-03-31,PAT,2507,970,1537,138,34,669,5,1428,6,227,1669,838,ITH,ITH2,4,Provincia Autonoma Trento,P.A. Trento,541380,73063,13.5,0.46
1845,2021-02-04,PAT,972,304,668,542,10,7,89,324,0,0,420,552,ITH,ITH2,4,Provincia Autonoma Trento,P.A. Trento,541380,74035,13.68,0.18
1846,2021-02-05,PAT,802,271,531,467,19,3,66,247,0,0,283,519,ITH,ITH2,4,Provincia Autonoma Trento,P.A. Trento,541380,74837,13.82,0.15
1847,2021-03-22,PAT,2264,961,1303,81,133,969,8,954,18,101,1394,870,ITH,ITH2,4,Provincia Autonoma Trento,P.A. Trento,541380,77101,14.24,0.42
1848,2021-02-17,PAT,1110,425,685,325,9,18,35,708,3,12,1019,91,ITH,ITH2,4,Provincia Autonoma Trento,P.A. Trento,541380,78211,14.45,0.21
1849,2021-03-23,PAT,2368,901,1467,145,96,905,71,987,5,159,1636,732,ITH,ITH2,4,Provincia Autonoma Trento,P.A. Trento,541380,80579,14.88,0.44
1850,2021-03-24,PAT,2273,893,1380,204,78,322,42,1389,15,223,1487,786,ITH,ITH2,4,Provincia Autonoma Trento,P.A. Trento,541380,82852,15.3,0.42
1851,2021-04-02,PAT,2714,1122,1592,148,65,1530,44,622,15,290,2075,639,ITH,ITH2,4,Provincia Autonoma Trento,P.A. Trento,541380,85566,15.81,0.5
1852,2021-01-12,PAT,504,158,346,414,25,4,61,0,0,0,504,0,ITH,ITH2,4,Provincia Autonoma Trento,P.A. Trento,541380,86070,15.9,0.09
1853,2021-01-01,PAT,213,50,163,114,11,0,88,0,0,0,213,0,ITH,ITH2,4,Provincia Autonoma Trento,P.A. Trento,541380,86283,15.94,0.04
1854,2021-02-11,PAT,1131,365,766,331,3,13,48,736,0,0,796,335,ITH,ITH2,4,Provincia Autonoma Trento,P.A. Trento,541380,87414,16.15,0.21
1855,2021-03-09,PAT,1566,584,982,97,42,15,29,1091,92,200,923,643,ITH,ITH2,4,Provincia Autonoma Trento,P.A. Trento,541380,88980,16.44,0.29
1856,2021-01-16,PAT,318,147,171,303,0,1,14,0,0,0,318,0,ITH,ITH2,4,Provincia Autonoma Trento,P.A. Trento,541380,89298,16.49,0.06
1857,2021-02-18,PAT,1205,426,779,300,25,5,35,782,3,55,1143,62,ITH,ITH2,4,Provincia Autonoma Trento,P.A. Trento,541380,90503,16.72,0.22
1858,2021-02-28,PAT,242,121,121,231,0,0,0,0,0,11,242,0,ITH,ITH2,4,Provincia Autonoma Trento,P.A. Trento,541380,90745,16.76,0.04
1859,2021-04-06,PAT,2165,922,1243,39,5,1023,9,978,17,94,1474,691,ITH,ITH2,4,Provincia Autonoma Trento,P.A. Trento,541380,92910,17.16,0.4
1860,2021-03-28,PAT,754,293,461,18,386,270,0,8,70,2,743,11,ITH,ITH2,4,Provincia Autonoma Trento,P.A. Trento,541380,93664,17.3,0.14
1861,2021-04-03,PAT,1119,466,653,141,250,585,0,47,66,30,954,165,ITH,ITH2,4,Provincia Autonoma Trento,P.A. Trento,541380,94783,17.51,0.21
1862,2021-02-22,PAT,745,259,486,118,4,7,70,501,0,45,660,85,ITH,ITH2,4,Provincia Autonoma Trento,P.A. Trento,541380,95528,17.65,0.14
1863,2021-01-28,PAT,530,147,383,390,29,4,107,0,0,0,48,482,ITH,ITH2,4,Provincia Autonoma Trento,P.A. Trento,541380,96058,17.74,0.1
1864,2021-03-16,PAT,1390,505,885,221,7,69,36,1053,0,4,596,794,ITH,ITH2,4,Provincia Autonoma Trento,P.A. Trento,541380,97448,18.0,0.26
1865,2021-01-04,PAT,870,227,643,485,41,8,335,1,0,0,870,0,ITH,ITH2,4,Provincia Autonoma Trento,P.A. Trento,541380,98318,18.16,0.16
1866,2021-02-25,PAT,1639,642,997,120,9,8,32,1376,1,93,1182,457,ITH,ITH2,4,Provincia Autonoma Trento,P.A. Trento,541380,99957,18.46,0.3
1867,2021-01-26,PAT,542,154,388,441,16,1,84,0,0,0,26,516,ITH,ITH2,4,Provincia Autonoma Trento,P.A. Trento,541380,100499,18.56,0.1
1868,2021-03-25,PAT,2740,1045,1695,175,135,814,28,1225,6,357,1754,986,ITH,ITH2,4,Provincia Autonoma Trento,P.A. Trento,541380,103239,19.07,0.51
1869,2021-02-03,PAT,846,314,532,355,13,12,73,393,0,0,414,432,ITH,ITH2,4,Provincia Autonoma Trento,P.A. Trento,541380,104085,19.23,0.16
1870,2021-01-03,PAT,492,160,332,418,9,3,62,0,0,0,492,0,ITH,ITH2,4,Provincia Autonoma Trento,P.A. Trento,541380,104577,19.32,0.09
1871,2021-02-14,PAT,246,186,60,246,0,0,0,0,0,0,11,235,ITH,ITH2,4,Provincia Autonoma Trento,P.A. Trento,541380,104823,19.36,0.05
1872,2021-01-17,PAT,251,195,56,251,0,0,0,0,0,0,251,0,ITH,ITH2,4,Provincia Autonoma Trento,P.A. Trento,541380,105074,19.41,0.05
1873,2021-03-19,PAT,2385,904,1481,314,71,854,52,1026,2,66,1553,832,ITH,ITH2,4,Provincia Autonoma Trento,P.A. Trento,541380,107459,19.85,0.44
1874,2021-04-03,PAB,830,364,466,9,6,13,0,799,3,0,21,809,ITH,ITH1,4,Provincia Autonoma Bolzano / Bozen,P.A. Bolzano,533050,830,0.16,0.16
1875,2021-03-01,PAB,910,217,693,11,2,157,5,0,0,735,910,0,ITH,ITH1,4,Provincia Autonoma Bolzano / Bozen,P.A. Bolzano,533050,1740,0.33,0.17
1876,2021-02-16,PAB,529,205,324,10,1,6,0,512,0,0,529,0,ITH,ITH1,4,Provincia Autonoma Bolzano / Bozen,P.A. Bolzano,533050,2269,0.43,0.1
1877,2021-01-06,PAB,59,18,41,59,0,0,0,0,0,0,59,0,ITH,ITH1,4,Provincia Autonoma Bolzano / Bozen,P.A. Bolzano,533050,2328,0.44,0.01
1878,2021-01-02,PAB,91,48,43,69,1,21,0,0,0,0,91,0,ITH,ITH1,4,Provincia Autonoma Bolzano / Bozen,P.A. Bolzano,533050,2419,0.45,0.02
1879,2020-12-30,PAB,387,181,206,342,41,4,0,0,0,0,387,0,ITH,ITH1,4,Provincia Autonoma Bolzano / Bozen,P.A. Bolzano,533050,2806,0.53,0.07
1880,2021-01-11,PAB,1564,512,1052,582,282,371,175,154,0,0,1564,0,ITH,ITH1,4,Provincia Autonoma Bolzano / Bozen,P.A. Bolzano,533050,4370,0.82,0.29
1881,2021-02-08,PAB,2,1,1,0,0,1,0,1,0,0,1,1,ITH,ITH1,4,Provincia Autonoma Bolzano / Bozen,P.A. Bolzano,533050,4372,0.82,0.0
1882,2021-02-02,PAB,1739,505,1234,624,370,131,605,9,0,0,8,1731,ITH,ITH1,4,Provincia Autonoma Bolzano / Bozen,P.A. Bolzano,533050,6111,1.15,0.33
1883,2021-01-14,PAB,1905,567,1338,520,430,360,290,305,0,0,1905,0,ITH,ITH1,4,Provincia Autonoma Bolzano / Bozen,P.A. Bolzano,533050,8016,1.5,0.36
1884,2021-03-10,PAB,1176,448,728,655,8,182,0,134,80,117,1033,143,ITH,ITH1,4,Provincia Autonoma Bolzano / Bozen,P.A. Bolzano,533050,9192,1.72,0.22
1885,2021-01-04,PAB,508,201,307,420,49,35,4,0,0,0,508,0,ITH,ITH1,4,Provincia Autonoma Bolzano / Bozen,P.A. Bolzano,533050,9700,1.82,0.1
1886,2021-02-20,PAB,1502,471,1031,196,53,30,24,469,1,729,1484,18,ITH,ITH1,4,Provincia Autonoma Bolzano / Bozen,P.A. Bolzano,533050,11202,2.1,0.28
1887,2021-01-07,PAB,916,327,589,618,106,133,0,59,0,0,916,0,ITH,ITH1,4,Provincia Autonoma Bolzano / Bozen,P.A. Bolzano,533050,12118,2.27,0.17
1888,2021-03-05,PAB,1801,612,1189,337,95,292,59,770,9,239,1359,442,ITH,ITH1,4,Provincia Autonoma Bolzano / Bozen,P.A. Bolzano,533050,13919,2.61,0.34
1889,2021-03-21,PAB,768,285,483,165,17,16,1,566,0,3,14,754,ITH,ITH1,4,Provincia Autonoma Bolzano / Bozen,P.A. Bolzano,533050,14687,2.76,0.14
1890,2021-01-13,PAB,1691,557,1134,446,309,501,270,165,0,0,1691,0,ITH,ITH1,4,Provincia Autonoma Bolzano / Bozen,P.A. Bolzano,533050,16378,3.07,0.32
1891,2021-03-11,PAB,1682,823,859,89,97,482,73,367,239,335,1143,539,ITH,ITH1,4,Provincia Autonoma Bolzano / Bozen,P.A. Bolzano,533050,18060,3.39,0.32
1892,2021-02-01,PAB,1404,413,991,728,312,66,296,0,1,1,12,1392,ITH,ITH1,4,Provincia Autonoma Bolzano / Bozen,P.A. Bolzano,533050,19464,3.65,0.26
1893,2021-04-05,PAB,301,144,157,5,3,218,0,70,4,1,23,278,ITH,ITH1,4,Provincia Autonoma Bolzano / Bozen,P.A. Bolzano,533050,19765,3.71,0.06
1894,2021-02-03,PAB,1473,462,1011,641,337,106,321,68,0,0,5,1468,ITH,ITH1,4,Provincia Autonoma Bolzano / Bozen,P.A. Bolzano,533050,21238,3.98,0.28
1895,2021-03-27,PAB,3045,1550,1495,322,32,1206,0,1436,3,46,1542,1503,ITH,ITH1,4,Provincia Autonoma Bolzano / Bozen,P.A. Bolzano,533050,24283,4.56,0.57
1896,2021-03-30,PAB,1298,532,766,51,4,133,153,920,10,27,218,1080,ITH,ITH1,4,Provincia Autonoma Bolzano / Bozen,P.A. Bolzano,533050,25581,4.8,0.24
1897,2021-01-15,PAB,3276,1226,2050,607,307,740,342,1280,0,0,3276,0,ITH,ITH1,4,Provincia Autonoma Bolzano / Bozen,P.A. Bolzano,533050,28857,5.41,0.61
1898,2021-01-09,PAB,612,326,286,76,28,422,74,12,0,0,612,0,ITH,ITH1,4,Provincia Autonoma Bolzano / Bozen,P.A. Bolzano,533050,29469,5.53,0.11
1899,2021-03-29,PAB,987,423,564,10,2,228,0,709,25,13,229,758,ITH,ITH1,4,Provincia Autonoma Bolzano / Bozen,P.A. Bolzano,533050,30456,5.71,0.19
1900,2021-03-19,PAB,1901,771,1130,159,52,562,15,1099,0,14,795,1106,ITH,ITH1,4,Provincia Autonoma Bolzano / Bozen,P.A. Bolzano,533050,32357,6.07,0.36
1901,2021-03-15,PAB,847,295,552,293,94,385,13,56,2,4,365,482,ITH,ITH1,4,Provincia Autonoma Bolzano / Bozen,P.A. Bolzano,533050,33204,6.23,0.16
1902,2021-02-05,PAB,3192,1179,2013,760,504,399,441,1088,0,0,8,3184,ITH,ITH1,4,Provincia Autonoma Bolzano / Bozen,P.A. Bolzano,533050,36396,6.83,0.6
1903,2021-02-06,PAB,2626,1171,1455,452,43,580,6,1544,0,1,18,2608,ITH,ITH1,4,Provincia Autonoma Bolzano / Bozen,P.A. Bolzano,533050,39022,7.32,0.49
1904,2021-02-26,PAB,1393,496,897,62,32,112,2,852,0,333,1363,30,ITH,ITH1,4,Provincia Autonoma Bolzano / Bozen,P.A. Bolzano,533050,40415,7.58,0.26
1905,2021-03-06,PAB,3965,2078,1887,479,161,712,7,1968,257,381,3753,212,ITH,ITH1,4,Provincia Autonoma Bolzano / Bozen,P.A. Bolzano,533050,44380,8.33,0.74
1906,2021-01-22,PAB,243,139,104,131,8,15,85,3,0,1,124,119,ITH,ITH1,4,Provincia Autonoma Bolzano / Bozen,P.A. Bolzano,533050,44623,8.37,0.05
1907,2021-03-13,PAB,2885,1459,1426,168,53,1263,1,1291,89,20,2784,101,ITH,ITH1,4,Provincia Autonoma Bolzano / Bozen,P.A. Bolzano,533050,47508,8.91,0.54
1908,2021-01-18,PAB,1769,686,1083,388,102,253,7,1019,0,0,1764,5,ITH,ITH1,4,Provincia Autonoma Bolzano / Bozen,P.A. Bolzano,533050,49277,9.24,0.33
1909,2021-03-07,PAB,114,13,101,59,28,23,0,3,0,1,9,105,ITH,ITH1,4,Provincia Autonoma Bolzano / Bozen,P.A. Bolzano,533050,49391,9.27,0.02
1910,2021-04-02,PAB,2076,837,1239,191,64,825,60,919,0,17,720,1356,ITH,ITH1,4,Provincia Autonoma Bolzano / Bozen,P.A. Bolzano,533050,51467,9.66,0.39
1911,2021-03-20,PAB,1754,847,907,115,47,619,9,958,5,1,1129,625,ITH,ITH1,4,Provincia Autonoma Bolzano / Bozen,P.A. Bolzano,533050,53221,9.98,0.33
1912,2021-02-12,PAB,730,217,513,322,69,224,106,7,2,0,482,248,ITH,ITH1,4,Provincia Autonoma Bolzano / Bozen,P.A. Bolzano,533050,53951,10.12,0.14
1913,2021-02-22,PAB,526,143,383,342,66,103,0,5,0,10,514,12,ITH,ITH1,4,Provincia Autonoma Bolzano / Bozen,P.A. Bolzano,533050,54477,10.22,0.1
1914,2021-03-04,PAB,1703,998,705,301,79,527,39,40,455,262,1474,229,ITH,ITH1,4,Provincia Autonoma Bolzano / Bozen,P.A. Bolzano,533050,56180,10.54,0.32
1915,2021-02-13,PAB,318,79,239,126,57,127,7,1,0,0,312,6,ITH,ITH1,4,Provincia Autonoma Bolzano / Bozen,P.A. Bolzano,533050,56498,10.6,0.06
1916,2021-02-24,PAB,1365,405,960,10,3,0,0,0,8,1344,1353,12,ITH,ITH1,4,Provincia Autonoma Bolzano / Bozen,P.A. Bolzano,533050,57863,10.86,0.26
1917,2021-03-09,PAB,1194,543,651,29,6,96,22,922,72,47,1192,2,ITH,ITH1,4,Provincia Autonoma Bolzano / Bozen,P.A. Bolzano,533050,59057,11.08,0.22
1918,2021-01-19,PAB,817,351,466,174,19,45,0,579,0,0,687,130,ITH,ITH1,4,Provincia Autonoma Bolzano / Bozen,P.A. Bolzano,533050,59874,11.23,0.15
1919,2021-01-23,PAB,197,117,80,191,0,6,0,0,0,0,0,197,ITH,ITH1,4,Provincia Autonoma Bolzano / Bozen,P.A. Bolzano,533050,60071,11.27,0.04
1920,2021-02-27,PAB,2457,759,1698,202,86,43,8,882,3,1233,2447,10,ITH,ITH1,4,Provincia Autonoma Bolzano / Bozen,P.A. Bolzano,533050,62528,11.73,0.46
1921,2021-01-25,PAB,487,183,304,401,68,14,0,1,2,1,3,484,ITH,ITH1,4,Provincia Autonoma Bolzano / Bozen,P.A. Bolzano,533050,63015,11.82,0.09
1922,2021-04-07,PAB,1508,634,874,121,65,819,50,449,3,1,977,531,ITH,ITH1,4,Provincia Autonoma Bolzano / Bozen,P.A. Bolzano,533050,64523,12.1,0.28
1923,2021-04-06,PAB,2042,1024,1018,107,45,1691,130,62,4,3,1940,102,ITH,ITH1,4,Provincia Autonoma Bolzano / Bozen,P.A. Bolzano,533050,66565,12.49,0.38
1924,2021-01-17,PAB,2328,1044,1284,56,38,212,37,1985,0,0,2316,12,ITH,ITH1,4,Provincia Autonoma Bolzano / Bozen,P.A. Bolzano,533050,68893,12.92,0.44
1925,2021-02-04,PAB,1927,587,1340,650,505,125,433,214,0,0,8,1919,ITH,ITH1,4,Provincia Autonoma Bolzano / Bozen,P.A. Bolzano,533050,70820,13.29,0.36
1926,2021-02-09,PAB,317,126,191,64,16,6,2,227,0,2,1,316,ITH,ITH1,4,Provincia Autonoma Bolzano / Bozen,P.A. Bolzano,533050,71137,13.35,0.06
1927,2021-03-17,PAB,580,213,367,11,6,35,46,482,0,0,579,1,ITH,ITH1,4,Provincia Autonoma Bolzano / Bozen,P.A. Bolzano,533050,71717,13.45,0.11
1928,2021-01-28,PAB,868,307,561,584,186,27,69,0,2,0,10,858,ITH,ITH1,4,Provincia Autonoma Bolzano / Bozen,P.A. Bolzano,533050,72585,13.62,0.16
1929,2021-03-22,PAB,1133,514,619,2,0,929,0,192,10,0,1129,4,ITH,ITH1,4,Provincia Autonoma Bolzano / Bozen,P.A. Bolzano,533050,73718,13.83,0.21
1930,2021-03-16,PAB,638,252,386,24,30,34,48,502,0,0,118,520,ITH,ITH1,4,Provincia Autonoma Bolzano / Bozen,P.A. Bolzano,533050,74356,13.95,0.12
1931,2021-01-03,PAB,41,16,25,33,5,2,0,1,0,0,41,0,ITH,ITH1,4,Provincia Autonoma Bolzano / Bozen,P.A. Bolzano,533050,74397,13.96,0.01
1932,2021-01-26,PAB,810,291,519,673,129,8,0,0,0,0,1,809,ITH,ITH1,4,Provincia Autonoma Bolzano / Bozen,P.A. Bolzano,533050,75207,14.11,0.15
1933,2021-04-01,PAB,2780,1405,1375,238,94,1708,42,598,35,65,2636,144,ITH,ITH1,4,Provincia Autonoma Bolzano / Bozen,P.A. Bolzano,533050,77987,14.63,0.52
1934,2021-03-26,PAB,1630,716,914,20,14,622,68,905,0,1,509,1121,ITH,ITH1,4,Provincia Autonoma Bolzano / Bozen,P.A. Bolzano,533050,79617,14.94,0.31
1935,2021-01-16,PAB,2820,1253,1567,435,93,269,77,1945,0,1,2820,0,ITH,ITH1,4,Provincia Autonoma Bolzano / Bozen,P.A. Bolzano,533050,82437,15.47,0.53
1936,2021-02-07,PAB,2360,1056,1304,102,75,381,68,1734,0,0,14,2346,ITH,ITH1,4,Provincia Autonoma Bolzano / Bozen,P.A. Bolzano,533050,84797,15.91,0.44
1937,2021-01-27,PAB,84,28,56,54,26,4,0,0,0,0,1,83,ITH,ITH1,4,Provincia Autonoma Bolzano / Bozen,P.A. Bolzano,533050,84881,15.92,0.02
1938,2021-02-11,PAB,1055,411,644,213,56,335,104,347,0,0,239,816,ITH,ITH1,4,Provincia Autonoma Bolzano / Bozen,P.A. Bolzano,533050,85936,16.12,0.2
1939,2021-02-10,PAB,1635,604,1031,489,165,394,1,586,0,0,26,1609,ITH,ITH1,4,Provincia Autonoma Bolzano / Bozen,P.A. Bolzano,533050,87571,16.43,0.31
1940,2021-01-29,PAB,1496,510,986,882,282,31,295,2,0,4,23,1473,ITH,ITH1,4,Provincia Autonoma Bolzano / Bozen,P.A. Bolzano,533050,89067,16.71,0.28
1941,2021-03-18,PAB,1293,527,766,49,15,156,48,1025,0,0,217,1076,ITH,ITH1,4,Provincia Autonoma Bolzano / Bozen,P.A. Bolzano,533050,90360,16.95,0.24
1942,2021-03-12,PAB,1519,661,858,149,122,560,73,429,86,100,1112,407,ITH,ITH1,4,Provincia Autonoma Bolzano / Bozen,P.A. Bolzano,533050,91879,17.24,0.28
1943,2021-01-21,PAB,951,441,510,750,88,13,68,27,5,0,139,812,ITH,ITH1,4,Provincia Autonoma Bolzano / Bozen,P.A. Bolzano,533050,92830,17.41,0.18
1944,2021-03-25,PAB,2115,1049,1066,209,68,1405,32,299,56,46,1695,420,ITH,ITH1,4,Provincia Autonoma Bolzano / Bozen,P.A. Bolzano,533050,94945,17.81,0.4
1945,2021-03-23,PAB,1552,759,793,0,0,1246,0,215,57,34,1551,1,ITH,ITH1,4,Provincia Autonoma Bolzano / Bozen,P.A. Bolzano,533050,96497,18.1,0.29
1946,2021-03-24,PAB,2040,977,1063,13,11,1678,5,247,57,29,2027,13,ITH,ITH1,4,Provincia Autonoma Bolzano / Bozen,P.A. Bolzano,533050,98537,18.49,0.38
1947,2021-01-05,PAB,830,286,544,734,61,35,0,0,0,0,830,0,ITH,ITH1,4,Provincia Autonoma Bolzano / Bozen,P.A. Bolzano,533050,99367,18.64,0.16
1948,2021-03-02,PAB,684,194,490,1,0,0,0,0,7,676,684,0,ITH,ITH1,4,Provincia Autonoma Bolzano / Bozen,P.A. Bolzano,533050,100051,18.77,0.13
1949,2021-03-31,PAB,1831,693,1138,420,300,647,16,426,6,16,818,1013,ITH,ITH1,4,Provincia Autonoma Bolzano / Bozen,P.A. Bolzano,533050,101882,19.11,0.34
1950,2021-03-08,PAB,1200,526,674,23,10,278,166,720,0,3,1173,27,ITH,ITH1,4,Provincia Autonoma Bolzano / Bozen,P.A. Bolzano,533050,103082,19.34,0.23
1951,2021-01-20,PAB,617,252,365,287,51,22,0,257,0,0,409,208,ITH,ITH1,4,Provincia Autonoma Bolzano / Bozen,P.A. Bolzano,533050,103699,19.45,0.12
1952,2021-01-10,PAB,2,2,0,1,0,1,0,0,0,0,2,0,ITH,ITH1,4,Provincia Autonoma Bolzano / Bozen,P.A. Bolzano,533050,103701,19.45,0.0
1953,2021-02-25,PAB,1498,549,949,22,5,335,0,731,0,405,1497,1,ITH,ITH1,4,Provincia Autonoma Bolzano / Bozen,P.A. Bolzano,533050,105199,19.74,0.28
1954,2021-03-03,PAB,1166,391,775,12,5,9,6,345,51,738,1153,13,ITH,ITH1,4,Provincia Autonoma Bolzano / Bozen,P.A. Bolzano,533050,106365,19.95,0.22
1955,2021-01-08,PAB,1514,476,1038,787,167,291,168,101,0,0,1514,0,ITH,ITH1,4,Provincia Autonoma Bolzano / Bozen,P.A. Bolzano,533050,107879,20.24,0.28
1956,2021-02-19,PAB,1969,450,1519,121,139,111,80,7,0,1511,1958,11,ITH,ITH1,4,Provincia Autonoma Bolzano / Bozen,P.A. Bolzano,533050,109848,20.61,0.37
1957,2021-02-18,PAB,1646,401,1245,23,44,270,20,4,0,1285,1642,4,ITH,ITH1,4,Provincia Autonoma Bolzano / Bozen,P.A. Bolzano,533050,111494,20.92,0.31
1958,2020-12-31,PAB,910,517,393,477,61,372,0,0,0,0,910,0,ITH,ITH1,4,Provincia Autonoma Bolzano / Bozen,P.A. Bolzano,533050,112404,21.09,0.17
1959,2021-03-14,PAB,758,336,422,130,11,26,33,557,1,0,25,733,ITH,ITH1,4,Provincia Autonoma Bolzano / Bozen,P.A. Bolzano,533050,113162,21.23,0.14
1960,2021-01-30,PAB,498,245,253,217,44,136,101,0,0,0,4,494,ITH,ITH1,4,Provincia Autonoma Bolzano / Bozen,P.A. Bolzano,533050,113660,21.32,0.09
1961,2021-01-24,PAB,12,10,2,1,0,11,0,0,0,0,0,12,ITH,ITH1,4,Provincia Autonoma Bolzano / Bozen,P.A. Bolzano,533050,113672,21.32,0.0
1962,2021-03-28,PAB,569,212,357,45,38,15,0,469,0,2,11,558,ITH,ITH1,4,Provincia Autonoma Bolzano / Bozen,P.A. Bolzano,533050,114241,21.43,0.11
1963,2021-02-15,PAB,72,42,30,17,2,8,40,5,0,0,26,46,ITH,ITH1,4,Provincia Autonoma Bolzano / Bozen,P.A. Bolzano,533050,114313,21.45,0.01
1964,2021-01-01,PAB,2,2,0,2,0,0,0,0,0,0,2,0,ITH,ITH1,4,Provincia Autonoma Bolzano / Bozen,P.A. Bolzano,533050,114315,21.45,0.0
1965,2021-01-12,PAB,1709,459,1250,369,228,537,479,96,0,0,1709,0,ITH,ITH1,4,Provincia Autonoma Bolzano / Bozen,P.A. Bolzano,533050,116024,21.77,0.32
1966,2020-12-27,PAB,144,65,79,139,2,2,0,1,0,0,144,0,ITH,ITH1,4,Provincia Autonoma Bolzano / Bozen,P.A. Bolzano,533050,116168,21.79,0.03
1967,2021-02-17,PAB,4,1,3,1,0,2,0,1,0,0,2,2,ITH,ITH1,4,Provincia Autonoma Bolzano / Bozen,P.A. Bolzano,533050,116172,21.79,0.0
1968,2021-02-23,PAB,768,323,445,0,0,58,0,625,0,85,762,6,ITH,ITH1,4,Provincia Autonoma Bolzano / Bozen,P.A. Bolzano,533050,116940,21.94,0.14
1969,2021-01-23,TOS,3949,1354,2595,2936,170,2,841,0,0,0,640,3309,ITI,ITI1,9,Toscana,Toscana,3729641,3949,0.11,0.11
1970,2021-03-22,TOS,4842,2401,2441,221,348,3433,381,9,135,315,4398,444,ITI,ITI1,9,Toscana,Toscana,3729641,8791,0.24,0.13
1971,2021-03-30,TOS,16524,7313,9211,200,129,7869,247,7796,170,113,13004,3520,ITI,ITI1,9,Toscana,Toscana,3729641,25315,0.68,0.44
1972,2021-01-24,TOS,3349,1073,2276,2602,35,2,709,1,0,0,201,3148,ITI,ITI1,9,Toscana,Toscana,3729641,28664,0.77,0.09
1973,2021-03-25,TOS,23170,9924,13246,220,269,6174,394,15190,218,705,14934,8236,ITI,ITI1,9,Toscana,Toscana,3729641,51834,1.39,0.62
1974,2021-02-15,TOS,8770,3374,5396,4536,922,1106,216,56,794,1140,7945,825,ITI,ITI1,9,Toscana,Toscana,3729641,60604,1.62,0.24
1975,2021-03-19,TOS,9986,4385,5601,639,439,3991,275,4594,13,35,7195,2791,ITI,ITI1,9,Toscana,Toscana,3729641,70590,1.89,0.27
1976,2021-03-04,TOS,17495,6666,10829,2816,275,1397,274,8173,865,3695,14419,3076,ITI,ITI1,9,Toscana,Toscana,3729641,88085,2.36,0.47
1977,2021-03-02,TOS,10553,3774,6779,3170,431,598,131,1841,870,3512,7109,3444,ITI,ITI1,9,Toscana,Toscana,3729641,98638,2.64,0.28
1978,2021-01-14,TOS,3254,1179,2075,2459,475,0,320,0,0,0,3254,0,ITI,ITI1,9,Toscana,Toscana,3729641,101892,2.73,0.09
1979,2021-01-17,TOS,2535,871,1664,2002,293,0,240,0,0,0,2022,513,ITI,ITI1,9,Toscana,Toscana,3729641,104427,2.8,0.07
1980,2021-03-28,TOS,6110,2741,3369,38,15,5386,99,472,14,86,5856,254,ITI,ITI1,9,Toscana,Toscana,3729641,110537,2.96,0.16
1981,2021-04-02,TOS,30676,12955,17721,287,52,11343,228,18652,108,6,23121,7555,ITI,ITI1,9,Toscana,Toscana,3729641,141213,3.79,0.82
1982,2021-04-03,TOS,14679,6500,8179,101,34,9824,93,4604,10,13,13558,1121,ITI,ITI1,9,Toscana,Toscana,3729641,155892,4.18,0.39
1983,2021-02-18,TOS,8817,3285,5532,2924,1447,64,230,214,796,3142,7923,894,ITI,ITI1,9,Toscana,Toscana,3729641,164709,4.42,0.24
1984,2021-03-15,TOS,8313,3308,5005,3216,1248,709,403,36,420,2281,3870,4443,ITI,ITI1,9,Toscana,Toscana,3729641,173022,4.64,0.22
1985,2021-02-19,TOS,8302,2953,5349,2968,1207,28,245,154,580,3120,7795,507,ITI,ITI1,9,Toscana,Toscana,3729641,181324,4.86,0.22
1986,2021-01-04,TOS,5064,1893,3171,4100,29,3,932,0,0,0,5064,0,ITI,ITI1,9,Toscana,Toscana,3729641,186388,5.0,0.14
1987,2021-03-11,TOS,15407,5963,9444,2440,905,1373,270,10200,207,12,12090,3317,ITI,ITI1,9,Toscana,Toscana,3729641,201795,5.41,0.41
1988,2021-03-03,TOS,18086,6451,11635,3318,496,662,135,9131,898,3446,14489,3597,ITI,ITI1,9,Toscana,Toscana,3729641,219881,5.9,0.48
1989,2021-02-24,TOS,10357,4460,5897,81,302,1267,301,4127,1331,2948,10160,197,ITI,ITI1,9,Toscana,Toscana,3729641,230238,6.17,0.28
1990,2021-03-20,TOS,6428,2853,3575,885,552,4739,165,29,24,34,5293,1135,ITI,ITI1,9,Toscana,Toscana,3729641,236666,6.35,0.17
1991,2021-02-17,TOS,8175,3168,5007,3465,1122,51,249,218,584,2486,7424,751,ITI,ITI1,9,Toscana,Toscana,3729641,244841,6.56,0.22
1992,2021-02-23,TOS,7721,3324,4397,1491,530,1041,204,509,1114,2832,7560,161,ITI,ITI1,9,Toscana,Toscana,3729641,252562,6.77,0.21
1993,2021-03-07,TOS,5648,2356,3292,3103,511,586,123,15,536,774,2106,3542,ITI,ITI1,9,Toscana,Toscana,3729641,258210,6.92,0.15
1994,2021-01-13,TOS,4063,1398,2665,3308,348,2,405,0,0,0,4063,0,ITI,ITI1,9,Toscana,Toscana,3729641,262273,7.03,0.11
1995,2021-02-20,TOS,4641,1790,2851,3350,1038,0,203,17,15,18,4128,513,ITI,ITI1,9,Toscana,Toscana,3729641,266914,7.16,0.12
1996,2021-01-19,TOS,1104,531,573,392,220,1,491,0,0,0,1104,0,ITI,ITI1,9,Toscana,Toscana,3729641,268018,7.19,0.03
1997,2021-02-01,TOS,5505,1957,3548,4482,403,4,616,0,0,0,521,4984,ITI,ITI1,9,Toscana,Toscana,3729641,273523,7.33,0.15
1998,2021-03-18,TOS,9820,3910,5910,436,544,889,278,7663,7,3,5885,3935,ITI,ITI1,9,Toscana,Toscana,3729641,283343,7.6,0.26
1999,2021-02-13,TOS,7784,2360,5424,3667,574,3193,163,0,186,1,7557,227,ITI,ITI1,9,Toscana,Toscana,3729641,291127,7.81,0.21
2000,2021-02-25,TOS,10591,4285,6306,1078,421,1281,259,3212,1141,3199,9597,994,ITI,ITI1,9,Toscana,Toscana,3729641,301718,8.09,0.28
2001,2021-04-05,TOS,15255,6814,8441,27,41,15079,0,71,2,35,14517,738,ITI,ITI1,9,Toscana,Toscana,3729641,316973,8.5,0.41
2002,2021-02-06,TOS,4527,1550,2977,3725,574,1,227,0,0,0,1294,3233,ITI,ITI1,9,Toscana,Toscana,3729641,321500,8.62,0.12
2003,2021-01-03,TOS,3336,1052,2284,2565,9,0,762,0,0,0,3336,0,ITI,ITI1,9,Toscana,Toscana,3729641,324836,8.71,0.09
2004,2021-02-26,TOS,10064,3824,6240,1557,637,1070,298,1801,1138,3563,8858,1206,ITI,ITI1,9,Toscana,Toscana,3729641,334900,8.98,0.27
2005,2021-02-16,TOS,9268,3338,5930,5084,952,30,178,10,691,2323,8557,711,ITI,ITI1,9,Toscana,Toscana,3729641,344168,9.23,0.25
2006,2021-04-04,TOS,13872,6587,7285,14,8,13784,0,11,3,52,13629,243,ITI,ITI1,9,Toscana,Toscana,3729641,358040,9.6,0.37
2007,2021-03-01,TOS,4381,1667,2714,3192,593,10,137,3,421,25,741,3640,ITI,ITI1,9,Toscana,Toscana,3729641,362421,9.72,0.12
2008,2021-01-09,TOS,4485,1596,2889,3780,143,1,560,1,0,0,4485,0,ITI,ITI1,9,Toscana,Toscana,3729641,366906,9.84,0.12
2009,2021-01-07,TOS,6018,1751,4267,5308,29,1,680,0,0,0,6018,0,ITI,ITI1,9,Toscana,Toscana,3729641,372924,10.0,0.16
2010,2021-01-15,TOS,3878,1347,2531,2758,674,2,444,0,0,0,3878,0,ITI,ITI1,9,Toscana,Toscana,3729641,376802,10.1,0.1
2011,2021-01-22,TOS,2861,1063,1798,2022,81,0,758,0,0,0,525,2336,ITI,ITI1,9,Toscana,Toscana,3729641,379663,10.18,0.08
2012,2021-02-12,TOS,7606,2683,4923,3742,380,2892,188,2,402,0,7393,213,ITI,ITI1,9,Toscana,Toscana,3729641,387269,10.38,0.2
2013,2021-03-08,TOS,6344,2610,3734,4063,746,990,190,65,282,8,1525,4819,ITI,ITI1,9,Toscana,Toscana,3729641,393613,10.55,0.17
2014,2021-02-03,TOS,4221,1452,2769,3475,239,1,505,1,0,0,241,3980,ITI,ITI1,9,Toscana,Toscana,3729641,397834,10.67,0.11
2015,2021-03-31,TOS,31766,12737,19029,272,84,4740,232,22341,398,3699,19947,11819,ITI,ITI1,9,Toscana,Toscana,3729641,429600,11.52,0.85
2016,2021-02-28,TOS,1649,667,982,1111,201,1,78,0,249,9,922,727,ITI,ITI1,9,Toscana,Toscana,3729641,431249,11.56,0.04
2017,2021-01-21,TOS,1589,686,903,579,220,0,790,0,0,0,867,722,ITI,ITI1,9,Toscana,Toscana,3729641,432838,11.61,0.04
2018,2021-03-27,TOS,8690,4010,4680,111,56,6726,181,1383,35,198,8473,217,ITI,ITI1,9,Toscana,Toscana,3729641,441528,11.84,0.23
2019,2021-01-10,TOS,3001,1104,1897,2432,134,4,431,0,0,0,3001,0,ITI,ITI1,9,Toscana,Toscana,3729641,444529,11.92,0.08
2020,2021-01-31,TOS,3049,1129,1920,2465,133,2,448,1,0,0,106,2943,ITI,ITI1,9,Toscana,Toscana,3729641,447578,12.0,0.08
2021,2021-04-01,TOS,25701,10589,15112,212,99,1533,269,23444,138,6,15491,10210,ITI,ITI1,9,Toscana,Toscana,3729641,473279,12.69,0.69
2022,2021-02-21,TOS,5104,2089,3015,3666,1219,0,195,2,13,9,4935,169,ITI,ITI1,9,Toscana,Toscana,3729641,478383,12.83,0.14
2023,2021-01-16,TOS,3271,1046,2225,2493,538,0,240,0,0,0,3271,0,ITI,ITI1,9,Toscana,Toscana,3729641,481654,12.91,0.09
2024,2021-02-04,TOS,4251,1594,2657,3166,623,1,456,5,0,0,961,3290,ITI,ITI1,9,Toscana,Toscana,3729641,485905,13.03,0.11
2025,2021-03-26,TOS,20076,9017,11059,249,303,8008,192,10854,137,333,14447,5629,ITI,ITI1,9,Toscana,Toscana,3729641,505981,13.57,0.54
2026,2021-04-07,TOS,9165,4083,5082,130,194,4625,36,4150,28,2,7278,1887,ITI,ITI1,9,Toscana,Toscana,3729641,515146,13.81,0.25
2027,2021-01-11,TOS,5094,1691,3403,4362,209,1,522,0,0,0,5094,0,ITI,ITI1,9,Toscana,Toscana,3729641,520240,13.95,0.14
2028,2021-03-09,TOS,10587,4089,6498,4806,905,1179,180,3292,214,11,5035,5552,ITI,ITI1,9,Toscana,Toscana,3729641,530827,14.23,0.28
2029,2021-02-27,TOS,1944,723,1221,1352,311,3,132,1,126,19,1042,902,ITI,ITI1,9,Toscana,Toscana,3729641,532771,14.28,0.05
2030,2021-01-02,TOS,3497,1097,2400,2682,15,0,800,0,0,0,3497,0,ITI,ITI1,9,Toscana,Toscana,3729641,536268,14.38,0.09
2031,2021-01-25,TOS,5125,1896,3229,4159,54,2,909,1,0,0,249,4876,ITI,ITI1,9,Toscana,Toscana,3729641,541393,14.52,0.14
2032,2021-03-13,TOS,9263,3289,5974,2833,1156,953,57,180,344,3740,5314,3949,ITI,ITI1,9,Toscana,Toscana,3729641,550656,14.76,0.25
2033,2021-01-18,TOS,1119,636,483,430,313,1,375,0,0,0,1021,98,ITI,ITI1,9,Toscana,Toscana,3729641,551775,14.79,0.03
2034,2021-02-22,TOS,9817,4253,5564,3484,1390,889,315,22,1014,2703,9539,278,ITI,ITI1,9,Toscana,Toscana,3729641,561592,15.06,0.26
2035,2021-02-10,TOS,4263,1280,2983,3536,239,2,485,0,1,0,3739,524,ITI,ITI1,9,Toscana,Toscana,3729641,565855,15.17,0.11
2036,2021-01-27,TOS,4835,1572,3263,4019,73,1,742,0,0,0,207,4628,ITI,ITI1,9,Toscana,Toscana,3729641,570690,15.3,0.13
2037,2021-04-06,TOS,21007,9261,11746,754,370,13315,99,4717,130,1622,17493,3514,ITI,ITI1,9,Toscana,Toscana,3729641,591697,15.86,0.56
2038,2020-12-30,TOS,327,104,223,34,10,0,283,0,0,0,327,0,ITI,ITI1,9,Toscana,Toscana,3729641,592024,15.87,0.01
2039,2021-03-14,TOS,7167,2561,4606,3106,798,452,122,2,211,2476,3230,3937,ITI,ITI1,9,Toscana,Toscana,3729641,599191,16.07,0.19
2040,2021-02-09,TOS,4488,1468,3020,3583,386,2,513,4,0,0,3877,611,ITI,ITI1,9,Toscana,Toscana,3729641,603679,16.19,0.12
2041,2021-03-16,TOS,4866,1863,3003,1551,424,670,124,2069,12,16,2631,2235,ITI,ITI1,9,Toscana,Toscana,3729641,608545,16.32,0.13
2042,2021-01-06,TOS,4519,1459,3060,3984,9,1,525,0,0,0,4519,0,ITI,ITI1,9,Toscana,Toscana,3729641,613064,16.44,0.12
2043,2021-03-29,TOS,9208,4460,4748,227,101,8328,199,20,133,200,8885,323,ITI,ITI1,9,Toscana,Toscana,3729641,622272,16.68,0.25
2044,2021-02-07,TOS,2806,953,1853,2349,299,1,157,0,0,0,885,1921,ITI,ITI1,9,Toscana,Toscana,3729641,625078,16.76,0.08
2045,2021-01-01,TOS,2370,788,1582,1716,2,0,650,2,0,0,2370,0,ITI,ITI1,9,Toscana,Toscana,3729641,627448,16.82,0.06
2046,2021-01-08,TOS,5944,1641,4303,5360,36,3,545,0,0,0,5944,0,ITI,ITI1,9,Toscana,Toscana,3729641,633392,16.98,0.16
2047,2021-03-05,TOS,16400,6299,10101,3921,926,1485,170,5207,819,3872,11660,4740,ITI,ITI1,9,Toscana,Toscana,3729641,649792,17.42,0.44
2048,2021-01-20,TOS,1331,637,694,435,255,1,640,0,0,0,1083,248,ITI,ITI1,9,Toscana,Toscana,3729641,651123,17.46,0.04
2049,2021-01-28,TOS,6282,1883,4399,5427,64,2,788,1,0,0,354,5928,ITI,ITI1,9,Toscana,Toscana,3729641,657405,17.63,0.17
2050,2021-03-24,TOS,19375,7855,11520,219,323,4435,195,13220,210,773,10053,9322,ITI,ITI1,9,Toscana,Toscana,3729641,676780,18.15,0.52
2051,2021-03-23,TOS,9020,4071,4949,300,302,4187,319,3435,139,338,6780,2240,ITI,ITI1,9,Toscana,Toscana,3729641,685800,18.39,0.24
2052,2021-02-05,TOS,5748,2244,3504,4121,1180,4,442,1,0,0,1924,3824,ITI,ITI1,9,Toscana,Toscana,3729641,691548,18.54,0.15
2053,2021-02-02,TOS,3742,1475,2267,3021,283,4,422,6,6,0,195,3547,ITI,ITI1,9,Toscana,Toscana,3729641,695290,18.64,0.1
2054,2021-02-11,TOS,5383,2021,3362,2809,284,1934,323,12,10,11,5141,242,ITI,ITI1,9,Toscana,Toscana,3729641,700673,18.79,0.14
2055,2021-03-17,TOS,11258,4521,6737,363,272,877,189,9553,2,2,6780,4478,ITI,ITI1,9,Toscana,Toscana,3729641,711931,19.09,0.3
2056,2021-02-14,TOS,8993,2567,6426,3033,549,5064,81,0,261,5,8883,110,ITI,ITI1,9,Toscana,Toscana,3729641,720924,19.33,0.24
2057,2021-01-26,TOS,5393,1792,3601,4358,81,3,951,0,0,0,219,5174,ITI,ITI1,9,Toscana,Toscana,3729641,726317,19.47,0.14
2058,2021-03-06,TOS,7096,2839,4257,3804,482,1132,145,30,357,1146,2905,4191,ITI,ITI1,9,Toscana,Toscana,3729641,733413,19.66,0.19
2059,2020-12-31,TOS,805,202,603,97,10,0,698,0,0,0,805,0,ITI,ITI1,9,Toscana,Toscana,3729641,734218,19.69,0.02
2060,2020-12-27,TOS,620,267,353,460,10,137,13,0,0,0,620,0,ITI,ITI1,9,Toscana,Toscana,3729641,734838,19.7,0.02
2061,2021-03-10,TOS,17860,7005,10855,3005,850,1384,270,12123,214,14,13854,4006,ITI,ITI1,9,Toscana,Toscana,3729641,752698,20.18,0.48
2062,2021-01-05,TOS,5243,1754,3489,4354,9,2,878,0,0,0,5243,0,ITI,ITI1,9,Toscana,Toscana,3729641,757941,20.32,0.14
2063,2021-01-12,TOS,3581,1398,2183,2944,282,1,354,0,0,0,3581,0,ITI,ITI1,9,Toscana,Toscana,3729641,761522,20.42,0.1
2064,2021-02-08,TOS,4095,1358,2737,3373,343,2,377,0,0,0,3636,459,ITI,ITI1,9,Toscana,Toscana,3729641,765617,20.53,0.11
2065,2021-01-30,TOS,4620,1622,2998,3763,218,1,638,0,0,0,197,4423,ITI,ITI1,9,Toscana,Toscana,3729641,770237,20.65,0.12
2066,2021-01-29,TOS,6136,1698,4438,5375,138,1,622,0,0,0,302,5834,ITI,ITI1,9,Toscana,Toscana,3729641,776373,20.82,0.16
2067,2021-03-12,TOS,16311,6096,10215,2611,954,996,191,6938,696,3925,12786,3525,ITI,ITI1,9,Toscana,Toscana,3729641,792684,21.25,0.44
2068,2021-03-21,TOS,3231,1574,1657,660,791,1677,77,8,6,12,1798,1433,ITI,ITI1,9,Toscana,Toscana,3729641,795915,21.34,0.09
