,data,area,Vaccinazioni giornaliere,sesso_maschile,sesso_femminile,prima_dose,seconda_dose,pregressa_infezione,codice_NUTS1,codice_NUTS2,codice_regione_ISTAT,nome_area,Regione,popolazione,Totale vaccinazioni,Totale vaccinazioni ogni cento ab,Vaccinazioni giornaliere ogni cento ab
0,2021-01-26,MAR,2021,747,1274,77,1935,9,ITI,ITI3,11,Marche,Marche,1525271,2021,0.13,0.13
1,2021-07-11,MAR,10398,5220,5178,1606,8656,136,ITI,ITI3,11,Marche,Marche,1525271,12419,0.81,0.68
2,2021-04-19,MAR,9604,4500,5104,7902,1582,120,ITI,ITI3,11,Marche,Marche,1525271,22023,1.44,0.63
3,2021-07-28,MAR,14196,7369,6827,3251,10714,231,ITI,ITI3,11,Marche,Marche,1525271,36219,2.37,0.93
4,2021-06-15,MAR,13192,6567,6625,9823,3052,317,ITI,ITI3,11,Marche,Marche,1525271,49411,3.24,0.86
5,2021-01-12,MAR,1232,418,814,1219,0,13,ITI,ITI3,11,Marche,Marche,1525271,50643,3.32,0.08
6,2021-06-22,MAR,13218,6482,6736,6474,6461,283,ITI,ITI3,11,Marche,Marche,1525271,63861,4.19,0.87
7,2021-04-26,MAR,9172,4063,5109,6023,3024,125,ITI,ITI3,11,Marche,Marche,1525271,73033,4.79,0.6
8,2021-08-04,MAR,12018,6387,5631,4068,7709,241,ITI,ITI3,11,Marche,Marche,1525271,85051,5.58,0.79
9,2021-05-27,MAR,13733,6818,6915,9181,4301,251,ITI,ITI3,11,Marche,Marche,1525271,98784,6.48,0.9
10,2021-03-31,MAR,7374,3087,4287,4268,3023,83,ITI,ITI3,11,Marche,Marche,1525271,106158,6.96,0.48
11,2021-07-09,MAR,14900,7501,7399,2556,12130,214,ITI,ITI3,11,Marche,Marche,1525271,121058,7.94,0.98
12,2021-03-24,MAR,7081,3009,4072,3297,3716,68,ITI,ITI3,11,Marche,Marche,1525271,128139,8.4,0.46
13,2021-06-01,MAR,12057,6158,5899,9683,2090,284,ITI,ITI3,11,Marche,Marche,1525271,140196,9.19,0.79
14,2021-03-10,MAR,5711,2441,3270,4480,1179,52,ITI,ITI3,11,Marche,Marche,1525271,145907,9.57,0.37
15,2021-02-21,MAR,376,141,235,363,1,12,ITI,ITI3,11,Marche,Marche,1525271,146283,9.59,0.02
16,2021-04-05,MAR,5703,2367,3336,4358,1269,76,ITI,ITI3,11,Marche,Marche,1525271,151986,9.96,0.37
17,2021-06-27,MAR,9951,4820,5131,4487,5292,172,ITI,ITI3,11,Marche,Marche,1525271,161937,10.62,0.65
18,2021-03-19,MAR,3881,1621,2260,325,3544,12,ITI,ITI3,11,Marche,Marche,1525271,165818,10.87,0.25
19,2021-03-17,MAR,3476,1525,1951,105,3369,2,ITI,ITI3,11,Marche,Marche,1525271,169294,11.1,0.23
20,2021-05-20,MAR,12685,5962,6723,7538,4896,251,ITI,ITI3,11,Marche,Marche,1525271,181979,11.93,0.83
21,2021-02-07,MAR,1872,735,1137,332,1528,12,ITI,ITI3,11,Marche,Marche,1525271,183851,12.05,0.12
22,2021-07-23,MAR,15538,8277,7261,2529,12785,224,ITI,ITI3,11,Marche,Marche,1525271,199389,13.07,1.02
23,2021-01-21,MAR,920,262,658,575,328,17,ITI,ITI3,11,Marche,Marche,1525271,200309,13.13,0.06
24,2021-05-01,MAR,9320,3924,5396,3500,5743,77,ITI,ITI3,11,Marche,Marche,1525271,209629,13.74,0.61
25,2021-03-05,MAR,6228,2876,3352,4694,1469,65,ITI,ITI3,11,Marche,Marche,1525271,215857,14.15,0.41
26,2021-05-15,MAR,14114,6438,7676,7831,6038,245,ITI,ITI3,11,Marche,Marche,1525271,229971,15.08,0.93
27,2021-02-19,MAR,2002,739,1263,1826,135,41,ITI,ITI3,11,Marche,Marche,1525271,231973,15.21,0.13
28,2021-02-14,MAR,739,301,438,727,0,12,ITI,ITI3,11,Marche,Marche,1525271,232712,15.26,0.05
29,2021-05-08,MAR,12278,5479,6799,4857,7251,170,ITI,ITI3,11,Marche,Marche,1525271,244990,16.06,0.8
30,2021-07-30,MAR,14712,7865,6847,4866,9558,288,ITI,ITI3,11,Marche,Marche,1525271,259702,17.03,0.96
31,2021-01-09,MAR,1717,606,1111,1697,0,20,ITI,ITI3,11,Marche,Marche,1525271,261419,17.14,0.11
32,2021-03-29,MAR,5894,2581,3313,3392,2455,47,ITI,ITI3,11,Marche,Marche,1525271,267313,17.53,0.39
33,2021-06-03,MAR,14638,7483,7155,12081,2252,305,ITI,ITI3,11,Marche,Marche,1525271,281951,18.49,0.96
34,2021-02-18,MAR,2145,786,1359,1808,288,49,ITI,ITI3,11,Marche,Marche,1525271,284096,18.63,0.14
35,2021-05-29,MAR,12861,6233,6628,8114,4529,218,ITI,ITI3,11,Marche,Marche,1525271,296957,19.47,0.84
36,2021-01-19,MAR,233,87,146,140,90,3,ITI,ITI3,11,Marche,Marche,1525271,297190,19.48,0.02
37,2021-02-02,MAR,1193,398,795,70,1123,0,ITI,ITI3,11,Marche,Marche,1525271,298383,19.56,0.08
38,2021-05-13,MAR,12611,5697,6914,6830,5504,277,ITI,ITI3,11,Marche,Marche,1525271,310994,20.39,0.83
39,2021-04-12,MAR,8568,3772,4796,7938,482,148,ITI,ITI3,11,Marche,Marche,1525271,319562,20.95,0.56
40,2021-01-02,MAR,457,142,315,455,0,2,ITI,ITI3,11,Marche,Marche,1525271,320019,20.98,0.03
41,2021-03-07,MAR,5181,2107,3074,4379,754,48,ITI,ITI3,11,Marche,Marche,1525271,325200,21.32,0.34
42,2021-02-28,MAR,2836,1251,1585,2822,6,8,ITI,ITI3,11,Marche,Marche,1525271,328036,21.51,0.19
43,2021-06-08,MAR,14097,7094,7003,11197,2609,291,ITI,ITI3,11,Marche,Marche,1525271,342133,22.43,0.92
44,2021-03-02,MAR,5002,1967,3035,4371,566,65,ITI,ITI3,11,Marche,Marche,1525271,347135,22.76,0.33
45,2021-01-23,MAR,557,190,367,119,435,3,ITI,ITI3,11,Marche,Marche,1525271,347692,22.8,0.04
46,2021-06-29,MAR,13371,6599,6772,4928,8216,227,ITI,ITI3,11,Marche,Marche,1525271,361063,23.67,0.88
47,2021-05-03,MAR,10409,4690,5719,4863,5412,134,ITI,ITI3,11,Marche,Marche,1525271,371472,24.35,0.68
48,2021-01-07,MAR,1812,637,1175,1796,0,16,ITI,ITI3,11,Marche,Marche,1525271,373284,24.47,0.12
49,2021-03-12,MAR,4682,2000,2682,3347,1280,55,ITI,ITI3,11,Marche,Marche,1525271,377966,24.78,0.31
50,2021-01-14,MAR,2015,695,1320,1991,0,24,ITI,ITI3,11,Marche,Marche,1525271,379981,24.91,0.13
51,2021-06-20,MAR,11157,5545,5612,5990,4985,182,ITI,ITI3,11,Marche,Marche,1525271,391138,25.64,0.73
52,2021-04-24,MAR,12167,5364,6803,7559,4464,144,ITI,ITI3,11,Marche,Marche,1525271,403305,26.44,0.8
53,2021-07-18,MAR,12124,6310,5814,1334,10672,118,ITI,ITI3,11,Marche,Marche,1525271,415429,27.24,0.79
54,2021-01-31,MAR,1920,771,1149,95,1821,4,ITI,ITI3,11,Marche,Marche,1525271,417349,27.36,0.13
55,2021-04-07,MAR,8187,3621,4566,7718,347,122,ITI,ITI3,11,Marche,Marche,1525271,425536,27.9,0.54
56,2021-02-09,MAR,125,42,83,46,79,0,ITI,ITI3,11,Marche,Marche,1525271,425661,27.91,0.01
57,2021-07-16,MAR,15838,8238,7600,1845,13735,258,ITI,ITI3,11,Marche,Marche,1525271,441499,28.95,1.04
58,2021-06-12,MAR,13777,7313,6464,12107,1339,331,ITI,ITI3,11,Marche,Marche,1525271,455276,29.85,0.9
59,2021-04-16,MAR,10082,4702,5380,9361,525,196,ITI,ITI3,11,Marche,Marche,1525271,465358,30.51,0.66
60,2021-07-04,MAR,10895,5444,5451,3203,7530,162,ITI,ITI3,11,Marche,Marche,1525271,476253,31.22,0.71
61,2020-12-31,MAR,392,184,208,390,0,2,ITI,ITI3,11,Marche,Marche,1525271,476645,31.25,0.03
62,2021-02-04,MAR,2387,844,1543,107,2275,5,ITI,ITI3,11,Marche,Marche,1525271,479032,31.41,0.16
63,2021-04-02,MAR,6887,2983,3904,6039,739,109,ITI,ITI3,11,Marche,Marche,1525271,485919,31.86,0.45
64,2021-03-16,MAR,3520,1522,1998,285,3229,6,ITI,ITI3,11,Marche,Marche,1525271,489439,32.09,0.23
65,2021-06-24,MAR,13830,6672,7158,6187,7372,271,ITI,ITI3,11,Marche,Marche,1525271,503269,33.0,0.91
66,2021-01-11,MAR,1179,413,766,1161,0,18,ITI,ITI3,11,Marche,Marche,1525271,504448,33.07,0.08
67,2021-02-16,MAR,1287,475,812,1225,30,32,ITI,ITI3,11,Marche,Marche,1525271,505735,33.16,0.08
68,2021-02-25,MAR,3561,1464,2097,3320,182,59,ITI,ITI3,11,Marche,Marche,1525271,509296,33.39,0.23
69,2021-08-01,MAR,7495,4048,3447,1833,5577,85,ITI,ITI3,11,Marche,Marche,1525271,516791,33.88,0.49
70,2021-06-05,MAR,13944,7011,6933,11519,2059,366,ITI,ITI3,11,Marche,Marche,1525271,530735,34.8,0.91
71,2021-04-23,MAR,11307,5219,6088,8092,3055,160,ITI,ITI3,11,Marche,Marche,1525271,542042,35.54,0.74
72,2021-07-06,MAR,13962,6920,7042,3142,10597,223,ITI,ITI3,11,Marche,Marche,1525271,556004,36.45,0.92
73,2021-07-20,MAR,14398,7436,6962,1772,12452,174,ITI,ITI3,11,Marche,Marche,1525271,570402,37.4,0.94
74,2021-01-16,MAR,2038,734,1304,1988,0,50,ITI,ITI3,11,Marche,Marche,1525271,572440,37.53,0.13
75,2021-06-19,MAR,14692,7402,7290,7749,6678,265,ITI,ITI3,11,Marche,Marche,1525271,587132,38.49,0.96
76,2021-03-28,MAR,4125,1739,2386,2396,1691,38,ITI,ITI3,11,Marche,Marche,1525271,591257,38.76,0.27
77,2021-01-30,MAR,1905,668,1237,25,1880,0,ITI,ITI3,11,Marche,Marche,1525271,593162,38.89,0.12
78,2021-05-10,MAR,9453,4338,5115,4770,4554,129,ITI,ITI3,11,Marche,Marche,1525271,602615,39.51,0.62
79,2021-03-14,MAR,2499,1032,1467,1897,592,10,ITI,ITI3,11,Marche,Marche,1525271,605114,39.67,0.16
80,2021-06-10,MAR,14931,7696,7235,12576,2013,342,ITI,ITI3,11,Marche,Marche,1525271,620045,40.65,0.98
81,2021-05-24,MAR,10997,5192,5805,7956,2864,177,ITI,ITI3,11,Marche,Marche,1525271,631042,41.37,0.72
82,2021-05-22,MAR,11939,5720,6219,7320,4448,171,ITI,ITI3,11,Marche,Marche,1525271,642981,42.16,0.78
83,2021-02-11,MAR,1987,657,1330,1557,389,41,ITI,ITI3,11,Marche,Marche,1525271,644968,42.29,0.13
84,2021-02-26,MAR,3677,1523,2154,3097,476,104,ITI,ITI3,11,Marche,Marche,1525271,648645,42.53,0.24
85,2021-05-12,MAR,10429,4691,5738,4736,5503,190,ITI,ITI3,11,Marche,Marche,1525271,659074,43.21,0.68
86,2021-07-08,MAR,15041,7540,7501,2790,12026,225,ITI,ITI3,11,Marche,Marche,1525271,674115,44.2,0.99
87,2021-07-01,MAR,14693,7367,7326,4660,9755,278,ITI,ITI3,11,Marche,Marche,1525271,688808,45.16,0.96
88,2021-02-15,MAR,967,412,555,939,13,15,ITI,ITI3,11,Marche,Marche,1525271,689775,45.22,0.06
89,2021-05-26,MAR,11889,5952,5937,8449,3226,214,ITI,ITI3,11,Marche,Marche,1525271,701664,46.0,0.78
90,2021-03-30,MAR,7475,3075,4400,4579,2824,72,ITI,ITI3,11,Marche,Marche,1525271,709139,46.49,0.49
91,2021-02-01,MAR,1362,479,883,93,1266,3,ITI,ITI3,11,Marche,Marche,1525271,710501,46.58,0.09
92,2021-01-18,MAR,696,237,459,536,149,11,ITI,ITI3,11,Marche,Marche,1525271,711197,46.63,0.05
93,2021-04-28,MAR,10929,4979,5950,6026,4733,170,ITI,ITI3,11,Marche,Marche,1525271,722126,47.34,0.72
94,2021-03-26,MAR,6389,2626,3763,3476,2856,57,ITI,ITI3,11,Marche,Marche,1525271,728515,47.76,0.42
95,2021-06-17,MAR,15195,7559,7636,8798,6101,296,ITI,ITI3,11,Marche,Marche,1525271,743710,48.76,1.0
96,2021-03-09,MAR,5432,2294,3138,4465,881,86,ITI,ITI3,11,Marche,Marche,1525271,749142,49.12,0.36
97,2021-07-22,MAR,15745,8047,7698,2019,13485,241,ITI,ITI3,11,Marche,Marche,1525271,764887,50.15,1.03
98,2021-04-13,MAR,9838,4260,5578,9410,233,195,ITI,ITI3,11,Marche,Marche,1525271,774725,50.79,0.65
99,2021-07-05,MAR,13166,6508,6658,2919,10075,172,ITI,ITI3,11,Marche,Marche,1525271,787891,51.66,0.86
100,2021-06-16,MAR,13756,6913,6843,9128,4365,263,ITI,ITI3,11,Marche,Marche,1525271,801647,52.56,0.9
101,2021-05-31,MAR,11781,5944,5837,8600,2929,252,ITI,ITI3,11,Marche,Marche,1525271,813428,53.33,0.77
102,2021-05-17,MAR,12046,5649,6397,7472,4354,220,ITI,ITI3,11,Marche,Marche,1525271,825474,54.12,0.79
103,2021-04-30,MAR,14151,6199,7952,5403,8561,187,ITI,ITI3,11,Marche,Marche,1525271,839625,55.05,0.93
104,2021-04-11,MAR,7117,3116,4001,6692,287,138,ITI,ITI3,11,Marche,Marche,1525271,846742,55.51,0.47
105,2021-04-21,MAR,10786,4970,5816,9436,1195,155,ITI,ITI3,11,Marche,Marche,1525271,857528,56.22,0.71
106,2021-01-28,MAR,2087,725,1362,163,1923,1,ITI,ITI3,11,Marche,Marche,1525271,859615,56.36,0.14
107,2021-04-04,MAR,3835,1797,2038,2617,1169,49,ITI,ITI3,11,Marche,Marche,1525271,863450,56.61,0.25
108,2021-07-13,MAR,14852,7278,7574,1458,13265,129,ITI,ITI3,11,Marche,Marche,1525271,878302,57.58,0.97
109,2021-06-09,MAR,14279,7417,6862,12108,1869,302,ITI,ITI3,11,Marche,Marche,1525271,892581,58.52,0.94
110,2021-06-07,MAR,13320,6588,6732,10567,2450,303,ITI,ITI3,11,Marche,Marche,1525271,905901,59.39,0.87
111,2021-02-23,MAR,3314,1432,1882,3243,56,15,ITI,ITI3,11,Marche,Marche,1525271,909215,59.61,0.22
112,2021-01-15,MAR,1772,500,1272,1755,0,17,ITI,ITI3,11,Marche,Marche,1525271,910987,59.73,0.12
113,2021-04-25,MAR,8600,3994,4606,6896,1575,129,ITI,ITI3,11,Marche,Marche,1525271,919587,60.29,0.56
114,2021-08-03,MAR,10881,5737,5144,4029,6586,266,ITI,ITI3,11,Marche,Marche,1525271,930468,61.0,0.71
115,2021-01-13,MAR,2111,746,1365,2070,0,41,ITI,ITI3,11,Marche,Marche,1525271,932579,61.14,0.14
116,2021-05-02,MAR,8902,3938,4964,3082,5740,80,ITI,ITI3,11,Marche,Marche,1525271,941481,61.73,0.58
117,2021-06-28,MAR,12358,6025,6333,4613,7508,237,ITI,ITI3,11,Marche,Marche,1525271,953839,62.54,0.81
118,2021-05-05,MAR,11693,5321,6372,5106,6430,157,ITI,ITI3,11,Marche,Marche,1525271,965532,63.3,0.77
119,2021-05-07,MAR,12831,5799,7032,3573,9180,78,ITI,ITI3,11,Marche,Marche,1525271,978363,64.14,0.84
120,2021-04-06,MAR,8874,3692,5182,7930,810,134,ITI,ITI3,11,Marche,Marche,1525271,987237,64.73,0.58
121,2021-03-23,MAR,5839,2556,3283,2227,3576,36,ITI,ITI3,11,Marche,Marche,1525271,993076,65.11,0.38
122,2021-02-08,MAR,833,258,575,366,462,5,ITI,ITI3,11,Marche,Marche,1525271,993909,65.16,0.05
123,2021-07-15,MAR,16008,8286,7722,1750,14030,228,ITI,ITI3,11,Marche,Marche,1525271,1009917,66.21,1.05
124,2021-05-19,MAR,11661,5363,6298,8368,3097,196,ITI,ITI3,11,Marche,Marche,1525271,1021578,66.98,0.76
125,2021-03-21,MAR,4505,1873,2632,1614,2876,15,ITI,ITI3,11,Marche,Marche,1525271,1026083,67.27,0.3
126,2021-02-06,MAR,2462,901,1561,512,1941,9,ITI,ITI3,11,Marche,Marche,1525271,1028545,67.43,0.16
127,2021-07-17,MAR,15137,7793,7344,1384,13542,211,ITI,ITI3,11,Marche,Marche,1525271,1043682,68.43,0.99
128,2021-05-21,MAR,13904,6591,7313,7226,6467,211,ITI,ITI3,11,Marche,Marche,1525271,1057586,69.34,0.91
129,2021-03-11,MAR,6637,2824,3813,5148,1411,78,ITI,ITI3,11,Marche,Marche,1525271,1064223,69.77,0.44
130,2021-03-25,MAR,6703,2794,3909,3191,3456,56,ITI,ITI3,11,Marche,Marche,1525271,1070926,70.21,0.44
131,2021-07-03,MAR,13843,6991,6852,4136,9395,312,ITI,ITI3,11,Marche,Marche,1525271,1084769,71.12,0.91
132,2021-02-20,MAR,4163,1733,2430,4042,111,10,ITI,ITI3,11,Marche,Marche,1525271,1088932,71.39,0.27
133,2021-04-17,MAR,11705,5317,6388,10399,1073,233,ITI,ITI3,11,Marche,Marche,1525271,1100637,72.16,0.77
134,2021-07-26,MAR,11034,5738,5296,2113,8716,205,ITI,ITI3,11,Marche,Marche,1525271,1111671,72.88,0.72
135,2021-06-13,MAR,10749,5564,5185,9204,1296,249,ITI,ITI3,11,Marche,Marche,1525271,1122420,73.59,0.7
136,2020-12-27,MAR,209,100,109,207,0,2,ITI,ITI3,11,Marche,Marche,1525271,1122629,73.6,0.01
137,2021-08-02,MAR,11723,6207,5516,4601,6864,258,ITI,ITI3,11,Marche,Marche,1525271,1134352,74.37,0.77
138,2021-06-06,MAR,12453,6137,6316,10639,1578,236,ITI,ITI3,11,Marche,Marche,1525271,1146805,75.19,0.82
139,2021-03-22,MAR,5701,2410,3291,2481,3176,44,ITI,ITI3,11,Marche,Marche,1525271,1152506,75.56,0.37
140,2021-01-24,MAR,881,339,542,4,877,0,ITI,ITI3,11,Marche,Marche,1525271,1153387,75.62,0.06
141,2021-06-30,MAR,13651,6665,6986,4453,8987,211,ITI,ITI3,11,Marche,Marche,1525271,1167038,76.51,0.89
142,2021-05-04,MAR,10973,4840,6133,4928,5904,141,ITI,ITI3,11,Marche,Marche,1525271,1178011,77.23,0.72
143,2021-03-20,MAR,4178,1759,2419,1035,3129,14,ITI,ITI3,11,Marche,Marche,1525271,1182189,77.51,0.27
144,2021-01-22,MAR,489,168,321,193,294,2,ITI,ITI3,11,Marche,Marche,1525271,1182678,77.54,0.03
145,2021-07-07,MAR,14257,7068,7189,2936,11080,241,ITI,ITI3,11,Marche,Marche,1525271,1196935,78.47,0.93
146,2021-02-13,MAR,1093,462,631,988,82,23,ITI,ITI3,11,Marche,Marche,1525271,1198028,78.55,0.07
147,2021-01-27,MAR,2119,779,1340,115,2002,2,ITI,ITI3,11,Marche,Marche,1525271,1200147,78.68,0.14
148,2021-04-20,MAR,10754,5029,5725,9154,1470,130,ITI,ITI3,11,Marche,Marche,1525271,1210901,79.39,0.71
149,2021-07-29,MAR,14068,7462,6606,4290,9482,296,ITI,ITI3,11,Marche,Marche,1525271,1224969,80.31,0.92
150,2021-01-25,MAR,1597,558,1039,91,1506,0,ITI,ITI3,11,Marche,Marche,1525271,1226566,80.42,0.1
151,2021-01-08,MAR,1582,592,990,1567,0,15,ITI,ITI3,11,Marche,Marche,1525271,1228148,80.52,0.1
152,2021-04-18,MAR,8824,4132,4692,7733,921,170,ITI,ITI3,11,Marche,Marche,1525271,1236972,81.1,0.58
153,2021-02-27,MAR,3401,1457,1944,3158,209,34,ITI,ITI3,11,Marche,Marche,1525271,1240373,81.32,0.22
154,2021-03-18,MAR,3438,1505,1933,150,3276,12,ITI,ITI3,11,Marche,Marche,1525271,1243811,81.55,0.23
155,2021-06-26,MAR,13574,6904,6670,5688,7669,217,ITI,ITI3,11,Marche,Marche,1525271,1257385,82.44,0.89
156,2021-05-23,MAR,9209,4283,4926,7413,1672,124,ITI,ITI3,11,Marche,Marche,1525271,1266594,83.04,0.6
157,2021-05-06,MAR,12656,5823,6833,5363,7072,221,ITI,ITI3,11,Marche,Marche,1525271,1279250,83.87,0.83
158,2021-02-12,MAR,1581,618,963,1404,151,26,ITI,ITI3,11,Marche,Marche,1525271,1280831,83.97,0.1
159,2021-02-10,MAR,1440,452,988,1039,359,42,ITI,ITI3,11,Marche,Marche,1525271,1282271,84.07,0.09
160,2021-05-28,MAR,13957,6736,7221,8802,4857,298,ITI,ITI3,11,Marche,Marche,1525271,1296228,84.98,0.92
161,2021-04-01,MAR,7576,3182,4394,4068,3416,92,ITI,ITI3,11,Marche,Marche,1525271,1303804,85.48,0.5
162,2021-07-24,MAR,13272,7118,6154,2944,10071,257,ITI,ITI3,11,Marche,Marche,1525271,1317076,86.35,0.87
163,2021-07-10,MAR,14159,7232,6927,1656,12300,203,ITI,ITI3,11,Marche,Marche,1525271,1331235,87.28,0.93
164,2021-01-20,MAR,406,100,306,384,20,2,ITI,ITI3,11,Marche,Marche,1525271,1331641,87.31,0.03
165,2021-02-03,MAR,2126,742,1384,97,2008,21,ITI,ITI3,11,Marche,Marche,1525271,1333767,87.44,0.14
166,2021-05-14,MAR,13634,6293,7341,6510,6912,212,ITI,ITI3,11,Marche,Marche,1525271,1347401,88.34,0.89
167,2021-07-02,MAR,14546,7174,7372,4674,9642,230,ITI,ITI3,11,Marche,Marche,1525271,1361947,89.29,0.95
168,2021-06-18,MAR,15346,7647,7699,8294,6751,301,ITI,ITI3,11,Marche,Marche,1525271,1377293,90.3,1.01
169,2021-07-31,MAR,13200,7249,5951,5145,7726,329,ITI,ITI3,11,Marche,Marche,1525271,1390493,91.16,0.87
170,2021-07-14,MAR,13848,6819,7029,1784,11872,192,ITI,ITI3,11,Marche,Marche,1525271,1404341,92.07,0.91
171,2021-01-10,MAR,1746,702,1044,1732,0,14,ITI,ITI3,11,Marche,Marche,1525271,1406087,92.19,0.11
172,2021-06-02,MAR,11900,5938,5962,11029,676,195,ITI,ITI3,11,Marche,Marche,1525271,1417987,92.97,0.78
173,2021-02-22,MAR,3461,1532,1929,3352,75,34,ITI,ITI3,11,Marche,Marche,1525271,1421448,93.19,0.23
174,2021-08-05,MAR,11953,6416,5537,4078,7611,264,ITI,ITI3,11,Marche,Marche,1525271,1433401,93.98,0.78
175,2021-03-27,MAR,7415,3091,4324,4950,2393,72,ITI,ITI3,11,Marche,Marche,1525271,1440816,94.46,0.49
176,2021-07-12,MAR,13723,6804,6919,1229,12376,118,ITI,ITI3,11,Marche,Marche,1525271,1454539,95.36,0.9
177,2021-04-03,MAR,7574,3205,4369,6738,667,169,ITI,ITI3,11,Marche,Marche,1525271,1462113,95.86,0.5
178,2021-06-25,MAR,14346,7173,7173,6422,7635,289,ITI,ITI3,11,Marche,Marche,1525271,1476459,96.8,0.94
179,2021-07-21,MAR,14921,7618,7303,2064,12644,213,ITI,ITI3,11,Marche,Marche,1525271,1491380,97.78,0.98
180,2021-04-29,MAR,13441,6154,7287,7165,6099,177,ITI,ITI3,11,Marche,Marche,1525271,1504821,98.66,0.88
181,2021-06-11,MAR,13998,7154,6844,11371,2322,305,ITI,ITI3,11,Marche,Marche,1525271,1518819,99.58,0.92
182,2021-05-25,MAR,11767,5798,5969,8497,3050,220,ITI,ITI3,11,Marche,Marche,1525271,1530586,100.35,0.77
183,2021-03-01,MAR,3772,1520,2252,3503,248,21,ITI,ITI3,11,Marche,Marche,1525271,1534358,100.6,0.25
184,2021-04-10,MAR,10929,4626,6303,10379,313,237,ITI,ITI3,11,Marche,Marche,1525271,1545287,101.31,0.72
185,2021-01-03,MAR,913,359,554,903,0,10,ITI,ITI3,11,Marche,Marche,1525271,1546200,101.37,0.06
186,2021-07-19,MAR,14676,7531,7145,1927,12535,214,ITI,ITI3,11,Marche,Marche,1525271,1560876,102.33,0.96
187,2021-03-08,MAR,6297,2759,3538,5186,1002,109,ITI,ITI3,11,Marche,Marche,1525271,1567173,102.75,0.41
188,2021-02-05,MAR,2157,655,1502,437,1719,1,ITI,ITI3,11,Marche,Marche,1525271,1569330,102.89,0.14
189,2021-04-22,MAR,10797,4930,5867,9083,1578,136,ITI,ITI3,11,Marche,Marche,1525271,1580127,103.6,0.71
190,2021-02-24,MAR,3534,1547,1987,3424,78,32,ITI,ITI3,11,Marche,Marche,1525271,1583661,103.83,0.23
191,2021-06-04,MAR,14338,7290,7048,11590,2439,309,ITI,ITI3,11,Marche,Marche,1525271,1597999,104.77,0.94
192,2021-04-08,MAR,8730,3816,4914,8231,349,150,ITI,ITI3,11,Marche,Marche,1525271,1606729,105.34,0.57
193,2021-03-03,MAR,6700,3076,3624,5718,885,97,ITI,ITI3,11,Marche,Marche,1525271,1613429,105.78,0.44
194,2021-01-05,MAR,1582,592,990,1563,0,19,ITI,ITI3,11,Marche,Marche,1525271,1615011,105.88,0.1
195,2021-04-15,MAR,10377,4675,5702,9578,564,235,ITI,ITI3,11,Marche,Marche,1525271,1625388,106.56,0.68
196,2021-02-17,MAR,1828,701,1127,1642,118,68,ITI,ITI3,11,Marche,Marche,1525271,1627216,106.68,0.12
197,2021-05-16,MAR,10901,4958,5943,6551,4230,120,ITI,ITI3,11,Marche,Marche,1525271,1638117,107.4,0.71
198,2021-05-30,MAR,9732,4690,5042,6546,2989,197,ITI,ITI3,11,Marche,Marche,1525271,1647849,108.04,0.64
199,2021-04-27,MAR,9592,4390,5202,5511,3987,94,ITI,ITI3,11,Marche,Marche,1525271,1657441,108.67,0.63
200,2021-01-17,MAR,1623,695,928,1553,64,6,ITI,ITI3,11,Marche,Marche,1525271,1659064,108.77,0.11
201,2021-07-25,MAR,9349,4931,4418,1005,8247,97,ITI,ITI3,11,Marche,Marche,1525271,1668413,109.38,0.61
202,2021-01-04,MAR,1522,574,948,1510,0,12,ITI,ITI3,11,Marche,Marche,1525271,1669935,109.48,0.1
203,2021-04-14,MAR,10216,4564,5652,9662,370,184,ITI,ITI3,11,Marche,Marche,1525271,1680151,110.15,0.67
204,2020-12-30,MAR,17,5,12,17,0,0,ITI,ITI3,11,Marche,Marche,1525271,1680168,110.16,0.0
205,2021-04-09,MAR,9572,4192,5380,9159,200,213,ITI,ITI3,11,Marche,Marche,1525271,1689740,110.78,0.63
206,2021-07-27,MAR,14362,7530,6832,3033,11103,226,ITI,ITI3,11,Marche,Marche,1525271,1704102,111.72,0.94
207,2021-01-06,MAR,2209,803,1406,2190,0,19,ITI,ITI3,11,Marche,Marche,1525271,1706311,111.87,0.14
208,2021-03-04,MAR,6538,2894,3644,5084,1394,60,ITI,ITI3,11,Marche,Marche,1525271,1712849,112.3,0.43
209,2021-03-13,MAR,5807,2681,3126,1765,4002,40,ITI,ITI3,11,Marche,Marche,1525271,1718656,112.68,0.38
210,2021-06-21,MAR,12605,6184,6421,5481,6878,246,ITI,ITI3,11,Marche,Marche,1525271,1731261,113.51,0.83
211,2021-05-09,MAR,8864,4021,4843,3559,5228,77,ITI,ITI3,11,Marche,Marche,1525271,1740125,114.09,0.58
212,2021-03-06,MAR,5737,2641,3096,4423,1267,47,ITI,ITI3,11,Marche,Marche,1525271,1745862,114.46,0.38
213,2021-06-14,MAR,12837,6486,6351,9258,3309,270,ITI,ITI3,11,Marche,Marche,1525271,1758699,115.3,0.84
214,2021-01-29,MAR,1995,731,1264,159,1831,5,ITI,ITI3,11,Marche,Marche,1525271,1760694,115.43,0.13
215,2021-05-18,MAR,11270,5347,5923,7490,3602,178,ITI,ITI3,11,Marche,Marche,1525271,1771964,116.17,0.74
216,2021-05-11,MAR,10623,4832,5791,5490,4943,190,ITI,ITI3,11,Marche,Marche,1525271,1782587,116.87,0.7
217,2021-03-15,MAR,4450,2060,2390,1291,3138,21,ITI,ITI3,11,Marche,Marche,1525271,1787037,117.16,0.29
218,2021-06-23,MAR,13892,6817,7075,6627,7009,256,ITI,ITI3,11,Marche,Marche,1525271,1800929,118.07,0.91
219,2021-03-09,CAL,6529,3406,3123,5472,990,67,ITF,ITF6,18,Calabria,Calabria,1947131,6529,0.34,0.34
220,2021-02-20,CAL,1471,774,697,1134,323,14,ITF,ITF6,18,Calabria,Calabria,1947131,8000,0.41,0.08
221,2021-05-31,CAL,15297,7346,7951,7311,7905,81,ITF,ITF6,18,Calabria,Calabria,1947131,23297,1.2,0.79
222,2021-02-06,CAL,2920,1344,1576,443,2476,1,ITF,ITF6,18,Calabria,Calabria,1947131,26217,1.35,0.15
223,2021-07-10,CAL,15931,7530,8401,3242,12646,43,ITF,ITF6,18,Calabria,Calabria,1947131,42148,2.16,0.82
224,2021-01-23,CAL,402,187,215,359,43,0,ITF,ITF6,18,Calabria,Calabria,1947131,42550,2.19,0.02
225,2021-03-28,CAL,2697,1237,1460,1568,1124,5,ITF,ITF6,18,Calabria,Calabria,1947131,45247,2.32,0.14
226,2021-07-27,CAL,17558,8975,8583,5004,12472,82,ITF,ITF6,18,Calabria,Calabria,1947131,62805,3.23,0.9
227,2021-01-06,CAL,947,512,435,947,0,0,ITF,ITF6,18,Calabria,Calabria,1947131,63752,3.27,0.05
228,2021-04-16,CAL,10293,5025,5268,8622,1619,52,ITF,ITF6,18,Calabria,Calabria,1947131,74045,3.8,0.53
229,2021-02-18,CAL,1866,859,1007,1617,232,17,ITF,ITF6,18,Calabria,Calabria,1947131,75911,3.9,0.1
230,2021-08-03,CAL,14073,7105,6968,3905,10097,71,ITF,ITF6,18,Calabria,Calabria,1947131,89984,4.62,0.72
231,2021-06-21,CAL,15394,7088,8306,7992,7363,39,ITF,ITF6,18,Calabria,Calabria,1947131,105378,5.41,0.79
232,2021-04-18,CAL,5867,2803,3064,4927,918,22,ITF,ITF6,18,Calabria,Calabria,1947131,111245,5.71,0.3
233,2021-04-04,CAL,1573,788,785,1141,421,11,ITF,ITF6,18,Calabria,Calabria,1947131,112818,5.79,0.08
234,2021-06-26,CAL,15576,7198,8378,7576,7931,69,ITF,ITF6,18,Calabria,Calabria,1947131,128394,6.59,0.8
235,2021-07-22,CAL,18296,9012,9284,3477,14730,89,ITF,ITF6,18,Calabria,Calabria,1947131,146690,7.53,0.94
236,2021-04-30,CAL,15073,7389,7684,10545,4455,73,ITF,ITF6,18,Calabria,Calabria,1947131,161763,8.31,0.77
237,2021-06-14,CAL,14375,6521,7854,9631,4667,77,ITF,ITF6,18,Calabria,Calabria,1947131,176138,9.05,0.74
238,2021-03-04,CAL,5486,3193,2293,4668,798,20,ITF,ITF6,18,Calabria,Calabria,1947131,181624,9.33,0.28
239,2021-06-12,CAL,13246,6299,6947,10781,2398,67,ITF,ITF6,18,Calabria,Calabria,1947131,194870,10.01,0.68
240,2021-07-01,CAL,12350,5819,6531,5434,6831,85,ITF,ITF6,18,Calabria,Calabria,1947131,207220,10.64,0.63
241,2021-02-01,CAL,2552,1211,1341,240,2309,3,ITF,ITF6,18,Calabria,Calabria,1947131,209772,10.77,0.13
242,2021-07-08,CAL,12051,5620,6431,2694,9314,43,ITF,ITF6,18,Calabria,Calabria,1947131,221823,11.39,0.62
243,2021-05-12,CAL,16464,8029,8435,10837,5533,94,ITF,ITF6,18,Calabria,Calabria,1947131,238287,12.24,0.85
244,2021-05-26,CAL,18722,9325,9397,10318,8311,93,ITF,ITF6,18,Calabria,Calabria,1947131,257009,13.2,0.96
245,2021-01-11,CAL,2182,1057,1125,2180,0,2,ITF,ITF6,18,Calabria,Calabria,1947131,259191,13.31,0.11
246,2021-01-25,CAL,1087,522,565,150,937,0,ITF,ITF6,18,Calabria,Calabria,1947131,260278,13.37,0.06
247,2021-05-05,CAL,13570,6493,7077,8410,5087,73,ITF,ITF6,18,Calabria,Calabria,1947131,273848,14.06,0.7
248,2021-03-02,CAL,4381,2496,1885,3610,762,9,ITF,ITF6,18,Calabria,Calabria,1947131,278229,14.29,0.22
249,2021-03-16,CAL,3863,1895,1968,2186,1665,12,ITF,ITF6,18,Calabria,Calabria,1947131,282092,14.49,0.2
250,2021-03-11,CAL,7286,3464,3822,5952,1287,47,ITF,ITF6,18,Calabria,Calabria,1947131,289378,14.86,0.37
251,2021-06-19,CAL,15845,7414,8431,8500,7278,67,ITF,ITF6,18,Calabria,Calabria,1947131,305223,15.68,0.81
252,2021-01-04,CAL,1073,532,541,1070,0,3,ITF,ITF6,18,Calabria,Calabria,1947131,306296,15.73,0.06
253,2021-04-23,CAL,13135,6451,6684,9435,3604,96,ITF,ITF6,18,Calabria,Calabria,1947131,319431,16.41,0.67
254,2021-01-13,CAL,2076,1049,1027,2064,0,12,ITF,ITF6,18,Calabria,Calabria,1947131,321507,16.51,0.11
255,2021-06-23,CAL,17206,7864,9342,8129,8997,80,ITF,ITF6,18,Calabria,Calabria,1947131,338713,17.4,0.88
256,2021-06-07,CAL,18001,8419,9582,14712,3209,80,ITF,ITF6,18,Calabria,Calabria,1947131,356714,18.32,0.92
257,2021-05-24,CAL,17768,8899,8869,9937,7749,82,ITF,ITF6,18,Calabria,Calabria,1947131,374482,19.23,0.91
258,2021-05-07,CAL,16183,7625,8558,9656,6451,76,ITF,ITF6,18,Calabria,Calabria,1947131,390665,20.06,0.83
259,2021-02-13,CAL,1403,607,796,1034,366,3,ITF,ITF6,18,Calabria,Calabria,1947131,392068,20.14,0.07
260,2021-06-11,CAL,17824,8758,9066,15127,2576,121,ITF,ITF6,18,Calabria,Calabria,1947131,409892,21.05,0.92
261,2021-01-18,CAL,1301,591,710,1052,245,4,ITF,ITF6,18,Calabria,Calabria,1947131,411193,21.12,0.07
262,2021-07-03,CAL,15152,7136,8016,5263,9813,76,ITF,ITF6,18,Calabria,Calabria,1947131,426345,21.9,0.78
263,2021-04-11,CAL,4203,1911,2292,2241,1946,16,ITF,ITF6,18,Calabria,Calabria,1947131,430548,22.11,0.22
264,2021-07-20,CAL,17481,8478,9003,3203,14210,68,ITF,ITF6,18,Calabria,Calabria,1947131,448029,23.01,0.9
265,2021-04-13,CAL,6938,3407,3531,5589,1328,21,ITF,ITF6,18,Calabria,Calabria,1947131,454967,23.37,0.36
266,2021-01-30,CAL,2207,1166,1041,322,1882,3,ITF,ITF6,18,Calabria,Calabria,1947131,457174,23.48,0.11
267,2021-02-17,CAL,1870,826,1044,1645,211,14,ITF,ITF6,18,Calabria,Calabria,1947131,459044,23.58,0.1
268,2021-07-24,CAL,17997,9257,8740,4574,13329,94,ITF,ITF6,18,Calabria,Calabria,1947131,477041,24.5,0.92
269,2021-05-28,CAL,20992,10201,10791,11422,9458,112,ITF,ITF6,18,Calabria,Calabria,1947131,498033,25.58,1.08
270,2021-04-15,CAL,7768,3809,3959,5981,1745,42,ITF,ITF6,18,Calabria,Calabria,1947131,505801,25.98,0.4
271,2021-04-01,CAL,8677,3950,4727,4157,4486,34,ITF,ITF6,18,Calabria,Calabria,1947131,514478,26.42,0.45
272,2021-03-30,CAL,6453,2808,3645,3647,2787,19,ITF,ITF6,18,Calabria,Calabria,1947131,520931,26.75,0.33
273,2021-05-19,CAL,18308,9070,9238,11252,6983,73,ITF,ITF6,18,Calabria,Calabria,1947131,539239,27.69,0.94
274,2021-03-23,CAL,5262,2469,2793,3424,1817,21,ITF,ITF6,18,Calabria,Calabria,1947131,544501,27.96,0.27
275,2021-07-15,CAL,18296,8816,9480,2530,15720,46,ITF,ITF6,18,Calabria,Calabria,1947131,562797,28.9,0.94
276,2021-02-25,CAL,2908,1567,1341,2270,598,40,ITF,ITF6,18,Calabria,Calabria,1947131,565705,29.05,0.15
277,2021-03-06,CAL,8504,4379,4125,7681,802,21,ITF,ITF6,18,Calabria,Calabria,1947131,574209,29.49,0.44
278,2021-07-29,CAL,16750,8333,8417,4510,12143,97,ITF,ITF6,18,Calabria,Calabria,1947131,590959,30.35,0.86
279,2021-02-11,CAL,2350,1050,1300,1062,1266,22,ITF,ITF6,18,Calabria,Calabria,1947131,593309,30.47,0.12
280,2021-05-14,CAL,19927,9570,10357,12942,6875,110,ITF,ITF6,18,Calabria,Calabria,1947131,613236,31.49,1.02
281,2021-04-27,CAL,9968,4902,5066,7962,1958,48,ITF,ITF6,18,Calabria,Calabria,1947131,623204,32.01,0.51
282,2021-02-03,CAL,2867,1476,1391,547,2315,5,ITF,ITF6,18,Calabria,Calabria,1947131,626071,32.15,0.15
283,2021-07-19,CAL,18992,9101,9891,3024,15920,48,ITF,ITF6,18,Calabria,Calabria,1947131,645063,33.13,0.98
284,2021-08-05,CAL,12454,6275,6179,3866,8494,94,ITF,ITF6,18,Calabria,Calabria,1947131,657517,33.77,0.64
285,2021-02-22,CAL,2073,1053,1020,1504,560,9,ITF,ITF6,18,Calabria,Calabria,1947131,659590,33.87,0.11
286,2021-03-13,CAL,6982,3027,3955,5940,1010,32,ITF,ITF6,18,Calabria,Calabria,1947131,666572,34.23,0.36
287,2021-01-15,CAL,2814,1265,1549,2808,0,6,ITF,ITF6,18,Calabria,Calabria,1947131,669386,34.38,0.14
288,2021-04-25,CAL,15891,8063,7828,14802,1025,64,ITF,ITF6,18,Calabria,Calabria,1947131,685277,35.19,0.82
289,2021-01-08,CAL,2188,1044,1144,2181,0,7,ITF,ITF6,18,Calabria,Calabria,1947131,687465,35.31,0.11
290,2021-03-18,CAL,4463,2088,2375,2336,2104,23,ITF,ITF6,18,Calabria,Calabria,1947131,691928,35.54,0.23
291,2021-02-27,CAL,4027,2072,1955,3637,383,7,ITF,ITF6,18,Calabria,Calabria,1947131,695955,35.74,0.21
292,2021-07-31,CAL,13803,7059,6744,3649,10084,70,ITF,ITF6,18,Calabria,Calabria,1947131,709758,36.45,0.71
293,2021-01-27,CAL,1482,749,733,388,1093,1,ITF,ITF6,18,Calabria,Calabria,1947131,711240,36.53,0.08
294,2021-04-08,CAL,9329,4418,4911,5814,3470,45,ITF,ITF6,18,Calabria,Calabria,1947131,720569,37.01,0.48
295,2021-02-10,CAL,2517,1082,1435,870,1632,15,ITF,ITF6,18,Calabria,Calabria,1947131,723086,37.14,0.13
296,2021-07-17,CAL,18331,9044,9287,2713,15553,65,ITF,ITF6,18,Calabria,Calabria,1947131,741417,38.08,0.94
297,2021-06-04,CAL,17532,8154,9378,12953,4509,70,ITF,ITF6,18,Calabria,Calabria,1947131,758949,38.98,0.9
298,2021-05-21,CAL,21339,10868,10471,13858,7372,109,ITF,ITF6,18,Calabria,Calabria,1947131,780288,40.07,1.1
299,2021-01-20,CAL,1408,629,779,1404,1,3,ITF,ITF6,18,Calabria,Calabria,1947131,781696,40.15,0.07
300,2021-01-03,CAL,6,3,3,6,0,0,ITF,ITF6,18,Calabria,Calabria,1947131,781702,40.15,0.0
301,2021-03-27,CAL,8814,4010,4804,4660,4110,44,ITF,ITF6,18,Calabria,Calabria,1947131,790516,40.6,0.45
302,2021-07-05,CAL,13392,6258,7134,4292,9043,57,ITF,ITF6,18,Calabria,Calabria,1947131,803908,41.29,0.69
303,2021-03-08,CAL,5502,2978,2524,4397,1074,31,ITF,ITF6,18,Calabria,Calabria,1947131,809410,41.57,0.28
304,2021-03-25,CAL,7510,3545,3965,4578,2901,31,ITF,ITF6,18,Calabria,Calabria,1947131,816920,41.96,0.39
305,2021-02-15,CAL,1161,554,607,1001,155,5,ITF,ITF6,18,Calabria,Calabria,1947131,818081,42.01,0.06
306,2020-12-27,CAL,313,168,145,313,0,0,ITF,ITF6,18,Calabria,Calabria,1947131,818394,42.03,0.02
307,2021-04-06,CAL,8153,3714,4439,4463,3663,27,ITF,ITF6,18,Calabria,Calabria,1947131,826547,42.45,0.42
308,2021-02-08,CAL,1875,746,1129,666,1206,3,ITF,ITF6,18,Calabria,Calabria,1947131,828422,42.55,0.1
309,2021-04-24,CAL,19282,9596,9686,15754,3443,85,ITF,ITF6,18,Calabria,Calabria,1947131,847704,43.54,0.99
310,2021-02-26,CAL,3118,1660,1458,2643,460,15,ITF,ITF6,18,Calabria,Calabria,1947131,850822,43.7,0.16
311,2021-08-02,CAL,15077,7542,7535,3718,11303,56,ITF,ITF6,18,Calabria,Calabria,1947131,865899,44.47,0.77
312,2021-06-20,CAL,6657,3152,3505,3817,2812,28,ITF,ITF6,18,Calabria,Calabria,1947131,872556,44.81,0.34
313,2021-05-23,CAL,11390,5554,5836,6997,4348,45,ITF,ITF6,18,Calabria,Calabria,1947131,883946,45.4,0.58
314,2021-03-01,CAL,2741,1556,1185,2278,459,4,ITF,ITF6,18,Calabria,Calabria,1947131,886687,45.54,0.14
315,2021-06-09,CAL,18243,8613,9630,15906,2254,83,ITF,ITF6,18,Calabria,Calabria,1947131,904930,46.48,0.94
316,2021-07-12,CAL,17967,8532,9435,2675,15243,49,ITF,ITF6,18,Calabria,Calabria,1947131,922897,47.4,0.92
317,2021-01-10,CAL,945,532,413,945,0,0,ITF,ITF6,18,Calabria,Calabria,1947131,923842,47.45,0.05
318,2021-04-20,CAL,7869,3976,3893,6060,1736,73,ITF,ITF6,18,Calabria,Calabria,1947131,931711,47.85,0.4
319,2021-02-12,CAL,1721,679,1042,942,773,6,ITF,ITF6,18,Calabria,Calabria,1947131,933432,47.94,0.09
320,2021-02-14,CAL,482,221,261,449,32,1,ITF,ITF6,18,Calabria,Calabria,1947131,933914,47.96,0.02
321,2021-05-25,CAL,16413,8037,8376,10215,6112,86,ITF,ITF6,18,Calabria,Calabria,1947131,950327,48.81,0.84
322,2021-01-26,CAL,1880,902,978,273,1606,1,ITF,ITF6,18,Calabria,Calabria,1947131,952207,48.9,0.1
323,2021-06-02,CAL,12097,5800,6297,8785,3265,47,ITF,ITF6,18,Calabria,Calabria,1947131,964304,49.52,0.62
324,2021-05-16,CAL,13793,6730,7063,9917,3823,53,ITF,ITF6,18,Calabria,Calabria,1947131,978097,50.23,0.71
325,2021-07-21,CAL,22061,10594,11467,4498,17452,111,ITF,ITF6,18,Calabria,Calabria,1947131,1000158,51.37,1.13
326,2021-01-17,CAL,901,434,467,799,96,6,ITF,ITF6,18,Calabria,Calabria,1947131,1001059,51.41,0.05
327,2021-03-24,CAL,7858,3599,4259,4520,3315,23,ITF,ITF6,18,Calabria,Calabria,1947131,1008917,51.82,0.4
328,2021-06-30,CAL,16392,7508,8884,7025,9266,101,ITF,ITF6,18,Calabria,Calabria,1947131,1025309,52.66,0.84
329,2021-06-28,CAL,13300,6124,7176,5381,7853,66,ITF,ITF6,18,Calabria,Calabria,1947131,1038609,53.34,0.68
330,2021-03-20,CAL,6735,3083,3652,4178,2541,16,ITF,ITF6,18,Calabria,Calabria,1947131,1045344,53.69,0.35
331,2021-03-15,CAL,3633,1752,1881,2161,1462,10,ITF,ITF6,18,Calabria,Calabria,1947131,1048977,53.87,0.19
332,2021-07-02,CAL,16264,7531,8733,6245,9938,81,ITF,ITF6,18,Calabria,Calabria,1947131,1065241,54.71,0.84
333,2021-05-20,CAL,16985,8498,8487,11270,5648,67,ITF,ITF6,18,Calabria,Calabria,1947131,1082226,55.58,0.87
334,2021-02-07,CAL,867,432,435,144,721,2,ITF,ITF6,18,Calabria,Calabria,1947131,1083093,55.63,0.04
335,2021-05-18,CAL,15337,7673,7664,11847,3422,68,ITF,ITF6,18,Calabria,Calabria,1947131,1098430,56.41,0.79
336,2021-03-22,CAL,4983,2342,2641,3180,1778,25,ITF,ITF6,18,Calabria,Calabria,1947131,1103413,56.67,0.26
337,2021-06-16,CAL,18334,8473,9861,12125,6119,90,ITF,ITF6,18,Calabria,Calabria,1947131,1121747,57.61,0.94
338,2021-06-18,CAL,18883,8795,10088,11263,7506,114,ITF,ITF6,18,Calabria,Calabria,1947131,1140630,58.58,0.97
339,2021-06-06,CAL,13791,6629,7162,12014,1708,69,ITF,ITF6,18,Calabria,Calabria,1947131,1154421,59.29,0.71
340,2021-01-07,CAL,2212,1083,1129,2208,0,4,ITF,ITF6,18,Calabria,Calabria,1947131,1156633,59.4,0.11
341,2021-06-13,CAL,6844,3358,3486,5733,1056,55,ITF,ITF6,18,Calabria,Calabria,1947131,1163477,59.75,0.35
342,2021-04-17,CAL,10831,5070,5761,9013,1773,45,ITF,ITF6,18,Calabria,Calabria,1947131,1174308,60.31,0.56
343,2021-05-01,CAL,16724,7971,8753,12393,4245,86,ITF,ITF6,18,Calabria,Calabria,1947131,1191032,61.17,0.86
344,2021-03-05,CAL,6239,3621,2618,5647,576,16,ITF,ITF6,18,Calabria,Calabria,1947131,1197271,61.49,0.32
345,2021-01-05,CAL,1537,722,815,1535,0,2,ITF,ITF6,18,Calabria,Calabria,1947131,1198808,61.57,0.08
346,2021-01-12,CAL,2087,1032,1055,2078,0,9,ITF,ITF6,18,Calabria,Calabria,1947131,1200895,61.68,0.11
347,2021-07-28,CAL,21351,10720,10631,5906,15336,109,ITF,ITF6,18,Calabria,Calabria,1947131,1222246,62.77,1.1
348,2021-04-22,CAL,9813,4907,4906,6853,2912,48,ITF,ITF6,18,Calabria,Calabria,1947131,1232059,63.28,0.5
349,2021-05-06,CAL,13303,6298,7005,8932,4305,66,ITF,ITF6,18,Calabria,Calabria,1947131,1245362,63.96,0.68
350,2021-07-14,CAL,22612,10666,11946,4149,18387,76,ITF,ITF6,18,Calabria,Calabria,1947131,1267974,65.12,1.16
351,2021-04-05,CAL,3643,1729,1914,2672,959,12,ITF,ITF6,18,Calabria,Calabria,1947131,1271617,65.31,0.19
352,2021-07-26,CAL,18682,9287,9395,5175,13419,88,ITF,ITF6,18,Calabria,Calabria,1947131,1290299,66.27,0.96
353,2021-03-12,CAL,5157,2469,2688,4077,1061,19,ITF,ITF6,18,Calabria,Calabria,1947131,1295456,66.53,0.26
354,2021-01-14,CAL,2663,1264,1399,2657,0,6,ITF,ITF6,18,Calabria,Calabria,1947131,1298119,66.67,0.14
355,2021-01-21,CAL,980,459,521,944,33,3,ITF,ITF6,18,Calabria,Calabria,1947131,1299099,66.72,0.05
356,2021-02-09,CAL,2168,917,1251,950,1209,9,ITF,ITF6,18,Calabria,Calabria,1947131,1301267,66.83,0.11
357,2021-05-29,CAL,19283,8954,10329,9348,9859,76,ITF,ITF6,18,Calabria,Calabria,1947131,1320550,67.82,0.99
358,2021-07-25,CAL,6948,3570,3378,1468,5448,32,ITF,ITF6,18,Calabria,Calabria,1947131,1327498,68.18,0.36
359,2021-04-14,CAL,8081,3902,4179,6583,1451,47,ITF,ITF6,18,Calabria,Calabria,1947131,1335579,68.59,0.42
360,2021-02-16,CAL,1748,743,1005,1462,281,5,ITF,ITF6,18,Calabria,Calabria,1947131,1337327,68.68,0.09
361,2021-07-23,CAL,22648,11301,11347,5529,17024,95,ITF,ITF6,18,Calabria,Calabria,1947131,1359975,69.85,1.16
362,2021-05-27,CAL,17657,8730,8927,9772,7804,81,ITF,ITF6,18,Calabria,Calabria,1947131,1377632,70.75,0.91
363,2021-08-01,CAL,4894,2562,2332,1172,3698,24,ITF,ITF6,18,Calabria,Calabria,1947131,1382526,71.0,0.25
364,2021-03-10,CAL,6828,3469,3359,5451,1342,35,ITF,ITF6,18,Calabria,Calabria,1947131,1389354,71.35,0.35
365,2021-06-01,CAL,12867,5967,6900,7884,4925,58,ITF,ITF6,18,Calabria,Calabria,1947131,1402221,72.01,0.66
366,2021-05-13,CAL,15958,7678,8280,11175,4712,71,ITF,ITF6,18,Calabria,Calabria,1947131,1418179,72.83,0.82
367,2021-02-19,CAL,1511,683,828,1239,263,9,ITF,ITF6,18,Calabria,Calabria,1947131,1419690,72.91,0.08
368,2021-05-30,CAL,10987,5291,5696,6798,4153,36,ITF,ITF6,18,Calabria,Calabria,1947131,1430677,73.48,0.56
369,2021-04-10,CAL,11695,5295,6400,6793,4858,44,ITF,ITF6,18,Calabria,Calabria,1947131,1442372,74.08,0.6
370,2021-02-05,CAL,3854,1739,2115,473,3366,15,ITF,ITF6,18,Calabria,Calabria,1947131,1446226,74.27,0.2
371,2021-04-29,CAL,12490,6072,6418,8657,3781,52,ITF,ITF6,18,Calabria,Calabria,1947131,1458716,74.92,0.64
372,2021-04-12,CAL,7026,3421,3605,5352,1651,23,ITF,ITF6,18,Calabria,Calabria,1947131,1465742,75.28,0.36
373,2021-01-19,CAL,1130,498,632,1115,13,2,ITF,ITF6,18,Calabria,Calabria,1947131,1466872,75.34,0.06
374,2021-07-04,CAL,5936,2814,3122,1981,3919,36,ITF,ITF6,18,Calabria,Calabria,1947131,1472808,75.64,0.3
375,2021-06-17,CAL,15816,7226,8590,9593,6169,54,ITF,ITF6,18,Calabria,Calabria,1947131,1488624,76.45,0.81
376,2021-03-26,CAL,8095,3841,4254,4939,3128,28,ITF,ITF6,18,Calabria,Calabria,1947131,1496719,76.87,0.42
377,2021-02-24,CAL,1929,982,947,1445,478,6,ITF,ITF6,18,Calabria,Calabria,1947131,1498648,76.97,0.1
378,2021-03-03,CAL,5077,2775,2302,3983,1081,13,ITF,ITF6,18,Calabria,Calabria,1947131,1503725,77.23,0.26
379,2021-08-04,CAL,16035,8124,7911,4266,11669,100,ITF,ITF6,18,Calabria,Calabria,1947131,1519760,78.05,0.82
380,2021-06-08,CAL,16678,7902,8776,14519,2037,122,ITF,ITF6,18,Calabria,Calabria,1947131,1536438,78.91,0.86
381,2021-03-17,CAL,4156,1852,2304,2188,1959,9,ITF,ITF6,18,Calabria,Calabria,1947131,1540594,79.12,0.21
382,2021-06-25,CAL,18825,8738,10087,8081,10664,80,ITF,ITF6,18,Calabria,Calabria,1947131,1559419,80.09,0.97
383,2021-07-13,CAL,17427,8155,9272,2313,15047,67,ITF,ITF6,18,Calabria,Calabria,1947131,1576846,80.98,0.9
384,2021-05-17,CAL,14916,7469,7447,10149,4715,52,ITF,ITF6,18,Calabria,Calabria,1947131,1591762,81.75,0.77
385,2021-02-21,CAL,637,299,338,559,77,1,ITF,ITF6,18,Calabria,Calabria,1947131,1592399,81.78,0.03
386,2021-06-27,CAL,8428,3947,4481,4991,3397,40,ITF,ITF6,18,Calabria,Calabria,1947131,1600827,82.21,0.43
387,2021-04-03,CAL,9429,4077,5352,4517,4852,60,ITF,ITF6,18,Calabria,Calabria,1947131,1610256,82.7,0.48
388,2021-01-28,CAL,2290,1136,1154,81,2209,0,ITF,ITF6,18,Calabria,Calabria,1947131,1612546,82.82,0.12
389,2021-04-28,CAL,12574,6099,6475,9627,2876,71,ITF,ITF6,18,Calabria,Calabria,1947131,1625120,83.46,0.65
390,2021-02-04,CAL,3667,1743,1924,648,3013,6,ITF,ITF6,18,Calabria,Calabria,1947131,1628787,83.65,0.19
391,2021-05-15,CAL,27247,13036,14211,20256,6860,131,ITF,ITF6,18,Calabria,Calabria,1947131,1656034,85.05,1.4
392,2021-02-02,CAL,2368,1166,1202,176,2192,0,ITF,ITF6,18,Calabria,Calabria,1947131,1658402,85.17,0.12
393,2021-01-16,CAL,2412,1131,1281,2409,0,3,ITF,ITF6,18,Calabria,Calabria,1947131,1660814,85.3,0.12
394,2021-04-19,CAL,7889,3808,4081,6161,1681,47,ITF,ITF6,18,Calabria,Calabria,1947131,1668703,85.7,0.41
395,2021-01-09,CAL,2034,1096,938,2026,0,8,ITF,ITF6,18,Calabria,Calabria,1947131,1670737,85.81,0.1
396,2021-02-28,CAL,2351,1070,1281,2194,154,3,ITF,ITF6,18,Calabria,Calabria,1947131,1673088,85.93,0.12
397,2021-07-06,CAL,11837,5462,6375,3614,8161,62,ITF,ITF6,18,Calabria,Calabria,1947131,1684925,86.53,0.61
398,2021-01-02,CAL,166,94,72,166,0,0,ITF,ITF6,18,Calabria,Calabria,1947131,1685091,86.54,0.01
399,2021-05-08,CAL,18509,8410,10099,10525,7917,67,ITF,ITF6,18,Calabria,Calabria,1947131,1703600,87.49,0.95
400,2021-05-22,CAL,22195,10564,11631,14214,7891,90,ITF,ITF6,18,Calabria,Calabria,1947131,1725795,88.63,1.14
401,2021-04-21,CAL,11585,5819,5766,8619,2909,57,ITF,ITF6,18,Calabria,Calabria,1947131,1737380,89.23,0.59
402,2021-07-30,CAL,19724,10055,9669,5520,14084,120,ITF,ITF6,18,Calabria,Calabria,1947131,1757104,90.24,1.01
403,2021-04-02,CAL,8536,3910,4626,4580,3924,32,ITF,ITF6,18,Calabria,Calabria,1947131,1765640,90.68,0.44
404,2021-06-24,CAL,15381,7012,8369,6963,8338,80,ITF,ITF6,18,Calabria,Calabria,1947131,1781021,91.47,0.79
405,2021-03-19,CAL,4219,1972,2247,1887,2325,7,ITF,ITF6,18,Calabria,Calabria,1947131,1785240,91.69,0.22
406,2021-06-29,CAL,13064,6039,7025,5360,7654,50,ITF,ITF6,18,Calabria,Calabria,1947131,1798304,92.36,0.67
407,2021-05-03,CAL,14833,6797,8036,10466,4279,88,ITF,ITF6,18,Calabria,Calabria,1947131,1813137,93.12,0.76
408,2021-03-21,CAL,4453,1923,2530,2728,1715,10,ITF,ITF6,18,Calabria,Calabria,1947131,1817590,93.35,0.23
409,2021-03-07,CAL,3405,1738,1667,3299,92,14,ITF,ITF6,18,Calabria,Calabria,1947131,1820995,93.52,0.17
410,2021-06-15,CAL,9908,4586,5322,6468,3377,63,ITF,ITF6,18,Calabria,Calabria,1947131,1830903,94.03,0.51
411,2021-03-14,CAL,2735,1063,1672,2280,448,7,ITF,ITF6,18,Calabria,Calabria,1947131,1833638,94.17,0.14
412,2021-06-22,CAL,14616,6914,7702,7381,7140,95,ITF,ITF6,18,Calabria,Calabria,1947131,1848254,94.92,0.75
413,2021-05-10,CAL,13168,6125,7043,7703,5408,57,ITF,ITF6,18,Calabria,Calabria,1947131,1861422,95.6,0.68
414,2021-04-26,CAL,10194,5064,5130,7724,2426,44,ITF,ITF6,18,Calabria,Calabria,1947131,1871616,96.12,0.52
415,2021-07-11,CAL,6425,2980,3445,843,5572,10,ITF,ITF6,18,Calabria,Calabria,1947131,1878041,96.45,0.33
416,2021-06-10,CAL,15888,7329,8559,12985,2803,100,ITF,ITF6,18,Calabria,Calabria,1947131,1893929,97.27,0.82
417,2021-05-09,CAL,9656,4507,5149,6051,3561,44,ITF,ITF6,18,Calabria,Calabria,1947131,1903585,97.76,0.5
418,2021-01-29,CAL,2071,999,1072,226,1844,1,ITF,ITF6,18,Calabria,Calabria,1947131,1905656,97.87,0.11
419,2021-05-04,CAL,16479,7602,8877,11644,4746,89,ITF,ITF6,18,Calabria,Calabria,1947131,1922135,98.72,0.85
420,2021-01-22,CAL,660,276,384,658,2,0,ITF,ITF6,18,Calabria,Calabria,1947131,1922795,98.75,0.03
421,2021-05-02,CAL,12542,5857,6685,10588,1894,60,ITF,ITF6,18,Calabria,Calabria,1947131,1935337,99.39,0.64
422,2021-03-29,CAL,5771,2495,3276,3979,1768,24,ITF,ITF6,18,Calabria,Calabria,1947131,1941108,99.69,0.3
423,2021-01-31,CAL,1123,559,564,151,972,0,ITF,ITF6,18,Calabria,Calabria,1947131,1942231,99.75,0.06
424,2021-07-07,CAL,13960,6578,7382,3905,9984,71,ITF,ITF6,18,Calabria,Calabria,1947131,1956191,100.47,0.72
425,2021-05-11,CAL,15103,7317,7786,10241,4795,67,ITF,ITF6,18,Calabria,Calabria,1947131,1971294,101.24,0.78
426,2021-07-16,CAL,21042,10026,11016,3384,17588,70,ITF,ITF6,18,Calabria,Calabria,1947131,1992336,102.32,1.08
427,2021-01-24,CAL,46,19,27,40,6,0,ITF,ITF6,18,Calabria,Calabria,1947131,1992382,102.32,0.0
428,2021-07-09,CAL,15669,7305,8364,3636,11964,69,ITF,ITF6,18,Calabria,Calabria,1947131,2008051,103.13,0.8
429,2020-12-28,CAL,6,2,4,6,0,0,ITF,ITF6,18,Calabria,Calabria,1947131,2008057,103.13,0.0
430,2021-06-03,CAL,14244,6655,7589,9590,4599,55,ITF,ITF6,18,Calabria,Calabria,1947131,2022301,103.86,0.73
431,2021-04-07,CAL,7175,3267,3908,4092,3037,46,ITF,ITF6,18,Calabria,Calabria,1947131,2029476,104.23,0.37
432,2021-02-23,CAL,1605,758,847,1483,117,5,ITF,ITF6,18,Calabria,Calabria,1947131,2031081,104.31,0.08
433,2021-03-31,CAL,9142,4174,4968,5061,4047,34,ITF,ITF6,18,Calabria,Calabria,1947131,2040223,104.78,0.47
434,2021-04-09,CAL,7994,3748,4246,5023,2891,80,ITF,ITF6,18,Calabria,Calabria,1947131,2048217,105.19,0.41
435,2021-07-18,CAL,8781,4204,4577,1273,7476,32,ITF,ITF6,18,Calabria,Calabria,1947131,2056998,105.64,0.45
436,2021-06-05,CAL,20722,9698,11024,17623,3020,79,ITF,ITF6,18,Calabria,Calabria,1947131,2077720,106.71,1.06
437,2021-05-17,VEN,26530,12992,13538,15661,10049,820,ITH,ITH3,5,Veneto,Veneto,4905854,26530,0.54,0.54
438,2021-02-06,VEN,4097,1354,2743,708,3389,0,ITH,ITH3,5,Veneto,Veneto,4905854,30627,0.62,0.08
439,2021-02-23,VEN,7383,3253,4130,7029,270,84,ITH,ITH3,5,Veneto,Veneto,4905854,38010,0.77,0.15
440,2021-05-05,VEN,44404,21278,23126,36229,6566,1609,ITH,ITH3,5,Veneto,Veneto,4905854,82414,1.68,0.91
441,2021-07-01,VEN,50921,26007,24914,20678,29240,1003,ITH,ITH3,5,Veneto,Veneto,4905854,133335,2.72,1.04
442,2021-07-18,VEN,37706,19754,17952,3836,33620,250,ITH,ITH3,5,Veneto,Veneto,4905854,171041,3.49,0.77
443,2021-02-25,VEN,7900,3341,4559,7157,606,137,ITH,ITH3,5,Veneto,Veneto,4905854,178941,3.65,0.16
444,2021-04-09,VEN,31200,13767,17433,21915,8347,938,ITH,ITH3,5,Veneto,Veneto,4905854,210141,4.28,0.64
445,2021-06-05,VEN,46866,24139,22727,37330,8092,1444,ITH,ITH3,5,Veneto,Veneto,4905854,257007,5.24,0.96
446,2021-01-11,VEN,7243,2102,5141,7242,0,1,ITH,ITH3,5,Veneto,Veneto,4905854,264250,5.39,0.15
447,2021-04-21,VEN,32386,13196,19190,15557,16057,772,ITH,ITH3,5,Veneto,Veneto,4905854,296636,6.05,0.66
448,2021-05-22,VEN,34820,16697,18123,12710,21441,669,ITH,ITH3,5,Veneto,Veneto,4905854,331456,6.76,0.71
449,2021-02-11,VEN,4014,1238,2776,3347,628,39,ITH,ITH3,5,Veneto,Veneto,4905854,335470,6.84,0.08
450,2021-01-28,VEN,9216,2666,6550,169,9045,2,ITH,ITH3,5,Veneto,Veneto,4905854,344686,7.03,0.19
451,2021-06-17,VEN,51709,25913,25796,25546,25021,1142,ITH,ITH3,5,Veneto,Veneto,4905854,396395,8.08,1.05
452,2021-03-09,VEN,16546,7448,9098,9827,6323,396,ITH,ITH3,5,Veneto,Veneto,4905854,412941,8.42,0.34
453,2021-05-31,VEN,31643,16242,15401,20896,9928,819,ITH,ITH3,5,Veneto,Veneto,4905854,444584,9.06,0.65
454,2021-03-26,VEN,29610,13157,16453,23287,5464,859,ITH,ITH3,5,Veneto,Veneto,4905854,474194,9.67,0.6
455,2021-03-28,VEN,31310,13607,17703,26885,3614,811,ITH,ITH3,5,Veneto,Veneto,4905854,505504,10.3,0.64
456,2021-06-19,VEN,49281,25073,24208,25686,22570,1025,ITH,ITH3,5,Veneto,Veneto,4905854,554785,11.31,1.0
457,2021-07-27,VEN,42146,22111,20035,11715,29997,434,ITH,ITH3,5,Veneto,Veneto,4905854,596931,12.17,0.86
458,2021-08-01,VEN,27865,14911,12954,11005,16344,516,ITH,ITH3,5,Veneto,Veneto,4905854,624796,12.74,0.57
459,2021-04-23,VEN,31266,13847,17419,21410,8705,1151,ITH,ITH3,5,Veneto,Veneto,4905854,656062,13.37,0.64
460,2021-02-16,VEN,6644,2870,3774,6438,176,30,ITH,ITH3,5,Veneto,Veneto,4905854,662706,13.51,0.14
461,2021-01-23,VEN,4057,1250,2807,31,4026,0,ITH,ITH3,5,Veneto,Veneto,4905854,666763,13.59,0.08
462,2021-06-29,VEN,45541,22719,22822,19040,25817,684,ITH,ITH3,5,Veneto,Veneto,4905854,712304,14.52,0.93
463,2021-03-21,VEN,11987,4756,7231,8282,3465,240,ITH,ITH3,5,Veneto,Veneto,4905854,724291,14.76,0.24
464,2021-01-16,VEN,4611,1542,3069,4611,0,0,ITH,ITH3,5,Veneto,Veneto,4905854,728902,14.86,0.09
465,2021-03-14,VEN,15178,5942,9236,13847,894,437,ITH,ITH3,5,Veneto,Veneto,4905854,744080,15.17,0.31
466,2021-07-13,VEN,43503,22575,20928,5371,37818,314,ITH,ITH3,5,Veneto,Veneto,4905854,787583,16.05,0.89
467,2021-04-04,VEN,7790,3535,4255,6517,1148,125,ITH,ITH3,5,Veneto,Veneto,4905854,795373,16.21,0.16
468,2021-05-24,VEN,33083,16432,16651,7631,25047,405,ITH,ITH3,5,Veneto,Veneto,4905854,828456,16.89,0.67
469,2021-04-28,VEN,32438,15187,17251,22243,9020,1175,ITH,ITH3,5,Veneto,Veneto,4905854,860894,17.55,0.66
470,2021-07-20,VEN,44301,23657,20644,6837,36952,512,ITH,ITH3,5,Veneto,Veneto,4905854,905195,18.45,0.9
471,2021-01-18,VEN,2766,778,1988,2560,201,5,ITH,ITH3,5,Veneto,Veneto,4905854,907961,18.51,0.06
472,2021-02-04,VEN,7394,2028,5366,550,6843,1,ITH,ITH3,5,Veneto,Veneto,4905854,915355,18.66,0.15
473,2021-04-30,VEN,50236,23605,26631,33165,15669,1402,ITH,ITH3,5,Veneto,Veneto,4905854,965591,19.68,1.02
474,2021-06-12,VEN,48670,24494,24176,36411,10799,1460,ITH,ITH3,5,Veneto,Veneto,4905854,1014261,20.67,0.99
475,2021-03-02,VEN,11492,4627,6865,7934,3311,247,ITH,ITH3,5,Veneto,Veneto,4905854,1025753,20.91,0.23
476,2021-06-10,VEN,52353,27014,25339,41305,9357,1691,ITH,ITH3,5,Veneto,Veneto,4905854,1078106,21.98,1.07
477,2021-04-02,VEN,24105,10627,13478,17133,6331,641,ITH,ITH3,5,Veneto,Veneto,4905854,1102211,22.47,0.49
478,2021-06-09,VEN,42767,21936,20831,33785,7440,1542,ITH,ITH3,5,Veneto,Veneto,4905854,1144978,23.34,0.87
479,2021-07-06,VEN,36030,18575,17455,13109,22278,643,ITH,ITH3,5,Veneto,Veneto,4905854,1181008,24.07,0.73
480,2021-04-14,VEN,15929,6905,9024,8759,6631,539,ITH,ITH3,5,Veneto,Veneto,4905854,1196937,24.4,0.32
481,2021-01-04,VEN,6738,2036,4702,6736,0,2,ITH,ITH3,5,Veneto,Veneto,4905854,1203675,24.54,0.14
482,2021-05-14,VEN,46797,22258,24539,24303,20923,1571,ITH,ITH3,5,Veneto,Veneto,4905854,1250472,25.49,0.95
483,2021-02-20,VEN,6428,2018,4410,6275,72,81,ITH,ITH3,5,Veneto,Veneto,4905854,1256900,25.62,0.13
484,2021-05-12,VEN,36961,17891,19070,30223,5124,1614,ITH,ITH3,5,Veneto,Veneto,4905854,1293861,26.37,0.75
485,2021-07-08,VEN,46651,24278,22373,4466,41888,297,ITH,ITH3,5,Veneto,Veneto,4905854,1340512,27.32,0.95
486,2021-06-24,VEN,56124,28428,27696,17624,37822,678,ITH,ITH3,5,Veneto,Veneto,4905854,1396636,28.47,1.14
487,2021-03-16,VEN,12532,5356,7176,6642,5623,267,ITH,ITH3,5,Veneto,Veneto,4905854,1409168,28.72,0.26
488,2021-03-23,VEN,22220,10244,11976,16871,4714,635,ITH,ITH3,5,Veneto,Veneto,4905854,1431388,29.18,0.45
489,2021-05-19,VEN,33117,15162,17955,16210,15978,929,ITH,ITH3,5,Veneto,Veneto,4905854,1464505,29.85,0.68
490,2021-05-10,VEN,36507,17083,19424,25424,9851,1232,ITH,ITH3,5,Veneto,Veneto,4905854,1501012,30.6,0.74
491,2021-01-30,VEN,8758,2677,6081,694,8064,0,ITH,ITH3,5,Veneto,Veneto,4905854,1509770,30.77,0.18
492,2021-03-07,VEN,4496,1770,2726,3866,561,69,ITH,ITH3,5,Veneto,Veneto,4905854,1514266,30.87,0.09
493,2021-05-03,VEN,40698,19806,20892,32805,6437,1456,ITH,ITH3,5,Veneto,Veneto,4905854,1554964,31.7,0.83
494,2021-05-29,VEN,33035,16690,16345,24244,7676,1115,ITH,ITH3,5,Veneto,Veneto,4905854,1587999,32.37,0.67
495,2021-02-18,VEN,5829,2455,3374,5726,64,39,ITH,ITH3,5,Veneto,Veneto,4905854,1593828,32.49,0.12
496,2021-07-25,VEN,33111,17495,15616,10785,21859,467,ITH,ITH3,5,Veneto,Veneto,4905854,1626939,33.16,0.67
497,2021-04-16,VEN,24456,10497,13959,11893,11887,676,ITH,ITH3,5,Veneto,Veneto,4905854,1651395,33.66,0.5
498,2021-08-05,VEN,38638,21101,17537,15379,22675,584,ITH,ITH3,5,Veneto,Veneto,4905854,1690033,34.45,0.79
499,2021-01-09,VEN,7931,2539,5392,7926,0,5,ITH,ITH3,5,Veneto,Veneto,4905854,1697964,34.61,0.16
500,2021-03-18,VEN,12618,5143,7475,7034,5231,353,ITH,ITH3,5,Veneto,Veneto,4905854,1710582,34.87,0.26
501,2021-06-26,VEN,48070,24513,23557,13599,33984,487,ITH,ITH3,5,Veneto,Veneto,4905854,1758652,35.85,0.98
502,2021-01-20,VEN,1038,368,670,386,652,0,ITH,ITH3,5,Veneto,Veneto,4905854,1759690,35.87,0.02
503,2021-07-03,VEN,38705,20118,18587,11025,27100,580,ITH,ITH3,5,Veneto,Veneto,4905854,1798395,36.66,0.79
504,2021-06-16,VEN,47762,23564,24198,25271,21405,1086,ITH,ITH3,5,Veneto,Veneto,4905854,1846157,37.63,0.97
505,2021-01-01,VEN,1528,471,1057,1527,0,1,ITH,ITH3,5,Veneto,Veneto,4905854,1847685,37.66,0.03
506,2021-03-25,VEN,25969,11060,14909,18970,6104,895,ITH,ITH3,5,Veneto,Veneto,4905854,1873654,38.19,0.53
507,2021-04-11,VEN,21007,8872,12135,14227,6295,485,ITH,ITH3,5,Veneto,Veneto,4905854,1894661,38.62,0.43
508,2021-05-02,VEN,37240,17263,19977,25618,10329,1293,ITH,ITH3,5,Veneto,Veneto,4905854,1931901,39.38,0.76
509,2021-06-14,VEN,42616,21553,21063,26306,15308,1002,ITH,ITH3,5,Veneto,Veneto,4905854,1974517,40.25,0.87
510,2021-03-06,VEN,10671,4356,6315,7220,3264,187,ITH,ITH3,5,Veneto,Veneto,4905854,1985188,40.47,0.22
511,2020-12-30,VEN,699,245,454,699,0,0,ITH,ITH3,5,Veneto,Veneto,4905854,1985887,40.48,0.01
512,2021-06-07,VEN,44687,23316,21371,36187,7025,1475,ITH,ITH3,5,Veneto,Veneto,4905854,2030574,41.39,0.91
513,2021-02-27,VEN,8993,2693,6300,7964,848,181,ITH,ITH3,5,Veneto,Veneto,4905854,2039567,41.57,0.18
514,2021-06-28,VEN,47636,24106,23530,18419,28525,692,ITH,ITH3,5,Veneto,Veneto,4905854,2087203,42.55,0.97
515,2021-01-25,VEN,6469,2077,4392,157,6312,0,ITH,ITH3,5,Veneto,Veneto,4905854,2093672,42.68,0.13
516,2021-07-29,VEN,47238,24977,22261,19954,26429,855,ITH,ITH3,5,Veneto,Veneto,4905854,2140910,43.64,0.96
517,2021-07-15,VEN,51292,26841,24451,5960,44955,377,ITH,ITH3,5,Veneto,Veneto,4905854,2192202,44.69,1.05
518,2021-04-20,VEN,22451,9498,12953,7879,14003,569,ITH,ITH3,5,Veneto,Veneto,4905854,2214653,45.14,0.46
519,2021-02-08,VEN,5006,1559,3447,1923,3077,6,ITH,ITH3,5,Veneto,Veneto,4905854,2219659,45.25,0.1
520,2021-04-06,VEN,29006,13353,15653,23238,5045,723,ITH,ITH3,5,Veneto,Veneto,4905854,2248665,45.84,0.59
521,2021-02-01,VEN,8563,2502,6061,157,8406,0,ITH,ITH3,5,Veneto,Veneto,4905854,2257228,46.01,0.17
522,2021-02-15,VEN,4391,1826,2565,4142,240,9,ITH,ITH3,5,Veneto,Veneto,4905854,2261619,46.1,0.09
523,2021-06-02,VEN,20307,10235,10072,15353,4340,614,ITH,ITH3,5,Veneto,Veneto,4905854,2281926,46.51,0.41
524,2021-03-11,VEN,19833,8891,10942,13796,5572,465,ITH,ITH3,5,Veneto,Veneto,4905854,2301759,46.92,0.4
525,2021-05-28,VEN,46837,22934,23903,23687,21954,1196,ITH,ITH3,5,Veneto,Veneto,4905854,2348596,47.87,0.95
526,2021-07-24,VEN,41574,22297,19277,13215,27721,638,ITH,ITH3,5,Veneto,Veneto,4905854,2390170,48.72,0.85
527,2021-07-10,VEN,43150,23190,19960,6253,36535,362,ITH,ITH3,5,Veneto,Veneto,4905854,2433320,49.6,0.88
528,2021-07-17,VEN,40538,21442,19096,4256,35942,340,ITH,ITH3,5,Veneto,Veneto,4905854,2473858,50.43,0.83
529,2021-05-21,VEN,44831,22045,22786,19806,23926,1099,ITH,ITH3,5,Veneto,Veneto,4905854,2518689,51.34,0.91
530,2021-02-17,VEN,6022,2772,3250,5900,94,28,ITH,ITH3,5,Veneto,Veneto,4905854,2524711,51.46,0.12
531,2021-04-01,VEN,25380,11181,14199,18195,6413,772,ITH,ITH3,5,Veneto,Veneto,4905854,2550091,51.98,0.52
532,2021-05-07,VEN,48600,23288,25312,37592,8667,2341,ITH,ITH3,5,Veneto,Veneto,4905854,2598691,52.97,0.99
533,2021-01-27,VEN,7144,2066,5078,239,6904,1,ITH,ITH3,5,Veneto,Veneto,4905854,2605835,53.12,0.15
534,2021-02-13,VEN,3266,1473,1793,3230,20,16,ITH,ITH3,5,Veneto,Veneto,4905854,2609101,53.18,0.07
535,2021-03-03,VEN,12098,4647,7451,8386,3501,211,ITH,ITH3,5,Veneto,Veneto,4905854,2621199,53.43,0.25
536,2021-06-11,VEN,47309,24609,22700,34717,11176,1416,ITH,ITH3,5,Veneto,Veneto,4905854,2668508,54.39,0.96
537,2021-06-25,VEN,51686,26153,25533,15066,35989,631,ITH,ITH3,5,Veneto,Veneto,4905854,2720194,55.45,1.05
538,2021-05-09,VEN,35078,16139,18939,23791,10050,1237,ITH,ITH3,5,Veneto,Veneto,4905854,2755272,56.16,0.72
539,2021-05-26,VEN,31137,15220,15917,13979,16482,676,ITH,ITH3,5,Veneto,Veneto,4905854,2786409,56.8,0.63
540,2021-03-01,VEN,9395,3717,5678,7410,1822,163,ITH,ITH3,5,Veneto,Veneto,4905854,2795804,56.99,0.19
541,2021-07-22,VEN,48225,25024,23201,13190,34393,642,ITH,ITH3,5,Veneto,Veneto,4905854,2844029,57.97,0.98
542,2021-04-13,VEN,14031,6324,7707,8053,5479,499,ITH,ITH3,5,Veneto,Veneto,4905854,2858060,58.26,0.29
543,2021-07-05,VEN,39118,20274,18844,14119,24196,803,ITH,ITH3,5,Veneto,Veneto,4905854,2897178,59.06,0.8
544,2021-01-03,VEN,5157,1562,3595,5157,0,0,ITH,ITH3,5,Veneto,Veneto,4905854,2902335,59.16,0.11
545,2021-03-04,VEN,12985,4887,8098,9121,3475,389,ITH,ITH3,5,Veneto,Veneto,4905854,2915320,59.43,0.26
546,2021-07-07,VEN,40832,21236,19596,15538,24485,809,ITH,ITH3,5,Veneto,Veneto,4905854,2956152,60.26,0.83
547,2021-05-11,VEN,33180,16505,16675,27150,4720,1310,ITH,ITH3,5,Veneto,Veneto,4905854,2989332,60.93,0.68
548,2021-01-22,VEN,1080,332,748,25,1055,0,ITH,ITH3,5,Veneto,Veneto,4905854,2990412,60.96,0.02
549,2021-05-04,VEN,43012,20374,22638,33357,8032,1623,ITH,ITH3,5,Veneto,Veneto,4905854,3033424,61.83,0.88
550,2021-01-24,VEN,4117,1219,2898,28,4089,0,ITH,ITH3,5,Veneto,Veneto,4905854,3037541,61.92,0.08
551,2021-04-27,VEN,28203,12795,15408,20135,6913,1155,ITH,ITH3,5,Veneto,Veneto,4905854,3065744,62.49,0.57
552,2021-01-17,VEN,1933,781,1152,1584,349,0,ITH,ITH3,5,Veneto,Veneto,4905854,3067677,62.53,0.04
553,2021-02-03,VEN,5951,1670,4281,474,5473,4,ITH,ITH3,5,Veneto,Veneto,4905854,3073628,62.65,0.12
554,2021-04-29,VEN,50298,23399,26899,35402,13173,1723,ITH,ITH3,5,Veneto,Veneto,4905854,3123926,63.68,1.03
555,2021-07-21,VEN,43132,22263,20869,8665,33971,496,ITH,ITH3,5,Veneto,Veneto,4905854,3167058,64.56,0.88
556,2021-02-05,VEN,8386,2540,5846,1409,6968,9,ITH,ITH3,5,Veneto,Veneto,4905854,3175444,64.73,0.17
557,2021-04-15,VEN,20925,8642,12283,9355,10826,744,ITH,ITH3,5,Veneto,Veneto,4905854,3196369,65.15,0.43
558,2021-01-05,VEN,7334,2185,5149,7332,0,2,ITH,ITH3,5,Veneto,Veneto,4905854,3203703,65.3,0.15
559,2021-02-10,VEN,4757,1591,3166,3692,1056,9,ITH,ITH3,5,Veneto,Veneto,4905854,3208460,65.4,0.1
560,2021-04-08,VEN,32383,14373,18010,23333,7881,1169,ITH,ITH3,5,Veneto,Veneto,4905854,3240843,66.06,0.66
561,2021-03-30,VEN,35987,15308,20679,29732,5248,1007,ITH,ITH3,5,Veneto,Veneto,4905854,3276830,66.79,0.73
562,2021-08-02,VEN,39957,20956,19001,16198,23115,644,ITH,ITH3,5,Veneto,Veneto,4905854,3316787,67.61,0.81
563,2021-04-10,VEN,27475,11982,15493,18380,8471,624,ITH,ITH3,5,Veneto,Veneto,4905854,3344262,68.17,0.56
564,2021-06-06,VEN,37440,19167,18273,31492,4729,1219,ITH,ITH3,5,Veneto,Veneto,4905854,3381702,68.93,0.76
565,2020-12-27,VEN,880,395,485,880,0,0,ITH,ITH3,5,Veneto,Veneto,4905854,3382582,68.95,0.02
566,2021-07-12,VEN,43211,22768,20443,3985,38898,328,ITH,ITH3,5,Veneto,Veneto,4905854,3425793,69.83,0.88
567,2021-04-03,VEN,21974,9639,12335,13857,7713,404,ITH,ITH3,5,Veneto,Veneto,4905854,3447767,70.28,0.45
568,2021-03-20,VEN,13029,5390,7639,10654,2082,293,ITH,ITH3,5,Veneto,Veneto,4905854,3460796,70.54,0.27
569,2021-01-10,VEN,5036,1673,3363,5035,0,1,ITH,ITH3,5,Veneto,Veneto,4905854,3465832,70.65,0.1
570,2021-06-04,VEN,49642,25837,23805,39831,8145,1666,ITH,ITH3,5,Veneto,Veneto,4905854,3515474,71.66,1.01
571,2021-02-24,VEN,8621,3680,4941,7998,489,134,ITH,ITH3,5,Veneto,Veneto,4905854,3524095,71.83,0.18
572,2021-06-22,VEN,43732,21624,22108,18505,24376,851,ITH,ITH3,5,Veneto,Veneto,4905854,3567827,72.73,0.89
573,2021-08-04,VEN,42169,22522,19647,22417,18662,1090,ITH,ITH3,5,Veneto,Veneto,4905854,3609996,73.59,0.86
574,2021-04-26,VEN,20729,9460,11269,14917,5139,673,ITH,ITH3,5,Veneto,Veneto,4905854,3630725,74.01,0.42
575,2021-06-15,VEN,47829,24298,23531,29158,17523,1148,ITH,ITH3,5,Veneto,Veneto,4905854,3678554,74.98,0.97
576,2021-04-07,VEN,36042,16197,19845,27596,7338,1108,ITH,ITH3,5,Veneto,Veneto,4905854,3714596,75.72,0.73
577,2021-07-16,VEN,44614,23990,20624,6876,37266,472,ITH,ITH3,5,Veneto,Veneto,4905854,3759210,76.63,0.91
578,2021-01-31,VEN,4772,1565,3207,391,4381,0,ITH,ITH3,5,Veneto,Veneto,4905854,3763982,76.72,0.1
579,2021-03-29,VEN,31460,13697,17763,26643,3823,994,ITH,ITH3,5,Veneto,Veneto,4905854,3795442,77.37,0.64
580,2021-05-13,VEN,44301,21859,22442,32581,9898,1822,ITH,ITH3,5,Veneto,Veneto,4905854,3839743,78.27,0.9
581,2021-02-02,VEN,6512,1881,4631,396,6116,0,ITH,ITH3,5,Veneto,Veneto,4905854,3846255,78.4,0.13
582,2021-07-09,VEN,45011,23739,21272,4088,40636,287,ITH,ITH3,5,Veneto,Veneto,4905854,3891266,79.32,0.92
583,2021-03-31,VEN,38928,16439,22489,30385,7503,1040,ITH,ITH3,5,Veneto,Veneto,4905854,3930194,80.11,0.79
584,2021-07-11,VEN,34223,17919,16304,3685,30279,259,ITH,ITH3,5,Veneto,Veneto,4905854,3964417,80.81,0.7
585,2021-02-22,VEN,7019,3044,3975,6581,391,47,ITH,ITH3,5,Veneto,Veneto,4905854,3971436,80.95,0.14
586,2021-05-16,VEN,28420,14013,14407,20325,7078,1017,ITH,ITH3,5,Veneto,Veneto,4905854,3999856,81.53,0.58
587,2021-03-08,VEN,13635,6273,7362,9301,4071,263,ITH,ITH3,5,Veneto,Veneto,4905854,4013491,81.81,0.28
588,2021-06-18,VEN,53622,26756,26866,23996,28599,1027,ITH,ITH3,5,Veneto,Veneto,4905854,4067113,82.9,1.09
589,2021-03-27,VEN,32083,14014,18069,25375,5805,903,ITH,ITH3,5,Veneto,Veneto,4905854,4099196,83.56,0.65
590,2021-06-03,VEN,54499,28024,26475,40875,11984,1640,ITH,ITH3,5,Veneto,Veneto,4905854,4153695,84.67,1.11
591,2021-06-20,VEN,41198,20060,21138,18934,21531,733,ITH,ITH3,5,Veneto,Veneto,4905854,4194893,85.51,0.84
592,2021-05-30,VEN,22544,11268,11276,15206,6688,650,ITH,ITH3,5,Veneto,Veneto,4905854,4217437,85.97,0.46
593,2021-07-26,VEN,43550,22900,20650,16922,25981,647,ITH,ITH3,5,Veneto,Veneto,4905854,4260987,86.86,0.89
594,2021-07-19,VEN,44696,23545,21151,7904,36387,405,ITH,ITH3,5,Veneto,Veneto,4905854,4305683,87.77,0.91
595,2021-02-26,VEN,8298,3275,5023,6944,1260,94,ITH,ITH3,5,Veneto,Veneto,4905854,4313981,87.94,0.17
596,2021-04-24,VEN,24765,10830,13935,14966,9079,720,ITH,ITH3,5,Veneto,Veneto,4905854,4338746,88.44,0.5
597,2021-05-23,VEN,34489,16468,18021,10620,23400,469,ITH,ITH3,5,Veneto,Veneto,4905854,4373235,89.14,0.7
598,2021-02-12,VEN,4314,1446,2868,3671,572,71,ITH,ITH3,5,Veneto,Veneto,4905854,4377549,89.23,0.09
599,2021-01-29,VEN,9025,2789,6236,366,8659,0,ITH,ITH3,5,Veneto,Veneto,4905854,4386574,89.42,0.18
600,2021-05-08,VEN,41492,18773,22719,28254,11821,1417,ITH,ITH3,5,Veneto,Veneto,4905854,4428066,90.26,0.85
601,2021-07-30,VEN,45417,24164,21253,22540,22004,873,ITH,ITH3,5,Veneto,Veneto,4905854,4473483,91.19,0.93
602,2020-12-31,VEN,3219,1042,2177,3219,0,0,ITH,ITH3,5,Veneto,Veneto,4905854,4476702,91.25,0.07
603,2021-07-04,VEN,33875,17578,16297,14979,18282,614,ITH,ITH3,5,Veneto,Veneto,4905854,4510577,91.94,0.69
604,2021-04-12,VEN,14913,6341,8572,6399,8215,299,ITH,ITH3,5,Veneto,Veneto,4905854,4525490,92.25,0.3
605,2021-01-02,VEN,5744,1767,3977,5743,0,1,ITH,ITH3,5,Veneto,Veneto,4905854,4531234,92.36,0.12
606,2021-01-19,VEN,1313,475,838,1163,149,1,ITH,ITH3,5,Veneto,Veneto,4905854,4532547,92.39,0.03
607,2021-07-14,VEN,43534,22374,21160,5254,37885,395,ITH,ITH3,5,Veneto,Veneto,4905854,4576081,93.28,0.89
608,2021-04-22,VEN,32052,13939,18113,15472,15763,817,ITH,ITH3,5,Veneto,Veneto,4905854,4608133,93.93,0.65
609,2021-07-31,VEN,34985,18793,16192,16942,17399,644,ITH,ITH3,5,Veneto,Veneto,4905854,4643118,94.64,0.71
610,2021-07-23,VEN,44179,23239,20940,14908,28694,577,ITH,ITH3,5,Veneto,Veneto,4905854,4687297,95.54,0.9
611,2021-05-01,VEN,38861,18242,20619,28710,8929,1222,ITH,ITH3,5,Veneto,Veneto,4905854,4726158,96.34,0.79
612,2021-06-27,VEN,40238,20557,19681,15355,24308,575,ITH,ITH3,5,Veneto,Veneto,4905854,4766396,97.16,0.82
613,2021-03-19,VEN,13795,5670,8125,7404,6099,292,ITH,ITH3,5,Veneto,Veneto,4905854,4780191,97.44,0.28
614,2021-02-19,VEN,7322,3140,4182,6993,204,125,ITH,ITH3,5,Veneto,Veneto,4905854,4787513,97.59,0.15
615,2021-02-21,VEN,4640,1212,3428,4516,5,119,ITH,ITH3,5,Veneto,Veneto,4905854,4792153,97.68,0.09
616,2021-05-15,VEN,36259,17515,18744,24812,10017,1430,ITH,ITH3,5,Veneto,Veneto,4905854,4828412,98.42,0.74
617,2021-06-01,VEN,26979,13563,13416,15787,10550,642,ITH,ITH3,5,Veneto,Veneto,4905854,4855391,98.97,0.55
618,2021-03-10,VEN,19039,8726,10313,12962,5683,394,ITH,ITH3,5,Veneto,Veneto,4905854,4874430,99.36,0.39
619,2021-06-08,VEN,43845,22668,21177,36196,6137,1512,ITH,ITH3,5,Veneto,Veneto,4905854,4918275,100.25,0.89
620,2021-05-25,VEN,27828,13433,14395,11264,16066,498,ITH,ITH3,5,Veneto,Veneto,4905854,4946103,100.82,0.57
621,2021-02-14,VEN,126,56,70,113,13,0,ITH,ITH3,5,Veneto,Veneto,4905854,4946229,100.82,0.0
622,2021-02-28,VEN,4136,1389,2747,3225,837,74,ITH,ITH3,5,Veneto,Veneto,4905854,4950365,100.91,0.08
623,2021-03-17,VEN,14646,5991,8655,7527,6796,323,ITH,ITH3,5,Veneto,Veneto,4905854,4965011,101.21,0.3
624,2021-01-14,VEN,7066,1926,5140,7046,0,20,ITH,ITH3,5,Veneto,Veneto,4905854,4972077,101.35,0.14
625,2021-03-12,VEN,18660,8194,10466,11331,6749,580,ITH,ITH3,5,Veneto,Veneto,4905854,4990737,101.73,0.38
626,2021-04-17,VEN,22440,9092,13348,14368,7275,797,ITH,ITH3,5,Veneto,Veneto,4905854,5013177,102.19,0.46
627,2021-01-07,VEN,8361,2318,6043,8360,0,1,ITH,ITH3,5,Veneto,Veneto,4905854,5021538,102.36,0.17
628,2021-06-13,VEN,37337,19254,18083,29317,6956,1064,ITH,ITH3,5,Veneto,Veneto,4905854,5058875,103.12,0.76
629,2021-01-21,VEN,2293,719,1574,21,2272,0,ITH,ITH3,5,Veneto,Veneto,4905854,5061168,103.17,0.05
630,2021-03-05,VEN,13337,5020,8317,9222,3671,444,ITH,ITH3,5,Veneto,Veneto,4905854,5074505,103.44,0.27
631,2021-07-28,VEN,40087,20807,19280,11939,27688,460,ITH,ITH3,5,Veneto,Veneto,4905854,5114592,104.25,0.82
632,2021-01-12,VEN,5231,1517,3714,5223,0,8,ITH,ITH3,5,Veneto,Veneto,4905854,5119823,104.36,0.11
633,2021-04-19,VEN,21549,8926,12623,4711,16411,427,ITH,ITH3,5,Veneto,Veneto,4905854,5141372,104.8,0.44
634,2021-04-05,VEN,19165,8376,10789,13426,5438,301,ITH,ITH3,5,Veneto,Veneto,4905854,5160537,105.19,0.39
635,2021-01-26,VEN,6922,2091,4831,149,6773,0,ITH,ITH3,5,Veneto,Veneto,4905854,5167459,105.33,0.14
636,2021-05-06,VEN,47015,22049,24966,36565,8483,1967,ITH,ITH3,5,Veneto,Veneto,4905854,5214474,106.29,0.96
637,2021-04-18,VEN,17521,7257,10264,9503,7567,451,ITH,ITH3,5,Veneto,Veneto,4905854,5231995,106.65,0.36
638,2021-01-08,VEN,9412,2838,6574,9398,0,14,ITH,ITH3,5,Veneto,Veneto,4905854,5241407,106.84,0.19
639,2021-01-13,VEN,5988,1606,4382,5985,0,3,ITH,ITH3,5,Veneto,Veneto,4905854,5247395,106.96,0.12
640,2021-08-03,VEN,40561,21475,19086,17509,22347,705,ITH,ITH3,5,Veneto,Veneto,4905854,5287956,107.79,0.83
641,2021-04-25,VEN,18335,8156,10179,12906,4836,593,ITH,ITH3,5,Veneto,Veneto,4905854,5306291,108.16,0.37
642,2021-06-21,VEN,44312,22180,22132,20463,22949,900,ITH,ITH3,5,Veneto,Veneto,4905854,5350603,109.07,0.9
643,2021-01-06,VEN,8139,2389,5750,8136,0,3,ITH,ITH3,5,Veneto,Veneto,4905854,5358742,109.23,0.17
644,2021-06-23,VEN,49317,24439,24878,14581,33940,796,ITH,ITH3,5,Veneto,Veneto,4905854,5408059,110.24,1.01
645,2021-03-15,VEN,16670,7330,9340,10957,5211,502,ITH,ITH3,5,Veneto,Veneto,4905854,5424729,110.58,0.34
646,2021-05-18,VEN,27024,12546,14478,12642,13624,758,ITH,ITH3,5,Veneto,Veneto,4905854,5451753,111.13,0.55
647,2021-06-30,VEN,45762,23074,22688,17852,27159,751,ITH,ITH3,5,Veneto,Veneto,4905854,5497515,112.06,0.93
648,2021-03-22,VEN,18151,8180,9971,12584,5049,518,ITH,ITH3,5,Veneto,Veneto,4905854,5515666,112.43,0.37
649,2021-03-13,VEN,17237,7310,9927,13734,3132,371,ITH,ITH3,5,Veneto,Veneto,4905854,5532903,112.78,0.35
650,2021-01-15,VEN,5876,1819,4057,5870,0,6,ITH,ITH3,5,Veneto,Veneto,4905854,5538779,112.9,0.12
651,2021-05-20,VEN,44814,21249,23565,19359,24354,1101,ITH,ITH3,5,Veneto,Veneto,4905854,5583593,113.81,0.91
652,2021-02-09,VEN,5249,1892,3357,3430,1806,13,ITH,ITH3,5,Veneto,Veneto,4905854,5588842,113.92,0.11
653,2021-05-27,VEN,46607,22897,23710,22341,23228,1038,ITH,ITH3,5,Veneto,Veneto,4905854,5635449,114.87,0.95
654,2021-02-07,VEN,2316,863,1453,714,1601,1,ITH,ITH3,5,Veneto,Veneto,4905854,5637765,114.92,0.05
655,2021-07-02,VEN,49487,25111,24376,16246,32455,786,ITH,ITH3,5,Veneto,Veneto,4905854,5687252,115.93,1.01
656,2021-03-24,VEN,22116,9576,12540,14663,6804,649,ITH,ITH3,5,Veneto,Veneto,4905854,5709368,116.38,0.45
657,2021-03-26,LIG,9345,4033,5312,6076,3156,113,ITC,ITC3,7,Liguria,Liguria,1550640,9345,0.6,0.6
658,2021-07-04,LIG,4856,2583,2273,3843,995,18,ITC,ITC3,7,Liguria,Liguria,1550640,14201,0.92,0.31
659,2021-01-02,LIG,693,247,446,693,0,0,ITC,ITC3,7,Liguria,Liguria,1550640,14894,0.96,0.04
660,2021-03-14,LIG,1659,752,907,1032,605,22,ITC,ITC3,7,Liguria,Liguria,1550640,16553,1.07,0.11
661,2021-06-22,LIG,15804,7457,8347,7637,8128,39,ITC,ITC3,7,Liguria,Liguria,1550640,32357,2.09,1.02
662,2021-07-06,LIG,12341,6059,6282,5684,6619,38,ITC,ITC3,7,Liguria,Liguria,1550640,44698,2.88,0.8
663,2021-05-10,LIG,12657,5647,7010,6217,6378,62,ITC,ITC3,7,Liguria,Liguria,1550640,57355,3.7,0.82
664,2021-05-03,LIG,13262,5921,7341,6338,6819,105,ITC,ITC3,7,Liguria,Liguria,1550640,70617,4.55,0.86
665,2021-08-01,LIG,1490,857,633,152,1338,0,ITC,ITC3,7,Liguria,Liguria,1550640,72107,4.65,0.1
666,2021-02-16,LIG,2428,957,1471,1995,425,8,ITC,ITC3,7,Liguria,Liguria,1550640,74535,4.81,0.16
667,2021-07-23,LIG,19968,10289,9679,5155,14742,71,ITC,ITC3,7,Liguria,Liguria,1550640,94503,6.09,1.29
668,2021-05-27,LIG,16985,8712,8273,12654,4163,168,ITC,ITC3,7,Liguria,Liguria,1550640,111488,7.19,1.1
669,2021-04-14,LIG,13076,5671,7405,10748,2204,124,ITC,ITC3,7,Liguria,Liguria,1550640,124564,8.03,0.84
670,2021-05-29,LIG,6867,3252,3615,3976,2872,19,ITC,ITC3,7,Liguria,Liguria,1550640,131431,8.48,0.44
671,2021-02-28,LIG,1059,580,479,1043,9,7,ITC,ITC3,7,Liguria,Liguria,1550640,132490,8.54,0.07
672,2021-04-26,LIG,10572,4986,5586,7849,2638,85,ITC,ITC3,7,Liguria,Liguria,1550640,143062,9.23,0.68
673,2021-01-16,LIG,1279,558,721,1274,0,5,ITC,ITC3,7,Liguria,Liguria,1550640,144341,9.31,0.08
674,2021-02-02,LIG,2673,1007,1666,127,2544,2,ITC,ITC3,7,Liguria,Liguria,1550640,147014,9.48,0.17
675,2021-04-28,LIG,14462,6524,7938,6380,7991,91,ITC,ITC3,7,Liguria,Liguria,1550640,161476,10.41,0.93
676,2021-02-04,LIG,2818,988,1830,177,2641,0,ITC,ITC3,7,Liguria,Liguria,1550640,164294,10.6,0.18
677,2021-05-15,LIG,7326,3275,4051,4287,2962,77,ITC,ITC3,7,Liguria,Liguria,1550640,171620,11.07,0.47
678,2021-02-21,LIG,869,491,378,859,4,6,ITC,ITC3,7,Liguria,Liguria,1550640,172489,11.12,0.06
679,2021-07-18,LIG,2383,1222,1161,391,1981,11,ITC,ITC3,7,Liguria,Liguria,1550640,174872,11.28,0.15
680,2021-06-05,LIG,8093,4116,3977,4935,3152,6,ITC,ITC3,7,Liguria,Liguria,1550640,182965,11.8,0.52
681,2021-04-09,LIG,12470,5563,6907,10554,1777,139,ITC,ITC3,7,Liguria,Liguria,1550640,195435,12.6,0.8
682,2021-03-31,LIG,11936,5281,6655,9058,2770,108,ITC,ITC3,7,Liguria,Liguria,1550640,207371,13.37,0.77
683,2021-01-28,LIG,2849,972,1877,40,2809,0,ITC,ITC3,7,Liguria,Liguria,1550640,210220,13.56,0.18
684,2021-02-11,LIG,1990,772,1218,1093,888,9,ITC,ITC3,7,Liguria,Liguria,1550640,212210,13.69,0.13
685,2021-05-22,LIG,6652,3220,3432,4874,1685,93,ITC,ITC3,7,Liguria,Liguria,1550640,218862,14.11,0.43
686,2021-06-10,LIG,18840,9713,9127,13167,5656,17,ITC,ITC3,7,Liguria,Liguria,1550640,237702,15.33,1.21
687,2021-03-19,LIG,5299,2235,3064,2094,3150,55,ITC,ITC3,7,Liguria,Liguria,1550640,243001,15.67,0.34
688,2021-03-02,LIG,4076,1691,2385,3755,310,11,ITC,ITC3,7,Liguria,Liguria,1550640,247077,15.93,0.26
689,2021-07-11,LIG,2148,1191,957,1236,903,9,ITC,ITC3,7,Liguria,Liguria,1550640,249225,16.07,0.14
690,2021-06-24,LIG,11150,5440,5710,6283,4851,16,ITC,ITC3,7,Liguria,Liguria,1550640,260375,16.79,0.72
691,2021-04-02,LIG,11791,5221,6570,9211,2487,93,ITC,ITC3,7,Liguria,Liguria,1550640,272166,17.55,0.76
692,2021-06-15,LIG,17415,8465,8950,9311,8086,18,ITC,ITC3,7,Liguria,Liguria,1550640,289581,18.67,1.12
693,2021-03-07,LIG,1915,1138,777,1590,301,24,ITC,ITC3,7,Liguria,Liguria,1550640,291496,18.8,0.12
694,2021-06-17,LIG,16701,7933,8768,9141,7530,30,ITC,ITC3,7,Liguria,Liguria,1550640,308197,19.88,1.08
695,2021-07-25,LIG,6389,3260,3129,648,5732,9,ITC,ITC3,7,Liguria,Liguria,1550640,314586,20.29,0.41
696,2021-02-09,LIG,1955,695,1260,264,1689,2,ITC,ITC3,7,Liguria,Liguria,1550640,316541,20.41,0.13
697,2021-04-23,LIG,14689,6648,8041,8455,6125,109,ITC,ITC3,7,Liguria,Liguria,1550640,331230,21.36,0.95
698,2021-01-09,LIG,1335,481,854,1334,0,1,ITC,ITC3,7,Liguria,Liguria,1550640,332565,21.45,0.09
699,2021-04-19,LIG,12839,5621,7218,8919,3832,88,ITC,ITC3,7,Liguria,Liguria,1550640,345404,22.27,0.83
700,2021-07-13,LIG,13067,6426,6641,3489,9553,25,ITC,ITC3,7,Liguria,Liguria,1550640,358471,23.12,0.84
701,2020-12-30,LIG,12,5,7,12,0,0,ITC,ITC3,7,Liguria,Liguria,1550640,358483,23.12,0.0
702,2021-03-21,LIG,551,220,331,69,482,0,ITC,ITC3,7,Liguria,Liguria,1550640,359034,23.15,0.04
703,2021-01-23,LIG,812,298,514,155,657,0,ITC,ITC3,7,Liguria,Liguria,1550640,359846,23.21,0.05
704,2021-06-29,LIG,15182,7229,7953,8707,6438,37,ITC,ITC3,7,Liguria,Liguria,1550640,375028,24.19,0.98
705,2021-05-17,LIG,12040,5525,6515,8644,3342,54,ITC,ITC3,7,Liguria,Liguria,1550640,387068,24.96,0.78
706,2021-01-30,LIG,1661,567,1094,23,1637,1,ITC,ITC3,7,Liguria,Liguria,1550640,388729,25.07,0.11
707,2021-01-21,LIG,1107,385,722,675,431,1,ITC,ITC3,7,Liguria,Liguria,1550640,389836,25.14,0.07
708,2021-01-14,LIG,2983,1056,1927,2982,0,1,ITC,ITC3,7,Liguria,Liguria,1550640,392819,25.33,0.19
709,2020-12-28,LIG,80,30,50,80,0,0,ITC,ITC3,7,Liguria,Liguria,1550640,392899,25.34,0.01
710,2021-06-03,LIG,15533,7697,7836,9136,6385,12,ITC,ITC3,7,Liguria,Liguria,1550640,408432,26.34,1.0
711,2021-04-07,LIG,13686,6110,7576,11305,2289,92,ITC,ITC3,7,Liguria,Liguria,1550640,422118,27.22,0.88
712,2021-02-23,LIG,3807,1559,2248,3658,109,40,ITC,ITC3,7,Liguria,Liguria,1550640,425925,27.47,0.25
713,2021-06-14,LIG,15144,7312,7832,8265,6868,11,ITC,ITC3,7,Liguria,Liguria,1550640,441069,28.44,0.98
714,2021-04-21,LIG,14277,6450,7827,8846,5334,97,ITC,ITC3,7,Liguria,Liguria,1550640,455346,29.37,0.92
715,2021-07-30,LIG,16038,8306,7732,4665,11309,64,ITC,ITC3,7,Liguria,Liguria,1550640,471384,30.4,1.03
716,2021-05-08,LIG,7536,3335,4201,2274,5223,39,ITC,ITC3,7,Liguria,Liguria,1550640,478920,30.89,0.49
717,2021-01-25,LIG,2730,891,1839,474,2255,1,ITC,ITC3,7,Liguria,Liguria,1550640,481650,31.06,0.18
718,2021-05-05,LIG,13716,6138,7578,5172,8456,88,ITC,ITC3,7,Liguria,Liguria,1550640,495366,31.95,0.88
719,2021-07-29,LIG,17936,9168,8768,4429,13455,52,ITC,ITC3,7,Liguria,Liguria,1550640,513302,33.1,1.16
720,2021-06-02,LIG,8532,4342,4190,5356,3173,3,ITC,ITC3,7,Liguria,Liguria,1550640,521834,33.65,0.55
721,2021-06-19,LIG,7414,3777,3637,5722,1671,21,ITC,ITC3,7,Liguria,Liguria,1550640,529248,34.13,0.48
722,2021-02-18,LIG,2771,1128,1643,2423,337,11,ITC,ITC3,7,Liguria,Liguria,1550640,532019,34.31,0.18
723,2021-03-11,LIG,6402,3092,3310,4331,2013,58,ITC,ITC3,7,Liguria,Liguria,1550640,538421,34.72,0.41
724,2021-01-13,LIG,2758,1014,1744,2757,0,1,ITC,ITC3,7,Liguria,Liguria,1550640,541179,34.9,0.18
725,2021-01-04,LIG,2619,856,1763,2618,0,1,ITC,ITC3,7,Liguria,Liguria,1550640,543798,35.07,0.17
726,2021-08-03,LIG,14086,7194,6892,3999,10021,66,ITC,ITC3,7,Liguria,Liguria,1550640,557884,35.98,0.91
727,2021-06-21,LIG,14846,7039,7807,8576,6242,28,ITC,ITC3,7,Liguria,Liguria,1550640,572730,36.94,0.96
728,2021-04-16,LIG,12001,5292,6709,10011,1829,161,ITC,ITC3,7,Liguria,Liguria,1550640,584731,37.71,0.77
729,2021-01-06,LIG,1662,618,1044,1659,0,3,ITC,ITC3,7,Liguria,Liguria,1550640,586393,37.82,0.11
730,2021-05-24,LIG,11879,5590,6289,9268,2508,103,ITC,ITC3,7,Liguria,Liguria,1550640,598272,38.58,0.77
731,2021-05-07,LIG,13608,6045,7563,5741,7803,64,ITC,ITC3,7,Liguria,Liguria,1550640,611880,39.46,0.88
732,2021-02-13,LIG,1081,508,573,798,280,3,ITC,ITC3,7,Liguria,Liguria,1550640,612961,39.53,0.07
733,2021-06-07,LIG,15689,7657,8032,8653,7026,10,ITC,ITC3,7,Liguria,Liguria,1550640,628650,40.54,1.01
734,2021-03-28,LIG,1142,511,631,378,752,12,ITC,ITC3,7,Liguria,Liguria,1550640,629792,40.61,0.07
735,2021-02-06,LIG,1892,768,1124,145,1747,0,ITC,ITC3,7,Liguria,Liguria,1550640,631684,40.74,0.12
736,2021-07-03,LIG,8806,4358,4448,5477,3315,14,ITC,ITC3,7,Liguria,Liguria,1550640,640490,41.3,0.57
737,2021-04-11,LIG,4248,1929,2319,3944,249,55,ITC,ITC3,7,Liguria,Liguria,1550640,644738,41.58,0.27
738,2021-07-20,LIG,13943,6868,7075,2747,11158,38,ITC,ITC3,7,Liguria,Liguria,1550640,658681,42.48,0.9
739,2021-01-18,LIG,2144,747,1397,1985,157,2,ITC,ITC3,7,Liguria,Liguria,1550640,660825,42.62,0.14
740,2021-07-22,LIG,21350,10850,10500,4586,16704,60,ITC,ITC3,7,Liguria,Liguria,1550640,682175,43.99,1.38
741,2021-03-12,LIG,6218,2873,3345,3688,2471,59,ITC,ITC3,7,Liguria,Liguria,1550640,688393,44.39,0.4
742,2021-07-01,LIG,13541,6526,7015,7350,6149,42,ITC,ITC3,7,Liguria,Liguria,1550640,701934,45.27,0.87
743,2021-05-19,LIG,13573,5961,7612,10305,3124,144,ITC,ITC3,7,Liguria,Liguria,1550640,715507,46.14,0.88
744,2021-03-23,LIG,9278,4224,5054,5980,3211,87,ITC,ITC3,7,Liguria,Liguria,1550640,724785,46.74,0.6
745,2021-07-15,LIG,14747,7458,7289,5191,9477,79,ITC,ITC3,7,Liguria,Liguria,1550640,739532,47.69,0.95
746,2021-02-01,LIG,2582,935,1647,112,2470,0,ITC,ITC3,7,Liguria,Liguria,1550640,742114,47.86,0.17
747,2021-07-08,LIG,13625,6705,6920,6195,7387,43,ITC,ITC3,7,Liguria,Liguria,1550640,755739,48.74,0.88
748,2021-05-12,LIG,12116,5489,6627,6606,5405,105,ITC,ITC3,7,Liguria,Liguria,1550640,767855,49.52,0.78
749,2021-05-26,LIG,16683,8424,8259,12148,4380,155,ITC,ITC3,7,Liguria,Liguria,1550640,784538,50.59,1.08
750,2021-03-30,LIG,12216,5429,6787,8740,3388,88,ITC,ITC3,7,Liguria,Liguria,1550640,796754,51.38,0.79
751,2021-04-06,LIG,13254,5905,7349,10885,2263,106,ITC,ITC3,7,Liguria,Liguria,1550640,810008,52.24,0.85
752,2021-02-08,LIG,1979,742,1237,305,1674,0,ITC,ITC3,7,Liguria,Liguria,1550640,811987,52.36,0.13
753,2020-12-27,LIG,135,56,79,134,0,1,ITC,ITC3,7,Liguria,Liguria,1550640,812122,52.37,0.01
754,2021-03-16,LIG,6087,2732,3355,2314,3733,40,ITC,ITC3,7,Liguria,Liguria,1550640,818209,52.77,0.39
755,2021-01-11,LIG,2656,993,1663,2654,0,2,ITC,ITC3,7,Liguria,Liguria,1550640,820865,52.94,0.17
756,2021-07-12,LIG,13403,6431,6972,4155,9217,31,ITC,ITC3,7,Liguria,Liguria,1550640,834268,53.8,0.86
757,2021-01-10,LIG,648,262,386,644,0,4,ITC,ITC3,7,Liguria,Liguria,1550640,834916,53.84,0.04
758,2021-04-20,LIG,14242,6521,7721,9733,4355,154,ITC,ITC3,7,Liguria,Liguria,1550640,849158,54.76,0.92
759,2021-06-26,LIG,7220,3356,3864,4490,2712,18,ITC,ITC3,7,Liguria,Liguria,1550640,856378,55.23,0.47
760,2021-07-10,LIG,6898,3478,3420,2760,4128,10,ITC,ITC3,7,Liguria,Liguria,1550640,863276,55.67,0.44
761,2021-04-04,LIG,764,369,395,505,251,8,ITC,ITC3,7,Liguria,Liguria,1550640,864040,55.72,0.05
762,2021-04-18,LIG,2614,1164,1450,2072,469,73,ITC,ITC3,7,Liguria,Liguria,1550640,866654,55.89,0.17
763,2021-07-27,LIG,17427,8883,8544,4381,12998,48,ITC,ITC3,7,Liguria,Liguria,1550640,884081,57.01,1.12
764,2021-01-08,LIG,2937,1000,1937,2935,0,2,ITC,ITC3,7,Liguria,Liguria,1550640,887018,57.2,0.19
765,2021-05-14,LIG,13152,5867,7285,8630,4336,186,ITC,ITC3,7,Liguria,Liguria,1550640,900170,58.05,0.85
766,2021-05-31,LIG,14716,7379,7337,9115,5518,83,ITC,ITC3,7,Liguria,Liguria,1550640,914886,59.0,0.95
767,2021-03-09,LIG,5933,2755,3178,4441,1431,61,ITC,ITC3,7,Liguria,Liguria,1550640,920819,59.38,0.38
768,2021-02-20,LIG,1335,637,698,1329,1,5,ITC,ITC3,7,Liguria,Liguria,1550640,922154,59.47,0.09
769,2021-05-16,LIG,3704,1861,1843,2117,1560,27,ITC,ITC3,7,Liguria,Liguria,1550640,925858,59.71,0.24
770,2021-02-22,LIG,3343,1476,1867,3191,142,10,ITC,ITC3,7,Liguria,Liguria,1550640,929201,59.92,0.22
771,2021-06-28,LIG,11607,5613,5994,7257,4306,44,ITC,ITC3,7,Liguria,Liguria,1550640,940808,60.67,0.75
772,2021-03-20,LIG,2316,995,1321,1124,1174,18,ITC,ITC3,7,Liguria,Liguria,1550640,943124,60.82,0.15
773,2021-06-30,LIG,15074,7190,7884,8230,6798,46,ITC,ITC3,7,Liguria,Liguria,1550640,958198,61.79,0.97
774,2021-01-15,LIG,2257,755,1502,2252,0,5,ITC,ITC3,7,Liguria,Liguria,1550640,960455,61.94,0.15
775,2021-04-25,LIG,1935,920,1015,1506,415,14,ITC,ITC3,7,Liguria,Liguria,1550640,962390,62.06,0.12
776,2021-03-13,LIG,3850,1637,2213,2949,856,45,ITC,ITC3,7,Liguria,Liguria,1550640,966240,62.31,0.25
777,2021-06-16,LIG,16395,7921,8474,9256,7119,20,ITC,ITC3,7,Liguria,Liguria,1550640,982635,63.37,1.06
778,2021-03-08,LIG,5626,2461,3165,3895,1690,41,ITC,ITC3,7,Liguria,Liguria,1550640,988261,63.73,0.36
779,2021-02-15,LIG,2263,839,1424,1854,399,10,ITC,ITC3,7,Liguria,Liguria,1550640,990524,63.88,0.15
780,2021-06-11,LIG,17842,9084,8758,11755,6075,12,ITC,ITC3,7,Liguria,Liguria,1550640,1008366,65.03,1.15
781,2021-04-15,LIG,11846,5238,6608,9890,1851,105,ITC,ITC3,7,Liguria,Liguria,1550640,1020212,65.79,0.76
782,2021-04-08,LIG,13787,6180,7607,11586,2046,155,ITC,ITC3,7,Liguria,Liguria,1550640,1033999,66.68,0.89
783,2021-07-17,LIG,6512,3360,3152,1817,4688,7,ITC,ITC3,7,Liguria,Liguria,1550640,1040511,67.1,0.42
784,2021-07-31,LIG,8245,4405,3840,1320,6914,11,ITC,ITC3,7,Liguria,Liguria,1550640,1048756,67.63,0.53
785,2021-01-27,LIG,1745,604,1141,139,1605,1,ITC,ITC3,7,Liguria,Liguria,1550640,1050501,67.75,0.11
786,2021-05-21,LIG,12851,5959,6892,9575,3134,142,ITC,ITC3,7,Liguria,Liguria,1550640,1063352,68.58,0.83
787,2021-02-27,LIG,1888,921,967,1750,129,9,ITC,ITC3,7,Liguria,Liguria,1550640,1065240,68.7,0.12
788,2021-02-10,LIG,2320,837,1483,1014,1302,4,ITC,ITC3,7,Liguria,Liguria,1550640,1067560,68.85,0.15
789,2021-01-03,LIG,736,231,505,734,0,2,ITC,ITC3,7,Liguria,Liguria,1550640,1068296,68.89,0.05
790,2021-07-26,LIG,17491,8923,8568,4718,12704,69,ITC,ITC3,7,Liguria,Liguria,1550640,1085787,70.02,1.13
791,2021-01-07,LIG,3226,1095,2131,3223,0,3,ITC,ITC3,7,Liguria,Liguria,1550640,1089013,70.23,0.21
792,2021-06-13,LIG,5623,2697,2926,5163,456,4,ITC,ITC3,7,Liguria,Liguria,1550640,1094636,70.59,0.36
793,2021-04-17,LIG,7389,3219,4170,6567,752,70,ITC,ITC3,7,Liguria,Liguria,1550640,1102025,71.07,0.48
794,2021-05-01,LIG,7147,3258,3889,1306,5803,38,ITC,ITC3,7,Liguria,Liguria,1550640,1109172,71.53,0.46
795,2021-03-05,LIG,4869,2150,2719,3674,1132,63,ITC,ITC3,7,Liguria,Liguria,1550640,1114041,71.84,0.31
796,2021-06-06,LIG,3813,2032,1781,2948,862,3,ITC,ITC3,7,Liguria,Liguria,1550640,1117854,72.09,0.25
797,2021-04-24,LIG,8219,3796,4423,4978,3152,89,ITC,ITC3,7,Liguria,Liguria,1550640,1126073,72.62,0.53
798,2021-02-26,LIG,3769,1524,2245,3415,329,25,ITC,ITC3,7,Liguria,Liguria,1550640,1129842,72.86,0.24
799,2021-08-02,LIG,13038,6482,6556,2965,10025,48,ITC,ITC3,7,Liguria,Liguria,1550640,1142880,73.7,0.84
800,2021-06-20,LIG,1335,658,677,1053,275,7,ITC,ITC3,7,Liguria,Liguria,1550640,1144215,73.79,0.09
801,2021-06-23,LIG,14326,6856,7470,9109,5197,20,ITC,ITC3,7,Liguria,Liguria,1550640,1158541,74.71,0.92
802,2021-02-14,LIG,233,122,111,233,0,0,ITC,ITC3,7,Liguria,Liguria,1550640,1158774,74.73,0.02
803,2021-05-25,LIG,14264,6954,7310,10945,3186,133,ITC,ITC3,7,Liguria,Liguria,1550640,1173038,75.65,0.92
804,2021-03-22,LIG,7754,3474,4280,4738,2943,73,ITC,ITC3,7,Liguria,Liguria,1550640,1180792,76.15,0.5
805,2021-02-07,LIG,407,153,254,2,405,0,ITC,ITC3,7,Liguria,Liguria,1550640,1181199,76.17,0.03
806,2021-05-18,LIG,13486,6127,7359,10039,3311,136,ITC,ITC3,7,Liguria,Liguria,1550640,1194685,77.04,0.87
807,2021-05-20,LIG,12939,6006,6933,8778,4036,125,ITC,ITC3,7,Liguria,Liguria,1550640,1207624,77.88,0.83
808,2021-03-25,LIG,9771,4234,5537,6228,3392,151,ITC,ITC3,7,Liguria,Liguria,1550640,1217395,78.51,0.63
809,2021-01-01,LIG,145,55,90,145,0,0,ITC,ITC3,7,Liguria,Liguria,1550640,1217540,78.52,0.01
810,2021-03-27,LIG,3933,1549,2384,2484,1397,52,ITC,ITC3,7,Liguria,Liguria,1550640,1221473,78.77,0.25
811,2021-07-05,LIG,11892,5766,6126,5346,6508,38,ITC,ITC3,7,Liguria,Liguria,1550640,1233365,79.54,0.77
812,2021-04-13,LIG,13083,5870,7213,10945,2025,113,ITC,ITC3,7,Liguria,Liguria,1550640,1246448,80.38,0.84
813,2021-07-19,LIG,12084,6023,6061,3373,8670,41,ITC,ITC3,7,Liguria,Liguria,1550640,1258532,81.16,0.78
814,2021-08-05,LIG,14110,7297,6813,4116,9940,54,ITC,ITC3,7,Liguria,Liguria,1550640,1272642,82.07,0.91
815,2021-04-27,LIG,14810,6695,8115,7148,7595,67,ITC,ITC3,7,Liguria,Liguria,1550640,1287452,83.03,0.96
816,2021-02-03,LIG,2319,792,1527,51,2268,0,ITC,ITC3,7,Liguria,Liguria,1550640,1289771,83.18,0.15
817,2021-07-21,LIG,19169,9497,9672,3833,15288,48,ITC,ITC3,7,Liguria,Liguria,1550640,1308940,84.41,1.24
818,2021-04-29,LIG,15590,6983,8607,6618,8845,127,ITC,ITC3,7,Liguria,Liguria,1550640,1324530,85.42,1.01
819,2021-04-12,LIG,12392,5478,6914,10277,2020,95,ITC,ITC3,7,Liguria,Liguria,1550640,1336922,86.22,0.8
820,2021-01-19,LIG,1375,440,935,1281,90,4,ITC,ITC3,7,Liguria,Liguria,1550640,1338297,86.31,0.09
821,2021-02-05,LIG,2686,989,1697,300,2385,1,ITC,ITC3,7,Liguria,Liguria,1550640,1340983,86.48,0.17
822,2021-06-04,LIG,14791,7259,7532,9285,5494,12,ITC,ITC3,7,Liguria,Liguria,1550640,1355774,87.43,0.95
823,2021-02-17,LIG,2694,1184,1510,2250,432,12,ITC,ITC3,7,Liguria,Liguria,1550640,1358468,87.61,0.17
824,2021-07-24,LIG,11592,6033,5559,2334,9229,29,ITC,ITC3,7,Liguria,Liguria,1550640,1370060,88.35,0.75
825,2021-05-28,LIG,16301,8142,8159,11601,4555,145,ITC,ITC3,7,Liguria,Liguria,1550640,1386361,89.41,1.05
826,2021-01-05,LIG,2880,896,1984,2880,0,0,ITC,ITC3,7,Liguria,Liguria,1550640,1389241,89.59,0.19
827,2021-03-03,LIG,4581,1847,2734,3444,1027,110,ITC,ITC3,7,Liguria,Liguria,1550640,1393822,89.89,0.3
828,2021-03-18,LIG,4987,2124,2863,1970,2981,36,ITC,ITC3,7,Liguria,Liguria,1550640,1398809,90.21,0.32
829,2021-04-01,LIG,12432,5514,6918,9572,2770,90,ITC,ITC3,7,Liguria,Liguria,1550640,1411241,91.01,0.8
830,2021-06-08,LIG,18101,9026,9075,11441,6644,16,ITC,ITC3,7,Liguria,Liguria,1550640,1429342,92.18,1.17
831,2021-03-17,LIG,5555,2369,3186,2451,3082,22,ITC,ITC3,7,Liguria,Liguria,1550640,1434897,92.54,0.36
832,2021-06-25,LIG,13835,6617,7218,6904,6914,17,ITC,ITC3,7,Liguria,Liguria,1550640,1448732,93.43,0.89
833,2021-05-13,LIG,13322,6091,7231,8901,4266,155,ITC,ITC3,7,Liguria,Liguria,1550640,1462054,94.29,0.86
834,2021-02-19,LIG,3219,1306,1913,3023,176,20,ITC,ITC3,7,Liguria,Liguria,1550640,1465273,94.49,0.21
835,2021-05-30,LIG,3299,1610,1689,1338,1944,17,ITC,ITC3,7,Liguria,Liguria,1550640,1468572,94.71,0.21
836,2021-06-01,LIG,16337,8225,8112,10953,5369,15,ITC,ITC3,7,Liguria,Liguria,1550640,1484909,95.76,1.05
837,2021-05-23,LIG,2306,1120,1186,1169,1123,14,ITC,ITC3,7,Liguria,Liguria,1550640,1487215,95.91,0.15
838,2021-03-01,LIG,3541,1448,2093,3384,136,21,ITC,ITC3,7,Liguria,Liguria,1550640,1490756,96.14,0.23
839,2021-06-09,LIG,19055,9561,9494,12470,6563,22,ITC,ITC3,7,Liguria,Liguria,1550640,1509811,97.37,1.23
840,2021-06-18,LIG,15414,7502,7912,8179,7211,24,ITC,ITC3,7,Liguria,Liguria,1550640,1525225,98.36,0.99
841,2021-03-10,LIG,5904,2865,3039,3929,1910,65,ITC,ITC3,7,Liguria,Liguria,1550640,1531129,98.74,0.38
842,2021-07-14,LIG,11476,5651,5825,3439,8009,28,ITC,ITC3,7,Liguria,Liguria,1550640,1542605,99.48,0.74
843,2021-07-28,LIG,18427,9491,8936,5821,12517,89,ITC,ITC3,7,Liguria,Liguria,1550640,1561032,100.67,1.19
844,2021-05-06,LIG,14532,6443,8089,6069,8333,130,ITC,ITC3,7,Liguria,Liguria,1550640,1575564,101.61,0.94
845,2021-01-26,LIG,2489,808,1681,17,2472,0,ITC,ITC3,7,Liguria,Liguria,1550640,1578053,101.77,0.16
846,2021-03-24,LIG,9181,4033,5148,5808,3287,86,ITC,ITC3,7,Liguria,Liguria,1550640,1587234,102.36,0.59
847,2021-07-02,LIG,12962,6359,6603,6433,6494,35,ITC,ITC3,7,Liguria,Liguria,1550640,1600196,103.2,0.84
848,2020-12-31,LIG,990,353,637,990,0,0,ITC,ITC3,7,Liguria,Liguria,1550640,1601186,103.26,0.06
849,2021-04-10,LIG,7889,3561,4328,6891,914,84,ITC,ITC3,7,Liguria,Liguria,1550640,1609075,103.77,0.51
850,2021-01-17,LIG,866,301,565,865,0,1,ITC,ITC3,7,Liguria,Liguria,1550640,1609941,103.82,0.06
851,2021-04-03,LIG,5407,2499,2908,4429,943,35,ITC,ITC3,7,Liguria,Liguria,1550640,1615348,104.17,0.35
852,2021-01-24,LIG,757,238,519,113,644,0,ITC,ITC3,7,Liguria,Liguria,1550640,1616105,104.22,0.05
853,2021-06-27,LIG,1945,892,1053,692,1243,10,ITC,ITC3,7,Liguria,Liguria,1550640,1618050,104.35,0.13
854,2021-08-04,LIG,13758,6939,6819,3292,10398,68,ITC,ITC3,7,Liguria,Liguria,1550640,1631808,105.23,0.89
855,2021-02-24,LIG,3764,1560,2204,3448,258,58,ITC,ITC3,7,Liguria,Liguria,1550640,1635572,105.48,0.24
856,2020-12-29,LIG,125,33,92,125,0,0,ITC,ITC3,7,Liguria,Liguria,1550640,1635697,105.49,0.01
857,2021-01-12,LIG,2475,890,1585,2474,0,1,ITC,ITC3,7,Liguria,Liguria,1550640,1638172,105.64,0.16
858,2021-04-22,LIG,13870,6215,7655,8645,5087,138,ITC,ITC3,7,Liguria,Liguria,1550640,1652042,106.54,0.89
859,2021-02-12,LIG,1937,690,1247,893,1042,2,ITC,ITC3,7,Liguria,Liguria,1550640,1653979,106.66,0.12
860,2021-03-15,LIG,7358,3118,4240,4495,2813,50,ITC,ITC3,7,Liguria,Liguria,1550640,1661337,107.14,0.47
861,2021-02-25,LIG,3458,1349,2109,3308,130,20,ITC,ITC3,7,Liguria,Liguria,1550640,1664795,107.36,0.22
862,2021-03-04,LIG,4740,2118,2622,3834,849,57,ITC,ITC3,7,Liguria,Liguria,1550640,1669535,107.67,0.31
863,2021-06-12,LIG,10242,4983,5259,7478,2758,6,ITC,ITC3,7,Liguria,Liguria,1550640,1679777,108.33,0.66
864,2021-04-30,LIG,14429,6445,7984,5758,8573,98,ITC,ITC3,7,Liguria,Liguria,1550640,1694206,109.26,0.93
865,2021-03-06,LIG,3307,1843,1464,2552,706,49,ITC,ITC3,7,Liguria,Liguria,1550640,1697513,109.47,0.21
866,2021-01-22,LIG,1823,605,1218,1333,487,3,ITC,ITC3,7,Liguria,Liguria,1550640,1699336,109.59,0.12
867,2021-05-02,LIG,3978,1836,2142,504,3468,6,ITC,ITC3,7,Liguria,Liguria,1550640,1703314,109.85,0.26
868,2021-05-04,LIG,13656,6089,7567,5359,8229,68,ITC,ITC3,7,Liguria,Liguria,1550640,1716970,110.73,0.88
869,2021-05-09,LIG,2825,1244,1581,1086,1710,29,ITC,ITC3,7,Liguria,Liguria,1550640,1719795,110.91,0.18
870,2021-01-29,LIG,3097,1067,2030,64,3033,0,ITC,ITC3,7,Liguria,Liguria,1550640,1722892,111.11,0.2
871,2021-01-20,LIG,1555,556,999,1542,12,1,ITC,ITC3,7,Liguria,Liguria,1550640,1724447,111.21,0.1
872,2021-07-09,LIG,12814,6319,6495,4229,8561,24,ITC,ITC3,7,Liguria,Liguria,1550640,1737261,112.04,0.83
873,2021-04-05,LIG,3979,1754,2225,2304,1649,26,ITC,ITC3,7,Liguria,Liguria,1550640,1741240,112.29,0.26
874,2021-07-16,LIG,12609,6212,6397,3144,9423,42,ITC,ITC3,7,Liguria,Liguria,1550640,1753849,113.1,0.81
875,2021-05-11,LIG,13925,6394,7531,7197,6622,106,ITC,ITC3,7,Liguria,Liguria,1550640,1767774,114.0,0.9
876,2021-03-29,LIG,10583,4622,5961,7345,3133,105,ITC,ITC3,7,Liguria,Liguria,1550640,1778357,114.69,0.68
877,2021-01-31,LIG,624,270,354,7,617,0,ITC,ITC3,7,Liguria,Liguria,1550640,1778981,114.73,0.04
878,2021-07-07,LIG,11749,5635,6114,4963,6761,25,ITC,ITC3,7,Liguria,Liguria,1550640,1790730,115.48,0.76
879,2021-03-28,LOM,20626,7876,12750,13963,6278,385,ITC,ITC4,3,Lombardia,Lombardia,10060574,20626,0.21,0.21
880,2021-04-14,LOM,47219,21042,26177,33553,12979,687,ITC,ITC4,3,Lombardia,Lombardia,10060574,67845,0.67,0.47
881,2021-01-04,LOM,6126,2117,4009,6119,0,7,ITC,ITC4,3,Lombardia,Lombardia,10060574,73971,0.74,0.06
882,2021-06-19,LOM,104310,51988,52322,56239,46649,1422,ITC,ITC4,3,Lombardia,Lombardia,10060574,178281,1.77,1.04
883,2021-07-06,LOM,101920,50734,51186,23081,77421,1418,ITC,ITC4,3,Lombardia,Lombardia,10060574,280201,2.79,1.01
884,2021-01-16,LOM,15622,5779,9843,15611,0,11,ITC,ITC4,3,Lombardia,Lombardia,10060574,295823,2.94,0.16
885,2021-05-24,LOM,89586,43510,46076,48596,40053,937,ITC,ITC4,3,Lombardia,Lombardia,10060574,385409,3.83,0.89
886,2021-02-11,LOM,17099,5016,12083,9634,7387,78,ITC,ITC4,3,Lombardia,Lombardia,10060574,402508,4.0,0.17
887,2021-05-31,LOM,95728,47426,48302,78383,16242,1103,ITC,ITC4,3,Lombardia,Lombardia,10060574,498236,4.95,0.95
888,2021-07-27,LOM,104871,56816,48055,7438,96727,706,ITC,ITC4,3,Lombardia,Lombardia,10060574,603107,5.99,1.04
889,2021-08-01,LOM,53133,28428,24705,27335,24260,1538,ITC,ITC4,3,Lombardia,Lombardia,10060574,656240,6.52,0.53
890,2021-04-23,LOM,73601,33352,40249,55586,16627,1388,ITC,ITC4,3,Lombardia,Lombardia,10060574,729841,7.25,0.73
891,2021-05-10,LOM,85300,40900,44400,62041,21588,1671,ITC,ITC4,3,Lombardia,Lombardia,10060574,815141,8.1,0.85
892,2021-01-30,LOM,12335,4575,7760,146,12180,9,ITC,ITC4,3,Lombardia,Lombardia,10060574,827476,8.22,0.12
893,2021-06-05,LOM,102431,52954,49477,91103,9817,1511,ITC,ITC4,3,Lombardia,Lombardia,10060574,929907,9.24,1.02
894,2021-03-14,LOM,14876,5349,9527,11218,3285,373,ITC,ITC4,3,Lombardia,Lombardia,10060574,944783,9.39,0.15
895,2021-02-23,LOM,11830,4804,7026,11292,332,206,ITC,ITC4,3,Lombardia,Lombardia,10060574,956613,9.51,0.12
896,2021-07-20,LOM,95013,49092,45921,6900,87357,756,ITC,ITC4,3,Lombardia,Lombardia,10060574,1051626,10.45,0.94
897,2021-02-04,LOM,27934,8139,19795,2044,25885,5,ITC,ITC4,3,Lombardia,Lombardia,10060574,1079560,10.73,0.28
898,2021-07-18,LOM,97101,50590,46511,8544,87864,693,ITC,ITC4,3,Lombardia,Lombardia,10060574,1176661,11.7,0.97
899,2021-04-09,LOM,52418,22380,30038,35573,16007,838,ITC,ITC4,3,Lombardia,Lombardia,10060574,1229079,12.22,0.52
900,2021-07-13,LOM,108459,56700,51759,15443,91777,1239,ITC,ITC4,3,Lombardia,Lombardia,10060574,1337538,13.29,1.08
901,2021-04-04,LOM,7612,3230,4382,3682,3896,34,ITC,ITC4,3,Lombardia,Lombardia,10060574,1345150,13.37,0.08
902,2021-04-28,LOM,95772,43680,52092,66932,26925,1915,ITC,ITC4,3,Lombardia,Lombardia,10060574,1440922,14.32,0.95
903,2021-06-24,LOM,109754,56741,53013,78423,28953,2378,ITC,ITC4,3,Lombardia,Lombardia,10060574,1550676,15.41,1.09
904,2021-03-16,LOM,25525,10125,15400,16304,9099,122,ITC,ITC4,3,Lombardia,Lombardia,10060574,1576201,15.67,0.25
905,2021-05-12,LOM,87539,41765,45774,57435,27581,2523,ITC,ITC4,3,Lombardia,Lombardia,10060574,1663740,16.54,0.87
906,2021-02-16,LOM,9522,3079,6443,8974,448,100,ITC,ITC4,3,Lombardia,Lombardia,10060574,1673262,16.63,0.09
907,2021-06-10,LOM,102686,52254,50432,86420,14469,1797,ITC,ITC4,3,Lombardia,Lombardia,10060574,1775948,17.65,1.02
908,2021-03-02,LOM,22837,9708,13129,19531,3044,262,ITC,ITC4,3,Lombardia,Lombardia,10060574,1798785,17.88,0.23
909,2020-12-28,LOM,108,47,61,108,0,0,ITC,ITC4,3,Lombardia,Lombardia,10060574,1798893,17.88,0.0
910,2021-04-21,LOM,71850,32569,39281,55834,14680,1336,ITC,ITC4,3,Lombardia,Lombardia,10060574,1870743,18.59,0.71
911,2021-07-08,LOM,114423,58318,56105,13209,100186,1028,ITC,ITC4,3,Lombardia,Lombardia,10060574,1985166,19.73,1.14
912,2021-07-25,LOM,86631,45731,40900,9423,76427,781,ITC,ITC4,3,Lombardia,Lombardia,10060574,2071797,20.59,0.86
913,2021-04-16,LOM,53706,23934,29772,38442,14377,887,ITC,ITC4,3,Lombardia,Lombardia,10060574,2125503,21.13,0.53
914,2021-05-03,LOM,83725,39771,43954,69461,12138,2126,ITC,ITC4,3,Lombardia,Lombardia,10060574,2209228,21.96,0.83
915,2021-01-23,LOM,1127,361,766,925,199,3,ITC,ITC4,3,Lombardia,Lombardia,10060574,2210355,21.97,0.01
916,2021-03-26,LOM,41348,15715,25633,27507,13166,675,ITC,ITC4,3,Lombardia,Lombardia,10060574,2251703,22.38,0.41
917,2021-05-22,LOM,70626,33844,36782,31725,38186,715,ITC,ITC4,3,Lombardia,Lombardia,10060574,2322329,23.08,0.7
918,2021-05-29,LOM,88335,42419,45916,41396,46096,843,ITC,ITC4,3,Lombardia,Lombardia,10060574,2410664,23.96,0.88
919,2021-02-18,LOM,14057,4928,9129,12822,1038,197,ITC,ITC4,3,Lombardia,Lombardia,10060574,2424721,24.1,0.14
920,2021-06-12,LOM,89314,48061,41253,84316,3159,1839,ITC,ITC4,3,Lombardia,Lombardia,10060574,2514035,24.99,0.89
921,2021-06-29,LOM,107176,53158,54018,57413,47756,2007,ITC,ITC4,3,Lombardia,Lombardia,10060574,2621211,26.05,1.07
922,2021-03-21,LOM,23521,8499,15022,17732,5197,592,ITC,ITC4,3,Lombardia,Lombardia,10060574,2644732,26.29,0.23
923,2021-02-13,LOM,6423,2443,3980,4885,1478,60,ITC,ITC4,3,Lombardia,Lombardia,10060574,2651155,26.35,0.06
924,2021-05-17,LOM,94685,45370,49315,29549,64433,703,ITC,ITC4,3,Lombardia,Lombardia,10060574,2745840,27.29,0.94
925,2021-01-09,LOM,12495,4608,7887,12487,0,8,ITC,ITC4,3,Lombardia,Lombardia,10060574,2758335,27.42,0.12
926,2021-03-07,LOM,12093,5364,6729,9339,2562,192,ITC,ITC4,3,Lombardia,Lombardia,10060574,2770428,27.54,0.12
927,2021-01-27,LOM,8052,2678,5374,807,7243,2,ITC,ITC4,3,Lombardia,Lombardia,10060574,2778480,27.62,0.08
928,2021-07-03,LOM,102352,51632,50720,44537,55707,2108,ITC,ITC4,3,Lombardia,Lombardia,10060574,2880832,28.63,1.02
929,2021-03-25,LOM,43009,16084,26925,29248,12856,905,ITC,ITC4,3,Lombardia,Lombardia,10060574,2923841,29.06,0.43
930,2021-05-21,LOM,93872,45249,48623,28389,64722,761,ITC,ITC4,3,Lombardia,Lombardia,10060574,3017713,30.0,0.93
931,2021-06-17,LOM,108555,52713,55842,50883,56494,1178,ITC,ITC4,3,Lombardia,Lombardia,10060574,3126268,31.07,1.08
932,2021-03-09,LOM,33250,12872,20378,25249,7415,586,ITC,ITC4,3,Lombardia,Lombardia,10060574,3159518,31.4,0.33
933,2021-05-05,LOM,88094,41994,46100,70476,15350,2268,ITC,ITC4,3,Lombardia,Lombardia,10060574,3247612,32.28,0.88
934,2021-07-01,LOM,104948,52821,52127,53339,49218,2391,ITC,ITC4,3,Lombardia,Lombardia,10060574,3352560,33.32,1.04
935,2021-04-02,LOM,41400,16944,24456,26208,14638,554,ITC,ITC4,3,Lombardia,Lombardia,10060574,3393960,33.74,0.41
936,2021-01-11,LOM,16304,5390,10914,16294,0,10,ITC,ITC4,3,Lombardia,Lombardia,10060574,3410264,33.9,0.16
937,2021-01-28,LOM,12246,3713,8533,795,11444,7,ITC,ITC4,3,Lombardia,Lombardia,10060574,3422510,34.02,0.12
938,2021-08-03,LOM,85863,46550,39313,13452,71681,730,ITC,ITC4,3,Lombardia,Lombardia,10060574,3508373,34.87,0.85
939,2021-04-25,LOM,51588,23656,27932,45540,4827,1221,ITC,ITC4,3,Lombardia,Lombardia,10060574,3559961,35.39,0.51
940,2021-06-21,LOM,113314,58051,55263,78392,32752,2170,ITC,ITC4,3,Lombardia,Lombardia,10060574,3673275,36.51,1.13
941,2021-06-02,LOM,84660,43588,41072,76987,6355,1318,ITC,ITC4,3,Lombardia,Lombardia,10060574,3757935,37.35,0.84
942,2021-03-11,LOM,36250,13494,22756,25634,9933,683,ITC,ITC4,3,Lombardia,Lombardia,10060574,3794185,37.71,0.36
943,2021-07-29,LOM,74388,40414,33974,33760,38674,1954,ITC,ITC4,3,Lombardia,Lombardia,10060574,3868573,38.45,0.74
944,2021-02-20,LOM,9357,3870,5487,8847,315,195,ITC,ITC4,3,Lombardia,Lombardia,10060574,3877930,38.55,0.09
945,2021-04-18,LOM,36410,16232,20178,30526,5241,643,ITC,ITC4,3,Lombardia,Lombardia,10060574,3914340,38.91,0.36
946,2021-01-08,LOM,12737,3931,8806,12726,0,11,ITC,ITC4,3,Lombardia,Lombardia,10060574,3927077,39.03,0.13
947,2021-07-17,LOM,108496,57289,51207,10219,97352,925,ITC,ITC4,3,Lombardia,Lombardia,10060574,4035573,40.11,1.08
948,2021-01-13,LOM,26460,8090,18370,26435,0,25,ITC,ITC4,3,Lombardia,Lombardia,10060574,4062033,40.38,0.26
949,2021-05-07,LOM,92379,43727,48652,68391,22419,1569,ITC,ITC4,3,Lombardia,Lombardia,10060574,4154412,41.29,0.92
950,2021-03-18,LOM,27418,10966,16452,15935,11256,227,ITC,ITC4,3,Lombardia,Lombardia,10060574,4181830,41.57,0.27
951,2021-05-14,LOM,86019,41427,44592,53293,30344,2382,ITC,ITC4,3,Lombardia,Lombardia,10060574,4267849,42.42,0.86
952,2021-07-10,LOM,107121,54223,52898,13914,92028,1179,ITC,ITC4,3,Lombardia,Lombardia,10060574,4374970,43.49,1.06
953,2021-05-19,LOM,83291,39779,43512,33118,49364,809,ITC,ITC4,3,Lombardia,Lombardia,10060574,4458261,44.31,0.83
954,2021-02-08,LOM,10108,2926,7182,2124,7975,9,ITC,ITC4,3,Lombardia,Lombardia,10060574,4468369,44.41,0.1
955,2021-02-25,LOM,15345,6368,8977,13531,1614,200,ITC,ITC4,3,Lombardia,Lombardia,10060574,4483714,44.57,0.15
956,2021-02-06,LOM,15279,5545,9734,1010,14264,5,ITC,ITC4,3,Lombardia,Lombardia,10060574,4498993,44.72,0.15
957,2021-07-24,LOM,95870,50655,45215,9739,85272,859,ITC,ITC4,3,Lombardia,Lombardia,10060574,4594863,45.67,0.95
958,2021-05-02,LOM,83514,38337,45177,59260,22471,1783,ITC,ITC4,3,Lombardia,Lombardia,10060574,4678377,46.5,0.83
959,2021-01-18,LOM,9246,2982,6264,8256,975,15,ITC,ITC4,3,Lombardia,Lombardia,10060574,4687623,46.59,0.09
960,2021-03-23,LOM,42607,15482,27125,28868,12883,856,ITC,ITC4,3,Lombardia,Lombardia,10060574,4730230,47.02,0.42
961,2021-01-25,LOM,7090,2394,4696,513,6574,3,ITC,ITC4,3,Lombardia,Lombardia,10060574,4737320,47.09,0.07
962,2021-02-01,LOM,16093,5329,10764,306,15785,2,ITC,ITC4,3,Lombardia,Lombardia,10060574,4753413,47.25,0.16
963,2021-07-05,LOM,101759,49708,52051,31461,68404,1894,ITC,ITC4,3,Lombardia,Lombardia,10060574,4855172,48.26,1.01
964,2021-06-28,LOM,107957,55004,52953,74286,31065,2606,ITC,ITC4,3,Lombardia,Lombardia,10060574,4963129,49.33,1.07
965,2021-07-15,LOM,109278,56206,53072,13369,94711,1198,ITC,ITC4,3,Lombardia,Lombardia,10060574,5072407,50.42,1.09
966,2021-04-06,LOM,43089,17592,25497,24449,17949,691,ITC,ITC4,3,Lombardia,Lombardia,10060574,5115496,50.85,0.43
967,2021-06-14,LOM,94785,48155,46630,49130,44538,1117,ITC,ITC4,3,Lombardia,Lombardia,10060574,5210281,51.79,0.94
968,2021-05-26,LOM,93735,44662,49073,42742,50104,889,ITC,ITC4,3,Lombardia,Lombardia,10060574,5304016,52.72,0.93
969,2021-02-15,LOM,9020,3157,5863,8371,470,179,ITC,ITC4,3,Lombardia,Lombardia,10060574,5313036,52.81,0.09
970,2021-03-20,LOM,32603,12169,20434,22249,9853,501,ITC,ITC4,3,Lombardia,Lombardia,10060574,5345639,53.13,0.32
971,2020-12-27,LOM,718,414,304,718,0,0,ITC,ITC4,3,Lombardia,Lombardia,10060574,5346357,53.14,0.01
972,2021-03-04,LOM,29357,12127,17230,20060,9077,220,ITC,ITC4,3,Lombardia,Lombardia,10060574,5375714,53.43,0.29
973,2021-06-30,LOM,106815,52922,53893,56596,48103,2116,ITC,ITC4,3,Lombardia,Lombardia,10060574,5482529,54.5,1.06
974,2021-03-22,LOM,40344,14306,26038,28948,10562,834,ITC,ITC4,3,Lombardia,Lombardia,10060574,5522873,54.9,0.4
975,2021-04-08,LOM,52444,21787,30657,35291,16480,673,ITC,ITC4,3,Lombardia,Lombardia,10060574,5575317,55.42,0.52
976,2020-12-29,LOM,106,45,61,106,0,0,ITC,ITC4,3,Lombardia,Lombardia,10060574,5575423,55.42,0.0
977,2021-07-14,LOM,109235,56761,52474,14336,93486,1413,ITC,ITC4,3,Lombardia,Lombardia,10060574,5684658,56.5,1.09
978,2021-07-31,LOM,71105,38775,32330,36364,32718,2023,ITC,ITC4,3,Lombardia,Lombardia,10060574,5755763,57.21,0.71
979,2021-04-22,LOM,74016,33423,40593,56221,16413,1382,ITC,ITC4,3,Lombardia,Lombardia,10060574,5829779,57.95,0.74
980,2021-03-03,LOM,27002,11523,15479,19483,7302,217,ITC,ITC4,3,Lombardia,Lombardia,10060574,5856781,58.22,0.27
981,2021-03-30,LOM,39676,15607,24069,24254,14812,610,ITC,ITC4,3,Lombardia,Lombardia,10060574,5896457,58.61,0.39
982,2021-01-06,LOM,7162,2529,4633,7155,0,7,ITC,ITC4,3,Lombardia,Lombardia,10060574,5903619,58.68,0.07
983,2021-05-18,LOM,88242,42173,46069,31888,55585,769,ITC,ITC4,3,Lombardia,Lombardia,10060574,5991861,59.56,0.88
984,2021-06-04,LOM,104646,54320,50326,93201,9659,1786,ITC,ITC4,3,Lombardia,Lombardia,10060574,6096507,60.6,1.04
985,2021-02-24,LOM,14723,5959,8764,13575,955,193,ITC,ITC4,3,Lombardia,Lombardia,10060574,6111230,60.74,0.15
986,2021-05-16,LOM,68709,32511,36198,35587,32210,912,ITC,ITC4,3,Lombardia,Lombardia,10060574,6179939,61.43,0.68
987,2021-08-05,LOM,89593,48878,40715,15579,73209,805,ITC,ITC4,3,Lombardia,Lombardia,10060574,6269532,62.32,0.89
988,2021-01-15,LOM,25277,7449,17828,25225,0,52,ITC,ITC4,3,Lombardia,Lombardia,10060574,6294809,62.57,0.25
989,2021-04-29,LOM,115617,53618,61999,83141,29897,2579,ITC,ITC4,3,Lombardia,Lombardia,10060574,6410426,63.72,1.15
990,2021-06-25,LOM,108246,56214,52032,78361,27579,2306,ITC,ITC4,3,Lombardia,Lombardia,10060574,6518672,64.79,1.08
991,2021-04-20,LOM,67693,30838,36855,55904,10354,1435,ITC,ITC4,3,Lombardia,Lombardia,10060574,6586365,65.47,0.67
992,2021-01-10,LOM,10547,3978,6569,10538,0,9,ITC,ITC4,3,Lombardia,Lombardia,10060574,6596912,65.57,0.1
993,2021-01-17,LOM,8353,3347,5006,8146,201,6,ITC,ITC4,3,Lombardia,Lombardia,10060574,6605265,65.65,0.08
994,2021-06-23,LOM,110962,57410,53552,76757,32074,2131,ITC,ITC4,3,Lombardia,Lombardia,10060574,6716227,66.76,1.1
995,2021-03-15,LOM,31590,11344,20246,22430,8545,615,ITC,ITC4,3,Lombardia,Lombardia,10060574,6747817,67.07,0.31
996,2021-07-22,LOM,99363,52030,47333,12493,85415,1455,ITC,ITC4,3,Lombardia,Lombardia,10060574,6847180,68.06,0.99
997,2021-04-13,LOM,47676,21281,26395,32934,14097,645,ITC,ITC4,3,Lombardia,Lombardia,10060574,6894856,68.53,0.47
998,2021-04-30,LOM,117489,54880,62609,87257,27653,2579,ITC,ITC4,3,Lombardia,Lombardia,10060574,7012345,69.7,1.17
999,2021-01-20,LOM,5693,1387,4306,5573,115,5,ITC,ITC4,3,Lombardia,Lombardia,10060574,7018038,69.76,0.06
1000,2021-01-22,LOM,3196,883,2313,3122,69,5,ITC,ITC4,3,Lombardia,Lombardia,10060574,7021234,69.79,0.03
1001,2021-07-12,LOM,111674,57413,54261,14793,95738,1143,ITC,ITC4,3,Lombardia,Lombardia,10060574,7132908,70.9,1.11
1002,2021-04-03,LOM,36278,14875,21403,25785,10113,380,ITC,ITC4,3,Lombardia,Lombardia,10060574,7169186,71.26,0.36
1003,2021-05-30,LOM,74370,35587,38783,33793,39959,618,ITC,ITC4,3,Lombardia,Lombardia,10060574,7243556,72.0,0.74
1004,2021-07-26,LOM,109537,58872,50665,7681,101097,759,ITC,ITC4,3,Lombardia,Lombardia,10060574,7353093,73.09,1.09
1005,2021-06-26,LOM,105912,55444,50468,77822,25686,2404,ITC,ITC4,3,Lombardia,Lombardia,10060574,7459005,74.14,1.05
1006,2021-02-10,LOM,14431,4518,9913,7564,6838,29,ITC,ITC4,3,Lombardia,Lombardia,10060574,7473436,74.28,0.14
1007,2021-05-11,LOM,86928,41453,45475,58272,26241,2415,ITC,ITC4,3,Lombardia,Lombardia,10060574,7560364,75.15,0.86
1008,2021-05-28,LOM,93633,44859,48774,42033,50688,912,ITC,ITC4,3,Lombardia,Lombardia,10060574,7653997,76.08,0.93
1009,2021-02-17,LOM,12008,3764,8244,10424,1391,193,ITC,ITC4,3,Lombardia,Lombardia,10060574,7666005,76.2,0.12
1010,2021-06-11,LOM,101510,51708,49802,84950,14667,1893,ITC,ITC4,3,Lombardia,Lombardia,10060574,7767515,77.21,1.01
1011,2021-05-23,LOM,60768,28929,31839,26294,33960,514,ITC,ITC4,3,Lombardia,Lombardia,10060574,7828283,77.81,0.6
1012,2021-02-12,LOM,14011,4380,9631,8874,4977,160,ITC,ITC4,3,Lombardia,Lombardia,10060574,7842294,77.95,0.14
1013,2021-07-19,LOM,96899,50307,46592,10801,85015,1083,ITC,ITC4,3,Lombardia,Lombardia,10060574,7939193,78.91,0.96
1014,2021-04-10,LOM,52762,21854,30908,40051,11960,751,ITC,ITC4,3,Lombardia,Lombardia,10060574,7991955,79.44,0.52
1015,2021-06-06,LOM,90129,46347,43782,79529,9222,1378,ITC,ITC4,3,Lombardia,Lombardia,10060574,8082084,80.33,0.9
1016,2021-01-07,LOM,11794,3649,8145,11753,0,41,ITC,ITC4,3,Lombardia,Lombardia,10060574,8093878,80.45,0.12
1017,2021-02-19,LOM,14224,5402,8822,13325,724,175,ITC,ITC4,3,Lombardia,Lombardia,10060574,8108102,80.59,0.14
1018,2021-04-17,LOM,48538,21315,27223,36965,10856,717,ITC,ITC4,3,Lombardia,Lombardia,10060574,8156640,81.08,0.48
1019,2021-02-26,LOM,18439,7568,10871,16329,1905,205,ITC,ITC4,3,Lombardia,Lombardia,10060574,8175079,81.26,0.18
1020,2021-07-30,LOM,73188,39731,33457,35013,36055,2120,ITC,ITC4,3,Lombardia,Lombardia,10060574,8248267,81.99,0.73
1021,2020-12-31,LOM,714,302,412,714,0,0,ITC,ITC4,3,Lombardia,Lombardia,10060574,8248981,81.99,0.01
1022,2021-04-27,LOM,86082,40000,46082,67674,16597,1811,ITC,ITC4,3,Lombardia,Lombardia,10060574,8335063,82.85,0.86
1023,2021-03-17,LOM,26283,10505,15778,15105,11018,160,ITC,ITC4,3,Lombardia,Lombardia,10060574,8361346,83.11,0.26
1024,2021-07-04,LOM,86659,43342,43317,40195,44509,1955,ITC,ITC4,3,Lombardia,Lombardia,10060574,8448005,83.97,0.86
1025,2021-07-02,LOM,103849,52054,51795,48869,52777,2203,ITC,ITC4,3,Lombardia,Lombardia,10060574,8551854,85.0,1.03
1026,2021-03-24,LOM,43283,15627,27656,30472,11921,890,ITC,ITC4,3,Lombardia,Lombardia,10060574,8595137,85.43,0.43
1027,2021-02-09,LOM,12227,3336,8891,4025,8188,14,ITC,ITC4,3,Lombardia,Lombardia,10060574,8607364,85.56,0.12
1028,2021-07-07,LOM,111829,56061,55768,17990,92675,1164,ITC,ITC4,3,Lombardia,Lombardia,10060574,8719193,86.67,1.11
1029,2021-04-15,LOM,49468,21868,27600,34889,13830,749,ITC,ITC4,3,Lombardia,Lombardia,10060574,8768661,87.16,0.49
1030,2021-01-05,LOM,7867,2578,5289,7861,0,6,ITC,ITC4,3,Lombardia,Lombardia,10060574,8776528,87.24,0.08
1031,2021-03-27,LOM,32475,12391,20084,23115,8728,632,ITC,ITC4,3,Lombardia,Lombardia,10060574,8809003,87.56,0.32
1032,2021-02-05,LOM,25752,7476,18276,2426,23313,13,ITC,ITC4,3,Lombardia,Lombardia,10060574,8834755,87.82,0.26
1033,2021-02-22,LOM,11922,4814,7108,11417,307,198,ITC,ITC4,3,Lombardia,Lombardia,10060574,8846677,87.93,0.12
1034,2021-03-13,LOM,27210,9790,17420,20551,6108,551,ITC,ITC4,3,Lombardia,Lombardia,10060574,8873887,88.2,0.27
1035,2021-07-23,LOM,95497,50059,45438,11411,82825,1261,ITC,ITC4,3,Lombardia,Lombardia,10060574,8969384,89.15,0.95
1036,2021-05-01,LOM,96008,43687,52321,65055,29238,1715,ITC,ITC4,3,Lombardia,Lombardia,10060574,9065392,90.11,0.95
1037,2021-01-21,LOM,5501,1605,3896,4793,691,17,ITC,ITC4,3,Lombardia,Lombardia,10060574,9070893,90.16,0.05
1038,2021-02-07,LOM,7314,2825,4489,335,6976,3,ITC,ITC4,3,Lombardia,Lombardia,10060574,9078207,90.24,0.07
1039,2021-01-19,LOM,8059,2331,5728,7576,469,14,ITC,ITC4,3,Lombardia,Lombardia,10060574,9086266,90.32,0.08
1040,2021-02-03,LOM,25686,7935,17751,1077,24604,5,ITC,ITC4,3,Lombardia,Lombardia,10060574,9111952,90.57,0.26
1041,2021-04-01,LOM,43150,17303,25847,26079,16358,713,ITC,ITC4,3,Lombardia,Lombardia,10060574,9155102,91.0,0.43
1042,2021-04-05,LOM,27390,11697,15693,19029,8107,254,ITC,ITC4,3,Lombardia,Lombardia,10060574,9182492,91.27,0.27
1043,2021-01-03,LOM,855,316,539,854,0,1,ITC,ITC4,3,Lombardia,Lombardia,10060574,9183347,91.28,0.01
1044,2021-06-22,LOM,111187,58073,53114,79172,29893,2122,ITC,ITC4,3,Lombardia,Lombardia,10060574,9294534,92.39,1.11
1045,2021-07-09,LOM,115550,58899,56651,11731,102934,885,ITC,ITC4,3,Lombardia,Lombardia,10060574,9410084,93.53,1.15
1046,2021-06-03,LOM,97170,49729,47441,84613,10895,1662,ITC,ITC4,3,Lombardia,Lombardia,10060574,9507254,94.5,0.97
1047,2021-08-02,LOM,81710,44268,37442,17677,63160,873,ITC,ITC4,3,Lombardia,Lombardia,10060574,9588964,95.31,0.81
1048,2021-05-09,LOM,69719,32890,36829,54468,13274,1977,ITC,ITC4,3,Lombardia,Lombardia,10060574,9658683,96.01,0.69
1049,2021-01-29,LOM,13523,4137,9386,686,12834,3,ITC,ITC4,3,Lombardia,Lombardia,10060574,9672206,96.14,0.13
1050,2021-06-13,LOM,75998,40562,35436,72286,2126,1586,ITC,ITC4,3,Lombardia,Lombardia,10060574,9748204,96.9,0.76
1051,2021-03-05,LOM,28975,11956,17019,20245,8428,302,ITC,ITC4,3,Lombardia,Lombardia,10060574,9777179,97.18,0.29
1052,2021-06-20,LOM,88972,44343,44629,52838,34894,1240,ITC,ITC4,3,Lombardia,Lombardia,10060574,9866151,98.07,0.88
1053,2021-03-12,LOM,35295,12974,22321,24457,10222,616,ITC,ITC4,3,Lombardia,Lombardia,10060574,9901446,98.42,0.35
1054,2021-03-29,LOM,40059,15547,24512,24534,14846,679,ITC,ITC4,3,Lombardia,Lombardia,10060574,9941505,98.82,0.4
1055,2021-01-31,LOM,9788,3793,5995,29,9759,0,ITC,ITC4,3,Lombardia,Lombardia,10060574,9951293,98.91,0.1
1056,2021-05-25,LOM,91185,43631,47554,43857,46504,824,ITC,ITC4,3,Lombardia,Lombardia,10060574,10042478,99.82,0.91
1057,2021-02-14,LOM,3584,1547,2037,2934,636,14,ITC,ITC4,3,Lombardia,Lombardia,10060574,10046062,99.86,0.04
1058,2021-01-12,LOM,20313,6731,13582,20283,0,30,ITC,ITC4,3,Lombardia,Lombardia,10060574,10066375,100.06,0.2
1059,2021-05-20,LOM,95568,46225,49343,31690,63040,838,ITC,ITC4,3,Lombardia,Lombardia,10060574,10161943,101.01,0.95
1060,2021-06-27,LOM,90910,46796,44114,69782,18832,2296,ITC,ITC4,3,Lombardia,Lombardia,10060574,10252853,101.91,0.9
1061,2021-03-19,LOM,32471,12936,19535,18913,13236,322,ITC,ITC4,3,Lombardia,Lombardia,10060574,10285324,102.23,0.32
1062,2021-05-27,LOM,94900,45459,49441,40620,53487,793,ITC,ITC4,3,Lombardia,Lombardia,10060574,10380224,103.18,0.94
1063,2021-06-01,LOM,94039,46134,47905,75822,17109,1108,ITC,ITC4,3,Lombardia,Lombardia,10060574,10474263,104.11,0.93
1064,2021-01-02,LOM,202,74,128,202,0,0,ITC,ITC4,3,Lombardia,Lombardia,10060574,10474465,104.11,0.0
1065,2021-06-08,LOM,102922,52310,50612,87171,14076,1675,ITC,ITC4,3,Lombardia,Lombardia,10060574,10577387,105.14,1.02
1066,2021-02-28,LOM,7886,3256,4630,7604,210,72,ITC,ITC4,3,Lombardia,Lombardia,10060574,10585273,105.22,0.08
1067,2021-08-04,LOM,90040,48759,41281,14395,74985,660,ITC,ITC4,3,Lombardia,Lombardia,10060574,10675313,106.11,0.89
1068,2021-04-26,LOM,88017,40949,47068,67081,19168,1768,ITC,ITC4,3,Lombardia,Lombardia,10060574,10763330,106.99,0.87
1069,2021-07-21,LOM,93919,48429,45490,8583,84455,881,ITC,ITC4,3,Lombardia,Lombardia,10060574,10857249,107.92,0.93
1070,2021-04-12,LOM,47273,20594,26679,32270,14367,636,ITC,ITC4,3,Lombardia,Lombardia,10060574,10904522,108.39,0.47
1071,2021-02-21,LOM,5053,1864,3189,4942,17,94,ITC,ITC4,3,Lombardia,Lombardia,10060574,10909575,108.44,0.05
1072,2021-07-28,LOM,77405,41707,35698,19093,56559,1753,ITC,ITC4,3,Lombardia,Lombardia,10060574,10986980,109.21,0.77
1073,2021-04-19,LOM,60383,27473,32910,49701,9410,1272,ITC,ITC4,3,Lombardia,Lombardia,10060574,11047363,109.81,0.6
1074,2021-06-15,LOM,95994,48854,47140,49019,45916,1059,ITC,ITC4,3,Lombardia,Lombardia,10060574,11143357,110.76,0.95
1075,2021-04-24,LOM,75828,33605,42223,53440,21148,1240,ITC,ITC4,3,Lombardia,Lombardia,10060574,11219185,111.52,0.75
1076,2021-01-14,LOM,26949,7812,19137,26895,0,54,ITC,ITC4,3,Lombardia,Lombardia,10060574,11246134,111.78,0.27
1077,2021-05-08,LOM,87774,40770,47004,63477,22072,2225,ITC,ITC4,3,Lombardia,Lombardia,10060574,11333908,112.66,0.87
1078,2021-07-16,LOM,108883,56698,52185,11121,96592,1170,ITC,ITC4,3,Lombardia,Lombardia,10060574,11442791,113.74,1.08
1079,2021-04-07,LOM,50611,20932,29679,34080,15823,708,ITC,ITC4,3,Lombardia,Lombardia,10060574,11493402,114.24,0.5
1080,2021-04-11,LOM,32222,13944,18278,24316,7395,511,ITC,ITC4,3,Lombardia,Lombardia,10060574,11525624,114.56,0.32
1081,2021-01-01,LOM,24,7,17,24,0,0,ITC,ITC4,3,Lombardia,Lombardia,10060574,11525648,114.56,0.0
1082,2021-06-07,LOM,99006,50441,48565,84038,13348,1620,ITC,ITC4,3,Lombardia,Lombardia,10060574,11624654,115.55,0.98
1083,2021-02-27,LOM,13951,5875,8076,13153,642,156,ITC,ITC4,3,Lombardia,Lombardia,10060574,11638605,115.69,0.14
1084,2020-12-30,LOM,115,42,73,115,0,0,ITC,ITC4,3,Lombardia,Lombardia,10060574,11638720,115.69,0.0
1085,2021-06-16,LOM,99284,50441,48843,49862,48272,1150,ITC,ITC4,3,Lombardia,Lombardia,10060574,11738004,116.67,0.99
1086,2021-03-06,LOM,21358,9106,12252,16541,4519,298,ITC,ITC4,3,Lombardia,Lombardia,10060574,11759362,116.89,0.21
1087,2021-06-09,LOM,103691,52238,51453,87437,14534,1720,ITC,ITC4,3,Lombardia,Lombardia,10060574,11863053,117.92,1.03
1088,2021-03-08,LOM,29788,11202,18586,22167,7103,518,ITC,ITC4,3,Lombardia,Lombardia,10060574,11892841,118.21,0.3
1089,2021-05-04,LOM,86863,41088,45775,70305,14412,2146,ITC,ITC4,3,Lombardia,Lombardia,10060574,11979704,119.08,0.86
1090,2021-01-24,LOM,1201,458,743,538,663,0,ITC,ITC4,3,Lombardia,Lombardia,10060574,11980905,119.09,0.01
1091,2021-06-18,LOM,107637,52867,54770,51945,54453,1239,ITC,ITC4,3,Lombardia,Lombardia,10060574,12088542,120.16,1.07
1092,2021-03-01,LOM,18799,8235,10564,16885,1708,206,ITC,ITC4,3,Lombardia,Lombardia,10060574,12107341,120.34,0.19
1093,2021-05-15,LOM,80956,38803,42153,45490,33418,2048,ITC,ITC4,3,Lombardia,Lombardia,10060574,12188297,121.15,0.8
1094,2021-07-11,LOM,90178,45615,44563,11766,77354,1058,ITC,ITC4,3,Lombardia,Lombardia,10060574,12278475,122.05,0.9
1095,2021-05-13,LOM,87211,41789,45422,55735,28882,2594,ITC,ITC4,3,Lombardia,Lombardia,10060574,12365686,122.91,0.87
1096,2021-02-02,LOM,19943,6618,13325,497,19443,3,ITC,ITC4,3,Lombardia,Lombardia,10060574,12385629,123.11,0.2
1097,2021-03-31,LOM,42234,17131,25103,26199,15353,682,ITC,ITC4,3,Lombardia,Lombardia,10060574,12427863,123.53,0.42
1098,2021-03-10,LOM,33330,12744,20586,24858,7881,591,ITC,ITC4,3,Lombardia,Lombardia,10060574,12461193,123.86,0.33
1099,2021-05-06,LOM,89912,42217,47695,70992,16551,2369,ITC,ITC4,3,Lombardia,Lombardia,10060574,12551105,124.76,0.89
1100,2021-01-26,LOM,8366,2710,5656,348,8017,1,ITC,ITC4,3,Lombardia,Lombardia,10060574,12559471,124.84,0.08
1101,2021-04-11,SIC,15376,7592,7784,8235,7035,106,ITG,ITG1,19,Sicilia,Sicilia,4999891,15376,0.31,0.31
1102,2021-07-20,SIC,48421,23582,24839,12779,35292,350,ITG,ITG1,19,Sicilia,Sicilia,4999891,63797,1.28,0.97
1103,2020-12-30,SIC,185,109,76,184,0,1,ITG,ITG1,19,Sicilia,Sicilia,4999891,63982,1.28,0.0
1104,2021-01-16,SIC,2735,1220,1515,2714,0,21,ITG,ITG1,19,Sicilia,Sicilia,4999891,66717,1.33,0.05
1105,2021-07-01,SIC,30976,14070,16906,10737,19983,256,ITG,ITG1,19,Sicilia,Sicilia,4999891,97693,1.95,0.62
1106,2021-04-09,SIC,20232,9843,10389,10941,9037,254,ITG,ITG1,19,Sicilia,Sicilia,4999891,117925,2.36,0.4
1107,2021-03-23,SIC,20941,10079,10862,15221,5564,156,ITG,ITG1,19,Sicilia,Sicilia,4999891,138866,2.78,0.42
1108,2021-08-01,SIC,19969,10426,9543,7855,11967,147,ITG,ITG1,19,Sicilia,Sicilia,4999891,158835,3.18,0.4
1109,2021-06-19,SIC,44265,21047,23218,18751,25196,318,ITG,ITG1,19,Sicilia,Sicilia,4999891,203100,4.06,0.89
1110,2021-04-23,SIC,28566,13696,14870,22359,5836,371,ITG,ITG1,19,Sicilia,Sicilia,4999891,231666,4.63,0.57
1111,2021-06-26,SIC,37265,17778,19487,16356,20602,307,ITG,ITG1,19,Sicilia,Sicilia,4999891,268931,5.38,0.75
1112,2021-04-30,SIC,35021,16343,18678,23536,11030,455,ITG,ITG1,19,Sicilia,Sicilia,4999891,303952,6.08,0.7
1113,2021-02-13,SIC,2979,1123,1856,2687,255,37,ITG,ITG1,19,Sicilia,Sicilia,4999891,306931,6.14,0.06
1114,2021-05-24,SIC,35874,17438,18436,15591,20050,233,ITG,ITG1,19,Sicilia,Sicilia,4999891,342805,6.86,0.72
1115,2021-05-17,SIC,31920,15404,16516,18997,12636,287,ITG,ITG1,19,Sicilia,Sicilia,4999891,374725,7.49,0.64
1116,2021-03-21,SIC,15217,7340,7877,11180,3969,68,ITG,ITG1,19,Sicilia,Sicilia,4999891,389942,7.8,0.3
1117,2021-02-25,SIC,9941,5205,4736,8688,1164,89,ITG,ITG1,19,Sicilia,Sicilia,4999891,399883,8.0,0.2
1118,2021-06-05,SIC,59944,28514,31430,48736,10589,619,ITG,ITG1,19,Sicilia,Sicilia,4999891,459827,9.2,1.2
1119,2021-03-14,SIC,8774,3927,4847,4885,3836,53,ITG,ITG1,19,Sicilia,Sicilia,4999891,468601,9.37,0.18
1120,2021-02-11,SIC,5238,2061,3177,4655,466,117,ITG,ITG1,19,Sicilia,Sicilia,4999891,473839,9.48,0.1
1121,2021-08-03,SIC,32100,15774,16326,13882,17798,420,ITG,ITG1,19,Sicilia,Sicilia,4999891,505939,10.12,0.64
1122,2021-05-31,SIC,38092,17151,20941,21274,16521,297,ITG,ITG1,19,Sicilia,Sicilia,4999891,544031,10.88,0.76
1123,2021-01-30,SIC,7727,3550,4177,157,7567,3,ITG,ITG1,19,Sicilia,Sicilia,4999891,551758,11.04,0.15
1124,2021-03-28,SIC,10978,5146,5832,6900,4011,67,ITG,ITG1,19,Sicilia,Sicilia,4999891,562736,11.25,0.22
1125,2021-07-15,SIC,48333,22440,25893,7984,40087,262,ITG,ITG1,19,Sicilia,Sicilia,4999891,611069,12.22,0.97
1126,2021-03-02,SIC,14756,6369,8387,11864,2779,113,ITG,ITG1,19,Sicilia,Sicilia,4999891,625825,12.52,0.3
1127,2021-01-04,SIC,8454,4224,4230,8409,0,45,ITG,ITG1,19,Sicilia,Sicilia,4999891,634279,12.69,0.17
1128,2021-01-18,SIC,1619,674,945,1451,157,11,ITG,ITG1,19,Sicilia,Sicilia,4999891,635898,12.72,0.03
1129,2021-04-28,SIC,29281,13717,15564,19728,9160,393,ITG,ITG1,19,Sicilia,Sicilia,4999891,665179,13.3,0.59
1130,2021-06-24,SIC,42277,19627,22650,17571,24348,358,ITG,ITG1,19,Sicilia,Sicilia,4999891,707456,14.15,0.85
1131,2021-06-07,SIC,49681,23412,26269,41114,8035,532,ITG,ITG1,19,Sicilia,Sicilia,4999891,757137,15.14,0.99
1132,2021-01-25,SIC,7440,3684,3756,276,7157,7,ITG,ITG1,19,Sicilia,Sicilia,4999891,764577,15.29,0.15
1133,2021-05-05,SIC,26375,12215,14160,16269,9675,431,ITG,ITG1,19,Sicilia,Sicilia,4999891,790952,15.82,0.53
1134,2021-05-19,SIC,42872,20763,22109,28185,14318,369,ITG,ITG1,19,Sicilia,Sicilia,4999891,833824,16.68,0.86
1135,2021-07-27,SIC,43246,21431,21815,19245,23541,460,ITG,ITG1,19,Sicilia,Sicilia,4999891,877070,17.54,0.86
1136,2020-12-28,SIC,220,134,86,219,0,1,ITG,ITG1,19,Sicilia,Sicilia,4999891,877290,17.55,0.0
1137,2021-02-06,SIC,4735,2118,2617,1448,3266,21,ITG,ITG1,19,Sicilia,Sicilia,4999891,882025,17.64,0.09
1138,2021-02-04,SIC,6756,3079,3677,1423,5304,29,ITG,ITG1,19,Sicilia,Sicilia,4999891,888781,17.78,0.14
1139,2021-01-01,SIC,822,440,382,818,0,4,ITG,ITG1,19,Sicilia,Sicilia,4999891,889603,17.79,0.02
1140,2021-04-20,SIC,18991,9003,9988,13452,5248,291,ITG,ITG1,19,Sicilia,Sicilia,4999891,908594,18.17,0.38
1141,2021-04-16,SIC,28856,14498,14358,20252,8294,310,ITG,ITG1,19,Sicilia,Sicilia,4999891,937450,18.75,0.58
1142,2021-01-23,SIC,4452,2293,2159,188,4254,10,ITG,ITG1,19,Sicilia,Sicilia,4999891,941902,18.84,0.09
1143,2021-01-06,SIC,6253,3292,2961,6193,0,60,ITG,ITG1,19,Sicilia,Sicilia,4999891,948155,18.96,0.13
1144,2021-04-02,SIC,13894,6554,7340,9051,4735,108,ITG,ITG1,19,Sicilia,Sicilia,4999891,962049,19.24,0.28
1145,2021-02-10,SIC,4353,1775,2578,3887,381,85,ITG,ITG1,19,Sicilia,Sicilia,4999891,966402,19.33,0.09
1146,2021-05-21,SIC,48695,23073,25622,26658,21614,423,ITG,ITG1,19,Sicilia,Sicilia,4999891,1015097,20.3,0.97
1147,2021-02-18,SIC,5333,3140,2193,4838,430,65,ITG,ITG1,19,Sicilia,Sicilia,4999891,1020430,20.41,0.11
1148,2021-05-12,SIC,36843,17373,19470,21406,14917,520,ITG,ITG1,19,Sicilia,Sicilia,4999891,1057273,21.15,0.74
1149,2021-07-17,SIC,49307,24287,25020,9317,39692,298,ITG,ITG1,19,Sicilia,Sicilia,4999891,1106580,22.13,0.99
1150,2021-04-08,SIC,18994,9347,9647,9279,9555,160,ITG,ITG1,19,Sicilia,Sicilia,4999891,1125574,22.51,0.38
1151,2021-03-04,SIC,15231,6691,8540,10986,4119,126,ITG,ITG1,19,Sicilia,Sicilia,4999891,1140805,22.82,0.3
1152,2021-06-12,SIC,45783,22395,23388,39368,5890,525,ITG,ITG1,19,Sicilia,Sicilia,4999891,1186588,23.73,0.92
1153,2021-05-07,SIC,36567,17263,19304,24606,11615,346,ITG,ITG1,19,Sicilia,Sicilia,4999891,1223155,24.46,0.73
1154,2021-03-11,SIC,15438,6702,8736,12875,2418,145,ITG,ITG1,19,Sicilia,Sicilia,4999891,1238593,24.77,0.31
1155,2021-01-27,SIC,7295,3714,3581,174,7120,1,ITG,ITG1,19,Sicilia,Sicilia,4999891,1245888,24.92,0.15
1156,2021-01-13,SIC,5182,2442,2740,5148,0,34,ITG,ITG1,19,Sicilia,Sicilia,4999891,1251070,25.02,0.1
1157,2021-02-23,SIC,8749,4637,4112,8200,468,81,ITG,ITG1,19,Sicilia,Sicilia,4999891,1259819,25.2,0.17
1158,2021-03-09,SIC,13157,5764,7393,10832,2200,125,ITG,ITG1,19,Sicilia,Sicilia,4999891,1272976,25.46,0.26
1159,2021-01-11,SIC,5905,2608,3297,5847,0,58,ITG,ITG1,19,Sicilia,Sicilia,4999891,1278881,25.58,0.12
1160,2021-04-04,SIC,6809,3323,3486,5453,1293,63,ITG,ITG1,19,Sicilia,Sicilia,4999891,1285690,25.71,0.14
1161,2021-07-13,SIC,46064,21150,24914,6895,38954,215,ITG,ITG1,19,Sicilia,Sicilia,4999891,1331754,26.64,0.92
1162,2021-06-04,SIC,57854,26762,31092,45405,11947,502,ITG,ITG1,19,Sicilia,Sicilia,4999891,1389608,27.79,1.16
1163,2021-03-16,SIC,9624,4323,5301,3556,5999,69,ITG,ITG1,19,Sicilia,Sicilia,4999891,1399232,27.99,0.19
1164,2021-07-08,SIC,38354,17472,20882,6530,31604,220,ITG,ITG1,19,Sicilia,Sicilia,4999891,1437586,28.75,0.77
1165,2021-02-27,SIC,12236,5502,6734,10935,1204,97,ITG,ITG1,19,Sicilia,Sicilia,4999891,1449822,29.0,0.24
1166,2021-06-16,SIC,40400,18787,21613,21237,18807,356,ITG,ITG1,19,Sicilia,Sicilia,4999891,1490222,29.81,0.81
1167,2021-03-25,SIC,20470,9532,10938,14755,5543,172,ITG,ITG1,19,Sicilia,Sicilia,4999891,1510692,30.21,0.41
1168,2021-07-03,SIC,33904,16290,17614,9038,24627,239,ITG,ITG1,19,Sicilia,Sicilia,4999891,1544596,30.89,0.68
1169,2021-03-06,SIC,12640,5058,7582,9759,2782,99,ITG,ITG1,19,Sicilia,Sicilia,4999891,1557236,31.15,0.25
1170,2021-06-14,SIC,43470,20648,22822,28156,14890,424,ITG,ITG1,19,Sicilia,Sicilia,4999891,1600706,32.01,0.87
1171,2021-05-28,SIC,51248,22977,28271,24307,26525,416,ITG,ITG1,19,Sicilia,Sicilia,4999891,1651954,33.04,1.02
1172,2021-07-29,SIC,33939,16760,17179,13480,20133,326,ITG,ITG1,19,Sicilia,Sicilia,4999891,1685893,33.72,0.68
1173,2021-07-24,SIC,40723,21201,19522,16797,23624,302,ITG,ITG1,19,Sicilia,Sicilia,4999891,1726616,34.53,0.81
1174,2021-04-01,SIC,14301,6617,7684,9498,4667,136,ITG,ITG1,19,Sicilia,Sicilia,4999891,1740917,34.82,0.29
1175,2021-07-10,SIC,46898,22347,24551,6059,40636,203,ITG,ITG1,19,Sicilia,Sicilia,4999891,1787815,35.76,0.94
1176,2021-01-20,SIC,964,512,452,690,271,3,ITG,ITG1,19,Sicilia,Sicilia,4999891,1788779,35.78,0.02
1177,2021-03-18,SIC,15415,7758,7657,9746,5617,52,ITG,ITG1,19,Sicilia,Sicilia,4999891,1804194,36.08,0.31
1178,2021-02-20,SIC,7139,3692,3447,6801,241,97,ITG,ITG1,19,Sicilia,Sicilia,4999891,1811333,36.23,0.14
1179,2021-02-03,SIC,5938,2790,3148,711,5219,8,ITG,ITG1,19,Sicilia,Sicilia,4999891,1817271,36.35,0.12
1180,2021-04-27,SIC,26424,12672,13752,15168,10927,329,ITG,ITG1,19,Sicilia,Sicilia,4999891,1843695,36.87,0.53
1181,2021-08-05,SIC,23639,11739,11900,11342,12013,284,ITG,ITG1,19,Sicilia,Sicilia,4999891,1867334,37.35,0.47
1182,2021-05-14,SIC,52182,24468,27714,35758,15668,756,ITG,ITG1,19,Sicilia,Sicilia,4999891,1919516,38.39,1.04
1183,2021-05-16,SIC,33699,16440,17259,21891,11516,292,ITG,ITG1,19,Sicilia,Sicilia,4999891,1953215,39.07,0.67
1184,2021-05-02,SIC,24606,11428,13178,17705,6601,300,ITG,ITG1,19,Sicilia,Sicilia,4999891,1977821,39.56,0.49
1185,2021-03-20,SIC,18593,8981,9612,13364,5139,90,ITG,ITG1,19,Sicilia,Sicilia,4999891,1996414,39.93,0.37
1186,2021-06-28,SIC,31914,14861,17053,14892,16730,292,ITG,ITG1,19,Sicilia,Sicilia,4999891,2028328,40.57,0.64
1187,2021-07-05,SIC,37507,17603,19904,8917,28356,234,ITG,ITG1,19,Sicilia,Sicilia,4999891,2065835,41.32,0.75
1188,2021-06-21,SIC,40250,18636,21614,18427,21494,329,ITG,ITG1,19,Sicilia,Sicilia,4999891,2106085,42.12,0.81
1189,2021-05-09,SIC,28416,13311,15105,19775,8289,352,ITG,ITG1,19,Sicilia,Sicilia,4999891,2134501,42.69,0.57
1190,2021-07-12,SIC,48997,22612,26385,6450,42350,197,ITG,ITG1,19,Sicilia,Sicilia,4999891,2183498,43.67,0.98
1191,2021-02-08,SIC,3887,1680,2207,2080,1758,49,ITG,ITG1,19,Sicilia,Sicilia,4999891,2187385,43.75,0.08
1192,2021-01-22,SIC,1289,641,648,261,1026,2,ITG,ITG1,19,Sicilia,Sicilia,4999891,2188674,43.77,0.03
1193,2021-01-08,SIC,8136,3788,4348,8046,0,90,ITG,ITG1,19,Sicilia,Sicilia,4999891,2196810,43.94,0.16
1194,2021-04-18,SIC,19827,9916,9911,15286,4360,181,ITG,ITG1,19,Sicilia,Sicilia,4999891,2216637,44.33,0.4
1195,2021-03-30,SIC,14564,6762,7802,9701,4766,97,ITG,ITG1,19,Sicilia,Sicilia,4999891,2231201,44.62,0.29
1196,2021-03-13,SIC,12216,5390,6826,7629,4494,93,ITG,ITG1,19,Sicilia,Sicilia,4999891,2243417,44.87,0.24
1197,2021-04-17,SIC,26001,13152,12849,18669,7064,268,ITG,ITG1,19,Sicilia,Sicilia,4999891,2269418,45.39,0.52
1198,2021-07-26,SIC,44479,22158,22321,16687,27426,366,ITG,ITG1,19,Sicilia,Sicilia,4999891,2313897,46.28,0.89
1199,2021-03-17,SIC,15056,7442,7614,9084,5847,125,ITG,ITG1,19,Sicilia,Sicilia,4999891,2328953,46.58,0.3
1200,2021-06-25,SIC,39774,18665,21109,17367,22070,337,ITG,ITG1,19,Sicilia,Sicilia,4999891,2368727,47.38,0.8
1201,2021-07-09,SIC,44802,20670,24132,6407,38220,175,ITG,ITG1,19,Sicilia,Sicilia,4999891,2413529,48.27,0.9
1202,2021-06-23,SIC,44464,20693,23771,17898,26234,332,ITG,ITG1,19,Sicilia,Sicilia,4999891,2457993,49.16,0.89
1203,2021-01-24,SIC,4327,2263,2064,128,4197,2,ITG,ITG1,19,Sicilia,Sicilia,4999891,2462320,49.25,0.09
1204,2021-05-04,SIC,26848,12471,14377,17156,9292,400,ITG,ITG1,19,Sicilia,Sicilia,4999891,2489168,49.78,0.54
1205,2021-02-19,SIC,4979,2695,2284,4331,564,84,ITG,ITG1,19,Sicilia,Sicilia,4999891,2494147,49.88,0.1
1206,2021-03-08,SIC,13498,5954,7544,10767,2613,118,ITG,ITG1,19,Sicilia,Sicilia,4999891,2507645,50.15,0.27
1207,2021-05-30,SIC,35769,16173,19596,17423,18050,296,ITG,ITG1,19,Sicilia,Sicilia,4999891,2543414,50.87,0.72
1208,2021-02-15,SIC,3772,1768,2004,3135,564,73,ITG,ITG1,19,Sicilia,Sicilia,4999891,2547186,50.94,0.08
1209,2021-07-22,SIC,40596,19937,20659,11213,29090,293,ITG,ITG1,19,Sicilia,Sicilia,4999891,2587782,51.76,0.81
1210,2021-05-26,SIC,44688,21015,23673,23894,20451,343,ITG,ITG1,19,Sicilia,Sicilia,4999891,2632470,52.65,0.89
1211,2021-01-03,SIC,4797,2505,2292,4767,0,30,ITG,ITG1,19,Sicilia,Sicilia,4999891,2637267,52.75,0.1
1212,2021-04-13,SIC,20246,9869,10377,11241,8838,167,ITG,ITG1,19,Sicilia,Sicilia,4999891,2657513,53.15,0.4
1213,2021-07-31,SIC,28756,14947,13809,10456,18035,265,ITG,ITG1,19,Sicilia,Sicilia,4999891,2686269,53.73,0.58
1214,2021-01-10,SIC,3556,1593,1963,3535,0,21,ITG,ITG1,19,Sicilia,Sicilia,4999891,2689825,53.8,0.07
1215,2021-01-05,SIC,10384,5101,5283,10308,0,76,ITG,ITG1,19,Sicilia,Sicilia,4999891,2700209,54.01,0.21
1216,2021-04-15,SIC,21566,10488,11078,12009,9346,211,ITG,ITG1,19,Sicilia,Sicilia,4999891,2721775,54.44,0.43
1217,2021-06-20,SIC,33416,15814,17602,15116,18041,259,ITG,ITG1,19,Sicilia,Sicilia,4999891,2755191,55.11,0.67
1218,2021-01-15,SIC,5320,2332,2988,5253,0,67,ITG,ITG1,19,Sicilia,Sicilia,4999891,2760511,55.21,0.11
1219,2021-04-25,SIC,21398,10206,11192,16150,5016,232,ITG,ITG1,19,Sicilia,Sicilia,4999891,2781909,55.64,0.43
1220,2021-02-01,SIC,5947,2641,3306,302,5632,13,ITG,ITG1,19,Sicilia,Sicilia,4999891,2787856,55.76,0.12
1221,2021-03-22,SIC,16678,7914,8764,11163,5423,92,ITG,ITG1,19,Sicilia,Sicilia,4999891,2804534,56.09,0.33
1222,2021-06-30,SIC,32571,15018,17553,11416,20835,320,ITG,ITG1,19,Sicilia,Sicilia,4999891,2837105,56.74,0.65
1223,2020-12-29,SIC,244,152,92,244,0,0,ITG,ITG1,19,Sicilia,Sicilia,4999891,2837349,56.75,0.0
1224,2021-06-13,SIC,34540,17161,17379,30603,3505,432,ITG,ITG1,19,Sicilia,Sicilia,4999891,2871889,57.44,0.69
1225,2021-02-05,SIC,6783,3001,3782,2089,4656,38,ITG,ITG1,19,Sicilia,Sicilia,4999891,2878672,57.57,0.14
1226,2021-04-03,SIC,16418,7818,8600,13425,2835,158,ITG,ITG1,19,Sicilia,Sicilia,4999891,2895090,57.9,0.33
1227,2021-02-07,SIC,2322,982,1340,664,1649,9,ITG,ITG1,19,Sicilia,Sicilia,4999891,2897412,57.95,0.05
1228,2021-07-14,SIC,47478,21993,25485,7923,39301,254,ITG,ITG1,19,Sicilia,Sicilia,4999891,2944890,58.9,0.95
1229,2021-05-18,SIC,36111,17384,18727,23241,12474,396,ITG,ITG1,19,Sicilia,Sicilia,4999891,2981001,59.62,0.72
1230,2021-07-21,SIC,42916,20946,21970,10628,31979,309,ITG,ITG1,19,Sicilia,Sicilia,4999891,3023917,60.48,0.86
1231,2021-07-07,SIC,35437,16210,19227,6059,29140,238,ITG,ITG1,19,Sicilia,Sicilia,4999891,3059354,61.19,0.71
1232,2021-03-15,SIC,10674,4727,5947,5646,4949,79,ITG,ITG1,19,Sicilia,Sicilia,4999891,3070028,61.4,0.21
1233,2021-03-27,SIC,15656,7378,8278,10684,4852,120,ITG,ITG1,19,Sicilia,Sicilia,4999891,3085684,61.72,0.31
1234,2021-01-29,SIC,9185,4258,4927,411,8762,12,ITG,ITG1,19,Sicilia,Sicilia,4999891,3094869,61.9,0.18
1235,2021-02-12,SIC,4607,1830,2777,4242,286,79,ITG,ITG1,19,Sicilia,Sicilia,4999891,3099476,61.99,0.09
1236,2021-05-23,SIC,34091,16597,17494,19846,14016,229,ITG,ITG1,19,Sicilia,Sicilia,4999891,3133567,62.67,0.68
1237,2021-06-10,SIC,53040,24898,28142,45151,7240,649,ITG,ITG1,19,Sicilia,Sicilia,4999891,3186607,63.73,1.06
1238,2021-05-27,SIC,47584,21913,25671,24457,22714,413,ITG,ITG1,19,Sicilia,Sicilia,4999891,3234191,64.69,0.95
1239,2021-04-14,SIC,20579,9939,10640,11627,8765,187,ITG,ITG1,19,Sicilia,Sicilia,4999891,3254770,65.1,0.41
1240,2021-07-23,SIC,41379,20762,20617,14342,26715,322,ITG,ITG1,19,Sicilia,Sicilia,4999891,3296149,65.92,0.83
1241,2021-04-21,SIC,22386,10745,11641,15995,6121,270,ITG,ITG1,19,Sicilia,Sicilia,4999891,3318535,66.37,0.45
1242,2021-04-07,SIC,18467,9075,9392,9742,8542,183,ITG,ITG1,19,Sicilia,Sicilia,4999891,3337002,66.74,0.37
1243,2021-07-16,SIC,49251,23296,25955,8710,40258,283,ITG,ITG1,19,Sicilia,Sicilia,4999891,3386253,67.73,0.99
1244,2021-07-30,SIC,32438,16062,16376,12060,20093,285,ITG,ITG1,19,Sicilia,Sicilia,4999891,3418691,68.38,0.65
1245,2021-06-03,SIC,45989,21092,24897,33762,11713,514,ITG,ITG1,19,Sicilia,Sicilia,4999891,3464680,69.3,0.92
1246,2021-04-22,SIC,26738,12630,14108,19875,6458,405,ITG,ITG1,19,Sicilia,Sicilia,4999891,3491418,69.83,0.53
1247,2021-03-10,SIC,13932,6125,7807,11615,2183,134,ITG,ITG1,19,Sicilia,Sicilia,4999891,3505350,70.11,0.28
1248,2021-01-12,SIC,4360,2133,2227,4316,0,44,ITG,ITG1,19,Sicilia,Sicilia,4999891,3509710,70.2,0.09
1249,2021-06-18,SIC,43579,20141,23438,18845,24365,369,ITG,ITG1,19,Sicilia,Sicilia,4999891,3553289,71.07,0.87
1250,2021-06-27,SIC,25312,12204,13108,12104,12977,231,ITG,ITG1,19,Sicilia,Sicilia,4999891,3578601,71.57,0.51
1251,2021-05-15,SIC,56489,26392,30097,40351,15240,898,ITG,ITG1,19,Sicilia,Sicilia,4999891,3635090,72.7,1.13
1252,2021-03-19,SIC,16311,8053,8258,10649,5574,88,ITG,ITG1,19,Sicilia,Sicilia,4999891,3651401,73.03,0.33
1253,2021-03-12,SIC,12868,5561,7307,10648,2067,153,ITG,ITG1,19,Sicilia,Sicilia,4999891,3664269,73.29,0.26
1254,2021-06-29,SIC,31366,14685,16681,15652,15312,402,ITG,ITG1,19,Sicilia,Sicilia,4999891,3695635,73.91,0.63
1255,2021-04-10,SIC,20438,9973,10465,11313,8965,160,ITG,ITG1,19,Sicilia,Sicilia,4999891,3716073,74.32,0.41
1256,2021-01-17,SIC,1310,596,714,1238,63,9,ITG,ITG1,19,Sicilia,Sicilia,4999891,3717383,74.35,0.03
1257,2021-07-02,SIC,30558,14230,16328,9933,20341,284,ITG,ITG1,19,Sicilia,Sicilia,4999891,3747941,74.96,0.61
1258,2021-07-19,SIC,48879,23526,25353,11650,36873,356,ITG,ITG1,19,Sicilia,Sicilia,4999891,3796820,75.94,0.98
1259,2021-05-13,SIC,47457,22253,25204,30297,16539,621,ITG,ITG1,19,Sicilia,Sicilia,4999891,3844277,76.89,0.95
1260,2021-01-31,SIC,4054,1940,2114,107,3945,2,ITG,ITG1,19,Sicilia,Sicilia,4999891,3848331,76.97,0.08
1261,2021-05-11,SIC,32680,15502,17178,19694,12490,496,ITG,ITG1,19,Sicilia,Sicilia,4999891,3881011,77.62,0.65
1262,2021-02-17,SIC,5217,3203,2014,4500,670,47,ITG,ITG1,19,Sicilia,Sicilia,4999891,3886228,77.73,0.1
1263,2021-04-24,SIC,31161,14707,16454,23138,7633,390,ITG,ITG1,19,Sicilia,Sicilia,4999891,3917389,78.35,0.62
1264,2021-08-02,SIC,32968,16386,16582,12849,19774,345,ITG,ITG1,19,Sicilia,Sicilia,4999891,3950357,79.01,0.66
1265,2021-04-26,SIC,21674,10262,11412,13285,8081,308,ITG,ITG1,19,Sicilia,Sicilia,4999891,3972031,79.44,0.43
1266,2021-02-02,SIC,5319,2494,2825,617,4692,10,ITG,ITG1,19,Sicilia,Sicilia,4999891,3977350,79.55,0.11
1267,2021-08-04,SIC,24395,12056,12339,11003,13074,318,ITG,ITG1,19,Sicilia,Sicilia,4999891,4001745,80.04,0.49
1268,2021-07-18,SIC,39272,19784,19488,8105,30937,230,ITG,ITG1,19,Sicilia,Sicilia,4999891,4041017,80.82,0.79
1269,2021-05-25,SIC,33545,15424,18121,13938,19348,259,ITG,ITG1,19,Sicilia,Sicilia,4999891,4074562,81.49,0.67
1270,2021-03-29,SIC,15035,7077,7958,10398,4497,140,ITG,ITG1,19,Sicilia,Sicilia,4999891,4089597,81.79,0.3
1271,2021-06-01,SIC,38987,17721,21266,24595,14042,350,ITG,ITG1,19,Sicilia,Sicilia,4999891,4128584,82.57,0.78
1272,2021-04-05,SIC,8016,3956,4060,6510,1440,66,ITG,ITG1,19,Sicilia,Sicilia,4999891,4136600,82.73,0.16
1273,2021-07-28,SIC,37649,18859,18790,14682,22646,321,ITG,ITG1,19,Sicilia,Sicilia,4999891,4174249,83.49,0.75
1274,2021-06-22,SIC,39978,18372,21606,18297,21307,374,ITG,ITG1,19,Sicilia,Sicilia,4999891,4214227,84.29,0.8
1275,2021-03-05,SIC,15761,6838,8923,11379,4236,146,ITG,ITG1,19,Sicilia,Sicilia,4999891,4229988,84.6,0.32
1276,2021-02-16,SIC,4201,2207,1994,3664,466,71,ITG,ITG1,19,Sicilia,Sicilia,4999891,4234189,84.69,0.08
1277,2021-06-17,SIC,41822,19473,22349,20316,21140,366,ITG,ITG1,19,Sicilia,Sicilia,4999891,4276011,85.52,0.84
1278,2021-06-06,SIC,49523,23917,25606,41143,7824,556,ITG,ITG1,19,Sicilia,Sicilia,4999891,4325534,86.51,0.99
1279,2021-02-26,SIC,11976,5873,6103,10181,1681,114,ITG,ITG1,19,Sicilia,Sicilia,4999891,4337510,86.75,0.24
1280,2021-05-06,SIC,29473,14010,15463,18167,10832,474,ITG,ITG1,19,Sicilia,Sicilia,4999891,4366983,87.34,0.59
1281,2020-12-31,SIC,892,475,417,884,0,8,ITG,ITG1,19,Sicilia,Sicilia,4999891,4367875,87.36,0.02
1282,2021-03-07,SIC,9259,3454,5805,8116,1083,60,ITG,ITG1,19,Sicilia,Sicilia,4999891,4377134,87.54,0.19
1283,2021-06-15,SIC,46180,21759,24421,28228,17522,430,ITG,ITG1,19,Sicilia,Sicilia,4999891,4423314,88.47,0.92
1284,2021-03-24,SIC,20968,9869,11099,15041,5736,191,ITG,ITG1,19,Sicilia,Sicilia,4999891,4444282,88.89,0.42
1285,2021-05-29,SIC,47168,21460,25708,23527,23194,447,ITG,ITG1,19,Sicilia,Sicilia,4999891,4491450,89.83,0.94
1286,2021-05-22,SIC,48011,22806,25205,28304,19310,397,ITG,ITG1,19,Sicilia,Sicilia,4999891,4539461,90.79,0.96
1287,2021-02-28,SIC,7166,3062,4104,6485,630,51,ITG,ITG1,19,Sicilia,Sicilia,4999891,4546627,90.93,0.14
1288,2021-06-08,SIC,47695,22402,25293,40453,6708,534,ITG,ITG1,19,Sicilia,Sicilia,4999891,4594322,91.89,0.95
1289,2021-01-09,SIC,7232,3410,3822,7172,0,60,ITG,ITG1,19,Sicilia,Sicilia,4999891,4601554,92.03,0.14
1290,2021-05-03,SIC,23317,10799,12518,13274,9788,255,ITG,ITG1,19,Sicilia,Sicilia,4999891,4624871,92.5,0.47
1291,2021-07-11,SIC,36030,16868,19162,3663,32272,95,ITG,ITG1,19,Sicilia,Sicilia,4999891,4660901,93.22,0.72
1292,2021-07-25,SIC,31798,16759,15039,11846,19695,257,ITG,ITG1,19,Sicilia,Sicilia,4999891,4692699,93.86,0.64
1293,2021-04-19,SIC,18282,8662,9620,12474,5581,227,ITG,ITG1,19,Sicilia,Sicilia,4999891,4710981,94.22,0.37
1294,2021-01-14,SIC,5256,2488,2768,5194,0,62,ITG,ITG1,19,Sicilia,Sicilia,4999891,4716237,94.33,0.11
1295,2021-03-31,SIC,14521,6707,7814,9446,4932,143,ITG,ITG1,19,Sicilia,Sicilia,4999891,4730758,94.62,0.29
1296,2021-01-07,SIC,8958,4142,4816,8878,0,80,ITG,ITG1,19,Sicilia,Sicilia,4999891,4739716,94.8,0.18
1297,2021-04-12,SIC,19012,9217,9795,11494,7276,242,ITG,ITG1,19,Sicilia,Sicilia,4999891,4758728,95.18,0.38
1298,2021-02-14,SIC,1055,402,653,907,140,8,ITG,ITG1,19,Sicilia,Sicilia,4999891,4759783,95.2,0.02
1299,2021-01-02,SIC,4867,2538,2329,4836,0,31,ITG,ITG1,19,Sicilia,Sicilia,4999891,4764650,95.3,0.1
1300,2021-02-21,SIC,5168,2501,2667,5047,106,15,ITG,ITG1,19,Sicilia,Sicilia,4999891,4769818,95.4,0.1
1301,2021-02-09,SIC,4347,1799,2548,3247,1035,65,ITG,ITG1,19,Sicilia,Sicilia,4999891,4774165,95.49,0.09
1302,2021-05-20,SIC,44069,21115,22954,27739,15916,414,ITG,ITG1,19,Sicilia,Sicilia,4999891,4818234,96.37,0.88
1303,2021-04-06,SIC,17757,8487,9270,13260,4290,207,ITG,ITG1,19,Sicilia,Sicilia,4999891,4835991,96.72,0.36
1304,2021-02-22,SIC,7946,4132,3814,7373,493,80,ITG,ITG1,19,Sicilia,Sicilia,4999891,4843937,96.88,0.16
1305,2020-12-27,SIC,92,55,37,91,0,1,ITG,ITG1,19,Sicilia,Sicilia,4999891,4844029,96.88,0.0
1306,2021-06-02,SIC,35280,16298,18982,27107,7779,394,ITG,ITG1,19,Sicilia,Sicilia,4999891,4879309,97.59,0.71
1307,2021-03-01,SIC,12762,6071,6691,10980,1657,125,ITG,ITG1,19,Sicilia,Sicilia,4999891,4892071,97.84,0.26
1308,2021-06-09,SIC,49779,23679,26100,41914,7257,608,ITG,ITG1,19,Sicilia,Sicilia,4999891,4941850,98.84,1.0
1309,2021-01-19,SIC,1514,671,843,1264,236,14,ITG,ITG1,19,Sicilia,Sicilia,4999891,4943364,98.87,0.03
1310,2021-06-11,SIC,49964,23842,26122,41604,7704,656,ITG,ITG1,19,Sicilia,Sicilia,4999891,4993328,99.87,1.0
1311,2021-04-29,SIC,31800,14833,16967,21801,9559,440,ITG,ITG1,19,Sicilia,Sicilia,4999891,5025128,100.5,0.64
1312,2021-03-03,SIC,14565,6546,8019,11371,3068,126,ITG,ITG1,19,Sicilia,Sicilia,4999891,5039693,100.8,0.29
1313,2021-02-24,SIC,9377,4804,4573,8707,565,105,ITG,ITG1,19,Sicilia,Sicilia,4999891,5049070,100.98,0.19
1314,2021-01-21,SIC,1449,712,737,490,948,11,ITG,ITG1,19,Sicilia,Sicilia,4999891,5050519,101.01,0.03
1315,2021-05-01,SIC,24442,11312,13130,19000,5165,277,ITG,ITG1,19,Sicilia,Sicilia,4999891,5074961,101.5,0.49
1316,2021-07-06,SIC,37083,17149,19934,10281,26501,301,ITG,ITG1,19,Sicilia,Sicilia,4999891,5112044,102.24,0.74
1317,2021-05-10,SIC,28734,13795,14939,16226,12213,295,ITG,ITG1,19,Sicilia,Sicilia,4999891,5140778,102.82,0.57
1318,2021-03-26,SIC,17992,8356,9636,12352,5500,140,ITG,ITG1,19,Sicilia,Sicilia,4999891,5158770,103.18,0.36
1319,2021-01-28,SIC,9032,4274,4758,377,8654,1,ITG,ITG1,19,Sicilia,Sicilia,4999891,5167802,103.36,0.18
1320,2021-07-04,SIC,26493,12793,13700,7608,18716,169,ITG,ITG1,19,Sicilia,Sicilia,4999891,5194295,103.89,0.53
1321,2021-05-08,SIC,35645,17032,18613,24969,10304,372,ITG,ITG1,19,Sicilia,Sicilia,4999891,5229940,104.6,0.71
1322,2021-01-26,SIC,9572,4739,4833,235,9336,1,ITG,ITG1,19,Sicilia,Sicilia,4999891,5239512,104.79,0.19
1323,2021-05-22,TOS,26026,12662,13364,21486,4291,249,ITI,ITI1,9,Toscana,Toscana,3729641,26026,0.7,0.7
1324,2021-05-05,TOS,30142,13451,16691,14862,14545,735,ITI,ITI1,9,Toscana,Toscana,3729641,56168,1.51,0.81
1325,2021-02-28,TOS,1649,667,982,852,727,70,ITI,ITI1,9,Toscana,Toscana,3729641,57817,1.55,0.04
1326,2021-02-11,TOS,5384,2022,3362,5061,242,81,ITI,ITI1,9,Toscana,Toscana,3729641,63201,1.69,0.14
1327,2021-02-09,TOS,4489,1469,3020,3764,611,114,ITI,ITI1,9,Toscana,Toscana,3729641,67690,1.81,0.12
1328,2021-01-28,TOS,6285,1883,4402,346,5932,7,ITI,ITI1,9,Toscana,Toscana,3729641,73975,1.98,0.17
1329,2021-03-19,TOS,10170,4474,5696,7127,2896,147,ITI,ITI1,9,Toscana,Toscana,3729641,84145,2.26,0.27
1330,2021-04-07,TOS,35833,15466,20367,28141,7275,417,ITI,ITI1,9,Toscana,Toscana,3729641,119978,3.22,0.96
1331,2021-06-12,TOS,29397,15154,14243,24660,4390,347,ITI,ITI1,9,Toscana,Toscana,3729641,149375,4.01,0.79
1332,2021-07-01,TOS,32048,15510,16538,10722,21059,267,ITI,ITI1,9,Toscana,Toscana,3729641,181423,4.86,0.86
1333,2021-03-26,TOS,20705,9405,11300,14708,5791,206,ITI,ITI1,9,Toscana,Toscana,3729641,202128,5.42,0.56
1334,2021-03-09,TOS,11140,4574,6566,5500,5562,78,ITI,ITI1,9,Toscana,Toscana,3729641,213268,5.72,0.3
1335,2021-04-09,TOS,24606,10580,14026,20706,3453,447,ITI,ITI1,9,Toscana,Toscana,3729641,237874,6.38,0.66
1336,2021-07-18,TOS,30363,15264,15099,8336,21819,208,ITI,ITI1,9,Toscana,Toscana,3729641,268237,7.19,0.81
1337,2021-06-17,TOS,32572,16686,15886,26692,5547,333,ITI,ITI1,9,Toscana,Toscana,3729641,300809,8.07,0.87
1338,2021-07-30,TOS,37854,20373,17481,10791,26718,345,ITI,ITI1,9,Toscana,Toscana,3729641,338663,9.08,1.01
1339,2021-07-13,TOS,29327,14730,14597,7713,21444,170,ITI,ITI1,9,Toscana,Toscana,3729641,367990,9.87,0.79
1340,2021-04-02,TOS,32010,13575,18435,23689,8066,255,ITI,ITI1,9,Toscana,Toscana,3729641,400000,10.72,0.86
1341,2021-07-11,TOS,26123,12688,13435,9131,16825,167,ITI,ITI1,9,Toscana,Toscana,3729641,426123,11.43,0.7
1342,2021-06-24,TOS,29440,14616,14824,19309,9743,388,ITI,ITI1,9,Toscana,Toscana,3729641,455563,12.21,0.79
1343,2021-08-01,TOS,29902,15308,14594,13798,15635,469,ITI,ITI1,9,Toscana,Toscana,3729641,485465,13.02,0.8
1344,2021-06-05,TOS,28443,13600,14843,20562,7616,265,ITI,ITI1,9,Toscana,Toscana,3729641,513908,13.78,0.76
1345,2021-01-11,TOS,5095,1691,3404,4996,0,99,ITI,ITI1,9,Toscana,Toscana,3729641,519003,13.92,0.14
1346,2021-04-21,TOS,29632,12684,16948,16852,12141,639,ITI,ITI1,9,Toscana,Toscana,3729641,548635,14.71,0.79
1347,2021-02-23,TOS,7723,3325,4398,7211,162,350,ITI,ITI1,9,Toscana,Toscana,3729641,556358,14.92,0.21
1348,2021-06-03,TOS,32057,15455,16602,27151,4584,322,ITI,ITI1,9,Toscana,Toscana,3729641,588415,15.78,0.86
1349,2021-06-22,TOS,31044,15619,15425,22460,8210,374,ITI,ITI1,9,Toscana,Toscana,3729641,619459,16.61,0.83
1350,2021-05-17,TOS,29768,14876,14892,20559,8933,276,ITI,ITI1,9,Toscana,Toscana,3729641,649227,17.41,0.8
1351,2021-03-21,TOS,3296,1629,1667,1819,1434,43,ITI,ITI1,9,Toscana,Toscana,3729641,652523,17.5,0.09
1352,2021-01-23,TOS,3969,1360,2609,630,3333,6,ITI,ITI1,9,Toscana,Toscana,3729641,656492,17.6,0.11
1353,2021-06-29,TOS,37030,18030,19000,7986,28900,144,ITI,ITI1,9,Toscana,Toscana,3729641,693522,18.59,0.99
1354,2021-05-03,TOS,11939,5515,6424,10363,1329,247,ITI,ITI1,9,Toscana,Toscana,3729641,705461,18.91,0.32
1355,2021-01-16,TOS,3271,1046,2225,3213,0,58,ITI,ITI1,9,Toscana,Toscana,3729641,708732,19.0,0.09
1356,2021-04-26,TOS,10147,4934,5213,7454,2557,136,ITI,ITI1,9,Toscana,Toscana,3729641,718879,19.27,0.27
1357,2021-01-02,TOS,3498,1096,2402,3454,0,44,ITI,ITI1,9,Toscana,Toscana,3729641,722377,19.37,0.09
1358,2021-06-10,TOS,26426,13557,12869,25527,558,341,ITI,ITI1,9,Toscana,Toscana,3729641,748803,20.08,0.71
1359,2021-05-24,TOS,33749,16720,17029,23887,9582,280,ITI,ITI1,9,Toscana,Toscana,3729641,782552,20.98,0.9
1360,2021-01-25,TOS,5132,1895,3237,240,4888,4,ITI,ITI1,9,Toscana,Toscana,3729641,787684,21.12,0.14
1361,2021-04-16,TOS,28962,12886,16076,21417,6912,633,ITI,ITI1,9,Toscana,Toscana,3729641,816646,21.9,0.78
1362,2021-07-25,TOS,33893,16765,17128,7058,26658,177,ITI,ITI1,9,Toscana,Toscana,3729641,850539,22.8,0.91
1363,2021-03-02,TOS,10600,3799,6801,7042,3446,112,ITI,ITI1,9,Toscana,Toscana,3729641,861139,23.09,0.28
1364,2021-01-04,TOS,5067,1896,3171,5002,0,65,ITI,ITI1,9,Toscana,Toscana,3729641,866206,23.22,0.14
1365,2021-04-14,TOS,20191,8349,11842,14499,5146,546,ITI,ITI1,9,Toscana,Toscana,3729641,886397,23.77,0.54
1366,2021-06-14,TOS,31812,16337,15475,27422,4108,282,ITI,ITI1,9,Toscana,Toscana,3729641,918209,24.62,0.85
1367,2021-02-04,TOS,4254,1594,2660,933,3294,27,ITI,ITI1,9,Toscana,Toscana,3729641,922463,24.73,0.11
1368,2021-05-15,TOS,29355,13857,15498,22866,5895,594,ITI,ITI1,9,Toscana,Toscana,3729641,951818,25.52,0.79
1369,2021-04-28,TOS,19138,8188,10950,3459,15324,355,ITI,ITI1,9,Toscana,Toscana,3729641,970956,26.03,0.51
1370,2021-02-18,TOS,8824,3285,5539,7744,896,184,ITI,ITI1,9,Toscana,Toscana,3729641,979780,26.27,0.24
1371,2021-05-29,TOS,31573,15263,16310,23177,8169,227,ITI,ITI1,9,Toscana,Toscana,3729641,1011353,27.12,0.85
1372,2021-03-23,TOS,9441,4410,5031,6963,2281,197,ITI,ITI1,9,Toscana,Toscana,3729641,1020794,27.37,0.25
1373,2021-01-09,TOS,4486,1596,2890,4420,0,66,ITI,ITI1,9,Toscana,Toscana,3729641,1025280,27.49,0.12
1374,2021-03-18,TOS,9967,3979,5988,5839,3991,137,ITI,ITI1,9,Toscana,Toscana,3729641,1035247,27.76,0.27
1375,2021-06-26,TOS,34545,16758,17787,9995,24324,226,ITI,ITI1,9,Toscana,Toscana,3729641,1069792,28.68,0.93
1376,2021-01-21,TOS,1589,686,903,858,722,9,ITI,ITI1,9,Toscana,Toscana,3729641,1071381,28.73,0.04
1377,2021-06-02,TOS,27598,13623,13975,21861,5508,229,ITI,ITI1,9,Toscana,Toscana,3729641,1098979,29.47,0.74
1378,2021-04-06,TOS,22231,9827,12404,18069,3744,418,ITI,ITI1,9,Toscana,Toscana,3729641,1121210,30.06,0.6
1379,2021-02-08,TOS,4098,1362,2736,3528,459,111,ITI,ITI1,9,Toscana,Toscana,3729641,1125308,30.17,0.11
1380,2021-07-15,TOS,31229,15281,15948,8081,22906,242,ITI,ITI1,9,Toscana,Toscana,3729641,1156537,31.01,0.84
1381,2021-05-19,TOS,27965,13582,14383,18643,9058,264,ITI,ITI1,9,Toscana,Toscana,3729641,1184502,31.76,0.75
1382,2021-03-28,TOS,6212,2808,3404,5875,254,83,ITI,ITI1,9,Toscana,Toscana,3729641,1190714,31.93,0.17
1383,2021-01-30,TOS,4624,1623,3001,175,4431,18,ITI,ITI1,9,Toscana,Toscana,3729641,1195338,32.05,0.12
1384,2021-07-06,TOS,25779,13032,12747,11040,14520,219,ITI,ITI1,9,Toscana,Toscana,3729641,1221117,32.74,0.69
1385,2021-05-10,TOS,26225,12408,13817,15247,10636,342,ITI,ITI1,9,Toscana,Toscana,3729641,1247342,33.44,0.7
1386,2021-03-14,TOS,7175,2569,4606,3148,3935,92,ITI,ITI1,9,Toscana,Toscana,3729641,1254517,33.64,0.19
1387,2021-02-16,TOS,9281,3340,5941,8329,721,231,ITI,ITI1,9,Toscana,Toscana,3729641,1263798,33.89,0.25
1388,2021-05-02,TOS,11178,4935,6243,8978,1966,234,ITI,ITI1,9,Toscana,Toscana,3729641,1274976,34.18,0.3
1389,2021-03-07,TOS,5649,2358,3291,1993,3545,111,ITI,ITI1,9,Toscana,Toscana,3729641,1280625,34.34,0.15
1390,2021-07-20,TOS,37307,19089,18218,7973,29146,188,ITI,ITI1,9,Toscana,Toscana,3729641,1317932,35.34,1.0
1391,2021-04-18,TOS,8362,4092,4270,7056,1031,275,ITI,ITI1,9,Toscana,Toscana,3729641,1326294,35.56,0.22
1392,2021-07-27,TOS,38656,20103,18553,11275,27051,330,ITI,ITI1,9,Toscana,Toscana,3729641,1364950,36.6,1.04
1393,2021-07-10,TOS,29298,14177,15121,7957,21159,182,ITI,ITI1,9,Toscana,Toscana,3729641,1394248,37.38,0.79
1394,2021-03-04,TOS,17852,6954,10898,14612,3085,155,ITI,ITI1,9,Toscana,Toscana,3729641,1412100,37.86,0.48
1395,2021-06-21,TOS,31197,15490,15707,18148,12793,256,ITI,ITI1,9,Toscana,Toscana,3729641,1443297,38.7,0.84
1396,2021-01-06,TOS,4519,1460,3059,4467,0,52,ITI,ITI1,9,Toscana,Toscana,3729641,1447816,38.82,0.12
1397,2020-12-30,TOS,329,106,223,328,0,1,ITI,ITI1,9,Toscana,Toscana,3729641,1448145,38.83,0.01
1398,2021-08-05,TOS,34049,17678,16371,11799,21892,358,ITI,ITI1,9,Toscana,Toscana,3729641,1482194,39.74,0.91
1399,2021-05-12,TOS,34212,15581,18631,13585,20041,586,ITI,ITI1,9,Toscana,Toscana,3729641,1516406,40.66,0.92
1400,2021-01-18,TOS,1120,637,483,972,98,50,ITI,ITI1,9,Toscana,Toscana,3729641,1517526,40.69,0.03
1401,2021-04-13,TOS,8492,3508,4984,5736,2473,283,ITI,ITI1,9,Toscana,Toscana,3729641,1526018,40.92,0.23
1402,2021-07-22,TOS,39331,19769,19562,4497,34669,165,ITI,ITI1,9,Toscana,Toscana,3729641,1565349,41.97,1.05
1403,2021-05-26,TOS,35605,17107,18498,20138,15211,256,ITI,ITI1,9,Toscana,Toscana,3729641,1600954,42.93,0.95
1404,2021-03-30,TOS,17034,7646,9388,13263,3573,198,ITI,ITI1,9,Toscana,Toscana,3729641,1617988,43.38,0.46
1405,2021-07-08,TOS,21073,10355,10718,9254,11579,240,ITI,ITI1,9,Toscana,Toscana,3729641,1639061,43.95,0.57
1406,2021-06-09,TOS,34833,17575,17258,33952,463,418,ITI,ITI1,9,Toscana,Toscana,3729641,1673894,44.88,0.93
1407,2021-04-04,TOS,13927,6612,7315,13507,255,165,ITI,ITI1,9,Toscana,Toscana,3729641,1687821,45.25,0.37
1408,2021-03-16,TOS,4903,1885,3018,2568,2254,81,ITI,ITI1,9,Toscana,Toscana,3729641,1692724,45.39,0.13
1409,2021-02-27,TOS,1984,756,1228,1007,902,75,ITI,ITI1,9,Toscana,Toscana,3729641,1694708,45.44,0.05
1410,2021-02-06,TOS,4529,1551,2978,1261,3236,32,ITI,ITI1,9,Toscana,Toscana,3729641,1699237,45.56,0.12
1411,2021-07-17,TOS,27739,14333,13406,8962,18540,237,ITI,ITI1,9,Toscana,Toscana,3729641,1726976,46.3,0.74
1412,2021-06-11,TOS,29752,15493,14259,24735,4658,359,ITI,ITI1,9,Toscana,Toscana,3729641,1756728,47.1,0.8
1413,2021-04-15,TOS,24429,10210,14219,15308,8591,530,ITI,ITI1,9,Toscana,Toscana,3729641,1781157,47.76,0.65
1414,2021-02-17,TOS,8177,3170,5007,7302,753,122,ITI,ITI1,9,Toscana,Toscana,3729641,1789334,47.98,0.22
1415,2021-07-24,TOS,38419,19355,19064,6854,31340,225,ITI,ITI1,9,Toscana,Toscana,3729641,1827753,49.01,1.03
1416,2021-02-20,TOS,4664,1797,2867,3993,537,134,ITI,ITI1,9,Toscana,Toscana,3729641,1832417,49.13,0.13
1417,2021-05-31,TOS,30342,14642,15700,19261,10839,242,ITI,ITI1,9,Toscana,Toscana,3729641,1862759,49.94,0.81
1418,2021-05-14,TOS,33376,15443,17933,20020,12716,640,ITI,ITI1,9,Toscana,Toscana,3729641,1896135,50.84,0.89
1419,2021-01-01,TOS,2370,788,1582,2325,0,45,ITI,ITI1,9,Toscana,Toscana,3729641,1898505,50.9,0.06
1420,2021-04-11,TOS,3646,1681,1965,3336,155,155,ITI,ITI1,9,Toscana,Toscana,3729641,1902151,51.0,0.1
1421,2021-07-03,TOS,29393,14811,14582,11859,17159,375,ITI,ITI1,9,Toscana,Toscana,3729641,1931544,51.79,0.79
1422,2021-03-06,TOS,7113,2852,4261,2826,4202,85,ITI,ITI1,9,Toscana,Toscana,3729641,1938657,51.98,0.19
1423,2021-02-03,TOS,4224,1452,2772,236,3984,4,ITI,ITI1,9,Toscana,Toscana,3729641,1942881,52.09,0.11
1424,2021-02-01,TOS,5514,1959,3555,510,4994,10,ITI,ITI1,9,Toscana,Toscana,3729641,1948395,52.24,0.15
1425,2021-04-27,TOS,10359,4920,5439,3664,6491,204,ITI,ITI1,9,Toscana,Toscana,3729641,1958754,52.52,0.28
1426,2021-05-07,TOS,32154,14710,17444,11359,20186,609,ITI,ITI1,9,Toscana,Toscana,3729641,1990908,53.38,0.86
1427,2021-07-29,TOS,39355,20502,18853,12614,26402,339,ITI,ITI1,9,Toscana,Toscana,3729641,2030263,54.44,1.06
1428,2021-02-13,TOS,7787,2362,5425,7412,227,148,ITI,ITI1,9,Toscana,Toscana,3729641,2038050,54.64,0.21
1429,2021-01-08,TOS,5948,1644,4304,5855,0,93,ITI,ITI1,9,Toscana,Toscana,3729641,2043998,54.8,0.16
1430,2021-07-12,TOS,28264,13993,14271,9668,18302,294,ITI,ITI1,9,Toscana,Toscana,3729641,2072262,55.56,0.76
1431,2021-03-11,TOS,15949,6377,9572,12397,3372,180,ITI,ITI1,9,Toscana,Toscana,3729641,2088211,55.99,0.43
1432,2021-06-19,TOS,26507,13921,12586,21391,4787,329,ITI,ITI1,9,Toscana,Toscana,3729641,2114718,56.7,0.71
1433,2021-02-05,TOS,5750,2245,3505,1888,3828,34,ITI,ITI1,9,Toscana,Toscana,3729641,2120468,56.85,0.15
1434,2021-05-16,TOS,26684,12892,13792,23918,2469,297,ITI,ITI1,9,Toscana,Toscana,3729641,2147152,57.57,0.72
1435,2021-05-11,TOS,27955,12988,14967,12105,15473,377,ITI,ITI1,9,Toscana,Toscana,3729641,2175107,58.32,0.75
1436,2021-03-13,TOS,9291,3311,5980,5171,3966,154,ITI,ITI1,9,Toscana,Toscana,3729641,2184398,58.57,0.25
1437,2021-07-14,TOS,28888,14263,14625,8603,20038,247,ITI,ITI1,9,Toscana,Toscana,3729641,2213286,59.34,0.77
1438,2021-01-29,TOS,6150,1702,4448,290,5848,12,ITI,ITI1,9,Toscana,Toscana,3729641,2219436,59.51,0.16
1439,2021-05-09,TOS,22539,9773,12766,9414,12864,261,ITI,ITI1,9,Toscana,Toscana,3729641,2241975,60.11,0.6
1440,2021-06-07,TOS,34953,17148,17805,30971,3646,336,ITI,ITI1,9,Toscana,Toscana,3729641,2276928,61.05,0.94
1441,2021-05-21,TOS,28935,13487,15448,17222,11458,255,ITI,ITI1,9,Toscana,Toscana,3729641,2305863,61.83,0.78
1442,2021-03-01,TOS,4474,1734,2740,766,3642,66,ITI,ITI1,9,Toscana,Toscana,3729641,2310337,61.95,0.12
1443,2021-05-28,TOS,30129,13949,16180,17423,12478,228,ITI,ITI1,9,Toscana,Toscana,3729641,2340466,62.75,0.81
1444,2021-04-22,TOS,35718,15297,20421,17392,17497,829,ITI,ITI1,9,Toscana,Toscana,3729641,2376184,63.71,0.96
1445,2021-02-24,TOS,10372,4467,5905,10035,198,139,ITI,ITI1,9,Toscana,Toscana,3729641,2386556,63.99,0.28
1446,2021-07-31,TOS,35802,19193,16609,12373,22991,438,ITI,ITI1,9,Toscana,Toscana,3729641,2422358,64.95,0.96
1447,2021-06-04,TOS,28327,13442,14885,20262,7802,263,ITI,ITI1,9,Toscana,Toscana,3729641,2450685,65.71,0.76
1448,2021-04-08,TOS,29700,12564,17136,22909,6425,366,ITI,ITI1,9,Toscana,Toscana,3729641,2480385,66.5,0.8
1449,2020-12-27,TOS,620,267,353,615,0,5,ITI,ITI1,9,Toscana,Toscana,3729641,2481005,66.52,0.02
1450,2021-08-02,TOS,35246,18073,17173,13355,21507,384,ITI,ITI1,9,Toscana,Toscana,3729641,2516251,67.47,0.95
1451,2021-01-03,TOS,3336,1052,2284,3290,0,46,ITI,ITI1,9,Toscana,Toscana,3729641,2519587,67.56,0.09
1452,2021-07-19,TOS,38005,18942,19063,8839,28902,264,ITI,ITI1,9,Toscana,Toscana,3729641,2557592,68.57,1.02
1453,2021-01-17,TOS,2536,871,1665,1987,514,35,ITI,ITI1,9,Toscana,Toscana,3729641,2560128,68.64,0.07
1454,2021-07-05,TOS,30513,15081,15432,10343,19942,228,ITI,ITI1,9,Toscana,Toscana,3729641,2590641,69.46,0.82
1455,2021-03-08,TOS,6712,2949,3763,1841,4825,46,ITI,ITI1,9,Toscana,Toscana,3729641,2597353,69.64,0.18
1456,2021-06-16,TOS,31772,16265,15507,26275,5180,317,ITI,ITI1,9,Toscana,Toscana,3729641,2629125,70.49,0.85
1457,2021-03-03,TOS,18231,6540,11691,14495,3609,127,ITI,ITI1,9,Toscana,Toscana,3729641,2647356,70.98,0.49
1458,2021-01-05,TOS,5249,1755,3494,5193,0,56,ITI,ITI1,9,Toscana,Toscana,3729641,2652605,71.12,0.14
1459,2021-01-19,TOS,1106,533,573,1064,0,42,ITI,ITI1,9,Toscana,Toscana,3729641,2653711,71.15,0.03
1460,2021-01-12,TOS,3581,1398,2183,3508,0,73,ITI,ITI1,9,Toscana,Toscana,3729641,2657292,71.25,0.1
1461,2021-07-16,TOS,27657,14034,13623,7708,19706,243,ITI,ITI1,9,Toscana,Toscana,3729641,2684949,71.99,0.74
1462,2021-05-20,TOS,29771,13918,15853,18640,10848,283,ITI,ITI1,9,Toscana,Toscana,3729641,2714720,72.79,0.8
1463,2021-01-31,TOS,3052,1131,1921,100,2949,3,ITI,ITI1,9,Toscana,Toscana,3729641,2717772,72.87,0.08
1464,2021-04-05,TOS,15288,6826,8462,14370,738,180,ITI,ITI1,9,Toscana,Toscana,3729641,2733060,73.28,0.41
1465,2021-02-07,TOS,2808,954,1854,864,1924,20,ITI,ITI1,9,Toscana,Toscana,3729641,2735868,73.35,0.08
1466,2021-07-23,TOS,38419,19282,19137,4394,33874,151,ITI,ITI1,9,Toscana,Toscana,3729641,2774287,74.38,1.03
1467,2021-05-18,TOS,28839,14276,14563,19759,8827,253,ITI,ITI1,9,Toscana,Toscana,3729641,2803126,75.16,0.77
1468,2021-05-23,TOS,28422,13663,14759,25593,2560,269,ITI,ITI1,9,Toscana,Toscana,3729641,2831548,75.92,0.76
1469,2021-07-26,TOS,38238,19831,18407,10088,27850,300,ITI,ITI1,9,Toscana,Toscana,3729641,2869786,76.95,1.03
1470,2021-04-01,TOS,27086,11244,15842,16147,10699,240,ITI,ITI1,9,Toscana,Toscana,3729641,2896872,77.67,0.73
1471,2021-03-15,TOS,8704,3652,5052,4084,4447,173,ITI,ITI1,9,Toscana,Toscana,3729641,2905576,77.9,0.23
1472,2021-06-23,TOS,31544,15289,16255,19812,11380,352,ITI,ITI1,9,Toscana,Toscana,3729641,2937120,78.75,0.85
1473,2021-01-10,TOS,3002,1105,1897,2947,0,55,ITI,ITI1,9,Toscana,Toscana,3729641,2940122,78.83,0.08
1474,2021-04-20,TOS,18161,8110,10051,12212,5585,364,ITI,ITI1,9,Toscana,Toscana,3729641,2958283,79.32,0.49
1475,2021-04-03,TOS,15016,6646,8370,13674,1126,216,ITI,ITI1,9,Toscana,Toscana,3729641,2973299,79.72,0.4
1476,2021-01-27,TOS,4837,1574,3263,201,4631,5,ITI,ITI1,9,Toscana,Toscana,3729641,2978136,79.85,0.13
1477,2021-03-17,TOS,11424,4590,6834,6797,4533,94,ITI,ITI1,9,Toscana,Toscana,3729641,2989560,80.16,0.31
1478,2021-06-25,TOS,33629,16810,16819,12109,21243,277,ITI,ITI1,9,Toscana,Toscana,3729641,3023189,81.06,0.9
1479,2021-06-08,TOS,32596,16719,15877,31734,491,371,ITI,ITI1,9,Toscana,Toscana,3729641,3055785,81.93,0.87
1480,2021-02-26,TOS,10090,3840,6250,8661,1211,218,ITI,ITI1,9,Toscana,Toscana,3729641,3065875,82.2,0.27
1481,2021-06-06,TOS,28311,13657,14654,22588,5364,359,ITI,ITI1,9,Toscana,Toscana,3729641,3094186,82.96,0.76
1482,2021-02-15,TOS,8770,3376,5394,7771,826,173,ITI,ITI1,9,Toscana,Toscana,3729641,3102956,83.2,0.24
1483,2021-02-22,TOS,9820,4254,5566,9167,277,376,ITI,ITI1,9,Toscana,Toscana,3729641,3112776,83.46,0.26
1484,2021-05-30,TOS,28694,13952,14742,21503,6949,242,ITI,ITI1,9,Toscana,Toscana,3729641,3141470,84.23,0.77
1485,2021-07-04,TOS,31517,15301,16216,9369,21861,287,ITI,ITI1,9,Toscana,Toscana,3729641,3172987,85.07,0.85
1486,2020-12-31,TOS,802,201,601,798,0,4,ITI,ITI1,9,Toscana,Toscana,3729641,3173789,85.1,0.02
1487,2021-04-10,TOS,11738,5358,6380,10758,742,238,ITI,ITI1,9,Toscana,Toscana,3729641,3185527,85.41,0.31
1488,2021-02-10,TOS,4267,1285,2982,3586,525,156,ITI,ITI1,9,Toscana,Toscana,3729641,3189794,85.53,0.11
1489,2021-05-04,TOS,18318,8215,10103,12415,5458,445,ITI,ITI1,9,Toscana,Toscana,3729641,3208112,86.02,0.49
1490,2021-02-12,TOS,7619,2694,4925,7293,213,113,ITI,ITI1,9,Toscana,Toscana,3729641,3215731,86.22,0.2
1491,2021-01-15,TOS,3879,1348,2531,3819,0,60,ITI,ITI1,9,Toscana,Toscana,3729641,3219610,86.32,0.1
1492,2021-06-18,TOS,30802,16256,14546,25004,5401,397,ITI,ITI1,9,Toscana,Toscana,3729641,3250412,87.15,0.83
1493,2021-03-25,TOS,23948,10394,13554,15296,8395,257,ITI,ITI1,9,Toscana,Toscana,3729641,3274360,87.79,0.64
1494,2021-04-12,TOS,2624,1192,1432,1800,655,169,ITI,ITI1,9,Toscana,Toscana,3729641,3276984,87.86,0.07
1495,2021-07-28,TOS,38520,20133,18387,12099,26090,331,ITI,ITI1,9,Toscana,Toscana,3729641,3315504,88.9,1.03
1496,2021-01-26,TOS,5398,1794,3604,210,5184,4,ITI,ITI1,9,Toscana,Toscana,3729641,3320902,89.04,0.14
1497,2021-05-06,TOS,31375,13648,17727,13467,17218,690,ITI,ITI1,9,Toscana,Toscana,3729641,3352277,89.88,0.84
1498,2021-04-19,TOS,9099,4512,4587,7750,1032,317,ITI,ITI1,9,Toscana,Toscana,3729641,3361376,90.13,0.24
1499,2021-04-17,TOS,20548,9213,11335,17920,2139,489,ITI,ITI1,9,Toscana,Toscana,3729641,3381924,90.68,0.55
1500,2021-01-24,TOS,3350,1073,2277,197,3150,3,ITI,ITI1,9,Toscana,Toscana,3729641,3385274,90.77,0.09
1501,2021-01-07,TOS,6018,1751,4267,5932,0,86,ITI,ITI1,9,Toscana,Toscana,3729641,3391292,90.93,0.16
1502,2021-02-19,TOS,8293,2952,5341,7600,513,180,ITI,ITI1,9,Toscana,Toscana,3729641,3399585,91.15,0.22
1503,2021-07-21,TOS,38473,19636,18837,7339,30901,233,ITI,ITI1,9,Toscana,Toscana,3729641,3438058,92.18,1.03
1504,2021-05-13,TOS,35148,15532,19616,13202,21307,639,ITI,ITI1,9,Toscana,Toscana,3729641,3473206,93.12,0.94
1505,2021-08-04,TOS,34565,17891,16674,11279,22886,400,ITI,ITI1,9,Toscana,Toscana,3729641,3507771,94.05,0.93
1506,2021-04-29,TOS,39336,17721,21615,18569,20109,658,ITI,ITI1,9,Toscana,Toscana,3729641,3547107,95.11,1.05
1507,2021-03-24,TOS,20026,8307,11719,10403,9480,143,ITI,ITI1,9,Toscana,Toscana,3729641,3567133,95.64,0.54
1508,2021-02-21,TOS,5105,2089,3016,4731,170,204,ITI,ITI1,9,Toscana,Toscana,3729641,3572238,95.78,0.14
1509,2021-06-01,TOS,26950,13395,13555,22870,3834,246,ITI,ITI1,9,Toscana,Toscana,3729641,3599188,96.5,0.72
1510,2021-05-08,TOS,29161,13117,16044,13278,15483,400,ITI,ITI1,9,Toscana,Toscana,3729641,3628349,97.28,0.78
1511,2021-03-12,TOS,16984,6619,10365,13266,3530,188,ITI,ITI1,9,Toscana,Toscana,3729641,3645333,97.74,0.46
1512,2021-01-14,TOS,3255,1179,2076,3219,0,36,ITI,ITI1,9,Toscana,Toscana,3729641,3648588,97.83,0.09
1513,2021-06-20,TOS,25178,12485,12693,15422,9517,239,ITI,ITI1,9,Toscana,Toscana,3729641,3673766,98.5,0.68
1514,2021-04-24,TOS,13440,6172,7268,5619,7452,369,ITI,ITI1,9,Toscana,Toscana,3729641,3687206,98.86,0.36
1515,2021-06-27,TOS,33302,16077,17225,5920,27254,128,ITI,ITI1,9,Toscana,Toscana,3729641,3720508,99.76,0.89
1516,2021-05-01,TOS,23332,10069,13263,13738,9209,385,ITI,ITI1,9,Toscana,Toscana,3729641,3743840,100.38,0.63
1517,2021-03-05,TOS,16878,6689,10189,11942,4756,180,ITI,ITI1,9,Toscana,Toscana,3729641,3760718,100.83,0.45
1518,2021-06-13,TOS,24617,12353,12264,22608,1659,350,ITI,ITI1,9,Toscana,Toscana,3729641,3785335,101.49,0.66
1519,2021-07-02,TOS,28293,14192,14101,10820,17193,280,ITI,ITI1,9,Toscana,Toscana,3729641,3813628,102.25,0.76
1520,2021-06-15,TOS,31211,16066,15145,26305,4572,334,ITI,ITI1,9,Toscana,Toscana,3729641,3844839,103.09,0.84
1521,2021-03-10,TOS,18362,7403,10959,14257,3998,107,ITI,ITI1,9,Toscana,Toscana,3729641,3863201,103.58,0.49
1522,2021-02-02,TOS,3744,1476,2268,189,3548,7,ITI,ITI1,9,Toscana,Toscana,3729641,3866945,103.68,0.1
1523,2021-02-25,TOS,10633,4306,6327,9465,998,170,ITI,ITI1,9,Toscana,Toscana,3729641,3877578,103.97,0.29
1524,2021-06-28,TOS,37680,18131,19549,8436,29078,166,ITI,ITI1,9,Toscana,Toscana,3729641,3915258,104.98,1.01
1525,2021-01-20,TOS,1332,638,694,1021,248,63,ITI,ITI1,9,Toscana,Toscana,3729641,3916590,105.01,0.04
1526,2021-04-30,TOS,40223,17801,22422,19663,19915,645,ITI,ITI1,9,Toscana,Toscana,3729641,3956813,106.09,1.08
1527,2021-04-25,TOS,11063,5250,5813,8759,2143,161,ITI,ITI1,9,Toscana,Toscana,3729641,3967876,106.39,0.3
1528,2021-08-03,TOS,36291,18890,17401,12156,23765,370,ITI,ITI1,9,Toscana,Toscana,3729641,4004167,107.36,0.97
1529,2021-01-13,TOS,4062,1398,2664,3998,0,64,ITI,ITI1,9,Toscana,Toscana,3729641,4008229,107.47,0.11
1530,2021-04-23,TOS,25665,11427,14238,8807,16327,531,ITI,ITI1,9,Toscana,Toscana,3729641,4033894,108.16,0.69
1531,2021-03-20,TOS,6589,2978,3611,5361,1138,90,ITI,ITI1,9,Toscana,Toscana,3729641,4040483,108.33,0.18
1532,2021-01-22,TOS,2866,1064,1802,524,2339,3,ITI,ITI1,9,Toscana,Toscana,3729641,4043349,108.41,0.08
1533,2021-07-07,TOS,25636,12605,13031,9337,16114,185,ITI,ITI1,9,Toscana,Toscana,3729641,4068985,109.1,0.69
1534,2021-03-27,TOS,8865,4155,4710,8511,216,138,ITI,ITI1,9,Toscana,Toscana,3729641,4077850,109.34,0.24
1535,2021-06-30,TOS,38258,18507,19751,8454,29590,214,ITI,ITI1,9,Toscana,Toscana,3729641,4116108,110.36,1.03
1536,2021-02-14,TOS,9000,2569,6431,8737,110,153,ITI,ITI1,9,Toscana,Toscana,3729641,4125108,110.6,0.24
1537,2021-05-25,TOS,34190,16506,17684,19284,14633,273,ITI,ITI1,9,Toscana,Toscana,3729641,4159298,111.52,0.92
1538,2021-03-29,TOS,9697,4849,4848,9212,351,134,ITI,ITI1,9,Toscana,Toscana,3729641,4168995,111.78,0.26
1539,2021-05-27,TOS,28365,13205,15160,13275,14868,222,ITI,ITI1,9,Toscana,Toscana,3729641,4197360,112.54,0.76
1540,2021-03-31,TOS,32748,13271,19477,20186,12222,340,ITI,ITI1,9,Toscana,Toscana,3729641,4230108,113.42,0.88
1541,2021-07-09,TOS,29118,14102,15016,7696,21230,192,ITI,ITI1,9,Toscana,Toscana,3729641,4259226,114.2,0.78
1542,2021-03-22,TOS,5257,2768,2489,4675,447,135,ITI,ITI1,9,Toscana,Toscana,3729641,4264483,114.34,0.14
1543,2021-05-26,LAZ,47629,21901,25728,34853,12125,651,ITI,ITI4,12,Lazio,Lazio,5879082,47629,0.81,0.81
1544,2021-03-04,LAZ,19456,8740,10716,14189,5032,235,ITI,ITI4,12,Lazio,Lazio,5879082,67085,1.14,0.33
1545,2021-06-12,LAZ,69904,32103,37801,39880,29394,630,ITI,ITI4,12,Lazio,Lazio,5879082,136989,2.33,1.19
1546,2021-06-14,LAZ,63051,29540,33511,32322,30176,553,ITI,ITI4,12,Lazio,Lazio,5879082,200040,3.4,1.07
1547,2021-03-21,LAZ,18288,7201,11087,13027,5070,191,ITI,ITI4,12,Lazio,Lazio,5879082,218328,3.71,0.31
1548,2020-12-30,LAZ,1654,638,1016,1643,0,11,ITI,ITI4,12,Lazio,Lazio,5879082,219982,3.74,0.03
1549,2021-06-26,LAZ,56190,26481,29709,24701,30902,587,ITI,ITI4,12,Lazio,Lazio,5879082,276172,4.7,0.96
1550,2021-04-30,LAZ,41687,18472,23215,26674,14358,655,ITI,ITI4,12,Lazio,Lazio,5879082,317859,5.41,0.71
1551,2021-06-19,LAZ,66520,31383,35137,35280,30436,804,ITI,ITI4,12,Lazio,Lazio,5879082,384379,6.54,1.13
1552,2021-07-22,LAZ,61059,30500,30559,28482,31086,1491,ITI,ITI4,12,Lazio,Lazio,5879082,445438,7.58,1.04
1553,2021-05-17,LAZ,44615,20430,24185,35604,8602,409,ITI,ITI4,12,Lazio,Lazio,5879082,490053,8.34,0.76
1554,2021-02-06,LAZ,6223,2538,3685,895,5324,4,ITI,ITI4,12,Lazio,Lazio,5879082,496276,8.44,0.11
1555,2021-04-16,LAZ,34544,15752,18792,21966,12196,382,ITI,ITI4,12,Lazio,Lazio,5879082,530820,9.03,0.59
1556,2021-01-23,LAZ,7214,2869,4345,585,6629,0,ITI,ITI4,12,Lazio,Lazio,5879082,538034,9.15,0.12
1557,2021-01-06,LAZ,5194,1989,3205,5074,0,120,ITI,ITI4,12,Lazio,Lazio,5879082,543228,9.24,0.09
1558,2021-02-18,LAZ,10025,4978,5047,9101,819,105,ITI,ITI4,12,Lazio,Lazio,5879082,553253,9.41,0.17
1559,2021-05-12,LAZ,47599,21608,25991,30284,16676,639,ITI,ITI4,12,Lazio,Lazio,5879082,600852,10.22,0.81
1560,2021-02-01,LAZ,5679,2181,3498,353,5325,1,ITI,ITI4,12,Lazio,Lazio,5879082,606531,10.32,0.1
1561,2021-07-15,LAZ,44928,21996,22932,6709,37814,405,ITI,ITI4,12,Lazio,Lazio,5879082,651459,11.08,0.76
1562,2021-01-13,LAZ,5805,2191,3614,5643,0,162,ITI,ITI4,12,Lazio,Lazio,5879082,657264,11.18,0.1
1563,2021-02-20,LAZ,9213,4275,4938,8367,775,71,ITI,ITI4,12,Lazio,Lazio,5879082,666477,11.34,0.16
1564,2021-05-31,LAZ,51765,23048,28717,30863,19879,1023,ITI,ITI4,12,Lazio,Lazio,5879082,718242,12.22,0.88
1565,2021-04-04,LAZ,17664,8198,9466,12262,5290,112,ITI,ITI4,12,Lazio,Lazio,5879082,735906,12.52,0.3
1566,2021-03-16,LAZ,13595,5764,7831,7048,6467,80,ITI,ITI4,12,Lazio,Lazio,5879082,749501,12.75,0.23
1567,2021-03-09,LAZ,22017,9943,12074,16444,5221,352,ITI,ITI4,12,Lazio,Lazio,5879082,771518,13.12,0.37
1568,2021-01-11,LAZ,5656,2146,3510,5511,0,145,ITI,ITI4,12,Lazio,Lazio,5879082,777174,13.22,0.1
1569,2021-03-30,LAZ,27091,13172,13919,19538,7204,349,ITI,ITI4,12,Lazio,Lazio,5879082,804265,13.68,0.46
1570,2021-07-08,LAZ,64241,31538,32703,28171,35412,658,ITI,ITI4,12,Lazio,Lazio,5879082,868506,14.77,1.09
1571,2021-07-27,LAZ,56250,27288,28962,8030,47905,315,ITI,ITI4,12,Lazio,Lazio,5879082,924756,15.73,0.96
1572,2021-04-18,LAZ,23862,10605,13257,15894,7696,272,ITI,ITI4,12,Lazio,Lazio,5879082,948618,16.14,0.41
1573,2021-07-01,LAZ,48473,23179,25294,7184,41081,208,ITI,ITI4,12,Lazio,Lazio,5879082,997091,16.96,0.82
1574,2021-04-09,LAZ,27702,12610,15092,19145,8271,286,ITI,ITI4,12,Lazio,Lazio,5879082,1024793,17.43,0.47
1575,2021-03-23,LAZ,25456,11949,13507,18477,6632,347,ITI,ITI4,12,Lazio,Lazio,5879082,1050249,17.86,0.43
1576,2021-02-15,LAZ,8038,3548,4490,7312,643,83,ITI,ITI4,12,Lazio,Lazio,5879082,1058287,18.0,0.14
1577,2021-01-29,LAZ,8054,3086,4968,817,7235,2,ITI,ITI4,12,Lazio,Lazio,5879082,1066341,18.14,0.14
1578,2021-02-11,LAZ,7000,3011,3989,6442,533,25,ITI,ITI4,12,Lazio,Lazio,5879082,1073341,18.26,0.12
1579,2021-04-11,LAZ,19230,8524,10706,13144,5925,161,ITI,ITI4,12,Lazio,Lazio,5879082,1092571,18.58,0.33
1580,2021-02-13,LAZ,6612,2627,3985,6147,419,46,ITI,ITI4,12,Lazio,Lazio,5879082,1099183,18.7,0.11
1581,2021-07-20,LAZ,63285,31584,31701,28444,33673,1168,ITI,ITI4,12,Lazio,Lazio,5879082,1162468,19.77,1.08
1582,2021-05-24,LAZ,44003,20181,23822,33549,9791,663,ITI,ITI4,12,Lazio,Lazio,5879082,1206471,20.52,0.75
1583,2021-01-03,LAZ,5337,2011,3326,5278,0,59,ITI,ITI4,12,Lazio,Lazio,5879082,1211808,20.61,0.09
1584,2021-04-13,LAZ,25822,11974,13848,17685,7745,392,ITI,ITI4,12,Lazio,Lazio,5879082,1237630,21.05,0.44
1585,2021-07-31,LAZ,55846,29353,26493,5435,50115,296,ITI,ITI4,12,Lazio,Lazio,5879082,1293476,22.0,0.95
1586,2021-02-25,LAZ,12779,5596,7183,11414,1180,185,ITI,ITI4,12,Lazio,Lazio,5879082,1306255,22.22,0.22
1587,2021-06-05,LAZ,66309,32673,33636,42885,22759,665,ITI,ITI4,12,Lazio,Lazio,5879082,1372564,23.35,1.13
1588,2021-04-23,LAZ,37965,18285,19680,22118,15394,453,ITI,ITI4,12,Lazio,Lazio,5879082,1410529,23.99,0.65
1589,2021-08-03,LAZ,2059,1059,1000,460,1582,17,ITI,ITI4,12,Lazio,Lazio,5879082,1412588,24.03,0.04
1590,2021-01-30,LAZ,7018,2896,4122,811,6206,1,ITI,ITI4,12,Lazio,Lazio,5879082,1419606,24.15,0.12
1591,2021-07-19,LAZ,63069,31002,32067,28312,33666,1091,ITI,ITI4,12,Lazio,Lazio,5879082,1482675,25.22,1.07
1592,2021-01-15,LAZ,6706,2757,3949,6536,0,170,ITI,ITI4,12,Lazio,Lazio,5879082,1489381,25.33,0.11
1593,2021-04-25,LAZ,24581,11281,13300,16424,7874,283,ITI,ITI4,12,Lazio,Lazio,5879082,1513962,25.75,0.42
1594,2021-05-07,LAZ,48289,22636,25653,30092,17789,408,ITI,ITI4,12,Lazio,Lazio,5879082,1562251,26.57,0.82
1595,2021-03-11,LAZ,25494,12023,13471,18868,6282,344,ITI,ITI4,12,Lazio,Lazio,5879082,1587745,27.01,0.43
1596,2021-07-03,LAZ,53208,25052,28156,4646,48426,136,ITI,ITI4,12,Lazio,Lazio,5879082,1640953,27.91,0.91
1597,2021-02-03,LAZ,6493,2491,4002,960,5526,7,ITI,ITI4,12,Lazio,Lazio,5879082,1647446,28.02,0.11
1598,2021-01-25,LAZ,8118,3250,4868,775,7343,0,ITI,ITI4,12,Lazio,Lazio,5879082,1655564,28.16,0.14
1599,2021-05-05,LAZ,46834,21491,25343,30418,15858,558,ITI,ITI4,12,Lazio,Lazio,5879082,1702398,28.96,0.8
1600,2021-03-02,LAZ,17231,7628,9603,13111,3955,165,ITI,ITI4,12,Lazio,Lazio,5879082,1719629,29.25,0.29
1601,2021-01-18,LAZ,6387,2603,3784,5281,980,126,ITI,ITI4,12,Lazio,Lazio,5879082,1726016,29.36,0.11
1602,2021-04-28,LAZ,33026,15068,17958,20980,11656,390,ITI,ITI4,12,Lazio,Lazio,5879082,1759042,29.92,0.56
1603,2021-03-28,LAZ,19189,7831,11358,13542,5311,336,ITI,ITI4,12,Lazio,Lazio,5879082,1778231,30.25,0.33
1604,2021-06-09,LAZ,70414,33324,37090,35966,33816,632,ITI,ITI4,12,Lazio,Lazio,5879082,1848645,31.44,1.2
1605,2021-05-19,LAZ,47280,21717,25563,36527,10145,608,ITI,ITI4,12,Lazio,Lazio,5879082,1895925,32.25,0.8
1606,2021-01-04,LAZ,7572,2939,4633,7468,0,104,ITI,ITI4,12,Lazio,Lazio,5879082,1903497,32.38,0.13
1607,2021-06-24,LAZ,63982,30520,33462,28615,34720,647,ITI,ITI4,12,Lazio,Lazio,5879082,1967479,33.47,1.09
1608,2021-06-07,LAZ,62609,29302,33307,32701,29321,587,ITI,ITI4,12,Lazio,Lazio,5879082,2030088,34.53,1.06
1609,2021-06-21,LAZ,61981,28794,33187,28490,32886,605,ITI,ITI4,12,Lazio,Lazio,5879082,2092069,35.58,1.05
1610,2021-03-13,LAZ,21847,8753,13094,15700,5913,234,ITI,ITI4,12,Lazio,Lazio,5879082,2113916,35.96,0.37
1611,2021-02-17,LAZ,9194,4606,4588,8240,885,69,ITI,ITI4,12,Lazio,Lazio,5879082,2123110,36.11,0.16
1612,2021-05-28,LAZ,57234,26615,30619,43127,13319,788,ITI,ITI4,12,Lazio,Lazio,5879082,2180344,37.09,0.97
1613,2021-03-06,LAZ,18392,7094,11298,13901,4272,219,ITI,ITI4,12,Lazio,Lazio,5879082,2198736,37.4,0.31
1614,2021-01-08,LAZ,7894,2960,4934,7697,0,197,ITI,ITI4,12,Lazio,Lazio,5879082,2206630,37.53,0.13
1615,2021-07-29,LAZ,55778,28389,27389,7560,47853,365,ITI,ITI4,12,Lazio,Lazio,5879082,2262408,38.48,0.95
1616,2021-04-01,LAZ,29778,14126,15652,22231,7170,377,ITI,ITI4,12,Lazio,Lazio,5879082,2292186,38.99,0.51
1617,2021-07-10,LAZ,71002,35635,35367,25028,45330,644,ITI,ITI4,12,Lazio,Lazio,5879082,2363188,40.2,1.21
1618,2021-07-24,LAZ,30677,15470,15207,3216,27322,139,ITI,ITI4,12,Lazio,Lazio,5879082,2393865,40.72,0.52
1619,2021-06-23,LAZ,62316,29347,32969,28437,33382,497,ITI,ITI4,12,Lazio,Lazio,5879082,2456181,41.78,1.06
1620,2021-04-15,LAZ,32024,14346,17678,20704,10874,446,ITI,ITI4,12,Lazio,Lazio,5879082,2488205,42.32,0.54
1621,2021-01-20,LAZ,4818,1951,2867,3270,1544,4,ITI,ITI4,12,Lazio,Lazio,5879082,2493023,42.4,0.08
1622,2021-05-14,LAZ,51604,23581,28023,32566,18377,661,ITI,ITI4,12,Lazio,Lazio,5879082,2544627,43.28,0.88
1623,2021-03-18,LAZ,14287,6106,8181,7774,6429,84,ITI,ITI4,12,Lazio,Lazio,5879082,2558914,43.53,0.24
1624,2021-04-06,LAZ,24624,11270,13354,17141,7165,318,ITI,ITI4,12,Lazio,Lazio,5879082,2583538,43.94,0.42
1625,2020-12-27,LAZ,274,132,142,274,0,0,ITI,ITI4,12,Lazio,Lazio,5879082,2583812,43.95,0.0
1626,2021-03-20,LAZ,19276,7673,11603,13091,5923,262,ITI,ITI4,12,Lazio,Lazio,5879082,2603088,44.28,0.33
1627,2021-03-27,LAZ,26544,10799,15745,19486,6515,543,ITI,ITI4,12,Lazio,Lazio,5879082,2629632,44.73,0.45
1628,2021-07-05,LAZ,61546,29637,31909,25571,34922,1053,ITI,ITI4,12,Lazio,Lazio,5879082,2691178,45.78,1.05
1629,2021-05-23,LAZ,47152,22884,24268,39100,7397,655,ITI,ITI4,12,Lazio,Lazio,5879082,2738330,46.58,0.8
1630,2021-05-09,LAZ,37559,17266,20293,25830,11282,447,ITI,ITI4,12,Lazio,Lazio,5879082,2775889,47.22,0.64
1631,2021-07-12,LAZ,41368,20697,20671,5857,35286,225,ITI,ITI4,12,Lazio,Lazio,5879082,2817257,47.92,0.7
1632,2021-05-16,LAZ,51005,24564,26441,36958,13510,537,ITI,ITI4,12,Lazio,Lazio,5879082,2868262,48.79,0.87
1633,2021-06-28,LAZ,58934,28175,30759,27523,30983,428,ITI,ITI4,12,Lazio,Lazio,5879082,2927196,49.79,1.0
1634,2021-02-12,LAZ,6855,2855,4000,6354,421,80,ITI,ITI4,12,Lazio,Lazio,5879082,2934051,49.91,0.12
1635,2021-02-08,LAZ,9747,4158,5589,4507,5238,2,ITI,ITI4,12,Lazio,Lazio,5879082,2943798,50.07,0.17
1636,2021-05-02,LAZ,32917,14453,18464,23002,9454,461,ITI,ITI4,12,Lazio,Lazio,5879082,2976715,50.63,0.56
1637,2021-01-22,LAZ,4011,1639,2372,496,3515,0,ITI,ITI4,12,Lazio,Lazio,5879082,2980726,50.7,0.07
1638,2021-02-27,LAZ,11528,4333,7195,10348,1042,138,ITI,ITI4,12,Lazio,Lazio,5879082,2992254,50.9,0.2
1639,2021-05-20,LAZ,51827,25011,26816,37143,13954,730,ITI,ITI4,12,Lazio,Lazio,5879082,3044081,51.78,0.88
1640,2021-06-20,LAZ,55309,25435,29874,29614,24942,753,ITI,ITI4,12,Lazio,Lazio,5879082,3099390,52.72,0.94
1641,2021-06-06,LAZ,58217,28058,30159,35113,22520,584,ITI,ITI4,12,Lazio,Lazio,5879082,3157607,53.71,0.99
1642,2021-02-10,LAZ,8206,3413,4793,4847,3354,5,ITI,ITI4,12,Lazio,Lazio,5879082,3165813,53.85,0.14
1643,2021-05-21,LAZ,52061,25039,27022,37270,14086,705,ITI,ITI4,12,Lazio,Lazio,5879082,3217874,54.73,0.89
1644,2021-06-04,LAZ,61979,30237,31742,43520,17834,625,ITI,ITI4,12,Lazio,Lazio,5879082,3279853,55.79,1.05
1645,2021-05-04,LAZ,40260,18524,21736,26113,13679,468,ITI,ITI4,12,Lazio,Lazio,5879082,3320113,56.47,0.68
1646,2021-02-24,LAZ,12058,5213,6845,10937,997,124,ITI,ITI4,12,Lazio,Lazio,5879082,3332171,56.68,0.21
1647,2021-07-07,LAZ,62605,31012,31593,28375,33649,581,ITI,ITI4,12,Lazio,Lazio,5879082,3394776,57.74,1.06
1648,2021-01-31,LAZ,4463,1856,2607,478,3984,1,ITI,ITI4,12,Lazio,Lazio,5879082,3399239,57.82,0.08
1649,2021-05-11,LAZ,48350,22205,26145,31191,16562,597,ITI,ITI4,12,Lazio,Lazio,5879082,3447589,58.64,0.82
1650,2021-01-01,LAZ,3596,1396,2200,3556,0,40,ITI,ITI4,12,Lazio,Lazio,5879082,3451185,58.7,0.06
1651,2021-01-10,LAZ,4133,1737,2396,4066,0,67,ITI,ITI4,12,Lazio,Lazio,5879082,3455318,58.77,0.07
1652,2021-06-16,LAZ,64662,31043,33619,32079,31967,616,ITI,ITI4,12,Lazio,Lazio,5879082,3519980,59.87,1.1
1653,2021-04-20,LAZ,31147,14296,16851,19407,11363,377,ITI,ITI4,12,Lazio,Lazio,5879082,3551127,60.4,0.53
1654,2021-03-08,LAZ,20938,9087,11851,15341,5305,292,ITI,ITI4,12,Lazio,Lazio,5879082,3572065,60.76,0.36
1655,2021-04-22,LAZ,39198,19498,19700,23898,14710,590,ITI,ITI4,12,Lazio,Lazio,5879082,3611263,61.43,0.67
1656,2021-03-10,LAZ,23361,10670,12691,17366,5659,336,ITI,ITI4,12,Lazio,Lazio,5879082,3634624,61.82,0.4
1657,2021-01-12,LAZ,5513,2022,3491,5370,0,143,ITI,ITI4,12,Lazio,Lazio,5879082,3640137,61.92,0.09
1658,2021-06-18,LAZ,64363,31007,33356,30310,33316,737,ITI,ITI4,12,Lazio,Lazio,5879082,3704500,63.01,1.09
1659,2021-03-17,LAZ,13875,5947,7928,7474,6289,112,ITI,ITI4,12,Lazio,Lazio,5879082,3718375,63.25,0.24
1660,2021-06-25,LAZ,63311,30566,32745,28093,34637,581,ITI,ITI4,12,Lazio,Lazio,5879082,3781686,64.32,1.08
1661,2021-06-27,LAZ,47251,21611,25640,20605,26178,468,ITI,ITI4,12,Lazio,Lazio,5879082,3828937,65.13,0.8
1662,2021-07-17,LAZ,43849,22111,21738,2165,41580,104,ITI,ITI4,12,Lazio,Lazio,5879082,3872786,65.87,0.75
1663,2021-06-30,LAZ,62994,29644,33350,29767,32691,536,ITI,ITI4,12,Lazio,Lazio,5879082,3935780,66.95,1.07
1664,2021-04-08,LAZ,26862,12319,14543,18813,7701,348,ITI,ITI4,12,Lazio,Lazio,5879082,3962642,67.4,0.46
1665,2021-07-02,LAZ,48499,23242,25257,6620,41700,179,ITI,ITI4,12,Lazio,Lazio,5879082,4011141,68.23,0.82
1666,2020-12-31,LAZ,5370,2149,3221,5310,0,60,ITI,ITI4,12,Lazio,Lazio,5879082,4016511,68.32,0.09
1667,2021-04-10,LAZ,23940,10413,13527,16497,7196,247,ITI,ITI4,12,Lazio,Lazio,5879082,4040451,68.73,0.41
1668,2021-02-05,LAZ,7330,2994,4336,1218,6109,3,ITI,ITI4,12,Lazio,Lazio,5879082,4047781,68.85,0.12
1669,2021-04-03,LAZ,24847,11218,13629,17896,6733,218,ITI,ITI4,12,Lazio,Lazio,5879082,4072628,69.27,0.42
1670,2021-03-25,LAZ,29507,13700,15807,22370,6675,462,ITI,ITI4,12,Lazio,Lazio,5879082,4102135,69.78,0.5
1671,2021-01-27,LAZ,6122,2390,3732,1005,5117,0,ITI,ITI4,12,Lazio,Lazio,5879082,4108257,69.88,0.1
1672,2021-06-01,LAZ,49123,23704,25419,30088,18571,464,ITI,ITI4,12,Lazio,Lazio,5879082,4157380,70.71,0.84
1673,2021-04-05,LAZ,19981,9152,10829,13615,6213,153,ITI,ITI4,12,Lazio,Lazio,5879082,4177361,71.05,0.34
1674,2021-07-28,LAZ,57567,29125,28442,8045,49186,336,ITI,ITI4,12,Lazio,Lazio,5879082,4234928,72.03,0.98
1675,2021-05-25,LAZ,47587,22335,25252,35291,11701,595,ITI,ITI4,12,Lazio,Lazio,5879082,4282515,72.84,0.81
1676,2021-03-29,LAZ,25571,12147,13424,18189,7080,302,ITI,ITI4,12,Lazio,Lazio,5879082,4308086,73.28,0.43
1677,2021-03-15,LAZ,21018,9871,11147,14004,6767,247,ITI,ITI4,12,Lazio,Lazio,5879082,4329104,73.64,0.36
1678,2021-01-05,LAZ,7453,2831,4622,7350,0,103,ITI,ITI4,12,Lazio,Lazio,5879082,4336557,73.76,0.13
1679,2021-01-24,LAZ,5699,2229,3470,615,5084,0,ITI,ITI4,12,Lazio,Lazio,5879082,4342256,73.86,0.1
1680,2021-02-19,LAZ,10056,5084,4972,9071,838,147,ITI,ITI4,12,Lazio,Lazio,5879082,4352312,74.03,0.17
1681,2021-06-17,LAZ,66980,32224,34756,31804,34460,716,ITI,ITI4,12,Lazio,Lazio,5879082,4419292,75.17,1.14
1682,2021-04-21,LAZ,33147,15064,18083,20310,12477,360,ITI,ITI4,12,Lazio,Lazio,5879082,4452439,75.73,0.56
1683,2021-07-30,LAZ,55485,28710,26775,7257,47891,337,ITI,ITI4,12,Lazio,Lazio,5879082,4507924,76.68,0.94
1684,2021-06-03,LAZ,56797,28693,28104,38264,17831,702,ITI,ITI4,12,Lazio,Lazio,5879082,4564721,77.64,0.97
1685,2021-06-10,LAZ,72092,34058,38034,37292,33980,820,ITI,ITI4,12,Lazio,Lazio,5879082,4636813,78.87,1.23
1686,2021-04-14,LAZ,29394,13326,16068,18883,10192,319,ITI,ITI4,12,Lazio,Lazio,5879082,4666207,79.37,0.5
1687,2021-07-23,LAZ,58268,29211,29057,26722,29812,1734,ITI,ITI4,12,Lazio,Lazio,5879082,4724475,80.36,0.99
1688,2021-02-04,LAZ,6442,2567,3875,1123,5318,1,ITI,ITI4,12,Lazio,Lazio,5879082,4730917,80.47,0.11
1689,2021-05-22,LAZ,55182,27033,28149,43607,10697,878,ITI,ITI4,12,Lazio,Lazio,5879082,4786099,81.41,0.94
1690,2021-05-15,LAZ,57460,27453,30007,40102,16561,797,ITI,ITI4,12,Lazio,Lazio,5879082,4843559,82.39,0.98
1691,2021-03-19,LAZ,17507,7597,9910,11005,6350,152,ITI,ITI4,12,Lazio,Lazio,5879082,4861066,82.68,0.3
1692,2021-03-22,LAZ,23411,10561,12850,16352,6730,329,ITI,ITI4,12,Lazio,Lazio,5879082,4884477,83.08,0.4
1693,2020-12-29,LAZ,496,182,314,492,0,4,ITI,ITI4,12,Lazio,Lazio,5879082,4884973,83.09,0.01
1694,2021-07-16,LAZ,43892,20949,22943,2911,40806,175,ITI,ITI4,12,Lazio,Lazio,5879082,4928865,83.84,0.75
1695,2021-04-24,LAZ,33559,15144,18415,20185,12882,492,ITI,ITI4,12,Lazio,Lazio,5879082,4962424,84.41,0.57
1696,2021-08-02,LAZ,9076,4832,4244,1322,7696,58,ITI,ITI4,12,Lazio,Lazio,5879082,4971500,84.56,0.15
1697,2021-05-30,LAZ,41260,17650,23610,33225,7365,670,ITI,ITI4,12,Lazio,Lazio,5879082,5012760,85.26,0.7
1698,2021-05-13,LAZ,50241,22577,27664,31718,17848,675,ITI,ITI4,12,Lazio,Lazio,5879082,5063001,86.12,0.85
1699,2021-08-04,LAZ,1177,618,559,511,650,16,ITI,ITI4,12,Lazio,Lazio,5879082,5064178,86.14,0.02
1700,2021-06-29,LAZ,59449,28260,31189,27726,31156,567,ITI,ITI4,12,Lazio,Lazio,5879082,5123627,87.15,1.01
1701,2021-01-14,LAZ,5592,2176,3416,5418,0,174,ITI,ITI4,12,Lazio,Lazio,5879082,5129219,87.25,0.1
1702,2021-04-07,LAZ,26024,12178,13846,18363,7323,338,ITI,ITI4,12,Lazio,Lazio,5879082,5155243,87.69,0.44
1703,2020-12-28,LAZ,960,413,547,955,0,5,ITI,ITI4,12,Lazio,Lazio,5879082,5156203,87.7,0.02
1704,2021-01-16,LAZ,5769,2335,3434,5621,0,148,ITI,ITI4,12,Lazio,Lazio,5879082,5161972,87.8,0.1
1705,2021-04-12,LAZ,23933,10792,13141,16692,6961,280,ITI,ITI4,12,Lazio,Lazio,5879082,5185905,88.21,0.41
1706,2021-07-21,LAZ,62721,31676,31045,28646,32759,1316,ITI,ITI4,12,Lazio,Lazio,5879082,5248626,89.28,1.07
1707,2021-06-08,LAZ,66782,31877,34905,36158,29985,639,ITI,ITI4,12,Lazio,Lazio,5879082,5315408,90.41,1.14
1708,2021-07-14,LAZ,42132,20531,21601,6198,35585,349,ITI,ITI4,12,Lazio,Lazio,5879082,5357540,91.13,0.72
1709,2021-01-09,LAZ,6416,2609,3807,6303,0,113,ITI,ITI4,12,Lazio,Lazio,5879082,5363956,91.24,0.11
1710,2021-02-07,LAZ,4969,2046,2923,410,4558,1,ITI,ITI4,12,Lazio,Lazio,5879082,5368925,91.32,0.08
1711,2021-05-18,LAZ,45045,20607,24438,34917,9570,558,ITI,ITI4,12,Lazio,Lazio,5879082,5413970,92.09,0.77
1712,2021-05-03,LAZ,39618,17888,21730,26274,12765,579,ITI,ITI4,12,Lazio,Lazio,5879082,5453588,92.76,0.67
1713,2021-07-25,LAZ,24570,12063,12507,2029,22491,50,ITI,ITI4,12,Lazio,Lazio,5879082,5478158,93.18,0.42
1714,2021-06-13,LAZ,58433,26220,32213,33084,24852,497,ITI,ITI4,12,Lazio,Lazio,5879082,5536591,94.17,0.99
1715,2021-03-07,LAZ,14160,5479,8681,10350,3603,207,ITI,ITI4,12,Lazio,Lazio,5879082,5550751,94.42,0.24
1716,2021-06-15,LAZ,66128,31956,34172,33366,32204,558,ITI,ITI4,12,Lazio,Lazio,5879082,5616879,95.54,1.12
1717,2021-03-24,LAZ,27981,13146,14835,21319,6273,389,ITI,ITI4,12,Lazio,Lazio,5879082,5644860,96.02,0.48
1718,2021-05-29,LAZ,52083,23429,28654,40177,11039,867,ITI,ITI4,12,Lazio,Lazio,5879082,5696943,96.9,0.89
1719,2021-02-26,LAZ,13133,5738,7395,11555,1404,174,ITI,ITI4,12,Lazio,Lazio,5879082,5710076,97.13,0.22
1720,2021-07-09,LAZ,64914,31331,33583,27596,36587,731,ITI,ITI4,12,Lazio,Lazio,5879082,5774990,98.23,1.1
1721,2021-05-01,LAZ,38257,17202,21055,25747,12074,436,ITI,ITI4,12,Lazio,Lazio,5879082,5813247,98.88,0.65
1722,2021-04-17,LAZ,32477,14245,18232,20018,12060,399,ITI,ITI4,12,Lazio,Lazio,5879082,5845724,99.43,0.55
1723,2021-07-26,LAZ,50777,25026,25751,6659,43818,300,ITI,ITI4,12,Lazio,Lazio,5879082,5896501,100.3,0.86
1724,2021-08-01,LAZ,28025,14724,13301,4417,23433,175,ITI,ITI4,12,Lazio,Lazio,5879082,5924526,100.77,0.48
1725,2021-05-10,LAZ,44491,20346,24145,30598,13436,457,ITI,ITI4,12,Lazio,Lazio,5879082,5969017,101.53,0.76
1726,2021-05-27,LAZ,58476,27198,31278,43892,13788,796,ITI,ITI4,12,Lazio,Lazio,5879082,6027493,102.52,0.99
1727,2021-03-05,LAZ,19601,8683,10918,14624,4751,226,ITI,ITI4,12,Lazio,Lazio,5879082,6047094,102.86,0.33
1728,2021-02-16,LAZ,8360,4034,4326,7705,612,43,ITI,ITI4,12,Lazio,Lazio,5879082,6055454,103.0,0.14
1729,2021-06-22,LAZ,62810,29053,33757,28598,33508,704,ITI,ITI4,12,Lazio,Lazio,5879082,6118264,104.07,1.07
1730,2021-03-14,LAZ,17295,6777,10518,11857,5179,259,ITI,ITI4,12,Lazio,Lazio,5879082,6135559,104.36,0.29
1731,2021-04-26,LAZ,29327,13496,15831,19611,9285,431,ITI,ITI4,12,Lazio,Lazio,5879082,6164886,104.86,0.5
1732,2021-02-02,LAZ,5918,2219,3699,639,5276,3,ITI,ITI4,12,Lazio,Lazio,5879082,6170804,104.96,0.1
1733,2021-07-18,LAZ,58312,29694,28618,22790,34749,773,ITI,ITI4,12,Lazio,Lazio,5879082,6229116,105.95,0.99
1734,2021-03-12,LAZ,24098,11139,12959,17393,6355,350,ITI,ITI4,12,Lazio,Lazio,5879082,6253214,106.36,0.41
1735,2021-02-09,LAZ,8819,3782,5037,4577,4236,6,ITI,ITI4,12,Lazio,Lazio,5879082,6262033,106.51,0.15
1736,2021-02-23,LAZ,11098,4787,6311,10202,769,127,ITI,ITI4,12,Lazio,Lazio,5879082,6273131,106.7,0.19
1737,2021-04-19,LAZ,30148,13707,16441,19006,10722,420,ITI,ITI4,12,Lazio,Lazio,5879082,6303279,107.22,0.51
1738,2021-02-21,LAZ,6996,3183,3813,6487,465,44,ITI,ITI4,12,Lazio,Lazio,5879082,6310275,107.33,0.12
1739,2021-02-14,LAZ,5779,2372,3407,5277,472,30,ITI,ITI4,12,Lazio,Lazio,5879082,6316054,107.43,0.1
1740,2021-02-28,LAZ,10284,4038,6246,9648,539,97,ITI,ITI4,12,Lazio,Lazio,5879082,6326338,107.61,0.17
1741,2021-01-02,LAZ,6835,2680,4155,6755,0,80,ITI,ITI4,12,Lazio,Lazio,5879082,6333173,107.72,0.12
1742,2021-01-21,LAZ,5606,2350,3256,552,5054,0,ITI,ITI4,12,Lazio,Lazio,5879082,6338779,107.82,0.1
1743,2021-03-31,LAZ,27869,13474,14395,20391,7145,333,ITI,ITI4,12,Lazio,Lazio,5879082,6366648,108.29,0.47
1744,2021-01-07,LAZ,7933,2975,4958,7776,0,157,ITI,ITI4,12,Lazio,Lazio,5879082,6374581,108.43,0.13
1745,2021-04-27,LAZ,30828,13921,16907,19472,10953,403,ITI,ITI4,12,Lazio,Lazio,5879082,6405409,108.95,0.52
1746,2021-03-01,LAZ,17127,7371,9756,13008,3886,233,ITI,ITI4,12,Lazio,Lazio,5879082,6422536,109.24,0.29
1747,2021-08-05,LAZ,22446,11263,11183,15038,6653,755,ITI,ITI4,12,Lazio,Lazio,5879082,6444982,109.63,0.38
1748,2021-02-22,LAZ,11466,4994,6472,10809,503,154,ITI,ITI4,12,Lazio,Lazio,5879082,6456448,109.82,0.2
1749,2021-06-02,LAZ,43505,21592,21913,31434,11523,548,ITI,ITI4,12,Lazio,Lazio,5879082,6499953,110.56,0.74
1750,2021-06-11,LAZ,69741,32814,36927,36680,32425,636,ITI,ITI4,12,Lazio,Lazio,5879082,6569694,111.75,1.19
1751,2021-05-06,LAZ,48857,22768,26089,30614,17587,656,ITI,ITI4,12,Lazio,Lazio,5879082,6618551,112.58,0.83
1752,2021-01-17,LAZ,4954,2047,2907,4678,212,64,ITI,ITI4,12,Lazio,Lazio,5879082,6623505,112.66,0.08
1753,2021-01-19,LAZ,4782,1965,2817,4325,454,3,ITI,ITI4,12,Lazio,Lazio,5879082,6628287,112.74,0.08
1754,2021-04-29,LAZ,38833,17340,21493,24873,13353,607,ITI,ITI4,12,Lazio,Lazio,5879082,6667120,113.4,0.66
1755,2021-03-03,LAZ,17898,7886,10012,13353,4311,234,ITI,ITI4,12,Lazio,Lazio,5879082,6685018,113.71,0.3
1756,2021-01-26,LAZ,7974,3130,4844,731,7243,0,ITI,ITI4,12,Lazio,Lazio,5879082,6692992,113.84,0.14
1757,2021-04-02,LAZ,29537,14162,15375,21759,7393,385,ITI,ITI4,12,Lazio,Lazio,5879082,6722529,114.35,0.5
1758,2021-07-11,LAZ,44110,22233,21877,3763,40200,147,ITI,ITI4,12,Lazio,Lazio,5879082,6766639,115.1,0.75
1759,2021-01-28,LAZ,8284,3168,5116,786,7497,1,ITI,ITI4,12,Lazio,Lazio,5879082,6774923,115.24,0.14
1760,2021-07-04,LAZ,46574,21680,24894,4117,42373,84,ITI,ITI4,12,Lazio,Lazio,5879082,6821497,116.03,0.79
1761,2021-05-08,LAZ,45496,20772,24724,29404,15443,649,ITI,ITI4,12,Lazio,Lazio,5879082,6866993,116.8,0.77
1762,2021-07-13,LAZ,42663,20910,21753,5485,36848,330,ITI,ITI4,12,Lazio,Lazio,5879082,6909656,117.53,0.73
1763,2021-03-26,LAZ,30349,14057,16292,23010,6896,443,ITI,ITI4,12,Lazio,Lazio,5879082,6940005,118.05,0.52
1764,2021-07-06,LAZ,62492,30328,32164,28564,33447,481,ITI,ITI4,12,Lazio,Lazio,5879082,7002497,119.11,1.06
1765,2021-07-13,PAT,3648,1845,1803,1652,1877,119,ITH,ITH2,4,Provincia Autonoma Trento,P.A. Trento,541380,3648,0.67,0.67
1766,2021-04-21,PAT,2912,1360,1552,2712,50,150,ITH,ITH2,4,Provincia Autonoma Trento,P.A. Trento,541380,6560,1.21,0.54
1767,2021-01-28,PAT,533,147,386,49,484,0,ITH,ITH2,4,Provincia Autonoma Trento,P.A. Trento,541380,7093,1.31,0.1
1768,2021-01-11,PAT,732,223,509,732,0,0,ITH,ITH2,4,Provincia Autonoma Trento,P.A. Trento,541380,7825,1.45,0.14
1769,2021-02-16,PAT,668,246,422,652,5,11,ITH,ITH2,4,Provincia Autonoma Trento,P.A. Trento,541380,8493,1.57,0.12
1770,2021-07-27,PAT,4551,2414,2137,1569,2884,98,ITH,ITH2,4,Provincia Autonoma Trento,P.A. Trento,541380,13044,2.41,0.84
1771,2021-05-31,PAT,4729,2175,2554,1571,3051,107,ITH,ITH2,4,Provincia Autonoma Trento,P.A. Trento,541380,17773,3.28,0.87
1772,2021-07-20,PAT,4541,2460,2081,1595,2816,130,ITH,ITH2,4,Provincia Autonoma Trento,P.A. Trento,541380,22314,4.12,0.84
1773,2021-03-09,PAT,1586,591,995,908,647,31,ITH,ITH2,4,Provincia Autonoma Trento,P.A. Trento,541380,23900,4.41,0.29
1774,2021-06-17,PAT,6607,3467,3140,1986,4461,160,ITH,ITH2,4,Provincia Autonoma Trento,P.A. Trento,541380,30507,5.64,1.22
1775,2021-03-14,PAT,108,65,43,19,87,2,ITH,ITH2,4,Provincia Autonoma Trento,P.A. Trento,541380,30615,5.65,0.02
1776,2021-02-06,PAT,576,300,276,435,141,0,ITH,ITH2,4,Provincia Autonoma Trento,P.A. Trento,541380,31191,5.76,0.11
1777,2021-02-23,PAT,1112,395,717,878,213,21,ITH,ITH2,4,Provincia Autonoma Trento,P.A. Trento,541380,32303,5.97,0.21
1778,2021-05-17,PAT,4295,2123,2172,3709,351,235,ITH,ITH2,4,Provincia Autonoma Trento,P.A. Trento,541380,36598,6.76,0.79
1779,2021-06-29,PAT,6236,3143,3093,2665,3491,80,ITH,ITH2,4,Provincia Autonoma Trento,P.A. Trento,541380,42834,7.91,1.15
1780,2021-06-12,PAT,5367,2691,2676,431,4889,47,ITH,ITH2,4,Provincia Autonoma Trento,P.A. Trento,541380,48201,8.9,0.99
1781,2021-03-21,PAT,129,69,60,125,0,4,ITH,ITH2,4,Provincia Autonoma Trento,P.A. Trento,541380,48330,8.93,0.02
1782,2021-05-24,PAT,4390,2017,2373,1250,3027,113,ITH,ITH2,4,Provincia Autonoma Trento,P.A. Trento,541380,52720,9.74,0.81
1783,2021-03-02,PAT,1308,441,867,903,376,29,ITH,ITH2,4,Provincia Autonoma Trento,P.A. Trento,541380,54028,9.98,0.24
1784,2021-01-23,PAT,577,334,243,387,189,1,ITH,ITH2,4,Provincia Autonoma Trento,P.A. Trento,541380,54605,10.09,0.11
1785,2021-05-03,PAT,4266,2200,2066,3809,155,302,ITH,ITH2,4,Provincia Autonoma Trento,P.A. Trento,541380,58871,10.87,0.79
1786,2021-07-01,PAT,6938,3609,3329,3450,3308,180,ITH,ITH2,4,Provincia Autonoma Trento,P.A. Trento,541380,65809,12.16,1.28
1787,2021-05-05,PAT,5000,2584,2416,4389,302,309,ITH,ITH2,4,Provincia Autonoma Trento,P.A. Trento,541380,70809,13.08,0.92
1788,2021-01-16,PAT,319,148,171,319,0,0,ITH,ITH2,4,Provincia Autonoma Trento,P.A. Trento,541380,71128,13.14,0.06
1789,2021-04-09,PAT,2745,1164,1581,1476,1202,67,ITH,ITH2,4,Provincia Autonoma Trento,P.A. Trento,541380,73873,13.65,0.51
1790,2021-02-11,PAT,1137,366,771,796,340,1,ITH,ITH2,4,Provincia Autonoma Trento,P.A. Trento,541380,75010,13.86,0.21
1791,2021-07-18,PAT,451,239,212,110,336,5,ITH,ITH2,4,Provincia Autonoma Trento,P.A. Trento,541380,75461,13.94,0.08
1792,2021-02-25,PAT,1641,643,998,1190,441,10,ITH,ITH2,4,Provincia Autonoma Trento,P.A. Trento,541380,77102,14.24,0.3
1793,2020-12-30,PAT,7,3,4,7,0,0,ITH,ITH2,4,Provincia Autonoma Trento,P.A. Trento,541380,77109,14.24,0.0
1794,2021-06-05,PAT,4089,1918,2171,679,3335,75,ITH,ITH2,4,Provincia Autonoma Trento,P.A. Trento,541380,81198,15.0,0.76
1795,2021-05-22,PAT,3259,1598,1661,834,2334,91,ITH,ITH2,4,Provincia Autonoma Trento,P.A. Trento,541380,84457,15.6,0.6
1796,2021-03-26,PAT,3234,1259,1975,2482,610,142,ITH,ITH2,4,Provincia Autonoma Trento,P.A. Trento,541380,87691,16.2,0.6
1797,2021-04-23,PAT,3641,1772,1869,3409,54,178,ITH,ITH2,4,Provincia Autonoma Trento,P.A. Trento,541380,91332,16.87,0.67
1798,2021-01-30,PAT,387,132,255,152,235,0,ITH,ITH2,4,Provincia Autonoma Trento,P.A. Trento,541380,91719,16.94,0.07
1799,2021-05-10,PAT,3216,1649,1567,2496,508,212,ITH,ITH2,4,Provincia Autonoma Trento,P.A. Trento,541380,94935,17.54,0.59
1800,2021-03-18,PAT,2325,959,1366,1218,1083,24,ITH,ITH2,4,Provincia Autonoma Trento,P.A. Trento,541380,97260,17.97,0.43
1801,2021-03-07,PAT,22,6,16,22,0,0,ITH,ITH2,4,Provincia Autonoma Trento,P.A. Trento,541380,97282,17.97,0.0
1802,2021-01-09,PAT,190,40,150,190,0,0,ITH,ITH2,4,Provincia Autonoma Trento,P.A. Trento,541380,97472,18.0,0.04
1803,2021-06-24,PAT,5930,3108,2822,3565,2182,183,ITH,ITH2,4,Provincia Autonoma Trento,P.A. Trento,541380,103402,19.1,1.1
1804,2021-05-12,PAT,3312,1497,1815,1952,1195,165,ITH,ITH2,4,Provincia Autonoma Trento,P.A. Trento,541380,106714,19.71,0.61
1805,2021-03-16,PAT,1394,509,885,579,783,32,ITH,ITH2,4,Provincia Autonoma Trento,P.A. Trento,541380,108108,19.97,0.26
1806,2021-05-14,PAT,5328,2545,2783,3640,1391,297,ITH,ITH2,4,Provincia Autonoma Trento,P.A. Trento,541380,113436,20.95,0.98
1807,2021-04-14,PAT,3120,1465,1655,2230,737,153,ITH,ITH2,4,Provincia Autonoma Trento,P.A. Trento,541380,116556,21.53,0.58
1808,2021-03-28,PAT,754,295,459,706,2,46,ITH,ITH2,4,Provincia Autonoma Trento,P.A. Trento,541380,117310,21.67,0.14
1809,2021-01-04,PAT,874,231,643,872,0,2,ITH,ITH2,4,Provincia Autonoma Trento,P.A. Trento,541380,118184,21.83,0.16
1810,2021-07-06,PAT,5011,2637,2374,2951,1877,183,ITH,ITH2,4,Provincia Autonoma Trento,P.A. Trento,541380,123195,22.76,0.93
1811,2021-01-18,PAT,645,155,490,590,55,0,ITH,ITH2,4,Provincia Autonoma Trento,P.A. Trento,541380,123840,22.87,0.12
1812,2021-06-10,PAT,6135,2983,3152,1790,4216,129,ITH,ITH2,4,Provincia Autonoma Trento,P.A. Trento,541380,129975,24.01,1.13
1813,2021-03-04,PAT,2364,795,1569,1541,781,42,ITH,ITH2,4,Provincia Autonoma Trento,P.A. Trento,541380,132339,24.44,0.44
1814,2021-02-20,PAT,407,245,162,122,284,1,ITH,ITH2,4,Provincia Autonoma Trento,P.A. Trento,541380,132746,24.52,0.08
1815,2021-05-29,PAT,2243,1169,1074,755,1403,85,ITH,ITH2,4,Provincia Autonoma Trento,P.A. Trento,541380,134989,24.93,0.41
1816,2021-04-02,PAT,2850,1160,1690,2012,677,161,ITH,ITH2,4,Provincia Autonoma Trento,P.A. Trento,541380,137839,25.46,0.53
1817,2021-04-16,PAT,2870,1362,1508,2569,145,156,ITH,ITH2,4,Provincia Autonoma Trento,P.A. Trento,541380,140709,25.99,0.53
1818,2021-02-18,PAT,1405,490,915,1327,64,14,ITH,ITH2,4,Provincia Autonoma Trento,P.A. Trento,541380,142114,26.25,0.26
1819,2021-07-25,PAT,342,192,150,122,211,9,ITH,ITH2,4,Provincia Autonoma Trento,P.A. Trento,541380,142456,26.31,0.06
1820,2021-04-28,PAT,4256,1979,2277,3870,138,248,ITH,ITH2,4,Provincia Autonoma Trento,P.A. Trento,541380,146712,27.1,0.79
1821,2021-04-01,PAT,2913,1234,1679,1721,1101,91,ITH,ITH2,4,Provincia Autonoma Trento,P.A. Trento,541380,149625,27.64,0.54
1822,2021-07-10,PAT,1047,540,507,138,883,26,ITH,ITH2,4,Provincia Autonoma Trento,P.A. Trento,541380,150672,27.83,0.19
1823,2021-06-19,PAT,3101,1697,1404,232,2840,29,ITH,ITH2,4,Provincia Autonoma Trento,P.A. Trento,541380,153773,28.4,0.57
1824,2021-07-08,PAT,3974,2114,1860,2371,1439,164,ITH,ITH2,4,Provincia Autonoma Trento,P.A. Trento,541380,157747,29.14,0.73
1825,2021-02-04,PAT,976,304,672,421,554,1,ITH,ITH2,4,Provincia Autonoma Trento,P.A. Trento,541380,158723,29.32,0.18
1826,2021-04-13,PAT,2556,1059,1497,1970,507,79,ITH,ITH2,4,Provincia Autonoma Trento,P.A. Trento,541380,161279,29.79,0.47
1827,2021-01-20,PAT,292,73,219,280,12,0,ITH,ITH2,4,Provincia Autonoma Trento,P.A. Trento,541380,161571,29.84,0.05
1828,2021-04-30,PAT,4942,2410,2532,4415,153,374,ITH,ITH2,4,Provincia Autonoma Trento,P.A. Trento,541380,166513,30.76,0.91
1829,2021-06-09,PAT,6250,3082,3168,2091,4082,77,ITH,ITH2,4,Provincia Autonoma Trento,P.A. Trento,541380,172763,31.91,1.15
1830,2021-06-26,PAT,1395,729,666,661,717,17,ITH,ITH2,4,Provincia Autonoma Trento,P.A. Trento,541380,174158,32.17,0.26
1831,2021-06-28,PAT,6766,3488,3278,2897,3802,67,ITH,ITH2,4,Provincia Autonoma Trento,P.A. Trento,541380,180924,33.42,1.25
1832,2021-04-06,PAT,2266,955,1311,1442,767,57,ITH,ITH2,4,Provincia Autonoma Trento,P.A. Trento,541380,183190,33.84,0.42
1833,2021-07-15,PAT,4020,2127,1893,1599,2292,129,ITH,ITH2,4,Provincia Autonoma Trento,P.A. Trento,541380,187210,34.58,0.74
1834,2021-01-13,PAT,422,123,299,422,0,0,ITH,ITH2,4,Provincia Autonoma Trento,P.A. Trento,541380,187632,34.66,0.08
1835,2021-02-08,PAT,1154,319,835,343,811,0,ITH,ITH2,4,Provincia Autonoma Trento,P.A. Trento,541380,188786,34.87,0.21
1836,2021-07-17,PAT,1050,510,540,253,780,17,ITH,ITH2,4,Provincia Autonoma Trento,P.A. Trento,541380,189836,35.07,0.19
1837,2021-05-21,PAT,5069,2425,2644,3082,1719,268,ITH,ITH2,4,Provincia Autonoma Trento,P.A. Trento,541380,194905,36.0,0.94
1838,2021-07-24,PAT,888,494,394,474,395,19,ITH,ITH2,4,Provincia Autonoma Trento,P.A. Trento,541380,195793,36.17,0.16
1839,2021-05-02,PAT,3516,1955,1561,3264,37,215,ITH,ITH2,4,Provincia Autonoma Trento,P.A. Trento,541380,199309,36.81,0.65
1840,2021-01-08,PAT,1461,316,1145,1460,0,1,ITH,ITH2,4,Provincia Autonoma Trento,P.A. Trento,541380,200770,37.08,0.27
1841,2021-06-14,PAT,5746,2971,2775,2020,3615,111,ITH,ITH2,4,Provincia Autonoma Trento,P.A. Trento,541380,206516,38.15,1.06
1842,2021-04-18,PAT,1855,845,1010,1788,9,58,ITH,ITH2,4,Provincia Autonoma Trento,P.A. Trento,541380,208371,38.49,0.34
1843,2021-03-06,PAT,789,278,511,597,152,40,ITH,ITH2,4,Provincia Autonoma Trento,P.A. Trento,541380,209160,38.63,0.15
1844,2021-04-11,PAT,2340,1135,1205,2161,91,88,ITH,ITH2,4,Provincia Autonoma Trento,P.A. Trento,541380,211500,39.07,0.43
1845,2021-02-27,PAT,1032,458,574,590,422,20,ITH,ITH2,4,Provincia Autonoma Trento,P.A. Trento,541380,212532,39.26,0.19
1846,2021-08-03,PAT,5815,3141,2674,2273,3439,103,ITH,ITH2,4,Provincia Autonoma Trento,P.A. Trento,541380,218347,40.33,1.07
1847,2021-01-27,PAT,814,282,532,93,719,2,ITH,ITH2,4,Provincia Autonoma Trento,P.A. Trento,541380,219161,40.48,0.15
1848,2021-02-13,PAT,538,333,205,172,366,0,ITH,ITH2,4,Provincia Autonoma Trento,P.A. Trento,541380,219699,40.58,0.1
1849,2021-05-07,PAT,6004,3089,2915,4795,841,368,ITH,ITH2,4,Provincia Autonoma Trento,P.A. Trento,541380,225703,41.69,1.11
1850,2021-04-20,PAT,2880,1377,1503,2665,36,179,ITH,ITH2,4,Provincia Autonoma Trento,P.A. Trento,541380,228583,42.22,0.53
1851,2021-05-09,PAT,2324,1210,1114,1847,344,133,ITH,ITH2,4,Provincia Autonoma Trento,P.A. Trento,541380,230907,42.65,0.43
1852,2021-01-06,PAT,42,13,29,42,0,0,ITH,ITH2,4,Provincia Autonoma Trento,P.A. Trento,541380,230949,42.66,0.01
1853,2021-08-05,PAT,5008,2735,2273,2261,2638,109,ITH,ITH2,4,Provincia Autonoma Trento,P.A. Trento,541380,235957,43.58,0.93
1854,2021-07-29,PAT,5151,2724,2427,2399,2643,109,ITH,ITH2,4,Provincia Autonoma Trento,P.A. Trento,541380,241108,44.54,0.95
1855,2021-06-16,PAT,6224,3354,2870,1943,4158,123,ITH,ITH2,4,Provincia Autonoma Trento,P.A. Trento,541380,247332,45.69,1.15
1856,2021-03-15,PAT,1412,545,867,894,464,54,ITH,ITH2,4,Provincia Autonoma Trento,P.A. Trento,541380,248744,45.95,0.26
1857,2021-01-17,PAT,252,196,56,252,0,0,ITH,ITH2,4,Provincia Autonoma Trento,P.A. Trento,541380,248996,45.99,0.05
1858,2021-06-23,PAT,6526,3454,3072,4475,1861,190,ITH,ITH2,4,Provincia Autonoma Trento,P.A. Trento,541380,255522,47.2,1.21
1859,2021-05-11,PAT,3709,1754,1955,2619,855,235,ITH,ITH2,4,Provincia Autonoma Trento,P.A. Trento,541380,259231,47.88,0.69
1860,2021-04-27,PAT,3916,1882,2034,3568,69,279,ITH,ITH2,4,Provincia Autonoma Trento,P.A. Trento,541380,263147,48.61,0.72
1861,2021-05-19,PAT,5106,2462,2644,3602,1257,247,ITH,ITH2,4,Provincia Autonoma Trento,P.A. Trento,541380,268253,49.55,0.94
1862,2021-06-02,PAT,2841,1360,1481,882,1895,64,ITH,ITH2,4,Provincia Autonoma Trento,P.A. Trento,541380,271094,50.07,0.52
1863,2021-03-11,PAT,2520,930,1590,1445,1018,57,ITH,ITH2,4,Provincia Autonoma Trento,P.A. Trento,541380,273614,50.54,0.47
1864,2021-07-22,PAT,4539,2443,2096,1762,2650,127,ITH,ITH2,4,Provincia Autonoma Trento,P.A. Trento,541380,278153,51.38,0.84
1865,2021-07-07,PAT,4352,2334,2018,2770,1384,198,ITH,ITH2,4,Provincia Autonoma Trento,P.A. Trento,541380,282505,52.18,0.8
1866,2021-01-03,PAT,493,160,333,493,0,0,ITH,ITH2,4,Provincia Autonoma Trento,P.A. Trento,541380,282998,52.27,0.09
1867,2021-03-13,PAT,837,385,452,719,48,70,ITH,ITH2,4,Provincia Autonoma Trento,P.A. Trento,541380,283835,52.43,0.15
1868,2021-07-05,PAT,5248,2749,2499,3643,1362,243,ITH,ITH2,4,Provincia Autonoma Trento,P.A. Trento,541380,289083,53.4,0.97
1869,2021-06-21,PAT,6136,3314,2822,3568,2389,179,ITH,ITH2,4,Provincia Autonoma Trento,P.A. Trento,541380,295219,54.53,1.13
1870,2021-04-29,PAT,4653,2246,2407,4139,210,304,ITH,ITH2,4,Provincia Autonoma Trento,P.A. Trento,541380,299872,55.39,0.86
1871,2021-01-22,PAT,1676,436,1240,329,1345,2,ITH,ITH2,4,Provincia Autonoma Trento,P.A. Trento,541380,301548,55.7,0.31
1872,2021-02-12,PAT,1014,341,673,589,423,2,ITH,ITH2,4,Provincia Autonoma Trento,P.A. Trento,541380,302562,55.89,0.19
1873,2021-03-01,PAT,1238,455,783,918,296,24,ITH,ITH2,4,Provincia Autonoma Trento,P.A. Trento,541380,303800,56.12,0.23
1874,2021-03-20,PAT,874,403,471,658,203,13,ITH,ITH2,4,Provincia Autonoma Trento,P.A. Trento,541380,304674,56.28,0.16
1875,2021-03-03,PAT,1659,622,1037,1106,518,35,ITH,ITH2,4,Provincia Autonoma Trento,P.A. Trento,541380,306333,56.58,0.31
1876,2021-02-01,PAT,1229,339,890,92,1137,0,ITH,ITH2,4,Provincia Autonoma Trento,P.A. Trento,541380,307562,56.81,0.23
1877,2021-02-03,PAT,850,316,534,414,436,0,ITH,ITH2,4,Provincia Autonoma Trento,P.A. Trento,541380,308412,56.97,0.16
1878,2021-07-19,PAT,4613,2418,2195,1349,3145,119,ITH,ITH2,4,Provincia Autonoma Trento,P.A. Trento,541380,313025,57.82,0.85
1879,2021-05-23,PAT,1958,995,963,420,1510,28,ITH,ITH2,4,Provincia Autonoma Trento,P.A. Trento,541380,314983,58.18,0.36
1880,2021-04-10,PAT,2826,1324,1502,1950,798,78,ITH,ITH2,4,Provincia Autonoma Trento,P.A. Trento,541380,317809,58.7,0.52
1881,2021-02-10,PAT,854,291,563,511,342,1,ITH,ITH2,4,Provincia Autonoma Trento,P.A. Trento,541380,318663,58.86,0.16
1882,2021-07-26,PAT,3740,1970,1770,773,2907,60,ITH,ITH2,4,Provincia Autonoma Trento,P.A. Trento,541380,322403,59.55,0.69
1883,2021-02-15,PAT,535,189,346,418,115,2,ITH,ITH2,4,Provincia Autonoma Trento,P.A. Trento,541380,322938,59.65,0.1
1884,2021-05-26,PAT,3919,1843,2076,1105,2694,120,ITH,ITH2,4,Provincia Autonoma Trento,P.A. Trento,541380,326857,60.37,0.72
1885,2021-08-02,PAT,5111,2710,2401,1446,3607,58,ITH,ITH2,4,Provincia Autonoma Trento,P.A. Trento,541380,331968,61.32,0.94
1886,2021-05-04,PAT,4514,2449,2065,4122,96,296,ITH,ITH2,4,Provincia Autonoma Trento,P.A. Trento,541380,336482,62.15,0.83
1887,2021-03-08,PAT,1410,433,977,1026,354,30,ITH,ITH2,4,Provincia Autonoma Trento,P.A. Trento,541380,337892,62.41,0.26
1888,2021-03-22,PAT,2307,974,1333,1375,875,57,ITH,ITH2,4,Provincia Autonoma Trento,P.A. Trento,541380,340199,62.84,0.43
1889,2021-01-24,PAT,549,277,272,225,324,0,ITH,ITH2,4,Provincia Autonoma Trento,P.A. Trento,541380,340748,62.94,0.1
1890,2021-06-30,PAT,6678,3436,3242,2603,3992,83,ITH,ITH2,4,Provincia Autonoma Trento,P.A. Trento,541380,347426,64.17,1.23
1891,2021-01-01,PAT,214,50,164,214,0,0,ITH,ITH2,4,Provincia Autonoma Trento,P.A. Trento,541380,347640,64.21,0.04
1892,2021-06-07,PAT,5800,2887,2913,2641,2990,169,ITH,ITH2,4,Provincia Autonoma Trento,P.A. Trento,541380,353440,65.29,1.07
1893,2021-04-25,PAT,1971,940,1031,1848,7,116,ITH,ITH2,4,Provincia Autonoma Trento,P.A. Trento,541380,355411,65.65,0.36
1894,2021-06-25,PAT,7516,4026,3490,4043,3381,92,ITH,ITH2,4,Provincia Autonoma Trento,P.A. Trento,541380,362927,67.04,1.39
1895,2021-02-05,PAT,807,274,533,283,524,0,ITH,ITH2,4,Provincia Autonoma Trento,P.A. Trento,541380,363734,67.19,0.15
1896,2021-05-16,PAT,1331,736,595,1025,239,67,ITH,ITH2,4,Provincia Autonoma Trento,P.A. Trento,541380,365065,67.43,0.25
1897,2021-01-05,PAT,713,235,478,713,0,0,ITH,ITH2,4,Provincia Autonoma Trento,P.A. Trento,541380,365778,67.56,0.13
1898,2021-04-15,PAT,3204,1444,1760,2810,154,240,ITH,ITH2,4,Provincia Autonoma Trento,P.A. Trento,541380,368982,68.16,0.59
1899,2021-06-18,PAT,6950,3696,3254,1750,5114,86,ITH,ITH2,4,Provincia Autonoma Trento,P.A. Trento,541380,375932,69.44,1.28
1900,2021-01-31,PAT,76,16,60,1,75,0,ITH,ITH2,4,Provincia Autonoma Trento,P.A. Trento,541380,376008,69.45,0.01
1901,2021-07-04,PAT,213,120,93,61,150,2,ITH,ITH2,4,Provincia Autonoma Trento,P.A. Trento,541380,376221,69.49,0.04
1902,2021-07-11,PAT,999,550,449,121,869,9,ITH,ITH2,4,Provincia Autonoma Trento,P.A. Trento,541380,377220,69.68,0.18
1903,2021-04-08,PAT,3143,1317,1826,1932,1119,92,ITH,ITH2,4,Provincia Autonoma Trento,P.A. Trento,541380,380363,70.26,0.58
1904,2020-12-31,PAT,1631,450,1181,1631,0,0,ITH,ITH2,4,Provincia Autonoma Trento,P.A. Trento,541380,381994,70.56,0.3
1905,2021-06-22,PAT,6219,3391,2828,3502,2534,183,ITH,ITH2,4,Provincia Autonoma Trento,P.A. Trento,541380,388213,71.71,1.15
1906,2021-03-05,PAT,2250,704,1546,1592,566,92,ITH,ITH2,4,Provincia Autonoma Trento,P.A. Trento,541380,390463,72.12,0.42
1907,2021-01-07,PAT,1272,310,962,1269,0,3,ITH,ITH2,4,Provincia Autonoma Trento,P.A. Trento,541380,391735,72.36,0.23
1908,2021-04-17,PAT,2234,1140,1094,2071,57,106,ITH,ITH2,4,Provincia Autonoma Trento,P.A. Trento,541380,393969,72.77,0.41
1909,2021-04-19,PAT,2627,1236,1391,2420,22,185,ITH,ITH2,4,Provincia Autonoma Trento,P.A. Trento,541380,396596,73.26,0.49
1910,2021-07-28,PAT,4591,2501,2090,1974,2501,116,ITH,ITH2,4,Provincia Autonoma Trento,P.A. Trento,541380,401187,74.1,0.85
1911,2021-06-15,PAT,6247,3289,2958,1603,4515,129,ITH,ITH2,4,Provincia Autonoma Trento,P.A. Trento,541380,407434,75.26,1.15
1912,2021-01-10,PAT,85,20,65,85,0,0,ITH,ITH2,4,Provincia Autonoma Trento,P.A. Trento,541380,407519,75.27,0.02
1913,2021-01-29,PAT,1361,334,1027,55,1306,0,ITH,ITH2,4,Provincia Autonoma Trento,P.A. Trento,541380,408880,75.53,0.25
1914,2021-07-14,PAT,3977,2071,1906,1595,2276,106,ITH,ITH2,4,Provincia Autonoma Trento,P.A. Trento,541380,412857,76.26,0.73
1915,2021-06-11,PAT,7216,3434,3782,1478,5638,100,ITH,ITH2,4,Provincia Autonoma Trento,P.A. Trento,541380,420073,77.59,1.33
1916,2021-06-13,PAT,3688,2033,1655,275,3390,23,ITH,ITH2,4,Provincia Autonoma Trento,P.A. Trento,541380,423761,78.27,0.68
1917,2020-12-27,PAT,103,40,63,103,0,0,ITH,ITH2,4,Provincia Autonoma Trento,P.A. Trento,541380,423864,78.29,0.02
1918,2021-07-30,PAT,5528,2932,2596,2086,3351,91,ITH,ITH2,4,Provincia Autonoma Trento,P.A. Trento,541380,429392,79.31,1.02
1919,2021-05-25,PAT,4774,2270,2504,1722,2906,146,ITH,ITH2,4,Provincia Autonoma Trento,P.A. Trento,541380,434166,80.2,0.88
1920,2021-05-08,PAT,3164,1726,1438,2546,422,196,ITH,ITH2,4,Provincia Autonoma Trento,P.A. Trento,541380,437330,80.78,0.58
1921,2021-02-14,PAT,247,187,60,11,236,0,ITH,ITH2,4,Provincia Autonoma Trento,P.A. Trento,541380,437577,80.83,0.05
1922,2021-07-02,PAT,7186,3904,3282,3427,3537,222,ITH,ITH2,4,Provincia Autonoma Trento,P.A. Trento,541380,444763,82.15,1.33
1923,2021-01-15,PAT,599,134,465,598,0,1,ITH,ITH2,4,Provincia Autonoma Trento,P.A. Trento,541380,445362,82.26,0.11
1924,2021-03-27,PAT,1621,711,910,1286,258,77,ITH,ITH2,4,Provincia Autonoma Trento,P.A. Trento,541380,446983,82.56,0.3
1925,2021-06-04,PAT,5839,2610,3229,1717,4001,121,ITH,ITH2,4,Provincia Autonoma Trento,P.A. Trento,541380,452822,83.64,1.08
1926,2021-02-24,PAT,1327,525,802,907,399,21,ITH,ITH2,4,Provincia Autonoma Trento,P.A. Trento,541380,454149,83.89,0.25
1927,2021-06-03,PAT,4775,2238,2537,1210,3473,92,ITH,ITH2,4,Provincia Autonoma Trento,P.A. Trento,541380,458924,84.77,0.88
1928,2021-01-19,PAT,408,78,330,408,0,0,ITH,ITH2,4,Provincia Autonoma Trento,P.A. Trento,541380,459332,84.84,0.08
1929,2021-04-22,PAT,3152,1471,1681,2932,45,175,ITH,ITH2,4,Provincia Autonoma Trento,P.A. Trento,541380,462484,85.43,0.58
1930,2021-07-31,PAT,1369,779,590,983,353,33,ITH,ITH2,4,Provincia Autonoma Trento,P.A. Trento,541380,463853,85.68,0.25
1931,2021-04-07,PAT,2632,1020,1612,1569,944,119,ITH,ITH2,4,Provincia Autonoma Trento,P.A. Trento,541380,466485,86.17,0.49
1932,2021-07-16,PAT,4374,2242,2132,1626,2607,141,ITH,ITH2,4,Provincia Autonoma Trento,P.A. Trento,541380,470859,86.97,0.81
1933,2021-07-21,PAT,4459,2388,2071,1403,2970,86,ITH,ITH2,4,Provincia Autonoma Trento,P.A. Trento,541380,475318,87.8,0.82
1934,2021-02-22,PAT,747,259,488,657,84,6,ITH,ITH2,4,Provincia Autonoma Trento,P.A. Trento,541380,476065,87.94,0.14
1935,2021-05-18,PAT,4256,2011,2245,3132,846,278,ITH,ITH2,4,Provincia Autonoma Trento,P.A. Trento,541380,480321,88.72,0.79
1936,2021-06-27,PAT,1305,699,606,361,939,5,ITH,ITH2,4,Provincia Autonoma Trento,P.A. Trento,541380,481626,88.96,0.24
1937,2021-01-12,PAT,507,158,349,506,0,1,ITH,ITH2,4,Provincia Autonoma Trento,P.A. Trento,541380,482133,89.06,0.09
1938,2021-03-19,PAT,2424,915,1509,1492,853,79,ITH,ITH2,4,Provincia Autonoma Trento,P.A. Trento,541380,484557,89.5,0.45
1939,2021-04-05,PAT,35,17,18,30,2,3,ITH,ITH2,4,Provincia Autonoma Trento,P.A. Trento,541380,484592,89.51,0.01
1940,2021-07-23,PAT,4454,2294,2160,1520,2815,119,ITH,ITH2,4,Provincia Autonoma Trento,P.A. Trento,541380,489046,90.33,0.82
1941,2021-03-10,PAT,2412,930,1482,1426,928,58,ITH,ITH2,4,Provincia Autonoma Trento,P.A. Trento,541380,491458,90.78,0.45
1942,2021-05-27,PAT,4301,1994,2307,1126,3046,129,ITH,ITH2,4,Provincia Autonoma Trento,P.A. Trento,541380,495759,91.57,0.79
1943,2021-03-12,PAT,2520,941,1579,1642,807,71,ITH,ITH2,4,Provincia Autonoma Trento,P.A. Trento,541380,498279,92.04,0.47
1944,2021-06-20,PAT,1871,1035,836,28,1838,5,ITH,ITH2,4,Provincia Autonoma Trento,P.A. Trento,541380,500150,92.38,0.35
1945,2021-01-02,PAT,504,143,361,504,0,0,ITH,ITH2,4,Provincia Autonoma Trento,P.A. Trento,541380,500654,92.48,0.09
1946,2021-03-29,PAT,2496,968,1528,1641,735,120,ITH,ITH2,4,Provincia Autonoma Trento,P.A. Trento,541380,503150,92.94,0.46
1947,2021-04-12,PAT,3088,1411,1677,2468,497,123,ITH,ITH2,4,Provincia Autonoma Trento,P.A. Trento,541380,506238,93.51,0.57
1948,2021-05-20,PAT,5020,2360,2660,3107,1637,276,ITH,ITH2,4,Provincia Autonoma Trento,P.A. Trento,541380,511258,94.44,0.93
1949,2021-03-24,PAT,2382,941,1441,1446,821,115,ITH,ITH2,4,Provincia Autonoma Trento,P.A. Trento,541380,513640,94.88,0.44
1950,2021-02-09,PAT,920,289,631,442,477,1,ITH,ITH2,4,Provincia Autonoma Trento,P.A. Trento,541380,514560,95.05,0.17
1951,2021-03-17,PAT,2073,793,1280,1118,872,83,ITH,ITH2,4,Provincia Autonoma Trento,P.A. Trento,541380,516633,95.43,0.38
1952,2021-02-02,PAT,911,240,671,191,720,0,ITH,ITH2,4,Provincia Autonoma Trento,P.A. Trento,541380,517544,95.6,0.17
1953,2021-07-09,PAT,4927,2620,2307,2874,1842,211,ITH,ITH2,4,Provincia Autonoma Trento,P.A. Trento,541380,522471,96.51,0.91
1954,2021-05-13,PAT,3411,1581,1830,2087,1104,220,ITH,ITH2,4,Provincia Autonoma Trento,P.A. Trento,541380,525882,97.14,0.63
1955,2021-03-31,PAT,2590,983,1607,1633,860,97,ITH,ITH2,4,Provincia Autonoma Trento,P.A. Trento,541380,528472,97.62,0.48
1956,2021-01-26,PAT,543,154,389,27,516,0,ITH,ITH2,4,Provincia Autonoma Trento,P.A. Trento,541380,529015,97.72,0.1
1957,2021-05-06,PAT,5540,2746,2794,4386,780,374,ITH,ITH2,4,Provincia Autonoma Trento,P.A. Trento,541380,534555,98.74,1.02
1958,2021-01-21,PAT,354,96,258,230,124,0,ITH,ITH2,4,Provincia Autonoma Trento,P.A. Trento,541380,534909,98.8,0.07
1959,2021-05-01,PAT,4854,2471,2383,4527,36,291,ITH,ITH2,4,Provincia Autonoma Trento,P.A. Trento,541380,539763,99.7,0.9
1960,2021-02-21,PAT,156,93,63,43,113,0,ITH,ITH2,4,Provincia Autonoma Trento,P.A. Trento,541380,539919,99.73,0.03
1961,2021-05-15,PAT,1570,815,755,638,891,41,ITH,ITH2,4,Provincia Autonoma Trento,P.A. Trento,541380,541489,100.02,0.29
1962,2021-06-01,PAT,4024,1882,2142,1052,2863,109,ITH,ITH2,4,Provincia Autonoma Trento,P.A. Trento,541380,545513,100.76,0.74
1963,2021-03-23,PAT,2450,945,1505,1609,742,99,ITH,ITH2,4,Provincia Autonoma Trento,P.A. Trento,541380,547963,101.22,0.45
1964,2021-05-28,PAT,3730,1739,1991,1362,2233,135,ITH,ITH2,4,Provincia Autonoma Trento,P.A. Trento,541380,551693,101.9,0.69
1965,2021-01-25,PAT,821,217,604,24,797,0,ITH,ITH2,4,Provincia Autonoma Trento,P.A. Trento,541380,552514,102.06,0.15
1966,2021-03-25,PAT,2877,1106,1771,1721,1049,107,ITH,ITH2,4,Provincia Autonoma Trento,P.A. Trento,541380,555391,102.59,0.53
1967,2021-07-03,PAT,1248,668,580,76,1166,6,ITH,ITH2,4,Provincia Autonoma Trento,P.A. Trento,541380,556639,102.82,0.23
1968,2021-03-30,PAT,2391,974,1417,1653,638,100,ITH,ITH2,4,Provincia Autonoma Trento,P.A. Trento,541380,559030,103.26,0.44
1969,2021-06-06,PAT,2233,1064,1169,425,1787,21,ITH,ITH2,4,Provincia Autonoma Trento,P.A. Trento,541380,561263,103.67,0.41
1970,2021-07-12,PAT,4066,2033,2033,1941,1948,177,ITH,ITH2,4,Provincia Autonoma Trento,P.A. Trento,541380,565329,104.42,0.75
1971,2021-02-17,PAT,1126,429,697,1029,92,5,ITH,ITH2,4,Provincia Autonoma Trento,P.A. Trento,541380,566455,104.63,0.21
1972,2021-05-30,PAT,1770,872,898,862,840,68,ITH,ITH2,4,Provincia Autonoma Trento,P.A. Trento,541380,568225,104.96,0.33
1973,2021-04-03,PAT,1145,471,674,906,173,66,ITH,ITH2,4,Provincia Autonoma Trento,P.A. Trento,541380,569370,105.17,0.21
1974,2021-04-24,PAT,3551,1701,1850,3335,15,201,ITH,ITH2,4,Provincia Autonoma Trento,P.A. Trento,541380,572921,105.83,0.66
1975,2021-02-26,PAT,1219,435,784,901,295,23,ITH,ITH2,4,Provincia Autonoma Trento,P.A. Trento,541380,574140,106.05,0.23
1976,2021-01-14,PAT,701,203,498,699,0,2,ITH,ITH2,4,Provincia Autonoma Trento,P.A. Trento,541380,574841,106.18,0.13
1977,2021-02-28,PAT,242,121,121,232,0,10,ITH,ITH2,4,Provincia Autonoma Trento,P.A. Trento,541380,575083,106.23,0.04
1978,2021-08-04,PAT,5537,2962,2575,2227,3184,126,ITH,ITH2,4,Provincia Autonoma Trento,P.A. Trento,541380,580620,107.25,1.02
1979,2021-06-08,PAT,5935,2869,3066,1762,4058,115,ITH,ITH2,4,Provincia Autonoma Trento,P.A. Trento,541380,586555,108.34,1.1
1980,2021-04-26,PAT,2661,1255,1406,2401,95,165,ITH,ITH2,4,Provincia Autonoma Trento,P.A. Trento,541380,589216,108.84,0.49
1981,2021-02-19,PAT,930,359,571,839,59,32,ITH,ITH2,4,Provincia Autonoma Trento,P.A. Trento,541380,590146,109.01,0.17
1982,2021-07-16,PAB,4501,2441,2060,1049,3313,139,ITH,ITH1,4,Provincia Autonoma Bolzano / Bozen,P.A. Bolzano,533050,4501,0.84,0.84
1983,2021-04-24,PAB,5110,2452,2658,4289,485,336,ITH,ITH1,4,Provincia Autonoma Bolzano / Bozen,P.A. Bolzano,533050,9611,1.8,0.96
1984,2021-08-02,PAB,2110,1264,846,1167,873,70,ITH,ITH1,4,Provincia Autonoma Bolzano / Bozen,P.A. Bolzano,533050,11721,2.2,0.4
1985,2021-07-14,PAB,867,450,417,472,359,36,ITH,ITH1,4,Provincia Autonoma Bolzano / Bozen,P.A. Bolzano,533050,12588,2.36,0.16
1986,2021-04-05,PAB,301,144,157,22,278,1,ITH,ITH1,4,Provincia Autonoma Bolzano / Bozen,P.A. Bolzano,533050,12889,2.42,0.06
1987,2021-06-27,PAB,4425,2314,2111,573,3807,45,ITH,ITH1,4,Provincia Autonoma Bolzano / Bozen,P.A. Bolzano,533050,17314,3.25,0.83
1988,2021-01-12,PAB,1709,459,1250,1709,0,0,ITH,ITH1,4,Provincia Autonoma Bolzano / Bozen,P.A. Bolzano,533050,19023,3.57,0.32
1989,2021-01-24,PAB,12,10,2,0,12,0,ITH,ITH1,4,Provincia Autonoma Bolzano / Bozen,P.A. Bolzano,533050,19035,3.57,0.0
1990,2021-06-06,PAB,4537,2180,2357,809,3679,49,ITH,ITH1,4,Provincia Autonoma Bolzano / Bozen,P.A. Bolzano,533050,23572,4.42,0.85
1991,2021-02-26,PAB,1528,551,977,1470,30,28,ITH,ITH1,4,Provincia Autonoma Bolzano / Bozen,P.A. Bolzano,533050,25100,4.71,0.29
1992,2021-06-01,PAB,3640,2369,1271,2028,1474,138,ITH,ITH1,4,Provincia Autonoma Bolzano / Bozen,P.A. Bolzano,533050,28740,5.39,0.68
1993,2021-02-19,PAB,2252,512,1740,2192,11,49,ITH,ITH1,4,Provincia Autonoma Bolzano / Bozen,P.A. Bolzano,533050,30992,5.81,0.42
1994,2021-06-20,PAB,5236,2848,2388,594,4594,48,ITH,ITH1,4,Provincia Autonoma Bolzano / Bozen,P.A. Bolzano,533050,36228,6.8,0.98
1995,2021-02-07,PAB,2364,1059,1305,14,2350,0,ITH,ITH1,4,Provincia Autonoma Bolzano / Bozen,P.A. Bolzano,533050,38592,7.24,0.44
1996,2021-05-18,PAB,3345,1755,1590,2053,1188,104,ITH,ITH1,4,Provincia Autonoma Bolzano / Bozen,P.A. Bolzano,533050,41937,7.87,0.63
1997,2021-03-22,PAB,1162,528,634,1110,21,31,ITH,ITH1,4,Provincia Autonoma Bolzano / Bozen,P.A. Bolzano,533050,43099,8.09,0.22
1998,2021-02-12,PAB,730,217,513,464,248,18,ITH,ITH1,4,Provincia Autonoma Bolzano / Bozen,P.A. Bolzano,533050,43829,8.22,0.14
1999,2021-04-10,PAB,5397,2667,2730,4634,588,175,ITH,ITH1,4,Provincia Autonoma Bolzano / Bozen,P.A. Bolzano,533050,49226,9.23,1.01
2000,2020-12-31,PAB,929,528,401,929,0,0,ITH,ITH1,4,Provincia Autonoma Bolzano / Bozen,P.A. Bolzano,533050,50155,9.41,0.17
2001,2021-04-19,PAB,1873,859,1014,1600,182,91,ITH,ITH1,4,Provincia Autonoma Bolzano / Bozen,P.A. Bolzano,533050,52028,9.76,0.35
2002,2021-06-15,PAB,2041,1181,860,478,1532,31,ITH,ITH1,4,Provincia Autonoma Bolzano / Bozen,P.A. Bolzano,533050,54069,10.14,0.38
2003,2021-07-28,PAB,1426,779,647,872,490,64,ITH,ITH1,4,Provincia Autonoma Bolzano / Bozen,P.A. Bolzano,533050,55495,10.41,0.27
2004,2021-01-26,PAB,810,291,519,1,809,0,ITH,ITH1,4,Provincia Autonoma Bolzano / Bozen,P.A. Bolzano,533050,56305,10.56,0.15
2005,2021-07-02,PAB,3202,1658,1544,856,2172,174,ITH,ITH1,4,Provincia Autonoma Bolzano / Bozen,P.A. Bolzano,533050,59507,11.16,0.6
2006,2021-03-24,PAB,2064,999,1065,1997,13,54,ITH,ITH1,4,Provincia Autonoma Bolzano / Bozen,P.A. Bolzano,533050,61571,11.55,0.39
2007,2021-03-10,PAB,1269,530,739,1074,143,52,ITH,ITH1,4,Provincia Autonoma Bolzano / Bozen,P.A. Bolzano,533050,62840,11.79,0.24
2008,2021-05-06,PAB,5187,2749,2438,2349,2569,269,ITH,ITH1,4,Provincia Autonoma Bolzano / Bozen,P.A. Bolzano,533050,68027,12.76,0.97
2009,2021-05-20,PAB,4935,2479,2456,3285,1471,179,ITH,ITH1,4,Provincia Autonoma Bolzano / Bozen,P.A. Bolzano,533050,72962,13.69,0.93
2010,2021-07-09,PAB,5218,2609,2609,907,4162,149,ITH,ITH1,4,Provincia Autonoma Bolzano / Bozen,P.A. Bolzano,533050,78180,14.67,0.98
2011,2021-03-31,PAB,1832,694,1138,727,1011,94,ITH,ITH1,4,Provincia Autonoma Bolzano / Bozen,P.A. Bolzano,533050,80012,15.01,0.34
2012,2021-06-29,PAB,1877,1013,864,239,1617,21,ITH,ITH1,4,Provincia Autonoma Bolzano / Bozen,P.A. Bolzano,533050,81889,15.36,0.35
2013,2021-03-21,PAB,768,285,483,13,754,1,ITH,ITH1,4,Provincia Autonoma Bolzano / Bozen,P.A. Bolzano,533050,82657,15.51,0.14
2014,2021-06-12,PAB,5067,2752,2315,1649,3288,130,ITH,ITH1,4,Provincia Autonoma Bolzano / Bozen,P.A. Bolzano,533050,87724,16.46,0.95
2015,2021-08-04,PAB,3008,1597,1411,2176,832,0,ITH,ITH1,4,Provincia Autonoma Bolzano / Bozen,P.A. Bolzano,533050,90732,17.02,0.56
2016,2021-06-08,PAB,4211,2151,2060,863,3320,28,ITH,ITH1,4,Provincia Autonoma Bolzano / Bozen,P.A. Bolzano,533050,94943,17.81,0.79
2017,2021-05-01,PAB,2105,1067,1038,1811,160,134,ITH,ITH1,4,Provincia Autonoma Bolzano / Bozen,P.A. Bolzano,533050,97048,18.21,0.39
2018,2021-03-12,PAB,1665,734,931,1220,413,32,ITH,ITH1,4,Provincia Autonoma Bolzano / Bozen,P.A. Bolzano,533050,98713,18.52,0.31
2019,2021-03-29,PAB,1172,500,672,390,760,22,ITH,ITH1,4,Provincia Autonoma Bolzano / Bozen,P.A. Bolzano,533050,99885,18.74,0.22
2020,2021-03-05,PAB,1841,625,1216,1381,443,17,ITH,ITH1,4,Provincia Autonoma Bolzano / Bozen,P.A. Bolzano,533050,101726,19.08,0.35
2021,2021-05-27,PAB,6176,3253,2923,3827,2012,337,ITH,ITH1,4,Provincia Autonoma Bolzano / Bozen,P.A. Bolzano,533050,107902,20.24,1.16
2022,2021-06-13,PAB,3682,2049,1633,451,3191,40,ITH,ITH1,4,Provincia Autonoma Bolzano / Bozen,P.A. Bolzano,533050,111584,20.93,0.69
2023,2021-05-25,PAB,3868,2006,1862,2864,886,118,ITH,ITH1,4,Provincia Autonoma Bolzano / Bozen,P.A. Bolzano,533050,115452,21.66,0.73
2024,2021-02-14,PAB,297,130,167,295,0,2,ITH,ITH1,4,Provincia Autonoma Bolzano / Bozen,P.A. Bolzano,533050,115749,21.71,0.06
2025,2021-05-08,PAB,4427,2382,2045,3558,663,206,ITH,ITH1,4,Provincia Autonoma Bolzano / Bozen,P.A. Bolzano,533050,120176,22.54,0.83
2026,2021-03-03,PAB,1181,395,786,1144,13,24,ITH,ITH1,4,Provincia Autonoma Bolzano / Bozen,P.A. Bolzano,533050,121357,22.77,0.22
2027,2021-07-04,PAB,4416,2130,2286,160,4228,28,ITH,ITH1,4,Provincia Autonoma Bolzano / Bozen,P.A. Bolzano,533050,125773,23.59,0.83
2028,2021-05-15,PAB,7012,3693,3319,6297,294,421,ITH,ITH1,4,Provincia Autonoma Bolzano / Bozen,P.A. Bolzano,533050,132785,24.91,1.32
2029,2021-02-04,PAB,1964,596,1368,8,1956,0,ITH,ITH1,4,Provincia Autonoma Bolzano / Bozen,P.A. Bolzano,533050,134749,25.28,0.37
2030,2021-07-11,PAB,6063,3090,2973,1082,4870,111,ITH,ITH1,4,Provincia Autonoma Bolzano / Bozen,P.A. Bolzano,533050,140812,26.42,1.14
2031,2021-03-17,PAB,582,213,369,546,2,34,ITH,ITH1,4,Provincia Autonoma Bolzano / Bozen,P.A. Bolzano,533050,141394,26.53,0.11
2032,2021-05-13,PAB,2995,1355,1640,1010,1930,55,ITH,ITH1,4,Provincia Autonoma Bolzano / Bozen,P.A. Bolzano,533050,144389,27.09,0.56
2033,2021-04-29,PAB,2631,1351,1280,1731,694,206,ITH,ITH1,4,Provincia Autonoma Bolzano / Bozen,P.A. Bolzano,533050,147020,27.58,0.49
2034,2021-01-19,PAB,853,371,482,723,130,0,ITH,ITH1,4,Provincia Autonoma Bolzano / Bozen,P.A. Bolzano,533050,147873,27.74,0.16
2035,2021-06-25,PAB,4177,2307,1870,1023,3015,139,ITH,ITH1,4,Provincia Autonoma Bolzano / Bozen,P.A. Bolzano,533050,152050,28.52,0.78
2036,2021-04-17,PAB,5239,2602,2637,4945,44,250,ITH,ITH1,4,Provincia Autonoma Bolzano / Bozen,P.A. Bolzano,533050,157289,29.51,0.98
2037,2021-01-07,PAB,918,327,591,918,0,0,ITH,ITH1,4,Provincia Autonoma Bolzano / Bozen,P.A. Bolzano,533050,158207,29.68,0.17
2038,2021-07-21,PAB,3216,1880,1336,522,2642,52,ITH,ITH1,4,Provincia Autonoma Bolzano / Bozen,P.A. Bolzano,533050,161423,30.28,0.6
2039,2021-04-12,PAB,2105,946,1159,2022,7,76,ITH,ITH1,4,Provincia Autonoma Bolzano / Bozen,P.A. Bolzano,533050,163528,30.68,0.39
2040,2021-03-07,PAB,114,13,101,9,105,0,ITH,ITH1,4,Provincia Autonoma Bolzano / Bozen,P.A. Bolzano,533050,163642,30.7,0.02
2041,2021-07-23,PAB,4347,2369,1978,1689,2391,267,ITH,ITH1,4,Provincia Autonoma Bolzano / Bozen,P.A. Bolzano,533050,167989,31.51,0.82
2042,2021-01-05,PAB,830,286,544,829,0,1,ITH,ITH1,4,Provincia Autonoma Bolzano / Bozen,P.A. Bolzano,533050,168819,31.67,0.16
2043,2021-01-23,PAB,197,117,80,0,197,0,ITH,ITH1,4,Provincia Autonoma Bolzano / Bozen,P.A. Bolzano,533050,169016,31.71,0.04
2044,2021-05-03,PAB,1832,848,984,397,1414,21,ITH,ITH1,4,Provincia Autonoma Bolzano / Bozen,P.A. Bolzano,533050,170848,32.05,0.34
2045,2021-02-23,PAB,769,324,445,760,6,3,ITH,ITH1,4,Provincia Autonoma Bolzano / Bozen,P.A. Bolzano,533050,171617,32.2,0.14
2046,2021-05-17,PAB,3141,1518,1623,2268,694,179,ITH,ITH1,4,Provincia Autonoma Bolzano / Bozen,P.A. Bolzano,533050,174758,32.78,0.59
2047,2021-06-03,PAB,4848,2642,2206,3650,972,226,ITH,ITH1,4,Provincia Autonoma Bolzano / Bozen,P.A. Bolzano,533050,179606,33.69,0.91
2048,2021-01-14,PAB,1952,578,1374,1952,0,0,ITH,ITH1,4,Provincia Autonoma Bolzano / Bozen,P.A. Bolzano,533050,181558,34.06,0.37
2049,2021-04-07,PAB,1798,823,975,1162,540,96,ITH,ITH1,4,Provincia Autonoma Bolzano / Bozen,P.A. Bolzano,533050,183356,34.4,0.34
2050,2021-03-02,PAB,695,200,495,673,2,20,ITH,ITH1,4,Provincia Autonoma Bolzano / Bozen,P.A. Bolzano,533050,184051,34.53,0.13
2051,2021-03-19,PAB,1920,777,1143,749,1120,51,ITH,ITH1,4,Provincia Autonoma Bolzano / Bozen,P.A. Bolzano,533050,185971,34.89,0.36
2052,2021-04-28,PAB,2464,1302,1162,2241,5,218,ITH,ITH1,4,Provincia Autonoma Bolzano / Bozen,P.A. Bolzano,533050,188435,35.35,0.46
2053,2021-01-16,PAB,2840,1265,1575,2840,0,0,ITH,ITH1,4,Provincia Autonoma Bolzano / Bozen,P.A. Bolzano,533050,191275,35.88,0.53
2054,2021-06-10,PAB,4474,2319,2155,1288,3094,92,ITH,ITH1,4,Provincia Autonoma Bolzano / Bozen,P.A. Bolzano,533050,195749,36.72,0.84
2055,2021-01-21,PAB,968,451,517,140,828,0,ITH,ITH1,4,Provincia Autonoma Bolzano / Bozen,P.A. Bolzano,533050,196717,36.9,0.18
2056,2021-07-25,PAB,1891,1127,764,665,1146,80,ITH,ITH1,4,Provincia Autonoma Bolzano / Bozen,P.A. Bolzano,533050,198608,37.26,0.35
2057,2021-04-02,PAB,2088,839,1249,590,1357,141,ITH,ITH1,4,Provincia Autonoma Bolzano / Bozen,P.A. Bolzano,533050,200696,37.65,0.39
2058,2021-05-29,PAB,7321,3894,3427,4002,3139,180,ITH,ITH1,4,Provincia Autonoma Bolzano / Bozen,P.A. Bolzano,533050,208017,39.02,1.37
2059,2021-03-26,PAB,1660,734,926,504,1136,20,ITH,ITH1,4,Provincia Autonoma Bolzano / Bozen,P.A. Bolzano,533050,209677,39.34,0.31
2060,2021-04-09,PAB,2937,1301,1636,1936,730,271,ITH,ITH1,4,Provincia Autonoma Bolzano / Bozen,P.A. Bolzano,533050,212614,39.89,0.55
2061,2021-05-10,PAB,3019,1300,1719,1331,1606,82,ITH,ITH1,4,Provincia Autonoma Bolzano / Bozen,P.A. Bolzano,533050,215633,40.45,0.57
2062,2021-08-01,PAB,901,524,377,516,338,47,ITH,ITH1,4,Provincia Autonoma Bolzano / Bozen,P.A. Bolzano,533050,216534,40.62,0.17
2063,2021-02-16,PAB,530,205,325,529,0,1,ITH,ITH1,4,Provincia Autonoma Bolzano / Bozen,P.A. Bolzano,533050,217064,40.72,0.1
2064,2021-01-28,PAB,871,308,563,9,862,0,ITH,ITH1,4,Provincia Autonoma Bolzano / Bozen,P.A. Bolzano,533050,217935,40.88,0.16
2065,2021-02-09,PAB,317,126,191,1,316,0,ITH,ITH1,4,Provincia Autonoma Bolzano / Bozen,P.A. Bolzano,533050,218252,40.94,0.06
2066,2021-07-13,PAB,3377,1730,1647,1307,1927,143,ITH,ITH1,4,Provincia Autonoma Bolzano / Bozen,P.A. Bolzano,533050,221629,41.58,0.63
2067,2021-02-02,PAB,1752,509,1243,8,1744,0,ITH,ITH1,4,Provincia Autonoma Bolzano / Bozen,P.A. Bolzano,533050,223381,41.91,0.33
2068,2021-07-20,PAB,3128,1727,1401,1397,1522,209,ITH,ITH1,4,Provincia Autonoma Bolzano / Bozen,P.A. Bolzano,533050,226509,42.49,0.59
2069,2021-05-31,PAB,3031,1494,1537,2040,867,124,ITH,ITH1,4,Provincia Autonoma Bolzano / Bozen,P.A. Bolzano,533050,229540,43.06,0.57
2070,2021-07-06,PAB,1719,924,795,685,981,53,ITH,ITH1,4,Provincia Autonoma Bolzano / Bozen,P.A. Bolzano,533050,231259,43.38,0.32
2071,2021-06-22,PAB,2468,1421,1047,317,2125,26,ITH,ITH1,4,Provincia Autonoma Bolzano / Bozen,P.A. Bolzano,533050,233727,43.85,0.46
2072,2021-03-14,PAB,758,336,422,14,733,11,ITH,ITH1,4,Provincia Autonoma Bolzano / Bozen,P.A. Bolzano,533050,234485,43.99,0.14
2073,2021-04-14,PAB,3593,1645,1948,3215,91,287,ITH,ITH1,4,Provincia Autonoma Bolzano / Bozen,P.A. Bolzano,533050,238078,44.66,0.67
2074,2021-01-04,PAB,508,201,307,508,0,0,ITH,ITH1,4,Provincia Autonoma Bolzano / Bozen,P.A. Bolzano,533050,238586,44.76,0.1
2075,2021-02-06,PAB,2630,1174,1456,18,2611,1,ITH,ITH1,4,Provincia Autonoma Bolzano / Bozen,P.A. Bolzano,533050,241216,45.25,0.49
2076,2021-06-21,PAB,3167,1614,1553,260,2867,40,ITH,ITH1,4,Provincia Autonoma Bolzano / Bozen,P.A. Bolzano,533050,244383,45.85,0.59
2077,2021-06-05,PAB,6080,3030,3050,4696,1096,288,ITH,ITH1,4,Provincia Autonoma Bolzano / Bozen,P.A. Bolzano,533050,250463,46.99,1.14
2078,2021-04-30,PAB,3343,1595,1748,1430,1776,137,ITH,ITH1,4,Provincia Autonoma Bolzano / Bozen,P.A. Bolzano,533050,253806,47.61,0.63
2079,2021-01-20,PAB,618,253,365,410,208,0,ITH,ITH1,4,Provincia Autonoma Bolzano / Bozen,P.A. Bolzano,533050,254424,47.73,0.12
2080,2021-07-22,PAB,3721,1933,1788,1721,1787,213,ITH,ITH1,4,Provincia Autonoma Bolzano / Bozen,P.A. Bolzano,533050,258145,48.43,0.7
2081,2021-01-06,PAB,59,18,41,59,0,0,ITH,ITH1,4,Provincia Autonoma Bolzano / Bozen,P.A. Bolzano,533050,258204,48.44,0.01
2082,2021-07-01,PAB,4634,2301,2333,1310,3165,159,ITH,ITH1,4,Provincia Autonoma Bolzano / Bozen,P.A. Bolzano,533050,262838,49.31,0.87
2083,2021-03-04,PAB,1717,1007,710,1431,229,57,ITH,ITH1,4,Provincia Autonoma Bolzano / Bozen,P.A. Bolzano,533050,264555,49.63,0.32
2084,2021-04-26,PAB,1543,771,772,1446,5,92,ITH,ITH1,4,Provincia Autonoma Bolzano / Bozen,P.A. Bolzano,533050,266098,49.92,0.29
2085,2021-07-10,PAB,5802,2996,2806,927,4740,135,ITH,ITH1,4,Provincia Autonoma Bolzano / Bozen,P.A. Bolzano,533050,271900,51.01,1.09
2086,2021-01-18,PAB,1772,687,1085,1766,5,1,ITH,ITH1,4,Provincia Autonoma Bolzano / Bozen,P.A. Bolzano,533050,273672,51.34,0.33
2087,2021-05-07,PAB,4194,2062,2132,3376,528,290,ITH,ITH1,4,Provincia Autonoma Bolzano / Bozen,P.A. Bolzano,533050,277866,52.13,0.79
2088,2021-07-03,PAB,5633,2790,2843,974,4561,98,ITH,ITH1,4,Provincia Autonoma Bolzano / Bozen,P.A. Bolzano,533050,283499,53.18,1.06
2089,2021-05-05,PAB,4156,1946,2210,1811,2116,229,ITH,ITH1,4,Provincia Autonoma Bolzano / Bozen,P.A. Bolzano,533050,287655,53.96,0.78
2090,2021-01-25,PAB,488,184,304,3,485,0,ITH,ITH1,4,Provincia Autonoma Bolzano / Bozen,P.A. Bolzano,533050,288143,54.06,0.09
2091,2021-04-25,PAB,3073,1497,1576,2274,672,127,ITH,ITH1,4,Provincia Autonoma Bolzano / Bozen,P.A. Bolzano,533050,291216,54.63,0.58
2092,2021-08-03,PAB,2185,1177,1008,1536,649,0,ITH,ITH1,4,Provincia Autonoma Bolzano / Bozen,P.A. Bolzano,533050,293401,55.04,0.41
2093,2021-01-01,PAB,6,5,1,6,0,0,ITH,ITH1,4,Provincia Autonoma Bolzano / Bozen,P.A. Bolzano,533050,293407,55.04,0.0
2094,2021-06-07,PAB,2956,1539,1417,2499,318,139,ITH,ITH1,4,Provincia Autonoma Bolzano / Bozen,P.A. Bolzano,533050,296363,55.6,0.55
2095,2021-02-27,PAB,2458,759,1699,2411,10,37,ITH,ITH1,4,Provincia Autonoma Bolzano / Bozen,P.A. Bolzano,533050,298821,56.06,0.46
2096,2021-02-13,PAB,318,79,239,310,6,2,ITH,ITH1,4,Provincia Autonoma Bolzano / Bozen,P.A. Bolzano,533050,299139,56.12,0.06
2097,2021-04-11,PAB,2724,1294,1430,2446,177,101,ITH,ITH1,4,Provincia Autonoma Bolzano / Bozen,P.A. Bolzano,533050,301863,56.63,0.51
2098,2021-05-22,PAB,6838,3568,3270,4445,2166,227,ITH,ITH1,4,Provincia Autonoma Bolzano / Bozen,P.A. Bolzano,533050,308701,57.91,1.28
2099,2021-02-11,PAB,1094,432,662,238,855,1,ITH,ITH1,4,Provincia Autonoma Bolzano / Bozen,P.A. Bolzano,533050,309795,58.12,0.21
2100,2021-07-18,PAB,1862,1032,830,635,1148,79,ITH,ITH1,4,Provincia Autonoma Bolzano / Bozen,P.A. Bolzano,533050,311657,58.47,0.35
2101,2021-02-18,PAB,1839,457,1382,1810,7,22,ITH,ITH1,4,Provincia Autonoma Bolzano / Bozen,P.A. Bolzano,533050,313496,58.81,0.34
2102,2021-03-30,PAB,1299,532,767,204,1080,15,ITH,ITH1,4,Provincia Autonoma Bolzano / Bozen,P.A. Bolzano,533050,314795,59.06,0.24
2103,2021-04-16,PAB,2951,1419,1532,2275,511,165,ITH,ITH1,4,Provincia Autonoma Bolzano / Bozen,P.A. Bolzano,533050,317746,59.61,0.55
2104,2021-07-08,PAB,5506,2780,2726,547,4882,77,ITH,ITH1,4,Provincia Autonoma Bolzano / Bozen,P.A. Bolzano,533050,323252,60.64,1.03
2105,2021-06-19,PAB,5661,3015,2646,555,5034,72,ITH,ITH1,4,Provincia Autonoma Bolzano / Bozen,P.A. Bolzano,533050,328913,61.7,1.06
2106,2021-03-11,PAB,1691,830,861,1098,539,54,ITH,ITH1,4,Provincia Autonoma Bolzano / Bozen,P.A. Bolzano,533050,330604,62.02,0.32
2107,2021-02-25,PAB,1498,549,949,1487,1,10,ITH,ITH1,4,Provincia Autonoma Bolzano / Bozen,P.A. Bolzano,533050,332102,62.3,0.28
2108,2021-06-02,PAB,1465,823,642,976,458,31,ITH,ITH1,4,Provincia Autonoma Bolzano / Bozen,P.A. Bolzano,533050,333567,62.58,0.27
2109,2021-05-24,PAB,1455,767,688,1039,334,82,ITH,ITH1,4,Provincia Autonoma Bolzano / Bozen,P.A. Bolzano,533050,335022,62.85,0.27
2110,2021-02-20,PAB,1802,540,1262,1753,18,31,ITH,ITH1,4,Provincia Autonoma Bolzano / Bozen,P.A. Bolzano,533050,336824,63.19,0.34
2111,2021-07-27,PAB,3142,1879,1263,882,2175,85,ITH,ITH1,4,Provincia Autonoma Bolzano / Bozen,P.A. Bolzano,533050,339966,63.78,0.59
2112,2021-04-18,PAB,3110,1607,1503,2004,1010,96,ITH,ITH1,4,Provincia Autonoma Bolzano / Bozen,P.A. Bolzano,533050,343076,64.36,0.58
2113,2021-01-15,PAB,3282,1228,2054,3281,0,1,ITH,ITH1,4,Provincia Autonoma Bolzano / Bozen,P.A. Bolzano,533050,346358,64.98,0.62
2114,2021-06-18,PAB,4159,2163,1996,1128,2900,131,ITH,ITH1,4,Provincia Autonoma Bolzano / Bozen,P.A. Bolzano,533050,350517,65.76,0.78
2115,2021-01-08,PAB,1523,479,1044,1523,0,0,ITH,ITH1,4,Provincia Autonoma Bolzano / Bozen,P.A. Bolzano,533050,352040,66.04,0.29
2116,2021-03-23,PAB,1555,760,795,1516,1,38,ITH,ITH1,4,Provincia Autonoma Bolzano / Bozen,P.A. Bolzano,533050,353595,66.33,0.29
2117,2021-04-01,PAB,2787,1407,1380,2498,144,145,ITH,ITH1,4,Provincia Autonoma Bolzano / Bozen,P.A. Bolzano,533050,356382,66.86,0.52
2118,2021-07-05,PAB,2935,1406,1529,823,1984,128,ITH,ITH1,4,Provincia Autonoma Bolzano / Bozen,P.A. Bolzano,533050,359317,67.41,0.55
2119,2021-05-30,PAB,4782,2524,2258,727,4021,34,ITH,ITH1,4,Provincia Autonoma Bolzano / Bozen,P.A. Bolzano,533050,364099,68.3,0.9
2120,2021-07-12,PAB,3530,1754,1776,251,3241,38,ITH,ITH1,4,Provincia Autonoma Bolzano / Bozen,P.A. Bolzano,533050,367629,68.97,0.66
2121,2021-04-03,PAB,833,366,467,13,811,9,ITH,ITH1,4,Provincia Autonoma Bolzano / Bozen,P.A. Bolzano,533050,368462,69.12,0.16
2122,2021-03-25,PAB,2170,1080,1090,1662,443,65,ITH,ITH1,4,Provincia Autonoma Bolzano / Bozen,P.A. Bolzano,533050,370632,69.53,0.41
2123,2021-01-27,PAB,85,29,56,2,83,0,ITH,ITH1,4,Provincia Autonoma Bolzano / Bozen,P.A. Bolzano,533050,370717,69.55,0.02
2124,2021-01-13,PAB,1718,565,1153,1718,0,0,ITH,ITH1,4,Provincia Autonoma Bolzano / Bozen,P.A. Bolzano,533050,372435,69.87,0.32
2125,2021-01-30,PAB,498,245,253,4,494,0,ITH,ITH1,4,Provincia Autonoma Bolzano / Bozen,P.A. Bolzano,533050,372933,69.96,0.09
2126,2021-04-23,PAB,4546,2152,2394,3043,1291,212,ITH,ITH1,4,Provincia Autonoma Bolzano / Bozen,P.A. Bolzano,533050,377479,70.81,0.85
2127,2021-01-11,PAB,1589,520,1069,1589,0,0,ITH,ITH1,4,Provincia Autonoma Bolzano / Bozen,P.A. Bolzano,533050,379068,71.11,0.3
2128,2021-05-26,PAB,5000,2523,2477,2836,1974,190,ITH,ITH1,4,Provincia Autonoma Bolzano / Bozen,P.A. Bolzano,533050,384068,72.05,0.94
2129,2021-06-14,PAB,2977,1613,1364,573,2358,46,ITH,ITH1,4,Provincia Autonoma Bolzano / Bozen,P.A. Bolzano,533050,387045,72.61,0.56
2130,2021-02-15,PAB,72,42,30,23,46,3,ITH,ITH1,4,Provincia Autonoma Bolzano / Bozen,P.A. Bolzano,533050,387117,72.62,0.01
2131,2021-05-11,PAB,2845,1336,1509,1242,1522,81,ITH,ITH1,4,Provincia Autonoma Bolzano / Bozen,P.A. Bolzano,533050,389962,73.16,0.53
2132,2021-07-31,PAB,2931,1584,1347,1984,813,134,ITH,ITH1,4,Provincia Autonoma Bolzano / Bozen,P.A. Bolzano,533050,392893,73.71,0.55
2133,2021-01-29,PAB,1498,511,987,24,1474,0,ITH,ITH1,4,Provincia Autonoma Bolzano / Bozen,P.A. Bolzano,533050,394391,73.99,0.28
2134,2021-04-22,PAB,2926,1503,1423,1854,942,130,ITH,ITH1,4,Provincia Autonoma Bolzano / Bozen,P.A. Bolzano,533050,397317,74.54,0.55
2135,2021-05-09,PAB,4242,2411,1831,2925,1152,165,ITH,ITH1,4,Provincia Autonoma Bolzano / Bozen,P.A. Bolzano,533050,401559,75.33,0.8
2136,2021-07-29,PAB,1334,714,620,724,570,40,ITH,ITH1,4,Provincia Autonoma Bolzano / Bozen,P.A. Bolzano,533050,402893,75.58,0.25
2137,2020-12-30,PAB,388,182,206,388,0,0,ITH,ITH1,4,Provincia Autonoma Bolzano / Bozen,P.A. Bolzano,533050,403281,75.66,0.07
2138,2021-06-09,PAB,3823,1902,1921,1237,2476,110,ITH,ITH1,4,Provincia Autonoma Bolzano / Bozen,P.A. Bolzano,533050,407104,76.37,0.72
2139,2021-03-01,PAB,923,222,701,887,1,35,ITH,ITH1,4,Provincia Autonoma Bolzano / Bozen,P.A. Bolzano,533050,408027,76.55,0.17
2140,2021-08-05,PAB,2910,1581,1329,1607,1303,0,ITH,ITH1,4,Provincia Autonoma Bolzano / Bozen,P.A. Bolzano,533050,410937,77.09,0.55
2141,2021-03-15,PAB,1193,452,741,696,482,15,ITH,ITH1,4,Provincia Autonoma Bolzano / Bozen,P.A. Bolzano,533050,412130,77.32,0.22
2142,2021-02-08,PAB,2,1,1,1,1,0,ITH,ITH1,4,Provincia Autonoma Bolzano / Bozen,P.A. Bolzano,533050,412132,77.32,0.0
2143,2021-05-19,PAB,3853,1978,1875,1923,1787,143,ITH,ITH1,4,Provincia Autonoma Bolzano / Bozen,P.A. Bolzano,533050,415985,78.04,0.72
2144,2021-01-03,PAB,41,16,25,41,0,0,ITH,ITH1,4,Provincia Autonoma Bolzano / Bozen,P.A. Bolzano,533050,416026,78.05,0.01
2145,2021-04-13,PAB,2394,1132,1262,2298,7,89,ITH,ITH1,4,Provincia Autonoma Bolzano / Bozen,P.A. Bolzano,533050,418420,78.5,0.45
2146,2021-07-15,PAB,4386,2314,2072,1505,2698,183,ITH,ITH1,4,Provincia Autonoma Bolzano / Bozen,P.A. Bolzano,533050,422806,79.32,0.82
2147,2021-04-06,PAB,2251,1118,1133,1940,104,207,ITH,ITH1,4,Provincia Autonoma Bolzano / Bozen,P.A. Bolzano,533050,425057,79.74,0.42
2148,2021-07-17,PAB,3140,1796,1344,698,2348,94,ITH,ITH1,4,Provincia Autonoma Bolzano / Bozen,P.A. Bolzano,533050,428197,80.33,0.59
2149,2021-04-08,PAB,2775,1353,1422,2477,204,94,ITH,ITH1,4,Provincia Autonoma Bolzano / Bozen,P.A. Bolzano,533050,430972,80.85,0.52
2150,2021-03-28,PAB,569,212,357,11,558,0,ITH,ITH1,4,Provincia Autonoma Bolzano / Bozen,P.A. Bolzano,533050,431541,80.96,0.11
2151,2020-12-27,PAB,144,65,79,144,0,0,ITH,ITH1,4,Provincia Autonoma Bolzano / Bozen,P.A. Bolzano,533050,431685,80.98,0.03
2152,2021-06-30,PAB,3061,1564,1497,399,2605,57,ITH,ITH1,4,Provincia Autonoma Bolzano / Bozen,P.A. Bolzano,533050,434746,81.56,0.57
2153,2021-06-11,PAB,5803,2985,2818,2105,3480,218,ITH,ITH1,4,Provincia Autonoma Bolzano / Bozen,P.A. Bolzano,533050,440549,82.65,1.09
2154,2021-03-20,PAB,1759,850,909,1108,625,26,ITH,ITH1,4,Provincia Autonoma Bolzano / Bozen,P.A. Bolzano,533050,442308,82.98,0.33
2155,2021-06-28,PAB,4607,2304,2303,216,4367,24,ITH,ITH1,4,Provincia Autonoma Bolzano / Bozen,P.A. Bolzano,533050,446915,83.84,0.86
2156,2021-07-26,PAB,1624,937,687,1121,411,92,ITH,ITH1,4,Provincia Autonoma Bolzano / Bozen,P.A. Bolzano,533050,448539,84.15,0.3
2157,2021-02-22,PAB,526,143,383,496,12,18,ITH,ITH1,4,Provincia Autonoma Bolzano / Bozen,P.A. Bolzano,533050,449065,84.24,0.1
2158,2021-07-07,PAB,1984,1030,954,583,1336,65,ITH,ITH1,4,Provincia Autonoma Bolzano / Bozen,P.A. Bolzano,533050,451049,84.62,0.37
2159,2021-03-06,PAB,3973,2081,1892,3674,211,88,ITH,ITH1,4,Provincia Autonoma Bolzano / Bozen,P.A. Bolzano,533050,455022,85.36,0.75
2160,2021-05-28,PAB,7133,3749,3384,5023,1891,219,ITH,ITH1,4,Provincia Autonoma Bolzano / Bozen,P.A. Bolzano,533050,462155,86.7,1.34
2161,2021-02-17,PAB,156,51,105,139,17,0,ITH,ITH1,4,Provincia Autonoma Bolzano / Bozen,P.A. Bolzano,533050,462311,86.73,0.03
2162,2021-06-04,PAB,6602,3315,3287,4834,1533,235,ITH,ITH1,4,Provincia Autonoma Bolzano / Bozen,P.A. Bolzano,533050,468913,87.97,1.24
2163,2021-02-24,PAB,1367,406,961,1316,12,39,ITH,ITH1,4,Provincia Autonoma Bolzano / Bozen,P.A. Bolzano,533050,470280,88.22,0.26
2164,2021-03-27,PAB,3051,1554,1497,1477,1508,66,ITH,ITH1,4,Provincia Autonoma Bolzano / Bozen,P.A. Bolzano,533050,473331,88.8,0.57
2165,2021-03-13,PAB,2886,1460,1426,2726,101,59,ITH,ITH1,4,Provincia Autonoma Bolzano / Bozen,P.A. Bolzano,533050,476217,89.34,0.54
2166,2021-04-27,PAB,2227,1013,1214,1052,1077,98,ITH,ITH1,4,Provincia Autonoma Bolzano / Bozen,P.A. Bolzano,533050,478444,89.76,0.42
2167,2021-01-17,PAB,2329,1044,1285,2318,11,0,ITH,ITH1,4,Provincia Autonoma Bolzano / Bozen,P.A. Bolzano,533050,480773,90.19,0.44
2168,2021-06-23,PAB,1151,594,557,333,767,51,ITH,ITH1,4,Provincia Autonoma Bolzano / Bozen,P.A. Bolzano,533050,481924,90.41,0.22
2169,2021-04-20,PAB,1563,785,778,1486,3,74,ITH,ITH1,4,Provincia Autonoma Bolzano / Bozen,P.A. Bolzano,533050,483487,90.7,0.29
2170,2021-01-10,PAB,2,2,0,2,0,0,ITH,ITH1,4,Provincia Autonoma Bolzano / Bozen,P.A. Bolzano,533050,483489,90.7,0.0
2171,2021-06-16,PAB,3819,2025,1794,11,3804,4,ITH,ITH1,4,Provincia Autonoma Bolzano / Bozen,P.A. Bolzano,533050,487308,91.42,0.72
2172,2021-03-08,PAB,1210,534,676,1161,27,22,ITH,ITH1,4,Provincia Autonoma Bolzano / Bozen,P.A. Bolzano,533050,488518,91.65,0.23
2173,2021-05-04,PAB,3451,1844,1607,2256,1037,158,ITH,ITH1,4,Provincia Autonoma Bolzano / Bozen,P.A. Bolzano,533050,491969,92.29,0.65
2174,2021-02-05,PAB,3200,1184,2016,8,3192,0,ITH,ITH1,4,Provincia Autonoma Bolzano / Bozen,P.A. Bolzano,533050,495169,92.89,0.6
2175,2021-04-15,PAB,4401,2307,2094,3902,263,236,ITH,ITH1,4,Provincia Autonoma Bolzano / Bozen,P.A. Bolzano,533050,499570,93.72,0.83
2176,2021-07-24,PAB,4799,2832,1967,1354,3322,123,ITH,ITH1,4,Provincia Autonoma Bolzano / Bozen,P.A. Bolzano,533050,504369,94.62,0.9
2177,2021-05-02,PAB,2457,1288,1169,1423,921,113,ITH,ITH1,4,Provincia Autonoma Bolzano / Bozen,P.A. Bolzano,533050,506826,95.08,0.46
2178,2021-01-22,PAB,248,143,105,124,124,0,ITH,ITH1,4,Provincia Autonoma Bolzano / Bozen,P.A. Bolzano,533050,507074,95.13,0.05
2179,2021-07-30,PAB,5084,2736,2348,3330,1410,344,ITH,ITH1,4,Provincia Autonoma Bolzano / Bozen,P.A. Bolzano,533050,512158,96.08,0.95
2180,2021-04-21,PAB,3013,1468,1545,2033,848,132,ITH,ITH1,4,Provincia Autonoma Bolzano / Bozen,P.A. Bolzano,533050,515171,96.65,0.57
2181,2021-06-24,PAB,3934,2036,1898,1564,2197,173,ITH,ITH1,4,Provincia Autonoma Bolzano / Bozen,P.A. Bolzano,533050,519105,97.38,0.74
2182,2021-01-09,PAB,612,326,286,612,0,0,ITH,ITH1,4,Provincia Autonoma Bolzano / Bozen,P.A. Bolzano,533050,519717,97.5,0.11
2183,2021-06-17,PAB,1768,980,788,616,1079,73,ITH,ITH1,4,Provincia Autonoma Bolzano / Bozen,P.A. Bolzano,533050,521485,97.83,0.33
2184,2021-01-02,PAB,91,48,43,91,0,0,ITH,ITH1,4,Provincia Autonoma Bolzano / Bozen,P.A. Bolzano,533050,521576,97.85,0.02
2185,2021-06-26,PAB,4542,2329,2213,1362,3073,107,ITH,ITH1,4,Provincia Autonoma Bolzano / Bozen,P.A. Bolzano,533050,526118,98.7,0.85
2186,2021-03-18,PAB,1302,531,771,216,1076,10,ITH,ITH1,4,Provincia Autonoma Bolzano / Bozen,P.A. Bolzano,533050,527420,98.94,0.24
2187,2021-05-14,PAB,5136,2321,2815,2889,2039,208,ITH,ITH1,4,Provincia Autonoma Bolzano / Bozen,P.A. Bolzano,533050,532556,99.91,0.96
2188,2021-03-16,PAB,1290,532,758,116,1166,8,ITH,ITH1,4,Provincia Autonoma Bolzano / Bozen,P.A. Bolzano,533050,533846,100.15,0.24
2189,2021-05-12,PAB,3793,2059,1734,3393,154,246,ITH,ITH1,4,Provincia Autonoma Bolzano / Bozen,P.A. Bolzano,533050,537639,100.86,0.71
2190,2021-02-01,PAB,1458,443,1015,11,1446,1,ITH,ITH1,4,Provincia Autonoma Bolzano / Bozen,P.A. Bolzano,533050,539097,101.13,0.27
2191,2021-03-09,PAB,1194,543,651,1164,2,28,ITH,ITH1,4,Provincia Autonoma Bolzano / Bozen,P.A. Bolzano,533050,540291,101.36,0.22
2192,2021-05-23,PAB,4338,2303,2035,4117,8,213,ITH,ITH1,4,Provincia Autonoma Bolzano / Bozen,P.A. Bolzano,533050,544629,102.17,0.81
2193,2021-07-19,PAB,2772,1389,1383,617,2046,109,ITH,ITH1,4,Provincia Autonoma Bolzano / Bozen,P.A. Bolzano,533050,547401,102.69,0.52
2194,2021-02-03,PAB,1504,478,1026,5,1499,0,ITH,ITH1,4,Provincia Autonoma Bolzano / Bozen,P.A. Bolzano,533050,548905,102.97,0.28
2195,2021-02-10,PAB,1636,605,1031,25,1610,1,ITH,ITH1,4,Provincia Autonoma Bolzano / Bozen,P.A. Bolzano,533050,550541,103.28,0.31
2196,2021-05-21,PAB,6959,3826,3133,4803,1847,309,ITH,ITH1,4,Provincia Autonoma Bolzano / Bozen,P.A. Bolzano,533050,557500,104.59,1.31
2197,2021-05-16,PAB,2027,933,1094,1280,693,54,ITH,ITH1,4,Provincia Autonoma Bolzano / Bozen,P.A. Bolzano,533050,559527,104.97,0.38
2198,2021-01-30,FVG,2278,745,1533,270,2008,0,ITH,ITH4,6,Friuli-Venezia Giulia,Friuli Venezia Giulia,1215220,2278,0.19,0.19
2199,2021-07-13,FVG,10980,5661,5319,1091,9737,152,ITH,ITH4,6,Friuli-Venezia Giulia,Friuli Venezia Giulia,1215220,13258,1.09,0.9
2200,2021-06-26,FVG,10334,5262,5072,4159,6156,19,ITH,ITH4,6,Friuli-Venezia Giulia,Friuli Venezia Giulia,1215220,23592,1.94,0.85
2201,2021-07-20,FVG,9186,4798,4388,2307,6573,306,ITH,ITH4,6,Friuli-Venezia Giulia,Friuli Venezia Giulia,1215220,32778,2.7,0.76
2202,2021-08-03,FVG,9186,4813,4373,4347,4501,338,ITH,ITH4,6,Friuli-Venezia Giulia,Friuli Venezia Giulia,1215220,41964,3.45,0.76
2203,2021-04-11,FVG,3432,1518,1914,2416,906,110,ITH,ITH4,6,Friuli-Venezia Giulia,Friuli Venezia Giulia,1215220,45396,3.74,0.28
2204,2021-06-07,FVG,9209,4773,4436,7850,994,365,ITH,ITH4,6,Friuli-Venezia Giulia,Friuli Venezia Giulia,1215220,54605,4.49,0.76
2205,2021-06-24,FVG,11089,5654,5435,1895,9089,105,ITH,ITH4,6,Friuli-Venezia Giulia,Friuli Venezia Giulia,1215220,65694,5.41,0.91
2206,2021-03-16,FVG,3188,1300,1888,1024,2082,82,ITH,ITH4,6,Friuli-Venezia Giulia,Friuli Venezia Giulia,1215220,68882,5.67,0.26
2207,2021-05-12,FVG,11129,5153,5976,9315,1419,395,ITH,ITH4,6,Friuli-Venezia Giulia,Friuli Venezia Giulia,1215220,80011,6.58,0.92
2208,2021-03-28,FVG,4940,2355,2585,4688,158,94,ITH,ITH4,6,Friuli-Venezia Giulia,Friuli Venezia Giulia,1215220,84951,6.99,0.41
2209,2021-01-18,FVG,1962,606,1356,1868,94,0,ITH,ITH4,6,Friuli-Venezia Giulia,Friuli Venezia Giulia,1215220,86913,7.15,0.16
2210,2021-01-04,FVG,1507,558,949,1507,0,0,ITH,ITH4,6,Friuli-Venezia Giulia,Friuli Venezia Giulia,1215220,88420,7.28,0.12
2211,2021-02-06,FVG,1154,338,816,21,1132,1,ITH,ITH4,6,Friuli-Venezia Giulia,Friuli Venezia Giulia,1215220,89574,7.37,0.09
2212,2021-05-24,FVG,11446,5539,5907,7525,3623,298,ITH,ITH4,6,Friuli-Venezia Giulia,Friuli Venezia Giulia,1215220,101020,8.31,0.94
2213,2021-02-13,FVG,566,179,387,558,6,2,ITH,ITH4,6,Friuli-Venezia Giulia,Friuli Venezia Giulia,1215220,101586,8.36,0.05
2214,2021-03-02,FVG,4222,1519,2703,2701,1500,21,ITH,ITH4,6,Friuli-Venezia Giulia,Friuli Venezia Giulia,1215220,105808,8.71,0.35
2215,2021-03-04,FVG,3453,1599,1854,2764,660,29,ITH,ITH4,6,Friuli-Venezia Giulia,Friuli Venezia Giulia,1215220,109261,8.99,0.28
2216,2021-06-12,FVG,8215,4709,3506,6802,1160,253,ITH,ITH4,6,Friuli-Venezia Giulia,Friuli Venezia Giulia,1215220,117476,9.67,0.68
2217,2021-03-21,FVG,2674,1002,1672,2215,409,50,ITH,ITH4,6,Friuli-Venezia Giulia,Friuli Venezia Giulia,1215220,120150,9.89,0.22
2218,2021-04-28,FVG,7322,3236,4086,3682,3505,135,ITH,ITH4,6,Friuli-Venezia Giulia,Friuli Venezia Giulia,1215220,127472,10.49,0.6
2219,2021-01-23,FVG,815,323,492,4,811,0,ITH,ITH4,6,Friuli-Venezia Giulia,Friuli Venezia Giulia,1215220,128287,10.56,0.07
2220,2021-02-18,FVG,3221,1495,1726,2795,408,18,ITH,ITH4,6,Friuli-Venezia Giulia,Friuli Venezia Giulia,1215220,131508,10.82,0.27
2221,2021-04-02,FVG,6596,2928,3668,4634,1838,124,ITH,ITH4,6,Friuli-Venezia Giulia,Friuli Venezia Giulia,1215220,138104,11.36,0.54
2222,2021-04-16,FVG,6967,3027,3940,4906,1926,135,ITH,ITH4,6,Friuli-Venezia Giulia,Friuli Venezia Giulia,1215220,145071,11.94,0.57
2223,2021-01-06,FVG,716,265,451,716,0,0,ITH,ITH4,6,Friuli-Venezia Giulia,Friuli Venezia Giulia,1215220,145787,12.0,0.06
2224,2021-07-08,FVG,12952,7005,5947,1293,11466,193,ITH,ITH4,6,Friuli-Venezia Giulia,Friuli Venezia Giulia,1215220,158739,13.06,1.07
2225,2021-02-04,FVG,2726,808,1918,35,2691,0,ITH,ITH4,6,Friuli-Venezia Giulia,Friuli Venezia Giulia,1215220,161465,13.29,0.22
2226,2021-04-30,FVG,7402,3267,4135,3571,3658,173,ITH,ITH4,6,Friuli-Venezia Giulia,Friuli Venezia Giulia,1215220,168867,13.9,0.61
2227,2021-04-21,FVG,7777,3469,4308,4015,3681,81,ITH,ITH4,6,Friuli-Venezia Giulia,Friuli Venezia Giulia,1215220,176644,14.54,0.64
2228,2021-01-11,FVG,1883,608,1275,1882,0,1,ITH,ITH4,6,Friuli-Venezia Giulia,Friuli Venezia Giulia,1215220,178527,14.69,0.15
2229,2021-07-15,FVG,10047,5115,4932,914,8880,253,ITH,ITH4,6,Friuli-Venezia Giulia,Friuli Venezia Giulia,1215220,188574,15.52,0.83
2230,2021-04-23,FVG,7483,3384,4099,3475,3871,137,ITH,ITH4,6,Friuli-Venezia Giulia,Friuli Venezia Giulia,1215220,196057,16.13,0.62
2231,2021-08-01,FVG,3467,1862,1605,1346,1868,253,ITH,ITH4,6,Friuli-Venezia Giulia,Friuli Venezia Giulia,1215220,199524,16.42,0.29
2232,2021-05-19,FVG,12076,5954,6122,9288,2349,439,ITH,ITH4,6,Friuli-Venezia Giulia,Friuli Venezia Giulia,1215220,211600,17.41,0.99
2233,2021-03-14,FVG,1399,551,848,1123,252,24,ITH,ITH4,6,Friuli-Venezia Giulia,Friuli Venezia Giulia,1215220,212999,17.53,0.12
2234,2021-04-08,FVG,7462,3229,4233,5406,1926,130,ITH,ITH4,6,Friuli-Venezia Giulia,Friuli Venezia Giulia,1215220,220461,18.14,0.61
2235,2021-05-21,FVG,11227,5023,6204,7906,2979,342,ITH,ITH4,6,Friuli-Venezia Giulia,Friuli Venezia Giulia,1215220,231688,19.07,0.92
2236,2021-02-10,FVG,1350,496,854,1264,86,0,ITH,ITH4,6,Friuli-Venezia Giulia,Friuli Venezia Giulia,1215220,233038,19.18,0.11
2237,2021-07-17,FVG,7264,3896,3368,553,6623,88,ITH,ITH4,6,Friuli-Venezia Giulia,Friuli Venezia Giulia,1215220,240302,19.77,0.6
2238,2021-02-23,FVG,2644,1277,1367,2457,181,6,ITH,ITH4,6,Friuli-Venezia Giulia,Friuli Venezia Giulia,1215220,242946,19.99,0.22
2239,2021-05-17,FVG,8835,4103,4732,6078,2492,265,ITH,ITH4,6,Friuli-Venezia Giulia,Friuli Venezia Giulia,1215220,251781,20.72,0.73
2240,2021-03-09,FVG,4013,1723,2290,1238,2750,25,ITH,ITH4,6,Friuli-Venezia Giulia,Friuli Venezia Giulia,1215220,255794,21.05,0.33
2241,2021-01-27,FVG,1272,426,846,449,821,2,ITH,ITH4,6,Friuli-Venezia Giulia,Friuli Venezia Giulia,1215220,257066,21.15,0.1
2242,2021-05-07,FVG,10894,4986,5908,7182,3529,183,ITH,ITH4,6,Friuli-Venezia Giulia,Friuli Venezia Giulia,1215220,267960,22.05,0.9
2243,2021-05-09,FVG,7376,3314,4062,3376,3870,130,ITH,ITH4,6,Friuli-Venezia Giulia,Friuli Venezia Giulia,1215220,275336,22.66,0.61
2244,2021-05-31,FVG,8909,4427,4482,6472,2190,247,ITH,ITH4,6,Friuli-Venezia Giulia,Friuli Venezia Giulia,1215220,284245,23.39,0.73
2245,2021-07-27,FVG,9297,4671,4626,2468,6590,239,ITH,ITH4,6,Friuli-Venezia Giulia,Friuli Venezia Giulia,1215220,293542,24.16,0.77
2246,2021-02-27,FVG,3532,1202,2330,3514,1,17,ITH,ITH4,6,Friuli-Venezia Giulia,Friuli Venezia Giulia,1215220,297074,24.45,0.29
2247,2021-04-25,FVG,2374,991,1383,2183,11,180,ITH,ITH4,6,Friuli-Venezia Giulia,Friuli Venezia Giulia,1215220,299448,24.64,0.2
2248,2021-01-15,FVG,2020,605,1415,2019,0,1,ITH,ITH4,6,Friuli-Venezia Giulia,Friuli Venezia Giulia,1215220,301468,24.81,0.17
2249,2021-02-11,FVG,1931,664,1267,1735,193,3,ITH,ITH4,6,Friuli-Venezia Giulia,Friuli Venezia Giulia,1215220,303399,24.97,0.16
2250,2021-04-09,FVG,7923,3663,4260,6499,1251,173,ITH,ITH4,6,Friuli-Venezia Giulia,Friuli Venezia Giulia,1215220,311322,25.62,0.65
2251,2020-12-30,FVG,626,244,382,626,0,0,ITH,ITH4,6,Friuli-Venezia Giulia,Friuli Venezia Giulia,1215220,311948,25.67,0.05
2252,2021-06-05,FVG,10325,5336,4989,8410,1551,364,ITH,ITH4,6,Friuli-Venezia Giulia,Friuli Venezia Giulia,1215220,322273,26.52,0.85
2253,2021-05-05,FVG,9790,4276,5514,6074,3473,243,ITH,ITH4,6,Friuli-Venezia Giulia,Friuli Venezia Giulia,1215220,332063,27.33,0.81
2254,2021-01-25,FVG,1584,568,1016,194,1390,0,ITH,ITH4,6,Friuli-Venezia Giulia,Friuli Venezia Giulia,1215220,333647,27.46,0.13
2255,2021-07-01,FVG,12350,6424,5926,2623,9470,257,ITH,ITH4,6,Friuli-Venezia Giulia,Friuli Venezia Giulia,1215220,345997,28.47,1.02
2256,2021-03-23,FVG,3897,1689,2208,1736,2143,18,ITH,ITH4,6,Friuli-Venezia Giulia,Friuli Venezia Giulia,1215220,349894,28.79,0.32
2257,2021-01-16,FVG,1230,360,870,1230,0,0,ITH,ITH4,6,Friuli-Venezia Giulia,Friuli Venezia Giulia,1215220,351124,28.89,0.1
2258,2021-07-03,FVG,11397,6083,5314,1079,10165,153,ITH,ITH4,6,Friuli-Venezia Giulia,Friuli Venezia Giulia,1215220,362521,29.83,0.94
2259,2021-03-25,FVG,5535,2426,3109,3328,2138,69,ITH,ITH4,6,Friuli-Venezia Giulia,Friuli Venezia Giulia,1215220,368056,30.29,0.46
2260,2021-06-19,FVG,8545,4451,4094,1338,7142,65,ITH,ITH4,6,Friuli-Venezia Giulia,Friuli Venezia Giulia,1215220,376601,30.99,0.7
2261,2021-03-11,FVG,3481,1518,1963,1713,1753,15,ITH,ITH4,6,Friuli-Venezia Giulia,Friuli Venezia Giulia,1215220,380082,31.28,0.29
2262,2021-06-09,FVG,11328,5963,5365,9487,1395,446,ITH,ITH4,6,Friuli-Venezia Giulia,Friuli Venezia Giulia,1215220,391410,32.21,0.93
2263,2021-03-01,FVG,2961,1043,1918,2885,53,23,ITH,ITH4,6,Friuli-Venezia Giulia,Friuli Venezia Giulia,1215220,394371,32.45,0.24
2264,2021-03-18,FVG,3376,1423,1953,1683,1685,8,ITH,ITH4,6,Friuli-Venezia Giulia,Friuli Venezia Giulia,1215220,397747,32.73,0.28
2265,2021-02-01,FVG,2100,688,1412,16,2084,0,ITH,ITH4,6,Friuli-Venezia Giulia,Friuli Venezia Giulia,1215220,399847,32.9,0.17
2266,2021-05-14,FVG,10816,5380,5436,7920,2601,295,ITH,ITH4,6,Friuli-Venezia Giulia,Friuli Venezia Giulia,1215220,410663,33.79,0.89
2267,2021-02-03,FVG,2648,791,1857,22,2625,1,ITH,ITH4,6,Friuli-Venezia Giulia,Friuli Venezia Giulia,1215220,413311,34.01,0.22
2268,2021-06-04,FVG,12131,6219,5912,10306,1445,380,ITH,ITH4,6,Friuli-Venezia Giulia,Friuli Venezia Giulia,1215220,425442,35.01,1.0
2269,2021-07-05,FVG,9527,4835,4692,1302,8079,146,ITH,ITH4,6,Friuli-Venezia Giulia,Friuli Venezia Giulia,1215220,434969,35.79,0.78
2270,2021-06-21,FVG,9202,4494,4708,1819,7246,137,ITH,ITH4,6,Friuli-Venezia Giulia,Friuli Venezia Giulia,1215220,444171,36.55,0.76
2271,2021-03-13,FVG,2943,1124,1819,1657,1273,13,ITH,ITH4,6,Friuli-Venezia Giulia,Friuli Venezia Giulia,1215220,447114,36.79,0.24
2272,2021-07-24,FVG,3882,2096,1786,1895,1878,109,ITH,ITH4,6,Friuli-Venezia Giulia,Friuli Venezia Giulia,1215220,450996,37.11,0.32
2273,2021-04-18,FVG,6050,2808,3242,5418,407,225,ITH,ITH4,6,Friuli-Venezia Giulia,Friuli Venezia Giulia,1215220,457046,37.61,0.5
2274,2021-01-08,FVG,2321,746,1575,2321,0,0,ITH,ITH4,6,Friuli-Venezia Giulia,Friuli Venezia Giulia,1215220,459367,37.8,0.19
2275,2021-06-14,FVG,10287,4992,5295,5182,4824,281,ITH,ITH4,6,Friuli-Venezia Giulia,Friuli Venezia Giulia,1215220,469654,38.65,0.85
2276,2021-02-20,FVG,2069,934,1135,1922,144,3,ITH,ITH4,6,Friuli-Venezia Giulia,Friuli Venezia Giulia,1215220,471723,38.82,0.17
2277,2021-01-22,FVG,89,29,60,0,89,0,ITH,ITH4,6,Friuli-Venezia Giulia,Friuli Venezia Giulia,1215220,471812,38.83,0.01
2278,2021-03-06,FVG,3500,1196,2304,3143,325,32,ITH,ITH4,6,Friuli-Venezia Giulia,Friuli Venezia Giulia,1215220,475312,39.11,0.29
2279,2021-07-31,FVG,7308,3754,3554,1253,5964,91,ITH,ITH4,6,Friuli-Venezia Giulia,Friuli Venezia Giulia,1215220,482620,39.71,0.6
2280,2021-05-26,FVG,13438,6710,6728,9649,3442,347,ITH,ITH4,6,Friuli-Venezia Giulia,Friuli Venezia Giulia,1215220,496058,40.82,1.11
2281,2021-02-15,FVG,2455,911,1544,2195,254,6,ITH,ITH4,6,Friuli-Venezia Giulia,Friuli Venezia Giulia,1215220,498513,41.02,0.2
2282,2021-02-25,FVG,3172,1654,1518,3112,29,31,ITH,ITH4,6,Friuli-Venezia Giulia,Friuli Venezia Giulia,1215220,501685,41.28,0.26
2283,2021-06-16,FVG,12177,5909,6268,3890,8026,261,ITH,ITH4,6,Friuli-Venezia Giulia,Friuli Venezia Giulia,1215220,513862,42.29,1.0
2284,2021-06-23,FVG,12075,5843,6232,2000,9939,136,ITH,ITH4,6,Friuli-Venezia Giulia,Friuli Venezia Giulia,1215220,525937,43.28,0.99
2285,2021-08-05,FVG,6767,3480,3287,2895,3662,210,ITH,ITH4,6,Friuli-Venezia Giulia,Friuli Venezia Giulia,1215220,532704,43.84,0.56
2286,2021-04-27,FVG,8134,3737,4397,3547,4487,100,ITH,ITH4,6,Friuli-Venezia Giulia,Friuli Venezia Giulia,1215220,540838,44.51,0.67
2287,2021-05-04,FVG,9598,4328,5270,5994,3383,221,ITH,ITH4,6,Friuli-Venezia Giulia,Friuli Venezia Giulia,1215220,550436,45.3,0.79
2288,2021-01-24,FVG,306,120,186,1,305,0,ITH,ITH4,6,Friuli-Venezia Giulia,Friuli Venezia Giulia,1215220,550742,45.32,0.03
2289,2021-06-30,FVG,13173,6707,6466,1377,11621,175,ITH,ITH4,6,Friuli-Venezia Giulia,Friuli Venezia Giulia,1215220,563915,46.4,1.08
2290,2021-03-08,FVG,4124,1643,2481,2022,2087,15,ITH,ITH4,6,Friuli-Venezia Giulia,Friuli Venezia Giulia,1215220,568039,46.74,0.34
2291,2021-03-22,FVG,3666,1453,2213,1671,1956,39,ITH,ITH4,6,Friuli-Venezia Giulia,Friuli Venezia Giulia,1215220,571705,47.05,0.3
2292,2021-04-13,FVG,7381,3294,4087,5652,1605,124,ITH,ITH4,6,Friuli-Venezia Giulia,Friuli Venezia Giulia,1215220,579086,47.65,0.61
2293,2021-01-03,FVG,313,123,190,313,0,0,ITH,ITH4,6,Friuli-Venezia Giulia,Friuli Venezia Giulia,1215220,579399,47.68,0.03
2294,2021-07-22,FVG,7627,4033,3594,3168,4134,325,ITH,ITH4,6,Friuli-Venezia Giulia,Friuli Venezia Giulia,1215220,587026,48.31,0.63
2295,2021-01-20,FVG,748,320,428,13,735,0,ITH,ITH4,6,Friuli-Venezia Giulia,Friuli Venezia Giulia,1215220,587774,48.37,0.06
2296,2021-02-22,FVG,2486,1194,1292,2063,418,5,ITH,ITH4,6,Friuli-Venezia Giulia,Friuli Venezia Giulia,1215220,590260,48.57,0.2
2297,2021-06-02,FVG,9424,4957,4467,8841,282,301,ITH,ITH4,6,Friuli-Venezia Giulia,Friuli Venezia Giulia,1215220,599684,49.35,0.78
2298,2021-02-07,FVG,1565,482,1083,384,1180,1,ITH,ITH4,6,Friuli-Venezia Giulia,Friuli Venezia Giulia,1215220,601249,49.48,0.13
2299,2021-05-18,FVG,10831,5413,5418,8381,2089,361,ITH,ITH4,6,Friuli-Venezia Giulia,Friuli Venezia Giulia,1215220,612080,50.37,0.89
2300,2021-06-01,FVG,10112,5120,4992,7701,2124,287,ITH,ITH4,6,Friuli-Venezia Giulia,Friuli Venezia Giulia,1215220,622192,51.2,0.83
2301,2021-05-02,FVG,6900,3248,3652,3801,2959,140,ITH,ITH4,6,Friuli-Venezia Giulia,Friuli Venezia Giulia,1215220,629092,51.77,0.57
2302,2021-05-16,FVG,10013,4791,5222,8371,1401,241,ITH,ITH4,6,Friuli-Venezia Giulia,Friuli Venezia Giulia,1215220,639105,52.59,0.82
2303,2021-06-18,FVG,10947,5405,5542,3398,7298,251,ITH,ITH4,6,Friuli-Venezia Giulia,Friuli Venezia Giulia,1215220,650052,53.49,0.9
2304,2021-06-28,FVG,9902,4990,4912,2180,7699,23,ITH,ITH4,6,Friuli-Venezia Giulia,Friuli Venezia Giulia,1215220,659954,54.31,0.81
2305,2021-03-20,FVG,3405,1412,1993,1300,2091,14,ITH,ITH4,6,Friuli-Venezia Giulia,Friuli Venezia Giulia,1215220,663359,54.59,0.28
2306,2021-01-13,FVG,2650,834,1816,2650,0,0,ITH,ITH4,6,Friuli-Venezia Giulia,Friuli Venezia Giulia,1215220,666009,54.81,0.22
2307,2021-04-06,FVG,6683,3136,3547,5424,1153,106,ITH,ITH4,6,Friuli-Venezia Giulia,Friuli Venezia Giulia,1215220,672692,55.36,0.55
2308,2020-12-27,FVG,262,149,113,261,0,1,ITH,ITH4,6,Friuli-Venezia Giulia,Friuli Venezia Giulia,1215220,672954,55.38,0.02
2309,2021-02-08,FVG,2357,694,1663,90,2266,1,ITH,ITH4,6,Friuli-Venezia Giulia,Friuli Venezia Giulia,1215220,675311,55.57,0.19
2310,2021-06-13,FVG,8692,4524,4168,5204,3325,163,ITH,ITH4,6,Friuli-Venezia Giulia,Friuli Venezia Giulia,1215220,684003,56.29,0.72
2311,2021-07-26,FVG,8444,4198,4246,1695,6533,216,ITH,ITH4,6,Friuli-Venezia Giulia,Friuli Venezia Giulia,1215220,692447,56.98,0.69
2312,2021-04-17,FVG,7462,3238,4224,5816,1483,163,ITH,ITH4,6,Friuli-Venezia Giulia,Friuli Venezia Giulia,1215220,699909,57.6,0.61
2313,2021-07-28,FVG,10006,5121,4885,3698,5834,474,ITH,ITH4,6,Friuli-Venezia Giulia,Friuli Venezia Giulia,1215220,709915,58.42,0.82
2314,2021-07-19,FVG,9394,4914,4480,816,8416,162,ITH,ITH4,6,Friuli-Venezia Giulia,Friuli Venezia Giulia,1215220,719309,59.19,0.77
2315,2021-04-10,FVG,5054,2212,2842,3751,1228,75,ITH,ITH4,6,Friuli-Venezia Giulia,Friuli Venezia Giulia,1215220,724363,59.61,0.42
2316,2021-05-23,FVG,10280,4859,5421,5917,4152,211,ITH,ITH4,6,Friuli-Venezia Giulia,Friuli Venezia Giulia,1215220,734643,60.45,0.85
2317,2021-07-29,FVG,9279,4734,4545,3043,5931,305,ITH,ITH4,6,Friuli-Venezia Giulia,Friuli Venezia Giulia,1215220,743922,61.22,0.76
2318,2021-04-20,FVG,7135,3074,4061,3095,3913,127,ITH,ITH4,6,Friuli-Venezia Giulia,Friuli Venezia Giulia,1215220,751057,61.8,0.59
2319,2021-01-10,FVG,2941,918,2023,2941,0,0,ITH,ITH4,6,Friuli-Venezia Giulia,Friuli Venezia Giulia,1215220,753998,62.05,0.24
2320,2021-07-14,FVG,10798,5515,5283,1171,9426,201,ITH,ITH4,6,Friuli-Venezia Giulia,Friuli Venezia Giulia,1215220,764796,62.93,0.89
2321,2021-04-05,FVG,2897,1440,1457,2822,15,60,ITH,ITH4,6,Friuli-Venezia Giulia,Friuli Venezia Giulia,1215220,767693,63.17,0.24
2322,2021-01-12,FVG,2257,713,1544,2257,0,0,ITH,ITH4,6,Friuli-Venezia Giulia,Friuli Venezia Giulia,1215220,769950,63.36,0.19
2323,2021-01-29,FVG,2412,813,1599,264,2148,0,ITH,ITH4,6,Friuli-Venezia Giulia,Friuli Venezia Giulia,1215220,772362,63.56,0.2
2324,2021-04-22,FVG,6792,3089,3703,3033,3690,69,ITH,ITH4,6,Friuli-Venezia Giulia,Friuli Venezia Giulia,1215220,779154,64.12,0.56
2325,2021-01-17,FVG,1715,522,1193,1713,0,2,ITH,ITH4,6,Friuli-Venezia Giulia,Friuli Venezia Giulia,1215220,780869,64.26,0.14
2326,2021-03-15,FVG,3952,1809,2143,1608,2322,22,ITH,ITH4,6,Friuli-Venezia Giulia,Friuli Venezia Giulia,1215220,784821,64.58,0.33
2327,2021-05-11,FVG,9140,4394,4746,7120,1806,214,ITH,ITH4,6,Friuli-Venezia Giulia,Friuli Venezia Giulia,1215220,793961,65.33,0.75
2328,2021-01-31,FVG,2721,839,1882,385,2336,0,ITH,ITH4,6,Friuli-Venezia Giulia,Friuli Venezia Giulia,1215220,796682,65.56,0.22
2329,2021-05-06,FVG,11945,5547,6398,7697,3972,276,ITH,ITH4,6,Friuli-Venezia Giulia,Friuli Venezia Giulia,1215220,808627,66.54,0.98
2330,2021-07-02,FVG,11075,5726,5349,2087,8796,192,ITH,ITH4,6,Friuli-Venezia Giulia,Friuli Venezia Giulia,1215220,819702,67.45,0.91
2331,2021-03-10,FVG,3594,1704,1890,1743,1795,56,ITH,ITH4,6,Friuli-Venezia Giulia,Friuli Venezia Giulia,1215220,823296,67.75,0.3
2332,2021-02-24,FVG,2531,1093,1438,2502,18,11,ITH,ITH4,6,Friuli-Venezia Giulia,Friuli Venezia Giulia,1215220,825827,67.96,0.21
2333,2021-03-27,FVG,5380,2920,2460,3921,1411,48,ITH,ITH4,6,Friuli-Venezia Giulia,Friuli Venezia Giulia,1215220,831207,68.4,0.44
2334,2021-04-15,FVG,6518,2879,3639,5092,1272,154,ITH,ITH4,6,Friuli-Venezia Giulia,Friuli Venezia Giulia,1215220,837725,68.94,0.54
2335,2021-04-29,FVG,6790,2988,3802,4012,2594,184,ITH,ITH4,6,Friuli-Venezia Giulia,Friuli Venezia Giulia,1215220,844515,69.49,0.56
2336,2021-01-05,FVG,1678,551,1127,1676,0,2,ITH,ITH4,6,Friuli-Venezia Giulia,Friuli Venezia Giulia,1215220,846193,69.63,0.14
2337,2021-05-29,FVG,12030,5851,6179,6787,4987,256,ITH,ITH4,6,Friuli-Venezia Giulia,Friuli Venezia Giulia,1215220,858223,70.62,0.99
2338,2021-07-25,FVG,3843,2000,1843,1893,1845,105,ITH,ITH4,6,Friuli-Venezia Giulia,Friuli Venezia Giulia,1215220,862066,70.94,0.32
2339,2021-07-11,FVG,6675,3497,3178,2190,4170,315,ITH,ITH4,6,Friuli-Venezia Giulia,Friuli Venezia Giulia,1215220,868741,71.49,0.55
2340,2021-05-22,FVG,11591,5204,6387,7088,4240,263,ITH,ITH4,6,Friuli-Venezia Giulia,Friuli Venezia Giulia,1215220,880332,72.44,0.95
2341,2021-07-18,FVG,5411,2926,2485,397,4989,25,ITH,ITH4,6,Friuli-Venezia Giulia,Friuli Venezia Giulia,1215220,885743,72.89,0.45
2342,2021-01-07,FVG,2099,722,1377,2099,0,0,ITH,ITH4,6,Friuli-Venezia Giulia,Friuli Venezia Giulia,1215220,887842,73.06,0.17
2343,2021-03-05,FVG,3789,1519,2270,2645,1076,68,ITH,ITH4,6,Friuli-Venezia Giulia,Friuli Venezia Giulia,1215220,891631,73.37,0.31
2344,2021-04-19,FVG,6723,3138,3585,3213,3419,91,ITH,ITH4,6,Friuli-Venezia Giulia,Friuli Venezia Giulia,1215220,898354,73.93,0.55
2345,2021-01-09,FVG,2513,841,1672,2511,0,2,ITH,ITH4,6,Friuli-Venezia Giulia,Friuli Venezia Giulia,1215220,900867,74.13,0.21
2346,2021-06-15,FVG,12139,6175,5964,5349,6530,260,ITH,ITH4,6,Friuli-Venezia Giulia,Friuli Venezia Giulia,1215220,913006,75.13,1.0
2347,2021-03-07,FVG,2546,933,1613,2488,1,57,ITH,ITH4,6,Friuli-Venezia Giulia,Friuli Venezia Giulia,1215220,915552,75.34,0.21
2348,2020-12-31,FVG,1048,381,667,1047,0,1,ITH,ITH4,6,Friuli-Venezia Giulia,Friuli Venezia Giulia,1215220,916600,75.43,0.09
2349,2021-06-17,FVG,11419,5773,5646,2287,9029,103,ITH,ITH4,6,Friuli-Venezia Giulia,Friuli Venezia Giulia,1215220,928019,76.37,0.94
2350,2021-06-22,FVG,11580,5962,5618,2367,9089,124,ITH,ITH4,6,Friuli-Venezia Giulia,Friuli Venezia Giulia,1215220,939599,77.32,0.95
2351,2021-08-02,FVG,8853,4529,4324,2707,5876,270,ITH,ITH4,6,Friuli-Venezia Giulia,Friuli Venezia Giulia,1215220,948452,78.05,0.73
2352,2021-02-12,FVG,1195,428,767,1142,49,4,ITH,ITH4,6,Friuli-Venezia Giulia,Friuli Venezia Giulia,1215220,949647,78.15,0.1
2353,2021-05-25,FVG,12934,6395,6539,9279,3315,340,ITH,ITH4,6,Friuli-Venezia Giulia,Friuli Venezia Giulia,1215220,962581,79.21,1.06
2354,2021-06-11,FVG,10906,5949,4957,9633,836,437,ITH,ITH4,6,Friuli-Venezia Giulia,Friuli Venezia Giulia,1215220,973487,80.11,0.9
2355,2021-03-03,FVG,3646,1634,2012,2343,1275,28,ITH,ITH4,6,Friuli-Venezia Giulia,Friuli Venezia Giulia,1215220,977133,80.41,0.3
2356,2021-05-27,FVG,12839,6148,6691,7388,5232,219,ITH,ITH4,6,Friuli-Venezia Giulia,Friuli Venezia Giulia,1215220,989972,81.46,1.06
2357,2021-06-25,FVG,10973,5518,5455,2412,8548,13,ITH,ITH4,6,Friuli-Venezia Giulia,Friuli Venezia Giulia,1215220,1000945,82.37,0.9
2358,2021-07-09,FVG,11848,6290,5558,2042,9514,292,ITH,ITH4,6,Friuli-Venezia Giulia,Friuli Venezia Giulia,1215220,1012793,83.34,0.97
2359,2021-03-17,FVG,3238,1268,1970,737,2492,9,ITH,ITH4,6,Friuli-Venezia Giulia,Friuli Venezia Giulia,1215220,1016031,83.61,0.27
2360,2021-05-13,FVG,11194,5407,5787,8739,2067,388,ITH,ITH4,6,Friuli-Venezia Giulia,Friuli Venezia Giulia,1215220,1027225,84.53,0.92
2361,2021-02-16,FVG,2517,1135,1382,2397,116,4,ITH,ITH4,6,Friuli-Venezia Giulia,Friuli Venezia Giulia,1215220,1029742,84.74,0.21
2362,2021-02-05,FVG,2612,784,1828,89,2523,0,ITH,ITH4,6,Friuli-Venezia Giulia,Friuli Venezia Giulia,1215220,1032354,84.95,0.21
2363,2021-04-14,FVG,7248,3133,4115,5408,1716,124,ITH,ITH4,6,Friuli-Venezia Giulia,Friuli Venezia Giulia,1215220,1039602,85.55,0.6
2364,2021-07-06,FVG,11190,5844,5346,1339,9739,112,ITH,ITH4,6,Friuli-Venezia Giulia,Friuli Venezia Giulia,1215220,1050792,86.47,0.92
2365,2021-07-23,FVG,8765,4444,4321,2860,5452,453,ITH,ITH4,6,Friuli-Venezia Giulia,Friuli Venezia Giulia,1215220,1059557,87.19,0.72
2366,2021-04-03,FVG,4020,1992,2028,2625,1337,58,ITH,ITH4,6,Friuli-Venezia Giulia,Friuli Venezia Giulia,1215220,1063577,87.52,0.33
2367,2021-06-10,FVG,11516,6000,5516,9718,1425,373,ITH,ITH4,6,Friuli-Venezia Giulia,Friuli Venezia Giulia,1215220,1075093,88.47,0.95
2368,2021-03-19,FVG,3252,1350,1902,1300,1936,16,ITH,ITH4,6,Friuli-Venezia Giulia,Friuli Venezia Giulia,1215220,1078345,88.74,0.27
2369,2021-06-27,FVG,7601,3797,3804,3770,3822,9,ITH,ITH4,6,Friuli-Venezia Giulia,Friuli Venezia Giulia,1215220,1085946,89.36,0.63
2370,2021-06-29,FVG,11356,5791,5565,1221,10027,108,ITH,ITH4,6,Friuli-Venezia Giulia,Friuli Venezia Giulia,1215220,1097302,90.3,0.93
2371,2021-06-20,FVG,6515,3230,3285,1489,4935,91,ITH,ITH4,6,Friuli-Venezia Giulia,Friuli Venezia Giulia,1215220,1103817,90.83,0.54
2372,2021-03-29,FVG,7024,3127,3897,5366,1583,75,ITH,ITH4,6,Friuli-Venezia Giulia,Friuli Venezia Giulia,1215220,1110841,91.41,0.58
2373,2021-07-07,FVG,11263,5769,5494,1408,9725,130,ITH,ITH4,6,Friuli-Venezia Giulia,Friuli Venezia Giulia,1215220,1122104,92.34,0.93
2374,2021-07-21,FVG,8346,4240,4106,1964,6108,274,ITH,ITH4,6,Friuli-Venezia Giulia,Friuli Venezia Giulia,1215220,1130450,93.02,0.69
2375,2021-07-16,FVG,9683,5174,4509,1596,7920,167,ITH,ITH4,6,Friuli-Venezia Giulia,Friuli Venezia Giulia,1215220,1140133,93.82,0.8
2376,2021-04-07,FVG,7846,3637,4209,6947,783,116,ITH,ITH4,6,Friuli-Venezia Giulia,Friuli Venezia Giulia,1215220,1147979,94.47,0.65
2377,2021-06-03,FVG,12436,6742,5694,9927,2114,395,ITH,ITH4,6,Friuli-Venezia Giulia,Friuli Venezia Giulia,1215220,1160415,95.49,1.02
2378,2021-01-19,FVG,6,2,4,6,0,0,ITH,ITH4,6,Friuli-Venezia Giulia,Friuli Venezia Giulia,1215220,1160421,95.49,0.0
2379,2021-07-30,FVG,8794,4551,4243,2574,5952,268,ITH,ITH4,6,Friuli-Venezia Giulia,Friuli Venezia Giulia,1215220,1169215,96.21,0.72
2380,2021-01-28,FVG,2242,795,1447,355,1887,0,ITH,ITH4,6,Friuli-Venezia Giulia,Friuli Venezia Giulia,1215220,1171457,96.4,0.18
2381,2021-05-08,FVG,10325,4667,5658,5358,4785,182,ITH,ITH4,6,Friuli-Venezia Giulia,Friuli Venezia Giulia,1215220,1181782,97.25,0.85
2382,2021-02-14,FVG,1,0,1,0,1,0,ITH,ITH4,6,Friuli-Venezia Giulia,Friuli Venezia Giulia,1215220,1181783,97.25,0.0
2383,2021-05-10,FVG,7999,3553,4446,6224,1543,232,ITH,ITH4,6,Friuli-Venezia Giulia,Friuli Venezia Giulia,1215220,1189782,97.91,0.66
2384,2021-05-15,FVG,12684,6118,6566,7689,4701,294,ITH,ITH4,6,Friuli-Venezia Giulia,Friuli Venezia Giulia,1215220,1202466,98.95,1.04
2385,2021-05-01,FVG,7205,3247,3958,5909,1045,251,ITH,ITH4,6,Friuli-Venezia Giulia,Friuli Venezia Giulia,1215220,1209671,99.54,0.59
2386,2021-01-21,FVG,897,345,552,1,896,0,ITH,ITH4,6,Friuli-Venezia Giulia,Friuli Venezia Giulia,1215220,1210568,99.62,0.07
2387,2021-02-21,FVG,801,281,520,421,378,2,ITH,ITH4,6,Friuli-Venezia Giulia,Friuli Venezia Giulia,1215220,1211369,99.68,0.07
2388,2021-03-24,FVG,3980,1721,2259,2461,1483,36,ITH,ITH4,6,Friuli-Venezia Giulia,Friuli Venezia Giulia,1215220,1215349,100.01,0.33
2389,2021-05-20,FVG,12714,6323,6391,9791,2521,402,ITH,ITH4,6,Friuli-Venezia Giulia,Friuli Venezia Giulia,1215220,1228063,101.06,1.05
2390,2021-01-26,FVG,1977,647,1330,216,1760,1,ITH,ITH4,6,Friuli-Venezia Giulia,Friuli Venezia Giulia,1215220,1230040,101.22,0.16
2391,2021-02-09,FVG,1842,555,1287,1555,286,1,ITH,ITH4,6,Friuli-Venezia Giulia,Friuli Venezia Giulia,1215220,1231882,101.37,0.15
2392,2021-02-02,FVG,2469,806,1663,218,2251,0,ITH,ITH4,6,Friuli-Venezia Giulia,Friuli Venezia Giulia,1215220,1234351,101.57,0.2
2393,2021-03-31,FVG,8141,3571,4570,7170,847,124,ITH,ITH4,6,Friuli-Venezia Giulia,Friuli Venezia Giulia,1215220,1242492,102.24,0.67
2394,2021-07-04,FVG,9196,4714,4482,2743,6190,263,ITH,ITH4,6,Friuli-Venezia Giulia,Friuli Venezia Giulia,1215220,1251688,103.0,0.76
2395,2021-03-26,FVG,6017,2610,3407,3825,2019,173,ITH,ITH4,6,Friuli-Venezia Giulia,Friuli Venezia Giulia,1215220,1257705,103.5,0.5
2396,2021-03-12,FVG,4104,1697,2407,2697,1381,26,ITH,ITH4,6,Friuli-Venezia Giulia,Friuli Venezia Giulia,1215220,1261809,103.83,0.34
2397,2021-01-02,FVG,1217,470,747,1217,0,0,ITH,ITH4,6,Friuli-Venezia Giulia,Friuli Venezia Giulia,1215220,1263026,103.93,0.1
2398,2021-04-12,FVG,7280,3192,4088,5996,1133,151,ITH,ITH4,6,Friuli-Venezia Giulia,Friuli Venezia Giulia,1215220,1270306,104.53,0.6
2399,2021-03-30,FVG,7265,3268,3997,6175,960,130,ITH,ITH4,6,Friuli-Venezia Giulia,Friuli Venezia Giulia,1215220,1277571,105.13,0.6
2400,2021-07-10,FVG,8774,4522,4252,133,8613,28,ITH,ITH4,6,Friuli-Venezia Giulia,Friuli Venezia Giulia,1215220,1286345,105.85,0.72
2401,2021-04-01,FVG,6424,3069,3355,5321,1015,88,ITH,ITH4,6,Friuli-Venezia Giulia,Friuli Venezia Giulia,1215220,1292769,106.38,0.53
2402,2021-05-28,FVG,10626,5092,5534,6229,4121,276,ITH,ITH4,6,Friuli-Venezia Giulia,Friuli Venezia Giulia,1215220,1303395,107.26,0.87
2403,2021-07-12,FVG,9968,5117,4851,1069,8741,158,ITH,ITH4,6,Friuli-Venezia Giulia,Friuli Venezia Giulia,1215220,1313363,108.08,0.82
2404,2021-02-19,FVG,3259,1293,1966,2817,427,15,ITH,ITH4,6,Friuli-Venezia Giulia,Friuli Venezia Giulia,1215220,1316622,108.34,0.27
2405,2021-04-24,FVG,6688,2952,3736,5208,1245,235,ITH,ITH4,6,Friuli-Venezia Giulia,Friuli Venezia Giulia,1215220,1323310,108.89,0.55
2406,2021-06-06,FVG,9487,4627,4860,7652,1564,271,ITH,ITH4,6,Friuli-Venezia Giulia,Friuli Venezia Giulia,1215220,1332797,109.68,0.78
2407,2021-02-26,FVG,3741,2098,1643,3559,148,34,ITH,ITH4,6,Friuli-Venezia Giulia,Friuli Venezia Giulia,1215220,1336538,109.98,0.31
2408,2021-02-17,FVG,2361,1003,1358,1874,485,2,ITH,ITH4,6,Friuli-Venezia Giulia,Friuli Venezia Giulia,1215220,1338899,110.18,0.19
2409,2021-05-30,FVG,11067,4994,6073,7233,3588,246,ITH,ITH4,6,Friuli-Venezia Giulia,Friuli Venezia Giulia,1215220,1349966,111.09,0.91
2410,2021-05-03,FVG,7244,3296,3948,3340,3786,118,ITH,ITH4,6,Friuli-Venezia Giulia,Friuli Venezia Giulia,1215220,1357210,111.68,0.6
2411,2021-01-14,FVG,2584,789,1795,2581,0,3,ITH,ITH4,6,Friuli-Venezia Giulia,Friuli Venezia Giulia,1215220,1359794,111.9,0.21
2412,2021-06-08,FVG,10505,5494,5011,9648,462,395,ITH,ITH4,6,Friuli-Venezia Giulia,Friuli Venezia Giulia,1215220,1370299,112.76,0.86
2413,2021-02-28,FVG,2688,1003,1685,2266,394,28,ITH,ITH4,6,Friuli-Venezia Giulia,Friuli Venezia Giulia,1215220,1372987,112.98,0.22
2414,2021-08-04,FVG,8966,4631,4335,4335,4323,308,ITH,ITH4,6,Friuli-Venezia Giulia,Friuli Venezia Giulia,1215220,1381953,113.72,0.74
2415,2021-04-26,FVG,5473,2455,3018,3703,1651,119,ITH,ITH4,6,Friuli-Venezia Giulia,Friuli Venezia Giulia,1215220,1387426,114.17,0.45
2416,2021-07-15,PIE,42470,21964,20506,4062,37948,460,ITC,ITC1,1,Piemonte,Piemonte,4356406,42470,0.97,0.97
2417,2021-08-01,PIE,27013,14303,12710,8401,18203,409,ITC,ITC1,1,Piemonte,Piemonte,4356406,69483,1.59,0.62
2418,2021-04-23,PIE,27422,12599,14823,19972,6762,688,ITC,ITC1,1,Piemonte,Piemonte,4356406,96905,2.22,0.63
2419,2021-06-07,PIE,34903,17866,17037,29499,4797,607,ITC,ITC1,1,Piemonte,Piemonte,4356406,131808,3.03,0.8
2420,2021-08-03,PIE,29984,15695,14289,9285,20280,419,ITC,ITC1,1,Piemonte,Piemonte,4356406,161792,3.71,0.69
2421,2021-05-19,PIE,33107,15283,17824,21401,11125,581,ITC,ITC1,1,Piemonte,Piemonte,4356406,194899,4.47,0.76
2422,2021-03-14,PIE,8201,3336,4865,5171,2895,135,ITC,ITC1,1,Piemonte,Piemonte,4356406,203100,4.66,0.19
2423,2021-05-10,PIE,28974,13963,15011,15245,13123,606,ITC,ITC1,1,Piemonte,Piemonte,4356406,232074,5.33,0.67
2424,2021-01-30,PIE,5983,2138,3845,216,5766,1,ITC,ITC1,1,Piemonte,Piemonte,4356406,238057,5.46,0.14
2425,2021-06-24,PIE,39193,19673,19520,18297,20310,586,ITC,ITC1,1,Piemonte,Piemonte,4356406,277250,6.36,0.9
2426,2021-03-16,PIE,10514,4270,6244,4368,6054,92,ITC,ITC1,1,Piemonte,Piemonte,4356406,287764,6.61,0.24
2427,2021-05-12,PIE,31880,15181,16699,18360,12907,613,ITC,ITC1,1,Piemonte,Piemonte,4356406,319644,7.34,0.73
2428,2021-07-06,PIE,38272,19383,18889,8641,29092,539,ITC,ITC1,1,Piemonte,Piemonte,4356406,357916,8.22,0.88
2429,2021-03-28,PIE,16059,6896,9163,8114,7618,327,ITC,ITC1,1,Piemonte,Piemonte,4356406,373975,8.58,0.37
2430,2021-07-20,PIE,38894,20449,18445,5723,32604,567,ITC,ITC1,1,Piemonte,Piemonte,4356406,412869,9.48,0.89
2431,2021-04-11,PIE,20824,9319,11505,18219,2150,455,ITC,ITC1,1,Piemonte,Piemonte,4356406,433693,9.96,0.48
2432,2021-01-04,PIE,5560,1677,3883,5559,0,1,ITC,ITC1,1,Piemonte,Piemonte,4356406,439253,10.08,0.13
2433,2021-04-28,PIE,26035,11733,14302,15463,10037,535,ITC,ITC1,1,Piemonte,Piemonte,4356406,465288,10.68,0.6
2434,2021-01-18,PIE,6165,2046,4119,5912,249,4,ITC,ITC1,1,Piemonte,Piemonte,4356406,471453,10.82,0.14
2435,2021-05-24,PIE,28980,13418,15562,16635,11965,380,ITC,ITC1,1,Piemonte,Piemonte,4356406,500433,11.49,0.67
2436,2021-03-02,PIE,11248,4549,6699,10246,813,189,ITC,ITC1,1,Piemonte,Piemonte,4356406,511681,11.75,0.26
2437,2021-03-23,PIE,13186,5558,7628,6632,6243,311,ITC,ITC1,1,Piemonte,Piemonte,4356406,524867,12.05,0.3
2438,2021-01-16,PIE,7761,2624,5137,7754,0,7,ITC,ITC1,1,Piemonte,Piemonte,4356406,532628,12.23,0.18
2439,2021-07-08,PIE,40944,20945,19999,7432,32949,563,ITC,ITC1,1,Piemonte,Piemonte,4356406,573572,13.17,0.94
2440,2021-02-11,PIE,6760,2105,4655,2981,3760,19,ITC,ITC1,1,Piemonte,Piemonte,4356406,580332,13.32,0.16
2441,2021-04-09,PIE,25870,11391,14479,20806,4503,561,ITC,ITC1,1,Piemonte,Piemonte,4356406,606202,13.92,0.59
2442,2020-12-30,PIE,732,322,410,732,0,0,ITC,ITC1,1,Piemonte,Piemonte,4356406,606934,13.93,0.02
2443,2021-06-05,PIE,36936,18921,18015,31857,4455,624,ITC,ITC1,1,Piemonte,Piemonte,4356406,643870,14.78,0.85
2444,2021-02-25,PIE,12209,5246,6963,11484,544,181,ITC,ITC1,1,Piemonte,Piemonte,4356406,656079,15.06,0.28
2445,2021-06-19,PIE,40058,20316,19742,22859,16658,541,ITC,ITC1,1,Piemonte,Piemonte,4356406,696137,15.98,0.92
2446,2021-02-04,PIE,10205,3341,6864,581,9622,2,ITC,ITC1,1,Piemonte,Piemonte,4356406,706342,16.21,0.23
2447,2021-06-26,PIE,41161,20943,20218,21919,18546,696,ITC,ITC1,1,Piemonte,Piemonte,4356406,747503,17.16,0.94
2448,2021-07-13,PIE,38830,20037,18793,3650,34847,333,ITC,ITC1,1,Piemonte,Piemonte,4356406,786333,18.05,0.89
2449,2021-04-04,PIE,9252,4057,5195,6393,2710,149,ITC,ITC1,1,Piemonte,Piemonte,4356406,795585,18.26,0.21
2450,2021-04-21,PIE,25741,11833,13908,19738,5345,658,ITC,ITC1,1,Piemonte,Piemonte,4356406,821326,18.85,0.59
2451,2021-01-11,PIE,8737,2978,5759,8731,0,6,ITC,ITC1,1,Piemonte,Piemonte,4356406,830063,19.05,0.2
2452,2021-06-28,PIE,38403,19071,19332,15104,22723,576,ITC,ITC1,1,Piemonte,Piemonte,4356406,868466,19.94,0.88
2453,2021-04-06,PIE,20244,8810,11434,14596,5199,449,ITC,ITC1,1,Piemonte,Piemonte,4356406,888710,20.4,0.46
2454,2021-02-08,PIE,6916,2354,4562,661,6251,4,ITC,ITC1,1,Piemonte,Piemonte,4356406,895626,20.56,0.16
2455,2021-05-17,PIE,30923,14610,16313,17366,13155,402,ITC,ITC1,1,Piemonte,Piemonte,4356406,926549,21.27,0.71
2456,2021-02-06,PIE,7994,2665,5329,396,7596,2,ITC,ITC1,1,Piemonte,Piemonte,4356406,934543,21.45,0.18
2457,2021-02-23,PIE,9236,3716,5520,8481,583,172,ITC,ITC1,1,Piemonte,Piemonte,4356406,943779,21.66,0.21
2458,2021-05-31,PIE,29116,14062,15054,20128,8581,407,ITC,ITC1,1,Piemonte,Piemonte,4356406,972895,22.33,0.67
2459,2021-06-17,PIE,41090,20630,20460,24153,16328,609,ITC,ITC1,1,Piemonte,Piemonte,4356406,1013985,23.28,0.94
2460,2021-03-09,PIE,14208,5652,8556,11640,2340,228,ITC,ITC1,1,Piemonte,Piemonte,4356406,1028193,23.6,0.33
2461,2021-06-12,PIE,42592,22456,20136,39190,2627,775,ITC,ITC1,1,Piemonte,Piemonte,4356406,1070785,24.58,0.98
2462,2021-07-12,PIE,39160,20202,18958,4541,34153,466,ITC,ITC1,1,Piemonte,Piemonte,4356406,1109945,25.48,0.9
2463,2021-07-29,PIE,36462,18947,17515,9279,26539,644,ITC,ITC1,1,Piemonte,Piemonte,4356406,1146407,26.32,0.84
2464,2021-04-20,PIE,25486,11670,13816,18523,6347,616,ITC,ITC1,1,Piemonte,Piemonte,4356406,1171893,26.9,0.59
2465,2021-05-07,PIE,33091,15658,17433,18362,14126,603,ITC,ITC1,1,Piemonte,Piemonte,4356406,1204984,27.66,0.76
2466,2020-12-28,PIE,1,1,0,1,0,0,ITC,ITC1,1,Piemonte,Piemonte,4356406,1204985,27.66,0.0
2467,2021-07-27,PIE,33476,17496,15980,8158,24766,552,ITC,ITC1,1,Piemonte,Piemonte,4356406,1238461,28.43,0.77
2468,2021-05-02,PIE,25081,11268,13813,13953,10743,385,ITC,ITC1,1,Piemonte,Piemonte,4356406,1263542,29.0,0.58
2469,2021-04-02,PIE,20150,8320,11830,11328,8428,394,ITC,ITC1,1,Piemonte,Piemonte,4356406,1283692,29.47,0.46
2470,2021-05-29,PIE,32800,15229,17571,20269,12172,359,ITC,ITC1,1,Piemonte,Piemonte,4356406,1316492,30.22,0.75
2471,2021-02-18,PIE,4789,2094,2695,4274,429,86,ITC,ITC1,1,Piemonte,Piemonte,4356406,1321281,30.33,0.11
2472,2021-07-25,PIE,28608,15181,13427,6560,21557,491,ITC,ITC1,1,Piemonte,Piemonte,4356406,1349889,30.99,0.66
2473,2021-04-16,PIE,28400,13208,15192,22653,4993,754,ITC,ITC1,1,Piemonte,Piemonte,4356406,1378289,31.64,0.65
2474,2021-01-23,PIE,4255,1326,2929,877,3376,2,ITC,ITC1,1,Piemonte,Piemonte,4356406,1382544,31.74,0.1
2475,2021-03-21,PIE,10725,4740,5985,4023,6533,169,ITC,ITC1,1,Piemonte,Piemonte,4356406,1393269,31.98,0.25
2476,2021-05-05,PIE,32241,15145,17096,18564,13062,615,ITC,ITC1,1,Piemonte,Piemonte,4356406,1425510,32.72,0.74
2477,2021-07-01,PIE,41875,20960,20915,19754,21126,995,ITC,ITC1,1,Piemonte,Piemonte,4356406,1467385,33.68,0.96
2478,2021-04-30,PIE,31835,14321,17514,17835,13329,671,ITC,ITC1,1,Piemonte,Piemonte,4356406,1499220,34.41,0.73
2479,2021-06-02,PIE,26534,13000,13534,21624,4469,441,ITC,ITC1,1,Piemonte,Piemonte,4356406,1525754,35.02,0.61
2480,2021-02-22,PIE,8480,3470,5010,7789,589,102,ITC,ITC1,1,Piemonte,Piemonte,4356406,1534234,35.22,0.19
2481,2021-03-11,PIE,13902,5205,8697,10560,3094,248,ITC,ITC1,1,Piemonte,Piemonte,4356406,1548136,35.54,0.32
2482,2020-12-27,PIE,913,369,544,913,0,0,ITC,ITC1,1,Piemonte,Piemonte,4356406,1549049,35.56,0.02
2483,2021-06-09,PIE,38589,20343,18246,35107,2715,767,ITC,ITC1,1,Piemonte,Piemonte,4356406,1587638,36.44,0.89
2484,2021-05-21,PIE,36134,16775,19359,19985,15640,509,ITC,ITC1,1,Piemonte,Piemonte,4356406,1623772,37.27,0.83
2485,2021-07-17,PIE,41903,22065,19838,4928,36487,488,ITC,ITC1,1,Piemonte,Piemonte,4356406,1665675,38.24,0.96
2486,2021-02-01,PIE,8655,3052,5603,575,8079,1,ITC,ITC1,1,Piemonte,Piemonte,4356406,1674330,38.43,0.2
2487,2021-01-01,PIE,1038,395,643,1037,0,1,ITC,ITC1,1,Piemonte,Piemonte,4356406,1675368,38.46,0.02
2488,2021-07-05,PIE,35575,17796,17779,11683,23217,675,ITC,ITC1,1,Piemonte,Piemonte,4356406,1710943,39.27,0.82
2489,2021-02-27,PIE,12675,4846,7829,12110,336,229,ITC,ITC1,1,Piemonte,Piemonte,4356406,1723618,39.57,0.29
2490,2021-04-25,PIE,20229,9306,10923,17280,2501,448,ITC,ITC1,1,Piemonte,Piemonte,4356406,1743847,40.03,0.46
2491,2021-01-15,PIE,9102,3006,6096,9096,0,6,ITC,ITC1,1,Piemonte,Piemonte,4356406,1752949,40.24,0.21
2492,2021-06-21,PIE,38437,19219,19218,17116,20764,557,ITC,ITC1,1,Piemonte,Piemonte,4356406,1791386,41.12,0.88
2493,2021-03-13,PIE,13023,4714,8309,11327,1429,267,ITC,ITC1,1,Piemonte,Piemonte,4356406,1804409,41.42,0.3
2494,2021-01-27,PIE,4193,1451,2742,994,3197,2,ITC,ITC1,1,Piemonte,Piemonte,4356406,1808602,41.52,0.1
2495,2021-02-13,PIE,4156,1338,2818,2917,1224,15,ITC,ITC1,1,Piemonte,Piemonte,4356406,1812758,41.61,0.1
2496,2021-07-31,PIE,35574,18923,16651,10731,24559,284,ITC,ITC1,1,Piemonte,Piemonte,4356406,1848332,42.43,0.82
2497,2021-05-09,PIE,27148,12929,14219,13148,13619,381,ITC,ITC1,1,Piemonte,Piemonte,4356406,1875480,43.05,0.62
2498,2021-05-26,PIE,32750,15104,17646,15315,17082,353,ITC,ITC1,1,Piemonte,Piemonte,4356406,1908230,43.8,0.75
2499,2021-02-15,PIE,4426,1597,2829,3198,1205,23,ITC,ITC1,1,Piemonte,Piemonte,4356406,1912656,43.9,0.1
2500,2021-03-04,PIE,14635,5860,8775,11474,2941,220,ITC,ITC1,1,Piemonte,Piemonte,4356406,1927291,44.24,0.34
2501,2021-01-13,PIE,10075,3226,6849,10066,0,9,ITC,ITC1,1,Piemonte,Piemonte,4356406,1937366,44.47,0.23
2502,2021-06-16,PIE,40387,20244,20143,23517,16255,615,ITC,ITC1,1,Piemonte,Piemonte,4356406,1977753,45.4,0.93
2503,2021-01-06,PIE,3107,1103,2004,3106,0,1,ITC,ITC1,1,Piemonte,Piemonte,4356406,1980860,45.47,0.07
2504,2021-08-05,PIE,29984,15910,14074,11122,18380,482,ITC,ITC1,1,Piemonte,Piemonte,4356406,2010844,46.16,0.69
2505,2021-06-23,PIE,39710,19721,19989,16386,22837,487,ITC,ITC1,1,Piemonte,Piemonte,4356406,2050554,47.07,0.91
2506,2021-03-25,PIE,17128,7268,9860,8056,8633,439,ITC,ITC1,1,Piemonte,Piemonte,4356406,2067682,47.46,0.39
2507,2021-07-22,PIE,41250,21705,19545,6963,33694,593,ITC,ITC1,1,Piemonte,Piemonte,4356406,2108932,48.41,0.95
2508,2021-04-13,PIE,25942,11615,14327,21831,3460,651,ITC,ITC1,1,Piemonte,Piemonte,4356406,2134874,49.01,0.6
2509,2021-01-20,PIE,6601,2084,4517,5881,713,7,ITC,ITC1,1,Piemonte,Piemonte,4356406,2141475,49.16,0.15
2510,2021-02-03,PIE,10202,3306,6896,606,9594,2,ITC,ITC1,1,Piemonte,Piemonte,4356406,2151677,49.39,0.23
2511,2021-05-18,PIE,32150,14845,17305,19044,12670,436,ITC,ITC1,1,Piemonte,Piemonte,4356406,2183827,50.13,0.74
2512,2021-02-20,PIE,3833,1254,2579,3560,173,100,ITC,ITC1,1,Piemonte,Piemonte,4356406,2187660,50.22,0.09
2513,2021-07-24,PIE,34775,18295,16480,7866,26323,586,ITC,ITC1,1,Piemonte,Piemonte,4356406,2222435,51.02,0.8
2514,2021-04-29,PIE,48420,21947,26473,34638,12614,1168,ITC,ITC1,1,Piemonte,Piemonte,4356406,2270855,52.13,1.11
2515,2021-05-16,PIE,28163,12787,15376,14737,13055,371,ITC,ITC1,1,Piemonte,Piemonte,4356406,2299018,52.77,0.65
2516,2021-02-05,PIE,9600,3136,6464,652,8946,2,ITC,ITC1,1,Piemonte,Piemonte,4356406,2308618,52.99,0.22
2517,2021-03-18,PIE,11762,4806,6956,3836,7734,192,ITC,ITC1,1,Piemonte,Piemonte,4356406,2320380,53.26,0.27
2518,2021-03-03,PIE,12257,4771,7486,11249,818,190,ITC,ITC1,1,Piemonte,Piemonte,4356406,2332637,53.54,0.28
2519,2021-03-20,PIE,11919,4897,7022,5777,5898,244,ITC,ITC1,1,Piemonte,Piemonte,4356406,2344556,53.82,0.27
2520,2021-05-14,PIE,33420,16281,17139,17335,15425,660,ITC,ITC1,1,Piemonte,Piemonte,4356406,2377976,54.59,0.77
2521,2021-07-26,PIE,32592,16962,15630,8168,23803,621,ITC,ITC1,1,Piemonte,Piemonte,4356406,2410568,55.33,0.75
2522,2021-04-17,PIE,30450,14147,16303,26447,3307,696,ITC,ITC1,1,Piemonte,Piemonte,4356406,2441018,56.03,0.7
2523,2021-06-13,PIE,37974,20043,17931,33094,4124,756,ITC,ITC1,1,Piemonte,Piemonte,4356406,2478992,56.9,0.87
2524,2021-02-10,PIE,7534,2371,5163,1298,6221,15,ITC,ITC1,1,Piemonte,Piemonte,4356406,2486526,57.08,0.17
2525,2021-04-08,PIE,25292,11004,14288,20015,4721,556,ITC,ITC1,1,Piemonte,Piemonte,4356406,2511818,57.66,0.58
2526,2021-07-19,PIE,39524,20576,18948,4452,34653,419,ITC,ITC1,1,Piemonte,Piemonte,4356406,2551342,58.57,0.91
2527,2021-04-10,PIE,30149,13404,16745,25241,4264,644,ITC,ITC1,1,Piemonte,Piemonte,4356406,2581491,59.26,0.69
2528,2021-06-25,PIE,45486,22666,22820,20264,24531,691,ITC,ITC1,1,Piemonte,Piemonte,4356406,2626977,60.3,1.04
2529,2021-04-03,PIE,19448,8180,11268,10594,8547,307,ITC,ITC1,1,Piemonte,Piemonte,4356406,2646425,60.75,0.45
2530,2021-01-10,PIE,5206,2272,2934,5204,0,2,ITC,ITC1,1,Piemonte,Piemonte,4356406,2651631,60.87,0.12
2531,2021-07-14,PIE,38958,20043,18915,3568,34966,424,ITC,ITC1,1,Piemonte,Piemonte,4356406,2690589,61.76,0.89
2532,2021-03-08,PIE,14131,5462,8669,11189,2707,235,ITC,ITC1,1,Piemonte,Piemonte,4356406,2704720,62.09,0.32
2533,2021-05-04,PIE,28608,13161,15447,15900,12201,507,ITC,ITC1,1,Piemonte,Piemonte,4356406,2733328,62.74,0.66
2534,2021-01-24,PIE,3153,959,2194,432,2719,2,ITC,ITC1,1,Piemonte,Piemonte,4356406,2736481,62.82,0.07
2535,2021-06-30,PIE,41241,20165,21076,18423,21950,868,ITC,ITC1,1,Piemonte,Piemonte,4356406,2777722,63.76,0.95
2536,2021-03-22,PIE,11528,4894,6634,3716,7600,212,ITC,ITC1,1,Piemonte,Piemonte,4356406,2789250,64.03,0.26
2537,2021-04-18,PIE,22932,10798,12134,19621,2752,559,ITC,ITC1,1,Piemonte,Piemonte,4356406,2812182,64.55,0.53
2538,2021-01-08,PIE,5525,1759,3766,5523,0,2,ITC,ITC1,1,Piemonte,Piemonte,4356406,2817707,64.68,0.13
2539,2021-06-14,PIE,37964,19560,18404,30191,7090,683,ITC,ITC1,1,Piemonte,Piemonte,4356406,2855671,65.55,0.87
2540,2021-03-06,PIE,13999,5219,8780,11038,2789,172,ITC,ITC1,1,Piemonte,Piemonte,4356406,2869670,65.87,0.32
2541,2021-01-22,PIE,3865,1249,2616,2523,1340,2,ITC,ITC1,1,Piemonte,Piemonte,4356406,2873535,65.96,0.09
2542,2021-06-18,PIE,40597,20297,20300,25737,14196,664,ITC,ITC1,1,Piemonte,Piemonte,4356406,2914132,66.89,0.93
2543,2021-03-10,PIE,13812,5338,8474,11265,2290,257,ITC,ITC1,1,Piemonte,Piemonte,4356406,2927944,67.21,0.32
2544,2021-03-27,PIE,18386,7823,10563,9126,8824,436,ITC,ITC1,1,Piemonte,Piemonte,4356406,2946330,67.63,0.42
2545,2021-04-27,PIE,22616,10219,12397,16827,5149,640,ITC,ITC1,1,Piemonte,Piemonte,4356406,2968946,68.15,0.52
2546,2021-01-17,PIE,3515,1168,2347,2864,649,2,ITC,ITC1,1,Piemonte,Piemonte,4356406,2972461,68.23,0.08
2547,2021-03-15,PIE,10684,4194,6490,4929,5600,155,ITC,ITC1,1,Piemonte,Piemonte,4356406,2983145,68.48,0.25
2548,2021-05-11,PIE,32067,15458,16609,18206,13233,628,ITC,ITC1,1,Piemonte,Piemonte,4356406,3015212,69.21,0.74
2549,2021-01-31,PIE,4115,1754,2361,111,4004,0,ITC,ITC1,1,Piemonte,Piemonte,4356406,3019327,69.31,0.09
2550,2021-07-18,PIE,32864,17240,15624,3231,29306,327,ITC,ITC1,1,Piemonte,Piemonte,4356406,3052191,70.06,0.75
2551,2021-02-07,PIE,3084,972,2112,440,2643,1,ITC,ITC1,1,Piemonte,Piemonte,4356406,3055275,70.13,0.07
2552,2021-07-11,PIE,33145,16898,16247,4513,28320,312,ITC,ITC1,1,Piemonte,Piemonte,4356406,3088420,70.89,0.76
2553,2021-05-22,PIE,33516,15132,18384,16894,16219,403,ITC,ITC1,1,Piemonte,Piemonte,4356406,3121936,71.66,0.77
2554,2021-04-15,PIE,29536,13533,16003,23387,5483,666,ITC,ITC1,1,Piemonte,Piemonte,4356406,3151472,72.34,0.68
2555,2021-01-05,PIE,5373,1601,3772,5368,0,5,ITC,ITC1,1,Piemonte,Piemonte,4356406,3156845,72.46,0.12
2556,2021-06-22,PIE,40614,20088,20526,17774,22300,540,ITC,ITC1,1,Piemonte,Piemonte,4356406,3197459,73.4,0.93
2557,2021-01-07,PIE,5372,1731,3641,5370,0,2,ITC,ITC1,1,Piemonte,Piemonte,4356406,3202831,73.52,0.12
2558,2021-03-05,PIE,15557,6229,9328,11463,3822,272,ITC,ITC1,1,Piemonte,Piemonte,4356406,3218388,73.88,0.36
2559,2021-07-28,PIE,34627,17987,16640,9071,24962,594,ITC,ITC1,1,Piemonte,Piemonte,4356406,3253015,74.67,0.79
2560,2021-06-15,PIE,38917,20046,18871,26484,11766,667,ITC,ITC1,1,Piemonte,Piemonte,4356406,3291932,75.57,0.89
2561,2021-03-07,PIE,11980,4664,7316,10858,877,245,ITC,ITC1,1,Piemonte,Piemonte,4356406,3303912,75.84,0.27
2562,2020-12-31,PIE,3880,1321,2559,3880,0,0,ITC,ITC1,1,Piemonte,Piemonte,4356406,3307792,75.93,0.09
2563,2021-04-22,PIE,27660,12739,14921,20192,6689,779,ITC,ITC1,1,Piemonte,Piemonte,4356406,3335452,76.56,0.63
2564,2021-01-12,PIE,10077,3411,6666,10070,0,7,ITC,ITC1,1,Piemonte,Piemonte,4356406,3345529,76.8,0.23
2565,2021-01-29,PIE,5938,1884,4054,452,5486,0,ITC,ITC1,1,Piemonte,Piemonte,4356406,3351467,76.93,0.14
2566,2021-05-06,PIE,33395,15769,17626,19285,13523,587,ITC,ITC1,1,Piemonte,Piemonte,4356406,3384862,77.7,0.77
2567,2021-05-23,PIE,28724,13142,15582,15462,12951,311,ITC,ITC1,1,Piemonte,Piemonte,4356406,3413586,78.36,0.66
2568,2021-02-12,PIE,6887,2214,4673,3906,2958,23,ITC,ITC1,1,Piemonte,Piemonte,4356406,3420473,78.52,0.16
2569,2021-03-01,PIE,12111,4912,7199,11132,808,171,ITC,ITC1,1,Piemonte,Piemonte,4356406,3432584,78.79,0.28
2570,2021-05-25,PIE,31148,14453,16695,15609,15149,390,ITC,ITC1,1,Piemonte,Piemonte,4356406,3463732,79.51,0.71
2571,2021-06-11,PIE,43553,23058,20495,39927,2830,796,ITC,ITC1,1,Piemonte,Piemonte,4356406,3507285,80.51,1.0
2572,2021-04-19,PIE,22542,10763,11779,17637,4351,554,ITC,ITC1,1,Piemonte,Piemonte,4356406,3529827,81.03,0.52
2573,2021-07-02,PIE,43729,22005,21724,17337,25548,844,ITC,ITC1,1,Piemonte,Piemonte,4356406,3573556,82.03,1.0
2574,2021-05-13,PIE,35692,17533,18159,19865,15127,700,ITC,ITC1,1,Piemonte,Piemonte,4356406,3609248,82.85,0.82
2575,2021-01-19,PIE,6456,2105,4351,6438,9,9,ITC,ITC1,1,Piemonte,Piemonte,4356406,3615704,83.0,0.15
2576,2021-07-23,PIE,38001,20048,17953,7960,29422,619,ITC,ITC1,1,Piemonte,Piemonte,4356406,3653705,83.87,0.87
2577,2021-04-14,PIE,27676,12548,15128,22454,4520,702,ITC,ITC1,1,Piemonte,Piemonte,4356406,3681381,84.51,0.64
2578,2021-02-28,PIE,10809,4057,6752,10394,240,175,ITC,ITC1,1,Piemonte,Piemonte,4356406,3692190,84.75,0.25
2579,2021-03-17,PIE,12519,5056,7463,5040,7297,182,ITC,ITC1,1,Piemonte,Piemonte,4356406,3704709,85.04,0.29
2580,2021-06-10,PIE,40431,21139,19292,37009,2574,848,ITC,ITC1,1,Piemonte,Piemonte,4356406,3745140,85.97,0.93
2581,2021-06-27,PIE,37513,18599,18914,15185,21745,583,ITC,ITC1,1,Piemonte,Piemonte,4356406,3782653,86.83,0.86
2582,2021-03-19,PIE,11028,4518,6510,4216,6605,207,ITC,ITC1,1,Piemonte,Piemonte,4356406,3793681,87.08,0.25
2583,2021-04-05,PIE,14746,6236,8510,11938,2556,252,ITC,ITC1,1,Piemonte,Piemonte,4356406,3808427,87.42,0.34
2584,2021-01-03,PIE,3059,965,2094,3057,0,2,ITC,ITC1,1,Piemonte,Piemonte,4356406,3811486,87.49,0.07
2585,2021-07-07,PIE,37939,18856,19083,9652,27708,579,ITC,ITC1,1,Piemonte,Piemonte,4356406,3849425,88.36,0.87
2586,2021-03-29,PIE,15245,6470,8775,8379,6610,256,ITC,ITC1,1,Piemonte,Piemonte,4356406,3864670,88.71,0.35
2587,2021-07-21,PIE,37913,20125,17788,6509,30887,517,ITC,ITC1,1,Piemonte,Piemonte,4356406,3902583,89.58,0.87
2588,2021-04-12,PIE,22935,10359,12576,19428,2992,515,ITC,ITC1,1,Piemonte,Piemonte,4356406,3925518,90.11,0.53
2589,2021-06-29,PIE,40521,20243,20278,19165,20669,687,ITC,ITC1,1,Piemonte,Piemonte,4356406,3966039,91.04,0.93
2590,2021-06-03,PIE,34637,17894,16743,29690,4415,532,ITC,ITC1,1,Piemonte,Piemonte,4356406,4000676,91.83,0.8
2591,2021-01-09,PIE,6180,2185,3995,6178,0,2,ITC,ITC1,1,Piemonte,Piemonte,4356406,4006856,91.98,0.14
2592,2021-01-26,PIE,6332,1881,4451,731,5600,1,ITC,ITC1,1,Piemonte,Piemonte,4356406,4013188,92.12,0.15
2593,2021-07-30,PIE,34571,18091,16480,9183,24974,414,ITC,ITC1,1,Piemonte,Piemonte,4356406,4047759,92.92,0.79
2594,2021-05-08,PIE,34266,16259,18007,18124,15635,507,ITC,ITC1,1,Piemonte,Piemonte,4356406,4082025,93.7,0.79
2595,2021-01-28,PIE,5592,1810,3782,380,5212,0,ITC,ITC1,1,Piemonte,Piemonte,4356406,4087617,93.83,0.13
2596,2021-02-14,PIE,1476,498,978,869,600,7,ITC,ITC1,1,Piemonte,Piemonte,4356406,4089093,93.86,0.03
2597,2021-01-02,PIE,3539,1132,2407,3538,0,1,ITC,ITC1,1,Piemonte,Piemonte,4356406,4092632,93.95,0.08
2598,2021-05-01,PIE,28545,12997,15548,16319,11790,436,ITC,ITC1,1,Piemonte,Piemonte,4356406,4121177,94.6,0.66
2599,2021-01-21,PIE,6871,2311,4560,3368,3497,6,ITC,ITC1,1,Piemonte,Piemonte,4356406,4128048,94.76,0.16
2600,2021-05-15,PIE,33771,15742,18029,19395,13720,656,ITC,ITC1,1,Piemonte,Piemonte,4356406,4161819,95.53,0.78
2601,2021-06-01,PIE,29306,14702,14604,24455,4426,425,ITC,ITC1,1,Piemonte,Piemonte,4356406,4191125,96.21,0.67
2602,2021-02-21,PIE,5088,2083,3005,4936,102,50,ITC,ITC1,1,Piemonte,Piemonte,4356406,4196213,96.32,0.12
2603,2021-02-02,PIE,10253,3514,6739,807,9445,1,ITC,ITC1,1,Piemonte,Piemonte,4356406,4206466,96.56,0.24
2604,2021-07-09,PIE,40388,20608,19780,5734,34127,527,ITC,ITC1,1,Piemonte,Piemonte,4356406,4246854,97.49,0.93
2605,2021-03-31,PIE,19126,8121,11005,10099,8690,337,ITC,ITC1,1,Piemonte,Piemonte,4356406,4265980,97.92,0.44
2606,2021-05-27,PIE,37395,17389,20006,18812,18148,435,ITC,ITC1,1,Piemonte,Piemonte,4356406,4303375,98.78,0.86
2607,2021-02-16,PIE,3967,1757,2210,3161,758,48,ITC,ITC1,1,Piemonte,Piemonte,4356406,4307342,98.87,0.09
2608,2021-03-24,PIE,15563,6397,9166,6102,9130,331,ITC,ITC1,1,Piemonte,Piemonte,4356406,4322905,99.23,0.36
2609,2021-05-20,PIE,38622,17943,20679,13319,24949,354,ITC,ITC1,1,Piemonte,Piemonte,4356406,4361527,100.12,0.89
2610,2021-02-09,PIE,7389,2315,5074,714,6673,2,ITC,ITC1,1,Piemonte,Piemonte,4356406,4368916,100.29,0.17
2611,2021-07-16,PIE,41927,21907,20020,3581,37931,415,ITC,ITC1,1,Piemonte,Piemonte,4356406,4410843,101.25,0.96
2612,2021-04-07,PIE,23595,9988,13607,17617,5460,518,ITC,ITC1,1,Piemonte,Piemonte,4356406,4434438,101.79,0.54
2613,2021-06-20,PIE,34068,17083,16985,18739,14773,556,ITC,ITC1,1,Piemonte,Piemonte,4356406,4468506,102.57,0.78
2614,2021-03-12,PIE,14103,5329,8774,10891,2933,279,ITC,ITC1,1,Piemonte,Piemonte,4356406,4482609,102.9,0.32
2615,2021-07-04,PIE,33735,17005,16730,11208,21916,611,ITC,ITC1,1,Piemonte,Piemonte,4356406,4516344,103.67,0.77
2616,2021-03-26,PIE,17884,7104,10780,8475,8882,527,ITC,ITC1,1,Piemonte,Piemonte,4356406,4534228,104.08,0.41
2617,2021-07-03,PIE,40044,20109,19935,15290,24029,725,ITC,ITC1,1,Piemonte,Piemonte,4356406,4574272,105.0,0.92
2618,2021-03-30,PIE,16982,7113,9869,8724,7870,388,ITC,ITC1,1,Piemonte,Piemonte,4356406,4591254,105.39,0.39
2619,2021-07-10,PIE,41139,20844,20295,6697,33908,534,ITC,ITC1,1,Piemonte,Piemonte,4356406,4632393,106.34,0.94
2620,2021-04-01,PIE,19377,8110,11267,10938,8126,313,ITC,ITC1,1,Piemonte,Piemonte,4356406,4651770,106.78,0.44
2621,2021-05-28,PIE,35058,16608,18450,18659,15989,410,ITC,ITC1,1,Piemonte,Piemonte,4356406,4686828,107.58,0.8
2622,2021-01-25,PIE,6210,1934,4276,974,5234,2,ITC,ITC1,1,Piemonte,Piemonte,4356406,4693038,107.73,0.14
2623,2021-05-30,PIE,27721,13194,14527,18017,9331,373,ITC,ITC1,1,Piemonte,Piemonte,4356406,4720759,108.36,0.64
2624,2021-02-19,PIE,5534,2176,3358,4913,501,120,ITC,ITC1,1,Piemonte,Piemonte,4356406,4726293,108.49,0.13
2625,2021-06-04,PIE,37555,19636,17919,34006,2953,596,ITC,ITC1,1,Piemonte,Piemonte,4356406,4763848,109.35,0.86
2626,2021-02-24,PIE,11376,4602,6774,10728,503,145,ITC,ITC1,1,Piemonte,Piemonte,4356406,4775224,109.61,0.26
2627,2021-06-06,PIE,35084,18332,16752,32049,2488,547,ITC,ITC1,1,Piemonte,Piemonte,4356406,4810308,110.42,0.81
2628,2021-08-02,PIE,29737,15674,14063,9302,20001,434,ITC,ITC1,1,Piemonte,Piemonte,4356406,4840045,111.1,0.68
2629,2021-02-17,PIE,4793,2157,2636,3744,990,59,ITC,ITC1,1,Piemonte,Piemonte,4356406,4844838,111.21,0.11
2630,2021-06-08,PIE,37651,19497,18154,34113,2841,697,ITC,ITC1,1,Piemonte,Piemonte,4356406,4882489,112.08,0.86
2631,2021-08-04,PIE,28955,15263,13692,8797,19719,439,ITC,ITC1,1,Piemonte,Piemonte,4356406,4911444,112.74,0.66
2632,2021-04-26,PIE,19802,8753,11049,14908,4398,496,ITC,ITC1,1,Piemonte,Piemonte,4356406,4931246,113.2,0.45
2633,2021-05-03,PIE,26681,12204,14477,12041,14207,433,ITC,ITC1,1,Piemonte,Piemonte,4356406,4957927,113.81,0.61
2634,2021-02-26,PIE,12286,4930,7356,11345,736,205,ITC,ITC1,1,Piemonte,Piemonte,4356406,4970213,114.09,0.28
2635,2021-04-24,PIE,27497,12431,15066,21288,5657,552,ITC,ITC1,1,Piemonte,Piemonte,4356406,4997710,114.72,0.63
2636,2021-01-14,PIE,9757,3147,6610,9751,0,6,ITC,ITC1,1,Piemonte,Piemonte,4356406,5007467,114.94,0.22
2637,2021-07-03,UMB,6470,3245,3225,2920,3494,56,ITI,ITI2,10,Umbria,Umbria,882015,6470,0.73,0.73
2638,2021-07-20,UMB,8260,4105,4155,1146,7081,33,ITI,ITI2,10,Umbria,Umbria,882015,14730,1.67,0.94
2639,2021-07-22,UMB,9945,4843,5102,1651,8238,56,ITI,ITI2,10,Umbria,Umbria,882015,24675,2.8,1.13
2640,2021-04-23,UMB,6635,2803,3832,3301,3138,196,ITI,ITI2,10,Umbria,Umbria,882015,31310,3.55,0.75
2641,2021-02-25,UMB,1332,495,837,1272,52,8,ITI,ITI2,10,Umbria,Umbria,882015,32642,3.7,0.15
2642,2021-03-11,UMB,3583,1723,1860,2564,1006,13,ITI,ITI2,10,Umbria,Umbria,882015,36225,4.11,0.41
2643,2021-01-13,UMB,449,139,310,449,0,0,ITI,ITI2,10,Umbria,Umbria,882015,36674,4.16,0.05
2644,2021-06-19,UMB,4569,2199,2370,2534,2031,4,ITI,ITI2,10,Umbria,Umbria,882015,41243,4.68,0.52
2645,2021-01-06,UMB,847,326,521,847,0,0,ITI,ITI2,10,Umbria,Umbria,882015,42090,4.77,0.1
2646,2021-06-12,UMB,7715,3686,4029,6118,1579,18,ITI,ITI2,10,Umbria,Umbria,882015,49805,5.65,0.87
2647,2021-04-16,UMB,8098,3742,4356,6082,1838,178,ITI,ITI2,10,Umbria,Umbria,882015,57903,6.56,0.92
2648,2021-04-30,UMB,6253,2971,3282,2735,3397,121,ITI,ITI2,10,Umbria,Umbria,882015,64156,7.27,0.71
2649,2021-03-04,UMB,4484,1855,2629,3643,827,14,ITI,ITI2,10,Umbria,Umbria,882015,68640,7.78,0.51
2650,2021-01-20,UMB,602,221,381,602,0,0,ITI,ITI2,10,Umbria,Umbria,882015,69242,7.85,0.07
2651,2021-03-23,UMB,3824,1713,2111,2158,1629,37,ITI,ITI2,10,Umbria,Umbria,882015,73066,8.28,0.43
2652,2021-07-01,UMB,9681,4792,4889,3358,6281,42,ITI,ITI2,10,Umbria,Umbria,882015,82747,9.38,1.1
2653,2021-02-08,UMB,635,203,432,88,547,0,ITI,ITI2,10,Umbria,Umbria,882015,83382,9.45,0.07
2654,2021-05-19,UMB,9418,4216,5202,5589,3743,86,ITI,ITI2,10,Umbria,Umbria,882015,92800,10.52,1.07
2655,2021-02-06,UMB,404,139,265,34,370,0,ITI,ITI2,10,Umbria,Umbria,882015,93204,10.57,0.05
2656,2021-07-29,UMB,8170,4212,3958,2186,5909,75,ITI,ITI2,10,Umbria,Umbria,882015,101374,11.49,0.93
2657,2021-05-07,UMB,10118,4711,5407,6707,3190,221,ITI,ITI2,10,Umbria,Umbria,882015,111492,12.64,1.15
2658,2021-06-02,UMB,3918,1884,2034,3876,42,0,ITI,ITI2,10,Umbria,Umbria,882015,115410,13.08,0.44
2659,2021-02-20,UMB,283,101,182,259,24,0,ITI,ITI2,10,Umbria,Umbria,882015,115693,13.12,0.03
2660,2021-03-09,UMB,4088,2000,2088,2791,1288,9,ITI,ITI2,10,Umbria,Umbria,882015,119781,13.58,0.46
2661,2021-04-06,UMB,5290,2167,3123,2864,2389,37,ITI,ITI2,10,Umbria,Umbria,882015,125071,14.18,0.6
2662,2021-03-28,UMB,1095,441,654,1040,24,31,ITI,ITI2,10,Umbria,Umbria,882015,126166,14.3,0.12
2663,2021-01-30,UMB,1575,486,1089,44,1531,0,ITI,ITI2,10,Umbria,Umbria,882015,127741,14.48,0.18
2664,2021-07-15,UMB,10562,5175,5387,608,9902,52,ITI,ITI2,10,Umbria,Umbria,882015,138303,15.68,1.2
2665,2021-06-14,UMB,5378,2745,2633,3361,2010,7,ITI,ITI2,10,Umbria,Umbria,882015,143681,16.29,0.61
2666,2021-02-13,UMB,114,27,87,111,3,0,ITI,ITI2,10,Umbria,Umbria,882015,143795,16.3,0.01
2667,2021-05-24,UMB,9061,4512,4549,8016,879,166,ITI,ITI2,10,Umbria,Umbria,882015,152856,17.33,1.03
2668,2021-04-18,UMB,1531,681,850,578,930,23,ITI,ITI2,10,Umbria,Umbria,882015,154387,17.5,0.17
2669,2021-01-11,UMB,1304,341,963,1304,0,0,ITI,ITI2,10,Umbria,Umbria,882015,155691,17.65,0.15
2670,2021-07-27,UMB,8130,4084,4046,2753,5322,55,ITI,ITI2,10,Umbria,Umbria,882015,163821,18.57,0.92
2671,2021-05-05,UMB,7222,3305,3917,3835,3306,81,ITI,ITI2,10,Umbria,Umbria,882015,171043,19.39,0.82
2672,2021-01-25,UMB,648,323,325,5,643,0,ITI,ITI2,10,Umbria,Umbria,882015,171691,19.47,0.07
2673,2021-01-01,UMB,273,104,169,273,0,0,ITI,ITI2,10,Umbria,Umbria,882015,171964,19.5,0.03
2674,2021-04-11,UMB,3099,1505,1594,3033,49,17,ITI,ITI2,10,Umbria,Umbria,882015,175063,19.85,0.35
2675,2021-01-18,UMB,614,218,396,529,85,0,ITI,ITI2,10,Umbria,Umbria,882015,175677,19.92,0.07
2676,2021-05-30,UMB,5982,2999,2983,5664,202,116,ITI,ITI2,10,Umbria,Umbria,882015,181659,20.6,0.68
2677,2021-05-26,UMB,9651,4566,5085,8206,1250,195,ITI,ITI2,10,Umbria,Umbria,882015,191310,21.69,1.09
2678,2021-07-26,UMB,9072,4794,4278,3943,5073,56,ITI,ITI2,10,Umbria,Umbria,882015,200382,22.72,1.03
2679,2021-03-18,UMB,2965,1171,1794,1698,1262,5,ITI,ITI2,10,Umbria,Umbria,882015,203347,23.05,0.34
2680,2021-06-26,UMB,9320,4733,4587,5689,3627,4,ITI,ITI2,10,Umbria,Umbria,882015,212667,24.11,1.06
2681,2021-07-10,UMB,7682,3808,3874,71,7603,8,ITI,ITI2,10,Umbria,Umbria,882015,220349,24.98,0.87
2682,2021-05-31,UMB,5816,2845,2971,4854,884,78,ITI,ITI2,10,Umbria,Umbria,882015,226165,25.64,0.66
2683,2021-05-14,UMB,5327,2509,2818,3353,1817,157,ITI,ITI2,10,Umbria,Umbria,882015,231492,26.25,0.6
2684,2021-02-01,UMB,1284,341,943,48,1236,0,ITI,ITI2,10,Umbria,Umbria,882015,232776,26.39,0.15
2685,2021-02-18,UMB,1496,582,914,1029,466,1,ITI,ITI2,10,Umbria,Umbria,882015,234272,26.56,0.17
2686,2021-06-30,UMB,10480,5297,5183,3761,6712,7,ITI,ITI2,10,Umbria,Umbria,882015,244752,27.75,1.19
2687,2021-07-07,UMB,9488,4498,4990,92,9369,27,ITI,ITI2,10,Umbria,Umbria,882015,254240,28.82,1.08
2688,2021-04-25,UMB,4357,1684,2673,3866,82,409,ITI,ITI2,10,Umbria,Umbria,882015,258597,29.32,0.49
2689,2021-08-03,UMB,9174,4748,4426,3510,5500,164,ITI,ITI2,10,Umbria,Umbria,882015,267771,30.36,1.04
2690,2021-06-21,UMB,7501,3933,3568,5159,2337,5,ITI,ITI2,10,Umbria,Umbria,882015,275272,31.21,0.85
2691,2021-07-08,UMB,9562,4628,4934,179,9338,45,ITI,ITI2,10,Umbria,Umbria,882015,284834,32.29,1.08
2692,2021-05-12,UMB,6492,3026,3466,4199,2146,147,ITI,ITI2,10,Umbria,Umbria,882015,291326,33.03,0.74
2693,2021-03-30,UMB,3976,1730,2246,2400,1540,36,ITI,ITI2,10,Umbria,Umbria,882015,295302,33.48,0.45
2694,2020-12-27,UMB,85,44,41,85,0,0,ITI,ITI2,10,Umbria,Umbria,882015,295387,33.49,0.01
2695,2021-02-22,UMB,1889,807,1082,1803,86,0,ITI,ITI2,10,Umbria,Umbria,882015,297276,33.7,0.21
2696,2021-04-04,UMB,57,20,37,22,35,0,ITI,ITI2,10,Umbria,Umbria,882015,297333,33.71,0.01
2697,2021-06-07,UMB,6945,3427,3518,6243,695,7,ITI,ITI2,10,Umbria,Umbria,882015,304278,34.5,0.79
2698,2021-03-16,UMB,3538,1454,2084,1909,1627,2,ITI,ITI2,10,Umbria,Umbria,882015,307816,34.9,0.4
2699,2021-02-27,UMB,1658,354,1304,1642,16,0,ITI,ITI2,10,Umbria,Umbria,882015,309474,35.09,0.19
2700,2021-04-03,UMB,2098,712,1386,1034,1053,11,ITI,ITI2,10,Umbria,Umbria,882015,311572,35.33,0.24
2701,2021-07-12,UMB,4619,2235,2384,107,4503,9,ITI,ITI2,10,Umbria,Umbria,882015,316191,35.85,0.52
2702,2021-03-08,UMB,3696,1822,1874,2323,1361,12,ITI,ITI2,10,Umbria,Umbria,882015,319887,36.27,0.42
2703,2021-06-16,UMB,6318,3093,3225,3221,3095,2,ITI,ITI2,10,Umbria,Umbria,882015,326205,36.98,0.72
2704,2021-03-25,UMB,3930,1724,2206,2821,1064,45,ITI,ITI2,10,Umbria,Umbria,882015,330135,37.43,0.45
2705,2021-03-27,UMB,4251,1513,2738,3855,340,56,ITI,ITI2,10,Umbria,Umbria,882015,334386,37.91,0.48
2706,2021-05-28,UMB,9593,4439,5154,7113,2299,181,ITI,ITI2,10,Umbria,Umbria,882015,343979,39.0,1.09
2707,2021-04-15,UMB,7656,3502,4154,5698,1887,71,ITI,ITI2,10,Umbria,Umbria,882015,351635,39.87,0.87
2708,2021-02-17,UMB,1618,748,870,1266,351,1,ITI,ITI2,10,Umbria,Umbria,882015,353253,40.05,0.18
2709,2021-07-24,UMB,8686,4363,4323,1384,7273,29,ITI,ITI2,10,Umbria,Umbria,882015,361939,41.04,0.98
2710,2021-04-13,UMB,7678,3399,4279,5921,1668,89,ITI,ITI2,10,Umbria,Umbria,882015,369617,41.91,0.87
2711,2021-02-15,UMB,1367,692,675,1364,1,2,ITI,ITI2,10,Umbria,Umbria,882015,370984,42.06,0.15
2712,2021-01-03,UMB,270,112,158,270,0,0,ITI,ITI2,10,Umbria,Umbria,882015,371254,42.09,0.03
2713,2021-04-20,UMB,5450,2364,3086,3430,1947,73,ITI,ITI2,10,Umbria,Umbria,882015,376704,42.71,0.62
2714,2021-01-27,UMB,840,330,510,13,827,0,ITI,ITI2,10,Umbria,Umbria,882015,377544,42.8,0.1
2715,2021-01-10,UMB,1065,274,791,1065,0,0,ITI,ITI2,10,Umbria,Umbria,882015,378609,42.93,0.12
2716,2021-05-21,UMB,8976,3670,5306,4062,4829,85,ITI,ITI2,10,Umbria,Umbria,882015,387585,43.94,1.02
2717,2021-05-04,UMB,5539,2545,2994,2353,3125,61,ITI,ITI2,10,Umbria,Umbria,882015,393124,44.57,0.63
2718,2021-04-01,UMB,4373,1837,2536,2326,2010,37,ITI,ITI2,10,Umbria,Umbria,882015,397497,45.07,0.5
2719,2021-03-01,UMB,1505,775,730,1385,114,6,ITI,ITI2,10,Umbria,Umbria,882015,399002,45.24,0.17
2720,2021-06-09,UMB,8151,3948,4203,7416,722,13,ITI,ITI2,10,Umbria,Umbria,882015,407153,46.16,0.92
2721,2021-06-23,UMB,11207,5729,5478,7793,3405,9,ITI,ITI2,10,Umbria,Umbria,882015,418360,47.43,1.27
2722,2021-05-11,UMB,6237,2836,3401,3904,2193,140,ITI,ITI2,10,Umbria,Umbria,882015,424597,48.14,0.71
2723,2021-05-16,UMB,5219,2493,2726,5087,50,82,ITI,ITI2,10,Umbria,Umbria,882015,429816,48.73,0.59
2724,2021-08-05,UMB,9411,4937,4474,3767,5500,144,ITI,ITI2,10,Umbria,Umbria,882015,439227,49.8,1.07
2725,2021-07-19,UMB,7619,3802,3817,1541,6028,50,ITI,ITI2,10,Umbria,Umbria,882015,446846,50.66,0.86
2726,2021-04-27,UMB,5666,2401,3265,3054,2579,33,ITI,ITI2,10,Umbria,Umbria,882015,452512,51.3,0.64
2727,2021-02-03,UMB,724,174,550,67,657,0,ITI,ITI2,10,Umbria,Umbria,882015,453236,51.39,0.08
2728,2021-03-06,UMB,4304,1146,3158,4134,138,32,ITI,ITI2,10,Umbria,Umbria,882015,457540,51.87,0.49
2729,2021-01-22,UMB,276,105,171,32,244,0,ITI,ITI2,10,Umbria,Umbria,882015,457816,51.91,0.03
2730,2021-06-28,UMB,9760,4812,4948,3791,5968,1,ITI,ITI2,10,Umbria,Umbria,882015,467576,53.01,1.11
2731,2021-05-02,UMB,3781,1867,1914,1298,2454,29,ITI,ITI2,10,Umbria,Umbria,882015,471357,53.44,0.43
2732,2021-03-20,UMB,2319,845,1474,2290,25,4,ITI,ITI2,10,Umbria,Umbria,882015,473676,53.7,0.26
2733,2021-03-13,UMB,1735,524,1211,1486,249,0,ITI,ITI2,10,Umbria,Umbria,882015,475411,53.9,0.2
2734,2021-01-15,UMB,695,213,482,695,0,0,ITI,ITI2,10,Umbria,Umbria,882015,476106,53.98,0.08
2735,2021-01-29,UMB,1231,349,882,79,1152,0,ITI,ITI2,10,Umbria,Umbria,882015,477337,54.12,0.14
2736,2021-05-09,UMB,5755,2753,3002,5244,391,120,ITI,ITI2,10,Umbria,Umbria,882015,483092,54.77,0.65
2737,2021-07-09,UMB,9559,4629,4930,139,9406,14,ITI,ITI2,10,Umbria,Umbria,882015,492651,55.86,1.08
2738,2021-07-23,UMB,10617,5435,5182,1370,9192,55,ITI,ITI2,10,Umbria,Umbria,882015,503268,57.06,1.2
2739,2021-01-08,UMB,1187,344,843,1187,0,0,ITI,ITI2,10,Umbria,Umbria,882015,504455,57.19,0.13
2740,2021-05-23,UMB,5068,1854,3214,635,4416,17,ITI,ITI2,10,Umbria,Umbria,882015,509523,57.77,0.57
2741,2021-03-17,UMB,3329,1313,2016,1855,1472,2,ITI,ITI2,10,Umbria,Umbria,882015,512852,58.15,0.38
2742,2021-01-07,UMB,1300,387,913,1300,0,0,ITI,ITI2,10,Umbria,Umbria,882015,514152,58.29,0.15
2743,2021-06-25,UMB,10177,5288,4889,5395,4772,10,ITI,ITI2,10,Umbria,Umbria,882015,524329,59.45,1.15
2744,2021-03-15,UMB,4597,1941,2656,2828,1766,3,ITI,ITI2,10,Umbria,Umbria,882015,528926,59.97,0.52
2745,2021-02-10,UMB,715,350,365,700,15,0,ITI,ITI2,10,Umbria,Umbria,882015,529641,60.05,0.08
2746,2021-01-24,UMB,258,106,152,1,257,0,ITI,ITI2,10,Umbria,Umbria,882015,529899,60.08,0.03
2747,2021-06-18,UMB,4773,2355,2418,1613,3158,2,ITI,ITI2,10,Umbria,Umbria,882015,534672,60.62,0.54
2748,2021-07-05,UMB,8414,4079,4335,161,8246,7,ITI,ITI2,10,Umbria,Umbria,882015,543086,61.57,0.95
2749,2021-05-13,UMB,5920,2659,3261,3706,2085,129,ITI,ITI2,10,Umbria,Umbria,882015,549006,62.24,0.67
2750,2021-02-19,UMB,743,293,450,525,217,1,ITI,ITI2,10,Umbria,Umbria,882015,549749,62.33,0.08
2751,2021-07-31,UMB,4322,2258,2064,1490,2802,30,ITI,ITI2,10,Umbria,Umbria,882015,554071,62.82,0.49
2752,2021-04-22,UMB,5452,2249,3203,2701,2669,82,ITI,ITI2,10,Umbria,Umbria,882015,559523,63.44,0.62
2753,2021-04-17,UMB,6684,3070,3614,5178,1341,165,ITI,ITI2,10,Umbria,Umbria,882015,566207,64.19,0.76
2754,2021-01-05,UMB,854,429,425,854,0,0,ITI,ITI2,10,Umbria,Umbria,882015,567061,64.29,0.1
2755,2021-08-02,UMB,5524,2891,2633,262,5246,16,ITI,ITI2,10,Umbria,Umbria,882015,572585,64.92,0.63
2756,2021-06-20,UMB,6218,3006,3212,1613,4605,0,ITI,ITI2,10,Umbria,Umbria,882015,578803,65.62,0.7
2757,2021-04-24,UMB,4562,1961,2601,3275,1183,104,ITI,ITI2,10,Umbria,Umbria,882015,583365,66.14,0.52
2758,2021-02-05,UMB,780,234,546,18,762,0,ITI,ITI2,10,Umbria,Umbria,882015,584145,66.23,0.09
2759,2021-07-21,UMB,9838,4909,4929,1262,8525,51,ITI,ITI2,10,Umbria,Umbria,882015,593983,67.34,1.12
2760,2021-07-04,UMB,3406,1740,1666,2407,968,31,ITI,ITI2,10,Umbria,Umbria,882015,597389,67.73,0.39
2761,2021-04-12,UMB,7085,3081,4004,5311,1717,57,ITI,ITI2,10,Umbria,Umbria,882015,604474,68.53,0.8
2762,2021-07-16,UMB,9619,4895,4724,703,8876,40,ITI,ITI2,10,Umbria,Umbria,882015,614093,69.62,1.09
2763,2021-05-20,UMB,9849,4598,5251,6104,3657,88,ITI,ITI2,10,Umbria,Umbria,882015,623942,70.74,1.12
2764,2021-03-29,UMB,3631,1601,2030,2152,1421,58,ITI,ITI2,10,Umbria,Umbria,882015,627573,71.15,0.41
2765,2021-01-31,UMB,1058,276,782,25,1033,0,ITI,ITI2,10,Umbria,Umbria,882015,628631,71.27,0.12
2766,2021-05-25,UMB,8815,4301,4514,7584,1063,168,ITI,ITI2,10,Umbria,Umbria,882015,637446,72.27,1.0
2767,2021-06-08,UMB,7378,3641,3737,6812,547,19,ITI,ITI2,10,Umbria,Umbria,882015,644824,73.11,0.84
2768,2021-06-27,UMB,7456,3730,3726,1771,5684,1,ITI,ITI2,10,Umbria,Umbria,882015,652280,73.95,0.85
2769,2021-03-31,UMB,3896,1727,2169,2179,1685,32,ITI,ITI2,10,Umbria,Umbria,882015,656176,74.4,0.44
2770,2021-02-16,UMB,1308,655,653,1299,9,0,ITI,ITI2,10,Umbria,Umbria,882015,657484,74.54,0.15
2771,2021-05-27,UMB,9972,4865,5107,8475,1318,179,ITI,ITI2,10,Umbria,Umbria,882015,667456,75.67,1.13
2772,2021-01-04,UMB,809,398,411,809,0,0,ITI,ITI2,10,Umbria,Umbria,882015,668265,75.77,0.09
2773,2021-04-14,UMB,8154,3681,4473,6098,1979,77,ITI,ITI2,10,Umbria,Umbria,882015,676419,76.69,0.92
2774,2021-06-03,UMB,9040,4470,4570,8746,289,5,ITI,ITI2,10,Umbria,Umbria,882015,685459,77.72,1.02
2775,2021-04-07,UMB,5576,2293,3283,3485,2006,85,ITI,ITI2,10,Umbria,Umbria,882015,691035,78.35,0.63
2776,2021-02-23,UMB,1691,657,1034,1649,42,0,ITI,ITI2,10,Umbria,Umbria,882015,692726,78.54,0.19
2777,2021-01-12,UMB,834,247,587,834,0,0,ITI,ITI2,10,Umbria,Umbria,882015,693560,78.63,0.09
2778,2021-03-14,UMB,66,48,18,66,0,0,ITI,ITI2,10,Umbria,Umbria,882015,693626,78.64,0.01
2779,2021-06-22,UMB,8037,4081,3956,5239,2792,6,ITI,ITI2,10,Umbria,Umbria,882015,701663,79.55,0.91
2780,2021-03-12,UMB,2694,1082,1612,2191,495,8,ITI,ITI2,10,Umbria,Umbria,882015,704357,79.86,0.31
2781,2021-03-21,UMB,675,338,337,672,0,3,ITI,ITI2,10,Umbria,Umbria,882015,705032,79.93,0.08
2782,2021-06-29,UMB,9889,5035,4854,4193,5690,6,ITI,ITI2,10,Umbria,Umbria,882015,714921,81.06,1.12
2783,2021-05-17,UMB,6370,3062,3308,4138,2177,55,ITI,ITI2,10,Umbria,Umbria,882015,721291,81.78,0.72
2784,2021-01-14,UMB,723,192,531,723,0,0,ITI,ITI2,10,Umbria,Umbria,882015,722014,81.86,0.08
2785,2021-03-19,UMB,1741,565,1176,1080,656,5,ITI,ITI2,10,Umbria,Umbria,882015,723755,82.06,0.2
2786,2021-01-19,UMB,102,23,79,102,0,0,ITI,ITI2,10,Umbria,Umbria,882015,723857,82.07,0.01
2787,2021-04-29,UMB,5215,2250,2965,2807,2320,88,ITI,ITI2,10,Umbria,Umbria,882015,729072,82.66,0.59
2788,2021-03-24,UMB,4104,1792,2312,2744,1323,37,ITI,ITI2,10,Umbria,Umbria,882015,733176,83.13,0.47
2789,2021-07-02,UMB,8737,4323,4414,3046,5600,91,ITI,ITI2,10,Umbria,Umbria,882015,741913,84.12,0.99
2790,2021-04-10,UMB,7393,3478,3915,7177,84,132,ITI,ITI2,10,Umbria,Umbria,882015,749306,84.95,0.84
2791,2021-01-17,UMB,54,17,37,54,0,0,ITI,ITI2,10,Umbria,Umbria,882015,749360,84.96,0.01
2792,2020-12-31,UMB,322,127,195,322,0,0,ITI,ITI2,10,Umbria,Umbria,882015,749682,85.0,0.04
2793,2021-08-04,UMB,10470,5439,5031,3234,7092,144,ITI,ITI2,10,Umbria,Umbria,882015,760152,86.18,1.19
2794,2021-06-01,UMB,4381,2089,2292,4224,155,2,ITI,ITI2,10,Umbria,Umbria,882015,764533,86.68,0.5
2795,2021-03-10,UMB,4030,1942,2088,2759,1256,15,ITI,ITI2,10,Umbria,Umbria,882015,768563,87.14,0.46
2796,2021-01-16,UMB,217,71,146,216,0,1,ITI,ITI2,10,Umbria,Umbria,882015,768780,87.16,0.02
2797,2021-02-02,UMB,942,272,670,32,910,0,ITI,ITI2,10,Umbria,Umbria,882015,769722,87.27,0.11
2798,2021-04-26,UMB,5398,2341,3057,3104,2254,40,ITI,ITI2,10,Umbria,Umbria,882015,775120,87.88,0.61
2799,2021-04-09,UMB,6733,3126,3607,6405,210,118,ITI,ITI2,10,Umbria,Umbria,882015,781853,88.64,0.76
2800,2021-05-18,UMB,7750,3356,4394,3828,3841,81,ITI,ITI2,10,Umbria,Umbria,882015,789603,89.52,0.88
2801,2021-03-22,UMB,3561,1656,1905,2305,1246,10,ITI,ITI2,10,Umbria,Umbria,882015,793164,89.93,0.4
2802,2021-04-05,UMB,4249,1729,2520,2182,2055,12,ITI,ITI2,10,Umbria,Umbria,882015,797413,90.41,0.48
2803,2021-02-07,UMB,54,17,37,1,53,0,ITI,ITI2,10,Umbria,Umbria,882015,797467,90.41,0.01
2804,2021-07-14,UMB,6195,3007,3188,1749,4260,186,ITI,ITI2,10,Umbria,Umbria,882015,803662,91.12,0.7
2805,2021-08-01,UMB,3017,1530,1487,1339,1649,29,ITI,ITI2,10,Umbria,Umbria,882015,806679,91.46,0.34
2806,2021-07-28,UMB,8227,4327,3900,3019,5149,59,ITI,ITI2,10,Umbria,Umbria,882015,814906,92.39,0.93
2807,2021-06-15,UMB,5978,3013,2965,3905,2068,5,ITI,ITI2,10,Umbria,Umbria,882015,820884,93.07,0.68
2808,2021-06-17,UMB,6968,3542,3426,4874,2079,15,ITI,ITI2,10,Umbria,Umbria,882015,827852,93.86,0.79
2809,2021-03-26,UMB,4592,1716,2876,4345,172,75,ITI,ITI2,10,Umbria,Umbria,882015,832444,94.38,0.52
2810,2021-01-02,UMB,304,111,193,304,0,0,ITI,ITI2,10,Umbria,Umbria,882015,832748,94.41,0.03
2811,2021-01-26,UMB,815,389,426,17,798,0,ITI,ITI2,10,Umbria,Umbria,882015,833563,94.51,0.09
2812,2021-02-12,UMB,670,224,446,664,6,0,ITI,ITI2,10,Umbria,Umbria,882015,834233,94.58,0.08
2813,2021-02-26,UMB,660,253,407,650,8,2,ITI,ITI2,10,Umbria,Umbria,882015,834893,94.66,0.07
2814,2021-05-06,UMB,9457,4317,5140,6022,3314,121,ITI,ITI2,10,Umbria,Umbria,882015,844350,95.73,1.07
2815,2021-03-07,UMB,845,180,665,837,7,1,ITI,ITI2,10,Umbria,Umbria,882015,845195,95.83,0.1
2816,2021-05-29,UMB,7858,3612,4246,6177,1567,114,ITI,ITI2,10,Umbria,Umbria,882015,853053,96.72,0.89
2817,2021-02-11,UMB,839,348,491,834,5,0,ITI,ITI2,10,Umbria,Umbria,882015,853892,96.81,0.1
2818,2021-05-22,UMB,6972,2755,4217,2600,4326,46,ITI,ITI2,10,Umbria,Umbria,882015,860864,97.6,0.79
2819,2021-07-11,UMB,5874,2966,2908,89,5784,1,ITI,ITI2,10,Umbria,Umbria,882015,866738,98.27,0.67
2820,2021-04-02,UMB,4343,1778,2565,3544,755,44,ITI,ITI2,10,Umbria,Umbria,882015,871081,98.76,0.49
2821,2021-01-09,UMB,1717,495,1222,1717,0,0,ITI,ITI2,10,Umbria,Umbria,882015,872798,98.96,0.19
2822,2021-04-19,UMB,5034,2227,2807,2931,2048,55,ITI,ITI2,10,Umbria,Umbria,882015,877832,99.53,0.57
2823,2021-04-28,UMB,5390,2330,3060,2949,2396,45,ITI,ITI2,10,Umbria,Umbria,882015,883222,100.14,0.61
2824,2021-02-04,UMB,734,226,508,26,708,0,ITI,ITI2,10,Umbria,Umbria,882015,883956,100.22,0.08
2825,2021-05-15,UMB,4992,1883,3109,1765,3164,63,ITI,ITI2,10,Umbria,Umbria,882015,888948,100.79,0.57
2826,2021-06-10,UMB,7551,3761,3790,6753,784,14,ITI,ITI2,10,Umbria,Umbria,882015,896499,101.64,0.86
2827,2021-07-18,UMB,7853,4063,3790,296,7553,4,ITI,ITI2,10,Umbria,Umbria,882015,904352,102.53,0.89
2828,2021-06-05,UMB,8225,3775,4450,5562,2655,8,ITI,ITI2,10,Umbria,Umbria,882015,912577,103.47,0.93
2829,2021-07-25,UMB,7305,3849,3456,1197,6095,13,ITI,ITI2,10,Umbria,Umbria,882015,919882,104.29,0.83
2830,2021-07-13,UMB,4229,2006,2223,81,4142,6,ITI,ITI2,10,Umbria,Umbria,882015,924111,104.77,0.48
2831,2021-04-21,UMB,5324,2318,3006,3057,2229,38,ITI,ITI2,10,Umbria,Umbria,882015,929435,105.38,0.6
2832,2021-07-30,UMB,6165,3216,2949,3235,2872,58,ITI,ITI2,10,Umbria,Umbria,882015,935600,106.08,0.7
2833,2021-03-02,UMB,3641,1346,2295,3634,4,3,ITI,ITI2,10,Umbria,Umbria,882015,939241,106.49,0.41
2834,2021-06-24,UMB,10146,5115,5031,6137,4002,7,ITI,ITI2,10,Umbria,Umbria,882015,949387,107.64,1.15
2835,2021-06-11,UMB,6993,3515,3478,6212,770,11,ITI,ITI2,10,Umbria,Umbria,882015,956380,108.43,0.79
2836,2021-04-08,UMB,5865,2509,3356,4005,1790,70,ITI,ITI2,10,Umbria,Umbria,882015,962245,109.1,0.66
2837,2021-07-17,UMB,7661,3853,3808,1366,6228,67,ITI,ITI2,10,Umbria,Umbria,882015,969906,109.96,0.87
2838,2021-06-04,UMB,8914,4406,4508,7703,1199,12,ITI,ITI2,10,Umbria,Umbria,882015,978820,110.98,1.01
2839,2021-06-13,UMB,6763,3556,3207,6526,230,7,ITI,ITI2,10,Umbria,Umbria,882015,985583,111.74,0.77
2840,2021-05-01,UMB,5370,2638,2732,2096,3230,44,ITI,ITI2,10,Umbria,Umbria,882015,990953,112.35,0.61
2841,2021-03-05,UMB,4618,1402,3216,3947,656,15,ITI,ITI2,10,Umbria,Umbria,882015,995571,112.87,0.52
2842,2021-03-03,UMB,4432,1772,2660,3718,711,3,ITI,ITI2,10,Umbria,Umbria,882015,1000003,113.38,0.5
2843,2021-06-06,UMB,7609,3905,3704,6907,694,8,ITI,ITI2,10,Umbria,Umbria,882015,1007612,114.24,0.86
2844,2021-02-24,UMB,1518,563,955,1503,15,0,ITI,ITI2,10,Umbria,Umbria,882015,1009130,114.41,0.17
2845,2021-07-06,UMB,8593,4093,4500,152,8420,21,ITI,ITI2,10,Umbria,Umbria,882015,1017723,115.39,0.97
2846,2021-05-10,UMB,5996,2803,3193,3765,2148,83,ITI,ITI2,10,Umbria,Umbria,882015,1023719,116.07,0.68
2847,2021-05-08,UMB,8139,3742,4397,4799,3238,102,ITI,ITI2,10,Umbria,Umbria,882015,1031858,116.99,0.92
2848,2021-01-28,UMB,1248,394,854,18,1230,0,ITI,ITI2,10,Umbria,Umbria,882015,1033106,117.13,0.14
2849,2021-05-03,UMB,5086,2270,2816,2098,2887,101,ITI,ITI2,10,Umbria,Umbria,882015,1038192,117.71,0.58
2850,2021-01-23,UMB,280,100,180,2,278,0,ITI,ITI2,10,Umbria,Umbria,882015,1038472,117.74,0.03
2851,2021-01-21,UMB,608,202,406,338,269,1,ITI,ITI2,10,Umbria,Umbria,882015,1039080,117.81,0.07
2852,2021-02-05,VDA,295,102,193,102,193,0,ITC,ITC2,2,Valle d'Aosta / Vallée d'Aoste,Valle d'Aosta,125666,295,0.23,0.23
2853,2021-02-22,VDA,316,94,222,210,103,3,ITC,ITC2,2,Valle d'Aosta / Vallée d'Aoste,Valle d'Aosta,125666,611,0.49,0.25
2854,2021-05-16,VDA,689,341,348,340,341,8,ITC,ITC2,2,Valle d'Aosta / Vallée d'Aoste,Valle d'Aosta,125666,1300,1.03,0.55
2855,2021-03-08,VDA,486,233,253,238,245,3,ITC,ITC2,2,Valle d'Aosta / Vallée d'Aoste,Valle d'Aosta,125666,1786,1.42,0.39
2856,2021-05-04,VDA,1135,510,625,434,673,28,ITC,ITC2,2,Valle d'Aosta / Vallée d'Aoste,Valle d'Aosta,125666,2921,2.32,0.9
2857,2021-06-16,VDA,722,386,336,641,77,4,ITC,ITC2,2,Valle d'Aosta / Vallée d'Aoste,Valle d'Aosta,125666,3643,2.9,0.57
2858,2021-03-15,VDA,363,124,239,151,203,9,ITC,ITC2,2,Valle d'Aosta / Vallée d'Aoste,Valle d'Aosta,125666,4006,3.19,0.29
2859,2021-05-11,VDA,647,325,322,469,150,28,ITC,ITC2,2,Valle d'Aosta / Vallée d'Aoste,Valle d'Aosta,125666,4653,3.7,0.51
2860,2021-04-27,VDA,978,423,555,650,292,36,ITC,ITC2,2,Valle d'Aosta / Vallée d'Aoste,Valle d'Aosta,125666,5631,4.48,0.78
2861,2021-01-17,VDA,131,56,75,131,0,0,ITC,ITC2,2,Valle d'Aosta / Vallée d'Aoste,Valle d'Aosta,125666,5762,4.59,0.1
2862,2021-06-23,VDA,1043,551,492,423,616,4,ITC,ITC2,2,Valle d'Aosta / Vallée d'Aoste,Valle d'Aosta,125666,6805,5.42,0.83
2863,2021-02-03,VDA,352,114,238,14,338,0,ITC,ITC2,2,Valle d'Aosta / Vallée d'Aoste,Valle d'Aosta,125666,7157,5.7,0.28
2864,2021-04-01,VDA,778,394,384,747,12,19,ITC,ITC2,2,Valle d'Aosta / Vallée d'Aoste,Valle d'Aosta,125666,7935,6.31,0.62
2865,2021-01-27,VDA,152,72,80,79,73,0,ITC,ITC2,2,Valle d'Aosta / Vallée d'Aoste,Valle d'Aosta,125666,8087,6.44,0.12
2866,2021-04-20,VDA,933,430,503,707,194,32,ITC,ITC2,2,Valle d'Aosta / Vallée d'Aoste,Valle d'Aosta,125666,9020,7.18,0.74
2867,2021-01-10,VDA,220,71,149,208,0,12,ITC,ITC2,2,Valle d'Aosta / Vallée d'Aoste,Valle d'Aosta,125666,9240,7.35,0.18
2868,2020-12-27,VDA,20,9,11,20,0,0,ITC,ITC2,2,Valle d'Aosta / Vallée d'Aoste,Valle d'Aosta,125666,9260,7.37,0.02
2869,2021-04-15,VDA,811,377,434,639,139,33,ITC,ITC2,2,Valle d'Aosta / Vallée d'Aoste,Valle d'Aosta,125666,10071,8.01,0.65
2870,2021-07-07,VDA,792,439,353,413,362,17,ITC,ITC2,2,Valle d'Aosta / Vallée d'Aoste,Valle d'Aosta,125666,10863,8.64,0.63
2871,2021-07-24,VDA,1018,535,483,332,683,3,ITC,ITC2,2,Valle d'Aosta / Vallée d'Aoste,Valle d'Aosta,125666,11881,9.45,0.81
2872,2021-05-30,VDA,865,429,436,682,171,12,ITC,ITC2,2,Valle d'Aosta / Vallée d'Aoste,Valle d'Aosta,125666,12746,10.14,0.69
2873,2021-07-26,VDA,1004,512,492,319,685,0,ITC,ITC2,2,Valle d'Aosta / Vallée d'Aoste,Valle d'Aosta,125666,13750,10.94,0.8
2874,2021-05-28,VDA,975,414,561,544,412,19,ITC,ITC2,2,Valle d'Aosta / Vallée d'Aoste,Valle d'Aosta,125666,14725,11.72,0.78
2875,2021-02-17,VDA,327,144,183,223,100,4,ITC,ITC2,2,Valle d'Aosta / Vallée d'Aoste,Valle d'Aosta,125666,15052,11.98,0.26
2876,2021-05-02,VDA,765,345,420,581,160,24,ITC,ITC2,2,Valle d'Aosta / Vallée d'Aoste,Valle d'Aosta,125666,15817,12.59,0.61
2877,2021-01-22,VDA,56,21,35,20,36,0,ITC,ITC2,2,Valle d'Aosta / Vallée d'Aoste,Valle d'Aosta,125666,15873,12.63,0.04
2878,2021-01-08,VDA,301,131,170,301,0,0,ITC,ITC2,2,Valle d'Aosta / Vallée d'Aoste,Valle d'Aosta,125666,16174,12.87,0.24
2879,2021-03-06,VDA,22,4,18,18,0,4,ITC,ITC2,2,Valle d'Aosta / Vallée d'Aoste,Valle d'Aosta,125666,16196,12.89,0.02
2880,2021-07-12,VDA,979,483,496,239,732,8,ITC,ITC2,2,Valle d'Aosta / Vallée d'Aoste,Valle d'Aosta,125666,17175,13.67,0.78
2881,2021-04-03,VDA,676,341,335,649,15,12,ITC,ITC2,2,Valle d'Aosta / Vallée d'Aoste,Valle d'Aosta,125666,17851,14.21,0.54
2882,2021-03-20,VDA,208,86,122,167,36,5,ITC,ITC2,2,Valle d'Aosta / Vallée d'Aoste,Valle d'Aosta,125666,18059,14.37,0.17
2883,2021-06-28,VDA,987,496,491,326,658,3,ITC,ITC2,2,Valle d'Aosta / Vallée d'Aoste,Valle d'Aosta,125666,19046,15.16,0.79
2884,2021-06-11,VDA,1047,483,564,755,283,9,ITC,ITC2,2,Valle d'Aosta / Vallée d'Aoste,Valle d'Aosta,125666,20093,15.99,0.83
2885,2021-05-23,VDA,999,465,534,653,340,6,ITC,ITC2,2,Valle d'Aosta / Vallée d'Aoste,Valle d'Aosta,125666,21092,16.78,0.79
2886,2021-06-04,VDA,909,384,525,469,434,6,ITC,ITC2,2,Valle d'Aosta / Vallée d'Aoste,Valle d'Aosta,125666,22001,17.51,0.72
2887,2021-07-23,VDA,971,484,487,364,606,1,ITC,ITC2,2,Valle d'Aosta / Vallée d'Aoste,Valle d'Aosta,125666,22972,18.28,0.77
2888,2021-07-19,VDA,878,460,418,259,619,0,ITC,ITC2,2,Valle d'Aosta / Vallée d'Aoste,Valle d'Aosta,125666,23850,18.98,0.7
2889,2021-02-24,VDA,183,82,101,163,19,1,ITC,ITC2,2,Valle d'Aosta / Vallée d'Aoste,Valle d'Aosta,125666,24033,19.12,0.15
2890,2021-04-08,VDA,584,282,302,419,143,22,ITC,ITC2,2,Valle d'Aosta / Vallée d'Aoste,Valle d'Aosta,125666,24617,19.59,0.46
2891,2021-06-13,VDA,853,401,452,371,479,3,ITC,ITC2,2,Valle d'Aosta / Vallée d'Aoste,Valle d'Aosta,125666,25470,20.27,0.68
2892,2021-06-09,VDA,1028,536,492,985,35,8,ITC,ITC2,2,Valle d'Aosta / Vallée d'Aoste,Valle d'Aosta,125666,26498,21.09,0.82
2893,2021-03-01,VDA,181,66,115,139,34,8,ITC,ITC2,2,Valle d'Aosta / Vallée d'Aoste,Valle d'Aosta,125666,26679,21.23,0.14
2894,2021-02-15,VDA,264,136,128,225,35,4,ITC,ITC2,2,Valle d'Aosta / Vallée d'Aoste,Valle d'Aosta,125666,26943,21.44,0.21
2895,2021-04-13,VDA,373,171,202,311,44,18,ITC,ITC2,2,Valle d'Aosta / Vallée d'Aoste,Valle d'Aosta,125666,27316,21.74,0.3
2896,2021-07-05,VDA,834,355,479,312,508,14,ITC,ITC2,2,Valle d'Aosta / Vallée d'Aoste,Valle d'Aosta,125666,28150,22.4,0.66
2897,2021-03-27,VDA,333,164,169,289,31,13,ITC,ITC2,2,Valle d'Aosta / Vallée d'Aoste,Valle d'Aosta,125666,28483,22.67,0.26
2898,2021-06-18,VDA,999,443,556,589,400,10,ITC,ITC2,2,Valle d'Aosta / Vallée d'Aoste,Valle d'Aosta,125666,29482,23.46,0.79
2899,2021-06-30,VDA,1118,543,575,416,693,9,ITC,ITC2,2,Valle d'Aosta / Vallée d'Aoste,Valle d'Aosta,125666,30600,24.35,0.89
2900,2021-03-13,VDA,147,88,59,141,0,6,ITC,ITC2,2,Valle d'Aosta / Vallée d'Aoste,Valle d'Aosta,125666,30747,24.47,0.12
2901,2021-01-15,VDA,218,82,136,218,0,0,ITC,ITC2,2,Valle d'Aosta / Vallée d'Aoste,Valle d'Aosta,125666,30965,24.64,0.17
2902,2021-02-10,VDA,248,77,171,141,107,0,ITC,ITC2,2,Valle d'Aosta / Vallée d'Aoste,Valle d'Aosta,125666,31213,24.84,0.2
2903,2021-03-25,VDA,389,154,235,364,10,15,ITC,ITC2,2,Valle d'Aosta / Vallée d'Aoste,Valle d'Aosta,125666,31602,25.15,0.31
2904,2021-05-21,VDA,921,436,485,516,390,15,ITC,ITC2,2,Valle d'Aosta / Vallée d'Aoste,Valle d'Aosta,125666,32523,25.88,0.73
2905,2021-04-17,VDA,638,407,231,593,2,43,ITC,ITC2,2,Valle d'Aosta / Vallée d'Aoste,Valle d'Aosta,125666,33161,26.39,0.51
2906,2021-01-07,VDA,277,111,166,277,0,0,ITC,ITC2,2,Valle d'Aosta / Vallée d'Aoste,Valle d'Aosta,125666,33438,26.61,0.22
2907,2021-02-19,VDA,292,102,190,266,24,2,ITC,ITC2,2,Valle d'Aosta / Vallée d'Aoste,Valle d'Aosta,125666,33730,26.84,0.23
2908,2021-01-29,VDA,321,139,182,2,319,0,ITC,ITC2,2,Valle d'Aosta / Vallée d'Aoste,Valle d'Aosta,125666,34051,27.1,0.26
2909,2021-04-22,VDA,1068,450,618,652,383,33,ITC,ITC2,2,Valle d'Aosta / Vallée d'Aoste,Valle d'Aosta,125666,35119,27.95,0.85
2910,2021-05-09,VDA,574,287,287,425,130,19,ITC,ITC2,2,Valle d'Aosta / Vallée d'Aoste,Valle d'Aosta,125666,35693,28.4,0.46
2911,2021-07-31,VDA,889,464,425,320,558,11,ITC,ITC2,2,Valle d'Aosta / Vallée d'Aoste,Valle d'Aosta,125666,36582,29.11,0.71
2912,2021-03-17,VDA,433,185,248,259,160,14,ITC,ITC2,2,Valle d'Aosta / Vallée d'Aoste,Valle d'Aosta,125666,37015,29.46,0.34
2913,2021-01-19,VDA,256,77,179,256,0,0,ITC,ITC2,2,Valle d'Aosta / Vallée d'Aoste,Valle d'Aosta,125666,37271,29.66,0.2
2914,2021-04-12,VDA,487,187,300,306,164,17,ITC,ITC2,2,Valle d'Aosta / Vallée d'Aoste,Valle d'Aosta,125666,37758,30.05,0.39
2915,2021-04-29,VDA,1291,634,657,739,531,21,ITC,ITC2,2,Valle d'Aosta / Vallée d'Aoste,Valle d'Aosta,125666,39049,31.07,1.03
2916,2021-07-21,VDA,1164,635,529,312,849,3,ITC,ITC2,2,Valle d'Aosta / Vallée d'Aoste,Valle d'Aosta,125666,40213,32.0,0.93
2917,2021-07-04,VDA,1191,530,661,340,836,15,ITC,ITC2,2,Valle d'Aosta / Vallée d'Aoste,Valle d'Aosta,125666,41404,32.95,0.95
2918,2021-06-08,VDA,712,356,356,675,33,4,ITC,ITC2,2,Valle d'Aosta / Vallée d'Aoste,Valle d'Aosta,125666,42116,33.51,0.57
2919,2021-02-26,VDA,208,58,150,108,86,14,ITC,ITC2,2,Valle d'Aosta / Vallée d'Aoste,Valle d'Aosta,125666,42324,33.68,0.17
2920,2021-04-10,VDA,405,191,214,388,5,12,ITC,ITC2,2,Valle d'Aosta / Vallée d'Aoste,Valle d'Aosta,125666,42729,34.0,0.32
2921,2020-12-31,VDA,18,4,14,18,0,0,ITC,ITC2,2,Valle d'Aosta / Vallée d'Aoste,Valle d'Aosta,125666,42747,34.02,0.01
2922,2021-06-06,VDA,1160,582,578,782,373,5,ITC,ITC2,2,Valle d'Aosta / Vallée d'Aoste,Valle d'Aosta,125666,43907,34.94,0.92
2923,2021-06-15,VDA,876,479,397,608,255,13,ITC,ITC2,2,Valle d'Aosta / Vallée d'Aoste,Valle d'Aosta,125666,44783,35.64,0.7
2924,2021-05-25,VDA,1115,530,585,529,574,12,ITC,ITC2,2,Valle d'Aosta / Vallée d'Aoste,Valle d'Aosta,125666,45898,36.52,0.89
2925,2021-02-14,VDA,48,16,32,1,47,0,ITC,ITC2,2,Valle d'Aosta / Vallée d'Aoste,Valle d'Aosta,125666,45946,36.56,0.04
2926,2021-05-08,VDA,904,540,364,498,378,28,ITC,ITC2,2,Valle d'Aosta / Vallée d'Aoste,Valle d'Aosta,125666,46850,37.28,0.72
2927,2021-01-31,VDA,291,91,200,58,233,0,ITC,ITC2,2,Valle d'Aosta / Vallée d'Aoste,Valle d'Aosta,125666,47141,37.51,0.23
2928,2021-03-29,VDA,493,233,260,448,40,5,ITC,ITC2,2,Valle d'Aosta / Vallée d'Aoste,Valle d'Aosta,125666,47634,37.91,0.39
2929,2021-06-20,VDA,1132,545,587,478,644,10,ITC,ITC2,2,Valle d'Aosta / Vallée d'Aoste,Valle d'Aosta,125666,48766,38.81,0.9
2930,2021-03-12,VDA,531,175,356,291,226,14,ITC,ITC2,2,Valle d'Aosta / Vallée d'Aoste,Valle d'Aosta,125666,49297,39.23,0.42
2931,2021-03-10,VDA,438,183,255,220,213,5,ITC,ITC2,2,Valle d'Aosta / Vallée d'Aoste,Valle d'Aosta,125666,49735,39.58,0.35
2932,2021-02-21,VDA,18,3,15,0,18,0,ITC,ITC2,2,Valle d'Aosta / Vallée d'Aoste,Valle d'Aosta,125666,49753,39.59,0.01
2933,2021-03-31,VDA,555,302,253,511,26,18,ITC,ITC2,2,Valle d'Aosta / Vallée d'Aoste,Valle d'Aosta,125666,50308,40.03,0.44
2934,2021-05-27,VDA,1091,497,594,574,505,12,ITC,ITC2,2,Valle d'Aosta / Vallée d'Aoste,Valle d'Aosta,125666,51399,40.9,0.87
2935,2021-05-13,VDA,1143,559,584,518,600,25,ITC,ITC2,2,Valle d'Aosta / Vallée d'Aoste,Valle d'Aosta,125666,52542,41.81,0.91
2936,2021-02-02,VDA,274,70,204,2,272,0,ITC,ITC2,2,Valle d'Aosta / Vallée d'Aoste,Valle d'Aosta,125666,52816,42.03,0.22
2937,2021-07-09,VDA,945,446,499,280,656,9,ITC,ITC2,2,Valle d'Aosta / Vallée d'Aoste,Valle d'Aosta,125666,53761,42.78,0.75
2938,2021-06-25,VDA,978,445,533,325,651,2,ITC,ITC2,2,Valle d'Aosta / Vallée d'Aoste,Valle d'Aosta,125666,54739,43.56,0.78
2939,2021-05-20,VDA,825,372,453,375,440,10,ITC,ITC2,2,Valle d'Aosta / Vallée d'Aoste,Valle d'Aosta,125666,55564,44.22,0.66
2940,2021-07-02,VDA,868,384,484,302,561,5,ITC,ITC2,2,Valle d'Aosta / Vallée d'Aoste,Valle d'Aosta,125666,56432,44.91,0.69
2941,2021-03-24,VDA,515,230,285,255,257,3,ITC,ITC2,2,Valle d'Aosta / Vallée d'Aoste,Valle d'Aosta,125666,56947,45.32,0.41
2942,2021-05-06,VDA,1081,514,567,664,384,33,ITC,ITC2,2,Valle d'Aosta / Vallée d'Aoste,Valle d'Aosta,125666,58028,46.18,0.86
2943,2021-02-16,VDA,326,53,273,309,6,11,ITC,ITC2,2,Valle d'Aosta / Vallée d'Aoste,Valle d'Aosta,125666,58354,46.44,0.26
2944,2021-03-03,VDA,256,118,138,182,69,5,ITC,ITC2,2,Valle d'Aosta / Vallée d'Aoste,Valle d'Aosta,125666,58610,46.64,0.2
2945,2021-07-16,VDA,1076,553,523,346,730,0,ITC,ITC2,2,Valle d'Aosta / Vallée d'Aoste,Valle d'Aosta,125666,59686,47.5,0.86
2946,2021-01-26,VDA,141,50,91,0,141,0,ITC,ITC2,2,Valle d'Aosta / Vallée d'Aoste,Valle d'Aosta,125666,59827,47.61,0.11
2947,2021-02-12,VDA,263,96,167,216,46,1,ITC,ITC2,2,Valle d'Aosta / Vallée d'Aoste,Valle d'Aosta,125666,60090,47.82,0.21
2948,2021-01-12,VDA,302,72,230,302,0,0,ITC,ITC2,2,Valle d'Aosta / Vallée d'Aoste,Valle d'Aosta,125666,60392,48.06,0.24
2949,2021-05-24,VDA,1136,516,620,674,446,16,ITC,ITC2,2,Valle d'Aosta / Vallée d'Aoste,Valle d'Aosta,125666,61528,48.96,0.9
2950,2021-05-10,VDA,782,381,401,530,235,17,ITC,ITC2,2,Valle d'Aosta / Vallée d'Aoste,Valle d'Aosta,125666,62310,49.58,0.62
2951,2021-04-05,VDA,464,223,241,439,6,19,ITC,ITC2,2,Valle d'Aosta / Vallée d'Aoste,Valle d'Aosta,125666,62774,49.95,0.37
2952,2021-06-27,VDA,1253,608,645,312,931,10,ITC,ITC2,2,Valle d'Aosta / Vallée d'Aoste,Valle d'Aosta,125666,64027,50.95,1.0
2953,2021-07-14,VDA,1019,532,487,293,726,0,ITC,ITC2,2,Valle d'Aosta / Vallée d'Aoste,Valle d'Aosta,125666,65046,51.76,0.81
2954,2021-08-01,VDA,841,445,396,287,547,7,ITC,ITC2,2,Valle d'Aosta / Vallée d'Aoste,Valle d'Aosta,125666,65887,52.43,0.67
2955,2021-05-18,VDA,970,484,486,349,617,4,ITC,ITC2,2,Valle d'Aosta / Vallée d'Aoste,Valle d'Aosta,125666,66857,53.2,0.77
2956,2021-02-07,VDA,292,120,172,190,102,0,ITC,ITC2,2,Valle d'Aosta / Vallée d'Aoste,Valle d'Aosta,125666,67149,53.43,0.23
2957,2021-05-01,VDA,940,563,377,440,483,17,ITC,ITC2,2,Valle d'Aosta / Vallée d'Aoste,Valle d'Aosta,125666,68089,54.18,0.75
2958,2021-04-14,VDA,942,430,512,690,224,28,ITC,ITC2,2,Valle d'Aosta / Vallée d'Aoste,Valle d'Aosta,125666,69031,54.93,0.75
2959,2021-07-06,VDA,884,480,404,157,722,5,ITC,ITC2,2,Valle d'Aosta / Vallée d'Aoste,Valle d'Aosta,125666,69915,55.64,0.7
2960,2021-01-02,VDA,6,5,1,6,0,0,ITC,ITC2,2,Valle d'Aosta / Vallée d'Aoste,Valle d'Aosta,125666,69921,55.64,0.0
2961,2021-03-26,VDA,498,204,294,472,7,19,ITC,ITC2,2,Valle d'Aosta / Vallée d'Aoste,Valle d'Aosta,125666,70419,56.04,0.4
2962,2021-03-05,VDA,276,124,152,52,223,1,ITC,ITC2,2,Valle d'Aosta / Vallée d'Aoste,Valle d'Aosta,125666,70695,56.26,0.22
2963,2021-02-28,VDA,260,86,174,73,183,4,ITC,ITC2,2,Valle d'Aosta / Vallée d'Aoste,Valle d'Aosta,125666,70955,56.46,0.21
2964,2021-05-05,VDA,1038,566,472,434,582,22,ITC,ITC2,2,Valle d'Aosta / Vallée d'Aoste,Valle d'Aosta,125666,71993,57.29,0.83
2965,2021-05-03,VDA,839,400,439,458,351,30,ITC,ITC2,2,Valle d'Aosta / Vallée d'Aoste,Valle d'Aosta,125666,72832,57.96,0.67
2966,2021-03-07,VDA,64,30,34,11,53,0,ITC,ITC2,2,Valle d'Aosta / Vallée d'Aoste,Valle d'Aosta,125666,72896,58.01,0.05
2967,2021-06-01,VDA,871,469,402,510,353,8,ITC,ITC2,2,Valle d'Aosta / Vallée d'Aoste,Valle d'Aosta,125666,73767,58.7,0.69
2968,2021-04-07,VDA,910,474,436,654,229,27,ITC,ITC2,2,Valle d'Aosta / Vallée d'Aoste,Valle d'Aosta,125666,74677,59.42,0.72
2969,2021-02-09,VDA,252,84,168,68,183,1,ITC,ITC2,2,Valle d'Aosta / Vallée d'Aoste,Valle d'Aosta,125666,74929,59.63,0.2
2970,2021-03-22,VDA,560,205,355,323,228,9,ITC,ITC2,2,Valle d'Aosta / Vallée d'Aoste,Valle d'Aosta,125666,75489,60.07,0.45
2971,2021-06-05,VDA,925,476,449,729,188,8,ITC,ITC2,2,Valle d'Aosta / Vallée d'Aoste,Valle d'Aosta,125666,76414,60.81,0.74
2972,2021-02-11,VDA,231,107,124,221,9,1,ITC,ITC2,2,Valle d'Aosta / Vallée d'Aoste,Valle d'Aosta,125666,76645,60.99,0.18
2973,2021-07-18,VDA,927,455,472,252,675,0,ITC,ITC2,2,Valle d'Aosta / Vallée d'Aoste,Valle d'Aosta,125666,77572,61.73,0.74
2974,2021-04-09,VDA,237,111,126,200,33,4,ITC,ITC2,2,Valle d'Aosta / Vallée d'Aoste,Valle d'Aosta,125666,77809,61.92,0.19
2975,2021-05-22,VDA,953,502,451,543,400,10,ITC,ITC2,2,Valle d'Aosta / Vallée d'Aoste,Valle d'Aosta,125666,78762,62.68,0.76
2976,2021-01-28,VDA,292,123,169,56,236,0,ITC,ITC2,2,Valle d'Aosta / Vallée d'Aoste,Valle d'Aosta,125666,79054,62.91,0.23
2977,2021-06-12,VDA,1233,599,634,1063,166,4,ITC,ITC2,2,Valle d'Aosta / Vallée d'Aoste,Valle d'Aosta,125666,80287,63.89,0.98
2978,2021-07-20,VDA,1117,583,534,396,721,0,ITC,ITC2,2,Valle d'Aosta / Vallée d'Aoste,Valle d'Aosta,125666,81404,64.78,0.89
2979,2021-04-18,VDA,522,254,268,494,2,26,ITC,ITC2,2,Valle d'Aosta / Vallée d'Aoste,Valle d'Aosta,125666,81926,65.19,0.42
2980,2021-06-14,VDA,346,182,164,13,327,6,ITC,ITC2,2,Valle d'Aosta / Vallée d'Aoste,Valle d'Aosta,125666,82272,65.47,0.28
2981,2021-05-31,VDA,880,396,484,490,379,11,ITC,ITC2,2,Valle d'Aosta / Vallée d'Aoste,Valle d'Aosta,125666,83152,66.17,0.7
2982,2021-07-27,VDA,1119,595,524,567,552,0,ITC,ITC2,2,Valle d'Aosta / Vallée d'Aoste,Valle d'Aosta,125666,84271,67.06,0.89
2983,2021-04-25,VDA,849,408,441,674,139,36,ITC,ITC2,2,Valle d'Aosta / Vallée d'Aoste,Valle d'Aosta,125666,85120,67.74,0.68
2984,2021-06-21,VDA,1122,600,522,607,505,10,ITC,ITC2,2,Valle d'Aosta / Vallée d'Aoste,Valle d'Aosta,125666,86242,68.63,0.89
2985,2021-06-07,VDA,711,347,364,639,61,11,ITC,ITC2,2,Valle d'Aosta / Vallée d'Aoste,Valle d'Aosta,125666,86953,69.19,0.57
2986,2021-02-27,VDA,231,85,146,119,107,5,ITC,ITC2,2,Valle d'Aosta / Vallée d'Aoste,Valle d'Aosta,125666,87184,69.38,0.18
2987,2021-08-03,VDA,936,485,451,567,362,7,ITC,ITC2,2,Valle d'Aosta / Vallée d'Aoste,Valle d'Aosta,125666,88120,70.12,0.74
2988,2021-01-30,VDA,439,202,237,12,425,2,ITC,ITC2,2,Valle d'Aosta / Vallée d'Aoste,Valle d'Aosta,125666,88559,70.47,0.35
2989,2021-01-25,VDA,149,67,82,0,149,0,ITC,ITC2,2,Valle d'Aosta / Vallée d'Aoste,Valle d'Aosta,125666,88708,70.59,0.12
2990,2021-07-10,VDA,1293,669,624,321,961,11,ITC,ITC2,2,Valle d'Aosta / Vallée d'Aoste,Valle d'Aosta,125666,90001,71.62,1.03
2991,2021-05-14,VDA,960,442,518,251,668,41,ITC,ITC2,2,Valle d'Aosta / Vallée d'Aoste,Valle d'Aosta,125666,90961,72.38,0.76
2992,2021-02-01,VDA,405,127,278,84,318,3,ITC,ITC2,2,Valle d'Aosta / Vallée d'Aoste,Valle d'Aosta,125666,91366,72.71,0.32
2993,2021-07-08,VDA,1275,709,566,341,924,10,ITC,ITC2,2,Valle d'Aosta / Vallée d'Aoste,Valle d'Aosta,125666,92641,73.72,1.01
2994,2021-03-30,VDA,402,223,179,365,20,17,ITC,ITC2,2,Valle d'Aosta / Vallée d'Aoste,Valle d'Aosta,125666,93043,74.04,0.32
2995,2021-05-12,VDA,1143,550,593,442,670,31,ITC,ITC2,2,Valle d'Aosta / Vallée d'Aoste,Valle d'Aosta,125666,94186,74.95,0.91
2996,2021-07-17,VDA,985,519,466,254,730,1,ITC,ITC2,2,Valle d'Aosta / Vallée d'Aoste,Valle d'Aosta,125666,95171,75.73,0.78
2997,2021-02-23,VDA,216,123,93,215,0,1,ITC,ITC2,2,Valle d'Aosta / Vallée d'Aoste,Valle d'Aosta,125666,95387,75.91,0.17
2998,2021-06-03,VDA,1307,668,639,885,411,11,ITC,ITC2,2,Valle d'Aosta / Vallée d'Aoste,Valle d'Aosta,125666,96694,76.95,1.04
2999,2021-05-17,VDA,809,417,392,367,434,8,ITC,ITC2,2,Valle d'Aosta / Vallée d'Aoste,Valle d'Aosta,125666,97503,77.59,0.64
3000,2021-05-15,VDA,1065,614,451,367,685,13,ITC,ITC2,2,Valle d'Aosta / Vallée d'Aoste,Valle d'Aosta,125666,98568,78.44,0.85
3001,2021-02-04,VDA,294,86,208,8,286,0,ITC,ITC2,2,Valle d'Aosta / Vallée d'Aoste,Valle d'Aosta,125666,98862,78.67,0.23
3002,2021-04-28,VDA,1217,632,585,682,502,33,ITC,ITC2,2,Valle d'Aosta / Vallée d'Aoste,Valle d'Aosta,125666,100079,79.64,0.97
3003,2021-06-17,VDA,792,433,359,614,166,12,ITC,ITC2,2,Valle d'Aosta / Vallée d'Aoste,Valle d'Aosta,125666,100871,80.27,0.63
3004,2021-01-21,VDA,33,12,21,33,0,0,ITC,ITC2,2,Valle d'Aosta / Vallée d'Aoste,Valle d'Aosta,125666,100904,80.3,0.03
3005,2021-01-04,VDA,144,61,83,144,0,0,ITC,ITC2,2,Valle d'Aosta / Vallée d'Aoste,Valle d'Aosta,125666,101048,80.41,0.11
3006,2021-03-28,VDA,522,212,310,494,0,28,ITC,ITC2,2,Valle d'Aosta / Vallée d'Aoste,Valle d'Aosta,125666,101570,80.83,0.42
3007,2021-03-11,VDA,210,82,128,66,144,0,ITC,ITC2,2,Valle d'Aosta / Vallée d'Aoste,Valle d'Aosta,125666,101780,80.99,0.17
3008,2021-06-02,VDA,1215,688,527,811,401,3,ITC,ITC2,2,Valle d'Aosta / Vallée d'Aoste,Valle d'Aosta,125666,102995,81.96,0.97
3009,2021-06-19,VDA,1290,669,621,657,620,13,ITC,ITC2,2,Valle d'Aosta / Vallée d'Aoste,Valle d'Aosta,125666,104285,82.99,1.03
3010,2021-03-09,VDA,206,96,110,166,32,8,ITC,ITC2,2,Valle d'Aosta / Vallée d'Aoste,Valle d'Aosta,125666,104491,83.15,0.16
3011,2021-02-20,VDA,251,210,41,238,10,3,ITC,ITC2,2,Valle d'Aosta / Vallée d'Aoste,Valle d'Aosta,125666,104742,83.35,0.2
3012,2021-07-25,VDA,1017,493,524,264,753,0,ITC,ITC2,2,Valle d'Aosta / Vallée d'Aoste,Valle d'Aosta,125666,105759,84.16,0.81
3013,2021-04-16,VDA,599,261,338,565,2,32,ITC,ITC2,2,Valle d'Aosta / Vallée d'Aoste,Valle d'Aosta,125666,106358,84.64,0.48
3014,2021-04-02,VDA,874,344,530,595,226,53,ITC,ITC2,2,Valle d'Aosta / Vallée d'Aoste,Valle d'Aosta,125666,107232,85.33,0.7
3015,2021-05-29,VDA,798,434,364,553,237,8,ITC,ITC2,2,Valle d'Aosta / Vallée d'Aoste,Valle d'Aosta,125666,108030,85.97,0.64
3016,2021-07-11,VDA,908,472,436,254,643,11,ITC,ITC2,2,Valle d'Aosta / Vallée d'Aoste,Valle d'Aosta,125666,108938,86.69,0.72
3017,2021-03-19,VDA,322,85,237,277,35,10,ITC,ITC2,2,Valle d'Aosta / Vallée d'Aoste,Valle d'Aosta,125666,109260,86.94,0.26
3018,2021-05-07,VDA,564,245,319,517,30,17,ITC,ITC2,2,Valle d'Aosta / Vallée d'Aoste,Valle d'Aosta,125666,109824,87.39,0.45
3019,2021-04-23,VDA,922,443,479,512,382,28,ITC,ITC2,2,Valle d'Aosta / Vallée d'Aoste,Valle d'Aosta,125666,110746,88.13,0.73
3020,2021-01-13,VDA,338,110,228,338,0,0,ITC,ITC2,2,Valle d'Aosta / Vallée d'Aoste,Valle d'Aosta,125666,111084,88.4,0.27
3021,2021-07-29,VDA,994,506,488,320,667,7,ITC,ITC2,2,Valle d'Aosta / Vallée d'Aoste,Valle d'Aosta,125666,112078,89.19,0.79
3022,2021-07-15,VDA,1087,589,498,296,790,1,ITC,ITC2,2,Valle d'Aosta / Vallée d'Aoste,Valle d'Aosta,125666,113165,90.05,0.86
3023,2021-04-06,VDA,741,381,360,596,112,33,ITC,ITC2,2,Valle d'Aosta / Vallée d'Aoste,Valle d'Aosta,125666,113906,90.64,0.59
3024,2021-02-06,VDA,289,104,185,91,197,1,ITC,ITC2,2,Valle d'Aosta / Vallée d'Aoste,Valle d'Aosta,125666,114195,90.87,0.23
3025,2021-07-30,VDA,965,501,464,422,525,18,ITC,ITC2,2,Valle d'Aosta / Vallée d'Aoste,Valle d'Aosta,125666,115160,91.64,0.77
3026,2021-04-21,VDA,868,410,458,588,248,32,ITC,ITC2,2,Valle d'Aosta / Vallée d'Aoste,Valle d'Aosta,125666,116028,92.33,0.69
3027,2021-07-13,VDA,1061,567,494,307,748,6,ITC,ITC2,2,Valle d'Aosta / Vallée d'Aoste,Valle d'Aosta,125666,117089,93.17,0.84
3028,2021-03-21,VDA,356,166,190,347,0,9,ITC,ITC2,2,Valle d'Aosta / Vallée d'Aoste,Valle d'Aosta,125666,117445,93.46,0.28
3029,2021-06-29,VDA,780,390,390,235,542,3,ITC,ITC2,2,Valle d'Aosta / Vallée d'Aoste,Valle d'Aosta,125666,118225,94.08,0.62
3030,2021-06-10,VDA,1002,558,444,953,42,7,ITC,ITC2,2,Valle d'Aosta / Vallée d'Aoste,Valle d'Aosta,125666,119227,94.88,0.8
3031,2021-03-02,VDA,339,166,173,291,3,45,ITC,ITC2,2,Valle d'Aosta / Vallée d'Aoste,Valle d'Aosta,125666,119566,95.15,0.27
3032,2021-04-30,VDA,831,355,476,467,346,18,ITC,ITC2,2,Valle d'Aosta / Vallée d'Aoste,Valle d'Aosta,125666,120397,95.81,0.66
3033,2021-01-20,VDA,23,8,15,23,0,0,ITC,ITC2,2,Valle d'Aosta / Vallée d'Aoste,Valle d'Aosta,125666,120420,95.83,0.02
3034,2021-07-22,VDA,972,514,458,276,696,0,ITC,ITC2,2,Valle d'Aosta / Vallée d'Aoste,Valle d'Aosta,125666,121392,96.6,0.77
3035,2021-01-18,VDA,213,74,139,213,0,0,ITC,ITC2,2,Valle d'Aosta / Vallée d'Aoste,Valle d'Aosta,125666,121605,96.77,0.17
3036,2021-04-11,VDA,479,208,271,462,0,17,ITC,ITC2,2,Valle d'Aosta / Vallée d'Aoste,Valle d'Aosta,125666,122084,97.15,0.38
3037,2021-03-18,VDA,136,43,93,96,37,3,ITC,ITC2,2,Valle d'Aosta / Vallée d'Aoste,Valle d'Aosta,125666,122220,97.26,0.11
3038,2021-06-26,VDA,1062,509,553,350,705,7,ITC,ITC2,2,Valle d'Aosta / Vallée d'Aoste,Valle d'Aosta,125666,123282,98.1,0.85
3039,2021-03-04,VDA,291,139,152,39,250,2,ITC,ITC2,2,Valle d'Aosta / Vallée d'Aoste,Valle d'Aosta,125666,123573,98.33,0.23
3040,2021-05-26,VDA,1210,587,623,565,634,11,ITC,ITC2,2,Valle d'Aosta / Vallée d'Aoste,Valle d'Aosta,125666,124783,99.3,0.96
3041,2021-01-11,VDA,325,112,213,325,0,0,ITC,ITC2,2,Valle d'Aosta / Vallée d'Aoste,Valle d'Aosta,125666,125108,99.56,0.26
3042,2021-04-04,VDA,572,253,319,550,0,22,ITC,ITC2,2,Valle d'Aosta / Vallée d'Aoste,Valle d'Aosta,125666,125680,100.01,0.46
3043,2021-02-25,VDA,201,101,100,190,7,4,ITC,ITC2,2,Valle d'Aosta / Vallée d'Aoste,Valle d'Aosta,125666,125881,100.17,0.16
3044,2021-08-05,VDA,785,406,379,283,481,21,ITC,ITC2,2,Valle d'Aosta / Vallée d'Aoste,Valle d'Aosta,125666,126666,100.8,0.62
3045,2021-01-06,VDA,65,33,32,65,0,0,ITC,ITC2,2,Valle d'Aosta / Vallée d'Aoste,Valle d'Aosta,125666,126731,100.85,0.05
3046,2021-02-18,VDA,349,153,196,255,88,6,ITC,ITC2,2,Valle d'Aosta / Vallée d'Aoste,Valle d'Aosta,125666,127080,101.13,0.28
3047,2021-02-13,VDA,216,196,20,213,1,2,ITC,ITC2,2,Valle d'Aosta / Vallée d'Aoste,Valle d'Aosta,125666,127296,101.3,0.17
3048,2021-08-04,VDA,1043,570,473,372,655,16,ITC,ITC2,2,Valle d'Aosta / Vallée d'Aoste,Valle d'Aosta,125666,128339,102.13,0.83
3049,2021-01-05,VDA,151,55,96,151,0,0,ITC,ITC2,2,Valle d'Aosta / Vallée d'Aoste,Valle d'Aosta,125666,128490,102.25,0.12
3050,2021-01-14,VDA,237,69,168,237,0,0,ITC,ITC2,2,Valle d'Aosta / Vallée d'Aoste,Valle d'Aosta,125666,128727,102.44,0.19
3051,2021-08-02,VDA,759,407,352,306,446,7,ITC,ITC2,2,Valle d'Aosta / Vallée d'Aoste,Valle d'Aosta,125666,129486,103.04,0.6
3052,2021-04-24,VDA,722,400,322,533,167,22,ITC,ITC2,2,Valle d'Aosta / Vallée d'Aoste,Valle d'Aosta,125666,130208,103.61,0.57
3053,2021-07-28,VDA,1423,765,658,374,1048,1,ITC,ITC2,2,Valle d'Aosta / Vallée d'Aoste,Valle d'Aosta,125666,131631,104.75,1.13
3054,2021-04-19,VDA,752,325,427,520,209,23,ITC,ITC2,2,Valle d'Aosta / Vallée d'Aoste,Valle d'Aosta,125666,132383,105.35,0.6
3055,2021-01-16,VDA,237,80,157,237,0,0,ITC,ITC2,2,Valle d'Aosta / Vallée d'Aoste,Valle d'Aosta,125666,132620,105.53,0.19
3056,2021-06-22,VDA,1191,666,525,530,649,12,ITC,ITC2,2,Valle d'Aosta / Vallée d'Aoste,Valle d'Aosta,125666,133811,106.48,0.95
3057,2021-03-14,VDA,392,200,192,373,0,19,ITC,ITC2,2,Valle d'Aosta / Vallée d'Aoste,Valle d'Aosta,125666,134203,106.79,0.31
3058,2021-04-26,VDA,715,327,388,512,170,33,ITC,ITC2,2,Valle d'Aosta / Vallée d'Aoste,Valle d'Aosta,125666,134918,107.36,0.57
3059,2021-07-01,VDA,962,473,489,328,621,13,ITC,ITC2,2,Valle d'Aosta / Vallée d'Aoste,Valle d'Aosta,125666,135880,108.13,0.77
3060,2021-01-09,VDA,444,199,245,444,0,0,ITC,ITC2,2,Valle d'Aosta / Vallée d'Aoste,Valle d'Aosta,125666,136324,108.48,0.35
3061,2021-06-24,VDA,1222,630,592,380,834,8,ITC,ITC2,2,Valle d'Aosta / Vallée d'Aoste,Valle d'Aosta,125666,137546,109.45,0.97
3062,2021-07-03,VDA,936,485,451,390,537,9,ITC,ITC2,2,Valle d'Aosta / Vallée d'Aoste,Valle d'Aosta,125666,138482,110.2,0.74
3063,2021-02-08,VDA,223,83,140,25,198,0,ITC,ITC2,2,Valle d'Aosta / Vallée d'Aoste,Valle d'Aosta,125666,138705,110.38,0.18
3064,2021-03-23,VDA,379,150,229,228,134,17,ITC,ITC2,2,Valle d'Aosta / Vallée d'Aoste,Valle d'Aosta,125666,139084,110.68,0.3
3065,2021-05-19,VDA,993,498,495,411,575,7,ITC,ITC2,2,Valle d'Aosta / Vallée d'Aoste,Valle d'Aosta,125666,140077,111.47,0.79
3066,2021-03-16,VDA,182,37,145,109,64,9,ITC,ITC2,2,Valle d'Aosta / Vallée d'Aoste,Valle d'Aosta,125666,140259,111.61,0.14
3067,2021-02-07,PUG,1581,669,912,253,1328,0,ITF,ITF4,16,Puglia,Puglia,4029053,1581,0.04,0.04
3068,2021-01-21,PUG,2133,905,1228,1269,862,2,ITF,ITF4,16,Puglia,Puglia,4029053,3714,0.09,0.05
3069,2021-05-01,PUG,27668,12676,14992,16707,10686,275,ITF,ITF4,16,Puglia,Puglia,4029053,31382,0.78,0.69
3070,2021-01-02,PUG,2954,1303,1651,2954,0,0,ITF,ITF4,16,Puglia,Puglia,4029053,34336,0.85,0.07
3071,2021-04-12,PUG,29451,13856,15595,26120,3018,313,ITF,ITF4,16,Puglia,Puglia,4029053,63787,1.58,0.73
3072,2021-07-21,PUG,44172,21790,22382,11999,31303,870,ITF,ITF4,16,Puglia,Puglia,4029053,107959,2.68,1.1
3073,2021-07-11,PUG,12158,5747,6411,2634,9422,102,ITF,ITF4,16,Puglia,Puglia,4029053,120117,2.98,0.3
3074,2021-01-31,PUG,1820,833,987,73,1747,0,ITF,ITF4,16,Puglia,Puglia,4029053,121937,3.03,0.05
3075,2021-03-05,PUG,17717,7189,10528,15183,2315,219,ITF,ITF4,16,Puglia,Puglia,4029053,139654,3.47,0.44
3076,2021-02-26,PUG,13782,5062,8720,12511,1075,196,ITF,ITF4,16,Puglia,Puglia,4029053,153436,3.81,0.34
3077,2020-12-31,PUG,1637,784,853,1637,0,0,ITF,ITF4,16,Puglia,Puglia,4029053,155073,3.85,0.04
3078,2021-06-15,PUG,42657,20856,21801,22396,19671,590,ITF,ITF4,16,Puglia,Puglia,4029053,197730,4.91,1.06
3079,2021-06-08,PUG,39329,19151,20178,20939,17831,559,ITF,ITF4,16,Puglia,Puglia,4029053,237059,5.88,0.98
3080,2021-04-05,PUG,12761,6198,6563,12086,533,142,ITF,ITF4,16,Puglia,Puglia,4029053,249820,6.2,0.32
3081,2021-03-19,PUG,7978,3660,4318,3369,4573,36,ITF,ITF4,16,Puglia,Puglia,4029053,257798,6.4,0.2
3082,2021-06-27,PUG,18533,9204,9329,9960,8309,264,ITF,ITF4,16,Puglia,Puglia,4029053,276331,6.86,0.46
3083,2021-02-21,PUG,2179,475,1704,2067,63,49,ITF,ITF4,16,Puglia,Puglia,4029053,278510,6.91,0.05
3084,2021-06-01,PUG,34974,17517,17457,21626,12959,389,ITF,ITF4,16,Puglia,Puglia,4029053,313484,7.78,0.87
3085,2021-05-15,PUG,43661,19013,24648,22816,20137,708,ITF,ITF4,16,Puglia,Puglia,4029053,357145,8.86,1.08
3086,2021-06-03,PUG,50607,24546,26061,30504,19380,723,ITF,ITF4,16,Puglia,Puglia,4029053,407752,10.12,1.26
3087,2021-03-10,PUG,14832,6630,8202,11546,3131,155,ITF,ITF4,16,Puglia,Puglia,4029053,422584,10.49,0.37
3088,2021-04-19,PUG,27739,12889,14850,24356,3044,339,ITF,ITF4,16,Puglia,Puglia,4029053,450323,11.18,0.69
3089,2021-07-28,PUG,43952,22209,21743,14410,28646,896,ITF,ITF4,16,Puglia,Puglia,4029053,494275,12.27,1.09
3090,2021-04-24,PUG,29438,13404,16034,25156,3950,332,ITF,ITF4,16,Puglia,Puglia,4029053,523713,13.0,0.73
3091,2021-02-09,PUG,3845,1572,2273,2150,1676,19,ITF,ITF4,16,Puglia,Puglia,4029053,527558,13.09,0.1
3092,2021-05-20,PUG,33656,15284,18372,20741,12399,516,ITF,ITF4,16,Puglia,Puglia,4029053,561214,13.93,0.84
3093,2021-03-24,PUG,13598,6530,7068,6039,7441,118,ITF,ITF4,16,Puglia,Puglia,4029053,574812,14.27,0.34
3094,2021-01-26,PUG,5374,2402,2972,563,4810,1,ITF,ITF4,16,Puglia,Puglia,4029053,580186,14.4,0.13
3095,2021-07-02,PUG,47115,22379,24736,17273,28906,936,ITF,ITF4,16,Puglia,Puglia,4029053,627301,15.57,1.17
3096,2021-05-06,PUG,39700,17370,22330,19306,19838,556,ITF,ITF4,16,Puglia,Puglia,4029053,667001,16.55,0.99
3097,2021-01-12,PUG,4216,1771,2445,4215,0,1,ITF,ITF4,16,Puglia,Puglia,4029053,671217,16.66,0.1
3098,2021-04-07,PUG,15723,7137,8586,8831,6692,200,ITF,ITF4,16,Puglia,Puglia,4029053,686940,17.05,0.39
3099,2021-07-16,PUG,46323,22468,23855,13100,32381,842,ITF,ITF4,16,Puglia,Puglia,4029053,733263,18.2,1.15
3100,2021-07-04,PUG,19819,9646,10173,7892,11630,297,ITF,ITF4,16,Puglia,Puglia,4029053,753082,18.69,0.49
3101,2021-07-23,PUG,42665,21555,21110,13755,27922,988,ITF,ITF4,16,Puglia,Puglia,4029053,795747,19.75,1.06
3102,2021-01-19,PUG,1222,453,769,1211,10,1,ITF,ITF4,16,Puglia,Puglia,4029053,796969,19.78,0.03
3103,2021-07-08,PUG,41388,19185,22203,5508,35412,468,ITF,ITF4,16,Puglia,Puglia,4029053,838357,20.81,1.03
3104,2021-06-13,PUG,21833,10933,10900,16340,5206,287,ITF,ITF4,16,Puglia,Puglia,4029053,860190,21.35,0.54
3105,2021-02-28,PUG,6065,1807,4258,5799,191,75,ITF,ITF4,16,Puglia,Puglia,4029053,866255,21.5,0.15
3106,2021-05-12,PUG,36622,16333,20289,23513,12526,583,ITF,ITF4,16,Puglia,Puglia,4029053,902877,22.41,0.91
3107,2021-02-14,PUG,789,347,442,658,126,5,ITF,ITF4,16,Puglia,Puglia,4029053,903666,22.43,0.02
3108,2021-05-25,PUG,34765,16226,18539,20563,13616,586,ITF,ITF4,16,Puglia,Puglia,4029053,938431,23.29,0.86
3109,2021-05-08,PUG,54381,23019,31362,23981,29864,536,ITF,ITF4,16,Puglia,Puglia,4029053,992812,24.64,1.35
3110,2021-03-29,PUG,13558,6614,6944,6605,6757,196,ITF,ITF4,16,Puglia,Puglia,4029053,1006370,24.98,0.34
3111,2021-03-12,PUG,14298,6445,7853,10222,3939,137,ITF,ITF4,16,Puglia,Puglia,4029053,1020668,25.33,0.35
3112,2021-06-20,PUG,21572,10842,10730,14052,7194,326,ITF,ITF4,16,Puglia,Puglia,4029053,1042240,25.87,0.54
3113,2021-02-04,PUG,5934,2366,3568,1134,4797,3,ITF,ITF4,16,Puglia,Puglia,4029053,1048174,26.02,0.15
3114,2021-05-29,PUG,30633,14443,16190,20577,9512,544,ITF,ITF4,16,Puglia,Puglia,4029053,1078807,26.78,0.76
3115,2021-04-02,PUG,12851,6003,6848,8174,4526,151,ITF,ITF4,16,Puglia,Puglia,4029053,1091658,27.09,0.32
3116,2021-03-31,PUG,14572,6829,7743,8839,5583,150,ITF,ITF4,16,Puglia,Puglia,4029053,1106230,27.46,0.36
3117,2021-02-02,PUG,4352,1851,2501,573,3778,1,ITF,ITF4,16,Puglia,Puglia,4029053,1110582,27.56,0.11
3118,2021-07-09,PUG,36997,17810,19187,6525,29791,681,ITF,ITF4,16,Puglia,Puglia,4029053,1147579,28.48,0.92
3119,2021-05-13,PUG,38802,17305,21497,20982,17256,564,ITF,ITF4,16,Puglia,Puglia,4029053,1186381,29.45,0.96
3120,2021-03-17,PUG,10354,4705,5649,4108,6184,62,ITF,ITF4,16,Puglia,Puglia,4029053,1196735,29.7,0.26
3121,2021-01-14,PUG,4076,1593,2483,4075,0,1,ITF,ITF4,16,Puglia,Puglia,4029053,1200811,29.8,0.1
3122,2021-01-07,PUG,5726,2465,3261,5726,0,0,ITF,ITF4,16,Puglia,Puglia,4029053,1206537,29.95,0.14
3123,2021-04-17,PUG,40047,18977,21070,36049,3577,421,ITF,ITF4,16,Puglia,Puglia,4029053,1246584,30.94,0.99
3124,2021-02-19,PUG,4743,2015,2728,4297,392,54,ITF,ITF4,16,Puglia,Puglia,4029053,1251327,31.06,0.12
3125,2021-06-22,PUG,42427,20568,21859,19070,22786,571,ITF,ITF4,16,Puglia,Puglia,4029053,1293754,32.11,1.05
3126,2021-04-26,PUG,26323,12063,14260,22699,3236,388,ITF,ITF4,16,Puglia,Puglia,4029053,1320077,32.76,0.65
3127,2021-08-04,PUG,32084,16355,15729,11639,19475,970,ITF,ITF4,16,Puglia,Puglia,4029053,1352161,33.56,0.8
3128,2021-03-16,PUG,9883,4692,5191,3450,6376,57,ITF,ITF4,16,Puglia,Puglia,4029053,1362044,33.81,0.25
3129,2021-07-30,PUG,35524,18237,17287,13035,21618,871,ITF,ITF4,16,Puglia,Puglia,4029053,1397568,34.69,0.88
3130,2021-05-27,PUG,40939,19346,21593,22892,17371,676,ITF,ITF4,16,Puglia,Puglia,4029053,1438507,35.7,1.02
3131,2021-03-02,PUG,16406,6099,10307,14858,1306,242,ITF,ITF4,16,Puglia,Puglia,4029053,1454913,36.11,0.41
3132,2021-01-04,PUG,4509,2015,2494,4507,0,2,ITF,ITF4,16,Puglia,Puglia,4029053,1459422,36.22,0.11
3133,2021-03-26,PUG,12020,5850,6170,7221,4670,129,ITF,ITF4,16,Puglia,Puglia,4029053,1471442,36.52,0.3
3134,2021-03-09,PUG,13657,6103,7554,11464,2015,178,ITF,ITF4,16,Puglia,Puglia,4029053,1485099,36.86,0.34
3135,2021-01-23,PUG,3042,1294,1748,882,2159,1,ITF,ITF4,16,Puglia,Puglia,4029053,1488141,36.94,0.08
3136,2021-05-03,PUG,33381,14921,18460,22146,10671,564,ITF,ITF4,16,Puglia,Puglia,4029053,1521522,37.76,0.83
3137,2021-03-07,PUG,4990,2005,2985,4371,577,42,ITF,ITF4,16,Puglia,Puglia,4029053,1526512,37.89,0.12
3138,2021-05-05,PUG,39296,17250,22046,24482,14229,585,ITF,ITF4,16,Puglia,Puglia,4029053,1565808,38.86,0.98
3139,2021-06-17,PUG,42846,20942,21904,21411,20875,560,ITF,ITF4,16,Puglia,Puglia,4029053,1608654,39.93,1.06
3140,2021-06-12,PUG,34587,17241,17346,25045,8950,592,ITF,ITF4,16,Puglia,Puglia,4029053,1643241,40.78,0.86
3141,2021-01-28,PUG,5483,2283,3200,448,5035,0,ITF,ITF4,16,Puglia,Puglia,4029053,1648724,40.92,0.14
3142,2021-04-16,PUG,36099,16971,19128,32389,3281,429,ITF,ITF4,16,Puglia,Puglia,4029053,1684823,41.82,0.9
3143,2021-02-18,PUG,4382,1847,2535,3713,609,60,ITF,ITF4,16,Puglia,Puglia,4029053,1689205,41.93,0.11
3144,2021-07-25,PUG,14264,7380,6884,4297,9760,207,ITF,ITF4,16,Puglia,Puglia,4029053,1703469,42.28,0.35
3145,2021-04-09,PUG,22083,9517,12566,17063,4634,386,ITF,ITF4,16,Puglia,Puglia,4029053,1725552,42.83,0.55
3146,2021-02-11,PUG,3697,1401,2296,2391,1279,27,ITF,ITF4,16,Puglia,Puglia,4029053,1729249,42.92,0.09
3147,2021-07-18,PUG,18776,9614,9162,6252,12182,342,ITF,ITF4,16,Puglia,Puglia,4029053,1748025,43.39,0.47
3148,2021-05-22,PUG,34727,15906,18821,23632,10552,543,ITF,ITF4,16,Puglia,Puglia,4029053,1782752,44.25,0.86
3149,2021-05-17,PUG,32904,15251,17653,20440,11964,500,ITF,ITF4,16,Puglia,Puglia,4029053,1815656,45.06,0.82
3150,2021-02-23,PUG,9384,4431,4953,8800,493,91,ITF,ITF4,16,Puglia,Puglia,4029053,1825040,45.3,0.23
3151,2021-07-20,PUG,46855,22984,23871,8401,37930,524,ITF,ITF4,16,Puglia,Puglia,4029053,1871895,46.46,1.16
3152,2021-07-27,PUG,48147,23927,24220,13337,33995,815,ITF,ITF4,16,Puglia,Puglia,4029053,1920042,47.65,1.19
3153,2021-05-31,PUG,37913,18278,19635,23133,14227,553,ITF,ITF4,16,Puglia,Puglia,4029053,1957955,48.6,0.94
3154,2021-04-25,PUG,11317,5238,6079,10042,1143,132,ITF,ITF4,16,Puglia,Puglia,4029053,1969272,48.88,0.28
3155,2021-02-27,PUG,14238,4823,9415,12824,1233,181,ITF,ITF4,16,Puglia,Puglia,4029053,1983510,49.23,0.35
3156,2021-08-03,PUG,34992,17751,17241,9034,25207,751,ITF,ITF4,16,Puglia,Puglia,4029053,2018502,50.1,0.87
3157,2021-01-01,PUG,150,61,89,150,0,0,ITF,ITF4,16,Puglia,Puglia,4029053,2018652,50.1,0.0
3158,2021-06-07,PUG,44397,21679,22718,30357,13277,763,ITF,ITF4,16,Puglia,Puglia,4029053,2063049,51.2,1.1
3159,2021-04-11,PUG,16478,7262,9216,14649,1648,181,ITF,ITF4,16,Puglia,Puglia,4029053,2079527,51.61,0.41
3160,2021-06-10,PUG,47177,23200,23977,29375,17085,717,ITF,ITF4,16,Puglia,Puglia,4029053,2126704,52.78,1.17
3161,2021-04-04,PUG,5984,2971,3013,5897,6,81,ITF,ITF4,16,Puglia,Puglia,4029053,2132688,52.93,0.15
3162,2021-07-13,PUG,48628,22938,25690,7938,40090,600,ITF,ITF4,16,Puglia,Puglia,4029053,2181316,54.14,1.21
3163,2021-03-21,PUG,2696,1228,1468,579,2106,11,ITF,ITF4,16,Puglia,Puglia,4029053,2184012,54.21,0.07
3164,2021-06-29,PUG,46494,22283,24211,15327,30474,693,ITF,ITF4,16,Puglia,Puglia,4029053,2230506,55.36,1.15
3165,2021-01-11,PUG,3756,1590,2166,3755,0,1,ITF,ITF4,16,Puglia,Puglia,4029053,2234262,55.45,0.09
3166,2021-04-21,PUG,23149,10690,12459,19105,3742,302,ITF,ITF4,16,Puglia,Puglia,4029053,2257411,56.03,0.57
3167,2021-05-24,PUG,36162,17063,19099,24494,11055,613,ITF,ITF4,16,Puglia,Puglia,4029053,2293573,56.93,0.9
3168,2021-02-16,PUG,3387,1454,1933,2709,648,30,ITF,ITF4,16,Puglia,Puglia,4029053,2296960,57.01,0.08
3169,2021-01-30,PUG,5536,2515,3021,385,5150,1,ITF,ITF4,16,Puglia,Puglia,4029053,2302496,57.15,0.14
3170,2021-05-10,PUG,37862,16734,21128,19320,18063,479,ITF,ITF4,16,Puglia,Puglia,4029053,2340358,58.09,0.94
3171,2021-02-13,PUG,3730,1460,2270,3019,695,16,ITF,ITF4,16,Puglia,Puglia,4029053,2344088,58.18,0.09
3172,2021-04-23,PUG,29576,13745,15831,23903,5261,412,ITF,ITF4,16,Puglia,Puglia,4029053,2373664,58.91,0.73
3173,2021-08-01,PUG,12053,6291,5762,4213,7722,118,ITF,ITF4,16,Puglia,Puglia,4029053,2385717,59.21,0.3
3174,2021-03-18,PUG,9601,4362,5239,3335,6200,66,ITF,ITF4,16,Puglia,Puglia,4029053,2395318,59.45,0.24
3175,2021-04-14,PUG,32021,15108,16913,28422,3293,306,ITF,ITF4,16,Puglia,Puglia,4029053,2427339,60.25,0.79
3176,2021-03-28,PUG,3548,1658,1890,1181,2332,35,ITF,ITF4,16,Puglia,Puglia,4029053,2430887,60.33,0.09
3177,2021-07-06,PUG,42308,19483,22825,6175,35703,430,ITF,ITF4,16,Puglia,Puglia,4029053,2473195,61.38,1.05
3178,2021-06-19,PUG,34756,17433,17323,22211,11891,654,ITF,ITF4,16,Puglia,Puglia,4029053,2507951,62.25,0.86
3179,2021-06-21,PUG,41811,20394,21417,21476,19699,636,ITF,ITF4,16,Puglia,Puglia,4029053,2549762,63.28,1.04
3180,2021-03-30,PUG,12401,5939,6462,6186,6064,151,ITF,ITF4,16,Puglia,Puglia,4029053,2562163,63.59,0.31
3181,2021-02-01,PUG,3970,1663,2307,354,3615,1,ITF,ITF4,16,Puglia,Puglia,4029053,2566133,63.69,0.1
3182,2021-07-17,PUG,30666,15397,15269,9523,20509,634,ITF,ITF4,16,Puglia,Puglia,4029053,2596799,64.45,0.76
3183,2021-05-14,PUG,45023,20580,24443,27978,16189,856,ITF,ITF4,16,Puglia,Puglia,4029053,2641822,65.57,1.12
3184,2021-01-25,PUG,3832,1682,2150,423,3408,1,ITF,ITF4,16,Puglia,Puglia,4029053,2645654,65.66,0.1
3185,2021-07-10,PUG,22316,10987,11329,4490,17527,299,ITF,ITF4,16,Puglia,Puglia,4029053,2667970,66.22,0.55
3186,2021-01-18,PUG,1847,772,1075,1495,351,1,ITF,ITF4,16,Puglia,Puglia,4029053,2669817,66.26,0.05
3187,2021-02-06,PUG,4554,1935,2619,1577,2962,15,ITF,ITF4,16,Puglia,Puglia,4029053,2674371,66.38,0.11
3188,2021-01-20,PUG,1548,542,1006,1538,8,2,ITF,ITF4,16,Puglia,Puglia,4029053,2675919,66.42,0.04
3189,2021-04-30,PUG,35010,15689,19321,22460,11985,565,ITF,ITF4,16,Puglia,Puglia,4029053,2710929,67.28,0.87
3190,2021-03-06,PUG,16173,6136,10037,13889,2117,167,ITF,ITF4,16,Puglia,Puglia,4029053,2727102,67.69,0.4
3191,2021-01-08,PUG,5679,2387,3292,5677,0,2,ITF,ITF4,16,Puglia,Puglia,4029053,2732781,67.83,0.14
3192,2021-06-14,PUG,42048,20579,21469,28862,12400,786,ITF,ITF4,16,Puglia,Puglia,4029053,2774829,68.87,1.04
3193,2021-04-18,PUG,22660,10844,11816,21407,1056,197,ITF,ITF4,16,Puglia,Puglia,4029053,2797489,69.43,0.56
3194,2021-02-20,PUG,2975,1081,1894,2687,257,31,ITF,ITF4,16,Puglia,Puglia,4029053,2800464,69.51,0.07
3195,2021-02-25,PUG,11978,5063,6915,10666,1177,135,ITF,ITF4,16,Puglia,Puglia,4029053,2812442,69.8,0.3
3196,2021-06-05,PUG,42585,20866,21719,29151,12712,722,ITF,ITF4,16,Puglia,Puglia,4029053,2855027,70.86,1.06
3197,2021-08-05,PUG,30377,15237,15140,8292,21404,681,ITF,ITF4,16,Puglia,Puglia,4029053,2885404,71.61,0.75
3198,2021-01-06,PUG,3954,1676,2278,3953,0,1,ITF,ITF4,16,Puglia,Puglia,4029053,2889358,71.71,0.1
3199,2021-06-26,PUG,32373,16302,16071,15889,15916,568,ITF,ITF4,16,Puglia,Puglia,4029053,2921731,72.52,0.8
3200,2021-03-04,PUG,15364,6102,9262,13710,1429,225,ITF,ITF4,16,Puglia,Puglia,4029053,2937095,72.9,0.38
3201,2021-06-09,PUG,41901,20749,21152,29918,11278,705,ITF,ITF4,16,Puglia,Puglia,4029053,2978996,73.94,1.04
3202,2021-02-15,PUG,3263,1272,1991,2597,622,44,ITF,ITF4,16,Puglia,Puglia,4029053,2982259,74.02,0.08
3203,2021-05-26,PUG,38644,18567,20077,26208,11783,653,ITF,ITF4,16,Puglia,Puglia,4029053,3020903,74.98,0.96
3204,2021-01-27,PUG,4602,1942,2660,620,3982,0,ITF,ITF4,16,Puglia,Puglia,4029053,3025505,75.09,0.11
3205,2021-01-15,PUG,4554,1865,2689,4549,0,5,ITF,ITF4,16,Puglia,Puglia,4029053,3030059,75.21,0.11
3206,2021-01-22,PUG,1413,579,834,991,421,1,ITF,ITF4,16,Puglia,Puglia,4029053,3031472,75.24,0.04
3207,2021-06-25,PUG,50780,25023,25757,23870,26013,897,ITF,ITF4,16,Puglia,Puglia,4029053,3082252,76.5,1.26
3208,2021-04-08,PUG,17503,7596,9907,11100,6189,214,ITF,ITF4,16,Puglia,Puglia,4029053,3099755,76.94,0.43
3209,2021-06-06,PUG,30719,15468,15251,25344,5053,322,ITF,ITF4,16,Puglia,Puglia,4029053,3130474,77.7,0.76
3210,2021-04-10,PUG,30934,13122,17812,26098,4457,379,ITF,ITF4,16,Puglia,Puglia,4029053,3161408,78.47,0.77
3211,2021-07-19,PUG,49005,24086,24919,11105,37123,777,ITF,ITF4,16,Puglia,Puglia,4029053,3210413,79.68,1.22
3212,2021-04-01,PUG,13959,6555,7404,7373,6371,215,ITF,ITF4,16,Puglia,Puglia,4029053,3224372,80.03,0.35
3213,2021-02-03,PUG,5047,2006,3041,708,4338,1,ITF,ITF4,16,Puglia,Puglia,4029053,3229419,80.15,0.13
3214,2021-07-12,PUG,45572,21525,24047,12785,32013,774,ITF,ITF4,16,Puglia,Puglia,4029053,3274991,81.28,1.13
3215,2021-04-13,PUG,28764,13642,15122,24919,3533,312,ITF,ITF4,16,Puglia,Puglia,4029053,3303755,82.0,0.71
3216,2021-07-22,PUG,47214,23409,23805,8649,37869,696,ITF,ITF4,16,Puglia,Puglia,4029053,3350969,83.17,1.17
3217,2021-07-05,PUG,38760,18190,20570,7354,30846,560,ITF,ITF4,16,Puglia,Puglia,4029053,3389729,84.13,0.96
3218,2021-05-02,PUG,21344,9673,11671,13898,7270,176,ITF,ITF4,16,Puglia,Puglia,4029053,3411073,84.66,0.53
3219,2021-07-24,PUG,26616,13802,12814,8070,18066,480,ITF,ITF4,16,Puglia,Puglia,4029053,3437689,85.32,0.66
3220,2021-03-11,PUG,14837,6590,8247,11446,3189,202,ITF,ITF4,16,Puglia,Puglia,4029053,3452526,85.69,0.37
3221,2021-06-02,PUG,27058,13230,13828,21865,4835,358,ITF,ITF4,16,Puglia,Puglia,4029053,3479584,86.36,0.67
3222,2021-03-13,PUG,10473,4136,6337,8562,1814,97,ITF,ITF4,16,Puglia,Puglia,4029053,3490057,86.62,0.26
3223,2021-02-24,PUG,10058,4713,5345,9367,596,95,ITF,ITF4,16,Puglia,Puglia,4029053,3500115,86.87,0.25
3224,2021-06-04,PUG,52769,25534,27235,34155,17788,826,ITF,ITF4,16,Puglia,Puglia,4029053,3552884,88.18,1.31
3225,2021-05-18,PUG,28938,13465,15473,15813,12861,264,ITF,ITF4,16,Puglia,Puglia,4029053,3581822,88.9,0.72
3226,2021-04-29,PUG,26280,12150,14130,19165,6692,423,ITF,ITF4,16,Puglia,Puglia,4029053,3608102,89.55,0.65
3227,2021-06-16,PUG,42065,20697,21368,26886,14453,726,ITF,ITF4,16,Puglia,Puglia,4029053,3650167,90.6,1.04
3228,2020-12-30,PUG,1,0,1,1,0,0,ITF,ITF4,16,Puglia,Puglia,4029053,3650168,90.6,0.0
3229,2021-05-07,PUG,50175,22395,27780,25991,23618,566,ITF,ITF4,16,Puglia,Puglia,4029053,3700343,91.84,1.25
3230,2021-07-29,PUG,42565,21499,21066,12228,29541,796,ITF,ITF4,16,Puglia,Puglia,4029053,3742908,92.9,1.06
3231,2021-01-13,PUG,4549,1731,2818,4548,0,1,ITF,ITF4,16,Puglia,Puglia,4029053,3747457,93.01,0.11
3232,2021-04-06,PUG,13860,6261,7599,6924,6767,169,ITF,ITF4,16,Puglia,Puglia,4029053,3761317,93.35,0.34
3233,2021-07-15,PUG,44653,21602,23051,8969,34986,698,ITF,ITF4,16,Puglia,Puglia,4029053,3805970,94.46,1.11
3234,2021-07-14,PUG,46020,22064,23956,13528,31639,853,ITF,ITF4,16,Puglia,Puglia,4029053,3851990,95.61,1.14
3235,2021-08-02,PUG,36820,18699,18121,13559,22093,1168,ITF,ITF4,16,Puglia,Puglia,4029053,3888810,96.52,0.91
3236,2021-06-18,PUG,47798,23533,24265,28879,17992,927,ITF,ITF4,16,Puglia,Puglia,4029053,3936608,97.71,1.19
3237,2021-01-03,PUG,2007,943,1064,2006,0,1,ITF,ITF4,16,Puglia,Puglia,4029053,3938615,97.76,0.05
3238,2021-03-27,PUG,12168,5719,6449,6880,5178,110,ITF,ITF4,16,Puglia,Puglia,4029053,3950783,98.06,0.3
3239,2021-06-28,PUG,48540,23548,24992,21672,26061,807,ITF,ITF4,16,Puglia,Puglia,4029053,3999323,99.26,1.2
3240,2021-05-09,PUG,30808,12644,18164,14786,15655,367,ITF,ITF4,16,Puglia,Puglia,4029053,4030131,100.03,0.76
3241,2021-01-05,PUG,5112,2252,2860,5109,0,3,ITF,ITF4,16,Puglia,Puglia,4029053,4035243,100.15,0.13
3242,2021-04-15,PUG,32742,15275,17467,28575,3765,402,ITF,ITF4,16,Puglia,Puglia,4029053,4067985,100.97,0.81
3243,2021-07-07,PUG,38611,18485,20126,6197,31895,519,ITF,ITF4,16,Puglia,Puglia,4029053,4106596,101.92,0.96
3244,2021-03-01,PUG,15120,5875,9245,13585,1383,152,ITF,ITF4,16,Puglia,Puglia,4029053,4121716,102.3,0.38
3245,2021-01-10,PUG,2349,1062,1287,2348,0,1,ITF,ITF4,16,Puglia,Puglia,4029053,4124065,102.36,0.06
3246,2021-04-20,PUG,21194,9845,11349,17455,3475,264,ITF,ITF4,16,Puglia,Puglia,4029053,4145259,102.88,0.53
3247,2020-12-27,PUG,510,252,258,510,0,0,ITF,ITF4,16,Puglia,Puglia,4029053,4145769,102.9,0.01
3248,2021-02-22,PUG,9647,4538,5109,9224,336,87,ITF,ITF4,16,Puglia,Puglia,4029053,4155416,103.14,0.24
3249,2021-02-05,PUG,5641,2273,3368,1311,4325,5,ITF,ITF4,16,Puglia,Puglia,4029053,4161057,103.28,0.14
3250,2021-05-16,PUG,24605,11096,13509,12456,11925,224,ITF,ITF4,16,Puglia,Puglia,4029053,4185662,103.89,0.61
3251,2021-04-22,PUG,23058,10553,12505,17740,4935,383,ITF,ITF4,16,Puglia,Puglia,4029053,4208720,104.46,0.57
3252,2021-07-31,PUG,19372,10286,9086,7625,11273,474,ITF,ITF4,16,Puglia,Puglia,4029053,4228092,104.94,0.48
3253,2021-02-12,PUG,4216,1673,2543,3098,1094,24,ITF,ITF4,16,Puglia,Puglia,4029053,4232308,105.04,0.1
3254,2021-01-29,PUG,6207,2665,3542,233,5974,0,ITF,ITF4,16,Puglia,Puglia,4029053,4238515,105.2,0.15
3255,2021-03-20,PUG,8427,3886,4541,3768,4615,44,ITF,ITF4,16,Puglia,Puglia,4029053,4246942,105.41,0.21
3256,2021-03-03,PUG,16803,6814,9989,14723,1932,148,ITF,ITF4,16,Puglia,Puglia,4029053,4263745,105.82,0.42
3257,2021-03-22,PUG,9976,5132,4844,4241,5665,70,ITF,ITF4,16,Puglia,Puglia,4029053,4273721,106.07,0.25
3258,2021-01-24,PUG,1670,751,919,151,1519,0,ITF,ITF4,16,Puglia,Puglia,4029053,4275391,106.11,0.04
3259,2021-06-30,PUG,47666,23134,24532,18819,27990,857,ITF,ITF4,16,Puglia,Puglia,4029053,4323057,107.3,1.18
3260,2021-03-15,PUG,12345,6152,6193,5734,6508,103,ITF,ITF4,16,Puglia,Puglia,4029053,4335402,107.6,0.31
3261,2021-01-17,PUG,1310,592,718,1240,70,0,ITF,ITF4,16,Puglia,Puglia,4029053,4336712,107.64,0.03
3262,2021-06-23,PUG,29393,14359,15034,16991,11788,614,ITF,ITF4,16,Puglia,Puglia,4029053,4366105,108.37,0.73
3263,2021-04-27,PUG,26701,12080,14621,20769,5611,321,ITF,ITF4,16,Puglia,Puglia,4029053,4392806,109.03,0.66
3264,2021-05-11,PUG,32673,14438,18235,13684,18505,484,ITF,ITF4,16,Puglia,Puglia,4029053,4425479,109.84,0.81
3265,2021-05-04,PUG,35177,14880,20297,18232,16532,413,ITF,ITF4,16,Puglia,Puglia,4029053,4460656,110.71,0.87
3266,2021-03-08,PUG,15006,6442,8564,12441,2410,155,ITF,ITF4,16,Puglia,Puglia,4029053,4475662,111.08,0.37
3267,2021-06-11,PUG,47937,23453,24484,32988,14040,909,ITF,ITF4,16,Puglia,Puglia,4029053,4523599,112.27,1.19
3268,2021-04-03,PUG,10574,4656,5918,6815,3566,193,ITF,ITF4,16,Puglia,Puglia,4029053,4534173,112.54,0.26
3269,2021-06-24,PUG,52815,25547,27268,23592,28437,786,ITF,ITF4,16,Puglia,Puglia,4029053,4586988,113.85,1.31
3270,2021-04-28,PUG,19851,8904,10947,14808,4778,265,ITF,ITF4,16,Puglia,Puglia,4029053,4606839,114.34,0.49
3271,2021-01-09,PUG,4890,2251,2639,4886,0,4,ITF,ITF4,16,Puglia,Puglia,4029053,4611729,114.46,0.12
3272,2021-07-01,PUG,48259,22602,25657,11462,36161,636,ITF,ITF4,16,Puglia,Puglia,4029053,4659988,115.66,1.2
3273,2021-03-14,PUG,3377,1461,1916,2474,866,37,ITF,ITF4,16,Puglia,Puglia,4029053,4663365,115.74,0.08
3274,2021-01-16,PUG,2508,1036,1472,2507,0,1,ITF,ITF4,16,Puglia,Puglia,4029053,4665873,115.81,0.06
3275,2021-05-21,PUG,39180,18605,20575,28247,10139,794,ITF,ITF4,16,Puglia,Puglia,4029053,4705053,116.78,0.97
3276,2021-05-19,PUG,26436,12783,13653,19531,6471,434,ITF,ITF4,16,Puglia,Puglia,4029053,4731489,117.43,0.66
3277,2021-03-23,PUG,11136,5653,5483,4529,6514,93,ITF,ITF4,16,Puglia,Puglia,4029053,4742625,117.71,0.28
3278,2021-03-25,PUG,11746,6018,5728,5250,6398,98,ITF,ITF4,16,Puglia,Puglia,4029053,4754371,118.0,0.29
3279,2021-07-03,PUG,33084,16587,16497,13379,19191,514,ITF,ITF4,16,Puglia,Puglia,4029053,4787455,118.82,0.82
3280,2021-02-08,PUG,4003,1618,2385,1580,2408,15,ITF,ITF4,16,Puglia,Puglia,4029053,4791458,118.92,0.1
3281,2021-02-10,PUG,3654,1441,2213,2121,1513,20,ITF,ITF4,16,Puglia,Puglia,4029053,4795112,119.01,0.09
3282,2021-05-23,PUG,17943,8388,9555,13858,3825,260,ITF,ITF4,16,Puglia,Puglia,4029053,4813055,119.46,0.45
3283,2021-02-17,PUG,4291,1752,2539,3617,635,39,ITF,ITF4,16,Puglia,Puglia,4029053,4817346,119.57,0.11
3284,2021-05-28,PUG,44066,20863,23203,27415,15849,802,ITF,ITF4,16,Puglia,Puglia,4029053,4861412,120.66,1.09
3285,2021-07-26,PUG,46937,23424,23513,16930,29060,947,ITF,ITF4,16,Puglia,Puglia,4029053,4908349,121.82,1.16
3286,2021-05-30,PUG,21025,10065,10960,15705,5064,256,ITF,ITF4,16,Puglia,Puglia,4029053,4929374,122.35,0.52
3287,2021-05-19,SAR,17041,8674,8367,12628,4254,159,ITG,ITG2,20,Sardegna,Sardegna,1639591,17041,1.04,1.04
3288,2021-06-05,SAR,17883,8438,9445,11285,6464,134,ITG,ITG2,20,Sardegna,Sardegna,1639591,34924,2.13,1.09
3289,2021-02-25,SAR,2899,1256,1643,2264,604,31,ITG,ITG2,20,Sardegna,Sardegna,1639591,37823,2.31,0.18
3290,2021-03-14,SAR,605,377,228,596,0,9,ITG,ITG2,20,Sardegna,Sardegna,1639591,38428,2.34,0.04
3291,2021-01-16,SAR,1493,527,966,1493,0,0,ITG,ITG2,20,Sardegna,Sardegna,1639591,39921,2.43,0.09
3292,2021-04-09,SAR,12311,5474,6837,7828,4360,123,ITG,ITG2,20,Sardegna,Sardegna,1639591,52232,3.19,0.75
3293,2021-07-20,SAR,16145,7929,8216,3651,12404,90,ITG,ITG2,20,Sardegna,Sardegna,1639591,68377,4.17,0.98
3294,2021-04-11,SAR,5398,2444,2954,4251,1121,26,ITG,ITG2,20,Sardegna,Sardegna,1639591,73775,4.5,0.33
3295,2021-06-07,SAR,12563,6143,6420,9437,3004,122,ITG,ITG2,20,Sardegna,Sardegna,1639591,86338,5.27,0.77
3296,2021-02-04,SAR,2271,814,1457,910,1358,3,ITG,ITG2,20,Sardegna,Sardegna,1639591,88609,5.4,0.14
3297,2021-04-02,SAR,8986,3549,5437,5591,3244,151,ITG,ITG2,20,Sardegna,Sardegna,1639591,97595,5.95,0.55
3298,2021-08-01,SAR,3054,1500,1554,1031,1987,36,ITG,ITG2,20,Sardegna,Sardegna,1639591,100649,6.14,0.19
3299,2021-04-23,SAR,12872,5751,7121,7244,5486,142,ITG,ITG2,20,Sardegna,Sardegna,1639591,113521,6.92,0.79
3300,2021-05-10,SAR,9744,4342,5402,7033,2541,170,ITG,ITG2,20,Sardegna,Sardegna,1639591,123265,7.52,0.59
3301,2021-01-30,SAR,3869,1393,2476,363,3506,0,ITG,ITG2,20,Sardegna,Sardegna,1639591,127134,7.75,0.24
3302,2021-06-19,SAR,15342,7515,7827,9120,6123,99,ITG,ITG2,20,Sardegna,Sardegna,1639591,142476,8.69,0.94
3303,2021-07-06,SAR,15929,7720,8209,4664,11169,96,ITG,ITG2,20,Sardegna,Sardegna,1639591,158405,9.66,0.97
3304,2021-03-28,SAR,4534,1793,2741,4391,78,65,ITG,ITG2,20,Sardegna,Sardegna,1639591,162939,9.94,0.28
3305,2021-01-04,SAR,587,215,372,587,0,0,ITG,ITG2,20,Sardegna,Sardegna,1639591,163526,9.97,0.04
3306,2021-02-11,SAR,1311,488,823,1200,111,0,ITG,ITG2,20,Sardegna,Sardegna,1639591,164837,10.05,0.08
3307,2021-05-24,SAR,14471,7257,7214,8355,5984,132,ITG,ITG2,20,Sardegna,Sardegna,1639591,179308,10.94,0.88
3308,2021-02-13,SAR,1446,562,884,1440,2,4,ITG,ITG2,20,Sardegna,Sardegna,1639591,180754,11.02,0.09
3309,2021-05-29,SAR,17994,8649,9345,13235,4592,167,ITG,ITG2,20,Sardegna,Sardegna,1639591,198748,12.12,1.1
3310,2021-03-09,SAR,5531,2740,2791,4746,727,58,ITG,ITG2,20,Sardegna,Sardegna,1639591,204279,12.46,0.34
3311,2021-05-05,SAR,10181,4651,5530,7951,2031,199,ITG,ITG2,20,Sardegna,Sardegna,1639591,214460,13.08,0.62
3312,2021-07-01,SAR,19834,9765,10069,7258,12484,92,ITG,ITG2,20,Sardegna,Sardegna,1639591,234294,14.29,1.21
3313,2021-03-23,SAR,6420,2886,3534,5179,1082,159,ITG,ITG2,20,Sardegna,Sardegna,1639591,240714,14.68,0.39
3314,2021-07-15,SAR,18778,9238,9540,4647,14032,99,ITG,ITG2,20,Sardegna,Sardegna,1639591,259492,15.83,1.15
3315,2021-08-03,SAR,14562,7507,7055,7521,6847,194,ITG,ITG2,20,Sardegna,Sardegna,1639591,274054,16.71,0.89
3316,2021-05-12,SAR,11140,5263,5877,7794,3139,207,ITG,ITG2,20,Sardegna,Sardegna,1639591,285194,17.39,0.68
3317,2021-04-30,SAR,11143,5304,5839,6756,4207,180,ITG,ITG2,20,Sardegna,Sardegna,1639591,296337,18.07,0.68
3318,2021-05-17,SAR,12818,6261,6557,9126,3545,147,ITG,ITG2,20,Sardegna,Sardegna,1639591,309155,18.86,0.78
3319,2021-02-06,SAR,1973,700,1273,564,1406,3,ITG,ITG2,20,Sardegna,Sardegna,1639591,311128,18.98,0.12
3320,2021-02-23,SAR,1565,1043,522,1270,280,15,ITG,ITG2,20,Sardegna,Sardegna,1639591,312693,19.07,0.1
3321,2021-07-24,SAR,12386,6385,6001,1997,10362,27,ITG,ITG2,20,Sardegna,Sardegna,1639591,325079,19.83,0.76
3322,2021-05-02,SAR,5957,2696,3261,5214,651,92,ITG,ITG2,20,Sardegna,Sardegna,1639591,331036,20.19,0.36
3323,2021-07-13,SAR,17805,8522,9283,3251,14477,77,ITG,ITG2,20,Sardegna,Sardegna,1639591,348841,21.28,1.09
3324,2021-04-04,SAR,2,1,1,0,2,0,ITG,ITG2,20,Sardegna,Sardegna,1639591,348843,21.28,0.0
3325,2021-06-12,SAR,14756,7195,7561,9938,4702,116,ITG,ITG2,20,Sardegna,Sardegna,1639591,363599,22.18,0.9
3326,2021-03-04,SAR,4371,2300,2071,3059,1256,56,ITG,ITG2,20,Sardegna,Sardegna,1639591,367970,22.44,0.27
3327,2021-03-21,SAR,4035,1810,2225,2572,1440,23,ITG,ITG2,20,Sardegna,Sardegna,1639591,372005,22.69,0.25
3328,2021-07-08,SAR,18444,8969,9475,3834,14526,84,ITG,ITG2,20,Sardegna,Sardegna,1639591,390449,23.81,1.12
3329,2021-07-25,SAR,4344,2143,2201,865,3464,15,ITG,ITG2,20,Sardegna,Sardegna,1639591,394793,24.08,0.26
3330,2021-04-16,SAR,14445,6489,7956,8941,5340,164,ITG,ITG2,20,Sardegna,Sardegna,1639591,409238,24.96,0.88
3331,2021-01-23,SAR,60,22,38,0,60,0,ITG,ITG2,20,Sardegna,Sardegna,1639591,409298,24.96,0.0
3332,2021-02-22,SAR,1638,948,690,1384,228,26,ITG,ITG2,20,Sardegna,Sardegna,1639591,410936,25.06,0.1
3333,2021-06-26,SAR,19143,9009,10134,5452,13616,75,ITG,ITG2,20,Sardegna,Sardegna,1639591,430079,26.23,1.17
3334,2021-03-02,SAR,3038,1631,1407,1815,1154,69,ITG,ITG2,20,Sardegna,Sardegna,1639591,433117,26.42,0.19
3335,2021-04-28,SAR,9024,4283,4741,5167,3710,147,ITG,ITG2,20,Sardegna,Sardegna,1639591,442141,26.97,0.55
3336,2021-01-18,SAR,903,324,579,779,124,0,ITG,ITG2,20,Sardegna,Sardegna,1639591,443044,27.02,0.06
3337,2021-06-24,SAR,19202,9214,9988,8121,10978,103,ITG,ITG2,20,Sardegna,Sardegna,1639591,462246,28.19,1.17
3338,2021-03-16,SAR,4398,1954,2444,3434,922,42,ITG,ITG2,20,Sardegna,Sardegna,1639591,466644,28.46,0.27
3339,2021-04-21,SAR,12073,5553,6520,6439,5536,98,ITG,ITG2,20,Sardegna,Sardegna,1639591,478717,29.2,0.74
3340,2021-01-11,SAR,1183,505,678,1182,0,1,ITG,ITG2,20,Sardegna,Sardegna,1639591,479900,29.27,0.07
3341,2021-02-18,SAR,1876,731,1145,1774,64,38,ITG,ITG2,20,Sardegna,Sardegna,1639591,481776,29.38,0.11
3342,2021-05-31,SAR,11367,5409,5958,8158,3110,99,ITG,ITG2,20,Sardegna,Sardegna,1639591,493143,30.08,0.69
3343,2021-07-27,SAR,16529,8384,8145,4215,12203,111,ITG,ITG2,20,Sardegna,Sardegna,1639591,509672,31.09,1.01
3344,2021-04-18,SAR,5132,2226,2906,2230,2874,28,ITG,ITG2,20,Sardegna,Sardegna,1639591,514804,31.4,0.31
3345,2021-01-08,SAR,3257,1184,2073,3255,0,2,ITG,ITG2,20,Sardegna,Sardegna,1639591,518061,31.6,0.2
3346,2020-12-28,SAR,66,26,40,66,0,0,ITG,ITG2,20,Sardegna,Sardegna,1639591,518127,31.6,0.0
3347,2021-06-14,SAR,13751,6643,7108,9998,3611,142,ITG,ITG2,20,Sardegna,Sardegna,1639591,531878,32.44,0.84
3348,2021-03-06,SAR,2635,1078,1557,781,1781,73,ITG,ITG2,20,Sardegna,Sardegna,1639591,534513,32.6,0.16
3349,2021-06-28,SAR,14994,7043,7951,3052,11876,66,ITG,ITG2,20,Sardegna,Sardegna,1639591,549507,33.51,0.91
3350,2021-04-06,SAR,7458,3122,4336,4971,2429,58,ITG,ITG2,20,Sardegna,Sardegna,1639591,556965,33.97,0.45
3351,2020-12-27,SAR,65,34,31,65,0,0,ITG,ITG2,20,Sardegna,Sardegna,1639591,557030,33.97,0.0
3352,2021-02-08,SAR,1469,533,936,852,616,1,ITG,ITG2,20,Sardegna,Sardegna,1639591,558499,34.06,0.09
3353,2021-06-16,SAR,17633,8275,9358,12166,5306,161,ITG,ITG2,20,Sardegna,Sardegna,1639591,576132,35.14,1.08
3354,2021-01-01,SAR,32,17,15,32,0,0,ITG,ITG2,20,Sardegna,Sardegna,1639591,576164,35.14,0.0
3355,2021-02-27,SAR,1918,644,1274,1318,559,41,ITG,ITG2,20,Sardegna,Sardegna,1639591,578082,35.26,0.12
3356,2021-01-13,SAR,574,178,396,574,0,0,ITG,ITG2,20,Sardegna,Sardegna,1639591,578656,35.29,0.04
3357,2021-07-17,SAR,12871,6301,6570,3179,9625,67,ITG,ITG2,20,Sardegna,Sardegna,1639591,591527,36.08,0.79
3358,2021-07-31,SAR,10318,5457,4861,5279,4959,80,ITG,ITG2,20,Sardegna,Sardegna,1639591,601845,36.71,0.63
3359,2021-05-07,SAR,14480,6639,7841,9721,4525,234,ITG,ITG2,20,Sardegna,Sardegna,1639591,616325,37.59,0.88
3360,2021-01-27,SAR,1414,498,916,78,1336,0,ITG,ITG2,20,Sardegna,Sardegna,1639591,617739,37.68,0.09
3361,2021-07-03,SAR,15840,7561,8279,3236,12573,31,ITG,ITG2,20,Sardegna,Sardegna,1639591,633579,38.64,0.97
3362,2021-03-25,SAR,9112,3971,5141,7687,1303,122,ITG,ITG2,20,Sardegna,Sardegna,1639591,642691,39.2,0.56
3363,2021-05-21,SAR,22645,11205,11440,16264,6101,280,ITG,ITG2,20,Sardegna,Sardegna,1639591,665336,40.58,1.38
3364,2021-03-18,SAR,7256,3074,4182,5575,1607,74,ITG,ITG2,20,Sardegna,Sardegna,1639591,672592,41.02,0.44
3365,2021-03-11,SAR,6418,3087,3331,5149,1200,69,ITG,ITG2,20,Sardegna,Sardegna,1639591,679010,41.41,0.39
3366,2021-06-04,SAR,14493,6937,7556,9777,4558,158,ITG,ITG2,20,Sardegna,Sardegna,1639591,693503,42.3,0.88
3367,2021-06-21,SAR,14020,6734,7286,5122,8825,73,ITG,ITG2,20,Sardegna,Sardegna,1639591,707523,43.15,0.86
3368,2021-03-13,SAR,2756,1075,1681,2436,281,39,ITG,ITG2,20,Sardegna,Sardegna,1639591,710279,43.32,0.17
3369,2021-03-30,SAR,8763,3585,5178,6347,2275,141,ITG,ITG2,20,Sardegna,Sardegna,1639591,719042,43.85,0.53
3370,2021-01-06,SAR,1613,547,1066,1613,0,0,ITG,ITG2,20,Sardegna,Sardegna,1639591,720655,43.95,0.1
3371,2021-06-17,SAR,18463,8531,9932,9919,8423,121,ITG,ITG2,20,Sardegna,Sardegna,1639591,739118,45.08,1.13
3372,2021-01-25,SAR,591,214,377,22,569,0,ITG,ITG2,20,Sardegna,Sardegna,1639591,739709,45.12,0.04
3373,2021-05-16,SAR,8221,3831,4390,5985,2160,76,ITG,ITG2,20,Sardegna,Sardegna,1639591,747930,45.62,0.5
3374,2021-07-12,SAR,15335,7414,7921,2403,12877,55,ITG,ITG2,20,Sardegna,Sardegna,1639591,763265,46.55,0.94
3375,2021-07-05,SAR,15584,7572,8012,3328,12207,49,ITG,ITG2,20,Sardegna,Sardegna,1639591,778849,47.5,0.95
3376,2021-02-05,SAR,1900,750,1150,430,1468,2,ITG,ITG2,20,Sardegna,Sardegna,1639591,780749,47.62,0.12
3377,2021-04-25,SAR,4500,2271,2229,3674,780,46,ITG,ITG2,20,Sardegna,Sardegna,1639591,785249,47.89,0.27
3378,2021-01-15,SAR,1560,572,988,1558,0,2,ITG,ITG2,20,Sardegna,Sardegna,1639591,786809,47.99,0.1
3379,2021-02-01,SAR,1523,605,918,224,1299,0,ITG,ITG2,20,Sardegna,Sardegna,1639591,788332,48.08,0.09
3380,2021-05-09,SAR,6125,2872,3253,5112,925,88,ITG,ITG2,20,Sardegna,Sardegna,1639591,794457,48.45,0.37
3381,2021-05-26,SAR,15533,8188,7345,9702,5647,184,ITG,ITG2,20,Sardegna,Sardegna,1639591,809990,49.4,0.95
3382,2021-02-15,SAR,955,347,608,918,31,6,ITG,ITG2,20,Sardegna,Sardegna,1639591,810945,49.46,0.06
3383,2021-03-20,SAR,5194,2075,3119,2890,2277,27,ITG,ITG2,20,Sardegna,Sardegna,1639591,816139,49.78,0.32
3384,2021-06-13,SAR,9500,4676,4824,6160,3260,80,ITG,ITG2,20,Sardegna,Sardegna,1639591,825639,50.36,0.58
3385,2021-05-28,SAR,17956,8699,9257,13492,4276,188,ITG,ITG2,20,Sardegna,Sardegna,1639591,843595,51.45,1.1
3386,2021-02-17,SAR,1404,577,827,1273,74,57,ITG,ITG2,20,Sardegna,Sardegna,1639591,844999,51.54,0.09
3387,2021-05-25,SAR,15142,7704,7438,8490,6476,176,ITG,ITG2,20,Sardegna,Sardegna,1639591,860141,52.46,0.92
3388,2021-06-11,SAR,14779,7024,7755,9088,5538,153,ITG,ITG2,20,Sardegna,Sardegna,1639591,874920,53.36,0.9
3389,2021-03-03,SAR,4114,2278,1836,2739,1298,77,ITG,ITG2,20,Sardegna,Sardegna,1639591,879034,53.61,0.25
3390,2021-01-20,SAR,210,77,133,208,2,0,ITG,ITG2,20,Sardegna,Sardegna,1639591,879244,53.63,0.01
3391,2021-03-29,SAR,4738,1846,2892,4071,589,78,ITG,ITG2,20,Sardegna,Sardegna,1639591,883982,53.91,0.29
3392,2021-04-15,SAR,11849,5539,6310,6778,4956,115,ITG,ITG2,20,Sardegna,Sardegna,1639591,895831,54.64,0.72
3393,2021-01-05,SAR,1321,443,878,1321,0,0,ITG,ITG2,20,Sardegna,Sardegna,1639591,897152,54.72,0.08
3394,2021-01-22,SAR,83,47,36,55,28,0,ITG,ITG2,20,Sardegna,Sardegna,1639591,897235,54.72,0.01
3395,2021-07-22,SAR,18324,9259,9065,4502,13713,109,ITG,ITG2,20,Sardegna,Sardegna,1639591,915559,55.84,1.12
3396,2021-04-13,SAR,7619,3597,4022,5734,1825,60,ITG,ITG2,20,Sardegna,Sardegna,1639591,923178,56.31,0.46
3397,2021-06-09,SAR,15464,7368,8096,11574,3740,150,ITG,ITG2,20,Sardegna,Sardegna,1639591,938642,57.25,0.94
3398,2021-03-08,SAR,4687,2434,2253,3421,1222,44,ITG,ITG2,20,Sardegna,Sardegna,1639591,943329,57.53,0.29
3399,2021-05-04,SAR,9544,4387,5157,7541,1854,149,ITG,ITG2,20,Sardegna,Sardegna,1639591,952873,58.12,0.58
3400,2021-01-24,SAR,90,34,56,5,85,0,ITG,ITG2,20,Sardegna,Sardegna,1639591,952963,58.12,0.01
3401,2021-06-18,SAR,16487,7507,8980,8605,7767,115,ITG,ITG2,20,Sardegna,Sardegna,1639591,969450,59.13,1.01
3402,2021-03-10,SAR,6056,2957,3099,5136,853,67,ITG,ITG2,20,Sardegna,Sardegna,1639591,975506,59.5,0.37
3403,2021-05-06,SAR,12959,6014,6945,9568,3151,240,ITG,ITG2,20,Sardegna,Sardegna,1639591,988465,60.29,0.79
3404,2021-06-23,SAR,20551,9668,10883,6198,14261,92,ITG,ITG2,20,Sardegna,Sardegna,1639591,1009016,61.54,1.25
3405,2021-04-03,SAR,4677,1810,2867,2641,1971,65,ITG,ITG2,20,Sardegna,Sardegna,1639591,1013693,61.83,0.29
3406,2021-05-30,SAR,9727,4836,4891,7300,2357,70,ITG,ITG2,20,Sardegna,Sardegna,1639591,1023420,62.42,0.59
3407,2021-02-19,SAR,1498,471,1027,1398,56,44,ITG,ITG2,20,Sardegna,Sardegna,1639591,1024918,62.51,0.09
3408,2021-03-27,SAR,5732,2190,3542,5223,422,87,ITG,ITG2,20,Sardegna,Sardegna,1639591,1030650,62.86,0.35
3409,2021-05-14,SAR,14573,6867,7706,10765,3644,164,ITG,ITG2,20,Sardegna,Sardegna,1639591,1045223,63.75,0.89
3410,2021-02-03,SAR,1119,419,700,424,694,1,ITG,ITG2,20,Sardegna,Sardegna,1639591,1046342,63.82,0.07
3411,2021-07-10,SAR,14234,6886,7348,2705,11496,33,ITG,ITG2,20,Sardegna,Sardegna,1639591,1060576,64.69,0.87
3412,2021-04-01,SAR,10164,4074,6090,7008,3015,141,ITG,ITG2,20,Sardegna,Sardegna,1639591,1070740,65.31,0.62
3413,2021-07-21,SAR,19391,9497,9894,3911,15396,84,ITG,ITG2,20,Sardegna,Sardegna,1639591,1090131,66.49,1.18
3414,2021-02-10,SAR,1961,766,1195,1435,520,6,ITG,ITG2,20,Sardegna,Sardegna,1639591,1092092,66.61,0.12
3415,2021-06-30,SAR,17773,8515,9258,4807,12885,81,ITG,ITG2,20,Sardegna,Sardegna,1639591,1109865,67.69,1.08
3416,2021-03-22,SAR,3687,1492,2195,3100,512,75,ITG,ITG2,20,Sardegna,Sardegna,1639591,1113552,67.92,0.22
3417,2021-04-08,SAR,13438,5935,7503,8209,5119,110,ITG,ITG2,20,Sardegna,Sardegna,1639591,1126990,68.74,0.82
3418,2021-07-14,SAR,16910,8191,8719,3775,13024,111,ITG,ITG2,20,Sardegna,Sardegna,1639591,1143900,69.77,1.03
3419,2020-12-29,SAR,57,32,25,57,0,0,ITG,ITG2,20,Sardegna,Sardegna,1639591,1143957,69.77,0.0
3420,2021-04-22,SAR,10507,4662,5845,5501,4920,86,ITG,ITG2,20,Sardegna,Sardegna,1639591,1154464,70.41,0.64
3421,2021-01-12,SAR,865,408,457,865,0,0,ITG,ITG2,20,Sardegna,Sardegna,1639591,1155329,70.46,0.05
3422,2021-05-23,SAR,9968,4808,5160,7626,2246,96,ITG,ITG2,20,Sardegna,Sardegna,1639591,1165297,71.07,0.61
3423,2021-02-12,SAR,2236,933,1303,2172,59,5,ITG,ITG2,20,Sardegna,Sardegna,1639591,1167533,71.21,0.14
3424,2021-07-19,SAR,14733,7395,7338,2705,11978,50,ITG,ITG2,20,Sardegna,Sardegna,1639591,1182266,72.11,0.9
3425,2021-04-10,SAR,10497,4750,5747,8454,1942,101,ITG,ITG2,20,Sardegna,Sardegna,1639591,1192763,72.75,0.64
3426,2021-01-07,SAR,3103,1072,2031,3099,0,4,ITG,ITG2,20,Sardegna,Sardegna,1639591,1195866,72.94,0.19
3427,2021-06-10,SAR,17810,8478,9332,11644,6040,126,ITG,ITG2,20,Sardegna,Sardegna,1639591,1213676,74.02,1.09
3428,2020-12-31,SAR,32,16,16,32,0,0,ITG,ITG2,20,Sardegna,Sardegna,1639591,1213708,74.03,0.0
3429,2021-07-30,SAR,15247,7874,7373,6633,8448,166,ITG,ITG2,20,Sardegna,Sardegna,1639591,1228955,74.95,0.93
3430,2021-03-01,SAR,2270,1157,1113,1582,659,29,ITG,ITG2,20,Sardegna,Sardegna,1639591,1231225,75.09,0.14
3431,2021-05-13,SAR,12379,5864,6515,8729,3448,202,ITG,ITG2,20,Sardegna,Sardegna,1639591,1243604,75.85,0.76
3432,2021-02-02,SAR,1500,670,830,257,1243,0,ITG,ITG2,20,Sardegna,Sardegna,1639591,1245104,75.94,0.09
3433,2021-05-15,SAR,13799,6426,7373,10201,3434,164,ITG,ITG2,20,Sardegna,Sardegna,1639591,1258903,76.78,0.84
3434,2021-07-11,SAR,6378,3118,3260,1424,4919,35,ITG,ITG2,20,Sardegna,Sardegna,1639591,1265281,77.17,0.39
3435,2021-01-26,SAR,1337,454,883,27,1310,0,ITG,ITG2,20,Sardegna,Sardegna,1639591,1266618,77.25,0.08
3436,2021-05-08,SAR,13091,5974,7117,10666,2285,140,ITG,ITG2,20,Sardegna,Sardegna,1639591,1279709,78.05,0.8
3437,2021-05-18,SAR,14756,7380,7376,9444,5203,109,ITG,ITG2,20,Sardegna,Sardegna,1639591,1294465,78.95,0.9
3438,2021-02-24,SAR,2411,1294,1117,2182,193,36,ITG,ITG2,20,Sardegna,Sardegna,1639591,1296876,79.1,0.15
3439,2021-06-06,SAR,10034,5001,5033,6314,3651,69,ITG,ITG2,20,Sardegna,Sardegna,1639591,1306910,79.71,0.61
3440,2021-07-26,SAR,14598,7286,7312,4122,10399,77,ITG,ITG2,20,Sardegna,Sardegna,1639591,1321508,80.6,0.89
3441,2021-04-17,SAR,10085,4502,5583,5403,4603,79,ITG,ITG2,20,Sardegna,Sardegna,1639591,1331593,81.21,0.62
3442,2021-01-03,SAR,90,36,54,90,0,0,ITG,ITG2,20,Sardegna,Sardegna,1639591,1331683,81.22,0.01
3443,2021-07-07,SAR,15906,7728,8178,4085,11770,51,ITG,ITG2,20,Sardegna,Sardegna,1639591,1347589,82.19,0.97
3444,2021-06-22,SAR,19341,8990,10351,7169,12071,101,ITG,ITG2,20,Sardegna,Sardegna,1639591,1366930,83.37,1.18
3445,2021-07-09,SAR,15876,7600,8276,3433,12363,80,ITG,ITG2,20,Sardegna,Sardegna,1639591,1382806,84.34,0.97
3446,2021-03-31,SAR,10260,4149,6111,7705,2433,122,ITG,ITG2,20,Sardegna,Sardegna,1639591,1393066,84.96,0.63
3447,2021-04-12,SAR,6995,3180,3815,5215,1713,67,ITG,ITG2,20,Sardegna,Sardegna,1639591,1400061,85.39,0.43
3448,2021-01-02,SAR,60,21,39,60,0,0,ITG,ITG2,20,Sardegna,Sardegna,1639591,1400121,85.39,0.0
3449,2021-06-08,SAR,14832,7070,7762,11171,3506,155,ITG,ITG2,20,Sardegna,Sardegna,1639591,1414953,86.3,0.9
3450,2021-05-11,SAR,8954,4180,4774,6404,2423,127,ITG,ITG2,20,Sardegna,Sardegna,1639591,1423907,86.85,0.55
3451,2021-01-31,SAR,2118,749,1369,45,2073,0,ITG,ITG2,20,Sardegna,Sardegna,1639591,1426025,86.97,0.13
3452,2021-02-14,SAR,538,263,275,536,2,0,ITG,ITG2,20,Sardegna,Sardegna,1639591,1426563,87.01,0.03
3453,2021-07-18,SAR,5691,2873,2818,981,4700,10,ITG,ITG2,20,Sardegna,Sardegna,1639591,1432254,87.35,0.35
3454,2021-07-23,SAR,15752,7782,7970,3398,12276,78,ITG,ITG2,20,Sardegna,Sardegna,1639591,1448006,88.32,0.96
3455,2021-04-14,SAR,8264,3907,4357,6965,1238,61,ITG,ITG2,20,Sardegna,Sardegna,1639591,1456270,88.82,0.5
3456,2021-05-01,SAR,9918,4766,5152,5368,4456,94,ITG,ITG2,20,Sardegna,Sardegna,1639591,1466188,89.42,0.6
3457,2021-01-21,SAR,127,61,66,94,33,0,ITG,ITG2,20,Sardegna,Sardegna,1639591,1466315,89.43,0.01
3458,2021-01-29,SAR,2958,1071,1887,45,2911,2,ITG,ITG2,20,Sardegna,Sardegna,1639591,1469273,89.61,0.18
3459,2021-08-02,SAR,13134,6612,6522,6215,6741,178,ITG,ITG2,20,Sardegna,Sardegna,1639591,1482407,90.41,0.8
3460,2021-01-28,SAR,2975,1045,1930,69,2906,0,ITG,ITG2,20,Sardegna,Sardegna,1639591,1485382,90.59,0.18
3461,2021-02-07,SAR,1119,396,723,227,891,1,ITG,ITG2,20,Sardegna,Sardegna,1639591,1486501,90.66,0.07
3462,2021-05-03,SAR,8197,3827,4370,6491,1600,106,ITG,ITG2,20,Sardegna,Sardegna,1639591,1494698,91.16,0.5
3463,2021-05-20,SAR,16367,7884,8483,11269,4897,201,ITG,ITG2,20,Sardegna,Sardegna,1639591,1511065,92.16,1.0
3464,2021-02-09,SAR,2287,835,1452,1284,998,5,ITG,ITG2,20,Sardegna,Sardegna,1639591,1513352,92.3,0.14
3465,2021-02-26,SAR,2799,1105,1694,2444,306,49,ITG,ITG2,20,Sardegna,Sardegna,1639591,1516151,92.47,0.17
3466,2021-04-05,SAR,2035,783,1252,2003,1,31,ITG,ITG2,20,Sardegna,Sardegna,1639591,1518186,92.6,0.12
3467,2021-06-29,SAR,17896,8606,9290,3760,14087,49,ITG,ITG2,20,Sardegna,Sardegna,1639591,1536082,93.69,1.09
3468,2021-06-03,SAR,16395,7644,8751,10566,5689,140,ITG,ITG2,20,Sardegna,Sardegna,1639591,1552477,94.69,1.0
3469,2021-06-20,SAR,6293,2806,3487,3637,2624,32,ITG,ITG2,20,Sardegna,Sardegna,1639591,1558770,95.07,0.38
3470,2021-03-12,SAR,5970,2616,3354,4518,1307,145,ITG,ITG2,20,Sardegna,Sardegna,1639591,1564740,95.43,0.36
3471,2021-05-27,SAR,17828,9263,8565,12084,5536,208,ITG,ITG2,20,Sardegna,Sardegna,1639591,1582568,96.52,1.09
3472,2021-02-16,SAR,699,289,410,663,27,9,ITG,ITG2,20,Sardegna,Sardegna,1639591,1583267,96.56,0.04
3473,2021-03-05,SAR,5205,2602,2603,2813,2355,37,ITG,ITG2,20,Sardegna,Sardegna,1639591,1588472,96.88,0.32
3474,2021-03-19,SAR,7260,3044,4216,4990,2217,53,ITG,ITG2,20,Sardegna,Sardegna,1639591,1595732,97.33,0.44
3475,2021-02-28,SAR,367,169,198,139,226,2,ITG,ITG2,20,Sardegna,Sardegna,1639591,1596099,97.35,0.02
3476,2021-08-04,SAR,16203,8520,7683,9601,6340,262,ITG,ITG2,20,Sardegna,Sardegna,1639591,1612302,98.34,0.99
3477,2021-04-26,SAR,6857,3274,3583,5865,903,89,ITG,ITG2,20,Sardegna,Sardegna,1639591,1619159,98.75,0.42
3478,2021-06-01,SAR,14323,6655,7668,9640,4589,94,ITG,ITG2,20,Sardegna,Sardegna,1639591,1633482,99.63,0.87
3479,2021-02-21,SAR,1588,709,879,1557,30,1,ITG,ITG2,20,Sardegna,Sardegna,1639591,1635070,99.72,0.1
3480,2021-07-28,SAR,16792,8619,8173,6316,10328,148,ITG,ITG2,20,Sardegna,Sardegna,1639591,1651862,100.75,1.02
3481,2021-04-19,SAR,10185,4622,5563,8624,1428,133,ITG,ITG2,20,Sardegna,Sardegna,1639591,1662047,101.37,0.62
3482,2021-01-09,SAR,4013,1414,2599,4013,0,0,ITG,ITG2,20,Sardegna,Sardegna,1639591,1666060,101.61,0.24
3483,2021-06-15,SAR,14690,6807,7883,9816,4740,134,ITG,ITG2,20,Sardegna,Sardegna,1639591,1680750,102.51,0.9
3484,2021-03-07,SAR,1658,751,907,1113,541,4,ITG,ITG2,20,Sardegna,Sardegna,1639591,1682408,102.61,0.1
3485,2021-07-16,SAR,16936,8474,8462,4552,12250,134,ITG,ITG2,20,Sardegna,Sardegna,1639591,1699344,103.64,1.03
3486,2021-04-07,SAR,13548,6050,7498,7825,5655,68,ITG,ITG2,20,Sardegna,Sardegna,1639591,1712892,104.47,0.83
3487,2021-04-24,SAR,10365,4851,5514,7890,2347,128,ITG,ITG2,20,Sardegna,Sardegna,1639591,1723257,105.1,0.63
3488,2021-01-14,SAR,1105,425,680,1105,0,0,ITG,ITG2,20,Sardegna,Sardegna,1639591,1724362,105.17,0.07
3489,2021-06-02,SAR,9787,4693,5094,8061,1640,86,ITG,ITG2,20,Sardegna,Sardegna,1639591,1734149,105.77,0.6
3490,2021-07-29,SAR,16792,8458,8334,5980,10665,147,ITG,ITG2,20,Sardegna,Sardegna,1639591,1750941,106.79,1.02
3491,2021-04-20,SAR,11004,4997,6007,7693,3219,92,ITG,ITG2,20,Sardegna,Sardegna,1639591,1761945,107.46,0.67
3492,2021-08-05,SAR,11783,6164,5619,6448,5208,127,ITG,ITG2,20,Sardegna,Sardegna,1639591,1773728,108.18,0.72
3493,2021-02-20,SAR,2040,854,1186,1683,334,23,ITG,ITG2,20,Sardegna,Sardegna,1639591,1775768,108.31,0.12
3494,2021-04-29,SAR,11122,5107,6015,6615,4353,154,ITG,ITG2,20,Sardegna,Sardegna,1639591,1786890,108.98,0.68
3495,2021-06-25,SAR,16510,7810,8700,3897,12556,57,ITG,ITG2,20,Sardegna,Sardegna,1639591,1803400,109.99,1.01
3496,2021-01-10,SAR,2177,748,1429,2177,0,0,ITG,ITG2,20,Sardegna,Sardegna,1639591,1805577,110.12,0.13
3497,2021-07-02,SAR,18933,8891,10042,4408,14429,96,ITG,ITG2,20,Sardegna,Sardegna,1639591,1824510,111.28,1.15
3498,2021-04-27,SAR,7620,3554,4066,5476,2042,102,ITG,ITG2,20,Sardegna,Sardegna,1639591,1832130,111.74,0.46
3499,2021-01-17,SAR,859,277,582,858,1,0,ITG,ITG2,20,Sardegna,Sardegna,1639591,1832989,111.8,0.05
3500,2021-03-15,SAR,2797,1317,1480,2383,374,40,ITG,ITG2,20,Sardegna,Sardegna,1639591,1835786,111.97,0.17
3501,2021-07-04,SAR,8207,3988,4219,2069,6123,15,ITG,ITG2,20,Sardegna,Sardegna,1639591,1843993,112.47,0.5
3502,2021-03-26,SAR,8462,3516,4946,6809,1528,125,ITG,ITG2,20,Sardegna,Sardegna,1639591,1852455,112.98,0.52
3503,2021-05-22,SAR,24843,11954,12889,19398,5141,304,ITG,ITG2,20,Sardegna,Sardegna,1639591,1877298,114.5,1.52
3504,2021-01-19,SAR,747,269,478,691,55,1,ITG,ITG2,20,Sardegna,Sardegna,1639591,1878045,114.54,0.05
3505,2021-03-17,SAR,6549,2846,3703,4904,1608,37,ITG,ITG2,20,Sardegna,Sardegna,1639591,1884594,114.94,0.4
3506,2021-06-27,SAR,9020,4311,4709,2957,6035,28,ITG,ITG2,20,Sardegna,Sardegna,1639591,1893614,115.49,0.55
3507,2021-03-24,SAR,7396,3105,4291,5905,1356,135,ITG,ITG2,20,Sardegna,Sardegna,1639591,1901010,115.94,0.45
3508,2021-01-22,ABR,118,57,61,118,0,0,ITF,ITF1,13,Abruzzo,Abruzzo,1304970,118,0.01,0.01
3509,2021-01-03,ABR,471,185,286,469,0,2,ITF,ITF1,13,Abruzzo,Abruzzo,1304970,589,0.05,0.04
3510,2021-02-10,ABR,946,311,635,492,444,10,ITF,ITF1,13,Abruzzo,Abruzzo,1304970,1535,0.12,0.07
3511,2021-05-04,ABR,10855,5095,5760,7053,3616,186,ITF,ITF1,13,Abruzzo,Abruzzo,1304970,12390,0.95,0.83
3512,2021-03-08,ABR,5153,1693,3460,4089,973,91,ITF,ITF1,13,Abruzzo,Abruzzo,1304970,17543,1.34,0.39
3513,2021-01-24,ABR,50,22,28,6,44,0,ITF,ITF1,13,Abruzzo,Abruzzo,1304970,17593,1.35,0.0
3514,2021-03-01,ABR,3478,1385,2093,2703,751,24,ITF,ITF1,13,Abruzzo,Abruzzo,1304970,21071,1.61,0.27
3515,2021-03-03,ABR,4640,1898,2742,3711,906,23,ITF,ITF1,13,Abruzzo,Abruzzo,1304970,25711,1.97,0.36
3516,2021-07-14,ABR,13719,6795,6924,2436,11132,151,ITF,ITF1,13,Abruzzo,Abruzzo,1304970,39430,3.02,1.05
3517,2021-04-08,ABR,7396,3337,4059,4935,2331,130,ITF,ITF1,13,Abruzzo,Abruzzo,1304970,46826,3.59,0.57
3518,2021-04-22,ABR,6734,3250,3484,4830,1730,174,ITF,ITF1,13,Abruzzo,Abruzzo,1304970,53560,4.1,0.52
3519,2021-07-31,ABR,11744,6341,5403,3484,8058,202,ITF,ITF1,13,Abruzzo,Abruzzo,1304970,65304,5.0,0.9
3520,2021-03-22,ABR,4344,1908,2436,2310,1970,64,ITF,ITF1,13,Abruzzo,Abruzzo,1304970,69648,5.34,0.33
3521,2021-06-30,ABR,11172,5431,5741,4501,6505,166,ITF,ITF1,13,Abruzzo,Abruzzo,1304970,80820,6.19,0.86
3522,2021-02-22,ABR,2643,1174,1469,2588,30,25,ITF,ITF1,13,Abruzzo,Abruzzo,1304970,83463,6.4,0.2
3523,2021-02-05,ABR,1534,521,1013,772,746,16,ITF,ITF1,13,Abruzzo,Abruzzo,1304970,84997,6.51,0.12
3524,2021-05-16,ABR,9580,4136,5444,5647,3814,119,ITF,ITF1,13,Abruzzo,Abruzzo,1304970,94577,7.25,0.73
3525,2021-06-04,ABR,15639,7392,8247,10761,4693,185,ITF,ITF1,13,Abruzzo,Abruzzo,1304970,110216,8.45,1.2
3526,2021-05-18,ABR,12112,5661,6451,7564,4379,169,ITF,ITF1,13,Abruzzo,Abruzzo,1304970,122328,9.37,0.93
3527,2021-02-24,ABR,3306,1442,1864,3112,177,17,ITF,ITF1,13,Abruzzo,Abruzzo,1304970,125634,9.63,0.25
3528,2021-01-10,ABR,1140,409,731,1136,0,4,ITF,ITF1,13,Abruzzo,Abruzzo,1304970,126774,9.71,0.09
3529,2021-04-29,ABR,12679,5852,6827,9280,3095,304,ITF,ITF1,13,Abruzzo,Abruzzo,1304970,139453,10.69,0.97
3530,2021-06-25,ABR,11060,5478,5582,4905,6011,144,ITF,ITF1,13,Abruzzo,Abruzzo,1304970,150513,11.53,0.85
3531,2021-01-15,ABR,380,150,230,366,0,14,ITF,ITF1,13,Abruzzo,Abruzzo,1304970,150893,11.56,0.03
3532,2021-04-27,ABR,9084,4366,4718,6505,2466,113,ITF,ITF1,13,Abruzzo,Abruzzo,1304970,159977,12.26,0.7
3533,2021-05-30,ABR,8660,4110,4550,5326,3255,79,ITF,ITF1,13,Abruzzo,Abruzzo,1304970,168637,12.92,0.66
3534,2021-04-03,ABR,5162,2258,2904,3486,1597,79,ITF,ITF1,13,Abruzzo,Abruzzo,1304970,173799,13.32,0.4
3535,2021-07-26,ABR,14237,7449,6788,3855,10184,198,ITF,ITF1,13,Abruzzo,Abruzzo,1304970,188036,14.41,1.09
3536,2021-07-12,ABR,15075,7457,7618,2359,12601,115,ITF,ITF1,13,Abruzzo,Abruzzo,1304970,203111,15.56,1.16
3537,2020-12-27,ABR,44,22,22,44,0,0,ITF,ITF1,13,Abruzzo,Abruzzo,1304970,203155,15.57,0.0
3538,2021-03-20,ABR,4794,2199,2595,2560,2172,62,ITF,ITF1,13,Abruzzo,Abruzzo,1304970,207949,15.94,0.37
3539,2021-06-13,ABR,9844,4925,4919,7846,1833,165,ITF,ITF1,13,Abruzzo,Abruzzo,1304970,217793,16.69,0.75
3540,2021-03-27,ABR,6125,2622,3503,3564,2490,71,ITF,ITF1,13,Abruzzo,Abruzzo,1304970,223918,17.16,0.47
3541,2021-01-05,ABR,1617,605,1012,1612,0,5,ITF,ITF1,13,Abruzzo,Abruzzo,1304970,225535,17.28,0.12
3542,2021-04-15,ABR,7823,3682,4141,5829,1842,152,ITF,ITF1,13,Abruzzo,Abruzzo,1304970,233358,17.88,0.6
3543,2021-07-07,ABR,12085,5919,6166,4046,7801,238,ITF,ITF1,13,Abruzzo,Abruzzo,1304970,245443,18.81,0.93
3544,2021-07-09,ABR,13610,6794,6816,2895,10581,134,ITF,ITF1,13,Abruzzo,Abruzzo,1304970,259053,19.85,1.04
3545,2021-06-18,ABR,10186,5002,5184,6550,3489,147,ITF,ITF1,13,Abruzzo,Abruzzo,1304970,269239,20.63,0.78
3546,2021-02-02,ABR,1763,668,1095,218,1541,4,ITF,ITF1,13,Abruzzo,Abruzzo,1304970,271002,20.77,0.14
3547,2021-05-13,ABR,11149,5042,6107,6959,3961,229,ITF,ITF1,13,Abruzzo,Abruzzo,1304970,282151,21.62,0.85
3548,2021-03-31,ABR,6718,2942,3776,4557,2069,92,ITF,ITF1,13,Abruzzo,Abruzzo,1304970,288869,22.14,0.51
3549,2021-02-17,ABR,2071,948,1123,1780,282,9,ITF,ITF1,13,Abruzzo,Abruzzo,1304970,290940,22.29,0.16
3550,2021-06-11,ABR,11778,5852,5926,8832,2761,185,ITF,ITF1,13,Abruzzo,Abruzzo,1304970,302718,23.2,0.9
3551,2021-05-11,ABR,10760,5118,5642,5732,4852,176,ITF,ITF1,13,Abruzzo,Abruzzo,1304970,313478,24.02,0.82
3552,2021-01-19,ABR,111,55,56,90,20,1,ITF,ITF1,13,Abruzzo,Abruzzo,1304970,313589,24.03,0.01
3553,2021-02-07,ABR,779,308,471,200,578,1,ITF,ITF1,13,Abruzzo,Abruzzo,1304970,314368,24.09,0.06
3554,2021-07-21,ABR,11077,5718,5359,2427,8516,134,ITF,ITF1,13,Abruzzo,Abruzzo,1304970,325445,24.94,0.85
3555,2021-02-03,ABR,2063,717,1346,411,1644,8,ITF,ITF1,13,Abruzzo,Abruzzo,1304970,327508,25.1,0.16
3556,2021-02-28,ABR,1704,510,1194,1666,2,36,ITF,ITF1,13,Abruzzo,Abruzzo,1304970,329212,25.23,0.13
3557,2021-08-04,ABR,10971,5672,5299,4315,6415,241,ITF,ITF1,13,Abruzzo,Abruzzo,1304970,340183,26.07,0.84
3558,2021-01-02,ABR,552,220,332,551,0,1,ITF,ITF1,13,Abruzzo,Abruzzo,1304970,340735,26.11,0.04
3559,2021-06-08,ABR,12881,6629,6252,10435,2207,239,ITF,ITF1,13,Abruzzo,Abruzzo,1304970,353616,27.1,0.99
3560,2021-04-26,ABR,8564,4068,4496,7143,1213,208,ITF,ITF1,13,Abruzzo,Abruzzo,1304970,362180,27.75,0.66
3561,2021-06-01,ABR,11001,4878,6123,6512,4368,121,ITF,ITF1,13,Abruzzo,Abruzzo,1304970,373181,28.6,0.84
3562,2021-02-12,ABR,1228,567,661,1026,189,13,ITF,ITF1,13,Abruzzo,Abruzzo,1304970,374409,28.69,0.09
3563,2021-07-19,ABR,11775,5982,5793,2665,8940,170,ITF,ITF1,13,Abruzzo,Abruzzo,1304970,386184,29.59,0.9
3564,2021-05-23,ABR,9881,4694,5187,7068,2692,121,ITF,ITF1,13,Abruzzo,Abruzzo,1304970,396065,30.35,0.76
3565,2021-06-06,ABR,11150,5308,5842,8778,2242,130,ITF,ITF1,13,Abruzzo,Abruzzo,1304970,407215,31.2,0.85
3566,2021-04-10,ABR,8775,4058,4717,6127,2509,139,ITF,ITF1,13,Abruzzo,Abruzzo,1304970,415990,31.88,0.67
3567,2021-07-02,ABR,11832,5945,5887,4832,6817,183,ITF,ITF1,13,Abruzzo,Abruzzo,1304970,427822,32.78,0.91
3568,2021-03-15,ABR,3681,1445,2236,1842,1807,32,ITF,ITF1,13,Abruzzo,Abruzzo,1304970,431503,33.07,0.28
3569,2021-01-17,ABR,188,59,129,180,7,1,ITF,ITF1,13,Abruzzo,Abruzzo,1304970,431691,33.08,0.01
3570,2021-06-23,ABR,11013,5283,5730,5581,5286,146,ITF,ITF1,13,Abruzzo,Abruzzo,1304970,442704,33.92,0.84
3571,2021-01-29,ABR,1388,449,939,73,1314,1,ITF,ITF1,13,Abruzzo,Abruzzo,1304970,444092,34.03,0.11
3572,2021-08-02,ABR,13855,7155,6700,3551,10046,258,ITF,ITF1,13,Abruzzo,Abruzzo,1304970,457947,35.09,1.06
3573,2021-05-27,ABR,13321,6105,7216,8317,4829,175,ITF,ITF1,13,Abruzzo,Abruzzo,1304970,471268,36.11,1.02
3574,2021-06-22,ABR,10411,4878,5533,5385,4847,179,ITF,ITF1,13,Abruzzo,Abruzzo,1304970,481679,36.91,0.8
3575,2021-05-15,ABR,11431,5180,6251,5946,5309,176,ITF,ITF1,13,Abruzzo,Abruzzo,1304970,493110,37.79,0.88
3576,2021-07-11,ABR,9882,4971,4911,2365,7387,130,ITF,ITF1,13,Abruzzo,Abruzzo,1304970,502992,38.54,0.76
3577,2021-03-10,ABR,5053,1686,3367,4028,957,68,ITF,ITF1,13,Abruzzo,Abruzzo,1304970,508045,38.93,0.39
3578,2021-01-26,ABR,1548,568,980,34,1514,0,ITF,ITF1,13,Abruzzo,Abruzzo,1304970,509593,39.05,0.12
3579,2021-05-06,ABR,12998,6085,6913,7802,5041,155,ITF,ITF1,13,Abruzzo,Abruzzo,1304970,522591,40.05,1.0
3580,2021-04-05,ABR,2693,1147,1546,1732,879,82,ITF,ITF1,13,Abruzzo,Abruzzo,1304970,525284,40.25,0.21
3581,2021-01-12,ABR,1805,667,1138,1791,0,14,ITF,ITF1,13,Abruzzo,Abruzzo,1304970,527089,40.39,0.14
3582,2021-04-19,ABR,6234,2862,3372,3787,2374,73,ITF,ITF1,13,Abruzzo,Abruzzo,1304970,533323,40.87,0.48
3583,2021-02-21,ABR,1218,550,668,1193,1,24,ITF,ITF1,13,Abruzzo,Abruzzo,1304970,534541,40.96,0.09
3584,2021-07-28,ABR,13252,6938,6314,3438,9650,164,ITF,ITF1,13,Abruzzo,Abruzzo,1304970,547793,41.98,1.02
3585,2021-06-15,ABR,11329,5561,5768,8683,2437,209,ITF,ITF1,13,Abruzzo,Abruzzo,1304970,559122,42.85,0.87
3586,2021-04-12,ABR,6239,2958,3281,4985,1174,80,ITF,ITF1,13,Abruzzo,Abruzzo,1304970,565361,43.32,0.48
3587,2021-07-23,ABR,12571,6463,6108,2852,9561,158,ITF,ITF1,13,Abruzzo,Abruzzo,1304970,577932,44.29,0.96
3588,2021-01-21,ABR,157,47,110,157,0,0,ITF,ITF1,13,Abruzzo,Abruzzo,1304970,578089,44.3,0.01
3589,2021-05-01,ABR,10740,5045,5695,5627,4979,134,ITF,ITF1,13,Abruzzo,Abruzzo,1304970,588829,45.12,0.82
3590,2021-05-20,ABR,12804,5926,6878,7413,5265,126,ITF,ITF1,13,Abruzzo,Abruzzo,1304970,601633,46.1,0.98
3591,2021-04-17,ABR,7357,3402,3955,4215,3051,91,ITF,ITF1,13,Abruzzo,Abruzzo,1304970,608990,46.67,0.56
3592,2021-02-19,ABR,3299,1551,1748,3160,100,39,ITF,ITF1,13,Abruzzo,Abruzzo,1304970,612289,46.92,0.25
3593,2021-01-07,ABR,1605,553,1052,1598,0,7,ITF,ITF1,13,Abruzzo,Abruzzo,1304970,613894,47.04,0.12
3594,2021-07-30,ABR,12046,6412,5634,3792,8033,221,ITF,ITF1,13,Abruzzo,Abruzzo,1304970,625940,47.97,0.92
3595,2021-02-26,ABR,3924,1679,2245,2929,969,26,ITF,ITF1,13,Abruzzo,Abruzzo,1304970,629864,48.27,0.3
3596,2021-03-19,ABR,5796,2584,3212,2732,3023,41,ITF,ITF1,13,Abruzzo,Abruzzo,1304970,635660,48.71,0.44
3597,2021-03-05,ABR,5348,1958,3390,4591,697,60,ITF,ITF1,13,Abruzzo,Abruzzo,1304970,641008,49.12,0.41
3598,2021-06-27,ABR,8369,4301,4068,5018,3210,141,ITF,ITF1,13,Abruzzo,Abruzzo,1304970,649377,49.76,0.64
3599,2021-04-07,ABR,7227,3337,3890,4312,2787,128,ITF,ITF1,13,Abruzzo,Abruzzo,1304970,656604,50.32,0.55
3600,2021-07-16,ABR,16144,8235,7909,2467,13561,116,ITF,ITF1,13,Abruzzo,Abruzzo,1304970,672748,51.55,1.24
3601,2021-05-08,ABR,10295,4872,5423,6338,3833,124,ITF,ITF1,13,Abruzzo,Abruzzo,1304970,683043,52.34,0.79
3602,2021-04-24,ABR,8729,3975,4754,6943,1531,255,ITF,ITF1,13,Abruzzo,Abruzzo,1304970,691772,53.01,0.67
3603,2021-01-14,ABR,531,190,341,529,0,2,ITF,ITF1,13,Abruzzo,Abruzzo,1304970,692303,53.05,0.04
3604,2021-02-16,ABR,1916,841,1075,1891,12,13,ITF,ITF1,13,Abruzzo,Abruzzo,1304970,694219,53.2,0.15
3605,2021-03-02,ABR,3967,1676,2291,3261,686,20,ITF,ITF1,13,Abruzzo,Abruzzo,1304970,698186,53.5,0.3
3606,2021-05-25,ABR,11422,5325,6097,8085,3139,198,ITF,ITF1,13,Abruzzo,Abruzzo,1304970,709608,54.38,0.88
3607,2021-01-31,ABR,1521,494,1027,287,1233,1,ITF,ITF1,13,Abruzzo,Abruzzo,1304970,711129,54.49,0.12
3608,2021-05-10,ABR,10107,4782,5325,5371,4648,88,ITF,ITF1,13,Abruzzo,Abruzzo,1304970,721236,55.27,0.77
3609,2021-04-23,ABR,7393,3395,3998,4925,2305,163,ITF,ITF1,13,Abruzzo,Abruzzo,1304970,728629,55.83,0.57
3610,2021-01-30,ABR,1512,568,944,67,1444,1,ITF,ITF1,13,Abruzzo,Abruzzo,1304970,730141,55.95,0.12
3611,2021-08-01,ABR,7569,4056,3513,2005,5462,102,ITF,ITF1,13,Abruzzo,Abruzzo,1304970,737710,56.53,0.58
3612,2021-03-29,ABR,5709,2599,3110,3020,2640,49,ITF,ITF1,13,Abruzzo,Abruzzo,1304970,743419,56.97,0.44
3613,2021-06-03,ABR,13197,6284,6913,9249,3776,172,ITF,ITF1,13,Abruzzo,Abruzzo,1304970,756616,57.98,1.01
3614,2021-03-12,ABR,6044,1994,4050,4355,1611,78,ITF,ITF1,13,Abruzzo,Abruzzo,1304970,762660,58.44,0.46
3615,2021-06-20,ABR,8441,4236,4205,5410,2929,102,ITF,ITF1,13,Abruzzo,Abruzzo,1304970,771101,59.09,0.65
3616,2021-03-14,ABR,1884,731,1153,1200,667,17,ITF,ITF1,13,Abruzzo,Abruzzo,1304970,772985,59.23,0.14
3617,2021-02-25,ABR,3054,1342,1712,2505,530,19,ITF,ITF1,13,Abruzzo,Abruzzo,1304970,776039,59.47,0.23
3618,2021-06-05,ABR,14616,6864,7752,10370,4046,200,ITF,ITF1,13,Abruzzo,Abruzzo,1304970,790655,60.59,1.12
3619,2021-04-09,ABR,8990,4259,4731,6247,2602,141,ITF,ITF1,13,Abruzzo,Abruzzo,1304970,799645,61.28,0.69
3620,2021-07-18,ABR,12203,6309,5894,2003,10081,119,ITF,ITF1,13,Abruzzo,Abruzzo,1304970,811848,62.21,0.94
3621,2021-04-02,ABR,6696,3105,3591,5117,1488,91,ITF,ITF1,13,Abruzzo,Abruzzo,1304970,818544,62.73,0.51
3622,2021-02-04,ABR,1683,617,1066,599,1072,12,ITF,ITF1,13,Abruzzo,Abruzzo,1304970,820227,62.85,0.13
3623,2021-07-20,ABR,12589,6388,6201,3228,9175,186,ITF,ITF1,13,Abruzzo,Abruzzo,1304970,832816,63.82,0.96
3624,2021-06-19,ABR,10557,5201,5356,6485,3899,173,ITF,ITF1,13,Abruzzo,Abruzzo,1304970,843373,64.63,0.81
3625,2021-03-28,ABR,2424,1018,1406,1994,380,50,ITF,ITF1,13,Abruzzo,Abruzzo,1304970,845797,64.81,0.19
3626,2021-07-06,ABR,9916,4945,4971,4092,5659,165,ITF,ITF1,13,Abruzzo,Abruzzo,1304970,855713,65.57,0.76
3627,2021-04-14,ABR,6596,2951,3645,4342,2122,132,ITF,ITF1,13,Abruzzo,Abruzzo,1304970,862309,66.08,0.51
3628,2021-01-18,ABR,141,60,81,46,95,0,ITF,ITF1,13,Abruzzo,Abruzzo,1304970,862450,66.09,0.01
3629,2021-06-24,ABR,10864,5410,5454,5724,4971,169,ITF,ITF1,13,Abruzzo,Abruzzo,1304970,873314,66.92,0.83
3630,2021-04-28,ABR,9513,4587,4926,7316,2022,175,ITF,ITF1,13,Abruzzo,Abruzzo,1304970,882827,67.65,0.73
3631,2021-05-12,ABR,9630,4601,5029,5874,3582,174,ITF,ITF1,13,Abruzzo,Abruzzo,1304970,892457,68.39,0.74
3632,2021-03-16,ABR,3484,1452,2032,1802,1654,28,ITF,ITF1,13,Abruzzo,Abruzzo,1304970,895941,68.66,0.27
3633,2021-01-16,ABR,937,430,507,929,0,8,ITF,ITF1,13,Abruzzo,Abruzzo,1304970,896878,68.73,0.07
3634,2021-06-29,ABR,11434,5642,5792,5253,5994,187,ITF,ITF1,13,Abruzzo,Abruzzo,1304970,908312,69.6,0.88
3635,2021-03-21,ABR,2133,913,1220,839,1290,4,ITF,ITF1,13,Abruzzo,Abruzzo,1304970,910445,69.77,0.16
3636,2021-06-12,ABR,11419,5916,5503,9891,1350,178,ITF,ITF1,13,Abruzzo,Abruzzo,1304970,921864,70.64,0.88
3637,2021-05-05,ABR,11634,5571,6063,6269,5206,159,ITF,ITF1,13,Abruzzo,Abruzzo,1304970,933498,71.53,0.89
3638,2021-03-09,ABR,5179,1805,3374,4154,938,87,ITF,ITF1,13,Abruzzo,Abruzzo,1304970,938677,71.93,0.4
3639,2021-07-01,ABR,12763,6283,6480,5773,6766,224,ITF,ITF1,13,Abruzzo,Abruzzo,1304970,951440,72.91,0.98
3640,2021-06-17,ABR,10916,5459,5457,7303,3452,161,ITF,ITF1,13,Abruzzo,Abruzzo,1304970,962356,73.75,0.84
3641,2021-02-01,ABR,1632,573,1059,269,1362,1,ITF,ITF1,13,Abruzzo,Abruzzo,1304970,963988,73.87,0.13
3642,2021-03-23,ABR,4835,2190,2645,2213,2567,55,ITF,ITF1,13,Abruzzo,Abruzzo,1304970,968823,74.24,0.37
3643,2021-01-25,ABR,1605,633,972,15,1588,2,ITF,ITF1,13,Abruzzo,Abruzzo,1304970,970428,74.36,0.12
3644,2021-04-04,ABR,1632,768,864,1460,129,43,ITF,ITF1,13,Abruzzo,Abruzzo,1304970,972060,74.49,0.13
3645,2021-07-13,ABR,15519,7749,7770,2825,12517,177,ITF,ITF1,13,Abruzzo,Abruzzo,1304970,987579,75.68,1.19
3646,2021-06-16,ABR,10887,5449,5438,7992,2680,215,ITF,ITF1,13,Abruzzo,Abruzzo,1304970,998466,76.51,0.83
3647,2021-02-27,ABR,2813,1339,1474,2513,267,33,ITF,ITF1,13,Abruzzo,Abruzzo,1304970,1001279,76.73,0.22
3648,2021-06-07,ABR,11098,5289,5809,9071,1842,185,ITF,ITF1,13,Abruzzo,Abruzzo,1304970,1012377,77.58,0.85
3649,2021-04-11,ABR,5381,2629,2752,4839,487,55,ITF,ITF1,13,Abruzzo,Abruzzo,1304970,1017758,77.99,0.41
3650,2021-06-09,ABR,11573,6094,5479,9707,1685,181,ITF,ITF1,13,Abruzzo,Abruzzo,1304970,1029331,78.88,0.89
3651,2021-03-06,ABR,4180,1360,2820,3570,570,40,ITF,ITF1,13,Abruzzo,Abruzzo,1304970,1033511,79.2,0.32
3652,2021-01-04,ABR,1403,576,827,1397,0,6,ITF,ITF1,13,Abruzzo,Abruzzo,1304970,1034914,79.31,0.11
3653,2021-01-23,ABR,264,115,149,51,207,6,ITF,ITF1,13,Abruzzo,Abruzzo,1304970,1035178,79.33,0.02
3654,2021-05-03,ABR,11147,5257,5890,7135,3833,179,ITF,ITF1,13,Abruzzo,Abruzzo,1304970,1046325,80.18,0.85
3655,2021-07-25,ABR,9864,5219,4645,2176,7565,123,ITF,ITF1,13,Abruzzo,Abruzzo,1304970,1056189,80.94,0.76
3656,2021-07-08,ABR,13499,6689,6810,3426,9908,165,ITF,ITF1,13,Abruzzo,Abruzzo,1304970,1069688,81.97,1.03
3657,2021-04-16,ABR,7539,3488,4051,5498,1916,125,ITF,ITF1,13,Abruzzo,Abruzzo,1304970,1077227,82.55,0.58
3658,2021-05-17,ABR,11033,5036,5997,6023,4852,158,ITF,ITF1,13,Abruzzo,Abruzzo,1304970,1088260,83.39,0.85
3659,2021-02-23,ABR,2780,1273,1507,2754,11,15,ITF,ITF1,13,Abruzzo,Abruzzo,1304970,1091040,83.61,0.21
3660,2021-02-06,ABR,1611,743,868,595,1009,7,ITF,ITF1,13,Abruzzo,Abruzzo,1304970,1092651,83.73,0.12
3661,2021-02-08,ABR,1195,394,801,486,709,0,ITF,ITF1,13,Abruzzo,Abruzzo,1304970,1093846,83.82,0.09
3662,2021-05-19,ABR,10730,5125,5605,7569,3037,124,ITF,ITF1,13,Abruzzo,Abruzzo,1304970,1104576,84.64,0.82
3663,2021-04-30,ABR,12504,5867,6637,6515,5723,266,ITF,ITF1,13,Abruzzo,Abruzzo,1304970,1117080,85.6,0.96
3664,2021-03-07,ABR,2520,630,1890,2479,0,41,ITF,ITF1,13,Abruzzo,Abruzzo,1304970,1119600,85.8,0.19
3665,2021-01-09,ABR,1484,566,918,1472,0,12,ITF,ITF1,13,Abruzzo,Abruzzo,1304970,1121084,85.91,0.11
3666,2021-05-07,ABR,12201,5711,6490,7664,4414,123,ITF,ITF1,13,Abruzzo,Abruzzo,1304970,1133285,86.84,0.93
3667,2021-01-13,ABR,1260,441,819,1252,0,8,ITF,ITF1,13,Abruzzo,Abruzzo,1304970,1134545,86.94,0.1
3668,2021-03-11,ABR,5492,2217,3275,4269,1138,85,ITF,ITF1,13,Abruzzo,Abruzzo,1304970,1140037,87.36,0.42
3669,2021-06-02,ABR,9765,4745,5020,6837,2811,117,ITF,ITF1,13,Abruzzo,Abruzzo,1304970,1149802,88.11,0.75
3670,2021-03-13,ABR,4124,1420,2704,3012,1043,69,ITF,ITF1,13,Abruzzo,Abruzzo,1304970,1153926,88.43,0.32
3671,2021-06-21,ABR,11054,5387,5667,4937,5989,128,ITF,ITF1,13,Abruzzo,Abruzzo,1304970,1164980,89.27,0.85
3672,2021-06-10,ABR,12705,6318,6387,10307,2161,237,ITF,ITF1,13,Abruzzo,Abruzzo,1304970,1177685,90.25,0.97
3673,2021-01-28,ABR,1433,495,938,12,1421,0,ITF,ITF1,13,Abruzzo,Abruzzo,1304970,1179118,90.36,0.11
3674,2021-01-11,ABR,1553,557,996,1549,0,4,ITF,ITF1,13,Abruzzo,Abruzzo,1304970,1180671,90.47,0.12
3675,2021-04-21,ABR,6391,3104,3287,4640,1672,79,ITF,ITF1,13,Abruzzo,Abruzzo,1304970,1187062,90.96,0.49
3676,2021-03-30,ABR,5128,2261,2867,3148,1822,158,ITF,ITF1,13,Abruzzo,Abruzzo,1304970,1192190,91.36,0.39
3677,2021-01-06,ABR,1833,664,1169,1823,0,10,ITF,ITF1,13,Abruzzo,Abruzzo,1304970,1194023,91.5,0.14
3678,2021-02-13,ABR,861,390,471,436,421,4,ITF,ITF1,13,Abruzzo,Abruzzo,1304970,1194884,91.56,0.07
3679,2021-07-17,ABR,14096,7386,6710,2661,11259,176,ITF,ITF1,13,Abruzzo,Abruzzo,1304970,1208980,92.64,1.08
3680,2021-03-04,ABR,5936,2360,3576,4973,922,41,ITF,ITF1,13,Abruzzo,Abruzzo,1304970,1214916,93.1,0.45
3681,2021-05-28,ABR,14020,6309,7711,7491,6361,168,ITF,ITF1,13,Abruzzo,Abruzzo,1304970,1228936,94.17,1.07
3682,2021-04-13,ABR,5894,2754,3140,4562,1237,95,ITF,ITF1,13,Abruzzo,Abruzzo,1304970,1234830,94.63,0.45
3683,2021-01-20,ABR,447,156,291,425,2,20,ITF,ITF1,13,Abruzzo,Abruzzo,1304970,1235277,94.66,0.03
3684,2021-07-05,ABR,10905,5346,5559,4045,6670,190,ITF,ITF1,13,Abruzzo,Abruzzo,1304970,1246182,95.5,0.84
3685,2021-07-22,ABR,14488,7415,7073,3517,10762,209,ITF,ITF1,13,Abruzzo,Abruzzo,1304970,1260670,96.61,1.11
3686,2021-07-24,ABR,12543,6760,5783,3724,8585,234,ITF,ITF1,13,Abruzzo,Abruzzo,1304970,1273213,97.57,0.96
3687,2021-05-02,ABR,10461,5112,5349,5091,5228,142,ITF,ITF1,13,Abruzzo,Abruzzo,1304970,1283674,98.37,0.8
3688,2021-07-15,ABR,15943,8086,7857,3133,12635,175,ITF,ITF1,13,Abruzzo,Abruzzo,1304970,1299617,99.59,1.22
3689,2021-06-28,ABR,10052,4836,5216,5310,4573,169,ITF,ITF1,13,Abruzzo,Abruzzo,1304970,1309669,100.36,0.77
3690,2021-04-06,ABR,7674,3576,4098,5230,2318,126,ITF,ITF1,13,Abruzzo,Abruzzo,1304970,1317343,100.95,0.59
3691,2021-08-03,ABR,12740,6586,6154,3662,8912,166,ITF,ITF1,13,Abruzzo,Abruzzo,1304970,1330083,101.92,0.98
3692,2021-03-25,ABR,5798,2664,3134,3066,2619,113,ITF,ITF1,13,Abruzzo,Abruzzo,1304970,1335881,102.37,0.44
3693,2021-01-27,ABR,1365,515,850,38,1327,0,ITF,ITF1,13,Abruzzo,Abruzzo,1304970,1337246,102.47,0.1
3694,2021-07-03,ABR,10193,5146,5047,3504,6541,148,ITF,ITF1,13,Abruzzo,Abruzzo,1304970,1347439,103.25,0.78
3695,2021-05-21,ABR,13017,6327,6690,7863,4980,174,ITF,ITF1,13,Abruzzo,Abruzzo,1304970,1360456,104.25,1.0
3696,2021-03-18,ABR,3896,1651,2245,2039,1831,26,ITF,ITF1,13,Abruzzo,Abruzzo,1304970,1364352,104.55,0.3
3697,2021-06-26,ABR,10046,5018,5028,5689,4195,162,ITF,ITF1,13,Abruzzo,Abruzzo,1304970,1374398,105.32,0.77
3698,2021-07-10,ABR,13130,6635,6495,3014,9952,164,ITF,ITF1,13,Abruzzo,Abruzzo,1304970,1387528,106.33,1.01
3699,2021-05-14,ABR,10596,5071,5525,5284,5151,161,ITF,ITF1,13,Abruzzo,Abruzzo,1304970,1398124,107.14,0.81
3700,2021-04-01,ABR,5594,2507,3087,3432,2088,74,ITF,ITF1,13,Abruzzo,Abruzzo,1304970,1403718,107.57,0.43
3701,2021-05-09,ABR,9156,4090,5066,4176,4869,111,ITF,ITF1,13,Abruzzo,Abruzzo,1304970,1412874,108.27,0.7
3702,2021-02-15,ABR,1795,832,963,1736,42,17,ITF,ITF1,13,Abruzzo,Abruzzo,1304970,1414669,108.41,0.14
3703,2021-05-26,ABR,13543,6041,7502,8391,4992,160,ITF,ITF1,13,Abruzzo,Abruzzo,1304970,1428212,109.44,1.04
3704,2021-06-14,ABR,10977,5431,5546,7427,3378,172,ITF,ITF1,13,Abruzzo,Abruzzo,1304970,1439189,110.29,0.84
3705,2021-03-17,ABR,4542,1874,2668,2779,1740,23,ITF,ITF1,13,Abruzzo,Abruzzo,1304970,1443731,110.63,0.35
3706,2021-03-24,ABR,6387,2785,3602,3995,2251,141,ITF,ITF1,13,Abruzzo,Abruzzo,1304970,1450118,111.12,0.49
3707,2021-02-09,ABR,910,313,597,500,409,1,ITF,ITF1,13,Abruzzo,Abruzzo,1304970,1451028,111.19,0.07
3708,2021-07-04,ABR,8373,4215,4158,3334,4913,126,ITF,ITF1,13,Abruzzo,Abruzzo,1304970,1459401,111.83,0.64
3709,2021-02-11,ABR,816,262,554,771,43,2,ITF,ITF1,13,Abruzzo,Abruzzo,1304970,1460217,111.9,0.06
3710,2021-05-24,ABR,12219,5837,6382,8723,3340,156,ITF,ITF1,13,Abruzzo,Abruzzo,1304970,1472436,112.83,0.94
3711,2021-02-18,ABR,2290,933,1357,2141,132,17,ITF,ITF1,13,Abruzzo,Abruzzo,1304970,1474726,113.01,0.18
3712,2021-05-29,ABR,10318,4430,5888,4458,5771,89,ITF,ITF1,13,Abruzzo,Abruzzo,1304970,1485044,113.8,0.79
3713,2021-05-22,ABR,13160,6393,6767,8133,4914,113,ITF,ITF1,13,Abruzzo,Abruzzo,1304970,1498204,114.81,1.01
3714,2021-03-26,ABR,5356,2313,3043,3178,2076,102,ITF,ITF1,13,Abruzzo,Abruzzo,1304970,1503560,115.22,0.41
3715,2021-07-27,ABR,15112,7889,7223,3349,11589,174,ITF,ITF1,13,Abruzzo,Abruzzo,1304970,1518672,116.38,1.16
3716,2021-05-31,ABR,11340,5115,6225,6768,4445,127,ITF,ITF1,13,Abruzzo,Abruzzo,1304970,1530012,117.24,0.87
3717,2021-04-20,ABR,5636,2713,2923,4108,1455,73,ITF,ITF1,13,Abruzzo,Abruzzo,1304970,1535648,117.68,0.43
3718,2021-07-29,ABR,13980,7333,6647,3542,10250,188,ITF,ITF1,13,Abruzzo,Abruzzo,1304970,1549628,118.75,1.07
3719,2021-04-25,ABR,9072,4627,4445,8058,809,205,ITF,ITF1,13,Abruzzo,Abruzzo,1304970,1558700,119.44,0.7
3720,2021-08-05,ABR,10475,5356,5119,3440,6832,203,ITF,ITF1,13,Abruzzo,Abruzzo,1304970,1569175,120.25,0.8
3721,2021-01-08,ABR,1528,507,1021,1519,0,9,ITF,ITF1,13,Abruzzo,Abruzzo,1304970,1570703,120.36,0.12
3722,2021-04-18,ABR,5813,2727,3086,4724,943,146,ITF,ITF1,13,Abruzzo,Abruzzo,1304970,1576516,120.81,0.45
3723,2021-02-20,ABR,4776,1843,2933,4658,76,42,ITF,ITF1,13,Abruzzo,Abruzzo,1304970,1581292,121.17,0.37
3724,2021-03-28,CAM,15566,7511,8055,13608,1625,333,ITF,ITF3,15,Campania,Campania,5801692,15566,0.27,0.27
3725,2021-01-04,CAM,5826,2962,2864,5727,0,99,ITF,ITF3,15,Campania,Campania,5801692,21392,0.37,0.1
3726,2021-06-19,CAM,62400,29708,32692,24250,37761,389,ITF,ITF3,15,Campania,Campania,5801692,83792,1.44,1.08
3727,2021-03-09,CAM,14131,6872,7259,9950,3788,393,ITF,ITF3,15,Campania,Campania,5801692,97923,1.69,0.24
3728,2021-01-30,CAM,10727,5082,5645,38,10687,2,ITF,ITF3,15,Campania,Campania,5801692,108650,1.87,0.18
3729,2021-07-03,CAM,67287,32498,34789,8191,58710,386,ITF,ITF3,15,Campania,Campania,5801692,175937,3.03,1.16
3730,2021-01-16,CAM,3372,1677,1695,3262,0,110,ITF,ITF3,15,Campania,Campania,5801692,179309,3.09,0.06
3731,2021-08-03,CAM,31999,16212,15787,14641,16645,713,ITF,ITF3,15,Campania,Campania,5801692,211308,3.64,0.55
3732,2021-02-11,CAM,6283,2706,3577,5923,67,293,ITF,ITF3,15,Campania,Campania,5801692,217591,3.75,0.11
3733,2021-07-27,CAM,49088,24390,24698,12765,35705,618,ITF,ITF3,15,Campania,Campania,5801692,266679,4.6,0.85
3734,2021-05-24,CAM,31356,15150,16206,15861,15150,345,ITF,ITF3,15,Campania,Campania,5801692,298035,5.14,0.54
3735,2021-02-13,CAM,5507,2550,2957,5107,217,183,ITF,ITF3,15,Campania,Campania,5801692,303542,5.23,0.09
3736,2021-08-01,CAM,16061,8393,7668,7025,8829,207,ITF,ITF3,15,Campania,Campania,5801692,319603,5.51,0.28
3737,2021-04-23,CAM,32339,15528,16811,22479,9155,705,ITF,ITF3,15,Campania,Campania,5801692,351942,6.07,0.56
3738,2021-04-11,CAM,17526,8608,8918,15060,2085,381,ITF,ITF3,15,Campania,Campania,5801692,369468,6.37,0.3
3739,2021-04-28,CAM,36417,17634,18783,25890,9758,769,ITF,ITF3,15,Campania,Campania,5801692,405885,7.0,0.63
3740,2021-01-18,CAM,958,399,559,682,244,32,ITF,ITF3,15,Campania,Campania,5801692,406843,7.01,0.02
3741,2021-07-20,CAM,40110,19794,20316,6371,33319,420,ITF,ITF3,15,Campania,Campania,5801692,446953,7.7,0.69
3742,2021-06-07,CAM,57589,27721,29868,52862,4038,689,ITF,ITF3,15,Campania,Campania,5801692,504542,8.7,0.99
3743,2021-02-25,CAM,12426,4480,7946,10959,1190,277,ITF,ITF3,15,Campania,Campania,5801692,516968,8.91,0.21
3744,2021-04-09,CAM,29951,14086,15865,23216,6134,601,ITF,ITF3,15,Campania,Campania,5801692,546919,9.43,0.52
3745,2021-06-05,CAM,77635,37585,40050,70892,6025,718,ITF,ITF3,15,Campania,Campania,5801692,624554,10.77,1.34
3746,2021-06-14,CAM,37125,17919,19206,18791,18017,317,ITF,ITF3,15,Campania,Campania,5801692,661679,11.4,0.64
3747,2021-06-24,CAM,66075,31833,34242,13472,52268,335,ITF,ITF3,15,Campania,Campania,5801692,727754,12.54,1.14
3748,2021-03-16,CAM,8088,3519,4569,3700,4316,72,ITF,ITF3,15,Campania,Campania,5801692,735842,12.68,0.14
3749,2021-01-25,CAM,5747,2926,2821,164,5583,0,ITF,ITF3,15,Campania,Campania,5801692,741589,12.78,0.1
3750,2021-07-01,CAM,61507,29847,31660,19820,41008,679,ITF,ITF3,15,Campania,Campania,5801692,803096,13.84,1.06
3751,2021-03-23,CAM,15743,7446,8297,12906,2513,324,ITF,ITF3,15,Campania,Campania,5801692,818839,14.11,0.27
3752,2021-05-19,CAM,51211,22623,28588,33820,16667,724,ITF,ITF3,15,Campania,Campania,5801692,870050,15.0,0.88
3753,2021-03-02,CAM,12763,4560,8203,8211,4345,207,ITF,ITF3,15,Campania,Campania,5801692,882813,15.22,0.22
3754,2021-07-15,CAM,66708,32046,34662,9374,57054,280,ITF,ITF3,15,Campania,Campania,5801692,949521,16.37,1.15
3755,2021-01-11,CAM,4071,1871,2200,3962,0,109,ITF,ITF3,15,Campania,Campania,5801692,953592,16.44,0.07
3756,2021-05-31,CAM,40769,20687,20082,29848,10354,567,ITF,ITF3,15,Campania,Campania,5801692,994361,17.14,0.7
3757,2021-04-16,CAM,34434,16631,17803,23111,10666,657,ITF,ITF3,15,Campania,Campania,5801692,1028795,17.73,0.59
3758,2021-01-06,CAM,7649,3749,3900,7505,0,144,ITF,ITF3,15,Campania,Campania,5801692,1036444,17.86,0.13
3759,2021-02-18,CAM,9082,3813,5269,8153,707,222,ITF,ITF3,15,Campania,Campania,5801692,1045526,18.02,0.16
3760,2021-04-25,CAM,30745,15179,15566,24589,5407,749,ITF,ITF3,15,Campania,Campania,5801692,1076271,18.55,0.53
3761,2021-06-26,CAM,62944,30693,32251,14660,47858,426,ITF,ITF3,15,Campania,Campania,5801692,1139215,19.64,1.08
3762,2021-07-13,CAM,53683,25791,27892,4921,48496,266,ITF,ITF3,15,Campania,Campania,5801692,1192898,20.56,0.93
3763,2021-04-04,CAM,7966,4017,3949,6698,1047,221,ITF,ITF3,15,Campania,Campania,5801692,1200864,20.7,0.14
3764,2021-06-12,CAM,64001,31548,32453,55917,7218,866,ITF,ITF3,15,Campania,Campania,5801692,1264865,21.8,1.1
3765,2021-03-04,CAM,14708,5396,9312,8548,5895,265,ITF,ITF3,15,Campania,Campania,5801692,1279573,22.06,0.25
3766,2021-05-17,CAM,49432,21730,27702,23662,25318,452,ITF,ITF3,15,Campania,Campania,5801692,1329005,22.91,0.85
3767,2021-02-06,CAM,5341,2666,2675,2005,3239,97,ITF,ITF3,15,Campania,Campania,5801692,1334346,23.0,0.09
3768,2021-07-22,CAM,61777,30495,31282,6548,54733,496,ITF,ITF3,15,Campania,Campania,5801692,1396123,24.06,1.06
3769,2021-04-30,CAM,42324,20194,22130,25019,16503,802,ITF,ITF3,15,Campania,Campania,5801692,1438447,24.79,0.73
3770,2021-02-04,CAM,7943,3429,4514,1249,6635,59,ITF,ITF3,15,Campania,Campania,5801692,1446390,24.93,0.14
3771,2021-01-01,CAM,918,505,413,899,0,19,ITF,ITF3,15,Campania,Campania,5801692,1447308,24.95,0.02
3772,2021-03-25,CAM,20323,9655,10668,16383,3505,435,ITF,ITF3,15,Campania,Campania,5801692,1467631,25.3,0.35
3773,2021-01-23,CAM,3842,2031,1811,267,3569,6,ITF,ITF3,15,Campania,Campania,5801692,1471473,25.36,0.07
3774,2021-03-21,CAM,10074,4676,5398,7504,2391,179,ITF,ITF3,15,Campania,Campania,5801692,1481547,25.54,0.17
3775,2021-02-10,CAM,6905,3413,3492,6481,177,247,ITF,ITF3,15,Campania,Campania,5801692,1488452,25.66,0.12
3776,2021-07-17,CAM,55252,27554,27698,3524,51537,191,ITF,ITF3,15,Campania,Campania,5801692,1543704,26.61,0.95
3777,2021-04-08,CAM,28497,13820,14677,22090,5848,559,ITF,ITF3,15,Campania,Campania,5801692,1572201,27.1,0.49
3778,2021-06-04,CAM,74531,35819,38712,64776,9098,657,ITF,ITF3,15,Campania,Campania,5801692,1646732,28.38,1.28
3779,2021-05-21,CAM,63788,29628,34160,42167,20615,1006,ITF,ITF3,15,Campania,Campania,5801692,1710520,29.48,1.1
3780,2021-05-05,CAM,51175,24859,26316,43267,6388,1520,ITF,ITF3,15,Campania,Campania,5801692,1761695,30.37,0.88
3781,2021-05-12,CAM,40912,19962,20950,30604,9166,1142,ITF,ITF3,15,Campania,Campania,5801692,1802607,31.07,0.71
3782,2021-07-08,CAM,61105,29411,31694,5654,55137,314,ITF,ITF3,15,Campania,Campania,5801692,1863712,32.12,1.05
3783,2021-02-27,CAM,13947,4472,9475,11996,1644,307,ITF,ITF3,15,Campania,Campania,5801692,1877659,32.36,0.24
3784,2021-05-26,CAM,52696,25847,26849,21112,31117,467,ITF,ITF3,15,Campania,Campania,5801692,1930355,33.27,0.91
3785,2021-06-02,CAM,42884,20164,22720,37762,4683,439,ITF,ITF3,15,Campania,Campania,5801692,1973239,34.01,0.74
3786,2021-02-22,CAM,10685,3295,7390,10188,265,232,ITF,ITF3,15,Campania,Campania,5801692,1983924,34.2,0.18
3787,2021-03-11,CAM,18004,9059,8945,10319,7283,402,ITF,ITF3,15,Campania,Campania,5801692,2001928,34.51,0.31
3788,2021-05-16,CAM,51152,23228,27924,32868,17577,707,ITF,ITF3,15,Campania,Campania,5801692,2053080,35.39,0.88
3789,2021-02-20,CAM,8573,3080,5493,8107,303,163,ITF,ITF3,15,Campania,Campania,5801692,2061653,35.54,0.15
3790,2021-02-03,CAM,8903,4003,4900,842,8025,36,ITF,ITF3,15,Campania,Campania,5801692,2070556,35.69,0.15
3791,2021-01-13,CAM,8021,3667,4354,7778,0,243,ITF,ITF3,15,Campania,Campania,5801692,2078577,35.83,0.14
3792,2021-04-18,CAM,27221,13286,13935,17814,8902,505,ITF,ITF3,15,Campania,Campania,5801692,2105798,36.3,0.47
3793,2021-01-08,CAM,10453,4967,5486,10193,0,260,ITF,ITF3,15,Campania,Campania,5801692,2116251,36.48,0.18
3794,2021-04-27,CAM,32162,15626,16536,23487,7924,751,ITF,ITF3,15,Campania,Campania,5801692,2148413,37.03,0.55
3795,2021-06-23,CAM,46761,22087,24674,10752,35797,212,ITF,ITF3,15,Campania,Campania,5801692,2195174,37.84,0.81
3796,2021-07-31,CAM,30699,16203,14496,10606,19574,519,ITF,ITF3,15,Campania,Campania,5801692,2225873,38.37,0.53
3797,2021-05-07,CAM,59779,29211,30568,42725,15957,1097,ITF,ITF3,15,Campania,Campania,5801692,2285652,39.4,1.03
3798,2021-01-27,CAM,7738,3820,3918,157,7576,5,ITF,ITF3,15,Campania,Campania,5801692,2293390,39.53,0.13
3799,2021-03-18,CAM,12178,5382,6796,5796,6190,192,ITF,ITF3,15,Campania,Campania,5801692,2305568,39.74,0.21
3800,2021-04-01,CAM,24684,12013,12671,20086,4133,465,ITF,ITF3,15,Campania,Campania,5801692,2330252,40.17,0.43
3801,2021-05-28,CAM,73059,35317,37742,26276,46168,615,ITF,ITF3,15,Campania,Campania,5801692,2403311,41.42,1.26
3802,2021-05-14,CAM,61037,27580,33457,34833,24721,1483,ITF,ITF3,15,Campania,Campania,5801692,2464348,42.48,1.05
3803,2021-07-10,CAM,66897,32665,34232,2740,63949,208,ITF,ITF3,15,Campania,Campania,5801692,2531245,43.63,1.15
3804,2021-07-24,CAM,47978,24865,23113,6766,40880,332,ITF,ITF3,15,Campania,Campania,5801692,2579223,44.46,0.83
3805,2021-01-20,CAM,1258,650,608,1227,0,31,ITF,ITF3,15,Campania,Campania,5801692,2580481,44.48,0.02
3806,2021-02-08,CAM,5116,2451,2665,4166,804,146,ITF,ITF3,15,Campania,Campania,5801692,2585597,44.57,0.09
3807,2021-02-01,CAM,3985,1813,2172,103,3874,8,ITF,ITF3,15,Campania,Campania,5801692,2589582,44.63,0.07
3808,2021-03-30,CAM,22053,10578,11475,18594,2957,502,ITF,ITF3,15,Campania,Campania,5801692,2611635,45.02,0.38
3809,2021-04-17,CAM,36198,17515,18683,23988,11515,695,ITF,ITF3,15,Campania,Campania,5801692,2647833,45.64,0.62
3810,2021-06-13,CAM,43431,21245,22186,38085,4730,616,ITF,ITF3,15,Campania,Campania,5801692,2691264,46.39,0.75
3811,2021-04-06,CAM,24516,11563,12953,19506,4523,487,ITF,ITF3,15,Campania,Campania,5801692,2715780,46.81,0.42
3812,2021-07-12,CAM,56687,27366,29321,3758,52601,328,ITF,ITF3,15,Campania,Campania,5801692,2772467,47.79,0.98
3813,2020-12-27,CAM,720,422,298,716,0,4,ITF,ITF3,15,Campania,Campania,5801692,2773187,47.8,0.01
3814,2021-07-29,CAM,48618,24421,24197,13775,34127,716,ITF,ITF3,15,Campania,Campania,5801692,2821805,48.64,0.84
3815,2021-04-20,CAM,32071,15513,16558,20188,11313,570,ITF,ITF3,15,Campania,Campania,5801692,2853876,49.19,0.55
3816,2021-06-28,CAM,46521,22739,23782,20582,25405,534,ITF,ITF3,15,Campania,Campania,5801692,2900397,49.99,0.8
3817,2021-03-20,CAM,13989,6530,7459,10006,3739,244,ITF,ITF3,15,Campania,Campania,5801692,2914386,50.23,0.24
3818,2021-02-15,CAM,5472,2516,2956,5155,175,142,ITF,ITF3,15,Campania,Campania,5801692,2919858,50.33,0.09
3819,2021-06-09,CAM,53061,26053,27008,41692,10908,461,ITF,ITF3,15,Campania,Campania,5801692,2972919,51.24,0.91
3820,2021-03-01,CAM,12132,4248,7884,7778,4113,241,ITF,ITF3,15,Campania,Campania,5801692,2985051,51.45,0.21
3821,2021-05-09,CAM,43206,20288,22918,30952,11101,1153,ITF,ITF3,15,Campania,Campania,5801692,3028257,52.2,0.74
3822,2021-01-10,CAM,8165,3736,4429,7963,0,202,ITF,ITF3,15,Campania,Campania,5801692,3036422,52.34,0.14
3823,2021-04-03,CAM,21118,10316,10802,18275,2382,461,ITF,ITF3,15,Campania,Campania,5801692,3057540,52.7,0.36
3824,2021-07-14,CAM,51101,24573,26528,4323,46489,289,ITF,ITF3,15,Campania,Campania,5801692,3108641,53.58,0.88
3825,2021-04-05,CAM,11640,5542,6098,8936,2424,280,ITF,ITF3,15,Campania,Campania,5801692,3120281,53.78,0.2
3826,2021-03-17,CAM,11594,5101,6493,4857,6585,152,ITF,ITF3,15,Campania,Campania,5801692,3131875,53.98,0.2
3827,2021-05-18,CAM,52207,23237,28970,31868,19685,654,ITF,ITF3,15,Campania,Campania,5801692,3184082,54.88,0.9
3828,2021-02-05,CAM,7264,3463,3801,2022,5128,114,ITF,ITF3,15,Campania,Campania,5801692,3191346,55.01,0.13
3829,2021-08-05,CAM,34722,17759,16963,17181,16698,843,ITF,ITF3,15,Campania,Campania,5801692,3226068,55.61,0.6
3830,2021-01-15,CAM,4978,2380,2598,4822,0,156,ITF,ITF3,15,Campania,Campania,5801692,3231046,55.69,0.09
3831,2021-06-21,CAM,46874,22640,24234,11334,35243,297,ITF,ITF3,15,Campania,Campania,5801692,3277920,56.5,0.81
3832,2021-03-13,CAM,14524,7042,7482,8984,5283,257,ITF,ITF3,15,Campania,Campania,5801692,3292444,56.75,0.25
3833,2021-03-22,CAM,13183,6346,6837,10860,2043,280,ITF,ITF3,15,Campania,Campania,5801692,3305627,56.98,0.23
3834,2021-02-07,CAM,2929,1382,1547,2067,771,91,ITF,ITF3,15,Campania,Campania,5801692,3308556,57.03,0.05
3835,2021-06-30,CAM,47633,22754,24879,18367,28640,626,ITF,ITF3,15,Campania,Campania,5801692,3356189,57.85,0.82
3836,2021-01-17,CAM,1155,551,604,682,453,20,ITF,ITF3,15,Campania,Campania,5801692,3357344,57.87,0.02
3837,2021-03-15,CAM,13346,6491,6855,8339,4746,261,ITF,ITF3,15,Campania,Campania,5801692,3370690,58.1,0.23
3838,2021-07-02,CAM,55873,26999,28874,14430,40949,494,ITF,ITF3,15,Campania,Campania,5801692,3426563,59.06,0.96
3839,2021-04-13,CAM,26608,12685,13923,20573,5534,501,ITF,ITF3,15,Campania,Campania,5801692,3453171,59.52,0.46
3840,2021-01-03,CAM,3836,2009,1827,3787,0,49,ITF,ITF3,15,Campania,Campania,5801692,3457007,59.59,0.07
3841,2021-07-05,CAM,63298,30510,32788,12734,49879,685,ITF,ITF3,15,Campania,Campania,5801692,3520305,60.68,1.09
3842,2021-05-30,CAM,52162,25448,26714,37961,13320,881,ITF,ITF3,15,Campania,Campania,5801692,3572467,61.58,0.9
3843,2021-02-19,CAM,9574,3561,6013,8711,650,213,ITF,ITF3,15,Campania,Campania,5801692,3582041,61.74,0.17
3844,2021-07-26,CAM,48872,24333,24539,10452,37931,489,ITF,ITF3,15,Campania,Campania,5801692,3630913,62.58,0.84
3845,2020-12-31,CAM,1490,811,679,1470,0,20,ITF,ITF3,15,Campania,Campania,5801692,3632403,62.61,0.03
3846,2021-06-06,CAM,63231,31447,31784,61915,648,668,ITF,ITF3,15,Campania,Campania,5801692,3695634,63.7,1.09
3847,2021-02-26,CAM,13338,4229,9109,11723,1340,275,ITF,ITF3,15,Campania,Campania,5801692,3708972,63.93,0.23
3848,2021-08-02,CAM,41782,21232,20550,13269,28002,511,ITF,ITF3,15,Campania,Campania,5801692,3750754,64.65,0.72
3849,2021-04-24,CAM,36370,17530,18840,24356,11248,766,ITF,ITF3,15,Campania,Campania,5801692,3787124,65.28,0.63
3850,2021-02-24,CAM,11785,4150,7635,10847,688,250,ITF,ITF3,15,Campania,Campania,5801692,3798909,65.48,0.2
3851,2021-01-05,CAM,7237,3637,3600,7075,0,162,ITF,ITF3,15,Campania,Campania,5801692,3806146,65.6,0.12
3852,2021-06-11,CAM,70808,34397,36411,63893,6036,879,ITF,ITF3,15,Campania,Campania,5801692,3876954,66.82,1.22
3853,2021-03-03,CAM,13924,5495,8429,7096,6631,197,ITF,ITF3,15,Campania,Campania,5801692,3890878,67.06,0.24
3854,2021-06-25,CAM,65515,31804,33711,13782,51342,391,ITF,ITF3,15,Campania,Campania,5801692,3956393,68.19,1.13
3855,2021-05-25,CAM,46510,22391,24119,22544,23416,550,ITF,ITF3,15,Campania,Campania,5801692,4002903,69.0,0.8
3856,2021-07-19,CAM,43969,21527,22442,5216,38352,401,ITF,ITF3,15,Campania,Campania,5801692,4046872,69.75,0.76
3857,2021-04-10,CAM,28357,13493,14864,22819,4914,624,ITF,ITF3,15,Campania,Campania,5801692,4075229,70.24,0.49
3858,2021-01-07,CAM,8909,4167,4742,8735,0,174,ITF,ITF3,15,Campania,Campania,5801692,4084138,70.4,0.15
3859,2021-03-05,CAM,16816,6667,10149,9861,6666,289,ITF,ITF3,15,Campania,Campania,5801692,4100954,70.69,0.29
3860,2021-01-14,CAM,7074,2977,4097,6809,0,265,ITF,ITF3,15,Campania,Campania,5801692,4108028,70.81,0.12
3861,2021-05-27,CAM,72958,35364,37594,25814,46586,558,ITF,ITF3,15,Campania,Campania,5801692,4180986,72.06,1.26
3862,2021-02-16,CAM,5444,2414,3030,4497,771,176,ITF,ITF3,15,Campania,Campania,5801692,4186430,72.16,0.09
3863,2021-05-22,CAM,68005,32524,35481,45625,21532,848,ITF,ITF3,15,Campania,Campania,5801692,4254435,73.33,1.17
3864,2021-03-24,CAM,17922,8369,9553,14616,2958,348,ITF,ITF3,15,Campania,Campania,5801692,4272357,73.64,0.31
3865,2021-05-20,CAM,60968,28231,32737,42244,17758,966,ITF,ITF3,15,Campania,Campania,5801692,4333325,74.69,1.05
3866,2021-02-09,CAM,4643,2202,2441,4233,252,158,ITF,ITF3,15,Campania,Campania,5801692,4337968,74.77,0.08
3867,2021-05-29,CAM,67839,32270,35569,43101,23899,839,ITF,ITF3,15,Campania,Campania,5801692,4405807,75.94,1.17
3868,2021-07-25,CAM,23167,11749,11418,4292,18739,136,ITF,ITF3,15,Campania,Campania,5801692,4428974,76.34,0.4
3869,2021-07-07,CAM,52294,24816,27478,7263,44629,402,ITF,ITF3,15,Campania,Campania,5801692,4481268,77.24,0.9
3870,2021-03-29,CAM,19403,9576,9827,17465,1547,391,ITF,ITF3,15,Campania,Campania,5801692,4500671,77.58,0.33
3871,2021-06-20,CAM,47606,22745,24861,14331,32987,288,ITF,ITF3,15,Campania,Campania,5801692,4548277,78.4,0.82
3872,2021-03-27,CAM,21512,10241,11271,17247,3866,399,ITF,ITF3,15,Campania,Campania,5801692,4569789,78.77,0.37
3873,2021-06-01,CAM,42221,20943,21278,31483,10514,224,ITF,ITF3,15,Campania,Campania,5801692,4612010,79.49,0.73
3874,2021-04-29,CAM,41592,20188,21404,24088,16740,764,ITF,ITF3,15,Campania,Campania,5801692,4653602,80.21,0.72
3875,2021-01-19,CAM,1095,474,621,1042,3,50,ITF,ITF3,15,Campania,Campania,5801692,4654697,80.23,0.02
3876,2021-07-21,CAM,50198,24452,25746,8680,40877,641,ITF,ITF3,15,Campania,Campania,5801692,4704895,81.1,0.87
3877,2021-01-21,CAM,2093,1116,977,670,1417,6,ITF,ITF3,15,Campania,Campania,5801692,4706988,81.13,0.04
3878,2021-07-23,CAM,61785,30783,31002,8469,52854,462,ITF,ITF3,15,Campania,Campania,5801692,4768773,82.2,1.06
3879,2021-04-14,CAM,27648,13337,14311,18665,8570,413,ITF,ITF3,15,Campania,Campania,5801692,4796421,82.67,0.48
3880,2021-05-01,CAM,46349,22663,23686,29319,16107,923,ITF,ITF3,15,Campania,Campania,5801692,4842770,83.47,0.8
3881,2021-07-06,CAM,56700,27067,29633,16170,40072,458,ITF,ITF3,15,Campania,Campania,5801692,4899470,84.45,0.98
3882,2021-04-12,CAM,23309,10921,12388,19770,3035,504,ITF,ITF3,15,Campania,Campania,5801692,4922779,84.85,0.4
3883,2021-01-02,CAM,3671,1962,1709,3613,0,58,ITF,ITF3,15,Campania,Campania,5801692,4926450,84.91,0.06
3884,2021-06-17,CAM,60211,28866,31345,32882,26794,535,ITF,ITF3,15,Campania,Campania,5801692,4986661,85.95,1.04
3885,2021-02-17,CAM,7399,3216,4183,6212,1062,125,ITF,ITF3,15,Campania,Campania,5801692,4994060,86.08,0.13
3886,2021-04-15,CAM,34346,16665,17681,23809,9903,634,ITF,ITF3,15,Campania,Campania,5801692,5028406,86.67,0.59
3887,2021-07-28,CAM,49374,24533,24841,13902,34759,713,ITF,ITF3,15,Campania,Campania,5801692,5077780,87.52,0.85
3888,2021-04-22,CAM,34110,16633,17477,20941,12539,630,ITF,ITF3,15,Campania,Campania,5801692,5111890,88.11,0.59
3889,2021-01-12,CAM,5215,2564,2651,5076,0,139,ITF,ITF3,15,Campania,Campania,5801692,5117105,88.2,0.09
3890,2021-05-06,CAM,57601,28132,29469,41300,14764,1537,ITF,ITF3,15,Campania,Campania,5801692,5174706,89.19,0.99
3891,2021-06-18,CAM,65893,31405,34488,35086,30301,506,ITF,ITF3,15,Campania,Campania,5801692,5240599,90.33,1.14
3892,2021-03-10,CAM,15618,7725,7893,8453,6840,325,ITF,ITF3,15,Campania,Campania,5801692,5256217,90.6,0.27
3893,2021-05-15,CAM,62691,29049,33642,42147,18749,1795,ITF,ITF3,15,Campania,Campania,5801692,5318908,91.68,1.08
3894,2021-03-12,CAM,14577,7412,7165,8191,6085,301,ITF,ITF3,15,Campania,Campania,5801692,5333485,91.93,0.25
3895,2021-05-23,CAM,58749,28639,30110,37209,20899,641,ITF,ITF3,15,Campania,Campania,5801692,5392234,92.94,1.01
3896,2021-02-12,CAM,6532,2861,3671,6091,188,253,ITF,ITF3,15,Campania,Campania,5801692,5398766,93.06,0.11
3897,2021-01-29,CAM,10059,4814,5245,47,10008,4,ITF,ITF3,15,Campania,Campania,5801692,5408825,93.23,0.17
3898,2021-06-27,CAM,43555,21450,22105,14096,29069,390,ITF,ITF3,15,Campania,Campania,5801692,5452380,93.98,0.75
3899,2021-06-03,CAM,72643,35233,37410,61137,10679,827,ITF,ITF3,15,Campania,Campania,5801692,5525023,95.23,1.25
3900,2021-02-23,CAM,11002,3388,7614,10197,526,279,ITF,ITF3,15,Campania,Campania,5801692,5536025,95.42,0.19
3901,2021-02-21,CAM,5837,2241,3596,5495,225,117,ITF,ITF3,15,Campania,Campania,5801692,5541862,95.52,0.1
3902,2021-02-28,CAM,10412,3207,7205,8301,1900,211,ITF,ITF3,15,Campania,Campania,5801692,5552274,95.7,0.18
3903,2021-02-14,CAM,3929,1923,2006,3842,34,53,ITF,ITF3,15,Campania,Campania,5801692,5556203,95.77,0.07
3904,2021-01-26,CAM,7342,3727,3615,331,6990,21,ITF,ITF3,15,Campania,Campania,5801692,5563545,95.9,0.13
3905,2021-04-19,CAM,30765,14822,15943,18679,11575,511,ITF,ITF3,15,Campania,Campania,5801692,5594310,96.43,0.53
3906,2021-01-09,CAM,10565,5023,5542,10303,0,262,ITF,ITF3,15,Campania,Campania,5801692,5604875,96.61,0.18
3907,2021-07-04,CAM,48818,23764,25054,6320,42314,184,ITF,ITF3,15,Campania,Campania,5801692,5653693,97.45,0.84
3908,2021-03-26,CAM,19866,9324,10542,15648,3815,403,ITF,ITF3,15,Campania,Campania,5801692,5673559,97.79,0.34
3909,2021-03-19,CAM,11145,4973,6172,7092,3874,179,ITF,ITF3,15,Campania,Campania,5801692,5684704,97.98,0.19
3910,2021-06-10,CAM,75968,36696,39272,67990,7076,902,ITF,ITF3,15,Campania,Campania,5801692,5760672,99.29,1.31
3911,2021-05-08,CAM,56440,27145,29295,39129,15838,1473,ITF,ITF3,15,Campania,Campania,5801692,5817112,100.27,0.97
3912,2021-06-22,CAM,52456,25015,27441,13199,39006,251,ITF,ITF3,15,Campania,Campania,5801692,5869568,101.17,0.9
3913,2021-03-14,CAM,8617,3828,4789,4374,4141,102,ITF,ITF3,15,Campania,Campania,5801692,5878185,101.32,0.15
3914,2021-05-10,CAM,35477,16393,19084,24977,9928,572,ITF,ITF3,15,Campania,Campania,5801692,5913662,101.93,0.61
3915,2021-06-08,CAM,53047,25855,27192,45453,7006,588,ITF,ITF3,15,Campania,Campania,5801692,5966709,102.84,0.91
3916,2021-08-04,CAM,29824,15295,14529,16000,13072,752,ITF,ITF3,15,Campania,Campania,5801692,5996533,103.36,0.51
3917,2021-04-26,CAM,34047,16652,17395,27573,5623,851,ITF,ITF3,15,Campania,Campania,5801692,6030580,103.95,0.59
3918,2021-03-07,CAM,11974,5404,6570,7810,3843,321,ITF,ITF3,15,Campania,Campania,5801692,6042554,104.15,0.21
3919,2021-05-03,CAM,40779,19901,20878,27935,11864,980,ITF,ITF3,15,Campania,Campania,5801692,6083333,104.85,0.7
3920,2021-06-29,CAM,49324,23990,25334,19759,29097,468,ITF,ITF3,15,Campania,Campania,5801692,6132657,105.7,0.85
3921,2021-06-15,CAM,18674,9087,9587,11025,7413,236,ITF,ITF3,15,Campania,Campania,5801692,6151331,106.03,0.32
3922,2021-01-28,CAM,8836,4125,4711,127,8701,8,ITF,ITF3,15,Campania,Campania,5801692,6160167,106.18,0.15
3923,2021-07-30,CAM,44730,22759,21971,14475,29477,778,ITF,ITF3,15,Campania,Campania,5801692,6204897,106.95,0.77
3924,2021-04-21,CAM,30274,14745,15529,17512,12228,534,ITF,ITF3,15,Campania,Campania,5801692,6235171,107.47,0.52
3925,2021-06-16,CAM,31643,15008,16635,20574,10766,303,ITF,ITF3,15,Campania,Campania,5801692,6266814,108.02,0.55
3926,2021-05-02,CAM,43495,21541,21954,31266,11361,868,ITF,ITF3,15,Campania,Campania,5801692,6310309,108.77,0.75
3927,2021-01-22,CAM,1525,776,749,659,852,14,ITF,ITF3,15,Campania,Campania,5801692,6311834,108.79,0.03
3928,2021-03-06,CAM,16374,6816,9558,10402,5670,302,ITF,ITF3,15,Campania,Campania,5801692,6328208,109.08,0.28
3929,2021-03-08,CAM,14691,6849,7842,9499,4779,413,ITF,ITF3,15,Campania,Campania,5801692,6342899,109.33,0.25
3930,2021-05-04,CAM,48484,23347,25137,38330,8904,1250,ITF,ITF3,15,Campania,Campania,5801692,6391383,110.16,0.84
3931,2021-01-24,CAM,4122,2119,2003,360,3745,17,ITF,ITF3,15,Campania,Campania,5801692,6395505,110.24,0.07
3932,2021-05-13,CAM,55453,24832,30621,37866,16018,1569,ITF,ITF3,15,Campania,Campania,5801692,6450958,111.19,0.96
3933,2021-07-09,CAM,61476,29762,31714,4359,56812,305,ITF,ITF3,15,Campania,Campania,5801692,6512434,112.25,1.06
3934,2021-01-31,CAM,8070,3712,4358,22,8047,1,ITF,ITF3,15,Campania,Campania,5801692,6520504,112.39,0.14
3935,2021-05-11,CAM,39881,19247,20634,29561,9404,916,ITF,ITF3,15,Campania,Campania,5801692,6560385,113.08,0.69
3936,2021-07-11,CAM,40866,19668,21198,1007,39774,85,ITF,ITF3,15,Campania,Campania,5801692,6601251,113.78,0.7
3937,2021-02-02,CAM,5723,2805,2918,412,5280,31,ITF,ITF3,15,Campania,Campania,5801692,6606974,113.88,0.1
3938,2021-03-31,CAM,23192,11372,11820,19354,3440,398,ITF,ITF3,15,Campania,Campania,5801692,6630166,114.28,0.4
3939,2021-07-18,CAM,31337,15761,15576,3843,27160,334,ITF,ITF3,15,Campania,Campania,5801692,6661503,114.82,0.54
3940,2021-04-07,CAM,24972,11987,12985,19708,4725,539,ITF,ITF3,15,Campania,Campania,5801692,6686475,115.25,0.43
3941,2021-07-16,CAM,61013,29838,31175,6735,53893,385,ITF,ITF3,15,Campania,Campania,5801692,6747488,116.3,1.05
3942,2021-04-02,CAM,21865,10525,11340,19089,2324,452,ITF,ITF3,15,Campania,Campania,5801692,6769353,116.68,0.38
3943,2021-01-30,EMR,10086,3523,6563,139,9946,1,ITH,ITH5,8,Emilia-Romagna,Emilia-Romagna,4459477,10086,0.23,0.23
3944,2021-05-12,EMR,38934,18297,20637,28454,9693,787,ITH,ITH5,8,Emilia-Romagna,Emilia-Romagna,4459477,49020,1.1,0.87
3945,2021-02-01,EMR,10320,3610,6710,359,9959,2,ITH,ITH5,8,Emilia-Romagna,Emilia-Romagna,4459477,59340,1.33,0.23
3946,2021-01-18,EMR,3129,879,2250,2447,679,3,ITH,ITH5,8,Emilia-Romagna,Emilia-Romagna,4459477,62469,1.4,0.07
3947,2021-03-16,EMR,12246,5027,7219,4871,7309,66,ITH,ITH5,8,Emilia-Romagna,Emilia-Romagna,4459477,74715,1.68,0.27
3948,2021-01-25,EMR,6463,2147,4316,206,6256,1,ITH,ITH5,8,Emilia-Romagna,Emilia-Romagna,4459477,81178,1.82,0.14
3949,2021-07-01,EMR,34511,16868,17643,14855,18836,820,ITH,ITH5,8,Emilia-Romagna,Emilia-Romagna,4459477,115689,2.59,0.77
3950,2021-03-23,EMR,18799,8145,10654,11951,6687,161,ITH,ITH5,8,Emilia-Romagna,Emilia-Romagna,4459477,134488,3.02,0.42
3951,2021-02-18,EMR,7043,2891,4152,6439,588,16,ITH,ITH5,8,Emilia-Romagna,Emilia-Romagna,4459477,141531,3.17,0.16
3952,2021-06-07,EMR,40504,20788,19716,33509,6260,735,ITH,ITH5,8,Emilia-Romagna,Emilia-Romagna,4459477,182035,4.08,0.91
3953,2021-08-03,EMR,37560,19742,17818,14785,22219,556,ITH,ITH5,8,Emilia-Romagna,Emilia-Romagna,4459477,219595,4.92,0.84
3954,2021-06-21,EMR,37561,18990,18571,16109,20874,578,ITH,ITH5,8,Emilia-Romagna,Emilia-Romagna,4459477,257156,5.77,0.84
3955,2021-07-08,EMR,41314,20581,20733,4739,36168,407,ITH,ITH5,8,Emilia-Romagna,Emilia-Romagna,4459477,298470,6.69,0.93
3956,2021-03-30,EMR,23346,10338,13008,18013,5040,293,ITH,ITH5,8,Emilia-Romagna,Emilia-Romagna,4459477,321816,7.22,0.52
3957,2021-07-22,EMR,40204,21456,18748,15259,24080,865,ITH,ITH5,8,Emilia-Romagna,Emilia-Romagna,4459477,362020,8.12,0.9
3958,2021-01-04,EMR,7312,2527,4785,7309,0,3,ITH,ITH5,8,Emilia-Romagna,Emilia-Romagna,4459477,369332,8.28,0.16
3959,2021-05-26,EMR,33320,14745,18575,9928,23007,385,ITH,ITH5,8,Emilia-Romagna,Emilia-Romagna,4459477,402652,9.03,0.75
3960,2021-06-12,EMR,41357,21868,19489,35577,4916,864,ITH,ITH5,8,Emilia-Romagna,Emilia-Romagna,4459477,444009,9.96,0.93
3961,2021-03-04,EMR,16452,5348,11104,13339,3023,90,ITH,ITH5,8,Emilia-Romagna,Emilia-Romagna,4459477,460461,10.33,0.37
3962,2021-05-24,EMR,29990,13730,16260,17961,11516,513,ITH,ITH5,8,Emilia-Romagna,Emilia-Romagna,4459477,490451,11.0,0.67
3963,2021-02-13,EMR,3629,1084,2545,3017,598,14,ITH,ITH5,8,Emilia-Romagna,Emilia-Romagna,4459477,494080,11.08,0.08
3964,2021-07-20,EMR,42943,22455,20488,6649,35647,647,ITH,ITH5,8,Emilia-Romagna,Emilia-Romagna,4459477,537023,12.04,0.96
3965,2021-04-11,EMR,15277,6935,8342,11980,3048,249,ITH,ITH5,8,Emilia-Romagna,Emilia-Romagna,4459477,552300,12.38,0.34
3966,2021-02-11,EMR,4255,1414,2841,3393,843,19,ITH,ITH5,8,Emilia-Romagna,Emilia-Romagna,4459477,556555,12.48,0.1
3967,2021-01-23,EMR,2448,871,1577,440,2008,0,ITH,ITH5,8,Emilia-Romagna,Emilia-Romagna,4459477,559003,12.54,0.05
3968,2021-05-07,EMR,35307,16976,18331,22752,11877,678,ITH,ITH5,8,Emilia-Romagna,Emilia-Romagna,4459477,594310,13.33,0.79
3969,2021-07-03,EMR,32076,15913,16163,11426,19992,658,ITH,ITH5,8,Emilia-Romagna,Emilia-Romagna,4459477,626386,14.05,0.72
3970,2021-04-16,EMR,29231,13763,15468,20024,8837,370,ITH,ITH5,8,Emilia-Romagna,Emilia-Romagna,4459477,655617,14.7,0.66
3971,2021-01-06,EMR,8289,2956,5333,8288,0,1,ITH,ITH5,8,Emilia-Romagna,Emilia-Romagna,4459477,663906,14.89,0.19
3972,2021-04-30,EMR,36628,16794,19834,21218,14802,608,ITH,ITH5,8,Emilia-Romagna,Emilia-Romagna,4459477,700534,15.71,0.82
3973,2021-03-28,EMR,13521,6041,7480,9518,3882,121,ITH,ITH5,8,Emilia-Romagna,Emilia-Romagna,4459477,714055,16.01,0.3
3974,2021-07-15,EMR,50224,26160,24064,7880,41635,709,ITH,ITH5,8,Emilia-Romagna,Emilia-Romagna,4459477,764279,17.14,1.13
3975,2021-04-23,EMR,29571,13813,15758,14306,14891,374,ITH,ITH5,8,Emilia-Romagna,Emilia-Romagna,4459477,793850,17.8,0.66
3976,2021-01-13,EMR,9078,2942,6136,9073,0,5,ITH,ITH5,8,Emilia-Romagna,Emilia-Romagna,4459477,802928,18.0,0.2
3977,2021-04-04,EMR,9877,4716,5161,7526,2267,84,ITH,ITH5,8,Emilia-Romagna,Emilia-Romagna,4459477,812805,18.23,0.22
3978,2021-01-11,EMR,9347,3273,6074,9338,0,9,ITH,ITH5,8,Emilia-Romagna,Emilia-Romagna,4459477,822152,18.44,0.21
3979,2021-05-31,EMR,29778,13772,16006,17723,11506,549,ITH,ITH5,8,Emilia-Romagna,Emilia-Romagna,4459477,851930,19.1,0.67
3980,2021-02-20,EMR,5318,2094,3224,5048,263,7,ITH,ITH5,8,Emilia-Romagna,Emilia-Romagna,4459477,857248,19.22,0.12
3981,2021-01-15,EMR,7748,2402,5346,7740,0,8,ITH,ITH5,8,Emilia-Romagna,Emilia-Romagna,4459477,864996,19.4,0.17
3982,2021-06-09,EMR,43075,21880,21195,35741,6388,946,ITH,ITH5,8,Emilia-Romagna,Emilia-Romagna,4459477,908071,20.36,0.97
3983,2021-03-01,EMR,10099,3583,6516,7814,2260,25,ITH,ITH5,8,Emilia-Romagna,Emilia-Romagna,4459477,918170,20.59,0.23
3984,2021-05-19,EMR,33794,14979,18815,18030,15240,524,ITH,ITH5,8,Emilia-Romagna,Emilia-Romagna,4459477,951964,21.35,0.76
3985,2021-06-02,EMR,24105,12065,12040,18754,4974,377,ITH,ITH5,8,Emilia-Romagna,Emilia-Romagna,4459477,976069,21.89,0.54
3986,2021-03-13,EMR,16139,6362,9777,10591,5312,236,ITH,ITH5,8,Emilia-Romagna,Emilia-Romagna,4459477,992208,22.25,0.36
3987,2021-05-09,EMR,25616,12255,13361,18256,6969,391,ITH,ITH5,8,Emilia-Romagna,Emilia-Romagna,4459477,1017824,22.82,0.57
3988,2021-01-29,EMR,10418,3496,6922,289,10128,1,ITH,ITH5,8,Emilia-Romagna,Emilia-Romagna,4459477,1028242,23.06,0.23
3989,2021-02-15,EMR,2904,852,2052,2712,125,67,ITH,ITH5,8,Emilia-Romagna,Emilia-Romagna,4459477,1031146,23.12,0.07
3990,2021-01-27,EMR,8364,2950,5414,461,7903,0,ITH,ITH5,8,Emilia-Romagna,Emilia-Romagna,4459477,1039510,23.31,0.19
3991,2021-03-09,EMR,14798,6032,8766,10751,3952,95,ITH,ITH5,8,Emilia-Romagna,Emilia-Romagna,4459477,1054308,23.64,0.33
3992,2021-05-05,EMR,30131,13999,16132,18299,11270,562,ITH,ITH5,8,Emilia-Romagna,Emilia-Romagna,4459477,1084439,24.32,0.68
3993,2021-05-23,EMR,25492,11863,13629,13577,11602,313,ITH,ITH5,8,Emilia-Romagna,Emilia-Romagna,4459477,1109931,24.89,0.57
3994,2021-07-19,EMR,41896,22068,19828,6610,34689,597,ITH,ITH5,8,Emilia-Romagna,Emilia-Romagna,4459477,1151827,25.83,0.94
3995,2021-06-26,EMR,37451,18980,18471,21051,15532,868,ITH,ITH5,8,Emilia-Romagna,Emilia-Romagna,4459477,1189278,26.67,0.84
3996,2021-07-10,EMR,41996,21385,20611,6772,34560,664,ITH,ITH5,8,Emilia-Romagna,Emilia-Romagna,4459477,1231274,27.61,0.94
3997,2021-07-29,EMR,40636,21455,19181,14498,25472,666,ITH,ITH5,8,Emilia-Romagna,Emilia-Romagna,4459477,1271910,28.52,0.91
3998,2021-07-27,EMR,40977,21776,19201,16980,23273,724,ITH,ITH5,8,Emilia-Romagna,Emilia-Romagna,4459477,1312887,29.44,0.92
3999,2021-04-18,EMR,17506,8396,9110,12362,4919,225,ITH,ITH5,8,Emilia-Romagna,Emilia-Romagna,4459477,1330393,29.83,0.39
4000,2021-06-14,EMR,41309,21356,19953,27549,13077,683,ITH,ITH5,8,Emilia-Romagna,Emilia-Romagna,4459477,1371702,30.76,0.93
4001,2021-02-25,EMR,9249,3499,5750,8272,954,23,ITH,ITH5,8,Emilia-Romagna,Emilia-Romagna,4459477,1380951,30.97,0.21
4002,2021-06-19,EMR,36660,18352,18308,16778,19394,488,ITH,ITH5,8,Emilia-Romagna,Emilia-Romagna,4459477,1417611,31.79,0.82
4003,2021-03-11,EMR,17475,7323,10152,11439,5852,184,ITH,ITH5,8,Emilia-Romagna,Emilia-Romagna,4459477,1435086,32.18,0.39
4004,2021-02-06,EMR,7595,2404,5191,2106,5485,4,ITH,ITH5,8,Emilia-Romagna,Emilia-Romagna,4459477,1442681,32.35,0.17
4005,2021-06-30,EMR,34244,17283,16961,17744,15655,845,ITH,ITH5,8,Emilia-Romagna,Emilia-Romagna,4459477,1476925,33.12,0.77
4006,2021-07-17,EMR,43548,22985,20563,7167,35649,732,ITH,ITH5,8,Emilia-Romagna,Emilia-Romagna,4459477,1520473,34.1,0.98
4007,2021-06-11,EMR,45929,23842,22087,38407,6536,986,ITH,ITH5,8,Emilia-Romagna,Emilia-Romagna,4459477,1566402,35.13,1.03
4008,2021-06-28,EMR,40041,19647,20394,19657,19567,817,ITH,ITH5,8,Emilia-Romagna,Emilia-Romagna,4459477,1606443,36.02,0.9
4009,2021-03-20,EMR,16088,6830,9258,8956,6966,166,ITH,ITH5,8,Emilia-Romagna,Emilia-Romagna,4459477,1622531,36.38,0.36
4010,2021-04-06,EMR,24752,11174,13578,19718,4747,287,ITH,ITH5,8,Emilia-Romagna,Emilia-Romagna,4459477,1647283,36.94,0.56
4011,2020-12-27,EMR,971,373,598,971,0,0,ITH,ITH5,8,Emilia-Romagna,Emilia-Romagna,4459477,1648254,36.96,0.02
4012,2021-08-05,EMR,35383,18710,16673,17381,17106,896,ITH,ITH5,8,Emilia-Romagna,Emilia-Romagna,4459477,1683637,37.75,0.79
4013,2021-05-04,EMR,29301,13721,15580,15164,13662,475,ITH,ITH5,8,Emilia-Romagna,Emilia-Romagna,4459477,1712938,38.41,0.66
4014,2021-02-27,EMR,10962,3998,6964,9192,1739,31,ITH,ITH5,8,Emilia-Romagna,Emilia-Romagna,4459477,1723900,38.66,0.25
4015,2021-04-25,EMR,22353,10240,12113,14403,7512,438,ITH,ITH5,8,Emilia-Romagna,Emilia-Romagna,4459477,1746253,39.16,0.5
4016,2021-07-05,EMR,33203,16193,17010,11240,21360,603,ITH,ITH5,8,Emilia-Romagna,Emilia-Romagna,4459477,1779456,39.9,0.74
4017,2021-03-27,EMR,21661,9060,12601,14508,6910,243,ITH,ITH5,8,Emilia-Romagna,Emilia-Romagna,4459477,1801117,40.39,0.49
4018,2021-04-13,EMR,23719,11128,12591,19031,4342,346,ITH,ITH5,8,Emilia-Romagna,Emilia-Romagna,4459477,1824836,40.92,0.53
4019,2021-01-03,EMR,2763,944,1819,2763,0,0,ITH,ITH5,8,Emilia-Romagna,Emilia-Romagna,4459477,1827599,40.98,0.06
4020,2021-05-02,EMR,25582,11653,13929,13191,11992,399,ITH,ITH5,8,Emilia-Romagna,Emilia-Romagna,4459477,1853181,41.56,0.57
4021,2021-01-22,EMR,1829,476,1353,1085,742,2,ITH,ITH5,8,Emilia-Romagna,Emilia-Romagna,4459477,1855010,41.6,0.04
4022,2021-02-08,EMR,5233,1535,3698,2315,2915,3,ITH,ITH5,8,Emilia-Romagna,Emilia-Romagna,4459477,1860243,41.71,0.12
4023,2021-05-16,EMR,25860,12176,13684,18364,7122,374,ITH,ITH5,8,Emilia-Romagna,Emilia-Romagna,4459477,1886103,42.29,0.58
4024,2021-07-12,EMR,43994,22291,21703,5411,38067,516,ITH,ITH5,8,Emilia-Romagna,Emilia-Romagna,4459477,1930097,43.28,0.99
4025,2021-07-31,EMR,36058,19143,16915,12139,23277,642,ITH,ITH5,8,Emilia-Romagna,Emilia-Romagna,4459477,1966155,44.09,0.81
4026,2021-03-25,EMR,21482,9416,12066,14234,6990,258,ITH,ITH5,8,Emilia-Romagna,Emilia-Romagna,4459477,1987637,44.57,0.48
4027,2021-05-21,EMR,39357,17548,21809,21629,17107,621,ITH,ITH5,8,Emilia-Romagna,Emilia-Romagna,4459477,2026994,45.45,0.88
4028,2021-02-10,EMR,4022,1384,2638,2759,1257,6,ITH,ITH5,8,Emilia-Romagna,Emilia-Romagna,4459477,2031016,45.54,0.09
4029,2021-04-08,EMR,31232,14342,16890,25216,5309,707,ITH,ITH5,8,Emilia-Romagna,Emilia-Romagna,4459477,2062248,46.24,0.7
4030,2021-03-18,EMR,13677,5807,7870,5583,8002,92,ITH,ITH5,8,Emilia-Romagna,Emilia-Romagna,4459477,2075925,46.55,0.31
4031,2021-05-14,EMR,37326,17193,20133,26788,9645,893,ITH,ITH5,8,Emilia-Romagna,Emilia-Romagna,4459477,2113251,47.39,0.84
4032,2021-02-03,EMR,9341,2990,6351,962,8378,1,ITH,ITH5,8,Emilia-Romagna,Emilia-Romagna,4459477,2122592,47.6,0.21
4033,2021-04-01,EMR,23953,10773,13180,19063,4552,338,ITH,ITH5,8,Emilia-Romagna,Emilia-Romagna,4459477,2146545,48.13,0.54
4034,2021-02-17,EMR,6539,2764,3775,5755,772,12,ITH,ITH5,8,Emilia-Romagna,Emilia-Romagna,4459477,2153084,48.28,0.15
4035,2021-06-01,EMR,27176,13102,14074,16894,9917,365,ITH,ITH5,8,Emilia-Romagna,Emilia-Romagna,4459477,2180260,48.89,0.61
4036,2021-07-28,EMR,38505,20648,17857,13961,23935,609,ITH,ITH5,8,Emilia-Romagna,Emilia-Romagna,4459477,2218765,49.75,0.86
4037,2021-06-04,EMR,45717,23008,22709,36882,8190,645,ITH,ITH5,8,Emilia-Romagna,Emilia-Romagna,4459477,2264482,50.78,1.03
4038,2021-01-20,EMR,1327,269,1058,1325,1,1,ITH,ITH5,8,Emilia-Romagna,Emilia-Romagna,4459477,2265809,50.81,0.03
4039,2021-07-24,EMR,38710,20871,17839,17310,20554,846,ITH,ITH5,8,Emilia-Romagna,Emilia-Romagna,4459477,2304519,51.68,0.87
4040,2021-04-15,EMR,29354,13982,15372,19245,9678,431,ITH,ITH5,8,Emilia-Romagna,Emilia-Romagna,4459477,2333873,52.34,0.66
4041,2021-06-18,EMR,42564,21300,21264,16145,25901,518,ITH,ITH5,8,Emilia-Romagna,Emilia-Romagna,4459477,2376437,53.29,0.95
4042,2021-03-10,EMR,18803,7743,11060,12979,5644,180,ITH,ITH5,8,Emilia-Romagna,Emilia-Romagna,4459477,2395240,53.71,0.42
4043,2021-05-18,EMR,29214,13274,15940,18101,10630,483,ITH,ITH5,8,Emilia-Romagna,Emilia-Romagna,4459477,2424454,54.37,0.66
4044,2021-02-07,EMR,4785,1536,3249,1722,3061,2,ITH,ITH5,8,Emilia-Romagna,Emilia-Romagna,4459477,2429239,54.47,0.11
4045,2021-02-22,EMR,7482,3091,4391,7197,272,13,ITH,ITH5,8,Emilia-Romagna,Emilia-Romagna,4459477,2436721,54.64,0.17
4046,2021-06-13,EMR,28721,14977,13744,23827,4281,613,ITH,ITH5,8,Emilia-Romagna,Emilia-Romagna,4459477,2465442,55.29,0.64
4047,2021-04-27,EMR,32117,14868,17249,19228,12465,424,ITH,ITH5,8,Emilia-Romagna,Emilia-Romagna,4459477,2497559,56.01,0.72
4048,2021-05-06,EMR,35948,16615,19333,22169,13074,705,ITH,ITH5,8,Emilia-Romagna,Emilia-Romagna,4459477,2533507,56.81,0.81
4049,2021-01-26,EMR,8336,3001,5335,209,8126,1,ITH,ITH5,8,Emilia-Romagna,Emilia-Romagna,4459477,2541843,57.0,0.19
4050,2021-07-02,EMR,34726,17078,17648,12382,21708,636,ITH,ITH5,8,Emilia-Romagna,Emilia-Romagna,4459477,2576569,57.78,0.78
4051,2021-03-24,EMR,21224,9402,11822,13620,7384,220,ITH,ITH5,8,Emilia-Romagna,Emilia-Romagna,4459477,2597793,58.25,0.48
4052,2021-01-24,EMR,2445,886,1559,298,2147,0,ITH,ITH5,8,Emilia-Romagna,Emilia-Romagna,4459477,2600238,58.31,0.05
4053,2021-07-09,EMR,44807,22885,21922,5409,38984,414,ITH,ITH5,8,Emilia-Romagna,Emilia-Romagna,4459477,2645045,59.31,1.0
4054,2021-01-17,EMR,2890,887,2003,2642,247,1,ITH,ITH5,8,Emilia-Romagna,Emilia-Romagna,4459477,2647935,59.38,0.06
4055,2021-05-28,EMR,41269,18953,22316,17269,23402,598,ITH,ITH5,8,Emilia-Romagna,Emilia-Romagna,4459477,2689204,60.3,0.93
4056,2021-04-22,EMR,29054,13453,15601,14617,14077,360,ITH,ITH5,8,Emilia-Romagna,Emilia-Romagna,4459477,2718258,60.95,0.65
4057,2021-01-12,EMR,9475,3124,6351,9465,0,10,ITH,ITH5,8,Emilia-Romagna,Emilia-Romagna,4459477,2727733,61.17,0.21
4058,2021-07-16,EMR,49728,26245,23483,7059,42022,647,ITH,ITH5,8,Emilia-Romagna,Emilia-Romagna,4459477,2777461,62.28,1.12
4059,2021-06-27,EMR,29549,14866,14683,16211,12724,614,ITH,ITH5,8,Emilia-Romagna,Emilia-Romagna,4459477,2807010,62.94,0.66
4060,2021-04-12,EMR,19248,9008,10240,14448,4448,352,ITH,ITH5,8,Emilia-Romagna,Emilia-Romagna,4459477,2826258,63.38,0.43
4061,2021-06-08,EMR,45067,23065,22002,36898,7496,673,ITH,ITH5,8,Emilia-Romagna,Emilia-Romagna,4459477,2871325,64.39,1.01
4062,2021-08-04,EMR,34243,18237,16006,12132,21614,497,ITH,ITH5,8,Emilia-Romagna,Emilia-Romagna,4459477,2905568,65.15,0.77
4063,2021-02-12,EMR,5315,1671,3644,3888,1403,24,ITH,ITH5,8,Emilia-Romagna,Emilia-Romagna,4459477,2910883,65.27,0.12
4064,2021-04-10,EMR,20922,9301,11621,16447,4143,332,ITH,ITH5,8,Emilia-Romagna,Emilia-Romagna,4459477,2931805,65.74,0.47
4065,2021-04-17,EMR,27307,13079,14228,17574,9346,387,ITH,ITH5,8,Emilia-Romagna,Emilia-Romagna,4459477,2959112,66.36,0.61
4066,2021-01-07,EMR,10272,3404,6868,10268,0,4,ITH,ITH5,8,Emilia-Romagna,Emilia-Romagna,4459477,2969384,66.59,0.23
4067,2021-05-01,EMR,28427,12779,15648,15278,12792,357,ITH,ITH5,8,Emilia-Romagna,Emilia-Romagna,4459477,2997811,67.22,0.64
4068,2021-02-05,EMR,9301,2958,6343,1612,7685,4,ITH,ITH5,8,Emilia-Romagna,Emilia-Romagna,4459477,3007112,67.43,0.21
4069,2021-07-21,EMR,43553,23238,20315,10755,32209,589,ITH,ITH5,8,Emilia-Romagna,Emilia-Romagna,4459477,3050665,68.41,0.98
4070,2021-04-19,EMR,20911,9801,11110,14335,6282,294,ITH,ITH5,8,Emilia-Romagna,Emilia-Romagna,4459477,3071576,68.88,0.47
4071,2021-01-09,EMR,9992,3456,6536,9987,0,5,ITH,ITH5,8,Emilia-Romagna,Emilia-Romagna,4459477,3081568,69.1,0.22
4072,2021-06-15,EMR,43714,22533,21181,27853,15052,809,ITH,ITH5,8,Emilia-Romagna,Emilia-Romagna,4459477,3125282,70.08,0.98
4073,2021-03-07,EMR,7844,2960,4884,6288,1523,33,ITH,ITH5,8,Emilia-Romagna,Emilia-Romagna,4459477,3133126,70.26,0.18
4074,2021-05-03,EMR,28727,13568,15159,17399,10880,448,ITH,ITH5,8,Emilia-Romagna,Emilia-Romagna,4459477,3161853,70.9,0.64
4075,2021-02-28,EMR,6821,2527,4294,4956,1846,19,ITH,ITH5,8,Emilia-Romagna,Emilia-Romagna,4459477,3168674,71.05,0.15
4076,2021-04-26,EMR,27909,12938,14971,18038,9322,549,ITH,ITH5,8,Emilia-Romagna,Emilia-Romagna,4459477,3196583,71.68,0.63
4077,2021-01-16,EMR,5628,1718,3910,5627,0,1,ITH,ITH5,8,Emilia-Romagna,Emilia-Romagna,4459477,3202211,71.81,0.13
4078,2021-03-14,EMR,8803,3840,4963,4942,3798,63,ITH,ITH5,8,Emilia-Romagna,Emilia-Romagna,4459477,3211014,72.0,0.2
4079,2021-04-02,EMR,23394,10552,12842,18560,4482,352,ITH,ITH5,8,Emilia-Romagna,Emilia-Romagna,4459477,3234408,72.53,0.52
4080,2021-05-29,EMR,37917,16510,21407,16654,20750,513,ITH,ITH5,8,Emilia-Romagna,Emilia-Romagna,4459477,3272325,73.38,0.85
4081,2021-07-11,EMR,30331,15209,15122,2757,27307,267,ITH,ITH5,8,Emilia-Romagna,Emilia-Romagna,4459477,3302656,74.06,0.68
4082,2021-03-31,EMR,25286,11056,14230,19499,5469,318,ITH,ITH5,8,Emilia-Romagna,Emilia-Romagna,4459477,3327942,74.63,0.57
4083,2021-07-13,EMR,48426,24806,23620,6465,41277,684,ITH,ITH5,8,Emilia-Romagna,Emilia-Romagna,4459477,3376368,75.71,1.09
4084,2021-07-04,EMR,24248,12056,12192,10159,13599,490,ITH,ITH5,8,Emilia-Romagna,Emilia-Romagna,4459477,3400616,76.26,0.54
4085,2021-03-26,EMR,23717,10117,13600,17005,6441,271,ITH,ITH5,8,Emilia-Romagna,Emilia-Romagna,4459477,3424333,76.79,0.53
4086,2021-07-14,EMR,47893,24495,23398,5582,41770,541,ITH,ITH5,8,Emilia-Romagna,Emilia-Romagna,4459477,3472226,77.86,1.07
4087,2021-04-05,EMR,14848,6804,8044,11781,2893,174,ITH,ITH5,8,Emilia-Romagna,Emilia-Romagna,4459477,3487074,78.19,0.33
4088,2021-08-02,EMR,37612,19860,17752,13980,23034,598,ITH,ITH5,8,Emilia-Romagna,Emilia-Romagna,4459477,3524686,79.04,0.84
4089,2021-04-24,EMR,28639,13244,15395,14058,14235,346,ITH,ITH5,8,Emilia-Romagna,Emilia-Romagna,4459477,3553325,79.68,0.64
4090,2021-05-11,EMR,35803,16801,19002,27855,7260,688,ITH,ITH5,8,Emilia-Romagna,Emilia-Romagna,4459477,3589128,80.48,0.8
4091,2021-01-31,EMR,7699,2764,4935,239,7460,0,ITH,ITH5,8,Emilia-Romagna,Emilia-Romagna,4459477,3596827,80.66,0.17
4092,2021-03-05,EMR,17897,5851,12046,14290,3488,119,ITH,ITH5,8,Emilia-Romagna,Emilia-Romagna,4459477,3614724,81.06,0.4
4093,2021-03-22,EMR,17650,7814,9836,10616,6864,170,ITH,ITH5,8,Emilia-Romagna,Emilia-Romagna,4459477,3632374,81.45,0.4
4094,2021-03-03,EMR,15888,5264,10624,13350,2486,52,ITH,ITH5,8,Emilia-Romagna,Emilia-Romagna,4459477,3648262,81.81,0.36
4095,2021-05-25,EMR,25209,11227,13982,11298,13483,428,ITH,ITH5,8,Emilia-Romagna,Emilia-Romagna,4459477,3673471,82.37,0.57
4096,2021-02-14,EMR,1402,378,1024,1274,120,8,ITH,ITH5,8,Emilia-Romagna,Emilia-Romagna,4459477,3674873,82.41,0.03
4097,2021-05-27,EMR,42324,18762,23562,13583,28266,475,ITH,ITH5,8,Emilia-Romagna,Emilia-Romagna,4459477,3717197,83.35,0.95
4098,2021-02-16,EMR,5772,2446,3326,5227,531,14,ITH,ITH5,8,Emilia-Romagna,Emilia-Romagna,4459477,3722969,83.48,0.13
4099,2021-04-03,EMR,19988,8781,11207,15953,3795,240,ITH,ITH5,8,Emilia-Romagna,Emilia-Romagna,4459477,3742957,83.93,0.45
4100,2021-05-30,EMR,27087,12798,14289,12982,13701,404,ITH,ITH5,8,Emilia-Romagna,Emilia-Romagna,4459477,3770044,84.54,0.61
4101,2021-02-19,EMR,7326,3010,4316,6799,514,13,ITH,ITH5,8,Emilia-Romagna,Emilia-Romagna,4459477,3777370,84.7,0.16
4102,2021-07-26,EMR,39408,21021,18387,15879,22804,725,ITH,ITH5,8,Emilia-Romagna,Emilia-Romagna,4459477,3816778,85.59,0.88
4103,2020-12-31,EMR,2214,778,1436,2213,0,1,ITH,ITH5,8,Emilia-Romagna,Emilia-Romagna,4459477,3818992,85.64,0.05
4104,2021-06-06,EMR,36574,18986,17588,31609,4409,556,ITH,ITH5,8,Emilia-Romagna,Emilia-Romagna,4459477,3855566,86.46,0.82
4105,2021-02-26,EMR,9636,3673,5963,8565,1050,21,ITH,ITH5,8,Emilia-Romagna,Emilia-Romagna,4459477,3865202,86.67,0.22
4106,2021-06-20,EMR,30720,15588,15132,15631,14657,432,ITH,ITH5,8,Emilia-Romagna,Emilia-Romagna,4459477,3895922,87.36,0.69
4107,2021-07-23,EMR,39372,21306,18066,19389,18949,1034,ITH,ITH5,8,Emilia-Romagna,Emilia-Romagna,4459477,3935294,88.25,0.88
4108,2021-04-14,EMR,27046,12846,14200,20512,6106,428,ITH,ITH5,8,Emilia-Romagna,Emilia-Romagna,4459477,3962340,88.85,0.61
4109,2021-06-29,EMR,37630,18560,19070,18140,18784,706,ITH,ITH5,8,Emilia-Romagna,Emilia-Romagna,4459477,3999970,89.7,0.84
4110,2021-03-21,EMR,11957,5296,6661,7261,4606,90,ITH,ITH5,8,Emilia-Romagna,Emilia-Romagna,4459477,4011927,89.96,0.27
4111,2021-06-10,EMR,45017,23120,21897,38744,5363,910,ITH,ITH5,8,Emilia-Romagna,Emilia-Romagna,4459477,4056944,90.97,1.01
4112,2021-03-02,EMR,12662,4274,8388,10517,2088,57,ITH,ITH5,8,Emilia-Romagna,Emilia-Romagna,4459477,4069606,91.26,0.28
4113,2021-03-19,EMR,15926,6972,8954,7800,7969,157,ITH,ITH5,8,Emilia-Romagna,Emilia-Romagna,4459477,4085532,91.61,0.36
4114,2021-02-24,EMR,9356,3568,5788,8451,888,17,ITH,ITH5,8,Emilia-Romagna,Emilia-Romagna,4459477,4094888,91.82,0.21
4115,2021-01-05,EMR,9363,3171,6192,9359,0,4,ITH,ITH5,8,Emilia-Romagna,Emilia-Romagna,4459477,4104251,92.03,0.21
4116,2021-04-29,EMR,44967,21144,23823,26593,17557,817,ITH,ITH5,8,Emilia-Romagna,Emilia-Romagna,4459477,4149218,93.04,1.01
4117,2021-01-19,EMR,2046,505,1541,2028,17,1,ITH,ITH5,8,Emilia-Romagna,Emilia-Romagna,4459477,4151264,93.09,0.05
4118,2021-07-07,EMR,37877,19133,18744,13408,23683,786,ITH,ITH5,8,Emilia-Romagna,Emilia-Romagna,4459477,4189141,93.94,0.85
4119,2021-03-29,EMR,21433,9620,11813,16541,4654,238,ITH,ITH5,8,Emilia-Romagna,Emilia-Romagna,4459477,4210574,94.42,0.48
4120,2021-02-21,EMR,4449,1707,2742,3999,440,10,ITH,ITH5,8,Emilia-Romagna,Emilia-Romagna,4459477,4215023,94.52,0.1
4121,2021-04-07,EMR,26125,11894,14231,19793,6017,315,ITH,ITH5,8,Emilia-Romagna,Emilia-Romagna,4459477,4241148,95.1,0.59
4122,2021-01-14,EMR,8130,2594,5536,8120,0,10,ITH,ITH5,8,Emilia-Romagna,Emilia-Romagna,4459477,4249278,95.29,0.18
4123,2021-01-21,EMR,2165,729,1436,818,1347,0,ITH,ITH5,8,Emilia-Romagna,Emilia-Romagna,4459477,4251443,95.34,0.05
4124,2021-06-03,EMR,37915,18437,19478,29763,7553,599,ITH,ITH5,8,Emilia-Romagna,Emilia-Romagna,4459477,4289358,96.19,0.85
4125,2021-02-23,EMR,8215,3218,4997,7817,386,12,ITH,ITH5,8,Emilia-Romagna,Emilia-Romagna,4459477,4297573,96.37,0.18
4126,2021-03-12,EMR,18317,7706,10611,11307,6718,292,ITH,ITH5,8,Emilia-Romagna,Emilia-Romagna,4459477,4315890,96.78,0.41
4127,2021-08-01,EMR,28660,15373,13287,9243,19076,341,ITH,ITH5,8,Emilia-Romagna,Emilia-Romagna,4459477,4344550,97.42,0.64
4128,2021-05-10,EMR,33875,16146,17729,26075,7263,537,ITH,ITH5,8,Emilia-Romagna,Emilia-Romagna,4459477,4378425,98.18,0.76
4129,2021-07-30,EMR,39684,21310,18374,15636,23369,679,ITH,ITH5,8,Emilia-Romagna,Emilia-Romagna,4459477,4418109,99.07,0.89
4130,2021-04-21,EMR,23966,10967,12999,13864,9742,360,ITH,ITH5,8,Emilia-Romagna,Emilia-Romagna,4459477,4442075,99.61,0.54
4131,2021-05-08,EMR,32368,15107,17261,20404,11426,538,ITH,ITH5,8,Emilia-Romagna,Emilia-Romagna,4459477,4474443,100.34,0.73
4132,2021-01-28,EMR,10257,3340,6917,347,9910,0,ITH,ITH5,8,Emilia-Romagna,Emilia-Romagna,4459477,4484700,100.57,0.23
4133,2021-07-25,EMR,28350,15123,13227,10520,17392,438,ITH,ITH5,8,Emilia-Romagna,Emilia-Romagna,4459477,4513050,101.2,0.64
4134,2021-04-28,EMR,33731,15595,18136,20256,12895,580,ITH,ITH5,8,Emilia-Romagna,Emilia-Romagna,4459477,4546781,101.96,0.76
4135,2021-06-24,EMR,40351,20192,20159,20095,19553,703,ITH,ITH5,8,Emilia-Romagna,Emilia-Romagna,4459477,4587132,102.86,0.9
4136,2021-06-17,EMR,46472,23490,22982,21668,24197,607,ITH,ITH5,8,Emilia-Romagna,Emilia-Romagna,4459477,4633604,103.9,1.04
4137,2021-01-02,EMR,2378,917,1461,2378,0,0,ITH,ITH5,8,Emilia-Romagna,Emilia-Romagna,4459477,4635982,103.96,0.05
4138,2021-06-05,EMR,44273,22366,21907,36688,6910,675,ITH,ITH5,8,Emilia-Romagna,Emilia-Romagna,4459477,4680255,104.95,0.99
4139,2021-06-22,EMR,36470,18161,18309,16281,19622,567,ITH,ITH5,8,Emilia-Romagna,Emilia-Romagna,4459477,4716725,105.77,0.82
4140,2021-07-06,EMR,36787,18494,18293,12947,23189,651,ITH,ITH5,8,Emilia-Romagna,Emilia-Romagna,4459477,4753512,106.59,0.82
4141,2021-05-17,EMR,32455,15404,17051,22365,9547,543,ITH,ITH5,8,Emilia-Romagna,Emilia-Romagna,4459477,4785967,107.32,0.73
4142,2021-01-10,EMR,7170,2683,4487,7169,0,1,ITH,ITH5,8,Emilia-Romagna,Emilia-Romagna,4459477,4793137,107.48,0.16
4143,2021-06-16,EMR,45763,23392,22371,25127,19946,690,ITH,ITH5,8,Emilia-Romagna,Emilia-Romagna,4459477,4838900,108.51,1.03
4144,2021-03-08,EMR,12208,5099,7109,9466,2660,82,ITH,ITH5,8,Emilia-Romagna,Emilia-Romagna,4459477,4851108,108.78,0.27
4145,2021-04-20,EMR,22629,10407,12222,13885,8355,389,ITH,ITH5,8,Emilia-Romagna,Emilia-Romagna,4459477,4873737,109.29,0.51
4146,2021-06-23,EMR,37782,18900,18882,18287,18845,650,ITH,ITH5,8,Emilia-Romagna,Emilia-Romagna,4459477,4911519,110.14,0.85
4147,2021-01-08,EMR,10867,3580,7287,10864,0,3,ITH,ITH5,8,Emilia-Romagna,Emilia-Romagna,4459477,4922386,110.38,0.24
4148,2021-03-06,EMR,20979,5960,15019,18116,2740,123,ITH,ITH5,8,Emilia-Romagna,Emilia-Romagna,4459477,4943365,110.85,0.47
4149,2021-05-20,EMR,40350,18334,22016,18395,21441,514,ITH,ITH5,8,Emilia-Romagna,Emilia-Romagna,4459477,4983715,111.76,0.9
4150,2021-06-25,EMR,42549,21549,21000,19518,22299,732,ITH,ITH5,8,Emilia-Romagna,Emilia-Romagna,4459477,5026264,112.71,0.95
4151,2021-03-17,EMR,13724,5693,8031,5813,7852,59,ITH,ITH5,8,Emilia-Romagna,Emilia-Romagna,4459477,5039988,113.02,0.31
4152,2021-05-13,EMR,35842,16511,19331,27280,7845,717,ITH,ITH5,8,Emilia-Romagna,Emilia-Romagna,4459477,5075830,113.82,0.8
4153,2021-03-15,EMR,13450,6251,7199,6848,6500,102,ITH,ITH5,8,Emilia-Romagna,Emilia-Romagna,4459477,5089280,114.12,0.3
4154,2021-02-09,EMR,4155,1249,2906,2307,1847,1,ITH,ITH5,8,Emilia-Romagna,Emilia-Romagna,4459477,5093435,114.22,0.09
4155,2021-05-15,EMR,33281,14992,18289,22220,10424,637,ITH,ITH5,8,Emilia-Romagna,Emilia-Romagna,4459477,5126716,114.96,0.75
4156,2021-02-04,EMR,9927,3204,6723,1235,8691,1,ITH,ITH5,8,Emilia-Romagna,Emilia-Romagna,4459477,5136643,115.18,0.22
4157,2021-05-22,EMR,33117,14145,18972,16473,16188,456,ITH,ITH5,8,Emilia-Romagna,Emilia-Romagna,4459477,5169760,115.93,0.74
4158,2021-07-18,EMR,34493,17869,16624,8168,25772,553,ITH,ITH5,8,Emilia-Romagna,Emilia-Romagna,4459477,5204253,116.7,0.77
4159,2021-04-09,EMR,25791,11689,14102,19528,5756,507,ITH,ITH5,8,Emilia-Romagna,Emilia-Romagna,4459477,5230044,117.28,0.58
4160,2021-02-02,EMR,9485,3049,6436,525,8960,0,ITH,ITH5,8,Emilia-Romagna,Emilia-Romagna,4459477,5239529,117.49,0.21
4161,2021-03-24,MOL,1631,658,973,1213,402,16,ITF,ITF2,14,Molise,Molise,305617,1631,0.53,0.53
4162,2021-07-02,MOL,2641,1281,1360,125,2508,8,ITF,ITF2,14,Molise,Molise,305617,4272,1.4,0.86
4163,2021-07-04,MOL,2150,1085,1065,577,1550,23,ITF,ITF2,14,Molise,Molise,305617,6422,2.1,0.7
4164,2021-05-01,MOL,2651,1271,1380,407,2225,19,ITF,ITF2,14,Molise,Molise,305617,9073,2.97,0.87
4165,2021-03-05,MOL,1221,650,571,1002,206,13,ITF,ITF2,14,Molise,Molise,305617,10294,3.37,0.4
4166,2021-06-13,MOL,2881,1535,1346,2519,327,35,ITF,ITF2,14,Molise,Molise,305617,13175,4.31,0.94
4167,2021-04-17,MOL,3057,1503,1554,1542,1489,26,ITF,ITF2,14,Molise,Molise,305617,16232,5.31,1.0
4168,2021-06-20,MOL,422,174,248,47,371,4,ITF,ITF2,14,Molise,Molise,305617,16654,5.45,0.14
4169,2021-04-24,MOL,2553,1203,1350,696,1842,15,ITF,ITF2,14,Molise,Molise,305617,19207,6.28,0.84
4170,2021-02-26,MOL,563,260,303,489,73,1,ITF,ITF2,14,Molise,Molise,305617,19770,6.47,0.18
4171,2021-08-02,MOL,2486,1304,1182,1129,1316,41,ITF,ITF2,14,Molise,Molise,305617,22256,7.28,0.81
4172,2021-06-06,MOL,2070,1063,1007,1730,323,17,ITF,ITF2,14,Molise,Molise,305617,24326,7.96,0.68
4173,2021-02-07,MOL,66,32,34,19,47,0,ITF,ITF2,14,Molise,Molise,305617,24392,7.98,0.02
4174,2021-05-18,MOL,1658,884,774,996,656,6,ITF,ITF2,14,Molise,Molise,305617,26050,8.52,0.54
4175,2021-03-22,MOL,1149,441,708,889,244,16,ITF,ITF2,14,Molise,Molise,305617,27199,8.9,0.38
4176,2021-07-23,MOL,2907,1513,1394,870,1983,54,ITF,ITF2,14,Molise,Molise,305617,30106,9.85,0.95
4177,2021-06-27,MOL,2366,1121,1245,1128,1228,10,ITF,ITF2,14,Molise,Molise,305617,32472,10.63,0.77
4178,2021-01-07,MOL,598,209,389,598,0,0,ITF,ITF2,14,Molise,Molise,305617,33070,10.82,0.2
4179,2021-02-12,MOL,334,151,183,209,124,1,ITF,ITF2,14,Molise,Molise,305617,33404,10.93,0.11
4180,2021-02-19,MOL,170,94,76,168,2,0,ITF,ITF2,14,Molise,Molise,305617,33574,10.99,0.06
4181,2021-03-10,MOL,1739,720,1019,1668,50,21,ITF,ITF2,14,Molise,Molise,305617,35313,11.55,0.57
4182,2021-06-01,MOL,2600,1322,1278,2458,108,34,ITF,ITF2,14,Molise,Molise,305617,37913,12.41,0.85
4183,2021-07-14,MOL,3400,1663,1737,194,3190,16,ITF,ITF2,14,Molise,Molise,305617,41313,13.52,1.11
4184,2021-04-05,MOL,391,189,202,292,99,0,ITF,ITF2,14,Molise,Molise,305617,41704,13.65,0.13
4185,2021-03-29,MOL,2036,835,1201,1518,487,31,ITF,ITF2,14,Molise,Molise,305617,43740,14.31,0.67
4186,2021-01-31,MOL,268,70,198,6,262,0,ITF,ITF2,14,Molise,Molise,305617,44008,14.4,0.09
4187,2021-01-12,MOL,336,114,222,336,0,0,ITF,ITF2,14,Molise,Molise,305617,44344,14.51,0.11
4188,2021-02-24,MOL,668,280,388,325,335,8,ITF,ITF2,14,Molise,Molise,305617,45012,14.73,0.22
4189,2021-01-26,MOL,450,184,266,8,442,0,ITF,ITF2,14,Molise,Molise,305617,45462,14.88,0.15
4190,2021-05-06,MOL,2686,1215,1471,2045,602,39,ITF,ITF2,14,Molise,Molise,305617,48148,15.75,0.88
4191,2021-07-28,MOL,2422,1281,1141,1127,1264,31,ITF,ITF2,14,Molise,Molise,305617,50570,16.55,0.79
4192,2021-01-17,MOL,78,38,40,48,30,0,ITF,ITF2,14,Molise,Molise,305617,50648,16.57,0.03
4193,2021-04-10,MOL,2641,1262,1379,2453,152,36,ITF,ITF2,14,Molise,Molise,305617,53289,17.44,0.86
4194,2021-02-05,MOL,593,269,324,55,538,0,ITF,ITF2,14,Molise,Molise,305617,53882,17.63,0.19
4195,2021-01-19,MOL,174,63,111,163,11,0,ITF,ITF2,14,Molise,Molise,305617,54056,17.69,0.06
4196,2021-04-29,MOL,2241,1148,1093,877,1349,15,ITF,ITF2,14,Molise,Molise,305617,56297,18.42,0.73
4197,2021-04-12,MOL,1299,557,742,1037,251,11,ITF,ITF2,14,Molise,Molise,305617,57596,18.85,0.43
4198,2021-07-21,MOL,1958,984,974,763,1157,38,ITF,ITF2,14,Molise,Molise,305617,59554,19.49,0.64
4199,2021-05-20,MOL,2662,1371,1291,2397,186,79,ITF,ITF2,14,Molise,Molise,305617,62216,20.36,0.87
4200,2021-05-25,MOL,1964,888,1076,1299,631,34,ITF,ITF2,14,Molise,Molise,305617,64180,21.0,0.64
4201,2021-01-04,MOL,314,131,183,314,0,0,ITF,ITF2,14,Molise,Molise,305617,64494,21.1,0.1
4202,2021-04-14,MOL,1806,767,1039,1135,661,10,ITF,ITF2,14,Molise,Molise,305617,66300,21.69,0.59
4203,2021-02-16,MOL,156,70,86,149,6,1,ITF,ITF2,14,Molise,Molise,305617,66456,21.74,0.05
4204,2021-05-27,MOL,2837,1348,1489,1963,838,36,ITF,ITF2,14,Molise,Molise,305617,69293,22.67,0.93
4205,2021-03-15,MOL,833,339,494,569,245,19,ITF,ITF2,14,Molise,Molise,305617,70126,22.95,0.27
4206,2021-06-24,MOL,3330,1550,1780,434,2859,37,ITF,ITF2,14,Molise,Molise,305617,73456,24.04,1.09
4207,2021-03-02,MOL,668,384,284,504,158,6,ITF,ITF2,14,Molise,Molise,305617,74124,24.25,0.22
4208,2021-05-13,MOL,3040,1411,1629,2530,457,53,ITF,ITF2,14,Molise,Molise,305617,77164,25.25,0.99
4209,2021-08-04,MOL,1982,1019,963,764,1200,18,ITF,ITF2,14,Molise,Molise,305617,79146,25.9,0.65
4210,2021-04-28,MOL,1697,925,772,471,1219,7,ITF,ITF2,14,Molise,Molise,305617,80843,26.45,0.56
4211,2021-03-19,MOL,1184,482,702,740,427,17,ITF,ITF2,14,Molise,Molise,305617,82027,26.84,0.39
4212,2021-01-21,MOL,6,2,4,6,0,0,ITF,ITF2,14,Molise,Molise,305617,82033,26.84,0.0
4213,2021-03-03,MOL,672,316,356,586,82,4,ITF,ITF2,14,Molise,Molise,305617,82705,27.06,0.22
4214,2021-01-05,MOL,449,180,269,449,0,0,ITF,ITF2,14,Molise,Molise,305617,83154,27.21,0.15
4215,2021-07-16,MOL,3045,1546,1499,382,2635,28,ITF,ITF2,14,Molise,Molise,305617,86199,28.2,1.0
4216,2021-07-09,MOL,3437,1650,1787,166,3253,18,ITF,ITF2,14,Molise,Molise,305617,89636,29.33,1.12
4217,2021-03-17,MOL,908,385,523,517,332,59,ITF,ITF2,14,Molise,Molise,305617,90544,29.63,0.3
4218,2021-06-25,MOL,3433,1689,1744,1465,1915,53,ITF,ITF2,14,Molise,Molise,305617,93977,30.75,1.12
4219,2021-06-08,MOL,2897,1600,1297,2198,696,3,ITF,ITF2,14,Molise,Molise,305617,96874,31.7,0.95
4220,2021-03-07,MOL,1132,501,631,1127,2,3,ITF,ITF2,14,Molise,Molise,305617,98006,32.07,0.37
4221,2021-06-15,MOL,2215,1042,1173,748,1451,16,ITF,ITF2,14,Molise,Molise,305617,100221,32.79,0.72
4222,2021-06-17,MOL,2311,1019,1292,914,1370,27,ITF,ITF2,14,Molise,Molise,305617,102532,33.55,0.76
4223,2021-07-25,MOL,2004,1056,948,353,1637,14,ITF,ITF2,14,Molise,Molise,305617,104536,34.2,0.66
4224,2021-05-29,MOL,2358,1228,1130,1928,390,40,ITF,ITF2,14,Molise,Molise,305617,106894,34.98,0.77
4225,2021-02-09,MOL,360,170,190,197,163,0,ITF,ITF2,14,Molise,Molise,305617,107254,35.09,0.12
4226,2021-06-10,MOL,2572,1183,1389,1234,1301,37,ITF,ITF2,14,Molise,Molise,305617,109826,35.94,0.84
4227,2021-04-02,MOL,1457,710,747,662,778,17,ITF,ITF2,14,Molise,Molise,305617,111283,36.41,0.48
4228,2021-07-11,MOL,2455,1196,1259,179,2273,3,ITF,ITF2,14,Molise,Molise,305617,113738,37.22,0.8
4229,2021-05-08,MOL,2981,1457,1524,1700,1247,34,ITF,ITF2,14,Molise,Molise,305617,116719,38.19,0.98
4230,2021-04-21,MOL,1873,793,1080,969,897,7,ITF,ITF2,14,Molise,Molise,305617,118592,38.8,0.61
4231,2021-07-30,MOL,2660,1372,1288,1419,1187,54,ITF,ITF2,14,Molise,Molise,305617,121252,39.67,0.87
4232,2021-01-28,MOL,613,217,396,17,596,0,ITF,ITF2,14,Molise,Molise,305617,121865,39.88,0.2
4233,2021-03-12,MOL,1459,637,822,1403,36,20,ITF,ITF2,14,Molise,Molise,305617,123324,40.35,0.48
4234,2021-01-14,MOL,647,239,408,647,0,0,ITF,ITF2,14,Molise,Molise,305617,123971,40.56,0.21
4235,2021-02-21,MOL,574,227,347,572,2,0,ITF,ITF2,14,Molise,Molise,305617,124545,40.75,0.19
4236,2021-02-04,MOL,759,295,464,77,682,0,ITF,ITF2,14,Molise,Molise,305617,125304,41.0,0.25
4237,2021-05-15,MOL,2981,1399,1582,2545,385,51,ITF,ITF2,14,Molise,Molise,305617,128285,41.98,0.98
4238,2021-02-02,MOL,540,176,364,216,323,1,ITF,ITF2,14,Molise,Molise,305617,128825,42.15,0.18
4239,2021-07-06,MOL,3062,1428,1634,37,3021,4,ITF,ITF2,14,Molise,Molise,305617,131887,43.15,1.0
4240,2021-05-10,MOL,2894,1286,1608,2490,373,31,ITF,ITF2,14,Molise,Molise,305617,134781,44.1,0.95
4241,2021-06-29,MOL,2492,1160,1332,378,2088,26,ITF,ITF2,14,Molise,Molise,305617,137273,44.92,0.82
4242,2021-05-03,MOL,2489,1168,1321,2292,163,34,ITF,ITF2,14,Molise,Molise,305617,139762,45.73,0.81
4243,2021-05-17,MOL,2229,1092,1137,1706,496,27,ITF,ITF2,14,Molise,Molise,305617,141991,46.46,0.73
4244,2021-03-21,MOL,1247,543,704,477,768,2,ITF,ITF2,14,Molise,Molise,305617,143238,46.87,0.41
4245,2021-03-14,MOL,596,240,356,17,579,0,ITF,ITF2,14,Molise,Molise,305617,143834,47.06,0.2
4246,2021-06-22,MOL,2962,1369,1593,670,2275,17,ITF,ITF2,14,Molise,Molise,305617,146796,48.03,0.97
4247,2021-03-28,MOL,1628,749,879,519,1102,7,ITF,ITF2,14,Molise,Molise,305617,148424,48.57,0.53
4248,2021-01-30,MOL,461,158,303,12,449,0,ITF,ITF2,14,Molise,Molise,305617,148885,48.72,0.15
4249,2021-01-09,MOL,450,152,298,450,0,0,ITF,ITF2,14,Molise,Molise,305617,149335,48.86,0.15
4250,2021-04-19,MOL,1829,843,986,988,779,62,ITF,ITF2,14,Molise,Molise,305617,151164,49.46,0.6
4251,2021-07-13,MOL,2805,1425,1380,318,2470,17,ITF,ITF2,14,Molise,Molise,305617,153969,50.38,0.92
4252,2021-02-28,MOL,833,335,498,789,42,2,ITF,ITF2,14,Molise,Molise,305617,154802,50.65,0.27
4253,2021-02-27,MOL,1368,570,798,1344,19,5,ITF,ITF2,14,Molise,Molise,305617,156170,51.1,0.45
4254,2021-06-07,MOL,1954,859,1095,1113,819,22,ITF,ITF2,14,Molise,Molise,305617,158124,51.74,0.64
4255,2021-02-13,MOL,132,80,52,132,0,0,ITF,ITF2,14,Molise,Molise,305617,158256,51.78,0.04
4256,2021-05-24,MOL,1964,853,1111,1271,666,27,ITF,ITF2,14,Molise,Molise,305617,160220,52.43,0.64
4257,2021-05-07,MOL,2645,1229,1416,2018,599,28,ITF,ITF2,14,Molise,Molise,305617,162865,53.29,0.87
4258,2021-02-11,MOL,295,133,162,258,37,0,ITF,ITF2,14,Molise,Molise,305617,163160,53.39,0.1
4259,2021-05-22,MOL,2247,1170,1077,2146,86,15,ITF,ITF2,14,Molise,Molise,305617,165407,54.12,0.74
4260,2021-03-26,MOL,2576,1045,1531,1890,642,44,ITF,ITF2,14,Molise,Molise,305617,167983,54.97,0.84
4261,2021-08-01,MOL,954,522,432,750,174,30,ITF,ITF2,14,Molise,Molise,305617,168937,55.28,0.31
4262,2021-08-03,MOL,1838,949,889,912,899,27,ITF,ITF2,14,Molise,Molise,305617,170775,55.88,0.6
4263,2021-03-11,MOL,1465,637,828,1445,6,14,ITF,ITF2,14,Molise,Molise,305617,172240,56.36,0.48
4264,2021-01-06,MOL,690,260,430,690,0,0,ITF,ITF2,14,Molise,Molise,305617,172930,56.58,0.23
4265,2021-04-16,MOL,2432,1033,1399,1176,1234,22,ITF,ITF2,14,Molise,Molise,305617,175362,57.38,0.8
4266,2021-06-21,MOL,2906,1353,1553,1626,1234,46,ITF,ITF2,14,Molise,Molise,305617,178268,58.33,0.95
4267,2021-04-25,MOL,794,397,397,557,233,4,ITF,ITF2,14,Molise,Molise,305617,179062,58.59,0.26
4268,2021-01-13,MOL,475,161,314,475,0,0,ITF,ITF2,14,Molise,Molise,305617,179537,58.75,0.16
4269,2021-06-19,MOL,2345,1166,1179,1280,1023,42,ITF,ITF2,14,Molise,Molise,305617,181882,59.51,0.77
4270,2021-04-23,MOL,2052,882,1170,1375,661,16,ITF,ITF2,14,Molise,Molise,305617,183934,60.18,0.67
4271,2021-01-16,MOL,422,166,256,422,0,0,ITF,ITF2,14,Molise,Molise,305617,184356,60.32,0.14
4272,2021-04-26,MOL,1158,521,637,810,331,17,ITF,ITF2,14,Molise,Molise,305617,185514,60.7,0.38
4273,2021-04-09,MOL,2326,1253,1073,2107,191,28,ITF,ITF2,14,Molise,Molise,305617,187840,61.46,0.76
4274,2021-01-18,MOL,115,48,67,115,0,0,ITF,ITF2,14,Molise,Molise,305617,187955,61.5,0.04
4275,2021-04-11,MOL,1196,591,605,1167,14,15,ITF,ITF2,14,Molise,Molise,305617,189151,61.89,0.39
4276,2021-07-20,MOL,2164,1094,1070,1009,1108,47,ITF,ITF2,14,Molise,Molise,305617,191315,62.6,0.71
4277,2021-07-03,MOL,2743,1382,1361,569,2154,20,ITF,ITF2,14,Molise,Molise,305617,194058,63.5,0.9
4278,2021-07-22,MOL,2135,1056,1079,833,1247,55,ITF,ITF2,14,Molise,Molise,305617,196193,64.2,0.7
4279,2021-02-06,MOL,430,179,251,29,401,0,ITF,ITF2,14,Molise,Molise,305617,196623,64.34,0.14
4280,2021-05-26,MOL,1562,705,857,780,755,27,ITF,ITF2,14,Molise,Molise,305617,198185,64.85,0.51
4281,2021-03-30,MOL,2003,857,1146,1471,512,20,ITF,ITF2,14,Molise,Molise,305617,200188,65.5,0.66
4282,2021-02-01,MOL,562,201,361,14,548,0,ITF,ITF2,14,Molise,Molise,305617,200750,65.69,0.18
4283,2021-07-08,MOL,3427,1649,1778,107,3297,23,ITF,ITF2,14,Molise,Molise,305617,204177,66.81,1.12
4284,2021-05-12,MOL,2856,1295,1561,2694,97,65,ITF,ITF2,14,Molise,Molise,305617,207033,67.74,0.93
4285,2021-03-16,MOL,615,230,385,265,348,2,ITF,ITF2,14,Molise,Molise,305617,207648,67.94,0.2
4286,2021-01-11,MOL,557,194,363,557,0,0,ITF,ITF2,14,Molise,Molise,305617,208205,68.13,0.18
4287,2021-07-29,MOL,2435,1247,1188,1577,813,45,ITF,ITF2,14,Molise,Molise,305617,210640,68.92,0.8
4288,2021-06-04,MOL,3059,1500,1559,2575,457,27,ITF,ITF2,14,Molise,Molise,305617,213699,69.92,1.0
4289,2021-04-08,MOL,1768,905,863,1541,202,25,ITF,ITF2,14,Molise,Molise,305617,215467,70.5,0.58
4290,2021-07-17,MOL,2849,1522,1327,293,2534,22,ITF,ITF2,14,Molise,Molise,305617,218316,71.43,0.93
4291,2021-04-22,MOL,1847,864,983,1059,779,9,ITF,ITF2,14,Molise,Molise,305617,220163,72.04,0.6
4292,2021-07-31,MOL,1982,1107,875,753,1188,41,ITF,ITF2,14,Molise,Molise,305617,222145,72.69,0.65
4293,2021-02-17,MOL,72,32,40,50,15,7,ITF,ITF2,14,Molise,Molise,305617,222217,72.71,0.02
4294,2021-07-24,MOL,3128,1680,1448,728,2371,29,ITF,ITF2,14,Molise,Molise,305617,225345,73.73,1.02
4295,2021-05-28,MOL,2652,1366,1286,2039,547,66,ITF,ITF2,14,Molise,Molise,305617,227997,74.6,0.87
4296,2021-06-11,MOL,3450,1657,1793,1975,1432,43,ITF,ITF2,14,Molise,Molise,305617,231447,75.73,1.13
4297,2021-04-15,MOL,1931,794,1137,1080,846,5,ITF,ITF2,14,Molise,Molise,305617,233378,76.36,0.63
4298,2021-06-30,MOL,2966,1408,1558,872,2011,83,ITF,ITF2,14,Molise,Molise,305617,236344,77.33,0.97
4299,2021-03-13,MOL,1189,594,595,183,989,17,ITF,ITF2,14,Molise,Molise,305617,237533,77.72,0.39
4300,2021-01-15,MOL,538,242,296,538,0,0,ITF,ITF2,14,Molise,Molise,305617,238071,77.9,0.18
4301,2021-06-23,MOL,2794,1288,1506,221,2563,10,ITF,ITF2,14,Molise,Molise,305617,240865,78.81,0.91
4302,2021-03-20,MOL,2324,971,1353,993,1322,9,ITF,ITF2,14,Molise,Molise,305617,243189,79.57,0.76
4303,2021-06-28,MOL,2904,1354,1550,999,1884,21,ITF,ITF2,14,Molise,Molise,305617,246093,80.52,0.95
4304,2021-02-18,MOL,319,74,245,302,13,4,ITF,ITF2,14,Molise,Molise,305617,246412,80.63,0.1
4305,2021-03-09,MOL,1329,579,750,1149,152,28,ITF,ITF2,14,Molise,Molise,305617,247741,81.06,0.43
4306,2021-02-20,MOL,1019,442,577,999,20,0,ITF,ITF2,14,Molise,Molise,305617,248760,81.4,0.33
4307,2021-05-31,MOL,2370,1151,1219,1903,426,41,ITF,ITF2,14,Molise,Molise,305617,251130,82.17,0.78
4308,2021-05-14,MOL,2644,1215,1429,1890,718,36,ITF,ITF2,14,Molise,Molise,305617,253774,83.04,0.87
4309,2021-06-02,MOL,2810,1356,1454,2691,99,20,ITF,ITF2,14,Molise,Molise,305617,256584,83.96,0.92
4310,2021-07-19,MOL,2761,1349,1412,504,2230,27,ITF,ITF2,14,Molise,Molise,305617,259345,84.86,0.9
4311,2021-04-06,MOL,1495,702,793,1132,343,20,ITF,ITF2,14,Molise,Molise,305617,260840,85.35,0.49
4312,2021-02-08,MOL,335,141,194,216,119,0,ITF,ITF2,14,Molise,Molise,305617,261175,85.46,0.11
4313,2021-07-15,MOL,3211,1614,1597,209,2988,14,ITF,ITF2,14,Molise,Molise,305617,264386,86.51,1.05
4314,2021-05-19,MOL,2348,1207,1141,1882,429,37,ITF,ITF2,14,Molise,Molise,305617,266734,87.28,0.77
4315,2021-03-23,MOL,1643,695,948,1411,208,24,ITF,ITF2,14,Molise,Molise,305617,268377,87.81,0.54
4316,2021-07-01,MOL,2662,1295,1367,270,2377,15,ITF,ITF2,14,Molise,Molise,305617,271039,88.69,0.87
4317,2021-01-25,MOL,319,130,189,3,316,0,ITF,ITF2,14,Molise,Molise,305617,271358,88.79,0.1
4318,2021-05-05,MOL,2420,1043,1377,2252,143,25,ITF,ITF2,14,Molise,Molise,305617,273778,89.58,0.79
4319,2021-05-04,MOL,2706,1181,1525,2544,128,34,ITF,ITF2,14,Molise,Molise,305617,276484,90.47,0.89
4320,2021-01-10,MOL,270,72,198,270,0,0,ITF,ITF2,14,Molise,Molise,305617,276754,90.56,0.09
4321,2021-04-20,MOL,2323,1029,1294,1213,1101,9,ITF,ITF2,14,Molise,Molise,305617,279077,91.32,0.76
4322,2021-06-09,MOL,1779,893,886,823,928,28,ITF,ITF2,14,Molise,Molise,305617,280856,91.9,0.58
4323,2021-05-23,MOL,1783,896,887,1742,9,32,ITF,ITF2,14,Molise,Molise,305617,282639,92.48,0.58
4324,2021-03-25,MOL,1806,730,1076,1284,497,25,ITF,ITF2,14,Molise,Molise,305617,284445,93.07,0.59
4325,2021-03-08,MOL,1381,523,858,1204,140,37,ITF,ITF2,14,Molise,Molise,305617,285826,93.52,0.45
4326,2021-06-16,MOL,2037,1023,1014,1140,883,14,ITF,ITF2,14,Molise,Molise,305617,287863,94.19,0.67
4327,2021-04-13,MOL,1632,718,914,1037,587,8,ITF,ITF2,14,Molise,Molise,305617,289495,94.72,0.53
4328,2021-03-27,MOL,2744,1273,1471,1295,1433,16,ITF,ITF2,14,Molise,Molise,305617,292239,95.62,0.9
4329,2021-07-05,MOL,2739,1282,1457,39,2698,2,ITF,ITF2,14,Molise,Molise,305617,294978,96.52,0.9
4330,2021-06-18,MOL,2768,1249,1519,1283,1458,27,ITF,ITF2,14,Molise,Molise,305617,297746,97.42,0.91
4331,2021-04-18,MOL,1084,484,600,143,935,6,ITF,ITF2,14,Molise,Molise,305617,298830,97.78,0.35
4332,2021-07-27,MOL,1919,1060,859,1310,549,60,ITF,ITF2,14,Molise,Molise,305617,300749,98.41,0.63
4333,2021-07-10,MOL,3721,1781,1940,321,3386,14,ITF,ITF2,14,Molise,Molise,305617,304470,99.62,1.22
4334,2021-04-04,MOL,253,141,112,232,15,6,ITF,ITF2,14,Molise,Molise,305617,304723,99.71,0.08
4335,2021-03-18,MOL,1157,476,681,633,465,59,ITF,ITF2,14,Molise,Molise,305617,305880,100.09,0.38
4336,2021-06-26,MOL,3121,1530,1591,524,2582,15,ITF,ITF2,14,Molise,Molise,305617,309001,101.11,1.02
4337,2021-05-30,MOL,1865,930,935,1552,285,28,ITF,ITF2,14,Molise,Molise,305617,310866,101.72,0.61
4338,2021-03-01,MOL,662,274,388,430,215,17,ITF,ITF2,14,Molise,Molise,305617,311528,101.93,0.22
4339,2021-04-03,MOL,1774,852,922,1718,35,21,ITF,ITF2,14,Molise,Molise,305617,313302,102.51,0.58
4340,2021-07-12,MOL,2671,1318,1353,353,2297,21,ITF,ITF2,14,Molise,Molise,305617,315973,103.39,0.87
4341,2021-02-03,MOL,737,252,485,343,394,0,ITF,ITF2,14,Molise,Molise,305617,316710,103.63,0.24
4342,2021-04-27,MOL,1598,770,828,444,1131,23,ITF,ITF2,14,Molise,Molise,305617,318308,104.15,0.52
4343,2021-08-05,MOL,1514,760,754,977,507,30,ITF,ITF2,14,Molise,Molise,305617,319822,104.65,0.5
4344,2021-05-16,MOL,1249,572,677,1047,182,20,ITF,ITF2,14,Molise,Molise,305617,321071,105.06,0.41
4345,2021-02-10,MOL,151,79,72,131,20,0,ITF,ITF2,14,Molise,Molise,305617,321222,105.11,0.05
4346,2021-05-21,MOL,2176,1090,1086,1774,323,79,ITF,ITF2,14,Molise,Molise,305617,323398,105.82,0.71
4347,2021-01-27,MOL,675,251,424,8,667,0,ITF,ITF2,14,Molise,Molise,305617,324073,106.04,0.22
4348,2021-01-08,MOL,431,142,289,431,0,0,ITF,ITF2,14,Molise,Molise,305617,324504,106.18,0.14
4349,2021-07-26,MOL,2422,1249,1173,1249,1113,60,ITF,ITF2,14,Molise,Molise,305617,326926,106.97,0.79
4350,2021-02-15,MOL,144,70,74,141,3,0,ITF,ITF2,14,Molise,Molise,305617,327070,107.02,0.05
4351,2021-02-22,MOL,265,129,136,248,15,2,ITF,ITF2,14,Molise,Molise,305617,327335,107.11,0.09
4352,2020-12-27,MOL,50,20,30,50,0,0,ITF,ITF2,14,Molise,Molise,305617,327385,107.12,0.02
4353,2021-04-01,MOL,1470,667,803,730,726,14,ITF,ITF2,14,Molise,Molise,305617,328855,107.6,0.48
4354,2021-03-31,MOL,2194,919,1275,1307,820,67,ITF,ITF2,14,Molise,Molise,305617,331049,108.32,0.72
4355,2021-02-23,MOL,585,223,362,362,221,2,ITF,ITF2,14,Molise,Molise,305617,331634,108.51,0.19
4356,2021-06-03,MOL,3297,1569,1728,2708,557,32,ITF,ITF2,14,Molise,Molise,305617,334931,109.59,1.08
4357,2021-04-07,MOL,1689,848,841,1369,275,45,ITF,ITF2,14,Molise,Molise,305617,336620,110.14,0.55
4358,2021-06-05,MOL,2997,1519,1478,2802,167,28,ITF,ITF2,14,Molise,Molise,305617,339617,111.13,0.98
4359,2021-07-18,MOL,1745,876,869,125,1611,9,ITF,ITF2,14,Molise,Molise,305617,341362,111.7,0.57
4360,2021-03-04,MOL,851,417,434,514,325,12,ITF,ITF2,14,Molise,Molise,305617,342213,111.97,0.28
4361,2021-06-12,MOL,3457,1784,1673,3281,124,52,ITF,ITF2,14,Molise,Molise,305617,345670,113.11,1.13
4362,2021-06-14,MOL,1635,812,823,542,1076,17,ITF,ITF2,14,Molise,Molise,305617,347305,113.64,0.53
4363,2021-01-20,MOL,18,8,10,18,0,0,ITF,ITF2,14,Molise,Molise,305617,347323,113.65,0.01
4364,2021-04-30,MOL,2942,1559,1383,819,2110,13,ITF,ITF2,14,Molise,Molise,305617,350265,114.61,0.96
4365,2021-02-25,MOL,542,239,303,471,68,3,ITF,ITF2,14,Molise,Molise,305617,350807,114.79,0.18
4366,2021-01-29,MOL,423,137,286,6,417,0,ITF,ITF2,14,Molise,Molise,305617,351230,114.92,0.14
4367,2021-05-09,MOL,2057,935,1122,1926,97,34,ITF,ITF2,14,Molise,Molise,305617,353287,115.6,0.67
4368,2021-07-07,MOL,2959,1368,1591,57,2898,4,ITF,ITF2,14,Molise,Molise,305617,356246,116.57,0.97
4369,2021-05-11,MOL,3213,1417,1796,2911,252,50,ITF,ITF2,14,Molise,Molise,305617,359459,117.62,1.05
4370,2021-01-22,MOL,128,36,92,128,0,0,ITF,ITF2,14,Molise,Molise,305617,359587,117.66,0.04
4371,2021-05-02,MOL,1895,933,962,578,1306,11,ITF,ITF2,14,Molise,Molise,305617,361482,118.28,0.62
4372,2021-03-06,MOL,1728,807,921,1559,159,10,ITF,ITF2,14,Molise,Molise,305617,363210,118.84,0.57
4373,2021-07-26,BAS,5414,2720,2694,1989,3387,38,ITF,ITF5,17,Basilicata,Basilicata,559084,5414,0.97,0.97
4374,2021-01-22,BAS,67,24,43,67,0,0,ITF,ITF5,17,Basilicata,Basilicata,559084,5481,0.98,0.01
4375,2021-07-24,BAS,5723,2927,2796,1753,3920,50,ITF,ITF5,17,Basilicata,Basilicata,559084,11204,2.0,1.02
4376,2021-05-02,BAS,4181,2001,2180,3491,629,61,ITF,ITF5,17,Basilicata,Basilicata,559084,15385,2.75,0.75
4377,2021-03-25,BAS,1884,603,1281,1517,345,22,ITF,ITF5,17,Basilicata,Basilicata,559084,17269,3.09,0.34
4378,2021-01-27,BAS,419,177,242,113,306,0,ITF,ITF5,17,Basilicata,Basilicata,559084,17688,3.16,0.07
4379,2021-02-10,BAS,551,240,311,496,53,2,ITF,ITF5,17,Basilicata,Basilicata,559084,18239,3.26,0.1
4380,2021-05-21,BAS,4578,2322,2256,1480,3086,12,ITF,ITF5,17,Basilicata,Basilicata,559084,22817,4.08,0.82
4381,2021-04-01,BAS,2724,1115,1609,1970,726,28,ITF,ITF5,17,Basilicata,Basilicata,559084,25541,4.57,0.49
4382,2021-05-04,BAS,4139,1993,2146,3567,523,49,ITF,ITF5,17,Basilicata,Basilicata,559084,29680,5.31,0.74
4383,2021-03-08,BAS,1468,719,749,820,618,30,ITF,ITF5,17,Basilicata,Basilicata,559084,31148,5.57,0.26
4384,2021-06-16,BAS,4606,2086,2520,2127,2459,20,ITF,ITF5,17,Basilicata,Basilicata,559084,35754,6.4,0.82
4385,2021-04-08,BAS,782,359,423,756,10,16,ITF,ITF5,17,Basilicata,Basilicata,559084,36536,6.53,0.14
4386,2021-04-22,BAS,5049,2351,2698,3381,1613,55,ITF,ITF5,17,Basilicata,Basilicata,559084,41585,7.44,0.9
4387,2021-07-31,BAS,5464,2876,2588,1827,3583,54,ITF,ITF5,17,Basilicata,Basilicata,559084,47049,8.42,0.98
4388,2021-07-17,BAS,5855,2914,2941,1709,4107,39,ITF,ITF5,17,Basilicata,Basilicata,559084,52904,9.46,1.05
4389,2021-06-30,BAS,3474,1679,1795,2335,1111,28,ITF,ITF5,17,Basilicata,Basilicata,559084,56378,10.08,0.62
4390,2021-06-04,BAS,4832,2288,2544,3749,1046,37,ITF,ITF5,17,Basilicata,Basilicata,559084,61210,10.95,0.86
4391,2021-02-24,BAS,1808,743,1065,1723,74,11,ITF,ITF5,17,Basilicata,Basilicata,559084,63018,11.27,0.32
4392,2021-02-22,BAS,1792,774,1018,1731,53,8,ITF,ITF5,17,Basilicata,Basilicata,559084,64810,11.59,0.32
4393,2021-01-10,BAS,77,24,53,77,0,0,ITF,ITF5,17,Basilicata,Basilicata,559084,64887,11.61,0.01
4394,2021-04-20,BAS,4120,1965,2155,2182,1913,25,ITF,ITF5,17,Basilicata,Basilicata,559084,69007,12.34,0.74
4395,2021-01-08,BAS,555,219,336,555,0,0,ITF,ITF5,17,Basilicata,Basilicata,559084,69562,12.44,0.1
4396,2021-03-15,BAS,2365,989,1376,508,1841,16,ITF,ITF5,17,Basilicata,Basilicata,559084,71927,12.87,0.42
4397,2021-05-30,BAS,2778,1421,1357,920,1853,5,ITF,ITF5,17,Basilicata,Basilicata,559084,74705,13.36,0.5
4398,2021-04-03,BAS,1813,754,1059,1465,336,12,ITF,ITF5,17,Basilicata,Basilicata,559084,76518,13.69,0.32
4399,2021-02-05,BAS,994,447,547,63,930,1,ITF,ITF5,17,Basilicata,Basilicata,559084,77512,13.86,0.18
4400,2021-07-12,BAS,5442,2593,2849,1606,3810,26,ITF,ITF5,17,Basilicata,Basilicata,559084,82954,14.84,0.97
4401,2021-01-15,BAS,819,353,466,819,0,0,ITF,ITF5,17,Basilicata,Basilicata,559084,83773,14.98,0.15
4402,2020-12-27,BAS,106,41,65,106,0,0,ITF,ITF5,17,Basilicata,Basilicata,559084,83879,15.0,0.02
4403,2021-03-20,BAS,1297,575,722,276,1014,7,ITF,ITF5,17,Basilicata,Basilicata,559084,85176,15.23,0.23
4404,2021-06-28,BAS,3642,1747,1895,2115,1509,18,ITF,ITF5,17,Basilicata,Basilicata,559084,88818,15.89,0.65
4405,2021-03-06,BAS,1371,541,830,752,606,13,ITF,ITF5,17,Basilicata,Basilicata,559084,90189,16.13,0.25
4406,2021-04-15,BAS,3428,1678,1750,2589,796,43,ITF,ITF5,17,Basilicata,Basilicata,559084,93617,16.74,0.61
4407,2021-07-07,BAS,5205,2472,2733,2022,3171,12,ITF,ITF5,17,Basilicata,Basilicata,559084,98822,17.68,0.93
4408,2021-01-03,BAS,904,345,559,904,0,0,ITF,ITF5,17,Basilicata,Basilicata,559084,99726,17.84,0.16
4409,2021-06-09,BAS,4424,2072,2352,3967,424,33,ITF,ITF5,17,Basilicata,Basilicata,559084,104150,18.63,0.79
4410,2021-04-13,BAS,2118,1053,1065,1283,818,17,ITF,ITF5,17,Basilicata,Basilicata,559084,106268,19.01,0.38
4411,2021-03-01,BAS,552,286,266,383,169,0,ITF,ITF5,17,Basilicata,Basilicata,559084,106820,19.11,0.1
4412,2021-06-18,BAS,4464,2065,2399,2179,2259,26,ITF,ITF5,17,Basilicata,Basilicata,559084,111284,19.9,0.8
4413,2021-01-24,BAS,858,313,545,58,799,1,ITF,ITF5,17,Basilicata,Basilicata,559084,112142,20.06,0.15
4414,2021-02-17,BAS,1137,493,644,1058,77,2,ITF,ITF5,17,Basilicata,Basilicata,559084,113279,20.26,0.2
4415,2021-05-28,BAS,3615,1810,1805,919,2663,33,ITF,ITF5,17,Basilicata,Basilicata,559084,116894,20.91,0.65
4416,2021-06-11,BAS,4236,1982,2254,3167,1028,41,ITF,ITF5,17,Basilicata,Basilicata,559084,121130,21.67,0.76
4417,2021-05-11,BAS,2654,1353,1301,1597,1033,24,ITF,ITF5,17,Basilicata,Basilicata,559084,123784,22.14,0.47
4418,2021-07-14,BAS,5641,2719,2922,1627,3989,25,ITF,ITF5,17,Basilicata,Basilicata,559084,129425,23.15,1.01
4419,2021-06-23,BAS,3241,1522,1719,2333,876,32,ITF,ITF5,17,Basilicata,Basilicata,559084,132666,23.73,0.58
4420,2021-03-13,BAS,1803,892,911,735,1048,20,ITF,ITF5,17,Basilicata,Basilicata,559084,134469,24.05,0.32
4421,2021-02-07,BAS,381,161,220,49,332,0,ITF,ITF5,17,Basilicata,Basilicata,559084,134850,24.12,0.07
4422,2021-05-18,BAS,5897,2857,3040,3385,2492,20,ITF,ITF5,17,Basilicata,Basilicata,559084,140747,25.17,1.05
4423,2021-07-23,BAS,5549,2781,2768,1888,3616,45,ITF,ITF5,17,Basilicata,Basilicata,559084,146296,26.17,0.99
4424,2021-05-01,BAS,4707,2139,2568,3887,753,67,ITF,ITF5,17,Basilicata,Basilicata,559084,151003,27.01,0.84
4425,2021-02-03,BAS,673,304,369,32,641,0,ITF,ITF5,17,Basilicata,Basilicata,559084,151676,27.13,0.12
4426,2021-06-01,BAS,6136,2926,3210,3033,3076,27,ITF,ITF5,17,Basilicata,Basilicata,559084,157812,28.23,1.1
4427,2021-05-16,BAS,4973,2468,2505,2812,2113,48,ITF,ITF5,17,Basilicata,Basilicata,559084,162785,29.12,0.89
4428,2021-07-19,BAS,5924,2888,3036,1997,3886,41,ITF,ITF5,17,Basilicata,Basilicata,559084,168709,30.18,1.06
4429,2021-05-23,BAS,4518,2302,2216,1527,2984,7,ITF,ITF5,17,Basilicata,Basilicata,559084,173227,30.98,0.81
4430,2021-03-27,BAS,2256,866,1390,1809,433,14,ITF,ITF5,17,Basilicata,Basilicata,559084,175483,31.39,0.4
4431,2021-01-17,BAS,329,133,196,328,1,0,ITF,ITF5,17,Basilicata,Basilicata,559084,175812,31.45,0.06
4432,2021-04-27,BAS,4730,2243,2487,4351,327,52,ITF,ITF5,17,Basilicata,Basilicata,559084,180542,32.29,0.85
4433,2021-08-05,BAS,4557,2320,2237,1287,3231,39,ITF,ITF5,17,Basilicata,Basilicata,559084,185099,33.11,0.82
4434,2021-05-09,BAS,4683,2339,2344,2940,1694,49,ITF,ITF5,17,Basilicata,Basilicata,559084,189782,33.95,0.84
4435,2021-02-15,BAS,626,235,391,568,43,15,ITF,ITF5,17,Basilicata,Basilicata,559084,190408,34.06,0.11
4436,2021-01-29,BAS,617,231,386,63,554,0,ITF,ITF5,17,Basilicata,Basilicata,559084,191025,34.17,0.11
4437,2021-03-05,BAS,1864,861,1003,1097,754,13,ITF,ITF5,17,Basilicata,Basilicata,559084,192889,34.5,0.33
4438,2021-06-13,BAS,3014,1440,1574,2678,308,28,ITF,ITF5,17,Basilicata,Basilicata,559084,195903,35.04,0.54
4439,2021-07-09,BAS,5340,2610,2730,1698,3633,9,ITF,ITF5,17,Basilicata,Basilicata,559084,201243,36.0,0.96
4440,2021-04-17,BAS,3461,1655,1806,2171,1262,28,ITF,ITF5,17,Basilicata,Basilicata,559084,204704,36.61,0.62
4441,2021-03-29,BAS,2472,892,1580,2133,288,51,ITF,ITF5,17,Basilicata,Basilicata,559084,207176,37.06,0.44
4442,2021-01-05,BAS,950,410,540,950,0,0,ITF,ITF5,17,Basilicata,Basilicata,559084,208126,37.23,0.17
4443,2021-06-20,BAS,4012,1884,2128,1942,2036,34,ITF,ITF5,17,Basilicata,Basilicata,559084,212138,37.94,0.72
4444,2021-05-13,BAS,5984,2967,3017,3299,2595,90,ITF,ITF5,17,Basilicata,Basilicata,559084,218122,39.01,1.07
4445,2021-05-08,BAS,4842,2404,2438,3387,1411,44,ITF,ITF5,17,Basilicata,Basilicata,559084,222964,39.88,0.87
4446,2021-04-05,BAS,725,234,491,412,303,10,ITF,ITF5,17,Basilicata,Basilicata,559084,223689,40.01,0.13
4447,2021-03-22,BAS,1194,538,656,637,549,8,ITF,ITF5,17,Basilicata,Basilicata,559084,224883,40.22,0.21
4448,2021-03-03,BAS,1750,820,930,1167,561,22,ITF,ITF5,17,Basilicata,Basilicata,559084,226633,40.54,0.31
4449,2021-05-25,BAS,4199,2114,2085,867,3322,10,ITF,ITF5,17,Basilicata,Basilicata,559084,230832,41.29,0.75
4450,2021-02-14,BAS,151,48,103,105,0,46,ITF,ITF5,17,Basilicata,Basilicata,559084,230983,41.31,0.03
4451,2021-08-04,BAS,4510,2236,2274,1429,3040,41,ITF,ITF5,17,Basilicata,Basilicata,559084,235493,42.12,0.81
4452,2021-06-08,BAS,4585,2194,2391,4190,357,38,ITF,ITF5,17,Basilicata,Basilicata,559084,240078,42.94,0.82
4453,2021-04-12,BAS,2172,1051,1121,1653,490,29,ITF,ITF5,17,Basilicata,Basilicata,559084,242250,43.33,0.39
4454,2021-07-21,BAS,5845,2942,2903,1611,4201,33,ITF,ITF5,17,Basilicata,Basilicata,559084,248095,44.38,1.05
4455,2021-04-19,BAS,4169,1913,2256,2397,1641,131,ITF,ITF5,17,Basilicata,Basilicata,559084,252264,45.12,0.75
4456,2021-02-26,BAS,2152,904,1248,2065,81,6,ITF,ITF5,17,Basilicata,Basilicata,559084,254416,45.51,0.38
4457,2021-07-05,BAS,3270,1615,1655,2215,1022,33,ITF,ITF5,17,Basilicata,Basilicata,559084,257686,46.09,0.58
4458,2021-01-07,BAS,642,320,322,642,0,0,ITF,ITF5,17,Basilicata,Basilicata,559084,258328,46.21,0.11
4459,2021-02-19,BAS,1624,739,885,1557,62,5,ITF,ITF5,17,Basilicata,Basilicata,559084,259952,46.5,0.29
4460,2021-02-12,BAS,781,333,448,748,32,1,ITF,ITF5,17,Basilicata,Basilicata,559084,260733,46.64,0.14
4461,2021-04-10,BAS,1035,379,656,924,85,26,ITF,ITF5,17,Basilicata,Basilicata,559084,261768,46.82,0.19
4462,2021-06-24,BAS,4093,1940,2153,2153,1903,37,ITF,ITF5,17,Basilicata,Basilicata,559084,265861,47.55,0.73
4463,2021-04-28,BAS,4708,2159,2549,4207,441,60,ITF,ITF5,17,Basilicata,Basilicata,559084,270569,48.4,0.84
4464,2021-03-02,BAS,802,387,415,659,138,5,ITF,ITF5,17,Basilicata,Basilicata,559084,271371,48.54,0.14
4465,2021-06-10,BAS,4345,2101,2244,3867,441,37,ITF,ITF5,17,Basilicata,Basilicata,559084,275716,49.32,0.78
4466,2021-05-27,BAS,3613,1860,1753,1069,2530,14,ITF,ITF5,17,Basilicata,Basilicata,559084,279329,49.96,0.65
4467,2021-04-24,BAS,4551,2202,2349,3477,1019,55,ITF,ITF5,17,Basilicata,Basilicata,559084,283880,50.78,0.81
4468,2021-08-02,BAS,4608,2333,2275,1779,2789,40,ITF,ITF5,17,Basilicata,Basilicata,559084,288488,51.6,0.82
4469,2021-07-16,BAS,5933,2900,3033,1803,4096,34,ITF,ITF5,17,Basilicata,Basilicata,559084,294421,52.66,1.06
4470,2021-03-19,BAS,2299,996,1303,259,2033,7,ITF,ITF5,17,Basilicata,Basilicata,559084,296720,53.07,0.41
4471,2021-02-16,BAS,907,377,530,790,98,19,ITF,ITF5,17,Basilicata,Basilicata,559084,297627,53.23,0.16
4472,2021-01-31,BAS,77,24,53,0,77,0,ITF,ITF5,17,Basilicata,Basilicata,559084,297704,53.25,0.01
4473,2021-01-12,BAS,217,88,129,217,0,0,ITF,ITF5,17,Basilicata,Basilicata,559084,297921,53.29,0.04
4474,2021-05-10,BAS,4805,2383,2422,2719,2042,44,ITF,ITF5,17,Basilicata,Basilicata,559084,302726,54.15,0.86
4475,2021-03-14,BAS,1010,477,533,529,469,12,ITF,ITF5,17,Basilicata,Basilicata,559084,303736,54.33,0.18
4476,2021-03-10,BAS,1685,845,840,835,839,11,ITF,ITF5,17,Basilicata,Basilicata,559084,305421,54.63,0.3
4477,2021-01-26,BAS,810,357,453,101,709,0,ITF,ITF5,17,Basilicata,Basilicata,559084,306231,54.77,0.14
4478,2021-05-06,BAS,5068,2440,2628,3432,1585,51,ITF,ITF5,17,Basilicata,Basilicata,559084,311299,55.68,0.91
4479,2021-05-15,BAS,6531,3343,3188,3874,2574,83,ITF,ITF5,17,Basilicata,Basilicata,559084,317830,56.85,1.17
4480,2021-04-02,BAS,2343,1057,1286,1714,605,24,ITF,ITF5,17,Basilicata,Basilicata,559084,320173,57.27,0.42
4481,2021-02-04,BAS,1104,445,659,64,1040,0,ITF,ITF5,17,Basilicata,Basilicata,559084,321277,57.46,0.2
4482,2021-07-11,BAS,5032,2405,2627,1510,3497,25,ITF,ITF5,17,Basilicata,Basilicata,559084,326309,58.36,0.9
4483,2021-02-02,BAS,368,144,224,174,193,1,ITF,ITF5,17,Basilicata,Basilicata,559084,326677,58.43,0.07
4484,2021-04-09,BAS,1152,350,802,1064,63,25,ITF,ITF5,17,Basilicata,Basilicata,559084,327829,58.64,0.21
4485,2021-07-13,BAS,5855,2825,3030,1773,4035,47,ITF,ITF5,17,Basilicata,Basilicata,559084,333684,59.68,1.05
4486,2021-05-20,BAS,5882,2979,2903,2884,2970,28,ITF,ITF5,17,Basilicata,Basilicata,559084,339566,60.74,1.05
4487,2021-06-06,BAS,4512,2074,2438,3695,779,38,ITF,ITF5,17,Basilicata,Basilicata,559084,344078,61.54,0.81
4488,2021-04-14,BAS,2044,1001,1043,1353,675,16,ITF,ITF5,17,Basilicata,Basilicata,559084,346122,61.91,0.37
4489,2021-01-21,BAS,31,10,21,30,1,0,ITF,ITF5,17,Basilicata,Basilicata,559084,346153,61.91,0.01
4490,2021-01-04,BAS,611,273,338,611,0,0,ITF,ITF5,17,Basilicata,Basilicata,559084,346764,62.02,0.11
4491,2021-07-06,BAS,4071,1943,2128,2033,2003,35,ITF,ITF5,17,Basilicata,Basilicata,559084,350835,62.75,0.73
4492,2021-07-30,BAS,4767,2437,2330,1915,2803,49,ITF,ITF5,17,Basilicata,Basilicata,559084,355602,63.6,0.85
4493,2021-06-17,BAS,4440,2044,2396,2086,2330,24,ITF,ITF5,17,Basilicata,Basilicata,559084,360042,64.4,0.79
4494,2021-04-21,BAS,3945,1842,2103,2245,1670,30,ITF,ITF5,17,Basilicata,Basilicata,559084,363987,65.1,0.71
4495,2021-07-28,BAS,5038,2578,2460,1932,3047,59,ITF,ITF5,17,Basilicata,Basilicata,559084,369025,66.01,0.9
4496,2021-06-15,BAS,3221,1416,1805,2226,975,20,ITF,ITF5,17,Basilicata,Basilicata,559084,372246,66.58,0.58
4497,2021-02-28,BAS,812,347,465,771,37,4,ITF,ITF5,17,Basilicata,Basilicata,559084,373058,66.73,0.15
4498,2021-01-02,BAS,950,381,569,949,0,1,ITF,ITF5,17,Basilicata,Basilicata,559084,374008,66.9,0.17
4499,2021-01-16,BAS,723,305,418,723,0,0,ITF,ITF5,17,Basilicata,Basilicata,559084,374731,67.03,0.13
4500,2021-04-26,BAS,4467,2166,2301,4198,221,48,ITF,ITF5,17,Basilicata,Basilicata,559084,379198,67.82,0.8
4501,2021-07-18,BAS,4385,2161,2224,1576,2783,26,ITF,ITF5,17,Basilicata,Basilicata,559084,383583,68.61,0.78
4502,2021-08-01,BAS,4207,2113,2094,1634,2535,38,ITF,ITF5,17,Basilicata,Basilicata,559084,387790,69.36,0.75
4503,2021-06-29,BAS,3856,1882,1974,2787,1041,28,ITF,ITF5,17,Basilicata,Basilicata,559084,391646,70.05,0.69
4504,2021-01-18,BAS,463,157,306,364,99,0,ITF,ITF5,17,Basilicata,Basilicata,559084,392109,70.13,0.08
4505,2021-03-16,BAS,1914,806,1108,226,1685,3,ITF,ITF5,17,Basilicata,Basilicata,559084,394023,70.48,0.34
4506,2021-05-05,BAS,4339,2050,2289,3380,890,69,ITF,ITF5,17,Basilicata,Basilicata,559084,398362,71.25,0.78
4507,2021-03-09,BAS,1408,719,689,779,611,18,ITF,ITF5,17,Basilicata,Basilicata,559084,399770,71.5,0.25
4508,2021-01-25,BAS,1035,433,602,73,961,1,ITF,ITF5,17,Basilicata,Basilicata,559084,400805,71.69,0.19
4509,2021-01-11,BAS,183,66,117,183,0,0,ITF,ITF5,17,Basilicata,Basilicata,559084,400988,71.72,0.03
4510,2021-02-27,BAS,1995,862,1133,1814,164,17,ITF,ITF5,17,Basilicata,Basilicata,559084,402983,72.08,0.36
4511,2021-07-20,BAS,5695,2795,2900,1688,3967,40,ITF,ITF5,17,Basilicata,Basilicata,559084,408678,73.1,1.02
4512,2021-06-07,BAS,4237,1920,2317,3884,315,38,ITF,ITF5,17,Basilicata,Basilicata,559084,412915,73.86,0.76
4513,2021-04-11,BAS,961,389,572,761,171,29,ITF,ITF5,17,Basilicata,Basilicata,559084,413876,74.03,0.17
4514,2021-04-04,BAS,611,226,385,190,415,6,ITF,ITF5,17,Basilicata,Basilicata,559084,414487,74.14,0.11
4515,2021-07-22,BAS,5797,2889,2908,1786,3950,61,ITF,ITF5,17,Basilicata,Basilicata,559084,420284,75.17,1.04
4516,2021-01-23,BAS,743,315,428,33,710,0,ITF,ITF5,17,Basilicata,Basilicata,559084,421027,75.31,0.13
4517,2021-05-03,BAS,4511,2043,2468,3621,827,63,ITF,ITF5,17,Basilicata,Basilicata,559084,425538,76.11,0.81
4518,2021-02-09,BAS,493,214,279,317,176,0,ITF,ITF5,17,Basilicata,Basilicata,559084,426031,76.2,0.09
4519,2021-07-25,BAS,4448,2229,2219,1576,2848,24,ITF,ITF5,17,Basilicata,Basilicata,559084,430479,77.0,0.8
4520,2021-03-31,BAS,3108,1265,1843,2295,783,30,ITF,ITF5,17,Basilicata,Basilicata,559084,433587,77.55,0.56
4521,2021-06-22,BAS,4355,2061,2294,2223,2100,32,ITF,ITF5,17,Basilicata,Basilicata,559084,437942,78.33,0.78
4522,2021-06-05,BAS,4800,2210,2590,3824,941,35,ITF,ITF5,17,Basilicata,Basilicata,559084,442742,79.19,0.86
4523,2021-02-23,BAS,1904,772,1132,1747,139,18,ITF,ITF5,17,Basilicata,Basilicata,559084,444646,79.53,0.34
4524,2021-06-03,BAS,4922,2259,2663,3704,1180,38,ITF,ITF5,17,Basilicata,Basilicata,559084,449568,80.41,0.88
4525,2021-03-12,BAS,1915,985,930,784,1104,27,ITF,ITF5,17,Basilicata,Basilicata,559084,451483,80.75,0.34
4526,2021-05-17,BAS,5548,2735,2813,3363,2136,49,ITF,ITF5,17,Basilicata,Basilicata,559084,457031,81.75,0.99
4527,2021-02-08,BAS,562,193,369,152,410,0,ITF,ITF5,17,Basilicata,Basilicata,559084,457593,81.85,0.1
4528,2021-05-19,BAS,2872,1499,1373,1183,1676,13,ITF,ITF5,17,Basilicata,Basilicata,559084,460465,82.36,0.51
4529,2021-02-25,BAS,1790,738,1052,1733,46,11,ITF,ITF5,17,Basilicata,Basilicata,559084,462255,82.68,0.32
4530,2021-02-21,BAS,284,113,171,284,0,0,ITF,ITF5,17,Basilicata,Basilicata,559084,462539,82.73,0.05
4531,2021-03-07,BAS,894,312,582,845,39,10,ITF,ITF5,17,Basilicata,Basilicata,559084,463433,82.89,0.16
4532,2021-01-09,BAS,560,161,399,560,0,0,ITF,ITF5,17,Basilicata,Basilicata,559084,463993,82.99,0.1
4533,2021-03-21,BAS,1172,544,628,470,699,3,ITF,ITF5,17,Basilicata,Basilicata,559084,465165,83.2,0.21
4534,2021-05-29,BAS,3057,1532,1525,824,2224,9,ITF,ITF5,17,Basilicata,Basilicata,559084,468222,83.75,0.55
4535,2021-01-13,BAS,916,387,529,916,0,0,ITF,ITF5,17,Basilicata,Basilicata,559084,469138,83.91,0.16
4536,2021-04-23,BAS,4548,2189,2359,3480,1008,60,ITF,ITF5,17,Basilicata,Basilicata,559084,473686,84.73,0.81
4537,2021-01-30,BAS,712,230,482,129,583,0,ITF,ITF5,17,Basilicata,Basilicata,559084,474398,84.85,0.13
4538,2021-06-21,BAS,4257,2045,2212,2145,2093,19,ITF,ITF5,17,Basilicata,Basilicata,559084,478655,85.61,0.76
4539,2021-06-19,BAS,4466,2178,2288,2370,2074,22,ITF,ITF5,17,Basilicata,Basilicata,559084,483121,86.41,0.8
4540,2021-03-28,BAS,2144,743,1401,2110,17,17,ITF,ITF5,17,Basilicata,Basilicata,559084,485265,86.8,0.38
4541,2021-03-11,BAS,1797,930,867,818,961,18,ITF,ITF5,17,Basilicata,Basilicata,559084,487062,87.12,0.32
4542,2021-01-28,BAS,915,406,509,119,796,0,ITF,ITF5,17,Basilicata,Basilicata,559084,487977,87.28,0.16
4543,2021-01-14,BAS,970,413,557,970,0,0,ITF,ITF5,17,Basilicata,Basilicata,559084,488947,87.46,0.17
4544,2021-04-07,BAS,1211,551,660,1155,36,20,ITF,ITF5,17,Basilicata,Basilicata,559084,490158,87.67,0.22
4545,2021-04-25,BAS,2989,1458,1531,2905,52,32,ITF,ITF5,17,Basilicata,Basilicata,559084,493147,88.21,0.53
4546,2021-03-30,BAS,2830,1198,1632,2469,346,15,ITF,ITF5,17,Basilicata,Basilicata,559084,495977,88.71,0.51
4547,2021-07-08,BAS,5138,2429,2709,1855,3259,24,ITF,ITF5,17,Basilicata,Basilicata,559084,501115,89.63,0.92
4548,2021-01-06,BAS,296,130,166,296,0,0,ITF,ITF5,17,Basilicata,Basilicata,559084,501411,89.68,0.05
4549,2021-04-16,BAS,3323,1635,1688,2400,900,23,ITF,ITF5,17,Basilicata,Basilicata,559084,504734,90.28,0.59
4550,2021-03-04,BAS,1892,896,996,1065,804,23,ITF,ITF5,17,Basilicata,Basilicata,559084,506626,90.62,0.34
4551,2021-06-12,BAS,3675,1688,1987,2959,678,38,ITF,ITF5,17,Basilicata,Basilicata,559084,510301,91.27,0.66
4552,2021-02-06,BAS,924,380,544,146,778,0,ITF,ITF5,17,Basilicata,Basilicata,559084,511225,91.44,0.17
4553,2021-04-30,BAS,5286,2376,2910,4066,1163,57,ITF,ITF5,17,Basilicata,Basilicata,559084,516511,92.39,0.95
4554,2021-01-20,BAS,85,22,63,84,1,0,ITF,ITF5,17,Basilicata,Basilicata,559084,516596,92.4,0.02
4555,2021-08-03,BAS,5123,2600,2523,1831,3243,49,ITF,ITF5,17,Basilicata,Basilicata,559084,521719,93.32,0.92
4556,2021-05-12,BAS,4729,2330,2399,2800,1881,48,ITF,ITF5,17,Basilicata,Basilicata,559084,526448,94.16,0.85
4557,2021-07-15,BAS,6477,3211,3266,1669,4783,25,ITF,ITF5,17,Basilicata,Basilicata,559084,532925,95.32,1.16
4558,2021-04-06,BAS,1274,465,809,1074,184,16,ITF,ITF5,17,Basilicata,Basilicata,559084,534199,95.55,0.23
4559,2021-06-14,BAS,4826,2157,2669,2092,2710,24,ITF,ITF5,17,Basilicata,Basilicata,559084,539025,96.41,0.86
4560,2021-07-03,BAS,3945,2102,1843,2757,1145,43,ITF,ITF5,17,Basilicata,Basilicata,559084,542970,97.12,0.71
4561,2021-05-07,BAS,4636,2280,2356,3272,1338,26,ITF,ITF5,17,Basilicata,Basilicata,559084,547606,97.95,0.83
4562,2021-07-10,BAS,5529,2668,2861,1596,3924,9,ITF,ITF5,17,Basilicata,Basilicata,559084,553135,98.94,0.99
4563,2021-05-14,BAS,5907,2799,3108,3273,2531,103,ITF,ITF5,17,Basilicata,Basilicata,559084,559042,99.99,1.06
4564,2021-03-18,BAS,1354,565,789,17,1328,9,ITF,ITF5,17,Basilicata,Basilicata,559084,560396,100.23,0.24
4565,2021-06-26,BAS,3335,1614,1721,2751,556,28,ITF,ITF5,17,Basilicata,Basilicata,559084,563731,100.83,0.6
4566,2021-03-23,BAS,1637,630,1007,1448,169,20,ITF,ITF5,17,Basilicata,Basilicata,559084,565368,101.12,0.29
4567,2021-07-01,BAS,3715,1857,1858,2570,1111,34,ITF,ITF5,17,Basilicata,Basilicata,559084,569083,101.79,0.66
4568,2021-02-01,BAS,244,92,152,46,198,0,ITF,ITF5,17,Basilicata,Basilicata,559084,569327,101.83,0.04
4569,2021-05-26,BAS,4488,2259,2229,1676,2783,29,ITF,ITF5,17,Basilicata,Basilicata,559084,573815,102.63,0.8
4570,2021-06-27,BAS,3007,1477,1530,2378,615,14,ITF,ITF5,17,Basilicata,Basilicata,559084,576822,103.17,0.54
4571,2021-04-29,BAS,4847,2393,2454,4339,434,74,ITF,ITF5,17,Basilicata,Basilicata,559084,581669,104.04,0.87
4572,2021-03-17,BAS,1464,613,851,24,1436,4,ITF,ITF5,17,Basilicata,Basilicata,559084,583133,104.3,0.26
4573,2021-01-19,BAS,199,84,115,199,0,0,ITF,ITF5,17,Basilicata,Basilicata,559084,583332,104.34,0.04
4574,2021-06-25,BAS,3310,1569,1741,2444,833,33,ITF,ITF5,17,Basilicata,Basilicata,559084,586642,104.93,0.59
4575,2021-07-04,BAS,3109,1562,1547,2163,921,25,ITF,ITF5,17,Basilicata,Basilicata,559084,589751,105.49,0.56
4576,2021-03-24,BAS,1903,725,1178,1481,398,24,ITF,ITF5,17,Basilicata,Basilicata,559084,591654,105.83,0.34
4577,2021-07-02,BAS,3691,1839,1852,2485,1177,29,ITF,ITF5,17,Basilicata,Basilicata,559084,595345,106.49,0.66
4578,2021-02-11,BAS,955,404,551,870,83,2,ITF,ITF5,17,Basilicata,Basilicata,559084,596300,106.66,0.17
4579,2021-05-22,BAS,5488,2723,2765,1926,3551,11,ITF,ITF5,17,Basilicata,Basilicata,559084,601788,107.64,0.98
4580,2021-03-26,BAS,1956,703,1253,1669,260,27,ITF,ITF5,17,Basilicata,Basilicata,559084,603744,107.99,0.35
4581,2021-02-13,BAS,800,314,486,701,61,38,ITF,ITF5,17,Basilicata,Basilicata,559084,604544,108.13,0.14
4582,2021-05-24,BAS,4834,2344,2490,1090,3731,13,ITF,ITF5,17,Basilicata,Basilicata,559084,609378,109.0,0.86
4583,2021-07-29,BAS,4573,2378,2195,1807,2722,44,ITF,ITF5,17,Basilicata,Basilicata,559084,613951,109.81,0.82
4584,2021-06-02,BAS,5961,2805,3156,4376,1544,41,ITF,ITF5,17,Basilicata,Basilicata,559084,619912,110.88,1.07
4585,2021-04-18,BAS,3719,1843,1876,2329,1368,22,ITF,ITF5,17,Basilicata,Basilicata,559084,623631,111.55,0.67
4586,2021-02-20,BAS,1165,534,631,1046,119,0,ITF,ITF5,17,Basilicata,Basilicata,559084,624796,111.75,0.21
4587,2021-07-27,BAS,4715,2372,2343,1816,2854,45,ITF,ITF5,17,Basilicata,Basilicata,559084,629511,112.6,0.84
4588,2021-05-31,BAS,4230,2010,2220,1713,2509,8,ITF,ITF5,17,Basilicata,Basilicata,559084,633741,113.35,0.76
4589,2021-02-18,BAS,1071,401,670,852,216,3,ITF,ITF5,17,Basilicata,Basilicata,559084,634812,113.55,0.19
