,data,area,Vaccinazioni giornaliere,sesso_maschile,sesso_femminile,prima_dose,seconda_dose,pregressa_infezione,codice_NUTS1,codice_NUTS2,codice_regione_ISTAT,nome_area,Regione,popolazione,Totale vaccinazioni,Totale vaccinazioni ogni cento ab,Vaccinazioni giornaliere ogni cento ab
0,2021-04-16,LAZ,34590,15772,18818,21905,12243,442,ITI,ITI4,12,Lazio,Lazio,5879082,34590,0.59,0.59
1,2021-01-23,LAZ,7220,2871,4349,589,6631,0,ITI,ITI4,12,Lazio,Lazio,5879082,41810,0.71,0.12
2,2021-01-06,LAZ,5208,1992,3216,5088,0,120,ITI,ITI4,12,Lazio,Lazio,5879082,47018,0.8,0.09
3,2021-07-22,LAZ,61209,30581,30628,28449,31207,1553,ITI,ITI4,12,Lazio,Lazio,5879082,108227,1.84,1.04
4,2021-09-03,LAZ,26021,13579,12442,7323,18211,487,ITI,ITI4,12,Lazio,Lazio,5879082,134248,2.28,0.44
5,2021-05-17,LAZ,44661,20451,24210,35404,8634,623,ITI,ITI4,12,Lazio,Lazio,5879082,178909,3.04,0.76
6,2021-02-06,LAZ,6286,2568,3718,896,5385,5,ITI,ITI4,12,Lazio,Lazio,5879082,185195,3.15,0.11
7,2021-08-08,LAZ,50355,26072,24283,18008,31500,847,ITI,ITI4,12,Lazio,Lazio,5879082,235550,4.01,0.86
8,2021-06-26,LAZ,56259,26525,29734,24702,30950,607,ITI,ITI4,12,Lazio,Lazio,5879082,291809,4.96,0.96
9,2021-04-30,LAZ,41752,18502,23250,26623,14403,726,ITI,ITI4,12,Lazio,Lazio,5879082,333561,5.67,0.71
10,2021-08-22,LAZ,8776,5304,3472,2528,6160,88,ITI,ITI4,12,Lazio,Lazio,5879082,342337,5.82,0.15
11,2021-05-26,LAZ,47701,21940,25761,34842,12165,694,ITI,ITI4,12,Lazio,Lazio,5879082,390038,6.63,0.81
12,2021-03-04,LAZ,19513,8765,10748,14196,5035,282,ITI,ITI4,12,Lazio,Lazio,5879082,409551,6.97,0.33
13,2021-06-12,LAZ,69968,32131,37837,39876,29430,662,ITI,ITI4,12,Lazio,Lazio,5879082,479519,8.16,1.19
14,2021-06-14,LAZ,63127,29582,33545,32327,30226,574,ITI,ITI4,12,Lazio,Lazio,5879082,542646,9.23,1.07
15,2021-03-21,LAZ,18310,7213,11097,13030,5071,209,ITI,ITI4,12,Lazio,Lazio,5879082,560956,9.54,0.31
16,2021-03-16,LAZ,13647,5784,7863,7045,6518,84,ITI,ITI4,12,Lazio,Lazio,5879082,574603,9.77,0.23
17,2021-03-09,LAZ,22084,9979,12105,16480,5233,371,ITI,ITI4,12,Lazio,Lazio,5879082,596687,10.15,0.38
18,2021-01-11,LAZ,5720,2178,3542,5575,0,145,ITI,ITI4,12,Lazio,Lazio,5879082,602407,10.25,0.1
19,2021-03-30,LAZ,27171,13218,13953,19538,7234,399,ITI,ITI4,12,Lazio,Lazio,5879082,629578,10.71,0.46
20,2021-07-08,LAZ,64402,31623,32779,28158,35540,704,ITI,ITI4,12,Lazio,Lazio,5879082,693980,11.8,1.1
21,2021-07-27,LAZ,56515,27463,29052,8115,48062,338,ITI,ITI4,12,Lazio,Lazio,5879082,750495,12.77,0.96
22,2021-04-18,LAZ,23876,10611,13265,15852,7705,319,ITI,ITI4,12,Lazio,Lazio,5879082,774371,13.17,0.41
23,2021-09-17,LAZ,11840,6244,5596,4723,6720,397,ITI,ITI4,12,Lazio,Lazio,5879082,786211,13.37,0.2
24,2021-02-20,LAZ,9234,4285,4949,8374,787,73,ITI,ITI4,12,Lazio,Lazio,5879082,795445,13.53,0.16
25,2021-05-31,LAZ,51828,23079,28749,30847,19933,1048,ITI,ITI4,12,Lazio,Lazio,5879082,847273,14.41,0.88
26,2021-04-04,LAZ,17676,8206,9470,12251,5294,131,ITI,ITI4,12,Lazio,Lazio,5879082,864949,14.71,0.3
27,2021-02-18,LAZ,10105,5027,5078,9110,882,113,ITI,ITI4,12,Lazio,Lazio,5879082,875054,14.88,0.17
28,2021-05-12,LAZ,47635,21628,26007,30238,16704,693,ITI,ITI4,12,Lazio,Lazio,5879082,922689,15.69,0.81
29,2021-02-01,LAZ,5687,2186,3501,352,5334,1,ITI,ITI4,12,Lazio,Lazio,5879082,928376,15.79,0.1
30,2021-02-11,LAZ,7083,3071,4012,6449,609,25,ITI,ITI4,12,Lazio,Lazio,5879082,935459,15.91,0.12
31,2021-04-11,LAZ,19248,8537,10711,13120,5938,190,ITI,ITI4,12,Lazio,Lazio,5879082,954707,16.24,0.33
32,2021-02-13,LAZ,6624,2630,3994,6149,424,51,ITI,ITI4,12,Lazio,Lazio,5879082,961331,16.35,0.11
33,2021-07-20,LAZ,63472,31671,31801,28433,33783,1256,ITI,ITI4,12,Lazio,Lazio,5879082,1024803,17.43,1.08
34,2021-05-24,LAZ,44064,20217,23847,33536,9860,668,ITI,ITI4,12,Lazio,Lazio,5879082,1068867,18.18,0.75
35,2021-02-25,LAZ,12837,5620,7217,11412,1216,209,ITI,ITI4,12,Lazio,Lazio,5879082,1081704,18.4,0.22
36,2021-06-05,LAZ,66446,32734,33712,42933,22814,699,ITI,ITI4,12,Lazio,Lazio,5879082,1148150,19.53,1.13
37,2020-12-30,LAZ,1661,641,1020,1650,0,11,ITI,ITI4,12,Lazio,Lazio,5879082,1149811,19.56,0.03
38,2021-07-01,LAZ,48588,23243,25345,7169,41195,224,ITI,ITI4,12,Lazio,Lazio,5879082,1198399,20.38,0.83
39,2021-04-09,LAZ,27754,12639,15115,19127,8288,339,ITI,ITI4,12,Lazio,Lazio,5879082,1226153,20.86,0.47
40,2021-03-23,LAZ,25506,11979,13527,18473,6653,380,ITI,ITI4,12,Lazio,Lazio,5879082,1251659,21.29,0.43
41,2021-01-25,LAZ,8173,3287,4886,828,7345,0,ITI,ITI4,12,Lazio,Lazio,5879082,1259832,21.43,0.14
42,2021-05-05,LAZ,46880,21512,25368,30356,15894,630,ITI,ITI4,12,Lazio,Lazio,5879082,1306712,22.23,0.8
43,2021-03-02,LAZ,17290,7660,9630,13124,3957,209,ITI,ITI4,12,Lazio,Lazio,5879082,1324002,22.52,0.29
44,2021-01-18,LAZ,6400,2609,3791,5293,981,126,ITI,ITI4,12,Lazio,Lazio,5879082,1330402,22.63,0.11
45,2021-04-28,LAZ,33056,15084,17972,20911,11683,462,ITI,ITI4,12,Lazio,Lazio,5879082,1363458,23.19,0.56
46,2021-08-10,LAZ,51063,26412,24651,21575,28490,998,ITI,ITI4,12,Lazio,Lazio,5879082,1414521,24.06,0.87
47,2021-05-19,LAZ,47350,21753,25597,36466,10189,695,ITI,ITI4,12,Lazio,Lazio,5879082,1461871,24.87,0.81
48,2021-08-27,LAZ,30686,16098,14588,7610,22508,568,ITI,ITI4,12,Lazio,Lazio,5879082,1492557,25.39,0.52
49,2021-09-15,LAZ,12422,6284,6138,2945,9130,347,ITI,ITI4,12,Lazio,Lazio,5879082,1504979,25.6,0.21
50,2021-01-04,LAZ,7595,2950,4645,7489,0,106,ITI,ITI4,12,Lazio,Lazio,5879082,1512574,25.73,0.13
51,2021-06-24,LAZ,64095,30573,33522,28608,34819,668,ITI,ITI4,12,Lazio,Lazio,5879082,1576669,26.82,1.09
52,2021-06-07,LAZ,62698,29352,33346,32710,29376,612,ITI,ITI4,12,Lazio,Lazio,5879082,1639367,27.88,1.07
53,2021-06-19,LAZ,66602,31423,35179,35272,30504,826,ITI,ITI4,12,Lazio,Lazio,5879082,1705969,29.02,1.13
54,2021-05-07,LAZ,48358,22672,25686,29787,17849,722,ITI,ITI4,12,Lazio,Lazio,5879082,1754327,29.84,0.82
55,2021-03-11,LAZ,25551,12054,13497,18881,6297,373,ITI,ITI4,12,Lazio,Lazio,5879082,1779878,30.27,0.43
56,2021-08-15,LAZ,1519,941,578,800,697,22,ITI,ITI4,12,Lazio,Lazio,5879082,1781397,30.3,0.03
57,2021-07-03,LAZ,53266,25086,28180,4638,48478,150,ITI,ITI4,12,Lazio,Lazio,5879082,1834663,31.21,0.91
58,2021-01-03,LAZ,5358,2019,3339,5299,0,59,ITI,ITI4,12,Lazio,Lazio,5879082,1840021,31.3,0.09
59,2021-04-13,LAZ,25851,11985,13866,17631,7757,463,ITI,ITI4,12,Lazio,Lazio,5879082,1865872,31.74,0.44
60,2021-07-31,LAZ,56277,29584,26693,5516,50454,307,ITI,ITI4,12,Lazio,Lazio,5879082,1922149,32.69,0.96
61,2021-01-08,LAZ,7986,2996,4990,7788,0,198,ITI,ITI4,12,Lazio,Lazio,5879082,1930135,32.83,0.14
62,2021-09-10,LAZ,11458,5888,5570,6122,4707,629,ITI,ITI4,12,Lazio,Lazio,5879082,1941593,33.03,0.19
63,2021-03-28,LAZ,19211,7842,11369,13526,5323,362,ITI,ITI4,12,Lazio,Lazio,5879082,1960804,33.35,0.33
64,2021-07-15,LAZ,45075,22070,23005,6687,37945,443,ITI,ITI4,12,Lazio,Lazio,5879082,2005879,34.12,0.77
65,2021-01-13,LAZ,5878,2245,3633,5712,0,166,ITI,ITI4,12,Lazio,Lazio,5879082,2011757,34.22,0.1
66,2021-04-23,LAZ,37999,18303,19696,22039,15415,545,ITI,ITI4,12,Lazio,Lazio,5879082,2049756,34.87,0.65
67,2021-08-03,LAZ,32562,16598,15964,5143,27214,205,ITI,ITI4,12,Lazio,Lazio,5879082,2082318,35.42,0.55
68,2021-01-30,LAZ,7024,2898,4126,815,6208,1,ITI,ITI4,12,Lazio,Lazio,5879082,2089342,35.54,0.12
69,2021-08-29,LAZ,27441,13961,13480,8965,17877,599,ITI,ITI4,12,Lazio,Lazio,5879082,2116783,36.01,0.47
70,2021-04-01,LAZ,29820,14151,15669,22190,7187,443,ITI,ITI4,12,Lazio,Lazio,5879082,2146603,36.51,0.51
71,2021-07-10,LAZ,71177,35727,35450,25031,45464,682,ITI,ITI4,12,Lazio,Lazio,5879082,2217780,37.72,1.21
72,2021-07-24,LAZ,30786,15529,15257,3209,27416,161,ITI,ITI4,12,Lazio,Lazio,5879082,2248566,38.25,0.52
73,2021-02-15,LAZ,8105,3601,4504,7325,654,126,ITI,ITI4,12,Lazio,Lazio,5879082,2256671,38.38,0.14
74,2021-01-29,LAZ,8419,3205,5214,930,7487,2,ITI,ITI4,12,Lazio,Lazio,5879082,2265090,38.53,0.14
75,2021-09-05,LAZ,10097,5166,4931,6570,3085,442,ITI,ITI4,12,Lazio,Lazio,5879082,2275187,38.7,0.17
76,2021-02-17,LAZ,9239,4629,4610,8270,899,70,ITI,ITI4,12,Lazio,Lazio,5879082,2284426,38.86,0.16
77,2021-05-28,LAZ,57291,26651,30640,43109,13354,828,ITI,ITI4,12,Lazio,Lazio,5879082,2341717,39.83,0.97
78,2021-08-19,LAZ,9303,5336,3967,3010,6183,110,ITI,ITI4,12,Lazio,Lazio,5879082,2351020,39.99,0.16
79,2021-06-21,LAZ,62062,28837,33225,28489,32950,623,ITI,ITI4,12,Lazio,Lazio,5879082,2413082,41.05,1.06
80,2021-03-13,LAZ,21865,8764,13101,15700,5922,243,ITI,ITI4,12,Lazio,Lazio,5879082,2434947,41.42,0.37
81,2021-09-14,LAZ,18339,9117,9222,7378,10068,893,ITI,ITI4,12,Lazio,Lazio,5879082,2453286,41.73,0.31
82,2021-02-03,LAZ,6503,2495,4008,966,5532,5,ITI,ITI4,12,Lazio,Lazio,5879082,2459789,41.84,0.11
83,2021-01-20,LAZ,4840,1961,2879,3287,1547,6,ITI,ITI4,12,Lazio,Lazio,5879082,2464629,41.92,0.08
84,2021-05-14,LAZ,51669,23610,28059,32417,18426,826,ITI,ITI4,12,Lazio,Lazio,5879082,2516298,42.8,0.88
85,2021-03-18,LAZ,14321,6119,8202,7774,6450,97,ITI,ITI4,12,Lazio,Lazio,5879082,2530619,43.04,0.24
86,2021-06-23,LAZ,62389,29394,32995,28428,33453,508,ITI,ITI4,12,Lazio,Lazio,5879082,2593008,44.11,1.06
87,2021-04-15,LAZ,32066,14360,17706,20617,10939,510,ITI,ITI4,12,Lazio,Lazio,5879082,2625074,44.65,0.55
88,2021-08-26,LAZ,32216,16712,15504,8230,23422,564,ITI,ITI4,12,Lazio,Lazio,5879082,2657290,45.2,0.55
89,2021-02-10,LAZ,8265,3461,4804,4850,3409,6,ITI,ITI4,12,Lazio,Lazio,5879082,2665555,45.34,0.14
90,2021-05-21,LAZ,52162,25102,27060,37299,14149,714,ITI,ITI4,12,Lazio,Lazio,5879082,2717717,46.23,0.89
91,2021-06-04,LAZ,62120,30288,31832,43560,17884,676,ITI,ITI4,12,Lazio,Lazio,5879082,2779837,47.28,1.06
92,2021-09-12,LAZ,7474,3745,3729,4781,2154,539,ITI,ITI4,12,Lazio,Lazio,5879082,2787311,47.41,0.13
93,2021-07-19,LAZ,63218,31083,32135,28297,33773,1148,ITI,ITI4,12,Lazio,Lazio,5879082,2850529,48.49,1.08
94,2021-01-15,LAZ,6736,2776,3960,6563,0,173,ITI,ITI4,12,Lazio,Lazio,5879082,2857265,48.6,0.11
95,2021-04-25,LAZ,24585,11283,13302,16377,7876,332,ITI,ITI4,12,Lazio,Lazio,5879082,2881850,49.02,0.42
96,2021-06-09,LAZ,70566,33426,37140,35973,33928,665,ITI,ITI4,12,Lazio,Lazio,5879082,2952416,50.22,1.2
97,2021-04-27,LAZ,30859,13939,16920,19374,11025,460,ITI,ITI4,12,Lazio,Lazio,5879082,2983275,50.74,0.52
98,2021-03-01,LAZ,17163,7381,9782,12990,3896,277,ITI,ITI4,12,Lazio,Lazio,5879082,3000438,51.04,0.29
99,2021-08-05,LAZ,33708,17507,16201,22006,10642,1060,ITI,ITI4,12,Lazio,Lazio,5879082,3034146,51.61,0.57
100,2021-09-07,LAZ,13222,6705,6517,6944,5818,460,ITI,ITI4,12,Lazio,Lazio,5879082,3047368,51.83,0.22
101,2021-03-06,LAZ,18437,7112,11325,13898,4284,255,ITI,ITI4,12,Lazio,Lazio,5879082,3065805,52.15,0.31
102,2021-04-06,LAZ,24674,11300,13374,17098,7195,381,ITI,ITI4,12,Lazio,Lazio,5879082,3090479,52.57,0.42
103,2020-12-27,LAZ,277,133,144,277,0,0,ITI,ITI4,12,Lazio,Lazio,5879082,3090756,52.57,0.0
104,2021-03-20,LAZ,19291,7678,11613,13089,5923,279,ITI,ITI4,12,Lazio,Lazio,5879082,3110047,52.9,0.33
105,2021-07-17,LAZ,43961,22172,21789,2172,41682,107,ITI,ITI4,12,Lazio,Lazio,5879082,3154008,53.65,0.75
106,2021-06-30,LAZ,63069,29686,33383,29765,32746,558,ITI,ITI4,12,Lazio,Lazio,5879082,3217077,54.72,1.07
107,2021-04-08,LAZ,26916,12339,14577,18756,7734,426,ITI,ITI4,12,Lazio,Lazio,5879082,3243993,55.18,0.46
108,2021-05-04,LAZ,40325,18548,21777,26056,13743,526,ITI,ITI4,12,Lazio,Lazio,5879082,3284318,55.86,0.69
109,2021-08-12,LAZ,48062,24890,23172,20821,26248,993,ITI,ITI4,12,Lazio,Lazio,5879082,3332380,56.68,0.82
110,2021-02-24,LAZ,12122,5243,6879,10943,1044,135,ITI,ITI4,12,Lazio,Lazio,5879082,3344502,56.89,0.21
111,2021-07-07,LAZ,62743,31074,31669,28383,33748,612,ITI,ITI4,12,Lazio,Lazio,5879082,3407245,57.96,1.07
112,2021-03-29,LAZ,25623,12176,13447,18192,7092,339,ITI,ITI4,12,Lazio,Lazio,5879082,3432868,58.39,0.44
113,2021-02-08,LAZ,9762,4170,5592,4506,5254,2,ITI,ITI4,12,Lazio,Lazio,5879082,3442630,58.56,0.17
114,2021-05-02,LAZ,32954,14469,18485,22939,9482,533,ITI,ITI4,12,Lazio,Lazio,5879082,3475584,59.12,0.56
115,2021-01-22,LAZ,4036,1653,2383,520,3516,0,ITI,ITI4,12,Lazio,Lazio,5879082,3479620,59.19,0.07
116,2021-02-27,LAZ,11548,4339,7209,10352,1052,144,ITI,ITI4,12,Lazio,Lazio,5879082,3491168,59.38,0.2
117,2021-02-22,LAZ,11535,5035,6500,10816,554,165,ITI,ITI4,12,Lazio,Lazio,5879082,3502703,59.58,0.2
118,2021-06-02,LAZ,43560,21617,21943,31438,11553,569,ITI,ITI4,12,Lazio,Lazio,5879082,3546263,60.32,0.74
119,2021-06-11,LAZ,69848,32864,36984,36659,32506,683,ITI,ITI4,12,Lazio,Lazio,5879082,3616111,61.51,1.19
120,2021-09-19,LAZ,8202,4269,3933,3673,4248,281,ITI,ITI4,12,Lazio,Lazio,5879082,3624313,61.65,0.14
121,2021-08-07,LAZ,35047,18985,16062,21993,11921,1133,ITI,ITI4,12,Lazio,Lazio,5879082,3659360,62.24,0.6
122,2021-03-25,LAZ,29567,13738,15829,22376,6695,496,ITI,ITI4,12,Lazio,Lazio,5879082,3688927,62.75,0.5
123,2021-07-29,LAZ,56105,28586,27519,7659,48058,388,ITI,ITI4,12,Lazio,Lazio,5879082,3745032,63.7,0.95
124,2021-01-01,LAZ,3607,1400,2207,3567,0,40,ITI,ITI4,12,Lazio,Lazio,5879082,3748639,63.76,0.06
125,2021-01-10,LAZ,4142,1742,2400,4075,0,67,ITI,ITI4,12,Lazio,Lazio,5879082,3752781,63.83,0.07
126,2021-06-16,LAZ,64787,31118,33669,32074,32062,651,ITI,ITI4,12,Lazio,Lazio,5879082,3817568,64.93,1.1
127,2021-07-02,LAZ,48583,23279,25304,6607,41784,192,ITI,ITI4,12,Lazio,Lazio,5879082,3866151,65.76,0.83
128,2021-01-31,LAZ,4467,1859,2608,481,3986,0,ITI,ITI4,12,Lazio,Lazio,5879082,3870618,65.84,0.08
129,2021-05-11,LAZ,48413,22235,26178,31129,16604,680,ITI,ITI4,12,Lazio,Lazio,5879082,3919031,66.66,0.82
130,2021-07-16,LAZ,44491,21453,23038,3321,40981,189,ITI,ITI4,12,Lazio,Lazio,5879082,3963522,67.42,0.76
131,2021-04-24,LAZ,33599,15164,18435,20130,12921,548,ITI,ITI4,12,Lazio,Lazio,5879082,3997121,67.99,0.57
132,2021-08-02,LAZ,37678,19703,17975,6566,30876,236,ITI,ITI4,12,Lazio,Lazio,5879082,4034799,68.63,0.64
133,2021-05-06,LAZ,48909,22791,26118,30537,17636,736,ITI,ITI4,12,Lazio,Lazio,5879082,4083708,69.46,0.83
134,2021-08-14,LAZ,2542,1436,1106,992,1516,34,ITI,ITI4,12,Lazio,Lazio,5879082,4086250,69.5,0.04
135,2021-08-16,LAZ,3713,2048,1665,2059,1592,62,ITI,ITI4,12,Lazio,Lazio,5879082,4089963,69.57,0.06
136,2021-03-15,LAZ,21063,9893,11170,14010,6779,274,ITI,ITI4,12,Lazio,Lazio,5879082,4111026,69.93,0.36
137,2021-01-05,LAZ,7462,2835,4627,7359,0,103,ITI,ITI4,12,Lazio,Lazio,5879082,4118488,70.05,0.13
138,2021-01-24,LAZ,5705,2233,3472,619,5086,0,ITI,ITI4,12,Lazio,Lazio,5879082,4124193,70.15,0.1
139,2021-02-07,LAZ,4979,2052,2927,413,4565,1,ITI,ITI4,12,Lazio,Lazio,5879082,4129172,70.23,0.08
140,2021-04-20,LAZ,31197,14316,16881,19365,11386,446,ITI,ITI4,12,Lazio,Lazio,5879082,4160369,70.77,0.53
141,2021-03-08,LAZ,20984,9119,11865,15361,5315,308,ITI,ITI4,12,Lazio,Lazio,5879082,4181353,71.12,0.36
142,2021-04-22,LAZ,39272,19539,19733,23806,14767,699,ITI,ITI4,12,Lazio,Lazio,5879082,4220625,71.79,0.67
143,2021-03-10,LAZ,23416,10701,12715,17350,5692,374,ITI,ITI4,12,Lazio,Lazio,5879082,4244041,72.19,0.4
144,2021-01-12,LAZ,5562,2053,3509,5417,0,145,ITI,ITI4,12,Lazio,Lazio,5879082,4249603,72.28,0.09
145,2021-06-18,LAZ,64483,31066,33417,30295,33419,769,ITI,ITI4,12,Lazio,Lazio,5879082,4314086,73.38,1.1
146,2021-01-27,LAZ,6190,2417,3773,1061,5129,0,ITI,ITI4,12,Lazio,Lazio,5879082,4320276,73.49,0.11
147,2021-06-01,LAZ,49185,23734,25451,30074,18611,500,ITI,ITI4,12,Lazio,Lazio,5879082,4369461,74.32,0.84
148,2021-04-05,LAZ,19994,9158,10836,13597,6221,176,ITI,ITI4,12,Lazio,Lazio,5879082,4389455,74.66,0.34
149,2021-09-09,LAZ,12245,6240,6005,6239,5453,553,ITI,ITI4,12,Lazio,Lazio,5879082,4401700,74.87,0.21
150,2021-07-28,LAZ,58362,29820,28542,8633,49362,367,ITI,ITI4,12,Lazio,Lazio,5879082,4460062,75.86,0.99
151,2021-05-25,LAZ,47661,22379,25282,35289,11743,629,ITI,ITI4,12,Lazio,Lazio,5879082,4507723,76.67,0.81
152,2021-09-02,LAZ,26250,13478,12772,7960,17837,453,ITI,ITI4,12,Lazio,Lazio,5879082,4533973,77.12,0.45
153,2021-05-20,LAZ,51965,25079,26886,37266,14006,693,ITI,ITI4,12,Lazio,Lazio,5879082,4585938,78.0,0.88
154,2021-08-28,LAZ,32642,17043,15599,10989,20905,748,ITI,ITI4,12,Lazio,Lazio,5879082,4618580,78.56,0.56
155,2021-06-20,LAZ,55351,25458,29893,29599,24977,775,ITI,ITI4,12,Lazio,Lazio,5879082,4673931,79.5,0.94
156,2021-06-06,LAZ,58313,28116,30197,35138,22554,621,ITI,ITI4,12,Lazio,Lazio,5879082,4732244,80.49,0.99
157,2021-02-26,LAZ,13209,5763,7446,11551,1472,186,ITI,ITI4,12,Lazio,Lazio,5879082,4745453,80.72,0.22
158,2021-03-22,LAZ,23449,10581,12868,16351,6750,348,ITI,ITI4,12,Lazio,Lazio,5879082,4768902,81.12,0.4
159,2020-12-29,LAZ,499,182,317,495,0,4,ITI,ITI4,12,Lazio,Lazio,5879082,4769401,81.12,0.01
160,2021-08-21,LAZ,10215,5874,4341,3209,6900,106,ITI,ITI4,12,Lazio,Lazio,5879082,4779616,81.3,0.17
161,2021-05-30,LAZ,41290,17664,23626,33222,7382,686,ITI,ITI4,12,Lazio,Lazio,5879082,4820906,82.0,0.7
162,2021-05-13,LAZ,50308,22618,27690,31655,17896,757,ITI,ITI4,12,Lazio,Lazio,5879082,4871214,82.86,0.86
163,2021-08-04,LAZ,48162,24286,23876,20768,26689,705,ITI,ITI4,12,Lazio,Lazio,5879082,4919376,83.68,0.82
164,2021-01-17,LAZ,4964,2053,2911,4686,213,65,ITI,ITI4,12,Lazio,Lazio,5879082,4924340,83.76,0.08
165,2021-01-19,LAZ,4792,1970,2822,4335,454,3,ITI,ITI4,12,Lazio,Lazio,5879082,4929132,83.84,0.08
166,2021-04-29,LAZ,38877,17359,21518,24799,13394,684,ITI,ITI4,12,Lazio,Lazio,5879082,4968009,84.5,0.66
167,2021-03-03,LAZ,17941,7907,10034,13339,4321,281,ITI,ITI4,12,Lazio,Lazio,5879082,4985950,84.81,0.31
168,2021-08-09,LAZ,52759,26803,25956,21938,29731,1090,ITI,ITI4,12,Lazio,Lazio,5879082,5038709,85.71,0.9
169,2021-05-18,LAZ,45137,20654,24483,34883,9631,623,ITI,ITI4,12,Lazio,Lazio,5879082,5083846,86.47,0.77
170,2021-08-11,LAZ,49055,25745,23310,20486,27674,895,ITI,ITI4,12,Lazio,Lazio,5879082,5132901,87.31,0.83
171,2021-05-03,LAZ,39665,17911,21754,26185,12797,683,ITI,ITI4,12,Lazio,Lazio,5879082,5172566,87.98,0.67
172,2021-07-25,LAZ,24674,12149,12525,2081,22543,50,ITI,ITI4,12,Lazio,Lazio,5879082,5197240,88.4,0.42
173,2021-04-12,LAZ,23957,10804,13153,16656,6969,332,ITI,ITI4,12,Lazio,Lazio,5879082,5221197,88.81,0.41
174,2021-09-16,LAZ,10968,5620,5348,3555,7085,328,ITI,ITI4,12,Lazio,Lazio,5879082,5232165,89.0,0.19
175,2021-07-21,LAZ,63828,32695,31133,29561,32872,1395,ITI,ITI4,12,Lazio,Lazio,5879082,5295993,90.08,1.09
176,2021-06-08,LAZ,66857,31915,34942,36145,30039,673,ITI,ITI4,12,Lazio,Lazio,5879082,5362850,91.22,1.14
177,2021-07-14,LAZ,42231,20591,21640,6182,35679,370,ITI,ITI4,12,Lazio,Lazio,5879082,5405081,91.94,0.72
178,2021-07-09,LAZ,65126,31424,33702,27607,36747,772,ITI,ITI4,12,Lazio,Lazio,5879082,5470207,93.05,1.11
179,2021-05-01,LAZ,38284,17216,21068,25706,12088,490,ITI,ITI4,12,Lazio,Lazio,5879082,5508491,93.7,0.65
180,2021-04-17,LAZ,32501,14256,18245,19963,12072,466,ITI,ITI4,12,Lazio,Lazio,5879082,5540992,94.25,0.55
181,2021-07-26,LAZ,50919,25084,25835,6621,43974,324,ITI,ITI4,12,Lazio,Lazio,5879082,5591911,95.12,0.87
182,2021-01-26,LAZ,7991,3136,4855,743,7248,0,ITI,ITI4,12,Lazio,Lazio,5879082,5599902,95.25,0.14
183,2021-04-02,LAZ,29584,14192,15392,21729,7411,444,ITI,ITI4,12,Lazio,Lazio,5879082,5629486,95.75,0.5
184,2021-07-11,LAZ,44176,22280,21896,3743,40268,165,ITI,ITI4,12,Lazio,Lazio,5879082,5673662,96.51,0.75
185,2021-01-28,LAZ,8340,3188,5152,836,7503,1,ITI,ITI4,12,Lazio,Lazio,5879082,5682002,96.65,0.14
186,2021-07-04,LAZ,46637,21716,24921,4113,42430,94,ITI,ITI4,12,Lazio,Lazio,5879082,5728639,97.44,0.79
187,2021-05-08,LAZ,45532,20792,24740,29317,15478,737,ITI,ITI4,12,Lazio,Lazio,5879082,5774171,98.22,0.77
188,2021-01-09,LAZ,6439,2623,3816,6326,0,113,ITI,ITI4,12,Lazio,Lazio,5879082,5780610,98.33,0.11
189,2021-04-19,LAZ,30191,13731,16460,18948,10756,487,ITI,ITI4,12,Lazio,Lazio,5879082,5810801,98.84,0.51
190,2021-02-21,LAZ,7001,3184,3817,6482,468,51,ITI,ITI4,12,Lazio,Lazio,5879082,5817802,98.96,0.12
191,2021-09-04,LAZ,14284,7268,7016,9625,3923,736,ITI,ITI4,12,Lazio,Lazio,5879082,5832086,99.2,0.24
192,2021-06-13,LAZ,58474,26239,32235,33063,24883,528,ITI,ITI4,12,Lazio,Lazio,5879082,5890560,100.2,0.99
193,2021-03-07,LAZ,14187,5489,8698,10332,3632,223,ITI,ITI4,12,Lazio,Lazio,5879082,5904747,100.44,0.24
194,2021-06-15,LAZ,66266,32034,34232,33371,32311,584,ITI,ITI4,12,Lazio,Lazio,5879082,5971013,101.56,1.13
195,2021-03-24,LAZ,28015,13159,14856,21312,6280,423,ITI,ITI4,12,Lazio,Lazio,5879082,5999028,102.04,0.48
196,2021-09-06,LAZ,14422,7364,7058,7892,5922,608,ITI,ITI4,12,Lazio,Lazio,5879082,6013450,102.29,0.25
197,2021-08-20,LAZ,8435,4752,3683,2113,6221,101,ITI,ITI4,12,Lazio,Lazio,5879082,6021885,102.43,0.14
198,2021-05-29,LAZ,52122,23453,28669,40158,11061,903,ITI,ITI4,12,Lazio,Lazio,5879082,6074007,103.32,0.89
199,2021-06-22,LAZ,62882,29093,33789,28586,33563,733,ITI,ITI4,12,Lazio,Lazio,5879082,6136889,104.39,1.07
200,2021-03-14,LAZ,17316,6783,10533,11855,5184,277,ITI,ITI4,12,Lazio,Lazio,5879082,6154205,104.68,0.29
201,2021-09-13,LAZ,18627,9504,9123,5417,12501,709,ITI,ITI4,12,Lazio,Lazio,5879082,6172832,105.0,0.32
202,2021-06-29,LAZ,59543,28294,31249,27722,31205,616,ITI,ITI4,12,Lazio,Lazio,5879082,6232375,106.01,1.01
203,2021-01-14,LAZ,5673,2237,3436,5496,0,177,ITI,ITI4,12,Lazio,Lazio,5879082,6238048,106.11,0.1
204,2021-04-07,LAZ,26065,12204,13861,18323,7338,404,ITI,ITI4,12,Lazio,Lazio,5879082,6264113,106.55,0.44
205,2021-03-17,LAZ,13890,5954,7936,7460,6306,124,ITI,ITI4,12,Lazio,Lazio,5879082,6278003,106.79,0.24
206,2021-06-25,LAZ,63481,30664,32817,28122,34748,611,ITI,ITI4,12,Lazio,Lazio,5879082,6341484,107.87,1.08
207,2021-06-27,LAZ,47275,21622,25653,20565,26204,506,ITI,ITI4,12,Lazio,Lazio,5879082,6388759,108.67,0.8
208,2021-08-23,LAZ,22796,12417,10379,16328,5460,1008,ITI,ITI4,12,Lazio,Lazio,5879082,6411555,109.06,0.39
209,2021-03-12,LAZ,24179,11182,12997,17377,6421,381,ITI,ITI4,12,Lazio,Lazio,5879082,6435734,109.47,0.41
210,2021-08-13,LAZ,43668,22702,20966,20101,22473,1094,ITI,ITI4,12,Lazio,Lazio,5879082,6479402,110.21,0.74
211,2021-02-09,LAZ,8858,3808,5050,4579,4272,7,ITI,ITI4,12,Lazio,Lazio,5879082,6488260,110.36,0.15
212,2021-09-08,LAZ,12244,6304,5940,6786,4877,581,ITI,ITI4,12,Lazio,Lazio,5879082,6500504,110.57,0.21
213,2021-07-13,LAZ,42781,20976,21805,5488,36936,357,ITI,ITI4,12,Lazio,Lazio,5879082,6543285,111.3,0.73
214,2021-03-26,LAZ,30413,14098,16315,23001,6926,486,ITI,ITI4,12,Lazio,Lazio,5879082,6573698,111.82,0.52
215,2021-08-01,LAZ,39897,21265,18632,5751,33829,317,ITI,ITI4,12,Lazio,Lazio,5879082,6613595,112.49,0.68
216,2021-05-10,LAZ,44531,20367,24164,30355,13459,717,ITI,ITI4,12,Lazio,Lazio,5879082,6658126,113.25,0.76
217,2021-08-18,LAZ,9525,5508,4017,3264,6141,120,ITI,ITI4,12,Lazio,Lazio,5879082,6667651,113.41,0.16
218,2021-02-14,LAZ,5809,2383,3426,5298,479,32,ITI,ITI4,12,Lazio,Lazio,5879082,6673460,113.51,0.1
219,2021-02-28,LAZ,10302,4044,6258,9655,545,102,ITI,ITI4,12,Lazio,Lazio,5879082,6683762,113.69,0.18
220,2021-01-02,LAZ,6850,2684,4166,6770,0,80,ITI,ITI4,12,Lazio,Lazio,5879082,6690612,113.8,0.12
221,2021-02-04,LAZ,6477,2583,3894,1147,5329,1,ITI,ITI4,12,Lazio,Lazio,5879082,6697089,113.91,0.11
222,2021-08-25,LAZ,31773,16679,15094,9855,21304,614,ITI,ITI4,12,Lazio,Lazio,5879082,6728862,114.45,0.54
223,2020-12-28,LAZ,961,414,547,956,0,5,ITI,ITI4,12,Lazio,Lazio,5879082,6729823,114.47,0.02
224,2021-01-16,LAZ,5786,2341,3445,5638,0,148,ITI,ITI4,12,Lazio,Lazio,5879082,6735609,114.57,0.1
225,2021-04-26,LAZ,29369,13515,15854,19546,9311,512,ITI,ITI4,12,Lazio,Lazio,5879082,6764978,115.07,0.5
226,2021-02-02,LAZ,5921,2219,3702,639,5279,3,ITI,ITI4,12,Lazio,Lazio,5879082,6770899,115.17,0.1
227,2021-07-18,LAZ,58418,29742,28676,22755,34844,819,ITI,ITI4,12,Lazio,Lazio,5879082,6829317,116.16,0.99
228,2021-02-23,LAZ,11128,4800,6328,10214,780,134,ITI,ITI4,12,Lazio,Lazio,5879082,6840445,116.35,0.19
229,2021-01-21,LAZ,5743,2415,3328,631,5112,0,ITI,ITI4,12,Lazio,Lazio,5879082,6846188,116.45,0.1
230,2021-07-06,LAZ,62658,30409,32249,28556,33594,508,ITI,ITI4,12,Lazio,Lazio,5879082,6908846,117.52,1.07
231,2021-05-27,LAZ,58590,27266,31324,43937,13835,818,ITI,ITI4,12,Lazio,Lazio,5879082,6967436,118.51,1.0
232,2021-03-05,LAZ,19647,8703,10944,14618,4767,262,ITI,ITI4,12,Lazio,Lazio,5879082,6987083,118.85,0.33
233,2021-02-16,LAZ,8440,4106,4334,7710,630,100,ITI,ITI4,12,Lazio,Lazio,5879082,6995523,118.99,0.14
234,2021-05-22,LAZ,55238,27070,28168,43650,10719,869,ITI,ITI4,12,Lazio,Lazio,5879082,7050761,119.93,0.94
235,2021-08-30,LAZ,30584,15449,15135,9949,19939,696,ITI,ITI4,12,Lazio,Lazio,5879082,7081345,120.45,0.52
236,2021-05-15,LAZ,57527,27480,30047,40040,16599,888,ITI,ITI4,12,Lazio,Lazio,5879082,7138872,121.43,0.98
237,2021-03-19,LAZ,17532,7607,9925,10991,6370,171,ITI,ITI4,12,Lazio,Lazio,5879082,7156404,121.73,0.3
238,2021-03-31,LAZ,27926,13514,14412,20384,7162,380,ITI,ITI4,12,Lazio,Lazio,5879082,7184330,122.2,0.48
239,2021-01-07,LAZ,7964,2988,4976,7807,0,157,ITI,ITI4,12,Lazio,Lazio,5879082,7192294,122.34,0.14
240,2021-09-01,LAZ,26485,13574,12911,8130,17826,529,ITI,ITI4,12,Lazio,Lazio,5879082,7218779,122.79,0.45
241,2021-03-27,LAZ,26579,10819,15760,19485,6528,566,ITI,ITI4,12,Lazio,Lazio,5879082,7245358,123.24,0.45
242,2021-08-31,LAZ,31133,15403,15730,11611,18575,947,ITI,ITI4,12,Lazio,Lazio,5879082,7276491,123.77,0.53
243,2021-07-05,LAZ,61765,29735,32030,25584,35093,1088,ITI,ITI4,12,Lazio,Lazio,5879082,7338256,124.82,1.05
244,2021-05-23,LAZ,47199,22903,24296,39081,7420,698,ITI,ITI4,12,Lazio,Lazio,5879082,7385455,125.62,0.8
245,2021-05-09,LAZ,37583,17276,20307,25766,11316,501,ITI,ITI4,12,Lazio,Lazio,5879082,7423038,126.26,0.64
246,2021-08-17,LAZ,8227,4793,3434,3956,4173,98,ITI,ITI4,12,Lazio,Lazio,5879082,7431265,126.4,0.14
247,2021-07-12,LAZ,41468,20736,20732,5848,35383,237,ITI,ITI4,12,Lazio,Lazio,5879082,7472733,127.11,0.71
248,2021-05-16,LAZ,51036,24577,26459,36908,13523,605,ITI,ITI4,12,Lazio,Lazio,5879082,7523769,127.98,0.87
249,2021-08-24,LAZ,18875,10088,8787,11754,6399,722,ITI,ITI4,12,Lazio,Lazio,5879082,7542644,128.3,0.32
250,2021-06-28,LAZ,58988,28206,30782,27475,31047,466,ITI,ITI4,12,Lazio,Lazio,5879082,7601632,129.3,1.0
251,2021-02-12,LAZ,6903,2883,4020,6376,444,83,ITI,ITI4,12,Lazio,Lazio,5879082,7608535,129.42,0.12
252,2020-12-31,LAZ,5385,2157,3228,5325,0,60,ITI,ITI4,12,Lazio,Lazio,5879082,7613920,129.51,0.09
253,2021-09-11,LAZ,12384,6127,6257,8310,3189,885,ITI,ITI4,12,Lazio,Lazio,5879082,7626304,129.72,0.21
254,2021-04-10,LAZ,23961,10427,13534,16471,7212,278,ITI,ITI4,12,Lazio,Lazio,5879082,7650265,130.13,0.41
255,2021-02-05,LAZ,7345,3006,4339,1218,6123,4,ITI,ITI4,12,Lazio,Lazio,5879082,7657610,130.25,0.12
256,2021-04-03,LAZ,24872,11233,13639,17870,6748,254,ITI,ITI4,12,Lazio,Lazio,5879082,7682482,130.67,0.42
257,2021-02-19,LAZ,10109,5111,4998,9079,874,156,ITI,ITI4,12,Lazio,Lazio,5879082,7692591,130.85,0.17
258,2021-06-17,LAZ,67101,32293,34808,31802,34557,742,ITI,ITI4,12,Lazio,Lazio,5879082,7759692,131.99,1.14
259,2021-04-21,LAZ,33192,15087,18105,20241,12508,443,ITI,ITI4,12,Lazio,Lazio,5879082,7792884,132.55,0.56
260,2021-07-30,LAZ,56095,29088,27007,7446,48284,365,ITI,ITI4,12,Lazio,Lazio,5879082,7848979,133.51,0.95
261,2021-06-03,LAZ,56948,28772,28176,38288,17905,755,ITI,ITI4,12,Lazio,Lazio,5879082,7905927,134.48,0.97
262,2021-08-06,LAZ,33703,17730,15973,22417,10211,1075,ITI,ITI4,12,Lazio,Lazio,5879082,7939630,135.05,0.57
263,2021-06-10,LAZ,72308,34175,38133,37296,34131,881,ITI,ITI4,12,Lazio,Lazio,5879082,8011938,136.28,1.23
264,2021-04-14,LAZ,29411,13331,16080,18830,10224,357,ITI,ITI4,12,Lazio,Lazio,5879082,8041349,136.78,0.5
265,2021-09-18,LAZ,18990,9738,9252,8456,9811,723,ITI,ITI4,12,Lazio,Lazio,5879082,8060339,137.1,0.32
266,2021-07-23,LAZ,58526,29356,29170,26778,29957,1791,ITI,ITI4,12,Lazio,Lazio,5879082,8118865,138.1,1.0
267,2021-06-21,EMR,37600,19009,18591,16078,20896,626,ITH,ITH5,8,Emilia-Romagna,Emilia-Romagna,4459477,37600,0.84,0.84
268,2021-07-08,EMR,41353,20601,20752,4726,36208,419,ITH,ITH5,8,Emilia-Romagna,Emilia-Romagna,4459477,78953,1.77,0.93
269,2021-03-30,EMR,23352,10341,13011,17993,5043,316,ITH,ITH5,8,Emilia-Romagna,Emilia-Romagna,4459477,102305,2.29,0.52
270,2021-07-22,EMR,40389,21557,18832,15233,24211,945,ITH,ITH5,8,Emilia-Romagna,Emilia-Romagna,4459477,142694,3.2,0.91
271,2021-01-04,EMR,7312,2526,4786,7309,0,3,ITH,ITH5,8,Emilia-Romagna,Emilia-Romagna,4459477,150006,3.36,0.16
272,2021-02-18,EMR,7048,2895,4153,6442,590,16,ITH,ITH5,8,Emilia-Romagna,Emilia-Romagna,4459477,157054,3.52,0.16
273,2021-09-17,EMR,17240,9469,7771,4181,12609,450,ITH,ITH5,8,Emilia-Romagna,Emilia-Romagna,4459477,174294,3.91,0.39
274,2021-09-15,EMR,19939,10608,9331,4623,14727,589,ITH,ITH5,8,Emilia-Romagna,Emilia-Romagna,4459477,194233,4.36,0.45
275,2021-06-07,EMR,40577,20828,19749,33442,6268,867,ITH,ITH5,8,Emilia-Romagna,Emilia-Romagna,4459477,234810,5.27,0.91
276,2021-08-03,EMR,38523,20277,18246,15571,22297,655,ITH,ITH5,8,Emilia-Romagna,Emilia-Romagna,4459477,273333,6.13,0.86
277,2021-05-12,EMR,38975,18313,20662,28474,9707,794,ITH,ITH5,8,Emilia-Romagna,Emilia-Romagna,4459477,312308,7.0,0.87
278,2021-02-01,EMR,10332,3618,6714,355,9975,2,ITH,ITH5,8,Emilia-Romagna,Emilia-Romagna,4459477,322640,7.23,0.23
279,2021-01-18,EMR,3131,881,2250,2448,680,3,ITH,ITH5,8,Emilia-Romagna,Emilia-Romagna,4459477,325771,7.31,0.07
280,2021-03-16,EMR,12256,5028,7228,4875,7316,65,ITH,ITH5,8,Emilia-Romagna,Emilia-Romagna,4459477,338027,7.58,0.27
281,2021-01-25,EMR,6467,2149,4318,205,6261,1,ITH,ITH5,8,Emilia-Romagna,Emilia-Romagna,4459477,344494,7.72,0.15
282,2021-07-01,EMR,34546,16885,17661,14811,18856,879,ITH,ITH5,8,Emilia-Romagna,Emilia-Romagna,4459477,379040,8.5,0.77
283,2021-03-23,EMR,18805,8150,10655,11948,6691,166,ITH,ITH5,8,Emilia-Romagna,Emilia-Romagna,4459477,397845,8.92,0.42
284,2021-01-30,EMR,10096,3528,6568,137,9958,1,ITH,ITH5,8,Emilia-Romagna,Emilia-Romagna,4459477,407941,9.15,0.23
285,2021-01-23,EMR,2448,871,1577,439,2009,0,ITH,ITH5,8,Emilia-Romagna,Emilia-Romagna,4459477,410389,9.2,0.05
286,2021-05-07,EMR,35342,16989,18353,22667,11895,780,ITH,ITH5,8,Emilia-Romagna,Emilia-Romagna,4459477,445731,10.0,0.79
287,2021-07-03,EMR,32129,15938,16191,11410,20025,694,ITH,ITH5,8,Emilia-Romagna,Emilia-Romagna,4459477,477860,10.72,0.72
288,2021-08-29,EMR,20606,11402,9204,8488,11261,857,ITH,ITH5,8,Emilia-Romagna,Emilia-Romagna,4459477,498466,11.18,0.46
289,2021-04-16,EMR,29244,13766,15478,20014,8843,387,ITH,ITH5,8,Emilia-Romagna,Emilia-Romagna,4459477,527710,11.83,0.66
290,2021-01-06,EMR,8293,2956,5337,8292,0,1,ITH,ITH5,8,Emilia-Romagna,Emilia-Romagna,4459477,536003,12.02,0.19
291,2021-08-08,EMR,21629,11720,9909,10578,10497,554,ITH,ITH5,8,Emilia-Romagna,Emilia-Romagna,4459477,557632,12.5,0.49
292,2021-04-30,EMR,36660,16810,19850,21239,14810,611,ITH,ITH5,8,Emilia-Romagna,Emilia-Romagna,4459477,594292,13.33,0.82
293,2021-03-28,EMR,13551,6060,7491,9546,3885,120,ITH,ITH5,8,Emilia-Romagna,Emilia-Romagna,4459477,607843,13.63,0.3
294,2021-07-20,EMR,43148,22555,20593,6663,35791,694,ITH,ITH5,8,Emilia-Romagna,Emilia-Romagna,4459477,650991,14.6,0.97
295,2021-04-11,EMR,15285,6940,8345,11983,3049,253,ITH,ITH5,8,Emilia-Romagna,Emilia-Romagna,4459477,666276,14.94,0.34
296,2021-08-17,EMR,22389,12304,10085,14501,6861,1027,ITH,ITH5,8,Emilia-Romagna,Emilia-Romagna,4459477,688665,15.44,0.5
297,2021-09-03,EMR,23759,12784,10975,6308,16841,610,ITH,ITH5,8,Emilia-Romagna,Emilia-Romagna,4459477,712424,15.98,0.53
298,2021-05-26,EMR,33349,14757,18592,9926,23037,386,ITH,ITH5,8,Emilia-Romagna,Emilia-Romagna,4459477,745773,16.72,0.75
299,2021-06-12,EMR,41393,21890,19503,35464,4923,1006,ITH,ITH5,8,Emilia-Romagna,Emilia-Romagna,4459477,787166,17.65,0.93
300,2021-03-04,EMR,16464,5352,11112,13347,3025,92,ITH,ITH5,8,Emilia-Romagna,Emilia-Romagna,4459477,803630,18.02,0.37
301,2021-05-24,EMR,30012,13740,16272,17967,11530,515,ITH,ITH5,8,Emilia-Romagna,Emilia-Romagna,4459477,833642,18.69,0.67
302,2021-02-13,EMR,3633,1086,2547,3020,599,14,ITH,ITH5,8,Emilia-Romagna,Emilia-Romagna,4459477,837275,18.78,0.08
303,2021-05-31,EMR,29821,13779,16042,17734,11535,552,ITH,ITH5,8,Emilia-Romagna,Emilia-Romagna,4459477,867096,19.44,0.67
304,2021-02-20,EMR,5320,2094,3226,5050,263,7,ITH,ITH5,8,Emilia-Romagna,Emilia-Romagna,4459477,872416,19.56,0.12
305,2021-08-27,EMR,27914,15018,12896,6957,20219,738,ITH,ITH5,8,Emilia-Romagna,Emilia-Romagna,4459477,900330,20.19,0.63
306,2021-05-19,EMR,33845,14999,18846,18042,15270,533,ITH,ITH5,8,Emilia-Romagna,Emilia-Romagna,4459477,934175,20.95,0.76
307,2021-09-10,EMR,26146,14156,11990,5284,20194,668,ITH,ITH5,8,Emilia-Romagna,Emilia-Romagna,4459477,960321,21.53,0.59
308,2021-06-02,EMR,24125,12072,12053,18681,4980,464,ITH,ITH5,8,Emilia-Romagna,Emilia-Romagna,4459477,984446,22.08,0.54
309,2021-07-15,EMR,50402,26251,24151,7892,41800,710,ITH,ITH5,8,Emilia-Romagna,Emilia-Romagna,4459477,1034848,23.21,1.13
310,2021-04-23,EMR,29584,13818,15766,14309,14896,379,ITH,ITH5,8,Emilia-Romagna,Emilia-Romagna,4459477,1064432,23.87,0.66
311,2021-01-13,EMR,9078,2943,6135,9073,0,5,ITH,ITH5,8,Emilia-Romagna,Emilia-Romagna,4459477,1073510,24.07,0.2
312,2021-04-04,EMR,9887,4720,5167,7531,2272,84,ITH,ITH5,8,Emilia-Romagna,Emilia-Romagna,4459477,1083397,24.29,0.22
313,2021-01-11,EMR,9357,3278,6079,9348,0,9,ITH,ITH5,8,Emilia-Romagna,Emilia-Romagna,4459477,1092754,24.5,0.21
314,2021-08-15,EMR,6653,3691,2962,3283,3200,170,ITH,ITH5,8,Emilia-Romagna,Emilia-Romagna,4459477,1099407,24.65,0.15
315,2021-06-26,EMR,37491,19001,18490,21009,15543,939,ITH,ITH5,8,Emilia-Romagna,Emilia-Romagna,4459477,1136898,25.49,0.84
316,2021-08-22,EMR,16470,9045,7425,6738,9104,628,ITH,ITH5,8,Emilia-Romagna,Emilia-Romagna,4459477,1153368,25.86,0.37
317,2021-07-10,EMR,42104,21441,20663,6799,34656,649,ITH,ITH5,8,Emilia-Romagna,Emilia-Romagna,4459477,1195472,26.81,0.94
318,2021-02-25,EMR,9250,3498,5752,8272,955,23,ITH,ITH5,8,Emilia-Romagna,Emilia-Romagna,4459477,1204722,27.01,0.21
319,2021-06-19,EMR,36697,18366,18331,16738,19409,550,ITH,ITH5,8,Emilia-Romagna,Emilia-Romagna,4459477,1241419,27.84,0.82
320,2021-03-11,EMR,17502,7333,10169,11456,5859,187,ITH,ITH5,8,Emilia-Romagna,Emilia-Romagna,4459477,1258921,28.23,0.39
321,2021-02-06,EMR,7605,2409,5196,2108,5493,4,ITH,ITH5,8,Emilia-Romagna,Emilia-Romagna,4459477,1266526,28.4,0.17
322,2021-03-09,EMR,14806,6036,8770,10757,3953,96,ITH,ITH5,8,Emilia-Romagna,Emilia-Romagna,4459477,1281332,28.73,0.33
323,2021-05-05,EMR,30151,14006,16145,18310,11276,565,ITH,ITH5,8,Emilia-Romagna,Emilia-Romagna,4459477,1311483,29.41,0.68
324,2021-01-15,EMR,7754,2407,5347,7746,0,8,ITH,ITH5,8,Emilia-Romagna,Emilia-Romagna,4459477,1319237,29.58,0.17
325,2021-06-09,EMR,43191,21938,21253,35730,6438,1023,ITH,ITH5,8,Emilia-Romagna,Emilia-Romagna,4459477,1362428,30.55,0.97
326,2021-03-01,EMR,10104,3585,6519,7817,2262,25,ITH,ITH5,8,Emilia-Romagna,Emilia-Romagna,4459477,1372532,30.78,0.23
327,2021-08-05,EMR,36772,19458,17314,18385,17411,976,ITH,ITH5,8,Emilia-Romagna,Emilia-Romagna,4459477,1409304,31.6,0.82
328,2021-08-12,EMR,27732,15064,12668,19309,6883,1540,ITH,ITH5,8,Emilia-Romagna,Emilia-Romagna,4459477,1437036,32.22,0.62
329,2021-05-04,EMR,29319,13732,15587,15165,13676,478,ITH,ITH5,8,Emilia-Romagna,Emilia-Romagna,4459477,1466355,32.88,0.66
330,2021-02-27,EMR,10967,3998,6969,9192,1742,33,ITH,ITH5,8,Emilia-Romagna,Emilia-Romagna,4459477,1477322,33.13,0.25
331,2021-02-11,EMR,4256,1416,2840,3397,842,17,ITH,ITH5,8,Emilia-Romagna,Emilia-Romagna,4459477,1481578,33.22,0.1
332,2021-07-29,EMR,40797,21534,19263,14497,25558,742,ITH,ITH5,8,Emilia-Romagna,Emilia-Romagna,4459477,1522375,34.14,0.91
333,2021-07-27,EMR,41136,21853,19283,16995,23332,809,ITH,ITH5,8,Emilia-Romagna,Emilia-Romagna,4459477,1563511,35.06,0.92
334,2021-04-18,EMR,17531,8408,9123,12367,4935,229,ITH,ITH5,8,Emilia-Romagna,Emilia-Romagna,4459477,1581042,35.45,0.39
335,2021-06-14,EMR,41349,21377,19972,27457,13088,804,ITH,ITH5,8,Emilia-Romagna,Emilia-Romagna,4459477,1622391,36.38,0.93
336,2021-09-05,EMR,17121,9221,7900,6398,9992,731,ITH,ITH5,8,Emilia-Romagna,Emilia-Romagna,4459477,1639512,36.76,0.38
337,2021-08-10,EMR,31348,16775,14573,15374,14920,1054,ITH,ITH5,8,Emilia-Romagna,Emilia-Romagna,4459477,1670860,37.47,0.7
338,2021-03-13,EMR,16146,6365,9781,10592,5314,240,ITH,ITH5,8,Emilia-Romagna,Emilia-Romagna,4459477,1687006,37.83,0.36
339,2021-07-05,EMR,33243,16209,17034,11198,21387,658,ITH,ITH5,8,Emilia-Romagna,Emilia-Romagna,4459477,1720249,38.58,0.75
340,2021-03-27,EMR,21684,9075,12609,14525,6910,249,ITH,ITH5,8,Emilia-Romagna,Emilia-Romagna,4459477,1741933,39.06,0.49
341,2021-04-13,EMR,23727,11132,12595,19032,4344,351,ITH,ITH5,8,Emilia-Romagna,Emilia-Romagna,4459477,1765660,39.59,0.53
342,2021-01-03,EMR,2763,945,1818,2763,0,0,ITH,ITH5,8,Emilia-Romagna,Emilia-Romagna,4459477,1768423,39.66,0.06
343,2021-06-30,EMR,34263,17291,16972,17703,15666,894,ITH,ITH5,8,Emilia-Romagna,Emilia-Romagna,4459477,1802686,40.42,0.77
344,2021-07-17,EMR,43666,23054,20612,7174,35751,741,ITH,ITH5,8,Emilia-Romagna,Emilia-Romagna,4459477,1846352,41.4,0.98
345,2021-08-26,EMR,27627,14747,12880,9355,17310,962,ITH,ITH5,8,Emilia-Romagna,Emilia-Romagna,4459477,1873979,42.02,0.62
346,2021-09-12,EMR,14769,8087,6682,3944,10371,454,ITH,ITH5,8,Emilia-Romagna,Emilia-Romagna,4459477,1888748,42.35,0.33
347,2021-08-31,EMR,28056,14955,13101,8308,18680,1068,ITH,ITH5,8,Emilia-Romagna,Emilia-Romagna,4459477,1916804,42.98,0.63
348,2021-05-23,EMR,25506,11868,13638,13581,11608,317,ITH,ITH5,8,Emilia-Romagna,Emilia-Romagna,4459477,1942310,43.55,0.57
349,2021-07-19,EMR,42017,22129,19888,6635,34782,600,ITH,ITH5,8,Emilia-Romagna,Emilia-Romagna,4459477,1984327,44.5,0.94
350,2021-09-14,EMR,20365,11007,9358,4515,15303,547,ITH,ITH5,8,Emilia-Romagna,Emilia-Romagna,4459477,2004692,44.95,0.46
351,2021-05-02,EMR,25595,11656,13939,13191,11999,405,ITH,ITH5,8,Emilia-Romagna,Emilia-Romagna,4459477,2030287,45.53,0.57
352,2021-01-22,EMR,1834,479,1355,1087,745,2,ITH,ITH5,8,Emilia-Romagna,Emilia-Romagna,4459477,2032121,45.57,0.04
353,2021-08-24,EMR,23400,12711,10689,10520,11768,1112,ITH,ITH5,8,Emilia-Romagna,Emilia-Romagna,4459477,2055521,46.09,0.52
354,2021-02-08,EMR,5237,1536,3701,2316,2918,3,ITH,ITH5,8,Emilia-Romagna,Emilia-Romagna,4459477,2060758,46.21,0.12
355,2021-05-16,EMR,25891,12183,13708,18366,7147,378,ITH,ITH5,8,Emilia-Romagna,Emilia-Romagna,4459477,2086649,46.79,0.58
356,2021-02-22,EMR,7487,3094,4393,7201,273,13,ITH,ITH5,8,Emilia-Romagna,Emilia-Romagna,4459477,2094136,46.96,0.17
357,2021-05-09,EMR,25647,12271,13376,18278,6977,392,ITH,ITH5,8,Emilia-Romagna,Emilia-Romagna,4459477,2119783,47.53,0.58
358,2021-01-29,EMR,10428,3500,6928,290,10138,0,ITH,ITH5,8,Emilia-Romagna,Emilia-Romagna,4459477,2130211,47.77,0.23
359,2021-02-15,EMR,2902,849,2053,2709,125,68,ITH,ITH5,8,Emilia-Romagna,Emilia-Romagna,4459477,2133113,47.83,0.07
360,2021-01-27,EMR,8372,2951,5421,461,7911,0,ITH,ITH5,8,Emilia-Romagna,Emilia-Romagna,4459477,2141485,48.02,0.19
361,2021-01-10,EMR,7174,2686,4488,7173,0,1,ITH,ITH5,8,Emilia-Romagna,Emilia-Romagna,4459477,2148659,48.18,0.16
362,2021-06-16,EMR,45966,23540,22426,25239,19971,756,ITH,ITH5,8,Emilia-Romagna,Emilia-Romagna,4459477,2194625,49.21,1.03
363,2021-03-08,EMR,12223,5101,7122,9473,2665,85,ITH,ITH5,8,Emilia-Romagna,Emilia-Romagna,4459477,2206848,49.49,0.27
364,2021-06-11,EMR,45997,23874,22123,38328,6563,1106,ITH,ITH5,8,Emilia-Romagna,Emilia-Romagna,4459477,2252845,50.52,1.03
365,2021-06-28,EMR,40083,19670,20413,19627,19581,875,ITH,ITH5,8,Emilia-Romagna,Emilia-Romagna,4459477,2292928,51.42,0.9
366,2021-03-20,EMR,16094,6832,9262,8959,6966,169,ITH,ITH5,8,Emilia-Romagna,Emilia-Romagna,4459477,2309022,51.78,0.36
367,2021-04-06,EMR,24775,11182,13593,19730,4752,293,ITH,ITH5,8,Emilia-Romagna,Emilia-Romagna,4459477,2333797,52.33,0.56
368,2020-12-27,EMR,973,374,599,973,0,0,ITH,ITH5,8,Emilia-Romagna,Emilia-Romagna,4459477,2334770,52.36,0.02
369,2021-09-19,EMR,6165,3444,2721,2060,3892,213,ITH,ITH5,8,Emilia-Romagna,Emilia-Romagna,4459477,2340935,52.49,0.14
370,2021-07-31,EMR,36232,19243,16989,12136,23391,705,ITH,ITH5,8,Emilia-Romagna,Emilia-Romagna,4459477,2377167,53.31,0.81
371,2021-08-19,EMR,21556,11573,9983,11932,8734,890,ITH,ITH5,8,Emilia-Romagna,Emilia-Romagna,4459477,2398723,53.79,0.48
372,2021-08-09,EMR,30257,16142,14115,16646,12559,1052,ITH,ITH5,8,Emilia-Romagna,Emilia-Romagna,4459477,2428980,54.47,0.68
373,2021-05-01,EMR,28432,12782,15650,15278,12795,359,ITH,ITH5,8,Emilia-Romagna,Emilia-Romagna,4459477,2457412,55.11,0.64
374,2021-06-04,EMR,45768,23028,22740,36805,8207,756,ITH,ITH5,8,Emilia-Romagna,Emilia-Romagna,4459477,2503180,56.13,1.03
375,2021-01-20,EMR,1331,269,1062,1329,1,1,ITH,ITH5,8,Emilia-Romagna,Emilia-Romagna,4459477,2504511,56.16,0.03
376,2021-07-24,EMR,38885,20970,17915,17215,20648,1022,ITH,ITH5,8,Emilia-Romagna,Emilia-Romagna,4459477,2543396,57.03,0.87
377,2021-04-20,EMR,22655,10419,12236,13890,8364,401,ITH,ITH5,8,Emilia-Romagna,Emilia-Romagna,4459477,2566051,57.54,0.51
378,2021-06-23,EMR,38083,19098,18985,18461,18889,733,ITH,ITH5,8,Emilia-Romagna,Emilia-Romagna,4459477,2604134,58.4,0.85
379,2021-01-08,EMR,10878,3587,7291,10875,0,3,ITH,ITH5,8,Emilia-Romagna,Emilia-Romagna,4459477,2615012,58.64,0.24
380,2021-07-12,EMR,44073,22331,21742,5424,38138,511,ITH,ITH5,8,Emilia-Romagna,Emilia-Romagna,4459477,2659085,59.63,0.99
381,2021-09-07,EMR,26057,14086,11971,5852,19613,592,ITH,ITH5,8,Emilia-Romagna,Emilia-Romagna,4459477,2685142,60.21,0.58
382,2021-04-25,EMR,22361,10244,12117,14403,7516,442,ITH,ITH5,8,Emilia-Romagna,Emilia-Romagna,4459477,2707503,60.71,0.5
383,2021-08-07,EMR,30991,17049,13942,17732,12215,1044,ITH,ITH5,8,Emilia-Romagna,Emilia-Romagna,4459477,2738494,61.41,0.69
384,2021-04-27,EMR,32135,14874,17261,19233,12471,431,ITH,ITH5,8,Emilia-Romagna,Emilia-Romagna,4459477,2770629,62.13,0.72
385,2021-05-28,EMR,41305,18966,22339,17272,23434,599,ITH,ITH5,8,Emilia-Romagna,Emilia-Romagna,4459477,2811934,63.06,0.93
386,2021-04-22,EMR,29061,13455,15606,14616,14081,364,ITH,ITH5,8,Emilia-Romagna,Emilia-Romagna,4459477,2840995,63.71,0.65
387,2021-01-12,EMR,9484,3127,6357,9475,0,9,ITH,ITH5,8,Emilia-Romagna,Emilia-Romagna,4459477,2850479,63.92,0.21
388,2021-07-16,EMR,49796,26288,23508,7033,42090,673,ITH,ITH5,8,Emilia-Romagna,Emilia-Romagna,4459477,2900275,65.04,1.12
389,2021-06-27,EMR,29602,14897,14705,16193,12736,673,ITH,ITH5,8,Emilia-Romagna,Emilia-Romagna,4459477,2929877,65.7,0.66
390,2021-07-14,EMR,47986,24548,23438,5589,41862,535,ITH,ITH5,8,Emilia-Romagna,Emilia-Romagna,4459477,2977863,66.78,1.08
391,2021-06-13,EMR,28779,15014,13765,23808,4289,682,ITH,ITH5,8,Emilia-Romagna,Emilia-Romagna,4459477,3006642,67.42,0.65
392,2021-03-05,EMR,17921,5864,12057,14291,3505,125,ITH,ITH5,8,Emilia-Romagna,Emilia-Romagna,4459477,3024563,67.82,0.4
393,2021-03-22,EMR,17659,7820,9839,10615,6872,172,ITH,ITH5,8,Emilia-Romagna,Emilia-Romagna,4459477,3042222,68.22,0.4
394,2021-03-06,EMR,21039,5971,15068,18170,2745,124,ITH,ITH5,8,Emilia-Romagna,Emilia-Romagna,4459477,3063261,68.69,0.47
395,2021-08-28,EMR,26311,14559,11752,8641,16850,820,ITH,ITH5,8,Emilia-Romagna,Emilia-Romagna,4459477,3089572,69.28,0.59
396,2021-05-20,EMR,40415,18345,22070,18392,21503,520,ITH,ITH5,8,Emilia-Romagna,Emilia-Romagna,4459477,3129987,70.19,0.91
397,2021-08-23,EMR,22613,11773,10840,11840,9478,1295,ITH,ITH5,8,Emilia-Romagna,Emilia-Romagna,4459477,3152600,70.69,0.51
398,2021-02-05,EMR,9312,2965,6347,1617,7691,4,ITH,ITH5,8,Emilia-Romagna,Emilia-Romagna,4459477,3161912,70.9,0.21
399,2021-09-11,EMR,24898,14131,10767,4550,19788,560,ITH,ITH5,8,Emilia-Romagna,Emilia-Romagna,4459477,3186810,71.46,0.56
400,2021-08-14,EMR,15810,8917,6893,8331,7029,450,ITH,ITH5,8,Emilia-Romagna,Emilia-Romagna,4459477,3202620,71.82,0.35
401,2021-05-06,EMR,35986,16628,19358,22153,13104,729,ITH,ITH5,8,Emilia-Romagna,Emilia-Romagna,4459477,3238606,72.62,0.81
402,2021-01-26,EMR,8339,3001,5338,209,8129,1,ITH,ITH5,8,Emilia-Romagna,Emilia-Romagna,4459477,3246945,72.81,0.19
403,2021-07-02,EMR,34764,17096,17668,12376,21730,658,ITH,ITH5,8,Emilia-Romagna,Emilia-Romagna,4459477,3281709,73.59,0.78
404,2021-03-24,EMR,21243,9415,11828,13634,7386,223,ITH,ITH5,8,Emilia-Romagna,Emilia-Romagna,4459477,3302952,74.07,0.48
405,2021-01-24,EMR,2446,887,1559,298,2148,0,ITH,ITH5,8,Emilia-Romagna,Emilia-Romagna,4459477,3305398,74.12,0.05
406,2021-02-12,EMR,5330,1679,3651,3900,1407,23,ITH,ITH5,8,Emilia-Romagna,Emilia-Romagna,4459477,3310728,74.24,0.12
407,2021-04-10,EMR,20938,9305,11633,16456,4148,334,ITH,ITH5,8,Emilia-Romagna,Emilia-Romagna,4459477,3331666,74.71,0.47
408,2021-04-17,EMR,27324,13087,14237,17578,9353,393,ITH,ITH5,8,Emilia-Romagna,Emilia-Romagna,4459477,3358990,75.32,0.61
409,2021-01-07,EMR,10291,3408,6883,10287,0,4,ITH,ITH5,8,Emilia-Romagna,Emilia-Romagna,4459477,3369281,75.55,0.23
410,2021-04-15,EMR,29373,13987,15386,19243,9685,445,ITH,ITH5,8,Emilia-Romagna,Emilia-Romagna,4459477,3398654,76.21,0.66
411,2021-06-18,EMR,42792,21457,21335,16279,25936,577,ITH,ITH5,8,Emilia-Romagna,Emilia-Romagna,4459477,3441446,77.17,0.96
412,2021-03-10,EMR,18815,7743,11072,12987,5646,182,ITH,ITH5,8,Emilia-Romagna,Emilia-Romagna,4459477,3460261,77.59,0.42
413,2021-05-18,EMR,29239,13283,15956,18101,10649,489,ITH,ITH5,8,Emilia-Romagna,Emilia-Romagna,4459477,3489500,78.25,0.66
414,2021-02-07,EMR,4794,1537,3257,1724,3068,2,ITH,ITH5,8,Emilia-Romagna,Emilia-Romagna,4459477,3494294,78.36,0.11
415,2021-04-05,EMR,14862,6812,8050,11788,2895,179,ITH,ITH5,8,Emilia-Romagna,Emilia-Romagna,4459477,3509156,78.69,0.33
416,2021-08-02,EMR,38539,20363,18176,14767,23100,672,ITH,ITH5,8,Emilia-Romagna,Emilia-Romagna,4459477,3547695,79.55,0.86
417,2021-04-24,EMR,28656,13251,15405,14063,14243,350,ITH,ITH5,8,Emilia-Romagna,Emilia-Romagna,4459477,3576351,80.2,0.64
418,2021-05-11,EMR,35824,16808,19016,27864,7264,696,ITH,ITH5,8,Emilia-Romagna,Emilia-Romagna,4459477,3612175,81.0,0.8
419,2021-03-03,EMR,15900,5269,10631,13361,2486,53,ITH,ITH5,8,Emilia-Romagna,Emilia-Romagna,4459477,3628075,81.36,0.36
420,2021-09-04,EMR,23728,12912,10816,8373,14454,901,ITH,ITH5,8,Emilia-Romagna,Emilia-Romagna,4459477,3651803,81.89,0.53
421,2021-08-16,EMR,20226,10872,9354,12626,6582,1018,ITH,ITH5,8,Emilia-Romagna,Emilia-Romagna,4459477,3672029,82.34,0.45
422,2021-09-02,EMR,25027,13328,11699,6470,17850,707,ITH,ITH5,8,Emilia-Romagna,Emilia-Romagna,4459477,3697056,82.9,0.56
423,2021-05-25,EMR,25246,11240,14006,11301,13515,430,ITH,ITH5,8,Emilia-Romagna,Emilia-Romagna,4459477,3722302,83.47,0.57
424,2021-06-25,EMR,42868,21815,21053,19738,22317,813,ITH,ITH5,8,Emilia-Romagna,Emilia-Romagna,4459477,3765170,84.43,0.96
425,2021-03-17,EMR,13731,5699,8032,5817,7855,59,ITH,ITH5,8,Emilia-Romagna,Emilia-Romagna,4459477,3778901,84.74,0.31
426,2021-08-21,EMR,19113,10696,8417,10444,7774,895,ITH,ITH5,8,Emilia-Romagna,Emilia-Romagna,4459477,3798014,85.17,0.43
427,2021-05-13,EMR,35880,16525,19355,27297,7862,721,ITH,ITH5,8,Emilia-Romagna,Emilia-Romagna,4459477,3833894,85.97,0.8
428,2021-03-15,EMR,13464,6254,7210,6854,6506,104,ITH,ITH5,8,Emilia-Romagna,Emilia-Romagna,4459477,3847358,86.27,0.3
429,2021-06-20,EMR,30754,15602,15152,15591,14676,487,ITH,ITH5,8,Emilia-Romagna,Emilia-Romagna,4459477,3878112,86.96,0.69
430,2021-04-03,EMR,20003,8787,11216,15958,3800,245,ITH,ITH5,8,Emilia-Romagna,Emilia-Romagna,4459477,3898115,87.41,0.45
431,2021-05-30,EMR,27105,12809,14296,12987,13714,404,ITH,ITH5,8,Emilia-Romagna,Emilia-Romagna,4459477,3925220,88.02,0.61
432,2021-02-19,EMR,7329,3011,4318,6801,514,14,ITH,ITH5,8,Emilia-Romagna,Emilia-Romagna,4459477,3932549,88.18,0.16
433,2021-07-26,EMR,39577,21105,18472,15880,22888,809,ITH,ITH5,8,Emilia-Romagna,Emilia-Romagna,4459477,3972126,89.07,0.89
434,2020-12-31,EMR,2215,780,1435,2214,0,1,ITH,ITH5,8,Emilia-Romagna,Emilia-Romagna,4459477,3974341,89.12,0.05
435,2021-06-06,EMR,36603,19002,17601,31535,4415,653,ITH,ITH5,8,Emilia-Romagna,Emilia-Romagna,4459477,4010944,89.94,0.82
436,2021-02-26,EMR,9642,3677,5965,8562,1054,26,ITH,ITH5,8,Emilia-Romagna,Emilia-Romagna,4459477,4020586,90.16,0.22
437,2021-02-24,EMR,9357,3567,5790,8454,887,16,ITH,ITH5,8,Emilia-Romagna,Emilia-Romagna,4459477,4029943,90.37,0.21
438,2021-01-05,EMR,9373,3173,6200,9369,0,4,ITH,ITH5,8,Emilia-Romagna,Emilia-Romagna,4459477,4039316,90.58,0.21
439,2021-04-29,EMR,44993,21152,23841,26608,17565,820,ITH,ITH5,8,Emilia-Romagna,Emilia-Romagna,4459477,4084309,91.59,1.01
440,2021-01-19,EMR,2051,508,1543,2033,17,1,ITH,ITH5,8,Emilia-Romagna,Emilia-Romagna,4459477,4086360,91.63,0.05
441,2021-07-07,EMR,37926,19153,18773,13395,23728,803,ITH,ITH5,8,Emilia-Romagna,Emilia-Romagna,4459477,4124286,92.48,0.85
442,2021-03-29,EMR,21450,9629,11821,16541,4665,244,ITH,ITH5,8,Emilia-Romagna,Emilia-Romagna,4459477,4145736,92.96,0.48
443,2021-02-09,EMR,4161,1253,2908,2307,1853,1,ITH,ITH5,8,Emilia-Romagna,Emilia-Romagna,4459477,4149897,93.06,0.09
444,2021-09-01,EMR,22606,12047,10559,7182,14672,752,ITH,ITH5,8,Emilia-Romagna,Emilia-Romagna,4459477,4172503,93.56,0.51
445,2021-08-06,EMR,34672,18597,16075,18798,14989,885,ITH,ITH5,8,Emilia-Romagna,Emilia-Romagna,4459477,4207175,94.34,0.78
446,2021-04-28,EMR,33752,15604,18148,20263,12899,590,ITH,ITH5,8,Emilia-Romagna,Emilia-Romagna,4459477,4240927,95.1,0.76
447,2021-01-31,EMR,7709,2771,4938,240,7469,0,ITH,ITH5,8,Emilia-Romagna,Emilia-Romagna,4459477,4248636,95.27,0.17
448,2021-06-29,EMR,37730,18607,19123,18129,18800,801,ITH,ITH5,8,Emilia-Romagna,Emilia-Romagna,4459477,4286366,96.12,0.85
449,2021-03-21,EMR,11960,5296,6664,7263,4603,94,ITH,ITH5,8,Emilia-Romagna,Emilia-Romagna,4459477,4298326,96.39,0.27
450,2021-09-18,EMR,20789,11605,9184,7662,12284,843,ITH,ITH5,8,Emilia-Romagna,Emilia-Romagna,4459477,4319115,96.85,0.47
451,2021-06-10,EMR,45107,23170,21937,38672,5387,1048,ITH,ITH5,8,Emilia-Romagna,Emilia-Romagna,4459477,4364222,97.86,1.01
452,2021-07-23,EMR,40436,21907,18529,19789,19493,1154,ITH,ITH5,8,Emilia-Romagna,Emilia-Romagna,4459477,4404658,98.77,0.91
453,2021-04-14,EMR,27063,12851,14212,20524,6112,427,ITH,ITH5,8,Emilia-Romagna,Emilia-Romagna,4459477,4431721,99.38,0.61
454,2021-01-21,EMR,2169,732,1437,821,1348,0,ITH,ITH5,8,Emilia-Romagna,Emilia-Romagna,4459477,4433890,99.43,0.05
455,2021-06-03,EMR,37938,18445,19493,29685,7561,692,ITH,ITH5,8,Emilia-Romagna,Emilia-Romagna,4459477,4471828,100.28,0.85
456,2021-02-14,EMR,1405,378,1027,1278,120,7,ITH,ITH5,8,Emilia-Romagna,Emilia-Romagna,4459477,4473233,100.31,0.03
457,2021-05-27,EMR,42352,18771,23581,13554,28290,508,ITH,ITH5,8,Emilia-Romagna,Emilia-Romagna,4459477,4515585,101.26,0.95
458,2021-02-16,EMR,5774,2448,3326,5230,530,14,ITH,ITH5,8,Emilia-Romagna,Emilia-Romagna,4459477,4521359,101.39,0.13
459,2021-07-09,EMR,44927,22954,21973,5412,39090,425,ITH,ITH5,8,Emilia-Romagna,Emilia-Romagna,4459477,4566286,102.4,1.01
460,2021-01-17,EMR,2898,890,2008,2648,249,1,ITH,ITH5,8,Emilia-Romagna,Emilia-Romagna,4459477,4569184,102.46,0.06
461,2021-02-21,EMR,4449,1707,2742,3999,440,10,ITH,ITH5,8,Emilia-Romagna,Emilia-Romagna,4459477,4573633,102.56,0.1
462,2021-07-25,EMR,28482,15186,13296,10544,17446,492,ITH,ITH5,8,Emilia-Romagna,Emilia-Romagna,4459477,4602115,103.2,0.64
463,2021-08-11,EMR,27773,14891,12882,12097,14881,795,ITH,ITH5,8,Emilia-Romagna,Emilia-Romagna,4459477,4629888,103.82,0.62
464,2021-08-25,EMR,25158,13557,11601,9576,14613,969,ITH,ITH5,8,Emilia-Romagna,Emilia-Romagna,4459477,4655046,104.39,0.56
465,2021-05-15,EMR,33297,14998,18299,22212,10442,643,ITH,ITH5,8,Emilia-Romagna,Emilia-Romagna,4459477,4688343,105.13,0.75
466,2021-02-04,EMR,9935,3208,6727,1235,8699,1,ITH,ITH5,8,Emilia-Romagna,Emilia-Romagna,4459477,4698278,105.35,0.22
467,2021-05-22,EMR,33180,14162,19018,16472,16251,457,ITH,ITH5,8,Emilia-Romagna,Emilia-Romagna,4459477,4731458,106.1,0.74
468,2021-07-18,EMR,34591,17920,16671,8188,25835,568,ITH,ITH5,8,Emilia-Romagna,Emilia-Romagna,4459477,4766049,106.87,0.78
469,2021-04-09,EMR,25804,11695,14109,19527,5760,517,ITH,ITH5,8,Emilia-Romagna,Emilia-Romagna,4459477,4791853,107.45,0.58
470,2021-02-02,EMR,9500,3056,6444,534,8965,1,ITH,ITH5,8,Emilia-Romagna,Emilia-Romagna,4459477,4801353,107.67,0.21
471,2021-03-02,EMR,12664,4275,8389,10515,2091,58,ITH,ITH5,8,Emilia-Romagna,Emilia-Romagna,4459477,4814017,107.95,0.28
472,2021-03-19,EMR,15924,6970,8954,7791,7971,162,ITH,ITH5,8,Emilia-Romagna,Emilia-Romagna,4459477,4829941,108.31,0.36
473,2021-04-07,EMR,26894,12309,14585,20464,6080,350,ITH,ITH5,8,Emilia-Romagna,Emilia-Romagna,4459477,4856835,108.91,0.6
474,2021-01-14,EMR,8135,2598,5537,8126,0,9,ITH,ITH5,8,Emilia-Romagna,Emilia-Romagna,4459477,4864970,109.09,0.18
475,2021-06-24,EMR,40660,20422,20238,20264,19575,821,ITH,ITH5,8,Emilia-Romagna,Emilia-Romagna,4459477,4905630,110.0,0.91
476,2021-08-20,EMR,19736,10745,8991,10240,8520,976,ITH,ITH5,8,Emilia-Romagna,Emilia-Romagna,4459477,4925366,110.45,0.44
477,2021-02-23,EMR,8216,3218,4998,7818,386,12,ITH,ITH5,8,Emilia-Romagna,Emilia-Romagna,4459477,4933582,110.63,0.18
478,2021-03-12,EMR,18327,7711,10616,11309,6721,297,ITH,ITH5,8,Emilia-Romagna,Emilia-Romagna,4459477,4951909,111.04,0.41
479,2021-04-02,EMR,23414,10558,12856,18556,4489,369,ITH,ITH5,8,Emilia-Romagna,Emilia-Romagna,4459477,4975323,111.57,0.53
480,2021-09-06,EMR,25293,13416,11877,7032,17447,814,ITH,ITH5,8,Emilia-Romagna,Emilia-Romagna,4459477,5000616,112.13,0.57
481,2021-05-29,EMR,37954,16522,21432,16659,20769,526,ITH,ITH5,8,Emilia-Romagna,Emilia-Romagna,4459477,5038570,112.99,0.85
482,2021-08-01,EMR,30058,16169,13889,10270,19379,409,ITH,ITH5,8,Emilia-Romagna,Emilia-Romagna,4459477,5068628,113.66,0.67
483,2021-08-18,EMR,22283,12203,10080,14571,6653,1059,ITH,ITH5,8,Emilia-Romagna,Emilia-Romagna,4459477,5090911,114.16,0.5
484,2021-05-10,EMR,33897,16153,17744,26005,7263,629,ITH,ITH5,8,Emilia-Romagna,Emilia-Romagna,4459477,5124808,114.92,0.76
485,2021-07-30,EMR,39870,21418,18452,15670,23471,729,ITH,ITH5,8,Emilia-Romagna,Emilia-Romagna,4459477,5164678,115.81,0.89
486,2021-04-21,EMR,23978,10974,13004,13872,9743,363,ITH,ITH5,8,Emilia-Romagna,Emilia-Romagna,4459477,5188656,116.35,0.54
487,2021-01-02,EMR,2379,917,1462,2379,0,0,ITH,ITH5,8,Emilia-Romagna,Emilia-Romagna,4459477,5191035,116.4,0.05
488,2021-09-13,EMR,24188,13087,11101,4769,18708,711,ITH,ITH5,8,Emilia-Romagna,Emilia-Romagna,4459477,5215223,116.95,0.54
489,2021-06-05,EMR,44329,22386,21943,36622,6925,782,ITH,ITH5,8,Emilia-Romagna,Emilia-Romagna,4459477,5259552,117.94,0.99
490,2021-06-22,EMR,36546,18201,18345,16255,19644,647,ITH,ITH5,8,Emilia-Romagna,Emilia-Romagna,4459477,5296098,118.76,0.82
491,2021-07-06,EMR,36817,18513,18304,12919,23201,697,ITH,ITH5,8,Emilia-Romagna,Emilia-Romagna,4459477,5332915,119.59,0.83
492,2021-05-17,EMR,32485,15417,17068,22332,9565,588,ITH,ITH5,8,Emilia-Romagna,Emilia-Romagna,4459477,5365400,120.31,0.73
493,2021-08-30,EMR,27028,14190,12838,7626,18364,1038,ITH,ITH5,8,Emilia-Romagna,Emilia-Romagna,4459477,5392428,120.92,0.61
494,2021-06-17,EMR,46715,23669,23046,21769,24236,710,ITH,ITH5,8,Emilia-Romagna,Emilia-Romagna,4459477,5439143,121.97,1.05
495,2021-08-13,EMR,21272,11808,9464,14282,6089,901,ITH,ITH5,8,Emilia-Romagna,Emilia-Romagna,4459477,5460415,122.45,0.48
496,2021-07-11,EMR,30400,15244,15156,2751,27380,269,ITH,ITH5,8,Emilia-Romagna,Emilia-Romagna,4459477,5490815,123.13,0.68
497,2021-03-31,EMR,25305,11067,14238,19505,5474,326,ITH,ITH5,8,Emilia-Romagna,Emilia-Romagna,4459477,5516120,123.69,0.57
498,2021-07-13,EMR,48507,24849,23658,6473,41347,687,ITH,ITH5,8,Emilia-Romagna,Emilia-Romagna,4459477,5564627,124.78,1.09
499,2021-09-08,EMR,23527,12701,10826,5825,17073,629,ITH,ITH5,8,Emilia-Romagna,Emilia-Romagna,4459477,5588154,125.31,0.53
500,2021-05-08,EMR,32380,15112,17268,20397,11439,544,ITH,ITH5,8,Emilia-Romagna,Emilia-Romagna,4459477,5620534,126.04,0.73
501,2021-01-28,EMR,10264,3344,6920,348,9916,0,ITH,ITH5,8,Emilia-Romagna,Emilia-Romagna,4459477,5630798,126.27,0.23
502,2021-07-04,EMR,24276,12071,12205,10172,13612,492,ITH,ITH5,8,Emilia-Romagna,Emilia-Romagna,4459477,5655074,126.81,0.54
503,2021-03-26,EMR,23742,10126,13616,17025,6442,275,ITH,ITH5,8,Emilia-Romagna,Emilia-Romagna,4459477,5678816,127.34,0.53
504,2021-03-25,EMR,21487,9420,12067,14237,6990,260,ITH,ITH5,8,Emilia-Romagna,Emilia-Romagna,4459477,5700303,127.82,0.48
505,2021-05-21,EMR,39389,17563,21826,21635,17133,621,ITH,ITH5,8,Emilia-Romagna,Emilia-Romagna,4459477,5739692,128.71,0.88
506,2021-02-10,EMR,4024,1385,2639,2757,1261,6,ITH,ITH5,8,Emilia-Romagna,Emilia-Romagna,4459477,5743716,128.8,0.09
507,2021-04-08,EMR,31404,14420,16984,25328,5336,740,ITH,ITH5,8,Emilia-Romagna,Emilia-Romagna,4459477,5775120,129.5,0.7
508,2021-03-18,EMR,13782,5852,7930,5682,8008,92,ITH,ITH5,8,Emilia-Romagna,Emilia-Romagna,4459477,5788902,129.81,0.31
509,2021-05-14,EMR,37360,17203,20157,26801,9658,901,ITH,ITH5,8,Emilia-Romagna,Emilia-Romagna,4459477,5826262,130.65,0.84
510,2021-02-03,EMR,9350,2993,6357,962,8387,1,ITH,ITH5,8,Emilia-Romagna,Emilia-Romagna,4459477,5835612,130.86,0.21
511,2021-04-01,EMR,23980,10787,13193,19072,4561,347,ITH,ITH5,8,Emilia-Romagna,Emilia-Romagna,4459477,5859592,131.4,0.54
512,2021-02-17,EMR,6544,2765,3779,5757,774,13,ITH,ITH5,8,Emilia-Romagna,Emilia-Romagna,4459477,5866136,131.54,0.15
513,2021-06-01,EMR,27200,13117,14083,16833,9930,437,ITH,ITH5,8,Emilia-Romagna,Emilia-Romagna,4459477,5893336,132.15,0.61
514,2021-07-28,EMR,38706,20757,17949,13956,24058,692,ITH,ITH5,8,Emilia-Romagna,Emilia-Romagna,4459477,5932042,133.02,0.87
515,2021-09-09,EMR,24772,13163,11609,5222,18920,630,ITH,ITH5,8,Emilia-Romagna,Emilia-Romagna,4459477,5956814,133.58,0.56
516,2021-04-12,EMR,19259,9016,10243,14450,4450,359,ITH,ITH5,8,Emilia-Romagna,Emilia-Romagna,4459477,5976073,134.01,0.43
517,2021-09-16,EMR,21713,11771,9942,3755,17500,458,ITH,ITH5,8,Emilia-Romagna,Emilia-Romagna,4459477,5997786,134.5,0.49
518,2021-06-08,EMR,45154,23120,22034,36790,7550,814,ITH,ITH5,8,Emilia-Romagna,Emilia-Romagna,4459477,6042940,135.51,1.01
519,2021-08-04,EMR,35348,18844,16504,13026,21690,632,ITH,ITH5,8,Emilia-Romagna,Emilia-Romagna,4459477,6078288,136.3,0.79
520,2021-07-21,EMR,43691,23305,20386,10767,32289,635,ITH,ITH5,8,Emilia-Romagna,Emilia-Romagna,4459477,6121979,137.28,0.98
521,2021-04-19,EMR,20922,9806,11116,14337,6284,301,ITH,ITH5,8,Emilia-Romagna,Emilia-Romagna,4459477,6142901,137.75,0.47
522,2021-01-09,EMR,9998,3458,6540,9994,0,4,ITH,ITH5,8,Emilia-Romagna,Emilia-Romagna,4459477,6152899,137.97,0.22
523,2021-06-15,EMR,43882,22644,21238,27908,15075,899,ITH,ITH5,8,Emilia-Romagna,Emilia-Romagna,4459477,6196781,138.96,0.98
524,2021-03-07,EMR,7851,2963,4888,6288,1526,37,ITH,ITH5,8,Emilia-Romagna,Emilia-Romagna,4459477,6204632,139.13,0.18
525,2021-05-03,EMR,28740,13571,15169,17399,10885,456,ITH,ITH5,8,Emilia-Romagna,Emilia-Romagna,4459477,6233372,139.78,0.64
526,2021-02-28,EMR,6830,2528,4302,4959,1852,19,ITH,ITH5,8,Emilia-Romagna,Emilia-Romagna,4459477,6240202,139.93,0.15
527,2021-04-26,EMR,27915,12940,14975,18038,9323,554,ITH,ITH5,8,Emilia-Romagna,Emilia-Romagna,4459477,6268117,140.56,0.63
528,2021-01-16,EMR,5632,1719,3913,5631,0,1,ITH,ITH5,8,Emilia-Romagna,Emilia-Romagna,4459477,6273749,140.68,0.13
529,2021-03-14,EMR,8809,3841,4968,4944,3801,64,ITH,ITH5,8,Emilia-Romagna,Emilia-Romagna,4459477,6282558,140.88,0.2
530,2021-04-18,CAL,5884,2809,3075,4939,920,25,ITF,ITF6,18,Calabria,Calabria,1947131,5884,0.3,0.3
531,2021-04-04,CAL,1574,789,785,1141,422,11,ITF,ITF6,18,Calabria,Calabria,1947131,7458,0.38,0.08
532,2021-06-26,CAL,15586,7202,8384,7573,7942,71,ITF,ITF6,18,Calabria,Calabria,1947131,23044,1.18,0.8
533,2021-07-27,CAL,17586,8993,8593,5019,12479,88,ITF,ITF6,18,Calabria,Calabria,1947131,40630,2.09,0.9
534,2021-01-06,CAL,957,520,437,957,0,0,ITF,ITF6,18,Calabria,Calabria,1947131,41587,2.14,0.05
535,2021-04-16,CAL,10351,5052,5299,8646,1644,61,ITF,ITF6,18,Calabria,Calabria,1947131,51938,2.67,0.53
536,2021-02-18,CAL,1891,878,1013,1638,234,19,ITF,ITF6,18,Calabria,Calabria,1947131,53829,2.76,0.1
537,2021-02-06,CAL,2936,1351,1585,439,2496,1,ITF,ITF6,18,Calabria,Calabria,1947131,56765,2.92,0.15
538,2021-09-05,CAL,1497,812,685,698,782,17,ITF,ITF6,18,Calabria,Calabria,1947131,58262,2.99,0.08
539,2021-07-10,CAL,15947,7540,8407,3244,12659,44,ITF,ITF6,18,Calabria,Calabria,1947131,74209,3.81,0.82
540,2021-01-23,CAL,403,188,215,360,43,0,ITF,ITF6,18,Calabria,Calabria,1947131,74612,3.83,0.02
541,2021-03-09,CAL,6592,3440,3152,5528,989,75,ITF,ITF6,18,Calabria,Calabria,1947131,81204,4.17,0.34
542,2021-02-20,CAL,1516,790,726,1174,328,14,ITF,ITF6,18,Calabria,Calabria,1947131,82720,4.25,0.08
543,2021-08-22,CAL,1525,769,756,485,1021,19,ITF,ITF6,18,Calabria,Calabria,1947131,84245,4.33,0.08
544,2021-05-31,CAL,15301,7348,7953,7310,7909,82,ITF,ITF6,18,Calabria,Calabria,1947131,99546,5.11,0.79
545,2021-07-01,CAL,12398,5838,6560,5474,6839,85,ITF,ITF6,18,Calabria,Calabria,1947131,111944,5.75,0.64
546,2021-02-01,CAL,2561,1214,1347,237,2321,3,ITF,ITF6,18,Calabria,Calabria,1947131,114505,5.88,0.13
547,2021-07-08,CAL,12054,5617,6437,2692,9317,45,ITF,ITF6,18,Calabria,Calabria,1947131,126559,6.5,0.62
548,2021-01-11,CAL,2195,1064,1131,2193,0,2,ITF,ITF6,18,Calabria,Calabria,1947131,128754,6.61,0.11
549,2021-01-25,CAL,1090,522,568,150,940,0,ITF,ITF6,18,Calabria,Calabria,1947131,129844,6.67,0.06
550,2021-05-05,CAL,13638,6524,7114,8415,5144,79,ITF,ITF6,18,Calabria,Calabria,1947131,143482,7.37,0.7
551,2021-09-17,CAL,8956,4653,4303,3891,4843,222,ITF,ITF6,18,Calabria,Calabria,1947131,152438,7.83,0.46
552,2021-08-17,CAL,7686,3914,3772,2762,4829,95,ITF,ITF6,18,Calabria,Calabria,1947131,160124,8.22,0.39
553,2021-08-10,CAL,9785,4915,4870,3598,6085,102,ITF,ITF6,18,Calabria,Calabria,1947131,169909,8.73,0.5
554,2021-06-14,CAL,14359,6511,7848,9627,4655,77,ITF,ITF6,18,Calabria,Calabria,1947131,184268,9.46,0.74
555,2021-03-04,CAL,5497,3198,2299,4677,800,20,ITF,ITF6,18,Calabria,Calabria,1947131,189765,9.75,0.28
556,2021-06-12,CAL,13248,6298,6950,10782,2398,68,ITF,ITF6,18,Calabria,Calabria,1947131,203013,10.43,0.68
557,2021-08-08,CAL,4221,2146,2075,1494,2698,29,ITF,ITF6,18,Calabria,Calabria,1947131,207234,10.64,0.22
558,2021-07-22,CAL,18333,9026,9307,3488,14754,91,ITF,ITF6,18,Calabria,Calabria,1947131,225567,11.58,0.94
559,2021-04-30,CAL,15116,7414,7702,10526,4511,79,ITF,ITF6,18,Calabria,Calabria,1947131,240683,12.36,0.78
560,2021-08-03,CAL,14099,7126,6973,3909,10116,74,ITF,ITF6,18,Calabria,Calabria,1947131,254782,13.08,0.72
561,2021-06-21,CAL,15420,7106,8314,7998,7383,39,ITF,ITF6,18,Calabria,Calabria,1947131,270202,13.88,0.79
562,2021-01-04,CAL,1076,533,543,1073,0,3,ITF,ITF6,18,Calabria,Calabria,1947131,271278,13.93,0.06
563,2021-04-23,CAL,13156,6460,6696,9437,3617,102,ITF,ITF6,18,Calabria,Calabria,1947131,284434,14.61,0.68
564,2021-01-13,CAL,2111,1067,1044,2099,0,12,ITF,ITF6,18,Calabria,Calabria,1947131,286545,14.72,0.11
565,2021-06-07,CAL,18008,8425,9583,14711,3215,82,ITF,ITF6,18,Calabria,Calabria,1947131,304553,15.64,0.92
566,2021-05-24,CAL,17785,8911,8874,9935,7769,81,ITF,ITF6,18,Calabria,Calabria,1947131,322338,16.55,0.91
567,2021-05-07,CAL,16290,7671,8619,9648,6543,99,ITF,ITF6,18,Calabria,Calabria,1947131,338628,17.39,0.84
568,2021-02-13,CAL,1420,613,807,1046,371,3,ITF,ITF6,18,Calabria,Calabria,1947131,340048,17.46,0.07
569,2021-08-15,CAL,52,24,28,18,33,1,ITF,ITF6,18,Calabria,Calabria,1947131,340100,17.47,0.0
570,2021-03-11,CAL,7321,3483,3838,5949,1319,53,ITF,ITF6,18,Calabria,Calabria,1947131,347421,17.84,0.38
571,2021-06-19,CAL,15857,7422,8435,8498,7291,68,ITF,ITF6,18,Calabria,Calabria,1947131,363278,18.66,0.81
572,2021-09-10,CAL,8980,4552,4428,3610,5164,206,ITF,ITF6,18,Calabria,Calabria,1947131,372258,19.12,0.46
573,2021-05-12,CAL,16502,8047,8455,10824,5580,98,ITF,ITF6,18,Calabria,Calabria,1947131,388760,19.97,0.85
574,2021-05-26,CAL,18752,9340,9412,10335,8325,92,ITF,ITF6,18,Calabria,Calabria,1947131,407512,20.93,0.96
575,2021-03-30,CAL,6524,2852,3672,3655,2845,24,ITF,ITF6,18,Calabria,Calabria,1947131,414036,21.26,0.34
576,2021-09-03,CAL,9064,4630,4434,3572,5302,190,ITF,ITF6,18,Calabria,Calabria,1947131,423100,21.73,0.47
577,2021-03-02,CAL,4427,2503,1924,3622,796,9,ITF,ITF6,18,Calabria,Calabria,1947131,427527,21.96,0.23
578,2021-03-16,CAL,3875,1901,1974,2182,1680,13,ITF,ITF6,18,Calabria,Calabria,1947131,431402,22.16,0.2
579,2021-07-29,CAL,17590,8770,8820,4714,12774,102,ITF,ITF6,18,Calabria,Calabria,1947131,448992,23.06,0.9
580,2021-02-11,CAL,2353,1053,1300,1064,1267,22,ITF,ITF6,18,Calabria,Calabria,1947131,451345,23.18,0.12
581,2021-03-28,CAL,2695,1234,1461,1562,1126,7,ITF,ITF6,18,Calabria,Calabria,1947131,454040,23.32,0.14
582,2021-08-29,CAL,1686,889,797,722,933,31,ITF,ITF6,18,Calabria,Calabria,1947131,455726,23.4,0.09
583,2021-01-30,CAL,2212,1172,1040,294,1915,3,ITF,ITF6,18,Calabria,Calabria,1947131,457938,23.52,0.11
584,2021-02-17,CAL,1879,833,1046,1649,213,17,ITF,ITF6,18,Calabria,Calabria,1947131,459817,23.62,0.1
585,2021-07-24,CAL,18177,9343,8834,4681,13396,100,ITF,ITF6,18,Calabria,Calabria,1947131,477994,24.55,0.93
586,2021-06-23,CAL,17253,7879,9374,8145,9025,83,ITF,ITF6,18,Calabria,Calabria,1947131,495247,25.43,0.89
587,2021-03-13,CAL,7038,3050,3988,5947,1053,38,ITF,ITF6,18,Calabria,Calabria,1947131,502285,25.8,0.36
588,2021-09-15,CAL,7778,3846,3932,3288,4290,200,ITF,ITF6,18,Calabria,Calabria,1947131,510063,26.2,0.4
589,2021-02-25,CAL,2934,1578,1356,2289,605,40,ITF,ITF6,18,Calabria,Calabria,1947131,512997,26.35,0.15
590,2021-01-18,CAL,1311,594,717,1058,249,4,ITF,ITF6,18,Calabria,Calabria,1947131,514308,26.41,0.07
591,2021-07-03,CAL,15183,7147,8036,5282,9823,78,ITF,ITF6,18,Calabria,Calabria,1947131,529491,27.19,0.78
592,2021-04-11,CAL,4214,1916,2298,2243,1954,17,ITF,ITF6,18,Calabria,Calabria,1947131,533705,27.41,0.22
593,2021-07-20,CAL,17494,8484,9010,3195,14224,75,ITF,ITF6,18,Calabria,Calabria,1947131,551199,28.31,0.9
594,2021-06-11,CAL,17833,8761,9072,15127,2581,125,ITF,ITF6,18,Calabria,Calabria,1947131,569032,29.22,0.92
595,2021-09-19,CAL,1026,572,454,563,441,22,ITF,ITF6,18,Calabria,Calabria,1947131,570058,29.28,0.05
596,2021-01-08,CAL,2202,1049,1153,2195,0,7,ITF,ITF6,18,Calabria,Calabria,1947131,572260,29.39,0.11
597,2021-03-18,CAL,4513,2112,2401,2345,2142,26,ITF,ITF6,18,Calabria,Calabria,1947131,576773,29.62,0.23
598,2021-05-14,CAL,19954,9584,10370,12949,6889,116,ITF,ITF6,18,Calabria,Calabria,1947131,596727,30.65,1.02
599,2021-04-27,CAL,9983,4906,5077,7957,1974,52,ITF,ITF6,18,Calabria,Calabria,1947131,606710,31.16,0.51
600,2021-02-03,CAL,2872,1481,1391,515,2352,5,ITF,ITF6,18,Calabria,Calabria,1947131,609582,31.31,0.15
601,2021-07-19,CAL,19021,9110,9911,3030,15940,51,ITF,ITF6,18,Calabria,Calabria,1947131,628603,32.28,0.98
602,2021-08-05,CAL,12470,6287,6183,3878,8494,98,ITF,ITF6,18,Calabria,Calabria,1947131,641073,32.92,0.64
603,2021-05-23,CAL,11394,5555,5839,6994,4356,44,ITF,ITF6,18,Calabria,Calabria,1947131,652467,33.51,0.59
604,2021-03-01,CAL,2764,1567,1197,2299,461,4,ITF,ITF6,18,Calabria,Calabria,1947131,655231,33.65,0.14
605,2021-06-09,CAL,18267,8627,9640,15896,2285,86,ITF,ITF6,18,Calabria,Calabria,1947131,673498,34.59,0.94
606,2021-05-28,CAL,21023,10218,10805,11424,9486,113,ITF,ITF6,18,Calabria,Calabria,1947131,694521,35.67,1.08
607,2021-04-15,CAL,7805,3821,3984,6001,1756,48,ITF,ITF6,18,Calabria,Calabria,1947131,702326,36.07,0.4
608,2021-04-01,CAL,8705,3962,4743,4152,4514,39,ITF,ITF6,18,Calabria,Calabria,1947131,711031,36.52,0.45
609,2021-02-27,CAL,4069,2097,1972,3675,387,7,ITF,ITF6,18,Calabria,Calabria,1947131,715100,36.73,0.21
610,2021-07-31,CAL,13810,7060,6750,3636,10096,78,ITF,ITF6,18,Calabria,Calabria,1947131,728910,37.44,0.71
611,2021-01-27,CAL,1491,757,734,383,1107,1,ITF,ITF6,18,Calabria,Calabria,1947131,730401,37.51,0.08
612,2021-04-13,CAL,6978,3428,3550,5614,1337,27,ITF,ITF6,18,Calabria,Calabria,1947131,737379,37.87,0.36
613,2021-01-20,CAL,1410,630,780,1406,1,3,ITF,ITF6,18,Calabria,Calabria,1947131,738789,37.94,0.07
614,2021-01-03,CAL,6,3,3,6,0,0,ITF,ITF6,18,Calabria,Calabria,1947131,738795,37.94,0.0
615,2021-03-27,CAL,8863,4034,4829,4669,4149,45,ITF,ITF6,18,Calabria,Calabria,1947131,747658,38.4,0.46
616,2021-07-05,CAL,13385,6252,7133,4259,9061,65,ITF,ITF6,18,Calabria,Calabria,1947131,761043,39.09,0.69
617,2021-03-06,CAL,8553,4406,4147,7710,818,25,ITF,ITF6,18,Calabria,Calabria,1947131,769596,39.52,0.44
618,2021-08-19,CAL,5872,2945,2927,2345,3468,59,ITF,ITF6,18,Calabria,Calabria,1947131,775468,39.83,0.3
619,2021-05-09,CAL,9704,4533,5171,6031,3625,48,ITF,ITF6,18,Calabria,Calabria,1947131,785172,40.32,0.5
620,2021-02-22,CAL,2108,1075,1033,1537,562,9,ITF,ITF6,18,Calabria,Calabria,1947131,787280,40.43,0.11
621,2021-06-02,CAL,12116,5806,6310,8788,3278,50,ITF,ITF6,18,Calabria,Calabria,1947131,799396,41.06,0.62
622,2021-08-07,CAL,9528,4874,4654,3019,6445,64,ITF,ITF6,18,Calabria,Calabria,1947131,808924,41.54,0.49
623,2021-05-16,CAL,13818,6741,7077,9919,3844,55,ITF,ITF6,18,Calabria,Calabria,1947131,822742,42.25,0.71
624,2021-03-08,CAL,5524,2992,2532,4405,1086,33,ITF,ITF6,18,Calabria,Calabria,1947131,828266,42.54,0.28
625,2021-03-25,CAL,7522,3552,3970,4545,2938,39,ITF,ITF6,18,Calabria,Calabria,1947131,835788,42.92,0.39
626,2021-09-07,CAL,5892,2979,2913,2769,2980,143,ITF,ITF6,18,Calabria,Calabria,1947131,841680,43.23,0.3
627,2021-06-16,CAL,18343,8476,9867,12127,6126,90,ITF,ITF6,18,Calabria,Calabria,1947131,860023,44.17,0.94
628,2021-09-02,CAL,7541,3917,3624,3159,4260,122,ITF,ITF6,18,Calabria,Calabria,1947131,867564,44.56,0.39
629,2021-02-14,CAL,491,229,262,453,37,1,ITF,ITF6,18,Calabria,Calabria,1947131,868055,44.58,0.03
630,2021-05-25,CAL,16428,8047,8381,10215,6126,87,ITF,ITF6,18,Calabria,Calabria,1947131,884483,45.42,0.84
631,2021-01-26,CAL,1896,911,985,269,1626,1,ITF,ITF6,18,Calabria,Calabria,1947131,886379,45.52,0.1
632,2021-08-31,CAL,6828,3377,3451,2670,4031,127,ITF,ITF6,18,Calabria,Calabria,1947131,893207,45.87,0.35
633,2021-07-12,CAL,17981,8539,9442,2687,15245,49,ITF,ITF6,18,Calabria,Calabria,1947131,911188,46.8,0.92
634,2021-01-10,CAL,958,540,418,958,0,0,ITF,ITF6,18,Calabria,Calabria,1947131,912146,46.85,0.05
635,2021-04-20,CAL,7907,3993,3914,6080,1750,77,ITF,ITF6,18,Calabria,Calabria,1947131,920053,47.25,0.41
636,2021-01-29,CAL,2081,1005,1076,226,1854,1,ITF,ITF6,18,Calabria,Calabria,1947131,922134,47.36,0.11
637,2021-05-04,CAL,16538,7626,8912,11622,4810,106,ITF,ITF6,18,Calabria,Calabria,1947131,938672,48.21,0.85
638,2021-08-12,CAL,7644,3881,3763,2799,4669,176,ITF,ITF6,18,Calabria,Calabria,1947131,946316,48.6,0.39
639,2021-01-22,CAL,662,276,386,660,2,0,ITF,ITF6,18,Calabria,Calabria,1947131,946978,48.63,0.03
640,2021-05-02,CAL,12562,5862,6700,10582,1912,68,ITF,ITF6,18,Calabria,Calabria,1947131,959540,49.28,0.65
641,2021-04-08,CAL,9374,4441,4933,5830,3490,54,ITF,ITF6,18,Calabria,Calabria,1947131,968914,49.76,0.48
642,2021-09-12,CAL,2137,1121,1016,824,1276,37,ITF,ITF6,18,Calabria,Calabria,1947131,971051,49.87,0.11
643,2021-02-10,CAL,2526,1086,1440,876,1635,15,ITF,ITF6,18,Calabria,Calabria,1947131,973577,50.0,0.13
644,2021-07-17,CAL,18335,9045,9290,2705,15562,68,ITF,ITF6,18,Calabria,Calabria,1947131,991912,50.94,0.94
645,2021-06-04,CAL,17545,8158,9387,12951,4524,70,ITF,ITF6,18,Calabria,Calabria,1947131,1009457,51.84,0.9
646,2021-05-21,CAL,21378,10888,10490,13859,7410,109,ITF,ITF6,18,Calabria,Calabria,1947131,1030835,52.94,1.1
647,2021-01-15,CAL,2820,1267,1553,2814,0,6,ITF,ITF6,18,Calabria,Calabria,1947131,1033655,53.09,0.14
648,2021-04-25,CAL,15900,8069,7831,14799,1033,68,ITF,ITF6,18,Calabria,Calabria,1947131,1049555,53.9,0.82
649,2021-08-26,CAL,7208,3602,3606,3177,3908,123,ITF,ITF6,18,Calabria,Calabria,1947131,1056763,54.27,0.37
650,2021-06-30,CAL,16394,7509,8885,7015,9277,102,ITF,ITF6,18,Calabria,Calabria,1947131,1073157,55.11,0.84
651,2021-06-28,CAL,13307,6127,7180,5372,7867,68,ITF,ITF6,18,Calabria,Calabria,1947131,1086464,55.8,0.68
652,2021-09-11,CAL,4842,2580,2262,1912,2809,121,ITF,ITF6,18,Calabria,Calabria,1947131,1091306,56.05,0.25
653,2021-06-18,CAL,18924,8813,10111,11284,7520,120,ITF,ITF6,18,Calabria,Calabria,1947131,1110230,57.02,0.97
654,2021-08-24,CAL,6505,3228,3277,2319,4101,85,ITF,ITF6,18,Calabria,Calabria,1947131,1116735,57.35,0.33
655,2021-07-21,CAL,22117,10623,11494,4513,17488,116,ITF,ITF6,18,Calabria,Calabria,1947131,1138852,58.49,1.14
656,2021-01-17,CAL,914,441,473,808,100,6,ITF,ITF6,18,Calabria,Calabria,1947131,1139766,58.54,0.05
657,2021-03-24,CAL,8026,3672,4354,4586,3415,25,ITF,ITF6,18,Calabria,Calabria,1947131,1147792,58.95,0.41
658,2021-04-10,CAL,11743,5315,6428,6830,4868,45,ITF,ITF6,18,Calabria,Calabria,1947131,1159535,59.55,0.6
659,2021-03-29,CAL,5786,2501,3285,3975,1777,34,ITF,ITF6,18,Calabria,Calabria,1947131,1165321,59.85,0.3
660,2021-01-31,CAL,1132,564,568,148,984,0,ITF,ITF6,18,Calabria,Calabria,1947131,1166453,59.91,0.06
661,2021-07-07,CAL,13976,6585,7391,3900,9999,77,ITF,ITF6,18,Calabria,Calabria,1947131,1180429,60.62,0.72
662,2021-05-11,CAL,15152,7335,7817,10243,4837,72,ITF,ITF6,18,Calabria,Calabria,1947131,1195581,61.4,0.78
663,2021-07-16,CAL,21059,10034,11025,3375,17607,77,ITF,ITF6,18,Calabria,Calabria,1947131,1216640,62.48,1.08
664,2021-07-28,CAL,21381,10734,10647,5893,15374,114,ITF,ITF6,18,Calabria,Calabria,1947131,1238021,63.58,1.1
665,2021-04-22,CAL,9844,4922,4922,6852,2938,54,ITF,ITF6,18,Calabria,Calabria,1947131,1247865,64.09,0.51
666,2021-05-06,CAL,13368,6325,7043,8923,4372,73,ITF,ITF6,18,Calabria,Calabria,1947131,1261233,64.77,0.69
667,2021-08-14,CAL,2236,1195,1041,731,1489,16,ITF,ITF6,18,Calabria,Calabria,1947131,1263469,64.89,0.11
668,2021-07-14,CAL,22648,10681,11967,4156,18415,77,ITF,ITF6,18,Calabria,Calabria,1947131,1286117,66.05,1.16
669,2021-04-05,CAL,3647,1730,1917,2674,960,13,ITF,ITF6,18,Calabria,Calabria,1947131,1289764,66.24,0.19
670,2021-03-20,CAL,6797,3115,3682,4183,2597,17,ITF,ITF6,18,Calabria,Calabria,1947131,1296561,66.59,0.35
671,2021-03-15,CAL,3669,1773,1896,2167,1490,12,ITF,ITF6,18,Calabria,Calabria,1947131,1300230,66.78,0.19
672,2021-08-28,CAL,5313,2784,2529,1904,3314,95,ITF,ITF6,18,Calabria,Calabria,1947131,1305543,67.05,0.27
673,2021-07-02,CAL,16273,7534,8739,6232,9953,88,ITF,ITF6,18,Calabria,Calabria,1947131,1321816,67.89,0.84
674,2021-05-20,CAL,16999,8509,8490,11271,5659,69,ITF,ITF6,18,Calabria,Calabria,1947131,1338815,68.76,0.87
675,2021-01-05,CAL,1556,733,823,1554,0,2,ITF,ITF6,18,Calabria,Calabria,1947131,1340371,68.84,0.08
676,2021-01-12,CAL,2094,1035,1059,2085,0,9,ITF,ITF6,18,Calabria,Calabria,1947131,1342465,68.95,0.11
677,2021-08-16,CAL,6977,3567,3410,2376,4539,62,ITF,ITF6,18,Calabria,Calabria,1947131,1349442,69.3,0.36
678,2021-02-12,CAL,1717,673,1044,943,768,6,ITF,ITF6,18,Calabria,Calabria,1947131,1351159,69.39,0.09
679,2021-03-10,CAL,6892,3510,3382,5475,1378,39,ITF,ITF6,18,Calabria,Calabria,1947131,1358051,69.75,0.35
680,2021-08-23,CAL,7681,3814,3867,2793,4782,106,ITF,ITF6,18,Calabria,Calabria,1947131,1365732,70.14,0.39
681,2021-06-01,CAL,12886,5977,6909,7884,4942,60,ITF,ITF6,18,Calabria,Calabria,1947131,1378618,70.8,0.66
682,2021-09-09,CAL,6296,3152,3144,2396,3785,115,ITF,ITF6,18,Calabria,Calabria,1947131,1384914,71.13,0.32
683,2021-05-13,CAL,15991,7696,8295,11176,4738,77,ITF,ITF6,18,Calabria,Calabria,1947131,1400905,71.95,0.82
684,2021-02-19,CAL,1521,689,832,1248,264,9,ITF,ITF6,18,Calabria,Calabria,1947131,1402426,72.03,0.08
685,2021-05-30,CAL,11010,5308,5702,6821,4154,35,ITF,ITF6,18,Calabria,Calabria,1947131,1413436,72.59,0.57
686,2021-02-05,CAL,3866,1747,2119,472,3379,15,ITF,ITF6,18,Calabria,Calabria,1947131,1417302,72.79,0.2
687,2021-04-29,CAL,12528,6095,6433,8654,3814,60,ITF,ITF6,18,Calabria,Calabria,1947131,1429830,73.43,0.64
688,2021-04-12,CAL,7049,3429,3620,5354,1666,29,ITF,ITF6,18,Calabria,Calabria,1947131,1436879,73.79,0.36
689,2021-01-19,CAL,1133,500,633,1118,13,2,ITF,ITF6,18,Calabria,Calabria,1947131,1438012,73.85,0.06
690,2021-01-24,CAL,47,20,27,41,6,0,ITF,ITF6,18,Calabria,Calabria,1947131,1438059,73.86,0.0
691,2021-07-09,CAL,15683,7309,8374,3633,11979,71,ITF,ITF6,18,Calabria,Calabria,1947131,1453742,74.66,0.81
692,2021-08-21,CAL,3648,1861,1787,1440,2161,47,ITF,ITF6,18,Calabria,Calabria,1947131,1457390,74.85,0.19
693,2021-06-08,CAL,16688,7904,8784,14513,2051,124,ITF,ITF6,18,Calabria,Calabria,1947131,1474078,75.71,0.86
694,2021-09-16,CAL,6892,3401,3491,2742,3990,160,ITF,ITF6,18,Calabria,Calabria,1947131,1480970,76.06,0.35
695,2021-03-17,CAL,4203,1882,2321,2190,2003,10,ITF,ITF6,18,Calabria,Calabria,1947131,1485173,76.27,0.22
696,2021-06-25,CAL,18839,8748,10091,8063,10688,88,ITF,ITF6,18,Calabria,Calabria,1947131,1504012,77.24,0.97
697,2021-07-13,CAL,17440,8159,9281,2305,15064,71,ITF,ITF6,18,Calabria,Calabria,1947131,1521452,78.14,0.9
698,2021-02-24,CAL,1952,996,956,1467,479,6,ITF,ITF6,18,Calabria,Calabria,1947131,1523404,78.24,0.1
699,2021-03-03,CAL,5127,2800,2327,4023,1090,14,ITF,ITF6,18,Calabria,Calabria,1947131,1528531,78.5,0.26
700,2021-06-27,CAL,8427,3948,4479,4986,3399,42,ITF,ITF6,18,Calabria,Calabria,1947131,1536958,78.93,0.43
701,2021-04-03,CAL,9465,4095,5370,4535,4866,64,ITF,ITF6,18,Calabria,Calabria,1947131,1546423,79.42,0.49
702,2020-12-28,CAL,6,2,4,6,0,0,ITF,ITF6,18,Calabria,Calabria,1947131,1546429,79.42,0.0
703,2021-06-03,CAL,14259,6656,7603,9589,4616,54,ITF,ITF6,18,Calabria,Calabria,1947131,1560688,80.15,0.73
704,2021-04-07,CAL,9203,4181,5022,5069,4074,60,ITF,ITF6,18,Calabria,Calabria,1947131,1569891,80.63,0.47
705,2021-02-23,CAL,1619,766,853,1495,119,5,ITF,ITF6,18,Calabria,Calabria,1947131,1571510,80.71,0.08
706,2021-08-04,CAL,16016,8121,7895,4246,11667,103,ITF,ITF6,18,Calabria,Calabria,1947131,1587526,81.53,0.82
707,2021-06-29,CAL,13078,6041,7037,5352,7674,52,ITF,ITF6,18,Calabria,Calabria,1947131,1600604,82.2,0.67
708,2021-05-03,CAL,14860,6807,8053,10463,4303,94,ITF,ITF6,18,Calabria,Calabria,1947131,1615464,82.97,0.76
709,2021-03-21,CAL,4468,1930,2538,2725,1730,13,ITF,ITF6,18,Calabria,Calabria,1947131,1619932,83.2,0.23
710,2021-05-17,CAL,14912,7464,7448,10133,4721,58,ITF,ITF6,18,Calabria,Calabria,1947131,1634844,83.96,0.77
711,2021-08-25,CAL,8845,4328,4517,3324,5385,136,ITF,ITF6,18,Calabria,Calabria,1947131,1643689,84.42,0.45
712,2021-04-19,CAL,7909,3820,4089,6173,1688,48,ITF,ITF6,18,Calabria,Calabria,1947131,1651598,84.82,0.41
713,2021-01-09,CAL,2105,1130,975,2097,0,8,ITF,ITF6,18,Calabria,Calabria,1947131,1653703,84.93,0.11
714,2021-09-01,CAL,9140,4693,4447,3497,5497,146,ITF,ITF6,18,Calabria,Calabria,1947131,1662843,85.4,0.47
715,2021-07-04,CAL,5957,2824,3133,1991,3930,36,ITF,ITF6,18,Calabria,Calabria,1947131,1668800,85.71,0.31
716,2021-06-17,CAL,15820,7228,8592,9595,6171,54,ITF,ITF6,18,Calabria,Calabria,1947131,1684620,86.52,0.81
717,2021-03-26,CAL,8122,3854,4268,4948,3140,34,ITF,ITF6,18,Calabria,Calabria,1947131,1692742,86.94,0.42
718,2021-09-08,CAL,7722,3985,3737,3300,4267,155,ITF,ITF6,18,Calabria,Calabria,1947131,1700464,87.33,0.4
719,2021-02-07,CAL,872,435,437,143,727,2,ITF,ITF6,18,Calabria,Calabria,1947131,1701336,87.38,0.04
720,2021-05-18,CAL,15345,7678,7667,11848,3428,69,ITF,ITF6,18,Calabria,Calabria,1947131,1716681,88.16,0.79
721,2021-03-22,CAL,5009,2355,2654,3185,1801,23,ITF,ITF6,18,Calabria,Calabria,1947131,1721690,88.42,0.26
722,2021-09-04,CAL,5553,2959,2594,2320,3127,106,ITF,ITF6,18,Calabria,Calabria,1947131,1727243,88.71,0.29
723,2021-01-28,CAL,2300,1144,1156,78,2222,0,ITF,ITF6,18,Calabria,Calabria,1947131,1729543,88.83,0.12
724,2021-08-13,CAL,7593,3918,3675,2443,5082,68,ITF,ITF6,18,Calabria,Calabria,1947131,1737136,89.22,0.39
725,2021-05-08,CAL,18588,8434,10154,10494,8013,81,ITF,ITF6,18,Calabria,Calabria,1947131,1755724,90.17,0.95
726,2021-05-22,CAL,22204,10564,11640,14212,7903,89,ITF,ITF6,18,Calabria,Calabria,1947131,1777928,91.31,1.14
727,2021-08-30,CAL,9372,4707,4665,3141,6106,125,ITF,ITF6,18,Calabria,Calabria,1947131,1787300,91.79,0.48
728,2021-04-21,CAL,11640,5848,5792,8637,2940,63,ITF,ITF6,18,Calabria,Calabria,1947131,1798940,92.39,0.6
729,2021-07-30,CAL,19735,10061,9674,5512,14095,128,ITF,ITF6,18,Calabria,Calabria,1947131,1818675,93.4,1.01
730,2021-03-31,CAL,9168,4182,4986,5065,4065,38,ITF,ITF6,18,Calabria,Calabria,1947131,1827843,93.87,0.47
731,2021-04-09,CAL,8049,3774,4275,5061,2897,91,ITF,ITF6,18,Calabria,Calabria,1947131,1835892,94.29,0.41
732,2021-09-13,CAL,8486,4295,4191,3217,5117,152,ITF,ITF6,18,Calabria,Calabria,1947131,1844378,94.72,0.44
733,2021-02-21,CAL,671,307,364,591,79,1,ITF,ITF6,18,Calabria,Calabria,1947131,1845049,94.76,0.03
734,2021-04-28,CAL,12578,6101,6477,9622,2884,72,ITF,ITF6,18,Calabria,Calabria,1947131,1857627,95.4,0.65
735,2021-02-04,CAL,3678,1748,1930,647,3025,6,ITF,ITF6,18,Calabria,Calabria,1947131,1861305,95.59,0.19
736,2021-05-15,CAL,27282,13057,14225,20265,6885,132,ITF,ITF6,18,Calabria,Calabria,1947131,1888587,96.99,1.4
737,2021-08-06,CAL,15623,7932,7691,5084,10405,134,ITF,ITF6,18,Calabria,Calabria,1947131,1904210,97.8,0.8
738,2021-02-02,CAL,2376,1170,1206,176,2200,0,ITF,ITF6,18,Calabria,Calabria,1947131,1906586,97.92,0.12
739,2021-01-16,CAL,2429,1140,1289,2426,0,3,ITF,ITF6,18,Calabria,Calabria,1947131,1909015,98.04,0.12
740,2021-03-07,CAL,3417,1744,1673,3310,93,14,ITF,ITF6,18,Calabria,Calabria,1947131,1912432,98.22,0.18
741,2021-08-11,CAL,11059,5673,5386,3522,7422,115,ITF,ITF6,18,Calabria,Calabria,1947131,1923491,98.79,0.57
742,2021-06-15,CAL,15163,7053,8110,10238,4832,93,ITF,ITF6,18,Calabria,Calabria,1947131,1938654,99.56,0.78
743,2021-03-14,CAL,2776,1073,1703,2283,486,7,ITF,ITF6,18,Calabria,Calabria,1947131,1941430,99.71,0.14
744,2021-08-18,CAL,9458,4850,4608,3390,5968,100,ITF,ITF6,18,Calabria,Calabria,1947131,1950888,100.19,0.49
745,2021-06-22,CAL,14628,6919,7709,7379,7153,96,ITF,ITF6,18,Calabria,Calabria,1947131,1965516,100.94,0.75
746,2021-02-28,CAL,2381,1086,1295,2221,157,3,ITF,ITF6,18,Calabria,Calabria,1947131,1967897,101.07,0.12
747,2021-02-09,CAL,2179,923,1256,953,1216,10,ITF,ITF6,18,Calabria,Calabria,1947131,1970076,101.18,0.11
748,2021-05-29,CAL,19305,8964,10341,9354,9876,75,ITF,ITF6,18,Calabria,Calabria,1947131,1989381,102.17,0.99
749,2021-09-06,CAL,7995,4112,3883,3437,4419,139,ITF,ITF6,18,Calabria,Calabria,1947131,1997376,102.58,0.41
750,2021-07-06,CAL,12495,5750,6745,3824,8605,66,ITF,ITF6,18,Calabria,Calabria,1947131,2009871,103.22,0.64
751,2021-01-02,CAL,166,94,72,166,0,0,ITF,ITF6,18,Calabria,Calabria,1947131,2010037,103.23,0.01
752,2021-04-02,CAL,8561,3923,4638,4585,3942,34,ITF,ITF6,18,Calabria,Calabria,1947131,2018598,103.67,0.44
753,2021-06-24,CAL,15422,7026,8396,6981,8360,81,ITF,ITF6,18,Calabria,Calabria,1947131,2034020,104.46,0.79
754,2021-03-19,CAL,4270,1997,2273,1885,2378,7,ITF,ITF6,18,Calabria,Calabria,1947131,2038290,104.68,0.22
755,2021-07-11,CAL,6435,2986,3449,846,5578,11,ITF,ITF6,18,Calabria,Calabria,1947131,2044725,105.01,0.33
756,2021-09-18,CAL,5649,3043,2606,2878,2604,167,ITF,ITF6,18,Calabria,Calabria,1947131,2050374,105.3,0.29
757,2021-06-10,CAL,15897,7334,8563,12983,2812,102,ITF,ITF6,18,Calabria,Calabria,1947131,2066271,106.12,0.82
758,2021-07-18,CAL,8791,4205,4586,1280,7479,32,ITF,ITF6,18,Calabria,Calabria,1947131,2075062,106.57,0.45
759,2021-06-05,CAL,20799,9715,11084,17634,3084,81,ITF,ITF6,18,Calabria,Calabria,1947131,2095861,107.64,1.07
760,2021-05-10,CAL,13173,6125,7048,7683,5421,69,ITF,ITF6,18,Calabria,Calabria,1947131,2109034,108.31,0.68
761,2021-04-26,CAL,10195,5061,5134,7710,2434,51,ITF,ITF6,18,Calabria,Calabria,1947131,2119229,108.84,0.52
762,2021-07-25,CAL,6949,3571,3378,1467,5450,32,ITF,ITF6,18,Calabria,Calabria,1947131,2126178,109.2,0.36
763,2021-04-14,CAL,8099,3911,4188,6588,1461,50,ITF,ITF6,18,Calabria,Calabria,1947131,2134277,109.61,0.42
764,2021-02-16,CAL,1755,746,1009,1468,281,6,ITF,ITF6,18,Calabria,Calabria,1947131,2136032,109.7,0.09
765,2021-07-23,CAL,22752,11353,11399,5557,17090,105,ITF,ITF6,18,Calabria,Calabria,1947131,2158784,110.87,1.17
766,2021-05-27,CAL,17677,8742,8935,9771,7823,83,ITF,ITF6,18,Calabria,Calabria,1947131,2176461,111.78,0.91
767,2021-08-01,CAL,4895,2562,2333,1172,3699,24,ITF,ITF6,18,Calabria,Calabria,1947131,2181356,112.03,0.25
768,2021-05-19,CAL,18324,9081,9243,11258,6990,76,ITF,ITF6,18,Calabria,Calabria,1947131,2199680,112.97,0.94
769,2021-03-23,CAL,5268,2470,2798,3420,1824,24,ITF,ITF6,18,Calabria,Calabria,1947131,2204948,113.24,0.27
770,2021-08-27,CAL,9163,4771,4392,3611,5392,160,ITF,ITF6,18,Calabria,Calabria,1947131,2214111,113.71,0.47
771,2021-07-15,CAL,18284,8810,9474,2519,15712,53,ITF,ITF6,18,Calabria,Calabria,1947131,2232395,114.65,0.94
772,2021-02-15,CAL,1184,568,616,1014,165,5,ITF,ITF6,18,Calabria,Calabria,1947131,2233579,114.71,0.06
773,2021-09-14,CAL,6536,3220,3316,2520,3887,129,ITF,ITF6,18,Calabria,Calabria,1947131,2240115,115.05,0.34
774,2020-12-27,CAL,317,169,148,317,0,0,ITF,ITF6,18,Calabria,Calabria,1947131,2240432,115.06,0.02
775,2021-04-06,CAL,8190,3732,4458,4464,3689,37,ITF,ITF6,18,Calabria,Calabria,1947131,2248622,115.48,0.42
776,2021-02-08,CAL,1880,748,1132,667,1210,3,ITF,ITF6,18,Calabria,Calabria,1947131,2250502,115.58,0.1
777,2021-04-24,CAL,19309,9609,9700,15757,3462,90,ITF,ITF6,18,Calabria,Calabria,1947131,2269811,116.57,0.99
778,2021-02-26,CAL,3173,1685,1488,2694,464,15,ITF,ITF6,18,Calabria,Calabria,1947131,2272984,116.74,0.16
779,2021-08-02,CAL,15080,7537,7543,3724,11298,58,ITF,ITF6,18,Calabria,Calabria,1947131,2288064,117.51,0.77
780,2021-06-20,CAL,6651,3150,3501,3815,2808,28,ITF,ITF6,18,Calabria,Calabria,1947131,2294715,117.85,0.34
781,2021-06-06,CAL,13811,6640,7171,12015,1725,71,ITF,ITF6,18,Calabria,Calabria,1947131,2308526,118.56,0.71
782,2021-01-07,CAL,2226,1091,1135,2222,0,4,ITF,ITF6,18,Calabria,Calabria,1947131,2310752,118.67,0.11
783,2021-06-13,CAL,6861,3367,3494,5729,1076,56,ITF,ITF6,18,Calabria,Calabria,1947131,2317613,119.03,0.35
784,2021-04-17,CAL,10870,5082,5788,9030,1788,52,ITF,ITF6,18,Calabria,Calabria,1947131,2328483,119.59,0.56
785,2021-05-01,CAL,16756,7984,8772,12399,4264,93,ITF,ITF6,18,Calabria,Calabria,1947131,2345239,120.45,0.86
786,2021-03-05,CAL,6243,3623,2620,5648,579,16,ITF,ITF6,18,Calabria,Calabria,1947131,2351482,120.77,0.32
787,2021-08-09,CAL,13164,6712,6452,4639,8362,163,ITF,ITF6,18,Calabria,Calabria,1947131,2364646,121.44,0.68
788,2021-07-26,CAL,18798,9338,9460,5211,13492,95,ITF,ITF6,18,Calabria,Calabria,1947131,2383444,122.41,0.97
789,2021-03-12,CAL,5162,2473,2689,4074,1065,23,ITF,ITF6,18,Calabria,Calabria,1947131,2388606,122.67,0.27
790,2021-01-14,CAL,2678,1272,1406,2672,0,6,ITF,ITF6,18,Calabria,Calabria,1947131,2391284,122.81,0.14
791,2021-01-21,CAL,984,461,523,946,35,3,ITF,ITF6,18,Calabria,Calabria,1947131,2392268,122.86,0.05
792,2021-08-20,CAL,7570,3823,3747,3018,4459,93,ITF,ITF6,18,Calabria,Calabria,1947131,2399838,123.25,0.39
793,2021-04-08,BAS,788,361,427,760,10,18,ITF,ITF5,17,Basilicata,Basilicata,559084,788,0.14,0.14
794,2021-04-22,BAS,5051,2353,2698,3382,1614,55,ITF,ITF5,17,Basilicata,Basilicata,559084,5839,1.04,0.9
795,2021-07-31,BAS,5469,2877,2592,1822,3591,56,ITF,ITF5,17,Basilicata,Basilicata,559084,11308,2.02,0.98
796,2021-07-17,BAS,5858,2918,2940,1710,4109,39,ITF,ITF5,17,Basilicata,Basilicata,559084,17166,3.07,1.05
797,2021-06-30,BAS,3452,1668,1784,2315,1111,26,ITF,ITF5,17,Basilicata,Basilicata,559084,20618,3.69,0.62
798,2021-05-04,BAS,4142,1995,2147,3568,524,50,ITF,ITF5,17,Basilicata,Basilicata,559084,24760,4.43,0.74
799,2021-03-08,BAS,1477,725,752,823,621,33,ITF,ITF5,17,Basilicata,Basilicata,559084,26237,4.69,0.26
800,2021-06-16,BAS,4606,2086,2520,2126,2460,20,ITF,ITF5,17,Basilicata,Basilicata,559084,30843,5.52,0.82
801,2021-03-25,BAS,1886,606,1280,1513,349,24,ITF,ITF5,17,Basilicata,Basilicata,559084,32729,5.85,0.34
802,2021-01-27,BAS,422,179,243,113,309,0,ITF,ITF5,17,Basilicata,Basilicata,559084,33151,5.93,0.08
803,2021-02-10,BAS,552,241,311,497,53,2,ITF,ITF5,17,Basilicata,Basilicata,559084,33703,6.03,0.1
804,2021-05-21,BAS,4578,2321,2257,1480,3086,12,ITF,ITF5,17,Basilicata,Basilicata,559084,38281,6.85,0.82
805,2021-08-12,BAS,3919,2001,1918,1678,2159,82,ITF,ITF5,17,Basilicata,Basilicata,559084,42200,7.55,0.7
806,2021-07-26,BAS,5417,2721,2696,1991,3388,38,ITF,ITF5,17,Basilicata,Basilicata,559084,47617,8.52,0.97
807,2021-01-22,BAS,67,24,43,67,0,0,ITF,ITF5,17,Basilicata,Basilicata,559084,47684,8.53,0.01
808,2021-07-24,BAS,5748,2944,2804,1775,3923,50,ITF,ITF5,17,Basilicata,Basilicata,559084,53432,9.56,1.03
809,2021-05-30,BAS,2778,1421,1357,920,1853,5,ITF,ITF5,17,Basilicata,Basilicata,559084,56210,10.05,0.5
810,2021-04-03,BAS,1815,754,1061,1464,338,13,ITF,ITF5,17,Basilicata,Basilicata,559084,58025,10.38,0.32
811,2021-09-07,BAS,2657,1371,1286,679,1906,72,ITF,ITF5,17,Basilicata,Basilicata,559084,60682,10.85,0.48
812,2021-08-24,BAS,3268,1767,1501,1478,1713,77,ITF,ITF5,17,Basilicata,Basilicata,559084,63950,11.44,0.58
813,2021-01-15,BAS,819,353,466,819,0,0,ITF,ITF5,17,Basilicata,Basilicata,559084,64769,11.58,0.15
814,2020-12-27,BAS,106,41,65,106,0,0,ITF,ITF5,17,Basilicata,Basilicata,559084,64875,11.6,0.02
815,2021-03-20,BAS,1307,577,730,276,1024,7,ITF,ITF5,17,Basilicata,Basilicata,559084,66182,11.84,0.23
816,2021-06-28,BAS,3641,1747,1894,2113,1509,19,ITF,ITF5,17,Basilicata,Basilicata,559084,69823,12.49,0.65
817,2021-01-10,BAS,77,24,53,77,0,0,ITF,ITF5,17,Basilicata,Basilicata,559084,69900,12.5,0.01
818,2021-04-20,BAS,4151,1982,2169,2179,1944,28,ITF,ITF5,17,Basilicata,Basilicata,559084,74051,13.25,0.74
819,2021-08-07,BAS,4519,2377,2142,1360,3098,61,ITF,ITF5,17,Basilicata,Basilicata,559084,78570,14.05,0.81
820,2021-06-04,BAS,4832,2289,2543,3749,1046,37,ITF,ITF5,17,Basilicata,Basilicata,559084,83402,14.92,0.86
821,2021-09-12,BAS,1754,929,825,303,1423,28,ITF,ITF5,17,Basilicata,Basilicata,559084,85156,15.23,0.31
822,2021-02-24,BAS,1815,744,1071,1729,75,11,ITF,ITF5,17,Basilicata,Basilicata,559084,86971,15.56,0.32
823,2021-08-26,BAS,2523,1278,1245,1120,1339,64,ITF,ITF5,17,Basilicata,Basilicata,559084,89494,16.01,0.45
824,2021-02-22,BAS,1799,778,1021,1737,53,9,ITF,ITF5,17,Basilicata,Basilicata,559084,91293,16.33,0.32
825,2021-06-09,BAS,4422,2071,2351,3966,423,33,ITF,ITF5,17,Basilicata,Basilicata,559084,95715,17.12,0.79
826,2021-04-13,BAS,2120,1054,1066,1278,823,19,ITF,ITF5,17,Basilicata,Basilicata,559084,97835,17.5,0.38
827,2021-03-01,BAS,553,286,267,384,169,0,ITF,ITF5,17,Basilicata,Basilicata,559084,98388,17.6,0.1
828,2021-08-14,BAS,3478,1906,1572,1421,1997,60,ITF,ITF5,17,Basilicata,Basilicata,559084,101866,18.22,0.62
829,2021-06-18,BAS,4465,2066,2399,2179,2259,27,ITF,ITF5,17,Basilicata,Basilicata,559084,106331,19.02,0.8
830,2021-02-17,BAS,1137,493,644,1058,77,2,ITF,ITF5,17,Basilicata,Basilicata,559084,107468,19.22,0.2
831,2021-05-28,BAS,3617,1811,1806,918,2666,33,ITF,ITF5,17,Basilicata,Basilicata,559084,111085,19.87,0.65
832,2021-06-11,BAS,4236,1982,2254,3166,1028,42,ITF,ITF5,17,Basilicata,Basilicata,559084,115321,20.63,0.76
833,2021-09-19,BAS,1539,850,689,250,1269,20,ITF,ITF5,17,Basilicata,Basilicata,559084,116860,20.9,0.28
834,2021-08-19,BAS,3595,1871,1724,1671,1836,88,ITF,ITF5,17,Basilicata,Basilicata,559084,120455,21.55,0.64
835,2021-05-11,BAS,2654,1353,1301,1597,1033,24,ITF,ITF5,17,Basilicata,Basilicata,559084,123109,22.02,0.47
836,2021-05-02,BAS,4182,2001,2181,3489,629,64,ITF,ITF5,17,Basilicata,Basilicata,559084,127291,22.77,0.75
837,2021-04-15,BAS,3431,1679,1752,2586,799,46,ITF,ITF5,17,Basilicata,Basilicata,559084,130722,23.38,0.61
838,2021-07-07,BAS,5203,2470,2733,2019,3169,15,ITF,ITF5,17,Basilicata,Basilicata,559084,135925,24.31,0.93
839,2021-01-03,BAS,910,347,563,910,0,0,ITF,ITF5,17,Basilicata,Basilicata,559084,136835,24.47,0.16
840,2021-02-05,BAS,998,449,549,64,932,2,ITF,ITF5,17,Basilicata,Basilicata,559084,137833,24.65,0.18
841,2021-07-12,BAS,5441,2592,2849,1606,3809,26,ITF,ITF5,17,Basilicata,Basilicata,559084,143274,25.63,0.97
842,2021-05-16,BAS,4973,2468,2505,2805,2113,55,ITF,ITF5,17,Basilicata,Basilicata,559084,148247,26.52,0.89
843,2021-07-19,BAS,5926,2890,3036,1998,3886,42,ITF,ITF5,17,Basilicata,Basilicata,559084,154173,27.58,1.06
844,2021-05-23,BAS,4518,2302,2216,1527,2984,7,ITF,ITF5,17,Basilicata,Basilicata,559084,158691,28.38,0.81
845,2021-03-06,BAS,1377,544,833,752,612,13,ITF,ITF5,17,Basilicata,Basilicata,559084,160068,28.63,0.25
846,2021-05-09,BAS,4688,2342,2346,2945,1694,49,ITF,ITF5,17,Basilicata,Basilicata,559084,164756,29.47,0.84
847,2021-02-15,BAS,636,240,396,576,44,16,ITF,ITF5,17,Basilicata,Basilicata,559084,165392,29.58,0.11
848,2021-09-02,BAS,3032,1624,1408,881,2073,78,ITF,ITF5,17,Basilicata,Basilicata,559084,168424,30.12,0.54
849,2021-04-01,BAS,2743,1122,1621,1968,743,32,ITF,ITF5,17,Basilicata,Basilicata,559084,171167,30.62,0.49
850,2021-02-03,BAS,675,305,370,32,643,0,ITF,ITF5,17,Basilicata,Basilicata,559084,171842,30.74,0.12
851,2021-08-23,BAS,3315,1736,1579,1369,1864,82,ITF,ITF5,17,Basilicata,Basilicata,559084,175157,31.33,0.59
852,2021-01-24,BAS,869,317,552,58,810,1,ITF,ITF5,17,Basilicata,Basilicata,559084,176026,31.48,0.16
853,2021-05-13,BAS,5988,2970,3018,3298,2598,92,ITF,ITF5,17,Basilicata,Basilicata,559084,182014,32.56,1.07
854,2021-08-21,BAS,3268,1778,1490,1711,1461,96,ITF,ITF5,17,Basilicata,Basilicata,559084,185282,33.14,0.58
855,2021-01-08,BAS,556,220,336,556,0,0,ITF,ITF5,17,Basilicata,Basilicata,559084,185838,33.24,0.1
856,2021-03-15,BAS,2385,999,1386,514,1852,19,ITF,ITF5,17,Basilicata,Basilicata,559084,188223,33.67,0.43
857,2021-01-17,BAS,331,133,198,330,1,0,ITF,ITF5,17,Basilicata,Basilicata,559084,188554,33.73,0.06
858,2021-04-27,BAS,4730,2243,2487,4349,327,54,ITF,ITF5,17,Basilicata,Basilicata,559084,193284,34.57,0.85
859,2021-08-05,BAS,4558,2321,2237,1284,3232,42,ITF,ITF5,17,Basilicata,Basilicata,559084,197842,35.39,0.82
860,2021-06-23,BAS,3240,1522,1718,2331,876,33,ITF,ITF5,17,Basilicata,Basilicata,559084,201082,35.97,0.58
861,2021-09-14,BAS,2328,1283,1045,458,1821,49,ITF,ITF5,17,Basilicata,Basilicata,559084,203410,36.38,0.42
862,2021-03-13,BAS,1811,896,915,740,1049,22,ITF,ITF5,17,Basilicata,Basilicata,559084,205221,36.71,0.32
863,2021-07-14,BAS,5641,2721,2920,1627,3989,25,ITF,ITF5,17,Basilicata,Basilicata,559084,210862,37.72,1.01
864,2021-04-05,BAS,726,235,491,411,305,10,ITF,ITF5,17,Basilicata,Basilicata,559084,211588,37.85,0.13
865,2021-03-22,BAS,1223,549,674,641,574,8,ITF,ITF5,17,Basilicata,Basilicata,559084,212811,38.06,0.22
866,2021-07-09,BAS,5338,2608,2730,1696,3633,9,ITF,ITF5,17,Basilicata,Basilicata,559084,218149,39.02,0.95
867,2021-04-17,BAS,3462,1656,1806,2171,1262,29,ITF,ITF5,17,Basilicata,Basilicata,559084,221611,39.64,0.62
868,2021-01-29,BAS,619,233,386,63,556,0,ITF,ITF5,17,Basilicata,Basilicata,559084,222230,39.75,0.11
869,2021-03-05,BAS,1886,870,1016,1105,764,17,ITF,ITF5,17,Basilicata,Basilicata,559084,224116,40.09,0.34
870,2021-06-13,BAS,3014,1440,1574,2678,308,28,ITF,ITF5,17,Basilicata,Basilicata,559084,227130,40.63,0.54
871,2021-05-27,BAS,3623,1863,1760,1072,2537,14,ITF,ITF5,17,Basilicata,Basilicata,559084,230753,41.27,0.65
872,2021-09-04,BAS,2605,1396,1209,774,1763,68,ITF,ITF5,17,Basilicata,Basilicata,559084,233358,41.74,0.47
873,2021-06-01,BAS,6137,2927,3210,3034,3076,27,ITF,ITF5,17,Basilicata,Basilicata,559084,239495,42.84,1.1
874,2021-09-09,BAS,3182,1702,1480,684,2418,80,ITF,ITF5,17,Basilicata,Basilicata,559084,242677,43.41,0.57
875,2021-08-04,BAS,4500,2232,2268,1423,3035,42,ITF,ITF5,17,Basilicata,Basilicata,559084,247177,44.21,0.8
876,2021-06-08,BAS,4587,2195,2392,4191,358,38,ITF,ITF5,17,Basilicata,Basilicata,559084,251764,45.03,0.82
877,2021-03-03,BAS,1812,847,965,1220,565,27,ITF,ITF5,17,Basilicata,Basilicata,559084,253576,45.36,0.32
878,2021-05-25,BAS,4200,2114,2086,868,3322,10,ITF,ITF5,17,Basilicata,Basilicata,559084,257776,46.11,0.75
879,2021-02-14,BAS,151,48,103,105,0,46,ITF,ITF5,17,Basilicata,Basilicata,559084,257927,46.13,0.03
880,2021-01-31,BAS,78,24,54,0,78,0,ITF,ITF5,17,Basilicata,Basilicata,559084,258005,46.15,0.01
881,2021-01-12,BAS,217,88,129,217,0,0,ITF,ITF5,17,Basilicata,Basilicata,559084,258222,46.19,0.04
882,2021-02-07,BAS,384,163,221,49,335,0,ITF,ITF5,17,Basilicata,Basilicata,559084,258606,46.26,0.07
883,2021-05-18,BAS,5895,2855,3040,3376,2492,27,ITF,ITF5,17,Basilicata,Basilicata,559084,264501,47.31,1.05
884,2021-08-09,BAS,4013,2066,1947,1568,2398,47,ITF,ITF5,17,Basilicata,Basilicata,559084,268514,48.03,0.72
885,2021-07-23,BAS,5551,2781,2770,1889,3616,46,ITF,ITF5,17,Basilicata,Basilicata,559084,274065,49.02,0.99
886,2021-05-01,BAS,4708,2139,2569,3883,755,70,ITF,ITF5,17,Basilicata,Basilicata,559084,278773,49.86,0.84
887,2021-06-27,BAS,3007,1477,1530,2377,616,14,ITF,ITF5,17,Basilicata,Basilicata,559084,281780,50.4,0.54
888,2021-04-29,BAS,4859,2398,2461,4341,441,77,ITF,ITF5,17,Basilicata,Basilicata,559084,286639,51.27,0.87
889,2021-03-17,BAS,1475,615,860,24,1447,4,ITF,ITF5,17,Basilicata,Basilicata,559084,288114,51.53,0.26
890,2021-03-29,BAS,2482,898,1584,2141,288,53,ITF,ITF5,17,Basilicata,Basilicata,559084,290596,51.98,0.44
891,2021-01-05,BAS,953,410,543,953,0,0,ITF,ITF5,17,Basilicata,Basilicata,559084,291549,52.15,0.17
892,2021-06-20,BAS,4010,1883,2127,1939,2036,35,ITF,ITF5,17,Basilicata,Basilicata,559084,295559,52.86,0.72
893,2021-09-11,BAS,2868,1520,1348,763,2040,65,ITF,ITF5,17,Basilicata,Basilicata,559084,298427,53.38,0.51
894,2021-02-26,BAS,2165,908,1257,2077,82,6,ITF,ITF5,17,Basilicata,Basilicata,559084,300592,53.77,0.39
895,2021-05-20,BAS,5885,2981,2904,2886,2971,28,ITF,ITF5,17,Basilicata,Basilicata,559084,306477,54.82,1.05
896,2021-08-28,BAS,2277,1289,988,1112,1105,60,ITF,ITF5,17,Basilicata,Basilicata,559084,308754,55.22,0.41
897,2021-06-06,BAS,4512,2074,2438,3695,779,38,ITF,ITF5,17,Basilicata,Basilicata,559084,313266,56.03,0.81
898,2021-09-06,BAS,3013,1569,1444,746,2189,78,ITF,ITF5,17,Basilicata,Basilicata,559084,316279,56.57,0.54
899,2021-05-10,BAS,4804,2382,2422,2709,2042,53,ITF,ITF5,17,Basilicata,Basilicata,559084,321083,57.43,0.86
900,2021-08-18,BAS,3571,1975,1596,1499,1976,96,ITF,ITF5,17,Basilicata,Basilicata,559084,324654,58.07,0.64
901,2021-04-24,BAS,4584,2222,2362,3477,1051,56,ITF,ITF5,17,Basilicata,Basilicata,559084,329238,58.89,0.82
902,2021-08-02,BAS,4609,2333,2276,1778,2791,40,ITF,ITF5,17,Basilicata,Basilicata,559084,333847,59.71,0.82
903,2021-07-16,BAS,5932,2899,3033,1802,4096,34,ITF,ITF5,17,Basilicata,Basilicata,559084,339779,60.77,1.06
904,2021-01-19,BAS,199,84,115,199,0,0,ITF,ITF5,17,Basilicata,Basilicata,559084,339978,60.81,0.04
905,2021-06-25,BAS,3317,1571,1746,2444,839,34,ITF,ITF5,17,Basilicata,Basilicata,559084,343295,61.4,0.59
906,2021-07-04,BAS,3112,1563,1549,2164,922,26,ITF,ITF5,17,Basilicata,Basilicata,559084,346407,61.96,0.56
907,2021-08-30,BAS,3199,1711,1488,1549,1546,104,ITF,ITF5,17,Basilicata,Basilicata,559084,349606,62.53,0.57
908,2021-03-24,BAS,2002,771,1231,1481,495,26,ITF,ITF5,17,Basilicata,Basilicata,559084,351608,62.89,0.36
909,2021-07-02,BAS,3689,1839,1850,2484,1176,29,ITF,ITF5,17,Basilicata,Basilicata,559084,355297,63.55,0.66
910,2021-04-12,BAS,2175,1054,1121,1651,494,30,ITF,ITF5,17,Basilicata,Basilicata,559084,357472,63.94,0.39
911,2021-09-16,BAS,2441,1266,1175,407,1981,53,ITF,ITF5,17,Basilicata,Basilicata,559084,359913,64.38,0.44
912,2021-07-21,BAS,5845,2942,2903,1611,4201,33,ITF,ITF5,17,Basilicata,Basilicata,559084,365758,65.42,1.05
913,2021-04-19,BAS,4182,1920,2262,2394,1653,135,ITF,ITF5,17,Basilicata,Basilicata,559084,369940,66.17,0.75
914,2021-07-28,BAS,5037,2576,2461,1929,3048,60,ITF,ITF5,17,Basilicata,Basilicata,559084,374977,67.07,0.9
915,2021-05-08,BAS,4845,2407,2438,3378,1413,54,ITF,ITF5,17,Basilicata,Basilicata,559084,379822,67.94,0.87
916,2021-08-16,BAS,3566,1866,1700,1484,1998,84,ITF,ITF5,17,Basilicata,Basilicata,559084,383388,68.57,0.64
917,2021-03-10,BAS,1688,847,841,838,839,11,ITF,ITF5,17,Basilicata,Basilicata,559084,385076,68.88,0.3
918,2021-08-11,BAS,3709,1922,1787,1428,2223,58,ITF,ITF5,17,Basilicata,Basilicata,559084,388785,69.54,0.66
919,2021-04-14,BAS,2047,1002,1045,1354,677,16,ITF,ITF5,17,Basilicata,Basilicata,559084,390832,69.91,0.37
920,2021-01-21,BAS,31,10,21,30,1,0,ITF,ITF5,17,Basilicata,Basilicata,559084,390863,69.91,0.01
921,2021-01-04,BAS,614,275,339,614,0,0,ITF,ITF5,17,Basilicata,Basilicata,559084,391477,70.02,0.11
922,2021-07-06,BAS,4210,2008,2202,2114,2060,36,ITF,ITF5,17,Basilicata,Basilicata,559084,395687,70.77,0.75
923,2021-03-14,BAS,1014,480,534,530,471,13,ITF,ITF5,17,Basilicata,Basilicata,559084,396701,70.96,0.18
924,2021-03-31,BAS,3129,1279,1850,2301,798,30,ITF,ITF5,17,Basilicata,Basilicata,559084,399830,71.52,0.56
925,2021-09-13,BAS,2383,1260,1123,490,1847,46,ITF,ITF5,17,Basilicata,Basilicata,559084,402213,71.94,0.43
926,2021-06-22,BAS,4355,2061,2294,2223,2100,32,ITF,ITF5,17,Basilicata,Basilicata,559084,406568,72.72,0.78
927,2021-09-01,BAS,3248,1683,1565,1045,2104,99,ITF,ITF5,17,Basilicata,Basilicata,559084,409816,73.3,0.58
928,2021-02-11,BAS,958,406,552,873,83,2,ITF,ITF5,17,Basilicata,Basilicata,559084,410774,73.47,0.17
929,2021-07-18,BAS,4389,2163,2226,1576,2786,27,ITF,ITF5,17,Basilicata,Basilicata,559084,415163,74.26,0.79
930,2021-08-01,BAS,4210,2114,2096,1633,2537,40,ITF,ITF5,17,Basilicata,Basilicata,559084,419373,75.01,0.75
931,2021-06-29,BAS,3856,1880,1976,2785,1043,28,ITF,ITF5,17,Basilicata,Basilicata,559084,423229,75.7,0.69
932,2021-01-26,BAS,813,358,455,101,712,0,ITF,ITF5,17,Basilicata,Basilicata,559084,424042,75.85,0.15
933,2021-05-06,BAS,5069,2441,2628,3431,1587,51,ITF,ITF5,17,Basilicata,Basilicata,559084,429111,76.75,0.91
934,2021-05-15,BAS,6533,3344,3189,3875,2575,83,ITF,ITF5,17,Basilicata,Basilicata,559084,435644,77.92,1.17
935,2021-04-02,BAS,2346,1059,1287,1715,606,25,ITF,ITF5,17,Basilicata,Basilicata,559084,437990,78.34,0.42
936,2021-02-04,BAS,1108,446,662,64,1044,0,ITF,ITF5,17,Basilicata,Basilicata,559084,439098,78.54,0.2
937,2021-07-11,BAS,5032,2406,2626,1509,3498,25,ITF,ITF5,17,Basilicata,Basilicata,559084,444130,79.44,0.9
938,2021-09-15,BAS,2380,1255,1125,566,1764,50,ITF,ITF5,17,Basilicata,Basilicata,559084,446510,79.86,0.43
939,2021-02-02,BAS,370,145,225,175,194,1,ITF,ITF5,17,Basilicata,Basilicata,559084,446880,79.93,0.07
940,2021-06-15,BAS,3222,1417,1805,2225,976,21,ITF,ITF5,17,Basilicata,Basilicata,559084,450102,80.51,0.58
941,2021-02-28,BAS,813,347,466,772,37,4,ITF,ITF5,17,Basilicata,Basilicata,559084,450915,80.65,0.15
942,2021-01-02,BAS,958,383,575,957,0,1,ITF,ITF5,17,Basilicata,Basilicata,559084,451873,80.82,0.17
943,2021-01-16,BAS,726,305,421,726,0,0,ITF,ITF5,17,Basilicata,Basilicata,559084,452599,80.95,0.13
944,2021-03-19,BAS,2317,1004,1313,260,2050,7,ITF,ITF5,17,Basilicata,Basilicata,559084,454916,81.37,0.41
945,2021-08-20,BAS,3123,1679,1444,1451,1593,79,ITF,ITF5,17,Basilicata,Basilicata,559084,458039,81.93,0.56
946,2021-02-16,BAS,908,377,531,791,98,19,ITF,ITF5,17,Basilicata,Basilicata,559084,458947,82.09,0.16
947,2021-01-23,BAS,763,325,438,33,730,0,ITF,ITF5,17,Basilicata,Basilicata,559084,459710,82.23,0.14
948,2021-05-03,BAS,4511,2044,2467,3620,827,64,ITF,ITF5,17,Basilicata,Basilicata,559084,464221,83.03,0.81
949,2021-02-09,BAS,496,216,280,318,178,0,ITF,ITF5,17,Basilicata,Basilicata,559084,464717,83.12,0.09
950,2021-06-05,BAS,4801,2211,2590,3824,941,36,ITF,ITF5,17,Basilicata,Basilicata,559084,469518,83.98,0.86
951,2021-08-27,BAS,2479,1313,1166,999,1410,70,ITF,ITF5,17,Basilicata,Basilicata,559084,471997,84.42,0.44
952,2021-02-23,BAS,1912,773,1139,1753,141,18,ITF,ITF5,17,Basilicata,Basilicata,559084,473909,84.77,0.34
953,2021-06-03,BAS,4922,2258,2664,3703,1181,38,ITF,ITF5,17,Basilicata,Basilicata,559084,478831,85.65,0.88
954,2021-03-12,BAS,1924,988,936,785,1109,30,ITF,ITF5,17,Basilicata,Basilicata,559084,480755,85.99,0.34
955,2021-05-17,BAS,5548,2735,2813,3362,2136,50,ITF,ITF5,17,Basilicata,Basilicata,559084,486303,86.98,0.99
956,2021-08-25,BAS,2682,1407,1275,1259,1339,84,ITF,ITF5,17,Basilicata,Basilicata,559084,488985,87.46,0.48
957,2021-05-22,BAS,5493,2725,2768,1929,3553,11,ITF,ITF5,17,Basilicata,Basilicata,559084,494478,88.44,0.98
958,2021-03-26,BAS,1957,702,1255,1667,262,28,ITF,ITF5,17,Basilicata,Basilicata,559084,496435,88.79,0.35
959,2021-09-08,BAS,2819,1492,1327,766,2004,49,ITF,ITF5,17,Basilicata,Basilicata,559084,499254,89.3,0.5
960,2021-03-21,BAS,1178,547,631,475,700,3,ITF,ITF5,17,Basilicata,Basilicata,559084,500432,89.51,0.21
961,2021-05-29,BAS,3061,1534,1527,825,2225,11,ITF,ITF5,17,Basilicata,Basilicata,559084,503493,90.06,0.55
962,2021-01-13,BAS,917,387,530,917,0,0,ITF,ITF5,17,Basilicata,Basilicata,559084,504410,90.22,0.16
963,2021-04-26,BAS,4465,2164,2301,4194,221,50,ITF,ITF5,17,Basilicata,Basilicata,559084,508875,91.02,0.8
964,2021-08-08,BAS,3664,1873,1791,1112,2521,31,ITF,ITF5,17,Basilicata,Basilicata,559084,512539,91.67,0.66
965,2021-02-21,BAS,284,113,171,284,0,0,ITF,ITF5,17,Basilicata,Basilicata,559084,512823,91.73,0.05
966,2021-03-07,BAS,898,313,585,848,40,10,ITF,ITF5,17,Basilicata,Basilicata,559084,513721,91.89,0.16
967,2021-01-28,BAS,921,408,513,119,802,0,ITF,ITF5,17,Basilicata,Basilicata,559084,514642,92.05,0.16
968,2021-01-14,BAS,973,413,560,973,0,0,ITF,ITF5,17,Basilicata,Basilicata,559084,515615,92.22,0.17
969,2021-04-07,BAS,1212,552,660,1157,36,19,ITF,ITF5,17,Basilicata,Basilicata,559084,516827,92.44,0.22
970,2021-02-13,BAS,802,314,488,703,61,38,ITF,ITF5,17,Basilicata,Basilicata,559084,517629,92.59,0.14
971,2021-05-24,BAS,4833,2344,2489,1087,3733,13,ITF,ITF5,17,Basilicata,Basilicata,559084,522462,93.45,0.86
972,2021-07-29,BAS,4856,2523,2333,1907,2902,47,ITF,ITF5,17,Basilicata,Basilicata,559084,527318,94.32,0.87
973,2021-01-09,BAS,560,161,399,560,0,0,ITF,ITF5,17,Basilicata,Basilicata,559084,527878,94.42,0.1
974,2021-08-29,BAS,2333,1250,1083,1257,979,97,ITF,ITF5,17,Basilicata,Basilicata,559084,530211,94.84,0.42
975,2021-07-03,BAS,3947,2104,1843,2756,1145,46,ITF,ITF5,17,Basilicata,Basilicata,559084,534158,95.54,0.71
976,2021-05-07,BAS,4637,2280,2357,3264,1341,32,ITF,ITF5,17,Basilicata,Basilicata,559084,538795,96.37,0.83
977,2021-08-15,BAS,2704,1430,1274,1137,1527,40,ITF,ITF5,17,Basilicata,Basilicata,559084,541499,96.85,0.48
978,2021-07-25,BAS,4479,2255,2224,1607,2848,24,ITF,ITF5,17,Basilicata,Basilicata,559084,545978,97.66,0.8
979,2021-06-21,BAS,4258,2045,2213,2142,2095,21,ITF,ITF5,17,Basilicata,Basilicata,559084,550236,98.42,0.76
980,2021-06-19,BAS,4466,2178,2288,2370,2074,22,ITF,ITF5,17,Basilicata,Basilicata,559084,554702,99.22,0.8
981,2021-03-28,BAS,2147,746,1401,2110,20,17,ITF,ITF5,17,Basilicata,Basilicata,559084,556849,99.6,0.38
982,2021-03-11,BAS,1805,935,870,819,965,21,ITF,ITF5,17,Basilicata,Basilicata,559084,558654,99.92,0.32
983,2021-04-23,BAS,4551,2191,2360,3474,1015,62,ITF,ITF5,17,Basilicata,Basilicata,559084,563205,100.74,0.81
984,2021-01-30,BAS,713,230,483,129,584,0,ITF,ITF5,17,Basilicata,Basilicata,559084,563918,100.86,0.13
985,2021-09-05,BAS,2282,1205,1077,466,1783,33,ITF,ITF5,17,Basilicata,Basilicata,559084,566200,101.27,0.41
986,2021-03-04,BAS,1912,912,1000,1074,809,29,ITF,ITF5,17,Basilicata,Basilicata,559084,568112,101.61,0.34
987,2021-02-08,BAS,566,195,371,155,411,0,ITF,ITF5,17,Basilicata,Basilicata,559084,568678,101.72,0.1
988,2021-05-19,BAS,2873,1499,1374,1183,1677,13,ITF,ITF5,17,Basilicata,Basilicata,559084,571551,102.23,0.51
989,2021-04-09,BAS,1152,350,802,1062,63,27,ITF,ITF5,17,Basilicata,Basilicata,559084,572703,102.44,0.21
990,2021-07-13,BAS,5853,2825,3028,1770,4034,49,ITF,ITF5,17,Basilicata,Basilicata,559084,578556,103.48,1.05
991,2021-04-25,BAS,2990,1459,1531,2906,52,32,ITF,ITF5,17,Basilicata,Basilicata,559084,581546,104.02,0.53
992,2021-08-03,BAS,5059,2573,2486,1824,3186,49,ITF,ITF5,17,Basilicata,Basilicata,559084,586605,104.92,0.9
993,2021-08-17,BAS,3508,1763,1745,1398,2044,66,ITF,ITF5,17,Basilicata,Basilicata,559084,590113,105.55,0.63
994,2021-05-12,BAS,4730,2330,2400,2800,1881,49,ITF,ITF5,17,Basilicata,Basilicata,559084,594843,106.4,0.85
995,2021-07-15,BAS,6479,3211,3268,1668,4785,26,ITF,ITF5,17,Basilicata,Basilicata,559084,601322,107.55,1.16
996,2021-06-02,BAS,5962,2806,3156,4375,1544,43,ITF,ITF5,17,Basilicata,Basilicata,559084,607284,108.62,1.07
997,2021-09-10,BAS,2657,1341,1316,541,2056,60,ITF,ITF5,17,Basilicata,Basilicata,559084,609941,109.1,0.48
998,2021-04-18,BAS,3720,1843,1877,2327,1370,23,ITF,ITF5,17,Basilicata,Basilicata,559084,613661,109.76,0.67
999,2021-02-20,BAS,1169,536,633,1050,119,0,ITF,ITF5,17,Basilicata,Basilicata,559084,614830,109.97,0.21
1000,2021-07-27,BAS,4712,2370,2342,1811,2855,46,ITF,ITF5,17,Basilicata,Basilicata,559084,619542,110.81,0.84
1001,2021-05-31,BAS,4230,2010,2220,1713,2509,8,ITF,ITF5,17,Basilicata,Basilicata,559084,623772,111.57,0.76
1002,2021-02-18,BAS,1075,404,671,855,217,3,ITF,ITF5,17,Basilicata,Basilicata,559084,624847,111.76,0.19
1003,2021-07-10,BAS,5529,2668,2861,1595,3925,9,ITF,ITF5,17,Basilicata,Basilicata,559084,630376,112.75,0.99
1004,2021-05-14,BAS,5907,2798,3109,3271,2530,106,ITF,ITF5,17,Basilicata,Basilicata,559084,636283,113.81,1.06
1005,2021-03-18,BAS,1364,571,793,17,1338,9,ITF,ITF5,17,Basilicata,Basilicata,559084,637647,114.05,0.24
1006,2021-08-22,BAS,2443,1282,1161,1024,1371,48,ITF,ITF5,17,Basilicata,Basilicata,559084,640090,114.49,0.44
1007,2021-06-12,BAS,3687,1694,1993,2960,689,38,ITF,ITF5,17,Basilicata,Basilicata,559084,643777,115.15,0.66
1008,2021-02-27,BAS,2005,863,1142,1823,165,17,ITF,ITF5,17,Basilicata,Basilicata,559084,645782,115.51,0.36
1009,2021-07-20,BAS,5693,2792,2901,1688,3965,40,ITF,ITF5,17,Basilicata,Basilicata,559084,651475,116.53,1.02
1010,2021-06-07,BAS,4239,1921,2318,3885,316,38,ITF,ITF5,17,Basilicata,Basilicata,559084,655714,117.28,0.76
1011,2021-04-11,BAS,966,393,573,760,176,30,ITF,ITF5,17,Basilicata,Basilicata,559084,656680,117.46,0.17
1012,2021-02-25,BAS,1796,740,1056,1737,48,11,ITF,ITF5,17,Basilicata,Basilicata,559084,658476,117.78,0.32
1013,2021-08-10,BAS,4416,2325,2091,1513,2832,71,ITF,ITF5,17,Basilicata,Basilicata,559084,662892,118.57,0.79
1014,2021-02-06,BAS,928,381,547,146,782,0,ITF,ITF5,17,Basilicata,Basilicata,559084,663820,118.73,0.17
1015,2021-04-30,BAS,5285,2375,2910,4061,1162,62,ITF,ITF5,17,Basilicata,Basilicata,559084,669105,119.68,0.95
1016,2021-01-20,BAS,85,22,63,84,1,0,ITF,ITF5,17,Basilicata,Basilicata,559084,669190,119.69,0.02
1017,2021-04-06,BAS,1274,465,809,1072,184,18,ITF,ITF5,17,Basilicata,Basilicata,559084,670464,119.92,0.23
1018,2021-06-14,BAS,4825,2156,2669,2090,2711,24,ITF,ITF5,17,Basilicata,Basilicata,559084,675289,120.78,0.86
1019,2021-03-23,BAS,1643,634,1009,1452,171,20,ITF,ITF5,17,Basilicata,Basilicata,559084,676932,121.08,0.29
1020,2021-07-01,BAS,3711,1856,1855,2563,1114,34,ITF,ITF5,17,Basilicata,Basilicata,559084,680643,121.74,0.66
1021,2021-03-30,BAS,2873,1218,1655,2497,360,16,ITF,ITF5,17,Basilicata,Basilicata,559084,683516,122.26,0.51
1022,2021-07-08,BAS,5137,2429,2708,1852,3260,25,ITF,ITF5,17,Basilicata,Basilicata,559084,688653,123.18,0.92
1023,2021-01-06,BAS,296,130,166,296,0,0,ITF,ITF5,17,Basilicata,Basilicata,559084,688949,123.23,0.05
1024,2021-04-16,BAS,3326,1636,1690,2399,902,25,ITF,ITF5,17,Basilicata,Basilicata,559084,692275,123.82,0.59
1025,2021-06-26,BAS,3337,1614,1723,2750,558,29,ITF,ITF5,17,Basilicata,Basilicata,559084,695612,124.42,0.6
1026,2021-04-04,BAS,611,227,384,187,418,6,ITF,ITF5,17,Basilicata,Basilicata,559084,696223,124.53,0.11
1027,2021-09-17,BAS,2485,1360,1125,496,1928,61,ITF,ITF5,17,Basilicata,Basilicata,559084,698708,124.97,0.44
1028,2021-09-03,BAS,2863,1522,1341,762,2038,63,ITF,ITF5,17,Basilicata,Basilicata,559084,701571,125.49,0.51
1029,2021-02-01,BAS,248,94,154,46,202,0,ITF,ITF5,17,Basilicata,Basilicata,559084,701819,125.53,0.04
1030,2021-05-26,BAS,4489,2260,2229,1676,2784,29,ITF,ITF5,17,Basilicata,Basilicata,559084,706308,126.33,0.8
1031,2021-07-22,BAS,5797,2888,2909,1785,3950,62,ITF,ITF5,17,Basilicata,Basilicata,559084,712105,127.37,1.04
1032,2021-03-27,BAS,2257,866,1391,1808,435,14,ITF,ITF5,17,Basilicata,Basilicata,559084,714362,127.77,0.4
1033,2021-08-31,BAS,3098,1593,1505,1677,1276,145,ITF,ITF5,17,Basilicata,Basilicata,559084,717460,128.33,0.55
1034,2021-07-05,BAS,3270,1615,1655,2214,1021,35,ITF,ITF5,17,Basilicata,Basilicata,559084,720730,128.91,0.58
1035,2021-09-18,BAS,3333,1868,1465,758,2479,96,ITF,ITF5,17,Basilicata,Basilicata,559084,724063,129.51,0.6
1036,2021-01-07,BAS,644,321,323,644,0,0,ITF,ITF5,17,Basilicata,Basilicata,559084,724707,129.62,0.12
1037,2021-02-19,BAS,1627,739,888,1559,63,5,ITF,ITF5,17,Basilicata,Basilicata,559084,726334,129.92,0.29
1038,2021-02-12,BAS,781,334,447,748,32,1,ITF,ITF5,17,Basilicata,Basilicata,559084,727115,130.05,0.14
1039,2021-04-10,BAS,1036,379,657,925,84,27,ITF,ITF5,17,Basilicata,Basilicata,559084,728151,130.24,0.19
1040,2021-06-24,BAS,4090,1939,2151,2151,1901,38,ITF,ITF5,17,Basilicata,Basilicata,559084,732241,130.97,0.73
1041,2021-04-28,BAS,4707,2158,2549,4203,441,63,ITF,ITF5,17,Basilicata,Basilicata,559084,736948,131.81,0.84
1042,2021-03-02,BAS,809,387,422,665,139,5,ITF,ITF5,17,Basilicata,Basilicata,559084,737757,131.96,0.14
1043,2021-08-06,BAS,4214,2158,2056,1315,2846,53,ITF,ITF5,17,Basilicata,Basilicata,559084,741971,132.71,0.75
1044,2021-06-10,BAS,4346,2101,2245,3867,442,37,ITF,ITF5,17,Basilicata,Basilicata,559084,746317,133.49,0.78
1045,2021-08-13,BAS,3662,1905,1757,1424,2147,91,ITF,ITF5,17,Basilicata,Basilicata,559084,749979,134.14,0.65
1046,2021-07-30,BAS,4766,2437,2329,1914,2803,49,ITF,ITF5,17,Basilicata,Basilicata,559084,754745,135.0,0.85
1047,2021-06-17,BAS,4442,2045,2397,2087,2330,25,ITF,ITF5,17,Basilicata,Basilicata,559084,759187,135.79,0.79
1048,2021-04-21,BAS,3951,1845,2106,2242,1679,30,ITF,ITF5,17,Basilicata,Basilicata,559084,763138,136.5,0.71
1049,2021-01-18,BAS,465,158,307,366,99,0,ITF,ITF5,17,Basilicata,Basilicata,559084,763603,136.58,0.08
1050,2021-03-16,BAS,1926,809,1117,226,1697,3,ITF,ITF5,17,Basilicata,Basilicata,559084,765529,136.93,0.34
1051,2021-05-05,BAS,4338,2050,2288,3376,891,71,ITF,ITF5,17,Basilicata,Basilicata,559084,769867,137.7,0.78
1052,2021-03-09,BAS,1420,727,693,781,616,23,ITF,ITF5,17,Basilicata,Basilicata,559084,771287,137.96,0.25
1053,2021-01-25,BAS,1054,441,613,74,979,1,ITF,ITF5,17,Basilicata,Basilicata,559084,772341,138.14,0.19
1054,2021-01-11,BAS,186,67,119,186,0,0,ITF,ITF5,17,Basilicata,Basilicata,559084,772527,138.18,0.03
1055,2021-07-01,TOS,32090,15539,16551,10721,21084,285,ITI,ITI1,9,Toscana,Toscana,3729641,32090,0.86,0.86
1056,2021-03-26,TOS,20754,9436,11318,14710,5832,212,ITI,ITI1,9,Toscana,Toscana,3729641,52844,1.42,0.56
1057,2021-03-09,TOS,11177,4587,6590,5531,5565,81,ITI,ITI1,9,Toscana,Toscana,3729641,64021,1.72,0.3
1058,2021-04-09,TOS,24609,10589,14020,20717,3442,450,ITI,ITI1,9,Toscana,Toscana,3729641,88630,2.38,0.66
1059,2021-07-18,TOS,30394,15282,15112,8342,21842,210,ITI,ITI1,9,Toscana,Toscana,3729641,119024,3.19,0.81
1060,2021-06-17,TOS,32623,16714,15909,26714,5564,345,ITI,ITI1,9,Toscana,Toscana,3729641,151647,4.07,0.87
1061,2021-04-07,TOS,35852,15485,20367,28157,7271,424,ITI,ITI1,9,Toscana,Toscana,3729641,187499,5.03,0.96
1062,2021-08-27,TOS,16289,8709,7580,7748,8011,530,ITI,ITI1,9,Toscana,Toscana,3729641,203788,5.46,0.44
1063,2021-01-28,TOS,6289,1885,4404,349,5933,7,ITI,ITI1,9,Toscana,Toscana,3729641,210077,5.63,0.17
1064,2021-05-22,TOS,26037,12667,13370,21490,4298,249,ITI,ITI1,9,Toscana,Toscana,3729641,236114,6.33,0.7
1065,2021-05-05,TOS,30167,13466,16701,14854,14577,736,ITI,ITI1,9,Toscana,Toscana,3729641,266281,7.14,0.81
1066,2021-08-13,TOS,23118,12527,10591,11338,11232,548,ITI,ITI1,9,Toscana,Toscana,3729641,289399,7.76,0.62
1067,2021-02-28,TOS,1665,669,996,868,727,70,ITI,ITI1,9,Toscana,Toscana,3729641,291064,7.8,0.04
1068,2021-02-11,TOS,5423,2037,3386,5099,242,82,ITI,ITI1,9,Toscana,Toscana,3729641,296487,7.95,0.15
1069,2021-02-09,TOS,4534,1485,3049,3809,611,114,ITI,ITI1,9,Toscana,Toscana,3729641,301021,8.07,0.12
1070,2021-06-22,TOS,31068,15636,15432,22468,8220,380,ITI,ITI1,9,Toscana,Toscana,3729641,332089,8.9,0.83
1071,2021-05-17,TOS,29785,14883,14902,20555,8951,279,ITI,ITI1,9,Toscana,Toscana,3729641,361874,9.7,0.8
1072,2021-03-21,TOS,3296,1629,1667,1819,1434,43,ITI,ITI1,9,Toscana,Toscana,3729641,365170,9.79,0.09
1073,2021-08-25,TOS,20308,10609,9699,10602,8977,729,ITI,ITI1,9,Toscana,Toscana,3729641,385478,10.34,0.54
1074,2021-01-23,TOS,3982,1361,2621,641,3335,6,ITI,ITI1,9,Toscana,Toscana,3729641,389460,10.44,0.11
1075,2021-06-29,TOS,37062,18045,19017,7974,28932,156,ITI,ITI1,9,Toscana,Toscana,3729641,426522,11.44,0.99
1076,2021-05-03,TOS,11946,5518,6428,10363,1335,248,ITI,ITI1,9,Toscana,Toscana,3729641,438468,11.76,0.32
1077,2021-01-16,TOS,3298,1059,2239,3240,0,58,ITI,ITI1,9,Toscana,Toscana,3729641,441766,11.84,0.09
1078,2021-04-26,TOS,10148,4935,5213,7454,2557,137,ITI,ITI1,9,Toscana,Toscana,3729641,451914,12.12,0.27
1079,2021-01-02,TOS,3548,1127,2421,3504,0,44,ITI,ITI1,9,Toscana,Toscana,3729641,455462,12.21,0.1
1080,2021-09-08,TOS,21343,11087,10256,7205,13396,742,ITI,ITI1,9,Toscana,Toscana,3729641,476805,12.78,0.57
1081,2021-08-01,TOS,29936,15326,14610,13790,15656,490,ITI,ITI1,9,Toscana,Toscana,3729641,506741,13.59,0.8
1082,2021-06-05,TOS,28458,13610,14848,20559,7623,276,ITI,ITI1,9,Toscana,Toscana,3729641,535199,14.35,0.76
1083,2021-09-13,TOS,18458,9814,8644,3534,14543,381,ITI,ITI1,9,Toscana,Toscana,3729641,553657,14.84,0.49
1084,2021-08-08,TOS,25041,12923,12118,14610,9929,502,ITI,ITI1,9,Toscana,Toscana,3729641,578698,15.52,0.67
1085,2021-01-11,TOS,5185,1719,3466,5084,0,101,ITI,ITI1,9,Toscana,Toscana,3729641,583883,15.66,0.14
1086,2021-04-21,TOS,29660,12693,16967,16852,12169,639,ITI,ITI1,9,Toscana,Toscana,3729641,613543,16.45,0.8
1087,2021-02-23,TOS,7755,3337,4418,7241,162,352,ITI,ITI1,9,Toscana,Toscana,3729641,621298,16.66,0.21
1088,2021-06-03,TOS,32067,15458,16609,27152,4590,325,ITI,ITI1,9,Toscana,Toscana,3729641,653365,17.52,0.86
1089,2021-07-30,TOS,37918,20408,17510,10794,26766,358,ITI,ITI1,9,Toscana,Toscana,3729641,691283,18.53,1.02
1090,2021-06-12,TOS,29406,15159,14247,24655,4392,359,ITI,ITI1,9,Toscana,Toscana,3729641,720689,19.32,0.79
1091,2021-04-16,TOS,29002,12898,16104,21439,6929,634,ITI,ITI1,9,Toscana,Toscana,3729641,749691,20.1,0.78
1092,2021-07-25,TOS,33928,16777,17151,7051,26696,181,ITI,ITI1,9,Toscana,Toscana,3729641,783619,21.01,0.91
1093,2021-03-02,TOS,10601,3796,6805,7040,3447,114,ITI,ITI1,9,Toscana,Toscana,3729641,794220,21.29,0.28
1094,2021-01-04,TOS,5240,1998,3242,5173,0,67,ITI,ITI1,9,Toscana,Toscana,3729641,799460,21.44,0.14
1095,2021-04-14,TOS,20207,8352,11855,14531,5127,549,ITI,ITI1,9,Toscana,Toscana,3729641,819667,21.98,0.54
1096,2021-09-06,TOS,22824,11831,10993,9467,12330,1027,ITI,ITI1,9,Toscana,Toscana,3729641,842491,22.59,0.61
1097,2021-02-04,TOS,4264,1597,2667,942,3295,27,ITI,ITI1,9,Toscana,Toscana,3729641,846755,22.7,0.11
1098,2021-05-15,TOS,29377,13866,15511,22870,5910,597,ITI,ITI1,9,Toscana,Toscana,3729641,876132,23.49,0.79
1099,2021-04-28,TOS,19158,8195,10963,3445,15355,358,ITI,ITI1,9,Toscana,Toscana,3729641,895290,24.0,0.51
1100,2021-02-18,TOS,8874,3301,5573,7793,897,184,ITI,ITI1,9,Toscana,Toscana,3729641,904164,24.24,0.24
1101,2021-05-29,TOS,31583,15267,16316,23182,8174,227,ITI,ITI1,9,Toscana,Toscana,3729641,935747,25.09,0.85
1102,2021-09-01,TOS,23612,12424,11188,13382,9187,1043,ITI,ITI1,9,Toscana,Toscana,3729641,959359,25.72,0.63
1103,2021-06-10,TOS,26459,13573,12886,25548,561,350,ITI,ITI1,9,Toscana,Toscana,3729641,985818,26.43,0.71
1104,2021-05-24,TOS,33766,16730,17036,23899,9587,280,ITI,ITI1,9,Toscana,Toscana,3729641,1019584,27.34,0.91
1105,2021-03-28,TOS,6211,2807,3404,5875,253,83,ITI,ITI1,9,Toscana,Toscana,3729641,1025795,27.5,0.17
1106,2021-01-30,TOS,4625,1623,3002,173,4434,18,ITI,ITI1,9,Toscana,Toscana,3729641,1030420,27.63,0.12
1107,2021-07-06,TOS,25797,13040,12757,11036,14532,229,ITI,ITI1,9,Toscana,Toscana,3729641,1056217,28.32,0.69
1108,2021-05-10,TOS,26245,12418,13827,15246,10651,348,ITI,ITI1,9,Toscana,Toscana,3729641,1082462,29.02,0.7
1109,2021-03-14,TOS,7191,2577,4614,3163,3935,93,ITI,ITI1,9,Toscana,Toscana,3729641,1089653,29.22,0.19
1110,2021-08-18,TOS,25953,13825,12128,12847,12502,604,ITI,ITI1,9,Toscana,Toscana,3729641,1115606,29.91,0.7
1111,2021-03-07,TOS,5659,2362,3297,2001,3547,111,ITI,ITI1,9,Toscana,Toscana,3729641,1121265,30.06,0.15
1112,2021-07-20,TOS,37344,19110,18234,7966,29185,193,ITI,ITI1,9,Toscana,Toscana,3729641,1158609,31.06,1.0
1113,2021-08-20,TOS,20231,11095,9136,9969,9765,497,ITI,ITI1,9,Toscana,Toscana,3729641,1178840,31.61,0.54
1114,2021-03-19,TOS,10175,4476,5699,7130,2897,148,ITI,ITI1,9,Toscana,Toscana,3729641,1189015,31.88,0.27
1115,2021-01-21,TOS,1593,687,906,862,722,9,ITI,ITI1,9,Toscana,Toscana,3729641,1190608,31.92,0.04
1116,2021-06-14,TOS,31836,16352,15484,27429,4109,298,ITI,ITI1,9,Toscana,Toscana,3729641,1222444,32.78,0.85
1117,2021-03-04,TOS,17902,6981,10921,14657,3085,160,ITI,ITI1,9,Toscana,Toscana,3729641,1240346,33.26,0.48
1118,2021-02-16,TOS,9372,3367,6005,8420,721,231,ITI,ITI1,9,Toscana,Toscana,3729641,1249718,33.51,0.25
1119,2021-07-13,TOS,29351,14738,14613,7715,21459,177,ITI,ITI1,9,Toscana,Toscana,3729641,1279069,34.29,0.79
1120,2021-04-02,TOS,32015,13579,18436,23681,8079,255,ITI,ITI1,9,Toscana,Toscana,3729641,1311084,35.15,0.86
1121,2021-07-11,TOS,26192,12729,13463,9168,16850,174,ITI,ITI1,9,Toscana,Toscana,3729641,1337276,35.86,0.7
1122,2021-06-24,TOS,29470,14633,14837,19318,9754,398,ITI,ITI1,9,Toscana,Toscana,3729641,1366746,36.65,0.79
1123,2021-01-09,TOS,4542,1622,2920,4475,0,67,ITI,ITI1,9,Toscana,Toscana,3729641,1371288,36.77,0.12
1124,2021-09-15,TOS,16716,8780,7936,3730,12453,533,ITI,ITI1,9,Toscana,Toscana,3729641,1388004,37.22,0.45
1125,2021-08-06,TOS,32976,17681,15295,15354,17144,478,ITI,ITI1,9,Toscana,Toscana,3729641,1420980,38.1,0.88
1126,2021-03-23,TOS,9450,4415,5035,6961,2289,200,ITI,ITI1,9,Toscana,Toscana,3729641,1430430,38.35,0.25
1127,2020-12-30,TOS,327,104,223,326,0,1,ITI,ITI1,9,Toscana,Toscana,3729641,1430757,38.36,0.01
1128,2021-08-24,TOS,21897,11483,10414,12729,8303,865,ITI,ITI1,9,Toscana,Toscana,3729641,1452654,38.95,0.59
1129,2021-08-05,TOS,34765,18030,16735,12128,22263,374,ITI,ITI1,9,Toscana,Toscana,3729641,1487419,39.88,0.93
1130,2021-01-25,TOS,5136,1895,3241,243,4889,4,ITI,ITI1,9,Toscana,Toscana,3729641,1492555,40.02,0.14
1131,2021-04-18,TOS,8373,4098,4275,7060,1037,276,ITI,ITI1,9,Toscana,Toscana,3729641,1500928,40.24,0.22
1132,2021-07-27,TOS,38738,20142,18596,11269,27120,349,ITI,ITI1,9,Toscana,Toscana,3729641,1539666,41.28,1.04
1133,2021-07-10,TOS,29317,14187,15130,7952,21175,190,ITI,ITI1,9,Toscana,Toscana,3729641,1568983,42.07,0.79
1134,2021-08-22,TOS,18528,9968,8560,7307,10904,317,ITI,ITI1,9,Toscana,Toscana,3729641,1587511,42.56,0.5
1135,2021-02-20,TOS,4725,1816,2909,4052,537,136,ITI,ITI1,9,Toscana,Toscana,3729641,1592236,42.69,0.13
1136,2021-05-31,TOS,30362,14652,15710,19271,10849,242,ITI,ITI1,9,Toscana,Toscana,3729641,1622598,43.51,0.81
1137,2021-06-02,TOS,27615,13634,13981,21867,5512,236,ITI,ITI1,9,Toscana,Toscana,3729641,1650213,44.25,0.74
1138,2021-04-06,TOS,22253,9844,12409,18092,3742,419,ITI,ITI1,9,Toscana,Toscana,3729641,1672466,44.84,0.6
1139,2021-09-10,TOS,18109,9502,8607,5521,11960,628,ITI,ITI1,9,Toscana,Toscana,3729641,1690575,45.33,0.49
1140,2021-02-08,TOS,4132,1372,2760,3561,459,112,ITI,ITI1,9,Toscana,Toscana,3729641,1694707,45.44,0.11
1141,2021-07-15,TOS,31270,15306,15964,8097,22925,248,ITI,ITI1,9,Toscana,Toscana,3729641,1725977,46.28,0.84
1142,2021-05-19,TOS,27980,13590,14390,18644,9069,267,ITI,ITI1,9,Toscana,Toscana,3729641,1753957,47.03,0.75
1143,2021-04-13,TOS,8505,3513,4992,5739,2483,283,ITI,ITI1,9,Toscana,Toscana,3729641,1762462,47.26,0.23
1144,2021-05-12,TOS,34236,15591,18645,13584,20066,586,ITI,ITI1,9,Toscana,Toscana,3729641,1796698,48.17,0.92
1145,2021-01-18,TOS,1127,639,488,979,98,50,ITI,ITI1,9,Toscana,Toscana,3729641,1797825,48.2,0.03
1146,2021-02-01,TOS,5524,1962,3562,520,4994,10,ITI,ITI1,9,Toscana,Toscana,3729641,1803349,48.35,0.15
1147,2021-03-18,TOS,9994,3987,6007,5864,3991,139,ITI,ITI1,9,Toscana,Toscana,3729641,1813343,48.62,0.27
1148,2021-06-26,TOS,34585,16775,17810,9987,24365,233,ITI,ITI1,9,Toscana,Toscana,3729641,1847928,49.55,0.93
1149,2021-06-09,TOS,34853,17585,17268,33958,463,432,ITI,ITI1,9,Toscana,Toscana,3729641,1882781,50.48,0.93
1150,2021-09-17,TOS,19447,10619,8828,4134,14828,485,ITI,ITI1,9,Toscana,Toscana,3729641,1902228,51.0,0.52
1151,2021-04-04,TOS,13930,6613,7317,13510,255,165,ITI,ITI1,9,Toscana,Toscana,3729641,1916158,51.38,0.37
1152,2021-05-02,TOS,11181,4936,6245,8979,1968,234,ITI,ITI1,9,Toscana,Toscana,3729641,1927339,51.68,0.3
1153,2021-08-10,TOS,25938,13493,12445,16352,8937,649,ITI,ITI1,9,Toscana,Toscana,3729641,1953277,52.37,0.7
1154,2021-02-25,TOS,10648,4315,6333,9484,995,169,ITI,ITI1,9,Toscana,Toscana,3729641,1963925,52.66,0.29
1155,2021-06-28,TOS,37710,18147,19563,8436,29103,171,ITI,ITI1,9,Toscana,Toscana,3729641,2001635,53.67,1.01
1156,2021-01-20,TOS,1346,644,702,1034,249,63,ITI,ITI1,9,Toscana,Toscana,3729641,2002981,53.7,0.04
1157,2021-04-30,TOS,40257,17815,22442,19653,19958,646,ITI,ITI1,9,Toscana,Toscana,3729641,2043238,54.78,1.08
1158,2021-05-07,TOS,32193,14722,17471,11349,20229,615,ITI,ITI1,9,Toscana,Toscana,3729641,2075431,55.65,0.86
1159,2021-08-15,TOS,14690,7761,6929,5270,9236,184,ITI,ITI1,9,Toscana,Toscana,3729641,2090121,56.04,0.39
1160,2021-07-29,TOS,39417,20535,18882,12610,26459,348,ITI,ITI1,9,Toscana,Toscana,3729641,2129538,57.1,1.06
1161,2021-02-13,TOS,7869,2390,5479,7493,227,149,ITI,ITI1,9,Toscana,Toscana,3729641,2137407,57.31,0.21
1162,2021-03-16,TOS,4923,1888,3035,2583,2259,81,ITI,ITI1,9,Toscana,Toscana,3729641,2142330,57.44,0.13
1163,2021-02-27,TOS,2000,763,1237,1019,903,78,ITI,ITI1,9,Toscana,Toscana,3729641,2144330,57.49,0.05
1164,2021-04-27,TOS,10377,4927,5450,3667,6506,204,ITI,ITI1,9,Toscana,Toscana,3729641,2154707,57.77,0.28
1165,2021-07-19,TOS,38041,18962,19079,8806,28945,290,ITI,ITI1,9,Toscana,Toscana,3729641,2192748,58.79,1.02
1166,2021-05-14,TOS,33409,15462,17947,20023,12744,642,ITI,ITI1,9,Toscana,Toscana,3729641,2226157,59.69,0.9
1167,2021-01-01,TOS,2410,814,1596,2364,0,46,ITI,ITI1,9,Toscana,Toscana,3729641,2228567,59.75,0.06
1168,2021-04-11,TOS,3641,1680,1961,3331,155,155,ITI,ITI1,9,Toscana,Toscana,3729641,2232208,59.85,0.1
1169,2021-04-25,TOS,11067,5252,5815,8759,2146,162,ITI,ITI1,9,Toscana,Toscana,3729641,2243275,60.15,0.3
1170,2021-08-03,TOS,36362,18933,17429,12169,23814,379,ITI,ITI1,9,Toscana,Toscana,3729641,2279637,61.12,0.97
1171,2021-01-13,TOS,4126,1423,2703,4061,0,65,ITI,ITI1,9,Toscana,Toscana,3729641,2283763,61.23,0.11
1172,2021-04-23,TOS,25699,11441,14258,8799,16369,531,ITI,ITI1,9,Toscana,Toscana,3729641,2309462,61.92,0.69
1173,2021-07-22,TOS,39406,19805,19601,4477,34758,171,ITI,ITI1,9,Toscana,Toscana,3729641,2348868,62.98,1.06
1174,2021-05-26,TOS,35627,17117,18510,20149,15221,257,ITI,ITI1,9,Toscana,Toscana,3729641,2384495,63.93,0.96
1175,2021-03-30,TOS,17042,7646,9396,13269,3575,198,ITI,ITI1,9,Toscana,Toscana,3729641,2401537,64.39,0.46
1176,2021-09-03,TOS,14184,7408,6776,7556,5922,706,ITI,ITI1,9,Toscana,Toscana,3729641,2415721,64.77,0.38
1177,2021-07-08,TOS,21099,10372,10727,9269,11589,241,ITI,ITI1,9,Toscana,Toscana,3729641,2436820,65.34,0.57
1178,2021-08-17,TOS,26018,14038,11980,11481,14040,497,ITI,ITI1,9,Toscana,Toscana,3729641,2462838,66.03,0.7
1179,2021-06-21,TOS,31212,15500,15712,18143,12803,266,ITI,ITI1,9,Toscana,Toscana,3729641,2494050,66.87,0.84
1180,2021-01-06,TOS,4614,1503,3111,4562,0,52,ITI,ITI1,9,Toscana,Toscana,3729641,2498664,66.99,0.12
1181,2021-03-11,TOS,16046,6418,9628,12488,3373,185,ITI,ITI1,9,Toscana,Toscana,3729641,2514710,67.42,0.43
1182,2021-06-19,TOS,26527,13932,12595,21395,4791,341,ITI,ITI1,9,Toscana,Toscana,3729641,2541237,68.14,0.71
1183,2021-06-07,TOS,34982,17164,17818,30979,3655,348,ITI,ITI1,9,Toscana,Toscana,3729641,2576219,69.07,0.94
1184,2021-05-21,TOS,28963,13504,15459,17229,11477,257,ITI,ITI1,9,Toscana,Toscana,3729641,2605182,69.85,0.78
1185,2021-08-29,TOS,17002,8989,8013,7582,8837,583,ITI,ITI1,9,Toscana,Toscana,3729641,2622184,70.31,0.46
1186,2021-03-01,TOS,4476,1732,2744,766,3643,67,ITI,ITI1,9,Toscana,Toscana,3729641,2626660,70.43,0.12
1187,2021-01-08,TOS,6063,1695,4368,5970,0,93,ITI,ITI1,9,Toscana,Toscana,3729641,2632723,70.59,0.16
1188,2021-07-12,TOS,28288,14007,14281,9660,18324,304,ITI,ITI1,9,Toscana,Toscana,3729641,2661011,71.35,0.76
1189,2021-04-01,TOS,27170,11271,15899,16192,10736,242,ITI,ITI1,9,Toscana,Toscana,3729641,2688181,72.08,0.73
1190,2021-03-15,TOS,8703,3646,5057,4079,4449,175,ITI,ITI1,9,Toscana,Toscana,3729641,2696884,72.31,0.23
1191,2021-09-02,TOS,18116,9449,8667,11078,6123,915,ITI,ITI1,9,Toscana,Toscana,3729641,2715000,72.8,0.49
1192,2021-03-20,TOS,6593,2979,3614,5364,1138,91,ITI,ITI1,9,Toscana,Toscana,3729641,2721593,72.97,0.18
1193,2021-01-22,TOS,2867,1064,1803,526,2338,3,ITI,ITI1,9,Toscana,Toscana,3729641,2724460,73.05,0.08
1194,2021-07-07,TOS,25647,12610,13037,9331,16122,194,ITI,ITI1,9,Toscana,Toscana,3729641,2750107,73.74,0.69
1195,2021-01-17,TOS,2543,871,1672,1994,514,35,ITI,ITI1,9,Toscana,Toscana,3729641,2752650,73.8,0.07
1196,2021-07-05,TOS,30533,15095,15438,10340,19961,232,ITI,ITI1,9,Toscana,Toscana,3729641,2783183,74.62,0.82
1197,2021-03-08,TOS,6742,2960,3782,1865,4830,47,ITI,ITI1,9,Toscana,Toscana,3729641,2789925,74.8,0.18
1198,2021-06-16,TOS,31801,16280,15521,26287,5190,324,ITI,ITI1,9,Toscana,Toscana,3729641,2821726,75.66,0.85
1199,2021-05-30,TOS,28708,13959,14749,21513,6953,242,ITI,ITI1,9,Toscana,Toscana,3729641,2850434,76.43,0.77
1200,2021-02-05,TOS,5770,2250,3520,1905,3831,34,ITI,ITI1,9,Toscana,Toscana,3729641,2856204,76.58,0.15
1201,2021-05-16,TOS,26692,12895,13797,23926,2470,296,ITI,ITI1,9,Toscana,Toscana,3729641,2882896,77.3,0.72
1202,2020-12-27,TOS,629,275,354,624,0,5,ITI,ITI1,9,Toscana,Toscana,3729641,2883525,77.31,0.02
1203,2021-08-02,TOS,35315,18090,17225,13359,21561,395,ITI,ITI1,9,Toscana,Toscana,3729641,2918840,78.26,0.95
1204,2021-09-14,TOS,16111,8722,7389,3194,12576,341,ITI,ITI1,9,Toscana,Toscana,3729641,2934951,78.69,0.43
1205,2021-01-03,TOS,3364,1070,2294,3317,0,47,ITI,ITI1,9,Toscana,Toscana,3729641,2938315,78.78,0.09
1206,2021-07-03,TOS,29439,14832,14607,11876,17178,385,ITI,ITI1,9,Toscana,Toscana,3729641,2967754,79.57,0.79
1207,2021-08-07,TOS,30486,16305,14181,14228,15769,489,ITI,ITI1,9,Toscana,Toscana,3729641,2998240,80.39,0.82
1208,2021-03-06,TOS,7137,2859,4278,2849,4203,85,ITI,ITI1,9,Toscana,Toscana,3729641,3005377,80.58,0.19
1209,2021-08-21,TOS,17989,9961,8028,8149,9459,381,ITI,ITI1,9,Toscana,Toscana,3729641,3023366,81.06,0.48
1210,2021-02-03,TOS,4227,1452,2775,236,3987,4,ITI,ITI1,9,Toscana,Toscana,3729641,3027593,81.18,0.11
1211,2021-05-23,TOS,28445,13678,14767,25612,2563,270,ITI,ITI1,9,Toscana,Toscana,3729641,3056038,81.94,0.76
1212,2021-08-31,TOS,20928,10901,10027,11387,8791,750,ITI,ITI1,9,Toscana,Toscana,3729641,3076966,82.5,0.56
1213,2021-08-14,TOS,22390,12223,10167,10455,11516,419,ITI,ITI1,9,Toscana,Toscana,3729641,3099356,83.1,0.6
1214,2021-08-12,TOS,25856,13455,12401,14312,10899,645,ITI,ITI1,9,Toscana,Toscana,3729641,3125212,83.79,0.69
1215,2021-07-26,TOS,38305,19868,18437,10082,27912,311,ITI,ITI1,9,Toscana,Toscana,3729641,3163517,84.82,1.03
1216,2021-06-23,TOS,31586,15319,16267,19818,11400,368,ITI,ITI1,9,Toscana,Toscana,3729641,3195103,85.67,0.85
1217,2021-01-10,TOS,3036,1123,1913,2982,0,54,ITI,ITI1,9,Toscana,Toscana,3729641,3198139,85.75,0.08
1218,2021-04-20,TOS,18166,8111,10055,12209,5593,364,ITI,ITI1,9,Toscana,Toscana,3729641,3216305,86.24,0.49
1219,2021-04-03,TOS,15023,6649,8374,13684,1123,216,ITI,ITI1,9,Toscana,Toscana,3729641,3231328,86.64,0.4
1220,2021-03-27,TOS,8866,4156,4710,8512,216,138,ITI,ITI1,9,Toscana,Toscana,3729641,3240194,86.88,0.24
1221,2021-06-30,TOS,38291,18529,19762,8462,29609,220,ITI,ITI1,9,Toscana,Toscana,3729641,3278485,87.9,1.03
1222,2021-09-07,TOS,18924,9796,9128,6727,11565,632,ITI,ITI1,9,Toscana,Toscana,3729641,3297409,88.41,0.51
1223,2021-07-04,TOS,31552,15322,16230,9360,21893,299,ITI,ITI1,9,Toscana,Toscana,3729641,3328961,89.26,0.85
1224,2020-12-31,TOS,802,201,601,798,0,4,ITI,ITI1,9,Toscana,Toscana,3729641,3329763,89.28,0.02
1225,2021-02-15,TOS,8866,3407,5459,7866,828,172,ITI,ITI1,9,Toscana,Toscana,3729641,3338629,89.52,0.24
1226,2021-02-22,TOS,9891,4276,5615,9236,277,378,ITI,ITI1,9,Toscana,Toscana,3729641,3348520,89.78,0.27
1227,2021-01-15,TOS,3916,1362,2554,3856,0,60,ITI,ITI1,9,Toscana,Toscana,3729641,3352436,89.89,0.1
1228,2021-09-09,TOS,20045,10279,9766,6907,12207,931,ITI,ITI1,9,Toscana,Toscana,3729641,3372481,90.42,0.54
1229,2021-06-18,TOS,30833,16270,14563,25002,5413,418,ITI,ITI1,9,Toscana,Toscana,3729641,3403314,91.25,0.83
1230,2021-03-25,TOS,23990,10409,13581,15320,8407,263,ITI,ITI1,9,Toscana,Toscana,3729641,3427304,91.89,0.64
1231,2021-02-14,TOS,9064,2587,6477,8800,110,154,ITI,ITI1,9,Toscana,Toscana,3729641,3436368,92.14,0.24
1232,2021-05-25,TOS,34212,16518,17694,19295,14644,273,ITI,ITI1,9,Toscana,Toscana,3729641,3470580,93.05,0.92
1233,2021-03-29,TOS,9688,4845,4843,9201,350,137,ITI,ITI1,9,Toscana,Toscana,3729641,3480268,93.31,0.26
1234,2021-09-11,TOS,19090,10009,9081,5446,13021,623,ITI,ITI1,9,Toscana,Toscana,3729641,3499358,93.83,0.51
1235,2021-05-08,TOS,29194,13132,16062,13263,15530,401,ITI,ITI1,9,Toscana,Toscana,3729641,3528552,94.61,0.78
1236,2021-03-12,TOS,17052,6647,10405,13324,3533,195,ITI,ITI1,9,Toscana,Toscana,3729641,3545604,95.07,0.46
1237,2021-08-16,TOS,30016,15754,14262,16609,12704,703,ITI,ITI1,9,Toscana,Toscana,3729641,3575620,95.87,0.8
1238,2021-02-10,TOS,4315,1309,3006,3633,526,156,ITI,ITI1,9,Toscana,Toscana,3729641,3579935,95.99,0.12
1239,2021-05-04,TOS,18329,8220,10109,12414,5470,445,ITI,ITI1,9,Toscana,Toscana,3729641,3598264,96.48,0.49
1240,2021-02-12,TOS,7682,2719,4963,7355,213,114,ITI,ITI1,9,Toscana,Toscana,3729641,3605946,96.68,0.21
1241,2021-04-10,TOS,11715,5345,6370,10735,742,238,ITI,ITI1,9,Toscana,Toscana,3729641,3617661,97.0,0.31
1242,2021-08-23,TOS,22755,11820,10935,11480,10543,732,ITI,ITI1,9,Toscana,Toscana,3729641,3640416,97.61,0.61
1243,2021-02-19,TOS,8346,2968,5378,7653,513,180,ITI,ITI1,9,Toscana,Toscana,3729641,3648762,97.83,0.22
1244,2021-01-27,TOS,4836,1574,3262,199,4632,5,ITI,ITI1,9,Toscana,Toscana,3729641,3653598,97.96,0.13
1245,2021-09-16,TOS,17478,9137,8341,4264,12744,470,ITI,ITI1,9,Toscana,Toscana,3729641,3671076,98.43,0.47
1246,2021-08-30,TOS,24809,12549,12260,13137,10544,1128,ITI,ITI1,9,Toscana,Toscana,3729641,3695885,99.09,0.67
1247,2021-03-17,TOS,11455,4604,6851,6823,4537,95,ITI,ITI1,9,Toscana,Toscana,3729641,3707340,99.4,0.31
1248,2021-06-25,TOS,33655,16833,16822,12104,21268,283,ITI,ITI1,9,Toscana,Toscana,3729641,3740995,100.3,0.9
1249,2021-06-08,TOS,32613,16732,15881,31736,492,385,ITI,ITI1,9,Toscana,Toscana,3729641,3773608,101.18,0.87
1250,2021-02-26,TOS,10106,3849,6257,8676,1211,219,ITI,ITI1,9,Toscana,Toscana,3729641,3783714,101.45,0.27
1251,2021-06-06,TOS,28331,13666,14665,22587,5374,370,ITI,ITI1,9,Toscana,Toscana,3729641,3812045,102.21,0.76
1252,2021-05-11,TOS,27972,12997,14975,12100,15492,380,ITI,ITI1,9,Toscana,Toscana,3729641,3840017,102.96,0.75
1253,2021-08-19,TOS,24208,12842,11366,11918,11658,632,ITI,ITI1,9,Toscana,Toscana,3729641,3864225,103.61,0.65
1254,2021-03-13,TOS,9313,3317,5996,5189,3969,155,ITI,ITI1,9,Toscana,Toscana,3729641,3873538,103.86,0.25
1255,2021-07-14,TOS,28968,14300,14668,8607,20102,259,ITI,ITI1,9,Toscana,Toscana,3729641,3902506,104.63,0.78
1256,2021-01-29,TOS,6150,1702,4448,290,5848,12,ITI,ITI1,9,Toscana,Toscana,3729641,3908656,104.8,0.16
1257,2021-05-09,TOS,22558,9786,12772,9413,12883,262,ITI,ITI1,9,Toscana,Toscana,3729641,3931214,105.4,0.6
1258,2021-04-12,TOS,2631,1195,1436,1806,656,169,ITI,ITI1,9,Toscana,Toscana,3729641,3933845,105.48,0.07
1259,2021-07-21,TOS,38516,19659,18857,7341,30937,238,ITI,ITI1,9,Toscana,Toscana,3729641,3972361,106.51,1.03
1260,2021-05-13,TOS,35215,15555,19660,13203,21371,641,ITI,ITI1,9,Toscana,Toscana,3729641,4007576,107.45,0.94
1261,2021-08-04,TOS,34864,18038,16826,11362,23082,420,ITI,ITI1,9,Toscana,Toscana,3729641,4042440,108.39,0.93
1262,2021-04-29,TOS,39394,17745,21649,18559,20171,664,ITI,ITI1,9,Toscana,Toscana,3729641,4081834,109.44,1.06
1263,2021-03-24,TOS,20049,8318,11731,10413,9491,145,ITI,ITI1,9,Toscana,Toscana,3729641,4101883,109.98,0.54
1264,2021-05-27,TOS,28386,13212,15174,13280,14884,222,ITI,ITI1,9,Toscana,Toscana,3729641,4130269,110.74,0.76
1265,2021-03-31,TOS,32804,13294,19510,20206,12255,343,ITI,ITI1,9,Toscana,Toscana,3729641,4163073,111.62,0.88
1266,2021-09-04,TOS,16684,8921,7763,7544,8375,765,ITI,ITI1,9,Toscana,Toscana,3729641,4179757,112.07,0.45
1267,2021-07-09,TOS,29148,14121,15027,7690,21260,198,ITI,ITI1,9,Toscana,Toscana,3729641,4208905,112.85,0.78
1268,2021-03-22,TOS,5262,2772,2490,4676,448,138,ITI,ITI1,9,Toscana,Toscana,3729641,4214167,112.99,0.14
1269,2021-07-28,TOS,38579,20171,18408,12104,26135,340,ITI,ITI1,9,Toscana,Toscana,3729641,4252746,114.03,1.03
1270,2021-01-26,TOS,5400,1795,3605,218,5178,4,ITI,ITI1,9,Toscana,Toscana,3729641,4258146,114.17,0.14
1271,2021-05-06,TOS,31442,13675,17767,13451,17296,695,ITI,ITI1,9,Toscana,Toscana,3729641,4289588,115.01,0.84
1272,2021-04-19,TOS,9105,4516,4589,7754,1034,317,ITI,ITI1,9,Toscana,Toscana,3729641,4298693,115.26,0.24
1273,2021-04-17,TOS,20585,9232,11353,17948,2147,490,ITI,ITI1,9,Toscana,Toscana,3729641,4319278,115.81,0.55
1274,2021-01-14,TOS,3285,1186,2099,3249,0,36,ITI,ITI1,9,Toscana,Toscana,3729641,4322563,115.9,0.09
1275,2021-06-20,TOS,25189,12489,12700,15422,9523,244,ITI,ITI1,9,Toscana,Toscana,3729641,4347752,116.57,0.68
1276,2021-04-24,TOS,13452,6175,7277,5622,7461,369,ITI,ITI1,9,Toscana,Toscana,3729641,4361204,116.93,0.36
1277,2021-08-26,TOS,18588,9742,8846,9497,8369,722,ITI,ITI1,9,Toscana,Toscana,3729641,4379792,117.43,0.5
1278,2021-07-16,TOS,27694,14054,13640,7707,19732,255,ITI,ITI1,9,Toscana,Toscana,3729641,4407486,118.17,0.74
1279,2021-05-20,TOS,29789,13930,15859,18641,10863,285,ITI,ITI1,9,Toscana,Toscana,3729641,4437275,118.97,0.8
1280,2021-08-28,TOS,15801,8513,7288,6378,8969,454,ITI,ITI1,9,Toscana,Toscana,3729641,4453076,119.4,0.42
1281,2021-01-31,TOS,3052,1131,1921,100,2949,3,ITI,ITI1,9,Toscana,Toscana,3729641,4456128,119.48,0.08
1282,2021-02-21,TOS,5164,2103,3061,4789,170,205,ITI,ITI1,9,Toscana,Toscana,3729641,4461292,119.62,0.14
1283,2021-06-01,TOS,26966,13400,13566,22871,3838,257,ITI,ITI1,9,Toscana,Toscana,3729641,4488258,120.34,0.72
1284,2021-07-02,TOS,28317,14213,14104,10815,17203,299,ITI,ITI1,9,Toscana,Toscana,3729641,4516575,121.1,0.76
1285,2021-06-15,TOS,31238,16081,15157,26312,4577,349,ITI,ITI1,9,Toscana,Toscana,3729641,4547813,121.94,0.84
1286,2021-03-10,TOS,18419,7422,10997,14316,3997,106,ITI,ITI1,9,Toscana,Toscana,3729641,4566232,122.43,0.49
1287,2021-02-02,TOS,3745,1477,2268,187,3551,7,ITI,ITI1,9,Toscana,Toscana,3729641,4569977,122.53,0.1
1288,2021-01-24,TOS,3349,1072,2277,196,3150,3,ITI,ITI1,9,Toscana,Toscana,3729641,4573326,122.62,0.09
1289,2021-01-07,TOS,6181,1840,4341,6093,0,88,ITI,ITI1,9,Toscana,Toscana,3729641,4579507,122.79,0.17
1290,2021-06-27,TOS,33311,16082,17229,5911,27266,134,ITI,ITI1,9,Toscana,Toscana,3729641,4612818,123.68,0.89
1291,2021-05-01,TOS,23341,10072,13269,13728,9228,385,ITI,ITI1,9,Toscana,Toscana,3729641,4636159,124.31,0.63
1292,2021-03-05,TOS,16907,6698,10209,11964,4761,182,ITI,ITI1,9,Toscana,Toscana,3729641,4653066,124.76,0.45
1293,2021-08-09,TOS,28984,14723,14261,18503,9767,714,ITI,ITI1,9,Toscana,Toscana,3729641,4682050,125.54,0.78
1294,2021-06-13,TOS,24623,12356,12267,22601,1659,363,ITI,ITI1,9,Toscana,Toscana,3729641,4706673,126.2,0.66
1295,2021-04-05,TOS,15288,6826,8462,14371,737,180,ITI,ITI1,9,Toscana,Toscana,3729641,4721961,126.61,0.41
1296,2021-02-07,TOS,2818,958,1860,871,1927,20,ITI,ITI1,9,Toscana,Toscana,3729641,4724779,126.68,0.08
1297,2021-07-23,TOS,38465,19309,19156,4385,33923,157,ITI,ITI1,9,Toscana,Toscana,3729641,4763244,127.71,1.03
1298,2021-05-18,TOS,28854,14281,14573,19766,8835,253,ITI,ITI1,9,Toscana,Toscana,3729641,4792098,128.49,0.77
1299,2021-09-18,TOS,22187,12154,10033,5658,15848,681,ITI,ITI1,9,Toscana,Toscana,3729641,4814285,129.08,0.59
1300,2021-09-05,TOS,15167,8053,7114,6357,8285,525,ITI,ITI1,9,Toscana,Toscana,3729641,4829452,129.49,0.41
1301,2021-02-06,TOS,4539,1555,2984,1270,3236,33,ITI,ITI1,9,Toscana,Toscana,3729641,4833991,129.61,0.12
1302,2021-09-12,TOS,18282,9470,8812,4311,13419,552,ITI,ITI1,9,Toscana,Toscana,3729641,4852273,130.1,0.49
1303,2021-07-17,TOS,27762,14346,13416,8961,18560,241,ITI,ITI1,9,Toscana,Toscana,3729641,4880035,130.84,0.74
1304,2021-06-11,TOS,29765,15503,14262,24736,4662,367,ITI,ITI1,9,Toscana,Toscana,3729641,4909800,131.64,0.8
1305,2021-04-15,TOS,24510,10242,14268,15357,8622,531,ITI,ITI1,9,Toscana,Toscana,3729641,4934310,132.3,0.66
1306,2021-09-19,TOS,8779,4675,4104,2053,6432,294,ITI,ITI1,9,Toscana,Toscana,3729641,4943089,132.54,0.24
1307,2021-02-17,TOS,8228,3193,5035,7349,754,125,ITI,ITI1,9,Toscana,Toscana,3729641,4951317,132.76,0.22
1308,2021-07-24,TOS,38456,19376,19080,6846,31376,234,ITI,ITI1,9,Toscana,Toscana,3729641,4989773,133.79,1.03
1309,2021-05-28,TOS,30156,13960,16196,17431,12494,231,ITI,ITI1,9,Toscana,Toscana,3729641,5019929,134.6,0.81
1310,2021-04-22,TOS,35816,15331,20485,17413,17574,829,ITI,ITI1,9,Toscana,Toscana,3729641,5055745,135.56,0.96
1311,2021-02-24,TOS,10408,4489,5919,10070,198,140,ITI,ITI1,9,Toscana,Toscana,3729641,5066153,135.83,0.28
1312,2021-07-31,TOS,35849,19221,16628,12367,23022,460,ITI,ITI1,9,Toscana,Toscana,3729641,5102002,136.8,0.96
1313,2021-06-04,TOS,28346,13454,14892,20261,7814,271,ITI,ITI1,9,Toscana,Toscana,3729641,5130348,137.56,0.76
1314,2021-04-08,TOS,29821,12616,17205,23003,6449,369,ITI,ITI1,9,Toscana,Toscana,3729641,5160169,138.36,0.8
1315,2021-03-03,TOS,18233,6538,11695,14495,3610,128,ITI,ITI1,9,Toscana,Toscana,3729641,5178402,138.84,0.49
1316,2021-01-05,TOS,5386,1835,3551,5326,0,60,ITI,ITI1,9,Toscana,Toscana,3729641,5183788,138.99,0.14
1317,2021-01-19,TOS,1116,535,581,1074,0,42,ITI,ITI1,9,Toscana,Toscana,3729641,5184904,139.02,0.03
1318,2021-08-11,TOS,27068,14198,12870,16910,9420,738,ITI,ITI1,9,Toscana,Toscana,3729641,5211972,139.74,0.73
1319,2021-01-12,TOS,3631,1417,2214,3558,0,73,ITI,ITI1,9,Toscana,Toscana,3729641,5215603,139.84,0.1
1320,2021-01-27,VDA,156,75,81,80,76,0,ITC,ITC2,2,Valle d'Aosta / Vallée d'Aoste,Valle d'Aosta,125666,156,0.12,0.12
1321,2021-04-20,VDA,937,430,507,710,196,31,ITC,ITC2,2,Valle d'Aosta / Vallée d'Aoste,Valle d'Aosta,125666,1093,0.87,0.75
1322,2021-01-10,VDA,220,71,149,212,0,8,ITC,ITC2,2,Valle d'Aosta / Vallée d'Aoste,Valle d'Aosta,125666,1313,1.04,0.18
1323,2020-12-27,VDA,20,9,11,20,0,0,ITC,ITC2,2,Valle d'Aosta / Vallée d'Aoste,Valle d'Aosta,125666,1333,1.06,0.02
1324,2021-02-03,VDA,354,116,238,15,339,0,ITC,ITC2,2,Valle d'Aosta / Vallée d'Aoste,Valle d'Aosta,125666,1687,1.34,0.28
1325,2021-04-01,VDA,778,394,384,747,12,19,ITC,ITC2,2,Valle d'Aosta / Vallée d'Aoste,Valle d'Aosta,125666,2465,1.96,0.62
1326,2021-03-08,VDA,488,233,255,240,245,3,ITC,ITC2,2,Valle d'Aosta / Vallée d'Aoste,Valle d'Aosta,125666,2953,2.35,0.39
1327,2021-08-12,VDA,378,204,174,118,248,12,ITC,ITC2,2,Valle d'Aosta / Vallée d'Aoste,Valle d'Aosta,125666,3331,2.65,0.3
1328,2021-05-04,VDA,1136,511,625,435,674,27,ITC,ITC2,2,Valle d'Aosta / Vallée d'Aoste,Valle d'Aosta,125666,4467,3.55,0.9
1329,2021-06-16,VDA,1066,566,500,661,395,10,ITC,ITC2,2,Valle d'Aosta / Vallée d'Aoste,Valle d'Aosta,125666,5533,4.4,0.85
1330,2021-03-15,VDA,387,141,246,175,203,9,ITC,ITC2,2,Valle d'Aosta / Vallée d'Aoste,Valle d'Aosta,125666,5920,4.71,0.31
1331,2021-08-19,VDA,265,158,107,70,180,15,ITC,ITC2,2,Valle d'Aosta / Vallée d'Aoste,Valle d'Aosta,125666,6185,4.92,0.21
1332,2021-05-11,VDA,649,326,323,472,150,27,ITC,ITC2,2,Valle d'Aosta / Vallée d'Aoste,Valle d'Aosta,125666,6834,5.44,0.52
1333,2021-04-27,VDA,979,424,555,653,292,34,ITC,ITC2,2,Valle d'Aosta / Vallée d'Aoste,Valle d'Aosta,125666,7813,6.22,0.78
1334,2021-02-05,VDA,296,103,193,102,194,0,ITC,ITC2,2,Valle d'Aosta / Vallée d'Aoste,Valle d'Aosta,125666,8109,6.45,0.24
1335,2021-02-22,VDA,318,95,223,212,104,2,ITC,ITC2,2,Valle d'Aosta / Vallée d'Aoste,Valle d'Aosta,125666,8427,6.71,0.25
1336,2021-05-16,VDA,690,342,348,340,342,8,ITC,ITC2,2,Valle d'Aosta / Vallée d'Aoste,Valle d'Aosta,125666,9117,7.25,0.55
1337,2021-08-07,VDA,740,434,306,307,418,15,ITC,ITC2,2,Valle d'Aosta / Vallée d'Aoste,Valle d'Aosta,125666,9857,7.84,0.59
1338,2021-05-02,VDA,765,345,420,581,160,24,ITC,ITC2,2,Valle d'Aosta / Vallée d'Aoste,Valle d'Aosta,125666,10622,8.45,0.61
1339,2021-01-22,VDA,58,22,36,22,36,0,ITC,ITC2,2,Valle d'Aosta / Vallée d'Aoste,Valle d'Aosta,125666,10680,8.5,0.05
1340,2021-01-08,VDA,301,131,170,301,0,0,ITC,ITC2,2,Valle d'Aosta / Vallée d'Aoste,Valle d'Aosta,125666,10981,8.74,0.24
1341,2021-03-06,VDA,22,4,18,18,0,4,ITC,ITC2,2,Valle d'Aosta / Vallée d'Aoste,Valle d'Aosta,125666,11003,8.76,0.02
1342,2021-07-12,VDA,979,483,496,238,733,8,ITC,ITC2,2,Valle d'Aosta / Vallée d'Aoste,Valle d'Aosta,125666,11982,9.53,0.78
1343,2021-04-03,VDA,676,341,335,649,15,12,ITC,ITC2,2,Valle d'Aosta / Vallée d'Aoste,Valle d'Aosta,125666,12658,10.07,0.54
1344,2021-03-20,VDA,209,87,122,168,36,5,ITC,ITC2,2,Valle d'Aosta / Vallée d'Aoste,Valle d'Aosta,125666,12867,10.24,0.17
1345,2021-06-28,VDA,994,499,495,327,662,5,ITC,ITC2,2,Valle d'Aosta / Vallée d'Aoste,Valle d'Aosta,125666,13861,11.03,0.79
1346,2021-06-11,VDA,1048,484,564,752,283,13,ITC,ITC2,2,Valle d'Aosta / Vallée d'Aoste,Valle d'Aosta,125666,14909,11.86,0.83
1347,2021-05-30,VDA,865,429,436,682,171,12,ITC,ITC2,2,Valle d'Aosta / Vallée d'Aoste,Valle d'Aosta,125666,15774,12.55,0.69
1348,2021-07-26,VDA,1009,513,496,312,684,13,ITC,ITC2,2,Valle d'Aosta / Vallée d'Aoste,Valle d'Aosta,125666,16783,13.36,0.8
1349,2021-09-07,VDA,692,365,327,111,578,3,ITC,ITC2,2,Valle d'Aosta / Vallée d'Aoste,Valle d'Aosta,125666,17475,13.91,0.55
1350,2021-05-28,VDA,977,415,562,545,414,18,ITC,ITC2,2,Valle d'Aosta / Vallée d'Aoste,Valle d'Aosta,125666,18452,14.68,0.78
1351,2021-02-17,VDA,329,146,183,225,101,3,ITC,ITC2,2,Valle d'Aosta / Vallée d'Aoste,Valle d'Aosta,125666,18781,14.95,0.26
1352,2021-04-15,VDA,814,378,436,643,140,31,ITC,ITC2,2,Valle d'Aosta / Vallée d'Aoste,Valle d'Aosta,125666,19595,15.59,0.65
1353,2021-07-07,VDA,795,442,353,414,364,17,ITC,ITC2,2,Valle d'Aosta / Vallée d'Aoste,Valle d'Aosta,125666,20390,16.23,0.63
1354,2021-07-24,VDA,1019,536,483,326,682,11,ITC,ITC2,2,Valle d'Aosta / Vallée d'Aoste,Valle d'Aosta,125666,21409,17.04,0.81
1355,2021-09-14,VDA,545,273,272,9,535,1,ITC,ITC2,2,Valle d'Aosta / Vallée d'Aoste,Valle d'Aosta,125666,21954,17.47,0.43
1356,2021-07-19,VDA,879,460,419,251,619,9,ITC,ITC2,2,Valle d'Aosta / Vallée d'Aoste,Valle d'Aosta,125666,22833,18.17,0.7
1357,2021-02-24,VDA,185,84,101,163,21,1,ITC,ITC2,2,Valle d'Aosta / Vallée d'Aoste,Valle d'Aosta,125666,23018,18.32,0.15
1358,2021-04-08,VDA,585,282,303,420,144,21,ITC,ITC2,2,Valle d'Aosta / Vallée d'Aoste,Valle d'Aosta,125666,23603,18.78,0.47
1359,2021-09-02,VDA,520,271,249,88,416,16,ITC,ITC2,2,Valle d'Aosta / Vallée d'Aoste,Valle d'Aosta,125666,24123,19.2,0.41
1360,2021-06-09,VDA,1055,560,495,1009,35,11,ITC,ITC2,2,Valle d'Aosta / Vallée d'Aoste,Valle d'Aosta,125666,25178,20.04,0.84
1361,2021-03-01,VDA,182,66,116,140,34,8,ITC,ITC2,2,Valle d'Aosta / Vallée d'Aoste,Valle d'Aosta,125666,25360,20.18,0.14
1362,2021-02-15,VDA,264,136,128,226,35,3,ITC,ITC2,2,Valle d'Aosta / Vallée d'Aoste,Valle d'Aosta,125666,25624,20.39,0.21
1363,2021-06-04,VDA,910,385,525,467,435,8,ITC,ITC2,2,Valle d'Aosta / Vallée d'Aoste,Valle d'Aosta,125666,26534,21.11,0.72
1364,2021-08-26,VDA,343,168,175,82,254,7,ITC,ITC2,2,Valle d'Aosta / Vallée d'Aoste,Valle d'Aosta,125666,26877,21.39,0.27
1365,2021-08-14,VDA,465,256,209,135,314,16,ITC,ITC2,2,Valle d'Aosta / Vallée d'Aoste,Valle d'Aosta,125666,27342,21.76,0.37
1366,2021-03-13,VDA,147,88,59,141,0,6,ITC,ITC2,2,Valle d'Aosta / Vallée d'Aoste,Valle d'Aosta,125666,27489,21.87,0.12
1367,2021-01-15,VDA,220,83,137,220,0,0,ITC,ITC2,2,Valle d'Aosta / Vallée d'Aoste,Valle d'Aosta,125666,27709,22.05,0.18
1368,2021-05-23,VDA,999,465,534,653,340,6,ITC,ITC2,2,Valle d'Aosta / Vallée d'Aoste,Valle d'Aosta,125666,28708,22.84,0.79
1369,2021-01-29,VDA,321,139,182,2,319,0,ITC,ITC2,2,Valle d'Aosta / Vallée d'Aoste,Valle d'Aosta,125666,29029,23.1,0.26
1370,2021-08-31,VDA,672,344,328,135,531,6,ITC,ITC2,2,Valle d'Aosta / Vallée d'Aoste,Valle d'Aosta,125666,29701,23.63,0.53
1371,2021-04-22,VDA,1068,450,618,652,383,33,ITC,ITC2,2,Valle d'Aosta / Vallée d'Aoste,Valle d'Aosta,125666,30769,24.48,0.85
1372,2021-05-09,VDA,574,287,287,425,130,19,ITC,ITC2,2,Valle d'Aosta / Vallée d'Aoste,Valle d'Aosta,125666,31343,24.94,0.46
1373,2021-07-31,VDA,892,466,426,318,557,17,ITC,ITC2,2,Valle d'Aosta / Vallée d'Aoste,Valle d'Aosta,125666,32235,25.65,0.71
1374,2021-01-17,VDA,131,56,75,131,0,0,ITC,ITC2,2,Valle d'Aosta / Vallée d'Aoste,Valle d'Aosta,125666,32366,25.76,0.1
1375,2021-06-23,VDA,1044,551,493,422,617,5,ITC,ITC2,2,Valle d'Aosta / Vallée d'Aoste,Valle d'Aosta,125666,33410,26.59,0.83
1376,2021-06-30,VDA,1121,544,577,417,695,9,ITC,ITC2,2,Valle d'Aosta / Vallée d'Aoste,Valle d'Aosta,125666,34531,27.48,0.89
1377,2021-06-13,VDA,857,403,454,370,482,5,ITC,ITC2,2,Valle d'Aosta / Vallée d'Aoste,Valle d'Aosta,125666,35388,28.16,0.68
1378,2021-09-16,VDA,472,220,252,235,150,87,ITC,ITC2,2,Valle d'Aosta / Vallée d'Aoste,Valle d'Aosta,125666,35860,28.54,0.38
1379,2021-06-08,VDA,772,408,364,731,33,8,ITC,ITC2,2,Valle d'Aosta / Vallée d'Aoste,Valle d'Aosta,125666,36632,29.15,0.61
1380,2021-02-10,VDA,248,77,171,141,107,0,ITC,ITC2,2,Valle d'Aosta / Vallée d'Aoste,Valle d'Aosta,125666,36880,29.35,0.2
1381,2021-03-25,VDA,389,154,235,364,10,15,ITC,ITC2,2,Valle d'Aosta / Vallée d'Aoste,Valle d'Aosta,125666,37269,29.66,0.31
1382,2021-05-21,VDA,933,443,490,523,401,9,ITC,ITC2,2,Valle d'Aosta / Vallée d'Aoste,Valle d'Aosta,125666,38202,30.4,0.74
1383,2021-04-13,VDA,373,171,202,312,44,17,ITC,ITC2,2,Valle d'Aosta / Vallée d'Aoste,Valle d'Aosta,125666,38575,30.7,0.3
1384,2021-07-05,VDA,836,357,479,313,510,13,ITC,ITC2,2,Valle d'Aosta / Vallée d'Aoste,Valle d'Aosta,125666,39411,31.36,0.67
1385,2021-03-27,VDA,337,166,171,292,31,14,ITC,ITC2,2,Valle d'Aosta / Vallée d'Aoste,Valle d'Aosta,125666,39748,31.63,0.27
1386,2021-06-18,VDA,1004,446,558,589,401,14,ITC,ITC2,2,Valle d'Aosta / Vallée d'Aoste,Valle d'Aosta,125666,40752,32.43,0.8
1387,2021-05-25,VDA,1117,532,585,530,575,12,ITC,ITC2,2,Valle d'Aosta / Vallée d'Aoste,Valle d'Aosta,125666,41869,33.32,0.89
1388,2021-02-14,VDA,48,16,32,1,47,0,ITC,ITC2,2,Valle d'Aosta / Vallée d'Aoste,Valle d'Aosta,125666,41917,33.36,0.04
1389,2021-05-08,VDA,909,544,365,500,383,26,ITC,ITC2,2,Valle d'Aosta / Vallée d'Aoste,Valle d'Aosta,125666,42826,34.08,0.72
1390,2021-07-23,VDA,975,485,490,355,609,11,ITC,ITC2,2,Valle d'Aosta / Vallée d'Aoste,Valle d'Aosta,125666,43801,34.86,0.78
1391,2021-01-19,VDA,256,77,179,256,0,0,ITC,ITC2,2,Valle d'Aosta / Vallée d'Aoste,Valle d'Aosta,125666,44057,35.06,0.2
1392,2021-04-12,VDA,487,187,300,305,164,18,ITC,ITC2,2,Valle d'Aosta / Vallée d'Aoste,Valle d'Aosta,125666,44544,35.45,0.39
1393,2021-04-29,VDA,1293,636,657,742,532,19,ITC,ITC2,2,Valle d'Aosta / Vallée d'Aoste,Valle d'Aosta,125666,45837,36.48,1.03
1394,2021-07-21,VDA,1169,639,530,303,850,16,ITC,ITC2,2,Valle d'Aosta / Vallée d'Aoste,Valle d'Aosta,125666,47006,37.41,0.93
1395,2021-07-04,VDA,1193,531,662,350,829,14,ITC,ITC2,2,Valle d'Aosta / Vallée d'Aoste,Valle d'Aosta,125666,48199,38.35,0.95
1396,2021-09-18,VDA,245,123,122,176,17,52,ITC,ITC2,2,Valle d'Aosta / Vallée d'Aoste,Valle d'Aosta,125666,48444,38.55,0.19
1397,2021-09-04,VDA,513,271,242,130,368,15,ITC,ITC2,2,Valle d'Aosta / Vallée d'Aoste,Valle d'Aosta,125666,48957,38.96,0.41
1398,2021-03-17,VDA,438,185,253,259,165,14,ITC,ITC2,2,Valle d'Aosta / Vallée d'Aoste,Valle d'Aosta,125666,49395,39.31,0.35
1399,2021-03-03,VDA,258,119,139,182,71,5,ITC,ITC2,2,Valle d'Aosta / Vallée d'Aoste,Valle d'Aosta,125666,49653,39.51,0.21
1400,2021-08-30,VDA,548,277,271,115,395,38,ITC,ITC2,2,Valle d'Aosta / Vallée d'Aoste,Valle d'Aosta,125666,50201,39.95,0.44
1401,2021-01-31,VDA,291,91,200,58,233,0,ITC,ITC2,2,Valle d'Aosta / Vallée d'Aoste,Valle d'Aosta,125666,50492,40.18,0.23
1402,2021-08-16,VDA,422,211,211,129,276,17,ITC,ITC2,2,Valle d'Aosta / Vallée d'Aoste,Valle d'Aosta,125666,50914,40.52,0.34
1403,2021-04-05,VDA,465,223,242,445,6,14,ITC,ITC2,2,Valle d'Aosta / Vallée d'Aoste,Valle d'Aosta,125666,51379,40.89,0.37
1404,2021-06-27,VDA,1254,609,645,311,931,12,ITC,ITC2,2,Valle d'Aosta / Vallée d'Aoste,Valle d'Aosta,125666,52633,41.88,1.0
1405,2021-07-14,VDA,1021,534,487,288,728,5,ITC,ITC2,2,Valle d'Aosta / Vallée d'Aoste,Valle d'Aosta,125666,53654,42.7,0.81
1406,2021-03-29,VDA,494,233,261,450,40,4,ITC,ITC2,2,Valle d'Aosta / Vallée d'Aoste,Valle d'Aosta,125666,54148,43.09,0.39
1407,2021-06-20,VDA,1134,545,589,477,644,13,ITC,ITC2,2,Valle d'Aosta / Vallée d'Aoste,Valle d'Aosta,125666,55282,43.99,0.9
1408,2021-03-12,VDA,535,177,358,301,226,8,ITC,ITC2,2,Valle d'Aosta / Vallée d'Aoste,Valle d'Aosta,125666,55817,44.42,0.43
1409,2021-04-17,VDA,638,407,231,596,2,40,ITC,ITC2,2,Valle d'Aosta / Vallée d'Aoste,Valle d'Aosta,125666,56455,44.92,0.51
1410,2021-01-07,VDA,280,113,167,280,0,0,ITC,ITC2,2,Valle d'Aosta / Vallée d'Aoste,Valle d'Aosta,125666,56735,45.15,0.22
1411,2021-02-19,VDA,292,102,190,267,24,1,ITC,ITC2,2,Valle d'Aosta / Vallée d'Aoste,Valle d'Aosta,125666,57027,45.38,0.23
1412,2021-08-04,VDA,1047,572,475,371,657,19,ITC,ITC2,2,Valle d'Aosta / Vallée d'Aoste,Valle d'Aosta,125666,58074,46.21,0.83
1413,2021-01-05,VDA,151,55,96,151,0,0,ITC,ITC2,2,Valle d'Aosta / Vallée d'Aoste,Valle d'Aosta,125666,58225,46.33,0.12
1414,2021-01-14,VDA,237,69,168,237,0,0,ITC,ITC2,2,Valle d'Aosta / Vallée d'Aoste,Valle d'Aosta,125666,58462,46.52,0.19
1415,2021-05-18,VDA,972,484,488,348,619,5,ITC,ITC2,2,Valle d'Aosta / Vallée d'Aoste,Valle d'Aosta,125666,59434,47.3,0.77
1416,2021-02-07,VDA,292,120,172,190,102,0,ITC,ITC2,2,Valle d'Aosta / Vallée d'Aoste,Valle d'Aosta,125666,59726,47.53,0.23
1417,2021-08-09,VDA,675,336,339,250,404,21,ITC,ITC2,2,Valle d'Aosta / Vallée d'Aoste,Valle d'Aosta,125666,60401,48.06,0.54
1418,2021-05-01,VDA,941,564,377,440,484,17,ITC,ITC2,2,Valle d'Aosta / Vallée d'Aoste,Valle d'Aosta,125666,61342,48.81,0.75
1419,2021-09-11,VDA,390,238,152,2,385,3,ITC,ITC2,2,Valle d'Aosta / Vallée d'Aoste,Valle d'Aosta,125666,61732,49.12,0.31
1420,2021-03-10,VDA,439,184,255,220,214,5,ITC,ITC2,2,Valle d'Aosta / Vallée d'Aoste,Valle d'Aosta,125666,62171,49.47,0.35
1421,2021-02-21,VDA,18,3,15,0,18,0,ITC,ITC2,2,Valle d'Aosta / Vallée d'Aoste,Valle d'Aosta,125666,62189,49.49,0.01
1422,2021-09-09,VDA,324,174,150,99,215,10,ITC,ITC2,2,Valle d'Aosta / Vallée d'Aoste,Valle d'Aosta,125666,62513,49.75,0.26
1423,2021-06-01,VDA,874,471,403,511,354,9,ITC,ITC2,2,Valle d'Aosta / Vallée d'Aoste,Valle d'Aosta,125666,63387,50.44,0.7
1424,2021-08-01,VDA,842,445,397,285,547,10,ITC,ITC2,2,Valle d'Aosta / Vallée d'Aoste,Valle d'Aosta,125666,64229,51.11,0.67
1425,2021-07-16,VDA,1079,555,524,337,731,11,ITC,ITC2,2,Valle d'Aosta / Vallée d'Aoste,Valle d'Aosta,125666,65308,51.97,0.86
1426,2021-01-26,VDA,149,52,97,2,147,0,ITC,ITC2,2,Valle d'Aosta / Vallée d'Aoste,Valle d'Aosta,125666,65457,52.09,0.12
1427,2021-02-12,VDA,263,96,167,216,46,1,ITC,ITC2,2,Valle d'Aosta / Vallée d'Aoste,Valle d'Aosta,125666,65720,52.3,0.21
1428,2021-01-12,VDA,303,73,230,303,0,0,ITC,ITC2,2,Valle d'Aosta / Vallée d'Aoste,Valle d'Aosta,125666,66023,52.54,0.24
1429,2021-08-02,VDA,762,409,353,304,447,11,ITC,ITC2,2,Valle d'Aosta / Vallée d'Aoste,Valle d'Aosta,125666,66785,53.14,0.61
1430,2021-04-24,VDA,723,401,322,534,167,22,ITC,ITC2,2,Valle d'Aosta / Vallée d'Aoste,Valle d'Aosta,125666,67508,53.72,0.58
1431,2021-07-28,VDA,1425,765,660,354,1049,22,ITC,ITC2,2,Valle d'Aosta / Vallée d'Aoste,Valle d'Aosta,125666,68933,54.85,1.13
1432,2021-04-19,VDA,753,326,427,521,209,23,ITC,ITC2,2,Valle d'Aosta / Vallée d'Aoste,Valle d'Aosta,125666,69686,55.45,0.6
1433,2021-03-22,VDA,561,205,356,326,229,6,ITC,ITC2,2,Valle d'Aosta / Vallée d'Aoste,Valle d'Aosta,125666,70247,55.9,0.45
1434,2021-02-26,VDA,210,58,152,110,86,14,ITC,ITC2,2,Valle d'Aosta / Vallée d'Aoste,Valle d'Aosta,125666,70457,56.07,0.17
1435,2021-04-10,VDA,405,191,214,389,5,11,ITC,ITC2,2,Valle d'Aosta / Vallée d'Aoste,Valle d'Aosta,125666,70862,56.39,0.32
1436,2020-12-31,VDA,18,4,14,18,0,0,ITC,ITC2,2,Valle d'Aosta / Vallée d'Aoste,Valle d'Aosta,125666,70880,56.4,0.01
1437,2021-06-06,VDA,1161,582,579,780,374,7,ITC,ITC2,2,Valle d'Aosta / Vallée d'Aoste,Valle d'Aosta,125666,72041,57.33,0.92
1438,2021-06-15,VDA,924,508,416,654,257,13,ITC,ITC2,2,Valle d'Aosta / Vallée d'Aoste,Valle d'Aosta,125666,72965,58.06,0.74
1439,2021-08-11,VDA,777,380,397,304,452,21,ITC,ITC2,2,Valle d'Aosta / Vallée d'Aoste,Valle d'Aosta,125666,73742,58.68,0.62
1440,2021-08-23,VDA,404,205,199,91,299,14,ITC,ITC2,2,Valle d'Aosta / Vallée d'Aoste,Valle d'Aosta,125666,74146,59.0,0.32
1441,2021-02-23,VDA,217,124,93,216,0,1,ITC,ITC2,2,Valle d'Aosta / Vallée d'Aoste,Valle d'Aosta,125666,74363,59.18,0.17
1442,2021-04-14,VDA,942,430,512,692,224,26,ITC,ITC2,2,Valle d'Aosta / Vallée d'Aoste,Valle d'Aosta,125666,75305,59.92,0.75
1443,2021-07-06,VDA,886,481,405,158,723,5,ITC,ITC2,2,Valle d'Aosta / Vallée d'Aoste,Valle d'Aosta,125666,76191,60.63,0.71
1444,2021-01-02,VDA,6,5,1,6,0,0,ITC,ITC2,2,Valle d'Aosta / Vallée d'Aoste,Valle d'Aosta,125666,76197,60.63,0.0
1445,2021-03-26,VDA,498,204,294,482,7,9,ITC,ITC2,2,Valle d'Aosta / Vallée d'Aoste,Valle d'Aosta,125666,76695,61.03,0.4
1446,2021-06-17,VDA,991,530,461,635,342,14,ITC,ITC2,2,Valle d'Aosta / Vallée d'Aoste,Valle d'Aosta,125666,77686,61.82,0.79
1447,2021-01-16,VDA,238,80,158,238,0,0,ITC,ITC2,2,Valle d'Aosta / Vallée d'Aoste,Valle d'Aosta,125666,77924,62.01,0.19
1448,2021-06-22,VDA,1192,666,526,531,649,12,ITC,ITC2,2,Valle d'Aosta / Vallée d'Aoste,Valle d'Aosta,125666,79116,62.96,0.95
1449,2021-03-14,VDA,394,202,192,376,0,18,ITC,ITC2,2,Valle d'Aosta / Vallée d'Aoste,Valle d'Aosta,125666,79510,63.27,0.31
1450,2021-04-26,VDA,719,331,388,517,170,32,ITC,ITC2,2,Valle d'Aosta / Vallée d'Aoste,Valle d'Aosta,125666,80229,63.84,0.57
1451,2021-08-27,VDA,498,259,239,122,366,10,ITC,ITC2,2,Valle d'Aosta / Vallée d'Aoste,Valle d'Aosta,125666,80727,64.24,0.4
1452,2021-07-01,VDA,962,473,489,328,621,13,ITC,ITC2,2,Valle d'Aosta / Vallée d'Aoste,Valle d'Aosta,125666,81689,65.0,0.77
1453,2021-01-28,VDA,294,124,170,55,239,0,ITC,ITC2,2,Valle d'Aosta / Vallée d'Aoste,Valle d'Aosta,125666,81983,65.24,0.23
1454,2021-06-12,VDA,1234,600,634,1058,167,9,ITC,ITC2,2,Valle d'Aosta / Vallée d'Aoste,Valle d'Aosta,125666,83217,66.22,0.98
1455,2021-03-05,VDA,277,125,152,53,223,1,ITC,ITC2,2,Valle d'Aosta / Vallée d'Aoste,Valle d'Aosta,125666,83494,66.44,0.22
1456,2021-02-28,VDA,260,86,174,73,183,4,ITC,ITC2,2,Valle d'Aosta / Vallée d'Aoste,Valle d'Aosta,125666,83754,66.65,0.21
1457,2021-05-05,VDA,1039,566,473,435,582,22,ITC,ITC2,2,Valle d'Aosta / Vallée d'Aoste,Valle d'Aosta,125666,84793,67.47,0.83
1458,2021-06-05,VDA,927,477,450,730,188,9,ITC,ITC2,2,Valle d'Aosta / Vallée d'Aoste,Valle d'Aosta,125666,85720,68.21,0.74
1459,2021-02-11,VDA,232,107,125,222,9,1,ITC,ITC2,2,Valle d'Aosta / Vallée d'Aoste,Valle d'Aosta,125666,85952,68.4,0.18
1460,2021-07-18,VDA,931,457,474,242,674,15,ITC,ITC2,2,Valle d'Aosta / Vallée d'Aoste,Valle d'Aosta,125666,86883,69.14,0.74
1461,2021-04-09,VDA,238,111,127,201,33,4,ITC,ITC2,2,Valle d'Aosta / Vallée d'Aoste,Valle d'Aosta,125666,87121,69.33,0.19
1462,2021-09-13,VDA,289,149,140,14,274,1,ITC,ITC2,2,Valle d'Aosta / Vallée d'Aoste,Valle d'Aosta,125666,87410,69.56,0.23
1463,2021-05-22,VDA,956,505,451,545,401,10,ITC,ITC2,2,Valle d'Aosta / Vallée d'Aoste,Valle d'Aosta,125666,88366,70.32,0.76
1464,2021-09-01,VDA,800,428,372,188,586,26,ITC,ITC2,2,Valle d'Aosta / Vallée d'Aoste,Valle d'Aosta,125666,89166,70.95,0.64
1465,2021-05-24,VDA,1141,518,623,678,447,16,ITC,ITC2,2,Valle d'Aosta / Vallée d'Aoste,Valle d'Aosta,125666,90307,71.86,0.91
1466,2021-05-10,VDA,786,385,401,532,235,19,ITC,ITC2,2,Valle d'Aosta / Vallée d'Aoste,Valle d'Aosta,125666,91093,72.49,0.63
1467,2021-08-18,VDA,687,356,331,235,433,19,ITC,ITC2,2,Valle d'Aosta / Vallée d'Aoste,Valle d'Aosta,125666,91780,73.03,0.55
1468,2021-07-30,VDA,966,501,465,418,525,23,ITC,ITC2,2,Valle d'Aosta / Vallée d'Aoste,Valle d'Aosta,125666,92746,73.8,0.77
1469,2021-06-03,VDA,1313,670,643,882,414,17,ITC,ITC2,2,Valle d'Aosta / Vallée d'Aoste,Valle d'Aosta,125666,94059,74.85,1.04
1470,2021-08-25,VDA,681,348,333,128,527,26,ITC,ITC2,2,Valle d'Aosta / Vallée d'Aoste,Valle d'Aosta,125666,94740,75.39,0.54
1471,2021-05-17,VDA,809,417,392,365,434,10,ITC,ITC2,2,Valle d'Aosta / Vallée d'Aoste,Valle d'Aosta,125666,95549,76.03,0.64
1472,2021-08-08,VDA,580,298,282,176,394,10,ITC,ITC2,2,Valle d'Aosta / Vallée d'Aoste,Valle d'Aosta,125666,96129,76.5,0.46
1473,2021-05-15,VDA,1068,615,453,368,687,13,ITC,ITC2,2,Valle d'Aosta / Vallée d'Aoste,Valle d'Aosta,125666,97197,77.35,0.85
1474,2021-02-04,VDA,295,86,209,8,287,0,ITC,ITC2,2,Valle d'Aosta / Vallée d'Aoste,Valle d'Aosta,125666,97492,77.58,0.23
1475,2021-01-21,VDA,33,12,21,33,0,0,ITC,ITC2,2,Valle d'Aosta / Vallée d'Aoste,Valle d'Aosta,125666,97525,77.61,0.03
1476,2021-01-04,VDA,144,61,83,144,0,0,ITC,ITC2,2,Valle d'Aosta / Vallée d'Aoste,Valle d'Aosta,125666,97669,77.72,0.11
1477,2021-01-09,VDA,445,200,245,445,0,0,ITC,ITC2,2,Valle d'Aosta / Vallée d'Aoste,Valle d'Aosta,125666,98114,78.08,0.35
1478,2021-06-24,VDA,1227,631,596,381,837,9,ITC,ITC2,2,Valle d'Aosta / Vallée d'Aoste,Valle d'Aosta,125666,99341,79.05,0.98
1479,2021-03-19,VDA,322,85,237,285,35,2,ITC,ITC2,2,Valle d'Aosta / Vallée d'Aoste,Valle d'Aosta,125666,99663,79.31,0.26
1480,2021-05-07,VDA,566,247,319,513,30,23,ITC,ITC2,2,Valle d'Aosta / Vallée d'Aoste,Valle d'Aosta,125666,100229,79.76,0.45
1481,2021-04-23,VDA,923,443,480,511,383,29,ITC,ITC2,2,Valle d'Aosta / Vallée d'Aoste,Valle d'Aosta,125666,101152,80.49,0.73
1482,2021-01-13,VDA,338,110,228,338,0,0,ITC,ITC2,2,Valle d'Aosta / Vallée d'Aoste,Valle d'Aosta,125666,101490,80.76,0.27
1483,2021-07-29,VDA,998,508,490,318,667,13,ITC,ITC2,2,Valle d'Aosta / Vallée d'Aoste,Valle d'Aosta,125666,102488,81.56,0.79
1484,2021-07-15,VDA,1099,596,503,286,800,13,ITC,ITC2,2,Valle d'Aosta / Vallée d'Aoste,Valle d'Aosta,125666,103587,82.43,0.87
1485,2021-04-06,VDA,743,382,361,598,112,33,ITC,ITC2,2,Valle d'Aosta / Vallée d'Aoste,Valle d'Aosta,125666,104330,83.02,0.59
1486,2021-07-25,VDA,1021,494,527,262,749,10,ITC,ITC2,2,Valle d'Aosta / Vallée d'Aoste,Valle d'Aosta,125666,105351,83.83,0.81
1487,2021-04-16,VDA,599,261,338,566,2,31,ITC,ITC2,2,Valle d'Aosta / Vallée d'Aoste,Valle d'Aosta,125666,105950,84.31,0.48
1488,2021-04-02,VDA,875,345,530,627,226,22,ITC,ITC2,2,Valle d'Aosta / Vallée d'Aoste,Valle d'Aosta,125666,106825,85.01,0.7
1489,2021-09-06,VDA,495,245,250,145,319,31,ITC,ITC2,2,Valle d'Aosta / Vallée d'Aoste,Valle d'Aosta,125666,107320,85.4,0.39
1490,2021-05-29,VDA,800,436,364,554,239,7,ITC,ITC2,2,Valle d'Aosta / Vallée d'Aoste,Valle d'Aosta,125666,108120,86.04,0.64
1491,2021-07-11,VDA,908,472,436,253,643,12,ITC,ITC2,2,Valle d'Aosta / Vallée d'Aoste,Valle d'Aosta,125666,109028,86.76,0.72
1492,2021-04-21,VDA,869,410,459,588,249,32,ITC,ITC2,2,Valle d'Aosta / Vallée d'Aoste,Valle d'Aosta,125666,109897,87.45,0.69
1493,2021-07-13,VDA,1064,567,497,310,748,6,ITC,ITC2,2,Valle d'Aosta / Vallée d'Aoste,Valle d'Aosta,125666,110961,88.3,0.85
1494,2021-03-21,VDA,361,170,191,352,0,9,ITC,ITC2,2,Valle d'Aosta / Vallée d'Aoste,Valle d'Aosta,125666,111322,88.59,0.29
1495,2021-06-29,VDA,782,390,392,236,543,3,ITC,ITC2,2,Valle d'Aosta / Vallée d'Aoste,Valle d'Aosta,125666,112104,89.21,0.62
1496,2021-06-10,VDA,1059,612,447,1007,41,11,ITC,ITC2,2,Valle d'Aosta / Vallée d'Aoste,Valle d'Aosta,125666,113163,90.05,0.84
1497,2021-03-02,VDA,340,166,174,291,3,46,ITC,ITC2,2,Valle d'Aosta / Vallée d'Aoste,Valle d'Aosta,125666,113503,90.32,0.27
1498,2021-07-03,VDA,937,486,451,390,537,10,ITC,ITC2,2,Valle d'Aosta / Vallée d'Aoste,Valle d'Aosta,125666,114440,91.07,0.75
1499,2021-08-29,VDA,209,120,89,6,202,1,ITC,ITC2,2,Valle d'Aosta / Vallée d'Aoste,Valle d'Aosta,125666,114649,91.23,0.17
1500,2021-02-08,VDA,224,83,141,25,199,0,ITC,ITC2,2,Valle d'Aosta / Vallée d'Aoste,Valle d'Aosta,125666,114873,91.41,0.18
1501,2021-03-23,VDA,382,150,232,231,135,16,ITC,ITC2,2,Valle d'Aosta / Vallée d'Aoste,Valle d'Aosta,125666,115255,91.72,0.3
1502,2021-05-19,VDA,993,498,495,410,575,8,ITC,ITC2,2,Valle d'Aosta / Vallée d'Aoste,Valle d'Aosta,125666,116248,92.51,0.79
1503,2021-02-25,VDA,202,101,101,190,8,4,ITC,ITC2,2,Valle d'Aosta / Vallée d'Aoste,Valle d'Aosta,125666,116450,92.67,0.16
1504,2021-04-28,VDA,1220,633,587,683,503,34,ITC,ITC2,2,Valle d'Aosta / Vallée d'Aoste,Valle d'Aosta,125666,117670,93.64,0.97
1505,2021-08-06,VDA,821,400,421,402,398,21,ITC,ITC2,2,Valle d'Aosta / Vallée d'Aoste,Valle d'Aosta,125666,118491,94.29,0.65
1506,2021-08-10,VDA,856,437,419,580,264,12,ITC,ITC2,2,Valle d'Aosta / Vallée d'Aoste,Valle d'Aosta,125666,119347,94.97,0.68
1507,2021-03-18,VDA,136,43,93,96,37,3,ITC,ITC2,2,Valle d'Aosta / Vallée d'Aoste,Valle d'Aosta,125666,119483,95.08,0.11
1508,2021-06-26,VDA,1066,512,554,352,707,7,ITC,ITC2,2,Valle d'Aosta / Vallée d'Aoste,Valle d'Aosta,125666,120549,95.93,0.85
1509,2021-09-17,VDA,193,104,89,22,169,2,ITC,ITC2,2,Valle d'Aosta / Vallée d'Aoste,Valle d'Aosta,125666,120742,96.08,0.15
1510,2021-03-04,VDA,291,139,152,38,251,2,ITC,ITC2,2,Valle d'Aosta / Vallée d'Aoste,Valle d'Aosta,125666,121033,96.31,0.23
1511,2021-05-26,VDA,1212,587,625,567,634,11,ITC,ITC2,2,Valle d'Aosta / Vallée d'Aoste,Valle d'Aosta,125666,122245,97.28,0.96
1512,2021-09-03,VDA,534,283,251,139,369,26,ITC,ITC2,2,Valle d'Aosta / Vallée d'Aoste,Valle d'Aosta,125666,122779,97.7,0.42
1513,2021-03-28,VDA,524,213,311,497,0,27,ITC,ITC2,2,Valle d'Aosta / Vallée d'Aoste,Valle d'Aosta,125666,123303,98.12,0.42
1514,2021-03-11,VDA,392,164,228,152,239,1,ITC,ITC2,2,Valle d'Aosta / Vallée d'Aoste,Valle d'Aosta,125666,123695,98.43,0.31
1515,2021-06-02,VDA,1217,689,528,810,402,5,ITC,ITC2,2,Valle d'Aosta / Vallée d'Aoste,Valle d'Aosta,125666,124912,99.4,0.97
1516,2021-06-19,VDA,1295,671,624,658,621,16,ITC,ITC2,2,Valle d'Aosta / Vallée d'Aoste,Valle d'Aosta,125666,126207,100.43,1.03
1517,2021-09-10,VDA,615,300,315,208,364,43,ITC,ITC2,2,Valle d'Aosta / Vallée d'Aoste,Valle d'Aosta,125666,126822,100.92,0.49
1518,2021-08-24,VDA,672,370,302,144,518,10,ITC,ITC2,2,Valle d'Aosta / Vallée d'Aoste,Valle d'Aosta,125666,127494,101.45,0.53
1519,2021-03-09,VDA,206,96,110,167,32,7,ITC,ITC2,2,Valle d'Aosta / Vallée d'Aoste,Valle d'Aosta,125666,127700,101.62,0.16
1520,2021-08-13,VDA,496,273,223,204,283,9,ITC,ITC2,2,Valle d'Aosta / Vallée d'Aoste,Valle d'Aosta,125666,128196,102.01,0.39
1521,2021-05-03,VDA,841,400,441,459,352,30,ITC,ITC2,2,Valle d'Aosta / Vallée d'Aoste,Valle d'Aosta,125666,129037,102.68,0.67
1522,2021-03-07,VDA,64,30,34,11,53,0,ITC,ITC2,2,Valle d'Aosta / Vallée d'Aoste,Valle d'Aosta,125666,129101,102.73,0.05
1523,2021-08-20,VDA,473,240,233,142,316,15,ITC,ITC2,2,Valle d'Aosta / Vallée d'Aoste,Valle d'Aosta,125666,129574,103.11,0.38
1524,2021-01-11,VDA,328,113,215,328,0,0,ITC,ITC2,2,Valle d'Aosta / Vallée d'Aoste,Valle d'Aosta,125666,129902,103.37,0.26
1525,2021-09-05,VDA,143,75,68,4,136,3,ITC,ITC2,2,Valle d'Aosta / Vallée d'Aoste,Valle d'Aosta,125666,130045,103.48,0.11
1526,2021-03-16,VDA,186,37,149,109,68,9,ITC,ITC2,2,Valle d'Aosta / Vallée d'Aoste,Valle d'Aosta,125666,130231,103.63,0.15
1527,2021-02-06,VDA,290,104,186,91,198,1,ITC,ITC2,2,Valle d'Aosta / Vallée d'Aoste,Valle d'Aosta,125666,130521,103.86,0.23
1528,2021-04-30,VDA,833,357,476,469,347,17,ITC,ITC2,2,Valle d'Aosta / Vallée d'Aoste,Valle d'Aosta,125666,131354,104.53,0.66
1529,2021-01-20,VDA,64,15,49,64,0,0,ITC,ITC2,2,Valle d'Aosta / Vallée d'Aoste,Valle d'Aosta,125666,131418,104.58,0.05
1530,2021-07-22,VDA,981,519,462,264,704,13,ITC,ITC2,2,Valle d'Aosta / Vallée d'Aoste,Valle d'Aosta,125666,132399,105.36,0.78
1531,2021-08-05,VDA,787,406,381,280,480,27,ITC,ITC2,2,Valle d'Aosta / Vallée d'Aoste,Valle d'Aosta,125666,133186,105.98,0.63
1532,2021-01-06,VDA,66,34,32,66,0,0,ITC,ITC2,2,Valle d'Aosta / Vallée d'Aoste,Valle d'Aosta,125666,133252,106.04,0.05
1533,2021-02-18,VDA,349,153,196,256,88,5,ITC,ITC2,2,Valle d'Aosta / Vallée d'Aoste,Valle d'Aosta,125666,133601,106.31,0.28
1534,2021-01-30,VDA,440,203,237,12,426,2,ITC,ITC2,2,Valle d'Aosta / Vallée d'Aoste,Valle d'Aosta,125666,134041,106.66,0.35
1535,2021-01-25,VDA,150,67,83,1,149,0,ITC,ITC2,2,Valle d'Aosta / Vallée d'Aoste,Valle d'Aosta,125666,134191,106.78,0.12
1536,2021-02-20,VDA,257,215,42,244,10,3,ITC,ITC2,2,Valle d'Aosta / Vallée d'Aoste,Valle d'Aosta,125666,134448,106.99,0.2
1537,2021-04-04,VDA,573,254,319,562,0,11,ITC,ITC2,2,Valle d'Aosta / Vallée d'Aoste,Valle d'Aosta,125666,135021,107.44,0.46
1538,2021-08-17,VDA,560,306,254,210,342,8,ITC,ITC2,2,Valle d'Aosta / Vallée d'Aoste,Valle d'Aosta,125666,135581,107.89,0.45
1539,2021-01-18,VDA,214,74,140,214,0,0,ITC,ITC2,2,Valle d'Aosta / Vallée d'Aoste,Valle d'Aosta,125666,135795,108.06,0.17
1540,2021-04-11,VDA,480,208,272,463,0,17,ITC,ITC2,2,Valle d'Aosta / Vallée d'Aoste,Valle d'Aosta,125666,136275,108.44,0.38
1541,2021-07-10,VDA,1295,670,625,320,964,11,ITC,ITC2,2,Valle d'Aosta / Vallée d'Aoste,Valle d'Aosta,125666,137570,109.47,1.03
1542,2021-08-22,VDA,177,88,89,8,169,0,ITC,ITC2,2,Valle d'Aosta / Vallée d'Aoste,Valle d'Aosta,125666,137747,109.61,0.14
1543,2021-05-14,VDA,964,444,520,264,670,30,ITC,ITC2,2,Valle d'Aosta / Vallée d'Aoste,Valle d'Aosta,125666,138711,110.38,0.77
1544,2021-02-01,VDA,409,128,281,86,320,3,ITC,ITC2,2,Valle d'Aosta / Vallée d'Aoste,Valle d'Aosta,125666,139120,110.71,0.33
1545,2021-07-08,VDA,1276,709,567,339,926,11,ITC,ITC2,2,Valle d'Aosta / Vallée d'Aoste,Valle d'Aosta,125666,140396,111.72,1.02
1546,2021-03-30,VDA,402,223,179,364,20,18,ITC,ITC2,2,Valle d'Aosta / Vallée d'Aoste,Valle d'Aosta,125666,140798,112.04,0.32
1547,2021-05-12,VDA,1145,550,595,450,671,24,ITC,ITC2,2,Valle d'Aosta / Vallée d'Aoste,Valle d'Aosta,125666,141943,112.95,0.91
1548,2021-02-13,VDA,219,199,20,216,1,2,ITC,ITC2,2,Valle d'Aosta / Vallée d'Aoste,Valle d'Aosta,125666,142162,113.13,0.17
1549,2021-07-17,VDA,987,521,466,248,731,8,ITC,ITC2,2,Valle d'Aosta / Vallée d'Aoste,Valle d'Aosta,125666,143149,113.91,0.79
1550,2021-03-31,VDA,555,302,253,511,26,18,ITC,ITC2,2,Valle d'Aosta / Vallée d'Aoste,Valle d'Aosta,125666,143704,114.35,0.44
1551,2021-05-27,VDA,1093,498,595,575,506,12,ITC,ITC2,2,Valle d'Aosta / Vallée d'Aoste,Valle d'Aosta,125666,144797,115.22,0.87
1552,2021-05-13,VDA,1146,561,585,523,602,21,ITC,ITC2,2,Valle d'Aosta / Vallée d'Aoste,Valle d'Aosta,125666,145943,116.14,0.91
1553,2021-02-02,VDA,287,73,214,3,284,0,ITC,ITC2,2,Valle d'Aosta / Vallée d'Aoste,Valle d'Aosta,125666,146230,116.36,0.23
1554,2021-07-09,VDA,946,446,500,279,657,10,ITC,ITC2,2,Valle d'Aosta / Vallée d'Aoste,Valle d'Aosta,125666,147176,117.12,0.75
1555,2021-06-25,VDA,980,445,535,323,653,4,ITC,ITC2,2,Valle d'Aosta / Vallée d'Aoste,Valle d'Aosta,125666,148156,117.9,0.78
1556,2021-08-21,VDA,443,221,222,94,331,18,ITC,ITC2,2,Valle d'Aosta / Vallée d'Aoste,Valle d'Aosta,125666,148599,118.25,0.35
1557,2021-05-20,VDA,1045,475,570,592,440,13,ITC,ITC2,2,Valle d'Aosta / Vallée d'Aoste,Valle d'Aosta,125666,149644,119.08,0.83
1558,2021-07-02,VDA,873,387,486,304,563,6,ITC,ITC2,2,Valle d'Aosta / Vallée d'Aoste,Valle d'Aosta,125666,150517,119.78,0.69
1559,2021-03-24,VDA,518,230,288,256,259,3,ITC,ITC2,2,Valle d'Aosta / Vallée d'Aoste,Valle d'Aosta,125666,151035,120.19,0.41
1560,2021-08-28,VDA,536,285,251,90,424,22,ITC,ITC2,2,Valle d'Aosta / Vallée d'Aoste,Valle d'Aosta,125666,151571,120.61,0.43
1561,2021-05-06,VDA,1083,516,567,664,385,34,ITC,ITC2,2,Valle d'Aosta / Vallée d'Aoste,Valle d'Aosta,125666,152654,121.48,0.86
1562,2021-02-16,VDA,328,53,275,316,6,6,ITC,ITC2,2,Valle d'Aosta / Vallée d'Aoste,Valle d'Aosta,125666,152982,121.74,0.26
1563,2021-04-07,VDA,910,474,436,655,229,26,ITC,ITC2,2,Valle d'Aosta / Vallée d'Aoste,Valle d'Aosta,125666,153892,122.46,0.72
1564,2021-09-08,VDA,607,307,300,207,346,54,ITC,ITC2,2,Valle d'Aosta / Vallée d'Aoste,Valle d'Aosta,125666,154499,122.94,0.48
1565,2021-02-09,VDA,255,86,169,70,184,1,ITC,ITC2,2,Valle d'Aosta / Vallée d'Aoste,Valle d'Aosta,125666,154754,123.15,0.2
1566,2021-07-20,VDA,1121,585,536,387,724,10,ITC,ITC2,2,Valle d'Aosta / Vallée d'Aoste,Valle d'Aosta,125666,155875,124.04,0.89
1567,2021-09-15,VDA,373,197,176,23,349,1,ITC,ITC2,2,Valle d'Aosta / Vallée d'Aoste,Valle d'Aosta,125666,156248,124.34,0.3
1568,2021-04-18,VDA,523,255,268,495,2,26,ITC,ITC2,2,Valle d'Aosta / Vallée d'Aoste,Valle d'Aosta,125666,156771,124.75,0.42
1569,2021-06-14,VDA,1017,523,494,575,428,14,ITC,ITC2,2,Valle d'Aosta / Vallée d'Aoste,Valle d'Aosta,125666,157788,125.56,0.81
1570,2021-05-31,VDA,881,396,485,490,380,11,ITC,ITC2,2,Valle d'Aosta / Vallée d'Aoste,Valle d'Aosta,125666,158669,126.26,0.7
1571,2021-07-27,VDA,1132,605,527,567,552,13,ITC,ITC2,2,Valle d'Aosta / Vallée d'Aoste,Valle d'Aosta,125666,159801,127.16,0.9
1572,2021-04-25,VDA,850,409,441,674,139,37,ITC,ITC2,2,Valle d'Aosta / Vallée d'Aoste,Valle d'Aosta,125666,160651,127.84,0.68
1573,2021-06-21,VDA,1124,600,524,607,507,10,ITC,ITC2,2,Valle d'Aosta / Vallée d'Aoste,Valle d'Aosta,125666,161775,128.73,0.89
1574,2021-06-07,VDA,711,347,364,637,61,13,ITC,ITC2,2,Valle d'Aosta / Vallée d'Aoste,Valle d'Aosta,125666,162486,129.3,0.57
1575,2021-02-27,VDA,232,86,146,120,107,5,ITC,ITC2,2,Valle d'Aosta / Vallée d'Aoste,Valle d'Aosta,125666,162718,129.48,0.18
1576,2021-08-03,VDA,946,489,457,572,358,16,ITC,ITC2,2,Valle d'Aosta / Vallée d'Aoste,Valle d'Aosta,125666,163664,130.24,0.75
1577,2021-02-06,PAT,582,302,280,439,143,0,ITH,ITH2,4,Provincia Autonoma Trento,P.A. Trento,541380,582,0.11,0.11
1578,2021-02-23,PAT,1128,403,725,887,218,23,ITH,ITH2,4,Provincia Autonoma Trento,P.A. Trento,541380,1710,0.32,0.21
1579,2021-05-17,PAT,4357,2157,2200,3751,363,243,ITH,ITH2,4,Provincia Autonoma Trento,P.A. Trento,541380,6067,1.12,0.8
1580,2021-08-25,PAT,4399,2349,2050,1090,3235,74,ITH,ITH2,4,Provincia Autonoma Trento,P.A. Trento,541380,10466,1.93,0.81
1581,2021-03-09,PAT,1670,620,1050,980,653,37,ITH,ITH2,4,Provincia Autonoma Trento,P.A. Trento,541380,12136,2.24,0.31
1582,2021-06-17,PAT,6753,3564,3189,2044,4539,170,ITH,ITH2,4,Provincia Autonoma Trento,P.A. Trento,541380,18889,3.49,1.25
1583,2021-09-08,PAT,1550,783,767,482,1039,29,ITH,ITH2,4,Provincia Autonoma Trento,P.A. Trento,541380,20439,3.78,0.29
1584,2021-07-27,PAT,4823,2550,2273,1753,2951,119,ITH,ITH2,4,Provincia Autonoma Trento,P.A. Trento,541380,25262,4.67,0.89
1585,2021-05-31,PAT,4807,2215,2592,1608,3088,111,ITH,ITH2,4,Provincia Autonoma Trento,P.A. Trento,541380,30069,5.55,0.89
1586,2021-07-13,PAT,3843,1954,1889,1774,1934,135,ITH,ITH2,4,Provincia Autonoma Trento,P.A. Trento,541380,33912,6.26,0.71
1587,2021-04-21,PAT,2945,1372,1573,2739,51,155,ITH,ITH2,4,Provincia Autonoma Trento,P.A. Trento,541380,36857,6.81,0.54
1588,2021-01-28,PAT,554,156,398,51,503,0,ITH,ITH2,4,Provincia Autonoma Trento,P.A. Trento,541380,37411,6.91,0.1
1589,2021-01-11,PAT,765,235,530,765,0,0,ITH,ITH2,4,Provincia Autonoma Trento,P.A. Trento,541380,38176,7.05,0.14
1590,2021-04-09,PAT,2806,1195,1611,1528,1209,69,ITH,ITH2,4,Provincia Autonoma Trento,P.A. Trento,541380,40982,7.57,0.52
1591,2021-02-11,PAT,1171,377,794,803,367,1,ITH,ITH2,4,Provincia Autonoma Trento,P.A. Trento,541380,42153,7.79,0.22
1592,2021-07-18,PAT,464,243,221,116,339,9,ITH,ITH2,4,Provincia Autonoma Trento,P.A. Trento,541380,42617,7.87,0.09
1593,2021-02-25,PAT,1656,649,1007,1200,446,10,ITH,ITH2,4,Provincia Autonoma Trento,P.A. Trento,541380,44273,8.18,0.31
1594,2020-12-30,PAT,7,3,4,7,0,0,ITH,ITH2,4,Provincia Autonoma Trento,P.A. Trento,541380,44280,8.18,0.0
1595,2021-06-05,PAT,4132,1939,2193,688,3364,80,ITH,ITH2,4,Provincia Autonoma Trento,P.A. Trento,541380,48412,8.94,0.76
1596,2021-08-08,PAT,637,339,298,243,386,8,ITH,ITH2,4,Provincia Autonoma Trento,P.A. Trento,541380,49049,9.06,0.12
1597,2021-08-27,PAT,3806,2068,1738,926,2792,88,ITH,ITH2,4,Provincia Autonoma Trento,P.A. Trento,541380,52855,9.76,0.7
1598,2021-01-23,PAT,584,338,246,389,194,1,ITH,ITH2,4,Provincia Autonoma Trento,P.A. Trento,541380,53439,9.87,0.11
1599,2021-05-03,PAT,4313,2224,2089,3845,157,311,ITH,ITH2,4,Provincia Autonoma Trento,P.A. Trento,541380,57752,10.67,0.8
1600,2021-08-13,PAT,5965,3380,2585,2590,3224,151,ITH,ITH2,4,Provincia Autonoma Trento,P.A. Trento,541380,63717,11.77,1.1
1601,2021-07-01,PAT,7153,3738,3415,3585,3365,203,ITH,ITH2,4,Provincia Autonoma Trento,P.A. Trento,541380,70870,13.09,1.32
1602,2021-05-05,PAT,5061,2612,2449,4433,306,322,ITH,ITH2,4,Provincia Autonoma Trento,P.A. Trento,541380,75931,14.03,0.93
1603,2021-06-29,PAT,6432,3242,3190,2759,3534,139,ITH,ITH2,4,Provincia Autonoma Trento,P.A. Trento,541380,82363,15.21,1.19
1604,2021-06-12,PAT,5429,2718,2711,436,4943,50,ITH,ITH2,4,Provincia Autonoma Trento,P.A. Trento,541380,87792,16.22,1.0
1605,2021-03-21,PAT,136,74,62,131,0,5,ITH,ITH2,4,Provincia Autonoma Trento,P.A. Trento,541380,87928,16.24,0.03
1606,2021-03-14,PAT,110,67,43,19,89,2,ITH,ITH2,4,Provincia Autonoma Trento,P.A. Trento,541380,88038,16.26,0.02
1607,2021-03-07,PAT,24,6,18,24,0,0,ITH,ITH2,4,Provincia Autonoma Trento,P.A. Trento,541380,88062,16.27,0.0
1608,2021-01-09,PAT,195,42,153,195,0,0,ITH,ITH2,4,Provincia Autonoma Trento,P.A. Trento,541380,88257,16.3,0.04
1609,2021-06-24,PAT,6056,3171,2885,3649,2208,199,ITH,ITH2,4,Provincia Autonoma Trento,P.A. Trento,541380,94313,17.42,1.12
1610,2021-05-12,PAT,3348,1511,1837,1961,1220,167,ITH,ITH2,4,Provincia Autonoma Trento,P.A. Trento,541380,97661,18.04,0.62
1611,2021-04-14,PAT,3146,1480,1666,2253,738,155,ITH,ITH2,4,Provincia Autonoma Trento,P.A. Trento,541380,100807,18.62,0.58
1612,2021-03-28,PAT,768,304,464,717,2,49,ITH,ITH2,4,Provincia Autonoma Trento,P.A. Trento,541380,101575,18.76,0.14
1613,2021-01-04,PAT,905,250,655,903,0,2,ITH,ITH2,4,Provincia Autonoma Trento,P.A. Trento,541380,102480,18.93,0.17
1614,2021-07-06,PAT,5239,2763,2476,3113,1932,194,ITH,ITH2,4,Provincia Autonoma Trento,P.A. Trento,541380,107719,19.9,0.97
1615,2021-02-16,PAT,676,248,428,660,5,11,ITH,ITH2,4,Provincia Autonoma Trento,P.A. Trento,541380,108395,20.02,0.12
1616,2021-04-23,PAT,3668,1786,1882,3428,56,184,ITH,ITH2,4,Provincia Autonoma Trento,P.A. Trento,541380,112063,20.7,0.68
1617,2021-01-30,PAT,396,136,260,155,241,0,ITH,ITH2,4,Provincia Autonoma Trento,P.A. Trento,541380,112459,20.77,0.07
1618,2021-05-10,PAT,3271,1679,1592,2532,518,221,ITH,ITH2,4,Provincia Autonoma Trento,P.A. Trento,541380,115730,21.38,0.6
1619,2021-05-22,PAT,3375,1666,1709,849,2435,91,ITH,ITH2,4,Provincia Autonoma Trento,P.A. Trento,541380,119105,22.0,0.62
1620,2021-05-29,PAT,2446,1329,1117,783,1572,91,ITH,ITH2,4,Provincia Autonoma Trento,P.A. Trento,541380,121551,22.45,0.45
1621,2021-04-02,PAT,2893,1179,1714,2044,684,165,ITH,ITH2,4,Provincia Autonoma Trento,P.A. Trento,541380,124444,22.99,0.53
1622,2021-04-16,PAT,2906,1377,1529,2598,150,158,ITH,ITH2,4,Provincia Autonoma Trento,P.A. Trento,541380,127350,23.52,0.54
1623,2021-02-18,PAT,1437,505,932,1350,69,18,ITH,ITH2,4,Provincia Autonoma Trento,P.A. Trento,541380,128787,23.79,0.27
1624,2021-07-25,PAT,366,205,161,139,218,9,ITH,ITH2,4,Provincia Autonoma Trento,P.A. Trento,541380,129153,23.86,0.07
1625,2021-03-26,PAT,3277,1282,1995,2518,612,147,ITH,ITH2,4,Provincia Autonoma Trento,P.A. Trento,541380,132430,24.46,0.61
1626,2021-06-19,PAT,3146,1722,1424,236,2879,31,ITH,ITH2,4,Provincia Autonoma Trento,P.A. Trento,541380,135576,25.04,0.58
1627,2021-07-08,PAT,4167,2215,1952,2512,1483,172,ITH,ITH2,4,Provincia Autonoma Trento,P.A. Trento,541380,139743,25.81,0.77
1628,2021-02-04,PAT,1014,321,693,430,583,1,ITH,ITH2,4,Provincia Autonoma Trento,P.A. Trento,541380,140757,26.0,0.19
1629,2021-09-15,PAT,1639,869,770,446,1136,57,ITH,ITH2,4,Provincia Autonoma Trento,P.A. Trento,541380,142396,26.3,0.3
1630,2021-07-20,PAT,4832,2611,2221,1743,2935,154,ITH,ITH2,4,Provincia Autonoma Trento,P.A. Trento,541380,147228,27.19,0.89
1631,2021-03-16,PAT,1407,514,893,581,792,34,ITH,ITH2,4,Provincia Autonoma Trento,P.A. Trento,541380,148635,27.45,0.26
1632,2021-08-20,PAT,5226,2885,2341,1491,3632,103,ITH,ITH2,4,Provincia Autonoma Trento,P.A. Trento,541380,153861,28.42,0.97
1633,2021-05-14,PAT,5445,2615,2830,3715,1429,301,ITH,ITH2,4,Provincia Autonoma Trento,P.A. Trento,541380,159306,29.43,1.01
1634,2021-08-22,PAT,409,245,164,222,171,16,ITH,ITH2,4,Provincia Autonoma Trento,P.A. Trento,541380,159715,29.5,0.08
1635,2021-02-08,PAT,1195,333,862,348,847,0,ITH,ITH2,4,Provincia Autonoma Trento,P.A. Trento,541380,160910,29.72,0.22
1636,2021-08-06,PAT,6476,3567,2909,2670,3685,121,ITH,ITH2,4,Provincia Autonoma Trento,P.A. Trento,541380,167386,30.92,1.2
1637,2021-01-16,PAT,322,148,174,322,0,0,ITH,ITH2,4,Provincia Autonoma Trento,P.A. Trento,541380,167708,30.98,0.06
1638,2021-04-28,PAT,4292,1997,2295,3896,139,257,ITH,ITH2,4,Provincia Autonoma Trento,P.A. Trento,541380,172000,31.77,0.79
1639,2021-05-24,PAT,4494,2078,2416,1268,3110,116,ITH,ITH2,4,Provincia Autonoma Trento,P.A. Trento,541380,176494,32.6,0.83
1640,2021-09-01,PAT,3924,2092,1832,831,3017,76,ITH,ITH2,4,Provincia Autonoma Trento,P.A. Trento,541380,180418,33.33,0.72
1641,2021-03-02,PAT,1323,446,877,910,382,31,ITH,ITH2,4,Provincia Autonoma Trento,P.A. Trento,541380,181741,33.57,0.24
1642,2021-06-10,PAT,6220,3031,3189,1812,4270,138,ITH,ITH2,4,Provincia Autonoma Trento,P.A. Trento,541380,187961,34.72,1.15
1643,2021-09-03,PAT,3484,1907,1577,784,2650,50,ITH,ITH2,4,Provincia Autonoma Trento,P.A. Trento,541380,191445,35.36,0.64
1644,2021-01-18,PAT,690,168,522,631,59,0,ITH,ITH2,4,Provincia Autonoma Trento,P.A. Trento,541380,192135,35.49,0.13
1645,2021-08-24,PAT,4608,2469,2139,1293,3222,93,ITH,ITH2,4,Provincia Autonoma Trento,P.A. Trento,541380,196743,36.34,0.85
1646,2021-07-24,PAT,994,547,447,520,445,29,ITH,ITH2,4,Provincia Autonoma Trento,P.A. Trento,541380,197737,36.52,0.18
1647,2021-03-18,PAT,2336,964,1372,1222,1089,25,ITH,ITH2,4,Provincia Autonoma Trento,P.A. Trento,541380,200073,36.96,0.43
1648,2021-06-09,PAT,6331,3124,3207,2114,4132,85,ITH,ITH2,4,Provincia Autonoma Trento,P.A. Trento,541380,206404,38.13,1.17
1649,2021-06-26,PAT,1438,755,683,676,727,35,ITH,ITH2,4,Provincia Autonoma Trento,P.A. Trento,541380,207842,38.39,0.27
1650,2021-06-28,PAT,6956,3598,3358,2946,3869,141,ITH,ITH2,4,Provincia Autonoma Trento,P.A. Trento,541380,214798,39.68,1.28
1651,2021-04-06,PAT,2288,969,1319,1459,770,59,ITH,ITH2,4,Provincia Autonoma Trento,P.A. Trento,541380,217086,40.1,0.42
1652,2021-07-15,PAT,4299,2301,1998,1791,2364,144,ITH,ITH2,4,Provincia Autonoma Trento,P.A. Trento,541380,221385,40.89,0.79
1653,2021-04-13,PAT,2618,1090,1528,2025,509,84,ITH,ITH2,4,Provincia Autonoma Trento,P.A. Trento,541380,224003,41.38,0.48
1654,2021-01-20,PAT,308,77,231,296,12,0,ITH,ITH2,4,Provincia Autonoma Trento,P.A. Trento,541380,224311,41.43,0.06
1655,2021-04-30,PAT,4992,2434,2558,4443,163,386,ITH,ITH2,4,Provincia Autonoma Trento,P.A. Trento,541380,229303,42.36,0.92
1656,2021-05-19,PAT,5196,2514,2682,3670,1274,252,ITH,ITH2,4,Provincia Autonoma Trento,P.A. Trento,541380,234499,43.32,0.96
1657,2021-09-10,PAT,2456,1273,1183,737,1641,78,ITH,ITH2,4,Provincia Autonoma Trento,P.A. Trento,541380,236955,43.77,0.45
1658,2021-02-20,PAT,412,247,165,124,287,1,ITH,ITH2,4,Provincia Autonoma Trento,P.A. Trento,541380,237367,43.84,0.08
1659,2021-01-08,PAT,1538,341,1197,1537,0,1,ITH,ITH2,4,Provincia Autonoma Trento,P.A. Trento,541380,238905,44.13,0.28
1660,2021-06-14,PAT,5820,3010,2810,2043,3657,120,ITH,ITH2,4,Provincia Autonoma Trento,P.A. Trento,541380,244725,45.2,1.08
1661,2021-04-18,PAT,1865,850,1015,1795,9,61,ITH,ITH2,4,Provincia Autonoma Trento,P.A. Trento,541380,246590,45.55,0.34
1662,2021-03-06,PAT,809,285,524,615,152,42,ITH,ITH2,4,Provincia Autonoma Trento,P.A. Trento,541380,247399,45.7,0.15
1663,2021-05-02,PAT,3565,1980,1585,3295,39,231,ITH,ITH2,4,Provincia Autonoma Trento,P.A. Trento,541380,250964,46.36,0.66
1664,2021-08-10,PAT,6002,3206,2796,2906,2910,186,ITH,ITH2,4,Provincia Autonoma Trento,P.A. Trento,541380,256966,47.46,1.11
1665,2021-03-13,PAT,965,496,469,841,48,76,ITH,ITH2,4,Provincia Autonoma Trento,P.A. Trento,541380,257931,47.64,0.18
1666,2021-07-05,PAT,5435,2850,2585,3791,1394,250,ITH,ITH2,4,Provincia Autonoma Trento,P.A. Trento,541380,263366,48.65,1.0
1667,2021-03-04,PAT,2390,807,1583,1557,790,43,ITH,ITH2,4,Provincia Autonoma Trento,P.A. Trento,541380,265756,49.09,0.44
1668,2021-04-01,PAT,2947,1252,1695,1745,1107,95,ITH,ITH2,4,Provincia Autonoma Trento,P.A. Trento,541380,268703,49.63,0.54
1669,2021-07-10,PAT,1098,565,533,147,920,31,ITH,ITH2,4,Provincia Autonoma Trento,P.A. Trento,541380,269801,49.84,0.2
1670,2021-03-23,PAT,2484,962,1522,1629,755,100,ITH,ITH2,4,Provincia Autonoma Trento,P.A. Trento,541380,272285,50.29,0.46
1671,2021-05-28,PAT,3805,1768,2037,1399,2265,141,ITH,ITH2,4,Provincia Autonoma Trento,P.A. Trento,541380,276090,51.0,0.7
1672,2021-01-25,PAT,849,231,618,25,824,0,ITH,ITH2,4,Provincia Autonoma Trento,P.A. Trento,541380,276939,51.15,0.16
1673,2021-01-13,PAT,444,131,313,444,0,0,ITH,ITH2,4,Provincia Autonoma Trento,P.A. Trento,541380,277383,51.24,0.08
1674,2021-01-27,PAT,873,310,563,115,756,2,ITH,ITH2,4,Provincia Autonoma Trento,P.A. Trento,541380,278256,51.4,0.16
1675,2021-02-13,PAT,540,335,205,172,368,0,ITH,ITH2,4,Provincia Autonoma Trento,P.A. Trento,541380,278796,51.5,0.1
1676,2021-05-07,PAT,6092,3133,2959,4854,854,384,ITH,ITH2,4,Provincia Autonoma Trento,P.A. Trento,541380,284888,52.62,1.13
1677,2021-04-20,PAT,2909,1388,1521,2690,37,182,ITH,ITH2,4,Provincia Autonoma Trento,P.A. Trento,541380,287797,53.16,0.54
1678,2021-05-09,PAT,2355,1226,1129,1869,347,139,ITH,ITH2,4,Provincia Autonoma Trento,P.A. Trento,541380,290152,53.59,0.43
1679,2021-08-17,PAT,5461,2887,2574,1945,3378,138,ITH,ITH2,4,Provincia Autonoma Trento,P.A. Trento,541380,295613,54.6,1.01
1680,2021-02-15,PAT,547,193,354,419,126,2,ITH,ITH2,4,Provincia Autonoma Trento,P.A. Trento,541380,296160,54.7,0.1
1681,2021-05-26,PAT,3964,1871,2093,1117,2724,123,ITH,ITH2,4,Provincia Autonoma Trento,P.A. Trento,541380,300124,55.44,0.73
1682,2021-09-12,PAT,7,4,3,3,4,0,ITH,ITH2,4,Provincia Autonoma Trento,P.A. Trento,541380,300131,55.44,0.0
1683,2021-06-21,PAT,6260,3387,2873,3646,2425,189,ITH,ITH2,4,Provincia Autonoma Trento,P.A. Trento,541380,306391,56.59,1.16
1684,2021-04-29,PAT,4704,2267,2437,4175,214,315,ITH,ITH2,4,Provincia Autonoma Trento,P.A. Trento,541380,311095,57.46,0.87
1685,2021-08-07,PAT,1625,931,694,818,769,38,ITH,ITH2,4,Provincia Autonoma Trento,P.A. Trento,541380,312720,57.76,0.3
1686,2021-01-22,PAT,1748,459,1289,350,1396,2,ITH,ITH2,4,Provincia Autonoma Trento,P.A. Trento,541380,314468,58.09,0.32
1687,2021-02-05,PAT,835,288,547,285,550,0,ITH,ITH2,4,Provincia Autonoma Trento,P.A. Trento,541380,315303,58.24,0.15
1688,2021-05-16,PAT,1359,757,602,1043,248,68,ITH,ITH2,4,Provincia Autonoma Trento,P.A. Trento,541380,316662,58.49,0.25
1689,2021-06-02,PAT,2884,1383,1501,895,1916,73,ITH,ITH2,4,Provincia Autonoma Trento,P.A. Trento,541380,319546,59.02,0.53
1690,2021-03-11,PAT,2623,985,1638,1507,1056,60,ITH,ITH2,4,Provincia Autonoma Trento,P.A. Trento,541380,322169,59.51,0.48
1691,2021-07-22,PAT,4780,2588,2192,1895,2740,145,ITH,ITH2,4,Provincia Autonoma Trento,P.A. Trento,541380,326949,60.39,0.88
1692,2021-03-25,PAT,2917,1128,1789,1742,1061,114,ITH,ITH2,4,Provincia Autonoma Trento,P.A. Trento,541380,329866,60.93,0.54
1693,2021-07-03,PAT,1268,681,587,78,1185,5,ITH,ITH2,4,Provincia Autonoma Trento,P.A. Trento,541380,331134,61.16,0.23
1694,2021-03-30,PAT,2467,999,1468,1672,693,102,ITH,ITH2,4,Provincia Autonoma Trento,P.A. Trento,541380,333601,61.62,0.46
1695,2021-04-11,PAT,2392,1161,1231,2201,99,92,ITH,ITH2,4,Provincia Autonoma Trento,P.A. Trento,541380,335993,62.06,0.44
1696,2021-02-27,PAT,1054,468,586,606,428,20,ITH,ITH2,4,Provincia Autonoma Trento,P.A. Trento,541380,337047,62.26,0.19
1697,2021-08-03,PAT,6217,3358,2859,2484,3598,135,ITH,ITH2,4,Provincia Autonoma Trento,P.A. Trento,541380,343264,63.41,1.15
1698,2021-01-01,PAT,222,51,171,222,0,0,ITH,ITH2,4,Provincia Autonoma Trento,P.A. Trento,541380,343486,63.45,0.04
1699,2021-06-07,PAT,5890,2930,2960,2679,3028,183,ITH,ITH2,4,Provincia Autonoma Trento,P.A. Trento,541380,349376,64.53,1.09
1700,2021-04-25,PAT,2003,953,1050,1872,7,124,ITH,ITH2,4,Provincia Autonoma Trento,P.A. Trento,541380,351379,64.9,0.37
1701,2021-08-29,PAT,617,347,270,310,283,24,ITH,ITH2,4,Provincia Autonoma Trento,P.A. Trento,541380,351996,65.02,0.11
1702,2021-07-17,PAT,1099,537,562,270,809,20,ITH,ITH2,4,Provincia Autonoma Trento,P.A. Trento,541380,353095,65.22,0.2
1703,2021-05-21,PAT,5217,2506,2711,3138,1807,272,ITH,ITH2,4,Provincia Autonoma Trento,P.A. Trento,541380,358312,66.18,0.96
1704,2021-02-01,PAT,1278,356,922,98,1180,0,ITH,ITH2,4,Provincia Autonoma Trento,P.A. Trento,541380,359590,66.42,0.24
1705,2021-08-31,PAT,4406,2292,2114,1241,3063,102,ITH,ITH2,4,Provincia Autonoma Trento,P.A. Trento,541380,363996,67.23,0.81
1706,2021-08-02,PAT,5380,2852,2528,1607,3704,69,ITH,ITH2,4,Provincia Autonoma Trento,P.A. Trento,541380,369376,68.23,0.99
1707,2021-02-12,PAT,1033,346,687,592,439,2,ITH,ITH2,4,Provincia Autonoma Trento,P.A. Trento,541380,370409,68.42,0.19
1708,2021-03-01,PAT,1256,460,796,928,303,25,ITH,ITH2,4,Provincia Autonoma Trento,P.A. Trento,541380,371665,68.65,0.23
1709,2021-03-20,PAT,888,409,479,663,211,14,ITH,ITH2,4,Provincia Autonoma Trento,P.A. Trento,541380,372553,68.82,0.16
1710,2021-03-03,PAT,1672,628,1044,1115,520,37,ITH,ITH2,4,Provincia Autonoma Trento,P.A. Trento,541380,374225,69.12,0.31
1711,2021-09-02,PAT,3353,1755,1598,949,2356,48,ITH,ITH2,4,Provincia Autonoma Trento,P.A. Trento,541380,377578,69.74,0.62
1712,2021-06-11,PAT,7314,3480,3834,1492,5715,107,ITH,ITH2,4,Provincia Autonoma Trento,P.A. Trento,541380,384892,71.09,1.35
1713,2021-06-06,PAT,2269,1080,1189,431,1817,21,ITH,ITH2,4,Provincia Autonoma Trento,P.A. Trento,541380,387161,71.51,0.42
1714,2021-09-14,PAT,1971,986,985,581,1342,48,ITH,ITH2,4,Provincia Autonoma Trento,P.A. Trento,541380,389132,71.88,0.36
1715,2021-07-12,PAT,4275,2154,2121,2034,2043,198,ITH,ITH2,4,Provincia Autonoma Trento,P.A. Trento,541380,393407,72.67,0.79
1716,2021-02-17,PAT,1175,450,725,1058,112,5,ITH,ITH2,4,Provincia Autonoma Trento,P.A. Trento,541380,394582,72.88,0.22
1717,2021-01-05,PAT,759,262,497,759,0,0,ITH,ITH2,4,Provincia Autonoma Trento,P.A. Trento,541380,395341,73.02,0.14
1718,2021-04-15,PAT,3234,1459,1775,2830,156,248,ITH,ITH2,4,Provincia Autonoma Trento,P.A. Trento,541380,398575,73.62,0.6
1719,2021-06-18,PAT,7068,3761,3307,1785,5190,93,ITH,ITH2,4,Provincia Autonoma Trento,P.A. Trento,541380,405643,74.93,1.31
1720,2021-03-27,PAT,1673,747,926,1322,263,88,ITH,ITH2,4,Provincia Autonoma Trento,P.A. Trento,541380,407316,75.24,0.31
1721,2021-02-03,PAT,877,326,551,417,460,0,ITH,ITH2,4,Provincia Autonoma Trento,P.A. Trento,541380,408193,75.4,0.16
1722,2021-07-19,PAT,4814,2536,2278,1455,3225,134,ITH,ITH2,4,Provincia Autonoma Trento,P.A. Trento,541380,413007,76.29,0.89
1723,2021-05-23,PAT,1995,1015,980,431,1535,29,ITH,ITH2,4,Provincia Autonoma Trento,P.A. Trento,541380,415002,76.66,0.37
1724,2021-04-10,PAT,2877,1352,1525,1995,803,79,ITH,ITH2,4,Provincia Autonoma Trento,P.A. Trento,541380,417879,77.19,0.53
1725,2021-08-28,PAT,1344,827,517,549,758,37,ITH,ITH2,4,Provincia Autonoma Trento,P.A. Trento,541380,419223,77.44,0.25
1726,2021-08-21,PAT,1323,786,537,604,680,39,ITH,ITH2,4,Provincia Autonoma Trento,P.A. Trento,541380,420546,77.68,0.24
1727,2021-06-25,PAT,7800,4161,3639,4168,3449,183,ITH,ITH2,4,Provincia Autonoma Trento,P.A. Trento,541380,428346,79.12,1.44
1728,2021-07-07,PAT,4530,2433,2097,2921,1407,202,ITH,ITH2,4,Provincia Autonoma Trento,P.A. Trento,541380,432876,79.96,0.84
1729,2021-01-03,PAT,503,166,337,503,0,0,ITH,ITH2,4,Provincia Autonoma Trento,P.A. Trento,541380,433379,80.05,0.09
1730,2021-01-10,PAT,87,20,67,87,0,0,ITH,ITH2,4,Provincia Autonoma Trento,P.A. Trento,541380,433466,80.07,0.02
1731,2021-01-29,PAT,1426,363,1063,56,1370,0,ITH,ITH2,4,Provincia Autonoma Trento,P.A. Trento,541380,434892,80.33,0.26
1732,2021-06-13,PAT,3735,2062,1673,279,3430,26,ITH,ITH2,4,Provincia Autonoma Trento,P.A. Trento,541380,438627,81.02,0.69
1733,2020-12-27,PAT,107,43,64,107,0,0,ITH,ITH2,4,Provincia Autonoma Trento,P.A. Trento,541380,438734,81.04,0.02
1734,2021-09-16,PAT,1812,918,894,552,1210,50,ITH,ITH2,4,Provincia Autonoma Trento,P.A. Trento,541380,440546,81.37,0.33
1735,2021-05-30,PAT,1777,876,901,864,843,70,ITH,ITH2,4,Provincia Autonoma Trento,P.A. Trento,541380,442323,81.7,0.33
1736,2021-04-03,PAT,1183,487,696,936,178,69,ITH,ITH2,4,Provincia Autonoma Trento,P.A. Trento,541380,443506,81.92,0.22
1737,2021-09-07,PAT,1533,797,736,447,1041,45,ITH,ITH2,4,Provincia Autonoma Trento,P.A. Trento,541380,445039,82.2,0.28
1738,2021-06-04,PAT,5929,2652,3277,1731,4062,136,ITH,ITH2,4,Provincia Autonoma Trento,P.A. Trento,541380,450968,83.3,1.1
1739,2021-02-24,PAT,1373,543,830,943,406,24,ITH,ITH2,4,Provincia Autonoma Trento,P.A. Trento,541380,452341,83.55,0.25
1740,2021-06-03,PAT,4845,2279,2566,1237,3515,93,ITH,ITH2,4,Provincia Autonoma Trento,P.A. Trento,541380,457186,84.45,0.89
1741,2021-09-11,PAT,694,395,299,468,191,35,ITH,ITH2,4,Provincia Autonoma Trento,P.A. Trento,541380,457880,84.58,0.13
1742,2021-08-14,PAT,290,156,134,50,237,3,ITH,ITH2,4,Provincia Autonoma Trento,P.A. Trento,541380,458170,84.63,0.05
1743,2021-07-02,PAT,7428,4039,3389,3580,3596,252,ITH,ITH2,4,Provincia Autonoma Trento,P.A. Trento,541380,465598,86.0,1.37
1744,2021-01-15,PAT,628,149,479,627,0,1,ITH,ITH2,4,Provincia Autonoma Trento,P.A. Trento,541380,466226,86.12,0.12
1745,2021-07-21,PAT,4711,2525,2186,1520,3088,103,ITH,ITH2,4,Provincia Autonoma Trento,P.A. Trento,541380,470937,86.99,0.87
1746,2021-08-09,PAT,5356,2857,2499,2289,2925,142,ITH,ITH2,4,Provincia Autonoma Trento,P.A. Trento,541380,476293,87.98,0.99
1747,2021-08-26,PAT,4125,2164,1961,1070,2956,99,ITH,ITH2,4,Provincia Autonoma Trento,P.A. Trento,541380,480418,88.74,0.76
1748,2021-02-22,PAT,755,262,493,663,86,6,ITH,ITH2,4,Provincia Autonoma Trento,P.A. Trento,541380,481173,88.88,0.14
1749,2021-05-18,PAT,4324,2047,2277,3169,870,285,ITH,ITH2,4,Provincia Autonoma Trento,P.A. Trento,541380,485497,89.68,0.8
1750,2021-04-24,PAT,3581,1715,1866,3353,16,212,ITH,ITH2,4,Provincia Autonoma Trento,P.A. Trento,541380,489078,90.34,0.66
1751,2021-02-26,PAT,1257,445,812,932,299,26,ITH,ITH2,4,Provincia Autonoma Trento,P.A. Trento,541380,490335,90.57,0.23
1752,2021-01-14,PAT,731,218,513,729,0,2,ITH,ITH2,4,Provincia Autonoma Trento,P.A. Trento,541380,491066,90.71,0.14
1753,2021-02-28,PAT,246,122,124,236,0,10,ITH,ITH2,4,Provincia Autonoma Trento,P.A. Trento,541380,491312,90.75,0.05
1754,2021-08-04,PAT,6211,3313,2898,2574,3499,138,ITH,ITH2,4,Provincia Autonoma Trento,P.A. Trento,541380,497523,91.9,1.15
1755,2021-06-08,PAT,6047,2919,3128,1782,4133,132,ITH,ITH2,4,Provincia Autonoma Trento,P.A. Trento,541380,503570,93.02,1.12
1756,2021-04-26,PAT,2676,1260,1416,2411,96,169,ITH,ITH2,4,Provincia Autonoma Trento,P.A. Trento,541380,506246,93.51,0.49
1757,2021-05-20,PAT,5124,2408,2716,3150,1690,284,ITH,ITH2,4,Provincia Autonoma Trento,P.A. Trento,541380,511370,94.46,0.95
1758,2021-03-24,PAT,2416,963,1453,1467,827,122,ITH,ITH2,4,Provincia Autonoma Trento,P.A. Trento,541380,513786,94.9,0.45
1759,2021-02-09,PAT,952,303,649,448,503,1,ITH,ITH2,4,Provincia Autonoma Trento,P.A. Trento,541380,514738,95.08,0.18
1760,2021-03-17,PAT,2131,813,1318,1130,907,94,ITH,ITH2,4,Provincia Autonoma Trento,P.A. Trento,541380,516869,95.47,0.39
1761,2021-07-14,PAT,4192,2177,2015,1701,2355,136,ITH,ITH2,4,Provincia Autonoma Trento,P.A. Trento,541380,521061,96.25,0.77
1762,2021-04-22,PAT,3176,1483,1693,2946,46,184,ITH,ITH2,4,Provincia Autonoma Trento,P.A. Trento,541380,524237,96.83,0.59
1763,2021-07-31,PAT,1499,858,641,1076,383,40,ITH,ITH2,4,Provincia Autonoma Trento,P.A. Trento,541380,525736,97.11,0.28
1764,2021-04-07,PAT,2656,1029,1627,1577,955,124,ITH,ITH2,4,Provincia Autonoma Trento,P.A. Trento,541380,528392,97.6,0.49
1765,2021-07-16,PAT,4600,2371,2229,1733,2708,159,ITH,ITH2,4,Provincia Autonoma Trento,P.A. Trento,541380,532992,98.45,0.85
1766,2021-01-19,PAT,434,89,345,434,0,0,ITH,ITH2,4,Provincia Autonoma Trento,P.A. Trento,541380,533426,98.53,0.08
1767,2021-07-23,PAT,4768,2446,2322,1666,2959,143,ITH,ITH2,4,Provincia Autonoma Trento,P.A. Trento,541380,538194,99.41,0.88
1768,2021-03-10,PAT,2486,973,1513,1473,948,65,ITH,ITH2,4,Provincia Autonoma Trento,P.A. Trento,541380,540680,99.87,0.46
1769,2021-07-30,PAT,5854,3098,2756,2288,3450,116,ITH,ITH2,4,Provincia Autonoma Trento,P.A. Trento,541380,546534,100.95,1.08
1770,2021-08-16,PAT,4857,2567,2290,1812,2932,113,ITH,ITH2,4,Provincia Autonoma Trento,P.A. Trento,541380,551391,101.85,0.9
1771,2021-05-25,PAT,4868,2315,2553,1743,2975,150,ITH,ITH2,4,Provincia Autonoma Trento,P.A. Trento,541380,556259,102.75,0.9
1772,2021-05-08,PAT,3195,1743,1452,2570,426,199,ITH,ITH2,4,Provincia Autonoma Trento,P.A. Trento,541380,559454,103.34,0.59
1773,2021-02-10,PAT,872,295,577,513,358,1,ITH,ITH2,4,Provincia Autonoma Trento,P.A. Trento,541380,560326,103.5,0.16
1774,2021-07-26,PAT,3902,2058,1844,833,2996,73,ITH,ITH2,4,Provincia Autonoma Trento,P.A. Trento,541380,564228,104.22,0.72
1775,2021-09-09,PAT,1711,847,864,595,1060,56,ITH,ITH2,4,Provincia Autonoma Trento,P.A. Trento,541380,565939,104.54,0.32
1776,2021-03-12,PAT,2603,991,1612,1709,815,79,ITH,ITH2,4,Provincia Autonoma Trento,P.A. Trento,541380,568542,105.02,0.48
1777,2021-06-20,PAT,1901,1051,850,31,1865,5,ITH,ITH2,4,Provincia Autonoma Trento,P.A. Trento,541380,570443,105.37,0.35
1778,2021-09-13,PAT,2427,1303,1124,822,1547,58,ITH,ITH2,4,Provincia Autonoma Trento,P.A. Trento,541380,572870,105.82,0.45
1779,2021-01-02,PAT,522,149,373,522,0,0,ITH,ITH2,4,Provincia Autonoma Trento,P.A. Trento,541380,573392,105.91,0.1
1780,2021-03-29,PAT,2572,1011,1561,1699,743,130,ITH,ITH2,4,Provincia Autonoma Trento,P.A. Trento,541380,575964,106.39,0.48
1781,2021-02-19,PAT,945,366,579,847,65,33,ITH,ITH2,4,Provincia Autonoma Trento,P.A. Trento,541380,576909,106.56,0.17
1782,2021-08-11,PAT,5848,3150,2698,3100,2585,163,ITH,ITH2,4,Provincia Autonoma Trento,P.A. Trento,541380,582757,107.64,1.08
1783,2021-09-18,PAT,1613,945,668,877,684,52,ITH,ITH2,4,Provincia Autonoma Trento,P.A. Trento,541380,584370,107.94,0.3
1784,2021-06-27,PAT,1368,735,633,394,961,13,ITH,ITH2,4,Provincia Autonoma Trento,P.A. Trento,541380,585738,108.19,0.25
1785,2021-01-12,PAT,541,173,368,540,0,1,ITH,ITH2,4,Provincia Autonoma Trento,P.A. Trento,541380,586279,108.29,0.1
1786,2021-02-02,PAT,942,254,688,192,750,0,ITH,ITH2,4,Provincia Autonoma Trento,P.A. Trento,541380,587221,108.47,0.17
1787,2021-07-09,PAT,5156,2735,2421,3048,1885,223,ITH,ITH2,4,Provincia Autonoma Trento,P.A. Trento,541380,592377,109.42,0.95
1788,2021-05-13,PAT,3458,1607,1851,2101,1127,230,ITH,ITH2,4,Provincia Autonoma Trento,P.A. Trento,541380,595835,110.06,0.64
1789,2021-03-31,PAT,2625,1001,1624,1657,868,100,ITH,ITH2,4,Provincia Autonoma Trento,P.A. Trento,541380,598460,110.54,0.48
1790,2021-01-26,PAT,577,173,404,28,549,0,ITH,ITH2,4,Provincia Autonoma Trento,P.A. Trento,541380,599037,110.65,0.11
1791,2021-04-08,PAT,3182,1336,1846,1955,1133,94,ITH,ITH2,4,Provincia Autonoma Trento,P.A. Trento,541380,602219,111.24,0.59
1792,2020-12-31,PAT,1701,480,1221,1701,0,0,ITH,ITH2,4,Provincia Autonoma Trento,P.A. Trento,541380,603920,111.55,0.31
1793,2021-06-22,PAT,6386,3479,2907,3628,2568,190,ITH,ITH2,4,Provincia Autonoma Trento,P.A. Trento,541380,610306,112.73,1.18
1794,2021-02-14,PAT,250,189,61,11,239,0,ITH,ITH2,4,Provincia Autonoma Trento,P.A. Trento,541380,610556,112.78,0.05
1795,2021-08-18,PAT,4637,2553,2084,1438,3112,87,ITH,ITH2,4,Provincia Autonoma Trento,P.A. Trento,541380,615193,113.63,0.86
1796,2021-05-27,PAT,4379,2034,2345,1164,3081,134,ITH,ITH2,4,Provincia Autonoma Trento,P.A. Trento,541380,619572,114.44,0.81
1797,2021-09-04,PAT,932,544,388,482,412,38,ITH,ITH2,4,Provincia Autonoma Trento,P.A. Trento,541380,620504,114.62,0.17
1798,2021-04-12,PAT,3156,1455,1701,2525,504,127,ITH,ITH2,4,Provincia Autonoma Trento,P.A. Trento,541380,623660,115.2,0.58
1799,2021-01-21,PAT,376,104,272,247,129,0,ITH,ITH2,4,Provincia Autonoma Trento,P.A. Trento,541380,624036,115.27,0.07
1800,2021-05-01,PAT,4891,2486,2405,4551,37,303,ITH,ITH2,4,Provincia Autonoma Trento,P.A. Trento,541380,628927,116.17,0.9
1801,2021-02-21,PAT,158,95,63,44,114,0,ITH,ITH2,4,Provincia Autonoma Trento,P.A. Trento,541380,629085,116.2,0.03
1802,2021-03-19,PAT,2467,925,1542,1503,881,83,ITH,ITH2,4,Provincia Autonoma Trento,P.A. Trento,541380,631552,116.66,0.46
1803,2021-04-05,PAT,35,17,18,30,2,3,ITH,ITH2,4,Provincia Autonoma Trento,P.A. Trento,541380,631587,116.66,0.01
1804,2021-05-06,PAT,5617,2795,2822,4447,794,376,ITH,ITH2,4,Provincia Autonoma Trento,P.A. Trento,541380,637204,117.7,1.04
1805,2021-03-05,PAT,2308,736,1572,1643,569,96,ITH,ITH2,4,Provincia Autonoma Trento,P.A. Trento,541380,639512,118.13,0.43
1806,2021-01-07,PAT,1301,328,973,1298,0,3,ITH,ITH2,4,Provincia Autonoma Trento,P.A. Trento,541380,640813,118.37,0.24
1807,2021-04-17,PAT,2254,1149,1105,2091,57,106,ITH,ITH2,4,Provincia Autonoma Trento,P.A. Trento,541380,643067,118.78,0.42
1808,2021-04-19,PAT,2646,1244,1402,2429,23,194,ITH,ITH2,4,Provincia Autonoma Trento,P.A. Trento,541380,645713,119.27,0.49
1809,2021-07-28,PAT,4870,2670,2200,2158,2573,139,ITH,ITH2,4,Provincia Autonoma Trento,P.A. Trento,541380,650583,120.17,0.9
1810,2021-06-15,PAT,6333,3342,2991,1631,4566,136,ITH,ITH2,4,Provincia Autonoma Trento,P.A. Trento,541380,656916,121.34,1.17
1811,2021-05-15,PAT,1609,837,772,650,917,42,ITH,ITH2,4,Provincia Autonoma Trento,P.A. Trento,541380,658525,121.64,0.3
1812,2021-06-01,PAT,4105,1926,2179,1080,2912,113,ITH,ITH2,4,Provincia Autonoma Trento,P.A. Trento,541380,662630,122.4,0.76
1813,2021-01-06,PAT,43,13,30,43,0,0,ITH,ITH2,4,Provincia Autonoma Trento,P.A. Trento,541380,662673,122.4,0.01
1814,2021-09-17,PAT,1379,724,655,471,867,41,ITH,ITH2,4,Provincia Autonoma Trento,P.A. Trento,541380,664052,122.66,0.25
1815,2021-08-05,PAT,6392,3496,2896,2951,3318,123,ITH,ITH2,4,Provincia Autonoma Trento,P.A. Trento,541380,670444,123.84,1.18
1816,2021-08-12,PAT,5709,3051,2658,2208,3326,175,ITH,ITH2,4,Provincia Autonoma Trento,P.A. Trento,541380,676153,124.89,1.05
1817,2021-07-29,PAT,5485,2917,2568,2651,2714,120,ITH,ITH2,4,Provincia Autonoma Trento,P.A. Trento,541380,681638,125.91,1.01
1818,2021-06-16,PAT,6327,3416,2911,1989,4214,124,ITH,ITH2,4,Provincia Autonoma Trento,P.A. Trento,541380,687965,127.08,1.17
1819,2021-03-15,PAT,1453,573,880,929,469,55,ITH,ITH2,4,Provincia Autonoma Trento,P.A. Trento,541380,689418,127.34,0.27
1820,2021-08-19,PAT,4634,2487,2147,1110,3439,85,ITH,ITH2,4,Provincia Autonoma Trento,P.A. Trento,541380,694052,128.2,0.86
1821,2021-01-17,PAT,255,199,56,255,0,0,ITH,ITH2,4,Provincia Autonoma Trento,P.A. Trento,541380,694307,128.25,0.05
1822,2021-06-23,PAT,6695,3547,3148,4626,1872,197,ITH,ITH2,4,Provincia Autonoma Trento,P.A. Trento,541380,701002,129.48,1.24
1823,2021-05-11,PAT,3743,1768,1975,2640,863,240,ITH,ITH2,4,Provincia Autonoma Trento,P.A. Trento,541380,704745,130.18,0.69
1824,2021-04-27,PAT,3958,1903,2055,3596,70,292,ITH,ITH2,4,Provincia Autonoma Trento,P.A. Trento,541380,708703,130.91,0.73
1825,2021-05-04,PAT,4573,2490,2083,4171,97,305,ITH,ITH2,4,Provincia Autonoma Trento,P.A. Trento,541380,713276,131.75,0.84
1826,2021-03-08,PAT,1427,439,988,1043,354,30,ITH,ITH2,4,Provincia Autonoma Trento,P.A. Trento,541380,714703,132.02,0.26
1827,2021-03-22,PAT,2349,995,1354,1405,885,59,ITH,ITH2,4,Provincia Autonoma Trento,P.A. Trento,541380,717052,132.45,0.43
1828,2021-01-24,PAT,562,285,277,226,336,0,ITH,ITH2,4,Provincia Autonoma Trento,P.A. Trento,541380,717614,132.55,0.1
1829,2021-06-30,PAT,6876,3532,3344,2686,4057,133,ITH,ITH2,4,Provincia Autonoma Trento,P.A. Trento,541380,724490,133.82,1.27
1830,2021-01-31,PAT,77,16,61,1,76,0,ITH,ITH2,4,Provincia Autonoma Trento,P.A. Trento,541380,724567,133.84,0.01
1831,2021-07-04,PAT,225,125,100,66,157,2,ITH,ITH2,4,Provincia Autonoma Trento,P.A. Trento,541380,724792,133.88,0.04
1832,2021-08-30,PAT,3898,1988,1910,1181,2605,112,ITH,ITH2,4,Provincia Autonoma Trento,P.A. Trento,541380,728690,134.6,0.72
1833,2021-08-23,PAT,4342,2290,2052,1428,2747,167,ITH,ITH2,4,Provincia Autonoma Trento,P.A. Trento,541380,733032,135.4,0.8
1834,2021-09-06,PAT,3136,1647,1489,967,2067,102,ITH,ITH2,4,Provincia Autonoma Trento,P.A. Trento,541380,736168,135.98,0.58
1835,2021-07-11,PAT,1037,567,470,131,897,9,ITH,ITH2,4,Provincia Autonoma Trento,P.A. Trento,541380,737205,136.17,0.19
1836,2021-06-27,MOL,2389,1129,1260,1141,1237,11,ITF,ITF2,14,Molise,Molise,305617,2389,0.78,0.78
1837,2021-09-18,MOL,650,377,273,234,406,10,ITF,ITF2,14,Molise,Molise,305617,3039,0.99,0.21
1838,2021-01-07,MOL,602,210,392,602,0,0,ITF,ITF2,14,Molise,Molise,305617,3641,1.19,0.2
1839,2021-02-12,MOL,337,152,185,212,124,1,ITF,ITF2,14,Molise,Molise,305617,3978,1.3,0.11
1840,2021-02-07,MOL,67,32,35,20,47,0,ITF,ITF2,14,Molise,Molise,305617,4045,1.32,0.02
1841,2021-05-18,MOL,1675,893,782,1004,658,13,ITF,ITF2,14,Molise,Molise,305617,5720,1.87,0.55
1842,2021-03-22,MOL,1172,450,722,897,245,30,ITF,ITF2,14,Molise,Molise,305617,6892,2.26,0.38
1843,2021-07-23,MOL,2935,1527,1408,875,2000,60,ITF,ITF2,14,Molise,Molise,305617,9827,3.22,0.96
1844,2021-09-04,MOL,1639,904,735,686,931,22,ITF,ITF2,14,Molise,Molise,305617,11466,3.75,0.54
1845,2021-08-28,MOL,1741,971,770,656,1069,16,ITF,ITF2,14,Molise,Molise,305617,13207,4.32,0.57
1846,2021-05-01,MOL,2674,1283,1391,407,2233,34,ITF,ITF2,14,Molise,Molise,305617,15881,5.2,0.87
1847,2021-03-05,MOL,1233,657,576,1010,209,14,ITF,ITF2,14,Molise,Molise,305617,17114,5.6,0.4
1848,2021-08-09,MOL,3443,1781,1662,1632,1760,51,ITF,ITF2,14,Molise,Molise,305617,20557,6.73,1.13
1849,2021-06-13,MOL,2945,1566,1379,2570,329,46,ITF,ITF2,14,Molise,Molise,305617,23502,7.69,0.96
1850,2021-04-17,MOL,3103,1528,1575,1555,1503,45,ITF,ITF2,14,Molise,Molise,305617,26605,8.71,1.02
1851,2021-03-24,MOL,1657,662,995,1221,402,34,ITF,ITF2,14,Molise,Molise,305617,28262,9.25,0.54
1852,2021-07-02,MOL,2714,1318,1396,137,2567,10,ITF,ITF2,14,Molise,Molise,305617,30976,10.14,0.89
1853,2021-07-04,MOL,2162,1091,1071,585,1554,23,ITF,ITF2,14,Molise,Molise,305617,33138,10.84,0.71
1854,2021-08-11,MOL,2024,1058,966,1144,816,64,ITF,ITF2,14,Molise,Molise,305617,35162,11.51,0.66
1855,2021-01-12,MOL,337,114,223,337,0,0,ITF,ITF2,14,Molise,Molise,305617,35499,11.62,0.11
1856,2021-01-26,MOL,450,184,266,8,442,0,ITF,ITF2,14,Molise,Molise,305617,35949,11.76,0.15
1857,2021-05-06,MOL,2755,1247,1508,2061,615,79,ITF,ITF2,14,Molise,Molise,305617,38704,12.66,0.9
1858,2021-07-28,MOL,2460,1306,1154,1152,1273,35,ITF,ITF2,14,Molise,Molise,305617,41164,13.47,0.8
1859,2021-07-14,MOL,3442,1683,1759,211,3214,17,ITF,ITF2,14,Molise,Molise,305617,44606,14.6,1.13
1860,2021-04-05,MOL,392,190,202,293,99,0,ITF,ITF2,14,Molise,Molise,305617,44998,14.72,0.13
1861,2021-08-23,MOL,1723,933,790,270,1440,13,ITF,ITF2,14,Molise,Molise,305617,46721,15.29,0.56
1862,2021-02-19,MOL,171,95,76,169,2,0,ITF,ITF2,14,Molise,Molise,305617,46892,15.34,0.06
1863,2021-03-10,MOL,1751,725,1026,1678,50,23,ITF,ITF2,14,Molise,Molise,305617,48643,15.92,0.57
1864,2021-06-01,MOL,2643,1343,1300,2485,111,47,ITF,ITF2,14,Molise,Molise,305617,51286,16.78,0.86
1865,2021-05-20,MOL,2752,1418,1334,2424,190,138,ITF,ITF2,14,Molise,Molise,305617,54038,17.68,0.9
1866,2021-08-16,MOL,1786,926,860,829,941,16,ITF,ITF2,14,Molise,Molise,305617,55824,18.27,0.58
1867,2021-03-15,MOL,854,349,505,576,245,33,ITF,ITF2,14,Molise,Molise,305617,56678,18.55,0.28
1868,2021-01-17,MOL,78,38,40,48,30,0,ITF,ITF2,14,Molise,Molise,305617,56756,18.57,0.03
1869,2021-04-10,MOL,2686,1279,1407,2467,154,65,ITF,ITF2,14,Molise,Molise,305617,59442,19.45,0.88
1870,2021-02-05,MOL,599,271,328,56,543,0,ITF,ITF2,14,Molise,Molise,305617,60041,19.65,0.2
1871,2021-01-19,MOL,174,63,111,163,11,0,ITF,ITF2,14,Molise,Molise,305617,60215,19.7,0.06
1872,2021-04-29,MOL,2267,1164,1103,884,1356,27,ITF,ITF2,14,Molise,Molise,305617,62482,20.44,0.74
1873,2021-04-12,MOL,1311,563,748,1041,252,18,ITF,ITF2,14,Molise,Molise,305617,63793,20.87,0.43
1874,2021-07-21,MOL,2145,1076,1069,795,1303,47,ITF,ITF2,14,Molise,Molise,305617,65938,21.58,0.7
1875,2021-02-24,MOL,672,281,391,326,338,8,ITF,ITF2,14,Molise,Molise,305617,66610,21.8,0.22
1876,2021-03-17,MOL,977,407,570,526,333,118,ITF,ITF2,14,Molise,Molise,305617,67587,22.11,0.32
1877,2021-06-25,MOL,3463,1705,1758,1479,1922,62,ITF,ITF2,14,Molise,Molise,305617,71050,23.25,1.13
1878,2021-06-08,MOL,2907,1604,1303,2203,701,3,ITF,ITF2,14,Molise,Molise,305617,73957,24.2,0.95
1879,2021-09-16,MOL,380,191,189,154,221,5,ITF,ITF2,14,Molise,Molise,305617,74337,24.32,0.12
1880,2021-06-20,MOL,424,174,250,48,372,4,ITF,ITF2,14,Molise,Molise,305617,74761,24.46,0.14
1881,2021-04-24,MOL,2582,1217,1365,703,1851,28,ITF,ITF2,14,Molise,Molise,305617,77343,25.31,0.84
1882,2021-02-26,MOL,567,262,305,492,74,1,ITF,ITF2,14,Molise,Molise,305617,77910,25.49,0.19
1883,2021-08-02,MOL,2730,1424,1306,1205,1477,48,ITF,ITF2,14,Molise,Molise,305617,80640,26.39,0.89
1884,2021-06-06,MOL,2129,1094,1035,1769,329,31,ITF,ITF2,14,Molise,Molise,305617,82769,27.08,0.7
1885,2021-03-19,MOL,1210,489,721,748,430,32,ITF,ITF2,14,Molise,Molise,305617,83979,27.48,0.4
1886,2021-05-25,MOL,1986,894,1092,1309,636,41,ITF,ITF2,14,Molise,Molise,305617,85965,28.13,0.65
1887,2021-01-04,MOL,315,132,183,315,0,0,ITF,ITF2,14,Molise,Molise,305617,86280,28.23,0.1
1888,2021-04-14,MOL,1827,775,1052,1139,669,19,ITF,ITF2,14,Molise,Molise,305617,88107,28.83,0.6
1889,2021-02-16,MOL,159,73,86,152,6,1,ITF,ITF2,14,Molise,Molise,305617,88266,28.88,0.05
1890,2021-05-27,MOL,2870,1367,1503,1984,844,42,ITF,ITF2,14,Molise,Molise,305617,91136,29.82,0.94
1891,2021-07-25,MOL,2025,1068,957,357,1652,16,ITF,ITF2,14,Molise,Molise,305617,93161,30.48,0.66
1892,2021-05-29,MOL,2387,1242,1145,1948,394,45,ITF,ITF2,14,Molise,Molise,305617,95548,31.26,0.78
1893,2021-09-06,MOL,1187,628,559,355,826,6,ITF,ITF2,14,Molise,Molise,305617,96735,31.65,0.39
1894,2021-03-29,MOL,2072,846,1226,1524,489,59,ITF,ITF2,14,Molise,Molise,305617,98807,32.33,0.68
1895,2021-01-31,MOL,268,70,198,6,262,0,ITF,ITF2,14,Molise,Molise,305617,99075,32.42,0.09
1896,2021-09-11,MOL,1228,690,538,179,1037,12,ITF,ITF2,14,Molise,Molise,305617,100303,32.82,0.4
1897,2021-07-16,MOL,3109,1573,1536,399,2680,30,ITF,ITF2,14,Molise,Molise,305617,103412,33.84,1.02
1898,2021-07-09,MOL,3450,1659,1791,168,3264,18,ITF,ITF2,14,Molise,Molise,305617,106862,34.97,1.13
1899,2021-09-09,MOL,1200,624,576,416,769,15,ITF,ITF2,14,Molise,Molise,305617,108062,35.36,0.39
1900,2021-05-13,MOL,3112,1446,1666,2556,461,95,ITF,ITF2,14,Molise,Molise,305617,111174,36.38,1.02
1901,2021-08-21,MOL,2171,1221,950,1102,1017,52,ITF,ITF2,14,Molise,Molise,305617,113345,37.09,0.71
1902,2021-08-04,MOL,2528,1310,1218,966,1543,19,ITF,ITF2,14,Molise,Molise,305617,115873,37.91,0.83
1903,2021-08-30,MOL,1693,911,782,228,1446,19,ITF,ITF2,14,Molise,Molise,305617,117566,38.47,0.55
1904,2021-06-24,MOL,3363,1565,1798,444,2881,38,ITF,ITF2,14,Molise,Molise,305617,120929,39.57,1.1
1905,2021-03-02,MOL,675,388,287,508,159,8,ITF,ITF2,14,Molise,Molise,305617,121604,39.79,0.22
1906,2021-06-10,MOL,2635,1212,1423,1285,1301,49,ITF,ITF2,14,Molise,Molise,305617,124239,40.65,0.86
1907,2021-03-07,MOL,1133,501,632,1128,2,3,ITF,ITF2,14,Molise,Molise,305617,125372,41.02,0.37
1908,2021-06-15,MOL,2256,1063,1193,779,1459,18,ITF,ITF2,14,Molise,Molise,305617,127628,41.76,0.74
1909,2021-09-01,MOL,1848,976,872,395,1433,20,ITF,ITF2,14,Molise,Molise,305617,129476,42.37,0.6
1910,2021-01-09,MOL,457,154,303,457,0,0,ITF,ITF2,14,Molise,Molise,305617,129933,42.51,0.15
1911,2021-04-19,MOL,1901,864,1037,992,785,124,ITF,ITF2,14,Molise,Molise,305617,131834,43.14,0.62
1912,2021-01-21,MOL,6,2,4,6,0,0,ITF,ITF2,14,Molise,Molise,305617,131840,43.14,0.0
1913,2021-08-20,MOL,2460,1295,1165,505,1935,20,ITF,ITF2,14,Molise,Molise,305617,134300,43.94,0.8
1914,2021-04-02,MOL,1487,727,760,669,784,34,ITF,ITF2,14,Molise,Molise,305617,135787,44.43,0.49
1915,2021-07-11,MOL,2465,1200,1265,181,2280,4,ITF,ITF2,14,Molise,Molise,305617,138252,45.24,0.81
1916,2021-08-13,MOL,1538,801,737,1122,384,32,ITF,ITF2,14,Molise,Molise,305617,139790,45.74,0.5
1917,2021-05-08,MOL,3042,1480,1562,1720,1259,63,ITF,ITF2,14,Molise,Molise,305617,142832,46.74,1.0
1918,2021-04-21,MOL,1892,798,1094,971,910,11,ITF,ITF2,14,Molise,Molise,305617,144724,47.35,0.62
1919,2021-07-30,MOL,2700,1399,1301,1443,1196,61,ITF,ITF2,14,Molise,Molise,305617,147424,48.24,0.88
1920,2021-02-11,MOL,297,133,164,260,37,0,ITF,ITF2,14,Molise,Molise,305617,147721,48.34,0.1
1921,2021-04-28,MOL,1724,944,780,491,1221,12,ITF,ITF2,14,Molise,Molise,305617,149445,48.9,0.56
1922,2021-08-06,MOL,2341,1236,1105,1091,1207,43,ITF,ITF2,14,Molise,Molise,305617,151786,49.67,0.77
1923,2021-02-21,MOL,577,228,349,575,2,0,ITF,ITF2,14,Molise,Molise,305617,152363,49.85,0.19
1924,2021-02-04,MOL,762,296,466,78,684,0,ITF,ITF2,14,Molise,Molise,305617,153125,50.1,0.25
1925,2021-05-15,MOL,3038,1428,1610,2559,390,89,ITF,ITF2,14,Molise,Molise,305617,156163,51.1,0.99
1926,2021-03-31,MOL,2272,938,1334,1322,820,130,ITF,ITF2,14,Molise,Molise,305617,158435,51.84,0.74
1927,2021-06-17,MOL,2327,1026,1301,923,1373,31,ITF,ITF2,14,Molise,Molise,305617,160762,52.6,0.76
1928,2021-09-08,MOL,975,516,459,252,719,4,ITF,ITF2,14,Molise,Molise,305617,161737,52.92,0.32
1929,2021-03-26,MOL,2640,1063,1577,1908,647,85,ITF,ITF2,14,Molise,Molise,305617,164377,53.79,0.86
1930,2021-02-02,MOL,540,176,364,216,323,1,ITF,ITF2,14,Molise,Molise,305617,164917,53.96,0.18
1931,2021-01-16,MOL,426,169,257,426,0,0,ITF,ITF2,14,Molise,Molise,305617,165343,54.1,0.14
1932,2021-04-26,MOL,1174,528,646,816,332,26,ITF,ITF2,14,Molise,Molise,305617,166517,54.49,0.38
1933,2021-04-09,MOL,2369,1272,1097,2118,192,59,ITF,ITF2,14,Molise,Molise,305617,168886,55.26,0.78
1934,2021-05-22,MOL,2316,1199,1117,2201,91,24,ITF,ITF2,14,Molise,Molise,305617,171202,56.02,0.76
1935,2021-09-17,MOL,701,368,333,239,451,11,ITF,ITF2,14,Molise,Molise,305617,171903,56.25,0.23
1936,2021-07-13,MOL,2832,1437,1395,323,2491,18,ITF,ITF2,14,Molise,Molise,305617,174735,57.17,0.93
1937,2021-02-28,MOL,839,337,502,794,43,2,ITF,ITF2,14,Molise,Molise,305617,175574,57.45,0.27
1938,2021-02-23,MOL,586,223,363,362,221,3,ITF,ITF2,14,Molise,Molise,305617,176160,57.64,0.19
1939,2021-06-03,MOL,3338,1591,1747,2727,561,50,ITF,ITF2,14,Molise,Molise,305617,179498,58.73,1.09
1940,2021-04-07,MOL,1740,882,858,1376,276,88,ITF,ITF2,14,Molise,Molise,305617,181238,59.3,0.57
1941,2021-06-05,MOL,3045,1538,1507,2827,177,41,ITF,ITF2,14,Molise,Molise,305617,184283,60.3,1.0
1942,2021-09-13,MOL,408,228,180,123,279,6,ITF,ITF2,14,Molise,Molise,305617,184691,60.43,0.13
1943,2021-07-18,MOL,1784,897,887,126,1648,10,ITF,ITF2,14,Molise,Molise,305617,186475,61.02,0.58
1944,2021-01-28,MOL,617,218,399,19,598,0,ITF,ITF2,14,Molise,Molise,305617,187092,61.22,0.2
1945,2021-03-12,MOL,1471,641,830,1410,36,25,ITF,ITF2,14,Molise,Molise,305617,188563,61.7,0.48
1946,2021-01-14,MOL,652,240,412,652,0,0,ITF,ITF2,14,Molise,Molise,305617,189215,61.91,0.21
1947,2021-02-09,MOL,361,171,190,198,163,0,ITF,ITF2,14,Molise,Molise,305617,189576,62.03,0.12
1948,2021-08-01,MOL,967,530,437,760,175,32,ITF,ITF2,14,Molise,Molise,305617,190543,62.35,0.32
1949,2021-01-18,MOL,117,48,69,117,0,0,ITF,ITF2,14,Molise,Molise,305617,190660,62.39,0.04
1950,2021-04-11,MOL,1221,603,618,1176,14,31,ITF,ITF2,14,Molise,Molise,305617,191881,62.78,0.4
1951,2021-07-20,MOL,2200,1111,1089,1030,1120,50,ITF,ITF2,14,Molise,Molise,305617,194081,63.5,0.72
1952,2021-07-03,MOL,2766,1392,1374,580,2164,22,ITF,ITF2,14,Molise,Molise,305617,196847,64.41,0.91
1953,2021-08-08,MOL,893,467,426,648,229,16,ITF,ITF2,14,Molise,Molise,305617,197740,64.7,0.29
1954,2021-07-22,MOL,2275,1129,1146,848,1367,60,ITF,ITF2,14,Molise,Molise,305617,200015,65.45,0.74
1955,2021-02-18,MOL,325,74,251,308,13,4,ITF,ITF2,14,Molise,Molise,305617,200340,65.55,0.11
1956,2021-03-04,MOL,858,422,436,517,325,16,ITF,ITF2,14,Molise,Molise,305617,201198,65.83,0.28
1957,2021-06-12,MOL,5964,3066,2898,5668,204,92,ITF,ITF2,14,Molise,Molise,305617,207162,67.78,1.95
1958,2021-08-17,MOL,1669,879,790,342,1310,17,ITF,ITF2,14,Molise,Molise,305617,208831,68.33,0.55
1959,2021-03-16,MOL,618,230,388,266,348,4,ITF,ITF2,14,Molise,Molise,305617,209449,68.53,0.2
1960,2021-01-11,MOL,562,194,368,562,0,0,ITF,ITF2,14,Molise,Molise,305617,210011,68.72,0.18
1961,2021-07-29,MOL,2476,1271,1205,1601,823,52,ITF,ITF2,14,Molise,Molise,305617,212487,69.53,0.81
1962,2021-08-03,MOL,2218,1154,1064,1226,956,36,ITF,ITF2,14,Molise,Molise,305617,214705,70.25,0.73
1963,2021-03-11,MOL,1479,643,836,1455,6,18,ITF,ITF2,14,Molise,Molise,305617,216184,70.74,0.48
1964,2021-01-06,MOL,695,263,432,695,0,0,ITF,ITF2,14,Molise,Molise,305617,216879,70.96,0.23
1965,2021-04-16,MOL,2464,1049,1415,1187,1238,39,ITF,ITF2,14,Molise,Molise,305617,219343,71.77,0.81
1966,2021-05-26,MOL,1648,752,896,830,771,47,ITF,ITF2,14,Molise,Molise,305617,220991,72.31,0.54
1967,2021-03-30,MOL,2036,873,1163,1486,514,36,ITF,ITF2,14,Molise,Molise,305617,223027,72.98,0.67
1968,2021-09-03,MOL,1685,877,808,357,1305,23,ITF,ITF2,14,Molise,Molise,305617,224712,73.53,0.55
1969,2021-02-01,MOL,563,201,362,14,549,0,ITF,ITF2,14,Molise,Molise,305617,225275,73.71,0.18
1970,2021-07-08,MOL,3448,1661,1787,108,3317,23,ITF,ITF2,14,Molise,Molise,305617,228723,74.84,1.13
1971,2021-05-12,MOL,2927,1328,1599,2716,100,111,ITF,ITF2,14,Molise,Molise,305617,231650,75.8,0.96
1972,2021-02-27,MOL,1375,572,803,1349,20,6,ITF,ITF2,14,Molise,Molise,305617,233025,76.25,0.45
1973,2021-06-07,MOL,1993,878,1115,1142,824,27,ITF,ITF2,14,Molise,Molise,305617,235018,76.9,0.65
1974,2021-09-15,MOL,387,199,188,158,220,9,ITF,ITF2,14,Molise,Molise,305617,235405,77.03,0.13
1975,2021-02-13,MOL,132,80,52,132,0,0,ITF,ITF2,14,Molise,Molise,305617,235537,77.07,0.04
1976,2021-08-29,MOL,1432,781,651,111,1312,9,ITF,ITF2,14,Molise,Molise,305617,236969,77.54,0.47
1977,2021-05-24,MOL,1992,866,1126,1283,676,33,ITF,ITF2,14,Molise,Molise,305617,238961,78.19,0.65
1978,2021-05-07,MOL,2700,1258,1442,2033,602,65,ITF,ITF2,14,Molise,Molise,305617,241661,79.07,0.88
1979,2021-03-09,MOL,1343,585,758,1156,154,33,ITF,ITF2,14,Molise,Molise,305617,243004,79.51,0.44
1980,2021-02-20,MOL,1022,444,578,1002,20,0,ITF,ITF2,14,Molise,Molise,305617,244026,79.85,0.33
1981,2021-05-31,MOL,2392,1165,1227,1916,428,48,ITF,ITF2,14,Molise,Molise,305617,246418,80.63,0.78
1982,2021-05-14,MOL,2692,1242,1450,1902,724,66,ITF,ITF2,14,Molise,Molise,305617,249110,81.51,0.88
1983,2021-08-22,MOL,389,202,187,3,386,0,ITF,ITF2,14,Molise,Molise,305617,249499,81.64,0.13
1984,2021-06-02,MOL,2865,1376,1489,2730,100,35,ITF,ITF2,14,Molise,Molise,305617,252364,82.58,0.94
1985,2021-09-10,MOL,1004,528,476,384,606,14,ITF,ITF2,14,Molise,Molise,305617,253368,82.9,0.33
1986,2021-06-14,MOL,1653,822,831,549,1087,17,ITF,ITF2,14,Molise,Molise,305617,255021,83.44,0.54
1987,2021-01-20,MOL,18,8,10,18,0,0,ITF,ITF2,14,Molise,Molise,305617,255039,83.45,0.01
1988,2021-04-30,MOL,2977,1575,1402,826,2122,29,ITF,ITF2,14,Molise,Molise,305617,258016,84.42,0.97
1989,2021-02-25,MOL,543,239,304,471,69,3,ITF,ITF2,14,Molise,Molise,305617,258559,84.6,0.18
1990,2021-01-25,MOL,319,130,189,3,316,0,ITF,ITF2,14,Molise,Molise,305617,258878,84.71,0.1
1991,2021-05-05,MOL,2505,1073,1432,2313,145,47,ITF,ITF2,14,Molise,Molise,305617,261383,85.53,0.82
1992,2021-05-04,MOL,2755,1200,1555,2562,133,60,ITF,ITF2,14,Molise,Molise,305617,264138,86.43,0.9
1993,2021-01-10,MOL,270,72,198,270,0,0,ITF,ITF2,14,Molise,Molise,305617,264408,86.52,0.09
1994,2021-04-20,MOL,2342,1038,1304,1215,1112,15,ITF,ITF2,14,Molise,Molise,305617,266750,87.28,0.77
1995,2021-06-09,MOL,1843,928,915,875,936,32,ITF,ITF2,14,Molise,Molise,305617,268593,87.89,0.6
1996,2021-04-06,MOL,1528,714,814,1142,346,40,ITF,ITF2,14,Molise,Molise,305617,270121,88.39,0.5
1997,2021-02-08,MOL,336,141,195,216,120,0,ITF,ITF2,14,Molise,Molise,305617,270457,88.5,0.11
1998,2021-07-15,MOL,3230,1625,1605,214,3001,15,ITF,ITF2,14,Molise,Molise,305617,273687,89.55,1.06
1999,2021-05-19,MOL,2407,1228,1179,1909,431,67,ITF,ITF2,14,Molise,Molise,305617,276094,90.34,0.79
2000,2021-03-23,MOL,1686,711,975,1428,211,47,ITF,ITF2,14,Molise,Molise,305617,277780,90.89,0.55
2001,2021-08-27,MOL,2119,1090,1029,415,1682,22,ITF,ITF2,14,Molise,Molise,305617,279899,91.58,0.69
2002,2021-07-01,MOL,2684,1306,1378,275,2391,18,ITF,ITF2,14,Molise,Molise,305617,282583,92.46,0.88
2003,2021-04-18,MOL,1092,486,606,143,939,10,ITF,ITF2,14,Molise,Molise,305617,283675,92.82,0.36
2004,2021-07-27,MOL,1966,1087,879,1341,555,70,ITF,ITF2,14,Molise,Molise,305617,285641,93.46,0.64
2005,2021-07-10,MOL,3744,1789,1955,326,3404,14,ITF,ITF2,14,Molise,Molise,305617,289385,94.69,1.23
2006,2021-04-04,MOL,258,142,116,231,15,12,ITF,ITF2,14,Molise,Molise,305617,289643,94.77,0.08
2007,2021-03-18,MOL,1220,495,725,637,465,118,ITF,ITF2,14,Molise,Molise,305617,290863,95.17,0.4
2008,2021-06-26,MOL,3141,1545,1596,530,2596,15,ITF,ITF2,14,Molise,Molise,305617,294004,96.2,1.03
2009,2021-08-10,MOL,1927,1047,880,688,1207,32,ITF,ITF2,14,Molise,Molise,305617,295931,96.83,0.63
2010,2021-08-12,MOL,1465,761,704,1025,400,40,ITF,ITF2,14,Molise,Molise,305617,297396,97.31,0.48
2011,2021-01-29,MOL,425,137,288,6,419,0,ITF,ITF2,14,Molise,Molise,305617,297821,97.45,0.14
2012,2021-05-09,MOL,2083,951,1132,1938,98,47,ITF,ITF2,14,Molise,Molise,305617,299904,98.13,0.68
2013,2021-07-26,MOL,2456,1265,1191,1264,1125,67,ITF,ITF2,14,Molise,Molise,305617,302360,98.93,0.8
2014,2021-02-15,MOL,145,70,75,142,3,0,ITF,ITF2,14,Molise,Molise,305617,302505,98.98,0.05
2015,2021-03-25,MOL,1837,741,1096,1291,498,48,ITF,ITF2,14,Molise,Molise,305617,304342,99.58,0.6
2016,2021-03-08,MOL,1401,529,872,1216,140,45,ITF,ITF2,14,Molise,Molise,305617,305743,100.04,0.46
2017,2021-06-16,MOL,2145,1060,1085,1170,955,20,ITF,ITF2,14,Molise,Molise,305617,307888,100.74,0.7
2018,2021-04-13,MOL,1644,722,922,1041,589,14,ITF,ITF2,14,Molise,Molise,305617,309532,101.28,0.54
2019,2021-03-27,MOL,2766,1284,1482,1303,1434,29,ITF,ITF2,14,Molise,Molise,305617,312298,102.19,0.91
2020,2021-07-05,MOL,2748,1288,1460,42,2704,2,ITF,ITF2,14,Molise,Molise,305617,315046,103.09,0.9
2021,2021-05-23,MOL,1796,904,892,1752,10,34,ITF,ITF2,14,Molise,Molise,305617,316842,103.67,0.59
2022,2021-08-31,MOL,1746,955,791,313,1423,10,ITF,ITF2,14,Molise,Molise,305617,318588,104.24,0.57
2023,2021-03-01,MOL,668,275,393,433,215,20,ITF,ITF2,14,Molise,Molise,305617,319256,104.46,0.22
2024,2021-04-03,MOL,1805,867,938,1729,37,39,ITF,ITF2,14,Molise,Molise,305617,321061,105.05,0.59
2025,2021-07-12,MOL,2700,1335,1365,364,2314,22,ITF,ITF2,14,Molise,Molise,305617,323761,105.94,0.88
2026,2021-07-19,MOL,2822,1381,1441,520,2271,31,ITF,ITF2,14,Molise,Molise,305617,326583,106.86,0.92
2027,2021-06-21,MOL,2942,1367,1575,1655,1239,48,ITF,ITF2,14,Molise,Molise,305617,329525,107.82,0.96
2028,2021-04-25,MOL,800,401,399,559,233,8,ITF,ITF2,14,Molise,Molise,305617,330325,108.08,0.26
2029,2021-01-13,MOL,481,163,318,481,0,0,ITF,ITF2,14,Molise,Molise,305617,330806,108.24,0.16
2030,2021-06-19,MOL,2378,1180,1198,1306,1026,46,ITF,ITF2,14,Molise,Molise,305617,333184,109.02,0.78
2031,2021-04-23,MOL,2084,903,1181,1382,671,31,ITF,ITF2,14,Molise,Molise,305617,335268,109.7,0.68
2032,2021-02-10,MOL,152,80,72,132,20,0,ITF,ITF2,14,Molise,Molise,305617,335420,109.75,0.05
2033,2021-05-21,MOL,2295,1158,1137,1812,330,153,ITF,ITF2,14,Molise,Molise,305617,337715,110.5,0.75
2034,2021-01-27,MOL,675,251,424,8,667,0,ITF,ITF2,14,Molise,Molise,305617,338390,110.72,0.22
2035,2021-08-14,MOL,1622,875,747,705,896,21,ITF,ITF2,14,Molise,Molise,305617,340012,111.25,0.53
2036,2021-07-07,MOL,2969,1374,1595,58,2907,4,ITF,ITF2,14,Molise,Molise,305617,342981,112.23,0.97
2037,2021-05-11,MOL,3277,1447,1830,2927,254,96,ITF,ITF2,14,Molise,Molise,305617,346258,113.3,1.07
2038,2021-08-19,MOL,2284,1147,1137,609,1648,27,ITF,ITF2,14,Molise,Molise,305617,348542,114.05,0.75
2039,2021-01-22,MOL,128,36,92,128,0,0,ITF,ITF2,14,Molise,Molise,305617,348670,114.09,0.04
2040,2021-06-18,MOL,2795,1264,1531,1304,1462,29,ITF,ITF2,14,Molise,Molise,305617,351465,115.0,0.91
2041,2021-05-30,MOL,1892,949,943,1568,288,36,ITF,ITF2,14,Molise,Molise,305617,353357,115.62,0.62
2042,2021-09-07,MOL,921,498,423,346,563,12,ITF,ITF2,14,Molise,Molise,305617,354278,115.92,0.3
2043,2021-09-14,MOL,547,296,251,172,369,6,ITF,ITF2,14,Molise,Molise,305617,354825,116.1,0.18
2044,2021-02-22,MOL,267,129,138,250,15,2,ITF,ITF2,14,Molise,Molise,305617,355092,116.19,0.09
2045,2020-12-27,MOL,50,20,30,50,0,0,ITF,ITF2,14,Molise,Molise,305617,355142,116.2,0.02
2046,2021-08-26,MOL,1726,936,790,308,1411,7,ITF,ITF2,14,Molise,Molise,305617,356868,116.77,0.56
2047,2021-06-30,MOL,2989,1419,1570,881,2024,84,ITF,ITF2,14,Molise,Molise,305617,359857,117.75,0.98
2048,2021-03-13,MOL,1194,598,596,184,991,19,ITF,ITF2,14,Molise,Molise,305617,361051,118.14,0.39
2049,2021-02-03,MOL,748,255,493,347,401,0,ITF,ITF2,14,Molise,Molise,305617,361799,118.38,0.24
2050,2021-04-27,MOL,1628,782,846,447,1138,43,ITF,ITF2,14,Molise,Molise,305617,363427,118.92,0.53
2051,2021-08-05,MOL,2300,1161,1139,1620,627,53,ITF,ITF2,14,Molise,Molise,305617,365727,119.67,0.75
2052,2021-05-16,MOL,1286,585,701,1066,185,35,ITF,ITF2,14,Molise,Molise,305617,367013,120.09,0.42
2053,2021-08-24,MOL,1715,926,789,263,1427,25,ITF,ITF2,14,Molise,Molise,305617,368728,120.65,0.56
2054,2021-01-08,MOL,433,142,291,433,0,0,ITF,ITF2,14,Molise,Molise,305617,369161,120.79,0.14
2055,2021-09-02,MOL,1527,790,737,306,1195,26,ITF,ITF2,14,Molise,Molise,305617,370688,121.29,0.5
2056,2021-04-01,MOL,1500,677,823,742,730,28,ITF,ITF2,14,Molise,Molise,305617,372188,121.78,0.49
2057,2021-05-02,MOL,1922,950,972,584,1318,20,ITF,ITF2,14,Molise,Molise,305617,374110,122.41,0.63
2058,2021-03-06,MOL,1732,810,922,1560,160,12,ITF,ITF2,14,Molise,Molise,305617,375842,122.98,0.57
2059,2021-01-15,MOL,548,245,303,548,0,0,ITF,ITF2,14,Molise,Molise,305617,376390,123.16,0.18
2060,2021-06-23,MOL,2817,1298,1519,223,2584,10,ITF,ITF2,14,Molise,Molise,305617,379207,124.08,0.92
2061,2021-03-20,MOL,2352,986,1366,1011,1323,18,ITF,ITF2,14,Molise,Molise,305617,381559,124.85,0.77
2062,2021-08-07,MOL,1940,1073,867,1060,852,28,ITF,ITF2,14,Molise,Molise,305617,383499,125.48,0.63
2063,2021-06-28,MOL,2936,1369,1567,1016,1896,24,ITF,ITF2,14,Molise,Molise,305617,386435,126.44,0.96
2064,2021-03-03,MOL,677,320,357,588,83,6,ITF,ITF2,14,Molise,Molise,305617,387112,126.67,0.22
2065,2021-01-05,MOL,451,180,271,451,0,0,ITF,ITF2,14,Molise,Molise,305617,387563,126.81,0.15
2066,2021-07-06,MOL,3072,1433,1639,38,3029,5,ITF,ITF2,14,Molise,Molise,305617,390635,127.82,1.01
2067,2021-05-10,MOL,2962,1309,1653,2518,376,68,ITF,ITF2,14,Molise,Molise,305617,393597,128.79,0.97
2068,2021-06-29,MOL,2511,1168,1343,386,2094,31,ITF,ITF2,14,Molise,Molise,305617,396108,129.61,0.82
2069,2021-05-03,MOL,2556,1214,1342,2320,165,71,ITF,ITF2,14,Molise,Molise,305617,398664,130.45,0.84
2070,2021-05-17,MOL,2266,1108,1158,1718,498,50,ITF,ITF2,14,Molise,Molise,305617,400930,131.19,0.74
2071,2021-03-21,MOL,1254,546,708,481,770,3,ITF,ITF2,14,Molise,Molise,305617,402184,131.6,0.41
2072,2021-08-25,MOL,1506,810,696,344,1152,10,ITF,ITF2,14,Molise,Molise,305617,403690,132.09,0.49
2073,2021-03-14,MOL,601,242,359,18,583,0,ITF,ITF2,14,Molise,Molise,305617,404291,132.29,0.2
2074,2021-08-18,MOL,1347,706,641,344,981,22,ITF,ITF2,14,Molise,Molise,305617,405638,132.73,0.44
2075,2021-06-22,MOL,2984,1378,1606,676,2288,20,ITF,ITF2,14,Molise,Molise,305617,408622,133.7,0.98
2076,2021-03-28,MOL,1640,757,883,523,1103,14,ITF,ITF2,14,Molise,Molise,305617,410262,134.24,0.54
2077,2021-01-30,MOL,465,161,304,12,453,0,ITF,ITF2,14,Molise,Molise,305617,410727,134.39,0.15
2078,2021-09-05,MOL,7,6,1,7,0,0,ITF,ITF2,14,Molise,Molise,305617,410734,134.4,0.0
2079,2021-02-06,MOL,431,179,252,30,401,0,ITF,ITF2,14,Molise,Molise,305617,411165,134.54,0.14
2080,2021-06-04,MOL,3122,1536,1586,2620,459,43,ITF,ITF2,14,Molise,Molise,305617,414287,135.56,1.02
2081,2021-04-08,MOL,1807,929,878,1556,203,48,ITF,ITF2,14,Molise,Molise,305617,416094,136.15,0.59
2082,2021-09-12,MOL,389,211,178,343,33,13,ITF,ITF2,14,Molise,Molise,305617,416483,136.28,0.13
2083,2021-07-17,MOL,2880,1535,1345,304,2553,23,ITF,ITF2,14,Molise,Molise,305617,419363,137.22,0.94
2084,2021-04-22,MOL,1861,871,990,1062,781,18,ITF,ITF2,14,Molise,Molise,305617,421224,137.83,0.61
2085,2021-07-31,MOL,2012,1122,890,764,1202,46,ITF,ITF2,14,Molise,Molise,305617,423236,138.49,0.66
2086,2021-02-17,MOL,72,32,40,50,15,7,ITF,ITF2,14,Molise,Molise,305617,423308,138.51,0.02
2087,2021-07-24,MOL,3159,1698,1461,738,2391,30,ITF,ITF2,14,Molise,Molise,305617,426467,139.54,1.03
2088,2021-05-28,MOL,2684,1377,1307,2062,549,73,ITF,ITF2,14,Molise,Molise,305617,429151,140.42,0.88
2089,2021-06-11,MOL,3490,1679,1811,1997,1440,53,ITF,ITF2,14,Molise,Molise,305617,432641,141.56,1.14
2090,2021-04-15,MOL,1959,807,1152,1099,851,9,ITF,ITF2,14,Molise,Molise,305617,434600,142.2,0.64
2091,2021-09-19,MOL,12,10,2,11,1,0,ITF,ITF2,14,Molise,Molise,305617,434612,142.21,0.0
2092,2021-08-15,UMB,4393,2387,2006,2868,1382,143,ITI,ITI2,10,Umbria,Umbria,882015,4393,0.5,0.5
2093,2021-07-29,UMB,8204,4228,3976,2144,5941,119,ITI,ITI2,10,Umbria,Umbria,882015,12597,1.43,0.93
2094,2021-05-07,UMB,10134,4716,5418,6656,3192,286,ITI,ITI2,10,Umbria,Umbria,882015,22731,2.58,1.15
2095,2021-08-29,UMB,1947,1004,943,684,1254,9,ITI,ITI2,10,Umbria,Umbria,882015,24678,2.8,0.22
2096,2021-09-05,UMB,3390,1798,1592,258,3117,15,ITI,ITI2,10,Umbria,Umbria,882015,28068,3.18,0.38
2097,2021-03-23,UMB,3828,1714,2114,2159,1632,37,ITI,ITI2,10,Umbria,Umbria,882015,31896,3.62,0.43
2098,2021-08-27,UMB,4601,2419,2182,1499,3000,102,ITI,ITI2,10,Umbria,Umbria,882015,36497,4.14,0.52
2099,2021-07-01,UMB,9748,4820,4928,3303,6291,154,ITI,ITI2,10,Umbria,Umbria,882015,46245,5.24,1.11
2100,2021-02-08,UMB,637,203,434,88,549,0,ITI,ITI2,10,Umbria,Umbria,882015,46882,5.32,0.07
2101,2021-05-19,UMB,9432,4219,5213,5599,3745,88,ITI,ITI2,10,Umbria,Umbria,882015,56314,6.38,1.07
2102,2021-04-23,UMB,6659,2821,3838,3301,3159,199,ITI,ITI2,10,Umbria,Umbria,882015,62973,7.14,0.75
2103,2021-02-25,UMB,1334,496,838,1274,52,8,ITI,ITI2,10,Umbria,Umbria,882015,64307,7.29,0.15
2104,2021-03-11,UMB,3687,1799,1888,2668,1008,11,ITI,ITI2,10,Umbria,Umbria,882015,67994,7.71,0.42
2105,2021-01-13,UMB,452,140,312,452,0,0,ITI,ITI2,10,Umbria,Umbria,882015,68446,7.76,0.05
2106,2021-06-19,UMB,4589,2206,2383,2462,2033,94,ITI,ITI2,10,Umbria,Umbria,882015,73035,8.28,0.52
2107,2021-01-06,UMB,847,326,521,847,0,0,ITI,ITI2,10,Umbria,Umbria,882015,73882,8.38,0.1
2108,2021-06-12,UMB,7724,3690,4034,5961,1580,183,ITI,ITI2,10,Umbria,Umbria,882015,81606,9.25,0.88
2109,2021-07-03,UMB,6481,3248,3233,2832,3497,152,ITI,ITI2,10,Umbria,Umbria,882015,88087,9.99,0.73
2110,2021-07-20,UMB,8269,4108,4161,1096,7089,84,ITI,ITI2,10,Umbria,Umbria,882015,96356,10.92,0.94
2111,2021-08-10,UMB,7403,3935,3468,4003,3257,143,ITI,ITI2,10,Umbria,Umbria,882015,103759,11.76,0.84
2112,2021-06-14,UMB,5388,2750,2638,3253,2016,119,ITI,ITI2,10,Umbria,Umbria,882015,109147,12.37,0.61
2113,2021-02-13,UMB,114,27,87,111,3,0,ITI,ITI2,10,Umbria,Umbria,882015,109261,12.39,0.01
2114,2021-05-24,UMB,9078,4521,4557,8030,882,166,ITI,ITI2,10,Umbria,Umbria,882015,118339,13.42,1.03
2115,2021-04-18,UMB,1532,681,851,578,931,23,ITI,ITI2,10,Umbria,Umbria,882015,119871,13.59,0.17
2116,2021-01-11,UMB,1337,364,973,1337,0,0,ITI,ITI2,10,Umbria,Umbria,882015,121208,13.74,0.15
2117,2021-07-27,UMB,8147,4092,4055,2694,5336,117,ITI,ITI2,10,Umbria,Umbria,882015,129355,14.67,0.92
2118,2021-05-05,UMB,7224,3306,3918,3834,3306,84,ITI,ITI2,10,Umbria,Umbria,882015,136579,15.48,0.82
2119,2021-01-25,UMB,649,322,327,5,644,0,ITI,ITI2,10,Umbria,Umbria,882015,137228,15.56,0.07
2120,2021-04-06,UMB,5294,2167,3127,2865,2392,37,ITI,ITI2,10,Umbria,Umbria,882015,142522,16.16,0.6
2121,2021-03-28,UMB,1096,441,655,1041,24,31,ITI,ITI2,10,Umbria,Umbria,882015,143618,16.28,0.12
2122,2021-01-30,UMB,1575,486,1089,43,1532,0,ITI,ITI2,10,Umbria,Umbria,882015,145193,16.46,0.18
2123,2021-07-15,UMB,10578,5178,5400,568,9911,99,ITI,ITI2,10,Umbria,Umbria,882015,155771,17.66,1.2
2124,2021-06-02,UMB,3926,1886,2040,3805,42,79,ITI,ITI2,10,Umbria,Umbria,882015,159697,18.11,0.45
2125,2021-09-10,UMB,4540,2485,2055,723,3773,44,ITI,ITI2,10,Umbria,Umbria,882015,164237,18.62,0.51
2126,2021-02-20,UMB,283,101,182,259,24,0,ITI,ITI2,10,Umbria,Umbria,882015,164520,18.65,0.03
2127,2021-03-09,UMB,4093,2003,2090,2797,1288,8,ITI,ITI2,10,Umbria,Umbria,882015,168613,19.12,0.46
2128,2021-02-06,UMB,437,163,274,34,403,0,ITI,ITI2,10,Umbria,Umbria,882015,169050,19.17,0.05
2129,2021-05-26,UMB,9665,4573,5092,8220,1253,192,ITI,ITI2,10,Umbria,Umbria,882015,178715,20.26,1.1
2130,2021-09-03,UMB,4234,2193,2041,1320,2854,60,ITI,ITI2,10,Umbria,Umbria,882015,182949,20.74,0.48
2131,2021-09-17,UMB,3292,1767,1525,818,2429,45,ITI,ITI2,10,Umbria,Umbria,882015,186241,21.12,0.37
2132,2021-03-18,UMB,2987,1179,1808,1713,1266,8,ITI,ITI2,10,Umbria,Umbria,882015,189228,21.45,0.34
2133,2021-06-26,UMB,9381,4758,4623,5579,3639,163,ITI,ITI2,10,Umbria,Umbria,882015,198609,22.52,1.06
2134,2021-07-10,UMB,7690,3810,3880,66,7610,14,ITI,ITI2,10,Umbria,Umbria,882015,206299,23.39,0.87
2135,2021-07-22,UMB,10076,4924,5152,1653,8317,106,ITI,ITI2,10,Umbria,Umbria,882015,216375,24.53,1.14
2136,2021-01-01,UMB,273,104,169,273,0,0,ITI,ITI2,10,Umbria,Umbria,882015,216648,24.56,0.03
2137,2021-04-11,UMB,3101,1506,1595,3035,49,17,ITI,ITI2,10,Umbria,Umbria,882015,219749,24.91,0.35
2138,2021-01-18,UMB,619,221,398,531,88,0,ITI,ITI2,10,Umbria,Umbria,882015,220368,24.98,0.07
2139,2021-04-25,UMB,4362,1687,2675,3867,83,412,ITI,ITI2,10,Umbria,Umbria,882015,224730,25.48,0.49
2140,2021-08-03,UMB,9207,4761,4446,3504,5519,184,ITI,ITI2,10,Umbria,Umbria,882015,233937,26.52,1.04
2141,2021-04-04,UMB,57,20,37,22,35,0,ITI,ITI2,10,Umbria,Umbria,882015,233994,26.53,0.01
2142,2021-06-07,UMB,6961,3436,3525,6087,696,178,ITI,ITI2,10,Umbria,Umbria,882015,240955,27.32,0.79
2143,2021-09-15,UMB,3684,1907,1777,887,2727,70,ITI,ITI2,10,Umbria,Umbria,882015,244639,27.74,0.42
2144,2021-03-16,UMB,3538,1454,2084,1909,1627,2,ITI,ITI2,10,Umbria,Umbria,882015,248177,28.14,0.4
2145,2021-02-27,UMB,1658,354,1304,1642,16,0,ITI,ITI2,10,Umbria,Umbria,882015,249835,28.33,0.19
2146,2021-04-16,UMB,8102,3745,4357,6085,1838,179,ITI,ITI2,10,Umbria,Umbria,882015,257937,29.24,0.92
2147,2021-04-30,UMB,6258,2971,3287,2735,3401,122,ITI,ITI2,10,Umbria,Umbria,882015,264195,29.95,0.71
2148,2021-03-04,UMB,4486,1856,2630,3644,827,15,ITI,ITI2,10,Umbria,Umbria,882015,268681,30.46,0.51
2149,2021-08-08,UMB,5066,2712,2354,3556,1414,96,ITI,ITI2,10,Umbria,Umbria,882015,273747,31.04,0.57
2150,2021-01-20,UMB,603,221,382,603,0,0,ITI,ITI2,10,Umbria,Umbria,882015,274350,31.1,0.07
2151,2021-07-26,UMB,9092,4804,4288,3873,5092,127,ITI,ITI2,10,Umbria,Umbria,882015,283442,32.14,1.03
2152,2021-05-28,UMB,9600,4440,5160,7116,2300,184,ITI,ITI2,10,Umbria,Umbria,882015,293042,33.22,1.09
2153,2021-04-15,UMB,7665,3505,4160,5702,1889,74,ITI,ITI2,10,Umbria,Umbria,882015,300707,34.09,0.87
2154,2021-02-17,UMB,1619,748,871,1266,352,1,ITI,ITI2,10,Umbria,Umbria,882015,302326,34.28,0.18
2155,2021-07-24,UMB,8699,4368,4331,1346,7285,68,ITI,ITI2,10,Umbria,Umbria,882015,311025,35.26,0.99
2156,2021-07-08,UMB,9577,4634,4943,180,9350,47,ITI,ITI2,10,Umbria,Umbria,882015,320602,36.35,1.09
2157,2021-05-12,UMB,6528,3038,3490,4209,2149,170,ITI,ITI2,10,Umbria,Umbria,882015,327130,37.09,0.74
2158,2021-03-30,UMB,3990,1737,2253,2406,1545,39,ITI,ITI2,10,Umbria,Umbria,882015,331120,37.54,0.45
2159,2021-08-22,UMB,1470,773,697,479,977,14,ITI,ITI2,10,Umbria,Umbria,882015,332590,37.71,0.17
2160,2021-05-31,UMB,5824,2848,2976,4853,886,85,ITI,ITI2,10,Umbria,Umbria,882015,338414,38.37,0.66
2161,2021-05-14,UMB,5347,2526,2821,3353,1819,175,ITI,ITI2,10,Umbria,Umbria,882015,343761,38.97,0.61
2162,2021-02-01,UMB,1285,342,943,48,1237,0,ITI,ITI2,10,Umbria,Umbria,882015,345046,39.12,0.15
2163,2021-04-20,UMB,5451,2365,3086,3429,1947,75,ITI,ITI2,10,Umbria,Umbria,882015,350497,39.74,0.62
2164,2021-01-27,UMB,842,330,512,13,829,0,ITI,ITI2,10,Umbria,Umbria,882015,351339,39.83,0.1
2165,2021-01-10,UMB,1067,274,793,1067,0,0,ITI,ITI2,10,Umbria,Umbria,882015,352406,39.95,0.12
2166,2021-05-21,UMB,8982,3672,5310,4067,4830,85,ITI,ITI2,10,Umbria,Umbria,882015,361388,40.97,1.02
2167,2021-05-04,UMB,5544,2547,2997,2355,3127,62,ITI,ITI2,10,Umbria,Umbria,882015,366932,41.6,0.63
2168,2021-04-01,UMB,4474,1911,2563,2326,2110,38,ITI,ITI2,10,Umbria,Umbria,882015,371406,42.11,0.51
2169,2021-09-07,UMB,4819,2493,2326,1026,3716,77,ITI,ITI2,10,Umbria,Umbria,882015,376225,42.66,0.55
2170,2021-05-30,UMB,5982,2999,2983,5662,202,118,ITI,ITI2,10,Umbria,Umbria,882015,382207,43.33,0.68
2171,2021-03-08,UMB,3701,1825,1876,2327,1361,13,ITI,ITI2,10,Umbria,Umbria,882015,385908,43.75,0.42
2172,2021-06-16,UMB,6326,3095,3231,3072,3100,154,ITI,ITI2,10,Umbria,Umbria,882015,392234,44.47,0.72
2173,2021-03-25,UMB,3937,1728,2209,2826,1064,47,ITI,ITI2,10,Umbria,Umbria,882015,396171,44.92,0.45
2174,2021-04-03,UMB,2099,712,1387,1034,1054,11,ITI,ITI2,10,Umbria,Umbria,882015,398270,45.15,0.24
2175,2021-07-12,UMB,4632,2242,2390,105,4515,12,ITI,ITI2,10,Umbria,Umbria,882015,402902,45.68,0.53
2176,2021-01-08,UMB,1193,344,849,1193,0,0,ITI,ITI2,10,Umbria,Umbria,882015,404095,45.81,0.14
2177,2021-08-12,UMB,7355,3902,3453,4590,2546,219,ITI,ITI2,10,Umbria,Umbria,882015,411450,46.65,0.83
2178,2021-06-30,UMB,10552,5326,5226,3675,6726,151,ITI,ITI2,10,Umbria,Umbria,882015,422002,47.85,1.2
2179,2021-09-02,UMB,4361,2269,2092,959,3361,41,ITI,ITI2,10,Umbria,Umbria,882015,426363,48.34,0.49
2180,2021-07-07,UMB,9499,4502,4997,88,9380,31,ITI,ITI2,10,Umbria,Umbria,882015,435862,49.42,1.08
2181,2021-03-01,UMB,1505,775,730,1385,114,6,ITI,ITI2,10,Umbria,Umbria,882015,437367,49.59,0.17
2182,2021-06-09,UMB,8162,3951,4211,7136,725,301,ITI,ITI2,10,Umbria,Umbria,882015,445529,50.51,0.93
2183,2021-06-23,UMB,11360,5806,5554,7678,3412,270,ITI,ITI2,10,Umbria,Umbria,882015,456889,51.8,1.29
2184,2021-03-15,UMB,4600,1941,2659,2826,1770,4,ITI,ITI2,10,Umbria,Umbria,882015,461489,52.32,0.52
2185,2021-02-10,UMB,715,350,365,700,15,0,ITI,ITI2,10,Umbria,Umbria,882015,462204,52.4,0.08
2186,2021-02-18,UMB,1497,583,914,1029,467,1,ITI,ITI2,10,Umbria,Umbria,882015,463701,52.57,0.17
2187,2021-08-07,UMB,7235,3803,3432,2543,4620,72,ITI,ITI2,10,Umbria,Umbria,882015,470936,53.39,0.82
2188,2021-05-16,UMB,5227,2493,2734,5087,50,90,ITI,ITI2,10,Umbria,Umbria,882015,476163,53.99,0.59
2189,2021-08-24,UMB,4437,2248,2189,1874,2474,89,ITI,ITI2,10,Umbria,Umbria,882015,480600,54.49,0.5
2190,2020-12-27,UMB,88,47,41,88,0,0,ITI,ITI2,10,Umbria,Umbria,882015,480688,54.5,0.01
2191,2021-02-22,UMB,1892,807,1085,1806,86,0,ITI,ITI2,10,Umbria,Umbria,882015,482580,54.71,0.21
2192,2021-09-19,UMB,698,366,332,320,356,22,ITI,ITI2,10,Umbria,Umbria,882015,483278,54.79,0.08
2193,2021-06-11,UMB,7012,3519,3493,6002,772,238,ITI,ITI2,10,Umbria,Umbria,882015,490290,55.59,0.79
2194,2021-03-27,UMB,4253,1515,2738,3857,340,56,ITI,ITI2,10,Umbria,Umbria,882015,494543,56.07,0.48
2195,2021-06-18,UMB,4814,2374,2440,1569,3166,79,ITI,ITI2,10,Umbria,Umbria,882015,499357,56.62,0.55
2196,2021-07-05,UMB,8423,4083,4340,152,8257,14,ITI,ITI2,10,Umbria,Umbria,882015,507780,57.57,0.95
2197,2021-08-05,UMB,9705,5076,4629,3838,5700,167,ITI,ITI2,10,Umbria,Umbria,882015,517485,58.67,1.1
2198,2021-07-19,UMB,7671,3842,3829,1526,6044,101,ITI,ITI2,10,Umbria,Umbria,882015,525156,59.54,0.87
2199,2021-04-27,UMB,5669,2401,3268,3056,2578,35,ITI,ITI2,10,Umbria,Umbria,882015,530825,60.18,0.64
2200,2021-02-03,UMB,727,174,553,67,660,0,ITI,ITI2,10,Umbria,Umbria,882015,531552,60.27,0.08
2201,2021-01-24,UMB,258,106,152,1,257,0,ITI,ITI2,10,Umbria,Umbria,882015,531810,60.29,0.03
2202,2021-08-16,UMB,3522,1744,1778,1979,1474,69,ITI,ITI2,10,Umbria,Umbria,882015,535332,60.69,0.4
2203,2021-08-30,UMB,1952,952,1000,1498,372,82,ITI,ITI2,10,Umbria,Umbria,882015,537284,60.92,0.22
2204,2021-06-08,UMB,7421,3659,3762,6655,557,209,ITI,ITI2,10,Umbria,Umbria,882015,544705,61.76,0.84
2205,2021-05-23,UMB,5074,1857,3217,637,4421,16,ITI,ITI2,10,Umbria,Umbria,882015,549779,62.33,0.58
2206,2021-08-31,UMB,4136,2138,1998,1223,2843,70,ITI,ITI2,10,Umbria,Umbria,882015,553915,62.8,0.47
2207,2021-09-14,UMB,2811,1439,1372,418,2368,25,ITI,ITI2,10,Umbria,Umbria,882015,556726,63.12,0.32
2208,2021-04-08,UMB,5904,2525,3379,4024,1807,73,ITI,ITI2,10,Umbria,Umbria,882015,562630,63.79,0.67
2209,2021-09-12,UMB,3055,1655,1400,463,2577,15,ITI,ITI2,10,Umbria,Umbria,882015,565685,64.14,0.35
2210,2021-07-17,UMB,7674,3857,3817,1287,6239,148,ITI,ITI2,10,Umbria,Umbria,882015,573359,65.01,0.87
2211,2021-06-04,UMB,8929,4414,4515,7541,1206,182,ITI,ITI2,10,Umbria,Umbria,882015,582288,66.02,1.01
2212,2021-05-11,UMB,6260,2842,3418,3925,2193,142,ITI,ITI2,10,Umbria,Umbria,882015,588548,66.73,0.71
2213,2021-08-19,UMB,5729,3041,2688,3939,1611,179,ITI,ITI2,10,Umbria,Umbria,882015,594277,67.38,0.65
2214,2021-08-26,UMB,4059,2151,1908,1791,2158,110,ITI,ITI2,10,Umbria,Umbria,882015,598336,67.84,0.46
2215,2021-04-13,UMB,7683,3402,4281,5924,1669,90,ITI,ITI2,10,Umbria,Umbria,882015,606019,68.71,0.87
2216,2021-02-15,UMB,1367,692,675,1364,1,2,ITI,ITI2,10,Umbria,Umbria,882015,607386,68.86,0.15
2217,2021-01-03,UMB,270,112,158,270,0,0,ITI,ITI2,10,Umbria,Umbria,882015,607656,68.89,0.03
2218,2021-07-31,UMB,4334,2262,2072,1478,2809,47,ITI,ITI2,10,Umbria,Umbria,882015,611990,69.39,0.49
2219,2021-02-05,UMB,783,234,549,18,765,0,ITI,ITI2,10,Umbria,Umbria,882015,612773,69.47,0.09
2220,2021-07-21,UMB,9857,4915,4942,1234,8536,87,ITI,ITI2,10,Umbria,Umbria,882015,622630,70.59,1.12
2221,2021-07-04,UMB,3411,1741,1670,2342,971,98,ITI,ITI2,10,Umbria,Umbria,882015,626041,70.98,0.39
2222,2021-04-12,UMB,7093,3081,4012,5316,1717,60,ITI,ITI2,10,Umbria,Umbria,882015,633134,71.78,0.8
2223,2021-01-19,UMB,102,23,79,102,0,0,ITI,ITI2,10,Umbria,Umbria,882015,633236,71.79,0.01
2224,2021-05-13,UMB,5945,2671,3274,3731,2085,129,ITI,ITI2,10,Umbria,Umbria,882015,639181,72.47,0.67
2225,2021-08-21,UMB,2793,1465,1328,1613,1115,65,ITI,ITI2,10,Umbria,Umbria,882015,641974,72.78,0.32
2226,2021-02-19,UMB,743,293,450,525,217,1,ITI,ITI2,10,Umbria,Umbria,882015,642717,72.87,0.08
2227,2021-08-04,UMB,10673,5542,5131,3312,7195,166,ITI,ITI2,10,Umbria,Umbria,882015,653390,74.08,1.21
2228,2021-06-13,UMB,6767,3558,3209,6392,230,145,ITI,ITI2,10,Umbria,Umbria,882015,660157,74.85,0.77
2229,2021-05-01,UMB,5379,2642,2737,2100,3233,46,ITI,ITI2,10,Umbria,Umbria,882015,665536,75.46,0.61
2230,2021-03-05,UMB,4624,1403,3221,3950,659,15,ITI,ITI2,10,Umbria,Umbria,882015,670160,75.98,0.52
2231,2021-08-09,UMB,6696,3547,3149,3503,3033,160,ITI,ITI2,10,Umbria,Umbria,882015,676856,76.74,0.76
2232,2021-03-03,UMB,4433,1772,2661,3719,711,3,ITI,ITI2,10,Umbria,Umbria,882015,681289,77.24,0.5
2233,2021-09-16,UMB,4336,2266,2070,650,3634,52,ITI,ITI2,10,Umbria,Umbria,882015,685625,77.73,0.49
2234,2021-06-27,UMB,7480,3738,3742,1731,5671,78,ITI,ITI2,10,Umbria,Umbria,882015,693105,78.58,0.85
2235,2021-04-22,UMB,5458,2251,3207,2702,2674,82,ITI,ITI2,10,Umbria,Umbria,882015,698563,79.2,0.62
2236,2021-04-17,UMB,6696,3077,3619,5186,1343,167,ITI,ITI2,10,Umbria,Umbria,882015,705259,79.96,0.76
2237,2021-03-29,UMB,3639,1605,2034,2153,1424,62,ITI,ITI2,10,Umbria,Umbria,882015,708898,80.37,0.41
2238,2021-01-31,UMB,1061,276,785,25,1036,0,ITI,ITI2,10,Umbria,Umbria,882015,709959,80.49,0.12
2239,2021-05-25,UMB,8827,4304,4523,7588,1066,173,ITI,ITI2,10,Umbria,Umbria,882015,718786,81.49,1.0
2240,2021-08-14,UMB,5854,3233,2621,2918,2786,150,ITI,ITI2,10,Umbria,Umbria,882015,724640,82.16,0.66
2241,2021-03-17,UMB,3331,1313,2018,1855,1474,2,ITI,ITI2,10,Umbria,Umbria,882015,727971,82.53,0.38
2242,2021-01-07,UMB,1301,388,913,1301,0,0,ITI,ITI2,10,Umbria,Umbria,882015,729272,82.68,0.15
2243,2021-09-18,UMB,2890,1574,1316,1259,1580,51,ITI,ITI2,10,Umbria,Umbria,882015,732162,83.01,0.33
2244,2021-06-25,UMB,10243,5319,4924,5253,4786,204,ITI,ITI2,10,Umbria,Umbria,882015,742405,84.17,1.16
2245,2021-04-29,UMB,5240,2261,2979,2806,2343,91,ITI,ITI2,10,Umbria,Umbria,882015,747645,84.77,0.59
2246,2021-03-24,UMB,4108,1794,2314,2746,1323,39,ITI,ITI2,10,Umbria,Umbria,882015,751753,85.23,0.47
2247,2021-07-02,UMB,8757,4330,4427,2967,5609,181,ITI,ITI2,10,Umbria,Umbria,882015,760510,86.22,0.99
2248,2021-04-10,UMB,7405,3482,3923,7184,86,135,ITI,ITI2,10,Umbria,Umbria,882015,767915,87.06,0.84
2249,2021-01-17,UMB,55,17,38,55,0,0,ITI,ITI2,10,Umbria,Umbria,882015,767970,87.07,0.01
2250,2020-12-31,UMB,322,127,195,322,0,0,ITI,ITI2,10,Umbria,Umbria,882015,768292,87.11,0.04
2251,2021-08-23,UMB,5290,2820,2470,1543,3662,85,ITI,ITI2,10,Umbria,Umbria,882015,773582,87.71,0.6
2252,2021-09-09,UMB,5452,2836,2616,1037,4363,52,ITI,ITI2,10,Umbria,Umbria,882015,779034,88.32,0.62
2253,2021-06-01,UMB,4390,2090,2300,4162,156,72,ITI,ITI2,10,Umbria,Umbria,882015,783424,88.82,0.5
2254,2021-03-10,UMB,4033,1944,2089,2761,1257,15,ITI,ITI2,10,Umbria,Umbria,882015,787457,89.28,0.46
2255,2021-08-11,UMB,7623,4087,3536,3719,3718,186,ITI,ITI2,10,Umbria,Umbria,882015,795080,90.14,0.86
2256,2021-06-06,UMB,7610,3906,3704,6790,694,126,ITI,ITI2,10,Umbria,Umbria,882015,802690,91.01,0.86
2257,2021-02-24,UMB,1521,564,957,1506,15,0,ITI,ITI2,10,Umbria,Umbria,882015,804211,91.18,0.17
2258,2021-07-28,UMB,8243,4337,3906,2973,5157,113,ITI,ITI2,10,Umbria,Umbria,882015,812454,92.11,0.93
2259,2021-05-18,UMB,7767,3364,4403,3836,3841,90,ITI,ITI2,10,Umbria,Umbria,882015,820221,92.99,0.88
2260,2021-03-22,UMB,3562,1657,1905,2306,1246,10,ITI,ITI2,10,Umbria,Umbria,882015,823783,93.4,0.4
2261,2021-04-05,UMB,4251,1729,2522,2182,2057,12,ITI,ITI2,10,Umbria,Umbria,882015,828034,93.88,0.48
2262,2021-02-07,UMB,55,17,38,1,54,0,ITI,ITI2,10,Umbria,Umbria,882015,828089,93.89,0.01
2263,2021-07-14,UMB,6208,3011,3197,1634,4264,310,ITI,ITI2,10,Umbria,Umbria,882015,834297,94.59,0.7
2264,2021-01-26,UMB,816,390,426,17,799,0,ITI,ITI2,10,Umbria,Umbria,882015,835113,94.68,0.09
2265,2021-02-12,UMB,674,224,450,668,6,0,ITI,ITI2,10,Umbria,Umbria,882015,835787,94.76,0.08
2266,2021-02-26,UMB,660,253,407,650,8,2,ITI,ITI2,10,Umbria,Umbria,882015,836447,94.83,0.07
2267,2021-05-06,UMB,9474,4326,5148,6028,3316,130,ITI,ITI2,10,Umbria,Umbria,882015,845921,95.91,1.07
2268,2021-08-18,UMB,4708,2464,2244,3443,1146,119,ITI,ITI2,10,Umbria,Umbria,882015,850629,96.44,0.53
2269,2021-07-06,UMB,8600,4093,4507,149,8428,23,ITI,ITI2,10,Umbria,Umbria,882015,859229,97.42,0.98
2270,2021-05-10,UMB,6012,2814,3198,3743,2152,117,ITI,ITI2,10,Umbria,Umbria,882015,865241,98.1,0.68
2271,2021-05-08,UMB,8163,3749,4414,4806,3251,106,ITI,ITI2,10,Umbria,Umbria,882015,873404,99.02,0.93
2272,2021-01-28,UMB,1248,394,854,18,1230,0,ITI,ITI2,10,Umbria,Umbria,882015,874652,99.17,0.14
2273,2021-08-01,UMB,3027,1533,1494,1331,1650,46,ITI,ITI2,10,Umbria,Umbria,882015,877679,99.51,0.34
2274,2021-07-18,UMB,7853,4063,3790,273,7553,27,ITI,ITI2,10,Umbria,Umbria,882015,885532,100.4,0.89
2275,2021-06-15,UMB,5992,3017,2975,3798,2075,119,ITI,ITI2,10,Umbria,Umbria,882015,891524,101.08,0.68
2276,2021-06-17,UMB,6980,3545,3435,4751,2082,147,ITI,ITI2,10,Umbria,Umbria,882015,898504,101.87,0.79
2277,2021-03-26,UMB,4603,1721,2882,4345,174,84,ITI,ITI2,10,Umbria,Umbria,882015,903107,102.39,0.52
2278,2021-01-02,UMB,304,111,193,304,0,0,ITI,ITI2,10,Umbria,Umbria,882015,903411,102.43,0.03
2279,2021-02-11,UMB,839,348,491,834,5,0,ITI,ITI2,10,Umbria,Umbria,882015,904250,102.52,0.1
2280,2021-05-22,UMB,6986,2762,4224,2603,4334,49,ITI,ITI2,10,Umbria,Umbria,882015,911236,103.31,0.79
2281,2021-07-11,UMB,5875,2967,2908,89,5785,1,ITI,ITI2,10,Umbria,Umbria,882015,917111,103.98,0.67
2282,2021-01-16,UMB,204,61,143,203,0,1,ITI,ITI2,10,Umbria,Umbria,882015,917315,104.0,0.02
2283,2021-02-02,UMB,945,272,673,32,913,0,ITI,ITI2,10,Umbria,Umbria,882015,918260,104.11,0.11
2284,2021-04-26,UMB,5402,2342,3060,3105,2255,42,ITI,ITI2,10,Umbria,Umbria,882015,923662,104.72,0.61
2285,2021-01-05,UMB,855,430,425,855,0,0,ITI,ITI2,10,Umbria,Umbria,882015,924517,104.82,0.1
2286,2021-08-02,UMB,5538,2897,2641,259,5257,22,ITI,ITI2,10,Umbria,Umbria,882015,930055,105.45,0.63
2287,2021-06-20,UMB,6225,3007,3218,1577,4605,43,ITI,ITI2,10,Umbria,Umbria,882015,936280,106.15,0.71
2288,2021-04-24,UMB,4566,1962,2604,3277,1183,106,ITI,ITI2,10,Umbria,Umbria,882015,940846,106.67,0.52
2289,2021-01-12,UMB,838,247,591,838,0,0,ITI,ITI2,10,Umbria,Umbria,882015,941684,106.77,0.1
2290,2021-09-01,UMB,4600,2371,2229,1136,3405,59,ITI,ITI2,10,Umbria,Umbria,882015,946284,107.29,0.52
2291,2021-06-10,UMB,7569,3769,3800,6464,791,314,ITI,ITI2,10,Umbria,Umbria,882015,953853,108.14,0.86
2292,2021-08-13,UMB,6974,3870,3104,4246,2526,202,ITI,ITI2,10,Umbria,Umbria,882015,960827,108.94,0.79
2293,2021-05-03,UMB,5092,2273,2819,2100,2888,104,ITI,ITI2,10,Umbria,Umbria,882015,965919,109.51,0.58
2294,2021-01-23,UMB,280,100,180,2,278,0,ITI,ITI2,10,Umbria,Umbria,882015,966199,109.54,0.03
2295,2021-01-21,UMB,609,203,406,339,269,1,ITI,ITI2,10,Umbria,Umbria,882015,966808,109.61,0.07
2296,2021-08-20,UMB,4348,2316,2032,2921,1281,146,ITI,ITI2,10,Umbria,Umbria,882015,971156,110.11,0.49
2297,2021-03-07,UMB,846,180,666,838,7,1,ITI,ITI2,10,Umbria,Umbria,882015,972002,110.2,0.1
2298,2021-09-08,UMB,4617,2472,2145,987,3558,72,ITI,ITI2,10,Umbria,Umbria,882015,976619,110.73,0.52
2299,2021-06-05,UMB,8232,3777,4455,5416,2655,161,ITI,ITI2,10,Umbria,Umbria,882015,984851,111.66,0.93
2300,2021-09-13,UMB,2453,1235,1218,316,2114,23,ITI,ITI2,10,Umbria,Umbria,882015,987304,111.94,0.28
2301,2021-04-02,UMB,4349,1782,2567,3548,756,45,ITI,ITI2,10,Umbria,Umbria,882015,991653,112.43,0.49
2302,2021-01-09,UMB,1718,495,1223,1718,0,0,ITI,ITI2,10,Umbria,Umbria,882015,993371,112.63,0.19
2303,2021-04-19,UMB,5038,2228,2810,2931,2048,59,ITI,ITI2,10,Umbria,Umbria,882015,998409,113.2,0.57
2304,2021-03-14,UMB,66,48,18,66,0,0,ITI,ITI2,10,Umbria,Umbria,882015,998475,113.2,0.01
2305,2021-06-22,UMB,8092,4105,3987,5146,2801,145,ITI,ITI2,10,Umbria,Umbria,882015,1006567,114.12,0.92
2306,2021-03-12,UMB,2695,1082,1613,2191,496,8,ITI,ITI2,10,Umbria,Umbria,882015,1009262,114.43,0.31
2307,2021-04-09,UMB,6750,3130,3620,6412,216,122,ITI,ITI2,10,Umbria,Umbria,882015,1016012,115.19,0.77
2308,2021-04-28,UMB,5394,2332,3062,2939,2398,57,ITI,ITI2,10,Umbria,Umbria,882015,1021406,115.8,0.61
2309,2021-08-06,UMB,8240,4309,3931,3330,4822,88,ITI,ITI2,10,Umbria,Umbria,882015,1029646,116.74,0.93
2310,2021-02-04,UMB,736,226,510,26,710,0,ITI,ITI2,10,Umbria,Umbria,882015,1030382,116.82,0.08
2311,2021-05-15,UMB,4998,1886,3112,1766,3168,64,ITI,ITI2,10,Umbria,Umbria,882015,1035380,117.39,0.57
2312,2021-02-21,UMB,1,0,1,1,0,0,ITI,ITI2,10,Umbria,Umbria,882015,1035381,117.39,0.0
2313,2021-07-13,UMB,4238,2006,2232,78,4152,8,ITI,ITI2,10,Umbria,Umbria,882015,1039619,117.87,0.48
2314,2021-04-21,UMB,5332,2320,3012,3061,2232,39,ITI,ITI2,10,Umbria,Umbria,882015,1044951,118.47,0.6
2315,2021-07-30,UMB,6219,3243,2976,3185,2913,121,ITI,ITI2,10,Umbria,Umbria,882015,1051170,119.18,0.71
2316,2021-03-02,UMB,3646,1346,2300,3637,6,3,ITI,ITI2,10,Umbria,Umbria,882015,1054816,119.59,0.41
2317,2021-05-29,UMB,7862,3614,4248,6177,1571,114,ITI,ITI2,10,Umbria,Umbria,882015,1062678,120.48,0.89
2318,2021-09-06,UMB,4577,2385,2192,894,3645,38,ITI,ITI2,10,Umbria,Umbria,882015,1067255,121.0,0.52
2319,2021-07-25,UMB,7310,3852,3458,1167,6099,44,ITI,ITI2,10,Umbria,Umbria,882015,1074565,121.83,0.83
2320,2021-03-21,UMB,676,338,338,673,0,3,ITI,ITI2,10,Umbria,Umbria,882015,1075241,121.91,0.08
2321,2021-08-25,UMB,4290,2233,2057,1543,2666,81,ITI,ITI2,10,Umbria,Umbria,882015,1079531,122.39,0.49
2322,2021-06-29,UMB,9975,5083,4892,4112,5703,160,ITI,ITI2,10,Umbria,Umbria,882015,1089506,123.52,1.13
2323,2021-05-17,UMB,6379,3068,3311,4113,2180,86,ITI,ITI2,10,Umbria,Umbria,882015,1095885,124.25,0.72
2324,2021-01-14,UMB,725,192,533,725,0,0,ITI,ITI2,10,Umbria,Umbria,882015,1096610,124.33,0.08
2325,2021-03-19,UMB,1744,566,1178,1083,656,5,ITI,ITI2,10,Umbria,Umbria,882015,1098354,124.53,0.2
2326,2021-06-24,UMB,10267,5168,5099,6025,4013,229,ITI,ITI2,10,Umbria,Umbria,882015,1108621,125.69,1.16
2327,2021-08-17,UMB,3666,1909,1757,2489,1088,89,ITI,ITI2,10,Umbria,Umbria,882015,1112287,126.11,0.42
2328,2021-06-21,UMB,7553,3953,3600,5068,2338,147,ITI,ITI2,10,Umbria,Umbria,882015,1119840,126.96,0.86
2329,2021-03-06,UMB,4308,1149,3159,4136,138,34,ITI,ITI2,10,Umbria,Umbria,882015,1124148,127.45,0.49
2330,2021-01-22,UMB,276,105,171,32,244,0,ITI,ITI2,10,Umbria,Umbria,882015,1124424,127.48,0.03
2331,2021-06-28,UMB,9831,4844,4987,3712,5990,129,ITI,ITI2,10,Umbria,Umbria,882015,1134255,128.6,1.11
2332,2021-05-02,UMB,3782,1867,1915,1298,2455,29,ITI,ITI2,10,Umbria,Umbria,882015,1138037,129.03,0.43
2333,2021-03-20,UMB,2320,845,1475,2290,25,5,ITI,ITI2,10,Umbria,Umbria,882015,1140357,129.29,0.26
2334,2021-03-13,UMB,1735,524,1211,1486,249,0,ITI,ITI2,10,Umbria,Umbria,882015,1142092,129.49,0.2
2335,2021-01-15,UMB,698,213,485,698,0,0,ITI,ITI2,10,Umbria,Umbria,882015,1142790,129.57,0.08
2336,2021-01-29,UMB,1240,350,890,79,1161,0,ITI,ITI2,10,Umbria,Umbria,882015,1144030,129.71,0.14
2337,2021-05-09,UMB,5764,2756,3008,5253,391,120,ITI,ITI2,10,Umbria,Umbria,882015,1149794,130.36,0.65
2338,2021-09-04,UMB,3436,1777,1659,1099,2275,62,ITI,ITI2,10,Umbria,Umbria,882015,1153230,130.75,0.39
2339,2021-07-09,UMB,9569,4631,4938,128,9417,24,ITI,ITI2,10,Umbria,Umbria,882015,1162799,131.83,1.08
2340,2021-07-23,UMB,10672,5455,5217,1336,9230,106,ITI,ITI2,10,Umbria,Umbria,882015,1173471,133.04,1.21
2341,2021-08-28,UMB,2771,1429,1342,1358,1342,71,ITI,ITI2,10,Umbria,Umbria,882015,1176242,133.36,0.31
2342,2021-07-16,UMB,9633,4900,4733,665,8889,79,ITI,ITI2,10,Umbria,Umbria,882015,1185875,134.45,1.09
2343,2021-05-20,UMB,9873,4610,5263,6105,3658,110,ITI,ITI2,10,Umbria,Umbria,882015,1195748,135.57,1.12
2344,2021-09-11,UMB,3385,1870,1515,641,2701,43,ITI,ITI2,10,Umbria,Umbria,882015,1199133,135.95,0.38
2345,2021-03-31,UMB,3901,1731,2170,2183,1686,32,ITI,ITI2,10,Umbria,Umbria,882015,1203034,136.4,0.44
2346,2021-02-16,UMB,1308,655,653,1299,9,0,ITI,ITI2,10,Umbria,Umbria,882015,1204342,136.54,0.15
2347,2021-05-27,UMB,9983,4871,5112,8475,1325,183,ITI,ITI2,10,Umbria,Umbria,882015,1214325,137.68,1.13
2348,2021-01-04,UMB,810,397,413,810,0,0,ITI,ITI2,10,Umbria,Umbria,882015,1215135,137.77,0.09
2349,2021-04-14,UMB,8159,3682,4477,6100,1980,79,ITI,ITI2,10,Umbria,Umbria,882015,1223294,138.69,0.93
2350,2021-06-03,UMB,9052,4474,4578,8585,290,177,ITI,ITI2,10,Umbria,Umbria,882015,1232346,139.72,1.03
2351,2021-04-07,UMB,5626,2305,3321,3533,2006,87,ITI,ITI2,10,Umbria,Umbria,882015,1237972,140.36,0.64
2352,2021-02-23,UMB,1691,657,1034,1648,42,1,ITI,ITI2,10,Umbria,Umbria,882015,1239663,140.55,0.19
2353,2021-03-24,MAR,7098,3019,4079,3309,3716,73,ITI,ITI3,11,Marche,Marche,1525271,7098,0.47,0.47
2354,2021-06-01,MAR,12055,6157,5898,9679,2090,286,ITI,ITI3,11,Marche,Marche,1525271,19153,1.26,0.79
2355,2021-03-10,MAR,5711,2442,3269,4477,1180,54,ITI,ITI3,11,Marche,Marche,1525271,24864,1.63,0.37
2356,2021-02-21,MAR,376,141,235,363,1,12,ITI,ITI3,11,Marche,Marche,1525271,25240,1.65,0.02
2357,2021-09-06,MAR,6374,3388,2986,1770,4391,213,ITI,ITI3,11,Marche,Marche,1525271,31614,2.07,0.42
2358,2021-05-27,MAR,13733,6818,6915,9180,4301,252,ITI,ITI3,11,Marche,Marche,1525271,45347,2.97,0.9
2359,2021-03-31,MAR,7375,3088,4287,4262,3025,88,ITI,ITI3,11,Marche,Marche,1525271,52722,3.46,0.48
2360,2021-09-04,MAR,5448,2975,2473,1639,3625,184,ITI,ITI3,11,Marche,Marche,1525271,58170,3.81,0.36
2361,2021-08-11,MAR,7571,4099,3472,3169,4165,237,ITI,ITI3,11,Marche,Marche,1525271,65741,4.31,0.5
2362,2021-06-15,MAR,13199,6574,6625,9827,3052,320,ITI,ITI3,11,Marche,Marche,1525271,78940,5.18,0.87
2363,2021-01-12,MAR,1237,418,819,1224,0,13,ITI,ITI3,11,Marche,Marche,1525271,80177,5.26,0.08
2364,2021-06-22,MAR,13219,6482,6737,6475,6461,283,ITI,ITI3,11,Marche,Marche,1525271,93396,6.12,0.87
2365,2021-01-26,MAR,2021,747,1274,69,1943,9,ITI,ITI3,11,Marche,Marche,1525271,95417,6.26,0.13
2366,2021-07-11,MAR,10399,5220,5179,1605,8657,137,ITI,ITI3,11,Marche,Marche,1525271,105816,6.94,0.68
2367,2021-04-19,MAR,9609,4503,5106,7897,1588,124,ITI,ITI3,11,Marche,Marche,1525271,115425,7.57,0.63
2368,2021-07-28,MAR,14198,7369,6829,3249,10717,232,ITI,ITI3,11,Marche,Marche,1525271,129623,8.5,0.93
2369,2021-01-21,MAR,922,262,660,577,328,17,ITI,ITI3,11,Marche,Marche,1525271,130545,8.56,0.06
2370,2021-05-01,MAR,9328,3927,5401,3500,5751,77,ITI,ITI3,11,Marche,Marche,1525271,139873,9.17,0.61
2371,2021-08-06,MAR,11704,6353,5351,4143,7279,282,ITI,ITI3,11,Marche,Marche,1525271,151577,9.94,0.77
2372,2021-05-15,MAR,14119,6442,7677,7826,6045,248,ITI,ITI3,11,Marche,Marche,1525271,165696,10.86,0.93
2373,2021-08-23,MAR,6196,3341,2855,2278,3650,268,ITI,ITI3,11,Marche,Marche,1525271,171892,11.27,0.41
2374,2021-02-19,MAR,2002,739,1263,1826,135,41,ITI,ITI3,11,Marche,Marche,1525271,173894,11.4,0.13
2375,2021-05-20,MAR,12686,5962,6724,7537,4898,251,ITI,ITI3,11,Marche,Marche,1525271,186580,12.23,0.83
2376,2021-02-07,MAR,1872,735,1137,331,1529,12,ITI,ITI3,11,Marche,Marche,1525271,188452,12.36,0.12
2377,2021-04-05,MAR,5703,2367,3336,4352,1269,82,ITI,ITI3,11,Marche,Marche,1525271,194155,12.73,0.37
2378,2021-06-27,MAR,9950,4819,5131,4486,5293,171,ITI,ITI3,11,Marche,Marche,1525271,204105,13.38,0.65
2379,2021-03-19,MAR,3881,1621,2260,325,3544,12,ITI,ITI3,11,Marche,Marche,1525271,207986,13.64,0.25
2380,2021-09-18,MAR,4777,2653,2124,2118,2484,175,ITI,ITI3,11,Marche,Marche,1525271,212763,13.95,0.31
2381,2021-07-09,MAR,14903,7502,7401,2557,12132,214,ITI,ITI3,11,Marche,Marche,1525271,227666,14.93,0.98
2382,2021-09-13,MAR,8066,4276,3790,2046,5777,243,ITI,ITI3,11,Marche,Marche,1525271,235732,15.46,0.53
2383,2021-03-29,MAR,5898,2583,3315,3391,2458,49,ITI,ITI3,11,Marche,Marche,1525271,241630,15.84,0.39
2384,2021-06-03,MAR,14638,7483,7155,12081,2252,305,ITI,ITI3,11,Marche,Marche,1525271,256268,16.8,0.96
2385,2021-01-19,MAR,233,87,146,140,90,3,ITI,ITI3,11,Marche,Marche,1525271,256501,16.82,0.02
2386,2021-02-02,MAR,1193,398,795,70,1123,0,ITI,ITI3,11,Marche,Marche,1525271,257694,16.89,0.08
2387,2021-05-13,MAR,12613,5698,6915,6822,5508,283,ITI,ITI3,11,Marche,Marche,1525271,270307,17.72,0.83
2388,2021-04-12,MAR,8572,3774,4798,7932,482,158,ITI,ITI3,11,Marche,Marche,1525271,278879,18.28,0.56
2389,2021-01-02,MAR,458,143,315,456,0,2,ITI,ITI3,11,Marche,Marche,1525271,279337,18.31,0.03
2390,2021-02-14,MAR,738,301,437,726,0,12,ITI,ITI3,11,Marche,Marche,1525271,280075,18.36,0.05
2391,2021-08-16,MAR,5165,2781,2384,2983,2022,160,ITI,ITI3,11,Marche,Marche,1525271,285240,18.7,0.34
2392,2021-05-08,MAR,12293,5486,6807,4850,7265,178,ITI,ITI3,11,Marche,Marche,1525271,297533,19.51,0.81
2393,2021-07-30,MAR,14714,7863,6851,4867,9559,288,ITI,ITI3,11,Marche,Marche,1525271,312247,20.47,0.96
2394,2021-03-05,MAR,6225,2873,3352,4690,1469,66,ITI,ITI3,11,Marche,Marche,1525271,318472,20.88,0.41
2395,2021-01-07,MAR,1821,642,1179,1804,0,17,ITI,ITI3,11,Marche,Marche,1525271,320293,21.0,0.12
2396,2021-03-12,MAR,4681,1999,2682,3346,1280,55,ITI,ITI3,11,Marche,Marche,1525271,324974,21.31,0.31
2397,2021-01-14,MAR,2019,696,1323,1995,0,24,ITI,ITI3,11,Marche,Marche,1525271,326993,21.44,0.13
2398,2021-06-20,MAR,11161,5547,5614,5989,4989,183,ITI,ITI3,11,Marche,Marche,1525271,338154,22.17,0.73
2399,2021-07-04,MAR,10896,5445,5451,3204,7531,161,ITI,ITI3,11,Marche,Marche,1525271,349050,22.88,0.71
2400,2021-09-11,MAR,3663,1897,1766,1370,2124,169,ITI,ITI3,11,Marche,Marche,1525271,352713,23.12,0.24
2401,2020-12-31,MAR,392,184,208,390,0,2,ITI,ITI3,11,Marche,Marche,1525271,353105,23.15,0.03
2402,2021-04-26,MAR,9177,4063,5114,6019,3028,130,ITI,ITI3,11,Marche,Marche,1525271,362282,23.75,0.6
2403,2021-08-18,MAR,6422,3422,3000,3215,2872,335,ITI,ITI3,11,Marche,Marche,1525271,368704,24.17,0.42
2404,2021-08-04,MAR,12001,6379,5622,4058,7701,242,ITI,ITI3,11,Marche,Marche,1525271,380705,24.96,0.79
2405,2021-02-18,MAR,2146,787,1359,1806,288,52,ITI,ITI3,11,Marche,Marche,1525271,382851,25.1,0.14
2406,2021-05-29,MAR,12875,6239,6636,8117,4540,218,ITI,ITI3,11,Marche,Marche,1525271,395726,25.94,0.84
2407,2021-09-15,MAR,7098,3804,3294,1382,5542,174,ITI,ITI3,11,Marche,Marche,1525271,402824,26.41,0.47
2408,2021-07-23,MAR,15542,8279,7263,2527,12790,225,ITI,ITI3,11,Marche,Marche,1525271,418366,27.43,1.02
2409,2021-07-18,MAR,12125,6310,5815,1333,10674,118,ITI,ITI3,11,Marche,Marche,1525271,430491,28.22,0.79
2410,2021-01-31,MAR,1921,772,1149,93,1824,4,ITI,ITI3,11,Marche,Marche,1525271,432412,28.35,0.13
2411,2021-04-07,MAR,8873,3932,4941,8355,369,149,ITI,ITI3,11,Marche,Marche,1525271,441285,28.93,0.58
2412,2021-02-09,MAR,125,42,83,46,79,0,ITI,ITI3,11,Marche,Marche,1525271,441410,28.94,0.01
2413,2021-07-16,MAR,15839,8240,7599,1844,13737,258,ITI,ITI3,11,Marche,Marche,1525271,457249,29.98,1.04
2414,2021-03-17,MAR,3477,1525,1952,105,3370,2,ITI,ITI3,11,Marche,Marche,1525271,460726,30.21,0.23
2415,2021-08-30,MAR,5677,2841,2836,2358,3049,270,ITI,ITI3,11,Marche,Marche,1525271,466403,30.58,0.37
2416,2021-02-28,MAR,2837,1251,1586,2823,6,8,ITI,ITI3,11,Marche,Marche,1525271,469240,30.76,0.19
2417,2021-06-08,MAR,14098,7094,7004,11195,2611,292,ITI,ITI3,11,Marche,Marche,1525271,483338,31.69,0.92
2418,2021-08-25,MAR,5584,2991,2593,2724,2539,321,ITI,ITI3,11,Marche,Marche,1525271,488922,32.05,0.37
2419,2021-03-07,MAR,5180,2107,3073,4377,754,49,ITI,ITI3,11,Marche,Marche,1525271,494102,32.39,0.34
2420,2021-08-08,MAR,5637,3020,2617,1681,3845,111,ITI,ITI3,11,Marche,Marche,1525271,499739,32.76,0.37
2421,2021-07-06,MAR,13963,6920,7043,3140,10598,225,ITI,ITI3,11,Marche,Marche,1525271,513702,33.68,0.92
2422,2021-01-09,MAR,1720,608,1112,1700,0,20,ITI,ITI3,11,Marche,Marche,1525271,515422,33.79,0.11
2423,2021-04-02,MAR,6894,2988,3906,6042,739,113,ITI,ITI3,11,Marche,Marche,1525271,522316,34.24,0.45
2424,2021-03-16,MAR,3522,1523,1999,284,3232,6,ITI,ITI3,11,Marche,Marche,1525271,525838,34.48,0.23
2425,2021-06-24,MAR,13845,6679,7166,6187,7387,271,ITI,ITI3,11,Marche,Marche,1525271,539683,35.38,0.91
2426,2021-02-04,MAR,2389,844,1545,107,2277,5,ITI,ITI3,11,Marche,Marche,1525271,542072,35.54,0.16
2427,2021-01-18,MAR,696,237,459,536,149,11,ITI,ITI3,11,Marche,Marche,1525271,542768,35.59,0.05
2428,2021-04-28,MAR,10938,4983,5955,6018,4745,175,ITI,ITI3,11,Marche,Marche,1525271,553706,36.3,0.72
2429,2021-01-23,MAR,557,190,367,118,436,3,ITI,ITI3,11,Marche,Marche,1525271,554263,36.34,0.04
2430,2021-06-29,MAR,13371,6599,6772,4926,8215,230,ITI,ITI3,11,Marche,Marche,1525271,567634,37.22,0.88
2431,2021-05-03,MAR,10410,4690,5720,4857,5414,139,ITI,ITI3,11,Marche,Marche,1525271,578044,37.9,0.68
2432,2021-03-28,MAR,4128,1741,2387,2397,1693,38,ITI,ITI3,11,Marche,Marche,1525271,582172,38.17,0.27
2433,2021-01-30,MAR,1906,669,1237,24,1882,0,ITI,ITI3,11,Marche,Marche,1525271,584078,38.29,0.12
2434,2021-07-20,MAR,14396,7435,6961,1767,12454,175,ITI,ITI3,11,Marche,Marche,1525271,598474,39.24,0.94
2435,2021-01-16,MAR,2040,735,1305,1989,0,51,ITI,ITI3,11,Marche,Marche,1525271,600514,39.37,0.13
2436,2021-06-19,MAR,14697,7404,7293,7749,6683,265,ITI,ITI3,11,Marche,Marche,1525271,615211,40.33,0.96
2437,2021-05-31,MAR,11782,5944,5838,8599,2931,252,ITI,ITI3,11,Marche,Marche,1525271,626993,41.11,0.77
2438,2021-05-17,MAR,12047,5649,6398,7463,4355,229,ITI,ITI3,11,Marche,Marche,1525271,639040,41.9,0.79
2439,2021-03-02,MAR,5003,1968,3035,4370,566,67,ITI,ITI3,11,Marche,Marche,1525271,644043,42.22,0.33
2440,2021-06-10,MAR,14930,7695,7235,12573,2013,344,ITI,ITI3,11,Marche,Marche,1525271,658973,43.2,0.98
2441,2021-09-01,MAR,6203,3279,2924,2019,3951,233,ITI,ITI3,11,Marche,Marche,1525271,665176,43.61,0.41
2442,2021-08-15,MAR,225,112,113,205,13,7,ITI,ITI3,11,Marche,Marche,1525271,665401,43.63,0.01
2443,2021-05-24,MAR,11001,5194,5807,7958,2866,177,ITI,ITI3,11,Marche,Marche,1525271,676402,44.35,0.72
2444,2021-06-12,MAR,13781,7315,6466,12104,1346,331,ITI,ITI3,11,Marche,Marche,1525271,690183,45.25,0.9
2445,2021-04-16,MAR,10086,4705,5381,9349,526,211,ITI,ITI3,11,Marche,Marche,1525271,700269,45.91,0.66
2446,2021-07-25,MAR,9351,4933,4418,1004,8249,98,ITI,ITI3,11,Marche,Marche,1525271,709620,46.52,0.61
2447,2021-01-04,MAR,1529,574,955,1516,0,13,ITI,ITI3,11,Marche,Marche,1525271,711149,46.62,0.1
2448,2021-01-11,MAR,1183,413,770,1165,0,18,ITI,ITI3,11,Marche,Marche,1525271,712332,46.7,0.08
2449,2021-04-21,MAR,10787,4969,5818,9423,1196,168,ITI,ITI3,11,Marche,Marche,1525271,723119,47.41,0.71
2450,2021-01-28,MAR,2091,726,1365,158,1932,1,ITI,ITI3,11,Marche,Marche,1525271,725210,47.55,0.14
2451,2021-04-04,MAR,3835,1797,2038,2614,1169,52,ITI,ITI3,11,Marche,Marche,1525271,729045,47.8,0.25
2452,2021-07-13,MAR,14852,7277,7575,1456,13267,129,ITI,ITI3,11,Marche,Marche,1525271,743897,48.77,0.97
2453,2021-05-22,MAR,11941,5720,6221,7321,4449,171,ITI,ITI3,11,Marche,Marche,1525271,755838,49.55,0.78
2454,2021-02-11,MAR,1988,657,1331,1557,390,41,ITI,ITI3,11,Marche,Marche,1525271,757826,49.68,0.13
2455,2021-05-05,MAR,11696,5321,6375,5101,6433,162,ITI,ITI3,11,Marche,Marche,1525271,769522,50.45,0.77
2456,2021-08-13,MAR,6751,3759,2992,3388,3151,212,ITI,ITI3,11,Marche,Marche,1525271,776273,50.89,0.44
2457,2021-09-08,MAR,7229,3781,3448,2062,4909,258,ITI,ITI3,11,Marche,Marche,1525271,783502,51.37,0.47
2458,2021-04-30,MAR,14167,6205,7962,5394,8575,198,ITI,ITI3,11,Marche,Marche,1525271,797669,52.3,0.93
2459,2021-04-11,MAR,7117,3116,4001,6681,287,149,ITI,ITI3,11,Marche,Marche,1525271,804786,52.76,0.47
2460,2021-03-26,MAR,6395,2626,3769,3475,2860,60,ITI,ITI3,11,Marche,Marche,1525271,811181,53.18,0.42
2461,2021-06-17,MAR,15205,7565,7640,8796,6111,298,ITI,ITI3,11,Marche,Marche,1525271,826386,54.18,1.0
2462,2021-03-09,MAR,5430,2293,3137,4457,881,92,ITI,ITI3,11,Marche,Marche,1525271,831816,54.54,0.36
2463,2021-04-14,MAR,10220,4565,5655,9651,369,200,ITI,ITI3,11,Marche,Marche,1525271,842036,55.21,0.67
2464,2020-12-30,MAR,17,5,12,17,0,0,ITI,ITI3,11,Marche,Marche,1525271,842053,55.21,0.0
2465,2021-04-09,MAR,9569,4190,5379,9147,200,222,ITI,ITI3,11,Marche,Marche,1525271,851622,55.83,0.63
2466,2021-07-27,MAR,14370,7537,6833,3031,11112,227,ITI,ITI3,11,Marche,Marche,1525271,865992,56.78,0.94
2467,2021-05-10,MAR,9463,4342,5121,4749,4564,150,ITI,ITI3,11,Marche,Marche,1525271,875455,57.4,0.62
2468,2021-03-14,MAR,2499,1032,1467,1896,592,11,ITI,ITI3,11,Marche,Marche,1525271,877954,57.56,0.16
2469,2021-03-21,MAR,4506,1873,2633,1612,2877,17,ITI,ITI3,11,Marche,Marche,1525271,882460,57.86,0.3
2470,2021-02-16,MAR,1287,475,812,1225,30,32,ITI,ITI3,11,Marche,Marche,1525271,883747,57.94,0.08
2471,2021-02-25,MAR,3562,1465,2097,3318,181,63,ITI,ITI3,11,Marche,Marche,1525271,887309,58.17,0.23
2472,2021-08-01,MAR,7497,4049,3448,1835,5577,85,ITI,ITI3,11,Marche,Marche,1525271,894806,58.67,0.49
2473,2021-06-05,MAR,13944,7011,6933,11520,2058,366,ITI,ITI3,11,Marche,Marche,1525271,908750,59.58,0.91
2474,2021-04-23,MAR,11320,5224,6096,8097,3055,168,ITI,ITI3,11,Marche,Marche,1525271,920070,60.32,0.74
2475,2021-05-07,MAR,12838,5803,7035,3550,9186,102,ITI,ITI3,11,Marche,Marche,1525271,932908,61.16,0.84
2476,2021-02-13,MAR,1093,462,631,987,82,24,ITI,ITI3,11,Marche,Marche,1525271,934001,61.24,0.07
2477,2021-08-31,MAR,4829,2562,2267,2013,2587,229,ITI,ITI3,11,Marche,Marche,1525271,938830,61.55,0.32
2478,2021-06-09,MAR,14279,7417,6862,12108,1869,302,ITI,ITI3,11,Marche,Marche,1525271,953109,62.49,0.94
2479,2021-09-17,MAR,8251,4570,3681,2055,5974,222,ITI,ITI3,11,Marche,Marche,1525271,961360,63.03,0.54
2480,2021-06-07,MAR,13322,6589,6733,10569,2450,303,ITI,ITI3,11,Marche,Marche,1525271,974682,63.9,0.87
2481,2021-02-27,MAR,3401,1457,1944,3158,209,34,ITI,ITI3,11,Marche,Marche,1525271,978083,64.13,0.22
2482,2021-01-06,MAR,2216,804,1412,2197,0,19,ITI,ITI3,11,Marche,Marche,1525271,980299,64.27,0.15
2483,2021-03-04,MAR,6539,2894,3645,5080,1395,64,ITI,ITI3,11,Marche,Marche,1525271,986838,64.7,0.43
2484,2021-03-13,MAR,5808,2681,3127,1764,4003,41,ITI,ITI3,11,Marche,Marche,1525271,992646,65.08,0.38
2485,2021-08-17,MAR,7594,4040,3554,3085,4285,224,ITI,ITI3,11,Marche,Marche,1525271,1000240,65.58,0.5
2486,2021-06-21,MAR,12607,6184,6423,5480,6881,246,ITI,ITI3,11,Marche,Marche,1525271,1012847,66.4,0.83
2487,2021-05-09,MAR,8866,4022,4844,3559,5230,77,ITI,ITI3,11,Marche,Marche,1525271,1021713,66.99,0.58
2488,2021-03-11,MAR,6636,2824,3812,5145,1412,79,ITI,ITI3,11,Marche,Marche,1525271,1028349,67.42,0.44
2489,2021-03-25,MAR,6705,2795,3910,3186,3458,61,ITI,ITI3,11,Marche,Marche,1525271,1035054,67.86,0.44
2490,2021-07-03,MAR,13843,6991,6852,4136,9395,312,ITI,ITI3,11,Marche,Marche,1525271,1048897,68.77,0.91
2491,2021-02-20,MAR,4163,1732,2431,4042,111,10,ITI,ITI3,11,Marche,Marche,1525271,1053060,69.04,0.27
2492,2021-02-23,MAR,3314,1432,1882,3243,56,15,ITI,ITI3,11,Marche,Marche,1525271,1056374,69.26,0.22
2493,2021-01-15,MAR,1773,500,1273,1755,0,18,ITI,ITI3,11,Marche,Marche,1525271,1058147,69.37,0.12
2494,2021-04-25,MAR,8602,3996,4606,6891,1578,133,ITI,ITI3,11,Marche,Marche,1525271,1066749,69.94,0.56
2495,2021-08-03,MAR,10877,5736,5141,4029,6581,267,ITI,ITI3,11,Marche,Marche,1525271,1077626,70.65,0.71
2496,2021-02-06,MAR,2462,902,1560,512,1941,9,ITI,ITI3,11,Marche,Marche,1525271,1080088,70.81,0.16
2497,2021-07-17,MAR,15139,7792,7347,1383,13544,212,ITI,ITI3,11,Marche,Marche,1525271,1095227,71.81,0.99
2498,2021-05-21,MAR,13909,6594,7315,7225,6472,212,ITI,ITI3,11,Marche,Marche,1525271,1109136,72.72,0.91
2499,2021-09-12,MAR,250,127,123,171,47,32,ITI,ITI3,11,Marche,Marche,1525271,1109386,72.73,0.02
2500,2021-08-29,MAR,453,255,198,245,182,26,ITI,ITI3,11,Marche,Marche,1525271,1109839,72.76,0.03
2501,2021-07-22,MAR,15746,8048,7698,2017,13487,242,ITI,ITI3,11,Marche,Marche,1525271,1125585,73.8,1.03
2502,2021-04-13,MAR,9838,4261,5577,9393,234,211,ITI,ITI3,11,Marche,Marche,1525271,1135423,74.44,0.65
2503,2021-07-05,MAR,13167,6510,6657,2918,10077,172,ITI,ITI3,11,Marche,Marche,1525271,1148590,75.3,0.86
2504,2021-06-16,MAR,13755,6912,6843,9125,4365,265,ITI,ITI3,11,Marche,Marche,1525271,1162345,76.21,0.9
2505,2021-01-27,MAR,2119,778,1341,113,2004,2,ITI,ITI3,11,Marche,Marche,1525271,1164464,76.34,0.14
2506,2021-04-20,MAR,10754,5028,5726,9146,1471,137,ITI,ITI3,11,Marche,Marche,1525271,1175218,77.05,0.71
2507,2021-07-29,MAR,14846,7880,6966,4579,9955,312,ITI,ITI3,11,Marche,Marche,1525271,1190064,78.02,0.97
2508,2021-01-25,MAR,1597,559,1038,90,1507,0,ITI,ITI3,11,Marche,Marche,1525271,1191661,78.13,0.1
2509,2021-01-08,MAR,1583,592,991,1568,0,15,ITI,ITI3,11,Marche,Marche,1525271,1193244,78.23,0.1
2510,2021-04-18,MAR,8824,4131,4693,7728,921,175,ITI,ITI3,11,Marche,Marche,1525271,1202068,78.81,0.58
2511,2021-09-19,MAR,162,83,79,91,49,22,ITI,ITI3,11,Marche,Marche,1525271,1202230,78.82,0.01
2512,2021-03-18,MAR,3440,1507,1933,149,3279,12,ITI,ITI3,11,Marche,Marche,1525271,1205670,79.05,0.23
2513,2021-06-26,MAR,13577,6906,6671,5688,7672,217,ITI,ITI3,11,Marche,Marche,1525271,1219247,79.94,0.89
2514,2021-03-06,MAR,5739,2642,3097,4419,1268,52,ITI,ITI3,11,Marche,Marche,1525271,1224986,80.31,0.38
2515,2021-06-14,MAR,12838,6486,6352,9256,3310,272,ITI,ITI3,11,Marche,Marche,1525271,1237824,81.15,0.84
2516,2021-08-22,MAR,109,60,49,75,26,8,ITI,ITI3,11,Marche,Marche,1525271,1237933,81.16,0.01
2517,2021-01-20,MAR,406,100,306,384,20,2,ITI,ITI3,11,Marche,Marche,1525271,1238339,81.19,0.03
2518,2021-02-03,MAR,2129,743,1386,97,2011,21,ITI,ITI3,11,Marche,Marche,1525271,1240468,81.33,0.14
2519,2021-05-14,MAR,13638,6294,7344,6505,6915,218,ITI,ITI3,11,Marche,Marche,1525271,1254106,82.22,0.89
2520,2021-07-02,MAR,14553,7178,7375,4674,9648,231,ITI,ITI3,11,Marche,Marche,1525271,1268659,83.18,0.95
2521,2021-06-18,MAR,15347,7648,7699,8294,6753,300,ITI,ITI3,11,Marche,Marche,1525271,1284006,84.18,1.01
2522,2021-05-28,MAR,13963,6741,7222,8801,4864,298,ITI,ITI3,11,Marche,Marche,1525271,1297969,85.1,0.92
2523,2021-04-01,MAR,7580,3187,4393,4064,3419,97,ITI,ITI3,11,Marche,Marche,1525271,1305549,85.59,0.5
2524,2021-09-05,MAR,194,99,95,131,37,26,ITI,ITI3,11,Marche,Marche,1525271,1305743,85.61,0.01
2525,2021-07-24,MAR,13277,7118,6159,2941,10077,259,ITI,ITI3,11,Marche,Marche,1525271,1319020,86.48,0.87
2526,2021-07-10,MAR,14161,7233,6928,1656,12302,203,ITI,ITI3,11,Marche,Marche,1525271,1333181,87.41,0.93
2527,2021-06-02,MAR,11903,5939,5964,11028,679,196,ITI,ITI3,11,Marche,Marche,1525271,1345084,88.19,0.78
2528,2021-09-10,MAR,7564,4074,3490,2069,5194,301,ITI,ITI3,11,Marche,Marche,1525271,1352648,88.68,0.5
2529,2021-02-22,MAR,3461,1532,1929,3351,75,35,ITI,ITI3,11,Marche,Marche,1525271,1356109,88.91,0.23
2530,2021-08-24,MAR,6439,3401,3038,3298,2759,382,ITI,ITI3,11,Marche,Marche,1525271,1362548,89.33,0.42
2531,2021-08-05,MAR,11905,6393,5512,4078,7560,267,ITI,ITI3,11,Marche,Marche,1525271,1374453,90.11,0.78
2532,2021-08-28,MAR,3145,1696,1449,1201,1800,144,ITI,ITI3,11,Marche,Marche,1525271,1377598,90.32,0.21
2533,2021-01-29,MAR,1994,731,1263,154,1835,5,ITI,ITI3,11,Marche,Marche,1525271,1379592,90.45,0.13
2534,2021-05-18,MAR,11272,5347,5925,7488,3603,181,ITI,ITI3,11,Marche,Marche,1525271,1390864,91.19,0.74
2535,2021-08-26,MAR,5681,3027,2654,2775,2546,360,ITI,ITI3,11,Marche,Marche,1525271,1396545,91.56,0.37
2536,2021-04-22,MAR,10798,4931,5867,9078,1579,141,ITI,ITI3,11,Marche,Marche,1525271,1407343,92.27,0.71
2537,2021-02-24,MAR,3534,1547,1987,3424,78,32,ITI,ITI3,11,Marche,Marche,1525271,1410877,92.5,0.23
2538,2021-06-04,MAR,14338,7290,7048,11588,2440,310,ITI,ITI3,11,Marche,Marche,1525271,1425215,93.44,0.94
2539,2021-04-08,MAR,9490,4157,5333,8959,370,161,ITI,ITI3,11,Marche,Marche,1525271,1434705,94.06,0.62
2540,2021-07-31,MAR,13203,7250,5953,5142,7731,330,ITI,ITI3,11,Marche,Marche,1525271,1447908,94.93,0.87
2541,2021-07-14,MAR,13851,6818,7033,1784,11875,192,ITI,ITI3,11,Marche,Marche,1525271,1461759,95.84,0.91
2542,2021-09-09,MAR,6465,3467,2998,1913,4313,239,ITI,ITI3,11,Marche,Marche,1525271,1468224,96.26,0.42
2543,2021-08-07,MAR,9455,5195,4260,3475,5742,238,ITI,ITI3,11,Marche,Marche,1525271,1477679,96.88,0.62
2544,2021-07-21,MAR,14920,7617,7303,2064,12643,213,ITI,ITI3,11,Marche,Marche,1525271,1492599,97.86,0.98
2545,2021-04-29,MAR,13451,6159,7292,7159,6108,184,ITI,ITI3,11,Marche,Marche,1525271,1506050,98.74,0.88
2546,2021-05-23,MAR,9210,4284,4926,7414,1672,124,ITI,ITI3,11,Marche,Marche,1525271,1515260,99.34,0.6
2547,2021-05-06,MAR,12661,5824,6837,5356,7076,229,ITI,ITI3,11,Marche,Marche,1525271,1527921,100.17,0.83
2548,2021-02-12,MAR,1581,618,963,1404,151,26,ITI,ITI3,11,Marche,Marche,1525271,1529502,100.28,0.1
2549,2021-08-14,MAR,2402,1379,1023,1035,1318,49,ITI,ITI3,11,Marche,Marche,1525271,1531904,100.43,0.16
2550,2021-02-10,MAR,1441,452,989,1040,359,42,ITI,ITI3,11,Marche,Marche,1525271,1533345,100.53,0.09
2551,2021-08-12,MAR,8020,4332,3688,3891,3768,361,ITI,ITI3,11,Marche,Marche,1525271,1541365,101.06,0.53
2552,2021-01-13,MAR,2114,747,1367,2073,0,41,ITI,ITI3,11,Marche,Marche,1525271,1543479,101.19,0.14
2553,2021-05-02,MAR,8905,3940,4965,3078,5742,85,ITI,ITI3,11,Marche,Marche,1525271,1552384,101.78,0.58
2554,2021-08-10,MAR,9200,4814,4386,3333,5592,275,ITI,ITI3,11,Marche,Marche,1525271,1561584,102.38,0.6
2555,2021-06-28,MAR,12362,6026,6336,4615,7510,237,ITI,ITI3,11,Marche,Marche,1525271,1573946,103.19,0.81
2556,2021-03-27,MAR,7429,3098,4331,4958,2396,75,ITI,ITI3,11,Marche,Marche,1525271,1581375,103.68,0.49
2557,2021-04-10,MAR,10931,4626,6305,10369,314,248,ITI,ITI3,11,Marche,Marche,1525271,1592306,104.39,0.72
2558,2021-01-03,MAR,912,358,554,902,0,10,ITI,ITI3,11,Marche,Marche,1525271,1593218,104.45,0.06
2559,2021-07-19,MAR,14678,7531,7147,1925,12538,215,ITI,ITI3,11,Marche,Marche,1525271,1607896,105.42,0.96
2560,2021-03-08,MAR,6301,2762,3539,5187,1002,112,ITI,ITI3,11,Marche,Marche,1525271,1614197,105.83,0.41
2561,2021-08-21,MAR,2977,1664,1313,1492,1311,174,ITI,ITI3,11,Marche,Marche,1525271,1617174,106.03,0.2
2562,2021-05-11,MAR,10624,4831,5793,5488,4943,193,ITI,ITI3,11,Marche,Marche,1525271,1627798,106.72,0.7
2563,2021-01-10,MAR,1746,702,1044,1732,0,14,ITI,ITI3,11,Marche,Marche,1525271,1629544,106.84,0.11
2564,2021-07-12,MAR,13724,6805,6919,1228,12378,118,ITI,ITI3,11,Marche,Marche,1525271,1643268,107.74,0.9
2565,2021-04-03,MAR,7577,3204,4373,6736,667,174,ITI,ITI3,11,Marche,Marche,1525271,1650845,108.23,0.5
2566,2021-09-16,MAR,6087,3272,2815,1294,4639,154,ITI,ITI3,11,Marche,Marche,1525271,1656932,108.63,0.4
2567,2021-06-25,MAR,14344,7171,7173,6418,7637,289,ITI,ITI3,11,Marche,Marche,1525271,1671276,109.57,0.94
2568,2021-03-03,MAR,6700,3076,3624,5716,885,99,ITI,ITI3,11,Marche,Marche,1525271,1677976,110.01,0.44
2569,2021-01-05,MAR,1589,594,995,1570,0,19,ITI,ITI3,11,Marche,Marche,1525271,1679565,110.12,0.1
2570,2021-04-15,MAR,10379,4675,5704,9572,563,244,ITI,ITI3,11,Marche,Marche,1525271,1689944,110.8,0.68
2571,2021-03-22,MAR,5705,2414,3291,2479,3179,47,ITI,ITI3,11,Marche,Marche,1525271,1695649,111.17,0.37
2572,2021-01-24,MAR,881,339,542,3,878,0,ITI,ITI3,11,Marche,Marche,1525271,1696530,111.23,0.06
2573,2021-06-30,MAR,13649,6663,6986,4451,8986,212,ITI,ITI3,11,Marche,Marche,1525271,1710179,112.12,0.89
2574,2021-06-11,MAR,14003,7156,6847,11374,2324,305,ITI,ITI3,11,Marche,Marche,1525271,1724182,113.04,0.92
2575,2021-05-25,MAR,11769,5798,5971,8497,3052,220,ITI,ITI3,11,Marche,Marche,1525271,1735951,113.81,0.77
2576,2021-09-02,MAR,6387,3402,2985,2129,4044,214,ITI,ITI3,11,Marche,Marche,1525271,1742338,114.23,0.42
2577,2021-02-05,MAR,2158,655,1503,438,1719,1,ITI,ITI3,11,Marche,Marche,1525271,1744496,114.37,0.14
2578,2021-05-16,MAR,10899,4958,5941,6544,4231,124,ITI,ITI3,11,Marche,Marche,1525271,1755395,115.09,0.71
2579,2021-05-30,MAR,9736,4691,5045,6546,2993,197,ITI,ITI3,11,Marche,Marche,1525271,1765131,115.73,0.64
2580,2021-09-07,MAR,6134,3221,2913,1739,4192,203,ITI,ITI3,11,Marche,Marche,1525271,1771265,116.13,0.4
2581,2021-03-15,MAR,4452,2061,2391,1291,3140,21,ITI,ITI3,11,Marche,Marche,1525271,1775717,116.42,0.29
2582,2021-08-19,MAR,6273,3347,2926,3490,2454,329,ITI,ITI3,11,Marche,Marche,1525271,1781990,116.83,0.41
2583,2021-06-23,MAR,13892,6818,7074,6626,7010,256,ITI,ITI3,11,Marche,Marche,1525271,1795882,117.74,0.91
2584,2021-02-17,MAR,1828,701,1127,1642,118,68,ITI,ITI3,11,Marche,Marche,1525271,1797710,117.86,0.12
2585,2021-05-04,MAR,10974,4840,6134,4926,5905,143,ITI,ITI3,11,Marche,Marche,1525271,1808684,118.58,0.72
2586,2021-03-20,MAR,4178,1759,2419,1034,3129,15,ITI,ITI3,11,Marche,Marche,1525271,1812862,118.86,0.27
2587,2021-01-22,MAR,489,168,321,193,294,2,ITI,ITI3,11,Marche,Marche,1525271,1813351,118.89,0.03
2588,2021-07-07,MAR,14259,7068,7191,2933,11083,243,ITI,ITI3,11,Marche,Marche,1525271,1827610,119.82,0.93
2589,2021-03-01,MAR,3772,1520,2252,3503,248,21,ITI,ITI3,11,Marche,Marche,1525271,1831382,120.07,0.25
2590,2021-04-27,MAR,9595,4390,5205,5505,3992,98,ITI,ITI3,11,Marche,Marche,1525271,1840977,120.7,0.63
2591,2021-01-17,MAR,1626,696,930,1555,65,6,ITI,ITI3,11,Marche,Marche,1525271,1842603,120.8,0.11
2592,2021-04-24,MAR,12174,5367,6807,7556,4469,149,ITI,ITI3,11,Marche,Marche,1525271,1854777,121.6,0.8
2593,2021-02-26,MAR,3681,1523,2158,3096,480,105,ITI,ITI3,11,Marche,Marche,1525271,1858458,121.84,0.24
2594,2021-05-12,MAR,10430,4691,5739,4729,5505,196,ITI,ITI3,11,Marche,Marche,1525271,1868888,122.53,0.68
2595,2021-08-20,MAR,4963,2693,2270,2951,1687,325,ITI,ITI3,11,Marche,Marche,1525271,1873851,122.85,0.33
2596,2021-09-03,MAR,6436,3383,3053,2190,3966,280,ITI,ITI3,11,Marche,Marche,1525271,1880287,123.28,0.42
2597,2021-07-08,MAR,15040,7539,7501,2787,12027,226,ITI,ITI3,11,Marche,Marche,1525271,1895327,124.26,0.99
2598,2021-08-27,MAR,5714,3049,2665,2800,2513,401,ITI,ITI3,11,Marche,Marche,1525271,1901041,124.64,0.37
2599,2021-07-01,MAR,14696,7367,7329,4658,9760,278,ITI,ITI3,11,Marche,Marche,1525271,1915737,125.6,0.96
2600,2021-02-15,MAR,967,412,555,939,13,15,ITI,ITI3,11,Marche,Marche,1525271,1916704,125.66,0.06
2601,2021-05-26,MAR,11889,5952,5937,8448,3227,214,ITI,ITI3,11,Marche,Marche,1525271,1928593,126.44,0.78
2602,2021-03-30,MAR,7487,3080,4407,4576,2834,77,ITI,ITI3,11,Marche,Marche,1525271,1936080,126.93,0.49
2603,2021-02-01,MAR,1362,479,883,93,1266,3,ITI,ITI3,11,Marche,Marche,1525271,1937442,127.02,0.09
2604,2021-04-06,MAR,8876,3693,5183,7928,810,138,ITI,ITI3,11,Marche,Marche,1525271,1946318,127.6,0.58
2605,2021-03-23,MAR,5838,2556,3282,2223,3576,39,ITI,ITI3,11,Marche,Marche,1525271,1952156,127.99,0.38
2606,2021-02-08,MAR,834,259,575,366,463,5,ITI,ITI3,11,Marche,Marche,1525271,1952990,128.04,0.05
2607,2021-07-15,MAR,16010,8287,7723,1749,14032,229,ITI,ITI3,11,Marche,Marche,1525271,1969000,129.09,1.05
2608,2021-05-19,MAR,11666,5364,6302,8363,3102,201,ITI,ITI3,11,Marche,Marche,1525271,1980666,129.86,0.76
2609,2021-09-14,MAR,6376,3432,2944,1468,4738,170,ITI,ITI3,11,Marche,Marche,1525271,1987042,130.27,0.42
2610,2021-04-17,MAR,11705,5317,6388,10393,1073,239,ITI,ITI3,11,Marche,Marche,1525271,1998747,131.04,0.77
2611,2021-07-26,MAR,11031,5737,5294,2109,8715,207,ITI,ITI3,11,Marche,Marche,1525271,2009778,131.77,0.72
2612,2021-08-09,MAR,9095,4827,4268,4052,4770,273,ITI,ITI3,11,Marche,Marche,1525271,2018873,132.36,0.6
2613,2021-06-13,MAR,10752,5566,5186,9203,1299,250,ITI,ITI3,11,Marche,Marche,1525271,2029625,133.07,0.7
2614,2020-12-27,MAR,210,100,110,208,0,2,ITI,ITI3,11,Marche,Marche,1525271,2029835,133.08,0.01
2615,2021-08-02,MAR,11725,6209,5516,4599,6868,258,ITI,ITI3,11,Marche,Marche,1525271,2041560,133.85,0.77
2616,2021-06-06,MAR,12453,6138,6315,10637,1579,237,ITI,ITI3,11,Marche,Marche,1525271,2054013,134.67,0.82
2617,2021-03-28,FVG,4947,2356,2591,4690,158,99,ITH,ITH4,6,Friuli-Venezia Giulia,Friuli Venezia Giulia,1215220,4947,0.41,0.41
2618,2021-01-18,FVG,1964,608,1356,1870,94,0,ITH,ITH4,6,Friuli-Venezia Giulia,Friuli Venezia Giulia,1215220,6911,0.57,0.16
2619,2021-01-04,FVG,1509,560,949,1509,0,0,ITH,ITH4,6,Friuli-Venezia Giulia,Friuli Venezia Giulia,1215220,8420,0.69,0.12
2620,2021-08-29,FVG,3157,1779,1378,1798,1259,100,ITH,ITH4,6,Friuli-Venezia Giulia,Friuli Venezia Giulia,1215220,11577,0.95,0.26
2621,2021-06-24,FVG,11124,5675,5449,1891,9116,117,ITH,ITH4,6,Friuli-Venezia Giulia,Friuli Venezia Giulia,1215220,22701,1.87,0.92
2622,2021-03-16,FVG,3193,1302,1891,1023,2085,85,ITH,ITH4,6,Friuli-Venezia Giulia,Friuli Venezia Giulia,1215220,25894,2.13,0.26
2623,2021-08-20,FVG,6320,3567,2753,2750,3309,261,ITH,ITH4,6,Friuli-Venezia Giulia,Friuli Venezia Giulia,1215220,32214,2.65,0.52
2624,2021-05-12,FVG,11199,5180,6019,9346,1434,419,ITH,ITH4,6,Friuli-Venezia Giulia,Friuli Venezia Giulia,1215220,43413,3.57,0.92
2625,2021-07-20,FVG,9416,4935,4481,2451,6669,296,ITH,ITH4,6,Friuli-Venezia Giulia,Friuli Venezia Giulia,1215220,52829,4.35,0.77
2626,2021-08-03,FVG,10200,5378,4822,5277,4562,361,ITH,ITH4,6,Friuli-Venezia Giulia,Friuli Venezia Giulia,1215220,63029,5.19,0.84
2627,2021-04-11,FVG,3435,1519,1916,2412,907,116,ITH,ITH4,6,Friuli-Venezia Giulia,Friuli Venezia Giulia,1215220,66464,5.47,0.28
2628,2021-09-15,FVG,4865,2520,2345,2409,2128,328,ITH,ITH4,6,Friuli-Venezia Giulia,Friuli Venezia Giulia,1215220,71329,5.87,0.4
2629,2021-06-07,FVG,9231,4787,4444,7841,1001,389,ITH,ITH4,6,Friuli-Venezia Giulia,Friuli Venezia Giulia,1215220,80560,6.63,0.76
2630,2020-12-28,FVG,1,0,1,1,0,0,ITH,ITH4,6,Friuli-Venezia Giulia,Friuli Venezia Giulia,1215220,80561,6.63,0.0
2631,2021-01-30,FVG,2285,745,1540,270,2015,0,ITH,ITH4,6,Friuli-Venezia Giulia,Friuli Venezia Giulia,1215220,82846,6.82,0.19
2632,2021-07-13,FVG,11093,5718,5375,1173,9768,152,ITH,ITH4,6,Friuli-Venezia Giulia,Friuli Venezia Giulia,1215220,93939,7.73,0.91
2633,2021-02-18,FVG,3230,1503,1727,2804,408,18,ITH,ITH4,6,Friuli-Venezia Giulia,Friuli Venezia Giulia,1215220,97169,8.0,0.27
2634,2021-04-02,FVG,6611,2939,3672,4638,1841,132,ITH,ITH4,6,Friuli-Venezia Giulia,Friuli Venezia Giulia,1215220,103780,8.54,0.54
2635,2021-09-17,FVG,3509,1901,1608,762,2651,96,ITH,ITH4,6,Friuli-Venezia Giulia,Friuli Venezia Giulia,1215220,107289,8.83,0.29
2636,2021-07-08,FVG,13122,7091,6031,1364,11577,181,ITH,ITH4,6,Friuli-Venezia Giulia,Friuli Venezia Giulia,1215220,120411,9.91,1.08
2637,2021-02-04,FVG,2728,808,1920,35,2693,0,ITH,ITH4,6,Friuli-Venezia Giulia,Friuli Venezia Giulia,1215220,123139,10.13,0.22
2638,2021-08-08,FVG,4338,2355,1983,1920,2327,91,ITH,ITH4,6,Friuli-Venezia Giulia,Friuli Venezia Giulia,1215220,127477,10.49,0.36
2639,2021-04-30,FVG,7418,3271,4147,3577,3667,174,ITH,ITH4,6,Friuli-Venezia Giulia,Friuli Venezia Giulia,1215220,134895,11.1,0.61
2640,2021-04-28,FVG,7343,3242,4101,3692,3515,136,ITH,ITH4,6,Friuli-Venezia Giulia,Friuli Venezia Giulia,1215220,142238,11.7,0.6
2641,2021-01-23,FVG,816,323,493,5,811,0,ITH,ITH4,6,Friuli-Venezia Giulia,Friuli Venezia Giulia,1215220,143054,11.77,0.07
2642,2021-05-24,FVG,11484,5559,5925,7528,3652,304,ITH,ITH4,6,Friuli-Venezia Giulia,Friuli Venezia Giulia,1215220,154538,12.72,0.95
2643,2021-02-13,FVG,568,180,388,560,6,2,ITH,ITH4,6,Friuli-Venezia Giulia,Friuli Venezia Giulia,1215220,155106,12.76,0.05
2644,2021-08-15,FVG,1,1,0,0,1,0,ITH,ITH4,6,Friuli-Venezia Giulia,Friuli Venezia Giulia,1215220,155107,12.76,0.0
2645,2021-03-02,FVG,4224,1520,2704,2701,1500,23,ITH,ITH4,6,Friuli-Venezia Giulia,Friuli Venezia Giulia,1215220,159331,13.11,0.35
2646,2021-09-03,FVG,4056,2106,1950,2044,1744,268,ITH,ITH4,6,Friuli-Venezia Giulia,Friuli Venezia Giulia,1215220,163387,13.45,0.33
2647,2021-03-04,FVG,3464,1601,1863,2773,662,29,ITH,ITH4,6,Friuli-Venezia Giulia,Friuli Venezia Giulia,1215220,166851,13.73,0.29
2648,2021-08-22,FVG,2063,1181,882,788,1236,39,ITH,ITH4,6,Friuli-Venezia Giulia,Friuli Venezia Giulia,1215220,168914,13.9,0.17
2649,2021-05-19,FVG,12137,5994,6143,9323,2376,438,ITH,ITH4,6,Friuli-Venezia Giulia,Friuli Venezia Giulia,1215220,181051,14.9,1.0
2650,2021-03-14,FVG,1403,554,849,1124,252,27,ITH,ITH4,6,Friuli-Venezia Giulia,Friuli Venezia Giulia,1215220,182454,15.01,0.12
2651,2021-02-06,FVG,1155,339,816,21,1133,1,ITH,ITH4,6,Friuli-Venezia Giulia,Friuli Venezia Giulia,1215220,183609,15.11,0.1
2652,2021-02-23,FVG,2652,1282,1370,2464,181,7,ITH,ITH4,6,Friuli-Venezia Giulia,Friuli Venezia Giulia,1215220,186261,15.33,0.22
2653,2021-05-17,FVG,8848,4111,4737,6073,2498,277,ITH,ITH4,6,Friuli-Venezia Giulia,Friuli Venezia Giulia,1215220,195109,16.06,0.73
2654,2021-03-09,FVG,4024,1730,2294,1243,2756,25,ITH,ITH4,6,Friuli-Venezia Giulia,Friuli Venezia Giulia,1215220,199133,16.39,0.33
2655,2021-04-04,FVG,4,2,2,2,2,0,ITH,ITH4,6,Friuli-Venezia Giulia,Friuli Venezia Giulia,1215220,199137,16.39,0.0
2656,2021-06-26,FVG,10398,5305,5093,4102,6176,120,ITH,ITH4,6,Friuli-Venezia Giulia,Friuli Venezia Giulia,1215220,209535,17.24,0.86
2657,2021-04-21,FVG,7785,3471,4314,4020,3684,81,ITH,ITH4,6,Friuli-Venezia Giulia,Friuli Venezia Giulia,1215220,217320,17.88,0.64
2658,2021-01-11,FVG,1895,613,1282,1894,0,1,ITH,ITH4,6,Friuli-Venezia Giulia,Friuli Venezia Giulia,1215220,219215,18.04,0.16
2659,2021-07-15,FVG,10096,5143,4953,945,8907,244,ITH,ITH4,6,Friuli-Venezia Giulia,Friuli Venezia Giulia,1215220,229311,18.87,0.83
2660,2021-04-23,FVG,7563,3428,4135,3521,3902,140,ITH,ITH4,6,Friuli-Venezia Giulia,Friuli Venezia Giulia,1215220,236874,19.49,0.62
2661,2021-08-01,FVG,3603,1929,1674,1480,1875,248,ITH,ITH4,6,Friuli-Venezia Giulia,Friuli Venezia Giulia,1215220,240477,19.79,0.3
2662,2021-04-16,FVG,7016,3054,3962,4938,1942,136,ITH,ITH4,6,Friuli-Venezia Giulia,Friuli Venezia Giulia,1215220,247493,20.37,0.58
2663,2021-01-06,FVG,716,265,451,716,0,0,ITH,ITH4,6,Friuli-Venezia Giulia,Friuli Venezia Giulia,1215220,248209,20.43,0.06
2664,2021-02-11,FVG,1970,679,1291,1741,225,4,ITH,ITH4,6,Friuli-Venezia Giulia,Friuli Venezia Giulia,1215220,250179,20.59,0.16
2665,2021-04-09,FVG,8057,3737,4320,6576,1305,176,ITH,ITH4,6,Friuli-Venezia Giulia,Friuli Venezia Giulia,1215220,258236,21.25,0.66
2666,2021-08-27,FVG,6188,3334,2854,1409,4567,212,ITH,ITH4,6,Friuli-Venezia Giulia,Friuli Venezia Giulia,1215220,264424,21.76,0.51
2667,2021-06-19,FVG,8575,4469,4106,1352,7157,66,ITH,ITH4,6,Friuli-Venezia Giulia,Friuli Venezia Giulia,1215220,272999,22.46,0.71
2668,2021-09-10,FVG,3980,2205,1775,661,3208,111,ITH,ITH4,6,Friuli-Venezia Giulia,Friuli Venezia Giulia,1215220,276979,22.79,0.33
2669,2021-09-08,FVG,3313,1881,1432,1570,1559,184,ITH,ITH4,6,Friuli-Venezia Giulia,Friuli Venezia Giulia,1215220,280292,23.07,0.27
2670,2021-05-31,FVG,8961,4449,4512,6474,2231,256,ITH,ITH4,6,Friuli-Venezia Giulia,Friuli Venezia Giulia,1215220,289253,23.8,0.74
2671,2021-07-27,FVG,9536,4799,4737,2651,6659,226,ITH,ITH4,6,Friuli-Venezia Giulia,Friuli Venezia Giulia,1215220,298789,24.59,0.78
2672,2021-04-08,FVG,7474,3238,4236,5407,1930,137,ITH,ITH4,6,Friuli-Venezia Giulia,Friuli Venezia Giulia,1215220,306263,25.2,0.62
2673,2021-05-21,FVG,11296,5046,6250,7912,3035,349,ITH,ITH4,6,Friuli-Venezia Giulia,Friuli Venezia Giulia,1215220,317559,26.13,0.93
2674,2021-02-10,FVG,1353,499,854,1265,88,0,ITH,ITH4,6,Friuli-Venezia Giulia,Friuli Venezia Giulia,1215220,318912,26.24,0.11
2675,2021-07-17,FVG,7393,3968,3425,620,6689,84,ITH,ITH4,6,Friuli-Venezia Giulia,Friuli Venezia Giulia,1215220,326305,26.85,0.61
2676,2021-02-01,FVG,2107,690,1417,17,2090,0,ITH,ITH4,6,Friuli-Venezia Giulia,Friuli Venezia Giulia,1215220,328412,27.02,0.17
2677,2021-08-31,FVG,7563,4047,3516,1353,6016,194,ITH,ITH4,6,Friuli-Venezia Giulia,Friuli Venezia Giulia,1215220,335975,27.65,0.62
2678,2021-05-05,FVG,9805,4280,5525,6082,3479,244,ITH,ITH4,6,Friuli-Venezia Giulia,Friuli Venezia Giulia,1215220,345780,28.45,0.81
2679,2021-01-25,FVG,1595,571,1024,200,1395,0,ITH,ITH4,6,Friuli-Venezia Giulia,Friuli Venezia Giulia,1215220,347375,28.59,0.13
2680,2021-07-01,FVG,12395,6451,5944,2640,9498,257,ITH,ITH4,6,Friuli-Venezia Giulia,Friuli Venezia Giulia,1215220,359770,29.61,1.02
2681,2021-03-23,FVG,3909,1697,2212,1743,2145,21,ITH,ITH4,6,Friuli-Venezia Giulia,Friuli Venezia Giulia,1215220,363679,29.93,0.32
2682,2021-01-16,FVG,1232,362,870,1232,0,0,ITH,ITH4,6,Friuli-Venezia Giulia,Friuli Venezia Giulia,1215220,364911,30.03,0.1
2683,2021-06-12,FVG,8240,4722,3518,6784,1162,294,ITH,ITH4,6,Friuli-Venezia Giulia,Friuli Venezia Giulia,1215220,373151,30.71,0.68
2684,2021-03-21,FVG,2676,1003,1673,2214,410,52,ITH,ITH4,6,Friuli-Venezia Giulia,Friuli Venezia Giulia,1215220,375827,30.93,0.22
2685,2021-09-12,FVG,2368,1266,1102,1439,845,84,ITH,ITH4,6,Friuli-Venezia Giulia,Friuli Venezia Giulia,1215220,378195,31.12,0.19
2686,2021-06-04,FVG,12174,6238,5936,10267,1454,453,ITH,ITH4,6,Friuli-Venezia Giulia,Friuli Venezia Giulia,1215220,390369,32.12,1.0
2687,2021-07-05,FVG,9601,4883,4718,1320,8138,143,ITH,ITH4,6,Friuli-Venezia Giulia,Friuli Venezia Giulia,1215220,399970,32.91,0.79
2688,2021-06-21,FVG,9221,4510,4711,1828,7255,138,ITH,ITH4,6,Friuli-Venezia Giulia,Friuli Venezia Giulia,1215220,409191,33.67,0.76
2689,2021-03-13,FVG,2948,1124,1824,1661,1274,13,ITH,ITH4,6,Friuli-Venezia Giulia,Friuli Venezia Giulia,1215220,412139,33.91,0.24
2690,2021-06-09,FVG,11371,5984,5387,9480,1401,490,ITH,ITH4,6,Friuli-Venezia Giulia,Friuli Venezia Giulia,1215220,423510,34.85,0.94
2691,2021-03-11,FVG,3484,1520,1964,1715,1754,15,ITH,ITH4,6,Friuli-Venezia Giulia,Friuli Venezia Giulia,1215220,426994,35.14,0.29
2692,2021-04-13,FVG,7397,3299,4098,5656,1612,129,ITH,ITH4,6,Friuli-Venezia Giulia,Friuli Venezia Giulia,1215220,434391,35.75,0.61
2693,2021-01-03,FVG,313,123,190,313,0,0,ITH,ITH4,6,Friuli-Venezia Giulia,Friuli Venezia Giulia,1215220,434704,35.77,0.03
2694,2021-02-27,FVG,3542,1206,2336,3524,1,17,ITH,ITH4,6,Friuli-Venezia Giulia,Friuli Venezia Giulia,1215220,438246,36.06,0.29
2695,2021-04-25,FVG,2382,992,1390,2188,13,181,ITH,ITH4,6,Friuli-Venezia Giulia,Friuli Venezia Giulia,1215220,440628,36.26,0.2
2696,2021-01-01,FVG,2,2,0,2,0,0,ITH,ITH4,6,Friuli-Venezia Giulia,Friuli Venezia Giulia,1215220,440630,36.26,0.0
2697,2021-01-15,FVG,2021,605,1416,2020,0,1,ITH,ITH4,6,Friuli-Venezia Giulia,Friuli Venezia Giulia,1215220,442651,36.43,0.17
2698,2021-07-24,FVG,6173,3337,2836,2918,3080,175,ITH,ITH4,6,Friuli-Venezia Giulia,Friuli Venezia Giulia,1215220,448824,36.93,0.51
2699,2021-08-24,FVG,6648,3593,3055,762,5755,131,ITH,ITH4,6,Friuli-Venezia Giulia,Friuli Venezia Giulia,1215220,455472,37.48,0.55
2700,2021-08-10,FVG,7323,4085,3238,5305,1658,360,ITH,ITH4,6,Friuli-Venezia Giulia,Friuli Venezia Giulia,1215220,462795,38.08,0.6
2701,2021-05-02,FVG,6917,3257,3660,3810,2964,143,ITH,ITH4,6,Friuli-Venezia Giulia,Friuli Venezia Giulia,1215220,469712,38.65,0.57
2702,2021-01-27,FVG,1273,427,846,450,821,2,ITH,ITH4,6,Friuli-Venezia Giulia,Friuli Venezia Giulia,1215220,470985,38.76,0.1
2703,2021-05-07,FVG,10949,5013,5936,7184,3564,201,ITH,ITH4,6,Friuli-Venezia Giulia,Friuli Venezia Giulia,1215220,481934,39.66,0.9
2704,2021-05-09,FVG,7387,3317,4070,3373,3877,137,ITH,ITH4,6,Friuli-Venezia Giulia,Friuli Venezia Giulia,1215220,489321,40.27,0.61
2705,2021-07-31,FVG,7372,3789,3583,1271,6011,90,ITH,ITH4,6,Friuli-Venezia Giulia,Friuli Venezia Giulia,1215220,496693,40.87,0.61
2706,2021-08-17,FVG,3650,1965,1685,2821,601,228,ITH,ITH4,6,Friuli-Venezia Giulia,Friuli Venezia Giulia,1215220,500343,41.17,0.3
2707,2021-05-26,FVG,13475,6729,6746,9647,3468,360,ITH,ITH4,6,Friuli-Venezia Giulia,Friuli Venezia Giulia,1215220,513818,42.28,1.11
2708,2021-02-15,FVG,2461,914,1547,2201,254,6,ITH,ITH4,6,Friuli-Venezia Giulia,Friuli Venezia Giulia,1215220,516279,42.48,0.2
2709,2021-07-03,FVG,11435,6097,5338,1097,10190,148,ITH,ITH4,6,Friuli-Venezia Giulia,Friuli Venezia Giulia,1215220,527714,43.43,0.94
2710,2021-03-25,FVG,5548,2435,3113,3332,2140,76,ITH,ITH4,6,Friuli-Venezia Giulia,Friuli Venezia Giulia,1215220,533262,43.88,0.46
2711,2021-03-30,FVG,7624,3407,4217,6286,1201,137,ITH,ITH4,6,Friuli-Venezia Giulia,Friuli Venezia Giulia,1215220,540886,44.51,0.63
2712,2021-03-01,FVG,2970,1045,1925,2892,53,25,ITH,ITH4,6,Friuli-Venezia Giulia,Friuli Venezia Giulia,1215220,543856,44.75,0.24
2713,2021-03-18,FVG,3378,1424,1954,1684,1686,8,ITH,ITH4,6,Friuli-Venezia Giulia,Friuli Venezia Giulia,1215220,547234,45.03,0.28
2714,2021-09-19,FVG,292,142,150,115,161,16,ITH,ITH4,6,Friuli-Venezia Giulia,Friuli Venezia Giulia,1215220,547526,45.06,0.02
2715,2021-06-28,FVG,9928,5003,4925,2108,7715,105,ITH,ITH4,6,Friuli-Venezia Giulia,Friuli Venezia Giulia,1215220,557454,45.87,0.82
2716,2021-03-20,FVG,3410,1414,1996,1300,2096,14,ITH,ITH4,6,Friuli-Venezia Giulia,Friuli Venezia Giulia,1215220,560864,46.15,0.28
2717,2021-01-13,FVG,2658,837,1821,2657,0,1,ITH,ITH4,6,Friuli-Venezia Giulia,Friuli Venezia Giulia,1215220,563522,46.37,0.22
2718,2021-04-06,FVG,6694,3144,3550,5427,1158,109,ITH,ITH4,6,Friuli-Venezia Giulia,Friuli Venezia Giulia,1215220,570216,46.92,0.55
2719,2020-12-27,FVG,262,149,113,261,0,1,ITH,ITH4,6,Friuli-Venezia Giulia,Friuli Venezia Giulia,1215220,570478,46.94,0.02
2720,2021-05-16,FVG,10028,4803,5225,8376,1407,245,ITH,ITH4,6,Friuli-Venezia Giulia,Friuli Venezia Giulia,1215220,580506,47.77,0.83
2721,2021-06-18,FVG,10982,5422,5560,3400,7313,269,ITH,ITH4,6,Friuli-Venezia Giulia,Friuli Venezia Giulia,1215220,591488,48.67,0.9
2722,2021-03-10,FVG,3602,1711,1891,1744,1796,62,ITH,ITH4,6,Friuli-Venezia Giulia,Friuli Venezia Giulia,1215220,595090,48.97,0.3
2723,2021-02-24,FVG,2532,1093,1439,2503,18,11,ITH,ITH4,6,Friuli-Venezia Giulia,Friuli Venezia Giulia,1215220,597622,49.18,0.21
2724,2021-07-22,FVG,7725,4107,3618,3273,4149,303,ITH,ITH4,6,Friuli-Venezia Giulia,Friuli Venezia Giulia,1215220,605347,49.81,0.64
2725,2021-01-20,FVG,754,322,432,18,736,0,ITH,ITH4,6,Friuli-Venezia Giulia,Friuli Venezia Giulia,1215220,606101,49.88,0.06
2726,2021-02-22,FVG,2494,1199,1295,2070,419,5,ITH,ITH4,6,Friuli-Venezia Giulia,Friuli Venezia Giulia,1215220,608595,50.08,0.21
2727,2021-07-10,FVG,8806,4545,4261,142,8638,26,ITH,ITH4,6,Friuli-Venezia Giulia,Friuli Venezia Giulia,1215220,617401,50.81,0.72
2728,2021-04-01,FVG,6435,3074,3361,5326,1018,91,ITH,ITH4,6,Friuli-Venezia Giulia,Friuli Venezia Giulia,1215220,623836,51.34,0.53
2729,2021-09-05,FVG,2721,1475,1246,1312,1315,94,ITH,ITH4,6,Friuli-Venezia Giulia,Friuli Venezia Giulia,1215220,626557,51.56,0.22
2730,2021-05-28,FVG,10662,5109,5553,6231,4145,286,ITH,ITH4,6,Friuli-Venezia Giulia,Friuli Venezia Giulia,1215220,637219,52.44,0.88
2731,2021-09-07,FVG,3130,1687,1443,1218,1718,194,ITH,ITH4,6,Friuli-Venezia Giulia,Friuli Venezia Giulia,1215220,640349,52.69,0.26
2732,2021-04-18,FVG,6064,2814,3250,5419,410,235,ITH,ITH4,6,Friuli-Venezia Giulia,Friuli Venezia Giulia,1215220,646413,53.19,0.5
2733,2021-01-08,FVG,2344,751,1593,2344,0,0,ITH,ITH4,6,Friuli-Venezia Giulia,Friuli Venezia Giulia,1215220,648757,53.39,0.19
2734,2021-06-14,FVG,10326,5012,5314,5184,4840,302,ITH,ITH4,6,Friuli-Venezia Giulia,Friuli Venezia Giulia,1215220,659083,54.24,0.85
2735,2021-02-20,FVG,2079,941,1138,1932,144,3,ITH,ITH4,6,Friuli-Venezia Giulia,Friuli Venezia Giulia,1215220,661162,54.41,0.17
2736,2021-01-22,FVG,117,56,61,28,89,0,ITH,ITH4,6,Friuli-Venezia Giulia,Friuli Venezia Giulia,1215220,661279,54.42,0.01
2737,2021-03-06,FVG,3514,1201,2313,3155,327,32,ITH,ITH4,6,Friuli-Venezia Giulia,Friuli Venezia Giulia,1215220,664793,54.71,0.29
2738,2021-05-14,FVG,10867,5401,5466,7927,2640,300,ITH,ITH4,6,Friuli-Venezia Giulia,Friuli Venezia Giulia,1215220,675660,55.6,0.89
2739,2021-02-03,FVG,2651,792,1859,22,2628,1,ITH,ITH4,6,Friuli-Venezia Giulia,Friuli Venezia Giulia,1215220,678311,55.82,0.22
2740,2021-02-08,FVG,2361,697,1664,90,2270,1,ITH,ITH4,6,Friuli-Venezia Giulia,Friuli Venezia Giulia,1215220,680672,56.01,0.19
2741,2021-07-29,FVG,9614,4903,4711,3229,6089,296,ITH,ITH4,6,Friuli-Venezia Giulia,Friuli Venezia Giulia,1215220,690286,56.8,0.79
2742,2021-04-20,FVG,7148,3079,4069,3098,3920,130,ITH,ITH4,6,Friuli-Venezia Giulia,Friuli Venezia Giulia,1215220,697434,57.39,0.59
2743,2021-01-10,FVG,2943,919,2024,2943,0,0,ITH,ITH4,6,Friuli-Venezia Giulia,Friuli Venezia Giulia,1215220,700377,57.63,0.24
2744,2021-07-14,FVG,10913,5582,5331,1256,9464,193,ITH,ITH4,6,Friuli-Venezia Giulia,Friuli Venezia Giulia,1215220,711290,58.53,0.9
2745,2021-04-05,FVG,2912,1449,1463,2832,16,64,ITH,ITH4,6,Friuli-Venezia Giulia,Friuli Venezia Giulia,1215220,714202,58.77,0.24
2746,2021-01-12,FVG,2273,719,1554,2273,0,0,ITH,ITH4,6,Friuli-Venezia Giulia,Friuli Venezia Giulia,1215220,716475,58.96,0.19
2747,2021-01-29,FVG,2420,815,1605,266,2154,0,ITH,ITH4,6,Friuli-Venezia Giulia,Friuli Venezia Giulia,1215220,718895,59.16,0.2
2748,2021-04-22,FVG,6802,3093,3709,3034,3696,72,ITH,ITH4,6,Friuli-Venezia Giulia,Friuli Venezia Giulia,1215220,725697,59.72,0.56
2749,2021-02-12,FVG,1196,428,768,1143,49,4,ITH,ITH4,6,Friuli-Venezia Giulia,Friuli Venezia Giulia,1215220,726893,59.82,0.1
2750,2021-07-12,FVG,10043,5158,4885,1110,8777,156,ITH,ITH4,6,Friuli-Venezia Giulia,Friuli Venezia Giulia,1215220,736936,60.64,0.83
2751,2021-02-19,FVG,3302,1321,1981,2843,442,17,ITH,ITH4,6,Friuli-Venezia Giulia,Friuli Venezia Giulia,1215220,740238,60.91,0.27
2752,2021-09-14,FVG,3896,2061,1835,931,2855,110,ITH,ITH4,6,Friuli-Venezia Giulia,Friuli Venezia Giulia,1215220,744134,61.23,0.32
2753,2021-03-27,FVG,5383,2922,2461,3923,1412,48,ITH,ITH4,6,Friuli-Venezia Giulia,Friuli Venezia Giulia,1215220,749517,61.68,0.44
2754,2021-04-15,FVG,6527,2886,3641,5091,1275,161,ITH,ITH4,6,Friuli-Venezia Giulia,Friuli Venezia Giulia,1215220,756044,62.21,0.54
2755,2021-04-29,FVG,6809,2998,3811,4014,2607,188,ITH,ITH4,6,Friuli-Venezia Giulia,Friuli Venezia Giulia,1215220,762853,62.77,0.56
2756,2021-01-05,FVG,1679,552,1127,1677,0,2,ITH,ITH4,6,Friuli-Venezia Giulia,Friuli Venezia Giulia,1215220,764532,62.91,0.14
2757,2021-06-13,FVG,8718,4538,4180,5164,3330,224,ITH,ITH4,6,Friuli-Venezia Giulia,Friuli Venezia Giulia,1215220,773250,63.63,0.72
2758,2021-07-26,FVG,8563,4269,4294,1776,6574,213,ITH,ITH4,6,Friuli-Venezia Giulia,Friuli Venezia Giulia,1215220,781813,64.34,0.7
2759,2021-04-17,FVG,7469,3240,4229,5818,1484,167,ITH,ITH4,6,Friuli-Venezia Giulia,Friuli Venezia Giulia,1215220,789282,64.95,0.61
2760,2021-07-28,FVG,10506,5358,5148,4012,6043,451,ITH,ITH4,6,Friuli-Venezia Giulia,Friuli Venezia Giulia,1215220,799788,65.81,0.86
2761,2021-08-14,FVG,207,152,55,189,4,14,ITH,ITH4,6,Friuli-Venezia Giulia,Friuli Venezia Giulia,1215220,799995,65.83,0.02
2762,2021-08-28,FVG,2899,1576,1323,1779,963,157,ITH,ITH4,6,Friuli-Venezia Giulia,Friuli Venezia Giulia,1215220,802894,66.07,0.24
2763,2021-05-06,FVG,11982,5571,6411,7714,3987,281,ITH,ITH4,6,Friuli-Venezia Giulia,Friuli Venezia Giulia,1215220,814876,67.06,0.99
2764,2021-06-02,FVG,9434,4966,4468,8818,282,334,ITH,ITH4,6,Friuli-Venezia Giulia,Friuli Venezia Giulia,1215220,824310,67.83,0.78
2765,2021-08-09,FVG,7841,4195,3646,2371,5284,186,ITH,ITH4,6,Friuli-Venezia Giulia,Friuli Venezia Giulia,1215220,832151,68.48,0.65
2766,2021-02-07,FVG,1569,482,1087,384,1184,1,ITH,ITH4,6,Friuli-Venezia Giulia,Friuli Venezia Giulia,1215220,833720,68.61,0.13
2767,2021-09-09,FVG,3746,1973,1773,1840,1682,224,ITH,ITH4,6,Friuli-Venezia Giulia,Friuli Venezia Giulia,1215220,837466,68.91,0.31
2768,2021-08-26,FVG,7534,4081,3453,1466,5833,235,ITH,ITH4,6,Friuli-Venezia Giulia,Friuli Venezia Giulia,1215220,845000,69.53,0.62
2769,2021-05-18,FVG,10871,5436,5435,8405,2104,362,ITH,ITH4,6,Friuli-Venezia Giulia,Friuli Venezia Giulia,1215220,855871,70.43,0.89
2770,2021-06-01,FVG,10147,5132,5015,7690,2129,328,ITH,ITH4,6,Friuli-Venezia Giulia,Friuli Venezia Giulia,1215220,866018,71.26,0.83
2771,2021-08-02,FVG,9042,4648,4394,2869,5916,257,ITH,ITH4,6,Friuli-Venezia Giulia,Friuli Venezia Giulia,1215220,875060,72.01,0.74
2772,2021-09-02,FVG,6993,3803,3190,1947,4800,246,ITH,ITH4,6,Friuli-Venezia Giulia,Friuli Venezia Giulia,1215220,882053,72.58,0.58
2773,2021-05-25,FVG,12962,6407,6555,9287,3328,347,ITH,ITH4,6,Friuli-Venezia Giulia,Friuli Venezia Giulia,1215220,895015,73.65,1.07
2774,2021-08-16,FVG,4824,2596,2228,2699,1876,249,ITH,ITH4,6,Friuli-Venezia Giulia,Friuli Venezia Giulia,1215220,899839,74.05,0.4
2775,2021-06-11,FVG,10947,5970,4977,9630,839,478,ITH,ITH4,6,Friuli-Venezia Giulia,Friuli Venezia Giulia,1215220,910786,74.95,0.9
2776,2021-03-03,FVG,3657,1642,2015,2350,1277,30,ITH,ITH4,6,Friuli-Venezia Giulia,Friuli Venezia Giulia,1215220,914443,75.25,0.3
2777,2021-09-04,FVG,2796,1514,1282,1601,994,201,ITH,ITH4,6,Friuli-Venezia Giulia,Friuli Venezia Giulia,1215220,917239,75.48,0.23
2778,2021-04-24,FVG,6693,2952,3741,5207,1245,241,ITH,ITH4,6,Friuli-Venezia Giulia,Friuli Venezia Giulia,1215220,923932,76.03,0.55
2779,2021-06-06,FVG,9507,4638,4869,7642,1568,297,ITH,ITH4,6,Friuli-Venezia Giulia,Friuli Venezia Giulia,1215220,933439,76.81,0.78
2780,2021-02-26,FVG,3787,2133,1654,3583,171,33,ITH,ITH4,6,Friuli-Venezia Giulia,Friuli Venezia Giulia,1215220,937226,77.12,0.31
2781,2021-02-17,FVG,2365,1006,1359,1873,489,3,ITH,ITH4,6,Friuli-Venezia Giulia,Friuli Venezia Giulia,1215220,939591,77.32,0.19
2782,2021-09-16,FVG,2817,1510,1307,369,2376,72,ITH,ITH4,6,Friuli-Venezia Giulia,Friuli Venezia Giulia,1215220,942408,77.55,0.23
2783,2021-05-30,FVG,11080,4998,6082,7237,3595,248,ITH,ITH4,6,Friuli-Venezia Giulia,Friuli Venezia Giulia,1215220,953488,78.46,0.91
2784,2021-08-07,FVG,4842,2615,2227,2780,1932,130,ITH,ITH4,6,Friuli-Venezia Giulia,Friuli Venezia Giulia,1215220,958330,78.86,0.4
2785,2021-02-05,FVG,2632,792,1840,89,2543,0,ITH,ITH4,6,Friuli-Venezia Giulia,Friuli Venezia Giulia,1215220,960962,79.08,0.22
2786,2021-04-14,FVG,7255,3135,4120,5410,1719,126,ITH,ITH4,6,Friuli-Venezia Giulia,Friuli Venezia Giulia,1215220,968217,79.67,0.6
2787,2021-07-06,FVG,11222,5858,5364,1351,9757,114,ITH,ITH4,6,Friuli-Venezia Giulia,Friuli Venezia Giulia,1215220,979439,80.6,0.92
2788,2021-07-23,FVG,9063,4646,4417,3040,5595,428,ITH,ITH4,6,Friuli-Venezia Giulia,Friuli Venezia Giulia,1215220,988502,81.34,0.75
2789,2021-07-02,FVG,11117,5748,5369,2116,8809,192,ITH,ITH4,6,Friuli-Venezia Giulia,Friuli Venezia Giulia,1215220,999619,82.26,0.91
2790,2021-06-25,FVG,11010,5533,5477,2354,8565,91,ITH,ITH4,6,Friuli-Venezia Giulia,Friuli Venezia Giulia,1215220,1010629,83.16,0.91
2791,2021-07-09,FVG,11960,6355,5605,2124,9545,291,ITH,ITH4,6,Friuli-Venezia Giulia,Friuli Venezia Giulia,1215220,1022589,84.15,0.98
2792,2021-03-17,FVG,3242,1270,1972,736,2496,10,ITH,ITH4,6,Friuli-Venezia Giulia,Friuli Venezia Giulia,1215220,1025831,84.42,0.27
2793,2021-08-21,FVG,2897,1559,1338,283,2574,40,ITH,ITH4,6,Friuli-Venezia Giulia,Friuli Venezia Giulia,1215220,1028728,84.65,0.24
2794,2021-05-13,FVG,11226,5428,5798,8743,2081,402,ITH,ITH4,6,Friuli-Venezia Giulia,Friuli Venezia Giulia,1215220,1039954,85.58,0.92
2795,2021-06-20,FVG,6528,3240,3288,1487,4940,101,ITH,ITH4,6,Friuli-Venezia Giulia,Friuli Venezia Giulia,1215220,1046482,86.11,0.54
2796,2021-03-29,FVG,7041,3134,3907,5374,1590,77,ITH,ITH4,6,Friuli-Venezia Giulia,Friuli Venezia Giulia,1215220,1053523,86.69,0.58
2797,2021-07-07,FVG,11331,5801,5530,1448,9753,130,ITH,ITH4,6,Friuli-Venezia Giulia,Friuli Venezia Giulia,1215220,1064854,87.63,0.93
2798,2021-07-21,FVG,8657,4386,4271,2046,6350,261,ITH,ITH4,6,Friuli-Venezia Giulia,Friuli Venezia Giulia,1215220,1073511,88.34,0.71
2799,2021-08-06,FVG,6461,3398,3063,2361,3933,167,ITH,ITH4,6,Friuli-Venezia Giulia,Friuli Venezia Giulia,1215220,1079972,88.87,0.53
2800,2021-02-16,FVG,2518,1136,1382,2398,116,4,ITH,ITH4,6,Friuli-Venezia Giulia,Friuli Venezia Giulia,1215220,1082490,89.08,0.21
2801,2021-03-24,FVG,3989,1728,2261,2465,1485,39,ITH,ITH4,6,Friuli-Venezia Giulia,Friuli Venezia Giulia,1215220,1086479,89.41,0.33
2802,2021-05-20,FVG,12738,6337,6401,9796,2532,410,ITH,ITH4,6,Friuli-Venezia Giulia,Friuli Venezia Giulia,1215220,1099217,90.45,1.05
2803,2021-04-03,FVG,4022,1994,2028,2621,1339,62,ITH,ITH4,6,Friuli-Venezia Giulia,Friuli Venezia Giulia,1215220,1103239,90.79,0.33
2804,2021-09-18,FVG,2653,1458,1195,753,1858,42,ITH,ITH4,6,Friuli-Venezia Giulia,Friuli Venezia Giulia,1215220,1105892,91.0,0.22
2805,2021-06-10,FVG,11595,6037,5558,9692,1486,417,ITH,ITH4,6,Friuli-Venezia Giulia,Friuli Venezia Giulia,1215220,1117487,91.96,0.95
2806,2021-09-01,FVG,8582,4695,3887,2138,6231,213,ITH,ITH4,6,Friuli-Venezia Giulia,Friuli Venezia Giulia,1215220,1126069,92.66,0.71
2807,2021-03-19,FVG,3279,1370,1909,1317,1947,15,ITH,ITH4,6,Friuli-Venezia Giulia,Friuli Venezia Giulia,1215220,1129348,92.93,0.27
2808,2021-06-27,FVG,7677,3835,3842,3690,3863,124,ITH,ITH4,6,Friuli-Venezia Giulia,Friuli Venezia Giulia,1215220,1137025,93.57,0.63
2809,2021-08-25,FVG,7900,4231,3669,3072,4464,364,ITH,ITH4,6,Friuli-Venezia Giulia,Friuli Venezia Giulia,1215220,1144925,94.22,0.65
2810,2021-06-03,FVG,12481,6768,5713,9902,2134,445,ITH,ITH4,6,Friuli-Venezia Giulia,Friuli Venezia Giulia,1215220,1157406,95.24,1.03
2811,2021-09-11,FVG,1193,674,519,608,537,48,ITH,ITH4,6,Friuli-Venezia Giulia,Friuli Venezia Giulia,1215220,1158599,95.34,0.1
2812,2021-01-19,FVG,6,2,4,6,0,0,ITH,ITH4,6,Friuli-Venezia Giulia,Friuli Venezia Giulia,1215220,1158605,95.34,0.0
2813,2021-05-27,FVG,12869,6160,6709,7393,5250,226,ITH,ITH4,6,Friuli-Venezia Giulia,Friuli Venezia Giulia,1215220,1171474,96.4,1.06
2814,2021-07-19,FVG,9450,4941,4509,853,8443,154,ITH,ITH4,6,Friuli-Venezia Giulia,Friuli Venezia Giulia,1215220,1180924,97.18,0.78
2815,2021-04-10,FVG,5062,2218,2844,3752,1231,79,ITH,ITH4,6,Friuli-Venezia Giulia,Friuli Venezia Giulia,1215220,1185986,97.59,0.42
2816,2021-05-23,FVG,10297,4869,5428,5922,4158,217,ITH,ITH4,6,Friuli-Venezia Giulia,Friuli Venezia Giulia,1215220,1196283,98.44,0.85
2817,2021-05-15,FVG,12695,6121,6574,7684,4706,305,ITH,ITH4,6,Friuli-Venezia Giulia,Friuli Venezia Giulia,1215220,1208978,99.49,1.04
2818,2021-05-01,FVG,7215,3252,3963,5909,1046,260,ITH,ITH4,6,Friuli-Venezia Giulia,Friuli Venezia Giulia,1215220,1216193,100.08,0.59
2819,2021-01-21,FVG,899,347,552,3,896,0,ITH,ITH4,6,Friuli-Venezia Giulia,Friuli Venezia Giulia,1215220,1217092,100.15,0.07
2820,2021-02-21,FVG,802,281,521,421,379,2,ITH,ITH4,6,Friuli-Venezia Giulia,Friuli Venezia Giulia,1215220,1217894,100.22,0.07
2821,2021-08-11,FVG,7944,4197,3747,5234,2375,335,ITH,ITH4,6,Friuli-Venezia Giulia,Friuli Venezia Giulia,1215220,1225838,100.87,0.65
2822,2021-05-03,FVG,7257,3303,3954,3346,3794,117,ITH,ITH4,6,Friuli-Venezia Giulia,Friuli Venezia Giulia,1215220,1233095,101.47,0.6
2823,2021-01-14,FVG,2593,794,1799,2590,0,3,ITH,ITH4,6,Friuli-Venezia Giulia,Friuli Venezia Giulia,1215220,1235688,101.68,0.21
2824,2021-08-13,FVG,3886,2180,1706,2723,968,195,ITH,ITH4,6,Friuli-Venezia Giulia,Friuli Venezia Giulia,1215220,1239574,102.0,0.32
2825,2021-06-08,FVG,10560,5537,5023,9626,501,433,ITH,ITH4,6,Friuli-Venezia Giulia,Friuli Venezia Giulia,1215220,1250134,102.87,0.87
2826,2021-02-28,FVG,2692,1005,1687,2269,394,29,ITH,ITH4,6,Friuli-Venezia Giulia,Friuli Venezia Giulia,1215220,1252826,103.09,0.22
2827,2021-08-04,FVG,9358,4839,4519,4675,4381,302,ITH,ITH4,6,Friuli-Venezia Giulia,Friuli Venezia Giulia,1215220,1262184,103.86,0.77
2828,2021-06-29,FVG,11390,5810,5580,1230,10051,109,ITH,ITH4,6,Friuli-Venezia Giulia,Friuli Venezia Giulia,1215220,1273574,104.8,0.94
2829,2021-07-16,FVG,9813,5243,4570,1703,7961,149,ITH,ITH4,6,Friuli-Venezia Giulia,Friuli Venezia Giulia,1215220,1283387,105.61,0.81
2830,2021-04-07,FVG,7861,3645,4216,6952,789,120,ITH,ITH4,6,Friuli-Venezia Giulia,Friuli Venezia Giulia,1215220,1291248,106.26,0.65
2831,2021-01-26,FVG,1979,649,1330,217,1761,1,ITH,ITH4,6,Friuli-Venezia Giulia,Friuli Venezia Giulia,1215220,1293227,106.42,0.16
2832,2021-02-09,FVG,1845,555,1290,1556,288,1,ITH,ITH4,6,Friuli-Venezia Giulia,Friuli Venezia Giulia,1215220,1295072,106.57,0.15
2833,2021-01-07,FVG,2108,726,1382,2108,0,0,ITH,ITH4,6,Friuli-Venezia Giulia,Friuli Venezia Giulia,1215220,1297180,106.74,0.17
2834,2021-03-05,FVG,3834,1544,2290,2732,1079,23,ITH,ITH4,6,Friuli-Venezia Giulia,Friuli Venezia Giulia,1215220,1301014,107.06,0.32
2835,2021-04-19,FVG,6734,3142,3592,3213,3426,95,ITH,ITH4,6,Friuli-Venezia Giulia,Friuli Venezia Giulia,1215220,1307748,107.61,0.55
2836,2021-01-09,FVG,2534,846,1688,2533,0,1,ITH,ITH4,6,Friuli-Venezia Giulia,Friuli Venezia Giulia,1215220,1310282,107.82,0.21
2837,2021-06-15,FVG,12182,6197,5985,5354,6542,286,ITH,ITH4,6,Friuli-Venezia Giulia,Friuli Venezia Giulia,1215220,1322464,108.83,1.0
2838,2021-03-07,FVG,2556,938,1618,2495,1,60,ITH,ITH4,6,Friuli-Venezia Giulia,Friuli Venezia Giulia,1215220,1325020,109.04,0.21
2839,2021-07-30,FVG,9080,4730,4350,2774,6044,262,ITH,ITH4,6,Friuli-Venezia Giulia,Friuli Venezia Giulia,1215220,1334100,109.78,0.75
2840,2021-01-28,FVG,2250,798,1452,355,1895,0,ITH,ITH4,6,Friuli-Venezia Giulia,Friuli Venezia Giulia,1215220,1336350,109.97,0.19
2841,2021-05-08,FVG,10345,4674,5671,5359,4793,193,ITH,ITH4,6,Friuli-Venezia Giulia,Friuli Venezia Giulia,1215220,1346695,110.82,0.85
2842,2021-02-14,FVG,1,0,1,0,1,0,ITH,ITH4,6,Friuli-Venezia Giulia,Friuli Venezia Giulia,1215220,1346696,110.82,0.0
2843,2021-08-18,FVG,4722,2514,2208,3016,1473,233,ITH,ITH4,6,Friuli-Venezia Giulia,Friuli Venezia Giulia,1215220,1351418,111.21,0.39
2844,2021-07-04,FVG,9362,4799,4563,2890,6215,257,ITH,ITH4,6,Friuli-Venezia Giulia,Friuli Venezia Giulia,1215220,1360780,111.98,0.77
2845,2021-03-26,FVG,6061,2634,3427,3853,2029,179,ITH,ITH4,6,Friuli-Venezia Giulia,Friuli Venezia Giulia,1215220,1366841,112.48,0.5
2846,2021-03-12,FVG,4165,1737,2428,2754,1385,26,ITH,ITH4,6,Friuli-Venezia Giulia,Friuli Venezia Giulia,1215220,1371006,112.82,0.34
2847,2021-01-02,FVG,1217,470,747,1217,0,0,ITH,ITH4,6,Friuli-Venezia Giulia,Friuli Venezia Giulia,1215220,1372223,112.92,0.1
2848,2021-04-26,FVG,5495,2468,3027,3719,1656,120,ITH,ITH4,6,Friuli-Venezia Giulia,Friuli Venezia Giulia,1215220,1377718,113.37,0.45
2849,2021-02-02,FVG,2490,816,1674,218,2272,0,ITH,ITH4,6,Friuli-Venezia Giulia,Friuli Venezia Giulia,1215220,1380208,113.58,0.2
2850,2021-03-31,FVG,8150,3574,4576,7174,850,126,ITH,ITH4,6,Friuli-Venezia Giulia,Friuli Venezia Giulia,1215220,1388358,114.25,0.67
2851,2020-12-31,FVG,1048,381,667,1047,0,1,ITH,ITH4,6,Friuli-Venezia Giulia,Friuli Venezia Giulia,1215220,1389406,114.33,0.09
2852,2021-06-17,FVG,11446,5791,5655,2279,9050,117,ITH,ITH4,6,Friuli-Venezia Giulia,Friuli Venezia Giulia,1215220,1400852,115.28,0.94
2853,2021-05-10,FVG,8011,3559,4452,6221,1546,244,ITH,ITH4,6,Friuli-Venezia Giulia,Friuli Venezia Giulia,1215220,1408863,115.93,0.66
2854,2021-04-12,FVG,7289,3197,4092,5995,1136,158,ITH,ITH4,6,Friuli-Venezia Giulia,Friuli Venezia Giulia,1215220,1416152,116.53,0.6
2855,2021-06-22,FVG,11612,5980,5632,2360,9112,140,ITH,ITH4,6,Friuli-Venezia Giulia,Friuli Venezia Giulia,1215220,1427764,117.49,0.96
2856,2020-12-30,FVG,626,244,382,626,0,0,ITH,ITH4,6,Friuli-Venezia Giulia,Friuli Venezia Giulia,1215220,1428390,117.54,0.05
2857,2021-06-05,FVG,10348,5348,5000,8388,1556,404,ITH,ITH4,6,Friuli-Venezia Giulia,Friuli Venezia Giulia,1215220,1438738,118.39,0.85
2858,2021-02-25,FVG,3179,1661,1518,3116,30,33,ITH,ITH4,6,Friuli-Venezia Giulia,Friuli Venezia Giulia,1215220,1441917,118.65,0.26
2859,2021-06-16,FVG,12206,5923,6283,3900,8040,266,ITH,ITH4,6,Friuli-Venezia Giulia,Friuli Venezia Giulia,1215220,1454123,119.66,1.0
2860,2021-08-12,FVG,7991,4283,3708,5198,2501,292,ITH,ITH4,6,Friuli-Venezia Giulia,Friuli Venezia Giulia,1215220,1462114,120.32,0.66
2861,2021-06-23,FVG,12106,5861,6245,1989,9963,154,ITH,ITH4,6,Friuli-Venezia Giulia,Friuli Venezia Giulia,1215220,1474220,121.31,1.0
2862,2021-08-19,FVG,4910,2623,2287,1755,3002,153,ITH,ITH4,6,Friuli-Venezia Giulia,Friuli Venezia Giulia,1215220,1479130,121.72,0.4
2863,2021-08-05,FVG,7147,3675,3472,3249,3695,203,ITH,ITH4,6,Friuli-Venezia Giulia,Friuli Venezia Giulia,1215220,1486277,122.31,0.59
2864,2021-04-27,FVG,8152,3742,4410,3550,4499,103,ITH,ITH4,6,Friuli-Venezia Giulia,Friuli Venezia Giulia,1215220,1494429,122.98,0.67
2865,2021-05-04,FVG,9618,4342,5276,6002,3387,229,ITH,ITH4,6,Friuli-Venezia Giulia,Friuli Venezia Giulia,1215220,1504047,123.77,0.79
2866,2021-01-24,FVG,307,121,186,2,305,0,ITH,ITH4,6,Friuli-Venezia Giulia,Friuli Venezia Giulia,1215220,1504354,123.79,0.03
2867,2021-06-30,FVG,13207,6723,6484,1386,11647,174,ITH,ITH4,6,Friuli-Venezia Giulia,Friuli Venezia Giulia,1215220,1517561,124.88,1.09
2868,2021-03-08,FVG,4135,1648,2487,2028,2092,15,ITH,ITH4,6,Friuli-Venezia Giulia,Friuli Venezia Giulia,1215220,1521696,125.22,0.34
2869,2021-03-22,FVG,3671,1455,2216,1672,1960,39,ITH,ITH4,6,Friuli-Venezia Giulia,Friuli Venezia Giulia,1215220,1525367,125.52,0.3
2870,2021-01-17,FVG,1716,522,1194,1714,0,2,ITH,ITH4,6,Friuli-Venezia Giulia,Friuli Venezia Giulia,1215220,1527083,125.66,0.14
2871,2021-03-15,FVG,3965,1814,2151,1615,2326,24,ITH,ITH4,6,Friuli-Venezia Giulia,Friuli Venezia Giulia,1215220,1531048,125.99,0.33
2872,2021-05-11,FVG,9189,4433,4756,7156,1813,220,ITH,ITH4,6,Friuli-Venezia Giulia,Friuli Venezia Giulia,1215220,1540237,126.75,0.76
2873,2021-01-31,FVG,2727,842,1885,385,2342,0,ITH,ITH4,6,Friuli-Venezia Giulia,Friuli Venezia Giulia,1215220,1542964,126.97,0.22
2874,2021-08-23,FVG,4788,2484,2304,2654,1785,349,ITH,ITH4,6,Friuli-Venezia Giulia,Friuli Venezia Giulia,1215220,1547752,127.36,0.39
2875,2021-05-29,FVG,12044,5858,6186,6781,4996,267,ITH,ITH4,6,Friuli-Venezia Giulia,Friuli Venezia Giulia,1215220,1559796,128.36,0.99
2876,2021-07-25,FVG,3903,2027,1876,1917,1879,107,ITH,ITH4,6,Friuli-Venezia Giulia,Friuli Venezia Giulia,1215220,1563699,128.68,0.32
2877,2021-07-11,FVG,6874,3591,3283,2384,4187,303,ITH,ITH4,6,Friuli-Venezia Giulia,Friuli Venezia Giulia,1215220,1570573,129.24,0.57
2878,2021-09-06,FVG,3951,2242,1709,735,3093,123,ITH,ITH4,6,Friuli-Venezia Giulia,Friuli Venezia Giulia,1215220,1574524,129.57,0.33
2879,2021-08-30,FVG,7352,3915,3437,2481,4636,235,ITH,ITH4,6,Friuli-Venezia Giulia,Friuli Venezia Giulia,1215220,1581876,130.17,0.6
2880,2021-09-13,FVG,2600,1369,1231,569,1937,94,ITH,ITH4,6,Friuli-Venezia Giulia,Friuli Venezia Giulia,1215220,1584476,130.39,0.21
2881,2021-05-22,FVG,11605,5209,6396,7085,4243,277,ITH,ITH4,6,Friuli-Venezia Giulia,Friuli Venezia Giulia,1215220,1596081,131.34,0.95
2882,2021-07-18,FVG,5473,2961,2512,439,5010,24,ITH,ITH4,6,Friuli-Venezia Giulia,Friuli Venezia Giulia,1215220,1601554,131.79,0.45
2883,2021-04-05,PUG,12787,6212,6575,12110,535,142,ITF,ITF4,16,Puglia,Puglia,4029053,12787,0.32,0.32
2884,2021-03-19,PUG,7999,3672,4327,3368,4595,36,ITF,ITF4,16,Puglia,Puglia,4029053,20786,0.52,0.2
2885,2021-06-27,PUG,18582,9232,9350,9953,8362,267,ITF,ITF4,16,Puglia,Puglia,4029053,39368,0.98,0.46
2886,2021-03-05,PUG,17751,7201,10550,15204,2319,228,ITF,ITF4,16,Puglia,Puglia,4029053,57119,1.42,0.44
2887,2021-02-26,PUG,13810,5071,8739,12528,1082,200,ITF,ITF4,16,Puglia,Puglia,4029053,70929,1.76,0.34
2888,2020-12-31,PUG,1638,785,853,1638,0,0,ITF,ITF4,16,Puglia,Puglia,4029053,72567,1.8,0.04
2889,2021-08-11,PUG,23987,12334,11653,12165,10811,1011,ITF,ITF4,16,Puglia,Puglia,4029053,96554,2.4,0.6
2890,2021-06-15,PUG,42767,20906,21861,22394,19779,594,ITF,ITF4,16,Puglia,Puglia,4029053,139321,3.46,1.06
2891,2021-09-06,PUG,21651,11328,10323,7192,13536,923,ITF,ITF4,16,Puglia,Puglia,4029053,160972,4.0,0.54
2892,2021-07-11,PUG,12197,5765,6432,2575,9524,98,ITF,ITF4,16,Puglia,Puglia,4029053,173169,4.3,0.3
2893,2021-08-23,PUG,30355,15701,14654,10649,18813,893,ITF,ITF4,16,Puglia,Puglia,4029053,203524,5.05,0.75
2894,2021-02-07,PUG,1585,669,916,253,1332,0,ITF,ITF4,16,Puglia,Puglia,4029053,205109,5.09,0.04
2895,2021-01-21,PUG,2132,905,1227,1268,862,2,ITF,ITF4,16,Puglia,Puglia,4029053,207241,5.14,0.05
2896,2021-05-01,PUG,27734,12699,15035,16735,10719,280,ITF,ITF4,16,Puglia,Puglia,4029053,234975,5.83,0.69
2897,2021-08-09,PUG,28042,14459,13583,11340,15838,864,ITF,ITF4,16,Puglia,Puglia,4029053,263017,6.53,0.7
2898,2021-01-02,PUG,2958,1306,1652,2958,0,0,ITF,ITF4,16,Puglia,Puglia,4029053,265975,6.6,0.07
2899,2021-02-09,PUG,3856,1576,2280,2159,1677,20,ITF,ITF4,16,Puglia,Puglia,4029053,269831,6.7,0.1
2900,2021-05-20,PUG,33748,15314,18434,20767,12466,515,ITF,ITF4,16,Puglia,Puglia,4029053,303579,7.53,0.84
2901,2021-03-24,PUG,13631,6542,7089,6047,7463,121,ITF,ITF4,16,Puglia,Puglia,4029053,317210,7.87,0.34
2902,2021-08-28,PUG,5722,3133,2589,2011,3523,188,ITF,ITF4,16,Puglia,Puglia,4029053,322932,8.02,0.14
2903,2021-01-26,PUG,5382,2409,2973,563,4818,1,ITF,ITF4,16,Puglia,Puglia,4029053,328314,8.15,0.13
2904,2021-07-02,PUG,47504,22583,24921,17373,29202,929,ITF,ITF4,16,Puglia,Puglia,4029053,375818,9.33,1.18
2905,2021-01-12,PUG,4224,1775,2449,4223,0,1,ITF,ITF4,16,Puglia,Puglia,4029053,380042,9.43,0.1
2906,2021-04-07,PUG,15754,7152,8602,8841,6714,199,ITF,ITF4,16,Puglia,Puglia,4029053,395796,9.82,0.39
2907,2021-07-16,PUG,46631,22634,23997,12941,32875,815,ITF,ITF4,16,Puglia,Puglia,4029053,442427,10.98,1.16
2908,2021-04-19,PUG,27772,12903,14869,24379,3053,340,ITF,ITF4,16,Puglia,Puglia,4029053,470199,11.67,0.69
2909,2021-07-28,PUG,45417,22969,22448,14721,29807,889,ITF,ITF4,16,Puglia,Puglia,4029053,515616,12.8,1.13
2910,2021-04-24,PUG,29471,13427,16044,25174,3959,338,ITF,ITF4,16,Puglia,Puglia,4029053,545087,13.53,0.73
2911,2021-02-21,PUG,2178,475,1703,2064,63,51,ITF,ITF4,16,Puglia,Puglia,4029053,547265,13.58,0.05
2912,2021-06-01,PUG,35069,17564,17505,21654,13017,398,ITF,ITF4,16,Puglia,Puglia,4029053,582334,14.45,0.87
2913,2021-05-15,PUG,43741,19048,24693,22841,20185,715,ITF,ITF4,16,Puglia,Puglia,4029053,626075,15.54,1.09
2914,2021-06-03,PUG,50738,24608,26130,30561,19449,728,ITF,ITF4,16,Puglia,Puglia,4029053,676813,16.8,1.26
2915,2021-09-11,PUG,4599,2509,2090,1158,3243,198,ITF,ITF4,16,Puglia,Puglia,4029053,681412,16.91,0.11
2916,2021-03-10,PUG,14873,6652,8221,11569,3140,164,ITF,ITF4,16,Puglia,Puglia,4029053,696285,17.28,0.37
2917,2021-06-08,PUG,39423,19195,20228,20957,17901,565,ITF,ITF4,16,Puglia,Puglia,4029053,735708,18.26,0.98
2918,2021-06-13,PUG,21897,10966,10931,16384,5227,286,ITF,ITF4,16,Puglia,Puglia,4029053,757605,18.8,0.54
2919,2021-02-28,PUG,6084,1812,4272,5815,191,78,ITF,ITF4,16,Puglia,Puglia,4029053,763689,18.95,0.15
2920,2021-02-14,PUG,790,348,442,658,127,5,ITF,ITF4,16,Puglia,Puglia,4029053,764479,18.97,0.02
2921,2021-05-25,PUG,34873,16281,18592,20582,13704,587,ITF,ITF4,16,Puglia,Puglia,4029053,799352,19.84,0.87
2922,2021-05-08,PUG,54504,23072,31432,23940,29963,601,ITF,ITF4,16,Puglia,Puglia,4029053,853856,21.19,1.35
2923,2021-08-16,PUG,12088,6412,5676,7077,4374,637,ITF,ITF4,16,Puglia,Puglia,4029053,865944,21.49,0.3
2924,2021-04-12,PUG,29508,13879,15629,26162,3028,318,ITF,ITF4,16,Puglia,Puglia,4029053,895452,22.22,0.73
2925,2021-07-21,PUG,45098,22230,22868,11869,32380,849,ITF,ITF4,16,Puglia,Puglia,4029053,940550,23.34,1.12
2926,2021-07-04,PUG,19962,9710,10252,7936,11741,285,ITF,ITF4,16,Puglia,Puglia,4029053,960512,23.84,0.5
2927,2021-07-23,PUG,43410,21964,21446,13661,28771,978,ITF,ITF4,16,Puglia,Puglia,4029053,1003922,24.92,1.08
2928,2021-01-19,PUG,1221,452,769,1210,10,1,ITF,ITF4,16,Puglia,Puglia,4029053,1005143,24.95,0.03
2929,2021-05-06,PUG,39799,17410,22389,19302,19936,561,ITF,ITF4,16,Puglia,Puglia,4029053,1044942,25.94,0.99
2930,2021-03-31,PUG,14591,6840,7751,8843,5594,154,ITF,ITF4,16,Puglia,Puglia,4029053,1059533,26.3,0.36
2931,2021-07-30,PUG,36481,18744,17737,13166,22437,878,ITF,ITF4,16,Puglia,Puglia,4029053,1096014,27.2,0.91
2932,2021-09-18,PUG,3007,1626,1381,818,2084,105,ITF,ITF4,16,Puglia,Puglia,4029053,1099021,27.28,0.07
2933,2021-05-27,PUG,41046,19403,21643,22901,17470,675,ITF,ITF4,16,Puglia,Puglia,4029053,1140067,28.3,1.02
2934,2021-09-04,PUG,5531,2994,2537,1649,3702,180,ITF,ITF4,16,Puglia,Puglia,4029053,1145598,28.43,0.14
2935,2021-08-18,PUG,20203,10692,9511,10714,8566,923,ITF,ITF4,16,Puglia,Puglia,4029053,1165801,28.93,0.5
2936,2021-08-30,PUG,28537,14851,13686,11538,15969,1030,ITF,ITF4,16,Puglia,Puglia,4029053,1194338,29.64,0.71
2937,2021-01-31,PUG,1828,835,993,73,1755,0,ITF,ITF4,16,Puglia,Puglia,4029053,1196166,29.69,0.05
2938,2021-05-29,PUG,30731,14486,16245,20621,9563,547,ITF,ITF4,16,Puglia,Puglia,4029053,1226897,30.45,0.76
2939,2021-04-02,PUG,12875,6014,6861,8192,4531,152,ITF,ITF4,16,Puglia,Puglia,4029053,1239772,30.77,0.32
2940,2021-05-12,PUG,36681,16358,20323,23539,12554,588,ITF,ITF4,16,Puglia,Puglia,4029053,1276453,31.68,0.91
2941,2021-08-20,PUG,17951,9329,8622,8231,8974,746,ITF,ITF4,16,Puglia,Puglia,4029053,1294404,32.13,0.45
2942,2021-01-23,PUG,3044,1295,1749,880,2162,2,ITF,ITF4,16,Puglia,Puglia,4029053,1297448,32.2,0.08
2943,2021-05-03,PUG,33445,14950,18495,22173,10702,570,ITF,ITF4,16,Puglia,Puglia,4029053,1330893,33.03,0.83
2944,2021-03-07,PUG,4996,2007,2989,4370,578,48,ITF,ITF4,16,Puglia,Puglia,4029053,1335889,33.16,0.12
2945,2021-01-14,PUG,4086,1597,2489,4085,0,1,ITF,ITF4,16,Puglia,Puglia,4029053,1339975,33.26,0.1
2946,2021-01-07,PUG,5737,2470,3267,5737,0,0,ITF,ITF4,16,Puglia,Puglia,4029053,1345712,33.4,0.14
2947,2021-04-17,PUG,40108,19009,21099,36084,3593,431,ITF,ITF4,16,Puglia,Puglia,4029053,1385820,34.4,1.0
2948,2021-02-19,PUG,4762,2030,2732,4314,393,55,ITF,ITF4,16,Puglia,Puglia,4029053,1390582,34.51,0.12
2949,2021-06-22,PUG,42594,20665,21929,19064,22958,572,ITF,ITF4,16,Puglia,Puglia,4029053,1433176,35.57,1.06
2950,2021-04-26,PUG,26373,12086,14287,22734,3245,394,ITF,ITF4,16,Puglia,Puglia,4029053,1459549,36.23,0.65
2951,2021-08-04,PUG,35352,18017,17335,12470,21823,1059,ITF,ITF4,16,Puglia,Puglia,4029053,1494901,37.1,0.88
2952,2021-03-29,PUG,13591,6633,6958,6617,6772,202,ITF,ITF4,16,Puglia,Puglia,4029053,1508492,37.44,0.34
2953,2021-03-12,PUG,14333,6466,7867,10238,3950,145,ITF,ITF4,16,Puglia,Puglia,4029053,1522825,37.8,0.36
2954,2021-06-20,PUG,21638,10872,10766,14066,7246,326,ITF,ITF4,16,Puglia,Puglia,4029053,1544463,38.33,0.54
2955,2021-09-03,PUG,21418,11070,10348,8452,11770,1196,ITF,ITF4,16,Puglia,Puglia,4029053,1565881,38.86,0.53
2956,2021-06-12,PUG,34682,17280,17402,25091,8996,595,ITF,ITF4,16,Puglia,Puglia,4029053,1600563,39.73,0.86
2957,2021-07-08,PUG,41656,19321,22335,5419,35777,460,ITF,ITF4,16,Puglia,Puglia,4029053,1642219,40.76,1.03
2958,2021-01-04,PUG,4514,2017,2497,4512,0,2,ITF,ITF4,16,Puglia,Puglia,4029053,1646733,40.87,0.11
2959,2021-03-02,PUG,16437,6111,10326,14874,1311,252,ITF,ITF4,16,Puglia,Puglia,4029053,1663170,41.28,0.41
2960,2021-06-10,PUG,47294,23255,24039,29420,17154,720,ITF,ITF4,16,Puglia,Puglia,4029053,1710464,42.45,1.17
2961,2021-04-04,PUG,6002,2979,3023,5913,7,82,ITF,ITF4,16,Puglia,Puglia,4029053,1716466,42.6,0.15
2962,2021-07-13,PUG,48865,23040,25825,7772,40508,585,ITF,ITF4,16,Puglia,Puglia,4029053,1765331,43.82,1.21
2963,2021-03-21,PUG,2697,1227,1470,577,2108,12,ITF,ITF4,16,Puglia,Puglia,4029053,1768028,43.88,0.07
2964,2021-06-29,PUG,46796,22443,24353,15363,30739,694,ITF,ITF4,16,Puglia,Puglia,4029053,1814824,45.04,1.16
2965,2021-04-16,PUG,36170,16999,19171,32450,3291,429,ITF,ITF4,16,Puglia,Puglia,4029053,1850994,45.94,0.9
2966,2021-02-18,PUG,4390,1850,2540,3719,610,61,ITF,ITF4,16,Puglia,Puglia,4029053,1855384,46.05,0.11
2967,2021-07-25,PUG,14327,7410,6917,4275,9846,206,ITF,ITF4,16,Puglia,Puglia,4029053,1869711,46.41,0.36
2968,2021-01-28,PUG,5490,2286,3204,441,5049,0,ITF,ITF4,16,Puglia,Puglia,4029053,1875201,46.54,0.14
2969,2021-08-15,PUG,58,35,23,57,1,0,ITF,ITF4,16,Puglia,Puglia,4029053,1875259,46.54,0.0
2970,2021-02-04,PUG,5943,2367,3576,1132,4807,4,ITF,ITF4,16,Puglia,Puglia,4029053,1881202,46.69,0.15
2971,2021-05-17,PUG,32997,15295,17702,20468,12026,503,ITF,ITF4,16,Puglia,Puglia,4029053,1914199,47.51,0.82
2972,2021-08-25,PUG,25724,13504,12220,10326,14455,943,ITF,ITF4,16,Puglia,Puglia,4029053,1939923,48.15,0.64
2973,2021-08-08,PUG,5124,2602,2522,1657,3418,49,ITF,ITF4,16,Puglia,Puglia,4029053,1945047,48.28,0.13
2974,2021-03-16,PUG,9898,4699,5199,3454,6385,59,ITF,ITF4,16,Puglia,Puglia,4029053,1954945,48.52,0.25
2975,2021-06-24,PUG,53110,25693,27417,23614,28710,786,ITF,ITF4,16,Puglia,Puglia,4029053,2008055,49.84,1.32
2976,2021-04-28,PUG,19897,8923,10974,14838,4796,263,ITF,ITF4,16,Puglia,Puglia,4029053,2027952,50.33,0.49
2977,2021-08-06,PUG,30448,15870,14578,9196,20496,756,ITF,ITF4,16,Puglia,Puglia,4029053,2058400,51.09,0.76
2978,2021-03-26,PUG,12048,5868,6180,7225,4681,142,ITF,ITF4,16,Puglia,Puglia,4029053,2070448,51.39,0.3
2979,2021-03-09,PUG,13705,6125,7580,11499,2022,184,ITF,ITF4,16,Puglia,Puglia,4029053,2084153,51.73,0.34
2980,2021-04-14,PUG,32096,15139,16957,28481,3307,308,ITF,ITF4,16,Puglia,Puglia,4029053,2116249,52.52,0.8
2981,2021-03-28,PUG,3552,1660,1892,1179,2337,36,ITF,ITF4,16,Puglia,Puglia,4029053,2119801,52.61,0.09
2982,2021-07-06,PUG,42458,19549,22909,6095,35946,417,ITF,ITF4,16,Puglia,Puglia,4029053,2162259,53.67,1.05
2983,2021-06-19,PUG,34850,17479,17371,22230,11964,656,ITF,ITF4,16,Puglia,Puglia,4029053,2197109,54.53,0.86
2984,2021-08-27,PUG,23897,12522,11375,9979,12975,943,ITF,ITF4,16,Puglia,Puglia,4029053,2221006,55.12,0.59
2985,2021-02-23,PUG,9403,4435,4968,8813,497,93,ITF,ITF4,16,Puglia,Puglia,4029053,2230409,55.36,0.23
2986,2021-04-23,PUG,29646,13780,15866,23932,5298,416,ITF,ITF4,16,Puglia,Puglia,4029053,2260055,56.09,0.74
2987,2021-08-01,PUG,12437,6515,5922,4325,7991,121,ITF,ITF4,16,Puglia,Puglia,4029053,2272492,56.4,0.31
2988,2021-03-18,PUG,9634,4377,5257,3347,6221,66,ITF,ITF4,16,Puglia,Puglia,4029053,2282126,56.64,0.24
2989,2021-06-26,PUG,32486,16364,16122,15892,16022,572,ITF,ITF4,16,Puglia,Puglia,4029053,2314612,57.45,0.81
2990,2021-03-04,PUG,15403,6118,9285,13727,1440,236,ITF,ITF4,16,Puglia,Puglia,4029053,2330015,57.83,0.38
2991,2021-01-11,PUG,3760,1592,2168,3759,0,1,ITF,ITF4,16,Puglia,Puglia,4029053,2333775,57.92,0.09
2992,2021-04-21,PUG,23178,10702,12476,19128,3748,302,ITF,ITF4,16,Puglia,Puglia,4029053,2356953,58.5,0.58
2993,2021-05-24,PUG,36250,17100,19150,24514,11124,612,ITF,ITF4,16,Puglia,Puglia,4029053,2393203,59.4,0.9
2994,2021-09-01,PUG,24833,12886,11947,9861,13905,1067,ITF,ITF4,16,Puglia,Puglia,4029053,2418036,60.01,0.62
2995,2021-02-16,PUG,3394,1457,1937,2713,649,32,ITF,ITF4,16,Puglia,Puglia,4029053,2421430,60.1,0.08
2996,2021-01-30,PUG,5544,2516,3028,380,5163,1,ITF,ITF4,16,Puglia,Puglia,4029053,2426974,60.24,0.14
2997,2021-05-10,PUG,37946,16768,21178,19301,18115,530,ITF,ITF4,16,Puglia,Puglia,4029053,2464920,61.18,0.94
2998,2021-01-09,PUG,4900,2252,2648,4896,0,4,ITF,ITF4,16,Puglia,Puglia,4029053,2469820,61.3,0.12
2999,2021-07-01,PUG,48578,22746,25832,11452,36491,635,ITF,ITF4,16,Puglia,Puglia,4029053,2518398,62.51,1.21
3000,2021-03-14,PUG,3385,1466,1919,2474,868,43,ITF,ITF4,16,Puglia,Puglia,4029053,2521783,62.59,0.08
3001,2021-01-16,PUG,2510,1035,1475,2509,0,1,ITF,ITF4,16,Puglia,Puglia,4029053,2524293,62.65,0.06
3002,2021-04-09,PUG,22192,9565,12627,17094,4709,389,ITF,ITF4,16,Puglia,Puglia,4029053,2546485,63.2,0.55
3003,2021-09-13,PUG,19687,10310,9377,5389,13557,741,ITF,ITF4,16,Puglia,Puglia,4029053,2566172,63.69,0.49
3004,2021-02-11,PUG,3700,1401,2299,2392,1280,28,ITF,ITF4,16,Puglia,Puglia,4029053,2569872,63.78,0.09
3005,2021-07-18,PUG,18850,9653,9197,6195,12316,339,ITF,ITF4,16,Puglia,Puglia,4029053,2588722,64.25,0.47
3006,2021-05-22,PUG,34798,15927,18871,23659,10593,546,ITF,ITF4,16,Puglia,Puglia,4029053,2623520,65.12,0.86
3007,2021-02-25,PUG,12006,5075,6931,10684,1185,137,ITF,ITF4,16,Puglia,Puglia,4029053,2635526,65.41,0.3
3008,2021-05-05,PUG,39378,17287,22091,24507,14275,596,ITF,ITF4,16,Puglia,Puglia,4029053,2674904,66.39,0.98
3009,2021-08-13,PUG,13806,7337,6469,7301,5913,592,ITF,ITF4,16,Puglia,Puglia,4029053,2688710,66.73,0.34
3010,2021-06-17,PUG,42991,21006,21985,21407,21021,563,ITF,ITF4,16,Puglia,Puglia,4029053,2731701,67.8,1.07
3011,2021-01-18,PUG,1849,772,1077,1497,351,1,ITF,ITF4,16,Puglia,Puglia,4029053,2733550,67.85,0.05
3012,2021-02-06,PUG,4558,1936,2622,1579,2964,15,ITF,ITF4,16,Puglia,Puglia,4029053,2738108,67.96,0.11
3013,2021-01-20,PUG,1547,541,1006,1537,8,2,ITF,ITF4,16,Puglia,Puglia,4029053,2739655,68.0,0.04
3014,2021-04-30,PUG,35075,15717,19358,22483,12021,571,ITF,ITF4,16,Puglia,Puglia,4029053,2774730,68.87,0.87
3015,2021-04-13,PUG,28804,13662,15142,24943,3543,318,ITF,ITF4,16,Puglia,Puglia,4029053,2803534,69.58,0.71
3016,2021-07-22,PUG,47680,23643,24037,8475,38516,689,ITF,ITF4,16,Puglia,Puglia,4029053,2851214,70.77,1.18
3017,2021-06-21,PUG,42002,20480,21522,21485,19879,638,ITF,ITF4,16,Puglia,Puglia,4029053,2893216,71.81,1.04
3018,2021-09-12,PUG,1227,652,575,404,772,51,ITF,ITF4,16,Puglia,Puglia,4029053,2894443,71.84,0.03
3019,2021-05-21,PUG,39279,18660,20619,28284,10201,794,ITF,ITF4,16,Puglia,Puglia,4029053,2933722,72.81,0.97
3020,2021-08-31,PUG,24864,12803,12061,8307,15706,851,ITF,ITF4,16,Puglia,Puglia,4029053,2958586,73.43,0.62
3021,2021-06-09,PUG,42049,20820,21229,29990,11346,713,ITF,ITF4,16,Puglia,Puglia,4029053,3000635,74.47,1.04
3022,2021-02-15,PUG,3271,1273,1998,2602,624,45,ITF,ITF4,16,Puglia,Puglia,4029053,3003906,74.56,0.08
3023,2021-05-26,PUG,38766,18626,20140,26261,11848,657,ITF,ITF4,16,Puglia,Puglia,4029053,3042672,75.52,0.96
3024,2021-01-27,PUG,4607,1946,2661,617,3990,0,ITF,ITF4,16,Puglia,Puglia,4029053,3047279,75.63,0.11
3025,2021-05-07,PUG,50295,22443,27852,25960,23717,618,ITF,ITF4,16,Puglia,Puglia,4029053,3097574,76.88,1.25
3026,2021-03-30,PUG,12458,5973,6485,6199,6103,156,ITF,ITF4,16,Puglia,Puglia,4029053,3110032,77.19,0.31
3027,2021-02-01,PUG,3981,1668,2313,353,3627,1,ITF,ITF4,16,Puglia,Puglia,4029053,3114013,77.29,0.1
3028,2021-07-17,PUG,30873,15502,15371,9536,20708,629,ITF,ITF4,16,Puglia,Puglia,4029053,3144886,78.06,0.77
3029,2021-05-14,PUG,45129,20624,24505,28013,16250,866,ITF,ITF4,16,Puglia,Puglia,4029053,3190015,79.18,1.12
3030,2021-08-22,PUG,1479,770,709,530,924,25,ITF,ITF4,16,Puglia,Puglia,4029053,3191494,79.21,0.04
3031,2021-06-05,PUG,42714,20923,21791,29223,12771,720,ITF,ITF4,16,Puglia,Puglia,4029053,3234208,80.27,1.06
3032,2021-08-05,PUG,34524,17397,17127,9546,24107,871,ITF,ITF4,16,Puglia,Puglia,4029053,3268732,81.13,0.86
3033,2021-01-06,PUG,3968,1680,2288,3967,0,1,ITF,ITF4,16,Puglia,Puglia,4029053,3272700,81.23,0.1
3034,2021-09-17,PUG,14186,7564,6622,3908,9717,561,ITF,ITF4,16,Puglia,Puglia,4029053,3286886,81.58,0.35
3035,2021-08-17,PUG,19990,10370,9620,9307,9981,702,ITF,ITF4,16,Puglia,Puglia,4029053,3306876,82.08,0.5
3036,2021-02-13,PUG,3733,1461,2272,3021,696,16,ITF,ITF4,16,Puglia,Puglia,4029053,3310609,82.17,0.09
3037,2021-07-05,PUG,39001,18302,20699,7223,31222,556,ITF,ITF4,16,Puglia,Puglia,4029053,3349610,83.14,0.97
3038,2021-05-02,PUG,21367,9681,11686,13905,7280,182,ITF,ITF4,16,Puglia,Puglia,4029053,3370977,83.67,0.53
3039,2021-08-10,PUG,27418,14294,13124,14178,12087,1153,ITF,ITF4,16,Puglia,Puglia,4029053,3398395,84.35,0.68
3040,2021-07-24,PUG,26786,13899,12887,8005,18309,472,ITF,ITF4,16,Puglia,Puglia,4029053,3425181,85.01,0.66
3041,2021-08-24,PUG,25126,12859,12267,9310,14987,829,ITF,ITF4,16,Puglia,Puglia,4029053,3450307,85.64,0.62
3042,2021-03-11,PUG,14874,6608,8266,11471,3195,208,ITF,ITF4,16,Puglia,Puglia,4029053,3465181,86.0,0.37
3043,2021-06-02,PUG,27120,13259,13861,21919,4845,356,ITF,ITF4,16,Puglia,Puglia,4029053,3492301,86.68,0.67
3044,2021-09-10,PUG,19384,10122,9262,6146,12177,1061,ITF,ITF4,16,Puglia,Puglia,4029053,3511685,87.16,0.48
3045,2021-05-19,PUG,26517,12815,13702,19573,6504,440,ITF,ITF4,16,Puglia,Puglia,4029053,3538202,87.82,0.66
3046,2021-03-23,PUG,11162,5666,5496,4529,6536,97,ITF,ITF4,16,Puglia,Puglia,4029053,3549364,88.09,0.28
3047,2021-09-05,PUG,3204,1751,1453,963,2119,122,ITF,ITF4,16,Puglia,Puglia,4029053,3552568,88.17,0.08
3048,2021-03-25,PUG,11793,6048,5745,5261,6428,104,ITF,ITF4,16,Puglia,Puglia,4029053,3564361,88.47,0.29
3049,2021-08-29,PUG,1289,665,624,422,839,28,ITF,ITF4,16,Puglia,Puglia,4029053,3565650,88.5,0.03
3050,2021-07-03,PUG,33341,16705,16636,13467,19368,506,ITF,ITF4,16,Puglia,Puglia,4029053,3598991,89.33,0.83
3051,2021-07-29,PUG,43089,21787,21302,12287,30009,793,ITF,ITF4,16,Puglia,Puglia,4029053,3642080,90.4,1.07
3052,2021-01-13,PUG,4557,1735,2822,4556,0,1,ITF,ITF4,16,Puglia,Puglia,4029053,3646637,90.51,0.11
3053,2021-04-06,PUG,13874,6266,7608,6925,6774,175,ITF,ITF4,16,Puglia,Puglia,4029053,3660511,90.85,0.34
3054,2021-07-15,PUG,44960,21762,23198,8890,35391,679,ITF,ITF4,16,Puglia,Puglia,4029053,3705471,91.97,1.12
3055,2021-07-14,PUG,46318,22214,24104,13374,32106,838,ITF,ITF4,16,Puglia,Puglia,4029053,3751789,93.12,1.15
3056,2021-08-12,PUG,19642,10495,9147,11178,7568,896,ITF,ITF4,16,Puglia,Puglia,4029053,3771431,93.61,0.49
3057,2021-06-16,PUG,42206,20769,21437,26929,14546,731,ITF,ITF4,16,Puglia,Puglia,4029053,3813637,94.65,1.05
3058,2021-06-28,PUG,48769,23653,25116,21667,26305,797,ITF,ITF4,16,Puglia,Puglia,4029053,3862406,95.86,1.21
3059,2021-09-19,PUG,329,195,134,111,196,22,ITF,ITF4,16,Puglia,Puglia,4029053,3862735,95.87,0.01
3060,2021-02-08,PUG,4012,1622,2390,1583,2414,15,ITF,ITF4,16,Puglia,Puglia,4029053,3866747,95.97,0.1
3061,2021-02-10,PUG,3660,1444,2216,2127,1513,20,ITF,ITF4,16,Puglia,Puglia,4029053,3870407,96.06,0.09
3062,2021-05-23,PUG,17990,8413,9577,13888,3841,261,ITF,ITF4,16,Puglia,Puglia,4029053,3888397,96.51,0.45
3063,2020-12-30,PUG,1,0,1,1,0,0,ITF,ITF4,16,Puglia,Puglia,4029053,3888398,96.51,0.0
3064,2021-03-22,PUG,9994,5144,4850,4251,5671,72,ITF,ITF4,16,Puglia,Puglia,4029053,3898392,96.76,0.25
3065,2021-01-24,PUG,1674,754,920,151,1523,0,ITF,ITF4,16,Puglia,Puglia,4029053,3900066,96.8,0.04
3066,2021-06-30,PUG,47978,23273,24705,18847,28272,859,ITF,ITF4,16,Puglia,Puglia,4029053,3948044,97.99,1.19
3067,2021-03-15,PUG,12365,6161,6204,5741,6518,106,ITF,ITF4,16,Puglia,Puglia,4029053,3960409,98.3,0.31
3068,2021-08-19,PUG,17892,9325,8567,8781,8391,720,ITF,ITF4,16,Puglia,Puglia,4029053,3978301,98.74,0.44
3069,2021-01-17,PUG,1312,593,719,1242,70,0,ITF,ITF4,16,Puglia,Puglia,4029053,3979613,98.77,0.03
3070,2021-06-23,PUG,29474,14401,15073,16947,11915,612,ITF,ITF4,16,Puglia,Puglia,4029053,4009087,99.5,0.73
3071,2021-04-27,PUG,26745,12103,14642,20786,5628,331,ITF,ITF4,16,Puglia,Puglia,4029053,4035832,100.17,0.66
3072,2021-06-18,PUG,47921,23587,24334,28885,18108,928,ITF,ITF4,16,Puglia,Puglia,4029053,4083753,101.36,1.19
3073,2021-09-09,PUG,18423,9581,8842,5141,12499,783,ITF,ITF4,16,Puglia,Puglia,4029053,4102176,101.81,0.46
3074,2021-08-02,PUG,39818,20184,19634,14227,24368,1223,ITF,ITF4,16,Puglia,Puglia,4029053,4141994,102.8,0.99
3075,2021-03-01,PUG,15143,5885,9258,13603,1386,154,ITF,ITF4,16,Puglia,Puglia,4029053,4157137,103.18,0.38
3076,2021-09-02,PUG,23200,12062,11138,7445,14881,874,ITF,ITF4,16,Puglia,Puglia,4029053,4180337,103.75,0.58
3077,2021-01-10,PUG,2351,1062,1289,2351,0,0,ITF,ITF4,16,Puglia,Puglia,4029053,4182688,103.81,0.06
3078,2021-03-13,PUG,10489,4141,6348,8573,1817,99,ITF,ITF4,16,Puglia,Puglia,4029053,4193177,104.07,0.26
3079,2021-02-24,PUG,10073,4719,5354,9378,597,98,ITF,ITF4,16,Puglia,Puglia,4029053,4203250,104.32,0.25
3080,2021-06-04,PUG,52920,25610,27310,34230,17864,826,ITF,ITF4,16,Puglia,Puglia,4029053,4256170,105.64,1.31
3081,2021-05-18,PUG,29006,13489,15517,15780,12921,305,ITF,ITF4,16,Puglia,Puglia,4029053,4285176,106.36,0.72
3082,2021-08-26,PUG,20300,10476,9824,8686,10734,880,ITF,ITF4,16,Puglia,Puglia,4029053,4305476,106.86,0.5
3083,2021-01-25,PUG,3839,1686,2153,425,3413,1,ITF,ITF4,16,Puglia,Puglia,4029053,4309315,106.96,0.1
3084,2021-07-10,PUG,22430,11047,11383,4456,17676,298,ITF,ITF4,16,Puglia,Puglia,4029053,4331745,107.51,0.56
3085,2021-05-09,PUG,30871,12670,18201,14798,15693,380,ITF,ITF4,16,Puglia,Puglia,4029053,4362616,108.28,0.77
3086,2021-04-22,PUG,23078,10559,12519,17745,4949,384,ITF,ITF4,16,Puglia,Puglia,4029053,4385694,108.85,0.57
3087,2021-07-31,PUG,20050,10655,9395,7911,11659,480,ITF,ITF4,16,Puglia,Puglia,4029053,4405744,109.35,0.5
3088,2021-02-12,PUG,4215,1672,2543,3098,1094,23,ITF,ITF4,16,Puglia,Puglia,4029053,4409959,109.45,0.1
3089,2021-02-17,PUG,4298,1756,2542,3618,640,40,ITF,ITF4,16,Puglia,Puglia,4029053,4414257,109.56,0.11
3090,2021-05-28,PUG,44171,20907,23264,27442,15924,805,ITF,ITF4,16,Puglia,Puglia,4029053,4458428,110.66,1.1
3091,2021-07-26,PUG,48042,23981,24061,17123,29998,921,ITF,ITF4,16,Puglia,Puglia,4029053,4506470,111.85,1.19
3092,2021-05-30,PUG,21065,10080,10985,15731,5077,257,ITF,ITF4,16,Puglia,Puglia,4029053,4527535,112.37,0.52
3093,2021-01-03,PUG,2010,944,1066,2009,0,1,ITF,ITF4,16,Puglia,Puglia,4029053,4529545,112.42,0.05
3094,2021-03-27,PUG,12186,5726,6460,6882,5192,112,ITF,ITF4,16,Puglia,Puglia,4029053,4541731,112.72,0.3
3095,2021-01-05,PUG,5119,2257,2862,5116,0,3,ITF,ITF4,16,Puglia,Puglia,4029053,4546850,112.85,0.13
3096,2021-04-15,PUG,32806,15308,17498,28618,3786,402,ITF,ITF4,16,Puglia,Puglia,4029053,4579656,113.67,0.81
3097,2021-07-07,PUG,38814,18580,20234,6082,32220,512,ITF,ITF4,16,Puglia,Puglia,4029053,4618470,114.63,0.96
3098,2021-05-11,PUG,32770,14487,18283,13706,18572,492,ITF,ITF4,16,Puglia,Puglia,4029053,4651240,115.44,0.81
3099,2021-05-04,PUG,35247,14911,20336,18250,16575,422,ITF,ITF4,16,Puglia,Puglia,4029053,4686487,116.32,0.87
3100,2021-03-08,PUG,15024,6447,8577,12446,2417,161,ITF,ITF4,16,Puglia,Puglia,4029053,4701511,116.69,0.37
3101,2021-04-20,PUG,21237,9862,11375,17475,3492,270,ITF,ITF4,16,Puglia,Puglia,4029053,4722748,117.22,0.53
3102,2020-12-27,PUG,510,252,258,510,0,0,ITF,ITF4,16,Puglia,Puglia,4029053,4723258,117.23,0.01
3103,2021-04-08,PUG,17540,7619,9921,11121,6204,215,ITF,ITF4,16,Puglia,Puglia,4029053,4740798,117.67,0.44
3104,2021-06-06,PUG,30785,15504,15281,25387,5075,323,ITF,ITF4,16,Puglia,Puglia,4029053,4771583,118.43,0.76
3105,2021-04-10,PUG,30970,13136,17834,26113,4466,391,ITF,ITF4,16,Puglia,Puglia,4029053,4802553,119.2,0.77
3106,2021-09-14,PUG,21659,11315,10344,4360,16591,708,ITF,ITF4,16,Puglia,Puglia,4029053,4824212,119.74,0.54
3107,2021-07-19,PUG,49589,24364,25225,10937,37886,766,ITF,ITF4,16,Puglia,Puglia,4029053,4873801,120.97,1.23
3108,2021-04-29,PUG,26344,12182,14162,19201,6712,431,ITF,ITF4,16,Puglia,Puglia,4029053,4900145,121.62,0.65
3109,2021-08-07,PUG,10126,5344,4782,3568,6260,298,ITF,ITF4,16,Puglia,Puglia,4029053,4910271,121.87,0.25
3110,2021-02-22,PUG,9661,4541,5120,9234,336,91,ITF,ITF4,16,Puglia,Puglia,4029053,4919932,122.11,0.24
3111,2021-01-29,PUG,6218,2673,3545,219,5999,0,ITF,ITF4,16,Puglia,Puglia,4029053,4926150,122.27,0.15
3112,2021-03-20,PUG,8449,3895,4554,3768,4633,48,ITF,ITF4,16,Puglia,Puglia,4029053,4934599,122.48,0.21
3113,2021-03-03,PUG,16835,6830,10005,14740,1940,155,ITF,ITF4,16,Puglia,Puglia,4029053,4951434,122.89,0.42
3114,2021-06-11,PUG,48085,23521,24564,33040,14133,912,ITF,ITF4,16,Puglia,Puglia,4029053,4999519,124.09,1.19
3115,2021-09-07,PUG,22572,11840,10732,6909,14847,816,ITF,ITF4,16,Puglia,Puglia,4029053,5022091,124.65,0.56
3116,2021-09-16,PUG,17637,9176,8461,4007,13069,561,ITF,ITF4,16,Puglia,Puglia,4029053,5039728,125.08,0.44
3117,2021-04-01,PUG,13991,6578,7413,7383,6386,222,ITF,ITF4,16,Puglia,Puglia,4029053,5053719,125.43,0.35
3118,2021-02-03,PUG,5059,2011,3048,705,4353,1,ITF,ITF4,16,Puglia,Puglia,4029053,5058778,125.56,0.13
3119,2021-02-05,PUG,5656,2278,3378,1313,4338,5,ITF,ITF4,16,Puglia,Puglia,4029053,5064434,125.7,0.14
3120,2021-05-16,PUG,24659,11125,13534,12469,11962,228,ITF,ITF4,16,Puglia,Puglia,4029053,5089093,126.31,0.61
3121,2021-04-03,PUG,10589,4661,5928,6817,3578,194,ITF,ITF4,16,Puglia,Puglia,4029053,5099682,126.57,0.26
3122,2021-07-12,PUG,45855,21658,24197,12723,32372,760,ITF,ITF4,16,Puglia,Puglia,4029053,5145537,127.71,1.14
3123,2021-02-02,PUG,4366,1857,2509,575,3790,1,ITF,ITF4,16,Puglia,Puglia,4029053,5149903,127.82,0.11
3124,2021-07-09,PUG,37190,17916,19274,6391,30119,680,ITF,ITF4,16,Puglia,Puglia,4029053,5187093,128.74,0.92
3125,2021-05-13,PUG,38905,17341,21564,21006,17327,572,ITF,ITF4,16,Puglia,Puglia,4029053,5225998,129.71,0.97
3126,2021-03-17,PUG,10359,4708,5651,4104,6192,63,ITF,ITF4,16,Puglia,Puglia,4029053,5236357,129.96,0.26
3127,2021-09-15,PUG,15446,8110,7336,3853,10965,628,ITF,ITF4,16,Puglia,Puglia,4029053,5251803,130.35,0.38
3128,2021-07-20,PUG,47069,23093,23976,8207,38356,506,ITF,ITF4,16,Puglia,Puglia,4029053,5298872,131.52,1.17
3129,2021-09-08,PUG,18706,9815,8891,5965,11982,759,ITF,ITF4,16,Puglia,Puglia,4029053,5317578,131.98,0.46
3130,2021-07-27,PUG,48703,24236,24467,13342,34554,807,ITF,ITF4,16,Puglia,Puglia,4029053,5366281,133.19,1.21
3131,2021-05-31,PUG,38005,18330,19675,23182,14267,556,ITF,ITF4,16,Puglia,Puglia,4029053,5404286,134.13,0.94
3132,2021-04-25,PUG,11329,5244,6085,10051,1144,134,ITF,ITF4,16,Puglia,Puglia,4029053,5415615,134.41,0.28
3133,2021-02-27,PUG,14251,4825,9426,12825,1237,189,ITF,ITF4,16,Puglia,Puglia,4029053,5429866,134.77,0.35
3134,2021-08-03,PUG,36507,18527,17980,9224,26518,765,ITF,ITF4,16,Puglia,Puglia,4029053,5466373,135.67,0.91
3135,2021-01-01,PUG,150,61,89,150,0,0,ITF,ITF4,16,Puglia,Puglia,4029053,5466523,135.68,0.0
3136,2021-06-07,PUG,44496,21723,22773,30401,13328,767,ITF,ITF4,16,Puglia,Puglia,4029053,5511019,136.78,1.1
3137,2021-04-11,PUG,16493,7270,9223,14657,1650,186,ITF,ITF4,16,Puglia,Puglia,4029053,5527512,137.19,0.41
3138,2021-03-06,PUG,16193,6143,10050,13887,2130,176,ITF,ITF4,16,Puglia,Puglia,4029053,5543705,137.59,0.4
3139,2021-01-08,PUG,5699,2399,3300,5697,0,2,ITF,ITF4,16,Puglia,Puglia,4029053,5549404,137.73,0.14
3140,2021-06-14,PUG,42170,20634,21536,28867,12507,796,ITF,ITF4,16,Puglia,Puglia,4029053,5591574,138.78,1.05
3141,2021-04-18,PUG,22693,10860,11833,21433,1058,202,ITF,ITF4,16,Puglia,Puglia,4029053,5614267,139.34,0.56
3142,2021-02-20,PUG,2978,1079,1899,2688,257,33,ITF,ITF4,16,Puglia,Puglia,4029053,5617245,139.42,0.07
3143,2021-08-14,PUG,1099,567,532,507,573,19,ITF,ITF4,16,Puglia,Puglia,4029053,5618344,139.45,0.03
3144,2021-01-15,PUG,4559,1866,2693,4554,0,5,ITF,ITF4,16,Puglia,Puglia,4029053,5622903,139.56,0.11
3145,2021-01-22,PUG,1414,579,835,992,421,1,ITF,ITF4,16,Puglia,Puglia,4029053,5624317,139.59,0.04
3146,2021-08-21,PUG,4310,2306,2004,1977,2098,235,ITF,ITF4,16,Puglia,Puglia,4029053,5628627,139.7,0.11
3147,2021-06-25,PUG,50981,25106,25875,23850,26226,905,ITF,ITF4,16,Puglia,Puglia,4029053,5679608,140.97,1.27
3148,2021-01-11,VEN,7244,2102,5142,7243,0,1,ITH,ITH3,5,Veneto,Veneto,4905854,7244,0.15,0.15
3149,2021-04-21,VEN,32411,13207,19204,15567,16066,778,ITH,ITH3,5,Veneto,Veneto,4905854,39655,0.81,0.66
3150,2021-05-22,VEN,34846,16711,18135,12719,21454,673,ITH,ITH3,5,Veneto,Veneto,4905854,74501,1.52,0.71
3151,2021-02-11,VEN,4015,1238,2777,3349,628,38,ITH,ITH3,5,Veneto,Veneto,4905854,78516,1.6,0.08
3152,2021-01-28,VEN,9216,2666,6550,169,9045,2,ITH,ITH3,5,Veneto,Veneto,4905854,87732,1.79,0.19
3153,2021-07-18,VEN,37722,19763,17959,3847,33625,250,ITH,ITH3,5,Veneto,Veneto,4905854,125454,2.56,0.77
3154,2021-02-25,VEN,7904,3345,4559,7157,607,140,ITH,ITH3,5,Veneto,Veneto,4905854,133358,2.72,0.16
3155,2021-04-09,VEN,31206,13768,17438,21914,8350,942,ITH,ITH3,5,Veneto,Veneto,4905854,164564,3.35,0.64
3156,2021-09-13,VEN,25530,14187,11343,3125,22098,307,ITH,ITH3,5,Veneto,Veneto,4905854,190094,3.87,0.52
3157,2021-06-05,VEN,46888,24153,22735,37320,8105,1463,ITH,ITH3,5,Veneto,Veneto,4905854,236982,4.83,0.96
3158,2021-08-13,VEN,24475,13842,10633,18336,5367,772,ITH,ITH3,5,Veneto,Veneto,4905854,261457,5.33,0.5
3159,2021-08-27,VEN,26683,14280,12403,8226,17879,578,ITH,ITH3,5,Veneto,Veneto,4905854,288140,5.87,0.54
3160,2021-05-05,VEN,44420,21284,23136,36224,6564,1632,ITH,ITH3,5,Veneto,Veneto,4905854,332560,6.78,0.91
3161,2021-07-01,VEN,51019,26059,24960,20692,29315,1012,ITH,ITH3,5,Veneto,Veneto,4905854,383579,7.82,1.04
3162,2021-05-17,VEN,26552,13002,13550,15644,10079,829,ITH,ITH3,5,Veneto,Veneto,4905854,410131,8.36,0.54
3163,2021-02-06,VEN,4099,1354,2745,708,3391,0,ITH,ITH3,5,Veneto,Veneto,4905854,414230,8.44,0.08
3164,2021-08-25,VEN,20090,10896,9194,8043,11471,576,ITH,ITH3,5,Veneto,Veneto,4905854,434320,8.85,0.41
3165,2021-02-23,VEN,7384,3253,4131,7028,270,86,ITH,ITH3,5,Veneto,Veneto,4905854,441704,9.0,0.15
3166,2021-01-23,VEN,4057,1250,2807,31,4026,0,ITH,ITH3,5,Veneto,Veneto,4905854,445761,9.09,0.08
3167,2021-06-29,VEN,45589,22741,22848,19048,25849,692,ITH,ITH3,5,Veneto,Veneto,4905854,491350,10.02,0.93
3168,2021-03-21,VEN,11991,4755,7236,8285,3466,240,ITH,ITH3,5,Veneto,Veneto,4905854,503341,10.26,0.24
3169,2021-01-16,VEN,4612,1542,3070,4612,0,0,ITH,ITH3,5,Veneto,Veneto,4905854,507953,10.35,0.09
3170,2021-07-13,VEN,43579,22616,20963,5420,37848,311,ITH,ITH3,5,Veneto,Veneto,4905854,551532,11.24,0.89
3171,2021-04-04,VEN,7790,3535,4255,6514,1148,128,ITH,ITH3,5,Veneto,Veneto,4905854,559322,11.4,0.16
3172,2021-07-27,VEN,42279,22195,20084,11797,30045,437,ITH,ITH3,5,Veneto,Veneto,4905854,601601,12.26,0.86
3173,2021-08-01,VEN,27917,14945,12972,11047,16357,513,ITH,ITH3,5,Veneto,Veneto,4905854,629518,12.83,0.57
3174,2021-04-23,VEN,31321,13862,17459,21443,8711,1167,ITH,ITH3,5,Veneto,Veneto,4905854,660839,13.47,0.64
3175,2021-06-17,VEN,51797,25949,25848,25569,25071,1157,ITH,ITH3,5,Veneto,Veneto,4905854,712636,14.53,1.06
3176,2021-03-09,VEN,16566,7459,9107,9828,6338,400,ITH,ITH3,5,Veneto,Veneto,4905854,729202,14.86,0.34
3177,2021-09-08,VEN,27910,14730,13180,5303,21805,802,ITH,ITH3,5,Veneto,Veneto,4905854,757112,15.43,0.57
3178,2021-05-31,VEN,31655,16246,15409,20886,9936,833,ITH,ITH3,5,Veneto,Veneto,4905854,788767,16.08,0.65
3179,2021-03-26,VEN,29619,13164,16455,23281,5469,869,ITH,ITH3,5,Veneto,Veneto,4905854,818386,16.68,0.6
3180,2021-09-15,VEN,18632,10004,8628,3520,14755,357,ITH,ITH3,5,Veneto,Veneto,4905854,837018,17.06,0.38
3181,2021-06-12,VEN,48709,24506,24203,36403,10834,1472,ITH,ITH3,5,Veneto,Veneto,4905854,885727,18.05,0.99
3182,2021-03-02,VEN,11498,4628,6870,7935,3312,251,ITH,ITH3,5,Veneto,Veneto,4905854,897225,18.29,0.23
3183,2021-06-10,VEN,52419,27046,25373,41325,9385,1709,ITH,ITH3,5,Veneto,Veneto,4905854,949644,19.36,1.07
3184,2021-04-02,VEN,24123,10636,13487,17148,6332,643,ITH,ITH3,5,Veneto,Veneto,4905854,973767,19.85,0.49
3185,2021-08-06,VEN,38365,20944,17421,19893,17603,869,ITH,ITH3,5,Veneto,Veneto,4905854,1012132,20.63,0.78
3186,2021-04-28,VEN,32467,15198,17269,22251,9025,1191,ITH,ITH3,5,Veneto,Veneto,4905854,1044599,21.29,0.66
3187,2021-07-20,VEN,44381,23692,20689,6878,36994,509,ITH,ITH3,5,Veneto,Veneto,4905854,1088980,22.2,0.9
3188,2021-01-18,VEN,2766,778,1988,2560,201,5,ITH,ITH3,5,Veneto,Veneto,4905854,1091746,22.25,0.06
3189,2021-02-04,VEN,7398,2030,5368,550,6847,1,ITH,ITH3,5,Veneto,Veneto,4905854,1099144,22.4,0.15
3190,2021-08-08,VEN,20537,11406,9131,10685,9543,309,ITH,ITH3,5,Veneto,Veneto,4905854,1119681,22.82,0.42
3191,2021-03-14,VEN,15187,5945,9242,13843,894,450,ITH,ITH3,5,Veneto,Veneto,4905854,1134868,23.13,0.31
3192,2021-05-10,VEN,36529,17090,19439,25417,9861,1251,ITH,ITH3,5,Veneto,Veneto,4905854,1171397,23.88,0.74
3193,2021-01-30,VEN,8769,2684,6085,689,8080,0,ITH,ITH3,5,Veneto,Veneto,4905854,1180166,24.06,0.18
3194,2021-03-07,VEN,4495,1769,2726,3862,561,72,ITH,ITH3,5,Veneto,Veneto,4905854,1184661,24.15,0.09
3195,2021-09-01,VEN,21042,10765,10277,7638,12649,755,ITH,ITH3,5,Veneto,Veneto,4905854,1205703,24.58,0.43
3196,2021-05-24,VEN,33094,16435,16659,7631,25054,409,ITH,ITH3,5,Veneto,Veneto,4905854,1238797,25.25,0.67
3197,2021-08-15,VEN,3108,1764,1344,2619,426,63,ITH,ITH3,5,Veneto,Veneto,4905854,1241905,25.31,0.06
3198,2021-01-09,VEN,7937,2539,5398,7932,0,5,ITH,ITH3,5,Veneto,Veneto,4905854,1249842,25.48,0.16
3199,2021-05-12,VEN,37022,17927,19095,30263,5129,1630,ITH,ITH3,5,Veneto,Veneto,4905854,1286864,26.23,0.75
3200,2021-07-08,VEN,46734,24318,22416,4504,41928,302,ITH,ITH3,5,Veneto,Veneto,4905854,1333598,27.18,0.95
3201,2021-06-24,VEN,56234,28482,27752,17633,37907,694,ITH,ITH3,5,Veneto,Veneto,4905854,1389832,28.33,1.15
3202,2021-03-16,VEN,12539,5358,7181,6634,5626,279,ITH,ITH3,5,Veneto,Veneto,4905854,1402371,28.59,0.26
3203,2021-08-20,VEN,19472,10545,8927,11311,7582,579,ITH,ITH3,5,Veneto,Veneto,4905854,1421843,28.98,0.4
3204,2021-05-02,VEN,37247,17266,19981,25603,10331,1313,ITH,ITH3,5,Veneto,Veneto,4905854,1459090,29.74,0.76
3205,2021-06-14,VEN,42634,21563,21071,26294,15321,1019,ITH,ITH3,5,Veneto,Veneto,4905854,1501724,30.61,0.87
3206,2021-03-06,VEN,10688,4357,6331,7216,3281,191,ITH,ITH3,5,Veneto,Veneto,4905854,1512412,30.83,0.22
3207,2021-08-10,VEN,28511,15642,12869,16432,11476,603,ITH,ITH3,5,Veneto,Veneto,4905854,1540923,31.41,0.58
3208,2020-12-30,VEN,699,245,454,699,0,0,ITH,ITH3,5,Veneto,Veneto,4905854,1541622,31.42,0.01
3209,2021-02-16,VEN,6644,2870,3774,6439,176,29,ITH,ITH3,5,Veneto,Veneto,4905854,1548266,31.56,0.14
3210,2021-05-29,VEN,33072,16703,16369,24241,7705,1126,ITH,ITH3,5,Veneto,Veneto,4905854,1581338,32.23,0.67
3211,2021-02-18,VEN,5833,2456,3377,5730,64,39,ITH,ITH3,5,Veneto,Veneto,4905854,1587171,32.35,0.12
3212,2021-07-25,VEN,33204,17546,15658,10850,21889,465,ITH,ITH3,5,Veneto,Veneto,4905854,1620375,33.03,0.68
3213,2021-04-16,VEN,24475,10506,13969,11894,11896,685,ITH,ITH3,5,Veneto,Veneto,4905854,1644850,33.53,0.5
3214,2021-03-28,VEN,31315,13610,17705,26882,3615,818,ITH,ITH3,5,Veneto,Veneto,4905854,1676165,34.17,0.64
3215,2021-06-19,VEN,49311,25086,24225,25675,22601,1035,ITH,ITH3,5,Veneto,Veneto,4905854,1725476,35.17,1.01
3216,2021-07-06,VEN,36158,18629,17529,13205,22316,637,ITH,ITH3,5,Veneto,Veneto,4905854,1761634,35.91,0.74
3217,2021-04-14,VEN,15948,6917,9031,8769,6634,545,ITH,ITH3,5,Veneto,Veneto,4905854,1777582,36.23,0.33
3218,2021-01-04,VEN,6741,2037,4704,6739,0,2,ITH,ITH3,5,Veneto,Veneto,4905854,1784323,36.37,0.14
3219,2021-09-03,VEN,32089,17177,14912,7551,23739,799,ITH,ITH3,5,Veneto,Veneto,4905854,1816412,37.03,0.65
3220,2021-06-09,VEN,42844,21975,20869,33779,7508,1557,ITH,ITH3,5,Veneto,Veneto,4905854,1859256,37.9,0.87
3221,2021-06-28,VEN,47680,24130,23550,18420,28554,706,ITH,ITH3,5,Veneto,Veneto,4905854,1906936,38.87,0.97
3222,2021-01-25,VEN,6471,2077,4394,156,6315,0,ITH,ITH3,5,Veneto,Veneto,4905854,1913407,39.0,0.13
3223,2021-04-30,VEN,50268,23621,26647,33161,15674,1433,ITH,ITH3,5,Veneto,Veneto,4905854,1963675,40.03,1.02
3224,2021-01-20,VEN,1039,368,671,387,652,0,ITH,ITH3,5,Veneto,Veneto,4905854,1964714,40.05,0.02
3225,2021-03-18,VEN,12626,5145,7481,7037,5236,353,ITH,ITH3,5,Veneto,Veneto,4905854,1977340,40.31,0.26
3226,2021-06-26,VEN,48092,24519,23573,13593,34007,492,ITH,ITH3,5,Veneto,Veneto,4905854,2025432,41.29,0.98
3227,2021-09-19,VEN,4192,2301,1891,1366,2724,102,ITH,ITH3,5,Veneto,Veneto,4905854,2029624,41.37,0.09
3228,2021-03-23,VEN,22240,10253,11987,16878,4718,644,ITH,ITH3,5,Veneto,Veneto,4905854,2051864,41.82,0.45
3229,2021-05-19,VEN,33165,15187,17978,16228,15997,940,ITH,ITH3,5,Veneto,Veneto,4905854,2085029,42.5,0.68
3230,2021-02-08,VEN,5007,1559,3448,1923,3078,6,ITH,ITH3,5,Veneto,Veneto,4905854,2090036,42.6,0.1
3231,2021-07-29,VEN,47555,25141,22414,20158,26546,851,ITH,ITH3,5,Veneto,Veneto,4905854,2137591,43.57,0.97
3232,2021-07-15,VEN,51453,26925,24528,6023,45048,382,ITH,ITH3,5,Veneto,Veneto,4905854,2189044,44.62,1.05
3233,2021-04-20,VEN,22470,9510,12960,7881,14012,577,ITH,ITH3,5,Veneto,Veneto,4905854,2211514,45.08,0.46
3234,2021-08-17,VEN,19280,10472,8808,11226,7595,459,ITH,ITH3,5,Veneto,Veneto,4905854,2230794,45.47,0.39
3235,2021-05-09,VEN,35091,16145,18946,23789,10055,1247,ITH,ITH3,5,Veneto,Veneto,4905854,2265885,46.19,0.72
3236,2021-09-17,VEN,18055,9966,8089,5572,12032,451,ITH,ITH3,5,Veneto,Veneto,4905854,2283940,46.56,0.37
3237,2021-08-22,VEN,9257,5050,4207,5882,3105,270,ITH,ITH3,5,Veneto,Veneto,4905854,2293197,46.74,0.19
3238,2021-05-14,VEN,46848,22283,24565,24284,20971,1593,ITH,ITH3,5,Veneto,Veneto,4905854,2340045,47.7,0.95
3239,2021-02-20,VEN,6433,2019,4414,6277,75,81,ITH,ITH3,5,Veneto,Veneto,4905854,2346478,47.83,0.13
3240,2021-06-02,VEN,20318,10239,10079,15346,4347,625,ITH,ITH3,5,Veneto,Veneto,4905854,2366796,48.24,0.41
3241,2021-08-24,VEN,19903,10613,9290,8912,10462,529,ITH,ITH3,5,Veneto,Veneto,4905854,2386699,48.65,0.41
3242,2021-08-05,VEN,39266,21453,17813,15722,22937,607,ITH,ITH3,5,Veneto,Veneto,4905854,2425965,49.45,0.8
3243,2021-04-18,VEN,17531,7262,10269,9505,7567,459,ITH,ITH3,5,Veneto,Veneto,4905854,2443496,49.81,0.36
3244,2021-01-08,VEN,9417,2837,6580,9403,0,14,ITH,ITH3,5,Veneto,Veneto,4905854,2452913,50.0,0.19
3245,2021-07-03,VEN,38709,20120,18589,11028,27104,577,ITH,ITH3,5,Veneto,Veneto,4905854,2491622,50.79,0.79
3246,2021-06-16,VEN,47800,23582,24218,25249,21451,1100,ITH,ITH3,5,Veneto,Veneto,4905854,2539422,51.76,0.97
3247,2021-01-01,VEN,1527,470,1057,1526,0,1,ITH,ITH3,5,Veneto,Veneto,4905854,2540949,51.79,0.03
3248,2021-03-25,VEN,25977,11064,14913,18970,6105,902,ITH,ITH3,5,Veneto,Veneto,4905854,2566926,52.32,0.53
3249,2021-04-11,VEN,21015,8878,12137,14228,6299,488,ITH,ITH3,5,Veneto,Veneto,4905854,2587941,52.75,0.43
3250,2021-07-22,VEN,48407,25131,23276,13311,34441,655,ITH,ITH3,5,Veneto,Veneto,4905854,2636348,53.74,0.99
3251,2021-04-13,VEN,14043,6331,7712,8054,5483,506,ITH,ITH3,5,Veneto,Veneto,4905854,2650391,54.03,0.29
3252,2021-07-05,VEN,39145,20286,18859,14145,24199,801,ITH,ITH3,5,Veneto,Veneto,4905854,2689536,54.82,0.8
3253,2021-09-10,VEN,28218,15561,12657,4343,23443,432,ITH,ITH3,5,Veneto,Veneto,4905854,2717754,55.4,0.58
3254,2021-03-11,VEN,19838,8893,10945,13796,5576,466,ITH,ITH3,5,Veneto,Veneto,4905854,2737592,55.8,0.4
3255,2021-05-26,VEN,31172,15238,15934,13992,16499,681,ITH,ITH3,5,Veneto,Veneto,4905854,2768764,56.44,0.64
3256,2021-08-31,VEN,19800,10465,9335,6989,12211,600,ITH,ITH3,5,Veneto,Veneto,4905854,2788564,56.84,0.4
3257,2021-03-01,VEN,9395,3717,5678,7411,1822,162,ITH,ITH3,5,Veneto,Veneto,4905854,2797959,57.03,0.19
3258,2021-05-07,VEN,48656,23313,25343,37606,8683,2367,ITH,ITH3,5,Veneto,Veneto,4905854,2846615,58.02,0.99
3259,2021-01-27,VEN,7150,2069,5081,240,6909,1,ITH,ITH3,5,Veneto,Veneto,4905854,2853765,58.17,0.15
3260,2021-02-13,VEN,3267,1473,1794,3231,20,16,ITH,ITH3,5,Veneto,Veneto,4905854,2857032,58.24,0.07
3261,2021-01-13,VEN,5989,1606,4383,5986,0,3,ITH,ITH3,5,Veneto,Veneto,4905854,2863021,58.36,0.12
3262,2021-08-03,VEN,40741,21563,19178,17596,22429,716,ITH,ITH3,5,Veneto,Veneto,4905854,2903762,59.19,0.83
3263,2021-04-25,VEN,18336,8155,10181,12898,4836,602,ITH,ITH3,5,Veneto,Veneto,4905854,2922098,59.56,0.37
3264,2021-06-21,VEN,44343,22194,22149,20463,22972,908,ITH,ITH3,5,Veneto,Veneto,4905854,2966441,60.47,0.9
3265,2021-01-06,VEN,8142,2391,5751,8139,0,3,ITH,ITH3,5,Veneto,Veneto,4905854,2974583,60.63,0.17
3266,2021-04-06,VEN,29036,13369,15667,23260,5046,730,ITH,ITH3,5,Veneto,Veneto,4905854,3003619,61.23,0.59
3267,2021-02-01,VEN,8564,2502,6062,157,8407,0,ITH,ITH3,5,Veneto,Veneto,4905854,3012183,61.4,0.17
3268,2021-02-15,VEN,4392,1827,2565,4143,240,9,ITH,ITH3,5,Veneto,Veneto,4905854,3016575,61.49,0.09
3269,2021-03-30,VEN,36009,15318,20691,29732,5253,1024,ITH,ITH3,5,Veneto,Veneto,4905854,3052584,62.22,0.73
3270,2021-08-12,VEN,24179,13092,11087,17318,6162,699,ITH,ITH3,5,Veneto,Veneto,4905854,3076763,62.72,0.49
3271,2021-06-07,VEN,44709,23325,21384,36176,7044,1489,ITH,ITH3,5,Veneto,Veneto,4905854,3121472,63.63,0.91
3272,2021-02-27,VEN,8994,2693,6301,7964,849,181,ITH,ITH3,5,Veneto,Veneto,4905854,3130466,63.81,0.18
3273,2021-04-27,VEN,28214,12799,15415,20133,6916,1165,ITH,ITH3,5,Veneto,Veneto,4905854,3158680,64.39,0.58
3274,2021-01-17,VEN,1933,781,1152,1584,349,0,ITH,ITH3,5,Veneto,Veneto,4905854,3160613,64.43,0.04
3275,2021-02-03,VEN,5955,1672,4283,474,5477,4,ITH,ITH3,5,Veneto,Veneto,4905854,3166568,64.55,0.12
3276,2021-08-07,VEN,28955,16295,12660,16345,12069,541,ITH,ITH3,5,Veneto,Veneto,4905854,3195523,65.14,0.59
3277,2021-04-29,VEN,50336,23413,26923,35404,13186,1746,ITH,ITH3,5,Veneto,Veneto,4905854,3245859,66.16,1.03
3278,2021-07-21,VEN,43283,22342,20941,8694,34089,500,ITH,ITH3,5,Veneto,Veneto,4905854,3289142,67.05,0.88
3279,2021-02-05,VEN,8391,2541,5850,1407,6975,9,ITH,ITH3,5,Veneto,Veneto,4905854,3297533,67.22,0.17
3280,2021-02-22,VEN,7019,3044,3975,6581,391,47,ITH,ITH3,5,Veneto,Veneto,4905854,3304552,67.36,0.14
3281,2021-01-03,VEN,5157,1562,3595,5157,0,0,ITH,ITH3,5,Veneto,Veneto,4905854,3309709,67.46,0.11
3282,2021-06-23,VEN,49369,24459,24910,14542,34025,802,ITH,ITH3,5,Veneto,Veneto,4905854,3359078,68.47,1.01
3283,2021-03-15,VEN,16673,7330,9343,10954,5213,506,ITH,ITH3,5,Veneto,Veneto,4905854,3375751,68.81,0.34
3284,2021-07-12,VEN,43248,22783,20465,4013,38912,323,ITH,ITH3,5,Veneto,Veneto,4905854,3418999,69.69,0.88
3285,2021-04-03,VEN,21999,9649,12350,13870,7723,406,ITH,ITH3,5,Veneto,Veneto,4905854,3440998,70.14,0.45
3286,2021-03-20,VEN,13035,5393,7642,10657,2082,296,ITH,ITH3,5,Veneto,Veneto,4905854,3454033,70.41,0.27
3287,2021-01-10,VEN,5036,1673,3363,5035,0,1,ITH,ITH3,5,Veneto,Veneto,4905854,3459069,70.51,0.1
3288,2021-03-04,VEN,12990,4890,8100,9118,3479,393,ITH,ITH3,5,Veneto,Veneto,4905854,3472059,70.77,0.26
3289,2021-07-07,VEN,40992,21328,19664,15642,24548,802,ITH,ITH3,5,Veneto,Veneto,4905854,3513051,71.61,0.84
3290,2021-08-19,VEN,19587,10681,8906,12241,6811,535,ITH,ITH3,5,Veneto,Veneto,4905854,3532638,72.01,0.4
3291,2021-05-11,VEN,33209,16521,16688,27154,4729,1326,ITH,ITH3,5,Veneto,Veneto,4905854,3565847,72.69,0.68
3292,2021-01-22,VEN,1080,332,748,25,1055,0,ITH,ITH3,5,Veneto,Veneto,4905854,3566927,72.71,0.02
3293,2021-08-02,VEN,40109,21041,19068,16312,23169,628,ITH,ITH3,5,Veneto,Veneto,4905854,3607036,73.53,0.82
3294,2021-04-10,VEN,27486,11989,15497,18375,8475,636,ITH,ITH3,5,Veneto,Veneto,4905854,3634522,74.09,0.56
3295,2021-09-14,VEN,21621,11789,9832,3151,18183,287,ITH,ITH3,5,Veneto,Veneto,4905854,3656143,74.53,0.44
3296,2021-06-06,VEN,37452,19174,18278,31492,4731,1229,ITH,ITH3,5,Veneto,Veneto,4905854,3693595,75.29,0.76
3297,2020-12-27,VEN,880,395,485,880,0,0,ITH,ITH3,5,Veneto,Veneto,4905854,3694475,75.31,0.02
3298,2021-09-07,VEN,26559,14147,12412,5552,20279,728,ITH,ITH3,5,Veneto,Veneto,4905854,3721034,75.85,0.54
3299,2021-09-02,VEN,22770,12164,10606,6106,15852,812,ITH,ITH3,5,Veneto,Veneto,4905854,3743804,76.31,0.46
3300,2021-09-16,VEN,21811,11852,9959,3787,17656,368,ITH,ITH3,5,Veneto,Veneto,4905854,3765615,76.76,0.44
3301,2021-03-03,VEN,12102,4648,7454,8389,3502,211,ITH,ITH3,5,Veneto,Veneto,4905854,3777717,77.0,0.25
3302,2021-06-11,VEN,47323,24621,22702,34708,11185,1430,ITH,ITH3,5,Veneto,Veneto,4905854,3825040,77.97,0.96
3303,2021-06-25,VEN,51727,26170,25557,15077,36008,642,ITH,ITH3,5,Veneto,Veneto,4905854,3876767,79.02,1.05
3304,2021-05-16,VEN,28422,14015,14407,20315,7081,1026,ITH,ITH3,5,Veneto,Veneto,4905854,3905189,79.6,0.58
3305,2021-08-09,VEN,34781,18648,16133,17153,16863,765,ITH,ITH3,5,Veneto,Veneto,4905854,3939970,80.31,0.71
3306,2021-08-26,VEN,22335,11899,10436,8331,13396,608,ITH,ITH3,5,Veneto,Veneto,4905854,3962305,80.77,0.46
3307,2021-03-08,VEN,13644,6282,7362,9301,4078,265,ITH,ITH3,5,Veneto,Veneto,4905854,3975949,81.04,0.28
3308,2021-06-18,VEN,53662,26781,26881,23979,28639,1044,ITH,ITH3,5,Veneto,Veneto,4905854,4029611,82.14,1.09
3309,2021-09-09,VEN,30061,16617,13444,4324,25308,429,ITH,ITH3,5,Veneto,Veneto,4905854,4059672,82.75,0.61
3310,2021-05-18,VEN,27041,12552,14489,12631,13645,765,ITH,ITH3,5,Veneto,Veneto,4905854,4086713,83.3,0.55
3311,2021-06-30,VEN,45829,23108,22721,17872,27205,752,ITH,ITH3,5,Veneto,Veneto,4905854,4132542,84.24,0.93
3312,2021-03-22,VEN,18158,8186,9972,12583,5050,525,ITH,ITH3,5,Veneto,Veneto,4905854,4150700,84.61,0.37
3313,2021-03-13,VEN,17242,7312,9930,13736,3132,374,ITH,ITH3,5,Veneto,Veneto,4905854,4167942,84.96,0.35
3314,2021-01-15,VEN,5880,1819,4061,5874,0,6,ITH,ITH3,5,Veneto,Veneto,4905854,4173822,85.08,0.12
3315,2021-08-28,VEN,20875,11592,9283,8648,11493,734,ITH,ITH3,5,Veneto,Veneto,4905854,4194697,85.5,0.43
3316,2021-05-23,VEN,34492,16470,18022,10620,23400,472,ITH,ITH3,5,Veneto,Veneto,4905854,4229189,86.21,0.7
3317,2021-02-12,VEN,4314,1446,2868,3670,572,72,ITH,ITH3,5,Veneto,Veneto,4905854,4233503,86.29,0.09
3318,2021-01-29,VEN,9030,2790,6240,365,8665,0,ITH,ITH3,5,Veneto,Veneto,4905854,4242533,86.48,0.18
3319,2021-05-08,VEN,41534,18788,22746,28257,11838,1439,ITH,ITH3,5,Veneto,Veneto,4905854,4284067,87.33,0.85
3320,2021-07-30,VEN,45595,24250,21345,22631,22082,882,ITH,ITH3,5,Veneto,Veneto,4905854,4329662,88.26,0.93
3321,2021-08-16,VEN,19740,10687,9053,12998,6166,576,ITH,ITH3,5,Veneto,Veneto,4905854,4349402,88.66,0.4
3322,2021-05-30,VEN,22552,11274,11278,15206,6692,654,ITH,ITH3,5,Veneto,Veneto,4905854,4371954,89.12,0.46
3323,2021-07-26,VEN,43652,22947,20705,17001,26018,633,ITH,ITH3,5,Veneto,Veneto,4905854,4415606,90.01,0.89
3324,2021-07-19,VEN,44753,23572,21181,7963,36394,396,ITH,ITH3,5,Veneto,Veneto,4905854,4460359,90.92,0.91
3325,2021-07-14,VEN,43644,22439,21205,5281,37965,398,ITH,ITH3,5,Veneto,Veneto,4905854,4504003,91.81,0.89
3326,2021-04-22,VEN,32079,13947,18132,15471,15781,827,ITH,ITH3,5,Veneto,Veneto,4905854,4536082,92.46,0.65
3327,2021-07-31,VEN,35182,18904,16278,17035,17504,643,ITH,ITH3,5,Veneto,Veneto,4905854,4571264,93.18,0.72
3328,2021-08-14,VEN,9920,5809,4111,7272,2400,248,ITH,ITH3,5,Veneto,Veneto,4905854,4581184,93.38,0.2
3329,2021-05-20,VEN,44858,21265,23593,19368,24380,1110,ITH,ITH3,5,Veneto,Veneto,4905854,4626042,94.3,0.91
3330,2021-02-09,VEN,5250,1892,3358,3431,1806,13,ITH,ITH3,5,Veneto,Veneto,4905854,4631292,94.4,0.11
3331,2021-08-30,VEN,26933,14277,12656,7982,18331,620,ITH,ITH3,5,Veneto,Veneto,4905854,4658225,94.95,0.55
3332,2021-02-26,VEN,8297,3273,5024,6942,1260,95,ITH,ITH3,5,Veneto,Veneto,4905854,4666522,95.12,0.17
3333,2021-04-24,VEN,24770,10832,13938,14965,9081,724,ITH,ITH3,5,Veneto,Veneto,4905854,4691292,95.63,0.5
3334,2021-01-14,VEN,7066,1927,5139,7049,0,17,ITH,ITH3,5,Veneto,Veneto,4905854,4698358,95.77,0.14
3335,2021-03-12,VEN,18664,8196,10468,11326,6752,586,ITH,ITH3,5,Veneto,Veneto,4905854,4717022,96.15,0.38
3336,2020-12-31,VEN,3221,1042,2179,3221,0,0,ITH,ITH3,5,Veneto,Veneto,4905854,4720243,96.22,0.07
3337,2021-07-04,VEN,33887,17580,16307,14990,18289,608,ITH,ITH3,5,Veneto,Veneto,4905854,4754130,96.91,0.69
3338,2021-04-12,VEN,14920,6346,8574,6397,8219,304,ITH,ITH3,5,Veneto,Veneto,4905854,4769050,97.21,0.3
3339,2021-01-02,VEN,5744,1767,3977,5743,0,1,ITH,ITH3,5,Veneto,Veneto,4905854,4774794,97.33,0.12
3340,2021-09-18,VEN,16625,9179,7446,6480,9668,477,ITH,ITH3,5,Veneto,Veneto,4905854,4791419,97.67,0.34
3341,2021-06-27,VEN,40243,20558,19685,15348,24313,582,ITH,ITH3,5,Veneto,Veneto,4905854,4831662,98.49,0.82
3342,2021-03-19,VEN,13804,5672,8132,7402,6106,296,ITH,ITH3,5,Veneto,Veneto,4905854,4845466,98.77,0.28
3343,2021-03-27,VEN,32093,14018,18075,25375,5807,911,ITH,ITH3,5,Veneto,Veneto,4905854,4877559,99.42,0.65
3344,2021-09-11,VEN,20860,11700,9160,3033,17488,339,ITH,ITH3,5,Veneto,Veneto,4905854,4898419,99.85,0.43
3345,2021-06-03,VEN,54540,28047,26493,40870,12009,1661,ITH,ITH3,5,Veneto,Veneto,4905854,4952959,100.96,1.11
3346,2021-06-20,VEN,41215,20068,21147,18921,21545,749,ITH,ITH3,5,Veneto,Veneto,4905854,4994174,101.8,0.84
3347,2021-08-21,VEN,12198,6880,5318,8291,3387,520,ITH,ITH3,5,Veneto,Veneto,4905854,5006372,102.05,0.25
3348,2021-05-04,VEN,43034,20383,22651,33351,8033,1650,ITH,ITH3,5,Veneto,Veneto,4905854,5049406,102.93,0.88
3349,2021-01-24,VEN,4117,1219,2898,28,4089,0,ITH,ITH3,5,Veneto,Veneto,4905854,5053523,103.01,0.08
3350,2021-06-08,VEN,43860,22678,21182,36184,6153,1523,ITH,ITH3,5,Veneto,Veneto,4905854,5097383,103.9,0.89
3351,2021-05-25,VEN,27873,13454,14419,11274,16098,501,ITH,ITH3,5,Veneto,Veneto,4905854,5125256,104.47,0.57
3352,2021-02-14,VEN,126,56,70,113,13,0,ITH,ITH3,5,Veneto,Veneto,4905854,5125382,104.47,0.0
3353,2021-09-04,VEN,23589,12886,10703,6051,16885,653,ITH,ITH3,5,Veneto,Veneto,4905854,5148971,104.96,0.48
3354,2021-05-27,VEN,46675,22927,23748,22362,23262,1051,ITH,ITH3,5,Veneto,Veneto,4905854,5195646,105.91,0.95
3355,2021-02-07,VEN,2316,863,1453,714,1601,1,ITH,ITH3,5,Veneto,Veneto,4905854,5197962,105.95,0.05
3356,2021-09-06,VEN,28337,15224,13113,5842,21812,683,ITH,ITH3,5,Veneto,Veneto,4905854,5226299,106.53,0.58
3357,2021-07-02,VEN,49575,25145,24430,16288,32500,787,ITH,ITH3,5,Veneto,Veneto,4905854,5275874,107.54,1.01
3358,2021-03-24,VEN,22126,9581,12545,14663,6806,657,ITH,ITH3,5,Veneto,Veneto,4905854,5298000,107.99,0.45
3359,2021-01-19,VEN,1313,475,838,1163,149,1,ITH,ITH3,5,Veneto,Veneto,4905854,5299313,108.02,0.03
3360,2021-07-23,VEN,44502,23461,21041,15136,28791,575,ITH,ITH3,5,Veneto,Veneto,4905854,5343815,108.93,0.91
3361,2021-05-01,VEN,38877,18252,20625,28708,8929,1240,ITH,ITH3,5,Veneto,Veneto,4905854,5382692,109.72,0.79
3362,2021-04-17,VEN,22452,9099,13353,14373,7278,801,ITH,ITH3,5,Veneto,Veneto,4905854,5405144,110.18,0.46
3363,2021-01-07,VEN,8363,2318,6045,8362,0,1,ITH,ITH3,5,Veneto,Veneto,4905854,5413507,110.35,0.17
3364,2021-06-13,VEN,37346,19260,18086,29318,6958,1070,ITH,ITH3,5,Veneto,Veneto,4905854,5450853,111.11,0.76
3365,2021-01-21,VEN,2294,719,1575,19,2275,0,ITH,ITH3,5,Veneto,Veneto,4905854,5453147,111.16,0.05
3366,2021-03-05,VEN,13341,5023,8318,9222,3674,445,ITH,ITH3,5,Veneto,Veneto,4905854,5466488,111.43,0.27
3367,2021-04-07,VEN,36067,16207,19860,27610,7341,1116,ITH,ITH3,5,Veneto,Veneto,4905854,5502555,112.16,0.74
3368,2021-07-16,VEN,44753,24077,20676,6955,37334,464,ITH,ITH3,5,Veneto,Veneto,4905854,5547308,113.08,0.91
3369,2021-01-31,VEN,4789,1566,3223,408,4381,0,ITH,ITH3,5,Veneto,Veneto,4905854,5552097,113.17,0.1
3370,2021-03-29,VEN,31481,13708,17773,26646,3830,1005,ITH,ITH3,5,Veneto,Veneto,4905854,5583578,113.81,0.64
3371,2021-05-13,VEN,44354,21888,22466,32585,9919,1850,ITH,ITH3,5,Veneto,Veneto,4905854,5627932,114.72,0.9
3372,2021-02-02,VEN,6515,1881,4634,396,6119,0,ITH,ITH3,5,Veneto,Veneto,4905854,5634447,114.85,0.13
3373,2021-07-09,VEN,45099,23788,21311,4126,40687,286,ITH,ITH3,5,Veneto,Veneto,4905854,5679546,115.77,0.92
3374,2021-02-19,VEN,7324,3141,4183,6996,204,124,ITH,ITH3,5,Veneto,Veneto,4905854,5686870,115.92,0.15
3375,2021-08-23,VEN,24526,13034,11492,10581,13236,709,ITH,ITH3,5,Veneto,Veneto,4905854,5711396,116.42,0.5
3376,2021-02-21,VEN,4640,1212,3428,4516,5,119,ITH,ITH3,5,Veneto,Veneto,4905854,5716036,116.51,0.09
3377,2021-05-15,VEN,36279,17521,18758,24819,10025,1435,ITH,ITH3,5,Veneto,Veneto,4905854,5752315,117.25,0.74
3378,2021-06-01,VEN,26997,13570,13427,15786,10561,650,ITH,ITH3,5,Veneto,Veneto,4905854,5779312,117.8,0.55
3379,2021-02-28,VEN,4136,1389,2747,3224,837,75,ITH,ITH3,5,Veneto,Veneto,4905854,5783448,117.89,0.08
3380,2021-03-17,VEN,14646,5991,8655,7526,6797,323,ITH,ITH3,5,Veneto,Veneto,4905854,5798094,118.19,0.3
3381,2021-07-28,VEN,40310,20928,19382,12060,27799,451,ITH,ITH3,5,Veneto,Veneto,4905854,5838404,119.01,0.82
3382,2021-01-12,VEN,5231,1517,3714,5223,0,8,ITH,ITH3,5,Veneto,Veneto,4905854,5843635,119.12,0.11
3383,2021-04-19,VEN,21560,8929,12631,4707,16422,431,ITH,ITH3,5,Veneto,Veneto,4905854,5865195,119.56,0.44
3384,2021-04-05,VEN,19165,8376,10789,13423,5439,303,ITH,ITH3,5,Veneto,Veneto,4905854,5884360,119.95,0.39
3385,2021-03-31,VEN,38988,16465,22523,30427,7507,1054,ITH,ITH3,5,Veneto,Veneto,4905854,5923348,120.74,0.79
3386,2021-07-11,VEN,34240,17925,16315,3700,30284,256,ITH,ITH3,5,Veneto,Veneto,4905854,5957588,121.44,0.7
3387,2021-03-10,VEN,19044,8728,10316,12959,5686,399,ITH,ITH3,5,Veneto,Veneto,4905854,5976632,121.83,0.39
3388,2021-01-26,VEN,6927,2093,4834,149,6778,0,ITH,ITH3,5,Veneto,Veneto,4905854,5983559,121.97,0.14
3389,2021-05-06,VEN,47060,22069,24991,36579,8499,1982,ITH,ITH3,5,Veneto,Veneto,4905854,6030619,122.93,0.96
3390,2021-05-03,VEN,40712,19813,20899,32801,6439,1472,ITH,ITH3,5,Veneto,Veneto,4905854,6071331,123.76,0.83
3391,2021-05-28,VEN,46981,22984,23997,23675,22095,1211,ITH,ITH3,5,Veneto,Veneto,4905854,6118312,124.71,0.96
3392,2021-07-24,VEN,41715,22366,19349,13302,27775,638,ITH,ITH3,5,Veneto,Veneto,4905854,6160027,125.56,0.85
3393,2021-07-10,VEN,43199,23217,19982,6302,36543,354,ITH,ITH3,5,Veneto,Veneto,4905854,6203226,126.45,0.88
3394,2021-09-05,VEN,15214,8402,6812,3481,11441,292,ITH,ITH3,5,Veneto,Veneto,4905854,6218440,126.76,0.31
3395,2021-07-17,VEN,40620,21489,19131,4297,35978,345,ITH,ITH3,5,Veneto,Veneto,4905854,6259060,127.58,0.83
3396,2021-09-12,VEN,15331,8634,6697,2364,12807,160,ITH,ITH3,5,Veneto,Veneto,4905854,6274391,127.9,0.31
3397,2021-08-29,VEN,13398,7352,6046,4494,8580,324,ITH,ITH3,5,Veneto,Veneto,4905854,6287789,128.17,0.27
3398,2021-05-21,VEN,44867,22068,22799,19799,23959,1109,ITH,ITH3,5,Veneto,Veneto,4905854,6332656,129.08,0.91
3399,2021-02-17,VEN,6022,2772,3250,5900,94,28,ITH,ITH3,5,Veneto,Veneto,4905854,6338678,129.21,0.12
3400,2021-04-01,VEN,25404,11197,14207,18210,6414,780,ITH,ITH3,5,Veneto,Veneto,4905854,6364082,129.72,0.52
3401,2021-04-15,VEN,20949,8659,12290,9368,10833,748,ITH,ITH3,5,Veneto,Veneto,4905854,6385031,130.15,0.43
3402,2021-01-05,VEN,7335,2186,5149,7333,0,2,ITH,ITH3,5,Veneto,Veneto,4905854,6392366,130.3,0.15
3403,2021-02-10,VEN,4763,1593,3170,3692,1061,10,ITH,ITH3,5,Veneto,Veneto,4905854,6397129,130.4,0.1
3404,2021-04-08,VEN,32418,14390,18028,23352,7889,1177,ITH,ITH3,5,Veneto,Veneto,4905854,6429547,131.06,0.66
3405,2021-06-04,VEN,49656,25843,23813,39825,8153,1678,ITH,ITH3,5,Veneto,Veneto,4905854,6479203,132.07,1.01
3406,2021-02-24,VEN,8623,3680,4943,7996,490,137,ITH,ITH3,5,Veneto,Veneto,4905854,6487826,132.25,0.18
3407,2021-06-22,VEN,43749,21631,22118,18502,24390,857,ITH,ITH3,5,Veneto,Veneto,4905854,6531575,133.14,0.89
3408,2021-08-18,VEN,23336,12577,10759,14217,8444,675,ITH,ITH3,5,Veneto,Veneto,4905854,6554911,133.61,0.48
3409,2021-08-04,VEN,42486,22690,19796,22611,18774,1101,ITH,ITH3,5,Veneto,Veneto,4905854,6597397,134.48,0.87
3410,2021-04-26,VEN,20734,9461,11273,14912,5140,682,ITH,ITH3,5,Veneto,Veneto,4905854,6618131,134.9,0.42
3411,2021-06-15,VEN,47851,24307,23544,29144,17552,1155,ITH,ITH3,5,Veneto,Veneto,4905854,6665982,135.88,0.98
3412,2021-08-11,VEN,26811,14805,12006,15668,10576,567,ITH,ITH3,5,Veneto,Veneto,4905854,6692793,136.42,0.55
3413,2021-02-28,LIG,1060,580,480,1048,11,1,ITC,ITC3,7,Liguria,Liguria,1550640,1060,0.07,0.07
3414,2021-09-01,LIG,8502,4478,4024,2705,5719,78,ITC,ITC3,7,Liguria,Liguria,1550640,9562,0.62,0.55
3415,2021-08-01,LIG,1490,856,634,152,1338,0,ITC,ITC3,7,Liguria,Liguria,1550640,11052,0.71,0.1
3416,2021-02-16,LIG,2431,958,1473,1996,430,5,ITC,ITC3,7,Liguria,Liguria,1550640,13483,0.87,0.16
3417,2021-07-23,LIG,20028,10317,9711,5111,14786,131,ITC,ITC3,7,Liguria,Liguria,1550640,33511,2.16,1.29
3418,2021-05-27,LIG,17016,8721,8295,12675,4181,160,ITC,ITC3,7,Liguria,Liguria,1550640,50527,3.26,1.1
3419,2021-04-14,LIG,13085,5675,7410,10752,2211,122,ITC,ITC3,7,Liguria,Liguria,1550640,63612,4.1,0.84
3420,2021-03-14,LIG,1659,752,907,1043,604,12,ITC,ITC3,7,Liguria,Liguria,1550640,65271,4.21,0.11
3421,2021-08-18,LIG,12232,6598,5634,4246,7859,127,ITC,ITC3,7,Liguria,Liguria,1550640,77503,5.0,0.79
3422,2021-06-22,LIG,15821,7469,8352,7611,8140,70,ITC,ITC3,7,Liguria,Liguria,1550640,93324,6.02,1.02
3423,2021-07-06,LIG,12379,6075,6304,5626,6661,92,ITC,ITC3,7,Liguria,Liguria,1550640,105703,6.82,0.8
3424,2021-05-10,LIG,12663,5650,7013,6197,6382,84,ITC,ITC3,7,Liguria,Liguria,1550640,118366,7.63,0.82
3425,2021-03-26,LIG,9361,4043,5318,6094,3160,107,ITC,ITC3,7,Liguria,Liguria,1550640,127727,8.24,0.6
3426,2021-07-04,LIG,4866,2584,2282,3801,1001,64,ITC,ITC3,7,Liguria,Liguria,1550640,132593,8.55,0.31
3427,2021-01-02,LIG,693,247,446,693,0,0,ITC,ITC3,7,Liguria,Liguria,1550640,133286,8.6,0.04
3428,2021-01-28,LIG,2851,972,1879,37,2814,0,ITC,ITC3,7,Liguria,Liguria,1550640,136137,8.78,0.18
3429,2021-08-30,LIG,9787,5229,4558,2458,7242,87,ITC,ITC3,7,Liguria,Liguria,1550640,145924,9.41,0.63
3430,2021-02-11,LIG,1990,773,1217,1092,888,10,ITC,ITC3,7,Liguria,Liguria,1550640,147914,9.54,0.13
3431,2021-05-22,LIG,6657,3222,3435,4879,1687,91,ITC,ITC3,7,Liguria,Liguria,1550640,154571,9.97,0.43
3432,2021-06-10,LIG,18902,9744,9158,13119,5679,104,ITC,ITC3,7,Liguria,Liguria,1550640,173473,11.19,1.22
3433,2021-09-18,LIG,3006,1677,1329,1696,1233,77,ITC,ITC3,7,Liguria,Liguria,1550640,176479,11.38,0.19
3434,2021-03-19,LIG,5304,2237,3067,2100,3153,51,ITC,ITC3,7,Liguria,Liguria,1550640,181783,11.72,0.34
3435,2021-03-02,LIG,4083,1695,2388,3765,310,8,ITC,ITC3,7,Liguria,Liguria,1550640,185866,11.99,0.26
3436,2021-07-18,LIG,2384,1223,1161,382,1985,17,ITC,ITC3,7,Liguria,Liguria,1550640,188250,12.14,0.15
3437,2021-06-05,LIG,8110,4132,3978,4921,3156,33,ITC,ITC3,7,Liguria,Liguria,1550640,196360,12.66,0.52
3438,2021-04-09,LIG,12487,5570,6917,10565,1787,135,ITC,ITC3,7,Liguria,Liguria,1550640,208847,13.47,0.81
3439,2021-09-13,LIG,7015,3610,3405,2335,4552,128,ITC,ITC3,7,Liguria,Liguria,1550640,215862,13.92,0.45
3440,2021-03-31,LIG,11956,5292,6664,9072,2780,104,ITC,ITC3,7,Liguria,Liguria,1550640,227818,14.69,0.77
3441,2021-04-26,LIG,10594,4998,5596,7864,2642,88,ITC,ITC3,7,Liguria,Liguria,1550640,238412,15.38,0.68
3442,2021-01-16,LIG,1279,558,721,1274,0,5,ITC,ITC3,7,Liguria,Liguria,1550640,239691,15.46,0.08
3443,2021-02-02,LIG,2675,1007,1668,127,2546,2,ITC,ITC3,7,Liguria,Liguria,1550640,242366,15.63,0.17
3444,2021-04-28,LIG,14470,6527,7943,6380,8002,88,ITC,ITC3,7,Liguria,Liguria,1550640,256836,16.56,0.93
3445,2021-05-29,LIG,6890,3263,3627,3989,2874,27,ITC,ITC3,7,Liguria,Liguria,1550640,263726,17.01,0.44
3446,2021-09-06,LIG,8045,4159,3886,2712,5215,118,ITC,ITC3,7,Liguria,Liguria,1550640,271771,17.53,0.52
3447,2021-07-25,LIG,6412,3275,3137,654,5747,11,ITC,ITC3,7,Liguria,Liguria,1550640,278183,17.94,0.41
3448,2021-02-09,LIG,1957,696,1261,262,1692,3,ITC,ITC3,7,Liguria,Liguria,1550640,280140,18.07,0.13
3449,2021-01-09,LIG,1338,484,854,1337,0,1,ITC,ITC3,7,Liguria,Liguria,1550640,281478,18.15,0.09
3450,2021-04-19,LIG,12842,5622,7220,8918,3835,89,ITC,ITC3,7,Liguria,Liguria,1550640,294320,18.98,0.83
3451,2021-07-13,LIG,13111,6450,6661,3462,9587,62,ITC,ITC3,7,Liguria,Liguria,1550640,307431,19.83,0.85
3452,2021-06-15,LIG,17446,8476,8970,9267,8097,82,ITC,ITC3,7,Liguria,Liguria,1550640,324877,20.95,1.13
3453,2021-03-07,LIG,1915,1139,776,1602,301,12,ITC,ITC3,7,Liguria,Liguria,1550640,326792,21.07,0.12
3454,2021-09-08,LIG,7483,3911,3572,2120,5249,114,ITC,ITC3,7,Liguria,Liguria,1550640,334275,21.56,0.48
3455,2021-06-17,LIG,16711,7942,8769,9076,7546,89,ITC,ITC3,7,Liguria,Liguria,1550640,350986,22.63,1.08
3456,2021-01-21,LIG,1109,385,724,677,431,1,ITC,ITC3,7,Liguria,Liguria,1550640,352095,22.71,0.07
3457,2021-08-20,LIG,9444,5036,4408,3141,6205,98,ITC,ITC3,7,Liguria,Liguria,1550640,361539,23.32,0.61
3458,2021-07-11,LIG,2154,1195,959,1231,903,20,ITC,ITC3,7,Liguria,Liguria,1550640,363693,23.45,0.14
3459,2021-06-24,LIG,11167,5451,5716,6216,4869,82,ITC,ITC3,7,Liguria,Liguria,1550640,374860,24.17,0.72
3460,2021-04-02,LIG,11796,5223,6573,9221,2489,86,ITC,ITC3,7,Liguria,Liguria,1550640,386656,24.94,0.76
3461,2021-04-21,LIG,14297,6461,7836,8860,5347,90,ITC,ITC3,7,Liguria,Liguria,1550640,400953,25.86,0.92
3462,2021-07-30,LIG,16101,8343,7758,4651,11343,107,ITC,ITC3,7,Liguria,Liguria,1550640,417054,26.9,1.04
3463,2021-08-13,LIG,10905,5633,5272,3929,6880,96,ITC,ITC3,7,Liguria,Liguria,1550640,427959,27.6,0.7
3464,2021-05-08,LIG,7540,3337,4203,2274,5228,38,ITC,ITC3,7,Liguria,Liguria,1550640,435499,28.09,0.49
3465,2021-05-03,LIG,13270,5925,7345,6362,6822,86,ITC,ITC3,7,Liguria,Liguria,1550640,448769,28.94,0.86
3466,2021-08-11,LIG,13141,6740,6401,4791,8234,116,ITC,ITC3,7,Liguria,Liguria,1550640,461910,29.79,0.85
3467,2021-03-21,LIG,551,220,331,69,482,0,ITC,ITC3,7,Liguria,Liguria,1550640,462461,29.82,0.04
3468,2021-08-25,LIG,9363,5045,4318,3217,6027,119,ITC,ITC3,7,Liguria,Liguria,1550640,471824,30.43,0.6
3469,2021-01-23,LIG,813,297,516,156,657,0,ITC,ITC3,7,Liguria,Liguria,1550640,472637,30.48,0.05
3470,2021-06-29,LIG,15195,7240,7955,8623,6468,104,ITC,ITC3,7,Liguria,Liguria,1550640,487832,31.46,0.98
3471,2021-05-17,LIG,12048,5528,6520,8596,3381,71,ITC,ITC3,7,Liguria,Liguria,1550640,499880,32.24,0.78
3472,2021-04-23,LIG,14699,6654,8045,8460,6130,109,ITC,ITC3,7,Liguria,Liguria,1550640,514579,33.18,0.95
3473,2021-03-11,LIG,6424,3103,3321,4358,2015,51,ITC,ITC3,7,Liguria,Liguria,1550640,521003,33.6,0.41
3474,2021-01-13,LIG,2762,1016,1746,2761,0,1,ITC,ITC3,7,Liguria,Liguria,1550640,523765,33.78,0.18
3475,2021-01-04,LIG,2625,857,1768,2624,0,1,ITC,ITC3,7,Liguria,Liguria,1550640,526390,33.95,0.17
3476,2021-08-03,LIG,14146,7226,6920,3965,10076,105,ITC,ITC3,7,Liguria,Liguria,1550640,540536,34.86,0.91
3477,2020-12-28,LIG,80,30,50,80,0,0,ITC,ITC3,7,Liguria,Liguria,1550640,540616,34.86,0.01
3478,2021-06-03,LIG,15554,7710,7844,9103,6392,59,ITC,ITC3,7,Liguria,Liguria,1550640,556170,35.87,1.0
3479,2021-04-07,LIG,13696,6115,7581,11310,2293,93,ITC,ITC3,7,Liguria,Liguria,1550640,569866,36.75,0.88
3480,2021-02-23,LIG,3809,1559,2250,3663,109,37,ITC,ITC3,7,Liguria,Liguria,1550640,573675,37.0,0.25
3481,2021-08-06,LIG,12227,6216,6011,3976,8128,123,ITC,ITC3,7,Liguria,Liguria,1550640,585902,37.78,0.79
3482,2021-02-04,LIG,2820,990,1830,177,2643,0,ITC,ITC3,7,Liguria,Liguria,1550640,588722,37.97,0.18
3483,2021-05-15,LIG,7326,3278,4048,4295,2965,66,ITC,ITC3,7,Liguria,Liguria,1550640,596048,38.44,0.47
3484,2021-02-21,LIG,868,490,378,862,4,2,ITC,ITC3,7,Liguria,Liguria,1550640,596916,38.49,0.06
3485,2021-08-15,LIG,1412,786,626,849,530,33,ITC,ITC3,7,Liguria,Liguria,1550640,598328,38.59,0.09
3486,2021-05-24,LIG,11895,5597,6298,9283,2512,100,ITC,ITC3,7,Liguria,Liguria,1550640,610223,39.35,0.77
3487,2021-05-07,LIG,13619,6050,7569,5706,7815,98,ITC,ITC3,7,Liguria,Liguria,1550640,623842,40.23,0.88
3488,2021-09-15,LIG,6119,3208,2911,2110,3889,120,ITC,ITC3,7,Liguria,Liguria,1550640,629961,40.63,0.39
3489,2021-02-13,LIG,1081,509,572,798,280,3,ITC,ITC3,7,Liguria,Liguria,1550640,631042,40.7,0.07
3490,2021-09-10,LIG,6928,3695,3233,1952,4869,107,ITC,ITC3,7,Liguria,Liguria,1550640,637970,41.14,0.45
3491,2021-06-02,LIG,8545,4349,4196,5335,3177,33,ITC,ITC3,7,Liguria,Liguria,1550640,646515,41.69,0.55
3492,2021-06-19,LIG,7418,3777,3641,5687,1675,56,ITC,ITC3,7,Liguria,Liguria,1550640,653933,42.17,0.48
3493,2021-01-25,LIG,2735,894,1841,474,2260,1,ITC,ITC3,7,Liguria,Liguria,1550640,656668,42.35,0.18
3494,2021-05-05,LIG,13726,6143,7583,5177,8464,85,ITC,ITC3,7,Liguria,Liguria,1550640,670394,43.23,0.89
3495,2021-07-29,LIG,18012,9220,8792,4403,13521,88,ITC,ITC3,7,Liguria,Liguria,1550640,688406,44.39,1.16
3496,2021-01-30,LIG,1666,572,1094,22,1643,1,ITC,ITC3,7,Liguria,Liguria,1550640,690072,44.5,0.11
3497,2021-03-28,LIG,1141,510,631,381,752,8,ITC,ITC3,7,Liguria,Liguria,1550640,691213,44.58,0.07
3498,2021-08-29,LIG,738,420,318,173,562,3,ITC,ITC3,7,Liguria,Liguria,1550640,691951,44.62,0.05
3499,2021-06-07,LIG,15718,7670,8048,8609,7040,69,ITC,ITC3,7,Liguria,Liguria,1550640,707669,45.64,1.01
3500,2021-06-26,LIG,7230,3366,3864,4430,2724,76,ITC,ITC3,7,Liguria,Liguria,1550640,714899,46.1,0.47
3501,2021-07-10,LIG,6913,3488,3425,2724,4137,52,ITC,ITC3,7,Liguria,Liguria,1550640,721812,46.55,0.45
3502,2021-04-04,LIG,764,369,395,508,251,5,ITC,ITC3,7,Liguria,Liguria,1550640,722576,46.6,0.05
3503,2020-12-30,LIG,12,5,7,12,0,0,ITC,ITC3,7,Liguria,Liguria,1550640,722588,46.6,0.0
3504,2021-07-03,LIG,8829,4381,4448,5433,3332,64,ITC,ITC3,7,Liguria,Liguria,1550640,731417,47.17,0.57
3505,2021-04-11,LIG,4251,1930,2321,3958,249,44,ITC,ITC3,7,Liguria,Liguria,1550640,735668,47.44,0.27
3506,2021-07-20,LIG,13986,6887,7099,2703,11207,76,ITC,ITC3,7,Liguria,Liguria,1550640,749654,48.34,0.9
3507,2021-08-10,LIG,13146,6563,6583,4284,8719,143,ITC,ITC3,7,Liguria,Liguria,1550640,762800,49.19,0.85
3508,2021-06-14,LIG,15170,7324,7846,8205,6886,79,ITC,ITC3,7,Liguria,Liguria,1550640,777970,50.17,0.98
3509,2021-02-25,LIG,3461,1351,2110,3308,130,23,ITC,ITC3,7,Liguria,Liguria,1550640,781431,50.39,0.22
3510,2021-02-18,LIG,2772,1128,1644,2425,339,8,ITC,ITC3,7,Liguria,Liguria,1550640,784203,50.57,0.18
3511,2021-05-14,LIG,13164,5871,7293,8638,4352,174,ITC,ITC3,7,Liguria,Liguria,1550640,797367,51.42,0.85
3512,2021-08-22,LIG,760,441,319,173,579,8,ITC,ITC3,7,Liguria,Liguria,1550640,798127,51.47,0.05
3513,2021-05-31,LIG,14756,7398,7358,9126,5547,83,ITC,ITC3,7,Liguria,Liguria,1550640,812883,52.42,0.95
3514,2021-03-09,LIG,5942,2757,3185,4450,1434,58,ITC,ITC3,7,Liguria,Liguria,1550640,818825,52.81,0.38
3515,2021-02-20,LIG,1338,639,699,1335,1,2,ITC,ITC3,7,Liguria,Liguria,1550640,820163,52.89,0.09
3516,2021-01-18,LIG,2146,749,1397,1987,157,2,ITC,ITC3,7,Liguria,Liguria,1550640,822309,53.03,0.14
3517,2021-08-08,LIG,1207,650,557,542,659,6,ITC,ITC3,7,Liguria,Liguria,1550640,823516,53.11,0.08
3518,2021-07-22,LIG,21463,10906,10557,4541,16797,125,ITC,ITC3,7,Liguria,Liguria,1550640,844979,54.49,1.38
3519,2021-04-18,LIG,2619,1165,1454,2094,470,55,ITC,ITC3,7,Liguria,Liguria,1550640,847598,54.66,0.17
3520,2021-07-27,LIG,17447,8888,8559,4341,13009,97,ITC,ITC3,7,Liguria,Liguria,1550640,865045,55.79,1.13
3521,2021-01-08,LIG,2941,1002,1939,2939,0,2,ITC,ITC3,7,Liguria,Liguria,1550640,867986,55.98,0.19
3522,2021-01-27,LIG,1749,604,1145,139,1609,1,ITC,ITC3,7,Liguria,Liguria,1550640,869735,56.09,0.11
3523,2021-03-16,LIG,6092,2733,3359,2318,3735,39,ITC,ITC3,7,Liguria,Liguria,1550640,875827,56.48,0.39
3524,2021-09-17,LIG,5675,3046,2629,2202,3378,95,ITC,ITC3,7,Liguria,Liguria,1550640,881502,56.85,0.37
3525,2021-08-17,LIG,9861,5174,4687,3640,6119,102,ITC,ITC3,7,Liguria,Liguria,1550640,891363,57.48,0.64
3526,2021-03-04,LIG,4743,2119,2624,3840,848,55,ITC,ITC3,7,Liguria,Liguria,1550640,896106,57.79,0.31
3527,2021-06-12,LIG,10264,4993,5271,7441,2760,63,ITC,ITC3,7,Liguria,Liguria,1550640,906370,58.45,0.66
3528,2021-04-30,LIG,14440,6453,7987,5773,8580,87,ITC,ITC3,7,Liguria,Liguria,1550640,920810,59.38,0.93
3529,2021-02-06,LIG,1892,768,1124,145,1747,0,ITC,ITC3,7,Liguria,Liguria,1550640,922702,59.5,0.12
3530,2021-09-05,LIG,1015,569,446,271,739,5,ITC,ITC3,7,Liguria,Liguria,1550640,923717,59.57,0.07
3531,2021-06-21,LIG,14854,7043,7811,8497,6261,96,ITC,ITC3,7,Liguria,Liguria,1550640,938571,60.53,0.96
3532,2021-04-16,LIG,12024,5300,6724,10033,1833,158,ITC,ITC3,7,Liguria,Liguria,1550640,950595,61.3,0.78
3533,2021-01-06,LIG,1666,618,1048,1663,0,3,ITC,ITC3,7,Liguria,Liguria,1550640,952261,61.41,0.11
3534,2021-09-07,LIG,7803,4129,3674,2642,5063,98,ITC,ITC3,7,Liguria,Liguria,1550640,960064,61.91,0.5
3535,2021-06-16,LIG,16416,7931,8485,9183,7138,95,ITC,ITC3,7,Liguria,Liguria,1550640,976480,62.97,1.06
3536,2021-03-08,LIG,5631,2462,3169,3907,1692,32,ITC,ITC3,7,Liguria,Liguria,1550640,982111,63.34,0.36
3537,2021-03-25,LIG,9786,4236,5550,6245,3397,144,ITC,ITC3,7,Liguria,Liguria,1550640,991897,63.97,0.63
3538,2021-08-07,LIG,5210,2662,2548,1125,4059,26,ITC,ITC3,7,Liguria,Liguria,1550640,997107,64.3,0.34
3539,2021-05-16,LIG,3713,1864,1849,2119,1567,27,ITC,ITC3,7,Liguria,Liguria,1550640,1000820,64.54,0.24
3540,2021-08-24,LIG,8746,4537,4209,2900,5746,100,ITC,ITC3,7,Liguria,Liguria,1550640,1009566,65.11,0.56
3541,2021-02-22,LIG,3349,1479,1870,3197,143,9,ITC,ITC3,7,Liguria,Liguria,1550640,1012915,65.32,0.22
3542,2021-03-06,LIG,3308,1844,1464,2582,706,20,ITC,ITC3,7,Liguria,Liguria,1550640,1016223,65.54,0.21
3543,2021-01-22,LIG,1829,606,1223,1337,490,2,ITC,ITC3,7,Liguria,Liguria,1550640,1018052,65.65,0.12
3544,2021-05-02,LIG,3981,1837,2144,503,3472,6,ITC,ITC3,7,Liguria,Liguria,1550640,1022033,65.91,0.26
3545,2021-05-04,LIG,13663,6095,7568,5361,8236,66,ITC,ITC3,7,Liguria,Liguria,1550640,1035696,66.79,0.88
3546,2021-08-12,LIG,12545,6452,6093,4598,7855,92,ITC,ITC3,7,Liguria,Liguria,1550640,1048241,67.6,0.81
3547,2021-05-21,LIG,12873,5967,6906,9605,3135,133,ITC,ITC3,7,Liguria,Liguria,1550640,1061114,68.43,0.83
3548,2021-02-27,LIG,1889,921,968,1756,129,4,ITC,ITC3,7,Liguria,Liguria,1550640,1063003,68.55,0.12
3549,2021-02-10,LIG,2325,840,1485,1017,1305,3,ITC,ITC3,7,Liguria,Liguria,1550640,1065328,68.7,0.15
3550,2021-08-14,LIG,3215,1719,1496,898,2299,18,ITC,ITC3,7,Liguria,Liguria,1550640,1068543,68.91,0.21
3551,2021-03-18,LIG,4992,2126,2866,1978,2984,30,ITC,ITC3,7,Liguria,Liguria,1550640,1073535,69.23,0.32
3552,2021-06-28,LIG,11631,5630,6001,7206,4317,108,ITC,ITC3,7,Liguria,Liguria,1550640,1085166,69.98,0.75
3553,2021-03-20,LIG,2318,995,1323,1130,1175,13,ITC,ITC3,7,Liguria,Liguria,1550640,1087484,70.13,0.15
3554,2021-06-11,LIG,17875,9102,8773,11716,6083,76,ITC,ITC3,7,Liguria,Liguria,1550640,1105359,71.28,1.15
3555,2021-04-15,LIG,11856,5243,6613,9891,1859,106,ITC,ITC3,7,Liguria,Liguria,1550640,1117215,72.05,0.76
3556,2021-09-19,LIG,40,22,18,28,12,0,ITC,ITC3,7,Liguria,Liguria,1550640,1117255,72.05,0.0
3557,2021-04-08,LIG,13799,6185,7614,11615,2049,135,ITC,ITC3,7,Liguria,Liguria,1550640,1131054,72.94,0.89
3558,2021-09-12,LIG,116,68,48,67,48,1,ITC,ITC3,7,Liguria,Liguria,1550640,1131170,72.95,0.01
3559,2021-01-11,LIG,2659,994,1665,2657,0,2,ITC,ITC3,7,Liguria,Liguria,1550640,1133829,73.12,0.17
3560,2021-07-12,LIG,13462,6466,6996,4130,9249,83,ITC,ITC3,7,Liguria,Liguria,1550640,1147291,73.99,0.87
3561,2021-01-10,LIG,651,264,387,647,0,4,ITC,ITC3,7,Liguria,Liguria,1550640,1147942,74.03,0.04
3562,2021-04-20,LIG,14254,6524,7730,9743,4359,152,ITC,ITC3,7,Liguria,Liguria,1550640,1162196,74.95,0.92
3563,2021-01-01,LIG,146,56,90,146,0,0,ITC,ITC3,7,Liguria,Liguria,1550640,1162342,74.96,0.01
3564,2021-03-27,LIG,3936,1550,2386,2515,1398,23,ITC,ITC3,7,Liguria,Liguria,1550640,1166278,75.21,0.25
3565,2021-07-05,LIG,11934,5779,6155,5292,6553,89,ITC,ITC3,7,Liguria,Liguria,1550640,1178212,75.98,0.77
3566,2021-04-13,LIG,13089,5875,7214,10947,2030,112,ITC,ITC3,7,Liguria,Liguria,1550640,1191301,76.83,0.84
3567,2021-07-19,LIG,12113,6038,6075,3314,8702,97,ITC,ITC3,7,Liguria,Liguria,1550640,1203414,77.61,0.78
3568,2021-08-05,LIG,14262,7367,6895,4110,10057,95,ITC,ITC3,7,Liguria,Liguria,1550640,1217676,78.53,0.92
3569,2021-04-27,LIG,14825,6701,8124,7144,7613,68,ITC,ITC3,7,Liguria,Liguria,1550640,1232501,79.48,0.96
3570,2021-02-03,LIG,2321,792,1529,51,2270,0,ITC,ITC3,7,Liguria,Liguria,1550640,1234822,79.63,0.15
3571,2021-05-09,LIG,2827,1245,1582,1085,1712,30,ITC,ITC3,7,Liguria,Liguria,1550640,1237649,79.82,0.18
3572,2021-01-29,LIG,3101,1070,2031,63,3038,0,ITC,ITC3,7,Liguria,Liguria,1550640,1240750,80.02,0.2
3573,2021-01-20,LIG,1560,557,1003,1547,12,1,ITC,ITC3,7,Liguria,Liguria,1550640,1242310,80.12,0.1
3574,2021-08-19,LIG,9839,5180,4659,2711,7021,107,ITC,ITC3,7,Liguria,Liguria,1550640,1252149,80.75,0.63
3575,2021-04-01,LIG,12442,5520,6922,9588,2776,78,ITC,ITC3,7,Liguria,Liguria,1550640,1264591,81.55,0.8
3576,2021-09-02,LIG,8455,4508,3947,2842,5521,92,ITC,ITC3,7,Liguria,Liguria,1550640,1273046,82.1,0.55
3577,2021-06-08,LIG,18133,9047,9086,11387,6654,92,ITC,ITC3,7,Liguria,Liguria,1550640,1291179,83.27,1.17
3578,2021-09-16,LIG,5134,2685,2449,2111,2908,115,ITC,ITC3,7,Liguria,Liguria,1550640,1296313,83.6,0.33
3579,2021-03-17,LIG,5561,2371,3190,2456,3086,19,ITC,ITC3,7,Liguria,Liguria,1550640,1301874,83.96,0.36
3580,2021-06-25,LIG,13851,6622,7229,6848,6922,81,ITC,ITC3,7,Liguria,Liguria,1550640,1315725,84.85,0.89
3581,2021-07-17,LIG,6515,3359,3156,1793,4697,25,ITC,ITC3,7,Liguria,Liguria,1550640,1322240,85.27,0.42
3582,2021-07-31,LIG,8270,4416,3854,1306,6932,32,ITC,ITC3,7,Liguria,Liguria,1550640,1330510,85.8,0.53
3583,2021-06-04,LIG,14800,7267,7533,9219,5500,81,ITC,ITC3,7,Liguria,Liguria,1550640,1345310,86.76,0.95
3584,2021-02-17,LIG,2701,1185,1516,2254,435,12,ITC,ITC3,7,Liguria,Liguria,1550640,1348011,86.93,0.17
3585,2021-07-24,LIG,11613,6042,5571,2306,9250,57,ITC,ITC3,7,Liguria,Liguria,1550640,1359624,87.68,0.75
3586,2021-05-28,LIG,16327,8159,8168,11621,4562,144,ITC,ITC3,7,Liguria,Liguria,1550640,1375951,88.73,1.05
3587,2021-08-31,LIG,9552,5050,4502,2643,6840,69,ITC,ITC3,7,Liguria,Liguria,1550640,1385503,89.35,0.62
3588,2021-05-23,LIG,2310,1121,1189,1172,1124,14,ITC,ITC3,7,Liguria,Liguria,1550640,1387813,89.5,0.15
3589,2021-03-01,LIG,3541,1447,2094,3386,136,19,ITC,ITC3,7,Liguria,Liguria,1550640,1391354,89.73,0.23
3590,2021-06-09,LIG,19110,9592,9518,12437,6591,82,ITC,ITC3,7,Liguria,Liguria,1550640,1410464,90.96,1.23
3591,2021-07-09,LIG,12852,6336,6516,4169,8598,85,ITC,ITC3,7,Liguria,Liguria,1550640,1423316,91.79,0.83
3592,2021-01-05,LIG,2880,896,1984,2880,0,0,ITC,ITC3,7,Liguria,Liguria,1550640,1426196,91.97,0.19
3593,2021-03-03,LIG,4587,1850,2737,3446,1031,110,ITC,ITC3,7,Liguria,Liguria,1550640,1430783,92.27,0.3
3594,2021-08-04,LIG,13868,6982,6886,3252,10504,112,ITC,ITC3,7,Liguria,Liguria,1550640,1444651,93.16,0.89
3595,2021-08-21,LIG,3080,1676,1404,905,2126,49,ITC,ITC3,7,Liguria,Liguria,1550640,1447731,93.36,0.2
3596,2021-05-13,LIG,13328,6093,7235,8894,4273,161,ITC,ITC3,7,Liguria,Liguria,1550640,1461059,94.22,0.86
3597,2021-02-19,LIG,3224,1308,1916,3034,176,14,ITC,ITC3,7,Liguria,Liguria,1550640,1464283,94.43,0.21
3598,2021-05-30,LIG,3311,1616,1695,1339,1949,23,ITC,ITC3,7,Liguria,Liguria,1550640,1467594,94.64,0.21
3599,2021-07-14,LIG,11529,5676,5853,3402,8043,84,ITC,ITC3,7,Liguria,Liguria,1550640,1479123,95.39,0.74
3600,2021-07-28,LIG,18492,9527,8965,5799,12555,138,ITC,ITC3,7,Liguria,Liguria,1550640,1497615,96.58,1.19
3601,2021-05-06,LIG,14544,6447,8097,6072,8343,129,ITC,ITC3,7,Liguria,Liguria,1550640,1512159,97.52,0.94
3602,2021-01-26,LIG,2490,809,1681,16,2474,0,ITC,ITC3,7,Liguria,Liguria,1550640,1514649,97.68,0.16
3603,2021-07-21,LIG,19218,9523,9695,3797,15330,91,ITC,ITC3,7,Liguria,Liguria,1550640,1533867,98.92,1.24
3604,2021-04-29,LIG,15597,6983,8614,6645,8858,94,ITC,ITC3,7,Liguria,Liguria,1550640,1549464,99.92,1.01
3605,2021-04-12,LIG,12396,5480,6916,10277,2023,96,ITC,ITC3,7,Liguria,Liguria,1550640,1561860,100.72,0.8
3606,2021-01-19,LIG,1375,440,935,1281,90,4,ITC,ITC3,7,Liguria,Liguria,1550640,1563235,100.81,0.09
3607,2021-02-05,LIG,2740,994,1746,299,2440,1,ITC,ITC3,7,Liguria,Liguria,1550640,1565975,100.99,0.18
3608,2021-08-26,LIG,9055,4737,4318,2617,6362,76,ITC,ITC3,7,Liguria,Liguria,1550640,1575030,101.57,0.58
3609,2021-06-30,LIG,15105,7208,7897,8180,6825,100,ITC,ITC3,7,Liguria,Liguria,1550640,1590135,102.55,0.97
3610,2021-01-15,LIG,2264,756,1508,2259,0,5,ITC,ITC3,7,Liguria,Liguria,1550640,1592399,102.69,0.15
3611,2021-04-25,LIG,1936,921,1015,1509,415,12,ITC,ITC3,7,Liguria,Liguria,1550640,1594335,102.82,0.12
3612,2021-03-13,LIG,3853,1638,2215,2964,859,30,ITC,ITC3,7,Liguria,Liguria,1550640,1598188,103.07,0.25
3613,2021-06-23,LIG,14353,6867,7486,9049,5210,94,ITC,ITC3,7,Liguria,Liguria,1550640,1612541,103.99,0.93
3614,2021-04-03,LIG,5410,2500,2910,4436,944,30,ITC,ITC3,7,Liguria,Liguria,1550640,1617951,104.34,0.35
3615,2021-01-24,LIG,762,242,520,116,646,0,ITC,ITC3,7,Liguria,Liguria,1550640,1618713,104.39,0.05
3616,2021-04-05,LIG,3985,1757,2228,2313,1651,21,ITC,ITC3,7,Liguria,Liguria,1550640,1622698,104.65,0.26
3617,2021-07-16,LIG,12636,6228,6408,3131,9439,66,ITC,ITC3,7,Liguria,Liguria,1550640,1635334,105.46,0.81
3618,2021-09-11,LIG,2168,1186,982,852,1283,33,ITC,ITC3,7,Liguria,Liguria,1550640,1637502,105.6,0.14
3619,2021-05-11,LIG,13944,6401,7543,7198,6632,114,ITC,ITC3,7,Liguria,Liguria,1550640,1651446,106.5,0.9
3620,2021-08-23,LIG,10581,5522,5059,3533,6933,115,ITC,ITC3,7,Liguria,Liguria,1550640,1662027,107.18,0.68
3621,2021-06-01,LIG,16358,8239,8119,10908,5377,73,ITC,ITC3,7,Liguria,Liguria,1550640,1678385,108.24,1.05
3622,2021-09-09,LIG,7741,4138,3603,2536,5092,113,ITC,ITC3,7,Liguria,Liguria,1550640,1686126,108.74,0.5
3623,2021-06-18,LIG,15428,7510,7918,8107,7225,96,ITC,ITC3,7,Liguria,Liguria,1550640,1701554,109.73,0.99
3624,2021-03-10,LIG,5924,2868,3056,3952,1917,55,ITC,ITC3,7,Liguria,Liguria,1550640,1707478,110.11,0.38
3625,2021-02-24,LIG,3769,1562,2207,3458,259,52,ITC,ITC3,7,Liguria,Liguria,1550640,1711247,110.36,0.24
3626,2020-12-29,LIG,125,33,92,125,0,0,ITC,ITC3,7,Liguria,Liguria,1550640,1711372,110.37,0.01
3627,2021-01-12,LIG,2476,890,1586,2475,0,1,ITC,ITC3,7,Liguria,Liguria,1550640,1713848,110.53,0.16
3628,2021-04-22,LIG,13882,6217,7665,8656,5092,134,ITC,ITC3,7,Liguria,Liguria,1550640,1727730,111.42,0.9
3629,2021-02-14,LIG,233,122,111,233,0,0,ITC,ITC3,7,Liguria,Liguria,1550640,1727963,111.44,0.02
3630,2021-05-25,LIG,14283,6960,7323,10959,3197,127,ITC,ITC3,7,Liguria,Liguria,1550640,1742246,112.36,0.92
3631,2021-09-04,LIG,3020,1684,1336,877,2115,28,ITC,ITC3,7,Liguria,Liguria,1550640,1745266,112.55,0.19
3632,2021-03-22,LIG,7762,3478,4284,4745,2943,74,ITC,ITC3,7,Liguria,Liguria,1550640,1753028,113.05,0.5
3633,2021-02-07,LIG,407,153,254,2,405,0,ITC,ITC3,7,Liguria,Liguria,1550640,1753435,113.08,0.03
3634,2021-03-24,LIG,9195,4040,5155,5819,3293,83,ITC,ITC3,7,Liguria,Liguria,1550640,1762630,113.67,0.59
3635,2021-07-02,LIG,13002,6377,6625,6360,6527,115,ITC,ITC3,7,Liguria,Liguria,1550640,1775632,114.51,0.84
3636,2020-12-31,LIG,991,352,639,991,0,0,ITC,ITC3,7,Liguria,Liguria,1550640,1776623,114.57,0.06
3637,2021-04-10,LIG,7896,3565,4331,6907,914,75,ITC,ITC3,7,Liguria,Liguria,1550640,1784519,115.08,0.51
3638,2021-01-17,LIG,866,301,565,865,0,1,ITC,ITC3,7,Liguria,Liguria,1550640,1785385,115.14,0.06
3639,2021-06-27,LIG,1951,896,1055,679,1254,18,ITC,ITC3,7,Liguria,Liguria,1550640,1787336,115.26,0.13
3640,2021-02-12,LIG,1941,691,1250,896,1044,1,ITC,ITC3,7,Liguria,Liguria,1550640,1789277,115.39,0.13
3641,2021-03-29,LIG,10594,4629,5965,7364,3135,95,ITC,ITC3,7,Liguria,Liguria,1550640,1799871,116.07,0.68
3642,2021-01-31,LIG,625,271,354,4,621,0,ITC,ITC3,7,Liguria,Liguria,1550640,1800496,116.11,0.04
3643,2021-07-07,LIG,11810,5655,6155,4921,6806,83,ITC,ITC3,7,Liguria,Liguria,1550640,1812306,116.87,0.76
3644,2021-05-18,LIG,13503,6136,7367,10059,3316,128,ITC,ITC3,7,Liguria,Liguria,1550640,1825809,117.75,0.87
3645,2021-08-28,LIG,4133,2339,1794,1009,3098,26,ITC,ITC3,7,Liguria,Liguria,1550640,1829942,118.01,0.27
3646,2021-05-20,LIG,12951,6009,6942,8790,4040,121,ITC,ITC3,7,Liguria,Liguria,1550640,1842893,118.85,0.84
3647,2021-08-16,LIG,9930,5139,4791,3773,6052,105,ITC,ITC3,7,Liguria,Liguria,1550640,1852823,119.49,0.64
3648,2021-03-15,LIG,7371,3123,4248,4501,2822,48,ITC,ITC3,7,Liguria,Liguria,1550640,1860194,119.96,0.48
3649,2021-01-14,LIG,2983,1056,1927,2982,0,1,ITC,ITC3,7,Liguria,Liguria,1550640,1863177,120.16,0.19
3650,2021-03-12,LIG,6225,2875,3350,3690,2477,58,ITC,ITC3,7,Liguria,Liguria,1550640,1869402,120.56,0.4
3651,2021-07-01,LIG,13578,6548,7030,7282,6180,116,ITC,ITC3,7,Liguria,Liguria,1550640,1882980,121.43,0.88
3652,2021-05-19,LIG,13586,5966,7620,10326,3128,132,ITC,ITC3,7,Liguria,Liguria,1550640,1896566,122.31,0.88
3653,2021-03-23,LIG,9298,4236,5062,5993,3219,86,ITC,ITC3,7,Liguria,Liguria,1550640,1905864,122.91,0.6
3654,2021-08-27,LIG,9217,4917,4300,2824,6305,88,ITC,ITC3,7,Liguria,Liguria,1550640,1915081,123.5,0.59
3655,2021-07-15,LIG,14794,7485,7309,5129,9518,147,ITC,ITC3,7,Liguria,Liguria,1550640,1929875,124.46,0.95
3656,2021-02-01,LIG,2575,929,1646,101,2474,0,ITC,ITC3,7,Liguria,Liguria,1550640,1932450,124.62,0.17
3657,2021-07-08,LIG,13686,6725,6961,6134,7434,118,ITC,ITC3,7,Liguria,Liguria,1550640,1946136,125.51,0.88
3658,2021-05-12,LIG,12124,5492,6632,6613,5411,100,ITC,ITC3,7,Liguria,Liguria,1550640,1958260,126.29,0.78
3659,2021-05-26,LIG,16701,8433,8268,12172,4383,146,ITC,ITC3,7,Liguria,Liguria,1550640,1974961,127.36,1.08
3660,2021-03-30,LIG,12230,5432,6798,8752,3395,83,ITC,ITC3,7,Liguria,Liguria,1550640,1987191,128.15,0.79
3661,2021-09-03,LIG,7369,4062,3307,2195,5091,83,ITC,ITC3,7,Liguria,Liguria,1550640,1994560,128.63,0.48
3662,2021-04-06,LIG,13268,5906,7362,10895,2266,107,ITC,ITC3,7,Liguria,Liguria,1550640,2007828,129.48,0.86
3663,2021-02-08,LIG,1983,744,1239,299,1684,0,ITC,ITC3,7,Liguria,Liguria,1550640,2009811,129.61,0.13
3664,2020-12-27,LIG,135,56,79,134,0,1,ITC,ITC3,7,Liguria,Liguria,1550640,2009946,129.62,0.01
3665,2021-02-15,LIG,2265,840,1425,1853,400,12,ITC,ITC3,7,Liguria,Liguria,1550640,2012211,129.77,0.15
3666,2021-09-14,LIG,6344,3290,3054,2279,3961,104,ITC,ITC3,7,Liguria,Liguria,1550640,2018555,130.18,0.41
3667,2021-01-03,LIG,738,233,505,736,0,2,ITC,ITC3,7,Liguria,Liguria,1550640,2019293,130.22,0.05
3668,2021-07-26,LIG,17689,9025,8664,4700,12864,125,ITC,ITC3,7,Liguria,Liguria,1550640,2036982,131.36,1.14
3669,2021-01-07,LIG,3226,1096,2130,3223,0,3,ITC,ITC3,7,Liguria,Liguria,1550640,2040208,131.57,0.21
3670,2021-06-13,LIG,5643,2706,2937,5126,456,61,ITC,ITC3,7,Liguria,Liguria,1550640,2045851,131.94,0.36
3671,2021-04-17,LIG,7393,3219,4174,6580,755,58,ITC,ITC3,7,Liguria,Liguria,1550640,2053244,132.41,0.48
3672,2021-05-01,LIG,7155,3261,3894,1313,5811,31,ITC,ITC3,7,Liguria,Liguria,1550640,2060399,132.87,0.46
3673,2021-03-05,LIG,4876,2155,2721,3692,1137,47,ITC,ITC3,7,Liguria,Liguria,1550640,2065275,133.19,0.31
3674,2021-08-09,LIG,12022,6113,5909,4345,7543,134,ITC,ITC3,7,Liguria,Liguria,1550640,2077297,133.96,0.78
3675,2021-06-06,LIG,3814,2032,1782,2933,862,19,ITC,ITC3,7,Liguria,Liguria,1550640,2081111,134.21,0.25
3676,2021-04-24,LIG,8222,3799,4423,4985,3155,82,ITC,ITC3,7,Liguria,Liguria,1550640,2089333,134.74,0.53
3677,2021-02-26,LIG,3772,1526,2246,3418,329,25,ITC,ITC3,7,Liguria,Liguria,1550640,2093105,134.98,0.24
3678,2021-08-02,LIG,13119,6523,6596,2965,10068,86,ITC,ITC3,7,Liguria,Liguria,1550640,2106224,135.83,0.85
3679,2021-06-20,LIG,1336,658,678,1045,275,16,ITC,ITC3,7,Liguria,Liguria,1550640,2107560,135.92,0.09
3680,2021-06-20,PAB,5250,2854,2396,592,4604,54,ITH,ITH1,4,Provincia Autonoma Bolzano / Bozen,P.A. Bolzano,533050,5250,0.98,0.98
3681,2021-02-07,PAB,2680,1186,1494,330,2350,0,ITH,ITH1,4,Provincia Autonoma Bolzano / Bozen,P.A. Bolzano,533050,7930,1.49,0.5
3682,2021-05-18,PAB,3364,1765,1599,2078,1191,95,ITH,ITH1,4,Provincia Autonoma Bolzano / Bozen,P.A. Bolzano,533050,11294,2.12,0.63
3683,2021-06-06,PAB,4553,2189,2364,810,3693,50,ITH,ITH1,4,Provincia Autonoma Bolzano / Bozen,P.A. Bolzano,533050,15847,2.97,0.85
3684,2021-02-26,PAB,1528,551,977,1471,30,27,ITH,ITH1,4,Provincia Autonoma Bolzano / Bozen,P.A. Bolzano,533050,17375,3.26,0.29
3685,2021-09-09,PAB,1686,852,834,685,964,37,ITH,ITH1,4,Provincia Autonoma Bolzano / Bozen,P.A. Bolzano,533050,19061,3.58,0.32
3686,2021-06-01,PAB,3677,2385,1292,2053,1479,145,ITH,ITH1,4,Provincia Autonoma Bolzano / Bozen,P.A. Bolzano,533050,22738,4.27,0.69
3687,2021-08-23,PAB,2129,1202,927,770,1326,33,ITH,ITH1,4,Provincia Autonoma Bolzano / Bozen,P.A. Bolzano,533050,24867,4.67,0.4
3688,2021-07-16,PAB,4513,2449,2064,1030,3319,164,ITH,ITH1,4,Provincia Autonoma Bolzano / Bozen,P.A. Bolzano,533050,29380,5.51,0.85
3689,2021-04-24,PAB,5119,2458,2661,4303,488,328,ITH,ITH1,4,Provincia Autonoma Bolzano / Bozen,P.A. Bolzano,533050,34499,6.47,0.96
3690,2021-08-02,PAB,2133,1278,855,1165,875,93,ITH,ITH1,4,Provincia Autonoma Bolzano / Bozen,P.A. Bolzano,533050,36632,6.87,0.4
3691,2021-07-14,PAB,873,453,420,457,361,55,ITH,ITH1,4,Provincia Autonoma Bolzano / Bozen,P.A. Bolzano,533050,37505,7.04,0.16
3692,2021-04-05,PAB,304,147,157,23,280,1,ITH,ITH1,4,Provincia Autonoma Bolzano / Bozen,P.A. Bolzano,533050,37809,7.09,0.06
3693,2021-06-27,PAB,4429,2315,2114,567,3810,52,ITH,ITH1,4,Provincia Autonoma Bolzano / Bozen,P.A. Bolzano,533050,42238,7.92,0.83
3694,2021-01-12,PAB,1712,461,1251,1712,0,0,ITH,ITH1,4,Provincia Autonoma Bolzano / Bozen,P.A. Bolzano,533050,43950,8.25,0.32
3695,2021-01-26,PAB,810,291,519,1,809,0,ITH,ITH1,4,Provincia Autonoma Bolzano / Bozen,P.A. Bolzano,533050,44760,8.4,0.15
3696,2021-07-02,PAB,3202,1658,1544,844,2171,187,ITH,ITH1,4,Provincia Autonoma Bolzano / Bozen,P.A. Bolzano,533050,47962,9.0,0.6
3697,2021-03-24,PAB,2068,1003,1065,2002,13,53,ITH,ITH1,4,Provincia Autonoma Bolzano / Bozen,P.A. Bolzano,533050,50030,9.39,0.39
3698,2021-03-10,PAB,1277,537,740,1083,144,50,ITH,ITH1,4,Provincia Autonoma Bolzano / Bozen,P.A. Bolzano,533050,51307,9.63,0.24
3699,2021-05-20,PAB,4975,2502,2473,3340,1480,155,ITH,ITH1,4,Provincia Autonoma Bolzano / Bozen,P.A. Bolzano,533050,56282,10.56,0.93
3700,2021-08-11,PAB,1206,607,599,669,487,50,ITH,ITH1,4,Provincia Autonoma Bolzano / Bozen,P.A. Bolzano,533050,57488,10.78,0.23
3701,2021-08-28,PAB,3270,1838,1432,1015,2213,42,ITH,ITH1,4,Provincia Autonoma Bolzano / Bozen,P.A. Bolzano,533050,60758,11.4,0.61
3702,2021-09-11,PAB,964,529,435,348,588,28,ITH,ITH1,4,Provincia Autonoma Bolzano / Bozen,P.A. Bolzano,533050,61722,11.58,0.18
3703,2021-02-12,PAB,730,217,513,464,248,18,ITH,ITH1,4,Provincia Autonoma Bolzano / Bozen,P.A. Bolzano,533050,62452,11.72,0.14
3704,2021-04-10,PAB,5416,2673,2743,4658,590,168,ITH,ITH1,4,Provincia Autonoma Bolzano / Bozen,P.A. Bolzano,533050,67868,12.73,1.02
3705,2020-12-31,PAB,929,528,401,929,0,0,ITH,ITH1,4,Provincia Autonoma Bolzano / Bozen,P.A. Bolzano,533050,68797,12.91,0.17
3706,2021-04-19,PAB,1876,860,1016,1604,182,90,ITH,ITH1,4,Provincia Autonoma Bolzano / Bozen,P.A. Bolzano,533050,70673,13.26,0.35
3707,2021-06-15,PAB,2045,1184,861,480,1534,31,ITH,ITH1,4,Provincia Autonoma Bolzano / Bozen,P.A. Bolzano,533050,72718,13.64,0.38
3708,2021-07-28,PAB,1439,785,654,841,497,101,ITH,ITH1,4,Provincia Autonoma Bolzano / Bozen,P.A. Bolzano,533050,74157,13.91,0.27
3709,2021-03-22,PAB,1159,527,632,1112,17,30,ITH,ITH1,4,Provincia Autonoma Bolzano / Bozen,P.A. Bolzano,533050,75316,14.13,0.22
3710,2021-02-19,PAB,2252,512,1740,2193,11,48,ITH,ITH1,4,Provincia Autonoma Bolzano / Bozen,P.A. Bolzano,533050,77568,14.55,0.42
3711,2021-09-18,PAB,617,350,267,267,350,0,ITH,ITH1,4,Provincia Autonoma Bolzano / Bozen,P.A. Bolzano,533050,78185,14.67,0.12
3712,2021-08-04,PAB,3811,2017,1794,2640,978,193,ITH,ITH1,4,Provincia Autonoma Bolzano / Bozen,P.A. Bolzano,533050,81996,15.38,0.71
3713,2021-09-16,PAB,1311,658,653,749,543,19,ITH,ITH1,4,Provincia Autonoma Bolzano / Bozen,P.A. Bolzano,533050,83307,15.63,0.25
3714,2021-08-09,PAB,1542,862,680,1065,413,64,ITH,ITH1,4,Provincia Autonoma Bolzano / Bozen,P.A. Bolzano,533050,84849,15.92,0.29
3715,2021-05-01,PAB,2105,1067,1038,1811,160,134,ITH,ITH1,4,Provincia Autonoma Bolzano / Bozen,P.A. Bolzano,533050,86954,16.31,0.39
3716,2021-03-12,PAB,1669,737,932,1223,413,33,ITH,ITH1,4,Provincia Autonoma Bolzano / Bozen,P.A. Bolzano,533050,88623,16.63,0.31
3717,2021-03-29,PAB,1173,500,673,391,761,21,ITH,ITH1,4,Provincia Autonoma Bolzano / Bozen,P.A. Bolzano,533050,89796,16.85,0.22
3718,2021-06-29,PAB,1894,1021,873,245,1627,22,ITH,ITH1,4,Provincia Autonoma Bolzano / Bozen,P.A. Bolzano,533050,91690,17.2,0.36
3719,2021-05-06,PAB,5191,2752,2439,2365,2571,255,ITH,ITH1,4,Provincia Autonoma Bolzano / Bozen,P.A. Bolzano,533050,96881,18.17,0.97
3720,2021-03-17,PAB,582,213,369,546,1,35,ITH,ITH1,4,Provincia Autonoma Bolzano / Bozen,P.A. Bolzano,533050,97463,18.28,0.11
3721,2021-08-21,PAB,1705,917,788,588,1075,42,ITH,ITH1,4,Provincia Autonoma Bolzano / Bozen,P.A. Bolzano,533050,99168,18.6,0.32
3722,2021-05-13,PAB,3005,1360,1645,1020,1934,51,ITH,ITH1,4,Provincia Autonoma Bolzano / Bozen,P.A. Bolzano,533050,102173,19.17,0.56
3723,2021-04-29,PAB,2643,1358,1285,1750,699,194,ITH,ITH1,4,Provincia Autonoma Bolzano / Bozen,P.A. Bolzano,533050,104816,19.66,0.5
3724,2021-07-09,PAB,5228,2613,2615,884,4169,175,ITH,ITH1,4,Provincia Autonoma Bolzano / Bozen,P.A. Bolzano,533050,110044,20.64,0.98
3725,2021-03-31,PAB,1836,696,1140,729,1014,93,ITH,ITH1,4,Provincia Autonoma Bolzano / Bozen,P.A. Bolzano,533050,111880,20.99,0.34
3726,2021-07-23,PAB,4359,2377,1982,1668,2391,300,ITH,ITH1,4,Provincia Autonoma Bolzano / Bozen,P.A. Bolzano,533050,116239,21.81,0.82
3727,2021-01-05,PAB,830,286,544,829,0,1,ITH,ITH1,4,Provincia Autonoma Bolzano / Bozen,P.A. Bolzano,533050,117069,21.96,0.16
3728,2021-01-24,PAB,12,10,2,0,12,0,ITH,ITH1,4,Provincia Autonoma Bolzano / Bozen,P.A. Bolzano,533050,117081,21.96,0.0
3729,2021-07-04,PAB,4424,2132,2292,157,4236,31,ITH,ITH1,4,Provincia Autonoma Bolzano / Bozen,P.A. Bolzano,533050,121505,22.79,0.83
3730,2021-08-30,PAB,2142,1127,1015,810,1294,38,ITH,ITH1,4,Provincia Autonoma Bolzano / Bozen,P.A. Bolzano,533050,123647,23.2,0.4
3731,2021-06-08,PAB,4267,2185,2082,890,3346,31,ITH,ITH1,4,Provincia Autonoma Bolzano / Bozen,P.A. Bolzano,533050,127914,24.0,0.8
3732,2021-08-06,PAB,3642,1918,1724,1111,2430,101,ITH,ITH1,4,Provincia Autonoma Bolzano / Bozen,P.A. Bolzano,533050,131556,24.68,0.68
3733,2021-04-28,PAB,2469,1307,1162,2256,5,208,ITH,ITH1,4,Provincia Autonoma Bolzano / Bozen,P.A. Bolzano,533050,134025,25.14,0.46
3734,2021-04-17,PAB,5255,2609,2646,4966,44,245,ITH,ITH1,4,Provincia Autonoma Bolzano / Bozen,P.A. Bolzano,533050,139280,26.13,0.99
3735,2021-01-07,PAB,921,329,592,921,0,0,ITH,ITH1,4,Provincia Autonoma Bolzano / Bozen,P.A. Bolzano,533050,140201,26.3,0.17
3736,2021-07-21,PAB,3220,1882,1338,509,2644,67,ITH,ITH1,4,Provincia Autonoma Bolzano / Bozen,P.A. Bolzano,533050,143421,26.91,0.6
3737,2021-04-12,PAB,2110,948,1162,2030,6,74,ITH,ITH1,4,Provincia Autonoma Bolzano / Bozen,P.A. Bolzano,533050,145531,27.3,0.4
3738,2021-09-04,PAB,1359,715,644,573,748,38,ITH,ITH1,4,Provincia Autonoma Bolzano / Bozen,P.A. Bolzano,533050,146890,27.56,0.25
3739,2021-03-05,PAB,1843,627,1216,1386,443,14,ITH,ITH1,4,Provincia Autonoma Bolzano / Bozen,P.A. Bolzano,533050,148733,27.9,0.35
3740,2021-05-27,PAB,6214,3278,2936,3885,2017,312,ITH,ITH1,4,Provincia Autonoma Bolzano / Bozen,P.A. Bolzano,533050,154947,29.07,1.17
3741,2021-06-13,PAB,3691,2057,1634,452,3199,40,ITH,ITH1,4,Provincia Autonoma Bolzano / Bozen,P.A. Bolzano,533050,158638,29.76,0.69
3742,2021-05-25,PAB,3898,2024,1874,2903,888,107,ITH,ITH1,4,Provincia Autonoma Bolzano / Bozen,P.A. Bolzano,533050,162536,30.49,0.73
3743,2021-02-14,PAB,299,131,168,297,2,0,ITH,ITH1,4,Provincia Autonoma Bolzano / Bozen,P.A. Bolzano,533050,162835,30.55,0.06
3744,2021-08-16,PAB,1965,1115,850,823,1085,57,ITH,ITH1,4,Provincia Autonoma Bolzano / Bozen,P.A. Bolzano,533050,164800,30.92,0.37
3745,2021-05-08,PAB,4430,2383,2047,3565,664,201,ITH,ITH1,4,Provincia Autonoma Bolzano / Bozen,P.A. Bolzano,533050,169230,31.75,0.83
3746,2021-08-08,PAB,1876,1024,852,951,856,69,ITH,ITH1,4,Provincia Autonoma Bolzano / Bozen,P.A. Bolzano,533050,171106,32.1,0.35
3747,2021-01-21,PAB,969,452,517,140,829,0,ITH,ITH1,4,Provincia Autonoma Bolzano / Bozen,P.A. Bolzano,533050,172075,32.28,0.18
3748,2021-07-25,PAB,1892,1127,765,659,1146,87,ITH,ITH1,4,Provincia Autonoma Bolzano / Bozen,P.A. Bolzano,533050,173967,32.64,0.35
3749,2021-03-21,PAB,769,286,483,14,754,1,ITH,ITH1,4,Provincia Autonoma Bolzano / Bozen,P.A. Bolzano,533050,174736,32.78,0.14
3750,2021-06-12,PAB,5079,2754,2325,1647,3289,143,ITH,ITH1,4,Provincia Autonoma Bolzano / Bozen,P.A. Bolzano,533050,179815,33.73,0.95
3751,2021-01-14,PAB,1953,578,1375,1953,0,0,ITH,ITH1,4,Provincia Autonoma Bolzano / Bozen,P.A. Bolzano,533050,181768,34.1,0.37
3752,2021-04-07,PAB,1803,825,978,1170,541,92,ITH,ITH1,4,Provincia Autonoma Bolzano / Bozen,P.A. Bolzano,533050,183571,34.44,0.34
3753,2021-03-02,PAB,696,200,496,694,2,0,ITH,ITH1,4,Provincia Autonoma Bolzano / Bozen,P.A. Bolzano,533050,184267,34.57,0.13
3754,2021-03-19,PAB,1921,777,1144,754,1120,47,ITH,ITH1,4,Provincia Autonoma Bolzano / Bozen,P.A. Bolzano,533050,186188,34.93,0.36
3755,2021-01-23,PAB,197,117,80,0,197,0,ITH,ITH1,4,Provincia Autonoma Bolzano / Bozen,P.A. Bolzano,533050,186385,34.97,0.04
3756,2021-08-25,PAB,2745,1458,1287,778,1916,51,ITH,ITH1,4,Provincia Autonoma Bolzano / Bozen,P.A. Bolzano,533050,189130,35.48,0.51
3757,2021-05-03,PAB,1838,851,987,398,1419,21,ITH,ITH1,4,Provincia Autonoma Bolzano / Bozen,P.A. Bolzano,533050,190968,35.83,0.34
3758,2021-02-23,PAB,769,324,445,760,6,3,ITH,ITH1,4,Provincia Autonoma Bolzano / Bozen,P.A. Bolzano,533050,191737,35.97,0.14
3759,2021-05-17,PAB,3154,1525,1629,2279,697,178,ITH,ITH1,4,Provincia Autonoma Bolzano / Bozen,P.A. Bolzano,533050,194891,36.56,0.59
3760,2021-06-03,PAB,4890,2663,2227,3677,972,241,ITH,ITH1,4,Provincia Autonoma Bolzano / Bozen,P.A. Bolzano,533050,199781,37.48,0.92
3761,2021-05-15,PAB,7021,3697,3324,6323,294,404,ITH,ITH1,4,Provincia Autonoma Bolzano / Bozen,P.A. Bolzano,533050,206802,38.8,1.32
3762,2021-02-04,PAB,1968,598,1370,8,1960,0,ITH,ITH1,4,Provincia Autonoma Bolzano / Bozen,P.A. Bolzano,533050,208770,39.17,0.37
3763,2021-07-11,PAB,6076,3095,2981,1056,4880,140,ITH,ITH1,4,Provincia Autonoma Bolzano / Bozen,P.A. Bolzano,533050,214846,40.31,1.14
3764,2021-04-02,PAB,2090,841,1249,590,1357,143,ITH,ITH1,4,Provincia Autonoma Bolzano / Bozen,P.A. Bolzano,533050,216936,40.7,0.39
3765,2021-09-06,PAB,1128,582,546,565,534,29,ITH,ITH1,4,Provincia Autonoma Bolzano / Bozen,P.A. Bolzano,533050,218064,40.91,0.21
3766,2021-09-13,PAB,1169,642,527,668,452,49,ITH,ITH1,4,Provincia Autonoma Bolzano / Bozen,P.A. Bolzano,533050,219233,41.13,0.22
3767,2021-06-05,PAB,6087,3035,3052,4687,1097,303,ITH,ITH1,4,Provincia Autonoma Bolzano / Bozen,P.A. Bolzano,533050,225320,42.27,1.14
3768,2021-03-03,PAB,1181,395,786,1162,13,6,ITH,ITH1,4,Provincia Autonoma Bolzano / Bozen,P.A. Bolzano,533050,226501,42.49,0.22
3769,2021-08-20,PAB,3930,2072,1858,874,2972,84,ITH,ITH1,4,Provincia Autonoma Bolzano / Bozen,P.A. Bolzano,533050,230431,43.23,0.74
3770,2021-03-07,PAB,440,150,290,19,420,1,ITH,ITH1,4,Provincia Autonoma Bolzano / Bozen,P.A. Bolzano,533050,230871,43.31,0.08
3771,2021-07-30,PAB,5303,2844,2459,3326,1543,434,ITH,ITH1,4,Provincia Autonoma Bolzano / Bozen,P.A. Bolzano,533050,236174,44.31,0.99
3772,2021-04-21,PAB,3017,1470,1547,2039,848,130,ITH,ITH1,4,Provincia Autonoma Bolzano / Bozen,P.A. Bolzano,533050,239191,44.87,0.57
3773,2021-06-24,PAB,3946,2042,1904,1554,2204,188,ITH,ITH1,4,Provincia Autonoma Bolzano / Bozen,P.A. Bolzano,533050,243137,45.61,0.74
3774,2021-01-09,PAB,612,326,286,612,0,0,ITH,ITH1,4,Provincia Autonoma Bolzano / Bozen,P.A. Bolzano,533050,243749,45.73,0.11
3775,2021-07-01,PAB,4640,2305,2335,1293,3167,180,ITH,ITH1,4,Provincia Autonoma Bolzano / Bozen,P.A. Bolzano,533050,248389,46.6,0.87
3776,2021-05-10,PAB,3029,1306,1723,1337,1611,81,ITH,ITH1,4,Provincia Autonoma Bolzano / Bozen,P.A. Bolzano,533050,251418,47.17,0.57
3777,2021-08-01,PAB,1319,760,559,697,551,71,ITH,ITH1,4,Provincia Autonoma Bolzano / Bozen,P.A. Bolzano,533050,252737,47.41,0.25
3778,2021-08-18,PAB,881,461,420,358,498,25,ITH,ITH1,4,Provincia Autonoma Bolzano / Bozen,P.A. Bolzano,533050,253618,47.58,0.17
3779,2021-02-16,PAB,530,205,325,529,0,1,ITH,ITH1,4,Provincia Autonoma Bolzano / Bozen,P.A. Bolzano,533050,254148,47.68,0.1
3780,2021-01-28,PAB,872,309,563,9,863,0,ITH,ITH1,4,Provincia Autonoma Bolzano / Bozen,P.A. Bolzano,533050,255020,47.84,0.16
3781,2021-08-27,PAB,2733,1419,1314,912,1729,92,ITH,ITH1,4,Provincia Autonoma Bolzano / Bozen,P.A. Bolzano,533050,257753,48.35,0.51
3782,2021-04-30,PAB,3348,1599,1749,1437,1778,133,ITH,ITH1,4,Provincia Autonoma Bolzano / Bozen,P.A. Bolzano,533050,261101,48.98,0.63
3783,2021-01-20,PAB,619,254,365,410,209,0,ITH,ITH1,4,Provincia Autonoma Bolzano / Bozen,P.A. Bolzano,533050,261720,49.1,0.12
3784,2021-07-22,PAB,3736,1941,1795,1692,1790,254,ITH,ITH1,4,Provincia Autonoma Bolzano / Bozen,P.A. Bolzano,533050,265456,49.8,0.7
3785,2021-01-06,PAB,59,18,41,59,0,0,ITH,ITH1,4,Provincia Autonoma Bolzano / Bozen,P.A. Bolzano,533050,265515,49.81,0.01
3786,2021-03-30,PAB,1302,532,770,205,1082,15,ITH,ITH1,4,Provincia Autonoma Bolzano / Bozen,P.A. Bolzano,533050,266817,50.05,0.24
3787,2021-07-06,PAB,1724,926,798,666,983,75,ITH,ITH1,4,Provincia Autonoma Bolzano / Bozen,P.A. Bolzano,533050,268541,50.38,0.32
3788,2021-06-22,PAB,2471,1423,1048,316,2126,29,ITH,ITH1,4,Provincia Autonoma Bolzano / Bozen,P.A. Bolzano,533050,271012,50.84,0.46
3789,2021-03-14,PAB,758,336,422,24,733,1,ITH,ITH1,4,Provincia Autonoma Bolzano / Bozen,P.A. Bolzano,533050,271770,50.98,0.14
3790,2021-04-14,PAB,3603,1650,1953,3232,95,276,ITH,ITH1,4,Provincia Autonoma Bolzano / Bozen,P.A. Bolzano,533050,275373,51.66,0.68
3791,2021-01-04,PAB,510,201,309,510,0,0,ITH,ITH1,4,Provincia Autonoma Bolzano / Bozen,P.A. Bolzano,533050,275883,51.76,0.1
3792,2021-06-17,PAB,1773,982,791,617,1078,78,ITH,ITH1,4,Provincia Autonoma Bolzano / Bozen,P.A. Bolzano,533050,277656,52.09,0.33
3793,2021-05-29,PAB,7341,3908,3433,4030,3144,167,ITH,ITH1,4,Provincia Autonoma Bolzano / Bozen,P.A. Bolzano,533050,284997,53.47,1.38
3794,2021-03-26,PAB,1663,737,926,506,1136,21,ITH,ITH1,4,Provincia Autonoma Bolzano / Bozen,P.A. Bolzano,533050,286660,53.78,0.31
3795,2021-04-09,PAB,2942,1303,1639,1946,730,266,ITH,ITH1,4,Provincia Autonoma Bolzano / Bozen,P.A. Bolzano,533050,289602,54.33,0.55
3796,2021-05-22,PAB,6844,3572,3272,4462,2169,213,ITH,ITH1,4,Provincia Autonoma Bolzano / Bozen,P.A. Bolzano,533050,296446,55.61,1.28
3797,2021-02-11,PAB,1096,433,663,238,857,1,ITH,ITH1,4,Provincia Autonoma Bolzano / Bozen,P.A. Bolzano,533050,297542,55.82,0.21
3798,2021-07-18,PAB,1871,1033,838,636,1150,85,ITH,ITH1,4,Provincia Autonoma Bolzano / Bozen,P.A. Bolzano,533050,299413,56.17,0.35
3799,2021-01-16,PAB,2841,1265,1576,2841,0,0,ITH,ITH1,4,Provincia Autonoma Bolzano / Bozen,P.A. Bolzano,533050,302254,56.7,0.53
3800,2021-06-10,PAB,4498,2334,2164,1302,3098,98,ITH,ITH1,4,Provincia Autonoma Bolzano / Bozen,P.A. Bolzano,533050,306752,57.55,0.84
3801,2021-08-13,PAB,2913,1558,1355,1513,1302,98,ITH,ITH1,4,Provincia Autonoma Bolzano / Bozen,P.A. Bolzano,533050,309665,58.09,0.55
3802,2021-04-25,PAB,3078,1501,1577,2281,672,125,ITH,ITH1,4,Provincia Autonoma Bolzano / Bozen,P.A. Bolzano,533050,312743,58.67,0.58
3803,2021-08-03,PAB,2952,1586,1366,1928,840,184,ITH,ITH1,4,Provincia Autonoma Bolzano / Bozen,P.A. Bolzano,533050,315695,59.22,0.55
3804,2021-03-04,PAB,1723,1011,712,1455,229,39,ITH,ITH1,4,Provincia Autonoma Bolzano / Bozen,P.A. Bolzano,533050,317418,59.55,0.32
3805,2021-09-05,PAB,1083,574,509,627,424,32,ITH,ITH1,4,Provincia Autonoma Bolzano / Bozen,P.A. Bolzano,533050,318501,59.75,0.2
3806,2021-09-03,PAB,3228,1708,1520,1053,2112,63,ITH,ITH1,4,Provincia Autonoma Bolzano / Bozen,P.A. Bolzano,533050,321729,60.36,0.61
3807,2021-05-26,PAB,5019,2537,2482,2857,1978,184,ITH,ITH1,4,Provincia Autonoma Bolzano / Bozen,P.A. Bolzano,533050,326748,61.3,0.94
3808,2021-08-17,PAB,1251,690,561,790,391,70,ITH,ITH1,4,Provincia Autonoma Bolzano / Bozen,P.A. Bolzano,533050,327999,61.53,0.23
3809,2021-01-02,PAB,91,48,43,91,0,0,ITH,ITH1,4,Provincia Autonoma Bolzano / Bozen,P.A. Bolzano,533050,328090,61.55,0.02
3810,2021-06-26,PAB,4548,2331,2217,1350,3077,121,ITH,ITH1,4,Provincia Autonoma Bolzano / Bozen,P.A. Bolzano,533050,332638,62.4,0.85
3811,2021-03-18,PAB,1302,531,771,216,1076,10,ITH,ITH1,4,Provincia Autonoma Bolzano / Bozen,P.A. Bolzano,533050,333940,62.65,0.24
3812,2021-08-22,PAB,993,546,447,291,685,17,ITH,ITH1,4,Provincia Autonoma Bolzano / Bozen,P.A. Bolzano,533050,334933,62.83,0.19
3813,2021-05-14,PAB,5146,2323,2823,2899,2044,203,ITH,ITH1,4,Provincia Autonoma Bolzano / Bozen,P.A. Bolzano,533050,340079,63.8,0.97
3814,2021-03-16,PAB,1290,532,758,116,1166,8,ITH,ITH1,4,Provincia Autonoma Bolzano / Bozen,P.A. Bolzano,533050,341369,64.04,0.24
3815,2021-05-12,PAB,3805,2063,1742,3410,154,241,ITH,ITH1,4,Provincia Autonoma Bolzano / Bozen,P.A. Bolzano,533050,345174,64.75,0.71
3816,2021-04-16,PAB,2958,1424,1534,2283,512,163,ITH,ITH1,4,Provincia Autonoma Bolzano / Bozen,P.A. Bolzano,533050,348132,65.31,0.55
3817,2021-07-08,PAB,5513,2784,2729,535,4888,90,ITH,ITH1,4,Provincia Autonoma Bolzano / Bozen,P.A. Bolzano,533050,353645,66.34,1.03
3818,2021-06-19,PAB,5668,3020,2648,553,5040,75,ITH,ITH1,4,Provincia Autonoma Bolzano / Bozen,P.A. Bolzano,533050,359313,67.41,1.06
3819,2021-03-11,PAB,1691,830,861,1104,538,49,ITH,ITH1,4,Provincia Autonoma Bolzano / Bozen,P.A. Bolzano,533050,361004,67.72,0.32
3820,2021-02-25,PAB,1498,549,949,1488,1,9,ITH,ITH1,4,Provincia Autonoma Bolzano / Bozen,P.A. Bolzano,533050,362502,68.01,0.28
3821,2021-06-02,PAB,1468,824,644,973,459,36,ITH,ITH1,4,Provincia Autonoma Bolzano / Bozen,P.A. Bolzano,533050,363970,68.28,0.28
3822,2021-04-26,PAB,1550,776,774,1458,5,87,ITH,ITH1,4,Provincia Autonoma Bolzano / Bozen,P.A. Bolzano,533050,365520,68.57,0.29
3823,2021-07-10,PAB,5815,3003,2812,905,4751,159,ITH,ITH1,4,Provincia Autonoma Bolzano / Bozen,P.A. Bolzano,533050,371335,69.66,1.09
3824,2021-01-18,PAB,1777,689,1088,1772,5,0,ITH,ITH1,4,Provincia Autonoma Bolzano / Bozen,P.A. Bolzano,533050,373112,70.0,0.33
3825,2021-09-17,PAB,1984,1034,950,596,1388,0,ITH,ITH1,4,Provincia Autonoma Bolzano / Bozen,P.A. Bolzano,533050,375096,70.37,0.37
3826,2021-02-18,PAB,1838,457,1381,1810,7,21,ITH,ITH1,4,Provincia Autonoma Bolzano / Bozen,P.A. Bolzano,533050,376934,70.71,0.34
3827,2021-02-06,PAB,2634,1177,1457,19,2615,0,ITH,ITH1,4,Provincia Autonoma Bolzano / Bozen,P.A. Bolzano,533050,379568,71.21,0.49
3828,2021-06-21,PAB,3168,1615,1553,259,2868,41,ITH,ITH1,4,Provincia Autonoma Bolzano / Bozen,P.A. Bolzano,533050,382736,71.8,0.59
3829,2021-09-12,PAB,262,145,117,128,124,10,ITH,ITH1,4,Provincia Autonoma Bolzano / Bozen,P.A. Bolzano,533050,382998,71.85,0.05
3830,2021-01-13,PAB,1727,569,1158,1727,0,0,ITH,ITH1,4,Provincia Autonoma Bolzano / Bozen,P.A. Bolzano,533050,384725,72.17,0.32
3831,2021-01-30,PAB,498,245,253,4,494,0,ITH,ITH1,4,Provincia Autonoma Bolzano / Bozen,P.A. Bolzano,533050,385223,72.27,0.09
3832,2021-04-23,PAB,4554,2157,2397,3054,1293,207,ITH,ITH1,4,Provincia Autonoma Bolzano / Bozen,P.A. Bolzano,533050,389777,73.12,0.85
3833,2021-01-11,PAB,1594,522,1072,1594,0,0,ITH,ITH1,4,Provincia Autonoma Bolzano / Bozen,P.A. Bolzano,533050,391371,73.42,0.3
3834,2021-06-14,PAB,2984,1617,1367,571,2361,52,ITH,ITH1,4,Provincia Autonoma Bolzano / Bozen,P.A. Bolzano,533050,394355,73.98,0.56
3835,2021-02-01,PAB,1467,448,1019,13,1453,1,ITH,ITH1,4,Provincia Autonoma Bolzano / Bozen,P.A. Bolzano,533050,395822,74.26,0.28
3836,2021-08-29,PAB,869,480,389,353,498,18,ITH,ITH1,4,Provincia Autonoma Bolzano / Bozen,P.A. Bolzano,533050,396691,74.42,0.16
3837,2021-03-09,PAB,1194,543,651,1164,2,28,ITH,ITH1,4,Provincia Autonoma Bolzano / Bozen,P.A. Bolzano,533050,397885,74.64,0.22
3838,2021-02-08,PAB,2,1,1,1,1,0,ITH,ITH1,4,Provincia Autonoma Bolzano / Bozen,P.A. Bolzano,533050,397887,74.64,0.0
3839,2021-05-19,PAB,3888,1997,1891,1959,1789,140,ITH,ITH1,4,Provincia Autonoma Bolzano / Bozen,P.A. Bolzano,533050,401775,75.37,0.73
3840,2021-01-03,PAB,41,16,25,41,0,0,ITH,ITH1,4,Provincia Autonoma Bolzano / Bozen,P.A. Bolzano,533050,401816,75.38,0.01
3841,2021-09-14,PAB,696,367,329,358,317,21,ITH,ITH1,4,Provincia Autonoma Bolzano / Bozen,P.A. Bolzano,533050,402512,75.51,0.13
3842,2021-04-13,PAB,2400,1134,1266,2307,7,86,ITH,ITH1,4,Provincia Autonoma Bolzano / Bozen,P.A. Bolzano,533050,404912,75.96,0.45
3843,2021-07-29,PAB,1341,718,623,696,570,75,ITH,ITH1,4,Provincia Autonoma Bolzano / Bozen,P.A. Bolzano,533050,406253,76.21,0.25
3844,2020-12-30,PAB,389,183,206,389,0,0,ITH,ITH1,4,Provincia Autonoma Bolzano / Bozen,P.A. Bolzano,533050,406642,76.29,0.07
3845,2021-09-10,PAB,1637,867,770,730,854,53,ITH,ITH1,4,Provincia Autonoma Bolzano / Bozen,P.A. Bolzano,533050,408279,76.59,0.31
3846,2021-03-28,PAB,569,212,357,11,558,0,ITH,ITH1,4,Provincia Autonoma Bolzano / Bozen,P.A. Bolzano,533050,408848,76.7,0.11
3847,2021-08-10,PAB,1852,1017,835,1423,281,148,ITH,ITH1,4,Provincia Autonoma Bolzano / Bozen,P.A. Bolzano,533050,410700,77.05,0.35
3848,2021-05-23,PAB,4343,2305,2038,4134,8,201,ITH,ITH1,4,Provincia Autonoma Bolzano / Bozen,P.A. Bolzano,533050,415043,77.86,0.81
3849,2021-07-19,PAB,2783,1396,1387,608,2048,127,ITH,ITH1,4,Provincia Autonoma Bolzano / Bozen,P.A. Bolzano,533050,417826,78.38,0.52
3850,2021-02-03,PAB,1508,480,1028,5,1503,0,ITH,ITH1,4,Provincia Autonoma Bolzano / Bozen,P.A. Bolzano,533050,419334,78.67,0.28
3851,2021-02-10,PAB,1637,605,1032,26,1610,1,ITH,ITH1,4,Provincia Autonoma Bolzano / Bozen,P.A. Bolzano,533050,420971,78.97,0.31
3852,2021-06-09,PAB,3870,1919,1951,1264,2498,108,ITH,ITH1,4,Provincia Autonoma Bolzano / Bozen,P.A. Bolzano,533050,424841,79.7,0.73
3853,2021-03-01,PAB,925,224,701,889,1,35,ITH,ITH1,4,Provincia Autonoma Bolzano / Bozen,P.A. Bolzano,533050,425766,79.87,0.17
3854,2021-08-05,PAB,3472,1888,1584,1770,1581,121,ITH,ITH1,4,Provincia Autonoma Bolzano / Bozen,P.A. Bolzano,533050,429238,80.52,0.65
3855,2021-03-15,PAB,1195,452,743,697,483,15,ITH,ITH1,4,Provincia Autonoma Bolzano / Bozen,P.A. Bolzano,533050,430433,80.75,0.22
3856,2021-04-27,PAB,2235,1015,1220,1063,1079,93,ITH,ITH1,4,Provincia Autonoma Bolzano / Bozen,P.A. Bolzano,533050,432668,81.17,0.42
3857,2021-01-17,PAB,2329,1044,1285,2318,11,0,ITH,ITH1,4,Provincia Autonoma Bolzano / Bozen,P.A. Bolzano,533050,434997,81.61,0.44
3858,2021-06-23,PAB,1153,595,558,332,768,53,ITH,ITH1,4,Provincia Autonoma Bolzano / Bozen,P.A. Bolzano,533050,436150,81.82,0.22
3859,2021-07-15,PAB,4397,2320,2077,1450,2703,244,ITH,ITH1,4,Provincia Autonoma Bolzano / Bozen,P.A. Bolzano,533050,440547,82.65,0.82
3860,2021-04-06,PAB,2254,1120,1134,1947,102,205,ITH,ITH1,4,Provincia Autonoma Bolzano / Bozen,P.A. Bolzano,533050,442801,83.07,0.42
3861,2021-07-17,PAB,3147,1801,1346,687,2352,108,ITH,ITH1,4,Provincia Autonoma Bolzano / Bozen,P.A. Bolzano,533050,445948,83.66,0.59
3862,2021-04-08,PAB,2797,1361,1436,2501,204,92,ITH,ITH1,4,Provincia Autonoma Bolzano / Bozen,P.A. Bolzano,533050,448745,84.18,0.52
3863,2021-07-26,PAB,1629,940,689,1110,411,108,ITH,ITH1,4,Provincia Autonoma Bolzano / Bozen,P.A. Bolzano,533050,450374,84.49,0.31
3864,2021-02-22,PAB,526,143,383,496,12,18,ITH,ITH1,4,Provincia Autonoma Bolzano / Bozen,P.A. Bolzano,533050,450900,84.59,0.1
3865,2021-08-26,PAB,2240,1134,1106,827,1359,54,ITH,ITH1,4,Provincia Autonoma Bolzano / Bozen,P.A. Bolzano,533050,453140,85.01,0.42
3866,2021-07-07,PAB,1994,1034,960,579,1336,79,ITH,ITH1,4,Provincia Autonoma Bolzano / Bozen,P.A. Bolzano,533050,455134,85.38,0.37
3867,2021-02-15,PAB,72,42,30,23,46,3,ITH,ITH1,4,Provincia Autonoma Bolzano / Bozen,P.A. Bolzano,533050,455206,85.4,0.01
3868,2021-08-19,PAB,1751,967,784,1048,614,89,ITH,ITH1,4,Provincia Autonoma Bolzano / Bozen,P.A. Bolzano,533050,456957,85.72,0.33
3869,2021-05-11,PAB,2855,1339,1516,1256,1523,76,ITH,ITH1,4,Provincia Autonoma Bolzano / Bozen,P.A. Bolzano,533050,459812,86.26,0.54
3870,2021-07-31,PAB,3168,1720,1448,2070,924,174,ITH,ITH1,4,Provincia Autonoma Bolzano / Bozen,P.A. Bolzano,533050,462980,86.85,0.59
3871,2021-01-29,PAB,1515,518,997,24,1491,0,ITH,ITH1,4,Provincia Autonoma Bolzano / Bozen,P.A. Bolzano,533050,464495,87.14,0.28
3872,2021-04-22,PAB,2939,1512,1427,1872,942,125,ITH,ITH1,4,Provincia Autonoma Bolzano / Bozen,P.A. Bolzano,533050,467434,87.69,0.55
3873,2021-08-15,PAB,616,333,283,262,334,20,ITH,ITH1,4,Provincia Autonoma Bolzano / Bozen,P.A. Bolzano,533050,468050,87.81,0.12
3874,2021-05-07,PAB,4200,2063,2137,3393,528,279,ITH,ITH1,4,Provincia Autonoma Bolzano / Bozen,P.A. Bolzano,533050,472250,88.59,0.79
3875,2021-07-03,PAB,5639,2793,2846,927,4566,146,ITH,ITH1,4,Provincia Autonoma Bolzano / Bozen,P.A. Bolzano,533050,477889,89.65,1.06
3876,2021-05-05,PAB,4161,1948,2213,1824,2118,219,ITH,ITH1,4,Provincia Autonoma Bolzano / Bozen,P.A. Bolzano,533050,482050,90.43,0.78
3877,2021-01-25,PAB,493,187,306,3,490,0,ITH,ITH1,4,Provincia Autonoma Bolzano / Bozen,P.A. Bolzano,533050,482543,90.52,0.09
3878,2021-06-04,PAB,6723,3390,3333,4934,1537,252,ITH,ITH1,4,Provincia Autonoma Bolzano / Bozen,P.A. Bolzano,533050,489266,91.79,1.26
3879,2021-02-24,PAB,1368,407,961,1321,12,35,ITH,ITH1,4,Provincia Autonoma Bolzano / Bozen,P.A. Bolzano,533050,490634,92.04,0.26
3880,2021-03-27,PAB,3053,1554,1499,1479,1508,66,ITH,ITH1,4,Provincia Autonoma Bolzano / Bozen,P.A. Bolzano,533050,493687,92.62,0.57
3881,2021-08-31,PAB,2029,1095,934,740,1260,29,ITH,ITH1,4,Provincia Autonoma Bolzano / Bozen,P.A. Bolzano,533050,495716,93.0,0.38
3882,2021-05-21,PAB,7397,4066,3331,5212,1879,306,ITH,ITH1,4,Provincia Autonoma Bolzano / Bozen,P.A. Bolzano,533050,503113,94.38,1.39
3883,2021-08-24,PAB,1970,1028,942,535,1396,39,ITH,ITH1,4,Provincia Autonoma Bolzano / Bozen,P.A. Bolzano,533050,505083,94.75,0.37
3884,2020-12-27,PAB,144,65,79,144,0,0,ITH,ITH1,4,Provincia Autonoma Bolzano / Bozen,P.A. Bolzano,533050,505227,94.78,0.03
3885,2021-06-30,PAB,3064,1565,1499,397,2608,59,ITH,ITH1,4,Provincia Autonoma Bolzano / Bozen,P.A. Bolzano,533050,508291,95.36,0.57
3886,2021-06-11,PAB,5841,3006,2835,2128,3486,227,ITH,ITH1,4,Provincia Autonoma Bolzano / Bozen,P.A. Bolzano,533050,514132,96.45,1.1
3887,2021-04-20,PAB,1565,785,780,1487,3,75,ITH,ITH1,4,Provincia Autonoma Bolzano / Bozen,P.A. Bolzano,533050,515697,96.74,0.29
3888,2021-01-10,PAB,2,2,0,2,0,0,ITH,ITH1,4,Provincia Autonoma Bolzano / Bozen,P.A. Bolzano,533050,515699,96.74,0.0
3889,2021-06-16,PAB,3824,2028,1796,11,3808,5,ITH,ITH1,4,Provincia Autonoma Bolzano / Bozen,P.A. Bolzano,533050,519523,97.46,0.72
3890,2021-03-08,PAB,1213,535,678,1163,27,23,ITH,ITH1,4,Provincia Autonoma Bolzano / Bozen,P.A. Bolzano,533050,520736,97.69,0.23
3891,2021-08-12,PAB,3365,1724,1641,581,2711,73,ITH,ITH1,4,Provincia Autonoma Bolzano / Bozen,P.A. Bolzano,533050,524101,98.32,0.63
3892,2021-05-04,PAB,3453,1845,1608,2263,1038,152,ITH,ITH1,4,Provincia Autonoma Bolzano / Bozen,P.A. Bolzano,533050,527554,98.97,0.65
3893,2021-03-23,PAB,1557,761,796,1518,1,38,ITH,ITH1,4,Provincia Autonoma Bolzano / Bozen,P.A. Bolzano,533050,529111,99.26,0.29
3894,2021-04-01,PAB,2791,1409,1382,2507,146,138,ITH,ITH1,4,Provincia Autonoma Bolzano / Bozen,P.A. Bolzano,533050,531902,99.78,0.52
3895,2021-07-05,PAB,2936,1406,1530,812,1984,140,ITH,ITH1,4,Provincia Autonoma Bolzano / Bozen,P.A. Bolzano,533050,534838,100.34,0.55
3896,2021-05-09,PAB,4243,2410,1833,2934,1150,159,ITH,ITH1,4,Provincia Autonoma Bolzano / Bozen,P.A. Bolzano,533050,539081,101.13,0.8
3897,2021-03-06,PAB,3976,2082,1894,3678,211,87,ITH,ITH1,4,Provincia Autonoma Bolzano / Bozen,P.A. Bolzano,533050,543057,101.88,0.75
3898,2021-05-28,PAB,7467,3942,3525,5361,1895,211,ITH,ITH1,4,Provincia Autonoma Bolzano / Bozen,P.A. Bolzano,533050,550524,103.28,1.4
3899,2021-02-17,PAB,156,51,105,139,17,0,ITH,ITH1,4,Provincia Autonoma Bolzano / Bozen,P.A. Bolzano,533050,550680,103.31,0.03
3900,2021-03-13,PAB,2886,1460,1426,2747,101,38,ITH,ITH1,4,Provincia Autonoma Bolzano / Bozen,P.A. Bolzano,533050,553566,103.85,0.54
3901,2021-02-05,PAB,3206,1189,2017,8,3198,0,ITH,ITH1,4,Provincia Autonoma Bolzano / Bozen,P.A. Bolzano,533050,556772,104.45,0.6
3902,2021-04-15,PAB,4410,2314,2096,3924,266,220,ITH,ITH1,4,Provincia Autonoma Bolzano / Bozen,P.A. Bolzano,533050,561182,105.28,0.83
3903,2021-05-16,PAB,2029,935,1094,1280,694,55,ITH,ITH1,4,Provincia Autonoma Bolzano / Bozen,P.A. Bolzano,533050,563211,105.66,0.38
3904,2021-09-02,PAB,1208,627,581,705,467,36,ITH,ITH1,4,Provincia Autonoma Bolzano / Bozen,P.A. Bolzano,533050,564419,105.88,0.23
3905,2021-03-20,PAB,1760,851,909,1111,625,24,ITH,ITH1,4,Provincia Autonoma Bolzano / Bozen,P.A. Bolzano,533050,566179,106.21,0.33
3906,2021-06-28,PAB,4614,2308,2306,214,4373,27,ITH,ITH1,4,Provincia Autonoma Bolzano / Bozen,P.A. Bolzano,533050,570793,107.08,0.87
3907,2021-05-30,PAB,4793,2531,2262,731,4030,32,ITH,ITH1,4,Provincia Autonoma Bolzano / Bozen,P.A. Bolzano,533050,575586,107.98,0.9
3908,2021-07-12,PAB,3534,1755,1779,240,3243,51,ITH,ITH1,4,Provincia Autonoma Bolzano / Bozen,P.A. Bolzano,533050,579120,108.64,0.66
3909,2021-04-03,PAB,833,366,467,22,811,0,ITH,ITH1,4,Provincia Autonoma Bolzano / Bozen,P.A. Bolzano,533050,579953,108.8,0.16
3910,2021-09-07,PAB,1280,698,582,229,1042,9,ITH,ITH1,4,Provincia Autonoma Bolzano / Bozen,P.A. Bolzano,533050,581233,109.04,0.24
3911,2021-03-25,PAB,2173,1080,1093,1660,445,68,ITH,ITH1,4,Provincia Autonoma Bolzano / Bozen,P.A. Bolzano,533050,583406,109.45,0.41
3912,2021-01-27,PAB,85,29,56,2,83,0,ITH,ITH1,4,Provincia Autonoma Bolzano / Bozen,P.A. Bolzano,533050,583491,109.46,0.02
3913,2021-07-24,PAB,4831,2848,1983,1353,3330,148,ITH,ITH1,4,Provincia Autonoma Bolzano / Bozen,P.A. Bolzano,533050,588322,110.37,0.91
3914,2021-05-02,PAB,2453,1284,1169,1428,915,110,ITH,ITH1,4,Provincia Autonoma Bolzano / Bozen,P.A. Bolzano,533050,590775,110.83,0.46
3915,2021-01-22,PAB,248,143,105,124,124,0,ITH,ITH1,4,Provincia Autonoma Bolzano / Bozen,P.A. Bolzano,533050,591023,110.88,0.05
3916,2021-01-19,PAB,853,371,482,723,130,0,ITH,ITH1,4,Provincia Autonoma Bolzano / Bozen,P.A. Bolzano,533050,591876,111.04,0.16
3917,2021-06-25,PAB,4179,2308,1871,1020,3014,145,ITH,ITH1,4,Provincia Autonoma Bolzano / Bozen,P.A. Bolzano,533050,596055,111.82,0.78
3918,2021-02-09,PAB,317,126,191,1,316,0,ITH,ITH1,4,Provincia Autonoma Bolzano / Bozen,P.A. Bolzano,533050,596372,111.88,0.06
3919,2021-09-08,PAB,517,274,243,248,261,8,ITH,ITH1,4,Provincia Autonoma Bolzano / Bozen,P.A. Bolzano,533050,596889,111.98,0.1
3920,2021-07-13,PAB,3384,1732,1652,1282,1930,172,ITH,ITH1,4,Provincia Autonoma Bolzano / Bozen,P.A. Bolzano,533050,600273,112.61,0.63
3921,2021-02-02,PAB,1752,509,1243,8,1744,0,ITH,ITH1,4,Provincia Autonoma Bolzano / Bozen,P.A. Bolzano,533050,602025,112.94,0.33
3922,2021-07-20,PAB,3134,1730,1404,1353,1524,257,ITH,ITH1,4,Provincia Autonoma Bolzano / Bozen,P.A. Bolzano,533050,605159,113.53,0.59
3923,2021-09-15,PAB,622,331,291,214,400,8,ITH,ITH1,4,Provincia Autonoma Bolzano / Bozen,P.A. Bolzano,533050,605781,113.64,0.12
3924,2021-09-01,PAB,1062,507,555,585,454,23,ITH,ITH1,4,Provincia Autonoma Bolzano / Bozen,P.A. Bolzano,533050,606843,113.84,0.2
3925,2021-05-31,PAB,3068,1514,1554,2080,868,120,ITH,ITH1,4,Provincia Autonoma Bolzano / Bozen,P.A. Bolzano,533050,609911,114.42,0.58
3926,2021-01-01,PAB,6,5,1,6,0,0,ITH,ITH1,4,Provincia Autonoma Bolzano / Bozen,P.A. Bolzano,533050,609917,114.42,0.0
3927,2021-06-07,PAB,2987,1554,1433,2516,324,147,ITH,ITH1,4,Provincia Autonoma Bolzano / Bozen,P.A. Bolzano,533050,612904,114.98,0.56
3928,2021-02-27,PAB,2458,759,1699,2414,10,34,ITH,ITH1,4,Provincia Autonoma Bolzano / Bozen,P.A. Bolzano,533050,615362,115.44,0.46
3929,2021-02-13,PAB,318,79,239,310,6,2,ITH,ITH1,4,Provincia Autonoma Bolzano / Bozen,P.A. Bolzano,533050,615680,115.5,0.06
3930,2021-04-11,PAB,2734,1301,1433,2458,178,98,ITH,ITH1,4,Provincia Autonoma Bolzano / Bozen,P.A. Bolzano,533050,618414,116.01,0.51
3931,2021-05-24,PAB,1459,769,690,1051,335,73,ITH,ITH1,4,Provincia Autonoma Bolzano / Bozen,P.A. Bolzano,533050,619873,116.29,0.27
3932,2021-02-20,PAB,1802,540,1262,1755,18,29,ITH,ITH1,4,Provincia Autonoma Bolzano / Bozen,P.A. Bolzano,533050,621675,116.63,0.34
3933,2021-07-27,PAB,3158,1886,1272,882,2181,95,ITH,ITH1,4,Provincia Autonoma Bolzano / Bozen,P.A. Bolzano,533050,624833,117.22,0.59
3934,2021-04-18,PAB,3116,1611,1505,2008,1011,97,ITH,ITH1,4,Provincia Autonoma Bolzano / Bozen,P.A. Bolzano,533050,627949,117.8,0.58
3935,2021-01-15,PAB,3293,1234,2059,3292,0,1,ITH,ITH1,4,Provincia Autonoma Bolzano / Bozen,P.A. Bolzano,533050,631242,118.42,0.62
3936,2021-08-14,PAB,2061,1120,941,727,1272,62,ITH,ITH1,4,Provincia Autonoma Bolzano / Bozen,P.A. Bolzano,533050,633303,118.81,0.39
3937,2021-06-18,PAB,4544,2351,2193,1449,2912,183,ITH,ITH1,4,Provincia Autonoma Bolzano / Bozen,P.A. Bolzano,533050,637847,119.66,0.85
3938,2021-01-08,PAB,1537,484,1053,1537,0,0,ITH,ITH1,4,Provincia Autonoma Bolzano / Bozen,P.A. Bolzano,533050,639384,119.95,0.29
3939,2021-08-07,PAB,2378,1354,1024,1616,665,97,ITH,ITH1,4,Provincia Autonoma Bolzano / Bozen,P.A. Bolzano,533050,641762,120.39,0.45
3940,2021-03-03,ABR,4641,1900,2741,3716,906,19,ITF,ITF1,13,Abruzzo,Abruzzo,1304970,4641,0.36,0.36
3941,2021-07-14,ABR,13722,6799,6923,2435,11135,152,ITF,ITF1,13,Abruzzo,Abruzzo,1304970,18363,1.41,1.05
3942,2021-04-08,ABR,7395,3335,4060,4933,2332,130,ITF,ITF1,13,Abruzzo,Abruzzo,1304970,25758,1.97,0.57
3943,2021-04-22,ABR,6738,3252,3486,4828,1734,176,ITF,ITF1,13,Abruzzo,Abruzzo,1304970,32496,2.49,0.52
3944,2021-07-31,ABR,11741,6341,5400,3475,8063,203,ITF,ITF1,13,Abruzzo,Abruzzo,1304970,44237,3.39,0.9
3945,2021-08-21,ABR,3845,2100,1745,1733,1990,122,ITF,ITF1,13,Abruzzo,Abruzzo,1304970,48082,3.68,0.29
3946,2021-05-04,ABR,10854,5093,5761,7036,3628,190,ITF,ITF1,13,Abruzzo,Abruzzo,1304970,58936,4.52,0.83
3947,2021-03-08,ABR,5155,1694,3461,4083,976,96,ITF,ITF1,13,Abruzzo,Abruzzo,1304970,64091,4.91,0.4
3948,2021-01-24,ABR,50,22,28,6,44,0,ITF,ITF1,13,Abruzzo,Abruzzo,1304970,64141,4.92,0.0
3949,2021-09-09,ABR,6996,3668,3328,1340,5527,129,ITF,ITF1,13,Abruzzo,Abruzzo,1304970,71137,5.45,0.54
3950,2021-02-10,ABR,946,311,635,492,444,10,ITF,ITF1,13,Abruzzo,Abruzzo,1304970,72083,5.52,0.07
3951,2021-01-22,ABR,118,57,61,118,0,0,ITF,ITF1,13,Abruzzo,Abruzzo,1304970,72201,5.53,0.01
3952,2021-01-03,ABR,501,212,289,499,0,2,ITF,ITF1,13,Abruzzo,Abruzzo,1304970,72702,5.57,0.04
3953,2021-05-30,ABR,8660,4109,4551,5325,3256,79,ITF,ITF1,13,Abruzzo,Abruzzo,1304970,81362,6.23,0.66
3954,2021-04-03,ABR,5165,2259,2906,3485,1598,82,ITF,ITF1,13,Abruzzo,Abruzzo,1304970,86527,6.63,0.4
3955,2021-09-07,ABR,5352,2814,2538,1471,3772,109,ITF,ITF1,13,Abruzzo,Abruzzo,1304970,91879,7.04,0.41
3956,2021-07-26,ABR,14258,7459,6799,3864,10195,199,ITF,ITF1,13,Abruzzo,Abruzzo,1304970,106137,8.13,1.09
3957,2021-07-12,ABR,15077,7458,7619,2356,12604,117,ITF,ITF1,13,Abruzzo,Abruzzo,1304970,121214,9.29,1.16
3958,2020-12-27,ABR,47,24,23,47,0,0,ITF,ITF1,13,Abruzzo,Abruzzo,1304970,121261,9.29,0.0
3959,2021-03-20,ABR,4796,2201,2595,2564,2172,60,ITF,ITF1,13,Abruzzo,Abruzzo,1304970,126057,9.66,0.37
3960,2021-06-13,ABR,9847,4925,4922,7846,1835,166,ITF,ITF1,13,Abruzzo,Abruzzo,1304970,135904,10.41,0.75
3961,2021-01-10,ABR,1272,540,732,1268,0,4,ITF,ITF1,13,Abruzzo,Abruzzo,1304970,137176,10.51,0.1
3962,2021-04-29,ABR,12685,5855,6830,9271,3099,315,ITF,ITF1,13,Abruzzo,Abruzzo,1304970,149861,11.48,0.97
3963,2021-08-07,ABR,6493,3617,2876,1834,4561,98,ITF,ITF1,13,Abruzzo,Abruzzo,1304970,156354,11.98,0.5
3964,2021-06-25,ABR,11060,5478,5582,4902,6014,144,ITF,ITF1,13,Abruzzo,Abruzzo,1304970,167414,12.83,0.85
3965,2021-01-15,ABR,385,155,230,371,0,14,ITF,ITF1,13,Abruzzo,Abruzzo,1304970,167799,12.86,0.03
3966,2021-02-22,ABR,2641,1174,1467,2584,30,27,ITF,ITF1,13,Abruzzo,Abruzzo,1304970,170440,13.06,0.2
3967,2021-02-05,ABR,1535,521,1014,772,747,16,ITF,ITF1,13,Abruzzo,Abruzzo,1304970,171975,13.18,0.12
3968,2021-05-16,ABR,9577,4134,5443,5645,3812,120,ITF,ITF1,13,Abruzzo,Abruzzo,1304970,181552,13.91,0.73
3969,2021-06-04,ABR,15650,7395,8255,10758,4703,189,ITF,ITF1,13,Abruzzo,Abruzzo,1304970,197202,15.11,1.2
3970,2021-05-18,ABR,12110,5660,6450,7558,4380,172,ITF,ITF1,13,Abruzzo,Abruzzo,1304970,209312,16.04,0.93
3971,2021-02-24,ABR,3306,1442,1864,3112,177,17,ITF,ITF1,13,Abruzzo,Abruzzo,1304970,212618,16.29,0.25
3972,2021-08-09,ABR,10704,5548,5156,3096,7414,194,ITF,ITF1,13,Abruzzo,Abruzzo,1304970,223322,17.11,0.82
3973,2021-08-26,ABR,5803,3037,2766,2015,3637,151,ITF,ITF1,13,Abruzzo,Abruzzo,1304970,229125,17.56,0.44
3974,2021-03-01,ABR,3477,1384,2093,2702,751,24,ITF,ITF1,13,Abruzzo,Abruzzo,1304970,232602,17.82,0.27
3975,2021-08-14,ABR,127,69,58,100,25,2,ITF,ITF1,13,Abruzzo,Abruzzo,1304970,232729,17.83,0.01
3976,2021-06-18,ABR,10193,5005,5188,6550,3494,149,ITF,ITF1,13,Abruzzo,Abruzzo,1304970,242922,18.62,0.78
3977,2021-03-22,ABR,4347,1911,2436,2309,1971,67,ITF,ITF1,13,Abruzzo,Abruzzo,1304970,247269,18.95,0.33
3978,2021-06-30,ABR,11172,5433,5739,4495,6510,167,ITF,ITF1,13,Abruzzo,Abruzzo,1304970,258441,19.8,0.86
3979,2021-02-17,ABR,2071,948,1123,1780,282,9,ITF,ITF1,13,Abruzzo,Abruzzo,1304970,260512,19.96,0.16
3980,2021-09-02,ABR,6103,3191,2912,1861,4112,130,ITF,ITF1,13,Abruzzo,Abruzzo,1304970,266615,20.43,0.47
3981,2021-06-11,ABR,11784,5855,5929,8832,2766,186,ITF,ITF1,13,Abruzzo,Abruzzo,1304970,278399,21.33,0.9
3982,2021-03-27,ABR,6127,2621,3506,3561,2493,73,ITF,ITF1,13,Abruzzo,Abruzzo,1304970,284526,21.8,0.47
3983,2021-01-05,ABR,1735,721,1014,1730,0,5,ITF,ITF1,13,Abruzzo,Abruzzo,1304970,286261,21.94,0.13
3984,2021-04-15,ABR,7832,3687,4145,5826,1843,163,ITF,ITF1,13,Abruzzo,Abruzzo,1304970,294093,22.54,0.6
3985,2021-07-07,ABR,12063,5906,6157,4022,7797,244,ITF,ITF1,13,Abruzzo,Abruzzo,1304970,306156,23.46,0.92
3986,2021-02-12,ABR,1227,567,660,1025,189,13,ITF,ITF1,13,Abruzzo,Abruzzo,1304970,307383,23.55,0.09
3987,2021-07-19,ABR,11777,5982,5795,2661,8944,172,ITF,ITF1,13,Abruzzo,Abruzzo,1304970,319160,24.46,0.9
3988,2021-05-23,ABR,9880,4693,5187,7067,2692,121,ITF,ITF1,13,Abruzzo,Abruzzo,1304970,329040,25.21,0.76
3989,2021-06-06,ABR,11150,5310,5840,8775,2241,134,ITF,ITF1,13,Abruzzo,Abruzzo,1304970,340190,26.07,0.85
3990,2021-04-10,ABR,8777,4059,4718,6121,2510,146,ITF,ITF1,13,Abruzzo,Abruzzo,1304970,348967,26.74,0.67
3991,2021-01-29,ABR,1387,449,938,71,1315,1,ITF,ITF1,13,Abruzzo,Abruzzo,1304970,350354,26.85,0.11
3992,2021-08-02,ABR,13858,7155,6703,3544,10055,259,ITF,ITF1,13,Abruzzo,Abruzzo,1304970,364212,27.91,1.06
3993,2021-09-16,ABR,3176,1686,1490,964,2114,98,ITF,ITF1,13,Abruzzo,Abruzzo,1304970,367388,28.15,0.24
3994,2021-07-21,ABR,11078,5718,5360,2425,8518,135,ITF,ITF1,13,Abruzzo,Abruzzo,1304970,378466,29.0,0.85
3995,2021-02-03,ABR,2062,717,1345,411,1643,8,ITF,ITF1,13,Abruzzo,Abruzzo,1304970,380528,29.16,0.16
3996,2021-02-02,ABR,1764,668,1096,217,1543,4,ITF,ITF1,13,Abruzzo,Abruzzo,1304970,382292,29.3,0.14
3997,2021-05-13,ABR,11152,5044,6108,6953,3964,235,ITF,ITF1,13,Abruzzo,Abruzzo,1304970,393444,30.15,0.85
3998,2021-03-31,ABR,6723,2947,3776,4559,2069,95,ITF,ITF1,13,Abruzzo,Abruzzo,1304970,400167,30.66,0.52
3999,2021-05-15,ABR,11443,5184,6259,5935,5328,180,ITF,ITF1,13,Abruzzo,Abruzzo,1304970,411610,31.54,0.88
4000,2021-08-23,ABR,5920,3109,2811,1656,4119,145,ITF,ITF1,13,Abruzzo,Abruzzo,1304970,417530,32.0,0.45
4001,2021-07-11,ABR,9887,4976,4911,2364,7388,135,ITF,ITF1,13,Abruzzo,Abruzzo,1304970,427417,32.75,0.76
4002,2021-04-27,ABR,9087,4368,4719,6504,2469,114,ITF,ITF1,13,Abruzzo,Abruzzo,1304970,436504,33.45,0.7
4003,2021-07-02,ABR,11835,5947,5888,4828,6822,185,ITF,ITF1,13,Abruzzo,Abruzzo,1304970,448339,34.36,0.91
4004,2021-03-15,ABR,3679,1444,2235,1840,1807,32,ITF,ITF1,13,Abruzzo,Abruzzo,1304970,452018,34.64,0.28
4005,2021-01-17,ABR,193,64,129,185,7,1,ITF,ITF1,13,Abruzzo,Abruzzo,1304970,452211,34.65,0.01
4006,2021-06-23,ABR,11016,5284,5732,5577,5292,147,ITF,ITF1,13,Abruzzo,Abruzzo,1304970,463227,35.5,0.84
4007,2021-08-28,ABR,2303,1332,971,698,1556,49,ITF,ITF1,13,Abruzzo,Abruzzo,1304970,465530,35.67,0.18
4008,2021-09-14,ABR,3909,2103,1806,800,3037,72,ITF,ITF1,13,Abruzzo,Abruzzo,1304970,469439,35.97,0.3
4009,2021-08-19,ABR,6722,3609,3113,3255,3275,192,ITF,ITF1,13,Abruzzo,Abruzzo,1304970,476161,36.49,0.52
4010,2021-05-11,ABR,10763,5120,5643,5730,4857,176,ITF,ITF1,13,Abruzzo,Abruzzo,1304970,486924,37.31,0.82
4011,2021-08-18,ABR,7382,3920,3462,3084,4107,191,ITF,ITF1,13,Abruzzo,Abruzzo,1304970,494306,37.88,0.57
4012,2021-04-05,ABR,2692,1147,1545,1729,880,83,ITF,ITF1,13,Abruzzo,Abruzzo,1304970,496998,38.09,0.21
4013,2021-07-09,ABR,13613,6795,6818,2886,10588,139,ITF,ITF1,13,Abruzzo,Abruzzo,1304970,510611,39.13,1.04
4014,2021-09-13,ABR,4590,2483,2107,1054,3457,79,ITF,ITF1,13,Abruzzo,Abruzzo,1304970,515201,39.48,0.35
4015,2021-06-22,ABR,10410,4877,5533,5384,4846,180,ITF,ITF1,13,Abruzzo,Abruzzo,1304970,525611,40.28,0.8
4016,2021-05-27,ABR,13323,6104,7219,8315,4831,177,ITF,ITF1,13,Abruzzo,Abruzzo,1304970,538934,41.3,1.02
4017,2021-09-04,ABR,2140,1137,1003,740,1339,61,ITF,ITF1,13,Abruzzo,Abruzzo,1304970,541074,41.46,0.16
4018,2021-03-19,ABR,5798,2586,3212,2730,3025,43,ITF,ITF1,13,Abruzzo,Abruzzo,1304970,546872,41.91,0.44
4019,2021-03-05,ABR,5346,1957,3389,4590,697,59,ITF,ITF1,13,Abruzzo,Abruzzo,1304970,552218,42.32,0.41
4020,2021-02-28,ABR,1703,509,1194,1665,2,36,ITF,ITF1,13,Abruzzo,Abruzzo,1304970,553921,42.45,0.13
4021,2021-08-04,ABR,10883,5629,5254,4301,6339,243,ITF,ITF1,13,Abruzzo,Abruzzo,1304970,564804,43.28,0.83
4022,2021-01-02,ABR,559,226,333,558,0,1,ITF,ITF1,13,Abruzzo,Abruzzo,1304970,565363,43.32,0.04
4023,2021-06-08,ABR,12870,6622,6248,10430,2197,243,ITF,ITF1,13,Abruzzo,Abruzzo,1304970,578233,44.31,0.99
4024,2021-04-26,ABR,8562,4066,4496,7135,1214,213,ITF,ITF1,13,Abruzzo,Abruzzo,1304970,586795,44.97,0.66
4025,2021-06-01,ABR,10997,4875,6122,6510,4366,121,ITF,ITF1,13,Abruzzo,Abruzzo,1304970,597792,45.81,0.84
4026,2021-01-12,ABR,1901,761,1140,1887,0,14,ITF,ITF1,13,Abruzzo,Abruzzo,1304970,599693,45.95,0.15
4027,2021-05-25,ABR,11419,5323,6096,8082,3139,198,ITF,ITF1,13,Abruzzo,Abruzzo,1304970,611112,46.83,0.88
4028,2021-01-19,ABR,112,56,56,90,21,1,ITF,ITF1,13,Abruzzo,Abruzzo,1304970,611224,46.84,0.01
4029,2021-02-07,ABR,780,307,473,199,580,1,ITF,ITF1,13,Abruzzo,Abruzzo,1304970,612004,46.9,0.06
4030,2021-07-23,ABR,12573,6465,6108,2848,9564,161,ITF,ITF1,13,Abruzzo,Abruzzo,1304970,624577,47.86,0.96
4031,2021-01-21,ABR,157,47,110,157,0,0,ITF,ITF1,13,Abruzzo,Abruzzo,1304970,624734,47.87,0.01
4032,2021-05-01,ABR,10752,5053,5699,5631,4984,137,ITF,ITF1,13,Abruzzo,Abruzzo,1304970,635486,48.7,0.82
4033,2021-03-17,ABR,4541,1873,2668,2778,1740,23,ITF,ITF1,13,Abruzzo,Abruzzo,1304970,640027,49.05,0.35
4034,2021-09-06,ABR,6217,3244,2973,2202,3867,148,ITF,ITF1,13,Abruzzo,Abruzzo,1304970,646244,49.52,0.48
4035,2021-09-11,ABR,2385,1331,1054,1047,1231,107,ITF,ITF1,13,Abruzzo,Abruzzo,1304970,648629,49.7,0.18
4036,2021-03-29,ABR,5711,2600,3111,3021,2640,50,ITF,ITF1,13,Abruzzo,Abruzzo,1304970,654340,50.14,0.44
4037,2021-06-03,ABR,13197,6285,6912,9243,3779,175,ITF,ITF1,13,Abruzzo,Abruzzo,1304970,667537,51.15,1.01
4038,2021-03-12,ABR,6043,1993,4050,4354,1610,79,ITF,ITF1,13,Abruzzo,Abruzzo,1304970,673580,51.62,0.46
4039,2021-06-20,ABR,8445,4237,4208,5409,2933,103,ITF,ITF1,13,Abruzzo,Abruzzo,1304970,682025,52.26,0.65
4040,2021-05-20,ABR,12806,5926,6880,7411,5267,128,ITF,ITF1,13,Abruzzo,Abruzzo,1304970,694831,53.24,0.98
4041,2021-08-11,ABR,8275,4414,3861,2614,5503,158,ITF,ITF1,13,Abruzzo,Abruzzo,1304970,703106,53.88,0.63
4042,2021-01-31,ABR,1523,495,1028,285,1237,1,ITF,ITF1,13,Abruzzo,Abruzzo,1304970,704629,54.0,0.12
4043,2021-05-10,ABR,10113,4786,5327,5341,4654,118,ITF,ITF1,13,Abruzzo,Abruzzo,1304970,714742,54.77,0.77
4044,2021-04-23,ABR,7415,3401,4014,4937,2308,170,ITF,ITF1,13,Abruzzo,Abruzzo,1304970,722157,55.34,0.57
4045,2021-01-30,ABR,1514,570,944,62,1451,1,ITF,ITF1,13,Abruzzo,Abruzzo,1304970,723671,55.45,0.12
4046,2021-08-01,ABR,7571,4057,3514,2004,5465,102,ITF,ITF1,13,Abruzzo,Abruzzo,1304970,731242,56.04,0.58
4047,2021-06-27,ABR,8365,4298,4067,5017,3208,140,ITF,ITF1,13,Abruzzo,Abruzzo,1304970,739607,56.68,0.64
4048,2021-04-07,ABR,7575,3499,4076,4513,2924,138,ITF,ITF1,13,Abruzzo,Abruzzo,1304970,747182,57.26,0.58
4049,2021-07-16,ABR,16150,8238,7912,2466,13567,117,ITF,ITF1,13,Abruzzo,Abruzzo,1304970,763332,58.49,1.24
4050,2021-05-08,ABR,10289,4869,5420,6305,3836,148,ITF,ITF1,13,Abruzzo,Abruzzo,1304970,773621,59.28,0.79
4051,2021-04-24,ABR,8731,3976,4755,6936,1532,263,ITF,ITF1,13,Abruzzo,Abruzzo,1304970,782352,59.95,0.67
4052,2021-08-16,ABR,6093,3206,2887,2256,3690,147,ITF,ITF1,13,Abruzzo,Abruzzo,1304970,788445,60.42,0.47
4053,2021-03-24,ABR,6387,2786,3601,3992,2252,143,ITF,ITF1,13,Abruzzo,Abruzzo,1304970,794832,60.91,0.49
4054,2021-02-09,ABR,923,325,598,512,410,1,ITF,ITF1,13,Abruzzo,Abruzzo,1304970,795755,60.98,0.07
4055,2021-07-04,ABR,8372,4216,4156,3331,4915,126,ITF,ITF1,13,Abruzzo,Abruzzo,1304970,804127,61.62,0.64
4056,2021-08-30,ABR,7415,4054,3361,1941,5343,131,ITF,ITF1,13,Abruzzo,Abruzzo,1304970,811542,62.19,0.57
4057,2021-04-19,ABR,6236,2864,3372,3788,2375,73,ITF,ITF1,13,Abruzzo,Abruzzo,1304970,817778,62.67,0.48
4058,2021-02-21,ABR,1218,550,668,1192,1,25,ITF,ITF1,13,Abruzzo,Abruzzo,1304970,818996,62.76,0.09
4059,2021-07-28,ABR,13273,6954,6319,3434,9671,168,ITF,ITF1,13,Abruzzo,Abruzzo,1304970,832269,63.78,1.02
4060,2021-06-15,ABR,11329,5562,5767,8681,2439,209,ITF,ITF1,13,Abruzzo,Abruzzo,1304970,843598,64.65,0.87
4061,2021-04-12,ABR,6239,2957,3282,4983,1173,83,ITF,ITF1,13,Abruzzo,Abruzzo,1304970,849837,65.12,0.48
4062,2021-03-10,ABR,5049,1686,3363,4025,957,67,ITF,ITF1,13,Abruzzo,Abruzzo,1304970,854886,65.51,0.39
4063,2021-01-26,ABR,1550,568,982,31,1519,0,ITF,ITF1,13,Abruzzo,Abruzzo,1304970,856436,65.63,0.12
4064,2021-05-06,ABR,13005,6087,6918,7796,5049,160,ITF,ITF1,13,Abruzzo,Abruzzo,1304970,869441,66.63,1.0
4065,2021-06-19,ABR,10558,5202,5356,6483,3901,174,ITF,ITF1,13,Abruzzo,Abruzzo,1304970,879999,67.43,0.81
4066,2021-03-28,ABR,2431,1018,1413,1994,386,51,ITF,ITF1,13,Abruzzo,Abruzzo,1304970,882430,67.62,0.19
4067,2021-07-06,ABR,10461,5198,5263,4298,5988,175,ITF,ITF1,13,Abruzzo,Abruzzo,1304970,892891,68.42,0.8
4068,2021-04-14,ABR,6598,2952,3646,4340,2123,135,ITF,ITF1,13,Abruzzo,Abruzzo,1304970,899489,68.93,0.51
4069,2021-03-14,ABR,1885,732,1153,1203,669,13,ITF,ITF1,13,Abruzzo,Abruzzo,1304970,901374,69.07,0.14
4070,2021-02-25,ABR,3055,1343,1712,2506,530,19,ITF,ITF1,13,Abruzzo,Abruzzo,1304970,904429,69.31,0.23
4071,2021-06-05,ABR,14616,6865,7751,10362,4051,203,ITF,ITF1,13,Abruzzo,Abruzzo,1304970,919045,70.43,1.12
4072,2021-09-01,ABR,6845,3639,3206,1560,5181,104,ITF,ITF1,13,Abruzzo,Abruzzo,1304970,925890,70.95,0.52
4073,2021-02-11,ABR,815,262,553,770,43,2,ITF,ITF1,13,Abruzzo,Abruzzo,1304970,926705,71.01,0.06
4074,2021-05-24,ABR,12222,5839,6383,8725,3341,156,ITF,ITF1,13,Abruzzo,Abruzzo,1304970,938927,71.95,0.94
4075,2021-06-29,ABR,11429,5639,5790,5244,5997,188,ITF,ITF1,13,Abruzzo,Abruzzo,1304970,950356,72.83,0.88
4076,2021-03-21,ABR,2136,914,1222,841,1291,4,ITF,ITF1,13,Abruzzo,Abruzzo,1304970,952492,72.99,0.16
4077,2021-06-12,ABR,11424,5916,5508,9890,1351,183,ITF,ITF1,13,Abruzzo,Abruzzo,1304970,963916,73.86,0.88
4078,2021-04-09,ABR,8991,4261,4730,6244,2603,144,ITF,ITF1,13,Abruzzo,Abruzzo,1304970,972907,74.55,0.69
4079,2021-07-18,ABR,12207,6312,5895,1997,10087,123,ITF,ITF1,13,Abruzzo,Abruzzo,1304970,985114,75.49,0.94
4080,2021-04-02,ABR,6698,3106,3592,5112,1489,97,ITF,ITF1,13,Abruzzo,Abruzzo,1304970,991812,76.0,0.51
4081,2021-02-04,ABR,1685,617,1068,600,1073,12,ITF,ITF1,13,Abruzzo,Abruzzo,1304970,993497,76.13,0.13
4082,2021-01-16,ABR,939,431,508,931,0,8,ITF,ITF1,13,Abruzzo,Abruzzo,1304970,994436,76.2,0.07
4083,2021-01-14,ABR,568,227,341,566,0,2,ITF,ITF1,13,Abruzzo,Abruzzo,1304970,995004,76.25,0.04
4084,2021-02-16,ABR,1916,842,1074,1891,12,13,ITF,ITF1,13,Abruzzo,Abruzzo,1304970,996920,76.39,0.15
4085,2021-03-02,ABR,3966,1675,2291,3263,686,17,ITF,ITF1,13,Abruzzo,Abruzzo,1304970,1000886,76.7,0.3
4086,2021-01-04,ABR,1515,685,830,1509,0,6,ITF,ITF1,13,Abruzzo,Abruzzo,1304970,1002401,76.81,0.12
4087,2021-01-23,ABR,265,116,149,51,208,6,ITF,ITF1,13,Abruzzo,Abruzzo,1304970,1002666,76.83,0.02
4088,2021-05-03,ABR,11153,5260,5893,7128,3837,188,ITF,ITF1,13,Abruzzo,Abruzzo,1304970,1013819,77.69,0.85
4089,2021-07-25,ABR,9863,5217,4646,2169,7571,123,ITF,ITF1,13,Abruzzo,Abruzzo,1304970,1023682,78.44,0.76
4090,2021-07-08,ABR,13497,6685,6812,3409,9922,166,ITF,ITF1,13,Abruzzo,Abruzzo,1304970,1037179,79.48,1.03
4091,2021-04-16,ABR,7547,3492,4055,5498,1917,132,ITF,ITF1,13,Abruzzo,Abruzzo,1304970,1044726,80.06,0.58
4092,2021-08-08,ABR,4450,2428,2022,1886,2474,90,ITF,ITF1,13,Abruzzo,Abruzzo,1304970,1049176,80.4,0.34
4093,2021-05-17,ABR,11038,5039,5999,6017,4857,164,ITF,ITF1,13,Abruzzo,Abruzzo,1304970,1060214,81.24,0.85
4094,2021-08-25,ABR,7126,3795,3331,2373,4584,169,ITF,ITF1,13,Abruzzo,Abruzzo,1304970,1067340,81.79,0.55
4095,2021-08-27,ABR,7971,4201,3770,2468,5343,160,ITF,ITF1,13,Abruzzo,Abruzzo,1304970,1075311,82.4,0.61
4096,2021-02-23,ABR,2779,1273,1506,2753,11,15,ITF,ITF1,13,Abruzzo,Abruzzo,1304970,1078090,82.61,0.21
4097,2021-02-06,ABR,1613,745,868,595,1011,7,ITF,ITF1,13,Abruzzo,Abruzzo,1304970,1079703,82.74,0.12
4098,2021-02-18,ABR,2292,934,1358,2142,133,17,ITF,ITF1,13,Abruzzo,Abruzzo,1304970,1081995,82.91,0.18
4099,2021-05-29,ABR,10318,4430,5888,4454,5772,92,ITF,ITF1,13,Abruzzo,Abruzzo,1304970,1092313,83.7,0.79
4100,2021-05-22,ABR,13161,6393,6768,8131,4918,112,ITF,ITF1,13,Abruzzo,Abruzzo,1304970,1105474,84.71,1.01
4101,2021-03-26,ABR,5362,2314,3048,3174,2080,108,ITF,ITF1,13,Abruzzo,Abruzzo,1304970,1110836,85.12,0.41
4102,2021-09-08,ABR,4424,2349,2075,1588,2733,103,ITF,ITF1,13,Abruzzo,Abruzzo,1304970,1115260,85.46,0.34
4103,2021-07-27,ABR,15139,7906,7233,3335,11627,177,ITF,ITF1,13,Abruzzo,Abruzzo,1304970,1130399,86.62,1.16
4104,2021-01-13,ABR,1305,483,822,1297,0,8,ITF,ITF1,13,Abruzzo,Abruzzo,1304970,1131704,86.72,0.1
4105,2021-03-07,ABR,2521,630,1891,2483,0,38,ITF,ITF1,13,Abruzzo,Abruzzo,1304970,1134225,86.92,0.19
4106,2021-01-09,ABR,1615,694,921,1603,0,12,ITF,ITF1,13,Abruzzo,Abruzzo,1304970,1135840,87.04,0.12
4107,2021-06-10,ABR,12712,6319,6393,10307,2166,239,ITF,ITF1,13,Abruzzo,Abruzzo,1304970,1148552,88.01,0.97
4108,2021-09-03,ABR,5936,3185,2751,1825,3980,131,ITF,ITF1,13,Abruzzo,Abruzzo,1304970,1154488,88.47,0.45
4109,2021-01-28,ABR,1435,495,940,11,1424,0,ITF,ITF1,13,Abruzzo,Abruzzo,1304970,1155923,88.58,0.11
4110,2021-01-11,ABR,1691,690,1001,1687,0,4,ITF,ITF1,13,Abruzzo,Abruzzo,1304970,1157614,88.71,0.13
4111,2021-04-21,ABR,6393,3104,3289,4633,1673,87,ITF,ITF1,13,Abruzzo,Abruzzo,1304970,1164007,89.2,0.49
4112,2021-05-31,ABR,11338,5114,6224,6768,4444,126,ITF,ITF1,13,Abruzzo,Abruzzo,1304970,1175345,90.07,0.87
4113,2021-04-20,ABR,5638,2713,2925,4104,1456,78,ITF,ITF1,13,Abruzzo,Abruzzo,1304970,1180983,90.5,0.43
4114,2021-07-29,ABR,15179,7972,7207,3926,11042,211,ITF,ITF1,13,Abruzzo,Abruzzo,1304970,1196162,91.66,1.16
4115,2021-04-25,ABR,9071,4624,4447,8052,809,210,ITF,ITF1,13,Abruzzo,Abruzzo,1304970,1205233,92.36,0.7
4116,2021-05-07,ABR,12216,5716,6500,7638,4425,153,ITF,ITF1,13,Abruzzo,Abruzzo,1304970,1217449,93.29,0.94
4117,2021-03-25,ABR,5801,2666,3135,3063,2625,113,ITF,ITF1,13,Abruzzo,Abruzzo,1304970,1223250,93.74,0.44
4118,2021-08-29,ABR,1466,875,591,521,931,14,ITF,ITF1,13,Abruzzo,Abruzzo,1304970,1224716,93.85,0.11
4119,2021-01-27,ABR,1367,515,852,32,1335,0,ITF,ITF1,13,Abruzzo,Abruzzo,1304970,1226083,93.95,0.1
4120,2021-03-11,ABR,5493,2216,3277,4264,1140,89,ITF,ITF1,13,Abruzzo,Abruzzo,1304970,1231576,94.38,0.42
4121,2021-06-02,ABR,9774,4751,5023,6836,2819,119,ITF,ITF1,13,Abruzzo,Abruzzo,1304970,1241350,95.12,0.75
4122,2021-09-10,ABR,4938,2639,2299,1512,3323,103,ITF,ITF1,13,Abruzzo,Abruzzo,1304970,1246288,95.5,0.38
4123,2021-09-12,ABR,1610,866,744,759,785,66,ITF,ITF1,13,Abruzzo,Abruzzo,1304970,1247898,95.63,0.12
4124,2021-03-13,ABR,4122,1420,2702,3016,1043,63,ITF,ITF1,13,Abruzzo,Abruzzo,1304970,1252020,95.94,0.32
4125,2021-06-21,ABR,11056,5388,5668,4937,5990,129,ITF,ITF1,13,Abruzzo,Abruzzo,1304970,1263076,96.79,0.85
4126,2021-02-13,ABR,870,395,475,441,425,4,ITF,ITF1,13,Abruzzo,Abruzzo,1304970,1263946,96.86,0.07
4127,2021-07-17,ABR,14095,7384,6711,2645,11270,180,ITF,ITF1,13,Abruzzo,Abruzzo,1304970,1278041,97.94,1.08
4128,2021-03-04,ABR,5942,2359,3583,4972,928,42,ITF,ITF1,13,Abruzzo,Abruzzo,1304970,1283983,98.39,0.46
4129,2021-09-19,ABR,873,474,399,269,578,26,ITF,ITF1,13,Abruzzo,Abruzzo,1304970,1284856,98.46,0.07
4130,2021-02-08,ABR,1194,396,798,487,707,0,ITF,ITF1,13,Abruzzo,Abruzzo,1304970,1286050,98.55,0.09
4131,2021-05-19,ABR,10729,5126,5603,7565,3037,127,ITF,ITF1,13,Abruzzo,Abruzzo,1304970,1296779,99.37,0.82
4132,2021-07-20,ABR,12588,6388,6200,3221,9178,189,ITF,ITF1,13,Abruzzo,Abruzzo,1304970,1309367,100.34,0.96
4133,2021-09-15,ABR,6099,3217,2882,1472,4504,123,ITF,ITF1,13,Abruzzo,Abruzzo,1304970,1315466,100.8,0.47
4134,2021-07-15,ABR,15945,8088,7857,3129,12640,176,ITF,ITF1,13,Abruzzo,Abruzzo,1304970,1331411,102.03,1.22
4135,2021-06-28,ABR,10055,4837,5218,5309,4576,170,ITF,ITF1,13,Abruzzo,Abruzzo,1304970,1341466,102.8,0.77
4136,2021-04-06,ABR,7681,3580,4101,5230,2320,131,ITF,ITF1,13,Abruzzo,Abruzzo,1304970,1349147,103.39,0.59
4137,2021-08-03,ABR,12721,6573,6148,3644,8908,169,ITF,ITF1,13,Abruzzo,Abruzzo,1304970,1361868,104.36,0.97
4138,2021-08-17,ABR,6583,3468,3115,2822,3543,218,ITF,ITF1,13,Abruzzo,Abruzzo,1304970,1368451,104.86,0.5
4139,2021-08-05,ABR,13901,7161,6740,4714,8914,273,ITF,ITF1,13,Abruzzo,Abruzzo,1304970,1382352,105.93,1.07
4140,2021-01-08,ABR,1660,638,1022,1651,0,9,ITF,ITF1,13,Abruzzo,Abruzzo,1304970,1384012,106.06,0.13
4141,2021-04-18,ABR,5820,2729,3091,4726,944,150,ITF,ITF1,13,Abruzzo,Abruzzo,1304970,1389832,106.5,0.45
4142,2021-03-30,ABR,5128,2262,2866,3141,1825,162,ITF,ITF1,13,Abruzzo,Abruzzo,1304970,1394960,106.9,0.39
4143,2021-01-06,ABR,1991,819,1172,1981,0,10,ITF,ITF1,13,Abruzzo,Abruzzo,1304970,1396951,107.05,0.15
4144,2021-07-03,ABR,10194,5149,5045,3500,6546,148,ITF,ITF1,13,Abruzzo,Abruzzo,1304970,1407145,107.83,0.78
4145,2021-05-21,ABR,13019,6329,6690,7864,4979,176,ITF,ITF1,13,Abruzzo,Abruzzo,1304970,1420164,108.83,1.0
4146,2021-03-18,ABR,3901,1653,2248,2038,1836,27,ITF,ITF1,13,Abruzzo,Abruzzo,1304970,1424065,109.13,0.3
4147,2021-08-22,ABR,1832,948,884,537,1243,52,ITF,ITF1,13,Abruzzo,Abruzzo,1304970,1425897,109.27,0.14
4148,2021-06-26,ABR,10053,5020,5033,5689,4201,163,ITF,ITF1,13,Abruzzo,Abruzzo,1304970,1435950,110.04,0.77
4149,2021-05-28,ABR,14026,6311,7715,7491,6366,169,ITF,ITF1,13,Abruzzo,Abruzzo,1304970,1449976,111.11,1.07
4150,2021-09-05,ABR,1428,781,647,437,963,28,ITF,ITF1,13,Abruzzo,Abruzzo,1304970,1451404,111.22,0.11
4151,2021-04-04,ABR,1633,769,864,1458,129,46,ITF,ITF1,13,Abruzzo,Abruzzo,1304970,1453037,111.35,0.13
4152,2021-07-13,ABR,15526,7754,7772,2824,12525,177,ITF,ITF1,13,Abruzzo,Abruzzo,1304970,1468563,112.54,1.19
4153,2021-08-12,ABR,8771,4627,4144,3180,5411,180,ITF,ITF1,13,Abruzzo,Abruzzo,1304970,1477334,113.21,0.67
4154,2021-06-16,ABR,10895,5452,5443,7989,2689,217,ITF,ITF1,13,Abruzzo,Abruzzo,1304970,1488229,114.04,0.83
4155,2021-02-27,ABR,2813,1338,1475,2513,267,33,ITF,ITF1,13,Abruzzo,Abruzzo,1304970,1491042,114.26,0.22
4156,2021-06-07,ABR,11103,5290,5813,9070,1846,187,ITF,ITF1,13,Abruzzo,Abruzzo,1304970,1502145,115.11,0.85
4157,2021-04-30,ABR,12513,5871,6642,6510,5728,275,ITF,ITF1,13,Abruzzo,Abruzzo,1304970,1514658,116.07,0.96
4158,2021-04-13,ABR,5894,2756,3138,4557,1238,99,ITF,ITF1,13,Abruzzo,Abruzzo,1304970,1520552,116.52,0.45
4159,2021-01-20,ABR,449,157,292,427,2,20,ITF,ITF1,13,Abruzzo,Abruzzo,1304970,1521001,116.55,0.03
4160,2021-07-05,ABR,10909,5349,5560,4038,6676,195,ITF,ITF1,13,Abruzzo,Abruzzo,1304970,1531910,117.39,0.84
4161,2021-07-22,ABR,14488,7412,7076,3517,10762,209,ITF,ITF1,13,Abruzzo,Abruzzo,1304970,1546398,118.5,1.11
4162,2021-07-24,ABR,12632,6841,5791,3806,8588,238,ITF,ITF1,13,Abruzzo,Abruzzo,1304970,1559030,119.47,0.97
4163,2021-05-02,ABR,10464,5114,5350,5087,5232,145,ITF,ITF1,13,Abruzzo,Abruzzo,1304970,1569494,120.27,0.8
4164,2021-08-10,ABR,9269,4963,4306,3396,5661,212,ITF,ITF1,13,Abruzzo,Abruzzo,1304970,1578763,120.98,0.71
4165,2021-05-09,ABR,9159,4091,5068,4171,4874,114,ITF,ITF1,13,Abruzzo,Abruzzo,1304970,1587922,121.68,0.7
4166,2021-02-15,ABR,1794,832,962,1735,42,17,ITF,ITF1,13,Abruzzo,Abruzzo,1304970,1589716,121.82,0.14
4167,2021-05-26,ABR,13552,6045,7507,8396,4997,159,ITF,ITF1,13,Abruzzo,Abruzzo,1304970,1603268,122.86,1.04
4168,2021-06-14,ABR,10986,5432,5554,7428,3383,175,ITF,ITF1,13,Abruzzo,Abruzzo,1304970,1614254,123.7,0.84
4169,2021-02-20,ABR,4777,1844,2933,4657,76,44,ITF,ITF1,13,Abruzzo,Abruzzo,1304970,1619031,124.07,0.37
4170,2021-07-10,ABR,13121,6632,6489,3009,9947,165,ITF,ITF1,13,Abruzzo,Abruzzo,1304970,1632152,125.07,1.01
4171,2021-05-14,ABR,10597,5072,5525,5282,5153,162,ITF,ITF1,13,Abruzzo,Abruzzo,1304970,1642749,125.88,0.81
4172,2021-04-01,ABR,5627,2520,3107,3427,2120,80,ITF,ITF1,13,Abruzzo,Abruzzo,1304970,1648376,126.32,0.43
4173,2021-04-11,ABR,5380,2628,2752,4834,487,59,ITF,ITF1,13,Abruzzo,Abruzzo,1304970,1653756,126.73,0.41
4174,2021-06-09,ABR,11572,6091,5481,9701,1686,185,ITF,ITF1,13,Abruzzo,Abruzzo,1304970,1665328,127.61,0.89
4175,2021-09-17,ABR,5338,2957,2381,1529,3704,105,ITF,ITF1,13,Abruzzo,Abruzzo,1304970,1670666,128.02,0.41
4176,2021-03-06,ABR,4183,1361,2822,3571,571,41,ITF,ITF1,13,Abruzzo,Abruzzo,1304970,1674849,128.34,0.32
4177,2021-04-17,ABR,7358,3402,3956,4209,3052,97,ITF,ITF1,13,Abruzzo,Abruzzo,1304970,1682207,128.91,0.56
4178,2021-02-19,ABR,3300,1551,1749,3161,100,39,ITF,ITF1,13,Abruzzo,Abruzzo,1304970,1685507,129.16,0.25
4179,2021-09-18,ABR,2437,1366,1071,959,1399,79,ITF,ITF1,13,Abruzzo,Abruzzo,1304970,1687944,129.35,0.19
4180,2021-01-07,ABR,1712,657,1055,1705,0,7,ITF,ITF1,13,Abruzzo,Abruzzo,1304970,1689656,129.48,0.13
4181,2021-07-30,ABR,12086,6435,5651,3791,8069,226,ITF,ITF1,13,Abruzzo,Abruzzo,1304970,1701742,130.4,0.93
4182,2021-02-26,ABR,3924,1679,2245,2929,969,26,ITF,ITF1,13,Abruzzo,Abruzzo,1304970,1705666,130.71,0.3
4183,2021-01-18,ABR,154,71,83,53,101,0,ITF,ITF1,13,Abruzzo,Abruzzo,1304970,1705820,130.72,0.01
4184,2021-06-24,ABR,10871,5411,5460,5720,4979,172,ITF,ITF1,13,Abruzzo,Abruzzo,1304970,1716691,131.55,0.83
4185,2021-04-28,ABR,9517,4591,4926,7307,2025,185,ITF,ITF1,13,Abruzzo,Abruzzo,1304970,1726208,132.28,0.73
4186,2021-05-12,ABR,9628,4602,5026,5869,3582,177,ITF,ITF1,13,Abruzzo,Abruzzo,1304970,1735836,133.02,0.74
4187,2021-03-16,ABR,3487,1453,2034,1804,1655,28,ITF,ITF1,13,Abruzzo,Abruzzo,1304970,1739323,133.28,0.27
4188,2021-08-20,ABR,6046,3164,2882,2033,3881,132,ITF,ITF1,13,Abruzzo,Abruzzo,1304970,1745369,133.75,0.46
4189,2021-08-06,ABR,10672,5706,4966,3682,6747,243,ITF,ITF1,13,Abruzzo,Abruzzo,1304970,1756041,134.57,0.82
4190,2021-05-05,ABR,11646,5576,6070,6272,5211,163,ITF,ITF1,13,Abruzzo,Abruzzo,1304970,1767687,135.46,0.89
4191,2021-03-09,ABR,5176,1806,3370,4147,938,91,ITF,ITF1,13,Abruzzo,Abruzzo,1304970,1772863,135.85,0.4
4192,2021-08-13,ABR,7119,3832,3287,2013,5000,106,ITF,ITF1,13,Abruzzo,Abruzzo,1304970,1779982,136.4,0.55
4193,2021-07-01,ABR,12761,6281,6480,5766,6768,227,ITF,ITF1,13,Abruzzo,Abruzzo,1304970,1792743,137.38,0.98
4194,2021-06-17,ABR,10913,5457,5456,7297,3452,164,ITF,ITF1,13,Abruzzo,Abruzzo,1304970,1803656,138.21,0.84
4195,2021-08-24,ABR,6359,3411,2948,1876,4331,152,ITF,ITF1,13,Abruzzo,Abruzzo,1304970,1810015,138.7,0.49
4196,2021-02-01,ABR,1633,574,1059,268,1364,1,ITF,ITF1,13,Abruzzo,Abruzzo,1304970,1811648,138.83,0.13
4197,2021-08-31,ABR,6380,3467,2913,1675,4595,110,ITF,ITF1,13,Abruzzo,Abruzzo,1304970,1818028,139.32,0.49
4198,2021-03-23,ABR,4835,2191,2644,2209,2567,59,ITF,ITF1,13,Abruzzo,Abruzzo,1304970,1822863,139.69,0.37
4199,2021-01-25,ABR,1605,633,972,11,1592,2,ITF,ITF1,13,Abruzzo,Abruzzo,1304970,1824468,139.81,0.12
4200,2021-05-24,CAM,31363,15157,16206,15852,15159,352,ITF,ITF3,15,Campania,Campania,5801692,31363,0.54,0.54
4201,2021-02-13,CAM,5508,2549,2959,5102,217,189,ITF,ITF3,15,Campania,Campania,5801692,36871,0.64,0.09
4202,2021-08-01,CAM,16085,8414,7671,6881,8834,370,ITF,ITF3,15,Campania,Campania,5801692,52956,0.91,0.28
4203,2021-04-23,CAM,32361,15538,16823,22418,9161,782,ITF,ITF3,15,Campania,Campania,5801692,85317,1.47,0.56
4204,2021-08-15,CAM,1122,639,483,215,899,8,ITF,ITF3,15,Campania,Campania,5801692,86439,1.49,0.02
4205,2021-08-03,CAM,31997,16222,15775,14453,16657,887,ITF,ITF3,15,Campania,Campania,5801692,118436,2.04,0.55
4206,2021-02-11,CAM,6292,2715,3577,5910,77,305,ITF,ITF3,15,Campania,Campania,5801692,124728,2.15,0.11
4207,2021-01-30,CAM,10733,5083,5650,43,10688,2,ITF,ITF3,15,Campania,Campania,5801692,135461,2.33,0.18
4208,2021-07-03,CAM,67283,32499,34784,8119,58716,448,ITF,ITF3,15,Campania,Campania,5801692,202744,3.49,1.16
4209,2021-08-29,CAM,10263,5576,4687,3715,6278,270,ITF,ITF3,15,Campania,Campania,5801692,213007,3.67,0.18
4210,2021-01-16,CAM,3373,1678,1695,3262,0,111,ITF,ITF3,15,Campania,Campania,5801692,216380,3.73,0.06
4211,2021-03-28,CAM,15565,7510,8055,13560,1625,380,ITF,ITF3,15,Campania,Campania,5801692,231945,4.0,0.27
4212,2021-01-04,CAM,5828,2962,2866,5727,0,101,ITF,ITF3,15,Campania,Campania,5801692,237773,4.1,0.1
4213,2021-09-10,CAM,18458,9430,9028,8301,9263,894,ITF,ITF3,15,Campania,Campania,5801692,256231,4.42,0.32
4214,2021-06-19,CAM,62408,29712,32696,24065,37769,574,ITF,ITF3,15,Campania,Campania,5801692,318639,5.49,1.08
4215,2021-06-24,CAM,66123,31869,34254,13271,52312,540,ITF,ITF3,15,Campania,Campania,5801692,384762,6.63,1.14
4216,2021-03-16,CAM,8090,3519,4571,3695,4317,78,ITF,ITF3,15,Campania,Campania,5801692,392852,6.77,0.14
4217,2021-08-20,CAM,17413,9327,8086,7428,9423,562,ITF,ITF3,15,Campania,Campania,5801692,410265,7.07,0.3
4218,2021-01-25,CAM,5760,2929,2831,174,5586,0,ITF,ITF3,15,Campania,Campania,5801692,416025,7.17,0.1
4219,2021-07-01,CAM,61546,29873,31673,19685,41034,827,ITF,ITF3,15,Campania,Campania,5801692,477571,8.23,1.06
4220,2021-03-23,CAM,15749,7450,8299,12845,2516,388,ITF,ITF3,15,Campania,Campania,5801692,493320,8.5,0.27
4221,2021-03-02,CAM,12762,4560,8202,8180,4345,237,ITF,ITF3,15,Campania,Campania,5801692,506082,8.72,0.22
4222,2021-07-15,CAM,66739,32057,34682,8686,57089,964,ITF,ITF3,15,Campania,Campania,5801692,572821,9.87,1.15
4223,2021-09-15,CAM,15302,7568,7734,6108,8536,658,ITF,ITF3,15,Campania,Campania,5801692,588123,10.14,0.26
4224,2021-06-07,CAM,57604,27731,29873,52509,4053,1042,ITF,ITF3,15,Campania,Campania,5801692,645727,11.13,0.99
4225,2021-02-25,CAM,12444,4487,7957,10938,1208,298,ITF,ITF3,15,Campania,Campania,5801692,658171,11.34,0.21
4226,2021-04-09,CAM,29951,14084,15867,23148,6139,664,ITF,ITF3,15,Campania,Campania,5801692,688122,11.86,0.52
4227,2021-06-05,CAM,77652,37596,40056,70548,6039,1065,ITF,ITF3,15,Campania,Campania,5801692,765774,13.2,1.34
4228,2021-04-11,CAM,17529,8610,8919,15025,2089,415,ITF,ITF3,15,Campania,Campania,5801692,783303,13.5,0.3
4229,2021-04-28,CAM,36426,17632,18794,25821,9763,842,ITF,ITF3,15,Campania,Campania,5801692,819729,14.13,0.63
4230,2021-01-18,CAM,959,399,560,683,244,32,ITF,ITF3,15,Campania,Campania,5801692,820688,14.15,0.02
4231,2021-07-20,CAM,40105,19783,20322,6121,33335,649,ITF,ITF3,15,Campania,Campania,5801692,860793,14.84,0.69
4232,2021-07-27,CAM,49167,24450,24717,12589,35730,848,ITF,ITF3,15,Campania,Campania,5801692,909960,15.68,0.85
4233,2021-09-08,CAM,19132,9652,9480,8693,9620,819,ITF,ITF3,15,Campania,Campania,5801692,929092,16.01,0.33
4234,2021-04-16,CAM,34453,16638,17815,23044,10670,739,ITF,ITF3,15,Campania,Campania,5801692,963545,16.61,0.59
4235,2021-01-06,CAM,7652,3751,3901,7507,0,145,ITF,ITF3,15,Campania,Campania,5801692,971197,16.74,0.13
4236,2021-02-18,CAM,9110,3833,5277,8147,727,236,ITF,ITF3,15,Campania,Campania,5801692,980307,16.9,0.16
4237,2021-06-26,CAM,62953,30696,32257,14497,47863,593,ITF,ITF3,15,Campania,Campania,5801692,1043260,17.98,1.09
4238,2021-07-13,CAM,53698,25798,27900,4670,48506,522,ITF,ITF3,15,Campania,Campania,5801692,1096958,18.91,0.93
4239,2021-04-04,CAM,7965,4016,3949,6672,1046,247,ITF,ITF3,15,Campania,Campania,5801692,1104923,19.04,0.14
4240,2021-06-12,CAM,64001,31546,32455,55587,7216,1198,ITF,ITF3,15,Campania,Campania,5801692,1168924,20.15,1.1
4241,2021-03-04,CAM,14709,5395,9314,8522,5897,290,ITF,ITF3,15,Campania,Campania,5801692,1183633,20.4,0.25
4242,2021-03-09,CAM,14145,6878,7267,9895,3799,451,ITF,ITF3,15,Campania,Campania,5801692,1197778,20.65,0.24
4243,2021-05-31,CAM,40825,20716,20109,29840,10401,584,ITF,ITF3,15,Campania,Campania,5801692,1238603,21.35,0.7
4244,2021-08-27,CAM,24405,13017,11388,7830,15886,689,ITF,ITF3,15,Campania,Campania,5801692,1263008,21.77,0.42
4245,2021-05-19,CAM,51310,22660,28650,33754,16759,797,ITF,ITF3,15,Campania,Campania,5801692,1314318,22.65,0.88
4246,2021-05-05,CAM,51188,24867,26321,43144,6398,1646,ITF,ITF3,15,Campania,Campania,5801692,1365506,23.54,0.88
4247,2021-01-11,CAM,4081,1879,2202,3967,0,114,ITF,ITF3,15,Campania,Campania,5801692,1369587,23.61,0.07
4248,2021-09-17,CAM,15051,7732,7319,6993,7369,689,ITF,ITF3,15,Campania,Campania,5801692,1384638,23.87,0.26
4249,2021-09-03,CAM,26491,13636,12855,10795,14772,924,ITF,ITF3,15,Campania,Campania,5801692,1411129,24.32,0.46
4250,2021-08-22,CAM,6812,3877,2935,2535,4128,149,ITF,ITF3,15,Campania,Campania,5801692,1417941,24.44,0.12
4251,2021-01-23,CAM,3843,2032,1811,267,3570,6,ITF,ITF3,15,Campania,Campania,5801692,1421784,24.51,0.07
4252,2021-03-21,CAM,10079,4679,5400,7482,2391,206,ITF,ITF3,15,Campania,Campania,5801692,1431863,24.68,0.17
4253,2021-02-10,CAM,6939,3439,3500,6483,206,250,ITF,ITF3,15,Campania,Campania,5801692,1438802,24.8,0.12
4254,2021-07-17,CAM,55272,27562,27710,3351,51549,372,ITF,ITF3,15,Campania,Campania,5801692,1494074,25.75,0.95
4255,2021-04-25,CAM,30744,15178,15566,24517,5408,819,ITF,ITF3,15,Campania,Campania,5801692,1524818,26.28,0.53
4256,2021-01-13,CAM,8031,3676,4355,7786,0,245,ITF,ITF3,15,Campania,Campania,5801692,1532849,26.42,0.14
4257,2021-06-14,CAM,37133,17921,19212,18690,18024,419,ITF,ITF3,15,Campania,Campania,5801692,1569982,27.06,0.64
4258,2021-08-10,CAM,21641,11192,10449,13580,6951,1110,ITF,ITF3,15,Campania,Campania,5801692,1591623,27.43,0.37
4259,2021-05-17,CAM,49511,21756,27755,23600,25399,512,ITF,ITF3,15,Campania,Campania,5801692,1641134,28.29,0.85
4260,2021-02-06,CAM,5343,2666,2677,2002,3241,100,ITF,ITF3,15,Campania,Campania,5801692,1646477,28.38,0.09
4261,2021-07-22,CAM,61854,30553,31301,6478,54794,582,ITF,ITF3,15,Campania,Campania,5801692,1708331,29.45,1.07
4262,2021-08-08,CAM,7575,4042,3533,4646,2667,262,ITF,ITF3,15,Campania,Campania,5801692,1715906,29.58,0.13
4263,2021-04-30,CAM,42332,20199,22133,24939,16510,883,ITF,ITF3,15,Campania,Campania,5801692,1758238,30.31,0.73
4264,2021-02-04,CAM,7946,3430,4516,1249,6638,59,ITF,ITF3,15,Campania,Campania,5801692,1766184,30.44,0.14
4265,2021-07-31,CAM,30729,16215,14514,10434,19601,694,ITF,ITF3,15,Campania,Campania,5801692,1796913,30.97,0.53
4266,2021-05-07,CAM,59793,29216,30577,42281,15970,1542,ITF,ITF3,15,Campania,Campania,5801692,1856706,32.0,1.03
4267,2021-01-27,CAM,7755,3824,3931,168,7582,5,ITF,ITF3,15,Campania,Campania,5801692,1864461,32.14,0.13
4268,2021-08-26,CAM,24539,12760,11779,8170,15531,838,ITF,ITF3,15,Campania,Campania,5801692,1889000,32.56,0.42
4269,2021-09-12,CAM,7820,4063,3757,4682,2676,462,ITF,ITF3,15,Campania,Campania,5801692,1896820,32.69,0.13
4270,2021-06-02,CAM,42947,20185,22762,37613,4734,600,ITF,ITF3,15,Campania,Campania,5801692,1939767,33.43,0.74
4271,2021-02-22,CAM,10699,3298,7401,10150,279,270,ITF,ITF3,15,Campania,Campania,5801692,1950466,33.62,0.18
4272,2021-03-11,CAM,18029,9078,8951,10273,7293,463,ITF,ITF3,15,Campania,Campania,5801692,1968495,33.93,0.31
4273,2021-08-24,CAM,22609,11705,10904,8658,13188,763,ITF,ITF3,15,Campania,Campania,5801692,1991104,34.32,0.39
4274,2021-05-16,CAM,51161,23229,27932,32761,17587,813,ITF,ITF3,15,Campania,Campania,5801692,2042265,35.2,0.88
4275,2021-05-26,CAM,52747,25881,26866,21110,31161,476,ITF,ITF3,15,Campania,Campania,5801692,2095012,36.11,0.91
4276,2021-04-06,CAM,24531,11570,12961,19453,4527,551,ITF,ITF3,15,Campania,Campania,5801692,2119543,36.53,0.42
4277,2021-07-12,CAM,56705,27377,29328,3692,52607,406,ITF,ITF3,15,Campania,Campania,5801692,2176248,37.51,0.98
4278,2020-12-27,CAM,720,422,298,716,0,4,ITF,ITF3,15,Campania,Campania,5801692,2176968,37.52,0.01
4279,2021-07-29,CAM,48509,24349,24160,13414,34141,954,ITF,ITF3,15,Campania,Campania,5801692,2225477,38.36,0.84
4280,2021-04-20,CAM,32186,15558,16628,20232,11339,615,ITF,ITF3,15,Campania,Campania,5801692,2257663,38.91,0.55
4281,2021-06-28,CAM,46536,22742,23794,20371,25414,751,ITF,ITF3,15,Campania,Campania,5801692,2304199,39.72,0.8
4282,2021-04-08,CAM,28524,13841,14683,22029,5848,647,ITF,ITF3,15,Campania,Campania,5801692,2332723,40.21,0.49
4283,2021-06-04,CAM,74588,35845,38743,64406,9136,1046,ITF,ITF3,15,Campania,Campania,5801692,2407311,41.49,1.29
4284,2021-05-21,CAM,63876,29654,34222,42140,20706,1030,ITF,ITF3,15,Campania,Campania,5801692,2471187,42.59,1.1
4285,2021-09-19,CAM,4626,2594,2032,2305,2068,253,ITF,ITF3,15,Campania,Campania,5801692,2475813,42.67,0.08
4286,2021-03-18,CAM,12179,5382,6797,5784,6193,202,ITF,ITF3,15,Campania,Campania,5801692,2487992,42.88,0.21
4287,2021-01-01,CAM,919,506,413,899,0,20,ITF,ITF3,15,Campania,Campania,5801692,2488911,42.9,0.02
4288,2021-03-25,CAM,20329,9658,10671,16321,3507,501,ITF,ITF3,15,Campania,Campania,5801692,2509240,43.25,0.35
4289,2021-02-27,CAM,13956,4471,9485,11961,1653,342,ITF,ITF3,15,Campania,Campania,5801692,2523196,43.49,0.24
4290,2021-06-16,CAM,31652,15011,16641,20357,10775,520,ITF,ITF3,15,Campania,Campania,5801692,2554848,44.04,0.55
4291,2021-08-12,CAM,18928,9999,8929,12398,5718,812,ITF,ITF3,15,Campania,Campania,5801692,2573776,44.36,0.33
4292,2021-05-02,CAM,43495,21552,21943,31172,11377,946,ITF,ITF3,15,Campania,Campania,5801692,2617271,45.11,0.75
4293,2021-01-22,CAM,1534,783,751,666,854,14,ITF,ITF3,15,Campania,Campania,5801692,2618805,45.14,0.03
4294,2021-02-20,CAM,8573,3080,5493,8087,303,183,ITF,ITF3,15,Campania,Campania,5801692,2627378,45.29,0.15
4295,2021-02-03,CAM,8910,4006,4904,843,8031,36,ITF,ITF3,15,Campania,Campania,5801692,2636288,45.44,0.15
4296,2021-07-24,CAM,47999,24874,23125,6609,40889,501,ITF,ITF3,15,Campania,Campania,5801692,2684287,46.27,0.83
4297,2021-01-20,CAM,1264,654,610,1233,0,31,ITF,ITF3,15,Campania,Campania,5801692,2685551,46.29,0.02
4298,2021-04-13,CAM,26618,12690,13928,20524,5539,555,ITF,ITF3,15,Campania,Campania,5801692,2712169,46.75,0.46
4299,2021-01-03,CAM,3836,2009,1827,3787,0,49,ITF,ITF3,15,Campania,Campania,5801692,2716005,46.81,0.07
4300,2021-07-14,CAM,51121,24587,26534,4250,46503,368,ITF,ITF3,15,Campania,Campania,5801692,2767126,47.7,0.88
4301,2021-04-05,CAM,11641,5541,6100,8889,2424,328,ITF,ITF3,15,Campania,Campania,5801692,2778767,47.9,0.2
4302,2021-03-17,CAM,11599,5103,6496,4846,6591,162,ITF,ITF3,15,Campania,Campania,5801692,2790366,48.1,0.2
4303,2021-06-11,CAM,70847,34426,36421,63444,6058,1345,ITF,ITF3,15,Campania,Campania,5801692,2861213,49.32,1.22
4304,2021-03-20,CAM,13990,6531,7459,9969,3739,282,ITF,ITF3,15,Campania,Campania,5801692,2875203,49.56,0.24
4305,2021-08-31,CAM,27774,13964,13810,10817,15976,981,ITF,ITF3,15,Campania,Campania,5801692,2902977,50.04,0.48
4306,2021-02-15,CAM,5472,2516,2956,5148,175,149,ITF,ITF3,15,Campania,Campania,5801692,2908449,50.13,0.09
4307,2021-06-09,CAM,53066,26053,27013,41404,10918,744,ITF,ITF3,15,Campania,Campania,5801692,2961515,51.05,0.91
4308,2021-03-01,CAM,12134,4249,7885,7737,4113,284,ITF,ITF3,15,Campania,Campania,5801692,2973649,51.25,0.21
4309,2021-08-17,CAM,22281,12044,10237,7290,14442,549,ITF,ITF3,15,Campania,Campania,5801692,2995930,51.64,0.38
4310,2021-05-09,CAM,43215,20293,22922,30864,11107,1244,ITF,ITF3,15,Campania,Campania,5801692,3039145,52.38,0.74
4311,2021-03-06,CAM,16376,6819,9557,10364,5672,340,ITF,ITF3,15,Campania,Campania,5801692,3055521,52.67,0.28
4312,2021-08-19,CAM,22020,11638,10382,9574,11774,672,ITF,ITF3,15,Campania,Campania,5801692,3077541,53.05,0.38
4313,2021-04-01,CAM,24695,12024,12671,20029,4137,529,ITF,ITF3,15,Campania,Campania,5801692,3102236,53.47,0.43
4314,2021-09-05,CAM,8208,4272,3936,5163,2583,462,ITF,ITF3,15,Campania,Campania,5801692,3110444,53.61,0.14
4315,2021-05-28,CAM,73083,35335,37748,26265,46184,634,ITF,ITF3,15,Campania,Campania,5801692,3183527,54.87,1.26
4316,2021-05-14,CAM,61048,27585,33463,34655,24741,1652,ITF,ITF3,15,Campania,Campania,5801692,3244575,55.92,1.05
4317,2021-07-10,CAM,66913,32668,34245,2698,63964,251,ITF,ITF3,15,Campania,Campania,5801692,3311488,57.08,1.15
4318,2021-04-18,CAM,27223,13287,13936,17764,8904,555,ITF,ITF3,15,Campania,Campania,5801692,3338711,57.55,0.47
4319,2021-01-08,CAM,10459,4970,5489,10195,0,264,ITF,ITF3,15,Campania,Campania,5801692,3349170,57.73,0.18
4320,2021-04-27,CAM,32170,15633,16537,23415,7930,825,ITF,ITF3,15,Campania,Campania,5801692,3381340,58.28,0.55
4321,2021-06-23,CAM,46778,22097,24681,10572,35805,401,ITF,ITF3,15,Campania,Campania,5801692,3428118,59.09,0.81
4322,2021-08-05,CAM,35177,18033,17144,17280,16833,1064,ITF,ITF3,15,Campania,Campania,5801692,3463295,59.69,0.61
4323,2021-01-15,CAM,5001,2394,2607,4841,0,160,ITF,ITF3,15,Campania,Campania,5801692,3468296,59.78,0.09
4324,2021-06-21,CAM,46924,22687,24237,11196,35295,433,ITF,ITF3,15,Campania,Campania,5801692,3515220,60.59,0.81
4325,2021-07-05,CAM,63324,30528,32796,12617,49899,808,ITF,ITF3,15,Campania,Campania,5801692,3578544,61.68,1.09
4326,2021-09-09,CAM,18403,9416,8987,8212,9378,813,ITF,ITF3,15,Campania,Campania,5801692,3596947,62.0,0.32
4327,2021-05-18,CAM,52280,23285,28995,31807,19732,741,ITF,ITF3,15,Campania,Campania,5801692,3649227,62.9,0.9
4328,2021-08-09,CAM,25086,13084,12002,13671,10466,949,ITF,ITF3,15,Campania,Campania,5801692,3674313,63.33,0.43
4329,2021-02-05,CAM,7268,3464,3804,2023,5130,115,ITF,ITF3,15,Campania,Campania,5801692,3681581,63.46,0.13
4330,2021-08-07,CAM,17199,9179,8020,11202,5290,707,ITF,ITF3,15,Campania,Campania,5801692,3698780,63.75,0.3
4331,2021-04-29,CAM,41557,20181,21376,23961,16750,846,ITF,ITF3,15,Campania,Campania,5801692,3740337,64.47,0.72
4332,2021-01-19,CAM,1110,485,625,1055,5,50,ITF,ITF3,15,Campania,Campania,5801692,3741447,64.49,0.02
4333,2021-03-08,CAM,14694,6852,7842,9431,4781,482,ITF,ITF3,15,Campania,Campania,5801692,3756141,64.74,0.25
4334,2021-05-04,CAM,48482,23344,25138,38203,8907,1372,ITF,ITF3,15,Campania,Campania,5801692,3804623,65.58,0.84
4335,2021-01-24,CAM,4123,2120,2003,361,3745,17,ITF,ITF3,15,Campania,Campania,5801692,3808746,65.65,0.07
4336,2021-08-21,CAM,9800,5396,4404,4077,5343,380,ITF,ITF3,15,Campania,Campania,5801692,3818546,65.82,0.17
4337,2021-05-13,CAM,55457,24834,30623,37696,16025,1736,ITF,ITF3,15,Campania,Campania,5801692,3874003,66.77,0.96
4338,2021-07-09,CAM,61511,29782,31729,4301,56846,364,ITF,ITF3,15,Campania,Campania,5801692,3935514,67.83,1.06
4339,2021-03-03,CAM,13925,5496,8429,7066,6632,227,ITF,ITF3,15,Campania,Campania,5801692,3949439,68.07,0.24
4340,2021-06-25,CAM,65518,31804,33714,13599,51346,573,ITF,ITF3,15,Campania,Campania,5801692,4014957,69.2,1.13
4341,2021-09-02,CAM,25521,13188,12333,10157,14454,910,ITF,ITF3,15,Campania,Campania,5801692,4040478,69.64,0.44
4342,2021-05-25,CAM,46575,22431,24144,22548,23459,568,ITF,ITF3,15,Campania,Campania,5801692,4087053,70.45,0.8
4343,2021-03-13,CAM,14526,7044,7482,8945,5283,298,ITF,ITF3,15,Campania,Campania,5801692,4101579,70.7,0.25
4344,2021-03-22,CAM,13189,6354,6835,10807,2045,337,ITF,ITF3,15,Campania,Campania,5801692,4114768,70.92,0.23
4345,2021-02-07,CAM,2929,1382,1547,2066,771,92,ITF,ITF3,15,Campania,Campania,5801692,4117697,70.97,0.05
4346,2021-06-30,CAM,47674,22778,24896,18200,28660,814,ITF,ITF3,15,Campania,Campania,5801692,4165371,71.8,0.82
4347,2021-09-04,CAM,18062,9828,8234,8633,8442,987,ITF,ITF3,15,Campania,Campania,5801692,4183433,72.11,0.31
4348,2021-02-24,CAM,11810,4158,7652,10806,715,289,ITF,ITF3,15,Campania,Campania,5801692,4195243,72.31,0.2
4349,2021-01-05,CAM,7237,3637,3600,7074,0,163,ITF,ITF3,15,Campania,Campania,5801692,4202480,72.44,0.12
4350,2021-09-16,CAM,14406,7208,7198,6136,7645,625,ITF,ITF3,15,Campania,Campania,5801692,4216886,72.68,0.25
4351,2021-01-10,CAM,8165,3736,4429,7963,0,202,ITF,ITF3,15,Campania,Campania,5801692,4225051,72.82,0.14
4352,2021-04-03,CAM,21120,10316,10804,18227,2383,510,ITF,ITF3,15,Campania,Campania,5801692,4246171,73.19,0.36
4353,2021-07-07,CAM,52317,24824,27493,7098,44646,573,ITF,ITF3,15,Campania,Campania,5801692,4298488,74.09,0.9
4354,2021-03-29,CAM,19412,9580,9832,17410,1551,451,ITF,ITF3,15,Campania,Campania,5801692,4317900,74.42,0.33
4355,2021-06-20,CAM,47616,22750,24866,14187,32998,431,ITF,ITF3,15,Campania,Campania,5801692,4365516,75.25,0.82
4356,2021-03-27,CAM,21518,10243,11275,17199,3869,450,ITF,ITF3,15,Campania,Campania,5801692,4387034,75.62,0.37
4357,2021-07-21,CAM,50180,24428,25752,8344,40889,947,ITF,ITF3,15,Campania,Campania,5801692,4437214,76.48,0.86
4358,2021-01-31,CAM,8069,3712,4357,21,8047,1,ITF,ITF3,15,Campania,Campania,5801692,4445283,76.62,0.14
4359,2021-05-11,CAM,39891,19253,20638,29511,9407,973,ITF,ITF3,15,Campania,Campania,5801692,4485174,77.31,0.69
4360,2021-04-22,CAM,34122,16637,17485,20872,12547,703,ITF,ITF3,15,Campania,Campania,5801692,4519296,77.9,0.59
4361,2021-01-12,CAM,5221,2569,2652,5082,0,139,ITF,ITF3,15,Campania,Campania,5801692,4524517,77.99,0.09
4362,2021-08-14,CAM,4919,2804,2115,2051,2706,162,ITF,ITF3,15,Campania,Campania,5801692,4529436,78.07,0.08
4363,2021-05-06,CAM,57625,28141,29484,41147,14779,1699,ITF,ITF3,15,Campania,Campania,5801692,4587061,79.06,0.99
4364,2021-09-01,CAM,27216,13717,13499,10230,16119,867,ITF,ITF3,15,Campania,Campania,5801692,4614277,79.53,0.47
4365,2021-02-17,CAM,7419,3229,4190,6211,1073,135,ITF,ITF3,15,Campania,Campania,5801692,4621696,79.66,0.13
4366,2021-04-15,CAM,34356,16667,17689,23758,9908,690,ITF,ITF3,15,Campania,Campania,5801692,4656052,80.25,0.59
4367,2021-07-28,CAM,49457,24549,24908,13725,34780,952,ITF,ITF3,15,Campania,Campania,5801692,4705509,81.11,0.85
4368,2021-08-16,CAM,12468,6696,5772,6209,5726,533,ITF,ITF3,15,Campania,Campania,5801692,4717977,81.32,0.21
4369,2021-05-23,CAM,58766,28649,30117,37207,20907,652,ITF,ITF3,15,Campania,Campania,5801692,4776743,82.33,1.01
4370,2021-02-12,CAM,6563,2876,3687,6083,218,262,ITF,ITF3,15,Campania,Campania,5801692,4783306,82.45,0.11
4371,2021-01-29,CAM,10086,4822,5264,67,10015,4,ITF,ITF3,15,Campania,Campania,5801692,4793392,82.62,0.17
4372,2021-07-11,CAM,40869,19670,21199,1000,39775,94,ITF,ITF3,15,Campania,Campania,5801692,4834261,83.33,0.7
4373,2021-02-02,CAM,5736,2813,2923,417,5288,31,ITF,ITF3,15,Campania,Campania,5801692,4839997,83.42,0.1
4374,2021-03-31,CAM,23209,11383,11826,19302,3444,463,ITF,ITF3,15,Campania,Campania,5801692,4863206,83.82,0.4
4375,2021-07-18,CAM,31388,15808,15580,3778,27169,441,ITF,ITF3,15,Campania,Campania,5801692,4894594,84.36,0.54
4376,2021-06-22,CAM,52455,25015,27440,13064,39005,386,ITF,ITF3,15,Campania,Campania,5801692,4947049,85.27,0.9
4377,2021-03-14,CAM,8617,3826,4791,4354,4142,121,ITF,ITF3,15,Campania,Campania,5801692,4955666,85.42,0.15
4378,2021-05-10,CAM,35482,16395,19087,24813,9932,737,ITF,ITF3,15,Campania,Campania,5801692,4991148,86.03,0.61
4379,2021-06-01,CAM,42312,20991,21321,31435,10553,324,ITF,ITF3,15,Campania,Campania,5801692,5033460,86.76,0.73
4380,2021-06-18,CAM,65899,31406,34493,34797,30312,790,ITF,ITF3,15,Campania,Campania,5801692,5099359,87.89,1.14
4381,2021-03-10,CAM,15639,7739,7900,8419,6853,367,ITF,ITF3,15,Campania,Campania,5801692,5114998,88.16,0.27
4382,2021-08-06,CAM,31227,16258,14969,17524,12643,1060,ITF,ITF3,15,Campania,Campania,5801692,5146225,88.7,0.54
4383,2021-08-23,CAM,23721,12360,11361,9510,13351,860,ITF,ITF3,15,Campania,Campania,5801692,5169946,89.11,0.41
4384,2021-05-15,CAM,62824,29086,33738,41936,18879,2009,ITF,ITF3,15,Campania,Campania,5801692,5232770,90.19,1.08
4385,2021-08-18,CAM,19594,10346,9248,7731,11293,570,ITF,ITF3,15,Campania,Campania,5801692,5252364,90.53,0.34
4386,2021-02-28,CAM,10412,3208,7204,8274,1901,237,ITF,ITF3,15,Campania,Campania,5801692,5262776,90.71,0.18
4387,2021-02-14,CAM,3929,1923,2006,3842,34,53,ITF,ITF3,15,Campania,Campania,5801692,5266705,90.78,0.07
4388,2021-01-26,CAM,7350,3733,3617,335,6994,21,ITF,ITF3,15,Campania,Campania,5801692,5274055,90.91,0.13
4389,2021-01-21,CAM,2106,1125,981,678,1421,7,ITF,ITF3,15,Campania,Campania,5801692,5276161,90.94,0.04
4390,2021-07-23,CAM,61839,30810,31029,8333,52870,636,ITF,ITF3,15,Campania,Campania,5801692,5338000,92.01,1.07
4391,2021-04-14,CAM,27666,13339,14327,18617,8592,457,ITF,ITF3,15,Campania,Campania,5801692,5365666,92.48,0.48
4392,2021-05-01,CAM,46358,22670,23688,29236,16117,1005,ITF,ITF3,15,Campania,Campania,5801692,5412024,93.28,0.8
4393,2021-07-06,CAM,56709,27080,29629,15791,40114,804,ITF,ITF3,15,Campania,Campania,5801692,5468733,94.26,0.98
4394,2021-04-12,CAM,23311,10921,12390,19732,3038,541,ITF,ITF3,15,Campania,Campania,5801692,5492044,94.66,0.4
4395,2021-01-02,CAM,3672,1963,1709,3614,0,58,ITF,ITF3,15,Campania,Campania,5801692,5495716,94.73,0.06
4396,2021-01-17,CAM,1155,551,604,682,453,20,ITF,ITF3,15,Campania,Campania,5801692,5496871,94.75,0.02
4397,2021-03-15,CAM,13357,6501,6856,8305,4749,303,ITF,ITF3,15,Campania,Campania,5801692,5510228,94.98,0.23
4398,2021-07-02,CAM,55895,27013,28882,14330,40965,600,ITF,ITF3,15,Campania,Campania,5801692,5566123,95.94,0.96
4399,2021-08-28,CAM,17708,9615,8093,5360,11842,506,ITF,ITF3,15,Campania,Campania,5801692,5583831,96.24,0.31
4400,2021-06-27,CAM,43561,21452,22109,13977,29073,511,ITF,ITF3,15,Campania,Campania,5801692,5627392,97.0,0.75
4401,2021-03-19,CAM,11153,4979,6174,7069,3877,207,ITF,ITF3,15,Campania,Campania,5801692,5638545,97.19,0.19
4402,2021-09-18,CAM,13893,7783,6110,7238,5936,719,ITF,ITF3,15,Campania,Campania,5801692,5652438,97.43,0.24
4403,2021-06-10,CAM,76018,36714,39304,67598,7110,1310,ITF,ITF3,15,Campania,Campania,5801692,5728456,98.74,1.31
4404,2021-09-13,CAM,18281,9028,9253,8254,9246,781,ITF,ITF3,15,Campania,Campania,5801692,5746737,99.05,0.32
4405,2021-04-07,CAM,24979,11992,12987,19643,4726,610,ITF,ITF3,15,Campania,Campania,5801692,5771716,99.48,0.43
4406,2021-07-16,CAM,61066,29874,31192,6512,53920,634,ITF,ITF3,15,Campania,Campania,5801692,5832782,100.54,1.05
4407,2021-04-02,CAM,21870,10527,11343,19036,2324,510,ITF,ITF3,15,Campania,Campania,5801692,5854652,100.91,0.38
4408,2021-03-12,CAM,14583,7414,7169,8131,6088,364,ITF,ITF3,15,Campania,Campania,5801692,5869235,101.16,0.25
4409,2021-09-11,CAM,11880,6427,5453,6215,4950,715,ITF,ITF3,15,Campania,Campania,5801692,5881115,101.37,0.2
4410,2021-06-03,CAM,72657,35244,37413,60827,10682,1148,ITF,ITF3,15,Campania,Campania,5801692,5953772,102.62,1.25
4411,2021-02-23,CAM,11020,3399,7621,10151,544,325,ITF,ITF3,15,Campania,Campania,5801692,5964792,102.81,0.19
4412,2021-08-25,CAM,22834,12019,10815,8688,13422,724,ITF,ITF3,15,Campania,Campania,5801692,5987626,103.2,0.39
4413,2021-06-08,CAM,53117,25878,27239,45234,7081,802,ITF,ITF3,15,Campania,Campania,5801692,6040743,104.12,0.92
4414,2021-08-04,CAM,29839,15309,14530,15761,13101,977,ITF,ITF3,15,Campania,Campania,5801692,6070582,104.63,0.51
4415,2021-04-26,CAM,34059,16653,17406,27510,5630,919,ITF,ITF3,15,Campania,Campania,5801692,6104641,105.22,0.59
4416,2021-03-07,CAM,11975,5407,6568,7764,3844,367,ITF,ITF3,15,Campania,Campania,5801692,6116616,105.43,0.21
4417,2021-08-11,CAM,21052,11096,9956,12036,8144,872,ITF,ITF3,15,Campania,Campania,5801692,6137668,105.79,0.36
4418,2021-05-03,CAM,40763,19895,20868,27829,11874,1060,ITF,ITF3,15,Campania,Campania,5801692,6178431,106.49,0.7
4419,2021-06-29,CAM,49360,24016,25344,19657,29150,553,ITF,ITF3,15,Campania,Campania,5801692,6227791,107.34,0.85
4420,2021-04-19,CAM,30787,14835,15952,18638,11592,557,ITF,ITF3,15,Campania,Campania,5801692,6258578,107.88,0.53
4421,2021-01-09,CAM,10564,5022,5542,10301,0,263,ITF,ITF3,15,Campania,Campania,5801692,6269142,108.06,0.18
4422,2021-05-27,CAM,73051,35401,37650,25814,46661,576,ITF,ITF3,15,Campania,Campania,5801692,6342193,109.32,1.26
4423,2021-02-16,CAM,5471,2431,3040,4498,787,186,ITF,ITF3,15,Campania,Campania,5801692,6347664,109.41,0.09
4424,2021-05-22,CAM,68133,32557,35576,45597,21660,876,ITF,ITF3,15,Campania,Campania,5801692,6415797,110.58,1.17
4425,2021-06-17,CAM,60217,28867,31350,32679,26801,737,ITF,ITF3,15,Campania,Campania,5801692,6476014,111.62,1.04
4426,2021-07-04,CAM,48824,23766,25058,6157,42321,346,ITF,ITF3,15,Campania,Campania,5801692,6524838,112.46,0.84
4427,2021-03-26,CAM,19873,9328,10545,15592,3819,462,ITF,ITF3,15,Campania,Campania,5801692,6544711,112.81,0.34
4428,2021-05-08,CAM,56455,27150,29305,38994,15851,1610,ITF,ITF3,15,Campania,Campania,5801692,6601166,113.78,0.97
4429,2021-01-28,CAM,8851,4130,4721,140,8703,8,ITF,ITF3,15,Campania,Campania,5801692,6610017,113.93,0.15
4430,2021-07-30,CAM,44828,22822,22006,14313,29501,1014,ITF,ITF3,15,Campania,Campania,5801692,6654845,114.71,0.77
4431,2021-04-21,CAM,30355,14773,15582,17546,12232,577,ITF,ITF3,15,Campania,Campania,5801692,6685200,115.23,0.52
4432,2021-02-21,CAM,5840,2242,3598,5487,228,125,ITF,ITF3,15,Campania,Campania,5801692,6691040,115.33,0.1
4433,2021-06-15,CAM,18690,9096,9594,10978,7424,288,ITF,ITF3,15,Campania,Campania,5801692,6709730,115.65,0.32
4434,2021-08-30,CAM,29109,15016,14093,9736,18548,825,ITF,ITF3,15,Campania,Campania,5801692,6738839,116.15,0.5
4435,2021-03-24,CAM,17924,8371,9553,14568,2958,398,ITF,ITF3,15,Campania,Campania,5801692,6756763,116.46,0.31
4436,2021-05-20,CAM,61060,28279,32781,42253,17820,987,ITF,ITF3,15,Campania,Campania,5801692,6817823,117.51,1.05
4437,2021-02-09,CAM,4654,2209,2445,4228,263,163,ITF,ITF3,15,Campania,Campania,5801692,6822477,117.59,0.08
4438,2021-09-06,CAM,22768,11628,11140,10657,11055,1056,ITF,ITF3,15,Campania,Campania,5801692,6845245,117.99,0.39
4439,2021-05-29,CAM,67883,32284,35599,43051,23967,865,ITF,ITF3,15,Campania,Campania,5801692,6913128,119.16,1.17
4440,2021-07-25,CAM,23227,11805,11422,4216,18740,271,ITF,ITF3,15,Campania,Campania,5801692,6936355,119.56,0.4
4441,2021-05-12,CAM,40939,19980,20959,30495,9172,1272,ITF,ITF3,15,Campania,Campania,5801692,6977294,120.26,0.71
4442,2021-07-08,CAM,61131,29426,31705,5597,55160,374,ITF,ITF3,15,Campania,Campania,5801692,7038425,121.32,1.05
4443,2021-09-07,CAM,20542,10391,10151,9496,10187,859,ITF,ITF3,15,Campania,Campania,5801692,7058967,121.67,0.35
4444,2021-02-08,CAM,5128,2459,2669,4163,815,150,ITF,ITF3,15,Campania,Campania,5801692,7064095,121.76,0.09
4445,2021-09-14,CAM,15837,7796,8041,6769,8372,696,ITF,ITF3,15,Campania,Campania,5801692,7079932,122.03,0.27
4446,2021-02-01,CAM,3988,1814,2174,104,3876,8,ITF,ITF3,15,Campania,Campania,5801692,7083920,122.1,0.07
4447,2021-03-30,CAM,22061,10584,11477,18540,2959,562,ITF,ITF3,15,Campania,Campania,5801692,7105981,122.48,0.38
4448,2021-04-17,CAM,36204,17518,18686,23929,11518,757,ITF,ITF3,15,Campania,Campania,5801692,7142185,123.11,0.62
4449,2021-06-13,CAM,43428,21243,22185,37860,4731,837,ITF,ITF3,15,Campania,Campania,5801692,7185613,123.85,0.75
4450,2021-05-30,CAM,52172,25453,26719,37949,13329,894,ITF,ITF3,15,Campania,Campania,5801692,7237785,124.75,0.9
4451,2021-02-19,CAM,9588,3569,6019,8682,662,244,ITF,ITF3,15,Campania,Campania,5801692,7247373,124.92,0.17
4452,2021-07-26,CAM,48865,24319,24546,10210,37944,711,ITF,ITF3,15,Campania,Campania,5801692,7296238,125.76,0.84
4453,2020-12-31,CAM,1490,811,679,1470,0,20,ITF,ITF3,15,Campania,Campania,5801692,7297728,125.79,0.03
4454,2021-06-06,CAM,63233,31449,31784,61543,651,1039,ITF,ITF3,15,Campania,Campania,5801692,7360961,126.88,1.09
4455,2021-02-26,CAM,13366,4236,9130,11683,1368,315,ITF,ITF3,15,Campania,Campania,5801692,7374327,127.11,0.23
4456,2021-08-02,CAM,41768,21213,20555,13042,28014,712,ITF,ITF3,15,Campania,Campania,5801692,7416095,127.83,0.72
4457,2021-04-24,CAM,36387,17539,18848,24299,11250,838,ITF,ITF3,15,Campania,Campania,5801692,7452482,128.45,0.63
4458,2021-07-19,CAM,44000,21547,22453,5144,38377,479,ITF,ITF3,15,Campania,Campania,5801692,7496482,129.21,0.76
4459,2021-04-10,CAM,28367,13501,14866,22758,4917,692,ITF,ITF3,15,Campania,Campania,5801692,7524849,129.7,0.49
4460,2021-01-07,CAM,8909,4167,4742,8734,0,175,ITF,ITF3,15,Campania,Campania,5801692,7533758,129.85,0.15
4461,2021-03-05,CAM,16823,6668,10155,9822,6672,329,ITF,ITF3,15,Campania,Campania,5801692,7550581,130.14,0.29
4462,2021-08-13,CAM,16869,9152,7717,9713,6605,551,ITF,ITF3,15,Campania,Campania,5801692,7567450,130.44,0.29
4463,2021-01-14,CAM,7082,2983,4099,6816,0,266,ITF,ITF3,15,Campania,Campania,5801692,7574532,130.56,0.12
4464,2021-08-29,SIC,14528,7929,6599,4757,9625,146,ITG,ITG1,19,Sicilia,Sicilia,4999891,14528,0.29,0.29
4465,2021-02-25,SIC,9941,5208,4733,8684,1164,93,ITG,ITG1,19,Sicilia,Sicilia,4999891,24469,0.49,0.2
4466,2021-06-05,SIC,59962,28523,31439,48732,10602,628,ITG,ITG1,19,Sicilia,Sicilia,4999891,84431,1.69,1.2
4467,2021-03-14,SIC,8784,3931,4853,4895,3837,52,ITG,ITG1,19,Sicilia,Sicilia,4999891,93215,1.86,0.18
4468,2021-02-13,SIC,2979,1124,1855,2686,256,37,ITG,ITG1,19,Sicilia,Sicilia,4999891,96194,1.92,0.06
4469,2021-05-24,SIC,35894,17454,18440,15596,20065,233,ITG,ITG1,19,Sicilia,Sicilia,4999891,132088,2.64,0.72
4470,2021-08-15,SIC,2513,1428,1085,1509,954,50,ITG,ITG1,19,Sicilia,Sicilia,4999891,134601,2.69,0.05
4471,2021-08-01,SIC,19967,10433,9534,7854,11967,146,ITG,ITG1,19,Sicilia,Sicilia,4999891,154568,3.09,0.4
4472,2021-06-19,SIC,44306,21065,23241,18760,25223,323,ITG,ITG1,19,Sicilia,Sicilia,4999891,198874,3.98,0.89
4473,2021-04-23,SIC,28631,13722,14909,22406,5841,384,ITG,ITG1,19,Sicilia,Sicilia,4999891,227505,4.55,0.57
4474,2021-04-11,SIC,15379,7595,7784,8227,7040,112,ITG,ITG1,19,Sicilia,Sicilia,4999891,242884,4.86,0.31
4475,2021-07-20,SIC,48509,23629,24880,12785,35362,362,ITG,ITG1,19,Sicilia,Sicilia,4999891,291393,5.83,0.97
4476,2020-12-30,SIC,232,141,91,231,0,1,ITG,ITG1,19,Sicilia,Sicilia,4999891,291625,5.83,0.0
4477,2021-01-16,SIC,2737,1221,1516,2716,0,21,ITG,ITG1,19,Sicilia,Sicilia,4999891,294362,5.89,0.05
4478,2021-07-01,SIC,31037,14099,16938,10778,20001,258,ITG,ITG1,19,Sicilia,Sicilia,4999891,325399,6.51,0.62
4479,2021-04-09,SIC,20234,9844,10390,10920,9050,264,ITG,ITG1,19,Sicilia,Sicilia,4999891,345633,6.91,0.4
4480,2021-03-23,SIC,20975,10092,10883,15232,5567,176,ITG,ITG1,19,Sicilia,Sicilia,4999891,366608,7.33,0.42
4481,2021-03-02,SIC,14782,6379,8403,11885,2781,116,ITG,ITG1,19,Sicilia,Sicilia,4999891,381390,7.63,0.3
4482,2021-01-04,SIC,8685,4330,4355,8635,0,50,ITG,ITG1,19,Sicilia,Sicilia,4999891,390075,7.8,0.17
4483,2021-01-18,SIC,1627,676,951,1456,160,11,ITG,ITG1,19,Sicilia,Sicilia,4999891,391702,7.83,0.03
4484,2021-04-28,SIC,29287,13723,15564,19713,9164,410,ITG,ITG1,19,Sicilia,Sicilia,4999891,420989,8.42,0.59
4485,2021-08-10,SIC,21836,10875,10961,10655,10918,263,ITG,ITG1,19,Sicilia,Sicilia,4999891,442825,8.86,0.44
4486,2021-09-15,SIC,21389,10725,10664,7477,13525,387,ITG,ITG1,19,Sicilia,Sicilia,4999891,464214,9.28,0.43
4487,2021-06-24,SIC,42371,19674,22697,17635,24376,360,ITG,ITG1,19,Sicilia,Sicilia,4999891,506585,10.13,0.85
4488,2021-06-07,SIC,49694,23419,26275,41114,8043,537,ITG,ITG1,19,Sicilia,Sicilia,4999891,556279,11.13,0.99
4489,2021-01-25,SIC,7456,3691,3765,266,7183,7,ITG,ITG1,19,Sicilia,Sicilia,4999891,563735,11.27,0.15
4490,2021-05-05,SIC,26408,12235,14173,16276,9685,447,ITG,ITG1,19,Sicilia,Sicilia,4999891,590143,11.8,0.53
4491,2021-05-19,SIC,42918,20778,22140,28196,14338,384,ITG,ITG1,19,Sicilia,Sicilia,4999891,633061,12.66,0.86
4492,2021-01-30,SIC,7734,3556,4178,140,7591,3,ITG,ITG1,19,Sicilia,Sicilia,4999891,640795,12.82,0.15
4493,2021-03-28,SIC,10991,5152,5839,6910,4013,68,ITG,ITG1,19,Sicilia,Sicilia,4999891,651786,13.04,0.22
4494,2021-09-10,SIC,25218,12577,12641,8820,15964,434,ITG,ITG1,19,Sicilia,Sicilia,4999891,677004,13.54,0.5
4495,2021-07-15,SIC,48431,22475,25956,8009,40158,264,ITG,ITG1,19,Sicilia,Sicilia,4999891,725435,14.51,0.97
4496,2021-08-03,SIC,32097,15753,16344,13902,17775,420,ITG,ITG1,19,Sicilia,Sicilia,4999891,757532,15.15,0.64
4497,2021-08-27,SIC,23365,11881,11484,9851,13186,328,ITG,ITG1,19,Sicilia,Sicilia,4999891,780897,15.62,0.47
4498,2021-05-17,SIC,31938,15410,16528,18996,12647,295,ITG,ITG1,19,Sicilia,Sicilia,4999891,812835,16.26,0.64
4499,2021-03-21,SIC,15227,7347,7880,11184,3971,72,ITG,ITG1,19,Sicilia,Sicilia,4999891,828062,16.56,0.3
4500,2021-02-06,SIC,4736,2119,2617,1450,3266,20,ITG,ITG1,19,Sicilia,Sicilia,4999891,832798,16.66,0.09
4501,2021-02-04,SIC,6761,3083,3678,1420,5312,29,ITG,ITG1,19,Sicilia,Sicilia,4999891,839559,16.79,0.14
4502,2021-09-03,SIC,21888,11055,10833,9912,11603,373,ITG,ITG1,19,Sicilia,Sicilia,4999891,861447,17.23,0.44
4503,2021-02-11,SIC,5239,2061,3178,4654,467,118,ITG,ITG1,19,Sicilia,Sicilia,4999891,866686,17.33,0.1
4504,2021-04-16,SIC,28868,14502,14366,20242,8302,324,ITG,ITG1,19,Sicilia,Sicilia,4999891,895554,17.91,0.58
4505,2021-01-23,SIC,4491,2310,2181,208,4273,10,ITG,ITG1,19,Sicilia,Sicilia,4999891,900045,18.0,0.09
4506,2021-01-06,SIC,6270,3301,2969,6206,0,64,ITG,ITG1,19,Sicilia,Sicilia,4999891,906315,18.13,0.13
4507,2020-12-28,SIC,270,166,104,269,0,1,ITG,ITG1,19,Sicilia,Sicilia,4999891,906585,18.13,0.01
4508,2021-02-23,SIC,8785,4667,4118,8229,468,88,ITG,ITG1,19,Sicilia,Sicilia,4999891,915370,18.31,0.18
4509,2021-03-09,SIC,13190,5780,7410,10841,2218,131,ITG,ITG1,19,Sicilia,Sicilia,4999891,928560,18.57,0.26
4510,2021-01-11,SIC,5933,2619,3314,5873,0,60,ITG,ITG1,19,Sicilia,Sicilia,4999891,934493,18.69,0.12
4511,2021-07-27,SIC,43341,21480,21861,19269,23608,464,ITG,ITG1,19,Sicilia,Sicilia,4999891,977834,19.56,0.87
4512,2021-03-16,SIC,9643,4334,5309,3568,6003,72,ITG,ITG1,19,Sicilia,Sicilia,4999891,987477,19.75,0.19
4513,2021-06-26,SIC,37269,17782,19487,16349,20612,308,ITG,ITG1,19,Sicilia,Sicilia,4999891,1024746,20.5,0.75
4514,2021-04-30,SIC,35060,16359,18701,23519,11056,485,ITG,ITG1,19,Sicilia,Sicilia,4999891,1059806,21.2,0.7
4515,2021-03-04,SIC,15260,6710,8550,11010,4122,128,ITG,ITG1,19,Sicilia,Sicilia,4999891,1075066,21.5,0.31
4516,2021-08-08,SIC,15317,8131,7186,7411,7715,191,ITG,ITG1,19,Sicilia,Sicilia,4999891,1090383,21.81,0.31
4517,2021-06-12,SIC,45804,22400,23404,39372,5897,535,ITG,ITG1,19,Sicilia,Sicilia,4999891,1136187,22.72,0.92
4518,2021-01-01,SIC,855,454,401,851,0,4,ITG,ITG1,19,Sicilia,Sicilia,4999891,1137042,22.74,0.02
4519,2021-04-20,SIC,18995,9005,9990,13435,5249,311,ITG,ITG1,19,Sicilia,Sicilia,4999891,1156037,23.12,0.38
4520,2021-07-29,SIC,36221,17895,18326,14333,21546,342,ITG,ITG1,19,Sicilia,Sicilia,4999891,1192258,23.85,0.72
4521,2021-04-04,SIC,6799,3324,3475,5434,1295,70,ITG,ITG1,19,Sicilia,Sicilia,4999891,1199057,23.98,0.14
4522,2021-07-13,SIC,46141,21178,24963,6919,39001,221,ITG,ITG1,19,Sicilia,Sicilia,4999891,1245198,24.9,0.92
4523,2021-09-17,SIC,21240,10778,10462,8004,12767,469,ITG,ITG1,19,Sicilia,Sicilia,4999891,1266438,25.33,0.42
4524,2021-05-31,SIC,38141,17171,20970,21285,16560,296,ITG,ITG1,19,Sicilia,Sicilia,4999891,1304579,26.09,0.76
4525,2021-09-08,SIC,20317,10119,10198,9207,10703,407,ITG,ITG1,19,Sicilia,Sicilia,4999891,1324896,26.5,0.41
4526,2021-08-22,SIC,10330,5504,4826,3913,6299,118,ITG,ITG1,19,Sicilia,Sicilia,4999891,1335226,26.71,0.21
4527,2021-02-18,SIC,5342,3148,2194,4843,431,68,ITG,ITG1,19,Sicilia,Sicilia,4999891,1340568,26.81,0.11
4528,2021-05-12,SIC,36863,17393,19470,21401,14925,537,ITG,ITG1,19,Sicilia,Sicilia,4999891,1377431,27.55,0.74
4529,2021-08-20,SIC,18798,9363,9435,9859,8673,266,ITG,ITG1,19,Sicilia,Sicilia,4999891,1396229,27.93,0.38
4530,2021-04-02,SIC,13906,6561,7345,9047,4738,121,ITG,ITG1,19,Sicilia,Sicilia,4999891,1410135,28.2,0.28
4531,2021-02-10,SIC,4354,1776,2578,3886,384,84,ITG,ITG1,19,Sicilia,Sicilia,4999891,1414489,28.29,0.09
4532,2021-05-21,SIC,48722,23082,25640,26666,21630,426,ITG,ITG1,19,Sicilia,Sicilia,4999891,1463211,29.26,0.97
4533,2021-08-12,SIC,15126,7586,7540,7976,6905,245,ITG,ITG1,19,Sicilia,Sicilia,4999891,1478337,29.57,0.3
4534,2021-06-16,SIC,40447,18808,21639,21270,18818,359,ITG,ITG1,19,Sicilia,Sicilia,4999891,1518784,30.38,0.81
4535,2021-03-25,SIC,20477,9535,10942,14747,5549,181,ITG,ITG1,19,Sicilia,Sicilia,4999891,1539261,30.79,0.41
4536,2021-07-03,SIC,33887,16290,17597,9030,24611,246,ITG,ITG1,19,Sicilia,Sicilia,4999891,1573148,31.46,0.68
4537,2021-09-07,SIC,22697,11290,11407,9469,12808,420,ITG,ITG1,19,Sicilia,Sicilia,4999891,1595845,31.92,0.45
4538,2021-03-06,SIC,12652,5064,7588,9766,2783,103,ITG,ITG1,19,Sicilia,Sicilia,4999891,1608497,32.17,0.25
4539,2021-07-08,SIC,38406,17499,20907,6529,31649,228,ITG,ITG1,19,Sicilia,Sicilia,4999891,1646903,32.94,0.77
4540,2021-02-27,SIC,12241,5505,6736,10936,1204,101,ITG,ITG1,19,Sicilia,Sicilia,4999891,1659144,33.18,0.24
4541,2021-07-12,SIC,49011,22617,26394,6439,42369,203,ITG,ITG1,19,Sicilia,Sicilia,4999891,1708155,34.16,0.98
4542,2021-02-08,SIC,3888,1680,2208,2081,1759,48,ITG,ITG1,19,Sicilia,Sicilia,4999891,1712043,34.24,0.08
4543,2021-05-07,SIC,36604,17280,19324,24570,11629,405,ITG,ITG1,19,Sicilia,Sicilia,4999891,1748647,34.97,0.73
4544,2021-03-11,SIC,15464,6716,8748,12890,2418,156,ITG,ITG1,19,Sicilia,Sicilia,4999891,1764111,35.28,0.31
4545,2021-01-27,SIC,7297,3714,3583,164,7132,1,ITG,ITG1,19,Sicilia,Sicilia,4999891,1771408,35.43,0.15
4546,2021-01-13,SIC,5192,2448,2744,5158,0,34,ITG,ITG1,19,Sicilia,Sicilia,4999891,1776600,35.53,0.1
4547,2021-04-01,SIC,14330,6627,7703,9515,4670,145,ITG,ITG1,19,Sicilia,Sicilia,4999891,1790930,35.82,0.29
4548,2021-07-10,SIC,46920,22357,24563,6053,40657,210,ITG,ITG1,19,Sicilia,Sicilia,4999891,1837850,36.76,0.94
4549,2021-06-23,SIC,44516,20712,23804,17926,26253,337,ITG,ITG1,19,Sicilia,Sicilia,4999891,1882366,37.65,0.89
4550,2021-07-17,SIC,49324,24294,25030,9312,39711,301,ITG,ITG1,19,Sicilia,Sicilia,4999891,1931690,38.63,0.99
4551,2021-04-08,SIC,19021,9345,9676,9280,9542,199,ITG,ITG1,19,Sicilia,Sicilia,4999891,1950711,39.02,0.38
4552,2021-06-04,SIC,57872,26770,31102,45399,11962,511,ITG,ITG1,19,Sicilia,Sicilia,4999891,2008583,40.17,1.16
4553,2021-09-12,SIC,14011,7468,6543,4974,8806,231,ITG,ITG1,19,Sicilia,Sicilia,4999891,2022594,40.45,0.28
4554,2021-04-06,SIC,17765,8485,9280,13255,4297,213,ITG,ITG1,19,Sicilia,Sicilia,4999891,2040359,40.81,0.36
4555,2021-02-22,SIC,7948,4132,3816,7369,493,86,ITG,ITG1,19,Sicilia,Sicilia,4999891,2048307,40.97,0.16
4556,2020-12-27,SIC,148,95,53,147,0,1,ITG,ITG1,19,Sicilia,Sicilia,4999891,2048455,40.97,0.0
4557,2021-06-02,SIC,35284,16298,18986,27102,7782,400,ITG,ITG1,19,Sicilia,Sicilia,4999891,2083739,41.68,0.71
4558,2021-09-19,SIC,8179,4723,3456,3164,4908,107,ITG,ITG1,19,Sicilia,Sicilia,4999891,2091918,41.84,0.16
4559,2021-09-05,SIC,12741,6904,5837,5499,7047,195,ITG,ITG1,19,Sicilia,Sicilia,4999891,2104659,42.09,0.25
4560,2021-06-14,SIC,43495,20661,22834,28166,14899,430,ITG,ITG1,19,Sicilia,Sicilia,4999891,2148154,42.96,0.87
4561,2021-05-28,SIC,51287,22993,28294,24319,26555,413,ITG,ITG1,19,Sicilia,Sicilia,4999891,2199441,43.99,1.03
4562,2021-08-19,SIC,19565,9765,9800,10489,8764,312,ITG,ITG1,19,Sicilia,Sicilia,4999891,2219006,44.38,0.39
4563,2021-02-20,SIC,7171,3707,3464,6802,272,97,ITG,ITG1,19,Sicilia,Sicilia,4999891,2226177,44.52,0.14
4564,2021-02-03,SIC,5945,2793,3152,706,5231,8,ITG,ITG1,19,Sicilia,Sicilia,4999891,2232122,44.64,0.12
4565,2021-04-27,SIC,26460,12689,13771,15146,10960,354,ITG,ITG1,19,Sicilia,Sicilia,4999891,2258582,45.17,0.53
4566,2021-08-05,SIC,23866,11850,12016,11522,12036,308,ITG,ITG1,19,Sicilia,Sicilia,4999891,2282448,45.65,0.48
4567,2021-05-14,SIC,52250,24500,27750,35785,15682,783,ITG,ITG1,19,Sicilia,Sicilia,4999891,2334698,46.69,1.05
4568,2021-01-24,SIC,4337,2268,2069,121,4214,2,ITG,ITG1,19,Sicilia,Sicilia,4999891,2339035,46.78,0.09
4569,2021-05-04,SIC,26864,12477,14387,17143,9299,422,ITG,ITG1,19,Sicilia,Sicilia,4999891,2365899,47.32,0.54
4570,2021-01-22,SIC,1294,641,653,261,1031,2,ITG,ITG1,19,Sicilia,Sicilia,4999891,2367193,47.34,0.03
4571,2021-01-08,SIC,8159,3797,4362,8066,0,93,ITG,ITG1,19,Sicilia,Sicilia,4999891,2375352,47.51,0.16
4572,2021-04-18,SIC,19837,9919,9918,15282,4365,190,ITG,ITG1,19,Sicilia,Sicilia,4999891,2395189,47.9,0.4
4573,2021-08-31,SIC,27972,14180,13792,10308,17365,299,ITG,ITG1,19,Sicilia,Sicilia,4999891,2423161,48.46,0.56
4574,2021-03-30,SIC,14589,6774,7815,9714,4771,104,ITG,ITG1,19,Sicilia,Sicilia,4999891,2437750,48.76,0.29
4575,2021-03-01,SIC,12773,6076,6697,10989,1658,126,ITG,ITG1,19,Sicilia,Sicilia,4999891,2450523,49.01,0.26
4576,2021-06-09,SIC,49788,23683,26105,41911,7266,611,ITG,ITG1,19,Sicilia,Sicilia,4999891,2500311,50.01,1.0
4577,2021-01-20,SIC,969,513,456,691,275,3,ITG,ITG1,19,Sicilia,Sicilia,4999891,2501280,50.03,0.02
4578,2021-03-18,SIC,15418,7758,7660,9739,5624,55,ITG,ITG1,19,Sicilia,Sicilia,4999891,2516698,50.34,0.31
4579,2021-07-24,SIC,40735,21213,19522,16789,23632,314,ITG,ITG1,19,Sicilia,Sicilia,4999891,2557433,51.15,0.81
4580,2021-02-15,SIC,3777,1769,2008,3137,564,76,ITG,ITG1,19,Sicilia,Sicilia,4999891,2561210,51.23,0.08
4581,2021-07-22,SIC,40681,19971,20710,11229,29155,297,ITG,ITG1,19,Sicilia,Sicilia,4999891,2601891,52.04,0.81
4582,2021-05-26,SIC,44746,21040,23706,23907,20493,346,ITG,ITG1,19,Sicilia,Sicilia,4999891,2646637,52.93,0.89
4583,2021-01-03,SIC,4818,2519,2299,4784,0,34,ITG,ITG1,19,Sicilia,Sicilia,4999891,2651455,53.03,0.1
4584,2021-04-13,SIC,20269,9874,10395,11226,8843,200,ITG,ITG1,19,Sicilia,Sicilia,4999891,2671724,53.44,0.41
4585,2021-01-15,SIC,5326,2336,2990,5259,0,67,ITG,ITG1,19,Sicilia,Sicilia,4999891,2677050,53.54,0.11
4586,2021-04-25,SIC,21402,10208,11194,16135,5019,248,ITG,ITG1,19,Sicilia,Sicilia,4999891,2698452,53.97,0.43
4587,2021-02-01,SIC,5954,2641,3313,292,5648,14,ITG,ITG1,19,Sicilia,Sicilia,4999891,2704406,54.09,0.12
4588,2021-03-22,SIC,16695,7922,8773,11167,5432,96,ITG,ITG1,19,Sicilia,Sicilia,4999891,2721101,54.42,0.33
4589,2021-06-30,SIC,32620,15042,17578,11445,20853,322,ITG,ITG1,19,Sicilia,Sicilia,4999891,2753721,55.08,0.65
4590,2020-12-29,SIC,299,185,114,298,0,1,ITG,ITG1,19,Sicilia,Sicilia,4999891,2754020,55.08,0.01
4591,2021-06-13,SIC,34550,17168,17382,30604,3512,434,ITG,ITG1,19,Sicilia,Sicilia,4999891,2788570,55.77,0.69
4592,2021-02-19,SIC,4981,2696,2285,4329,565,87,ITG,ITG1,19,Sicilia,Sicilia,4999891,2793551,55.87,0.1
4593,2021-03-08,SIC,13525,5975,7550,10780,2616,129,ITG,ITG1,19,Sicilia,Sicilia,4999891,2807076,56.14,0.27
4594,2021-08-21,SIC,13741,7168,6573,6199,7353,189,ITG,ITG1,19,Sicilia,Sicilia,4999891,2820817,56.42,0.27
4595,2021-05-30,SIC,35790,16180,19610,17432,18063,295,ITG,ITG1,19,Sicilia,Sicilia,4999891,2856607,57.13,0.72
4596,2021-05-13,SIC,47500,22278,25222,30293,16556,651,ITG,ITG1,19,Sicilia,Sicilia,4999891,2904107,58.08,0.95
4597,2021-08-09,SIC,25179,12862,12317,12482,12318,379,ITG,ITG1,19,Sicilia,Sicilia,4999891,2929286,58.59,0.5
4598,2021-01-19,SIC,1527,677,850,1271,241,15,ITG,ITG1,19,Sicilia,Sicilia,4999891,2930813,58.62,0.03
4599,2021-06-11,SIC,49978,23848,26130,41594,7712,672,ITG,ITG1,19,Sicilia,Sicilia,4999891,2980791,59.62,1.0
4600,2021-09-16,SIC,19485,9721,9764,6575,12535,375,ITG,ITG1,19,Sicilia,Sicilia,4999891,3000276,60.01,0.39
4601,2021-03-15,SIC,10693,4737,5956,5658,4955,80,ITG,ITG1,19,Sicilia,Sicilia,4999891,3010969,60.22,0.21
4602,2021-07-31,SIC,28762,14937,13825,10445,18048,269,ITG,ITG1,19,Sicilia,Sicilia,4999891,3039731,60.8,0.58
4603,2021-01-10,SIC,3567,1598,1969,3545,0,22,ITG,ITG1,19,Sicilia,Sicilia,4999891,3043298,60.87,0.07
4604,2021-08-26,SIC,20018,10108,9910,9097,10610,311,ITG,ITG1,19,Sicilia,Sicilia,4999891,3063316,61.27,0.4
4605,2021-02-07,SIC,2323,983,1340,664,1649,10,ITG,ITG1,19,Sicilia,Sicilia,4999891,3065639,61.31,0.05
4606,2021-07-14,SIC,47565,22028,25537,7930,39374,261,ITG,ITG1,19,Sicilia,Sicilia,4999891,3113204,62.27,0.95
4607,2021-05-18,SIC,36147,17403,18744,23247,12492,408,ITG,ITG1,19,Sicilia,Sicilia,4999891,3149351,62.99,0.72
4608,2021-07-21,SIC,42973,20971,22002,10636,32023,314,ITG,ITG1,19,Sicilia,Sicilia,4999891,3192324,63.85,0.86
4609,2021-03-13,SIC,12227,5396,6831,7635,4499,93,ITG,ITG1,19,Sicilia,Sicilia,4999891,3204551,64.09,0.24
4610,2021-04-17,SIC,26010,13153,12857,18661,7068,281,ITG,ITG1,19,Sicilia,Sicilia,4999891,3230561,64.61,0.52
4611,2021-07-26,SIC,44552,22207,22345,16702,27479,371,ITG,ITG1,19,Sicilia,Sicilia,4999891,3275113,65.5,0.89
4612,2021-03-17,SIC,15057,7445,7612,9077,5853,127,ITG,ITG1,19,Sicilia,Sicilia,4999891,3290170,65.8,0.3
4613,2021-06-25,SIC,39810,18683,21127,17383,22086,341,ITG,ITG1,19,Sicilia,Sicilia,4999891,3329980,66.6,0.8
4614,2021-07-09,SIC,44828,20688,24140,6402,38242,184,ITG,ITG1,19,Sicilia,Sicilia,4999891,3374808,67.5,0.9
4615,2021-04-10,SIC,20447,9978,10469,11300,8972,175,ITG,ITG1,19,Sicilia,Sicilia,4999891,3395255,67.91,0.41
4616,2021-01-17,SIC,1315,599,716,1240,66,9,ITG,ITG1,19,Sicilia,Sicilia,4999891,3396570,67.93,0.03
4617,2021-07-02,SIC,30580,14241,16339,9940,20353,287,ITG,ITG1,19,Sicilia,Sicilia,4999891,3427150,68.54,0.61
4618,2021-07-19,SIC,48976,23597,25379,11649,36968,359,ITG,ITG1,19,Sicilia,Sicilia,4999891,3476126,69.52,0.98
4619,2021-01-31,SIC,4061,1943,2118,107,3952,2,ITG,ITG1,19,Sicilia,Sicilia,4999891,3480187,69.61,0.08
4620,2021-05-11,SIC,32695,15505,17190,19684,12502,509,ITG,ITG1,19,Sicilia,Sicilia,4999891,3512882,70.26,0.65
4621,2021-02-17,SIC,5222,3204,2018,4499,670,53,ITG,ITG1,19,Sicilia,Sicilia,4999891,3518104,70.36,0.1
4622,2021-04-24,SIC,31215,14716,16499,23140,7640,435,ITG,ITG1,19,Sicilia,Sicilia,4999891,3549319,70.99,0.62
4623,2021-08-02,SIC,32996,16400,16596,12856,19790,350,ITG,ITG1,19,Sicilia,Sicilia,4999891,3582315,71.65,0.66
4624,2021-04-29,SIC,31821,14848,16973,21799,9562,460,ITG,ITG1,19,Sicilia,Sicilia,4999891,3614136,72.28,0.64
4625,2021-03-03,SIC,14590,6551,8039,11382,3076,132,ITG,ITG1,19,Sicilia,Sicilia,4999891,3628726,72.58,0.29
4626,2021-08-07,SIC,20056,10403,9653,10818,8901,337,ITG,ITG1,19,Sicilia,Sicilia,4999891,3648782,72.98,0.4
4627,2021-08-16,SIC,20315,10428,9887,10908,9090,317,ITG,ITG1,19,Sicilia,Sicilia,4999891,3669097,73.38,0.41
4628,2021-02-24,SIC,9379,4803,4576,8701,567,111,ITG,ITG1,19,Sicilia,Sicilia,4999891,3678476,73.57,0.19
4629,2021-07-28,SIC,37668,18870,18798,14684,22661,323,ITG,ITG1,19,Sicilia,Sicilia,4999891,3716144,74.32,0.75
4630,2021-06-22,SIC,40053,18408,21645,18340,21335,378,ITG,ITG1,19,Sicilia,Sicilia,4999891,3756197,75.13,0.8
4631,2021-07-07,SIC,35433,16210,19223,6035,29157,241,ITG,ITG1,19,Sicilia,Sicilia,4999891,3791630,75.83,0.71
4632,2021-05-25,SIC,33579,15442,18137,13948,19376,255,ITG,ITG1,19,Sicilia,Sicilia,4999891,3825209,76.51,0.67
4633,2021-03-29,SIC,15050,7086,7964,10399,4501,150,ITG,ITG1,19,Sicilia,Sicilia,4999891,3840259,76.81,0.3
4634,2021-09-02,SIC,23138,11841,11297,10005,12743,390,ITG,ITG1,19,Sicilia,Sicilia,4999891,3863397,77.27,0.46
4635,2021-06-01,SIC,38996,17730,21266,24595,14049,352,ITG,ITG1,19,Sicilia,Sicilia,4999891,3902393,78.05,0.78
4636,2021-04-05,SIC,8025,3959,4066,6510,1443,72,ITG,ITG1,19,Sicilia,Sicilia,4999891,3910418,78.21,0.16
4637,2021-09-09,SIC,23618,11818,11800,8330,14847,441,ITG,ITG1,19,Sicilia,Sicilia,4999891,3934036,78.68,0.47
4638,2021-06-06,SIC,49536,23925,25611,41146,7830,560,ITG,ITG1,19,Sicilia,Sicilia,4999891,3983572,79.67,0.99
4639,2021-09-14,SIC,24462,11891,12571,8722,15257,483,ITG,ITG1,19,Sicilia,Sicilia,4999891,4008034,80.16,0.49
4640,2021-02-26,SIC,11988,5882,6106,10191,1681,116,ITG,ITG1,19,Sicilia,Sicilia,4999891,4020022,80.4,0.24
4641,2021-05-06,SIC,29490,14019,15471,18154,10843,493,ITG,ITG1,19,Sicilia,Sicilia,4999891,4049512,80.99,0.59
4642,2021-08-28,SIC,20881,11185,9696,7267,13394,220,ITG,ITG1,19,Sicilia,Sicilia,4999891,4070393,81.41,0.42
4643,2021-08-14,SIC,6146,3342,2804,3310,2715,121,ITG,ITG1,19,Sicilia,Sicilia,4999891,4076539,81.53,0.12
4644,2021-01-21,SIC,1459,716,743,490,958,11,ITG,ITG1,19,Sicilia,Sicilia,4999891,4077998,81.56,0.03
4645,2021-05-01,SIC,24458,11321,13137,18998,5172,288,ITG,ITG1,19,Sicilia,Sicilia,4999891,4102456,82.05,0.49
4646,2021-07-06,SIC,37131,17171,19960,10284,26535,312,ITG,ITG1,19,Sicilia,Sicilia,4999891,4139587,82.79,0.74
4647,2021-05-10,SIC,28739,13797,14942,16165,12221,353,ITG,ITG1,19,Sicilia,Sicilia,4999891,4168326,83.37,0.57
4648,2021-08-18,SIC,21944,11323,10621,11664,9910,370,ITG,ITG1,19,Sicilia,Sicilia,4999891,4190270,83.81,0.44
4649,2021-03-26,SIC,18000,8361,9639,12340,5502,158,ITG,ITG1,19,Sicilia,Sicilia,4999891,4208270,84.17,0.36
4650,2021-04-12,SIC,19023,9221,9802,11487,7277,259,ITG,ITG1,19,Sicilia,Sicilia,4999891,4227293,84.55,0.38
4651,2021-02-14,SIC,1055,402,653,905,140,10,ITG,ITG1,19,Sicilia,Sicilia,4999891,4228348,84.57,0.02
4652,2021-03-05,SIC,15789,6852,8937,11395,4244,150,ITG,ITG1,19,Sicilia,Sicilia,4999891,4244137,84.88,0.32
4653,2021-02-16,SIC,4200,2208,1992,3663,467,70,ITG,ITG1,19,Sicilia,Sicilia,4999891,4248337,84.97,0.08
4654,2021-05-22,SIC,48027,22811,25216,28300,19328,399,ITG,ITG1,19,Sicilia,Sicilia,4999891,4296364,85.93,0.96
4655,2021-08-30,SIC,28223,14388,13835,10214,17663,346,ITG,ITG1,19,Sicilia,Sicilia,4999891,4324587,86.49,0.56
4656,2021-02-28,SIC,7131,3033,4098,6456,630,45,ITG,ITG1,19,Sicilia,Sicilia,4999891,4331718,86.64,0.14
4657,2021-09-13,SIC,27249,13541,13708,9556,17196,497,ITG,ITG1,19,Sicilia,Sicilia,4999891,4358967,87.18,0.54
4658,2021-06-08,SIC,47712,22407,25305,40454,6714,544,ITG,ITG1,19,Sicilia,Sicilia,4999891,4406679,88.14,0.95
4659,2021-08-11,SIC,16202,8337,7865,8727,7186,289,ITG,ITG1,19,Sicilia,Sicilia,4999891,4422881,88.46,0.32
4660,2021-01-09,SIC,7258,3426,3832,7197,0,61,ITG,ITG1,19,Sicilia,Sicilia,4999891,4430139,88.6,0.15
4661,2021-08-06,SIC,24783,12578,12205,13502,10870,411,ITG,ITG1,19,Sicilia,Sicilia,4999891,4454922,89.1,0.5
4662,2021-04-26,SIC,21710,10278,11432,13300,8089,321,ITG,ITG1,19,Sicilia,Sicilia,4999891,4476632,89.53,0.43
4663,2021-02-02,SIC,5324,2499,2825,608,4706,10,ITG,ITG1,19,Sicilia,Sicilia,4999891,4481956,89.64,0.11
4664,2021-01-05,SIC,10636,5230,5406,10553,0,83,ITG,ITG1,19,Sicilia,Sicilia,4999891,4492592,89.85,0.21
4665,2021-04-15,SIC,21588,10495,11093,11994,9358,236,ITG,ITG1,19,Sicilia,Sicilia,4999891,4514180,90.29,0.43
4666,2021-06-20,SIC,33454,15830,17624,15111,18080,263,ITG,ITG1,19,Sicilia,Sicilia,4999891,4547634,90.95,0.67
4667,2021-04-22,SIC,26775,12643,14132,19888,6463,424,ITG,ITG1,19,Sicilia,Sicilia,4999891,4574409,91.49,0.54
4668,2021-03-31,SIC,14526,6709,7817,9440,4937,149,ITG,ITG1,19,Sicilia,Sicilia,4999891,4588935,91.78,0.29
4669,2021-01-07,SIC,9077,4213,4864,8993,0,84,ITG,ITG1,19,Sicilia,Sicilia,4999891,4598012,91.96,0.18
4670,2021-01-28,SIC,9038,4277,4761,361,8676,1,ITG,ITG1,19,Sicilia,Sicilia,4999891,4607050,92.14,0.18
4671,2021-07-04,SIC,26520,12806,13714,7606,18736,178,ITG,ITG1,19,Sicilia,Sicilia,4999891,4633570,92.67,0.53
4672,2021-05-08,SIC,35675,17051,18624,24890,10324,461,ITG,ITG1,19,Sicilia,Sicilia,4999891,4669245,93.39,0.71
4673,2021-01-26,SIC,9581,4744,4837,211,9369,1,ITG,ITG1,19,Sicilia,Sicilia,4999891,4678826,93.58,0.19
4674,2021-06-17,SIC,41892,19505,22387,20360,21157,375,ITG,ITG1,19,Sicilia,Sicilia,4999891,4720718,94.42,0.84
4675,2020-12-31,SIC,968,511,457,960,0,8,ITG,ITG1,19,Sicilia,Sicilia,4999891,4721686,94.44,0.02
4676,2021-03-07,SIC,9273,3458,5815,8130,1083,60,ITG,ITG1,19,Sicilia,Sicilia,4999891,4730959,94.62,0.19
4677,2021-06-15,SIC,46191,21770,24421,28205,17548,438,ITG,ITG1,19,Sicilia,Sicilia,4999891,4777150,95.55,0.92
4678,2021-03-24,SIC,20989,9880,11109,15040,5746,203,ITG,ITG1,19,Sicilia,Sicilia,4999891,4798139,95.96,0.42
4679,2021-01-02,SIC,4889,2546,2343,4853,0,36,ITG,ITG1,19,Sicilia,Sicilia,4999891,4803028,96.06,0.1
4680,2021-05-03,SIC,23325,10801,12524,13259,9800,266,ITG,ITG1,19,Sicilia,Sicilia,4999891,4826353,96.53,0.47
4681,2021-07-11,SIC,36044,16871,19173,3663,32285,96,ITG,ITG1,19,Sicilia,Sicilia,4999891,4862397,97.25,0.72
4682,2021-07-25,SIC,31810,16764,15046,11845,19705,260,ITG,ITG1,19,Sicilia,Sicilia,4999891,4894207,97.89,0.64
4683,2021-04-19,SIC,18293,8674,9619,12462,5590,241,ITG,ITG1,19,Sicilia,Sicilia,4999891,4912500,98.25,0.37
4684,2021-03-10,SIC,13961,6135,7826,11625,2187,149,ITG,ITG1,19,Sicilia,Sicilia,4999891,4926461,98.53,0.28
4685,2021-01-12,SIC,4378,2143,2235,4332,0,46,ITG,ITG1,19,Sicilia,Sicilia,4999891,4930839,98.62,0.09
4686,2021-06-18,SIC,43610,20149,23461,18859,24379,372,ITG,ITG1,19,Sicilia,Sicilia,4999891,4974449,99.49,0.87
4687,2021-06-27,SIC,25313,12202,13111,12097,12984,232,ITG,ITG1,19,Sicilia,Sicilia,4999891,4999762,100.0,0.51
4688,2021-05-15,SIC,56538,26406,30132,40365,15251,922,ITG,ITG1,19,Sicilia,Sicilia,4999891,5056300,101.13,1.13
4689,2021-03-19,SIC,16324,8060,8264,10649,5579,96,ITG,ITG1,19,Sicilia,Sicilia,4999891,5072624,101.45,0.33
4690,2021-08-23,SIC,24073,11900,12173,10793,12929,351,ITG,ITG1,19,Sicilia,Sicilia,4999891,5096697,101.94,0.48
4691,2021-09-01,SIC,24944,12717,12227,10577,14012,355,ITG,ITG1,19,Sicilia,Sicilia,4999891,5121641,102.44,0.5
4692,2021-08-04,SIC,24365,12012,12353,10980,13058,327,ITG,ITG1,19,Sicilia,Sicilia,4999891,5146006,102.92,0.49
4693,2021-07-18,SIC,39286,19786,19500,8094,30957,235,ITG,ITG1,19,Sicilia,Sicilia,4999891,5185292,103.71,0.79
4694,2021-01-14,SIC,5267,2494,2773,5205,0,62,ITG,ITG1,19,Sicilia,Sicilia,4999891,5190559,103.81,0.11
4695,2021-08-13,SIC,11516,5968,5548,5975,5300,241,ITG,ITG1,19,Sicilia,Sicilia,4999891,5202075,104.04,0.23
4696,2021-02-09,SIC,4350,1800,2550,3248,1037,65,ITG,ITG1,19,Sicilia,Sicilia,4999891,5206425,104.13,0.09
4697,2021-05-20,SIC,44106,21134,22972,27752,15937,417,ITG,ITG1,19,Sicilia,Sicilia,4999891,5250531,105.01,0.88
4698,2021-09-06,SIC,23277,11834,11443,9959,12904,414,ITG,ITG1,19,Sicilia,Sicilia,4999891,5273808,105.48,0.47
4699,2021-05-29,SIC,47219,21487,25732,23548,23223,448,ITG,ITG1,19,Sicilia,Sicilia,4999891,5321027,106.42,0.94
4700,2021-02-21,SIC,5169,2501,2668,5044,107,18,ITG,ITG1,19,Sicilia,Sicilia,4999891,5326196,106.53,0.1
4701,2021-03-12,SIC,12898,5575,7323,10663,2071,164,ITG,ITG1,19,Sicilia,Sicilia,4999891,5339094,106.78,0.26
4702,2021-08-25,SIC,21835,10844,10991,9975,11497,363,ITG,ITG1,19,Sicilia,Sicilia,4999891,5360929,107.22,0.44
4703,2021-06-29,SIC,31458,14737,16721,15725,15326,407,ITG,ITG1,19,Sicilia,Sicilia,4999891,5392387,107.85,0.63
4704,2021-05-16,SIC,33719,16444,17275,21891,11527,301,ITG,ITG1,19,Sicilia,Sicilia,4999891,5426106,108.52,0.67
4705,2021-05-02,SIC,24618,11434,13184,17695,6607,316,ITG,ITG1,19,Sicilia,Sicilia,4999891,5450724,109.02,0.49
4706,2021-03-20,SIC,18608,8988,9620,13367,5146,95,ITG,ITG1,19,Sicilia,Sicilia,4999891,5469332,109.39,0.37
4707,2021-08-24,SIC,23723,11756,11967,10957,12397,369,ITG,ITG1,19,Sicilia,Sicilia,4999891,5493055,109.86,0.47
4708,2021-06-28,SIC,31944,14878,17066,14906,16744,294,ITG,ITG1,19,Sicilia,Sicilia,4999891,5524999,110.5,0.64
4709,2021-07-05,SIC,37542,17621,19921,8912,28389,241,ITG,ITG1,19,Sicilia,Sicilia,4999891,5562541,111.25,0.75
4710,2021-06-21,SIC,40253,18633,21620,18418,21505,330,ITG,ITG1,19,Sicilia,Sicilia,4999891,5602794,112.06,0.81
4711,2021-05-09,SIC,28444,13325,15119,19766,8299,379,ITG,ITG1,19,Sicilia,Sicilia,4999891,5631238,112.63,0.57
4712,2021-08-17,SIC,18569,9496,9073,10103,8140,326,ITG,ITG1,19,Sicilia,Sicilia,4999891,5649807,113.0,0.37
4713,2021-09-04,SIC,18295,9850,8445,8348,9603,344,ITG,ITG1,19,Sicilia,Sicilia,4999891,5668102,113.36,0.37
4714,2021-02-05,SIC,6789,3006,3783,2086,4665,38,ITG,ITG1,19,Sicilia,Sicilia,4999891,5674891,113.5,0.14
4715,2021-04-03,SIC,16421,7818,8603,13419,2838,164,ITG,ITG1,19,Sicilia,Sicilia,4999891,5691312,113.83,0.33
4716,2021-03-27,SIC,15700,7406,8294,10684,4889,127,ITG,ITG1,19,Sicilia,Sicilia,4999891,5707012,114.14,0.31
4717,2021-01-29,SIC,9186,4257,4929,404,8770,12,ITG,ITG1,19,Sicilia,Sicilia,4999891,5716198,114.33,0.18
4718,2021-02-12,SIC,4606,1829,2777,4241,286,79,ITG,ITG1,19,Sicilia,Sicilia,4999891,5720804,114.42,0.09
4719,2021-05-23,SIC,34109,16608,17501,19855,14026,228,ITG,ITG1,19,Sicilia,Sicilia,4999891,5754913,115.1,0.68
4720,2021-06-10,SIC,53054,24909,28145,45144,7252,658,ITG,ITG1,19,Sicilia,Sicilia,4999891,5807967,116.16,1.06
4721,2021-05-27,SIC,47626,21935,25691,24462,22741,423,ITG,ITG1,19,Sicilia,Sicilia,4999891,5855593,117.11,0.95
4722,2021-04-14,SIC,20583,9938,10645,11612,8774,197,ITG,ITG1,19,Sicilia,Sicilia,4999891,5876176,117.53,0.41
4723,2021-09-18,SIC,20392,11096,9296,8460,11546,386,ITG,ITG1,19,Sicilia,Sicilia,4999891,5896568,117.93,0.41
4724,2021-07-23,SIC,41520,20857,20663,14371,26824,325,ITG,ITG1,19,Sicilia,Sicilia,4999891,5938088,118.76,0.83
4725,2021-04-21,SIC,22396,10751,11645,15987,6127,282,ITG,ITG1,19,Sicilia,Sicilia,4999891,5960484,119.21,0.45
4726,2021-04-07,SIC,18456,9070,9386,9738,8518,200,ITG,ITG1,19,Sicilia,Sicilia,4999891,5978940,119.58,0.37
4727,2021-09-11,SIC,21343,11068,10275,7694,13269,380,ITG,ITG1,19,Sicilia,Sicilia,4999891,6000283,120.01,0.43
4728,2021-07-16,SIC,49375,23383,25992,8719,40365,291,ITG,ITG1,19,Sicilia,Sicilia,4999891,6049658,121.0,0.99
4729,2021-07-30,SIC,32507,16112,16395,12074,20145,288,ITG,ITG1,19,Sicilia,Sicilia,4999891,6082165,121.65,0.65
4730,2021-06-03,SIC,46007,21101,24906,33763,11720,524,ITG,ITG1,19,Sicilia,Sicilia,4999891,6128172,122.57,0.92
4731,2021-07-06,PIE,38345,19404,18941,8653,29132,560,ITC,ITC1,1,Piemonte,Piemonte,4356406,38345,0.88,0.88
4732,2021-03-28,PIE,16096,6907,9189,8132,7624,340,ITC,ITC1,1,Piemonte,Piemonte,4356406,54441,1.25,0.37
4733,2021-07-20,PIE,39117,20578,18539,5757,32789,571,ITC,ITC1,1,Piemonte,Piemonte,4356406,93558,2.15,0.9
4734,2021-04-11,PIE,20862,9330,11532,18237,2152,473,ITC,ITC1,1,Piemonte,Piemonte,4356406,114420,2.63,0.48
4735,2021-01-04,PIE,5585,1690,3895,5584,0,1,ITC,ITC1,1,Piemonte,Piemonte,4356406,120005,2.75,0.13
4736,2021-04-28,PIE,26123,11779,14344,15498,10072,553,ITC,ITC1,1,Piemonte,Piemonte,4356406,146128,3.35,0.6
4737,2021-08-27,PIE,17444,9311,8133,7517,9271,656,ITC,ITC1,1,Piemonte,Piemonte,4356406,163572,3.75,0.4
4738,2021-05-19,PIE,33232,15348,17884,21482,11147,603,ITC,ITC1,1,Piemonte,Piemonte,4356406,196804,4.52,0.76
4739,2021-03-14,PIE,8222,3343,4879,5177,2903,142,ITC,ITC1,1,Piemonte,Piemonte,4356406,205026,4.71,0.19
4740,2021-05-10,PIE,29101,14045,15056,15317,13141,643,ITC,ITC1,1,Piemonte,Piemonte,4356406,234127,5.37,0.67
4741,2021-01-30,PIE,6008,2149,3859,218,5789,1,ITC,ITC1,1,Piemonte,Piemonte,4356406,240135,5.51,0.14
4742,2021-06-24,PIE,39332,19735,19597,18368,20354,610,ITC,ITC1,1,Piemonte,Piemonte,4356406,279467,6.42,0.9
4743,2021-03-16,PIE,10549,4285,6264,4378,6076,95,ITC,ITC1,1,Piemonte,Piemonte,4356406,290016,6.66,0.24
4744,2021-09-15,PIE,15797,8163,7634,5594,9416,787,ITC,ITC1,1,Piemonte,Piemonte,4356406,305813,7.02,0.36
4745,2021-06-07,PIE,35000,17902,17098,29565,4809,626,ITC,ITC1,1,Piemonte,Piemonte,4356406,340813,7.82,0.8
4746,2021-08-03,PIE,30237,15817,14420,9338,20390,509,ITC,ITC1,1,Piemonte,Piemonte,4356406,371050,8.52,0.69
4747,2021-07-15,PIE,42636,22026,20610,4112,38059,465,ITC,ITC1,1,Piemonte,Piemonte,4356406,413686,9.5,0.98
4748,2021-08-01,PIE,27306,14461,12845,8473,18293,540,ITC,ITC1,1,Piemonte,Piemonte,4356406,440992,10.12,0.63
4749,2021-04-23,PIE,27491,12625,14866,20002,6771,718,ITC,ITC1,1,Piemonte,Piemonte,4356406,468483,10.75,0.63
4750,2021-02-11,PIE,6781,2111,4670,2994,3768,19,ITC,ITC1,1,Piemonte,Piemonte,4356406,475264,10.91,0.16
4751,2021-04-09,PIE,25932,11415,14517,20845,4508,579,ITC,ITC1,1,Piemonte,Piemonte,4356406,501196,11.5,0.6
4752,2020-12-30,PIE,743,327,416,743,0,0,ITC,ITC1,1,Piemonte,Piemonte,4356406,501939,11.52,0.02
4753,2021-06-05,PIE,37050,18967,18083,31927,4465,658,ITC,ITC1,1,Piemonte,Piemonte,4356406,538989,12.37,0.85
4754,2021-02-25,PIE,12298,5310,6988,11563,547,188,ITC,ITC1,1,Piemonte,Piemonte,4356406,551287,12.65,0.28
4755,2021-09-10,PIE,17245,9019,8226,5111,11434,700,ITC,ITC1,1,Piemonte,Piemonte,4356406,568532,13.05,0.4
4756,2021-06-19,PIE,40160,20365,19795,22912,16689,559,ITC,ITC1,1,Piemonte,Piemonte,4356406,608692,13.97,0.92
4757,2021-02-04,PIE,10259,3363,6896,583,9674,2,ITC,ITC1,1,Piemonte,Piemonte,4356406,618951,14.21,0.24
4758,2021-03-23,PIE,13232,5581,7651,6652,6254,326,ITC,ITC1,1,Piemonte,Piemonte,4356406,632183,14.51,0.3
4759,2021-01-16,PIE,7787,2631,5156,7780,0,7,ITC,ITC1,1,Piemonte,Piemonte,4356406,639970,14.69,0.18
4760,2021-08-15,PIE,6580,3632,2948,5035,1270,275,ITC,ITC1,1,Piemonte,Piemonte,4356406,646550,14.84,0.15
4761,2021-09-01,PIE,18683,9661,9022,6715,11262,706,ITC,ITC1,1,Piemonte,Piemonte,4356406,665233,15.27,0.43
4762,2021-05-24,PIE,29037,13444,15593,16656,11992,389,ITC,ITC1,1,Piemonte,Piemonte,4356406,694270,15.94,0.67
4763,2021-03-02,PIE,11347,4623,6724,10337,815,195,ITC,ITC1,1,Piemonte,Piemonte,4356406,705617,16.2,0.26
4764,2021-08-20,PIE,16623,8925,7698,10347,5559,717,ITC,ITC1,1,Piemonte,Piemonte,4356406,722240,16.58,0.38
4765,2021-05-12,PIE,31987,15225,16762,18396,12959,632,ITC,ITC1,1,Piemonte,Piemonte,4356406,754227,17.31,0.73
4766,2021-08-22,PIE,9620,5254,4366,5140,4100,380,ITC,ITC1,1,Piemonte,Piemonte,4356406,763847,17.53,0.22
4767,2021-01-18,PIE,6181,2051,4130,5926,251,4,ITC,ITC1,1,Piemonte,Piemonte,4356406,770028,17.68,0.14
4768,2021-05-17,PIE,31028,14653,16375,17389,13217,422,ITC,ITC1,1,Piemonte,Piemonte,4356406,801056,18.39,0.71
4769,2021-02-06,PIE,8015,2669,5346,396,7617,2,ITC,ITC1,1,Piemonte,Piemonte,4356406,809071,18.57,0.18
4770,2021-02-23,PIE,9286,3743,5543,8519,590,177,ITC,ITC1,1,Piemonte,Piemonte,4356406,818357,18.79,0.21
4771,2021-05-31,PIE,29173,14084,15089,20172,8589,412,ITC,ITC1,1,Piemonte,Piemonte,4356406,847530,19.45,0.67
4772,2021-06-26,PIE,41298,21013,20285,21980,18599,719,ITC,ITC1,1,Piemonte,Piemonte,4356406,888828,20.4,0.95
4773,2021-07-13,PIE,38916,20075,18841,3678,34901,337,ITC,ITC1,1,Piemonte,Piemonte,4356406,927744,21.3,0.89
4774,2021-04-04,PIE,9270,4060,5210,6399,2714,157,ITC,ITC1,1,Piemonte,Piemonte,4356406,937014,21.51,0.21
4775,2021-04-21,PIE,25828,11860,13968,19788,5365,675,ITC,ITC1,1,Piemonte,Piemonte,4356406,962842,22.1,0.59
4776,2021-01-11,PIE,8790,3001,5789,8784,0,6,ITC,ITC1,1,Piemonte,Piemonte,4356406,971632,22.3,0.2
4777,2021-04-02,PIE,20181,8333,11848,11340,8434,407,ITC,ITC1,1,Piemonte,Piemonte,4356406,991813,22.77,0.46
4778,2021-05-29,PIE,32869,15258,17611,20312,12193,364,ITC,ITC1,1,Piemonte,Piemonte,4356406,1024682,23.52,0.75
4779,2021-02-18,PIE,4822,2115,2707,4305,429,88,ITC,ITC1,1,Piemonte,Piemonte,4356406,1029504,23.63,0.11
4780,2021-07-25,PIE,28800,15272,13528,6602,21700,498,ITC,ITC1,1,Piemonte,Piemonte,4356406,1058304,24.29,0.66
4781,2021-04-16,PIE,28489,13240,15249,22693,5019,777,ITC,ITC1,1,Piemonte,Piemonte,4356406,1086793,24.95,0.65
4782,2021-08-08,PIE,20309,10843,9466,9016,10937,356,ITC,ITC1,1,Piemonte,Piemonte,4356406,1107102,25.41,0.47
4783,2021-04-30,PIE,32004,14396,17608,17963,13348,693,ITC,ITC1,1,Piemonte,Piemonte,4356406,1139106,26.15,0.73
4784,2020-12-28,PIE,1,1,0,1,0,0,ITC,ITC1,1,Piemonte,Piemonte,4356406,1139107,26.15,0.0
4785,2021-09-08,PIE,15648,8087,7561,6140,8741,767,ITC,ITC1,1,Piemonte,Piemonte,4356406,1154755,26.51,0.36
4786,2021-07-27,PIE,33835,17668,16167,8267,25002,566,ITC,ITC1,1,Piemonte,Piemonte,4356406,1188590,27.28,0.78
4787,2021-05-02,PIE,25168,11294,13874,14017,10753,398,ITC,ITC1,1,Piemonte,Piemonte,4356406,1213758,27.86,0.58
4788,2021-02-08,PIE,6933,2356,4577,664,6264,5,ITC,ITC1,1,Piemonte,Piemonte,4356406,1220691,28.02,0.16
4789,2021-08-29,PIE,15153,8122,7031,5048,9672,433,ITC,ITC1,1,Piemonte,Piemonte,4356406,1235844,28.37,0.35
4790,2021-05-21,PIE,36302,16867,19435,20093,15684,525,ITC,ITC1,1,Piemonte,Piemonte,4356406,1272146,29.2,0.83
4791,2021-07-17,PIE,42058,22139,19919,4957,36602,499,ITC,ITC1,1,Piemonte,Piemonte,4356406,1314204,30.17,0.97
4792,2021-07-08,PIE,41059,20996,20063,7463,33014,582,ITC,ITC1,1,Piemonte,Piemonte,4356406,1355263,31.11,0.94
4793,2021-01-23,PIE,4265,1328,2937,878,3385,2,ITC,ITC1,1,Piemonte,Piemonte,4356406,1359528,31.21,0.1
4794,2021-03-21,PIE,10750,4748,6002,4034,6543,173,ITC,ITC1,1,Piemonte,Piemonte,4356406,1370278,31.45,0.25
4795,2021-08-13,PIE,20036,10681,9355,12079,7240,717,ITC,ITC1,1,Piemonte,Piemonte,4356406,1390314,31.91,0.46
4796,2021-05-05,PIE,34738,16276,18462,20350,13684,704,ITC,ITC1,1,Piemonte,Piemonte,4356406,1425052,32.71,0.8
4797,2021-07-01,PIE,42029,21024,21005,19826,21159,1044,ITC,ITC1,1,Piemonte,Piemonte,4356406,1467081,33.68,0.96
4798,2021-09-03,PIE,18385,9709,8676,6417,11307,661,ITC,ITC1,1,Piemonte,Piemonte,4356406,1485466,34.1,0.42
4799,2021-06-12,PIE,42734,22516,20218,39291,2630,813,ITC,ITC1,1,Piemonte,Piemonte,4356406,1528200,35.08,0.98
4800,2021-06-17,PIE,41254,20706,20548,24248,16375,631,ITC,ITC1,1,Piemonte,Piemonte,4356406,1569454,36.03,0.95
4801,2021-03-09,PIE,14343,5741,8602,11752,2354,237,ITC,ITC1,1,Piemonte,Piemonte,4356406,1583797,36.36,0.33
4802,2021-08-24,PIE,15245,8137,7108,7876,6729,640,ITC,ITC1,1,Piemonte,Piemonte,4356406,1599042,36.71,0.35
4803,2021-01-01,PIE,1041,396,645,1040,0,1,ITC,ITC1,1,Piemonte,Piemonte,4356406,1600083,36.73,0.02
4804,2021-06-28,PIE,38507,19122,19385,15147,22753,607,ITC,ITC1,1,Piemonte,Piemonte,4356406,1638590,37.61,0.88
4805,2021-04-06,PIE,20826,9083,11743,15149,5217,460,ITC,ITC1,1,Piemonte,Piemonte,4356406,1659416,38.09,0.48
4806,2020-12-27,PIE,915,370,545,915,0,0,ITC,ITC1,1,Piemonte,Piemonte,4356406,1660331,38.11,0.02
4807,2021-06-02,PIE,26785,13112,13673,21686,4648,451,ITC,ITC1,1,Piemonte,Piemonte,4356406,1687116,38.73,0.61
4808,2021-02-22,PIE,8508,3476,5032,7807,595,106,ITC,ITC1,1,Piemonte,Piemonte,4356406,1695624,38.92,0.2
4809,2021-03-11,PIE,14047,5323,8724,10693,3103,251,ITC,ITC1,1,Piemonte,Piemonte,4356406,1709671,39.24,0.32
4810,2021-03-25,PIE,17180,7289,9891,8099,8638,443,ITC,ITC1,1,Piemonte,Piemonte,4356406,1726851,39.64,0.39
4811,2021-02-27,PIE,12736,4861,7875,12157,337,242,ITC,ITC1,1,Piemonte,Piemonte,4356406,1739587,39.93,0.29
4812,2021-04-25,PIE,20277,9329,10948,17298,2510,469,ITC,ITC1,1,Piemonte,Piemonte,4356406,1759864,40.4,0.47
4813,2021-01-15,PIE,9132,3014,6118,9126,0,6,ITC,ITC1,1,Piemonte,Piemonte,4356406,1768996,40.61,0.21
4814,2021-06-21,PIE,38539,19269,19270,17179,20789,571,ITC,ITC1,1,Piemonte,Piemonte,4356406,1807535,41.49,0.88
4815,2021-09-12,PIE,10475,5550,4925,3531,6471,473,ITC,ITC1,1,Piemonte,Piemonte,4356406,1818010,41.73,0.24
4816,2021-07-05,PIE,35648,17838,17810,11707,23245,696,ITC,ITC1,1,Piemonte,Piemonte,4356406,1853658,42.55,0.82
4817,2021-02-20,PIE,3850,1265,2585,3573,174,103,ITC,ITC1,1,Piemonte,Piemonte,4356406,1857508,42.64,0.09
4818,2021-07-24,PIE,34930,18375,16555,7921,26400,609,ITC,ITC1,1,Piemonte,Piemonte,4356406,1892438,43.44,0.8
4819,2021-07-12,PIE,39258,20244,19014,4563,34216,479,ITC,ITC1,1,Piemonte,Piemonte,4356406,1931696,44.34,0.9
4820,2021-07-29,PIE,36729,19087,17642,9380,26683,666,ITC,ITC1,1,Piemonte,Piemonte,4356406,1968425,45.18,0.84
4821,2021-04-20,PIE,25552,11695,13857,18559,6363,630,ITC,ITC1,1,Piemonte,Piemonte,4356406,1993977,45.77,0.59
4822,2021-05-07,PIE,33176,15698,17478,18388,14155,633,ITC,ITC1,1,Piemonte,Piemonte,4356406,2027153,46.53,0.76
4823,2021-01-27,PIE,4209,1456,2753,995,3212,2,ITC,ITC1,1,Piemonte,Piemonte,4356406,2031362,46.63,0.1
4824,2021-02-13,PIE,4172,1344,2828,2931,1225,16,ITC,ITC1,1,Piemonte,Piemonte,4356406,2035534,46.73,0.1
4825,2021-09-07,PIE,18378,9674,8704,6143,11549,686,ITC,ITC1,1,Piemonte,Piemonte,4356406,2053912,47.15,0.42
4826,2021-07-03,PIE,40162,20154,20008,15350,24053,759,ITC,ITC1,1,Piemonte,Piemonte,4356406,2094074,48.07,0.92
4827,2021-08-31,PIE,19037,10039,8998,6827,11649,561,ITC,ITC1,1,Piemonte,Piemonte,4356406,2113111,48.51,0.44
4828,2021-09-17,PIE,15235,8200,7035,5277,9395,563,ITC,ITC1,1,Piemonte,Piemonte,4356406,2128346,48.86,0.35
4829,2021-06-09,PIE,38765,20419,18346,35211,2751,803,ITC,ITC1,1,Piemonte,Piemonte,4356406,2167111,49.75,0.89
4830,2021-03-18,PIE,11787,4818,6969,3843,7749,195,ITC,ITC1,1,Piemonte,Piemonte,4356406,2178898,50.02,0.27
4831,2021-09-19,PIE,7111,3893,3218,2676,4199,236,ITC,ITC1,1,Piemonte,Piemonte,4356406,2186009,50.18,0.16
4832,2021-07-31,PIE,35819,19035,16784,10752,24643,424,ITC,ITC1,1,Piemonte,Piemonte,4356406,2221828,51.0,0.82
4833,2021-08-17,PIE,18097,9701,8396,11706,5602,789,ITC,ITC1,1,Piemonte,Piemonte,4356406,2239925,51.42,0.42
4834,2021-05-09,PIE,27186,12944,14242,13165,13624,397,ITC,ITC1,1,Piemonte,Piemonte,4356406,2267111,52.04,0.62
4835,2021-05-26,PIE,34249,15783,18466,15363,18520,366,ITC,ITC1,1,Piemonte,Piemonte,4356406,2301360,52.83,0.79
4836,2021-02-15,PIE,4447,1603,2844,3214,1210,23,ITC,ITC1,1,Piemonte,Piemonte,4356406,2305807,52.93,0.1
4837,2021-03-04,PIE,14759,5948,8811,11584,2951,224,ITC,ITC1,1,Piemonte,Piemonte,4356406,2320566,53.27,0.34
4838,2021-08-07,PIE,29799,15950,13849,12638,16650,511,ITC,ITC1,1,Piemonte,Piemonte,4356406,2350365,53.95,0.68
4839,2021-04-29,PIE,48621,22029,26592,34751,12649,1221,ITC,ITC1,1,Piemonte,Piemonte,4356406,2398986,55.07,1.12
4840,2021-05-16,PIE,28233,12811,15422,14765,13092,376,ITC,ITC1,1,Piemonte,Piemonte,4356406,2427219,55.72,0.65
4841,2021-02-05,PIE,9637,3147,6490,656,8979,2,ITC,ITC1,1,Piemonte,Piemonte,4356406,2436856,55.94,0.22
4842,2021-07-22,PIE,41677,21938,19739,7021,34053,603,ITC,ITC1,1,Piemonte,Piemonte,4356406,2478533,56.89,0.96
4843,2021-04-13,PIE,26791,12046,14745,22627,3465,699,ITC,ITC1,1,Piemonte,Piemonte,4356406,2505324,57.51,0.61
4844,2021-01-20,PIE,6642,2097,4545,5911,724,7,ITC,ITC1,1,Piemonte,Piemonte,4356406,2511966,57.66,0.15
4845,2021-02-03,PIE,10228,3312,6916,609,9617,2,ITC,ITC1,1,Piemonte,Piemonte,4356406,2522194,57.9,0.23
4846,2021-03-30,PIE,17018,7128,9890,8745,7875,398,ITC,ITC1,1,Piemonte,Piemonte,4356406,2539212,58.29,0.39
4847,2021-07-10,PIE,41289,20940,20349,6735,34005,549,ITC,ITC1,1,Piemonte,Piemonte,4356406,2580501,59.23,0.95
4848,2021-04-01,PIE,19453,8165,11288,10984,8143,326,ITC,ITC1,1,Piemonte,Piemonte,4356406,2599954,59.68,0.45
4849,2021-09-05,PIE,13038,6906,6132,4462,8101,475,ITC,ITC1,1,Piemonte,Piemonte,4356406,2612992,59.98,0.3
4850,2021-05-28,PIE,35138,16638,18500,18694,16028,416,ITC,ITC1,1,Piemonte,Piemonte,4356406,2648130,60.79,0.81
4851,2021-01-25,PIE,6233,1947,4286,977,5254,2,ITC,ITC1,1,Piemonte,Piemonte,4356406,2654363,60.93,0.14
4852,2021-03-13,PIE,13056,4728,8328,11350,1432,274,ITC,ITC1,1,Piemonte,Piemonte,4356406,2667419,61.23,0.3
4853,2021-04-18,PIE,22975,10819,12156,19635,2756,584,ITC,ITC1,1,Piemonte,Piemonte,4356406,2690394,61.76,0.53
4854,2021-01-08,PIE,5550,1767,3783,5548,0,2,ITC,ITC1,1,Piemonte,Piemonte,4356406,2695944,61.88,0.13
4855,2021-06-14,PIE,38100,19620,18480,30279,7099,722,ITC,ITC1,1,Piemonte,Piemonte,4356406,2734044,62.76,0.87
4856,2021-02-01,PIE,8701,3073,5628,579,8121,1,ITC,ITC1,1,Piemonte,Piemonte,4356406,2742745,62.96,0.2
4857,2021-05-14,PIE,33507,16318,17189,17373,15455,679,ITC,ITC1,1,Piemonte,Piemonte,4356406,2776252,63.73,0.77
4858,2021-06-25,PIE,45633,22734,22899,20294,24603,736,ITC,ITC1,1,Piemonte,Piemonte,4356406,2821885,64.78,1.05
4859,2021-04-03,PIE,19529,8229,11300,10634,8579,316,ITC,ITC1,1,Piemonte,Piemonte,4356406,2841414,65.22,0.45
4860,2021-01-10,PIE,5247,2289,2958,5244,0,3,ITC,ITC1,1,Piemonte,Piemonte,4356406,2846661,65.34,0.12
4861,2021-07-14,PIE,39087,20101,18986,3602,35058,427,ITC,ITC1,1,Piemonte,Piemonte,4356406,2885748,66.24,0.9
4862,2021-03-03,PIE,12391,4871,7520,11374,821,196,ITC,ITC1,1,Piemonte,Piemonte,4356406,2898139,66.53,0.28
4863,2021-03-20,PIE,11952,4906,7046,5783,5917,252,ITC,ITC1,1,Piemonte,Piemonte,4356406,2910091,66.8,0.27
4864,2021-09-16,PIE,14174,7535,6639,3805,9904,465,ITC,ITC1,1,Piemonte,Piemonte,4356406,2924265,67.13,0.33
4865,2021-05-30,PIE,27841,13239,14602,18062,9400,379,ITC,ITC1,1,Piemonte,Piemonte,4356406,2952106,67.76,0.64
4866,2021-02-19,PIE,5564,2187,3377,4935,504,125,ITC,ITC1,1,Piemonte,Piemonte,4356406,2957670,67.89,0.13
4867,2021-06-18,PIE,40751,20372,20379,25809,14248,694,ITC,ITC1,1,Piemonte,Piemonte,4356406,2998421,68.83,0.94
4868,2021-03-10,PIE,13959,5455,8504,11393,2295,271,ITC,ITC1,1,Piemonte,Piemonte,4356406,3012380,69.15,0.32
4869,2021-03-27,PIE,18435,7841,10594,9143,8836,456,ITC,ITC1,1,Piemonte,Piemonte,4356406,3030815,69.57,0.42
4870,2021-07-26,PIE,32845,17088,15757,8313,23897,635,ITC,ITC1,1,Piemonte,Piemonte,4356406,3063660,70.33,0.75
4871,2021-04-17,PIE,30529,14175,16354,26489,3315,725,ITC,ITC1,1,Piemonte,Piemonte,4356406,3094189,71.03,0.7
4872,2021-06-13,PIE,38224,20175,18049,33306,4138,780,ITC,ITC1,1,Piemonte,Piemonte,4356406,3132413,71.9,0.88
4873,2021-03-06,PIE,14046,5234,8812,11066,2800,180,ITC,ITC1,1,Piemonte,Piemonte,4356406,3146459,72.23,0.32
4874,2021-08-10,PIE,22079,11696,10383,12518,8893,668,ITC,ITC1,1,Piemonte,Piemonte,4356406,3168538,72.73,0.51
4875,2021-01-22,PIE,3889,1256,2633,2543,1345,1,ITC,ITC1,1,Piemonte,Piemonte,4356406,3172427,72.82,0.09
4876,2021-08-21,PIE,13333,7130,6203,7715,5088,530,ITC,ITC1,1,Piemonte,Piemonte,4356406,3185760,73.13,0.31
4877,2021-08-09,PIE,24780,12925,11855,12049,12002,729,ITC,ITC1,1,Piemonte,Piemonte,4356406,3210540,73.7,0.57
4878,2021-08-26,PIE,16916,9159,7757,8128,8031,757,ITC,ITC1,1,Piemonte,Piemonte,4356406,3227456,74.09,0.39
4879,2021-05-18,PIE,32262,14883,17379,19119,12692,451,ITC,ITC1,1,Piemonte,Piemonte,4356406,3259718,74.83,0.74
4880,2021-09-09,PIE,15944,8280,7664,6071,9108,765,ITC,ITC1,1,Piemonte,Piemonte,4356406,3275662,75.19,0.37
4881,2021-04-22,PIE,27702,12756,14946,20202,6698,802,ITC,ITC1,1,Piemonte,Piemonte,4356406,3303364,75.83,0.64
4882,2021-01-12,PIE,10111,3423,6688,10105,0,6,ITC,ITC1,1,Piemonte,Piemonte,4356406,3313475,76.06,0.23
4883,2021-01-29,PIE,5962,1894,4068,454,5508,0,ITC,ITC1,1,Piemonte,Piemonte,4356406,3319437,76.2,0.14
4884,2021-08-14,PIE,15139,8154,6985,9807,4765,567,ITC,ITC1,1,Piemonte,Piemonte,4356406,3334576,76.54,0.35
4885,2021-05-06,PIE,33517,15838,17679,19342,13566,609,ITC,ITC1,1,Piemonte,Piemonte,4356406,3368093,77.31,0.77
4886,2021-05-23,PIE,28834,13176,15658,15492,13022,320,ITC,ITC1,1,Piemonte,Piemonte,4356406,3396927,77.98,0.66
4887,2021-02-12,PIE,6925,2227,4698,3925,2975,25,ITC,ITC1,1,Piemonte,Piemonte,4356406,3403852,78.13,0.16
4888,2021-03-01,PIE,12191,4968,7223,11198,813,180,ITC,ITC1,1,Piemonte,Piemonte,4356406,3416043,78.41,0.28
4889,2021-09-02,PIE,16877,8793,8084,6151,10082,644,ITC,ITC1,1,Piemonte,Piemonte,4356406,3432920,78.8,0.39
4890,2021-05-25,PIE,31947,14803,17144,15647,15903,397,ITC,ITC1,1,Piemonte,Piemonte,4356406,3464867,79.53,0.73
4891,2021-06-11,PIE,43704,23123,20581,40033,2843,828,ITC,ITC1,1,Piemonte,Piemonte,4356406,3508571,80.54,1.0
4892,2021-06-04,PIE,37718,19730,17988,34113,2972,633,ITC,ITC1,1,Piemonte,Piemonte,4356406,3546289,81.4,0.87
4893,2021-02-24,PIE,11419,4618,6801,10760,505,154,ITC,ITC1,1,Piemonte,Piemonte,4356406,3557708,81.67,0.26
4894,2021-09-14,PIE,15805,8253,7552,5160,9927,718,ITC,ITC1,1,Piemonte,Piemonte,4356406,3573513,82.03,0.36
4895,2021-06-06,PIE,35178,18377,16801,32130,2491,557,ITC,ITC1,1,Piemonte,Piemonte,4356406,3608691,82.84,0.81
4896,2021-08-02,PIE,30045,15866,14179,9404,20074,567,ITC,ITC1,1,Piemonte,Piemonte,4356406,3638736,83.53,0.69
4897,2021-02-17,PIE,4818,2171,2647,3764,991,63,ITC,ITC1,1,Piemonte,Piemonte,4356406,3643554,83.64,0.11
4898,2021-01-19,PIE,6480,2110,4370,6462,9,9,ITC,ITC1,1,Piemonte,Piemonte,4356406,3650034,83.79,0.15
4899,2021-07-23,PIE,38182,20132,18050,8039,29507,636,ITC,ITC1,1,Piemonte,Piemonte,4356406,3688216,84.66,0.88
4900,2021-04-14,PIE,28387,12852,15535,23074,4586,727,ITC,ITC1,1,Piemonte,Piemonte,4356406,3716603,85.31,0.65
4901,2021-07-02,PIE,43859,22067,21792,17388,25597,874,ITC,ITC1,1,Piemonte,Piemonte,4356406,3760462,86.32,1.01
4902,2021-08-28,PIE,17524,9232,8292,7320,9568,636,ITC,ITC1,1,Piemonte,Piemonte,4356406,3777986,86.72,0.4
4903,2021-01-03,PIE,3069,973,2096,3068,0,1,ITC,ITC1,1,Piemonte,Piemonte,4356406,3781055,86.79,0.07
4904,2021-07-07,PIE,38076,18921,19155,9711,27767,598,ITC,ITC1,1,Piemonte,Piemonte,4356406,3819131,87.67,0.87
4905,2021-03-29,PIE,15276,6488,8788,8391,6615,270,ITC,ITC1,1,Piemonte,Piemonte,4356406,3834407,88.02,0.35
4906,2021-06-08,PIE,37779,19539,18240,34203,2857,719,ITC,ITC1,1,Piemonte,Piemonte,4356406,3872186,88.88,0.87
4907,2021-08-04,PIE,29353,15521,13832,8968,19859,526,ITC,ITC1,1,Piemonte,Piemonte,4356406,3901539,89.56,0.67
4908,2021-04-26,PIE,19845,8769,11076,14928,4402,515,ITC,ITC1,1,Piemonte,Piemonte,4356406,3921384,90.01,0.46
4909,2021-05-13,PIE,35804,17591,18213,19919,15154,731,ITC,ITC1,1,Piemonte,Piemonte,4356406,3957188,90.84,0.82
4910,2021-02-02,PIE,10292,3525,6767,814,9477,1,ITC,ITC1,1,Piemonte,Piemonte,4356406,3967480,91.07,0.24
4911,2021-07-09,PIE,40507,20668,19839,5771,34197,539,ITC,ITC1,1,Piemonte,Piemonte,4356406,4007987,92.0,0.93
4912,2021-03-31,PIE,19156,8135,11021,10112,8700,344,ITC,ITC1,1,Piemonte,Piemonte,4356406,4027143,92.44,0.44
4913,2021-09-04,PIE,18588,9718,8870,6345,11525,718,ITC,ITC1,1,Piemonte,Piemonte,4356406,4045731,92.87,0.43
4914,2021-05-27,PIE,37542,17452,20090,18877,18212,453,ITC,ITC1,1,Piemonte,Piemonte,4356406,4083273,93.73,0.86
4915,2021-02-16,PIE,3990,1768,2222,3178,765,47,ITC,ITC1,1,Piemonte,Piemonte,4356406,4087263,93.82,0.09
4916,2021-02-28,PIE,10848,4068,6780,10427,241,180,ITC,ITC1,1,Piemonte,Piemonte,4356406,4098111,94.07,0.25
4917,2021-03-17,PIE,12540,5066,7474,5042,7309,189,ITC,ITC1,1,Piemonte,Piemonte,4356406,4110651,94.36,0.29
4918,2021-09-18,PIE,18247,10182,8065,6630,11012,605,ITC,ITC1,1,Piemonte,Piemonte,4356406,4128898,94.78,0.42
4919,2021-06-10,PIE,40624,21236,19388,37142,2593,889,ITC,ITC1,1,Piemonte,Piemonte,4356406,4169522,95.71,0.93
4920,2021-08-06,PIE,30510,16133,14377,13294,16508,708,ITC,ITC1,1,Piemonte,Piemonte,4356406,4200032,96.41,0.7
4921,2021-08-25,PIE,16458,8872,7586,8292,7442,724,ITC,ITC1,1,Piemonte,Piemonte,4356406,4216490,96.79,0.38
4922,2021-09-11,PIE,17476,9178,8298,5407,11331,738,ITC,ITC1,1,Piemonte,Piemonte,4356406,4233966,97.19,0.4
4923,2021-06-03,PIE,34855,18055,16800,29790,4514,551,ITC,ITC1,1,Piemonte,Piemonte,4356406,4268821,97.99,0.8
4924,2021-08-18,PIE,18145,9798,8347,11627,5769,749,ITC,ITC1,1,Piemonte,Piemonte,4356406,4286966,98.41,0.42
4925,2021-02-10,PIE,7570,2383,5187,1302,6253,15,ITC,ITC1,1,Piemonte,Piemonte,4356406,4294536,98.58,0.17
4926,2021-04-08,PIE,25368,11040,14328,20068,4731,569,ITC,ITC1,1,Piemonte,Piemonte,4356406,4319904,99.16,0.58
4927,2021-07-19,PIE,39668,20638,19030,4506,34741,421,ITC,ITC1,1,Piemonte,Piemonte,4356406,4359572,100.07,0.91
4928,2021-04-10,PIE,30221,13436,16785,25290,4269,662,ITC,ITC1,1,Piemonte,Piemonte,4356406,4389793,100.77,0.69
4929,2021-07-21,PIE,38076,20199,17877,6560,30987,529,ITC,ITC1,1,Piemonte,Piemonte,4356406,4427869,101.64,0.87
4930,2021-04-12,PIE,22981,10374,12607,19460,2995,526,ITC,ITC1,1,Piemonte,Piemonte,4356406,4450850,102.17,0.53
4931,2021-01-02,PIE,3553,1134,2419,3552,0,1,ITC,ITC1,1,Piemonte,Piemonte,4356406,4454403,102.25,0.08
4932,2021-05-01,PIE,28631,13037,15594,16353,11823,455,ITC,ITC1,1,Piemonte,Piemonte,4356406,4483034,102.91,0.66
4933,2021-01-21,PIE,6889,2317,4572,3377,3506,6,ITC,ITC1,1,Piemonte,Piemonte,4356406,4489923,103.06,0.16
4934,2021-08-11,PIE,23468,12621,10847,13445,9364,659,ITC,ITC1,1,Piemonte,Piemonte,4356406,4513391,103.6,0.54
4935,2021-05-03,PIE,26726,12221,14505,12050,14229,447,ITC,ITC1,1,Piemonte,Piemonte,4356406,4540117,104.22,0.61
4936,2021-02-26,PIE,12324,4944,7380,11370,743,211,ITC,ITC1,1,Piemonte,Piemonte,4356406,4552441,104.5,0.28
4937,2021-04-24,PIE,27580,12468,15112,21340,5667,573,ITC,ITC1,1,Piemonte,Piemonte,4356406,4580021,105.13,0.63
4938,2021-01-14,PIE,9802,3160,6642,9796,0,6,ITC,ITC1,1,Piemonte,Piemonte,4356406,4589823,105.36,0.23
4939,2021-06-27,PIE,37601,18631,18970,15217,21772,612,ITC,ITC1,1,Piemonte,Piemonte,4356406,4627424,106.22,0.86
4940,2021-03-19,PIE,11048,4525,6523,4226,6612,210,ITC,ITC1,1,Piemonte,Piemonte,4356406,4638472,106.47,0.25
4941,2021-04-05,PIE,14777,6249,8528,11961,2563,253,ITC,ITC1,1,Piemonte,Piemonte,4356406,4653249,106.81,0.34
4942,2021-06-29,PIE,40679,20317,20362,19231,20732,716,ITC,ITC1,1,Piemonte,Piemonte,4356406,4693928,107.75,0.93
4943,2021-03-24,PIE,15630,6419,9211,6123,9140,367,ITC,ITC1,1,Piemonte,Piemonte,4356406,4709558,108.11,0.36
4944,2021-05-20,PIE,38730,17994,20736,13373,24995,362,ITC,ITC1,1,Piemonte,Piemonte,4356406,4748288,109.0,0.89
4945,2021-02-09,PIE,7415,2321,5094,719,6694,2,ITC,ITC1,1,Piemonte,Piemonte,4356406,4755703,109.17,0.17
4946,2021-07-16,PIE,42158,22020,20138,3610,38127,421,ITC,ITC1,1,Piemonte,Piemonte,4356406,4797861,110.13,0.97
4947,2021-04-07,PIE,23721,10047,13674,17718,5463,540,ITC,ITC1,1,Piemonte,Piemonte,4356406,4821582,110.68,0.54
4948,2021-04-15,PIE,29673,13599,16074,23422,5555,696,ITC,ITC1,1,Piemonte,Piemonte,4356406,4851255,111.36,0.68
4949,2021-01-05,PIE,5406,1617,3789,5399,0,7,ITC,ITC1,1,Piemonte,Piemonte,4356406,4856661,111.48,0.12
4950,2021-06-22,PIE,40727,20137,20590,17816,22341,570,ITC,ITC1,1,Piemonte,Piemonte,4356406,4897388,112.42,0.93
4951,2021-01-07,PIE,5404,1741,3663,5402,0,2,ITC,ITC1,1,Piemonte,Piemonte,4356406,4902792,112.54,0.12
4952,2021-03-05,PIE,15679,6311,9368,11559,3839,281,ITC,ITC1,1,Piemonte,Piemonte,4356406,4918471,112.9,0.36
4953,2021-04-19,PIE,22595,10786,11809,17672,4358,565,ITC,ITC1,1,Piemonte,Piemonte,4356406,4941066,113.42,0.52
4954,2021-01-09,PIE,6205,2197,4008,6203,0,2,ITC,ITC1,1,Piemonte,Piemonte,4356406,4947271,113.56,0.14
4955,2021-01-26,PIE,6363,1897,4466,737,5625,1,ITC,ITC1,1,Piemonte,Piemonte,4356406,4953634,113.71,0.15
4956,2021-07-30,PIE,35890,18741,17149,9560,25788,542,ITC,ITC1,1,Piemonte,Piemonte,4356406,4989524,114.53,0.82
4957,2021-08-16,PIE,19264,10228,9036,11589,6817,858,ITC,ITC1,1,Piemonte,Piemonte,4356406,5008788,114.98,0.44
4958,2021-05-08,PIE,34386,16308,18078,18180,15672,534,ITC,ITC1,1,Piemonte,Piemonte,4356406,5043174,115.76,0.79
4959,2021-01-28,PIE,5614,1816,3798,380,5234,0,ITC,ITC1,1,Piemonte,Piemonte,4356406,5048788,115.89,0.13
4960,2021-08-23,PIE,18390,9888,8502,8858,8940,592,ITC,ITC1,1,Piemonte,Piemonte,4356406,5067178,116.32,0.42
4961,2021-05-15,PIE,33850,15783,18067,19425,13745,680,ITC,ITC1,1,Piemonte,Piemonte,4356406,5101028,117.09,0.78
4962,2021-06-01,PIE,29641,14885,14756,24515,4688,438,ITC,ITC1,1,Piemonte,Piemonte,4356406,5130669,117.77,0.68
4963,2021-02-21,PIE,5105,2090,3015,4951,104,50,ITC,ITC1,1,Piemonte,Piemonte,4356406,5135774,117.89,0.12
4964,2021-06-20,PIE,34145,17119,17026,18793,14783,569,ITC,ITC1,1,Piemonte,Piemonte,4356406,5169919,118.67,0.78
4965,2021-07-28,PIE,34850,18110,16740,9180,25059,611,ITC,ITC1,1,Piemonte,Piemonte,4356406,5204769,119.47,0.8
4966,2021-06-15,PIE,39040,20103,18937,26545,11797,698,ITC,ITC1,1,Piemonte,Piemonte,4356406,5243809,120.37,0.9
4967,2021-03-07,PIE,12011,4675,7336,10880,877,254,ITC,ITC1,1,Piemonte,Piemonte,4356406,5255820,120.65,0.28
4968,2020-12-31,PIE,3896,1329,2567,3896,0,0,ITC,ITC1,1,Piemonte,Piemonte,4356406,5259716,120.74,0.09
4969,2021-02-14,PIE,1483,501,982,871,605,7,ITC,ITC1,1,Piemonte,Piemonte,4356406,5261199,120.77,0.03
4970,2021-03-12,PIE,14240,5414,8826,10997,2950,293,ITC,ITC1,1,Piemonte,Piemonte,4356406,5275439,121.1,0.33
4971,2021-07-04,PIE,33868,17067,16801,11246,21988,634,ITC,ITC1,1,Piemonte,Piemonte,4356406,5309307,121.87,0.78
4972,2021-03-26,PIE,17962,7142,10820,8541,8889,532,ITC,ITC1,1,Piemonte,Piemonte,4356406,5327269,122.29,0.41
4973,2021-01-13,PIE,10118,3240,6878,10109,0,9,ITC,ITC1,1,Piemonte,Piemonte,4356406,5337387,122.52,0.23
4974,2021-06-16,PIE,40503,20285,20218,23576,16287,640,ITC,ITC1,1,Piemonte,Piemonte,4356406,5377890,123.45,0.93
4975,2021-08-12,PIE,22083,11848,10235,13486,7829,768,ITC,ITC1,1,Piemonte,Piemonte,4356406,5399973,123.95,0.51
4976,2021-01-06,PIE,3120,1106,2014,3119,0,1,ITC,ITC1,1,Piemonte,Piemonte,4356406,5403093,124.03,0.07
4977,2021-08-05,PIE,30373,16106,14267,11245,18558,570,ITC,ITC1,1,Piemonte,Piemonte,4356406,5433466,124.72,0.7
4978,2021-06-23,PIE,39843,19789,20054,16427,22906,510,ITC,ITC1,1,Piemonte,Piemonte,4356406,5473309,125.64,0.91
4979,2021-08-19,PIE,15904,8558,7346,10567,4604,733,ITC,ITC1,1,Piemonte,Piemonte,4356406,5489213,126.0,0.37
4980,2021-03-08,PIE,14312,5606,8706,11352,2717,243,ITC,ITC1,1,Piemonte,Piemonte,4356406,5503525,126.33,0.33
4981,2021-05-04,PIE,31672,14637,17035,17313,13761,598,ITC,ITC1,1,Piemonte,Piemonte,4356406,5535197,127.06,0.73
4982,2021-01-24,PIE,3161,964,2197,435,2724,2,ITC,ITC1,1,Piemonte,Piemonte,4356406,5538358,127.13,0.07
4983,2021-06-30,PIE,41365,20217,21148,18498,21980,887,ITC,ITC1,1,Piemonte,Piemonte,4356406,5579723,128.08,0.95
4984,2021-03-22,PIE,11546,4899,6647,3720,7609,217,ITC,ITC1,1,Piemonte,Piemonte,4356406,5591269,128.35,0.27
4985,2021-04-27,PIE,22672,10239,12433,16846,5168,658,ITC,ITC1,1,Piemonte,Piemonte,4356406,5613941,128.87,0.52
4986,2021-01-17,PIE,3532,1169,2363,2880,650,2,ITC,ITC1,1,Piemonte,Piemonte,4356406,5617473,128.95,0.08
4987,2021-03-15,PIE,10710,4201,6509,4939,5615,156,ITC,ITC1,1,Piemonte,Piemonte,4356406,5628183,129.19,0.25
4988,2021-05-11,PIE,32342,15588,16754,18433,13262,647,ITC,ITC1,1,Piemonte,Piemonte,4356406,5660525,129.94,0.74
4989,2021-01-31,PIE,4155,1769,2386,114,4041,0,ITC,ITC1,1,Piemonte,Piemonte,4356406,5664680,130.03,0.1
4990,2021-07-18,PIE,32939,17274,15665,3251,29352,336,ITC,ITC1,1,Piemonte,Piemonte,4356406,5697619,130.79,0.76
4991,2021-09-13,PIE,16591,8581,8010,5472,10334,785,ITC,ITC1,1,Piemonte,Piemonte,4356406,5714210,131.17,0.38
4992,2021-02-07,PIE,3103,977,2126,446,2656,1,ITC,ITC1,1,Piemonte,Piemonte,4356406,5717313,131.24,0.07
4993,2021-07-11,PIE,33232,16937,16295,4533,28376,323,ITC,ITC1,1,Piemonte,Piemonte,4356406,5750545,132.0,0.76
4994,2021-09-06,PIE,18226,9537,8689,6112,11417,697,ITC,ITC1,1,Piemonte,Piemonte,4356406,5768771,132.42,0.42
4995,2021-08-30,PIE,20931,10939,9992,7228,13029,674,ITC,ITC1,1,Piemonte,Piemonte,4356406,5789702,132.9,0.48
4996,2021-05-22,PIE,33595,15172,18423,16929,16253,413,ITC,ITC1,1,Piemonte,Piemonte,4356406,5823297,133.67,0.77
4997,2021-08-01,SAR,3055,1502,1553,1031,1988,36,ITG,ITG2,20,Sardegna,Sardegna,1639591,3055,0.19,0.19
4998,2021-04-23,SAR,13069,5792,7277,7361,5556,152,ITG,ITG2,20,Sardegna,Sardegna,1639591,16124,0.98,0.8
4999,2021-05-10,SAR,9949,4417,5532,7208,2560,181,ITG,ITG2,20,Sardegna,Sardegna,1639591,26073,1.59,0.61
5000,2021-01-30,SAR,3945,1425,2520,367,3578,0,ITG,ITG2,20,Sardegna,Sardegna,1639591,30018,1.83,0.24
5001,2021-04-09,SAR,12486,5529,6957,7935,4403,148,ITG,ITG2,20,Sardegna,Sardegna,1639591,42504,2.59,0.76
5002,2021-07-20,SAR,16150,7931,8219,3653,12406,91,ITG,ITG2,20,Sardegna,Sardegna,1639591,58654,3.58,0.99
5003,2021-04-11,SAR,5416,2450,2966,4263,1124,29,ITG,ITG2,20,Sardegna,Sardegna,1639591,64070,3.91,0.33
5004,2021-09-15,SAR,10219,5545,4674,2043,8066,110,ITG,ITG2,20,Sardegna,Sardegna,1639591,74289,4.53,0.62
5005,2021-06-07,SAR,12567,6145,6422,9438,3007,122,ITG,ITG2,20,Sardegna,Sardegna,1639591,86856,5.3,0.77
5006,2021-01-16,SAR,1498,530,968,1498,0,0,ITG,ITG2,20,Sardegna,Sardegna,1639591,88354,5.39,0.09
5007,2021-08-15,SAR,19,10,9,9,10,0,ITG,ITG2,20,Sardegna,Sardegna,1639591,88373,5.39,0.0
5008,2021-08-27,SAR,8386,4496,3890,4909,3334,143,ITG,ITG2,20,Sardegna,Sardegna,1639591,96759,5.9,0.51
5009,2021-05-19,SAR,17081,8681,8400,12631,4279,171,ITG,ITG2,20,Sardegna,Sardegna,1639591,113840,6.94,1.04
5010,2021-06-05,SAR,17889,8441,9448,11285,6469,135,ITG,ITG2,20,Sardegna,Sardegna,1639591,131729,8.03,1.09
5011,2021-02-25,SAR,2940,1275,1665,2297,608,35,ITG,ITG2,20,Sardegna,Sardegna,1639591,134669,8.21,0.18
5012,2021-03-14,SAR,613,379,234,602,1,10,ITG,ITG2,20,Sardegna,Sardegna,1639591,135282,8.25,0.04
5013,2021-03-09,SAR,5563,2755,2808,4758,732,73,ITG,ITG2,20,Sardegna,Sardegna,1639591,140845,8.59,0.34
5014,2021-08-13,SAR,9952,5420,4532,6317,3516,119,ITG,ITG2,20,Sardegna,Sardegna,1639591,150797,9.2,0.61
5015,2021-05-05,SAR,10284,4679,5605,8009,2064,211,ITG,ITG2,20,Sardegna,Sardegna,1639591,161081,9.82,0.63
5016,2021-07-01,SAR,19833,9763,10070,7254,12484,95,ITG,ITG2,20,Sardegna,Sardegna,1639591,180914,11.03,1.21
5017,2021-03-23,SAR,6502,2906,3596,5229,1090,183,ITG,ITG2,20,Sardegna,Sardegna,1639591,187416,11.43,0.4
5018,2021-07-15,SAR,18778,9236,9542,4645,14031,102,ITG,ITG2,20,Sardegna,Sardegna,1639591,206194,12.58,1.15
5019,2021-02-11,SAR,1322,490,832,1207,115,0,ITG,ITG2,20,Sardegna,Sardegna,1639591,207516,12.66,0.08
5020,2021-09-10,SAR,10289,5472,4817,2647,7472,170,ITG,ITG2,20,Sardegna,Sardegna,1639591,217805,13.28,0.63
5021,2021-09-01,SAR,8247,4310,3937,3116,5042,89,ITG,ITG2,20,Sardegna,Sardegna,1639591,226052,13.79,0.5
5022,2021-05-24,SAR,14491,7259,7232,8360,5999,132,ITG,ITG2,20,Sardegna,Sardegna,1639591,240543,14.67,0.88
5023,2021-02-13,SAR,1458,563,895,1452,2,4,ITG,ITG2,20,Sardegna,Sardegna,1639591,242001,14.76,0.09
5024,2021-06-19,SAR,15352,7519,7833,9120,6132,100,ITG,ITG2,20,Sardegna,Sardegna,1639591,257353,15.7,0.94
5025,2021-07-06,SAR,15935,7722,8213,4660,11175,100,ITG,ITG2,20,Sardegna,Sardegna,1639591,273288,16.67,0.97
5026,2021-03-28,SAR,4631,1828,2803,4476,79,76,ITG,ITG2,20,Sardegna,Sardegna,1639591,277919,16.95,0.28
5027,2021-01-04,SAR,609,230,379,609,0,0,ITG,ITG2,20,Sardegna,Sardegna,1639591,278528,16.99,0.04
5028,2021-02-04,SAR,2302,825,1477,915,1384,3,ITG,ITG2,20,Sardegna,Sardegna,1639591,280830,17.13,0.14
5029,2021-04-02,SAR,9330,3625,5705,5924,3252,154,ITG,ITG2,20,Sardegna,Sardegna,1639591,290160,17.7,0.57
5030,2021-07-13,SAR,17810,8524,9286,3253,14479,78,ITG,ITG2,20,Sardegna,Sardegna,1639591,307970,18.78,1.09
5031,2021-04-04,SAR,2,1,1,0,2,0,ITG,ITG2,20,Sardegna,Sardegna,1639591,307972,18.78,0.0
5032,2021-06-12,SAR,14755,7194,7561,9935,4702,118,ITG,ITG2,20,Sardegna,Sardegna,1639591,322727,19.68,0.9
5033,2021-03-04,SAR,4394,2314,2080,3068,1260,66,ITG,ITG2,20,Sardegna,Sardegna,1639591,327121,19.95,0.27
5034,2021-03-21,SAR,4054,1815,2239,2586,1441,27,ITG,ITG2,20,Sardegna,Sardegna,1639591,331175,20.2,0.25
5035,2021-04-30,SAR,11316,5344,5972,6823,4301,192,ITG,ITG2,20,Sardegna,Sardegna,1639591,342491,20.89,0.69
5036,2021-05-17,SAR,12846,6269,6577,9140,3556,150,ITG,ITG2,20,Sardegna,Sardegna,1639591,355337,21.67,0.78
5037,2021-02-06,SAR,1983,706,1277,566,1414,3,ITG,ITG2,20,Sardegna,Sardegna,1639591,357320,21.79,0.12
5038,2021-02-23,SAR,1579,1052,527,1280,282,17,ITG,ITG2,20,Sardegna,Sardegna,1639591,358899,21.89,0.1
5039,2021-03-02,SAR,3062,1636,1426,1824,1162,76,ITG,ITG2,20,Sardegna,Sardegna,1639591,361961,22.08,0.19
5040,2021-04-28,SAR,9127,4310,4817,5211,3764,152,ITG,ITG2,20,Sardegna,Sardegna,1639591,371088,22.63,0.56
5041,2021-01-18,SAR,912,329,583,783,129,0,ITG,ITG2,20,Sardegna,Sardegna,1639591,372000,22.69,0.06
5042,2021-06-24,SAR,19202,9213,9989,8111,10985,106,ITG,ITG2,20,Sardegna,Sardegna,1639591,391202,23.86,1.17
5043,2021-03-16,SAR,4447,1967,2480,3472,930,45,ITG,ITG2,20,Sardegna,Sardegna,1639591,395649,24.13,0.27
5044,2021-08-03,SAR,14576,7511,7065,7514,6864,198,ITG,ITG2,20,Sardegna,Sardegna,1639591,410225,25.02,0.89
5045,2021-08-20,SAR,10174,5352,4822,4794,5230,150,ITG,ITG2,20,Sardegna,Sardegna,1639591,420399,25.64,0.62
5046,2021-05-12,SAR,11227,5282,5945,7859,3155,213,ITG,ITG2,20,Sardegna,Sardegna,1639591,431626,26.33,0.68
5047,2021-09-03,SAR,8717,4701,4016,3079,5544,94,ITG,ITG2,20,Sardegna,Sardegna,1639591,440343,26.86,0.53
5048,2020-12-28,SAR,69,27,42,69,0,0,ITG,ITG2,20,Sardegna,Sardegna,1639591,440412,26.86,0.0
5049,2021-08-08,SAR,1884,979,905,1020,841,23,ITG,ITG2,20,Sardegna,Sardegna,1639591,442296,26.98,0.11
5050,2021-06-26,SAR,19164,9013,10151,5451,13635,78,ITG,ITG2,20,Sardegna,Sardegna,1639591,461460,28.14,1.17
5051,2021-08-22,SAR,1162,650,512,403,756,3,ITG,ITG2,20,Sardegna,Sardegna,1639591,462622,28.22,0.07
5052,2021-06-16,SAR,17637,8278,9359,12164,5312,161,ITG,ITG2,20,Sardegna,Sardegna,1639591,480259,29.29,1.08
5053,2021-05-29,SAR,18031,8658,9373,13249,4612,170,ITG,ITG2,20,Sardegna,Sardegna,1639591,498290,30.39,1.1
5054,2021-02-18,SAR,1898,738,1160,1794,64,40,ITG,ITG2,20,Sardegna,Sardegna,1639591,500188,30.51,0.12
5055,2021-09-08,SAR,12255,6568,5687,3187,8926,142,ITG,ITG2,20,Sardegna,Sardegna,1639591,512443,31.25,0.75
5056,2021-05-31,SAR,11372,5409,5963,8162,3112,98,ITG,ITG2,20,Sardegna,Sardegna,1639591,523815,31.95,0.69
5057,2021-07-27,SAR,16535,8385,8150,4216,12208,111,ITG,ITG2,20,Sardegna,Sardegna,1639591,540350,32.96,1.01
5058,2021-07-08,SAR,18445,8972,9473,3832,14528,85,ITG,ITG2,20,Sardegna,Sardegna,1639591,558795,34.08,1.12
5059,2021-07-25,SAR,4343,2142,2201,862,3466,15,ITG,ITG2,20,Sardegna,Sardegna,1639591,563138,34.35,0.26
5060,2021-04-16,SAR,14606,6530,8076,9004,5423,179,ITG,ITG2,20,Sardegna,Sardegna,1639591,577744,35.24,0.89
5061,2021-01-23,SAR,61,23,38,0,61,0,ITG,ITG2,20,Sardegna,Sardegna,1639591,577805,35.24,0.0
5062,2021-09-19,SAR,1338,736,602,678,638,22,ITG,ITG2,20,Sardegna,Sardegna,1639591,579143,35.32,0.08
5063,2021-01-13,SAR,579,182,397,579,0,0,ITG,ITG2,20,Sardegna,Sardegna,1639591,579722,35.36,0.04
5064,2021-07-24,SAR,12385,6386,5999,1993,10363,29,ITG,ITG2,20,Sardegna,Sardegna,1639591,592107,36.11,0.76
5065,2021-08-10,SAR,14246,7511,6735,6256,7828,162,ITG,ITG2,20,Sardegna,Sardegna,1639591,606353,36.98,0.87
5066,2021-05-02,SAR,6076,2727,3349,5296,677,103,ITG,ITG2,20,Sardegna,Sardegna,1639591,612429,37.35,0.37
5067,2021-02-08,SAR,1477,536,941,859,617,1,ITG,ITG2,20,Sardegna,Sardegna,1639591,613906,37.44,0.09
5068,2021-08-12,SAR,12481,6616,5865,6627,5686,168,ITG,ITG2,20,Sardegna,Sardegna,1639591,626387,38.2,0.76
5069,2021-06-14,SAR,13751,6645,7106,9790,3818,143,ITG,ITG2,20,Sardegna,Sardegna,1639591,640138,39.04,0.84
5070,2021-03-06,SAR,2950,1219,1731,1081,1795,74,ITG,ITG2,20,Sardegna,Sardegna,1639591,643088,39.22,0.18
5071,2021-06-28,SAR,14994,7042,7952,3048,11879,67,ITG,ITG2,20,Sardegna,Sardegna,1639591,658082,40.14,0.91
5072,2021-04-06,SAR,7578,3159,4419,5062,2438,78,ITG,ITG2,20,Sardegna,Sardegna,1639591,665660,40.6,0.46
5073,2020-12-27,SAR,68,37,31,68,0,0,ITG,ITG2,20,Sardegna,Sardegna,1639591,665728,40.6,0.0
5074,2021-05-07,SAR,14628,6665,7963,9785,4558,285,ITG,ITG2,20,Sardegna,Sardegna,1639591,680356,41.5,0.89
5075,2021-01-27,SAR,1436,506,930,78,1358,0,ITG,ITG2,20,Sardegna,Sardegna,1639591,681792,41.58,0.09
5076,2021-07-03,SAR,15846,7564,8282,3234,12578,34,ITG,ITG2,20,Sardegna,Sardegna,1639591,697638,42.55,0.97
5077,2021-03-25,SAR,9282,4022,5260,7822,1309,151,ITG,ITG2,20,Sardegna,Sardegna,1639591,706920,43.12,0.57
5078,2021-08-29,SAR,467,250,217,355,98,14,ITG,ITG2,20,Sardegna,Sardegna,1639591,707387,43.14,0.03
5079,2021-05-21,SAR,22799,11233,11566,16386,6133,280,ITG,ITG2,20,Sardegna,Sardegna,1639591,730186,44.53,1.39
5080,2021-07-17,SAR,12870,6302,6568,3178,9625,67,ITG,ITG2,20,Sardegna,Sardegna,1639591,743056,45.32,0.78
5081,2021-07-31,SAR,10321,5457,4864,5276,4964,81,ITG,ITG2,20,Sardegna,Sardegna,1639591,753377,45.95,0.63
5082,2021-08-19,SAR,10761,5689,5072,5732,4896,133,ITG,ITG2,20,Sardegna,Sardegna,1639591,764138,46.61,0.66
5083,2021-02-22,SAR,1652,955,697,1392,234,26,ITG,ITG2,20,Sardegna,Sardegna,1639591,765790,46.71,0.1
5084,2021-03-11,SAR,6464,3111,3353,5172,1209,83,ITG,ITG2,20,Sardegna,Sardegna,1639591,772254,47.1,0.39
5085,2021-04-18,SAR,5155,2237,2918,2239,2886,30,ITG,ITG2,20,Sardegna,Sardegna,1639591,777409,47.41,0.31
5086,2021-01-08,SAR,3353,1238,2115,3351,0,2,ITG,ITG2,20,Sardegna,Sardegna,1639591,780762,47.62,0.2
5087,2021-06-02,SAR,9786,4692,5094,8060,1640,86,ITG,ITG2,20,Sardegna,Sardegna,1639591,790548,48.22,0.6
5088,2021-07-29,SAR,17896,9042,8854,6524,11205,167,ITG,ITG2,20,Sardegna,Sardegna,1639591,808444,49.31,1.09
5089,2021-04-20,SAR,11198,5067,6131,7797,3297,104,ITG,ITG2,20,Sardegna,Sardegna,1639591,819642,49.99,0.68
5090,2021-01-20,SAR,215,78,137,213,2,0,ITG,ITG2,20,Sardegna,Sardegna,1639591,819857,50.0,0.01
5091,2021-09-12,SAR,3234,1794,1440,622,2586,26,ITG,ITG2,20,Sardegna,Sardegna,1639591,823091,50.2,0.2
5092,2021-06-04,SAR,14524,6948,7576,9788,4575,161,ITG,ITG2,20,Sardegna,Sardegna,1639591,837615,51.09,0.89
5093,2021-06-21,SAR,14039,6740,7299,5125,8838,76,ITG,ITG2,20,Sardegna,Sardegna,1639591,851654,51.94,0.86
5094,2021-03-13,SAR,2776,1086,1690,2452,281,43,ITG,ITG2,20,Sardegna,Sardegna,1639591,854430,52.11,0.17
5095,2021-03-30,SAR,8926,3623,5303,6483,2286,157,ITG,ITG2,20,Sardegna,Sardegna,1639591,863356,52.66,0.54
5096,2021-01-06,SAR,1639,556,1083,1639,0,0,ITG,ITG2,20,Sardegna,Sardegna,1639591,864995,52.76,0.1
5097,2021-09-05,SAR,664,370,294,133,525,6,ITG,ITG2,20,Sardegna,Sardegna,1639591,865659,52.8,0.04
5098,2021-05-28,SAR,18013,8716,9297,13527,4297,189,ITG,ITG2,20,Sardegna,Sardegna,1639591,883672,53.9,1.1
5099,2021-02-17,SAR,1417,582,835,1279,74,64,ITG,ITG2,20,Sardegna,Sardegna,1639591,885089,53.98,0.09
5100,2021-05-25,SAR,15160,7706,7454,8497,6488,175,ITG,ITG2,20,Sardegna,Sardegna,1639591,900249,54.91,0.92
5101,2021-06-11,SAR,14785,7025,7760,9090,5539,156,ITG,ITG2,20,Sardegna,Sardegna,1639591,915034,55.81,0.9
5102,2021-03-03,SAR,4140,2295,1845,2747,1306,87,ITG,ITG2,20,Sardegna,Sardegna,1639591,919174,56.06,0.25
5103,2021-04-25,SAR,4540,2286,2254,3704,786,50,ITG,ITG2,20,Sardegna,Sardegna,1639591,923714,56.34,0.28
5104,2021-01-15,SAR,1576,575,1001,1574,0,2,ITG,ITG2,20,Sardegna,Sardegna,1639591,925290,56.43,0.1
5105,2021-08-17,SAR,10608,5535,5073,6093,4389,126,ITG,ITG2,20,Sardegna,Sardegna,1639591,935898,57.08,0.65
5106,2021-02-01,SAR,1555,620,935,226,1329,0,ITG,ITG2,20,Sardegna,Sardegna,1639591,937453,57.18,0.09
5107,2021-05-09,SAR,6181,2888,3293,5161,926,94,ITG,ITG2,20,Sardegna,Sardegna,1639591,943634,57.55,0.38
5108,2021-05-26,SAR,15551,8197,7354,9708,5661,182,ITG,ITG2,20,Sardegna,Sardegna,1639591,959185,58.5,0.95
5109,2021-02-15,SAR,962,349,613,923,31,8,ITG,ITG2,20,Sardegna,Sardegna,1639591,960147,58.56,0.06
5110,2021-08-05,SAR,15650,8229,7421,8684,6800,166,ITG,ITG2,20,Sardegna,Sardegna,1639591,975797,59.51,0.95
5111,2021-02-20,SAR,2044,856,1188,1683,337,24,ITG,ITG2,20,Sardegna,Sardegna,1639591,977841,59.64,0.12
5112,2021-03-18,SAR,7318,3096,4222,5601,1640,77,ITG,ITG2,20,Sardegna,Sardegna,1639591,985159,60.09,0.45
5113,2021-05-14,SAR,14674,6896,7778,10818,3653,203,ITG,ITG2,20,Sardegna,Sardegna,1639591,999833,60.98,0.89
5114,2021-02-03,SAR,1122,419,703,426,695,1,ITG,ITG2,20,Sardegna,Sardegna,1639591,1000955,61.05,0.07
5115,2021-07-10,SAR,14242,6888,7354,2704,11503,35,ITG,ITG2,20,Sardegna,Sardegna,1639591,1015197,61.92,0.87
5116,2021-04-01,SAR,10295,4107,6188,7118,3025,152,ITG,ITG2,20,Sardegna,Sardegna,1639591,1025492,62.55,0.63
5117,2021-01-01,SAR,33,17,16,33,0,0,ITG,ITG2,20,Sardegna,Sardegna,1639591,1025525,62.55,0.0
5118,2021-02-27,SAR,1930,646,1284,1326,561,43,ITG,ITG2,20,Sardegna,Sardegna,1639591,1027455,62.67,0.12
5119,2021-07-22,SAR,18338,9268,9070,4508,13721,109,ITG,ITG2,20,Sardegna,Sardegna,1639591,1045793,63.78,1.12
5120,2021-04-13,SAR,7707,3624,4083,5786,1855,66,ITG,ITG2,20,Sardegna,Sardegna,1639591,1053500,64.25,0.47
5121,2021-09-17,SAR,9954,5454,4500,2177,7671,106,ITG,ITG2,20,Sardegna,Sardegna,1639591,1063454,64.86,0.61
5122,2021-06-09,SAR,15477,7370,8107,11574,3752,151,ITG,ITG2,20,Sardegna,Sardegna,1639591,1078931,65.8,0.94
5123,2021-06-23,SAR,20549,9669,10880,6192,14264,93,ITG,ITG2,20,Sardegna,Sardegna,1639591,1099480,67.06,1.25
5124,2021-08-09,SAR,13416,6974,6442,6476,6794,146,ITG,ITG2,20,Sardegna,Sardegna,1639591,1112896,67.88,0.82
5125,2021-03-29,SAR,4861,1887,2974,4169,595,97,ITG,ITG2,20,Sardegna,Sardegna,1639591,1117757,68.17,0.3
5126,2021-04-15,SAR,11960,5576,6384,6817,5022,121,ITG,ITG2,20,Sardegna,Sardegna,1639591,1129717,68.9,0.73
5127,2021-01-05,SAR,1358,458,900,1358,0,0,ITG,ITG2,20,Sardegna,Sardegna,1639591,1131075,68.99,0.08
5128,2021-01-22,SAR,84,47,37,56,28,0,ITG,ITG2,20,Sardegna,Sardegna,1639591,1131159,68.99,0.01
5129,2021-07-26,SAR,14608,7290,7318,4121,10410,77,ITG,ITG2,20,Sardegna,Sardegna,1639591,1145767,69.88,0.89
5130,2021-04-17,SAR,10185,4529,5656,5421,4676,88,ITG,ITG2,20,Sardegna,Sardegna,1639591,1155952,70.5,0.62
5131,2021-08-07,SAR,8213,4309,3904,5439,2706,68,ITG,ITG2,20,Sardegna,Sardegna,1639591,1164165,71.0,0.5
5132,2021-04-29,SAR,11278,5134,6144,6684,4431,163,ITG,ITG2,20,Sardegna,Sardegna,1639591,1175443,71.69,0.69
5133,2021-06-25,SAR,16517,7813,8704,3897,12562,58,ITG,ITG2,20,Sardegna,Sardegna,1639591,1191960,72.7,1.01
5134,2021-01-10,SAR,2220,762,1458,2219,0,1,ITG,ITG2,20,Sardegna,Sardegna,1639591,1194180,72.83,0.14
5135,2021-06-30,SAR,17772,8514,9258,4804,12886,82,ITG,ITG2,20,Sardegna,Sardegna,1639591,1211952,73.92,1.08
5136,2021-03-22,SAR,3745,1518,2227,3132,526,87,ITG,ITG2,20,Sardegna,Sardegna,1639591,1215697,74.15,0.23
5137,2021-04-08,SAR,13608,5971,7637,8333,5154,121,ITG,ITG2,20,Sardegna,Sardegna,1639591,1229305,74.98,0.83
5138,2021-07-14,SAR,16915,8191,8724,3776,13028,111,ITG,ITG2,20,Sardegna,Sardegna,1639591,1246220,76.01,1.03
5139,2020-12-29,SAR,57,32,25,57,0,0,ITG,ITG2,20,Sardegna,Sardegna,1639591,1246277,76.01,0.0
5140,2021-04-22,SAR,10629,4686,5943,5542,4993,94,ITG,ITG2,20,Sardegna,Sardegna,1639591,1256906,76.66,0.65
5141,2021-01-12,SAR,890,417,473,890,0,0,ITG,ITG2,20,Sardegna,Sardegna,1639591,1257796,76.71,0.05
5142,2021-08-21,SAR,5622,3056,2566,3639,1893,90,ITG,ITG2,20,Sardegna,Sardegna,1639591,1263418,77.06,0.34
5143,2021-03-08,SAR,4734,2464,2270,3455,1226,53,ITG,ITG2,20,Sardegna,Sardegna,1639591,1268152,77.35,0.29
5144,2021-09-02,SAR,10323,5548,4775,3967,6243,113,ITG,ITG2,20,Sardegna,Sardegna,1639591,1278475,77.98,0.63
5145,2021-07-21,SAR,19392,9500,9892,3907,15401,84,ITG,ITG2,20,Sardegna,Sardegna,1639591,1297867,79.16,1.18
5146,2021-09-16,SAR,10576,5630,4946,1992,8479,105,ITG,ITG2,20,Sardegna,Sardegna,1639591,1308443,79.8,0.65
5147,2021-02-10,SAR,1976,775,1201,1444,526,6,ITG,ITG2,20,Sardegna,Sardegna,1639591,1310419,79.92,0.12
5148,2021-03-20,SAR,5223,2080,3143,2909,2286,28,ITG,ITG2,20,Sardegna,Sardegna,1639591,1315642,80.24,0.32
5149,2021-09-04,SAR,5114,2803,2311,1554,3512,48,ITG,ITG2,20,Sardegna,Sardegna,1639591,1320756,80.55,0.31
5150,2021-06-13,SAR,9502,4678,4824,6162,3260,80,ITG,ITG2,20,Sardegna,Sardegna,1639591,1330258,81.13,0.58
5151,2021-08-26,SAR,9428,4999,4429,5354,3947,127,ITG,ITG2,20,Sardegna,Sardegna,1639591,1339686,81.71,0.58
5152,2021-05-18,SAR,14789,7388,7401,9420,5226,143,ITG,ITG2,20,Sardegna,Sardegna,1639591,1354475,82.61,0.9
5153,2021-02-24,SAR,2449,1311,1138,2212,195,42,ITG,ITG2,20,Sardegna,Sardegna,1639591,1356924,82.76,0.15
5154,2021-08-28,SAR,4163,2396,1767,2853,1251,59,ITG,ITG2,20,Sardegna,Sardegna,1639591,1361087,83.01,0.25
5155,2021-09-14,SAR,10550,5675,4875,1936,8479,135,ITG,ITG2,20,Sardegna,Sardegna,1639591,1371637,83.66,0.64
5156,2021-06-06,SAR,10038,5002,5036,6315,3654,69,ITG,ITG2,20,Sardegna,Sardegna,1639591,1381675,84.27,0.61
5157,2021-01-03,SAR,90,36,54,90,0,0,ITG,ITG2,20,Sardegna,Sardegna,1639591,1381765,84.27,0.01
5158,2021-07-07,SAR,15909,7729,8180,4084,11772,53,ITG,ITG2,20,Sardegna,Sardegna,1639591,1397674,85.25,0.97
5159,2021-07-02,SAR,18944,8892,10052,4404,14441,99,ITG,ITG2,20,Sardegna,Sardegna,1639591,1416618,86.4,1.16
5160,2021-04-27,SAR,7759,3593,4166,5573,2072,114,ITG,ITG2,20,Sardegna,Sardegna,1639591,1424377,86.87,0.47
5161,2021-01-17,SAR,867,278,589,866,1,0,ITG,ITG2,20,Sardegna,Sardegna,1639591,1425244,86.93,0.05
5162,2021-03-15,SAR,2828,1328,1500,2409,377,42,ITG,ITG2,20,Sardegna,Sardegna,1639591,1428072,87.1,0.17
5163,2021-05-11,SAR,9113,4248,4865,6454,2521,138,ITG,ITG2,20,Sardegna,Sardegna,1639591,1437185,87.66,0.56
5164,2021-01-31,SAR,2154,765,1389,45,2109,0,ITG,ITG2,20,Sardegna,Sardegna,1639591,1439339,87.79,0.13
5165,2021-02-14,SAR,542,263,279,540,2,0,ITG,ITG2,20,Sardegna,Sardegna,1639591,1439881,87.82,0.03
5166,2021-07-18,SAR,5693,2874,2819,982,4701,10,ITG,ITG2,20,Sardegna,Sardegna,1639591,1445574,88.17,0.35
5167,2021-08-18,SAR,10693,5533,5160,5707,4856,130,ITG,ITG2,20,Sardegna,Sardegna,1639591,1456267,88.82,0.65
5168,2021-09-09,SAR,11731,6268,5463,2244,9348,139,ITG,ITG2,20,Sardegna,Sardegna,1639591,1467998,89.53,0.72
5169,2021-01-29,SAR,3046,1119,1927,45,2999,2,ITG,ITG2,20,Sardegna,Sardegna,1639591,1471044,89.72,0.19
5170,2021-08-02,SAR,13118,6603,6515,6209,6730,179,ITG,ITG2,20,Sardegna,Sardegna,1639591,1484162,90.52,0.8
5171,2021-07-04,SAR,8207,3988,4219,2066,6126,15,ITG,ITG2,20,Sardegna,Sardegna,1639591,1492369,91.02,0.5
5172,2021-03-26,SAR,8636,3550,5086,6963,1532,141,ITG,ITG2,20,Sardegna,Sardegna,1639591,1501005,91.55,0.53
5173,2021-08-30,SAR,8752,4669,4083,4835,3760,157,ITG,ITG2,20,Sardegna,Sardegna,1639591,1509757,92.08,0.53
5174,2021-05-22,SAR,25073,12014,13059,19586,5183,304,ITG,ITG2,20,Sardegna,Sardegna,1639591,1534830,93.61,1.53
5175,2021-01-19,SAR,751,271,480,695,55,1,ITG,ITG2,20,Sardegna,Sardegna,1639591,1535581,93.66,0.05
5176,2021-03-17,SAR,6629,2871,3758,4957,1633,39,ITG,ITG2,20,Sardegna,Sardegna,1639591,1542210,94.06,0.4
5177,2021-04-12,SAR,7063,3204,3859,5257,1728,78,ITG,ITG2,20,Sardegna,Sardegna,1639591,1549273,94.49,0.43
5178,2021-01-02,SAR,61,22,39,61,0,0,ITG,ITG2,20,Sardegna,Sardegna,1639591,1549334,94.5,0.0
5179,2021-06-08,SAR,14838,7072,7766,11169,3512,157,ITG,ITG2,20,Sardegna,Sardegna,1639591,1564172,95.4,0.9
5180,2021-02-28,SAR,368,169,199,139,227,2,ITG,ITG2,20,Sardegna,Sardegna,1639591,1564540,95.42,0.02
5181,2021-08-04,SAR,16213,8526,7687,9596,6352,265,ITG,ITG2,20,Sardegna,Sardegna,1639591,1580753,96.41,0.99
5182,2021-04-26,SAR,6951,3298,3653,5921,928,102,ITG,ITG2,20,Sardegna,Sardegna,1639591,1587704,96.84,0.42
5183,2021-07-23,SAR,15760,7788,7972,3404,12278,78,ITG,ITG2,20,Sardegna,Sardegna,1639591,1603464,97.8,0.96
5184,2021-04-05,SAR,2093,798,1295,2048,1,44,ITG,ITG2,20,Sardegna,Sardegna,1639591,1605557,97.92,0.13
5185,2021-09-06,SAR,9286,4875,4411,2548,6624,114,ITG,ITG2,20,Sardegna,Sardegna,1639591,1614843,98.49,0.57
5186,2021-06-29,SAR,17901,8609,9292,3759,14093,49,ITG,ITG2,20,Sardegna,Sardegna,1639591,1632744,99.58,1.09
5187,2021-09-13,SAR,10458,5639,4819,2473,7873,112,ITG,ITG2,20,Sardegna,Sardegna,1639591,1643202,100.22,0.64
5188,2021-06-22,SAR,19340,8991,10349,7163,12076,101,ITG,ITG2,20,Sardegna,Sardegna,1639591,1662542,101.4,1.18
5189,2021-07-09,SAR,15884,7600,8284,3432,12369,83,ITG,ITG2,20,Sardegna,Sardegna,1639591,1678426,102.37,0.97
5190,2021-03-31,SAR,10637,4235,6402,8065,2438,134,ITG,ITG2,20,Sardegna,Sardegna,1639591,1689063,103.02,0.65
5191,2021-05-04,SAR,9685,4430,5255,7624,1905,156,ITG,ITG2,20,Sardegna,Sardegna,1639591,1698748,103.61,0.59
5192,2021-01-24,SAR,91,35,56,5,86,0,ITG,ITG2,20,Sardegna,Sardegna,1639591,1698839,103.61,0.01
5193,2021-06-18,SAR,16491,7509,8982,8603,7772,116,ITG,ITG2,20,Sardegna,Sardegna,1639591,1715330,104.62,1.01
5194,2021-03-10,SAR,6083,2965,3118,5147,856,80,ITG,ITG2,20,Sardegna,Sardegna,1639591,1721413,104.99,0.37
5195,2021-08-14,SAR,1796,1025,771,992,794,10,ITG,ITG2,20,Sardegna,Sardegna,1639591,1723209,105.1,0.11
5196,2021-05-06,SAR,13176,6066,7110,9733,3193,250,ITG,ITG2,20,Sardegna,Sardegna,1639591,1736385,105.9,0.8
5197,2021-03-01,SAR,2297,1168,1129,1599,667,31,ITG,ITG2,20,Sardegna,Sardegna,1639591,1738682,106.04,0.14
5198,2021-01-28,SAR,3039,1084,1955,68,2971,0,ITG,ITG2,20,Sardegna,Sardegna,1639591,1741721,106.23,0.19
5199,2021-05-27,SAR,17862,9268,8594,12109,5544,209,ITG,ITG2,20,Sardegna,Sardegna,1639591,1759583,107.32,1.09
5200,2021-02-16,SAR,703,291,412,667,27,9,ITG,ITG2,20,Sardegna,Sardegna,1639591,1760286,107.36,0.04
5201,2021-03-05,SAR,5235,2622,2613,2822,2372,41,ITG,ITG2,20,Sardegna,Sardegna,1639591,1765521,107.68,0.32
5202,2021-06-27,SAR,9020,4311,4709,2957,6035,28,ITG,ITG2,20,Sardegna,Sardegna,1639591,1774541,108.23,0.55
5203,2021-03-24,SAR,7505,3134,4371,5994,1360,151,ITG,ITG2,20,Sardegna,Sardegna,1639591,1782046,108.69,0.46
5204,2021-04-14,SAR,8370,3929,4441,7030,1276,64,ITG,ITG2,20,Sardegna,Sardegna,1639591,1790416,109.2,0.51
5205,2021-05-01,SAR,10012,4799,5213,5422,4487,103,ITG,ITG2,20,Sardegna,Sardegna,1639591,1800428,109.81,0.61
5206,2021-01-21,SAR,140,69,71,98,42,0,ITG,ITG2,20,Sardegna,Sardegna,1639591,1800568,109.82,0.01
5207,2021-02-07,SAR,1128,397,731,228,899,1,ITG,ITG2,20,Sardegna,Sardegna,1639591,1801696,109.89,0.07
5208,2021-08-11,SAR,11927,6362,5565,6146,5601,180,ITG,ITG2,20,Sardegna,Sardegna,1639591,1813623,110.61,0.73
5209,2021-05-03,SAR,8339,3855,4484,6600,1625,114,ITG,ITG2,20,Sardegna,Sardegna,1639591,1821962,111.12,0.51
5210,2021-05-20,SAR,16416,7895,8521,11294,4913,209,ITG,ITG2,20,Sardegna,Sardegna,1639591,1838378,112.12,1.0
5211,2021-02-09,SAR,2299,840,1459,1290,1004,5,ITG,ITG2,20,Sardegna,Sardegna,1639591,1840677,112.26,0.14
5212,2021-06-01,SAR,14328,6659,7669,9637,4595,96,ITG,ITG2,20,Sardegna,Sardegna,1639591,1855005,113.14,0.87
5213,2021-02-21,SAR,1589,709,880,1558,30,1,ITG,ITG2,20,Sardegna,Sardegna,1639591,1856594,113.24,0.1
5214,2021-07-28,SAR,16793,8620,8173,6319,10326,148,ITG,ITG2,20,Sardegna,Sardegna,1639591,1873387,114.26,1.02
5215,2021-04-19,SAR,10259,4647,5612,8662,1451,146,ITG,ITG2,20,Sardegna,Sardegna,1639591,1883646,114.89,0.63
5216,2021-01-09,SAR,4087,1443,2644,4087,0,0,ITG,ITG2,20,Sardegna,Sardegna,1639591,1887733,115.13,0.25
5217,2021-06-15,SAR,14691,6811,7880,9812,4744,135,ITG,ITG2,20,Sardegna,Sardegna,1639591,1902424,116.03,0.9
5218,2021-03-07,SAR,1663,752,911,1114,545,4,ITG,ITG2,20,Sardegna,Sardegna,1639591,1904087,116.13,0.1
5219,2021-05-13,SAR,12452,5874,6578,8769,3469,214,ITG,ITG2,20,Sardegna,Sardegna,1639591,1916539,116.89,0.76
5220,2021-02-02,SAR,1534,681,853,258,1276,0,ITG,ITG2,20,Sardegna,Sardegna,1639591,1918073,116.98,0.09
5221,2021-08-25,SAR,10063,5290,4773,4241,5711,111,ITG,ITG2,20,Sardegna,Sardegna,1639591,1928136,117.6,0.61
5222,2021-09-11,SAR,6499,3466,3033,1210,5253,36,ITG,ITG2,20,Sardegna,Sardegna,1639591,1934635,117.99,0.4
5223,2021-06-03,SAR,16401,7647,8754,10566,5694,141,ITG,ITG2,20,Sardegna,Sardegna,1639591,1951036,119.0,1.0
5224,2021-03-19,SAR,7326,3065,4261,5017,2244,65,ITG,ITG2,20,Sardegna,Sardegna,1639591,1958362,119.44,0.45
5225,2021-07-16,SAR,16937,8476,8461,4555,12247,135,ITG,ITG2,20,Sardegna,Sardegna,1639591,1975299,120.48,1.03
5226,2021-02-26,SAR,2834,1117,1717,2473,308,53,ITG,ITG2,20,Sardegna,Sardegna,1639591,1978133,120.65,0.17
5227,2021-08-23,SAR,10522,5565,4957,5634,4710,178,ITG,ITG2,20,Sardegna,Sardegna,1639591,1988655,121.29,0.64
5228,2021-05-15,SAR,13878,6445,7433,10240,3444,194,ITG,ITG2,20,Sardegna,Sardegna,1639591,2002533,122.14,0.85
5229,2021-07-11,SAR,6380,3119,3261,1423,4921,36,ITG,ITG2,20,Sardegna,Sardegna,1639591,2008913,122.53,0.39
5230,2021-01-26,SAR,1381,474,907,27,1354,0,ITG,ITG2,20,Sardegna,Sardegna,1639591,2010294,122.61,0.08
5231,2021-06-20,SAR,6295,2807,3488,3635,2628,32,ITG,ITG2,20,Sardegna,Sardegna,1639591,2016589,122.99,0.38
5232,2021-03-12,SAR,6026,2636,3390,4554,1318,154,ITG,ITG2,20,Sardegna,Sardegna,1639591,2022615,123.36,0.37
5233,2021-04-07,SAR,13735,6106,7629,7908,5741,86,ITG,ITG2,20,Sardegna,Sardegna,1639591,2036350,124.2,0.84
5234,2021-04-24,SAR,10562,4911,5651,7960,2461,141,ITG,ITG2,20,Sardegna,Sardegna,1639591,2046912,124.84,0.64
5235,2021-01-14,SAR,1129,433,696,1129,0,0,ITG,ITG2,20,Sardegna,Sardegna,1639591,2048041,124.91,0.07
5236,2021-08-16,SAR,8462,4412,4050,4551,3795,116,ITG,ITG2,20,Sardegna,Sardegna,1639591,2056503,125.43,0.52
5237,2021-05-08,SAR,13213,6000,7213,10755,2289,169,ITG,ITG2,20,Sardegna,Sardegna,1639591,2069716,126.23,0.81
5238,2021-04-21,SAR,12182,5580,6602,6478,5599,105,ITG,ITG2,20,Sardegna,Sardegna,1639591,2081898,126.98,0.74
5239,2021-01-11,SAR,1219,522,697,1218,0,1,ITG,ITG2,20,Sardegna,Sardegna,1639591,2083117,127.05,0.07
5240,2021-06-17,SAR,18466,8531,9935,9917,8428,121,ITG,ITG2,20,Sardegna,Sardegna,1639591,2101583,128.18,1.13
5241,2021-01-25,SAR,612,228,384,23,589,0,ITG,ITG2,20,Sardegna,Sardegna,1639591,2102195,128.21,0.04
5242,2021-08-24,SAR,10105,5403,4702,4812,5138,155,ITG,ITG2,20,Sardegna,Sardegna,1639591,2112300,128.83,0.62
5243,2021-05-16,SAR,8253,3838,4415,6003,2162,88,ITG,ITG2,20,Sardegna,Sardegna,1639591,2120553,129.33,0.5
5244,2021-07-12,SAR,15335,7414,7921,2400,12877,58,ITG,ITG2,20,Sardegna,Sardegna,1639591,2135888,130.27,0.94
5245,2021-09-07,SAR,9563,5084,4479,2541,6903,119,ITG,ITG2,20,Sardegna,Sardegna,1639591,2145451,130.85,0.58
5246,2021-07-05,SAR,15584,7571,8013,3327,12208,49,ITG,ITG2,20,Sardegna,Sardegna,1639591,2161035,131.8,0.95
5247,2021-08-31,SAR,9294,4956,4338,4748,4387,159,ITG,ITG2,20,Sardegna,Sardegna,1639591,2170329,132.37,0.57
5248,2021-02-05,SAR,1923,757,1166,435,1486,2,ITG,ITG2,20,Sardegna,Sardegna,1639591,2172252,132.49,0.12
5249,2021-04-03,SAR,4728,1824,2904,2671,1986,71,ITG,ITG2,20,Sardegna,Sardegna,1639591,2176980,132.78,0.29
5250,2021-05-30,SAR,9746,4842,4904,7312,2366,68,ITG,ITG2,20,Sardegna,Sardegna,1639591,2186726,133.37,0.59
5251,2021-02-19,SAR,1521,477,1044,1416,56,49,ITG,ITG2,20,Sardegna,Sardegna,1639591,2188247,133.46,0.09
5252,2021-03-27,SAR,5833,2217,3616,5310,423,100,ITG,ITG2,20,Sardegna,Sardegna,1639591,2194080,133.82,0.36
5253,2021-05-23,SAR,10036,4817,5219,7685,2255,96,ITG,ITG2,20,Sardegna,Sardegna,1639591,2204116,134.43,0.61
5254,2021-02-12,SAR,2249,938,1311,2183,60,6,ITG,ITG2,20,Sardegna,Sardegna,1639591,2206365,134.57,0.14
5255,2021-07-19,SAR,15230,7630,7600,2796,12383,51,ITG,ITG2,20,Sardegna,Sardegna,1639591,2221595,135.5,0.93
5256,2021-04-10,SAR,10605,4785,5820,8534,1962,109,ITG,ITG2,20,Sardegna,Sardegna,1639591,2232200,136.14,0.65
5257,2021-01-07,SAR,3172,1110,2062,3168,0,4,ITG,ITG2,20,Sardegna,Sardegna,1639591,2235372,136.34,0.19
5258,2021-09-18,SAR,6199,3459,2740,1669,4483,47,ITG,ITG2,20,Sardegna,Sardegna,1639591,2241571,136.72,0.38
5259,2021-06-10,SAR,17818,8481,9337,11644,6047,127,ITG,ITG2,20,Sardegna,Sardegna,1639591,2259389,137.8,1.09
5260,2021-08-06,SAR,13823,7174,6649,7988,5660,175,ITG,ITG2,20,Sardegna,Sardegna,1639591,2273212,138.65,0.84
5261,2020-12-31,SAR,41,22,19,41,0,0,ITG,ITG2,20,Sardegna,Sardegna,1639591,2273253,138.65,0.0
5262,2021-07-30,SAR,15206,7858,7348,6622,8417,167,ITG,ITG2,20,Sardegna,Sardegna,1639591,2288459,139.57,0.93
5263,2021-08-01,LOM,53144,28434,24710,27338,24267,1539,ITC,ITC4,3,Lombardia,Lombardia,10060574,53144,0.53,0.53
5264,2021-04-23,LOM,73644,33372,40272,55549,16661,1434,ITC,ITC4,3,Lombardia,Lombardia,10060574,126788,1.26,0.73
5265,2021-09-01,LOM,60217,32355,27862,30531,25955,3731,ITC,ITC4,3,Lombardia,Lombardia,10060574,187005,1.86,0.6
5266,2021-05-24,LOM,89627,43530,46097,48601,40088,938,ITC,ITC4,3,Lombardia,Lombardia,10060574,276632,2.75,0.89
5267,2021-02-11,LOM,17136,5026,12110,9636,7423,77,ITC,ITC4,3,Lombardia,Lombardia,10060574,293768,2.92,0.17
5268,2021-01-16,LOM,15649,5786,9863,15638,0,11,ITC,ITC4,3,Lombardia,Lombardia,10060574,309417,3.08,0.16
5269,2021-08-15,LOM,7000,3988,3012,2933,3884,183,ITC,ITC4,3,Lombardia,Lombardia,10060574,316417,3.15,0.07
5270,2021-03-28,LOM,20642,7883,12759,13969,6288,385,ITC,ITC4,3,Lombardia,Lombardia,10060574,337059,3.35,0.21
5271,2021-04-14,LOM,47241,21049,26192,33537,12989,715,ITC,ITC4,3,Lombardia,Lombardia,10060574,384300,3.82,0.47
5272,2021-01-04,LOM,6137,2121,4016,6130,0,7,ITC,ITC4,3,Lombardia,Lombardia,10060574,390437,3.88,0.06
5273,2021-06-19,LOM,104411,52034,52377,56224,46761,1426,ITC,ITC4,3,Lombardia,Lombardia,10060574,494848,4.92,1.04
5274,2021-07-06,LOM,102188,50889,51299,23087,77685,1416,ITC,ITC4,3,Lombardia,Lombardia,10060574,597036,5.93,1.02
5275,2021-08-06,LOM,85620,46657,38963,17807,66966,847,ITC,ITC4,3,Lombardia,Lombardia,10060574,682656,6.79,0.85
5276,2021-04-28,LOM,95814,43697,52117,66883,26957,1974,ITC,ITC4,3,Lombardia,Lombardia,10060574,778470,7.74,0.95
5277,2021-06-24,LOM,109773,56743,53030,78367,29018,2388,ITC,ITC4,3,Lombardia,Lombardia,10060574,888243,8.83,1.09
5278,2021-03-16,LOM,25544,10134,15410,16309,9113,122,ITC,ITC4,3,Lombardia,Lombardia,10060574,913787,9.08,0.25
5279,2021-05-12,LOM,87575,41780,45795,57285,27613,2677,ITC,ITC4,3,Lombardia,Lombardia,10060574,1001362,9.95,0.87
5280,2021-02-16,LOM,9529,3081,6448,8977,452,100,ITC,ITC4,3,Lombardia,Lombardia,10060574,1010891,10.05,0.09
5281,2021-06-10,LOM,102734,52273,50461,86417,14507,1810,ITC,ITC4,3,Lombardia,Lombardia,10060574,1113625,11.07,1.02
5282,2021-03-02,LOM,22843,9710,13133,19527,3049,267,ITC,ITC4,3,Lombardia,Lombardia,10060574,1136468,11.3,0.23
5283,2021-08-20,LOM,27130,15011,12119,14129,11908,1093,ITC,ITC4,3,Lombardia,Lombardia,10060574,1163598,11.57,0.27
5284,2021-07-20,LOM,95030,49096,45934,6920,87372,738,ITC,ITC4,3,Lombardia,Lombardia,10060574,1258628,12.51,0.94
5285,2021-09-15,LOM,34958,18446,16512,8134,25583,1241,ITC,ITC4,3,Lombardia,Lombardia,10060574,1293586,12.86,0.35
5286,2021-02-04,LOM,28026,8171,19855,2049,25972,5,ITC,ITC4,3,Lombardia,Lombardia,10060574,1321612,13.14,0.28
5287,2021-07-18,LOM,97108,50593,46515,8542,87872,694,ITC,ITC4,3,Lombardia,Lombardia,10060574,1418720,14.1,0.97
5288,2021-04-09,LOM,52460,22397,30063,35592,16024,844,ITC,ITC4,3,Lombardia,Lombardia,10060574,1471180,14.62,0.52
5289,2021-08-27,LOM,35742,19220,16522,18537,14625,2580,ITC,ITC4,3,Lombardia,Lombardia,10060574,1506922,14.98,0.36
5290,2021-09-13,LOM,36395,19687,16708,6361,29010,1024,ITC,ITC4,3,Lombardia,Lombardia,10060574,1543317,15.34,0.36
5291,2021-06-05,LOM,102451,52964,49487,91099,9837,1515,ITC,ITC4,3,Lombardia,Lombardia,10060574,1645768,16.36,1.02
5292,2021-03-14,LOM,14884,5350,9534,11215,3290,379,ITC,ITC4,3,Lombardia,Lombardia,10060574,1660652,16.51,0.15
5293,2021-09-08,LOM,58142,31750,26392,13518,42889,1735,ITC,ITC4,3,Lombardia,Lombardia,10060574,1718794,17.08,0.58
5294,2021-05-31,LOM,95749,47434,48315,78390,16257,1102,ITC,ITC4,3,Lombardia,Lombardia,10060574,1814543,18.04,0.95
5295,2021-07-27,LOM,104946,56848,48098,7483,96761,702,ITC,ITC4,3,Lombardia,Lombardia,10060574,1919489,19.08,1.04
5296,2021-03-26,LOM,41389,15737,25652,27506,13196,687,ITC,ITC4,3,Lombardia,Lombardia,10060574,1960878,19.49,0.41
5297,2021-05-22,LOM,70689,33871,36818,31726,38247,716,ITC,ITC4,3,Lombardia,Lombardia,10060574,2031567,20.19,0.7
5298,2021-05-29,LOM,88399,42446,45953,41397,46158,844,ITC,ITC4,3,Lombardia,Lombardia,10060574,2119966,21.07,0.88
5299,2021-02-18,LOM,14065,4931,9134,12827,1038,200,ITC,ITC4,3,Lombardia,Lombardia,10060574,2134031,21.21,0.14
5300,2021-05-10,LOM,85311,40904,44407,61464,21601,2246,ITC,ITC4,3,Lombardia,Lombardia,10060574,2219342,22.06,0.85
5301,2021-01-30,LOM,12360,4587,7773,146,12205,9,ITC,ITC4,3,Lombardia,Lombardia,10060574,2231702,22.18,0.12
5302,2021-07-08,LOM,114719,58459,56260,13223,100470,1026,ITC,ITC4,3,Lombardia,Lombardia,10060574,2346421,23.32,1.14
5303,2021-07-25,LOM,86643,45739,40904,9423,76438,782,ITC,ITC4,3,Lombardia,Lombardia,10060574,2433064,24.18,0.86
5304,2021-04-16,LOM,53733,23938,29795,38415,14400,918,ITC,ITC4,3,Lombardia,Lombardia,10060574,2486797,24.72,0.53
5305,2021-05-03,LOM,83747,39781,43966,69436,12147,2164,ITC,ITC4,3,Lombardia,Lombardia,10060574,2570544,25.55,0.83
5306,2021-01-23,LOM,1127,361,766,925,199,3,ITC,ITC4,3,Lombardia,Lombardia,10060574,2571671,25.56,0.01
5307,2021-06-17,LOM,108678,52755,55923,50197,57299,1182,ITC,ITC4,3,Lombardia,Lombardia,10060574,2680349,26.64,1.08
5308,2021-03-09,LOM,33270,12882,20388,25247,7424,599,ITC,ITC4,3,Lombardia,Lombardia,10060574,2713619,26.97,0.33
5309,2021-08-13,LOM,53457,29607,23850,20525,31665,1267,ITC,ITC4,3,Lombardia,Lombardia,10060574,2767076,27.5,0.53
5310,2021-05-05,LOM,88136,42013,46123,70410,15377,2349,ITC,ITC4,3,Lombardia,Lombardia,10060574,2855212,28.38,0.88
5311,2021-07-01,LOM,105144,52895,52249,53328,49412,2404,ITC,ITC4,3,Lombardia,Lombardia,10060574,2960356,29.43,1.05
5312,2020-12-28,LOM,108,47,61,108,0,0,ITC,ITC4,3,Lombardia,Lombardia,10060574,2960464,29.43,0.0
5313,2021-04-21,LOM,71889,32584,39305,55817,14702,1370,ITC,ITC4,3,Lombardia,Lombardia,10060574,3032353,30.14,0.71
5314,2021-01-11,LOM,16317,5396,10921,16307,0,10,ITC,ITC4,3,Lombardia,Lombardia,10060574,3048670,30.3,0.16
5315,2021-01-28,LOM,12282,3723,8559,795,11480,7,ITC,ITC4,3,Lombardia,Lombardia,10060574,3060952,30.43,0.12
5316,2021-09-03,LOM,52927,28451,24476,22719,27559,2649,ITC,ITC4,3,Lombardia,Lombardia,10060574,3113879,30.95,0.53
5317,2021-01-09,LOM,12512,4614,7898,12504,0,8,ITC,ITC4,3,Lombardia,Lombardia,10060574,3126391,31.08,0.12
5318,2021-03-07,LOM,12100,5366,6734,9340,2563,197,ITC,ITC4,3,Lombardia,Lombardia,10060574,3138491,31.2,0.12
5319,2021-01-27,LOM,8074,2689,5385,807,7265,2,ITC,ITC4,3,Lombardia,Lombardia,10060574,3146565,31.28,0.08
5320,2021-07-03,LOM,102520,51724,50796,44535,55872,2113,ITC,ITC4,3,Lombardia,Lombardia,10060574,3249085,32.3,1.02
5321,2021-03-25,LOM,43058,16101,26957,29251,12883,924,ITC,ITC4,3,Lombardia,Lombardia,10060574,3292143,32.72,0.43
5322,2021-07-29,LOM,74437,40434,34003,33777,38703,1957,ITC,ITC4,3,Lombardia,Lombardia,10060574,3366580,33.46,0.74
5323,2021-07-13,LOM,108721,56844,51877,15456,92031,1234,ITC,ITC4,3,Lombardia,Lombardia,10060574,3475301,34.54,1.08
5324,2021-04-04,LOM,7615,3232,4383,3682,3899,34,ITC,ITC4,3,Lombardia,Lombardia,10060574,3482916,34.62,0.08
5325,2021-04-02,LOM,41419,16954,24465,26208,14651,560,ITC,ITC4,3,Lombardia,Lombardia,10060574,3524335,35.03,0.41
5326,2021-02-23,LOM,11835,4807,7028,11292,332,211,ITC,ITC4,3,Lombardia,Lombardia,10060574,3536170,35.15,0.12
5327,2021-08-08,LOM,58844,31958,26886,16681,41367,796,ITC,ITC4,3,Lombardia,Lombardia,10060574,3595014,35.73,0.58
5328,2021-06-12,LOM,89332,48068,41264,84303,3181,1848,ITC,ITC4,3,Lombardia,Lombardia,10060574,3684346,36.62,0.89
5329,2021-06-29,LOM,107326,53219,54107,57423,47893,2010,ITC,ITC4,3,Lombardia,Lombardia,10060574,3791672,37.69,1.07
5330,2021-03-21,LOM,23524,8499,15025,17721,5198,605,ITC,ITC4,3,Lombardia,Lombardia,10060574,3815196,37.92,0.23
5331,2021-02-13,LOM,6427,2445,3982,4887,1479,61,ITC,ITC4,3,Lombardia,Lombardia,10060574,3821623,37.99,0.06
5332,2021-07-17,LOM,108507,57295,51212,10220,97360,927,ITC,ITC4,3,Lombardia,Lombardia,10060574,3930130,39.06,1.08
5333,2021-01-13,LOM,26493,8103,18390,26468,0,25,ITC,ITC4,3,Lombardia,Lombardia,10060574,3956623,39.33,0.26
5334,2021-09-12,LOM,26940,14514,12426,8977,16760,1203,ITC,ITC4,3,Lombardia,Lombardia,10060574,3983563,39.6,0.27
5335,2021-06-21,LOM,113403,58094,55309,78197,33029,2177,ITC,ITC4,3,Lombardia,Lombardia,10060574,4096966,40.72,1.13
5336,2021-09-10,LOM,52655,28279,24376,11426,39451,1778,ITC,ITC4,3,Lombardia,Lombardia,10060574,4149621,41.25,0.52
5337,2021-06-02,LOM,84716,43617,41099,76983,6408,1325,ITC,ITC4,3,Lombardia,Lombardia,10060574,4234337,42.09,0.84
5338,2021-03-11,LOM,36283,13507,22776,25636,9959,688,ITC,ITC4,3,Lombardia,Lombardia,10060574,4270620,42.45,0.36
5339,2021-08-03,LOM,85830,46537,39293,13485,71623,722,ITC,ITC4,3,Lombardia,Lombardia,10060574,4356450,43.3,0.85
5340,2021-04-25,LOM,51621,23666,27955,45522,4843,1256,ITC,ITC4,3,Lombardia,Lombardia,10060574,4408071,43.82,0.51
5341,2021-06-28,LOM,108100,55067,53033,74289,31195,2616,ITC,ITC4,3,Lombardia,Lombardia,10060574,4516171,44.89,1.07
5342,2021-07-15,LOM,109397,56281,53116,13380,94827,1190,ITC,ITC4,3,Lombardia,Lombardia,10060574,4625568,45.98,1.09
5343,2021-04-06,LOM,43107,17600,25507,24447,17962,698,ITC,ITC4,3,Lombardia,Lombardia,10060574,4668675,46.41,0.43
5344,2021-08-29,LOM,25190,13530,11660,12729,11159,1302,ITC,ITC4,3,Lombardia,Lombardia,10060574,4693865,46.66,0.25
5345,2021-05-21,LOM,93936,45282,48654,28390,64785,761,ITC,ITC4,3,Lombardia,Lombardia,10060574,4787801,47.59,0.93
5346,2021-05-07,LOM,92484,43754,48730,67906,22501,2077,ITC,ITC4,3,Lombardia,Lombardia,10060574,4880285,48.51,0.92
5347,2021-09-05,LOM,33251,18026,15225,12428,19466,1357,ITC,ITC4,3,Lombardia,Lombardia,10060574,4913536,48.84,0.33
5348,2021-09-19,LOM,12725,6890,5835,4107,8210,408,ITC,ITC4,3,Lombardia,Lombardia,10060574,4926261,48.97,0.13
5349,2021-03-04,LOM,29377,12136,17241,20065,9088,224,ITC,ITC4,3,Lombardia,Lombardia,10060574,4955638,49.26,0.29
5350,2021-08-25,LOM,44517,24042,20475,21655,19754,3108,ITC,ITC4,3,Lombardia,Lombardia,10060574,5000155,49.7,0.44
5351,2021-05-17,LOM,94697,45376,49321,29504,64444,749,ITC,ITC4,3,Lombardia,Lombardia,10060574,5094852,50.64,0.94
5352,2021-05-19,LOM,83308,39788,43520,33120,49377,811,ITC,ITC4,3,Lombardia,Lombardia,10060574,5178160,51.47,0.83
5353,2021-02-08,LOM,10137,2937,7200,2125,8004,8,ITC,ITC4,3,Lombardia,Lombardia,10060574,5188297,51.57,0.1
5354,2021-02-25,LOM,15361,6371,8990,13535,1624,202,ITC,ITC4,3,Lombardia,Lombardia,10060574,5203658,51.72,0.15
5355,2021-08-12,LOM,56902,31255,25647,22000,33525,1377,ITC,ITC4,3,Lombardia,Lombardia,10060574,5260560,52.29,0.57
5356,2021-04-11,LOM,32234,13949,18285,24321,7398,515,ITC,ITC4,3,Lombardia,Lombardia,10060574,5292794,52.61,0.32
5357,2021-01-01,LOM,24,7,17,24,0,0,ITC,ITC4,3,Lombardia,Lombardia,10060574,5292818,52.61,0.0
5358,2021-06-07,LOM,99047,50447,48600,84029,13389,1629,ITC,ITC4,3,Lombardia,Lombardia,10060574,5391865,53.59,0.98
5359,2021-02-27,LOM,13955,5876,8079,13154,645,156,ITC,ITC4,3,Lombardia,Lombardia,10060574,5405820,53.73,0.14
5360,2020-12-30,LOM,115,42,73,115,0,0,ITC,ITC4,3,Lombardia,Lombardia,10060574,5405935,53.73,0.0
5361,2021-03-30,LOM,39754,15643,24111,24261,14874,619,ITC,ITC4,3,Lombardia,Lombardia,10060574,5445689,54.13,0.4
5362,2021-01-06,LOM,7169,2532,4637,7163,0,6,ITC,ITC4,3,Lombardia,Lombardia,10060574,5452858,54.2,0.07
5363,2021-02-06,LOM,15312,5556,9756,1014,14293,5,ITC,ITC4,3,Lombardia,Lombardia,10060574,5468170,54.35,0.15
5364,2021-07-24,LOM,95878,50656,45222,9740,85280,858,ITC,ITC4,3,Lombardia,Lombardia,10060574,5564048,55.31,0.95
5365,2021-08-10,LOM,61480,33270,28210,18716,41699,1065,ITC,ITC4,3,Lombardia,Lombardia,10060574,5625528,55.92,0.61
5366,2021-05-02,LOM,83539,38348,45191,59220,22484,1835,ITC,ITC4,3,Lombardia,Lombardia,10060574,5709067,56.75,0.83
5367,2021-07-22,LOM,99406,52038,47368,12507,85447,1452,ITC,ITC4,3,Lombardia,Lombardia,10060574,5808473,57.74,0.99
5368,2021-04-13,LOM,47700,21290,26410,32927,14114,659,ITC,ITC4,3,Lombardia,Lombardia,10060574,5856173,58.21,0.47
5369,2021-06-30,LOM,107016,53014,54002,56571,48319,2126,ITC,ITC4,3,Lombardia,Lombardia,10060574,5963189,59.27,1.06
5370,2021-03-22,LOM,40376,14319,26057,28952,10580,844,ITC,ITC4,3,Lombardia,Lombardia,10060574,6003565,59.67,0.4
5371,2021-04-08,LOM,52479,21802,30677,35306,16501,672,ITC,ITC4,3,Lombardia,Lombardia,10060574,6056044,60.2,0.52
5372,2020-12-29,LOM,106,45,61,106,0,0,ITC,ITC4,3,Lombardia,Lombardia,10060574,6056150,60.2,0.0
5373,2021-07-14,LOM,109453,56862,52591,14354,93691,1408,ITC,ITC4,3,Lombardia,Lombardia,10060574,6165603,61.28,1.09
5374,2021-07-31,LOM,71111,38776,32335,36364,32723,2024,ITC,ITC4,3,Lombardia,Lombardia,10060574,6236714,61.99,0.71
5375,2021-04-22,LOM,74077,33447,40630,56216,16449,1412,ITC,ITC4,3,Lombardia,Lombardia,10060574,6310791,62.73,0.74
5376,2021-03-03,LOM,27031,11533,15498,19491,7319,221,ITC,ITC4,3,Lombardia,Lombardia,10060574,6337822,63.0,0.27
5377,2021-06-14,LOM,94892,48212,46680,49129,44644,1119,ITC,ITC4,3,Lombardia,Lombardia,10060574,6432714,63.94,0.94
5378,2021-08-17,LOM,33272,18413,14859,17411,14677,1184,ITC,ITC4,3,Lombardia,Lombardia,10060574,6465986,64.27,0.33
5379,2021-05-26,LOM,93792,44687,49105,42746,50155,891,ITC,ITC4,3,Lombardia,Lombardia,10060574,6559778,65.2,0.93
5380,2021-02-15,LOM,9064,3172,5892,8406,486,172,ITC,ITC4,3,Lombardia,Lombardia,10060574,6568842,65.29,0.09
5381,2021-06-16,LOM,99388,50489,48899,49852,48380,1156,ITC,ITC4,3,Lombardia,Lombardia,10060574,6668230,66.28,0.99
5382,2021-03-06,LOM,21364,9109,12255,16541,4519,304,ITC,ITC4,3,Lombardia,Lombardia,10060574,6689594,66.49,0.21
5383,2021-09-17,LOM,30338,16345,13993,9625,19443,1270,ITC,ITC4,3,Lombardia,Lombardia,10060574,6719932,66.79,0.3
5384,2021-06-09,LOM,103751,52257,51494,87429,14592,1730,ITC,ITC4,3,Lombardia,Lombardia,10060574,6823683,67.83,1.03
5385,2021-03-18,LOM,27470,10984,16486,15939,11304,227,ITC,ITC4,3,Lombardia,Lombardia,10060574,6851153,68.1,0.27
5386,2021-08-22,LOM,18209,10166,8043,7600,10066,543,ITC,ITC4,3,Lombardia,Lombardia,10060574,6869362,68.28,0.18
5387,2021-05-14,LOM,86053,41440,44613,53161,30371,2521,ITC,ITC4,3,Lombardia,Lombardia,10060574,6955415,69.14,0.86
5388,2021-07-10,LOM,107279,54309,52970,13914,92182,1183,ITC,ITC4,3,Lombardia,Lombardia,10060574,7062694,70.2,1.07
5389,2021-02-20,LOM,9376,3876,5500,8846,333,197,ITC,ITC4,3,Lombardia,Lombardia,10060574,7072070,70.29,0.09
5390,2021-04-18,LOM,36440,16241,20199,30524,5248,668,ITC,ITC4,3,Lombardia,Lombardia,10060574,7108510,70.66,0.36
5391,2021-01-08,LOM,12756,3941,8815,12745,0,11,ITC,ITC4,3,Lombardia,Lombardia,10060574,7121266,70.78,0.13
5392,2021-04-30,LOM,117555,54900,62655,87205,27687,2663,ITC,ITC4,3,Lombardia,Lombardia,10060574,7238821,71.95,1.17
5393,2021-01-20,LOM,5717,1393,4324,5597,115,5,ITC,ITC4,3,Lombardia,Lombardia,10060574,7244538,72.01,0.06
5394,2021-01-22,LOM,3199,885,2314,3125,69,5,ITC,ITC4,3,Lombardia,Lombardia,10060574,7247737,72.04,0.03
5395,2021-08-26,LOM,38682,20777,17905,20337,15549,2796,ITC,ITC4,3,Lombardia,Lombardia,10060574,7286419,72.43,0.38
5396,2021-05-18,LOM,88258,42182,46076,31856,55599,803,ITC,ITC4,3,Lombardia,Lombardia,10060574,7374677,73.3,0.88
5397,2021-06-04,LOM,104658,54323,50335,93198,9668,1792,ITC,ITC4,3,Lombardia,Lombardia,10060574,7479335,74.34,1.04
5398,2021-02-24,LOM,14728,5961,8767,13575,958,195,ITC,ITC4,3,Lombardia,Lombardia,10060574,7494063,74.49,0.15
5399,2021-05-16,LOM,68741,32518,36223,35548,32235,958,ITC,ITC4,3,Lombardia,Lombardia,10060574,7562804,75.17,0.68
5400,2021-02-05,LOM,25793,7495,18298,2430,23351,12,ITC,ITC4,3,Lombardia,Lombardia,10060574,7588597,75.43,0.26
5401,2021-02-22,LOM,11955,4824,7131,11445,310,200,ITC,ITC4,3,Lombardia,Lombardia,10060574,7600552,75.55,0.12
5402,2021-03-08,LOM,29830,11214,18616,22164,7131,535,ITC,ITC4,3,Lombardia,Lombardia,10060574,7630382,75.84,0.3
5403,2021-05-04,LOM,86887,41099,45788,70254,14428,2205,ITC,ITC4,3,Lombardia,Lombardia,10060574,7717269,76.71,0.86
5404,2021-01-24,LOM,1202,458,744,538,664,0,ITC,ITC4,3,Lombardia,Lombardia,10060574,7718471,76.72,0.01
5405,2021-08-21,LOM,21330,11878,9452,9485,11072,773,ITC,ITC4,3,Lombardia,Lombardia,10060574,7739801,76.93,0.21
5406,2021-08-19,LOM,28972,15936,13036,14774,13075,1123,ITC,ITC4,3,Lombardia,Lombardia,10060574,7768773,77.22,0.29
5407,2021-05-11,LOM,86950,41458,45492,58209,26258,2483,ITC,ITC4,3,Lombardia,Lombardia,10060574,7855723,78.08,0.86
5408,2021-09-02,LOM,56473,30558,25915,25770,27705,2998,ITC,ITC4,3,Lombardia,Lombardia,10060574,7912196,78.65,0.56
5409,2021-05-28,LOM,93713,44883,48830,42036,50764,913,ITC,ITC4,3,Lombardia,Lombardia,10060574,8005909,79.58,0.93
5410,2021-02-17,LOM,12040,3779,8261,10450,1392,198,ITC,ITC4,3,Lombardia,Lombardia,10060574,8017949,79.7,0.12
5411,2021-06-11,LOM,101539,51718,49821,84938,14702,1899,ITC,ITC4,3,Lombardia,Lombardia,10060574,8119488,80.71,1.01
5412,2021-08-05,LOM,90305,49275,41030,15759,73758,788,ITC,ITC4,3,Lombardia,Lombardia,10060574,8209793,81.6,0.9
5413,2021-01-15,LOM,25296,7459,17837,25244,0,52,ITC,ITC4,3,Lombardia,Lombardia,10060574,8235089,81.86,0.25
5414,2021-08-07,LOM,79730,43278,36452,16075,62847,808,ITC,ITC4,3,Lombardia,Lombardia,10060574,8314819,82.65,0.79
5415,2021-04-29,LOM,115671,53643,62028,83084,29932,2655,ITC,ITC4,3,Lombardia,Lombardia,10060574,8430490,83.8,1.15
5416,2021-06-25,LOM,108338,56258,52080,78354,27672,2312,ITC,ITC4,3,Lombardia,Lombardia,10060574,8538828,84.87,1.08
5417,2021-06-26,LOM,105935,55459,50476,77783,25746,2406,ITC,ITC4,3,Lombardia,Lombardia,10060574,8644763,85.93,1.05
5418,2021-02-10,LOM,14462,4528,9934,7567,6866,29,ITC,ITC4,3,Lombardia,Lombardia,10060574,8659225,86.07,0.14
5419,2021-09-09,LOM,56632,31088,25544,11923,43091,1618,ITC,ITC4,3,Lombardia,Lombardia,10060574,8715857,86.63,0.56
5420,2021-03-20,LOM,32616,12174,20442,22241,9861,514,ITC,ITC4,3,Lombardia,Lombardia,10060574,8748473,86.96,0.32
5421,2020-12-27,LOM,718,414,304,718,0,0,ITC,ITC4,3,Lombardia,Lombardia,10060574,8749191,86.97,0.01
5422,2021-07-07,LOM,112069,56177,55892,17998,92909,1162,ITC,ITC4,3,Lombardia,Lombardia,10060574,8861260,88.08,1.11
5423,2021-04-15,LOM,49488,21873,27615,34888,13841,759,ITC,ITC4,3,Lombardia,Lombardia,10060574,8910748,88.57,0.49
5424,2021-01-05,LOM,7879,2585,5294,7873,0,6,ITC,ITC4,3,Lombardia,Lombardia,10060574,8918627,88.65,0.08
5425,2021-03-27,LOM,32536,12418,20118,23118,8777,641,ITC,ITC4,3,Lombardia,Lombardia,10060574,8951163,88.97,0.32
5426,2021-03-13,LOM,27237,9795,17442,20555,6123,559,ITC,ITC4,3,Lombardia,Lombardia,10060574,8978400,89.24,0.27
5427,2021-09-14,LOM,36891,19795,17096,7497,28248,1146,ITC,ITC4,3,Lombardia,Lombardia,10060574,9015291,89.61,0.37
5428,2021-06-18,LOM,107734,52913,54821,51780,54710,1244,ITC,ITC4,3,Lombardia,Lombardia,10060574,9123025,90.68,1.07
5429,2021-08-14,LOM,26545,14887,11658,11130,14861,554,ITC,ITC4,3,Lombardia,Lombardia,10060574,9149570,90.94,0.26
5430,2021-03-01,LOM,18800,8236,10564,16887,1708,205,ITC,ITC4,3,Lombardia,Lombardia,10060574,9168370,91.13,0.19
5431,2021-04-05,LOM,27391,11698,15693,19025,8111,255,ITC,ITC4,3,Lombardia,Lombardia,10060574,9195761,91.4,0.27
5432,2021-02-03,LOM,25741,7959,17782,1078,24658,5,ITC,ITC4,3,Lombardia,Lombardia,10060574,9221502,91.66,0.26
5433,2021-04-01,LOM,43204,17324,25880,26086,16403,715,ITC,ITC4,3,Lombardia,Lombardia,10060574,9264706,92.09,0.43
5434,2021-09-16,LOM,30022,15989,14033,7816,20988,1218,ITC,ITC4,3,Lombardia,Lombardia,10060574,9294728,92.39,0.3
5435,2021-08-02,LOM,83643,45309,38334,18335,64397,911,ITC,ITC4,3,Lombardia,Lombardia,10060574,9378371,93.22,0.83
5436,2021-05-09,LOM,69732,32895,36837,54424,13285,2023,ITC,ITC4,3,Lombardia,Lombardia,10060574,9448103,93.91,0.69
5437,2021-01-29,LOM,13553,4150,9403,687,12863,3,ITC,ITC4,3,Lombardia,Lombardia,10060574,9461656,94.05,0.13
5438,2021-08-23,LOM,57489,31498,25991,23770,30431,3288,ITC,ITC4,3,Lombardia,Lombardia,10060574,9519145,94.62,0.57
5439,2021-05-15,LOM,80997,38809,42188,45385,33451,2161,ITC,ITC4,3,Lombardia,Lombardia,10060574,9600142,95.42,0.81
5440,2021-07-11,LOM,90348,45709,44639,11766,77524,1058,ITC,ITC4,3,Lombardia,Lombardia,10060574,9690490,96.32,0.9
5441,2021-05-13,LOM,87237,41798,45439,55590,28906,2741,ITC,ITC4,3,Lombardia,Lombardia,10060574,9777727,97.19,0.87
5442,2021-02-02,LOM,20014,6650,13364,497,19514,3,ITC,ITC4,3,Lombardia,Lombardia,10060574,9797741,97.39,0.2
5443,2021-06-01,LOM,94051,46133,47918,75803,17134,1114,ITC,ITC4,3,Lombardia,Lombardia,10060574,9891792,98.32,0.93
5444,2021-01-02,LOM,202,74,128,202,0,0,ITC,ITC4,3,Lombardia,Lombardia,10060574,9891994,98.32,0.0
5445,2021-06-08,LOM,102960,52320,50640,87171,14106,1683,ITC,ITC4,3,Lombardia,Lombardia,10060574,9994954,99.35,1.02
5446,2021-02-28,LOM,7886,3256,4630,7604,210,72,ITC,ITC4,3,Lombardia,Lombardia,10060574,10002840,99.43,0.08
5447,2021-08-04,LOM,90175,48833,41342,14482,75034,659,ITC,ITC4,3,Lombardia,Lombardia,10060574,10093015,100.32,0.9
5448,2021-04-26,LOM,88033,40950,47083,67037,19171,1825,ITC,ITC4,3,Lombardia,Lombardia,10060574,10181048,101.2,0.88
5449,2021-01-03,LOM,857,316,541,856,0,1,ITC,ITC4,3,Lombardia,Lombardia,10060574,10181905,101.21,0.01
5450,2021-06-22,LOM,111266,58112,53154,79174,29965,2127,ITC,ITC4,3,Lombardia,Lombardia,10060574,10293171,102.31,1.11
5451,2021-08-18,LOM,30908,17055,13853,17895,11646,1367,ITC,ITC4,3,Lombardia,Lombardia,10060574,10324079,102.62,0.31
5452,2021-01-31,LOM,9828,3815,6013,29,9799,0,ITC,ITC4,3,Lombardia,Lombardia,10060574,10333907,102.72,0.1
5453,2021-05-25,LOM,91231,43649,47582,43859,46548,824,ITC,ITC4,3,Lombardia,Lombardia,10060574,10425138,103.62,0.91
5454,2021-02-14,LOM,3586,1547,2039,2934,637,15,ITC,ITC4,3,Lombardia,Lombardia,10060574,10428724,103.66,0.04
5455,2021-01-12,LOM,20341,6746,13595,20310,0,31,ITC,ITC4,3,Lombardia,Lombardia,10060574,10449065,103.86,0.2
5456,2021-07-23,LOM,95535,50071,45464,11433,82846,1256,ITC,ITC4,3,Lombardia,Lombardia,10060574,10544600,104.81,0.95
5457,2021-08-09,LOM,68987,37026,31961,18639,49301,1047,ITC,ITC4,3,Lombardia,Lombardia,10060574,10613587,105.5,0.69
5458,2021-05-01,LOM,96111,43736,52375,65014,29334,1763,ITC,ITC4,3,Lombardia,Lombardia,10060574,10709698,106.45,0.96
5459,2021-01-21,LOM,5533,1612,3921,4823,695,15,ITC,ITC4,3,Lombardia,Lombardia,10060574,10715231,106.51,0.05
5460,2021-02-07,LOM,7322,2831,4491,335,6984,3,ITC,ITC4,3,Lombardia,Lombardia,10060574,10722553,106.58,0.07
5461,2021-01-19,LOM,8065,2333,5732,7580,471,14,ITC,ITC4,3,Lombardia,Lombardia,10060574,10730618,106.66,0.08
5462,2021-04-20,LOM,67718,30852,36866,55895,10363,1460,ITC,ITC4,3,Lombardia,Lombardia,10060574,10798336,107.33,0.67
5463,2021-01-10,LOM,10555,3982,6573,10547,0,8,ITC,ITC4,3,Lombardia,Lombardia,10060574,10808891,107.44,0.1
5464,2021-01-17,LOM,8361,3351,5010,8154,201,6,ITC,ITC4,3,Lombardia,Lombardia,10060574,10817252,107.52,0.08
5465,2021-06-23,LOM,111087,57465,53622,76633,32311,2143,ITC,ITC4,3,Lombardia,Lombardia,10060574,10928339,108.63,1.1
5466,2021-03-15,LOM,31639,11362,20277,22426,8586,627,ITC,ITC4,3,Lombardia,Lombardia,10060574,10959978,108.94,0.31
5467,2021-06-13,LOM,76005,40567,35438,72281,2132,1592,ITC,ITC4,3,Lombardia,Lombardia,10060574,11035983,109.7,0.76
5468,2021-03-05,LOM,29007,11972,17035,20253,8447,307,ITC,ITC4,3,Lombardia,Lombardia,10060574,11064990,109.98,0.29
5469,2021-06-27,LOM,90953,46821,44132,69773,18877,2303,ITC,ITC4,3,Lombardia,Lombardia,10060574,11155943,110.89,0.9
5470,2021-03-19,LOM,32515,12954,19561,18919,13272,324,ITC,ITC4,3,Lombardia,Lombardia,10060574,11188458,111.21,0.32
5471,2021-03-31,LOM,42282,17153,25129,26201,15391,690,ITC,ITC4,3,Lombardia,Lombardia,10060574,11230740,111.63,0.42
5472,2021-03-10,LOM,33373,12762,20611,24851,7913,609,ITC,ITC4,3,Lombardia,Lombardia,10060574,11264113,111.96,0.33
5473,2021-05-06,LOM,89959,42234,47725,70957,16585,2417,ITC,ITC4,3,Lombardia,Lombardia,10060574,11354072,112.86,0.89
5474,2021-01-26,LOM,8397,2720,5677,348,8048,1,ITC,ITC4,3,Lombardia,Lombardia,10060574,11362469,112.94,0.08
5475,2021-07-09,LOM,115795,59020,56775,11738,103170,887,ITC,ITC4,3,Lombardia,Lombardia,10060574,11478264,114.09,1.15
5476,2021-06-03,LOM,97205,49744,47461,84611,10922,1672,ITC,ITC4,3,Lombardia,Lombardia,10060574,11575469,115.06,0.97
5477,2021-06-20,LOM,89050,44374,44676,52792,35015,1243,ITC,ITC4,3,Lombardia,Lombardia,10060574,11664519,115.94,0.89
5478,2021-03-12,LOM,35342,12991,22351,24460,10261,621,ITC,ITC4,3,Lombardia,Lombardia,10060574,11699861,116.29,0.35
5479,2021-03-29,LOM,40094,15567,24527,24548,14867,679,ITC,ITC4,3,Lombardia,Lombardia,10060574,11739955,116.69,0.4
5480,2021-07-21,LOM,94013,48498,45515,8613,84535,865,ITC,ITC4,3,Lombardia,Lombardia,10060574,11833968,117.63,0.93
5481,2021-04-12,LOM,47362,20627,26735,32292,14419,651,ITC,ITC4,3,Lombardia,Lombardia,10060574,11881330,118.1,0.47
5482,2021-02-21,LOM,5055,1864,3191,4940,17,98,ITC,ITC4,3,Lombardia,Lombardia,10060574,11886385,118.15,0.05
5483,2021-07-28,LOM,77458,41729,35729,19115,56591,1752,ITC,ITC4,3,Lombardia,Lombardia,10060574,11963843,118.92,0.77
5484,2021-04-19,LOM,60407,27489,32918,49679,9422,1306,ITC,ITC4,3,Lombardia,Lombardia,10060574,12024250,119.52,0.6
5485,2021-04-27,LOM,86113,40012,46101,67632,16613,1868,ITC,ITC4,3,Lombardia,Lombardia,10060574,12110363,120.37,0.86
5486,2021-09-06,LOM,56271,30327,25944,16511,37730,2030,ITC,ITC4,3,Lombardia,Lombardia,10060574,12166634,120.93,0.56
5487,2021-03-17,LOM,26349,10531,15818,15140,11048,161,ITC,ITC4,3,Lombardia,Lombardia,10060574,12192983,121.2,0.26
5488,2021-08-11,LOM,61390,33591,27799,22461,37582,1347,ITC,ITC4,3,Lombardia,Lombardia,10060574,12254373,121.81,0.61
5489,2021-08-28,LOM,35013,19244,15769,17765,15043,2205,ITC,ITC4,3,Lombardia,Lombardia,10060574,12289386,122.15,0.35
5490,2021-09-04,LOM,45602,24703,20899,20522,22546,2534,ITC,ITC4,3,Lombardia,Lombardia,10060574,12334988,122.61,0.45
5491,2021-05-27,LOM,95028,45510,49518,40620,53617,791,ITC,ITC4,3,Lombardia,Lombardia,10060574,12430016,123.55,0.94
5492,2021-04-24,LOM,75879,33627,42252,53415,21171,1293,ITC,ITC4,3,Lombardia,Lombardia,10060574,12505895,124.31,0.75
5493,2021-01-14,LOM,26982,7825,19157,26930,0,52,ITC,ITC4,3,Lombardia,Lombardia,10060574,12532877,124.57,0.27
5494,2021-08-16,LOM,39040,21106,17934,16891,21099,1050,ITC,ITC4,3,Lombardia,Lombardia,10060574,12571917,124.96,0.39
5495,2021-05-08,LOM,87866,40790,47076,63421,22146,2299,ITC,ITC4,3,Lombardia,Lombardia,10060574,12659783,125.84,0.87
5496,2021-09-11,LOM,41123,22333,18790,13294,25970,1859,ITC,ITC4,3,Lombardia,Lombardia,10060574,12700906,126.24,0.41
5497,2021-06-15,LOM,96086,48901,47185,49020,46009,1057,ITC,ITC4,3,Lombardia,Lombardia,10060574,12796992,127.2,0.96
5498,2021-07-04,LOM,86774,43402,43372,40189,44625,1960,ITC,ITC4,3,Lombardia,Lombardia,10060574,12883766,128.06,0.86
5499,2021-08-30,LOM,71230,37842,33388,43169,22408,5653,ITC,ITC4,3,Lombardia,Lombardia,10060574,12954996,128.77,0.71
5500,2021-07-02,LOM,104043,52145,51898,48868,52972,2203,ITC,ITC4,3,Lombardia,Lombardia,10060574,13059039,129.8,1.03
5501,2021-03-24,LOM,43456,15695,27761,30478,12076,902,ITC,ITC4,3,Lombardia,Lombardia,10060574,13102495,130.24,0.43
5502,2021-05-20,LOM,95621,46245,49376,31718,63087,816,ITC,ITC4,3,Lombardia,Lombardia,10060574,13198116,131.19,0.95
5503,2021-07-16,LOM,108926,56713,52213,11136,96627,1163,ITC,ITC4,3,Lombardia,Lombardia,10060574,13307042,132.27,1.08
5504,2021-04-07,LOM,50662,20953,29709,34084,15866,712,ITC,ITC4,3,Lombardia,Lombardia,10060574,13357704,132.77,0.5
5505,2021-02-09,LOM,12234,3338,8896,4027,8193,14,ITC,ITC4,3,Lombardia,Lombardia,10060574,13369938,132.89,0.12
5506,2021-01-18,LOM,9269,2992,6277,8279,975,15,ITC,ITC4,3,Lombardia,Lombardia,10060574,13379207,132.99,0.09
5507,2021-03-23,LOM,42650,15498,27152,28863,12914,873,ITC,ITC4,3,Lombardia,Lombardia,10060574,13421857,133.41,0.42
5508,2021-08-24,LOM,47540,25869,21671,24445,19457,3638,ITC,ITC4,3,Lombardia,Lombardia,10060574,13469397,133.88,0.47
5509,2021-01-25,LOM,7131,2401,4730,515,6613,3,ITC,ITC4,3,Lombardia,Lombardia,10060574,13476528,133.95,0.07
5510,2021-02-01,LOM,16133,5343,10790,307,15824,2,ITC,ITC4,3,Lombardia,Lombardia,10060574,13492661,134.11,0.16
5511,2021-07-05,LOM,101939,49794,52145,31495,68553,1891,ITC,ITC4,3,Lombardia,Lombardia,10060574,13594600,135.13,1.01
5512,2021-08-31,LOM,62825,33491,29334,36688,21585,4552,ITC,ITC4,3,Lombardia,Lombardia,10060574,13657425,135.75,0.62
5513,2021-07-12,LOM,111894,57515,54379,14805,95950,1139,ITC,ITC4,3,Lombardia,Lombardia,10060574,13769319,136.86,1.11
5514,2021-04-03,LOM,36343,14903,21440,25787,10170,386,ITC,ITC4,3,Lombardia,Lombardia,10060574,13805662,137.23,0.36
5515,2021-09-07,LOM,60954,33281,27673,15572,43321,2061,ITC,ITC4,3,Lombardia,Lombardia,10060574,13866616,137.83,0.61
5516,2021-05-30,LOM,74431,35617,38814,33795,40017,619,ITC,ITC4,3,Lombardia,Lombardia,10060574,13941047,138.57,0.74
5517,2021-07-26,LOM,109617,58921,50696,7712,101150,755,ITC,ITC4,3,Lombardia,Lombardia,10060574,14050664,139.66,1.09
5518,2021-05-23,LOM,60825,28967,31858,26296,34016,513,ITC,ITC4,3,Lombardia,Lombardia,10060574,14111489,140.27,0.6
5519,2021-02-12,LOM,14028,4389,9639,8887,4982,159,ITC,ITC4,3,Lombardia,Lombardia,10060574,14125517,140.4,0.14
5520,2021-07-19,LOM,96927,50319,46608,10803,85044,1080,ITC,ITC4,3,Lombardia,Lombardia,10060574,14222444,141.37,0.96
5521,2021-04-10,LOM,52825,21878,30947,40097,11977,751,ITC,ITC4,3,Lombardia,Lombardia,10060574,14275269,141.89,0.53
5522,2021-06-06,LOM,90136,46351,43785,79533,9222,1381,ITC,ITC4,3,Lombardia,Lombardia,10060574,14365405,142.79,0.9
5523,2021-01-07,LOM,11814,3657,8157,11773,0,41,ITC,ITC4,3,Lombardia,Lombardia,10060574,14377219,142.91,0.12
5524,2021-09-18,LOM,34266,18828,15438,12796,19996,1474,ITC,ITC4,3,Lombardia,Lombardia,10060574,14411485,143.25,0.34
5525,2021-02-19,LOM,14232,5403,8829,13328,727,177,ITC,ITC4,3,Lombardia,Lombardia,10060574,14425717,143.39,0.14
5526,2021-04-17,LOM,48589,21330,27259,36982,10880,727,ITC,ITC4,3,Lombardia,Lombardia,10060574,14474306,143.87,0.48
5527,2021-02-26,LOM,18447,7572,10875,16329,1909,209,ITC,ITC4,3,Lombardia,Lombardia,10060574,14492753,144.05,0.18
5528,2021-07-30,LOM,73311,39806,33505,35095,36097,2119,ITC,ITC4,3,Lombardia,Lombardia,10060574,14566064,144.78,0.73
5529,2020-12-31,LOM,715,302,413,715,0,0,ITC,ITC4,3,Lombardia,Lombardia,10060574,14566779,144.79,0.01
