,data,area,Vaccinazioni giornaliere,sesso_maschile,sesso_femminile,prima_dose,seconda_dose,codice_NUTS1,codice_NUTS2,codice_regione_ISTAT,nome_area,Regione,popolazione,Totale vaccinazioni,Totale vaccinazioni ogni cento ab,Vaccinazioni giornaliere ogni cento ab
0,2021-02-07,MOL,66,32,34,19,47,ITF,ITF2,14,Molise,Molise,305617,66,0.02,0.02
1,2021-05-18,MOL,1645,877,768,990,655,ITF,ITF2,14,Molise,Molise,305617,1711,0.56,0.54
2,2021-03-22,MOL,1148,440,708,905,243,ITF,ITF2,14,Molise,Molise,305617,2859,0.94,0.38
3,2021-05-20,MOL,2661,1371,1290,2475,186,ITF,ITF2,14,Molise,Molise,305617,5520,1.81,0.87
4,2021-01-26,MOL,450,184,266,8,442,ITF,ITF2,14,Molise,Molise,305617,5970,1.95,0.15
5,2021-05-06,MOL,2679,1214,1465,2081,598,ITF,ITF2,14,Molise,Molise,305617,8649,2.83,0.88
6,2021-03-17,MOL,908,385,523,576,332,ITF,ITF2,14,Molise,Molise,305617,9557,3.13,0.3
7,2021-06-25,MOL,3411,1681,1730,1514,1897,ITF,ITF2,14,Molise,Molise,305617,12968,4.24,1.12
8,2021-04-05,MOL,391,189,202,292,99,ITF,ITF2,14,Molise,Molise,305617,13359,4.37,0.13
9,2021-03-29,MOL,2033,835,1198,1547,486,ITF,ITF2,14,Molise,Molise,305617,15392,5.04,0.67
10,2021-01-31,MOL,268,70,198,6,262,ITF,ITF2,14,Molise,Molise,305617,15660,5.12,0.09
11,2021-01-12,MOL,336,114,222,336,0,ITF,ITF2,14,Molise,Molise,305617,15996,5.23,0.11
12,2021-02-24,MOL,666,278,388,333,333,ITF,ITF2,14,Molise,Molise,305617,16662,5.45,0.22
13,2021-03-24,MOL,1631,658,973,1229,402,ITF,ITF2,14,Molise,Molise,305617,18293,5.99,0.53
14,2021-07-02,MOL,2551,1239,1312,124,2427,ITF,ITF2,14,Molise,Molise,305617,20844,6.82,0.83
15,2021-01-17,MOL,78,38,40,48,30,ITF,ITF2,14,Molise,Molise,305617,20922,6.85,0.03
16,2021-04-10,MOL,2640,1261,1379,2488,152,ITF,ITF2,14,Molise,Molise,305617,23562,7.71,0.86
17,2021-02-05,MOL,593,269,324,55,538,ITF,ITF2,14,Molise,Molise,305617,24155,7.9,0.19
18,2021-06-27,MOL,1834,868,966,611,1223,ITF,ITF2,14,Molise,Molise,305617,25989,8.5,0.6
19,2021-01-07,MOL,598,209,389,598,0,ITF,ITF2,14,Molise,Molise,305617,26587,8.7,0.2
20,2021-02-12,MOL,332,150,182,208,124,ITF,ITF2,14,Molise,Molise,305617,26919,8.81,0.11
21,2021-03-15,MOL,832,338,494,587,245,ITF,ITF2,14,Molise,Molise,305617,27751,9.08,0.27
22,2021-02-19,MOL,169,93,76,167,2,ITF,ITF2,14,Molise,Molise,305617,27920,9.14,0.06
23,2021-03-10,MOL,1737,720,1017,1687,50,ITF,ITF2,14,Molise,Molise,305617,29657,9.7,0.57
24,2021-06-01,MOL,2598,1322,1276,2490,108,ITF,ITF2,14,Molise,Molise,305617,32255,10.55,0.85
25,2021-05-01,MOL,2647,1268,1379,424,2223,ITF,ITF2,14,Molise,Molise,305617,34902,11.42,0.87
26,2021-03-05,MOL,1219,649,570,1015,204,ITF,ITF2,14,Molise,Molise,305617,36121,11.82,0.4
27,2021-06-13,MOL,2785,1485,1300,2460,325,ITF,ITF2,14,Molise,Molise,305617,38906,12.73,0.91
28,2021-04-17,MOL,3054,1501,1553,1568,1486,ITF,ITF2,14,Molise,Molise,305617,41960,13.73,1.0
29,2021-06-20,MOL,421,174,247,51,370,ITF,ITF2,14,Molise,Molise,305617,42381,13.87,0.14
30,2021-04-24,MOL,2551,1202,1349,710,1841,ITF,ITF2,14,Molise,Molise,305617,44932,14.7,0.83
31,2021-02-26,MOL,563,260,303,490,73,ITF,ITF2,14,Molise,Molise,305617,45495,14.89,0.18
32,2021-06-06,MOL,2060,1059,1001,1737,323,ITF,ITF2,14,Molise,Molise,305617,47555,15.56,0.67
33,2021-05-25,MOL,1963,887,1076,1333,630,ITF,ITF2,14,Molise,Molise,305617,49518,16.2,0.64
34,2021-01-04,MOL,314,131,183,314,0,ITF,ITF2,14,Molise,Molise,305617,49832,16.31,0.1
35,2021-04-14,MOL,1806,767,1039,1145,661,ITF,ITF2,14,Molise,Molise,305617,51638,16.9,0.59
36,2021-02-16,MOL,156,70,86,150,6,ITF,ITF2,14,Molise,Molise,305617,51794,16.95,0.05
37,2021-05-27,MOL,2834,1348,1486,1998,836,ITF,ITF2,14,Molise,Molise,305617,54628,17.87,0.93
38,2021-05-29,MOL,2350,1223,1127,1960,390,ITF,ITF2,14,Molise,Molise,305617,56978,18.64,0.77
39,2021-06-08,MOL,2885,1593,1292,2189,696,ITF,ITF2,14,Molise,Molise,305617,59863,19.59,0.94
40,2021-01-09,MOL,450,152,298,450,0,ITF,ITF2,14,Molise,Molise,305617,60313,19.73,0.15
41,2021-04-19,MOL,1827,842,985,1049,778,ITF,ITF2,14,Molise,Molise,305617,62140,20.33,0.6
42,2021-03-03,MOL,672,316,356,590,82,ITF,ITF2,14,Molise,Molise,305617,62812,20.55,0.22
43,2021-01-05,MOL,449,180,269,449,0,ITF,ITF2,14,Molise,Molise,305617,63261,20.7,0.15
44,2021-05-10,MOL,2890,1285,1605,2517,373,ITF,ITF2,14,Molise,Molise,305617,66151,21.65,0.95
45,2021-06-29,MOL,2453,1143,1310,399,2054,ITF,ITF2,14,Molise,Molise,305617,68604,22.45,0.8
46,2021-05-03,MOL,2485,1165,1320,2322,163,ITF,ITF2,14,Molise,Molise,305617,71089,23.26,0.81
47,2021-01-19,MOL,173,63,110,162,11,ITF,ITF2,14,Molise,Molise,305617,71262,23.32,0.06
48,2021-04-29,MOL,2238,1145,1093,891,1347,ITF,ITF2,14,Molise,Molise,305617,73500,24.05,0.73
49,2021-04-12,MOL,1299,557,742,1048,251,ITF,ITF2,14,Molise,Molise,305617,74799,24.47,0.43
50,2021-03-07,MOL,1132,501,631,1130,2,ITF,ITF2,14,Molise,Molise,305617,75931,24.85,0.37
51,2021-06-15,MOL,2215,1042,1173,764,1451,ITF,ITF2,14,Molise,Molise,305617,78146,25.57,0.72
52,2021-06-17,MOL,2307,1017,1290,938,1369,ITF,ITF2,14,Molise,Molise,305617,80453,26.32,0.75
53,2021-03-31,MOL,2193,919,1274,1374,819,ITF,ITF2,14,Molise,Molise,305617,82646,27.04,0.72
54,2021-06-24,MOL,3306,1542,1764,468,2838,ITF,ITF2,14,Molise,Molise,305617,85952,28.12,1.08
55,2021-03-02,MOL,667,383,284,509,158,ITF,ITF2,14,Molise,Molise,305617,86619,28.34,0.22
56,2021-06-10,MOL,2571,1182,1389,1270,1301,ITF,ITF2,14,Molise,Molise,305617,89190,29.18,0.84
57,2021-04-02,MOL,1455,709,746,678,777,ITF,ITF2,14,Molise,Molise,305617,90645,29.66,0.48
58,2021-05-13,MOL,3039,1410,1629,2582,457,ITF,ITF2,14,Molise,Molise,305617,93684,30.65,0.99
59,2021-04-28,MOL,1693,923,770,476,1217,ITF,ITF2,14,Molise,Molise,305617,95377,31.21,0.55
60,2021-02-21,MOL,574,227,347,572,2,ITF,ITF2,14,Molise,Molise,305617,95951,31.4,0.19
61,2021-02-04,MOL,758,295,463,77,681,ITF,ITF2,14,Molise,Molise,305617,96709,31.64,0.25
62,2021-05-15,MOL,2980,1398,1582,2596,384,ITF,ITF2,14,Molise,Molise,305617,99689,32.62,0.98
63,2021-03-19,MOL,1184,482,702,757,427,ITF,ITF2,14,Molise,Molise,305617,100873,33.01,0.39
64,2021-01-21,MOL,6,2,4,6,0,ITF,ITF2,14,Molise,Molise,305617,100879,33.01,0.0
65,2021-01-28,MOL,613,217,396,17,596,ITF,ITF2,14,Molise,Molise,305617,101492,33.21,0.2
66,2021-03-12,MOL,1459,637,822,1423,36,ITF,ITF2,14,Molise,Molise,305617,102951,33.69,0.48
67,2021-01-14,MOL,646,239,407,646,0,ITF,ITF2,14,Molise,Molise,305617,103597,33.9,0.21
68,2021-02-09,MOL,359,170,189,197,162,ITF,ITF2,14,Molise,Molise,305617,103956,34.02,0.12
69,2021-03-11,MOL,1465,637,828,1459,6,ITF,ITF2,14,Molise,Molise,305617,105421,34.49,0.48
70,2021-01-06,MOL,689,260,429,689,0,ITF,ITF2,14,Molise,Molise,305617,106110,34.72,0.23
71,2021-05-17,MOL,2228,1092,1136,1732,496,ITF,ITF2,14,Molise,Molise,305617,108338,35.45,0.73
72,2021-03-21,MOL,1246,542,704,479,767,ITF,ITF2,14,Molise,Molise,305617,109584,35.86,0.41
73,2021-03-14,MOL,596,240,356,17,579,ITF,ITF2,14,Molise,Molise,305617,110180,36.05,0.2
74,2021-06-22,MOL,2959,1368,1591,685,2274,ITF,ITF2,14,Molise,Molise,305617,113139,37.02,0.97
75,2021-03-28,MOL,1626,747,879,524,1102,ITF,ITF2,14,Molise,Molise,305617,114765,37.55,0.53
76,2021-01-30,MOL,461,158,303,12,449,ITF,ITF2,14,Molise,Molise,305617,115226,37.7,0.15
77,2021-02-06,MOL,429,179,250,29,400,ITF,ITF2,14,Molise,Molise,305617,115655,37.84,0.14
78,2021-03-26,MOL,2575,1045,1530,1933,642,ITF,ITF2,14,Molise,Molise,305617,118230,38.69,0.84
79,2021-02-18,MOL,319,74,245,306,13,ITF,ITF2,14,Molise,Molise,305617,118549,38.79,0.1
80,2021-02-02,MOL,539,176,363,216,323,ITF,ITF2,14,Molise,Molise,305617,119088,38.97,0.18
81,2021-01-16,MOL,420,166,254,420,0,ITF,ITF2,14,Molise,Molise,305617,119508,39.1,0.14
82,2021-04-26,MOL,1157,521,636,826,331,ITF,ITF2,14,Molise,Molise,305617,120665,39.48,0.38
83,2021-04-09,MOL,2324,1251,1073,2133,191,ITF,ITF2,14,Molise,Molise,305617,122989,40.24,0.76
84,2021-01-18,MOL,114,48,66,114,0,ITF,ITF2,14,Molise,Molise,305617,123103,40.28,0.04
85,2021-04-11,MOL,1196,591,605,1182,14,ITF,ITF2,14,Molise,Molise,305617,124299,40.67,0.39
86,2021-07-03,MOL,2234,1121,1113,284,1950,ITF,ITF2,14,Molise,Molise,305617,126533,41.4,0.73
87,2021-05-08,MOL,2974,1455,1519,1730,1244,ITF,ITF2,14,Molise,Molise,305617,129507,42.38,0.97
88,2021-04-21,MOL,1864,789,1075,969,895,ITF,ITF2,14,Molise,Molise,305617,131371,42.99,0.61
89,2021-02-11,MOL,293,133,160,257,36,ITF,ITF2,14,Molise,Molise,305617,131664,43.08,0.1
90,2021-05-22,MOL,1315,712,603,1231,84,ITF,ITF2,14,Molise,Molise,305617,132979,43.51,0.43
91,2021-02-23,MOL,582,223,359,363,219,ITF,ITF2,14,Molise,Molise,305617,133561,43.7,0.19
92,2021-06-03,MOL,3291,1566,1725,2737,554,ITF,ITF2,14,Molise,Molise,305617,136852,44.78,1.08
93,2021-04-07,MOL,1688,847,841,1413,275,ITF,ITF2,14,Molise,Molise,305617,138540,45.33,0.55
94,2021-06-05,MOL,2964,1503,1461,2810,154,ITF,ITF2,14,Molise,Molise,305617,141504,46.3,0.97
95,2021-03-04,MOL,850,417,433,526,324,ITF,ITF2,14,Molise,Molise,305617,142354,46.58,0.28
96,2021-06-12,MOL,3400,1748,1652,3290,110,ITF,ITF2,14,Molise,Molise,305617,145754,47.69,1.11
97,2021-06-14,MOL,1627,810,817,552,1075,ITF,ITF2,14,Molise,Molise,305617,147381,48.22,0.53
98,2021-01-20,MOL,18,8,10,18,0,ITF,ITF2,14,Molise,Molise,305617,147399,48.23,0.01
99,2021-04-30,MOL,2937,1556,1381,830,2107,ITF,ITF2,14,Molise,Molise,305617,150336,49.19,0.96
100,2021-02-25,MOL,541,239,302,473,68,ITF,ITF2,14,Molise,Molise,305617,150877,49.37,0.18
101,2021-01-29,MOL,421,136,285,6,415,ITF,ITF2,14,Molise,Molise,305617,151298,49.51,0.14
102,2021-05-09,MOL,2052,933,1119,1956,96,ITF,ITF2,14,Molise,Molise,305617,153350,50.18,0.67
103,2021-05-11,MOL,3207,1414,1793,2957,250,ITF,ITF2,14,Molise,Molise,305617,156557,51.23,1.05
104,2021-01-22,MOL,128,36,92,128,0,ITF,ITF2,14,Molise,Molise,305617,156685,51.27,0.04
105,2021-05-02,MOL,1893,932,961,588,1305,ITF,ITF2,14,Molise,Molise,305617,158578,51.89,0.62
106,2021-03-06,MOL,1728,807,921,1569,159,ITF,ITF2,14,Molise,Molise,305617,160306,52.45,0.57
107,2021-03-25,MOL,1806,730,1076,1309,497,ITF,ITF2,14,Molise,Molise,305617,162112,53.04,0.59
108,2021-03-08,MOL,1379,522,857,1239,140,ITF,ITF2,14,Molise,Molise,305617,163491,53.5,0.45
109,2021-06-16,MOL,2002,1013,989,1147,855,ITF,ITF2,14,Molise,Molise,305617,165493,54.15,0.66
110,2021-05-26,MOL,1548,697,851,794,754,ITF,ITF2,14,Molise,Molise,305617,167041,54.66,0.51
111,2021-03-30,MOL,2003,857,1146,1491,512,ITF,ITF2,14,Molise,Molise,305617,169044,55.31,0.66
112,2021-02-01,MOL,562,201,361,14,548,ITF,ITF2,14,Molise,Molise,305617,169606,55.5,0.18
113,2021-05-12,MOL,2852,1294,1558,2756,96,ITF,ITF2,14,Molise,Molise,305617,172458,56.43,0.93
114,2021-03-16,MOL,614,230,384,267,347,ITF,ITF2,14,Molise,Molise,305617,173072,56.63,0.2
115,2021-01-11,MOL,557,194,363,557,0,ITF,ITF2,14,Molise,Molise,305617,173629,56.81,0.18
116,2021-01-25,MOL,319,130,189,3,316,ITF,ITF2,14,Molise,Molise,305617,173948,56.92,0.1
117,2021-04-06,MOL,1494,701,793,1151,343,ITF,ITF2,14,Molise,Molise,305617,175442,57.41,0.49
118,2021-02-08,MOL,334,141,193,216,118,ITF,ITF2,14,Molise,Molise,305617,175776,57.52,0.11
119,2021-05-19,MOL,2341,1205,1136,1916,425,ITF,ITF2,14,Molise,Molise,305617,178117,58.28,0.77
120,2021-03-23,MOL,1642,694,948,1435,207,ITF,ITF2,14,Molise,Molise,305617,179759,58.82,0.54
121,2021-07-01,MOL,2647,1288,1359,277,2370,ITF,ITF2,14,Molise,Molise,305617,182406,59.68,0.87
122,2021-02-15,MOL,144,70,74,141,3,ITF,ITF2,14,Molise,Molise,305617,182550,59.73,0.05
123,2021-04-13,MOL,1632,718,914,1045,587,ITF,ITF2,14,Molise,Molise,305617,184182,60.27,0.53
124,2021-03-27,MOL,2743,1273,1470,1310,1433,ITF,ITF2,14,Molise,Molise,305617,186925,61.16,0.9
125,2021-06-18,MOL,2754,1246,1508,1307,1447,ITF,ITF2,14,Molise,Molise,305617,189679,62.06,0.9
126,2021-05-30,MOL,1862,928,934,1577,285,ITF,ITF2,14,Molise,Molise,305617,191541,62.67,0.61
127,2021-03-09,MOL,1329,579,750,1177,152,ITF,ITF2,14,Molise,Molise,305617,192870,63.11,0.43
128,2021-02-20,MOL,1018,441,577,998,20,ITF,ITF2,14,Molise,Molise,305617,193888,63.44,0.33
129,2021-05-31,MOL,2356,1144,1212,1938,418,ITF,ITF2,14,Molise,Molise,305617,196244,64.21,0.77
130,2021-05-14,MOL,2644,1215,1429,1926,718,ITF,ITF2,14,Molise,Molise,305617,198888,65.08,0.87
131,2021-06-02,MOL,2805,1355,1450,2706,99,ITF,ITF2,14,Molise,Molise,305617,201693,66.0,0.92
132,2021-02-03,MOL,731,249,482,338,393,ITF,ITF2,14,Molise,Molise,305617,202424,66.23,0.24
133,2021-04-27,MOL,1594,768,826,465,1129,ITF,ITF2,14,Molise,Molise,305617,204018,66.76,0.52
134,2021-05-16,MOL,1247,571,676,1065,182,ITF,ITF2,14,Molise,Molise,305617,205265,67.16,0.41
135,2021-04-16,MOL,2430,1033,1397,1198,1232,ITF,ITF2,14,Molise,Molise,305617,207695,67.96,0.8
136,2021-06-21,MOL,2900,1350,1550,1669,1231,ITF,ITF2,14,Molise,Molise,305617,210595,68.91,0.95
137,2021-04-25,MOL,792,395,397,559,233,ITF,ITF2,14,Molise,Molise,305617,211387,69.17,0.26
138,2021-01-13,MOL,474,160,314,474,0,ITF,ITF2,14,Molise,Molise,305617,211861,69.32,0.16
139,2021-06-19,MOL,2326,1156,1170,1316,1010,ITF,ITF2,14,Molise,Molise,305617,214187,70.08,0.76
140,2021-04-23,MOL,2050,882,1168,1391,659,ITF,ITF2,14,Molise,Molise,305617,216237,70.75,0.67
141,2021-06-30,MOL,2898,1377,1521,931,1967,ITF,ITF2,14,Molise,Molise,305617,219135,71.7,0.95
142,2021-06-04,MOL,3037,1490,1547,2595,442,ITF,ITF2,14,Molise,Molise,305617,222172,72.7,0.99
143,2021-04-08,MOL,1766,903,863,1564,202,ITF,ITF2,14,Molise,Molise,305617,223938,73.27,0.58
144,2021-04-22,MOL,1845,864,981,1066,779,ITF,ITF2,14,Molise,Molise,305617,225783,73.88,0.6
145,2021-02-17,MOL,72,32,40,57,15,ITF,ITF2,14,Molise,Molise,305617,225855,73.9,0.02
146,2021-05-28,MOL,2648,1363,1285,2101,547,ITF,ITF2,14,Molise,Molise,305617,228503,74.77,0.87
147,2021-06-11,MOL,3442,1654,1788,2014,1428,ITF,ITF2,14,Molise,Molise,305617,231945,75.89,1.13
148,2021-02-22,MOL,265,129,136,250,15,ITF,ITF2,14,Molise,Molise,305617,232210,75.98,0.09
149,2020-12-27,MOL,50,20,30,50,0,ITF,ITF2,14,Molise,Molise,305617,232260,76.0,0.02
150,2021-03-13,MOL,1189,594,595,200,989,ITF,ITF2,14,Molise,Molise,305617,233449,76.39,0.39
151,2021-01-15,MOL,538,242,296,538,0,ITF,ITF2,14,Molise,Molise,305617,233987,76.56,0.18
152,2021-06-23,MOL,2787,1284,1503,230,2557,ITF,ITF2,14,Molise,Molise,305617,236774,77.47,0.91
153,2021-03-20,MOL,2321,968,1353,1000,1321,ITF,ITF2,14,Molise,Molise,305617,239095,78.23,0.76
154,2021-06-28,MOL,2881,1343,1538,1011,1870,ITF,ITF2,14,Molise,Molise,305617,241976,79.18,0.94
155,2021-05-05,MOL,2414,1042,1372,2273,141,ITF,ITF2,14,Molise,Molise,305617,244390,79.97,0.79
156,2021-05-04,MOL,2705,1181,1524,2577,128,ITF,ITF2,14,Molise,Molise,305617,247095,80.85,0.89
157,2021-01-10,MOL,270,72,198,270,0,ITF,ITF2,14,Molise,Molise,305617,247365,80.94,0.09
158,2021-04-20,MOL,2318,1025,1293,1220,1098,ITF,ITF2,14,Molise,Molise,305617,249683,81.7,0.76
159,2021-06-09,MOL,1023,565,458,523,500,ITF,ITF2,14,Molise,Molise,305617,250706,82.03,0.33
160,2021-05-23,MOL,1700,864,836,1695,5,ITF,ITF2,14,Molise,Molise,305617,252406,82.59,0.56
161,2021-03-01,MOL,662,274,388,447,215,ITF,ITF2,14,Molise,Molise,305617,253068,82.81,0.22
162,2021-04-03,MOL,1773,851,922,1738,35,ITF,ITF2,14,Molise,Molise,305617,254841,83.39,0.58
163,2021-04-15,MOL,1926,794,1132,1081,845,ITF,ITF2,14,Molise,Molise,305617,256767,84.02,0.63
164,2021-02-28,MOL,832,334,498,790,42,ITF,ITF2,14,Molise,Molise,305617,257599,84.29,0.27
165,2021-02-27,MOL,1366,568,798,1347,19,ITF,ITF2,14,Molise,Molise,305617,258965,84.74,0.45
166,2021-06-07,MOL,1952,858,1094,1133,819,ITF,ITF2,14,Molise,Molise,305617,260917,85.37,0.64
167,2021-02-13,MOL,132,80,52,132,0,ITF,ITF2,14,Molise,Molise,305617,261049,85.42,0.04
168,2021-05-24,MOL,1964,853,1111,1298,666,ITF,ITF2,14,Molise,Molise,305617,263013,86.06,0.64
169,2021-05-07,MOL,2643,1228,1415,2046,597,ITF,ITF2,14,Molise,Molise,305617,265656,86.92,0.86
170,2021-04-18,MOL,1083,483,600,149,934,ITF,ITF2,14,Molise,Molise,305617,266739,87.28,0.35
171,2021-04-04,MOL,253,141,112,238,15,ITF,ITF2,14,Molise,Molise,305617,266992,87.36,0.08
172,2021-03-18,MOL,1156,476,680,692,464,ITF,ITF2,14,Molise,Molise,305617,268148,87.74,0.38
173,2021-06-26,MOL,3116,1527,1589,536,2580,ITF,ITF2,14,Molise,Molise,305617,271264,88.76,1.02
174,2021-02-10,MOL,151,79,72,131,20,ITF,ITF2,14,Molise,Molise,305617,271415,88.81,0.05
175,2021-05-21,MOL,2098,1051,1047,1776,322,ITF,ITF2,14,Molise,Molise,305617,273513,89.5,0.69
176,2021-01-27,MOL,674,251,423,8,666,ITF,ITF2,14,Molise,Molise,305617,274187,89.72,0.22
177,2021-01-08,MOL,429,141,288,429,0,ITF,ITF2,14,Molise,Molise,305617,274616,89.86,0.14
178,2021-04-01,MOL,1469,667,802,743,726,ITF,ITF2,14,Molise,Molise,305617,276085,90.34,0.48
179,2021-05-19,PIE,33157,15307,17850,22032,11125,ITC,ITC1,1,Piemonte,Piemonte,4356406,33157,0.76,0.76
180,2021-03-14,PIE,8205,3336,4869,5308,2897,ITC,ITC1,1,Piemonte,Piemonte,4356406,41362,0.95,0.19
181,2021-05-10,PIE,28946,13955,14991,15833,13113,ITC,ITC1,1,Piemonte,Piemonte,4356406,70308,1.61,0.66
182,2021-01-30,PIE,5980,2136,3844,218,5762,ITC,ITC1,1,Piemonte,Piemonte,4356406,76288,1.75,0.14
183,2021-06-24,PIE,39052,19564,19488,18821,20231,ITC,ITC1,1,Piemonte,Piemonte,4356406,115340,2.65,0.9
184,2021-03-16,PIE,10523,4269,6254,4463,6060,ITC,ITC1,1,Piemonte,Piemonte,4356406,125863,2.89,0.24
185,2021-05-12,PIE,31898,15196,16702,18994,12904,ITC,ITC1,1,Piemonte,Piemonte,4356406,157761,3.62,0.73
186,2021-06-19,PIE,39924,20250,19674,23296,16628,ITC,ITC1,1,Piemonte,Piemonte,4356406,197685,4.54,0.92
187,2021-02-04,PIE,10206,3341,6865,588,9618,ITC,ITC1,1,Piemonte,Piemonte,4356406,207891,4.77,0.23
188,2021-04-30,PIE,31846,14329,17517,18511,13335,ITC,ITC1,1,Piemonte,Piemonte,4356406,239737,5.5,0.73
189,2021-03-23,PIE,13120,5491,7629,6875,6245,ITC,ITC1,1,Piemonte,Piemonte,4356406,252857,5.8,0.3
190,2021-01-16,PIE,7771,2630,5141,7771,0,ITC,ITC1,1,Piemonte,Piemonte,4356406,260628,5.98,0.18
191,2021-01-23,PIE,4257,1325,2932,879,3378,ITC,ITC1,1,Piemonte,Piemonte,4356406,264885,6.08,0.1
192,2021-03-21,PIE,10728,4741,5987,4195,6533,ITC,ITC1,1,Piemonte,Piemonte,4356406,275613,6.33,0.25
193,2021-02-11,PIE,6764,2107,4657,3006,3758,ITC,ITC1,1,Piemonte,Piemonte,4356406,282377,6.48,0.16
194,2021-04-09,PIE,25858,11392,14466,21351,4507,ITC,ITC1,1,Piemonte,Piemonte,4356406,308235,7.08,0.59
195,2020-12-30,PIE,730,322,408,730,0,ITC,ITC1,1,Piemonte,Piemonte,4356406,308965,7.09,0.02
196,2021-06-05,PIE,36924,18916,18008,32467,4457,ITC,ITC1,1,Piemonte,Piemonte,4356406,345889,7.94,0.85
197,2021-02-25,PIE,12219,5252,6967,11672,547,ITC,ITC1,1,Piemonte,Piemonte,4356406,358108,8.22,0.28
198,2021-04-02,PIE,20143,8304,11839,11716,8427,ITC,ITC1,1,Piemonte,Piemonte,4356406,378251,8.68,0.46
199,2021-05-29,PIE,32798,15226,17572,20630,12168,ITC,ITC1,1,Piemonte,Piemonte,4356406,411049,9.44,0.75
200,2021-02-18,PIE,4791,2094,2697,4361,430,ITC,ITC1,1,Piemonte,Piemonte,4356406,415840,9.55,0.11
201,2021-04-23,PIE,27447,12603,14844,20685,6762,ITC,ITC1,1,Piemonte,Piemonte,4356406,443287,10.18,0.63
202,2021-06-26,PIE,40975,20848,20127,22598,18377,ITC,ITC1,1,Piemonte,Piemonte,4356406,484262,11.12,0.94
203,2021-04-04,PIE,9261,4062,5199,6547,2714,ITC,ITC1,1,Piemonte,Piemonte,4356406,493523,11.33,0.21
204,2021-03-28,PIE,16062,6901,9161,8440,7622,ITC,ITC1,1,Piemonte,Piemonte,4356406,509585,11.7,0.37
205,2021-04-11,PIE,20841,9327,11514,18687,2154,ITC,ITC1,1,Piemonte,Piemonte,4356406,530426,12.18,0.48
206,2021-01-04,PIE,5564,1679,3885,5564,0,ITC,ITC1,1,Piemonte,Piemonte,4356406,535990,12.3,0.13
207,2021-04-28,PIE,26048,11740,14308,16013,10035,ITC,ITC1,1,Piemonte,Piemonte,4356406,562038,12.9,0.6
208,2021-01-18,PIE,6167,2048,4119,5918,249,ITC,ITC1,1,Piemonte,Piemonte,4356406,568205,13.04,0.14
209,2021-05-24,PIE,28985,13422,15563,17024,11961,ITC,ITC1,1,Piemonte,Piemonte,4356406,597190,13.71,0.67
210,2021-03-02,PIE,11202,4506,6696,10386,816,ITC,ITC1,1,Piemonte,Piemonte,4356406,608392,13.97,0.26
211,2021-06-12,PIE,42466,22380,20086,39846,2620,ITC,ITC1,1,Piemonte,Piemonte,4356406,650858,14.94,0.97
212,2021-06-07,PIE,34878,17855,17023,30090,4788,ITC,ITC1,1,Piemonte,Piemonte,4356406,685736,15.74,0.8
213,2020-12-28,PIE,1,1,0,1,0,ITC,ITC1,1,Piemonte,Piemonte,4356406,685737,15.74,0.0
214,2021-02-08,PIE,6919,2357,4562,666,6253,ITC,ITC1,1,Piemonte,Piemonte,4356406,692656,15.9,0.16
215,2021-05-21,PIE,36070,16749,19321,20438,15632,ITC,ITC1,1,Piemonte,Piemonte,4356406,728726,16.73,0.83
216,2021-02-01,PIE,8645,3055,5590,579,8066,ITC,ITC1,1,Piemonte,Piemonte,4356406,737371,16.93,0.2
217,2021-06-02,PIE,26531,12998,13533,22062,4469,ITC,ITC1,1,Piemonte,Piemonte,4356406,763902,17.54,0.61
218,2021-02-22,PIE,8483,3472,5011,7893,590,ITC,ITC1,1,Piemonte,Piemonte,4356406,772385,17.73,0.19
219,2021-03-11,PIE,13821,5118,8703,10724,3097,ITC,ITC1,1,Piemonte,Piemonte,4356406,786206,18.05,0.32
220,2021-03-25,PIE,17071,7209,9862,8432,8639,ITC,ITC1,1,Piemonte,Piemonte,4356406,803277,18.44,0.39
221,2021-04-16,PIE,28407,13214,15193,23421,4986,ITC,ITC1,1,Piemonte,Piemonte,4356406,831684,19.09,0.65
222,2021-01-13,PIE,10085,3226,6859,10085,0,ITC,ITC1,1,Piemonte,Piemonte,4356406,841769,19.32,0.23
223,2021-06-16,PIE,40335,20219,20116,24090,16245,ITC,ITC1,1,Piemonte,Piemonte,4356406,882104,20.25,0.93
224,2021-04-21,PIE,25756,11841,13915,20416,5340,ITC,ITC1,1,Piemonte,Piemonte,4356406,907860,20.84,0.59
225,2021-01-11,PIE,8745,2981,5764,8745,0,ITC,ITC1,1,Piemonte,Piemonte,4356406,916605,21.04,0.2
226,2021-06-28,PIE,38311,19012,19299,15657,22654,ITC,ITC1,1,Piemonte,Piemonte,4356406,954916,21.92,0.88
227,2021-04-06,PIE,20249,8815,11434,15053,5196,ITC,ITC1,1,Piemonte,Piemonte,4356406,975165,22.38,0.46
228,2020-12-27,PIE,913,369,544,913,0,ITC,ITC1,1,Piemonte,Piemonte,4356406,976078,22.41,0.02
229,2021-05-05,PIE,32199,15099,17100,19179,13020,ITC,ITC1,1,Piemonte,Piemonte,4356406,1008277,23.14,0.74
230,2021-07-01,PIE,41673,20850,20823,20633,21040,ITC,ITC1,1,Piemonte,Piemonte,4356406,1049950,24.1,0.96
231,2021-07-03,PIE,34761,17399,17362,12711,22050,ITC,ITC1,1,Piemonte,Piemonte,4356406,1084711,24.9,0.8
232,2021-05-17,PIE,30920,14602,16318,17765,13155,ITC,ITC1,1,Piemonte,Piemonte,4356406,1115631,25.61,0.71
233,2021-02-06,PIE,7995,2666,5329,400,7595,ITC,ITC1,1,Piemonte,Piemonte,4356406,1123626,25.79,0.18
234,2021-02-23,PIE,9234,3713,5521,8653,581,ITC,ITC1,1,Piemonte,Piemonte,4356406,1132860,26.0,0.21
235,2021-05-31,PIE,29103,14056,15047,20524,8579,ITC,ITC1,1,Piemonte,Piemonte,4356406,1161963,26.67,0.67
236,2021-06-17,PIE,41004,20590,20414,24707,16297,ITC,ITC1,1,Piemonte,Piemonte,4356406,1202967,27.61,0.94
237,2021-03-09,PIE,14064,5515,8549,11721,2343,ITC,ITC1,1,Piemonte,Piemonte,4356406,1217031,27.94,0.32
238,2021-01-01,PIE,1038,395,643,1038,0,ITC,ITC1,1,Piemonte,Piemonte,4356406,1218069,27.96,0.02
239,2021-04-20,PIE,25489,11667,13822,19143,6346,ITC,ITC1,1,Piemonte,Piemonte,4356406,1243558,28.55,0.59
240,2021-05-07,PIE,33074,15644,17430,18949,14125,ITC,ITC1,1,Piemonte,Piemonte,4356406,1276632,29.3,0.76
241,2021-01-27,PIE,4196,1453,2743,999,3197,ITC,ITC1,1,Piemonte,Piemonte,4356406,1280828,29.4,0.1
242,2021-02-13,PIE,4153,1334,2819,2931,1222,ITC,ITC1,1,Piemonte,Piemonte,4356406,1284981,29.5,0.1
243,2021-05-09,PIE,27134,12928,14206,13513,13621,ITC,ITC1,1,Piemonte,Piemonte,4356406,1312115,30.12,0.62
244,2021-05-26,PIE,32739,15101,17638,15665,17074,ITC,ITC1,1,Piemonte,Piemonte,4356406,1344854,30.87,0.75
245,2021-02-15,PIE,4432,1597,2835,3227,1205,ITC,ITC1,1,Piemonte,Piemonte,4356406,1349286,30.97,0.1
246,2021-05-02,PIE,25097,11276,13821,14352,10745,ITC,ITC1,1,Piemonte,Piemonte,4356406,1374383,31.55,0.58
247,2021-02-27,PIE,12691,4851,7840,12346,345,ITC,ITC1,1,Piemonte,Piemonte,4356406,1387074,31.84,0.29
248,2021-04-25,PIE,20233,9305,10928,17732,2501,ITC,ITC1,1,Piemonte,Piemonte,4356406,1407307,32.3,0.46
249,2021-01-15,PIE,9114,3012,6102,9114,0,ITC,ITC1,1,Piemonte,Piemonte,4356406,1416421,32.51,0.21
250,2021-06-21,PIE,38230,19075,19155,17562,20668,ITC,ITC1,1,Piemonte,Piemonte,4356406,1454651,33.39,0.88
251,2021-03-13,PIE,13047,4723,8324,11602,1445,ITC,ITC1,1,Piemonte,Piemonte,4356406,1467698,33.69,0.3
252,2021-05-14,PIE,33417,16277,17140,17993,15424,ITC,ITC1,1,Piemonte,Piemonte,4356406,1501115,34.46,0.77
253,2021-04-17,PIE,30463,14149,16314,27147,3316,ITC,ITC1,1,Piemonte,Piemonte,4356406,1531578,35.16,0.7
254,2021-06-13,PIE,37869,19993,17876,33738,4131,ITC,ITC1,1,Piemonte,Piemonte,4356406,1569447,36.03,0.87
255,2021-01-06,PIE,3116,1111,2005,3116,0,ITC,ITC1,1,Piemonte,Piemonte,4356406,1572563,36.1,0.07
256,2021-06-23,PIE,39590,19638,19952,16795,22795,ITC,ITC1,1,Piemonte,Piemonte,4356406,1612153,37.01,0.91
257,2021-03-08,PIE,14020,5359,8661,11306,2714,ITC,ITC1,1,Piemonte,Piemonte,4356406,1626173,37.33,0.32
258,2021-05-04,PIE,28586,13145,15441,16410,12176,ITC,ITC1,1,Piemonte,Piemonte,4356406,1654759,37.98,0.66
259,2021-01-24,PIE,3153,959,2194,434,2719,ITC,ITC1,1,Piemonte,Piemonte,4356406,1657912,38.06,0.07
260,2021-06-30,PIE,41011,20033,20978,19162,21849,ITC,ITC1,1,Piemonte,Piemonte,4356406,1698923,39.0,0.94
261,2021-03-22,PIE,11523,4890,6633,3917,7606,ITC,ITC1,1,Piemonte,Piemonte,4356406,1710446,39.26,0.26
262,2021-04-27,PIE,22608,10214,12394,17461,5147,ITC,ITC1,1,Piemonte,Piemonte,4356406,1733054,39.78,0.52
263,2021-01-17,PIE,3520,1169,2351,2872,648,ITC,ITC1,1,Piemonte,Piemonte,4356406,1736574,39.86,0.08
264,2021-03-15,PIE,10682,4184,6498,5062,5620,ITC,ITC1,1,Piemonte,Piemonte,4356406,1747256,40.11,0.25
265,2021-05-11,PIE,32078,15458,16620,18866,13212,ITC,ITC1,1,Piemonte,Piemonte,4356406,1779334,40.84,0.74
266,2021-01-31,PIE,4113,1753,2360,112,4001,ITC,ITC1,1,Piemonte,Piemonte,4356406,1783447,40.94,0.09
267,2021-06-09,PIE,38559,20325,18234,35848,2711,ITC,ITC1,1,Piemonte,Piemonte,4356406,1822006,41.82,0.89
268,2021-03-18,PIE,11759,4805,6954,4029,7730,ITC,ITC1,1,Piemonte,Piemonte,4356406,1833765,42.09,0.27
269,2021-03-03,PIE,12120,4644,7476,11301,819,ITC,ITC1,1,Piemonte,Piemonte,4356406,1845885,42.37,0.28
270,2021-03-20,PIE,11922,4899,7023,6024,5898,ITC,ITC1,1,Piemonte,Piemonte,4356406,1857807,42.65,0.27
271,2021-03-04,PIE,14535,5770,8765,11587,2948,ITC,ITC1,1,Piemonte,Piemonte,4356406,1872342,42.98,0.33
272,2021-06-25,PIE,45244,22532,22712,20822,24422,ITC,ITC1,1,Piemonte,Piemonte,4356406,1917586,44.02,1.04
273,2021-04-03,PIE,19435,8160,11275,10888,8547,ITC,ITC1,1,Piemonte,Piemonte,4356406,1937021,44.46,0.45
274,2021-01-10,PIE,5214,2275,2939,5214,0,ITC,ITC1,1,Piemonte,Piemonte,4356406,1942235,44.58,0.12
275,2021-02-20,PIE,3834,1254,2580,3660,174,ITC,ITC1,1,Piemonte,Piemonte,4356406,1946069,44.67,0.09
276,2021-04-29,PIE,48476,21979,26497,35858,12618,ITC,ITC1,1,Piemonte,Piemonte,4356406,1994545,45.78,1.11
277,2021-05-16,PIE,28145,12780,15365,15080,13065,ITC,ITC1,1,Piemonte,Piemonte,4356406,2022690,46.43,0.65
278,2021-02-05,PIE,9604,3139,6465,659,8945,ITC,ITC1,1,Piemonte,Piemonte,4356406,2032294,46.65,0.22
279,2021-03-30,PIE,16917,7056,9861,9044,7873,ITC,ITC1,1,Piemonte,Piemonte,4356406,2049211,47.04,0.39
280,2021-04-01,PIE,19348,8083,11265,11228,8120,ITC,ITC1,1,Piemonte,Piemonte,4356406,2068559,47.48,0.44
281,2021-05-28,PIE,35030,16593,18437,19053,15977,ITC,ITC1,1,Piemonte,Piemonte,4356406,2103589,48.29,0.8
282,2021-01-25,PIE,6215,1938,4277,983,5232,ITC,ITC1,1,Piemonte,Piemonte,4356406,2109804,48.43,0.14
283,2021-05-30,PIE,27701,13187,14514,18377,9324,ITC,ITC1,1,Piemonte,Piemonte,4356406,2137505,49.07,0.64
284,2021-02-19,PIE,5535,2175,3360,5034,501,ITC,ITC1,1,Piemonte,Piemonte,4356406,2143040,49.19,0.13
285,2021-06-04,PIE,37493,19597,17896,34559,2934,ITC,ITC1,1,Piemonte,Piemonte,4356406,2180533,50.05,0.86
286,2021-02-24,PIE,11409,4629,6780,10904,505,ITC,ITC1,1,Piemonte,Piemonte,4356406,2191942,50.32,0.26
287,2021-06-06,PIE,35028,18306,16722,32580,2448,ITC,ITC1,1,Piemonte,Piemonte,4356406,2226970,51.12,0.8
288,2021-02-17,PIE,4794,2157,2637,3804,990,ITC,ITC1,1,Piemonte,Piemonte,4356406,2231764,51.23,0.11
289,2021-06-08,PIE,37638,19489,18149,34797,2841,ITC,ITC1,1,Piemonte,Piemonte,4356406,2269402,52.09,0.86
290,2021-04-26,PIE,19800,8748,11052,15398,4402,ITC,ITC1,1,Piemonte,Piemonte,4356406,2289202,52.55,0.45
291,2021-05-03,PIE,26659,12168,14491,12498,14161,ITC,ITC1,1,Piemonte,Piemonte,4356406,2315861,53.16,0.61
292,2021-02-26,PIE,12293,4933,7360,11556,737,ITC,ITC1,1,Piemonte,Piemonte,4356406,2328154,53.44,0.28
293,2021-04-24,PIE,27507,12436,15071,21853,5654,ITC,ITC1,1,Piemonte,Piemonte,4356406,2355661,54.07,0.63
294,2021-01-14,PIE,9767,3152,6615,9767,0,ITC,ITC1,1,Piemonte,Piemonte,4356406,2365428,54.3,0.22
295,2021-04-22,PIE,27695,12753,14942,20986,6709,ITC,ITC1,1,Piemonte,Piemonte,4356406,2393123,54.93,0.64
296,2021-01-12,PIE,10090,3415,6675,10090,0,ITC,ITC1,1,Piemonte,Piemonte,4356406,2403213,55.17,0.23
297,2021-01-29,PIE,5945,1887,4058,455,5490,ITC,ITC1,1,Piemonte,Piemonte,4356406,2409158,55.3,0.14
298,2021-02-28,PIE,10816,4060,6756,10576,240,ITC,ITC1,1,Piemonte,Piemonte,4356406,2419974,55.55,0.25
299,2021-03-17,PIE,12518,5055,7463,5224,7294,ITC,ITC1,1,Piemonte,Piemonte,4356406,2432492,55.84,0.29
300,2021-04-18,PIE,22973,10822,12151,20217,2756,ITC,ITC1,1,Piemonte,Piemonte,4356406,2455465,56.36,0.53
301,2021-01-08,PIE,5533,1762,3771,5533,0,ITC,ITC1,1,Piemonte,Piemonte,4356406,2460998,56.49,0.13
302,2021-06-14,PIE,37916,19536,18380,30826,7090,ITC,ITC1,1,Piemonte,Piemonte,4356406,2498914,57.36,0.87
303,2021-03-06,PIE,13994,5211,8783,11205,2789,ITC,ITC1,1,Piemonte,Piemonte,4356406,2512908,57.68,0.32
304,2021-01-22,PIE,3867,1249,2618,2526,1341,ITC,ITC1,1,Piemonte,Piemonte,4356406,2516775,57.77,0.09
305,2021-06-18,PIE,40408,20179,20229,26276,14132,ITC,ITC1,1,Piemonte,Piemonte,4356406,2557183,58.7,0.93
306,2021-03-10,PIE,13682,5214,8468,11388,2294,ITC,ITC1,1,Piemonte,Piemonte,4356406,2570865,59.01,0.31
307,2021-03-27,PIE,18397,7828,10569,9570,8827,ITC,ITC1,1,Piemonte,Piemonte,4356406,2589262,59.44,0.42
308,2021-07-02,PIE,41996,21062,20934,16742,25254,ITC,ITC1,1,Piemonte,Piemonte,4356406,2631258,60.4,0.96
309,2021-05-13,PIE,35685,17527,18158,20567,15118,ITC,ITC1,1,Piemonte,Piemonte,4356406,2666943,61.22,0.82
310,2021-02-02,PIE,10242,3509,6733,816,9426,ITC,ITC1,1,Piemonte,Piemonte,4356406,2677185,61.45,0.24
311,2021-03-31,PIE,19110,8104,11006,10416,8694,ITC,ITC1,1,Piemonte,Piemonte,4356406,2696295,61.89,0.44
312,2021-05-27,PIE,37392,17392,20000,19255,18137,ITC,ITC1,1,Piemonte,Piemonte,4356406,2733687,62.75,0.86
313,2021-02-16,PIE,3967,1756,2211,3209,758,ITC,ITC1,1,Piemonte,Piemonte,4356406,2737654,62.84,0.09
314,2021-06-10,PIE,40231,21022,19209,37676,2555,ITC,ITC1,1,Piemonte,Piemonte,4356406,2777885,63.77,0.92
315,2021-06-27,PIE,37406,18551,18855,15678,21728,ITC,ITC1,1,Piemonte,Piemonte,4356406,2815291,64.62,0.86
316,2021-03-19,PIE,11032,4521,6511,4426,6606,ITC,ITC1,1,Piemonte,Piemonte,4356406,2826323,64.88,0.25
317,2021-04-05,PIE,14748,6234,8514,12192,2556,ITC,ITC1,1,Piemonte,Piemonte,4356406,2841071,65.22,0.34
318,2021-06-29,PIE,40382,20187,20195,19791,20591,ITC,ITC1,1,Piemonte,Piemonte,4356406,2881453,66.14,0.93
319,2021-05-06,PIE,33483,15796,17687,19928,13555,ITC,ITC1,1,Piemonte,Piemonte,4356406,2914936,66.91,0.77
320,2021-05-23,PIE,28708,13135,15573,15757,12951,ITC,ITC1,1,Piemonte,Piemonte,4356406,2943644,67.57,0.66
321,2021-02-12,PIE,6891,2215,4676,3930,2961,ITC,ITC1,1,Piemonte,Piemonte,4356406,2950535,67.73,0.16
322,2021-03-01,PIE,12043,4846,7197,11234,809,ITC,ITC1,1,Piemonte,Piemonte,4356406,2962578,68.01,0.28
323,2021-05-25,PIE,31149,14454,16695,16007,15142,ITC,ITC1,1,Piemonte,Piemonte,4356406,2993727,68.72,0.72
324,2021-06-11,PIE,43480,23007,20473,40660,2820,ITC,ITC1,1,Piemonte,Piemonte,4356406,3037207,69.72,1.0
325,2021-04-19,PIE,22558,10772,11786,18194,4364,ITC,ITC1,1,Piemonte,Piemonte,4356406,3059765,70.24,0.52
326,2021-01-09,PIE,6184,2185,3999,6184,0,ITC,ITC1,1,Piemonte,Piemonte,4356406,3065949,70.38,0.14
327,2021-01-26,PIE,6333,1880,4453,735,5598,ITC,ITC1,1,Piemonte,Piemonte,4356406,3072282,70.52,0.15
328,2021-05-08,PIE,34290,16272,18018,18649,15641,ITC,ITC1,1,Piemonte,Piemonte,4356406,3106572,71.31,0.79
329,2021-01-28,PIE,5591,1809,3782,384,5207,ITC,ITC1,1,Piemonte,Piemonte,4356406,3112163,71.44,0.13
330,2021-02-14,PIE,1476,498,978,876,600,ITC,ITC1,1,Piemonte,Piemonte,4356406,3113639,71.47,0.03
331,2021-02-10,PIE,7535,2371,5164,1316,6219,ITC,ITC1,1,Piemonte,Piemonte,4356406,3121174,71.65,0.17
332,2021-04-08,PIE,25153,10935,14218,20423,4730,ITC,ITC1,1,Piemonte,Piemonte,4356406,3146327,72.22,0.58
333,2021-04-10,PIE,30192,13428,16764,25914,4278,ITC,ITC1,1,Piemonte,Piemonte,4356406,3176519,72.92,0.69
334,2021-04-15,PIE,29651,13582,16069,24165,5486,ITC,ITC1,1,Piemonte,Piemonte,4356406,3206170,73.6,0.68
335,2021-01-05,PIE,5381,1603,3778,5381,0,ITC,ITC1,1,Piemonte,Piemonte,4356406,3211551,73.72,0.12
336,2021-02-07,PIE,3089,974,2115,445,2644,ITC,ITC1,1,Piemonte,Piemonte,4356406,3214640,73.79,0.07
337,2021-03-24,PIE,15540,6373,9167,6413,9127,ITC,ITC1,1,Piemonte,Piemonte,4356406,3230180,74.15,0.36
338,2021-05-20,PIE,38624,17938,20686,13680,24944,ITC,ITC1,1,Piemonte,Piemonte,4356406,3268804,75.03,0.89
339,2021-02-09,PIE,7392,2316,5076,722,6670,ITC,ITC1,1,Piemonte,Piemonte,4356406,3276196,75.2,0.17
340,2021-04-07,PIE,23611,9999,13612,18150,5461,ITC,ITC1,1,Piemonte,Piemonte,4356406,3299807,75.75,0.54
341,2021-06-22,PIE,40433,19955,20478,18242,22191,ITC,ITC1,1,Piemonte,Piemonte,4356406,3340240,76.67,0.93
342,2021-01-07,PIE,5387,1739,3648,5387,0,ITC,ITC1,1,Piemonte,Piemonte,4356406,3345627,76.8,0.12
343,2021-03-05,PIE,15376,6060,9316,11558,3818,ITC,ITC1,1,Piemonte,Piemonte,4356406,3361003,77.15,0.35
344,2021-06-15,PIE,38867,20019,18848,27108,11759,ITC,ITC1,1,Piemonte,Piemonte,4356406,3399870,78.04,0.89
345,2021-03-07,PIE,11977,4658,7319,11099,878,ITC,ITC1,1,Piemonte,Piemonte,4356406,3411847,78.32,0.27
346,2020-12-31,PIE,3909,1334,2575,3909,0,ITC,ITC1,1,Piemonte,Piemonte,4356406,3415756,78.41,0.09
347,2021-01-19,PIE,6466,2105,4361,6454,12,ITC,ITC1,1,Piemonte,Piemonte,4356406,3422222,78.56,0.15
348,2021-04-14,PIE,27715,12566,15149,23190,4525,ITC,ITC1,1,Piemonte,Piemonte,4356406,3449937,79.19,0.64
349,2021-06-03,PIE,34594,17865,16729,30196,4398,ITC,ITC1,1,Piemonte,Piemonte,4356406,3484531,79.99,0.79
350,2021-05-22,PIE,33494,15115,18379,17268,16226,ITC,ITC1,1,Piemonte,Piemonte,4356406,3518025,80.76,0.77
351,2021-04-13,PIE,25952,11619,14333,22493,3459,ITC,ITC1,1,Piemonte,Piemonte,4356406,3543977,81.35,0.6
352,2021-01-20,PIE,6617,2089,4528,5899,718,ITC,ITC1,1,Piemonte,Piemonte,4356406,3550594,81.5,0.15
353,2021-02-03,PIE,10202,3304,6898,611,9591,ITC,ITC1,1,Piemonte,Piemonte,4356406,3560796,81.74,0.23
354,2021-05-18,PIE,32115,14821,17294,19453,12662,ITC,ITC1,1,Piemonte,Piemonte,4356406,3592911,82.47,0.74
355,2021-01-03,PIE,3063,967,2096,3063,0,ITC,ITC1,1,Piemonte,Piemonte,4356406,3595974,82.54,0.07
356,2021-03-29,PIE,15186,6405,8781,8574,6612,ITC,ITC1,1,Piemonte,Piemonte,4356406,3611160,82.89,0.35
357,2021-04-12,PIE,22951,10367,12584,19961,2990,ITC,ITC1,1,Piemonte,Piemonte,4356406,3634111,83.42,0.53
358,2021-01-02,PIE,3545,1134,2411,3545,0,ITC,ITC1,1,Piemonte,Piemonte,4356406,3637656,83.5,0.08
359,2021-05-01,PIE,28540,12999,15541,16741,11799,ITC,ITC1,1,Piemonte,Piemonte,4356406,3666196,84.16,0.66
360,2021-01-21,PIE,6881,2314,4567,3385,3496,ITC,ITC1,1,Piemonte,Piemonte,4356406,3673077,84.31,0.16
361,2021-05-15,PIE,33779,15747,18032,20061,13718,ITC,ITC1,1,Piemonte,Piemonte,4356406,3706856,85.09,0.78
362,2021-06-01,PIE,29257,14667,14590,24863,4394,ITC,ITC1,1,Piemonte,Piemonte,4356406,3736113,85.76,0.67
363,2021-02-21,PIE,5090,2083,3007,4988,102,ITC,ITC1,1,Piemonte,Piemonte,4356406,3741203,85.88,0.12
364,2021-06-20,PIE,33985,17025,16960,19268,14717,ITC,ITC1,1,Piemonte,Piemonte,4356406,3775188,86.66,0.78
365,2021-03-12,PIE,14014,5241,8773,11078,2936,ITC,ITC1,1,Piemonte,Piemonte,4356406,3789202,86.98,0.32
366,2021-03-26,PIE,17810,7027,10783,8903,8907,ITC,ITC1,1,Piemonte,Piemonte,4356406,3807012,87.39,0.41
367,2021-02-13,SIC,2977,1123,1854,2722,255,ITG,ITG1,19,Sicilia,Sicilia,4999891,2977,0.06,0.06
368,2021-05-24,SIC,35701,17313,18388,15711,19990,ITG,ITG1,19,Sicilia,Sicilia,4999891,38678,0.77,0.71
369,2021-05-17,SIC,31915,15383,16532,19228,12687,ITG,ITG1,19,Sicilia,Sicilia,4999891,70593,1.41,0.64
370,2021-03-21,SIC,15217,7340,7877,11248,3969,ITG,ITG1,19,Sicilia,Sicilia,4999891,85810,1.72,0.3
371,2021-02-06,SIC,4699,2099,2600,1465,3234,ITG,ITG1,19,Sicilia,Sicilia,4999891,90509,1.81,0.09
372,2021-06-24,SIC,41371,19169,22202,17176,24195,ITG,ITG1,19,Sicilia,Sicilia,4999891,131880,2.64,0.83
373,2021-06-07,SIC,49526,23354,26172,41617,7909,ITG,ITG1,19,Sicilia,Sicilia,4999891,181406,3.63,0.99
374,2021-01-25,SIC,7420,3674,3746,291,7129,ITG,ITG1,19,Sicilia,Sicilia,4999891,188826,3.78,0.15
375,2021-05-05,SIC,26274,12180,14094,16647,9627,ITG,ITG1,19,Sicilia,Sicilia,4999891,215100,4.3,0.53
376,2021-05-19,SIC,42675,20656,22019,28316,14359,ITG,ITG1,19,Sicilia,Sicilia,4999891,257775,5.16,0.85
377,2021-01-30,SIC,7693,3534,4159,168,7525,ITG,ITG1,19,Sicilia,Sicilia,4999891,265468,5.31,0.15
378,2021-03-28,SIC,10963,5143,5820,6951,4012,ITG,ITG1,19,Sicilia,Sicilia,4999891,276431,5.53,0.22
379,2021-04-04,SIC,6805,3322,3483,5513,1292,ITG,ITG1,19,Sicilia,Sicilia,4999891,283236,5.66,0.14
380,2021-03-02,SIC,14666,6305,8361,11892,2774,ITG,ITG1,19,Sicilia,Sicilia,4999891,297902,5.96,0.29
381,2021-01-04,SIC,8385,4190,4195,8385,0,ITG,ITG1,19,Sicilia,Sicilia,4999891,306287,6.13,0.17
382,2021-01-18,SIC,1563,639,924,1410,153,ITG,ITG1,19,Sicilia,Sicilia,4999891,307850,6.16,0.03
383,2021-04-28,SIC,29204,13703,15501,20112,9092,ITG,ITG1,19,Sicilia,Sicilia,4999891,337054,6.74,0.58
384,2021-02-23,SIC,8686,4590,4096,8220,466,ITG,ITG1,19,Sicilia,Sicilia,4999891,345740,6.91,0.17
385,2021-03-09,SIC,13081,5702,7379,10881,2200,ITG,ITG1,19,Sicilia,Sicilia,4999891,358821,7.18,0.26
386,2021-04-11,SIC,15384,7597,7787,8354,7030,ITG,ITG1,19,Sicilia,Sicilia,4999891,374205,7.48,0.31
387,2020-12-30,SIC,184,109,75,184,0,ITG,ITG1,19,Sicilia,Sicilia,4999891,374389,7.49,0.0
388,2021-01-16,SIC,2579,1152,1427,2579,0,ITG,ITG1,19,Sicilia,Sicilia,4999891,376968,7.54,0.05
389,2021-07-01,SIC,30577,13840,16737,10614,19963,ITG,ITG1,19,Sicilia,Sicilia,4999891,407545,8.15,0.61
390,2021-04-09,SIC,20287,9878,10409,11211,9076,ITG,ITG1,19,Sicilia,Sicilia,4999891,427832,8.56,0.41
391,2021-03-23,SIC,20831,10006,10825,15318,5513,ITG,ITG1,19,Sicilia,Sicilia,4999891,448663,8.97,0.42
392,2020-12-28,SIC,214,128,86,214,0,ITG,ITG1,19,Sicilia,Sicilia,4999891,448877,8.98,0.0
393,2021-02-25,SIC,9867,5155,4712,8704,1163,ITG,ITG1,19,Sicilia,Sicilia,4999891,458744,9.18,0.2
394,2021-06-05,SIC,59910,28496,31414,49334,10576,ITG,ITG1,19,Sicilia,Sicilia,4999891,518654,10.37,1.2
395,2021-03-14,SIC,8773,3927,4846,4937,3836,ITG,ITG1,19,Sicilia,Sicilia,4999891,527427,10.55,0.18
396,2021-02-11,SIC,5237,2060,3177,4773,464,ITG,ITG1,19,Sicilia,Sicilia,4999891,532664,10.65,0.1
397,2021-05-31,SIC,37908,17049,20859,21572,16336,ITG,ITG1,19,Sicilia,Sicilia,4999891,570572,11.41,0.76
398,2021-06-19,SIC,43736,20779,22957,18598,25138,ITG,ITG1,19,Sicilia,Sicilia,4999891,614308,12.29,0.87
399,2021-04-23,SIC,28554,13695,14859,22732,5822,ITG,ITG1,19,Sicilia,Sicilia,4999891,642862,12.86,0.57
400,2021-06-26,SIC,36744,17506,19238,16187,20557,ITG,ITG1,19,Sicilia,Sicilia,4999891,679606,13.59,0.73
401,2021-04-30,SIC,34978,16328,18650,23968,11010,ITG,ITG1,19,Sicilia,Sicilia,4999891,714584,14.29,0.7
402,2021-03-04,SIC,15071,6569,8502,10954,4117,ITG,ITG1,19,Sicilia,Sicilia,4999891,729655,14.59,0.3
403,2021-06-12,SIC,44521,21752,22769,38634,5887,ITG,ITG1,19,Sicilia,Sicilia,4999891,774176,15.48,0.89
404,2021-02-04,SIC,6747,3073,3674,1452,5295,ITG,ITG1,19,Sicilia,Sicilia,4999891,780923,15.62,0.13
405,2021-01-01,SIC,818,437,381,818,0,ITG,ITG1,19,Sicilia,Sicilia,4999891,781741,15.64,0.02
406,2021-04-20,SIC,18979,8978,10001,13735,5244,ITG,ITG1,19,Sicilia,Sicilia,4999891,800720,16.01,0.38
407,2021-03-16,SIC,9559,4278,5281,3623,5936,ITG,ITG1,19,Sicilia,Sicilia,4999891,810279,16.21,0.19
408,2021-02-27,SIC,12235,5501,6734,11031,1204,ITG,ITG1,19,Sicilia,Sicilia,4999891,822514,16.45,0.24
409,2021-02-08,SIC,3933,1699,2234,2129,1804,ITG,ITG1,19,Sicilia,Sicilia,4999891,826447,16.53,0.08
410,2021-01-22,SIC,1278,636,642,262,1016,ITG,ITG1,19,Sicilia,Sicilia,4999891,827725,16.55,0.03
411,2021-01-08,SIC,8111,3782,4329,8111,0,ITG,ITG1,19,Sicilia,Sicilia,4999891,835836,16.72,0.16
412,2021-04-18,SIC,19705,9848,9857,15344,4361,ITG,ITG1,19,Sicilia,Sicilia,4999891,855541,17.11,0.39
413,2021-01-11,SIC,5824,2571,3253,5824,0,ITG,ITG1,19,Sicilia,Sicilia,4999891,861365,17.23,0.12
414,2021-05-16,SIC,33142,16139,17003,21816,11326,ITG,ITG1,19,Sicilia,Sicilia,4999891,894507,17.89,0.66
415,2021-05-02,SIC,24601,11427,13174,18000,6601,ITG,ITG1,19,Sicilia,Sicilia,4999891,919108,18.38,0.49
416,2021-06-16,SIC,39767,18496,21271,21065,18702,ITG,ITG1,19,Sicilia,Sicilia,4999891,958875,19.18,0.8
417,2021-03-25,SIC,20356,9461,10895,14891,5465,ITG,ITG1,19,Sicilia,Sicilia,4999891,979231,19.59,0.41
418,2021-07-03,SIC,27536,13132,14404,6835,20701,ITG,ITG1,19,Sicilia,Sicilia,4999891,1006767,20.14,0.55
419,2021-03-06,SIC,12638,5058,7580,9856,2782,ITG,ITG1,19,Sicilia,Sicilia,4999891,1019405,20.39,0.25
420,2021-06-14,SIC,42384,20154,22230,27632,14752,ITG,ITG1,19,Sicilia,Sicilia,4999891,1061789,21.24,0.85
421,2021-05-28,SIC,51227,22958,28269,24736,26491,ITG,ITG1,19,Sicilia,Sicilia,4999891,1113016,22.26,1.02
422,2021-06-04,SIC,57614,26636,30978,45814,11800,ITG,ITG1,19,Sicilia,Sicilia,4999891,1170630,23.41,1.15
423,2021-04-06,SIC,17747,8479,9268,13463,4284,ITG,ITG1,19,Sicilia,Sicilia,4999891,1188377,23.77,0.35
424,2021-02-22,SIC,7891,4094,3797,7398,493,ITG,ITG1,19,Sicilia,Sicilia,4999891,1196268,23.93,0.16
425,2020-12-27,SIC,92,55,37,92,0,ITG,ITG1,19,Sicilia,Sicilia,4999891,1196360,23.93,0.0
426,2021-06-02,SIC,35245,16288,18957,27473,7772,ITG,ITG1,19,Sicilia,Sicilia,4999891,1231605,24.63,0.7
427,2021-04-16,SIC,28519,14326,14193,20251,8268,ITG,ITG1,19,Sicilia,Sicilia,4999891,1260124,25.2,0.57
428,2021-01-23,SIC,4431,2278,2153,206,4225,ITG,ITG1,19,Sicilia,Sicilia,4999891,1264555,25.29,0.09
429,2021-01-06,SIC,6240,3284,2956,6240,0,ITG,ITG1,19,Sicilia,Sicilia,4999891,1270795,25.42,0.12
430,2021-04-02,SIC,13881,6541,7340,9148,4733,ITG,ITG1,19,Sicilia,Sicilia,4999891,1284676,25.69,0.28
431,2021-02-10,SIC,4354,1776,2578,3973,381,ITG,ITG1,19,Sicilia,Sicilia,4999891,1289030,25.78,0.09
432,2021-05-21,SIC,48559,23018,25541,26971,21588,ITG,ITG1,19,Sicilia,Sicilia,4999891,1337589,26.75,0.97
433,2021-04-01,SIC,14226,6609,7617,9562,4664,ITG,ITG1,19,Sicilia,Sicilia,4999891,1351815,27.04,0.28
434,2021-02-18,SIC,5277,3100,2177,4847,430,ITG,ITG1,19,Sicilia,Sicilia,4999891,1357092,27.14,0.11
435,2021-05-12,SIC,36768,17315,19453,21859,14909,ITG,ITG1,19,Sicilia,Sicilia,4999891,1393860,27.88,0.74
436,2021-04-08,SIC,16702,8249,8453,8236,8466,ITG,ITG1,19,Sicilia,Sicilia,4999891,1410562,28.21,0.33
437,2021-02-20,SIC,7138,3692,3446,6897,241,ITG,ITG1,19,Sicilia,Sicilia,4999891,1417700,28.35,0.14
438,2021-02-03,SIC,5920,2779,3141,721,5199,ITG,ITG1,19,Sicilia,Sicilia,4999891,1423620,28.47,0.12
439,2021-04-27,SIC,26271,12644,13627,15487,10784,ITG,ITG1,19,Sicilia,Sicilia,4999891,1449891,29.0,0.53
440,2021-05-07,SIC,36553,17258,19295,24939,11614,ITG,ITG1,19,Sicilia,Sicilia,4999891,1486444,29.73,0.73
441,2021-03-11,SIC,15339,6621,8718,12969,2370,ITG,ITG1,19,Sicilia,Sicilia,4999891,1501783,30.04,0.31
442,2021-01-27,SIC,7282,3709,3573,177,7105,ITG,ITG1,19,Sicilia,Sicilia,4999891,1509065,30.18,0.15
443,2021-01-13,SIC,5175,2437,2738,5175,0,ITG,ITG1,19,Sicilia,Sicilia,4999891,1514240,30.29,0.1
444,2021-01-20,SIC,957,508,449,691,266,ITG,ITG1,19,Sicilia,Sicilia,4999891,1515197,30.3,0.02
445,2021-02-15,SIC,3730,1733,1997,3166,564,ITG,ITG1,19,Sicilia,Sicilia,4999891,1518927,30.38,0.07
446,2021-05-26,SIC,44506,20858,23648,24078,20428,ITG,ITG1,19,Sicilia,Sicilia,4999891,1563433,31.27,0.89
447,2021-01-03,SIC,4782,2496,2286,4782,0,ITG,ITG1,19,Sicilia,Sicilia,4999891,1568215,31.36,0.1
448,2021-04-13,SIC,19682,9589,10093,10930,8752,ITG,ITG1,19,Sicilia,Sicilia,4999891,1587897,31.76,0.39
449,2021-01-10,SIC,3534,1578,1956,3534,0,ITG,ITG1,19,Sicilia,Sicilia,4999891,1591431,31.83,0.07
450,2021-03-20,SIC,18574,8967,9607,13436,5138,ITG,ITG1,19,Sicilia,Sicilia,4999891,1610005,32.2,0.37
451,2021-06-28,SIC,31138,14454,16684,14571,16567,ITG,ITG1,19,Sicilia,Sicilia,4999891,1641143,32.82,0.62
452,2021-06-21,SIC,39624,18361,21263,18218,21406,ITG,ITG1,19,Sicilia,Sicilia,4999891,1680767,33.62,0.79
453,2021-05-09,SIC,28077,13136,14941,19808,8269,ITG,ITG1,19,Sicilia,Sicilia,4999891,1708844,34.18,0.56
454,2021-02-05,SIC,6739,2979,3760,2127,4612,ITG,ITG1,19,Sicilia,Sicilia,4999891,1715583,34.31,0.13
455,2021-04-03,SIC,16410,7814,8596,13576,2834,ITG,ITG1,19,Sicilia,Sicilia,4999891,1731993,34.64,0.33
456,2021-03-27,SIC,15606,7356,8250,10754,4852,ITG,ITG1,19,Sicilia,Sicilia,4999891,1747599,34.95,0.31
457,2021-01-29,SIC,9171,4253,4918,425,8746,ITG,ITG1,19,Sicilia,Sicilia,4999891,1756770,35.14,0.18
458,2021-02-12,SIC,4587,1812,2775,4321,266,ITG,ITG1,19,Sicilia,Sicilia,4999891,1761357,35.23,0.09
459,2021-05-23,SIC,34094,16597,17497,20075,14019,ITG,ITG1,19,Sicilia,Sicilia,4999891,1795451,35.91,0.68
460,2021-02-19,SIC,4906,2647,2259,4343,563,ITG,ITG1,19,Sicilia,Sicilia,4999891,1800357,36.01,0.1
461,2021-03-08,SIC,13393,5866,7527,10780,2613,ITG,ITG1,19,Sicilia,Sicilia,4999891,1813750,36.28,0.27
462,2021-05-30,SIC,35767,16169,19598,17719,18048,ITG,ITG1,19,Sicilia,Sicilia,4999891,1849517,36.99,0.72
463,2021-05-13,SIC,47271,22163,25108,30733,16538,ITG,ITG1,19,Sicilia,Sicilia,4999891,1896788,37.94,0.95
464,2021-05-14,SIC,52056,24404,27652,36368,15688,ITG,ITG1,19,Sicilia,Sicilia,4999891,1948844,38.98,1.04
465,2021-01-15,SIC,5201,2282,2919,5201,0,ITG,ITG1,19,Sicilia,Sicilia,4999891,1954045,39.08,0.1
466,2021-04-25,SIC,21351,10184,11167,16375,4976,ITG,ITG1,19,Sicilia,Sicilia,4999891,1975396,39.51,0.43
467,2021-02-01,SIC,5905,2625,3280,294,5611,ITG,ITG1,19,Sicilia,Sicilia,4999891,1981301,39.63,0.12
468,2021-03-22,SIC,16588,7838,8750,11225,5363,ITG,ITG1,19,Sicilia,Sicilia,4999891,1997889,39.96,0.33
469,2021-06-30,SIC,31966,14772,17194,11281,20685,ITG,ITG1,19,Sicilia,Sicilia,4999891,2029855,40.6,0.64
470,2020-12-29,SIC,243,152,91,243,0,ITG,ITG1,19,Sicilia,Sicilia,4999891,2030098,40.6,0.0
471,2021-06-13,SIC,33485,16639,16846,29995,3490,ITG,ITG1,19,Sicilia,Sicilia,4999891,2063583,41.27,0.67
472,2021-06-23,SIC,43750,20349,23401,17558,26192,ITG,ITG1,19,Sicilia,Sicilia,4999891,2107333,42.15,0.88
473,2021-01-24,SIC,4316,2256,2060,134,4182,ITG,ITG1,19,Sicilia,Sicilia,4999891,2111649,42.23,0.09
474,2021-05-04,SIC,26815,12468,14347,17524,9291,ITG,ITG1,19,Sicilia,Sicilia,4999891,2138464,42.77,0.54
475,2021-03-01,SIC,12693,6014,6679,11038,1655,ITG,ITG1,19,Sicilia,Sicilia,4999891,2151157,43.02,0.25
476,2021-06-09,SIC,49352,23487,25865,42225,7127,ITG,ITG1,19,Sicilia,Sicilia,4999891,2200509,44.01,0.99
477,2021-01-19,SIC,1498,662,836,1276,222,ITG,ITG1,19,Sicilia,Sicilia,4999891,2202007,44.04,0.03
478,2021-06-11,SIC,48307,23021,25286,40716,7591,ITG,ITG1,19,Sicilia,Sicilia,4999891,2250314,45.01,0.97
479,2021-04-29,SIC,31686,14821,16865,22228,9458,ITG,ITG1,19,Sicilia,Sicilia,4999891,2282000,45.64,0.63
480,2021-03-03,SIC,14420,6431,7989,11356,3064,ITG,ITG1,19,Sicilia,Sicilia,4999891,2296420,45.93,0.29
481,2021-02-24,SIC,9306,4760,4546,8746,560,ITG,ITG1,19,Sicilia,Sicilia,4999891,2305726,46.12,0.19
482,2021-01-21,SIC,1434,706,728,501,933,ITG,ITG1,19,Sicilia,Sicilia,4999891,2307160,46.14,0.03
483,2021-05-01,SIC,24439,11311,13128,19275,5164,ITG,ITG1,19,Sicilia,Sicilia,4999891,2331599,46.63,0.49
484,2021-05-10,SIC,28313,13593,14720,16180,12133,ITG,ITG1,19,Sicilia,Sicilia,4999891,2359912,47.2,0.57
485,2021-03-26,SIC,17858,8293,9565,12427,5431,ITG,ITG1,19,Sicilia,Sicilia,4999891,2377770,47.56,0.36
486,2021-01-28,SIC,9027,4272,4755,393,8634,ITG,ITG1,19,Sicilia,Sicilia,4999891,2386797,47.74,0.18
487,2021-05-08,SIC,35623,17026,18597,25324,10299,ITG,ITG1,19,Sicilia,Sicilia,4999891,2422420,48.45,0.71
488,2021-01-26,SIC,9528,4716,4812,249,9279,ITG,ITG1,19,Sicilia,Sicilia,4999891,2431948,48.64,0.19
489,2021-04-10,SIC,20423,9970,10453,11459,8964,ITG,ITG1,19,Sicilia,Sicilia,4999891,2452371,49.05,0.41
490,2021-01-17,SIC,1305,592,713,1245,60,ITG,ITG1,19,Sicilia,Sicilia,4999891,2453676,49.07,0.03
491,2021-07-02,SIC,30071,13986,16085,9870,20201,ITG,ITG1,19,Sicilia,Sicilia,4999891,2483747,49.68,0.6
492,2021-03-05,SIC,15667,6771,8896,11432,4235,ITG,ITG1,19,Sicilia,Sicilia,4999891,2499414,49.99,0.31
493,2021-02-16,SIC,4200,2207,1993,3735,465,ITG,ITG1,19,Sicilia,Sicilia,4999891,2503614,50.07,0.08
494,2021-03-18,SIC,15287,7666,7621,9788,5499,ITG,ITG1,19,Sicilia,Sicilia,4999891,2518901,50.38,0.31
495,2021-02-07,SIC,2343,993,1350,674,1669,ITG,ITG1,19,Sicilia,Sicilia,4999891,2521244,50.43,0.05
496,2021-05-18,SIC,36088,17361,18727,23575,12513,ITG,ITG1,19,Sicilia,Sicilia,4999891,2557332,51.15,0.72
497,2021-05-25,SIC,33366,15293,18073,14099,19267,ITG,ITG1,19,Sicilia,Sicilia,4999891,2590698,51.82,0.67
498,2021-03-15,SIC,10614,4686,5928,5722,4892,ITG,ITG1,19,Sicilia,Sicilia,4999891,2601312,52.03,0.21
499,2021-03-29,SIC,14988,7059,7929,10491,4497,ITG,ITG1,19,Sicilia,Sicilia,4999891,2616300,52.33,0.3
500,2021-06-01,SIC,38758,17629,21129,24969,13789,ITG,ITG1,19,Sicilia,Sicilia,4999891,2655058,53.1,0.78
501,2021-04-05,SIC,8013,3954,4059,6573,1440,ITG,ITG1,19,Sicilia,Sicilia,4999891,2663071,53.26,0.16
502,2021-06-17,SIC,41209,19190,22019,20169,21040,ITG,ITG1,19,Sicilia,Sicilia,4999891,2704280,54.09,0.82
503,2020-12-31,SIC,887,473,414,887,0,ITG,ITG1,19,Sicilia,Sicilia,4999891,2705167,54.1,0.02
504,2021-03-07,SIC,9259,3454,5805,8176,1083,ITG,ITG1,19,Sicilia,Sicilia,4999891,2714426,54.29,0.19
505,2021-06-15,SIC,45128,21268,23860,27814,17314,ITG,ITG1,19,Sicilia,Sicilia,4999891,2759554,55.19,0.9
506,2021-03-24,SIC,20877,9803,11074,15216,5661,ITG,ITG1,19,Sicilia,Sicilia,4999891,2780431,55.61,0.42
507,2021-01-31,SIC,4032,1927,2105,112,3920,ITG,ITG1,19,Sicilia,Sicilia,4999891,2784463,55.69,0.08
508,2021-05-11,SIC,32290,15355,16935,19814,12476,ITG,ITG1,19,Sicilia,Sicilia,4999891,2816753,56.34,0.65
509,2021-02-17,SIC,5215,3203,2012,4547,668,ITG,ITG1,19,Sicilia,Sicilia,4999891,2821968,56.44,0.1
510,2021-04-24,SIC,31135,14696,16439,23505,7630,ITG,ITG1,19,Sicilia,Sicilia,4999891,2853103,57.06,0.62
511,2021-04-26,SIC,21685,10263,11422,13604,8081,ITG,ITG1,19,Sicilia,Sicilia,4999891,2874788,57.5,0.43
512,2021-02-02,SIC,5271,2472,2799,627,4644,ITG,ITG1,19,Sicilia,Sicilia,4999891,2880059,57.6,0.11
513,2021-01-14,SIC,5251,2483,2768,5251,0,ITG,ITG1,19,Sicilia,Sicilia,4999891,2885310,57.71,0.11
514,2021-01-05,SIC,10334,5078,5256,10334,0,ITG,ITG1,19,Sicilia,Sicilia,4999891,2895644,57.91,0.21
515,2021-04-15,SIC,21040,10246,10794,11746,9294,ITG,ITG1,19,Sicilia,Sicilia,4999891,2916684,58.33,0.42
516,2021-06-20,SIC,32889,15563,17326,14917,17972,ITG,ITG1,19,Sicilia,Sicilia,4999891,2949573,58.99,0.66
517,2021-04-22,SIC,26758,12640,14118,20299,6459,ITG,ITG1,19,Sicilia,Sicilia,4999891,2976331,59.53,0.54
518,2021-03-10,SIC,13861,6059,7802,11678,2183,ITG,ITG1,19,Sicilia,Sicilia,4999891,2990192,59.81,0.28
519,2021-01-12,SIC,4326,2120,2206,4326,0,ITG,ITG1,19,Sicilia,Sicilia,4999891,2994518,59.89,0.09
520,2021-06-18,SIC,42988,19872,23116,18722,24266,ITG,ITG1,19,Sicilia,Sicilia,4999891,3037506,60.75,0.86
521,2021-06-27,SIC,24875,11977,12898,11927,12948,ITG,ITG1,19,Sicilia,Sicilia,4999891,3062381,61.25,0.5
522,2021-05-15,SIC,56474,26386,30088,41237,15237,ITG,ITG1,19,Sicilia,Sicilia,4999891,3118855,62.38,1.13
523,2021-03-19,SIC,16216,7985,8231,10734,5482,ITG,ITG1,19,Sicilia,Sicilia,4999891,3135071,62.7,0.32
524,2021-05-29,SIC,47176,21463,25713,23987,23189,ITG,ITG1,19,Sicilia,Sicilia,4999891,3182247,63.65,0.94
525,2021-06-10,SIC,51141,24017,27124,44053,7088,ITG,ITG1,19,Sicilia,Sicilia,4999891,3233388,64.67,1.02
526,2021-05-27,SIC,47426,21780,25646,24846,22580,ITG,ITG1,19,Sicilia,Sicilia,4999891,3280814,65.62,0.95
527,2021-04-14,SIC,20110,9719,10391,11413,8697,ITG,ITG1,19,Sicilia,Sicilia,4999891,3300924,66.02,0.4
528,2021-04-21,SIC,22369,10740,11629,16261,6108,ITG,ITG1,19,Sicilia,Sicilia,4999891,3323293,66.47,0.45
529,2021-04-07,SIC,15483,7616,7867,8363,7120,ITG,ITG1,19,Sicilia,Sicilia,4999891,3338776,66.78,0.31
530,2021-06-03,SIC,45764,20983,24781,34256,11508,ITG,ITG1,19,Sicilia,Sicilia,4999891,3384540,67.69,0.92
531,2021-04-12,SIC,18842,9141,9701,11591,7251,ITG,ITG1,19,Sicilia,Sicilia,4999891,3403382,68.07,0.38
532,2021-02-14,SIC,1055,402,653,915,140,ITG,ITG1,19,Sicilia,Sicilia,4999891,3404437,68.09,0.02
533,2021-01-02,SIC,4846,2524,2322,4846,0,ITG,ITG1,19,Sicilia,Sicilia,4999891,3409283,68.19,0.1
534,2021-03-12,SIC,12772,5491,7281,10777,1995,ITG,ITG1,19,Sicilia,Sicilia,4999891,3422055,68.44,0.26
535,2021-06-29,SIC,30388,14220,16168,15344,15044,ITG,ITG1,19,Sicilia,Sicilia,4999891,3452443,69.05,0.61
536,2021-06-22,SIC,39415,18125,21290,18166,21249,ITG,ITG1,19,Sicilia,Sicilia,4999891,3491858,69.84,0.79
537,2021-05-22,SIC,47961,22781,25180,28652,19309,ITG,ITG1,19,Sicilia,Sicilia,4999891,3539819,70.8,0.96
538,2021-02-28,SIC,7163,3062,4101,6533,630,ITG,ITG1,19,Sicilia,Sicilia,4999891,3546982,70.94,0.14
539,2021-06-08,SIC,47456,22305,25151,40941,6515,ITG,ITG1,19,Sicilia,Sicilia,4999891,3594438,71.89,0.95
540,2021-01-09,SIC,7184,3387,3797,7184,0,ITG,ITG1,19,Sicilia,Sicilia,4999891,3601622,72.03,0.14
541,2021-05-03,SIC,23304,10794,12510,13516,9788,ITG,ITG1,19,Sicilia,Sicilia,4999891,3624926,72.5,0.47
542,2021-04-19,SIC,18215,8623,9592,12636,5579,ITG,ITG1,19,Sicilia,Sicilia,4999891,3643141,72.86,0.36
543,2021-02-21,SIC,5168,2501,2667,5062,106,ITG,ITG1,19,Sicilia,Sicilia,4999891,3648309,72.97,0.1
544,2021-03-30,SIC,14533,6754,7779,9770,4763,ITG,ITG1,19,Sicilia,Sicilia,4999891,3662842,73.26,0.29
545,2021-03-13,SIC,12209,5387,6822,7717,4492,ITG,ITG1,19,Sicilia,Sicilia,4999891,3675051,73.5,0.24
546,2021-04-17,SIC,26017,13150,12867,18951,7066,ITG,ITG1,19,Sicilia,Sicilia,4999891,3701068,74.02,0.52
547,2021-03-17,SIC,14984,7398,7586,9196,5788,ITG,ITG1,19,Sicilia,Sicilia,4999891,3716052,74.32,0.3
548,2021-06-25,SIC,39174,18367,20807,17152,22022,ITG,ITG1,19,Sicilia,Sicilia,4999891,3755226,75.11,0.78
549,2021-06-06,SIC,49502,23908,25594,41682,7820,ITG,ITG1,19,Sicilia,Sicilia,4999891,3804728,76.1,0.99
550,2021-02-26,SIC,11883,5810,6073,10203,1680,ITG,ITG1,19,Sicilia,Sicilia,4999891,3816611,76.33,0.24
551,2021-05-06,SIC,29356,13961,15395,18529,10827,ITG,ITG1,19,Sicilia,Sicilia,4999891,3845967,76.92,0.59
552,2021-03-31,SIC,14449,6692,7757,9517,4932,ITG,ITG1,19,Sicilia,Sicilia,4999891,3860416,77.21,0.29
553,2021-01-07,SIC,8923,4127,4796,8923,0,ITG,ITG1,19,Sicilia,Sicilia,4999891,3869339,77.39,0.18
554,2021-02-09,SIC,4381,1816,2565,3313,1068,ITG,ITG1,19,Sicilia,Sicilia,4999891,3873720,77.48,0.09
555,2021-05-20,SIC,43752,20975,22777,27844,15908,ITG,ITG1,19,Sicilia,Sicilia,4999891,3917472,78.35,0.88
556,2021-05-24,LOM,89505,43479,46026,49511,39994,ITC,ITC4,3,Lombardia,Lombardia,10060574,89505,0.89,0.89
557,2021-02-11,LOM,17080,5010,12070,9707,7373,ITC,ITC4,3,Lombardia,Lombardia,10060574,106585,1.06,0.17
558,2021-05-31,LOM,95641,47395,48246,79446,16195,ITC,ITC4,3,Lombardia,Lombardia,10060574,202226,2.01,0.95
559,2021-03-26,LOM,41302,15695,25607,28160,13142,ITC,ITC4,3,Lombardia,Lombardia,10060574,243528,2.42,0.41
560,2021-05-22,LOM,70577,33827,36750,32426,38151,ITC,ITC4,3,Lombardia,Lombardia,10060574,314105,3.12,0.7
561,2021-05-29,LOM,88303,42410,45893,42244,46059,ITC,ITC4,3,Lombardia,Lombardia,10060574,402408,4.0,0.88
562,2021-02-18,LOM,14050,4924,9126,13014,1036,ITC,ITC4,3,Lombardia,Lombardia,10060574,416458,4.14,0.14
563,2021-02-16,LOM,9506,3073,6433,9058,448,ITC,ITC4,3,Lombardia,Lombardia,10060574,425964,4.23,0.09
564,2021-06-10,LOM,101655,51736,49919,87260,14395,ITC,ITC4,3,Lombardia,Lombardia,10060574,527619,5.24,1.01
565,2021-03-02,LOM,22812,9702,13110,19773,3039,ITC,ITC4,3,Lombardia,Lombardia,10060574,550431,5.47,0.23
566,2020-12-28,LOM,107,47,60,107,0,ITC,ITC4,3,Lombardia,Lombardia,10060574,550538,5.47,0.0
567,2021-04-21,LOM,71767,32535,39232,57152,14615,ITC,ITC4,3,Lombardia,Lombardia,10060574,622305,6.19,0.71
568,2021-01-11,LOM,16261,5378,10883,16261,0,ITC,ITC4,3,Lombardia,Lombardia,10060574,638566,6.35,0.16
569,2021-01-28,LOM,12224,3703,8521,801,11423,ITC,ITC4,3,Lombardia,Lombardia,10060574,650790,6.47,0.12
570,2021-02-04,LOM,27820,8109,19711,2013,25807,ITC,ITC4,3,Lombardia,Lombardia,10060574,678610,6.75,0.28
571,2021-04-09,LOM,52369,22364,30005,36376,15993,ITC,ITC4,3,Lombardia,Lombardia,10060574,730979,7.27,0.52
572,2021-04-04,LOM,7611,3230,4381,3716,3895,ITC,ITC4,3,Lombardia,Lombardia,10060574,738590,7.34,0.08
573,2021-04-02,LOM,41186,16850,24336,26730,14456,ITC,ITC4,3,Lombardia,Lombardia,10060574,779776,7.75,0.41
574,2021-04-28,LOM,95727,43665,52062,68823,26904,ITC,ITC4,3,Lombardia,Lombardia,10060574,875503,8.7,0.95
575,2021-06-24,LOM,106049,54883,51166,77797,28252,ITC,ITC4,3,Lombardia,Lombardia,10060574,981552,9.76,1.05
576,2021-03-16,LOM,25496,10113,15383,16418,9078,ITC,ITC4,3,Lombardia,Lombardia,10060574,1007048,10.01,0.25
577,2021-05-12,LOM,87474,41745,45729,59919,27555,ITC,ITC4,3,Lombardia,Lombardia,10060574,1094522,10.88,0.87
578,2021-03-28,LOM,20481,7817,12664,14317,6164,ITC,ITC4,3,Lombardia,Lombardia,10060574,1115003,11.08,0.2
579,2021-04-14,LOM,47173,21025,26148,34203,12970,ITC,ITC4,3,Lombardia,Lombardia,10060574,1162176,11.55,0.47
580,2021-01-04,LOM,6100,2103,3997,6100,0,ITC,ITC4,3,Lombardia,Lombardia,10060574,1168276,11.61,0.06
581,2021-06-19,LOM,103294,51499,51795,58506,44788,ITC,ITC4,3,Lombardia,Lombardia,10060574,1271570,12.64,1.03
582,2021-04-23,LOM,73495,33310,40185,56947,16548,ITC,ITC4,3,Lombardia,Lombardia,10060574,1345065,13.37,0.73
583,2021-05-10,LOM,85262,40879,44383,63686,21576,ITC,ITC4,3,Lombardia,Lombardia,10060574,1430327,14.22,0.85
584,2021-01-30,LOM,12313,4565,7748,154,12159,ITC,ITC4,3,Lombardia,Lombardia,10060574,1442640,14.34,0.12
585,2021-06-05,LOM,102109,52794,49315,92342,9767,ITC,ITC4,3,Lombardia,Lombardia,10060574,1544749,15.35,1.01
586,2021-03-14,LOM,14874,5348,9526,11591,3283,ITC,ITC4,3,Lombardia,Lombardia,10060574,1559623,15.5,0.15
587,2021-02-23,LOM,11829,4803,7026,11497,332,ITC,ITC4,3,Lombardia,Lombardia,10060574,1571452,15.62,0.12
588,2021-01-16,LOM,15432,5734,9698,15432,0,ITC,ITC4,3,Lombardia,Lombardia,10060574,1586884,15.77,0.15
589,2021-01-09,LOM,12419,4574,7845,12419,0,ITC,ITC4,3,Lombardia,Lombardia,10060574,1599303,15.9,0.12
590,2021-03-07,LOM,12087,5361,6726,9528,2559,ITC,ITC4,3,Lombardia,Lombardia,10060574,1611390,16.02,0.12
591,2021-04-25,LOM,51497,23613,27884,46754,4743,ITC,ITC4,3,Lombardia,Lombardia,10060574,1662887,16.53,0.51
592,2021-06-28,LOM,102616,52328,50288,71923,30693,ITC,ITC4,3,Lombardia,Lombardia,10060574,1765503,17.55,1.02
593,2021-04-06,LOM,43063,17585,25478,25128,17935,ITC,ITC4,3,Lombardia,Lombardia,10060574,1808566,17.98,0.43
594,2021-06-17,LOM,107747,52319,55428,53491,54256,ITC,ITC4,3,Lombardia,Lombardia,10060574,1916313,19.05,1.07
595,2021-03-09,LOM,33217,12861,20356,25821,7396,ITC,ITC4,3,Lombardia,Lombardia,10060574,1949530,19.38,0.33
596,2021-05-05,LOM,87929,41922,46007,72617,15312,ITC,ITC4,3,Lombardia,Lombardia,10060574,2037459,20.25,0.87
597,2021-07-01,LOM,99640,50147,49493,50772,48868,ITC,ITC4,3,Lombardia,Lombardia,10060574,2137099,21.24,0.99
598,2021-01-18,LOM,9202,2972,6230,8227,975,ITC,ITC4,3,Lombardia,Lombardia,10060574,2146301,21.33,0.09
599,2021-03-23,LOM,42572,15466,27106,29712,12860,ITC,ITC4,3,Lombardia,Lombardia,10060574,2188873,21.76,0.42
600,2021-04-16,LOM,53679,23925,29754,39323,14356,ITC,ITC4,3,Lombardia,Lombardia,10060574,2242552,22.29,0.53
601,2021-05-03,LOM,83699,39752,43947,71574,12125,ITC,ITC4,3,Lombardia,Lombardia,10060574,2326251,23.12,0.83
602,2021-01-23,LOM,1115,357,758,916,199,ITC,ITC4,3,Lombardia,Lombardia,10060574,2327366,23.13,0.01
603,2021-06-21,LOM,111600,57181,54419,80766,30834,ITC,ITC4,3,Lombardia,Lombardia,10060574,2438966,24.24,1.11
604,2021-06-02,LOM,84629,43572,41057,78298,6331,ITC,ITC4,3,Lombardia,Lombardia,10060574,2523595,25.08,0.84
605,2021-03-11,LOM,36216,13476,22740,26307,9909,ITC,ITC4,3,Lombardia,Lombardia,10060574,2559811,25.44,0.36
606,2021-04-11,LOM,32218,13943,18275,24825,7393,ITC,ITC4,3,Lombardia,Lombardia,10060574,2592029,25.76,0.32
607,2021-01-01,LOM,24,7,17,24,0,ITC,ITC4,3,Lombardia,Lombardia,10060574,2592053,25.76,0.0
608,2021-06-07,LOM,98518,50194,48324,85214,13304,ITC,ITC4,3,Lombardia,Lombardia,10060574,2690571,26.74,0.98
609,2021-02-27,LOM,13946,5871,8075,13305,641,ITC,ITC4,3,Lombardia,Lombardia,10060574,2704517,26.88,0.14
610,2020-12-30,LOM,114,42,72,114,0,ITC,ITC4,3,Lombardia,Lombardia,10060574,2704631,26.88,0.0
611,2021-06-16,LOM,98621,50089,48532,50670,47951,ITC,ITC4,3,Lombardia,Lombardia,10060574,2803252,27.86,0.98
612,2021-06-12,LOM,88525,47652,40873,85451,3074,ITC,ITC4,3,Lombardia,Lombardia,10060574,2891777,28.74,0.88
613,2021-06-29,LOM,102317,50737,51580,54810,47507,ITC,ITC4,3,Lombardia,Lombardia,10060574,2994094,29.76,1.02
614,2021-03-21,LOM,23512,8494,15018,18318,5194,ITC,ITC4,3,Lombardia,Lombardia,10060574,3017606,29.99,0.23
615,2021-02-13,LOM,6419,2441,3978,4942,1477,ITC,ITC4,3,Lombardia,Lombardia,10060574,3024025,30.06,0.06
616,2021-01-13,LOM,26432,8072,18360,26432,0,ITC,ITC4,3,Lombardia,Lombardia,10060574,3050457,30.32,0.26
617,2021-05-17,LOM,94633,45351,49282,30224,64409,ITC,ITC4,3,Lombardia,Lombardia,10060574,3145090,31.26,0.94
618,2021-05-19,LOM,82870,39584,43286,33816,49054,ITC,ITC4,3,Lombardia,Lombardia,10060574,3227960,32.09,0.82
619,2021-02-08,LOM,10083,2919,7164,2130,7953,ITC,ITC4,3,Lombardia,Lombardia,10060574,3238043,32.19,0.1
620,2021-02-25,LOM,15293,6349,8944,13721,1572,ITC,ITC4,3,Lombardia,Lombardia,10060574,3253336,32.34,0.15
621,2021-02-06,LOM,15258,5537,9721,1015,14243,ITC,ITC4,3,Lombardia,Lombardia,10060574,3268594,32.49,0.15
622,2021-01-27,LOM,8036,2675,5361,808,7228,ITC,ITC4,3,Lombardia,Lombardia,10060574,3276630,32.57,0.08
623,2021-07-03,LOM,75860,38030,37830,29281,46579,ITC,ITC4,3,Lombardia,Lombardia,10060574,3352490,33.32,0.75
624,2021-03-25,LOM,42819,16013,26806,30136,12683,ITC,ITC4,3,Lombardia,Lombardia,10060574,3395309,33.75,0.43
625,2021-05-21,LOM,93819,45231,48588,29135,64684,ITC,ITC4,3,Lombardia,Lombardia,10060574,3489128,34.68,0.93
626,2021-05-07,LOM,92284,43694,48590,69904,22380,ITC,ITC4,3,Lombardia,Lombardia,10060574,3581412,35.6,0.92
627,2021-03-18,LOM,27390,10954,16436,16153,11237,ITC,ITC4,3,Lombardia,Lombardia,10060574,3608802,35.87,0.27
628,2021-05-14,LOM,85933,41383,44550,55634,30299,ITC,ITC4,3,Lombardia,Lombardia,10060574,3694735,36.72,0.85
629,2021-02-20,LOM,9338,3867,5471,9040,298,ITC,ITC4,3,Lombardia,Lombardia,10060574,3704073,36.82,0.09
630,2021-04-18,LOM,36403,16227,20176,31164,5239,ITC,ITC4,3,Lombardia,Lombardia,10060574,3740476,37.18,0.36
631,2021-01-08,LOM,12706,3919,8787,12706,0,ITC,ITC4,3,Lombardia,Lombardia,10060574,3753182,37.31,0.13
632,2021-01-15,LOM,25219,7433,17786,25219,0,ITC,ITC4,3,Lombardia,Lombardia,10060574,3778401,37.56,0.25
633,2021-04-29,LOM,115510,53587,61923,85666,29844,ITC,ITC4,3,Lombardia,Lombardia,10060574,3893911,38.7,1.15
634,2021-01-25,LOM,7014,2368,4646,473,6541,ITC,ITC4,3,Lombardia,Lombardia,10060574,3900925,38.77,0.07
635,2021-02-01,LOM,16066,5322,10744,309,15757,ITC,ITC4,3,Lombardia,Lombardia,10060574,3916991,38.93,0.16
636,2021-04-03,LOM,36241,14860,21381,26150,10091,ITC,ITC4,3,Lombardia,Lombardia,10060574,3953232,39.29,0.36
637,2021-05-30,LOM,74367,35587,38780,34411,39956,ITC,ITC4,3,Lombardia,Lombardia,10060574,4027599,40.03,0.74
638,2021-05-23,LOM,60762,28927,31835,26807,33955,ITC,ITC4,3,Lombardia,Lombardia,10060574,4088361,40.64,0.6
639,2021-03-30,LOM,39622,15589,24033,24842,14780,ITC,ITC4,3,Lombardia,Lombardia,10060574,4127983,41.03,0.39
640,2021-01-06,LOM,7060,2493,4567,7060,0,ITC,ITC4,3,Lombardia,Lombardia,10060574,4135043,41.1,0.07
641,2021-05-18,LOM,88193,42154,46039,32630,55563,ITC,ITC4,3,Lombardia,Lombardia,10060574,4223236,41.98,0.88
642,2021-06-04,LOM,104412,54210,50202,94788,9624,ITC,ITC4,3,Lombardia,Lombardia,10060574,4327648,43.02,1.04
643,2021-02-24,LOM,14720,5957,8763,13766,954,ITC,ITC4,3,Lombardia,Lombardia,10060574,4342368,43.16,0.15
644,2021-05-16,LOM,68699,32505,36194,36496,32203,ITC,ITC4,3,Lombardia,Lombardia,10060574,4411067,43.85,0.68
645,2021-02-05,LOM,25706,7456,18250,2428,23278,ITC,ITC4,3,Lombardia,Lombardia,10060574,4436773,44.1,0.26
646,2021-05-02,LOM,83504,38336,45168,61040,22464,ITC,ITC4,3,Lombardia,Lombardia,10060574,4520277,44.93,0.83
647,2021-04-13,LOM,47644,21267,26377,33567,14077,ITC,ITC4,3,Lombardia,Lombardia,10060574,4567921,45.4,0.47
648,2021-04-30,LOM,117249,54793,62456,89759,27490,ITC,ITC4,3,Lombardia,Lombardia,10060574,4685170,46.57,1.17
649,2021-01-20,LOM,5666,1377,4289,5552,114,ITC,ITC4,3,Lombardia,Lombardia,10060574,4690836,46.63,0.06
650,2021-01-22,LOM,3142,868,2274,3073,69,ITC,ITC4,3,Lombardia,Lombardia,10060574,4693978,46.66,0.03
651,2021-03-04,LOM,29323,12111,17212,20258,9065,ITC,ITC4,3,Lombardia,Lombardia,10060574,4723301,46.95,0.29
652,2021-06-30,LOM,101561,50256,51305,53635,47926,ITC,ITC4,3,Lombardia,Lombardia,10060574,4824862,47.96,1.01
653,2021-03-22,LOM,40336,14302,26034,29779,10557,ITC,ITC4,3,Lombardia,Lombardia,10060574,4865198,48.36,0.4
654,2021-04-08,LOM,52355,21761,30594,35896,16459,ITC,ITC4,3,Lombardia,Lombardia,10060574,4917553,48.88,0.52
655,2020-12-29,LOM,106,45,61,106,0,ITC,ITC4,3,Lombardia,Lombardia,10060574,4917659,48.88,0.0
656,2021-04-22,LOM,73895,33384,40511,57569,16326,ITC,ITC4,3,Lombardia,Lombardia,10060574,4991554,49.62,0.73
657,2021-03-03,LOM,26971,11515,15456,19689,7282,ITC,ITC4,3,Lombardia,Lombardia,10060574,5018525,49.88,0.27
658,2021-03-06,LOM,21338,9098,12240,16825,4513,ITC,ITC4,3,Lombardia,Lombardia,10060574,5039863,50.1,0.21
659,2021-06-09,LOM,102771,51783,50988,88309,14462,ITC,ITC4,3,Lombardia,Lombardia,10060574,5142634,51.12,1.02
660,2021-03-08,LOM,29747,11187,18560,22668,7079,ITC,ITC4,3,Lombardia,Lombardia,10060574,5172381,51.41,0.3
661,2021-05-04,LOM,86815,41075,45740,72422,14393,ITC,ITC4,3,Lombardia,Lombardia,10060574,5259196,52.28,0.86
662,2021-01-24,LOM,1199,457,742,536,663,ITC,ITC4,3,Lombardia,Lombardia,10060574,5260395,52.29,0.01
663,2021-06-18,LOM,106813,52454,54359,54018,52795,ITC,ITC4,3,Lombardia,Lombardia,10060574,5367208,53.35,1.06
664,2021-03-01,LOM,18793,8232,10561,17088,1705,ITC,ITC4,3,Lombardia,Lombardia,10060574,5386001,53.54,0.19
665,2021-05-15,LOM,80904,38782,42122,47522,33382,ITC,ITC4,3,Lombardia,Lombardia,10060574,5466905,54.34,0.8
666,2021-05-13,LOM,87143,41765,45378,58293,28850,ITC,ITC4,3,Lombardia,Lombardia,10060574,5554048,55.21,0.87
667,2021-02-02,LOM,19880,6598,13282,499,19381,ITC,ITC4,3,Lombardia,Lombardia,10060574,5573928,55.4,0.2
668,2021-03-31,LOM,42054,17052,25002,26822,15232,ITC,ITC4,3,Lombardia,Lombardia,10060574,5615982,55.82,0.42
669,2021-03-10,LOM,33248,12716,20532,25385,7863,ITC,ITC4,3,Lombardia,Lombardia,10060574,5649230,56.15,0.33
670,2021-05-06,LOM,89824,42192,47632,73332,16492,ITC,ITC4,3,Lombardia,Lombardia,10060574,5739054,57.04,0.89
671,2021-01-26,LOM,8342,2706,5636,349,7993,ITC,ITC4,3,Lombardia,Lombardia,10060574,5747396,57.13,0.08
672,2021-04-15,LOM,49459,21865,27594,35634,13825,ITC,ITC4,3,Lombardia,Lombardia,10060574,5796855,57.62,0.49
673,2021-01-05,LOM,7853,2576,5277,7853,0,ITC,ITC4,3,Lombardia,Lombardia,10060574,5804708,57.7,0.08
674,2021-03-27,LOM,32437,12376,20061,23729,8708,ITC,ITC4,3,Lombardia,Lombardia,10060574,5837145,58.02,0.32
675,2021-01-03,LOM,854,316,538,854,0,ITC,ITC4,3,Lombardia,Lombardia,10060574,5837999,58.03,0.01
676,2021-06-26,LOM,101564,53216,48348,76181,25383,ITC,ITC4,3,Lombardia,Lombardia,10060574,5939563,59.04,1.01
677,2021-02-10,LOM,14400,4506,9894,7578,6822,ITC,ITC4,3,Lombardia,Lombardia,10060574,5953963,59.18,0.14
678,2021-02-03,LOM,25646,7917,17729,1081,24565,ITC,ITC4,3,Lombardia,Lombardia,10060574,5979609,59.44,0.25
679,2021-05-11,LOM,86873,41432,45441,60652,26221,ITC,ITC4,3,Lombardia,Lombardia,10060574,6066482,60.3,0.86
680,2021-05-28,LOM,93526,44825,48701,42944,50582,ITC,ITC4,3,Lombardia,Lombardia,10060574,6160008,61.23,0.93
681,2021-02-17,LOM,11990,3756,8234,10600,1390,ITC,ITC4,3,Lombardia,Lombardia,10060574,6171998,61.35,0.12
682,2021-06-11,LOM,100550,51200,49350,85972,14578,ITC,ITC4,3,Lombardia,Lombardia,10060574,6272548,62.35,1.0
683,2021-04-01,LOM,42964,17235,25729,26760,16204,ITC,ITC4,3,Lombardia,Lombardia,10060574,6315512,62.77,0.43
684,2021-06-01,LOM,93939,46093,47846,76851,17088,ITC,ITC4,3,Lombardia,Lombardia,10060574,6409451,63.71,0.93
685,2021-01-02,LOM,200,72,128,200,0,ITC,ITC4,3,Lombardia,Lombardia,10060574,6409651,63.71,0.0
686,2021-06-08,LOM,102347,52025,50322,88315,14032,ITC,ITC4,3,Lombardia,Lombardia,10060574,6511998,64.73,1.02
687,2021-02-28,LOM,7884,3254,4630,7674,210,ITC,ITC4,3,Lombardia,Lombardia,10060574,6519882,64.81,0.08
688,2021-04-26,LOM,87946,40923,47023,68783,19163,ITC,ITC4,3,Lombardia,Lombardia,10060574,6607828,65.68,0.87
689,2021-06-22,LOM,108675,56758,51917,79473,29202,ITC,ITC4,3,Lombardia,Lombardia,10060574,6716503,66.76,1.08
690,2021-06-03,LOM,97057,49675,47382,86194,10863,ITC,ITC4,3,Lombardia,Lombardia,10060574,6813560,67.73,0.96
691,2021-06-20,LOM,87854,43770,44084,54195,33659,ITC,ITC4,3,Lombardia,Lombardia,10060574,6901414,68.6,0.87
692,2021-03-12,LOM,35269,12967,22302,25065,10204,ITC,ITC4,3,Lombardia,Lombardia,10060574,6936683,68.95,0.35
693,2021-03-29,LOM,40045,15542,24503,25208,14837,ITC,ITC4,3,Lombardia,Lombardia,10060574,6976728,69.35,0.4
694,2021-02-22,LOM,11896,4808,7088,11591,305,ITC,ITC4,3,Lombardia,Lombardia,10060574,6988624,69.47,0.12
695,2021-03-13,LOM,27174,9769,17405,21081,6093,ITC,ITC4,3,Lombardia,Lombardia,10060574,7015798,69.74,0.27
696,2021-05-01,LOM,95975,43672,52303,66765,29210,ITC,ITC4,3,Lombardia,Lombardia,10060574,7111773,70.69,0.95
697,2021-01-21,LOM,5464,1597,3867,4774,690,ITC,ITC4,3,Lombardia,Lombardia,10060574,7117237,70.74,0.05
698,2021-02-07,LOM,7312,2825,4487,338,6974,ITC,ITC4,3,Lombardia,Lombardia,10060574,7124549,70.82,0.07
699,2021-01-19,LOM,8053,2329,5724,7585,468,ITC,ITC4,3,Lombardia,Lombardia,10060574,7132602,70.9,0.08
700,2021-05-20,LOM,94412,45624,48788,31860,62552,ITC,ITC4,3,Lombardia,Lombardia,10060574,7227014,71.84,0.94
701,2021-06-25,LOM,104099,54107,49992,76729,27370,ITC,ITC4,3,Lombardia,Lombardia,10060574,7331113,72.87,1.03
702,2021-04-20,LOM,67656,30831,36825,57317,10339,ITC,ITC4,3,Lombardia,Lombardia,10060574,7398769,73.54,0.67
703,2021-01-10,LOM,10518,3960,6558,10518,0,ITC,ITC4,3,Lombardia,Lombardia,10060574,7409287,73.65,0.1
704,2021-01-17,LOM,8349,3346,5003,8148,201,ITC,ITC4,3,Lombardia,Lombardia,10060574,7417636,73.73,0.08
705,2021-06-23,LOM,107966,55905,52061,76622,31344,ITC,ITC4,3,Lombardia,Lombardia,10060574,7525602,74.8,1.07
706,2021-03-15,LOM,31552,11328,20224,23035,8517,ITC,ITC4,3,Lombardia,Lombardia,10060574,7557154,75.12,0.31
707,2021-04-27,LOM,85996,39973,46023,69446,16550,ITC,ITC4,3,Lombardia,Lombardia,10060574,7643150,75.97,0.85
708,2021-02-12,LOM,13964,4366,9598,9029,4935,ITC,ITC4,3,Lombardia,Lombardia,10060574,7657114,76.11,0.14
709,2021-04-10,LOM,52735,21836,30899,40780,11955,ITC,ITC4,3,Lombardia,Lombardia,10060574,7709849,76.63,0.52
710,2021-06-06,LOM,89824,46176,43648,80603,9221,ITC,ITC4,3,Lombardia,Lombardia,10060574,7799673,77.53,0.89
711,2021-01-07,LOM,11759,3636,8123,11759,0,ITC,ITC4,3,Lombardia,Lombardia,10060574,7811432,77.64,0.12
712,2021-02-19,LOM,14218,5400,8818,13495,723,ITC,ITC4,3,Lombardia,Lombardia,10060574,7825650,77.79,0.14
713,2021-04-17,LOM,48487,21296,27191,37648,10839,ITC,ITC4,3,Lombardia,Lombardia,10060574,7874137,78.27,0.48
714,2021-02-26,LOM,18395,7554,10841,16522,1873,ITC,ITC4,3,Lombardia,Lombardia,10060574,7892532,78.45,0.18
715,2021-04-12,LOM,47242,20582,26660,32901,14341,ITC,ITC4,3,Lombardia,Lombardia,10060574,7939774,78.92,0.47
716,2021-02-21,LOM,5053,1864,3189,5036,17,ITC,ITC4,3,Lombardia,Lombardia,10060574,7944827,78.97,0.05
717,2021-04-19,LOM,60121,27350,32771,50716,9405,ITC,ITC4,3,Lombardia,Lombardia,10060574,8004948,79.57,0.6
718,2021-06-15,LOM,95457,48573,46884,49603,45854,ITC,ITC4,3,Lombardia,Lombardia,10060574,8100405,80.52,0.95
719,2021-03-17,LOM,26257,10495,15762,15258,10999,ITC,ITC4,3,Lombardia,Lombardia,10060574,8126662,80.78,0.26
720,2021-07-02,LOM,98901,49577,49324,46503,52398,ITC,ITC4,3,Lombardia,Lombardia,10060574,8225563,81.76,0.98
721,2021-03-24,LOM,43238,15608,27630,31357,11881,ITC,ITC4,3,Lombardia,Lombardia,10060574,8268801,82.19,0.43
722,2021-02-09,LOM,12216,3334,8882,4037,8179,ITC,ITC4,3,Lombardia,Lombardia,10060574,8281017,82.31,0.12
723,2021-04-05,LOM,27380,11695,15685,19277,8103,ITC,ITC4,3,Lombardia,Lombardia,10060574,8308397,82.58,0.27
724,2021-01-31,LOM,9739,3765,5974,29,9710,ITC,ITC4,3,Lombardia,Lombardia,10060574,8318136,82.68,0.1
725,2021-05-25,LOM,91147,43617,47530,44664,46483,ITC,ITC4,3,Lombardia,Lombardia,10060574,8409283,83.59,0.91
726,2021-02-14,LOM,3583,1547,2036,2948,635,ITC,ITC4,3,Lombardia,Lombardia,10060574,8412866,83.62,0.04
727,2021-01-12,LOM,20228,6700,13528,20228,0,ITC,ITC4,3,Lombardia,Lombardia,10060574,8433094,83.82,0.2
728,2020-12-31,LOM,714,302,412,714,0,ITC,ITC4,3,Lombardia,Lombardia,10060574,8433808,83.83,0.01
729,2021-06-14,LOM,94258,47895,46363,49746,44512,ITC,ITC4,3,Lombardia,Lombardia,10060574,8528066,84.77,0.94
730,2021-05-26,LOM,93644,44640,49004,43611,50033,ITC,ITC4,3,Lombardia,Lombardia,10060574,8621710,85.7,0.93
731,2021-02-15,LOM,8949,3137,5812,8532,417,ITC,ITC4,3,Lombardia,Lombardia,10060574,8630659,85.79,0.09
732,2021-03-20,LOM,32585,12161,20424,22735,9850,ITC,ITC4,3,Lombardia,Lombardia,10060574,8663244,86.11,0.32
733,2020-12-27,LOM,718,414,304,718,0,ITC,ITC4,3,Lombardia,Lombardia,10060574,8663962,86.12,0.01
734,2021-05-09,LOM,69707,32884,36823,56440,13267,ITC,ITC4,3,Lombardia,Lombardia,10060574,8733669,86.81,0.69
735,2021-01-29,LOM,13486,4127,9359,686,12800,ITC,ITC4,3,Lombardia,Lombardia,10060574,8747155,86.94,0.13
736,2021-06-13,LOM,75238,40182,35056,73114,2124,ITC,ITC4,3,Lombardia,Lombardia,10060574,8822393,87.69,0.75
737,2021-03-05,LOM,28944,11938,17006,20527,8417,ITC,ITC4,3,Lombardia,Lombardia,10060574,8851337,87.98,0.29
738,2021-06-27,LOM,86572,44602,41970,67755,18817,ITC,ITC4,3,Lombardia,Lombardia,10060574,8937909,88.84,0.86
739,2021-03-19,LOM,32429,12916,19513,19229,13200,ITC,ITC4,3,Lombardia,Lombardia,10060574,8970338,89.16,0.32
740,2021-05-27,LOM,94810,45429,49381,41394,53416,ITC,ITC4,3,Lombardia,Lombardia,10060574,9065148,90.11,0.94
741,2021-04-24,LOM,75805,33595,42210,54675,21130,ITC,ITC4,3,Lombardia,Lombardia,10060574,9140953,90.86,0.75
742,2021-01-14,LOM,26916,7803,19113,26916,0,ITC,ITC4,3,Lombardia,Lombardia,10060574,9167869,91.13,0.27
743,2021-05-08,LOM,87723,40756,46967,65684,22039,ITC,ITC4,3,Lombardia,Lombardia,10060574,9255592,92.0,0.87
744,2021-04-07,LOM,50588,20921,29667,34779,15809,ITC,ITC4,3,Lombardia,Lombardia,10060574,9306180,92.5,0.5
745,2021-02-18,EMR,7039,2892,4147,6456,583,ITH,ITH5,8,Emilia-Romagna,Emilia-Romagna,4459477,7039,0.16,0.16
746,2021-06-07,EMR,40383,20724,19659,34135,6248,ITH,ITH5,8,Emilia-Romagna,Emilia-Romagna,4459477,47422,1.06,0.91
747,2021-04-16,EMR,29230,13763,15467,20393,8837,ITH,ITH5,8,Emilia-Romagna,Emilia-Romagna,4459477,76652,1.72,0.66
748,2021-01-06,EMR,8287,2955,5332,8287,0,ITH,ITH5,8,Emilia-Romagna,Emilia-Romagna,4459477,84939,1.9,0.19
749,2021-04-30,EMR,36605,16788,19817,21811,14794,ITH,ITH5,8,Emilia-Romagna,Emilia-Romagna,4459477,121544,2.73,0.82
750,2021-03-28,EMR,13499,6025,7474,9629,3870,ITH,ITH5,8,Emilia-Romagna,Emilia-Romagna,4459477,135043,3.03,0.3
751,2021-02-25,EMR,9249,3499,5750,8295,954,ITH,ITH5,8,Emilia-Romagna,Emilia-Romagna,4459477,144292,3.24,0.21
752,2021-06-19,EMR,36019,18030,17989,16672,19347,ITH,ITH5,8,Emilia-Romagna,Emilia-Romagna,4459477,180311,4.04,0.81
753,2021-03-11,EMR,17453,7306,10147,11602,5851,ITH,ITH5,8,Emilia-Romagna,Emilia-Romagna,4459477,197764,4.43,0.39
754,2021-02-06,EMR,7595,2404,5191,2110,5485,ITH,ITH5,8,Emilia-Romagna,Emilia-Romagna,4459477,205359,4.61,0.17
755,2021-04-11,EMR,15277,6934,8343,12229,3048,ITH,ITH5,8,Emilia-Romagna,Emilia-Romagna,4459477,220636,4.95,0.34
756,2021-02-11,EMR,4254,1415,2839,3413,841,ITH,ITH5,8,Emilia-Romagna,Emilia-Romagna,4459477,224890,5.04,0.1
757,2021-01-23,EMR,2448,871,1577,443,2005,ITH,ITH5,8,Emilia-Romagna,Emilia-Romagna,4459477,227338,5.1,0.05
758,2021-05-07,EMR,35271,16961,18310,23416,11855,ITH,ITH5,8,Emilia-Romagna,Emilia-Romagna,4459477,262609,5.89,0.79
759,2021-07-03,EMR,20960,10440,10520,6865,14095,ITH,ITH5,8,Emilia-Romagna,Emilia-Romagna,4459477,283569,6.36,0.47
760,2021-01-30,EMR,10079,3520,6559,141,9938,ITH,ITH5,8,Emilia-Romagna,Emilia-Romagna,4459477,293648,6.58,0.23
761,2021-04-23,EMR,29562,13811,15751,14680,14882,ITH,ITH5,8,Emilia-Romagna,Emilia-Romagna,4459477,323210,7.25,0.66
762,2021-01-13,EMR,9077,2942,6135,9077,0,ITH,ITH5,8,Emilia-Romagna,Emilia-Romagna,4459477,332287,7.45,0.2
763,2021-04-04,EMR,9879,4717,5162,7612,2267,ITH,ITH5,8,Emilia-Romagna,Emilia-Romagna,4459477,342166,7.67,0.22
764,2021-06-21,EMR,37092,18749,18343,16237,20855,ITH,ITH5,8,Emilia-Romagna,Emilia-Romagna,4459477,379258,8.5,0.83
765,2021-03-30,EMR,23345,10338,13007,18304,5041,ITH,ITH5,8,Emilia-Romagna,Emilia-Romagna,4459477,402603,9.03,0.52
766,2021-01-04,EMR,7315,2527,4788,7315,0,ITH,ITH5,8,Emilia-Romagna,Emilia-Romagna,4459477,409918,9.19,0.16
767,2021-05-19,EMR,33717,14959,18758,18543,15174,ITH,ITH5,8,Emilia-Romagna,Emilia-Romagna,4459477,443635,9.95,0.76
768,2021-05-26,EMR,33219,14727,18492,10298,22921,ITH,ITH5,8,Emilia-Romagna,Emilia-Romagna,4459477,476854,10.69,0.74
769,2021-06-12,EMR,40422,21369,19053,35513,4909,ITH,ITH5,8,Emilia-Romagna,Emilia-Romagna,4459477,517276,11.6,0.91
770,2021-03-04,EMR,16452,5350,11102,13435,3017,ITH,ITH5,8,Emilia-Romagna,Emilia-Romagna,4459477,533728,11.97,0.37
771,2021-05-24,EMR,29944,13716,16228,18468,11476,ITH,ITH5,8,Emilia-Romagna,Emilia-Romagna,4459477,563672,12.64,0.67
772,2021-02-13,EMR,3627,1084,2543,3029,598,ITH,ITH5,8,Emilia-Romagna,Emilia-Romagna,4459477,567299,12.72,0.08
773,2021-05-12,EMR,38891,18283,20608,29226,9665,ITH,ITH5,8,Emilia-Romagna,Emilia-Romagna,4459477,606190,13.59,0.87
774,2021-02-01,EMR,10320,3610,6710,362,9958,ITH,ITH5,8,Emilia-Romagna,Emilia-Romagna,4459477,616510,13.82,0.23
775,2021-01-18,EMR,3128,879,2249,2449,679,ITH,ITH5,8,Emilia-Romagna,Emilia-Romagna,4459477,619638,13.89,0.07
776,2021-03-16,EMR,12247,5028,7219,4938,7309,ITH,ITH5,8,Emilia-Romagna,Emilia-Romagna,4459477,631885,14.17,0.27
777,2021-01-25,EMR,6462,2146,4316,207,6255,ITH,ITH5,8,Emilia-Romagna,Emilia-Romagna,4459477,638347,14.31,0.14
778,2021-07-01,EMR,32612,15916,16696,13932,18680,ITH,ITH5,8,Emilia-Romagna,Emilia-Romagna,4459477,670959,15.05,0.73
779,2021-03-23,EMR,18797,8144,10653,12110,6687,ITH,ITH5,8,Emilia-Romagna,Emilia-Romagna,4459477,689756,15.47,0.42
780,2021-03-09,EMR,14754,6019,8735,10799,3955,ITH,ITH5,8,Emilia-Romagna,Emilia-Romagna,4459477,704510,15.8,0.33
781,2021-05-05,EMR,30091,13984,16107,18841,11250,ITH,ITH5,8,Emilia-Romagna,Emilia-Romagna,4459477,734601,16.47,0.67
782,2021-05-31,EMR,29728,13749,15979,18262,11466,ITH,ITH5,8,Emilia-Romagna,Emilia-Romagna,4459477,764329,17.14,0.67
783,2021-02-20,EMR,5318,2094,3224,5055,263,ITH,ITH5,8,Emilia-Romagna,Emilia-Romagna,4459477,769647,17.26,0.12
784,2021-01-15,EMR,7750,2404,5346,7750,0,ITH,ITH5,8,Emilia-Romagna,Emilia-Romagna,4459477,777397,17.43,0.17
785,2021-06-09,EMR,42377,21558,20819,36017,6360,ITH,ITH5,8,Emilia-Romagna,Emilia-Romagna,4459477,819774,18.38,0.95
786,2021-03-01,EMR,10095,3582,6513,7837,2258,ITH,ITH5,8,Emilia-Romagna,Emilia-Romagna,4459477,829869,18.61,0.23
787,2021-05-04,EMR,29271,13704,15567,15612,13659,ITH,ITH5,8,Emilia-Romagna,Emilia-Romagna,4459477,859140,19.27,0.66
788,2021-02-27,EMR,10961,3998,6963,9223,1738,ITH,ITH5,8,Emilia-Romagna,Emilia-Romagna,4459477,870101,19.51,0.25
789,2021-04-25,EMR,22350,10240,12110,14840,7510,ITH,ITH5,8,Emilia-Romagna,Emilia-Romagna,4459477,892451,20.01,0.5
790,2021-06-04,EMR,45501,22914,22587,37383,8118,ITH,ITH5,8,Emilia-Romagna,Emilia-Romagna,4459477,937952,21.03,1.02
791,2021-06-26,EMR,35979,18227,17752,20503,15476,ITH,ITH5,8,Emilia-Romagna,Emilia-Romagna,4459477,973931,21.84,0.81
792,2021-03-25,EMR,21481,9417,12064,14492,6989,ITH,ITH5,8,Emilia-Romagna,Emilia-Romagna,4459477,995412,22.32,0.48
793,2021-05-21,EMR,39259,17530,21729,22235,17024,ITH,ITH5,8,Emilia-Romagna,Emilia-Romagna,4459477,1034671,23.2,0.88
794,2021-01-11,EMR,9347,3273,6074,9347,0,ITH,ITH5,8,Emilia-Romagna,Emilia-Romagna,4459477,1044018,23.41,0.21
795,2021-06-30,EMR,32833,16570,16263,17290,15543,ITH,ITH5,8,Emilia-Romagna,Emilia-Romagna,4459477,1076851,24.15,0.74
796,2021-06-11,EMR,44922,23327,21595,38427,6495,ITH,ITH5,8,Emilia-Romagna,Emilia-Romagna,4459477,1121773,25.15,1.01
797,2021-06-28,EMR,37447,18278,19169,17957,19490,ITH,ITH5,8,Emilia-Romagna,Emilia-Romagna,4459477,1159220,25.99,0.84
798,2021-03-20,EMR,16085,6829,9256,9121,6964,ITH,ITH5,8,Emilia-Romagna,Emilia-Romagna,4459477,1175305,26.36,0.36
799,2021-04-18,EMR,17501,8395,9106,12583,4918,ITH,ITH5,8,Emilia-Romagna,Emilia-Romagna,4459477,1192806,26.75,0.39
800,2021-06-14,EMR,40587,20960,19627,27530,13057,ITH,ITH5,8,Emilia-Romagna,Emilia-Romagna,4459477,1233393,27.66,0.91
801,2021-01-10,EMR,7171,2684,4487,7171,0,ITH,ITH5,8,Emilia-Romagna,Emilia-Romagna,4459477,1240564,27.82,0.16
802,2021-06-16,EMR,45193,23084,22109,25303,19890,ITH,ITH5,8,Emilia-Romagna,Emilia-Romagna,4459477,1285757,28.83,1.01
803,2021-03-08,EMR,12201,5094,7107,9542,2659,ITH,ITH5,8,Emilia-Romagna,Emilia-Romagna,4459477,1297958,29.11,0.27
804,2021-06-02,EMR,24081,12054,12027,19114,4967,ITH,ITH5,8,Emilia-Romagna,Emilia-Romagna,4459477,1322039,29.65,0.54
805,2021-03-13,EMR,16137,6362,9775,10824,5313,ITH,ITH5,8,Emilia-Romagna,Emilia-Romagna,4459477,1338176,30.01,0.36
806,2021-03-27,EMR,21661,9059,12602,14753,6908,ITH,ITH5,8,Emilia-Romagna,Emilia-Romagna,4459477,1359837,30.49,0.49
807,2021-04-13,EMR,23721,11129,12592,19379,4342,ITH,ITH5,8,Emilia-Romagna,Emilia-Romagna,4459477,1383558,31.03,0.53
808,2021-01-03,EMR,2763,943,1820,2763,0,ITH,ITH5,8,Emilia-Romagna,Emilia-Romagna,4459477,1386321,31.09,0.06
809,2021-05-09,EMR,25609,12252,13357,18642,6967,ITH,ITH5,8,Emilia-Romagna,Emilia-Romagna,4459477,1411930,31.66,0.57
810,2021-01-29,EMR,10414,3496,6918,290,10124,ITH,ITH5,8,Emilia-Romagna,Emilia-Romagna,4459477,1422344,31.89,0.23
811,2021-02-15,EMR,2904,851,2053,2779,125,ITH,ITH5,8,Emilia-Romagna,Emilia-Romagna,4459477,1425248,31.96,0.07
812,2021-01-27,EMR,8361,2947,5414,462,7899,ITH,ITH5,8,Emilia-Romagna,Emilia-Romagna,4459477,1433609,32.15,0.19
813,2021-05-23,EMR,25480,11859,13621,13888,11592,ITH,ITH5,8,Emilia-Romagna,Emilia-Romagna,4459477,1459089,32.72,0.57
814,2021-04-27,EMR,32101,14863,17238,19640,12461,ITH,ITH5,8,Emilia-Romagna,Emilia-Romagna,4459477,1491190,33.44,0.72
815,2021-05-06,EMR,35927,16602,19325,22871,13056,ITH,ITH5,8,Emilia-Romagna,Emilia-Romagna,4459477,1527117,34.24,0.81
816,2021-01-26,EMR,8334,3000,5334,214,8120,ITH,ITH5,8,Emilia-Romagna,Emilia-Romagna,4459477,1535451,34.43,0.19
817,2021-07-02,EMR,32916,16167,16749,11519,21397,ITH,ITH5,8,Emilia-Romagna,Emilia-Romagna,4459477,1568367,35.17,0.74
818,2021-03-24,EMR,21219,9401,11818,13837,7382,ITH,ITH5,8,Emilia-Romagna,Emilia-Romagna,4459477,1589586,35.65,0.48
819,2021-02-10,EMR,4023,1385,2638,2767,1256,ITH,ITH5,8,Emilia-Romagna,Emilia-Romagna,4459477,1593609,35.74,0.09
820,2021-04-08,EMR,31213,14333,16880,25910,5303,ITH,ITH5,8,Emilia-Romagna,Emilia-Romagna,4459477,1624822,36.44,0.7
821,2021-03-18,EMR,13675,5806,7869,5675,8000,ITH,ITH5,8,Emilia-Romagna,Emilia-Romagna,4459477,1638497,36.74,0.31
822,2021-05-14,EMR,37242,17164,20078,27644,9598,ITH,ITH5,8,Emilia-Romagna,Emilia-Romagna,4459477,1675739,37.58,0.84
823,2021-02-03,EMR,9338,2989,6349,965,8373,ITH,ITH5,8,Emilia-Romagna,Emilia-Romagna,4459477,1685077,37.79,0.21
824,2021-04-01,EMR,23947,10770,13177,19401,4546,ITH,ITH5,8,Emilia-Romagna,Emilia-Romagna,4459477,1709024,38.32,0.54
825,2021-02-17,EMR,6538,2764,3774,5766,772,ITH,ITH5,8,Emilia-Romagna,Emilia-Romagna,4459477,1715562,38.47,0.15
826,2021-06-01,EMR,27138,13087,14051,17246,9892,ITH,ITH5,8,Emilia-Romagna,Emilia-Romagna,4459477,1742700,39.08,0.61
827,2021-04-12,EMR,19245,9007,10238,14798,4447,ITH,ITH5,8,Emilia-Romagna,Emilia-Romagna,4459477,1761945,39.51,0.43
828,2021-06-08,EMR,44724,22896,21828,37268,7456,ITH,ITH5,8,Emilia-Romagna,Emilia-Romagna,4459477,1806669,40.51,1.0
829,2021-04-06,EMR,24747,11174,13573,20005,4742,ITH,ITH5,8,Emilia-Romagna,Emilia-Romagna,4459477,1831416,41.07,0.55
830,2020-12-27,EMR,972,373,599,972,0,ITH,ITH5,8,Emilia-Romagna,Emilia-Romagna,4459477,1832388,41.09,0.02
831,2021-06-13,EMR,27299,14259,13040,23032,4267,ITH,ITH5,8,Emilia-Romagna,Emilia-Romagna,4459477,1859687,41.7,0.61
832,2021-03-05,EMR,17850,5839,12011,14396,3454,ITH,ITH5,8,Emilia-Romagna,Emilia-Romagna,4459477,1877537,42.1,0.4
833,2021-05-28,EMR,41169,18928,22241,17847,23322,ITH,ITH5,8,Emilia-Romagna,Emilia-Romagna,4459477,1918706,43.03,0.92
834,2021-04-22,EMR,29050,13451,15599,14972,14078,ITH,ITH5,8,Emilia-Romagna,Emilia-Romagna,4459477,1947756,43.68,0.65
835,2021-01-12,EMR,9476,3124,6352,9476,0,ITH,ITH5,8,Emilia-Romagna,Emilia-Romagna,4459477,1957232,43.89,0.21
836,2021-06-27,EMR,27934,14065,13869,15262,12672,ITH,ITH5,8,Emilia-Romagna,Emilia-Romagna,4459477,1985166,44.52,0.63
837,2021-05-02,EMR,25578,11651,13927,13588,11990,ITH,ITH5,8,Emilia-Romagna,Emilia-Romagna,4459477,2010744,45.09,0.57
838,2021-01-22,EMR,1829,477,1352,1088,741,ITH,ITH5,8,Emilia-Romagna,Emilia-Romagna,4459477,2012573,45.13,0.04
839,2021-02-08,EMR,5231,1534,3697,2318,2913,ITH,ITH5,8,Emilia-Romagna,Emilia-Romagna,4459477,2017804,45.25,0.12
840,2021-05-16,EMR,25845,12168,13677,18733,7112,ITH,ITH5,8,Emilia-Romagna,Emilia-Romagna,4459477,2043649,45.83,0.58
841,2021-02-22,EMR,7482,3091,4391,7210,272,ITH,ITH5,8,Emilia-Romagna,Emilia-Romagna,4459477,2051131,45.99,0.17
842,2021-05-01,EMR,28402,12774,15628,15626,12776,ITH,ITH5,8,Emilia-Romagna,Emilia-Romagna,4459477,2079533,46.63,0.64
843,2021-04-20,EMR,22621,10405,12216,14268,8353,ITH,ITH5,8,Emilia-Romagna,Emilia-Romagna,4459477,2102154,47.14,0.51
844,2021-06-23,EMR,37340,18677,18663,18533,18807,ITH,ITH5,8,Emilia-Romagna,Emilia-Romagna,4459477,2139494,47.98,0.84
845,2021-01-08,EMR,10866,3580,7286,10866,0,ITH,ITH5,8,Emilia-Romagna,Emilia-Romagna,4459477,2150360,48.22,0.24
846,2021-03-06,EMR,20901,5935,14966,18170,2731,ITH,ITH5,8,Emilia-Romagna,Emilia-Romagna,4459477,2171261,48.69,0.47
847,2021-05-20,EMR,40267,18311,21956,18897,21370,ITH,ITH5,8,Emilia-Romagna,Emilia-Romagna,4459477,2211528,49.59,0.9
848,2021-06-25,EMR,41497,21006,20491,19292,22205,ITH,ITH5,8,Emilia-Romagna,Emilia-Romagna,4459477,2253025,50.52,0.93
849,2021-03-17,EMR,13719,5692,8027,5873,7846,ITH,ITH5,8,Emilia-Romagna,Emilia-Romagna,4459477,2266744,50.83,0.31
850,2021-05-13,EMR,35785,16494,19291,27988,7797,ITH,ITH5,8,Emilia-Romagna,Emilia-Romagna,4459477,2302529,51.63,0.8
851,2021-03-15,EMR,13444,6244,7200,6945,6499,ITH,ITH5,8,Emilia-Romagna,Emilia-Romagna,4459477,2315973,51.93,0.3
852,2021-02-09,EMR,4154,1249,2905,2307,1847,ITH,ITH5,8,Emilia-Romagna,Emilia-Romagna,4459477,2320127,52.03,0.09
853,2021-05-15,EMR,33248,14982,18266,22840,10408,ITH,ITH5,8,Emilia-Romagna,Emilia-Romagna,4459477,2353375,52.77,0.75
854,2021-02-04,EMR,9920,3201,6719,1230,8690,ITH,ITH5,8,Emilia-Romagna,Emilia-Romagna,4459477,2363295,52.99,0.22
855,2021-05-22,EMR,33036,14132,18904,16912,16124,ITH,ITH5,8,Emilia-Romagna,Emilia-Romagna,4459477,2396331,53.74,0.74
856,2021-04-09,EMR,25724,11666,14058,20027,5697,ITH,ITH5,8,Emilia-Romagna,Emilia-Romagna,4459477,2422055,54.31,0.58
857,2021-02-02,EMR,9474,3048,6426,515,8959,ITH,ITH5,8,Emilia-Romagna,Emilia-Romagna,4459477,2431529,54.52,0.21
858,2021-04-05,EMR,14848,6802,8046,11956,2892,ITH,ITH5,8,Emilia-Romagna,Emilia-Romagna,4459477,2446377,54.86,0.33
859,2021-04-24,EMR,28632,13241,15391,14403,14229,ITH,ITH5,8,Emilia-Romagna,Emilia-Romagna,4459477,2475009,55.5,0.64
860,2021-05-11,EMR,35778,16792,18986,28524,7254,ITH,ITH5,8,Emilia-Romagna,Emilia-Romagna,4459477,2510787,56.3,0.8
861,2021-01-31,EMR,7698,2763,4935,241,7457,ITH,ITH5,8,Emilia-Romagna,Emilia-Romagna,4459477,2518485,56.47,0.17
862,2021-06-29,EMR,35994,17689,18305,17377,18617,ITH,ITH5,8,Emilia-Romagna,Emilia-Romagna,4459477,2554479,57.28,0.81
863,2021-03-21,EMR,11956,5296,6660,7351,4605,ITH,ITH5,8,Emilia-Romagna,Emilia-Romagna,4459477,2566435,57.55,0.27
864,2021-02-12,EMR,5313,1673,3640,3910,1403,ITH,ITH5,8,Emilia-Romagna,Emilia-Romagna,4459477,2571748,57.67,0.12
865,2021-04-10,EMR,20921,9300,11621,16776,4145,ITH,ITH5,8,Emilia-Romagna,Emilia-Romagna,4459477,2592669,58.14,0.47
866,2021-04-17,EMR,27298,13072,14226,17953,9345,ITH,ITH5,8,Emilia-Romagna,Emilia-Romagna,4459477,2619967,58.75,0.61
867,2021-01-07,EMR,10274,3406,6868,10274,0,ITH,ITH5,8,Emilia-Romagna,Emilia-Romagna,4459477,2630241,58.98,0.23
868,2021-02-05,EMR,9290,2956,6334,1607,7683,ITH,ITH5,8,Emilia-Romagna,Emilia-Romagna,4459477,2639531,59.19,0.21
869,2021-06-20,EMR,29980,15214,14766,15341,14639,ITH,ITH5,8,Emilia-Romagna,Emilia-Romagna,4459477,2669511,59.86,0.67
870,2021-04-03,EMR,19940,8767,11173,16200,3740,ITH,ITH5,8,Emilia-Romagna,Emilia-Romagna,4459477,2689451,60.31,0.45
871,2021-05-30,EMR,27071,12790,14281,13377,13694,ITH,ITH5,8,Emilia-Romagna,Emilia-Romagna,4459477,2716522,60.92,0.61
872,2021-02-19,EMR,7327,3010,4317,6813,514,ITH,ITH5,8,Emilia-Romagna,Emilia-Romagna,4459477,2723849,61.08,0.16
873,2020-12-31,EMR,2215,780,1435,2215,0,ITH,ITH5,8,Emilia-Romagna,Emilia-Romagna,4459477,2726064,61.13,0.05
874,2021-06-06,EMR,36432,18925,17507,32026,4406,ITH,ITH5,8,Emilia-Romagna,Emilia-Romagna,4459477,2762496,61.95,0.82
875,2021-02-26,EMR,9634,3673,5961,8586,1048,ITH,ITH5,8,Emilia-Romagna,Emilia-Romagna,4459477,2772130,62.16,0.22
876,2021-06-10,EMR,44070,22647,21423,38721,5349,ITH,ITH5,8,Emilia-Romagna,Emilia-Romagna,4459477,2816200,63.15,0.99
877,2021-03-02,EMR,12658,4272,8386,10581,2077,ITH,ITH5,8,Emilia-Romagna,Emilia-Romagna,4459477,2828858,63.43,0.28
878,2021-03-19,EMR,15925,6972,8953,7956,7969,ITH,ITH5,8,Emilia-Romagna,Emilia-Romagna,4459477,2844783,63.79,0.36
879,2021-04-07,EMR,26116,11890,14226,20105,6011,ITH,ITH5,8,Emilia-Romagna,Emilia-Romagna,4459477,2870899,64.38,0.59
880,2021-01-14,EMR,8129,2593,5536,8129,0,ITH,ITH5,8,Emilia-Romagna,Emilia-Romagna,4459477,2879028,64.56,0.18
881,2021-03-22,EMR,17650,7815,9835,10786,6864,ITH,ITH5,8,Emilia-Romagna,Emilia-Romagna,4459477,2896678,64.96,0.4
882,2021-03-03,EMR,15856,5253,10603,13371,2485,ITH,ITH5,8,Emilia-Romagna,Emilia-Romagna,4459477,2912534,65.31,0.36
883,2021-05-25,EMR,25063,11191,13872,11715,13348,ITH,ITH5,8,Emilia-Romagna,Emilia-Romagna,4459477,2937597,65.87,0.56
884,2021-02-14,EMR,1403,378,1025,1283,120,ITH,ITH5,8,Emilia-Romagna,Emilia-Romagna,4459477,2939000,65.9,0.03
885,2021-05-27,EMR,42225,18735,23490,14054,28171,ITH,ITH5,8,Emilia-Romagna,Emilia-Romagna,4459477,2981225,66.85,0.95
886,2021-02-16,EMR,5772,2446,3326,5241,531,ITH,ITH5,8,Emilia-Romagna,Emilia-Romagna,4459477,2986997,66.98,0.13
887,2021-05-10,EMR,33840,16124,17716,26595,7245,ITH,ITH5,8,Emilia-Romagna,Emilia-Romagna,4459477,3020837,67.74,0.76
888,2021-04-21,EMR,23957,10962,12995,14211,9746,ITH,ITH5,8,Emilia-Romagna,Emilia-Romagna,4459477,3044794,68.28,0.54
889,2021-05-08,EMR,32343,15094,17249,20921,11422,ITH,ITH5,8,Emilia-Romagna,Emilia-Romagna,4459477,3077137,69.0,0.73
890,2021-01-28,EMR,10255,3339,6916,348,9907,ITH,ITH5,8,Emilia-Romagna,Emilia-Romagna,4459477,3087392,69.23,0.23
891,2021-01-24,EMR,2443,885,1558,298,2145,ITH,ITH5,8,Emilia-Romagna,Emilia-Romagna,4459477,3089835,69.29,0.05
892,2021-01-17,EMR,2890,887,2003,2644,246,ITH,ITH5,8,Emilia-Romagna,Emilia-Romagna,4459477,3092725,69.35,0.06
893,2021-04-02,EMR,23394,10552,12842,18913,4481,ITH,ITH5,8,Emilia-Romagna,Emilia-Romagna,4459477,3116119,69.88,0.52
894,2021-05-29,EMR,37806,16488,21318,17160,20646,ITH,ITH5,8,Emilia-Romagna,Emilia-Romagna,4459477,3153925,70.72,0.85
895,2021-04-19,EMR,20900,9797,11103,14627,6273,ITH,ITH5,8,Emilia-Romagna,Emilia-Romagna,4459477,3174825,71.19,0.47
896,2021-01-09,EMR,9988,3452,6536,9988,0,ITH,ITH5,8,Emilia-Romagna,Emilia-Romagna,4459477,3184813,71.42,0.22
897,2021-06-15,EMR,43016,22141,20875,28048,14968,ITH,ITH5,8,Emilia-Romagna,Emilia-Romagna,4459477,3227829,72.38,0.96
898,2021-03-07,EMR,7839,2958,4881,6319,1520,ITH,ITH5,8,Emilia-Romagna,Emilia-Romagna,4459477,3235668,72.56,0.18
899,2021-05-03,EMR,28698,13557,15141,17820,10878,ITH,ITH5,8,Emilia-Romagna,Emilia-Romagna,4459477,3264366,73.2,0.64
900,2021-02-28,EMR,6819,2527,4292,4974,1845,ITH,ITH5,8,Emilia-Romagna,Emilia-Romagna,4459477,3271185,73.35,0.15
901,2021-04-26,EMR,27901,12936,14965,18580,9321,ITH,ITH5,8,Emilia-Romagna,Emilia-Romagna,4459477,3299086,73.98,0.63
902,2021-01-16,EMR,5628,1718,3910,5628,0,ITH,ITH5,8,Emilia-Romagna,Emilia-Romagna,4459477,3304714,74.11,0.13
903,2021-03-14,EMR,8801,3839,4962,5004,3797,ITH,ITH5,8,Emilia-Romagna,Emilia-Romagna,4459477,3313515,74.3,0.2
904,2021-04-28,EMR,33715,15588,18127,20827,12888,ITH,ITH5,8,Emilia-Romagna,Emilia-Romagna,4459477,3347230,75.06,0.76
905,2021-06-24,EMR,39328,19648,19680,19798,19530,ITH,ITH5,8,Emilia-Romagna,Emilia-Romagna,4459477,3386558,75.94,0.88
906,2021-06-17,EMR,45784,23134,22650,21658,24126,ITH,ITH5,8,Emilia-Romagna,Emilia-Romagna,4459477,3432342,76.97,1.03
907,2021-03-31,EMR,25266,11043,14223,19810,5456,ITH,ITH5,8,Emilia-Romagna,Emilia-Romagna,4459477,3457608,77.53,0.57
908,2021-03-26,EMR,23703,10110,13593,17266,6437,ITH,ITH5,8,Emilia-Romagna,Emilia-Romagna,4459477,3481311,78.07,0.53
909,2021-04-14,EMR,27040,12842,14198,20937,6103,ITH,ITH5,8,Emilia-Romagna,Emilia-Romagna,4459477,3508351,78.67,0.61
910,2021-01-21,EMR,2165,729,1436,819,1346,ITH,ITH5,8,Emilia-Romagna,Emilia-Romagna,4459477,3510516,78.72,0.05
911,2021-06-03,EMR,37851,18417,19434,30345,7506,ITH,ITH5,8,Emilia-Romagna,Emilia-Romagna,4459477,3548367,79.57,0.85
912,2021-02-23,EMR,8216,3219,4997,7830,386,ITH,ITH5,8,Emilia-Romagna,Emilia-Romagna,4459477,3556583,79.75,0.18
913,2021-03-12,EMR,18306,7701,10605,11589,6717,ITH,ITH5,8,Emilia-Romagna,Emilia-Romagna,4459477,3574889,80.16,0.41
914,2021-01-20,EMR,1325,270,1055,1324,1,ITH,ITH5,8,Emilia-Romagna,Emilia-Romagna,4459477,3576214,80.19,0.03
915,2021-04-15,EMR,29343,13979,15364,19668,9675,ITH,ITH5,8,Emilia-Romagna,Emilia-Romagna,4459477,3605557,80.85,0.66
916,2021-06-18,EMR,42097,21056,21041,16329,25768,ITH,ITH5,8,Emilia-Romagna,Emilia-Romagna,4459477,3647654,81.8,0.94
917,2021-03-10,EMR,18797,7741,11056,13152,5645,ITH,ITH5,8,Emilia-Romagna,Emilia-Romagna,4459477,3666451,82.22,0.42
918,2021-05-18,EMR,29094,13246,15848,18571,10523,ITH,ITH5,8,Emilia-Romagna,Emilia-Romagna,4459477,3695545,82.87,0.65
919,2021-02-07,EMR,4785,1536,3249,1724,3061,ITH,ITH5,8,Emilia-Romagna,Emilia-Romagna,4459477,3700330,82.98,0.11
920,2021-02-24,EMR,9351,3566,5785,8467,884,ITH,ITH5,8,Emilia-Romagna,Emilia-Romagna,4459477,3709681,83.19,0.21
921,2021-01-05,EMR,9361,3170,6191,9361,0,ITH,ITH5,8,Emilia-Romagna,Emilia-Romagna,4459477,3719042,83.4,0.21
922,2021-04-29,EMR,44952,21134,23818,27403,17549,ITH,ITH5,8,Emilia-Romagna,Emilia-Romagna,4459477,3763994,84.4,1.01
923,2021-01-19,EMR,2046,505,1541,2029,17,ITH,ITH5,8,Emilia-Romagna,Emilia-Romagna,4459477,3766040,84.45,0.05
924,2021-03-29,EMR,21424,9613,11811,16774,4650,ITH,ITH5,8,Emilia-Romagna,Emilia-Romagna,4459477,3787464,84.93,0.48
925,2021-02-21,EMR,4450,1708,2742,4010,440,ITH,ITH5,8,Emilia-Romagna,Emilia-Romagna,4459477,3791914,85.03,0.1
926,2021-01-02,EMR,2375,916,1459,2375,0,ITH,ITH5,8,Emilia-Romagna,Emilia-Romagna,4459477,3794289,85.08,0.05
927,2021-06-05,EMR,44073,22277,21796,37208,6865,ITH,ITH5,8,Emilia-Romagna,Emilia-Romagna,4459477,3838362,86.07,0.99
928,2021-06-22,EMR,35526,17676,17850,16149,19377,ITH,ITH5,8,Emilia-Romagna,Emilia-Romagna,4459477,3873888,86.87,0.8
929,2021-05-17,EMR,32394,15389,17005,22903,9491,ITH,ITH5,8,Emilia-Romagna,Emilia-Romagna,4459477,3906282,87.6,0.73
930,2021-05-04,BAS,4137,1991,2146,3614,523,ITF,ITF5,17,Basilicata,Basilicata,559084,4137,0.74,0.74
931,2021-03-08,BAS,1460,713,747,847,613,ITF,ITF5,17,Basilicata,Basilicata,559084,5597,1.0,0.26
932,2021-06-16,BAS,4590,2082,2508,2136,2454,ITF,ITF5,17,Basilicata,Basilicata,559084,10187,1.82,0.82
933,2021-06-09,BAS,4423,2072,2351,3999,424,ITF,ITF5,17,Basilicata,Basilicata,559084,14610,2.61,0.79
934,2021-04-13,BAS,2114,1051,1063,1297,817,ITF,ITF5,17,Basilicata,Basilicata,559084,16724,2.99,0.38
935,2021-03-01,BAS,548,284,264,382,166,ITF,ITF5,17,Basilicata,Basilicata,559084,17272,3.09,0.1
936,2021-01-15,BAS,814,351,463,814,0,ITF,ITF5,17,Basilicata,Basilicata,559084,18086,3.23,0.15
937,2020-12-27,BAS,106,41,65,106,0,ITF,ITF5,17,Basilicata,Basilicata,559084,18192,3.25,0.02
938,2021-03-20,BAS,1294,573,721,281,1013,ITF,ITF5,17,Basilicata,Basilicata,559084,19486,3.49,0.23
939,2021-06-28,BAS,3603,1724,1879,2094,1509,ITF,ITF5,17,Basilicata,Basilicata,559084,23089,4.13,0.64
940,2021-03-06,BAS,1359,537,822,760,599,ITF,ITF5,17,Basilicata,Basilicata,559084,24448,4.37,0.24
941,2021-01-10,BAS,77,24,53,77,0,ITF,ITF5,17,Basilicata,Basilicata,559084,24525,4.39,0.01
942,2021-04-20,BAS,4035,1921,2114,2202,1833,ITF,ITF5,17,Basilicata,Basilicata,559084,28560,5.11,0.72
943,2021-01-08,BAS,554,219,335,554,0,ITF,ITF5,17,Basilicata,Basilicata,559084,29114,5.21,0.1
944,2021-03-15,BAS,2360,986,1374,524,1836,ITF,ITF5,17,Basilicata,Basilicata,559084,31474,5.63,0.42
945,2021-01-17,BAS,328,133,195,327,1,ITF,ITF5,17,Basilicata,Basilicata,559084,31802,5.69,0.06
946,2021-04-27,BAS,4727,2242,2485,4402,325,ITF,ITF5,17,Basilicata,Basilicata,559084,36529,6.53,0.85
947,2021-05-30,BAS,2774,1419,1355,922,1852,ITF,ITF5,17,Basilicata,Basilicata,559084,39303,7.03,0.5
948,2021-04-03,BAS,1808,749,1059,1472,336,ITF,ITF5,17,Basilicata,Basilicata,559084,41111,7.35,0.32
949,2021-02-05,BAS,987,444,543,64,923,ITF,ITF5,17,Basilicata,Basilicata,559084,42098,7.53,0.18
950,2021-05-16,BAS,4972,2468,2504,2859,2113,ITF,ITF5,17,Basilicata,Basilicata,559084,47070,8.42,0.89
951,2021-01-22,BAS,67,24,43,67,0,ITF,ITF5,17,Basilicata,Basilicata,559084,47137,8.43,0.01
952,2021-05-02,BAS,4180,2001,2179,3551,629,ITF,ITF5,17,Basilicata,Basilicata,559084,51317,9.18,0.75
953,2021-04-15,BAS,3386,1659,1727,2632,754,ITF,ITF5,17,Basilicata,Basilicata,559084,54703,9.78,0.61
954,2021-01-03,BAS,901,344,557,901,0,ITF,ITF5,17,Basilicata,Basilicata,559084,55604,9.95,0.16
955,2021-04-08,BAS,766,351,415,756,10,ITF,ITF5,17,Basilicata,Basilicata,559084,56370,10.08,0.14
956,2021-04-22,BAS,5036,2346,2690,3433,1603,ITF,ITF5,17,Basilicata,Basilicata,559084,61406,10.98,0.9
957,2021-06-30,BAS,3390,1634,1756,2278,1112,ITF,ITF5,17,Basilicata,Basilicata,559084,64796,11.59,0.61
958,2021-02-17,BAS,1135,493,642,1059,76,ITF,ITF5,17,Basilicata,Basilicata,559084,65931,11.79,0.2
959,2021-05-28,BAS,3614,1809,1805,951,2663,ITF,ITF5,17,Basilicata,Basilicata,559084,69545,12.44,0.65
960,2021-06-11,BAS,4224,1975,2249,3195,1029,ITF,ITF5,17,Basilicata,Basilicata,559084,73769,13.19,0.76
961,2021-06-04,BAS,4829,2286,2543,3783,1046,ITF,ITF5,17,Basilicata,Basilicata,559084,78598,14.06,0.86
962,2021-02-24,BAS,1803,743,1060,1734,69,ITF,ITF5,17,Basilicata,Basilicata,559084,80401,14.38,0.32
963,2021-02-22,BAS,1790,773,1017,1737,53,ITF,ITF5,17,Basilicata,Basilicata,559084,82191,14.7,0.32
964,2021-06-23,BAS,3307,1555,1752,2432,875,ITF,ITF5,17,Basilicata,Basilicata,559084,85498,15.29,0.59
965,2021-03-25,BAS,1885,604,1281,1541,344,ITF,ITF5,17,Basilicata,Basilicata,559084,87383,15.63,0.34
966,2021-01-27,BAS,412,175,237,113,299,ITF,ITF5,17,Basilicata,Basilicata,559084,87795,15.7,0.07
967,2021-02-10,BAS,548,238,310,496,52,ITF,ITF5,17,Basilicata,Basilicata,559084,88343,15.8,0.1
968,2021-05-21,BAS,4574,2320,2254,1491,3083,ITF,ITF5,17,Basilicata,Basilicata,559084,92917,16.62,0.82
969,2021-04-01,BAS,2697,1107,1590,1976,721,ITF,ITF5,17,Basilicata,Basilicata,559084,95614,17.1,0.48
970,2021-02-03,BAS,669,301,368,32,637,ITF,ITF5,17,Basilicata,Basilicata,559084,96283,17.22,0.12
971,2021-06-18,BAS,4451,2058,2393,2193,2258,ITF,ITF5,17,Basilicata,Basilicata,559084,100734,18.02,0.8
972,2021-01-24,BAS,842,305,537,58,784,ITF,ITF5,17,Basilicata,Basilicata,559084,101576,18.17,0.15
973,2021-05-13,BAS,5985,2967,3018,3389,2596,ITF,ITF5,17,Basilicata,Basilicata,559084,107561,19.24,1.07
974,2021-05-08,BAS,4835,2399,2436,3429,1406,ITF,ITF5,17,Basilicata,Basilicata,559084,112396,20.1,0.86
975,2021-05-09,BAS,4683,2339,2344,2989,1694,ITF,ITF5,17,Basilicata,Basilicata,559084,117079,20.94,0.84
976,2021-02-15,BAS,622,232,390,580,42,ITF,ITF5,17,Basilicata,Basilicata,559084,117701,21.05,0.11
977,2021-01-29,BAS,617,231,386,63,554,ITF,ITF5,17,Basilicata,Basilicata,559084,118318,21.16,0.11
978,2021-03-05,BAS,1855,857,998,1109,746,ITF,ITF5,17,Basilicata,Basilicata,559084,120173,21.49,0.33
979,2021-06-13,BAS,3009,1437,1572,2701,308,ITF,ITF5,17,Basilicata,Basilicata,559084,123182,22.03,0.54
980,2021-05-27,BAS,3602,1855,1747,1073,2529,ITF,ITF5,17,Basilicata,Basilicata,559084,126784,22.68,0.64
981,2021-04-24,BAS,4542,2197,2345,3529,1013,ITF,ITF5,17,Basilicata,Basilicata,559084,131326,23.49,0.81
982,2021-05-23,BAS,4517,2302,2215,1533,2984,ITF,ITF5,17,Basilicata,Basilicata,559084,135843,24.3,0.81
983,2021-03-27,BAS,2248,860,1388,1820,428,ITF,ITF5,17,Basilicata,Basilicata,559084,138091,24.7,0.4
984,2021-01-07,BAS,641,319,322,641,0,ITF,ITF5,17,Basilicata,Basilicata,559084,138732,24.81,0.11
985,2021-02-19,BAS,1623,738,885,1561,62,ITF,ITF5,17,Basilicata,Basilicata,559084,140355,25.1,0.29
986,2021-04-17,BAS,3461,1655,1806,2199,1262,ITF,ITF5,17,Basilicata,Basilicata,559084,143816,25.72,0.62
987,2021-03-29,BAS,2434,880,1554,2147,287,ITF,ITF5,17,Basilicata,Basilicata,559084,146250,26.16,0.44
988,2021-01-05,BAS,946,409,537,946,0,ITF,ITF5,17,Basilicata,Basilicata,559084,147196,26.33,0.17
989,2021-06-27,BAS,2951,1449,1502,2335,616,ITF,ITF5,17,Basilicata,Basilicata,559084,150147,26.86,0.53
990,2021-04-29,BAS,4831,2385,2446,4410,421,ITF,ITF5,17,Basilicata,Basilicata,559084,154978,27.72,0.86
991,2021-03-17,BAS,1455,610,845,28,1427,ITF,ITF5,17,Basilicata,Basilicata,559084,156433,27.98,0.26
992,2021-01-19,BAS,199,84,115,199,0,ITF,ITF5,17,Basilicata,Basilicata,559084,156632,28.02,0.04
993,2021-06-25,BAS,3274,1552,1722,2444,830,ITF,ITF5,17,Basilicata,Basilicata,559084,159906,28.6,0.59
994,2021-05-11,BAS,2654,1353,1301,1621,1033,ITF,ITF5,17,Basilicata,Basilicata,559084,162560,29.08,0.47
995,2021-04-05,BAS,724,233,491,422,302,ITF,ITF5,17,Basilicata,Basilicata,559084,163284,29.21,0.13
996,2021-03-22,BAS,1188,536,652,640,548,ITF,ITF5,17,Basilicata,Basilicata,559084,164472,29.42,0.21
997,2021-03-03,BAS,1747,817,930,1188,559,ITF,ITF5,17,Basilicata,Basilicata,559084,166219,29.73,0.31
998,2021-05-25,BAS,4195,2112,2083,874,3321,ITF,ITF5,17,Basilicata,Basilicata,559084,170414,30.48,0.75
999,2021-03-13,BAS,1798,890,908,753,1045,ITF,ITF5,17,Basilicata,Basilicata,559084,172212,30.8,0.32
1000,2021-02-07,BAS,375,159,216,49,326,ITF,ITF5,17,Basilicata,Basilicata,559084,172587,30.87,0.07
1001,2021-05-18,BAS,5897,2857,3040,3405,2492,ITF,ITF5,17,Basilicata,Basilicata,559084,178484,31.92,1.05
1002,2021-05-01,BAS,4704,2137,2567,3953,751,ITF,ITF5,17,Basilicata,Basilicata,559084,183188,32.77,0.84
1003,2021-06-01,BAS,6134,2925,3209,3059,3075,ITF,ITF5,17,Basilicata,Basilicata,559084,189322,33.86,1.1
1004,2021-06-08,BAS,4578,2187,2391,4220,358,ITF,ITF5,17,Basilicata,Basilicata,559084,193900,34.68,0.82
1005,2021-04-12,BAS,2172,1052,1120,1683,489,ITF,ITF5,17,Basilicata,Basilicata,559084,196072,35.07,0.39
1006,2021-03-10,BAS,1680,842,838,841,839,ITF,ITF5,17,Basilicata,Basilicata,559084,197752,35.37,0.3
1007,2021-01-26,BAS,800,353,447,101,699,ITF,ITF5,17,Basilicata,Basilicata,559084,198552,35.51,0.14
1008,2021-05-06,BAS,5052,2435,2617,3483,1569,ITF,ITF5,17,Basilicata,Basilicata,559084,203604,36.42,0.9
1009,2021-05-15,BAS,6529,3344,3185,3958,2571,ITF,ITF5,17,Basilicata,Basilicata,559084,210133,37.59,1.17
1010,2021-04-02,BAS,2317,1046,1271,1713,604,ITF,ITF5,17,Basilicata,Basilicata,559084,212450,38.0,0.41
1011,2021-02-04,BAS,1098,442,656,63,1035,ITF,ITF5,17,Basilicata,Basilicata,559084,213548,38.2,0.2
1012,2021-02-02,BAS,367,143,224,175,192,ITF,ITF5,17,Basilicata,Basilicata,559084,213915,38.26,0.07
1013,2021-02-12,BAS,775,332,443,744,31,ITF,ITF5,17,Basilicata,Basilicata,559084,214690,38.4,0.14
1014,2021-04-10,BAS,1033,378,655,950,83,ITF,ITF5,17,Basilicata,Basilicata,559084,215723,38.59,0.18
1015,2021-06-24,BAS,4122,1950,2172,2219,1903,ITF,ITF5,17,Basilicata,Basilicata,559084,219845,39.32,0.74
1016,2021-04-28,BAS,4704,2158,2546,4263,441,ITF,ITF5,17,Basilicata,Basilicata,559084,224549,40.16,0.84
1017,2021-03-02,BAS,797,384,413,661,136,ITF,ITF5,17,Basilicata,Basilicata,559084,225346,40.31,0.14
1018,2021-06-10,BAS,4340,2099,2241,3899,441,ITF,ITF5,17,Basilicata,Basilicata,559084,229686,41.08,0.78
1019,2021-06-17,BAS,4421,2034,2387,2103,2318,ITF,ITF5,17,Basilicata,Basilicata,559084,234107,41.87,0.79
1020,2021-04-21,BAS,3922,1835,2087,2272,1650,ITF,ITF5,17,Basilicata,Basilicata,559084,238029,42.57,0.7
1021,2021-06-20,BAS,4004,1879,2125,1968,2036,ITF,ITF5,17,Basilicata,Basilicata,559084,242033,43.29,0.72
1022,2021-03-14,BAS,1010,477,533,541,469,ITF,ITF5,17,Basilicata,Basilicata,559084,243043,43.47,0.18
1023,2021-03-31,BAS,3094,1258,1836,2312,782,ITF,ITF5,17,Basilicata,Basilicata,559084,246137,44.03,0.55
1024,2021-02-26,BAS,2150,904,1246,2070,80,ITF,ITF5,17,Basilicata,Basilicata,559084,248287,44.41,0.38
1025,2021-05-20,BAS,5854,2963,2891,2889,2965,ITF,ITF5,17,Basilicata,Basilicata,559084,254141,45.46,1.05
1026,2021-06-06,BAS,4502,2070,2432,3723,779,ITF,ITF5,17,Basilicata,Basilicata,559084,258643,46.26,0.81
1027,2021-04-14,BAS,2042,1000,1042,1368,674,ITF,ITF5,17,Basilicata,Basilicata,559084,260685,46.63,0.37
1028,2021-01-21,BAS,30,10,20,30,0,ITF,ITF5,17,Basilicata,Basilicata,559084,260715,46.63,0.01
1029,2021-01-04,BAS,607,271,336,607,0,ITF,ITF5,17,Basilicata,Basilicata,559084,261322,46.74,0.11
1030,2021-02-14,BAS,151,48,103,151,0,ITF,ITF5,17,Basilicata,Basilicata,559084,261473,46.77,0.03
1031,2021-01-31,BAS,77,24,53,0,77,ITF,ITF5,17,Basilicata,Basilicata,559084,261550,46.78,0.01
1032,2021-01-12,BAS,217,88,129,217,0,ITF,ITF5,17,Basilicata,Basilicata,559084,261767,46.82,0.04
1033,2021-05-10,BAS,4804,2382,2422,2762,2042,ITF,ITF5,17,Basilicata,Basilicata,559084,266571,47.68,0.86
1034,2021-03-24,BAS,1897,724,1173,1499,398,ITF,ITF5,17,Basilicata,Basilicata,559084,268468,48.02,0.34
1035,2021-07-02,BAS,3570,1758,1812,2400,1170,ITF,ITF5,17,Basilicata,Basilicata,559084,272038,48.66,0.64
1036,2021-02-11,BAS,952,401,551,869,83,ITF,ITF5,17,Basilicata,Basilicata,559084,272990,48.83,0.17
1037,2021-05-22,BAS,5488,2723,2765,1937,3551,ITF,ITF5,17,Basilicata,Basilicata,559084,278478,49.81,0.98
1038,2021-03-26,BAS,1955,703,1252,1695,260,ITF,ITF5,17,Basilicata,Basilicata,559084,280433,50.16,0.35
1039,2021-02-13,BAS,799,313,486,738,61,ITF,ITF5,17,Basilicata,Basilicata,559084,281232,50.3,0.14
1040,2021-05-24,BAS,4833,2343,2490,1103,3730,ITF,ITF5,17,Basilicata,Basilicata,559084,286065,51.17,0.86
1041,2021-06-02,BAS,5961,2805,3156,4418,1543,ITF,ITF5,17,Basilicata,Basilicata,559084,292026,52.23,1.07
1042,2021-04-18,BAS,3719,1846,1873,2352,1367,ITF,ITF5,17,Basilicata,Basilicata,559084,295745,52.9,0.67
1043,2021-02-20,BAS,1163,532,631,1044,119,ITF,ITF5,17,Basilicata,Basilicata,559084,296908,53.11,0.21
1044,2021-05-31,BAS,4229,2009,2220,1721,2508,ITF,ITF5,17,Basilicata,Basilicata,559084,301137,53.86,0.76
1045,2021-02-18,BAS,1070,401,669,855,215,ITF,ITF5,17,Basilicata,Basilicata,559084,302207,54.05,0.19
1046,2021-01-23,BAS,721,305,416,33,688,ITF,ITF5,17,Basilicata,Basilicata,559084,302928,54.18,0.13
1047,2021-05-03,BAS,4514,2043,2471,3686,828,ITF,ITF5,17,Basilicata,Basilicata,559084,307442,54.99,0.81
1048,2021-02-09,BAS,491,213,278,316,175,ITF,ITF5,17,Basilicata,Basilicata,559084,307933,55.08,0.09
1049,2021-06-21,BAS,4242,2038,2204,2151,2091,ITF,ITF5,17,Basilicata,Basilicata,559084,312175,55.84,0.76
1050,2021-04-19,BAS,4166,1913,2253,2528,1638,ITF,ITF5,17,Basilicata,Basilicata,559084,316341,56.58,0.75
1051,2021-06-15,BAS,3208,1406,1802,2233,975,ITF,ITF5,17,Basilicata,Basilicata,559084,319549,57.16,0.57
1052,2021-02-28,BAS,804,343,461,775,29,ITF,ITF5,17,Basilicata,Basilicata,559084,320353,57.3,0.14
1053,2021-01-02,BAS,950,381,569,950,0,ITF,ITF5,17,Basilicata,Basilicata,559084,321303,57.47,0.17
1054,2021-01-16,BAS,722,304,418,722,0,ITF,ITF5,17,Basilicata,Basilicata,559084,322025,57.6,0.13
1055,2021-04-26,BAS,4466,2165,2301,4245,221,ITF,ITF5,17,Basilicata,Basilicata,559084,326491,58.4,0.8
1056,2021-06-29,BAS,3827,1856,1971,2787,1040,ITF,ITF5,17,Basilicata,Basilicata,559084,330318,59.08,0.68
1057,2021-03-21,BAS,1061,488,573,365,696,ITF,ITF5,17,Basilicata,Basilicata,559084,331379,59.27,0.19
1058,2021-05-29,BAS,3059,1534,1525,834,2225,ITF,ITF5,17,Basilicata,Basilicata,559084,334438,59.82,0.55
1059,2021-02-21,BAS,284,113,171,284,0,ITF,ITF5,17,Basilicata,Basilicata,559084,334722,59.87,0.05
1060,2021-03-07,BAS,889,309,580,851,38,ITF,ITF5,17,Basilicata,Basilicata,559084,335611,60.03,0.16
1061,2021-01-09,BAS,557,160,397,557,0,ITF,ITF5,17,Basilicata,Basilicata,559084,336168,60.13,0.1
1062,2021-07-03,BAS,2802,1428,1374,1863,939,ITF,ITF5,17,Basilicata,Basilicata,559084,338970,60.63,0.5
1063,2021-06-19,BAS,4459,2175,2284,2386,2073,ITF,ITF5,17,Basilicata,Basilicata,559084,343429,61.43,0.8
1064,2021-03-28,BAS,2142,743,1399,2125,17,ITF,ITF5,17,Basilicata,Basilicata,559084,345571,61.81,0.38
1065,2021-03-11,BAS,1794,928,866,835,959,ITF,ITF5,17,Basilicata,Basilicata,559084,347365,62.13,0.32
1066,2021-03-30,BAS,2743,1158,1585,2398,345,ITF,ITF5,17,Basilicata,Basilicata,559084,350108,62.62,0.49
1067,2021-01-06,BAS,294,129,165,294,0,ITF,ITF5,17,Basilicata,Basilicata,559084,350402,62.67,0.05
1068,2021-04-16,BAS,3321,1634,1687,2423,898,ITF,ITF5,17,Basilicata,Basilicata,559084,353723,63.27,0.59
1069,2021-06-22,BAS,4363,2069,2294,2261,2102,ITF,ITF5,17,Basilicata,Basilicata,559084,358086,64.05,0.78
1070,2021-06-05,BAS,4796,2206,2590,3853,943,ITF,ITF5,17,Basilicata,Basilicata,559084,362882,64.91,0.86
1071,2021-02-23,BAS,1901,771,1130,1763,138,ITF,ITF5,17,Basilicata,Basilicata,559084,364783,65.25,0.34
1072,2021-06-03,BAS,4918,2255,2663,3737,1181,ITF,ITF5,17,Basilicata,Basilicata,559084,369701,66.13,0.88
1073,2021-03-12,BAS,1907,981,926,806,1101,ITF,ITF5,17,Basilicata,Basilicata,559084,371608,66.47,0.34
1074,2021-05-17,BAS,5540,2732,2808,3408,2132,ITF,ITF5,17,Basilicata,Basilicata,559084,377148,67.46,0.99
1075,2021-02-08,BAS,558,193,365,151,407,ITF,ITF5,17,Basilicata,Basilicata,559084,377706,67.56,0.1
1076,2021-05-19,BAS,2870,1498,1372,1194,1676,ITF,ITF5,17,Basilicata,Basilicata,559084,380576,68.07,0.51
1077,2021-02-25,BAS,1788,737,1051,1742,46,ITF,ITF5,17,Basilicata,Basilicata,559084,382364,68.39,0.32
1078,2021-02-06,BAS,905,369,536,146,759,ITF,ITF5,17,Basilicata,Basilicata,559084,383269,68.55,0.16
1079,2021-04-30,BAS,5284,2373,2911,4122,1162,ITF,ITF5,17,Basilicata,Basilicata,559084,388553,69.5,0.95
1080,2021-01-20,BAS,84,22,62,84,0,ITF,ITF5,17,Basilicata,Basilicata,559084,388637,69.51,0.02
1081,2021-04-09,BAS,1151,350,801,1088,63,ITF,ITF5,17,Basilicata,Basilicata,559084,389788,69.72,0.21
1082,2021-02-27,BAS,1993,861,1132,1829,164,ITF,ITF5,17,Basilicata,Basilicata,559084,391781,70.08,0.36
1083,2021-01-18,BAS,463,157,306,364,99,ITF,ITF5,17,Basilicata,Basilicata,559084,392244,70.16,0.08
1084,2021-03-16,BAS,1908,802,1106,229,1679,ITF,ITF5,17,Basilicata,Basilicata,559084,394152,70.5,0.34
1085,2021-05-05,BAS,4334,2048,2286,3444,890,ITF,ITF5,17,Basilicata,Basilicata,559084,398486,71.27,0.78
1086,2021-03-09,BAS,1401,714,687,795,606,ITF,ITF5,17,Basilicata,Basilicata,559084,399887,71.53,0.25
1087,2021-01-25,BAS,1024,429,595,74,950,ITF,ITF5,17,Basilicata,Basilicata,559084,400911,71.71,0.18
1088,2021-01-11,BAS,183,66,117,183,0,ITF,ITF5,17,Basilicata,Basilicata,559084,401094,71.74,0.03
1089,2021-05-07,BAS,4649,2284,2365,3295,1354,ITF,ITF5,17,Basilicata,Basilicata,559084,405743,72.57,0.83
1090,2021-05-14,BAS,5907,2799,3108,3376,2531,ITF,ITF5,17,Basilicata,Basilicata,559084,411650,73.63,1.06
1091,2021-03-18,BAS,1350,564,786,25,1325,ITF,ITF5,17,Basilicata,Basilicata,559084,413000,73.87,0.24
1092,2021-06-26,BAS,3285,1586,1699,2729,556,ITF,ITF5,17,Basilicata,Basilicata,559084,416285,74.46,0.59
1093,2021-06-07,BAS,4234,1918,2316,3918,316,ITF,ITF5,17,Basilicata,Basilicata,559084,420519,75.22,0.76
1094,2021-04-11,BAS,852,330,522,785,67,ITF,ITF5,17,Basilicata,Basilicata,559084,421371,75.37,0.15
1095,2021-04-04,BAS,610,225,385,197,413,ITF,ITF5,17,Basilicata,Basilicata,559084,421981,75.48,0.11
1096,2021-01-13,BAS,916,387,529,916,0,ITF,ITF5,17,Basilicata,Basilicata,559084,422897,75.64,0.16
1097,2021-04-23,BAS,4535,2184,2351,3536,999,ITF,ITF5,17,Basilicata,Basilicata,559084,427432,76.45,0.81
1098,2021-01-30,BAS,706,229,477,129,577,ITF,ITF5,17,Basilicata,Basilicata,559084,428138,76.58,0.13
1099,2021-03-04,BAS,1881,892,989,1085,796,ITF,ITF5,17,Basilicata,Basilicata,559084,430019,76.91,0.34
1100,2021-06-12,BAS,3675,1687,1988,2987,688,ITF,ITF5,17,Basilicata,Basilicata,559084,433694,77.57,0.66
1101,2021-03-19,BAS,2296,995,1301,266,2030,ITF,ITF5,17,Basilicata,Basilicata,559084,435990,77.98,0.41
1102,2021-02-16,BAS,907,377,530,809,98,ITF,ITF5,17,Basilicata,Basilicata,559084,436897,78.15,0.16
1103,2021-01-28,BAS,906,402,504,119,787,ITF,ITF5,17,Basilicata,Basilicata,559084,437803,78.31,0.16
1104,2021-01-14,BAS,969,413,556,969,0,ITF,ITF5,17,Basilicata,Basilicata,559084,438772,78.48,0.17
1105,2021-04-07,BAS,1212,551,661,1175,37,ITF,ITF5,17,Basilicata,Basilicata,559084,439984,78.7,0.22
1106,2021-04-25,BAS,2986,1457,1529,2934,52,ITF,ITF5,17,Basilicata,Basilicata,559084,442970,79.23,0.53
1107,2021-05-12,BAS,4724,2327,2397,2842,1882,ITF,ITF5,17,Basilicata,Basilicata,559084,447694,80.08,0.84
1108,2021-04-06,BAS,1273,464,809,1089,184,ITF,ITF5,17,Basilicata,Basilicata,559084,448967,80.3,0.23
1109,2021-06-14,BAS,4812,2148,2664,2103,2709,ITF,ITF5,17,Basilicata,Basilicata,559084,453779,81.16,0.86
1110,2021-03-23,BAS,1591,610,981,1423,168,ITF,ITF5,17,Basilicata,Basilicata,559084,455370,81.45,0.28
1111,2021-07-01,BAS,3568,1765,1803,2464,1104,ITF,ITF5,17,Basilicata,Basilicata,559084,458938,82.09,0.64
1112,2021-02-01,BAS,242,91,151,46,196,ITF,ITF5,17,Basilicata,Basilicata,559084,459180,82.13,0.04
1113,2021-05-26,BAS,4488,2259,2229,1706,2782,ITF,ITF5,17,Basilicata,Basilicata,559084,463668,82.93,0.8
1114,2021-04-09,SAR,12306,5471,6835,7953,4353,ITG,ITG2,20,Sardegna,Sardegna,1639591,12306,0.75,0.75
1115,2021-04-11,SAR,5395,2443,2952,4275,1120,ITG,ITG2,20,Sardegna,Sardegna,1639591,17701,1.08,0.33
1116,2021-06-07,SAR,12557,6142,6415,9553,3004,ITG,ITG2,20,Sardegna,Sardegna,1639591,30258,1.85,0.77
1117,2021-02-04,SAR,2272,816,1456,916,1356,ITG,ITG2,20,Sardegna,Sardegna,1639591,32530,1.98,0.14
1118,2021-04-02,SAR,8993,3548,5445,5751,3242,ITG,ITG2,20,Sardegna,Sardegna,1639591,41523,2.53,0.55
1119,2021-07-01,SAR,19657,9656,10001,6942,12715,ITG,ITG2,20,Sardegna,Sardegna,1639591,61180,3.73,1.2
1120,2021-03-23,SAR,6413,2879,3534,5335,1078,ITG,ITG2,20,Sardegna,Sardegna,1639591,67593,4.12,0.39
1121,2021-05-12,SAR,11136,5261,5875,7997,3139,ITG,ITG2,20,Sardegna,Sardegna,1639591,78729,4.8,0.68
1122,2020-12-28,SAR,65,25,40,65,0,ITG,ITG2,20,Sardegna,Sardegna,1639591,78794,4.81,0.0
1123,2021-02-11,SAR,1315,490,825,1204,111,ITG,ITG2,20,Sardegna,Sardegna,1639591,80109,4.89,0.08
1124,2021-05-24,SAR,14480,7261,7219,8497,5983,ITG,ITG2,20,Sardegna,Sardegna,1639591,94589,5.77,0.88
1125,2021-02-13,SAR,1456,565,891,1454,2,ITG,ITG2,20,Sardegna,Sardegna,1639591,96045,5.86,0.09
1126,2021-05-29,SAR,17997,8650,9347,13404,4593,ITG,ITG2,20,Sardegna,Sardegna,1639591,114042,6.96,1.1
1127,2021-02-18,SAR,1878,732,1146,1814,64,ITG,ITG2,20,Sardegna,Sardegna,1639591,115920,7.07,0.11
1128,2021-03-09,SAR,5547,2742,2805,4818,729,ITG,ITG2,20,Sardegna,Sardegna,1639591,121467,7.41,0.34
1129,2021-05-05,SAR,10163,4647,5516,8150,2013,ITG,ITG2,20,Sardegna,Sardegna,1639591,131630,8.03,0.62
1130,2021-03-02,SAR,3061,1640,1421,1908,1153,ITG,ITG2,20,Sardegna,Sardegna,1639591,134691,8.21,0.19
1131,2021-04-28,SAR,9026,4282,4744,5323,3703,ITG,ITG2,20,Sardegna,Sardegna,1639591,143717,8.77,0.55
1132,2021-01-18,SAR,904,326,578,780,124,ITG,ITG2,20,Sardegna,Sardegna,1639591,144621,8.82,0.06
1133,2021-06-24,SAR,19143,9190,9953,8197,10946,ITG,ITG2,20,Sardegna,Sardegna,1639591,163764,9.99,1.17
1134,2021-03-16,SAR,4374,1949,2425,3452,922,ITG,ITG2,20,Sardegna,Sardegna,1639591,168138,10.25,0.27
1135,2021-05-19,SAR,17017,8664,8353,12779,4238,ITG,ITG2,20,Sardegna,Sardegna,1639591,185155,11.29,1.04
1136,2021-06-05,SAR,17865,8430,9435,11413,6452,ITG,ITG2,20,Sardegna,Sardegna,1639591,203020,12.38,1.09
1137,2021-02-25,SAR,2899,1255,1644,2294,605,ITG,ITG2,20,Sardegna,Sardegna,1639591,205919,12.56,0.18
1138,2021-03-14,SAR,607,376,231,607,0,ITG,ITG2,20,Sardegna,Sardegna,1639591,206526,12.6,0.04
1139,2021-04-30,SAR,11134,5301,5833,6923,4211,ITG,ITG2,20,Sardegna,Sardegna,1639591,217660,13.28,0.68
1140,2021-04-23,SAR,12864,5741,7123,7388,5476,ITG,ITG2,20,Sardegna,Sardegna,1639591,230524,14.06,0.78
1141,2021-05-10,SAR,9739,4341,5398,7201,2538,ITG,ITG2,20,Sardegna,Sardegna,1639591,240263,14.65,0.59
1142,2021-01-30,SAR,3863,1392,2471,362,3501,ITG,ITG2,20,Sardegna,Sardegna,1639591,244126,14.89,0.24
1143,2021-06-19,SAR,15330,7507,7823,9210,6120,ITG,ITG2,20,Sardegna,Sardegna,1639591,259456,15.82,0.93
1144,2021-03-28,SAR,4646,1839,2807,4566,80,ITG,ITG2,20,Sardegna,Sardegna,1639591,264102,16.11,0.28
1145,2021-01-04,SAR,592,217,375,592,0,ITG,ITG2,20,Sardegna,Sardegna,1639591,264694,16.14,0.04
1146,2021-04-16,SAR,14449,6490,7959,9106,5343,ITG,ITG2,20,Sardegna,Sardegna,1639591,279143,17.03,0.88
1147,2021-01-16,SAR,1492,525,967,1492,0,ITG,ITG2,20,Sardegna,Sardegna,1639591,280635,17.12,0.09
1148,2021-06-26,SAR,18736,8780,9956,5511,13225,ITG,ITG2,20,Sardegna,Sardegna,1639591,299371,18.26,1.14
1149,2021-04-04,SAR,1,0,1,0,1,ITG,ITG2,20,Sardegna,Sardegna,1639591,299372,18.26,0.0
1150,2021-06-16,SAR,17627,8273,9354,12326,5301,ITG,ITG2,20,Sardegna,Sardegna,1639591,316999,19.33,1.08
1151,2021-01-01,SAR,32,17,15,32,0,ITG,ITG2,20,Sardegna,Sardegna,1639591,317031,19.34,0.0
1152,2021-02-27,SAR,1921,647,1274,1366,555,ITG,ITG2,20,Sardegna,Sardegna,1639591,318952,19.45,0.12
1153,2021-06-14,SAR,13735,6634,7101,10126,3609,ITG,ITG2,20,Sardegna,Sardegna,1639591,332687,20.29,0.84
1154,2021-03-06,SAR,2638,1079,1559,858,1780,ITG,ITG2,20,Sardegna,Sardegna,1639591,335325,20.45,0.16
1155,2021-06-28,SAR,14967,7022,7945,3116,11851,ITG,ITG2,20,Sardegna,Sardegna,1639591,350292,21.36,0.91
1156,2021-04-06,SAR,7464,3125,4339,5035,2429,ITG,ITG2,20,Sardegna,Sardegna,1639591,357756,21.82,0.46
1157,2020-12-27,SAR,65,34,31,65,0,ITG,ITG2,20,Sardegna,Sardegna,1639591,357821,21.82,0.0
1158,2021-04-25,SAR,4497,2269,2228,3718,779,ITG,ITG2,20,Sardegna,Sardegna,1639591,362318,22.1,0.27
1159,2021-01-15,SAR,1563,573,990,1563,0,ITG,ITG2,20,Sardegna,Sardegna,1639591,363881,22.19,0.1
1160,2021-02-01,SAR,1524,605,919,225,1299,ITG,ITG2,20,Sardegna,Sardegna,1639591,365405,22.29,0.09
1161,2021-05-09,SAR,6129,2874,3255,5203,926,ITG,ITG2,20,Sardegna,Sardegna,1639591,371534,22.66,0.37
1162,2021-04-21,SAR,12077,5559,6518,6543,5534,ITG,ITG2,20,Sardegna,Sardegna,1639591,383611,23.4,0.74
1163,2021-01-11,SAR,1183,505,678,1183,0,ITG,ITG2,20,Sardegna,Sardegna,1639591,384794,23.47,0.07
1164,2021-06-17,SAR,18446,8524,9922,10034,8412,ITG,ITG2,20,Sardegna,Sardegna,1639591,403240,24.59,1.13
1165,2021-01-25,SAR,591,214,377,22,569,ITG,ITG2,20,Sardegna,Sardegna,1639591,403831,24.63,0.04
1166,2021-05-16,SAR,8222,3831,4391,6062,2160,ITG,ITG2,20,Sardegna,Sardegna,1639591,412053,25.13,0.5
1167,2021-05-17,SAR,12815,6258,6557,9271,3544,ITG,ITG2,20,Sardegna,Sardegna,1639591,424868,25.91,0.78
1168,2021-02-06,SAR,1971,698,1273,569,1402,ITG,ITG2,20,Sardegna,Sardegna,1639591,426839,26.03,0.12
1169,2021-02-23,SAR,1537,1026,511,1285,252,ITG,ITG2,20,Sardegna,Sardegna,1639591,428376,26.13,0.09
1170,2021-05-02,SAR,5887,2670,3217,5306,581,ITG,ITG2,20,Sardegna,Sardegna,1639591,434263,26.49,0.36
1171,2021-02-08,SAR,1470,533,937,856,614,ITG,ITG2,20,Sardegna,Sardegna,1639591,435733,26.58,0.09
1172,2021-05-31,SAR,11366,5409,5957,8256,3110,ITG,ITG2,20,Sardegna,Sardegna,1639591,447099,27.27,0.69
1173,2021-04-18,SAR,5127,2225,2902,2258,2869,ITG,ITG2,20,Sardegna,Sardegna,1639591,452226,27.58,0.31
1174,2021-01-08,SAR,3258,1184,2074,3258,0,ITG,ITG2,20,Sardegna,Sardegna,1639591,455484,27.78,0.2
1175,2021-06-02,SAR,9784,4689,5095,8144,1640,ITG,ITG2,20,Sardegna,Sardegna,1639591,465268,28.38,0.6
1176,2021-04-20,SAR,10998,4994,6004,7782,3216,ITG,ITG2,20,Sardegna,Sardegna,1639591,476266,29.05,0.67
1177,2021-06-12,SAR,14744,7187,7557,10044,4700,ITG,ITG2,20,Sardegna,Sardegna,1639591,491010,29.95,0.9
1178,2021-03-04,SAR,4365,2293,2072,3109,1256,ITG,ITG2,20,Sardegna,Sardegna,1639591,495375,30.21,0.27
1179,2021-03-21,SAR,4030,1809,2221,2590,1440,ITG,ITG2,20,Sardegna,Sardegna,1639591,499405,30.46,0.25
1180,2021-01-13,SAR,573,178,395,573,0,ITG,ITG2,20,Sardegna,Sardegna,1639591,499978,30.49,0.03
1181,2021-01-23,SAR,60,22,38,0,60,ITG,ITG2,20,Sardegna,Sardegna,1639591,500038,30.5,0.0
1182,2021-02-22,SAR,1639,949,690,1411,228,ITG,ITG2,20,Sardegna,Sardegna,1639591,501677,30.6,0.1
1183,2021-03-11,SAR,6428,3092,3336,5226,1202,ITG,ITG2,20,Sardegna,Sardegna,1639591,508105,30.99,0.39
1184,2021-06-04,SAR,14477,6928,7549,9922,4555,ITG,ITG2,20,Sardegna,Sardegna,1639591,522582,31.87,0.88
1185,2021-06-21,SAR,14006,6727,7279,5190,8816,ITG,ITG2,20,Sardegna,Sardegna,1639591,536588,32.73,0.85
1186,2021-03-13,SAR,2755,1076,1679,2474,281,ITG,ITG2,20,Sardegna,Sardegna,1639591,539343,32.89,0.17
1187,2021-05-07,SAR,14472,6632,7840,9949,4523,ITG,ITG2,20,Sardegna,Sardegna,1639591,553815,33.78,0.88
1188,2021-01-27,SAR,1413,497,916,79,1334,ITG,ITG2,20,Sardegna,Sardegna,1639591,555228,33.86,0.09
1189,2021-07-03,SAR,13515,6466,7049,2479,11036,ITG,ITG2,20,Sardegna,Sardegna,1639591,568743,34.69,0.82
1190,2021-03-25,SAR,9116,3973,5143,7809,1307,ITG,ITG2,20,Sardegna,Sardegna,1639591,577859,35.24,0.56
1191,2021-05-21,SAR,22639,11205,11434,16543,6096,ITG,ITG2,20,Sardegna,Sardegna,1639591,600498,36.62,1.38
1192,2021-04-13,SAR,7619,3601,4018,5792,1827,ITG,ITG2,20,Sardegna,Sardegna,1639591,608117,37.09,0.46
1193,2021-06-09,SAR,15459,7366,8093,11721,3738,ITG,ITG2,20,Sardegna,Sardegna,1639591,623576,38.03,0.94
1194,2021-02-05,SAR,1897,749,1148,433,1464,ITG,ITG2,20,Sardegna,Sardegna,1639591,625473,38.15,0.12
1195,2021-04-03,SAR,4669,1806,2863,2702,1967,ITG,ITG2,20,Sardegna,Sardegna,1639591,630142,38.43,0.28
1196,2021-05-30,SAR,9730,4839,4891,7372,2358,ITG,ITG2,20,Sardegna,Sardegna,1639591,639872,39.03,0.59
1197,2021-02-19,SAR,1499,473,1026,1443,56,ITG,ITG2,20,Sardegna,Sardegna,1639591,641371,39.12,0.09
1198,2021-03-27,SAR,5736,2192,3544,5314,422,ITG,ITG2,20,Sardegna,Sardegna,1639591,647107,39.47,0.35
1199,2021-05-23,SAR,9967,4807,5160,7722,2245,ITG,ITG2,20,Sardegna,Sardegna,1639591,657074,40.08,0.61
1200,2021-02-12,SAR,2237,933,1304,2178,59,ITG,ITG2,20,Sardegna,Sardegna,1639591,659311,40.21,0.14
1201,2021-04-10,SAR,10493,4750,5743,8556,1937,ITG,ITG2,20,Sardegna,Sardegna,1639591,669804,40.85,0.64
1202,2021-01-20,SAR,210,77,133,208,2,ITG,ITG2,20,Sardegna,Sardegna,1639591,670014,40.86,0.01
1203,2021-03-29,SAR,4725,1829,2896,4136,589,ITG,ITG2,20,Sardegna,Sardegna,1639591,674739,41.15,0.29
1204,2021-04-15,SAR,11847,5541,6306,6889,4958,ITG,ITG2,20,Sardegna,Sardegna,1639591,686586,41.88,0.72
1205,2021-01-05,SAR,1327,446,881,1327,0,ITG,ITG2,20,Sardegna,Sardegna,1639591,687913,41.96,0.08
1206,2021-01-22,SAR,83,47,36,55,28,ITG,ITG2,20,Sardegna,Sardegna,1639591,687996,41.96,0.01
1207,2021-04-17,SAR,10088,4504,5584,5490,4598,ITG,ITG2,20,Sardegna,Sardegna,1639591,698084,42.58,0.62
1208,2021-03-30,SAR,8778,3591,5187,6502,2276,ITG,ITG2,20,Sardegna,Sardegna,1639591,706862,43.11,0.54
1209,2021-01-06,SAR,1615,549,1066,1615,0,ITG,ITG2,20,Sardegna,Sardegna,1639591,708477,43.21,0.1
1210,2021-06-23,SAR,20525,9659,10866,6276,14249,ITG,ITG2,20,Sardegna,Sardegna,1639591,729002,44.46,1.25
1211,2021-05-28,SAR,17949,8692,9257,13673,4276,ITG,ITG2,20,Sardegna,Sardegna,1639591,746951,45.56,1.09
1212,2021-02-17,SAR,1407,577,830,1333,74,ITG,ITG2,20,Sardegna,Sardegna,1639591,748358,45.64,0.09
1213,2021-05-25,SAR,15144,7706,7438,8668,6476,ITG,ITG2,20,Sardegna,Sardegna,1639591,763502,46.57,0.92
1214,2021-06-11,SAR,14771,7016,7755,9239,5532,ITG,ITG2,20,Sardegna,Sardegna,1639591,778273,47.47,0.9
1215,2021-03-03,SAR,4120,2282,1838,2821,1299,ITG,ITG2,20,Sardegna,Sardegna,1639591,782393,47.72,0.25
1216,2021-02-20,SAR,2041,855,1186,1707,334,ITG,ITG2,20,Sardegna,Sardegna,1639591,784434,47.84,0.12
1217,2021-04-29,SAR,11127,5111,6016,6769,4358,ITG,ITG2,20,Sardegna,Sardegna,1639591,795561,48.52,0.68
1218,2021-06-25,SAR,16481,7796,8685,3941,12540,ITG,ITG2,20,Sardegna,Sardegna,1639591,812042,49.53,1.01
1219,2021-01-10,SAR,2183,750,1433,2183,0,ITG,ITG2,20,Sardegna,Sardegna,1639591,814225,49.66,0.13
1220,2021-07-02,SAR,18916,8885,10031,4376,14540,ITG,ITG2,20,Sardegna,Sardegna,1639591,833141,50.81,1.15
1221,2021-04-27,SAR,7617,3552,4065,5574,2043,ITG,ITG2,20,Sardegna,Sardegna,1639591,840758,51.28,0.46
1222,2021-01-17,SAR,860,277,583,859,1,ITG,ITG2,20,Sardegna,Sardegna,1639591,841618,51.33,0.05
1223,2021-03-15,SAR,2799,1319,1480,2426,373,ITG,ITG2,20,Sardegna,Sardegna,1639591,844417,51.5,0.17
1224,2021-03-26,SAR,8440,3492,4948,6914,1526,ITG,ITG2,20,Sardegna,Sardegna,1639591,852857,52.02,0.51
1225,2021-05-22,SAR,24848,11955,12893,19703,5145,ITG,ITG2,20,Sardegna,Sardegna,1639591,877705,53.53,1.52
1226,2021-01-19,SAR,747,270,477,692,55,ITG,ITG2,20,Sardegna,Sardegna,1639591,878452,53.58,0.05
1227,2021-03-17,SAR,6560,2852,3708,4952,1608,ITG,ITG2,20,Sardegna,Sardegna,1639591,885012,53.98,0.4
1228,2021-06-27,SAR,9008,4304,4704,2982,6026,ITG,ITG2,20,Sardegna,Sardegna,1639591,894020,54.53,0.55
1229,2021-03-24,SAR,7409,3108,4301,6050,1359,ITG,ITG2,20,Sardegna,Sardegna,1639591,901429,54.98,0.45
1230,2021-05-18,SAR,14752,7378,7374,9552,5200,ITG,ITG2,20,Sardegna,Sardegna,1639591,916181,55.88,0.9
1231,2021-02-24,SAR,2414,1295,1119,2224,190,ITG,ITG2,20,Sardegna,Sardegna,1639591,918595,56.03,0.15
1232,2021-06-06,SAR,10030,4998,5032,6379,3651,ITG,ITG2,20,Sardegna,Sardegna,1639591,928625,56.64,0.61
1233,2021-03-18,SAR,7257,3071,4186,5652,1605,ITG,ITG2,20,Sardegna,Sardegna,1639591,935882,57.08,0.44
1234,2021-05-14,SAR,14587,6876,7711,10939,3648,ITG,ITG2,20,Sardegna,Sardegna,1639591,950469,57.97,0.89
1235,2021-02-03,SAR,1119,419,700,426,693,ITG,ITG2,20,Sardegna,Sardegna,1639591,951588,58.04,0.07
1236,2021-04-01,SAR,10165,4072,6093,7150,3015,ITG,ITG2,20,Sardegna,Sardegna,1639591,961753,58.66,0.62
1237,2021-02-10,SAR,1959,765,1194,1441,518,ITG,ITG2,20,Sardegna,Sardegna,1639591,963712,58.78,0.12
1238,2021-06-30,SAR,17417,8344,9073,4557,12860,ITG,ITG2,20,Sardegna,Sardegna,1639591,981129,59.84,1.06
1239,2021-03-22,SAR,3696,1497,2199,3183,513,ITG,ITG2,20,Sardegna,Sardegna,1639591,984825,60.07,0.23
1240,2021-04-08,SAR,13451,5940,7511,8331,5120,ITG,ITG2,20,Sardegna,Sardegna,1639591,998276,60.89,0.82
1241,2020-12-29,SAR,57,32,25,57,0,ITG,ITG2,20,Sardegna,Sardegna,1639591,998333,60.89,0.0
1242,2021-04-22,SAR,10510,4663,5847,5589,4921,ITG,ITG2,20,Sardegna,Sardegna,1639591,1008843,61.53,0.64
1243,2021-01-12,SAR,865,408,457,865,0,ITG,ITG2,20,Sardegna,Sardegna,1639591,1009708,61.58,0.05
1244,2021-05-11,SAR,8889,4122,4767,6524,2365,ITG,ITG2,20,Sardegna,Sardegna,1639591,1018597,62.13,0.54
1245,2021-01-31,SAR,2121,750,1371,48,2073,ITG,ITG2,20,Sardegna,Sardegna,1639591,1020718,62.25,0.13
1246,2021-04-12,SAR,6998,3184,3814,5281,1717,ITG,ITG2,20,Sardegna,Sardegna,1639591,1027716,62.68,0.43
1247,2021-01-02,SAR,60,21,39,60,0,ITG,ITG2,20,Sardegna,Sardegna,1639591,1027776,62.68,0.0
1248,2021-06-08,SAR,14823,7067,7756,11320,3503,ITG,ITG2,20,Sardegna,Sardegna,1639591,1042599,63.59,0.9
1249,2021-02-28,SAR,368,169,199,142,226,ITG,ITG2,20,Sardegna,Sardegna,1639591,1042967,63.61,0.02
1250,2021-04-26,SAR,6824,3266,3558,5948,876,ITG,ITG2,20,Sardegna,Sardegna,1639591,1049791,64.03,0.42
1251,2021-04-14,SAR,8259,3905,4354,7021,1238,ITG,ITG2,20,Sardegna,Sardegna,1639591,1058050,64.53,0.5
1252,2021-05-01,SAR,9917,4766,5151,5459,4458,ITG,ITG2,20,Sardegna,Sardegna,1639591,1067967,65.14,0.6
1253,2021-01-21,SAR,126,60,66,94,32,ITG,ITG2,20,Sardegna,Sardegna,1639591,1068093,65.14,0.01
1254,2021-02-07,SAR,1118,395,723,228,890,ITG,ITG2,20,Sardegna,Sardegna,1639591,1069211,65.21,0.07
1255,2021-05-03,SAR,8187,3820,4367,6590,1597,ITG,ITG2,20,Sardegna,Sardegna,1639591,1077398,65.71,0.5
1256,2021-05-20,SAR,16307,7853,8454,11413,4894,ITG,ITG2,20,Sardegna,Sardegna,1639591,1093705,66.71,0.99
1257,2021-02-09,SAR,2287,837,1450,1290,997,ITG,ITG2,20,Sardegna,Sardegna,1639591,1095992,66.85,0.14
1258,2021-02-26,SAR,2801,1109,1692,2495,306,ITG,ITG2,20,Sardegna,Sardegna,1639591,1098793,67.02,0.17
1259,2021-01-03,SAR,90,36,54,90,0,ITG,ITG2,20,Sardegna,Sardegna,1639591,1098883,67.02,0.01
1260,2021-06-22,SAR,19329,8985,10344,7269,12060,ITG,ITG2,20,Sardegna,Sardegna,1639591,1118212,68.2,1.18
1261,2021-03-31,SAR,10274,4164,6110,7826,2448,ITG,ITG2,20,Sardegna,Sardegna,1639591,1128486,68.83,0.63
1262,2021-06-03,SAR,16391,7641,8750,10704,5687,ITG,ITG2,20,Sardegna,Sardegna,1639591,1144877,69.83,1.0
1263,2021-06-20,SAR,6276,2795,3481,3656,2620,ITG,ITG2,20,Sardegna,Sardegna,1639591,1151153,70.21,0.38
1264,2021-03-12,SAR,5982,2623,3359,4674,1308,ITG,ITG2,20,Sardegna,Sardegna,1639591,1157135,70.57,0.36
1265,2021-03-08,SAR,4680,2426,2254,3459,1221,ITG,ITG2,20,Sardegna,Sardegna,1639591,1161815,70.86,0.29
1266,2021-05-04,SAR,9543,4388,5155,7690,1853,ITG,ITG2,20,Sardegna,Sardegna,1639591,1171358,71.44,0.58
1267,2021-01-24,SAR,90,34,56,5,85,ITG,ITG2,20,Sardegna,Sardegna,1639591,1171448,71.45,0.01
1268,2021-06-18,SAR,16477,7504,8973,8714,7763,ITG,ITG2,20,Sardegna,Sardegna,1639591,1187925,72.45,1.0
1269,2021-03-10,SAR,6052,2955,3097,5202,850,ITG,ITG2,20,Sardegna,Sardegna,1639591,1193977,72.82,0.37
1270,2021-05-06,SAR,12953,6013,6940,9805,3148,ITG,ITG2,20,Sardegna,Sardegna,1639591,1206930,73.61,0.79
1271,2021-03-01,SAR,2267,1155,1112,1608,659,ITG,ITG2,20,Sardegna,Sardegna,1639591,1209197,73.75,0.14
1272,2021-01-07,SAR,3113,1077,2036,3113,0,ITG,ITG2,20,Sardegna,Sardegna,1639591,1212310,73.94,0.19
1273,2021-06-10,SAR,17804,8477,9327,11769,6035,ITG,ITG2,20,Sardegna,Sardegna,1639591,1230114,75.03,1.09
1274,2020-12-31,SAR,32,16,16,32,0,ITG,ITG2,20,Sardegna,Sardegna,1639591,1230146,75.03,0.0
1275,2021-06-01,SAR,14318,6653,7665,9728,4590,ITG,ITG2,20,Sardegna,Sardegna,1639591,1244464,75.9,0.87
1276,2021-02-21,SAR,1589,710,879,1559,30,ITG,ITG2,20,Sardegna,Sardegna,1639591,1246053,76.0,0.1
1277,2021-04-19,SAR,10196,4622,5574,8766,1430,ITG,ITG2,20,Sardegna,Sardegna,1639591,1256249,76.62,0.62
1278,2021-01-09,SAR,4026,1417,2609,4026,0,ITG,ITG2,20,Sardegna,Sardegna,1639591,1260275,76.87,0.25
1279,2021-06-15,SAR,14659,6786,7873,9928,4731,ITG,ITG2,20,Sardegna,Sardegna,1639591,1274934,77.76,0.89
1280,2021-03-07,SAR,1658,751,907,1117,541,ITG,ITG2,20,Sardegna,Sardegna,1639591,1276592,77.86,0.1
1281,2021-05-13,SAR,12384,5864,6520,8938,3446,ITG,ITG2,20,Sardegna,Sardegna,1639591,1288976,78.62,0.76
1282,2021-02-02,SAR,1498,669,829,257,1241,ITG,ITG2,20,Sardegna,Sardegna,1639591,1290474,78.71,0.09
1283,2021-05-15,SAR,13794,6426,7368,10360,3434,ITG,ITG2,20,Sardegna,Sardegna,1639591,1304268,79.55,0.84
1284,2021-01-26,SAR,1336,453,883,27,1309,ITG,ITG2,20,Sardegna,Sardegna,1639591,1305604,79.63,0.08
1285,2021-05-08,SAR,13090,5972,7118,10800,2290,ITG,ITG2,20,Sardegna,Sardegna,1639591,1318694,80.43,0.8
1286,2021-02-14,SAR,539,263,276,537,2,ITG,ITG2,20,Sardegna,Sardegna,1639591,1319233,80.46,0.03
1287,2021-04-05,SAR,2037,784,1253,2036,1,ITG,ITG2,20,Sardegna,Sardegna,1639591,1321270,80.59,0.12
1288,2021-06-29,SAR,17800,8546,9254,3774,14026,ITG,ITG2,20,Sardegna,Sardegna,1639591,1339070,81.67,1.09
1289,2021-05-26,SAR,15538,8191,7347,9890,5648,ITG,ITG2,20,Sardegna,Sardegna,1639591,1354608,82.62,0.95
1290,2021-02-15,SAR,958,349,609,927,31,ITG,ITG2,20,Sardegna,Sardegna,1639591,1355566,82.68,0.06
1291,2021-03-20,SAR,5197,2076,3121,2919,2278,ITG,ITG2,20,Sardegna,Sardegna,1639591,1360763,82.99,0.32
1292,2021-06-13,SAR,9495,4671,4824,6235,3260,ITG,ITG2,20,Sardegna,Sardegna,1639591,1370258,83.57,0.58
1293,2021-01-29,SAR,2956,1070,1886,48,2908,ITG,ITG2,20,Sardegna,Sardegna,1639591,1373214,83.75,0.18
1294,2021-01-28,SAR,2972,1046,1926,69,2903,ITG,ITG2,20,Sardegna,Sardegna,1639591,1376186,83.93,0.18
1295,2021-05-27,SAR,17828,9263,8565,12294,5534,ITG,ITG2,20,Sardegna,Sardegna,1639591,1394014,85.02,1.09
1296,2021-02-16,SAR,700,289,411,673,27,ITG,ITG2,20,Sardegna,Sardegna,1639591,1394714,85.06,0.04
1297,2021-03-05,SAR,5213,2606,2607,2857,2356,ITG,ITG2,20,Sardegna,Sardegna,1639591,1399927,85.38,0.32
1298,2021-03-19,SAR,7271,3051,4220,5056,2215,ITG,ITG2,20,Sardegna,Sardegna,1639591,1407198,85.83,0.44
1299,2021-04-07,SAR,13552,6056,7496,7900,5652,ITG,ITG2,20,Sardegna,Sardegna,1639591,1420750,86.65,0.83
1300,2021-04-24,SAR,10369,4850,5519,8032,2337,ITG,ITG2,20,Sardegna,Sardegna,1639591,1431119,87.29,0.63
1301,2021-01-14,SAR,1106,426,680,1106,0,ITG,ITG2,20,Sardegna,Sardegna,1639591,1432225,87.35,0.07
1302,2021-06-24,FVG,10823,5479,5344,1916,8907,ITH,ITH4,6,Friuli-Venezia Giulia,Friuli Venezia Giulia,1215220,10823,0.89,0.89
1303,2021-03-16,FVG,3155,1288,1867,1074,2081,ITH,ITH4,6,Friuli-Venezia Giulia,Friuli Venezia Giulia,1215220,13978,1.15,0.26
1304,2021-05-12,FVG,10867,5034,5833,9460,1407,ITH,ITH4,6,Friuli-Venezia Giulia,Friuli Venezia Giulia,1215220,24845,2.04,0.89
1305,2021-05-19,FVG,12036,5934,6102,9692,2344,ITH,ITH4,6,Friuli-Venezia Giulia,Friuli Venezia Giulia,1215220,36881,3.03,0.99
1306,2021-02-04,FVG,2725,808,1917,35,2690,ITH,ITH4,6,Friuli-Venezia Giulia,Friuli Venezia Giulia,1215220,39606,3.26,0.22
1307,2021-04-30,FVG,7333,3236,4097,3696,3637,ITH,ITH4,6,Friuli-Venezia Giulia,Friuli Venezia Giulia,1215220,46939,3.86,0.6
1308,2021-04-28,FVG,7285,3219,4066,3797,3488,ITH,ITH4,6,Friuli-Venezia Giulia,Friuli Venezia Giulia,1215220,54224,4.46,0.6
1309,2021-01-23,FVG,816,324,492,4,812,ITH,ITH4,6,Friuli-Venezia Giulia,Friuli Venezia Giulia,1215220,55040,4.53,0.07
1310,2021-05-05,FVG,9757,4262,5495,6289,3468,ITH,ITH4,6,Friuli-Venezia Giulia,Friuli Venezia Giulia,1215220,64797,5.33,0.8
1311,2021-01-25,FVG,1583,567,1016,194,1389,ITH,ITH4,6,Friuli-Venezia Giulia,Friuli Venezia Giulia,1215220,66380,5.46,0.13
1312,2021-07-01,FVG,11531,5979,5552,2629,8902,ITH,ITH4,6,Friuli-Venezia Giulia,Friuli Venezia Giulia,1215220,77911,6.41,0.95
1313,2021-03-23,FVG,3887,1681,2206,1746,2141,ITH,ITH4,6,Friuli-Venezia Giulia,Friuli Venezia Giulia,1215220,81798,6.73,0.32
1314,2021-02-18,FVG,3218,1492,1726,2811,407,ITH,ITH4,6,Friuli-Venezia Giulia,Friuli Venezia Giulia,1215220,85016,7.0,0.26
1315,2021-04-02,FVG,6594,2926,3668,4756,1838,ITH,ITH4,6,Friuli-Venezia Giulia,Friuli Venezia Giulia,1215220,91610,7.54,0.54
1316,2021-04-16,FVG,6950,3020,3930,5025,1925,ITH,ITH4,6,Friuli-Venezia Giulia,Friuli Venezia Giulia,1215220,98560,8.11,0.57
1317,2021-01-06,FVG,710,264,446,710,0,ITH,ITH4,6,Friuli-Venezia Giulia,Friuli Venezia Giulia,1215220,99270,8.17,0.06
1318,2021-01-30,FVG,2277,745,1532,270,2007,ITH,ITH4,6,Friuli-Venezia Giulia,Friuli Venezia Giulia,1215220,101547,8.36,0.19
1319,2021-06-26,FVG,9493,4835,4658,3356,6137,ITH,ITH4,6,Friuli-Venezia Giulia,Friuli Venezia Giulia,1215220,111040,9.14,0.78
1320,2021-04-21,FVG,7754,3458,4296,4074,3680,ITH,ITH4,6,Friuli-Venezia Giulia,Friuli Venezia Giulia,1215220,118794,9.78,0.64
1321,2021-01-11,FVG,1882,608,1274,1882,0,ITH,ITH4,6,Friuli-Venezia Giulia,Friuli Venezia Giulia,1215220,120676,9.93,0.15
1322,2021-03-28,FVG,4937,2354,2583,4779,158,ITH,ITH4,6,Friuli-Venezia Giulia,Friuli Venezia Giulia,1215220,125613,10.34,0.41
1323,2021-01-18,FVG,1961,606,1355,1867,94,ITH,ITH4,6,Friuli-Venezia Giulia,Friuli Venezia Giulia,1215220,127574,10.5,0.16
1324,2021-01-04,FVG,1507,558,949,1507,0,ITH,ITH4,6,Friuli-Venezia Giulia,Friuli Venezia Giulia,1215220,129081,10.62,0.12
1325,2021-02-06,FVG,1154,338,816,22,1132,ITH,ITH4,6,Friuli-Venezia Giulia,Friuli Venezia Giulia,1215220,130235,10.72,0.09
1326,2021-02-23,FVG,2644,1278,1366,2464,180,ITH,ITH4,6,Friuli-Venezia Giulia,Friuli Venezia Giulia,1215220,132879,10.93,0.22
1327,2021-05-17,FVG,8804,4086,4718,6319,2485,ITH,ITH4,6,Friuli-Venezia Giulia,Friuli Venezia Giulia,1215220,141683,11.66,0.72
1328,2021-03-09,FVG,4009,1722,2287,1262,2747,ITH,ITH4,6,Friuli-Venezia Giulia,Friuli Venezia Giulia,1215220,145692,11.99,0.33
1329,2021-05-24,FVG,11417,5523,5894,7801,3616,ITH,ITH4,6,Friuli-Venezia Giulia,Friuli Venezia Giulia,1215220,157109,12.93,0.94
1330,2021-02-13,FVG,566,179,387,560,6,ITH,ITH4,6,Friuli-Venezia Giulia,Friuli Venezia Giulia,1215220,157675,12.98,0.05
1331,2021-03-02,FVG,4220,1519,2701,2721,1499,ITH,ITH4,6,Friuli-Venezia Giulia,Friuli Venezia Giulia,1215220,161895,13.32,0.35
1332,2021-03-04,FVG,3451,1597,1854,2792,659,ITH,ITH4,6,Friuli-Venezia Giulia,Friuli Venezia Giulia,1215220,165346,13.61,0.28
1333,2021-06-12,FVG,8076,4631,3445,6918,1158,ITH,ITH4,6,Friuli-Venezia Giulia,Friuli Venezia Giulia,1215220,173422,14.27,0.66
1334,2021-03-21,FVG,2672,1000,1672,2263,409,ITH,ITH4,6,Friuli-Venezia Giulia,Friuli Venezia Giulia,1215220,176094,14.49,0.22
1335,2021-04-11,FVG,3433,1520,1913,2527,906,ITH,ITH4,6,Friuli-Venezia Giulia,Friuli Venezia Giulia,1215220,179527,14.77,0.28
1336,2021-06-07,FVG,9128,4736,4392,8162,966,ITH,ITH4,6,Friuli-Venezia Giulia,Friuli Venezia Giulia,1215220,188655,15.52,0.75
1337,2021-05-31,FVG,8876,4410,4466,6706,2170,ITH,ITH4,6,Friuli-Venezia Giulia,Friuli Venezia Giulia,1215220,197531,16.25,0.73
1338,2021-03-14,FVG,1398,550,848,1146,252,ITH,ITH4,6,Friuli-Venezia Giulia,Friuli Venezia Giulia,1215220,198929,16.37,0.12
1339,2021-04-08,FVG,7439,3210,4229,5517,1922,ITH,ITH4,6,Friuli-Venezia Giulia,Friuli Venezia Giulia,1215220,206368,16.98,0.61
1340,2021-05-21,FVG,11200,5010,6190,8233,2967,ITH,ITH4,6,Friuli-Venezia Giulia,Friuli Venezia Giulia,1215220,217568,17.9,0.92
1341,2021-02-10,FVG,1352,496,856,1266,86,ITH,ITH4,6,Friuli-Venezia Giulia,Friuli Venezia Giulia,1215220,218920,18.01,0.11
1342,2021-02-01,FVG,2097,688,1409,16,2081,ITH,ITH4,6,Friuli-Venezia Giulia,Friuli Venezia Giulia,1215220,221017,18.19,0.17
1343,2021-05-14,FVG,10750,5353,5397,8161,2589,ITH,ITH4,6,Friuli-Venezia Giulia,Friuli Venezia Giulia,1215220,231767,19.07,0.88
1344,2021-02-03,FVG,2647,791,1856,23,2624,ITH,ITH4,6,Friuli-Venezia Giulia,Friuli Venezia Giulia,1215220,234414,19.29,0.22
1345,2021-06-19,FVG,8412,4383,4029,1296,7116,ITH,ITH4,6,Friuli-Venezia Giulia,Friuli Venezia Giulia,1215220,242826,19.98,0.69
1346,2021-03-11,FVG,3475,1516,1959,1724,1751,ITH,ITH4,6,Friuli-Venezia Giulia,Friuli Venezia Giulia,1215220,246301,20.27,0.29
1347,2021-04-13,FVG,7364,3288,4076,5761,1603,ITH,ITH4,6,Friuli-Venezia Giulia,Friuli Venezia Giulia,1215220,253665,20.87,0.61
1348,2021-01-03,FVG,312,122,190,312,0,ITH,ITH4,6,Friuli-Venezia Giulia,Friuli Venezia Giulia,1215220,253977,20.9,0.03
1349,2021-01-20,FVG,748,320,428,13,735,ITH,ITH4,6,Friuli-Venezia Giulia,Friuli Venezia Giulia,1215220,254725,20.96,0.06
1350,2021-02-11,FVG,1930,664,1266,1738,192,ITH,ITH4,6,Friuli-Venezia Giulia,Friuli Venezia Giulia,1215220,256655,21.12,0.16
1351,2021-04-09,FVG,7913,3657,4256,6667,1246,ITH,ITH4,6,Friuli-Venezia Giulia,Friuli Venezia Giulia,1215220,264568,21.77,0.65
1352,2020-12-30,FVG,626,244,382,626,0,ITH,ITH4,6,Friuli-Venezia Giulia,Friuli Venezia Giulia,1215220,265194,21.82,0.05
1353,2021-06-05,FVG,10288,5317,4971,8740,1548,ITH,ITH4,6,Friuli-Venezia Giulia,Friuli Venezia Giulia,1215220,275482,22.67,0.85
1354,2021-02-25,FVG,3165,1652,1513,3136,29,ITH,ITH4,6,Friuli-Venezia Giulia,Friuli Venezia Giulia,1215220,278647,22.93,0.26
1355,2021-06-16,FVG,12064,5857,6207,4064,8000,ITH,ITH4,6,Friuli-Venezia Giulia,Friuli Venezia Giulia,1215220,290711,23.92,0.99
1356,2021-04-23,FVG,7467,3377,4090,3602,3865,ITH,ITH4,6,Friuli-Venezia Giulia,Friuli Venezia Giulia,1215220,298178,24.54,0.61
1357,2021-06-09,FVG,11157,5874,5283,9773,1384,ITH,ITH4,6,Friuli-Venezia Giulia,Friuli Venezia Giulia,1215220,309335,25.46,0.92
1358,2021-03-01,FVG,2957,1041,1916,2905,52,ITH,ITH4,6,Friuli-Venezia Giulia,Friuli Venezia Giulia,1215220,312292,25.7,0.24
1359,2021-03-18,FVG,3372,1421,1951,1691,1681,ITH,ITH4,6,Friuli-Venezia Giulia,Friuli Venezia Giulia,1215220,315664,25.98,0.28
1360,2021-01-16,FVG,1230,360,870,1230,0,ITH,ITH4,6,Friuli-Venezia Giulia,Friuli Venezia Giulia,1215220,316894,26.08,0.1
1361,2021-07-03,FVG,4052,2163,1889,312,3740,ITH,ITH4,6,Friuli-Venezia Giulia,Friuli Venezia Giulia,1215220,320946,26.41,0.33
1362,2021-03-25,FVG,5528,2420,3108,3392,2136,ITH,ITH4,6,Friuli-Venezia Giulia,Friuli Venezia Giulia,1215220,326474,26.87,0.45
1363,2021-03-30,FVG,7222,3251,3971,6299,923,ITH,ITH4,6,Friuli-Venezia Giulia,Friuli Venezia Giulia,1215220,333696,27.46,0.59
1364,2021-06-04,FVG,12035,6180,5855,10651,1384,ITH,ITH4,6,Friuli-Venezia Giulia,Friuli Venezia Giulia,1215220,345731,28.45,0.99
1365,2021-06-21,FVG,9048,4413,4635,1826,7222,ITH,ITH4,6,Friuli-Venezia Giulia,Friuli Venezia Giulia,1215220,354779,29.19,0.74
1366,2021-03-13,FVG,2942,1124,1818,1670,1272,ITH,ITH4,6,Friuli-Venezia Giulia,Friuli Venezia Giulia,1215220,357721,29.44,0.24
1367,2021-01-27,FVG,1272,425,847,450,822,ITH,ITH4,6,Friuli-Venezia Giulia,Friuli Venezia Giulia,1215220,358993,29.54,0.1
1368,2021-05-07,FVG,10608,4852,5756,7099,3509,ITH,ITH4,6,Friuli-Venezia Giulia,Friuli Venezia Giulia,1215220,369601,30.41,0.87
1369,2021-05-09,FVG,7355,3301,4054,3498,3857,ITH,ITH4,6,Friuli-Venezia Giulia,Friuli Venezia Giulia,1215220,376956,31.02,0.61
1370,2021-05-26,FVG,13416,6700,6716,9983,3433,ITH,ITH4,6,Friuli-Venezia Giulia,Friuli Venezia Giulia,1215220,390372,32.12,1.1
1371,2021-02-15,FVG,2454,911,1543,2200,254,ITH,ITH4,6,Friuli-Venezia Giulia,Friuli Venezia Giulia,1215220,392826,32.33,0.2
1372,2021-02-27,FVG,3530,1200,2330,3529,1,ITH,ITH4,6,Friuli-Venezia Giulia,Friuli Venezia Giulia,1215220,396356,32.62,0.29
1373,2021-04-25,FVG,2365,990,1375,2354,11,ITH,ITH4,6,Friuli-Venezia Giulia,Friuli Venezia Giulia,1215220,398721,32.81,0.19
1374,2021-01-15,FVG,2021,605,1416,2021,0,ITH,ITH4,6,Friuli-Venezia Giulia,Friuli Venezia Giulia,1215220,400742,32.98,0.17
1375,2021-04-18,FVG,6038,2800,3238,5631,407,ITH,ITH4,6,Friuli-Venezia Giulia,Friuli Venezia Giulia,1215220,406780,33.47,0.5
1376,2021-02-08,FVG,2357,694,1663,92,2265,ITH,ITH4,6,Friuli-Venezia Giulia,Friuli Venezia Giulia,1215220,409137,33.67,0.19
1377,2021-06-13,FVG,8646,4501,4145,5325,3321,ITH,ITH4,6,Friuli-Venezia Giulia,Friuli Venezia Giulia,1215220,417783,34.38,0.71
1378,2021-04-17,FVG,7453,3235,4218,5970,1483,ITH,ITH4,6,Friuli-Venezia Giulia,Friuli Venezia Giulia,1215220,425236,34.99,0.61
1379,2021-06-23,FVG,11929,5772,6157,2051,9878,ITH,ITH4,6,Friuli-Venezia Giulia,Friuli Venezia Giulia,1215220,437165,35.97,0.98
1380,2021-04-27,FVG,8101,3718,4383,3626,4475,ITH,ITH4,6,Friuli-Venezia Giulia,Friuli Venezia Giulia,1215220,445266,36.64,0.67
1381,2021-05-04,FVG,9536,4298,5238,6182,3354,ITH,ITH4,6,Friuli-Venezia Giulia,Friuli Venezia Giulia,1215220,454802,37.43,0.78
1382,2021-01-24,FVG,305,119,186,1,304,ITH,ITH4,6,Friuli-Venezia Giulia,Friuli Venezia Giulia,1215220,455107,37.45,0.03
1383,2021-06-30,FVG,12624,6424,6200,1448,11176,ITH,ITH4,6,Friuli-Venezia Giulia,Friuli Venezia Giulia,1215220,467731,38.49,1.04
1384,2021-03-08,FVG,4120,1642,2478,2034,2086,ITH,ITH4,6,Friuli-Venezia Giulia,Friuli Venezia Giulia,1215220,471851,38.83,0.34
1385,2021-03-22,FVG,3658,1445,2213,1704,1954,ITH,ITH4,6,Friuli-Venezia Giulia,Friuli Venezia Giulia,1215220,475509,39.13,0.3
1386,2021-01-17,FVG,1716,523,1193,1716,0,ITH,ITH4,6,Friuli-Venezia Giulia,Friuli Venezia Giulia,1215220,477225,39.27,0.14
1387,2021-03-15,FVG,3951,1809,2142,1630,2321,ITH,ITH4,6,Friuli-Venezia Giulia,Friuli Venezia Giulia,1215220,481176,39.6,0.33
1388,2021-05-11,FVG,9029,4331,4698,7227,1802,ITH,ITH4,6,Friuli-Venezia Giulia,Friuli Venezia Giulia,1215220,490205,40.34,0.74
1389,2021-01-31,FVG,2717,838,1879,385,2332,ITH,ITH4,6,Friuli-Venezia Giulia,Friuli Venezia Giulia,1215220,492922,40.56,0.22
1390,2021-06-28,FVG,9659,4839,4820,2057,7602,ITH,ITH4,6,Friuli-Venezia Giulia,Friuli Venezia Giulia,1215220,502581,41.36,0.79
1391,2021-03-20,FVG,3401,1409,1992,1310,2091,ITH,ITH4,6,Friuli-Venezia Giulia,Friuli Venezia Giulia,1215220,505982,41.64,0.28
1392,2021-01-13,FVG,2650,834,1816,2650,0,ITH,ITH4,6,Friuli-Venezia Giulia,Friuli Venezia Giulia,1215220,508632,41.86,0.22
1393,2021-04-06,FVG,6665,3123,3542,5515,1150,ITH,ITH4,6,Friuli-Venezia Giulia,Friuli Venezia Giulia,1215220,515297,42.4,0.55
1394,2020-12-27,FVG,262,149,113,262,0,ITH,ITH4,6,Friuli-Venezia Giulia,Friuli Venezia Giulia,1215220,515559,42.43,0.02
1395,2021-04-20,FVG,7114,3062,4052,3209,3905,ITH,ITH4,6,Friuli-Venezia Giulia,Friuli Venezia Giulia,1215220,522673,43.01,0.59
1396,2021-01-10,FVG,2940,918,2022,2940,0,ITH,ITH4,6,Friuli-Venezia Giulia,Friuli Venezia Giulia,1215220,525613,43.25,0.24
1397,2021-04-05,FVG,2895,1438,1457,2880,15,ITH,ITH4,6,Friuli-Venezia Giulia,Friuli Venezia Giulia,1215220,528508,43.49,0.24
1398,2021-01-12,FVG,2260,713,1547,2260,0,ITH,ITH4,6,Friuli-Venezia Giulia,Friuli Venezia Giulia,1215220,530768,43.68,0.19
1399,2021-01-29,FVG,2412,813,1599,264,2148,ITH,ITH4,6,Friuli-Venezia Giulia,Friuli Venezia Giulia,1215220,533180,43.88,0.2
1400,2021-04-22,FVG,6781,3084,3697,3093,3688,ITH,ITH4,6,Friuli-Venezia Giulia,Friuli Venezia Giulia,1215220,539961,44.43,0.56
1401,2021-05-02,FVG,6898,3248,3650,3939,2959,ITH,ITH4,6,Friuli-Venezia Giulia,Friuli Venezia Giulia,1215220,546859,45.0,0.57
1402,2021-05-16,FVG,9987,4779,5208,8588,1399,ITH,ITH4,6,Friuli-Venezia Giulia,Friuli Venezia Giulia,1215220,556846,45.82,0.82
1403,2021-06-18,FVG,10490,5121,5369,3232,7258,ITH,ITH4,6,Friuli-Venezia Giulia,Friuli Venezia Giulia,1215220,567336,46.69,0.86
1404,2021-03-10,FVG,3584,1696,1888,1790,1794,ITH,ITH4,6,Friuli-Venezia Giulia,Friuli Venezia Giulia,1215220,570920,46.98,0.29
1405,2021-02-24,FVG,2523,1087,1436,2505,18,ITH,ITH4,6,Friuli-Venezia Giulia,Friuli Venezia Giulia,1215220,573443,47.19,0.21
1406,2021-04-01,FVG,6391,3052,3339,5376,1015,ITH,ITH4,6,Friuli-Venezia Giulia,Friuli Venezia Giulia,1215220,579834,47.71,0.53
1407,2021-05-28,FVG,10529,5040,5489,6421,4108,ITH,ITH4,6,Friuli-Venezia Giulia,Friuli Venezia Giulia,1215220,590363,48.58,0.87
1408,2021-02-19,FVG,3252,1290,1962,2825,427,ITH,ITH4,6,Friuli-Venezia Giulia,Friuli Venezia Giulia,1215220,593615,48.85,0.27
1409,2021-04-24,FVG,6679,2948,3731,5436,1243,ITH,ITH4,6,Friuli-Venezia Giulia,Friuli Venezia Giulia,1215220,600294,49.4,0.55
1410,2021-06-06,FVG,9454,4614,4840,7908,1546,ITH,ITH4,6,Friuli-Venezia Giulia,Friuli Venezia Giulia,1215220,609748,50.18,0.78
1411,2021-02-26,FVG,3735,2093,1642,3587,148,ITH,ITH4,6,Friuli-Venezia Giulia,Friuli Venezia Giulia,1215220,613483,50.48,0.31
1412,2021-02-17,FVG,2355,1000,1355,1875,480,ITH,ITH4,6,Friuli-Venezia Giulia,Friuli Venezia Giulia,1215220,615838,50.68,0.19
1413,2021-05-30,FVG,11059,4987,6072,7474,3585,ITH,ITH4,6,Friuli-Venezia Giulia,Friuli Venezia Giulia,1215220,626897,51.59,0.91
1414,2021-05-03,FVG,7208,3285,3923,3429,3779,ITH,ITH4,6,Friuli-Venezia Giulia,Friuli Venezia Giulia,1215220,634105,52.18,0.59
1415,2021-01-14,FVG,2584,789,1795,2584,0,ITH,ITH4,6,Friuli-Venezia Giulia,Friuli Venezia Giulia,1215220,636689,52.39,0.21
1416,2021-06-08,FVG,10288,5384,4904,9872,416,ITH,ITH4,6,Friuli-Venezia Giulia,Friuli Venezia Giulia,1215220,646977,53.24,0.85
1417,2021-02-28,FVG,2686,1003,1683,2292,394,ITH,ITH4,6,Friuli-Venezia Giulia,Friuli Venezia Giulia,1215220,649663,53.46,0.22
1418,2021-04-26,FVG,5460,2450,3010,3811,1649,ITH,ITH4,6,Friuli-Venezia Giulia,Friuli Venezia Giulia,1215220,655123,53.91,0.45
1419,2021-04-03,FVG,4012,1990,2022,2681,1331,ITH,ITH4,6,Friuli-Venezia Giulia,Friuli Venezia Giulia,1215220,659135,54.24,0.33
1420,2021-06-10,FVG,10691,5600,5091,9664,1027,ITH,ITH4,6,Friuli-Venezia Giulia,Friuli Venezia Giulia,1215220,669826,55.12,0.88
1421,2021-03-19,FVG,3252,1350,1902,1316,1936,ITH,ITH4,6,Friuli-Venezia Giulia,Friuli Venezia Giulia,1215220,673078,55.39,0.27
1422,2021-06-27,FVG,7262,3625,3637,3457,3805,ITH,ITH4,6,Friuli-Venezia Giulia,Friuli Venezia Giulia,1215220,680340,55.98,0.6
1423,2021-01-08,FVG,2321,746,1575,2321,0,ITH,ITH4,6,Friuli-Venezia Giulia,Friuli Venezia Giulia,1215220,682661,56.18,0.19
1424,2021-06-14,FVG,10031,4841,5190,5230,4801,ITH,ITH4,6,Friuli-Venezia Giulia,Friuli Venezia Giulia,1215220,692692,57.0,0.83
1425,2021-02-20,FVG,2068,933,1135,1924,144,ITH,ITH4,6,Friuli-Venezia Giulia,Friuli Venezia Giulia,1215220,694760,57.17,0.17
1426,2021-01-22,FVG,90,30,60,0,90,ITH,ITH4,6,Friuli-Venezia Giulia,Friuli Venezia Giulia,1215220,694850,57.18,0.01
1427,2021-03-06,FVG,3500,1196,2304,3175,325,ITH,ITH4,6,Friuli-Venezia Giulia,Friuli Venezia Giulia,1215220,698350,57.47,0.29
1428,2021-05-06,FVG,11889,5523,6366,7922,3967,ITH,ITH4,6,Friuli-Venezia Giulia,Friuli Venezia Giulia,1215220,710239,58.45,0.98
1429,2021-07-02,FVG,10056,5162,4894,1961,8095,ITH,ITH4,6,Friuli-Venezia Giulia,Friuli Venezia Giulia,1215220,720295,59.27,0.83
1430,2021-03-27,FVG,5371,2913,2458,3960,1411,ITH,ITH4,6,Friuli-Venezia Giulia,Friuli Venezia Giulia,1215220,725666,59.71,0.44
1431,2021-04-15,FVG,6506,2873,3633,5236,1270,ITH,ITH4,6,Friuli-Venezia Giulia,Friuli Venezia Giulia,1215220,732172,60.25,0.54
1432,2021-04-29,FVG,6728,2957,3771,4165,2563,ITH,ITH4,6,Friuli-Venezia Giulia,Friuli Venezia Giulia,1215220,738900,60.8,0.55
1433,2021-01-05,FVG,1678,551,1127,1678,0,ITH,ITH4,6,Friuli-Venezia Giulia,Friuli Venezia Giulia,1215220,740578,60.94,0.14
1434,2021-02-05,FVG,2610,784,1826,89,2521,ITH,ITH4,6,Friuli-Venezia Giulia,Friuli Venezia Giulia,1215220,743188,61.16,0.21
1435,2021-06-25,FVG,10514,5265,5249,2061,8453,ITH,ITH4,6,Friuli-Venezia Giulia,Friuli Venezia Giulia,1215220,753702,62.02,0.87
1436,2021-03-17,FVG,3236,1267,1969,745,2491,ITH,ITH4,6,Friuli-Venezia Giulia,Friuli Venezia Giulia,1215220,756938,62.29,0.27
1437,2021-05-13,FVG,11145,5372,5773,9088,2057,ITH,ITH4,6,Friuli-Venezia Giulia,Friuli Venezia Giulia,1215220,768083,63.21,0.92
1438,2021-02-16,FVG,2516,1135,1381,2400,116,ITH,ITH4,6,Friuli-Venezia Giulia,Friuli Venezia Giulia,1215220,770599,63.41,0.21
1439,2021-06-29,FVG,10941,5564,5377,1214,9727,ITH,ITH4,6,Friuli-Venezia Giulia,Friuli Venezia Giulia,1215220,781540,64.31,0.9
1440,2021-04-07,FVG,7820,3617,4203,7038,782,ITH,ITH4,6,Friuli-Venezia Giulia,Friuli Venezia Giulia,1215220,789360,64.96,0.64
1441,2021-02-12,FVG,1193,428,765,1146,47,ITH,ITH4,6,Friuli-Venezia Giulia,Friuli Venezia Giulia,1215220,790553,65.05,0.1
1442,2021-05-25,FVG,12898,6377,6521,9586,3312,ITH,ITH4,6,Friuli-Venezia Giulia,Friuli Venezia Giulia,1215220,803451,66.12,1.06
1443,2021-06-11,FVG,10597,5771,4826,9769,828,ITH,ITH4,6,Friuli-Venezia Giulia,Friuli Venezia Giulia,1215220,814048,66.99,0.87
1444,2021-03-03,FVG,3645,1633,2012,2371,1274,ITH,ITH4,6,Friuli-Venezia Giulia,Friuli Venezia Giulia,1215220,817693,67.29,0.3
1445,2021-05-27,FVG,12814,6133,6681,7587,5227,ITH,ITH4,6,Friuli-Venezia Giulia,Friuli Venezia Giulia,1215220,830507,68.34,1.05
1446,2021-01-28,FVG,2239,794,1445,354,1885,ITH,ITH4,6,Friuli-Venezia Giulia,Friuli Venezia Giulia,1215220,832746,68.53,0.18
1447,2021-05-08,FVG,10270,4643,5627,5488,4782,ITH,ITH4,6,Friuli-Venezia Giulia,Friuli Venezia Giulia,1215220,843016,69.37,0.85
1448,2021-02-14,FVG,1,0,1,0,1,ITH,ITH4,6,Friuli-Venezia Giulia,Friuli Venezia Giulia,1215220,843017,69.37,0.0
1449,2021-05-10,FVG,7940,3529,4411,6398,1542,ITH,ITH4,6,Friuli-Venezia Giulia,Friuli Venezia Giulia,1215220,850957,70.02,0.65
1450,2021-04-10,FVG,5047,2212,2835,3822,1225,ITH,ITH4,6,Friuli-Venezia Giulia,Friuli Venezia Giulia,1215220,856004,70.44,0.42
1451,2021-05-23,FVG,10274,4855,5419,6124,4150,ITH,ITH4,6,Friuli-Venezia Giulia,Friuli Venezia Giulia,1215220,866278,71.29,0.85
1452,2021-01-07,FVG,2093,718,1375,2093,0,ITH,ITH4,6,Friuli-Venezia Giulia,Friuli Venezia Giulia,1215220,868371,71.46,0.17
1453,2021-03-05,FVG,3772,1511,2261,2698,1074,ITH,ITH4,6,Friuli-Venezia Giulia,Friuli Venezia Giulia,1215220,872143,71.77,0.31
1454,2021-05-29,FVG,12011,5840,6171,7024,4987,ITH,ITH4,6,Friuli-Venezia Giulia,Friuli Venezia Giulia,1215220,884154,72.76,0.99
1455,2021-05-22,FVG,11569,5196,6373,7333,4236,ITH,ITH4,6,Friuli-Venezia Giulia,Friuli Venezia Giulia,1215220,895723,73.71,0.95
1456,2021-03-24,FVG,3971,1715,2256,2491,1480,ITH,ITH4,6,Friuli-Venezia Giulia,Friuli Venezia Giulia,1215220,899694,74.04,0.33
1457,2021-05-20,FVG,12694,6305,6389,10179,2515,ITH,ITH4,6,Friuli-Venezia Giulia,Friuli Venezia Giulia,1215220,912388,75.08,1.04
1458,2021-01-26,FVG,1977,647,1330,217,1760,ITH,ITH4,6,Friuli-Venezia Giulia,Friuli Venezia Giulia,1215220,914365,75.24,0.16
1459,2021-02-09,FVG,1842,555,1287,1556,286,ITH,ITH4,6,Friuli-Venezia Giulia,Friuli Venezia Giulia,1215220,916207,75.39,0.15
1460,2021-02-02,FVG,2467,806,1661,217,2250,ITH,ITH4,6,Friuli-Venezia Giulia,Friuli Venezia Giulia,1215220,918674,75.6,0.2
1461,2021-03-31,FVG,8115,3560,4555,7269,846,ITH,ITH4,6,Friuli-Venezia Giulia,Friuli Venezia Giulia,1215220,926789,76.27,0.67
1462,2021-04-19,FVG,6711,3133,3578,3295,3416,ITH,ITH4,6,Friuli-Venezia Giulia,Friuli Venezia Giulia,1215220,933500,76.82,0.55
1463,2021-01-09,FVG,2513,841,1672,2513,0,ITH,ITH4,6,Friuli-Venezia Giulia,Friuli Venezia Giulia,1215220,936013,77.02,0.21
1464,2021-06-15,FVG,11747,5937,5810,5303,6444,ITH,ITH4,6,Friuli-Venezia Giulia,Friuli Venezia Giulia,1215220,947760,77.99,0.97
1465,2021-03-07,FVG,2545,932,1613,2544,1,ITH,ITH4,6,Friuli-Venezia Giulia,Friuli Venezia Giulia,1215220,950305,78.2,0.21
1466,2020-12-31,FVG,1053,384,669,1053,0,ITH,ITH4,6,Friuli-Venezia Giulia,Friuli Venezia Giulia,1215220,951358,78.29,0.09
1467,2021-06-17,FVG,11297,5704,5593,2291,9006,ITH,ITH4,6,Friuli-Venezia Giulia,Friuli Venezia Giulia,1215220,962655,79.22,0.93
1468,2021-06-22,FVG,11360,5855,5505,2295,9065,ITH,ITH4,6,Friuli-Venezia Giulia,Friuli Venezia Giulia,1215220,974015,80.15,0.93
1469,2021-04-14,FVG,7217,3118,4099,5505,1712,ITH,ITH4,6,Friuli-Venezia Giulia,Friuli Venezia Giulia,1215220,981232,80.75,0.59
1470,2021-06-03,FVG,12250,6674,5576,10272,1978,ITH,ITH4,6,Friuli-Venezia Giulia,Friuli Venezia Giulia,1215220,993482,81.75,1.01
1471,2021-01-19,FVG,6,2,4,6,0,ITH,ITH4,6,Friuli-Venezia Giulia,Friuli Venezia Giulia,1215220,993488,81.75,0.0
1472,2021-02-22,FVG,2485,1193,1292,2067,418,ITH,ITH4,6,Friuli-Venezia Giulia,Friuli Venezia Giulia,1215220,995973,81.96,0.2
1473,2021-06-02,FVG,9406,4951,4455,9126,280,ITH,ITH4,6,Friuli-Venezia Giulia,Friuli Venezia Giulia,1215220,1005379,82.73,0.77
1474,2021-02-07,FVG,1563,482,1081,385,1178,ITH,ITH4,6,Friuli-Venezia Giulia,Friuli Venezia Giulia,1215220,1006942,82.86,0.13
1475,2021-05-18,FVG,10786,5395,5391,8710,2076,ITH,ITH4,6,Friuli-Venezia Giulia,Friuli Venezia Giulia,1215220,1017728,83.75,0.89
1476,2021-06-01,FVG,10089,5105,4984,7968,2121,ITH,ITH4,6,Friuli-Venezia Giulia,Friuli Venezia Giulia,1215220,1027817,84.58,0.83
1477,2021-06-20,FVG,6464,3200,3264,1535,4929,ITH,ITH4,6,Friuli-Venezia Giulia,Friuli Venezia Giulia,1215220,1034281,85.11,0.53
1478,2021-03-29,FVG,7019,3124,3895,5438,1581,ITH,ITH4,6,Friuli-Venezia Giulia,Friuli Venezia Giulia,1215220,1041300,85.69,0.58
1479,2021-05-15,FVG,12655,6104,6551,7958,4697,ITH,ITH4,6,Friuli-Venezia Giulia,Friuli Venezia Giulia,1215220,1053955,86.73,1.04
1480,2021-05-01,FVG,7194,3245,3949,6151,1043,ITH,ITH4,6,Friuli-Venezia Giulia,Friuli Venezia Giulia,1215220,1061149,87.32,0.59
1481,2021-01-21,FVG,896,345,551,1,895,ITH,ITH4,6,Friuli-Venezia Giulia,Friuli Venezia Giulia,1215220,1062045,87.4,0.07
1482,2021-02-21,FVG,801,281,520,423,378,ITH,ITH4,6,Friuli-Venezia Giulia,Friuli Venezia Giulia,1215220,1062846,87.46,0.07
1483,2021-03-26,FVG,5998,2600,3398,3982,2016,ITH,ITH4,6,Friuli-Venezia Giulia,Friuli Venezia Giulia,1215220,1068844,87.95,0.49
1484,2021-03-12,FVG,4101,1695,2406,2720,1381,ITH,ITH4,6,Friuli-Venezia Giulia,Friuli Venezia Giulia,1215220,1072945,88.29,0.34
1485,2021-01-02,FVG,1216,470,746,1216,0,ITH,ITH4,6,Friuli-Venezia Giulia,Friuli Venezia Giulia,1215220,1074161,88.39,0.1
1486,2021-04-12,FVG,7260,3183,4077,6128,1132,ITH,ITH4,6,Friuli-Venezia Giulia,Friuli Venezia Giulia,1215220,1081421,88.99,0.6
1487,2021-06-06,PAB,4530,2176,2354,855,3675,ITH,ITH1,4,Provincia Autonoma Bolzano / Bozen,P.A. Bolzano,533050,4530,0.85,0.85
1488,2021-02-26,PAB,1526,551,975,1496,30,ITH,ITH1,4,Provincia Autonoma Bolzano / Bozen,P.A. Bolzano,533050,6056,1.14,0.29
1489,2021-06-01,PAB,3558,2317,1241,2086,1472,ITH,ITH1,4,Provincia Autonoma Bolzano / Bozen,P.A. Bolzano,533050,9614,1.8,0.67
1490,2021-02-19,PAB,2252,512,1740,2241,11,ITH,ITH1,4,Provincia Autonoma Bolzano / Bozen,P.A. Bolzano,533050,11866,2.23,0.42
1491,2021-05-20,PAB,4726,2336,2390,3257,1469,ITH,ITH1,4,Provincia Autonoma Bolzano / Bozen,P.A. Bolzano,533050,16592,3.11,0.89
1492,2021-03-31,PAB,1832,694,1138,821,1011,ITH,ITH1,4,Provincia Autonoma Bolzano / Bozen,P.A. Bolzano,533050,18424,3.46,0.34
1493,2021-02-12,PAB,730,217,513,482,248,ITH,ITH1,4,Provincia Autonoma Bolzano / Bozen,P.A. Bolzano,533050,19154,3.59,0.14
1494,2021-04-10,PAB,5395,2666,2729,4807,588,ITH,ITH1,4,Provincia Autonoma Bolzano / Bozen,P.A. Bolzano,533050,24549,4.61,1.01
1495,2020-12-31,PAB,913,519,394,913,0,ITH,ITH1,4,Provincia Autonoma Bolzano / Bozen,P.A. Bolzano,533050,25462,4.78,0.17
1496,2021-04-19,PAB,1872,858,1014,1690,182,ITH,ITH1,4,Provincia Autonoma Bolzano / Bozen,P.A. Bolzano,533050,27334,5.13,0.35
1497,2021-06-15,PAB,1999,1156,843,468,1531,ITH,ITH1,4,Provincia Autonoma Bolzano / Bozen,P.A. Bolzano,533050,29333,5.5,0.38
1498,2021-04-17,PAB,5239,2602,2637,5195,44,ITH,ITH1,4,Provincia Autonoma Bolzano / Bozen,P.A. Bolzano,533050,34572,6.49,0.98
1499,2021-01-07,PAB,918,327,591,918,0,ITH,ITH1,4,Provincia Autonoma Bolzano / Bozen,P.A. Bolzano,533050,35490,6.66,0.17
1500,2021-01-26,PAB,810,291,519,1,809,ITH,ITH1,4,Provincia Autonoma Bolzano / Bozen,P.A. Bolzano,533050,36300,6.81,0.15
1501,2021-07-02,PAB,3148,1626,1522,979,2169,ITH,ITH1,4,Provincia Autonoma Bolzano / Bozen,P.A. Bolzano,533050,39448,7.4,0.59
1502,2021-03-24,PAB,2063,998,1065,2050,13,ITH,ITH1,4,Provincia Autonoma Bolzano / Bozen,P.A. Bolzano,533050,41511,7.79,0.39
1503,2021-03-10,PAB,1268,529,739,1125,143,ITH,ITH1,4,Provincia Autonoma Bolzano / Bozen,P.A. Bolzano,533050,42779,8.03,0.24
1504,2021-05-06,PAB,5181,2747,2434,2613,2568,ITH,ITH1,4,Provincia Autonoma Bolzano / Bozen,P.A. Bolzano,533050,47960,9.0,0.97
1505,2021-03-17,PAB,582,213,369,580,2,ITH,ITH1,4,Provincia Autonoma Bolzano / Bozen,P.A. Bolzano,533050,48542,9.11,0.11
1506,2021-04-24,PAB,5105,2450,2655,4620,485,ITH,ITH1,4,Provincia Autonoma Bolzano / Bozen,P.A. Bolzano,533050,53647,10.06,0.96
1507,2021-04-05,PAB,301,144,157,23,278,ITH,ITH1,4,Provincia Autonoma Bolzano / Bozen,P.A. Bolzano,533050,53948,10.12,0.06
1508,2021-06-27,PAB,4413,2307,2106,607,3806,ITH,ITH1,4,Provincia Autonoma Bolzano / Bozen,P.A. Bolzano,533050,58361,10.95,0.83
1509,2021-01-12,PAB,1709,459,1250,1709,0,ITH,ITH1,4,Provincia Autonoma Bolzano / Bozen,P.A. Bolzano,533050,60070,11.27,0.32
1510,2021-06-20,PAB,4955,2697,2258,369,4586,ITH,ITH1,4,Provincia Autonoma Bolzano / Bozen,P.A. Bolzano,533050,65025,12.2,0.93
1511,2021-02-07,PAB,2362,1058,1304,14,2348,ITH,ITH1,4,Provincia Autonoma Bolzano / Bozen,P.A. Bolzano,533050,67387,12.64,0.44
1512,2021-05-18,PAB,3342,1753,1589,2156,1186,ITH,ITH1,4,Provincia Autonoma Bolzano / Bozen,P.A. Bolzano,533050,70729,13.27,0.63
1513,2021-03-22,PAB,1144,523,621,1139,5,ITH,ITH1,4,Provincia Autonoma Bolzano / Bozen,P.A. Bolzano,533050,71873,13.48,0.21
1514,2021-03-05,PAB,1840,625,1215,1397,443,ITH,ITH1,4,Provincia Autonoma Bolzano / Bozen,P.A. Bolzano,533050,73713,13.83,0.35
1515,2021-05-27,PAB,6087,3200,2887,4077,2010,ITH,ITH1,4,Provincia Autonoma Bolzano / Bozen,P.A. Bolzano,533050,79800,14.97,1.14
1516,2021-01-24,PAB,12,10,2,0,12,ITH,ITH1,4,Provincia Autonoma Bolzano / Bozen,P.A. Bolzano,533050,79812,14.97,0.0
1517,2021-06-08,PAB,4149,2118,2031,832,3317,ITH,ITH1,4,Provincia Autonoma Bolzano / Bozen,P.A. Bolzano,533050,83961,15.75,0.78
1518,2021-04-28,PAB,2464,1302,1162,2459,5,ITH,ITH1,4,Provincia Autonoma Bolzano / Bozen,P.A. Bolzano,533050,86425,16.21,0.46
1519,2021-01-16,PAB,2840,1265,1575,2840,0,ITH,ITH1,4,Provincia Autonoma Bolzano / Bozen,P.A. Bolzano,533050,89265,16.75,0.53
1520,2021-01-05,PAB,830,286,544,830,0,ITH,ITH1,4,Provincia Autonoma Bolzano / Bozen,P.A. Bolzano,533050,90095,16.9,0.16
1521,2021-01-23,PAB,197,117,80,0,197,ITH,ITH1,4,Provincia Autonoma Bolzano / Bozen,P.A. Bolzano,533050,90292,16.94,0.04
1522,2021-05-03,PAB,1830,847,983,417,1413,ITH,ITH1,4,Provincia Autonoma Bolzano / Bozen,P.A. Bolzano,533050,92122,17.28,0.34
1523,2021-02-23,PAB,769,324,445,763,6,ITH,ITH1,4,Provincia Autonoma Bolzano / Bozen,P.A. Bolzano,533050,92891,17.43,0.14
1524,2021-05-17,PAB,3139,1516,1623,2445,694,ITH,ITH1,4,Provincia Autonoma Bolzano / Bozen,P.A. Bolzano,533050,96030,18.02,0.59
1525,2021-06-03,PAB,4722,2566,2156,3775,947,ITH,ITH1,4,Provincia Autonoma Bolzano / Bozen,P.A. Bolzano,533050,100752,18.9,0.89
1526,2021-06-22,PAB,2451,1409,1042,335,2116,ITH,ITH1,4,Provincia Autonoma Bolzano / Bozen,P.A. Bolzano,533050,103203,19.36,0.46
1527,2021-03-14,PAB,758,336,422,25,733,ITH,ITH1,4,Provincia Autonoma Bolzano / Bozen,P.A. Bolzano,533050,103961,19.5,0.14
1528,2021-04-14,PAB,3593,1645,1948,3502,91,ITH,ITH1,4,Provincia Autonoma Bolzano / Bozen,P.A. Bolzano,533050,107554,20.18,0.67
1529,2021-05-13,PAB,2994,1355,1639,1064,1930,ITH,ITH1,4,Provincia Autonoma Bolzano / Bozen,P.A. Bolzano,533050,110548,20.74,0.56
1530,2021-04-29,PAB,2631,1351,1280,1937,694,ITH,ITH1,4,Provincia Autonoma Bolzano / Bozen,P.A. Bolzano,533050,113179,21.23,0.49
1531,2021-01-19,PAB,853,371,482,723,130,ITH,ITH1,4,Provincia Autonoma Bolzano / Bozen,P.A. Bolzano,533050,114032,21.39,0.16
1532,2021-06-25,PAB,4070,2246,1824,1064,3006,ITH,ITH1,4,Provincia Autonoma Bolzano / Bozen,P.A. Bolzano,533050,118102,22.16,0.76
1533,2021-02-09,PAB,317,126,191,1,316,ITH,ITH1,4,Provincia Autonoma Bolzano / Bozen,P.A. Bolzano,533050,118419,22.22,0.06
1534,2021-06-29,PAB,1852,996,856,238,1614,ITH,ITH1,4,Provincia Autonoma Bolzano / Bozen,P.A. Bolzano,533050,120271,22.56,0.35
1535,2021-03-21,PAB,768,285,483,14,754,ITH,ITH1,4,Provincia Autonoma Bolzano / Bozen,P.A. Bolzano,533050,121039,22.71,0.14
1536,2021-06-12,PAB,4907,2659,2248,1619,3288,ITH,ITH1,4,Provincia Autonoma Bolzano / Bozen,P.A. Bolzano,533050,125946,23.63,0.92
1537,2021-01-14,PAB,1946,575,1371,1946,0,ITH,ITH1,4,Provincia Autonoma Bolzano / Bozen,P.A. Bolzano,533050,127892,23.99,0.37
1538,2021-04-07,PAB,1798,823,975,1258,540,ITH,ITH1,4,Provincia Autonoma Bolzano / Bozen,P.A. Bolzano,533050,129690,24.33,0.34
1539,2021-03-02,PAB,695,200,495,693,2,ITH,ITH1,4,Provincia Autonoma Bolzano / Bozen,P.A. Bolzano,533050,130385,24.46,0.13
1540,2021-03-19,PAB,1906,773,1133,799,1107,ITH,ITH1,4,Provincia Autonoma Bolzano / Bozen,P.A. Bolzano,533050,132291,24.82,0.36
1541,2021-04-12,PAB,2105,946,1159,2098,7,ITH,ITH1,4,Provincia Autonoma Bolzano / Bozen,P.A. Bolzano,533050,134396,25.21,0.39
1542,2021-03-07,PAB,114,13,101,9,105,ITH,ITH1,4,Provincia Autonoma Bolzano / Bozen,P.A. Bolzano,533050,134510,25.23,0.02
1543,2021-04-21,PAB,3013,1468,1545,2165,848,ITH,ITH1,4,Provincia Autonoma Bolzano / Bozen,P.A. Bolzano,533050,137523,25.8,0.57
1544,2021-06-24,PAB,3802,1963,1839,1613,2189,ITH,ITH1,4,Provincia Autonoma Bolzano / Bozen,P.A. Bolzano,533050,141325,26.51,0.71
1545,2021-01-09,PAB,612,326,286,612,0,ITH,ITH1,4,Provincia Autonoma Bolzano / Bozen,P.A. Bolzano,533050,141937,26.63,0.11
1546,2021-05-01,PAB,2104,1067,1037,1944,160,ITH,ITH1,4,Provincia Autonoma Bolzano / Bozen,P.A. Bolzano,533050,144041,27.02,0.39
1547,2021-03-12,PAB,1664,734,930,1251,413,ITH,ITH1,4,Provincia Autonoma Bolzano / Bozen,P.A. Bolzano,533050,145705,27.33,0.31
1548,2021-03-29,PAB,1171,499,672,412,759,ITH,ITH1,4,Provincia Autonoma Bolzano / Bozen,P.A. Bolzano,533050,146876,27.55,0.22
1549,2021-01-21,PAB,953,442,511,139,814,ITH,ITH1,4,Provincia Autonoma Bolzano / Bozen,P.A. Bolzano,533050,147829,27.73,0.18
1550,2021-06-13,PAB,3619,2019,1600,427,3192,ITH,ITH1,4,Provincia Autonoma Bolzano / Bozen,P.A. Bolzano,533050,151448,28.41,0.68
1551,2021-05-25,PAB,3838,1991,1847,2953,885,ITH,ITH1,4,Provincia Autonoma Bolzano / Bozen,P.A. Bolzano,533050,155286,29.13,0.72
1552,2021-02-14,PAB,297,130,167,297,0,ITH,ITH1,4,Provincia Autonoma Bolzano / Bozen,P.A. Bolzano,533050,155583,29.19,0.06
1553,2021-05-08,PAB,4427,2382,2045,3764,663,ITH,ITH1,4,Provincia Autonoma Bolzano / Bozen,P.A. Bolzano,533050,160010,30.02,0.83
1554,2021-03-03,PAB,1180,394,786,1167,13,ITH,ITH1,4,Provincia Autonoma Bolzano / Bozen,P.A. Bolzano,533050,161190,30.24,0.22
1555,2021-05-10,PAB,3018,1300,1718,1413,1605,ITH,ITH1,4,Provincia Autonoma Bolzano / Bozen,P.A. Bolzano,533050,164208,30.81,0.57
1556,2021-05-15,PAB,7005,3691,3314,6711,294,ITH,ITH1,4,Provincia Autonoma Bolzano / Bozen,P.A. Bolzano,533050,171213,32.12,1.31
1557,2021-02-04,PAB,1958,593,1365,8,1950,ITH,ITH1,4,Provincia Autonoma Bolzano / Bozen,P.A. Bolzano,533050,173171,32.49,0.37
1558,2021-04-02,PAB,2077,837,1240,720,1357,ITH,ITH1,4,Provincia Autonoma Bolzano / Bozen,P.A. Bolzano,533050,175248,32.88,0.39
1559,2021-05-29,PAB,7134,3768,3366,3994,3140,ITH,ITH1,4,Provincia Autonoma Bolzano / Bozen,P.A. Bolzano,533050,182382,34.21,1.34
1560,2021-06-10,PAB,4443,2307,2136,1348,3095,ITH,ITH1,4,Provincia Autonoma Bolzano / Bozen,P.A. Bolzano,533050,186825,35.05,0.83
1561,2021-04-26,PAB,1543,771,772,1538,5,ITH,ITH1,4,Provincia Autonoma Bolzano / Bozen,P.A. Bolzano,533050,188368,35.34,0.29
1562,2021-01-18,PAB,1772,687,1085,1767,5,ITH,ITH1,4,Provincia Autonoma Bolzano / Bozen,P.A. Bolzano,533050,190140,35.67,0.33
1563,2021-02-02,PAB,1745,506,1239,8,1737,ITH,ITH1,4,Provincia Autonoma Bolzano / Bozen,P.A. Bolzano,533050,191885,36.0,0.33
1564,2021-05-31,PAB,2987,1464,1523,2120,867,ITH,ITH1,4,Provincia Autonoma Bolzano / Bozen,P.A. Bolzano,533050,194872,36.56,0.56
1565,2021-01-01,PAB,6,5,1,6,0,ITH,ITH1,4,Provincia Autonoma Bolzano / Bozen,P.A. Bolzano,533050,194878,36.56,0.0
1566,2021-06-07,PAB,2901,1506,1395,2582,319,ITH,ITH1,4,Provincia Autonoma Bolzano / Bozen,P.A. Bolzano,533050,197779,37.1,0.54
1567,2021-02-27,PAB,2458,759,1699,2448,10,ITH,ITH1,4,Provincia Autonoma Bolzano / Bozen,P.A. Bolzano,533050,200237,37.56,0.46
1568,2021-02-13,PAB,318,79,239,312,6,ITH,ITH1,4,Provincia Autonoma Bolzano / Bozen,P.A. Bolzano,533050,200555,37.62,0.06
1569,2021-04-11,PAB,2721,1292,1429,2544,177,ITH,ITH1,4,Provincia Autonoma Bolzano / Bozen,P.A. Bolzano,533050,203276,38.13,0.51
1570,2021-05-24,PAB,1444,762,682,1111,333,ITH,ITH1,4,Provincia Autonoma Bolzano / Bozen,P.A. Bolzano,533050,204720,38.41,0.27
1571,2021-02-20,PAB,1802,540,1262,1784,18,ITH,ITH1,4,Provincia Autonoma Bolzano / Bozen,P.A. Bolzano,533050,206522,38.74,0.34
1572,2021-04-18,PAB,3110,1607,1503,2100,1010,ITH,ITH1,4,Provincia Autonoma Bolzano / Bozen,P.A. Bolzano,533050,209632,39.33,0.58
1573,2021-07-01,PAB,4534,2248,2286,1373,3161,ITH,ITH1,4,Provincia Autonoma Bolzano / Bozen,P.A. Bolzano,533050,214166,40.18,0.85
1574,2021-03-04,PAB,1715,1005,710,1486,229,ITH,ITH1,4,Provincia Autonoma Bolzano / Bozen,P.A. Bolzano,533050,215881,40.5,0.32
1575,2021-02-16,PAB,530,205,325,530,0,ITH,ITH1,4,Provincia Autonoma Bolzano / Bozen,P.A. Bolzano,533050,216411,40.6,0.1
1576,2021-01-28,PAB,871,308,563,9,862,ITH,ITH1,4,Provincia Autonoma Bolzano / Bozen,P.A. Bolzano,533050,217282,40.76,0.16
1577,2021-04-25,PAB,3073,1497,1576,2401,672,ITH,ITH1,4,Provincia Autonoma Bolzano / Bozen,P.A. Bolzano,533050,220355,41.34,0.58
1578,2021-06-05,PAB,6068,3022,3046,4973,1095,ITH,ITH1,4,Provincia Autonoma Bolzano / Bozen,P.A. Bolzano,533050,226423,42.48,1.14
1579,2021-04-30,PAB,3342,1594,1748,1566,1776,ITH,ITH1,4,Provincia Autonoma Bolzano / Bozen,P.A. Bolzano,533050,229765,43.1,0.63
1580,2021-01-20,PAB,617,252,365,409,208,ITH,ITH1,4,Provincia Autonoma Bolzano / Bozen,P.A. Bolzano,533050,230382,43.22,0.12
1581,2021-01-06,PAB,59,18,41,59,0,ITH,ITH1,4,Provincia Autonoma Bolzano / Bozen,P.A. Bolzano,533050,230441,43.23,0.01
1582,2021-06-17,PAB,1736,967,769,658,1078,ITH,ITH1,4,Provincia Autonoma Bolzano / Bozen,P.A. Bolzano,533050,232177,43.56,0.33
1583,2021-01-02,PAB,91,48,43,91,0,ITH,ITH1,4,Provincia Autonoma Bolzano / Bozen,P.A. Bolzano,533050,232268,43.57,0.02
1584,2021-06-26,PAB,4501,2308,2193,1429,3072,ITH,ITH1,4,Provincia Autonoma Bolzano / Bozen,P.A. Bolzano,533050,236769,44.42,0.84
1585,2021-03-18,PAB,1302,531,771,226,1076,ITH,ITH1,4,Provincia Autonoma Bolzano / Bozen,P.A. Bolzano,533050,238071,44.66,0.24
1586,2021-05-14,PAB,5134,2320,2814,3097,2037,ITH,ITH1,4,Provincia Autonoma Bolzano / Bozen,P.A. Bolzano,533050,243205,45.63,0.96
1587,2021-03-16,PAB,1290,532,758,124,1166,ITH,ITH1,4,Provincia Autonoma Bolzano / Bozen,P.A. Bolzano,533050,244495,45.87,0.24
1588,2021-05-12,PAB,3792,2058,1734,3639,153,ITH,ITH1,4,Provincia Autonoma Bolzano / Bozen,P.A. Bolzano,533050,248287,46.58,0.71
1589,2021-02-01,PAB,1452,440,1012,12,1440,ITH,ITH1,4,Provincia Autonoma Bolzano / Bozen,P.A. Bolzano,533050,249739,46.85,0.27
1590,2021-03-09,PAB,1194,543,651,1192,2,ITH,ITH1,4,Provincia Autonoma Bolzano / Bozen,P.A. Bolzano,533050,250933,47.07,0.22
1591,2021-05-23,PAB,4338,2303,2035,4330,8,ITH,ITH1,4,Provincia Autonoma Bolzano / Bozen,P.A. Bolzano,533050,255271,47.89,0.81
1592,2021-02-03,PAB,1503,478,1025,5,1498,ITH,ITH1,4,Provincia Autonoma Bolzano / Bozen,P.A. Bolzano,533050,256774,48.17,0.28
1593,2021-02-10,PAB,1636,605,1031,26,1610,ITH,ITH1,4,Provincia Autonoma Bolzano / Bozen,P.A. Bolzano,533050,258410,48.48,0.31
1594,2021-05-21,PAB,6924,3806,3118,5079,1845,ITH,ITH1,4,Provincia Autonoma Bolzano / Bozen,P.A. Bolzano,533050,265334,49.78,1.3
1595,2021-05-16,PAB,2025,932,1093,1333,692,ITH,ITH1,4,Provincia Autonoma Bolzano / Bozen,P.A. Bolzano,533050,267359,50.16,0.38
1596,2021-01-13,PAB,1691,557,1134,1691,0,ITH,ITH1,4,Provincia Autonoma Bolzano / Bozen,P.A. Bolzano,533050,269050,50.47,0.32
1597,2021-01-30,PAB,498,245,253,4,494,ITH,ITH1,4,Provincia Autonoma Bolzano / Bozen,P.A. Bolzano,533050,269548,50.57,0.09
1598,2021-04-23,PAB,4543,2151,2392,3252,1291,ITH,ITH1,4,Provincia Autonoma Bolzano / Bozen,P.A. Bolzano,533050,274091,51.42,0.85
1599,2021-01-11,PAB,1574,513,1061,1574,0,ITH,ITH1,4,Provincia Autonoma Bolzano / Bozen,P.A. Bolzano,533050,275665,51.71,0.3
1600,2021-04-06,PAB,2250,1118,1132,2147,103,ITH,ITH1,4,Provincia Autonoma Bolzano / Bozen,P.A. Bolzano,533050,277915,52.14,0.42
1601,2021-03-26,PAB,1657,733,924,523,1134,ITH,ITH1,4,Provincia Autonoma Bolzano / Bozen,P.A. Bolzano,533050,279572,52.45,0.31
1602,2021-04-09,PAB,2937,1301,1636,2207,730,ITH,ITH1,4,Provincia Autonoma Bolzano / Bozen,P.A. Bolzano,533050,282509,53.0,0.55
1603,2021-05-22,PAB,6821,3553,3268,4655,2166,ITH,ITH1,4,Provincia Autonoma Bolzano / Bozen,P.A. Bolzano,533050,289330,54.28,1.28
1604,2021-02-11,PAB,1094,432,662,239,855,ITH,ITH1,4,Provincia Autonoma Bolzano / Bozen,P.A. Bolzano,533050,290424,54.48,0.21
1605,2021-02-18,PAB,1839,457,1382,1832,7,ITH,ITH1,4,Provincia Autonoma Bolzano / Bozen,P.A. Bolzano,533050,292263,54.83,0.34
1606,2021-03-30,PAB,1299,532,767,219,1080,ITH,ITH1,4,Provincia Autonoma Bolzano / Bozen,P.A. Bolzano,533050,293562,55.07,0.24
1607,2021-04-16,PAB,2951,1419,1532,2440,511,ITH,ITH1,4,Provincia Autonoma Bolzano / Bozen,P.A. Bolzano,533050,296513,55.63,0.55
1608,2021-06-19,PAB,5614,2985,2629,580,5034,ITH,ITH1,4,Provincia Autonoma Bolzano / Bozen,P.A. Bolzano,533050,302127,56.68,1.05
1609,2021-03-11,PAB,1685,825,860,1147,538,ITH,ITH1,4,Provincia Autonoma Bolzano / Bozen,P.A. Bolzano,533050,303812,57.0,0.32
1610,2021-02-25,PAB,1498,549,949,1497,1,ITH,ITH1,4,Provincia Autonoma Bolzano / Bozen,P.A. Bolzano,533050,305310,57.28,0.28
1611,2021-06-02,PAB,1444,809,635,987,457,ITH,ITH1,4,Provincia Autonoma Bolzano / Bozen,P.A. Bolzano,533050,306754,57.55,0.27
1612,2021-02-08,PAB,2,1,1,1,1,ITH,ITH1,4,Provincia Autonoma Bolzano / Bozen,P.A. Bolzano,533050,306756,57.55,0.0
1613,2020-12-30,PAB,388,182,206,388,0,ITH,ITH1,4,Provincia Autonoma Bolzano / Bozen,P.A. Bolzano,533050,307144,57.62,0.07
1614,2021-06-09,PAB,3789,1884,1905,1315,2474,ITH,ITH1,4,Provincia Autonoma Bolzano / Bozen,P.A. Bolzano,533050,310933,58.33,0.71
1615,2021-03-01,PAB,922,221,701,921,1,ITH,ITH1,4,Provincia Autonoma Bolzano / Bozen,P.A. Bolzano,533050,311855,58.5,0.17
1616,2021-03-15,PAB,1192,451,741,710,482,ITH,ITH1,4,Provincia Autonoma Bolzano / Bozen,P.A. Bolzano,533050,313047,58.73,0.22
1617,2021-04-27,PAB,2226,1013,1213,1149,1077,ITH,ITH1,4,Provincia Autonoma Bolzano / Bozen,P.A. Bolzano,533050,315273,59.15,0.42
1618,2021-01-17,PAB,2328,1044,1284,2317,11,ITH,ITH1,4,Provincia Autonoma Bolzano / Bozen,P.A. Bolzano,533050,317601,59.58,0.44
1619,2021-06-23,PAB,1133,584,549,369,764,ITH,ITH1,4,Provincia Autonoma Bolzano / Bozen,P.A. Bolzano,533050,318734,59.79,0.21
1620,2021-04-08,PAB,2767,1347,1420,2563,204,ITH,ITH1,4,Provincia Autonoma Bolzano / Bozen,P.A. Bolzano,533050,321501,60.31,0.52
1621,2020-12-27,PAB,144,65,79,144,0,ITH,ITH1,4,Provincia Autonoma Bolzano / Bozen,P.A. Bolzano,533050,321645,60.34,0.03
1622,2021-06-30,PAB,3021,1542,1479,418,2603,ITH,ITH1,4,Provincia Autonoma Bolzano / Bozen,P.A. Bolzano,533050,324666,60.91,0.57
1623,2021-06-11,PAB,5746,2947,2799,2276,3470,ITH,ITH1,4,Provincia Autonoma Bolzano / Bozen,P.A. Bolzano,533050,330412,61.99,1.08
1624,2021-03-20,PAB,1758,849,909,1133,625,ITH,ITH1,4,Provincia Autonoma Bolzano / Bozen,P.A. Bolzano,533050,332170,62.31,0.33
1625,2021-05-26,PAB,4939,2492,2447,2965,1974,ITH,ITH1,4,Provincia Autonoma Bolzano / Bozen,P.A. Bolzano,533050,337109,63.24,0.93
1626,2021-06-14,PAB,2904,1576,1328,547,2357,ITH,ITH1,4,Provincia Autonoma Bolzano / Bozen,P.A. Bolzano,533050,340013,63.79,0.54
1627,2021-02-15,PAB,72,42,30,26,46,ITH,ITH1,4,Provincia Autonoma Bolzano / Bozen,P.A. Bolzano,533050,340085,63.8,0.01
1628,2021-05-11,PAB,2844,1335,1509,1321,1523,ITH,ITH1,4,Provincia Autonoma Bolzano / Bozen,P.A. Bolzano,533050,342929,64.33,0.53
1629,2021-01-29,PAB,1497,510,987,24,1473,ITH,ITH1,4,Provincia Autonoma Bolzano / Bozen,P.A. Bolzano,533050,344426,64.61,0.28
1630,2021-04-22,PAB,2924,1501,1423,1982,942,ITH,ITH1,4,Provincia Autonoma Bolzano / Bozen,P.A. Bolzano,533050,347350,65.16,0.55
1631,2021-05-09,PAB,4241,2410,1831,3089,1152,ITH,ITH1,4,Provincia Autonoma Bolzano / Bozen,P.A. Bolzano,533050,351591,65.96,0.8
1632,2021-03-06,PAB,3973,2081,1892,3762,211,ITH,ITH1,4,Provincia Autonoma Bolzano / Bozen,P.A. Bolzano,533050,355564,66.7,0.75
1633,2021-05-28,PAB,5683,2896,2787,3793,1890,ITH,ITH1,4,Provincia Autonoma Bolzano / Bozen,P.A. Bolzano,533050,361247,67.77,1.07
1634,2021-02-17,PAB,156,51,105,139,17,ITH,ITH1,4,Provincia Autonoma Bolzano / Bozen,P.A. Bolzano,533050,361403,67.8,0.03
1635,2021-05-07,PAB,4193,2061,2132,3665,528,ITH,ITH1,4,Provincia Autonoma Bolzano / Bozen,P.A. Bolzano,533050,365596,68.59,0.79
1636,2021-07-03,PAB,5308,2635,2673,971,4337,ITH,ITH1,4,Provincia Autonoma Bolzano / Bozen,P.A. Bolzano,533050,370904,69.58,1.0
1637,2021-05-05,PAB,4154,1945,2209,2038,2116,ITH,ITH1,4,Provincia Autonoma Bolzano / Bozen,P.A. Bolzano,533050,375058,70.36,0.78
1638,2021-01-25,PAB,487,183,304,3,484,ITH,ITH1,4,Provincia Autonoma Bolzano / Bozen,P.A. Bolzano,533050,375545,70.45,0.09
1639,2021-03-23,PAB,1555,760,795,1554,1,ITH,ITH1,4,Provincia Autonoma Bolzano / Bozen,P.A. Bolzano,533050,377100,70.74,0.29
1640,2021-06-28,PAB,4596,2299,2297,229,4367,ITH,ITH1,4,Provincia Autonoma Bolzano / Bozen,P.A. Bolzano,533050,381696,71.61,0.86
1641,2021-01-15,PAB,3282,1228,2054,3282,0,ITH,ITH1,4,Provincia Autonoma Bolzano / Bozen,P.A. Bolzano,533050,384978,72.22,0.62
1642,2021-06-18,PAB,4053,2108,1945,1154,2899,ITH,ITH1,4,Provincia Autonoma Bolzano / Bozen,P.A. Bolzano,533050,389031,72.98,0.76
1643,2021-01-08,PAB,1521,479,1042,1521,0,ITH,ITH1,4,Provincia Autonoma Bolzano / Bozen,P.A. Bolzano,533050,390552,73.27,0.29
1644,2021-04-20,PAB,1562,784,778,1560,2,ITH,ITH1,4,Provincia Autonoma Bolzano / Bozen,P.A. Bolzano,533050,392114,73.56,0.29
1645,2021-01-10,PAB,2,2,0,2,0,ITH,ITH1,4,Provincia Autonoma Bolzano / Bozen,P.A. Bolzano,533050,392116,73.56,0.0
1646,2021-06-16,PAB,3812,2018,1794,9,3803,ITH,ITH1,4,Provincia Autonoma Bolzano / Bozen,P.A. Bolzano,533050,395928,74.28,0.72
1647,2021-03-08,PAB,1210,534,676,1183,27,ITH,ITH1,4,Provincia Autonoma Bolzano / Bozen,P.A. Bolzano,533050,397138,74.5,0.23
1648,2021-05-04,PAB,3449,1843,1606,2412,1037,ITH,ITH1,4,Provincia Autonoma Bolzano / Bozen,P.A. Bolzano,533050,400587,75.15,0.65
1649,2021-04-01,PAB,2786,1407,1379,2642,144,ITH,ITH1,4,Provincia Autonoma Bolzano / Bozen,P.A. Bolzano,533050,403373,75.67,0.52
1650,2021-05-30,PAB,4762,2515,2247,752,4010,ITH,ITH1,4,Provincia Autonoma Bolzano / Bozen,P.A. Bolzano,533050,408135,76.57,0.89
1651,2021-04-03,PAB,831,364,467,21,810,ITH,ITH1,4,Provincia Autonoma Bolzano / Bozen,P.A. Bolzano,533050,408966,76.72,0.16
1652,2021-03-25,PAB,2150,1063,1087,1707,443,ITH,ITH1,4,Provincia Autonoma Bolzano / Bozen,P.A. Bolzano,533050,411116,77.13,0.4
1653,2021-01-27,PAB,84,28,56,1,83,ITH,ITH1,4,Provincia Autonoma Bolzano / Bozen,P.A. Bolzano,533050,411200,77.14,0.02
1654,2021-05-19,PAB,3637,1850,1787,1851,1786,ITH,ITH1,4,Provincia Autonoma Bolzano / Bozen,P.A. Bolzano,533050,414837,77.82,0.68
1655,2021-01-03,PAB,41,16,25,41,0,ITH,ITH1,4,Provincia Autonoma Bolzano / Bozen,P.A. Bolzano,533050,414878,77.83,0.01
1656,2021-04-13,PAB,2395,1132,1263,2388,7,ITH,ITH1,4,Provincia Autonoma Bolzano / Bozen,P.A. Bolzano,533050,417273,78.28,0.45
1657,2021-02-22,PAB,526,143,383,514,12,ITH,ITH1,4,Provincia Autonoma Bolzano / Bozen,P.A. Bolzano,533050,417799,78.38,0.1
1658,2021-01-04,PAB,508,201,307,508,0,ITH,ITH1,4,Provincia Autonoma Bolzano / Bozen,P.A. Bolzano,533050,418307,78.47,0.1
1659,2021-02-06,PAB,2626,1171,1455,19,2607,ITH,ITH1,4,Provincia Autonoma Bolzano / Bozen,P.A. Bolzano,533050,420933,78.97,0.49
1660,2021-06-21,PAB,3137,1596,1541,270,2867,ITH,ITH1,4,Provincia Autonoma Bolzano / Bozen,P.A. Bolzano,533050,424070,79.56,0.59
1661,2021-03-28,PAB,569,212,357,11,558,ITH,ITH1,4,Provincia Autonoma Bolzano / Bozen,P.A. Bolzano,533050,424639,79.66,0.11
1662,2021-06-04,PAB,6467,3238,3229,4937,1530,ITH,ITH1,4,Provincia Autonoma Bolzano / Bozen,P.A. Bolzano,533050,431106,80.88,1.21
1663,2021-02-24,PAB,1367,406,961,1355,12,ITH,ITH1,4,Provincia Autonoma Bolzano / Bozen,P.A. Bolzano,533050,432473,81.13,0.26
1664,2021-03-27,PAB,3051,1554,1497,1543,1508,ITH,ITH1,4,Provincia Autonoma Bolzano / Bozen,P.A. Bolzano,533050,435524,81.7,0.57
1665,2021-03-13,PAB,2885,1459,1426,2784,101,ITH,ITH1,4,Provincia Autonoma Bolzano / Bozen,P.A. Bolzano,533050,438409,82.25,0.54
1666,2021-02-05,PAB,3195,1181,2014,8,3187,ITH,ITH1,4,Provincia Autonoma Bolzano / Bozen,P.A. Bolzano,533050,441604,82.84,0.6
1667,2021-04-15,PAB,4399,2307,2092,4136,263,ITH,ITH1,4,Provincia Autonoma Bolzano / Bozen,P.A. Bolzano,533050,446003,83.67,0.83
1668,2021-05-02,PAB,2457,1288,1169,1536,921,ITH,ITH1,4,Provincia Autonoma Bolzano / Bozen,P.A. Bolzano,533050,448460,84.13,0.46
1669,2021-01-22,PAB,248,143,105,124,124,ITH,ITH1,4,Provincia Autonoma Bolzano / Bozen,P.A. Bolzano,533050,448708,84.18,0.05
1670,2021-03-05,PUG,17685,7167,10518,15380,2305,ITF,ITF4,16,Puglia,Puglia,4029053,17685,0.44,0.44
1671,2021-02-26,PUG,13762,5054,8708,12728,1034,ITF,ITF4,16,Puglia,Puglia,4029053,31447,0.78,0.34
1672,2020-12-31,PUG,1634,782,852,1634,0,ITF,ITF4,16,Puglia,Puglia,4029053,33081,0.82,0.04
1673,2021-06-15,PUG,42116,20589,21527,22579,19537,ITF,ITF4,16,Puglia,Puglia,4029053,75197,1.87,1.05
1674,2021-06-08,PUG,39016,18974,20042,21300,17716,ITF,ITF4,16,Puglia,Puglia,4029053,114213,2.83,0.97
1675,2021-06-13,PUG,21672,10862,10810,16496,5176,ITF,ITF4,16,Puglia,Puglia,4029053,135885,3.37,0.54
1676,2021-01-12,PUG,4213,1770,2443,4213,0,ITF,ITF4,16,Puglia,Puglia,4029053,140098,3.48,0.1
1677,2021-04-07,PUG,15700,7126,8574,9022,6678,ITF,ITF4,16,Puglia,Puglia,4029053,155798,3.87,0.39
1678,2021-05-27,PUG,40589,19156,21433,23369,17220,ITF,ITF4,16,Puglia,Puglia,4029053,196387,4.87,1.01
1679,2021-04-19,PUG,27653,12854,14799,24610,3043,ITF,ITF4,16,Puglia,Puglia,4029053,224040,5.56,0.69
1680,2021-04-24,PUG,29354,13367,15987,25409,3945,ITF,ITF4,16,Puglia,Puglia,4029053,253394,6.29,0.73
1681,2021-01-14,PUG,4072,1591,2481,4072,0,ITF,ITF4,16,Puglia,Puglia,4029053,257466,6.39,0.1
1682,2021-01-07,PUG,5718,2459,3259,5718,0,ITF,ITF4,16,Puglia,Puglia,4029053,263184,6.53,0.14
1683,2021-04-17,PUG,39960,18939,21021,36391,3569,ITF,ITF4,16,Puglia,Puglia,4029053,303144,7.52,0.99
1684,2021-02-19,PUG,4734,2012,2722,4342,392,ITF,ITF4,16,Puglia,Puglia,4029053,307878,7.64,0.12
1685,2021-02-09,PUG,3839,1569,2270,2167,1672,ITF,ITF4,16,Puglia,Puglia,4029053,311717,7.74,0.1
1686,2021-05-20,PUG,33564,15229,18335,21224,12340,ITF,ITF4,16,Puglia,Puglia,4029053,345281,8.57,0.83
1687,2021-03-24,PUG,13568,6506,7062,6261,7307,ITF,ITF4,16,Puglia,Puglia,4029053,358849,8.91,0.34
1688,2021-01-26,PUG,5363,2397,2966,571,4792,ITF,ITF4,16,Puglia,Puglia,4029053,364212,9.04,0.13
1689,2021-07-02,PUG,42530,20127,22403,16221,26309,ITF,ITF4,16,Puglia,Puglia,4029053,406742,10.1,1.06
1690,2021-05-06,PUG,39556,17296,22260,19877,19679,ITF,ITF4,16,Puglia,Puglia,4029053,446298,11.08,0.98
1691,2021-02-07,PUG,1579,669,910,253,1326,ITF,ITF4,16,Puglia,Puglia,4029053,447877,11.12,0.04
1692,2021-01-21,PUG,2132,904,1228,1271,861,ITF,ITF4,16,Puglia,Puglia,4029053,450009,11.17,0.05
1693,2021-05-01,PUG,27611,12645,14966,16961,10650,ITF,ITF4,16,Puglia,Puglia,4029053,477620,11.85,0.69
1694,2021-01-02,PUG,2950,1302,1648,2950,0,ITF,ITF4,16,Puglia,Puglia,4029053,480570,11.93,0.07
1695,2021-04-12,PUG,29250,13778,15472,26373,2877,ITF,ITF4,16,Puglia,Puglia,4029053,509820,12.65,0.73
1696,2021-04-05,PUG,12746,6190,6556,12213,533,ITF,ITF4,16,Puglia,Puglia,4029053,522566,12.97,0.32
1697,2021-03-19,PUG,7963,3654,4309,3414,4549,ITF,ITF4,16,Puglia,Puglia,4029053,530529,13.17,0.2
1698,2021-06-27,PUG,18170,9024,9146,9941,8229,ITF,ITF4,16,Puglia,Puglia,4029053,548699,13.62,0.45
1699,2021-02-14,PUG,786,347,439,662,124,ITF,ITF4,16,Puglia,Puglia,4029053,549485,13.64,0.02
1700,2021-05-25,PUG,34645,16169,18476,21143,13502,ITF,ITF4,16,Puglia,Puglia,4029053,584130,14.5,0.86
1701,2021-02-21,PUG,2177,474,1703,2115,62,ITF,ITF4,16,Puglia,Puglia,4029053,586307,14.55,0.05
1702,2021-06-01,PUG,34747,17378,17369,21908,12839,ITF,ITF4,16,Puglia,Puglia,4029053,621054,15.41,0.86
1703,2021-05-15,PUG,43534,18953,24581,23531,20003,ITF,ITF4,16,Puglia,Puglia,4029053,664588,16.49,1.08
1704,2021-06-03,PUG,50313,24407,25906,31081,19232,ITF,ITF4,16,Puglia,Puglia,4029053,714901,17.74,1.25
1705,2021-03-10,PUG,14809,6613,8196,11686,3123,ITF,ITF4,16,Puglia,Puglia,4029053,729710,18.11,0.37
1706,2021-03-29,PUG,13536,6597,6939,6795,6741,ITF,ITF4,16,Puglia,Puglia,4029053,743246,18.45,0.34
1707,2021-03-12,PUG,14275,6434,7841,10347,3928,ITF,ITF4,16,Puglia,Puglia,4029053,757521,18.8,0.35
1708,2021-01-31,PUG,1816,832,984,75,1741,ITF,ITF4,16,Puglia,Puglia,4029053,759337,18.85,0.05
1709,2021-02-28,PUG,6058,1806,4252,5872,186,ITF,ITF4,16,Puglia,Puglia,4029053,765395,19.0,0.15
1710,2021-05-12,PUG,36549,16307,20242,24065,12484,ITF,ITF4,16,Puglia,Puglia,4029053,801944,19.9,0.91
1711,2021-01-23,PUG,3039,1294,1745,886,2153,ITF,ITF4,16,Puglia,Puglia,4029053,804983,19.98,0.08
1712,2021-05-03,PUG,33296,14882,18414,22669,10627,ITF,ITF4,16,Puglia,Puglia,4029053,838279,20.81,0.83
1713,2021-03-07,PUG,4983,2000,2983,4412,571,ITF,ITF4,16,Puglia,Puglia,4029053,843262,20.93,0.12
1714,2021-03-02,PUG,16388,6091,10297,15086,1302,ITF,ITF4,16,Puglia,Puglia,4029053,859650,21.34,0.41
1715,2021-06-10,PUG,46699,22929,23770,29748,16951,ITF,ITF4,16,Puglia,Puglia,4029053,906349,22.5,1.16
1716,2021-04-04,PUG,5967,2963,3004,5962,5,ITF,ITF4,16,Puglia,Puglia,4029053,912316,22.64,0.15
1717,2021-03-21,PUG,2694,1227,1467,590,2104,ITF,ITF4,16,Puglia,Puglia,4029053,915010,22.71,0.07
1718,2021-06-29,PUG,44099,21018,23081,15096,29003,ITF,ITF4,16,Puglia,Puglia,4029053,959109,23.8,1.09
1719,2021-03-31,PUG,14553,6818,7735,8993,5560,ITF,ITF4,16,Puglia,Puglia,4029053,973662,24.17,0.36
1720,2021-02-02,PUG,4344,1846,2498,592,3752,ITF,ITF4,16,Puglia,Puglia,4029053,978006,24.27,0.11
1721,2021-05-13,PUG,38676,17246,21430,21513,17163,ITF,ITF4,16,Puglia,Puglia,4029053,1016682,25.23,0.96
1722,2021-03-17,PUG,10345,4700,5645,4171,6174,ITF,ITF4,16,Puglia,Puglia,4029053,1027027,25.49,0.26
1723,2021-01-19,PUG,1221,452,769,1211,10,ITF,ITF4,16,Puglia,Puglia,4029053,1028248,25.52,0.03
1724,2021-01-04,PUG,4508,2016,2492,4508,0,ITF,ITF4,16,Puglia,Puglia,4029053,1032756,25.63,0.11
1725,2021-03-26,PUG,11998,5837,6161,7353,4645,ITF,ITF4,16,Puglia,Puglia,4029053,1044754,25.93,0.3
1726,2021-06-22,PUG,41233,19959,21274,18766,22467,ITF,ITF4,16,Puglia,Puglia,4029053,1085987,26.95,1.02
1727,2021-04-26,PUG,26259,12028,14231,23025,3234,ITF,ITF4,16,Puglia,Puglia,4029053,1112246,27.61,0.65
1728,2021-03-16,PUG,9872,4688,5184,3512,6360,ITF,ITF4,16,Puglia,Puglia,4029053,1122118,27.85,0.25
1729,2021-06-24,PUG,50726,24396,26330,23069,27657,ITF,ITF4,16,Puglia,Puglia,4029053,1172844,29.11,1.26
1730,2021-04-28,PUG,19798,8876,10922,15028,4770,ITF,ITF4,16,Puglia,Puglia,4029053,1192642,29.6,0.49
1731,2021-01-09,PUG,4887,2250,2637,4887,0,ITF,ITF4,16,Puglia,Puglia,4029053,1197529,29.72,0.12
1732,2021-05-08,PUG,54249,22965,31284,24525,29724,ITF,ITF4,16,Puglia,Puglia,4029053,1251778,31.07,1.35
1733,2021-06-12,PUG,33847,16877,16970,25034,8813,ITF,ITF4,16,Puglia,Puglia,4029053,1285625,31.91,0.84
1734,2021-06-20,PUG,21205,10683,10522,14074,7131,ITF,ITF4,16,Puglia,Puglia,4029053,1306830,32.44,0.53
1735,2021-02-04,PUG,5928,2365,3563,1193,4735,ITF,ITF4,16,Puglia,Puglia,4029053,1312758,32.58,0.15
1736,2021-05-17,PUG,32823,15204,17619,20968,11855,ITF,ITF4,16,Puglia,Puglia,4029053,1345581,33.4,0.81
1737,2021-05-29,PUG,30390,14319,16071,21008,9382,ITF,ITF4,16,Puglia,Puglia,4029053,1375971,34.15,0.75
1738,2021-04-02,PUG,12843,6000,6843,8319,4524,ITF,ITF4,16,Puglia,Puglia,4029053,1388814,34.47,0.32
1739,2021-04-16,PUG,35992,16913,19079,32710,3282,ITF,ITF4,16,Puglia,Puglia,4029053,1424806,35.36,0.89
1740,2021-02-18,PUG,4378,1846,2532,3773,605,ITF,ITF4,16,Puglia,Puglia,4029053,1429184,35.47,0.11
1741,2021-04-09,PUG,22050,9504,12546,17427,4623,ITF,ITF4,16,Puglia,Puglia,4029053,1451234,36.02,0.55
1742,2021-02-11,PUG,3697,1401,2296,2419,1278,ITF,ITF4,16,Puglia,Puglia,4029053,1454931,36.11,0.09
1743,2021-05-22,PUG,34597,15844,18753,24215,10382,ITF,ITF4,16,Puglia,Puglia,4029053,1489528,36.97,0.86
1744,2021-05-05,PUG,39132,17153,21979,24953,14179,ITF,ITF4,16,Puglia,Puglia,4029053,1528660,37.94,0.97
1745,2021-06-17,PUG,41888,20468,21420,21296,20592,ITF,ITF4,16,Puglia,Puglia,4029053,1570548,38.98,1.04
1746,2021-03-30,PUG,12349,5913,6436,6442,5907,ITF,ITF4,16,Puglia,Puglia,4029053,1582897,39.29,0.31
1747,2021-02-01,PUG,3966,1660,2306,373,3593,ITF,ITF4,16,Puglia,Puglia,4029053,1586863,39.39,0.1
1748,2021-05-14,PUG,44907,20523,24384,28786,16121,ITF,ITF4,16,Puglia,Puglia,4029053,1631770,40.5,1.11
1749,2021-05-31,PUG,37669,18119,19550,23578,14091,ITF,ITF4,16,Puglia,Puglia,4029053,1669439,41.44,0.93
1750,2021-04-25,PUG,11309,5237,6072,10151,1158,ITF,ITF4,16,Puglia,Puglia,4029053,1680748,41.72,0.28
1751,2021-02-27,PUG,14222,4818,9404,12997,1225,ITF,ITF4,16,Puglia,Puglia,4029053,1694970,42.07,0.35
1752,2021-01-01,PUG,148,61,87,148,0,ITF,ITF4,16,Puglia,Puglia,4029053,1695118,42.07,0.0
1753,2021-06-07,PUG,44065,21518,22547,30867,13198,ITF,ITF4,16,Puglia,Puglia,4029053,1739183,43.17,1.09
1754,2021-04-11,PUG,16463,7252,9211,14805,1658,ITF,ITF4,16,Puglia,Puglia,4029053,1755646,43.57,0.41
1755,2021-03-06,PUG,16147,6126,10021,14055,2092,ITF,ITF4,16,Puglia,Puglia,4029053,1771793,43.98,0.4
1756,2021-01-08,PUG,5649,2370,3279,5649,0,ITF,ITF4,16,Puglia,Puglia,4029053,1777442,44.12,0.14
1757,2021-06-14,PUG,41652,20383,21269,29314,12338,ITF,ITF4,16,Puglia,Puglia,4029053,1819094,45.15,1.03
1758,2021-04-18,PUG,22597,10808,11789,21534,1063,ITF,ITF4,16,Puglia,Puglia,4029053,1841691,45.71,0.56
1759,2021-02-20,PUG,2970,1079,1891,2713,257,ITF,ITF4,16,Puglia,Puglia,4029053,1844661,45.78,0.07
1760,2021-03-09,PUG,13603,6075,7528,11594,2009,ITF,ITF4,16,Puglia,Puglia,4029053,1858264,46.12,0.34
1761,2021-04-14,PUG,31931,15070,16861,28624,3307,ITF,ITF4,16,Puglia,Puglia,4029053,1890195,46.91,0.79
1762,2021-03-28,PUG,3540,1654,1886,1214,2326,ITF,ITF4,16,Puglia,Puglia,4029053,1893735,47.0,0.09
1763,2021-06-19,PUG,33933,16985,16948,22195,11738,ITF,ITF4,16,Puglia,Puglia,4029053,1927668,47.84,0.84
1764,2021-06-21,PUG,40843,19891,20952,21400,19443,ITF,ITF4,16,Puglia,Puglia,4029053,1968511,48.86,1.01
1765,2021-02-23,PUG,9364,4421,4943,8876,488,ITF,ITF4,16,Puglia,Puglia,4029053,1977875,49.09,0.23
1766,2021-01-18,PUG,1845,771,1074,1496,349,ITF,ITF4,16,Puglia,Puglia,4029053,1979720,49.14,0.05
1767,2021-02-06,PUG,4549,1931,2618,1592,2957,ITF,ITF4,16,Puglia,Puglia,4029053,1984269,49.25,0.11
1768,2021-01-20,PUG,1548,542,1006,1540,8,ITF,ITF4,16,Puglia,Puglia,4029053,1985817,49.29,0.04
1769,2021-04-30,PUG,34918,15641,19277,22948,11970,ITF,ITF4,16,Puglia,Puglia,4029053,2020735,50.15,0.87
1770,2021-04-13,PUG,28725,13625,15100,25324,3401,ITF,ITF4,16,Puglia,Puglia,4029053,2049460,50.87,0.71
1771,2021-01-28,PUG,5474,2277,3197,471,5003,ITF,ITF4,16,Puglia,Puglia,4029053,2054934,51.0,0.14
1772,2021-04-23,PUG,29491,13707,15784,24235,5256,ITF,ITF4,16,Puglia,Puglia,4029053,2084425,51.73,0.73
1773,2021-03-18,PUG,9476,4292,5184,3330,6146,ITF,ITF4,16,Puglia,Puglia,4029053,2093901,51.97,0.24
1774,2021-06-26,PUG,30854,15506,15348,15745,15109,ITF,ITF4,16,Puglia,Puglia,4029053,2124755,52.74,0.77
1775,2021-07-01,PUG,44577,20777,23800,11030,33547,ITF,ITF4,16,Puglia,Puglia,4029053,2169332,53.84,1.11
1776,2021-03-14,PUG,3327,1433,1894,2511,816,ITF,ITF4,16,Puglia,Puglia,4029053,2172659,53.92,0.08
1777,2021-01-16,PUG,2506,1033,1473,2506,0,ITF,ITF4,16,Puglia,Puglia,4029053,2175165,53.99,0.06
1778,2021-05-21,PUG,38970,18503,20467,28950,10020,ITF,ITF4,16,Puglia,Puglia,4029053,2214135,54.95,0.97
1779,2021-05-19,PUG,26371,12752,13619,19948,6423,ITF,ITF4,16,Puglia,Puglia,4029053,2240506,55.61,0.65
1780,2021-03-23,PUG,11092,5622,5470,4618,6474,ITF,ITF4,16,Puglia,Puglia,4029053,2251598,55.88,0.28
1781,2021-03-25,PUG,11698,5989,5709,5456,6242,ITF,ITF4,16,Puglia,Puglia,4029053,2263296,56.17,0.29
1782,2021-07-03,PUG,22930,11386,11544,9413,13517,ITF,ITF4,16,Puglia,Puglia,4029053,2286226,56.74,0.57
1783,2021-02-08,PUG,3992,1609,2383,1597,2395,ITF,ITF4,16,Puglia,Puglia,4029053,2290218,56.84,0.1
1784,2021-02-10,PUG,3646,1436,2210,2135,1511,ITF,ITF4,16,Puglia,Puglia,4029053,2293864,56.93,0.09
1785,2021-05-23,PUG,17913,8370,9543,14108,3805,ITF,ITF4,16,Puglia,Puglia,4029053,2311777,57.38,0.44
1786,2021-02-17,PUG,4278,1747,2531,3673,605,ITF,ITF4,16,Puglia,Puglia,4029053,2316055,57.48,0.11
1787,2021-05-28,PUG,43815,20754,23061,28145,15670,ITF,ITF4,16,Puglia,Puglia,4029053,2359870,58.57,1.09
1788,2021-05-30,PUG,20915,10020,10895,15880,5035,ITF,ITF4,16,Puglia,Puglia,4029053,2380785,59.09,0.52
1789,2021-05-02,PUG,21313,9658,11655,14047,7266,ITF,ITF4,16,Puglia,Puglia,4029053,2402098,59.62,0.53
1790,2021-06-18,PUG,46824,23053,23771,29049,17775,ITF,ITF4,16,Puglia,Puglia,4029053,2448922,60.78,1.16
1791,2021-02-25,PUG,11969,5062,6907,10796,1173,ITF,ITF4,16,Puglia,Puglia,4029053,2460891,61.08,0.3
1792,2021-06-05,PUG,42130,20642,21488,29535,12595,ITF,ITF4,16,Puglia,Puglia,4029053,2503021,62.12,1.05
1793,2021-01-06,PUG,3952,1674,2278,3952,0,ITF,ITF4,16,Puglia,Puglia,4029053,2506973,62.22,0.1
1794,2021-03-04,PUG,15343,6091,9252,13923,1420,ITF,ITF4,16,Puglia,Puglia,4029053,2522316,62.6,0.38
1795,2021-06-09,PUG,41548,20569,20979,30377,11171,ITF,ITF4,16,Puglia,Puglia,4029053,2563864,63.63,1.03
1796,2021-02-15,PUG,3257,1269,1988,2635,622,ITF,ITF4,16,Puglia,Puglia,4029053,2567121,63.72,0.08
1797,2021-05-26,PUG,38444,18451,19993,26791,11653,ITF,ITF4,16,Puglia,Puglia,4029053,2605565,64.67,0.95
1798,2021-01-27,PUG,4602,1941,2661,631,3971,ITF,ITF4,16,Puglia,Puglia,4029053,2610167,64.78,0.11
1799,2021-05-07,PUG,50002,22320,27682,26550,23452,ITF,ITF4,16,Puglia,Puglia,4029053,2660169,66.02,1.24
1800,2021-01-13,PUG,4542,1729,2813,4542,0,ITF,ITF4,16,Puglia,Puglia,4029053,2664711,66.14,0.11
1801,2021-04-06,PUG,13831,6246,7585,7079,6752,ITF,ITF4,16,Puglia,Puglia,4029053,2678542,66.48,0.34
1802,2021-06-16,PUG,41340,20338,21002,27005,14335,ITF,ITF4,16,Puglia,Puglia,4029053,2719882,67.51,1.03
1803,2020-12-30,PUG,1,0,1,1,0,ITF,ITF4,16,Puglia,Puglia,4029053,2719883,67.51,0.0
1804,2021-03-22,PUG,9933,5097,4836,4287,5646,ITF,ITF4,16,Puglia,Puglia,4029053,2729816,67.75,0.25
1805,2021-01-24,PUG,1670,750,920,154,1516,ITF,ITF4,16,Puglia,Puglia,4029053,2731486,67.79,0.04
1806,2021-06-30,PUG,44149,21383,22766,17841,26308,ITF,ITF4,16,Puglia,Puglia,4029053,2775635,68.89,1.1
1807,2021-03-15,PUG,12331,6140,6191,5828,6503,ITF,ITF4,16,Puglia,Puglia,4029053,2787966,69.2,0.31
1808,2021-01-17,PUG,1308,590,718,1239,69,ITF,ITF4,16,Puglia,Puglia,4029053,2789274,69.23,0.03
1809,2021-06-23,PUG,28730,14044,14686,17038,11692,ITF,ITF4,16,Puglia,Puglia,4029053,2818004,69.94,0.71
1810,2021-01-03,PUG,2006,942,1064,2006,0,ITF,ITF4,16,Puglia,Puglia,4029053,2820010,69.99,0.05
1811,2021-03-27,PUG,12153,5709,6444,6984,5169,ITF,ITF4,16,Puglia,Puglia,4029053,2832163,70.29,0.3
1812,2021-01-05,PUG,5108,2251,2857,5108,0,ITF,ITF4,16,Puglia,Puglia,4029053,2837271,70.42,0.13
1813,2021-04-15,PUG,32551,15188,17363,29005,3546,ITF,ITF4,16,Puglia,Puglia,4029053,2869822,71.23,0.81
1814,2021-03-11,PUG,14803,6566,8237,11632,3171,ITF,ITF4,16,Puglia,Puglia,4029053,2884625,71.6,0.37
1815,2021-06-02,PUG,26950,13182,13768,22138,4812,ITF,ITF4,16,Puglia,Puglia,4029053,2911575,72.26,0.67
1816,2021-03-13,PUG,10468,4134,6334,8660,1808,ITF,ITF4,16,Puglia,Puglia,4029053,2922043,72.52,0.26
1817,2021-02-24,PUG,10039,4705,5334,9448,591,ITF,ITF4,16,Puglia,Puglia,4029053,2932082,72.77,0.25
1818,2021-06-04,PUG,52397,25354,27043,34761,17636,ITF,ITF4,16,Puglia,Puglia,4029053,2984479,74.07,1.3
1819,2021-05-18,PUG,28863,13428,15435,16089,12774,ITF,ITF4,16,Puglia,Puglia,4029053,3013342,74.79,0.72
1820,2021-04-29,PUG,26159,12102,14057,19497,6662,ITF,ITF4,16,Puglia,Puglia,4029053,3039501,75.44,0.65
1821,2021-02-22,PUG,9629,4536,5093,9297,332,ITF,ITF4,16,Puglia,Puglia,4029053,3049130,75.68,0.24
1822,2021-02-05,PUG,5635,2273,3362,1333,4302,ITF,ITF4,16,Puglia,Puglia,4029053,3054765,75.82,0.14
1823,2021-05-16,PUG,24536,11063,13473,12708,11828,ITF,ITF4,16,Puglia,Puglia,4029053,3079301,76.43,0.61
1824,2021-01-25,PUG,3828,1680,2148,425,3403,ITF,ITF4,16,Puglia,Puglia,4029053,3083129,76.52,0.1
1825,2021-01-15,PUG,4551,1866,2685,4551,0,ITF,ITF4,16,Puglia,Puglia,4029053,3087680,76.64,0.11
1826,2021-01-22,PUG,1409,578,831,991,418,ITF,ITF4,16,Puglia,Puglia,4029053,3089089,76.67,0.03
1827,2021-04-27,PUG,26671,12068,14603,21068,5603,ITF,ITF4,16,Puglia,Puglia,4029053,3115760,77.33,0.66
1828,2021-05-11,PUG,32549,14356,18193,14130,18419,ITF,ITF4,16,Puglia,Puglia,4029053,3148309,78.14,0.81
1829,2021-05-04,PUG,35033,14815,20218,18583,16450,ITF,ITF4,16,Puglia,Puglia,4029053,3183342,79.01,0.87
1830,2021-03-08,PUG,14988,6435,8553,12588,2400,ITF,ITF4,16,Puglia,Puglia,4029053,3198330,79.38,0.37
1831,2021-04-08,PUG,17470,7580,9890,11293,6177,ITF,ITF4,16,Puglia,Puglia,4029053,3215800,79.82,0.43
1832,2021-06-06,PUG,30534,15370,15164,25504,5030,ITF,ITF4,16,Puglia,Puglia,4029053,3246334,80.57,0.76
1833,2021-04-10,PUG,30882,13097,17785,26658,4224,ITF,ITF4,16,Puglia,Puglia,4029053,3277216,81.34,0.77
1834,2021-04-01,PUG,13924,6536,7388,7577,6347,ITF,ITF4,16,Puglia,Puglia,4029053,3291140,81.69,0.35
1835,2021-02-03,PUG,5037,2005,3032,729,4308,ITF,ITF4,16,Puglia,Puglia,4029053,3296177,81.81,0.13
1836,2021-03-01,PUG,15104,5867,9237,13732,1372,ITF,ITF4,16,Puglia,Puglia,4029053,3311281,82.19,0.37
1837,2021-01-10,PUG,2348,1061,1287,2348,0,ITF,ITF4,16,Puglia,Puglia,4029053,3313629,82.24,0.06
1838,2021-04-20,PUG,21151,9824,11327,17686,3465,ITF,ITF4,16,Puglia,Puglia,4029053,3334780,82.77,0.52
1839,2020-12-27,PUG,509,252,257,509,0,ITF,ITF4,16,Puglia,Puglia,4029053,3335289,82.78,0.01
1840,2021-06-25,PUG,48557,23775,24782,23548,25009,ITF,ITF4,16,Puglia,Puglia,4029053,3383846,83.99,1.21
1841,2021-01-11,PUG,3754,1588,2166,3754,0,ITF,ITF4,16,Puglia,Puglia,4029053,3387600,84.08,0.09
1842,2021-04-21,PUG,23092,10662,12430,19359,3733,ITF,ITF4,16,Puglia,Puglia,4029053,3410692,84.65,0.57
1843,2021-05-24,PUG,36066,17015,19051,25079,10987,ITF,ITF4,16,Puglia,Puglia,4029053,3446758,85.55,0.9
1844,2021-02-16,PUG,3382,1454,1928,2736,646,ITF,ITF4,16,Puglia,Puglia,4029053,3450140,85.63,0.08
1845,2021-01-30,PUG,5531,2514,3017,410,5121,ITF,ITF4,16,Puglia,Puglia,4029053,3455671,85.77,0.14
1846,2021-05-10,PUG,37703,16657,21046,19761,17942,ITF,ITF4,16,Puglia,Puglia,4029053,3493374,86.7,0.94
1847,2021-02-13,PUG,3727,1456,2271,3031,696,ITF,ITF4,16,Puglia,Puglia,4029053,3497101,86.8,0.09
1848,2021-06-28,PUG,46996,22707,24289,21594,25402,ITF,ITF4,16,Puglia,Puglia,4029053,3544097,87.96,1.17
1849,2021-05-09,PUG,30648,12562,18086,15035,15613,ITF,ITF4,16,Puglia,Puglia,4029053,3574745,88.72,0.76
1850,2021-04-22,PUG,23012,10534,12478,18094,4918,ITF,ITF4,16,Puglia,Puglia,4029053,3597757,89.3,0.57
1851,2021-02-12,PUG,4212,1672,2540,3120,1092,ITF,ITF4,16,Puglia,Puglia,4029053,3601969,89.4,0.1
1852,2021-01-29,PUG,6201,2663,3538,435,5766,ITF,ITF4,16,Puglia,Puglia,4029053,3608170,89.55,0.15
1853,2021-03-20,PUG,8413,3878,4535,3819,4594,ITF,ITF4,16,Puglia,Puglia,4029053,3616583,89.76,0.21
1854,2021-03-03,PUG,16778,6798,9980,14862,1916,ITF,ITF4,16,Puglia,Puglia,4029053,3633361,90.18,0.42
1855,2021-06-11,PUG,47422,23196,24226,33500,13922,ITF,ITF4,16,Puglia,Puglia,4029053,3680783,91.36,1.18
1856,2021-04-03,PUG,10559,4644,5915,7000,3559,ITF,ITF4,16,Puglia,Puglia,4029053,3691342,91.62,0.26
1857,2021-04-07,TOS,35824,15462,20362,28576,7248,ITI,ITI1,9,Toscana,Toscana,3729641,35824,0.96,0.96
1858,2021-06-12,TOS,29380,15146,14234,24993,4387,ITI,ITI1,9,Toscana,Toscana,3729641,65204,1.75,0.79
1859,2021-04-16,TOS,28943,12878,16065,22047,6896,ITI,ITI1,9,Toscana,Toscana,3729641,94147,2.52,0.78
1860,2021-01-16,TOS,3271,1046,2225,3271,0,ITI,ITI1,9,Toscana,Toscana,3729641,97418,2.61,0.09
1861,2021-04-26,TOS,10140,4932,5208,7589,2551,ITI,ITI1,9,Toscana,Toscana,3729641,107558,2.88,0.27
1862,2021-01-02,TOS,3497,1096,2401,3497,0,ITI,ITI1,9,Toscana,Toscana,3729641,111055,2.98,0.09
1863,2021-03-07,TOS,5647,2357,3290,2104,3543,ITI,ITI1,9,Toscana,Toscana,3729641,116702,3.13,0.15
1864,2021-06-05,TOS,28417,13593,14824,20807,7610,ITI,ITI1,9,Toscana,Toscana,3729641,145119,3.89,0.76
1865,2021-01-11,TOS,5094,1691,3403,5094,0,ITI,ITI1,9,Toscana,Toscana,3729641,150213,4.03,0.14
1866,2021-04-21,TOS,29616,12675,16941,17493,12123,ITI,ITI1,9,Toscana,Toscana,3729641,179829,4.82,0.79
1867,2021-02-23,TOS,7722,3325,4397,7561,161,ITI,ITI1,9,Toscana,Toscana,3729641,187551,5.03,0.21
1868,2021-06-03,TOS,31981,15406,16575,27434,4547,ITI,ITI1,9,Toscana,Toscana,3729641,219532,5.89,0.86
1869,2021-06-22,TOS,30981,15574,15407,22809,8172,ITI,ITI1,9,Toscana,Toscana,3729641,250513,6.72,0.83
1870,2021-05-17,TOS,29693,14811,14882,20822,8871,ITI,ITI1,9,Toscana,Toscana,3729641,280206,7.51,0.8
1871,2021-03-21,TOS,3293,1627,1666,1860,1433,ITI,ITI1,9,Toscana,Toscana,3729641,283499,7.6,0.09
1872,2021-01-23,TOS,3966,1360,2606,640,3326,ITI,ITI1,9,Toscana,Toscana,3729641,287465,7.71,0.11
1873,2021-06-29,TOS,36885,17926,18959,8111,28774,ITI,ITI1,9,Toscana,Toscana,3729641,324350,8.7,0.99
1874,2021-05-03,TOS,11927,5507,6420,10610,1317,ITI,ITI1,9,Toscana,Toscana,3729641,336277,9.02,0.32
1875,2021-05-22,TOS,26008,12654,13354,21723,4285,ITI,ITI1,9,Toscana,Toscana,3729641,362285,9.71,0.7
1876,2021-05-05,TOS,30112,13439,16673,15601,14511,ITI,ITI1,9,Toscana,Toscana,3729641,392397,10.52,0.81
1877,2021-02-28,TOS,1649,667,982,922,727,ITI,ITI1,9,Toscana,Toscana,3729641,394046,10.57,0.04
1878,2021-02-11,TOS,5384,2022,3362,5142,242,ITI,ITI1,9,Toscana,Toscana,3729641,399430,10.71,0.14
1879,2021-02-09,TOS,4488,1468,3020,3877,611,ITI,ITI1,9,Toscana,Toscana,3729641,403918,10.83,0.12
1880,2021-07-01,TOS,31876,15388,16488,10960,20916,ITI,ITI1,9,Toscana,Toscana,3729641,435794,11.68,0.85
1881,2021-03-26,TOS,20679,9394,11285,14914,5765,ITI,ITI1,9,Toscana,Toscana,3729641,456473,12.24,0.55
1882,2021-03-09,TOS,11129,4567,6562,5577,5552,ITI,ITI1,9,Toscana,Toscana,3729641,467602,12.54,0.3
1883,2021-04-09,TOS,24594,10580,14014,21185,3409,ITI,ITI1,9,Toscana,Toscana,3729641,492196,13.2,0.66
1884,2021-06-17,TOS,32412,16562,15850,26963,5449,ITI,ITI1,9,Toscana,Toscana,3729641,524608,14.07,0.87
1885,2021-02-04,TOS,4253,1594,2659,961,3292,ITI,ITI1,9,Toscana,Toscana,3729641,528861,14.18,0.11
1886,2021-05-15,TOS,29337,13850,15487,23450,5887,ITI,ITI1,9,Toscana,Toscana,3729641,558198,14.97,0.79
1887,2021-04-28,TOS,19121,8179,10942,3814,15307,ITI,ITI1,9,Toscana,Toscana,3729641,577319,15.48,0.51
1888,2021-04-02,TOS,31983,13566,18417,23957,8026,ITI,ITI1,9,Toscana,Toscana,3729641,609302,16.34,0.86
1889,2021-06-24,TOS,29361,14551,14810,19659,9702,ITI,ITI1,9,Toscana,Toscana,3729641,638663,17.12,0.79
1890,2021-01-09,TOS,4485,1596,2889,4485,0,ITI,ITI1,9,Toscana,Toscana,3729641,643148,17.24,0.12
1891,2021-01-28,TOS,6282,1882,4400,354,5928,ITI,ITI1,9,Toscana,Toscana,3729641,649430,17.41,0.17
1892,2021-03-19,TOS,10142,4460,5682,7274,2868,ITI,ITI1,9,Toscana,Toscana,3729641,659572,17.68,0.27
1893,2021-01-21,TOS,1589,686,903,867,722,ITI,ITI1,9,Toscana,Toscana,3729641,661161,17.73,0.04
1894,2021-03-02,TOS,10599,3799,6800,7155,3444,ITI,ITI1,9,Toscana,Toscana,3729641,671760,18.01,0.28
1895,2021-01-04,TOS,5066,1895,3171,5066,0,ITI,ITI1,9,Toscana,Toscana,3729641,676826,18.15,0.14
1896,2021-04-14,TOS,20182,8344,11838,15073,5109,ITI,ITI1,9,Toscana,Toscana,3729641,697008,18.69,0.54
1897,2021-06-14,TOS,31776,16318,15458,27673,4103,ITI,ITI1,9,Toscana,Toscana,3729641,728784,19.54,0.85
1898,2021-03-04,TOS,17846,6949,10897,14764,3082,ITI,ITI1,9,Toscana,Toscana,3729641,746630,20.02,0.48
1899,2021-06-21,TOS,31118,15427,15691,18377,12741,ITI,ITI1,9,Toscana,Toscana,3729641,777748,20.85,0.83
1900,2021-02-20,TOS,4640,1789,2851,4127,513,ITI,ITI1,9,Toscana,Toscana,3729641,782388,20.98,0.12
1901,2021-05-31,TOS,30268,14597,15671,19445,10823,ITI,ITI1,9,Toscana,Toscana,3729641,812656,21.79,0.81
1902,2021-05-14,TOS,33315,15404,17911,20652,12663,ITI,ITI1,9,Toscana,Toscana,3729641,845971,22.68,0.89
1903,2021-03-28,TOS,6212,2808,3404,5958,254,ITI,ITI1,9,Toscana,Toscana,3729641,852183,22.85,0.17
1904,2021-01-30,TOS,4622,1622,3000,197,4425,ITI,ITI1,9,Toscana,Toscana,3729641,856805,22.97,0.12
1905,2021-05-10,TOS,26190,12385,13805,15572,10618,ITI,ITI1,9,Toscana,Toscana,3729641,882995,23.68,0.7
1906,2021-03-14,TOS,7174,2569,4605,3239,3935,ITI,ITI1,9,Toscana,Toscana,3729641,890169,23.87,0.19
1907,2021-06-10,TOS,26336,13514,12822,25802,534,ITI,ITI1,9,Toscana,Toscana,3729641,916505,24.57,0.71
1908,2021-05-24,TOS,33714,16701,17013,24145,9569,ITI,ITI1,9,Toscana,Toscana,3729641,950219,25.48,0.9
1909,2021-01-25,TOS,5126,1895,3231,247,4879,ITI,ITI1,9,Toscana,Toscana,3729641,955345,25.61,0.14
1910,2021-04-18,TOS,8359,4091,4268,7331,1028,ITI,ITI1,9,Toscana,Toscana,3729641,963704,25.84,0.22
1911,2021-02-16,TOS,9280,3340,5940,8559,721,ITI,ITI1,9,Toscana,Toscana,3729641,972984,26.09,0.25
1912,2021-05-02,TOS,11166,4931,6235,9203,1963,ITI,ITI1,9,Toscana,Toscana,3729641,984150,26.39,0.3
1913,2021-02-25,TOS,10633,4306,6327,9635,998,ITI,ITI1,9,Toscana,Toscana,3729641,994783,26.67,0.29
1914,2021-06-28,TOS,37563,18041,19522,8583,28980,ITI,ITI1,9,Toscana,Toscana,3729641,1032346,27.68,1.01
1915,2021-01-20,TOS,1331,637,694,1083,248,ITI,ITI1,9,Toscana,Toscana,3729641,1033677,27.72,0.04
1916,2021-04-30,TOS,40192,17786,22406,20300,19892,ITI,ITI1,9,Toscana,Toscana,3729641,1073869,28.79,1.08
1917,2021-02-18,TOS,8822,3285,5537,7926,896,ITI,ITI1,9,Toscana,Toscana,3729641,1082691,29.03,0.24
1918,2021-05-29,TOS,31554,15255,16299,23393,8161,ITI,ITI1,9,Toscana,Toscana,3729641,1114245,29.88,0.85
1919,2021-03-23,TOS,9400,4376,5024,7125,2275,ITI,ITI1,9,Toscana,Toscana,3729641,1123645,30.13,0.25
1920,2020-12-30,TOS,327,104,223,327,0,ITI,ITI1,9,Toscana,Toscana,3729641,1123972,30.14,0.01
1921,2021-03-18,TOS,9980,3984,5996,6008,3972,ITI,ITI1,9,Toscana,Toscana,3729641,1133952,30.4,0.27
1922,2021-06-26,TOS,34505,16738,17767,10212,24293,ITI,ITI1,9,Toscana,Toscana,3729641,1168457,31.33,0.93
1923,2021-06-09,TOS,34735,17514,17221,34310,425,ITI,ITI1,9,Toscana,Toscana,3729641,1203192,32.26,0.93
1924,2021-04-04,TOS,13921,6608,7313,13668,253,ITI,ITI1,9,Toscana,Toscana,3729641,1217113,32.63,0.37
1925,2021-03-16,TOS,4899,1882,3017,2648,2251,ITI,ITI1,9,Toscana,Toscana,3729641,1222012,32.76,0.13
1926,2021-02-27,TOS,1984,756,1228,1082,902,ITI,ITI1,9,Toscana,Toscana,3729641,1223996,32.82,0.05
1927,2021-06-02,TOS,27568,13605,13963,22062,5506,ITI,ITI1,9,Toscana,Toscana,3729641,1251564,33.56,0.74
1928,2021-04-06,TOS,22222,9821,12401,18507,3715,ITI,ITI1,9,Toscana,Toscana,3729641,1273786,34.15,0.6
1929,2021-02-08,TOS,4097,1360,2737,3638,459,ITI,ITI1,9,Toscana,Toscana,3729641,1277883,34.26,0.11
1930,2021-05-19,TOS,27945,13567,14378,18902,9043,ITI,ITI1,9,Toscana,Toscana,3729641,1305828,35.01,0.75
1931,2021-04-13,TOS,8487,3506,4981,6030,2457,ITI,ITI1,9,Toscana,Toscana,3729641,1314315,35.24,0.23
1932,2021-01-06,TOS,4519,1460,3059,4519,0,ITI,ITI1,9,Toscana,Toscana,3729641,1318834,35.36,0.12
1933,2021-03-11,TOS,15884,6340,9544,12555,3329,ITI,ITI1,9,Toscana,Toscana,3729641,1334718,35.79,0.43
1934,2021-06-19,TOS,26460,13884,12576,21711,4749,ITI,ITI1,9,Toscana,Toscana,3729641,1361178,36.5,0.71
1935,2021-02-05,TOS,5749,2245,3504,1924,3825,ITI,ITI1,9,Toscana,Toscana,3729641,1366927,36.65,0.15
1936,2021-05-16,TOS,26672,12885,13787,24205,2467,ITI,ITI1,9,Toscana,Toscana,3729641,1393599,37.37,0.72
1937,2021-02-06,TOS,4527,1550,2977,1294,3233,ITI,ITI1,9,Toscana,Toscana,3729641,1398126,37.49,0.12
1938,2021-06-11,TOS,29681,15439,14242,25059,4622,ITI,ITI1,9,Toscana,Toscana,3729641,1427807,38.28,0.8
1939,2021-04-15,TOS,24401,10195,14206,15831,8570,ITI,ITI1,9,Toscana,Toscana,3729641,1452208,38.94,0.65
1940,2021-02-17,TOS,8176,3170,5006,7424,752,ITI,ITI1,9,Toscana,Toscana,3729641,1460384,39.16,0.22
1941,2021-05-28,TOS,30074,13911,16163,17630,12444,ITI,ITI1,9,Toscana,Toscana,3729641,1490458,39.96,0.81
1942,2021-04-22,TOS,35694,15292,20402,18209,17485,ITI,ITI1,9,Toscana,Toscana,3729641,1526152,40.92,0.96
1943,2021-02-24,TOS,10371,4467,5904,10174,197,ITI,ITI1,9,Toscana,Toscana,3729641,1536523,41.2,0.28
1944,2021-06-04,TOS,28250,13377,14873,20495,7755,ITI,ITI1,9,Toscana,Toscana,3729641,1564773,41.96,0.76
1945,2021-04-08,TOS,29684,12558,17126,23297,6387,ITI,ITI1,9,Toscana,Toscana,3729641,1594457,42.75,0.8
1946,2021-05-07,TOS,32117,14688,17429,11977,20140,ITI,ITI1,9,Toscana,Toscana,3729641,1626574,43.61,0.86
1947,2021-02-13,TOS,7786,2361,5425,7559,227,ITI,ITI1,9,Toscana,Toscana,3729641,1634360,43.82,0.21
1948,2021-01-08,TOS,5947,1643,4304,5947,0,ITI,ITI1,9,Toscana,Toscana,3729641,1640307,43.98,0.16
1949,2021-06-07,TOS,34816,17056,17760,31213,3603,ITI,ITI1,9,Toscana,Toscana,3729641,1675123,44.91,0.93
1950,2021-05-21,TOS,28884,13455,15429,17473,11411,ITI,ITI1,9,Toscana,Toscana,3729641,1704007,45.69,0.77
1951,2021-03-01,TOS,4474,1734,2740,833,3641,ITI,ITI1,9,Toscana,Toscana,3729641,1708481,45.81,0.12
1952,2021-05-12,TOS,34199,15574,18625,14169,20030,ITI,ITI1,9,Toscana,Toscana,3729641,1742680,46.73,0.92
1953,2021-01-18,TOS,1119,636,483,1021,98,ITI,ITI1,9,Toscana,Toscana,3729641,1743799,46.76,0.03
1954,2021-02-01,TOS,5509,1958,3551,521,4988,ITI,ITI1,9,Toscana,Toscana,3729641,1749308,46.9,0.15
1955,2021-04-27,TOS,10354,4916,5438,3867,6487,ITI,ITI1,9,Toscana,Toscana,3729641,1759662,47.18,0.28
1956,2021-04-25,TOS,11059,5248,5811,8919,2140,ITI,ITI1,9,Toscana,Toscana,3729641,1770721,47.48,0.3
1957,2021-01-13,TOS,4062,1398,2664,4062,0,ITI,ITI1,9,Toscana,Toscana,3729641,1774783,47.59,0.11
1958,2021-04-23,TOS,25645,11414,14231,9344,16301,ITI,ITI1,9,Toscana,Toscana,3729641,1800428,48.27,0.69
1959,2021-03-20,TOS,6586,2977,3609,5450,1136,ITI,ITI1,9,Toscana,Toscana,3729641,1807014,48.45,0.18
1960,2021-01-22,TOS,2866,1064,1802,528,2338,ITI,ITI1,9,Toscana,Toscana,3729641,1809880,48.53,0.08
1961,2021-03-27,TOS,8862,4153,4709,8647,215,ITI,ITI1,9,Toscana,Toscana,3729641,1818742,48.76,0.24
1962,2021-06-30,TOS,38113,18421,19692,8702,29411,ITI,ITI1,9,Toscana,Toscana,3729641,1856855,49.79,1.02
1963,2021-02-14,TOS,9000,2569,6431,8890,110,ITI,ITI1,9,Toscana,Toscana,3729641,1865855,50.03,0.24
1964,2021-05-25,TOS,34151,16477,17674,19533,14618,ITI,ITI1,9,Toscana,Toscana,3729641,1900006,50.94,0.92
1965,2021-03-29,TOS,9670,4828,4842,9346,324,ITI,ITI1,9,Toscana,Toscana,3729641,1909676,51.2,0.26
1966,2021-05-27,TOS,28321,13173,15148,13487,14834,ITI,ITI1,9,Toscana,Toscana,3729641,1937997,51.96,0.76
1967,2021-03-31,TOS,32705,13249,19456,20542,12163,ITI,ITI1,9,Toscana,Toscana,3729641,1970702,52.84,0.88
1968,2021-03-22,TOS,5251,2763,2488,4807,444,ITI,ITI1,9,Toscana,Toscana,3729641,1975953,52.98,0.14
1969,2021-05-23,TOS,28381,13646,14735,25819,2562,ITI,ITI1,9,Toscana,Toscana,3729641,2004334,53.74,0.76
1970,2021-02-10,TOS,4263,1281,2982,3740,523,ITI,ITI1,9,Toscana,Toscana,3729641,2008597,53.85,0.11
1971,2021-05-04,TOS,18313,8215,10098,12862,5451,ITI,ITI1,9,Toscana,Toscana,3729641,2026910,54.35,0.49
1972,2021-05-26,TOS,35580,17098,18482,20384,15196,ITI,ITI1,9,Toscana,Toscana,3729641,2062490,55.3,0.95
1973,2021-03-30,TOS,17019,7643,9376,13456,3563,ITI,ITI1,9,Toscana,Toscana,3729641,2079509,55.76,0.46
1974,2020-12-27,TOS,620,267,353,620,0,ITI,ITI1,9,Toscana,Toscana,3729641,2080129,55.77,0.02
1975,2021-01-03,TOS,3336,1052,2284,3336,0,ITI,ITI1,9,Toscana,Toscana,3729641,2083465,55.86,0.09
1976,2021-01-17,TOS,2535,870,1665,2021,514,ITI,ITI1,9,Toscana,Toscana,3729641,2086000,55.93,0.07
1977,2021-03-08,TOS,6707,2945,3762,1887,4820,ITI,ITI1,9,Toscana,Toscana,3729641,2092707,56.11,0.18
1978,2021-06-16,TOS,31717,16230,15487,26569,5148,ITI,ITI1,9,Toscana,Toscana,3729641,2124424,56.96,0.85
1979,2021-05-30,TOS,28673,13944,14729,21727,6946,ITI,ITI1,9,Toscana,Toscana,3729641,2153097,57.73,0.77
1980,2021-02-15,TOS,8771,3376,5395,7945,826,ITI,ITI1,9,Toscana,Toscana,3729641,2161868,57.96,0.24
1981,2021-02-22,TOS,9818,4253,5565,9541,277,ITI,ITI1,9,Toscana,Toscana,3729641,2171686,58.23,0.26
1982,2021-02-12,TOS,7618,2694,4924,7405,213,ITI,ITI1,9,Toscana,Toscana,3729641,2179304,58.43,0.2
1983,2021-01-26,TOS,5393,1792,3601,220,5173,ITI,ITI1,9,Toscana,Toscana,3729641,2184697,58.58,0.14
1984,2021-05-06,TOS,31322,13614,17708,14161,17161,ITI,ITI1,9,Toscana,Toscana,3729641,2216019,59.42,0.84
1985,2021-04-19,TOS,9096,4509,4587,8064,1032,ITI,ITI1,9,Toscana,Toscana,3729641,2225115,59.66,0.24
1986,2021-04-17,TOS,20532,9206,11326,18398,2134,ITI,ITI1,9,Toscana,Toscana,3729641,2245647,60.21,0.55
1987,2021-01-24,TOS,3349,1073,2276,201,3148,ITI,ITI1,9,Toscana,Toscana,3729641,2248996,60.3,0.09
1988,2021-04-01,TOS,27022,11209,15813,16393,10629,ITI,ITI1,9,Toscana,Toscana,3729641,2276018,61.03,0.72
1989,2021-03-15,TOS,8698,3645,5053,4255,4443,ITI,ITI1,9,Toscana,Toscana,3729641,2284716,61.26,0.23
1990,2021-06-23,TOS,31423,15209,16214,20118,11305,ITI,ITI1,9,Toscana,Toscana,3729641,2316139,62.1,0.84
1991,2021-01-10,TOS,3001,1104,1897,3001,0,ITI,ITI1,9,Toscana,Toscana,3729641,2319140,62.18,0.08
1992,2021-04-20,TOS,18160,8110,10050,12585,5575,ITI,ITI1,9,Toscana,Toscana,3729641,2337300,62.67,0.49
1993,2021-04-03,TOS,15014,6647,8367,13888,1126,ITI,ITI1,9,Toscana,Toscana,3729641,2352314,63.07,0.4
1994,2021-01-27,TOS,4835,1573,3262,206,4629,ITI,ITI1,9,Toscana,Toscana,3729641,2357149,63.2,0.13
1995,2021-03-17,TOS,11421,4587,6834,6892,4529,ITI,ITI1,9,Toscana,Toscana,3729641,2368570,63.51,0.31
1996,2021-06-25,TOS,33480,16709,16771,12361,21119,ITI,ITI1,9,Toscana,Toscana,3729641,2402050,64.4,0.9
1997,2021-06-08,TOS,32520,16659,15861,32078,442,ITI,ITI1,9,Toscana,Toscana,3729641,2434570,65.28,0.87
1998,2021-02-26,TOS,10080,3834,6246,8874,1206,ITI,ITI1,9,Toscana,Toscana,3729641,2444650,65.55,0.27
1999,2021-06-06,TOS,28294,13647,14647,22934,5360,ITI,ITI1,9,Toscana,Toscana,3729641,2472944,66.31,0.76
2000,2021-05-11,TOS,27950,12983,14967,12483,15467,ITI,ITI1,9,Toscana,Toscana,3729641,2500894,67.05,0.75
2001,2021-03-13,TOS,9288,3310,5978,5324,3964,ITI,ITI1,9,Toscana,Toscana,3729641,2510182,67.3,0.25
2002,2021-01-29,TOS,6144,1700,4444,304,5840,ITI,ITI1,9,Toscana,Toscana,3729641,2516326,67.47,0.16
2003,2021-05-09,TOS,22533,9768,12765,9672,12861,ITI,ITI1,9,Toscana,Toscana,3729641,2538859,68.07,0.6
2004,2021-01-07,TOS,6018,1751,4267,6018,0,ITI,ITI1,9,Toscana,Toscana,3729641,2544877,68.23,0.16
2005,2021-03-03,TOS,18228,6538,11690,14622,3606,ITI,ITI1,9,Toscana,Toscana,3729641,2563105,68.72,0.49
2006,2021-01-05,TOS,5249,1755,3494,5249,0,ITI,ITI1,9,Toscana,Toscana,3729641,2568354,68.86,0.14
2007,2021-01-19,TOS,1105,532,573,1105,0,ITI,ITI1,9,Toscana,Toscana,3729641,2569459,68.89,0.03
2008,2021-01-12,TOS,3581,1398,2183,3581,0,ITI,ITI1,9,Toscana,Toscana,3729641,2573040,68.99,0.1
2009,2021-05-08,TOS,29151,13113,16038,13679,15472,ITI,ITI1,9,Toscana,Toscana,3729641,2602191,69.77,0.78
2010,2021-03-12,TOS,16975,6613,10362,13447,3528,ITI,ITI1,9,Toscana,Toscana,3729641,2619166,70.23,0.46
2011,2021-01-14,TOS,3255,1179,2076,3255,0,ITI,ITI1,9,Toscana,Toscana,3729641,2622421,70.31,0.09
2012,2021-06-20,TOS,25144,12457,12687,15657,9487,ITI,ITI1,9,Toscana,Toscana,3729641,2647565,70.99,0.67
2013,2021-04-24,TOS,13434,6168,7266,5991,7443,ITI,ITI1,9,Toscana,Toscana,3729641,2660999,71.35,0.36
2014,2021-06-27,TOS,33296,16073,17223,6057,27239,ITI,ITI1,9,Toscana,Toscana,3729641,2694295,72.24,0.89
2015,2021-05-01,TOS,23316,10065,13251,14135,9181,ITI,ITI1,9,Toscana,Toscana,3729641,2717611,72.87,0.63
2016,2021-03-05,TOS,16878,6688,10190,12124,4754,ITI,ITI1,9,Toscana,Toscana,3729641,2734489,73.32,0.45
2017,2021-05-20,TOS,29732,13886,15846,18918,10814,ITI,ITI1,9,Toscana,Toscana,3729641,2764221,74.11,0.8
2018,2021-01-31,TOS,3050,1129,1921,106,2944,ITI,ITI1,9,Toscana,Toscana,3729641,2767271,74.2,0.08
2019,2021-04-05,TOS,15285,6826,8459,14548,737,ITI,ITI1,9,Toscana,Toscana,3729641,2782556,74.61,0.41
2020,2021-02-07,TOS,2806,952,1854,886,1920,ITI,ITI1,9,Toscana,Toscana,3729641,2785362,74.68,0.08
2021,2021-05-18,TOS,28833,14268,14565,20012,8821,ITI,ITI1,9,Toscana,Toscana,3729641,2814195,75.45,0.77
2022,2020-12-31,TOS,802,201,601,802,0,ITI,ITI1,9,Toscana,Toscana,3729641,2814997,75.48,0.02
2023,2021-04-10,TOS,11721,5348,6373,10978,743,ITI,ITI1,9,Toscana,Toscana,3729641,2826718,75.79,0.31
2024,2021-02-19,TOS,8293,2952,5341,7780,513,ITI,ITI1,9,Toscana,Toscana,3729641,2835011,76.01,0.22
2025,2021-06-13,TOS,24606,12345,12261,22942,1664,ITI,ITI1,9,Toscana,Toscana,3729641,2859617,76.67,0.66
2026,2021-01-01,TOS,2369,787,1582,2369,0,ITI,ITI1,9,Toscana,Toscana,3729641,2861986,76.74,0.06
2027,2021-04-11,TOS,3645,1680,1965,3490,155,ITI,ITI1,9,Toscana,Toscana,3729641,2865631,76.83,0.1
2028,2021-07-03,TOS,14773,7533,7240,6335,8438,ITI,ITI1,9,Toscana,Toscana,3729641,2880404,77.23,0.4
2029,2021-03-06,TOS,7110,2852,4258,2914,4196,ITI,ITI1,9,Toscana,Toscana,3729641,2887514,77.42,0.19
2030,2021-02-03,TOS,4221,1452,2769,241,3980,ITI,ITI1,9,Toscana,Toscana,3729641,2891735,77.53,0.11
2031,2021-01-15,TOS,3878,1347,2531,3878,0,ITI,ITI1,9,Toscana,Toscana,3729641,2895613,77.64,0.1
2032,2021-06-18,TOS,30737,16205,14532,25373,5364,ITI,ITI1,9,Toscana,Toscana,3729641,2926350,78.46,0.82
2033,2021-03-25,TOS,23893,10376,13517,15542,8351,ITI,ITI1,9,Toscana,Toscana,3729641,2950243,79.1,0.64
2034,2021-04-12,TOS,2612,1183,1429,1958,654,ITI,ITI1,9,Toscana,Toscana,3729641,2952855,79.17,0.07
2035,2021-05-13,TOS,35035,15449,19586,13839,21196,ITI,ITI1,9,Toscana,Toscana,3729641,2987890,80.11,0.94
2036,2021-04-29,TOS,39302,17703,21599,19223,20079,ITI,ITI1,9,Toscana,Toscana,3729641,3027192,81.17,1.05
2037,2021-03-24,TOS,20012,8301,11711,10556,9456,ITI,ITI1,9,Toscana,Toscana,3729641,3047204,81.7,0.54
2038,2021-02-21,TOS,5105,2089,3016,4935,170,ITI,ITI1,9,Toscana,Toscana,3729641,3052309,81.84,0.14
2039,2021-06-01,TOS,26908,13366,13542,23095,3813,ITI,ITI1,9,Toscana,Toscana,3729641,3079217,82.56,0.72
2040,2021-07-02,TOS,28151,14101,14050,11059,17092,ITI,ITI1,9,Toscana,Toscana,3729641,3107368,83.32,0.75
2041,2021-06-15,TOS,31177,16048,15129,26620,4557,ITI,ITI1,9,Toscana,Toscana,3729641,3138545,84.15,0.84
2042,2021-03-10,TOS,18372,7408,10964,14354,4018,ITI,ITI1,9,Toscana,Toscana,3729641,3156917,84.64,0.49
2043,2021-02-02,TOS,3743,1475,2268,196,3547,ITI,ITI1,9,Toscana,Toscana,3729641,3160660,84.74,0.1
2044,2021-01-06,CAL,932,503,429,932,0,ITF,ITF6,18,Calabria,Calabria,1947131,932,0.05,0.05
2045,2021-04-16,CAL,10216,4980,5236,8630,1586,ITF,ITF6,18,Calabria,Calabria,1947131,11148,0.57,0.52
2046,2021-02-18,CAL,1849,848,1001,1621,228,ITF,ITF6,18,Calabria,Calabria,1947131,12997,0.67,0.09
2047,2021-06-21,CAL,15051,6905,8146,7720,7331,ITF,ITF6,18,Calabria,Calabria,1947131,28048,1.44,0.77
2048,2021-01-04,CAL,1068,529,539,1068,0,ITF,ITF6,18,Calabria,Calabria,1947131,29116,1.5,0.05
2049,2021-04-23,CAL,13116,6439,6677,9524,3592,ITF,ITF6,18,Calabria,Calabria,1947131,42232,2.17,0.67
2050,2021-01-13,CAL,2047,1033,1014,2047,0,ITF,ITF6,18,Calabria,Calabria,1947131,44279,2.27,0.11
2051,2021-01-11,CAL,2167,1046,1121,2167,0,ITF,ITF6,18,Calabria,Calabria,1947131,46446,2.39,0.11
2052,2021-01-25,CAL,1077,516,561,148,929,ITF,ITF6,18,Calabria,Calabria,1947131,47523,2.44,0.06
2053,2021-05-05,CAL,13534,6473,7061,8482,5052,ITF,ITF6,18,Calabria,Calabria,1947131,61057,3.14,0.7
2054,2021-03-02,CAL,4365,2490,1875,3610,755,ITF,ITF6,18,Calabria,Calabria,1947131,65422,3.36,0.22
2055,2021-03-16,CAL,3855,1891,1964,2194,1661,ITF,ITF6,18,Calabria,Calabria,1947131,69277,3.56,0.2
2056,2021-06-14,CAL,13989,6337,7652,9354,4635,ITF,ITF6,18,Calabria,Calabria,1947131,83266,4.28,0.72
2057,2021-03-04,CAL,5483,3191,2292,4686,797,ITF,ITF6,18,Calabria,Calabria,1947131,88749,4.56,0.28
2058,2021-06-12,CAL,12888,6137,6751,10490,2398,ITF,ITF6,18,Calabria,Calabria,1947131,101637,5.22,0.66
2059,2021-02-25,CAL,2888,1555,1333,2292,596,ITF,ITF6,18,Calabria,Calabria,1947131,104525,5.37,0.15
2060,2021-07-01,CAL,12079,5700,6379,5249,6830,ITF,ITF6,18,Calabria,Calabria,1947131,116604,5.99,0.62
2061,2021-02-01,CAL,2515,1198,1317,244,2271,ITF,ITF6,18,Calabria,Calabria,1947131,119119,6.12,0.13
2062,2021-05-12,CAL,16409,8003,8406,10919,5490,ITF,ITF6,18,Calabria,Calabria,1947131,135528,6.96,0.84
2063,2021-05-26,CAL,18670,9280,9390,10401,8269,ITF,ITF6,18,Calabria,Calabria,1947131,154198,7.92,0.96
2064,2021-03-30,CAL,6380,2753,3627,3637,2743,ITF,ITF6,18,Calabria,Calabria,1947131,160578,8.25,0.33
2065,2021-03-09,CAL,6406,3308,3098,5425,981,ITF,ITF6,18,Calabria,Calabria,1947131,166984,8.58,0.33
2066,2021-02-20,CAL,1433,764,669,1114,319,ITF,ITF6,18,Calabria,Calabria,1947131,168417,8.65,0.07
2067,2021-05-31,CAL,15266,7326,7940,7385,7881,ITF,ITF6,18,Calabria,Calabria,1947131,183683,9.43,0.78
2068,2021-03-11,CAL,7236,3430,3806,5969,1267,ITF,ITF6,18,Calabria,Calabria,1947131,190919,9.81,0.37
2069,2021-04-18,CAL,5846,2794,3052,4933,913,ITF,ITF6,18,Calabria,Calabria,1947131,196765,10.11,0.3
2070,2021-04-04,CAL,1570,785,785,1149,421,ITF,ITF6,18,Calabria,Calabria,1947131,198335,10.19,0.08
2071,2021-06-26,CAL,15341,7074,8267,7414,7927,ITF,ITF6,18,Calabria,Calabria,1947131,213676,10.97,0.79
2072,2021-06-07,CAL,17009,7903,9106,13800,3209,ITF,ITF6,18,Calabria,Calabria,1947131,230685,11.85,0.87
2073,2021-04-30,CAL,14976,7345,7631,10616,4360,ITF,ITF6,18,Calabria,Calabria,1947131,245661,12.62,0.77
2074,2021-01-18,CAL,1290,583,707,1052,238,ITF,ITF6,18,Calabria,Calabria,1947131,246951,12.68,0.07
2075,2021-07-03,CAL,11683,5484,6199,3982,7701,ITF,ITF6,18,Calabria,Calabria,1947131,258634,13.28,0.6
2076,2021-04-11,CAL,4186,1902,2284,2243,1943,ITF,ITF6,18,Calabria,Calabria,1947131,262820,13.5,0.21
2077,2021-02-06,CAL,2911,1341,1570,444,2467,ITF,ITF6,18,Calabria,Calabria,1947131,265731,13.65,0.15
2078,2021-01-23,CAL,401,186,215,359,42,ITF,ITF6,18,Calabria,Calabria,1947131,266132,13.67,0.02
2079,2021-03-28,CAL,2691,1231,1460,1568,1123,ITF,ITF6,18,Calabria,Calabria,1947131,268823,13.81,0.14
2080,2021-01-30,CAL,2183,1150,1033,348,1835,ITF,ITF6,18,Calabria,Calabria,1947131,271006,13.92,0.11
2081,2021-06-23,CAL,16822,7676,9146,7894,8928,ITF,ITF6,18,Calabria,Calabria,1947131,287828,14.78,0.86
2082,2021-03-13,CAL,6941,3019,3922,5959,982,ITF,ITF6,18,Calabria,Calabria,1947131,294769,15.14,0.36
2083,2021-01-15,CAL,2802,1259,1543,2802,0,ITF,ITF6,18,Calabria,Calabria,1947131,297571,15.28,0.14
2084,2021-02-11,CAL,2339,1044,1295,1084,1255,ITF,ITF6,18,Calabria,Calabria,1947131,299910,15.4,0.12
2085,2021-05-23,CAL,11389,5552,5837,7039,4350,ITF,ITF6,18,Calabria,Calabria,1947131,311299,15.99,0.58
2086,2021-03-01,CAL,2728,1548,1180,2273,455,ITF,ITF6,18,Calabria,Calabria,1947131,314027,16.13,0.14
2087,2021-06-09,CAL,17491,8212,9279,15256,2235,ITF,ITF6,18,Calabria,Calabria,1947131,331518,17.03,0.9
2088,2021-05-19,CAL,18319,9072,9247,11353,6966,ITF,ITF6,18,Calabria,Calabria,1947131,349837,17.97,0.94
2089,2021-03-23,CAL,5245,2460,2785,3436,1809,ITF,ITF6,18,Calabria,Calabria,1947131,355082,18.24,0.27
2090,2021-02-15,CAL,1148,544,604,997,151,ITF,ITF6,18,Calabria,Calabria,1947131,356230,18.3,0.06
2091,2021-06-19,CAL,15578,7295,8283,8315,7263,ITF,ITF6,18,Calabria,Calabria,1947131,371808,19.1,0.8
2092,2021-05-14,CAL,19915,9567,10348,13052,6863,ITF,ITF6,18,Calabria,Calabria,1947131,391723,20.12,1.02
2093,2021-04-27,CAL,9953,4893,5060,8009,1944,ITF,ITF6,18,Calabria,Calabria,1947131,401676,20.63,0.51
2094,2021-02-03,CAL,2813,1450,1363,573,2240,ITF,ITF6,18,Calabria,Calabria,1947131,404489,20.77,0.14
2095,2021-03-06,CAL,8449,4352,4097,7654,795,ITF,ITF6,18,Calabria,Calabria,1947131,412938,21.21,0.43
2096,2021-05-09,CAL,9620,4483,5137,6085,3535,ITF,ITF6,18,Calabria,Calabria,1947131,422558,21.7,0.49
2097,2021-01-29,CAL,2057,992,1065,228,1829,ITF,ITF6,18,Calabria,Calabria,1947131,424615,21.81,0.11
2098,2021-05-24,CAL,17716,8841,8875,10018,7698,ITF,ITF6,18,Calabria,Calabria,1947131,442331,22.72,0.91
2099,2021-05-07,CAL,16113,7592,8521,9732,6381,ITF,ITF6,18,Calabria,Calabria,1947131,458444,23.54,0.83
2100,2021-02-13,CAL,1398,604,794,1033,365,ITF,ITF6,18,Calabria,Calabria,1947131,459842,23.62,0.07
2101,2021-06-11,CAL,17322,8509,8813,14736,2586,ITF,ITF6,18,Calabria,Calabria,1947131,477164,24.51,0.89
2102,2021-01-08,CAL,2167,1034,1133,2167,0,ITF,ITF6,18,Calabria,Calabria,1947131,479331,24.62,0.11
2103,2021-03-18,CAL,4419,2064,2355,2356,2063,ITF,ITF6,18,Calabria,Calabria,1947131,483750,24.84,0.23
2104,2021-02-27,CAL,4002,2060,1942,3620,382,ITF,ITF6,18,Calabria,Calabria,1947131,487752,25.05,0.21
2105,2021-04-13,CAL,6899,3380,3519,5587,1312,ITF,ITF6,18,Calabria,Calabria,1947131,494651,25.4,0.35
2106,2021-01-20,CAL,1403,627,776,1402,1,ITF,ITF6,18,Calabria,Calabria,1947131,496054,25.48,0.07
2107,2021-01-03,CAL,6,3,3,6,0,ITF,ITF6,18,Calabria,Calabria,1947131,496060,25.48,0.0
2108,2021-03-27,CAL,8774,3987,4787,4693,4081,ITF,ITF6,18,Calabria,Calabria,1947131,504834,25.93,0.45
2109,2021-02-17,CAL,1866,824,1042,1655,211,ITF,ITF6,18,Calabria,Calabria,1947131,506700,26.02,0.1
2110,2021-05-28,CAL,20985,10194,10791,11525,9460,ITF,ITF6,18,Calabria,Calabria,1947131,527685,27.1,1.08
2111,2021-04-15,CAL,7722,3785,3937,6006,1716,ITF,ITF6,18,Calabria,Calabria,1947131,535407,27.5,0.4
2112,2021-04-01,CAL,8672,3946,4726,4194,4478,ITF,ITF6,18,Calabria,Calabria,1947131,544079,27.94,0.45
2113,2021-04-08,CAL,9286,4381,4905,5769,3517,ITF,ITF6,18,Calabria,Calabria,1947131,553365,28.42,0.48
2114,2021-02-10,CAL,2512,1080,1432,883,1629,ITF,ITF6,18,Calabria,Calabria,1947131,555877,28.55,0.13
2115,2021-06-04,CAL,17323,8055,9268,12831,4492,ITF,ITF6,18,Calabria,Calabria,1947131,573200,29.44,0.89
2116,2021-04-25,CAL,15877,8054,7823,14845,1032,ITF,ITF6,18,Calabria,Calabria,1947131,589077,30.25,0.82
2117,2021-06-30,CAL,16036,7319,8717,6817,9219,ITF,ITF6,18,Calabria,Calabria,1947131,605113,31.08,0.82
2118,2021-06-28,CAL,12997,5959,7038,5186,7811,ITF,ITF6,18,Calabria,Calabria,1947131,618110,31.74,0.67
2119,2021-03-20,CAL,6712,3074,3638,4200,2512,ITF,ITF6,18,Calabria,Calabria,1947131,624822,32.09,0.34
2120,2021-03-15,CAL,3582,1711,1871,2135,1447,ITF,ITF6,18,Calabria,Calabria,1947131,628404,32.27,0.18
2121,2020-12-27,CAL,312,170,142,312,0,ITF,ITF6,18,Calabria,Calabria,1947131,628716,32.29,0.02
2122,2021-04-06,CAL,8068,3658,4410,4438,3630,ITF,ITF6,18,Calabria,Calabria,1947131,636784,32.7,0.41
2123,2021-02-08,CAL,1856,737,1119,663,1193,ITF,ITF6,18,Calabria,Calabria,1947131,638640,32.8,0.1
2124,2021-04-24,CAL,19283,9598,9685,15809,3474,ITF,ITF6,18,Calabria,Calabria,1947131,657923,33.79,0.99
2125,2021-02-26,CAL,3079,1641,1438,2626,453,ITF,ITF6,18,Calabria,Calabria,1947131,661002,33.95,0.16
2126,2021-06-20,CAL,6498,3076,3422,3689,2809,ITF,ITF6,18,Calabria,Calabria,1947131,667500,34.28,0.33
2127,2021-06-06,CAL,13383,6438,6945,11687,1696,ITF,ITF6,18,Calabria,Calabria,1947131,680883,34.97,0.69
2128,2021-01-07,CAL,2197,1072,1125,2197,0,ITF,ITF6,18,Calabria,Calabria,1947131,683080,35.08,0.11
2129,2021-06-13,CAL,6595,3244,3351,5564,1031,ITF,ITF6,18,Calabria,Calabria,1947131,689675,35.42,0.34
2130,2021-04-17,CAL,10822,5073,5749,9045,1777,ITF,ITF6,18,Calabria,Calabria,1947131,700497,35.98,0.56
2131,2021-05-01,CAL,16661,7942,8719,12461,4200,ITF,ITF6,18,Calabria,Calabria,1947131,717158,36.83,0.86
2132,2021-03-05,CAL,6236,3619,2617,5662,574,ITF,ITF6,18,Calabria,Calabria,1947131,723394,37.15,0.32
2133,2021-02-22,CAL,2053,1042,1011,1495,558,ITF,ITF6,18,Calabria,Calabria,1947131,725447,37.26,0.11
2134,2021-06-02,CAL,12083,5797,6286,8817,3266,ITF,ITF6,18,Calabria,Calabria,1947131,737530,37.88,0.62
2135,2021-05-16,CAL,13781,6726,7055,9972,3809,ITF,ITF6,18,Calabria,Calabria,1947131,751311,38.59,0.71
2136,2021-01-17,CAL,897,431,466,802,95,ITF,ITF6,18,Calabria,Calabria,1947131,752208,38.63,0.05
2137,2021-03-24,CAL,7810,3572,4238,4534,3276,ITF,ITF6,18,Calabria,Calabria,1947131,760018,39.03,0.4
2138,2021-04-10,CAL,11620,5260,6360,6766,4854,ITF,ITF6,18,Calabria,Calabria,1947131,771638,39.63,0.6
2139,2021-03-08,CAL,5431,2914,2517,4365,1066,ITF,ITF6,18,Calabria,Calabria,1947131,777069,39.91,0.28
2140,2021-03-25,CAL,7435,3493,3942,4576,2859,ITF,ITF6,18,Calabria,Calabria,1947131,784504,40.29,0.38
2141,2021-06-16,CAL,17906,8255,9651,11805,6101,ITF,ITF6,18,Calabria,Calabria,1947131,802410,41.21,0.92
2142,2021-06-18,CAL,18438,8571,9867,10953,7485,ITF,ITF6,18,Calabria,Calabria,1947131,820848,42.16,0.95
2143,2021-01-27,CAL,1467,739,728,396,1071,ITF,ITF6,18,Calabria,Calabria,1947131,822315,42.23,0.08
2144,2021-02-14,CAL,468,214,254,438,30,ITF,ITF6,18,Calabria,Calabria,1947131,822783,42.26,0.02
2145,2021-05-25,CAL,16367,8000,8367,10289,6078,ITF,ITF6,18,Calabria,Calabria,1947131,839150,43.1,0.84
2146,2021-01-26,CAL,1835,873,962,277,1558,ITF,ITF6,18,Calabria,Calabria,1947131,840985,43.19,0.09
2147,2021-05-04,CAL,16427,7572,8855,11727,4700,ITF,ITF6,18,Calabria,Calabria,1947131,857412,44.03,0.84
2148,2021-01-22,CAL,659,275,384,657,2,ITF,ITF6,18,Calabria,Calabria,1947131,858071,44.07,0.03
2149,2021-05-02,CAL,12513,5841,6672,10667,1846,ITF,ITF6,18,Calabria,Calabria,1947131,870584,44.71,0.64
2150,2021-03-29,CAL,5741,2469,3272,3981,1760,ITF,ITF6,18,Calabria,Calabria,1947131,876325,45.01,0.29
2151,2021-01-31,CAL,1113,556,557,154,959,ITF,ITF6,18,Calabria,Calabria,1947131,877438,45.06,0.06
2152,2021-05-11,CAL,15057,7283,7774,10285,4772,ITF,ITF6,18,Calabria,Calabria,1947131,892495,45.84,0.77
2153,2021-01-24,CAL,46,19,27,39,7,ITF,ITF6,18,Calabria,Calabria,1947131,892541,45.84,0.0
2154,2020-12-28,CAL,6,2,4,6,0,ITF,ITF6,18,Calabria,Calabria,1947131,892547,45.84,0.0
2155,2021-06-03,CAL,14154,6624,7530,9580,4574,ITF,ITF6,18,Calabria,Calabria,1947131,906701,46.57,0.73
2156,2021-04-07,CAL,7082,3210,3872,4078,3004,ITF,ITF6,18,Calabria,Calabria,1947131,913783,46.93,0.36
2157,2021-02-23,CAL,1593,754,839,1478,115,ITF,ITF6,18,Calabria,Calabria,1947131,915376,47.01,0.08
2158,2021-03-31,CAL,9086,4136,4950,5047,4039,ITF,ITF6,18,Calabria,Calabria,1947131,924462,47.48,0.47
2159,2021-04-09,CAL,7941,3723,4218,5053,2888,ITF,ITF6,18,Calabria,Calabria,1947131,932403,47.89,0.41
2160,2021-06-05,CAL,20354,9534,10820,17385,2969,ITF,ITF6,18,Calabria,Calabria,1947131,952757,48.93,1.05
2161,2021-03-10,CAL,6732,3420,3312,5399,1333,ITF,ITF6,18,Calabria,Calabria,1947131,959489,49.28,0.35
2162,2021-06-01,CAL,12850,5959,6891,7934,4916,ITF,ITF6,18,Calabria,Calabria,1947131,972339,49.94,0.66
2163,2021-05-13,CAL,15928,7660,8268,11221,4707,ITF,ITF6,18,Calabria,Calabria,1947131,988267,50.76,0.82
2164,2021-02-19,CAL,1509,682,827,1248,261,ITF,ITF6,18,Calabria,Calabria,1947131,989776,50.83,0.08
2165,2021-05-30,CAL,10955,5263,5692,6801,4154,ITF,ITF6,18,Calabria,Calabria,1947131,1000731,51.4,0.56
2166,2021-05-21,CAL,21331,10861,10470,13973,7358,ITF,ITF6,18,Calabria,Calabria,1947131,1022062,52.49,1.1
2167,2021-01-05,CAL,1517,708,809,1517,0,ITF,ITF6,18,Calabria,Calabria,1947131,1023579,52.57,0.08
2168,2021-01-12,CAL,2074,1025,1049,2074,0,ITF,ITF6,18,Calabria,Calabria,1947131,1025653,52.68,0.11
2169,2021-02-24,CAL,1914,975,939,1436,478,ITF,ITF6,18,Calabria,Calabria,1947131,1027567,52.77,0.1
2170,2021-04-22,CAL,9745,4864,4881,6857,2888,ITF,ITF6,18,Calabria,Calabria,1947131,1037312,53.27,0.5
2171,2021-05-06,CAL,13259,6278,6981,8991,4268,ITF,ITF6,18,Calabria,Calabria,1947131,1050571,53.95,0.68
2172,2021-04-05,CAL,3643,1728,1915,2684,959,ITF,ITF6,18,Calabria,Calabria,1947131,1054214,54.14,0.19
2173,2021-06-08,CAL,15878,7492,8386,13856,2022,ITF,ITF6,18,Calabria,Calabria,1947131,1070092,54.96,0.82
2174,2021-03-17,CAL,4102,1826,2276,2186,1916,ITF,ITF6,18,Calabria,Calabria,1947131,1074194,55.17,0.21
2175,2021-06-25,CAL,18504,8583,9921,7882,10622,ITF,ITF6,18,Calabria,Calabria,1947131,1092698,56.12,0.95
2176,2021-03-03,CAL,5053,2759,2294,3973,1080,ITF,ITF6,18,Calabria,Calabria,1947131,1097751,56.38,0.26
2177,2021-06-29,CAL,12734,5846,6888,5113,7621,ITF,ITF6,18,Calabria,Calabria,1947131,1110485,57.03,0.65
2178,2021-05-03,CAL,14764,6768,7996,10548,4216,ITF,ITF6,18,Calabria,Calabria,1947131,1125249,57.79,0.76
2179,2021-05-17,CAL,14893,7443,7450,10178,4715,ITF,ITF6,18,Calabria,Calabria,1947131,1140142,58.55,0.76
2180,2021-02-21,CAL,622,295,327,545,77,ITF,ITF6,18,Calabria,Calabria,1947131,1140764,58.59,0.03
2181,2021-04-28,CAL,12526,6061,6465,9664,2862,ITF,ITF6,18,Calabria,Calabria,1947131,1153290,59.23,0.64
2182,2021-02-04,CAL,3593,1708,1885,653,2940,ITF,ITF6,18,Calabria,Calabria,1947131,1156883,59.41,0.18
2183,2021-05-15,CAL,27238,13027,14211,20386,6852,ITF,ITF6,18,Calabria,Calabria,1947131,1184121,60.81,1.4
2184,2021-02-02,CAL,2350,1151,1199,177,2173,ITF,ITF6,18,Calabria,Calabria,1947131,1186471,60.93,0.12
2185,2021-01-16,CAL,2400,1124,1276,2400,0,ITF,ITF6,18,Calabria,Calabria,1947131,1188871,61.06,0.12
2186,2021-02-05,CAL,3808,1717,2091,488,3320,ITF,ITF6,18,Calabria,Calabria,1947131,1192679,61.25,0.2
2187,2021-04-29,CAL,12448,6047,6401,8701,3747,ITF,ITF6,18,Calabria,Calabria,1947131,1205127,61.89,0.64
2188,2021-04-12,CAL,7037,3421,3616,5395,1642,ITF,ITF6,18,Calabria,Calabria,1947131,1212164,62.25,0.36
2189,2021-01-19,CAL,1116,491,625,1105,11,ITF,ITF6,18,Calabria,Calabria,1947131,1213280,62.31,0.06
2190,2021-06-17,CAL,15440,7039,8401,9320,6120,ITF,ITF6,18,Calabria,Calabria,1947131,1228720,63.1,0.79
2191,2021-03-26,CAL,8079,3835,4244,4960,3119,ITF,ITF6,18,Calabria,Calabria,1947131,1236799,63.52,0.41
2192,2021-01-02,CAL,166,94,72,166,0,ITF,ITF6,18,Calabria,Calabria,1947131,1236965,63.53,0.01
2193,2021-07-02,CAL,15956,7382,8574,6070,9886,ITF,ITF6,18,Calabria,Calabria,1947131,1252921,64.35,0.82
2194,2021-05-20,CAL,16905,8438,8467,11298,5607,ITF,ITF6,18,Calabria,Calabria,1947131,1269826,65.22,0.87
2195,2021-02-07,CAL,860,429,431,148,712,ITF,ITF6,18,Calabria,Calabria,1947131,1270686,65.26,0.04
2196,2021-05-18,CAL,15279,7638,7641,11864,3415,ITF,ITF6,18,Calabria,Calabria,1947131,1285965,66.04,0.78
2197,2021-03-22,CAL,4943,2319,2624,3184,1759,ITF,ITF6,18,Calabria,Calabria,1947131,1290908,66.3,0.25
2198,2021-03-12,CAL,5160,2475,2685,4098,1062,ITF,ITF6,18,Calabria,Calabria,1947131,1296068,66.56,0.27
2199,2021-01-14,CAL,2641,1252,1389,2641,0,ITF,ITF6,18,Calabria,Calabria,1947131,1298709,66.7,0.14
2200,2021-01-21,CAL,965,449,516,934,31,ITF,ITF6,18,Calabria,Calabria,1947131,1299674,66.75,0.05
2201,2021-03-21,CAL,4455,1923,2532,2736,1719,ITF,ITF6,18,Calabria,Calabria,1947131,1304129,66.98,0.23
2202,2021-03-07,CAL,3392,1731,1661,3300,92,ITF,ITF6,18,Calabria,Calabria,1947131,1307521,67.15,0.17
2203,2021-06-15,CAL,9584,4434,5150,6260,3324,ITF,ITF6,18,Calabria,Calabria,1947131,1317105,67.64,0.49
2204,2021-03-14,CAL,2709,1053,1656,2284,425,ITF,ITF6,18,Calabria,Calabria,1947131,1319814,67.78,0.14
2205,2021-06-22,CAL,14223,6705,7518,7140,7083,ITF,ITF6,18,Calabria,Calabria,1947131,1334037,68.51,0.73
2206,2021-05-10,CAL,13121,6087,7034,7723,5398,ITF,ITF6,18,Calabria,Calabria,1947131,1347158,69.19,0.67
2207,2021-04-26,CAL,10188,5060,5128,7770,2418,ITF,ITF6,18,Calabria,Calabria,1947131,1357346,69.71,0.52
2208,2021-02-09,CAL,2158,912,1246,956,1202,ITF,ITF6,18,Calabria,Calabria,1947131,1359504,69.82,0.11
2209,2021-05-29,CAL,19253,8942,10311,9403,9850,ITF,ITF6,18,Calabria,Calabria,1947131,1378757,70.81,0.99
2210,2021-04-14,CAL,8060,3891,4169,6615,1445,ITF,ITF6,18,Calabria,Calabria,1947131,1386817,71.22,0.41
2211,2021-02-16,CAL,1739,735,1004,1460,279,ITF,ITF6,18,Calabria,Calabria,1947131,1388556,71.31,0.09
2212,2021-05-27,CAL,17609,8689,8920,9832,7777,ITF,ITF6,18,Calabria,Calabria,1947131,1406165,72.22,0.9
2213,2021-04-19,CAL,7869,3798,4071,6194,1675,ITF,ITF6,18,Calabria,Calabria,1947131,1414034,72.62,0.4
2214,2021-01-09,CAL,1944,1048,896,1944,0,ITF,ITF6,18,Calabria,Calabria,1947131,1415978,72.72,0.1
2215,2021-02-28,CAL,2333,1058,1275,2180,153,ITF,ITF6,18,Calabria,Calabria,1947131,1418311,72.84,0.12
2216,2021-01-10,CAL,934,527,407,934,0,ITF,ITF6,18,Calabria,Calabria,1947131,1419245,72.89,0.05
2217,2021-04-20,CAL,7845,3956,3889,6120,1725,ITF,ITF6,18,Calabria,Calabria,1947131,1427090,73.29,0.4
2218,2021-02-12,CAL,1710,668,1042,947,763,ITF,ITF6,18,Calabria,Calabria,1947131,1428800,73.38,0.09
2219,2021-06-27,CAL,8229,3848,4381,4832,3397,ITF,ITF6,18,Calabria,Calabria,1947131,1437029,73.8,0.42
2220,2021-04-03,CAL,9360,4051,5309,4553,4807,ITF,ITF6,18,Calabria,Calabria,1947131,1446389,74.28,0.48
2221,2021-01-28,CAL,2255,1121,1134,83,2172,ITF,ITF6,18,Calabria,Calabria,1947131,1448644,74.4,0.12
2222,2021-05-08,CAL,18438,8386,10052,10612,7826,ITF,ITF6,18,Calabria,Calabria,1947131,1467082,75.35,0.95
2223,2021-05-22,CAL,22174,10553,11621,14323,7851,ITF,ITF6,18,Calabria,Calabria,1947131,1489256,76.48,1.14
2224,2021-04-21,CAL,11543,5799,5744,8650,2893,ITF,ITF6,18,Calabria,Calabria,1947131,1500799,77.08,0.59
2225,2021-04-02,CAL,8525,3902,4623,4608,3917,ITF,ITF6,18,Calabria,Calabria,1947131,1509324,77.52,0.44
2226,2021-06-24,CAL,14944,6788,8156,6668,8276,ITF,ITF6,18,Calabria,Calabria,1947131,1524268,78.28,0.77
2227,2021-03-19,CAL,4185,1953,2232,1894,2291,ITF,ITF6,18,Calabria,Calabria,1947131,1528453,78.5,0.21
2228,2021-06-10,CAL,15318,7042,8276,12552,2766,ITF,ITF6,18,Calabria,Calabria,1947131,1543771,79.28,0.79
2229,2021-02-16,LIG,2426,956,1470,2004,422,ITC,ITC3,7,Liguria,Liguria,1550640,2426,0.16,0.16
2230,2021-05-27,LIG,16868,8648,8220,12723,4145,ITC,ITC3,7,Liguria,Liguria,1550640,19294,1.24,1.09
2231,2021-04-14,LIG,13068,5667,7401,10866,2202,ITC,ITC3,7,Liguria,Liguria,1550640,32362,2.09,0.84
2232,2021-05-29,LIG,6863,3251,3612,3993,2870,ITC,ITC3,7,Liguria,Liguria,1550640,39225,2.53,0.44
2233,2021-02-09,LIG,1941,690,1251,257,1684,ITC,ITC3,7,Liguria,Liguria,1550640,41166,2.65,0.13
2234,2021-02-11,LIG,1979,767,1212,1103,876,ITC,ITC3,7,Liguria,Liguria,1550640,43145,2.78,0.13
2235,2021-05-22,LIG,6648,3219,3429,4965,1683,ITC,ITC3,7,Liguria,Liguria,1550640,49793,3.21,0.43
2236,2021-06-10,LIG,18165,9369,8796,12542,5623,ITC,ITC3,7,Liguria,Liguria,1550640,67958,4.38,1.17
2237,2021-03-19,LIG,5296,2234,3062,2150,3146,ITC,ITC3,7,Liguria,Liguria,1550640,73254,4.72,0.34
2238,2021-03-02,LIG,4074,1689,2385,3764,310,ITC,ITC3,7,Liguria,Liguria,1550640,77328,4.99,0.26
2239,2021-06-24,LIG,10843,5284,5559,6126,4717,ITC,ITC3,7,Liguria,Liguria,1550640,88171,5.69,0.7
2240,2021-04-02,LIG,11788,5219,6569,9301,2487,ITC,ITC3,7,Liguria,Liguria,1550640,99959,6.45,0.76
2241,2021-04-21,LIG,14247,6433,7814,8920,5327,ITC,ITC3,7,Liguria,Liguria,1550640,114206,7.37,0.92
2242,2021-06-05,LIG,8088,4115,3973,4936,3152,ITC,ITC3,7,Liguria,Liguria,1550640,122294,7.89,0.52
2243,2021-04-09,LIG,12450,5557,6893,10684,1766,ITC,ITC3,7,Liguria,Liguria,1550640,134744,8.69,0.8
2244,2021-03-31,LIG,11923,5273,6650,9153,2770,ITC,ITC3,7,Liguria,Liguria,1550640,146667,9.46,0.77
2245,2020-12-28,LIG,80,30,50,80,0,ITC,ITC3,7,Liguria,Liguria,1550640,146747,9.46,0.01
2246,2021-06-03,LIG,15518,7688,7830,9157,6361,ITC,ITC3,7,Liguria,Liguria,1550640,162265,10.46,1.0
2247,2021-04-07,LIG,13677,6107,7570,11389,2288,ITC,ITC3,7,Liguria,Liguria,1550640,175942,11.35,0.88
2248,2021-01-28,LIG,2847,971,1876,39,2808,ITC,ITC3,7,Liguria,Liguria,1550640,178789,11.53,0.18
2249,2021-01-21,LIG,1106,385,721,675,431,ITC,ITC3,7,Liguria,Liguria,1550640,179895,11.6,0.07
2250,2021-03-26,LIG,9330,4025,5305,6175,3155,ITC,ITC3,7,Liguria,Liguria,1550640,189225,12.2,0.6
2251,2021-01-02,LIG,691,245,446,691,0,ITC,ITC3,7,Liguria,Liguria,1550640,189916,12.25,0.04
2252,2021-06-15,LIG,17072,8294,8778,9013,8059,ITC,ITC3,7,Liguria,Liguria,1550640,206988,13.35,1.1
2253,2021-03-07,LIG,1915,1138,777,1614,301,ITC,ITC3,7,Liguria,Liguria,1550640,208903,13.47,0.12
2254,2021-02-28,LIG,1058,580,478,1049,9,ITC,ITC3,7,Liguria,Liguria,1550640,209961,13.54,0.07
2255,2021-04-26,LIG,10555,4981,5574,7918,2637,ITC,ITC3,7,Liguria,Liguria,1550640,220516,14.22,0.68
2256,2021-01-16,LIG,1278,557,721,1278,0,ITC,ITC3,7,Liguria,Liguria,1550640,221794,14.3,0.08
2257,2021-02-02,LIG,2671,1005,1666,129,2542,ITC,ITC3,7,Liguria,Liguria,1550640,224465,14.48,0.17
2258,2021-04-28,LIG,14444,6520,7924,6460,7984,ITC,ITC3,7,Liguria,Liguria,1550640,238909,15.41,0.93
2259,2021-02-04,LIG,2817,986,1831,179,2638,ITC,ITC3,7,Liguria,Liguria,1550640,241726,15.59,0.18
2260,2021-05-15,LIG,7306,3264,4042,4352,2954,ITC,ITC3,7,Liguria,Liguria,1550640,249032,16.06,0.47
2261,2021-02-21,LIG,869,491,378,865,4,ITC,ITC3,7,Liguria,Liguria,1550640,249901,16.12,0.06
2262,2021-03-14,LIG,1659,752,907,1055,604,ITC,ITC3,7,Liguria,Liguria,1550640,251560,16.22,0.11
2263,2021-06-22,LIG,15580,7356,8224,7488,8092,ITC,ITC3,7,Liguria,Liguria,1550640,267140,17.23,1.0
2264,2021-05-10,LIG,12644,5639,7005,6273,6371,ITC,ITC3,7,Liguria,Liguria,1550640,279784,18.04,0.82
2265,2021-05-03,LIG,13279,5922,7357,6464,6815,ITC,ITC3,7,Liguria,Liguria,1550640,293063,18.9,0.86
2266,2021-03-21,LIG,550,220,330,69,481,ITC,ITC3,7,Liguria,Liguria,1550640,293613,18.93,0.04
2267,2021-01-23,LIG,809,295,514,153,656,ITC,ITC3,7,Liguria,Liguria,1550640,294422,18.99,0.05
2268,2021-06-29,LIG,14822,7019,7803,8559,6263,ITC,ITC3,7,Liguria,Liguria,1550640,309244,19.94,0.96
2269,2021-05-17,LIG,12023,5519,6504,8701,3322,ITC,ITC3,7,Liguria,Liguria,1550640,321267,20.72,0.78
2270,2021-04-23,LIG,14671,6637,8034,8551,6120,ITC,ITC3,7,Liguria,Liguria,1550640,335938,21.66,0.95
2271,2021-03-11,LIG,6397,3088,3309,4387,2010,ITC,ITC3,7,Liguria,Liguria,1550640,342335,22.08,0.41
2272,2021-01-13,LIG,2757,1013,1744,2757,0,ITC,ITC3,7,Liguria,Liguria,1550640,345092,22.25,0.18
2273,2021-01-04,LIG,2615,855,1760,2615,0,ITC,ITC3,7,Liguria,Liguria,1550640,347707,22.42,0.17
2274,2021-06-21,LIG,14454,6846,7608,8234,6220,ITC,ITC3,7,Liguria,Liguria,1550640,362161,23.36,0.93
2275,2021-05-08,LIG,7526,3333,4193,2314,5212,ITC,ITC3,7,Liguria,Liguria,1550640,369687,23.84,0.49
2276,2021-01-25,LIG,2725,889,1836,476,2249,ITC,ITC3,7,Liguria,Liguria,1550640,372412,24.02,0.18
2277,2021-05-05,LIG,13709,6133,7576,5291,8418,ITC,ITC3,7,Liguria,Liguria,1550640,386121,24.9,0.88
2278,2021-03-16,LIG,6083,2731,3352,2350,3733,ITC,ITC3,7,Liguria,Liguria,1550640,392204,25.29,0.39
2279,2021-01-14,LIG,2981,1055,1926,2981,0,ITC,ITC3,7,Liguria,Liguria,1550640,395185,25.49,0.19
2280,2021-03-12,LIG,6216,2873,3343,3745,2471,ITC,ITC3,7,Liguria,Liguria,1550640,401401,25.89,0.4
2281,2021-07-01,LIG,13117,6302,6815,7171,5946,ITC,ITC3,7,Liguria,Liguria,1550640,414518,26.73,0.85
2282,2021-05-19,LIG,13571,5962,7609,10451,3120,ITC,ITC3,7,Liguria,Liguria,1550640,428089,27.61,0.88
2283,2021-03-23,LIG,9271,4220,5051,6062,3209,ITC,ITC3,7,Liguria,Liguria,1550640,437360,28.21,0.6
2284,2021-06-17,LIG,16273,7718,8555,8769,7504,ITC,ITC3,7,Liguria,Liguria,1550640,453633,29.25,1.05
2285,2021-06-02,LIG,8530,4342,4188,5363,3167,ITC,ITC3,7,Liguria,Liguria,1550640,462163,29.8,0.55
2286,2021-06-19,LIG,7155,3648,3507,5505,1650,ITC,ITC3,7,Liguria,Liguria,1550640,469318,30.27,0.46
2287,2021-02-23,LIG,3806,1559,2247,3697,109,ITC,ITC3,7,Liguria,Liguria,1550640,473124,30.51,0.25
2288,2021-06-14,LIG,14660,7103,7557,7815,6845,ITC,ITC3,7,Liguria,Liguria,1550640,487784,31.46,0.95
2289,2021-02-25,LIG,3457,1349,2108,3327,130,ITC,ITC3,7,Liguria,Liguria,1550640,491241,31.68,0.22
2290,2021-01-09,LIG,1335,481,854,1335,0,ITC,ITC3,7,Liguria,Liguria,1550640,492576,31.77,0.09
2291,2021-04-19,LIG,12829,5615,7214,8999,3830,ITC,ITC3,7,Liguria,Liguria,1550640,505405,32.59,0.83
2292,2021-05-24,LIG,11829,5563,6266,9344,2485,ITC,ITC3,7,Liguria,Liguria,1550640,517234,33.36,0.76
2293,2021-05-07,LIG,13589,6037,7552,5797,7792,ITC,ITC3,7,Liguria,Liguria,1550640,530823,34.23,0.88
2294,2021-02-13,LIG,1080,508,572,800,280,ITC,ITC3,7,Liguria,Liguria,1550640,531903,34.3,0.07
2295,2021-06-07,LIG,15683,7655,8028,8671,7012,ITC,ITC3,7,Liguria,Liguria,1550640,547586,35.31,1.01
2296,2020-12-30,LIG,12,5,7,12,0,ITC,ITC3,7,Liguria,Liguria,1550640,547598,35.31,0.0
2297,2021-07-03,LIG,6935,3416,3519,4227,2708,ITC,ITC3,7,Liguria,Liguria,1550640,554533,35.76,0.45
2298,2021-04-11,LIG,4246,1929,2317,3997,249,ITC,ITC3,7,Liguria,Liguria,1550640,558779,36.04,0.27
2299,2021-01-18,LIG,2141,746,1395,1984,157,ITC,ITC3,7,Liguria,Liguria,1550640,560920,36.17,0.14
2300,2021-01-30,LIG,1661,567,1094,24,1637,ITC,ITC3,7,Liguria,Liguria,1550640,562581,36.28,0.11
2301,2021-03-28,LIG,1141,511,630,390,751,ITC,ITC3,7,Liguria,Liguria,1550640,563722,36.35,0.07
2302,2021-04-16,LIG,11988,5286,6702,10160,1828,ITC,ITC3,7,Liguria,Liguria,1550640,575710,37.13,0.77
2303,2021-01-06,LIG,1660,616,1044,1660,0,ITC,ITC3,7,Liguria,Liguria,1550640,577370,37.23,0.11
2304,2021-06-28,LIG,11323,5450,5873,7138,4185,ITC,ITC3,7,Liguria,Liguria,1550640,588693,37.96,0.73
2305,2021-03-20,LIG,2316,995,1321,1142,1174,ITC,ITC3,7,Liguria,Liguria,1550640,591009,38.11,0.15
2306,2021-02-01,LIG,2558,922,1636,90,2468,ITC,ITC3,7,Liguria,Liguria,1550640,593567,38.28,0.16
2307,2021-05-12,LIG,12030,5448,6582,6682,5348,ITC,ITC3,7,Liguria,Liguria,1550640,605597,39.05,0.78
2308,2021-05-26,LIG,16653,8408,8245,12280,4373,ITC,ITC3,7,Liguria,Liguria,1550640,622250,40.13,1.07
2309,2021-03-30,LIG,12211,5426,6785,8823,3388,ITC,ITC3,7,Liguria,Liguria,1550640,634461,40.92,0.79
2310,2021-04-06,LIG,13246,5902,7344,10985,2261,ITC,ITC3,7,Liguria,Liguria,1550640,647707,41.77,0.85
2311,2021-02-08,LIG,1977,741,1236,306,1671,ITC,ITC3,7,Liguria,Liguria,1550640,649684,41.9,0.13
2312,2020-12-27,LIG,135,56,79,135,0,ITC,ITC3,7,Liguria,Liguria,1550640,649819,41.91,0.01
2313,2021-02-15,LIG,2262,839,1423,1865,397,ITC,ITC3,7,Liguria,Liguria,1550640,652081,42.05,0.15
2314,2021-01-03,LIG,734,230,504,734,0,ITC,ITC3,7,Liguria,Liguria,1550640,652815,42.1,0.05
2315,2021-02-18,LIG,2768,1126,1642,2434,334,ITC,ITC3,7,Liguria,Liguria,1550640,655583,42.28,0.18
2316,2021-05-14,LIG,13107,5838,7269,8780,4327,ITC,ITC3,7,Liguria,Liguria,1550640,668690,43.12,0.85
2317,2021-05-31,LIG,14639,7328,7311,9125,5514,ITC,ITC3,7,Liguria,Liguria,1550640,683329,44.07,0.94
2318,2021-03-09,LIG,5930,2753,3177,4499,1431,ITC,ITC3,7,Liguria,Liguria,1550640,689259,44.45,0.38
2319,2021-02-20,LIG,1335,637,698,1334,1,ITC,ITC3,7,Liguria,Liguria,1550640,690594,44.54,0.09
2320,2021-05-16,LIG,3705,1862,1843,2145,1560,ITC,ITC3,7,Liguria,Liguria,1550640,694299,44.77,0.24
2321,2021-02-22,LIG,3343,1476,1867,3201,142,ITC,ITC3,7,Liguria,Liguria,1550640,697642,44.99,0.22
2322,2021-06-16,LIG,15721,7561,8160,8727,6994,ITC,ITC3,7,Liguria,Liguria,1550640,713363,46.0,1.01
2323,2021-03-08,LIG,5623,2458,3165,3934,1689,ITC,ITC3,7,Liguria,Liguria,1550640,718986,46.37,0.36
2324,2021-03-25,LIG,9766,4231,5535,6374,3392,ITC,ITC3,7,Liguria,Liguria,1550640,728752,47.0,0.63
2325,2021-01-01,LIG,144,55,89,144,0,ITC,ITC3,7,Liguria,Liguria,1550640,728896,47.01,0.01
2326,2021-06-26,LIG,7057,3286,3771,4446,2611,ITC,ITC3,7,Liguria,Liguria,1550640,735953,47.46,0.46
2327,2021-04-04,LIG,756,366,390,507,249,ITC,ITC3,7,Liguria,Liguria,1550640,736709,47.51,0.05
2328,2021-04-18,LIG,2613,1164,1449,2145,468,ITC,ITC3,7,Liguria,Liguria,1550640,739322,47.68,0.17
2329,2021-01-08,LIG,2927,999,1928,2927,0,ITC,ITC3,7,Liguria,Liguria,1550640,742249,47.87,0.19
2330,2021-01-27,LIG,1744,603,1141,141,1603,ITC,ITC3,7,Liguria,Liguria,1550640,743993,47.98,0.11
2331,2021-03-04,LIG,4738,2118,2620,3891,847,ITC,ITC3,7,Liguria,Liguria,1550640,748731,48.29,0.31
2332,2021-06-12,LIG,10114,4909,5205,7362,2752,ITC,ITC3,7,Liguria,Liguria,1550640,758845,48.94,0.65
2333,2021-04-30,LIG,14416,6439,7977,5848,8568,ITC,ITC3,7,Liguria,Liguria,1550640,773261,49.87,0.93
2334,2021-03-06,LIG,3304,1842,1462,2599,705,ITC,ITC3,7,Liguria,Liguria,1550640,776565,50.08,0.21
2335,2021-01-22,LIG,1819,604,1215,1333,486,ITC,ITC3,7,Liguria,Liguria,1550640,778384,50.2,0.12
2336,2021-05-02,LIG,3978,1836,2142,511,3467,ITC,ITC3,7,Liguria,Liguria,1550640,782362,50.45,0.26
2337,2021-05-04,LIG,13647,6084,7563,5418,8229,ITC,ITC3,7,Liguria,Liguria,1550640,796009,51.33,0.88
2338,2021-05-09,LIG,2822,1244,1578,1113,1709,ITC,ITC3,7,Liguria,Liguria,1550640,798831,51.52,0.18
2339,2021-01-29,LIG,3082,1064,2018,67,3015,ITC,ITC3,7,Liguria,Liguria,1550640,801913,51.71,0.2
2340,2021-01-20,LIG,1552,555,997,1540,12,ITC,ITC3,7,Liguria,Liguria,1550640,803465,51.82,0.1
2341,2021-04-05,LIG,3978,1753,2225,2329,1649,ITC,ITC3,7,Liguria,Liguria,1550640,807443,52.07,0.26
2342,2021-05-11,LIG,13914,6388,7526,7299,6615,ITC,ITC3,7,Liguria,Liguria,1550640,821357,52.97,0.9
2343,2021-03-29,LIG,10577,4619,5958,7446,3131,ITC,ITC3,7,Liguria,Liguria,1550640,831934,53.65,0.68
2344,2021-01-31,LIG,624,270,354,9,615,ITC,ITC3,7,Liguria,Liguria,1550640,832558,53.69,0.04
2345,2021-03-27,LIG,3932,1549,2383,2537,1395,ITC,ITC3,7,Liguria,Liguria,1550640,836490,53.94,0.25
2346,2021-04-13,LIG,13077,5867,7210,11053,2024,ITC,ITC3,7,Liguria,Liguria,1550640,849567,54.79,0.84
2347,2021-05-13,LIG,13296,6081,7215,9049,4247,ITC,ITC3,7,Liguria,Liguria,1550640,862863,55.65,0.86
2348,2021-02-19,LIG,3218,1306,1912,3042,176,ITC,ITC3,7,Liguria,Liguria,1550640,866081,55.85,0.21
2349,2021-02-06,LIG,1892,768,1124,145,1747,ITC,ITC3,7,Liguria,Liguria,1550640,867973,55.98,0.12
2350,2021-06-11,LIG,17352,8845,8507,11291,6061,ITC,ITC3,7,Liguria,Liguria,1550640,885325,57.09,1.12
2351,2021-04-15,LIG,11832,5230,6602,9981,1851,ITC,ITC3,7,Liguria,Liguria,1550640,897157,57.86,0.76
2352,2021-04-08,LIG,13746,6161,7585,11701,2045,ITC,ITC3,7,Liguria,Liguria,1550640,910903,58.74,0.89
2353,2021-06-04,LIG,14736,7236,7500,9249,5487,ITC,ITC3,7,Liguria,Liguria,1550640,925639,59.69,0.95
2354,2021-05-21,LIG,12842,5954,6888,9716,3126,ITC,ITC3,7,Liguria,Liguria,1550640,938481,60.52,0.83
2355,2021-02-27,LIG,1888,921,967,1759,129,ITC,ITC3,7,Liguria,Liguria,1550640,940369,60.64,0.12
2356,2021-02-10,LIG,2314,836,1478,1019,1295,ITC,ITC3,7,Liguria,Liguria,1550640,942683,60.79,0.15
2357,2021-03-18,LIG,4986,2124,2862,2007,2979,ITC,ITC3,7,Liguria,Liguria,1550640,947669,61.11,0.32
2358,2021-04-01,LIG,12423,5511,6912,9653,2770,ITC,ITC3,7,Liguria,Liguria,1550640,960092,61.92,0.8
2359,2021-02-17,LIG,2689,1182,1507,2263,426,ITC,ITC3,7,Liguria,Liguria,1550640,962781,62.09,0.17
2360,2021-05-28,LIG,16279,8128,8151,11744,4535,ITC,ITC3,7,Liguria,Liguria,1550640,979060,63.14,1.05
2361,2021-01-05,LIG,2878,895,1983,2878,0,ITC,ITC3,7,Liguria,Liguria,1550640,981938,63.32,0.19
2362,2021-03-03,LIG,4581,1847,2734,3554,1027,ITC,ITC3,7,Liguria,Liguria,1550640,986519,63.62,0.3
2363,2021-05-30,LIG,3302,1613,1689,1363,1939,ITC,ITC3,7,Liguria,Liguria,1550640,989821,63.83,0.21
2364,2021-06-01,LIG,16159,8116,8043,10793,5366,ITC,ITC3,7,Liguria,Liguria,1550640,1005980,64.88,1.04
2365,2021-06-18,LIG,15062,7318,7744,7929,7133,ITC,ITC3,7,Liguria,Liguria,1550640,1021042,65.85,0.97
2366,2021-03-10,LIG,5900,2862,3038,3994,1906,ITC,ITC3,7,Liguria,Liguria,1550640,1026942,66.23,0.38
2367,2021-04-27,LIG,14778,6682,8096,7193,7585,ITC,ITC3,7,Liguria,Liguria,1550640,1041720,67.18,0.95
2368,2021-02-03,LIG,2315,790,1525,54,2261,ITC,ITC3,7,Liguria,Liguria,1550640,1044035,67.33,0.15
2369,2021-04-29,LIG,15577,6978,8599,6738,8839,ITC,ITC3,7,Liguria,Liguria,1550640,1059612,68.33,1.0
2370,2021-04-12,LIG,12385,5475,6910,10366,2019,ITC,ITC3,7,Liguria,Liguria,1550640,1071997,69.13,0.8
2371,2021-01-19,LIG,1371,438,933,1281,90,ITC,ITC3,7,Liguria,Liguria,1550640,1073368,69.22,0.09
2372,2021-02-05,LIG,2681,987,1694,305,2376,ITC,ITC3,7,Liguria,Liguria,1550640,1076049,69.39,0.17
2373,2021-03-24,LIG,9178,4031,5147,5891,3287,ITC,ITC3,7,Liguria,Liguria,1550640,1085227,69.99,0.59
2374,2021-07-02,LIG,12591,6136,6455,6325,6266,ITC,ITC3,7,Liguria,Liguria,1550640,1097818,70.8,0.81
2375,2020-12-31,LIG,990,353,637,990,0,ITC,ITC3,7,Liguria,Liguria,1550640,1098808,70.86,0.06
2376,2021-04-10,LIG,7884,3558,4326,6970,914,ITC,ITC3,7,Liguria,Liguria,1550640,1106692,71.37,0.51
2377,2021-01-17,LIG,866,301,565,866,0,ITC,ITC3,7,Liguria,Liguria,1550640,1107558,71.43,0.06
2378,2021-06-30,LIG,14708,6963,7745,8061,6647,ITC,ITC3,7,Liguria,Liguria,1550640,1122266,72.37,0.95
2379,2021-01-15,LIG,2257,755,1502,2257,0,ITC,ITC3,7,Liguria,Liguria,1550640,1124523,72.52,0.15
2380,2021-04-25,LIG,1935,920,1015,1520,415,ITC,ITC3,7,Liguria,Liguria,1550640,1126458,72.64,0.12
2381,2021-03-13,LIG,3849,1637,2212,2994,855,ITC,ITC3,7,Liguria,Liguria,1550640,1130307,72.89,0.25
2382,2021-06-23,LIG,14063,6730,7333,8906,5157,ITC,ITC3,7,Liguria,Liguria,1550640,1144370,73.8,0.91
2383,2021-02-14,LIG,233,122,111,233,0,ITC,ITC3,7,Liguria,Liguria,1550640,1144603,73.81,0.02
2384,2021-05-25,LIG,14110,6866,7244,10930,3180,ITC,ITC3,7,Liguria,Liguria,1550640,1158713,74.72,0.91
2385,2021-01-07,LIG,3229,1095,2134,3229,0,ITC,ITC3,7,Liguria,Liguria,1550640,1161942,74.93,0.21
2386,2021-06-13,LIG,5616,2695,2921,5162,454,ITC,ITC3,7,Liguria,Liguria,1550640,1167558,75.3,0.36
2387,2021-04-17,LIG,7382,3216,4166,6632,750,ITC,ITC3,7,Liguria,Liguria,1550640,1174940,75.77,0.48
2388,2021-05-01,LIG,7142,3256,3886,1342,5800,ITC,ITC3,7,Liguria,Liguria,1550640,1182082,76.23,0.46
2389,2021-03-05,LIG,4869,2150,2719,3737,1132,ITC,ITC3,7,Liguria,Liguria,1550640,1186951,76.55,0.31
2390,2021-06-06,LIG,3818,2033,1785,2948,870,ITC,ITC3,7,Liguria,Liguria,1550640,1190769,76.79,0.25
2391,2021-04-24,LIG,8218,3795,4423,5067,3151,ITC,ITC3,7,Liguria,Liguria,1550640,1198987,77.32,0.53
2392,2021-02-26,LIG,3765,1523,2242,3436,329,ITC,ITC3,7,Liguria,Liguria,1550640,1202752,77.56,0.24
2393,2021-06-20,LIG,1257,618,639,982,275,ITC,ITC3,7,Liguria,Liguria,1550640,1204009,77.65,0.08
2394,2021-02-24,LIG,3764,1560,2204,3506,258,ITC,ITC3,7,Liguria,Liguria,1550640,1207773,77.89,0.24
2395,2020-12-29,LIG,125,33,92,125,0,ITC,ITC3,7,Liguria,Liguria,1550640,1207898,77.9,0.01
2396,2021-01-12,LIG,2469,887,1582,2469,0,ITC,ITC3,7,Liguria,Liguria,1550640,1210367,78.06,0.16
2397,2021-04-22,LIG,13851,6208,7643,8776,5075,ITC,ITC3,7,Liguria,Liguria,1550640,1224218,78.95,0.89
2398,2021-03-22,LIG,7745,3467,4278,4808,2937,ITC,ITC3,7,Liguria,Liguria,1550640,1231963,79.45,0.5
2399,2021-02-07,LIG,407,153,254,2,405,ITC,ITC3,7,Liguria,Liguria,1550640,1232370,79.47,0.03
2400,2021-05-18,LIG,13461,6117,7344,10168,3293,ITC,ITC3,7,Liguria,Liguria,1550640,1245831,80.34,0.87
2401,2021-05-20,LIG,12856,5968,6888,8831,4025,ITC,ITC3,7,Liguria,Liguria,1550640,1258687,81.17,0.83
2402,2021-06-08,LIG,17820,8896,8924,11202,6618,ITC,ITC3,7,Liguria,Liguria,1550640,1276507,82.32,1.15
2403,2021-03-17,LIG,5552,2368,3184,2473,3079,ITC,ITC3,7,Liguria,Liguria,1550640,1282059,82.68,0.36
2404,2021-06-25,LIG,13520,6451,7069,6757,6763,ITC,ITC3,7,Liguria,Liguria,1550640,1295579,83.55,0.87
2405,2021-05-06,LIG,14518,6441,8077,6195,8323,ITC,ITC3,7,Liguria,Liguria,1550640,1310097,84.49,0.94
2406,2021-01-26,LIG,2487,806,1681,16,2471,ITC,ITC3,7,Liguria,Liguria,1550640,1312584,84.65,0.16
2407,2021-01-11,LIG,2653,990,1663,2653,0,ITC,ITC3,7,Liguria,Liguria,1550640,1315237,84.82,0.17
2408,2021-01-10,LIG,648,262,386,648,0,ITC,ITC3,7,Liguria,Liguria,1550640,1315885,84.86,0.04
2409,2021-04-20,LIG,14226,6513,7713,9877,4349,ITC,ITC3,7,Liguria,Liguria,1550640,1330111,85.78,0.92
2410,2021-05-23,LIG,2305,1119,1186,1182,1123,ITC,ITC3,7,Liguria,Liguria,1550640,1332416,85.93,0.15
2411,2021-03-01,LIG,3527,1444,2083,3404,123,ITC,ITC3,7,Liguria,Liguria,1550640,1335943,86.15,0.23
2412,2021-06-09,LIG,18668,9377,9291,12112,6556,ITC,ITC3,7,Liguria,Liguria,1550640,1354611,87.36,1.2
2413,2021-04-03,LIG,5405,2498,2907,4463,942,ITC,ITC3,7,Liguria,Liguria,1550640,1360016,87.71,0.35
2414,2021-01-24,LIG,756,237,519,113,643,ITC,ITC3,7,Liguria,Liguria,1550640,1360772,87.76,0.05
2415,2021-06-27,LIG,1931,887,1044,697,1234,ITC,ITC3,7,Liguria,Liguria,1550640,1362703,87.88,0.12
2416,2021-02-12,LIG,1935,690,1245,897,1038,ITC,ITC3,7,Liguria,Liguria,1550640,1364638,88.0,0.12
2417,2021-03-15,LIG,7246,3097,4149,4540,2706,ITC,ITC3,7,Liguria,Liguria,1550640,1371884,88.47,0.47
2418,2021-02-25,VEN,7898,3339,4559,7293,605,ITH,ITH3,5,Veneto,Veneto,4905854,7898,0.16,0.16
2419,2021-04-09,VEN,31194,13764,17430,22850,8344,ITH,ITH3,5,Veneto,Veneto,4905854,39092,0.8,0.64
2420,2021-06-05,VEN,46640,24023,22617,38664,7976,ITH,ITH3,5,Veneto,Veneto,4905854,85732,1.75,0.95
2421,2021-04-04,VEN,7782,3532,4250,6634,1148,ITH,ITH3,5,Veneto,Veneto,4905854,93514,1.91,0.16
2422,2021-05-24,VEN,33020,16404,16616,8025,24995,ITH,ITH3,5,Veneto,Veneto,4905854,126534,2.58,0.67
2423,2021-04-23,VEN,31240,13837,17403,22531,8709,ITH,ITH3,5,Veneto,Veneto,4905854,157774,3.22,0.64
2424,2021-02-16,VEN,6644,2870,3774,6468,176,ITH,ITH3,5,Veneto,Veneto,4905854,164418,3.35,0.14
2425,2021-05-29,VEN,32987,16665,16322,25327,7660,ITH,ITH3,5,Veneto,Veneto,4905854,197405,4.02,0.67
2426,2021-01-23,VEN,4051,1246,2805,31,4020,ITH,ITH3,5,Veneto,Veneto,4905854,201456,4.11,0.08
2427,2021-06-29,VEN,44538,22242,22296,18972,25566,ITH,ITH3,5,Veneto,Veneto,4905854,245994,5.01,0.91
2428,2021-03-21,VEN,11981,4753,7228,8518,3463,ITH,ITH3,5,Veneto,Veneto,4905854,257975,5.26,0.24
2429,2021-01-16,VEN,4611,1542,3069,4611,0,ITH,ITH3,5,Veneto,Veneto,4905854,262586,5.35,0.09
2430,2021-03-14,VEN,15176,5942,9234,14282,894,ITH,ITH3,5,Veneto,Veneto,4905854,277762,5.66,0.31
2431,2021-05-10,VEN,36456,17048,19408,26604,9852,ITH,ITH3,5,Veneto,Veneto,4905854,314218,6.4,0.74
2432,2021-05-17,VEN,26489,12976,13513,16475,10014,ITH,ITH3,5,Veneto,Veneto,4905854,340707,6.94,0.54
2433,2021-02-06,VEN,4095,1354,2741,709,3386,ITH,ITH3,5,Veneto,Veneto,4905854,344802,7.03,0.08
2434,2021-02-23,VEN,7383,3254,4129,7112,271,ITH,ITH3,5,Veneto,Veneto,4905854,352185,7.18,0.15
2435,2021-04-28,VEN,32395,15168,17227,23377,9018,ITH,ITH3,5,Veneto,Veneto,4905854,384580,7.84,0.66
2436,2021-01-18,VEN,2762,776,1986,2563,199,ITH,ITH3,5,Veneto,Veneto,4905854,387342,7.9,0.06
2437,2021-01-11,VEN,7239,2102,5137,7239,0,ITH,ITH3,5,Veneto,Veneto,4905854,394581,8.04,0.15
2438,2021-04-21,VEN,32331,13179,19152,16273,16058,ITH,ITH3,5,Veneto,Veneto,4905854,426912,8.7,0.66
2439,2021-05-22,VEN,34760,16671,18089,13366,21394,ITH,ITH3,5,Veneto,Veneto,4905854,461672,9.41,0.71
2440,2021-02-11,VEN,4012,1238,2774,3384,628,ITH,ITH3,5,Veneto,Veneto,4905854,465684,9.49,0.08
2441,2021-01-28,VEN,9210,2662,6548,172,9038,ITH,ITH3,5,Veneto,Veneto,4905854,474894,9.68,0.19
2442,2021-03-02,VEN,11490,4625,6865,8181,3309,ITH,ITH3,5,Veneto,Veneto,4905854,486384,9.91,0.23
2443,2021-06-17,VEN,50953,25550,25403,26048,24905,ITH,ITH3,5,Veneto,Veneto,4905854,537337,10.95,1.04
2444,2021-03-09,VEN,16543,7446,9097,10220,6323,ITH,ITH3,5,Veneto,Veneto,4905854,553880,11.29,0.34
2445,2021-05-31,VEN,31598,16217,15381,21684,9914,ITH,ITH3,5,Veneto,Veneto,4905854,585478,11.93,0.64
2446,2021-03-26,VEN,29580,13143,16437,24118,5462,ITH,ITH3,5,Veneto,Veneto,4905854,615058,12.54,0.6
2447,2021-03-28,VEN,31294,13603,17691,27682,3612,ITH,ITH3,5,Veneto,Veneto,4905854,646352,13.18,0.64
2448,2021-06-19,VEN,48411,24642,23769,25928,22483,ITH,ITH3,5,Veneto,Veneto,4905854,694763,14.16,0.99
2449,2021-04-14,VEN,15906,6895,9011,9279,6627,ITH,ITH3,5,Veneto,Veneto,4905854,710669,14.49,0.32
2450,2021-01-04,VEN,6736,2034,4702,6736,0,ITH,ITH3,5,Veneto,Veneto,4905854,717405,14.62,0.14
2451,2021-05-05,VEN,44322,21238,23084,37751,6571,ITH,ITH3,5,Veneto,Veneto,4905854,761727,15.53,0.9
2452,2021-07-01,VEN,48741,24903,23838,20198,28543,ITH,ITH3,5,Veneto,Veneto,4905854,810468,16.52,0.99
2453,2021-05-12,VEN,36742,17785,18957,31636,5106,ITH,ITH3,5,Veneto,Veneto,4905854,847210,17.27,0.75
2454,2021-06-24,VEN,54996,27831,27165,17437,37559,ITH,ITH3,5,Veneto,Veneto,4905854,902206,18.39,1.12
2455,2021-03-16,VEN,12527,5353,7174,6907,5620,ITH,ITH3,5,Veneto,Veneto,4905854,914733,18.65,0.26
2456,2021-06-12,VEN,47796,24070,23726,37051,10745,ITH,ITH3,5,Veneto,Veneto,4905854,962529,19.62,0.97
2457,2021-05-02,VEN,37233,17262,19971,26904,10329,ITH,ITH3,5,Veneto,Veneto,4905854,999762,20.38,0.76
2458,2021-06-14,VEN,42401,21436,20965,27118,15283,ITH,ITH3,5,Veneto,Veneto,4905854,1042163,21.24,0.86
2459,2021-03-06,VEN,10667,4356,6311,7405,3262,ITH,ITH3,5,Veneto,Veneto,4905854,1052830,21.46,0.22
2460,2020-12-30,VEN,699,245,454,699,0,ITH,ITH3,5,Veneto,Veneto,4905854,1053529,21.47,0.01
2461,2021-01-09,VEN,7928,2539,5389,7928,0,ITH,ITH3,5,Veneto,Veneto,4905854,1061457,21.64,0.16
2462,2021-03-18,VEN,12612,5138,7474,7384,5228,ITH,ITH3,5,Veneto,Veneto,4905854,1074069,21.89,0.26
2463,2021-06-26,VEN,47499,24239,23260,13655,33844,ITH,ITH3,5,Veneto,Veneto,4905854,1121568,22.86,0.97
2464,2021-05-07,VEN,48526,23252,25274,39859,8667,ITH,ITH3,5,Veneto,Veneto,4905854,1170094,23.85,0.99
2465,2021-01-27,VEN,7141,2064,5077,241,6900,ITH,ITH3,5,Veneto,Veneto,4905854,1177235,24.0,0.15
2466,2021-01-30,VEN,8747,2672,6075,693,8054,ITH,ITH3,5,Veneto,Veneto,4905854,1185982,24.17,0.18
2467,2021-03-07,VEN,4493,1768,2725,3932,561,ITH,ITH3,5,Veneto,Veneto,4905854,1190475,24.27,0.09
2468,2021-05-03,VEN,40689,19805,20884,34226,6463,ITH,ITH3,5,Veneto,Veneto,4905854,1231164,25.1,0.83
2469,2021-05-28,VEN,46670,22855,23815,24849,21821,ITH,ITH3,5,Veneto,Veneto,4905854,1277834,26.05,0.95
2470,2021-02-04,VEN,7386,2025,5361,551,6835,ITH,ITH3,5,Veneto,Veneto,4905854,1285220,26.2,0.15
2471,2021-04-30,VEN,49987,23475,26512,34324,15663,ITH,ITH3,5,Veneto,Veneto,4905854,1335207,27.22,1.02
2472,2021-01-20,VEN,1038,368,670,386,652,ITH,ITH3,5,Veneto,Veneto,4905854,1336245,27.24,0.02
2473,2021-07-03,VEN,27693,14329,13364,7993,19700,ITH,ITH3,5,Veneto,Veneto,4905854,1363938,27.8,0.56
2474,2021-06-16,VEN,47176,23271,23905,25963,21213,ITH,ITH3,5,Veneto,Veneto,4905854,1411114,28.76,0.96
2475,2021-02-18,VEN,5828,2455,3373,5764,64,ITH,ITH3,5,Veneto,Veneto,4905854,1416942,28.88,0.12
2476,2021-04-16,VEN,24445,10492,13953,12558,11887,ITH,ITH3,5,Veneto,Veneto,4905854,1441387,29.38,0.5
2477,2021-04-18,VEN,17512,7253,10259,9947,7565,ITH,ITH3,5,Veneto,Veneto,4905854,1458899,29.74,0.36
2478,2021-01-08,VEN,9407,2835,6572,9407,0,ITH,ITH3,5,Veneto,Veneto,4905854,1468306,29.93,0.19
2479,2021-06-10,VEN,51847,26787,25060,42588,9259,ITH,ITH3,5,Veneto,Veneto,4905854,1520153,30.99,1.06
2480,2021-04-02,VEN,24073,10612,13461,17745,6328,ITH,ITH3,5,Veneto,Veneto,4905854,1544226,31.48,0.49
2481,2021-06-09,VEN,42395,21753,20642,34982,7413,ITH,ITH3,5,Veneto,Veneto,4905854,1586621,32.34,0.86
2482,2021-06-28,VEN,46649,23636,23013,18226,28423,ITH,ITH3,5,Veneto,Veneto,4905854,1633270,33.29,0.95
2483,2021-01-25,VEN,6468,2075,4393,159,6309,ITH,ITH3,5,Veneto,Veneto,4905854,1639738,33.42,0.13
2484,2021-05-14,VEN,46701,22208,24493,25839,20862,ITH,ITH3,5,Veneto,Veneto,4905854,1686439,34.38,0.95
2485,2021-02-20,VEN,6424,2014,4410,6353,71,ITH,ITH3,5,Veneto,Veneto,4905854,1692863,34.51,0.13
2486,2021-06-02,VEN,20305,10232,10073,15960,4345,ITH,ITH3,5,Veneto,Veneto,4905854,1713168,34.92,0.41
2487,2021-03-11,VEN,19827,8888,10939,14256,5571,ITH,ITH3,5,Veneto,Veneto,4905854,1732995,35.33,0.4
2488,2021-03-23,VEN,22212,10239,11973,17500,4712,ITH,ITH3,5,Veneto,Veneto,4905854,1755207,35.78,0.45
2489,2021-05-19,VEN,32920,15072,17848,17006,15914,ITH,ITH3,5,Veneto,Veneto,4905854,1788127,36.45,0.67
2490,2021-02-08,VEN,5003,1559,3444,1929,3074,ITH,ITH3,5,Veneto,Veneto,4905854,1793130,36.55,0.1
2491,2021-04-06,VEN,28953,13326,15627,23911,5042,ITH,ITH3,5,Veneto,Veneto,4905854,1822083,37.14,0.59
2492,2021-06-07,VEN,44402,23169,21233,37385,7017,ITH,ITH3,5,Veneto,Veneto,4905854,1866485,38.05,0.91
2493,2021-02-27,VEN,8990,2692,6298,8143,847,ITH,ITH3,5,Veneto,Veneto,4905854,1875475,38.23,0.18
2494,2021-03-04,VEN,12980,4884,8096,9508,3472,ITH,ITH3,5,Veneto,Veneto,4905854,1888455,38.49,0.26
2495,2021-05-11,VEN,33156,16497,16659,28438,4718,ITH,ITH3,5,Veneto,Veneto,4905854,1921611,39.17,0.68
2496,2021-01-22,VEN,1080,332,748,25,1055,ITH,ITH3,5,Veneto,Veneto,4905854,1922691,39.19,0.02
2497,2021-05-21,VEN,44745,22014,22731,20997,23748,ITH,ITH3,5,Veneto,Veneto,4905854,1967436,40.1,0.91
2498,2021-02-17,VEN,6022,2772,3250,5928,94,ITH,ITH3,5,Veneto,Veneto,4905854,1973458,40.23,0.12
2499,2021-04-01,VEN,25320,11153,14167,18910,6410,ITH,ITH3,5,Veneto,Veneto,4905854,1998778,40.74,0.52
2500,2021-04-15,VEN,20906,8634,12272,10083,10823,ITH,ITH3,5,Veneto,Veneto,4905854,2019684,41.17,0.43
2501,2021-01-05,VEN,7330,2183,5147,7330,0,ITH,ITH3,5,Veneto,Veneto,4905854,2027014,41.32,0.15
2502,2021-02-10,VEN,4751,1588,3163,3697,1054,ITH,ITH3,5,Veneto,Veneto,4905854,2031765,41.42,0.1
2503,2021-04-08,VEN,32364,14367,17997,24489,7875,ITH,ITH3,5,Veneto,Veneto,4905854,2064129,42.07,0.66
2504,2021-06-04,VEN,49459,25740,23719,41365,8094,ITH,ITH3,5,Veneto,Veneto,4905854,2113588,43.08,1.01
2505,2021-02-24,VEN,8616,3679,4937,8128,488,ITH,ITH3,5,Veneto,Veneto,4905854,2122204,43.26,0.18
2506,2021-01-01,VEN,1528,471,1057,1528,0,ITH,ITH3,5,Veneto,Veneto,4905854,2123732,43.29,0.03
2507,2021-03-25,VEN,25952,11055,14897,19853,6099,ITH,ITH3,5,Veneto,Veneto,4905854,2149684,43.82,0.53
2508,2021-04-11,VEN,21005,8872,12133,14699,6306,ITH,ITH3,5,Veneto,Veneto,4905854,2170689,44.25,0.43
2509,2021-04-13,VEN,14031,6324,7707,8545,5486,ITH,ITH3,5,Veneto,Veneto,4905854,2184720,44.53,0.29
2510,2021-01-03,VEN,5157,1562,3595,5157,0,ITH,ITH3,5,Veneto,Veneto,4905854,2189877,44.64,0.11
2511,2021-04-27,VEN,28135,12757,15378,21221,6914,ITH,ITH3,5,Veneto,Veneto,4905854,2218012,45.21,0.57
2512,2021-01-17,VEN,1933,781,1152,1584,349,ITH,ITH3,5,Veneto,Veneto,4905854,2219945,45.25,0.04
2513,2021-02-03,VEN,5945,1667,4278,480,5465,ITH,ITH3,5,Veneto,Veneto,4905854,2225890,45.37,0.12
2514,2021-04-29,VEN,50266,23381,26885,37082,13184,ITH,ITH3,5,Veneto,Veneto,4905854,2276156,46.4,1.02
2515,2021-02-05,VEN,8377,2534,5843,1417,6960,ITH,ITH3,5,Veneto,Veneto,4905854,2284533,46.57,0.17
2516,2021-02-22,VEN,7014,3041,3973,6627,387,ITH,ITH3,5,Veneto,Veneto,4905854,2291547,46.71,0.14
2517,2021-04-20,VEN,22431,9496,12935,8432,13999,ITH,ITH3,5,Veneto,Veneto,4905854,2313978,47.17,0.46
2518,2021-05-09,VEN,35035,16115,18920,24979,10056,ITH,ITH3,5,Veneto,Veneto,4905854,2349013,47.88,0.71
2519,2021-05-26,VEN,31077,15189,15888,14618,16459,ITH,ITH3,5,Veneto,Veneto,4905854,2380090,48.52,0.63
2520,2021-03-01,VEN,9395,3716,5679,7573,1822,ITH,ITH3,5,Veneto,Veneto,4905854,2389485,48.71,0.19
2521,2021-01-13,VEN,5985,1606,4379,5985,0,ITH,ITH3,5,Veneto,Veneto,4905854,2395470,48.83,0.12
2522,2021-04-25,VEN,18315,8149,10166,13481,4834,ITH,ITH3,5,Veneto,Veneto,4905854,2413785,49.2,0.37
2523,2021-06-21,VEN,43777,21903,21874,20854,22923,ITH,ITH3,5,Veneto,Veneto,4905854,2457562,50.09,0.89
2524,2021-01-06,VEN,8134,2386,5748,8134,0,ITH,ITH3,5,Veneto,Veneto,4905854,2465696,50.26,0.17
2525,2021-06-23,VEN,48259,23924,24335,15099,33160,ITH,ITH3,5,Veneto,Veneto,4905854,2513955,51.24,0.98
2526,2021-03-15,VEN,16666,7327,9339,11458,5208,ITH,ITH3,5,Veneto,Veneto,4905854,2530621,51.58,0.34
2527,2021-05-18,VEN,26890,12509,14381,13316,13574,ITH,ITH3,5,Veneto,Veneto,4905854,2557511,52.13,0.55
2528,2021-06-30,VEN,44377,22392,21985,17712,26665,ITH,ITH3,5,Veneto,Veneto,4905854,2601888,53.04,0.9
2529,2021-03-22,VEN,18144,8177,9967,13098,5046,ITH,ITH3,5,Veneto,Veneto,4905854,2620032,53.41,0.37
2530,2021-03-13,VEN,17229,7303,9926,14098,3131,ITH,ITH3,5,Veneto,Veneto,4905854,2637261,53.76,0.35
2531,2021-01-15,VEN,5875,1820,4055,5875,0,ITH,ITH3,5,Veneto,Veneto,4905854,2643136,53.88,0.12
2532,2021-05-20,VEN,44747,21227,23520,20442,24305,ITH,ITH3,5,Veneto,Veneto,4905854,2687883,54.79,0.91
2533,2021-02-09,VEN,5248,1891,3357,3445,1803,ITH,ITH3,5,Veneto,Veneto,4905854,2693131,54.9,0.11
2534,2021-05-27,VEN,46465,22836,23629,23317,23148,ITH,ITH3,5,Veneto,Veneto,4905854,2739596,55.84,0.95
2535,2021-02-07,VEN,2315,862,1453,714,1601,ITH,ITH3,5,Veneto,Veneto,4905854,2741911,55.89,0.05
2536,2021-07-02,VEN,48118,24400,23718,15922,32196,ITH,ITH3,5,Veneto,Veneto,4905854,2790029,56.87,0.98
2537,2021-03-24,VEN,22109,9573,12536,15307,6802,ITH,ITH3,5,Veneto,Veneto,4905854,2812138,57.32,0.45
2538,2021-05-16,VEN,28411,14005,14406,21333,7078,ITH,ITH3,5,Veneto,Veneto,4905854,2840549,57.9,0.58
2539,2020-12-31,VEN,3220,1042,2178,3220,0,ITH,ITH3,5,Veneto,Veneto,4905854,2843769,57.97,0.07
2540,2021-04-12,VEN,14902,6333,8569,6686,8216,ITH,ITH3,5,Veneto,Veneto,4905854,2858671,58.27,0.3
2541,2021-02-01,VEN,8561,2502,6059,160,8401,ITH,ITH3,5,Veneto,Veneto,4905854,2867232,58.45,0.17
2542,2021-02-15,VEN,4389,1824,2565,4149,240,ITH,ITH3,5,Veneto,Veneto,4905854,2871621,58.53,0.09
2543,2021-03-30,VEN,35958,15293,20665,30717,5241,ITH,ITH3,5,Veneto,Veneto,4905854,2907579,59.27,0.73
2544,2021-04-10,VEN,27457,11973,15484,18986,8471,ITH,ITH3,5,Veneto,Veneto,4905854,2935036,59.83,0.56
2545,2021-06-06,VEN,37311,19106,18205,32584,4727,ITH,ITH3,5,Veneto,Veneto,4905854,2972347,60.59,0.76
2546,2020-12-27,VEN,880,395,485,880,0,ITH,ITH3,5,Veneto,Veneto,4905854,2973227,60.61,0.02
2547,2021-05-30,VEN,22542,11267,11275,15849,6693,ITH,ITH3,5,Veneto,Veneto,4905854,2995769,61.07,0.46
2548,2021-04-03,VEN,21951,9625,12326,14243,7708,ITH,ITH3,5,Veneto,Veneto,4905854,3017720,61.51,0.45
2549,2021-03-20,VEN,13019,5388,7631,10939,2080,ITH,ITH3,5,Veneto,Veneto,4905854,3030739,61.78,0.27
2550,2021-01-10,VEN,5034,1672,3362,5034,0,ITH,ITH3,5,Veneto,Veneto,4905854,3035773,61.88,0.1
2551,2021-05-23,VEN,34484,16464,18020,11084,23400,ITH,ITH3,5,Veneto,Veneto,4905854,3070257,62.58,0.7
2552,2021-02-12,VEN,4314,1447,2867,3742,572,ITH,ITH3,5,Veneto,Veneto,4905854,3074571,62.67,0.09
2553,2021-01-29,VEN,9023,2788,6235,366,8657,ITH,ITH3,5,Veneto,Veneto,4905854,3083594,62.86,0.18
2554,2021-02-26,VEN,8294,3270,5024,7036,1258,ITH,ITH3,5,Veneto,Veneto,4905854,3091888,63.02,0.17
2555,2021-04-24,VEN,24750,10825,13925,15670,9080,ITH,ITH3,5,Veneto,Veneto,4905854,3116638,63.53,0.5
2556,2021-01-14,VEN,7063,1924,5139,7063,0,ITH,ITH3,5,Veneto,Veneto,4905854,3123701,63.67,0.14
2557,2021-03-12,VEN,18657,8194,10463,11909,6748,ITH,ITH3,5,Veneto,Veneto,4905854,3142358,64.05,0.38
2558,2021-01-02,VEN,5744,1767,3977,5744,0,ITH,ITH3,5,Veneto,Veneto,4905854,3148102,64.17,0.12
2559,2021-01-19,VEN,1310,473,837,1160,150,ITH,ITH3,5,Veneto,Veneto,4905854,3149412,64.2,0.03
2560,2021-05-01,VEN,38843,18232,20611,29900,8943,ITH,ITH3,5,Veneto,Veneto,4905854,3188255,64.99,0.79
2561,2021-03-08,VEN,13630,6271,7359,9561,4069,ITH,ITH3,5,Veneto,Veneto,4905854,3201885,65.27,0.28
2562,2021-06-18,VEN,52852,26375,26477,24429,28423,ITH,ITH3,5,Veneto,Veneto,4905854,3254737,66.34,1.08
2563,2021-03-27,VEN,32069,14011,18058,26270,5799,ITH,ITH3,5,Veneto,Veneto,4905854,3286806,67.0,0.65
2564,2021-06-03,VEN,54294,27926,26368,42345,11949,ITH,ITH3,5,Veneto,Veneto,4905854,3341100,68.1,1.11
2565,2021-06-20,VEN,40433,19672,20761,18930,21503,ITH,ITH3,5,Veneto,Veneto,4905854,3381533,68.93,0.82
2566,2021-02-19,VEN,7322,3140,4182,7118,204,ITH,ITH3,5,Veneto,Veneto,4905854,3388855,69.08,0.15
2567,2021-02-21,VEN,4638,1211,3427,4633,5,ITH,ITH3,5,Veneto,Veneto,4905854,3393493,69.17,0.09
2568,2021-05-15,VEN,36198,17491,18707,26209,9989,ITH,ITH3,5,Veneto,Veneto,4905854,3429691,69.91,0.74
2569,2021-06-01,VEN,26921,13543,13378,16406,10515,ITH,ITH3,5,Veneto,Veneto,4905854,3456612,70.46,0.55
2570,2021-03-10,VEN,19039,8727,10312,13356,5683,ITH,ITH3,5,Veneto,Veneto,4905854,3475651,70.85,0.39
2571,2021-05-04,VEN,42935,20334,22601,34908,8027,ITH,ITH3,5,Veneto,Veneto,4905854,3518586,71.72,0.88
2572,2021-01-24,VEN,4117,1219,2898,28,4089,ITH,ITH3,5,Veneto,Veneto,4905854,3522703,71.81,0.08
2573,2021-04-07,VEN,36006,16182,19824,28668,7338,ITH,ITH3,5,Veneto,Veneto,4905854,3558709,72.54,0.73
2574,2021-06-22,VEN,43166,21335,21831,18856,24310,ITH,ITH3,5,Veneto,Veneto,4905854,3601875,73.42,0.88
2575,2021-04-26,VEN,20715,9453,11262,15577,5138,ITH,ITH3,5,Veneto,Veneto,4905854,3622590,73.84,0.42
2576,2021-06-15,VEN,47555,24152,23403,30069,17486,ITH,ITH3,5,Veneto,Veneto,4905854,3670145,74.81,0.97
2577,2021-04-17,VEN,22420,9084,13336,15143,7277,ITH,ITH3,5,Veneto,Veneto,4905854,3692565,75.27,0.46
2578,2021-01-07,VEN,8360,2318,6042,8360,0,ITH,ITH3,5,Veneto,Veneto,4905854,3700925,75.44,0.17
2579,2021-06-13,VEN,36893,19046,17847,29932,6961,ITH,ITH3,5,Veneto,Veneto,4905854,3737818,76.19,0.75
2580,2021-01-21,VEN,2293,719,1574,21,2272,ITH,ITH3,5,Veneto,Veneto,4905854,3740111,76.24,0.05
2581,2021-03-05,VEN,13336,5020,8316,9666,3670,ITH,ITH3,5,Veneto,Veneto,4905854,3753447,76.51,0.27
2582,2021-01-31,VEN,4769,1563,3206,391,4378,ITH,ITH3,5,Veneto,Veneto,4905854,3758216,76.61,0.1
2583,2021-03-29,VEN,31505,13723,17782,27629,3876,ITH,ITH3,5,Veneto,Veneto,4905854,3789721,77.25,0.64
2584,2021-05-13,VEN,44228,21828,22400,34342,9886,ITH,ITH3,5,Veneto,Veneto,4905854,3833949,78.15,0.9
2585,2021-02-02,VEN,6512,1881,4631,396,6116,ITH,ITH3,5,Veneto,Veneto,4905854,3840461,78.28,0.13
2586,2021-03-31,VEN,38814,16389,22425,31319,7495,ITH,ITH3,5,Veneto,Veneto,4905854,3879275,79.07,0.79
2587,2021-05-08,VEN,41434,18746,22688,29621,11813,ITH,ITH3,5,Veneto,Veneto,4905854,3920709,79.92,0.84
2588,2021-06-27,VEN,39589,20225,19364,15325,24264,ITH,ITH3,5,Veneto,Veneto,4905854,3960298,80.73,0.81
2589,2021-03-19,VEN,13791,5668,8123,7696,6095,ITH,ITH3,5,Veneto,Veneto,4905854,3974089,81.01,0.28
2590,2021-02-13,VEN,3266,1473,1793,3246,20,ITH,ITH3,5,Veneto,Veneto,4905854,3977355,81.07,0.07
2591,2021-03-03,VEN,12096,4646,7450,8597,3499,ITH,ITH3,5,Veneto,Veneto,4905854,3989451,81.32,0.25
2592,2021-06-11,VEN,46924,24407,22517,35781,11143,ITH,ITH3,5,Veneto,Veneto,4905854,4036375,82.28,0.96
2593,2021-06-25,VEN,50835,25723,25112,15187,35648,ITH,ITH3,5,Veneto,Veneto,4905854,4087210,83.31,1.04
2594,2021-04-22,VEN,32002,13920,18082,16256,15746,ITH,ITH3,5,Veneto,Veneto,4905854,4119212,83.97,0.65
2595,2021-06-08,VEN,43458,22477,20981,37347,6111,ITH,ITH3,5,Veneto,Veneto,4905854,4162670,84.85,0.89
2596,2021-05-25,VEN,27749,13398,14351,11734,16015,ITH,ITH3,5,Veneto,Veneto,4905854,4190419,85.42,0.57
2597,2021-02-14,VEN,126,56,70,113,13,ITH,ITH3,5,Veneto,Veneto,4905854,4190545,85.42,0.0
2598,2021-02-28,VEN,4136,1389,2747,3299,837,ITH,ITH3,5,Veneto,Veneto,4905854,4194681,85.5,0.08
2599,2021-03-17,VEN,14645,5992,8653,7849,6796,ITH,ITH3,5,Veneto,Veneto,4905854,4209326,85.8,0.3
2600,2021-01-12,VEN,5231,1517,3714,5231,0,ITH,ITH3,5,Veneto,Veneto,4905854,4214557,85.91,0.11
2601,2021-04-19,VEN,21544,8922,12622,5134,16410,ITH,ITH3,5,Veneto,Veneto,4905854,4236101,86.35,0.44
2602,2021-04-05,VEN,19153,8370,10783,13718,5435,ITH,ITH3,5,Veneto,Veneto,4905854,4255254,86.74,0.39
2603,2021-01-26,VEN,6919,2090,4829,149,6770,ITH,ITH3,5,Veneto,Veneto,4905854,4262173,86.88,0.14
2604,2021-05-06,VEN,46954,22024,24930,38479,8475,ITH,ITH3,5,Veneto,Veneto,4905854,4309127,87.84,0.96
2605,2021-03-09,PAT,1585,591,994,939,646,ITH,ITH2,4,Provincia Autonoma Trento,P.A. Trento,541380,1585,0.29,0.29
2606,2021-06-17,PAT,6591,3456,3135,2115,4476,ITH,ITH2,4,Provincia Autonoma Trento,P.A. Trento,541380,8176,1.51,1.22
2607,2021-03-14,PAT,108,65,43,21,87,ITH,ITH2,4,Provincia Autonoma Trento,P.A. Trento,541380,8284,1.53,0.02
2608,2021-03-07,PAT,22,6,16,22,0,ITH,ITH2,4,Provincia Autonoma Trento,P.A. Trento,541380,8306,1.53,0.0
2609,2021-01-09,PAT,190,40,150,190,0,ITH,ITH2,4,Provincia Autonoma Trento,P.A. Trento,541380,8496,1.57,0.04
2610,2021-03-26,PAT,3230,1256,1974,2620,610,ITH,ITH2,4,Provincia Autonoma Trento,P.A. Trento,541380,11726,2.17,0.6
2611,2021-06-19,PAT,3097,1695,1402,255,2842,ITH,ITH2,4,Provincia Autonoma Trento,P.A. Trento,541380,14823,2.74,0.57
2612,2021-01-23,PAT,577,334,243,388,189,ITH,ITH2,4,Provincia Autonoma Trento,P.A. Trento,541380,15400,2.84,0.11
2613,2021-05-03,PAT,4259,2197,2062,4105,154,ITH,ITH2,4,Provincia Autonoma Trento,P.A. Trento,541380,19659,3.63,0.79
2614,2021-07-01,PAT,6828,3546,3282,3573,3255,ITH,ITH2,4,Provincia Autonoma Trento,P.A. Trento,541380,26487,4.89,1.26
2615,2021-05-05,PAT,4988,2580,2408,4692,296,ITH,ITH2,4,Provincia Autonoma Trento,P.A. Trento,541380,31475,5.81,0.92
2616,2021-01-16,PAT,319,148,171,319,0,ITH,ITH2,4,Provincia Autonoma Trento,P.A. Trento,541380,31794,5.87,0.06
2617,2021-04-09,PAT,2740,1162,1578,1540,1200,ITH,ITH2,4,Provincia Autonoma Trento,P.A. Trento,541380,34534,6.38,0.51
2618,2021-02-11,PAT,1135,365,770,796,339,ITH,ITH2,4,Provincia Autonoma Trento,P.A. Trento,541380,35669,6.59,0.21
2619,2021-02-25,PAT,1641,643,998,1200,441,ITH,ITH2,4,Provincia Autonoma Trento,P.A. Trento,541380,37310,6.89,0.3
2620,2020-12-30,PAT,7,3,4,7,0,ITH,ITH2,4,Provincia Autonoma Trento,P.A. Trento,541380,37317,6.89,0.0
2621,2021-06-05,PAT,4081,1915,2166,750,3331,ITH,ITH2,4,Provincia Autonoma Trento,P.A. Trento,541380,41398,7.65,0.75
2622,2021-05-22,PAT,3258,1598,1660,925,2333,ITH,ITH2,4,Provincia Autonoma Trento,P.A. Trento,541380,44656,8.25,0.6
2623,2021-04-21,PAT,2910,1359,1551,2860,50,ITH,ITH2,4,Provincia Autonoma Trento,P.A. Trento,541380,47566,8.79,0.54
2624,2021-01-28,PAT,530,147,383,48,482,ITH,ITH2,4,Provincia Autonoma Trento,P.A. Trento,541380,48096,8.88,0.1
2625,2021-01-11,PAT,732,223,509,732,0,ITH,ITH2,4,Provincia Autonoma Trento,P.A. Trento,541380,48828,9.02,0.14
2626,2021-02-16,PAT,666,246,420,661,5,ITH,ITH2,4,Provincia Autonoma Trento,P.A. Trento,541380,49494,9.14,0.12
2627,2021-04-23,PAT,3638,1770,1868,3584,54,ITH,ITH2,4,Provincia Autonoma Trento,P.A. Trento,541380,53132,9.81,0.67
2628,2021-01-30,PAT,386,132,254,152,234,ITH,ITH2,4,Provincia Autonoma Trento,P.A. Trento,541380,53518,9.89,0.07
2629,2021-05-10,PAT,3212,1646,1566,2707,505,ITH,ITH2,4,Provincia Autonoma Trento,P.A. Trento,541380,56730,10.48,0.59
2630,2021-02-06,PAT,574,298,276,433,141,ITH,ITH2,4,Provincia Autonoma Trento,P.A. Trento,541380,57304,10.58,0.11
2631,2021-02-23,PAT,1112,395,717,899,213,ITH,ITH2,4,Provincia Autonoma Trento,P.A. Trento,541380,58416,10.79,0.21
2632,2021-05-17,PAT,4294,2122,2172,3943,351,ITH,ITH2,4,Provincia Autonoma Trento,P.A. Trento,541380,62710,11.58,0.79
2633,2021-04-14,PAT,3119,1465,1654,2382,737,ITH,ITH2,4,Provincia Autonoma Trento,P.A. Trento,541380,65829,12.16,0.58
2634,2021-03-28,PAT,753,294,459,751,2,ITH,ITH2,4,Provincia Autonoma Trento,P.A. Trento,541380,66582,12.3,0.14
2635,2021-01-04,PAT,872,229,643,872,0,ITH,ITH2,4,Provincia Autonoma Trento,P.A. Trento,541380,67454,12.46,0.16
2636,2021-06-29,PAT,6217,3131,3086,2716,3501,ITH,ITH2,4,Provincia Autonoma Trento,P.A. Trento,541380,73671,13.61,1.15
2637,2021-06-12,PAT,5359,2688,2671,472,4887,ITH,ITH2,4,Provincia Autonoma Trento,P.A. Trento,541380,79030,14.6,0.99
2638,2021-03-21,PAT,129,69,60,129,0,ITH,ITH2,4,Provincia Autonoma Trento,P.A. Trento,541380,79159,14.62,0.02
2639,2021-05-24,PAT,4383,2012,2371,1361,3022,ITH,ITH2,4,Provincia Autonoma Trento,P.A. Trento,541380,83542,15.43,0.81
2640,2021-03-02,PAT,1307,440,867,931,376,ITH,ITH2,4,Provincia Autonoma Trento,P.A. Trento,541380,84849,15.67,0.24
2641,2021-06-10,PAT,6125,2978,3147,1916,4209,ITH,ITH2,4,Provincia Autonoma Trento,P.A. Trento,541380,90974,16.8,1.13
2642,2021-05-31,PAT,4721,2174,2547,1676,3045,ITH,ITH2,4,Provincia Autonoma Trento,P.A. Trento,541380,95695,17.68,0.87
2643,2021-06-24,PAT,5913,3098,2815,3731,2182,ITH,ITH2,4,Provincia Autonoma Trento,P.A. Trento,541380,101608,18.77,1.09
2644,2021-05-12,PAT,3303,1492,1811,2116,1187,ITH,ITH2,4,Provincia Autonoma Trento,P.A. Trento,541380,104911,19.38,0.61
2645,2021-03-16,PAT,1391,506,885,608,783,ITH,ITH2,4,Provincia Autonoma Trento,P.A. Trento,541380,106302,19.64,0.26
2646,2021-05-14,PAT,5320,2543,2777,3934,1386,ITH,ITH2,4,Provincia Autonoma Trento,P.A. Trento,541380,111622,20.62,0.98
2647,2021-02-08,PAT,1153,319,834,342,811,ITH,ITH2,4,Provincia Autonoma Trento,P.A. Trento,541380,112775,20.83,0.21
2648,2021-02-04,PAT,976,304,672,422,554,ITH,ITH2,4,Provincia Autonoma Trento,P.A. Trento,541380,113751,21.01,0.18
2649,2021-04-13,PAT,2556,1059,1497,2049,507,ITH,ITH2,4,Provincia Autonoma Trento,P.A. Trento,541380,116307,21.48,0.47
2650,2021-01-20,PAT,292,73,219,280,12,ITH,ITH2,4,Provincia Autonoma Trento,P.A. Trento,541380,116599,21.54,0.05
2651,2021-04-30,PAT,4929,2403,2526,4778,151,ITH,ITH2,4,Provincia Autonoma Trento,P.A. Trento,541380,121528,22.45,0.91
2652,2021-05-19,PAT,5101,2458,2643,3846,1255,ITH,ITH2,4,Provincia Autonoma Trento,P.A. Trento,541380,126629,23.39,0.94
2653,2021-05-29,PAT,2235,1166,1069,839,1396,ITH,ITH2,4,Provincia Autonoma Trento,P.A. Trento,541380,128864,23.8,0.41
2654,2021-04-02,PAT,2845,1157,1688,2170,675,ITH,ITH2,4,Provincia Autonoma Trento,P.A. Trento,541380,131709,24.33,0.53
2655,2021-04-16,PAT,2866,1360,1506,2721,145,ITH,ITH2,4,Provincia Autonoma Trento,P.A. Trento,541380,134575,24.86,0.53
2656,2021-02-18,PAT,1210,428,782,1147,63,ITH,ITH2,4,Provincia Autonoma Trento,P.A. Trento,541380,135785,25.08,0.22
2657,2021-01-06,PAT,42,13,29,42,0,ITH,ITH2,4,Provincia Autonoma Trento,P.A. Trento,541380,135827,25.09,0.01
2658,2021-03-18,PAT,2320,957,1363,1240,1080,ITH,ITH2,4,Provincia Autonoma Trento,P.A. Trento,541380,138147,25.52,0.43
2659,2021-06-09,PAT,6237,3077,3160,2164,4073,ITH,ITH2,4,Provincia Autonoma Trento,P.A. Trento,541380,144384,26.67,1.15
2660,2021-06-26,PAT,1384,720,664,672,712,ITH,ITH2,4,Provincia Autonoma Trento,P.A. Trento,541380,145768,26.93,0.26
2661,2021-06-28,PAT,6741,3479,3262,2944,3797,ITH,ITH2,4,Provincia Autonoma Trento,P.A. Trento,541380,152509,28.17,1.25
2662,2021-04-06,PAT,2261,950,1311,1496,765,ITH,ITH2,4,Provincia Autonoma Trento,P.A. Trento,541380,154770,28.59,0.42
2663,2021-04-28,PAT,4251,1977,2274,4113,138,ITH,ITH2,4,Provincia Autonoma Trento,P.A. Trento,541380,159021,29.37,0.79
2664,2021-04-01,PAT,2905,1231,1674,1811,1094,ITH,ITH2,4,Provincia Autonoma Trento,P.A. Trento,541380,161926,29.91,0.54
2665,2021-03-23,PAT,2448,944,1504,1708,740,ITH,ITH2,4,Provincia Autonoma Trento,P.A. Trento,541380,164374,30.36,0.45
2666,2021-05-28,PAT,3720,1736,1984,1493,2227,ITH,ITH2,4,Provincia Autonoma Trento,P.A. Trento,541380,168094,31.05,0.69
2667,2021-01-25,PAT,818,215,603,24,794,ITH,ITH2,4,Provincia Autonoma Trento,P.A. Trento,541380,168912,31.2,0.15
2668,2021-03-25,PAT,2875,1105,1770,1826,1049,ITH,ITH2,4,Provincia Autonoma Trento,P.A. Trento,541380,171787,31.73,0.53
2669,2021-07-03,PAT,934,488,446,46,888,ITH,ITH2,4,Provincia Autonoma Trento,P.A. Trento,541380,172721,31.9,0.17
2670,2021-01-18,PAT,644,154,490,589,55,ITH,ITH2,4,Provincia Autonoma Trento,P.A. Trento,541380,173365,32.02,0.12
2671,2021-05-02,PAT,3514,1955,1559,3477,37,ITH,ITH2,4,Provincia Autonoma Trento,P.A. Trento,541380,176879,32.67,0.65
2672,2021-03-04,PAT,2362,794,1568,1583,779,ITH,ITH2,4,Provincia Autonoma Trento,P.A. Trento,541380,179241,33.11,0.44
2673,2021-01-27,PAT,810,280,530,94,716,ITH,ITH2,4,Provincia Autonoma Trento,P.A. Trento,541380,180051,33.26,0.15
2674,2021-02-13,PAT,537,333,204,172,365,ITH,ITH2,4,Provincia Autonoma Trento,P.A. Trento,541380,180588,33.36,0.1
2675,2021-02-20,PAT,407,245,162,123,284,ITH,ITH2,4,Provincia Autonoma Trento,P.A. Trento,541380,180995,33.43,0.08
2676,2021-01-08,PAT,1451,314,1137,1451,0,ITH,ITH2,4,Provincia Autonoma Trento,P.A. Trento,541380,182446,33.7,0.27
2677,2021-06-14,PAT,5741,2968,2773,2117,3624,ITH,ITH2,4,Provincia Autonoma Trento,P.A. Trento,541380,188187,34.76,1.06
2678,2021-04-18,PAT,1855,845,1010,1846,9,ITH,ITH2,4,Provincia Autonoma Trento,P.A. Trento,541380,190042,35.1,0.34
2679,2021-03-06,PAT,786,277,509,635,151,ITH,ITH2,4,Provincia Autonoma Trento,P.A. Trento,541380,190828,35.25,0.15
2680,2021-04-11,PAT,2340,1135,1205,2249,91,ITH,ITH2,4,Provincia Autonoma Trento,P.A. Trento,541380,193168,35.68,0.43
2681,2021-05-21,PAT,5052,2421,2631,3341,1711,ITH,ITH2,4,Provincia Autonoma Trento,P.A. Trento,541380,198220,36.61,0.93
2682,2021-02-01,PAT,1224,338,886,92,1132,ITH,ITH2,4,Provincia Autonoma Trento,P.A. Trento,541380,199444,36.84,0.23
2683,2021-02-03,PAT,847,315,532,414,433,ITH,ITH2,4,Provincia Autonoma Trento,P.A. Trento,541380,200291,37.0,0.16
2684,2021-05-23,PAT,1956,994,962,448,1508,ITH,ITH2,4,Provincia Autonoma Trento,P.A. Trento,541380,202247,37.36,0.36
2685,2021-04-10,PAT,2823,1321,1502,2028,795,ITH,ITH2,4,Provincia Autonoma Trento,P.A. Trento,541380,205070,37.88,0.52
2686,2021-06-16,PAT,6207,3343,2864,2044,4163,ITH,ITH2,4,Provincia Autonoma Trento,P.A. Trento,541380,211277,39.03,1.15
2687,2021-03-15,PAT,1411,545,866,947,464,ITH,ITH2,4,Provincia Autonoma Trento,P.A. Trento,541380,212688,39.29,0.26
2688,2021-01-17,PAT,251,195,56,251,0,ITH,ITH2,4,Provincia Autonoma Trento,P.A. Trento,541380,212939,39.33,0.05
2689,2021-06-23,PAT,6510,3450,3060,4640,1870,ITH,ITH2,4,Provincia Autonoma Trento,P.A. Trento,541380,219449,40.54,1.2
2690,2021-05-11,PAT,3700,1750,1950,2850,850,ITH,ITH2,4,Provincia Autonoma Trento,P.A. Trento,541380,223149,41.22,0.68
2691,2021-04-27,PAT,3913,1881,2032,3844,69,ITH,ITH2,4,Provincia Autonoma Trento,P.A. Trento,541380,227062,41.94,0.72
2692,2021-05-04,PAT,4511,2448,2063,4417,94,ITH,ITH2,4,Provincia Autonoma Trento,P.A. Trento,541380,231573,42.77,0.83
2693,2021-03-08,PAT,1411,434,977,1057,354,ITH,ITH2,4,Provincia Autonoma Trento,P.A. Trento,541380,232984,43.04,0.26
2694,2021-03-22,PAT,2306,973,1333,1431,875,ITH,ITH2,4,Provincia Autonoma Trento,P.A. Trento,541380,235290,43.46,0.43
2695,2021-01-24,PAT,548,276,272,224,324,ITH,ITH2,4,Provincia Autonoma Trento,P.A. Trento,541380,235838,43.56,0.1
2696,2021-06-30,PAT,6653,3420,3233,2658,3995,ITH,ITH2,4,Provincia Autonoma Trento,P.A. Trento,541380,242491,44.79,1.23
2697,2021-01-13,PAT,421,123,298,421,0,ITH,ITH2,4,Provincia Autonoma Trento,P.A. Trento,541380,242912,44.87,0.08
2698,2021-02-12,PAT,1013,341,672,590,423,ITH,ITH2,4,Provincia Autonoma Trento,P.A. Trento,541380,243925,45.06,0.19
2699,2021-03-01,PAT,1237,454,783,942,295,ITH,ITH2,4,Provincia Autonoma Trento,P.A. Trento,541380,245162,45.28,0.23
2700,2021-03-20,PAT,874,403,471,671,203,ITH,ITH2,4,Provincia Autonoma Trento,P.A. Trento,541380,246036,45.45,0.16
2701,2021-03-03,PAT,1659,622,1037,1141,518,ITH,ITH2,4,Provincia Autonoma Trento,P.A. Trento,541380,247695,45.75,0.31
2702,2021-05-07,PAT,5997,3085,2912,5156,841,ITH,ITH2,4,Provincia Autonoma Trento,P.A. Trento,541380,253692,46.86,1.11
2703,2021-04-20,PAT,2879,1377,1502,2843,36,ITH,ITH2,4,Provincia Autonoma Trento,P.A. Trento,541380,256571,47.39,0.53
2704,2021-05-09,PAT,2324,1210,1114,1980,344,ITH,ITH2,4,Provincia Autonoma Trento,P.A. Trento,541380,258895,47.82,0.43
2705,2021-02-15,PAT,534,188,346,420,114,ITH,ITH2,4,Provincia Autonoma Trento,P.A. Trento,541380,259429,47.92,0.1
2706,2021-05-26,PAT,3917,1843,2074,1225,2692,ITH,ITH2,4,Provincia Autonoma Trento,P.A. Trento,541380,263346,48.64,0.72
2707,2021-03-13,PAT,834,383,451,786,48,ITH,ITH2,4,Provincia Autonoma Trento,P.A. Trento,541380,264180,48.8,0.15
2708,2021-06-21,PAT,6130,3308,2822,3732,2398,ITH,ITH2,4,Provincia Autonoma Trento,P.A. Trento,541380,270310,49.93,1.13
2709,2021-04-29,PAT,4642,2241,2401,4434,208,ITH,ITH2,4,Provincia Autonoma Trento,P.A. Trento,541380,274952,50.79,0.86
2710,2021-01-22,PAT,1673,434,1239,331,1342,ITH,ITH2,4,Provincia Autonoma Trento,P.A. Trento,541380,276625,51.1,0.31
2711,2021-02-05,PAT,805,272,533,283,522,ITH,ITH2,4,Provincia Autonoma Trento,P.A. Trento,541380,277430,51.24,0.15
2712,2021-03-30,PAT,2388,973,1415,1751,637,ITH,ITH2,4,Provincia Autonoma Trento,P.A. Trento,541380,279818,51.69,0.44
2713,2021-06-06,PAT,2228,1061,1167,445,1783,ITH,ITH2,4,Provincia Autonoma Trento,P.A. Trento,541380,282046,52.1,0.41
2714,2021-02-17,PAT,1113,425,688,1022,91,ITH,ITH2,4,Provincia Autonoma Trento,P.A. Trento,541380,283159,52.3,0.21
2715,2021-05-30,PAT,1770,872,898,930,840,ITH,ITH2,4,Provincia Autonoma Trento,P.A. Trento,541380,284929,52.63,0.33
2716,2021-04-03,PAT,1141,471,670,972,169,ITH,ITH2,4,Provincia Autonoma Trento,P.A. Trento,541380,286070,52.84,0.21
2717,2021-04-24,PAT,3547,1701,1846,3533,14,ITH,ITH2,4,Provincia Autonoma Trento,P.A. Trento,541380,289617,53.5,0.66
2718,2021-02-26,PAT,1218,435,783,923,295,ITH,ITH2,4,Provincia Autonoma Trento,P.A. Trento,541380,290835,53.72,0.22
2719,2021-01-14,PAT,701,203,498,701,0,ITH,ITH2,4,Provincia Autonoma Trento,P.A. Trento,541380,291536,53.85,0.13
2720,2021-02-28,PAT,242,121,121,242,0,ITH,ITH2,4,Provincia Autonoma Trento,P.A. Trento,541380,291778,53.9,0.04
2721,2021-06-08,PAT,5919,2863,3056,1870,4049,ITH,ITH2,4,Provincia Autonoma Trento,P.A. Trento,541380,297697,54.99,1.09
2722,2021-04-26,PAT,2655,1252,1403,2560,95,ITH,ITH2,4,Provincia Autonoma Trento,P.A. Trento,541380,300352,55.48,0.49
2723,2021-02-19,PAT,929,359,570,870,59,ITH,ITH2,4,Provincia Autonoma Trento,P.A. Trento,541380,301281,55.65,0.17
2724,2021-01-10,PAT,85,20,65,85,0,ITH,ITH2,4,Provincia Autonoma Trento,P.A. Trento,541380,301366,55.67,0.02
2725,2021-01-29,PAT,1358,334,1024,55,1303,ITH,ITH2,4,Provincia Autonoma Trento,P.A. Trento,541380,302724,55.92,0.25
2726,2021-04-22,PAT,3152,1470,1682,3107,45,ITH,ITH2,4,Provincia Autonoma Trento,P.A. Trento,541380,305876,56.5,0.58
2727,2021-04-07,PAT,2622,1017,1605,1680,942,ITH,ITH2,4,Provincia Autonoma Trento,P.A. Trento,541380,308498,56.98,0.48
2728,2021-02-27,PAT,1030,457,573,609,421,ITH,ITH2,4,Provincia Autonoma Trento,P.A. Trento,541380,309528,57.17,0.19
2729,2021-01-01,PAT,214,50,164,214,0,ITH,ITH2,4,Provincia Autonoma Trento,P.A. Trento,541380,309742,57.21,0.04
2730,2021-06-07,PAT,5789,2880,2909,2806,2983,ITH,ITH2,4,Provincia Autonoma Trento,P.A. Trento,541380,315531,58.28,1.07
2731,2021-04-25,PAT,1971,940,1031,1964,7,ITH,ITH2,4,Provincia Autonoma Trento,P.A. Trento,541380,317502,58.65,0.36
2732,2021-06-25,PAT,7466,3999,3467,4106,3360,ITH,ITH2,4,Provincia Autonoma Trento,P.A. Trento,541380,324968,60.03,1.38
2733,2021-05-16,PAT,1331,736,595,1092,239,ITH,ITH2,4,Provincia Autonoma Trento,P.A. Trento,541380,326299,60.27,0.25
2734,2021-01-05,PAT,711,233,478,711,0,ITH,ITH2,4,Provincia Autonoma Trento,P.A. Trento,541380,327010,60.4,0.13
2735,2021-04-15,PAT,3202,1443,1759,3048,154,ITH,ITH2,4,Provincia Autonoma Trento,P.A. Trento,541380,330212,60.99,0.59
2736,2021-06-18,PAT,6922,3685,3237,1814,5108,ITH,ITH2,4,Provincia Autonoma Trento,P.A. Trento,541380,337134,62.27,1.28
2737,2021-03-27,PAT,1620,710,910,1363,257,ITH,ITH2,4,Provincia Autonoma Trento,P.A. Trento,541380,338754,62.57,0.3
2738,2021-06-04,PAT,5824,2605,3219,1832,3992,ITH,ITH2,4,Provincia Autonoma Trento,P.A. Trento,541380,344578,63.65,1.08
2739,2021-07-02,PAT,6385,3492,2893,3302,3083,ITH,ITH2,4,Provincia Autonoma Trento,P.A. Trento,541380,350963,64.83,1.18
2740,2021-01-15,PAT,597,132,465,597,0,ITH,ITH2,4,Provincia Autonoma Trento,P.A. Trento,541380,351560,64.94,0.11
2741,2021-05-20,PAT,5013,2357,2656,3378,1635,ITH,ITH2,4,Provincia Autonoma Trento,P.A. Trento,541380,356573,65.86,0.93
2742,2021-03-24,PAT,2376,940,1436,1556,820,ITH,ITH2,4,Provincia Autonoma Trento,P.A. Trento,541380,358949,66.3,0.44
2743,2021-02-09,PAT,918,287,631,443,475,ITH,ITH2,4,Provincia Autonoma Trento,P.A. Trento,541380,359867,66.47,0.17
2744,2021-03-17,PAT,2071,792,1279,1200,871,ITH,ITH2,4,Provincia Autonoma Trento,P.A. Trento,541380,361938,66.85,0.38
2745,2021-06-27,PAT,1282,685,597,342,940,ITH,ITH2,4,Provincia Autonoma Trento,P.A. Trento,541380,363220,67.09,0.24
2746,2021-01-12,PAT,507,158,349,507,0,ITH,ITH2,4,Provincia Autonoma Trento,P.A. Trento,541380,363727,67.19,0.09
2747,2021-03-19,PAT,2423,915,1508,1571,852,ITH,ITH2,4,Provincia Autonoma Trento,P.A. Trento,541380,366150,67.63,0.45
2748,2021-04-05,PAT,35,17,18,33,2,ITH,ITH2,4,Provincia Autonoma Trento,P.A. Trento,541380,366185,67.64,0.01
2749,2021-06-11,PAT,7193,3423,3770,1574,5619,ITH,ITH2,4,Provincia Autonoma Trento,P.A. Trento,541380,373378,68.97,1.33
2750,2021-06-13,PAT,3686,2033,1653,295,3391,ITH,ITH2,4,Provincia Autonoma Trento,P.A. Trento,541380,377064,69.65,0.68
2751,2020-12-27,PAT,103,40,63,103,0,ITH,ITH2,4,Provincia Autonoma Trento,P.A. Trento,541380,377167,69.67,0.02
2752,2021-05-25,PAT,4770,2269,2501,1868,2902,ITH,ITH2,4,Provincia Autonoma Trento,P.A. Trento,541380,381937,70.55,0.88
2753,2021-05-08,PAT,3162,1726,1436,2740,422,ITH,ITH2,4,Provincia Autonoma Trento,P.A. Trento,541380,385099,71.13,0.58
2754,2021-02-14,PAT,246,186,60,11,235,ITH,ITH2,4,Provincia Autonoma Trento,P.A. Trento,541380,385345,71.18,0.05
2755,2021-05-27,PAT,4293,1991,2302,1252,3041,ITH,ITH2,4,Provincia Autonoma Trento,P.A. Trento,541380,389638,71.97,0.79
2756,2021-02-10,PAT,853,291,562,511,342,ITH,ITH2,4,Provincia Autonoma Trento,P.A. Trento,541380,390491,72.13,0.16
2757,2021-04-08,PAT,3139,1316,1823,2020,1119,ITH,ITH2,4,Provincia Autonoma Trento,P.A. Trento,541380,393630,72.71,0.58
2758,2021-01-31,PAT,76,16,60,1,75,ITH,ITH2,4,Provincia Autonoma Trento,P.A. Trento,541380,393706,72.72,0.01
2759,2021-02-02,PAT,910,240,670,191,719,ITH,ITH2,4,Provincia Autonoma Trento,P.A. Trento,541380,394616,72.89,0.17
2760,2021-05-13,PAT,3407,1580,1827,2305,1102,ITH,ITH2,4,Provincia Autonoma Trento,P.A. Trento,541380,398023,73.52,0.63
2761,2021-03-31,PAT,2585,983,1602,1727,858,ITH,ITH2,4,Provincia Autonoma Trento,P.A. Trento,541380,400608,74.0,0.48
2762,2021-01-26,PAT,543,154,389,27,516,ITH,ITH2,4,Provincia Autonoma Trento,P.A. Trento,541380,401151,74.1,0.1
2763,2021-05-06,PAT,5531,2739,2792,4751,780,ITH,ITH2,4,Provincia Autonoma Trento,P.A. Trento,541380,406682,75.12,1.02
2764,2020-12-31,PAT,1626,449,1177,1626,0,ITH,ITH2,4,Provincia Autonoma Trento,P.A. Trento,541380,408308,75.42,0.3
2765,2021-06-22,PAT,6180,3374,2806,3646,2534,ITH,ITH2,4,Provincia Autonoma Trento,P.A. Trento,541380,414488,76.56,1.14
2766,2021-03-05,PAT,2248,704,1544,1682,566,ITH,ITH2,4,Provincia Autonoma Trento,P.A. Trento,541380,416736,76.98,0.42
2767,2021-01-07,PAT,1272,310,962,1272,0,ITH,ITH2,4,Provincia Autonoma Trento,P.A. Trento,541380,418008,77.21,0.23
2768,2021-04-17,PAT,2232,1139,1093,2175,57,ITH,ITH2,4,Provincia Autonoma Trento,P.A. Trento,541380,420240,77.62,0.41
2769,2021-04-19,PAT,2625,1235,1390,2603,22,ITH,ITH2,4,Provincia Autonoma Trento,P.A. Trento,541380,422865,78.11,0.48
2770,2021-06-15,PAT,6238,3281,2957,1723,4515,ITH,ITH2,4,Provincia Autonoma Trento,P.A. Trento,541380,429103,79.26,1.15
2771,2021-02-24,PAT,1325,525,800,926,399,ITH,ITH2,4,Provincia Autonoma Trento,P.A. Trento,541380,430428,79.51,0.24
2772,2021-06-03,PAT,4766,2235,2531,1301,3465,ITH,ITH2,4,Provincia Autonoma Trento,P.A. Trento,541380,435194,80.39,0.88
2773,2021-01-19,PAT,407,77,330,407,0,ITH,ITH2,4,Provincia Autonoma Trento,P.A. Trento,541380,435601,80.46,0.08
2774,2021-03-10,PAT,2405,929,1476,1483,922,ITH,ITH2,4,Provincia Autonoma Trento,P.A. Trento,541380,438006,80.91,0.44
2775,2021-06-02,PAT,2838,1359,1479,944,1894,ITH,ITH2,4,Provincia Autonoma Trento,P.A. Trento,541380,440844,81.43,0.52
2776,2021-03-11,PAT,2299,852,1447,1474,825,ITH,ITH2,4,Provincia Autonoma Trento,P.A. Trento,541380,443143,81.85,0.42
2777,2021-01-03,PAT,493,160,333,493,0,ITH,ITH2,4,Provincia Autonoma Trento,P.A. Trento,541380,443636,81.95,0.09
2778,2021-02-22,PAT,745,259,486,661,84,ITH,ITH2,4,Provincia Autonoma Trento,P.A. Trento,541380,444381,82.08,0.14
2779,2021-05-18,PAT,4252,2010,2242,3407,845,ITH,ITH2,4,Provincia Autonoma Trento,P.A. Trento,541380,448633,82.87,0.79
2780,2021-03-12,PAT,2518,940,1578,1712,806,ITH,ITH2,4,Provincia Autonoma Trento,P.A. Trento,541380,451151,83.33,0.47
2781,2021-06-20,PAT,1869,1034,835,32,1837,ITH,ITH2,4,Provincia Autonoma Trento,P.A. Trento,541380,453020,83.68,0.35
2782,2021-01-02,PAT,502,143,359,502,0,ITH,ITH2,4,Provincia Autonoma Trento,P.A. Trento,541380,453522,83.77,0.09
2783,2021-03-29,PAT,2493,966,1527,1758,735,ITH,ITH2,4,Provincia Autonoma Trento,P.A. Trento,541380,456015,84.23,0.46
2784,2021-04-12,PAT,3084,1407,1677,2588,496,ITH,ITH2,4,Provincia Autonoma Trento,P.A. Trento,541380,459099,84.8,0.57
2785,2021-01-21,PAT,353,95,258,229,124,ITH,ITH2,4,Provincia Autonoma Trento,P.A. Trento,541380,459452,84.87,0.07
2786,2021-05-01,PAT,4851,2470,2381,4815,36,ITH,ITH2,4,Provincia Autonoma Trento,P.A. Trento,541380,464303,85.76,0.9
2787,2021-02-21,PAT,155,92,63,43,112,ITH,ITH2,4,Provincia Autonoma Trento,P.A. Trento,541380,464458,85.79,0.03
2788,2021-05-15,PAT,1568,815,753,679,889,ITH,ITH2,4,Provincia Autonoma Trento,P.A. Trento,541380,466026,86.08,0.29
2789,2021-06-01,PAT,4012,1875,2137,1157,2855,ITH,ITH2,4,Provincia Autonoma Trento,P.A. Trento,541380,470038,86.82,0.74
2790,2021-03-23,UMB,3790,1682,2108,2161,1629,ITI,ITI2,10,Umbria,Umbria,882015,3790,0.43,0.43
2791,2021-07-01,UMB,9584,4750,4834,3386,6198,ITI,ITI2,10,Umbria,Umbria,882015,13374,1.52,1.09
2792,2021-02-08,UMB,635,203,432,88,547,ITI,ITI2,10,Umbria,Umbria,882015,14009,1.59,0.07
2793,2021-05-19,UMB,9411,4211,5200,5668,3743,ITI,ITI2,10,Umbria,Umbria,882015,23420,2.66,1.07
2794,2021-02-06,UMB,396,138,258,34,362,ITI,ITI2,10,Umbria,Umbria,882015,23816,2.7,0.04
2795,2021-02-13,UMB,114,27,87,111,3,ITI,ITI2,10,Umbria,Umbria,882015,23930,2.71,0.01
2796,2021-05-24,UMB,9054,4509,4545,8175,879,ITI,ITI2,10,Umbria,Umbria,882015,32984,3.74,1.03
2797,2021-04-18,UMB,1531,681,850,601,930,ITI,ITI2,10,Umbria,Umbria,882015,34515,3.91,0.17
2798,2021-01-11,UMB,1303,341,962,1303,0,ITI,ITI2,10,Umbria,Umbria,882015,35818,4.06,0.15
2799,2021-05-05,UMB,7207,3298,3909,3903,3304,ITI,ITI2,10,Umbria,Umbria,882015,43025,4.88,0.82
2800,2021-01-25,UMB,648,323,325,5,643,ITI,ITI2,10,Umbria,Umbria,882015,43673,4.95,0.07
2801,2021-04-04,UMB,57,20,37,22,35,ITI,ITI2,10,Umbria,Umbria,882015,43730,4.96,0.01
2802,2021-06-07,UMB,6941,3425,3516,6248,693,ITI,ITI2,10,Umbria,Umbria,882015,50671,5.74,0.79
2803,2021-03-16,UMB,3538,1454,2084,1911,1627,ITI,ITI2,10,Umbria,Umbria,882015,54209,6.15,0.4
2804,2021-02-27,UMB,1658,354,1304,1642,16,ITI,ITI2,10,Umbria,Umbria,882015,55867,6.33,0.19
2805,2021-04-06,UMB,5287,2165,3122,2900,2387,ITI,ITI2,10,Umbria,Umbria,882015,61154,6.93,0.6
2806,2021-03-28,UMB,1095,441,654,1071,24,ITI,ITI2,10,Umbria,Umbria,882015,62249,7.06,0.12
2807,2021-01-30,UMB,1575,486,1089,44,1531,ITI,ITI2,10,Umbria,Umbria,882015,63824,7.24,0.18
2808,2021-06-14,UMB,5369,2744,2625,3360,2009,ITI,ITI2,10,Umbria,Umbria,882015,69193,7.84,0.61
2809,2021-07-03,UMB,5408,2703,2705,2270,3138,ITI,ITI2,10,Umbria,Umbria,882015,74601,8.46,0.61
2810,2021-01-01,UMB,273,104,169,273,0,ITI,ITI2,10,Umbria,Umbria,882015,74874,8.49,0.03
2811,2021-04-11,UMB,3097,1504,1593,3048,49,ITI,ITI2,10,Umbria,Umbria,882015,77971,8.84,0.35
2812,2021-05-07,UMB,10092,4697,5395,6904,3188,ITI,ITI2,10,Umbria,Umbria,882015,88063,9.98,1.14
2813,2021-06-02,UMB,3914,1881,2033,3874,40,ITI,ITI2,10,Umbria,Umbria,882015,91977,10.43,0.44
2814,2021-02-20,UMB,283,101,182,259,24,ITI,ITI2,10,Umbria,Umbria,882015,92260,10.46,0.03
2815,2021-03-09,UMB,4088,2000,2088,2800,1288,ITI,ITI2,10,Umbria,Umbria,882015,96348,10.92,0.46
2816,2021-05-31,UMB,5802,2837,2965,4918,884,ITI,ITI2,10,Umbria,Umbria,882015,102150,11.58,0.66
2817,2021-05-14,UMB,5323,2507,2816,3506,1817,ITI,ITI2,10,Umbria,Umbria,882015,107473,12.18,0.6
2818,2021-04-23,UMB,6604,2782,3822,3484,3120,ITI,ITI2,10,Umbria,Umbria,882015,114077,12.93,0.75
2819,2021-02-25,UMB,1332,495,837,1280,52,ITI,ITI2,10,Umbria,Umbria,882015,115409,13.08,0.15
2820,2021-03-11,UMB,3582,1722,1860,2576,1006,ITI,ITI2,10,Umbria,Umbria,882015,118991,13.49,0.41
2821,2021-01-13,UMB,449,139,310,449,0,ITI,ITI2,10,Umbria,Umbria,882015,119440,13.54,0.05
2822,2021-06-19,UMB,4564,2199,2365,2534,2030,ITI,ITI2,10,Umbria,Umbria,882015,124004,14.06,0.52
2823,2021-01-06,UMB,846,325,521,846,0,ITI,ITI2,10,Umbria,Umbria,882015,124850,14.16,0.1
2824,2021-06-12,UMB,7706,3683,4023,6129,1577,ITI,ITI2,10,Umbria,Umbria,882015,132556,15.03,0.87
2825,2021-04-16,UMB,8095,3739,4356,6257,1838,ITI,ITI2,10,Umbria,Umbria,882015,140651,15.95,0.92
2826,2021-04-30,UMB,6249,2971,3278,2852,3397,ITI,ITI2,10,Umbria,Umbria,882015,146900,16.66,0.71
2827,2021-03-04,UMB,4484,1855,2629,3657,827,ITI,ITI2,10,Umbria,Umbria,882015,151384,17.16,0.51
2828,2021-01-20,UMB,602,221,381,602,0,ITI,ITI2,10,Umbria,Umbria,882015,151986,17.23,0.07
2829,2021-05-26,UMB,9645,4563,5082,8395,1250,ITI,ITI2,10,Umbria,Umbria,882015,161631,18.33,1.09
2830,2021-05-28,UMB,9582,4434,5148,7287,2295,ITI,ITI2,10,Umbria,Umbria,882015,171213,19.41,1.09
2831,2021-04-15,UMB,7634,3493,4141,5747,1887,ITI,ITI2,10,Umbria,Umbria,882015,178847,20.28,0.87
2832,2021-02-17,UMB,1618,748,870,1267,351,ITI,ITI2,10,Umbria,Umbria,882015,180465,20.46,0.18
2833,2021-04-13,UMB,7675,3396,4279,6007,1668,ITI,ITI2,10,Umbria,Umbria,882015,188140,21.33,0.87
2834,2021-02-15,UMB,1367,692,675,1366,1,ITI,ITI2,10,Umbria,Umbria,882015,189507,21.49,0.15
2835,2021-04-03,UMB,2097,712,1385,1045,1052,ITI,ITI2,10,Umbria,Umbria,882015,191604,21.72,0.24
2836,2021-01-08,UMB,1187,344,843,1187,0,ITI,ITI2,10,Umbria,Umbria,882015,192791,21.86,0.13
2837,2021-05-23,UMB,5068,1854,3214,652,4416,ITI,ITI2,10,Umbria,Umbria,882015,197859,22.43,0.57
2838,2021-04-25,UMB,4357,1684,2673,4275,82,ITI,ITI2,10,Umbria,Umbria,882015,202216,22.93,0.49
2839,2021-06-21,UMB,7491,3925,3566,5154,2337,ITI,ITI2,10,Umbria,Umbria,882015,209707,23.78,0.85
2840,2021-03-06,UMB,4304,1146,3158,4166,138,ITI,ITI2,10,Umbria,Umbria,882015,214011,24.26,0.49
2841,2021-01-22,UMB,276,105,171,32,244,ITI,ITI2,10,Umbria,Umbria,882015,214287,24.3,0.03
2842,2021-06-28,UMB,9655,4775,4880,3759,5896,ITI,ITI2,10,Umbria,Umbria,882015,223942,25.39,1.09
2843,2021-01-18,UMB,613,218,395,529,84,ITI,ITI2,10,Umbria,Umbria,882015,224555,25.46,0.07
2844,2021-05-30,UMB,5982,2999,2983,5780,202,ITI,ITI2,10,Umbria,Umbria,882015,230537,26.14,0.68
2845,2021-03-08,UMB,3696,1822,1874,2335,1361,ITI,ITI2,10,Umbria,Umbria,882015,234233,26.56,0.42
2846,2021-06-16,UMB,6312,3091,3221,3219,3093,ITI,ITI2,10,Umbria,Umbria,882015,240545,27.27,0.72
2847,2021-03-25,UMB,3898,1698,2200,2835,1063,ITI,ITI2,10,Umbria,Umbria,882015,244443,27.71,0.44
2848,2021-03-27,UMB,4251,1513,2738,3911,340,ITI,ITI2,10,Umbria,Umbria,882015,248694,28.2,0.48
2849,2021-05-12,UMB,6488,3025,3463,4342,2146,ITI,ITI2,10,Umbria,Umbria,882015,255182,28.93,0.74
2850,2021-03-30,UMB,3976,1729,2247,2436,1540,ITI,ITI2,10,Umbria,Umbria,882015,259158,29.38,0.45
2851,2020-12-27,UMB,84,44,40,84,0,ITI,ITI2,10,Umbria,Umbria,882015,259242,29.39,0.01
2852,2021-02-22,UMB,1889,807,1082,1803,86,ITI,ITI2,10,Umbria,Umbria,882015,261131,29.61,0.21
2853,2021-06-11,UMB,6903,3465,3438,6137,766,ITI,ITI2,10,Umbria,Umbria,882015,268034,30.39,0.78
2854,2021-03-18,UMB,2965,1171,1794,1703,1262,ITI,ITI2,10,Umbria,Umbria,882015,270999,30.72,0.34
2855,2021-06-26,UMB,9291,4720,4571,5675,3616,ITI,ITI2,10,Umbria,Umbria,882015,280290,31.78,1.05
2856,2021-04-20,UMB,5444,2360,3084,3497,1947,ITI,ITI2,10,Umbria,Umbria,882015,285734,32.4,0.62
2857,2021-01-27,UMB,840,330,510,13,827,ITI,ITI2,10,Umbria,Umbria,882015,286574,32.49,0.1
2858,2021-01-10,UMB,1065,274,791,1065,0,ITI,ITI2,10,Umbria,Umbria,882015,287639,32.61,0.12
2859,2021-05-21,UMB,8970,3668,5302,4142,4828,ITI,ITI2,10,Umbria,Umbria,882015,296609,33.63,1.02
2860,2021-05-04,UMB,5535,2544,2991,2412,3123,ITI,ITI2,10,Umbria,Umbria,882015,302144,34.26,0.63
2861,2021-04-01,UMB,4372,1837,2535,2363,2009,ITI,ITI2,10,Umbria,Umbria,882015,306516,34.75,0.5
2862,2021-02-01,UMB,1284,341,943,48,1236,ITI,ITI2,10,Umbria,Umbria,882015,307800,34.9,0.15
2863,2021-02-18,UMB,1496,582,914,1030,466,ITI,ITI2,10,Umbria,Umbria,882015,309296,35.07,0.17
2864,2021-05-16,UMB,5218,2492,2726,5169,49,ITI,ITI2,10,Umbria,Umbria,882015,314514,35.66,0.59
2865,2021-06-30,UMB,10433,5276,5157,3755,6678,ITI,ITI2,10,Umbria,Umbria,882015,324947,36.84,1.18
2866,2021-01-03,UMB,270,112,158,270,0,ITI,ITI2,10,Umbria,Umbria,882015,325217,36.87,0.03
2867,2021-04-22,UMB,5444,2246,3198,2780,2664,ITI,ITI2,10,Umbria,Umbria,882015,330661,37.49,0.62
2868,2021-04-17,UMB,6676,3069,3607,5336,1340,ITI,ITI2,10,Umbria,Umbria,882015,337337,38.25,0.76
2869,2021-05-02,UMB,3780,1866,1914,1326,2454,ITI,ITI2,10,Umbria,Umbria,882015,341117,38.67,0.43
2870,2021-03-20,UMB,2319,845,1474,2294,25,ITI,ITI2,10,Umbria,Umbria,882015,343436,38.94,0.26
2871,2021-03-13,UMB,1735,524,1211,1486,249,ITI,ITI2,10,Umbria,Umbria,882015,345171,39.13,0.2
2872,2021-01-15,UMB,695,213,482,695,0,ITI,ITI2,10,Umbria,Umbria,882015,345866,39.21,0.08
2873,2021-01-29,UMB,1230,348,882,79,1151,ITI,ITI2,10,Umbria,Umbria,882015,347096,39.35,0.14
2874,2021-05-09,UMB,5753,2752,3001,5362,391,ITI,ITI2,10,Umbria,Umbria,882015,352849,40.0,0.65
2875,2021-05-20,UMB,9830,4585,5245,6180,3650,ITI,ITI2,10,Umbria,Umbria,882015,362679,41.12,1.11
2876,2021-06-18,UMB,4759,2349,2410,1607,3152,ITI,ITI2,10,Umbria,Umbria,882015,367438,41.66,0.54
2877,2021-05-13,UMB,5914,2657,3257,3831,2083,ITI,ITI2,10,Umbria,Umbria,882015,373352,42.33,0.67
2878,2021-02-19,UMB,743,293,450,526,217,ITI,ITI2,10,Umbria,Umbria,882015,374095,42.41,0.08
2879,2021-04-27,UMB,5663,2401,3262,3085,2578,ITI,ITI2,10,Umbria,Umbria,882015,379758,43.06,0.64
2880,2021-02-03,UMB,724,174,550,67,657,ITI,ITI2,10,Umbria,Umbria,882015,380482,43.14,0.08
2881,2021-02-05,UMB,780,234,546,18,762,ITI,ITI2,10,Umbria,Umbria,882015,381262,43.23,0.09
2882,2021-04-12,UMB,7085,3081,4004,5368,1717,ITI,ITI2,10,Umbria,Umbria,882015,388347,44.03,0.8
2883,2021-01-19,UMB,102,23,79,102,0,ITI,ITI2,10,Umbria,Umbria,882015,388449,44.04,0.01
2884,2021-03-01,UMB,1504,774,730,1390,114,ITI,ITI2,10,Umbria,Umbria,882015,389953,44.21,0.17
2885,2021-06-09,UMB,8061,3907,4154,7340,721,ITI,ITI2,10,Umbria,Umbria,882015,398014,45.13,0.91
2886,2021-06-23,UMB,11184,5713,5471,7789,3395,ITI,ITI2,10,Umbria,Umbria,882015,409198,46.39,1.27
2887,2021-03-15,UMB,4594,1938,2656,2828,1766,ITI,ITI2,10,Umbria,Umbria,882015,413792,46.91,0.52
2888,2021-02-10,UMB,714,348,366,699,15,ITI,ITI2,10,Umbria,Umbria,882015,414506,47.0,0.08
2889,2021-01-24,UMB,258,106,152,1,257,ITI,ITI2,10,Umbria,Umbria,882015,414764,47.02,0.03
2890,2021-04-08,UMB,5858,2509,3349,4069,1789,ITI,ITI2,10,Umbria,Umbria,882015,420622,47.69,0.66
2891,2021-06-04,UMB,8904,4401,4503,7710,1194,ITI,ITI2,10,Umbria,Umbria,882015,429526,48.7,1.01
2892,2021-06-13,UMB,6763,3556,3207,6533,230,ITI,ITI2,10,Umbria,Umbria,882015,436289,49.47,0.77
2893,2021-05-01,UMB,5370,2638,2732,2140,3230,ITI,ITI2,10,Umbria,Umbria,882015,441659,50.07,0.61
2894,2021-03-05,UMB,4619,1402,3217,3963,656,ITI,ITI2,10,Umbria,Umbria,882015,446278,50.6,0.52
2895,2021-03-03,UMB,4431,1770,2661,3721,710,ITI,ITI2,10,Umbria,Umbria,882015,450709,51.1,0.5
2896,2021-06-06,UMB,7608,3904,3704,6915,693,ITI,ITI2,10,Umbria,Umbria,882015,458317,51.96,0.86
2897,2021-02-24,UMB,1518,563,955,1503,15,ITI,ITI2,10,Umbria,Umbria,882015,459835,52.13,0.17
2898,2021-05-10,UMB,5974,2793,3181,3826,2148,ITI,ITI2,10,Umbria,Umbria,882015,465809,52.81,0.68
2899,2021-05-08,UMB,8126,3738,4388,4900,3226,ITI,ITI2,10,Umbria,Umbria,882015,473935,53.73,0.92
2900,2021-01-28,UMB,1248,394,854,19,1229,ITI,ITI2,10,Umbria,Umbria,882015,475183,53.87,0.14
2901,2021-05-03,UMB,5086,2270,2816,2199,2887,ITI,ITI2,10,Umbria,Umbria,882015,480269,54.45,0.58
2902,2021-01-23,UMB,280,100,180,2,278,ITI,ITI2,10,Umbria,Umbria,882015,480549,54.48,0.03
2903,2021-01-21,UMB,608,202,406,339,269,ITI,ITI2,10,Umbria,Umbria,882015,481157,54.55,0.07
2904,2021-04-29,UMB,5209,2245,2964,2889,2320,ITI,ITI2,10,Umbria,Umbria,882015,486366,55.14,0.59
2905,2021-03-24,UMB,4103,1792,2311,2780,1323,ITI,ITI2,10,Umbria,Umbria,882015,490469,55.61,0.47
2906,2021-07-02,UMB,8558,4231,4327,3115,5443,ITI,ITI2,10,Umbria,Umbria,882015,499027,56.58,0.97
2907,2021-04-10,UMB,7389,3477,3912,7305,84,ITI,ITI2,10,Umbria,Umbria,882015,506416,57.42,0.84
2908,2021-01-17,UMB,54,17,37,54,0,ITI,ITI2,10,Umbria,Umbria,882015,506470,57.42,0.01
2909,2020-12-31,UMB,322,127,195,322,0,ITI,ITI2,10,Umbria,Umbria,882015,506792,57.46,0.04
2910,2021-06-15,UMB,5966,3010,2956,3906,2060,ITI,ITI2,10,Umbria,Umbria,882015,512758,58.13,0.68
2911,2021-05-11,UMB,6223,2828,3395,4029,2194,ITI,ITI2,10,Umbria,Umbria,882015,518981,58.84,0.71
2912,2021-03-29,UMB,3629,1600,2029,2210,1419,ITI,ITI2,10,Umbria,Umbria,882015,522610,59.25,0.41
2913,2021-01-31,UMB,1058,276,782,25,1033,ITI,ITI2,10,Umbria,Umbria,882015,523668,59.37,0.12
2914,2021-05-25,UMB,8812,4300,4512,7750,1062,ITI,ITI2,10,Umbria,Umbria,882015,532480,60.37,1.0
2915,2021-06-08,UMB,7369,3636,3733,6826,543,ITI,ITI2,10,Umbria,Umbria,882015,539849,61.21,0.84
2916,2021-06-27,UMB,7450,3728,3722,1763,5687,ITI,ITI2,10,Umbria,Umbria,882015,547299,62.05,0.84
2917,2021-05-18,UMB,7731,3349,4382,3894,3837,ITI,ITI2,10,Umbria,Umbria,882015,555030,62.93,0.88
2918,2021-03-22,UMB,3560,1655,1905,2314,1246,ITI,ITI2,10,Umbria,Umbria,882015,558590,63.33,0.4
2919,2021-04-05,UMB,4248,1728,2520,2193,2055,ITI,ITI2,10,Umbria,Umbria,882015,562838,63.81,0.48
2920,2021-02-07,UMB,54,17,37,1,53,ITI,ITI2,10,Umbria,Umbria,882015,562892,63.82,0.01
2921,2021-06-17,UMB,6941,3516,3425,4886,2055,ITI,ITI2,10,Umbria,Umbria,882015,569833,64.61,0.79
2922,2021-03-26,UMB,4588,1712,2876,4416,172,ITI,ITI2,10,Umbria,Umbria,882015,574421,65.13,0.52
2923,2021-01-02,UMB,304,111,193,304,0,ITI,ITI2,10,Umbria,Umbria,882015,574725,65.16,0.03
2924,2021-03-07,UMB,845,180,665,838,7,ITI,ITI2,10,Umbria,Umbria,882015,575570,65.26,0.1
2925,2021-05-29,UMB,7851,3607,4244,6285,1566,ITI,ITI2,10,Umbria,Umbria,882015,583421,66.15,0.89
2926,2021-06-01,UMB,4380,2089,2291,4225,155,ITI,ITI2,10,Umbria,Umbria,882015,587801,66.64,0.5
2927,2021-03-10,UMB,4031,1943,2088,2775,1256,ITI,ITI2,10,Umbria,Umbria,882015,591832,67.1,0.46
2928,2021-01-16,UMB,217,71,146,217,0,ITI,ITI2,10,Umbria,Umbria,882015,592049,67.12,0.02
2929,2021-02-02,UMB,942,272,670,32,910,ITI,ITI2,10,Umbria,Umbria,882015,592991,67.23,0.11
2930,2021-04-26,UMB,5380,2332,3048,3129,2251,ITI,ITI2,10,Umbria,Umbria,882015,598371,67.84,0.61
2931,2021-04-09,UMB,6731,3125,3606,6522,209,ITI,ITI2,10,Umbria,Umbria,882015,605102,68.6,0.76
2932,2021-04-28,UMB,5378,2326,3052,2983,2395,ITI,ITI2,10,Umbria,Umbria,882015,610480,69.21,0.61
2933,2021-02-04,UMB,733,226,507,25,708,ITI,ITI2,10,Umbria,Umbria,882015,611213,69.3,0.08
2934,2021-05-15,UMB,4988,1881,3107,1825,3163,ITI,ITI2,10,Umbria,Umbria,882015,616201,69.86,0.57
2935,2021-01-05,UMB,854,429,425,854,0,ITI,ITI2,10,Umbria,Umbria,882015,617055,69.96,0.1
2936,2021-06-20,UMB,6208,3000,3208,1580,4628,ITI,ITI2,10,Umbria,Umbria,882015,623263,70.66,0.7
2937,2021-04-24,UMB,4558,1960,2598,3377,1181,ITI,ITI2,10,Umbria,Umbria,882015,627821,71.18,0.52
2938,2021-01-12,UMB,834,247,587,834,0,ITI,ITI2,10,Umbria,Umbria,882015,628655,71.27,0.09
2939,2021-03-14,UMB,66,48,18,66,0,ITI,ITI2,10,Umbria,Umbria,882015,628721,71.28,0.01
2940,2021-06-22,UMB,8009,4060,3949,5237,2772,ITI,ITI2,10,Umbria,Umbria,882015,636730,72.19,0.91
2941,2021-03-31,UMB,3897,1728,2169,2211,1686,ITI,ITI2,10,Umbria,Umbria,882015,640627,72.63,0.44
2942,2021-02-16,UMB,1308,655,653,1299,9,ITI,ITI2,10,Umbria,Umbria,882015,641935,72.78,0.15
2943,2021-05-27,UMB,9964,4864,5100,8646,1318,ITI,ITI2,10,Umbria,Umbria,882015,651899,73.91,1.13
2944,2021-01-04,UMB,809,398,411,809,0,ITI,ITI2,10,Umbria,Umbria,882015,652708,74.0,0.09
2945,2021-04-14,UMB,8147,3678,4469,6168,1979,ITI,ITI2,10,Umbria,Umbria,882015,660855,74.93,0.92
2946,2021-06-03,UMB,9031,4463,4568,8746,285,ITI,ITI2,10,Umbria,Umbria,882015,669886,75.95,1.02
2947,2021-04-07,UMB,5571,2292,3279,3567,2004,ITI,ITI2,10,Umbria,Umbria,882015,675457,76.58,0.63
2948,2021-02-23,UMB,1691,657,1034,1649,42,ITI,ITI2,10,Umbria,Umbria,882015,677148,76.77,0.19
2949,2021-06-05,UMB,8221,3775,4446,5567,2654,ITI,ITI2,10,Umbria,Umbria,882015,685369,77.7,0.93
2950,2021-03-12,UMB,2694,1081,1613,2199,495,ITI,ITI2,10,Umbria,Umbria,882015,688063,78.01,0.31
2951,2021-03-21,UMB,675,338,337,675,0,ITI,ITI2,10,Umbria,Umbria,882015,688738,78.09,0.08
2952,2021-06-29,UMB,9843,5010,4833,4171,5672,ITI,ITI2,10,Umbria,Umbria,882015,698581,79.2,1.12
2953,2021-05-17,UMB,6367,3060,3307,4190,2177,ITI,ITI2,10,Umbria,Umbria,882015,704948,79.92,0.72
2954,2021-01-14,UMB,722,192,530,722,0,ITI,ITI2,10,Umbria,Umbria,882015,705670,80.01,0.08
2955,2021-03-19,UMB,1740,565,1175,1084,656,ITI,ITI2,10,Umbria,Umbria,882015,707410,80.2,0.2
2956,2021-02-11,UMB,839,348,491,834,5,ITI,ITI2,10,Umbria,Umbria,882015,708249,80.3,0.1
2957,2021-05-22,UMB,6959,2752,4207,2640,4319,ITI,ITI2,10,Umbria,Umbria,882015,715208,81.09,0.79
2958,2021-04-02,UMB,4343,1778,2565,3588,755,ITI,ITI2,10,Umbria,Umbria,882015,719551,81.58,0.49
2959,2021-01-09,UMB,1717,495,1222,1717,0,ITI,ITI2,10,Umbria,Umbria,882015,721268,81.78,0.19
2960,2021-04-19,UMB,5030,2224,2806,2982,2048,ITI,ITI2,10,Umbria,Umbria,882015,726298,82.35,0.57
2961,2021-03-17,UMB,3328,1313,2015,1856,1472,ITI,ITI2,10,Umbria,Umbria,882015,729626,82.72,0.38
2962,2021-01-07,UMB,1300,387,913,1300,0,ITI,ITI2,10,Umbria,Umbria,882015,730926,82.87,0.15
2963,2021-06-25,UMB,10075,5217,4858,5372,4703,ITI,ITI2,10,Umbria,Umbria,882015,741001,84.01,1.14
2964,2021-01-26,UMB,815,389,426,17,798,ITI,ITI2,10,Umbria,Umbria,882015,741816,84.1,0.09
2965,2021-02-12,UMB,670,224,446,664,6,ITI,ITI2,10,Umbria,Umbria,882015,742486,84.18,0.08
2966,2021-02-26,UMB,660,253,407,652,8,ITI,ITI2,10,Umbria,Umbria,882015,743146,84.26,0.07
2967,2021-05-06,UMB,9451,4313,5138,6137,3314,ITI,ITI2,10,Umbria,Umbria,882015,752597,85.33,1.07
2968,2021-06-10,UMB,7451,3715,3736,6678,773,ITI,ITI2,10,Umbria,Umbria,882015,760048,86.17,0.84
2969,2021-04-21,UMB,5319,2315,3004,3092,2227,ITI,ITI2,10,Umbria,Umbria,882015,765367,86.77,0.6
2970,2021-03-02,UMB,3641,1346,2295,3637,4,ITI,ITI2,10,Umbria,Umbria,882015,769008,87.19,0.41
2971,2021-06-24,UMB,10103,5096,5007,6116,3987,ITI,ITI2,10,Umbria,Umbria,882015,779111,88.33,1.15
2972,2021-05-04,ABR,10749,5050,5699,7133,3616,ITF,ITF1,13,Abruzzo,Abruzzo,1304970,10749,0.82,0.82
2973,2021-03-08,ABR,5148,1693,3455,4178,970,ITF,ITF1,13,Abruzzo,Abruzzo,1304970,15897,1.22,0.39
2974,2021-01-24,ABR,50,22,28,6,44,ITF,ITF1,13,Abruzzo,Abruzzo,1304970,15947,1.22,0.0
2975,2021-03-01,ABR,3478,1385,2093,2727,751,ITF,ITF1,13,Abruzzo,Abruzzo,1304970,19425,1.49,0.27
2976,2021-06-18,ABR,9981,4906,5075,6520,3461,ITF,ITF1,13,Abruzzo,Abruzzo,1304970,29406,2.25,0.76
2977,2020-12-27,ABR,37,19,18,37,0,ITF,ITF1,13,Abruzzo,Abruzzo,1304970,29443,2.26,0.0
2978,2021-03-20,ABR,4793,2199,2594,2622,2171,ITF,ITF1,13,Abruzzo,Abruzzo,1304970,34236,2.62,0.37
2979,2021-06-13,ABR,9692,4859,4833,7856,1836,ITF,ITF1,13,Abruzzo,Abruzzo,1304970,43928,3.37,0.74
2980,2021-01-29,ABR,1387,449,938,74,1313,ITF,ITF1,13,Abruzzo,Abruzzo,1304970,45315,3.47,0.11
2981,2021-01-10,ABR,1139,409,730,1139,0,ITF,ITF1,13,Abruzzo,Abruzzo,1304970,46454,3.56,0.09
2982,2021-04-29,ABR,12671,5850,6821,9576,3095,ITF,ITF1,13,Abruzzo,Abruzzo,1304970,59125,4.53,0.97
2983,2021-06-25,ABR,10784,5323,5461,4802,5982,ITF,ITF1,13,Abruzzo,Abruzzo,1304970,69909,5.36,0.83
2984,2021-01-15,ABR,379,149,230,379,0,ITF,ITF1,13,Abruzzo,Abruzzo,1304970,70288,5.39,0.03
2985,2021-04-27,ABR,9085,4368,4717,6618,2467,ITF,ITF1,13,Abruzzo,Abruzzo,1304970,79373,6.08,0.7
2986,2021-07-02,ABR,11616,5842,5774,4792,6824,ITF,ITF1,13,Abruzzo,Abruzzo,1304970,90989,6.97,0.89
2987,2021-03-15,ABR,3683,1447,2236,1876,1807,ITF,ITF1,13,Abruzzo,Abruzzo,1304970,94672,7.25,0.28
2988,2021-01-17,ABR,188,59,129,181,7,ITF,ITF1,13,Abruzzo,Abruzzo,1304970,94860,7.27,0.01
2989,2021-05-30,ABR,8660,4113,4547,5407,3253,ITF,ITF1,13,Abruzzo,Abruzzo,1304970,103520,7.93,0.66
2990,2021-04-03,ABR,5160,2257,2903,3563,1597,ITF,ITF1,13,Abruzzo,Abruzzo,1304970,108680,8.33,0.4
2991,2021-02-12,ABR,1228,567,661,1039,189,ITF,ITF1,13,Abruzzo,Abruzzo,1304970,109908,8.42,0.09
2992,2021-05-23,ABR,9881,4696,5185,7189,2692,ITF,ITF1,13,Abruzzo,Abruzzo,1304970,119789,9.18,0.76
2993,2021-01-22,ABR,118,57,61,118,0,ITF,ITF1,13,Abruzzo,Abruzzo,1304970,119907,9.19,0.01
2994,2021-01-03,ABR,471,185,286,471,0,ITF,ITF1,13,Abruzzo,Abruzzo,1304970,120378,9.22,0.04
2995,2021-03-27,ABR,6121,2620,3501,3635,2486,ITF,ITF1,13,Abruzzo,Abruzzo,1304970,126499,9.69,0.47
2996,2021-01-05,ABR,1615,604,1011,1615,0,ITF,ITF1,13,Abruzzo,Abruzzo,1304970,128114,9.82,0.12
2997,2021-03-03,ABR,4633,1891,2742,3727,906,ITF,ITF1,13,Abruzzo,Abruzzo,1304970,132747,10.17,0.36
2998,2021-04-08,ABR,7395,3337,4058,5065,2330,ITF,ITF1,13,Abruzzo,Abruzzo,1304970,140142,10.74,0.57
2999,2021-04-22,ABR,6729,3249,3480,4999,1730,ITF,ITF1,13,Abruzzo,Abruzzo,1304970,146871,11.25,0.52
3000,2021-03-22,ABR,4344,1908,2436,2373,1971,ITF,ITF1,13,Abruzzo,Abruzzo,1304970,151215,11.59,0.33
3001,2021-06-30,ABR,10916,5292,5624,4420,6496,ITF,ITF1,13,Abruzzo,Abruzzo,1304970,162131,12.42,0.84
3002,2021-02-22,ABR,2642,1173,1469,2612,30,ITF,ITF1,13,Abruzzo,Abruzzo,1304970,164773,12.63,0.2
3003,2021-02-05,ABR,1534,521,1013,788,746,ITF,ITF1,13,Abruzzo,Abruzzo,1304970,166307,12.74,0.12
3004,2021-05-16,ABR,9577,4137,5440,5765,3812,ITF,ITF1,13,Abruzzo,Abruzzo,1304970,175884,13.48,0.73
3005,2021-06-04,ABR,15614,7377,8237,10923,4691,ITF,ITF1,13,Abruzzo,Abruzzo,1304970,191498,14.67,1.2
3006,2021-05-18,ABR,12110,5660,6450,7730,4380,ITF,ITF1,13,Abruzzo,Abruzzo,1304970,203608,15.6,0.93
3007,2021-02-24,ABR,3307,1442,1865,3131,176,ITF,ITF1,13,Abruzzo,Abruzzo,1304970,206915,15.86,0.25
3008,2021-02-10,ABR,947,312,635,503,444,ITF,ITF1,13,Abruzzo,Abruzzo,1304970,207862,15.93,0.07
3009,2021-02-02,ABR,1763,668,1095,222,1541,ITF,ITF1,13,Abruzzo,Abruzzo,1304970,209625,16.06,0.14
3010,2021-05-13,ABR,11146,5042,6104,7187,3959,ITF,ITF1,13,Abruzzo,Abruzzo,1304970,220771,16.92,0.85
3011,2021-03-31,ABR,6712,2938,3774,4643,2069,ITF,ITF1,13,Abruzzo,Abruzzo,1304970,227483,17.43,0.51
3012,2021-05-15,ABR,11428,5177,6251,6127,5301,ITF,ITF1,13,Abruzzo,Abruzzo,1304970,238911,18.31,0.88
3013,2021-05-27,ABR,13310,6093,7217,8489,4821,ITF,ITF1,13,Abruzzo,Abruzzo,1304970,252221,19.33,1.02
3014,2021-03-19,ABR,5793,2584,3209,2773,3020,ITF,ITF1,13,Abruzzo,Abruzzo,1304970,258014,19.77,0.44
3015,2021-03-05,ABR,5348,1958,3390,4651,697,ITF,ITF1,13,Abruzzo,Abruzzo,1304970,263362,20.18,0.41
3016,2021-06-27,ABR,8194,4212,3982,4977,3217,ITF,ITF1,13,Abruzzo,Abruzzo,1304970,271556,20.81,0.63
3017,2021-04-07,ABR,7221,3333,3888,4437,2784,ITF,ITF1,13,Abruzzo,Abruzzo,1304970,278777,21.36,0.55
3018,2021-06-06,ABR,11024,5256,5768,8834,2190,ITF,ITF1,13,Abruzzo,Abruzzo,1304970,289801,22.21,0.84
3019,2021-04-10,ABR,8775,4058,4717,6267,2508,ITF,ITF1,13,Abruzzo,Abruzzo,1304970,298576,22.88,0.67
3020,2021-04-17,ABR,7357,3401,3956,4304,3053,ITF,ITF1,13,Abruzzo,Abruzzo,1304970,305933,23.44,0.56
3021,2021-02-19,ABR,3300,1551,1749,3200,100,ITF,ITF1,13,Abruzzo,Abruzzo,1304970,309233,23.7,0.25
3022,2021-04-15,ABR,7819,3679,4140,5979,1840,ITF,ITF1,13,Abruzzo,Abruzzo,1304970,317052,24.3,0.6
3023,2021-06-22,ABR,10222,4790,5432,5378,4844,ITF,ITF1,13,Abruzzo,Abruzzo,1304970,327274,25.08,0.78
3024,2021-06-23,ABR,10821,5206,5615,5528,5293,ITF,ITF1,13,Abruzzo,Abruzzo,1304970,338095,25.91,0.83
3025,2021-03-17,ABR,4539,1873,2666,2799,1740,ITF,ITF1,13,Abruzzo,Abruzzo,1304970,342634,26.26,0.35
3026,2021-03-24,ABR,6383,2784,3599,4132,2251,ITF,ITF1,13,Abruzzo,Abruzzo,1304970,349017,26.75,0.49
3027,2021-02-17,ABR,2071,948,1123,1789,282,ITF,ITF1,13,Abruzzo,Abruzzo,1304970,351088,26.9,0.16
3028,2021-06-11,ABR,11557,5753,5804,8797,2760,ITF,ITF1,13,Abruzzo,Abruzzo,1304970,362645,27.79,0.89
3029,2021-05-11,ABR,10752,5113,5639,5907,4845,ITF,ITF1,13,Abruzzo,Abruzzo,1304970,373397,28.61,0.82
3030,2021-04-05,ABR,2692,1147,1545,1813,879,ITF,ITF1,13,Abruzzo,Abruzzo,1304970,376089,28.82,0.21
3031,2021-01-19,ABR,111,55,56,91,20,ITF,ITF1,13,Abruzzo,Abruzzo,1304970,376200,28.83,0.01
3032,2021-02-07,ABR,778,307,471,201,577,ITF,ITF1,13,Abruzzo,Abruzzo,1304970,376978,28.89,0.06
3033,2021-01-21,ABR,157,47,110,157,0,ITF,ITF1,13,Abruzzo,Abruzzo,1304970,377135,28.9,0.01
3034,2021-05-01,ABR,10734,5042,5692,5760,4974,ITF,ITF1,13,Abruzzo,Abruzzo,1304970,387869,29.72,0.82
3035,2021-05-20,ABR,12746,5902,6844,7488,5258,ITF,ITF1,13,Abruzzo,Abruzzo,1304970,400615,30.7,0.98
3036,2021-02-03,ABR,2062,717,1345,419,1643,ITF,ITF1,13,Abruzzo,Abruzzo,1304970,402677,30.86,0.16
3037,2021-02-28,ABR,1702,508,1194,1700,2,ITF,ITF1,13,Abruzzo,Abruzzo,1304970,404379,30.99,0.13
3038,2021-01-02,ABR,552,220,332,552,0,ITF,ITF1,13,Abruzzo,Abruzzo,1304970,404931,31.03,0.04
3039,2021-06-08,ABR,12687,6523,6164,10490,2197,ITF,ITF1,13,Abruzzo,Abruzzo,1304970,417618,32.0,0.97
3040,2021-04-26,ABR,8561,4065,4496,7347,1214,ITF,ITF1,13,Abruzzo,Abruzzo,1304970,426179,32.66,0.66
3041,2021-06-01,ABR,10999,4882,6117,6632,4367,ITF,ITF1,13,Abruzzo,Abruzzo,1304970,437178,33.5,0.84
3042,2021-03-10,ABR,5045,1682,3363,4089,956,ITF,ITF1,13,Abruzzo,Abruzzo,1304970,442223,33.89,0.39
3043,2021-01-26,ABR,1542,567,975,30,1512,ITF,ITF1,13,Abruzzo,Abruzzo,1304970,443765,34.01,0.12
3044,2021-05-06,ABR,12986,6077,6909,7960,5026,ITF,ITF1,13,Abruzzo,Abruzzo,1304970,456751,35.0,1.0
3045,2021-04-09,ABR,8925,4226,4699,6386,2539,ITF,ITF1,13,Abruzzo,Abruzzo,1304970,465676,35.68,0.68
3046,2021-01-07,ABR,1605,553,1052,1605,0,ITF,ITF1,13,Abruzzo,Abruzzo,1304970,467281,35.81,0.12
3047,2021-02-26,ABR,3925,1681,2244,2955,970,ITF,ITF1,13,Abruzzo,Abruzzo,1304970,471206,36.11,0.3
3048,2021-01-18,ABR,125,51,74,46,79,ITF,ITF1,13,Abruzzo,Abruzzo,1304970,471331,36.12,0.01
3049,2021-06-24,ABR,10725,5337,5388,5687,5038,ITF,ITF1,13,Abruzzo,Abruzzo,1304970,482056,36.94,0.82
3050,2021-04-28,ABR,9513,4587,4926,7490,2023,ITF,ITF1,13,Abruzzo,Abruzzo,1304970,491569,37.67,0.73
3051,2021-05-12,ABR,9630,4600,5030,6050,3580,ITF,ITF1,13,Abruzzo,Abruzzo,1304970,501199,38.41,0.74
3052,2021-03-16,ABR,3484,1452,2032,1830,1654,ITF,ITF1,13,Abruzzo,Abruzzo,1304970,504683,38.67,0.27
3053,2021-05-05,ABR,11640,5574,6066,6434,5206,ITF,ITF1,13,Abruzzo,Abruzzo,1304970,516323,39.57,0.89
3054,2021-03-09,ABR,5176,1804,3372,4238,938,ITF,ITF1,13,Abruzzo,Abruzzo,1304970,521499,39.96,0.4
3055,2021-07-01,ABR,12532,6153,6379,5748,6784,ITF,ITF1,13,Abruzzo,Abruzzo,1304970,534031,40.92,0.96
3056,2021-03-29,ABR,5709,2599,3110,3070,2639,ITF,ITF1,13,Abruzzo,Abruzzo,1304970,539740,41.36,0.44
3057,2021-06-03,ABR,13180,6278,6902,9404,3776,ITF,ITF1,13,Abruzzo,Abruzzo,1304970,552920,42.37,1.01
3058,2021-03-12,ABR,6014,1987,4027,4432,1582,ITF,ITF1,13,Abruzzo,Abruzzo,1304970,558934,42.83,0.46
3059,2021-06-20,ABR,8315,4178,4137,5389,2926,ITF,ITF1,13,Abruzzo,Abruzzo,1304970,567249,43.47,0.64
3060,2021-03-14,ABR,1873,731,1142,1207,666,ITF,ITF1,13,Abruzzo,Abruzzo,1304970,569122,43.61,0.14
3061,2021-02-25,ABR,3052,1340,1712,2524,528,ITF,ITF1,13,Abruzzo,Abruzzo,1304970,572174,43.85,0.23
3062,2021-06-05,ABR,14581,6844,7737,10534,4047,ITF,ITF1,13,Abruzzo,Abruzzo,1304970,586755,44.96,1.12
3063,2021-06-19,ABR,10309,5079,5230,6481,3828,ITF,ITF1,13,Abruzzo,Abruzzo,1304970,597064,45.75,0.79
3064,2021-03-28,ABR,2415,1015,1400,2043,372,ITF,ITF1,13,Abruzzo,Abruzzo,1304970,599479,45.94,0.19
3065,2021-04-14,ABR,6593,2949,3644,4473,2120,ITF,ITF1,13,Abruzzo,Abruzzo,1304970,606072,46.44,0.51
3066,2021-01-12,ABR,1805,667,1138,1805,0,ITF,ITF1,13,Abruzzo,Abruzzo,1304970,607877,46.58,0.14
3067,2021-05-25,ABR,11418,5324,6094,8281,3137,ITF,ITF1,13,Abruzzo,Abruzzo,1304970,619295,47.46,0.87
3068,2021-01-31,ABR,1521,493,1028,288,1233,ITF,ITF1,13,Abruzzo,Abruzzo,1304970,620816,47.57,0.12
3069,2021-05-10,ABR,10103,4780,5323,5454,4649,ITF,ITF1,13,Abruzzo,Abruzzo,1304970,630919,48.35,0.77
3070,2021-04-23,ABR,7382,3388,3994,5080,2302,ITF,ITF1,13,Abruzzo,Abruzzo,1304970,638301,48.91,0.57
3071,2021-01-30,ABR,1511,568,943,69,1442,ITF,ITF1,13,Abruzzo,Abruzzo,1304970,639812,49.03,0.12
3072,2021-02-09,ABR,909,312,597,500,409,ITF,ITF1,13,Abruzzo,Abruzzo,1304970,640721,49.1,0.07
3073,2021-02-11,ABR,816,262,554,773,43,ITF,ITF1,13,Abruzzo,Abruzzo,1304970,641537,49.16,0.06
3074,2021-05-24,ABR,12267,5857,6410,8917,3350,ITF,ITF1,13,Abruzzo,Abruzzo,1304970,653804,50.1,0.94
3075,2021-02-18,ABR,2288,933,1355,2158,130,ITF,ITF1,13,Abruzzo,Abruzzo,1304970,656092,50.28,0.18
3076,2021-05-29,ABR,10317,4429,5888,4544,5773,ITF,ITF1,13,Abruzzo,Abruzzo,1304970,666409,51.07,0.79
3077,2021-05-22,ABR,13093,6363,6730,8198,4895,ITF,ITF1,13,Abruzzo,Abruzzo,1304970,679502,52.07,1.0
3078,2021-03-26,ABR,5354,2311,3043,3279,2075,ITF,ITF1,13,Abruzzo,Abruzzo,1304970,684856,52.48,0.41
3079,2021-05-31,ABR,11311,5104,6207,6888,4423,ITF,ITF1,13,Abruzzo,Abruzzo,1304970,696167,53.35,0.87
3080,2021-04-20,ABR,5596,2693,2903,4178,1418,ITF,ITF1,13,Abruzzo,Abruzzo,1304970,701763,53.78,0.43
3081,2021-04-25,ABR,9066,4621,4445,8256,810,ITF,ITF1,13,Abruzzo,Abruzzo,1304970,710829,54.47,0.69
3082,2021-01-08,ABR,1525,507,1018,1525,0,ITF,ITF1,13,Abruzzo,Abruzzo,1304970,712354,54.59,0.12
3083,2021-04-18,ABR,5814,2728,3086,4871,943,ITF,ITF1,13,Abruzzo,Abruzzo,1304970,718168,55.03,0.45
3084,2021-02-20,ABR,4773,1841,2932,4697,76,ITF,ITF1,13,Abruzzo,Abruzzo,1304970,722941,55.4,0.37
3085,2021-01-04,ABR,1403,576,827,1403,0,ITF,ITF1,13,Abruzzo,Abruzzo,1304970,724344,55.51,0.11
3086,2021-01-23,ABR,264,115,149,57,207,ITF,ITF1,13,Abruzzo,Abruzzo,1304970,724608,55.53,0.02
3087,2021-05-03,ABR,11116,5243,5873,7286,3830,ITF,ITF1,13,Abruzzo,Abruzzo,1304970,735724,56.38,0.85
3088,2021-04-16,ABR,7537,3487,4050,5620,1917,ITF,ITF1,13,Abruzzo,Abruzzo,1304970,743261,56.96,0.58
3089,2021-03-11,ABR,5494,2220,3274,4356,1138,ITF,ITF1,13,Abruzzo,Abruzzo,1304970,748755,57.38,0.42
3090,2021-06-02,ABR,9763,4743,5020,6952,2811,ITF,ITF1,13,Abruzzo,Abruzzo,1304970,758518,58.13,0.75
3091,2021-04-19,ABR,6226,2858,3368,3854,2372,ITF,ITF1,13,Abruzzo,Abruzzo,1304970,764744,58.6,0.48
3092,2021-02-21,ABR,1218,550,668,1217,1,ITF,ITF1,13,Abruzzo,Abruzzo,1304970,765962,58.7,0.09
3093,2021-06-15,ABR,11105,5475,5630,8686,2419,ITF,ITF1,13,Abruzzo,Abruzzo,1304970,777067,59.55,0.85
3094,2021-04-12,ABR,6207,2944,3263,5033,1174,ITF,ITF1,13,Abruzzo,Abruzzo,1304970,783274,60.02,0.48
3095,2021-01-16,ABR,934,430,504,934,0,ITF,ITF1,13,Abruzzo,Abruzzo,1304970,784208,60.09,0.07
3096,2021-06-29,ABR,11163,5503,5660,5181,5982,ITF,ITF1,13,Abruzzo,Abruzzo,1304970,795371,60.95,0.86
3097,2021-03-21,ABR,2134,914,1220,844,1290,ITF,ITF1,13,Abruzzo,Abruzzo,1304970,797505,61.11,0.16
3098,2021-06-12,ABR,11191,5792,5399,9861,1330,ITF,ITF1,13,Abruzzo,Abruzzo,1304970,808696,61.97,0.86
3099,2021-03-07,ABR,2523,630,1893,2523,0,ITF,ITF1,13,Abruzzo,Abruzzo,1304970,811219,62.16,0.19
3100,2021-01-09,ABR,1484,566,918,1484,0,ITF,ITF1,13,Abruzzo,Abruzzo,1304970,812703,62.28,0.11
3101,2021-05-07,ABR,12203,5713,6490,7790,4413,ITF,ITF1,13,Abruzzo,Abruzzo,1304970,824906,63.21,0.94
3102,2021-03-13,ABR,4124,1420,2704,3081,1043,ITF,ITF1,13,Abruzzo,Abruzzo,1304970,829030,63.53,0.32
3103,2021-06-21,ABR,10889,5308,5581,4916,5973,ITF,ITF1,13,Abruzzo,Abruzzo,1304970,839919,64.36,0.83
3104,2021-03-30,ABR,5126,2261,2865,3304,1822,ITF,ITF1,13,Abruzzo,Abruzzo,1304970,845045,64.76,0.39
3105,2021-01-06,ABR,1831,664,1167,1831,0,ITF,ITF1,13,Abruzzo,Abruzzo,1304970,846876,64.9,0.14
3106,2021-05-17,ABR,11034,5037,5997,6180,4854,ITF,ITF1,13,Abruzzo,Abruzzo,1304970,857910,65.74,0.85
3107,2021-02-23,ABR,2781,1274,1507,2770,11,ITF,ITF1,13,Abruzzo,Abruzzo,1304970,860691,65.95,0.21
3108,2021-02-06,ABR,1610,743,867,602,1008,ITF,ITF1,13,Abruzzo,Abruzzo,1304970,862301,66.08,0.12
3109,2021-02-08,ABR,1194,395,799,486,708,ITF,ITF1,13,Abruzzo,Abruzzo,1304970,863495,66.17,0.09
3110,2021-05-19,ABR,10691,5108,5583,7653,3038,ITF,ITF1,13,Abruzzo,Abruzzo,1304970,874186,66.99,0.82
3111,2021-04-30,ABR,12406,5816,6590,6685,5721,ITF,ITF1,13,Abruzzo,Abruzzo,1304970,886592,67.94,0.95
3112,2021-04-13,ABR,5855,2739,3116,4655,1200,ITF,ITF1,13,Abruzzo,Abruzzo,1304970,892447,68.39,0.45
3113,2021-01-20,ABR,447,156,291,445,2,ITF,ITF1,13,Abruzzo,Abruzzo,1304970,892894,68.42,0.03
3114,2021-05-02,ABR,10458,5110,5348,5230,5228,ITF,ITF1,13,Abruzzo,Abruzzo,1304970,903352,69.22,0.8
3115,2021-04-02,ABR,6694,3102,3592,5207,1487,ITF,ITF1,13,Abruzzo,Abruzzo,1304970,910046,69.74,0.51
3116,2021-02-04,ABR,1682,616,1066,610,1072,ITF,ITF1,13,Abruzzo,Abruzzo,1304970,911728,69.87,0.13
3117,2021-04-04,ABR,1631,767,864,1502,129,ITF,ITF1,13,Abruzzo,Abruzzo,1304970,913359,69.99,0.12
3118,2021-06-16,ABR,10707,5355,5352,8045,2662,ITF,ITF1,13,Abruzzo,Abruzzo,1304970,924066,70.81,0.82
3119,2021-06-17,ABR,10743,5379,5364,7301,3442,ITF,ITF1,13,Abruzzo,Abruzzo,1304970,934809,71.63,0.82
3120,2021-02-01,ABR,1632,573,1059,271,1361,ITF,ITF1,13,Abruzzo,Abruzzo,1304970,936441,71.76,0.13
3121,2021-03-23,ABR,4832,2187,2645,2266,2566,ITF,ITF1,13,Abruzzo,Abruzzo,1304970,941273,72.13,0.37
3122,2021-01-25,ABR,1604,632,972,17,1587,ITF,ITF1,13,Abruzzo,Abruzzo,1304970,942877,72.25,0.12
3123,2021-03-25,ABR,5794,2663,3131,3177,2617,ITF,ITF1,13,Abruzzo,Abruzzo,1304970,948671,72.7,0.44
3124,2021-01-27,ABR,1364,515,849,39,1325,ITF,ITF1,13,Abruzzo,Abruzzo,1304970,950035,72.8,0.1
3125,2021-07-03,ABR,7890,3941,3949,2604,5286,ITF,ITF1,13,Abruzzo,Abruzzo,1304970,957925,73.41,0.6
3126,2021-05-21,ABR,13014,6326,6688,8035,4979,ITF,ITF1,13,Abruzzo,Abruzzo,1304970,970939,74.4,1.0
3127,2021-03-18,ABR,3896,1651,2245,2065,1831,ITF,ITF1,13,Abruzzo,Abruzzo,1304970,974835,74.7,0.3
3128,2021-06-26,ABR,9854,4924,4930,5660,4194,ITF,ITF1,13,Abruzzo,Abruzzo,1304970,984689,75.46,0.76
3129,2021-05-14,ABR,10593,5069,5524,5446,5147,ITF,ITF1,13,Abruzzo,Abruzzo,1304970,995282,76.27,0.81
3130,2021-04-01,ABR,5591,2505,3086,3504,2087,ITF,ITF1,13,Abruzzo,Abruzzo,1304970,1000873,76.7,0.43
3131,2021-02-27,ABR,2812,1338,1474,2546,266,ITF,ITF1,13,Abruzzo,Abruzzo,1304970,1003685,76.91,0.22
3132,2021-06-07,ABR,10996,5244,5752,9180,1816,ITF,ITF1,13,Abruzzo,Abruzzo,1304970,1014681,77.76,0.84
3133,2021-04-11,ABR,5330,2606,2724,4847,483,ITF,ITF1,13,Abruzzo,Abruzzo,1304970,1020011,78.16,0.41
3134,2021-06-09,ABR,11423,6022,5401,9745,1678,ITF,ITF1,13,Abruzzo,Abruzzo,1304970,1031434,79.04,0.88
3135,2021-03-06,ABR,4177,1358,2819,3607,570,ITF,ITF1,13,Abruzzo,Abruzzo,1304970,1035611,79.36,0.32
3136,2021-01-13,ABR,1258,441,817,1258,0,ITF,ITF1,13,Abruzzo,Abruzzo,1304970,1036869,79.46,0.1
3137,2021-02-13,ABR,854,385,469,438,416,ITF,ITF1,13,Abruzzo,Abruzzo,1304970,1037723,79.52,0.07
3138,2021-03-04,ABR,5936,2360,3576,5014,922,ITF,ITF1,13,Abruzzo,Abruzzo,1304970,1043659,79.98,0.45
3139,2021-05-28,ABR,14008,6307,7701,7659,6349,ITF,ITF1,13,Abruzzo,Abruzzo,1304970,1057667,81.05,1.07
3140,2021-05-08,ABR,10291,4870,5421,6459,3832,ITF,ITF1,13,Abruzzo,Abruzzo,1304970,1067958,81.84,0.79
3141,2021-04-24,ABR,8726,3976,4750,7196,1530,ITF,ITF1,13,Abruzzo,Abruzzo,1304970,1076684,82.51,0.67
3142,2021-01-14,ABR,530,189,341,530,0,ITF,ITF1,13,Abruzzo,Abruzzo,1304970,1077214,82.55,0.04
3143,2021-02-16,ABR,1917,842,1075,1905,12,ITF,ITF1,13,Abruzzo,Abruzzo,1304970,1079131,82.69,0.15
3144,2021-03-02,ABR,3965,1675,2290,3281,684,ITF,ITF1,13,Abruzzo,Abruzzo,1304970,1083096,83.0,0.3
3145,2021-06-10,ABR,12555,6244,6311,10393,2162,ITF,ITF1,13,Abruzzo,Abruzzo,1304970,1095651,83.96,0.96
3146,2021-01-28,ABR,1433,495,938,12,1421,ITF,ITF1,13,Abruzzo,Abruzzo,1304970,1097084,84.07,0.11
3147,2021-01-11,ABR,1553,557,996,1553,0,ITF,ITF1,13,Abruzzo,Abruzzo,1304970,1098637,84.19,0.12
3148,2021-04-21,ABR,6388,3100,3288,4714,1674,ITF,ITF1,13,Abruzzo,Abruzzo,1304970,1105025,84.68,0.49
3149,2021-06-28,ABR,9780,4683,5097,5233,4547,ITF,ITF1,13,Abruzzo,Abruzzo,1304970,1114805,85.43,0.75
3150,2021-04-06,ABR,7678,3579,4099,5360,2318,ITF,ITF1,13,Abruzzo,Abruzzo,1304970,1122483,86.02,0.59
3151,2021-05-09,ABR,9156,4090,5066,4286,4870,ITF,ITF1,13,Abruzzo,Abruzzo,1304970,1131639,86.72,0.7
3152,2021-02-15,ABR,1795,832,963,1753,42,ITF,ITF1,13,Abruzzo,Abruzzo,1304970,1133434,86.86,0.14
3153,2021-05-26,ABR,13560,6050,7510,8565,4995,ITF,ITF1,13,Abruzzo,Abruzzo,1304970,1146994,87.89,1.04
3154,2021-06-14,ABR,10828,5348,5480,7463,3365,ITF,ITF1,13,Abruzzo,Abruzzo,1304970,1157822,88.72,0.83
3155,2021-05-17,LAZ,44505,20368,24137,35934,8571,ITI,ITI4,12,Lazio,Lazio,5879082,44505,0.76,0.76
3156,2021-02-06,LAZ,6159,2492,3667,840,5319,ITI,ITI4,12,Lazio,Lazio,5879082,50664,0.86,0.1
3157,2021-02-11,LAZ,7000,3012,3988,6467,533,ITI,ITI4,12,Lazio,Lazio,5879082,57664,0.98,0.12
3158,2021-04-11,LAZ,19155,8470,10685,13274,5881,ITI,ITI4,12,Lazio,Lazio,5879082,76819,1.31,0.33
3159,2021-02-13,LAZ,6612,2627,3985,6194,418,ITI,ITI4,12,Lazio,Lazio,5879082,83431,1.42,0.11
3160,2021-03-30,LAZ,26796,12960,13836,19647,7149,ITI,ITI4,12,Lazio,Lazio,5879082,110227,1.87,0.46
3161,2021-04-18,LAZ,23808,10577,13231,16158,7650,ITI,ITI4,12,Lazio,Lazio,5879082,134035,2.28,0.4
3162,2021-05-19,LAZ,47121,21631,25490,37018,10103,ITI,ITI4,12,Lazio,Lazio,5879082,181156,3.08,0.8
3163,2021-01-04,LAZ,7485,2909,4576,7485,0,ITI,ITI4,12,Lazio,Lazio,5879082,188641,3.21,0.13
3164,2021-06-24,LAZ,62723,29703,33020,28930,33793,ITI,ITI4,12,Lazio,Lazio,5879082,251364,4.28,1.07
3165,2021-06-07,LAZ,62129,29015,33114,33007,29122,ITI,ITI4,12,Lazio,Lazio,5879082,313493,5.33,1.06
3166,2021-02-20,LAZ,9207,4274,4933,8436,771,ITI,ITI4,12,Lazio,Lazio,5879082,322700,5.49,0.16
3167,2021-05-31,LAZ,51476,22852,28624,31791,19685,ITI,ITI4,12,Lazio,Lazio,5879082,374176,6.36,0.88
3168,2021-04-04,LAZ,17533,8106,9427,12268,5265,ITI,ITI4,12,Lazio,Lazio,5879082,391709,6.66,0.3
3169,2021-03-16,LAZ,13544,5739,7805,7100,6444,ITI,ITI4,12,Lazio,Lazio,5879082,405253,6.89,0.23
3170,2021-03-09,LAZ,21956,9910,12046,16757,5199,ITI,ITI4,12,Lazio,Lazio,5879082,427209,7.27,0.37
3171,2021-01-11,LAZ,5542,2109,3433,5542,0,ITI,ITI4,12,Lazio,Lazio,5879082,432751,7.36,0.09
3172,2021-05-26,LAZ,47479,21805,25674,35378,12101,ITI,ITI4,12,Lazio,Lazio,5879082,480230,8.17,0.81
3173,2021-03-04,LAZ,19412,8719,10693,14394,5018,ITI,ITI4,12,Lazio,Lazio,5879082,499642,8.5,0.33
3174,2021-06-12,LAZ,63754,29037,34717,34405,29349,ITI,ITI4,12,Lazio,Lazio,5879082,563396,9.58,1.08
3175,2021-06-14,LAZ,62529,29325,33204,32415,30114,ITI,ITI4,12,Lazio,Lazio,5879082,625925,10.65,1.06
3176,2021-03-21,LAZ,18226,7162,11064,13175,5051,ITI,ITI4,12,Lazio,Lazio,5879082,644151,10.96,0.31
3177,2020-12-30,LAZ,1630,629,1001,1630,0,ITI,ITI4,12,Lazio,Lazio,5879082,645781,10.98,0.03
3178,2021-07-01,LAZ,47274,22516,24758,7113,40161,ITI,ITI4,12,Lazio,Lazio,5879082,693055,11.79,0.8
3179,2021-04-09,LAZ,27563,12497,15066,19311,8252,ITI,ITI4,12,Lazio,Lazio,5879082,720618,12.26,0.47
3180,2021-03-23,LAZ,25218,11777,13441,18622,6596,ITI,ITI4,12,Lazio,Lazio,5879082,745836,12.69,0.43
3181,2021-04-16,LAZ,34430,15697,18733,22337,12093,ITI,ITI4,12,Lazio,Lazio,5879082,780266,13.27,0.59
3182,2021-01-23,LAZ,7214,2869,4345,585,6629,ITI,ITI4,12,Lazio,Lazio,5879082,787480,13.39,0.12
3183,2021-01-06,LAZ,5124,1962,3162,5124,0,ITI,ITI4,12,Lazio,Lazio,5879082,792604,13.48,0.09
3184,2021-02-25,LAZ,12679,5536,7143,11601,1078,ITI,ITI4,12,Lazio,Lazio,5879082,805283,13.7,0.22
3185,2021-06-05,LAZ,65909,32508,33401,43184,22725,ITI,ITI4,12,Lazio,Lazio,5879082,871192,14.82,1.12
3186,2021-02-18,LAZ,10018,4975,5043,9207,811,ITI,ITI4,12,Lazio,Lazio,5879082,881210,14.99,0.17
3187,2021-05-12,LAZ,47543,21574,25969,30896,16647,ITI,ITI4,12,Lazio,Lazio,5879082,928753,15.8,0.81
3188,2021-02-01,LAZ,5676,2178,3498,354,5322,ITI,ITI4,12,Lazio,Lazio,5879082,934429,15.89,0.1
3189,2021-01-13,LAZ,5694,2151,3543,5694,0,ITI,ITI4,12,Lazio,Lazio,5879082,940123,15.99,0.1
3190,2021-04-23,LAZ,37696,18097,19599,22420,15276,ITI,ITI4,12,Lazio,Lazio,5879082,977819,16.63,0.64
3191,2021-06-26,LAZ,55779,26269,29510,25065,30714,ITI,ITI4,12,Lazio,Lazio,5879082,1033598,17.58,0.95
3192,2021-04-30,LAZ,41359,18319,23040,27146,14213,ITI,ITI4,12,Lazio,Lazio,5879082,1074957,18.28,0.7
3193,2021-06-19,LAZ,60021,28077,31944,29728,30293,ITI,ITI4,12,Lazio,Lazio,5879082,1134978,19.31,1.02
3194,2021-05-07,LAZ,48216,22603,25613,30466,17750,ITI,ITI4,12,Lazio,Lazio,5879082,1183194,20.13,0.82
3195,2021-03-11,LAZ,25283,11887,13396,19053,6230,ITI,ITI4,12,Lazio,Lazio,5879082,1208477,20.56,0.43
3196,2021-05-24,LAZ,43929,20132,23797,34169,9760,ITI,ITI4,12,Lazio,Lazio,5879082,1252406,21.3,0.75
3197,2021-01-03,LAZ,5255,1973,3282,5255,0,ITI,ITI4,12,Lazio,Lazio,5879082,1257661,21.39,0.09
3198,2021-04-13,LAZ,25757,11937,13820,18041,7716,ITI,ITI4,12,Lazio,Lazio,5879082,1283418,21.83,0.44
3199,2021-01-08,LAZ,7730,2895,4835,7730,0,ITI,ITI4,12,Lazio,Lazio,5879082,1291148,21.96,0.13
3200,2021-06-21,LAZ,61233,28384,32849,28860,32373,ITI,ITI4,12,Lazio,Lazio,5879082,1352381,23.0,1.04
3201,2021-03-13,LAZ,21762,8690,13072,15868,5894,ITI,ITI4,12,Lazio,Lazio,5879082,1374143,23.37,0.37
3202,2021-02-08,LAZ,9739,4152,5587,4507,5232,ITI,ITI4,12,Lazio,Lazio,5879082,1383882,23.54,0.17
3203,2021-05-02,LAZ,32636,14339,18297,23273,9363,ITI,ITI4,12,Lazio,Lazio,5879082,1416518,24.09,0.56
3204,2021-01-25,LAZ,8111,3246,4865,770,7341,ITI,ITI4,12,Lazio,Lazio,5879082,1424629,24.23,0.14
3205,2021-05-05,LAZ,46781,21461,25320,30951,15830,ITI,ITI4,12,Lazio,Lazio,5879082,1471410,25.03,0.8
3206,2021-03-02,LAZ,17190,7608,9582,13255,3935,ITI,ITI4,12,Lazio,Lazio,5879082,1488600,25.32,0.29
3207,2021-01-18,LAZ,6267,2557,3710,5289,978,ITI,ITI4,12,Lazio,Lazio,5879082,1494867,25.43,0.11
3208,2021-04-28,LAZ,32928,15027,17901,21357,11571,ITI,ITI4,12,Lazio,Lazio,5879082,1527795,25.99,0.56
3209,2021-03-27,LAZ,26326,10664,15662,19851,6475,ITI,ITI4,12,Lazio,Lazio,5879082,1554121,26.43,0.45
3210,2021-05-23,LAZ,47086,22842,24244,39705,7381,ITI,ITI4,12,Lazio,Lazio,5879082,1601207,27.24,0.8
3211,2021-05-09,LAZ,37541,17259,20282,26269,11272,ITI,ITI4,12,Lazio,Lazio,5879082,1638748,27.87,0.64
3212,2021-02-15,LAZ,8026,3540,4486,7395,631,ITI,ITI4,12,Lazio,Lazio,5879082,1646774,28.01,0.14
3213,2021-01-29,LAZ,8043,3080,4963,813,7230,ITI,ITI4,12,Lazio,Lazio,5879082,1654817,28.15,0.14
3214,2021-02-17,LAZ,9187,4608,4579,8310,877,ITI,ITI4,12,Lazio,Lazio,5879082,1664004,28.3,0.16
3215,2021-05-28,LAZ,56840,26337,30503,43730,13110,ITI,ITI4,12,Lazio,Lazio,5879082,1720844,29.27,0.97
3216,2021-03-28,LAZ,19124,7770,11354,13814,5310,ITI,ITI4,12,Lazio,Lazio,5879082,1739968,29.6,0.33
3217,2021-06-09,LAZ,69944,33004,36940,36374,33570,ITI,ITI4,12,Lazio,Lazio,5879082,1809912,30.79,1.19
3218,2021-04-27,LAZ,30705,13860,16845,19857,10848,ITI,ITI4,12,Lazio,Lazio,5879082,1840617,31.31,0.52
3219,2021-03-01,LAZ,17115,7367,9748,13230,3885,ITI,ITI4,12,Lazio,Lazio,5879082,1857732,31.6,0.29
3220,2021-04-01,LAZ,29627,14034,15593,22486,7141,ITI,ITI4,12,Lazio,Lazio,5879082,1887359,32.1,0.5
3221,2021-06-23,LAZ,61792,29059,32733,28721,33071,ITI,ITI4,12,Lazio,Lazio,5879082,1949151,33.15,1.05
3222,2021-01-30,LAZ,7013,2895,4118,808,6205,ITI,ITI4,12,Lazio,Lazio,5879082,1956164,33.27,0.12
3223,2021-01-15,LAZ,6582,2708,3874,6582,0,ITI,ITI4,12,Lazio,Lazio,5879082,1962746,33.39,0.11
3224,2021-04-25,LAZ,24522,11249,13273,16705,7817,ITI,ITI4,12,Lazio,Lazio,5879082,1987268,33.8,0.42
3225,2021-04-06,LAZ,24388,11111,13277,17274,7114,ITI,ITI4,12,Lazio,Lazio,5879082,2011656,34.22,0.41
3226,2020-12-27,LAZ,274,132,142,274,0,ITI,ITI4,12,Lazio,Lazio,5879082,2011930,34.22,0.0
3227,2021-07-03,LAZ,37783,17694,20089,3665,34118,ITI,ITI4,12,Lazio,Lazio,5879082,2049713,34.86,0.64
3228,2021-02-03,LAZ,6488,2488,4000,964,5524,ITI,ITI4,12,Lazio,Lazio,5879082,2056201,34.97,0.11
3229,2021-01-20,LAZ,4809,1945,2864,3266,1543,ITI,ITI4,12,Lazio,Lazio,5879082,2061010,35.06,0.08
3230,2021-05-14,LAZ,51479,23519,27960,33163,18316,ITI,ITI4,12,Lazio,Lazio,5879082,2112489,35.93,0.88
3231,2021-03-18,LAZ,14225,6078,8147,7834,6391,ITI,ITI4,12,Lazio,Lazio,5879082,2126714,36.17,0.24
3232,2021-01-01,LAZ,3555,1382,2173,3555,0,ITI,ITI4,12,Lazio,Lazio,5879082,2130269,36.23,0.06
3233,2021-01-10,LAZ,4043,1702,2341,4043,0,ITI,ITI4,12,Lazio,Lazio,5879082,2134312,36.3,0.07
3234,2021-06-16,LAZ,63999,30632,33367,32306,31693,ITI,ITI4,12,Lazio,Lazio,5879082,2198311,37.39,1.09
3235,2021-04-20,LAZ,31085,14276,16809,19785,11300,ITI,ITI4,12,Lazio,Lazio,5879082,2229396,37.92,0.53
3236,2021-03-08,LAZ,20863,9046,11817,15590,5273,ITI,ITI4,12,Lazio,Lazio,5879082,2250259,38.28,0.35
3237,2021-04-22,LAZ,38871,19228,19643,24251,14620,ITI,ITI4,12,Lazio,Lazio,5879082,2289130,38.94,0.66
3238,2021-03-10,LAZ,23330,10652,12678,17683,5647,ITI,ITI4,12,Lazio,Lazio,5879082,2312460,39.33,0.4
3239,2021-01-12,LAZ,5413,1981,3432,5413,0,ITI,ITI4,12,Lazio,Lazio,5879082,2317873,39.43,0.09
3240,2021-06-18,LAZ,63738,30619,33119,30709,33029,ITI,ITI4,12,Lazio,Lazio,5879082,2381611,40.51,1.08
3241,2021-05-16,LAZ,50929,24522,26407,37443,13486,ITI,ITI4,12,Lazio,Lazio,5879082,2432540,41.38,0.87
3242,2021-06-28,LAZ,58337,27768,30569,27796,30541,ITI,ITI4,12,Lazio,Lazio,5879082,2490877,42.37,0.99
3243,2021-02-12,LAZ,6848,2849,3999,6432,416,ITI,ITI4,12,Lazio,Lazio,5879082,2497725,42.48,0.12
3244,2020-12-31,LAZ,5293,2121,3172,5293,0,ITI,ITI4,12,Lazio,Lazio,5879082,2503018,42.57,0.09
3245,2021-04-10,LAZ,23925,10408,13517,16735,7190,ITI,ITI4,12,Lazio,Lazio,5879082,2526943,42.98,0.41
3246,2021-02-05,LAZ,7309,2979,4330,1210,6099,ITI,ITI4,12,Lazio,Lazio,5879082,2534252,43.11,0.12
3247,2021-04-03,LAZ,24783,11183,13600,18083,6700,ITI,ITI4,12,Lazio,Lazio,5879082,2559035,43.53,0.42
3248,2021-03-06,LAZ,18359,7084,11275,14102,4257,ITI,ITI4,12,Lazio,Lazio,5879082,2577394,43.84,0.31
3249,2021-01-31,LAZ,4460,1854,2606,477,3983,ITI,ITI4,12,Lazio,Lazio,5879082,2581854,43.92,0.08
3250,2021-05-11,LAZ,48281,22170,26111,31742,16539,ITI,ITI4,12,Lazio,Lazio,5879082,2630135,44.74,0.82
3251,2021-03-20,LAZ,19106,7566,11540,13221,5885,ITI,ITI4,12,Lazio,Lazio,5879082,2649241,45.06,0.32
3252,2021-06-30,LAZ,62056,29037,33019,30131,31925,ITI,ITI4,12,Lazio,Lazio,5879082,2711297,46.12,1.06
3253,2021-04-08,LAZ,26733,12243,14490,19036,7697,ITI,ITI4,12,Lazio,Lazio,5879082,2738030,46.57,0.45
3254,2021-07-02,LAZ,47022,22366,24656,6564,40458,ITI,ITI4,12,Lazio,Lazio,5879082,2785052,47.37,0.8
3255,2021-04-15,LAZ,31939,14310,17629,21126,10813,ITI,ITI4,12,Lazio,Lazio,5879082,2816991,47.92,0.54
3256,2021-02-10,LAZ,8191,3402,4789,4849,3342,ITI,ITI4,12,Lazio,Lazio,5879082,2825182,48.05,0.14
3257,2021-05-21,LAZ,51806,24861,26945,37857,13949,ITI,ITI4,12,Lazio,Lazio,5879082,2876988,48.94,0.88
3258,2021-06-04,LAZ,61366,29890,31476,43740,17626,ITI,ITI4,12,Lazio,Lazio,5879082,2938354,49.98,1.04
3259,2021-05-04,LAZ,39868,18342,21526,26348,13520,ITI,ITI4,12,Lazio,Lazio,5879082,2978222,50.66,0.68
3260,2021-02-24,LAZ,12049,5209,6840,11055,994,ITI,ITI4,12,Lazio,Lazio,5879082,2990271,50.86,0.2
3261,2021-03-29,LAZ,25216,11896,13320,18179,7037,ITI,ITI4,12,Lazio,Lazio,5879082,3015487,51.29,0.43
3262,2021-02-22,LAZ,11458,4990,6468,10956,502,ITI,ITI4,12,Lazio,Lazio,5879082,3026945,51.49,0.19
3263,2021-06-02,LAZ,43232,21481,21751,31733,11499,ITI,ITI4,12,Lazio,Lazio,5879082,3070177,52.22,0.74
3264,2021-06-11,LAZ,69059,32390,36669,36910,32149,ITI,ITI4,12,Lazio,Lazio,5879082,3139236,53.4,1.17
3265,2021-05-06,LAZ,48739,22695,26044,31192,17547,ITI,ITI4,12,Lazio,Lazio,5879082,3187975,54.23,0.83
3266,2021-01-17,LAZ,4893,2027,2866,4681,212,ITI,ITI4,12,Lazio,Lazio,5879082,3192868,54.31,0.08
3267,2021-01-19,LAZ,4770,1956,2814,4316,454,ITI,ITI4,12,Lazio,Lazio,5879082,3197638,54.39,0.08
3268,2021-04-29,LAZ,38662,17248,21414,25427,13235,ITI,ITI4,12,Lazio,Lazio,5879082,3236300,55.05,0.66
3269,2021-03-03,LAZ,17856,7865,9991,13562,4294,ITI,ITI4,12,Lazio,Lazio,5879082,3254156,55.35,0.3
3270,2021-01-26,LAZ,7962,3128,4834,725,7237,ITI,ITI4,12,Lazio,Lazio,5879082,3262118,55.49,0.14
3271,2021-04-02,LAZ,29306,14012,15294,21969,7337,ITI,ITI4,12,Lazio,Lazio,5879082,3291424,55.99,0.5
3272,2021-01-28,LAZ,8279,3165,5114,782,7497,ITI,ITI4,12,Lazio,Lazio,5879082,3299703,56.13,0.14
3273,2021-05-08,LAZ,45432,20738,24694,30024,15408,ITI,ITI4,12,Lazio,Lazio,5879082,3345135,56.9,0.77
3274,2021-03-26,LAZ,29973,13788,16185,23127,6846,ITI,ITI4,12,Lazio,Lazio,5879082,3375108,57.41,0.51
3275,2021-03-22,LAZ,23160,10390,12770,16486,6674,ITI,ITI4,12,Lazio,Lazio,5879082,3398268,57.8,0.39
3276,2020-12-29,LAZ,488,176,312,488,0,ITI,ITI4,12,Lazio,Lazio,5879082,3398756,57.81,0.01
3277,2021-06-13,LAZ,52559,23273,29286,27735,24824,ITI,ITI4,12,Lazio,Lazio,5879082,3451315,58.7,0.89
3278,2021-03-07,LAZ,14133,5466,8667,10540,3593,ITI,ITI4,12,Lazio,Lazio,5879082,3465448,58.95,0.24
3279,2021-06-15,LAZ,65377,31505,33872,33453,31924,ITI,ITI4,12,Lazio,Lazio,5879082,3530825,60.06,1.11
3280,2021-03-24,LAZ,27645,12898,14747,21408,6237,ITI,ITI4,12,Lazio,Lazio,5879082,3558470,60.53,0.47
3281,2021-05-29,LAZ,51952,23348,28604,40980,10972,ITI,ITI4,12,Lazio,Lazio,5879082,3610422,61.41,0.88
3282,2021-03-25,LAZ,28997,13357,15640,22390,6607,ITI,ITI4,12,Lazio,Lazio,5879082,3639419,61.9,0.49
3283,2021-01-27,LAZ,6116,2389,3727,999,5117,ITI,ITI4,12,Lazio,Lazio,5879082,3645535,62.01,0.1
3284,2021-06-01,LAZ,48773,23536,25237,30288,18485,ITI,ITI4,12,Lazio,Lazio,5879082,3694308,62.84,0.83
3285,2021-04-05,LAZ,19844,9063,10781,13663,6181,ITI,ITI4,12,Lazio,Lazio,5879082,3714152,63.18,0.34
3286,2021-05-25,LAZ,47419,22233,25186,35757,11662,ITI,ITI4,12,Lazio,Lazio,5879082,3761571,63.98,0.81
3287,2021-03-15,LAZ,20863,9757,11106,14120,6743,ITI,ITI4,12,Lazio,Lazio,5879082,3782434,64.34,0.35
3288,2021-01-05,LAZ,7375,2803,4572,7375,0,ITI,ITI4,12,Lazio,Lazio,5879082,3789809,64.46,0.13
3289,2021-01-24,LAZ,5696,2229,3467,612,5084,ITI,ITI4,12,Lazio,Lazio,5879082,3795505,64.56,0.1
3290,2021-02-07,LAZ,4944,2026,2918,387,4557,ITI,ITI4,12,Lazio,Lazio,5879082,3800449,64.64,0.08
3291,2021-05-18,LAZ,44921,20541,24380,35378,9543,ITI,ITI4,12,Lazio,Lazio,5879082,3845370,65.41,0.76
3292,2021-04-12,LAZ,23845,10748,13097,16945,6900,ITI,ITI4,12,Lazio,Lazio,5879082,3869215,65.81,0.41
3293,2021-06-08,LAZ,66283,31565,34718,36535,29748,ITI,ITI4,12,Lazio,Lazio,5879082,3935498,66.94,1.13
3294,2021-01-09,LAZ,6298,2562,3736,6298,0,ITI,ITI4,12,Lazio,Lazio,5879082,3941796,67.05,0.11
3295,2021-04-19,LAZ,30102,13680,16422,19421,10681,ITI,ITI4,12,Lazio,Lazio,5879082,3971898,67.56,0.51
3296,2021-02-21,LAZ,6989,3180,3809,6526,463,ITI,ITI4,12,Lazio,Lazio,5879082,3978887,67.68,0.12
3297,2021-05-10,LAZ,44437,20305,24132,31022,13415,ITI,ITI4,12,Lazio,Lazio,5879082,4023324,68.43,0.76
3298,2021-05-27,LAZ,58105,26966,31139,44417,13688,ITI,ITI4,12,Lazio,Lazio,5879082,4081429,69.42,0.99
3299,2021-03-05,LAZ,19565,8667,10898,14832,4733,ITI,ITI4,12,Lazio,Lazio,5879082,4100994,69.76,0.33
3300,2021-02-16,LAZ,8360,4035,4325,7753,607,ITI,ITI4,12,Lazio,Lazio,5879082,4109354,69.9,0.14
3301,2021-04-24,LAZ,33420,15076,18344,20646,12774,ITI,ITI4,12,Lazio,Lazio,5879082,4142774,70.47,0.57
3302,2021-05-30,LAZ,41177,17621,23556,33824,7353,ITI,ITI4,12,Lazio,Lazio,5879082,4183951,71.17,0.7
3303,2021-05-13,LAZ,50117,22517,27600,32335,17782,ITI,ITI4,12,Lazio,Lazio,5879082,4234068,72.02,0.85
3304,2021-06-29,LAZ,59088,28050,31038,28179,30909,ITI,ITI4,12,Lazio,Lazio,5879082,4293156,73.02,1.01
3305,2021-01-14,LAZ,5488,2145,3343,5488,0,ITI,ITI4,12,Lazio,Lazio,5879082,4298644,73.12,0.09
3306,2021-04-07,LAZ,25730,11932,13798,18417,7313,ITI,ITI4,12,Lazio,Lazio,5879082,4324374,73.56,0.44
3307,2020-12-28,LAZ,959,412,547,959,0,ITI,ITI4,12,Lazio,Lazio,5879082,4325333,73.57,0.02
3308,2021-01-16,LAZ,5645,2281,3364,5645,0,ITI,ITI4,12,Lazio,Lazio,5879082,4330978,73.67,0.1
3309,2021-04-26,LAZ,29235,13458,15777,20031,9204,ITI,ITI4,12,Lazio,Lazio,5879082,4360213,74.16,0.5
3310,2021-02-02,LAZ,5911,2213,3698,639,5272,ITI,ITI4,12,Lazio,Lazio,5879082,4366124,74.27,0.1
3311,2021-03-17,LAZ,13811,5914,7897,7555,6256,ITI,ITI4,12,Lazio,Lazio,5879082,4379935,74.5,0.23
3312,2021-06-25,LAZ,61652,29484,32168,28348,33304,ITI,ITI4,12,Lazio,Lazio,5879082,4441587,75.55,1.05
3313,2021-06-27,LAZ,47002,21462,25540,21021,25981,ITI,ITI4,12,Lazio,Lazio,5879082,4488589,76.35,0.8
3314,2021-02-19,LAZ,10043,5078,4965,9212,831,ITI,ITI4,12,Lazio,Lazio,5879082,4498632,76.52,0.17
3315,2021-06-17,LAZ,66349,31822,34527,32189,34160,ITI,ITI4,12,Lazio,Lazio,5879082,4564981,77.65,1.13
3316,2021-04-21,LAZ,33038,15014,18024,20663,12375,ITI,ITI4,12,Lazio,Lazio,5879082,4598019,78.21,0.56
3317,2021-06-03,LAZ,56317,28486,27831,38632,17685,ITI,ITI4,12,Lazio,Lazio,5879082,4654336,79.17,0.96
3318,2021-06-10,LAZ,71311,33587,37724,37666,33645,ITI,ITI4,12,Lazio,Lazio,5879082,4725647,80.38,1.21
3319,2021-04-14,LAZ,29304,13280,16024,19181,10123,ITI,ITI4,12,Lazio,Lazio,5879082,4754951,80.88,0.5
3320,2021-02-14,LAZ,5777,2372,3405,5306,471,ITI,ITI4,12,Lazio,Lazio,5879082,4760728,80.98,0.1
3321,2021-02-28,LAZ,10263,4017,6246,9748,515,ITI,ITI4,12,Lazio,Lazio,5879082,4770991,81.15,0.17
3322,2021-01-02,LAZ,6708,2631,4077,6708,0,ITI,ITI4,12,Lazio,Lazio,5879082,4777699,81.27,0.11
3323,2021-02-04,LAZ,6336,2505,3831,1021,5315,ITI,ITI4,12,Lazio,Lazio,5879082,4784035,81.37,0.11
3324,2021-05-22,LAZ,55100,26992,28108,44419,10681,ITI,ITI4,12,Lazio,Lazio,5879082,4839135,82.31,0.94
3325,2021-05-15,LAZ,57335,27393,29942,40824,16511,ITI,ITI4,12,Lazio,Lazio,5879082,4896470,83.29,0.98
3326,2021-03-19,LAZ,17416,7537,9879,11088,6328,ITI,ITI4,12,Lazio,Lazio,5879082,4913886,83.58,0.3
3327,2021-05-03,LAZ,39224,17708,21516,26617,12607,ITI,ITI4,12,Lazio,Lazio,5879082,4953110,84.25,0.67
3328,2021-06-22,LAZ,62040,28572,33468,29085,32955,ITI,ITI4,12,Lazio,Lazio,5879082,5015150,85.3,1.06
3329,2021-03-14,LAZ,17238,6752,10486,12084,5154,ITI,ITI4,12,Lazio,Lazio,5879082,5032388,85.6,0.29
3330,2021-01-22,LAZ,4006,1636,2370,491,3515,ITI,ITI4,12,Lazio,Lazio,5879082,5036394,85.67,0.07
3331,2021-02-27,LAZ,11449,4285,7164,10471,978,ITI,ITI4,12,Lazio,Lazio,5879082,5047843,85.86,0.19
3332,2021-05-20,LAZ,51501,24755,26746,37779,13722,ITI,ITI4,12,Lazio,Lazio,5879082,5099344,86.74,0.88
3333,2021-06-20,LAZ,49225,22419,26806,24333,24892,ITI,ITI4,12,Lazio,Lazio,5879082,5148569,87.57,0.84
3334,2021-06-06,LAZ,57912,27912,30000,35414,22498,ITI,ITI4,12,Lazio,Lazio,5879082,5206481,88.56,0.99
3335,2021-02-26,LAZ,13119,5728,7391,11724,1395,ITI,ITI4,12,Lazio,Lazio,5879082,5219600,88.78,0.22
3336,2021-05-01,LAZ,37953,17083,20870,25990,11963,ITI,ITI4,12,Lazio,Lazio,5879082,5257553,89.43,0.65
3337,2021-04-17,LAZ,32363,14204,18159,20388,11975,ITI,ITI4,12,Lazio,Lazio,5879082,5289916,89.98,0.55
3338,2021-03-12,LAZ,23903,11000,12903,17586,6317,ITI,ITI4,12,Lazio,Lazio,5879082,5313819,90.39,0.41
3339,2021-02-09,LAZ,8802,3770,5032,4581,4221,ITI,ITI4,12,Lazio,Lazio,5879082,5322621,90.53,0.15
3340,2021-02-23,LAZ,11094,4784,6310,10330,764,ITI,ITI4,12,Lazio,Lazio,5879082,5333715,90.72,0.19
3341,2021-01-21,LAZ,5603,2348,3255,550,5053,ITI,ITI4,12,Lazio,Lazio,5879082,5339318,90.82,0.1
3342,2021-03-31,LAZ,27622,13323,14299,20526,7096,ITI,ITI4,12,Lazio,Lazio,5879082,5366940,91.29,0.47
3343,2021-01-07,LAZ,7752,2904,4848,7752,0,ITI,ITI4,12,Lazio,Lazio,5879082,5374692,91.42,0.13
3344,2021-05-27,MAR,13732,6816,6916,9431,4301,ITI,ITI3,11,Marche,Marche,1525271,13732,0.9,0.9
3345,2021-03-31,MAR,7373,3086,4287,4350,3023,ITI,ITI3,11,Marche,Marche,1525271,21105,1.38,0.48
3346,2021-03-29,MAR,5867,2569,3298,3439,2428,ITI,ITI3,11,Marche,Marche,1525271,26972,1.77,0.38
3347,2021-05-15,MAR,13970,6377,7593,8077,5893,ITI,ITI3,11,Marche,Marche,1525271,40942,2.68,0.92
3348,2021-02-19,MAR,1991,731,1260,1856,135,ITI,ITI3,11,Marche,Marche,1525271,42933,2.81,0.13
3349,2020-12-31,MAR,391,183,208,391,0,ITI,ITI3,11,Marche,Marche,1525271,43324,2.84,0.03
3350,2021-05-20,MAR,12433,5845,6588,7724,4709,ITI,ITI3,11,Marche,Marche,1525271,55757,3.66,0.82
3351,2021-02-07,MAR,1871,735,1136,344,1527,ITI,ITI3,11,Marche,Marche,1525271,57628,3.78,0.12
3352,2021-01-31,MAR,1918,769,1149,102,1816,ITI,ITI3,11,Marche,Marche,1525271,59546,3.9,0.13
3353,2021-04-07,MAR,8176,3614,4562,7829,347,ITI,ITI3,11,Marche,Marche,1525271,67722,4.44,0.54
3354,2021-02-09,MAR,124,42,82,46,78,ITI,ITI3,11,Marche,Marche,1525271,67846,4.45,0.01
3355,2021-01-21,MAR,918,261,657,591,327,ITI,ITI3,11,Marche,Marche,1525271,68764,4.51,0.06
3356,2021-05-01,MAR,9318,3924,5394,3576,5742,ITI,ITI3,11,Marche,Marche,1525271,78082,5.12,0.61
3357,2021-03-05,MAR,6209,2868,3341,4741,1468,ITI,ITI3,11,Marche,Marche,1525271,84291,5.53,0.41
3358,2021-01-07,MAR,1808,636,1172,1808,0,ITI,ITI3,11,Marche,Marche,1525271,86099,5.64,0.12
3359,2021-01-26,MAR,2020,747,1273,90,1930,ITI,ITI3,11,Marche,Marche,1525271,88119,5.78,0.13
3360,2021-04-19,MAR,9603,4497,5106,8022,1581,ITI,ITI3,11,Marche,Marche,1525271,97722,6.41,0.63
3361,2021-02-14,MAR,738,301,437,738,0,ITI,ITI3,11,Marche,Marche,1525271,98460,6.46,0.05
3362,2021-03-24,MAR,7032,2983,4049,3364,3668,ITI,ITI3,11,Marche,Marche,1525271,105492,6.92,0.46
3363,2021-06-01,MAR,12068,6160,5908,9973,2095,ITI,ITI3,11,Marche,Marche,1525271,117560,7.71,0.79
3364,2021-03-10,MAR,5672,2404,3268,4532,1140,ITI,ITI3,11,Marche,Marche,1525271,123232,8.08,0.37
3365,2021-02-21,MAR,376,141,235,375,1,ITI,ITI3,11,Marche,Marche,1525271,123608,8.1,0.02
3366,2021-01-19,MAR,232,87,145,142,90,ITI,ITI3,11,Marche,Marche,1525271,123840,8.12,0.02
3367,2021-02-02,MAR,1193,398,795,72,1121,ITI,ITI3,11,Marche,Marche,1525271,125033,8.2,0.08
3368,2021-05-13,MAR,12603,5695,6908,7104,5499,ITI,ITI3,11,Marche,Marche,1525271,137636,9.02,0.83
3369,2021-04-12,MAR,8564,3770,4794,8082,482,ITI,ITI3,11,Marche,Marche,1525271,146200,9.59,0.56
3370,2021-04-05,MAR,5691,2358,3333,4422,1269,ITI,ITI3,11,Marche,Marche,1525271,151891,9.96,0.37
3371,2021-06-27,MAR,9818,4750,5068,4528,5290,ITI,ITI3,11,Marche,Marche,1525271,161709,10.6,0.64
3372,2021-03-19,MAR,3834,1598,2236,337,3497,ITI,ITI3,11,Marche,Marche,1525271,165543,10.85,0.25
3373,2021-03-17,MAR,3430,1496,1934,107,3323,ITI,ITI3,11,Marche,Marche,1525271,168973,11.08,0.22
3374,2021-02-28,MAR,2836,1251,1585,2830,6,ITI,ITI3,11,Marche,Marche,1525271,171809,11.26,0.19
3375,2021-06-08,MAR,13914,7013,6901,11303,2611,ITI,ITI3,11,Marche,Marche,1525271,185723,12.18,0.91
3376,2021-06-15,MAR,12910,6415,6495,9860,3050,ITI,ITI3,11,Marche,Marche,1525271,198633,13.02,0.85
3377,2021-01-12,MAR,1229,415,814,1229,0,ITI,ITI3,11,Marche,Marche,1525271,199862,13.1,0.08
3378,2021-06-22,MAR,12995,6374,6621,6551,6444,ITI,ITI3,11,Marche,Marche,1525271,212857,13.96,0.85
3379,2021-04-26,MAR,9132,4045,5087,6110,3022,ITI,ITI3,11,Marche,Marche,1525271,221989,14.55,0.6
3380,2021-06-03,MAR,14634,7478,7156,12378,2256,ITI,ITI3,11,Marche,Marche,1525271,236623,15.51,0.96
3381,2021-02-18,MAR,2137,779,1358,1851,286,ITI,ITI3,11,Marche,Marche,1525271,238760,15.65,0.14
3382,2021-05-29,MAR,12859,6232,6627,8331,4528,ITI,ITI3,11,Marche,Marche,1525271,251619,16.5,0.84
3383,2021-02-16,MAR,1290,477,813,1260,30,ITI,ITI3,11,Marche,Marche,1525271,252909,16.58,0.08
3384,2021-02-25,MAR,3547,1457,2090,3367,180,ITI,ITI3,11,Marche,Marche,1525271,256456,16.81,0.23
3385,2021-06-05,MAR,13932,7006,6926,11873,2059,ITI,ITI3,11,Marche,Marche,1525271,270388,17.73,0.91
3386,2021-02-04,MAR,2384,842,1542,112,2272,ITI,ITI3,11,Marche,Marche,1525271,272772,17.88,0.16
3387,2021-01-18,MAR,696,237,459,547,149,ITI,ITI3,11,Marche,Marche,1525271,273468,17.93,0.05
3388,2021-04-28,MAR,10890,4957,5933,6159,4731,ITI,ITI3,11,Marche,Marche,1525271,284358,18.64,0.71
3389,2021-03-12,MAR,4642,1973,2669,3402,1240,ITI,ITI3,11,Marche,Marche,1525271,289000,18.95,0.3
3390,2021-01-14,MAR,2010,692,1318,2010,0,ITI,ITI3,11,Marche,Marche,1525271,291010,19.08,0.13
3391,2021-06-20,MAR,10965,5445,5520,5980,4985,ITI,ITI3,11,Marche,Marche,1525271,301975,19.8,0.72
3392,2021-04-24,MAR,12136,5348,6788,7672,4464,ITI,ITI3,11,Marche,Marche,1525271,314111,20.59,0.8
3393,2021-02-26,MAR,3665,1518,2147,3189,476,ITI,ITI3,11,Marche,Marche,1525271,317776,20.83,0.24
3394,2021-05-12,MAR,10425,4687,5738,4924,5501,ITI,ITI3,11,Marche,Marche,1525271,328201,21.52,0.68
3395,2021-05-08,MAR,12267,5475,6792,5022,7245,ITI,ITI3,11,Marche,Marche,1525271,340468,22.32,0.8
3396,2021-01-09,MAR,1714,606,1108,1714,0,ITI,ITI3,11,Marche,Marche,1525271,342182,22.43,0.11
3397,2021-04-02,MAR,6887,2984,3903,6148,739,ITI,ITI3,11,Marche,Marche,1525271,349069,22.89,0.45
3398,2021-03-16,MAR,3473,1486,1987,290,3183,ITI,ITI3,11,Marche,Marche,1525271,352542,23.11,0.23
3399,2021-06-24,MAR,13667,6595,7072,6298,7369,ITI,ITI3,11,Marche,Marche,1525271,366209,24.01,0.9
3400,2021-06-12,MAR,13407,7133,6274,12134,1273,ITI,ITI3,11,Marche,Marche,1525271,379616,24.89,0.88
3401,2021-04-16,MAR,10082,4702,5380,9557,525,ITI,ITI3,11,Marche,Marche,1525271,389698,25.55,0.66
3402,2021-01-04,MAR,1513,573,940,1513,0,ITI,ITI3,11,Marche,Marche,1525271,391211,25.65,0.1
3403,2021-04-14,MAR,10212,4562,5650,9842,370,ITI,ITI3,11,Marche,Marche,1525271,401423,26.32,0.67
3404,2020-12-30,MAR,17,5,12,17,0,ITI,ITI3,11,Marche,Marche,1525271,401440,26.32,0.0
3405,2021-01-02,MAR,456,141,315,456,0,ITI,ITI3,11,Marche,Marche,1525271,401896,26.35,0.03
3406,2021-03-07,MAR,5180,2107,3073,4426,754,ITI,ITI3,11,Marche,Marche,1525271,407076,26.69,0.34
3407,2021-01-16,MAR,2036,733,1303,2036,0,ITI,ITI3,11,Marche,Marche,1525271,409112,26.82,0.13
3408,2021-03-02,MAR,4993,1961,3032,4427,566,ITI,ITI3,11,Marche,Marche,1525271,414105,27.15,0.33
3409,2021-06-10,MAR,14674,7564,7110,12661,2013,ITI,ITI3,11,Marche,Marche,1525271,428779,28.11,0.96
3410,2021-05-24,MAR,10801,5114,5687,8121,2680,ITI,ITI3,11,Marche,Marche,1525271,439580,28.82,0.71
3411,2021-01-23,MAR,557,190,367,123,434,ITI,ITI3,11,Marche,Marche,1525271,440137,28.86,0.04
3412,2021-06-29,MAR,13182,6510,6672,4970,8212,ITI,ITI3,11,Marche,Marche,1525271,453319,29.72,0.86
3413,2021-05-03,MAR,10329,4657,5672,4920,5409,ITI,ITI3,11,Marche,Marche,1525271,463648,30.4,0.68
3414,2021-03-28,MAR,4125,1739,2386,2434,1691,ITI,ITI3,11,Marche,Marche,1525271,467773,30.67,0.27
3415,2021-01-30,MAR,1905,668,1237,27,1878,ITI,ITI3,11,Marche,Marche,1525271,469678,30.79,0.12
3416,2021-05-10,MAR,9448,4336,5112,4897,4551,ITI,ITI3,11,Marche,Marche,1525271,479126,31.41,0.62
3417,2021-03-14,MAR,2499,1032,1467,1907,592,ITI,ITI3,11,Marche,Marche,1525271,481625,31.58,0.16
3418,2021-04-23,MAR,11271,5195,6076,8216,3055,ITI,ITI3,11,Marche,Marche,1525271,492896,32.32,0.74
3419,2021-02-23,MAR,3303,1422,1881,3247,56,ITI,ITI3,11,Marche,Marche,1525271,496199,32.53,0.22
3420,2021-01-15,MAR,1771,500,1271,1771,0,ITI,ITI3,11,Marche,Marche,1525271,497970,32.65,0.12
3421,2021-07-01,MAR,14566,7302,7264,4818,9748,ITI,ITI3,11,Marche,Marche,1525271,512536,33.6,0.95
3422,2021-02-15,MAR,969,413,556,956,13,ITI,ITI3,11,Marche,Marche,1525271,513505,33.67,0.06
3423,2021-05-26,MAR,11847,5934,5913,8664,3183,ITI,ITI3,11,Marche,Marche,1525271,525352,34.44,0.78
3424,2021-03-30,MAR,7470,3073,4397,4647,2823,ITI,ITI3,11,Marche,Marche,1525271,532822,34.93,0.49
3425,2021-02-01,MAR,1362,479,883,98,1264,ITI,ITI3,11,Marche,Marche,1525271,534184,35.02,0.09
3426,2021-04-06,MAR,8875,3693,5182,8065,810,ITI,ITI3,11,Marche,Marche,1525271,543059,35.6,0.58
3427,2021-03-23,MAR,5790,2530,3260,2262,3528,ITI,ITI3,11,Marche,Marche,1525271,548849,35.98,0.38
3428,2021-02-08,MAR,833,258,575,371,462,ITI,ITI3,11,Marche,Marche,1525271,549682,36.04,0.05
3429,2021-05-19,MAR,11478,5276,6202,8561,2917,ITI,ITI3,11,Marche,Marche,1525271,561160,36.79,0.75
3430,2021-01-11,MAR,1176,411,765,1176,0,ITI,ITI3,11,Marche,Marche,1525271,562336,36.87,0.08
3431,2021-04-21,MAR,10782,4967,5815,9588,1194,ITI,ITI3,11,Marche,Marche,1525271,573118,37.57,0.71
3432,2021-01-28,MAR,2086,725,1361,165,1921,ITI,ITI3,11,Marche,Marche,1525271,575204,37.71,0.14
3433,2021-04-04,MAR,3824,1792,2032,2655,1169,ITI,ITI3,11,Marche,Marche,1525271,579028,37.96,0.25
3434,2021-06-09,MAR,14043,7304,6739,12174,1869,ITI,ITI3,11,Marche,Marche,1525271,593071,38.88,0.92
3435,2021-06-07,MAR,13162,6500,6662,10712,2450,ITI,ITI3,11,Marche,Marche,1525271,606233,39.75,0.86
3436,2021-02-27,MAR,3384,1450,1934,3175,209,ITI,ITI3,11,Marche,Marche,1525271,609617,39.97,0.22
3437,2021-05-22,MAR,11937,5719,6218,7489,4448,ITI,ITI3,11,Marche,Marche,1525271,621554,40.75,0.78
3438,2021-02-11,MAR,1987,657,1330,1598,389,ITI,ITI3,11,Marche,Marche,1525271,623541,40.88,0.13
3439,2021-05-05,MAR,11678,5316,6362,5249,6429,ITI,ITI3,11,Marche,Marche,1525271,635219,41.65,0.77
3440,2021-05-07,MAR,12839,5806,7033,3660,9179,ITI,ITI3,11,Marche,Marche,1525271,648058,42.49,0.84
3441,2021-02-13,MAR,1093,462,631,1011,82,ITI,ITI3,11,Marche,Marche,1525271,649151,42.56,0.07
3442,2021-06-19,MAR,14458,7283,7175,7787,6671,ITI,ITI3,11,Marche,Marche,1525271,663609,43.51,0.95
3443,2021-05-31,MAR,11780,5942,5838,8851,2929,ITI,ITI3,11,Marche,Marche,1525271,675389,44.28,0.77
3444,2021-05-17,MAR,11866,5573,6293,7691,4175,ITI,ITI3,11,Marche,Marche,1525271,687255,45.06,0.78
3445,2021-04-30,MAR,14094,6170,7924,5551,8543,ITI,ITI3,11,Marche,Marche,1525271,701349,45.98,0.92
3446,2021-04-11,MAR,7117,3115,4002,6831,286,ITI,ITI3,11,Marche,Marche,1525271,708466,46.45,0.47
3447,2021-04-09,MAR,9566,4190,5376,9366,200,ITI,ITI3,11,Marche,Marche,1525271,718032,47.08,0.63
3448,2021-01-06,MAR,2204,801,1403,2204,0,ITI,ITI3,11,Marche,Marche,1525271,720236,47.22,0.14
3449,2021-03-04,MAR,6511,2883,3628,5118,1393,ITI,ITI3,11,Marche,Marche,1525271,726747,47.65,0.43
3450,2021-03-13,MAR,5766,2656,3110,1805,3961,ITI,ITI3,11,Marche,Marche,1525271,732513,48.03,0.38
3451,2021-06-21,MAR,12449,6105,6344,5575,6874,ITI,ITI3,11,Marche,Marche,1525271,744962,48.84,0.82
3452,2021-05-09,MAR,8863,4020,4843,3636,5227,ITI,ITI3,11,Marche,Marche,1525271,753825,49.42,0.58
3453,2021-03-06,MAR,5731,2637,3094,4464,1267,ITI,ITI3,11,Marche,Marche,1525271,759556,49.8,0.38
3454,2021-06-14,MAR,12615,6377,6238,9307,3308,ITI,ITI3,11,Marche,Marche,1525271,772171,50.63,0.83
3455,2021-01-29,MAR,1992,730,1262,167,1825,ITI,ITI3,11,Marche,Marche,1525271,774163,50.76,0.13
3456,2021-05-18,MAR,11064,5259,5805,7655,3409,ITI,ITI3,11,Marche,Marche,1525271,785227,51.48,0.73
3457,2021-05-11,MAR,10622,4832,5790,5679,4943,ITI,ITI3,11,Marche,Marche,1525271,795849,52.18,0.7
3458,2021-03-15,MAR,4406,2029,2377,1312,3094,ITI,ITI3,11,Marche,Marche,1525271,800255,52.47,0.29
3459,2021-06-23,MAR,13663,6698,6965,6666,6997,ITI,ITI3,11,Marche,Marche,1525271,813918,53.36,0.9
3460,2021-01-27,MAR,2119,780,1339,121,1998,ITI,ITI3,11,Marche,Marche,1525271,816037,53.5,0.14
3461,2021-04-20,MAR,10701,4998,5703,9281,1420,ITI,ITI3,11,Marche,Marche,1525271,826738,54.2,0.7
3462,2021-01-25,MAR,1596,558,1038,94,1502,ITI,ITI3,11,Marche,Marche,1525271,828334,54.31,0.1
3463,2021-01-08,MAR,1581,592,989,1581,0,ITI,ITI3,11,Marche,Marche,1525271,829915,54.41,0.1
3464,2021-04-18,MAR,8824,4132,4692,7903,921,ITI,ITI3,11,Marche,Marche,1525271,838739,54.99,0.58
3465,2021-03-21,MAR,4504,1873,2631,1629,2875,ITI,ITI3,11,Marche,Marche,1525271,843243,55.28,0.3
3466,2021-02-06,MAR,2465,903,1562,522,1943,ITI,ITI3,11,Marche,Marche,1525271,845708,55.45,0.16
3467,2021-05-21,MAR,13714,6507,7207,7437,6277,ITI,ITI3,11,Marche,Marche,1525271,859422,56.35,0.9
3468,2021-03-11,MAR,6593,2784,3809,5223,1370,ITI,ITI3,11,Marche,Marche,1525271,866015,56.78,0.43
3469,2021-03-25,MAR,6655,2772,3883,3247,3408,ITI,ITI3,11,Marche,Marche,1525271,872670,57.21,0.44
3470,2021-07-03,MAR,11085,5643,5442,3334,7751,ITI,ITI3,11,Marche,Marche,1525271,883755,57.94,0.73
3471,2021-02-20,MAR,4153,1729,2424,4042,111,ITI,ITI3,11,Marche,Marche,1525271,887908,58.21,0.27
3472,2021-01-20,MAR,403,100,303,384,19,ITI,ITI3,11,Marche,Marche,1525271,888311,58.24,0.03
3473,2021-02-03,MAR,2124,741,1383,119,2005,ITI,ITI3,11,Marche,Marche,1525271,890435,58.38,0.14
3474,2021-05-14,MAR,13494,6218,7276,6720,6774,ITI,ITI3,11,Marche,Marche,1525271,903929,59.26,0.88
3475,2021-05-28,MAR,13953,6735,7218,9097,4856,ITI,ITI3,11,Marche,Marche,1525271,917882,60.18,0.91
3476,2021-04-01,MAR,7578,3183,4395,4162,3416,ITI,ITI3,11,Marche,Marche,1525271,925460,60.68,0.5
3477,2021-04-22,MAR,10797,4931,5866,9219,1578,ITI,ITI3,11,Marche,Marche,1525271,936257,61.38,0.71
3478,2021-02-24,MAR,3520,1537,1983,3442,78,ITI,ITI3,11,Marche,Marche,1525271,939777,61.61,0.23
3479,2021-01-10,MAR,1745,701,1044,1745,0,ITI,ITI3,11,Marche,Marche,1525271,941522,61.73,0.11
3480,2021-04-03,MAR,7572,3204,4368,6905,667,ITI,ITI3,11,Marche,Marche,1525271,949094,62.22,0.5
3481,2021-06-25,MAR,14111,7036,7075,6523,7588,ITI,ITI3,11,Marche,Marche,1525271,963205,63.15,0.93
3482,2021-03-18,MAR,3395,1477,1918,162,3233,ITI,ITI3,11,Marche,Marche,1525271,966600,63.37,0.22
3483,2021-06-26,MAR,13414,6810,6604,5744,7670,ITI,ITI3,11,Marche,Marche,1525271,980014,64.25,0.88
3484,2021-05-23,MAR,9208,4282,4926,7537,1671,ITI,ITI3,11,Marche,Marche,1525271,989222,64.86,0.6
3485,2021-05-06,MAR,12655,5822,6833,5584,7071,ITI,ITI3,11,Marche,Marche,1525271,1001877,65.69,0.83
3486,2021-02-12,MAR,1582,618,964,1430,152,ITI,ITI3,11,Marche,Marche,1525271,1003459,65.79,0.1
3487,2021-02-10,MAR,1439,452,987,1080,359,ITI,ITI3,11,Marche,Marche,1525271,1004898,65.88,0.09
3488,2021-06-11,MAR,13755,7034,6721,11434,2321,ITI,ITI3,11,Marche,Marche,1525271,1018653,66.79,0.9
3489,2021-05-25,MAR,11649,5747,5902,8717,2932,ITI,ITI3,11,Marche,Marche,1525271,1030302,67.55,0.76
3490,2021-03-01,MAR,3757,1509,2248,3509,248,ITI,ITI3,11,Marche,Marche,1525271,1034059,67.8,0.25
3491,2021-04-25,MAR,8600,3993,4607,7025,1575,ITI,ITI3,11,Marche,Marche,1525271,1042659,68.36,0.56
3492,2021-01-13,MAR,2107,746,1361,2107,0,ITI,ITI3,11,Marche,Marche,1525271,1044766,68.5,0.14
3493,2021-05-02,MAR,8900,3937,4963,3161,5739,ITI,ITI3,11,Marche,Marche,1525271,1053666,69.08,0.58
3494,2021-06-28,MAR,12147,5913,6234,4700,7447,ITI,ITI3,11,Marche,Marche,1525271,1065813,69.88,0.8
3495,2021-04-17,MAR,11701,5315,6386,10628,1073,ITI,ITI3,11,Marche,Marche,1525271,1077514,70.64,0.77
3496,2021-06-13,MAR,10493,5442,5051,9200,1293,ITI,ITI3,11,Marche,Marche,1525271,1088007,71.33,0.69
3497,2020-12-27,MAR,204,99,105,204,0,ITI,ITI3,11,Marche,Marche,1525271,1088211,71.35,0.01
3498,2021-06-06,MAR,12388,6104,6284,10811,1577,ITI,ITI3,11,Marche,Marche,1525271,1100599,72.16,0.81
3499,2021-06-04,MAR,14332,7287,7045,11894,2438,ITI,ITI3,11,Marche,Marche,1525271,1114931,73.1,0.94
3500,2021-04-08,MAR,8686,3803,4883,8341,345,ITI,ITI3,11,Marche,Marche,1525271,1123617,73.67,0.57
3501,2021-03-03,MAR,6693,3070,3623,5809,884,ITI,ITI3,11,Marche,Marche,1525271,1130310,74.11,0.44
3502,2021-01-05,MAR,1575,590,985,1575,0,ITI,ITI3,11,Marche,Marche,1525271,1131885,74.21,0.1
3503,2021-04-15,MAR,10377,4675,5702,9812,565,ITI,ITI3,11,Marche,Marche,1525271,1142262,74.89,0.68
3504,2021-02-17,MAR,1822,696,1126,1705,117,ITI,ITI3,11,Marche,Marche,1525271,1144084,75.01,0.12
3505,2021-03-22,MAR,5655,2377,3278,2525,3130,ITI,ITI3,11,Marche,Marche,1525271,1149739,75.38,0.37
3506,2021-01-24,MAR,881,339,542,5,876,ITI,ITI3,11,Marche,Marche,1525271,1150620,75.44,0.06
3507,2021-06-30,MAR,13475,6581,6894,4504,8971,ITI,ITI3,11,Marche,Marche,1525271,1164095,76.32,0.88
3508,2021-05-04,MAR,10926,4823,6103,5027,5899,ITI,ITI3,11,Marche,Marche,1525271,1175021,77.04,0.72
3509,2021-03-20,MAR,4139,1742,2397,1049,3090,ITI,ITI3,11,Marche,Marche,1525271,1179160,77.31,0.27
3510,2021-01-22,MAR,488,168,320,194,294,ITI,ITI3,11,Marche,Marche,1525271,1179648,77.34,0.03
3511,2021-07-02,MAR,14495,7137,7358,4873,9622,ITI,ITI3,11,Marche,Marche,1525271,1194143,78.29,0.95
3512,2021-06-18,MAR,15118,7550,7568,8371,6747,ITI,ITI3,11,Marche,Marche,1525271,1209261,79.28,0.99
3513,2021-04-29,MAR,13388,6132,7256,7290,6098,ITI,ITI3,11,Marche,Marche,1525271,1222649,80.16,0.88
3514,2021-03-26,MAR,6334,2607,3727,3525,2809,ITI,ITI3,11,Marche,Marche,1525271,1228983,80.57,0.42
3515,2021-06-17,MAR,14947,7436,7511,8852,6095,ITI,ITI3,11,Marche,Marche,1525271,1243930,81.55,0.98
3516,2021-03-09,MAR,5431,2293,3138,4550,881,ITI,ITI3,11,Marche,Marche,1525271,1249361,81.91,0.36
3517,2021-04-13,MAR,9837,4259,5578,9604,233,ITI,ITI3,11,Marche,Marche,1525271,1259198,82.56,0.64
3518,2021-06-16,MAR,13521,6793,6728,9156,4365,ITI,ITI3,11,Marche,Marche,1525271,1272719,83.44,0.89
3519,2021-06-02,MAR,11898,5937,5961,11221,677,ITI,ITI3,11,Marche,Marche,1525271,1284617,84.22,0.78
3520,2021-02-22,MAR,3447,1522,1925,3372,75,ITI,ITI3,11,Marche,Marche,1525271,1288064,84.45,0.23
3521,2021-03-27,MAR,7382,3075,4307,5022,2360,ITI,ITI3,11,Marche,Marche,1525271,1295446,84.93,0.48
3522,2021-04-10,MAR,10915,4620,6295,10602,313,ITI,ITI3,11,Marche,Marche,1525271,1306361,85.65,0.72
3523,2021-01-03,MAR,907,354,553,907,0,ITI,ITI3,11,Marche,Marche,1525271,1307268,85.71,0.06
3524,2021-03-08,MAR,6292,2757,3535,5290,1002,ITI,ITI3,11,Marche,Marche,1525271,1313560,86.12,0.41
3525,2021-02-05,MAR,2154,653,1501,439,1715,ITI,ITI3,11,Marche,Marche,1525271,1315714,86.26,0.14
3526,2021-05-16,MAR,10898,4957,5941,6670,4228,ITI,ITI3,11,Marche,Marche,1525271,1326612,86.98,0.71
3527,2021-05-30,MAR,9732,4690,5042,6743,2989,ITI,ITI3,11,Marche,Marche,1525271,1336344,87.61,0.64
3528,2021-04-27,MAR,9544,4371,5173,5558,3986,ITI,ITI3,11,Marche,Marche,1525271,1345888,88.24,0.63
3529,2021-01-17,MAR,1616,693,923,1556,60,ITI,ITI3,11,Marche,Marche,1525271,1347504,88.35,0.11
3530,2021-02-11,CAM,6279,2704,3575,6213,66,ITF,ITF3,15,Campania,Campania,5801692,6279,0.11,0.11
3531,2021-04-16,CAM,34321,16559,17762,23656,10665,ITF,ITF3,15,Campania,Campania,5801692,40600,0.7,0.59
3532,2021-01-06,CAM,7652,3749,3903,7652,0,ITF,ITF3,15,Campania,Campania,5801692,48252,0.83,0.13
3533,2021-03-02,CAM,12761,4558,8203,8416,4345,ITF,ITF3,15,Campania,Campania,5801692,61013,1.05,0.22
3534,2021-01-11,CAM,4070,1871,2199,4070,0,ITF,ITF3,15,Campania,Campania,5801692,65083,1.12,0.07
3535,2021-06-07,CAM,55725,26790,28935,51692,4033,ITF,ITF3,15,Campania,Campania,5801692,120808,2.08,0.96
3536,2021-02-25,CAM,12425,4478,7947,11237,1188,ITF,ITF3,15,Campania,Campania,5801692,133233,2.3,0.21
3537,2021-04-09,CAM,30043,14152,15891,23909,6134,ITF,ITF3,15,Campania,Campania,5801692,163276,2.81,0.52
3538,2021-06-05,CAM,77027,37282,39745,71004,6023,ITF,ITF3,15,Campania,Campania,5801692,240303,4.14,1.33
3539,2021-06-14,CAM,36717,17722,18995,18713,18004,ITF,ITF3,15,Campania,Campania,5801692,277020,4.77,0.63
3540,2021-06-24,CAM,64749,31107,33642,12720,52029,ITF,ITF3,15,Campania,Campania,5801692,341769,5.89,1.12
3541,2021-03-16,CAM,8086,3519,4567,3772,4314,ITF,ITF3,15,Campania,Campania,5801692,349855,6.03,0.14
3542,2021-01-25,CAM,5746,2927,2819,163,5583,ITF,ITF3,15,Campania,Campania,5801692,355601,6.13,0.1
3543,2021-07-01,CAM,59179,28648,30531,18609,40570,ITF,ITF3,15,Campania,Campania,5801692,414780,7.15,1.02
3544,2021-03-23,CAM,15740,7443,8297,13227,2513,ITF,ITF3,15,Campania,Campania,5801692,430520,7.42,0.27
3545,2021-05-19,CAM,51155,22603,28552,34546,16609,ITF,ITF3,15,Campania,Campania,5801692,481675,8.3,0.88
3546,2021-03-28,CAM,15556,7504,8052,13931,1625,ITF,ITF3,15,Campania,Campania,5801692,497231,8.57,0.27
3547,2021-01-04,CAM,5826,2963,2863,5826,0,ITF,ITF3,15,Campania,Campania,5801692,503057,8.67,0.1
3548,2021-06-19,CAM,61121,29082,32039,23412,37709,ITF,ITF3,15,Campania,Campania,5801692,564178,9.72,1.05
3549,2021-03-09,CAM,14124,6870,7254,10339,3785,ITF,ITF3,15,Campania,Campania,5801692,578302,9.97,0.24
3550,2021-05-31,CAM,40711,20655,20056,30401,10310,ITF,ITF3,15,Campania,Campania,5801692,619013,10.67,0.7
3551,2021-05-24,CAM,31358,15151,16207,16209,15149,ITF,ITF3,15,Campania,Campania,5801692,650371,11.21,0.54
3552,2021-02-13,CAM,5508,2550,2958,5291,217,ITF,ITF3,15,Campania,Campania,5801692,655879,11.3,0.09
3553,2021-04-23,CAM,32322,15520,16802,23174,9148,ITF,ITF3,15,Campania,Campania,5801692,688201,11.86,0.56
3554,2021-04-11,CAM,17523,8606,8917,15441,2082,ITF,ITF3,15,Campania,Campania,5801692,705724,12.16,0.3
3555,2021-04-28,CAM,36434,17641,18793,26678,9756,ITF,ITF3,15,Campania,Campania,5801692,742158,12.79,0.63
3556,2021-01-18,CAM,958,399,559,714,244,ITF,ITF3,15,Campania,Campania,5801692,743116,12.81,0.02
3557,2021-05-17,CAM,49359,21700,27659,24103,25256,ITF,ITF3,15,Campania,Campania,5801692,792475,13.66,0.85
3558,2021-02-06,CAM,5341,2666,2675,2102,3239,ITF,ITF3,15,Campania,Campania,5801692,797816,13.75,0.09
3559,2021-01-30,CAM,10722,5080,5642,38,10684,ITF,ITF3,15,Campania,Campania,5801692,808538,13.94,0.18
3560,2021-07-03,CAM,50474,24274,26200,6145,44329,ITF,ITF3,15,Campania,Campania,5801692,859012,14.81,0.87
3561,2021-01-16,CAM,3371,1677,1694,3371,0,ITF,ITF3,15,Campania,Campania,5801692,862383,14.86,0.06
3562,2021-01-23,CAM,3839,2029,1810,273,3566,ITF,ITF3,15,Campania,Campania,5801692,866222,14.93,0.07
3563,2021-03-21,CAM,10071,4674,5397,7681,2390,ITF,ITF3,15,Campania,Campania,5801692,876293,15.1,0.17
3564,2021-02-18,CAM,9080,3813,5267,8373,707,ITF,ITF3,15,Campania,Campania,5801692,885373,15.26,0.16
3565,2021-04-25,CAM,30732,15170,15562,25336,5396,ITF,ITF3,15,Campania,Campania,5801692,916105,15.79,0.53
3566,2021-01-13,CAM,8020,3666,4354,8020,0,ITF,ITF3,15,Campania,Campania,5801692,924125,15.93,0.14
3567,2021-04-18,CAM,27219,13284,13935,18319,8900,ITF,ITF3,15,Campania,Campania,5801692,951344,16.4,0.47
3568,2021-01-08,CAM,10454,4967,5487,10454,0,ITF,ITF3,15,Campania,Campania,5801692,961798,16.58,0.18
3569,2021-05-26,CAM,52668,25833,26835,21572,31096,ITF,ITF3,15,Campania,Campania,5801692,1014466,17.49,0.91
3570,2021-04-06,CAM,24511,11562,12949,19987,4524,ITF,ITF3,15,Campania,Campania,5801692,1038977,17.91,0.42
3571,2020-12-27,CAM,720,422,298,720,0,ITF,ITF3,15,Campania,Campania,5801692,1039697,17.92,0.01
3572,2021-04-20,CAM,32034,15499,16535,20722,11312,ITF,ITF3,15,Campania,Campania,5801692,1071731,18.47,0.55
3573,2021-06-28,CAM,44811,21815,22996,19523,25288,ITF,ITF3,15,Campania,Campania,5801692,1116542,19.25,0.77
3574,2021-03-20,CAM,13986,6526,7460,10247,3739,ITF,ITF3,15,Campania,Campania,5801692,1130528,19.49,0.24
3575,2021-05-05,CAM,51173,24858,26315,44788,6385,ITF,ITF3,15,Campania,Campania,5801692,1181701,20.37,0.88
3576,2021-05-12,CAM,40885,19949,20936,31730,9155,ITF,ITF3,15,Campania,Campania,5801692,1222586,21.07,0.7
3577,2021-06-02,CAM,42780,20118,22662,38120,4660,ITF,ITF3,15,Campania,Campania,5801692,1265366,21.81,0.74
3578,2021-02-22,CAM,10682,3294,7388,10419,263,ITF,ITF3,15,Campania,Campania,5801692,1276048,21.99,0.18
3579,2021-03-11,CAM,17998,9056,8942,10719,7279,ITF,ITF3,15,Campania,Campania,5801692,1294046,22.3,0.31
3580,2021-05-16,CAM,51145,23225,27920,33573,17572,ITF,ITF3,15,Campania,Campania,5801692,1345191,23.19,0.88
3581,2021-02-20,CAM,8573,3080,5493,8270,303,ITF,ITF3,15,Campania,Campania,5801692,1353764,23.33,0.15
3582,2021-02-27,CAM,13948,4473,9475,12306,1642,ITF,ITF3,15,Campania,Campania,5801692,1367712,23.57,0.24
3583,2021-06-16,CAM,30393,14369,16024,19645,10748,ITF,ITF3,15,Campania,Campania,5801692,1398105,24.1,0.52
3584,2021-05-02,CAM,43496,21541,21955,32137,11359,ITF,ITF3,15,Campania,Campania,5801692,1441601,24.85,0.75
3585,2021-01-22,CAM,1525,776,749,673,852,ITF,ITF3,15,Campania,Campania,5801692,1443126,24.87,0.03
3586,2021-06-26,CAM,61838,30165,31673,14002,47836,ITF,ITF3,15,Campania,Campania,5801692,1504964,25.94,1.07
3587,2021-04-04,CAM,7967,4018,3949,6920,1047,ITF,ITF3,15,Campania,Campania,5801692,1512931,26.08,0.14
3588,2021-06-12,CAM,60469,29732,30737,53256,7213,ITF,ITF3,15,Campania,Campania,5801692,1573400,27.12,1.04
3589,2021-03-04,CAM,14707,5396,9311,8813,5894,ITF,ITF3,15,Campania,Campania,5801692,1588107,27.37,0.25
3590,2021-05-07,CAM,59763,29204,30559,43817,15946,ITF,ITF3,15,Campania,Campania,5801692,1647870,28.4,1.03
3591,2021-01-27,CAM,7738,3820,3918,162,7576,ITF,ITF3,15,Campania,Campania,5801692,1655608,28.54,0.13
3592,2021-04-30,CAM,42322,20191,22131,25824,16498,ITF,ITF3,15,Campania,Campania,5801692,1697930,29.27,0.73
3593,2021-02-04,CAM,7943,3429,4514,1308,6635,ITF,ITF3,15,Campania,Campania,5801692,1705873,29.4,0.14
3594,2021-01-01,CAM,919,506,413,919,0,ITF,ITF3,15,Campania,Campania,5801692,1706792,29.42,0.02
3595,2021-03-25,CAM,20321,9653,10668,16818,3503,ITF,ITF3,15,Campania,Campania,5801692,1727113,29.77,0.35
3596,2021-01-20,CAM,1257,650,607,1257,0,ITF,ITF3,15,Campania,Campania,5801692,1728370,29.79,0.02
3597,2021-02-10,CAM,6905,3413,3492,6728,177,ITF,ITF3,15,Campania,Campania,5801692,1735275,29.91,0.12
3598,2021-04-08,CAM,28386,13744,14642,22543,5843,ITF,ITF3,15,Campania,Campania,5801692,1763661,30.4,0.49
3599,2021-06-04,CAM,74232,35666,38566,65174,9058,ITF,ITF3,15,Campania,Campania,5801692,1837893,31.68,1.28
3600,2021-05-21,CAM,63707,29604,34103,43181,20526,ITF,ITF3,15,Campania,Campania,5801692,1901600,32.78,1.1
3601,2021-04-01,CAM,24680,12010,12670,20547,4133,ITF,ITF3,15,Campania,Campania,5801692,1926280,33.2,0.43
3602,2021-05-28,CAM,73016,35288,37728,26902,46114,ITF,ITF3,15,Campania,Campania,5801692,1999296,34.46,1.26
3603,2021-04-27,CAM,32158,15625,16533,24237,7921,ITF,ITF3,15,Campania,Campania,5801692,2031454,35.01,0.55
3604,2021-06-23,CAM,45971,21698,24273,10206,35765,ITF,ITF3,15,Campania,Campania,5801692,2077425,35.81,0.79
3605,2021-01-15,CAM,4980,2381,2599,4980,0,ITF,ITF3,15,Campania,Campania,5801692,2082405,35.89,0.09
3606,2021-06-21,CAM,45774,22104,23670,10605,35169,ITF,ITF3,15,Campania,Campania,5801692,2128179,36.68,0.79
3607,2021-03-13,CAM,14518,7038,7480,9236,5282,ITF,ITF3,15,Campania,Campania,5801692,2142697,36.93,0.25
3608,2021-03-22,CAM,13180,6343,6837,11140,2040,ITF,ITF3,15,Campania,Campania,5801692,2155877,37.16,0.23
3609,2021-02-07,CAM,2929,1382,1547,2158,771,ITF,ITF3,15,Campania,Campania,5801692,2158806,37.21,0.05
3610,2021-06-30,CAM,46030,21919,24111,17638,28392,ITF,ITF3,15,Campania,Campania,5801692,2204836,38.0,0.79
3611,2021-02-08,CAM,5113,2449,2664,4310,803,ITF,ITF3,15,Campania,Campania,5801692,2209949,38.09,0.09
3612,2021-02-01,CAM,3984,1813,2171,110,3874,ITF,ITF3,15,Campania,Campania,5801692,2213933,38.16,0.07
3613,2021-03-30,CAM,22050,10575,11475,19092,2958,ITF,ITF3,15,Campania,Campania,5801692,2235983,38.54,0.38
3614,2021-04-17,CAM,36182,17510,18672,24670,11512,ITF,ITF3,15,Campania,Campania,5801692,2272165,39.16,0.62
3615,2021-06-13,CAM,41845,20397,21448,37118,4727,ITF,ITF3,15,Campania,Campania,5801692,2314010,39.89,0.72
3616,2021-05-30,CAM,52109,25418,26691,38797,13312,ITF,ITF3,15,Campania,Campania,5801692,2366119,40.78,0.9
3617,2021-02-19,CAM,9571,3559,6012,8921,650,ITF,ITF3,15,Campania,Campania,5801692,2375690,40.95,0.16
3618,2020-12-31,CAM,1489,810,679,1489,0,ITF,ITF3,15,Campania,Campania,5801692,2377179,40.97,0.03
3619,2021-06-06,CAM,62321,30978,31343,61674,647,ITF,ITF3,15,Campania,Campania,5801692,2439500,42.05,1.07
3620,2021-02-26,CAM,13334,4227,9107,11999,1335,ITF,ITF3,15,Campania,Campania,5801692,2452834,42.28,0.23
3621,2021-04-24,CAM,36362,17526,18836,25114,11248,ITF,ITF3,15,Campania,Campania,5801692,2489196,42.9,0.63
3622,2021-04-10,CAM,28354,13493,14861,23440,4914,ITF,ITF3,15,Campania,Campania,5801692,2517550,43.39,0.49
3623,2021-02-03,CAM,8903,4003,4900,878,8025,ITF,ITF3,15,Campania,Campania,5801692,2526453,43.55,0.15
3624,2021-05-18,CAM,52178,23228,28950,32525,19653,ITF,ITF3,15,Campania,Campania,5801692,2578631,44.45,0.9
3625,2021-02-05,CAM,7260,3463,3797,2132,5128,ITF,ITF3,15,Campania,Campania,5801692,2585891,44.57,0.13
3626,2021-04-13,CAM,26606,12685,13921,21073,5533,ITF,ITF3,15,Campania,Campania,5801692,2612497,45.03,0.46
3627,2021-01-03,CAM,3836,2009,1827,3836,0,ITF,ITF3,15,Campania,Campania,5801692,2616333,45.1,0.07
3628,2021-03-18,CAM,12175,5380,6795,5986,6189,ITF,ITF3,15,Campania,Campania,5801692,2628508,45.31,0.21
3629,2021-04-05,CAM,11638,5542,6096,9214,2424,ITF,ITF3,15,Campania,Campania,5801692,2640146,45.51,0.2
3630,2021-03-17,CAM,11590,5100,6490,5009,6581,ITF,ITF3,15,Campania,Campania,5801692,2651736,45.71,0.2
3631,2021-03-06,CAM,16371,6814,9557,10702,5669,ITF,ITF3,15,Campania,Campania,5801692,2668107,45.99,0.28
3632,2021-03-08,CAM,14685,6846,7839,9910,4775,ITF,ITF3,15,Campania,Campania,5801692,2682792,46.24,0.25
3633,2021-05-04,CAM,48478,23345,25133,39577,8901,ITF,ITF3,15,Campania,Campania,5801692,2731270,47.08,0.84
3634,2021-01-24,CAM,4122,2119,2003,377,3745,ITF,ITF3,15,Campania,Campania,5801692,2735392,47.15,0.07
3635,2021-05-13,CAM,55449,24828,30621,39445,16004,ITF,ITF3,15,Campania,Campania,5801692,2790841,48.1,0.96
3636,2021-01-31,CAM,8068,3711,4357,23,8045,ITF,ITF3,15,Campania,Campania,5801692,2798909,48.24,0.14
3637,2021-05-11,CAM,39861,19236,20625,30461,9400,ITF,ITF3,15,Campania,Campania,5801692,2838770,48.93,0.69
3638,2021-02-02,CAM,5724,2805,2919,444,5280,ITF,ITF3,15,Campania,Campania,5801692,2844494,49.03,0.1
3639,2021-03-31,CAM,23182,11369,11813,19743,3439,ITF,ITF3,15,Campania,Campania,5801692,2867676,49.43,0.4
3640,2021-04-07,CAM,24971,11984,12987,20246,4725,ITF,ITF3,15,Campania,Campania,5801692,2892647,49.86,0.43
3641,2021-04-02,CAM,21862,10522,11340,19540,2322,ITF,ITF3,15,Campania,Campania,5801692,2914509,50.24,0.38
3642,2021-03-29,CAM,19401,9575,9826,17855,1546,ITF,ITF3,15,Campania,Campania,5801692,2933910,50.57,0.33
3643,2021-06-20,CAM,46788,22345,24443,13812,32976,ITF,ITF3,15,Campania,Campania,5801692,2980698,51.38,0.81
3644,2021-03-27,CAM,21512,10242,11270,17647,3865,ITF,ITF3,15,Campania,Campania,5801692,3002210,51.75,0.37
3645,2021-06-01,CAM,41956,20831,21125,31490,10466,ITF,ITF3,15,Campania,Campania,5801692,3044166,52.47,0.72
3646,2021-06-18,CAM,63733,30303,33430,33463,30270,ITF,ITF3,15,Campania,Campania,5801692,3107899,53.57,1.1
3647,2021-03-10,CAM,15610,7719,7891,8775,6835,ITF,ITF3,15,Campania,Campania,5801692,3123509,53.84,0.27
3648,2021-05-15,CAM,62653,29040,33613,43941,18712,ITF,ITF3,15,Campania,Campania,5801692,3186162,54.92,1.08
3649,2021-05-14,CAM,61034,27580,33454,36332,24702,ITF,ITF3,15,Campania,Campania,5801692,3247196,55.97,1.05
3650,2021-02-24,CAM,11784,4149,7635,11096,688,ITF,ITF3,15,Campania,Campania,5801692,3258980,56.17,0.2
3651,2021-01-05,CAM,7237,3637,3600,7237,0,ITF,ITF3,15,Campania,Campania,5801692,3266217,56.3,0.12
3652,2021-02-17,CAM,7389,3211,4178,6329,1060,ITF,ITF3,15,Campania,Campania,5801692,3273606,56.43,0.13
3653,2021-06-11,CAM,67808,32884,34924,61786,6022,ITF,ITF3,15,Campania,Campania,5801692,3341414,57.59,1.17
3654,2021-03-03,CAM,13924,5496,8428,7294,6630,ITF,ITF3,15,Campania,Campania,5801692,3355338,57.83,0.24
3655,2021-06-25,CAM,64475,31247,33228,13271,51204,ITF,ITF3,15,Campania,Campania,5801692,3419813,58.95,1.11
3656,2021-05-25,CAM,46476,22358,24118,23072,23404,ITF,ITF3,15,Campania,Campania,5801692,3466289,59.75,0.8
3657,2021-04-22,CAM,33962,16540,17422,21557,12405,ITF,ITF3,15,Campania,Campania,5801692,3500251,60.33,0.59
3658,2021-01-12,CAM,5215,2564,2651,5215,0,ITF,ITF3,15,Campania,Campania,5801692,3505466,60.42,0.09
3659,2021-04-15,CAM,34344,16664,17680,24442,9902,ITF,ITF3,15,Campania,Campania,5801692,3539810,61.01,0.59
3660,2021-06-22,CAM,51303,24433,26870,12314,38989,ITF,ITF3,15,Campania,Campania,5801692,3591113,61.9,0.88
3661,2021-03-14,CAM,8618,3827,4791,4478,4140,ITF,ITF3,15,Campania,Campania,5801692,3599731,62.05,0.15
3662,2021-03-12,CAM,14573,7409,7164,8490,6083,ITF,ITF3,15,Campania,Campania,5801692,3614304,62.3,0.25
3663,2021-06-03,CAM,72558,35187,37371,61891,10667,ITF,ITF3,15,Campania,Campania,5801692,3686862,63.55,1.25
3664,2021-02-23,CAM,11003,3388,7615,10477,526,ITF,ITF3,15,Campania,Campania,5801692,3697865,63.74,0.19
3665,2021-02-21,CAM,5836,2241,3595,5611,225,ITF,ITF3,15,Campania,Campania,5801692,3703701,63.84,0.1
3666,2021-04-29,CAM,41327,20036,21291,24846,16481,ITF,ITF3,15,Campania,Campania,5801692,3745028,64.55,0.71
3667,2021-01-19,CAM,1095,474,621,1092,3,ITF,ITF3,15,Campania,Campania,5801692,3746123,64.57,0.02
3668,2021-01-21,CAM,2092,1115,977,676,1416,ITF,ITF3,15,Campania,Campania,5801692,3748215,64.61,0.04
3669,2021-04-14,CAM,27649,13338,14311,19079,8570,ITF,ITF3,15,Campania,Campania,5801692,3775864,65.08,0.48
3670,2021-05-01,CAM,46337,22659,23678,30233,16104,ITF,ITF3,15,Campania,Campania,5801692,3822201,65.88,0.8
3671,2021-04-12,CAM,23306,10920,12386,20271,3035,ITF,ITF3,15,Campania,Campania,5801692,3845507,66.28,0.4
3672,2021-01-02,CAM,3672,1962,1710,3672,0,ITF,ITF3,15,Campania,Campania,5801692,3849179,66.35,0.06
3673,2021-06-17,CAM,57542,27564,29978,30791,26751,ITF,ITF3,15,Campania,Campania,5801692,3906721,67.34,0.99
3674,2021-03-26,CAM,19860,9320,10540,16045,3815,ITF,ITF3,15,Campania,Campania,5801692,3926581,67.68,0.34
3675,2021-01-17,CAM,1155,551,604,702,453,ITF,ITF3,15,Campania,Campania,5801692,3927736,67.7,0.02
3676,2021-03-15,CAM,13342,6489,6853,8597,4745,ITF,ITF3,15,Campania,Campania,5801692,3941078,67.93,0.23
3677,2021-07-02,CAM,53740,25837,27903,13202,40538,ITF,ITF3,15,Campania,Campania,5801692,3994818,68.86,0.93
3678,2021-01-07,CAM,8911,4167,4744,8911,0,ITF,ITF3,15,Campania,Campania,5801692,4003729,69.01,0.15
3679,2021-03-05,CAM,16812,6665,10147,10149,6663,ITF,ITF3,15,Campania,Campania,5801692,4020541,69.3,0.29
3680,2021-01-14,CAM,7074,2978,4096,7074,0,ITF,ITF3,15,Campania,Campania,5801692,4027615,69.42,0.12
3681,2021-05-10,CAM,35467,16390,19077,25541,9926,ITF,ITF3,15,Campania,Campania,5801692,4063082,70.03,0.61
3682,2021-06-08,CAM,51485,25049,26436,44492,6993,ITF,ITF3,15,Campania,Campania,5801692,4114567,70.92,0.89
3683,2021-04-26,CAM,34031,16648,17383,28409,5622,ITF,ITF3,15,Campania,Campania,5801692,4148598,71.51,0.59
3684,2021-03-07,CAM,11973,5404,6569,8130,3843,ITF,ITF3,15,Campania,Campania,5801692,4160571,71.71,0.21
3685,2021-05-03,CAM,40777,19898,20879,28920,11857,ITF,ITF3,15,Campania,Campania,5801692,4201348,72.42,0.7
3686,2021-06-29,CAM,47542,23012,24530,18867,28675,ITF,ITF3,15,Campania,Campania,5801692,4248890,73.24,0.82
3687,2021-06-15,CAM,18084,8804,9280,10694,7390,ITF,ITF3,15,Campania,Campania,5801692,4266974,73.55,0.31
3688,2021-05-27,CAM,72912,35351,37561,26381,46531,ITF,ITF3,15,Campania,Campania,5801692,4339886,74.8,1.26
3689,2021-02-16,CAM,5439,2411,3028,4668,771,ITF,ITF3,15,Campania,Campania,5801692,4345325,74.9,0.09
3690,2021-05-22,CAM,67950,32506,35444,46467,21483,ITF,ITF3,15,Campania,Campania,5801692,4413275,76.07,1.17
3691,2021-03-24,CAM,17922,8369,9553,14964,2958,ITF,ITF3,15,Campania,Campania,5801692,4431197,76.38,0.31
3692,2021-05-20,CAM,60800,28120,32680,43176,17624,ITF,ITF3,15,Campania,Campania,5801692,4491997,77.43,1.05
3693,2021-02-09,CAM,4643,2202,2441,4391,252,ITF,ITF3,15,Campania,Campania,5801692,4496640,77.51,0.08
3694,2021-05-29,CAM,67811,32257,35554,43947,23864,ITF,ITF3,15,Campania,Campania,5801692,4564451,78.67,1.17
3695,2021-05-06,CAM,57282,27910,29372,42831,14451,ITF,ITF3,15,Campania,Campania,5801692,4621733,79.66,0.99
3696,2021-02-28,CAM,10412,3207,7205,8512,1900,ITF,ITF3,15,Campania,Campania,5801692,4632145,79.84,0.18
3697,2021-02-14,CAM,3928,1923,2005,3894,34,ITF,ITF3,15,Campania,Campania,5801692,4636073,79.91,0.07
3698,2021-01-26,CAM,7340,3726,3614,351,6989,ITF,ITF3,15,Campania,Campania,5801692,4643413,80.04,0.13
3699,2021-04-19,CAM,30766,14829,15937,19194,11572,ITF,ITF3,15,Campania,Campania,5801692,4674179,80.57,0.53
3700,2021-01-09,CAM,10567,5024,5543,10567,0,ITF,ITF3,15,Campania,Campania,5801692,4684746,80.75,0.18
3701,2021-02-15,CAM,5471,2516,2955,5297,174,ITF,ITF3,15,Campania,Campania,5801692,4690217,80.84,0.09
3702,2021-06-09,CAM,52422,25740,26682,41520,10902,ITF,ITF3,15,Campania,Campania,5801692,4742639,81.75,0.9
3703,2021-03-01,CAM,12129,4247,7882,8017,4112,ITF,ITF3,15,Campania,Campania,5801692,4754768,81.95,0.21
3704,2021-05-09,CAM,43200,20285,22915,32105,11095,ITF,ITF3,15,Campania,Campania,5801692,4797968,82.7,0.74
3705,2021-01-10,CAM,8165,3736,4429,8165,0,ITF,ITF3,15,Campania,Campania,5801692,4806133,82.84,0.14
3706,2021-04-03,CAM,21115,10315,10800,18734,2381,ITF,ITF3,15,Campania,Campania,5801692,4827248,83.2,0.36
3707,2021-05-23,CAM,58744,28638,30106,37849,20895,ITF,ITF3,15,Campania,Campania,5801692,4885992,84.22,1.01
3708,2021-02-12,CAM,6531,2861,3670,6343,188,ITF,ITF3,15,Campania,Campania,5801692,4892523,84.33,0.11
3709,2021-01-29,CAM,10053,4812,5241,47,10006,ITF,ITF3,15,Campania,Campania,5801692,4902576,84.5,0.17
3710,2021-06-27,CAM,42293,20817,21476,13230,29063,ITF,ITF3,15,Campania,Campania,5801692,4944869,85.23,0.73
3711,2021-03-19,CAM,11143,4973,6170,7270,3873,ITF,ITF3,15,Campania,Campania,5801692,4956012,85.42,0.19
3712,2021-06-10,CAM,73361,35392,37969,66331,7030,ITF,ITF3,15,Campania,Campania,5801692,5029373,86.69,1.26
3713,2021-05-08,CAM,56418,27132,29286,40590,15828,ITF,ITF3,15,Campania,Campania,5801692,5085791,87.66,0.97
3714,2021-01-28,CAM,8833,4122,4711,134,8699,ITF,ITF3,15,Campania,Campania,5801692,5094624,87.81,0.15
3715,2021-04-21,CAM,30230,14727,15503,18003,12227,ITF,ITF3,15,Campania,Campania,5801692,5124854,88.33,0.52
3716,2021-02-03,VDA,351,114,237,14,337,ITC,ITC2,2,Valle d'Aosta / Vallée d'Aoste,Valle d'Aosta,125666,351,0.28,0.28
3717,2021-04-01,VDA,777,394,383,765,12,ITC,ITC2,2,Valle d'Aosta / Vallée d'Aoste,Valle d'Aosta,125666,1128,0.9,0.62
3718,2021-02-24,VDA,183,82,101,164,19,ITC,ITC2,2,Valle d'Aosta / Vallée d'Aoste,Valle d'Aosta,125666,1311,1.04,0.15
3719,2021-04-03,VDA,676,341,335,661,15,ITC,ITC2,2,Valle d'Aosta / Vallée d'Aoste,Valle d'Aosta,125666,1987,1.58,0.54
3720,2021-03-20,VDA,208,86,122,172,36,ITC,ITC2,2,Valle d'Aosta / Vallée d'Aoste,Valle d'Aosta,125666,2195,1.75,0.17
3721,2021-06-28,VDA,986,496,490,329,657,ITC,ITC2,2,Valle d'Aosta / Vallée d'Aoste,Valle d'Aosta,125666,3181,2.53,0.78
3722,2021-06-11,VDA,1047,483,564,764,283,ITC,ITC2,2,Valle d'Aosta / Vallée d'Aoste,Valle d'Aosta,125666,4228,3.36,0.83
3723,2021-05-23,VDA,999,465,534,658,341,ITC,ITC2,2,Valle d'Aosta / Vallée d'Aoste,Valle d'Aosta,125666,5227,4.16,0.79
3724,2021-01-29,VDA,318,138,180,2,316,ITC,ITC2,2,Valle d'Aosta / Vallée d'Aoste,Valle d'Aosta,125666,5545,4.41,0.25
3725,2021-04-22,VDA,1068,450,618,685,383,ITC,ITC2,2,Valle d'Aosta / Vallée d'Aoste,Valle d'Aosta,125666,6613,5.26,0.85
3726,2021-05-09,VDA,574,287,287,444,130,ITC,ITC2,2,Valle d'Aosta / Vallée d'Aoste,Valle d'Aosta,125666,7187,5.72,0.46
3727,2021-05-30,VDA,865,429,436,694,171,ITC,ITC2,2,Valle d'Aosta / Vallée d'Aoste,Valle d'Aosta,125666,8052,6.41,0.69
3728,2021-05-28,VDA,975,414,561,563,412,ITC,ITC2,2,Valle d'Aosta / Vallée d'Aoste,Valle d'Aosta,125666,9027,7.18,0.78
3729,2021-02-17,VDA,327,144,183,227,100,ITC,ITC2,2,Valle d'Aosta / Vallée d'Aoste,Valle d'Aosta,125666,9354,7.44,0.26
3730,2021-02-10,VDA,248,77,171,141,107,ITC,ITC2,2,Valle d'Aosta / Vallée d'Aoste,Valle d'Aosta,125666,9602,7.64,0.2
3731,2021-05-02,VDA,765,345,420,605,160,ITC,ITC2,2,Valle d'Aosta / Vallée d'Aoste,Valle d'Aosta,125666,10367,8.25,0.61
3732,2021-01-22,VDA,56,21,35,20,36,ITC,ITC2,2,Valle d'Aosta / Vallée d'Aoste,Valle d'Aosta,125666,10423,8.29,0.04
3733,2021-01-08,VDA,299,130,169,299,0,ITC,ITC2,2,Valle d'Aosta / Vallée d'Aoste,Valle d'Aosta,125666,10722,8.53,0.24
3734,2021-03-06,VDA,22,4,18,22,0,ITC,ITC2,2,Valle d'Aosta / Vallée d'Aoste,Valle d'Aosta,125666,10744,8.55,0.02
3735,2021-02-05,VDA,294,102,192,101,193,ITC,ITC2,2,Valle d'Aosta / Vallée d'Aoste,Valle d'Aosta,125666,11038,8.78,0.23
3736,2021-02-22,VDA,316,94,222,213,103,ITC,ITC2,2,Valle d'Aosta / Vallée d'Aoste,Valle d'Aosta,125666,11354,9.04,0.25
3737,2021-05-16,VDA,688,341,347,347,341,ITC,ITC2,2,Valle d'Aosta / Vallée d'Aoste,Valle d'Aosta,125666,12042,9.58,0.55
3738,2021-01-27,VDA,151,71,80,79,72,ITC,ITC2,2,Valle d'Aosta / Vallée d'Aoste,Valle d'Aosta,125666,12193,9.7,0.12
3739,2021-04-20,VDA,933,430,503,739,194,ITC,ITC2,2,Valle d'Aosta / Vallée d'Aoste,Valle d'Aosta,125666,13126,10.45,0.74
3740,2021-01-10,VDA,220,71,149,220,0,ITC,ITC2,2,Valle d'Aosta / Vallée d'Aoste,Valle d'Aosta,125666,13346,10.62,0.18
3741,2020-12-27,VDA,20,9,11,20,0,ITC,ITC2,2,Valle d'Aosta / Vallée d'Aoste,Valle d'Aosta,125666,13366,10.64,0.02
3742,2021-06-09,VDA,1027,535,492,991,36,ITC,ITC2,2,Valle d'Aosta / Vallée d'Aoste,Valle d'Aosta,125666,14393,11.45,0.82
3743,2021-03-01,VDA,181,66,115,147,34,ITC,ITC2,2,Valle d'Aosta / Vallée d'Aoste,Valle d'Aosta,125666,14574,11.6,0.14
3744,2021-04-15,VDA,810,377,433,671,139,ITC,ITC2,2,Valle d'Aosta / Vallée d'Aoste,Valle d'Aosta,125666,15384,12.24,0.64
3745,2021-04-13,VDA,373,171,202,329,44,ITC,ITC2,2,Valle d'Aosta / Vallée d'Aoste,Valle d'Aosta,125666,15757,12.54,0.3
3746,2021-03-27,VDA,333,164,169,302,31,ITC,ITC2,2,Valle d'Aosta / Vallée d'Aoste,Valle d'Aosta,125666,16090,12.8,0.26
3747,2021-03-08,VDA,485,233,252,240,245,ITC,ITC2,2,Valle d'Aosta / Vallée d'Aoste,Valle d'Aosta,125666,16575,13.19,0.39
3748,2021-05-04,VDA,1135,510,625,462,673,ITC,ITC2,2,Valle d'Aosta / Vallée d'Aoste,Valle d'Aosta,125666,17710,14.09,0.9
3749,2021-06-16,VDA,683,365,318,642,41,ITC,ITC2,2,Valle d'Aosta / Vallée d'Aoste,Valle d'Aosta,125666,18393,14.64,0.54
3750,2021-03-15,VDA,362,123,239,159,203,ITC,ITC2,2,Valle d'Aosta / Vallée d'Aoste,Valle d'Aosta,125666,18755,14.92,0.29
3751,2021-05-11,VDA,647,325,322,496,151,ITC,ITC2,2,Valle d'Aosta / Vallée d'Aoste,Valle d'Aosta,125666,19402,15.44,0.51
3752,2021-04-27,VDA,978,423,555,686,292,ITC,ITC2,2,Valle d'Aosta / Vallée d'Aoste,Valle d'Aosta,125666,20380,16.22,0.78
3753,2021-01-17,VDA,131,56,75,131,0,ITC,ITC2,2,Valle d'Aosta / Vallée d'Aoste,Valle d'Aosta,125666,20511,16.32,0.1
3754,2021-06-23,VDA,1043,551,492,427,616,ITC,ITC2,2,Valle d'Aosta / Vallée d'Aoste,Valle d'Aosta,125666,21554,17.15,0.83
3755,2021-06-30,VDA,1117,542,575,425,692,ITC,ITC2,2,Valle d'Aosta / Vallée d'Aoste,Valle d'Aosta,125666,22671,18.04,0.89
3756,2021-04-08,VDA,584,282,302,441,143,ITC,ITC2,2,Valle d'Aosta / Vallée d'Aoste,Valle d'Aosta,125666,23255,18.51,0.46
3757,2021-06-13,VDA,851,399,452,373,478,ITC,ITC2,2,Valle d'Aosta / Vallée d'Aoste,Valle d'Aosta,125666,24106,19.18,0.68
3758,2021-06-08,VDA,712,356,356,679,33,ITC,ITC2,2,Valle d'Aosta / Vallée d'Aoste,Valle d'Aosta,125666,24818,19.75,0.57
3759,2021-02-26,VDA,207,58,149,122,85,ITC,ITC2,2,Valle d'Aosta / Vallée d'Aoste,Valle d'Aosta,125666,25025,19.91,0.16
3760,2021-04-10,VDA,404,190,214,399,5,ITC,ITC2,2,Valle d'Aosta / Vallée d'Aoste,Valle d'Aosta,125666,25429,20.24,0.32
3761,2021-03-17,VDA,433,185,248,273,160,ITC,ITC2,2,Valle d'Aosta / Vallée d'Aoste,Valle d'Aosta,125666,25862,20.58,0.34
3762,2021-03-03,VDA,255,118,137,187,68,ITC,ITC2,2,Valle d'Aosta / Vallée d'Aoste,Valle d'Aosta,125666,26117,20.78,0.2
3763,2021-01-26,VDA,139,48,91,0,139,ITC,ITC2,2,Valle d'Aosta / Vallée d'Aoste,Valle d'Aosta,125666,26256,20.89,0.11
3764,2021-03-13,VDA,147,88,59,147,0,ITC,ITC2,2,Valle d'Aosta / Vallée d'Aoste,Valle d'Aosta,125666,26403,21.01,0.12
3765,2021-01-15,VDA,218,82,136,218,0,ITC,ITC2,2,Valle d'Aosta / Vallée d'Aoste,Valle d'Aosta,125666,26621,21.18,0.17
3766,2021-03-31,VDA,555,302,253,529,26,ITC,ITC2,2,Valle d'Aosta / Vallée d'Aoste,Valle d'Aosta,125666,27176,21.63,0.44
3767,2021-05-27,VDA,1089,497,592,586,503,ITC,ITC2,2,Valle d'Aosta / Vallée d'Aoste,Valle d'Aosta,125666,28265,22.49,0.87
3768,2021-05-13,VDA,1139,556,583,540,599,ITC,ITC2,2,Valle d'Aosta / Vallée d'Aoste,Valle d'Aosta,125666,29404,23.4,0.91
3769,2021-02-02,VDA,273,70,203,2,271,ITC,ITC2,2,Valle d'Aosta / Vallée d'Aoste,Valle d'Aosta,125666,29677,23.62,0.22
3770,2021-06-25,VDA,977,445,532,324,653,ITC,ITC2,2,Valle d'Aosta / Vallée d'Aoste,Valle d'Aosta,125666,30654,24.39,0.78
3771,2021-06-04,VDA,908,383,525,474,434,ITC,ITC2,2,Valle d'Aosta / Vallée d'Aoste,Valle d'Aosta,125666,31562,25.12,0.72
3772,2021-01-19,VDA,256,77,179,256,0,ITC,ITC2,2,Valle d'Aosta / Vallée d'Aoste,Valle d'Aosta,125666,31818,25.32,0.2
3773,2021-04-12,VDA,486,186,300,323,163,ITC,ITC2,2,Valle d'Aosta / Vallée d'Aoste,Valle d'Aosta,125666,32304,25.71,0.39
3774,2021-04-29,VDA,1291,634,657,757,534,ITC,ITC2,2,Valle d'Aosta / Vallée d'Aoste,Valle d'Aosta,125666,33595,26.73,1.03
3775,2021-03-25,VDA,389,154,235,379,10,ITC,ITC2,2,Valle d'Aosta / Vallée d'Aoste,Valle d'Aosta,125666,33984,27.04,0.31
3776,2021-05-21,VDA,917,433,484,531,386,ITC,ITC2,2,Valle d'Aosta / Vallée d'Aoste,Valle d'Aosta,125666,34901,27.77,0.73
3777,2021-04-17,VDA,638,407,231,636,2,ITC,ITC2,2,Valle d'Aosta / Vallée d'Aoste,Valle d'Aosta,125666,35539,28.28,0.51
3778,2021-01-07,VDA,276,111,165,276,0,ITC,ITC2,2,Valle d'Aosta / Vallée d'Aoste,Valle d'Aosta,125666,35815,28.5,0.22
3779,2021-02-19,VDA,292,102,190,268,24,ITC,ITC2,2,Valle d'Aosta / Vallée d'Aoste,Valle d'Aosta,125666,36107,28.73,0.23
3780,2021-01-05,VDA,150,54,96,150,0,ITC,ITC2,2,Valle d'Aosta / Vallée d'Aoste,Valle d'Aosta,125666,36257,28.85,0.12
3781,2021-01-14,VDA,237,69,168,237,0,ITC,ITC2,2,Valle d'Aosta / Vallée d'Aoste,Valle d'Aosta,125666,36494,29.04,0.19
3782,2021-04-24,VDA,722,400,322,555,167,ITC,ITC2,2,Valle d'Aosta / Vallée d'Aoste,Valle d'Aosta,125666,37216,29.62,0.57
3783,2021-02-15,VDA,264,136,128,229,35,ITC,ITC2,2,Valle d'Aosta / Vallée d'Aoste,Valle d'Aosta,125666,37480,29.83,0.21
3784,2021-05-25,VDA,1115,530,585,541,574,ITC,ITC2,2,Valle d'Aosta / Vallée d'Aoste,Valle d'Aosta,125666,38595,30.71,0.89
3785,2021-02-14,VDA,48,16,32,1,47,ITC,ITC2,2,Valle d'Aosta / Vallée d'Aoste,Valle d'Aosta,125666,38643,30.75,0.04
3786,2021-05-08,VDA,904,540,364,526,378,ITC,ITC2,2,Valle d'Aosta / Vallée d'Aoste,Valle d'Aosta,125666,39547,31.47,0.72
3787,2021-06-18,VDA,998,443,555,599,399,ITC,ITC2,2,Valle d'Aosta / Vallée d'Aoste,Valle d'Aosta,125666,40545,32.26,0.79
3788,2021-03-29,VDA,493,233,260,453,40,ITC,ITC2,2,Valle d'Aosta / Vallée d'Aoste,Valle d'Aosta,125666,41038,32.66,0.39
3789,2021-06-20,VDA,1131,545,586,487,644,ITC,ITC2,2,Valle d'Aosta / Vallée d'Aoste,Valle d'Aosta,125666,42169,33.56,0.9
3790,2021-03-12,VDA,531,175,356,305,226,ITC,ITC2,2,Valle d'Aosta / Vallée d'Aoste,Valle d'Aosta,125666,42700,33.98,0.42
3791,2021-01-31,VDA,291,91,200,58,233,ITC,ITC2,2,Valle d'Aosta / Vallée d'Aoste,Valle d'Aosta,125666,42991,34.21,0.23
3792,2020-12-31,VDA,18,4,14,18,0,ITC,ITC2,2,Valle d'Aosta / Vallée d'Aoste,Valle d'Aosta,125666,43009,34.22,0.01
3793,2021-06-06,VDA,1160,582,578,787,373,ITC,ITC2,2,Valle d'Aosta / Vallée d'Aoste,Valle d'Aosta,125666,44169,35.15,0.92
3794,2021-06-15,VDA,876,479,397,621,255,ITC,ITC2,2,Valle d'Aosta / Vallée d'Aoste,Valle d'Aosta,125666,45045,35.85,0.7
3795,2021-03-05,VDA,275,124,151,53,222,ITC,ITC2,2,Valle d'Aosta / Vallée d'Aoste,Valle d'Aosta,125666,45320,36.06,0.22
3796,2021-02-28,VDA,260,86,174,77,183,ITC,ITC2,2,Valle d'Aosta / Vallée d'Aoste,Valle d'Aosta,125666,45580,36.27,0.21
3797,2021-05-20,VDA,807,363,444,367,440,ITC,ITC2,2,Valle d'Aosta / Vallée d'Aoste,Valle d'Aosta,125666,46387,36.91,0.64
3798,2021-07-02,VDA,865,383,482,305,560,ITC,ITC2,2,Valle d'Aosta / Vallée d'Aoste,Valle d'Aosta,125666,47252,37.6,0.69
3799,2021-03-24,VDA,515,230,285,258,257,ITC,ITC2,2,Valle d'Aosta / Vallée d'Aoste,Valle d'Aosta,125666,47767,38.01,0.41
3800,2021-05-06,VDA,1063,509,554,679,384,ITC,ITC2,2,Valle d'Aosta / Vallée d'Aoste,Valle d'Aosta,125666,48830,38.86,0.85
3801,2021-02-16,VDA,326,53,273,320,6,ITC,ITC2,2,Valle d'Aosta / Vallée d'Aoste,Valle d'Aosta,125666,49156,39.12,0.26
3802,2021-04-07,VDA,910,474,436,681,229,ITC,ITC2,2,Valle d'Aosta / Vallée d'Aoste,Valle d'Aosta,125666,50066,39.84,0.72
3803,2021-02-09,VDA,251,84,167,68,183,ITC,ITC2,2,Valle d'Aosta / Vallée d'Aoste,Valle d'Aosta,125666,50317,40.04,0.2
3804,2021-05-18,VDA,970,484,486,353,617,ITC,ITC2,2,Valle d'Aosta / Vallée d'Aoste,Valle d'Aosta,125666,51287,40.81,0.77
3805,2021-02-07,VDA,292,120,172,190,102,ITC,ITC2,2,Valle d'Aosta / Vallée d'Aoste,Valle d'Aosta,125666,51579,41.04,0.23
3806,2021-05-01,VDA,940,563,377,456,484,ITC,ITC2,2,Valle d'Aosta / Vallée d'Aoste,Valle d'Aosta,125666,52519,41.79,0.75
3807,2021-04-14,VDA,941,430,511,717,224,ITC,ITC2,2,Valle d'Aosta / Vallée d'Aoste,Valle d'Aosta,125666,53460,42.54,0.75
3808,2021-01-02,VDA,6,5,1,6,0,ITC,ITC2,2,Valle d'Aosta / Vallée d'Aoste,Valle d'Aosta,125666,53466,42.55,0.0
3809,2021-03-26,VDA,498,204,294,491,7,ITC,ITC2,2,Valle d'Aosta / Vallée d'Aoste,Valle d'Aosta,125666,53964,42.94,0.4
3810,2021-03-10,VDA,438,183,255,225,213,ITC,ITC2,2,Valle d'Aosta / Vallée d'Aoste,Valle d'Aosta,125666,54402,43.29,0.35
3811,2021-02-21,VDA,18,3,15,0,18,ITC,ITC2,2,Valle d'Aosta / Vallée d'Aoste,Valle d'Aosta,125666,54420,43.31,0.01
3812,2021-06-01,VDA,871,469,402,518,353,ITC,ITC2,2,Valle d'Aosta / Vallée d'Aoste,Valle d'Aosta,125666,55291,44.0,0.69
3813,2021-02-23,VDA,216,123,93,216,0,ITC,ITC2,2,Valle d'Aosta / Vallée d'Aoste,Valle d'Aosta,125666,55507,44.17,0.17
3814,2021-04-05,VDA,464,223,241,458,6,ITC,ITC2,2,Valle d'Aosta / Vallée d'Aoste,Valle d'Aosta,125666,55971,44.54,0.37
3815,2021-06-27,VDA,1250,607,643,322,928,ITC,ITC2,2,Valle d'Aosta / Vallée d'Aoste,Valle d'Aosta,125666,57221,45.53,0.99
3816,2021-04-19,VDA,751,325,426,542,209,ITC,ITC2,2,Valle d'Aosta / Vallée d'Aoste,Valle d'Aosta,125666,57972,46.13,0.6
3817,2021-01-16,VDA,237,80,157,237,0,ITC,ITC2,2,Valle d'Aosta / Vallée d'Aoste,Valle d'Aosta,125666,58209,46.32,0.19
3818,2021-06-22,VDA,1189,666,523,541,648,ITC,ITC2,2,Valle d'Aosta / Vallée d'Aoste,Valle d'Aosta,125666,59398,47.27,0.95
3819,2021-03-14,VDA,392,200,192,392,0,ITC,ITC2,2,Valle d'Aosta / Vallée d'Aoste,Valle d'Aosta,125666,59790,47.58,0.31
3820,2021-04-26,VDA,715,327,388,545,170,ITC,ITC2,2,Valle d'Aosta / Vallée d'Aoste,Valle d'Aosta,125666,60505,48.15,0.57
3821,2021-07-01,VDA,962,473,489,341,621,ITC,ITC2,2,Valle d'Aosta / Vallée d'Aoste,Valle d'Aosta,125666,61467,48.91,0.77
3822,2021-01-09,VDA,443,199,244,443,0,ITC,ITC2,2,Valle d'Aosta / Vallée d'Aoste,Valle d'Aosta,125666,61910,49.27,0.35
3823,2021-06-24,VDA,1221,629,592,388,833,ITC,ITC2,2,Valle d'Aosta / Vallée d'Aoste,Valle d'Aosta,125666,63131,50.24,0.97
3824,2021-07-03,VDA,725,370,355,191,534,ITC,ITC2,2,Valle d'Aosta / Vallée d'Aoste,Valle d'Aosta,125666,63856,50.81,0.58
3825,2021-02-08,VDA,223,83,140,25,198,ITC,ITC2,2,Valle d'Aosta / Vallée d'Aoste,Valle d'Aosta,125666,64079,50.99,0.18
3826,2021-03-23,VDA,379,150,229,245,134,ITC,ITC2,2,Valle d'Aosta / Vallée d'Aoste,Valle d'Aosta,125666,64458,51.29,0.3
3827,2021-05-19,VDA,993,498,495,418,575,ITC,ITC2,2,Valle d'Aosta / Vallée d'Aoste,Valle d'Aosta,125666,65451,52.08,0.79
3828,2021-03-16,VDA,182,37,145,118,64,ITC,ITC2,2,Valle d'Aosta / Vallée d'Aoste,Valle d'Aosta,125666,65633,52.23,0.14
3829,2021-06-03,VDA,1306,667,639,896,410,ITC,ITC2,2,Valle d'Aosta / Vallée d'Aoste,Valle d'Aosta,125666,66939,53.27,1.04
3830,2021-05-17,VDA,809,417,392,375,434,ITC,ITC2,2,Valle d'Aosta / Vallée d'Aoste,Valle d'Aosta,125666,67748,53.91,0.64
3831,2021-05-15,VDA,1065,614,451,380,685,ITC,ITC2,2,Valle d'Aosta / Vallée d'Aoste,Valle d'Aosta,125666,68813,54.76,0.85
3832,2021-02-04,VDA,294,86,208,8,286,ITC,ITC2,2,Valle d'Aosta / Vallée d'Aoste,Valle d'Aosta,125666,69107,54.99,0.23
3833,2021-04-28,VDA,1218,632,586,715,503,ITC,ITC2,2,Valle d'Aosta / Vallée d'Aoste,Valle d'Aosta,125666,70325,55.96,0.97
3834,2021-03-22,VDA,560,205,355,333,227,ITC,ITC2,2,Valle d'Aosta / Vallée d'Aoste,Valle d'Aosta,125666,70885,56.41,0.45
3835,2021-06-05,VDA,925,476,449,737,188,ITC,ITC2,2,Valle d'Aosta / Vallée d'Aoste,Valle d'Aosta,125666,71810,57.14,0.74
3836,2021-02-11,VDA,231,107,124,222,9,ITC,ITC2,2,Valle d'Aosta / Vallée d'Aoste,Valle d'Aosta,125666,72041,57.33,0.18
3837,2021-04-09,VDA,237,111,126,204,33,ITC,ITC2,2,Valle d'Aosta / Vallée d'Aoste,Valle d'Aosta,125666,72278,57.52,0.19
3838,2021-05-22,VDA,940,494,446,540,400,ITC,ITC2,2,Valle d'Aosta / Vallée d'Aoste,Valle d'Aosta,125666,73218,58.26,0.75
3839,2021-01-28,VDA,291,123,168,56,235,ITC,ITC2,2,Valle d'Aosta / Vallée d'Aoste,Valle d'Aosta,125666,73509,58.5,0.23
3840,2021-06-12,VDA,1232,599,633,1066,166,ITC,ITC2,2,Valle d'Aosta / Vallée d'Aoste,Valle d'Aosta,125666,74741,59.48,0.98
3841,2021-03-19,VDA,322,85,237,287,35,ITC,ITC2,2,Valle d'Aosta / Vallée d'Aoste,Valle d'Aosta,125666,75063,59.73,0.26
3842,2021-04-16,VDA,599,261,338,597,2,ITC,ITC2,2,Valle d'Aosta / Vallée d'Aoste,Valle d'Aosta,125666,75662,60.21,0.48
3843,2021-04-02,VDA,873,344,529,648,225,ITC,ITC2,2,Valle d'Aosta / Vallée d'Aoste,Valle d'Aosta,125666,76535,60.9,0.69
3844,2021-05-29,VDA,798,434,364,561,237,ITC,ITC2,2,Valle d'Aosta / Vallée d'Aoste,Valle d'Aosta,125666,77333,61.54,0.64
3845,2021-02-25,VDA,201,101,100,194,7,ITC,ITC2,2,Valle d'Aosta / Vallée d'Aoste,Valle d'Aosta,125666,77534,61.7,0.16
3846,2021-02-06,VDA,289,104,185,92,197,ITC,ITC2,2,Valle d'Aosta / Vallée d'Aoste,Valle d'Aosta,125666,77823,61.93,0.23
3847,2021-04-30,VDA,831,355,476,485,346,ITC,ITC2,2,Valle d'Aosta / Vallée d'Aoste,Valle d'Aosta,125666,78654,62.59,0.66
3848,2021-01-20,VDA,23,8,15,23,0,ITC,ITC2,2,Valle d'Aosta / Vallée d'Aoste,Valle d'Aosta,125666,78677,62.61,0.02
3849,2021-01-18,VDA,213,74,139,213,0,ITC,ITC2,2,Valle d'Aosta / Vallée d'Aoste,Valle d'Aosta,125666,78890,62.78,0.17
3850,2021-06-17,VDA,775,422,353,626,149,ITC,ITC2,2,Valle d'Aosta / Vallée d'Aoste,Valle d'Aosta,125666,79665,63.39,0.62
3851,2021-01-21,VDA,33,12,21,33,0,ITC,ITC2,2,Valle d'Aosta / Vallée d'Aoste,Valle d'Aosta,125666,79698,63.42,0.03
3852,2021-01-04,VDA,142,59,83,142,0,ITC,ITC2,2,Valle d'Aosta / Vallée d'Aoste,Valle d'Aosta,125666,79840,63.53,0.11
3853,2021-03-28,VDA,522,212,310,521,1,ITC,ITC2,2,Valle d'Aosta / Vallée d'Aoste,Valle d'Aosta,125666,80362,63.95,0.42
3854,2021-03-11,VDA,197,76,121,66,131,ITC,ITC2,2,Valle d'Aosta / Vallée d'Aoste,Valle d'Aosta,125666,80559,64.11,0.16
3855,2021-06-02,VDA,1215,688,527,814,401,ITC,ITC2,2,Valle d'Aosta / Vallée d'Aoste,Valle d'Aosta,125666,81774,65.07,0.97
3856,2021-06-19,VDA,1288,667,621,669,619,ITC,ITC2,2,Valle d'Aosta / Vallée d'Aoste,Valle d'Aosta,125666,83062,66.1,1.02
3857,2021-03-09,VDA,206,96,110,174,32,ITC,ITC2,2,Valle d'Aosta / Vallée d'Aoste,Valle d'Aosta,125666,83268,66.26,0.16
3858,2021-02-20,VDA,251,210,41,241,10,ITC,ITC2,2,Valle d'Aosta / Vallée d'Aoste,Valle d'Aosta,125666,83519,66.46,0.2
3859,2021-05-05,VDA,1038,566,472,456,582,ITC,ITC2,2,Valle d'Aosta / Vallée d'Aoste,Valle d'Aosta,125666,84557,67.29,0.83
3860,2021-05-03,VDA,839,400,439,488,351,ITC,ITC2,2,Valle d'Aosta / Vallée d'Aoste,Valle d'Aosta,125666,85396,67.95,0.67
3861,2021-03-07,VDA,64,30,34,11,53,ITC,ITC2,2,Valle d'Aosta / Vallée d'Aoste,Valle d'Aosta,125666,85460,68.01,0.05
3862,2021-01-30,VDA,439,202,237,14,425,ITC,ITC2,2,Valle d'Aosta / Vallée d'Aoste,Valle d'Aosta,125666,85899,68.36,0.35
3863,2021-04-11,VDA,479,208,271,479,0,ITC,ITC2,2,Valle d'Aosta / Vallée d'Aoste,Valle d'Aosta,125666,86378,68.74,0.38
3864,2021-04-18,VDA,522,254,268,518,4,ITC,ITC2,2,Valle d'Aosta / Vallée d'Aoste,Valle d'Aosta,125666,86900,69.15,0.42
3865,2021-06-14,VDA,306,163,143,12,294,ITC,ITC2,2,Valle d'Aosta / Vallée d'Aoste,Valle d'Aosta,125666,87206,69.4,0.24
3866,2021-05-31,VDA,880,396,484,501,379,ITC,ITC2,2,Valle d'Aosta / Vallée d'Aoste,Valle d'Aosta,125666,88086,70.1,0.7
3867,2021-04-25,VDA,849,408,441,710,139,ITC,ITC2,2,Valle d'Aosta / Vallée d'Aoste,Valle d'Aosta,125666,88935,70.77,0.68
3868,2021-06-21,VDA,1122,600,522,617,505,ITC,ITC2,2,Valle d'Aosta / Vallée d'Aoste,Valle d'Aosta,125666,90057,71.66,0.89
3869,2021-06-07,VDA,710,347,363,649,61,ITC,ITC2,2,Valle d'Aosta / Vallée d'Aoste,Valle d'Aosta,125666,90767,72.23,0.56
3870,2021-02-27,VDA,231,85,146,124,107,ITC,ITC2,2,Valle d'Aosta / Vallée d'Aoste,Valle d'Aosta,125666,90998,72.41,0.18
3871,2021-01-06,VDA,65,33,32,65,0,ITC,ITC2,2,Valle d'Aosta / Vallée d'Aoste,Valle d'Aosta,125666,91063,72.46,0.05
3872,2021-02-18,VDA,349,153,196,261,88,ITC,ITC2,2,Valle d'Aosta / Vallée d'Aoste,Valle d'Aosta,125666,91412,72.74,0.28
3873,2021-01-25,VDA,147,65,82,0,147,ITC,ITC2,2,Valle d'Aosta / Vallée d'Aoste,Valle d'Aosta,125666,91559,72.86,0.12
3874,2021-05-14,VDA,960,442,518,291,669,ITC,ITC2,2,Valle d'Aosta / Vallée d'Aoste,Valle d'Aosta,125666,92519,73.62,0.76
3875,2021-02-01,VDA,404,127,277,87,317,ITC,ITC2,2,Valle d'Aosta / Vallée d'Aoste,Valle d'Aosta,125666,92923,73.94,0.32
3876,2021-03-30,VDA,402,223,179,382,20,ITC,ITC2,2,Valle d'Aosta / Vallée d'Aoste,Valle d'Aosta,125666,93325,74.26,0.32
3877,2021-05-12,VDA,1140,549,591,470,670,ITC,ITC2,2,Valle d'Aosta / Vallée d'Aoste,Valle d'Aosta,125666,94465,75.17,0.91
3878,2021-05-07,VDA,564,245,319,533,31,ITC,ITC2,2,Valle d'Aosta / Vallée d'Aoste,Valle d'Aosta,125666,95029,75.62,0.45
3879,2021-04-23,VDA,921,443,478,538,383,ITC,ITC2,2,Valle d'Aosta / Vallée d'Aoste,Valle d'Aosta,125666,95950,76.35,0.73
3880,2021-01-13,VDA,337,110,227,337,0,ITC,ITC2,2,Valle d'Aosta / Vallée d'Aoste,Valle d'Aosta,125666,96287,76.62,0.27
3881,2021-04-06,VDA,741,381,360,629,112,ITC,ITC2,2,Valle d'Aosta / Vallée d'Aoste,Valle d'Aosta,125666,97028,77.21,0.59
3882,2021-03-18,VDA,136,43,93,99,37,ITC,ITC2,2,Valle d'Aosta / Vallée d'Aoste,Valle d'Aosta,125666,97164,77.32,0.11
3883,2021-06-26,VDA,1061,509,552,357,704,ITC,ITC2,2,Valle d'Aosta / Vallée d'Aoste,Valle d'Aosta,125666,98225,78.16,0.84
3884,2021-03-04,VDA,291,139,152,42,249,ITC,ITC2,2,Valle d'Aosta / Vallée d'Aoste,Valle d'Aosta,125666,98516,78.4,0.23
3885,2021-05-26,VDA,1209,587,622,576,633,ITC,ITC2,2,Valle d'Aosta / Vallée d'Aoste,Valle d'Aosta,125666,99725,79.36,0.96
3886,2021-02-12,VDA,263,96,167,217,46,ITC,ITC2,2,Valle d'Aosta / Vallée d'Aoste,Valle d'Aosta,125666,99988,79.57,0.21
3887,2021-01-12,VDA,302,72,230,302,0,ITC,ITC2,2,Valle d'Aosta / Vallée d'Aoste,Valle d'Aosta,125666,100290,79.81,0.24
3888,2021-05-24,VDA,1136,516,620,689,447,ITC,ITC2,2,Valle d'Aosta / Vallée d'Aoste,Valle d'Aosta,125666,101426,80.71,0.9
3889,2021-05-10,VDA,782,381,401,547,235,ITC,ITC2,2,Valle d'Aosta / Vallée d'Aoste,Valle d'Aosta,125666,102208,81.33,0.62
3890,2021-04-21,VDA,868,410,458,620,248,ITC,ITC2,2,Valle d'Aosta / Vallée d'Aoste,Valle d'Aosta,125666,103076,82.02,0.69
3891,2021-03-21,VDA,355,165,190,355,0,ITC,ITC2,2,Valle d'Aosta / Vallée d'Aoste,Valle d'Aosta,125666,103431,82.31,0.28
3892,2021-06-29,VDA,779,389,390,238,541,ITC,ITC2,2,Valle d'Aosta / Vallée d'Aoste,Valle d'Aosta,125666,104210,82.93,0.62
3893,2021-06-10,VDA,1002,558,444,960,42,ITC,ITC2,2,Valle d'Aosta / Vallée d'Aoste,Valle d'Aosta,125666,105212,83.72,0.8
3894,2021-03-02,VDA,339,166,173,336,3,ITC,ITC2,2,Valle d'Aosta / Vallée d'Aoste,Valle d'Aosta,125666,105551,83.99,0.27
3895,2021-01-11,VDA,325,112,213,325,0,ITC,ITC2,2,Valle d'Aosta / Vallée d'Aoste,Valle d'Aosta,125666,105876,84.25,0.26
3896,2021-04-04,VDA,572,253,319,571,1,ITC,ITC2,2,Valle d'Aosta / Vallée d'Aoste,Valle d'Aosta,125666,106448,84.71,0.46
3897,2021-02-13,VDA,216,196,20,215,1,ITC,ITC2,2,Valle d'Aosta / Vallée d'Aoste,Valle d'Aosta,125666,106664,84.88,0.17
