,data,area,Vaccinazioni giornaliere,sesso_maschile,sesso_femminile,prima_dose,seconda_dose,codice_NUTS1,codice_NUTS2,codice_regione_ISTAT,nome_area,Regione,popolazione,Totale vaccinazioni,Totale vaccinazioni ogni cento ab,Vaccinazioni giornaliere ogni cento ab
0,2021-01-26,MAR,2018,746,1272,91,1927,ITI,ITI3,11,Marche,Marche,1525271,2018,0.13,0.13
1,2021-04-19,MAR,9601,4497,5104,8020,1581,ITI,ITI3,11,Marche,Marche,1525271,11619,0.76,0.63
2,2021-02-14,MAR,738,301,437,738,0,ITI,ITI3,11,Marche,Marche,1525271,12357,0.81,0.05
3,2021-05-08,MAR,12268,5476,6792,5021,7247,ITI,ITI3,11,Marche,Marche,1525271,24625,1.61,0.8
4,2021-04-05,MAR,5688,2355,3333,4419,1269,ITI,ITI3,11,Marche,Marche,1525271,30313,1.99,0.37
5,2021-03-19,MAR,3835,1597,2238,339,3496,ITI,ITI3,11,Marche,Marche,1525271,34148,2.24,0.25
6,2021-03-17,MAR,3428,1494,1934,107,3321,ITI,ITI3,11,Marche,Marche,1525271,37576,2.46,0.22
7,2021-02-28,MAR,2836,1251,1585,2830,6,ITI,ITI3,11,Marche,Marche,1525271,40412,2.65,0.19
8,2021-06-08,MAR,13914,7013,6901,11303,2611,ITI,ITI3,11,Marche,Marche,1525271,54326,3.56,0.91
9,2021-01-21,MAR,909,260,649,585,324,ITI,ITI3,11,Marche,Marche,1525271,55235,3.62,0.06
10,2021-05-01,MAR,9318,3924,5394,3576,5742,ITI,ITI3,11,Marche,Marche,1525271,64553,4.23,0.61
11,2021-03-05,MAR,6171,2856,3315,4703,1468,ITI,ITI3,11,Marche,Marche,1525271,70724,4.64,0.4
12,2021-01-07,MAR,1808,636,1172,1808,0,ITI,ITI3,11,Marche,Marche,1525271,72532,4.76,0.12
13,2021-05-20,MAR,12363,5812,6551,7666,4697,ITI,ITI3,11,Marche,Marche,1525271,84895,5.57,0.81
14,2021-02-07,MAR,1870,734,1136,344,1526,ITI,ITI3,11,Marche,Marche,1525271,86765,5.69,0.12
15,2021-01-31,MAR,1918,769,1149,103,1815,ITI,ITI3,11,Marche,Marche,1525271,88683,5.81,0.13
16,2021-04-07,MAR,7810,3435,4375,7475,335,ITI,ITI3,11,Marche,Marche,1525271,96493,6.33,0.51
17,2021-02-09,MAR,124,42,82,46,78,ITI,ITI3,11,Marche,Marche,1525271,96617,6.33,0.01
18,2021-05-27,MAR,13730,6816,6914,9429,4301,ITI,ITI3,11,Marche,Marche,1525271,110347,7.23,0.9
19,2021-03-31,MAR,7375,3087,4288,4351,3024,ITI,ITI3,11,Marche,Marche,1525271,117722,7.72,0.48
20,2021-03-29,MAR,5860,2567,3293,3435,2425,ITI,ITI3,11,Marche,Marche,1525271,123582,8.1,0.38
21,2021-05-15,MAR,13965,6375,7590,8076,5889,ITI,ITI3,11,Marche,Marche,1525271,137547,9.02,0.92
22,2021-02-19,MAR,1961,712,1249,1826,135,ITI,ITI3,11,Marche,Marche,1525271,139508,9.15,0.13
23,2020-12-31,MAR,387,181,206,387,0,ITI,ITI3,11,Marche,Marche,1525271,139895,9.17,0.03
24,2021-03-24,MAR,7033,2983,4050,3365,3668,ITI,ITI3,11,Marche,Marche,1525271,146928,9.63,0.46
25,2021-06-01,MAR,12063,6158,5905,9968,2095,ITI,ITI3,11,Marche,Marche,1525271,158991,10.42,0.79
26,2021-03-10,MAR,5666,2400,3266,4529,1137,ITI,ITI3,11,Marche,Marche,1525271,164657,10.8,0.37
27,2021-02-21,MAR,376,141,235,375,1,ITI,ITI3,11,Marche,Marche,1525271,165033,10.82,0.02
28,2021-01-19,MAR,228,83,145,142,86,ITI,ITI3,11,Marche,Marche,1525271,165261,10.83,0.01
29,2021-02-02,MAR,1191,397,794,72,1119,ITI,ITI3,11,Marche,Marche,1525271,166452,10.91,0.08
30,2021-05-13,MAR,12603,5695,6908,7103,5500,ITI,ITI3,11,Marche,Marche,1525271,179055,11.74,0.83
31,2021-04-12,MAR,8567,3772,4795,8083,484,ITI,ITI3,11,Marche,Marche,1525271,187622,12.3,0.56
32,2021-06-15,MAR,12916,6419,6497,9858,3058,ITI,ITI3,11,Marche,Marche,1525271,200538,13.15,0.85
33,2021-01-12,MAR,1227,413,814,1227,0,ITI,ITI3,11,Marche,Marche,1525271,201765,13.23,0.08
34,2021-04-26,MAR,8980,3983,4997,5958,3022,ITI,ITI3,11,Marche,Marche,1525271,210745,13.82,0.59
35,2021-01-23,MAR,557,190,367,123,434,ITI,ITI3,11,Marche,Marche,1525271,211302,13.85,0.04
36,2021-01-09,MAR,1710,605,1105,1710,0,ITI,ITI3,11,Marche,Marche,1525271,213012,13.97,0.11
37,2021-04-02,MAR,6887,2983,3904,6148,739,ITI,ITI3,11,Marche,Marche,1525271,219899,14.42,0.45
38,2021-03-16,MAR,3471,1485,1986,290,3181,ITI,ITI3,11,Marche,Marche,1525271,223370,14.64,0.23
39,2021-01-11,MAR,1176,411,765,1176,0,ITI,ITI3,11,Marche,Marche,1525271,224546,14.72,0.08
40,2021-04-21,MAR,10781,4967,5814,9587,1194,ITI,ITI3,11,Marche,Marche,1525271,235327,15.43,0.71
41,2021-03-02,MAR,4953,1941,3012,4387,566,ITI,ITI3,11,Marche,Marche,1525271,240280,15.75,0.32
42,2021-06-10,MAR,14673,7564,7109,12660,2013,ITI,ITI3,11,Marche,Marche,1525271,254953,16.72,0.96
43,2021-05-24,MAR,10796,5111,5685,8122,2674,ITI,ITI3,11,Marche,Marche,1525271,265749,17.42,0.71
44,2021-05-22,MAR,11937,5719,6218,7489,4448,ITI,ITI3,11,Marche,Marche,1525271,277686,18.21,0.78
45,2021-06-12,MAR,13407,7132,6275,12132,1275,ITI,ITI3,11,Marche,Marche,1525271,291093,19.08,0.88
46,2021-04-16,MAR,10082,4702,5380,9557,525,ITI,ITI3,11,Marche,Marche,1525271,301175,19.75,0.66
47,2021-01-04,MAR,1509,570,939,1509,0,ITI,ITI3,11,Marche,Marche,1525271,302684,19.84,0.1
48,2021-04-14,MAR,10215,4564,5651,9843,372,ITI,ITI3,11,Marche,Marche,1525271,312899,20.51,0.67
49,2020-12-30,MAR,17,5,12,17,0,ITI,ITI3,11,Marche,Marche,1525271,312916,20.52,0.0
50,2021-03-12,MAR,4640,1972,2668,3402,1238,ITI,ITI3,11,Marche,Marche,1525271,317556,20.82,0.3
51,2021-01-14,MAR,2010,692,1318,2010,0,ITI,ITI3,11,Marche,Marche,1525271,319566,20.95,0.13
52,2021-04-24,MAR,12022,5303,6719,7558,4464,ITI,ITI3,11,Marche,Marche,1525271,331588,21.74,0.79
53,2021-02-26,MAR,3628,1498,2130,3152,476,ITI,ITI3,11,Marche,Marche,1525271,335216,21.98,0.24
54,2021-05-12,MAR,10427,4687,5740,4925,5502,ITI,ITI3,11,Marche,Marche,1525271,345643,22.66,0.68
55,2021-06-03,MAR,14645,7478,7167,12382,2263,ITI,ITI3,11,Marche,Marche,1525271,360288,23.62,0.96
56,2021-02-18,MAR,2101,745,1356,1815,286,ITI,ITI3,11,Marche,Marche,1525271,362389,23.76,0.14
57,2021-05-29,MAR,12788,6194,6594,8260,4528,ITI,ITI3,11,Marche,Marche,1525271,375177,24.6,0.84
58,2021-02-16,MAR,1288,475,813,1258,30,ITI,ITI3,11,Marche,Marche,1525271,376465,24.68,0.08
59,2021-02-25,MAR,3509,1434,2075,3330,179,ITI,ITI3,11,Marche,Marche,1525271,379974,24.91,0.23
60,2021-06-05,MAR,13928,7004,6924,11869,2059,ITI,ITI3,11,Marche,Marche,1525271,393902,25.83,0.91
61,2021-04-23,MAR,11159,5140,6019,8104,3055,ITI,ITI3,11,Marche,Marche,1525271,405061,26.56,0.73
62,2021-02-04,MAR,2383,841,1542,112,2271,ITI,ITI3,11,Marche,Marche,1525271,407444,26.71,0.16
63,2021-01-18,MAR,696,237,459,547,149,ITI,ITI3,11,Marche,Marche,1525271,408140,26.76,0.05
64,2021-04-28,MAR,10735,4891,5844,6003,4732,ITI,ITI3,11,Marche,Marche,1525271,418875,27.46,0.7
65,2021-03-26,MAR,6332,2606,3726,3524,2808,ITI,ITI3,11,Marche,Marche,1525271,425207,27.88,0.42
66,2021-06-17,MAR,14884,7411,7473,8831,6053,ITI,ITI3,11,Marche,Marche,1525271,440091,28.85,0.98
67,2021-01-02,MAR,455,140,315,455,0,ITI,ITI3,11,Marche,Marche,1525271,440546,28.88,0.03
68,2021-03-07,MAR,5179,2106,3073,4425,754,ITI,ITI3,11,Marche,Marche,1525271,445725,29.22,0.34
69,2021-01-16,MAR,2034,732,1302,2034,0,ITI,ITI3,11,Marche,Marche,1525271,447759,29.36,0.13
70,2021-05-03,MAR,10197,4605,5592,4790,5407,ITI,ITI3,11,Marche,Marche,1525271,457956,30.02,0.67
71,2021-03-28,MAR,4126,1739,2387,2435,1691,ITI,ITI3,11,Marche,Marche,1525271,462082,30.3,0.27
72,2021-01-30,MAR,1905,668,1237,28,1877,ITI,ITI3,11,Marche,Marche,1525271,463987,30.42,0.12
73,2021-05-10,MAR,9448,4336,5112,4897,4551,ITI,ITI3,11,Marche,Marche,1525271,473435,31.04,0.62
74,2021-03-14,MAR,2499,1032,1467,1907,592,ITI,ITI3,11,Marche,Marche,1525271,475934,31.2,0.16
75,2021-01-28,MAR,2086,725,1361,165,1921,ITI,ITI3,11,Marche,Marche,1525271,478020,31.34,0.14
76,2021-04-04,MAR,3824,1792,2032,2655,1169,ITI,ITI3,11,Marche,Marche,1525271,481844,31.59,0.25
77,2021-06-09,MAR,14044,7304,6740,12174,1870,ITI,ITI3,11,Marche,Marche,1525271,495888,32.51,0.92
78,2021-06-07,MAR,13157,6496,6661,10708,2449,ITI,ITI3,11,Marche,Marche,1525271,509045,33.37,0.86
79,2021-02-27,MAR,3356,1435,1921,3147,209,ITI,ITI3,11,Marche,Marche,1525271,512401,33.59,0.22
80,2021-02-11,MAR,1987,657,1330,1598,389,ITI,ITI3,11,Marche,Marche,1525271,514388,33.72,0.13
81,2021-05-05,MAR,11647,5300,6347,5218,6429,ITI,ITI3,11,Marche,Marche,1525271,526035,34.49,0.76
82,2021-05-07,MAR,12836,5804,7032,3658,9178,ITI,ITI3,11,Marche,Marche,1525271,538871,35.33,0.84
83,2021-02-13,MAR,1093,462,631,1011,82,ITI,ITI3,11,Marche,Marche,1525271,539964,35.4,0.07
84,2021-01-27,MAR,2118,780,1338,122,1996,ITI,ITI3,11,Marche,Marche,1525271,542082,35.54,0.14
85,2021-04-20,MAR,10696,4995,5701,9279,1417,ITI,ITI3,11,Marche,Marche,1525271,552778,36.24,0.7
86,2021-04-09,MAR,9560,4189,5371,9360,200,ITI,ITI3,11,Marche,Marche,1525271,562338,36.87,0.63
87,2021-01-06,MAR,2188,795,1393,2188,0,ITI,ITI3,11,Marche,Marche,1525271,564526,37.01,0.14
88,2021-03-04,MAR,6486,2868,3618,5093,1393,ITI,ITI3,11,Marche,Marche,1525271,571012,37.44,0.43
89,2021-03-13,MAR,5766,2656,3110,1809,3957,ITI,ITI3,11,Marche,Marche,1525271,576778,37.81,0.38
90,2021-05-09,MAR,8769,3985,4784,3638,5131,ITI,ITI3,11,Marche,Marche,1525271,585547,38.39,0.57
91,2021-02-15,MAR,967,412,555,954,13,ITI,ITI3,11,Marche,Marche,1525271,586514,38.45,0.06
92,2021-05-26,MAR,11803,5916,5887,8620,3183,ITI,ITI3,11,Marche,Marche,1525271,598317,39.23,0.77
93,2021-03-30,MAR,7420,3044,4376,4605,2815,ITI,ITI3,11,Marche,Marche,1525271,605737,39.71,0.49
94,2021-02-01,MAR,1362,479,883,98,1264,ITI,ITI3,11,Marche,Marche,1525271,607099,39.8,0.09
95,2021-02-23,MAR,3267,1397,1870,3211,56,ITI,ITI3,11,Marche,Marche,1525271,610366,40.02,0.21
96,2021-01-15,MAR,1771,500,1271,1771,0,ITI,ITI3,11,Marche,Marche,1525271,612137,40.13,0.12
97,2021-04-25,MAR,8599,3993,4606,7024,1575,ITI,ITI3,11,Marche,Marche,1525271,620736,40.7,0.56
98,2021-05-31,MAR,11780,5941,5839,8851,2929,ITI,ITI3,11,Marche,Marche,1525271,632516,41.47,0.77
99,2021-05-17,MAR,11853,5568,6285,7690,4163,ITI,ITI3,11,Marche,Marche,1525271,644369,42.25,0.78
100,2021-04-30,MAR,13941,6101,7840,5398,8543,ITI,ITI3,11,Marche,Marche,1525271,658310,43.16,0.91
101,2021-04-11,MAR,7117,3115,4002,6831,286,ITI,ITI3,11,Marche,Marche,1525271,665427,43.63,0.47
102,2021-03-11,MAR,6591,2784,3807,5221,1370,ITI,ITI3,11,Marche,Marche,1525271,672018,44.06,0.43
103,2021-03-25,MAR,6657,2772,3885,3249,3408,ITI,ITI3,11,Marche,Marche,1525271,678675,44.5,0.44
104,2021-03-21,MAR,4504,1873,2631,1629,2875,ITI,ITI3,11,Marche,Marche,1525271,683179,44.79,0.3
105,2021-02-06,MAR,2463,902,1561,522,1941,ITI,ITI3,11,Marche,Marche,1525271,685642,44.95,0.16
106,2021-05-21,MAR,12951,6113,6838,6695,6256,ITI,ITI3,11,Marche,Marche,1525271,698593,45.8,0.85
107,2021-05-28,MAR,13956,6734,7222,9097,4859,ITI,ITI3,11,Marche,Marche,1525271,712549,46.72,0.91
108,2021-04-01,MAR,7576,3182,4394,4160,3416,ITI,ITI3,11,Marche,Marche,1525271,720125,47.21,0.5
109,2021-03-18,MAR,3389,1475,1914,162,3227,ITI,ITI3,11,Marche,Marche,1525271,723514,47.44,0.22
110,2021-05-23,MAR,9208,4282,4926,7537,1671,ITI,ITI3,11,Marche,Marche,1525271,732722,48.04,0.6
111,2021-05-06,MAR,12657,5822,6835,5585,7072,ITI,ITI3,11,Marche,Marche,1525271,745379,48.87,0.83
112,2021-02-12,MAR,1582,618,964,1430,152,ITI,ITI3,11,Marche,Marche,1525271,746961,48.97,0.1
113,2021-02-10,MAR,1439,452,987,1080,359,ITI,ITI3,11,Marche,Marche,1525271,748400,49.07,0.09
114,2021-01-25,MAR,1595,558,1037,96,1499,ITI,ITI3,11,Marche,Marche,1525271,749995,49.17,0.1
115,2021-01-08,MAR,1578,590,988,1578,0,ITI,ITI3,11,Marche,Marche,1525271,751573,49.27,0.1
116,2021-04-18,MAR,8820,4131,4689,7899,921,ITI,ITI3,11,Marche,Marche,1525271,760393,49.85,0.58
117,2021-01-10,MAR,1741,700,1041,1741,0,ITI,ITI3,11,Marche,Marche,1525271,762134,49.97,0.11
118,2021-01-13,MAR,2105,746,1359,2105,0,ITI,ITI3,11,Marche,Marche,1525271,764239,50.11,0.14
119,2021-05-02,MAR,8899,3936,4963,3161,5738,ITI,ITI3,11,Marche,Marche,1525271,773138,50.69,0.58
120,2021-03-22,MAR,5654,2376,3278,2526,3128,ITI,ITI3,11,Marche,Marche,1525271,778792,51.06,0.37
121,2021-01-24,MAR,881,339,542,5,876,ITI,ITI3,11,Marche,Marche,1525271,779673,51.12,0.06
122,2021-03-06,MAR,5699,2622,3077,4432,1267,ITI,ITI3,11,Marche,Marche,1525271,785372,51.49,0.37
123,2021-06-14,MAR,12617,6377,6240,9308,3309,ITI,ITI3,11,Marche,Marche,1525271,797989,52.32,0.83
124,2021-01-29,MAR,1991,730,1261,167,1824,ITI,ITI3,11,Marche,Marche,1525271,799980,52.45,0.13
125,2021-05-18,MAR,11059,5257,5802,7655,3404,ITI,ITI3,11,Marche,Marche,1525271,811039,53.17,0.73
126,2021-04-06,MAR,8879,3693,5186,8066,813,ITI,ITI3,11,Marche,Marche,1525271,819918,53.76,0.58
127,2021-03-23,MAR,5789,2529,3260,2262,3527,ITI,ITI3,11,Marche,Marche,1525271,825707,54.14,0.38
128,2021-02-08,MAR,833,258,575,371,462,ITI,ITI3,11,Marche,Marche,1525271,826540,54.19,0.05
129,2021-05-19,MAR,11469,5272,6197,8561,2908,ITI,ITI3,11,Marche,Marche,1525271,838009,54.94,0.75
130,2021-04-22,MAR,10796,4931,5865,9218,1578,ITI,ITI3,11,Marche,Marche,1525271,848805,55.65,0.71
131,2021-02-24,MAR,3486,1515,1971,3408,78,ITI,ITI3,11,Marche,Marche,1525271,852291,55.88,0.23
132,2021-06-04,MAR,14335,7290,7045,11897,2438,ITI,ITI3,11,Marche,Marche,1525271,866626,56.82,0.94
133,2021-04-08,MAR,7521,3285,4236,7194,327,ITI,ITI3,11,Marche,Marche,1525271,874147,57.31,0.49
134,2021-02-20,MAR,4121,1705,2416,4010,111,ITI,ITI3,11,Marche,Marche,1525271,878268,57.58,0.27
135,2021-01-20,MAR,403,100,303,384,19,ITI,ITI3,11,Marche,Marche,1525271,878671,57.61,0.03
136,2021-02-03,MAR,2124,741,1383,119,2005,ITI,ITI3,11,Marche,Marche,1525271,880795,57.75,0.14
137,2021-05-14,MAR,13493,6218,7275,6720,6773,ITI,ITI3,11,Marche,Marche,1525271,894288,58.63,0.88
138,2021-04-03,MAR,7574,3205,4369,6904,670,ITI,ITI3,11,Marche,Marche,1525271,901862,59.13,0.5
139,2021-06-11,MAR,13691,7000,6691,11430,2261,ITI,ITI3,11,Marche,Marche,1525271,915553,60.03,0.9
140,2021-05-25,MAR,11647,5745,5902,8717,2930,ITI,ITI3,11,Marche,Marche,1525271,927200,60.79,0.76
141,2021-03-01,MAR,3724,1487,2237,3476,248,ITI,ITI3,11,Marche,Marche,1525271,930924,61.03,0.24
142,2021-05-04,MAR,10841,4788,6053,4949,5892,ITI,ITI3,11,Marche,Marche,1525271,941765,61.74,0.71
143,2021-03-20,MAR,4134,1739,2395,1048,3086,ITI,ITI3,11,Marche,Marche,1525271,945899,62.02,0.27
144,2021-01-22,MAR,487,167,320,194,293,ITI,ITI3,11,Marche,Marche,1525271,946386,62.05,0.03
145,2021-04-17,MAR,11700,5315,6385,10627,1073,ITI,ITI3,11,Marche,Marche,1525271,958086,62.81,0.77
146,2021-06-13,MAR,10438,5416,5022,9201,1237,ITI,ITI3,11,Marche,Marche,1525271,968524,63.5,0.68
147,2020-12-27,MAR,202,98,104,202,0,ITI,ITI3,11,Marche,Marche,1525271,968726,63.51,0.01
148,2021-06-06,MAR,12299,6074,6225,10810,1489,ITI,ITI3,11,Marche,Marche,1525271,981025,64.32,0.81
149,2021-05-11,MAR,10621,4832,5789,5677,4944,ITI,ITI3,11,Marche,Marche,1525271,991646,65.01,0.7
150,2021-03-15,MAR,4401,2026,2375,1311,3090,ITI,ITI3,11,Marche,Marche,1525271,996047,65.3,0.29
151,2021-03-03,MAR,6645,3046,3599,5761,884,ITI,ITI3,11,Marche,Marche,1525271,1002692,65.74,0.44
152,2021-01-05,MAR,1571,589,982,1571,0,ITI,ITI3,11,Marche,Marche,1525271,1004263,65.84,0.1
153,2021-04-15,MAR,10376,4674,5702,9811,565,ITI,ITI3,11,Marche,Marche,1525271,1014639,66.52,0.68
154,2021-02-17,MAR,1785,662,1123,1668,117,ITI,ITI3,11,Marche,Marche,1525271,1016424,66.64,0.12
155,2021-04-29,MAR,13247,6062,7185,7150,6097,ITI,ITI3,11,Marche,Marche,1525271,1029671,67.51,0.87
156,2021-03-09,MAR,5428,2290,3138,4548,880,ITI,ITI3,11,Marche,Marche,1525271,1035099,67.86,0.36
157,2021-04-13,MAR,9838,4259,5579,9605,233,ITI,ITI3,11,Marche,Marche,1525271,1044937,68.51,0.65
158,2021-06-16,MAR,13521,6794,6727,9156,4365,ITI,ITI3,11,Marche,Marche,1525271,1058458,69.39,0.89
159,2021-06-02,MAR,11898,5937,5961,11221,677,ITI,ITI3,11,Marche,Marche,1525271,1070356,70.17,0.78
160,2021-02-22,MAR,3413,1499,1914,3338,75,ITI,ITI3,11,Marche,Marche,1525271,1073769,70.4,0.22
161,2021-03-27,MAR,7380,3074,4306,5022,2358,ITI,ITI3,11,Marche,Marche,1525271,1081149,70.88,0.48
162,2021-04-10,MAR,10915,4620,6295,10602,313,ITI,ITI3,11,Marche,Marche,1525271,1092064,71.6,0.72
163,2021-01-03,MAR,907,354,553,907,0,ITI,ITI3,11,Marche,Marche,1525271,1092971,71.66,0.06
164,2021-03-08,MAR,6263,2743,3520,5261,1002,ITI,ITI3,11,Marche,Marche,1525271,1099234,72.07,0.41
165,2021-02-05,MAR,2154,653,1501,439,1715,ITI,ITI3,11,Marche,Marche,1525271,1101388,72.21,0.14
166,2021-05-16,MAR,10898,4957,5941,6670,4228,ITI,ITI3,11,Marche,Marche,1525271,1112286,72.92,0.71
167,2021-05-30,MAR,9733,4690,5043,6744,2989,ITI,ITI3,11,Marche,Marche,1525271,1122019,73.56,0.64
168,2021-04-27,MAR,9399,4309,5090,5413,3986,ITI,ITI3,11,Marche,Marche,1525271,1131418,74.18,0.62
169,2021-01-17,MAR,1610,689,921,1550,60,ITI,ITI3,11,Marche,Marche,1525271,1133028,74.28,0.11
170,2021-03-09,CAL,6342,3263,3079,5363,979,ITF,ITF6,18,Calabria,Calabria,1947131,6342,0.33,0.33
171,2021-02-20,CAL,1419,760,659,1101,318,ITF,ITF6,18,Calabria,Calabria,1947131,7761,0.4,0.07
172,2021-05-31,CAL,15255,7323,7932,7376,7879,ITF,ITF6,18,Calabria,Calabria,1947131,23016,1.18,0.78
173,2021-03-11,CAL,7281,3430,3851,6017,1264,ITF,ITF6,18,Calabria,Calabria,1947131,30297,1.56,0.37
174,2021-04-30,CAL,14935,7327,7608,10604,4331,ITF,ITF6,18,Calabria,Calabria,1947131,45232,2.32,0.77
175,2021-01-18,CAL,1279,578,701,1050,229,ITF,ITF6,18,Calabria,Calabria,1947131,46511,2.39,0.07
176,2021-04-11,CAL,4170,1896,2274,2229,1941,ITF,ITF6,18,Calabria,Calabria,1947131,50681,2.6,0.21
177,2021-02-01,CAL,2510,1198,1312,244,2266,ITF,ITF6,18,Calabria,Calabria,1947131,53191,2.73,0.13
178,2021-05-12,CAL,16371,7974,8397,10893,5478,ITF,ITF6,18,Calabria,Calabria,1947131,69562,3.57,0.84
179,2021-05-26,CAL,18669,9268,9401,10401,8268,ITF,ITF6,18,Calabria,Calabria,1947131,88231,4.53,0.96
180,2021-03-30,CAL,6162,2646,3516,3442,2720,ITF,ITF6,18,Calabria,Calabria,1947131,94393,4.85,0.32
181,2021-06-14,CAL,14005,6339,7666,9359,4646,ITF,ITF6,18,Calabria,Calabria,1947131,108398,5.57,0.72
182,2021-03-04,CAL,5486,3192,2294,4689,797,ITF,ITF6,18,Calabria,Calabria,1947131,113884,5.85,0.28
183,2021-06-12,CAL,12886,6136,6750,10488,2398,ITF,ITF6,18,Calabria,Calabria,1947131,126770,6.51,0.66
184,2021-02-25,CAL,2883,1552,1331,2288,595,ITF,ITF6,18,Calabria,Calabria,1947131,129653,6.66,0.15
185,2021-01-06,CAL,930,502,428,930,0,ITF,ITF6,18,Calabria,Calabria,1947131,130583,6.71,0.05
186,2021-04-16,CAL,10216,4975,5241,8628,1588,ITF,ITF6,18,Calabria,Calabria,1947131,140799,7.23,0.52
187,2021-02-18,CAL,1839,839,1000,1613,226,ITF,ITF6,18,Calabria,Calabria,1947131,142638,7.33,0.09
188,2021-01-04,CAL,1065,527,538,1065,0,ITF,ITF6,18,Calabria,Calabria,1947131,143703,7.38,0.05
189,2021-04-23,CAL,12989,6372,6617,9451,3538,ITF,ITF6,18,Calabria,Calabria,1947131,156692,8.05,0.67
190,2021-01-13,CAL,2040,1027,1013,2040,0,ITF,ITF6,18,Calabria,Calabria,1947131,158732,8.15,0.1
191,2021-01-11,CAL,2163,1045,1118,2163,0,ITF,ITF6,18,Calabria,Calabria,1947131,160895,8.26,0.11
192,2021-01-25,CAL,1073,515,558,147,926,ITF,ITF6,18,Calabria,Calabria,1947131,161968,8.32,0.06
193,2021-05-05,CAL,13600,6509,7091,8493,5107,ITF,ITF6,18,Calabria,Calabria,1947131,175568,9.02,0.7
194,2021-03-02,CAL,4366,2490,1876,3611,755,ITF,ITF6,18,Calabria,Calabria,1947131,179934,9.24,0.22
195,2021-03-16,CAL,3847,1888,1959,2187,1660,ITF,ITF6,18,Calabria,Calabria,1947131,183781,9.44,0.2
196,2021-02-11,CAL,2330,1042,1288,1082,1248,ITF,ITF6,18,Calabria,Calabria,1947131,186111,9.56,0.12
197,2021-04-18,CAL,5842,2791,3051,4930,912,ITF,ITF6,18,Calabria,Calabria,1947131,191953,9.86,0.3
198,2021-04-04,CAL,1760,885,875,1261,499,ITF,ITF6,18,Calabria,Calabria,1947131,193713,9.95,0.09
199,2021-06-07,CAL,17009,7905,9104,13798,3211,ITF,ITF6,18,Calabria,Calabria,1947131,210722,10.82,0.87
200,2021-05-24,CAL,17684,8806,8878,10017,7667,ITF,ITF6,18,Calabria,Calabria,1947131,228406,11.73,0.91
201,2021-05-07,CAL,16100,7590,8510,9722,6378,ITF,ITF6,18,Calabria,Calabria,1947131,244506,12.56,0.83
202,2021-02-06,CAL,2910,1340,1570,444,2466,ITF,ITF6,18,Calabria,Calabria,1947131,247416,12.71,0.15
203,2021-01-23,CAL,400,186,214,358,42,ITF,ITF6,18,Calabria,Calabria,1947131,247816,12.73,0.02
204,2021-03-28,CAL,2564,1185,1379,1510,1054,ITF,ITF6,18,Calabria,Calabria,1947131,250380,12.86,0.13
205,2021-01-30,CAL,2181,1149,1032,356,1825,ITF,ITF6,18,Calabria,Calabria,1947131,252561,12.97,0.11
206,2021-02-17,CAL,1845,808,1037,1634,211,ITF,ITF6,18,Calabria,Calabria,1947131,254406,13.07,0.09
207,2021-05-28,CAL,20968,10193,10775,11519,9449,ITF,ITF6,18,Calabria,Calabria,1947131,275374,14.14,1.08
208,2021-05-14,CAL,19942,9587,10355,13068,6874,ITF,ITF6,18,Calabria,Calabria,1947131,295316,15.17,1.02
209,2021-04-27,CAL,9949,4892,5057,8002,1947,ITF,ITF6,18,Calabria,Calabria,1947131,305265,15.68,0.51
210,2021-02-03,CAL,2773,1432,1341,578,2195,ITF,ITF6,18,Calabria,Calabria,1947131,308038,15.82,0.14
211,2021-02-22,CAL,2041,1034,1007,1483,558,ITF,ITF6,18,Calabria,Calabria,1947131,310079,15.92,0.1
212,2021-06-02,CAL,12079,5795,6284,8814,3265,ITF,ITF6,18,Calabria,Calabria,1947131,322158,16.55,0.62
213,2021-04-13,CAL,6762,3267,3495,5463,1299,ITF,ITF6,18,Calabria,Calabria,1947131,328920,16.89,0.35
214,2021-01-20,CAL,1400,626,774,1399,1,ITF,ITF6,18,Calabria,Calabria,1947131,330320,16.96,0.07
215,2021-01-03,CAL,6,3,3,6,0,ITF,ITF6,18,Calabria,Calabria,1947131,330326,16.96,0.0
216,2021-03-27,CAL,8599,3894,4705,4594,4005,ITF,ITF6,18,Calabria,Calabria,1947131,338925,17.41,0.44
217,2021-03-08,CAL,5420,2905,2515,4354,1066,ITF,ITF6,18,Calabria,Calabria,1947131,344345,17.68,0.28
218,2021-03-06,CAL,8428,4340,4088,7636,792,ITF,ITF6,18,Calabria,Calabria,1947131,352773,18.12,0.43
219,2021-05-09,CAL,9616,4481,5135,6086,3530,ITF,ITF6,18,Calabria,Calabria,1947131,362389,18.61,0.49
220,2021-01-29,CAL,2051,989,1062,230,1821,ITF,ITF6,18,Calabria,Calabria,1947131,364440,18.72,0.11
221,2021-05-04,CAL,16356,7530,8826,11718,4638,ITF,ITF6,18,Calabria,Calabria,1947131,380796,19.56,0.84
222,2021-05-19,CAL,18349,9085,9264,11360,6989,ITF,ITF6,18,Calabria,Calabria,1947131,399145,20.5,0.94
223,2021-03-23,CAL,5230,2449,2781,3422,1808,ITF,ITF6,18,Calabria,Calabria,1947131,404375,20.77,0.27
224,2021-02-15,CAL,1143,541,602,993,150,ITF,ITF6,18,Calabria,Calabria,1947131,405518,20.83,0.06
225,2021-03-13,CAL,6914,3010,3904,5946,968,ITF,ITF6,18,Calabria,Calabria,1947131,412432,21.18,0.36
226,2021-01-15,CAL,2799,1258,1541,2799,0,ITF,ITF6,18,Calabria,Calabria,1947131,415231,21.33,0.14
227,2021-04-25,CAL,15828,8033,7795,14695,1133,ITF,ITF6,18,Calabria,Calabria,1947131,431059,22.14,0.81
228,2021-05-23,CAL,11385,5550,5835,7034,4351,ITF,ITF6,18,Calabria,Calabria,1947131,442444,22.72,0.58
229,2021-03-01,CAL,2724,1546,1178,2269,455,ITF,ITF6,18,Calabria,Calabria,1947131,445168,22.86,0.14
230,2021-06-09,CAL,17498,8214,9284,15268,2230,ITF,ITF6,18,Calabria,Calabria,1947131,462666,23.76,0.9
231,2021-02-13,CAL,1397,604,793,1032,365,ITF,ITF6,18,Calabria,Calabria,1947131,464063,23.83,0.07
232,2021-06-11,CAL,17342,8527,8815,14763,2579,ITF,ITF6,18,Calabria,Calabria,1947131,481405,24.72,0.89
233,2021-01-08,CAL,2137,1025,1112,2137,0,ITF,ITF6,18,Calabria,Calabria,1947131,483542,24.83,0.11
234,2021-03-18,CAL,4400,2054,2346,2344,2056,ITF,ITF6,18,Calabria,Calabria,1947131,487942,25.06,0.23
235,2021-02-27,CAL,3996,2057,1939,3615,381,ITF,ITF6,18,Calabria,Calabria,1947131,491938,25.26,0.21
236,2021-01-27,CAL,1461,735,726,397,1064,ITF,ITF6,18,Calabria,Calabria,1947131,493399,25.34,0.08
237,2021-04-15,CAL,7687,3765,3922,5995,1692,ITF,ITF6,18,Calabria,Calabria,1947131,501086,25.73,0.39
238,2021-04-01,CAL,8491,3847,4644,3983,4508,ITF,ITF6,18,Calabria,Calabria,1947131,509577,26.17,0.44
239,2021-04-08,CAL,9385,4423,4962,5798,3587,ITF,ITF6,18,Calabria,Calabria,1947131,518962,26.65,0.48
240,2021-02-10,CAL,2510,1078,1432,884,1626,ITF,ITF6,18,Calabria,Calabria,1947131,521472,26.78,0.13
241,2021-06-04,CAL,17286,8031,9255,12754,4532,ITF,ITF6,18,Calabria,Calabria,1947131,538758,27.67,0.89
242,2021-05-21,CAL,21345,10865,10480,13977,7368,ITF,ITF6,18,Calabria,Calabria,1947131,560103,28.77,1.1
243,2021-05-16,CAL,13769,6723,7046,9960,3809,ITF,ITF6,18,Calabria,Calabria,1947131,573872,29.47,0.71
244,2021-01-17,CAL,896,430,466,801,95,ITF,ITF6,18,Calabria,Calabria,1947131,574768,29.52,0.05
245,2021-03-24,CAL,7636,3486,4150,4379,3257,ITF,ITF6,18,Calabria,Calabria,1947131,582404,29.91,0.39
246,2021-04-10,CAL,11362,5125,6237,6574,4788,ITF,ITF6,18,Calabria,Calabria,1947131,593766,30.49,0.58
247,2021-03-25,CAL,7421,3479,3942,4572,2849,ITF,ITF6,18,Calabria,Calabria,1947131,601187,30.88,0.38
248,2021-06-16,CAL,17915,8258,9657,11804,6111,ITF,ITF6,18,Calabria,Calabria,1947131,619102,31.8,0.92
249,2021-03-10,CAL,6559,3317,3242,5277,1282,ITF,ITF6,18,Calabria,Calabria,1947131,625661,32.13,0.34
250,2021-06-01,CAL,12823,5945,6878,7917,4906,ITF,ITF6,18,Calabria,Calabria,1947131,638484,32.79,0.66
251,2021-01-22,CAL,658,274,384,656,2,ITF,ITF6,18,Calabria,Calabria,1947131,639142,32.82,0.03
252,2021-05-02,CAL,12508,5836,6672,10665,1843,ITF,ITF6,18,Calabria,Calabria,1947131,651650,33.47,0.64
253,2021-03-29,CAL,5613,2373,3240,3857,1756,ITF,ITF6,18,Calabria,Calabria,1947131,657263,33.76,0.29
254,2021-01-31,CAL,1111,555,556,154,957,ITF,ITF6,18,Calabria,Calabria,1947131,658374,33.81,0.06
255,2021-05-11,CAL,15052,7281,7771,10281,4771,ITF,ITF6,18,Calabria,Calabria,1947131,673426,34.59,0.77
256,2020-12-27,CAL,311,170,141,311,0,ITF,ITF6,18,Calabria,Calabria,1947131,673737,34.6,0.02
257,2021-04-06,CAL,7435,3363,4072,4143,3292,ITF,ITF6,18,Calabria,Calabria,1947131,681172,34.98,0.38
258,2021-02-08,CAL,1854,736,1118,663,1191,ITF,ITF6,18,Calabria,Calabria,1947131,683026,35.08,0.1
259,2021-04-24,CAL,18999,9480,9519,15588,3411,ITF,ITF6,18,Calabria,Calabria,1947131,702025,36.05,0.98
260,2021-02-26,CAL,3067,1635,1432,2614,453,ITF,ITF6,18,Calabria,Calabria,1947131,705092,36.21,0.16
261,2021-06-06,CAL,13375,6434,6941,11682,1693,ITF,ITF6,18,Calabria,Calabria,1947131,718467,36.9,0.69
262,2021-03-20,CAL,6704,3073,3631,4200,2504,ITF,ITF6,18,Calabria,Calabria,1947131,725171,37.24,0.34
263,2021-03-15,CAL,3555,1688,1867,2112,1443,ITF,ITF6,18,Calabria,Calabria,1947131,728726,37.43,0.18
264,2021-05-20,CAL,16892,8433,8459,11287,5605,ITF,ITF6,18,Calabria,Calabria,1947131,745618,38.29,0.87
265,2021-02-14,CAL,465,212,253,435,30,ITF,ITF6,18,Calabria,Calabria,1947131,746083,38.32,0.02
266,2021-05-25,CAL,16353,7984,8369,10283,6070,ITF,ITF6,18,Calabria,Calabria,1947131,762436,39.16,0.84
267,2021-01-26,CAL,1848,880,968,278,1570,ITF,ITF6,18,Calabria,Calabria,1947131,764284,39.25,0.09
268,2021-04-22,CAL,9615,4794,4821,6776,2839,ITF,ITF6,18,Calabria,Calabria,1947131,773899,39.75,0.49
269,2021-05-06,CAL,13255,6275,6980,8992,4263,ITF,ITF6,18,Calabria,Calabria,1947131,787154,40.43,0.68
270,2021-01-05,CAL,1506,704,802,1506,0,ITF,ITF6,18,Calabria,Calabria,1947131,788660,40.5,0.08
271,2021-01-12,CAL,2069,1022,1047,2069,0,ITF,ITF6,18,Calabria,Calabria,1947131,790729,40.61,0.11
272,2021-02-24,CAL,1915,976,939,1437,478,ITF,ITF6,18,Calabria,Calabria,1947131,792644,40.71,0.1
273,2021-02-05,CAL,3804,1714,2090,488,3316,ITF,ITF6,18,Calabria,Calabria,1947131,796448,40.9,0.2
274,2021-04-29,CAL,11951,5813,6138,8389,3562,ITF,ITF6,18,Calabria,Calabria,1947131,808399,41.52,0.61
275,2021-04-12,CAL,6907,3355,3552,5254,1653,ITF,ITF6,18,Calabria,Calabria,1947131,815306,41.87,0.35
276,2021-01-19,CAL,1115,491,624,1104,11,ITF,ITF6,18,Calabria,Calabria,1947131,816421,41.93,0.06
277,2021-06-17,CAL,15408,7030,8378,9317,6091,ITF,ITF6,18,Calabria,Calabria,1947131,831829,42.72,0.79
278,2021-03-26,CAL,7971,3769,4202,4850,3121,ITF,ITF6,18,Calabria,Calabria,1947131,839800,43.13,0.41
279,2021-05-13,CAL,15910,7648,8262,11217,4693,ITF,ITF6,18,Calabria,Calabria,1947131,855710,43.95,0.82
280,2021-02-19,CAL,1508,681,827,1247,261,ITF,ITF6,18,Calabria,Calabria,1947131,857218,44.02,0.08
281,2021-05-30,CAL,10936,5249,5687,6783,4153,ITF,ITF6,18,Calabria,Calabria,1947131,868154,44.59,0.56
282,2021-05-17,CAL,14898,7452,7446,10190,4708,ITF,ITF6,18,Calabria,Calabria,1947131,883052,45.35,0.77
283,2021-02-21,CAL,615,288,327,538,77,ITF,ITF6,18,Calabria,Calabria,1947131,883667,45.38,0.03
284,2021-02-07,CAL,859,428,431,148,711,ITF,ITF6,18,Calabria,Calabria,1947131,884526,45.43,0.04
285,2021-05-18,CAL,15382,7682,7700,11919,3463,ITF,ITF6,18,Calabria,Calabria,1947131,899908,46.22,0.79
286,2021-03-22,CAL,4928,2308,2620,3172,1756,ITF,ITF6,18,Calabria,Calabria,1947131,904836,46.47,0.25
287,2021-02-09,CAL,2156,911,1245,956,1200,ITF,ITF6,18,Calabria,Calabria,1947131,906992,46.58,0.11
288,2021-05-29,CAL,19223,8931,10292,9395,9828,ITF,ITF6,18,Calabria,Calabria,1947131,926215,47.57,0.99
289,2021-01-24,CAL,44,18,26,39,5,ITF,ITF6,18,Calabria,Calabria,1947131,926259,47.57,0.0
290,2020-12-28,CAL,6,2,4,6,0,ITF,ITF6,18,Calabria,Calabria,1947131,926265,47.57,0.0
291,2021-06-03,CAL,14151,6623,7528,9579,4572,ITF,ITF6,18,Calabria,Calabria,1947131,940416,48.3,0.73
292,2021-04-07,CAL,6545,2957,3588,3721,2824,ITF,ITF6,18,Calabria,Calabria,1947131,946961,48.63,0.34
293,2021-02-23,CAL,1591,753,838,1476,115,ITF,ITF6,18,Calabria,Calabria,1947131,948552,48.72,0.08
294,2021-01-07,CAL,2187,1067,1120,2187,0,ITF,ITF6,18,Calabria,Calabria,1947131,950739,48.83,0.11
295,2021-06-13,CAL,6591,3240,3351,5562,1029,ITF,ITF6,18,Calabria,Calabria,1947131,957330,49.17,0.34
296,2021-04-17,CAL,10825,5076,5749,9046,1779,ITF,ITF6,18,Calabria,Calabria,1947131,968155,49.72,0.56
297,2021-05-01,CAL,16628,7934,8694,12433,4195,ITF,ITF6,18,Calabria,Calabria,1947131,984783,50.58,0.85
298,2021-03-05,CAL,6232,3615,2617,5659,573,ITF,ITF6,18,Calabria,Calabria,1947131,991015,50.9,0.32
299,2021-03-12,CAL,5156,2469,2687,4090,1066,ITF,ITF6,18,Calabria,Calabria,1947131,996171,51.16,0.26
300,2021-01-14,CAL,2636,1249,1387,2636,0,ITF,ITF6,18,Calabria,Calabria,1947131,998807,51.3,0.14
301,2021-03-03,CAL,5038,2753,2285,3958,1080,ITF,ITF6,18,Calabria,Calabria,1947131,1003845,51.56,0.26
302,2021-05-03,CAL,14751,6762,7989,10542,4209,ITF,ITF6,18,Calabria,Calabria,1947131,1018596,52.31,0.76
303,2021-03-21,CAL,4458,1926,2532,2736,1722,ITF,ITF6,18,Calabria,Calabria,1947131,1023054,52.54,0.23
304,2021-03-07,CAL,3338,1703,1635,3247,91,ITF,ITF6,18,Calabria,Calabria,1947131,1026392,52.71,0.17
305,2021-06-15,CAL,9563,4426,5137,6260,3303,ITF,ITF6,18,Calabria,Calabria,1947131,1035955,53.2,0.49
306,2021-04-05,CAL,3415,1606,1809,2557,858,ITF,ITF6,18,Calabria,Calabria,1947131,1039370,53.38,0.18
307,2021-06-08,CAL,15855,7484,8371,13851,2004,ITF,ITF6,18,Calabria,Calabria,1947131,1055225,54.19,0.81
308,2021-03-17,CAL,4048,1804,2244,2138,1910,ITF,ITF6,18,Calabria,Calabria,1947131,1059273,54.4,0.21
309,2021-04-28,CAL,12521,6058,6463,9662,2859,ITF,ITF6,18,Calabria,Calabria,1947131,1071794,55.04,0.64
310,2021-02-04,CAL,3556,1695,1861,653,2903,ITF,ITF6,18,Calabria,Calabria,1947131,1075350,55.23,0.18
311,2021-05-15,CAL,27115,12982,14133,20339,6776,ITF,ITF6,18,Calabria,Calabria,1947131,1102465,56.62,1.39
312,2021-02-02,CAL,2342,1147,1195,177,2165,ITF,ITF6,18,Calabria,Calabria,1947131,1104807,56.74,0.12
313,2021-01-16,CAL,2395,1120,1275,2395,0,ITF,ITF6,18,Calabria,Calabria,1947131,1107202,56.86,0.12
314,2021-01-02,CAL,166,94,72,166,0,ITF,ITF6,18,Calabria,Calabria,1947131,1107368,56.87,0.01
315,2021-04-14,CAL,8160,3926,4234,6713,1447,ITF,ITF6,18,Calabria,Calabria,1947131,1115528,57.29,0.42
316,2021-02-16,CAL,1738,734,1004,1460,278,ITF,ITF6,18,Calabria,Calabria,1947131,1117266,57.38,0.09
317,2021-05-27,CAL,17567,8671,8896,9815,7752,ITF,ITF6,18,Calabria,Calabria,1947131,1134833,58.28,0.9
318,2021-01-21,CAL,962,447,515,932,30,ITF,ITF6,18,Calabria,Calabria,1947131,1135795,58.33,0.05
319,2021-03-31,CAL,8815,4004,4811,4855,3960,ITF,ITF6,18,Calabria,Calabria,1947131,1144610,58.78,0.45
320,2021-04-09,CAL,7904,3700,4204,5014,2890,ITF,ITF6,18,Calabria,Calabria,1947131,1152514,59.19,0.41
321,2021-06-05,CAL,20330,9525,10805,17367,2963,ITF,ITF6,18,Calabria,Calabria,1947131,1172844,60.23,1.04
322,2021-03-14,CAL,2709,1052,1657,2290,419,ITF,ITF6,18,Calabria,Calabria,1947131,1175553,60.37,0.14
323,2021-05-10,CAL,13113,6085,7028,7718,5395,ITF,ITF6,18,Calabria,Calabria,1947131,1188666,61.05,0.67
324,2021-04-26,CAL,10193,5062,5131,7772,2421,ITF,ITF6,18,Calabria,Calabria,1947131,1198859,61.57,0.52
325,2021-04-19,CAL,7847,3785,4062,6179,1668,ITF,ITF6,18,Calabria,Calabria,1947131,1206706,61.97,0.4
326,2021-01-09,CAL,1929,1041,888,1929,0,ITF,ITF6,18,Calabria,Calabria,1947131,1208635,62.07,0.1
327,2021-02-28,CAL,2328,1055,1273,2175,153,ITF,ITF6,18,Calabria,Calabria,1947131,1210963,62.19,0.12
328,2021-01-10,CAL,931,525,406,931,0,ITF,ITF6,18,Calabria,Calabria,1947131,1211894,62.24,0.05
329,2021-04-20,CAL,7839,3953,3886,6120,1719,ITF,ITF6,18,Calabria,Calabria,1947131,1219733,62.64,0.4
330,2021-02-12,CAL,1710,668,1042,947,763,ITF,ITF6,18,Calabria,Calabria,1947131,1221443,62.73,0.09
331,2021-04-03,CAL,8908,3815,5093,4288,4620,ITF,ITF6,18,Calabria,Calabria,1947131,1230351,63.19,0.46
332,2021-01-28,CAL,2237,1110,1127,83,2154,ITF,ITF6,18,Calabria,Calabria,1947131,1232588,63.3,0.11
333,2021-05-08,CAL,18424,8382,10042,10609,7815,ITF,ITF6,18,Calabria,Calabria,1947131,1251012,64.25,0.95
334,2021-05-22,CAL,22168,10550,11618,14319,7849,ITF,ITF6,18,Calabria,Calabria,1947131,1273180,65.39,1.14
335,2021-04-21,CAL,11565,5807,5758,8630,2935,ITF,ITF6,18,Calabria,Calabria,1947131,1284745,65.98,0.59
336,2021-04-02,CAL,8258,3762,4496,4383,3875,ITF,ITF6,18,Calabria,Calabria,1947131,1293003,66.41,0.42
337,2021-03-19,CAL,4190,1950,2240,1900,2290,ITF,ITF6,18,Calabria,Calabria,1947131,1297193,66.62,0.22
338,2021-06-10,CAL,15315,7039,8276,12539,2776,ITF,ITF6,18,Calabria,Calabria,1947131,1312508,67.41,0.79
339,2021-05-17,VEN,26465,12968,13497,16445,10020,ITH,ITH3,5,Veneto,Veneto,4905854,26465,0.54,0.54
340,2021-02-06,VEN,4095,1354,2741,709,3386,ITH,ITH3,5,Veneto,Veneto,4905854,30560,0.62,0.08
341,2021-02-23,VEN,7378,3252,4126,7108,270,ITH,ITH3,5,Veneto,Veneto,4905854,37938,0.77,0.15
342,2021-04-28,VEN,32385,15166,17219,23367,9018,ITH,ITH3,5,Veneto,Veneto,4905854,70323,1.43,0.66
343,2021-01-18,VEN,2762,776,1986,2563,199,ITH,ITH3,5,Veneto,Veneto,4905854,73085,1.49,0.06
344,2021-02-04,VEN,7385,2025,5360,552,6833,ITH,ITH3,5,Veneto,Veneto,4905854,80470,1.64,0.15
345,2021-06-17,VEN,48790,24485,24305,25498,23292,ITH,ITH3,5,Veneto,Veneto,4905854,129260,2.63,0.99
346,2021-03-09,VEN,16541,7446,9095,10218,6323,ITH,ITH3,5,Veneto,Veneto,4905854,145801,2.97,0.34
347,2021-05-31,VEN,31553,16187,15366,21665,9888,ITH,ITH3,5,Veneto,Veneto,4905854,177354,3.62,0.64
348,2021-03-26,VEN,29568,13137,16431,24100,5468,ITH,ITH3,5,Veneto,Veneto,4905854,206922,4.22,0.6
349,2021-03-28,VEN,31241,13582,17659,27625,3616,ITH,ITH3,5,Veneto,Veneto,4905854,238163,4.85,0.64
350,2021-04-14,VEN,15896,6889,9007,9270,6626,ITH,ITH3,5,Veneto,Veneto,4905854,254059,5.18,0.32
351,2021-01-04,VEN,6735,2033,4702,6735,0,ITH,ITH3,5,Veneto,Veneto,4905854,260794,5.32,0.14
352,2021-01-23,VEN,4051,1246,2805,31,4020,ITH,ITH3,5,Veneto,Veneto,4905854,264845,5.4,0.08
353,2021-03-21,VEN,11980,4752,7228,8518,3462,ITH,ITH3,5,Veneto,Veneto,4905854,276825,5.64,0.24
354,2021-01-16,VEN,4611,1542,3069,4611,0,ITH,ITH3,5,Veneto,Veneto,4905854,281436,5.74,0.09
355,2021-03-14,VEN,15174,5940,9234,14280,894,ITH,ITH3,5,Veneto,Veneto,4905854,296610,6.05,0.31
356,2021-05-10,VEN,36438,17031,19407,26568,9870,ITH,ITH3,5,Veneto,Veneto,4905854,333048,6.79,0.74
357,2021-01-30,VEN,8747,2672,6075,693,8054,ITH,ITH3,5,Veneto,Veneto,4905854,341795,6.97,0.18
358,2021-04-23,VEN,31179,13811,17368,22477,8702,ITH,ITH3,5,Veneto,Veneto,4905854,372974,7.6,0.64
359,2021-02-16,VEN,6643,2871,3772,6466,177,ITH,ITH3,5,Veneto,Veneto,4905854,379617,7.74,0.14
360,2021-05-29,VEN,32913,16630,16283,25306,7607,ITH,ITH3,5,Veneto,Veneto,4905854,412530,8.41,0.67
361,2021-02-25,VEN,7898,3339,4559,7293,605,ITH,ITH3,5,Veneto,Veneto,4905854,420428,8.57,0.16
362,2021-04-09,VEN,31163,13743,17420,22825,8338,ITH,ITH3,5,Veneto,Veneto,4905854,451591,9.21,0.64
363,2021-06-05,VEN,46641,24027,22614,38636,8005,ITH,ITH3,5,Veneto,Veneto,4905854,498232,10.16,0.95
364,2021-04-04,VEN,7776,3531,4245,6625,1151,ITH,ITH3,5,Veneto,Veneto,4905854,506008,10.31,0.16
365,2021-05-24,VEN,33004,16396,16608,8011,24993,ITH,ITH3,5,Veneto,Veneto,4905854,539012,10.99,0.67
366,2021-01-09,VEN,7927,2539,5388,7927,0,ITH,ITH3,5,Veneto,Veneto,4905854,546939,11.15,0.16
367,2021-01-11,VEN,7240,2102,5138,7240,0,ITH,ITH3,5,Veneto,Veneto,4905854,554179,11.3,0.15
368,2021-04-21,VEN,32316,13177,19139,16254,16062,ITH,ITH3,5,Veneto,Veneto,4905854,586495,11.96,0.66
369,2021-05-22,VEN,34732,16661,18071,13337,21395,ITH,ITH3,5,Veneto,Veneto,4905854,621227,12.66,0.71
370,2021-02-11,VEN,4012,1238,2774,3384,628,ITH,ITH3,5,Veneto,Veneto,4905854,625239,12.74,0.08
371,2021-01-28,VEN,9209,2662,6547,173,9036,ITH,ITH3,5,Veneto,Veneto,4905854,634448,12.93,0.19
372,2021-03-02,VEN,11483,4622,6861,8176,3307,ITH,ITH3,5,Veneto,Veneto,4905854,645931,13.17,0.23
373,2021-05-05,VEN,44299,21230,23069,37725,6574,ITH,ITH3,5,Veneto,Veneto,4905854,690230,14.07,0.9
374,2021-05-12,VEN,36673,17751,18922,31554,5119,ITH,ITH3,5,Veneto,Veneto,4905854,726903,14.82,0.75
375,2021-03-16,VEN,12518,5349,7169,6902,5616,ITH,ITH3,5,Veneto,Veneto,4905854,739421,15.07,0.26
376,2021-04-30,VEN,49980,23472,26508,34319,15661,ITH,ITH3,5,Veneto,Veneto,4905854,789401,16.09,1.02
377,2021-01-20,VEN,1038,368,670,386,652,ITH,ITH3,5,Veneto,Veneto,4905854,790439,16.11,0.02
378,2021-06-16,VEN,46837,23085,23752,25780,21057,ITH,ITH3,5,Veneto,Veneto,4905854,837276,17.07,0.95
379,2021-01-01,VEN,1528,471,1057,1528,0,ITH,ITH3,5,Veneto,Veneto,4905854,838804,17.1,0.03
380,2021-03-25,VEN,25938,11049,14889,19835,6103,ITH,ITH3,5,Veneto,Veneto,4905854,864742,17.63,0.53
381,2021-04-11,VEN,21008,8876,12132,14701,6307,ITH,ITH3,5,Veneto,Veneto,4905854,885750,18.05,0.43
382,2021-05-14,VEN,46622,22176,24446,25789,20833,ITH,ITH3,5,Veneto,Veneto,4905854,932372,19.01,0.95
383,2021-02-20,VEN,6424,2014,4410,6353,71,ITH,ITH3,5,Veneto,Veneto,4905854,938796,19.14,0.13
384,2021-06-02,VEN,20304,10234,10070,15957,4347,ITH,ITH3,5,Veneto,Veneto,4905854,959100,19.55,0.41
385,2021-03-11,VEN,19821,8884,10937,14252,5569,ITH,ITH3,5,Veneto,Veneto,4905854,978921,19.95,0.4
386,2021-02-18,VEN,5828,2455,3373,5764,64,ITH,ITH3,5,Veneto,Veneto,4905854,984749,20.07,0.12
387,2021-04-16,VEN,24436,10486,13950,12555,11881,ITH,ITH3,5,Veneto,Veneto,4905854,1009185,20.57,0.5
388,2021-04-18,VEN,17514,7253,10261,9947,7567,ITH,ITH3,5,Veneto,Veneto,4905854,1026699,20.93,0.36
389,2021-01-08,VEN,9406,2835,6571,9406,0,ITH,ITH3,5,Veneto,Veneto,4905854,1036105,21.12,0.19
390,2021-01-13,VEN,5986,1607,4379,5986,0,ITH,ITH3,5,Veneto,Veneto,4905854,1042091,21.24,0.12
391,2021-03-07,VEN,4485,1766,2719,3925,560,ITH,ITH3,5,Veneto,Veneto,4905854,1046576,21.33,0.09
392,2021-05-03,VEN,40661,19789,20872,34226,6435,ITH,ITH3,5,Veneto,Veneto,4905854,1087237,22.16,0.83
393,2021-05-28,VEN,46525,22790,23735,24805,21720,ITH,ITH3,5,Veneto,Veneto,4905854,1133762,23.11,0.95
394,2021-06-12,VEN,47646,24015,23631,37008,10638,ITH,ITH3,5,Veneto,Veneto,4905854,1181408,24.08,0.97
395,2021-05-02,VEN,37235,17263,19972,26905,10330,ITH,ITH3,5,Veneto,Veneto,4905854,1218643,24.84,0.76
396,2021-06-14,VEN,42316,21387,20929,27091,15225,ITH,ITH3,5,Veneto,Veneto,4905854,1260959,25.7,0.86
397,2021-03-06,VEN,10667,4356,6311,7405,3262,ITH,ITH3,5,Veneto,Veneto,4905854,1271626,25.92,0.22
398,2020-12-30,VEN,699,245,454,699,0,ITH,ITH3,5,Veneto,Veneto,4905854,1272325,25.93,0.01
399,2021-03-18,VEN,12611,5137,7474,7385,5226,ITH,ITH3,5,Veneto,Veneto,4905854,1284936,26.19,0.26
400,2021-05-07,VEN,48394,23194,25200,39732,8662,ITH,ITH3,5,Veneto,Veneto,4905854,1333330,27.18,0.99
401,2021-01-27,VEN,7141,2064,5077,241,6900,ITH,ITH3,5,Veneto,Veneto,4905854,1340471,27.32,0.15
402,2021-02-13,VEN,3266,1473,1793,3246,20,ITH,ITH3,5,Veneto,Veneto,4905854,1343737,27.39,0.07
403,2021-06-10,VEN,51569,26644,24925,42425,9144,ITH,ITH3,5,Veneto,Veneto,4905854,1395306,28.44,1.05
404,2021-04-02,VEN,24040,10597,13443,17710,6330,ITH,ITH3,5,Veneto,Veneto,4905854,1419346,28.93,0.49
405,2021-06-09,VEN,42217,21675,20542,34863,7354,ITH,ITH3,5,Veneto,Veneto,4905854,1461563,29.79,0.86
406,2021-01-25,VEN,6468,2075,4393,159,6309,ITH,ITH3,5,Veneto,Veneto,4905854,1468031,29.92,0.13
407,2021-04-20,VEN,22428,9494,12934,8429,13999,ITH,ITH3,5,Veneto,Veneto,4905854,1490459,30.38,0.46
408,2021-03-23,VEN,22203,10235,11968,17491,4712,ITH,ITH3,5,Veneto,Veneto,4905854,1512662,30.83,0.45
409,2021-05-19,VEN,32825,15033,17792,16922,15903,ITH,ITH3,5,Veneto,Veneto,4905854,1545487,31.5,0.67
410,2021-02-08,VEN,4976,1541,3435,1929,3047,ITH,ITH3,5,Veneto,Veneto,4905854,1550463,31.6,0.1
411,2021-04-06,VEN,28924,13311,15613,23871,5053,ITH,ITH3,5,Veneto,Veneto,4905854,1579387,32.19,0.59
412,2021-02-01,VEN,8561,2502,6059,160,8401,ITH,ITH3,5,Veneto,Veneto,4905854,1587948,32.37,0.17
413,2021-02-15,VEN,4389,1824,2565,4149,240,ITH,ITH3,5,Veneto,Veneto,4905854,1592337,32.46,0.09
414,2021-04-13,VEN,14022,6321,7701,8536,5486,ITH,ITH3,5,Veneto,Veneto,4905854,1606359,32.74,0.29
415,2021-01-03,VEN,5157,1562,3595,5157,0,ITH,ITH3,5,Veneto,Veneto,4905854,1611516,32.85,0.11
416,2021-03-08,VEN,13629,6271,7358,9560,4069,ITH,ITH3,5,Veneto,Veneto,4905854,1625145,33.13,0.28
417,2021-04-27,VEN,28123,12751,15372,21206,6917,ITH,ITH3,5,Veneto,Veneto,4905854,1653268,33.7,0.57
418,2021-01-17,VEN,1933,781,1152,1584,349,ITH,ITH3,5,Veneto,Veneto,4905854,1655201,33.74,0.04
419,2021-02-03,VEN,5945,1667,4278,479,5466,ITH,ITH3,5,Veneto,Veneto,4905854,1661146,33.86,0.12
420,2021-04-29,VEN,50225,23363,26862,37043,13182,ITH,ITH3,5,Veneto,Veneto,4905854,1711371,34.88,1.02
421,2021-02-05,VEN,8372,2534,5838,1415,6957,ITH,ITH3,5,Veneto,Veneto,4905854,1719743,35.05,0.17
422,2021-02-22,VEN,7013,3040,3973,6626,387,ITH,ITH3,5,Veneto,Veneto,4905854,1726756,35.2,0.14
423,2021-05-16,VEN,28411,14006,14405,21320,7091,ITH,ITH3,5,Veneto,Veneto,4905854,1755167,35.78,0.58
424,2021-04-25,VEN,18318,8149,10169,13482,4836,ITH,ITH3,5,Veneto,Veneto,4905854,1773485,36.15,0.37
425,2021-01-06,VEN,8135,2387,5748,8135,0,ITH,ITH3,5,Veneto,Veneto,4905854,1781620,36.32,0.17
426,2021-03-15,VEN,16665,7326,9339,11457,5208,ITH,ITH3,5,Veneto,Veneto,4905854,1798285,36.66,0.34
427,2021-05-21,VEN,44709,21987,22722,20954,23755,ITH,ITH3,5,Veneto,Veneto,4905854,1842994,37.57,0.91
428,2021-02-17,VEN,6022,2772,3250,5928,94,ITH,ITH3,5,Veneto,Veneto,4905854,1849016,37.69,0.12
429,2021-04-01,VEN,25287,11139,14148,18881,6406,ITH,ITH3,5,Veneto,Veneto,4905854,1874303,38.21,0.52
430,2021-04-15,VEN,20858,8612,12246,10047,10811,ITH,ITH3,5,Veneto,Veneto,4905854,1895161,38.63,0.43
431,2021-01-05,VEN,7329,2182,5147,7329,0,ITH,ITH3,5,Veneto,Veneto,4905854,1902490,38.78,0.15
432,2021-06-07,VEN,44328,23141,21187,37336,6992,ITH,ITH3,5,Veneto,Veneto,4905854,1946818,39.68,0.9
433,2021-02-27,VEN,8988,2691,6297,8141,847,ITH,ITH3,5,Veneto,Veneto,4905854,1955806,39.87,0.18
434,2021-03-04,VEN,12980,4884,8096,9508,3472,ITH,ITH3,5,Veneto,Veneto,4905854,1968786,40.13,0.26
435,2021-05-11,VEN,33102,16477,16625,28384,4718,ITH,ITH3,5,Veneto,Veneto,4905854,2001888,40.81,0.67
436,2021-01-22,VEN,1080,332,748,25,1055,ITH,ITH3,5,Veneto,Veneto,4905854,2002968,40.83,0.02
437,2021-05-09,VEN,35016,16099,18917,24956,10060,ITH,ITH3,5,Veneto,Veneto,4905854,2037984,41.54,0.71
438,2021-05-26,VEN,31022,15163,15859,14560,16462,ITH,ITH3,5,Veneto,Veneto,4905854,2069006,42.17,0.63
439,2021-03-01,VEN,9394,3716,5678,7572,1822,ITH,ITH3,5,Veneto,Veneto,4905854,2078400,42.37,0.19
440,2021-04-03,VEN,21940,9621,12319,14229,7711,ITH,ITH3,5,Veneto,Veneto,4905854,2100340,42.81,0.45
441,2021-03-20,VEN,13007,5386,7621,10928,2079,ITH,ITH3,5,Veneto,Veneto,4905854,2113347,43.08,0.27
442,2021-03-30,VEN,35929,15279,20650,30678,5251,ITH,ITH3,5,Veneto,Veneto,4905854,2149276,43.81,0.73
443,2021-04-10,VEN,27443,11969,15474,18964,8479,ITH,ITH3,5,Veneto,Veneto,4905854,2176719,44.37,0.56
444,2021-06-06,VEN,37279,19098,18181,32559,4720,ITH,ITH3,5,Veneto,Veneto,4905854,2213998,45.13,0.76
445,2020-12-27,VEN,880,395,485,880,0,ITH,ITH3,5,Veneto,Veneto,4905854,2214878,45.15,0.02
446,2021-05-30,VEN,22533,11263,11270,15843,6690,ITH,ITH3,5,Veneto,Veneto,4905854,2237411,45.61,0.46
447,2021-03-27,VEN,32083,14019,18064,26277,5806,ITH,ITH3,5,Veneto,Veneto,4905854,2269494,46.26,0.65
448,2021-06-03,VEN,54178,27877,26301,42245,11933,ITH,ITH3,5,Veneto,Veneto,4905854,2323672,47.37,1.1
449,2020-12-31,VEN,3220,1042,2178,3220,0,ITH,ITH3,5,Veneto,Veneto,4905854,2326892,47.43,0.07
450,2021-04-12,VEN,14901,6333,8568,6684,8217,ITH,ITH3,5,Veneto,Veneto,4905854,2341793,47.73,0.3
451,2021-01-02,VEN,5743,1766,3977,5743,0,ITH,ITH3,5,Veneto,Veneto,4905854,2347536,47.85,0.12
452,2021-01-19,VEN,1309,472,837,1159,150,ITH,ITH3,5,Veneto,Veneto,4905854,2348845,47.88,0.03
453,2021-05-04,VEN,42894,20316,22578,34867,8027,ITH,ITH3,5,Veneto,Veneto,4905854,2391739,48.75,0.87
454,2021-01-24,VEN,4117,1219,2898,28,4089,ITH,ITH3,5,Veneto,Veneto,4905854,2395856,48.84,0.08
455,2021-04-07,VEN,35950,16152,19798,28624,7326,ITH,ITH3,5,Veneto,Veneto,4905854,2431806,49.57,0.73
456,2021-01-31,VEN,4769,1562,3207,392,4377,ITH,ITH3,5,Veneto,Veneto,4905854,2436575,49.67,0.1
457,2021-03-29,VEN,31454,13689,17765,27621,3833,ITH,ITH3,5,Veneto,Veneto,4905854,2468029,50.31,0.64
458,2021-05-13,VEN,44173,21799,22374,34278,9895,ITH,ITH3,5,Veneto,Veneto,4905854,2512202,51.21,0.9
459,2021-02-02,VEN,6508,1878,4630,396,6112,ITH,ITH3,5,Veneto,Veneto,4905854,2518710,51.34,0.13
460,2021-05-18,VEN,26855,12496,14359,13288,13567,ITH,ITH3,5,Veneto,Veneto,4905854,2545565,51.89,0.55
461,2021-03-22,VEN,18136,8174,9962,13095,5041,ITH,ITH3,5,Veneto,Veneto,4905854,2563701,52.26,0.37
462,2021-03-13,VEN,17228,7302,9926,14097,3131,ITH,ITH3,5,Veneto,Veneto,4905854,2580929,52.61,0.35
463,2021-01-15,VEN,5875,1820,4055,5875,0,ITH,ITH3,5,Veneto,Veneto,4905854,2586804,52.73,0.12
464,2021-05-20,VEN,44700,21194,23506,20396,24304,ITH,ITH3,5,Veneto,Veneto,4905854,2631504,53.64,0.91
465,2021-02-09,VEN,5248,1890,3358,3446,1802,ITH,ITH3,5,Veneto,Veneto,4905854,2636752,53.75,0.11
466,2021-02-10,VEN,4751,1588,3163,3697,1054,ITH,ITH3,5,Veneto,Veneto,4905854,2641503,53.84,0.1
467,2021-04-08,VEN,32323,14347,17976,24445,7878,ITH,ITH3,5,Veneto,Veneto,4905854,2673826,54.5,0.66
468,2021-06-04,VEN,49335,25691,23644,41283,8052,ITH,ITH3,5,Veneto,Veneto,4905854,2723161,55.51,1.01
469,2021-02-24,VEN,8614,3678,4936,8128,486,ITH,ITH3,5,Veneto,Veneto,4905854,2731775,55.68,0.18
470,2021-02-26,VEN,8295,3270,5025,7038,1257,ITH,ITH3,5,Veneto,Veneto,4905854,2740070,55.85,0.17
471,2021-04-24,VEN,24747,10823,13924,15668,9079,ITH,ITH3,5,Veneto,Veneto,4905854,2764817,56.36,0.5
472,2021-01-14,VEN,7063,1924,5139,7063,0,ITH,ITH3,5,Veneto,Veneto,4905854,2771880,56.5,0.14
473,2021-03-12,VEN,18646,8189,10457,11903,6743,ITH,ITH3,5,Veneto,Veneto,4905854,2790526,56.88,0.38
474,2021-04-17,VEN,22414,9083,13331,15134,7280,ITH,ITH3,5,Veneto,Veneto,4905854,2812940,57.34,0.46
475,2021-01-07,VEN,8359,2317,6042,8359,0,ITH,ITH3,5,Veneto,Veneto,4905854,2821299,57.51,0.17
476,2021-06-13,VEN,36872,19033,17839,29912,6960,ITH,ITH3,5,Veneto,Veneto,4905854,2858171,58.26,0.75
477,2021-01-10,VEN,5032,1671,3361,5032,0,ITH,ITH3,5,Veneto,Veneto,4905854,2863203,58.36,0.1
478,2021-05-23,VEN,34475,16458,18017,11066,23409,ITH,ITH3,5,Veneto,Veneto,4905854,2897678,59.07,0.7
479,2021-02-12,VEN,4314,1447,2867,3742,572,ITH,ITH3,5,Veneto,Veneto,4905854,2901992,59.15,0.09
480,2021-01-29,VEN,9021,2788,6233,367,8654,ITH,ITH3,5,Veneto,Veneto,4905854,2911013,59.34,0.18
481,2021-05-08,VEN,41401,18724,22677,29594,11807,ITH,ITH3,5,Veneto,Veneto,4905854,2952414,60.18,0.84
482,2021-05-01,VEN,38842,18234,20608,29898,8944,ITH,ITH3,5,Veneto,Veneto,4905854,2991256,60.97,0.79
483,2021-02-19,VEN,7322,3140,4182,7118,204,ITH,ITH3,5,Veneto,Veneto,4905854,2998578,61.12,0.15
484,2021-02-21,VEN,4634,1209,3425,4629,5,ITH,ITH3,5,Veneto,Veneto,4905854,3003212,61.22,0.09
485,2021-05-15,VEN,36173,17485,18688,26185,9988,ITH,ITH3,5,Veneto,Veneto,4905854,3039385,61.95,0.74
486,2021-06-01,VEN,26897,13537,13360,16400,10497,ITH,ITH3,5,Veneto,Veneto,4905854,3066282,62.5,0.55
487,2021-03-10,VEN,19032,8721,10311,13350,5682,ITH,ITH3,5,Veneto,Veneto,4905854,3085314,62.89,0.39
488,2021-03-31,VEN,38787,16375,22412,31297,7490,ITH,ITH3,5,Veneto,Veneto,4905854,3124101,63.68,0.79
489,2021-04-26,VEN,20714,9452,11262,15575,5139,ITH,ITH3,5,Veneto,Veneto,4905854,3144815,64.1,0.42
490,2021-06-15,VEN,47275,24010,23265,29962,17313,ITH,ITH3,5,Veneto,Veneto,4905854,3192090,65.07,0.96
491,2021-05-27,VEN,46345,22784,23561,23252,23093,ITH,ITH3,5,Veneto,Veneto,4905854,3238435,66.01,0.94
492,2021-02-07,VEN,2315,862,1453,714,1601,ITH,ITH3,5,Veneto,Veneto,4905854,3240750,66.06,0.05
493,2021-03-24,VEN,22098,9565,12533,15296,6802,ITH,ITH3,5,Veneto,Veneto,4905854,3262848,66.51,0.45
494,2021-01-21,VEN,2293,719,1574,21,2272,ITH,ITH3,5,Veneto,Veneto,4905854,3265141,66.56,0.05
495,2021-03-05,VEN,13336,5020,8316,9666,3670,ITH,ITH3,5,Veneto,Veneto,4905854,3278477,66.83,0.27
496,2021-03-19,VEN,13790,5668,8122,7696,6094,ITH,ITH3,5,Veneto,Veneto,4905854,3292267,67.11,0.28
497,2021-03-03,VEN,12094,4646,7448,8595,3499,ITH,ITH3,5,Veneto,Veneto,4905854,3304361,67.36,0.25
498,2021-06-11,VEN,46584,24249,22335,35643,10941,ITH,ITH3,5,Veneto,Veneto,4905854,3350945,68.31,0.95
499,2021-04-22,VEN,31977,13910,18067,16234,15743,ITH,ITH3,5,Veneto,Veneto,4905854,3382922,68.96,0.65
500,2021-06-08,VEN,43331,22422,20909,37272,6059,ITH,ITH3,5,Veneto,Veneto,4905854,3426253,69.84,0.88
501,2021-05-25,VEN,27711,13377,14334,11705,16006,ITH,ITH3,5,Veneto,Veneto,4905854,3453964,70.4,0.56
502,2021-02-14,VEN,125,56,69,112,13,ITH,ITH3,5,Veneto,Veneto,4905854,3454089,70.41,0.0
503,2021-02-28,VEN,4136,1389,2747,3299,837,ITH,ITH3,5,Veneto,Veneto,4905854,3458225,70.49,0.08
504,2021-03-17,VEN,14645,5992,8653,7849,6796,ITH,ITH3,5,Veneto,Veneto,4905854,3472870,70.79,0.3
505,2021-01-12,VEN,5230,1516,3714,5230,0,ITH,ITH3,5,Veneto,Veneto,4905854,3478100,70.9,0.11
506,2021-04-19,VEN,21535,8918,12617,5125,16410,ITH,ITH3,5,Veneto,Veneto,4905854,3499635,71.34,0.44
507,2021-04-05,VEN,19141,8367,10774,13701,5440,ITH,ITH3,5,Veneto,Veneto,4905854,3518776,71.73,0.39
508,2021-01-26,VEN,6918,2091,4827,152,6766,ITH,ITH3,5,Veneto,Veneto,4905854,3525694,71.87,0.14
509,2021-05-06,VEN,46897,22001,24896,38424,8473,ITH,ITH3,5,Veneto,Veneto,4905854,3572591,72.82,0.96
510,2021-03-26,LIG,9307,4011,5296,6152,3155,ITC,ITC3,7,Liguria,Liguria,1550640,9307,0.6,0.6
511,2021-01-02,LIG,691,245,446,691,0,ITC,ITC3,7,Liguria,Liguria,1550640,9998,0.64,0.04
512,2021-06-15,LIG,16952,8248,8704,10546,6406,ITC,ITC3,7,Liguria,Liguria,1550640,26950,1.74,1.09
513,2021-03-07,LIG,1915,1138,777,1614,301,ITC,ITC3,7,Liguria,Liguria,1550640,28865,1.86,0.12
514,2021-04-26,LIG,10547,4980,5567,7911,2636,ITC,ITC3,7,Liguria,Liguria,1550640,39412,2.54,0.68
515,2021-01-16,LIG,1278,557,721,1278,0,ITC,ITC3,7,Liguria,Liguria,1550640,40690,2.62,0.08
516,2021-02-02,LIG,2668,1005,1663,134,2534,ITC,ITC3,7,Liguria,Liguria,1550640,43358,2.8,0.17
517,2021-04-28,LIG,14443,6519,7924,6459,7984,ITC,ITC3,7,Liguria,Liguria,1550640,57801,3.73,0.93
518,2021-02-04,LIG,2817,986,1831,179,2638,ITC,ITC3,7,Liguria,Liguria,1550640,60618,3.91,0.18
519,2021-05-15,LIG,7252,3234,4018,4298,2954,ITC,ITC3,7,Liguria,Liguria,1550640,67870,4.38,0.47
520,2021-02-21,LIG,869,491,378,865,4,ITC,ITC3,7,Liguria,Liguria,1550640,68739,4.43,0.06
521,2021-01-28,LIG,2847,971,1876,39,2808,ITC,ITC3,7,Liguria,Liguria,1550640,71586,4.62,0.18
522,2021-01-21,LIG,1105,385,720,674,431,ITC,ITC3,7,Liguria,Liguria,1550640,72691,4.69,0.07
523,2021-06-05,LIG,8089,4115,3974,4937,3152,ITC,ITC3,7,Liguria,Liguria,1550640,80780,5.21,0.52
524,2021-04-09,LIG,12420,5553,6867,10681,1739,ITC,ITC3,7,Liguria,Liguria,1550640,93200,6.01,0.8
525,2021-03-31,LIG,11919,5271,6648,9149,2770,ITC,ITC3,7,Liguria,Liguria,1550640,105119,6.78,0.77
526,2020-12-28,LIG,80,30,50,80,0,ITC,ITC3,7,Liguria,Liguria,1550640,105199,6.78,0.01
527,2021-06-03,LIG,15460,7665,7795,9122,6338,ITC,ITC3,7,Liguria,Liguria,1550640,120659,7.78,1.0
528,2021-04-07,LIG,13634,6071,7563,11344,2290,ITC,ITC3,7,Liguria,Liguria,1550640,134293,8.66,0.88
529,2021-02-23,LIG,3806,1559,2247,3697,109,ITC,ITC3,7,Liguria,Liguria,1550640,138099,8.91,0.25
530,2021-02-16,LIG,2426,956,1470,2004,422,ITC,ITC3,7,Liguria,Liguria,1550640,140525,9.06,0.16
531,2021-05-27,LIG,16833,8622,8211,12714,4119,ITC,ITC3,7,Liguria,Liguria,1550640,157358,10.15,1.09
532,2021-04-14,LIG,13068,5666,7402,10865,2203,ITC,ITC3,7,Liguria,Liguria,1550640,170426,10.99,0.84
533,2021-05-29,LIG,6842,3237,3605,3972,2870,ITC,ITC3,7,Liguria,Liguria,1550640,177268,11.43,0.44
534,2021-02-09,LIG,1936,689,1247,256,1680,ITC,ITC3,7,Liguria,Liguria,1550640,179204,11.56,0.12
535,2021-02-11,LIG,1979,767,1212,1103,876,ITC,ITC3,7,Liguria,Liguria,1550640,181183,11.68,0.13
536,2021-05-22,LIG,6638,3216,3422,4960,1678,ITC,ITC3,7,Liguria,Liguria,1550640,187821,12.11,0.43
537,2021-06-10,LIG,18111,9357,8754,12521,5590,ITC,ITC3,7,Liguria,Liguria,1550640,205932,13.28,1.17
538,2021-03-19,LIG,5296,2234,3062,2150,3146,ITC,ITC3,7,Liguria,Liguria,1550640,211228,13.62,0.34
539,2021-03-02,LIG,4074,1689,2385,3764,310,ITC,ITC3,7,Liguria,Liguria,1550640,215302,13.88,0.26
540,2021-04-02,LIG,11771,5210,6561,9285,2486,ITC,ITC3,7,Liguria,Liguria,1550640,227073,14.64,0.76
541,2021-04-21,LIG,14244,6431,7813,8920,5324,ITC,ITC3,7,Liguria,Liguria,1550640,241317,15.56,0.92
542,2021-05-08,LIG,7529,3334,4195,2316,5213,ITC,ITC3,7,Liguria,Liguria,1550640,248846,16.05,0.49
543,2021-02-28,LIG,1058,580,478,1049,9,ITC,ITC3,7,Liguria,Liguria,1550640,249904,16.12,0.07
544,2021-01-09,LIG,1335,481,854,1335,0,ITC,ITC3,7,Liguria,Liguria,1550640,251239,16.2,0.09
545,2021-04-19,LIG,12807,5613,7194,8999,3808,ITC,ITC3,7,Liguria,Liguria,1550640,264046,17.03,0.83
546,2021-03-14,LIG,1659,752,907,1055,604,ITC,ITC3,7,Liguria,Liguria,1550640,265705,17.14,0.11
547,2021-05-10,LIG,12648,5639,7009,6273,6375,ITC,ITC3,7,Liguria,Liguria,1550640,278353,17.95,0.82
548,2021-05-03,LIG,13270,5918,7352,6458,6812,ITC,ITC3,7,Liguria,Liguria,1550640,291623,18.81,0.86
549,2021-03-21,LIG,550,220,330,69,481,ITC,ITC3,7,Liguria,Liguria,1550640,292173,18.84,0.04
550,2021-01-23,LIG,809,295,514,153,656,ITC,ITC3,7,Liguria,Liguria,1550640,292982,18.89,0.05
551,2021-05-17,LIG,12027,5520,6507,8703,3324,ITC,ITC3,7,Liguria,Liguria,1550640,305009,19.67,0.78
552,2021-06-17,LIG,15958,7594,8364,10351,5607,ITC,ITC3,7,Liguria,Liguria,1550640,320967,20.7,1.03
553,2021-06-02,LIG,8530,4342,4188,5363,3167,ITC,ITC3,7,Liguria,Liguria,1550640,329497,21.25,0.55
554,2021-02-18,LIG,2765,1126,1639,2431,334,ITC,ITC3,7,Liguria,Liguria,1550640,332262,21.43,0.18
555,2020-12-30,LIG,12,5,7,12,0,ITC,ITC3,7,Liguria,Liguria,1550640,332274,21.43,0.0
556,2021-04-11,LIG,4247,1929,2318,3998,249,ITC,ITC3,7,Liguria,Liguria,1550640,336521,21.7,0.27
557,2021-01-18,LIG,2137,745,1392,1980,157,ITC,ITC3,7,Liguria,Liguria,1550640,338658,21.84,0.14
558,2021-06-14,LIG,14579,7071,7508,9204,5375,ITC,ITC3,7,Liguria,Liguria,1550640,353237,22.78,0.94
559,2021-02-25,LIG,3456,1349,2107,3326,130,ITC,ITC3,7,Liguria,Liguria,1550640,356693,23.0,0.22
560,2021-03-04,LIG,4738,2118,2620,3891,847,ITC,ITC3,7,Liguria,Liguria,1550640,361431,23.31,0.31
561,2021-01-14,LIG,2981,1055,1926,2981,0,ITC,ITC3,7,Liguria,Liguria,1550640,364412,23.5,0.19
562,2021-03-12,LIG,6215,2871,3344,3745,2470,ITC,ITC3,7,Liguria,Liguria,1550640,370627,23.9,0.4
563,2021-05-19,LIG,13570,5962,7608,10451,3119,ITC,ITC3,7,Liguria,Liguria,1550640,384197,24.78,0.88
564,2021-03-23,LIG,9266,4218,5048,6057,3209,ITC,ITC3,7,Liguria,Liguria,1550640,393463,25.37,0.6
565,2021-02-01,LIG,2557,922,1635,90,2467,ITC,ITC3,7,Liguria,Liguria,1550640,396020,25.54,0.16
566,2021-05-12,LIG,12015,5442,6573,6676,5339,ITC,ITC3,7,Liguria,Liguria,1550640,408035,26.31,0.77
567,2021-05-26,LIG,16654,8407,8247,12281,4373,ITC,ITC3,7,Liguria,Liguria,1550640,424689,27.39,1.07
568,2021-03-30,LIG,12188,5418,6770,8800,3388,ITC,ITC3,7,Liguria,Liguria,1550640,436877,28.17,0.79
569,2021-04-23,LIG,14672,6637,8035,8552,6120,ITC,ITC3,7,Liguria,Liguria,1550640,451549,29.12,0.95
570,2021-03-11,LIG,6393,3088,3305,4387,2006,ITC,ITC3,7,Liguria,Liguria,1550640,457942,29.53,0.41
571,2021-01-13,LIG,2754,1013,1741,2754,0,ITC,ITC3,7,Liguria,Liguria,1550640,460696,29.71,0.18
572,2021-01-04,LIG,2615,854,1761,2615,0,ITC,ITC3,7,Liguria,Liguria,1550640,463311,29.88,0.17
573,2021-01-25,LIG,2726,889,1837,478,2248,ITC,ITC3,7,Liguria,Liguria,1550640,466037,30.05,0.18
574,2021-05-05,LIG,13717,6135,7582,5296,8421,ITC,ITC3,7,Liguria,Liguria,1550640,479754,30.94,0.88
575,2021-03-16,LIG,6082,2731,3351,2349,3733,ITC,ITC3,7,Liguria,Liguria,1550640,485836,31.33,0.39
576,2021-05-24,LIG,11817,5557,6260,9333,2484,ITC,ITC3,7,Liguria,Liguria,1550640,497653,32.09,0.76
577,2021-05-07,LIG,13590,6037,7553,5798,7792,ITC,ITC3,7,Liguria,Liguria,1550640,511243,32.97,0.88
578,2021-02-13,LIG,1080,508,572,800,280,ITC,ITC3,7,Liguria,Liguria,1550640,512323,33.04,0.07
579,2021-06-07,LIG,15652,7642,8010,8654,6998,ITC,ITC3,7,Liguria,Liguria,1550640,527975,34.05,1.01
580,2021-01-30,LIG,1660,566,1094,24,1636,ITC,ITC3,7,Liguria,Liguria,1550640,529635,34.16,0.11
581,2021-03-28,LIG,1141,511,630,390,751,ITC,ITC3,7,Liguria,Liguria,1550640,530776,34.23,0.07
582,2021-02-06,LIG,1892,768,1124,145,1747,ITC,ITC3,7,Liguria,Liguria,1550640,532668,34.35,0.12
583,2021-05-14,LIG,13104,5833,7271,8778,4326,ITC,ITC3,7,Liguria,Liguria,1550640,545772,35.2,0.85
584,2021-05-31,LIG,14633,7324,7309,9119,5514,ITC,ITC3,7,Liguria,Liguria,1550640,560405,36.14,0.94
585,2021-03-09,LIG,5930,2753,3177,4499,1431,ITC,ITC3,7,Liguria,Liguria,1550640,566335,36.52,0.38
586,2021-02-20,LIG,1335,637,698,1334,1,ITC,ITC3,7,Liguria,Liguria,1550640,567670,36.61,0.09
587,2021-05-16,LIG,3704,1860,1844,2144,1560,ITC,ITC3,7,Liguria,Liguria,1550640,571374,36.85,0.24
588,2021-02-22,LIG,3343,1476,1867,3201,142,ITC,ITC3,7,Liguria,Liguria,1550640,574717,37.06,0.22
589,2021-06-16,LIG,15552,7485,8067,10113,5439,ITC,ITC3,7,Liguria,Liguria,1550640,590269,38.07,1.0
590,2021-03-08,LIG,5623,2458,3165,3934,1689,ITC,ITC3,7,Liguria,Liguria,1550640,595892,38.43,0.36
591,2021-03-25,LIG,9764,4229,5535,6371,3393,ITC,ITC3,7,Liguria,Liguria,1550640,605656,39.06,0.63
592,2021-01-01,LIG,144,55,89,144,0,ITC,ITC3,7,Liguria,Liguria,1550640,605800,39.07,0.01
593,2021-06-12,LIG,10027,4882,5145,7875,2152,ITC,ITC3,7,Liguria,Liguria,1550640,615827,39.71,0.65
594,2021-04-30,LIG,14396,6436,7960,5828,8568,ITC,ITC3,7,Liguria,Liguria,1550640,630223,40.64,0.93
595,2021-03-06,LIG,3304,1842,1462,2599,705,ITC,ITC3,7,Liguria,Liguria,1550640,633527,40.86,0.21
596,2021-01-22,LIG,1819,604,1215,1333,486,ITC,ITC3,7,Liguria,Liguria,1550640,635346,40.97,0.12
597,2021-05-02,LIG,3879,1768,2111,506,3373,ITC,ITC3,7,Liguria,Liguria,1550640,639225,41.22,0.25
598,2021-05-04,LIG,13615,6083,7532,5389,8226,ITC,ITC3,7,Liguria,Liguria,1550640,652840,42.1,0.88
599,2021-05-09,LIG,2823,1245,1578,1113,1710,ITC,ITC3,7,Liguria,Liguria,1550640,655663,42.28,0.18
600,2021-04-06,LIG,13213,5888,7325,10973,2240,ITC,ITC3,7,Liguria,Liguria,1550640,668876,43.14,0.85
601,2021-02-08,LIG,1977,741,1236,306,1671,ITC,ITC3,7,Liguria,Liguria,1550640,670853,43.26,0.13
602,2020-12-27,LIG,135,56,79,135,0,ITC,ITC3,7,Liguria,Liguria,1550640,670988,43.27,0.01
603,2021-04-16,LIG,11968,5280,6688,10158,1810,ITC,ITC3,7,Liguria,Liguria,1550640,682956,44.04,0.77
604,2021-01-06,LIG,1660,616,1044,1660,0,ITC,ITC3,7,Liguria,Liguria,1550640,684616,44.15,0.11
605,2021-03-20,LIG,2316,995,1321,1142,1174,ITC,ITC3,7,Liguria,Liguria,1550640,686932,44.3,0.15
606,2021-04-04,LIG,756,366,390,507,249,ITC,ITC3,7,Liguria,Liguria,1550640,687688,44.35,0.05
607,2021-04-18,LIG,2613,1164,1449,2145,468,ITC,ITC3,7,Liguria,Liguria,1550640,690301,44.52,0.17
608,2021-01-08,LIG,2926,999,1927,2926,0,ITC,ITC3,7,Liguria,Liguria,1550640,693227,44.71,0.19
609,2021-01-27,LIG,1744,603,1141,141,1603,ITC,ITC3,7,Liguria,Liguria,1550640,694971,44.82,0.11
610,2021-05-21,LIG,12837,5952,6885,9713,3124,ITC,ITC3,7,Liguria,Liguria,1550640,707808,45.65,0.83
611,2021-02-27,LIG,1888,921,967,1759,129,ITC,ITC3,7,Liguria,Liguria,1550640,709696,45.77,0.12
612,2021-06-11,LIG,17291,8830,8461,11294,5997,ITC,ITC3,7,Liguria,Liguria,1550640,726987,46.88,1.12
613,2021-04-15,LIG,11819,5219,6600,9967,1852,ITC,ITC3,7,Liguria,Liguria,1550640,738806,47.65,0.76
614,2021-04-08,LIG,13723,6156,7567,11680,2043,ITC,ITC3,7,Liguria,Liguria,1550640,752529,48.53,0.88
615,2021-06-04,LIG,14708,7231,7477,9242,5466,ITC,ITC3,7,Liguria,Liguria,1550640,767237,49.48,0.95
616,2021-04-27,LIG,14748,6677,8071,7168,7580,ITC,ITC3,7,Liguria,Liguria,1550640,781985,50.43,0.95
617,2021-02-03,LIG,2314,790,1524,55,2259,ITC,ITC3,7,Liguria,Liguria,1550640,784299,50.58,0.15
618,2021-04-29,LIG,15550,6973,8577,6733,8817,ITC,ITC3,7,Liguria,Liguria,1550640,799849,51.58,1.0
619,2021-04-12,LIG,12383,5475,6908,10364,2019,ITC,ITC3,7,Liguria,Liguria,1550640,812232,52.38,0.8
620,2021-01-19,LIG,1371,438,933,1281,90,ITC,ITC3,7,Liguria,Liguria,1550640,813603,52.47,0.09
621,2021-02-05,LIG,2674,986,1688,304,2370,ITC,ITC3,7,Liguria,Liguria,1550640,816277,52.64,0.17
622,2021-03-27,LIG,3932,1549,2383,2537,1395,ITC,ITC3,7,Liguria,Liguria,1550640,820209,52.89,0.25
623,2021-04-13,LIG,13076,5866,7210,11052,2024,ITC,ITC3,7,Liguria,Liguria,1550640,833285,53.74,0.84
624,2021-05-13,LIG,13263,6069,7194,9050,4213,ITC,ITC3,7,Liguria,Liguria,1550640,846548,54.59,0.86
625,2021-02-19,LIG,3219,1306,1913,3043,176,ITC,ITC3,7,Liguria,Liguria,1550640,849767,54.8,0.21
626,2021-05-30,LIG,3276,1604,1672,1364,1912,ITC,ITC3,7,Liguria,Liguria,1550640,853043,55.01,0.21
627,2021-06-01,LIG,16147,8107,8040,10784,5363,ITC,ITC3,7,Liguria,Liguria,1550640,869190,56.05,1.04
628,2021-01-15,LIG,2256,754,1502,2256,0,ITC,ITC3,7,Liguria,Liguria,1550640,871446,56.2,0.15
629,2021-04-25,LIG,1936,921,1015,1521,415,ITC,ITC3,7,Liguria,Liguria,1550640,873382,56.32,0.12
630,2021-03-13,LIG,3849,1637,2212,2994,855,ITC,ITC3,7,Liguria,Liguria,1550640,877231,56.57,0.25
631,2021-02-14,LIG,233,122,111,233,0,ITC,ITC3,7,Liguria,Liguria,1550640,877464,56.59,0.02
632,2021-05-25,LIG,14075,6862,7213,10927,3148,ITC,ITC3,7,Liguria,Liguria,1550640,891539,57.49,0.91
633,2021-03-22,LIG,7741,3466,4275,4804,2937,ITC,ITC3,7,Liguria,Liguria,1550640,899280,57.99,0.5
634,2021-02-07,LIG,407,153,254,2,405,ITC,ITC3,7,Liguria,Liguria,1550640,899687,58.02,0.03
635,2021-01-29,LIG,3079,1064,2015,67,3012,ITC,ITC3,7,Liguria,Liguria,1550640,902766,58.22,0.2
636,2021-01-20,LIG,1551,555,996,1539,12,ITC,ITC3,7,Liguria,Liguria,1550640,904317,58.32,0.1
637,2021-02-15,LIG,2262,839,1423,1865,397,ITC,ITC3,7,Liguria,Liguria,1550640,906579,58.46,0.15
638,2021-01-03,LIG,734,230,504,734,0,ITC,ITC3,7,Liguria,Liguria,1550640,907313,58.51,0.05
639,2021-02-17,LIG,2689,1182,1507,2263,426,ITC,ITC3,7,Liguria,Liguria,1550640,910002,58.69,0.17
640,2021-05-28,LIG,16278,8125,8153,11745,4533,ITC,ITC3,7,Liguria,Liguria,1550640,926280,59.74,1.05
641,2021-01-05,LIG,2878,895,1983,2878,0,ITC,ITC3,7,Liguria,Liguria,1550640,929158,59.92,0.19
642,2021-03-03,LIG,4580,1847,2733,3554,1026,ITC,ITC3,7,Liguria,Liguria,1550640,933738,60.22,0.3
643,2021-02-24,LIG,3764,1560,2204,3506,258,ITC,ITC3,7,Liguria,Liguria,1550640,937502,60.46,0.24
644,2020-12-29,LIG,125,33,92,125,0,ITC,ITC3,7,Liguria,Liguria,1550640,937627,60.47,0.01
645,2021-01-12,LIG,2459,885,1574,2459,0,ITC,ITC3,7,Liguria,Liguria,1550640,940086,60.63,0.16
646,2021-02-10,LIG,2313,836,1477,1019,1294,ITC,ITC3,7,Liguria,Liguria,1550640,942399,60.77,0.15
647,2021-03-18,LIG,4986,2124,2862,2007,2979,ITC,ITC3,7,Liguria,Liguria,1550640,947385,61.1,0.32
648,2021-04-01,LIG,12415,5507,6908,9645,2770,ITC,ITC3,7,Liguria,Liguria,1550640,959800,61.9,0.8
649,2021-06-08,LIG,17813,8893,8920,11201,6612,ITC,ITC3,7,Liguria,Liguria,1550640,977613,63.05,1.15
650,2021-03-17,LIG,5552,2368,3184,2473,3079,ITC,ITC3,7,Liguria,Liguria,1550640,983165,63.4,0.36
651,2021-03-10,LIG,5899,2861,3038,3993,1906,ITC,ITC3,7,Liguria,Liguria,1550640,989064,63.78,0.38
652,2021-03-24,LIG,9176,4030,5146,5889,3287,ITC,ITC3,7,Liguria,Liguria,1550640,998240,64.38,0.59
653,2020-12-31,LIG,990,353,637,990,0,ITC,ITC3,7,Liguria,Liguria,1550640,999230,64.44,0.06
654,2021-04-10,LIG,7882,3556,4326,6968,914,ITC,ITC3,7,Liguria,Liguria,1550640,1007112,64.95,0.51
655,2021-01-17,LIG,862,300,562,862,0,ITC,ITC3,7,Liguria,Liguria,1550640,1007974,65.0,0.06
656,2021-05-18,LIG,13450,6115,7335,10165,3285,ITC,ITC3,7,Liguria,Liguria,1550640,1021424,65.87,0.87
657,2021-05-20,LIG,12847,5964,6883,8826,4021,ITC,ITC3,7,Liguria,Liguria,1550640,1034271,66.7,0.83
658,2021-01-07,LIG,3229,1095,2134,3229,0,ITC,ITC3,7,Liguria,Liguria,1550640,1037500,66.91,0.21
659,2021-06-13,LIG,5616,2695,2921,5163,453,ITC,ITC3,7,Liguria,Liguria,1550640,1043116,67.27,0.36
660,2021-04-17,LIG,7382,3216,4166,6632,750,ITC,ITC3,7,Liguria,Liguria,1550640,1050498,67.75,0.48
661,2021-05-01,LIG,7142,3256,3886,1342,5800,ITC,ITC3,7,Liguria,Liguria,1550640,1057640,68.21,0.46
662,2021-03-05,LIG,4869,2150,2719,3737,1132,ITC,ITC3,7,Liguria,Liguria,1550640,1062509,68.52,0.31
663,2021-06-06,LIG,3808,2032,1776,2947,861,ITC,ITC3,7,Liguria,Liguria,1550640,1066317,68.77,0.25
664,2021-04-24,LIG,8212,3793,4419,5061,3151,ITC,ITC3,7,Liguria,Liguria,1550640,1074529,69.3,0.53
665,2021-02-26,LIG,3764,1523,2241,3436,328,ITC,ITC3,7,Liguria,Liguria,1550640,1078293,69.54,0.24
666,2021-04-05,LIG,3976,1751,2225,2327,1649,ITC,ITC3,7,Liguria,Liguria,1550640,1082269,69.79,0.26
667,2021-05-11,LIG,13902,6384,7518,7298,6604,ITC,ITC3,7,Liguria,Liguria,1550640,1096171,70.69,0.9
668,2021-03-29,LIG,10547,4611,5936,7415,3132,ITC,ITC3,7,Liguria,Liguria,1550640,1106718,71.37,0.68
669,2021-01-31,LIG,624,270,354,9,615,ITC,ITC3,7,Liguria,Liguria,1550640,1107342,71.41,0.04
670,2021-04-22,LIG,13817,6195,7622,8747,5070,ITC,ITC3,7,Liguria,Liguria,1550640,1121159,72.3,0.89
671,2021-05-06,LIG,14470,6416,8054,6170,8300,ITC,ITC3,7,Liguria,Liguria,1550640,1135629,73.24,0.93
672,2021-01-26,LIG,2491,807,1684,20,2471,ITC,ITC3,7,Liguria,Liguria,1550640,1138120,73.4,0.16
673,2021-01-11,LIG,2654,989,1665,2654,0,ITC,ITC3,7,Liguria,Liguria,1550640,1140774,73.57,0.17
674,2021-01-10,LIG,648,262,386,648,0,ITC,ITC3,7,Liguria,Liguria,1550640,1141422,73.61,0.04
675,2021-04-20,LIG,14215,6505,7710,9867,4348,ITC,ITC3,7,Liguria,Liguria,1550640,1155637,74.53,0.92
676,2021-05-23,LIG,2305,1119,1186,1182,1123,ITC,ITC3,7,Liguria,Liguria,1550640,1157942,74.68,0.15
677,2021-03-01,LIG,3526,1444,2082,3404,122,ITC,ITC3,7,Liguria,Liguria,1550640,1161468,74.9,0.23
678,2021-06-09,LIG,18651,9361,9290,12095,6556,ITC,ITC3,7,Liguria,Liguria,1550640,1180119,76.11,1.2
679,2021-04-03,LIG,5404,2497,2907,4461,943,ITC,ITC3,7,Liguria,Liguria,1550640,1185523,76.45,0.35
680,2021-01-24,LIG,756,237,519,113,643,ITC,ITC3,7,Liguria,Liguria,1550640,1186279,76.5,0.05
681,2021-02-12,LIG,1928,689,1239,896,1032,ITC,ITC3,7,Liguria,Liguria,1550640,1188207,76.63,0.12
682,2021-03-15,LIG,7246,3097,4149,4540,2706,ITC,ITC3,7,Liguria,Liguria,1550640,1195453,77.09,0.47
683,2021-03-28,LOM,20470,7806,12664,14308,6162,ITC,ITC4,3,Lombardia,Lombardia,10060574,20470,0.2,0.2
684,2021-04-14,LOM,47145,21013,26132,34179,12966,ITC,ITC4,3,Lombardia,Lombardia,10060574,67615,0.67,0.47
685,2021-01-04,LOM,6094,2101,3993,6094,0,ITC,ITC4,3,Lombardia,Lombardia,10060574,73709,0.73,0.06
686,2021-04-16,LOM,53623,23905,29718,39285,14338,ITC,ITC4,3,Lombardia,Lombardia,10060574,127332,1.27,0.53
687,2021-06-05,LOM,102096,52786,49310,92347,9749,ITC,ITC4,3,Lombardia,Lombardia,10060574,229428,2.28,1.01
688,2021-03-14,LOM,14872,5348,9524,11589,3283,ITC,ITC4,3,Lombardia,Lombardia,10060574,244300,2.43,0.15
689,2021-02-23,LOM,11805,4799,7006,11479,326,ITC,ITC4,3,Lombardia,Lombardia,10060574,256105,2.55,0.12
690,2021-04-28,LOM,95653,43638,52015,68771,26882,ITC,ITC4,3,Lombardia,Lombardia,10060574,351758,3.5,0.95
691,2021-03-16,LOM,25483,10113,15370,16417,9066,ITC,ITC4,3,Lombardia,Lombardia,10060574,377241,3.75,0.25
692,2021-05-12,LOM,87416,41701,45715,59914,27502,ITC,ITC4,3,Lombardia,Lombardia,10060574,464657,4.62,0.87
693,2021-06-17,LOM,106937,52020,54917,53287,53650,ITC,ITC4,3,Lombardia,Lombardia,10060574,571594,5.68,1.06
694,2021-03-09,LOM,33201,12850,20351,25806,7395,ITC,ITC4,3,Lombardia,Lombardia,10060574,604795,6.01,0.33
695,2021-02-04,LOM,27749,8085,19664,1997,25752,ITC,ITC4,3,Lombardia,Lombardia,10060574,632544,6.29,0.28
696,2021-04-09,LOM,52300,22339,29961,36310,15990,ITC,ITC4,3,Lombardia,Lombardia,10060574,684844,6.81,0.52
697,2021-04-04,LOM,7611,3230,4381,3716,3895,ITC,ITC4,3,Lombardia,Lombardia,10060574,692455,6.88,0.08
698,2021-04-02,LOM,41161,16841,24320,26713,14448,ITC,ITC4,3,Lombardia,Lombardia,10060574,733616,7.29,0.41
699,2021-05-24,LOM,89367,43410,45957,49489,39878,ITC,ITC4,3,Lombardia,Lombardia,10060574,822983,8.18,0.89
700,2021-02-11,LOM,17032,5000,12032,9694,7338,ITC,ITC4,3,Lombardia,Lombardia,10060574,840015,8.35,0.17
701,2021-05-31,LOM,95593,47379,48214,79429,16164,ITC,ITC4,3,Lombardia,Lombardia,10060574,935608,9.3,0.95
702,2021-03-26,LOM,41264,15683,25581,28139,13125,ITC,ITC4,3,Lombardia,Lombardia,10060574,976872,9.71,0.41
703,2021-05-22,LOM,70546,33822,36724,32416,38130,ITC,ITC4,3,Lombardia,Lombardia,10060574,1047418,10.41,0.7
704,2021-05-29,LOM,88220,42376,45844,42203,46017,ITC,ITC4,3,Lombardia,Lombardia,10060574,1135638,11.29,0.88
705,2021-02-18,LOM,14027,4916,9111,13012,1015,ITC,ITC4,3,Lombardia,Lombardia,10060574,1149665,11.43,0.14
706,2021-02-16,LOM,9505,3073,6432,9057,448,ITC,ITC4,3,Lombardia,Lombardia,10060574,1159170,11.52,0.09
707,2021-06-10,LOM,101475,51648,49827,87171,14304,ITC,ITC4,3,Lombardia,Lombardia,10060574,1260645,12.53,1.01
708,2021-03-02,LOM,22802,9697,13105,19769,3033,ITC,ITC4,3,Lombardia,Lombardia,10060574,1283447,12.76,0.23
709,2020-12-28,LOM,107,47,60,107,0,ITC,ITC4,3,Lombardia,Lombardia,10060574,1283554,12.76,0.0
710,2021-04-21,LOM,71718,32520,39198,57109,14609,ITC,ITC4,3,Lombardia,Lombardia,10060574,1355272,13.47,0.71
711,2021-01-11,LOM,16146,5349,10797,16146,0,ITC,ITC4,3,Lombardia,Lombardia,10060574,1371418,13.63,0.16
712,2021-01-28,LOM,12186,3690,8496,766,11420,ITC,ITC4,3,Lombardia,Lombardia,10060574,1383604,13.75,0.12
713,2021-04-23,LOM,73428,33285,40143,56900,16528,ITC,ITC4,3,Lombardia,Lombardia,10060574,1457032,14.48,0.73
714,2021-05-10,LOM,85204,40854,44350,63682,21522,ITC,ITC4,3,Lombardia,Lombardia,10060574,1542236,15.33,0.85
715,2021-01-30,LOM,12307,4563,7744,154,12153,ITC,ITC4,3,Lombardia,Lombardia,10060574,1554543,15.45,0.12
716,2021-01-16,LOM,15425,5731,9694,15425,0,ITC,ITC4,3,Lombardia,Lombardia,10060574,1569968,15.61,0.15
717,2021-01-09,LOM,12411,4573,7838,12411,0,ITC,ITC4,3,Lombardia,Lombardia,10060574,1582379,15.73,0.12
718,2021-03-07,LOM,12079,5354,6725,9523,2556,ITC,ITC4,3,Lombardia,Lombardia,10060574,1594458,15.85,0.12
719,2021-01-27,LOM,8033,2672,5361,808,7225,ITC,ITC4,3,Lombardia,Lombardia,10060574,1602491,15.93,0.08
720,2021-03-25,LOM,42707,15980,26727,30110,12597,ITC,ITC4,3,Lombardia,Lombardia,10060574,1645198,16.35,0.42
721,2021-05-21,LOM,93757,45200,48557,29111,64646,ITC,ITC4,3,Lombardia,Lombardia,10060574,1738955,17.28,0.93
722,2021-05-03,LOM,83654,39737,43917,71532,12122,ITC,ITC4,3,Lombardia,Lombardia,10060574,1822609,18.12,0.83
723,2021-01-23,LOM,1114,357,757,916,198,ITC,ITC4,3,Lombardia,Lombardia,10060574,1823723,18.13,0.01
724,2021-06-02,LOM,84621,43570,41051,78294,6327,ITC,ITC4,3,Lombardia,Lombardia,10060574,1908344,18.97,0.84
725,2021-03-11,LOM,36204,13472,22732,26299,9905,ITC,ITC4,3,Lombardia,Lombardia,10060574,1944548,19.33,0.36
726,2021-03-30,LOM,39539,15544,23995,24766,14773,ITC,ITC4,3,Lombardia,Lombardia,10060574,1984087,19.72,0.39
727,2021-05-17,LOM,94598,45331,49267,30208,64390,ITC,ITC4,3,Lombardia,Lombardia,10060574,2078685,20.66,0.94
728,2021-05-19,LOM,82754,39537,43217,33794,48960,ITC,ITC4,3,Lombardia,Lombardia,10060574,2161439,21.48,0.82
729,2021-02-08,LOM,10080,2918,7162,2130,7950,ITC,ITC4,3,Lombardia,Lombardia,10060574,2171519,21.58,0.1
730,2021-02-25,LOM,15256,6319,8937,13688,1568,ITC,ITC4,3,Lombardia,Lombardia,10060574,2186775,21.74,0.15
731,2021-02-06,LOM,15253,5536,9717,1014,14239,ITC,ITC4,3,Lombardia,Lombardia,10060574,2202028,21.89,0.15
732,2021-04-11,LOM,32195,13935,18260,24806,7389,ITC,ITC4,3,Lombardia,Lombardia,10060574,2234223,22.21,0.32
733,2021-01-01,LOM,24,7,17,24,0,ITC,ITC4,3,Lombardia,Lombardia,10060574,2234247,22.21,0.0
734,2021-06-07,LOM,98486,50174,48312,85202,13284,ITC,ITC4,3,Lombardia,Lombardia,10060574,2332733,23.19,0.98
735,2021-02-27,LOM,13944,5869,8075,13303,641,ITC,ITC4,3,Lombardia,Lombardia,10060574,2346677,23.33,0.14
736,2020-12-30,LOM,114,42,72,114,0,ITC,ITC4,3,Lombardia,Lombardia,10060574,2346791,23.33,0.0
737,2021-06-16,LOM,98270,49949,48321,50569,47701,ITC,ITC4,3,Lombardia,Lombardia,10060574,2445061,24.3,0.98
738,2021-03-06,LOM,21317,9092,12225,16805,4512,ITC,ITC4,3,Lombardia,Lombardia,10060574,2466378,24.52,0.21
739,2021-05-05,LOM,87882,41905,45977,72581,15301,ITC,ITC4,3,Lombardia,Lombardia,10060574,2554260,25.39,0.87
740,2021-01-18,LOM,9147,2969,6178,8172,975,ITC,ITC4,3,Lombardia,Lombardia,10060574,2563407,25.48,0.09
741,2021-03-23,LOM,42561,15461,27100,29702,12859,ITC,ITC4,3,Lombardia,Lombardia,10060574,2605968,25.9,0.42
742,2021-02-20,LOM,9335,3867,5468,9038,297,ITC,ITC4,3,Lombardia,Lombardia,10060574,2615303,26.0,0.09
743,2021-04-25,LOM,51493,23612,27881,46750,4743,ITC,ITC4,3,Lombardia,Lombardia,10060574,2666796,26.51,0.51
744,2021-04-06,LOM,43052,17581,25471,25118,17934,ITC,ITC4,3,Lombardia,Lombardia,10060574,2709848,26.94,0.43
745,2021-06-14,LOM,94059,47806,46253,49661,44398,ITC,ITC4,3,Lombardia,Lombardia,10060574,2803907,27.87,0.93
746,2021-06-12,LOM,88294,47549,40745,85249,3045,ITC,ITC4,3,Lombardia,Lombardia,10060574,2892201,28.75,0.88
747,2021-03-21,LOM,23507,8492,15015,18314,5193,ITC,ITC4,3,Lombardia,Lombardia,10060574,2915708,28.98,0.23
748,2021-02-13,LOM,6417,2441,3976,4941,1476,ITC,ITC4,3,Lombardia,Lombardia,10060574,2922125,29.05,0.06
749,2021-01-13,LOM,26358,8053,18305,26358,0,ITC,ITC4,3,Lombardia,Lombardia,10060574,2948483,29.31,0.26
750,2021-05-07,LOM,92220,43672,48548,69891,22329,ITC,ITC4,3,Lombardia,Lombardia,10060574,3040703,30.22,0.92
751,2021-03-18,LOM,27377,10951,16426,16146,11231,ITC,ITC4,3,Lombardia,Lombardia,10060574,3068080,30.5,0.27
752,2021-05-14,LOM,85850,41351,44499,55628,30222,ITC,ITC4,3,Lombardia,Lombardia,10060574,3153930,31.35,0.85
753,2021-01-06,LOM,7058,2491,4567,7058,0,ITC,ITC4,3,Lombardia,Lombardia,10060574,3160988,31.42,0.07
754,2021-05-18,LOM,88132,42132,46000,32601,55531,ITC,ITC4,3,Lombardia,Lombardia,10060574,3249120,32.3,0.88
755,2021-06-04,LOM,104330,54166,50164,94764,9566,ITC,ITC4,3,Lombardia,Lombardia,10060574,3353450,33.33,1.04
756,2021-02-24,LOM,14665,5925,8740,13733,932,ITC,ITC4,3,Lombardia,Lombardia,10060574,3368115,33.48,0.15
757,2021-05-16,LOM,68655,32494,36161,36484,32171,ITC,ITC4,3,Lombardia,Lombardia,10060574,3436770,34.16,0.68
758,2021-02-05,LOM,25683,7454,18229,2415,23268,ITC,ITC4,3,Lombardia,Lombardia,10060574,3462453,34.42,0.26
759,2021-02-22,LOM,11894,4807,7087,11589,305,ITC,ITC4,3,Lombardia,Lombardia,10060574,3474347,34.53,0.12
760,2021-05-02,LOM,83498,38332,45166,61036,22462,ITC,ITC4,3,Lombardia,Lombardia,10060574,3557845,35.36,0.83
761,2021-04-13,LOM,47588,21243,26345,33517,14071,ITC,ITC4,3,Lombardia,Lombardia,10060574,3605433,35.84,0.47
762,2021-04-30,LOM,117208,54776,62432,89730,27478,ITC,ITC4,3,Lombardia,Lombardia,10060574,3722641,37.0,1.17
763,2021-01-20,LOM,5663,1377,4286,5549,114,ITC,ITC4,3,Lombardia,Lombardia,10060574,3728304,37.06,0.06
764,2021-01-22,LOM,3117,867,2250,3048,69,ITC,ITC4,3,Lombardia,Lombardia,10060574,3731421,37.09,0.03
765,2021-06-09,LOM,102523,51674,50849,88267,14256,ITC,ITC4,3,Lombardia,Lombardia,10060574,3833944,38.11,1.02
766,2021-03-08,LOM,29714,11169,18545,22645,7069,ITC,ITC4,3,Lombardia,Lombardia,10060574,3863658,38.4,0.3
767,2021-05-04,LOM,86792,41067,45725,72410,14382,ITC,ITC4,3,Lombardia,Lombardia,10060574,3950450,39.27,0.86
768,2021-01-24,LOM,1199,457,742,536,663,ITC,ITC4,3,Lombardia,Lombardia,10060574,3951649,39.28,0.01
769,2021-01-25,LOM,7011,2367,4644,473,6538,ITC,ITC4,3,Lombardia,Lombardia,10060574,3958660,39.35,0.07
770,2021-02-01,LOM,16058,5319,10739,303,15755,ITC,ITC4,3,Lombardia,Lombardia,10060574,3974718,39.51,0.16
771,2021-04-03,LOM,36234,14859,21375,26147,10087,ITC,ITC4,3,Lombardia,Lombardia,10060574,4010952,39.87,0.36
772,2021-05-30,LOM,74365,35586,38779,34412,39953,ITC,ITC4,3,Lombardia,Lombardia,10060574,4085317,40.61,0.74
773,2021-04-18,LOM,36344,16204,20140,31114,5230,ITC,ITC4,3,Lombardia,Lombardia,10060574,4121661,40.97,0.36
774,2021-01-08,LOM,12698,3918,8780,12698,0,ITC,ITC4,3,Lombardia,Lombardia,10060574,4134359,41.09,0.13
775,2021-01-15,LOM,25204,7430,17774,25204,0,ITC,ITC4,3,Lombardia,Lombardia,10060574,4159563,41.35,0.25
776,2021-04-29,LOM,115451,53569,61882,85623,29828,ITC,ITC4,3,Lombardia,Lombardia,10060574,4275014,42.49,1.15
777,2021-04-20,LOM,67630,30819,36811,57295,10335,ITC,ITC4,3,Lombardia,Lombardia,10060574,4342644,43.16,0.67
778,2021-03-04,LOM,29303,12101,17202,20248,9055,ITC,ITC4,3,Lombardia,Lombardia,10060574,4371947,43.46,0.29
779,2021-03-22,LOM,40308,14293,26015,29769,10539,ITC,ITC4,3,Lombardia,Lombardia,10060574,4412255,43.86,0.4
780,2021-04-08,LOM,52298,21742,30556,35851,16447,ITC,ITC4,3,Lombardia,Lombardia,10060574,4464553,44.38,0.52
781,2020-12-29,LOM,104,44,60,104,0,ITC,ITC4,3,Lombardia,Lombardia,10060574,4464657,44.38,0.0
782,2021-04-22,LOM,73852,33360,40492,57534,16318,ITC,ITC4,3,Lombardia,Lombardia,10060574,4538509,45.11,0.73
783,2021-03-03,LOM,26956,11506,15450,19678,7278,ITC,ITC4,3,Lombardia,Lombardia,10060574,4565465,45.38,0.27
784,2021-02-10,LOM,14393,4503,9890,7576,6817,ITC,ITC4,3,Lombardia,Lombardia,10060574,4579858,45.52,0.14
785,2021-02-03,LOM,25634,7914,17720,1080,24554,ITC,ITC4,3,Lombardia,Lombardia,10060574,4605492,45.78,0.25
786,2021-04-01,LOM,42943,17221,25722,26745,16198,ITC,ITC4,3,Lombardia,Lombardia,10060574,4648435,46.2,0.43
787,2021-03-13,LOM,27165,9767,17398,21076,6089,ITC,ITC4,3,Lombardia,Lombardia,10060574,4675600,46.47,0.27
788,2021-05-01,LOM,95961,43669,52292,66755,29206,ITC,ITC4,3,Lombardia,Lombardia,10060574,4771561,47.43,0.95
789,2021-01-21,LOM,5317,1563,3754,4629,688,ITC,ITC4,3,Lombardia,Lombardia,10060574,4776878,47.48,0.05
790,2021-02-07,LOM,7308,2822,4486,338,6970,ITC,ITC4,3,Lombardia,Lombardia,10060574,4784186,47.55,0.07
791,2021-01-19,LOM,8051,2329,5722,7583,468,ITC,ITC4,3,Lombardia,Lombardia,10060574,4792237,47.63,0.08
792,2021-04-15,LOM,49412,21844,27568,35593,13819,ITC,ITC4,3,Lombardia,Lombardia,10060574,4841649,48.12,0.49
793,2021-01-05,LOM,7821,2567,5254,7821,0,ITC,ITC4,3,Lombardia,Lombardia,10060574,4849470,48.2,0.08
794,2021-03-27,LOM,32426,12370,20056,23722,8704,ITC,ITC4,3,Lombardia,Lombardia,10060574,4881896,48.53,0.32
795,2021-01-03,LOM,854,316,538,854,0,ITC,ITC4,3,Lombardia,Lombardia,10060574,4882750,48.53,0.01
796,2021-01-10,LOM,10513,3957,6556,10513,0,ITC,ITC4,3,Lombardia,Lombardia,10060574,4893263,48.64,0.1
797,2021-01-17,LOM,8336,3340,4996,8136,200,ITC,ITC4,3,Lombardia,Lombardia,10060574,4901599,48.72,0.08
798,2021-03-15,LOM,31545,11326,20219,23030,8515,ITC,ITC4,3,Lombardia,Lombardia,10060574,4933144,49.03,0.31
799,2021-04-27,LOM,85949,39960,45989,69411,16538,ITC,ITC4,3,Lombardia,Lombardia,10060574,5019093,49.89,0.85
800,2021-03-17,LOM,26252,10493,15759,15254,10998,ITC,ITC4,3,Lombardia,Lombardia,10060574,5045345,50.15,0.26
801,2021-03-01,LOM,18775,8227,10548,17070,1705,ITC,ITC4,3,Lombardia,Lombardia,10060574,5064120,50.34,0.19
802,2021-05-15,LOM,80886,38778,42108,47522,33364,ITC,ITC4,3,Lombardia,Lombardia,10060574,5145006,51.14,0.8
803,2021-05-13,LOM,87050,41732,45318,58282,28768,ITC,ITC4,3,Lombardia,Lombardia,10060574,5232056,52.01,0.87
804,2021-02-02,LOM,19865,6591,13274,497,19368,ITC,ITC4,3,Lombardia,Lombardia,10060574,5251921,52.2,0.2
805,2021-03-31,LOM,42028,17039,24989,26805,15223,ITC,ITC4,3,Lombardia,Lombardia,10060574,5293949,52.62,0.42
806,2021-05-23,LOM,60744,28920,31824,26794,33950,ITC,ITC4,3,Lombardia,Lombardia,10060574,5354693,53.22,0.6
807,2021-02-12,LOM,13954,4360,9594,9023,4931,ITC,ITC4,3,Lombardia,Lombardia,10060574,5368647,53.36,0.14
808,2021-04-10,LOM,52689,21824,30865,40735,11954,ITC,ITC4,3,Lombardia,Lombardia,10060574,5421336,53.89,0.52
809,2021-06-06,LOM,89789,46171,43618,80602,9187,ITC,ITC4,3,Lombardia,Lombardia,10060574,5511125,54.78,0.89
810,2021-01-07,LOM,11754,3634,8120,11754,0,ITC,ITC4,3,Lombardia,Lombardia,10060574,5522879,54.9,0.12
811,2021-06-01,LOM,93844,46048,47796,76833,17011,ITC,ITC4,3,Lombardia,Lombardia,10060574,5616723,55.83,0.93
812,2021-01-02,LOM,199,72,127,199,0,ITC,ITC4,3,Lombardia,Lombardia,10060574,5616922,55.83,0.0
813,2021-06-08,LOM,102250,51995,50255,88252,13998,ITC,ITC4,3,Lombardia,Lombardia,10060574,5719172,56.85,1.02
814,2021-02-28,LOM,7882,3253,4629,7672,210,ITC,ITC4,3,Lombardia,Lombardia,10060574,5727054,56.93,0.08
815,2021-04-26,LOM,87926,40918,47008,68769,19157,ITC,ITC4,3,Lombardia,Lombardia,10060574,5814980,57.8,0.87
816,2021-05-11,LOM,86821,41408,45413,60646,26175,ITC,ITC4,3,Lombardia,Lombardia,10060574,5901801,58.66,0.86
817,2021-05-28,LOM,93406,44763,48643,42922,50484,ITC,ITC4,3,Lombardia,Lombardia,10060574,5995207,59.59,0.93
818,2021-02-17,LOM,11985,3755,8230,10596,1389,ITC,ITC4,3,Lombardia,Lombardia,10060574,6007192,59.71,0.12
819,2021-06-11,LOM,100204,51008,49196,85859,14345,ITC,ITC4,3,Lombardia,Lombardia,10060574,6107396,60.71,1.0
820,2021-04-05,LOM,27377,11694,15683,19274,8103,ITC,ITC4,3,Lombardia,Lombardia,10060574,6134773,60.98,0.27
821,2021-06-03,LOM,96893,49612,47281,86186,10707,ITC,ITC4,3,Lombardia,Lombardia,10060574,6231666,61.94,0.96
822,2021-03-12,LOM,35259,12963,22296,25060,10199,ITC,ITC4,3,Lombardia,Lombardia,10060574,6266925,62.29,0.35
823,2021-03-29,LOM,40034,15537,24497,25204,14830,ITC,ITC4,3,Lombardia,Lombardia,10060574,6306959,62.69,0.4
824,2021-05-20,LOM,94343,45603,48740,31832,62511,ITC,ITC4,3,Lombardia,Lombardia,10060574,6401302,63.63,0.94
825,2021-03-24,LOM,43219,15600,27619,31342,11877,ITC,ITC4,3,Lombardia,Lombardia,10060574,6444521,64.06,0.43
826,2021-02-09,LOM,12205,3331,8874,4033,8172,ITC,ITC4,3,Lombardia,Lombardia,10060574,6456726,64.18,0.12
827,2021-02-19,LOM,14194,5393,8801,13483,711,ITC,ITC4,3,Lombardia,Lombardia,10060574,6470920,64.32,0.14
828,2021-04-17,LOM,48405,21260,27145,37637,10768,ITC,ITC4,3,Lombardia,Lombardia,10060574,6519325,64.8,0.48
829,2021-02-26,LOM,18363,7547,10816,16509,1854,ITC,ITC4,3,Lombardia,Lombardia,10060574,6537688,64.98,0.18
830,2020-12-31,LOM,713,301,412,713,0,ITC,ITC4,3,Lombardia,Lombardia,10060574,6538401,64.99,0.01
831,2021-03-10,LOM,33231,12709,20522,25372,7859,ITC,ITC4,3,Lombardia,Lombardia,10060574,6571632,65.32,0.33
832,2021-05-06,LOM,89766,42170,47596,73320,16446,ITC,ITC4,3,Lombardia,Lombardia,10060574,6661398,66.21,0.89
833,2021-01-26,LOM,8336,2704,5632,349,7987,ITC,ITC4,3,Lombardia,Lombardia,10060574,6669734,66.3,0.08
834,2021-04-12,LOM,47218,20572,26646,32884,14334,ITC,ITC4,3,Lombardia,Lombardia,10060574,6716952,66.77,0.47
835,2021-02-21,LOM,5050,1861,3189,5033,17,ITC,ITC4,3,Lombardia,Lombardia,10060574,6722002,66.82,0.05
836,2021-04-19,LOM,60088,27338,32750,50684,9404,ITC,ITC4,3,Lombardia,Lombardia,10060574,6782090,67.41,0.6
837,2021-06-15,LOM,95345,48547,46798,49536,45809,ITC,ITC4,3,Lombardia,Lombardia,10060574,6877435,68.36,0.95
838,2021-01-31,LOM,9732,3760,5972,29,9703,ITC,ITC4,3,Lombardia,Lombardia,10060574,6887167,68.46,0.1
839,2021-05-25,LOM,91057,43578,47479,44618,46439,ITC,ITC4,3,Lombardia,Lombardia,10060574,6978224,69.36,0.91
840,2021-02-14,LOM,3578,1545,2033,2943,635,ITC,ITC4,3,Lombardia,Lombardia,10060574,6981802,69.4,0.04
841,2021-01-12,LOM,20211,6695,13516,20211,0,ITC,ITC4,3,Lombardia,Lombardia,10060574,7002013,69.6,0.2
842,2021-05-26,LOM,93382,44537,48845,43565,49817,ITC,ITC4,3,Lombardia,Lombardia,10060574,7095395,70.53,0.93
843,2021-02-15,LOM,8940,3130,5810,8523,417,ITC,ITC4,3,Lombardia,Lombardia,10060574,7104335,70.62,0.09
844,2021-03-20,LOM,32501,12145,20356,22654,9847,ITC,ITC4,3,Lombardia,Lombardia,10060574,7136836,70.94,0.32
845,2020-12-27,LOM,717,413,304,717,0,ITC,ITC4,3,Lombardia,Lombardia,10060574,7137553,70.95,0.01
846,2021-05-09,LOM,69663,32871,36792,56428,13235,ITC,ITC4,3,Lombardia,Lombardia,10060574,7207216,71.64,0.69
847,2021-01-29,LOM,13475,4125,9350,685,12790,ITC,ITC4,3,Lombardia,Lombardia,10060574,7220691,71.77,0.13
848,2021-06-13,LOM,75201,40160,35041,73108,2093,ITC,ITC4,3,Lombardia,Lombardia,10060574,7295892,72.52,0.75
849,2021-03-05,LOM,28899,11918,16981,20497,8402,ITC,ITC4,3,Lombardia,Lombardia,10060574,7324791,72.81,0.29
850,2021-03-19,LOM,32414,12912,19502,19219,13195,ITC,ITC4,3,Lombardia,Lombardia,10060574,7357205,73.13,0.32
851,2021-05-27,LOM,94700,45389,49311,41362,53338,ITC,ITC4,3,Lombardia,Lombardia,10060574,7451905,74.07,0.94
852,2021-04-24,LOM,75744,33570,42174,54626,21118,ITC,ITC4,3,Lombardia,Lombardia,10060574,7527649,74.82,0.75
853,2021-01-14,LOM,26862,7788,19074,26862,0,ITC,ITC4,3,Lombardia,Lombardia,10060574,7554511,75.09,0.27
854,2021-05-08,LOM,87678,40745,46933,65668,22010,ITC,ITC4,3,Lombardia,Lombardia,10060574,7642189,75.96,0.87
855,2021-04-07,LOM,50558,20911,29647,34752,15806,ITC,ITC4,3,Lombardia,Lombardia,10060574,7692747,76.46,0.5
856,2021-04-11,SIC,15350,7581,7769,8320,7030,ITG,ITG1,19,Sicilia,Sicilia,4999891,15350,0.31,0.31
857,2020-12-30,SIC,181,106,75,181,0,ITG,ITG1,19,Sicilia,Sicilia,4999891,15531,0.31,0.0
858,2021-01-16,SIC,2462,1102,1360,2462,0,ITG,ITG1,19,Sicilia,Sicilia,4999891,17993,0.36,0.05
859,2021-04-09,SIC,20267,9875,10392,11192,9075,ITG,ITG1,19,Sicilia,Sicilia,4999891,38260,0.77,0.41
860,2021-03-23,SIC,20826,10005,10821,15312,5514,ITG,ITG1,19,Sicilia,Sicilia,4999891,59086,1.18,0.42
861,2020-12-28,SIC,211,126,85,211,0,ITG,ITG1,19,Sicilia,Sicilia,4999891,59297,1.19,0.0
862,2021-05-31,SIC,37851,17020,20831,21569,16282,ITG,ITG1,19,Sicilia,Sicilia,4999891,97148,1.94,0.76
863,2021-02-18,SIC,5276,3100,2176,4847,429,ITG,ITG1,19,Sicilia,Sicilia,4999891,102424,2.05,0.11
864,2021-03-02,SIC,14664,6303,8361,11892,2772,ITG,ITG1,19,Sicilia,Sicilia,4999891,117088,2.34,0.29
865,2021-01-04,SIC,8244,4118,4126,8244,0,ITG,ITG1,19,Sicilia,Sicilia,4999891,125332,2.51,0.16
866,2021-01-18,SIC,1438,583,855,1289,149,ITG,ITG1,19,Sicilia,Sicilia,4999891,126770,2.54,0.03
867,2021-04-28,SIC,29157,13678,15479,20130,9027,ITG,ITG1,19,Sicilia,Sicilia,4999891,155927,3.12,0.58
868,2021-02-23,SIC,8737,4626,4111,8219,518,ITG,ITG1,19,Sicilia,Sicilia,4999891,164664,3.29,0.17
869,2021-03-09,SIC,13082,5701,7381,10883,2199,ITG,ITG1,19,Sicilia,Sicilia,4999891,177746,3.55,0.26
870,2021-01-11,SIC,5758,2534,3224,5758,0,ITG,ITG1,19,Sicilia,Sicilia,4999891,183504,3.67,0.12
871,2021-01-30,SIC,7626,3496,4130,167,7459,ITG,ITG1,19,Sicilia,Sicilia,4999891,191130,3.82,0.15
872,2021-03-28,SIC,10955,5138,5817,6945,4010,ITG,ITG1,19,Sicilia,Sicilia,4999891,202085,4.04,0.22
873,2021-04-04,SIC,6824,3325,3499,5532,1292,ITG,ITG1,19,Sicilia,Sicilia,4999891,208909,4.18,0.14
874,2021-02-13,SIC,2976,1122,1854,2721,255,ITG,ITG1,19,Sicilia,Sicilia,4999891,211885,4.24,0.06
875,2021-05-24,SIC,35653,17264,18389,15703,19950,ITG,ITG1,19,Sicilia,Sicilia,4999891,247538,4.95,0.71
876,2021-05-17,SIC,31907,15379,16528,19230,12677,ITG,ITG1,19,Sicilia,Sicilia,4999891,279445,5.59,0.64
877,2021-03-21,SIC,15218,7341,7877,11248,3970,ITG,ITG1,19,Sicilia,Sicilia,4999891,294663,5.89,0.3
878,2021-02-06,SIC,4688,2089,2599,1464,3224,ITG,ITG1,19,Sicilia,Sicilia,4999891,299351,5.99,0.09
879,2021-02-04,SIC,6691,3043,3648,1452,5239,ITG,ITG1,19,Sicilia,Sicilia,4999891,306042,6.12,0.13
880,2021-06-07,SIC,49492,23343,26149,41614,7878,ITG,ITG1,19,Sicilia,Sicilia,4999891,355534,7.11,0.99
881,2021-01-25,SIC,7404,3671,3733,296,7108,ITG,ITG1,19,Sicilia,Sicilia,4999891,362938,7.26,0.15
882,2021-05-05,SIC,26237,12183,14054,16671,9566,ITG,ITG1,19,Sicilia,Sicilia,4999891,389175,7.78,0.52
883,2021-05-19,SIC,42616,20611,22005,28316,14300,ITG,ITG1,19,Sicilia,Sicilia,4999891,431791,8.64,0.85
884,2021-03-16,SIC,9559,4277,5282,3623,5936,ITG,ITG1,19,Sicilia,Sicilia,4999891,441350,8.83,0.19
885,2021-02-25,SIC,9866,5155,4711,8703,1163,ITG,ITG1,19,Sicilia,Sicilia,4999891,451216,9.02,0.2
886,2021-06-05,SIC,59869,28459,31410,49298,10571,ITG,ITG1,19,Sicilia,Sicilia,4999891,511085,10.22,1.2
887,2021-03-14,SIC,8773,3927,4846,4937,3836,ITG,ITG1,19,Sicilia,Sicilia,4999891,519858,10.4,0.18
888,2021-02-11,SIC,5235,2060,3175,4774,461,ITG,ITG1,19,Sicilia,Sicilia,4999891,525093,10.5,0.1
889,2021-04-23,SIC,28601,13702,14899,22787,5814,ITG,ITG1,19,Sicilia,Sicilia,4999891,553694,11.07,0.57
890,2021-04-30,SIC,34916,16303,18613,23937,10979,ITG,ITG1,19,Sicilia,Sicilia,4999891,588610,11.77,0.7
891,2021-03-04,SIC,15073,6571,8502,10955,4118,ITG,ITG1,19,Sicilia,Sicilia,4999891,603683,12.07,0.3
892,2021-06-12,SIC,44298,21673,22625,38525,5773,ITG,ITG1,19,Sicilia,Sicilia,4999891,647981,12.96,0.89
893,2021-06-16,SIC,39422,18363,21059,20992,18430,ITG,ITG1,19,Sicilia,Sicilia,4999891,687403,13.75,0.79
894,2021-03-25,SIC,20338,9452,10886,14873,5465,ITG,ITG1,19,Sicilia,Sicilia,4999891,707741,14.16,0.41
895,2021-03-06,SIC,12638,5058,7580,9856,2782,ITG,ITG1,19,Sicilia,Sicilia,4999891,720379,14.41,0.25
896,2021-06-14,SIC,42301,20118,22183,27618,14683,ITG,ITG1,19,Sicilia,Sicilia,4999891,762680,15.25,0.85
897,2021-05-28,SIC,51187,22949,28238,24717,26470,ITG,ITG1,19,Sicilia,Sicilia,4999891,813867,16.28,1.02
898,2021-05-12,SIC,36749,17307,19442,21886,14863,ITG,ITG1,19,Sicilia,Sicilia,4999891,850616,17.01,0.73
899,2021-04-08,SIC,16575,8208,8367,8122,8453,ITG,ITG1,19,Sicilia,Sicilia,4999891,867191,17.34,0.33
900,2021-02-20,SIC,7139,3692,3447,6897,242,ITG,ITG1,19,Sicilia,Sicilia,4999891,874330,17.49,0.14
901,2021-02-03,SIC,5919,2777,3142,721,5198,ITG,ITG1,19,Sicilia,Sicilia,4999891,880249,17.61,0.12
902,2021-04-27,SIC,26245,12641,13604,15524,10721,ITG,ITG1,19,Sicilia,Sicilia,4999891,906494,18.13,0.52
903,2021-05-14,SIC,52022,24375,27647,36320,15702,ITG,ITG1,19,Sicilia,Sicilia,4999891,958516,19.17,1.04
904,2021-06-04,SIC,57584,26622,30962,45781,11803,ITG,ITG1,19,Sicilia,Sicilia,4999891,1016100,20.32,1.15
905,2021-04-06,SIC,17680,8461,9219,13398,4282,ITG,ITG1,19,Sicilia,Sicilia,4999891,1033780,20.68,0.35
906,2021-02-22,SIC,7888,4091,3797,7398,490,ITG,ITG1,19,Sicilia,Sicilia,4999891,1041668,20.83,0.16
907,2020-12-27,SIC,92,55,37,92,0,ITG,ITG1,19,Sicilia,Sicilia,4999891,1041760,20.84,0.0
908,2021-06-02,SIC,35247,16288,18959,27476,7771,ITG,ITG1,19,Sicilia,Sicilia,4999891,1077007,21.54,0.7
909,2021-03-01,SIC,12691,6012,6679,11037,1654,ITG,ITG1,19,Sicilia,Sicilia,4999891,1089698,21.79,0.25
910,2021-05-16,SIC,33132,16135,16997,21810,11322,ITG,ITG1,19,Sicilia,Sicilia,4999891,1122830,22.46,0.66
911,2021-05-02,SIC,24619,11431,13188,18019,6600,ITG,ITG1,19,Sicilia,Sicilia,4999891,1147449,22.95,0.49
912,2021-03-20,SIC,18573,8967,9606,13436,5137,ITG,ITG1,19,Sicilia,Sicilia,4999891,1166022,23.32,0.37
913,2021-01-01,SIC,817,437,380,817,0,ITG,ITG1,19,Sicilia,Sicilia,4999891,1166839,23.34,0.02
914,2021-04-20,SIC,19088,9003,10085,13840,5248,ITG,ITG1,19,Sicilia,Sicilia,4999891,1185927,23.72,0.38
915,2021-02-27,SIC,12238,5502,6736,11034,1204,ITG,ITG1,19,Sicilia,Sicilia,4999891,1198165,23.96,0.24
916,2021-02-08,SIC,3882,1678,2204,2129,1753,ITG,ITG1,19,Sicilia,Sicilia,4999891,1202047,24.04,0.08
917,2021-01-22,SIC,1252,631,621,243,1009,ITG,ITG1,19,Sicilia,Sicilia,4999891,1203299,24.07,0.03
918,2021-01-08,SIC,8104,3775,4329,8104,0,ITG,ITG1,19,Sicilia,Sicilia,4999891,1211403,24.23,0.16
919,2021-04-18,SIC,19706,9849,9857,15346,4360,ITG,ITG1,19,Sicilia,Sicilia,4999891,1231109,24.62,0.39
920,2021-04-16,SIC,28554,14334,14220,20286,8268,ITG,ITG1,19,Sicilia,Sicilia,4999891,1259663,25.19,0.57
921,2021-01-23,SIC,4406,2268,2138,210,4196,ITG,ITG1,19,Sicilia,Sicilia,4999891,1264069,25.28,0.09
922,2021-01-06,SIC,6233,3281,2952,6233,0,ITG,ITG1,19,Sicilia,Sicilia,4999891,1270302,25.41,0.12
923,2021-04-02,SIC,13852,6531,7321,9119,4733,ITG,ITG1,19,Sicilia,Sicilia,4999891,1284154,25.68,0.28
924,2021-02-10,SIC,4355,1777,2578,3973,382,ITG,ITG1,19,Sicilia,Sicilia,4999891,1288509,25.77,0.09
925,2021-05-21,SIC,45757,21572,24185,24373,21384,ITG,ITG1,19,Sicilia,Sicilia,4999891,1334266,26.69,0.92
926,2021-04-01,SIC,14252,6615,7637,9588,4664,ITG,ITG1,19,Sicilia,Sicilia,4999891,1348518,26.97,0.29
927,2021-05-07,SIC,36519,17251,19268,24934,11585,ITG,ITG1,19,Sicilia,Sicilia,4999891,1385037,27.7,0.73
928,2021-03-11,SIC,15339,6620,8719,12969,2370,ITG,ITG1,19,Sicilia,Sicilia,4999891,1400376,28.01,0.31
929,2021-01-27,SIC,7278,3710,3568,178,7100,ITG,ITG1,19,Sicilia,Sicilia,4999891,1407654,28.15,0.15
930,2021-01-13,SIC,5121,2422,2699,5121,0,ITG,ITG1,19,Sicilia,Sicilia,4999891,1412775,28.26,0.1
931,2021-01-20,SIC,790,403,387,531,259,ITG,ITG1,19,Sicilia,Sicilia,4999891,1413565,28.27,0.02
932,2021-03-18,SIC,15284,7664,7620,9788,5496,ITG,ITG1,19,Sicilia,Sicilia,4999891,1428849,28.58,0.31
933,2021-02-19,SIC,4908,2648,2260,4343,565,ITG,ITG1,19,Sicilia,Sicilia,4999891,1433757,28.68,0.1
934,2021-03-08,SIC,13394,5865,7529,10781,2613,ITG,ITG1,19,Sicilia,Sicilia,4999891,1447151,28.94,0.27
935,2021-05-30,SIC,35766,16169,19597,17719,18047,ITG,ITG1,19,Sicilia,Sicilia,4999891,1482917,29.66,0.72
936,2021-05-13,SIC,47227,22148,25079,30731,16496,ITG,ITG1,19,Sicilia,Sicilia,4999891,1530144,30.6,0.94
937,2021-01-31,SIC,4031,1926,2105,112,3919,ITG,ITG1,19,Sicilia,Sicilia,4999891,1534175,30.68,0.08
938,2021-05-11,SIC,32274,15359,16915,19800,12474,ITG,ITG1,19,Sicilia,Sicilia,4999891,1566449,31.33,0.65
939,2021-02-17,SIC,5216,3203,2013,4547,669,ITG,ITG1,19,Sicilia,Sicilia,4999891,1571665,31.43,0.1
940,2021-01-15,SIC,4723,2058,2665,4723,0,ITG,ITG1,19,Sicilia,Sicilia,4999891,1576388,31.53,0.09
941,2021-04-25,SIC,21351,10183,11168,16375,4976,ITG,ITG1,19,Sicilia,Sicilia,4999891,1597739,31.96,0.43
942,2021-02-01,SIC,5889,2615,3274,293,5596,ITG,ITG1,19,Sicilia,Sicilia,4999891,1603628,32.07,0.12
943,2021-03-22,SIC,16571,7832,8739,11210,5361,ITG,ITG1,19,Sicilia,Sicilia,4999891,1620199,32.4,0.33
944,2020-12-29,SIC,241,150,91,241,0,ITG,ITG1,19,Sicilia,Sicilia,4999891,1620440,32.41,0.0
945,2021-06-13,SIC,33480,16639,16841,29994,3486,ITG,ITG1,19,Sicilia,Sicilia,4999891,1653920,33.08,0.67
946,2021-06-09,SIC,48997,23317,25680,41919,7078,ITG,ITG1,19,Sicilia,Sicilia,4999891,1702917,34.06,0.98
947,2021-01-19,SIC,1445,637,808,1227,218,ITG,ITG1,19,Sicilia,Sicilia,4999891,1704362,34.09,0.03
948,2021-06-11,SIC,48002,22873,25129,40515,7487,ITG,ITG1,19,Sicilia,Sicilia,4999891,1752364,35.05,0.96
949,2021-04-29,SIC,31571,14773,16798,22235,9336,ITG,ITG1,19,Sicilia,Sicilia,4999891,1783935,35.68,0.63
950,2021-03-03,SIC,14420,6431,7989,11357,3063,ITG,ITG1,19,Sicilia,Sicilia,4999891,1798355,35.97,0.29
951,2021-05-09,SIC,28076,13136,14940,19807,8269,ITG,ITG1,19,Sicilia,Sicilia,4999891,1826431,36.53,0.56
952,2021-02-05,SIC,6734,2978,3756,2125,4609,ITG,ITG1,19,Sicilia,Sicilia,4999891,1833165,36.66,0.13
953,2021-04-03,SIC,16393,7803,8590,13557,2836,ITG,ITG1,19,Sicilia,Sicilia,4999891,1849558,36.99,0.33
954,2021-02-15,SIC,3730,1733,1997,3166,564,ITG,ITG1,19,Sicilia,Sicilia,4999891,1853288,37.07,0.07
955,2021-05-26,SIC,44551,20855,23696,24077,20474,ITG,ITG1,19,Sicilia,Sicilia,4999891,1897839,37.96,0.89
956,2021-01-03,SIC,4715,2467,2248,4715,0,ITG,ITG1,19,Sicilia,Sicilia,4999891,1902554,38.05,0.09
957,2021-04-13,SIC,19685,9586,10099,10934,8751,ITG,ITG1,19,Sicilia,Sicilia,4999891,1922239,38.45,0.39
958,2021-01-10,SIC,3533,1578,1955,3533,0,ITG,ITG1,19,Sicilia,Sicilia,4999891,1925772,38.52,0.07
959,2021-01-05,SIC,10286,5051,5235,10286,0,ITG,ITG1,19,Sicilia,Sicilia,4999891,1936058,38.72,0.21
960,2021-04-15,SIC,21051,10261,10790,11718,9333,ITG,ITG1,19,Sicilia,Sicilia,4999891,1957109,39.14,0.42
961,2021-01-24,SIC,4311,2253,2058,136,4175,ITG,ITG1,19,Sicilia,Sicilia,4999891,1961420,39.23,0.09
962,2021-05-04,SIC,26780,12466,14314,17536,9244,ITG,ITG1,19,Sicilia,Sicilia,4999891,1988200,39.76,0.54
963,2021-02-07,SIC,2327,984,1343,674,1653,ITG,ITG1,19,Sicilia,Sicilia,4999891,1990527,39.81,0.05
964,2021-05-18,SIC,36087,17344,18743,23562,12525,ITG,ITG1,19,Sicilia,Sicilia,4999891,2026614,40.53,0.72
965,2021-05-25,SIC,33401,15282,18119,14102,19299,ITG,ITG1,19,Sicilia,Sicilia,4999891,2060015,41.2,0.67
966,2021-03-29,SIC,14979,7059,7920,10482,4497,ITG,ITG1,19,Sicilia,Sicilia,4999891,2074994,41.5,0.3
967,2021-04-24,SIC,31111,14689,16422,23500,7611,ITG,ITG1,19,Sicilia,Sicilia,4999891,2106105,42.12,0.62
968,2021-04-26,SIC,21729,10282,11447,13655,8074,ITG,ITG1,19,Sicilia,Sicilia,4999891,2127834,42.56,0.43
969,2021-02-02,SIC,5272,2472,2800,629,4643,ITG,ITG1,19,Sicilia,Sicilia,4999891,2133106,42.66,0.11
970,2021-04-10,SIC,20401,9958,10443,11438,8963,ITG,ITG1,19,Sicilia,Sicilia,4999891,2153507,43.07,0.41
971,2021-01-17,SIC,1303,590,713,1245,58,ITG,ITG1,19,Sicilia,Sicilia,4999891,2154810,43.1,0.03
972,2021-03-05,SIC,15664,6769,8895,11429,4235,ITG,ITG1,19,Sicilia,Sicilia,4999891,2170474,43.41,0.31
973,2021-02-16,SIC,4276,2258,2018,3732,544,ITG,ITG1,19,Sicilia,Sicilia,4999891,2174750,43.5,0.09
974,2021-04-22,SIC,26862,12666,14196,20404,6458,ITG,ITG1,19,Sicilia,Sicilia,4999891,2201612,44.03,0.54
975,2021-03-10,SIC,13860,6059,7801,11677,2183,ITG,ITG1,19,Sicilia,Sicilia,4999891,2215472,44.31,0.28
976,2021-01-12,SIC,4298,2104,2194,4298,0,ITG,ITG1,19,Sicilia,Sicilia,4999891,2219770,44.4,0.09
977,2021-05-15,SIC,56477,26388,30089,41232,15245,ITG,ITG1,19,Sicilia,Sicilia,4999891,2276247,45.53,1.13
978,2021-03-19,SIC,16213,7984,8229,10732,5481,ITG,ITG1,19,Sicilia,Sicilia,4999891,2292460,45.85,0.32
979,2021-02-24,SIC,9307,4760,4547,8747,560,ITG,ITG1,19,Sicilia,Sicilia,4999891,2301767,46.04,0.19
980,2021-01-21,SIC,1426,700,726,501,925,ITG,ITG1,19,Sicilia,Sicilia,4999891,2303193,46.06,0.03
981,2021-05-01,SIC,24431,11305,13126,19276,5155,ITG,ITG1,19,Sicilia,Sicilia,4999891,2327624,46.55,0.49
982,2021-05-10,SIC,28248,13578,14670,16157,12091,ITG,ITG1,19,Sicilia,Sicilia,4999891,2355872,47.12,0.56
983,2021-03-26,SIC,17805,8278,9527,12375,5430,ITG,ITG1,19,Sicilia,Sicilia,4999891,2373677,47.47,0.36
984,2021-03-27,SIC,15588,7352,8236,10736,4852,ITG,ITG1,19,Sicilia,Sicilia,4999891,2389265,47.79,0.31
985,2021-01-29,SIC,9122,4228,4894,425,8697,ITG,ITG1,19,Sicilia,Sicilia,4999891,2398387,47.97,0.18
986,2021-02-12,SIC,4585,1810,2775,4319,266,ITG,ITG1,19,Sicilia,Sicilia,4999891,2402972,48.06,0.09
987,2021-05-23,SIC,34098,16595,17503,20071,14027,ITG,ITG1,19,Sicilia,Sicilia,4999891,2437070,48.74,0.68
988,2021-06-10,SIC,50869,23888,26981,43816,7053,ITG,ITG1,19,Sicilia,Sicilia,4999891,2487939,49.76,1.02
989,2021-05-27,SIC,47417,21766,25651,24858,22559,ITG,ITG1,19,Sicilia,Sicilia,4999891,2535356,50.71,0.95
990,2021-04-14,SIC,20116,9724,10392,11420,8696,ITG,ITG1,19,Sicilia,Sicilia,4999891,2555472,51.11,0.4
991,2021-06-01,SIC,38729,17623,21106,24964,13765,ITG,ITG1,19,Sicilia,Sicilia,4999891,2594201,51.89,0.77
992,2021-04-05,SIC,8023,3958,4065,6583,1440,ITG,ITG1,19,Sicilia,Sicilia,4999891,2602224,52.05,0.16
993,2021-04-12,SIC,18786,9123,9663,11535,7251,ITG,ITG1,19,Sicilia,Sicilia,4999891,2621010,52.42,0.38
994,2021-02-14,SIC,1055,402,653,915,140,ITG,ITG1,19,Sicilia,Sicilia,4999891,2622065,52.44,0.02
995,2021-01-02,SIC,4840,2519,2321,4840,0,ITG,ITG1,19,Sicilia,Sicilia,4999891,2626905,52.54,0.1
996,2021-03-15,SIC,10612,4686,5926,5720,4892,ITG,ITG1,19,Sicilia,Sicilia,4999891,2637517,52.75,0.21
997,2021-06-17,SIC,40259,18698,21561,19616,20643,ITG,ITG1,19,Sicilia,Sicilia,4999891,2677776,53.56,0.81
998,2020-12-31,SIC,885,472,413,885,0,ITG,ITG1,19,Sicilia,Sicilia,4999891,2678661,53.57,0.02
999,2021-03-07,SIC,9261,3454,5807,8178,1083,ITG,ITG1,19,Sicilia,Sicilia,4999891,2687922,53.76,0.19
1000,2021-06-15,SIC,44832,21154,23678,27753,17079,ITG,ITG1,19,Sicilia,Sicilia,4999891,2732754,54.66,0.9
1001,2021-03-24,SIC,20874,9801,11073,15213,5661,ITG,ITG1,19,Sicilia,Sicilia,4999891,2753628,55.07,0.42
1002,2021-05-29,SIC,47148,21454,25694,23958,23190,ITG,ITG1,19,Sicilia,Sicilia,4999891,2800776,56.02,0.94
1003,2021-01-14,SIC,5027,2384,2643,5027,0,ITG,ITG1,19,Sicilia,Sicilia,4999891,2805803,56.12,0.1
1004,2021-03-12,SIC,12773,5491,7282,10778,1995,ITG,ITG1,19,Sicilia,Sicilia,4999891,2818576,56.37,0.26
1005,2021-04-21,SIC,22387,10742,11645,16279,6108,ITG,ITG1,19,Sicilia,Sicilia,4999891,2840963,56.82,0.45
1006,2021-04-07,SIC,15413,7598,7815,8303,7110,ITG,ITG1,19,Sicilia,Sicilia,4999891,2856376,57.13,0.31
1007,2021-06-03,SIC,45745,20972,24773,34249,11496,ITG,ITG1,19,Sicilia,Sicilia,4999891,2902121,58.04,0.91
1008,2021-01-28,SIC,9039,4274,4765,394,8645,ITG,ITG1,19,Sicilia,Sicilia,4999891,2911160,58.22,0.18
1009,2021-05-08,SIC,35572,17006,18566,25318,10254,ITG,ITG1,19,Sicilia,Sicilia,4999891,2946732,58.94,0.71
1010,2021-01-26,SIC,9229,4558,4671,257,8972,ITG,ITG1,19,Sicilia,Sicilia,4999891,2955961,59.12,0.18
1011,2021-02-21,SIC,5168,2501,2667,5062,106,ITG,ITG1,19,Sicilia,Sicilia,4999891,2961129,59.22,0.1
1012,2021-05-22,SIC,47981,22783,25198,28646,19335,ITG,ITG1,19,Sicilia,Sicilia,4999891,3009110,60.18,0.96
1013,2021-02-28,SIC,7163,3062,4101,6533,630,ITG,ITG1,19,Sicilia,Sicilia,4999891,3016273,60.33,0.14
1014,2021-06-08,SIC,47469,22304,25165,40951,6518,ITG,ITG1,19,Sicilia,Sicilia,4999891,3063742,61.28,0.95
1015,2021-01-09,SIC,7119,3350,3769,7119,0,ITG,ITG1,19,Sicilia,Sicilia,4999891,3070861,61.42,0.14
1016,2021-05-03,SIC,23332,10801,12531,13545,9787,ITG,ITG1,19,Sicilia,Sicilia,4999891,3094193,61.89,0.47
1017,2021-04-19,SIC,18242,8638,9604,12663,5579,ITG,ITG1,19,Sicilia,Sicilia,4999891,3112435,62.25,0.36
1018,2021-03-30,SIC,14510,6749,7761,9746,4764,ITG,ITG1,19,Sicilia,Sicilia,4999891,3126945,62.54,0.29
1019,2021-03-13,SIC,12208,5386,6822,7717,4491,ITG,ITG1,19,Sicilia,Sicilia,4999891,3139153,62.78,0.24
1020,2021-04-17,SIC,26035,13154,12881,18969,7066,ITG,ITG1,19,Sicilia,Sicilia,4999891,3165188,63.31,0.52
1021,2021-03-17,SIC,14878,7353,7525,9187,5691,ITG,ITG1,19,Sicilia,Sicilia,4999891,3180066,63.6,0.3
1022,2021-06-06,SIC,49496,23905,25591,41676,7820,ITG,ITG1,19,Sicilia,Sicilia,4999891,3229562,64.59,0.99
1023,2021-02-26,SIC,11883,5811,6072,10202,1681,ITG,ITG1,19,Sicilia,Sicilia,4999891,3241445,64.83,0.24
1024,2021-05-06,SIC,29219,13925,15294,18505,10714,ITG,ITG1,19,Sicilia,Sicilia,4999891,3270664,65.41,0.58
1025,2021-03-31,SIC,14399,6673,7726,9467,4932,ITG,ITG1,19,Sicilia,Sicilia,4999891,3285063,65.7,0.29
1026,2021-01-07,SIC,8910,4122,4788,8910,0,ITG,ITG1,19,Sicilia,Sicilia,4999891,3293973,65.88,0.18
1027,2021-02-09,SIC,4351,1801,2550,3316,1035,ITG,ITG1,19,Sicilia,Sicilia,4999891,3298324,65.97,0.09
1028,2021-05-20,SIC,43469,20793,22676,27616,15853,ITG,ITG1,19,Sicilia,Sicilia,4999891,3341793,66.84,0.87
1029,2021-05-22,TOS,26002,12651,13351,21724,4278,ITI,ITI1,9,Toscana,Toscana,3729641,26002,0.7,0.7
1030,2021-05-05,TOS,30119,13441,16678,15646,14473,ITI,ITI1,9,Toscana,Toscana,3729641,56121,1.5,0.81
1031,2021-02-28,TOS,1649,667,982,922,727,ITI,ITI1,9,Toscana,Toscana,3729641,57770,1.55,0.04
1032,2021-02-11,TOS,5383,2021,3362,5141,242,ITI,ITI1,9,Toscana,Toscana,3729641,63153,1.69,0.14
1033,2021-02-09,TOS,4488,1468,3020,3877,611,ITI,ITI1,9,Toscana,Toscana,3729641,67641,1.81,0.12
1034,2021-04-02,TOS,31969,13558,18411,23944,8025,ITI,ITI1,9,Toscana,Toscana,3729641,99610,2.67,0.86
1035,2021-01-09,TOS,4485,1596,2889,4485,0,ITI,ITI1,9,Toscana,Toscana,3729641,104095,2.79,0.12
1036,2021-05-17,TOS,29676,14800,14876,20809,8867,ITI,ITI1,9,Toscana,Toscana,3729641,133771,3.59,0.8
1037,2021-03-21,TOS,3293,1627,1666,1860,1433,ITI,ITI1,9,Toscana,Toscana,3729641,137064,3.67,0.09
1038,2021-01-23,TOS,3966,1360,2606,640,3326,ITI,ITI1,9,Toscana,Toscana,3729641,141030,3.78,0.11
1039,2021-05-03,TOS,11933,5510,6423,10615,1318,ITI,ITI1,9,Toscana,Toscana,3729641,152963,4.1,0.32
1040,2021-06-05,TOS,28406,13588,14818,20797,7609,ITI,ITI1,9,Toscana,Toscana,3729641,181369,4.86,0.76
1041,2021-01-11,TOS,5094,1691,3403,5094,0,ITI,ITI1,9,Toscana,Toscana,3729641,186463,5.0,0.14
1042,2021-04-21,TOS,29603,12665,16938,17518,12085,ITI,ITI1,9,Toscana,Toscana,3729641,216066,5.79,0.79
1043,2021-02-23,TOS,7721,3324,4397,7560,161,ITI,ITI1,9,Toscana,Toscana,3729641,223787,6.0,0.21
1044,2021-06-03,TOS,31969,15403,16566,27430,4539,ITI,ITI1,9,Toscana,Toscana,3729641,255756,6.86,0.86
1045,2021-04-07,TOS,35813,15455,20358,28565,7248,ITI,ITI1,9,Toscana,Toscana,3729641,291569,7.82,0.96
1046,2021-06-12,TOS,29308,15110,14198,24967,4341,ITI,ITI1,9,Toscana,Toscana,3729641,320877,8.6,0.79
1047,2021-04-16,TOS,28954,12888,16066,22047,6907,ITI,ITI1,9,Toscana,Toscana,3729641,349831,9.38,0.78
1048,2021-03-02,TOS,10599,3799,6800,7155,3444,ITI,ITI1,9,Toscana,Toscana,3729641,360430,9.66,0.28
1049,2021-01-16,TOS,3271,1046,2225,3271,0,ITI,ITI1,9,Toscana,Toscana,3729641,363701,9.75,0.09
1050,2021-04-26,TOS,10151,4943,5208,7598,2553,ITI,ITI1,9,Toscana,Toscana,3729641,373852,10.02,0.27
1051,2021-01-02,TOS,3497,1096,2401,3497,0,ITI,ITI1,9,Toscana,Toscana,3729641,377349,10.12,0.09
1052,2021-03-07,TOS,5647,2357,3290,2104,3543,ITI,ITI1,9,Toscana,Toscana,3729641,382996,10.27,0.15
1053,2021-03-26,TOS,20667,9383,11284,14900,5767,ITI,ITI1,9,Toscana,Toscana,3729641,403663,10.82,0.55
1054,2021-03-09,TOS,11127,4565,6562,5575,5552,ITI,ITI1,9,Toscana,Toscana,3729641,414790,11.12,0.3
1055,2021-04-09,TOS,24594,10579,14015,21184,3410,ITI,ITI1,9,Toscana,Toscana,3729641,439384,11.78,0.66
1056,2021-06-17,TOS,30834,15755,15079,25768,5066,ITI,ITI1,9,Toscana,Toscana,3729641,470218,12.61,0.83
1057,2021-02-04,TOS,4253,1594,2659,961,3292,ITI,ITI1,9,Toscana,Toscana,3729641,474471,12.72,0.11
1058,2021-05-15,TOS,29336,13846,15490,23561,5775,ITI,ITI1,9,Toscana,Toscana,3729641,503807,13.51,0.79
1059,2021-04-28,TOS,19119,8182,10937,3831,15288,ITI,ITI1,9,Toscana,Toscana,3729641,522926,14.02,0.51
1060,2021-01-28,TOS,6282,1882,4400,354,5928,ITI,ITI1,9,Toscana,Toscana,3729641,529208,14.19,0.17
1061,2021-03-19,TOS,10143,4460,5683,7275,2868,ITI,ITI1,9,Toscana,Toscana,3729641,539351,14.46,0.27
1062,2021-01-21,TOS,1589,686,903,867,722,ITI,ITI1,9,Toscana,Toscana,3729641,540940,14.5,0.04
1063,2021-06-10,TOS,26298,13480,12818,25787,511,ITI,ITI1,9,Toscana,Toscana,3729641,567238,15.21,0.71
1064,2021-05-24,TOS,33708,16696,17012,24140,9568,ITI,ITI1,9,Toscana,Toscana,3729641,600946,16.11,0.9
1065,2021-01-25,TOS,5127,1896,3231,248,4879,ITI,ITI1,9,Toscana,Toscana,3729641,606073,16.25,0.14
1066,2021-04-18,TOS,8357,4090,4267,7342,1015,ITI,ITI1,9,Toscana,Toscana,3729641,614430,16.47,0.22
1067,2021-05-07,TOS,32112,14687,17425,12002,20110,ITI,ITI1,9,Toscana,Toscana,3729641,646542,17.34,0.86
1068,2021-03-18,TOS,9979,3984,5995,6007,3972,ITI,ITI1,9,Toscana,Toscana,3729641,656521,17.6,0.27
1069,2021-06-09,TOS,34694,17488,17206,34273,421,ITI,ITI1,9,Toscana,Toscana,3729641,691215,18.53,0.93
1070,2021-04-04,TOS,13914,6604,7310,13661,253,ITI,ITI1,9,Toscana,Toscana,3729641,705129,18.91,0.37
1071,2021-03-16,TOS,4899,1882,3017,2648,2251,ITI,ITI1,9,Toscana,Toscana,3729641,710028,19.04,0.13
1072,2021-02-27,TOS,1984,756,1228,1082,902,ITI,ITI1,9,Toscana,Toscana,3729641,712012,19.09,0.05
1073,2021-02-16,TOS,9280,3340,5940,8559,721,ITI,ITI1,9,Toscana,Toscana,3729641,721292,19.34,0.25
1074,2021-05-02,TOS,11167,4931,6236,9204,1963,ITI,ITI1,9,Toscana,Toscana,3729641,732459,19.64,0.3
1075,2021-02-25,TOS,10633,4306,6327,9635,998,ITI,ITI1,9,Toscana,Toscana,3729641,743092,19.92,0.29
1076,2021-01-20,TOS,1331,637,694,1083,248,ITI,ITI1,9,Toscana,Toscana,3729641,744423,19.96,0.04
1077,2021-04-30,TOS,40186,17778,22408,20333,19853,ITI,ITI1,9,Toscana,Toscana,3729641,784609,21.04,1.08
1078,2021-04-25,TOS,11054,5248,5806,8917,2137,ITI,ITI1,9,Toscana,Toscana,3729641,795663,21.33,0.3
1079,2021-03-28,TOS,6212,2808,3404,5958,254,ITI,ITI1,9,Toscana,Toscana,3729641,801875,21.5,0.17
1080,2021-01-30,TOS,4622,1622,3000,198,4424,ITI,ITI1,9,Toscana,Toscana,3729641,806497,21.62,0.12
1081,2021-05-10,TOS,26184,12383,13801,15566,10618,ITI,ITI1,9,Toscana,Toscana,3729641,832681,22.33,0.7
1082,2021-03-14,TOS,7174,2569,4605,3239,3935,ITI,ITI1,9,Toscana,Toscana,3729641,839855,22.52,0.19
1083,2021-02-06,TOS,4527,1550,2977,1294,3233,ITI,ITI1,9,Toscana,Toscana,3729641,844382,22.64,0.12
1084,2021-01-04,TOS,5065,1894,3171,5065,0,ITI,ITI1,9,Toscana,Toscana,3729641,849447,22.78,0.14
1085,2021-04-14,TOS,20168,8336,11832,15061,5107,ITI,ITI1,9,Toscana,Toscana,3729641,869615,23.32,0.54
1086,2021-06-14,TOS,31759,16303,15456,27665,4094,ITI,ITI1,9,Toscana,Toscana,3729641,901374,24.17,0.85
1087,2021-03-04,TOS,17847,6950,10897,14765,3082,ITI,ITI1,9,Toscana,Toscana,3729641,919221,24.65,0.48
1088,2021-01-06,TOS,4520,1460,3060,4520,0,ITI,ITI1,9,Toscana,Toscana,3729641,923741,24.77,0.12
1089,2021-02-20,TOS,4640,1789,2851,4127,513,ITI,ITI1,9,Toscana,Toscana,3729641,928381,24.89,0.12
1090,2021-05-31,TOS,30255,14593,15662,19444,10811,ITI,ITI1,9,Toscana,Toscana,3729641,958636,25.7,0.81
1091,2021-05-14,TOS,33294,15393,17901,20644,12650,ITI,ITI1,9,Toscana,Toscana,3729641,991930,26.6,0.89
1092,2021-02-18,TOS,8822,3284,5538,7926,896,ITI,ITI1,9,Toscana,Toscana,3729641,1000752,26.83,0.24
1093,2021-05-29,TOS,31540,15249,16291,23389,8151,ITI,ITI1,9,Toscana,Toscana,3729641,1032292,27.68,0.85
1094,2021-03-23,TOS,9397,4375,5022,7122,2275,ITI,ITI1,9,Toscana,Toscana,3729641,1041689,27.93,0.25
1095,2020-12-30,TOS,327,104,223,327,0,ITI,ITI1,9,Toscana,Toscana,3729641,1042016,27.94,0.01
1096,2021-05-12,TOS,34170,15563,18607,14164,20006,ITI,ITI1,9,Toscana,Toscana,3729641,1076186,28.85,0.92
1097,2021-01-18,TOS,1119,636,483,1021,98,ITI,ITI1,9,Toscana,Toscana,3729641,1077305,28.88,0.03
1098,2021-06-02,TOS,27568,13607,13961,22064,5504,ITI,ITI1,9,Toscana,Toscana,3729641,1104873,29.62,0.74
1099,2021-04-06,TOS,22214,9815,12399,18500,3714,ITI,ITI1,9,Toscana,Toscana,3729641,1127087,30.22,0.6
1100,2021-02-08,TOS,4097,1360,2737,3638,459,ITI,ITI1,9,Toscana,Toscana,3729641,1131184,30.33,0.11
1101,2021-05-19,TOS,27915,13556,14359,18883,9032,ITI,ITI1,9,Toscana,Toscana,3729641,1159099,31.08,0.75
1102,2021-04-13,TOS,8487,3506,4981,6030,2457,ITI,ITI1,9,Toscana,Toscana,3729641,1167586,31.31,0.23
1103,2021-05-26,TOS,35533,17065,18468,20382,15151,ITI,ITI1,9,Toscana,Toscana,3729641,1203119,32.26,0.95
1104,2021-03-30,TOS,17017,7641,9376,13454,3563,ITI,ITI1,9,Toscana,Toscana,3729641,1220136,32.71,0.46
1105,2021-02-13,TOS,7785,2360,5425,7558,227,ITI,ITI1,9,Toscana,Toscana,3729641,1227921,32.92,0.21
1106,2021-01-08,TOS,5947,1643,4304,5947,0,ITI,ITI1,9,Toscana,Toscana,3729641,1233868,33.08,0.16
1107,2021-04-01,TOS,27024,11205,15819,16392,10632,ITI,ITI1,9,Toscana,Toscana,3729641,1260892,33.81,0.72
1108,2021-03-15,TOS,8696,3643,5053,4253,4443,ITI,ITI1,9,Toscana,Toscana,3729641,1269588,34.04,0.23
1109,2021-06-07,TOS,34794,17040,17754,31189,3605,ITI,ITI1,9,Toscana,Toscana,3729641,1304382,34.97,0.93
1110,2021-05-21,TOS,28865,13442,15423,17462,11403,ITI,ITI1,9,Toscana,Toscana,3729641,1333247,35.75,0.77
1111,2021-03-01,TOS,4473,1733,2740,832,3641,ITI,ITI1,9,Toscana,Toscana,3729641,1337720,35.87,0.12
1112,2021-01-13,TOS,4062,1398,2664,4062,0,ITI,ITI1,9,Toscana,Toscana,3729641,1341782,35.98,0.11
1113,2021-04-23,TOS,25682,11431,14251,9364,16318,ITI,ITI1,9,Toscana,Toscana,3729641,1367464,36.66,0.69
1114,2021-03-20,TOS,6585,2977,3608,5449,1136,ITI,ITI1,9,Toscana,Toscana,3729641,1374049,36.84,0.18
1115,2021-01-22,TOS,2866,1064,1802,528,2338,ITI,ITI1,9,Toscana,Toscana,3729641,1376915,36.92,0.08
1116,2021-06-11,TOS,29622,15401,14221,25020,4602,ITI,ITI1,9,Toscana,Toscana,3729641,1406537,37.71,0.79
1117,2021-04-15,TOS,24401,10196,14205,15865,8536,ITI,ITI1,9,Toscana,Toscana,3729641,1430938,38.37,0.65
1118,2021-02-17,TOS,8175,3169,5006,7423,752,ITI,ITI1,9,Toscana,Toscana,3729641,1439113,38.59,0.22
1119,2021-05-28,TOS,30061,13905,16156,17622,12439,ITI,ITI1,9,Toscana,Toscana,3729641,1469174,39.39,0.81
1120,2021-04-22,TOS,35727,15304,20423,18287,17440,ITI,ITI1,9,Toscana,Toscana,3729641,1504901,40.35,0.96
1121,2021-03-11,TOS,15882,6337,9545,12554,3328,ITI,ITI1,9,Toscana,Toscana,3729641,1520783,40.78,0.43
1122,2021-02-05,TOS,5750,2246,3504,1924,3826,ITI,ITI1,9,Toscana,Toscana,3729641,1526533,40.93,0.15
1123,2021-05-16,TOS,26663,12879,13784,24202,2461,ITI,ITI1,9,Toscana,Toscana,3729641,1553196,41.64,0.71
1124,2021-05-11,TOS,27940,12981,14959,12482,15458,ITI,ITI1,9,Toscana,Toscana,3729641,1581136,42.39,0.75
1125,2021-02-01,TOS,5509,1958,3551,521,4988,ITI,ITI1,9,Toscana,Toscana,3729641,1586645,42.54,0.15
1126,2021-04-27,TOS,10350,4912,5438,3866,6484,ITI,ITI1,9,Toscana,Toscana,3729641,1596995,42.82,0.28
1127,2020-12-27,TOS,620,267,353,620,0,ITI,ITI1,9,Toscana,Toscana,3729641,1597615,42.84,0.02
1128,2021-01-03,TOS,3336,1052,2284,3336,0,ITI,ITI1,9,Toscana,Toscana,3729641,1600951,42.93,0.09
1129,2021-02-15,TOS,8771,3376,5395,7945,826,ITI,ITI1,9,Toscana,Toscana,3729641,1609722,43.16,0.24
1130,2021-02-22,TOS,9817,4253,5564,9540,277,ITI,ITI1,9,Toscana,Toscana,3729641,1619539,43.42,0.26
1131,2021-01-10,TOS,3001,1104,1897,3001,0,ITI,ITI1,9,Toscana,Toscana,3729641,1622540,43.5,0.08
1132,2021-04-20,TOS,18157,8110,10047,12601,5556,ITI,ITI1,9,Toscana,Toscana,3729641,1640697,43.99,0.49
1133,2021-04-03,TOS,15012,6646,8366,13886,1126,ITI,ITI1,9,Toscana,Toscana,3729641,1655709,44.39,0.4
1134,2021-01-27,TOS,4835,1573,3262,206,4629,ITI,ITI1,9,Toscana,Toscana,3729641,1660544,44.52,0.13
1135,2021-03-17,TOS,11420,4586,6834,6892,4528,ITI,ITI1,9,Toscana,Toscana,3729641,1671964,44.83,0.31
1136,2021-06-08,TOS,32462,16614,15848,32030,432,ITI,ITI1,9,Toscana,Toscana,3729641,1704426,45.7,0.87
1137,2021-02-26,TOS,10080,3834,6246,8874,1206,ITI,ITI1,9,Toscana,Toscana,3729641,1714506,45.97,0.27
1138,2021-06-06,TOS,28293,13648,14645,22938,5355,ITI,ITI1,9,Toscana,Toscana,3729641,1742799,46.73,0.76
1139,2021-05-23,TOS,28376,13646,14730,25811,2565,ITI,ITI1,9,Toscana,Toscana,3729641,1771175,47.49,0.76
1140,2021-02-10,TOS,4263,1281,2982,3740,523,ITI,ITI1,9,Toscana,Toscana,3729641,1775438,47.6,0.11
1141,2021-05-04,TOS,18302,8208,10094,12855,5447,ITI,ITI1,9,Toscana,Toscana,3729641,1793740,48.09,0.49
1142,2021-02-12,TOS,7606,2683,4923,7393,213,ITI,ITI1,9,Toscana,Toscana,3729641,1801346,48.3,0.2
1143,2021-03-13,TOS,9285,3309,5976,5322,3963,ITI,ITI1,9,Toscana,Toscana,3729641,1810631,48.55,0.25
1144,2021-01-29,TOS,6144,1700,4444,304,5840,ITI,ITI1,9,Toscana,Toscana,3729641,1816775,48.71,0.16
1145,2021-05-09,TOS,22527,9765,12762,9668,12859,ITI,ITI1,9,Toscana,Toscana,3729641,1839302,49.32,0.6
1146,2021-05-20,TOS,29713,13872,15841,18906,10807,ITI,ITI1,9,Toscana,Toscana,3729641,1869015,50.11,0.8
1147,2021-01-31,TOS,3050,1129,1921,106,2944,ITI,ITI1,9,Toscana,Toscana,3729641,1872065,50.19,0.08
1148,2021-03-27,TOS,8862,4152,4710,8647,215,ITI,ITI1,9,Toscana,Toscana,3729641,1880927,50.43,0.24
1149,2021-02-14,TOS,9000,2569,6431,8890,110,ITI,ITI1,9,Toscana,Toscana,3729641,1889927,50.67,0.24
1150,2021-05-25,TOS,34133,16462,17671,19533,14600,ITI,ITI1,9,Toscana,Toscana,3729641,1924060,51.59,0.92
1151,2021-03-29,TOS,9641,4812,4829,9317,324,ITI,ITI1,9,Toscana,Toscana,3729641,1933701,51.85,0.26
1152,2021-02-24,TOS,10367,4465,5902,10170,197,ITI,ITI1,9,Toscana,Toscana,3729641,1944068,52.12,0.28
1153,2021-06-04,TOS,28234,13371,14863,20483,7751,ITI,ITI1,9,Toscana,Toscana,3729641,1972302,52.88,0.76
1154,2021-04-08,TOS,29681,12555,17126,23294,6387,ITI,ITI1,9,Toscana,Toscana,3729641,2001983,53.68,0.8
1155,2021-03-03,TOS,18227,6537,11690,14621,3606,ITI,ITI1,9,Toscana,Toscana,3729641,2020210,54.17,0.49
1156,2021-01-05,TOS,5249,1755,3494,5249,0,ITI,ITI1,9,Toscana,Toscana,3729641,2025459,54.31,0.14
1157,2021-01-19,TOS,1104,531,573,1104,0,ITI,ITI1,9,Toscana,Toscana,3729641,2026563,54.34,0.03
1158,2021-05-08,TOS,29148,13114,16034,13693,15455,ITI,ITI1,9,Toscana,Toscana,3729641,2055711,55.12,0.78
1159,2021-03-12,TOS,16972,6611,10361,13444,3528,ITI,ITI1,9,Toscana,Toscana,3729641,2072683,55.57,0.46
1160,2021-01-14,TOS,3256,1180,2076,3256,0,ITI,ITI1,9,Toscana,Toscana,3729641,2075939,55.66,0.09
1161,2021-04-24,TOS,13437,6167,7270,5990,7447,ITI,ITI1,9,Toscana,Toscana,3729641,2089376,56.02,0.36
1162,2021-01-17,TOS,2536,871,1665,2022,514,ITI,ITI1,9,Toscana,Toscana,3729641,2091912,56.09,0.07
1163,2021-03-08,TOS,6705,2943,3762,1885,4820,ITI,ITI1,9,Toscana,Toscana,3729641,2098617,56.27,0.18
1164,2021-06-16,TOS,31599,16178,15421,26506,5093,ITI,ITI1,9,Toscana,Toscana,3729641,2130216,57.12,0.85
1165,2021-05-30,TOS,28670,13943,14727,21726,6944,ITI,ITI1,9,Toscana,Toscana,3729641,2158886,57.88,0.77
1166,2020-12-31,TOS,803,202,601,803,0,ITI,ITI1,9,Toscana,Toscana,3729641,2159689,57.91,0.02
1167,2021-04-10,TOS,11719,5347,6372,10976,743,ITI,ITI1,9,Toscana,Toscana,3729641,2171408,58.22,0.31
1168,2021-01-26,TOS,5393,1792,3601,220,5173,ITI,ITI1,9,Toscana,Toscana,3729641,2176801,58.36,0.14
1169,2021-05-06,TOS,31326,13616,17710,14174,17152,ITI,ITI1,9,Toscana,Toscana,3729641,2208127,59.2,0.84
1170,2021-04-19,TOS,9090,4504,4586,8062,1028,ITI,ITI1,9,Toscana,Toscana,3729641,2217217,59.45,0.24
1171,2021-04-17,TOS,20532,9206,11326,18410,2122,ITI,ITI1,9,Toscana,Toscana,3729641,2237749,60.0,0.55
1172,2021-01-24,TOS,3349,1073,2276,201,3148,ITI,ITI1,9,Toscana,Toscana,3729641,2241098,60.09,0.09
1173,2021-01-07,TOS,6018,1751,4267,6018,0,ITI,ITI1,9,Toscana,Toscana,3729641,2247116,60.25,0.16
1174,2021-04-05,TOS,15280,6823,8457,14543,737,ITI,ITI1,9,Toscana,Toscana,3729641,2262396,60.66,0.41
1175,2021-02-07,TOS,2806,952,1854,886,1920,ITI,ITI1,9,Toscana,Toscana,3729641,2265202,60.74,0.08
1176,2021-05-18,TOS,28842,14269,14573,20016,8826,ITI,ITI1,9,Toscana,Toscana,3729641,2294044,61.51,0.77
1177,2021-01-12,TOS,3581,1398,2183,3581,0,ITI,ITI1,9,Toscana,Toscana,3729641,2297625,61.6,0.1
1178,2021-05-27,TOS,28292,13163,15129,13457,14835,ITI,ITI1,9,Toscana,Toscana,3729641,2325917,62.36,0.76
1179,2021-03-31,TOS,32698,13246,19452,20537,12161,ITI,ITI1,9,Toscana,Toscana,3729641,2358615,63.24,0.88
1180,2021-03-22,TOS,5249,2761,2488,4805,444,ITI,ITI1,9,Toscana,Toscana,3729641,2363864,63.38,0.14
1181,2021-05-01,TOS,23314,10063,13251,14138,9176,ITI,ITI1,9,Toscana,Toscana,3729641,2387178,64.01,0.63
1182,2021-03-05,TOS,16873,6685,10188,12131,4742,ITI,ITI1,9,Toscana,Toscana,3729641,2404051,64.46,0.45
1183,2021-06-13,TOS,24455,12268,12187,22806,1649,ITI,ITI1,9,Toscana,Toscana,3729641,2428506,65.11,0.66
1184,2021-02-19,TOS,8294,2953,5341,7781,513,ITI,ITI1,9,Toscana,Toscana,3729641,2436800,65.34,0.22
1185,2021-01-01,TOS,2369,787,1582,2369,0,ITI,ITI1,9,Toscana,Toscana,3729641,2439169,65.4,0.06
1186,2021-04-11,TOS,3645,1680,1965,3490,155,ITI,ITI1,9,Toscana,Toscana,3729641,2442814,65.5,0.1
1187,2021-03-06,TOS,7107,2851,4256,2914,4193,ITI,ITI1,9,Toscana,Toscana,3729641,2449921,65.69,0.19
1188,2021-02-03,TOS,4221,1452,2769,241,3980,ITI,ITI1,9,Toscana,Toscana,3729641,2454142,65.8,0.11
1189,2021-01-15,TOS,3878,1347,2531,3878,0,ITI,ITI1,9,Toscana,Toscana,3729641,2458020,65.91,0.1
1190,2021-03-25,TOS,23890,10374,13516,15540,8350,ITI,ITI1,9,Toscana,Toscana,3729641,2481910,66.55,0.64
1191,2021-04-12,TOS,2612,1183,1429,1958,654,ITI,ITI1,9,Toscana,Toscana,3729641,2484522,66.62,0.07
1192,2021-05-13,TOS,35011,15436,19575,13838,21173,ITI,ITI1,9,Toscana,Toscana,3729641,2519533,67.55,0.94
1193,2021-04-29,TOS,39315,17706,21609,19246,20069,ITI,ITI1,9,Toscana,Toscana,3729641,2558848,68.61,1.05
1194,2021-03-24,TOS,20010,8299,11711,10554,9456,ITI,ITI1,9,Toscana,Toscana,3729641,2578858,69.14,0.54
1195,2021-02-21,TOS,5105,2089,3016,4935,170,ITI,ITI1,9,Toscana,Toscana,3729641,2583963,69.28,0.14
1196,2021-06-01,TOS,26877,13353,13524,23076,3801,ITI,ITI1,9,Toscana,Toscana,3729641,2610840,70.0,0.72
1197,2021-06-15,TOS,31086,15998,15088,26571,4515,ITI,ITI1,9,Toscana,Toscana,3729641,2641926,70.84,0.83
1198,2021-03-10,TOS,18366,7402,10964,14348,4018,ITI,ITI1,9,Toscana,Toscana,3729641,2660292,71.33,0.49
1199,2021-02-02,TOS,3743,1475,2268,196,3547,ITI,ITI1,9,Toscana,Toscana,3729641,2664035,71.43,0.1
1200,2021-05-26,LAZ,47347,21726,25621,35343,12004,ITI,ITI4,12,Lazio,Lazio,5879082,47347,0.81,0.81
1201,2021-03-04,LAZ,19407,8713,10694,14390,5017,ITI,ITI4,12,Lazio,Lazio,5879082,66754,1.14,0.33
1202,2021-06-12,LAZ,63662,28999,34663,34335,29327,ITI,ITI4,12,Lazio,Lazio,5879082,130416,2.22,1.08
1203,2021-06-14,LAZ,62136,29069,33067,32342,29794,ITI,ITI4,12,Lazio,Lazio,5879082,192552,3.28,1.06
1204,2021-03-21,LAZ,18146,7084,11062,13095,5051,ITI,ITI4,12,Lazio,Lazio,5879082,210698,3.58,0.31
1205,2020-12-30,LAZ,1630,629,1001,1630,0,ITI,ITI4,12,Lazio,Lazio,5879082,212328,3.61,0.03
1206,2021-04-09,LAZ,27533,12472,15061,19282,8251,ITI,ITI4,12,Lazio,Lazio,5879082,239861,4.08,0.47
1207,2021-03-23,LAZ,25129,11701,13428,18539,6590,ITI,ITI4,12,Lazio,Lazio,5879082,264990,4.51,0.43
1208,2021-02-18,LAZ,10017,4975,5042,9208,809,ITI,ITI4,12,Lazio,Lazio,5879082,275007,4.68,0.17
1209,2021-05-12,LAZ,47484,21541,25943,30887,16597,ITI,ITI4,12,Lazio,Lazio,5879082,322491,5.49,0.81
1210,2021-02-01,LAZ,5675,2177,3498,354,5321,ITI,ITI4,12,Lazio,Lazio,5879082,328166,5.58,0.1
1211,2021-01-13,LAZ,5693,2151,3542,5693,0,ITI,ITI4,12,Lazio,Lazio,5879082,333859,5.68,0.1
1212,2021-04-23,LAZ,37677,18090,19587,22408,15269,ITI,ITI4,12,Lazio,Lazio,5879082,371536,6.32,0.64
1213,2021-03-16,LAZ,13546,5740,7806,7102,6444,ITI,ITI4,12,Lazio,Lazio,5879082,385082,6.55,0.23
1214,2021-03-09,LAZ,21933,9893,12040,16735,5198,ITI,ITI4,12,Lazio,Lazio,5879082,407015,6.92,0.37
1215,2021-01-11,LAZ,5534,2106,3428,5534,0,ITI,ITI4,12,Lazio,Lazio,5879082,412549,7.02,0.09
1216,2021-01-25,LAZ,8111,3246,4865,770,7341,ITI,ITI4,12,Lazio,Lazio,5879082,420660,7.16,0.14
1217,2021-05-05,LAZ,46763,21454,25309,30943,15820,ITI,ITI4,12,Lazio,Lazio,5879082,467423,7.95,0.8
1218,2021-02-20,LAZ,9207,4275,4932,8439,768,ITI,ITI4,12,Lazio,Lazio,5879082,476630,8.11,0.16
1219,2021-05-31,LAZ,51245,22709,28536,31757,19488,ITI,ITI4,12,Lazio,Lazio,5879082,527875,8.98,0.87
1220,2021-04-04,LAZ,17533,8105,9428,12267,5266,ITI,ITI4,12,Lazio,Lazio,5879082,545408,9.28,0.3
1221,2021-05-17,LAZ,44175,20218,23957,35646,8529,ITI,ITI4,12,Lazio,Lazio,5879082,589583,10.03,0.75
1222,2021-02-06,LAZ,6137,2475,3662,817,5320,ITI,ITI4,12,Lazio,Lazio,5879082,595720,10.13,0.1
1223,2021-02-11,LAZ,7001,3013,3988,6467,534,ITI,ITI4,12,Lazio,Lazio,5879082,602721,10.25,0.12
1224,2021-04-11,LAZ,19154,8469,10685,13273,5881,ITI,ITI4,12,Lazio,Lazio,5879082,621875,10.58,0.33
1225,2021-02-13,LAZ,6609,2626,3983,6194,415,ITI,ITI4,12,Lazio,Lazio,5879082,628484,10.69,0.11
1226,2021-03-30,LAZ,26631,12832,13799,19482,7149,ITI,ITI4,12,Lazio,Lazio,5879082,655115,11.14,0.45
1227,2021-04-18,LAZ,23808,10577,13231,16158,7650,ITI,ITI4,12,Lazio,Lazio,5879082,678923,11.55,0.4
1228,2021-05-19,LAZ,46881,21538,25343,36818,10063,ITI,ITI4,12,Lazio,Lazio,5879082,725804,12.35,0.8
1229,2021-01-04,LAZ,7484,2909,4575,7484,0,ITI,ITI4,12,Lazio,Lazio,5879082,733288,12.47,0.13
1230,2021-06-07,LAZ,61846,28821,33025,32982,28864,ITI,ITI4,12,Lazio,Lazio,5879082,795134,13.52,1.05
1231,2021-04-16,LAZ,34424,15689,18735,22339,12085,ITI,ITI4,12,Lazio,Lazio,5879082,829558,14.11,0.59
1232,2021-01-23,LAZ,7213,2869,4344,584,6629,ITI,ITI4,12,Lazio,Lazio,5879082,836771,14.23,0.12
1233,2021-01-06,LAZ,5123,1961,3162,5123,0,ITI,ITI4,12,Lazio,Lazio,5879082,841894,14.32,0.09
1234,2021-02-25,LAZ,12653,5518,7135,11603,1050,ITI,ITI4,12,Lazio,Lazio,5879082,854547,14.54,0.22
1235,2021-06-05,LAZ,65653,32328,33325,43169,22484,ITI,ITI4,12,Lazio,Lazio,5879082,920200,15.65,1.12
1236,2021-04-30,LAZ,41309,18293,23016,27117,14192,ITI,ITI4,12,Lazio,Lazio,5879082,961509,16.35,0.7
1237,2021-05-07,LAZ,48189,22590,25599,30453,17736,ITI,ITI4,12,Lazio,Lazio,5879082,1009698,17.17,0.82
1238,2021-03-11,LAZ,25150,11785,13365,18920,6230,ITI,ITI4,12,Lazio,Lazio,5879082,1034848,17.6,0.43
1239,2021-02-15,LAZ,8026,3540,4486,7395,631,ITI,ITI4,12,Lazio,Lazio,5879082,1042874,17.74,0.14
1240,2021-01-29,LAZ,8042,3079,4963,813,7229,ITI,ITI4,12,Lazio,Lazio,5879082,1050916,17.88,0.14
1241,2021-02-17,LAZ,9184,4605,4579,8310,874,ITI,ITI4,12,Lazio,Lazio,5879082,1060100,18.03,0.16
1242,2021-05-28,LAZ,56630,26202,30428,43634,12996,ITI,ITI4,12,Lazio,Lazio,5879082,1116730,18.99,0.96
1243,2021-03-06,LAZ,18354,7082,11272,14097,4257,ITI,ITI4,12,Lazio,Lazio,5879082,1135084,19.31,0.31
1244,2021-01-30,LAZ,7012,2894,4118,807,6205,ITI,ITI4,12,Lazio,Lazio,5879082,1142096,19.43,0.12
1245,2021-01-15,LAZ,6580,2706,3874,6580,0,ITI,ITI4,12,Lazio,Lazio,5879082,1148676,19.54,0.11
1246,2021-04-25,LAZ,24515,11244,13271,16703,7812,ITI,ITI4,12,Lazio,Lazio,5879082,1173191,19.96,0.42
1247,2021-04-06,LAZ,24360,11088,13272,17248,7112,ITI,ITI4,12,Lazio,Lazio,5879082,1197551,20.37,0.41
1248,2020-12-27,LAZ,274,132,142,274,0,ITI,ITI4,12,Lazio,Lazio,5879082,1197825,20.37,0.0
1249,2021-03-20,LAZ,18935,7432,11503,13051,5884,ITI,ITI4,12,Lazio,Lazio,5879082,1216760,20.7,0.32
1250,2021-03-28,LAZ,18902,7600,11302,13592,5310,ITI,ITI4,12,Lazio,Lazio,5879082,1235662,21.02,0.32
1251,2021-06-09,LAZ,69610,32788,36822,36292,33318,ITI,ITI4,12,Lazio,Lazio,5879082,1305272,22.2,1.18
1252,2021-04-27,LAZ,30696,13856,16840,19850,10846,ITI,ITI4,12,Lazio,Lazio,5879082,1335968,22.72,0.52
1253,2021-03-01,LAZ,17110,7363,9747,13225,3885,ITI,ITI4,12,Lazio,Lazio,5879082,1353078,23.02,0.29
1254,2021-02-22,LAZ,11458,4992,6466,10956,502,ITI,ITI4,12,Lazio,Lazio,5879082,1364536,23.21,0.19
1255,2021-06-02,LAZ,43197,21450,21747,31735,11462,ITI,ITI4,12,Lazio,Lazio,5879082,1407733,23.94,0.73
1256,2021-06-11,LAZ,68623,32112,36511,36710,31913,ITI,ITI4,12,Lazio,Lazio,5879082,1476356,25.11,1.17
1257,2021-03-02,LAZ,17193,7609,9584,13259,3934,ITI,ITI4,12,Lazio,Lazio,5879082,1493549,25.4,0.29
1258,2021-01-18,LAZ,6267,2557,3710,5289,978,ITI,ITI4,12,Lazio,Lazio,5879082,1499816,25.51,0.11
1259,2021-04-28,LAZ,32911,15022,17889,21349,11562,ITI,ITI4,12,Lazio,Lazio,5879082,1532727,26.07,0.56
1260,2021-03-27,LAZ,26171,10532,15639,19698,6473,ITI,ITI4,12,Lazio,Lazio,5879082,1558898,26.52,0.45
1261,2021-05-23,LAZ,47076,22835,24241,39697,7379,ITI,ITI4,12,Lazio,Lazio,5879082,1605974,27.32,0.8
1262,2021-05-09,LAZ,37535,17255,20280,26265,11270,ITI,ITI4,12,Lazio,Lazio,5879082,1643509,27.96,0.64
1263,2021-05-16,LAZ,50903,24512,26391,37425,13478,ITI,ITI4,12,Lazio,Lazio,5879082,1694412,28.82,0.87
1264,2021-05-24,LAZ,43781,20041,23740,34112,9669,ITI,ITI4,12,Lazio,Lazio,5879082,1738193,29.57,0.74
1265,2021-01-03,LAZ,5251,1973,3278,5251,0,ITI,ITI4,12,Lazio,Lazio,5879082,1743444,29.66,0.09
1266,2021-04-13,LAZ,25733,11924,13809,18017,7716,ITI,ITI4,12,Lazio,Lazio,5879082,1769177,30.09,0.44
1267,2021-01-08,LAZ,7729,2895,4834,7729,0,ITI,ITI4,12,Lazio,Lazio,5879082,1776906,30.22,0.13
1268,2021-03-13,LAZ,21701,8643,13058,15807,5894,ITI,ITI4,12,Lazio,Lazio,5879082,1798607,30.59,0.37
1269,2021-02-08,LAZ,9740,4153,5587,4508,5232,ITI,ITI4,12,Lazio,Lazio,5879082,1808347,30.76,0.17
1270,2021-05-02,LAZ,32631,14336,18295,23270,9361,ITI,ITI4,12,Lazio,Lazio,5879082,1840978,31.31,0.56
1271,2021-01-22,LAZ,4004,1635,2369,489,3515,ITI,ITI4,12,Lazio,Lazio,5879082,1844982,31.38,0.07
1272,2021-04-01,LAZ,29487,13928,15559,22346,7141,ITI,ITI4,12,Lazio,Lazio,5879082,1874469,31.88,0.5
1273,2021-02-03,LAZ,6488,2488,4000,964,5524,ITI,ITI4,12,Lazio,Lazio,5879082,1880957,31.99,0.11
1274,2021-01-20,LAZ,4807,1943,2864,3264,1543,ITI,ITI4,12,Lazio,Lazio,5879082,1885764,32.08,0.08
1275,2021-05-14,LAZ,51155,23369,27786,32882,18273,ITI,ITI4,12,Lazio,Lazio,5879082,1936919,32.95,0.87
1276,2021-03-18,LAZ,14226,6078,8148,7835,6391,ITI,ITI4,12,Lazio,Lazio,5879082,1951145,33.19,0.24
1277,2021-01-31,LAZ,4460,1854,2606,477,3983,ITI,ITI4,12,Lazio,Lazio,5879082,1955605,33.26,0.08
1278,2021-05-11,LAZ,48192,22125,26067,31722,16470,ITI,ITI4,12,Lazio,Lazio,5879082,2003797,34.08,0.82
1279,2021-04-24,LAZ,33393,15059,18334,20622,12771,ITI,ITI4,12,Lazio,Lazio,5879082,2037190,34.65,0.57
1280,2021-05-30,LAZ,41122,17578,23544,33819,7303,ITI,ITI4,12,Lazio,Lazio,5879082,2078312,35.35,0.7
1281,2021-05-13,LAZ,49830,22378,27452,32090,17740,ITI,ITI4,12,Lazio,Lazio,5879082,2128142,36.2,0.85
1282,2021-04-08,LAZ,26716,12231,14485,19024,7692,ITI,ITI4,12,Lazio,Lazio,5879082,2154858,36.65,0.45
1283,2021-05-06,LAZ,48692,22661,26031,31161,17531,ITI,ITI4,12,Lazio,Lazio,5879082,2203550,37.48,0.83
1284,2021-01-17,LAZ,4894,2028,2866,4682,212,ITI,ITI4,12,Lazio,Lazio,5879082,2208444,37.56,0.08
1285,2021-01-19,LAZ,4769,1955,2814,4315,454,ITI,ITI4,12,Lazio,Lazio,5879082,2213213,37.65,0.08
1286,2021-02-12,LAZ,6845,2847,3998,6431,414,ITI,ITI4,12,Lazio,Lazio,5879082,2220058,37.76,0.12
1287,2020-12-31,LAZ,5293,2121,3172,5293,0,ITI,ITI4,12,Lazio,Lazio,5879082,2225351,37.85,0.09
1288,2021-04-10,LAZ,23878,10378,13500,16689,7189,ITI,ITI4,12,Lazio,Lazio,5879082,2249229,38.26,0.41
1289,2021-02-05,LAZ,7281,2962,4319,1184,6097,ITI,ITI4,12,Lazio,Lazio,5879082,2256510,38.38,0.12
1290,2021-01-01,LAZ,3554,1382,2172,3554,0,ITI,ITI4,12,Lazio,Lazio,5879082,2260064,38.44,0.06
1291,2021-01-10,LAZ,4043,1702,2341,4043,0,ITI,ITI4,12,Lazio,Lazio,5879082,2264107,38.51,0.07
1292,2021-06-16,LAZ,63385,30272,33113,32063,31322,ITI,ITI4,12,Lazio,Lazio,5879082,2327492,39.59,1.08
1293,2021-04-20,LAZ,31062,14262,16800,19763,11299,ITI,ITI4,12,Lazio,Lazio,5879082,2358554,40.12,0.53
1294,2021-03-08,LAZ,20857,9041,11816,15584,5273,ITI,ITI4,12,Lazio,Lazio,5879082,2379411,40.47,0.35
1295,2021-04-22,LAZ,38813,19177,19636,24208,14605,ITI,ITI4,12,Lazio,Lazio,5879082,2418224,41.13,0.66
1296,2021-03-10,LAZ,23302,10633,12669,17655,5647,ITI,ITI4,12,Lazio,Lazio,5879082,2441526,41.53,0.4
1297,2021-01-12,LAZ,5413,1981,3432,5413,0,ITI,ITI4,12,Lazio,Lazio,5879082,2446939,41.62,0.09
1298,2021-04-15,LAZ,31915,14300,17615,21104,10811,ITI,ITI4,12,Lazio,Lazio,5879082,2478854,42.16,0.54
1299,2021-02-10,LAZ,8188,3399,4789,4849,3339,ITI,ITI4,12,Lazio,Lazio,5879082,2487042,42.3,0.14
1300,2021-05-21,LAZ,51348,24619,26729,37550,13798,ITI,ITI4,12,Lazio,Lazio,5879082,2538390,43.18,0.87
1301,2021-06-04,LAZ,61148,29768,31380,43694,17454,ITI,ITI4,12,Lazio,Lazio,5879082,2599538,44.22,1.04
1302,2021-05-04,LAZ,39822,18323,21499,26320,13502,ITI,ITI4,12,Lazio,Lazio,5879082,2639360,44.89,0.68
1303,2021-02-24,LAZ,12049,5209,6840,11055,994,ITI,ITI4,12,Lazio,Lazio,5879082,2651409,45.1,0.2
1304,2021-03-29,LAZ,25093,11789,13304,18055,7038,ITI,ITI4,12,Lazio,Lazio,5879082,2676502,45.53,0.43
1305,2021-03-15,LAZ,20662,9583,11079,13920,6742,ITI,ITI4,12,Lazio,Lazio,5879082,2697164,45.88,0.35
1306,2021-03-25,LAZ,28761,13149,15612,22155,6606,ITI,ITI4,12,Lazio,Lazio,5879082,2725925,46.37,0.49
1307,2021-01-27,LAZ,6114,2387,3727,997,5117,ITI,ITI4,12,Lazio,Lazio,5879082,2732039,46.47,0.1
1308,2021-06-01,LAZ,48512,23376,25136,30241,18271,ITI,ITI4,12,Lazio,Lazio,5879082,2780551,47.3,0.83
1309,2021-04-05,LAZ,19841,9061,10780,13661,6180,ITI,ITI4,12,Lazio,Lazio,5879082,2800392,47.63,0.34
1310,2021-05-25,LAZ,47212,22115,25097,35624,11588,ITI,ITI4,12,Lazio,Lazio,5879082,2847604,48.44,0.8
1311,2021-04-12,LAZ,23818,10733,13085,16920,6898,ITI,ITI4,12,Lazio,Lazio,5879082,2871422,48.84,0.41
1312,2021-06-08,LAZ,65894,31291,34603,36433,29461,ITI,ITI4,12,Lazio,Lazio,5879082,2937316,49.96,1.12
1313,2021-01-14,LAZ,5487,2145,3342,5487,0,ITI,ITI4,12,Lazio,Lazio,5879082,2942803,50.06,0.09
1314,2021-04-07,LAZ,25629,11850,13779,18322,7307,ITI,ITI4,12,Lazio,Lazio,5879082,2968432,50.49,0.44
1315,2020-12-28,LAZ,959,412,547,959,0,ITI,ITI4,12,Lazio,Lazio,5879082,2969391,50.51,0.02
1316,2021-03-22,LAZ,23001,10253,12748,16329,6672,ITI,ITI4,12,Lazio,Lazio,5879082,2992392,50.9,0.39
1317,2020-12-29,LAZ,488,176,312,488,0,ITI,ITI4,12,Lazio,Lazio,5879082,2992880,50.91,0.01
1318,2021-06-13,LAZ,52538,23265,29273,27728,24810,ITI,ITI4,12,Lazio,Lazio,5879082,3045418,51.8,0.89
1319,2021-03-07,LAZ,14132,5464,8668,10539,3593,ITI,ITI4,12,Lazio,Lazio,5879082,3059550,52.04,0.24
1320,2021-06-15,LAZ,64927,31246,33681,33360,31567,ITI,ITI4,12,Lazio,Lazio,5879082,3124477,53.15,1.1
1321,2021-03-24,LAZ,27414,12692,14722,21174,6240,ITI,ITI4,12,Lazio,Lazio,5879082,3151891,53.61,0.47
1322,2021-05-29,LAZ,51587,23124,28463,40927,10660,ITI,ITI4,12,Lazio,Lazio,5879082,3203478,54.49,0.88
1323,2021-03-17,LAZ,13804,5910,7894,7549,6255,ITI,ITI4,12,Lazio,Lazio,5879082,3217282,54.72,0.23
1324,2021-02-04,LAZ,6302,2481,3821,987,5315,ITI,ITI4,12,Lazio,Lazio,5879082,3223584,54.83,0.11
1325,2021-04-29,LAZ,38631,17239,21392,25400,13231,ITI,ITI4,12,Lazio,Lazio,5879082,3262215,55.49,0.66
1326,2021-03-03,LAZ,17833,7850,9983,13539,4294,ITI,ITI4,12,Lazio,Lazio,5879082,3280048,55.79,0.3
1327,2021-01-26,LAZ,7961,3127,4834,725,7236,ITI,ITI4,12,Lazio,Lazio,5879082,3288009,55.93,0.14
1328,2021-04-02,LAZ,29238,13959,15279,21901,7337,ITI,ITI4,12,Lazio,Lazio,5879082,3317247,56.42,0.5
1329,2021-01-28,LAZ,8279,3165,5114,782,7497,ITI,ITI4,12,Lazio,Lazio,5879082,3325526,56.57,0.14
1330,2021-05-08,LAZ,45238,20635,24603,29845,15393,ITI,ITI4,12,Lazio,Lazio,5879082,3370764,57.33,0.77
1331,2021-04-03,LAZ,24779,11178,13601,18079,6700,ITI,ITI4,12,Lazio,Lazio,5879082,3395543,57.76,0.42
1332,2021-02-19,LAZ,10045,5080,4965,9214,831,ITI,ITI4,12,Lazio,Lazio,5879082,3405588,57.93,0.17
1333,2021-06-17,LAZ,64302,30807,33495,31442,32860,ITI,ITI4,12,Lazio,Lazio,5879082,3469890,59.02,1.09
1334,2021-04-21,LAZ,33022,15005,18017,20654,12368,ITI,ITI4,12,Lazio,Lazio,5879082,3502912,59.58,0.56
1335,2021-01-09,LAZ,6298,2562,3736,6298,0,ITI,ITI4,12,Lazio,Lazio,5879082,3509210,59.69,0.11
1336,2021-04-19,LAZ,30092,13675,16417,19413,10679,ITI,ITI4,12,Lazio,Lazio,5879082,3539302,60.2,0.51
1337,2021-02-21,LAZ,6989,3180,3809,6526,463,ITI,ITI4,12,Lazio,Lazio,5879082,3546291,60.32,0.12
1338,2021-01-05,LAZ,7375,2803,4572,7375,0,ITI,ITI4,12,Lazio,Lazio,5879082,3553666,60.45,0.13
1339,2021-01-24,LAZ,5694,2229,3465,612,5082,ITI,ITI4,12,Lazio,Lazio,5879082,3559360,60.54,0.1
1340,2021-02-07,LAZ,4944,2025,2919,387,4557,ITI,ITI4,12,Lazio,Lazio,5879082,3564304,60.63,0.08
1341,2021-05-18,LAZ,44587,20406,24181,35088,9499,ITI,ITI4,12,Lazio,Lazio,5879082,3608891,61.39,0.76
1342,2021-05-03,LAZ,39169,17684,21485,26588,12581,ITI,ITI4,12,Lazio,Lazio,5879082,3648060,62.05,0.67
1343,2021-05-10,LAZ,44389,20281,24108,31010,13379,ITI,ITI4,12,Lazio,Lazio,5879082,3692449,62.81,0.76
1344,2021-05-27,LAZ,57760,26769,30991,44211,13549,ITI,ITI4,12,Lazio,Lazio,5879082,3750209,63.79,0.98
1345,2021-03-05,LAZ,19560,8660,10900,14827,4733,ITI,ITI4,12,Lazio,Lazio,5879082,3769769,64.12,0.33
1346,2021-02-16,LAZ,8359,4034,4325,7753,606,ITI,ITI4,12,Lazio,Lazio,5879082,3778128,64.26,0.14
1347,2021-01-16,LAZ,5647,2282,3365,5647,0,ITI,ITI4,12,Lazio,Lazio,5879082,3783775,64.36,0.1
1348,2021-04-26,LAZ,29229,13456,15773,20027,9202,ITI,ITI4,12,Lazio,Lazio,5879082,3813004,64.86,0.5
1349,2021-02-02,LAZ,5910,2213,3697,638,5272,ITI,ITI4,12,Lazio,Lazio,5879082,3818914,64.96,0.1
1350,2021-05-22,LAZ,54966,26910,28056,44333,10633,ITI,ITI4,12,Lazio,Lazio,5879082,3873880,65.89,0.93
1351,2021-05-15,LAZ,57123,27287,29836,40632,16491,ITI,ITI4,12,Lazio,Lazio,5879082,3931003,66.86,0.97
1352,2021-03-19,LAZ,17294,7441,9853,10966,6328,ITI,ITI4,12,Lazio,Lazio,5879082,3948297,67.16,0.29
1353,2021-06-03,LAZ,56040,28309,27731,38560,17480,ITI,ITI4,12,Lazio,Lazio,5879082,4004337,68.11,0.95
1354,2021-06-10,LAZ,70873,33319,37554,37569,33304,ITI,ITI4,12,Lazio,Lazio,5879082,4075210,69.32,1.21
1355,2021-04-14,LAZ,29288,13272,16016,19165,10123,ITI,ITI4,12,Lazio,Lazio,5879082,4104498,69.82,0.5
1356,2021-03-26,LAZ,29785,13633,16152,22938,6847,ITI,ITI4,12,Lazio,Lazio,5879082,4134283,70.32,0.51
1357,2021-02-14,LAZ,5777,2372,3405,5306,471,ITI,ITI4,12,Lazio,Lazio,5879082,4140060,70.42,0.1
1358,2021-02-28,LAZ,10257,4012,6245,9743,514,ITI,ITI4,12,Lazio,Lazio,5879082,4150317,70.59,0.17
1359,2021-01-02,LAZ,6707,2631,4076,6707,0,ITI,ITI4,12,Lazio,Lazio,5879082,4157024,70.71,0.11
1360,2021-03-14,LAZ,17201,6714,10487,12047,5154,ITI,ITI4,12,Lazio,Lazio,5879082,4174225,71.0,0.29
1361,2021-02-27,LAZ,11425,4267,7158,10470,955,ITI,ITI4,12,Lazio,Lazio,5879082,4185650,71.2,0.19
1362,2021-05-20,LAZ,51173,24619,26554,37502,13671,ITI,ITI4,12,Lazio,Lazio,5879082,4236823,72.07,0.87
1363,2021-06-06,LAZ,57856,27877,29979,35407,22449,ITI,ITI4,12,Lazio,Lazio,5879082,4294679,73.05,0.98
1364,2021-02-26,LAZ,13084,5707,7377,11722,1362,ITI,ITI4,12,Lazio,Lazio,5879082,4307763,73.27,0.22
1365,2021-05-01,LAZ,37949,17082,20867,25988,11961,ITI,ITI4,12,Lazio,Lazio,5879082,4345712,73.92,0.65
1366,2021-04-17,LAZ,32356,14202,18154,20386,11970,ITI,ITI4,12,Lazio,Lazio,5879082,4378068,74.47,0.55
1367,2021-03-12,LAZ,23751,10874,12877,17434,6317,ITI,ITI4,12,Lazio,Lazio,5879082,4401819,74.87,0.4
1368,2021-02-09,LAZ,8799,3769,5030,4580,4219,ITI,ITI4,12,Lazio,Lazio,5879082,4410618,75.02,0.15
1369,2021-02-23,LAZ,11091,4783,6308,10329,762,ITI,ITI4,12,Lazio,Lazio,5879082,4421709,75.21,0.19
1370,2021-01-21,LAZ,5603,2349,3254,550,5053,ITI,ITI4,12,Lazio,Lazio,5879082,4427312,75.31,0.1
1371,2021-03-31,LAZ,27434,13181,14253,20338,7096,ITI,ITI4,12,Lazio,Lazio,5879082,4454746,75.77,0.47
1372,2021-01-07,LAZ,7749,2904,4845,7749,0,ITI,ITI4,12,Lazio,Lazio,5879082,4462495,75.9,0.13
1373,2021-01-30,FVG,2276,745,1531,270,2006,ITH,ITH4,6,Friuli-Venezia Giulia,Friuli Venezia Giulia,1215220,2276,0.19,0.19
1374,2021-04-21,FVG,7751,3456,4295,4072,3679,ITH,ITH4,6,Friuli-Venezia Giulia,Friuli Venezia Giulia,1215220,10027,0.83,0.64
1375,2021-01-11,FVG,1882,608,1274,1882,0,ITH,ITH4,6,Friuli-Venezia Giulia,Friuli Venezia Giulia,1215220,11909,0.98,0.15
1376,2021-05-24,FVG,11390,5512,5878,7779,3611,ITH,ITH4,6,Friuli-Venezia Giulia,Friuli Venezia Giulia,1215220,23299,1.92,0.94
1377,2021-02-13,FVG,566,179,387,560,6,ITH,ITH4,6,Friuli-Venezia Giulia,Friuli Venezia Giulia,1215220,23865,1.96,0.05
1378,2021-03-02,FVG,4219,1519,2700,2720,1499,ITH,ITH4,6,Friuli-Venezia Giulia,Friuli Venezia Giulia,1215220,28084,2.31,0.35
1379,2021-03-04,FVG,3450,1596,1854,2791,659,ITH,ITH4,6,Friuli-Venezia Giulia,Friuli Venezia Giulia,1215220,31534,2.59,0.28
1380,2021-06-12,FVG,8000,4591,3409,6863,1137,ITH,ITH4,6,Friuli-Venezia Giulia,Friuli Venezia Giulia,1215220,39534,3.25,0.66
1381,2021-03-21,FVG,2671,999,1672,2262,409,ITH,ITH4,6,Friuli-Venezia Giulia,Friuli Venezia Giulia,1215220,42205,3.47,0.22
1382,2021-02-18,FVG,3218,1492,1726,2811,407,ITH,ITH4,6,Friuli-Venezia Giulia,Friuli Venezia Giulia,1215220,45423,3.74,0.26
1383,2021-04-02,FVG,6567,2915,3652,4734,1833,ITH,ITH4,6,Friuli-Venezia Giulia,Friuli Venezia Giulia,1215220,51990,4.28,0.54
1384,2021-04-16,FVG,6917,2997,3920,4993,1924,ITH,ITH4,6,Friuli-Venezia Giulia,Friuli Venezia Giulia,1215220,58907,4.85,0.57
1385,2021-01-06,FVG,710,264,446,710,0,ITH,ITH4,6,Friuli-Venezia Giulia,Friuli Venezia Giulia,1215220,59617,4.91,0.06
1386,2021-04-28,FVG,7275,3211,4064,3796,3479,ITH,ITH4,6,Friuli-Venezia Giulia,Friuli Venezia Giulia,1215220,66892,5.5,0.6
1387,2021-01-23,FVG,816,324,492,4,812,ITH,ITH4,6,Friuli-Venezia Giulia,Friuli Venezia Giulia,1215220,67708,5.57,0.07
1388,2021-05-05,FVG,9748,4258,5490,6282,3466,ITH,ITH4,6,Friuli-Venezia Giulia,Friuli Venezia Giulia,1215220,77456,6.37,0.8
1389,2021-01-25,FVG,1583,567,1016,194,1389,ITH,ITH4,6,Friuli-Venezia Giulia,Friuli Venezia Giulia,1215220,79039,6.5,0.13
1390,2021-03-23,FVG,3886,1681,2205,1745,2141,ITH,ITH4,6,Friuli-Venezia Giulia,Friuli Venezia Giulia,1215220,82925,6.82,0.32
1391,2021-03-16,FVG,3154,1288,1866,1073,2081,ITH,ITH4,6,Friuli-Venezia Giulia,Friuli Venezia Giulia,1215220,86079,7.08,0.26
1392,2021-05-12,FVG,10845,5021,5824,9444,1401,ITH,ITH4,6,Friuli-Venezia Giulia,Friuli Venezia Giulia,1215220,96924,7.98,0.89
1393,2021-05-19,FVG,11942,5875,6067,9603,2339,ITH,ITH4,6,Friuli-Venezia Giulia,Friuli Venezia Giulia,1215220,108866,8.96,0.98
1394,2021-03-14,FVG,1397,549,848,1145,252,ITH,ITH4,6,Friuli-Venezia Giulia,Friuli Venezia Giulia,1215220,110263,9.07,0.11
1395,2021-02-04,FVG,2725,808,1917,35,2690,ITH,ITH4,6,Friuli-Venezia Giulia,Friuli Venezia Giulia,1215220,112988,9.3,0.22
1396,2021-04-30,FVG,7324,3231,4093,3693,3631,ITH,ITH4,6,Friuli-Venezia Giulia,Friuli Venezia Giulia,1215220,120312,9.9,0.6
1397,2021-03-28,FVG,4935,2353,2582,4777,158,ITH,ITH4,6,Friuli-Venezia Giulia,Friuli Venezia Giulia,1215220,125247,10.31,0.41
1398,2021-01-18,FVG,1961,606,1355,1867,94,ITH,ITH4,6,Friuli-Venezia Giulia,Friuli Venezia Giulia,1215220,127208,10.47,0.16
1399,2021-01-04,FVG,1507,558,949,1507,0,ITH,ITH4,6,Friuli-Venezia Giulia,Friuli Venezia Giulia,1215220,128715,10.59,0.12
1400,2021-02-06,FVG,1154,338,816,22,1132,ITH,ITH4,6,Friuli-Venezia Giulia,Friuli Venezia Giulia,1215220,129869,10.69,0.09
1401,2021-02-23,FVG,2643,1277,1366,2463,180,ITH,ITH4,6,Friuli-Venezia Giulia,Friuli Venezia Giulia,1215220,132512,10.9,0.22
1402,2021-05-17,FVG,8783,4077,4706,6300,2483,ITH,ITH4,6,Friuli-Venezia Giulia,Friuli Venezia Giulia,1215220,141295,11.63,0.72
1403,2021-03-09,FVG,4008,1721,2287,1261,2747,ITH,ITH4,6,Friuli-Venezia Giulia,Friuli Venezia Giulia,1215220,145303,11.96,0.33
1404,2021-04-11,FVG,3433,1520,1913,2527,906,ITH,ITH4,6,Friuli-Venezia Giulia,Friuli Venezia Giulia,1215220,148736,12.24,0.28
1405,2021-06-07,FVG,9016,4675,4341,8097,919,ITH,ITH4,6,Friuli-Venezia Giulia,Friuli Venezia Giulia,1215220,157752,12.98,0.74
1406,2021-05-31,FVG,8869,4412,4457,6708,2161,ITH,ITH4,6,Friuli-Venezia Giulia,Friuli Venezia Giulia,1215220,166621,13.71,0.73
1407,2021-04-23,FVG,7462,3377,4085,3601,3861,ITH,ITH4,6,Friuli-Venezia Giulia,Friuli Venezia Giulia,1215220,174083,14.33,0.61
1408,2021-06-09,FVG,10758,5631,5127,9483,1275,ITH,ITH4,6,Friuli-Venezia Giulia,Friuli Venezia Giulia,1215220,184841,15.21,0.89
1409,2021-03-01,FVG,2957,1041,1916,2905,52,ITH,ITH4,6,Friuli-Venezia Giulia,Friuli Venezia Giulia,1215220,187798,15.45,0.24
1410,2021-03-18,FVG,3372,1421,1951,1691,1681,ITH,ITH4,6,Friuli-Venezia Giulia,Friuli Venezia Giulia,1215220,191170,15.73,0.28
1411,2021-03-20,FVG,3399,1408,1991,1308,2091,ITH,ITH4,6,Friuli-Venezia Giulia,Friuli Venezia Giulia,1215220,194569,16.01,0.28
1412,2021-01-27,FVG,1272,425,847,450,822,ITH,ITH4,6,Friuli-Venezia Giulia,Friuli Venezia Giulia,1215220,195841,16.12,0.1
1413,2021-05-07,FVG,10591,4844,5747,7094,3497,ITH,ITH4,6,Friuli-Venezia Giulia,Friuli Venezia Giulia,1215220,206432,16.99,0.87
1414,2021-05-09,FVG,7355,3301,4054,3498,3857,ITH,ITH4,6,Friuli-Venezia Giulia,Friuli Venezia Giulia,1215220,213787,17.59,0.61
1415,2021-05-26,FVG,13196,6603,6593,9787,3409,ITH,ITH4,6,Friuli-Venezia Giulia,Friuli Venezia Giulia,1215220,226983,18.68,1.09
1416,2021-02-15,FVG,2454,912,1542,2201,253,ITH,ITH4,6,Friuli-Venezia Giulia,Friuli Venezia Giulia,1215220,229437,18.88,0.2
1417,2021-01-16,FVG,1230,360,870,1230,0,ITH,ITH4,6,Friuli-Venezia Giulia,Friuli Venezia Giulia,1215220,230667,18.98,0.1
1418,2021-03-25,FVG,5520,2414,3106,3386,2134,ITH,ITH4,6,Friuli-Venezia Giulia,Friuli Venezia Giulia,1215220,236187,19.44,0.45
1419,2021-03-30,FVG,7188,3225,3963,6265,923,ITH,ITH4,6,Friuli-Venezia Giulia,Friuli Venezia Giulia,1215220,243375,20.03,0.59
1420,2021-02-11,FVG,1930,664,1266,1738,192,ITH,ITH4,6,Friuli-Venezia Giulia,Friuli Venezia Giulia,1215220,245305,20.19,0.16
1421,2021-04-09,FVG,7891,3646,4245,6647,1244,ITH,ITH4,6,Friuli-Venezia Giulia,Friuli Venezia Giulia,1215220,253196,20.84,0.65
1422,2020-12-30,FVG,626,244,382,626,0,ITH,ITH4,6,Friuli-Venezia Giulia,Friuli Venezia Giulia,1215220,253822,20.89,0.05
1423,2021-06-05,FVG,10286,5315,4971,8738,1548,ITH,ITH4,6,Friuli-Venezia Giulia,Friuli Venezia Giulia,1215220,264108,21.73,0.85
1424,2021-02-25,FVG,3164,1651,1513,3135,29,ITH,ITH4,6,Friuli-Venezia Giulia,Friuli Venezia Giulia,1215220,267272,21.99,0.26
1425,2021-06-16,FVG,11755,5722,6033,3972,7783,ITH,ITH4,6,Friuli-Venezia Giulia,Friuli Venezia Giulia,1215220,279027,22.96,0.97
1426,2021-04-27,FVG,8100,3718,4382,3625,4475,ITH,ITH4,6,Friuli-Venezia Giulia,Friuli Venezia Giulia,1215220,287127,23.63,0.67
1427,2021-04-08,FVG,7378,3173,4205,5456,1922,ITH,ITH4,6,Friuli-Venezia Giulia,Friuli Venezia Giulia,1215220,294505,24.23,0.61
1428,2021-05-21,FVG,11148,4990,6158,8184,2964,ITH,ITH4,6,Friuli-Venezia Giulia,Friuli Venezia Giulia,1215220,305653,25.15,0.92
1429,2021-02-10,FVG,1352,496,856,1266,86,ITH,ITH4,6,Friuli-Venezia Giulia,Friuli Venezia Giulia,1215220,307005,25.26,0.11
1430,2021-02-01,FVG,2097,688,1409,16,2081,ITH,ITH4,6,Friuli-Venezia Giulia,Friuli Venezia Giulia,1215220,309102,25.44,0.17
1431,2021-05-14,FVG,10726,5344,5382,8144,2582,ITH,ITH4,6,Friuli-Venezia Giulia,Friuli Venezia Giulia,1215220,319828,26.32,0.88
1432,2021-02-03,FVG,2647,791,1856,23,2624,ITH,ITH4,6,Friuli-Venezia Giulia,Friuli Venezia Giulia,1215220,322475,26.54,0.22
1433,2021-03-11,FVG,3474,1515,1959,1723,1751,ITH,ITH4,6,Friuli-Venezia Giulia,Friuli Venezia Giulia,1215220,325949,26.82,0.29
1434,2021-04-13,FVG,7366,3290,4076,5762,1604,ITH,ITH4,6,Friuli-Venezia Giulia,Friuli Venezia Giulia,1215220,333315,27.43,0.61
1435,2021-01-03,FVG,312,122,190,312,0,ITH,ITH4,6,Friuli-Venezia Giulia,Friuli Venezia Giulia,1215220,333627,27.45,0.03
1436,2021-01-20,FVG,748,320,428,13,735,ITH,ITH4,6,Friuli-Venezia Giulia,Friuli Venezia Giulia,1215220,334375,27.52,0.06
1437,2021-06-04,FVG,11953,6121,5832,10633,1320,ITH,ITH4,6,Friuli-Venezia Giulia,Friuli Venezia Giulia,1215220,346328,28.5,0.98
1438,2021-03-13,FVG,2936,1121,1815,1665,1271,ITH,ITH4,6,Friuli-Venezia Giulia,Friuli Venezia Giulia,1215220,349264,28.74,0.24
1439,2021-02-27,FVG,3530,1200,2330,3529,1,ITH,ITH4,6,Friuli-Venezia Giulia,Friuli Venezia Giulia,1215220,352794,29.03,0.29
1440,2021-04-25,FVG,2365,990,1375,2354,11,ITH,ITH4,6,Friuli-Venezia Giulia,Friuli Venezia Giulia,1215220,355159,29.23,0.19
1441,2021-01-15,FVG,2021,605,1416,2021,0,ITH,ITH4,6,Friuli-Venezia Giulia,Friuli Venezia Giulia,1215220,357180,29.39,0.17
1442,2021-04-18,FVG,6038,2800,3238,5631,407,ITH,ITH4,6,Friuli-Venezia Giulia,Friuli Venezia Giulia,1215220,363218,29.89,0.5
1443,2021-01-08,FVG,2320,746,1574,2320,0,ITH,ITH4,6,Friuli-Venezia Giulia,Friuli Venezia Giulia,1215220,365538,30.08,0.19
1444,2021-06-14,FVG,9959,4811,5148,5206,4753,ITH,ITH4,6,Friuli-Venezia Giulia,Friuli Venezia Giulia,1215220,375497,30.9,0.82
1445,2021-02-20,FVG,2068,933,1135,1924,144,ITH,ITH4,6,Friuli-Venezia Giulia,Friuli Venezia Giulia,1215220,377565,31.07,0.17
1446,2021-01-22,FVG,90,30,60,0,90,ITH,ITH4,6,Friuli-Venezia Giulia,Friuli Venezia Giulia,1215220,377655,31.08,0.01
1447,2021-03-06,FVG,3500,1196,2304,3175,325,ITH,ITH4,6,Friuli-Venezia Giulia,Friuli Venezia Giulia,1215220,381155,31.37,0.29
1448,2021-01-13,FVG,2650,834,1816,2650,0,ITH,ITH4,6,Friuli-Venezia Giulia,Friuli Venezia Giulia,1215220,383805,31.58,0.22
1449,2021-04-06,FVG,6651,3111,3540,5501,1150,ITH,ITH4,6,Friuli-Venezia Giulia,Friuli Venezia Giulia,1215220,390456,32.13,0.55
1450,2020-12-27,FVG,262,149,113,262,0,ITH,ITH4,6,Friuli-Venezia Giulia,Friuli Venezia Giulia,1215220,390718,32.15,0.02
1451,2021-02-12,FVG,1193,428,765,1146,47,ITH,ITH4,6,Friuli-Venezia Giulia,Friuli Venezia Giulia,1215220,391911,32.25,0.1
1452,2021-04-20,FVG,7111,3060,4051,3208,3903,ITH,ITH4,6,Friuli-Venezia Giulia,Friuli Venezia Giulia,1215220,399022,32.84,0.59
1453,2021-01-10,FVG,2939,918,2021,2939,0,ITH,ITH4,6,Friuli-Venezia Giulia,Friuli Venezia Giulia,1215220,401961,33.08,0.24
1454,2021-04-05,FVG,2870,1427,1443,2855,15,ITH,ITH4,6,Friuli-Venezia Giulia,Friuli Venezia Giulia,1215220,404831,33.31,0.24
1455,2021-01-12,FVG,2260,713,1547,2260,0,ITH,ITH4,6,Friuli-Venezia Giulia,Friuli Venezia Giulia,1215220,407091,33.5,0.19
1456,2021-01-29,FVG,2412,813,1599,264,2148,ITH,ITH4,6,Friuli-Venezia Giulia,Friuli Venezia Giulia,1215220,409503,33.7,0.2
1457,2021-04-22,FVG,6772,3080,3692,3085,3687,ITH,ITH4,6,Friuli-Venezia Giulia,Friuli Venezia Giulia,1215220,416275,34.26,0.56
1458,2021-04-01,FVG,6374,3043,3331,5359,1015,ITH,ITH4,6,Friuli-Venezia Giulia,Friuli Venezia Giulia,1215220,422649,34.78,0.52
1459,2021-05-28,FVG,10490,5026,5464,6391,4099,ITH,ITH4,6,Friuli-Venezia Giulia,Friuli Venezia Giulia,1215220,433139,35.64,0.86
1460,2021-02-19,FVG,3252,1290,1962,2825,427,ITH,ITH4,6,Friuli-Venezia Giulia,Friuli Venezia Giulia,1215220,436391,35.91,0.27
1461,2021-04-24,FVG,6675,2946,3729,5432,1243,ITH,ITH4,6,Friuli-Venezia Giulia,Friuli Venezia Giulia,1215220,443066,36.46,0.55
1462,2021-06-06,FVG,9449,4614,4835,7906,1543,ITH,ITH4,6,Friuli-Venezia Giulia,Friuli Venezia Giulia,1215220,452515,37.24,0.78
1463,2021-02-26,FVG,3736,2093,1643,3588,148,ITH,ITH4,6,Friuli-Venezia Giulia,Friuli Venezia Giulia,1215220,456251,37.54,0.31
1464,2021-02-17,FVG,2354,999,1355,1874,480,ITH,ITH4,6,Friuli-Venezia Giulia,Friuli Venezia Giulia,1215220,458605,37.74,0.19
1465,2021-05-04,FVG,9534,4297,5237,6180,3354,ITH,ITH4,6,Friuli-Venezia Giulia,Friuli Venezia Giulia,1215220,468139,38.52,0.78
1466,2021-01-24,FVG,305,119,186,1,304,ITH,ITH4,6,Friuli-Venezia Giulia,Friuli Venezia Giulia,1215220,468444,38.55,0.03
1467,2021-03-08,FVG,4119,1642,2477,2034,2085,ITH,ITH4,6,Friuli-Venezia Giulia,Friuli Venezia Giulia,1215220,472563,38.89,0.34
1468,2021-03-22,FVG,3657,1445,2212,1703,1954,ITH,ITH4,6,Friuli-Venezia Giulia,Friuli Venezia Giulia,1215220,476220,39.19,0.3
1469,2021-01-17,FVG,1716,523,1193,1716,0,ITH,ITH4,6,Friuli-Venezia Giulia,Friuli Venezia Giulia,1215220,477936,39.33,0.14
1470,2021-02-08,FVG,2357,694,1663,92,2265,ITH,ITH4,6,Friuli-Venezia Giulia,Friuli Venezia Giulia,1215220,480293,39.52,0.19
1471,2021-06-13,FVG,8628,4490,4138,5317,3311,ITH,ITH4,6,Friuli-Venezia Giulia,Friuli Venezia Giulia,1215220,488921,40.23,0.71
1472,2021-04-17,FVG,7450,3232,4218,5967,1483,ITH,ITH4,6,Friuli-Venezia Giulia,Friuli Venezia Giulia,1215220,496371,40.85,0.61
1473,2021-04-10,FVG,5027,2202,2825,3802,1225,ITH,ITH4,6,Friuli-Venezia Giulia,Friuli Venezia Giulia,1215220,501398,41.26,0.41
1474,2021-05-02,FVG,6840,3211,3629,3939,2901,ITH,ITH4,6,Friuli-Venezia Giulia,Friuli Venezia Giulia,1215220,508238,41.82,0.56
1475,2021-05-16,FVG,9969,4771,5198,8570,1399,ITH,ITH4,6,Friuli-Venezia Giulia,Friuli Venezia Giulia,1215220,518207,42.64,0.82
1476,2021-03-10,FVG,3579,1691,1888,1786,1793,ITH,ITH4,6,Friuli-Venezia Giulia,Friuli Venezia Giulia,1215220,521786,42.94,0.29
1477,2021-02-24,FVG,2522,1086,1436,2504,18,ITH,ITH4,6,Friuli-Venezia Giulia,Friuli Venezia Giulia,1215220,524308,43.15,0.21
1478,2021-03-27,FVG,5352,2898,2454,3941,1411,ITH,ITH4,6,Friuli-Venezia Giulia,Friuli Venezia Giulia,1215220,529660,43.59,0.44
1479,2021-05-06,FVG,11875,5516,6359,7918,3957,ITH,ITH4,6,Friuli-Venezia Giulia,Friuli Venezia Giulia,1215220,541535,44.56,0.98
1480,2021-05-25,FVG,12863,6360,6503,9552,3311,ITH,ITH4,6,Friuli-Venezia Giulia,Friuli Venezia Giulia,1215220,554398,45.62,1.06
1481,2021-06-11,FVG,10413,5695,4718,9683,730,ITH,ITH4,6,Friuli-Venezia Giulia,Friuli Venezia Giulia,1215220,564811,46.48,0.86
1482,2021-03-03,FVG,3643,1631,2012,2370,1273,ITH,ITH4,6,Friuli-Venezia Giulia,Friuli Venezia Giulia,1215220,568454,46.78,0.3
1483,2021-05-27,FVG,12785,6119,6666,7570,5215,ITH,ITH4,6,Friuli-Venezia Giulia,Friuli Venezia Giulia,1215220,581239,47.83,1.05
1484,2021-04-03,FVG,3985,1970,2015,2656,1329,ITH,ITH4,6,Friuli-Venezia Giulia,Friuli Venezia Giulia,1215220,585224,48.16,0.33
1485,2021-06-10,FVG,10357,5427,4930,9461,896,ITH,ITH4,6,Friuli-Venezia Giulia,Friuli Venezia Giulia,1215220,595581,49.01,0.85
1486,2021-03-19,FVG,3248,1348,1900,1315,1933,ITH,ITH4,6,Friuli-Venezia Giulia,Friuli Venezia Giulia,1215220,598829,49.28,0.27
1487,2021-05-23,FVG,10268,4853,5415,6120,4148,ITH,ITH4,6,Friuli-Venezia Giulia,Friuli Venezia Giulia,1215220,609097,50.12,0.84
1488,2021-01-07,FVG,2093,718,1375,2093,0,ITH,ITH4,6,Friuli-Venezia Giulia,Friuli Venezia Giulia,1215220,611190,50.29,0.17
1489,2021-03-05,FVG,3771,1511,2260,2698,1073,ITH,ITH4,6,Friuli-Venezia Giulia,Friuli Venezia Giulia,1215220,614961,50.6,0.31
1490,2021-04-19,FVG,6710,3133,3577,3295,3415,ITH,ITH4,6,Friuli-Venezia Giulia,Friuli Venezia Giulia,1215220,621671,51.16,0.55
1491,2021-01-09,FVG,2513,841,1672,2513,0,ITH,ITH4,6,Friuli-Venezia Giulia,Friuli Venezia Giulia,1215220,624184,51.36,0.21
1492,2021-06-15,FVG,11574,5853,5721,5279,6295,ITH,ITH4,6,Friuli-Venezia Giulia,Friuli Venezia Giulia,1215220,635758,52.32,0.95
1493,2021-03-07,FVG,2547,932,1615,2546,1,ITH,ITH4,6,Friuli-Venezia Giulia,Friuli Venezia Giulia,1215220,638305,52.53,0.21
1494,2021-05-30,FVG,11056,4986,6070,7472,3584,ITH,ITH4,6,Friuli-Venezia Giulia,Friuli Venezia Giulia,1215220,649361,53.44,0.91
1495,2021-03-15,FVG,3952,1809,2143,1631,2321,ITH,ITH4,6,Friuli-Venezia Giulia,Friuli Venezia Giulia,1215220,653313,53.76,0.33
1496,2021-05-11,FVG,9019,4326,4693,7217,1802,ITH,ITH4,6,Friuli-Venezia Giulia,Friuli Venezia Giulia,1215220,662332,54.5,0.74
1497,2021-01-31,FVG,2716,837,1879,385,2331,ITH,ITH4,6,Friuli-Venezia Giulia,Friuli Venezia Giulia,1215220,665048,54.73,0.22
1498,2021-05-29,FVG,12008,5841,6167,7021,4987,ITH,ITH4,6,Friuli-Venezia Giulia,Friuli Venezia Giulia,1215220,677056,55.71,0.99
1499,2021-03-17,FVG,3236,1267,1969,745,2491,ITH,ITH4,6,Friuli-Venezia Giulia,Friuli Venezia Giulia,1215220,680292,55.98,0.27
1500,2021-05-13,FVG,11129,5363,5766,9076,2053,ITH,ITH4,6,Friuli-Venezia Giulia,Friuli Venezia Giulia,1215220,691421,56.9,0.92
1501,2021-02-16,FVG,2516,1135,1381,2400,116,ITH,ITH4,6,Friuli-Venezia Giulia,Friuli Venezia Giulia,1215220,693937,57.1,0.21
1502,2021-03-24,FVG,3967,1711,2256,2486,1481,ITH,ITH4,6,Friuli-Venezia Giulia,Friuli Venezia Giulia,1215220,697904,57.43,0.33
1503,2021-05-20,FVG,12644,6279,6365,10133,2511,ITH,ITH4,6,Friuli-Venezia Giulia,Friuli Venezia Giulia,1215220,710548,58.47,1.04
1504,2021-01-26,FVG,1977,647,1330,217,1760,ITH,ITH4,6,Friuli-Venezia Giulia,Friuli Venezia Giulia,1215220,712525,58.63,0.16
1505,2021-04-15,FVG,6490,2862,3628,5219,1271,ITH,ITH4,6,Friuli-Venezia Giulia,Friuli Venezia Giulia,1215220,719015,59.17,0.53
1506,2021-04-29,FVG,6697,2939,3758,4164,2533,ITH,ITH4,6,Friuli-Venezia Giulia,Friuli Venezia Giulia,1215220,725712,59.72,0.55
1507,2021-01-05,FVG,1678,551,1127,1678,0,ITH,ITH4,6,Friuli-Venezia Giulia,Friuli Venezia Giulia,1215220,727390,59.86,0.14
1508,2021-02-05,FVG,2609,784,1825,89,2520,ITH,ITH4,6,Friuli-Venezia Giulia,Friuli Venezia Giulia,1215220,729999,60.07,0.21
1509,2021-04-14,FVG,7216,3118,4098,5504,1712,ITH,ITH4,6,Friuli-Venezia Giulia,Friuli Venezia Giulia,1215220,737215,60.67,0.59
1510,2021-04-07,FVG,7788,3593,4195,7006,782,ITH,ITH4,6,Friuli-Venezia Giulia,Friuli Venezia Giulia,1215220,745003,61.31,0.64
1511,2021-01-28,FVG,2239,794,1445,354,1885,ITH,ITH4,6,Friuli-Venezia Giulia,Friuli Venezia Giulia,1215220,747242,61.49,0.18
1512,2021-05-08,FVG,10265,4640,5625,5486,4779,ITH,ITH4,6,Friuli-Venezia Giulia,Friuli Venezia Giulia,1215220,757507,62.33,0.84
1513,2021-05-10,FVG,7937,3526,4411,6396,1541,ITH,ITH4,6,Friuli-Venezia Giulia,Friuli Venezia Giulia,1215220,765444,62.99,0.65
1514,2020-12-31,FVG,1053,384,669,1053,0,ITH,ITH4,6,Friuli-Venezia Giulia,Friuli Venezia Giulia,1215220,766497,63.07,0.09
1515,2021-06-17,FVG,10742,5419,5323,2202,8540,ITH,ITH4,6,Friuli-Venezia Giulia,Friuli Venezia Giulia,1215220,777239,63.96,0.88
1516,2021-05-22,FVG,11537,5180,6357,7306,4231,ITH,ITH4,6,Friuli-Venezia Giulia,Friuli Venezia Giulia,1215220,788776,64.91,0.95
1517,2021-05-03,FVG,7208,3285,3923,3429,3779,ITH,ITH4,6,Friuli-Venezia Giulia,Friuli Venezia Giulia,1215220,795984,65.5,0.59
1518,2021-01-14,FVG,2584,789,1795,2584,0,ITH,ITH4,6,Friuli-Venezia Giulia,Friuli Venezia Giulia,1215220,798568,65.71,0.21
1519,2021-06-08,FVG,10005,5225,4780,9646,359,ITH,ITH4,6,Friuli-Venezia Giulia,Friuli Venezia Giulia,1215220,808573,66.54,0.82
1520,2021-02-28,FVG,2685,1002,1683,2292,393,ITH,ITH4,6,Friuli-Venezia Giulia,Friuli Venezia Giulia,1215220,811258,66.76,0.22
1521,2021-04-26,FVG,5460,2451,3009,3811,1649,ITH,ITH4,6,Friuli-Venezia Giulia,Friuli Venezia Giulia,1215220,816718,67.21,0.45
1522,2021-02-09,FVG,1842,555,1287,1556,286,ITH,ITH4,6,Friuli-Venezia Giulia,Friuli Venezia Giulia,1215220,818560,67.36,0.15
1523,2021-02-02,FVG,2467,806,1661,217,2250,ITH,ITH4,6,Friuli-Venezia Giulia,Friuli Venezia Giulia,1215220,821027,67.56,0.2
1524,2021-03-31,FVG,8091,3550,4541,7245,846,ITH,ITH4,6,Friuli-Venezia Giulia,Friuli Venezia Giulia,1215220,829118,68.23,0.67
1525,2021-06-03,FVG,12221,6663,5558,10252,1969,ITH,ITH4,6,Friuli-Venezia Giulia,Friuli Venezia Giulia,1215220,841339,69.23,1.01
1526,2021-01-19,FVG,6,2,4,6,0,ITH,ITH4,6,Friuli-Venezia Giulia,Friuli Venezia Giulia,1215220,841345,69.23,0.0
1527,2021-02-22,FVG,2485,1193,1292,2067,418,ITH,ITH4,6,Friuli-Venezia Giulia,Friuli Venezia Giulia,1215220,843830,69.44,0.2
1528,2021-06-02,FVG,9400,4948,4452,9122,278,ITH,ITH4,6,Friuli-Venezia Giulia,Friuli Venezia Giulia,1215220,853230,70.21,0.77
1529,2021-02-07,FVG,1562,482,1080,385,1177,ITH,ITH4,6,Friuli-Venezia Giulia,Friuli Venezia Giulia,1215220,854792,70.34,0.13
1530,2021-05-18,FVG,10733,5376,5357,8661,2072,ITH,ITH4,6,Friuli-Venezia Giulia,Friuli Venezia Giulia,1215220,865525,71.22,0.88
1531,2021-06-01,FVG,10068,5097,4971,7948,2120,ITH,ITH4,6,Friuli-Venezia Giulia,Friuli Venezia Giulia,1215220,875593,72.05,0.83
1532,2021-03-29,FVG,6985,3108,3877,5404,1581,ITH,ITH4,6,Friuli-Venezia Giulia,Friuli Venezia Giulia,1215220,882578,72.63,0.57
1533,2021-05-15,FVG,12631,6091,6540,7947,4684,ITH,ITH4,6,Friuli-Venezia Giulia,Friuli Venezia Giulia,1215220,895209,73.67,1.04
1534,2021-05-01,FVG,7189,3244,3945,6146,1043,ITH,ITH4,6,Friuli-Venezia Giulia,Friuli Venezia Giulia,1215220,902398,74.26,0.59
1535,2021-01-21,FVG,896,345,551,1,895,ITH,ITH4,6,Friuli-Venezia Giulia,Friuli Venezia Giulia,1215220,903294,74.33,0.07
1536,2021-02-21,FVG,801,281,520,423,378,ITH,ITH4,6,Friuli-Venezia Giulia,Friuli Venezia Giulia,1215220,904095,74.4,0.07
1537,2021-03-26,FVG,5988,2593,3395,3972,2016,ITH,ITH4,6,Friuli-Venezia Giulia,Friuli Venezia Giulia,1215220,910083,74.89,0.49
1538,2021-03-12,FVG,4098,1692,2406,2717,1381,ITH,ITH4,6,Friuli-Venezia Giulia,Friuli Venezia Giulia,1215220,914181,75.23,0.34
1539,2021-01-02,FVG,1216,470,746,1216,0,ITH,ITH4,6,Friuli-Venezia Giulia,Friuli Venezia Giulia,1215220,915397,75.33,0.1
1540,2021-04-12,FVG,7255,3181,4074,6124,1131,ITH,ITH4,6,Friuli-Venezia Giulia,Friuli Venezia Giulia,1215220,922652,75.92,0.6
1541,2021-04-21,PAT,2894,1349,1545,2844,50,ITH,ITH2,4,Provincia Autonoma Trento,P.A. Trento,541380,2894,0.53,0.53
1542,2021-01-28,PAT,530,147,383,48,482,ITH,ITH2,4,Provincia Autonoma Trento,P.A. Trento,541380,3424,0.63,0.1
1543,2021-01-11,PAT,730,221,509,730,0,ITH,ITH2,4,Provincia Autonoma Trento,P.A. Trento,541380,4154,0.77,0.13
1544,2021-02-16,PAT,663,244,419,658,5,ITH,ITH2,4,Provincia Autonoma Trento,P.A. Trento,541380,4817,0.89,0.12
1545,2021-04-23,PAT,3608,1753,1855,3554,54,ITH,ITH2,4,Provincia Autonoma Trento,P.A. Trento,541380,8425,1.56,0.67
1546,2021-01-30,PAT,386,132,254,152,234,ITH,ITH2,4,Provincia Autonoma Trento,P.A. Trento,541380,8811,1.63,0.07
1547,2021-05-10,PAT,3208,1646,1562,2703,505,ITH,ITH2,4,Provincia Autonoma Trento,P.A. Trento,541380,12019,2.22,0.59
1548,2021-06-12,PAT,5353,2688,2665,471,4882,ITH,ITH2,4,Provincia Autonoma Trento,P.A. Trento,541380,17372,3.21,0.99
1549,2021-03-21,PAT,129,69,60,129,0,ITH,ITH2,4,Provincia Autonoma Trento,P.A. Trento,541380,17501,3.23,0.02
1550,2021-05-24,PAT,4383,2012,2371,1360,3023,ITH,ITH2,4,Provincia Autonoma Trento,P.A. Trento,541380,21884,4.04,0.81
1551,2021-03-02,PAT,1304,440,864,928,376,ITH,ITH2,4,Provincia Autonoma Trento,P.A. Trento,541380,23188,4.28,0.24
1552,2021-06-10,PAT,6102,2971,3131,1910,4192,ITH,ITH2,4,Provincia Autonoma Trento,P.A. Trento,541380,29290,5.41,1.13
1553,2021-04-09,PAT,2710,1146,1564,1510,1200,ITH,ITH2,4,Provincia Autonoma Trento,P.A. Trento,541380,32000,5.91,0.5
1554,2021-02-11,PAT,1132,365,767,796,336,ITH,ITH2,4,Provincia Autonoma Trento,P.A. Trento,541380,33132,6.12,0.21
1555,2021-02-25,PAT,1641,643,998,1200,441,ITH,ITH2,4,Provincia Autonoma Trento,P.A. Trento,541380,34773,6.42,0.3
1556,2020-12-30,PAT,7,3,4,7,0,ITH,ITH2,4,Provincia Autonoma Trento,P.A. Trento,541380,34780,6.42,0.0
1557,2021-06-05,PAT,4077,1915,2162,751,3326,ITH,ITH2,4,Provincia Autonoma Trento,P.A. Trento,541380,38857,7.18,0.75
1558,2021-05-22,PAT,3248,1593,1655,924,2324,ITH,ITH2,4,Provincia Autonoma Trento,P.A. Trento,541380,42105,7.78,0.6
1559,2021-01-23,PAT,577,334,243,388,189,ITH,ITH2,4,Provincia Autonoma Trento,P.A. Trento,541380,42682,7.88,0.11
1560,2021-05-03,PAT,4256,2195,2061,4102,154,ITH,ITH2,4,Provincia Autonoma Trento,P.A. Trento,541380,46938,8.67,0.79
1561,2021-05-05,PAT,4985,2578,2407,4694,291,ITH,ITH2,4,Provincia Autonoma Trento,P.A. Trento,541380,51923,9.59,0.92
1562,2021-01-16,PAT,319,148,171,319,0,ITH,ITH2,4,Provincia Autonoma Trento,P.A. Trento,541380,52242,9.65,0.06
1563,2021-04-28,PAT,4247,1974,2273,4109,138,ITH,ITH2,4,Provincia Autonoma Trento,P.A. Trento,541380,56489,10.43,0.78
1564,2021-03-09,PAT,1582,590,992,938,644,ITH,ITH2,4,Provincia Autonoma Trento,P.A. Trento,541380,58071,10.73,0.29
1565,2021-06-17,PAT,5998,3213,2785,2004,3994,ITH,ITH2,4,Provincia Autonoma Trento,P.A. Trento,541380,64069,11.83,1.11
1566,2021-03-14,PAT,107,65,42,20,87,ITH,ITH2,4,Provincia Autonoma Trento,P.A. Trento,541380,64176,11.85,0.02
1567,2021-03-07,PAT,22,6,16,22,0,ITH,ITH2,4,Provincia Autonoma Trento,P.A. Trento,541380,64198,11.86,0.0
1568,2021-01-09,PAT,190,40,150,190,0,ITH,ITH2,4,Provincia Autonoma Trento,P.A. Trento,541380,64388,11.89,0.04
1569,2021-03-26,PAT,3221,1253,1968,2611,610,ITH,ITH2,4,Provincia Autonoma Trento,P.A. Trento,541380,67609,12.49,0.59
1570,2021-02-04,PAT,976,304,672,422,554,ITH,ITH2,4,Provincia Autonoma Trento,P.A. Trento,541380,68585,12.67,0.18
1571,2021-02-06,PAT,574,298,276,433,141,ITH,ITH2,4,Provincia Autonoma Trento,P.A. Trento,541380,69159,12.77,0.11
1572,2021-02-23,PAT,1110,395,715,897,213,ITH,ITH2,4,Provincia Autonoma Trento,P.A. Trento,541380,70269,12.98,0.21
1573,2021-05-17,PAT,4293,2122,2171,3942,351,ITH,ITH2,4,Provincia Autonoma Trento,P.A. Trento,541380,74562,13.77,0.79
1574,2021-04-14,PAT,3115,1464,1651,2379,736,ITH,ITH2,4,Provincia Autonoma Trento,P.A. Trento,541380,77677,14.35,0.58
1575,2021-03-28,PAT,751,294,457,749,2,ITH,ITH2,4,Provincia Autonoma Trento,P.A. Trento,541380,78428,14.49,0.14
1576,2021-01-04,PAT,870,227,643,870,0,ITH,ITH2,4,Provincia Autonoma Trento,P.A. Trento,541380,79298,14.65,0.16
1577,2021-05-31,PAT,4713,2170,2543,1676,3037,ITH,ITH2,4,Provincia Autonoma Trento,P.A. Trento,541380,84011,15.52,0.87
1578,2021-02-20,PAT,407,245,162,123,284,ITH,ITH2,4,Provincia Autonoma Trento,P.A. Trento,541380,84418,15.59,0.08
1579,2021-03-18,PAT,2320,957,1363,1240,1080,ITH,ITH2,4,Provincia Autonoma Trento,P.A. Trento,541380,86738,16.02,0.43
1580,2021-06-09,PAT,6230,3075,3155,2161,4069,ITH,ITH2,4,Provincia Autonoma Trento,P.A. Trento,541380,92968,17.17,1.15
1581,2021-04-06,PAT,2260,950,1310,1495,765,ITH,ITH2,4,Provincia Autonoma Trento,P.A. Trento,541380,95228,17.59,0.42
1582,2021-01-13,PAT,421,123,298,421,0,ITH,ITH2,4,Provincia Autonoma Trento,P.A. Trento,541380,95649,17.67,0.08
1583,2021-03-04,PAT,2359,794,1565,1581,778,ITH,ITH2,4,Provincia Autonoma Trento,P.A. Trento,541380,98008,18.1,0.44
1584,2021-01-27,PAT,804,277,527,93,711,ITH,ITH2,4,Provincia Autonoma Trento,P.A. Trento,541380,98812,18.25,0.15
1585,2021-02-13,PAT,537,333,204,172,365,ITH,ITH2,4,Provincia Autonoma Trento,P.A. Trento,541380,99349,18.35,0.1
1586,2021-05-07,PAT,5988,3080,2908,5149,839,ITH,ITH2,4,Provincia Autonoma Trento,P.A. Trento,541380,105337,19.46,1.11
1587,2021-04-01,PAT,2896,1229,1667,1802,1094,ITH,ITH2,4,Provincia Autonoma Trento,P.A. Trento,541380,108233,19.99,0.53
1588,2021-03-23,PAT,2446,944,1502,1706,740,ITH,ITH2,4,Provincia Autonoma Trento,P.A. Trento,541380,110679,20.44,0.45
1589,2021-05-28,PAT,3713,1734,1979,1492,2221,ITH,ITH2,4,Provincia Autonoma Trento,P.A. Trento,541380,114392,21.13,0.69
1590,2021-01-25,PAT,818,215,603,24,794,ITH,ITH2,4,Provincia Autonoma Trento,P.A. Trento,541380,115210,21.28,0.15
1591,2021-03-25,PAT,2874,1104,1770,1825,1049,ITH,ITH2,4,Provincia Autonoma Trento,P.A. Trento,541380,118084,21.81,0.53
1592,2021-05-29,PAT,2232,1164,1068,840,1392,ITH,ITH2,4,Provincia Autonoma Trento,P.A. Trento,541380,120316,22.22,0.41
1593,2021-04-02,PAT,2820,1153,1667,2145,675,ITH,ITH2,4,Provincia Autonoma Trento,P.A. Trento,541380,123136,22.74,0.52
1594,2021-04-16,PAT,2838,1344,1494,2693,145,ITH,ITH2,4,Provincia Autonoma Trento,P.A. Trento,541380,125974,23.27,0.52
1595,2021-02-18,PAT,1208,426,782,1146,62,ITH,ITH2,4,Provincia Autonoma Trento,P.A. Trento,541380,127182,23.49,0.22
1596,2021-01-06,PAT,42,13,29,42,0,ITH,ITH2,4,Provincia Autonoma Trento,P.A. Trento,541380,127224,23.5,0.01
1597,2021-06-16,PAT,6196,3341,2855,2042,4154,ITH,ITH2,4,Provincia Autonoma Trento,P.A. Trento,541380,133420,24.64,1.14
1598,2021-05-12,PAT,3299,1491,1808,2114,1185,ITH,ITH2,4,Provincia Autonoma Trento,P.A. Trento,541380,136719,25.25,0.61
1599,2021-03-16,PAT,1391,506,885,608,783,ITH,ITH2,4,Provincia Autonoma Trento,P.A. Trento,541380,138110,25.51,0.26
1600,2021-05-14,PAT,5312,2539,2773,3932,1380,ITH,ITH2,4,Provincia Autonoma Trento,P.A. Trento,541380,143422,26.49,0.98
1601,2021-02-08,PAT,1151,318,833,342,809,ITH,ITH2,4,Provincia Autonoma Trento,P.A. Trento,541380,144573,26.7,0.21
1602,2021-05-21,PAT,5041,2416,2625,3339,1702,ITH,ITH2,4,Provincia Autonoma Trento,P.A. Trento,541380,149614,27.64,0.93
1603,2021-04-13,PAT,2555,1058,1497,2048,507,ITH,ITH2,4,Provincia Autonoma Trento,P.A. Trento,541380,152169,28.11,0.47
1604,2021-01-20,PAT,291,73,218,279,12,ITH,ITH2,4,Provincia Autonoma Trento,P.A. Trento,541380,152460,28.16,0.05
1605,2021-04-30,PAT,4925,2401,2524,4774,151,ITH,ITH2,4,Provincia Autonoma Trento,P.A. Trento,541380,157385,29.07,0.91
1606,2021-05-19,PAT,5096,2454,2642,3842,1254,ITH,ITH2,4,Provincia Autonoma Trento,P.A. Trento,541380,162481,30.01,0.94
1607,2021-06-02,PAT,2838,1359,1479,944,1894,ITH,ITH2,4,Provincia Autonoma Trento,P.A. Trento,541380,165319,30.54,0.52
1608,2021-03-11,PAT,2298,851,1447,1474,824,ITH,ITH2,4,Provincia Autonoma Trento,P.A. Trento,541380,167617,30.96,0.42
1609,2021-01-18,PAT,643,154,489,588,55,ITH,ITH2,4,Provincia Autonoma Trento,P.A. Trento,541380,168260,31.08,0.12
1610,2021-05-02,PAT,3514,1955,1559,3477,37,ITH,ITH2,4,Provincia Autonoma Trento,P.A. Trento,541380,171774,31.73,0.65
1611,2021-01-08,PAT,1449,313,1136,1449,0,ITH,ITH2,4,Provincia Autonoma Trento,P.A. Trento,541380,173223,32.0,0.27
1612,2021-06-14,PAT,5711,2957,2754,2110,3601,ITH,ITH2,4,Provincia Autonoma Trento,P.A. Trento,541380,178934,33.05,1.05
1613,2021-04-18,PAT,1855,845,1010,1846,9,ITH,ITH2,4,Provincia Autonoma Trento,P.A. Trento,541380,180789,33.39,0.34
1614,2021-03-06,PAT,786,277,509,635,151,ITH,ITH2,4,Provincia Autonoma Trento,P.A. Trento,541380,181575,33.54,0.15
1615,2021-04-11,PAT,2340,1135,1205,2249,91,ITH,ITH2,4,Provincia Autonoma Trento,P.A. Trento,541380,183915,33.97,0.43
1616,2021-02-27,PAT,1029,457,572,608,421,ITH,ITH2,4,Provincia Autonoma Trento,P.A. Trento,541380,184944,34.16,0.19
1617,2021-02-12,PAT,1010,340,670,589,421,ITH,ITH2,4,Provincia Autonoma Trento,P.A. Trento,541380,185954,34.35,0.19
1618,2021-03-01,PAT,1237,454,783,942,295,ITH,ITH2,4,Provincia Autonoma Trento,P.A. Trento,541380,187191,34.58,0.23
1619,2021-03-20,PAT,874,403,471,671,203,ITH,ITH2,4,Provincia Autonoma Trento,P.A. Trento,541380,188065,34.74,0.16
1620,2021-03-03,PAT,1659,622,1037,1141,518,ITH,ITH2,4,Provincia Autonoma Trento,P.A. Trento,541380,189724,35.04,0.31
1621,2021-06-11,PAT,7163,3407,3756,1558,5605,ITH,ITH2,4,Provincia Autonoma Trento,P.A. Trento,541380,196887,36.37,1.32
1622,2021-06-13,PAT,3683,2033,1650,295,3388,ITH,ITH2,4,Provincia Autonoma Trento,P.A. Trento,541380,200570,37.05,0.68
1623,2020-12-27,PAT,103,40,63,103,0,ITH,ITH2,4,Provincia Autonoma Trento,P.A. Trento,541380,200673,37.07,0.02
1624,2021-04-20,PAT,2878,1376,1502,2842,36,ITH,ITH2,4,Provincia Autonoma Trento,P.A. Trento,541380,203551,37.6,0.53
1625,2021-05-09,PAT,2323,1210,1113,1979,344,ITH,ITH2,4,Provincia Autonoma Trento,P.A. Trento,541380,205874,38.03,0.43
1626,2021-02-15,PAT,534,188,346,420,114,ITH,ITH2,4,Provincia Autonoma Trento,P.A. Trento,541380,206408,38.13,0.1
1627,2021-05-26,PAT,3917,1843,2074,1225,2692,ITH,ITH2,4,Provincia Autonoma Trento,P.A. Trento,541380,210325,38.85,0.72
1628,2021-03-30,PAT,2387,973,1414,1750,637,ITH,ITH2,4,Provincia Autonoma Trento,P.A. Trento,541380,212712,39.29,0.44
1629,2021-06-06,PAT,2228,1061,1167,445,1783,ITH,ITH2,4,Provincia Autonoma Trento,P.A. Trento,541380,214940,39.7,0.41
1630,2021-02-17,PAT,1112,425,687,1021,91,ITH,ITH2,4,Provincia Autonoma Trento,P.A. Trento,541380,216052,39.91,0.21
1631,2021-03-15,PAT,1411,545,866,947,464,ITH,ITH2,4,Provincia Autonoma Trento,P.A. Trento,541380,217463,40.17,0.26
1632,2021-01-17,PAT,251,195,56,251,0,ITH,ITH2,4,Provincia Autonoma Trento,P.A. Trento,541380,217714,40.21,0.05
1633,2021-05-11,PAT,3697,1749,1948,2849,848,ITH,ITH2,4,Provincia Autonoma Trento,P.A. Trento,541380,221411,40.9,0.68
1634,2021-04-27,PAT,3908,1877,2031,3840,68,ITH,ITH2,4,Provincia Autonoma Trento,P.A. Trento,541380,225319,41.62,0.72
1635,2021-05-04,PAT,4508,2447,2061,4414,94,ITH,ITH2,4,Provincia Autonoma Trento,P.A. Trento,541380,229827,42.45,0.83
1636,2021-03-08,PAT,1411,434,977,1057,354,ITH,ITH2,4,Provincia Autonoma Trento,P.A. Trento,541380,231238,42.71,0.26
1637,2021-02-01,PAT,1221,335,886,92,1129,ITH,ITH2,4,Provincia Autonoma Trento,P.A. Trento,541380,232459,42.94,0.23
1638,2021-02-03,PAT,847,315,532,414,433,ITH,ITH2,4,Provincia Autonoma Trento,P.A. Trento,541380,233306,43.09,0.16
1639,2021-05-23,PAT,1955,993,962,447,1508,ITH,ITH2,4,Provincia Autonoma Trento,P.A. Trento,541380,235261,43.46,0.36
1640,2021-04-10,PAT,2799,1307,1492,2004,795,ITH,ITH2,4,Provincia Autonoma Trento,P.A. Trento,541380,238060,43.97,0.52
1641,2021-03-13,PAT,831,381,450,783,48,ITH,ITH2,4,Provincia Autonoma Trento,P.A. Trento,541380,238891,44.13,0.15
1642,2021-04-29,PAT,4638,2237,2401,4428,210,ITH,ITH2,4,Provincia Autonoma Trento,P.A. Trento,541380,243529,44.98,0.86
1643,2021-01-22,PAT,1668,433,1235,329,1339,ITH,ITH2,4,Provincia Autonoma Trento,P.A. Trento,541380,245197,45.29,0.31
1644,2021-02-05,PAT,802,272,530,283,519,ITH,ITH2,4,Provincia Autonoma Trento,P.A. Trento,541380,245999,45.44,0.15
1645,2021-05-16,PAT,1330,735,595,1091,239,ITH,ITH2,4,Provincia Autonoma Trento,P.A. Trento,541380,247329,45.68,0.25
1646,2021-01-05,PAT,709,232,477,709,0,ITH,ITH2,4,Provincia Autonoma Trento,P.A. Trento,541380,248038,45.82,0.13
1647,2021-04-15,PAT,3186,1438,1748,3032,154,ITH,ITH2,4,Provincia Autonoma Trento,P.A. Trento,541380,251224,46.4,0.59
1648,2021-01-01,PAT,213,50,163,213,0,ITH,ITH2,4,Provincia Autonoma Trento,P.A. Trento,541380,251437,46.44,0.04
1649,2021-06-07,PAT,5788,2880,2908,2805,2983,ITH,ITH2,4,Provincia Autonoma Trento,P.A. Trento,541380,257225,47.51,1.07
1650,2021-04-25,PAT,1971,940,1031,1964,7,ITH,ITH2,4,Provincia Autonoma Trento,P.A. Trento,541380,259196,47.88,0.36
1651,2021-05-25,PAT,4763,2266,2497,1865,2898,ITH,ITH2,4,Provincia Autonoma Trento,P.A. Trento,541380,263959,48.76,0.88
1652,2021-05-08,PAT,3160,1724,1436,2738,422,ITH,ITH2,4,Provincia Autonoma Trento,P.A. Trento,541380,267119,49.34,0.58
1653,2021-02-14,PAT,246,186,60,11,235,ITH,ITH2,4,Provincia Autonoma Trento,P.A. Trento,541380,267365,49.39,0.05
1654,2021-01-10,PAT,84,19,65,84,0,ITH,ITH2,4,Provincia Autonoma Trento,P.A. Trento,541380,267449,49.4,0.02
1655,2021-01-29,PAT,1354,332,1022,55,1299,ITH,ITH2,4,Provincia Autonoma Trento,P.A. Trento,541380,268803,49.65,0.25
1656,2021-04-22,PAT,3151,1470,1681,3104,47,ITH,ITH2,4,Provincia Autonoma Trento,P.A. Trento,541380,271954,50.23,0.58
1657,2021-04-07,PAT,2610,1016,1594,1668,942,ITH,ITH2,4,Provincia Autonoma Trento,P.A. Trento,541380,274564,50.72,0.48
1658,2021-02-10,PAT,853,291,562,511,342,ITH,ITH2,4,Provincia Autonoma Trento,P.A. Trento,541380,275417,50.87,0.16
1659,2021-04-08,PAT,3116,1296,1820,1998,1118,ITH,ITH2,4,Provincia Autonoma Trento,P.A. Trento,541380,278533,51.45,0.58
1660,2020-12-31,PAT,1624,449,1175,1624,0,ITH,ITH2,4,Provincia Autonoma Trento,P.A. Trento,541380,280157,51.75,0.3
1661,2021-05-30,PAT,1770,872,898,930,840,ITH,ITH2,4,Provincia Autonoma Trento,P.A. Trento,541380,281927,52.08,0.33
1662,2021-04-03,PAT,1138,471,667,971,167,ITH,ITH2,4,Provincia Autonoma Trento,P.A. Trento,541380,283065,52.29,0.21
1663,2021-04-24,PAT,3513,1684,1829,3499,14,ITH,ITH2,4,Provincia Autonoma Trento,P.A. Trento,541380,286578,52.93,0.65
1664,2021-02-26,PAT,1218,435,783,923,295,ITH,ITH2,4,Provincia Autonoma Trento,P.A. Trento,541380,287796,53.16,0.22
1665,2021-01-14,PAT,700,203,497,700,0,ITH,ITH2,4,Provincia Autonoma Trento,P.A. Trento,541380,288496,53.29,0.13
1666,2021-02-28,PAT,242,121,121,242,0,ITH,ITH2,4,Provincia Autonoma Trento,P.A. Trento,541380,288738,53.33,0.04
1667,2021-06-08,PAT,5914,2863,3051,1870,4044,ITH,ITH2,4,Provincia Autonoma Trento,P.A. Trento,541380,294652,54.43,1.09
1668,2021-04-26,PAT,2652,1250,1402,2558,94,ITH,ITH2,4,Provincia Autonoma Trento,P.A. Trento,541380,297304,54.92,0.49
1669,2021-03-22,PAT,2307,973,1334,1432,875,ITH,ITH2,4,Provincia Autonoma Trento,P.A. Trento,541380,299611,55.34,0.43
1670,2021-01-24,PAT,547,276,271,224,323,ITH,ITH2,4,Provincia Autonoma Trento,P.A. Trento,541380,300158,55.44,0.1
1671,2021-01-31,PAT,75,15,60,1,74,ITH,ITH2,4,Provincia Autonoma Trento,P.A. Trento,541380,300233,55.46,0.01
1672,2021-01-15,PAT,595,132,463,595,0,ITH,ITH2,4,Provincia Autonoma Trento,P.A. Trento,541380,300828,55.57,0.11
1673,2021-05-20,PAT,5010,2355,2655,3375,1635,ITH,ITH2,4,Provincia Autonoma Trento,P.A. Trento,541380,305838,56.49,0.93
1674,2021-03-24,PAT,2376,940,1436,1556,820,ITH,ITH2,4,Provincia Autonoma Trento,P.A. Trento,541380,308214,56.93,0.44
1675,2021-02-09,PAT,917,287,630,442,475,ITH,ITH2,4,Provincia Autonoma Trento,P.A. Trento,541380,309131,57.1,0.17
1676,2021-03-17,PAT,2070,792,1278,1200,870,ITH,ITH2,4,Provincia Autonoma Trento,P.A. Trento,541380,311201,57.48,0.38
1677,2021-03-27,PAT,1620,710,910,1363,257,ITH,ITH2,4,Provincia Autonoma Trento,P.A. Trento,541380,312821,57.78,0.3
1678,2021-06-04,PAT,5815,2601,3214,1830,3985,ITH,ITH2,4,Provincia Autonoma Trento,P.A. Trento,541380,318636,58.86,1.07
1679,2021-02-24,PAT,1324,525,799,926,398,ITH,ITH2,4,Provincia Autonoma Trento,P.A. Trento,541380,319960,59.1,0.24
1680,2021-06-03,PAT,4762,2233,2529,1304,3458,ITH,ITH2,4,Provincia Autonoma Trento,P.A. Trento,541380,324722,59.98,0.88
1681,2021-01-19,PAT,406,77,329,406,0,ITH,ITH2,4,Provincia Autonoma Trento,P.A. Trento,541380,325128,60.06,0.07
1682,2021-01-12,PAT,505,158,347,505,0,ITH,ITH2,4,Provincia Autonoma Trento,P.A. Trento,541380,325633,60.15,0.09
1683,2021-03-19,PAT,2423,915,1508,1571,852,ITH,ITH2,4,Provincia Autonoma Trento,P.A. Trento,541380,328056,60.6,0.45
1684,2021-04-05,PAT,35,17,18,33,2,ITH,ITH2,4,Provincia Autonoma Trento,P.A. Trento,541380,328091,60.6,0.01
1685,2021-05-27,PAT,4282,1988,2294,1253,3029,ITH,ITH2,4,Provincia Autonoma Trento,P.A. Trento,541380,332373,61.39,0.79
1686,2021-03-05,PAT,2246,703,1543,1679,567,ITH,ITH2,4,Provincia Autonoma Trento,P.A. Trento,541380,334619,61.81,0.41
1687,2021-01-07,PAT,1270,310,960,1270,0,ITH,ITH2,4,Provincia Autonoma Trento,P.A. Trento,541380,335889,62.04,0.23
1688,2021-04-17,PAT,2205,1122,1083,2148,57,ITH,ITH2,4,Provincia Autonoma Trento,P.A. Trento,541380,338094,62.45,0.41
1689,2021-04-19,PAT,2625,1235,1390,2603,22,ITH,ITH2,4,Provincia Autonoma Trento,P.A. Trento,541380,340719,62.94,0.48
1690,2021-06-15,PAT,6213,3269,2944,1710,4503,ITH,ITH2,4,Provincia Autonoma Trento,P.A. Trento,541380,346932,64.08,1.15
1691,2021-02-19,PAT,929,359,570,870,59,ITH,ITH2,4,Provincia Autonoma Trento,P.A. Trento,541380,347861,64.25,0.17
1692,2021-02-02,PAT,908,240,668,191,717,ITH,ITH2,4,Provincia Autonoma Trento,P.A. Trento,541380,348769,64.42,0.17
1693,2021-05-13,PAT,3406,1579,1827,2305,1101,ITH,ITH2,4,Provincia Autonoma Trento,P.A. Trento,541380,352175,65.05,0.63
1694,2021-03-31,PAT,2569,983,1586,1712,857,ITH,ITH2,4,Provincia Autonoma Trento,P.A. Trento,541380,354744,65.53,0.47
1695,2021-01-26,PAT,542,154,388,27,515,ITH,ITH2,4,Provincia Autonoma Trento,P.A. Trento,541380,355286,65.63,0.1
1696,2021-05-06,PAT,5525,2738,2787,4746,779,ITH,ITH2,4,Provincia Autonoma Trento,P.A. Trento,541380,360811,66.65,1.02
1697,2021-03-10,PAT,2403,929,1474,1482,921,ITH,ITH2,4,Provincia Autonoma Trento,P.A. Trento,541380,363214,67.09,0.44
1698,2021-01-03,PAT,492,160,332,492,0,ITH,ITH2,4,Provincia Autonoma Trento,P.A. Trento,541380,363706,67.18,0.09
1699,2021-02-22,PAT,745,259,486,661,84,ITH,ITH2,4,Provincia Autonoma Trento,P.A. Trento,541380,364451,67.32,0.14
1700,2021-05-18,PAT,4247,2009,2238,3405,842,ITH,ITH2,4,Provincia Autonoma Trento,P.A. Trento,541380,368698,68.1,0.78
1701,2021-03-12,PAT,2511,938,1573,1705,806,ITH,ITH2,4,Provincia Autonoma Trento,P.A. Trento,541380,371209,68.57,0.46
1702,2021-01-02,PAT,502,143,359,502,0,ITH,ITH2,4,Provincia Autonoma Trento,P.A. Trento,541380,371711,68.66,0.09
1703,2021-03-29,PAT,2468,960,1508,1733,735,ITH,ITH2,4,Provincia Autonoma Trento,P.A. Trento,541380,374179,69.12,0.46
1704,2021-04-12,PAT,3093,1409,1684,2597,496,ITH,ITH2,4,Provincia Autonoma Trento,P.A. Trento,541380,377272,69.69,0.57
1705,2021-01-21,PAT,352,95,257,228,124,ITH,ITH2,4,Provincia Autonoma Trento,P.A. Trento,541380,377624,69.75,0.07
1706,2021-05-01,PAT,4847,2467,2380,4812,35,ITH,ITH2,4,Provincia Autonoma Trento,P.A. Trento,541380,382471,70.65,0.9
1707,2021-02-21,PAT,155,92,63,43,112,ITH,ITH2,4,Provincia Autonoma Trento,P.A. Trento,541380,382626,70.68,0.03
1708,2021-05-15,PAT,1567,815,752,679,888,ITH,ITH2,4,Provincia Autonoma Trento,P.A. Trento,541380,384193,70.97,0.29
1709,2021-06-01,PAT,4009,1873,2136,1157,2852,ITH,ITH2,4,Provincia Autonoma Trento,P.A. Trento,541380,388202,71.71,0.74
1710,2021-04-24,PAB,5104,2449,2655,4619,485,ITH,ITH1,4,Provincia Autonoma Bolzano / Bozen,P.A. Bolzano,533050,5104,0.96,0.96
1711,2021-04-05,PAB,301,144,157,23,278,ITH,ITH1,4,Provincia Autonoma Bolzano / Bozen,P.A. Bolzano,533050,5405,1.01,0.06
1712,2021-01-12,PAB,1709,459,1250,1709,0,ITH,ITH1,4,Provincia Autonoma Bolzano / Bozen,P.A. Bolzano,533050,7114,1.33,0.32
1713,2021-03-22,PAB,1144,523,621,1139,5,ITH,ITH1,4,Provincia Autonoma Bolzano / Bozen,P.A. Bolzano,533050,8258,1.55,0.21
1714,2021-03-05,PAB,1839,625,1214,1397,442,ITH,ITH1,4,Provincia Autonoma Bolzano / Bozen,P.A. Bolzano,533050,10097,1.89,0.34
1715,2021-05-27,PAB,6085,3200,2885,4075,2010,ITH,ITH1,4,Provincia Autonoma Bolzano / Bozen,P.A. Bolzano,533050,16182,3.04,1.14
1716,2021-06-13,PAB,3617,2017,1600,427,3190,ITH,ITH1,4,Provincia Autonoma Bolzano / Bozen,P.A. Bolzano,533050,19799,3.71,0.68
1717,2021-05-25,PAB,3835,1988,1847,2950,885,ITH,ITH1,4,Provincia Autonoma Bolzano / Bozen,P.A. Bolzano,533050,23634,4.43,0.72
1718,2021-02-14,PAB,297,130,167,297,0,ITH,ITH1,4,Provincia Autonoma Bolzano / Bozen,P.A. Bolzano,533050,23931,4.49,0.06
1719,2021-01-26,PAB,810,291,519,1,809,ITH,ITH1,4,Provincia Autonoma Bolzano / Bozen,P.A. Bolzano,533050,24741,4.64,0.15
1720,2021-03-24,PAB,2062,998,1064,2049,13,ITH,ITH1,4,Provincia Autonoma Bolzano / Bozen,P.A. Bolzano,533050,26803,5.03,0.39
1721,2021-03-10,PAB,1268,529,739,1125,143,ITH,ITH1,4,Provincia Autonoma Bolzano / Bozen,P.A. Bolzano,533050,28071,5.27,0.24
1722,2021-05-06,PAB,5181,2747,2434,2613,2568,ITH,ITH1,4,Provincia Autonoma Bolzano / Bozen,P.A. Bolzano,533050,33252,6.24,0.97
1723,2021-03-17,PAB,581,213,368,580,1,ITH,ITH1,4,Provincia Autonoma Bolzano / Bozen,P.A. Bolzano,533050,33833,6.35,0.11
1724,2021-05-13,PAB,2994,1355,1639,1064,1930,ITH,ITH1,4,Provincia Autonoma Bolzano / Bozen,P.A. Bolzano,533050,36827,6.91,0.56
1725,2021-02-12,PAB,730,217,513,482,248,ITH,ITH1,4,Provincia Autonoma Bolzano / Bozen,P.A. Bolzano,533050,37557,7.05,0.14
1726,2021-04-10,PAB,5391,2664,2727,4803,588,ITH,ITH1,4,Provincia Autonoma Bolzano / Bozen,P.A. Bolzano,533050,42948,8.06,1.01
1727,2020-12-31,PAB,913,519,394,913,0,ITH,ITH1,4,Provincia Autonoma Bolzano / Bozen,P.A. Bolzano,533050,43861,8.23,0.17
1728,2021-04-19,PAB,1871,858,1013,1689,182,ITH,ITH1,4,Provincia Autonoma Bolzano / Bozen,P.A. Bolzano,533050,45732,8.58,0.35
1729,2021-06-15,PAB,1393,812,581,460,933,ITH,ITH1,4,Provincia Autonoma Bolzano / Bozen,P.A. Bolzano,533050,47125,8.84,0.26
1730,2021-04-17,PAB,5233,2599,2634,5189,44,ITH,ITH1,4,Provincia Autonoma Bolzano / Bozen,P.A. Bolzano,533050,52358,9.82,0.98
1731,2021-01-07,PAB,918,327,591,918,0,ITH,ITH1,4,Provincia Autonoma Bolzano / Bozen,P.A. Bolzano,533050,53276,9.99,0.17
1732,2021-06-06,PAB,4529,2175,2354,854,3675,ITH,ITH1,4,Provincia Autonoma Bolzano / Bozen,P.A. Bolzano,533050,57805,10.84,0.85
1733,2021-02-26,PAB,1526,551,975,1496,30,ITH,ITH1,4,Provincia Autonoma Bolzano / Bozen,P.A. Bolzano,533050,59331,11.13,0.29
1734,2021-06-01,PAB,3551,2312,1239,2080,1471,ITH,ITH1,4,Provincia Autonoma Bolzano / Bozen,P.A. Bolzano,533050,62882,11.8,0.67
1735,2021-02-19,PAB,2252,512,1740,2241,11,ITH,ITH1,4,Provincia Autonoma Bolzano / Bozen,P.A. Bolzano,533050,65134,12.22,0.42
1736,2021-05-20,PAB,4720,2332,2388,3252,1468,ITH,ITH1,4,Provincia Autonoma Bolzano / Bozen,P.A. Bolzano,533050,69854,13.1,0.89
1737,2021-03-31,PAB,1832,694,1138,821,1011,ITH,ITH1,4,Provincia Autonoma Bolzano / Bozen,P.A. Bolzano,533050,71686,13.45,0.34
1738,2021-01-05,PAB,830,286,544,830,0,ITH,ITH1,4,Provincia Autonoma Bolzano / Bozen,P.A. Bolzano,533050,72516,13.6,0.16
1739,2021-02-07,PAB,2362,1058,1304,14,2348,ITH,ITH1,4,Provincia Autonoma Bolzano / Bozen,P.A. Bolzano,533050,74878,14.05,0.44
1740,2021-05-18,PAB,3340,1752,1588,2155,1185,ITH,ITH1,4,Provincia Autonoma Bolzano / Bozen,P.A. Bolzano,533050,78218,14.67,0.63
1741,2021-05-01,PAB,2104,1067,1037,1944,160,ITH,ITH1,4,Provincia Autonoma Bolzano / Bozen,P.A. Bolzano,533050,80322,15.07,0.39
1742,2021-01-24,PAB,12,10,2,0,12,ITH,ITH1,4,Provincia Autonoma Bolzano / Bozen,P.A. Bolzano,533050,80334,15.07,0.0
1743,2021-03-21,PAB,768,285,483,14,754,ITH,ITH1,4,Provincia Autonoma Bolzano / Bozen,P.A. Bolzano,533050,81102,15.21,0.14
1744,2021-06-12,PAB,4887,2650,2237,1602,3285,ITH,ITH1,4,Provincia Autonoma Bolzano / Bozen,P.A. Bolzano,533050,85989,16.13,0.92
1745,2021-01-14,PAB,1946,575,1371,1946,0,ITH,ITH1,4,Provincia Autonoma Bolzano / Bozen,P.A. Bolzano,533050,87935,16.5,0.37
1746,2021-04-07,PAB,1798,823,975,1258,540,ITH,ITH1,4,Provincia Autonoma Bolzano / Bozen,P.A. Bolzano,533050,89733,16.83,0.34
1747,2021-03-02,PAB,695,200,495,693,2,ITH,ITH1,4,Provincia Autonoma Bolzano / Bozen,P.A. Bolzano,533050,90428,16.96,0.13
1748,2021-03-19,PAB,1906,773,1133,799,1107,ITH,ITH1,4,Provincia Autonoma Bolzano / Bozen,P.A. Bolzano,533050,92334,17.32,0.36
1749,2021-05-08,PAB,4428,2382,2046,3764,664,ITH,ITH1,4,Provincia Autonoma Bolzano / Bozen,P.A. Bolzano,533050,96762,18.15,0.83
1750,2021-03-03,PAB,1179,393,786,1166,13,ITH,ITH1,4,Provincia Autonoma Bolzano / Bozen,P.A. Bolzano,533050,97941,18.37,0.22
1751,2021-05-10,PAB,3018,1300,1718,1413,1605,ITH,ITH1,4,Provincia Autonoma Bolzano / Bozen,P.A. Bolzano,533050,100959,18.94,0.57
1752,2021-02-16,PAB,530,205,325,530,0,ITH,ITH1,4,Provincia Autonoma Bolzano / Bozen,P.A. Bolzano,533050,101489,19.04,0.1
1753,2021-04-12,PAB,2105,946,1159,2098,7,ITH,ITH1,4,Provincia Autonoma Bolzano / Bozen,P.A. Bolzano,533050,103594,19.43,0.39
1754,2021-03-07,PAB,114,13,101,9,105,ITH,ITH1,4,Provincia Autonoma Bolzano / Bozen,P.A. Bolzano,533050,103708,19.46,0.02
1755,2021-04-21,PAB,3012,1468,1544,2164,848,ITH,ITH1,4,Provincia Autonoma Bolzano / Bozen,P.A. Bolzano,533050,106720,20.02,0.57
1756,2021-01-09,PAB,612,326,286,612,0,ITH,ITH1,4,Provincia Autonoma Bolzano / Bozen,P.A. Bolzano,533050,107332,20.14,0.11
1757,2021-04-29,PAB,2630,1351,1279,1936,694,ITH,ITH1,4,Provincia Autonoma Bolzano / Bozen,P.A. Bolzano,533050,109962,20.63,0.49
1758,2021-01-19,PAB,853,371,482,723,130,ITH,ITH1,4,Provincia Autonoma Bolzano / Bozen,P.A. Bolzano,533050,110815,20.79,0.16
1759,2021-02-09,PAB,317,126,191,1,316,ITH,ITH1,4,Provincia Autonoma Bolzano / Bozen,P.A. Bolzano,533050,111132,20.85,0.06
1760,2021-02-02,PAB,1745,506,1239,8,1737,ITH,ITH1,4,Provincia Autonoma Bolzano / Bozen,P.A. Bolzano,533050,112877,21.18,0.33
1761,2021-06-08,PAB,4143,2115,2028,828,3315,ITH,ITH1,4,Provincia Autonoma Bolzano / Bozen,P.A. Bolzano,533050,117020,21.95,0.78
1762,2021-04-28,PAB,2464,1302,1162,2459,5,ITH,ITH1,4,Provincia Autonoma Bolzano / Bozen,P.A. Bolzano,533050,119484,22.42,0.46
1763,2021-01-16,PAB,2840,1265,1575,2840,0,ITH,ITH1,4,Provincia Autonoma Bolzano / Bozen,P.A. Bolzano,533050,122324,22.95,0.53
1764,2021-01-23,PAB,197,117,80,0,197,ITH,ITH1,4,Provincia Autonoma Bolzano / Bozen,P.A. Bolzano,533050,122521,22.98,0.04
1765,2021-05-03,PAB,1830,847,983,417,1413,ITH,ITH1,4,Provincia Autonoma Bolzano / Bozen,P.A. Bolzano,533050,124351,23.33,0.34
1766,2021-02-23,PAB,769,324,445,763,6,ITH,ITH1,4,Provincia Autonoma Bolzano / Bozen,P.A. Bolzano,533050,125120,23.47,0.14
1767,2021-05-17,PAB,3139,1516,1623,2445,694,ITH,ITH1,4,Provincia Autonoma Bolzano / Bozen,P.A. Bolzano,533050,128259,24.06,0.59
1768,2021-06-03,PAB,4721,2565,2156,3775,946,ITH,ITH1,4,Provincia Autonoma Bolzano / Bozen,P.A. Bolzano,533050,132980,24.95,0.89
1769,2021-03-14,PAB,758,336,422,25,733,ITH,ITH1,4,Provincia Autonoma Bolzano / Bozen,P.A. Bolzano,533050,133738,25.09,0.14
1770,2021-04-14,PAB,3593,1645,1948,3502,91,ITH,ITH1,4,Provincia Autonoma Bolzano / Bozen,P.A. Bolzano,533050,137331,25.76,0.67
1771,2021-01-04,PAB,508,201,307,508,0,ITH,ITH1,4,Provincia Autonoma Bolzano / Bozen,P.A. Bolzano,533050,137839,25.86,0.1
1772,2021-03-12,PAB,1664,734,930,1251,413,ITH,ITH1,4,Provincia Autonoma Bolzano / Bozen,P.A. Bolzano,533050,139503,26.17,0.31
1773,2021-03-29,PAB,1171,499,672,412,759,ITH,ITH1,4,Provincia Autonoma Bolzano / Bozen,P.A. Bolzano,533050,140674,26.39,0.22
1774,2021-01-21,PAB,953,442,511,139,814,ITH,ITH1,4,Provincia Autonoma Bolzano / Bozen,P.A. Bolzano,533050,141627,26.57,0.18
1775,2021-05-15,PAB,6997,3685,3312,6702,295,ITH,ITH1,4,Provincia Autonoma Bolzano / Bozen,P.A. Bolzano,533050,148624,27.88,1.31
1776,2021-02-04,PAB,1958,593,1365,8,1950,ITH,ITH1,4,Provincia Autonoma Bolzano / Bozen,P.A. Bolzano,533050,150582,28.25,0.37
1777,2021-04-02,PAB,2077,837,1240,720,1357,ITH,ITH1,4,Provincia Autonoma Bolzano / Bozen,P.A. Bolzano,533050,152659,28.64,0.39
1778,2021-05-29,PAB,7132,3767,3365,3994,3138,ITH,ITH1,4,Provincia Autonoma Bolzano / Bozen,P.A. Bolzano,533050,159791,29.98,1.34
1779,2021-03-26,PAB,1656,732,924,523,1133,ITH,ITH1,4,Provincia Autonoma Bolzano / Bozen,P.A. Bolzano,533050,161447,30.29,0.31
1780,2021-04-09,PAB,2937,1301,1636,2207,730,ITH,ITH1,4,Provincia Autonoma Bolzano / Bozen,P.A. Bolzano,533050,164384,30.84,0.55
1781,2021-03-04,PAB,1715,1005,710,1486,229,ITH,ITH1,4,Provincia Autonoma Bolzano / Bozen,P.A. Bolzano,533050,166099,31.16,0.32
1782,2021-05-26,PAB,4935,2491,2444,2962,1973,ITH,ITH1,4,Provincia Autonoma Bolzano / Bozen,P.A. Bolzano,533050,171034,32.09,0.93
1783,2021-01-28,PAB,871,308,563,9,862,ITH,ITH1,4,Provincia Autonoma Bolzano / Bozen,P.A. Bolzano,533050,171905,32.25,0.16
1784,2021-04-25,PAB,3072,1497,1575,2401,671,ITH,ITH1,4,Provincia Autonoma Bolzano / Bozen,P.A. Bolzano,533050,174977,32.83,0.58
1785,2021-01-13,PAB,1691,557,1134,1691,0,ITH,ITH1,4,Provincia Autonoma Bolzano / Bozen,P.A. Bolzano,533050,176668,33.14,0.32
1786,2021-01-30,PAB,498,245,253,4,494,ITH,ITH1,4,Provincia Autonoma Bolzano / Bozen,P.A. Bolzano,533050,177166,33.24,0.09
1787,2021-06-17,PAB,1164,650,514,653,511,ITH,ITH1,4,Provincia Autonoma Bolzano / Bozen,P.A. Bolzano,533050,178330,33.45,0.22
1788,2021-01-02,PAB,91,48,43,91,0,ITH,ITH1,4,Provincia Autonoma Bolzano / Bozen,P.A. Bolzano,533050,178421,33.47,0.02
1789,2021-03-18,PAB,1302,531,771,226,1076,ITH,ITH1,4,Provincia Autonoma Bolzano / Bozen,P.A. Bolzano,533050,179723,33.72,0.24
1790,2021-05-14,PAB,5133,2319,2814,3097,2036,ITH,ITH1,4,Provincia Autonoma Bolzano / Bozen,P.A. Bolzano,533050,184856,34.68,0.96
1791,2021-03-16,PAB,1290,532,758,124,1166,ITH,ITH1,4,Provincia Autonoma Bolzano / Bozen,P.A. Bolzano,533050,186146,34.92,0.24
1792,2021-05-12,PAB,3791,2058,1733,3638,153,ITH,ITH1,4,Provincia Autonoma Bolzano / Bozen,P.A. Bolzano,533050,189937,35.63,0.71
1793,2021-02-01,PAB,1452,440,1012,12,1440,ITH,ITH1,4,Provincia Autonoma Bolzano / Bozen,P.A. Bolzano,533050,191389,35.9,0.27
1794,2021-05-31,PAB,2987,1464,1523,2120,867,ITH,ITH1,4,Provincia Autonoma Bolzano / Bozen,P.A. Bolzano,533050,194376,36.46,0.56
1795,2021-01-01,PAB,6,5,1,6,0,ITH,ITH1,4,Provincia Autonoma Bolzano / Bozen,P.A. Bolzano,533050,194382,36.47,0.0
1796,2021-06-07,PAB,2901,1506,1395,2582,319,ITH,ITH1,4,Provincia Autonoma Bolzano / Bozen,P.A. Bolzano,533050,197283,37.01,0.54
1797,2021-02-27,PAB,2458,759,1699,2448,10,ITH,ITH1,4,Provincia Autonoma Bolzano / Bozen,P.A. Bolzano,533050,199741,37.47,0.46
1798,2021-06-10,PAB,4438,2303,2135,1346,3092,ITH,ITH1,4,Provincia Autonoma Bolzano / Bozen,P.A. Bolzano,533050,204179,38.3,0.83
1799,2021-04-26,PAB,1543,771,772,1538,5,ITH,ITH1,4,Provincia Autonoma Bolzano / Bozen,P.A. Bolzano,533050,205722,38.59,0.29
1800,2021-01-18,PAB,1772,687,1085,1767,5,ITH,ITH1,4,Provincia Autonoma Bolzano / Bozen,P.A. Bolzano,533050,207494,38.93,0.33
1801,2021-06-05,PAB,6066,3022,3044,4972,1094,ITH,ITH1,4,Provincia Autonoma Bolzano / Bozen,P.A. Bolzano,533050,213560,40.06,1.14
1802,2021-04-30,PAB,3337,1592,1745,1562,1775,ITH,ITH1,4,Provincia Autonoma Bolzano / Bozen,P.A. Bolzano,533050,216897,40.69,0.63
1803,2021-01-20,PAB,617,252,365,409,208,ITH,ITH1,4,Provincia Autonoma Bolzano / Bozen,P.A. Bolzano,533050,217514,40.81,0.12
1804,2021-01-06,PAB,59,18,41,59,0,ITH,ITH1,4,Provincia Autonoma Bolzano / Bozen,P.A. Bolzano,533050,217573,40.82,0.01
1805,2021-03-30,PAB,1298,532,766,218,1080,ITH,ITH1,4,Provincia Autonoma Bolzano / Bozen,P.A. Bolzano,533050,218871,41.06,0.24
1806,2021-04-16,PAB,2949,1418,1531,2438,511,ITH,ITH1,4,Provincia Autonoma Bolzano / Bozen,P.A. Bolzano,533050,221820,41.61,0.55
1807,2021-05-22,PAB,6821,3552,3269,4654,2167,ITH,ITH1,4,Provincia Autonoma Bolzano / Bozen,P.A. Bolzano,533050,228641,42.89,1.28
1808,2021-02-11,PAB,1094,432,662,239,855,ITH,ITH1,4,Provincia Autonoma Bolzano / Bozen,P.A. Bolzano,533050,229735,43.1,0.21
1809,2021-02-18,PAB,1839,457,1382,1832,7,ITH,ITH1,4,Provincia Autonoma Bolzano / Bozen,P.A. Bolzano,533050,231574,43.44,0.34
1810,2021-06-14,PAB,2317,1236,1081,540,1777,ITH,ITH1,4,Provincia Autonoma Bolzano / Bozen,P.A. Bolzano,533050,233891,43.88,0.43
1811,2021-02-15,PAB,72,42,30,26,46,ITH,ITH1,4,Provincia Autonoma Bolzano / Bozen,P.A. Bolzano,533050,233963,43.89,0.01
1812,2021-05-11,PAB,2843,1334,1509,1320,1523,ITH,ITH1,4,Provincia Autonoma Bolzano / Bozen,P.A. Bolzano,533050,236806,44.42,0.53
1813,2021-01-29,PAB,1497,510,987,24,1473,ITH,ITH1,4,Provincia Autonoma Bolzano / Bozen,P.A. Bolzano,533050,238303,44.71,0.28
1814,2021-04-22,PAB,2923,1500,1423,1981,942,ITH,ITH1,4,Provincia Autonoma Bolzano / Bozen,P.A. Bolzano,533050,241226,45.25,0.55
1815,2021-05-09,PAB,4242,2410,1832,3089,1153,ITH,ITH1,4,Provincia Autonoma Bolzano / Bozen,P.A. Bolzano,533050,245468,46.05,0.8
1816,2021-04-23,PAB,4542,2151,2391,3251,1291,ITH,ITH1,4,Provincia Autonoma Bolzano / Bozen,P.A. Bolzano,533050,250010,46.9,0.85
1817,2021-01-11,PAB,1571,513,1058,1571,0,ITH,ITH1,4,Provincia Autonoma Bolzano / Bozen,P.A. Bolzano,533050,251581,47.2,0.29
1818,2021-04-06,PAB,2250,1118,1132,2147,103,ITH,ITH1,4,Provincia Autonoma Bolzano / Bozen,P.A. Bolzano,533050,253831,47.62,0.42
1819,2021-04-08,PAB,2765,1346,1419,2562,203,ITH,ITH1,4,Provincia Autonoma Bolzano / Bozen,P.A. Bolzano,533050,256596,48.14,0.52
1820,2021-05-07,PAB,4193,2061,2132,3665,528,ITH,ITH1,4,Provincia Autonoma Bolzano / Bozen,P.A. Bolzano,533050,260789,48.92,0.79
1821,2021-05-05,PAB,4154,1945,2209,2038,2116,ITH,ITH1,4,Provincia Autonoma Bolzano / Bozen,P.A. Bolzano,533050,264943,49.7,0.78
1822,2021-01-25,PAB,487,183,304,3,484,ITH,ITH1,4,Provincia Autonoma Bolzano / Bozen,P.A. Bolzano,533050,265430,49.79,0.09
1823,2021-03-23,PAB,1553,759,794,1552,1,ITH,ITH1,4,Provincia Autonoma Bolzano / Bozen,P.A. Bolzano,533050,266983,50.09,0.29
1824,2021-04-01,PAB,2786,1407,1379,2642,144,ITH,ITH1,4,Provincia Autonoma Bolzano / Bozen,P.A. Bolzano,533050,269769,50.61,0.52
1825,2021-03-09,PAB,1194,543,651,1192,2,ITH,ITH1,4,Provincia Autonoma Bolzano / Bozen,P.A. Bolzano,533050,270963,50.83,0.22
1826,2021-05-23,PAB,4337,2303,2034,4329,8,ITH,ITH1,4,Provincia Autonoma Bolzano / Bozen,P.A. Bolzano,533050,275300,51.65,0.81
1827,2021-02-03,PAB,1503,478,1025,5,1498,ITH,ITH1,4,Provincia Autonoma Bolzano / Bozen,P.A. Bolzano,533050,276803,51.93,0.28
1828,2021-02-10,PAB,1635,604,1031,26,1609,ITH,ITH1,4,Provincia Autonoma Bolzano / Bozen,P.A. Bolzano,533050,278438,52.23,0.31
1829,2021-02-13,PAB,318,79,239,312,6,ITH,ITH1,4,Provincia Autonoma Bolzano / Bozen,P.A. Bolzano,533050,278756,52.29,0.06
1830,2021-04-11,PAB,2720,1291,1429,2543,177,ITH,ITH1,4,Provincia Autonoma Bolzano / Bozen,P.A. Bolzano,533050,281476,52.8,0.51
1831,2021-05-24,PAB,1444,762,682,1110,334,ITH,ITH1,4,Provincia Autonoma Bolzano / Bozen,P.A. Bolzano,533050,282920,53.08,0.27
1832,2021-02-20,PAB,1802,540,1262,1784,18,ITH,ITH1,4,Provincia Autonoma Bolzano / Bozen,P.A. Bolzano,533050,284722,53.41,0.34
1833,2021-04-18,PAB,3110,1607,1503,2100,1010,ITH,ITH1,4,Provincia Autonoma Bolzano / Bozen,P.A. Bolzano,533050,287832,54.0,0.58
1834,2021-01-15,PAB,3282,1228,2054,3282,0,ITH,ITH1,4,Provincia Autonoma Bolzano / Bozen,P.A. Bolzano,533050,291114,54.61,0.62
1835,2020-12-30,PAB,388,182,206,388,0,ITH,ITH1,4,Provincia Autonoma Bolzano / Bozen,P.A. Bolzano,533050,291502,54.69,0.07
1836,2021-06-09,PAB,3784,1880,1904,1310,2474,ITH,ITH1,4,Provincia Autonoma Bolzano / Bozen,P.A. Bolzano,533050,295286,55.4,0.71
1837,2021-03-01,PAB,922,221,701,921,1,ITH,ITH1,4,Provincia Autonoma Bolzano / Bozen,P.A. Bolzano,533050,296208,55.57,0.17
1838,2021-03-15,PAB,1192,451,741,710,482,ITH,ITH1,4,Provincia Autonoma Bolzano / Bozen,P.A. Bolzano,533050,297400,55.79,0.22
1839,2021-04-27,PAB,2226,1013,1213,1150,1076,ITH,ITH1,4,Provincia Autonoma Bolzano / Bozen,P.A. Bolzano,533050,299626,56.21,0.42
1840,2021-01-17,PAB,2328,1044,1284,2317,11,ITH,ITH1,4,Provincia Autonoma Bolzano / Bozen,P.A. Bolzano,533050,301954,56.65,0.44
1841,2021-04-20,PAB,1561,784,777,1560,1,ITH,ITH1,4,Provincia Autonoma Bolzano / Bozen,P.A. Bolzano,533050,303515,56.94,0.29
1842,2021-01-10,PAB,2,2,0,2,0,ITH,ITH1,4,Provincia Autonoma Bolzano / Bozen,P.A. Bolzano,533050,303517,56.94,0.0
1843,2021-06-16,PAB,3229,1758,1471,7,3222,ITH,ITH1,4,Provincia Autonoma Bolzano / Bozen,P.A. Bolzano,533050,306746,57.55,0.61
1844,2021-03-11,PAB,1684,825,859,1146,538,ITH,ITH1,4,Provincia Autonoma Bolzano / Bozen,P.A. Bolzano,533050,308430,57.86,0.32
1845,2021-02-25,PAB,1498,549,949,1497,1,ITH,ITH1,4,Provincia Autonoma Bolzano / Bozen,P.A. Bolzano,533050,309928,58.14,0.28
1846,2021-06-02,PAB,1444,809,635,987,457,ITH,ITH1,4,Provincia Autonoma Bolzano / Bozen,P.A. Bolzano,533050,311372,58.41,0.27
1847,2021-02-08,PAB,2,1,1,1,1,ITH,ITH1,4,Provincia Autonoma Bolzano / Bozen,P.A. Bolzano,533050,311374,58.41,0.0
1848,2021-05-19,PAB,3624,1847,1777,1840,1784,ITH,ITH1,4,Provincia Autonoma Bolzano / Bozen,P.A. Bolzano,533050,314998,59.09,0.68
1849,2021-01-03,PAB,41,16,25,41,0,ITH,ITH1,4,Provincia Autonoma Bolzano / Bozen,P.A. Bolzano,533050,315039,59.1,0.01
1850,2021-04-13,PAB,2391,1130,1261,2384,7,ITH,ITH1,4,Provincia Autonoma Bolzano / Bozen,P.A. Bolzano,533050,317430,59.55,0.45
1851,2020-12-27,PAB,144,65,79,144,0,ITH,ITH1,4,Provincia Autonoma Bolzano / Bozen,P.A. Bolzano,533050,317574,59.58,0.03
1852,2021-06-11,PAB,5686,2917,2769,2217,3469,ITH,ITH1,4,Provincia Autonoma Bolzano / Bozen,P.A. Bolzano,533050,323260,60.64,1.07
1853,2021-03-20,PAB,1758,849,909,1133,625,ITH,ITH1,4,Provincia Autonoma Bolzano / Bozen,P.A. Bolzano,533050,325018,60.97,0.33
1854,2021-03-06,PAB,3973,2081,1892,3762,211,ITH,ITH1,4,Provincia Autonoma Bolzano / Bozen,P.A. Bolzano,533050,328991,61.72,0.75
1855,2021-05-28,PAB,5680,2895,2785,3790,1890,ITH,ITH1,4,Provincia Autonoma Bolzano / Bozen,P.A. Bolzano,533050,334671,62.78,1.07
1856,2021-02-17,PAB,156,51,105,139,17,ITH,ITH1,4,Provincia Autonoma Bolzano / Bozen,P.A. Bolzano,533050,334827,62.81,0.03
1857,2021-05-30,PAB,4759,2514,2245,752,4007,ITH,ITH1,4,Provincia Autonoma Bolzano / Bozen,P.A. Bolzano,533050,339586,63.71,0.89
1858,2021-04-03,PAB,831,364,467,22,809,ITH,ITH1,4,Provincia Autonoma Bolzano / Bozen,P.A. Bolzano,533050,340417,63.86,0.16
1859,2021-03-25,PAB,2149,1063,1086,1706,443,ITH,ITH1,4,Provincia Autonoma Bolzano / Bozen,P.A. Bolzano,533050,342566,64.27,0.4
1860,2021-01-27,PAB,84,28,56,1,83,ITH,ITH1,4,Provincia Autonoma Bolzano / Bozen,P.A. Bolzano,533050,342650,64.28,0.02
1861,2021-01-08,PAB,1521,479,1042,1521,0,ITH,ITH1,4,Provincia Autonoma Bolzano / Bozen,P.A. Bolzano,533050,344171,64.57,0.29
1862,2021-05-21,PAB,6920,3802,3118,5076,1844,ITH,ITH1,4,Provincia Autonoma Bolzano / Bozen,P.A. Bolzano,533050,351091,65.86,1.3
1863,2021-05-16,PAB,2024,931,1093,1330,694,ITH,ITH1,4,Provincia Autonoma Bolzano / Bozen,P.A. Bolzano,533050,353115,66.24,0.38
1864,2021-03-08,PAB,1210,534,676,1183,27,ITH,ITH1,4,Provincia Autonoma Bolzano / Bozen,P.A. Bolzano,533050,354325,66.47,0.23
1865,2021-05-04,PAB,3448,1843,1605,2411,1037,ITH,ITH1,4,Provincia Autonoma Bolzano / Bozen,P.A. Bolzano,533050,357773,67.12,0.65
1866,2021-02-22,PAB,526,143,383,514,12,ITH,ITH1,4,Provincia Autonoma Bolzano / Bozen,P.A. Bolzano,533050,358299,67.22,0.1
1867,2021-02-06,PAB,2626,1171,1455,19,2607,ITH,ITH1,4,Provincia Autonoma Bolzano / Bozen,P.A. Bolzano,533050,360925,67.71,0.49
1868,2021-03-28,PAB,569,212,357,11,558,ITH,ITH1,4,Provincia Autonoma Bolzano / Bozen,P.A. Bolzano,533050,361494,67.82,0.11
1869,2021-06-04,PAB,6457,3237,3220,4928,1529,ITH,ITH1,4,Provincia Autonoma Bolzano / Bozen,P.A. Bolzano,533050,367951,69.03,1.21
1870,2021-02-24,PAB,1367,406,961,1355,12,ITH,ITH1,4,Provincia Autonoma Bolzano / Bozen,P.A. Bolzano,533050,369318,69.28,0.26
1871,2021-03-27,PAB,3050,1553,1497,1543,1507,ITH,ITH1,4,Provincia Autonoma Bolzano / Bozen,P.A. Bolzano,533050,372368,69.86,0.57
1872,2021-03-13,PAB,2885,1459,1426,2784,101,ITH,ITH1,4,Provincia Autonoma Bolzano / Bozen,P.A. Bolzano,533050,375253,70.4,0.54
1873,2021-02-05,PAB,3195,1181,2014,8,3187,ITH,ITH1,4,Provincia Autonoma Bolzano / Bozen,P.A. Bolzano,533050,378448,71.0,0.6
1874,2021-04-15,PAB,4399,2307,2092,4136,263,ITH,ITH1,4,Provincia Autonoma Bolzano / Bozen,P.A. Bolzano,533050,382847,71.82,0.83
1875,2021-05-02,PAB,2457,1288,1169,1536,921,ITH,ITH1,4,Provincia Autonoma Bolzano / Bozen,P.A. Bolzano,533050,385304,72.28,0.46
1876,2021-01-22,PAB,248,143,105,124,124,ITH,ITH1,4,Provincia Autonoma Bolzano / Bozen,P.A. Bolzano,533050,385552,72.33,0.05
1877,2021-02-05,VDA,294,102,192,101,193,ITC,ITC2,2,Valle d'Aosta / Vallée d'Aoste,Valle d'Aosta,125666,294,0.23,0.23
1878,2021-02-22,VDA,316,94,222,213,103,ITC,ITC2,2,Valle d'Aosta / Vallée d'Aoste,Valle d'Aosta,125666,610,0.49,0.25
1879,2021-05-16,VDA,688,341,347,347,341,ITC,ITC2,2,Valle d'Aosta / Vallée d'Aoste,Valle d'Aosta,125666,1298,1.03,0.55
1880,2021-06-04,VDA,908,383,525,474,434,ITC,ITC2,2,Valle d'Aosta / Vallée d'Aoste,Valle d'Aosta,125666,2206,1.76,0.72
1881,2021-04-15,VDA,810,377,433,671,139,ITC,ITC2,2,Valle d'Aosta / Vallée d'Aoste,Valle d'Aosta,125666,3016,2.4,0.64
1882,2021-04-13,VDA,373,171,202,329,44,ITC,ITC2,2,Valle d'Aosta / Vallée d'Aoste,Valle d'Aosta,125666,3389,2.7,0.3
1883,2021-03-27,VDA,333,164,169,302,31,ITC,ITC2,2,Valle d'Aosta / Vallée d'Aoste,Valle d'Aosta,125666,3722,2.96,0.26
1884,2021-05-02,VDA,765,345,420,605,160,ITC,ITC2,2,Valle d'Aosta / Vallée d'Aoste,Valle d'Aosta,125666,4487,3.57,0.61
1885,2021-01-22,VDA,56,21,35,20,36,ITC,ITC2,2,Valle d'Aosta / Vallée d'Aoste,Valle d'Aosta,125666,4543,3.62,0.04
1886,2021-01-08,VDA,299,130,169,299,0,ITC,ITC2,2,Valle d'Aosta / Vallée d'Aoste,Valle d'Aosta,125666,4842,3.85,0.24
1887,2021-03-06,VDA,22,4,18,22,0,ITC,ITC2,2,Valle d'Aosta / Vallée d'Aoste,Valle d'Aosta,125666,4864,3.87,0.02
1888,2021-05-30,VDA,865,429,436,694,171,ITC,ITC2,2,Valle d'Aosta / Vallée d'Aoste,Valle d'Aosta,125666,5729,4.56,0.69
1889,2021-05-28,VDA,975,414,561,563,412,ITC,ITC2,2,Valle d'Aosta / Vallée d'Aoste,Valle d'Aosta,125666,6704,5.33,0.78
1890,2021-02-17,VDA,327,144,183,227,100,ITC,ITC2,2,Valle d'Aosta / Vallée d'Aoste,Valle d'Aosta,125666,7031,5.59,0.26
1891,2021-02-10,VDA,248,77,171,141,107,ITC,ITC2,2,Valle d'Aosta / Vallée d'Aoste,Valle d'Aosta,125666,7279,5.79,0.2
1892,2021-02-03,VDA,351,114,237,14,337,ITC,ITC2,2,Valle d'Aosta / Vallée d'Aoste,Valle d'Aosta,125666,7630,6.07,0.28
1893,2021-04-01,VDA,776,394,382,764,12,ITC,ITC2,2,Valle d'Aosta / Vallée d'Aoste,Valle d'Aosta,125666,8406,6.69,0.62
1894,2021-02-24,VDA,183,82,101,164,19,ITC,ITC2,2,Valle d'Aosta / Vallée d'Aoste,Valle d'Aosta,125666,8589,6.83,0.15
1895,2021-04-03,VDA,676,341,335,661,15,ITC,ITC2,2,Valle d'Aosta / Vallée d'Aoste,Valle d'Aosta,125666,9265,7.37,0.54
1896,2021-03-20,VDA,208,86,122,172,36,ITC,ITC2,2,Valle d'Aosta / Vallée d'Aoste,Valle d'Aosta,125666,9473,7.54,0.17
1897,2021-06-11,VDA,1047,483,564,764,283,ITC,ITC2,2,Valle d'Aosta / Vallée d'Aoste,Valle d'Aosta,125666,10520,8.37,0.83
1898,2021-05-23,VDA,999,465,534,658,341,ITC,ITC2,2,Valle d'Aosta / Vallée d'Aoste,Valle d'Aosta,125666,11519,9.17,0.79
1899,2021-01-29,VDA,318,138,180,2,316,ITC,ITC2,2,Valle d'Aosta / Vallée d'Aoste,Valle d'Aosta,125666,11837,9.42,0.25
1900,2021-04-22,VDA,1067,449,618,684,383,ITC,ITC2,2,Valle d'Aosta / Vallée d'Aoste,Valle d'Aosta,125666,12904,10.27,0.85
1901,2021-05-09,VDA,574,287,287,444,130,ITC,ITC2,2,Valle d'Aosta / Vallée d'Aoste,Valle d'Aosta,125666,13478,10.73,0.46
1902,2021-01-27,VDA,151,71,80,79,72,ITC,ITC2,2,Valle d'Aosta / Vallée d'Aoste,Valle d'Aosta,125666,13629,10.85,0.12
1903,2021-04-20,VDA,933,430,503,739,194,ITC,ITC2,2,Valle d'Aosta / Vallée d'Aoste,Valle d'Aosta,125666,14562,11.59,0.74
1904,2021-01-10,VDA,220,71,149,220,0,ITC,ITC2,2,Valle d'Aosta / Vallée d'Aoste,Valle d'Aosta,125666,14782,11.76,0.18
1905,2020-12-27,VDA,20,9,11,20,0,ITC,ITC2,2,Valle d'Aosta / Vallée d'Aoste,Valle d'Aosta,125666,14802,11.78,0.02
1906,2021-06-09,VDA,1027,535,492,991,36,ITC,ITC2,2,Valle d'Aosta / Vallée d'Aoste,Valle d'Aosta,125666,15829,12.6,0.82
1907,2021-03-01,VDA,181,66,115,147,34,ITC,ITC2,2,Valle d'Aosta / Vallée d'Aoste,Valle d'Aosta,125666,16010,12.74,0.14
1908,2021-02-15,VDA,264,136,128,229,35,ITC,ITC2,2,Valle d'Aosta / Vallée d'Aoste,Valle d'Aosta,125666,16274,12.95,0.21
1909,2021-03-08,VDA,482,231,251,237,245,ITC,ITC2,2,Valle d'Aosta / Vallée d'Aoste,Valle d'Aosta,125666,16756,13.33,0.38
1910,2021-05-04,VDA,1135,510,625,462,673,ITC,ITC2,2,Valle d'Aosta / Vallée d'Aoste,Valle d'Aosta,125666,17891,14.24,0.9
1911,2021-06-16,VDA,683,365,318,642,41,ITC,ITC2,2,Valle d'Aosta / Vallée d'Aoste,Valle d'Aosta,125666,18574,14.78,0.54
1912,2021-03-15,VDA,362,123,239,159,203,ITC,ITC2,2,Valle d'Aosta / Vallée d'Aoste,Valle d'Aosta,125666,18936,15.07,0.29
1913,2021-05-11,VDA,647,325,322,496,151,ITC,ITC2,2,Valle d'Aosta / Vallée d'Aoste,Valle d'Aosta,125666,19583,15.58,0.51
1914,2021-04-27,VDA,978,423,555,686,292,ITC,ITC2,2,Valle d'Aosta / Vallée d'Aoste,Valle d'Aosta,125666,20561,16.36,0.78
1915,2021-01-17,VDA,131,56,75,131,0,ITC,ITC2,2,Valle d'Aosta / Vallée d'Aoste,Valle d'Aosta,125666,20692,16.47,0.1
1916,2021-01-19,VDA,256,77,179,256,0,ITC,ITC2,2,Valle d'Aosta / Vallée d'Aoste,Valle d'Aosta,125666,20948,16.67,0.2
1917,2021-04-12,VDA,486,186,300,323,163,ITC,ITC2,2,Valle d'Aosta / Vallée d'Aoste,Valle d'Aosta,125666,21434,17.06,0.39
1918,2021-04-29,VDA,1291,634,657,757,534,ITC,ITC2,2,Valle d'Aosta / Vallée d'Aoste,Valle d'Aosta,125666,22725,18.08,1.03
1919,2021-03-29,VDA,493,233,260,453,40,ITC,ITC2,2,Valle d'Aosta / Vallée d'Aoste,Valle d'Aosta,125666,23218,18.48,0.39
1920,2021-03-12,VDA,531,175,356,305,226,ITC,ITC2,2,Valle d'Aosta / Vallée d'Aoste,Valle d'Aosta,125666,23749,18.9,0.42
1921,2021-03-10,VDA,438,183,255,225,213,ITC,ITC2,2,Valle d'Aosta / Vallée d'Aoste,Valle d'Aosta,125666,24187,19.25,0.35
1922,2021-03-25,VDA,389,154,235,379,10,ITC,ITC2,2,Valle d'Aosta / Vallée d'Aoste,Valle d'Aosta,125666,24576,19.56,0.31
1923,2021-05-21,VDA,917,433,484,531,386,ITC,ITC2,2,Valle d'Aosta / Vallée d'Aoste,Valle d'Aosta,125666,25493,20.29,0.73
1924,2021-04-17,VDA,638,407,231,636,2,ITC,ITC2,2,Valle d'Aosta / Vallée d'Aoste,Valle d'Aosta,125666,26131,20.79,0.51
1925,2021-01-07,VDA,276,111,165,276,0,ITC,ITC2,2,Valle d'Aosta / Vallée d'Aoste,Valle d'Aosta,125666,26407,21.01,0.22
1926,2021-02-19,VDA,292,102,190,268,24,ITC,ITC2,2,Valle d'Aosta / Vallée d'Aoste,Valle d'Aosta,125666,26699,21.25,0.23
1927,2021-01-05,VDA,150,54,96,150,0,ITC,ITC2,2,Valle d'Aosta / Vallée d'Aoste,Valle d'Aosta,125666,26849,21.37,0.12
1928,2021-01-14,VDA,237,69,168,237,0,ITC,ITC2,2,Valle d'Aosta / Vallée d'Aoste,Valle d'Aosta,125666,27086,21.55,0.19
1929,2021-04-24,VDA,722,400,322,555,167,ITC,ITC2,2,Valle d'Aosta / Vallée d'Aoste,Valle d'Aosta,125666,27808,22.13,0.57
1930,2021-03-13,VDA,147,88,59,147,0,ITC,ITC2,2,Valle d'Aosta / Vallée d'Aoste,Valle d'Aosta,125666,27955,22.25,0.12
1931,2021-01-15,VDA,218,82,136,218,0,ITC,ITC2,2,Valle d'Aosta / Vallée d'Aoste,Valle d'Aosta,125666,28173,22.42,0.17
1932,2021-03-31,VDA,555,302,253,529,26,ITC,ITC2,2,Valle d'Aosta / Vallée d'Aoste,Valle d'Aosta,125666,28728,22.86,0.44
1933,2021-05-27,VDA,1089,497,592,586,503,ITC,ITC2,2,Valle d'Aosta / Vallée d'Aoste,Valle d'Aosta,125666,29817,23.73,0.87
1934,2021-05-13,VDA,1139,556,583,540,599,ITC,ITC2,2,Valle d'Aosta / Vallée d'Aoste,Valle d'Aosta,125666,30956,24.63,0.91
1935,2021-02-02,VDA,272,70,202,2,270,ITC,ITC2,2,Valle d'Aosta / Vallée d'Aoste,Valle d'Aosta,125666,31228,24.85,0.22
1936,2021-05-20,VDA,807,363,444,367,440,ITC,ITC2,2,Valle d'Aosta / Vallée d'Aoste,Valle d'Aosta,125666,32035,25.49,0.64
1937,2021-03-24,VDA,515,230,285,258,257,ITC,ITC2,2,Valle d'Aosta / Vallée d'Aoste,Valle d'Aosta,125666,32550,25.9,0.41
1938,2021-04-08,VDA,584,282,302,441,143,ITC,ITC2,2,Valle d'Aosta / Vallée d'Aoste,Valle d'Aosta,125666,33134,26.37,0.46
1939,2021-06-13,VDA,851,399,452,373,478,ITC,ITC2,2,Valle d'Aosta / Vallée d'Aoste,Valle d'Aosta,125666,33985,27.04,0.68
1940,2021-06-08,VDA,712,356,356,679,33,ITC,ITC2,2,Valle d'Aosta / Vallée d'Aoste,Valle d'Aosta,125666,34697,27.61,0.57
1941,2021-02-26,VDA,207,58,149,122,85,ITC,ITC2,2,Valle d'Aosta / Vallée d'Aoste,Valle d'Aosta,125666,34904,27.78,0.16
1942,2021-04-10,VDA,404,190,214,399,5,ITC,ITC2,2,Valle d'Aosta / Vallée d'Aoste,Valle d'Aosta,125666,35308,28.1,0.32
1943,2020-12-31,VDA,18,4,14,18,0,ITC,ITC2,2,Valle d'Aosta / Vallée d'Aoste,Valle d'Aosta,125666,35326,28.11,0.01
1944,2021-06-06,VDA,1160,582,578,787,373,ITC,ITC2,2,Valle d'Aosta / Vallée d'Aoste,Valle d'Aosta,125666,36486,29.03,0.92
1945,2021-03-17,VDA,433,185,248,273,160,ITC,ITC2,2,Valle d'Aosta / Vallée d'Aoste,Valle d'Aosta,125666,36919,29.38,0.34
1946,2021-03-03,VDA,255,118,137,187,68,ITC,ITC2,2,Valle d'Aosta / Vallée d'Aoste,Valle d'Aosta,125666,37174,29.58,0.2
1947,2021-01-26,VDA,139,48,91,0,139,ITC,ITC2,2,Valle d'Aosta / Vallée d'Aoste,Valle d'Aosta,125666,37313,29.69,0.11
1948,2021-02-12,VDA,263,96,167,217,46,ITC,ITC2,2,Valle d'Aosta / Vallée d'Aoste,Valle d'Aosta,125666,37576,29.9,0.21
1949,2021-01-12,VDA,302,72,230,302,0,ITC,ITC2,2,Valle d'Aosta / Vallée d'Aoste,Valle d'Aosta,125666,37878,30.14,0.24
1950,2021-05-25,VDA,1115,530,585,541,574,ITC,ITC2,2,Valle d'Aosta / Vallée d'Aoste,Valle d'Aosta,125666,38993,31.03,0.89
1951,2021-02-14,VDA,48,16,32,1,47,ITC,ITC2,2,Valle d'Aosta / Vallée d'Aoste,Valle d'Aosta,125666,39041,31.07,0.04
1952,2021-05-08,VDA,904,540,364,526,378,ITC,ITC2,2,Valle d'Aosta / Vallée d'Aoste,Valle d'Aosta,125666,39945,31.79,0.72
1953,2021-01-31,VDA,291,91,200,58,233,ITC,ITC2,2,Valle d'Aosta / Vallée d'Aoste,Valle d'Aosta,125666,40236,32.02,0.23
1954,2021-05-18,VDA,970,484,486,353,617,ITC,ITC2,2,Valle d'Aosta / Vallée d'Aoste,Valle d'Aosta,125666,41206,32.79,0.77
1955,2021-02-07,VDA,292,120,172,190,102,ITC,ITC2,2,Valle d'Aosta / Vallée d'Aoste,Valle d'Aosta,125666,41498,33.02,0.23
1956,2021-05-01,VDA,940,563,377,456,484,ITC,ITC2,2,Valle d'Aosta / Vallée d'Aoste,Valle d'Aosta,125666,42438,33.77,0.75
1957,2021-04-14,VDA,941,430,511,717,224,ITC,ITC2,2,Valle d'Aosta / Vallée d'Aoste,Valle d'Aosta,125666,43379,34.52,0.75
1958,2021-01-02,VDA,6,5,1,6,0,ITC,ITC2,2,Valle d'Aosta / Vallée d'Aoste,Valle d'Aosta,125666,43385,34.52,0.0
1959,2021-03-26,VDA,498,204,294,491,7,ITC,ITC2,2,Valle d'Aosta / Vallée d'Aoste,Valle d'Aosta,125666,43883,34.92,0.4
1960,2021-06-17,VDA,763,410,353,614,149,ITC,ITC2,2,Valle d'Aosta / Vallée d'Aoste,Valle d'Aosta,125666,44646,35.53,0.61
1961,2021-02-21,VDA,18,3,15,0,18,ITC,ITC2,2,Valle d'Aosta / Vallée d'Aoste,Valle d'Aosta,125666,44664,35.54,0.01
1962,2021-06-01,VDA,871,469,402,518,353,ITC,ITC2,2,Valle d'Aosta / Vallée d'Aoste,Valle d'Aosta,125666,45535,36.23,0.69
1963,2021-02-23,VDA,216,123,93,216,0,ITC,ITC2,2,Valle d'Aosta / Vallée d'Aoste,Valle d'Aosta,125666,45751,36.41,0.17
1964,2021-06-03,VDA,1306,667,639,896,410,ITC,ITC2,2,Valle d'Aosta / Vallée d'Aoste,Valle d'Aosta,125666,47057,37.45,1.04
1965,2021-04-19,VDA,751,325,426,542,209,ITC,ITC2,2,Valle d'Aosta / Vallée d'Aoste,Valle d'Aosta,125666,47808,38.04,0.6
1966,2021-01-16,VDA,237,80,157,237,0,ITC,ITC2,2,Valle d'Aosta / Vallée d'Aoste,Valle d'Aosta,125666,48045,38.23,0.19
1967,2021-03-14,VDA,392,200,192,392,0,ITC,ITC2,2,Valle d'Aosta / Vallée d'Aoste,Valle d'Aosta,125666,48437,38.54,0.31
1968,2021-04-26,VDA,715,327,388,545,170,ITC,ITC2,2,Valle d'Aosta / Vallée d'Aoste,Valle d'Aosta,125666,49152,39.11,0.57
1969,2021-05-06,VDA,1063,509,554,679,384,ITC,ITC2,2,Valle d'Aosta / Vallée d'Aoste,Valle d'Aosta,125666,50215,39.96,0.85
1970,2021-02-16,VDA,326,53,273,320,6,ITC,ITC2,2,Valle d'Aosta / Vallée d'Aoste,Valle d'Aosta,125666,50541,40.22,0.26
1971,2021-04-07,VDA,910,474,436,681,229,ITC,ITC2,2,Valle d'Aosta / Vallée d'Aoste,Valle d'Aosta,125666,51451,40.94,0.72
1972,2021-06-15,VDA,876,479,397,621,255,ITC,ITC2,2,Valle d'Aosta / Vallée d'Aoste,Valle d'Aosta,125666,52327,41.64,0.7
1973,2021-03-05,VDA,275,124,151,53,222,ITC,ITC2,2,Valle d'Aosta / Vallée d'Aoste,Valle d'Aosta,125666,52602,41.86,0.22
1974,2021-02-28,VDA,260,86,174,77,183,ITC,ITC2,2,Valle d'Aosta / Vallée d'Aoste,Valle d'Aosta,125666,52862,42.07,0.21
1975,2021-05-05,VDA,1038,566,472,456,582,ITC,ITC2,2,Valle d'Aosta / Vallée d'Aoste,Valle d'Aosta,125666,53900,42.89,0.83
1976,2021-04-05,VDA,462,222,240,458,4,ITC,ITC2,2,Valle d'Aosta / Vallée d'Aoste,Valle d'Aosta,125666,54362,43.26,0.37
1977,2021-01-28,VDA,291,123,168,56,235,ITC,ITC2,2,Valle d'Aosta / Vallée d'Aoste,Valle d'Aosta,125666,54653,43.49,0.23
1978,2021-03-22,VDA,560,205,355,333,227,ITC,ITC2,2,Valle d'Aosta / Vallée d'Aoste,Valle d'Aosta,125666,55213,43.94,0.45
1979,2021-06-05,VDA,925,476,449,737,188,ITC,ITC2,2,Valle d'Aosta / Vallée d'Aoste,Valle d'Aosta,125666,56138,44.67,0.74
1980,2021-02-11,VDA,231,107,124,222,9,ITC,ITC2,2,Valle d'Aosta / Vallée d'Aoste,Valle d'Aosta,125666,56369,44.86,0.18
1981,2021-04-09,VDA,237,111,126,204,33,ITC,ITC2,2,Valle d'Aosta / Vallée d'Aoste,Valle d'Aosta,125666,56606,45.04,0.19
1982,2021-05-22,VDA,940,494,446,540,400,ITC,ITC2,2,Valle d'Aosta / Vallée d'Aoste,Valle d'Aosta,125666,57546,45.79,0.75
1983,2021-04-16,VDA,599,261,338,597,2,ITC,ITC2,2,Valle d'Aosta / Vallée d'Aoste,Valle d'Aosta,125666,58145,46.27,0.48
1984,2021-04-02,VDA,873,344,529,648,225,ITC,ITC2,2,Valle d'Aosta / Vallée d'Aoste,Valle d'Aosta,125666,59018,46.96,0.69
1985,2021-05-29,VDA,798,434,364,561,237,ITC,ITC2,2,Valle d'Aosta / Vallée d'Aoste,Valle d'Aosta,125666,59816,47.6,0.64
1986,2021-01-21,VDA,33,12,21,33,0,ITC,ITC2,2,Valle d'Aosta / Vallée d'Aoste,Valle d'Aosta,125666,59849,47.63,0.03
1987,2021-01-04,VDA,142,59,83,142,0,ITC,ITC2,2,Valle d'Aosta / Vallée d'Aoste,Valle d'Aosta,125666,59991,47.74,0.11
1988,2021-03-28,VDA,522,212,310,521,1,ITC,ITC2,2,Valle d'Aosta / Vallée d'Aoste,Valle d'Aosta,125666,60513,48.15,0.42
1989,2021-03-11,VDA,197,76,121,66,131,ITC,ITC2,2,Valle d'Aosta / Vallée d'Aoste,Valle d'Aosta,125666,60710,48.31,0.16
1990,2021-06-02,VDA,1215,688,527,814,401,ITC,ITC2,2,Valle d'Aosta / Vallée d'Aoste,Valle d'Aosta,125666,61925,49.28,0.97
1991,2021-03-09,VDA,206,96,110,174,32,ITC,ITC2,2,Valle d'Aosta / Vallée d'Aoste,Valle d'Aosta,125666,62131,49.44,0.16
1992,2021-02-20,VDA,251,210,41,241,10,ITC,ITC2,2,Valle d'Aosta / Vallée d'Aoste,Valle d'Aosta,125666,62382,49.64,0.2
1993,2021-05-17,VDA,809,417,392,375,434,ITC,ITC2,2,Valle d'Aosta / Vallée d'Aoste,Valle d'Aosta,125666,63191,50.28,0.64
1994,2021-05-15,VDA,1065,614,451,380,685,ITC,ITC2,2,Valle d'Aosta / Vallée d'Aoste,Valle d'Aosta,125666,64256,51.13,0.85
1995,2021-02-04,VDA,294,86,208,8,286,ITC,ITC2,2,Valle d'Aosta / Vallée d'Aoste,Valle d'Aosta,125666,64550,51.37,0.23
1996,2021-04-28,VDA,1218,632,586,715,503,ITC,ITC2,2,Valle d'Aosta / Vallée d'Aoste,Valle d'Aosta,125666,65768,52.34,0.97
1997,2021-02-06,VDA,289,104,185,92,197,ITC,ITC2,2,Valle d'Aosta / Vallée d'Aoste,Valle d'Aosta,125666,66057,52.57,0.23
1998,2021-05-03,VDA,839,400,439,488,351,ITC,ITC2,2,Valle d'Aosta / Vallée d'Aoste,Valle d'Aosta,125666,66896,53.23,0.67
1999,2021-03-07,VDA,64,30,34,11,53,ITC,ITC2,2,Valle d'Aosta / Vallée d'Aoste,Valle d'Aosta,125666,66960,53.28,0.05
2000,2021-01-30,VDA,439,202,237,14,425,ITC,ITC2,2,Valle d'Aosta / Vallée d'Aoste,Valle d'Aosta,125666,67399,53.63,0.35
2001,2021-01-25,VDA,147,65,82,0,147,ITC,ITC2,2,Valle d'Aosta / Vallée d'Aoste,Valle d'Aosta,125666,67546,53.75,0.12
2002,2021-01-09,VDA,443,199,244,443,0,ITC,ITC2,2,Valle d'Aosta / Vallée d'Aoste,Valle d'Aosta,125666,67989,54.1,0.35
2003,2021-02-08,VDA,223,83,140,25,198,ITC,ITC2,2,Valle d'Aosta / Vallée d'Aoste,Valle d'Aosta,125666,68212,54.28,0.18
2004,2021-03-23,VDA,379,150,229,245,134,ITC,ITC2,2,Valle d'Aosta / Vallée d'Aoste,Valle d'Aosta,125666,68591,54.58,0.3
2005,2021-05-19,VDA,993,498,495,418,575,ITC,ITC2,2,Valle d'Aosta / Vallée d'Aoste,Valle d'Aosta,125666,69584,55.37,0.79
2006,2021-02-09,VDA,251,84,167,68,183,ITC,ITC2,2,Valle d'Aosta / Vallée d'Aoste,Valle d'Aosta,125666,69835,55.57,0.2
2007,2021-02-25,VDA,201,101,100,194,7,ITC,ITC2,2,Valle d'Aosta / Vallée d'Aoste,Valle d'Aosta,125666,70036,55.73,0.16
2008,2021-06-12,VDA,1232,599,633,1066,166,ITC,ITC2,2,Valle d'Aosta / Vallée d'Aoste,Valle d'Aosta,125666,71268,56.71,0.98
2009,2021-03-19,VDA,322,85,237,287,35,ITC,ITC2,2,Valle d'Aosta / Vallée d'Aoste,Valle d'Aosta,125666,71590,56.97,0.26
2010,2021-05-07,VDA,564,245,319,533,31,ITC,ITC2,2,Valle d'Aosta / Vallée d'Aoste,Valle d'Aosta,125666,72154,57.42,0.45
2011,2021-04-23,VDA,921,443,478,538,383,ITC,ITC2,2,Valle d'Aosta / Vallée d'Aoste,Valle d'Aosta,125666,73075,58.15,0.73
2012,2021-01-13,VDA,337,110,227,337,0,ITC,ITC2,2,Valle d'Aosta / Vallée d'Aoste,Valle d'Aosta,125666,73412,58.42,0.27
2013,2021-04-06,VDA,741,381,360,629,112,ITC,ITC2,2,Valle d'Aosta / Vallée d'Aoste,Valle d'Aosta,125666,74153,59.01,0.59
2014,2021-04-30,VDA,831,355,476,485,346,ITC,ITC2,2,Valle d'Aosta / Vallée d'Aoste,Valle d'Aosta,125666,74984,59.67,0.66
2015,2021-01-20,VDA,23,8,15,23,0,ITC,ITC2,2,Valle d'Aosta / Vallée d'Aoste,Valle d'Aosta,125666,75007,59.69,0.02
2016,2021-01-18,VDA,213,74,139,213,0,ITC,ITC2,2,Valle d'Aosta / Vallée d'Aoste,Valle d'Aosta,125666,75220,59.86,0.17
2017,2021-04-11,VDA,479,208,271,479,0,ITC,ITC2,2,Valle d'Aosta / Vallée d'Aoste,Valle d'Aosta,125666,75699,60.24,0.38
2018,2021-05-14,VDA,960,442,518,291,669,ITC,ITC2,2,Valle d'Aosta / Vallée d'Aoste,Valle d'Aosta,125666,76659,61.0,0.76
2019,2021-02-01,VDA,404,127,277,87,317,ITC,ITC2,2,Valle d'Aosta / Vallée d'Aoste,Valle d'Aosta,125666,77063,61.32,0.32
2020,2021-03-30,VDA,402,223,179,382,20,ITC,ITC2,2,Valle d'Aosta / Vallée d'Aoste,Valle d'Aosta,125666,77465,61.64,0.32
2021,2021-05-12,VDA,1140,549,591,470,670,ITC,ITC2,2,Valle d'Aosta / Vallée d'Aoste,Valle d'Aosta,125666,78605,62.55,0.91
2022,2021-04-18,VDA,522,254,268,518,4,ITC,ITC2,2,Valle d'Aosta / Vallée d'Aoste,Valle d'Aosta,125666,79127,62.97,0.42
2023,2021-06-14,VDA,306,163,143,12,294,ITC,ITC2,2,Valle d'Aosta / Vallée d'Aoste,Valle d'Aosta,125666,79433,63.21,0.24
2024,2021-05-31,VDA,879,395,484,500,379,ITC,ITC2,2,Valle d'Aosta / Vallée d'Aoste,Valle d'Aosta,125666,80312,63.91,0.7
2025,2021-04-25,VDA,849,408,441,710,139,ITC,ITC2,2,Valle d'Aosta / Vallée d'Aoste,Valle d'Aosta,125666,81161,64.58,0.68
2026,2021-06-07,VDA,710,347,363,649,61,ITC,ITC2,2,Valle d'Aosta / Vallée d'Aoste,Valle d'Aosta,125666,81871,65.15,0.56
2027,2021-02-27,VDA,231,85,146,124,107,ITC,ITC2,2,Valle d'Aosta / Vallée d'Aoste,Valle d'Aosta,125666,82102,65.33,0.18
2028,2021-03-16,VDA,182,37,145,118,64,ITC,ITC2,2,Valle d'Aosta / Vallée d'Aoste,Valle d'Aosta,125666,82284,65.48,0.14
2029,2021-01-06,VDA,65,33,32,65,0,ITC,ITC2,2,Valle d'Aosta / Vallée d'Aoste,Valle d'Aosta,125666,82349,65.53,0.05
2030,2021-02-18,VDA,349,153,196,261,88,ITC,ITC2,2,Valle d'Aosta / Vallée d'Aoste,Valle d'Aosta,125666,82698,65.81,0.28
2031,2021-03-18,VDA,136,43,93,99,37,ITC,ITC2,2,Valle d'Aosta / Vallée d'Aoste,Valle d'Aosta,125666,82834,65.92,0.11
2032,2021-03-04,VDA,291,139,152,42,249,ITC,ITC2,2,Valle d'Aosta / Vallée d'Aoste,Valle d'Aosta,125666,83125,66.15,0.23
2033,2021-05-26,VDA,1209,587,622,576,633,ITC,ITC2,2,Valle d'Aosta / Vallée d'Aoste,Valle d'Aosta,125666,84334,67.11,0.96
2034,2021-05-24,VDA,1136,516,620,689,447,ITC,ITC2,2,Valle d'Aosta / Vallée d'Aoste,Valle d'Aosta,125666,85470,68.01,0.9
2035,2021-05-10,VDA,782,381,401,547,235,ITC,ITC2,2,Valle d'Aosta / Vallée d'Aoste,Valle d'Aosta,125666,86252,68.64,0.62
2036,2021-04-21,VDA,868,410,458,620,248,ITC,ITC2,2,Valle d'Aosta / Vallée d'Aoste,Valle d'Aosta,125666,87120,69.33,0.69
2037,2021-03-21,VDA,355,165,190,355,0,ITC,ITC2,2,Valle d'Aosta / Vallée d'Aoste,Valle d'Aosta,125666,87475,69.61,0.28
2038,2021-06-10,VDA,1002,558,444,960,42,ITC,ITC2,2,Valle d'Aosta / Vallée d'Aoste,Valle d'Aosta,125666,88477,70.41,0.8
2039,2021-03-02,VDA,339,166,173,336,3,ITC,ITC2,2,Valle d'Aosta / Vallée d'Aoste,Valle d'Aosta,125666,88816,70.68,0.27
2040,2021-01-11,VDA,325,112,213,325,0,ITC,ITC2,2,Valle d'Aosta / Vallée d'Aoste,Valle d'Aosta,125666,89141,70.93,0.26
2041,2021-04-04,VDA,572,253,319,571,1,ITC,ITC2,2,Valle d'Aosta / Vallée d'Aoste,Valle d'Aosta,125666,89713,71.39,0.46
2042,2021-02-13,VDA,216,196,20,215,1,ITC,ITC2,2,Valle d'Aosta / Vallée d'Aoste,Valle d'Aosta,125666,89929,71.56,0.17
2043,2021-02-07,PUG,1579,669,910,253,1326,ITF,ITF4,16,Puglia,Puglia,4029053,1579,0.04,0.04
2044,2021-01-21,PUG,2132,904,1228,1271,861,ITF,ITF4,16,Puglia,Puglia,4029053,3711,0.09,0.05
2045,2021-05-01,PUG,27538,12615,14923,16890,10648,ITF,ITF4,16,Puglia,Puglia,4029053,31249,0.78,0.68
2046,2021-01-02,PUG,2950,1301,1649,2950,0,ITF,ITF4,16,Puglia,Puglia,4029053,34199,0.85,0.07
2047,2021-04-12,PUG,29142,13723,15419,26316,2826,ITF,ITF4,16,Puglia,Puglia,4029053,63341,1.57,0.72
2048,2021-02-21,PUG,2176,474,1702,2114,62,ITF,ITF4,16,Puglia,Puglia,4029053,65517,1.63,0.05
2049,2021-06-01,PUG,34638,17319,17319,21841,12797,ITF,ITF4,16,Puglia,Puglia,4029053,100155,2.49,0.86
2050,2021-05-15,PUG,43389,18885,24504,23435,19954,ITF,ITF4,16,Puglia,Puglia,4029053,143544,3.56,1.08
2051,2021-06-03,PUG,49967,24213,25754,30944,19023,ITF,ITF4,16,Puglia,Puglia,4029053,193511,4.8,1.24
2052,2021-03-10,PUG,14729,6550,8179,11609,3120,ITF,ITF4,16,Puglia,Puglia,4029053,208240,5.17,0.37
2053,2021-03-29,PUG,13428,6496,6932,6690,6738,ITF,ITF4,16,Puglia,Puglia,4029053,221668,5.5,0.33
2054,2021-03-12,PUG,14263,6422,7841,10335,3928,ITF,ITF4,16,Puglia,Puglia,4029053,235931,5.86,0.35
2055,2021-02-09,PUG,3840,1570,2270,2168,1672,ITF,ITF4,16,Puglia,Puglia,4029053,239771,5.95,0.1
2056,2021-05-20,PUG,33394,15141,18253,21075,12319,ITF,ITF4,16,Puglia,Puglia,4029053,273165,6.78,0.83
2057,2021-03-24,PUG,13444,6393,7051,6139,7305,ITF,ITF4,16,Puglia,Puglia,4029053,286609,7.11,0.33
2058,2021-01-26,PUG,5362,2397,2965,571,4791,ITF,ITF4,16,Puglia,Puglia,4029053,291971,7.25,0.13
2059,2021-05-06,PUG,39513,17279,22234,19842,19671,ITF,ITF4,16,Puglia,Puglia,4029053,331484,8.23,0.98
2060,2021-04-19,PUG,27612,12824,14788,24568,3044,ITF,ITF4,16,Puglia,Puglia,4029053,359096,8.91,0.69
2061,2021-04-24,PUG,29313,13348,15965,25368,3945,ITF,ITF4,16,Puglia,Puglia,4029053,388409,9.64,0.73
2062,2021-01-14,PUG,4072,1590,2482,4072,0,ITF,ITF4,16,Puglia,Puglia,4029053,392481,9.74,0.1
2063,2021-01-07,PUG,5717,2458,3259,5717,0,ITF,ITF4,16,Puglia,Puglia,4029053,398198,9.88,0.14
2064,2021-04-17,PUG,39894,18906,20988,36326,3568,ITF,ITF4,16,Puglia,Puglia,4029053,438092,10.87,0.99
2065,2021-02-19,PUG,4731,2010,2721,4339,392,ITF,ITF4,16,Puglia,Puglia,4029053,442823,10.99,0.12
2066,2021-03-05,PUG,17682,7166,10516,15378,2304,ITF,ITF4,16,Puglia,Puglia,4029053,460505,11.43,0.44
2067,2021-02-26,PUG,13762,5054,8708,12728,1034,ITF,ITF4,16,Puglia,Puglia,4029053,474267,11.77,0.34
2068,2020-12-31,PUG,1634,782,852,1634,0,ITF,ITF4,16,Puglia,Puglia,4029053,475901,11.81,0.04
2069,2021-06-15,PUG,41514,20328,21186,22263,19251,ITF,ITF4,16,Puglia,Puglia,4029053,517415,12.84,1.03
2070,2021-06-08,PUG,38788,18853,19935,21164,17624,ITF,ITF4,16,Puglia,Puglia,4029053,556203,13.8,0.96
2071,2021-06-13,PUG,21275,10639,10636,16140,5135,ITF,ITF4,16,Puglia,Puglia,4029053,577478,14.33,0.53
2072,2021-01-12,PUG,4213,1771,2442,4213,0,ITF,ITF4,16,Puglia,Puglia,4029053,581691,14.44,0.1
2073,2021-04-07,PUG,15534,6979,8555,8861,6673,ITF,ITF4,16,Puglia,Puglia,4029053,597225,14.82,0.39
2074,2021-05-27,PUG,40428,19070,21358,23237,17191,ITF,ITF4,16,Puglia,Puglia,4029053,637653,15.83,1.0
2075,2021-04-05,PUG,12712,6175,6537,12179,533,ITF,ITF4,16,Puglia,Puglia,4029053,650365,16.14,0.32
2076,2021-03-19,PUG,7961,3653,4308,3415,4546,ITF,ITF4,16,Puglia,Puglia,4029053,658326,16.34,0.2
2077,2021-02-14,PUG,786,347,439,662,124,ITF,ITF4,16,Puglia,Puglia,4029053,659112,16.36,0.02
2078,2021-05-25,PUG,34443,16027,18416,20968,13475,ITF,ITF4,16,Puglia,Puglia,4029053,693555,17.21,0.85
2079,2021-01-31,PUG,1814,830,984,75,1739,ITF,ITF4,16,Puglia,Puglia,4029053,695369,17.26,0.05
2080,2021-05-29,PUG,30217,14251,15966,20910,9307,ITF,ITF4,16,Puglia,Puglia,4029053,725586,18.01,0.75
2081,2021-04-02,PUG,12836,5996,6840,8313,4523,ITF,ITF4,16,Puglia,Puglia,4029053,738422,18.33,0.32
2082,2021-01-19,PUG,1221,452,769,1211,10,ITF,ITF4,16,Puglia,Puglia,4029053,739643,18.36,0.03
2083,2021-01-04,PUG,4508,2016,2492,4508,0,ITF,ITF4,16,Puglia,Puglia,4029053,744151,18.47,0.11
2084,2021-03-26,PUG,11916,5761,6155,7272,4644,ITF,ITF4,16,Puglia,Puglia,4029053,756067,18.77,0.3
2085,2021-03-09,PUG,13589,6064,7525,11579,2010,ITF,ITF4,16,Puglia,Puglia,4029053,769656,19.1,0.34
2086,2021-04-14,PUG,31873,15047,16826,28567,3306,ITF,ITF4,16,Puglia,Puglia,4029053,801529,19.89,0.79
2087,2021-03-28,PUG,3528,1650,1878,1203,2325,ITF,ITF4,16,Puglia,Puglia,4029053,805057,19.98,0.09
2088,2021-02-04,PUG,5929,2366,3563,1195,4734,ITF,ITF4,16,Puglia,Puglia,4029053,810986,20.13,0.15
2089,2021-05-17,PUG,32715,15157,17558,20865,11850,ITF,ITF4,16,Puglia,Puglia,4029053,843701,20.94,0.81
2090,2021-02-23,PUG,9349,4421,4928,8872,477,ITF,ITF4,16,Puglia,Puglia,4029053,853050,21.17,0.23
2091,2021-04-26,PUG,26235,12016,14219,23002,3233,ITF,ITF4,16,Puglia,Puglia,4029053,879285,21.82,0.65
2092,2021-03-16,PUG,9871,4687,5184,3511,6360,ITF,ITF4,16,Puglia,Puglia,4029053,889156,22.07,0.24
2093,2021-04-28,PUG,19765,8857,10908,15012,4753,ITF,ITF4,16,Puglia,Puglia,4029053,908921,22.56,0.49
2094,2021-01-09,PUG,4887,2250,2637,4887,0,ITF,ITF4,16,Puglia,Puglia,4029053,913808,22.68,0.12
2095,2021-03-31,PUG,14484,6760,7724,8926,5558,ITF,ITF4,16,Puglia,Puglia,4029053,928292,23.04,0.36
2096,2021-02-02,PUG,4346,1847,2499,593,3753,ITF,ITF4,16,Puglia,Puglia,4029053,932638,23.15,0.11
2097,2021-05-13,PUG,38566,17200,21366,21450,17116,ITF,ITF4,16,Puglia,Puglia,4029053,971204,24.11,0.96
2098,2021-03-17,PUG,10343,4700,5643,4170,6173,ITF,ITF4,16,Puglia,Puglia,4029053,981547,24.36,0.26
2099,2021-02-28,PUG,6052,1806,4246,5866,186,ITF,ITF4,16,Puglia,Puglia,4029053,987599,24.51,0.15
2100,2021-05-12,PUG,36465,16268,20197,24003,12462,ITF,ITF4,16,Puglia,Puglia,4029053,1024064,25.42,0.91
2101,2021-01-23,PUG,3040,1294,1746,886,2154,ITF,ITF4,16,Puglia,Puglia,4029053,1027104,25.49,0.08
2102,2021-05-03,PUG,33273,14873,18400,22650,10623,ITF,ITF4,16,Puglia,Puglia,4029053,1060377,26.32,0.83
2103,2021-03-07,PUG,4983,2000,2983,4412,571,ITF,ITF4,16,Puglia,Puglia,4029053,1065360,26.44,0.12
2104,2021-05-05,PUG,39066,17117,21949,24910,14156,ITF,ITF4,16,Puglia,Puglia,4029053,1104426,27.41,0.97
2105,2021-03-02,PUG,16385,6091,10294,15084,1301,ITF,ITF4,16,Puglia,Puglia,4029053,1120811,27.82,0.41
2106,2021-06-10,PUG,46331,22755,23576,29557,16774,ITF,ITF4,16,Puglia,Puglia,4029053,1167142,28.97,1.15
2107,2021-04-04,PUG,5959,2961,2998,5954,5,ITF,ITF4,16,Puglia,Puglia,4029053,1173101,29.12,0.15
2108,2021-03-21,PUG,2694,1227,1467,590,2104,ITF,ITF4,16,Puglia,Puglia,4029053,1175795,29.18,0.07
2109,2021-01-11,PUG,3754,1588,2166,3754,0,ITF,ITF4,16,Puglia,Puglia,4029053,1179549,29.28,0.09
2110,2021-04-21,PUG,23078,10651,12427,19344,3734,ITF,ITF4,16,Puglia,Puglia,4029053,1202627,29.85,0.57
2111,2021-05-24,PUG,35835,16922,18913,24865,10970,ITF,ITF4,16,Puglia,Puglia,4029053,1238462,30.74,0.89
2112,2021-05-08,PUG,54180,22936,31244,24470,29710,ITF,ITF4,16,Puglia,Puglia,4029053,1292642,32.08,1.34
2113,2021-06-12,PUG,33115,16496,16619,24454,8661,ITF,ITF4,16,Puglia,Puglia,4029053,1325757,32.9,0.82
2114,2021-01-28,PUG,5474,2278,3196,471,5003,ITF,ITF4,16,Puglia,Puglia,4029053,1331231,33.04,0.14
2115,2021-04-16,PUG,35949,16895,19054,32668,3281,ITF,ITF4,16,Puglia,Puglia,4029053,1367180,33.93,0.89
2116,2021-02-18,PUG,4379,1846,2533,3774,605,ITF,ITF4,16,Puglia,Puglia,4029053,1371559,34.04,0.11
2117,2021-04-09,PUG,21963,9452,12511,17341,4622,ITF,ITF4,16,Puglia,Puglia,4029053,1393522,34.59,0.55
2118,2021-02-11,PUG,3698,1401,2297,2420,1278,ITF,ITF4,16,Puglia,Puglia,4029053,1397220,34.68,0.09
2119,2021-05-22,PUG,34357,15731,18626,24008,10349,ITF,ITF4,16,Puglia,Puglia,4029053,1431577,35.53,0.85
2120,2021-01-18,PUG,1845,771,1074,1496,349,ITF,ITF4,16,Puglia,Puglia,4029053,1433422,35.58,0.05
2121,2021-02-06,PUG,4547,1929,2618,1591,2956,ITF,ITF4,16,Puglia,Puglia,4029053,1437969,35.69,0.11
2122,2021-01-20,PUG,1546,540,1006,1538,8,ITF,ITF4,16,Puglia,Puglia,4029053,1439515,35.73,0.04
2123,2021-04-30,PUG,34880,15622,19258,22918,11962,ITF,ITF4,16,Puglia,Puglia,4029053,1474395,36.59,0.87
2124,2021-04-13,PUG,28667,13589,15078,25266,3401,ITF,ITF4,16,Puglia,Puglia,4029053,1503062,37.31,0.71
2125,2021-05-02,PUG,21291,9651,11640,14030,7261,ITF,ITF4,16,Puglia,Puglia,4029053,1524353,37.83,0.53
2126,2021-03-14,PUG,3322,1430,1892,2511,811,ITF,ITF4,16,Puglia,Puglia,4029053,1527675,37.92,0.08
2127,2021-01-16,PUG,2506,1033,1473,2506,0,ITF,ITF4,16,Puglia,Puglia,4029053,1530181,37.98,0.06
2128,2021-05-21,PUG,38703,18379,20324,28712,9991,ITF,ITF4,16,Puglia,Puglia,4029053,1568884,38.94,0.96
2129,2021-05-19,PUG,26255,12694,13561,19834,6421,ITF,ITF4,16,Puglia,Puglia,4029053,1595139,39.59,0.65
2130,2021-03-23,PUG,10995,5538,5457,4524,6471,ITF,ITF4,16,Puglia,Puglia,4029053,1606134,39.86,0.27
2131,2021-05-31,PUG,37559,18067,19492,23510,14049,ITF,ITF4,16,Puglia,Puglia,4029053,1643693,40.8,0.93
2132,2021-04-25,PUG,11264,5217,6047,10106,1158,ITF,ITF4,16,Puglia,Puglia,4029053,1654957,41.08,0.28
2133,2021-02-27,PUG,14221,4817,9404,12996,1225,ITF,ITF4,16,Puglia,Puglia,4029053,1669178,41.43,0.35
2134,2021-01-01,PUG,148,61,87,148,0,ITF,ITF4,16,Puglia,Puglia,4029053,1669326,41.43,0.0
2135,2021-06-07,PUG,43878,21422,22456,30766,13112,ITF,ITF4,16,Puglia,Puglia,4029053,1713204,42.52,1.09
2136,2021-04-11,PUG,16454,7246,9208,14798,1656,ITF,ITF4,16,Puglia,Puglia,4029053,1729658,42.93,0.41
2137,2021-06-17,PUG,38116,18751,19365,19962,18154,ITF,ITF4,16,Puglia,Puglia,4029053,1767774,43.88,0.95
2138,2021-03-30,PUG,12267,5861,6406,6370,5897,ITF,ITF4,16,Puglia,Puglia,4029053,1780041,44.18,0.3
2139,2021-02-01,PUG,3965,1660,2305,373,3592,ITF,ITF4,16,Puglia,Puglia,4029053,1784006,44.28,0.1
2140,2021-05-14,PUG,44763,20448,24315,28663,16100,ITF,ITF4,16,Puglia,Puglia,4029053,1828769,45.39,1.11
2141,2021-04-23,PUG,29371,13647,15724,24160,5211,ITF,ITF4,16,Puglia,Puglia,4029053,1858140,46.12,0.73
2142,2021-03-18,PUG,9451,4279,5172,3317,6134,ITF,ITF4,16,Puglia,Puglia,4029053,1867591,46.35,0.23
2143,2021-03-04,PUG,15341,6090,9251,13921,1420,ITF,ITF4,16,Puglia,Puglia,4029053,1882932,46.73,0.38
2144,2021-06-09,PUG,41330,20470,20860,30255,11075,ITF,ITF4,16,Puglia,Puglia,4029053,1924262,47.76,1.03
2145,2021-02-15,PUG,3254,1268,1986,2634,620,ITF,ITF4,16,Puglia,Puglia,4029053,1927516,47.84,0.08
2146,2021-02-25,PUG,11970,5062,6908,10800,1170,ITF,ITF4,16,Puglia,Puglia,4029053,1939486,48.14,0.3
2147,2021-06-05,PUG,41770,20482,21288,29446,12324,ITF,ITF4,16,Puglia,Puglia,4029053,1981256,49.17,1.04
2148,2021-01-06,PUG,3947,1670,2277,3947,0,ITF,ITF4,16,Puglia,Puglia,4029053,1985203,49.27,0.1
2149,2021-06-16,PUG,39716,19571,20145,25902,13814,ITF,ITF4,16,Puglia,Puglia,4029053,2024919,50.26,0.99
2150,2021-03-11,PUG,14766,6539,8227,11619,3147,ITF,ITF4,16,Puglia,Puglia,4029053,2039685,50.62,0.37
2151,2021-06-02,PUG,26906,13166,13740,22098,4808,ITF,ITF4,16,Puglia,Puglia,4029053,2066591,51.29,0.67
2152,2021-03-13,PUG,10466,4134,6332,8658,1808,ITF,ITF4,16,Puglia,Puglia,4029053,2077057,51.55,0.26
2153,2021-02-24,PUG,10039,4704,5335,9448,591,ITF,ITF4,16,Puglia,Puglia,4029053,2087096,51.8,0.25
2154,2021-06-04,PUG,52003,25161,26842,34539,17464,ITF,ITF4,16,Puglia,Puglia,4029053,2139099,53.09,1.29
2155,2021-05-18,PUG,28741,13376,15365,16012,12729,ITF,ITF4,16,Puglia,Puglia,4029053,2167840,53.81,0.71
2156,2021-04-29,PUG,26070,12073,13997,19408,6662,ITF,ITF4,16,Puglia,Puglia,4029053,2193910,54.45,0.65
2157,2021-01-03,PUG,2007,943,1064,2007,0,ITF,ITF4,16,Puglia,Puglia,4029053,2195917,54.5,0.05
2158,2021-03-27,PUG,12149,5706,6443,6981,5168,ITF,ITF4,16,Puglia,Puglia,4029053,2208066,54.8,0.3
2159,2021-01-25,PUG,3826,1681,2145,423,3403,ITF,ITF4,16,Puglia,Puglia,4029053,2211892,54.9,0.09
2160,2021-04-08,PUG,17458,7578,9880,11284,6174,ITF,ITF4,16,Puglia,Puglia,4029053,2229350,55.33,0.43
2161,2021-06-06,PUG,30482,15350,15132,25464,5018,ITF,ITF4,16,Puglia,Puglia,4029053,2259832,56.09,0.76
2162,2021-04-10,PUG,30750,13035,17715,26527,4223,ITF,ITF4,16,Puglia,Puglia,4029053,2290582,56.85,0.76
2163,2021-03-25,PUG,11425,5758,5667,5184,6241,ITF,ITF4,16,Puglia,Puglia,4029053,2302007,57.14,0.28
2164,2021-02-08,PUG,3991,1610,2381,1597,2394,ITF,ITF4,16,Puglia,Puglia,4029053,2305998,57.23,0.1
2165,2021-02-10,PUG,3645,1436,2209,2134,1511,ITF,ITF4,16,Puglia,Puglia,4029053,2309643,57.32,0.09
2166,2021-05-23,PUG,17870,8354,9516,14066,3804,ITF,ITF4,16,Puglia,Puglia,4029053,2327513,57.77,0.44
2167,2021-03-06,PUG,16144,6125,10019,14056,2088,ITF,ITF4,16,Puglia,Puglia,4029053,2343657,58.17,0.4
2168,2021-01-08,PUG,5633,2362,3271,5633,0,ITF,ITF4,16,Puglia,Puglia,4029053,2349290,58.31,0.14
2169,2021-06-14,PUG,40934,20036,20898,28846,12088,ITF,ITF4,16,Puglia,Puglia,4029053,2390224,59.32,1.02
2170,2021-04-18,PUG,22564,10789,11775,21501,1063,ITF,ITF4,16,Puglia,Puglia,4029053,2412788,59.88,0.56
2171,2021-02-20,PUG,2971,1080,1891,2714,257,ITF,ITF4,16,Puglia,Puglia,4029053,2415759,59.96,0.07
2172,2021-01-15,PUG,4552,1866,2686,4552,0,ITF,ITF4,16,Puglia,Puglia,4029053,2420311,60.07,0.11
2173,2020-12-30,PUG,1,0,1,1,0,ITF,ITF4,16,Puglia,Puglia,4029053,2420312,60.07,0.0
2174,2021-03-22,PUG,9858,5037,4821,4212,5646,ITF,ITF4,16,Puglia,Puglia,4029053,2430170,60.32,0.24
2175,2021-01-24,PUG,1669,749,920,153,1516,ITF,ITF4,16,Puglia,Puglia,4029053,2431839,60.36,0.04
2176,2021-03-15,PUG,12243,6066,6177,5739,6504,ITF,ITF4,16,Puglia,Puglia,4029053,2444082,60.66,0.3
2177,2021-01-17,PUG,1308,590,718,1239,69,ITF,ITF4,16,Puglia,Puglia,4029053,2445390,60.69,0.03
2178,2021-04-27,PUG,26639,12057,14582,21051,5588,ITF,ITF4,16,Puglia,Puglia,4029053,2472029,61.36,0.66
2179,2021-05-26,PUG,38228,18359,19869,26598,11630,ITF,ITF4,16,Puglia,Puglia,4029053,2510257,62.3,0.95
2180,2021-01-27,PUG,4583,1932,2651,612,3971,ITF,ITF4,16,Puglia,Puglia,4029053,2514840,62.42,0.11
2181,2021-05-07,PUG,49845,22251,27594,26483,23362,ITF,ITF4,16,Puglia,Puglia,4029053,2564685,63.65,1.24
2182,2021-01-13,PUG,4543,1730,2813,4543,0,ITF,ITF4,16,Puglia,Puglia,4029053,2569228,63.77,0.11
2183,2021-04-06,PUG,13797,6219,7578,7046,6751,ITF,ITF4,16,Puglia,Puglia,4029053,2583025,64.11,0.34
2184,2021-03-01,PUG,15102,5868,9234,13732,1370,ITF,ITF4,16,Puglia,Puglia,4029053,2598127,64.48,0.37
2185,2021-01-05,PUG,5107,2251,2856,5107,0,ITF,ITF4,16,Puglia,Puglia,4029053,2603234,64.61,0.13
2186,2021-04-15,PUG,32495,15162,17333,28965,3530,ITF,ITF4,16,Puglia,Puglia,4029053,2635729,65.42,0.81
2187,2021-02-22,PUG,9630,4537,5093,9298,332,ITF,ITF4,16,Puglia,Puglia,4029053,2645359,65.66,0.24
2188,2021-02-05,PUG,5635,2273,3362,1333,4302,ITF,ITF4,16,Puglia,Puglia,4029053,2650994,65.8,0.14
2189,2021-05-16,PUG,24452,11022,13430,12643,11809,ITF,ITF4,16,Puglia,Puglia,4029053,2675446,66.4,0.61
2190,2021-04-01,PUG,13856,6476,7380,7510,6346,ITF,ITF4,16,Puglia,Puglia,4029053,2689302,66.75,0.34
2191,2021-02-03,PUG,5037,2005,3032,730,4307,ITF,ITF4,16,Puglia,Puglia,4029053,2694339,66.87,0.13
2192,2021-01-22,PUG,1409,578,831,991,418,ITF,ITF4,16,Puglia,Puglia,4029053,2695748,66.91,0.03
2193,2021-02-17,PUG,4276,1746,2530,3671,605,ITF,ITF4,16,Puglia,Puglia,4029053,2700024,67.01,0.11
2194,2021-05-28,PUG,43500,20594,22906,27884,15616,ITF,ITF4,16,Puglia,Puglia,4029053,2743524,68.09,1.08
2195,2021-05-30,PUG,20884,10001,10883,15858,5026,ITF,ITF4,16,Puglia,Puglia,4029053,2764408,68.61,0.52
2196,2021-05-11,PUG,32487,14328,18159,14090,18397,ITF,ITF4,16,Puglia,Puglia,4029053,2796895,69.42,0.81
2197,2021-05-04,PUG,35006,14803,20203,18575,16431,ITF,ITF4,16,Puglia,Puglia,4029053,2831901,70.29,0.87
2198,2021-03-08,PUG,14979,6430,8549,12580,2399,ITF,ITF4,16,Puglia,Puglia,4029053,2846880,70.66,0.37
2199,2021-01-10,PUG,2348,1061,1287,2348,0,ITF,ITF4,16,Puglia,Puglia,4029053,2849228,70.72,0.06
2200,2021-04-20,PUG,21115,9801,11314,17652,3463,ITF,ITF4,16,Puglia,Puglia,4029053,2870343,71.24,0.52
2201,2020-12-27,PUG,509,252,257,509,0,ITF,ITF4,16,Puglia,Puglia,4029053,2870852,71.25,0.01
2202,2021-02-16,PUG,3380,1453,1927,2735,645,ITF,ITF4,16,Puglia,Puglia,4029053,2874232,71.34,0.08
2203,2021-01-30,PUG,5528,2514,3014,410,5118,ITF,ITF4,16,Puglia,Puglia,4029053,2879760,71.47,0.14
2204,2021-05-10,PUG,37617,16617,21000,19705,17912,ITF,ITF4,16,Puglia,Puglia,4029053,2917377,72.41,0.93
2205,2021-02-13,PUG,3727,1456,2271,3031,696,ITF,ITF4,16,Puglia,Puglia,4029053,2921104,72.5,0.09
2206,2021-05-09,PUG,30622,12547,18075,15034,15588,ITF,ITF4,16,Puglia,Puglia,4029053,2951726,73.26,0.76
2207,2021-04-22,PUG,22999,10528,12471,18080,4919,ITF,ITF4,16,Puglia,Puglia,4029053,2974725,73.83,0.57
2208,2021-02-12,PUG,4212,1672,2540,3120,1092,ITF,ITF4,16,Puglia,Puglia,4029053,2978937,73.94,0.1
2209,2021-01-29,PUG,6199,2662,3537,437,5762,ITF,ITF4,16,Puglia,Puglia,4029053,2985136,74.09,0.15
2210,2021-03-20,PUG,8414,3878,4536,3820,4594,ITF,ITF4,16,Puglia,Puglia,4029053,2993550,74.3,0.21
2211,2021-03-03,PUG,16773,6796,9977,14859,1914,ITF,ITF4,16,Puglia,Puglia,4029053,3010323,74.72,0.42
2212,2021-06-11,PUG,46663,22848,23815,33009,13654,ITF,ITF4,16,Puglia,Puglia,4029053,3056986,75.87,1.16
2213,2021-04-03,PUG,10549,4636,5913,6995,3554,ITF,ITF4,16,Puglia,Puglia,4029053,3067535,76.14,0.26
2214,2021-05-19,SAR,16393,8148,8245,12746,3647,ITG,ITG2,20,Sardegna,Sardegna,1639591,16393,1.0,1.0
2215,2021-06-05,SAR,17826,8413,9413,11377,6449,ITG,ITG2,20,Sardegna,Sardegna,1639591,34219,2.09,1.09
2216,2021-02-25,SAR,2899,1255,1644,2294,605,ITG,ITG2,20,Sardegna,Sardegna,1639591,37118,2.26,0.18
2217,2021-03-14,SAR,607,376,231,607,0,ITG,ITG2,20,Sardegna,Sardegna,1639591,37725,2.3,0.04
2218,2021-04-30,SAR,11133,5300,5833,6923,4210,ITG,ITG2,20,Sardegna,Sardegna,1639591,48858,2.98,0.68
2219,2021-05-17,SAR,12126,5694,6432,9236,2890,ITG,ITG2,20,Sardegna,Sardegna,1639591,60984,3.72,0.74
2220,2021-03-28,SAR,4643,1838,2805,4564,79,ITG,ITG2,20,Sardegna,Sardegna,1639591,65627,4.0,0.28
2221,2021-01-04,SAR,592,217,375,592,0,ITG,ITG2,20,Sardegna,Sardegna,1639591,66219,4.04,0.04
2222,2021-04-16,SAR,14441,6488,7953,9098,5343,ITG,ITG2,20,Sardegna,Sardegna,1639591,80660,4.92,0.88
2223,2021-01-23,SAR,60,22,38,0,60,ITG,ITG2,20,Sardegna,Sardegna,1639591,80720,4.92,0.0
2224,2021-03-09,SAR,5546,2741,2805,4817,729,ITG,ITG2,20,Sardegna,Sardegna,1639591,86266,5.26,0.34
2225,2021-05-05,SAR,10155,4644,5511,8146,2009,ITG,ITG2,20,Sardegna,Sardegna,1639591,96421,5.88,0.62
2226,2021-03-02,SAR,3059,1639,1420,1906,1153,ITG,ITG2,20,Sardegna,Sardegna,1639591,99480,6.07,0.19
2227,2021-04-28,SAR,9022,4279,4743,5321,3701,ITG,ITG2,20,Sardegna,Sardegna,1639591,108502,6.62,0.55
2228,2021-01-18,SAR,904,326,578,780,124,ITG,ITG2,20,Sardegna,Sardegna,1639591,109406,6.67,0.06
2229,2021-03-16,SAR,4374,1949,2425,3452,922,ITG,ITG2,20,Sardegna,Sardegna,1639591,113780,6.94,0.27
2230,2021-02-11,SAR,1315,490,825,1204,111,ITG,ITG2,20,Sardegna,Sardegna,1639591,115095,7.02,0.08
2231,2021-05-24,SAR,13856,6721,7135,8479,5377,ITG,ITG2,20,Sardegna,Sardegna,1639591,128951,7.86,0.85
2232,2021-02-13,SAR,1456,565,891,1454,2,ITG,ITG2,20,Sardegna,Sardegna,1639591,130407,7.95,0.09
2233,2021-05-29,SAR,17988,8644,9344,13396,4592,ITG,ITG2,20,Sardegna,Sardegna,1639591,148395,9.05,1.1
2234,2021-02-18,SAR,1878,732,1146,1814,64,ITG,ITG2,20,Sardegna,Sardegna,1639591,150273,9.17,0.11
2235,2021-04-09,SAR,12300,5468,6832,7948,4352,ITG,ITG2,20,Sardegna,Sardegna,1639591,162573,9.92,0.75
2236,2021-04-11,SAR,5394,2443,2951,4274,1120,ITG,ITG2,20,Sardegna,Sardegna,1639591,167967,10.24,0.33
2237,2021-06-07,SAR,12552,6138,6414,9554,2998,ITG,ITG2,20,Sardegna,Sardegna,1639591,180519,11.01,0.77
2238,2021-02-04,SAR,2271,816,1455,916,1355,ITG,ITG2,20,Sardegna,Sardegna,1639591,182790,11.15,0.14
2239,2021-04-02,SAR,8992,3549,5443,5750,3242,ITG,ITG2,20,Sardegna,Sardegna,1639591,191782,11.7,0.55
2240,2021-03-23,SAR,6412,2878,3534,5334,1078,ITG,ITG2,20,Sardegna,Sardegna,1639591,198194,12.09,0.39
2241,2021-05-12,SAR,10847,5090,5757,7769,3078,ITG,ITG2,20,Sardegna,Sardegna,1639591,209041,12.75,0.66
2242,2020-12-28,SAR,65,25,40,65,0,ITG,ITG2,20,Sardegna,Sardegna,1639591,209106,12.75,0.0
2243,2021-04-23,SAR,12860,5740,7120,7385,5475,ITG,ITG2,20,Sardegna,Sardegna,1639591,221966,13.54,0.78
2244,2021-05-10,SAR,9736,4338,5398,7199,2537,ITG,ITG2,20,Sardegna,Sardegna,1639591,231702,14.13,0.59
2245,2021-01-30,SAR,3863,1392,2471,362,3501,ITG,ITG2,20,Sardegna,Sardegna,1639591,235565,14.37,0.24
2246,2021-01-16,SAR,1492,525,967,1492,0,ITG,ITG2,20,Sardegna,Sardegna,1639591,237057,14.46,0.09
2247,2021-02-06,SAR,1970,697,1273,569,1401,ITG,ITG2,20,Sardegna,Sardegna,1639591,239027,14.58,0.12
2248,2021-02-23,SAR,1537,1026,511,1285,252,ITG,ITG2,20,Sardegna,Sardegna,1639591,240564,14.67,0.09
2249,2021-05-02,SAR,5886,2669,3217,5305,581,ITG,ITG2,20,Sardegna,Sardegna,1639591,246450,15.03,0.36
2250,2021-02-08,SAR,1470,533,937,856,614,ITG,ITG2,20,Sardegna,Sardegna,1639591,247920,15.12,0.09
2251,2021-02-22,SAR,1639,949,690,1411,228,ITG,ITG2,20,Sardegna,Sardegna,1639591,249559,15.22,0.1
2252,2021-03-11,SAR,6416,3081,3335,5214,1202,ITG,ITG2,20,Sardegna,Sardegna,1639591,255975,15.61,0.39
2253,2021-06-04,SAR,14372,6866,7506,9821,4551,ITG,ITG2,20,Sardegna,Sardegna,1639591,270347,16.49,0.88
2254,2021-03-13,SAR,2755,1076,1679,2474,281,ITG,ITG2,20,Sardegna,Sardegna,1639591,273102,16.66,0.17
2255,2021-03-30,SAR,8778,3591,5187,6502,2276,ITG,ITG2,20,Sardegna,Sardegna,1639591,281880,17.19,0.54
2256,2021-05-31,SAR,11360,5405,5955,8253,3107,ITG,ITG2,20,Sardegna,Sardegna,1639591,293240,17.88,0.69
2257,2021-04-18,SAR,5127,2225,2902,2258,2869,ITG,ITG2,20,Sardegna,Sardegna,1639591,298367,18.2,0.31
2258,2021-01-08,SAR,3258,1184,2074,3258,0,ITG,ITG2,20,Sardegna,Sardegna,1639591,301625,18.4,0.2
2259,2021-06-02,SAR,9784,4690,5094,8143,1641,ITG,ITG2,20,Sardegna,Sardegna,1639591,311409,18.99,0.6
2260,2021-04-20,SAR,10993,4993,6000,7779,3214,ITG,ITG2,20,Sardegna,Sardegna,1639591,322402,19.66,0.67
2261,2021-04-21,SAR,12074,5557,6517,6541,5533,ITG,ITG2,20,Sardegna,Sardegna,1639591,334476,20.4,0.74
2262,2021-01-11,SAR,1183,505,678,1183,0,ITG,ITG2,20,Sardegna,Sardegna,1639591,335659,20.47,0.07
2263,2021-06-17,SAR,18405,8511,9894,10022,8383,ITG,ITG2,20,Sardegna,Sardegna,1639591,354064,21.59,1.12
2264,2021-01-25,SAR,589,213,376,22,567,ITG,ITG2,20,Sardegna,Sardegna,1639591,354653,21.63,0.04
2265,2021-05-16,SAR,8166,3813,4353,6006,2160,ITG,ITG2,20,Sardegna,Sardegna,1639591,362819,22.13,0.5
2266,2021-04-04,SAR,1,0,1,0,1,ITG,ITG2,20,Sardegna,Sardegna,1639591,362820,22.13,0.0
2267,2021-06-16,SAR,17641,8275,9366,12338,5303,ITG,ITG2,20,Sardegna,Sardegna,1639591,380461,23.2,1.08
2268,2021-01-01,SAR,32,17,15,32,0,ITG,ITG2,20,Sardegna,Sardegna,1639591,380493,23.21,0.0
2269,2021-02-27,SAR,1921,647,1274,1366,555,ITG,ITG2,20,Sardegna,Sardegna,1639591,382414,23.32,0.12
2270,2021-06-14,SAR,13735,6634,7101,10126,3609,ITG,ITG2,20,Sardegna,Sardegna,1639591,396149,24.16,0.84
2271,2021-03-06,SAR,2638,1079,1559,858,1780,ITG,ITG2,20,Sardegna,Sardegna,1639591,398787,24.32,0.16
2272,2021-04-06,SAR,7457,3122,4335,5028,2429,ITG,ITG2,20,Sardegna,Sardegna,1639591,406244,24.78,0.45
2273,2020-12-27,SAR,65,34,31,65,0,ITG,ITG2,20,Sardegna,Sardegna,1639591,406309,24.78,0.0
2274,2021-04-25,SAR,4497,2269,2228,3718,779,ITG,ITG2,20,Sardegna,Sardegna,1639591,410806,25.06,0.27
2275,2021-01-15,SAR,1563,573,990,1563,0,ITG,ITG2,20,Sardegna,Sardegna,1639591,412369,25.15,0.1
2276,2021-02-01,SAR,1524,605,919,225,1299,ITG,ITG2,20,Sardegna,Sardegna,1639591,413893,25.24,0.09
2277,2021-05-09,SAR,6129,2874,3255,5203,926,ITG,ITG2,20,Sardegna,Sardegna,1639591,420022,25.62,0.37
2278,2021-05-26,SAR,14912,7653,7259,9874,5038,ITG,ITG2,20,Sardegna,Sardegna,1639591,434934,26.53,0.91
2279,2021-02-15,SAR,958,349,609,927,31,ITG,ITG2,20,Sardegna,Sardegna,1639591,435892,26.59,0.06
2280,2021-06-12,SAR,125,88,37,99,26,ITG,ITG2,20,Sardegna,Sardegna,1639591,436017,26.59,0.01
2281,2021-03-04,SAR,4363,2291,2072,3107,1256,ITG,ITG2,20,Sardegna,Sardegna,1639591,440380,26.86,0.27
2282,2021-03-21,SAR,4030,1809,2221,2590,1440,ITG,ITG2,20,Sardegna,Sardegna,1639591,444410,27.1,0.25
2283,2021-01-13,SAR,573,178,395,573,0,ITG,ITG2,20,Sardegna,Sardegna,1639591,444983,27.14,0.03
2284,2021-05-07,SAR,14446,6621,7825,9944,4502,ITG,ITG2,20,Sardegna,Sardegna,1639591,459429,28.02,0.88
2285,2021-01-27,SAR,1411,496,915,79,1332,ITG,ITG2,20,Sardegna,Sardegna,1639591,460840,28.11,0.09
2286,2021-03-25,SAR,9113,3971,5142,7807,1306,ITG,ITG2,20,Sardegna,Sardegna,1639591,469953,28.66,0.56
2287,2021-05-21,SAR,21142,10363,10779,15491,5651,ITG,ITG2,20,Sardegna,Sardegna,1639591,491095,29.95,1.29
2288,2021-03-18,SAR,7257,3071,4186,5652,1605,ITG,ITG2,20,Sardegna,Sardegna,1639591,498352,30.39,0.44
2289,2021-01-20,SAR,210,77,133,208,2,ITG,ITG2,20,Sardegna,Sardegna,1639591,498562,30.41,0.01
2290,2021-03-29,SAR,4721,1827,2894,4132,589,ITG,ITG2,20,Sardegna,Sardegna,1639591,503283,30.7,0.29
2291,2021-04-15,SAR,11844,5538,6306,6887,4957,ITG,ITG2,20,Sardegna,Sardegna,1639591,515127,31.42,0.72
2292,2021-01-05,SAR,1327,446,881,1327,0,ITG,ITG2,20,Sardegna,Sardegna,1639591,516454,31.5,0.08
2293,2021-01-22,SAR,83,47,36,55,28,ITG,ITG2,20,Sardegna,Sardegna,1639591,516537,31.5,0.01
2294,2021-04-17,SAR,10082,4502,5580,5483,4599,ITG,ITG2,20,Sardegna,Sardegna,1639591,526619,32.12,0.61
2295,2021-01-06,SAR,1615,549,1066,1615,0,ITG,ITG2,20,Sardegna,Sardegna,1639591,528234,32.22,0.1
2296,2021-05-18,SAR,14037,6779,7258,9501,4536,ITG,ITG2,20,Sardegna,Sardegna,1639591,542271,33.07,0.86
2297,2021-02-24,SAR,2413,1294,1119,2223,190,ITG,ITG2,20,Sardegna,Sardegna,1639591,544684,33.22,0.15
2298,2021-02-20,SAR,2041,855,1186,1707,334,ITG,ITG2,20,Sardegna,Sardegna,1639591,546725,33.35,0.12
2299,2021-04-29,SAR,11117,5110,6007,6762,4355,ITG,ITG2,20,Sardegna,Sardegna,1639591,557842,34.02,0.68
2300,2021-01-10,SAR,2183,750,1433,2183,0,ITG,ITG2,20,Sardegna,Sardegna,1639591,560025,34.16,0.13
2301,2021-02-05,SAR,1897,749,1148,433,1464,ITG,ITG2,20,Sardegna,Sardegna,1639591,561922,34.27,0.12
2302,2021-04-03,SAR,4663,1802,2861,2696,1967,ITG,ITG2,20,Sardegna,Sardegna,1639591,566585,34.56,0.28
2303,2021-05-30,SAR,9726,4836,4890,7369,2357,ITG,ITG2,20,Sardegna,Sardegna,1639591,576311,35.15,0.59
2304,2021-02-19,SAR,1499,473,1026,1443,56,ITG,ITG2,20,Sardegna,Sardegna,1639591,577810,35.24,0.09
2305,2021-04-13,SAR,7608,3594,4014,5781,1827,ITG,ITG2,20,Sardegna,Sardegna,1639591,585418,35.71,0.46
2306,2021-06-09,SAR,15455,7360,8095,11719,3736,ITG,ITG2,20,Sardegna,Sardegna,1639591,600873,36.65,0.94
2307,2021-03-08,SAR,4677,2423,2254,3457,1220,ITG,ITG2,20,Sardegna,Sardegna,1639591,605550,36.93,0.29
2308,2021-05-04,SAR,9538,4386,5152,7685,1853,ITG,ITG2,20,Sardegna,Sardegna,1639591,615088,37.51,0.58
2309,2021-01-24,SAR,90,34,56,5,85,ITG,ITG2,20,Sardegna,Sardegna,1639591,615178,37.52,0.01
2310,2021-05-28,SAR,17937,8688,9249,13664,4273,ITG,ITG2,20,Sardegna,Sardegna,1639591,633115,38.61,1.09
2311,2021-02-17,SAR,1407,577,830,1333,74,ITG,ITG2,20,Sardegna,Sardegna,1639591,634522,38.7,0.09
2312,2021-05-25,SAR,14323,7023,7300,8593,5730,ITG,ITG2,20,Sardegna,Sardegna,1639591,648845,39.57,0.87
2313,2021-06-11,SAR,14758,7012,7746,9230,5528,ITG,ITG2,20,Sardegna,Sardegna,1639591,663603,40.47,0.9
2314,2021-03-03,SAR,4064,2265,1799,2815,1249,ITG,ITG2,20,Sardegna,Sardegna,1639591,667667,40.72,0.25
2315,2021-03-22,SAR,3696,1497,2199,3183,513,ITG,ITG2,20,Sardegna,Sardegna,1639591,671363,40.95,0.23
2316,2021-05-14,SAR,14025,6497,7528,10738,3287,ITG,ITG2,20,Sardegna,Sardegna,1639591,685388,41.8,0.86
2317,2021-02-03,SAR,1119,419,700,426,693,ITG,ITG2,20,Sardegna,Sardegna,1639591,686507,41.87,0.07
2318,2021-04-01,SAR,10153,4062,6091,7139,3014,ITG,ITG2,20,Sardegna,Sardegna,1639591,696660,42.49,0.62
2319,2021-02-10,SAR,1959,765,1194,1441,518,ITG,ITG2,20,Sardegna,Sardegna,1639591,698619,42.61,0.12
2320,2021-01-03,SAR,90,36,54,90,0,ITG,ITG2,20,Sardegna,Sardegna,1639591,698709,42.61,0.01
2321,2021-03-31,SAR,10272,4163,6109,7824,2448,ITG,ITG2,20,Sardegna,Sardegna,1639591,708981,43.24,0.63
2322,2021-06-06,SAR,10027,4996,5031,6375,3652,ITG,ITG2,20,Sardegna,Sardegna,1639591,719008,43.85,0.61
2323,2021-04-14,SAR,8252,3903,4349,7014,1238,ITG,ITG2,20,Sardegna,Sardegna,1639591,727260,44.36,0.5
2324,2021-05-01,SAR,9908,4762,5146,5451,4457,ITG,ITG2,20,Sardegna,Sardegna,1639591,737168,44.96,0.6
2325,2021-01-21,SAR,126,60,66,94,32,ITG,ITG2,20,Sardegna,Sardegna,1639591,737294,44.97,0.01
2326,2021-03-10,SAR,6049,2952,3097,5199,850,ITG,ITG2,20,Sardegna,Sardegna,1639591,743343,45.34,0.37
2327,2021-05-06,SAR,12952,6011,6941,9806,3146,ITG,ITG2,20,Sardegna,Sardegna,1639591,756295,46.13,0.79
2328,2021-03-01,SAR,2264,1153,1111,1605,659,ITG,ITG2,20,Sardegna,Sardegna,1639591,758559,46.27,0.14
2329,2021-05-13,SAR,11582,5438,6144,8538,3044,ITG,ITG2,20,Sardegna,Sardegna,1639591,770141,46.97,0.71
2330,2021-02-02,SAR,1498,669,829,257,1241,ITG,ITG2,20,Sardegna,Sardegna,1639591,771639,47.06,0.09
2331,2021-04-27,SAR,7614,3550,4064,5572,2042,ITG,ITG2,20,Sardegna,Sardegna,1639591,779253,47.53,0.46
2332,2021-01-17,SAR,860,277,583,859,1,ITG,ITG2,20,Sardegna,Sardegna,1639591,780113,47.58,0.05
2333,2021-03-15,SAR,2798,1318,1480,2425,373,ITG,ITG2,20,Sardegna,Sardegna,1639591,782911,47.75,0.17
2334,2021-03-26,SAR,8434,3489,4945,6908,1526,ITG,ITG2,20,Sardegna,Sardegna,1639591,791345,48.26,0.51
2335,2021-05-22,SAR,24771,11927,12844,19674,5097,ITG,ITG2,20,Sardegna,Sardegna,1639591,816116,49.78,1.51
2336,2021-01-19,SAR,747,270,477,692,55,ITG,ITG2,20,Sardegna,Sardegna,1639591,816863,49.82,0.05
2337,2021-03-17,SAR,6556,2849,3707,4949,1607,ITG,ITG2,20,Sardegna,Sardegna,1639591,823419,50.22,0.4
2338,2021-03-27,SAR,5735,2192,3543,5313,422,ITG,ITG2,20,Sardegna,Sardegna,1639591,829154,50.57,0.35
2339,2021-05-23,SAR,9966,4806,5160,7721,2245,ITG,ITG2,20,Sardegna,Sardegna,1639591,839120,51.18,0.61
2340,2021-02-12,SAR,2237,933,1304,2178,59,ITG,ITG2,20,Sardegna,Sardegna,1639591,841357,51.32,0.14
2341,2021-04-10,SAR,10491,4748,5743,8555,1936,ITG,ITG2,20,Sardegna,Sardegna,1639591,851848,51.95,0.64
2342,2021-04-12,SAR,6990,3179,3811,5276,1714,ITG,ITG2,20,Sardegna,Sardegna,1639591,858838,52.38,0.43
2343,2021-01-02,SAR,60,21,39,60,0,ITG,ITG2,20,Sardegna,Sardegna,1639591,858898,52.38,0.0
2344,2021-06-08,SAR,14812,7065,7747,11321,3491,ITG,ITG2,20,Sardegna,Sardegna,1639591,873710,53.29,0.9
2345,2021-02-28,SAR,368,169,199,142,226,ITG,ITG2,20,Sardegna,Sardegna,1639591,874078,53.31,0.02
2346,2021-04-26,SAR,6823,3265,3558,5947,876,ITG,ITG2,20,Sardegna,Sardegna,1639591,880901,53.73,0.42
2347,2021-04-08,SAR,13441,5936,7505,8321,5120,ITG,ITG2,20,Sardegna,Sardegna,1639591,894342,54.55,0.82
2348,2020-12-29,SAR,57,32,25,57,0,ITG,ITG2,20,Sardegna,Sardegna,1639591,894399,54.55,0.0
2349,2021-04-22,SAR,10503,4659,5844,5584,4919,ITG,ITG2,20,Sardegna,Sardegna,1639591,904902,55.19,0.64
2350,2021-01-12,SAR,865,408,457,865,0,ITG,ITG2,20,Sardegna,Sardegna,1639591,905767,55.24,0.05
2351,2021-05-11,SAR,8784,4064,4720,6437,2347,ITG,ITG2,20,Sardegna,Sardegna,1639591,914551,55.78,0.54
2352,2021-01-31,SAR,2121,750,1371,48,2073,ITG,ITG2,20,Sardegna,Sardegna,1639591,916672,55.91,0.13
2353,2021-02-14,SAR,539,263,276,537,2,ITG,ITG2,20,Sardegna,Sardegna,1639591,917211,55.94,0.03
2354,2021-02-07,SAR,1117,395,722,228,889,ITG,ITG2,20,Sardegna,Sardegna,1639591,918328,56.01,0.07
2355,2021-05-03,SAR,8184,3819,4365,6588,1596,ITG,ITG2,20,Sardegna,Sardegna,1639591,926512,56.51,0.5
2356,2021-05-20,SAR,15925,7564,8361,11307,4618,ITG,ITG2,20,Sardegna,Sardegna,1639591,942437,57.48,0.97
2357,2021-02-09,SAR,2287,837,1450,1290,997,ITG,ITG2,20,Sardegna,Sardegna,1639591,944724,57.62,0.14
2358,2021-02-26,SAR,2801,1109,1692,2495,306,ITG,ITG2,20,Sardegna,Sardegna,1639591,947525,57.79,0.17
2359,2021-06-03,SAR,16344,7607,8737,10699,5645,ITG,ITG2,20,Sardegna,Sardegna,1639591,963869,58.79,1.0
2360,2021-03-12,SAR,5979,2621,3358,4671,1308,ITG,ITG2,20,Sardegna,Sardegna,1639591,969848,59.15,0.36
2361,2021-05-15,SAR,13785,6425,7360,10352,3433,ITG,ITG2,20,Sardegna,Sardegna,1639591,983633,59.99,0.84
2362,2021-01-26,SAR,1336,453,883,27,1309,ITG,ITG2,20,Sardegna,Sardegna,1639591,984969,60.07,0.08
2363,2021-05-08,SAR,13087,5970,7117,10798,2289,ITG,ITG2,20,Sardegna,Sardegna,1639591,998056,60.87,0.8
2364,2021-01-07,SAR,3112,1077,2035,3112,0,ITG,ITG2,20,Sardegna,Sardegna,1639591,1001168,61.06,0.19
2365,2021-06-10,SAR,17810,8479,9331,11775,6035,ITG,ITG2,20,Sardegna,Sardegna,1639591,1018978,62.15,1.09
2366,2020-12-31,SAR,32,16,16,32,0,ITG,ITG2,20,Sardegna,Sardegna,1639591,1019010,62.15,0.0
2367,2021-03-24,SAR,7409,3108,4301,6050,1359,ITG,ITG2,20,Sardegna,Sardegna,1639591,1026419,62.6,0.45
2368,2021-06-01,SAR,14317,6653,7664,9729,4588,ITG,ITG2,20,Sardegna,Sardegna,1639591,1040736,63.48,0.87
2369,2021-02-21,SAR,1589,710,879,1559,30,ITG,ITG2,20,Sardegna,Sardegna,1639591,1042325,63.57,0.1
2370,2021-04-19,SAR,10192,4620,5572,8762,1430,ITG,ITG2,20,Sardegna,Sardegna,1639591,1052517,64.19,0.62
2371,2021-01-09,SAR,4026,1417,2609,4026,0,ITG,ITG2,20,Sardegna,Sardegna,1639591,1056543,64.44,0.25
2372,2021-06-15,SAR,10504,4871,5633,7317,3187,ITG,ITG2,20,Sardegna,Sardegna,1639591,1067047,65.08,0.64
2373,2021-03-07,SAR,1657,750,907,1117,540,ITG,ITG2,20,Sardegna,Sardegna,1639591,1068704,65.18,0.1
2374,2021-04-05,SAR,2036,784,1252,2035,1,ITG,ITG2,20,Sardegna,Sardegna,1639591,1070740,65.31,0.12
2375,2021-03-20,SAR,5194,2074,3120,2917,2277,ITG,ITG2,20,Sardegna,Sardegna,1639591,1075934,65.62,0.32
2376,2021-06-13,SAR,9324,4578,4746,6121,3203,ITG,ITG2,20,Sardegna,Sardegna,1639591,1085258,66.19,0.57
2377,2021-01-29,SAR,2955,1069,1886,48,2907,ITG,ITG2,20,Sardegna,Sardegna,1639591,1088213,66.37,0.18
2378,2021-01-28,SAR,2971,1045,1926,69,2902,ITG,ITG2,20,Sardegna,Sardegna,1639591,1091184,66.55,0.18
2379,2021-05-27,SAR,17455,8972,8483,12251,5204,ITG,ITG2,20,Sardegna,Sardegna,1639591,1108639,67.62,1.06
2380,2021-02-16,SAR,700,289,411,673,27,ITG,ITG2,20,Sardegna,Sardegna,1639591,1109339,67.66,0.04
2381,2021-03-05,SAR,5211,2605,2606,2857,2354,ITG,ITG2,20,Sardegna,Sardegna,1639591,1114550,67.98,0.32
2382,2021-03-19,SAR,7271,3051,4220,5056,2215,ITG,ITG2,20,Sardegna,Sardegna,1639591,1121821,68.42,0.44
2383,2021-04-07,SAR,13544,6052,7492,7896,5648,ITG,ITG2,20,Sardegna,Sardegna,1639591,1135365,69.25,0.83
2384,2021-04-24,SAR,10366,4851,5515,8030,2336,ITG,ITG2,20,Sardegna,Sardegna,1639591,1145731,69.88,0.63
2385,2021-01-14,SAR,1105,426,679,1105,0,ITG,ITG2,20,Sardegna,Sardegna,1639591,1146836,69.95,0.07
2386,2021-01-22,ABR,118,57,61,118,0,ITF,ITF1,13,Abruzzo,Abruzzo,1304970,118,0.01,0.01
2387,2021-01-03,ABR,471,185,286,471,0,ITF,ITF1,13,Abruzzo,Abruzzo,1304970,589,0.05,0.04
2388,2021-03-27,ABR,6121,2620,3501,3635,2486,ITF,ITF1,13,Abruzzo,Abruzzo,1304970,6710,0.51,0.47
2389,2021-01-05,ABR,1615,604,1011,1615,0,ITF,ITF1,13,Abruzzo,Abruzzo,1304970,8325,0.64,0.12
2390,2021-04-15,ABR,7819,3679,4140,5979,1840,ITF,ITF1,13,Abruzzo,Abruzzo,1304970,16144,1.24,0.6
2391,2021-02-22,ABR,2642,1173,1469,2612,30,ITF,ITF1,13,Abruzzo,Abruzzo,1304970,18786,1.44,0.2
2392,2021-02-05,ABR,1534,521,1013,788,746,ITF,ITF1,13,Abruzzo,Abruzzo,1304970,20320,1.56,0.12
2393,2021-05-16,ABR,9579,4138,5441,5766,3813,ITF,ITF1,13,Abruzzo,Abruzzo,1304970,29899,2.29,0.73
2394,2021-06-04,ABR,15589,7366,8223,10901,4688,ITF,ITF1,13,Abruzzo,Abruzzo,1304970,45488,3.49,1.19
2395,2021-05-18,ABR,12115,5662,6453,7732,4383,ITF,ITF1,13,Abruzzo,Abruzzo,1304970,57603,4.41,0.93
2396,2021-02-24,ABR,3305,1441,1864,3129,176,ITF,ITF1,13,Abruzzo,Abruzzo,1304970,60908,4.67,0.25
2397,2021-05-30,ABR,8561,4067,4494,5348,3213,ITF,ITF1,13,Abruzzo,Abruzzo,1304970,69469,5.32,0.66
2398,2021-04-03,ABR,5107,2232,2875,3510,1597,ITF,ITF1,13,Abruzzo,Abruzzo,1304970,74576,5.71,0.39
2399,2021-02-12,ABR,1228,567,661,1039,189,ITF,ITF1,13,Abruzzo,Abruzzo,1304970,75804,5.81,0.09
2400,2021-05-23,ABR,9885,4699,5186,7187,2698,ITF,ITF1,13,Abruzzo,Abruzzo,1304970,85689,6.57,0.76
2401,2021-06-06,ABR,11019,5254,5765,8829,2190,ITF,ITF1,13,Abruzzo,Abruzzo,1304970,96708,7.41,0.84
2402,2021-04-10,ABR,8772,4057,4715,6264,2508,ITF,ITF1,13,Abruzzo,Abruzzo,1304970,105480,8.08,0.67
2403,2021-01-10,ABR,1139,409,730,1139,0,ITF,ITF1,13,Abruzzo,Abruzzo,1304970,106619,8.17,0.09
2404,2021-04-29,ABR,12670,5851,6819,9574,3096,ITF,ITF1,13,Abruzzo,Abruzzo,1304970,119289,9.14,0.97
2405,2021-01-15,ABR,379,149,230,379,0,ITF,ITF1,13,Abruzzo,Abruzzo,1304970,119668,9.17,0.03
2406,2021-04-27,ABR,9084,4369,4715,6617,2467,ITF,ITF1,13,Abruzzo,Abruzzo,1304970,128752,9.87,0.7
2407,2021-03-15,ABR,3684,1448,2236,1876,1808,ITF,ITF1,13,Abruzzo,Abruzzo,1304970,132436,10.15,0.28
2408,2021-01-17,ABR,188,59,129,181,7,ITF,ITF1,13,Abruzzo,Abruzzo,1304970,132624,10.16,0.01
2409,2021-05-04,ABR,10749,5050,5699,7133,3616,ITF,ITF1,13,Abruzzo,Abruzzo,1304970,143373,10.99,0.82
2410,2021-03-08,ABR,5148,1693,3455,4178,970,ITF,ITF1,13,Abruzzo,Abruzzo,1304970,148521,11.38,0.39
2411,2021-01-24,ABR,50,22,28,6,44,ITF,ITF1,13,Abruzzo,Abruzzo,1304970,148571,11.39,0.0
2412,2021-03-01,ABR,3478,1385,2093,2727,751,ITF,ITF1,13,Abruzzo,Abruzzo,1304970,152049,11.65,0.27
2413,2020-12-27,ABR,37,19,18,37,0,ITF,ITF1,13,Abruzzo,Abruzzo,1304970,152086,11.65,0.0
2414,2021-03-20,ABR,4791,2199,2592,2620,2171,ITF,ITF1,13,Abruzzo,Abruzzo,1304970,156877,12.02,0.37
2415,2021-06-13,ABR,9691,4859,4832,7857,1834,ITF,ITF1,13,Abruzzo,Abruzzo,1304970,166568,12.76,0.74
2416,2021-01-29,ABR,1387,449,938,74,1313,ITF,ITF1,13,Abruzzo,Abruzzo,1304970,167955,12.87,0.11
2417,2021-03-03,ABR,4623,1881,2742,3717,906,ITF,ITF1,13,Abruzzo,Abruzzo,1304970,172578,13.22,0.35
2418,2021-04-08,ABR,7393,3336,4057,5064,2329,ITF,ITF1,13,Abruzzo,Abruzzo,1304970,179971,13.79,0.57
2419,2021-04-22,ABR,6728,3249,3479,4999,1729,ITF,ITF1,13,Abruzzo,Abruzzo,1304970,186699,14.31,0.52
2420,2021-03-22,ABR,4343,1907,2436,2373,1970,ITF,ITF1,13,Abruzzo,Abruzzo,1304970,191042,14.64,0.33
2421,2021-02-10,ABR,947,312,635,503,444,ITF,ITF1,13,Abruzzo,Abruzzo,1304970,191989,14.71,0.07
2422,2021-02-03,ABR,2062,717,1345,419,1643,ITF,ITF1,13,Abruzzo,Abruzzo,1304970,194051,14.87,0.16
2423,2021-03-29,ABR,5708,2600,3108,3069,2639,ITF,ITF1,13,Abruzzo,Abruzzo,1304970,199759,15.31,0.44
2424,2021-01-19,ABR,111,55,56,91,20,ITF,ITF1,13,Abruzzo,Abruzzo,1304970,199870,15.32,0.01
2425,2021-02-07,ABR,778,307,471,201,577,ITF,ITF1,13,Abruzzo,Abruzzo,1304970,200648,15.38,0.06
2426,2021-01-21,ABR,157,47,110,157,0,ITF,ITF1,13,Abruzzo,Abruzzo,1304970,200805,15.39,0.01
2427,2021-05-01,ABR,10746,5052,5694,5772,4974,ITF,ITF1,13,Abruzzo,Abruzzo,1304970,211551,16.21,0.82
2428,2021-05-20,ABR,12592,5818,6774,7337,5255,ITF,ITF1,13,Abruzzo,Abruzzo,1304970,224143,17.18,0.96
2429,2021-03-17,ABR,4539,1873,2666,2799,1740,ITF,ITF1,13,Abruzzo,Abruzzo,1304970,228682,17.52,0.35
2430,2021-03-24,ABR,6386,2784,3602,4134,2252,ITF,ITF1,13,Abruzzo,Abruzzo,1304970,235068,18.01,0.49
2431,2021-02-09,ABR,909,312,597,500,409,ITF,ITF1,13,Abruzzo,Abruzzo,1304970,235977,18.08,0.07
2432,2021-04-17,ABR,7346,3398,3948,4293,3053,ITF,ITF1,13,Abruzzo,Abruzzo,1304970,243323,18.65,0.56
2433,2021-02-19,ABR,3300,1551,1749,3200,100,ITF,ITF1,13,Abruzzo,Abruzzo,1304970,246623,18.9,0.25
2434,2021-01-07,ABR,1603,552,1051,1603,0,ITF,ITF1,13,Abruzzo,Abruzzo,1304970,248226,19.02,0.12
2435,2021-02-02,ABR,1763,668,1095,222,1541,ITF,ITF1,13,Abruzzo,Abruzzo,1304970,249989,19.16,0.14
2436,2021-05-13,ABR,11150,5042,6108,7191,3959,ITF,ITF1,13,Abruzzo,Abruzzo,1304970,261139,20.01,0.85
2437,2021-03-31,ABR,6712,2938,3774,4642,2070,ITF,ITF1,13,Abruzzo,Abruzzo,1304970,267851,20.53,0.51
2438,2021-05-15,ABR,11427,5175,6252,6125,5302,ITF,ITF1,13,Abruzzo,Abruzzo,1304970,279278,21.4,0.88
2439,2021-03-10,ABR,5047,1683,3364,4091,956,ITF,ITF1,13,Abruzzo,Abruzzo,1304970,284325,21.79,0.39
2440,2021-05-27,ABR,12975,5913,7062,8294,4681,ITF,ITF1,13,Abruzzo,Abruzzo,1304970,297300,22.78,0.99
2441,2021-03-19,ABR,5795,2584,3211,2775,3020,ITF,ITF1,13,Abruzzo,Abruzzo,1304970,303095,23.23,0.44
2442,2021-03-05,ABR,5349,1959,3390,4652,697,ITF,ITF1,13,Abruzzo,Abruzzo,1304970,308444,23.64,0.41
2443,2021-04-07,ABR,7225,3333,3892,4438,2787,ITF,ITF1,13,Abruzzo,Abruzzo,1304970,315669,24.19,0.55
2444,2021-02-17,ABR,2071,948,1123,1789,282,ITF,ITF1,13,Abruzzo,Abruzzo,1304970,317740,24.35,0.16
2445,2021-06-11,ABR,11565,5761,5804,8821,2744,ITF,ITF1,13,Abruzzo,Abruzzo,1304970,329305,25.23,0.89
2446,2021-05-11,ABR,10737,5097,5640,5907,4830,ITF,ITF1,13,Abruzzo,Abruzzo,1304970,340042,26.06,0.82
2447,2021-04-05,ABR,2693,1147,1546,1813,880,ITF,ITF1,13,Abruzzo,Abruzzo,1304970,342735,26.26,0.21
2448,2021-01-12,ABR,1804,666,1138,1804,0,ITF,ITF1,13,Abruzzo,Abruzzo,1304970,344539,26.4,0.14
2449,2021-02-28,ABR,1702,508,1194,1700,2,ITF,ITF1,13,Abruzzo,Abruzzo,1304970,346241,26.53,0.13
2450,2021-01-02,ABR,551,219,332,551,0,ITF,ITF1,13,Abruzzo,Abruzzo,1304970,346792,26.57,0.04
2451,2021-06-08,ABR,12642,6499,6143,10445,2197,ITF,ITF1,13,Abruzzo,Abruzzo,1304970,359434,27.54,0.97
2452,2021-04-26,ABR,8563,4066,4497,7349,1214,ITF,ITF1,13,Abruzzo,Abruzzo,1304970,367997,28.2,0.66
2453,2021-06-01,ABR,10996,4880,6116,6630,4366,ITF,ITF1,13,Abruzzo,Abruzzo,1304970,378993,29.04,0.84
2454,2021-04-19,ABR,6227,2858,3369,3855,2372,ITF,ITF1,13,Abruzzo,Abruzzo,1304970,385220,29.52,0.48
2455,2021-02-21,ABR,1218,550,668,1217,1,ITF,ITF1,13,Abruzzo,Abruzzo,1304970,386438,29.61,0.09
2456,2021-06-15,ABR,7077,3455,3622,5510,1567,ITF,ITF1,13,Abruzzo,Abruzzo,1304970,393515,30.16,0.54
2457,2021-04-12,ABR,6223,2949,3274,5049,1174,ITF,ITF1,13,Abruzzo,Abruzzo,1304970,399738,30.63,0.48
2458,2021-06-03,ABR,13041,6216,6825,9269,3772,ITF,ITF1,13,Abruzzo,Abruzzo,1304970,412779,31.63,1.0
2459,2021-03-12,ABR,6015,1987,4028,4433,1582,ITF,ITF1,13,Abruzzo,Abruzzo,1304970,418794,32.09,0.46
2460,2021-03-14,ABR,1874,731,1143,1208,666,ITF,ITF1,13,Abruzzo,Abruzzo,1304970,420668,32.24,0.14
2461,2021-02-25,ABR,3043,1331,1712,2514,529,ITF,ITF1,13,Abruzzo,Abruzzo,1304970,423711,32.47,0.23
2462,2021-06-05,ABR,14605,6860,7745,10554,4051,ITF,ITF1,13,Abruzzo,Abruzzo,1304970,438316,33.59,1.12
2463,2021-05-17,ABR,11033,5037,5996,6179,4854,ITF,ITF1,13,Abruzzo,Abruzzo,1304970,449349,34.43,0.85
2464,2021-03-28,ABR,2414,1016,1398,2043,371,ITF,ITF1,13,Abruzzo,Abruzzo,1304970,451763,34.62,0.18
2465,2021-04-14,ABR,6616,2958,3658,4498,2118,ITF,ITF1,13,Abruzzo,Abruzzo,1304970,458379,35.13,0.51
2466,2021-01-04,ABR,1403,576,827,1403,0,ITF,ITF1,13,Abruzzo,Abruzzo,1304970,459782,35.23,0.11
2467,2021-01-23,ABR,265,115,150,57,208,ITF,ITF1,13,Abruzzo,Abruzzo,1304970,460047,35.25,0.02
2468,2021-05-03,ABR,11110,5240,5870,7262,3848,ITF,ITF1,13,Abruzzo,Abruzzo,1304970,471157,36.1,0.85
2469,2021-02-11,ABR,816,262,554,773,43,ITF,ITF1,13,Abruzzo,Abruzzo,1304970,471973,36.17,0.06
2470,2021-05-24,ABR,12235,5836,6399,8882,3353,ITF,ITF1,13,Abruzzo,Abruzzo,1304970,484208,37.1,0.94
2471,2021-02-26,ABR,3914,1670,2244,2946,968,ITF,ITF1,13,Abruzzo,Abruzzo,1304970,488122,37.4,0.3
2472,2021-01-18,ABR,123,49,74,46,77,ITF,ITF1,13,Abruzzo,Abruzzo,1304970,488245,37.41,0.01
2473,2021-04-28,ABR,9508,4583,4925,7485,2023,ITF,ITF1,13,Abruzzo,Abruzzo,1304970,497753,38.14,0.73
2474,2021-05-12,ABR,9613,4585,5028,6046,3567,ITF,ITF1,13,Abruzzo,Abruzzo,1304970,507366,38.88,0.74
2475,2021-03-16,ABR,3484,1452,2032,1830,1654,ITF,ITF1,13,Abruzzo,Abruzzo,1304970,510850,39.15,0.27
2476,2021-01-26,ABR,1542,567,975,30,1512,ITF,ITF1,13,Abruzzo,Abruzzo,1304970,512392,39.26,0.12
2477,2021-05-06,ABR,13005,6090,6915,7979,5026,ITF,ITF1,13,Abruzzo,Abruzzo,1304970,525397,40.26,1.0
2478,2021-04-09,ABR,8837,4179,4658,6298,2539,ITF,ITF1,13,Abruzzo,Abruzzo,1304970,534234,40.94,0.68
2479,2021-04-02,ABR,6682,3092,3590,5195,1487,ITF,ITF1,13,Abruzzo,Abruzzo,1304970,540916,41.45,0.51
2480,2021-02-04,ABR,1680,616,1064,610,1070,ITF,ITF1,13,Abruzzo,Abruzzo,1304970,542596,41.58,0.13
2481,2021-05-25,ABR,11397,5308,6089,8264,3133,ITF,ITF1,13,Abruzzo,Abruzzo,1304970,553993,42.45,0.87
2482,2021-01-31,ABR,1521,493,1028,288,1233,ITF,ITF1,13,Abruzzo,Abruzzo,1304970,555514,42.57,0.12
2483,2021-05-10,ABR,10104,4782,5322,5456,4648,ITF,ITF1,13,Abruzzo,Abruzzo,1304970,565618,43.34,0.77
2484,2021-04-23,ABR,7382,3387,3995,5080,2302,ITF,ITF1,13,Abruzzo,Abruzzo,1304970,573000,43.91,0.57
2485,2021-01-30,ABR,1510,567,943,69,1441,ITF,ITF1,13,Abruzzo,Abruzzo,1304970,574510,44.02,0.12
2486,2021-01-16,ABR,933,430,503,933,0,ITF,ITF1,13,Abruzzo,Abruzzo,1304970,575443,44.1,0.07
2487,2021-03-07,ABR,2522,630,1892,2522,0,ITF,ITF1,13,Abruzzo,Abruzzo,1304970,577965,44.29,0.19
2488,2021-01-09,ABR,1483,565,918,1483,0,ITF,ITF1,13,Abruzzo,Abruzzo,1304970,579448,44.4,0.11
2489,2021-02-23,ABR,2783,1276,1507,2772,11,ITF,ITF1,13,Abruzzo,Abruzzo,1304970,582231,44.62,0.21
2490,2021-02-06,ABR,1610,743,867,602,1008,ITF,ITF1,13,Abruzzo,Abruzzo,1304970,583841,44.74,0.12
2491,2021-02-08,ABR,1196,395,801,486,710,ITF,ITF1,13,Abruzzo,Abruzzo,1304970,585037,44.83,0.09
2492,2021-05-19,ABR,10697,5111,5586,7656,3041,ITF,ITF1,13,Abruzzo,Abruzzo,1304970,595734,45.65,0.82
2493,2021-04-16,ABR,7539,3489,4050,5622,1917,ITF,ITF1,13,Abruzzo,Abruzzo,1304970,603273,46.23,0.58
2494,2021-03-11,ABR,5495,2220,3275,4357,1138,ITF,ITF1,13,Abruzzo,Abruzzo,1304970,608768,46.65,0.42
2495,2021-06-02,ABR,9684,4693,4991,6873,2811,ITF,ITF1,13,Abruzzo,Abruzzo,1304970,618452,47.39,0.74
2496,2021-03-13,ABR,4126,1421,2705,3083,1043,ITF,ITF1,13,Abruzzo,Abruzzo,1304970,622578,47.71,0.32
2497,2021-04-04,ABR,1636,771,865,1507,129,ITF,ITF1,13,Abruzzo,Abruzzo,1304970,624214,47.83,0.13
2498,2021-06-16,ABR,10746,5371,5375,8086,2660,ITF,ITF1,13,Abruzzo,Abruzzo,1304970,634960,48.66,0.82
2499,2021-02-27,ABR,2812,1338,1474,2546,266,ITF,ITF1,13,Abruzzo,Abruzzo,1304970,637772,48.87,0.22
2500,2021-06-07,ABR,11055,5281,5774,9239,1816,ITF,ITF1,13,Abruzzo,Abruzzo,1304970,648827,49.72,0.85
2501,2021-02-18,ABR,2288,933,1355,2158,130,ITF,ITF1,13,Abruzzo,Abruzzo,1304970,651115,49.9,0.18
2502,2021-05-29,ABR,10317,4430,5887,4544,5773,ITF,ITF1,13,Abruzzo,Abruzzo,1304970,661432,50.69,0.79
2503,2021-05-22,ABR,13097,6364,6733,8193,4904,ITF,ITF1,13,Abruzzo,Abruzzo,1304970,674529,51.69,1.0
2504,2021-03-26,ABR,5356,2313,3043,3280,2076,ITF,ITF1,13,Abruzzo,Abruzzo,1304970,679885,52.1,0.41
2505,2021-05-31,ABR,11298,5104,6194,6955,4343,ITF,ITF1,13,Abruzzo,Abruzzo,1304970,691183,52.97,0.87
2506,2021-04-20,ABR,5588,2688,2900,4178,1410,ITF,ITF1,13,Abruzzo,Abruzzo,1304970,696771,53.39,0.43
2507,2021-04-25,ABR,9065,4621,4444,8255,810,ITF,ITF1,13,Abruzzo,Abruzzo,1304970,705836,54.09,0.69
2508,2021-05-05,ABR,11657,5586,6071,6450,5207,ITF,ITF1,13,Abruzzo,Abruzzo,1304970,717493,54.98,0.89
2509,2021-03-09,ABR,5167,1795,3372,4229,938,ITF,ITF1,13,Abruzzo,Abruzzo,1304970,722660,55.38,0.4
2510,2021-06-17,ABR,10667,5343,5324,7304,3363,ITF,ITF1,13,Abruzzo,Abruzzo,1304970,733327,56.19,0.82
2511,2021-05-07,ABR,12194,5706,6488,7776,4418,ITF,ITF1,13,Abruzzo,Abruzzo,1304970,745521,57.13,0.93
2512,2021-03-25,ABR,5795,2663,3132,3179,2616,ITF,ITF1,13,Abruzzo,Abruzzo,1304970,751316,57.57,0.44
2513,2021-01-27,ABR,1364,515,849,39,1325,ITF,ITF1,13,Abruzzo,Abruzzo,1304970,752680,57.68,0.1
2514,2021-05-21,ABR,13013,6327,6686,8033,4980,ITF,ITF1,13,Abruzzo,Abruzzo,1304970,765693,58.68,1.0
2515,2021-03-18,ABR,3896,1651,2245,2065,1831,ITF,ITF1,13,Abruzzo,Abruzzo,1304970,769589,58.97,0.3
2516,2021-03-21,ABR,2134,914,1220,844,1290,ITF,ITF1,13,Abruzzo,Abruzzo,1304970,771723,59.14,0.16
2517,2021-06-12,ABR,11265,5832,5433,9914,1351,ITF,ITF1,13,Abruzzo,Abruzzo,1304970,782988,60.0,0.86
2518,2021-01-13,ABR,1257,441,816,1257,0,ITF,ITF1,13,Abruzzo,Abruzzo,1304970,784245,60.1,0.1
2519,2021-02-13,ABR,854,385,469,438,416,ITF,ITF1,13,Abruzzo,Abruzzo,1304970,785099,60.16,0.07
2520,2021-03-30,ABR,5128,2262,2866,3304,1824,ITF,ITF1,13,Abruzzo,Abruzzo,1304970,790227,60.56,0.39
2521,2021-01-06,ABR,1831,664,1167,1831,0,ITF,ITF1,13,Abruzzo,Abruzzo,1304970,792058,60.7,0.14
2522,2021-04-30,ABR,12392,5804,6588,6695,5697,ITF,ITF1,13,Abruzzo,Abruzzo,1304970,804450,61.65,0.95
2523,2021-04-13,ABR,5879,2752,3127,4679,1200,ITF,ITF1,13,Abruzzo,Abruzzo,1304970,810329,62.1,0.45
2524,2021-01-20,ABR,447,156,291,445,2,ITF,ITF1,13,Abruzzo,Abruzzo,1304970,810776,62.13,0.03
2525,2021-05-02,ABR,10424,5088,5336,5214,5210,ITF,ITF1,13,Abruzzo,Abruzzo,1304970,821200,62.93,0.8
2526,2021-04-11,ABR,5330,2606,2724,4847,483,ITF,ITF1,13,Abruzzo,Abruzzo,1304970,826530,63.34,0.41
2527,2021-06-09,ABR,11392,6012,5380,9713,1679,ITF,ITF1,13,Abruzzo,Abruzzo,1304970,837922,64.21,0.87
2528,2021-03-06,ABR,4177,1358,2819,3607,570,ITF,ITF1,13,Abruzzo,Abruzzo,1304970,842099,64.53,0.32
2529,2021-02-01,ABR,1632,573,1059,271,1361,ITF,ITF1,13,Abruzzo,Abruzzo,1304970,843731,64.66,0.13
2530,2021-03-23,ABR,4829,2186,2643,2263,2566,ITF,ITF1,13,Abruzzo,Abruzzo,1304970,848560,65.03,0.37
2531,2021-01-25,ABR,1604,632,972,17,1587,ITF,ITF1,13,Abruzzo,Abruzzo,1304970,850164,65.15,0.12
2532,2021-01-08,ABR,1525,507,1018,1525,0,ITF,ITF1,13,Abruzzo,Abruzzo,1304970,851689,65.27,0.12
2533,2021-04-18,ABR,5813,2727,3086,4870,943,ITF,ITF1,13,Abruzzo,Abruzzo,1304970,857502,65.71,0.45
2534,2021-02-20,ABR,4775,1842,2933,4699,76,ITF,ITF1,13,Abruzzo,Abruzzo,1304970,862277,66.08,0.37
2535,2021-05-14,ABR,10604,5077,5527,5447,5157,ITF,ITF1,13,Abruzzo,Abruzzo,1304970,872881,66.89,0.81
2536,2021-04-01,ABR,5593,2505,3088,3506,2087,ITF,ITF1,13,Abruzzo,Abruzzo,1304970,878474,67.32,0.43
2537,2021-03-04,ABR,5936,2360,3576,5014,922,ITF,ITF1,13,Abruzzo,Abruzzo,1304970,884410,67.77,0.45
2538,2021-05-28,ABR,13986,6294,7692,7634,6352,ITF,ITF1,13,Abruzzo,Abruzzo,1304970,898396,68.84,1.07
2539,2021-05-08,ABR,10293,4871,5422,6459,3834,ITF,ITF1,13,Abruzzo,Abruzzo,1304970,908689,69.63,0.79
2540,2021-04-24,ABR,8718,3973,4745,7188,1530,ITF,ITF1,13,Abruzzo,Abruzzo,1304970,917407,70.3,0.67
2541,2021-01-14,ABR,530,189,341,530,0,ITF,ITF1,13,Abruzzo,Abruzzo,1304970,917937,70.34,0.04
2542,2021-02-16,ABR,1917,842,1075,1905,12,ITF,ITF1,13,Abruzzo,Abruzzo,1304970,919854,70.49,0.15
2543,2021-03-02,ABR,3962,1675,2287,3278,684,ITF,ITF1,13,Abruzzo,Abruzzo,1304970,923816,70.79,0.3
2544,2021-06-10,ABR,12366,6159,6207,10205,2161,ITF,ITF1,13,Abruzzo,Abruzzo,1304970,936182,71.74,0.95
2545,2021-01-28,ABR,1434,495,939,12,1422,ITF,ITF1,13,Abruzzo,Abruzzo,1304970,937616,71.85,0.11
2546,2021-01-11,ABR,1551,557,994,1551,0,ITF,ITF1,13,Abruzzo,Abruzzo,1304970,939167,71.97,0.12
2547,2021-04-21,ABR,6388,3100,3288,4714,1674,ITF,ITF1,13,Abruzzo,Abruzzo,1304970,945555,72.46,0.49
2548,2021-04-06,ABR,7681,3581,4100,5362,2319,ITF,ITF1,13,Abruzzo,Abruzzo,1304970,953236,73.05,0.59
2549,2021-05-09,ABR,9152,4087,5065,4283,4869,ITF,ITF1,13,Abruzzo,Abruzzo,1304970,962388,73.75,0.7
2550,2021-02-15,ABR,1794,831,963,1752,42,ITF,ITF1,13,Abruzzo,Abruzzo,1304970,964182,73.89,0.14
2551,2021-05-26,ABR,13385,5943,7442,8389,4996,ITF,ITF1,13,Abruzzo,Abruzzo,1304970,977567,74.91,1.03
2552,2021-06-14,ABR,10860,5371,5489,7490,3370,ITF,ITF1,13,Abruzzo,Abruzzo,1304970,988427,75.74,0.83
2553,2021-03-28,CAM,15555,7504,8051,13930,1625,ITF,ITF3,15,Campania,Campania,5801692,15555,0.27,0.27
2554,2021-01-04,CAM,5825,2962,2863,5825,0,ITF,ITF3,15,Campania,Campania,5801692,21380,0.37,0.1
2555,2021-03-09,CAM,14125,6870,7255,10340,3785,ITF,ITF3,15,Campania,Campania,5801692,35505,0.61,0.24
2556,2021-05-31,CAM,40650,20593,20057,30382,10268,ITF,ITF3,15,Campania,Campania,5801692,76155,1.31,0.7
2557,2021-04-11,CAM,17523,8606,8917,15441,2082,ITF,ITF3,15,Campania,Campania,5801692,93678,1.61,0.3
2558,2021-04-28,CAM,36436,17643,18793,26686,9750,ITF,ITF3,15,Campania,Campania,5801692,130114,2.24,0.63
2559,2021-01-18,CAM,957,399,558,713,244,ITF,ITF3,15,Campania,Campania,5801692,131071,2.26,0.02
2560,2021-05-17,CAM,49297,21657,27640,24101,25196,ITF,ITF3,15,Campania,Campania,5801692,180368,3.11,0.85
2561,2021-02-06,CAM,5340,2665,2675,2102,3238,ITF,ITF3,15,Campania,Campania,5801692,185708,3.2,0.09
2562,2021-04-30,CAM,42271,20162,22109,25819,16452,ITF,ITF3,15,Campania,Campania,5801692,227979,3.93,0.73
2563,2021-03-16,CAM,8087,3519,4568,3773,4314,ITF,ITF3,15,Campania,Campania,5801692,236066,4.07,0.14
2564,2021-01-25,CAM,5746,2927,2819,164,5582,ITF,ITF3,15,Campania,Campania,5801692,241812,4.17,0.1
2565,2021-03-23,CAM,15738,7441,8297,13225,2513,ITF,ITF3,15,Campania,Campania,5801692,257550,4.44,0.27
2566,2021-05-19,CAM,51093,22556,28537,34531,16562,ITF,ITF3,15,Campania,Campania,5801692,308643,5.32,0.88
2567,2021-05-05,CAM,51163,24852,26311,44783,6380,ITF,ITF3,15,Campania,Campania,5801692,359806,6.2,0.88
2568,2021-06-07,CAM,55688,26765,28923,51690,3998,ITF,ITF3,15,Campania,Campania,5801692,415494,7.16,0.96
2569,2021-02-25,CAM,12425,4478,7947,11237,1188,ITF,ITF3,15,Campania,Campania,5801692,427919,7.38,0.21
2570,2021-04-09,CAM,30033,14144,15889,23904,6129,ITF,ITF3,15,Campania,Campania,5801692,457952,7.89,0.52
2571,2021-06-05,CAM,76981,37252,39729,70967,6014,ITF,ITF3,15,Campania,Campania,5801692,534933,9.22,1.33
2572,2021-06-14,CAM,36664,17700,18964,18709,17955,ITF,ITF3,15,Campania,Campania,5801692,571597,9.85,0.63
2573,2021-02-11,CAM,6279,2704,3575,6213,66,ITF,ITF3,15,Campania,Campania,5801692,577876,9.96,0.11
2574,2021-04-16,CAM,34315,16559,17756,23650,10665,ITF,ITF3,15,Campania,Campania,5801692,612191,10.55,0.59
2575,2021-01-06,CAM,7652,3749,3903,7652,0,ITF,ITF3,15,Campania,Campania,5801692,619843,10.68,0.13
2576,2021-03-02,CAM,12761,4558,8203,8416,4345,ITF,ITF3,15,Campania,Campania,5801692,632604,10.9,0.22
2577,2021-01-11,CAM,4070,1871,2199,4070,0,ITF,ITF3,15,Campania,Campania,5801692,636674,10.97,0.07
2578,2021-05-24,CAM,31307,15106,16201,16198,15109,ITF,ITF3,15,Campania,Campania,5801692,667981,11.51,0.54
2579,2021-02-13,CAM,5508,2550,2958,5291,217,ITF,ITF3,15,Campania,Campania,5801692,673489,11.61,0.09
2580,2021-04-23,CAM,32307,15513,16794,23160,9147,ITF,ITF3,15,Campania,Campania,5801692,705796,12.17,0.56
2581,2021-01-30,CAM,10721,5079,5642,38,10683,ITF,ITF3,15,Campania,Campania,5801692,716517,12.35,0.18
2582,2021-01-16,CAM,3369,1675,1694,3369,0,ITF,ITF3,15,Campania,Campania,5801692,719886,12.41,0.06
2583,2021-01-23,CAM,3839,2029,1810,273,3566,ITF,ITF3,15,Campania,Campania,5801692,723725,12.47,0.07
2584,2021-03-21,CAM,10071,4674,5397,7681,2390,ITF,ITF3,15,Campania,Campania,5801692,733796,12.65,0.17
2585,2021-02-10,CAM,6904,3413,3491,6728,176,ITF,ITF3,15,Campania,Campania,5801692,740700,12.77,0.12
2586,2021-04-08,CAM,28374,13735,14639,22534,5840,ITF,ITF3,15,Campania,Campania,5801692,769074,13.26,0.49
2587,2021-06-02,CAM,42738,20106,22632,38108,4630,ITF,ITF3,15,Campania,Campania,5801692,811812,13.99,0.74
2588,2021-02-22,CAM,10680,3294,7386,10417,263,ITF,ITF3,15,Campania,Campania,5801692,822492,14.18,0.18
2589,2021-03-11,CAM,17997,9056,8941,10718,7279,ITF,ITF3,15,Campania,Campania,5801692,840489,14.49,0.31
2590,2021-05-16,CAM,51144,23226,27918,33572,17572,ITF,ITF3,15,Campania,Campania,5801692,891633,15.37,0.88
2591,2021-02-20,CAM,8573,3080,5493,8270,303,ITF,ITF3,15,Campania,Campania,5801692,900206,15.52,0.15
2592,2021-02-03,CAM,8903,4003,4900,878,8025,ITF,ITF3,15,Campania,Campania,5801692,909109,15.67,0.15
2593,2021-02-04,CAM,7943,3429,4514,1308,6635,ITF,ITF3,15,Campania,Campania,5801692,917052,15.81,0.14
2594,2021-01-01,CAM,919,506,413,919,0,ITF,ITF3,15,Campania,Campania,5801692,917971,15.82,0.02
2595,2021-03-25,CAM,20319,9651,10668,16816,3503,ITF,ITF3,15,Campania,Campania,5801692,938290,16.17,0.35
2596,2021-01-20,CAM,1257,650,607,1257,0,ITF,ITF3,15,Campania,Campania,5801692,939547,16.19,0.02
2597,2021-02-27,CAM,13949,4473,9476,12307,1642,ITF,ITF3,15,Campania,Campania,5801692,953496,16.43,0.24
2598,2021-06-16,CAM,30288,14317,15971,19581,10707,ITF,ITF3,15,Campania,Campania,5801692,983784,16.96,0.52
2599,2021-05-02,CAM,43492,21540,21952,32137,11355,ITF,ITF3,15,Campania,Campania,5801692,1027276,17.71,0.75
2600,2021-01-22,CAM,1525,776,749,673,852,ITF,ITF3,15,Campania,Campania,5801692,1028801,17.73,0.03
2601,2021-03-06,CAM,16371,6814,9557,10702,5669,ITF,ITF3,15,Campania,Campania,5801692,1045172,18.01,0.28
2602,2021-05-12,CAM,40865,19938,20927,31714,9151,ITF,ITF3,15,Campania,Campania,5801692,1086037,18.72,0.7
2603,2021-02-08,CAM,5113,2449,2664,4310,803,ITF,ITF3,15,Campania,Campania,5801692,1091150,18.81,0.09
2604,2021-02-18,CAM,9080,3813,5267,8373,707,ITF,ITF3,15,Campania,Campania,5801692,1100230,18.96,0.16
2605,2021-04-25,CAM,30731,15170,15561,25338,5393,ITF,ITF3,15,Campania,Campania,5801692,1130961,19.49,0.53
2606,2021-01-13,CAM,8020,3666,4354,8020,0,ITF,ITF3,15,Campania,Campania,5801692,1138981,19.63,0.14
2607,2021-04-18,CAM,27218,13283,13935,18318,8900,ITF,ITF3,15,Campania,Campania,5801692,1166199,20.1,0.47
2608,2021-01-08,CAM,10454,4967,5487,10454,0,ITF,ITF3,15,Campania,Campania,5801692,1176653,20.28,0.18
2609,2021-05-26,CAM,52595,25778,26817,21548,31047,ITF,ITF3,15,Campania,Campania,5801692,1229248,21.19,0.91
2610,2021-04-06,CAM,24525,11569,12956,20001,4524,ITF,ITF3,15,Campania,Campania,5801692,1253773,21.61,0.42
2611,2020-12-27,CAM,720,422,298,720,0,ITF,ITF3,15,Campania,Campania,5801692,1254493,21.62,0.01
2612,2021-04-20,CAM,32038,15501,16537,20728,11310,ITF,ITF3,15,Campania,Campania,5801692,1286531,22.18,0.55
2613,2021-03-20,CAM,13986,6525,7461,10247,3739,ITF,ITF3,15,Campania,Campania,5801692,1300517,22.42,0.24
2614,2021-02-15,CAM,5470,2516,2954,5297,173,ITF,ITF3,15,Campania,Campania,5801692,1305987,22.51,0.09
2615,2021-04-04,CAM,7965,4017,3948,6919,1046,ITF,ITF3,15,Campania,Campania,5801692,1313952,22.65,0.14
2616,2021-06-12,CAM,60375,29647,30728,53188,7187,ITF,ITF3,15,Campania,Campania,5801692,1374327,23.69,1.04
2617,2021-03-04,CAM,14706,5395,9311,8812,5894,ITF,ITF3,15,Campania,Campania,5801692,1389033,23.94,0.25
2618,2021-05-07,CAM,59758,29199,30559,43813,15945,ITF,ITF3,15,Campania,Campania,5801692,1448791,24.97,1.03
2619,2021-01-27,CAM,7738,3820,3918,162,7576,ITF,ITF3,15,Campania,Campania,5801692,1456529,25.11,0.13
2620,2021-06-04,CAM,74171,35619,38552,65147,9024,ITF,ITF3,15,Campania,Campania,5801692,1530700,26.38,1.28
2621,2021-05-21,CAM,63645,29555,34090,43178,20467,ITF,ITF3,15,Campania,Campania,5801692,1594345,27.48,1.1
2622,2021-04-01,CAM,24676,12006,12670,20543,4133,ITF,ITF3,15,Campania,Campania,5801692,1619021,27.91,0.43
2623,2021-05-28,CAM,72957,35243,37714,26885,46072,ITF,ITF3,15,Campania,Campania,5801692,1691978,29.16,1.26
2624,2021-05-14,CAM,60897,27535,33362,36322,24575,ITF,ITF3,15,Campania,Campania,5801692,1752875,30.21,1.05
2625,2021-05-18,CAM,52127,23192,28935,32509,19618,ITF,ITF3,15,Campania,Campania,5801692,1805002,31.11,0.9
2626,2021-02-05,CAM,7259,3463,3796,2132,5127,ITF,ITF3,15,Campania,Campania,5801692,1812261,31.24,0.13
2627,2021-04-29,CAM,41323,20034,21289,24846,16477,ITF,ITF3,15,Campania,Campania,5801692,1853584,31.95,0.71
2628,2021-01-19,CAM,1095,474,621,1092,3,ITF,ITF3,15,Campania,Campania,5801692,1854679,31.97,0.02
2629,2021-04-13,CAM,26602,12682,13920,21071,5531,ITF,ITF3,15,Campania,Campania,5801692,1881281,32.43,0.46
2630,2021-01-03,CAM,3836,2009,1827,3836,0,ITF,ITF3,15,Campania,Campania,5801692,1885117,32.49,0.07
2631,2021-03-29,CAM,19397,9571,9826,17851,1546,ITF,ITF3,15,Campania,Campania,5801692,1904514,32.83,0.33
2632,2021-03-08,CAM,14687,6848,7839,9911,4776,ITF,ITF3,15,Campania,Campania,5801692,1919201,33.08,0.25
2633,2021-05-04,CAM,48472,23342,25130,39573,8899,ITF,ITF3,15,Campania,Campania,5801692,1967673,33.92,0.84
2634,2021-01-24,CAM,4122,2119,2003,377,3745,ITF,ITF3,15,Campania,Campania,5801692,1971795,33.99,0.07
2635,2021-05-13,CAM,55437,24824,30613,39441,15996,ITF,ITF3,15,Campania,Campania,5801692,2027232,34.94,0.96
2636,2021-01-31,CAM,8068,3711,4357,23,8045,ITF,ITF3,15,Campania,Campania,5801692,2035300,35.08,0.14
2637,2021-02-01,CAM,3984,1813,2171,110,3874,ITF,ITF3,15,Campania,Campania,5801692,2039284,35.15,0.07
2638,2021-03-30,CAM,22038,10563,11475,19080,2958,ITF,ITF3,15,Campania,Campania,5801692,2061322,35.53,0.38
2639,2021-04-17,CAM,36179,17510,18669,24671,11508,ITF,ITF3,15,Campania,Campania,5801692,2097501,36.15,0.62
2640,2021-06-13,CAM,41830,20394,21436,37105,4725,ITF,ITF3,15,Campania,Campania,5801692,2139331,36.87,0.72
2641,2021-05-30,CAM,52123,25426,26697,38835,13288,ITF,ITF3,15,Campania,Campania,5801692,2191454,37.77,0.9
2642,2021-02-19,CAM,9570,3559,6011,8920,650,ITF,ITF3,15,Campania,Campania,5801692,2201024,37.94,0.16
2643,2021-04-27,CAM,32154,15622,16532,24234,7920,ITF,ITF3,15,Campania,Campania,5801692,2233178,38.49,0.55
2644,2021-01-15,CAM,4980,2381,2599,4980,0,ITF,ITF3,15,Campania,Campania,5801692,2238158,38.58,0.09
2645,2021-03-13,CAM,14517,7038,7479,9235,5282,ITF,ITF3,15,Campania,Campania,5801692,2252675,38.83,0.25
2646,2021-03-22,CAM,13180,6343,6837,11140,2040,ITF,ITF3,15,Campania,Campania,5801692,2265855,39.06,0.23
2647,2021-02-07,CAM,2929,1382,1547,2158,771,ITF,ITF3,15,Campania,Campania,5801692,2268784,39.11,0.05
2648,2021-03-18,CAM,12174,5380,6794,5986,6188,ITF,ITF3,15,Campania,Campania,5801692,2280958,39.32,0.21
2649,2021-04-05,CAM,11639,5544,6095,9216,2423,ITF,ITF3,15,Campania,Campania,5801692,2292597,39.52,0.2
2650,2021-03-17,CAM,11590,5100,6490,5010,6580,ITF,ITF3,15,Campania,Campania,5801692,2304187,39.72,0.2
2651,2021-06-11,CAM,67752,32843,34909,61747,6005,ITF,ITF3,15,Campania,Campania,5801692,2371939,40.88,1.17
2652,2021-03-03,CAM,13922,5495,8427,7292,6630,ITF,ITF3,15,Campania,Campania,5801692,2385861,41.12,0.24
2653,2021-02-24,CAM,11785,4149,7636,11097,688,ITF,ITF3,15,Campania,Campania,5801692,2397646,41.33,0.2
2654,2021-01-05,CAM,7237,3637,3600,7237,0,ITF,ITF3,15,Campania,Campania,5801692,2404883,41.45,0.12
2655,2021-02-17,CAM,7388,3210,4178,6328,1060,ITF,ITF3,15,Campania,Campania,5801692,2412271,41.58,0.13
2656,2021-04-15,CAM,34337,16658,17679,24439,9898,ITF,ITF3,15,Campania,Campania,5801692,2446608,42.17,0.59
2657,2021-01-21,CAM,2092,1115,977,676,1416,ITF,ITF3,15,Campania,Campania,5801692,2448700,42.21,0.04
2658,2021-04-14,CAM,27641,13334,14307,19072,8569,ITF,ITF3,15,Campania,Campania,5801692,2476341,42.68,0.48
2659,2021-05-01,CAM,46336,22660,23676,30234,16102,ITF,ITF3,15,Campania,Campania,5801692,2522677,43.48,0.8
2660,2021-04-12,CAM,23301,10918,12383,20265,3036,ITF,ITF3,15,Campania,Campania,5801692,2545978,43.88,0.4
2661,2021-01-02,CAM,3672,1962,1710,3672,0,ITF,ITF3,15,Campania,Campania,5801692,2549650,43.95,0.06
2662,2021-03-27,CAM,21509,10241,11268,17644,3865,ITF,ITF3,15,Campania,Campania,5801692,2571159,44.32,0.37
2663,2021-06-01,CAM,41909,20792,21117,31483,10426,ITF,ITF3,15,Campania,Campania,5801692,2613068,45.04,0.72
2664,2021-03-10,CAM,15609,7719,7890,8774,6835,ITF,ITF3,15,Campania,Campania,5801692,2628677,45.31,0.27
2665,2021-05-15,CAM,62584,29014,33570,43900,18684,ITF,ITF3,15,Campania,Campania,5801692,2691261,46.39,1.08
2666,2021-03-12,CAM,14571,7408,7163,8488,6083,ITF,ITF3,15,Campania,Campania,5801692,2705832,46.64,0.25
2667,2021-01-17,CAM,1155,551,604,702,453,ITF,ITF3,15,Campania,Campania,5801692,2706987,46.66,0.02
2668,2021-03-15,CAM,13337,6485,6852,8592,4745,ITF,ITF3,15,Campania,Campania,5801692,2720324,46.89,0.23
2669,2021-05-27,CAM,72842,35293,37549,26361,46481,ITF,ITF3,15,Campania,Campania,5801692,2793166,48.14,1.26
2670,2021-02-16,CAM,5440,2411,3029,4669,771,ITF,ITF3,15,Campania,Campania,5801692,2798606,48.24,0.09
2671,2021-05-22,CAM,67878,32466,35412,46444,21434,ITF,ITF3,15,Campania,Campania,5801692,2866484,49.41,1.17
2672,2021-05-11,CAM,39842,19231,20611,30462,9380,ITF,ITF3,15,Campania,Campania,5801692,2906326,50.09,0.69
2673,2021-02-02,CAM,5724,2805,2919,444,5280,ITF,ITF3,15,Campania,Campania,5801692,2912050,50.19,0.1
2674,2021-03-31,CAM,23175,11365,11810,19736,3439,ITF,ITF3,15,Campania,Campania,5801692,2935225,50.59,0.4
2675,2020-12-31,CAM,1490,811,679,1490,0,ITF,ITF3,15,Campania,Campania,5801692,2936715,50.62,0.03
2676,2021-06-06,CAM,62318,30977,31341,61672,646,ITF,ITF3,15,Campania,Campania,5801692,2999033,51.69,1.07
2677,2021-02-26,CAM,13336,4228,9108,12001,1335,ITF,ITF3,15,Campania,Campania,5801692,3012369,51.92,0.23
2678,2021-04-24,CAM,36354,17525,18829,25107,11247,ITF,ITF3,15,Campania,Campania,5801692,3048723,52.55,0.63
2679,2021-04-10,CAM,28350,13492,14858,23437,4913,ITF,ITF3,15,Campania,Campania,5801692,3077073,53.04,0.49
2680,2021-01-07,CAM,8911,4167,4744,8911,0,ITF,ITF3,15,Campania,Campania,5801692,3085984,53.19,0.15
2681,2021-03-05,CAM,16810,6663,10147,10147,6663,ITF,ITF3,15,Campania,Campania,5801692,3102794,53.48,0.29
2682,2021-03-14,CAM,8617,3827,4790,4477,4140,ITF,ITF3,15,Campania,Campania,5801692,3111411,53.63,0.15
2683,2021-05-10,CAM,35443,16380,19063,25524,9919,ITF,ITF3,15,Campania,Campania,5801692,3146854,54.24,0.61
2684,2021-06-08,CAM,51456,25033,26423,44487,6969,ITF,ITF3,15,Campania,Campania,5801692,3198310,55.13,0.89
2685,2021-04-26,CAM,34028,16647,17381,28405,5623,ITF,ITF3,15,Campania,Campania,5801692,3232338,55.71,0.59
2686,2021-05-25,CAM,46427,22313,24114,23063,23364,ITF,ITF3,15,Campania,Campania,5801692,3278765,56.51,0.8
2687,2021-04-22,CAM,33941,16532,17409,21538,12403,ITF,ITF3,15,Campania,Campania,5801692,3312706,57.1,0.59
2688,2021-01-12,CAM,5215,2564,2651,5215,0,ITF,ITF3,15,Campania,Campania,5801692,3317921,57.19,0.09
2689,2021-05-06,CAM,57265,27899,29366,42822,14443,ITF,ITF3,15,Campania,Campania,5801692,3375186,58.18,0.99
2690,2021-06-03,CAM,72489,35134,37355,61875,10614,ITF,ITF3,15,Campania,Campania,5801692,3447675,59.43,1.25
2691,2021-02-23,CAM,11003,3388,7615,10477,526,ITF,ITF3,15,Campania,Campania,5801692,3458678,59.61,0.19
2692,2021-02-21,CAM,5836,2241,3595,5611,225,ITF,ITF3,15,Campania,Campania,5801692,3464514,59.72,0.1
2693,2021-06-17,CAM,57350,27497,29853,30719,26631,ITF,ITF3,15,Campania,Campania,5801692,3521864,60.7,0.99
2694,2021-03-26,CAM,19853,9312,10541,16038,3815,ITF,ITF3,15,Campania,Campania,5801692,3541717,61.05,0.34
2695,2021-03-24,CAM,17919,8368,9551,14962,2957,ITF,ITF3,15,Campania,Campania,5801692,3559636,61.36,0.31
2696,2021-05-20,CAM,60707,28067,32640,43158,17549,ITF,ITF3,15,Campania,Campania,5801692,3620343,62.4,1.05
2697,2021-02-09,CAM,4643,2202,2441,4391,252,ITF,ITF3,15,Campania,Campania,5801692,3624986,62.48,0.08
2698,2021-05-29,CAM,67780,32244,35536,43936,23844,ITF,ITF3,15,Campania,Campania,5801692,3692766,63.65,1.17
2699,2021-01-14,CAM,7074,2978,4096,7074,0,ITF,ITF3,15,Campania,Campania,5801692,3699840,63.77,0.12
2700,2021-04-07,CAM,24968,11982,12986,20244,4724,ITF,ITF3,15,Campania,Campania,5801692,3724808,64.2,0.43
2701,2021-04-02,CAM,21843,10515,11328,19521,2322,ITF,ITF3,15,Campania,Campania,5801692,3746651,64.58,0.38
2702,2021-03-07,CAM,11973,5404,6569,8130,3843,ITF,ITF3,15,Campania,Campania,5801692,3758624,64.78,0.21
2703,2021-05-03,CAM,40761,19889,20872,28911,11850,ITF,ITF3,15,Campania,Campania,5801692,3799385,65.49,0.7
2704,2021-06-15,CAM,18035,8781,9254,10656,7379,ITF,ITF3,15,Campania,Campania,5801692,3817420,65.8,0.31
2705,2021-02-28,CAM,10411,3206,7205,8511,1900,ITF,ITF3,15,Campania,Campania,5801692,3827831,65.98,0.18
2706,2021-02-14,CAM,3928,1923,2005,3894,34,ITF,ITF3,15,Campania,Campania,5801692,3831759,66.05,0.07
2707,2021-01-26,CAM,7340,3726,3614,351,6989,ITF,ITF3,15,Campania,Campania,5801692,3839099,66.17,0.13
2708,2021-04-19,CAM,30769,14829,15940,19199,11570,ITF,ITF3,15,Campania,Campania,5801692,3869868,66.7,0.53
2709,2021-01-09,CAM,10567,5024,5543,10567,0,ITF,ITF3,15,Campania,Campania,5801692,3880435,66.88,0.18
2710,2021-06-09,CAM,52376,25727,26649,41512,10864,ITF,ITF3,15,Campania,Campania,5801692,3932811,67.79,0.9
2711,2021-03-01,CAM,12130,4247,7883,8017,4113,ITF,ITF3,15,Campania,Campania,5801692,3944941,68.0,0.21
2712,2021-05-09,CAM,43192,20281,22911,32098,11094,ITF,ITF3,15,Campania,Campania,5801692,3988133,68.74,0.74
2713,2021-01-10,CAM,8165,3736,4429,8165,0,ITF,ITF3,15,Campania,Campania,5801692,3996298,68.88,0.14
2714,2021-04-03,CAM,21114,10314,10800,18733,2381,ITF,ITF3,15,Campania,Campania,5801692,4017412,69.25,0.36
2715,2021-05-23,CAM,58737,28633,30104,37842,20895,ITF,ITF3,15,Campania,Campania,5801692,4076149,70.26,1.01
2716,2021-02-12,CAM,6529,2861,3668,6343,186,ITF,ITF3,15,Campania,Campania,5801692,4082678,70.37,0.11
2717,2021-01-29,CAM,10052,4812,5240,47,10005,ITF,ITF3,15,Campania,Campania,5801692,4092730,70.54,0.17
2718,2021-03-19,CAM,11141,4972,6169,7269,3872,ITF,ITF3,15,Campania,Campania,5801692,4103871,70.74,0.19
2719,2021-06-10,CAM,73315,35377,37938,66305,7010,ITF,ITF3,15,Campania,Campania,5801692,4177186,72.0,1.26
2720,2021-05-08,CAM,56416,27129,29287,40589,15827,ITF,ITF3,15,Campania,Campania,5801692,4233602,72.97,0.97
2721,2021-01-28,CAM,8832,4121,4711,134,8698,ITF,ITF3,15,Campania,Campania,5801692,4242434,73.12,0.15
2722,2021-04-21,CAM,30222,14722,15500,17996,12226,ITF,ITF3,15,Campania,Campania,5801692,4272656,73.64,0.52
2723,2021-04-23,PIE,27446,12602,14844,20684,6762,ITC,ITC1,1,Piemonte,Piemonte,4356406,27446,0.63,0.63
2724,2021-04-04,PIE,9255,4060,5195,6541,2714,ITC,ITC1,1,Piemonte,Piemonte,4356406,36701,0.84,0.21
2725,2021-04-21,PIE,25754,11840,13914,20414,5340,ITC,ITC1,1,Piemonte,Piemonte,4356406,62455,1.43,0.59
2726,2021-05-24,PIE,28969,13419,15550,17019,11950,ITC,ITC1,1,Piemonte,Piemonte,4356406,91424,2.1,0.66
2727,2021-03-02,PIE,11202,4506,6696,10386,816,ITC,ITC1,1,Piemonte,Piemonte,4356406,102626,2.36,0.26
2728,2021-06-12,PIE,42274,22288,19986,39699,2575,ITC,ITC1,1,Piemonte,Piemonte,4356406,144900,3.33,0.97
2729,2021-02-11,PIE,6764,2107,4657,3006,3758,ITC,ITC1,1,Piemonte,Piemonte,4356406,151664,3.48,0.16
2730,2021-04-09,PIE,25849,11387,14462,21340,4509,ITC,ITC1,1,Piemonte,Piemonte,4356406,177513,4.07,0.59
2731,2020-12-30,PIE,730,322,408,730,0,ITC,ITC1,1,Piemonte,Piemonte,4356406,178243,4.09,0.02
2732,2021-06-05,PIE,36849,18909,17940,32393,4456,ITC,ITC1,1,Piemonte,Piemonte,4356406,215092,4.94,0.85
2733,2021-02-25,PIE,12218,5252,6966,11671,547,ITC,ITC1,1,Piemonte,Piemonte,4356406,227310,5.22,0.28
2734,2021-04-02,PIE,20131,8298,11833,11704,8427,ITC,ITC1,1,Piemonte,Piemonte,4356406,247441,5.68,0.46
2735,2021-05-29,PIE,32769,15219,17550,20614,12155,ITC,ITC1,1,Piemonte,Piemonte,4356406,280210,6.43,0.75
2736,2021-02-18,PIE,4790,2093,2697,4360,430,ITC,ITC1,1,Piemonte,Piemonte,4356406,285000,6.54,0.11
2737,2021-04-16,PIE,28399,13211,15188,23413,4986,ITC,ITC1,1,Piemonte,Piemonte,4356406,313399,7.19,0.65
2738,2021-03-23,PIE,13077,5451,7626,6832,6245,ITC,ITC1,1,Piemonte,Piemonte,4356406,326476,7.49,0.3
2739,2021-01-16,PIE,7771,2630,5141,7771,0,ITC,ITC1,1,Piemonte,Piemonte,4356406,334247,7.67,0.18
2740,2021-01-23,PIE,4257,1325,2932,879,3378,ITC,ITC1,1,Piemonte,Piemonte,4356406,338504,7.77,0.1
2741,2021-03-21,PIE,10727,4741,5986,4194,6533,ITC,ITC1,1,Piemonte,Piemonte,4356406,349231,8.02,0.25
2742,2021-05-19,PIE,33094,15271,17823,22009,11085,ITC,ITC1,1,Piemonte,Piemonte,4356406,382325,8.78,0.76
2743,2021-03-14,PIE,8205,3336,4869,5308,2897,ITC,ITC1,1,Piemonte,Piemonte,4356406,390530,8.96,0.19
2744,2021-05-10,PIE,28910,13947,14963,15811,13099,ITC,ITC1,1,Piemonte,Piemonte,4356406,419440,9.63,0.66
2745,2021-01-30,PIE,5980,2136,3844,218,5762,ITC,ITC1,1,Piemonte,Piemonte,4356406,425420,9.77,0.14
2746,2021-03-16,PIE,10523,4269,6254,4463,6060,ITC,ITC1,1,Piemonte,Piemonte,4356406,435943,10.01,0.24
2747,2021-05-12,PIE,31873,15188,16685,18987,12886,ITC,ITC1,1,Piemonte,Piemonte,4356406,467816,10.74,0.73
2748,2021-02-04,PIE,10205,3341,6864,588,9617,ITC,ITC1,1,Piemonte,Piemonte,4356406,478021,10.97,0.23
2749,2021-04-30,PIE,31811,14311,17500,18476,13335,ITC,ITC1,1,Piemonte,Piemonte,4356406,509832,11.7,0.73
2750,2021-03-28,PIE,16060,6900,9160,8438,7622,ITC,ITC1,1,Piemonte,Piemonte,4356406,525892,12.07,0.37
2751,2021-04-11,PIE,20824,9317,11507,18663,2161,ITC,ITC1,1,Piemonte,Piemonte,4356406,546716,12.55,0.48
2752,2021-01-04,PIE,5564,1679,3885,5564,0,ITC,ITC1,1,Piemonte,Piemonte,4356406,552280,12.68,0.13
2753,2021-04-28,PIE,26044,11737,14307,16011,10033,ITC,ITC1,1,Piemonte,Piemonte,4356406,578324,13.28,0.6
2754,2021-01-18,PIE,6166,2048,4118,5917,249,ITC,ITC1,1,Piemonte,Piemonte,4356406,584490,13.42,0.14
2755,2021-06-07,PIE,34794,17823,16971,30029,4765,ITC,ITC1,1,Piemonte,Piemonte,4356406,619284,14.22,0.8
2756,2020-12-28,PIE,1,1,0,1,0,ITC,ITC1,1,Piemonte,Piemonte,4356406,619285,14.22,0.0
2757,2021-05-02,PIE,25066,11266,13800,14321,10745,ITC,ITC1,1,Piemonte,Piemonte,4356406,644351,14.79,0.58
2758,2021-01-11,PIE,8744,2980,5764,8744,0,ITC,ITC1,1,Piemonte,Piemonte,4356406,653095,14.99,0.2
2759,2021-04-06,PIE,20241,8810,11431,15045,5196,ITC,ITC1,1,Piemonte,Piemonte,4356406,673336,15.46,0.46
2760,2020-12-27,PIE,913,369,544,913,0,ITC,ITC1,1,Piemonte,Piemonte,4356406,674249,15.48,0.02
2761,2021-06-09,PIE,38453,20285,18168,35777,2676,ITC,ITC1,1,Piemonte,Piemonte,4356406,712702,16.36,0.88
2762,2021-03-18,PIE,11759,4805,6954,4029,7730,ITC,ITC1,1,Piemonte,Piemonte,4356406,724461,16.63,0.27
2763,2021-04-20,PIE,25472,11661,13811,19126,6346,ITC,ITC1,1,Piemonte,Piemonte,4356406,749933,17.21,0.58
2764,2021-05-07,PIE,33043,15621,17422,18926,14117,ITC,ITC1,1,Piemonte,Piemonte,4356406,782976,17.97,0.76
2765,2021-01-27,PIE,4196,1453,2743,999,3197,ITC,ITC1,1,Piemonte,Piemonte,4356406,787172,18.07,0.1
2766,2021-02-13,PIE,4153,1334,2819,2931,1222,ITC,ITC1,1,Piemonte,Piemonte,4356406,791325,18.16,0.1
2767,2021-05-09,PIE,27069,12906,14163,13450,13619,ITC,ITC1,1,Piemonte,Piemonte,4356406,818394,18.79,0.62
2768,2021-05-26,PIE,32699,15093,17606,15640,17059,ITC,ITC1,1,Piemonte,Piemonte,4356406,851093,19.54,0.75
2769,2021-02-15,PIE,4432,1597,2835,3227,1205,ITC,ITC1,1,Piemonte,Piemonte,4356406,855525,19.64,0.1
2770,2021-03-04,PIE,14531,5766,8765,11583,2948,ITC,ITC1,1,Piemonte,Piemonte,4356406,870056,19.97,0.33
2771,2021-05-05,PIE,32195,15097,17098,19177,13018,ITC,ITC1,1,Piemonte,Piemonte,4356406,902251,20.71,0.74
2772,2021-03-30,PIE,16894,7035,9859,9021,7873,ITC,ITC1,1,Piemonte,Piemonte,4356406,919145,21.1,0.39
2773,2021-01-13,PIE,10085,3226,6859,10085,0,ITC,ITC1,1,Piemonte,Piemonte,4356406,929230,21.33,0.23
2774,2021-06-16,PIE,39907,20022,19885,23779,16128,ITC,ITC1,1,Piemonte,Piemonte,4356406,969137,22.25,0.92
2775,2021-01-06,PIE,3116,1111,2005,3116,0,ITC,ITC1,1,Piemonte,Piemonte,4356406,972253,22.32,0.07
2776,2021-02-08,PIE,6917,2356,4561,666,6251,ITC,ITC1,1,Piemonte,Piemonte,4356406,979170,22.48,0.16
2777,2021-05-21,PIE,36021,16739,19282,20386,15635,ITC,ITC1,1,Piemonte,Piemonte,4356406,1015191,23.3,0.83
2778,2021-02-01,PIE,8645,3055,5590,579,8066,ITC,ITC1,1,Piemonte,Piemonte,4356406,1023836,23.5,0.2
2779,2021-06-02,PIE,26530,12998,13532,22061,4469,ITC,ITC1,1,Piemonte,Piemonte,4356406,1050366,24.11,0.61
2780,2021-02-22,PIE,8483,3472,5011,7893,590,ITC,ITC1,1,Piemonte,Piemonte,4356406,1058849,24.31,0.19
2781,2021-03-11,PIE,13773,5074,8699,10676,3097,ITC,ITC1,1,Piemonte,Piemonte,4356406,1072622,24.62,0.32
2782,2021-03-25,PIE,17062,7203,9859,8423,8639,ITC,ITC1,1,Piemonte,Piemonte,4356406,1089684,25.01,0.39
2783,2021-04-13,PIE,25929,11608,14321,22469,3460,ITC,ITC1,1,Piemonte,Piemonte,4356406,1115613,25.61,0.6
2784,2021-01-20,PIE,6617,2089,4528,5899,718,ITC,ITC1,1,Piemonte,Piemonte,4356406,1122230,25.76,0.15
2785,2021-05-17,PIE,30858,14577,16281,17743,13115,ITC,ITC1,1,Piemonte,Piemonte,4356406,1153088,26.47,0.71
2786,2021-02-06,PIE,7995,2666,5329,400,7595,ITC,ITC1,1,Piemonte,Piemonte,4356406,1161083,26.65,0.18
2787,2021-02-23,PIE,9234,3713,5521,8653,581,ITC,ITC1,1,Piemonte,Piemonte,4356406,1170317,26.86,0.21
2788,2021-05-31,PIE,29014,13994,15020,20504,8510,ITC,ITC1,1,Piemonte,Piemonte,4356406,1199331,27.53,0.67
2789,2021-06-17,PIE,37817,18969,18848,22603,15214,ITC,ITC1,1,Piemonte,Piemonte,4356406,1237148,28.4,0.87
2790,2021-03-09,PIE,13967,5428,8539,11624,2343,ITC,ITC1,1,Piemonte,Piemonte,4356406,1251115,28.72,0.32
2791,2021-01-01,PIE,1038,395,643,1038,0,ITC,ITC1,1,Piemonte,Piemonte,4356406,1252153,28.74,0.02
2792,2021-02-27,PIE,12691,4851,7840,12346,345,ITC,ITC1,1,Piemonte,Piemonte,4356406,1264844,29.03,0.29
2793,2021-04-25,PIE,20233,9305,10928,17732,2501,ITC,ITC1,1,Piemonte,Piemonte,4356406,1285077,29.5,0.46
2794,2021-01-15,PIE,9114,3012,6102,9114,0,ITC,ITC1,1,Piemonte,Piemonte,4356406,1294191,29.71,0.21
2795,2021-03-13,PIE,13046,4722,8324,11601,1445,ITC,ITC1,1,Piemonte,Piemonte,4356406,1307237,30.01,0.3
2796,2021-03-03,PIE,12120,4644,7476,11301,819,ITC,ITC1,1,Piemonte,Piemonte,4356406,1319357,30.29,0.28
2797,2021-03-20,PIE,11922,4899,7023,6024,5898,ITC,ITC1,1,Piemonte,Piemonte,4356406,1331279,30.56,0.27
2798,2021-05-06,PIE,33463,15786,17677,19915,13548,ITC,ITC1,1,Piemonte,Piemonte,4356406,1364742,31.33,0.77
2799,2021-05-23,PIE,28700,13130,15570,15750,12950,ITC,ITC1,1,Piemonte,Piemonte,4356406,1393442,31.99,0.66
2800,2021-04-03,PIE,19431,8157,11274,10884,8547,ITC,ITC1,1,Piemonte,Piemonte,4356406,1412873,32.43,0.45
2801,2021-01-10,PIE,5214,2275,2939,5214,0,ITC,ITC1,1,Piemonte,Piemonte,4356406,1418087,32.55,0.12
2802,2021-04-22,PIE,27674,12744,14930,20975,6699,ITC,ITC1,1,Piemonte,Piemonte,4356406,1445761,33.19,0.64
2803,2021-01-12,PIE,10090,3415,6675,10090,0,ITC,ITC1,1,Piemonte,Piemonte,4356406,1455851,33.42,0.23
2804,2021-01-29,PIE,5944,1887,4057,455,5489,ITC,ITC1,1,Piemonte,Piemonte,4356406,1461795,33.56,0.14
2805,2021-04-01,PIE,19331,8073,11258,11211,8120,ITC,ITC1,1,Piemonte,Piemonte,4356406,1481126,34.0,0.44
2806,2021-05-28,PIE,34919,16525,18394,19025,15894,ITC,ITC1,1,Piemonte,Piemonte,4356406,1516045,34.8,0.8
2807,2021-01-25,PIE,6215,1938,4277,983,5232,ITC,ITC1,1,Piemonte,Piemonte,4356406,1522260,34.94,0.14
2808,2021-05-30,PIE,27701,13186,14515,18377,9324,ITC,ITC1,1,Piemonte,Piemonte,4356406,1549961,35.58,0.64
2809,2021-02-19,PIE,5535,2175,3360,5034,501,ITC,ITC1,1,Piemonte,Piemonte,4356406,1555496,35.71,0.13
2810,2021-06-04,PIE,37446,19577,17869,34526,2920,ITC,ITC1,1,Piemonte,Piemonte,4356406,1592942,36.57,0.86
2811,2021-02-24,PIE,11409,4629,6780,10904,505,ITC,ITC1,1,Piemonte,Piemonte,4356406,1604351,36.83,0.26
2812,2021-03-08,PIE,13950,5296,8654,11236,2714,ITC,ITC1,1,Piemonte,Piemonte,4356406,1618301,37.15,0.32
2813,2021-05-04,PIE,28545,13124,15421,16405,12140,ITC,ITC1,1,Piemonte,Piemonte,4356406,1646846,37.8,0.66
2814,2021-01-24,PIE,3153,959,2194,434,2719,ITC,ITC1,1,Piemonte,Piemonte,4356406,1649999,37.88,0.07
2815,2021-03-22,PIE,11512,4882,6630,3906,7606,ITC,ITC1,1,Piemonte,Piemonte,4356406,1661511,38.14,0.26
2816,2021-05-14,PIE,33361,16256,17105,17955,15406,ITC,ITC1,1,Piemonte,Piemonte,4356406,1694872,38.91,0.77
2817,2021-04-17,PIE,30455,14146,16309,27140,3315,ITC,ITC1,1,Piemonte,Piemonte,4356406,1725327,39.6,0.7
2818,2021-06-13,PIE,37772,19931,17841,33648,4124,ITC,ITC1,1,Piemonte,Piemonte,4356406,1763099,40.47,0.87
2819,2021-02-10,PIE,7535,2371,5164,1316,6219,ITC,ITC1,1,Piemonte,Piemonte,4356406,1770634,40.64,0.17
2820,2021-04-08,PIE,25146,10932,14214,20416,4730,ITC,ITC1,1,Piemonte,Piemonte,4356406,1795780,41.22,0.58
2821,2021-02-20,PIE,3834,1254,2580,3660,174,ITC,ITC1,1,Piemonte,Piemonte,4356406,1799614,41.31,0.09
2822,2021-04-29,PIE,48390,21913,26477,35772,12618,ITC,ITC1,1,Piemonte,Piemonte,4356406,1848004,42.42,1.11
2823,2021-05-16,PIE,28123,12766,15357,15057,13066,ITC,ITC1,1,Piemonte,Piemonte,4356406,1876127,43.07,0.65
2824,2021-02-05,PIE,9604,3139,6465,659,8945,ITC,ITC1,1,Piemonte,Piemonte,4356406,1885731,43.29,0.22
2825,2021-04-18,PIE,22969,10821,12148,20213,2756,ITC,ITC1,1,Piemonte,Piemonte,4356406,1908700,43.81,0.53
2826,2021-01-08,PIE,5532,1762,3770,5532,0,ITC,ITC1,1,Piemonte,Piemonte,4356406,1914232,43.94,0.13
2827,2021-06-14,PIE,37741,19455,18286,30698,7043,ITC,ITC1,1,Piemonte,Piemonte,4356406,1951973,44.81,0.87
2828,2021-03-06,PIE,13994,5211,8783,11205,2789,ITC,ITC1,1,Piemonte,Piemonte,4356406,1965967,45.13,0.32
2829,2021-01-22,PIE,3867,1249,2618,2526,1341,ITC,ITC1,1,Piemonte,Piemonte,4356406,1969834,45.22,0.09
2830,2021-02-12,PIE,6891,2215,4676,3930,2961,ITC,ITC1,1,Piemonte,Piemonte,4356406,1976725,45.38,0.16
2831,2021-03-01,PIE,12043,4846,7197,11234,809,ITC,ITC1,1,Piemonte,Piemonte,4356406,1988768,45.65,0.28
2832,2021-05-25,PIE,31123,14442,16681,15987,15136,ITC,ITC1,1,Piemonte,Piemonte,4356406,2019891,46.37,0.71
2833,2021-06-11,PIE,43234,22878,20356,40457,2777,ITC,ITC1,1,Piemonte,Piemonte,4356406,2063125,47.36,0.99
2834,2021-02-28,PIE,10816,4060,6756,10576,240,ITC,ITC1,1,Piemonte,Piemonte,4356406,2073941,47.61,0.25
2835,2021-03-17,PIE,12518,5055,7463,5224,7294,ITC,ITC1,1,Piemonte,Piemonte,4356406,2086459,47.89,0.29
2836,2021-06-10,PIE,40044,20914,19130,37533,2511,ITC,ITC1,1,Piemonte,Piemonte,4356406,2126503,48.81,0.92
2837,2021-03-19,PIE,11021,4512,6509,4415,6606,ITC,ITC1,1,Piemonte,Piemonte,4356406,2137524,49.07,0.25
2838,2021-04-05,PIE,14746,6233,8513,12189,2557,ITC,ITC1,1,Piemonte,Piemonte,4356406,2152270,49.4,0.34
2839,2021-04-10,PIE,30165,13416,16749,25887,4278,ITC,ITC1,1,Piemonte,Piemonte,4356406,2182435,50.1,0.69
2840,2021-04-15,PIE,29643,13577,16066,24159,5484,ITC,ITC1,1,Piemonte,Piemonte,4356406,2212078,50.78,0.68
2841,2021-01-05,PIE,5381,1603,3778,5381,0,ITC,ITC1,1,Piemonte,Piemonte,4356406,2217459,50.9,0.12
2842,2021-01-07,PIE,5387,1739,3648,5387,0,ITC,ITC1,1,Piemonte,Piemonte,4356406,2222846,51.02,0.12
2843,2021-03-05,PIE,15333,6017,9316,11515,3818,ITC,ITC1,1,Piemonte,Piemonte,4356406,2238179,51.38,0.35
2844,2021-06-06,PIE,34995,18289,16706,32566,2429,ITC,ITC1,1,Piemonte,Piemonte,4356406,2273174,52.18,0.8
2845,2021-02-17,PIE,4793,2156,2637,3803,990,ITC,ITC1,1,Piemonte,Piemonte,4356406,2277967,52.29,0.11
2846,2021-06-08,PIE,37428,19400,18028,34665,2763,ITC,ITC1,1,Piemonte,Piemonte,4356406,2315395,53.15,0.86
2847,2021-04-26,PIE,19771,8737,11034,15371,4400,ITC,ITC1,1,Piemonte,Piemonte,4356406,2335166,53.6,0.45
2848,2021-04-27,PIE,22596,10212,12384,17451,5145,ITC,ITC1,1,Piemonte,Piemonte,4356406,2357762,54.12,0.52
2849,2021-01-17,PIE,3518,1168,2350,2870,648,ITC,ITC1,1,Piemonte,Piemonte,4356406,2361280,54.2,0.08
2850,2021-03-15,PIE,10661,4164,6497,5041,5620,ITC,ITC1,1,Piemonte,Piemonte,4356406,2371941,54.45,0.24
2851,2021-05-11,PIE,32048,15452,16596,18850,13198,ITC,ITC1,1,Piemonte,Piemonte,4356406,2403989,55.18,0.74
2852,2021-01-31,PIE,4113,1753,2360,112,4001,ITC,ITC1,1,Piemonte,Piemonte,4356406,2408102,55.28,0.09
2853,2021-05-13,PIE,35638,17509,18129,20547,15091,ITC,ITC1,1,Piemonte,Piemonte,4356406,2443740,56.1,0.82
2854,2021-02-02,PIE,10242,3509,6733,816,9426,ITC,ITC1,1,Piemonte,Piemonte,4356406,2453982,56.33,0.24
2855,2021-03-31,PIE,19109,8104,11005,10415,8694,ITC,ITC1,1,Piemonte,Piemonte,4356406,2473091,56.77,0.44
2856,2021-05-27,PIE,37217,17308,19909,19143,18074,ITC,ITC1,1,Piemonte,Piemonte,4356406,2510308,57.62,0.85
2857,2021-02-16,PIE,3967,1756,2211,3209,758,ITC,ITC1,1,Piemonte,Piemonte,4356406,2514275,57.71,0.09
2858,2021-03-10,PIE,13635,5170,8465,11341,2294,ITC,ITC1,1,Piemonte,Piemonte,4356406,2527910,58.03,0.31
2859,2021-03-27,PIE,18392,7828,10564,9565,8827,ITC,ITC1,1,Piemonte,Piemonte,4356406,2546302,58.45,0.42
2860,2021-01-19,PIE,6466,2105,4361,6454,12,ITC,ITC1,1,Piemonte,Piemonte,4356406,2552768,58.6,0.15
2861,2021-04-14,PIE,27711,12562,15149,23186,4525,ITC,ITC1,1,Piemonte,Piemonte,4356406,2580479,59.23,0.64
2862,2021-04-19,PIE,22542,10767,11775,18178,4364,ITC,ITC1,1,Piemonte,Piemonte,4356406,2603021,59.75,0.52
2863,2021-01-09,PIE,6184,2185,3999,6184,0,ITC,ITC1,1,Piemonte,Piemonte,4356406,2609205,59.89,0.14
2864,2021-01-26,PIE,6333,1880,4453,735,5598,ITC,ITC1,1,Piemonte,Piemonte,4356406,2615538,60.04,0.15
2865,2021-05-08,PIE,34260,16261,17999,18624,15636,ITC,ITC1,1,Piemonte,Piemonte,4356406,2649798,60.83,0.79
2866,2021-01-28,PIE,5591,1809,3782,384,5207,ITC,ITC1,1,Piemonte,Piemonte,4356406,2655389,60.95,0.13
2867,2021-02-14,PIE,1476,498,978,876,600,ITC,ITC1,1,Piemonte,Piemonte,4356406,2656865,60.99,0.03
2868,2021-06-15,PIE,38641,19902,18739,26920,11721,ITC,ITC1,1,Piemonte,Piemonte,4356406,2695506,61.87,0.89
2869,2021-03-07,PIE,11977,4658,7319,11099,878,ITC,ITC1,1,Piemonte,Piemonte,4356406,2707483,62.15,0.27
2870,2020-12-31,PIE,3909,1334,2575,3909,0,ITC,ITC1,1,Piemonte,Piemonte,4356406,2711392,62.24,0.09
2871,2021-02-07,PIE,3088,974,2114,445,2643,ITC,ITC1,1,Piemonte,Piemonte,4356406,2714480,62.31,0.07
2872,2021-05-22,PIE,33381,15082,18299,17247,16134,ITC,ITC1,1,Piemonte,Piemonte,4356406,2747861,63.08,0.77
2873,2021-05-03,PIE,26663,12168,14495,12515,14148,ITC,ITC1,1,Piemonte,Piemonte,4356406,2774524,63.69,0.61
2874,2021-02-26,PIE,12293,4933,7360,11556,737,ITC,ITC1,1,Piemonte,Piemonte,4356406,2786817,63.97,0.28
2875,2021-04-24,PIE,27466,12422,15044,21817,5649,ITC,ITC1,1,Piemonte,Piemonte,4356406,2814283,64.6,0.63
2876,2021-01-14,PIE,9766,3152,6614,9766,0,ITC,ITC1,1,Piemonte,Piemonte,4356406,2824049,64.83,0.22
2877,2021-03-24,PIE,15506,6342,9164,6379,9127,ITC,ITC1,1,Piemonte,Piemonte,4356406,2839555,65.18,0.36
2878,2021-05-20,PIE,38491,17844,20647,13615,24876,ITC,ITC1,1,Piemonte,Piemonte,4356406,2878046,66.06,0.88
2879,2021-02-09,PIE,7392,2316,5076,722,6670,ITC,ITC1,1,Piemonte,Piemonte,4356406,2885438,66.23,0.17
2880,2021-04-07,PIE,23608,9997,13611,18145,5463,ITC,ITC1,1,Piemonte,Piemonte,4356406,2909046,66.78,0.54
2881,2021-06-03,PIE,34325,17650,16675,30057,4268,ITC,ITC1,1,Piemonte,Piemonte,4356406,2943371,67.56,0.79
2882,2021-02-03,PIE,10202,3304,6898,611,9591,ITC,ITC1,1,Piemonte,Piemonte,4356406,2953573,67.8,0.23
2883,2021-05-18,PIE,32027,14760,17267,19384,12643,ITC,ITC1,1,Piemonte,Piemonte,4356406,2985600,68.53,0.74
2884,2021-01-03,PIE,3063,967,2096,3063,0,ITC,ITC1,1,Piemonte,Piemonte,4356406,2988663,68.6,0.07
2885,2021-03-29,PIE,15161,6385,8776,8549,6612,ITC,ITC1,1,Piemonte,Piemonte,4356406,3003824,68.95,0.35
2886,2021-04-12,PIE,22944,10363,12581,19954,2990,ITC,ITC1,1,Piemonte,Piemonte,4356406,3026768,69.48,0.53
2887,2021-01-02,PIE,3545,1134,2411,3545,0,ITC,ITC1,1,Piemonte,Piemonte,4356406,3030313,69.56,0.08
2888,2021-05-01,PIE,28532,12996,15536,16734,11798,ITC,ITC1,1,Piemonte,Piemonte,4356406,3058845,70.21,0.65
2889,2021-01-21,PIE,6923,2318,4605,3427,3496,ITC,ITC1,1,Piemonte,Piemonte,4356406,3065768,70.37,0.16
2890,2021-05-15,PIE,33737,15729,18008,20039,13698,ITC,ITC1,1,Piemonte,Piemonte,4356406,3099505,71.15,0.77
2891,2021-06-01,PIE,29178,14625,14553,24807,4371,ITC,ITC1,1,Piemonte,Piemonte,4356406,3128683,71.82,0.67
2892,2021-02-21,PIE,5090,2083,3007,4988,102,ITC,ITC1,1,Piemonte,Piemonte,4356406,3133773,71.93,0.12
2893,2021-03-12,PIE,13950,5184,8766,11015,2935,ITC,ITC1,1,Piemonte,Piemonte,4356406,3147723,72.26,0.32
2894,2021-03-26,PIE,17748,6981,10767,8841,8907,ITC,ITC1,1,Piemonte,Piemonte,4356406,3165471,72.66,0.41
2895,2021-01-30,EMR,10078,3520,6558,141,9937,ITH,ITH5,8,Emilia-Romagna,Emilia-Romagna,4459477,10078,0.23,0.23
2896,2021-04-23,EMR,29557,13810,15747,14676,14881,ITH,ITH5,8,Emilia-Romagna,Emilia-Romagna,4459477,39635,0.89,0.66
2897,2021-01-13,EMR,9078,2942,6136,9078,0,ITH,ITH5,8,Emilia-Romagna,Emilia-Romagna,4459477,48713,1.09,0.2
2898,2021-04-04,EMR,9885,4718,5167,7616,2269,ITH,ITH5,8,Emilia-Romagna,Emilia-Romagna,4459477,58598,1.31,0.22
2899,2021-05-26,EMR,33190,14720,18470,10295,22895,ITH,ITH5,8,Emilia-Romagna,Emilia-Romagna,4459477,91788,2.06,0.74
2900,2021-06-12,EMR,40227,21278,18949,35339,4888,ITH,ITH5,8,Emilia-Romagna,Emilia-Romagna,4459477,132015,2.96,0.9
2901,2021-03-04,EMR,16452,5350,11102,13435,3017,ITH,ITH5,8,Emilia-Romagna,Emilia-Romagna,4459477,148467,3.33,0.37
2902,2021-05-24,EMR,29885,13683,16202,18429,11456,ITH,ITH5,8,Emilia-Romagna,Emilia-Romagna,4459477,178352,4.0,0.67
2903,2021-02-13,EMR,3628,1085,2543,3030,598,ITH,ITH5,8,Emilia-Romagna,Emilia-Romagna,4459477,181980,4.08,0.08
2904,2021-01-23,EMR,2448,871,1577,443,2005,ITH,ITH5,8,Emilia-Romagna,Emilia-Romagna,4459477,184428,4.14,0.05
2905,2021-05-07,EMR,35248,16954,18294,23401,11847,ITH,ITH5,8,Emilia-Romagna,Emilia-Romagna,4459477,219676,4.93,0.79
2906,2021-04-11,EMR,15277,6934,8343,12229,3048,ITH,ITH5,8,Emilia-Romagna,Emilia-Romagna,4459477,234953,5.27,0.34
2907,2021-02-11,EMR,4255,1415,2840,3414,841,ITH,ITH5,8,Emilia-Romagna,Emilia-Romagna,4459477,239208,5.36,0.1
2908,2021-04-18,EMR,17511,8401,9110,12583,4928,ITH,ITH5,8,Emilia-Romagna,Emilia-Romagna,4459477,256719,5.76,0.39
2909,2021-02-18,EMR,7039,2892,4147,6456,583,ITH,ITH5,8,Emilia-Romagna,Emilia-Romagna,4459477,263758,5.91,0.16
2910,2021-06-07,EMR,40316,20695,19621,34107,6209,ITH,ITH5,8,Emilia-Romagna,Emilia-Romagna,4459477,304074,6.82,0.9
2911,2021-05-31,EMR,29686,13719,15967,18246,11440,ITH,ITH5,8,Emilia-Romagna,Emilia-Romagna,4459477,333760,7.48,0.67
2912,2021-02-20,EMR,5318,2094,3224,5055,263,ITH,ITH5,8,Emilia-Romagna,Emilia-Romagna,4459477,339078,7.6,0.12
2913,2021-04-16,EMR,29213,13756,15457,20376,8837,ITH,ITH5,8,Emilia-Romagna,Emilia-Romagna,4459477,368291,8.26,0.66
2914,2021-01-06,EMR,8287,2955,5332,8287,0,ITH,ITH5,8,Emilia-Romagna,Emilia-Romagna,4459477,376578,8.44,0.19
2915,2021-04-30,EMR,36581,16780,19801,21789,14792,ITH,ITH5,8,Emilia-Romagna,Emilia-Romagna,4459477,413159,9.26,0.82
2916,2021-03-28,EMR,13499,6024,7475,9635,3864,ITH,ITH5,8,Emilia-Romagna,Emilia-Romagna,4459477,426658,9.57,0.3
2917,2021-02-25,EMR,9250,3499,5751,8296,954,ITH,ITH5,8,Emilia-Romagna,Emilia-Romagna,4459477,435908,9.77,0.21
2918,2021-03-11,EMR,17456,7306,10150,11605,5851,ITH,ITH5,8,Emilia-Romagna,Emilia-Romagna,4459477,453364,10.17,0.39
2919,2021-02-06,EMR,7602,2407,5195,2131,5471,ITH,ITH5,8,Emilia-Romagna,Emilia-Romagna,4459477,460966,10.34,0.17
2920,2021-03-30,EMR,23353,10342,13011,18313,5040,ITH,ITH5,8,Emilia-Romagna,Emilia-Romagna,4459477,484319,10.86,0.52
2921,2021-01-04,EMR,7315,2527,4788,7315,0,ITH,ITH5,8,Emilia-Romagna,Emilia-Romagna,4459477,491634,11.02,0.16
2922,2021-05-19,EMR,33670,14940,18730,18515,15155,ITH,ITH5,8,Emilia-Romagna,Emilia-Romagna,4459477,525304,11.78,0.76
2923,2021-06-02,EMR,23924,11913,12011,19110,4814,ITH,ITH5,8,Emilia-Romagna,Emilia-Romagna,4459477,549228,12.32,0.54
2924,2021-05-12,EMR,38856,18273,20583,29218,9638,ITH,ITH5,8,Emilia-Romagna,Emilia-Romagna,4459477,588084,13.19,0.87
2925,2021-02-01,EMR,10321,3611,6710,362,9959,ITH,ITH5,8,Emilia-Romagna,Emilia-Romagna,4459477,598405,13.42,0.23
2926,2021-01-18,EMR,3127,879,2248,2449,678,ITH,ITH5,8,Emilia-Romagna,Emilia-Romagna,4459477,601532,13.49,0.07
2927,2021-03-16,EMR,12245,5027,7218,4937,7308,ITH,ITH5,8,Emilia-Romagna,Emilia-Romagna,4459477,613777,13.76,0.27
2928,2021-01-25,EMR,6462,2146,4316,207,6255,ITH,ITH5,8,Emilia-Romagna,Emilia-Romagna,4459477,620239,13.91,0.14
2929,2021-03-23,EMR,18795,8144,10651,12108,6687,ITH,ITH5,8,Emilia-Romagna,Emilia-Romagna,4459477,639034,14.33,0.42
2930,2021-03-09,EMR,14754,6019,8735,10799,3955,ITH,ITH5,8,Emilia-Romagna,Emilia-Romagna,4459477,653788,14.66,0.33
2931,2021-05-05,EMR,30084,13980,16104,18835,11249,ITH,ITH5,8,Emilia-Romagna,Emilia-Romagna,4459477,683872,15.34,0.67
2932,2021-01-11,EMR,9348,3274,6074,9348,0,ITH,ITH5,8,Emilia-Romagna,Emilia-Romagna,4459477,693220,15.54,0.21
2933,2021-06-11,EMR,44757,23253,21504,38288,6469,ITH,ITH5,8,Emilia-Romagna,Emilia-Romagna,4459477,737977,16.55,1.0
2934,2021-03-20,EMR,16088,6831,9257,9124,6964,ITH,ITH5,8,Emilia-Romagna,Emilia-Romagna,4459477,754065,16.91,0.36
2935,2021-04-06,EMR,24786,11195,13591,20044,4742,ITH,ITH5,8,Emilia-Romagna,Emilia-Romagna,4459477,778851,17.47,0.56
2936,2020-12-27,EMR,971,373,598,971,0,ITH,ITH5,8,Emilia-Romagna,Emilia-Romagna,4459477,779822,17.49,0.02
2937,2021-05-09,EMR,25609,12252,13357,18642,6967,ITH,ITH5,8,Emilia-Romagna,Emilia-Romagna,4459477,805431,18.06,0.57
2938,2021-01-29,EMR,10414,3496,6918,290,10124,ITH,ITH5,8,Emilia-Romagna,Emilia-Romagna,4459477,815845,18.29,0.23
2939,2021-02-15,EMR,2904,851,2053,2779,125,ITH,ITH5,8,Emilia-Romagna,Emilia-Romagna,4459477,818749,18.36,0.07
2940,2021-01-27,EMR,8361,2947,5414,462,7899,ITH,ITH5,8,Emilia-Romagna,Emilia-Romagna,4459477,827110,18.55,0.19
2941,2021-06-14,EMR,40382,20835,19547,27385,12997,ITH,ITH5,8,Emilia-Romagna,Emilia-Romagna,4459477,867492,19.45,0.91
2942,2021-01-10,EMR,7171,2684,4487,7171,0,ITH,ITH5,8,Emilia-Romagna,Emilia-Romagna,4459477,874663,19.61,0.16
2943,2021-06-16,EMR,44629,22785,21844,24885,19744,ITH,ITH5,8,Emilia-Romagna,Emilia-Romagna,4459477,919292,20.61,1.0
2944,2021-03-08,EMR,12222,5097,7125,9546,2676,ITH,ITH5,8,Emilia-Romagna,Emilia-Romagna,4459477,931514,20.89,0.27
2945,2021-03-25,EMR,21470,9413,12057,14482,6988,ITH,ITH5,8,Emilia-Romagna,Emilia-Romagna,4459477,952984,21.37,0.48
2946,2021-05-21,EMR,39166,17508,21658,22204,16962,ITH,ITH5,8,Emilia-Romagna,Emilia-Romagna,4459477,992150,22.25,0.88
2947,2021-02-10,EMR,4022,1385,2637,2766,1256,ITH,ITH5,8,Emilia-Romagna,Emilia-Romagna,4459477,996172,22.34,0.09
2948,2021-04-08,EMR,31208,14331,16877,25905,5303,ITH,ITH5,8,Emilia-Romagna,Emilia-Romagna,4459477,1027380,23.04,0.7
2949,2021-01-15,EMR,7750,2404,5346,7750,0,ITH,ITH5,8,Emilia-Romagna,Emilia-Romagna,4459477,1035130,23.21,0.17
2950,2021-06-09,EMR,42060,21396,20664,35917,6143,ITH,ITH5,8,Emilia-Romagna,Emilia-Romagna,4459477,1077190,24.16,0.94
2951,2021-03-01,EMR,10098,3581,6517,7840,2258,ITH,ITH5,8,Emilia-Romagna,Emilia-Romagna,4459477,1087288,24.38,0.23
2952,2021-05-04,EMR,29267,13702,15565,15607,13660,ITH,ITH5,8,Emilia-Romagna,Emilia-Romagna,4459477,1116555,25.04,0.66
2953,2021-02-27,EMR,10966,3999,6967,9228,1738,ITH,ITH5,8,Emilia-Romagna,Emilia-Romagna,4459477,1127521,25.28,0.25
2954,2021-04-25,EMR,22346,10240,12106,14838,7508,ITH,ITH5,8,Emilia-Romagna,Emilia-Romagna,4459477,1149867,25.78,0.5
2955,2021-06-04,EMR,45429,22886,22543,37357,8072,ITH,ITH5,8,Emilia-Romagna,Emilia-Romagna,4459477,1195296,26.8,1.02
2956,2021-01-20,EMR,1325,270,1055,1324,1,ITH,ITH5,8,Emilia-Romagna,Emilia-Romagna,4459477,1196621,26.83,0.03
2957,2021-03-13,EMR,16135,6360,9775,10822,5313,ITH,ITH5,8,Emilia-Romagna,Emilia-Romagna,4459477,1212756,27.2,0.36
2958,2021-03-27,EMR,21664,9062,12602,14756,6908,ITH,ITH5,8,Emilia-Romagna,Emilia-Romagna,4459477,1234420,27.68,0.49
2959,2021-04-13,EMR,23681,11109,12572,19376,4305,ITH,ITH5,8,Emilia-Romagna,Emilia-Romagna,4459477,1258101,28.21,0.53
2960,2021-01-03,EMR,2763,943,1820,2763,0,ITH,ITH5,8,Emilia-Romagna,Emilia-Romagna,4459477,1260864,28.27,0.06
2961,2021-05-02,EMR,25576,11649,13927,13585,11991,ITH,ITH5,8,Emilia-Romagna,Emilia-Romagna,4459477,1286440,28.85,0.57
2962,2021-01-22,EMR,1829,477,1352,1088,741,ITH,ITH5,8,Emilia-Romagna,Emilia-Romagna,4459477,1288269,28.89,0.04
2963,2021-02-08,EMR,5231,1534,3697,2318,2913,ITH,ITH5,8,Emilia-Romagna,Emilia-Romagna,4459477,1293500,29.01,0.12
2964,2021-05-16,EMR,25842,12167,13675,18730,7112,ITH,ITH5,8,Emilia-Romagna,Emilia-Romagna,4459477,1319342,29.59,0.58
2965,2021-05-23,EMR,25451,11854,13597,13884,11567,ITH,ITH5,8,Emilia-Romagna,Emilia-Romagna,4459477,1344793,30.16,0.57
2966,2021-06-13,EMR,27246,14233,13013,22992,4254,ITH,ITH5,8,Emilia-Romagna,Emilia-Romagna,4459477,1372039,30.77,0.61
2967,2021-03-05,EMR,17852,5841,12011,14398,3454,ITH,ITH5,8,Emilia-Romagna,Emilia-Romagna,4459477,1389891,31.17,0.4
2968,2021-03-22,EMR,17648,7812,9836,10784,6864,ITH,ITH5,8,Emilia-Romagna,Emilia-Romagna,4459477,1407539,31.56,0.4
2969,2021-03-03,EMR,15842,5254,10588,13365,2477,ITH,ITH5,8,Emilia-Romagna,Emilia-Romagna,4459477,1423381,31.92,0.36
2970,2021-05-28,EMR,41140,18920,22220,17844,23296,ITH,ITH5,8,Emilia-Romagna,Emilia-Romagna,4459477,1464521,32.84,0.92
2971,2021-04-22,EMR,29046,13447,15599,14968,14078,ITH,ITH5,8,Emilia-Romagna,Emilia-Romagna,4459477,1493567,33.49,0.65
2972,2021-01-12,EMR,9476,3124,6352,9476,0,ITH,ITH5,8,Emilia-Romagna,Emilia-Romagna,4459477,1503043,33.7,0.21
2973,2021-04-05,EMR,14862,6811,8051,11970,2892,ITH,ITH5,8,Emilia-Romagna,Emilia-Romagna,4459477,1517905,34.04,0.33
2974,2021-04-20,EMR,22617,10401,12216,14264,8353,ITH,ITH5,8,Emilia-Romagna,Emilia-Romagna,4459477,1540522,34.54,0.51
2975,2021-01-08,EMR,10865,3580,7285,10865,0,ITH,ITH5,8,Emilia-Romagna,Emilia-Romagna,4459477,1551387,34.79,0.24
2976,2021-03-06,EMR,20894,5935,14959,18162,2732,ITH,ITH5,8,Emilia-Romagna,Emilia-Romagna,4459477,1572281,35.26,0.47
2977,2021-05-20,EMR,40200,18296,21904,18859,21341,ITH,ITH5,8,Emilia-Romagna,Emilia-Romagna,4459477,1612481,36.16,0.9
2978,2021-03-18,EMR,13676,5807,7869,5676,8000,ITH,ITH5,8,Emilia-Romagna,Emilia-Romagna,4459477,1626157,36.47,0.31
2979,2021-05-14,EMR,37221,17153,20068,27626,9595,ITH,ITH5,8,Emilia-Romagna,Emilia-Romagna,4459477,1663378,37.3,0.83
2980,2021-02-03,EMR,9357,2997,6360,984,8373,ITH,ITH5,8,Emilia-Romagna,Emilia-Romagna,4459477,1672735,37.51,0.21
2981,2021-04-01,EMR,23930,10770,13160,19383,4547,ITH,ITH5,8,Emilia-Romagna,Emilia-Romagna,4459477,1696665,38.05,0.54
2982,2021-02-17,EMR,6538,2764,3774,5766,772,ITH,ITH5,8,Emilia-Romagna,Emilia-Romagna,4459477,1703203,38.19,0.15
2983,2021-06-01,EMR,27114,13078,14036,17232,9882,ITH,ITH5,8,Emilia-Romagna,Emilia-Romagna,4459477,1730317,38.8,0.61
2984,2021-04-12,EMR,19242,9005,10237,14796,4446,ITH,ITH5,8,Emilia-Romagna,Emilia-Romagna,4459477,1749559,39.23,0.43
2985,2021-04-27,EMR,32096,14862,17234,19635,12461,ITH,ITH5,8,Emilia-Romagna,Emilia-Romagna,4459477,1781655,39.95,0.72
2986,2021-05-06,EMR,35925,16600,19325,22869,13056,ITH,ITH5,8,Emilia-Romagna,Emilia-Romagna,4459477,1817580,40.76,0.81
2987,2021-01-26,EMR,8334,3000,5334,214,8120,ITH,ITH5,8,Emilia-Romagna,Emilia-Romagna,4459477,1825914,40.94,0.19
2988,2021-03-24,EMR,21202,9399,11803,13819,7383,ITH,ITH5,8,Emilia-Romagna,Emilia-Romagna,4459477,1847116,41.42,0.48
2989,2021-01-24,EMR,2443,885,1558,298,2145,ITH,ITH5,8,Emilia-Romagna,Emilia-Romagna,4459477,1849559,41.47,0.05
2990,2021-02-22,EMR,7482,3091,4391,7210,272,ITH,ITH5,8,Emilia-Romagna,Emilia-Romagna,4459477,1857041,41.64,0.17
2991,2021-05-01,EMR,28402,12774,15628,15628,12774,ITH,ITH5,8,Emilia-Romagna,Emilia-Romagna,4459477,1885443,42.28,0.64
2992,2021-02-12,EMR,5324,1679,3645,3921,1403,ITH,ITH5,8,Emilia-Romagna,Emilia-Romagna,4459477,1890767,42.4,0.12
2993,2021-04-10,EMR,20921,9300,11621,16776,4145,ITH,ITH5,8,Emilia-Romagna,Emilia-Romagna,4459477,1911688,42.87,0.47
2994,2021-04-17,EMR,27307,13078,14229,17956,9351,ITH,ITH5,8,Emilia-Romagna,Emilia-Romagna,4459477,1938995,43.48,0.61
2995,2021-01-07,EMR,10273,3406,6867,10273,0,ITH,ITH5,8,Emilia-Romagna,Emilia-Romagna,4459477,1949268,43.71,0.23
2996,2021-04-03,EMR,19939,8766,11173,16199,3740,ITH,ITH5,8,Emilia-Romagna,Emilia-Romagna,4459477,1969207,44.16,0.45
2997,2021-05-30,EMR,27066,12786,14280,13375,13691,ITH,ITH5,8,Emilia-Romagna,Emilia-Romagna,4459477,1996273,44.76,0.61
2998,2021-02-19,EMR,7327,3010,4317,6813,514,ITH,ITH5,8,Emilia-Romagna,Emilia-Romagna,4459477,2003600,44.93,0.16
2999,2020-12-31,EMR,2215,780,1435,2215,0,ITH,ITH5,8,Emilia-Romagna,Emilia-Romagna,4459477,2005815,44.98,0.05
3000,2021-06-06,EMR,36403,18910,17493,31997,4406,ITH,ITH5,8,Emilia-Romagna,Emilia-Romagna,4459477,2042218,45.8,0.82
3001,2021-02-26,EMR,9634,3673,5961,8586,1048,ITH,ITH5,8,Emilia-Romagna,Emilia-Romagna,4459477,2051852,46.01,0.22
3002,2021-05-25,EMR,25014,11176,13838,11708,13306,ITH,ITH5,8,Emilia-Romagna,Emilia-Romagna,4459477,2076866,46.57,0.56
3003,2021-02-14,EMR,1403,378,1025,1283,120,ITH,ITH5,8,Emilia-Romagna,Emilia-Romagna,4459477,2078269,46.6,0.03
3004,2021-05-27,EMR,42071,18652,23419,14008,28063,ITH,ITH5,8,Emilia-Romagna,Emilia-Romagna,4459477,2120340,47.55,0.94
3005,2021-02-16,EMR,5772,2446,3326,5241,531,ITH,ITH5,8,Emilia-Romagna,Emilia-Romagna,4459477,2126112,47.68,0.13
3006,2021-04-24,EMR,28612,13230,15382,14384,14228,ITH,ITH5,8,Emilia-Romagna,Emilia-Romagna,4459477,2154724,48.32,0.64
3007,2021-05-11,EMR,35781,16794,18987,28518,7263,ITH,ITH5,8,Emilia-Romagna,Emilia-Romagna,4459477,2190505,49.12,0.8
3008,2021-01-31,EMR,7698,2763,4935,241,7457,ITH,ITH5,8,Emilia-Romagna,Emilia-Romagna,4459477,2198203,49.29,0.17
3009,2021-03-21,EMR,11957,5296,6661,7352,4605,ITH,ITH5,8,Emilia-Romagna,Emilia-Romagna,4459477,2210160,49.56,0.27
3010,2021-06-10,EMR,43820,22515,21305,38497,5323,ITH,ITH5,8,Emilia-Romagna,Emilia-Romagna,4459477,2253980,50.54,0.98
3011,2021-03-02,EMR,12669,4272,8397,10580,2089,ITH,ITH5,8,Emilia-Romagna,Emilia-Romagna,4459477,2266649,50.83,0.28
3012,2021-03-19,EMR,15925,6973,8952,7956,7969,ITH,ITH5,8,Emilia-Romagna,Emilia-Romagna,4459477,2282574,51.18,0.36
3013,2021-01-17,EMR,2890,887,2003,2644,246,ITH,ITH5,8,Emilia-Romagna,Emilia-Romagna,4459477,2285464,51.25,0.06
3014,2021-04-02,EMR,23398,10556,12842,18918,4480,ITH,ITH5,8,Emilia-Romagna,Emilia-Romagna,4459477,2308862,51.77,0.52
3015,2021-05-29,EMR,37701,16469,21232,17150,20551,ITH,ITH5,8,Emilia-Romagna,Emilia-Romagna,4459477,2346563,52.62,0.85
3016,2021-03-17,EMR,13721,5693,8028,5875,7846,ITH,ITH5,8,Emilia-Romagna,Emilia-Romagna,4459477,2360284,52.93,0.31
3017,2021-05-13,EMR,35710,16450,19260,27931,7779,ITH,ITH5,8,Emilia-Romagna,Emilia-Romagna,4459477,2395994,53.73,0.8
3018,2021-03-15,EMR,13446,6242,7204,6947,6499,ITH,ITH5,8,Emilia-Romagna,Emilia-Romagna,4459477,2409440,54.03,0.3
3019,2021-02-09,EMR,4156,1249,2907,2309,1847,ITH,ITH5,8,Emilia-Romagna,Emilia-Romagna,4459477,2413596,54.12,0.09
3020,2021-05-15,EMR,33220,14976,18244,22824,10396,ITH,ITH5,8,Emilia-Romagna,Emilia-Romagna,4459477,2446816,54.87,0.74
3021,2021-06-08,EMR,44537,22803,21734,37122,7415,ITH,ITH5,8,Emilia-Romagna,Emilia-Romagna,4459477,2491353,55.87,1.0
3022,2021-04-19,EMR,20897,9796,11101,14624,6273,ITH,ITH5,8,Emilia-Romagna,Emilia-Romagna,4459477,2512250,56.34,0.47
3023,2021-01-09,EMR,9986,3451,6535,9986,0,ITH,ITH5,8,Emilia-Romagna,Emilia-Romagna,4459477,2522236,56.56,0.22
3024,2021-06-15,EMR,42555,21868,20687,27739,14816,ITH,ITH5,8,Emilia-Romagna,Emilia-Romagna,4459477,2564791,57.51,0.95
3025,2021-03-07,EMR,7842,2958,4884,6322,1520,ITH,ITH5,8,Emilia-Romagna,Emilia-Romagna,4459477,2572633,57.69,0.18
3026,2021-05-03,EMR,28693,13553,15140,17816,10877,ITH,ITH5,8,Emilia-Romagna,Emilia-Romagna,4459477,2601326,58.33,0.64
3027,2021-04-28,EMR,33712,15585,18127,20824,12888,ITH,ITH5,8,Emilia-Romagna,Emilia-Romagna,4459477,2635038,59.09,0.76
3028,2021-02-05,EMR,9321,2967,6354,1638,7683,ITH,ITH5,8,Emilia-Romagna,Emilia-Romagna,4459477,2644359,59.3,0.21
3029,2021-04-14,EMR,27034,12836,14198,20929,6105,ITH,ITH5,8,Emilia-Romagna,Emilia-Romagna,4459477,2671393,59.9,0.61
3030,2021-04-07,EMR,26109,11889,14220,20097,6012,ITH,ITH5,8,Emilia-Romagna,Emilia-Romagna,4459477,2697502,60.49,0.59
3031,2021-01-14,EMR,8130,2593,5537,8130,0,ITH,ITH5,8,Emilia-Romagna,Emilia-Romagna,4459477,2705632,60.67,0.18
3032,2021-05-10,EMR,33840,16125,17715,26595,7245,ITH,ITH5,8,Emilia-Romagna,Emilia-Romagna,4459477,2739472,61.43,0.76
3033,2021-04-21,EMR,23953,10962,12991,14207,9746,ITH,ITH5,8,Emilia-Romagna,Emilia-Romagna,4459477,2763425,61.97,0.54
3034,2021-05-08,EMR,32332,15090,17242,20911,11421,ITH,ITH5,8,Emilia-Romagna,Emilia-Romagna,4459477,2795757,62.69,0.73
3035,2021-01-28,EMR,10254,3339,6915,349,9905,ITH,ITH5,8,Emilia-Romagna,Emilia-Romagna,4459477,2806011,62.92,0.23
3036,2021-03-31,EMR,25266,11041,14225,19809,5457,ITH,ITH5,8,Emilia-Romagna,Emilia-Romagna,4459477,2831277,63.49,0.57
3037,2021-03-26,EMR,23707,10116,13591,17271,6436,ITH,ITH5,8,Emilia-Romagna,Emilia-Romagna,4459477,2854984,64.02,0.53
3038,2021-02-28,EMR,6823,2527,4296,4977,1846,ITH,ITH5,8,Emilia-Romagna,Emilia-Romagna,4459477,2861807,64.17,0.15
3039,2021-04-26,EMR,27889,12932,14957,18576,9313,ITH,ITH5,8,Emilia-Romagna,Emilia-Romagna,4459477,2889696,64.8,0.63
3040,2021-01-16,EMR,5628,1718,3910,5628,0,ITH,ITH5,8,Emilia-Romagna,Emilia-Romagna,4459477,2895324,64.93,0.13
3041,2021-03-14,EMR,8800,3839,4961,5003,3797,ITH,ITH5,8,Emilia-Romagna,Emilia-Romagna,4459477,2904124,65.12,0.2
3042,2021-02-04,EMR,9940,3207,6733,1250,8690,ITH,ITH5,8,Emilia-Romagna,Emilia-Romagna,4459477,2914064,65.35,0.22
3043,2021-05-22,EMR,32955,14111,18844,16898,16057,ITH,ITH5,8,Emilia-Romagna,Emilia-Romagna,4459477,2947019,66.08,0.74
3044,2021-04-09,EMR,25724,11666,14058,20027,5697,ITH,ITH5,8,Emilia-Romagna,Emilia-Romagna,4459477,2972743,66.66,0.58
3045,2021-02-02,EMR,9485,3053,6432,527,8958,ITH,ITH5,8,Emilia-Romagna,Emilia-Romagna,4459477,2982228,66.87,0.21
3046,2021-06-17,EMR,44381,22438,21943,20851,23530,ITH,ITH5,8,Emilia-Romagna,Emilia-Romagna,4459477,3026609,67.87,1.0
3047,2021-01-21,EMR,2165,729,1436,819,1346,ITH,ITH5,8,Emilia-Romagna,Emilia-Romagna,4459477,3028774,67.92,0.05
3048,2021-06-03,EMR,37835,18412,19423,30340,7495,ITH,ITH5,8,Emilia-Romagna,Emilia-Romagna,4459477,3066609,68.77,0.85
3049,2021-02-23,EMR,8215,3219,4996,7829,386,ITH,ITH5,8,Emilia-Romagna,Emilia-Romagna,4459477,3074824,68.95,0.18
3050,2021-03-12,EMR,18303,7702,10601,11586,6717,ITH,ITH5,8,Emilia-Romagna,Emilia-Romagna,4459477,3093127,69.36,0.41
3051,2021-04-15,EMR,29334,13978,15356,19658,9676,ITH,ITH5,8,Emilia-Romagna,Emilia-Romagna,4459477,3122461,70.02,0.66
3052,2021-03-10,EMR,18798,7742,11056,13154,5644,ITH,ITH5,8,Emilia-Romagna,Emilia-Romagna,4459477,3141259,70.44,0.42
3053,2021-05-18,EMR,29073,13241,15832,18569,10504,ITH,ITH5,8,Emilia-Romagna,Emilia-Romagna,4459477,3170332,71.09,0.65
3054,2021-02-07,EMR,4794,1538,3256,1733,3061,ITH,ITH5,8,Emilia-Romagna,Emilia-Romagna,4459477,3175126,71.2,0.11
3055,2021-02-24,EMR,9351,3566,5785,8467,884,ITH,ITH5,8,Emilia-Romagna,Emilia-Romagna,4459477,3184477,71.41,0.21
3056,2021-01-05,EMR,9361,3170,6191,9361,0,ITH,ITH5,8,Emilia-Romagna,Emilia-Romagna,4459477,3193838,71.62,0.21
3057,2021-04-29,EMR,44948,21133,23815,27400,17548,ITH,ITH5,8,Emilia-Romagna,Emilia-Romagna,4459477,3238786,72.63,1.01
3058,2021-01-19,EMR,2045,505,1540,2028,17,ITH,ITH5,8,Emilia-Romagna,Emilia-Romagna,4459477,3240831,72.67,0.05
3059,2021-03-29,EMR,21411,9603,11808,16761,4650,ITH,ITH5,8,Emilia-Romagna,Emilia-Romagna,4459477,3262242,73.15,0.48
3060,2021-02-21,EMR,4450,1708,2742,4010,440,ITH,ITH5,8,Emilia-Romagna,Emilia-Romagna,4459477,3266692,73.25,0.1
3061,2021-01-02,EMR,2374,915,1459,2374,0,ITH,ITH5,8,Emilia-Romagna,Emilia-Romagna,4459477,3269066,73.31,0.05
3062,2021-06-05,EMR,43966,22230,21736,37113,6853,ITH,ITH5,8,Emilia-Romagna,Emilia-Romagna,4459477,3313032,74.29,0.99
3063,2021-05-17,EMR,32373,15386,16987,22892,9481,ITH,ITH5,8,Emilia-Romagna,Emilia-Romagna,4459477,3345405,75.02,0.73
3064,2021-03-24,MOL,1631,658,973,1229,402,ITF,ITF2,14,Molise,Molise,305617,1631,0.53,0.53
3065,2021-01-17,MOL,78,38,40,48,30,ITF,ITF2,14,Molise,Molise,305617,1709,0.56,0.03
3066,2021-04-10,MOL,2638,1261,1377,2486,152,ITF,ITF2,14,Molise,Molise,305617,4347,1.42,0.86
3067,2021-02-05,MOL,593,269,324,55,538,ITF,ITF2,14,Molise,Molise,305617,4940,1.62,0.19
3068,2021-01-19,MOL,173,63,110,162,11,ITF,ITF2,14,Molise,Molise,305617,5113,1.67,0.06
3069,2021-02-19,MOL,169,93,76,167,2,ITF,ITF2,14,Molise,Molise,305617,5282,1.73,0.06
3070,2021-03-10,MOL,1737,720,1017,1687,50,ITF,ITF2,14,Molise,Molise,305617,7019,2.3,0.57
3071,2021-06-01,MOL,2597,1322,1275,2489,108,ITF,ITF2,14,Molise,Molise,305617,9616,3.15,0.85
3072,2021-05-13,MOL,3038,1410,1628,2581,457,ITF,ITF2,14,Molise,Molise,305617,12654,4.14,0.99
3073,2021-01-12,MOL,336,114,222,336,0,ITF,ITF2,14,Molise,Molise,305617,12990,4.25,0.11
3074,2021-02-24,MOL,666,278,388,333,333,ITF,ITF2,14,Molise,Molise,305617,13656,4.47,0.22
3075,2021-04-05,MOL,391,189,202,292,99,ITF,ITF2,14,Molise,Molise,305617,14047,4.6,0.13
3076,2021-03-29,MOL,2033,835,1198,1547,486,ITF,ITF2,14,Molise,Molise,305617,16080,5.26,0.67
3077,2021-01-31,MOL,268,70,198,6,262,ITF,ITF2,14,Molise,Molise,305617,16348,5.35,0.09
3078,2021-02-07,MOL,66,32,34,19,47,ITF,ITF2,14,Molise,Molise,305617,16414,5.37,0.02
3079,2021-05-18,MOL,1645,877,768,990,655,ITF,ITF2,14,Molise,Molise,305617,18059,5.91,0.54
3080,2021-03-22,MOL,1148,440,708,905,243,ITF,ITF2,14,Molise,Molise,305617,19207,6.28,0.38
3081,2021-05-20,MOL,2660,1370,1290,2474,186,ITF,ITF2,14,Molise,Molise,305617,21867,7.16,0.87
3082,2021-01-26,MOL,450,184,266,8,442,ITF,ITF2,14,Molise,Molise,305617,22317,7.3,0.15
3083,2021-05-06,MOL,2679,1214,1465,2081,598,ITF,ITF2,14,Molise,Molise,305617,24996,8.18,0.88
3084,2021-03-17,MOL,908,385,523,576,332,ITF,ITF2,14,Molise,Molise,305617,25904,8.48,0.3
3085,2021-06-08,MOL,2885,1593,1292,2189,696,ITF,ITF2,14,Molise,Molise,305617,28789,9.42,0.94
3086,2021-01-07,MOL,598,209,389,598,0,ITF,ITF2,14,Molise,Molise,305617,29387,9.62,0.2
3087,2021-02-12,MOL,332,150,182,208,124,ITF,ITF2,14,Molise,Molise,305617,29719,9.72,0.11
3088,2021-03-15,MOL,832,338,494,587,245,ITF,ITF2,14,Molise,Molise,305617,30551,10.0,0.27
3089,2021-05-01,MOL,2647,1268,1379,424,2223,ITF,ITF2,14,Molise,Molise,305617,33198,10.86,0.87
3090,2021-03-05,MOL,1219,649,570,1015,204,ITF,ITF2,14,Molise,Molise,305617,34417,11.26,0.4
3091,2021-06-13,MOL,2450,1328,1122,2125,325,ITF,ITF2,14,Molise,Molise,305617,36867,12.06,0.8
3092,2021-04-17,MOL,3054,1501,1553,1568,1486,ITF,ITF2,14,Molise,Molise,305617,39921,13.06,1.0
3093,2021-04-24,MOL,2551,1202,1349,710,1841,ITF,ITF2,14,Molise,Molise,305617,42472,13.9,0.83
3094,2021-02-26,MOL,563,260,303,490,73,ITF,ITF2,14,Molise,Molise,305617,43035,14.08,0.18
3095,2021-06-06,MOL,2057,1057,1000,1734,323,ITF,ITF2,14,Molise,Molise,305617,45092,14.75,0.67
3096,2021-03-19,MOL,1184,482,702,757,427,ITF,ITF2,14,Molise,Molise,305617,46276,15.14,0.39
3097,2021-01-21,MOL,6,2,4,6,0,ITF,ITF2,14,Molise,Molise,305617,46282,15.14,0.0
3098,2021-04-29,MOL,2237,1144,1093,890,1347,ITF,ITF2,14,Molise,Molise,305617,48519,15.88,0.73
3099,2021-04-12,MOL,1299,557,742,1048,251,ITF,ITF2,14,Molise,Molise,305617,49818,16.3,0.43
3100,2021-03-07,MOL,1132,501,631,1130,2,ITF,ITF2,14,Molise,Molise,305617,50950,16.67,0.37
3101,2021-06-15,MOL,1975,925,1050,631,1344,ITF,ITF2,14,Molise,Molise,305617,52925,17.32,0.65
3102,2021-06-17,MOL,2205,986,1219,932,1273,ITF,ITF2,14,Molise,Molise,305617,55130,18.04,0.72
3103,2021-04-28,MOL,1692,922,770,475,1217,ITF,ITF2,14,Molise,Molise,305617,56822,18.59,0.55
3104,2021-02-21,MOL,574,227,347,572,2,ITF,ITF2,14,Molise,Molise,305617,57396,18.78,0.19
3105,2021-02-04,MOL,758,295,463,77,681,ITF,ITF2,14,Molise,Molise,305617,58154,19.03,0.25
3106,2021-05-15,MOL,2979,1398,1581,2595,384,ITF,ITF2,14,Molise,Molise,305617,61133,20.0,0.97
3107,2021-03-31,MOL,2193,919,1274,1374,819,ITF,ITF2,14,Molise,Molise,305617,63326,20.72,0.72
3108,2021-02-23,MOL,582,223,359,363,219,ITF,ITF2,14,Molise,Molise,305617,63908,20.91,0.19
3109,2021-06-03,MOL,3290,1565,1725,2736,554,ITF,ITF2,14,Molise,Molise,305617,67198,21.99,1.08
3110,2021-04-07,MOL,1688,847,841,1413,275,ITF,ITF2,14,Molise,Molise,305617,68886,22.54,0.55
3111,2021-03-03,MOL,672,316,356,590,82,ITF,ITF2,14,Molise,Molise,305617,69558,22.76,0.22
3112,2021-01-05,MOL,449,180,269,449,0,ITF,ITF2,14,Molise,Molise,305617,70007,22.91,0.15
3113,2021-05-10,MOL,2889,1285,1604,2516,373,ITF,ITF2,14,Molise,Molise,305617,72896,23.85,0.95
3114,2021-05-03,MOL,2484,1164,1320,2321,163,ITF,ITF2,14,Molise,Molise,305617,75380,24.66,0.81
3115,2021-05-17,MOL,2228,1092,1136,1732,496,ITF,ITF2,14,Molise,Molise,305617,77608,25.39,0.73
3116,2021-05-25,MOL,1963,887,1076,1333,630,ITF,ITF2,14,Molise,Molise,305617,79571,26.04,0.64
3117,2021-01-04,MOL,314,131,183,314,0,ITF,ITF2,14,Molise,Molise,305617,79885,26.14,0.1
3118,2021-04-14,MOL,1806,767,1039,1145,661,ITF,ITF2,14,Molise,Molise,305617,81691,26.73,0.59
3119,2021-02-16,MOL,156,70,86,150,6,ITF,ITF2,14,Molise,Molise,305617,81847,26.78,0.05
3120,2021-05-27,MOL,2834,1348,1486,1998,836,ITF,ITF2,14,Molise,Molise,305617,84681,27.71,0.93
3121,2021-05-29,MOL,2344,1217,1127,1954,390,ITF,ITF2,14,Molise,Molise,305617,87025,28.48,0.77
3122,2021-01-09,MOL,450,152,298,450,0,ITF,ITF2,14,Molise,Molise,305617,87475,28.62,0.15
3123,2021-04-19,MOL,1827,842,985,1049,778,ITF,ITF2,14,Molise,Molise,305617,89302,29.22,0.6
3124,2021-03-02,MOL,667,383,284,509,158,ITF,ITF2,14,Molise,Molise,305617,89969,29.44,0.22
3125,2021-06-10,MOL,2555,1173,1382,1254,1301,ITF,ITF2,14,Molise,Molise,305617,92524,30.27,0.84
3126,2021-04-02,MOL,1453,708,745,676,777,ITF,ITF2,14,Molise,Molise,305617,93977,30.75,0.48
3127,2021-05-08,MOL,2973,1454,1519,1729,1244,ITF,ITF2,14,Molise,Molise,305617,96950,31.72,0.97
3128,2021-04-21,MOL,1863,789,1074,968,895,ITF,ITF2,14,Molise,Molise,305617,98813,32.33,0.61
3129,2021-01-28,MOL,613,217,396,17,596,ITF,ITF2,14,Molise,Molise,305617,99426,32.53,0.2
3130,2021-03-12,MOL,1459,637,822,1423,36,ITF,ITF2,14,Molise,Molise,305617,100885,33.01,0.48
3131,2021-01-14,MOL,646,239,407,646,0,ITF,ITF2,14,Molise,Molise,305617,101531,33.22,0.21
3132,2021-03-26,MOL,2575,1045,1530,1933,642,ITF,ITF2,14,Molise,Molise,305617,104106,34.06,0.84
3133,2021-02-18,MOL,319,74,245,306,13,ITF,ITF2,14,Molise,Molise,305617,104425,34.17,0.1
3134,2021-03-09,MOL,1329,579,750,1177,152,ITF,ITF2,14,Molise,Molise,305617,105754,34.6,0.43
3135,2021-02-20,MOL,1018,441,577,998,20,ITF,ITF2,14,Molise,Molise,305617,106772,34.94,0.33
3136,2021-05-31,MOL,2313,1102,1211,1924,389,ITF,ITF2,14,Molise,Molise,305617,109085,35.69,0.76
3137,2021-05-14,MOL,2644,1215,1429,1926,718,ITF,ITF2,14,Molise,Molise,305617,111729,36.56,0.87
3138,2021-02-02,MOL,539,176,363,216,323,ITF,ITF2,14,Molise,Molise,305617,112268,36.73,0.18
3139,2021-01-16,MOL,420,166,254,420,0,ITF,ITF2,14,Molise,Molise,305617,112688,36.87,0.14
3140,2021-04-26,MOL,1157,521,636,826,331,ITF,ITF2,14,Molise,Molise,305617,113845,37.25,0.38
3141,2021-04-09,MOL,2321,1249,1072,2130,191,ITF,ITF2,14,Molise,Molise,305617,116166,38.01,0.76
3142,2021-01-18,MOL,114,48,66,114,0,ITF,ITF2,14,Molise,Molise,305617,116280,38.05,0.04
3143,2021-04-11,MOL,1196,591,605,1182,14,ITF,ITF2,14,Molise,Molise,305617,117476,38.44,0.39
3144,2021-06-05,MOL,2876,1455,1421,2722,154,ITF,ITF2,14,Molise,Molise,305617,120352,39.38,0.94
3145,2021-03-04,MOL,850,417,433,526,324,ITF,ITF2,14,Molise,Molise,305617,121202,39.66,0.28
3146,2021-06-12,MOL,2953,1506,1447,2873,80,ITF,ITF2,14,Molise,Molise,305617,124155,40.62,0.97
3147,2021-06-14,MOL,1589,794,795,550,1039,ITF,ITF2,14,Molise,Molise,305617,125744,41.14,0.52
3148,2021-03-21,MOL,1246,542,704,479,767,ITF,ITF2,14,Molise,Molise,305617,126990,41.55,0.41
3149,2021-03-14,MOL,596,240,356,17,579,ITF,ITF2,14,Molise,Molise,305617,127586,41.75,0.2
3150,2021-03-28,MOL,1626,747,879,524,1102,ITF,ITF2,14,Molise,Molise,305617,129212,42.28,0.53
3151,2021-01-30,MOL,461,158,303,12,449,ITF,ITF2,14,Molise,Molise,305617,129673,42.43,0.15
3152,2021-02-09,MOL,359,170,189,197,162,ITF,ITF2,14,Molise,Molise,305617,130032,42.55,0.12
3153,2021-03-11,MOL,1465,637,828,1459,6,ITF,ITF2,14,Molise,Molise,305617,131497,43.03,0.48
3154,2021-01-06,MOL,689,260,429,689,0,ITF,ITF2,14,Molise,Molise,305617,132186,43.25,0.23
3155,2021-04-16,MOL,2430,1033,1397,1198,1232,ITF,ITF2,14,Molise,Molise,305617,134616,44.05,0.8
3156,2021-02-11,MOL,293,133,160,257,36,ITF,ITF2,14,Molise,Molise,305617,134909,44.14,0.1
3157,2021-05-22,MOL,1312,710,602,1228,84,ITF,ITF2,14,Molise,Molise,305617,136221,44.57,0.43
3158,2021-03-16,MOL,614,230,384,267,347,ITF,ITF2,14,Molise,Molise,305617,136835,44.77,0.2
3159,2021-05-26,MOL,1548,697,851,794,754,ITF,ITF2,14,Molise,Molise,305617,138383,45.28,0.51
3160,2021-03-30,MOL,2003,857,1146,1491,512,ITF,ITF2,14,Molise,Molise,305617,140386,45.94,0.66
3161,2021-02-01,MOL,562,201,361,14,548,ITF,ITF2,14,Molise,Molise,305617,140948,46.12,0.18
3162,2021-05-12,MOL,2849,1292,1557,2753,96,ITF,ITF2,14,Molise,Molise,305617,143797,47.05,0.93
3163,2021-04-06,MOL,1494,701,793,1151,343,ITF,ITF2,14,Molise,Molise,305617,145291,47.54,0.49
3164,2021-06-02,MOL,2805,1355,1450,2706,99,ITF,ITF2,14,Molise,Molise,305617,148096,48.46,0.92
3165,2021-03-25,MOL,1806,730,1076,1309,497,ITF,ITF2,14,Molise,Molise,305617,149902,49.05,0.59
3166,2021-03-08,MOL,1379,522,857,1239,140,ITF,ITF2,14,Molise,Molise,305617,151281,49.5,0.45
3167,2021-06-16,MOL,1694,860,834,924,770,ITF,ITF2,14,Molise,Molise,305617,152975,50.05,0.55
3168,2021-04-13,MOL,1630,718,912,1043,587,ITF,ITF2,14,Molise,Molise,305617,154605,50.59,0.53
3169,2021-03-27,MOL,2743,1273,1470,1310,1433,ITF,ITF2,14,Molise,Molise,305617,157348,51.49,0.9
3170,2021-04-25,MOL,792,395,397,559,233,ITF,ITF2,14,Molise,Molise,305617,158140,51.74,0.26
3171,2021-01-13,MOL,474,160,314,474,0,ITF,ITF2,14,Molise,Molise,305617,158614,51.9,0.16
3172,2021-04-23,MOL,2050,882,1168,1391,659,ITF,ITF2,14,Molise,Molise,305617,160664,52.57,0.67
3173,2021-03-13,MOL,1189,594,595,200,989,ITF,ITF2,14,Molise,Molise,305617,161853,52.96,0.39
3174,2021-01-15,MOL,538,242,296,538,0,ITF,ITF2,14,Molise,Molise,305617,162391,53.14,0.18
3175,2021-01-20,MOL,18,8,10,18,0,ITF,ITF2,14,Molise,Molise,305617,162409,53.14,0.01
3176,2021-04-30,MOL,2937,1556,1381,830,2107,ITF,ITF2,14,Molise,Molise,305617,165346,54.1,0.96
3177,2021-02-25,MOL,541,239,302,473,68,ITF,ITF2,14,Molise,Molise,305617,165887,54.28,0.18
3178,2021-01-29,MOL,421,136,285,6,415,ITF,ITF2,14,Molise,Molise,305617,166308,54.42,0.14
3179,2021-05-09,MOL,2051,932,1119,1955,96,ITF,ITF2,14,Molise,Molise,305617,168359,55.09,0.67
3180,2021-02-06,MOL,429,179,250,29,400,ITF,ITF2,14,Molise,Molise,305617,168788,55.23,0.14
3181,2021-06-04,MOL,3010,1477,1533,2568,442,ITF,ITF2,14,Molise,Molise,305617,171798,56.21,0.98
3182,2021-04-08,MOL,1766,903,863,1564,202,ITF,ITF2,14,Molise,Molise,305617,173564,56.79,0.58
3183,2021-02-08,MOL,334,141,193,216,118,ITF,ITF2,14,Molise,Molise,305617,173898,56.9,0.11
3184,2021-05-19,MOL,2340,1205,1135,1915,425,ITF,ITF2,14,Molise,Molise,305617,176238,57.67,0.77
3185,2021-03-23,MOL,1642,694,948,1435,207,ITF,ITF2,14,Molise,Molise,305617,177880,58.2,0.54
3186,2021-02-15,MOL,144,70,74,141,3,ITF,ITF2,14,Molise,Molise,305617,178024,58.25,0.05
3187,2021-01-11,MOL,557,194,363,557,0,ITF,ITF2,14,Molise,Molise,305617,178581,58.43,0.18
3188,2021-01-25,MOL,319,130,189,3,316,ITF,ITF2,14,Molise,Molise,305617,178900,58.54,0.1
3189,2021-05-05,MOL,2413,1042,1371,2272,141,ITF,ITF2,14,Molise,Molise,305617,181313,59.33,0.79
3190,2021-05-04,MOL,2705,1181,1524,2577,128,ITF,ITF2,14,Molise,Molise,305617,184018,60.21,0.89
3191,2021-01-10,MOL,270,72,198,270,0,ITF,ITF2,14,Molise,Molise,305617,184288,60.3,0.09
3192,2021-04-20,MOL,2318,1025,1293,1220,1098,ITF,ITF2,14,Molise,Molise,305617,186606,61.06,0.76
3193,2021-06-09,MOL,999,553,446,499,500,ITF,ITF2,14,Molise,Molise,305617,187605,61.39,0.33
3194,2021-05-23,MOL,1699,863,836,1694,5,ITF,ITF2,14,Molise,Molise,305617,189304,61.94,0.56
3195,2021-05-30,MOL,1828,908,920,1543,285,ITF,ITF2,14,Molise,Molise,305617,191132,62.54,0.6
3196,2021-02-03,MOL,731,249,482,338,393,ITF,ITF2,14,Molise,Molise,305617,191863,62.78,0.24
3197,2021-04-27,MOL,1593,767,826,465,1128,ITF,ITF2,14,Molise,Molise,305617,193456,63.3,0.52
3198,2021-05-16,MOL,1247,571,676,1065,182,ITF,ITF2,14,Molise,Molise,305617,194703,63.71,0.41
3199,2021-03-20,MOL,2321,968,1353,1000,1321,ITF,ITF2,14,Molise,Molise,305617,197024,64.47,0.76
3200,2021-04-22,MOL,1844,863,981,1065,779,ITF,ITF2,14,Molise,Molise,305617,198868,65.07,0.6
3201,2021-02-17,MOL,72,32,40,57,15,ITF,ITF2,14,Molise,Molise,305617,198940,65.09,0.02
3202,2021-05-28,MOL,2644,1362,1282,2097,547,ITF,ITF2,14,Molise,Molise,305617,201584,65.96,0.87
3203,2021-06-11,MOL,3299,1586,1713,2001,1298,ITF,ITF2,14,Molise,Molise,305617,204883,67.04,1.08
3204,2021-04-15,MOL,1925,793,1132,1080,845,ITF,ITF2,14,Molise,Molise,305617,206808,67.67,0.63
3205,2021-05-11,MOL,3206,1414,1792,2956,250,ITF,ITF2,14,Molise,Molise,305617,210014,68.72,1.05
3206,2021-01-22,MOL,128,36,92,128,0,ITF,ITF2,14,Molise,Molise,305617,210142,68.76,0.04
3207,2021-05-02,MOL,1893,932,961,588,1305,ITF,ITF2,14,Molise,Molise,305617,212035,69.38,0.62
3208,2021-03-06,MOL,1728,807,921,1569,159,ITF,ITF2,14,Molise,Molise,305617,213763,69.94,0.57
3209,2021-02-22,MOL,265,129,136,250,15,ITF,ITF2,14,Molise,Molise,305617,214028,70.03,0.09
3210,2020-12-27,MOL,50,20,30,50,0,ITF,ITF2,14,Molise,Molise,305617,214078,70.05,0.02
3211,2021-03-01,MOL,661,274,387,447,214,ITF,ITF2,14,Molise,Molise,305617,214739,70.26,0.22
3212,2021-04-03,MOL,1770,850,920,1735,35,ITF,ITF2,14,Molise,Molise,305617,216509,70.84,0.58
3213,2021-02-28,MOL,832,334,498,790,42,ITF,ITF2,14,Molise,Molise,305617,217341,71.12,0.27
3214,2021-02-27,MOL,1366,568,798,1347,19,ITF,ITF2,14,Molise,Molise,305617,218707,71.56,0.45
3215,2021-06-07,MOL,1947,857,1090,1128,819,ITF,ITF2,14,Molise,Molise,305617,220654,72.2,0.64
3216,2021-02-13,MOL,132,80,52,132,0,ITF,ITF2,14,Molise,Molise,305617,220786,72.24,0.04
3217,2021-05-24,MOL,1960,852,1108,1294,666,ITF,ITF2,14,Molise,Molise,305617,222746,72.88,0.64
3218,2021-05-07,MOL,2642,1227,1415,2045,597,ITF,ITF2,14,Molise,Molise,305617,225388,73.75,0.86
3219,2021-04-18,MOL,1083,483,600,149,934,ITF,ITF2,14,Molise,Molise,305617,226471,74.1,0.35
3220,2021-04-04,MOL,253,141,112,238,15,ITF,ITF2,14,Molise,Molise,305617,226724,74.19,0.08
3221,2021-03-18,MOL,1156,476,680,692,464,ITF,ITF2,14,Molise,Molise,305617,227880,74.56,0.38
3222,2021-02-10,MOL,151,79,72,131,20,ITF,ITF2,14,Molise,Molise,305617,228031,74.61,0.05
3223,2021-05-21,MOL,2096,1050,1046,1774,322,ITF,ITF2,14,Molise,Molise,305617,230127,75.3,0.69
3224,2021-01-27,MOL,674,251,423,8,666,ITF,ITF2,14,Molise,Molise,305617,230801,75.52,0.22
3225,2021-01-08,MOL,429,141,288,429,0,ITF,ITF2,14,Molise,Molise,305617,231230,75.66,0.14
3226,2021-04-01,MOL,1469,667,802,743,726,ITF,ITF2,14,Molise,Molise,305617,232699,76.14,0.48
3227,2021-01-22,BAS,67,24,43,67,0,ITF,ITF5,17,Basilicata,Basilicata,559084,67,0.01,0.01
3228,2021-05-02,BAS,4179,2000,2179,3551,628,ITF,ITF5,17,Basilicata,Basilicata,559084,4246,0.76,0.75
3229,2021-04-15,BAS,3386,1659,1727,2632,754,ITF,ITF5,17,Basilicata,Basilicata,559084,7632,1.37,0.61
3230,2021-01-03,BAS,901,344,557,901,0,ITF,ITF5,17,Basilicata,Basilicata,559084,8533,1.53,0.16
3231,2021-06-04,BAS,4829,2286,2543,3783,1046,ITF,ITF5,17,Basilicata,Basilicata,559084,13362,2.39,0.86
3232,2021-02-24,BAS,1803,743,1060,1734,69,ITF,ITF5,17,Basilicata,Basilicata,559084,15165,2.71,0.32
3233,2021-02-22,BAS,1790,773,1017,1737,53,ITF,ITF5,17,Basilicata,Basilicata,559084,16955,3.03,0.32
3234,2021-05-30,BAS,2773,1419,1354,922,1851,ITF,ITF5,17,Basilicata,Basilicata,559084,19728,3.53,0.5
3235,2021-04-03,BAS,1807,748,1059,1472,335,ITF,ITF5,17,Basilicata,Basilicata,559084,21535,3.85,0.32
3236,2021-02-05,BAS,986,443,543,64,922,ITF,ITF5,17,Basilicata,Basilicata,559084,22521,4.03,0.18
3237,2021-05-16,BAS,4972,2468,2504,2859,2113,ITF,ITF5,17,Basilicata,Basilicata,559084,27493,4.92,0.89
3238,2021-01-10,BAS,77,24,53,77,0,ITF,ITF5,17,Basilicata,Basilicata,559084,27570,4.93,0.01
3239,2021-04-20,BAS,4033,1920,2113,2202,1831,ITF,ITF5,17,Basilicata,Basilicata,559084,31603,5.65,0.72
3240,2021-01-08,BAS,554,219,335,554,0,ITF,ITF5,17,Basilicata,Basilicata,559084,32157,5.75,0.1
3241,2021-03-15,BAS,2356,983,1373,524,1832,ITF,ITF5,17,Basilicata,Basilicata,559084,34513,6.17,0.42
3242,2021-01-17,BAS,328,133,195,327,1,ITF,ITF5,17,Basilicata,Basilicata,559084,34841,6.23,0.06
3243,2021-04-27,BAS,4728,2243,2485,4403,325,ITF,ITF5,17,Basilicata,Basilicata,559084,39569,7.08,0.85
3244,2021-05-04,BAS,4137,1991,2146,3614,523,ITF,ITF5,17,Basilicata,Basilicata,559084,43706,7.82,0.74
3245,2021-03-08,BAS,1458,711,747,845,613,ITF,ITF5,17,Basilicata,Basilicata,559084,45164,8.08,0.26
3246,2021-06-16,BAS,4567,2076,2491,2129,2438,ITF,ITF5,17,Basilicata,Basilicata,559084,49731,8.9,0.82
3247,2021-06-09,BAS,4423,2072,2351,3999,424,ITF,ITF5,17,Basilicata,Basilicata,559084,54154,9.69,0.79
3248,2021-04-13,BAS,2113,1051,1062,1295,818,ITF,ITF5,17,Basilicata,Basilicata,559084,56267,10.06,0.38
3249,2021-03-01,BAS,548,284,264,382,166,ITF,ITF5,17,Basilicata,Basilicata,559084,56815,10.16,0.1
3250,2021-01-15,BAS,813,350,463,813,0,ITF,ITF5,17,Basilicata,Basilicata,559084,57628,10.31,0.15
3251,2020-12-27,BAS,106,41,65,106,0,ITF,ITF5,17,Basilicata,Basilicata,559084,57734,10.33,0.02
3252,2021-03-20,BAS,1293,572,721,280,1013,ITF,ITF5,17,Basilicata,Basilicata,559084,59027,10.56,0.23
3253,2021-03-06,BAS,1356,536,820,759,597,ITF,ITF5,17,Basilicata,Basilicata,559084,60383,10.8,0.24
3254,2021-05-09,BAS,4685,2340,2345,2990,1695,ITF,ITF5,17,Basilicata,Basilicata,559084,65068,11.64,0.84
3255,2021-02-15,BAS,622,232,390,580,42,ITF,ITF5,17,Basilicata,Basilicata,559084,65690,11.75,0.11
3256,2021-01-29,BAS,616,231,385,63,553,ITF,ITF5,17,Basilicata,Basilicata,559084,66306,11.86,0.11
3257,2021-04-08,BAS,764,348,416,754,10,ITF,ITF5,17,Basilicata,Basilicata,559084,67070,12.0,0.14
3258,2021-04-22,BAS,5036,2346,2690,3433,1603,ITF,ITF5,17,Basilicata,Basilicata,559084,72106,12.9,0.9
3259,2021-02-17,BAS,1135,493,642,1059,76,ITF,ITF5,17,Basilicata,Basilicata,559084,73241,13.1,0.2
3260,2021-05-28,BAS,3612,1807,1805,949,2663,ITF,ITF5,17,Basilicata,Basilicata,559084,76853,13.75,0.65
3261,2021-06-11,BAS,4224,1975,2249,3195,1029,ITF,ITF5,17,Basilicata,Basilicata,559084,81077,14.5,0.76
3262,2021-03-25,BAS,1884,604,1280,1539,345,ITF,ITF5,17,Basilicata,Basilicata,559084,82961,14.84,0.34
3263,2021-01-27,BAS,411,175,236,113,298,ITF,ITF5,17,Basilicata,Basilicata,559084,83372,14.91,0.07
3264,2021-02-10,BAS,548,238,310,496,52,ITF,ITF5,17,Basilicata,Basilicata,559084,83920,15.01,0.1
3265,2021-05-21,BAS,4574,2320,2254,1491,3083,ITF,ITF5,17,Basilicata,Basilicata,559084,88494,15.83,0.82
3266,2021-04-01,BAS,2726,1108,1618,2006,720,ITF,ITF5,17,Basilicata,Basilicata,559084,91220,16.32,0.49
3267,2021-02-03,BAS,669,301,368,32,637,ITF,ITF5,17,Basilicata,Basilicata,559084,91889,16.44,0.12
3268,2021-06-01,BAS,6135,2925,3210,3059,3076,ITF,ITF5,17,Basilicata,Basilicata,559084,98024,17.53,1.1
3269,2021-04-17,BAS,3461,1655,1806,2199,1262,ITF,ITF5,17,Basilicata,Basilicata,559084,101485,18.15,0.62
3270,2021-03-29,BAS,2434,880,1554,2147,287,ITF,ITF5,17,Basilicata,Basilicata,559084,103919,18.59,0.44
3271,2021-01-05,BAS,946,409,537,946,0,ITF,ITF5,17,Basilicata,Basilicata,559084,104865,18.76,0.17
3272,2021-03-13,BAS,1798,890,908,753,1045,ITF,ITF5,17,Basilicata,Basilicata,559084,106663,19.08,0.32
3273,2021-02-07,BAS,374,159,215,49,325,ITF,ITF5,17,Basilicata,Basilicata,559084,107037,19.15,0.07
3274,2021-05-18,BAS,5896,2855,3041,3403,2493,ITF,ITF5,17,Basilicata,Basilicata,559084,112933,20.2,1.05
3275,2021-05-01,BAS,4703,2136,2567,3952,751,ITF,ITF5,17,Basilicata,Basilicata,559084,117636,21.04,0.84
3276,2021-02-26,BAS,2149,904,1245,2069,80,ITF,ITF5,17,Basilicata,Basilicata,559084,119785,21.43,0.38
3277,2021-04-29,BAS,4831,2385,2446,4410,421,ITF,ITF5,17,Basilicata,Basilicata,559084,124616,22.29,0.86
3278,2021-03-17,BAS,1453,609,844,28,1425,ITF,ITF5,17,Basilicata,Basilicata,559084,126069,22.55,0.26
3279,2021-01-19,BAS,199,84,115,199,0,ITF,ITF5,17,Basilicata,Basilicata,559084,126268,22.58,0.04
3280,2021-05-23,BAS,4517,2302,2215,1533,2984,ITF,ITF5,17,Basilicata,Basilicata,559084,130785,23.39,0.81
3281,2021-03-27,BAS,2241,858,1383,1818,423,ITF,ITF5,17,Basilicata,Basilicata,559084,133026,23.79,0.4
3282,2021-01-07,BAS,640,319,321,640,0,ITF,ITF5,17,Basilicata,Basilicata,559084,133666,23.91,0.11
3283,2021-02-19,BAS,1623,738,885,1561,62,ITF,ITF5,17,Basilicata,Basilicata,559084,135289,24.2,0.29
3284,2021-01-24,BAS,837,300,537,58,779,ITF,ITF5,17,Basilicata,Basilicata,559084,136126,24.35,0.15
3285,2021-05-13,BAS,5988,2967,3021,3391,2597,ITF,ITF5,17,Basilicata,Basilicata,559084,142114,25.42,1.07
3286,2021-05-08,BAS,4835,2399,2436,3429,1406,ITF,ITF5,17,Basilicata,Basilicata,559084,146949,26.28,0.86
3287,2021-03-05,BAS,1855,857,998,1109,746,ITF,ITF5,17,Basilicata,Basilicata,559084,148804,26.62,0.33
3288,2021-06-13,BAS,3013,1439,1574,2704,309,ITF,ITF5,17,Basilicata,Basilicata,559084,151817,27.15,0.54
3289,2021-05-27,BAS,3604,1856,1748,1072,2532,ITF,ITF5,17,Basilicata,Basilicata,559084,155421,27.8,0.64
3290,2021-04-24,BAS,4544,2197,2347,3531,1013,ITF,ITF5,17,Basilicata,Basilicata,559084,159965,28.61,0.81
3291,2021-05-11,BAS,2653,1352,1301,1620,1033,ITF,ITF5,17,Basilicata,Basilicata,559084,162618,29.09,0.47
3292,2021-04-05,BAS,723,233,490,421,302,ITF,ITF5,17,Basilicata,Basilicata,559084,163341,29.22,0.13
3293,2021-03-22,BAS,1187,535,652,639,548,ITF,ITF5,17,Basilicata,Basilicata,559084,164528,29.43,0.21
3294,2021-03-03,BAS,1746,816,930,1187,559,ITF,ITF5,17,Basilicata,Basilicata,559084,166274,29.74,0.31
3295,2021-05-25,BAS,4356,2187,2169,1006,3350,ITF,ITF5,17,Basilicata,Basilicata,559084,170630,30.52,0.78
3296,2021-02-14,BAS,151,48,103,151,0,ITF,ITF5,17,Basilicata,Basilicata,559084,170781,30.55,0.03
3297,2021-06-08,BAS,4577,2187,2390,4220,357,ITF,ITF5,17,Basilicata,Basilicata,559084,175358,31.37,0.82
3298,2021-04-12,BAS,2169,1050,1119,1679,490,ITF,ITF5,17,Basilicata,Basilicata,559084,177527,31.75,0.39
3299,2021-03-14,BAS,1010,477,533,541,469,ITF,ITF5,17,Basilicata,Basilicata,559084,178537,31.93,0.18
3300,2021-03-31,BAS,3095,1258,1837,2313,782,ITF,ITF5,17,Basilicata,Basilicata,559084,181632,32.49,0.55
3301,2021-06-05,BAS,4796,2206,2590,3853,943,ITF,ITF5,17,Basilicata,Basilicata,559084,186428,33.35,0.86
3302,2021-02-23,BAS,1901,771,1130,1763,138,ITF,ITF5,17,Basilicata,Basilicata,559084,188329,33.69,0.34
3303,2021-05-20,BAS,5855,2964,2891,2890,2965,ITF,ITF5,17,Basilicata,Basilicata,559084,194184,34.73,1.05
3304,2021-06-06,BAS,4500,2068,2432,3722,778,ITF,ITF5,17,Basilicata,Basilicata,559084,198684,35.54,0.8
3305,2021-04-14,BAS,2042,998,1044,1368,674,ITF,ITF5,17,Basilicata,Basilicata,559084,200726,35.9,0.37
3306,2021-01-21,BAS,30,10,20,30,0,ITF,ITF5,17,Basilicata,Basilicata,559084,200756,35.91,0.01
3307,2021-01-04,BAS,607,271,336,607,0,ITF,ITF5,17,Basilicata,Basilicata,559084,201363,36.02,0.11
3308,2021-03-24,BAS,1880,721,1159,1482,398,ITF,ITF5,17,Basilicata,Basilicata,559084,203243,36.35,0.34
3309,2021-02-11,BAS,952,401,551,869,83,ITF,ITF5,17,Basilicata,Basilicata,559084,204195,36.52,0.17
3310,2021-05-22,BAS,5488,2723,2765,1937,3551,ITF,ITF5,17,Basilicata,Basilicata,559084,209683,37.5,0.98
3311,2021-03-26,BAS,1957,704,1253,1696,261,ITF,ITF5,17,Basilicata,Basilicata,559084,211640,37.85,0.35
3312,2021-02-12,BAS,775,332,443,744,31,ITF,ITF5,17,Basilicata,Basilicata,559084,212415,37.99,0.14
3313,2021-04-10,BAS,1032,378,654,949,83,ITF,ITF5,17,Basilicata,Basilicata,559084,213447,38.18,0.18
3314,2021-04-28,BAS,4704,2158,2546,4263,441,ITF,ITF5,17,Basilicata,Basilicata,559084,218151,39.02,0.84
3315,2021-03-02,BAS,797,384,413,661,136,ITF,ITF5,17,Basilicata,Basilicata,559084,218948,39.16,0.14
3316,2021-06-10,BAS,4340,2099,2241,3899,441,ITF,ITF5,17,Basilicata,Basilicata,559084,223288,39.94,0.78
3317,2021-03-10,BAS,1680,842,838,841,839,ITF,ITF5,17,Basilicata,Basilicata,559084,224968,40.24,0.3
3318,2021-01-26,BAS,798,352,446,101,697,ITF,ITF5,17,Basilicata,Basilicata,559084,225766,40.38,0.14
3319,2021-05-06,BAS,5052,2435,2617,3483,1569,ITF,ITF5,17,Basilicata,Basilicata,559084,230818,41.29,0.9
3320,2021-05-15,BAS,6527,3342,3185,3955,2572,ITF,ITF5,17,Basilicata,Basilicata,559084,237345,42.45,1.17
3321,2021-04-02,BAS,2317,1046,1271,1713,604,ITF,ITF5,17,Basilicata,Basilicata,559084,239662,42.87,0.41
3322,2021-02-04,BAS,1096,442,654,63,1033,ITF,ITF5,17,Basilicata,Basilicata,559084,240758,43.06,0.2
3323,2021-02-02,BAS,367,143,224,175,192,ITF,ITF5,17,Basilicata,Basilicata,559084,241125,43.13,0.07
3324,2021-04-09,BAS,1151,350,801,1088,63,ITF,ITF5,17,Basilicata,Basilicata,559084,242276,43.33,0.21
3325,2021-01-31,BAS,77,24,53,0,77,ITF,ITF5,17,Basilicata,Basilicata,559084,242353,43.35,0.01
3326,2021-01-12,BAS,217,88,129,217,0,ITF,ITF5,17,Basilicata,Basilicata,559084,242570,43.39,0.04
3327,2021-05-10,BAS,4805,2383,2422,2763,2042,ITF,ITF5,17,Basilicata,Basilicata,559084,247375,44.25,0.86
3328,2021-04-19,BAS,4166,1913,2253,2528,1638,ITF,ITF5,17,Basilicata,Basilicata,559084,251541,44.99,0.75
3329,2021-06-15,BAS,3207,1406,1801,2230,977,ITF,ITF5,17,Basilicata,Basilicata,559084,254748,45.57,0.57
3330,2021-02-28,BAS,804,343,461,775,29,ITF,ITF5,17,Basilicata,Basilicata,559084,255552,45.71,0.14
3331,2021-01-02,BAS,949,380,569,949,0,ITF,ITF5,17,Basilicata,Basilicata,559084,256501,45.88,0.17
3332,2021-01-16,BAS,722,304,418,722,0,ITF,ITF5,17,Basilicata,Basilicata,559084,257223,46.01,0.13
3333,2021-04-26,BAS,4465,2164,2301,4245,220,ITF,ITF5,17,Basilicata,Basilicata,559084,261688,46.81,0.8
3334,2021-06-03,BAS,4918,2255,2663,3737,1181,ITF,ITF5,17,Basilicata,Basilicata,559084,266606,47.69,0.88
3335,2021-03-12,BAS,1905,980,925,805,1100,ITF,ITF5,17,Basilicata,Basilicata,559084,268511,48.03,0.34
3336,2021-05-17,BAS,5539,2733,2806,3405,2134,ITF,ITF5,17,Basilicata,Basilicata,559084,274050,49.02,0.99
3337,2021-02-08,BAS,557,193,364,151,406,ITF,ITF5,17,Basilicata,Basilicata,559084,274607,49.12,0.1
3338,2021-05-19,BAS,2869,1497,1372,1193,1676,ITF,ITF5,17,Basilicata,Basilicata,559084,277476,49.63,0.51
3339,2021-02-25,BAS,1787,736,1051,1741,46,ITF,ITF5,17,Basilicata,Basilicata,559084,279263,49.95,0.32
3340,2021-01-23,BAS,719,303,416,33,686,ITF,ITF5,17,Basilicata,Basilicata,559084,279982,50.08,0.13
3341,2021-05-03,BAS,4514,2043,2471,3687,827,ITF,ITF5,17,Basilicata,Basilicata,559084,284496,50.89,0.81
3342,2021-02-09,BAS,491,213,278,316,175,ITF,ITF5,17,Basilicata,Basilicata,559084,284987,50.97,0.09
3343,2021-03-28,BAS,2144,743,1401,2127,17,ITF,ITF5,17,Basilicata,Basilicata,559084,287131,51.36,0.38
3344,2021-03-11,BAS,1794,928,866,835,959,ITF,ITF5,17,Basilicata,Basilicata,559084,288925,51.68,0.32
3345,2021-02-27,BAS,1993,861,1132,1829,164,ITF,ITF5,17,Basilicata,Basilicata,559084,290918,52.03,0.36
3346,2021-06-07,BAS,4220,1912,2308,3904,316,ITF,ITF5,17,Basilicata,Basilicata,559084,295138,52.79,0.75
3347,2021-04-11,BAS,848,330,518,785,63,ITF,ITF5,17,Basilicata,Basilicata,559084,295986,52.94,0.15
3348,2021-02-13,BAS,799,313,486,738,61,ITF,ITF5,17,Basilicata,Basilicata,559084,296785,53.08,0.14
3349,2021-05-24,BAS,4872,2371,2501,1142,3730,ITF,ITF5,17,Basilicata,Basilicata,559084,301657,53.96,0.87
3350,2021-06-02,BAS,5959,2804,3155,4416,1543,ITF,ITF5,17,Basilicata,Basilicata,559084,307616,55.02,1.07
3351,2021-06-17,BAS,4400,2029,2371,2094,2306,ITF,ITF5,17,Basilicata,Basilicata,559084,312016,55.81,0.79
3352,2021-04-21,BAS,3922,1835,2087,2272,1650,ITF,ITF5,17,Basilicata,Basilicata,559084,315938,56.51,0.7
3353,2021-01-18,BAS,463,157,306,364,99,ITF,ITF5,17,Basilicata,Basilicata,559084,316401,56.59,0.08
3354,2021-03-16,BAS,1905,801,1104,229,1676,ITF,ITF5,17,Basilicata,Basilicata,559084,318306,56.93,0.34
3355,2021-02-21,BAS,284,113,171,284,0,ITF,ITF5,17,Basilicata,Basilicata,559084,318590,56.98,0.05
3356,2021-03-07,BAS,889,309,580,851,38,ITF,ITF5,17,Basilicata,Basilicata,559084,319479,57.14,0.16
3357,2021-01-09,BAS,557,160,397,557,0,ITF,ITF5,17,Basilicata,Basilicata,559084,320036,57.24,0.1
3358,2021-05-07,BAS,4649,2284,2365,3295,1354,ITF,ITF5,17,Basilicata,Basilicata,559084,324685,58.07,0.83
3359,2021-03-21,BAS,1053,485,568,359,694,ITF,ITF5,17,Basilicata,Basilicata,559084,325738,58.26,0.19
3360,2021-05-29,BAS,3059,1534,1525,834,2225,ITF,ITF5,17,Basilicata,Basilicata,559084,328797,58.81,0.55
3361,2021-01-13,BAS,916,387,529,916,0,ITF,ITF5,17,Basilicata,Basilicata,559084,329713,58.97,0.16
3362,2021-04-23,BAS,4536,2185,2351,3536,1000,ITF,ITF5,17,Basilicata,Basilicata,559084,334249,59.79,0.81
3363,2021-01-30,BAS,705,228,477,129,576,ITF,ITF5,17,Basilicata,Basilicata,559084,334954,59.91,0.13
3364,2021-03-30,BAS,2740,1157,1583,2395,345,ITF,ITF5,17,Basilicata,Basilicata,559084,337694,60.4,0.49
3365,2021-01-06,BAS,294,129,165,294,0,ITF,ITF5,17,Basilicata,Basilicata,559084,337988,60.45,0.05
3366,2021-04-16,BAS,3319,1632,1687,2421,898,ITF,ITF5,17,Basilicata,Basilicata,559084,341307,61.05,0.59
3367,2021-02-06,BAS,903,367,536,146,757,ITF,ITF5,17,Basilicata,Basilicata,559084,342210,61.21,0.16
3368,2021-04-30,BAS,5284,2373,2911,4122,1162,ITF,ITF5,17,Basilicata,Basilicata,559084,347494,62.15,0.95
3369,2021-01-20,BAS,84,22,62,84,0,ITF,ITF5,17,Basilicata,Basilicata,559084,347578,62.17,0.02
3370,2021-04-04,BAS,610,225,385,197,413,ITF,ITF5,17,Basilicata,Basilicata,559084,348188,62.28,0.11
3371,2021-05-05,BAS,4334,2048,2286,3444,890,ITF,ITF5,17,Basilicata,Basilicata,559084,352522,63.05,0.78
3372,2021-03-09,BAS,1400,713,687,794,606,ITF,ITF5,17,Basilicata,Basilicata,559084,353922,63.3,0.25
3373,2021-01-25,BAS,1023,429,594,74,949,ITF,ITF5,17,Basilicata,Basilicata,559084,354945,63.49,0.18
3374,2021-01-11,BAS,183,66,117,183,0,ITF,ITF5,17,Basilicata,Basilicata,559084,355128,63.52,0.03
3375,2021-04-18,BAS,3719,1846,1873,2352,1367,ITF,ITF5,17,Basilicata,Basilicata,559084,358847,64.18,0.67
3376,2021-02-20,BAS,1163,532,631,1044,119,ITF,ITF5,17,Basilicata,Basilicata,559084,360010,64.39,0.21
3377,2021-05-31,BAS,4228,2009,2219,1721,2507,ITF,ITF5,17,Basilicata,Basilicata,559084,364238,65.15,0.76
3378,2021-02-18,BAS,1070,401,669,855,215,ITF,ITF5,17,Basilicata,Basilicata,559084,365308,65.34,0.19
3379,2021-05-14,BAS,5907,2798,3109,3374,2533,ITF,ITF5,17,Basilicata,Basilicata,559084,371215,66.4,1.06
3380,2021-03-18,BAS,1350,564,786,25,1325,ITF,ITF5,17,Basilicata,Basilicata,559084,372565,66.64,0.24
3381,2021-03-04,BAS,1881,892,989,1085,796,ITF,ITF5,17,Basilicata,Basilicata,559084,374446,66.97,0.34
3382,2021-06-12,BAS,3675,1687,1988,2989,686,ITF,ITF5,17,Basilicata,Basilicata,559084,378121,67.63,0.66
3383,2021-03-19,BAS,2292,994,1298,264,2028,ITF,ITF5,17,Basilicata,Basilicata,559084,380413,68.04,0.41
3384,2021-02-16,BAS,906,377,529,808,98,ITF,ITF5,17,Basilicata,Basilicata,559084,381319,68.2,0.16
3385,2021-01-28,BAS,904,402,502,119,785,ITF,ITF5,17,Basilicata,Basilicata,559084,382223,68.37,0.16
3386,2021-01-14,BAS,969,413,556,969,0,ITF,ITF5,17,Basilicata,Basilicata,559084,383192,68.54,0.17
3387,2021-04-07,BAS,1211,550,661,1173,38,ITF,ITF5,17,Basilicata,Basilicata,559084,384403,68.76,0.22
3388,2021-04-25,BAS,2985,1457,1528,2933,52,ITF,ITF5,17,Basilicata,Basilicata,559084,387388,69.29,0.53
3389,2021-05-12,BAS,4728,2330,2398,2845,1883,ITF,ITF5,17,Basilicata,Basilicata,559084,392116,70.14,0.85
3390,2021-04-06,BAS,1267,461,806,1082,185,ITF,ITF5,17,Basilicata,Basilicata,559084,393383,70.36,0.23
3391,2021-06-14,BAS,4816,2152,2664,2105,2711,ITF,ITF5,17,Basilicata,Basilicata,559084,398199,71.22,0.86
3392,2021-03-23,BAS,1592,611,981,1422,170,ITF,ITF5,17,Basilicata,Basilicata,559084,399791,71.51,0.28
3393,2021-02-01,BAS,242,91,151,46,196,ITF,ITF5,17,Basilicata,Basilicata,559084,400033,71.55,0.04
3394,2021-05-26,BAS,4489,2260,2229,1707,2782,ITF,ITF5,17,Basilicata,Basilicata,559084,404522,72.35,0.8
3395,2021-01-01,UMB,274,105,169,274,0,ITI,ITI2,10,Umbria,Umbria,882015,274,0.03,0.03
3396,2021-04-11,UMB,3102,1503,1599,3053,49,ITI,ITI2,10,Umbria,Umbria,882015,3376,0.38,0.35
3397,2021-01-18,UMB,614,219,395,529,85,ITI,ITI2,10,Umbria,Umbria,882015,3990,0.45,0.07
3398,2021-06-02,UMB,3944,1895,2049,3904,40,ITI,ITI2,10,Umbria,Umbria,882015,7934,0.9,0.45
3399,2021-02-20,UMB,282,100,182,258,24,ITI,ITI2,10,Umbria,Umbria,882015,8216,0.93,0.03
3400,2021-03-09,UMB,4092,2003,2089,2801,1291,ITI,ITI2,10,Umbria,Umbria,882015,12308,1.4,0.46
3401,2021-05-31,UMB,5803,2837,2966,4920,883,ITI,ITI2,10,Umbria,Umbria,882015,18111,2.05,0.66
3402,2021-05-14,UMB,5284,2463,2821,3469,1815,ITI,ITI2,10,Umbria,Umbria,882015,23395,2.65,0.6
3403,2021-06-14,UMB,5363,2743,2620,3363,2000,ITI,ITI2,10,Umbria,Umbria,882015,28758,3.26,0.61
3404,2021-04-06,UMB,5293,2170,3123,2904,2389,ITI,ITI2,10,Umbria,Umbria,882015,34051,3.86,0.6
3405,2021-03-28,UMB,1096,442,654,1072,24,ITI,ITI2,10,Umbria,Umbria,882015,35147,3.98,0.12
3406,2021-01-30,UMB,1590,490,1100,44,1546,ITI,ITI2,10,Umbria,Umbria,882015,36737,4.17,0.18
3407,2021-05-12,UMB,6492,3024,3468,4347,2145,ITI,ITI2,10,Umbria,Umbria,882015,43229,4.9,0.74
3408,2021-03-23,UMB,3797,1685,2112,2168,1629,ITI,ITI2,10,Umbria,Umbria,882015,47026,5.33,0.43
3409,2021-02-08,UMB,637,203,434,88,549,ITI,ITI2,10,Umbria,Umbria,882015,47663,5.4,0.07
3410,2021-05-19,UMB,9419,4211,5208,5672,3747,ITI,ITI2,10,Umbria,Umbria,882015,57082,6.47,1.07
3411,2021-02-06,UMB,396,138,258,34,362,ITI,ITI2,10,Umbria,Umbria,882015,57478,6.52,0.04
3412,2021-02-13,UMB,115,28,87,112,3,ITI,ITI2,10,Umbria,Umbria,882015,57593,6.53,0.01
3413,2021-05-24,UMB,9046,4507,4539,8169,877,ITI,ITI2,10,Umbria,Umbria,882015,66639,7.56,1.03
3414,2021-04-18,UMB,1530,680,850,600,930,ITI,ITI2,10,Umbria,Umbria,882015,68169,7.73,0.17
3415,2021-01-11,UMB,1315,346,969,1315,0,ITI,ITI2,10,Umbria,Umbria,882015,69484,7.88,0.15
3416,2021-05-05,UMB,7202,3294,3908,3901,3301,ITI,ITI2,10,Umbria,Umbria,882015,76686,8.69,0.82
3417,2021-01-25,UMB,648,323,325,5,643,ITI,ITI2,10,Umbria,Umbria,882015,77334,8.77,0.07
3418,2021-04-04,UMB,59,20,39,23,36,ITI,ITI2,10,Umbria,Umbria,882015,77393,8.77,0.01
3419,2021-06-07,UMB,6907,3396,3511,6218,689,ITI,ITI2,10,Umbria,Umbria,882015,84300,9.56,0.78
3420,2021-03-16,UMB,3539,1454,2085,1912,1627,ITI,ITI2,10,Umbria,Umbria,882015,87839,9.96,0.4
3421,2021-02-27,UMB,1658,354,1304,1642,16,ITI,ITI2,10,Umbria,Umbria,882015,89497,10.15,0.19
3422,2021-05-07,UMB,10126,4706,5420,6914,3212,ITI,ITI2,10,Umbria,Umbria,882015,99623,11.29,1.15
3423,2021-03-18,UMB,2943,1164,1779,1705,1238,ITI,ITI2,10,Umbria,Umbria,882015,102566,11.63,0.33
3424,2021-04-23,UMB,6614,2788,3826,3493,3121,ITI,ITI2,10,Umbria,Umbria,882015,109180,12.38,0.75
3425,2021-02-25,UMB,1336,497,839,1284,52,ITI,ITI2,10,Umbria,Umbria,882015,110516,12.53,0.15
3426,2021-03-11,UMB,3595,1726,1869,2589,1006,ITI,ITI2,10,Umbria,Umbria,882015,114111,12.94,0.41
3427,2021-01-13,UMB,450,139,311,450,0,ITI,ITI2,10,Umbria,Umbria,882015,114561,12.99,0.05
3428,2021-01-06,UMB,846,325,521,846,0,ITI,ITI2,10,Umbria,Umbria,882015,115407,13.08,0.1
3429,2021-06-12,UMB,7686,3677,4009,6122,1564,ITI,ITI2,10,Umbria,Umbria,882015,123093,13.96,0.87
3430,2021-04-16,UMB,8113,3748,4365,6275,1838,ITI,ITI2,10,Umbria,Umbria,882015,131206,14.88,0.92
3431,2021-04-30,UMB,6255,2973,3282,2866,3389,ITI,ITI2,10,Umbria,Umbria,882015,137461,15.58,0.71
3432,2021-03-04,UMB,4487,1855,2632,3659,828,ITI,ITI2,10,Umbria,Umbria,882015,141948,16.09,0.51
3433,2021-01-20,UMB,613,222,391,613,0,ITI,ITI2,10,Umbria,Umbria,882015,142561,16.16,0.07
3434,2021-05-30,UMB,5981,2998,2983,5780,201,ITI,ITI2,10,Umbria,Umbria,882015,148542,16.84,0.68
3435,2021-03-08,UMB,3702,1829,1873,2339,1363,ITI,ITI2,10,Umbria,Umbria,882015,152244,17.26,0.42
3436,2021-06-16,UMB,6282,3077,3205,3215,3067,ITI,ITI2,10,Umbria,Umbria,882015,158526,17.97,0.71
3437,2021-03-25,UMB,3904,1699,2205,2840,1064,ITI,ITI2,10,Umbria,Umbria,882015,162430,18.42,0.44
3438,2021-03-27,UMB,4253,1512,2741,3913,340,ITI,ITI2,10,Umbria,Umbria,882015,166683,18.9,0.48
3439,2021-02-01,UMB,1285,342,943,48,1237,ITI,ITI2,10,Umbria,Umbria,882015,167968,19.04,0.15
3440,2021-02-18,UMB,1496,582,914,1030,466,ITI,ITI2,10,Umbria,Umbria,882015,169464,19.21,0.17
3441,2021-05-16,UMB,5319,2536,2783,5267,52,ITI,ITI2,10,Umbria,Umbria,882015,174783,19.82,0.6
3442,2021-04-27,UMB,5668,2404,3264,3090,2578,ITI,ITI2,10,Umbria,Umbria,882015,180451,20.46,0.64
3443,2021-02-03,UMB,725,174,551,67,658,ITI,ITI2,10,Umbria,Umbria,882015,181176,20.54,0.08
3444,2021-03-30,UMB,3970,1725,2245,2438,1532,ITI,ITI2,10,Umbria,Umbria,882015,185146,20.99,0.45
3445,2020-12-27,UMB,86,45,41,86,0,ITI,ITI2,10,Umbria,Umbria,882015,185232,21.0,0.01
3446,2021-02-22,UMB,1889,807,1082,1803,86,ITI,ITI2,10,Umbria,Umbria,882015,187121,21.22,0.21
3447,2021-06-11,UMB,6896,3461,3435,6131,765,ITI,ITI2,10,Umbria,Umbria,882015,194017,22.0,0.78
3448,2021-04-25,UMB,4364,1685,2679,4282,82,ITI,ITI2,10,Umbria,Umbria,882015,198381,22.49,0.49
3449,2021-03-06,UMB,4317,1154,3163,4174,143,ITI,ITI2,10,Umbria,Umbria,882015,202698,22.98,0.49
3450,2021-01-22,UMB,276,105,171,32,244,ITI,ITI2,10,Umbria,Umbria,882015,202974,23.01,0.03
3451,2021-05-02,UMB,3787,1868,1919,1333,2454,ITI,ITI2,10,Umbria,Umbria,882015,206761,23.44,0.43
3452,2021-03-20,UMB,2308,842,1466,2283,25,ITI,ITI2,10,Umbria,Umbria,882015,209069,23.7,0.26
3453,2021-05-26,UMB,9646,4567,5079,8393,1253,ITI,ITI2,10,Umbria,Umbria,882015,218715,24.8,1.09
3454,2021-05-28,UMB,9569,4426,5143,7278,2291,ITI,ITI2,10,Umbria,Umbria,882015,228284,25.88,1.08
3455,2021-04-15,UMB,7634,3486,4148,5747,1887,ITI,ITI2,10,Umbria,Umbria,882015,235918,26.75,0.87
3456,2021-02-17,UMB,1618,748,870,1267,351,ITI,ITI2,10,Umbria,Umbria,882015,237536,26.93,0.18
3457,2021-04-13,UMB,7687,3403,4284,6017,1670,ITI,ITI2,10,Umbria,Umbria,882015,245223,27.8,0.87
3458,2021-02-15,UMB,1368,692,676,1367,1,ITI,ITI2,10,Umbria,Umbria,882015,246591,27.96,0.16
3459,2021-01-03,UMB,270,112,158,270,0,ITI,ITI2,10,Umbria,Umbria,882015,246861,27.99,0.03
3460,2021-04-03,UMB,2112,717,1395,1059,1053,ITI,ITI2,10,Umbria,Umbria,882015,248973,28.23,0.24
3461,2021-01-08,UMB,1190,345,845,1190,0,ITI,ITI2,10,Umbria,Umbria,882015,250163,28.36,0.13
3462,2021-05-23,UMB,5068,1855,3213,652,4416,ITI,ITI2,10,Umbria,Umbria,882015,255231,28.94,0.57
3463,2021-04-20,UMB,5442,2359,3083,3495,1947,ITI,ITI2,10,Umbria,Umbria,882015,260673,29.55,0.62
3464,2021-01-27,UMB,840,330,510,13,827,ITI,ITI2,10,Umbria,Umbria,882015,261513,29.65,0.1
3465,2021-01-10,UMB,1070,277,793,1070,0,ITI,ITI2,10,Umbria,Umbria,882015,262583,29.77,0.12
3466,2021-05-21,UMB,8972,3668,5304,4135,4837,ITI,ITI2,10,Umbria,Umbria,882015,271555,30.79,1.02
3467,2021-05-04,UMB,5535,2545,2990,2410,3125,ITI,ITI2,10,Umbria,Umbria,882015,277090,31.42,0.63
3468,2021-04-01,UMB,4376,1838,2538,2366,2010,ITI,ITI2,10,Umbria,Umbria,882015,281466,31.91,0.5
3469,2021-03-01,UMB,1503,774,729,1389,114,ITI,ITI2,10,Umbria,Umbria,882015,282969,32.08,0.17
3470,2021-06-09,UMB,8047,3896,4151,7325,722,ITI,ITI2,10,Umbria,Umbria,882015,291016,32.99,0.91
3471,2021-05-11,UMB,6240,2832,3408,4036,2204,ITI,ITI2,10,Umbria,Umbria,882015,297256,33.7,0.71
3472,2021-05-13,UMB,5918,2665,3253,3841,2077,ITI,ITI2,10,Umbria,Umbria,882015,303174,34.37,0.67
3473,2021-02-19,UMB,743,293,450,526,217,ITI,ITI2,10,Umbria,Umbria,882015,303917,34.46,0.08
3474,2021-02-05,UMB,780,234,546,18,762,ITI,ITI2,10,Umbria,Umbria,882015,304697,34.55,0.09
3475,2021-04-12,UMB,7089,3079,4010,5371,1718,ITI,ITI2,10,Umbria,Umbria,882015,311786,35.35,0.8
3476,2021-01-19,UMB,103,23,80,103,0,ITI,ITI2,10,Umbria,Umbria,882015,311889,35.36,0.01
3477,2021-04-29,UMB,5215,2248,2967,2889,2326,ITI,ITI2,10,Umbria,Umbria,882015,317104,35.95,0.59
3478,2021-03-24,UMB,4106,1792,2314,2783,1323,ITI,ITI2,10,Umbria,Umbria,882015,321210,36.42,0.47
3479,2021-04-10,UMB,7474,3514,3960,7339,135,ITI,ITI2,10,Umbria,Umbria,882015,328684,37.27,0.85
3480,2021-04-08,UMB,5892,2524,3368,4097,1795,ITI,ITI2,10,Umbria,Umbria,882015,334576,37.93,0.67
3481,2021-06-04,UMB,8895,4397,4498,7711,1184,ITI,ITI2,10,Umbria,Umbria,882015,343471,38.94,1.01
3482,2021-06-13,UMB,6754,3552,3202,6524,230,ITI,ITI2,10,Umbria,Umbria,882015,350225,39.71,0.77
3483,2021-05-01,UMB,5375,2640,2735,2147,3228,ITI,ITI2,10,Umbria,Umbria,882015,355600,40.32,0.61
3484,2021-03-05,UMB,4624,1403,3221,3968,656,ITI,ITI2,10,Umbria,Umbria,882015,360224,40.84,0.52
3485,2021-03-03,UMB,4438,1773,2665,3727,711,ITI,ITI2,10,Umbria,Umbria,882015,364662,41.34,0.5
3486,2021-03-13,UMB,1731,524,1207,1486,245,ITI,ITI2,10,Umbria,Umbria,882015,366393,41.54,0.2
3487,2021-01-15,UMB,701,215,486,701,0,ITI,ITI2,10,Umbria,Umbria,882015,367094,41.62,0.08
3488,2021-01-29,UMB,1232,348,884,79,1153,ITI,ITI2,10,Umbria,Umbria,882015,368326,41.76,0.14
3489,2021-05-09,UMB,5767,2759,3008,5376,391,ITI,ITI2,10,Umbria,Umbria,882015,374093,42.41,0.65
3490,2021-04-22,UMB,5437,2237,3200,2773,2664,ITI,ITI2,10,Umbria,Umbria,882015,379530,43.03,0.62
3491,2021-04-17,UMB,6666,3059,3607,5326,1340,ITI,ITI2,10,Umbria,Umbria,882015,386196,43.79,0.76
3492,2021-01-05,UMB,854,429,425,854,0,ITI,ITI2,10,Umbria,Umbria,882015,387050,43.88,0.1
3493,2021-03-15,UMB,4616,1950,2666,2848,1768,ITI,ITI2,10,Umbria,Umbria,882015,391666,44.41,0.52
3494,2021-02-10,UMB,715,349,366,700,15,ITI,ITI2,10,Umbria,Umbria,882015,392381,44.49,0.08
3495,2021-01-24,UMB,258,106,152,1,257,ITI,ITI2,10,Umbria,Umbria,882015,392639,44.52,0.03
3496,2021-06-08,UMB,7264,3584,3680,6743,521,ITI,ITI2,10,Umbria,Umbria,882015,399903,45.34,0.82
3497,2021-03-29,UMB,3890,1731,2159,2411,1479,ITI,ITI2,10,Umbria,Umbria,882015,403793,45.78,0.44
3498,2021-01-31,UMB,1058,276,782,25,1033,ITI,ITI2,10,Umbria,Umbria,882015,404851,45.9,0.12
3499,2021-05-25,UMB,8811,4298,4513,7748,1063,ITI,ITI2,10,Umbria,Umbria,882015,413662,46.9,1.0
3500,2021-05-18,UMB,7732,3345,4387,3890,3842,ITI,ITI2,10,Umbria,Umbria,882015,421394,47.78,0.88
3501,2021-03-22,UMB,3560,1655,1905,2314,1246,ITI,ITI2,10,Umbria,Umbria,882015,424954,48.18,0.4
3502,2021-04-05,UMB,4250,1728,2522,2195,2055,ITI,ITI2,10,Umbria,Umbria,882015,429204,48.66,0.48
3503,2021-06-01,UMB,4380,2089,2291,4225,155,ITI,ITI2,10,Umbria,Umbria,882015,433584,49.16,0.5
3504,2021-03-10,UMB,4033,1945,2088,2777,1256,ITI,ITI2,10,Umbria,Umbria,882015,437617,49.62,0.46
3505,2021-01-16,UMB,221,73,148,221,0,ITI,ITI2,10,Umbria,Umbria,882015,437838,49.64,0.03
3506,2021-02-02,UMB,944,274,670,32,912,ITI,ITI2,10,Umbria,Umbria,882015,438782,49.75,0.11
3507,2021-04-26,UMB,5377,2329,3048,3125,2252,ITI,ITI2,10,Umbria,Umbria,882015,444159,50.36,0.61
3508,2021-04-09,UMB,6799,3164,3635,6580,219,ITI,ITI2,10,Umbria,Umbria,882015,450958,51.13,0.77
3509,2021-01-17,UMB,54,17,37,54,0,ITI,ITI2,10,Umbria,Umbria,882015,451012,51.13,0.01
3510,2020-12-31,UMB,322,127,195,322,0,ITI,ITI2,10,Umbria,Umbria,882015,451334,51.17,0.04
3511,2021-06-15,UMB,5920,2996,2924,3898,2022,ITI,ITI2,10,Umbria,Umbria,882015,457254,51.84,0.67
3512,2021-06-17,UMB,6886,3491,3395,4873,2013,ITI,ITI2,10,Umbria,Umbria,882015,464140,52.62,0.78
3513,2021-03-26,UMB,4604,1716,2888,4432,172,ITI,ITI2,10,Umbria,Umbria,882015,468744,53.14,0.52
3514,2021-01-02,UMB,304,111,193,304,0,ITI,ITI2,10,Umbria,Umbria,882015,469048,53.18,0.03
3515,2021-04-24,UMB,4564,1963,2601,3386,1178,ITI,ITI2,10,Umbria,Umbria,882015,473612,53.7,0.52
3516,2021-01-12,UMB,838,248,590,838,0,ITI,ITI2,10,Umbria,Umbria,882015,474450,53.79,0.1
3517,2021-03-14,UMB,66,48,18,66,0,ITI,ITI2,10,Umbria,Umbria,882015,474516,53.8,0.01
3518,2021-03-12,UMB,2698,1082,1616,2202,496,ITI,ITI2,10,Umbria,Umbria,882015,477214,54.1,0.31
3519,2021-06-06,UMB,7610,3903,3707,6917,693,ITI,ITI2,10,Umbria,Umbria,882015,484824,54.97,0.86
3520,2021-02-24,UMB,1520,565,955,1505,15,ITI,ITI2,10,Umbria,Umbria,882015,486344,55.14,0.17
3521,2021-05-10,UMB,5985,2801,3184,3832,2153,ITI,ITI2,10,Umbria,Umbria,882015,492329,55.82,0.68
3522,2021-05-08,UMB,8108,3733,4375,4907,3201,ITI,ITI2,10,Umbria,Umbria,882015,500437,56.74,0.92
3523,2021-01-28,UMB,1248,394,854,19,1229,ITI,ITI2,10,Umbria,Umbria,882015,501685,56.88,0.14
3524,2021-05-20,UMB,9844,4591,5253,6198,3646,ITI,ITI2,10,Umbria,Umbria,882015,511529,58.0,1.12
3525,2021-03-31,UMB,3903,1733,2170,2216,1687,ITI,ITI2,10,Umbria,Umbria,882015,515432,58.44,0.44
3526,2021-02-16,UMB,1308,655,653,1299,9,ITI,ITI2,10,Umbria,Umbria,882015,516740,58.59,0.15
3527,2021-05-27,UMB,9970,4863,5107,8651,1319,ITI,ITI2,10,Umbria,Umbria,882015,526710,59.72,1.13
3528,2021-01-04,UMB,810,398,412,810,0,ITI,ITI2,10,Umbria,Umbria,882015,527520,59.81,0.09
3529,2021-04-14,UMB,8156,3677,4479,6177,1979,ITI,ITI2,10,Umbria,Umbria,882015,535676,60.73,0.92
3530,2021-02-07,UMB,54,17,37,1,53,ITI,ITI2,10,Umbria,Umbria,882015,535730,60.74,0.01
3531,2021-06-05,UMB,8209,3769,4440,5558,2651,ITI,ITI2,10,Umbria,Umbria,882015,543939,61.67,0.93
3532,2021-03-07,UMB,845,180,665,838,7,ITI,ITI2,10,Umbria,Umbria,882015,544784,61.77,0.1
3533,2021-05-29,UMB,7845,3606,4239,6283,1562,ITI,ITI2,10,Umbria,Umbria,882015,552629,62.66,0.89
3534,2021-04-28,UMB,5349,2317,3032,2966,2383,ITI,ITI2,10,Umbria,Umbria,882015,557978,63.26,0.61
3535,2021-02-04,UMB,733,226,507,25,708,ITI,ITI2,10,Umbria,Umbria,882015,558711,63.34,0.08
3536,2021-05-15,UMB,4991,1881,3110,1826,3165,ITI,ITI2,10,Umbria,Umbria,882015,563702,63.91,0.57
3537,2021-03-21,UMB,675,338,337,675,0,ITI,ITI2,10,Umbria,Umbria,882015,564377,63.99,0.08
3538,2021-05-17,UMB,6370,3062,3308,4192,2178,ITI,ITI2,10,Umbria,Umbria,882015,570747,64.71,0.72
3539,2021-01-14,UMB,752,201,551,752,0,ITI,ITI2,10,Umbria,Umbria,882015,571499,64.79,0.09
3540,2021-03-19,UMB,1743,565,1178,1087,656,ITI,ITI2,10,Umbria,Umbria,882015,573242,64.99,0.2
3541,2021-06-03,UMB,9039,4469,4570,8761,278,ITI,ITI2,10,Umbria,Umbria,882015,582281,66.02,1.02
3542,2021-04-07,UMB,5573,2292,3281,3567,2006,ITI,ITI2,10,Umbria,Umbria,882015,587854,66.65,0.63
3543,2021-02-23,UMB,1693,658,1035,1651,42,ITI,ITI2,10,Umbria,Umbria,882015,589547,66.84,0.19
3544,2021-05-03,UMB,5092,2272,2820,2205,2887,ITI,ITI2,10,Umbria,Umbria,882015,594639,67.42,0.58
3545,2021-01-23,UMB,280,100,180,2,278,ITI,ITI2,10,Umbria,Umbria,882015,594919,67.45,0.03
3546,2021-01-21,UMB,610,202,408,341,269,ITI,ITI2,10,Umbria,Umbria,882015,595529,67.52,0.07
3547,2021-02-11,UMB,842,349,493,837,5,ITI,ITI2,10,Umbria,Umbria,882015,596371,67.61,0.1
3548,2021-05-22,UMB,6959,2751,4208,2641,4318,ITI,ITI2,10,Umbria,Umbria,882015,603330,68.4,0.79
3549,2021-04-02,UMB,4308,1746,2562,3551,757,ITI,ITI2,10,Umbria,Umbria,882015,607638,68.89,0.49
3550,2021-01-09,UMB,1745,499,1246,1745,0,ITI,ITI2,10,Umbria,Umbria,882015,609383,69.09,0.2
3551,2021-04-19,UMB,5019,2218,2801,2970,2049,ITI,ITI2,10,Umbria,Umbria,882015,614402,69.66,0.57
3552,2021-03-17,UMB,3331,1313,2018,1859,1472,ITI,ITI2,10,Umbria,Umbria,882015,617733,70.04,0.38
3553,2021-01-07,UMB,1301,387,914,1301,0,ITI,ITI2,10,Umbria,Umbria,882015,619034,70.18,0.15
3554,2021-01-26,UMB,816,390,426,18,798,ITI,ITI2,10,Umbria,Umbria,882015,619850,70.28,0.09
3555,2021-02-12,UMB,671,224,447,665,6,ITI,ITI2,10,Umbria,Umbria,882015,620521,70.35,0.08
3556,2021-02-26,UMB,660,253,407,652,8,ITI,ITI2,10,Umbria,Umbria,882015,621181,70.43,0.07
3557,2021-05-06,UMB,9474,4322,5152,6158,3316,ITI,ITI2,10,Umbria,Umbria,882015,630655,71.5,1.07
3558,2021-06-10,UMB,7437,3710,3727,6673,764,ITI,ITI2,10,Umbria,Umbria,882015,638092,72.34,0.84
3559,2021-04-21,UMB,5316,2312,3004,3090,2226,ITI,ITI2,10,Umbria,Umbria,882015,643408,72.95,0.6
3560,2021-03-02,UMB,3642,1346,2296,3638,4,ITI,ITI2,10,Umbria,Umbria,882015,647050,73.36,0.41
