,data,area,Vaccinazioni giornaliere,sesso_maschile,sesso_femminile,prima_dose,seconda_dose,pregressa_infezione,codice_NUTS1,codice_NUTS2,codice_regione_ISTAT,nome_area,Regione,popolazione,Totale vaccinazioni,Totale vaccinazioni ogni cento ab,Vaccinazioni giornaliere ogni cento ab
0,2021-01-26,MAR,2021,747,1274,70,1942,9,ITI,ITI3,11,Marche,Marche,1525271,2021,0.13,0.13
1,2021-07-11,MAR,10399,5220,5179,1605,8657,137,ITI,ITI3,11,Marche,Marche,1525271,12420,0.81,0.68
2,2021-04-19,MAR,9609,4503,5106,7898,1588,123,ITI,ITI3,11,Marche,Marche,1525271,22029,1.44,0.63
3,2021-07-28,MAR,14199,7370,6829,3249,10718,232,ITI,ITI3,11,Marche,Marche,1525271,36228,2.38,0.93
4,2021-05-20,MAR,12684,5961,6723,7537,4896,251,ITI,ITI3,11,Marche,Marche,1525271,48912,3.21,0.83
5,2021-02-07,MAR,1872,735,1137,331,1529,12,ITI,ITI3,11,Marche,Marche,1525271,50784,3.33,0.12
6,2021-07-23,MAR,15544,8281,7263,2530,12789,225,ITI,ITI3,11,Marche,Marche,1525271,66328,4.35,1.02
7,2021-08-11,MAR,7571,4099,3472,3170,4165,236,ITI,ITI3,11,Marche,Marche,1525271,73899,4.84,0.5
8,2021-06-15,MAR,13198,6573,6625,9827,3052,319,ITI,ITI3,11,Marche,Marche,1525271,87097,5.71,0.87
9,2021-01-12,MAR,1234,418,816,1221,0,13,ITI,ITI3,11,Marche,Marche,1525271,88331,5.79,0.08
10,2021-06-22,MAR,13219,6482,6737,6475,6461,283,ITI,ITI3,11,Marche,Marche,1525271,101550,6.66,0.87
11,2021-04-26,MAR,9175,4063,5112,6017,3028,130,ITI,ITI3,11,Marche,Marche,1525271,110725,7.26,0.6
12,2021-09-06,MAR,6374,3388,2986,1770,4391,213,ITI,ITI3,11,Marche,Marche,1525271,117099,7.68,0.42
13,2021-05-27,MAR,13733,6818,6915,9180,4301,252,ITI,ITI3,11,Marche,Marche,1525271,130832,8.58,0.9
14,2021-03-31,MAR,7377,3088,4289,4264,3025,88,ITI,ITI3,11,Marche,Marche,1525271,138209,9.06,0.48
15,2021-09-04,MAR,5448,2975,2473,1640,3624,184,ITI,ITI3,11,Marche,Marche,1525271,143657,9.42,0.36
16,2021-02-14,MAR,738,301,437,726,0,12,ITI,ITI3,11,Marche,Marche,1525271,144395,9.47,0.05
17,2021-08-16,MAR,5165,2781,2384,2983,2022,160,ITI,ITI3,11,Marche,Marche,1525271,149560,9.81,0.34
18,2021-05-08,MAR,12293,5486,6807,4850,7265,178,ITI,ITI3,11,Marche,Marche,1525271,161853,10.61,0.81
19,2021-07-30,MAR,14714,7863,6851,4867,9559,288,ITI,ITI3,11,Marche,Marche,1525271,176567,11.58,0.96
20,2021-07-18,MAR,12124,6310,5814,1333,10673,118,ITI,ITI3,11,Marche,Marche,1525271,188691,12.37,0.79
21,2021-01-31,MAR,1921,772,1149,93,1824,4,ITI,ITI3,11,Marche,Marche,1525271,190612,12.5,0.13
22,2021-04-07,MAR,8874,3933,4941,8358,369,147,ITI,ITI3,11,Marche,Marche,1525271,199486,13.08,0.58
23,2021-02-09,MAR,125,42,83,46,79,0,ITI,ITI3,11,Marche,Marche,1525271,199611,13.09,0.01
24,2021-07-16,MAR,15838,8239,7599,1844,13736,258,ITI,ITI3,11,Marche,Marche,1525271,215449,14.13,1.04
25,2021-06-12,MAR,13783,7316,6467,12104,1346,333,ITI,ITI3,11,Marche,Marche,1525271,229232,15.03,0.9
26,2021-08-18,MAR,6421,3421,3000,3214,2872,335,ITI,ITI3,11,Marche,Marche,1525271,235653,15.45,0.42
27,2021-08-04,MAR,12004,6380,5624,4061,7701,242,ITI,ITI3,11,Marche,Marche,1525271,247657,16.24,0.79
28,2021-04-05,MAR,5703,2367,3336,4352,1269,82,ITI,ITI3,11,Marche,Marche,1525271,253360,16.61,0.37
29,2021-06-27,MAR,9949,4819,5130,4486,5292,171,ITI,ITI3,11,Marche,Marche,1525271,263309,17.26,0.65
30,2021-03-19,MAR,3881,1621,2260,325,3544,12,ITI,ITI3,11,Marche,Marche,1525271,267190,17.52,0.25
31,2021-07-09,MAR,14903,7502,7401,2557,12132,214,ITI,ITI3,11,Marche,Marche,1525271,282093,18.49,0.98
32,2021-03-29,MAR,5898,2584,3314,3391,2458,49,ITI,ITI3,11,Marche,Marche,1525271,287991,18.88,0.39
33,2021-06-03,MAR,14638,7483,7155,12081,2252,305,ITI,ITI3,11,Marche,Marche,1525271,302629,19.84,0.96
34,2021-08-06,MAR,11704,6354,5350,4143,7278,283,ITI,ITI3,11,Marche,Marche,1525271,314333,20.61,0.77
35,2021-05-15,MAR,14119,6441,7678,7827,6044,248,ITI,ITI3,11,Marche,Marche,1525271,328452,21.53,0.93
36,2021-08-23,MAR,6195,3340,2855,2277,3650,268,ITI,ITI3,11,Marche,Marche,1525271,334647,21.94,0.41
37,2021-02-19,MAR,2002,739,1263,1826,135,41,ITI,ITI3,11,Marche,Marche,1525271,336649,22.07,0.13
38,2021-04-16,MAR,10086,4705,5381,9349,526,211,ITI,ITI3,11,Marche,Marche,1525271,346735,22.73,0.66
39,2021-07-25,MAR,9351,4933,4418,1004,8249,98,ITI,ITI3,11,Marche,Marche,1525271,356086,23.35,0.61
40,2021-01-04,MAR,1528,574,954,1515,0,13,ITI,ITI3,11,Marche,Marche,1525271,357614,23.45,0.1
41,2021-04-14,MAR,10219,4565,5654,9651,369,199,ITI,ITI3,11,Marche,Marche,1525271,367833,24.12,0.67
42,2021-01-09,MAR,1718,606,1112,1698,0,20,ITI,ITI3,11,Marche,Marche,1525271,369551,24.23,0.11
43,2021-04-02,MAR,6894,2988,3906,6042,739,113,ITI,ITI3,11,Marche,Marche,1525271,376445,24.68,0.45
44,2021-03-16,MAR,3522,1523,1999,285,3231,6,ITI,ITI3,11,Marche,Marche,1525271,379967,24.91,0.23
45,2021-06-24,MAR,13845,6679,7166,6187,7387,271,ITI,ITI3,11,Marche,Marche,1525271,393812,25.82,0.91
46,2021-01-23,MAR,557,190,367,118,436,3,ITI,ITI3,11,Marche,Marche,1525271,394369,25.86,0.04
47,2021-06-29,MAR,13371,6599,6772,4926,8215,230,ITI,ITI3,11,Marche,Marche,1525271,407740,26.73,0.88
48,2021-05-03,MAR,10410,4690,5720,4857,5414,139,ITI,ITI3,11,Marche,Marche,1525271,418150,27.41,0.68
49,2021-03-28,MAR,4128,1741,2387,2397,1693,38,ITI,ITI3,11,Marche,Marche,1525271,422278,27.69,0.27
50,2021-01-30,MAR,1905,668,1237,24,1881,0,ITI,ITI3,11,Marche,Marche,1525271,424183,27.81,0.12
51,2021-03-17,MAR,3477,1525,1952,105,3370,2,ITI,ITI3,11,Marche,Marche,1525271,427660,28.04,0.23
52,2021-08-30,MAR,5676,2841,2835,2358,3048,270,ITI,ITI3,11,Marche,Marche,1525271,433336,28.41,0.37
53,2021-02-28,MAR,2836,1251,1585,2822,6,8,ITI,ITI3,11,Marche,Marche,1525271,436172,28.6,0.19
54,2021-06-08,MAR,14098,7094,7004,11195,2611,292,ITI,ITI3,11,Marche,Marche,1525271,450270,29.52,0.92
55,2021-02-18,MAR,2146,787,1359,1806,288,52,ITI,ITI3,11,Marche,Marche,1525271,452416,29.66,0.14
56,2021-05-29,MAR,12875,6239,6636,8117,4540,218,ITI,ITI3,11,Marche,Marche,1525271,465291,30.51,0.84
57,2021-02-16,MAR,1287,475,812,1225,30,32,ITI,ITI3,11,Marche,Marche,1525271,466578,30.59,0.08
58,2021-02-25,MAR,3561,1465,2096,3317,181,63,ITI,ITI3,11,Marche,Marche,1525271,470139,30.82,0.23
59,2021-08-01,MAR,7497,4049,3448,1835,5577,85,ITI,ITI3,11,Marche,Marche,1525271,477636,31.31,0.49
60,2021-03-24,MAR,7098,3019,4079,3309,3716,73,ITI,ITI3,11,Marche,Marche,1525271,484734,31.78,0.47
61,2021-06-01,MAR,12055,6157,5898,9679,2090,286,ITI,ITI3,11,Marche,Marche,1525271,496789,32.57,0.79
62,2021-03-10,MAR,5713,2442,3271,4479,1180,54,ITI,ITI3,11,Marche,Marche,1525271,502502,32.95,0.37
63,2021-02-21,MAR,376,141,235,363,1,12,ITI,ITI3,11,Marche,Marche,1525271,502878,32.97,0.02
64,2021-01-21,MAR,922,262,660,577,328,17,ITI,ITI3,11,Marche,Marche,1525271,503800,33.03,0.06
65,2021-05-01,MAR,9328,3927,5401,3500,5751,77,ITI,ITI3,11,Marche,Marche,1525271,513128,33.64,0.61
66,2021-07-04,MAR,10896,5445,5451,3204,7531,161,ITI,ITI3,11,Marche,Marche,1525271,524024,34.36,0.71
67,2020-12-31,MAR,392,184,208,390,0,2,ITI,ITI3,11,Marche,Marche,1525271,524416,34.38,0.03
68,2020-12-30,MAR,17,5,12,17,0,0,ITI,ITI3,11,Marche,Marche,1525271,524433,34.38,0.0
69,2021-04-09,MAR,9570,4191,5379,9149,200,221,ITI,ITI3,11,Marche,Marche,1525271,534003,35.01,0.63
70,2021-07-27,MAR,14370,7537,6833,3032,11112,226,ITI,ITI3,11,Marche,Marche,1525271,548373,35.95,0.94
71,2021-01-06,MAR,2215,804,1411,2196,0,19,ITI,ITI3,11,Marche,Marche,1525271,550588,36.1,0.15
72,2021-01-11,MAR,1182,413,769,1164,0,18,ITI,ITI3,11,Marche,Marche,1525271,551770,36.18,0.08
73,2021-04-21,MAR,10787,4969,5818,9426,1196,165,ITI,ITI3,11,Marche,Marche,1525271,562557,36.88,0.71
74,2021-01-28,MAR,2091,726,1365,158,1932,1,ITI,ITI3,11,Marche,Marche,1525271,564648,37.02,0.14
75,2021-04-04,MAR,3835,1797,2038,2614,1169,52,ITI,ITI3,11,Marche,Marche,1525271,568483,37.27,0.25
76,2021-07-13,MAR,14854,7279,7575,1456,13269,129,ITI,ITI3,11,Marche,Marche,1525271,583337,38.24,0.97
77,2021-08-31,MAR,4830,2561,2269,2014,2587,229,ITI,ITI3,11,Marche,Marche,1525271,588167,38.56,0.32
78,2021-06-09,MAR,14280,7418,6862,12109,1869,302,ITI,ITI3,11,Marche,Marche,1525271,602447,39.5,0.94
79,2021-06-07,MAR,13323,6590,6733,10570,2450,303,ITI,ITI3,11,Marche,Marche,1525271,615770,40.37,0.87
80,2021-02-27,MAR,3401,1457,1944,3158,209,34,ITI,ITI3,11,Marche,Marche,1525271,619171,40.59,0.22
81,2021-05-10,MAR,9463,4343,5120,4755,4564,144,ITI,ITI3,11,Marche,Marche,1525271,628634,41.21,0.62
82,2021-03-14,MAR,2499,1032,1467,1896,592,11,ITI,ITI3,11,Marche,Marche,1525271,631133,41.38,0.16
83,2021-03-21,MAR,4506,1873,2633,1612,2877,17,ITI,ITI3,11,Marche,Marche,1525271,635639,41.67,0.3
84,2021-02-06,MAR,2463,902,1561,512,1942,9,ITI,ITI3,11,Marche,Marche,1525271,638102,41.84,0.16
85,2021-07-17,MAR,15139,7792,7347,1384,13544,211,ITI,ITI3,11,Marche,Marche,1525271,653241,42.83,0.99
86,2021-05-21,MAR,13909,6594,7315,7225,6472,212,ITI,ITI3,11,Marche,Marche,1525271,667150,43.74,0.91
87,2021-08-29,MAR,453,255,198,245,182,26,ITI,ITI3,11,Marche,Marche,1525271,667603,43.77,0.03
88,2021-01-19,MAR,233,87,146,140,90,3,ITI,ITI3,11,Marche,Marche,1525271,667836,43.78,0.02
89,2021-02-02,MAR,1193,398,795,70,1123,0,ITI,ITI3,11,Marche,Marche,1525271,669029,43.86,0.08
90,2021-05-13,MAR,12614,5698,6916,6824,5508,282,ITI,ITI3,11,Marche,Marche,1525271,681643,44.69,0.83
91,2021-04-12,MAR,8571,3773,4798,7931,482,158,ITI,ITI3,11,Marche,Marche,1525271,690214,45.25,0.56
92,2021-01-02,MAR,458,143,315,456,0,2,ITI,ITI3,11,Marche,Marche,1525271,690672,45.28,0.03
93,2021-03-04,MAR,6539,2894,3645,5081,1395,63,ITI,ITI3,11,Marche,Marche,1525271,697211,45.71,0.43
94,2021-03-13,MAR,5808,2681,3127,1765,4002,41,ITI,ITI3,11,Marche,Marche,1525271,703019,46.09,0.38
95,2021-08-17,MAR,7595,4040,3555,3086,4285,224,ITI,ITI3,11,Marche,Marche,1525271,710614,46.59,0.5
96,2021-06-21,MAR,12607,6184,6423,5479,6881,247,ITI,ITI3,11,Marche,Marche,1525271,723221,47.42,0.83
97,2021-05-09,MAR,8866,4022,4844,3559,5230,77,ITI,ITI3,11,Marche,Marche,1525271,732087,48.0,0.58
98,2021-03-06,MAR,5739,2642,3097,4419,1268,52,ITI,ITI3,11,Marche,Marche,1525271,737826,48.37,0.38
99,2021-06-14,MAR,12839,6486,6353,9256,3310,273,ITI,ITI3,11,Marche,Marche,1525271,750665,49.22,0.84
100,2021-03-18,MAR,3440,1507,1933,149,3279,12,ITI,ITI3,11,Marche,Marche,1525271,754105,49.44,0.23
101,2021-06-26,MAR,13578,6906,6672,5689,7672,217,ITI,ITI3,11,Marche,Marche,1525271,767683,50.33,0.89
102,2021-05-23,MAR,9210,4284,4926,7414,1672,124,ITI,ITI3,11,Marche,Marche,1525271,776893,50.93,0.6
103,2021-08-25,MAR,5584,2990,2594,2724,2539,321,ITI,ITI3,11,Marche,Marche,1525271,782477,51.3,0.37
104,2021-03-07,MAR,5181,2107,3074,4378,754,49,ITI,ITI3,11,Marche,Marche,1525271,787658,51.64,0.34
105,2021-08-08,MAR,5637,3020,2617,1681,3845,111,ITI,ITI3,11,Marche,Marche,1525271,793295,52.01,0.37
106,2021-07-06,MAR,13963,6920,7043,3142,10598,223,ITI,ITI3,11,Marche,Marche,1525271,807258,52.93,0.92
107,2021-07-20,MAR,14396,7435,6961,1767,12454,175,ITI,ITI3,11,Marche,Marche,1525271,821654,53.87,0.94
108,2021-03-05,MAR,6224,2873,3351,4689,1469,66,ITI,ITI3,11,Marche,Marche,1525271,827878,54.28,0.41
109,2021-01-07,MAR,1821,642,1179,1804,0,17,ITI,ITI3,11,Marche,Marche,1525271,829699,54.4,0.12
110,2021-03-12,MAR,4681,1999,2682,3346,1280,55,ITI,ITI3,11,Marche,Marche,1525271,834380,54.7,0.31
111,2021-01-14,MAR,2019,696,1323,1995,0,24,ITI,ITI3,11,Marche,Marche,1525271,836399,54.84,0.13
112,2021-06-20,MAR,11160,5547,5613,5990,4988,182,ITI,ITI3,11,Marche,Marche,1525271,847559,55.57,0.73
113,2021-05-28,MAR,13963,6741,7222,8801,4864,298,ITI,ITI3,11,Marche,Marche,1525271,861522,56.48,0.92
114,2021-04-01,MAR,7578,3185,4393,4063,3419,96,ITI,ITI3,11,Marche,Marche,1525271,869100,56.98,0.5
115,2021-09-05,MAR,195,100,95,132,37,26,ITI,ITI3,11,Marche,Marche,1525271,869295,56.99,0.01
116,2021-07-24,MAR,13277,7118,6159,2943,10077,257,ITI,ITI3,11,Marche,Marche,1525271,882572,57.86,0.87
117,2021-07-10,MAR,14160,7233,6927,1656,12301,203,ITI,ITI3,11,Marche,Marche,1525271,896732,58.79,0.93
118,2021-04-22,MAR,10798,4931,5867,9078,1579,141,ITI,ITI3,11,Marche,Marche,1525271,907530,59.5,0.71
119,2021-02-04,MAR,2389,844,1545,107,2277,5,ITI,ITI3,11,Marche,Marche,1525271,909919,59.66,0.16
120,2021-01-18,MAR,696,237,459,536,149,11,ITI,ITI3,11,Marche,Marche,1525271,910615,59.7,0.05
121,2021-04-28,MAR,10938,4983,5955,6018,4745,175,ITI,ITI3,11,Marche,Marche,1525271,921553,60.42,0.72
122,2021-08-28,MAR,3145,1696,1449,1201,1800,144,ITI,ITI3,11,Marche,Marche,1525271,924698,60.63,0.21
123,2021-01-29,MAR,1994,731,1263,154,1835,5,ITI,ITI3,11,Marche,Marche,1525271,926692,60.76,0.13
124,2021-05-18,MAR,11273,5348,5925,7488,3604,181,ITI,ITI3,11,Marche,Marche,1525271,937965,61.49,0.74
125,2021-08-26,MAR,5682,3028,2654,2775,2547,360,ITI,ITI3,11,Marche,Marche,1525271,943647,61.87,0.37
126,2021-08-21,MAR,2978,1664,1314,1492,1312,174,ITI,ITI3,11,Marche,Marche,1525271,946625,62.06,0.2
127,2021-01-16,MAR,2040,735,1305,1989,0,51,ITI,ITI3,11,Marche,Marche,1525271,948665,62.2,0.13
128,2021-06-19,MAR,14696,7404,7292,7749,6682,265,ITI,ITI3,11,Marche,Marche,1525271,963361,63.16,0.96
129,2021-05-31,MAR,11782,5944,5838,8599,2931,252,ITI,ITI3,11,Marche,Marche,1525271,975143,63.93,0.77
130,2021-05-17,MAR,12047,5649,6398,7465,4354,228,ITI,ITI3,11,Marche,Marche,1525271,987190,64.72,0.79
131,2021-09-08,MAR,7232,3781,3451,2063,4911,258,ITI,ITI3,11,Marche,Marche,1525271,994422,65.2,0.47
132,2021-04-24,MAR,12172,5366,6806,7557,4467,148,ITI,ITI3,11,Marche,Marche,1525271,1006594,65.99,0.8
133,2021-02-26,MAR,3681,1523,2158,3096,480,105,ITI,ITI3,11,Marche,Marche,1525271,1010275,66.24,0.24
134,2021-05-12,MAR,10430,4691,5739,4732,5505,193,ITI,ITI3,11,Marche,Marche,1525271,1020705,66.92,0.68
135,2021-08-20,MAR,4963,2693,2270,2952,1687,324,ITI,ITI3,11,Marche,Marche,1525271,1025668,67.24,0.33
136,2021-09-03,MAR,6440,3386,3054,2192,3968,280,ITI,ITI3,11,Marche,Marche,1525271,1032108,67.67,0.42
137,2021-07-08,MAR,15040,7539,7501,2787,12027,226,ITI,ITI3,11,Marche,Marche,1525271,1047148,68.65,0.99
138,2021-05-11,MAR,10624,4831,5793,5489,4943,192,ITI,ITI3,11,Marche,Marche,1525271,1057772,69.35,0.7
139,2021-03-15,MAR,4452,2061,2391,1291,3140,21,ITI,ITI3,11,Marche,Marche,1525271,1062224,69.64,0.29
140,2021-08-19,MAR,6273,3347,2926,3490,2454,329,ITI,ITI3,11,Marche,Marche,1525271,1068497,70.05,0.41
141,2021-06-23,MAR,13892,6818,7074,6626,7010,256,ITI,ITI3,11,Marche,Marche,1525271,1082389,70.96,0.91
142,2021-04-30,MAR,14166,6204,7962,5395,8573,198,ITI,ITI3,11,Marche,Marche,1525271,1096555,71.89,0.93
143,2021-04-11,MAR,7117,3116,4001,6681,287,149,ITI,ITI3,11,Marche,Marche,1525271,1103672,72.36,0.47
144,2021-03-11,MAR,6635,2823,3812,5144,1412,79,ITI,ITI3,11,Marche,Marche,1525271,1110307,72.79,0.44
145,2021-05-06,MAR,12660,5825,6835,5356,7076,228,ITI,ITI3,11,Marche,Marche,1525271,1122967,73.62,0.83
146,2021-02-12,MAR,1581,618,963,1404,151,26,ITI,ITI3,11,Marche,Marche,1525271,1124548,73.73,0.1
147,2021-08-14,MAR,2400,1378,1022,1033,1318,49,ITI,ITI3,11,Marche,Marche,1525271,1126948,73.89,0.16
148,2021-02-10,MAR,1441,452,989,1040,359,42,ITI,ITI3,11,Marche,Marche,1525271,1128389,73.98,0.09
149,2021-03-02,MAR,5002,1967,3035,4370,566,66,ITI,ITI3,11,Marche,Marche,1525271,1133391,74.31,0.33
150,2021-06-10,MAR,14930,7695,7235,12575,2013,342,ITI,ITI3,11,Marche,Marche,1525271,1148321,75.29,0.98
151,2021-09-01,MAR,6204,3279,2925,2019,3952,233,ITI,ITI3,11,Marche,Marche,1525271,1154525,75.69,0.41
152,2021-08-15,MAR,225,112,113,205,13,7,ITI,ITI3,11,Marche,Marche,1525271,1154750,75.71,0.01
153,2021-05-24,MAR,11000,5193,5807,7958,2865,177,ITI,ITI3,11,Marche,Marche,1525271,1165750,76.43,0.72
154,2021-02-24,MAR,3534,1547,1987,3424,78,32,ITI,ITI3,11,Marche,Marche,1525271,1169284,76.66,0.23
155,2021-06-04,MAR,14339,7290,7049,11588,2440,311,ITI,ITI3,11,Marche,Marche,1525271,1183623,77.6,0.94
156,2021-04-08,MAR,9491,4157,5334,8960,370,161,ITI,ITI3,11,Marche,Marche,1525271,1193114,78.22,0.62
157,2021-06-11,MAR,14003,7156,6847,11374,2324,305,ITI,ITI3,11,Marche,Marche,1525271,1207117,79.14,0.92
158,2021-05-25,MAR,11769,5798,5971,8497,3052,220,ITI,ITI3,11,Marche,Marche,1525271,1218886,79.91,0.77
159,2021-09-02,MAR,6387,3402,2985,2129,4044,214,ITI,ITI3,11,Marche,Marche,1525271,1225273,80.33,0.42
160,2021-03-01,MAR,3772,1520,2252,3503,248,21,ITI,ITI3,11,Marche,Marche,1525271,1229045,80.58,0.25
161,2021-03-26,MAR,6392,2626,3766,3475,2859,58,ITI,ITI3,11,Marche,Marche,1525271,1235437,81.0,0.42
162,2021-06-17,MAR,15206,7566,7640,8797,6111,298,ITI,ITI3,11,Marche,Marche,1525271,1250643,81.99,1.0
163,2021-03-09,MAR,5430,2293,3137,4457,881,92,ITI,ITI3,11,Marche,Marche,1525271,1256073,82.35,0.36
164,2021-07-22,MAR,15746,8048,7698,2018,13487,241,ITI,ITI3,11,Marche,Marche,1525271,1271819,83.38,1.03
165,2021-03-25,MAR,6703,2794,3909,3186,3456,61,ITI,ITI3,11,Marche,Marche,1525271,1278522,83.82,0.44
166,2021-07-03,MAR,13843,6991,6852,4136,9395,312,ITI,ITI3,11,Marche,Marche,1525271,1292365,84.73,0.91
167,2021-02-20,MAR,4163,1732,2431,4042,111,10,ITI,ITI3,11,Marche,Marche,1525271,1296528,85.0,0.27
168,2021-08-22,MAR,109,60,49,75,26,8,ITI,ITI3,11,Marche,Marche,1525271,1296637,85.01,0.01
169,2021-01-20,MAR,406,100,306,384,20,2,ITI,ITI3,11,Marche,Marche,1525271,1297043,85.04,0.03
170,2021-05-22,MAR,11941,5720,6221,7321,4449,171,ITI,ITI3,11,Marche,Marche,1525271,1308984,85.82,0.78
171,2021-02-11,MAR,1988,657,1331,1557,390,41,ITI,ITI3,11,Marche,Marche,1525271,1310972,85.95,0.13
172,2021-05-05,MAR,11696,5321,6375,5101,6433,162,ITI,ITI3,11,Marche,Marche,1525271,1322668,86.72,0.77
173,2021-08-13,MAR,6751,3759,2992,3388,3151,212,ITI,ITI3,11,Marche,Marche,1525271,1329419,87.16,0.44
174,2021-08-27,MAR,5715,3050,2665,2801,2513,401,ITI,ITI3,11,Marche,Marche,1525271,1335134,87.53,0.37
175,2021-07-01,MAR,14698,7367,7331,4659,9761,278,ITI,ITI3,11,Marche,Marche,1525271,1349832,88.5,0.96
176,2021-03-03,MAR,6700,3076,3624,5716,885,99,ITI,ITI3,11,Marche,Marche,1525271,1356532,88.94,0.44
177,2021-01-05,MAR,1590,595,995,1571,0,19,ITI,ITI3,11,Marche,Marche,1525271,1358122,89.04,0.1
178,2021-04-15,MAR,10379,4676,5703,9572,564,243,ITI,ITI3,11,Marche,Marche,1525271,1368501,89.72,0.68
179,2021-02-17,MAR,1828,701,1127,1642,118,68,ITI,ITI3,11,Marche,Marche,1525271,1370329,89.84,0.12
180,2021-04-13,MAR,9840,4262,5578,9396,234,210,ITI,ITI3,11,Marche,Marche,1525271,1380169,90.49,0.65
181,2021-07-05,MAR,13167,6510,6657,2918,10077,172,ITI,ITI3,11,Marche,Marche,1525271,1393336,91.35,0.86
182,2021-06-16,MAR,13755,6912,6843,9126,4365,264,ITI,ITI3,11,Marche,Marche,1525271,1407091,92.25,0.9
183,2021-06-02,MAR,11902,5939,5963,11028,678,196,ITI,ITI3,11,Marche,Marche,1525271,1418993,93.03,0.78
184,2021-09-10,MAR,4238,2322,1916,818,3319,101,ITI,ITI3,11,Marche,Marche,1525271,1423231,93.31,0.28
185,2021-02-15,MAR,967,412,555,939,13,15,ITI,ITI3,11,Marche,Marche,1525271,1424198,93.37,0.06
186,2021-05-26,MAR,11889,5952,5937,8448,3227,214,ITI,ITI3,11,Marche,Marche,1525271,1436087,94.15,0.78
187,2021-03-30,MAR,7487,3080,4407,4576,2834,77,ITI,ITI3,11,Marche,Marche,1525271,1443574,94.64,0.49
188,2021-02-01,MAR,1362,479,883,93,1266,3,ITI,ITI3,11,Marche,Marche,1525271,1444936,94.73,0.09
189,2021-02-03,MAR,2129,743,1386,97,2011,21,ITI,ITI3,11,Marche,Marche,1525271,1447065,94.87,0.14
190,2021-05-14,MAR,13638,6294,7344,6505,6915,218,ITI,ITI3,11,Marche,Marche,1525271,1460703,95.77,0.89
191,2021-07-02,MAR,14553,7178,7375,4674,9648,231,ITI,ITI3,11,Marche,Marche,1525271,1475256,96.72,0.95
192,2021-06-18,MAR,15346,7647,7699,8293,6753,300,ITI,ITI3,11,Marche,Marche,1525271,1490602,97.73,1.01
193,2021-09-09,MAR,6466,3467,2999,1915,4313,238,ITI,ITI3,11,Marche,Marche,1525271,1497068,98.15,0.42
194,2021-05-07,MAR,12838,5803,7035,3550,9186,102,ITI,ITI3,11,Marche,Marche,1525271,1509906,98.99,0.84
195,2021-02-13,MAR,1093,462,631,988,82,23,ITI,ITI3,11,Marche,Marche,1525271,1510999,99.06,0.07
196,2021-01-27,MAR,2119,778,1341,113,2004,2,ITI,ITI3,11,Marche,Marche,1525271,1513118,99.2,0.14
197,2021-04-06,MAR,8876,3693,5183,7928,810,138,ITI,ITI3,11,Marche,Marche,1525271,1521994,99.79,0.58
198,2021-03-23,MAR,5839,2557,3282,2225,3576,38,ITI,ITI3,11,Marche,Marche,1525271,1527833,100.17,0.38
199,2021-02-08,MAR,834,259,575,366,463,5,ITI,ITI3,11,Marche,Marche,1525271,1528667,100.22,0.05
200,2021-07-15,MAR,16010,8287,7723,1750,14032,228,ITI,ITI3,11,Marche,Marche,1525271,1544677,101.27,1.05
201,2021-05-19,MAR,11667,5366,6301,8367,3101,199,ITI,ITI3,11,Marche,Marche,1525271,1556344,102.04,0.76
202,2021-02-22,MAR,3461,1532,1929,3351,75,35,ITI,ITI3,11,Marche,Marche,1525271,1559805,102.26,0.23
203,2021-08-24,MAR,6438,3400,3038,3297,2759,382,ITI,ITI3,11,Marche,Marche,1525271,1566243,102.69,0.42
204,2021-08-05,MAR,11911,6396,5515,4084,7560,267,ITI,ITI3,11,Marche,Marche,1525271,1578154,103.47,0.78
205,2021-03-27,MAR,7428,3098,4330,4957,2396,75,ITI,ITI3,11,Marche,Marche,1525271,1585582,103.95,0.49
206,2021-08-07,MAR,9454,5194,4260,3474,5742,238,ITI,ITI3,11,Marche,Marche,1525271,1595036,104.57,0.62
207,2021-07-21,MAR,14920,7617,7303,2064,12643,213,ITI,ITI3,11,Marche,Marche,1525271,1609956,105.55,0.98
208,2021-04-29,MAR,13452,6159,7293,7161,6107,184,ITI,ITI3,11,Marche,Marche,1525271,1623408,106.43,0.88
209,2021-04-20,MAR,10756,5030,5726,9147,1472,137,ITI,ITI3,11,Marche,Marche,1525271,1634164,107.14,0.71
210,2021-07-29,MAR,14845,7879,6966,4580,9954,311,ITI,ITI3,11,Marche,Marche,1525271,1649009,108.11,0.97
211,2021-01-25,MAR,1597,559,1038,90,1507,0,ITI,ITI3,11,Marche,Marche,1525271,1650606,108.22,0.1
212,2021-01-08,MAR,1583,592,991,1568,0,15,ITI,ITI3,11,Marche,Marche,1525271,1652189,108.32,0.1
213,2021-04-18,MAR,8824,4131,4693,7728,921,175,ITI,ITI3,11,Marche,Marche,1525271,1661013,108.9,0.58
214,2021-04-17,MAR,11705,5317,6388,10393,1073,239,ITI,ITI3,11,Marche,Marche,1525271,1672718,109.67,0.77
215,2021-07-26,MAR,11031,5737,5294,2109,8715,207,ITI,ITI3,11,Marche,Marche,1525271,1683749,110.39,0.72
216,2021-04-10,MAR,10931,4625,6306,10370,314,247,ITI,ITI3,11,Marche,Marche,1525271,1694680,111.11,0.72
217,2021-01-03,MAR,912,358,554,902,0,10,ITI,ITI3,11,Marche,Marche,1525271,1695592,111.17,0.06
218,2021-07-19,MAR,14678,7531,7147,1925,12538,215,ITI,ITI3,11,Marche,Marche,1525271,1710270,112.13,0.96
219,2021-03-08,MAR,6301,2762,3539,5188,1002,111,ITI,ITI3,11,Marche,Marche,1525271,1716571,112.54,0.41
220,2021-02-05,MAR,2158,655,1503,438,1719,1,ITI,ITI3,11,Marche,Marche,1525271,1718729,112.68,0.14
221,2021-07-31,MAR,13203,7250,5953,5142,7731,330,ITI,ITI3,11,Marche,Marche,1525271,1731932,113.55,0.87
222,2021-07-14,MAR,13851,6818,7033,1784,11875,192,ITI,ITI3,11,Marche,Marche,1525271,1745783,114.46,0.91
223,2021-01-10,MAR,1746,702,1044,1732,0,14,ITI,ITI3,11,Marche,Marche,1525271,1747529,114.57,0.11
224,2021-08-09,MAR,9095,4828,4267,4052,4770,273,ITI,ITI3,11,Marche,Marche,1525271,1756624,115.17,0.6
225,2021-06-13,MAR,10753,5567,5186,9204,1299,250,ITI,ITI3,11,Marche,Marche,1525271,1767377,115.87,0.7
226,2020-12-27,MAR,209,100,109,207,0,2,ITI,ITI3,11,Marche,Marche,1525271,1767586,115.89,0.01
227,2021-08-02,MAR,11725,6209,5516,4599,6868,258,ITI,ITI3,11,Marche,Marche,1525271,1779311,116.66,0.77
228,2021-06-06,MAR,12452,6137,6315,10639,1578,235,ITI,ITI3,11,Marche,Marche,1525271,1791763,117.47,0.82
229,2021-05-16,MAR,10899,4958,5941,6546,4231,122,ITI,ITI3,11,Marche,Marche,1525271,1802662,118.19,0.71
230,2021-05-30,MAR,9736,4691,5045,6546,2993,197,ITI,ITI3,11,Marche,Marche,1525271,1812398,118.82,0.64
231,2021-09-07,MAR,6136,3220,2916,1741,4192,203,ITI,ITI3,11,Marche,Marche,1525271,1818534,119.23,0.4
232,2021-04-27,MAR,9594,4390,5204,5506,3990,98,ITI,ITI3,11,Marche,Marche,1525271,1828128,119.86,0.63
233,2021-07-12,MAR,13724,6805,6919,1228,12378,118,ITI,ITI3,11,Marche,Marche,1525271,1841852,120.76,0.9
234,2021-04-03,MAR,7577,3204,4373,6736,667,174,ITI,ITI3,11,Marche,Marche,1525271,1849429,121.25,0.5
235,2021-06-25,MAR,14344,7171,7173,6418,7637,289,ITI,ITI3,11,Marche,Marche,1525271,1863773,122.19,0.94
236,2021-01-17,MAR,1625,695,930,1555,64,6,ITI,ITI3,11,Marche,Marche,1525271,1865398,122.3,0.11
237,2021-06-05,MAR,13945,7012,6933,11520,2058,367,ITI,ITI3,11,Marche,Marche,1525271,1879343,123.21,0.91
238,2021-04-23,MAR,11318,5222,6096,8097,3055,166,ITI,ITI3,11,Marche,Marche,1525271,1890661,123.96,0.74
239,2021-02-23,MAR,3314,1432,1882,3243,56,15,ITI,ITI3,11,Marche,Marche,1525271,1893975,124.17,0.22
240,2021-01-15,MAR,1772,500,1272,1755,0,17,ITI,ITI3,11,Marche,Marche,1525271,1895747,124.29,0.12
241,2021-04-25,MAR,8605,3996,4609,6894,1578,133,ITI,ITI3,11,Marche,Marche,1525271,1904352,124.85,0.56
242,2021-08-03,MAR,10877,5736,5141,4030,6581,266,ITI,ITI3,11,Marche,Marche,1525271,1915229,125.57,0.71
243,2021-08-12,MAR,8017,4329,3688,3888,3768,361,ITI,ITI3,11,Marche,Marche,1525271,1923246,126.09,0.53
244,2021-01-13,MAR,2114,747,1367,2073,0,41,ITI,ITI3,11,Marche,Marche,1525271,1925360,126.23,0.14
245,2021-05-02,MAR,8905,3940,4965,3078,5742,85,ITI,ITI3,11,Marche,Marche,1525271,1934265,126.81,0.58
246,2021-08-10,MAR,9201,4815,4386,3333,5593,275,ITI,ITI3,11,Marche,Marche,1525271,1943466,127.42,0.6
247,2021-06-28,MAR,12362,6026,6336,4614,7511,237,ITI,ITI3,11,Marche,Marche,1525271,1955828,128.23,0.81
248,2021-03-22,MAR,5704,2413,3291,2478,3179,47,ITI,ITI3,11,Marche,Marche,1525271,1961532,128.6,0.37
249,2021-01-24,MAR,881,339,542,3,878,0,ITI,ITI3,11,Marche,Marche,1525271,1962413,128.66,0.06
250,2021-06-30,MAR,13649,6663,6986,4452,8986,211,ITI,ITI3,11,Marche,Marche,1525271,1976062,129.55,0.89
251,2021-05-04,MAR,10975,4841,6134,4926,5906,143,ITI,ITI3,11,Marche,Marche,1525271,1987037,130.27,0.72
252,2021-03-20,MAR,4178,1759,2419,1034,3129,15,ITI,ITI3,11,Marche,Marche,1525271,1991215,130.55,0.27
253,2021-01-22,MAR,489,168,321,193,294,2,ITI,ITI3,11,Marche,Marche,1525271,1991704,130.58,0.03
254,2021-07-07,MAR,14258,7068,7190,2933,11082,243,ITI,ITI3,11,Marche,Marche,1525271,2005962,131.52,0.93
255,2021-03-09,CAL,6588,3439,3149,5527,989,72,ITF,ITF6,18,Calabria,Calabria,1947131,6588,0.34,0.34
256,2021-02-20,CAL,1508,790,718,1166,328,14,ITF,ITF6,18,Calabria,Calabria,1947131,8096,0.42,0.08
257,2021-08-22,CAL,1524,770,754,484,1021,19,ITF,ITF6,18,Calabria,Calabria,1947131,9620,0.49,0.08
258,2021-05-31,CAL,15302,7348,7954,7311,7910,81,ITF,ITF6,18,Calabria,Calabria,1947131,24922,1.28,0.79
259,2021-08-10,CAL,9782,4913,4869,3597,6084,101,ITF,ITF6,18,Calabria,Calabria,1947131,34704,1.78,0.5
260,2021-06-14,CAL,14358,6511,7847,9627,4654,77,ITF,ITF6,18,Calabria,Calabria,1947131,49062,2.52,0.74
261,2021-03-04,CAL,5497,3198,2299,4677,800,20,ITF,ITF6,18,Calabria,Calabria,1947131,54559,2.8,0.28
262,2021-06-12,CAL,13247,6298,6949,10781,2398,68,ITF,ITF6,18,Calabria,Calabria,1947131,67806,3.48,0.68
263,2021-02-06,CAL,2936,1352,1584,439,2496,1,ITF,ITF6,18,Calabria,Calabria,1947131,70742,3.63,0.15
264,2021-09-05,CAL,1497,813,684,697,783,17,ITF,ITF6,18,Calabria,Calabria,1947131,72239,3.71,0.08
265,2021-07-10,CAL,15946,7540,8406,3244,12658,44,ITF,ITF6,18,Calabria,Calabria,1947131,88185,4.53,0.82
266,2021-01-23,CAL,403,188,215,360,43,0,ITF,ITF6,18,Calabria,Calabria,1947131,88588,4.55,0.02
267,2021-07-27,CAL,17586,8993,8593,5021,12478,87,ITF,ITF6,18,Calabria,Calabria,1947131,106174,5.45,0.9
268,2021-01-06,CAL,956,520,436,956,0,0,ITF,ITF6,18,Calabria,Calabria,1947131,107130,5.5,0.05
269,2021-04-16,CAL,10345,5049,5296,8641,1644,60,ITF,ITF6,18,Calabria,Calabria,1947131,117475,6.03,0.53
270,2021-02-18,CAL,1890,877,1013,1638,233,19,ITF,ITF6,18,Calabria,Calabria,1947131,119365,6.13,0.1
271,2021-08-03,CAL,14095,7125,6970,3910,10111,74,ITF,ITF6,18,Calabria,Calabria,1947131,133460,6.85,0.72
272,2021-03-11,CAL,7320,3484,3836,5951,1316,53,ITF,ITF6,18,Calabria,Calabria,1947131,140780,7.23,0.38
273,2021-06-19,CAL,15854,7420,8434,8498,7288,68,ITF,ITF6,18,Calabria,Calabria,1947131,156634,8.04,0.81
274,2021-09-10,CAL,2672,1312,1360,971,1644,57,ITF,ITF6,18,Calabria,Calabria,1947131,159306,8.18,0.14
275,2021-02-25,CAL,2929,1576,1353,2286,603,40,ITF,ITF6,18,Calabria,Calabria,1947131,162235,8.33,0.15
276,2021-03-28,CAL,2697,1236,1461,1566,1126,5,ITF,ITF6,18,Calabria,Calabria,1947131,164932,8.47,0.14
277,2021-08-29,CAL,1683,887,796,721,932,30,ITF,ITF6,18,Calabria,Calabria,1947131,166615,8.56,0.09
278,2021-01-30,CAL,2212,1171,1041,295,1914,3,ITF,ITF6,18,Calabria,Calabria,1947131,168827,8.67,0.11
279,2021-02-17,CAL,1879,833,1046,1649,213,17,ITF,ITF6,18,Calabria,Calabria,1947131,170706,8.77,0.1
280,2021-07-24,CAL,18179,9343,8836,4682,13397,100,ITF,ITF6,18,Calabria,Calabria,1947131,188885,9.7,0.93
281,2021-05-28,CAL,21020,10216,10804,11424,9483,113,ITF,ITF6,18,Calabria,Calabria,1947131,209905,10.78,1.08
282,2021-08-08,CAL,4219,2146,2073,1493,2698,28,ITF,ITF6,18,Calabria,Calabria,1947131,214124,11.0,0.22
283,2021-07-22,CAL,18329,9026,9303,3490,14748,91,ITF,ITF6,18,Calabria,Calabria,1947131,232453,11.94,0.94
284,2021-04-30,CAL,15113,7411,7702,10528,4505,80,ITF,ITF6,18,Calabria,Calabria,1947131,247566,12.71,0.78
285,2021-06-21,CAL,15418,7104,8314,7996,7383,39,ITF,ITF6,18,Calabria,Calabria,1947131,262984,13.51,0.79
286,2021-01-04,CAL,1076,533,543,1073,0,3,ITF,ITF6,18,Calabria,Calabria,1947131,264060,13.56,0.06
287,2021-04-23,CAL,13151,6458,6693,9438,3613,100,ITF,ITF6,18,Calabria,Calabria,1947131,277211,14.24,0.68
288,2021-01-13,CAL,2110,1067,1043,2098,0,12,ITF,ITF6,18,Calabria,Calabria,1947131,279321,14.35,0.11
289,2021-01-11,CAL,2191,1061,1130,2189,0,2,ITF,ITF6,18,Calabria,Calabria,1947131,281512,14.46,0.11
290,2021-01-25,CAL,1090,522,568,150,940,0,ITF,ITF6,18,Calabria,Calabria,1947131,282602,14.51,0.06
291,2021-05-05,CAL,13624,6518,7106,8407,5138,79,ITF,ITF6,18,Calabria,Calabria,1947131,296226,15.21,0.7
292,2021-08-17,CAL,7682,3913,3769,2759,4828,95,ITF,ITF6,18,Calabria,Calabria,1947131,303908,15.61,0.39
293,2021-03-06,CAL,8547,4404,4143,7706,816,25,ITF,ITF6,18,Calabria,Calabria,1947131,312455,16.05,0.44
294,2021-08-19,CAL,5874,2945,2929,2348,3468,58,ITF,ITF6,18,Calabria,Calabria,1947131,318329,16.35,0.3
295,2021-05-09,CAL,9694,4529,5165,6041,3605,48,ITF,ITF6,18,Calabria,Calabria,1947131,328023,16.85,0.5
296,2021-01-29,CAL,2080,1005,1075,226,1853,1,ITF,ITF6,18,Calabria,Calabria,1947131,330103,16.95,0.11
297,2021-05-14,CAL,19949,9581,10368,12944,6887,118,ITF,ITF6,18,Calabria,Calabria,1947131,350052,17.98,1.02
298,2021-04-27,CAL,9983,4909,5074,7962,1971,50,ITF,ITF6,18,Calabria,Calabria,1947131,360035,18.49,0.51
299,2021-02-03,CAL,2872,1481,1391,516,2351,5,ITF,ITF6,18,Calabria,Calabria,1947131,362907,18.64,0.15
300,2021-07-19,CAL,19019,9109,9910,3033,15936,50,ITF,ITF6,18,Calabria,Calabria,1947131,381926,19.61,0.98
301,2021-08-05,CAL,12476,6293,6183,3884,8495,97,ITF,ITF6,18,Calabria,Calabria,1947131,394402,20.26,0.64
302,2021-04-15,CAL,7794,3818,3976,5992,1755,47,ITF,ITF6,18,Calabria,Calabria,1947131,402196,20.66,0.4
303,2021-04-01,CAL,8697,3959,4738,4153,4506,38,ITF,ITF6,18,Calabria,Calabria,1947131,410893,21.1,0.45
304,2021-01-18,CAL,1309,594,715,1056,249,4,ITF,ITF6,18,Calabria,Calabria,1947131,412202,21.17,0.07
305,2021-07-03,CAL,15184,7149,8035,5284,9821,79,ITF,ITF6,18,Calabria,Calabria,1947131,427386,21.95,0.78
306,2021-04-11,CAL,4213,1915,2298,2243,1953,17,ITF,ITF6,18,Calabria,Calabria,1947131,431599,22.17,0.22
307,2021-07-20,CAL,17494,8483,9011,3196,14224,74,ITF,ITF6,18,Calabria,Calabria,1947131,449093,23.06,0.9
308,2021-06-23,CAL,17251,7878,9373,8145,9023,83,ITF,ITF6,18,Calabria,Calabria,1947131,466344,23.95,0.89
309,2021-03-13,CAL,7029,3048,3981,5946,1046,37,ITF,ITF6,18,Calabria,Calabria,1947131,473373,24.31,0.36
310,2021-04-18,CAL,5882,2808,3074,4939,918,25,ITF,ITF6,18,Calabria,Calabria,1947131,479255,24.61,0.3
311,2021-04-04,CAL,1574,789,785,1141,422,11,ITF,ITF6,18,Calabria,Calabria,1947131,480829,24.69,0.08
312,2021-06-26,CAL,15585,7202,8383,7574,7940,71,ITF,ITF6,18,Calabria,Calabria,1947131,496414,25.49,0.8
313,2021-07-01,CAL,12400,5838,6562,5477,6839,84,ITF,ITF6,18,Calabria,Calabria,1947131,508814,26.13,0.64
314,2021-02-01,CAL,2558,1212,1346,237,2318,3,ITF,ITF6,18,Calabria,Calabria,1947131,511372,26.26,0.13
315,2021-07-08,CAL,12051,5616,6435,2692,9314,45,ITF,ITF6,18,Calabria,Calabria,1947131,523423,26.88,0.62
316,2021-03-02,CAL,4425,2502,1923,3620,796,9,ITF,ITF6,18,Calabria,Calabria,1947131,527848,27.11,0.23
317,2021-03-16,CAL,3874,1901,1973,2183,1678,13,ITF,ITF6,18,Calabria,Calabria,1947131,531722,27.31,0.2
318,2021-07-29,CAL,17592,8771,8821,4719,12772,101,ITF,ITF6,18,Calabria,Calabria,1947131,549314,28.21,0.9
319,2021-02-11,CAL,2353,1053,1300,1064,1267,22,ITF,ITF6,18,Calabria,Calabria,1947131,551667,28.33,0.12
320,2021-05-04,CAL,16533,7624,8909,11623,4804,106,ITF,ITF6,18,Calabria,Calabria,1947131,568200,29.18,0.85
321,2021-08-12,CAL,7639,3877,3762,2799,4664,176,ITF,ITF6,18,Calabria,Calabria,1947131,575839,29.57,0.39
322,2021-01-22,CAL,661,276,385,659,2,0,ITF,ITF6,18,Calabria,Calabria,1947131,576500,29.61,0.03
323,2021-05-02,CAL,12561,5862,6699,10584,1911,66,ITF,ITF6,18,Calabria,Calabria,1947131,589061,30.25,0.65
324,2021-03-29,CAL,5785,2502,3283,3977,1776,32,ITF,ITF6,18,Calabria,Calabria,1947131,594846,30.55,0.3
325,2021-01-31,CAL,1130,562,568,148,982,0,ITF,ITF6,18,Calabria,Calabria,1947131,595976,30.61,0.06
326,2021-07-07,CAL,13972,6583,7389,3900,9996,76,ITF,ITF6,18,Calabria,Calabria,1947131,609948,31.33,0.72
327,2021-02-22,CAL,2104,1074,1030,1534,561,9,ITF,ITF6,18,Calabria,Calabria,1947131,612052,31.43,0.11
328,2021-06-02,CAL,12104,5801,6303,8788,3268,48,ITF,ITF6,18,Calabria,Calabria,1947131,624156,32.06,0.62
329,2021-08-07,CAL,9529,4874,4655,3019,6446,64,ITF,ITF6,18,Calabria,Calabria,1947131,633685,32.54,0.49
330,2021-05-16,CAL,13817,6741,7076,9919,3843,55,ITF,ITF6,18,Calabria,Calabria,1947131,647502,33.25,0.71
331,2021-08-24,CAL,6504,3228,3276,2319,4100,85,ITF,ITF6,18,Calabria,Calabria,1947131,654006,33.59,0.33
332,2021-07-21,CAL,22115,10621,11494,4514,17487,114,ITF,ITF6,18,Calabria,Calabria,1947131,676121,34.72,1.14
333,2021-01-17,CAL,915,441,474,809,100,6,ITF,ITF6,18,Calabria,Calabria,1947131,677036,34.77,0.05
334,2021-03-24,CAL,7981,3649,4332,4551,3405,25,ITF,ITF6,18,Calabria,Calabria,1947131,685017,35.18,0.41
335,2021-04-10,CAL,11738,5311,6427,6827,4865,46,ITF,ITF6,18,Calabria,Calabria,1947131,696755,35.78,0.6
336,2021-04-08,CAL,9371,4439,4932,5833,3488,50,ITF,ITF6,18,Calabria,Calabria,1947131,706126,36.26,0.48
337,2021-02-10,CAL,2526,1086,1440,876,1635,15,ITF,ITF6,18,Calabria,Calabria,1947131,708652,36.39,0.13
338,2021-07-17,CAL,18336,9046,9290,2708,15560,68,ITF,ITF6,18,Calabria,Calabria,1947131,726988,37.34,0.94
339,2021-06-04,CAL,17549,8159,9390,12955,4524,70,ITF,ITF6,18,Calabria,Calabria,1947131,744537,38.24,0.9
340,2021-05-21,CAL,21373,10885,10488,13857,7406,110,ITF,ITF6,18,Calabria,Calabria,1947131,765910,39.34,1.1
341,2021-01-05,CAL,1552,732,820,1550,0,2,ITF,ITF6,18,Calabria,Calabria,1947131,767462,39.42,0.08
342,2021-01-12,CAL,2094,1035,1059,2085,0,9,ITF,ITF6,18,Calabria,Calabria,1947131,769556,39.52,0.11
343,2021-02-24,CAL,1949,996,953,1464,479,6,ITF,ITF6,18,Calabria,Calabria,1947131,771505,39.62,0.1
344,2021-06-07,CAL,18007,8424,9583,14712,3214,81,ITF,ITF6,18,Calabria,Calabria,1947131,789512,40.55,0.92
345,2021-05-24,CAL,17787,8913,8874,9936,7769,82,ITF,ITF6,18,Calabria,Calabria,1947131,807299,41.46,0.91
346,2021-05-07,CAL,16282,7667,8615,9650,6537,95,ITF,ITF6,18,Calabria,Calabria,1947131,823581,42.3,0.84
347,2021-02-13,CAL,1418,612,806,1045,370,3,ITF,ITF6,18,Calabria,Calabria,1947131,824999,42.37,0.07
348,2021-08-15,CAL,51,24,27,17,33,1,ITF,ITF6,18,Calabria,Calabria,1947131,825050,42.37,0.0
349,2021-05-11,CAL,15147,7334,7813,10244,4829,74,ITF,ITF6,18,Calabria,Calabria,1947131,840197,43.15,0.78
350,2021-07-16,CAL,21056,10034,11022,3375,17605,76,ITF,ITF6,18,Calabria,Calabria,1947131,861253,44.23,1.08
351,2021-01-24,CAL,47,20,27,41,6,0,ITF,ITF6,18,Calabria,Calabria,1947131,861300,44.23,0.0
352,2021-07-09,CAL,15680,7307,8373,3636,11973,71,ITF,ITF6,18,Calabria,Calabria,1947131,876980,45.04,0.81
353,2021-08-21,CAL,3645,1859,1786,1439,2159,47,ITF,ITF6,18,Calabria,Calabria,1947131,880625,45.23,0.19
354,2021-02-05,CAL,3866,1747,2119,473,3378,15,ITF,ITF6,18,Calabria,Calabria,1947131,884491,45.43,0.2
355,2021-04-29,CAL,12524,6091,6433,8655,3810,59,ITF,ITF6,18,Calabria,Calabria,1947131,897015,46.07,0.64
356,2021-04-12,CAL,7046,3428,3618,5352,1664,30,ITF,ITF6,18,Calabria,Calabria,1947131,904061,46.43,0.36
357,2021-01-19,CAL,1132,499,633,1117,13,2,ITF,ITF6,18,Calabria,Calabria,1947131,905193,46.49,0.06
358,2021-07-04,CAL,5957,2824,3133,1992,3929,36,ITF,ITF6,18,Calabria,Calabria,1947131,911150,46.79,0.31
359,2021-06-11,CAL,17833,8762,9071,15127,2581,125,ITF,ITF6,18,Calabria,Calabria,1947131,928983,47.71,0.92
360,2021-01-08,CAL,2202,1049,1153,2195,0,7,ITF,ITF6,18,Calabria,Calabria,1947131,931185,47.82,0.11
361,2021-03-18,CAL,4507,2107,2400,2344,2137,26,ITF,ITF6,18,Calabria,Calabria,1947131,935692,48.05,0.23
362,2021-05-12,CAL,16497,8047,8450,10827,5573,97,ITF,ITF6,18,Calabria,Calabria,1947131,952189,48.9,0.85
363,2021-05-26,CAL,18751,9340,9411,10335,8323,93,ITF,ITF6,18,Calabria,Calabria,1947131,970940,49.87,0.96
364,2021-03-30,CAL,6520,2849,3671,3653,2842,25,ITF,ITF6,18,Calabria,Calabria,1947131,977460,50.2,0.33
365,2021-09-03,CAL,9056,4627,4429,3568,5300,188,ITF,ITF6,18,Calabria,Calabria,1947131,986516,50.67,0.47
366,2021-05-19,CAL,18326,9082,9244,11259,6991,76,ITF,ITF6,18,Calabria,Calabria,1947131,1004842,51.61,0.94
367,2021-03-03,CAL,5122,2797,2325,4018,1090,14,ITF,ITF6,18,Calabria,Calabria,1947131,1009964,51.87,0.26
368,2021-08-04,CAL,16015,8118,7897,4247,11667,101,ITF,ITF6,18,Calabria,Calabria,1947131,1025979,52.69,0.82
369,2021-05-23,CAL,11394,5555,5839,6994,4356,44,ITF,ITF6,18,Calabria,Calabria,1947131,1037373,53.28,0.59
370,2021-03-01,CAL,2760,1566,1194,2295,461,4,ITF,ITF6,18,Calabria,Calabria,1947131,1040133,53.42,0.14
371,2021-06-09,CAL,18262,8624,9638,15896,2281,85,ITF,ITF6,18,Calabria,Calabria,1947131,1058395,54.36,0.94
372,2021-08-31,CAL,6832,3379,3453,2675,4030,127,ITF,ITF6,18,Calabria,Calabria,1947131,1065227,54.71,0.35
373,2020-12-28,CAL,6,2,4,6,0,0,ITF,ITF6,18,Calabria,Calabria,1947131,1065233,54.71,0.0
374,2021-06-03,CAL,14258,6655,7603,9588,4616,54,ITF,ITF6,18,Calabria,Calabria,1947131,1079491,55.44,0.73
375,2021-04-07,CAL,9186,4174,5012,5054,4074,58,ITF,ITF6,18,Calabria,Calabria,1947131,1088677,55.91,0.47
376,2021-02-23,CAL,1617,765,852,1493,119,5,ITF,ITF6,18,Calabria,Calabria,1947131,1090294,55.99,0.08
377,2021-02-27,CAL,4063,2094,1969,3669,387,7,ITF,ITF6,18,Calabria,Calabria,1947131,1094357,56.2,0.21
378,2021-07-31,CAL,13810,7061,6749,3640,10096,74,ITF,ITF6,18,Calabria,Calabria,1947131,1108167,56.91,0.71
379,2021-01-27,CAL,1491,757,734,384,1106,1,ITF,ITF6,18,Calabria,Calabria,1947131,1109658,56.99,0.08
380,2021-03-23,CAL,5268,2471,2797,3420,1824,24,ITF,ITF6,18,Calabria,Calabria,1947131,1114926,57.26,0.27
381,2021-08-27,CAL,9163,4774,4389,3613,5390,160,ITF,ITF6,18,Calabria,Calabria,1947131,1124089,57.73,0.47
382,2021-07-15,CAL,18280,8808,9472,2520,15708,52,ITF,ITF6,18,Calabria,Calabria,1947131,1142369,58.67,0.94
383,2021-02-15,CAL,1182,567,615,1012,165,5,ITF,ITF6,18,Calabria,Calabria,1947131,1143551,58.73,0.06
384,2021-03-31,CAL,9161,4181,4980,5064,4060,37,ITF,ITF6,18,Calabria,Calabria,1947131,1152712,59.2,0.47
385,2021-04-09,CAL,8039,3769,4270,5053,2896,90,ITF,ITF6,18,Calabria,Calabria,1947131,1160751,59.61,0.41
386,2021-07-18,CAL,8790,4205,4585,1280,7478,32,ITF,ITF6,18,Calabria,Calabria,1947131,1169541,60.06,0.45
387,2021-06-05,CAL,20795,9714,11081,17634,3081,80,ITF,ITF6,18,Calabria,Calabria,1947131,1190336,61.13,1.07
388,2021-09-02,CAL,7541,3916,3625,3160,4259,122,ITF,ITF6,18,Calabria,Calabria,1947131,1197877,61.52,0.39
389,2021-02-14,CAL,491,229,262,453,37,1,ITF,ITF6,18,Calabria,Calabria,1947131,1198368,61.55,0.03
390,2021-05-25,CAL,16427,8047,8380,10215,6125,87,ITF,ITF6,18,Calabria,Calabria,1947131,1214795,62.39,0.84
391,2021-01-26,CAL,1894,910,984,269,1624,1,ITF,ITF6,18,Calabria,Calabria,1947131,1216689,62.49,0.1
392,2021-07-28,CAL,21380,10733,10647,5895,15372,113,ITF,ITF6,18,Calabria,Calabria,1947131,1238069,63.58,1.1
393,2021-04-22,CAL,9840,4921,4919,6849,2937,54,ITF,ITF6,18,Calabria,Calabria,1947131,1247909,64.09,0.51
394,2021-06-17,CAL,15819,7228,8591,9595,6170,54,ITF,ITF6,18,Calabria,Calabria,1947131,1263728,64.9,0.81
395,2021-03-26,CAL,8120,3854,4266,4947,3139,34,ITF,ITF6,18,Calabria,Calabria,1947131,1271848,65.32,0.42
396,2021-09-08,CAL,7746,3994,3752,3306,4285,155,ITF,ITF6,18,Calabria,Calabria,1947131,1279594,65.72,0.4
397,2021-04-13,CAL,6972,3424,3548,5610,1335,27,ITF,ITF6,18,Calabria,Calabria,1947131,1286566,66.07,0.36
398,2021-01-20,CAL,1410,630,780,1406,1,3,ITF,ITF6,18,Calabria,Calabria,1947131,1287976,66.15,0.07
399,2021-01-03,CAL,6,3,3,6,0,0,ITF,ITF6,18,Calabria,Calabria,1947131,1287982,66.15,0.0
400,2021-03-27,CAL,8853,4032,4821,4665,4143,45,ITF,ITF6,18,Calabria,Calabria,1947131,1296835,66.6,0.45
401,2021-07-05,CAL,13384,6252,7132,4262,9057,65,ITF,ITF6,18,Calabria,Calabria,1947131,1310219,67.29,0.69
402,2021-06-29,CAL,13076,6040,7036,5351,7673,52,ITF,ITF6,18,Calabria,Calabria,1947131,1323295,67.96,0.67
403,2021-05-03,CAL,14859,6808,8051,10464,4301,94,ITF,ITF6,18,Calabria,Calabria,1947131,1338154,68.72,0.76
404,2021-03-21,CAL,4466,1928,2538,2728,1726,12,ITF,ITF6,18,Calabria,Calabria,1947131,1342620,68.95,0.23
405,2021-03-07,CAL,3413,1743,1670,3306,93,14,ITF,ITF6,18,Calabria,Calabria,1947131,1346033,69.13,0.18
406,2021-08-11,CAL,11057,5672,5385,3521,7421,115,ITF,ITF6,18,Calabria,Calabria,1947131,1357090,69.7,0.57
407,2021-06-15,CAL,15160,7052,8108,10237,4831,92,ITF,ITF6,18,Calabria,Calabria,1947131,1372250,70.48,0.78
408,2021-07-06,CAL,12491,5750,6741,3825,8600,66,ITF,ITF6,18,Calabria,Calabria,1947131,1384741,71.12,0.64
409,2021-01-02,CAL,166,94,72,166,0,0,ITF,ITF6,18,Calabria,Calabria,1947131,1384907,71.13,0.01
410,2021-07-12,CAL,17980,8539,9441,2686,15245,49,ITF,ITF6,18,Calabria,Calabria,1947131,1402887,72.05,0.92
411,2021-01-10,CAL,957,539,418,957,0,0,ITF,ITF6,18,Calabria,Calabria,1947131,1403844,72.1,0.05
412,2021-04-20,CAL,7901,3990,3911,6075,1748,78,ITF,ITF6,18,Calabria,Calabria,1947131,1411745,72.5,0.41
413,2021-05-06,CAL,13356,6322,7034,8925,4358,73,ITF,ITF6,18,Calabria,Calabria,1947131,1425101,73.19,0.69
414,2021-08-14,CAL,2230,1194,1036,725,1489,16,ITF,ITF6,18,Calabria,Calabria,1947131,1427331,73.3,0.11
415,2021-07-14,CAL,22647,10681,11966,4159,18411,77,ITF,ITF6,18,Calabria,Calabria,1947131,1449978,74.47,1.16
416,2021-04-05,CAL,3644,1729,1915,2672,959,13,ITF,ITF6,18,Calabria,Calabria,1947131,1453622,74.65,0.19
417,2021-06-08,CAL,16686,7902,8784,14514,2050,122,ITF,ITF6,18,Calabria,Calabria,1947131,1470308,75.51,0.86
418,2021-03-08,CAL,5523,2991,2532,4405,1085,33,ITF,ITF6,18,Calabria,Calabria,1947131,1475831,75.8,0.28
419,2021-03-25,CAL,7553,3569,3984,4584,2933,36,ITF,ITF6,18,Calabria,Calabria,1947131,1483384,76.18,0.39
420,2021-09-07,CAL,5892,2979,2913,2773,2979,140,ITF,ITF6,18,Calabria,Calabria,1947131,1489276,76.49,0.3
421,2021-06-16,CAL,18340,8475,9865,12125,6125,90,ITF,ITF6,18,Calabria,Calabria,1947131,1507616,77.43,0.94
422,2020-12-27,CAL,317,169,148,317,0,0,ITF,ITF6,18,Calabria,Calabria,1947131,1507933,77.44,0.02
423,2021-04-06,CAL,8183,3729,4454,4460,3686,37,ITF,ITF6,18,Calabria,Calabria,1947131,1516116,77.86,0.42
424,2021-03-14,CAL,2772,1072,1700,2283,482,7,ITF,ITF6,18,Calabria,Calabria,1947131,1518888,78.01,0.14
425,2021-08-18,CAL,9455,4849,4606,3389,5966,100,ITF,ITF6,18,Calabria,Calabria,1947131,1528343,78.49,0.49
426,2021-06-22,CAL,14625,6918,7707,7380,7149,96,ITF,ITF6,18,Calabria,Calabria,1947131,1542968,79.24,0.75
427,2021-05-10,CAL,13175,6126,7049,7691,5419,65,ITF,ITF6,18,Calabria,Calabria,1947131,1556143,79.92,0.68
428,2021-04-26,CAL,10194,5061,5133,7712,2432,50,ITF,ITF6,18,Calabria,Calabria,1947131,1566337,80.44,0.52
429,2021-08-16,CAL,6975,3567,3408,2377,4536,62,ITF,ITF6,18,Calabria,Calabria,1947131,1573312,80.8,0.36
430,2021-02-12,CAL,1717,673,1044,943,768,6,ITF,ITF6,18,Calabria,Calabria,1947131,1575029,80.89,0.09
431,2021-06-27,CAL,8424,3946,4478,4987,3397,40,ITF,ITF6,18,Calabria,Calabria,1947131,1583453,81.32,0.43
432,2021-02-08,CAL,1880,748,1132,667,1210,3,ITF,ITF6,18,Calabria,Calabria,1947131,1585333,81.42,0.1
433,2021-04-24,CAL,19301,9606,9695,15755,3456,90,ITF,ITF6,18,Calabria,Calabria,1947131,1604634,82.41,0.99
434,2021-02-26,CAL,3169,1685,1484,2691,463,15,ITF,ITF6,18,Calabria,Calabria,1947131,1607803,82.57,0.16
435,2021-08-02,CAL,15078,7535,7543,3722,11298,58,ITF,ITF6,18,Calabria,Calabria,1947131,1622881,83.35,0.77
436,2021-06-20,CAL,6652,3151,3501,3816,2808,28,ITF,ITF6,18,Calabria,Calabria,1947131,1629533,83.69,0.34
437,2021-06-06,CAL,13809,6640,7169,12015,1723,71,ITF,ITF6,18,Calabria,Calabria,1947131,1643342,84.4,0.71
438,2021-03-17,CAL,4196,1880,2316,2190,1996,10,ITF,ITF6,18,Calabria,Calabria,1947131,1647538,84.61,0.22
439,2021-06-25,CAL,18836,8747,10089,8067,10682,87,ITF,ITF6,18,Calabria,Calabria,1947131,1666374,85.58,0.97
440,2021-07-13,CAL,17440,8159,9281,2307,15063,70,ITF,ITF6,18,Calabria,Calabria,1947131,1683814,86.48,0.9
441,2021-04-19,CAL,7907,3819,4088,6172,1687,48,ITF,ITF6,18,Calabria,Calabria,1947131,1691721,86.88,0.41
442,2021-06-18,CAL,18920,8809,10111,11285,7518,117,ITF,ITF6,18,Calabria,Calabria,1947131,1710641,87.85,0.97
443,2021-03-10,CAL,6889,3509,3380,5472,1378,39,ITF,ITF6,18,Calabria,Calabria,1947131,1717530,88.21,0.35
444,2021-01-07,CAL,2223,1091,1132,2219,0,4,ITF,ITF6,18,Calabria,Calabria,1947131,1719753,88.32,0.11
445,2021-06-13,CAL,6859,3366,3493,5729,1074,56,ITF,ITF6,18,Calabria,Calabria,1947131,1726612,88.67,0.35
446,2021-04-17,CAL,10863,5078,5785,9026,1786,51,ITF,ITF6,18,Calabria,Calabria,1947131,1737475,89.23,0.56
447,2021-05-01,CAL,16752,7983,8769,12401,4258,93,ITF,ITF6,18,Calabria,Calabria,1947131,1754227,90.09,0.86
448,2021-03-05,CAL,6243,3624,2619,5648,579,16,ITF,ITF6,18,Calabria,Calabria,1947131,1760470,90.41,0.32
449,2021-08-09,CAL,13173,6713,6460,4640,8371,162,ITF,ITF6,18,Calabria,Calabria,1947131,1773643,91.09,0.68
450,2021-04-03,CAL,9464,4094,5370,4537,4864,63,ITF,ITF6,18,Calabria,Calabria,1947131,1783107,91.58,0.49
451,2021-01-28,CAL,2300,1144,1156,79,2221,0,ITF,ITF6,18,Calabria,Calabria,1947131,1785407,91.69,0.12
452,2021-08-13,CAL,7595,3919,3676,2444,5083,68,ITF,ITF6,18,Calabria,Calabria,1947131,1793002,92.08,0.39
453,2021-05-08,CAL,18577,8433,10144,10508,7992,77,ITF,ITF6,18,Calabria,Calabria,1947131,1811579,93.04,0.95
454,2021-01-09,CAL,2103,1129,974,2095,0,8,ITF,ITF6,18,Calabria,Calabria,1947131,1813682,93.15,0.11
455,2021-09-01,CAL,9139,4692,4447,3499,5495,145,ITF,ITF6,18,Calabria,Calabria,1947131,1822821,93.62,0.47
456,2021-02-28,CAL,2373,1082,1291,2214,156,3,ITF,ITF6,18,Calabria,Calabria,1947131,1825194,93.74,0.12
457,2021-08-23,CAL,7680,3814,3866,2793,4781,106,ITF,ITF6,18,Calabria,Calabria,1947131,1832874,94.13,0.39
458,2021-06-01,CAL,12886,5977,6909,7884,4942,60,ITF,ITF6,18,Calabria,Calabria,1947131,1845760,94.79,0.66
459,2021-09-09,CAL,6323,3170,3153,2410,3801,112,ITF,ITF6,18,Calabria,Calabria,1947131,1852083,95.12,0.32
460,2021-05-13,CAL,15985,7693,8292,11174,4732,79,ITF,ITF6,18,Calabria,Calabria,1947131,1868068,95.94,0.82
461,2021-02-19,CAL,1521,689,832,1248,264,9,ITF,ITF6,18,Calabria,Calabria,1947131,1869589,96.02,0.08
462,2021-05-30,CAL,11010,5308,5702,6821,4154,35,ITF,ITF6,18,Calabria,Calabria,1947131,1880599,96.58,0.57
463,2021-07-26,CAL,18797,9338,9459,5216,13489,92,ITF,ITF6,18,Calabria,Calabria,1947131,1899396,97.55,0.97
464,2021-03-12,CAL,5162,2473,2689,4074,1065,23,ITF,ITF6,18,Calabria,Calabria,1947131,1904558,97.81,0.27
465,2021-01-14,CAL,2677,1272,1405,2671,0,6,ITF,ITF6,18,Calabria,Calabria,1947131,1907235,97.95,0.14
466,2021-05-22,CAL,22205,10566,11639,14212,7902,91,ITF,ITF6,18,Calabria,Calabria,1947131,1929440,99.09,1.14
467,2021-08-30,CAL,9382,4713,4669,3151,6107,124,ITF,ITF6,18,Calabria,Calabria,1947131,1938822,99.57,0.48
468,2021-04-21,CAL,11630,5844,5786,8635,2934,61,ITF,ITF6,18,Calabria,Calabria,1947131,1950452,100.17,0.6
469,2021-07-30,CAL,19741,10063,9678,5519,14095,127,ITF,ITF6,18,Calabria,Calabria,1947131,1970193,101.18,1.01
470,2021-04-02,CAL,8556,3921,4635,4581,3941,34,ITF,ITF6,18,Calabria,Calabria,1947131,1978749,101.62,0.44
471,2021-06-24,CAL,15423,7027,8396,6983,8360,80,ITF,ITF6,18,Calabria,Calabria,1947131,1994172,102.42,0.79
472,2021-03-19,CAL,4264,1996,2268,1884,2373,7,ITF,ITF6,18,Calabria,Calabria,1947131,1998436,102.63,0.22
473,2021-05-17,CAL,14913,7464,7449,10138,4721,54,ITF,ITF6,18,Calabria,Calabria,1947131,2013349,103.4,0.77
474,2021-08-25,CAL,8845,4329,4516,3325,5386,134,ITF,ITF6,18,Calabria,Calabria,1947131,2022194,103.86,0.45
475,2021-02-21,CAL,667,306,361,587,79,1,ITF,ITF6,18,Calabria,Calabria,1947131,2022861,103.89,0.03
476,2021-01-21,CAL,984,461,523,946,35,3,ITF,ITF6,18,Calabria,Calabria,1947131,2023845,103.94,0.05
477,2021-08-20,CAL,7569,3822,3747,3020,4458,91,ITF,ITF6,18,Calabria,Calabria,1947131,2031414,104.33,0.39
478,2021-07-11,CAL,6434,2985,3449,846,5577,11,ITF,ITF6,18,Calabria,Calabria,1947131,2037848,104.66,0.33
479,2021-06-10,CAL,15896,7334,8562,12986,2809,101,ITF,ITF6,18,Calabria,Calabria,1947131,2053744,105.48,0.82
480,2021-04-28,CAL,12577,6100,6477,9621,2884,72,ITF,ITF6,18,Calabria,Calabria,1947131,2066321,106.12,0.65
481,2021-02-04,CAL,3677,1748,1929,646,3025,6,ITF,ITF6,18,Calabria,Calabria,1947131,2069998,106.31,0.19
482,2021-05-15,CAL,27279,13055,14224,20266,6877,136,ITF,ITF6,18,Calabria,Calabria,1947131,2097277,107.71,1.4
483,2021-08-06,CAL,15626,7932,7694,5090,10403,133,ITF,ITF6,18,Calabria,Calabria,1947131,2112903,108.51,0.8
484,2021-02-02,CAL,2376,1170,1206,176,2200,0,ITF,ITF6,18,Calabria,Calabria,1947131,2115279,108.64,0.12
485,2021-01-16,CAL,2429,1140,1289,2426,0,3,ITF,ITF6,18,Calabria,Calabria,1947131,2117708,108.76,0.12
486,2021-01-15,CAL,2820,1267,1553,2814,0,6,ITF,ITF6,18,Calabria,Calabria,1947131,2120528,108.91,0.14
487,2021-04-25,CAL,15902,8071,7831,14801,1033,68,ITF,ITF6,18,Calabria,Calabria,1947131,2136430,109.72,0.82
488,2021-08-26,CAL,7208,3602,3606,3179,3907,122,ITF,ITF6,18,Calabria,Calabria,1947131,2143638,110.09,0.37
489,2021-06-30,CAL,16392,7508,8884,7018,9272,102,ITF,ITF6,18,Calabria,Calabria,1947131,2160030,110.93,0.84
490,2021-06-28,CAL,13308,6127,7181,5375,7865,68,ITF,ITF6,18,Calabria,Calabria,1947131,2173338,111.62,0.68
491,2021-03-20,CAL,6783,3108,3675,4181,2585,17,ITF,ITF6,18,Calabria,Calabria,1947131,2180121,111.97,0.35
492,2021-03-15,CAL,3663,1770,1893,2164,1486,13,ITF,ITF6,18,Calabria,Calabria,1947131,2183784,112.15,0.19
493,2021-08-28,CAL,5302,2779,2523,1895,3314,93,ITF,ITF6,18,Calabria,Calabria,1947131,2189086,112.43,0.27
494,2021-07-02,CAL,16276,7536,8740,6240,9950,86,ITF,ITF6,18,Calabria,Calabria,1947131,2205362,113.26,0.84
495,2021-05-20,CAL,16995,8507,8488,11270,5656,69,ITF,ITF6,18,Calabria,Calabria,1947131,2222357,114.13,0.87
496,2021-02-07,CAL,874,435,439,143,729,2,ITF,ITF6,18,Calabria,Calabria,1947131,2223231,114.18,0.04
497,2021-05-18,CAL,15347,7680,7667,11849,3428,70,ITF,ITF6,18,Calabria,Calabria,1947131,2238578,114.97,0.79
498,2021-03-22,CAL,5003,2353,2650,3182,1796,25,ITF,ITF6,18,Calabria,Calabria,1947131,2243581,115.22,0.26
499,2021-09-04,CAL,5555,2961,2594,2322,3127,106,ITF,ITF6,18,Calabria,Calabria,1947131,2249136,115.51,0.29
500,2021-02-09,CAL,2178,922,1256,953,1215,10,ITF,ITF6,18,Calabria,Calabria,1947131,2251314,115.62,0.11
501,2021-05-29,CAL,19300,8962,10338,9350,9873,77,ITF,ITF6,18,Calabria,Calabria,1947131,2270614,116.61,0.99
502,2021-09-06,CAL,8001,4115,3886,3442,4419,140,ITF,ITF6,18,Calabria,Calabria,1947131,2278615,117.02,0.41
503,2021-07-25,CAL,6949,3571,3378,1467,5450,32,ITF,ITF6,18,Calabria,Calabria,1947131,2285564,117.38,0.36
504,2021-04-14,CAL,8095,3911,4184,6587,1458,50,ITF,ITF6,18,Calabria,Calabria,1947131,2293659,117.8,0.42
505,2021-02-16,CAL,1754,746,1008,1467,281,6,ITF,ITF6,18,Calabria,Calabria,1947131,2295413,117.89,0.09
506,2021-07-23,CAL,22746,11352,11394,5560,17084,102,ITF,ITF6,18,Calabria,Calabria,1947131,2318159,119.06,1.17
507,2021-05-27,CAL,17675,8741,8934,9771,7820,84,ITF,ITF6,18,Calabria,Calabria,1947131,2335834,119.96,0.91
508,2021-08-01,CAL,4895,2562,2333,1172,3699,24,ITF,ITF6,18,Calabria,Calabria,1947131,2340729,120.21,0.25
509,2021-05-17,VEN,26554,13002,13552,15650,10080,824,ITH,ITH3,5,Veneto,Veneto,4905854,26554,0.54,0.54
510,2021-02-06,VEN,4099,1354,2745,708,3391,0,ITH,ITH3,5,Veneto,Veneto,4905854,30653,0.62,0.08
511,2021-08-25,VEN,20053,10877,9176,8026,11446,581,ITH,ITH3,5,Veneto,Veneto,4905854,50706,1.03,0.41
512,2021-02-23,VEN,7384,3253,4131,7029,270,85,ITH,ITH3,5,Veneto,Veneto,4905854,58090,1.18,0.15
513,2021-07-27,VEN,42265,22181,20084,11789,30043,433,ITH,ITH3,5,Veneto,Veneto,4905854,100355,2.05,0.86
514,2021-08-01,VEN,27915,14943,12972,11050,16355,510,ITH,ITH3,5,Veneto,Veneto,4905854,128270,2.61,0.57
515,2021-04-23,VEN,31320,13862,17458,21443,8711,1166,ITH,ITH3,5,Veneto,Veneto,4905854,159590,3.25,0.64
516,2021-08-13,VEN,24454,13829,10625,18311,5369,774,ITH,ITH3,5,Veneto,Veneto,4905854,184044,3.75,0.5
517,2021-08-27,VEN,26749,14312,12437,8253,17916,580,ITH,ITH3,5,Veneto,Veneto,4905854,210793,4.3,0.55
518,2021-05-05,VEN,44416,21282,23134,36224,6563,1629,ITH,ITH3,5,Veneto,Veneto,4905854,255209,5.2,0.91
519,2021-07-01,VEN,51012,26057,24955,20699,29307,1006,ITH,ITH3,5,Veneto,Veneto,4905854,306221,6.24,1.04
520,2021-07-18,VEN,37722,19763,17959,3847,33625,250,ITH,ITH3,5,Veneto,Veneto,4905854,343943,7.01,0.77
521,2021-02-25,VEN,7904,3345,4559,7158,607,139,ITH,ITH3,5,Veneto,Veneto,4905854,351847,7.17,0.16
522,2021-04-09,VEN,31205,13767,17438,21912,8350,943,ITH,ITH3,5,Veneto,Veneto,4905854,383052,7.81,0.64
523,2021-06-05,VEN,46877,24146,22731,37316,8104,1457,ITH,ITH3,5,Veneto,Veneto,4905854,429929,8.76,0.96
524,2021-08-06,VEN,38336,20924,17412,19872,17594,870,ITH,ITH3,5,Veneto,Veneto,4905854,468265,9.55,0.78
525,2021-04-28,VEN,32466,15198,17268,22250,9024,1192,ITH,ITH3,5,Veneto,Veneto,4905854,500731,10.21,0.66
526,2021-07-20,VEN,44379,23691,20688,6880,36991,508,ITH,ITH3,5,Veneto,Veneto,4905854,545110,11.11,0.9
527,2021-01-18,VEN,2766,778,1988,2560,201,5,ITH,ITH3,5,Veneto,Veneto,4905854,547876,11.17,0.06
528,2021-02-04,VEN,7397,2029,5368,550,6846,1,ITH,ITH3,5,Veneto,Veneto,4905854,555273,11.32,0.15
529,2021-08-08,VEN,20529,11402,9127,10675,9544,310,ITH,ITH3,5,Veneto,Veneto,4905854,575802,11.74,0.42
530,2021-02-16,VEN,6644,2870,3774,6439,176,29,ITH,ITH3,5,Veneto,Veneto,4905854,582446,11.87,0.14
531,2021-05-29,VEN,33068,16703,16365,24247,7700,1121,ITH,ITH3,5,Veneto,Veneto,4905854,615514,12.55,0.67
532,2021-02-18,VEN,5833,2456,3377,5730,64,39,ITH,ITH3,5,Veneto,Veneto,4905854,621347,12.67,0.12
533,2021-07-25,VEN,33203,17544,15659,10847,21891,465,ITH,ITH3,5,Veneto,Veneto,4905854,654550,13.34,0.68
534,2021-04-16,VEN,24472,10504,13968,11894,11894,684,ITH,ITH3,5,Veneto,Veneto,4905854,679022,13.84,0.5
535,2021-05-12,VEN,37002,17913,19089,30249,5128,1625,ITH,ITH3,5,Veneto,Veneto,4905854,716024,14.6,0.75
536,2021-07-08,VEN,46731,24316,22415,4505,41925,301,ITH,ITH3,5,Veneto,Veneto,4905854,762755,15.55,0.95
537,2021-06-24,VEN,56224,28475,27749,17635,37902,687,ITH,ITH3,5,Veneto,Veneto,4905854,818979,16.69,1.15
538,2021-03-16,VEN,12538,5358,7180,6633,5626,279,ITH,ITH3,5,Veneto,Veneto,4905854,831517,16.95,0.26
539,2021-08-20,VEN,19461,10542,8919,11290,7580,591,ITH,ITH3,5,Veneto,Veneto,4905854,850978,17.35,0.4
540,2021-06-17,VEN,51767,25937,25830,25554,25065,1148,ITH,ITH3,5,Veneto,Veneto,4905854,902745,18.4,1.06
541,2021-03-09,VEN,16566,7459,9107,9828,6338,400,ITH,ITH3,5,Veneto,Veneto,4905854,919311,18.74,0.34
542,2021-09-08,VEN,27758,14654,13104,5240,21719,799,ITH,ITH3,5,Veneto,Veneto,4905854,947069,19.3,0.57
543,2021-05-31,VEN,31656,16247,15409,20889,9936,831,ITH,ITH3,5,Veneto,Veneto,4905854,978725,19.95,0.65
544,2021-03-26,VEN,29619,13164,16455,23281,5469,869,ITH,ITH3,5,Veneto,Veneto,4905854,1008344,20.55,0.6
545,2021-06-12,VEN,48705,24502,24203,36404,10833,1468,ITH,ITH3,5,Veneto,Veneto,4905854,1057049,21.55,0.99
546,2021-07-13,VEN,43577,22615,20962,5422,37846,309,ITH,ITH3,5,Veneto,Veneto,4905854,1100626,22.43,0.89
547,2021-04-04,VEN,7790,3535,4255,6515,1148,127,ITH,ITH3,5,Veneto,Veneto,4905854,1108416,22.59,0.16
548,2021-08-05,VEN,39243,21444,17799,15712,22928,603,ITH,ITH3,5,Veneto,Veneto,4905854,1147659,23.39,0.8
549,2021-04-18,VEN,17531,7262,10269,9506,7567,458,ITH,ITH3,5,Veneto,Veneto,4905854,1165190,23.75,0.36
550,2021-01-08,VEN,9416,2837,6579,9402,0,14,ITH,ITH3,5,Veneto,Veneto,4905854,1174606,23.94,0.19
551,2021-04-30,VEN,50267,23621,26646,33164,15673,1430,ITH,ITH3,5,Veneto,Veneto,4905854,1224873,24.97,1.02
552,2021-01-20,VEN,1039,368,671,387,652,0,ITH,ITH3,5,Veneto,Veneto,4905854,1225912,24.99,0.02
553,2021-03-23,VEN,22229,10249,11980,16868,4718,643,ITH,ITH3,5,Veneto,Veneto,4905854,1248141,25.44,0.45
554,2021-05-19,VEN,33161,15186,17975,16227,15995,939,ITH,ITH3,5,Veneto,Veneto,4905854,1281302,26.12,0.68
555,2021-02-08,VEN,5007,1559,3448,1923,3078,6,ITH,ITH3,5,Veneto,Veneto,4905854,1286309,26.22,0.1
556,2021-04-06,VEN,29033,13367,15666,23258,5046,729,ITH,ITH3,5,Veneto,Veneto,4905854,1315342,26.81,0.59
557,2021-03-28,VEN,31315,13610,17705,26883,3615,817,ITH,ITH3,5,Veneto,Veneto,4905854,1346657,27.45,0.64
558,2021-06-19,VEN,49308,25084,24224,25678,22599,1031,ITH,ITH3,5,Veneto,Veneto,4905854,1395965,28.46,1.01
559,2021-07-06,VEN,36154,18628,17526,13205,22314,635,ITH,ITH3,5,Veneto,Veneto,4905854,1432119,29.19,0.74
560,2021-04-14,VEN,15944,6916,9028,8764,6634,546,ITH,ITH3,5,Veneto,Veneto,4905854,1448063,29.52,0.32
561,2021-01-04,VEN,6740,2037,4703,6738,0,2,ITH,ITH3,5,Veneto,Veneto,4905854,1454803,29.65,0.14
562,2021-05-02,VEN,37247,17266,19981,25607,10331,1309,ITH,ITH3,5,Veneto,Veneto,4905854,1492050,30.41,0.76
563,2021-06-14,VEN,42629,21561,21068,26294,15320,1015,ITH,ITH3,5,Veneto,Veneto,4905854,1534679,31.28,0.87
564,2021-03-06,VEN,10687,4357,6330,7216,3280,191,ITH,ITH3,5,Veneto,Veneto,4905854,1545366,31.5,0.22
565,2021-08-10,VEN,28493,15632,12861,16405,11478,610,ITH,ITH3,5,Veneto,Veneto,4905854,1573859,32.08,0.58
566,2020-12-30,VEN,699,245,454,699,0,0,ITH,ITH3,5,Veneto,Veneto,4905854,1574558,32.1,0.01
567,2021-01-11,VEN,7244,2102,5142,7243,0,1,ITH,ITH3,5,Veneto,Veneto,4905854,1581802,32.24,0.15
568,2021-04-21,VEN,32409,13205,19204,15566,16065,778,ITH,ITH3,5,Veneto,Veneto,4905854,1614211,32.9,0.66
569,2021-05-22,VEN,34845,16711,18134,12720,21453,672,ITH,ITH3,5,Veneto,Veneto,4905854,1649056,33.61,0.71
570,2021-02-11,VEN,4015,1238,2777,3349,628,38,ITH,ITH3,5,Veneto,Veneto,4905854,1653071,33.7,0.08
571,2021-01-28,VEN,9216,2666,6550,169,9045,2,ITH,ITH3,5,Veneto,Veneto,4905854,1662287,33.88,0.19
572,2021-01-23,VEN,4057,1250,2807,31,4026,0,ITH,ITH3,5,Veneto,Veneto,4905854,1666344,33.97,0.08
573,2021-06-29,VEN,45584,22738,22846,19051,25845,688,ITH,ITH3,5,Veneto,Veneto,4905854,1711928,34.9,0.93
574,2021-03-21,VEN,11992,4756,7236,8286,3466,240,ITH,ITH3,5,Veneto,Veneto,4905854,1723920,35.14,0.24
575,2021-01-16,VEN,4612,1542,3070,4612,0,0,ITH,ITH3,5,Veneto,Veneto,4905854,1728532,35.23,0.09
576,2021-09-01,VEN,21009,10748,10261,7623,12632,754,ITH,ITH3,5,Veneto,Veneto,4905854,1749541,35.66,0.43
577,2021-05-24,VEN,33093,16435,16658,7630,25054,409,ITH,ITH3,5,Veneto,Veneto,4905854,1782634,36.34,0.67
578,2021-08-15,VEN,3106,1763,1343,2617,426,63,ITH,ITH3,5,Veneto,Veneto,4905854,1785740,36.4,0.06
579,2021-01-09,VEN,7937,2539,5398,7932,0,5,ITH,ITH3,5,Veneto,Veneto,4905854,1793677,36.56,0.16
580,2021-03-18,VEN,12626,5145,7481,7037,5236,353,ITH,ITH3,5,Veneto,Veneto,4905854,1806303,36.82,0.26
581,2021-01-13,VEN,5989,1606,4383,5986,0,3,ITH,ITH3,5,Veneto,Veneto,4905854,1812292,36.94,0.12
582,2021-08-03,VEN,40737,21561,19176,17595,22427,715,ITH,ITH3,5,Veneto,Veneto,4905854,1853029,37.77,0.83
583,2021-04-25,VEN,18336,8155,10181,12902,4836,598,ITH,ITH3,5,Veneto,Veneto,4905854,1871365,38.15,0.37
584,2021-06-21,VEN,44339,22192,22147,20463,22968,908,ITH,ITH3,5,Veneto,Veneto,4905854,1915704,39.05,0.9
585,2021-01-06,VEN,8142,2391,5751,8139,0,3,ITH,ITH3,5,Veneto,Veneto,4905854,1923846,39.22,0.17
586,2021-06-23,VEN,49372,24459,24913,14554,34019,799,ITH,ITH3,5,Veneto,Veneto,4905854,1973218,40.22,1.01
587,2021-07-03,VEN,38706,20120,18586,11028,27103,575,ITH,ITH3,5,Veneto,Veneto,4905854,2011924,41.01,0.79
588,2021-06-16,VEN,47798,23580,24218,25260,21441,1097,ITH,ITH3,5,Veneto,Veneto,4905854,2059722,41.98,0.97
589,2021-01-01,VEN,1524,469,1055,1523,0,1,ITH,ITH3,5,Veneto,Veneto,4905854,2061246,42.02,0.03
590,2021-03-25,VEN,25976,11063,14913,18970,6105,901,ITH,ITH3,5,Veneto,Veneto,4905854,2087222,42.55,0.53
591,2021-04-11,VEN,21015,8878,12137,14228,6299,488,ITH,ITH3,5,Veneto,Veneto,4905854,2108237,42.97,0.43
592,2021-07-22,VEN,48401,25129,23272,13313,34436,652,ITH,ITH3,5,Veneto,Veneto,4905854,2156638,43.96,0.99
593,2021-04-13,VEN,14042,6330,7712,8055,5481,506,ITH,ITH3,5,Veneto,Veneto,4905854,2170680,44.25,0.29
594,2021-07-05,VEN,39143,20285,18858,14147,24197,799,ITH,ITH3,5,Veneto,Veneto,4905854,2209823,45.04,0.8
595,2021-01-03,VEN,5158,1562,3596,5158,0,0,ITH,ITH3,5,Veneto,Veneto,4905854,2214981,45.15,0.11
596,2021-03-08,VEN,13644,6282,7362,9304,4077,263,ITH,ITH3,5,Veneto,Veneto,4905854,2228625,45.43,0.28
597,2021-02-01,VEN,8563,2502,6061,157,8406,0,ITH,ITH3,5,Veneto,Veneto,4905854,2237188,45.6,0.17
598,2021-02-15,VEN,4392,1827,2565,4143,240,9,ITH,ITH3,5,Veneto,Veneto,4905854,2241580,45.69,0.09
599,2021-03-30,VEN,36006,15317,20689,29731,5252,1023,ITH,ITH3,5,Veneto,Veneto,4905854,2277586,46.43,0.73
600,2021-08-02,VEN,40102,21036,19066,16305,23169,628,ITH,ITH3,5,Veneto,Veneto,4905854,2317688,47.24,0.82
601,2021-04-10,VEN,27484,11988,15496,18375,8474,635,ITH,ITH3,5,Veneto,Veneto,4905854,2345172,47.8,0.56
602,2021-06-06,VEN,37450,19173,18277,31494,4731,1225,ITH,ITH3,5,Veneto,Veneto,4905854,2382622,48.57,0.76
603,2020-12-27,VEN,880,395,485,880,0,0,ITH,ITH3,5,Veneto,Veneto,4905854,2383502,48.58,0.02
604,2021-09-07,VEN,26484,14106,12378,5523,20235,726,ITH,ITH3,5,Veneto,Veneto,4905854,2409986,49.12,0.54
605,2021-05-30,VEN,22551,11273,11278,15206,6691,654,ITH,ITH3,5,Veneto,Veneto,4905854,2432537,49.58,0.46
606,2021-07-26,VEN,43649,22947,20702,17000,26017,632,ITH,ITH3,5,Veneto,Veneto,4905854,2476186,50.47,0.89
607,2021-03-02,VEN,11498,4628,6870,7935,3312,251,ITH,ITH3,5,Veneto,Veneto,4905854,2487684,50.71,0.23
608,2021-06-10,VEN,52410,27043,25367,41326,9381,1703,ITH,ITH3,5,Veneto,Veneto,4905854,2540094,51.78,1.07
609,2021-04-02,VEN,24121,10635,13486,17146,6332,643,ITH,ITH3,5,Veneto,Veneto,4905854,2564215,52.27,0.49
610,2021-03-15,VEN,16673,7331,9342,10956,5212,505,ITH,ITH3,5,Veneto,Veneto,4905854,2580888,52.61,0.34
611,2021-05-18,VEN,27035,12552,14483,12631,13639,765,ITH,ITH3,5,Veneto,Veneto,4905854,2607923,53.16,0.55
612,2021-06-30,VEN,45818,23103,22715,17871,27197,750,ITH,ITH3,5,Veneto,Veneto,4905854,2653741,54.09,0.93
613,2021-03-22,VEN,18156,8184,9972,12585,5050,521,ITH,ITH3,5,Veneto,Veneto,4905854,2671897,54.46,0.37
614,2021-03-13,VEN,17241,7312,9929,13735,3132,374,ITH,ITH3,5,Veneto,Veneto,4905854,2689138,54.81,0.35
615,2021-01-15,VEN,5880,1819,4061,5874,0,6,ITH,ITH3,5,Veneto,Veneto,4905854,2695018,54.93,0.12
616,2021-08-28,VEN,20855,11585,9270,8638,11479,738,ITH,ITH3,5,Veneto,Veneto,4905854,2715873,55.36,0.43
617,2021-05-20,VEN,44851,21263,23588,19363,24378,1110,ITH,ITH3,5,Veneto,Veneto,4905854,2760724,56.27,0.91
618,2021-06-18,VEN,53661,26781,26880,23981,28637,1043,ITH,ITH3,5,Veneto,Veneto,4905854,2814385,57.37,1.09
619,2021-09-09,VEN,29874,16521,13353,4228,25225,421,ITH,ITH3,5,Veneto,Veneto,4905854,2844259,57.98,0.61
620,2021-03-27,VEN,32093,14018,18075,25377,5807,909,ITH,ITH3,5,Veneto,Veneto,4905854,2876352,58.63,0.65
621,2021-06-03,VEN,54534,28044,26490,40875,12005,1654,ITH,ITH3,5,Veneto,Veneto,4905854,2930886,59.74,1.11
622,2021-09-03,VEN,32054,17159,14895,7545,23713,796,ITH,ITH3,5,Veneto,Veneto,4905854,2962940,60.4,0.65
623,2021-06-09,VEN,42838,21971,20867,33777,7506,1555,ITH,ITH3,5,Veneto,Veneto,4905854,3005778,61.27,0.87
624,2021-06-28,VEN,47674,24127,23547,18422,28548,704,ITH,ITH3,5,Veneto,Veneto,4905854,3053452,62.24,0.97
625,2021-01-25,VEN,6472,2077,4395,157,6315,0,ITH,ITH3,5,Veneto,Veneto,4905854,3059924,62.37,0.13
626,2021-07-29,VEN,47543,25134,22409,20154,26545,844,ITH,ITH3,5,Veneto,Veneto,4905854,3107467,63.34,0.97
627,2021-07-15,VEN,51448,26923,24525,6032,45037,379,ITH,ITH3,5,Veneto,Veneto,4905854,3158915,64.39,1.05
628,2021-03-14,VEN,15186,5945,9241,13844,894,448,ITH,ITH3,5,Veneto,Veneto,4905854,3174101,64.7,0.31
629,2021-05-10,VEN,36519,17087,19432,25416,9856,1247,ITH,ITH3,5,Veneto,Veneto,4905854,3210620,65.44,0.74
630,2021-01-30,VEN,8764,2680,6084,690,8074,0,ITH,ITH3,5,Veneto,Veneto,4905854,3219384,65.62,0.18
631,2021-03-07,VEN,4494,1768,2726,3862,560,72,ITH,ITH3,5,Veneto,Veneto,4905854,3223878,65.71,0.09
632,2021-07-19,VEN,44746,23569,21177,7962,36388,396,ITH,ITH3,5,Veneto,Veneto,4905854,3268624,66.63,0.91
633,2021-02-26,VEN,8298,3273,5025,6943,1260,95,ITH,ITH3,5,Veneto,Veneto,4905854,3276922,66.8,0.17
634,2021-04-24,VEN,24769,10831,13938,14965,9080,724,ITH,ITH3,5,Veneto,Veneto,4905854,3301691,67.3,0.5
635,2021-06-26,VEN,48091,24518,23573,13595,34006,490,ITH,ITH3,5,Veneto,Veneto,4905854,3349782,68.28,0.98
636,2021-05-07,VEN,48653,23312,25341,37606,8682,2365,ITH,ITH3,5,Veneto,Veneto,4905854,3398435,69.27,0.99
637,2021-01-27,VEN,7148,2069,5079,239,6908,1,ITH,ITH3,5,Veneto,Veneto,4905854,3405583,69.42,0.15
638,2021-02-09,VEN,5250,1892,3358,3431,1806,13,ITH,ITH3,5,Veneto,Veneto,4905854,3410833,69.53,0.11
639,2021-08-30,VEN,26906,14261,12645,7974,18313,619,ITH,ITH3,5,Veneto,Veneto,4905854,3437739,70.07,0.55
640,2021-04-20,VEN,22469,9509,12960,7881,14011,577,ITH,ITH3,5,Veneto,Veneto,4905854,3460208,70.53,0.46
641,2021-08-17,VEN,19253,10460,8793,11204,7587,462,ITH,ITH3,5,Veneto,Veneto,4905854,3479461,70.92,0.39
642,2021-05-09,VEN,35090,16144,18946,23788,10055,1247,ITH,ITH3,5,Veneto,Veneto,4905854,3514551,71.64,0.72
643,2021-05-26,VEN,31165,15234,15931,13987,16497,681,ITH,ITH3,5,Veneto,Veneto,4905854,3545716,72.28,0.64
644,2021-05-03,VEN,40711,19812,20899,32800,6439,1472,ITH,ITH3,5,Veneto,Veneto,4905854,3586427,73.11,0.83
645,2021-05-28,VEN,46964,22978,23986,23674,22081,1209,ITH,ITH3,5,Veneto,Veneto,4905854,3633391,74.06,0.96
646,2021-07-24,VEN,41707,22363,19344,13298,27774,635,ITH,ITH3,5,Veneto,Veneto,4905854,3675098,74.91,0.85
647,2021-07-10,VEN,43197,23216,19981,6303,36541,353,ITH,ITH3,5,Veneto,Veneto,4905854,3718295,75.79,0.88
648,2021-09-05,VEN,15189,8391,6798,3469,11428,292,ITH,ITH3,5,Veneto,Veneto,4905854,3733484,76.1,0.31
649,2021-09-04,VEN,23573,12882,10691,6048,16873,652,ITH,ITH3,5,Veneto,Veneto,4905854,3757057,76.58,0.48
650,2021-05-27,VEN,46668,22924,23744,22363,23259,1046,ITH,ITH3,5,Veneto,Veneto,4905854,3803725,77.53,0.95
651,2021-02-07,VEN,2316,863,1453,714,1601,1,ITH,ITH3,5,Veneto,Veneto,4905854,3806041,77.58,0.05
652,2021-09-06,VEN,28262,15187,13075,5817,21762,683,ITH,ITH3,5,Veneto,Veneto,4905854,3834303,78.16,0.58
653,2021-07-02,VEN,49568,25142,24426,16289,32495,784,ITH,ITH3,5,Veneto,Veneto,4905854,3883871,79.17,1.01
654,2021-03-24,VEN,22126,9581,12545,14664,6806,656,ITH,ITH3,5,Veneto,Veneto,4905854,3905997,79.62,0.45
655,2021-08-31,VEN,19766,10445,9321,6977,12191,598,ITH,ITH3,5,Veneto,Veneto,4905854,3925763,80.02,0.4
656,2021-03-01,VEN,9395,3717,5678,7410,1822,163,ITH,ITH3,5,Veneto,Veneto,4905854,3935158,80.21,0.19
657,2021-07-12,VEN,43247,22782,20465,4013,38912,322,ITH,ITH3,5,Veneto,Veneto,4905854,3978405,81.1,0.88
658,2021-04-03,VEN,21994,9646,12348,13866,7722,406,ITH,ITH3,5,Veneto,Veneto,4905854,4000399,81.54,0.45
659,2021-03-20,VEN,13035,5393,7642,10657,2082,296,ITH,ITH3,5,Veneto,Veneto,4905854,4013434,81.81,0.27
660,2021-06-20,VEN,41213,20068,21145,18927,21544,742,ITH,ITH3,5,Veneto,Veneto,4905854,4054647,82.65,0.84
661,2021-08-22,VEN,9246,5043,4203,5861,3107,278,ITH,ITH3,5,Veneto,Veneto,4905854,4063893,82.84,0.19
662,2021-05-14,VEN,46830,22275,24555,24286,20960,1584,ITH,ITH3,5,Veneto,Veneto,4905854,4110723,83.79,0.95
663,2021-02-20,VEN,6432,2019,4413,6276,75,81,ITH,ITH3,5,Veneto,Veneto,4905854,4117155,83.92,0.13
664,2021-06-02,VEN,20318,10239,10079,15347,4347,624,ITH,ITH3,5,Veneto,Veneto,4905854,4137473,84.34,0.41
665,2021-08-24,VEN,19895,10608,9287,8898,10462,535,ITH,ITH3,5,Veneto,Veneto,4905854,4157368,84.74,0.41
666,2021-09-10,VEN,11441,6316,5125,1392,9915,134,ITH,ITH3,5,Veneto,Veneto,4905854,4168809,84.98,0.23
667,2021-01-14,VEN,7066,1927,5139,7046,0,20,ITH,ITH3,5,Veneto,Veneto,4905854,4175875,85.12,0.14
668,2021-03-12,VEN,18665,8196,10469,11330,6752,583,ITH,ITH3,5,Veneto,Veneto,4905854,4194540,85.5,0.38
669,2021-04-17,VEN,22451,9099,13352,14374,7278,799,ITH,ITH3,5,Veneto,Veneto,4905854,4216991,85.96,0.46
670,2021-01-07,VEN,8361,2317,6044,8360,0,1,ITH,ITH3,5,Veneto,Veneto,4905854,4225352,86.13,0.17
671,2021-02-19,VEN,7323,3141,4182,6995,204,124,ITH,ITH3,5,Veneto,Veneto,4905854,4232675,86.28,0.15
672,2021-08-23,VEN,24513,13027,11486,10566,13233,714,ITH,ITH3,5,Veneto,Veneto,4905854,4257188,86.78,0.5
673,2021-02-21,VEN,4640,1212,3428,4516,5,119,ITH,ITH3,5,Veneto,Veneto,4905854,4261828,86.87,0.09
674,2021-05-15,VEN,36275,17520,18755,24819,10023,1433,ITH,ITH3,5,Veneto,Veneto,4905854,4298103,87.61,0.74
675,2021-06-01,VEN,26996,13569,13427,15787,10560,649,ITH,ITH3,5,Veneto,Veneto,4905854,4325099,88.16,0.55
676,2021-03-10,VEN,19044,8728,10316,12959,5686,399,ITH,ITH3,5,Veneto,Veneto,4905854,4344143,88.55,0.39
677,2021-02-13,VEN,3267,1473,1794,3231,20,16,ITH,ITH3,5,Veneto,Veneto,4905854,4347410,88.62,0.07
678,2021-01-10,VEN,5036,1673,3363,5035,0,1,ITH,ITH3,5,Veneto,Veneto,4905854,4352446,88.72,0.1
679,2021-05-23,VEN,34492,16470,18022,10620,23400,472,ITH,ITH3,5,Veneto,Veneto,4905854,4386938,89.42,0.7
680,2021-03-11,VEN,19838,8893,10945,13795,5576,467,ITH,ITH3,5,Veneto,Veneto,4905854,4406776,89.83,0.4
681,2021-07-17,VEN,40612,21484,19128,4292,35975,345,ITH,ITH3,5,Veneto,Veneto,4905854,4447388,90.65,0.83
682,2021-08-29,VEN,13389,7347,6042,4492,8573,324,ITH,ITH3,5,Veneto,Veneto,4905854,4460777,90.93,0.27
683,2021-05-21,VEN,44863,22065,22798,19798,23957,1108,ITH,ITH3,5,Veneto,Veneto,4905854,4505640,91.84,0.91
684,2021-06-13,VEN,37345,19259,18086,29317,6957,1071,ITH,ITH3,5,Veneto,Veneto,4905854,4542985,92.6,0.76
685,2021-01-21,VEN,2294,719,1575,19,2275,0,ITH,ITH3,5,Veneto,Veneto,4905854,4545279,92.65,0.05
686,2021-03-05,VEN,13341,5023,8318,9222,3674,445,ITH,ITH3,5,Veneto,Veneto,4905854,4558620,92.92,0.27
687,2021-09-02,VEN,22694,12116,10578,6087,15812,795,ITH,ITH3,5,Veneto,Veneto,4905854,4581314,93.38,0.46
688,2021-03-03,VEN,12102,4648,7454,8389,3502,211,ITH,ITH3,5,Veneto,Veneto,4905854,4593416,93.63,0.25
689,2021-06-11,VEN,47323,24621,22702,34711,11184,1428,ITH,ITH3,5,Veneto,Veneto,4905854,4640739,94.6,0.96
690,2021-06-25,VEN,51723,26167,25556,15075,36007,641,ITH,ITH3,5,Veneto,Veneto,4905854,4692462,95.65,1.05
691,2021-02-17,VEN,6022,2772,3250,5900,94,28,ITH,ITH3,5,Veneto,Veneto,4905854,4698484,95.77,0.12
692,2021-04-01,VEN,25405,11197,14208,18211,6414,780,ITH,ITH3,5,Veneto,Veneto,4905854,4723889,96.29,0.52
693,2021-04-15,VEN,20941,8653,12288,9361,10833,747,ITH,ITH3,5,Veneto,Veneto,4905854,4744830,96.72,0.43
694,2021-01-05,VEN,7335,2186,5149,7333,0,2,ITH,ITH3,5,Veneto,Veneto,4905854,4752165,96.87,0.15
695,2021-02-12,VEN,4314,1446,2868,3671,572,71,ITH,ITH3,5,Veneto,Veneto,4905854,4756479,96.96,0.09
696,2021-01-29,VEN,9029,2789,6240,365,8664,0,ITH,ITH3,5,Veneto,Veneto,4905854,4765508,97.14,0.18
697,2021-05-08,VEN,41529,18786,22743,28255,11836,1438,ITH,ITH3,5,Veneto,Veneto,4905854,4807037,97.99,0.85
698,2021-07-30,VEN,45588,24248,21340,22629,22083,876,ITH,ITH3,5,Veneto,Veneto,4905854,4852625,98.91,0.93
699,2021-08-16,VEN,19705,10668,9037,12958,6165,582,ITH,ITH3,5,Veneto,Veneto,4905854,4872330,99.32,0.4
700,2021-04-27,VEN,28213,12798,15415,20132,6916,1165,ITH,ITH3,5,Veneto,Veneto,4905854,4900543,99.89,0.58
701,2021-01-17,VEN,1933,781,1152,1584,349,0,ITH,ITH3,5,Veneto,Veneto,4905854,4902476,99.93,0.04
702,2021-02-03,VEN,5955,1672,4283,474,5477,4,ITH,ITH3,5,Veneto,Veneto,4905854,4908431,100.05,0.12
703,2021-08-07,VEN,28951,16294,12657,16331,12072,548,ITH,ITH3,5,Veneto,Veneto,4905854,4937382,100.64,0.59
704,2021-04-29,VEN,50332,23414,26918,35406,13184,1742,ITH,ITH3,5,Veneto,Veneto,4905854,4987714,101.67,1.03
705,2021-07-21,VEN,43279,22339,20940,8697,34084,498,ITH,ITH3,5,Veneto,Veneto,4905854,5030993,102.55,0.88
706,2021-02-05,VEN,8391,2541,5850,1407,6975,9,ITH,ITH3,5,Veneto,Veneto,4905854,5039384,102.72,0.17
707,2021-02-22,VEN,7019,3044,3975,6581,391,47,ITH,ITH3,5,Veneto,Veneto,4905854,5046403,102.86,0.14
708,2021-05-16,VEN,28422,14015,14407,20317,7081,1024,ITH,ITH3,5,Veneto,Veneto,4905854,5074825,103.44,0.58
709,2021-02-10,VEN,4762,1593,3169,3692,1061,9,ITH,ITH3,5,Veneto,Veneto,4905854,5079587,103.54,0.1
710,2021-04-08,VEN,32411,14388,18023,23345,7888,1178,ITH,ITH3,5,Veneto,Veneto,4905854,5111998,104.2,0.66
711,2021-06-04,VEN,49651,25840,23811,39832,8143,1676,ITH,ITH3,5,Veneto,Veneto,4905854,5161649,105.21,1.01
712,2021-07-14,VEN,43632,22431,21201,5282,37955,395,ITH,ITH3,5,Veneto,Veneto,4905854,5205281,106.1,0.89
713,2021-04-22,VEN,32077,13946,18131,15471,15780,826,ITH,ITH3,5,Veneto,Veneto,4905854,5237358,106.76,0.65
714,2021-07-31,VEN,35176,18902,16274,17033,17502,641,ITH,ITH3,5,Veneto,Veneto,4905854,5272534,107.47,0.72
715,2021-08-14,VEN,9918,5809,4109,7267,2401,250,ITH,ITH3,5,Veneto,Veneto,4905854,5282452,107.68,0.2
716,2021-06-27,VEN,40241,20558,19683,15347,24312,582,ITH,ITH3,5,Veneto,Veneto,4905854,5322693,108.5,0.82
717,2021-03-19,VEN,13804,5672,8132,7403,6106,295,ITH,ITH3,5,Veneto,Veneto,4905854,5336497,108.78,0.28
718,2021-08-09,VEN,34768,18642,16126,17132,16863,773,ITH,ITH3,5,Veneto,Veneto,4905854,5371265,109.49,0.71
719,2021-08-26,VEN,22314,11885,10429,8317,13390,607,ITH,ITH3,5,Veneto,Veneto,4905854,5393579,109.94,0.45
720,2021-02-24,VEN,8622,3680,4942,7998,489,135,ITH,ITH3,5,Veneto,Veneto,4905854,5402201,110.12,0.18
721,2021-06-22,VEN,43746,21630,22116,18502,24389,855,ITH,ITH3,5,Veneto,Veneto,4905854,5445947,111.01,0.89
722,2021-08-18,VEN,23323,12571,10752,14200,8442,681,ITH,ITH3,5,Veneto,Veneto,4905854,5469270,111.48,0.48
723,2021-08-04,VEN,42466,22682,19784,22607,18763,1096,ITH,ITH3,5,Veneto,Veneto,4905854,5511736,112.35,0.87
724,2021-06-08,VEN,43859,22677,21182,36186,6153,1520,ITH,ITH3,5,Veneto,Veneto,4905854,5555595,113.24,0.89
725,2021-05-25,VEN,27870,13453,14417,11274,16096,500,ITH,ITH3,5,Veneto,Veneto,4905854,5583465,113.81,0.57
726,2021-02-14,VEN,125,55,70,112,13,0,ITH,ITH3,5,Veneto,Veneto,4905854,5583590,113.81,0.0
727,2021-02-28,VEN,4136,1389,2747,3224,837,75,ITH,ITH3,5,Veneto,Veneto,4905854,5587726,113.9,0.08
728,2021-03-17,VEN,14646,5991,8655,7526,6797,323,ITH,ITH3,5,Veneto,Veneto,4905854,5602372,114.2,0.3
729,2020-12-31,VEN,3221,1042,2179,3221,0,0,ITH,ITH3,5,Veneto,Veneto,4905854,5605593,114.26,0.07
730,2021-07-04,VEN,33886,17580,16306,14991,18289,606,ITH,ITH3,5,Veneto,Veneto,4905854,5639479,114.95,0.69
731,2021-04-12,VEN,14920,6346,8574,6397,8219,304,ITH,ITH3,5,Veneto,Veneto,4905854,5654399,115.26,0.3
732,2021-01-02,VEN,5742,1766,3976,5741,0,1,ITH,ITH3,5,Veneto,Veneto,4905854,5660141,115.38,0.12
733,2021-01-19,VEN,1313,475,838,1163,149,1,ITH,ITH3,5,Veneto,Veneto,4905854,5661454,115.4,0.03
734,2021-04-26,VEN,20734,9461,11273,14912,5140,682,ITH,ITH3,5,Veneto,Veneto,4905854,5682188,115.82,0.42
735,2021-06-15,VEN,47845,24303,23542,29144,17547,1154,ITH,ITH3,5,Veneto,Veneto,4905854,5730033,116.8,0.98
736,2021-08-11,VEN,26786,14794,11992,15641,10570,575,ITH,ITH3,5,Veneto,Veneto,4905854,5756819,117.35,0.55
737,2021-07-28,VEN,40301,20924,19377,12055,27797,449,ITH,ITH3,5,Veneto,Veneto,4905854,5797120,118.17,0.82
738,2021-01-12,VEN,5231,1517,3714,5223,0,8,ITH,ITH3,5,Veneto,Veneto,4905854,5802351,118.27,0.11
739,2021-04-19,VEN,21558,8929,12629,4708,16420,430,ITH,ITH3,5,Veneto,Veneto,4905854,5823909,118.71,0.44
740,2021-04-05,VEN,19165,8376,10789,13422,5439,304,ITH,ITH3,5,Veneto,Veneto,4905854,5843074,119.1,0.39
741,2021-01-26,VEN,6925,2092,4833,149,6776,0,ITH,ITH3,5,Veneto,Veneto,4905854,5849999,119.25,0.14
742,2021-05-06,VEN,47056,22067,24989,36577,8499,1980,ITH,ITH3,5,Veneto,Veneto,4905854,5897055,120.2,0.96
743,2021-07-23,VEN,44497,23460,21037,15138,28786,573,ITH,ITH3,5,Veneto,Veneto,4905854,5941552,121.11,0.91
744,2021-05-01,VEN,38877,18252,20625,28711,8929,1237,ITH,ITH3,5,Veneto,Veneto,4905854,5980429,121.9,0.79
745,2021-08-12,VEN,24165,13082,11083,17293,6164,708,ITH,ITH3,5,Veneto,Veneto,4905854,6004594,122.4,0.49
746,2021-06-07,VEN,44701,23319,21382,36174,7043,1484,ITH,ITH3,5,Veneto,Veneto,4905854,6049295,123.31,0.91
747,2021-02-27,VEN,8994,2693,6301,7963,849,182,ITH,ITH3,5,Veneto,Veneto,4905854,6058289,123.49,0.18
748,2021-03-04,VEN,12990,4890,8100,9119,3479,392,ITH,ITH3,5,Veneto,Veneto,4905854,6071279,123.76,0.26
749,2021-07-07,VEN,40981,21322,19659,15643,24541,797,ITH,ITH3,5,Veneto,Veneto,4905854,6112260,124.59,0.84
750,2021-08-19,VEN,19555,10658,8897,12215,6812,528,ITH,ITH3,5,Veneto,Veneto,4905854,6131815,124.99,0.4
751,2021-05-11,VEN,33198,16515,16683,27144,4729,1325,ITH,ITH3,5,Veneto,Veneto,4905854,6165013,125.67,0.68
752,2021-01-22,VEN,1080,332,748,25,1055,0,ITH,ITH3,5,Veneto,Veneto,4905854,6166093,125.69,0.02
753,2021-08-21,VEN,12169,6868,5301,8270,3380,519,ITH,ITH3,5,Veneto,Veneto,4905854,6178262,125.94,0.25
754,2021-05-04,VEN,43033,20383,22650,33355,8033,1645,ITH,ITH3,5,Veneto,Veneto,4905854,6221295,126.81,0.88
755,2021-01-24,VEN,4117,1219,2898,28,4089,0,ITH,ITH3,5,Veneto,Veneto,4905854,6225412,126.9,0.08
756,2021-04-07,VEN,36064,16206,19858,27609,7341,1114,ITH,ITH3,5,Veneto,Veneto,4905854,6261476,127.63,0.74
757,2021-07-16,VEN,44741,24068,20673,6957,37323,461,ITH,ITH3,5,Veneto,Veneto,4905854,6306217,128.54,0.91
758,2021-01-31,VEN,4789,1566,3223,408,4381,0,ITH,ITH3,5,Veneto,Veneto,4905854,6311006,128.64,0.1
759,2021-03-29,VEN,31478,13707,17771,26646,3830,1002,ITH,ITH3,5,Veneto,Veneto,4905854,6342484,129.28,0.64
760,2021-05-13,VEN,44343,21882,22461,32577,9919,1847,ITH,ITH3,5,Veneto,Veneto,4905854,6386827,130.19,0.9
761,2021-02-02,VEN,6515,1881,4634,396,6119,0,ITH,ITH3,5,Veneto,Veneto,4905854,6393342,130.32,0.13
762,2021-07-09,VEN,45091,23782,21309,4126,40680,285,ITH,ITH3,5,Veneto,Veneto,4905854,6438433,131.24,0.92
763,2021-03-31,VEN,38980,16460,22520,30423,7508,1049,ITH,ITH3,5,Veneto,Veneto,4905854,6477413,132.03,0.79
764,2021-07-11,VEN,34239,17925,16314,3700,30284,255,ITH,ITH3,5,Veneto,Veneto,4905854,6511652,132.73,0.7
765,2021-03-26,LIG,9359,4042,5317,6094,3158,107,ITC,ITC3,7,Liguria,Liguria,1550640,9359,0.6,0.6
766,2021-07-04,LIG,4863,2583,2280,3804,1001,58,ITC,ITC3,7,Liguria,Liguria,1550640,14222,0.92,0.31
767,2021-01-02,LIG,693,247,446,693,0,0,ITC,ITC3,7,Liguria,Liguria,1550640,14915,0.96,0.04
768,2021-07-18,LIG,2384,1223,1161,384,1984,16,ITC,ITC3,7,Liguria,Liguria,1550640,17299,1.12,0.15
769,2021-06-05,LIG,8110,4132,3978,4924,3156,30,ITC,ITC3,7,Liguria,Liguria,1550640,25409,1.64,0.52
770,2021-04-09,LIG,12483,5569,6914,10560,1787,136,ITC,ITC3,7,Liguria,Liguria,1550640,37892,2.44,0.81
771,2021-03-31,LIG,11956,5292,6664,9072,2780,104,ITC,ITC3,7,Liguria,Liguria,1550640,49848,3.21,0.77
772,2021-03-14,LIG,1659,752,907,1043,604,12,ITC,ITC3,7,Liguria,Liguria,1550640,51507,3.32,0.11
773,2021-08-18,LIG,12216,6591,5625,4247,7848,121,ITC,ITC3,7,Liguria,Liguria,1550640,63723,4.11,0.79
774,2021-06-22,LIG,15820,7468,8352,7616,8138,66,ITC,ITC3,7,Liguria,Liguria,1550640,79543,5.13,1.02
775,2021-07-06,LIG,12374,6073,6301,5631,6655,88,ITC,ITC3,7,Liguria,Liguria,1550640,91917,5.93,0.8
776,2021-05-10,LIG,12663,5649,7014,6201,6382,80,ITC,ITC3,7,Liguria,Liguria,1550640,104580,6.74,0.82
777,2021-08-01,LIG,1490,856,634,152,1338,0,ITC,ITC3,7,Liguria,Liguria,1550640,106070,6.84,0.1
778,2021-02-16,LIG,2430,958,1472,1995,430,5,ITC,ITC3,7,Liguria,Liguria,1550640,108500,7.0,0.16
779,2021-07-23,LIG,20022,10314,9708,5137,14774,111,ITC,ITC3,7,Liguria,Liguria,1550640,128522,8.29,1.29
780,2021-05-27,LIG,17012,8720,8292,12677,4176,159,ITC,ITC3,7,Liguria,Liguria,1550640,145534,9.39,1.1
781,2021-04-14,LIG,13085,5675,7410,10753,2211,121,ITC,ITC3,7,Liguria,Liguria,1550640,158619,10.23,0.84
782,2021-06-15,LIG,17436,8472,8964,9277,8093,66,ITC,ITC3,7,Liguria,Liguria,1550640,176055,11.35,1.12
783,2021-03-07,LIG,1915,1139,776,1602,301,12,ITC,ITC3,7,Liguria,Liguria,1550640,177970,11.48,0.12
784,2021-09-08,LIG,7471,3902,3569,2130,5244,97,ITC,ITC3,7,Liguria,Liguria,1550640,185441,11.96,0.48
785,2021-06-17,LIG,16711,7942,8769,9084,7545,82,ITC,ITC3,7,Liguria,Liguria,1550640,202152,13.04,1.08
786,2020-12-28,LIG,80,30,50,80,0,0,ITC,ITC3,7,Liguria,Liguria,1550640,202232,13.04,0.01
787,2021-06-03,LIG,15553,7710,7843,9111,6390,52,ITC,ITC3,7,Liguria,Liguria,1550640,217785,14.04,1.0
788,2021-04-07,LIG,13694,6115,7579,11310,2292,92,ITC,ITC3,7,Liguria,Liguria,1550640,231479,14.93,0.88
789,2021-02-23,LIG,3809,1559,2250,3663,109,37,ITC,ITC3,7,Liguria,Liguria,1550640,235288,15.17,0.25
790,2021-08-10,LIG,13134,6558,6576,4281,8713,140,ITC,ITC3,7,Liguria,Liguria,1550640,248422,16.02,0.85
791,2021-05-03,LIG,13269,5924,7345,6361,6821,87,ITC,ITC3,7,Liguria,Liguria,1550640,261691,16.88,0.86
792,2021-08-11,LIG,13130,6734,6396,4785,8230,115,ITC,ITC3,7,Liguria,Liguria,1550640,274821,17.72,0.85
793,2021-03-21,LIG,551,220,331,69,482,0,ITC,ITC3,7,Liguria,Liguria,1550640,275372,17.76,0.04
794,2021-08-25,LIG,9355,5039,4316,3223,6024,108,ITC,ITC3,7,Liguria,Liguria,1550640,284727,18.36,0.6
795,2021-01-23,LIG,813,297,516,156,657,0,ITC,ITC3,7,Liguria,Liguria,1550640,285540,18.41,0.05
796,2021-06-29,LIG,15192,7238,7954,8637,6464,91,ITC,ITC3,7,Liguria,Liguria,1550640,300732,19.39,0.98
797,2021-05-17,LIG,12047,5528,6519,8608,3371,68,ITC,ITC3,7,Liguria,Liguria,1550640,312779,20.17,0.78
798,2021-04-26,LIG,10592,4998,5594,7864,2642,86,ITC,ITC3,7,Liguria,Liguria,1550640,323371,20.85,0.68
799,2021-01-16,LIG,1279,558,721,1274,0,5,ITC,ITC3,7,Liguria,Liguria,1550640,324650,20.94,0.08
800,2021-02-02,LIG,2675,1007,1668,127,2546,2,ITC,ITC3,7,Liguria,Liguria,1550640,327325,21.11,0.17
801,2021-04-28,LIG,14469,6527,7942,6381,8000,88,ITC,ITC3,7,Liguria,Liguria,1550640,341794,22.04,0.93
802,2021-08-06,LIG,12212,6206,6006,3971,8125,116,ITC,ITC3,7,Liguria,Liguria,1550640,354006,22.83,0.79
803,2021-05-29,LIG,6880,3261,3619,3980,2873,27,ITC,ITC3,7,Liguria,Liguria,1550640,360886,23.27,0.44
804,2021-09-06,LIG,8031,4151,3880,2727,5204,100,ITC,ITC3,7,Liguria,Liguria,1550640,368917,23.79,0.52
805,2021-07-25,LIG,6404,3272,3132,650,5743,11,ITC,ITC3,7,Liguria,Liguria,1550640,375321,24.2,0.41
806,2021-02-09,LIG,1956,696,1260,262,1691,3,ITC,ITC3,7,Liguria,Liguria,1550640,377277,24.33,0.13
807,2021-08-30,LIG,9784,5226,4558,2466,7240,78,ITC,ITC3,7,Liguria,Liguria,1550640,387061,24.96,0.63
808,2021-02-11,LIG,1990,772,1218,1093,888,9,ITC,ITC3,7,Liguria,Liguria,1550640,389051,25.09,0.13
809,2021-05-22,LIG,6657,3222,3435,4879,1687,91,ITC,ITC3,7,Liguria,Liguria,1550640,395708,25.52,0.43
810,2021-06-10,LIG,18895,9741,9154,13126,5676,93,ITC,ITC3,7,Liguria,Liguria,1550640,414603,26.74,1.22
811,2021-03-19,LIG,5303,2237,3066,2100,3152,51,ITC,ITC3,7,Liguria,Liguria,1550640,419906,27.08,0.34
812,2021-03-02,LIG,4082,1694,2388,3764,310,8,ITC,ITC3,7,Liguria,Liguria,1550640,423988,27.34,0.26
813,2021-07-11,LIG,2152,1195,957,1231,903,18,ITC,ITC3,7,Liguria,Liguria,1550640,426140,27.48,0.14
814,2021-06-14,LIG,15168,7323,7845,8212,6881,75,ITC,ITC3,7,Liguria,Liguria,1550640,441308,28.46,0.98
815,2021-02-25,LIG,3460,1350,2110,3308,130,22,ITC,ITC3,7,Liguria,Liguria,1550640,444768,28.68,0.22
816,2021-09-10,LIG,2221,1164,1057,607,1580,34,ITC,ITC3,7,Liguria,Liguria,1550640,446989,28.83,0.14
817,2021-06-02,LIG,8546,4349,4197,5337,3177,32,ITC,ITC3,7,Liguria,Liguria,1550640,455535,29.38,0.55
818,2021-06-19,LIG,7417,3777,3640,5692,1673,52,ITC,ITC3,7,Liguria,Liguria,1550640,462952,29.86,0.48
819,2021-01-30,LIG,1666,572,1094,22,1643,1,ITC,ITC3,7,Liguria,Liguria,1550640,464618,29.96,0.11
820,2021-03-28,LIG,1141,510,631,381,752,8,ITC,ITC3,7,Liguria,Liguria,1550640,465759,30.04,0.07
821,2021-08-29,LIG,738,420,318,173,562,3,ITC,ITC3,7,Liguria,Liguria,1550640,466497,30.08,0.05
822,2021-02-04,LIG,2820,990,1830,177,2643,0,ITC,ITC3,7,Liguria,Liguria,1550640,469317,30.27,0.18
823,2021-05-15,LIG,7325,3277,4048,4296,2963,66,ITC,ITC3,7,Liguria,Liguria,1550640,476642,30.74,0.47
824,2021-02-21,LIG,868,490,378,862,4,2,ITC,ITC3,7,Liguria,Liguria,1550640,477510,30.79,0.06
825,2021-04-23,LIG,14699,6654,8045,8459,6130,110,ITC,ITC3,7,Liguria,Liguria,1550640,492209,31.74,0.95
826,2021-03-11,LIG,6424,3103,3321,4359,2014,51,ITC,ITC3,7,Liguria,Liguria,1550640,498633,32.16,0.41
827,2021-01-13,LIG,2761,1016,1745,2760,0,1,ITC,ITC3,7,Liguria,Liguria,1550640,501394,32.33,0.18
828,2021-01-04,LIG,2625,857,1768,2624,0,1,ITC,ITC3,7,Liguria,Liguria,1550640,504019,32.5,0.17
829,2021-08-03,LIG,14139,7222,6917,3977,10069,93,ITC,ITC3,7,Liguria,Liguria,1550640,518158,33.42,0.91
830,2021-06-21,LIG,14854,7044,7810,8514,6261,79,ITC,ITC3,7,Liguria,Liguria,1550640,533012,34.37,0.96
831,2021-02-28,LIG,1060,580,480,1048,11,1,ITC,ITC3,7,Liguria,Liguria,1550640,534072,34.44,0.07
832,2021-09-01,LIG,8497,4474,4023,2716,5714,67,ITC,ITC3,7,Liguria,Liguria,1550640,542569,34.99,0.55
833,2021-01-28,LIG,2851,972,1879,37,2814,0,ITC,ITC3,7,Liguria,Liguria,1550640,545420,35.17,0.18
834,2021-06-24,LIG,11167,5451,5716,6224,4869,74,ITC,ITC3,7,Liguria,Liguria,1550640,556587,35.89,0.72
835,2021-04-02,LIG,11796,5223,6573,9221,2489,86,ITC,ITC3,7,Liguria,Liguria,1550640,568383,36.65,0.76
836,2021-04-21,LIG,14296,6461,7835,8861,5346,89,ITC,ITC3,7,Liguria,Liguria,1550640,582679,37.58,0.92
837,2021-07-30,LIG,16087,8336,7751,4663,11339,85,ITC,ITC3,7,Liguria,Liguria,1550640,598766,38.61,1.04
838,2021-08-13,LIG,10896,5628,5268,3929,6876,91,ITC,ITC3,7,Liguria,Liguria,1550640,609662,39.32,0.7
839,2021-05-08,LIG,7540,3337,4203,2274,5228,38,ITC,ITC3,7,Liguria,Liguria,1550640,617202,39.8,0.49
840,2021-01-25,LIG,2734,893,1841,474,2259,1,ITC,ITC3,7,Liguria,Liguria,1550640,619936,39.98,0.18
841,2021-05-05,LIG,13726,6143,7583,5178,8464,84,ITC,ITC3,7,Liguria,Liguria,1550640,633662,40.86,0.89
842,2021-08-17,LIG,9853,5171,4682,3643,6114,96,ITC,ITC3,7,Liguria,Liguria,1550640,643515,41.5,0.64
843,2021-03-04,LIG,4743,2118,2625,3840,848,55,ITC,ITC3,7,Liguria,Liguria,1550640,648258,41.81,0.31
844,2021-06-12,LIG,10264,4993,5271,7448,2760,56,ITC,ITC3,7,Liguria,Liguria,1550640,658522,42.47,0.66
845,2021-04-30,LIG,14440,6452,7988,5773,8580,87,ITC,ITC3,7,Liguria,Liguria,1550640,672962,43.4,0.93
846,2021-03-06,LIG,3306,1842,1464,2581,705,20,ITC,ITC3,7,Liguria,Liguria,1550640,676268,43.61,0.21
847,2021-01-22,LIG,1828,606,1222,1337,489,2,ITC,ITC3,7,Liguria,Liguria,1550640,678096,43.73,0.12
848,2021-02-18,LIG,2772,1128,1644,2425,339,8,ITC,ITC3,7,Liguria,Liguria,1550640,680868,43.91,0.18
849,2021-05-14,LIG,13165,5872,7293,8639,4352,174,ITC,ITC3,7,Liguria,Liguria,1550640,694033,44.76,0.85
850,2021-08-22,LIG,760,441,319,174,579,7,ITC,ITC3,7,Liguria,Liguria,1550640,694793,44.81,0.05
851,2021-05-31,LIG,14734,7390,7344,9122,5529,83,ITC,ITC3,7,Liguria,Liguria,1550640,709527,45.76,0.95
852,2021-03-09,LIG,5941,2757,3184,4450,1433,58,ITC,ITC3,7,Liguria,Liguria,1550640,715468,46.14,0.38
853,2021-02-20,LIG,1338,639,699,1335,1,2,ITC,ITC3,7,Liguria,Liguria,1550640,716806,46.23,0.09
854,2021-08-07,LIG,5199,2657,2542,1120,4056,23,ITC,ITC3,7,Liguria,Liguria,1550640,722005,46.56,0.34
855,2021-05-16,LIG,3712,1863,1849,2118,1567,27,ITC,ITC3,7,Liguria,Liguria,1550640,725717,46.8,0.24
856,2021-08-24,LIG,8734,4529,4205,2909,5736,89,ITC,ITC3,7,Liguria,Liguria,1550640,734451,47.36,0.56
857,2021-02-22,LIG,3349,1479,1870,3197,143,9,ITC,ITC3,7,Liguria,Liguria,1550640,737800,47.58,0.22
858,2021-02-06,LIG,1892,768,1124,145,1747,0,ITC,ITC3,7,Liguria,Liguria,1550640,739692,47.7,0.12
859,2021-09-05,LIG,1014,569,445,272,738,4,ITC,ITC3,7,Liguria,Liguria,1550640,740706,47.77,0.07
860,2021-06-11,LIG,17874,9100,8774,11726,6082,66,ITC,ITC3,7,Liguria,Liguria,1550640,758580,48.92,1.15
861,2021-04-15,LIG,11854,5242,6612,9891,1859,104,ITC,ITC3,7,Liguria,Liguria,1550640,770434,49.68,0.76
862,2021-04-08,LIG,13797,6183,7614,11613,2049,135,ITC,ITC3,7,Liguria,Liguria,1550640,784231,50.57,0.89
863,2021-07-17,LIG,6514,3359,3155,1800,4696,18,ITC,ITC3,7,Liguria,Liguria,1550640,790745,50.99,0.42
864,2021-07-31,LIG,8264,4413,3851,1309,6927,28,ITC,ITC3,7,Liguria,Liguria,1550640,799009,51.53,0.53
865,2021-06-04,LIG,14800,7267,7533,9226,5500,74,ITC,ITC3,7,Liguria,Liguria,1550640,813809,52.48,0.95
866,2021-01-09,LIG,1338,484,854,1337,0,1,ITC,ITC3,7,Liguria,Liguria,1550640,815147,52.57,0.09
867,2021-04-19,LIG,12841,5622,7219,8918,3834,89,ITC,ITC3,7,Liguria,Liguria,1550640,827988,53.4,0.83
868,2021-07-13,LIG,13106,6447,6659,3476,9580,50,ITC,ITC3,7,Liguria,Liguria,1550640,841094,54.24,0.85
869,2021-05-02,LIG,3981,1837,2144,503,3472,6,ITC,ITC3,7,Liguria,Liguria,1550640,845075,54.5,0.26
870,2021-05-04,LIG,13662,6095,7567,5361,8235,66,ITC,ITC3,7,Liguria,Liguria,1550640,858737,55.38,0.88
871,2021-08-12,LIG,12538,6449,6089,4602,7849,87,ITC,ITC3,7,Liguria,Liguria,1550640,871275,56.19,0.81
872,2021-05-09,LIG,2827,1245,1582,1085,1712,30,ITC,ITC3,7,Liguria,Liguria,1550640,874102,56.37,0.18
873,2021-01-29,LIG,3101,1070,2031,63,3038,0,ITC,ITC3,7,Liguria,Liguria,1550640,877203,56.57,0.2
874,2021-01-20,LIG,1560,557,1003,1547,12,1,ITC,ITC3,7,Liguria,Liguria,1550640,878763,56.67,0.1
875,2021-08-19,LIG,9829,5174,4655,2716,7014,99,ITC,ITC3,7,Liguria,Liguria,1550640,888592,57.3,0.63
876,2021-07-19,LIG,12111,6037,6074,3331,8699,81,ITC,ITC3,7,Liguria,Liguria,1550640,900703,58.09,0.78
877,2021-08-05,LIG,14253,7363,6890,4115,10051,87,ITC,ITC3,7,Liguria,Liguria,1550640,914956,59.01,0.92
878,2021-04-27,LIG,14823,6700,8123,7145,7611,67,ITC,ITC3,7,Liguria,Liguria,1550640,929779,59.96,0.96
879,2021-02-03,LIG,2320,792,1528,51,2269,0,ITC,ITC3,7,Liguria,Liguria,1550640,932099,60.11,0.15
880,2021-07-21,LIG,19210,9522,9688,3807,15323,80,ITC,ITC3,7,Liguria,Liguria,1550640,951309,61.35,1.24
881,2021-08-15,LIG,1410,785,625,848,529,33,ITC,ITC3,7,Liguria,Liguria,1550640,952719,61.44,0.09
882,2021-05-24,LIG,11894,5596,6298,9282,2512,100,ITC,ITC3,7,Liguria,Liguria,1550640,964613,62.21,0.77
883,2021-05-07,LIG,13618,6049,7569,5714,7812,92,ITC,ITC3,7,Liguria,Liguria,1550640,978231,63.09,0.88
884,2021-02-13,LIG,1080,508,572,797,280,3,ITC,ITC3,7,Liguria,Liguria,1550640,979311,63.16,0.07
885,2021-01-21,LIG,1109,385,724,677,431,1,ITC,ITC3,7,Liguria,Liguria,1550640,980420,63.23,0.07
886,2021-08-20,LIG,9429,5026,4403,3139,6198,92,ITC,ITC3,7,Liguria,Liguria,1550640,989849,63.83,0.61
887,2021-02-17,LIG,2701,1185,1516,2254,435,12,ITC,ITC3,7,Liguria,Liguria,1550640,992550,64.01,0.17
888,2021-07-24,LIG,11611,6041,5570,2309,9249,53,ITC,ITC3,7,Liguria,Liguria,1550640,1004161,64.76,0.75
889,2021-05-28,LIG,16325,8157,8168,11619,4561,145,ITC,ITC3,7,Liguria,Liguria,1550640,1020486,65.81,1.05
890,2021-01-05,LIG,2880,896,1984,2880,0,0,ITC,ITC3,7,Liguria,Liguria,1550640,1023366,66.0,0.19
891,2021-03-03,LIG,4586,1850,2736,3446,1030,110,ITC,ITC3,7,Liguria,Liguria,1550640,1027952,66.29,0.3
892,2021-07-29,LIG,18006,9214,8792,4411,13515,80,ITC,ITC3,7,Liguria,Liguria,1550640,1045958,67.45,1.16
893,2021-03-16,LIG,6091,2733,3358,2317,3735,39,ITC,ITC3,7,Liguria,Liguria,1550640,1052049,67.85,0.39
894,2021-07-09,LIG,12846,6333,6513,4179,8592,75,ITC,ITC3,7,Liguria,Liguria,1550640,1064895,68.67,0.83
895,2021-04-05,LIG,3985,1757,2228,2313,1651,21,ITC,ITC3,7,Liguria,Liguria,1550640,1068880,68.93,0.26
896,2021-06-07,LIG,15717,7670,8047,8621,7038,58,ITC,ITC3,7,Liguria,Liguria,1550640,1084597,69.95,1.01
897,2021-06-26,LIG,7230,3366,3864,4435,2724,71,ITC,ITC3,7,Liguria,Liguria,1550640,1091827,70.41,0.47
898,2021-07-10,LIG,6910,3486,3424,2726,4135,49,ITC,ITC3,7,Liguria,Liguria,1550640,1098737,70.86,0.45
899,2021-04-04,LIG,764,369,395,508,251,5,ITC,ITC3,7,Liguria,Liguria,1550640,1099501,70.91,0.05
900,2021-04-18,LIG,2619,1165,1454,2094,470,55,ITC,ITC3,7,Liguria,Liguria,1550640,1102120,71.08,0.17
901,2021-01-14,LIG,2983,1056,1927,2982,0,1,ITC,ITC3,7,Liguria,Liguria,1550640,1105103,71.27,0.19
902,2021-03-12,LIG,6223,2874,3349,3690,2475,58,ITC,ITC3,7,Liguria,Liguria,1550640,1111326,71.67,0.4
903,2021-07-01,LIG,13575,6546,7029,7296,6176,103,ITC,ITC3,7,Liguria,Liguria,1550640,1124901,72.54,0.88
904,2021-05-19,LIG,13585,5966,7619,10326,3127,132,ITC,ITC3,7,Liguria,Liguria,1550640,1138486,73.42,0.88
905,2021-03-23,LIG,9297,4235,5062,5993,3218,86,ITC,ITC3,7,Liguria,Liguria,1550640,1147783,74.02,0.6
906,2021-08-27,LIG,9209,4915,4294,2834,6301,74,ITC,ITC3,7,Liguria,Liguria,1550640,1156992,74.61,0.59
907,2021-07-15,LIG,14791,7483,7308,5143,9516,132,ITC,ITC3,7,Liguria,Liguria,1550640,1171783,75.57,0.95
908,2021-07-16,LIG,12633,6226,6407,3142,9436,55,ITC,ITC3,7,Liguria,Liguria,1550640,1184416,76.38,0.81
909,2021-05-11,LIG,13943,6400,7543,7199,6632,112,ITC,ITC3,7,Liguria,Liguria,1550640,1198359,77.28,0.9
910,2021-03-29,LIG,10594,4629,5965,7364,3135,95,ITC,ITC3,7,Liguria,Liguria,1550640,1208953,77.96,0.68
911,2021-01-31,LIG,625,271,354,4,621,0,ITC,ITC3,7,Liguria,Liguria,1550640,1209578,78.01,0.04
912,2021-07-07,LIG,11802,5652,6150,4924,6802,76,ITC,ITC3,7,Liguria,Liguria,1550640,1221380,78.77,0.76
913,2021-07-27,LIG,17443,8887,8556,4356,13005,82,ITC,ITC3,7,Liguria,Liguria,1550640,1238823,79.89,1.12
914,2021-01-08,LIG,2941,1002,1939,2939,0,2,ITC,ITC3,7,Liguria,Liguria,1550640,1241764,80.08,0.19
915,2021-01-27,LIG,1749,604,1145,139,1609,1,ITC,ITC3,7,Liguria,Liguria,1550640,1243513,80.19,0.11
916,2021-05-21,LIG,12872,5967,6905,9604,3135,133,ITC,ITC3,7,Liguria,Liguria,1550640,1256385,81.02,0.83
917,2021-02-27,LIG,1888,921,967,1755,129,4,ITC,ITC3,7,Liguria,Liguria,1550640,1258273,81.15,0.12
918,2021-04-29,LIG,15593,6983,8610,6644,8855,94,ITC,ITC3,7,Liguria,Liguria,1550640,1273866,82.15,1.01
919,2021-04-12,LIG,12394,5478,6916,10276,2022,96,ITC,ITC3,7,Liguria,Liguria,1550640,1286260,82.95,0.8
920,2021-01-19,LIG,1375,440,935,1281,90,4,ITC,ITC3,7,Liguria,Liguria,1550640,1287635,83.04,0.09
921,2021-02-05,LIG,2740,994,1746,299,2440,1,ITC,ITC3,7,Liguria,Liguria,1550640,1290375,83.22,0.18
922,2020-12-30,LIG,12,5,7,12,0,0,ITC,ITC3,7,Liguria,Liguria,1550640,1290387,83.22,0.0
923,2021-07-03,LIG,8828,4380,4448,5444,3331,53,ITC,ITC3,7,Liguria,Liguria,1550640,1299215,83.79,0.57
924,2021-04-11,LIG,4251,1930,2321,3958,249,44,ITC,ITC3,7,Liguria,Liguria,1550640,1303466,84.06,0.27
925,2021-07-20,LIG,13982,6883,7099,2713,11203,66,ITC,ITC3,7,Liguria,Liguria,1550640,1317448,84.96,0.9
926,2021-08-04,LIG,13860,6976,6884,3255,10498,107,ITC,ITC3,7,Liguria,Liguria,1550640,1331308,85.86,0.89
927,2021-02-24,LIG,3769,1562,2207,3458,259,52,ITC,ITC3,7,Liguria,Liguria,1550640,1335077,86.1,0.24
928,2021-03-24,LIG,9194,4039,5155,5820,3292,82,ITC,ITC3,7,Liguria,Liguria,1550640,1344271,86.69,0.59
929,2021-07-02,LIG,12995,6375,6620,6375,6521,99,ITC,ITC3,7,Liguria,Liguria,1550640,1357266,87.53,0.84
930,2020-12-31,LIG,990,352,638,990,0,0,ITC,ITC3,7,Liguria,Liguria,1550640,1358256,87.59,0.06
931,2021-04-10,LIG,7894,3564,4330,6905,914,75,ITC,ITC3,7,Liguria,Liguria,1550640,1366150,88.1,0.51
932,2021-01-17,LIG,866,301,565,865,0,1,ITC,ITC3,7,Liguria,Liguria,1550640,1367016,88.16,0.06
933,2021-01-11,LIG,2658,994,1664,2656,0,2,ITC,ITC3,7,Liguria,Liguria,1550640,1369674,88.33,0.17
934,2021-02-10,LIG,2325,840,1485,1017,1305,3,ITC,ITC3,7,Liguria,Liguria,1550640,1371999,88.48,0.15
935,2021-08-14,LIG,3209,1717,1492,894,2297,18,ITC,ITC3,7,Liguria,Liguria,1550640,1375208,88.69,0.21
936,2021-03-18,LIG,4991,2125,2866,1978,2983,30,ITC,ITC3,7,Liguria,Liguria,1550640,1380199,89.01,0.32
937,2021-04-01,LIG,12441,5519,6922,9587,2776,78,ITC,ITC3,7,Liguria,Liguria,1550640,1392640,89.81,0.8
938,2021-01-18,LIG,2146,749,1397,1987,157,2,ITC,ITC3,7,Liguria,Liguria,1550640,1394786,89.95,0.14
939,2021-08-08,LIG,1207,650,557,542,659,6,ITC,ITC3,7,Liguria,Liguria,1550640,1395993,90.03,0.08
940,2021-07-22,LIG,21453,10902,10551,4558,16783,112,ITC,ITC3,7,Liguria,Liguria,1550640,1417446,91.41,1.38
941,2021-02-01,LIG,2574,929,1645,101,2473,0,ITC,ITC3,7,Liguria,Liguria,1550640,1420020,91.58,0.17
942,2021-07-08,LIG,13674,6720,6954,6146,7422,106,ITC,ITC3,7,Liguria,Liguria,1550640,1433694,92.46,0.88
943,2021-05-12,LIG,12121,5491,6630,6611,5409,101,ITC,ITC3,7,Liguria,Liguria,1550640,1445815,93.24,0.78
944,2021-05-26,LIG,16699,8433,8266,12170,4383,146,ITC,ITC3,7,Liguria,Liguria,1550640,1462514,94.32,1.08
945,2021-03-30,LIG,12229,5432,6797,8753,3395,81,ITC,ITC3,7,Liguria,Liguria,1550640,1474743,95.11,0.79
946,2021-09-03,LIG,7362,4060,3302,2207,5084,71,ITC,ITC3,7,Liguria,Liguria,1550640,1482105,95.58,0.47
947,2020-12-29,LIG,125,33,92,125,0,0,ITC,ITC3,7,Liguria,Liguria,1550640,1482230,95.59,0.01
948,2021-01-12,LIG,2476,890,1586,2475,0,1,ITC,ITC3,7,Liguria,Liguria,1550640,1484706,95.75,0.16
949,2021-04-22,LIG,13882,6217,7665,8658,5090,134,ITC,ITC3,7,Liguria,Liguria,1550640,1498588,96.64,0.9
950,2021-07-12,LIG,13461,6465,6996,4152,9242,67,ITC,ITC3,7,Liguria,Liguria,1550640,1512049,97.51,0.87
951,2021-01-10,LIG,651,264,387,647,0,4,ITC,ITC3,7,Liguria,Liguria,1550640,1512700,97.55,0.04
952,2021-04-20,LIG,14252,6522,7730,9742,4359,151,ITC,ITC3,7,Liguria,Liguria,1550640,1526952,98.47,0.92
953,2021-04-06,LIG,13266,5905,7361,10894,2265,107,ITC,ITC3,7,Liguria,Liguria,1550640,1540218,99.33,0.86
954,2021-02-08,LIG,1983,744,1239,299,1684,0,ITC,ITC3,7,Liguria,Liguria,1550640,1542201,99.46,0.13
955,2020-12-27,LIG,135,56,79,134,0,1,ITC,ITC3,7,Liguria,Liguria,1550640,1542336,99.46,0.01
956,2021-09-02,LIG,8452,4505,3947,2854,5517,81,ITC,ITC3,7,Liguria,Liguria,1550640,1550788,100.01,0.55
957,2021-06-08,LIG,18128,9044,9084,11394,6653,81,ITC,ITC3,7,Liguria,Liguria,1550640,1568916,101.18,1.17
958,2021-03-17,LIG,5560,2371,3189,2456,3085,19,ITC,ITC3,7,Liguria,Liguria,1550640,1574476,101.54,0.36
959,2021-06-25,LIG,13849,6620,7229,6858,6921,70,ITC,ITC3,7,Liguria,Liguria,1550640,1588325,102.43,0.89
960,2021-09-07,LIG,7795,4123,3672,2652,5056,87,ITC,ITC3,7,Liguria,Liguria,1550640,1596120,102.93,0.5
961,2021-06-16,LIG,16413,7930,8483,9197,7135,81,ITC,ITC3,7,Liguria,Liguria,1550640,1612533,103.99,1.06
962,2021-03-08,LIG,5631,2462,3169,3907,1692,32,ITC,ITC3,7,Liguria,Liguria,1550640,1618164,104.35,0.36
963,2021-03-25,LIG,9784,4236,5548,6244,3397,143,ITC,ITC3,7,Liguria,Liguria,1550640,1627948,104.99,0.63
964,2021-01-01,LIG,146,56,90,146,0,0,ITC,ITC3,7,Liguria,Liguria,1550640,1628094,104.99,0.01
965,2021-02-15,LIG,2264,839,1425,1853,399,12,ITC,ITC3,7,Liguria,Liguria,1550640,1630358,105.14,0.15
966,2021-01-03,LIG,738,233,505,736,0,2,ITC,ITC3,7,Liguria,Liguria,1550640,1631096,105.19,0.05
967,2021-08-31,LIG,9549,5048,4501,2655,6837,57,ITC,ITC3,7,Liguria,Liguria,1550640,1640645,105.8,0.62
968,2021-05-23,LIG,2310,1121,1189,1172,1124,14,ITC,ITC3,7,Liguria,Liguria,1550640,1642955,105.95,0.15
969,2021-03-01,LIG,3541,1447,2094,3386,136,19,ITC,ITC3,7,Liguria,Liguria,1550640,1646496,106.18,0.23
970,2021-06-09,LIG,19105,9589,9516,12446,6588,71,ITC,ITC3,7,Liguria,Liguria,1550640,1665601,107.41,1.23
971,2021-07-14,LIG,11527,5675,5852,3413,8041,73,ITC,ITC3,7,Liguria,Liguria,1550640,1677128,108.16,0.74
972,2021-07-28,LIG,18481,9522,8959,5799,12552,130,ITC,ITC3,7,Liguria,Liguria,1550640,1695609,109.35,1.19
973,2021-05-06,LIG,14541,6446,8095,6072,8340,129,ITC,ITC3,7,Liguria,Liguria,1550640,1710150,110.29,0.94
974,2021-01-26,LIG,2490,809,1681,16,2474,0,ITC,ITC3,7,Liguria,Liguria,1550640,1712640,110.45,0.16
975,2021-03-27,LIG,3935,1549,2386,2515,1397,23,ITC,ITC3,7,Liguria,Liguria,1550640,1716575,110.7,0.25
976,2021-07-05,LIG,11932,5778,6154,5305,6546,81,ITC,ITC3,7,Liguria,Liguria,1550640,1728507,111.47,0.77
977,2021-04-13,LIG,13089,5875,7214,10948,2029,112,ITC,ITC3,7,Liguria,Liguria,1550640,1741596,112.31,0.84
978,2021-07-26,LIG,17683,9023,8660,4719,12857,107,ITC,ITC3,7,Liguria,Liguria,1550640,1759279,113.46,1.14
979,2021-01-07,LIG,3226,1096,2130,3223,0,3,ITC,ITC3,7,Liguria,Liguria,1550640,1762505,113.66,0.21
980,2021-06-13,LIG,5642,2706,2936,5136,456,50,ITC,ITC3,7,Liguria,Liguria,1550640,1768147,114.03,0.36
981,2021-04-17,LIG,7393,3219,4174,6581,755,57,ITC,ITC3,7,Liguria,Liguria,1550640,1775540,114.5,0.48
982,2021-05-01,LIG,7153,3260,3893,1314,5809,30,ITC,ITC3,7,Liguria,Liguria,1550640,1782693,114.96,0.46
983,2021-03-05,LIG,4874,2154,2720,3690,1137,47,ITC,ITC3,7,Liguria,Liguria,1550640,1787567,115.28,0.31
984,2021-08-09,LIG,12000,6104,5896,4347,7528,125,ITC,ITC3,7,Liguria,Liguria,1550640,1799567,116.05,0.77
985,2021-04-03,LIG,5410,2500,2910,4435,944,31,ITC,ITC3,7,Liguria,Liguria,1550640,1804977,116.4,0.35
986,2021-01-24,LIG,762,242,520,116,646,0,ITC,ITC3,7,Liguria,Liguria,1550640,1805739,116.45,0.05
987,2021-06-27,LIG,1950,895,1055,681,1253,16,ITC,ITC3,7,Liguria,Liguria,1550640,1807689,116.58,0.13
988,2021-08-21,LIG,3060,1663,1397,896,2118,46,ITC,ITC3,7,Liguria,Liguria,1550640,1810749,116.77,0.2
989,2021-05-13,LIG,13328,6093,7235,8896,4273,159,ITC,ITC3,7,Liguria,Liguria,1550640,1824077,117.63,0.86
990,2021-02-19,LIG,3223,1307,1916,3033,176,14,ITC,ITC3,7,Liguria,Liguria,1550640,1827300,117.84,0.21
991,2021-05-30,LIG,3308,1615,1693,1338,1947,23,ITC,ITC3,7,Liguria,Liguria,1550640,1830608,118.05,0.21
992,2021-08-23,LIG,10567,5514,5053,3537,6925,105,ITC,ITC3,7,Liguria,Liguria,1550640,1841175,118.74,0.68
993,2021-06-06,LIG,3814,2032,1782,2937,862,15,ITC,ITC3,7,Liguria,Liguria,1550640,1844989,118.98,0.25
994,2021-04-24,LIG,8221,3798,4423,4984,3155,82,ITC,ITC3,7,Liguria,Liguria,1550640,1853210,119.51,0.53
995,2021-02-26,LIG,3771,1526,2245,3417,329,25,ITC,ITC3,7,Liguria,Liguria,1550640,1856981,119.76,0.24
996,2021-08-02,LIG,13110,6516,6594,2972,10057,81,ITC,ITC3,7,Liguria,Liguria,1550640,1870091,120.6,0.85
997,2021-06-20,LIG,1336,658,678,1045,275,16,ITC,ITC3,7,Liguria,Liguria,1550640,1871427,120.69,0.09
998,2021-02-12,LIG,1941,691,1250,896,1044,1,ITC,ITC3,7,Liguria,Liguria,1550640,1873368,120.81,0.13
999,2021-08-16,LIG,9917,5130,4787,3768,6049,100,ITC,ITC3,7,Liguria,Liguria,1550640,1883285,121.45,0.64
1000,2021-03-15,LIG,7371,3123,4248,4502,2822,47,ITC,ITC3,7,Liguria,Liguria,1550640,1890656,121.93,0.48
1001,2021-06-01,LIG,16355,8237,8118,10918,5376,61,ITC,ITC3,7,Liguria,Liguria,1550640,1907011,122.98,1.05
1002,2021-09-09,LIG,7711,4127,3584,2540,5074,97,ITC,ITC3,7,Liguria,Liguria,1550640,1914722,123.48,0.5
1003,2021-06-18,LIG,15428,7510,7918,8118,7225,85,ITC,ITC3,7,Liguria,Liguria,1550640,1930150,124.47,0.99
1004,2021-03-10,LIG,5924,2868,3056,3952,1917,55,ITC,ITC3,7,Liguria,Liguria,1550640,1936074,124.86,0.38
1005,2021-04-16,LIG,12013,5296,6717,10023,1833,157,ITC,ITC3,7,Liguria,Liguria,1550640,1948087,125.63,0.77
1006,2021-01-06,LIG,1666,618,1048,1663,0,3,ITC,ITC3,7,Liguria,Liguria,1550640,1949753,125.74,0.11
1007,2021-06-28,LIG,11627,5627,6000,7218,4314,95,ITC,ITC3,7,Liguria,Liguria,1550640,1961380,126.49,0.75
1008,2021-03-20,LIG,2317,995,1322,1130,1174,13,ITC,ITC3,7,Liguria,Liguria,1550640,1963697,126.64,0.15
1009,2021-08-26,LIG,9052,4738,4314,2626,6358,68,ITC,ITC3,7,Liguria,Liguria,1550640,1972749,127.22,0.58
1010,2021-06-30,LIG,15100,7206,7894,8190,6821,89,ITC,ITC3,7,Liguria,Liguria,1550640,1987849,128.2,0.97
1011,2021-01-15,LIG,2264,756,1508,2259,0,5,ITC,ITC3,7,Liguria,Liguria,1550640,1990113,128.34,0.15
1012,2021-04-25,LIG,1936,921,1015,1509,415,12,ITC,ITC3,7,Liguria,Liguria,1550640,1992049,128.47,0.12
1013,2021-03-13,LIG,3853,1638,2215,2964,859,30,ITC,ITC3,7,Liguria,Liguria,1550640,1995902,128.71,0.25
1014,2021-06-23,LIG,14354,6867,7487,9060,5208,86,ITC,ITC3,7,Liguria,Liguria,1550640,2010256,129.64,0.93
1015,2021-02-14,LIG,233,122,111,233,0,0,ITC,ITC3,7,Liguria,Liguria,1550640,2010489,129.66,0.02
1016,2021-05-25,LIG,14279,6959,7320,10958,3195,126,ITC,ITC3,7,Liguria,Liguria,1550640,2024768,130.58,0.92
1017,2021-09-04,LIG,3017,1684,1333,879,2112,26,ITC,ITC3,7,Liguria,Liguria,1550640,2027785,130.77,0.19
1018,2021-03-22,LIG,7759,3476,4283,4743,2943,73,ITC,ITC3,7,Liguria,Liguria,1550640,2035544,131.27,0.5
1019,2021-02-07,LIG,407,153,254,2,405,0,ITC,ITC3,7,Liguria,Liguria,1550640,2035951,131.3,0.03
1020,2021-05-18,LIG,13500,6135,7365,10057,3316,127,ITC,ITC3,7,Liguria,Liguria,1550640,2049451,132.17,0.87
1021,2021-08-28,LIG,4130,2337,1793,1007,3098,25,ITC,ITC3,7,Liguria,Liguria,1550640,2053581,132.43,0.27
1022,2021-05-20,LIG,12952,6010,6942,8791,4040,121,ITC,ITC3,7,Liguria,Liguria,1550640,2066533,133.27,0.84
1023,2021-03-28,LOM,20640,7882,12758,13968,6287,385,ITC,ITC4,3,Lombardia,Lombardia,10060574,20640,0.21,0.21
1024,2021-04-14,LOM,47238,21049,26189,33538,12987,713,ITC,ITC4,3,Lombardia,Lombardia,10060574,67878,0.67,0.47
1025,2021-01-04,LOM,6135,2120,4015,6128,0,7,ITC,ITC4,3,Lombardia,Lombardia,10060574,74013,0.74,0.06
1026,2021-06-19,LOM,104407,52032,52375,56230,46753,1424,ITC,ITC4,3,Lombardia,Lombardia,10060574,178420,1.77,1.04
1027,2021-07-06,LOM,102185,50887,51298,23098,77671,1416,ITC,ITC4,3,Lombardia,Lombardia,10060574,280605,2.79,1.02
1028,2021-07-20,LOM,95026,49095,45931,6918,87369,739,ITC,ITC4,3,Lombardia,Lombardia,10060574,375631,3.73,0.94
1029,2021-02-04,LOM,28019,8169,19850,2049,25965,5,ITC,ITC4,3,Lombardia,Lombardia,10060574,403650,4.01,0.28
1030,2021-07-18,LOM,97106,50592,46514,8542,87870,694,ITC,ITC4,3,Lombardia,Lombardia,10060574,500756,4.98,0.97
1031,2021-04-09,LOM,52459,22396,30063,35592,16022,845,ITC,ITC4,3,Lombardia,Lombardia,10060574,553215,5.5,0.52
1032,2021-07-13,LOM,108717,56843,51874,15458,92026,1233,ITC,ITC4,3,Lombardia,Lombardia,10060574,661932,6.58,1.08
1033,2021-01-16,LOM,15648,5786,9862,15637,0,11,ITC,ITC4,3,Lombardia,Lombardia,10060574,677580,6.74,0.16
1034,2021-08-15,LOM,7000,3988,3012,2933,3884,183,ITC,ITC4,3,Lombardia,Lombardia,10060574,684580,6.8,0.07
1035,2021-09-01,LOM,60205,32354,27851,30533,25942,3730,ITC,ITC4,3,Lombardia,Lombardia,10060574,744785,7.4,0.6
1036,2021-05-24,LOM,89625,43529,46096,48602,40086,937,ITC,ITC4,3,Lombardia,Lombardia,10060574,834410,8.29,0.89
1037,2021-02-11,LOM,17136,5026,12110,9636,7421,79,ITC,ITC4,3,Lombardia,Lombardia,10060574,851546,8.46,0.17
1038,2021-07-08,LOM,114712,58457,56255,13230,100457,1025,ITC,ITC4,3,Lombardia,Lombardia,10060574,966258,9.6,1.14
1039,2021-07-25,LOM,86639,45737,40902,9422,76436,781,ITC,ITC4,3,Lombardia,Lombardia,10060574,1052897,10.47,0.86
1040,2021-04-16,LOM,53733,23941,29792,38416,14396,921,ITC,ITC4,3,Lombardia,Lombardia,10060574,1106630,11.0,0.53
1041,2021-05-03,LOM,83751,39784,43967,69441,12143,2167,ITC,ITC4,3,Lombardia,Lombardia,10060574,1190381,11.83,0.83
1042,2021-01-23,LOM,1127,361,766,925,199,3,ITC,ITC4,3,Lombardia,Lombardia,10060574,1191508,11.84,0.01
1043,2021-04-04,LOM,7615,3232,4383,3682,3899,34,ITC,ITC4,3,Lombardia,Lombardia,10060574,1199123,11.92,0.08
1044,2021-04-02,LOM,41419,16954,24465,26215,14649,555,ITC,ITC4,3,Lombardia,Lombardia,10060574,1240542,12.33,0.41
1045,2021-08-12,LOM,56896,31254,25642,21997,33520,1379,ITC,ITC4,3,Lombardia,Lombardia,10060574,1297438,12.9,0.57
1046,2021-01-09,LOM,12509,4612,7897,12501,0,8,ITC,ITC4,3,Lombardia,Lombardia,10060574,1309947,13.02,0.12
1047,2021-03-07,LOM,12098,5365,6733,9339,2563,196,ITC,ITC4,3,Lombardia,Lombardia,10060574,1322045,13.14,0.12
1048,2021-01-27,LOM,8073,2688,5385,807,7264,2,ITC,ITC4,3,Lombardia,Lombardia,10060574,1330118,13.22,0.08
1049,2021-07-03,LOM,102515,51719,50796,44539,55866,2110,ITC,ITC4,3,Lombardia,Lombardia,10060574,1432633,14.24,1.02
1050,2021-03-25,LOM,43049,16097,26952,29252,12881,916,ITC,ITC4,3,Lombardia,Lombardia,10060574,1475682,14.67,0.43
1051,2021-08-29,LOM,25185,13529,11656,12725,11159,1301,ITC,ITC4,3,Lombardia,Lombardia,10060574,1500867,14.92,0.25
1052,2021-08-27,LOM,35740,19220,16520,18531,14622,2587,ITC,ITC4,3,Lombardia,Lombardia,10060574,1536607,15.27,0.36
1053,2021-06-05,LOM,102451,52962,49489,91104,9834,1513,ITC,ITC4,3,Lombardia,Lombardia,10060574,1639058,16.29,1.02
1054,2021-03-14,LOM,14883,5349,9534,11215,3290,378,ITC,ITC4,3,Lombardia,Lombardia,10060574,1653941,16.44,0.15
1055,2021-09-08,LOM,58091,31716,26375,13491,42866,1734,ITC,ITC4,3,Lombardia,Lombardia,10060574,1712032,17.02,0.58
1056,2021-05-31,LOM,95746,47433,48313,78388,16255,1103,ITC,ITC4,3,Lombardia,Lombardia,10060574,1807778,17.97,0.95
1057,2021-07-27,LOM,104942,56846,48096,7482,96757,703,ITC,ITC4,3,Lombardia,Lombardia,10060574,1912720,19.01,1.04
1058,2021-03-26,LOM,41379,15730,25649,27503,13193,683,ITC,ITC4,3,Lombardia,Lombardia,10060574,1954099,19.42,0.41
1059,2021-05-22,LOM,70685,33871,36814,31727,38242,716,ITC,ITC4,3,Lombardia,Lombardia,10060574,2024784,20.13,0.7
1060,2021-05-29,LOM,88397,42443,45954,41396,46155,846,ITC,ITC4,3,Lombardia,Lombardia,10060574,2113181,21.0,0.88
1061,2021-02-18,LOM,14065,4931,9134,12828,1038,199,ITC,ITC4,3,Lombardia,Lombardia,10060574,2127246,21.14,0.14
1062,2021-02-16,LOM,9529,3081,6448,8977,451,101,ITC,ITC4,3,Lombardia,Lombardia,10060574,2136775,21.24,0.09
1063,2021-06-10,LOM,102733,52273,50460,86426,14504,1803,ITC,ITC4,3,Lombardia,Lombardia,10060574,2239508,22.26,1.02
1064,2021-03-02,LOM,22842,9711,13131,19529,3047,266,ITC,ITC4,3,Lombardia,Lombardia,10060574,2262350,22.49,0.23
1065,2021-08-20,LOM,27134,15013,12121,14131,11908,1095,ITC,ITC4,3,Lombardia,Lombardia,10060574,2289484,22.76,0.27
1066,2021-04-11,LOM,32231,13947,18284,24321,7397,513,ITC,ITC4,3,Lombardia,Lombardia,10060574,2321715,23.08,0.32
1067,2021-01-01,LOM,24,7,17,24,0,0,ITC,ITC4,3,Lombardia,Lombardia,10060574,2321739,23.08,0.0
1068,2021-06-07,LOM,99040,50445,48595,84031,13383,1626,ITC,ITC4,3,Lombardia,Lombardia,10060574,2420779,24.06,0.98
1069,2021-02-27,LOM,13955,5876,8079,13153,645,157,ITC,ITC4,3,Lombardia,Lombardia,10060574,2434734,24.2,0.14
1070,2020-12-30,LOM,115,42,73,115,0,0,ITC,ITC4,3,Lombardia,Lombardia,10060574,2434849,24.2,0.0
1071,2021-06-16,LOM,99375,50481,48894,49854,48367,1154,ITC,ITC4,3,Lombardia,Lombardia,10060574,2534224,25.19,0.99
1072,2021-06-21,LOM,113388,58088,55300,78225,32989,2174,ITC,ITC4,3,Lombardia,Lombardia,10060574,2647612,26.32,1.13
1073,2021-09-10,LOM,23169,12539,10630,4150,18470,549,ITC,ITC4,3,Lombardia,Lombardia,10060574,2670781,26.55,0.23
1074,2021-06-02,LOM,84712,43617,41095,76987,6404,1321,ITC,ITC4,3,Lombardia,Lombardia,10060574,2755493,27.39,0.84
1075,2021-03-11,LOM,36281,13505,22776,25638,9956,687,ITC,ITC4,3,Lombardia,Lombardia,10060574,2791774,27.75,0.36
1076,2021-05-21,LOM,93935,45281,48654,28391,64783,761,ITC,ITC4,3,Lombardia,Lombardia,10060574,2885709,28.68,0.93
1077,2021-05-07,LOM,92463,43755,48708,67943,22472,2048,ITC,ITC4,3,Lombardia,Lombardia,10060574,2978172,29.6,0.92
1078,2021-02-23,LOM,11835,4807,7028,11292,332,211,ITC,ITC4,3,Lombardia,Lombardia,10060574,2990007,29.72,0.12
1079,2021-08-08,LOM,58839,31955,26884,16679,41365,795,ITC,ITC4,3,Lombardia,Lombardia,10060574,3048846,30.3,0.58
1080,2021-08-25,LOM,44516,24043,20473,21655,19752,3109,ITC,ITC4,3,Lombardia,Lombardia,10060574,3093362,30.75,0.44
1081,2021-05-17,LOM,94697,45375,49322,29504,64444,749,ITC,ITC4,3,Lombardia,Lombardia,10060574,3188059,31.69,0.94
1082,2021-07-29,LOM,74428,40430,33998,33777,38700,1951,ITC,ITC4,3,Lombardia,Lombardia,10060574,3262487,32.43,0.74
1083,2021-08-01,LOM,53146,28437,24709,27343,24264,1539,ITC,ITC4,3,Lombardia,Lombardia,10060574,3315633,32.96,0.53
1084,2021-04-23,LOM,73648,33376,40272,55555,16656,1437,ITC,ITC4,3,Lombardia,Lombardia,10060574,3389281,33.69,0.73
1085,2021-08-06,LOM,85611,46653,38958,17800,66960,851,ITC,ITC4,3,Lombardia,Lombardia,10060574,3474892,34.54,0.85
1086,2021-04-28,LOM,95804,43692,52112,66884,26948,1972,ITC,ITC4,3,Lombardia,Lombardia,10060574,3570696,35.49,0.95
1087,2021-06-24,LOM,109765,56739,53026,78373,29013,2379,ITC,ITC4,3,Lombardia,Lombardia,10060574,3680461,36.58,1.09
1088,2021-03-16,LOM,25540,10134,15406,16309,9109,122,ITC,ITC4,3,Lombardia,Lombardia,10060574,3706001,36.84,0.25
1089,2021-05-12,LOM,87570,41776,45794,57284,27608,2678,ITC,ITC4,3,Lombardia,Lombardia,10060574,3793571,37.71,0.87
1090,2020-12-28,LOM,108,47,61,108,0,0,ITC,ITC4,3,Lombardia,Lombardia,10060574,3793679,37.71,0.0
1091,2021-04-21,LOM,71892,32583,39309,55816,14700,1376,ITC,ITC4,3,Lombardia,Lombardia,10060574,3865571,38.42,0.71
1092,2021-01-11,LOM,16315,5394,10921,16305,0,10,ITC,ITC4,3,Lombardia,Lombardia,10060574,3881886,38.59,0.16
1093,2021-01-28,LOM,12279,3723,8556,795,11477,7,ITC,ITC4,3,Lombardia,Lombardia,10060574,3894165,38.71,0.12
1094,2021-09-03,LOM,52894,28424,24470,22718,27527,2649,ITC,ITC4,3,Lombardia,Lombardia,10060574,3947059,39.23,0.53
1095,2021-03-06,LOM,21365,9109,12256,16543,4519,303,ITC,ITC4,3,Lombardia,Lombardia,10060574,3968424,39.45,0.21
1096,2021-06-09,LOM,103743,52255,51488,87431,14584,1728,ITC,ITC4,3,Lombardia,Lombardia,10060574,4072167,40.48,1.03
1097,2021-03-08,LOM,29828,11212,18616,22167,7129,532,ITC,ITC4,3,Lombardia,Lombardia,10060574,4101995,40.77,0.3
1098,2021-05-04,LOM,86889,41100,45789,70259,14425,2205,ITC,ITC4,3,Lombardia,Lombardia,10060574,4188884,41.64,0.86
1099,2021-01-24,LOM,1202,458,744,538,664,0,ITC,ITC4,3,Lombardia,Lombardia,10060574,4190086,41.65,0.01
1100,2021-03-30,LOM,39746,15638,24108,24259,14870,617,ITC,ITC4,3,Lombardia,Lombardia,10060574,4229832,42.04,0.4
1101,2021-01-06,LOM,7168,2532,4636,7162,0,6,ITC,ITC4,3,Lombardia,Lombardia,10060574,4237000,42.11,0.07
1102,2021-08-26,LOM,38675,20774,17901,20337,15545,2793,ITC,ITC4,3,Lombardia,Lombardia,10060574,4275675,42.5,0.38
1103,2021-05-18,LOM,88252,42174,46078,31857,55592,803,ITC,ITC4,3,Lombardia,Lombardia,10060574,4363927,43.38,0.88
1104,2021-06-04,LOM,104653,54323,50330,93202,9663,1788,ITC,ITC4,3,Lombardia,Lombardia,10060574,4468580,44.42,1.04
1105,2021-02-24,LOM,14728,5961,8767,13576,958,194,ITC,ITC4,3,Lombardia,Lombardia,10060574,4483308,44.56,0.15
1106,2021-05-16,LOM,68740,32518,36222,35548,32234,958,ITC,ITC4,3,Lombardia,Lombardia,10060574,4552048,45.25,0.68
1107,2021-02-05,LOM,25791,7494,18297,2428,23350,13,ITC,ITC4,3,Lombardia,Lombardia,10060574,4577839,45.5,0.26
1108,2021-02-22,LOM,11951,4823,7128,11441,310,200,ITC,ITC4,3,Lombardia,Lombardia,10060574,4589790,45.62,0.12
1109,2021-03-18,LOM,27466,10983,16483,15939,11300,227,ITC,ITC4,3,Lombardia,Lombardia,10060574,4617256,45.89,0.27
1110,2021-08-22,LOM,18210,10164,8046,7602,10066,542,ITC,ITC4,3,Lombardia,Lombardia,10060574,4635466,46.08,0.18
1111,2021-05-14,LOM,86050,41439,44611,53160,30369,2521,ITC,ITC4,3,Lombardia,Lombardia,10060574,4721516,46.93,0.86
1112,2021-07-10,LOM,107273,54304,52969,13914,92176,1183,ITC,ITC4,3,Lombardia,Lombardia,10060574,4828789,48.0,1.07
1113,2021-06-26,LOM,105936,55461,50475,77788,25743,2405,ITC,ITC4,3,Lombardia,Lombardia,10060574,4934725,49.05,1.05
1114,2021-02-10,LOM,14461,4527,9934,7568,6864,29,ITC,ITC4,3,Lombardia,Lombardia,10060574,4949186,49.19,0.14
1115,2021-09-09,LOM,56570,31057,25513,11898,43055,1617,ITC,ITC4,3,Lombardia,Lombardia,10060574,5005756,49.76,0.56
1116,2021-02-03,LOM,25736,7957,17779,1078,24653,5,ITC,ITC4,3,Lombardia,Lombardia,10060574,5031492,50.01,0.26
1117,2021-04-01,LOM,43198,17323,25875,26086,16397,715,ITC,ITC4,3,Lombardia,Lombardia,10060574,5074690,50.44,0.43
1118,2021-05-10,LOM,85320,40910,44410,61492,21601,2227,ITC,ITC4,3,Lombardia,Lombardia,10060574,5160010,51.29,0.85
1119,2021-01-30,LOM,12357,4585,7772,146,12202,9,ITC,ITC4,3,Lombardia,Lombardia,10060574,5172367,51.41,0.12
1120,2021-08-21,LOM,21330,11877,9453,9487,11071,772,ITC,ITC4,3,Lombardia,Lombardia,10060574,5193697,51.62,0.21
1121,2021-06-18,LOM,107727,52914,54813,51834,54652,1241,ITC,ITC4,3,Lombardia,Lombardia,10060574,5301424,52.7,1.07
1122,2021-08-14,LOM,26544,14887,11657,11131,14861,552,ITC,ITC4,3,Lombardia,Lombardia,10060574,5327968,52.96,0.26
1123,2021-03-01,LOM,18801,8236,10565,16888,1708,205,ITC,ITC4,3,Lombardia,Lombardia,10060574,5346769,53.15,0.19
1124,2021-03-13,LOM,27235,9794,17441,20556,6123,556,ITC,ITC4,3,Lombardia,Lombardia,10060574,5374004,53.42,0.27
1125,2021-07-23,LOM,95528,50070,45458,11433,82839,1256,ITC,ITC4,3,Lombardia,Lombardia,10060574,5469532,54.37,0.95
1126,2021-06-12,LOM,89331,48068,41263,84310,3176,1845,ITC,ITC4,3,Lombardia,Lombardia,10060574,5558863,55.25,0.89
1127,2021-06-29,LOM,107317,53217,54100,57425,47883,2009,ITC,ITC4,3,Lombardia,Lombardia,10060574,5666180,56.32,1.07
1128,2021-03-21,LOM,23522,8499,15023,17722,5197,603,ITC,ITC4,3,Lombardia,Lombardia,10060574,5689702,56.55,0.23
1129,2021-02-13,LOM,6427,2445,3982,4887,1479,61,ITC,ITC4,3,Lombardia,Lombardia,10060574,5696129,56.62,0.06
1130,2021-07-17,LOM,108507,57295,51212,10219,97361,927,ITC,ITC4,3,Lombardia,Lombardia,10060574,5804636,57.7,1.08
1131,2021-01-13,LOM,26490,8102,18388,26465,0,25,ITC,ITC4,3,Lombardia,Lombardia,10060574,5831126,57.96,0.26
1132,2021-06-17,LOM,108663,52751,55912,50311,57173,1179,ITC,ITC4,3,Lombardia,Lombardia,10060574,5939789,59.04,1.08
1133,2021-03-09,LOM,33267,12882,20385,25250,7422,595,ITC,ITC4,3,Lombardia,Lombardia,10060574,5973056,59.37,0.33
1134,2021-08-13,LOM,53453,29607,23846,20526,31660,1267,ITC,ITC4,3,Lombardia,Lombardia,10060574,6026509,59.9,0.53
1135,2021-05-05,LOM,88123,42013,46110,70416,15362,2345,ITC,ITC4,3,Lombardia,Lombardia,10060574,6114632,60.78,0.88
1136,2021-07-01,LOM,105137,52890,52247,53338,49397,2402,ITC,ITC4,3,Lombardia,Lombardia,10060574,6219769,61.82,1.05
1137,2021-08-03,LOM,85830,46538,39292,13485,71621,724,ITC,ITC4,3,Lombardia,Lombardia,10060574,6305599,62.68,0.85
1138,2021-04-25,LOM,51629,23671,27958,45521,4841,1267,ITC,ITC4,3,Lombardia,Lombardia,10060574,6357228,63.19,0.51
1139,2021-06-28,LOM,108102,55068,53034,74295,31194,2613,ITC,ITC4,3,Lombardia,Lombardia,10060574,6465330,64.26,1.07
1140,2021-07-15,LOM,109394,56280,53114,13384,94820,1190,ITC,ITC4,3,Lombardia,Lombardia,10060574,6574724,65.35,1.09
1141,2021-04-06,LOM,43102,17598,25504,24450,17957,695,ITC,ITC4,3,Lombardia,Lombardia,10060574,6617826,65.78,0.43
1142,2021-08-23,LOM,57490,31499,25991,23771,30430,3289,ITC,ITC4,3,Lombardia,Lombardia,10060574,6675316,66.35,0.57
1143,2021-05-15,LOM,80993,38808,42185,45386,33446,2161,ITC,ITC4,3,Lombardia,Lombardia,10060574,6756309,67.16,0.81
1144,2021-07-11,LOM,90338,45702,44636,11765,77515,1058,ITC,ITC4,3,Lombardia,Lombardia,10060574,6846647,68.05,0.9
1145,2021-05-13,LOM,87234,41797,45437,55591,28903,2740,ITC,ITC4,3,Lombardia,Lombardia,10060574,6933881,68.92,0.87
1146,2021-02-02,LOM,20008,6648,13360,497,19508,3,ITC,ITC4,3,Lombardia,Lombardia,10060574,6953889,69.12,0.2
1147,2021-03-31,LOM,42275,17149,25126,26200,15388,687,ITC,ITC4,3,Lombardia,Lombardia,10060574,6996164,69.54,0.42
1148,2021-09-05,LOM,33252,18027,15225,12428,19467,1357,ITC,ITC4,3,Lombardia,Lombardia,10060574,7029416,69.87,0.33
1149,2021-03-04,LOM,29376,12135,17241,20064,9087,225,ITC,ITC4,3,Lombardia,Lombardia,10060574,7058792,70.16,0.29
1150,2021-01-18,LOM,9268,2992,6276,8278,975,15,ITC,ITC4,3,Lombardia,Lombardia,10060574,7068060,70.26,0.09
1151,2021-03-23,LOM,42639,15493,27146,28862,12907,870,ITC,ITC4,3,Lombardia,Lombardia,10060574,7110699,70.68,0.42
1152,2021-08-24,LOM,47537,25867,21670,24443,19455,3639,ITC,ITC4,3,Lombardia,Lombardia,10060574,7158236,71.15,0.47
1153,2021-03-10,LOM,33368,12761,20607,24853,7911,604,ITC,ITC4,3,Lombardia,Lombardia,10060574,7191604,71.48,0.33
1154,2021-05-06,LOM,89963,42237,47726,70959,16582,2422,ITC,ITC4,3,Lombardia,Lombardia,10060574,7281567,72.38,0.89
1155,2021-01-26,LOM,8396,2719,5677,348,8047,1,ITC,ITC4,3,Lombardia,Lombardia,10060574,7289963,72.46,0.08
1156,2021-06-30,LOM,107005,53007,53998,56591,48292,2122,ITC,ITC4,3,Lombardia,Lombardia,10060574,7396968,73.52,1.06
1157,2021-03-22,LOM,40367,14315,26052,28947,10578,842,ITC,ITC4,3,Lombardia,Lombardia,10060574,7437335,73.93,0.4
1158,2021-04-08,LOM,52475,21800,30675,35303,16498,674,ITC,ITC4,3,Lombardia,Lombardia,10060574,7489810,74.45,0.52
1159,2020-12-29,LOM,106,45,61,106,0,0,ITC,ITC4,3,Lombardia,Lombardia,10060574,7489916,74.45,0.0
1160,2021-07-14,LOM,109451,56859,52592,14354,93688,1409,ITC,ITC4,3,Lombardia,Lombardia,10060574,7599367,75.54,1.09
1161,2021-07-31,LOM,71126,38786,32340,36381,32723,2022,ITC,ITC4,3,Lombardia,Lombardia,10060574,7670493,76.24,0.71
1162,2021-04-22,LOM,74077,33446,40631,56220,16444,1413,ITC,ITC4,3,Lombardia,Lombardia,10060574,7744570,76.98,0.74
1163,2021-03-03,LOM,27029,11533,15496,19492,7318,219,ITC,ITC4,3,Lombardia,Lombardia,10060574,7771599,77.25,0.27
1164,2021-08-09,LOM,68979,37022,31957,18635,49295,1049,ITC,ITC4,3,Lombardia,Lombardia,10060574,7840578,77.93,0.69
1165,2021-05-01,LOM,96113,43739,52374,65018,29325,1770,ITC,ITC4,3,Lombardia,Lombardia,10060574,7936691,78.89,0.96
1166,2021-01-21,LOM,5533,1612,3921,4821,695,17,ITC,ITC4,3,Lombardia,Lombardia,10060574,7942224,78.94,0.05
1167,2021-02-07,LOM,7322,2831,4491,335,6984,3,ITC,ITC4,3,Lombardia,Lombardia,10060574,7949546,79.02,0.07
1168,2021-01-19,LOM,8063,2332,5731,7579,470,14,ITC,ITC4,3,Lombardia,Lombardia,10060574,7957609,79.1,0.08
1169,2021-05-19,LOM,83304,39786,43518,33119,49374,811,ITC,ITC4,3,Lombardia,Lombardia,10060574,8040913,79.92,0.83
1170,2021-02-08,LOM,10135,2936,7199,2125,8002,8,ITC,ITC4,3,Lombardia,Lombardia,10060574,8051048,80.03,0.1
1171,2021-02-25,LOM,15359,6371,8988,13535,1623,201,ITC,ITC4,3,Lombardia,Lombardia,10060574,8066407,80.18,0.15
1172,2021-02-06,LOM,15310,5556,9754,1014,14291,5,ITC,ITC4,3,Lombardia,Lombardia,10060574,8081717,80.33,0.15
1173,2021-06-01,LOM,94044,46131,47913,75800,17132,1112,ITC,ITC4,3,Lombardia,Lombardia,10060574,8175761,81.27,0.93
1174,2021-01-02,LOM,202,74,128,202,0,0,ITC,ITC4,3,Lombardia,Lombardia,10060574,8175963,81.27,0.0
1175,2021-06-08,LOM,102960,52320,50640,87176,14104,1680,ITC,ITC4,3,Lombardia,Lombardia,10060574,8278923,82.29,1.02
1176,2021-02-28,LOM,7886,3256,4630,7604,210,72,ITC,ITC4,3,Lombardia,Lombardia,10060574,8286809,82.37,0.08
1177,2021-08-04,LOM,90170,48831,41339,14482,75028,660,ITC,ITC4,3,Lombardia,Lombardia,10060574,8376979,83.27,0.9
1178,2021-04-26,LOM,88039,40956,47083,67039,19171,1829,ITC,ITC4,3,Lombardia,Lombardia,10060574,8465018,84.14,0.88
1179,2021-08-11,LOM,61386,33590,27796,22459,37579,1348,ITC,ITC4,3,Lombardia,Lombardia,10060574,8526404,84.75,0.61
1180,2021-08-28,LOM,35009,19241,15768,17763,15041,2205,ITC,ITC4,3,Lombardia,Lombardia,10060574,8561413,85.1,0.35
1181,2021-05-20,LOM,95616,46244,49372,31716,63083,817,ITC,ITC4,3,Lombardia,Lombardia,10060574,8657029,86.05,0.95
1182,2021-06-14,LOM,94879,48204,46675,49127,44634,1118,ITC,ITC4,3,Lombardia,Lombardia,10060574,8751908,86.99,0.94
1183,2021-08-17,LOM,33269,18411,14858,17408,14675,1186,ITC,ITC4,3,Lombardia,Lombardia,10060574,8785177,87.32,0.33
1184,2021-05-26,LOM,93789,44686,49103,42747,50151,891,ITC,ITC4,3,Lombardia,Lombardia,10060574,8878966,88.26,0.93
1185,2021-02-15,LOM,9062,3171,5891,8398,485,179,ITC,ITC4,3,Lombardia,Lombardia,10060574,8888028,88.35,0.09
1186,2021-08-19,LOM,28975,15939,13036,14777,13074,1124,ITC,ITC4,3,Lombardia,Lombardia,10060574,8917003,88.63,0.29
1187,2021-05-11,LOM,86950,41460,45490,58213,26252,2485,ITC,ITC4,3,Lombardia,Lombardia,10060574,9003953,89.5,0.86
1188,2021-09-02,LOM,56469,30557,25912,25775,27697,2997,ITC,ITC4,3,Lombardia,Lombardia,10060574,9060422,90.06,0.56
1189,2021-05-28,LOM,93708,44882,48826,42039,50756,913,ITC,ITC4,3,Lombardia,Lombardia,10060574,9154130,90.99,0.93
1190,2021-02-17,LOM,12038,3779,8259,10448,1392,198,ITC,ITC4,3,Lombardia,Lombardia,10060574,9166168,91.11,0.12
1191,2021-06-11,LOM,101536,51719,49817,84940,14701,1895,ITC,ITC4,3,Lombardia,Lombardia,10060574,9267704,92.12,1.01
1192,2021-07-24,LOM,95879,50656,45223,9741,85281,857,ITC,ITC4,3,Lombardia,Lombardia,10060574,9363583,93.07,0.95
1193,2021-08-10,LOM,61480,33272,28208,18714,41697,1069,ITC,ITC4,3,Lombardia,Lombardia,10060574,9425063,93.68,0.61
1194,2021-05-02,LOM,83545,38351,45194,59223,22481,1841,ITC,ITC4,3,Lombardia,Lombardia,10060574,9508608,94.51,0.83
1195,2021-07-22,LOM,99404,52037,47367,12510,85443,1451,ITC,ITC4,3,Lombardia,Lombardia,10060574,9608012,95.5,0.99
1196,2021-04-13,LOM,47697,21290,26407,32927,14111,659,ITC,ITC4,3,Lombardia,Lombardia,10060574,9655709,95.98,0.47
1197,2021-04-30,LOM,117551,54900,62651,87202,27685,2664,ITC,ITC4,3,Lombardia,Lombardia,10060574,9773260,97.14,1.17
1198,2021-01-25,LOM,7126,2399,4727,514,6609,3,ITC,ITC4,3,Lombardia,Lombardia,10060574,9780386,97.21,0.07
1199,2021-02-01,LOM,16129,5340,10789,307,15820,2,ITC,ITC4,3,Lombardia,Lombardia,10060574,9796515,97.38,0.16
1200,2021-07-05,LOM,101934,49790,52144,31504,68539,1891,ITC,ITC4,3,Lombardia,Lombardia,10060574,9898449,98.39,1.01
1201,2021-08-31,LOM,62813,33486,29327,36687,21574,4552,ITC,ITC4,3,Lombardia,Lombardia,10060574,9961262,99.01,0.62
1202,2021-07-21,LOM,94009,48496,45513,8617,84529,863,ITC,ITC4,3,Lombardia,Lombardia,10060574,10055271,99.95,0.93
1203,2021-04-12,LOM,47357,20626,26731,32292,14414,651,ITC,ITC4,3,Lombardia,Lombardia,10060574,10102628,100.42,0.47
1204,2021-02-21,LOM,5055,1864,3191,4940,17,98,ITC,ITC4,3,Lombardia,Lombardia,10060574,10107683,100.47,0.05
1205,2021-07-28,LOM,77455,41729,35726,19118,56587,1750,ITC,ITC4,3,Lombardia,Lombardia,10060574,10185138,101.24,0.77
1206,2021-04-19,LOM,60412,27491,32921,49683,9421,1308,ITC,ITC4,3,Lombardia,Lombardia,10060574,10245550,101.84,0.6
1207,2021-06-15,LOM,96078,48897,47181,49024,45999,1055,ITC,ITC4,3,Lombardia,Lombardia,10060574,10341628,102.79,0.95
1208,2021-03-20,LOM,32612,12172,20440,22247,9860,505,ITC,ITC4,3,Lombardia,Lombardia,10060574,10374240,103.12,0.32
1209,2020-12-27,LOM,718,414,304,718,0,0,ITC,ITC4,3,Lombardia,Lombardia,10060574,10374958,103.12,0.01
1210,2021-08-02,LOM,83638,45306,38332,18336,64391,911,ITC,ITC4,3,Lombardia,Lombardia,10060574,10458596,103.96,0.83
1211,2021-07-12,LOM,111885,57512,54373,14803,95943,1139,ITC,ITC4,3,Lombardia,Lombardia,10060574,10570481,105.07,1.11
1212,2021-04-05,LOM,27391,11698,15693,19027,8109,255,ITC,ITC4,3,Lombardia,Lombardia,10060574,10597872,105.34,0.27
1213,2021-08-18,LOM,30910,17057,13853,17899,11642,1369,ITC,ITC4,3,Lombardia,Lombardia,10060574,10628782,105.65,0.31
1214,2021-01-20,LOM,5715,1392,4323,5595,115,5,ITC,ITC4,3,Lombardia,Lombardia,10060574,10634497,105.7,0.06
1215,2021-01-22,LOM,3199,885,2314,3125,69,5,ITC,ITC4,3,Lombardia,Lombardia,10060574,10637696,105.74,0.03
1216,2021-04-03,LOM,36335,14902,21433,25790,10161,384,ITC,ITC4,3,Lombardia,Lombardia,10060574,10674031,106.1,0.36
1217,2021-09-07,LOM,60943,33276,27667,15569,43314,2060,ITC,ITC4,3,Lombardia,Lombardia,10060574,10734974,106.7,0.61
1218,2021-05-30,LOM,74428,35614,38814,33793,40016,619,ITC,ITC4,3,Lombardia,Lombardia,10060574,10809402,107.44,0.74
1219,2021-07-26,LOM,109614,58920,50694,7714,101145,755,ITC,ITC4,3,Lombardia,Lombardia,10060574,10919016,108.53,1.09
1220,2021-05-09,LOM,69737,32898,36839,54425,13283,2029,ITC,ITC4,3,Lombardia,Lombardia,10060574,10988753,109.23,0.69
1221,2021-01-29,LOM,13551,4149,9402,686,12862,3,ITC,ITC4,3,Lombardia,Lombardia,10060574,11002304,109.36,0.13
1222,2021-06-13,LOM,76004,40567,35437,72284,2131,1589,ITC,ITC4,3,Lombardia,Lombardia,10060574,11078308,110.12,0.76
1223,2021-03-05,LOM,29007,11973,17034,20253,8446,308,ITC,ITC4,3,Lombardia,Lombardia,10060574,11107315,110.4,0.29
1224,2021-01-31,LOM,9826,3814,6012,29,9797,0,ITC,ITC4,3,Lombardia,Lombardia,10060574,11117141,110.5,0.1
1225,2021-05-25,LOM,91229,43649,47580,43860,46545,824,ITC,ITC4,3,Lombardia,Lombardia,10060574,11208370,111.41,0.91
1226,2021-02-14,LOM,3586,1547,2039,2934,637,15,ITC,ITC4,3,Lombardia,Lombardia,10060574,11211956,111.44,0.04
1227,2021-01-12,LOM,20340,6746,13594,20309,0,31,ITC,ITC4,3,Lombardia,Lombardia,10060574,11232296,111.65,0.2
1228,2021-07-07,LOM,112061,56172,55889,18001,92900,1160,ITC,ITC4,3,Lombardia,Lombardia,10060574,11344357,112.76,1.11
1229,2021-04-15,LOM,49493,21874,27619,34892,13840,761,ITC,ITC4,3,Lombardia,Lombardia,10060574,11393850,113.25,0.49
1230,2021-01-05,LOM,7878,2584,5294,7872,0,6,ITC,ITC4,3,Lombardia,Lombardia,10060574,11401728,113.33,0.08
1231,2021-03-27,LOM,32530,12413,20117,23116,8774,640,ITC,ITC4,3,Lombardia,Lombardia,10060574,11434258,113.65,0.32
1232,2021-01-03,LOM,857,316,541,856,0,1,ITC,ITC4,3,Lombardia,Lombardia,10060574,11435115,113.66,0.01
1233,2021-05-23,LOM,60823,28966,31857,26297,34013,513,ITC,ITC4,3,Lombardia,Lombardia,10060574,11495938,114.27,0.6
1234,2021-02-12,LOM,14027,4389,9638,8886,4982,159,ITC,ITC4,3,Lombardia,Lombardia,10060574,11509965,114.41,0.14
1235,2021-07-19,LOM,96927,50319,46608,10806,85041,1080,ITC,ITC4,3,Lombardia,Lombardia,10060574,11606892,115.37,0.96
1236,2021-04-10,LOM,52822,21877,30945,40096,11976,750,ITC,ITC4,3,Lombardia,Lombardia,10060574,11659714,115.9,0.53
1237,2021-06-06,LOM,90136,46351,43785,79535,9222,1379,ITC,ITC4,3,Lombardia,Lombardia,10060574,11749850,116.79,0.9
1238,2021-01-07,LOM,11812,3657,8155,11771,0,41,ITC,ITC4,3,Lombardia,Lombardia,10060574,11761662,116.91,0.12
1239,2021-02-19,LOM,14230,5402,8828,13329,725,176,ITC,ITC4,3,Lombardia,Lombardia,10060574,11775892,117.05,0.14
1240,2021-06-27,LOM,90951,46822,44129,69777,18872,2302,ITC,ITC4,3,Lombardia,Lombardia,10060574,11866843,117.95,0.9
1241,2021-03-19,LOM,32512,12952,19560,18920,13268,324,ITC,ITC4,3,Lombardia,Lombardia,10060574,11899355,118.28,0.32
1242,2021-09-04,LOM,45895,24868,21027,20744,22585,2566,ITC,ITC4,3,Lombardia,Lombardia,10060574,11945250,118.73,0.46
1243,2021-05-27,LOM,95023,45508,49515,40621,53610,792,ITC,ITC4,3,Lombardia,Lombardia,10060574,12040273,119.68,0.94
1244,2021-06-22,LOM,111258,58107,53151,79176,29958,2124,ITC,ITC4,3,Lombardia,Lombardia,10060574,12151531,120.78,1.11
1245,2021-07-09,LOM,115789,59016,56773,11739,103165,885,ITC,ITC4,3,Lombardia,Lombardia,10060574,12267320,121.93,1.15
1246,2021-04-17,LOM,48590,21333,27257,36981,10878,731,ITC,ITC4,3,Lombardia,Lombardia,10060574,12315910,122.42,0.48
1247,2021-02-26,LOM,18446,7572,10874,16331,1907,208,ITC,ITC4,3,Lombardia,Lombardia,10060574,12334356,122.6,0.18
1248,2021-07-30,LOM,73316,39805,33511,35102,36094,2120,ITC,ITC4,3,Lombardia,Lombardia,10060574,12407672,123.33,0.73
1249,2020-12-31,LOM,715,302,413,715,0,0,ITC,ITC4,3,Lombardia,Lombardia,10060574,12408387,123.34,0.01
1250,2021-04-24,LOM,75873,33624,42249,53414,21165,1294,ITC,ITC4,3,Lombardia,Lombardia,10060574,12484260,124.09,0.75
1251,2021-01-14,LOM,26979,7823,19156,26927,0,52,ITC,ITC4,3,Lombardia,Lombardia,10060574,12511239,124.36,0.27
1252,2021-08-16,LOM,38939,21055,17884,16832,21062,1045,ITC,ITC4,3,Lombardia,Lombardia,10060574,12550178,124.75,0.39
1253,2021-05-08,LOM,87848,40794,47054,63433,22118,2297,ITC,ITC4,3,Lombardia,Lombardia,10060574,12638026,125.62,0.87
1254,2021-07-16,LOM,108926,56713,52213,11136,96627,1163,ITC,ITC4,3,Lombardia,Lombardia,10060574,12746952,126.7,1.08
1255,2021-04-07,LOM,50658,20952,29706,34082,15865,711,ITC,ITC4,3,Lombardia,Lombardia,10060574,12797610,127.21,0.5
1256,2021-06-03,LOM,97205,49745,47460,84618,10918,1669,ITC,ITC4,3,Lombardia,Lombardia,10060574,12894815,128.17,0.97
1257,2021-06-20,LOM,89050,44374,44676,52802,35006,1242,ITC,ITC4,3,Lombardia,Lombardia,10060574,12983865,129.06,0.89
1258,2021-03-12,LOM,35337,12990,22347,24458,10259,620,ITC,ITC4,3,Lombardia,Lombardia,10060574,13019202,129.41,0.35
1259,2021-03-29,LOM,40078,15558,24520,24537,14862,679,ITC,ITC4,3,Lombardia,Lombardia,10060574,13059280,129.81,0.4
1260,2021-02-20,LOM,9374,3875,5499,8846,331,197,ITC,ITC4,3,Lombardia,Lombardia,10060574,13068654,129.9,0.09
1261,2021-04-18,LOM,36446,16244,20202,30525,5247,674,ITC,ITC4,3,Lombardia,Lombardia,10060574,13105100,130.26,0.36
1262,2021-01-08,LOM,12757,3941,8816,12746,0,11,ITC,ITC4,3,Lombardia,Lombardia,10060574,13117857,130.39,0.13
1263,2021-08-05,LOM,90298,49270,41028,15750,73757,791,ITC,ITC4,3,Lombardia,Lombardia,10060574,13208155,131.29,0.9
1264,2021-01-15,LOM,25295,7458,17837,25243,0,52,ITC,ITC4,3,Lombardia,Lombardia,10060574,13233450,131.54,0.25
1265,2021-08-07,LOM,79726,43275,36451,16071,62847,808,ITC,ITC4,3,Lombardia,Lombardia,10060574,13313176,132.33,0.79
1266,2021-04-29,LOM,115662,53636,62026,83086,29917,2659,ITC,ITC4,3,Lombardia,Lombardia,10060574,13428838,133.48,1.15
1267,2021-06-25,LOM,108336,56258,52078,78362,27666,2308,ITC,ITC4,3,Lombardia,Lombardia,10060574,13537174,134.56,1.08
1268,2021-04-20,LOM,67722,30856,36866,55896,10361,1465,ITC,ITC4,3,Lombardia,Lombardia,10060574,13604896,135.23,0.67
1269,2021-01-10,LOM,10556,3982,6574,10547,0,9,ITC,ITC4,3,Lombardia,Lombardia,10060574,13615452,135.33,0.1
1270,2021-01-17,LOM,8361,3351,5010,8154,201,6,ITC,ITC4,3,Lombardia,Lombardia,10060574,13623813,135.42,0.08
1271,2021-06-23,LOM,111089,57465,53624,76664,32284,2141,ITC,ITC4,3,Lombardia,Lombardia,10060574,13734902,136.52,1.1
1272,2021-03-15,LOM,31633,11360,20273,22425,8582,626,ITC,ITC4,3,Lombardia,Lombardia,10060574,13766535,136.84,0.31
1273,2021-04-27,LOM,86116,40011,46105,67634,16611,1871,ITC,ITC4,3,Lombardia,Lombardia,10060574,13852651,137.69,0.86
1274,2021-09-06,LOM,56246,30311,25935,16496,37721,2029,ITC,ITC4,3,Lombardia,Lombardia,10060574,13908897,138.25,0.56
1275,2021-03-17,LOM,26343,10530,15813,15140,11043,160,ITC,ITC4,3,Lombardia,Lombardia,10060574,13935240,138.51,0.26
1276,2021-07-04,LOM,86772,43400,43372,40191,44623,1958,ITC,ITC4,3,Lombardia,Lombardia,10060574,14022012,139.38,0.86
1277,2021-08-30,LOM,71226,37841,33385,43170,22404,5652,ITC,ITC4,3,Lombardia,Lombardia,10060574,14093238,140.08,0.71
1278,2021-07-02,LOM,104041,52146,51895,48879,52958,2204,ITC,ITC4,3,Lombardia,Lombardia,10060574,14197279,141.12,1.03
1279,2021-03-24,LOM,43429,15682,27747,30471,12059,899,ITC,ITC4,3,Lombardia,Lombardia,10060574,14240708,141.55,0.43
1280,2021-02-09,LOM,12233,3337,8896,4027,8192,14,ITC,ITC4,3,Lombardia,Lombardia,10060574,14252941,141.67,0.12
1281,2021-04-11,SIC,15381,7595,7786,8228,7040,113,ITG,ITG1,19,Sicilia,Sicilia,4999891,15381,0.31,0.31
1282,2021-07-20,SIC,48515,23631,24884,12794,35359,362,ITG,ITG1,19,Sicilia,Sicilia,4999891,63896,1.28,0.97
1283,2020-12-30,SIC,186,110,76,185,0,1,ITG,ITG1,19,Sicilia,Sicilia,4999891,64082,1.28,0.0
1284,2021-01-16,SIC,2737,1221,1516,2716,0,21,ITG,ITG1,19,Sicilia,Sicilia,4999891,66819,1.34,0.05
1285,2021-07-01,SIC,31042,14103,16939,10784,20000,258,ITG,ITG1,19,Sicilia,Sicilia,4999891,97861,1.96,0.62
1286,2021-04-09,SIC,20235,9846,10389,10922,9048,265,ITG,ITG1,19,Sicilia,Sicilia,4999891,118096,2.36,0.4
1287,2021-03-23,SIC,20974,10090,10884,15232,5567,175,ITG,ITG1,19,Sicilia,Sicilia,4999891,139070,2.78,0.42
1288,2021-01-30,SIC,7734,3556,4178,141,7590,3,ITG,ITG1,19,Sicilia,Sicilia,4999891,146804,2.94,0.15
1289,2021-03-28,SIC,10993,5153,5840,6912,4013,68,ITG,ITG1,19,Sicilia,Sicilia,4999891,157797,3.16,0.22
1290,2021-09-10,SIC,12778,6357,6421,4010,8580,188,ITG,ITG1,19,Sicilia,Sicilia,4999891,170575,3.41,0.26
1291,2021-07-15,SIC,48409,22465,25944,8006,40140,263,ITG,ITG1,19,Sicilia,Sicilia,4999891,218984,4.38,0.97
1292,2021-08-15,SIC,2513,1428,1085,1509,954,50,ITG,ITG1,19,Sicilia,Sicilia,4999891,221497,4.43,0.05
1293,2021-08-01,SIC,19974,10437,9537,7862,11966,146,ITG,ITG1,19,Sicilia,Sicilia,4999891,241471,4.83,0.4
1294,2021-06-19,SIC,44307,21067,23240,18764,25221,322,ITG,ITG1,19,Sicilia,Sicilia,4999891,285778,5.72,0.89
1295,2021-04-23,SIC,28633,13724,14909,22407,5841,385,ITG,ITG1,19,Sicilia,Sicilia,4999891,314411,6.29,0.57
1296,2021-02-13,SIC,2979,1124,1855,2686,256,37,ITG,ITG1,19,Sicilia,Sicilia,4999891,317390,6.35,0.06
1297,2021-05-24,SIC,35894,17455,18439,15596,20065,233,ITG,ITG1,19,Sicilia,Sicilia,4999891,353284,7.07,0.72
1298,2021-08-27,SIC,23364,11881,11483,9851,13186,327,ITG,ITG1,19,Sicilia,Sicilia,4999891,376648,7.53,0.47
1299,2020-12-28,SIC,226,139,87,225,0,1,ITG,ITG1,19,Sicilia,Sicilia,4999891,376874,7.54,0.0
1300,2021-04-04,SIC,6801,3324,3477,5435,1295,71,ITG,ITG1,19,Sicilia,Sicilia,4999891,383675,7.67,0.14
1301,2021-07-13,SIC,46137,21174,24963,6920,38997,220,ITG,ITG1,19,Sicilia,Sicilia,4999891,429812,8.6,0.92
1302,2021-06-26,SIC,37270,17783,19487,16352,20610,308,ITG,ITG1,19,Sicilia,Sicilia,4999891,467082,9.34,0.75
1303,2021-04-30,SIC,35060,16358,18702,23522,11056,482,ITG,ITG1,19,Sicilia,Sicilia,4999891,502142,10.04,0.7
1304,2021-03-04,SIC,15259,6708,8551,11010,4122,127,ITG,ITG1,19,Sicilia,Sicilia,4999891,517401,10.35,0.31
1305,2021-08-08,SIC,15316,8129,7187,7411,7715,190,ITG,ITG1,19,Sicilia,Sicilia,4999891,532717,10.65,0.31
1306,2021-06-12,SIC,45803,22400,23403,39372,5896,535,ITG,ITG1,19,Sicilia,Sicilia,4999891,578520,11.57,0.92
1307,2021-08-03,SIC,32071,15733,16338,13884,17767,420,ITG,ITG1,19,Sicilia,Sicilia,4999891,610591,12.21,0.64
1308,2021-05-17,SIC,31945,15411,16534,19003,12646,296,ITG,ITG1,19,Sicilia,Sicilia,4999891,642536,12.85,0.64
1309,2021-03-21,SIC,15226,7346,7880,11184,3970,72,ITG,ITG1,19,Sicilia,Sicilia,4999891,657762,13.16,0.3
1310,2021-02-06,SIC,4736,2119,2617,1450,3266,20,ITG,ITG1,19,Sicilia,Sicilia,4999891,662498,13.25,0.09
1311,2021-02-04,SIC,6763,3085,3678,1421,5312,30,ITG,ITG1,19,Sicilia,Sicilia,4999891,669261,13.39,0.14
1312,2021-09-03,SIC,21891,11058,10833,9916,11602,373,ITG,ITG1,19,Sicilia,Sicilia,4999891,691152,13.82,0.44
1313,2021-06-24,SIC,42367,19672,22695,17634,24373,360,ITG,ITG1,19,Sicilia,Sicilia,4999891,733519,14.67,0.85
1314,2021-06-07,SIC,49692,23418,26274,41116,8041,535,ITG,ITG1,19,Sicilia,Sicilia,4999891,783211,15.66,0.99
1315,2021-01-25,SIC,7455,3690,3765,267,7181,7,ITG,ITG1,19,Sicilia,Sicilia,4999891,790666,15.81,0.15
1316,2021-05-05,SIC,26413,12236,14177,16284,9684,445,ITG,ITG1,19,Sicilia,Sicilia,4999891,817079,16.34,0.53
1317,2021-05-19,SIC,42918,20776,22142,28200,14336,382,ITG,ITG1,19,Sicilia,Sicilia,4999891,859997,17.2,0.86
1318,2021-07-27,SIC,43336,21477,21859,19272,23601,463,ITG,ITG1,19,Sicilia,Sicilia,4999891,903333,18.07,0.87
1319,2021-06-04,SIC,57870,26768,31102,45400,11962,508,ITG,ITG1,19,Sicilia,Sicilia,4999891,961203,19.22,1.16
1320,2021-04-06,SIC,17765,8485,9280,13256,4297,212,ITG,ITG1,19,Sicilia,Sicilia,4999891,978968,19.58,0.36
1321,2021-02-22,SIC,7946,4131,3815,7370,493,83,ITG,ITG1,19,Sicilia,Sicilia,4999891,986914,19.74,0.16
1322,2020-12-27,SIC,93,55,38,92,0,1,ITG,ITG1,19,Sicilia,Sicilia,4999891,987007,19.74,0.0
1323,2021-06-02,SIC,35285,16299,18986,27103,7782,400,ITG,ITG1,19,Sicilia,Sicilia,4999891,1022292,20.45,0.71
1324,2021-06-16,SIC,40443,18806,21637,21271,18813,359,ITG,ITG1,19,Sicilia,Sicilia,4999891,1062735,21.26,0.81
1325,2021-03-25,SIC,20478,9534,10944,14751,5549,178,ITG,ITG1,19,Sicilia,Sicilia,4999891,1083213,21.66,0.41
1326,2021-07-03,SIC,33885,16288,17597,9031,24608,246,ITG,ITG1,19,Sicilia,Sicilia,4999891,1117098,22.34,0.68
1327,2021-09-07,SIC,22734,11307,11427,9474,12840,420,ITG,ITG1,19,Sicilia,Sicilia,4999891,1139832,22.8,0.45
1328,2021-03-06,SIC,12650,5063,7587,9764,2783,103,ITG,ITG1,19,Sicilia,Sicilia,4999891,1152482,23.05,0.25
1329,2021-09-05,SIC,12742,6905,5837,5503,7045,194,ITG,ITG1,19,Sicilia,Sicilia,4999891,1165224,23.3,0.25
1330,2021-05-07,SIC,36604,17280,19324,24584,11627,393,ITG,ITG1,19,Sicilia,Sicilia,4999891,1201828,24.04,0.73
1331,2021-03-11,SIC,15463,6715,8748,12890,2418,155,ITG,ITG1,19,Sicilia,Sicilia,4999891,1217291,24.35,0.31
1332,2021-01-27,SIC,7296,3714,3582,165,7130,1,ITG,ITG1,19,Sicilia,Sicilia,4999891,1224587,24.49,0.15
1333,2021-01-13,SIC,5191,2448,2743,5157,0,34,ITG,ITG1,19,Sicilia,Sicilia,4999891,1229778,24.6,0.1
1334,2021-05-31,SIC,38141,17172,20969,21285,16560,296,ITG,ITG1,19,Sicilia,Sicilia,4999891,1267919,25.36,0.76
1335,2021-09-08,SIC,20366,10137,10229,9238,10720,408,ITG,ITG1,19,Sicilia,Sicilia,4999891,1288285,25.77,0.41
1336,2021-08-22,SIC,10333,5505,4828,3914,6301,118,ITG,ITG1,19,Sicilia,Sicilia,4999891,1298618,25.97,0.21
1337,2021-02-18,SIC,5343,3148,2195,4843,431,69,ITG,ITG1,19,Sicilia,Sicilia,4999891,1303961,26.08,0.11
1338,2021-05-12,SIC,36868,17397,19471,21410,14928,530,ITG,ITG1,19,Sicilia,Sicilia,4999891,1340829,26.82,0.74
1339,2021-08-20,SIC,18798,9361,9437,9857,8676,265,ITG,ITG1,19,Sicilia,Sicilia,4999891,1359627,27.19,0.38
1340,2021-07-17,SIC,49327,24294,25033,9317,39710,300,ITG,ITG1,19,Sicilia,Sicilia,4999891,1408954,28.18,0.99
1341,2021-01-01,SIC,825,441,384,821,0,4,ITG,ITG1,19,Sicilia,Sicilia,4999891,1409779,28.2,0.02
1342,2021-04-20,SIC,18996,9005,9991,13437,5249,310,ITG,ITG1,19,Sicilia,Sicilia,4999891,1428775,28.58,0.38
1343,2021-07-29,SIC,36202,17888,18314,14330,21530,342,ITG,ITG1,19,Sicilia,Sicilia,4999891,1464977,29.3,0.72
1344,2021-08-29,SIC,14524,7927,6597,4753,9624,147,ITG,ITG1,19,Sicilia,Sicilia,4999891,1479501,29.59,0.29
1345,2021-02-25,SIC,9944,5208,4736,8687,1164,93,ITG,ITG1,19,Sicilia,Sicilia,4999891,1489445,29.79,0.2
1346,2021-06-05,SIC,59958,28522,31436,48732,10599,627,ITG,ITG1,19,Sicilia,Sicilia,4999891,1549403,30.99,1.2
1347,2021-03-14,SIC,8783,3930,4853,4894,3837,52,ITG,ITG1,19,Sicilia,Sicilia,4999891,1558186,31.16,0.18
1348,2021-03-02,SIC,14783,6379,8404,11886,2781,116,ITG,ITG1,19,Sicilia,Sicilia,4999891,1572969,31.46,0.3
1349,2021-01-04,SIC,8685,4330,4355,8635,0,50,ITG,ITG1,19,Sicilia,Sicilia,4999891,1581654,31.63,0.17
1350,2021-01-18,SIC,1627,676,951,1456,160,11,ITG,ITG1,19,Sicilia,Sicilia,4999891,1583281,31.67,0.03
1351,2021-04-28,SIC,29292,13727,15565,19717,9163,412,ITG,ITG1,19,Sicilia,Sicilia,4999891,1612573,32.25,0.59
1352,2021-08-10,SIC,21838,10876,10962,10662,10915,261,ITG,ITG1,19,Sicilia,Sicilia,4999891,1634411,32.69,0.44
1353,2021-03-16,SIC,9643,4334,5309,3569,6003,71,ITG,ITG1,19,Sicilia,Sicilia,4999891,1644054,32.88,0.19
1354,2021-07-08,SIC,38403,17498,20905,6533,31646,224,ITG,ITG1,19,Sicilia,Sicilia,4999891,1682457,33.65,0.77
1355,2021-03-01,SIC,12775,6078,6697,10991,1658,126,ITG,ITG1,19,Sicilia,Sicilia,4999891,1695232,33.91,0.26
1356,2021-06-09,SIC,49786,23682,26104,41909,7266,611,ITG,ITG1,19,Sicilia,Sicilia,4999891,1745018,34.9,1.0
1357,2021-06-14,SIC,43496,20663,22833,28170,14897,429,ITG,ITG1,19,Sicilia,Sicilia,4999891,1788514,35.77,0.87
1358,2021-05-28,SIC,51282,22992,28290,24319,26550,413,ITG,ITG1,19,Sicilia,Sicilia,4999891,1839796,36.8,1.03
1359,2021-08-19,SIC,19601,9786,9815,10512,8778,311,ITG,ITG1,19,Sicilia,Sicilia,4999891,1859397,37.19,0.39
1360,2021-02-19,SIC,4979,2695,2284,4328,564,87,ITG,ITG1,19,Sicilia,Sicilia,4999891,1864376,37.29,0.1
1361,2021-03-08,SIC,13528,5975,7553,10783,2616,129,ITG,ITG1,19,Sicilia,Sicilia,4999891,1877904,37.56,0.27
1362,2021-08-21,SIC,13739,7167,6572,6199,7353,187,ITG,ITG1,19,Sicilia,Sicilia,4999891,1891643,37.83,0.27
1363,2021-05-30,SIC,35787,16179,19608,17429,18062,296,ITG,ITG1,19,Sicilia,Sicilia,4999891,1927430,38.55,0.72
1364,2021-05-13,SIC,47496,22274,25222,30296,16554,646,ITG,ITG1,19,Sicilia,Sicilia,4999891,1974926,39.5,0.95
1365,2021-01-31,SIC,4061,1944,2117,107,3952,2,ITG,ITG1,19,Sicilia,Sicilia,4999891,1978987,39.58,0.08
1366,2021-05-11,SIC,32694,15506,17188,19683,12501,510,ITG,ITG1,19,Sicilia,Sicilia,4999891,2011681,40.23,0.65
1367,2021-01-20,SIC,969,513,456,691,275,3,ITG,ITG1,19,Sicilia,Sicilia,4999891,2012650,40.25,0.02
1368,2021-03-18,SIC,15418,7758,7660,9739,5624,55,ITG,ITG1,19,Sicilia,Sicilia,4999891,2028068,40.56,0.31
1369,2021-08-26,SIC,20020,10110,9910,9104,10608,308,ITG,ITG1,19,Sicilia,Sicilia,4999891,2048088,40.96,0.4
1370,2021-02-07,SIC,2323,983,1340,664,1649,10,ITG,ITG1,19,Sicilia,Sicilia,4999891,2050411,41.01,0.05
1371,2021-07-14,SIC,47547,22026,25521,7931,39355,261,ITG,ITG1,19,Sicilia,Sicilia,4999891,2097958,41.96,0.95
1372,2021-05-18,SIC,36147,17402,18745,23252,12491,404,ITG,ITG1,19,Sicilia,Sicilia,4999891,2134105,42.68,0.72
1373,2021-07-21,SIC,42972,20969,22003,10638,32020,314,ITG,ITG1,19,Sicilia,Sicilia,4999891,2177077,43.54,0.86
1374,2021-07-07,SIC,35430,16207,19223,6037,29152,241,ITG,ITG1,19,Sicilia,Sicilia,4999891,2212507,44.25,0.71
1375,2021-05-25,SIC,33575,15439,18136,13946,19374,255,ITG,ITG1,19,Sicilia,Sicilia,4999891,2246082,44.92,0.67
1376,2021-03-29,SIC,15050,7086,7964,10400,4500,150,ITG,ITG1,19,Sicilia,Sicilia,4999891,2261132,45.22,0.3
1377,2021-09-02,SIC,23152,11854,11298,10010,12753,389,ITG,ITG1,19,Sicilia,Sicilia,4999891,2284284,45.69,0.46
1378,2021-02-11,SIC,5243,2061,3182,4657,467,119,ITG,ITG1,19,Sicilia,Sicilia,4999891,2289527,45.79,0.1
1379,2021-04-16,SIC,28869,14503,14366,20245,8301,323,ITG,ITG1,19,Sicilia,Sicilia,4999891,2318396,46.37,0.58
1380,2021-01-23,SIC,4491,2310,2181,209,4272,10,ITG,ITG1,19,Sicilia,Sicilia,4999891,2322887,46.46,0.09
1381,2021-01-06,SIC,6270,3302,2968,6205,0,65,ITG,ITG1,19,Sicilia,Sicilia,4999891,2329157,46.58,0.13
1382,2021-08-09,SIC,25177,12859,12318,12484,12317,376,ITG,ITG1,19,Sicilia,Sicilia,4999891,2354334,47.09,0.5
1383,2021-01-19,SIC,1526,677,849,1270,241,15,ITG,ITG1,19,Sicilia,Sicilia,4999891,2355860,47.12,0.03
1384,2021-06-11,SIC,49976,23848,26128,41595,7711,670,ITG,ITG1,19,Sicilia,Sicilia,4999891,2405836,48.12,1.0
1385,2021-04-29,SIC,31826,14851,16975,21803,9563,460,ITG,ITG1,19,Sicilia,Sicilia,4999891,2437662,48.75,0.64
1386,2021-03-03,SIC,14591,6552,8039,11384,3076,131,ITG,ITG1,19,Sicilia,Sicilia,4999891,2452253,49.05,0.29
1387,2021-08-07,SIC,20061,10405,9656,10823,8901,337,ITG,ITG1,19,Sicilia,Sicilia,4999891,2472314,49.45,0.4
1388,2021-08-16,SIC,20332,10436,9896,10918,9099,315,ITG,ITG1,19,Sicilia,Sicilia,4999891,2492646,49.85,0.41
1389,2021-02-24,SIC,9381,4805,4576,8703,567,111,ITG,ITG1,19,Sicilia,Sicilia,4999891,2502027,50.04,0.19
1390,2021-01-21,SIC,1457,715,742,490,956,11,ITG,ITG1,19,Sicilia,Sicilia,4999891,2503484,50.07,0.03
1391,2021-05-01,SIC,24456,11320,13136,19000,5170,286,ITG,ITG1,19,Sicilia,Sicilia,4999891,2527940,50.56,0.49
1392,2021-02-17,SIC,5224,3204,2020,4502,670,52,ITG,ITG1,19,Sicilia,Sicilia,4999891,2533164,50.66,0.1
1393,2021-04-24,SIC,31217,14719,16498,23140,7641,436,ITG,ITG1,19,Sicilia,Sicilia,4999891,2564381,51.29,0.62
1394,2021-08-02,SIC,32987,16395,16592,12854,19784,349,ITG,ITG1,19,Sicilia,Sicilia,4999891,2597368,51.95,0.66
1395,2021-08-06,SIC,24802,12583,12219,13517,10875,410,ITG,ITG1,19,Sicilia,Sicilia,4999891,2622170,52.44,0.5
1396,2021-04-02,SIC,13904,6561,7343,9047,4737,120,ITG,ITG1,19,Sicilia,Sicilia,4999891,2636074,52.72,0.28
1397,2021-02-10,SIC,4354,1776,2578,3888,383,83,ITG,ITG1,19,Sicilia,Sicilia,4999891,2640428,52.81,0.09
1398,2021-05-21,SIC,48719,23080,25639,26665,21628,426,ITG,ITG1,19,Sicilia,Sicilia,4999891,2689147,53.78,0.97
1399,2021-08-12,SIC,15125,7584,7541,7980,6903,242,ITG,ITG1,19,Sicilia,Sicilia,4999891,2704272,54.09,0.3
1400,2021-02-23,SIC,8785,4667,4118,8229,468,88,ITG,ITG1,19,Sicilia,Sicilia,4999891,2713057,54.26,0.18
1401,2021-03-09,SIC,13188,5779,7409,10840,2217,131,ITG,ITG1,19,Sicilia,Sicilia,4999891,2726245,54.53,0.26
1402,2021-01-11,SIC,5929,2618,3311,5869,0,60,ITG,ITG1,19,Sicilia,Sicilia,4999891,2732174,54.64,0.12
1403,2021-06-01,SIC,38991,17729,21262,24596,14044,351,ITG,ITG1,19,Sicilia,Sicilia,4999891,2771165,55.42,0.78
1404,2021-04-05,SIC,8024,3958,4066,6511,1442,71,ITG,ITG1,19,Sicilia,Sicilia,4999891,2779189,55.58,0.16
1405,2021-09-09,SIC,23661,11845,11816,8363,14858,440,ITG,ITG1,19,Sicilia,Sicilia,4999891,2802850,56.06,0.47
1406,2021-02-27,SIC,12242,5505,6737,10937,1204,101,ITG,ITG1,19,Sicilia,Sicilia,4999891,2815092,56.3,0.24
1407,2021-07-12,SIC,49010,22617,26393,6440,42368,202,ITG,ITG1,19,Sicilia,Sicilia,4999891,2864102,57.28,0.98
1408,2021-02-08,SIC,3889,1680,2209,2082,1759,48,ITG,ITG1,19,Sicilia,Sicilia,4999891,2867991,57.36,0.08
1409,2021-01-22,SIC,1294,641,653,261,1031,2,ITG,ITG1,19,Sicilia,Sicilia,4999891,2869285,57.39,0.03
1410,2021-07-06,SIC,37129,17169,19960,10291,26527,311,ITG,ITG1,19,Sicilia,Sicilia,4999891,2906414,58.13,0.74
1411,2021-05-10,SIC,28738,13797,14941,16174,12220,344,ITG,ITG1,19,Sicilia,Sicilia,4999891,2935152,58.7,0.57
1412,2021-08-18,SIC,21978,11343,10635,11683,9926,369,ITG,ITG1,19,Sicilia,Sicilia,4999891,2957130,59.14,0.44
1413,2021-03-26,SIC,17998,8361,9637,12340,5502,156,ITG,ITG1,19,Sicilia,Sicilia,4999891,2975128,59.5,0.36
1414,2021-01-28,SIC,9037,4276,4761,361,8675,1,ITG,ITG1,19,Sicilia,Sicilia,4999891,2984165,59.68,0.18
1415,2021-07-04,SIC,26516,12804,13712,7609,18732,175,ITG,ITG1,19,Sicilia,Sicilia,4999891,3010681,60.21,0.53
1416,2021-04-01,SIC,14332,6629,7703,9519,4669,144,ITG,ITG1,19,Sicilia,Sicilia,4999891,3025013,60.5,0.29
1417,2021-07-10,SIC,46918,22355,24563,6056,40654,208,ITG,ITG1,19,Sicilia,Sicilia,4999891,3071931,61.44,0.94
1418,2021-06-23,SIC,44513,20710,23803,17927,26250,336,ITG,ITG1,19,Sicilia,Sicilia,4999891,3116444,62.33,0.89
1419,2021-05-16,SIC,33719,16443,17276,21895,11526,298,ITG,ITG1,19,Sicilia,Sicilia,4999891,3150163,63.0,0.67
1420,2021-05-08,SIC,35673,17047,18626,24896,10323,454,ITG,ITG1,19,Sicilia,Sicilia,4999891,3185836,63.72,0.71
1421,2021-01-26,SIC,9581,4745,4836,213,9367,1,ITG,ITG1,19,Sicilia,Sicilia,4999891,3195417,63.91,0.19
1422,2021-01-24,SIC,4336,2268,2068,122,4212,2,ITG,ITG1,19,Sicilia,Sicilia,4999891,3199753,64.0,0.09
1423,2021-05-04,SIC,26865,12478,14387,17148,9299,418,ITG,ITG1,19,Sicilia,Sicilia,4999891,3226618,64.53,0.54
1424,2021-04-26,SIC,21711,10277,11434,13302,8089,320,ITG,ITG1,19,Sicilia,Sicilia,4999891,3248329,64.97,0.43
1425,2021-02-02,SIC,5322,2497,2825,610,4702,10,ITG,ITG1,19,Sicilia,Sicilia,4999891,3253651,65.07,0.11
1426,2021-08-04,SIC,24363,12010,12353,10982,13057,324,ITG,ITG1,19,Sicilia,Sicilia,4999891,3278014,65.56,0.49
1427,2021-07-18,SIC,39285,19786,19499,8100,30950,235,ITG,ITG1,19,Sicilia,Sicilia,4999891,3317299,66.35,0.79
1428,2021-01-14,SIC,5267,2494,2773,5205,0,62,ITG,ITG1,19,Sicilia,Sicilia,4999891,3322566,66.45,0.11
1429,2021-04-08,SIC,19014,9345,9669,9273,9542,199,ITG,ITG1,19,Sicilia,Sicilia,4999891,3341580,66.83,0.38
1430,2021-02-20,SIC,7172,3707,3465,6803,272,97,ITG,ITG1,19,Sicilia,Sicilia,4999891,3348752,66.98,0.14
1431,2021-04-12,SIC,19022,9221,9801,11486,7276,260,ITG,ITG1,19,Sicilia,Sicilia,4999891,3367774,67.36,0.38
1432,2021-02-14,SIC,1055,402,653,905,140,10,ITG,ITG1,19,Sicilia,Sicilia,4999891,3368829,67.38,0.02
1433,2021-01-02,SIC,4887,2545,2342,4851,0,36,ITG,ITG1,19,Sicilia,Sicilia,4999891,3373716,67.48,0.1
1434,2021-01-08,SIC,8156,3797,4359,8063,0,93,ITG,ITG1,19,Sicilia,Sicilia,4999891,3381872,67.64,0.16
1435,2021-04-18,SIC,19839,9920,9919,15284,4364,191,ITG,ITG1,19,Sicilia,Sicilia,4999891,3401711,68.04,0.4
1436,2021-08-31,SIC,27967,14176,13791,10306,17362,299,ITG,ITG1,19,Sicilia,Sicilia,4999891,3429678,68.6,0.56
1437,2021-03-30,SIC,14588,6774,7814,9714,4771,103,ITG,ITG1,19,Sicilia,Sicilia,4999891,3444266,68.89,0.29
1438,2021-03-13,SIC,12226,5395,6831,7635,4499,92,ITG,ITG1,19,Sicilia,Sicilia,4999891,3456492,69.13,0.24
1439,2021-03-15,SIC,10692,4737,5955,5658,4954,80,ITG,ITG1,19,Sicilia,Sicilia,4999891,3467184,69.35,0.21
1440,2021-02-03,SIC,5945,2793,3152,706,5231,8,ITG,ITG1,19,Sicilia,Sicilia,4999891,3473129,69.46,0.12
1441,2021-04-27,SIC,26461,12690,13771,15150,10959,352,ITG,ITG1,19,Sicilia,Sicilia,4999891,3499590,69.99,0.53
1442,2021-08-05,SIC,23870,11853,12017,11531,12031,308,ITG,ITG1,19,Sicilia,Sicilia,4999891,3523460,70.47,0.48
1443,2021-05-14,SIC,52248,24499,27749,35788,15682,778,ITG,ITG1,19,Sicilia,Sicilia,4999891,3575708,71.52,1.04
1444,2021-01-15,SIC,5325,2335,2990,5258,0,67,ITG,ITG1,19,Sicilia,Sicilia,4999891,3581033,71.62,0.11
1445,2021-04-25,SIC,21406,10211,11195,16139,5020,247,ITG,ITG1,19,Sicilia,Sicilia,4999891,3602439,72.05,0.43
1446,2021-05-02,SIC,24617,11434,13183,17697,6605,315,ITG,ITG1,19,Sicilia,Sicilia,4999891,3627056,72.54,0.49
1447,2021-03-20,SIC,18606,8988,9618,13366,5144,96,ITG,ITG1,19,Sicilia,Sicilia,4999891,3645662,72.91,0.37
1448,2021-08-24,SIC,23729,11758,11971,10964,12397,368,ITG,ITG1,19,Sicilia,Sicilia,4999891,3669391,73.39,0.47
1449,2021-06-28,SIC,31944,14878,17066,14907,16743,294,ITG,ITG1,19,Sicilia,Sicilia,4999891,3701335,74.03,0.64
1450,2021-07-05,SIC,37534,17619,19915,8910,28383,241,ITG,ITG1,19,Sicilia,Sicilia,4999891,3738869,74.78,0.75
1451,2021-06-21,SIC,40253,18634,21619,18421,21503,329,ITG,ITG1,19,Sicilia,Sicilia,4999891,3779122,75.58,0.81
1452,2021-02-21,SIC,5169,2501,2668,5044,107,18,ITG,ITG1,19,Sicilia,Sicilia,4999891,3784291,75.69,0.1
1453,2021-04-17,SIC,26011,13154,12857,18665,7068,278,ITG,ITG1,19,Sicilia,Sicilia,4999891,3810302,76.21,0.52
1454,2021-07-26,SIC,44551,22206,22345,16704,27475,372,ITG,ITG1,19,Sicilia,Sicilia,4999891,3854853,77.1,0.89
1455,2021-03-17,SIC,15056,7444,7612,9077,5852,127,ITG,ITG1,19,Sicilia,Sicilia,4999891,3869909,77.4,0.3
1456,2021-06-25,SIC,39806,18680,21126,17384,22083,339,ITG,ITG1,19,Sicilia,Sicilia,4999891,3909715,78.2,0.8
1457,2021-07-09,SIC,44833,20690,24143,6403,38246,184,ITG,ITG1,19,Sicilia,Sicilia,4999891,3954548,79.09,0.9
1458,2021-05-09,SIC,28444,13324,15120,19767,8299,378,ITG,ITG1,19,Sicilia,Sicilia,4999891,3982992,79.66,0.57
1459,2021-08-17,SIC,18616,9522,9094,10141,8148,327,ITG,ITG1,19,Sicilia,Sicilia,4999891,4001608,80.03,0.37
1460,2021-09-04,SIC,18296,9851,8445,8350,9602,344,ITG,ITG1,19,Sicilia,Sicilia,4999891,4019904,80.4,0.37
1461,2021-02-05,SIC,6790,3006,3784,2087,4665,38,ITG,ITG1,19,Sicilia,Sicilia,4999891,4026694,80.54,0.14
1462,2021-04-03,SIC,16422,7819,8603,13420,2837,165,ITG,ITG1,19,Sicilia,Sicilia,4999891,4043116,80.86,0.33
1463,2021-07-28,SIC,37671,18870,18801,14688,22660,323,ITG,ITG1,19,Sicilia,Sicilia,4999891,4080787,81.62,0.75
1464,2021-06-22,SIC,40057,18409,21648,18344,21335,378,ITG,ITG1,19,Sicilia,Sicilia,4999891,4120844,82.42,0.8
1465,2021-05-22,SIC,48035,22815,25220,28314,19324,397,ITG,ITG1,19,Sicilia,Sicilia,4999891,4168879,83.38,0.96
1466,2021-08-30,SIC,28204,14371,13833,10214,17644,346,ITG,ITG1,19,Sicilia,Sicilia,4999891,4197083,83.94,0.56
1467,2021-02-01,SIC,5955,2642,3313,294,5647,14,ITG,ITG1,19,Sicilia,Sicilia,4999891,4203038,84.06,0.12
1468,2021-03-22,SIC,16692,7920,8772,11167,5429,96,ITG,ITG1,19,Sicilia,Sicilia,4999891,4219730,84.4,0.33
1469,2021-06-30,SIC,32616,15040,17576,11446,20848,322,ITG,ITG1,19,Sicilia,Sicilia,4999891,4252346,85.05,0.65
1470,2020-12-29,SIC,245,152,93,244,0,1,ITG,ITG1,19,Sicilia,Sicilia,4999891,4252591,85.05,0.0
1471,2021-06-13,SIC,34551,17169,17382,30607,3511,433,ITG,ITG1,19,Sicilia,Sicilia,4999891,4287142,85.74,0.69
1472,2021-03-27,SIC,15700,7406,8294,10685,4888,127,ITG,ITG1,19,Sicilia,Sicilia,4999891,4302842,86.06,0.31
1473,2021-01-29,SIC,9186,4257,4929,404,8770,12,ITG,ITG1,19,Sicilia,Sicilia,4999891,4312028,86.24,0.18
1474,2021-06-06,SIC,49535,23925,25610,41149,7829,557,ITG,ITG1,19,Sicilia,Sicilia,4999891,4361563,87.23,0.99
1475,2021-02-26,SIC,11988,5882,6106,10191,1681,116,ITG,ITG1,19,Sicilia,Sicilia,4999891,4373551,87.47,0.24
1476,2021-05-06,SIC,29486,14016,15470,18152,10841,493,ITG,ITG1,19,Sicilia,Sicilia,4999891,4403037,88.06,0.59
1477,2021-08-28,SIC,20872,11177,9695,7260,13392,220,ITG,ITG1,19,Sicilia,Sicilia,4999891,4423909,88.48,0.42
1478,2021-08-14,SIC,6143,3341,2802,3308,2714,121,ITG,ITG1,19,Sicilia,Sicilia,4999891,4430052,88.6,0.12
1479,2021-02-28,SIC,7130,3032,4098,6455,630,45,ITG,ITG1,19,Sicilia,Sicilia,4999891,4437182,88.75,0.14
1480,2021-06-08,SIC,47713,22405,25308,40458,6713,542,ITG,ITG1,19,Sicilia,Sicilia,4999891,4484895,89.7,0.95
1481,2021-08-11,SIC,16202,8338,7864,8727,7186,289,ITG,ITG1,19,Sicilia,Sicilia,4999891,4501097,90.02,0.32
1482,2021-01-09,SIC,7256,3425,3831,7195,0,61,ITG,ITG1,19,Sicilia,Sicilia,4999891,4508353,90.17,0.15
1483,2021-05-03,SIC,23327,10802,12525,13263,9799,265,ITG,ITG1,19,Sicilia,Sicilia,4999891,4531680,90.64,0.47
1484,2021-07-11,SIC,36043,16870,19173,3663,32285,95,ITG,ITG1,19,Sicilia,Sicilia,4999891,4567723,91.36,0.72
1485,2021-07-25,SIC,31813,16766,15047,11849,19705,259,ITG,ITG1,19,Sicilia,Sicilia,4999891,4599536,91.99,0.64
1486,2021-04-19,SIC,18292,8672,9620,12464,5590,238,ITG,ITG1,19,Sicilia,Sicilia,4999891,4617828,92.36,0.37
1487,2021-04-10,SIC,20448,9978,10470,11301,8972,175,ITG,ITG1,19,Sicilia,Sicilia,4999891,4638276,92.77,0.41
1488,2021-01-17,SIC,1314,598,716,1240,65,9,ITG,ITG1,19,Sicilia,Sicilia,4999891,4639590,92.79,0.03
1489,2021-07-02,SIC,30577,14239,16338,9941,20350,286,ITG,ITG1,19,Sicilia,Sicilia,4999891,4670167,93.41,0.61
1490,2021-07-19,SIC,48978,23600,25378,11655,36964,359,ITG,ITG1,19,Sicilia,Sicilia,4999891,4719145,94.38,0.98
1491,2021-02-12,SIC,4606,1829,2777,4241,286,79,ITG,ITG1,19,Sicilia,Sicilia,4999891,4723751,94.48,0.09
1492,2021-05-23,SIC,34108,16606,17502,19854,14025,229,ITG,ITG1,19,Sicilia,Sicilia,4999891,4757859,95.16,0.68
1493,2021-06-10,SIC,53053,24909,28144,45147,7252,654,ITG,ITG1,19,Sicilia,Sicilia,4999891,4810912,96.22,1.06
1494,2021-05-27,SIC,47624,21934,25690,24466,22737,421,ITG,ITG1,19,Sicilia,Sicilia,4999891,4858536,97.17,0.95
1495,2021-04-14,SIC,20583,9938,10645,11613,8774,196,ITG,ITG1,19,Sicilia,Sicilia,4999891,4879119,97.58,0.41
1496,2021-07-23,SIC,41520,20856,20664,14377,26819,324,ITG,ITG1,19,Sicilia,Sicilia,4999891,4920639,98.41,0.83
1497,2021-03-31,SIC,14528,6710,7818,9443,4935,150,ITG,ITG1,19,Sicilia,Sicilia,4999891,4935167,98.71,0.29
1498,2021-01-07,SIC,9075,4212,4863,8991,0,84,ITG,ITG1,19,Sicilia,Sicilia,4999891,4944242,98.89,0.18
1499,2021-03-05,SIC,15791,6852,8939,11397,4244,150,ITG,ITG1,19,Sicilia,Sicilia,4999891,4960033,99.2,0.32
1500,2021-02-16,SIC,4201,2208,1993,3664,467,70,ITG,ITG1,19,Sicilia,Sicilia,4999891,4964234,99.29,0.08
1501,2021-04-21,SIC,22397,10751,11646,15990,6127,280,ITG,ITG1,19,Sicilia,Sicilia,4999891,4986631,99.73,0.45
1502,2021-04-07,SIC,18454,9069,9385,9737,8518,199,ITG,ITG1,19,Sicilia,Sicilia,4999891,5005085,100.1,0.37
1503,2021-07-16,SIC,49372,23382,25990,8720,40363,289,ITG,ITG1,19,Sicilia,Sicilia,4999891,5054457,101.09,0.99
1504,2021-07-30,SIC,32511,16115,16396,12079,20145,287,ITG,ITG1,19,Sicilia,Sicilia,4999891,5086968,101.74,0.65
1505,2021-06-03,SIC,46005,21099,24906,33763,11719,523,ITG,ITG1,19,Sicilia,Sicilia,4999891,5132973,102.66,0.92
1506,2021-08-13,SIC,11517,5967,5550,5977,5301,239,ITG,ITG1,19,Sicilia,Sicilia,4999891,5144490,102.89,0.23
1507,2021-02-09,SIC,4350,1800,2550,3248,1037,65,ITG,ITG1,19,Sicilia,Sicilia,4999891,5148840,102.98,0.09
1508,2021-05-20,SIC,44106,21134,22972,27753,15937,416,ITG,ITG1,19,Sicilia,Sicilia,4999891,5192946,103.86,0.88
1509,2021-06-17,SIC,41894,19507,22387,20362,21157,375,ITG,ITG1,19,Sicilia,Sicilia,4999891,5234840,104.7,0.84
1510,2020-12-31,SIC,897,477,420,889,0,8,ITG,ITG1,19,Sicilia,Sicilia,4999891,5235737,104.72,0.02
1511,2021-03-07,SIC,9271,3457,5814,8129,1083,59,ITG,ITG1,19,Sicilia,Sicilia,4999891,5245008,104.9,0.19
1512,2021-06-15,SIC,46173,21761,24412,28202,17535,436,ITG,ITG1,19,Sicilia,Sicilia,4999891,5291181,105.83,0.92
1513,2021-03-24,SIC,20987,9880,11107,15039,5743,205,ITG,ITG1,19,Sicilia,Sicilia,4999891,5312168,106.25,0.42
1514,2021-09-06,SIC,23283,11836,11447,9960,12909,414,ITG,ITG1,19,Sicilia,Sicilia,4999891,5335451,106.71,0.47
1515,2021-05-29,SIC,47217,21484,25733,23546,23222,449,ITG,ITG1,19,Sicilia,Sicilia,4999891,5382668,107.66,0.94
1516,2021-07-24,SIC,40736,21213,19523,16794,23631,311,ITG,ITG1,19,Sicilia,Sicilia,4999891,5423404,108.47,0.81
1517,2021-02-15,SIC,3777,1769,2008,3137,564,76,ITG,ITG1,19,Sicilia,Sicilia,4999891,5427181,108.55,0.08
1518,2021-07-22,SIC,40678,19968,20710,11230,29151,297,ITG,ITG1,19,Sicilia,Sicilia,4999891,5467859,109.36,0.81
1519,2021-05-26,SIC,44744,21040,23704,23910,20489,345,ITG,ITG1,19,Sicilia,Sicilia,4999891,5512603,110.25,0.89
1520,2021-01-03,SIC,4814,2517,2297,4780,0,34,ITG,ITG1,19,Sicilia,Sicilia,4999891,5517417,110.35,0.1
1521,2021-04-13,SIC,20270,9875,10395,11226,8843,201,ITG,ITG1,19,Sicilia,Sicilia,4999891,5537687,110.76,0.41
1522,2021-07-31,SIC,28758,14937,13821,10447,18044,267,ITG,ITG1,19,Sicilia,Sicilia,4999891,5566445,111.33,0.58
1523,2021-01-10,SIC,3566,1598,1968,3544,0,22,ITG,ITG1,19,Sicilia,Sicilia,4999891,5570011,111.4,0.07
1524,2021-01-05,SIC,10630,5228,5402,10547,0,83,ITG,ITG1,19,Sicilia,Sicilia,4999891,5580641,111.62,0.21
1525,2021-04-15,SIC,21596,10500,11096,12002,9356,238,ITG,ITG1,19,Sicilia,Sicilia,4999891,5602237,112.05,0.43
1526,2021-06-20,SIC,33452,15829,17623,15113,18078,261,ITG,ITG1,19,Sicilia,Sicilia,4999891,5635689,112.72,0.67
1527,2021-04-22,SIC,26777,12644,14133,19892,6463,422,ITG,ITG1,19,Sicilia,Sicilia,4999891,5662466,113.25,0.54
1528,2021-03-10,SIC,13962,6134,7828,11626,2188,148,ITG,ITG1,19,Sicilia,Sicilia,4999891,5676428,113.53,0.28
1529,2021-01-12,SIC,4379,2144,2235,4333,0,46,ITG,ITG1,19,Sicilia,Sicilia,4999891,5680807,113.62,0.09
1530,2021-06-18,SIC,43609,20151,23458,18860,24377,372,ITG,ITG1,19,Sicilia,Sicilia,4999891,5724416,114.49,0.87
1531,2021-06-27,SIC,25313,12202,13111,12098,12983,232,ITG,ITG1,19,Sicilia,Sicilia,4999891,5749729,115.0,0.51
1532,2021-05-15,SIC,56537,26404,30133,40370,15249,918,ITG,ITG1,19,Sicilia,Sicilia,4999891,5806266,116.13,1.13
1533,2021-03-19,SIC,16326,8062,8264,10652,5579,95,ITG,ITG1,19,Sicilia,Sicilia,4999891,5822592,116.45,0.33
1534,2021-08-23,SIC,24086,11905,12181,10794,12940,352,ITG,ITG1,19,Sicilia,Sicilia,4999891,5846678,116.94,0.48
1535,2021-09-01,SIC,24939,12715,12224,10575,14009,355,ITG,ITG1,19,Sicilia,Sicilia,4999891,5871617,117.43,0.5
1536,2021-03-12,SIC,12895,5575,7320,10665,2071,159,ITG,ITG1,19,Sicilia,Sicilia,4999891,5884512,117.69,0.26
1537,2021-08-25,SIC,21844,10843,11001,9967,11517,360,ITG,ITG1,19,Sicilia,Sicilia,4999891,5906356,118.13,0.44
1538,2021-06-29,SIC,31458,14737,16721,15726,15326,406,ITG,ITG1,19,Sicilia,Sicilia,4999891,5937814,118.76,0.63
1539,2021-05-22,TOS,26037,12667,13370,21490,4298,249,ITI,ITI1,9,Toscana,Toscana,3729641,26037,0.7,0.7
1540,2021-05-05,TOS,30165,13465,16700,14854,14575,736,ITI,ITI1,9,Toscana,Toscana,3729641,56202,1.51,0.81
1541,2021-08-13,TOS,23109,12521,10588,11335,11228,546,ITI,ITI1,9,Toscana,Toscana,3729641,79311,2.13,0.62
1542,2021-02-28,TOS,1665,669,996,868,727,70,ITI,ITI1,9,Toscana,Toscana,3729641,80976,2.17,0.04
1543,2021-02-11,TOS,5423,2037,3386,5099,242,82,ITI,ITI1,9,Toscana,Toscana,3729641,86399,2.32,0.15
1544,2021-02-09,TOS,4534,1485,3049,3809,611,114,ITI,ITI1,9,Toscana,Toscana,3729641,90933,2.44,0.12
1545,2021-08-01,TOS,29926,15321,14605,13787,15652,487,ITI,ITI1,9,Toscana,Toscana,3729641,120859,3.24,0.8
1546,2021-06-05,TOS,28456,13609,14847,20559,7621,276,ITI,ITI1,9,Toscana,Toscana,3729641,149315,4.0,0.76
1547,2021-08-08,TOS,25038,12921,12117,14611,9926,501,ITI,ITI1,9,Toscana,Toscana,3729641,174353,4.67,0.67
1548,2021-01-11,TOS,5185,1719,3466,5084,0,101,ITI,ITI1,9,Toscana,Toscana,3729641,179538,4.81,0.14
1549,2021-04-21,TOS,29652,12689,16963,16850,12163,639,ITI,ITI1,9,Toscana,Toscana,3729641,209190,5.61,0.8
1550,2021-02-23,TOS,7755,3337,4418,7241,162,352,ITI,ITI1,9,Toscana,Toscana,3729641,216945,5.82,0.21
1551,2021-06-03,TOS,32066,15457,16609,27152,4589,325,ITI,ITI1,9,Toscana,Toscana,3729641,249011,6.68,0.86
1552,2021-08-27,TOS,16277,8700,7577,7747,8002,528,ITI,ITI1,9,Toscana,Toscana,3729641,265288,7.11,0.44
1553,2021-01-28,TOS,6289,1885,4404,349,5933,7,ITI,ITI1,9,Toscana,Toscana,3729641,271577,7.28,0.17
1554,2021-04-07,TOS,35848,15483,20365,28159,7267,422,ITI,ITI1,9,Toscana,Toscana,3729641,307425,8.24,0.96
1555,2021-09-01,TOS,23574,12403,11171,13369,9163,1042,ITI,ITI1,9,Toscana,Toscana,3729641,330999,8.87,0.63
1556,2021-06-10,TOS,26458,13573,12885,25548,561,349,ITI,ITI1,9,Toscana,Toscana,3729641,357457,9.58,0.71
1557,2021-05-24,TOS,33764,16728,17036,23898,9586,280,ITI,ITI1,9,Toscana,Toscana,3729641,391221,10.49,0.91
1558,2021-02-16,TOS,9372,3367,6005,8420,721,231,ITI,ITI1,9,Toscana,Toscana,3729641,400593,10.74,0.25
1559,2021-05-02,TOS,11181,4936,6245,8979,1968,234,ITI,ITI1,9,Toscana,Toscana,3729641,411774,11.04,0.3
1560,2021-08-20,TOS,20219,11090,9129,9961,9761,497,ITI,ITI1,9,Toscana,Toscana,3729641,431993,11.58,0.54
1561,2021-03-19,TOS,10176,4476,5700,7131,2897,148,ITI,ITI1,9,Toscana,Toscana,3729641,442169,11.86,0.27
1562,2021-01-21,TOS,1593,687,906,862,722,9,ITI,ITI1,9,Toscana,Toscana,3729641,443762,11.9,0.04
1563,2021-07-30,TOS,37913,20404,17509,10790,26765,358,ITI,ITI1,9,Toscana,Toscana,3729641,481675,12.91,1.02
1564,2021-07-13,TOS,29348,14736,14612,7713,21459,176,ITI,ITI1,9,Toscana,Toscana,3729641,511023,13.7,0.79
1565,2021-06-12,TOS,29406,15158,14248,24658,4393,355,ITI,ITI1,9,Toscana,Toscana,3729641,540429,14.49,0.79
1566,2021-04-16,TOS,29000,12897,16103,21439,6927,634,ITI,ITI1,9,Toscana,Toscana,3729641,569429,15.27,0.78
1567,2021-07-25,TOS,33928,16777,17151,7053,26694,181,ITI,ITI1,9,Toscana,Toscana,3729641,603357,16.18,0.91
1568,2021-03-02,TOS,10600,3795,6805,7039,3447,114,ITI,ITI1,9,Toscana,Toscana,3729641,613957,16.46,0.28
1569,2021-01-04,TOS,5240,1998,3242,5173,0,67,ITI,ITI1,9,Toscana,Toscana,3729641,619197,16.6,0.14
1570,2021-04-14,TOS,20208,8352,11856,14533,5126,549,ITI,ITI1,9,Toscana,Toscana,3729641,639405,17.14,0.54
1571,2021-01-16,TOS,3298,1059,2239,3240,0,58,ITI,ITI1,9,Toscana,Toscana,3729641,642703,17.23,0.09
1572,2021-04-26,TOS,10149,4936,5213,7456,2557,136,ITI,ITI1,9,Toscana,Toscana,3729641,652852,17.5,0.27
1573,2021-01-02,TOS,3547,1126,2421,3503,0,44,ITI,ITI1,9,Toscana,Toscana,3729641,656399,17.6,0.1
1574,2021-09-08,TOS,21291,11063,10228,7172,13382,737,ITI,ITI1,9,Toscana,Toscana,3729641,677690,18.17,0.57
1575,2021-08-10,TOS,25936,13492,12444,16356,8933,647,ITI,ITI1,9,Toscana,Toscana,3729641,703626,18.87,0.7
1576,2021-02-25,TOS,10648,4315,6333,9484,995,169,ITI,ITI1,9,Toscana,Toscana,3729641,714274,19.15,0.29
1577,2021-06-28,TOS,37708,18146,19562,8437,29102,169,ITI,ITI1,9,Toscana,Toscana,3729641,751982,20.16,1.01
1578,2021-01-20,TOS,1346,644,702,1034,249,63,ITI,ITI1,9,Toscana,Toscana,3729641,753328,20.2,0.04
1579,2021-04-30,TOS,40253,17814,22439,19653,19954,646,ITI,ITI1,9,Toscana,Toscana,3729641,793581,21.28,1.08
1580,2021-01-25,TOS,5136,1895,3241,243,4889,4,ITI,ITI1,9,Toscana,Toscana,3729641,798717,21.42,0.14
1581,2021-04-18,TOS,8372,4097,4275,7061,1035,276,ITI,ITI1,9,Toscana,Toscana,3729641,807089,21.64,0.22
1582,2021-07-27,TOS,38738,20141,18597,11271,27118,349,ITI,ITI1,9,Toscana,Toscana,3729641,845827,22.68,1.04
1583,2021-07-10,TOS,29317,14188,15129,7952,21175,190,ITI,ITI1,9,Toscana,Toscana,3729641,875144,23.46,0.79
1584,2021-06-02,TOS,27614,13633,13981,21867,5512,235,ITI,ITI1,9,Toscana,Toscana,3729641,902758,24.2,0.74
1585,2021-04-06,TOS,22252,9843,12409,18091,3742,419,ITI,ITI1,9,Toscana,Toscana,3729641,925010,24.8,0.6
1586,2021-09-10,TOS,7278,3801,3477,2142,4894,242,ITI,ITI1,9,Toscana,Toscana,3729641,932288,25.0,0.2
1587,2021-02-08,TOS,4132,1372,2760,3561,459,112,ITI,ITI1,9,Toscana,Toscana,3729641,936420,25.11,0.11
1588,2021-07-15,TOS,31259,15298,15961,8088,22923,248,ITI,ITI1,9,Toscana,Toscana,3729641,967679,25.95,0.84
1589,2021-05-19,TOS,27979,13589,14390,18644,9068,267,ITI,ITI1,9,Toscana,Toscana,3729641,995658,26.7,0.75
1590,2021-04-13,TOS,8504,3513,4991,5740,2481,283,ITI,ITI1,9,Toscana,Toscana,3729641,1004162,26.92,0.23
1591,2021-04-02,TOS,32015,13579,18436,23682,8078,255,ITI,ITI1,9,Toscana,Toscana,3729641,1036177,27.78,0.86
1592,2021-07-11,TOS,26193,12730,13463,9174,16845,174,ITI,ITI1,9,Toscana,Toscana,3729641,1062370,28.48,0.7
1593,2021-06-24,TOS,29469,14633,14836,19320,9753,396,ITI,ITI1,9,Toscana,Toscana,3729641,1091839,29.27,0.79
1594,2021-01-09,TOS,4542,1622,2920,4475,0,67,ITI,ITI1,9,Toscana,Toscana,3729641,1096381,29.4,0.12
1595,2021-06-14,TOS,31836,16353,15483,27430,4109,297,ITI,ITI1,9,Toscana,Toscana,3729641,1128217,30.25,0.85
1596,2021-03-04,TOS,17902,6981,10921,14657,3085,160,ITI,ITI1,9,Toscana,Toscana,3729641,1146119,30.73,0.48
1597,2021-08-17,TOS,25992,14022,11970,11460,14035,497,ITI,ITI1,9,Toscana,Toscana,3729641,1172111,31.43,0.7
1598,2021-07-01,TOS,32085,15535,16550,10722,21080,283,ITI,ITI1,9,Toscana,Toscana,3729641,1204196,32.29,0.86
1599,2021-03-26,TOS,20751,9434,11317,14710,5830,211,ITI,ITI1,9,Toscana,Toscana,3729641,1224947,32.84,0.56
1600,2021-03-09,TOS,11177,4586,6591,5532,5565,80,ITI,ITI1,9,Toscana,Toscana,3729641,1236124,33.14,0.3
1601,2021-04-09,TOS,24611,10590,14021,20717,3444,450,ITI,ITI1,9,Toscana,Toscana,3729641,1260735,33.8,0.66
1602,2021-07-18,TOS,30390,15280,15110,8338,21842,210,ITI,ITI1,9,Toscana,Toscana,3729641,1291125,34.62,0.81
1603,2021-06-17,TOS,32621,16713,15908,26712,5564,345,ITI,ITI1,9,Toscana,Toscana,3729641,1323746,35.49,0.87
1604,2021-06-22,TOS,31063,15632,15431,22464,8219,380,ITI,ITI1,9,Toscana,Toscana,3729641,1354809,36.33,0.83
1605,2021-05-17,TOS,29785,14884,14901,20560,8947,278,ITI,ITI1,9,Toscana,Toscana,3729641,1384594,37.12,0.8
1606,2021-03-21,TOS,3296,1629,1667,1819,1434,43,ITI,ITI1,9,Toscana,Toscana,3729641,1387890,37.21,0.09
1607,2021-08-25,TOS,20293,10599,9694,10595,8972,726,ITI,ITI1,9,Toscana,Toscana,3729641,1408183,37.76,0.54
1608,2021-01-23,TOS,3982,1361,2621,641,3335,6,ITI,ITI1,9,Toscana,Toscana,3729641,1412165,37.86,0.11
1609,2021-06-29,TOS,37055,18042,19013,7976,28924,155,ITI,ITI1,9,Toscana,Toscana,3729641,1449220,38.86,0.99
1610,2021-05-03,TOS,11944,5518,6426,10363,1333,248,ITI,ITI1,9,Toscana,Toscana,3729641,1461164,39.18,0.32
1611,2021-03-07,TOS,5659,2362,3297,2001,3547,111,ITI,ITI1,9,Toscana,Toscana,3729641,1466823,39.33,0.15
1612,2021-07-20,TOS,37342,19108,18234,7967,29183,192,ITI,ITI1,9,Toscana,Toscana,3729641,1504165,40.33,1.0
1613,2021-04-25,TOS,11067,5252,5815,8760,2146,161,ITI,ITI1,9,Toscana,Toscana,3729641,1515232,40.63,0.3
1614,2021-08-03,TOS,36351,18924,17427,12167,23806,378,ITI,ITI1,9,Toscana,Toscana,3729641,1551583,41.6,0.97
1615,2021-01-13,TOS,4126,1423,2703,4061,0,65,ITI,ITI1,9,Toscana,Toscana,3729641,1555709,41.71,0.11
1616,2021-04-23,TOS,25684,11434,14250,8799,16354,531,ITI,ITI1,9,Toscana,Toscana,3729641,1581393,42.4,0.69
1617,2021-05-07,TOS,32190,14720,17470,11350,20227,613,ITI,ITI1,9,Toscana,Toscana,3729641,1613583,43.26,0.86
1618,2021-08-15,TOS,14689,7761,6928,5269,9236,184,ITI,ITI1,9,Toscana,Toscana,3729641,1628272,43.66,0.39
1619,2021-07-29,TOS,39416,20534,18882,12613,26455,348,ITI,ITI1,9,Toscana,Toscana,3729641,1667688,44.71,1.06
1620,2021-02-13,TOS,7869,2390,5479,7493,227,149,ITI,ITI1,9,Toscana,Toscana,3729641,1675557,44.93,0.21
1621,2021-01-08,TOS,6063,1695,4368,5970,0,93,ITI,ITI1,9,Toscana,Toscana,3729641,1681620,45.09,0.16
1622,2021-07-12,TOS,28289,14008,14281,9665,18320,304,ITI,ITI1,9,Toscana,Toscana,3729641,1709909,45.85,0.76
1623,2021-04-01,TOS,27170,11271,15899,16193,10735,242,ITI,ITI1,9,Toscana,Toscana,3729641,1737079,46.57,0.73
1624,2021-03-15,TOS,8703,3646,5057,4080,4449,174,ITI,ITI1,9,Toscana,Toscana,3729641,1745782,46.81,0.23
1625,2021-06-23,TOS,31584,15317,16267,19820,11398,366,ITI,ITI1,9,Toscana,Toscana,3729641,1777366,47.66,0.85
1626,2021-07-22,TOS,39403,19804,19599,4484,34750,169,ITI,ITI1,9,Toscana,Toscana,3729641,1816769,48.71,1.06
1627,2021-05-26,TOS,35627,17118,18509,20149,15222,256,ITI,ITI1,9,Toscana,Toscana,3729641,1852396,49.67,0.96
1628,2021-03-30,TOS,17041,7645,9396,13269,3574,198,ITI,ITI1,9,Toscana,Toscana,3729641,1869437,50.12,0.46
1629,2021-09-03,TOS,14155,7395,6760,7538,5912,705,ITI,ITI1,9,Toscana,Toscana,3729641,1883592,50.5,0.38
1630,2021-07-08,TOS,21097,10371,10726,9268,11588,241,ITI,ITI1,9,Toscana,Toscana,3729641,1904689,51.07,0.57
1631,2020-12-27,TOS,629,275,354,624,0,5,ITI,ITI1,9,Toscana,Toscana,3729641,1905318,51.09,0.02
1632,2021-08-02,TOS,35308,18088,17220,13359,21556,393,ITI,ITI1,9,Toscana,Toscana,3729641,1940626,52.03,0.95
1633,2021-01-03,TOS,3364,1070,2294,3317,0,47,ITI,ITI1,9,Toscana,Toscana,3729641,1943990,52.12,0.09
1634,2021-09-06,TOS,22640,11691,10949,9292,12321,1027,ITI,ITI1,9,Toscana,Toscana,3729641,1966630,52.73,0.61
1635,2021-02-04,TOS,4264,1597,2667,942,3295,27,ITI,ITI1,9,Toscana,Toscana,3729641,1970894,52.84,0.11
1636,2021-05-15,TOS,29377,13866,15511,22871,5910,596,ITI,ITI1,9,Toscana,Toscana,3729641,2000271,53.63,0.79
1637,2021-04-28,TOS,19154,8193,10961,3446,15350,358,ITI,ITI1,9,Toscana,Toscana,3729641,2019425,54.15,0.51
1638,2021-02-18,TOS,8874,3301,5573,7793,897,184,ITI,ITI1,9,Toscana,Toscana,3729641,2028299,54.38,0.24
1639,2021-05-29,TOS,31582,15266,16316,23182,8173,227,ITI,ITI1,9,Toscana,Toscana,3729641,2059881,55.23,0.85
1640,2021-09-02,TOS,18076,9429,8647,11055,6107,914,ITI,ITI1,9,Toscana,Toscana,3729641,2077957,55.71,0.48
1641,2021-03-20,TOS,6593,2979,3614,5363,1139,91,ITI,ITI1,9,Toscana,Toscana,3729641,2084550,55.89,0.18
1642,2021-01-22,TOS,2867,1064,1803,526,2338,3,ITI,ITI1,9,Toscana,Toscana,3729641,2087417,55.97,0.08
1643,2021-07-07,TOS,25647,12610,13037,9332,16122,193,ITI,ITI1,9,Toscana,Toscana,3729641,2113064,56.66,0.69
1644,2021-03-27,TOS,8866,4156,4710,8512,216,138,ITI,ITI1,9,Toscana,Toscana,3729641,2121930,56.89,0.24
1645,2021-06-30,TOS,38288,18527,19761,8463,29605,220,ITI,ITI1,9,Toscana,Toscana,3729641,2160218,57.92,1.03
1646,2021-02-14,TOS,9063,2587,6476,8800,110,153,ITI,ITI1,9,Toscana,Toscana,3729641,2169281,58.16,0.24
1647,2021-01-10,TOS,3036,1123,1913,2982,0,54,ITI,ITI1,9,Toscana,Toscana,3729641,2172317,58.24,0.08
1648,2021-04-20,TOS,18162,8110,10052,12207,5591,364,ITI,ITI1,9,Toscana,Toscana,3729641,2190479,58.73,0.49
1649,2021-04-03,TOS,15018,6647,8371,13679,1123,216,ITI,ITI1,9,Toscana,Toscana,3729641,2205497,59.13,0.4
1650,2021-01-27,TOS,4837,1575,3262,200,4632,5,ITI,ITI1,9,Toscana,Toscana,3729641,2210334,59.26,0.13
1651,2021-08-06,TOS,32963,17674,15289,15346,17140,477,ITI,ITI1,9,Toscana,Toscana,3729641,2243297,60.15,0.88
1652,2021-03-23,TOS,9449,4414,5035,6961,2288,200,ITI,ITI1,9,Toscana,Toscana,3729641,2252746,60.4,0.25
1653,2020-12-30,TOS,327,104,223,326,0,1,ITI,ITI1,9,Toscana,Toscana,3729641,2253073,60.41,0.01
1654,2021-08-24,TOS,21886,11478,10408,12727,8295,864,ITI,ITI1,9,Toscana,Toscana,3729641,2274959,61.0,0.59
1655,2021-08-05,TOS,34754,18024,16730,12128,22253,373,ITI,ITI1,9,Toscana,Toscana,3729641,2309713,61.93,0.93
1656,2021-03-28,TOS,6211,2807,3404,5875,253,83,ITI,ITI1,9,Toscana,Toscana,3729641,2315924,62.1,0.17
1657,2021-01-30,TOS,4625,1623,3002,173,4434,18,ITI,ITI1,9,Toscana,Toscana,3729641,2320549,62.22,0.12
1658,2021-07-06,TOS,25797,13040,12757,11039,14530,228,ITI,ITI1,9,Toscana,Toscana,3729641,2346346,62.91,0.69
1659,2021-05-10,TOS,26243,12417,13826,15247,10649,347,ITI,ITI1,9,Toscana,Toscana,3729641,2372589,63.61,0.7
1660,2021-03-14,TOS,7191,2577,4614,3163,3935,93,ITI,ITI1,9,Toscana,Toscana,3729641,2379780,63.81,0.19
1661,2021-08-18,TOS,25945,13819,12126,12839,12502,604,ITI,ITI1,9,Toscana,Toscana,3729641,2405725,64.5,0.7
1662,2021-02-15,TOS,8866,3407,5459,7866,828,172,ITI,ITI1,9,Toscana,Toscana,3729641,2414591,64.74,0.24
1663,2021-02-22,TOS,9891,4276,5615,9237,277,377,ITI,ITI1,9,Toscana,Toscana,3729641,2424482,65.01,0.27
1664,2021-08-22,TOS,18522,9965,8557,7303,10903,316,ITI,ITI1,9,Toscana,Toscana,3729641,2443004,65.5,0.5
1665,2021-02-20,TOS,4724,1815,2909,4051,537,136,ITI,ITI1,9,Toscana,Toscana,3729641,2447728,65.63,0.13
1666,2021-05-31,TOS,30361,14652,15709,19270,10849,242,ITI,ITI1,9,Toscana,Toscana,3729641,2478089,66.44,0.81
1667,2021-05-14,TOS,33406,15461,17945,20023,12741,642,ITI,ITI1,9,Toscana,Toscana,3729641,2511495,67.34,0.9
1668,2021-05-25,TOS,34210,16517,17693,19293,14644,273,ITI,ITI1,9,Toscana,Toscana,3729641,2545705,68.26,0.92
1669,2021-03-29,TOS,9686,4843,4843,9201,350,135,ITI,ITI1,9,Toscana,Toscana,3729641,2555391,68.52,0.26
1670,2021-05-12,TOS,34233,15590,18643,13584,20063,586,ITI,ITI1,9,Toscana,Toscana,3729641,2589624,69.43,0.92
1671,2021-01-18,TOS,1127,639,488,979,98,50,ITI,ITI1,9,Toscana,Toscana,3729641,2590751,69.46,0.03
1672,2021-02-01,TOS,5524,1962,3562,520,4994,10,ITI,ITI1,9,Toscana,Toscana,3729641,2596275,69.61,0.15
1673,2021-05-27,TOS,28383,13212,15171,13279,14882,222,ITI,ITI1,9,Toscana,Toscana,3729641,2624658,70.37,0.76
1674,2021-03-31,TOS,32802,13293,19509,20207,12252,343,ITI,ITI1,9,Toscana,Toscana,3729641,2657460,71.25,0.88
1675,2021-09-04,TOS,16662,8910,7752,7536,8363,763,ITI,ITI1,9,Toscana,Toscana,3729641,2674122,71.7,0.45
1676,2021-07-09,TOS,29142,14116,15026,7692,21254,196,ITI,ITI1,9,Toscana,Toscana,3729641,2703264,72.48,0.78
1677,2021-03-22,TOS,5261,2771,2490,4676,448,137,ITI,ITI1,9,Toscana,Toscana,3729641,2708525,72.62,0.14
1678,2021-04-27,TOS,10377,4927,5450,3667,6506,204,ITI,ITI1,9,Toscana,Toscana,3729641,2718902,72.9,0.28
1679,2021-07-19,TOS,38040,18961,19079,8807,28943,290,ITI,ITI1,9,Toscana,Toscana,3729641,2756942,73.92,1.02
1680,2021-08-30,TOS,24779,12535,12244,13120,10533,1126,ITI,ITI1,9,Toscana,Toscana,3729641,2781721,74.58,0.66
1681,2021-03-17,TOS,11449,4600,6849,6818,4537,94,ITI,ITI1,9,Toscana,Toscana,3729641,2793170,74.89,0.31
1682,2021-06-25,TOS,33652,16832,16820,12105,21264,283,ITI,ITI1,9,Toscana,Toscana,3729641,2826822,75.79,0.9
1683,2021-06-08,TOS,32612,16730,15882,31736,491,385,ITI,ITI1,9,Toscana,Toscana,3729641,2859434,76.67,0.87
1684,2021-02-26,TOS,10105,3848,6257,8675,1211,219,ITI,ITI1,9,Toscana,Toscana,3729641,2869539,76.94,0.27
1685,2021-06-06,TOS,28330,13665,14665,22590,5373,367,ITI,ITI1,9,Toscana,Toscana,3729641,2897869,77.7,0.76
1686,2021-03-18,TOS,9993,3987,6006,5865,3989,139,ITI,ITI1,9,Toscana,Toscana,3729641,2907862,77.97,0.27
1687,2021-06-26,TOS,34581,16775,17806,9991,24358,232,ITI,ITI1,9,Toscana,Toscana,3729641,2942443,78.89,0.93
1688,2021-06-09,TOS,34853,17585,17268,33960,463,430,ITI,ITI1,9,Toscana,Toscana,3729641,2977296,79.83,0.93
1689,2021-04-04,TOS,13929,6613,7316,13509,255,165,ITI,ITI1,9,Toscana,Toscana,3729641,2991225,80.2,0.37
1690,2021-05-08,TOS,29192,13132,16060,13263,15528,401,ITI,ITI1,9,Toscana,Toscana,3729641,3020417,80.98,0.78
1691,2021-03-12,TOS,17049,6645,10404,13322,3532,195,ITI,ITI1,9,Toscana,Toscana,3729641,3037466,81.44,0.46
1692,2021-08-16,TOS,30002,15749,14253,16598,12701,703,ITI,ITI1,9,Toscana,Toscana,3729641,3067468,82.25,0.8
1693,2021-01-14,TOS,3285,1186,2099,3249,0,36,ITI,ITI1,9,Toscana,Toscana,3729641,3070753,82.33,0.09
1694,2021-06-20,TOS,25188,12489,12699,15423,9522,243,ITI,ITI1,9,Toscana,Toscana,3729641,3095941,83.01,0.68
1695,2021-04-24,TOS,13452,6175,7277,5622,7461,369,ITI,ITI1,9,Toscana,Toscana,3729641,3109393,83.37,0.36
1696,2021-01-01,TOS,2410,814,1596,2364,0,46,ITI,ITI1,9,Toscana,Toscana,3729641,3111803,83.43,0.06
1697,2021-04-11,TOS,3641,1680,1961,3331,155,155,ITI,ITI1,9,Toscana,Toscana,3729641,3115444,83.53,0.1
1698,2021-07-03,TOS,29435,14829,14606,11875,17175,385,ITI,ITI1,9,Toscana,Toscana,3729641,3144879,84.32,0.79
1699,2021-08-07,TOS,30475,16295,14180,14217,15771,487,ITI,ITI1,9,Toscana,Toscana,3729641,3175354,85.14,0.82
1700,2021-03-06,TOS,7137,2859,4278,2849,4203,85,ITI,ITI1,9,Toscana,Toscana,3729641,3182491,85.33,0.19
1701,2021-01-17,TOS,2542,871,1671,1993,514,35,ITI,ITI1,9,Toscana,Toscana,3729641,3185033,85.4,0.07
1702,2021-07-05,TOS,30533,15095,15438,10343,19959,231,ITI,ITI1,9,Toscana,Toscana,3729641,3215566,86.22,0.82
1703,2021-03-08,TOS,6742,2960,3782,1865,4830,47,ITI,ITI1,9,Toscana,Toscana,3729641,3222308,86.4,0.18
1704,2021-06-16,TOS,31800,16280,15520,26287,5189,324,ITI,ITI1,9,Toscana,Toscana,3729641,3254108,87.25,0.85
1705,2021-05-30,TOS,28706,13958,14748,21510,6954,242,ITI,ITI1,9,Toscana,Toscana,3729641,3282814,88.02,0.77
1706,2021-09-07,TOS,18902,9787,9115,6719,11551,632,ITI,ITI1,9,Toscana,Toscana,3729641,3301716,88.53,0.51
1707,2021-03-16,TOS,4924,1889,3035,2584,2259,81,ITI,ITI1,9,Toscana,Toscana,3729641,3306640,88.66,0.13
1708,2021-02-27,TOS,2000,763,1237,1019,903,78,ITI,ITI1,9,Toscana,Toscana,3729641,3308640,88.71,0.05
1709,2021-06-07,TOS,34980,17164,17816,30977,3655,348,ITI,ITI1,9,Toscana,Toscana,3729641,3343620,89.65,0.94
1710,2021-05-21,TOS,28962,13504,15458,17229,11476,257,ITI,ITI1,9,Toscana,Toscana,3729641,3372582,90.43,0.78
1711,2021-09-05,TOS,15147,8037,7110,6345,8278,524,ITI,ITI1,9,Toscana,Toscana,3729641,3387729,90.83,0.41
1712,2021-02-06,TOS,4539,1555,2984,1270,3236,33,ITI,ITI1,9,Toscana,Toscana,3729641,3392268,90.95,0.12
1713,2021-07-17,TOS,27761,14345,13416,8963,18557,241,ITI,ITI1,9,Toscana,Toscana,3729641,3420029,91.7,0.74
1714,2021-06-27,TOS,33308,16080,17228,5911,27263,134,ITI,ITI1,9,Toscana,Toscana,3729641,3453337,92.59,0.89
1715,2021-05-01,TOS,23341,10071,13270,13728,9228,385,ITI,ITI1,9,Toscana,Toscana,3729641,3476678,93.22,0.63
1716,2021-03-05,TOS,16906,6697,10209,11963,4761,182,ITI,ITI1,9,Toscana,Toscana,3729641,3493584,93.67,0.45
1717,2021-08-09,TOS,28977,14720,14257,18503,9764,710,ITI,ITI1,9,Toscana,Toscana,3729641,3522561,94.45,0.78
1718,2021-06-13,TOS,24622,12355,12267,22600,1659,363,ITI,ITI1,9,Toscana,Toscana,3729641,3547183,95.11,0.66
1719,2021-08-21,TOS,17982,9956,8026,8146,9458,378,ITI,ITI1,9,Toscana,Toscana,3729641,3565165,95.59,0.48
1720,2021-02-03,TOS,4227,1452,2775,236,3987,4,ITI,ITI1,9,Toscana,Toscana,3729641,3569392,95.7,0.11
1721,2021-01-15,TOS,3916,1362,2554,3856,0,60,ITI,ITI1,9,Toscana,Toscana,3729641,3573308,95.81,0.1
1722,2021-06-11,TOS,29764,15502,14262,24737,4661,366,ITI,ITI1,9,Toscana,Toscana,3729641,3603072,96.61,0.8
1723,2021-04-15,TOS,24508,10242,14266,15353,8624,531,ITI,ITI1,9,Toscana,Toscana,3729641,3627580,97.26,0.66
1724,2021-02-17,TOS,8228,3193,5035,7349,754,125,ITI,ITI1,9,Toscana,Toscana,3729641,3635808,97.48,0.22
1725,2021-07-24,TOS,38454,19375,19079,6847,31375,232,ITI,ITI1,9,Toscana,Toscana,3729641,3674262,98.52,1.03
1726,2021-07-04,TOS,31550,15322,16228,9362,21889,299,ITI,ITI1,9,Toscana,Toscana,3729641,3705812,99.36,0.85
1727,2020-12-31,TOS,802,201,601,798,0,4,ITI,ITI1,9,Toscana,Toscana,3729641,3706614,99.38,0.02
1728,2021-04-10,TOS,11714,5345,6369,10734,742,238,ITI,ITI1,9,Toscana,Toscana,3729641,3718328,99.7,0.31
1729,2021-08-29,TOS,16990,8982,8008,7577,8830,583,ITI,ITI1,9,Toscana,Toscana,3729641,3735318,100.15,0.46
1730,2021-03-01,TOS,4476,1732,2744,766,3643,67,ITI,ITI1,9,Toscana,Toscana,3729641,3739794,100.27,0.12
1731,2021-05-28,TOS,30152,13958,16194,17428,12493,231,ITI,ITI1,9,Toscana,Toscana,3729641,3769946,101.08,0.81
1732,2021-04-22,TOS,35789,15317,20472,17402,17559,828,ITI,ITI1,9,Toscana,Toscana,3729641,3805735,102.04,0.96
1733,2021-02-24,TOS,10408,4489,5919,10070,198,140,ITI,ITI1,9,Toscana,Toscana,3729641,3816143,102.32,0.28
1734,2021-07-31,TOS,35841,19214,16627,12372,23019,450,ITI,ITI1,9,Toscana,Toscana,3729641,3851984,103.28,0.96
1735,2021-06-04,TOS,28343,13452,14891,20263,7811,269,ITI,ITI1,9,Toscana,Toscana,3729641,3880327,104.04,0.76
1736,2021-04-08,TOS,29812,12613,17199,22996,6447,369,ITI,ITI1,9,Toscana,Toscana,3729641,3910139,104.84,0.8
1737,2021-09-09,TOS,19955,10240,9715,6858,12168,929,ITI,ITI1,9,Toscana,Toscana,3729641,3930094,105.37,0.54
1738,2021-06-18,TOS,30831,16269,14562,25006,5411,414,ITI,ITI1,9,Toscana,Toscana,3729641,3960925,106.2,0.83
1739,2021-03-25,TOS,23988,10409,13579,15319,8407,262,ITI,ITI1,9,Toscana,Toscana,3729641,3984913,106.84,0.64
1740,2021-04-12,TOS,2631,1195,1436,1806,656,169,ITI,ITI1,9,Toscana,Toscana,3729641,3987544,106.91,0.07
1741,2021-07-21,TOS,38515,19658,18857,7343,30935,237,ITI,ITI1,9,Toscana,Toscana,3729641,4026059,107.95,1.03
1742,2021-08-23,TOS,22743,11812,10931,11473,10541,729,ITI,ITI1,9,Toscana,Toscana,3729641,4048802,108.56,0.61
1743,2021-02-19,TOS,8345,2968,5377,7652,513,180,ITI,ITI1,9,Toscana,Toscana,3729641,4057147,108.78,0.22
1744,2021-05-23,TOS,28442,13677,14765,25610,2563,269,ITI,ITI1,9,Toscana,Toscana,3729641,4085589,109.54,0.76
1745,2021-08-31,TOS,20906,10892,10014,11381,8776,749,ITI,ITI1,9,Toscana,Toscana,3729641,4106495,110.1,0.56
1746,2021-08-14,TOS,22391,12223,10168,10458,11514,419,ITI,ITI1,9,Toscana,Toscana,3729641,4128886,110.7,0.6
1747,2021-08-12,TOS,25847,13447,12400,14308,10895,644,ITI,ITI1,9,Toscana,Toscana,3729641,4154733,111.4,0.69
1748,2021-07-26,TOS,38302,19867,18435,10084,27908,310,ITI,ITI1,9,Toscana,Toscana,3729641,4193035,112.42,1.03
1749,2021-02-10,TOS,4315,1309,3006,3633,526,156,ITI,ITI1,9,Toscana,Toscana,3729641,4197350,112.54,0.12
1750,2021-03-03,TOS,18233,6538,11695,14496,3609,128,ITI,ITI1,9,Toscana,Toscana,3729641,4215583,113.03,0.49
1751,2021-01-05,TOS,5386,1835,3551,5326,0,60,ITI,ITI1,9,Toscana,Toscana,3729641,4220969,113.17,0.14
1752,2021-01-19,TOS,1116,535,581,1074,0,42,ITI,ITI1,9,Toscana,Toscana,3729641,4222085,113.2,0.03
1753,2021-05-13,TOS,35200,15548,19652,13204,21355,641,ITI,ITI1,9,Toscana,Toscana,3729641,4257285,114.15,0.94
1754,2021-08-04,TOS,34855,18033,16822,11356,23080,419,ITI,ITI1,9,Toscana,Toscana,3729641,4292140,115.08,0.93
1755,2021-04-29,TOS,39389,17743,21646,18561,20164,664,ITI,ITI1,9,Toscana,Toscana,3729641,4331529,116.14,1.06
1756,2021-03-24,TOS,20047,8317,11730,10411,9491,145,ITI,ITI1,9,Toscana,Toscana,3729641,4351576,116.68,0.54
1757,2021-02-21,TOS,5165,2104,3061,4790,170,205,ITI,ITI1,9,Toscana,Toscana,3729641,4356741,116.81,0.14
1758,2021-05-04,TOS,18329,8220,10109,12415,5469,445,ITI,ITI1,9,Toscana,Toscana,3729641,4375070,117.31,0.49
1759,2021-02-12,TOS,7682,2719,4963,7355,213,114,ITI,ITI1,9,Toscana,Toscana,3729641,4382752,117.51,0.21
1760,2021-08-11,TOS,27065,14194,12871,16912,9416,737,ITI,ITI1,9,Toscana,Toscana,3729641,4409817,118.24,0.73
1761,2021-01-12,TOS,3631,1417,2214,3558,0,73,ITI,ITI1,9,Toscana,Toscana,3729641,4413448,118.33,0.1
1762,2021-06-01,TOS,26966,13400,13566,22873,3838,255,ITI,ITI1,9,Toscana,Toscana,3729641,4440414,119.06,0.72
1763,2021-07-02,TOS,28314,14210,14104,10815,17201,298,ITI,ITI1,9,Toscana,Toscana,3729641,4468728,119.82,0.76
1764,2021-06-15,TOS,31237,16080,15157,26314,4574,349,ITI,ITI1,9,Toscana,Toscana,3729641,4499965,120.65,0.84
1765,2021-03-10,TOS,18418,7421,10997,14315,3997,106,ITI,ITI1,9,Toscana,Toscana,3729641,4518383,121.15,0.49
1766,2021-02-02,TOS,3745,1477,2268,187,3551,7,ITI,ITI1,9,Toscana,Toscana,3729641,4522128,121.25,0.1
1767,2021-07-28,TOS,38578,20170,18408,12109,26130,339,ITI,ITI1,9,Toscana,Toscana,3729641,4560706,122.28,1.03
1768,2021-01-26,TOS,5400,1795,3605,218,5178,4,ITI,ITI1,9,Toscana,Toscana,3729641,4566106,122.43,0.14
1769,2021-05-06,TOS,31437,13674,17763,13451,17291,695,ITI,ITI1,9,Toscana,Toscana,3729641,4597543,123.27,0.84
1770,2021-04-19,TOS,9105,4516,4589,7754,1034,317,ITI,ITI1,9,Toscana,Toscana,3729641,4606648,123.51,0.24
1771,2021-04-17,TOS,20584,9232,11352,17948,2146,490,ITI,ITI1,9,Toscana,Toscana,3729641,4627232,124.07,0.55
1772,2021-01-24,TOS,3349,1072,2277,196,3150,3,ITI,ITI1,9,Toscana,Toscana,3729641,4630581,124.16,0.09
1773,2021-01-07,TOS,6180,1840,4340,6092,0,88,ITI,ITI1,9,Toscana,Toscana,3729641,4636761,124.32,0.17
1774,2021-06-21,TOS,31209,15499,15710,18142,12801,266,ITI,ITI1,9,Toscana,Toscana,3729641,4667970,125.16,0.84
1775,2021-01-06,TOS,4614,1503,3111,4562,0,52,ITI,ITI1,9,Toscana,Toscana,3729641,4672584,125.28,0.12
1776,2021-03-11,TOS,16044,6416,9628,12486,3373,185,ITI,ITI1,9,Toscana,Toscana,3729641,4688628,125.71,0.43
1777,2021-06-19,TOS,26526,13931,12595,21395,4792,339,ITI,ITI1,9,Toscana,Toscana,3729641,4715154,126.42,0.71
1778,2021-02-05,TOS,5770,2250,3520,1905,3831,34,ITI,ITI1,9,Toscana,Toscana,3729641,4720924,126.58,0.15
1779,2021-05-16,TOS,26693,12896,13797,23927,2470,296,ITI,ITI1,9,Toscana,Toscana,3729641,4747617,127.29,0.72
1780,2021-05-11,TOS,27972,12997,14975,12102,15490,380,ITI,ITI1,9,Toscana,Toscana,3729641,4775589,128.04,0.75
1781,2021-08-19,TOS,24200,12837,11363,11916,11654,630,ITI,ITI1,9,Toscana,Toscana,3729641,4799789,128.69,0.65
1782,2021-03-13,TOS,9312,3317,5995,5190,3968,154,ITI,ITI1,9,Toscana,Toscana,3729641,4809101,128.94,0.25
1783,2021-07-14,TOS,28964,14296,14668,8606,20099,259,ITI,ITI1,9,Toscana,Toscana,3729641,4838065,129.72,0.78
1784,2021-01-29,TOS,6150,1702,4448,290,5848,12,ITI,ITI1,9,Toscana,Toscana,3729641,4844215,129.88,0.16
1785,2021-05-09,TOS,22557,9785,12772,9414,12881,262,ITI,ITI1,9,Toscana,Toscana,3729641,4866772,130.49,0.6
1786,2021-08-26,TOS,18581,9738,8843,9499,8360,722,ITI,ITI1,9,Toscana,Toscana,3729641,4885353,130.99,0.5
1787,2021-07-16,TOS,27685,14050,13635,7704,19727,254,ITI,ITI1,9,Toscana,Toscana,3729641,4913038,131.73,0.74
1788,2021-05-20,TOS,29785,13927,15858,18641,10859,285,ITI,ITI1,9,Toscana,Toscana,3729641,4942823,132.53,0.8
1789,2021-08-28,TOS,15782,8502,7280,6372,8957,453,ITI,ITI1,9,Toscana,Toscana,3729641,4958605,132.95,0.42
1790,2021-01-31,TOS,3052,1131,1921,100,2949,3,ITI,ITI1,9,Toscana,Toscana,3729641,4961657,133.03,0.08
1791,2021-04-05,TOS,15288,6826,8462,14371,737,180,ITI,ITI1,9,Toscana,Toscana,3729641,4976945,133.44,0.41
1792,2021-02-07,TOS,2818,958,1860,872,1926,20,ITI,ITI1,9,Toscana,Toscana,3729641,4979763,133.52,0.08
1793,2021-07-23,TOS,38463,19308,19155,4388,33918,157,ITI,ITI1,9,Toscana,Toscana,3729641,5018226,134.55,1.03
1794,2021-05-18,TOS,28853,14281,14572,19765,8835,253,ITI,ITI1,9,Toscana,Toscana,3729641,5047079,135.32,0.77
1795,2021-05-26,LAZ,47684,21931,25753,34883,12153,648,ITI,ITI4,12,Lazio,Lazio,5879082,47684,0.81,0.81
1796,2021-03-04,LAZ,19472,8750,10722,14181,5034,257,ITI,ITI4,12,Lazio,Lazio,5879082,67156,1.14,0.33
1797,2021-06-12,LAZ,69956,32126,37830,39883,29421,652,ITI,ITI4,12,Lazio,Lazio,5879082,137112,2.33,1.19
1798,2021-06-14,LAZ,63111,29573,33538,32323,30217,571,ITI,ITI4,12,Lazio,Lazio,5879082,200223,3.41,1.07
1799,2021-03-21,LAZ,18294,7204,11090,13023,5071,200,ITI,ITI4,12,Lazio,Lazio,5879082,218517,3.72,0.31
1800,2021-02-20,LAZ,9226,4279,4947,8367,785,74,ITI,ITI4,12,Lazio,Lazio,5879082,227743,3.87,0.16
1801,2021-05-31,LAZ,51819,23077,28742,30883,19916,1020,ITI,ITI4,12,Lazio,Lazio,5879082,279562,4.76,0.88
1802,2021-04-04,LAZ,17670,8202,9468,12262,5292,116,ITI,ITI4,12,Lazio,Lazio,5879082,297232,5.06,0.3
1803,2021-09-10,LAZ,5649,2834,2815,3454,1845,350,ITI,ITI4,12,Lazio,Lazio,5879082,302881,5.15,0.1
1804,2021-08-08,LAZ,50315,26051,24264,18017,31463,835,ITI,ITI4,12,Lazio,Lazio,5879082,353196,6.01,0.86
1805,2021-06-26,LAZ,56245,26514,29731,24708,30938,599,ITI,ITI4,12,Lazio,Lazio,5879082,409441,6.96,0.96
1806,2021-04-30,LAZ,41741,18496,23245,26624,14394,723,ITI,ITI4,12,Lazio,Lazio,5879082,451182,7.67,0.71
1807,2021-08-22,LAZ,8764,5296,3468,2526,6148,90,ITI,ITI4,12,Lazio,Lazio,5879082,459946,7.82,0.15
1808,2021-07-22,LAZ,61191,30576,30615,28497,31160,1534,ITI,ITI4,12,Lazio,Lazio,5879082,521137,8.86,1.04
1809,2021-09-03,LAZ,25962,13544,12418,7348,18135,479,ITI,ITI4,12,Lazio,Lazio,5879082,547099,9.31,0.44
1810,2021-05-17,LAZ,44655,20451,24204,35416,8625,614,ITI,ITI4,12,Lazio,Lazio,5879082,591754,10.07,0.76
1811,2021-02-06,LAZ,6242,2547,3695,905,5333,4,ITI,ITI4,12,Lazio,Lazio,5879082,597996,10.17,0.11
1812,2020-12-30,LAZ,1658,640,1018,1647,0,11,ITI,ITI4,12,Lazio,Lazio,5879082,599654,10.2,0.03
1813,2021-07-01,LAZ,48577,23239,25338,7189,41167,221,ITI,ITI4,12,Lazio,Lazio,5879082,648231,11.03,0.83
1814,2021-04-09,LAZ,27738,12632,15106,19126,8280,332,ITI,ITI4,12,Lazio,Lazio,5879082,675969,11.5,0.47
1815,2021-03-23,LAZ,25494,11974,13520,18493,6645,356,ITI,ITI4,12,Lazio,Lazio,5879082,701463,11.93,0.43
1816,2021-03-28,LAZ,19202,7838,11364,13539,5318,345,ITI,ITI4,12,Lazio,Lazio,5879082,720665,12.26,0.33
1817,2021-06-19,LAZ,66585,31414,35171,35284,30481,820,ITI,ITI4,12,Lazio,Lazio,5879082,787250,13.39,1.13
1818,2021-05-07,LAZ,48344,22664,25680,29789,17833,722,ITI,ITI4,12,Lazio,Lazio,5879082,835594,14.21,0.82
1819,2021-03-11,LAZ,25523,12041,13482,18874,6288,361,ITI,ITI4,12,Lazio,Lazio,5879082,861117,14.65,0.43
1820,2021-08-15,LAZ,1501,924,577,781,697,23,ITI,ITI4,12,Lazio,Lazio,5879082,862618,14.67,0.03
1821,2021-07-03,LAZ,53258,25081,28177,4646,48464,148,ITI,ITI4,12,Lazio,Lazio,5879082,915876,15.58,0.91
1822,2021-02-18,LAZ,10096,5021,5075,9109,877,110,ITI,ITI4,12,Lazio,Lazio,5879082,925972,15.75,0.17
1823,2021-05-12,LAZ,47631,21626,26005,30242,16698,691,ITI,ITI4,12,Lazio,Lazio,5879082,973603,16.56,0.81
1824,2021-02-01,LAZ,5687,2186,3501,354,5332,1,ITI,ITI4,12,Lazio,Lazio,5879082,979290,16.66,0.1
1825,2021-02-11,LAZ,7080,3069,4011,6448,607,25,ITI,ITI4,12,Lazio,Lazio,5879082,986370,16.78,0.12
1826,2021-04-11,LAZ,19244,8535,10709,13120,5933,191,ITI,ITI4,12,Lazio,Lazio,5879082,1005614,17.1,0.33
1827,2021-02-13,LAZ,6615,2628,3987,6147,422,46,ITI,ITI4,12,Lazio,Lazio,5879082,1012229,17.22,0.11
1828,2021-07-20,LAZ,63455,31658,31797,28465,33746,1244,ITI,ITI4,12,Lazio,Lazio,5879082,1075684,18.3,1.08
1829,2021-05-24,LAZ,44053,20212,23841,33564,9834,655,ITI,ITI4,12,Lazio,Lazio,5879082,1119737,19.05,0.75
1830,2021-03-30,LAZ,27152,13208,13944,19562,7225,365,ITI,ITI4,12,Lazio,Lazio,5879082,1146889,19.51,0.46
1831,2021-07-08,LAZ,64369,31598,32771,28173,35510,686,ITI,ITI4,12,Lazio,Lazio,5879082,1211258,20.6,1.09
1832,2021-07-27,LAZ,56438,27409,29029,8108,47996,334,ITI,ITI4,12,Lazio,Lazio,5879082,1267696,21.56,0.96
1833,2021-04-18,LAZ,23870,10608,13262,15852,7701,317,ITI,ITI4,12,Lazio,Lazio,5879082,1291566,21.97,0.41
1834,2021-06-09,LAZ,70554,33418,37136,35990,33917,647,ITI,ITI4,12,Lazio,Lazio,5879082,1362120,23.17,1.2
1835,2021-04-27,LAZ,30849,13931,16918,19421,10974,454,ITI,ITI4,12,Lazio,Lazio,5879082,1392969,23.69,0.52
1836,2021-03-01,LAZ,17140,7373,9767,12983,3896,261,ITI,ITI4,12,Lazio,Lazio,5879082,1410109,23.99,0.29
1837,2021-08-05,LAZ,33597,17440,16157,21987,10572,1038,ITI,ITI4,12,Lazio,Lazio,5879082,1443706,24.56,0.57
1838,2021-02-15,LAZ,8052,3553,4499,7309,652,91,ITI,ITI4,12,Lazio,Lazio,5879082,1451758,24.69,0.14
1839,2021-01-29,LAZ,8418,3206,5212,931,7485,2,ITI,ITI4,12,Lazio,Lazio,5879082,1460176,24.84,0.14
1840,2021-09-05,LAZ,10088,5161,4927,6602,3045,441,ITI,ITI4,12,Lazio,Lazio,5879082,1470264,25.01,0.17
1841,2021-02-17,LAZ,9232,4625,4607,8262,898,72,ITI,ITI4,12,Lazio,Lazio,5879082,1479496,25.17,0.16
1842,2021-05-28,LAZ,57281,26644,30637,43155,13344,782,ITI,ITI4,12,Lazio,Lazio,5879082,1536777,26.14,0.97
1843,2021-08-19,LAZ,9231,5298,3933,2951,6173,107,ITI,ITI4,12,Lazio,Lazio,5879082,1546008,26.3,0.16
1844,2021-02-03,LAZ,6501,2495,4006,963,5531,7,ITI,ITI4,12,Lazio,Lazio,5879082,1552509,26.41,0.11
1845,2021-01-20,LAZ,4836,1960,2876,3286,1545,5,ITI,ITI4,12,Lazio,Lazio,5879082,1557345,26.49,0.08
1846,2021-05-14,LAZ,51653,23603,28050,32423,18413,817,ITI,ITI4,12,Lazio,Lazio,5879082,1608998,27.37,0.88
1847,2021-03-18,LAZ,14315,6116,8199,7779,6445,91,ITI,ITI4,12,Lazio,Lazio,5879082,1623313,27.61,0.24
1848,2021-07-15,LAZ,45048,22059,22989,6712,37901,435,ITI,ITI4,12,Lazio,Lazio,5879082,1668361,28.38,0.77
1849,2021-01-13,LAZ,5866,2244,3622,5704,0,162,ITI,ITI4,12,Lazio,Lazio,5879082,1674227,28.48,0.1
1850,2021-04-23,LAZ,37991,18296,19695,22043,15409,539,ITI,ITI4,12,Lazio,Lazio,5879082,1712218,29.12,0.65
1851,2021-08-03,LAZ,32374,16480,15894,5113,27059,202,ITI,ITI4,12,Lazio,Lazio,5879082,1744592,29.67,0.55
1852,2021-01-30,LAZ,7025,2898,4127,819,6205,1,ITI,ITI4,12,Lazio,Lazio,5879082,1751617,29.79,0.12
1853,2021-01-03,LAZ,5349,2017,3332,5290,0,59,ITI,ITI4,12,Lazio,Lazio,5879082,1756966,29.89,0.09
1854,2021-04-13,LAZ,25845,11983,13862,17638,7751,456,ITI,ITI4,12,Lazio,Lazio,5879082,1782811,30.32,0.44
1855,2021-07-31,LAZ,56252,29571,26681,5557,50390,305,ITI,ITI4,12,Lazio,Lazio,5879082,1839063,31.28,0.96
1856,2021-01-08,LAZ,7967,2988,4979,7770,0,197,ITI,ITI4,12,Lazio,Lazio,5879082,1847030,31.42,0.14
1857,2021-04-16,LAZ,34578,15767,18811,21920,12224,434,ITI,ITI4,12,Lazio,Lazio,5879082,1881608,32.01,0.59
1858,2021-01-23,LAZ,7219,2871,4348,589,6630,0,ITI,ITI4,12,Lazio,Lazio,5879082,1888827,32.13,0.12
1859,2021-01-06,LAZ,5202,1991,3211,5082,0,120,ITI,ITI4,12,Lazio,Lazio,5879082,1894029,32.22,0.09
1860,2021-03-16,LAZ,13644,5782,7862,7052,6508,84,ITI,ITI4,12,Lazio,Lazio,5879082,1907673,32.45,0.23
1861,2021-03-09,LAZ,22053,9965,12088,16463,5228,362,ITI,ITI4,12,Lazio,Lazio,5879082,1929726,32.82,0.38
1862,2021-01-11,LAZ,5705,2174,3531,5559,0,146,ITI,ITI4,12,Lazio,Lazio,5879082,1935431,32.92,0.1
1863,2021-08-10,LAZ,51020,26392,24628,21584,28449,987,ITI,ITI4,12,Lazio,Lazio,5879082,1986451,33.79,0.87
1864,2021-05-19,LAZ,47339,21748,25591,36491,10168,680,ITI,ITI4,12,Lazio,Lazio,5879082,2033790,34.59,0.81
1865,2021-08-27,LAZ,30627,16070,14557,7649,22407,571,ITI,ITI4,12,Lazio,Lazio,5879082,2064417,35.11,0.52
1866,2021-01-04,LAZ,7586,2944,4642,7480,0,106,ITI,ITI4,12,Lazio,Lazio,5879082,2072003,35.24,0.13
1867,2021-06-24,LAZ,64084,30569,33515,28619,34804,661,ITI,ITI4,12,Lazio,Lazio,5879082,2136087,36.33,1.09
1868,2021-06-07,LAZ,62682,29344,33338,32715,29365,602,ITI,ITI4,12,Lazio,Lazio,5879082,2198769,37.4,1.07
1869,2021-02-22,LAZ,11518,5028,6490,10807,554,157,ITI,ITI4,12,Lazio,Lazio,5879082,2210287,37.6,0.2
1870,2021-06-02,LAZ,43537,21608,21929,31440,11538,559,ITI,ITI4,12,Lazio,Lazio,5879082,2253824,38.34,0.74
1871,2021-06-11,LAZ,69838,32859,36979,36683,32493,662,ITI,ITI4,12,Lazio,Lazio,5879082,2323662,39.52,1.19
1872,2021-08-07,LAZ,34999,18951,16048,21975,11897,1127,ITI,ITI4,12,Lazio,Lazio,5879082,2358661,40.12,0.6
1873,2021-05-06,LAZ,48900,22789,26111,30544,17621,735,ITI,ITI4,12,Lazio,Lazio,5879082,2407561,40.95,0.83
1874,2021-09-07,LAZ,12942,6579,6363,6822,5668,452,ITI,ITI4,12,Lazio,Lazio,5879082,2420503,41.17,0.22
1875,2021-03-06,LAZ,18403,7098,11305,13898,4277,228,ITI,ITI4,12,Lazio,Lazio,5879082,2438906,41.48,0.31
1876,2021-01-31,LAZ,4466,1858,2608,481,3985,0,ITI,ITI4,12,Lazio,Lazio,5879082,2443372,41.56,0.08
1877,2021-05-11,LAZ,48405,22233,26172,31130,16597,678,ITI,ITI4,12,Lazio,Lazio,5879082,2491777,42.38,0.82
1878,2021-07-16,LAZ,44054,21026,23028,2927,40943,184,ITI,ITI4,12,Lazio,Lazio,5879082,2535831,43.13,0.75
1879,2021-04-24,LAZ,33588,15157,18431,20139,12905,544,ITI,ITI4,12,Lazio,Lazio,5879082,2569419,43.7,0.57
1880,2021-08-02,LAZ,37504,19603,17901,6539,30731,234,ITI,ITI4,12,Lazio,Lazio,5879082,2606923,44.34,0.64
1881,2021-08-21,LAZ,10187,5858,4329,3210,6874,103,ITI,ITI4,12,Lazio,Lazio,5879082,2617110,44.52,0.17
1882,2021-03-25,LAZ,29548,13731,15817,22385,6685,478,ITI,ITI4,12,Lazio,Lazio,5879082,2646658,45.02,0.5
1883,2021-01-27,LAZ,6190,2417,3773,1063,5127,0,ITI,ITI4,12,Lazio,Lazio,5879082,2652848,45.12,0.11
1884,2021-06-01,LAZ,49176,23732,25444,30088,18601,487,ITI,ITI4,12,Lazio,Lazio,5879082,2702024,45.96,0.84
1885,2021-04-05,LAZ,19990,9156,10834,13618,6216,156,ITI,ITI4,12,Lazio,Lazio,5879082,2722014,46.3,0.34
1886,2021-09-09,LAZ,11594,5881,5713,5906,5159,529,ITI,ITI4,12,Lazio,Lazio,5879082,2733608,46.5,0.2
1887,2021-07-28,LAZ,57789,29252,28537,8113,49320,356,ITI,ITI4,12,Lazio,Lazio,5879082,2791397,47.48,0.98
1888,2021-05-25,LAZ,47652,22372,25280,35318,11735,599,ITI,ITI4,12,Lazio,Lazio,5879082,2839049,48.29,0.81
1889,2021-09-02,LAZ,26216,13462,12754,7995,17779,442,ITI,ITI4,12,Lazio,Lazio,5879082,2865265,48.74,0.45
1890,2021-02-25,LAZ,12819,5611,7208,11399,1215,205,ITI,ITI4,12,Lazio,Lazio,5879082,2878084,48.95,0.22
1891,2021-06-05,LAZ,66406,32717,33689,42940,22789,677,ITI,ITI4,12,Lazio,Lazio,5879082,2944490,50.08,1.13
1892,2021-08-14,LAZ,2536,1435,1101,992,1512,32,ITI,ITI4,12,Lazio,Lazio,5879082,2947026,50.13,0.04
1893,2021-08-16,LAZ,3699,2037,1662,2061,1577,61,ITI,ITI4,12,Lazio,Lazio,5879082,2950725,50.19,0.06
1894,2021-01-17,LAZ,4958,2051,2907,4680,213,65,ITI,ITI4,12,Lazio,Lazio,5879082,2955683,50.27,0.08
1895,2021-01-19,LAZ,4791,1969,2822,4334,454,3,ITI,ITI4,12,Lazio,Lazio,5879082,2960474,50.36,0.08
1896,2021-04-29,LAZ,38868,17357,21511,24812,13374,682,ITI,ITI4,12,Lazio,Lazio,5879082,2999342,51.02,0.66
1897,2021-03-03,LAZ,17918,7900,10018,13340,4315,263,ITI,ITI4,12,Lazio,Lazio,5879082,3017260,51.32,0.3
1898,2021-08-09,LAZ,52689,26766,25923,21942,29676,1071,ITI,ITI4,12,Lazio,Lazio,5879082,3069949,52.22,0.9
1899,2021-01-26,LAZ,7989,3134,4855,744,7245,0,ITI,ITI4,12,Lazio,Lazio,5879082,3077938,52.35,0.14
1900,2021-05-30,LAZ,41285,17662,23623,33242,7379,664,ITI,ITI4,12,Lazio,Lazio,5879082,3119223,53.06,0.7
1901,2021-05-13,LAZ,50298,22616,27682,31658,17885,755,ITI,ITI4,12,Lazio,Lazio,5879082,3169521,53.91,0.86
1902,2021-08-04,LAZ,47929,24157,23772,20695,26553,681,ITI,ITI4,12,Lazio,Lazio,5879082,3217450,54.73,0.82
1903,2021-08-29,LAZ,27425,13956,13469,9016,17820,589,ITI,ITI4,12,Lazio,Lazio,5879082,3244875,55.19,0.47
1904,2021-04-01,LAZ,29806,14143,15663,22224,7180,402,ITI,ITI4,12,Lazio,Lazio,5879082,3274681,55.7,0.51
1905,2021-07-10,LAZ,71140,35708,35432,25055,45419,666,ITI,ITI4,12,Lazio,Lazio,5879082,3345821,56.91,1.21
1906,2021-07-24,LAZ,30770,15522,15248,3224,27388,158,ITI,ITI4,12,Lazio,Lazio,5879082,3376591,57.43,0.52
1907,2021-01-25,LAZ,8173,3287,4886,828,7345,0,ITI,ITI4,12,Lazio,Lazio,5879082,3384764,57.57,0.14
1908,2021-05-05,LAZ,46871,21506,25365,30360,15882,629,ITI,ITI4,12,Lazio,Lazio,5879082,3431635,58.37,0.8
1909,2021-03-02,LAZ,17261,7643,9618,13114,3955,192,ITI,ITI4,12,Lazio,Lazio,5879082,3448896,58.66,0.29
1910,2021-01-18,LAZ,6390,2606,3784,5283,981,126,ITI,ITI4,12,Lazio,Lazio,5879082,3455286,58.77,0.11
1911,2021-04-28,LAZ,33042,15076,17966,20917,11668,457,ITI,ITI4,12,Lazio,Lazio,5879082,3488328,59.33,0.56
1912,2021-04-12,LAZ,23953,10801,13152,16655,6967,331,ITI,ITI4,12,Lazio,Lazio,5879082,3512281,59.74,0.41
1913,2021-07-21,LAZ,62867,31747,31120,28657,32832,1378,ITI,ITI4,12,Lazio,Lazio,5879082,3575148,60.81,1.07
1914,2021-06-08,LAZ,66839,31906,34933,36157,30023,659,ITI,ITI4,12,Lazio,Lazio,5879082,3641987,61.95,1.14
1915,2021-07-14,LAZ,42217,20579,21638,6212,35640,365,ITI,ITI4,12,Lazio,Lazio,5879082,3684204,62.67,0.72
1916,2021-01-09,LAZ,6426,2617,3809,6313,0,113,ITI,ITI4,12,Lazio,Lazio,5879082,3690630,62.78,0.11
1917,2021-06-21,LAZ,62047,28831,33216,28501,32929,617,ITI,ITI4,12,Lazio,Lazio,5879082,3752677,63.83,1.06
1918,2021-03-13,LAZ,21855,8759,13096,15702,5916,237,ITI,ITI4,12,Lazio,Lazio,5879082,3774532,64.2,0.37
1919,2021-02-08,LAZ,9761,4170,5591,4511,5248,2,ITI,ITI4,12,Lazio,Lazio,5879082,3784293,64.37,0.17
1920,2021-04-02,LAZ,29568,14183,15385,21758,7400,410,ITI,ITI4,12,Lazio,Lazio,5879082,3813861,64.87,0.5
1921,2021-07-11,LAZ,44165,22273,21892,3765,40246,154,ITI,ITI4,12,Lazio,Lazio,5879082,3858026,65.62,0.75
1922,2021-01-28,LAZ,8340,3188,5152,837,7502,1,ITI,ITI4,12,Lazio,Lazio,5879082,3866366,65.76,0.14
1923,2021-07-04,LAZ,46620,21706,24914,4126,42405,89,ITI,ITI4,12,Lazio,Lazio,5879082,3912986,66.56,0.79
1924,2021-05-08,LAZ,45518,20782,24736,29323,15460,735,ITI,ITI4,12,Lazio,Lazio,5879082,3958504,67.33,0.77
1925,2021-09-08,LAZ,12195,6279,5916,6812,4808,575,ITI,ITI4,12,Lazio,Lazio,5879082,3970699,67.54,0.21
1926,2021-07-13,LAZ,42759,20966,21793,5509,36907,343,ITI,ITI4,12,Lazio,Lazio,5879082,4013458,68.27,0.73
1927,2021-06-23,LAZ,62371,29385,32986,28439,33430,502,ITI,ITI4,12,Lazio,Lazio,5879082,4075829,69.33,1.06
1928,2021-04-15,LAZ,32056,14356,17700,20658,10889,509,ITI,ITI4,12,Lazio,Lazio,5879082,4107885,69.87,0.55
1929,2021-08-26,LAZ,32174,16689,15485,8266,23349,559,ITI,ITI4,12,Lazio,Lazio,5879082,4140059,70.42,0.55
1930,2021-02-10,LAZ,8261,3459,4802,4852,3404,5,ITI,ITI4,12,Lazio,Lazio,5879082,4148320,70.56,0.14
1931,2021-05-21,LAZ,52144,25088,27056,37317,14123,704,ITI,ITI4,12,Lazio,Lazio,5879082,4200464,71.45,0.89
1932,2021-06-04,LAZ,62094,30275,31819,43565,17870,659,ITI,ITI4,12,Lazio,Lazio,5879082,4262558,72.5,1.06
1933,2021-05-04,LAZ,40314,18543,21771,26072,13719,523,ITI,ITI4,12,Lazio,Lazio,5879082,4302872,73.19,0.69
1934,2021-08-12,LAZ,48011,24868,23143,20827,26203,981,ITI,ITI4,12,Lazio,Lazio,5879082,4350883,74.01,0.82
1935,2021-03-27,LAZ,26568,10812,15756,19497,6520,551,ITI,ITI4,12,Lazio,Lazio,5879082,4377451,74.46,0.45
1936,2021-08-31,LAZ,31025,15359,15666,11668,18413,944,ITI,ITI4,12,Lazio,Lazio,5879082,4408476,74.99,0.53
1937,2021-07-05,LAZ,61742,29719,32023,25601,35066,1075,ITI,ITI4,12,Lazio,Lazio,5879082,4470218,76.04,1.05
1938,2021-05-23,LAZ,47185,22893,24292,39130,7408,647,ITI,ITI4,12,Lazio,Lazio,5879082,4517403,76.84,0.8
1939,2021-05-09,LAZ,37576,17273,20303,25784,11291,501,ITI,ITI4,12,Lazio,Lazio,5879082,4554979,77.48,0.64
1940,2021-08-17,LAZ,8019,4599,3420,3791,4135,93,ITI,ITI4,12,Lazio,Lazio,5879082,4562998,77.61,0.14
1941,2021-03-26,LAZ,30392,14085,16307,23014,6911,467,ITI,ITI4,12,Lazio,Lazio,5879082,4593390,78.13,0.52
1942,2021-07-06,LAZ,62622,30388,32234,28559,33563,500,ITI,ITI4,12,Lazio,Lazio,5879082,4656012,79.2,1.07
1943,2021-02-24,LAZ,12110,5237,6873,10938,1044,128,ITI,ITI4,12,Lazio,Lazio,5879082,4668122,79.4,0.21
1944,2021-07-07,LAZ,62711,31056,31655,28385,33722,604,ITI,ITI4,12,Lazio,Lazio,5879082,4730833,80.47,1.07
1945,2021-03-29,LAZ,25604,12163,13441,18205,7085,314,ITI,ITI4,12,Lazio,Lazio,5879082,4756437,80.9,0.44
1946,2021-06-29,LAZ,59531,28288,31243,27744,31191,596,ITI,ITI4,12,Lazio,Lazio,5879082,4815968,81.92,1.01
1947,2021-01-14,LAZ,5670,2236,3434,5495,0,175,ITI,ITI4,12,Lazio,Lazio,5879082,4821638,82.01,0.1
1948,2021-04-07,LAZ,26049,12195,13854,18344,7330,375,ITI,ITI4,12,Lazio,Lazio,5879082,4847687,82.46,0.44
1949,2020-12-28,LAZ,961,414,547,956,0,5,ITI,ITI4,12,Lazio,Lazio,5879082,4848648,82.47,0.02
1950,2021-01-16,LAZ,5781,2338,3443,5633,0,148,ITI,ITI4,12,Lazio,Lazio,5879082,4854429,82.57,0.1
1951,2021-04-26,LAZ,29358,13511,15847,19547,9301,510,ITI,ITI4,12,Lazio,Lazio,5879082,4883787,83.07,0.5
1952,2021-07-19,LAZ,63190,31072,32118,28310,33738,1142,ITI,ITI4,12,Lazio,Lazio,5879082,4946977,84.15,1.07
1953,2021-01-15,LAZ,6725,2772,3953,6554,0,171,ITI,ITI4,12,Lazio,Lazio,5879082,4953702,84.26,0.11
1954,2021-04-25,LAZ,24581,11280,13301,16374,7875,332,ITI,ITI4,12,Lazio,Lazio,5879082,4978283,84.68,0.42
1955,2021-04-06,LAZ,24669,11296,13373,17152,7188,329,ITI,ITI4,12,Lazio,Lazio,5879082,5002952,85.1,0.42
1956,2021-04-19,LAZ,30171,13721,16450,18957,10733,481,ITI,ITI4,12,Lazio,Lazio,5879082,5033123,85.61,0.51
1957,2021-02-21,LAZ,7000,3184,3816,6484,467,49,ITI,ITI4,12,Lazio,Lazio,5879082,5040123,85.73,0.12
1958,2021-02-02,LAZ,5920,2219,3701,641,5276,3,ITI,ITI4,12,Lazio,Lazio,5879082,5046043,85.83,0.1
1959,2021-07-18,LAZ,58403,29737,28666,22794,34808,801,ITI,ITI4,12,Lazio,Lazio,5879082,5104446,86.82,0.99
1960,2021-05-02,LAZ,32944,14466,18478,22942,9472,530,ITI,ITI4,12,Lazio,Lazio,5879082,5137390,87.38,0.56
1961,2021-01-22,LAZ,4036,1653,2383,520,3516,0,ITI,ITI4,12,Lazio,Lazio,5879082,5141426,87.45,0.07
1962,2021-02-27,LAZ,11543,4337,7206,10350,1052,141,ITI,ITI4,12,Lazio,Lazio,5879082,5152969,87.65,0.2
1963,2021-03-15,LAZ,21039,9877,11162,14002,6772,265,ITI,ITI4,12,Lazio,Lazio,5879082,5174008,88.01,0.36
1964,2021-01-05,LAZ,7456,2832,4624,7353,0,103,ITI,ITI4,12,Lazio,Lazio,5879082,5181464,88.13,0.13
1965,2021-01-24,LAZ,5705,2232,3473,620,5085,0,ITI,ITI4,12,Lazio,Lazio,5879082,5187169,88.23,0.1
1966,2021-02-07,LAZ,4972,2049,2923,411,4560,1,ITI,ITI4,12,Lazio,Lazio,5879082,5192141,88.32,0.08
1967,2021-05-18,LAZ,45127,20647,24480,34902,9613,612,ITI,ITI4,12,Lazio,Lazio,5879082,5237268,89.08,0.77
1968,2020-12-27,LAZ,276,132,144,276,0,0,ITI,ITI4,12,Lazio,Lazio,5879082,5237544,89.09,0.0
1969,2021-03-20,LAZ,19281,7676,11605,13091,5923,267,ITI,ITI4,12,Lazio,Lazio,5879082,5256825,89.42,0.33
1970,2021-07-17,LAZ,43944,22166,21778,2186,41651,107,ITI,ITI4,12,Lazio,Lazio,5879082,5300769,90.16,0.75
1971,2021-06-30,LAZ,63044,29672,33372,29755,32736,553,ITI,ITI4,12,Lazio,Lazio,5879082,5363813,91.24,1.07
1972,2021-04-08,LAZ,26903,12333,14570,18761,7726,416,ITI,ITI4,12,Lazio,Lazio,5879082,5390716,91.69,0.46
1973,2021-07-12,LAZ,41455,20731,20724,5868,35354,233,ITI,ITI4,12,Lazio,Lazio,5879082,5432171,92.4,0.71
1974,2021-05-16,LAZ,51029,24575,26454,36910,13519,600,ITI,ITI4,12,Lazio,Lazio,5879082,5483200,93.27,0.87
1975,2021-08-24,LAZ,18733,10005,8728,11666,6351,716,ITI,ITI4,12,Lazio,Lazio,5879082,5501933,93.58,0.32
1976,2021-06-28,LAZ,58978,28202,30776,27487,31036,455,ITI,ITI4,12,Lazio,Lazio,5879082,5560911,94.59,1.0
1977,2021-02-14,LAZ,5808,2383,3425,5301,476,31,ITI,ITI4,12,Lazio,Lazio,5879082,5566719,94.69,0.1
1978,2021-02-28,LAZ,10290,4040,6250,9646,543,101,ITI,ITI4,12,Lazio,Lazio,5879082,5577009,94.86,0.18
1979,2021-01-02,LAZ,6843,2682,4161,6763,0,80,ITI,ITI4,12,Lazio,Lazio,5879082,5583852,94.98,0.12
1980,2021-05-20,LAZ,51954,25074,26880,37234,13989,731,ITI,ITI4,12,Lazio,Lazio,5879082,5635806,95.86,0.88
1981,2021-08-28,LAZ,32601,17024,15577,11035,20821,745,ITI,ITI4,12,Lazio,Lazio,5879082,5668407,96.42,0.55
1982,2021-06-20,LAZ,55339,25453,29886,29605,24966,768,ITI,ITI4,12,Lazio,Lazio,5879082,5723746,97.36,0.94
1983,2021-06-06,LAZ,58291,28103,30188,35145,22544,602,ITI,ITI4,12,Lazio,Lazio,5879082,5782037,98.35,0.99
1984,2021-02-26,LAZ,13196,5760,7436,11545,1465,186,ITI,ITI4,12,Lazio,Lazio,5879082,5795233,98.57,0.22
1985,2021-02-12,LAZ,6902,2883,4019,6380,440,82,ITI,ITI4,12,Lazio,Lazio,5879082,5802135,98.69,0.12
1986,2021-08-11,LAZ,48934,25636,23298,20412,27643,879,ITI,ITI4,12,Lazio,Lazio,5879082,5851069,99.52,0.83
1987,2021-05-03,LAZ,39650,17905,21745,26182,12787,681,ITI,ITI4,12,Lazio,Lazio,5879082,5890719,100.2,0.67
1988,2021-07-25,LAZ,24666,12144,12522,2100,22516,50,ITI,ITI4,12,Lazio,Lazio,5879082,5915385,100.62,0.42
1989,2021-07-02,LAZ,48574,23278,25296,6617,41766,191,ITI,ITI4,12,Lazio,Lazio,5879082,5963959,101.44,0.83
1990,2020-12-31,LAZ,5377,2153,3224,5317,0,60,ITI,ITI4,12,Lazio,Lazio,5879082,5969336,101.54,0.09
1991,2021-04-10,LAZ,23957,10425,13532,16473,7208,276,ITI,ITI4,12,Lazio,Lazio,5879082,5993293,101.94,0.41
1992,2021-02-05,LAZ,7343,3004,4339,1221,6118,4,ITI,ITI4,12,Lazio,Lazio,5879082,6000636,102.07,0.12
1993,2021-04-03,LAZ,24866,11230,13636,17892,6743,231,ITI,ITI4,12,Lazio,Lazio,5879082,6025502,102.49,0.42
1994,2021-07-09,LAZ,65092,31409,33683,27618,36714,760,ITI,ITI4,12,Lazio,Lazio,5879082,6090594,103.6,1.11
1995,2021-05-01,LAZ,38274,17211,21063,25708,12080,486,ITI,ITI4,12,Lazio,Lazio,5879082,6128868,104.25,0.65
1996,2021-04-17,LAZ,32494,14254,18240,19958,12071,465,ITI,ITI4,12,Lazio,Lazio,5879082,6161362,104.8,0.55
1997,2021-07-26,LAZ,50902,25075,25827,6665,43916,321,ITI,ITI4,12,Lazio,Lazio,5879082,6212264,105.67,0.87
1998,2021-06-22,LAZ,62865,29083,33782,28596,33545,724,ITI,ITI4,12,Lazio,Lazio,5879082,6275129,106.74,1.07
1999,2021-03-14,LAZ,17304,6781,10523,11856,5182,266,ITI,ITI4,12,Lazio,Lazio,5879082,6292433,107.03,0.29
2000,2021-03-22,LAZ,23439,10575,12864,16362,6739,338,ITI,ITI4,12,Lazio,Lazio,5879082,6315872,107.43,0.4
2001,2020-12-29,LAZ,498,182,316,494,0,4,ITI,ITI4,12,Lazio,Lazio,5879082,6316370,107.44,0.01
2002,2021-09-04,LAZ,14275,7265,7010,9674,3871,730,ITI,ITI4,12,Lazio,Lazio,5879082,6330645,107.68,0.24
2003,2021-02-19,LAZ,10101,5105,4996,9079,873,149,ITI,ITI4,12,Lazio,Lazio,5879082,6340746,107.85,0.17
2004,2021-06-17,LAZ,67080,32284,34796,31811,34535,734,ITI,ITI4,12,Lazio,Lazio,5879082,6407826,108.99,1.14
2005,2021-04-21,LAZ,33181,15081,18100,20238,12501,442,ITI,ITI4,12,Lazio,Lazio,5879082,6441007,109.56,0.56
2006,2021-07-30,LAZ,55998,29007,26991,7402,48239,357,ITI,ITI4,12,Lazio,Lazio,5879082,6497005,110.51,0.95
2007,2021-03-12,LAZ,24156,11171,12985,17388,6402,366,ITI,ITI4,12,Lazio,Lazio,5879082,6521161,110.92,0.41
2008,2021-08-13,LAZ,43606,22676,20930,20105,22412,1089,ITI,ITI4,12,Lazio,Lazio,5879082,6564767,111.66,0.74
2009,2021-02-09,LAZ,8858,3808,5050,4582,4269,7,ITI,ITI4,12,Lazio,Lazio,5879082,6573625,111.81,0.15
2010,2021-02-23,LAZ,11119,4796,6323,10211,778,130,ITI,ITI4,12,Lazio,Lazio,5879082,6584744,112.0,0.19
2011,2021-06-13,LAZ,58466,26236,32230,33073,24878,515,ITI,ITI4,12,Lazio,Lazio,5879082,6643210,113.0,0.99
2012,2021-03-07,LAZ,14176,5485,8691,10354,3604,218,ITI,ITI4,12,Lazio,Lazio,5879082,6657386,113.24,0.24
2013,2021-06-15,LAZ,66246,32027,34219,33377,32290,579,ITI,ITI4,12,Lazio,Lazio,5879082,6723632,114.37,1.13
2014,2021-03-24,LAZ,27996,13152,14844,21314,6277,405,ITI,ITI4,12,Lazio,Lazio,5879082,6751628,114.84,0.48
2015,2021-09-06,LAZ,14405,7353,7052,7933,5870,602,ITI,ITI4,12,Lazio,Lazio,5879082,6766033,115.09,0.25
2016,2021-08-20,LAZ,8400,4732,3668,2114,6190,96,ITI,ITI4,12,Lazio,Lazio,5879082,6774433,115.23,0.14
2017,2021-05-29,LAZ,52114,23448,28666,40197,11053,864,ITI,ITI4,12,Lazio,Lazio,5879082,6826547,116.12,0.89
2018,2021-06-03,LAZ,56902,28750,28152,38292,17875,735,ITI,ITI4,12,Lazio,Lazio,5879082,6883449,117.08,0.97
2019,2021-08-06,LAZ,33599,17662,15937,22370,10167,1062,ITI,ITI4,12,Lazio,Lazio,5879082,6917048,117.66,0.57
2020,2021-06-10,LAZ,72276,34154,38122,37317,34105,854,ITI,ITI4,12,Lazio,Lazio,5879082,6989324,118.88,1.23
2021,2021-04-14,LAZ,29403,13327,16076,18853,10197,353,ITI,ITI4,12,Lazio,Lazio,5879082,7018727,119.38,0.5
2022,2021-07-23,LAZ,58505,29348,29157,26809,29919,1777,ITI,ITI4,12,Lazio,Lazio,5879082,7077232,120.38,1.0
2023,2021-01-21,LAZ,5744,2416,3328,632,5112,0,ITI,ITI4,12,Lazio,Lazio,5879082,7082976,120.48,0.1
2024,2021-03-31,LAZ,27905,13498,14407,20398,7156,351,ITI,ITI4,12,Lazio,Lazio,5879082,7110881,120.95,0.47
2025,2021-08-01,LAZ,39738,21183,18555,5720,33708,310,ITI,ITI4,12,Lazio,Lazio,5879082,7150619,121.63,0.68
2026,2021-05-10,LAZ,44525,20363,24162,30364,13450,711,ITI,ITI4,12,Lazio,Lazio,5879082,7195144,122.39,0.76
2027,2021-08-18,LAZ,9498,5493,4005,3263,6118,117,ITI,ITI4,12,Lazio,Lazio,5879082,7204642,122.55,0.16
2028,2021-05-27,LAZ,58572,27253,31319,43963,13818,791,ITI,ITI4,12,Lazio,Lazio,5879082,7263214,123.54,1.0
2029,2021-03-05,LAZ,19629,8696,10933,14621,4764,244,ITI,ITI4,12,Lazio,Lazio,5879082,7282843,123.88,0.33
2030,2021-02-16,LAZ,8376,4046,4330,7706,626,44,ITI,ITI4,12,Lazio,Lazio,5879082,7291219,124.02,0.14
2031,2021-01-07,LAZ,7941,2981,4960,7784,0,157,ITI,ITI4,12,Lazio,Lazio,5879082,7299160,124.15,0.14
2032,2021-07-29,LAZ,56083,28573,27510,7673,48029,381,ITI,ITI4,12,Lazio,Lazio,5879082,7355243,125.11,0.95
2033,2021-01-01,LAZ,3603,1398,2205,3563,0,40,ITI,ITI4,12,Lazio,Lazio,5879082,7358846,125.17,0.06
2034,2021-01-10,LAZ,4136,1739,2397,4069,0,67,ITI,ITI4,12,Lazio,Lazio,5879082,7362982,125.24,0.07
2035,2021-06-16,LAZ,64759,31104,33655,32074,32041,644,ITI,ITI4,12,Lazio,Lazio,5879082,7427741,126.34,1.1
2036,2021-04-20,LAZ,31186,14311,16875,19371,11374,441,ITI,ITI4,12,Lazio,Lazio,5879082,7458927,126.87,0.53
2037,2021-03-08,LAZ,20962,9106,11856,15351,5309,302,ITI,ITI4,12,Lazio,Lazio,5879082,7479889,127.23,0.36
2038,2021-04-22,LAZ,39248,19523,19725,23817,14744,687,ITI,ITI4,12,Lazio,Lazio,5879082,7519137,127.9,0.67
2039,2021-03-10,LAZ,23384,10686,12698,17359,5667,358,ITI,ITI4,12,Lazio,Lazio,5879082,7542521,128.29,0.4
2040,2021-01-12,LAZ,5550,2048,3502,5407,0,143,ITI,ITI4,12,Lazio,Lazio,5879082,7548071,128.39,0.09
2041,2021-06-18,LAZ,64459,31055,33404,30305,33390,764,ITI,ITI4,12,Lazio,Lazio,5879082,7612530,129.49,1.1
2042,2021-03-17,LAZ,13890,5953,7937,7473,6299,118,ITI,ITI4,12,Lazio,Lazio,5879082,7626420,129.72,0.24
2043,2021-06-25,LAZ,63458,30651,32807,28135,34719,604,ITI,ITI4,12,Lazio,Lazio,5879082,7689878,130.8,1.08
2044,2021-06-27,LAZ,47266,21618,25648,20574,26193,499,ITI,ITI4,12,Lazio,Lazio,5879082,7737144,131.6,0.8
2045,2021-08-23,LAZ,22698,12367,10331,16312,5396,990,ITI,ITI4,12,Lazio,Lazio,5879082,7759842,131.99,0.39
2046,2021-02-04,LAZ,6476,2582,3894,1151,5324,1,ITI,ITI4,12,Lazio,Lazio,5879082,7766318,132.1,0.11
2047,2021-08-25,LAZ,31722,16652,15070,9913,21202,607,ITI,ITI4,12,Lazio,Lazio,5879082,7798040,132.64,0.54
2048,2021-05-22,LAZ,55232,27069,28163,43675,10713,844,ITI,ITI4,12,Lazio,Lazio,5879082,7853272,133.58,0.94
2049,2021-08-30,LAZ,30550,15429,15121,9997,19865,688,ITI,ITI4,12,Lazio,Lazio,5879082,7883822,134.1,0.52
2050,2021-05-15,LAZ,57523,27477,30046,40055,16590,878,ITI,ITI4,12,Lazio,Lazio,5879082,7941345,135.08,0.98
2051,2021-03-19,LAZ,17521,7603,9918,11004,6358,159,ITI,ITI4,12,Lazio,Lazio,5879082,7958866,135.38,0.3
2052,2021-09-01,LAZ,26446,13556,12890,8160,17764,522,ITI,ITI4,12,Lazio,Lazio,5879082,7985312,135.83,0.45
2053,2021-07-13,PAT,3839,1952,1887,1777,1934,128,ITH,ITH2,4,Provincia Autonoma Trento,P.A. Trento,541380,3839,0.71,0.71
2054,2021-04-21,PAT,2945,1372,1573,2739,51,155,ITH,ITH2,4,Provincia Autonoma Trento,P.A. Trento,541380,6784,1.25,0.54
2055,2021-01-28,PAT,554,156,398,51,503,0,ITH,ITH2,4,Provincia Autonoma Trento,P.A. Trento,541380,7338,1.36,0.1
2056,2021-01-11,PAT,765,235,530,765,0,0,ITH,ITH2,4,Provincia Autonoma Trento,P.A. Trento,541380,8103,1.5,0.14
2057,2021-01-23,PAT,584,338,246,389,194,1,ITH,ITH2,4,Provincia Autonoma Trento,P.A. Trento,541380,8687,1.6,0.11
2058,2021-05-03,PAT,4311,2223,2088,3844,157,310,ITH,ITH2,4,Provincia Autonoma Trento,P.A. Trento,541380,12998,2.4,0.8
2059,2021-08-13,PAT,5955,3374,2581,2580,3225,150,ITH,ITH2,4,Provincia Autonoma Trento,P.A. Trento,541380,18953,3.5,1.1
2060,2021-07-01,PAT,7150,3737,3413,3590,3364,196,ITH,ITH2,4,Provincia Autonoma Trento,P.A. Trento,541380,26103,4.82,1.32
2061,2021-05-05,PAT,5060,2611,2449,4434,306,320,ITH,ITH2,4,Provincia Autonoma Trento,P.A. Trento,541380,31163,5.76,0.93
2062,2021-09-08,PAT,1542,780,762,481,1032,29,ITH,ITH2,4,Provincia Autonoma Trento,P.A. Trento,541380,32705,6.04,0.28
2063,2021-07-27,PAT,4816,2547,2269,1753,2951,112,ITH,ITH2,4,Provincia Autonoma Trento,P.A. Trento,541380,37521,6.93,0.89
2064,2021-05-31,PAT,4806,2214,2592,1607,3088,111,ITH,ITH2,4,Provincia Autonoma Trento,P.A. Trento,541380,42327,7.82,0.89
2065,2021-03-09,PAT,1670,620,1050,980,653,37,ITH,ITH2,4,Provincia Autonoma Trento,P.A. Trento,541380,43997,8.13,0.31
2066,2021-06-17,PAT,6752,3563,3189,2044,4538,170,ITH,ITH2,4,Provincia Autonoma Trento,P.A. Trento,541380,50749,9.37,1.25
2067,2021-02-16,PAT,676,248,428,660,5,11,ITH,ITH2,4,Provincia Autonoma Trento,P.A. Trento,541380,51425,9.5,0.12
2068,2021-04-23,PAT,3668,1786,1882,3430,56,182,ITH,ITH2,4,Provincia Autonoma Trento,P.A. Trento,541380,55093,10.18,0.68
2069,2021-01-30,PAT,396,136,260,155,241,0,ITH,ITH2,4,Provincia Autonoma Trento,P.A. Trento,541380,55489,10.25,0.07
2070,2021-05-10,PAT,3270,1678,1592,2531,518,221,ITH,ITH2,4,Provincia Autonoma Trento,P.A. Trento,541380,58759,10.85,0.6
2071,2021-08-06,PAT,6473,3565,2908,2668,3684,121,ITH,ITH2,4,Provincia Autonoma Trento,P.A. Trento,541380,65232,12.05,1.2
2072,2021-01-16,PAT,322,148,174,322,0,0,ITH,ITH2,4,Provincia Autonoma Trento,P.A. Trento,541380,65554,12.11,0.06
2073,2021-04-28,PAT,4289,1994,2295,3896,139,254,ITH,ITH2,4,Provincia Autonoma Trento,P.A. Trento,541380,69843,12.9,0.79
2074,2021-07-20,PAT,4830,2610,2220,1744,2934,152,ITH,ITH2,4,Provincia Autonoma Trento,P.A. Trento,541380,74673,13.79,0.89
2075,2021-06-29,PAT,6428,3241,3187,2771,3534,123,ITH,ITH2,4,Provincia Autonoma Trento,P.A. Trento,541380,81101,14.98,1.19
2076,2021-06-12,PAT,5429,2718,2711,436,4943,50,ITH,ITH2,4,Provincia Autonoma Trento,P.A. Trento,541380,86530,15.98,1.0
2077,2021-03-21,PAT,136,74,62,131,0,5,ITH,ITH2,4,Provincia Autonoma Trento,P.A. Trento,541380,86666,16.01,0.03
2078,2021-03-14,PAT,110,67,43,19,89,2,ITH,ITH2,4,Provincia Autonoma Trento,P.A. Trento,541380,86776,16.03,0.02
2079,2021-03-07,PAT,24,6,18,24,0,0,ITH,ITH2,4,Provincia Autonoma Trento,P.A. Trento,541380,86800,16.03,0.0
2080,2021-01-09,PAT,195,42,153,195,0,0,ITH,ITH2,4,Provincia Autonoma Trento,P.A. Trento,541380,86995,16.07,0.04
2081,2021-06-24,PAT,6056,3171,2885,3650,2208,198,ITH,ITH2,4,Provincia Autonoma Trento,P.A. Trento,541380,93051,17.19,1.12
2082,2021-05-12,PAT,3348,1511,1837,1962,1220,166,ITH,ITH2,4,Provincia Autonoma Trento,P.A. Trento,541380,96399,17.81,0.62
2083,2021-03-16,PAT,1407,514,893,581,792,34,ITH,ITH2,4,Provincia Autonoma Trento,P.A. Trento,541380,97806,18.07,0.26
2084,2021-08-20,PAT,5216,2879,2337,1484,3630,102,ITH,ITH2,4,Provincia Autonoma Trento,P.A. Trento,541380,103022,19.03,0.96
2085,2021-05-14,PAT,5443,2614,2829,3714,1428,301,ITH,ITH2,4,Provincia Autonoma Trento,P.A. Trento,541380,108465,20.03,1.01
2086,2021-08-22,PAT,406,243,163,220,171,15,ITH,ITH2,4,Provincia Autonoma Trento,P.A. Trento,541380,108871,20.11,0.07
2087,2021-08-08,PAT,635,338,297,241,386,8,ITH,ITH2,4,Provincia Autonoma Trento,P.A. Trento,541380,109506,20.23,0.12
2088,2021-08-27,PAT,3797,2064,1733,926,2790,81,ITH,ITH2,4,Provincia Autonoma Trento,P.A. Trento,541380,113303,20.93,0.7
2089,2021-03-26,PAT,3277,1282,1995,2518,612,147,ITH,ITH2,4,Provincia Autonoma Trento,P.A. Trento,541380,116580,21.53,0.61
2090,2021-04-01,PAT,2945,1251,1694,1745,1106,94,ITH,ITH2,4,Provincia Autonoma Trento,P.A. Trento,541380,119525,22.08,0.54
2091,2021-07-10,PAT,1098,565,533,148,920,30,ITH,ITH2,4,Provincia Autonoma Trento,P.A. Trento,541380,120623,22.28,0.2
2092,2021-03-23,PAT,2483,962,1521,1628,755,100,ITH,ITH2,4,Provincia Autonoma Trento,P.A. Trento,541380,123106,22.74,0.46
2093,2021-05-28,PAT,3805,1768,2037,1399,2265,141,ITH,ITH2,4,Provincia Autonoma Trento,P.A. Trento,541380,126911,23.44,0.7
2094,2021-01-25,PAT,849,231,618,25,824,0,ITH,ITH2,4,Provincia Autonoma Trento,P.A. Trento,541380,127760,23.6,0.16
2095,2021-03-25,PAT,2916,1128,1788,1742,1060,114,ITH,ITH2,4,Provincia Autonoma Trento,P.A. Trento,541380,130676,24.14,0.54
2096,2021-03-18,PAT,2335,964,1371,1221,1089,25,ITH,ITH2,4,Provincia Autonoma Trento,P.A. Trento,541380,133011,24.57,0.43
2097,2021-06-09,PAT,6328,3123,3205,2114,4130,84,ITH,ITH2,4,Provincia Autonoma Trento,P.A. Trento,541380,139339,25.74,1.17
2098,2021-06-26,PAT,1436,753,683,677,727,32,ITH,ITH2,4,Provincia Autonoma Trento,P.A. Trento,541380,140775,26.0,0.27
2099,2021-06-28,PAT,6954,3597,3357,2959,3869,126,ITH,ITH2,4,Provincia Autonoma Trento,P.A. Trento,541380,147729,27.29,1.28
2100,2021-04-06,PAT,2288,969,1319,1459,770,59,ITH,ITH2,4,Provincia Autonoma Trento,P.A. Trento,541380,150017,27.71,0.42
2101,2021-07-15,PAT,4298,2300,1998,1790,2364,144,ITH,ITH2,4,Provincia Autonoma Trento,P.A. Trento,541380,154315,28.5,0.79
2102,2021-02-20,PAT,412,247,165,124,287,1,ITH,ITH2,4,Provincia Autonoma Trento,P.A. Trento,541380,154727,28.58,0.08
2103,2021-01-08,PAT,1538,341,1197,1537,0,1,ITH,ITH2,4,Provincia Autonoma Trento,P.A. Trento,541380,156265,28.86,0.28
2104,2021-06-14,PAT,5819,3010,2809,2043,3656,120,ITH,ITH2,4,Provincia Autonoma Trento,P.A. Trento,541380,162084,29.94,1.07
2105,2021-04-18,PAT,1865,850,1015,1796,9,60,ITH,ITH2,4,Provincia Autonoma Trento,P.A. Trento,541380,163949,30.28,0.34
2106,2021-03-06,PAT,809,285,524,615,152,42,ITH,ITH2,4,Provincia Autonoma Trento,P.A. Trento,541380,164758,30.43,0.15
2107,2021-05-24,PAT,4493,2077,2416,1269,3110,114,ITH,ITH2,4,Provincia Autonoma Trento,P.A. Trento,541380,169251,31.26,0.83
2108,2021-09-01,PAT,3917,2088,1829,830,3012,75,ITH,ITH2,4,Provincia Autonoma Trento,P.A. Trento,541380,173168,31.99,0.72
2109,2021-03-02,PAT,1323,446,877,910,382,31,ITH,ITH2,4,Provincia Autonoma Trento,P.A. Trento,541380,174491,32.23,0.24
2110,2021-06-10,PAT,6215,3027,3188,1813,4265,137,ITH,ITH2,4,Provincia Autonoma Trento,P.A. Trento,541380,180706,33.38,1.15
2111,2021-09-03,PAT,3470,1901,1569,784,2637,49,ITH,ITH2,4,Provincia Autonoma Trento,P.A. Trento,541380,184176,34.02,0.64
2112,2021-02-08,PAT,1194,333,861,347,847,0,ITH,ITH2,4,Provincia Autonoma Trento,P.A. Trento,541380,185370,34.24,0.22
2113,2021-02-06,PAT,582,302,280,439,143,0,ITH,ITH2,4,Provincia Autonoma Trento,P.A. Trento,541380,185952,34.35,0.11
2114,2021-02-23,PAT,1128,403,725,887,218,23,ITH,ITH2,4,Provincia Autonoma Trento,P.A. Trento,541380,187080,34.56,0.21
2115,2021-05-17,PAT,4357,2157,2200,3752,363,242,ITH,ITH2,4,Provincia Autonoma Trento,P.A. Trento,541380,191437,35.36,0.8
2116,2021-08-25,PAT,4392,2345,2047,1082,3237,73,ITH,ITH2,4,Provincia Autonoma Trento,P.A. Trento,541380,195829,36.17,0.81
2117,2021-04-09,PAT,2806,1195,1611,1528,1209,69,ITH,ITH2,4,Provincia Autonoma Trento,P.A. Trento,541380,198635,36.69,0.52
2118,2021-02-11,PAT,1171,377,794,803,367,1,ITH,ITH2,4,Provincia Autonoma Trento,P.A. Trento,541380,199806,36.91,0.22
2119,2021-07-18,PAT,464,243,221,116,339,9,ITH,ITH2,4,Provincia Autonoma Trento,P.A. Trento,541380,200270,36.99,0.09
2120,2021-02-25,PAT,1656,649,1007,1200,446,10,ITH,ITH2,4,Provincia Autonoma Trento,P.A. Trento,541380,201926,37.3,0.31
2121,2020-12-30,PAT,7,3,4,7,0,0,ITH,ITH2,4,Provincia Autonoma Trento,P.A. Trento,541380,201933,37.3,0.0
2122,2021-06-05,PAT,4132,1939,2193,689,3364,79,ITH,ITH2,4,Provincia Autonoma Trento,P.A. Trento,541380,206065,38.06,0.76
2123,2021-06-19,PAT,3146,1722,1424,236,2879,31,ITH,ITH2,4,Provincia Autonoma Trento,P.A. Trento,541380,209211,38.64,0.58
2124,2021-07-08,PAT,4165,2214,1951,2514,1483,168,ITH,ITH2,4,Provincia Autonoma Trento,P.A. Trento,541380,213376,39.41,0.77
2125,2021-02-04,PAT,1014,321,693,430,583,1,ITH,ITH2,4,Provincia Autonoma Trento,P.A. Trento,541380,214390,39.6,0.19
2126,2021-07-03,PAT,1268,681,587,78,1185,5,ITH,ITH2,4,Provincia Autonoma Trento,P.A. Trento,541380,215658,39.83,0.23
2127,2021-03-30,PAT,2467,999,1468,1672,693,102,ITH,ITH2,4,Provincia Autonoma Trento,P.A. Trento,541380,218125,40.29,0.46
2128,2021-01-13,PAT,444,131,313,444,0,0,ITH,ITH2,4,Provincia Autonoma Trento,P.A. Trento,541380,218569,40.37,0.08
2129,2021-02-12,PAT,1033,346,687,592,439,2,ITH,ITH2,4,Provincia Autonoma Trento,P.A. Trento,541380,219602,40.56,0.19
2130,2021-03-01,PAT,1254,460,794,928,301,25,ITH,ITH2,4,Provincia Autonoma Trento,P.A. Trento,541380,220856,40.8,0.23
2131,2021-03-20,PAT,888,409,479,663,211,14,ITH,ITH2,4,Provincia Autonoma Trento,P.A. Trento,541380,221744,40.96,0.16
2132,2021-03-03,PAT,1672,628,1044,1115,520,37,ITH,ITH2,4,Provincia Autonoma Trento,P.A. Trento,541380,223416,41.27,0.31
2133,2021-09-02,PAT,3344,1751,1593,948,2348,48,ITH,ITH2,4,Provincia Autonoma Trento,P.A. Trento,541380,226760,41.89,0.62
2134,2021-06-11,PAT,7309,3477,3832,1492,5711,106,ITH,ITH2,4,Provincia Autonoma Trento,P.A. Trento,541380,234069,43.24,1.35
2135,2021-06-13,PAT,3734,2061,1673,279,3430,25,ITH,ITH2,4,Provincia Autonoma Trento,P.A. Trento,541380,237803,43.93,0.69
2136,2021-04-11,PAT,2392,1161,1231,2201,99,92,ITH,ITH2,4,Provincia Autonoma Trento,P.A. Trento,541380,240195,44.37,0.44
2137,2021-02-27,PAT,1054,468,586,606,428,20,ITH,ITH2,4,Provincia Autonoma Trento,P.A. Trento,541380,241249,44.56,0.19
2138,2021-08-03,PAT,6213,3357,2856,2488,3596,129,ITH,ITH2,4,Provincia Autonoma Trento,P.A. Trento,541380,247462,45.71,1.15
2139,2021-01-01,PAT,222,51,171,222,0,0,ITH,ITH2,4,Provincia Autonoma Trento,P.A. Trento,541380,247684,45.75,0.04
2140,2021-06-07,PAT,5887,2930,2957,2679,3027,181,ITH,ITH2,4,Provincia Autonoma Trento,P.A. Trento,541380,253571,46.84,1.09
2141,2021-04-25,PAT,2003,953,1050,1873,7,123,ITH,ITH2,4,Provincia Autonoma Trento,P.A. Trento,541380,255574,47.21,0.37
2142,2021-08-28,PAT,1340,825,515,548,755,37,ITH,ITH2,4,Provincia Autonoma Trento,P.A. Trento,541380,256914,47.46,0.25
2143,2021-08-21,PAT,1318,782,536,601,678,39,ITH,ITH2,4,Provincia Autonoma Trento,P.A. Trento,541380,258232,47.7,0.24
2144,2021-06-25,PAT,7795,4157,3638,4174,3448,173,ITH,ITH2,4,Provincia Autonoma Trento,P.A. Trento,541380,266027,49.14,1.44
2145,2021-04-14,PAT,3146,1480,1666,2253,738,155,ITH,ITH2,4,Provincia Autonoma Trento,P.A. Trento,541380,269173,49.72,0.58
2146,2021-03-28,PAT,768,304,464,717,2,49,ITH,ITH2,4,Provincia Autonoma Trento,P.A. Trento,541380,269941,49.86,0.14
2147,2021-01-04,PAT,905,250,655,903,0,2,ITH,ITH2,4,Provincia Autonoma Trento,P.A. Trento,541380,270846,50.03,0.17
2148,2021-07-06,PAT,5238,2763,2475,3115,1931,192,ITH,ITH2,4,Provincia Autonoma Trento,P.A. Trento,541380,276084,51.0,0.97
2149,2021-01-18,PAT,690,168,522,631,59,0,ITH,ITH2,4,Provincia Autonoma Trento,P.A. Trento,541380,276774,51.12,0.13
2150,2021-06-06,PAT,2269,1080,1189,431,1817,21,ITH,ITH2,4,Provincia Autonoma Trento,P.A. Trento,541380,279043,51.54,0.42
2151,2021-07-12,PAT,4272,2152,2120,2038,2042,192,ITH,ITH2,4,Provincia Autonoma Trento,P.A. Trento,541380,283315,52.33,0.79
2152,2021-02-17,PAT,1175,450,725,1058,112,5,ITH,ITH2,4,Provincia Autonoma Trento,P.A. Trento,541380,284490,52.55,0.22
2153,2021-05-30,PAT,1777,876,901,864,843,70,ITH,ITH2,4,Provincia Autonoma Trento,P.A. Trento,541380,286267,52.88,0.33
2154,2021-04-03,PAT,1181,485,696,935,178,68,ITH,ITH2,4,Provincia Autonoma Trento,P.A. Trento,541380,287448,53.1,0.22
2155,2021-09-07,PAT,1518,791,727,448,1026,44,ITH,ITH2,4,Provincia Autonoma Trento,P.A. Trento,541380,288966,53.38,0.28
2156,2021-04-24,PAT,3580,1714,1866,3352,16,212,ITH,ITH2,4,Provincia Autonoma Trento,P.A. Trento,541380,292546,54.04,0.66
2157,2021-02-26,PAT,1257,445,812,932,299,26,ITH,ITH2,4,Provincia Autonoma Trento,P.A. Trento,541380,293803,54.27,0.23
2158,2020-12-27,PAT,107,43,64,107,0,0,ITH,ITH2,4,Provincia Autonoma Trento,P.A. Trento,541380,293910,54.29,0.02
2159,2021-07-30,PAT,5851,3097,2754,2292,3449,110,ITH,ITH2,4,Provincia Autonoma Trento,P.A. Trento,541380,299761,55.37,1.08
2160,2021-08-24,PAT,4602,2468,2134,1288,3221,93,ITH,ITH2,4,Provincia Autonoma Trento,P.A. Trento,541380,304363,56.22,0.85
2161,2021-07-24,PAT,994,547,447,524,445,25,ITH,ITH2,4,Provincia Autonoma Trento,P.A. Trento,541380,305357,56.4,0.18
2162,2021-05-02,PAT,3564,1979,1585,3294,39,231,ITH,ITH2,4,Provincia Autonoma Trento,P.A. Trento,541380,308921,57.06,0.66
2163,2021-05-22,PAT,3375,1666,1709,849,2435,91,ITH,ITH2,4,Provincia Autonoma Trento,P.A. Trento,541380,312296,57.69,0.62
2164,2021-05-29,PAT,2445,1328,1117,783,1571,91,ITH,ITH2,4,Provincia Autonoma Trento,P.A. Trento,541380,314741,58.14,0.45
2165,2021-04-02,PAT,2892,1178,1714,2043,684,165,ITH,ITH2,4,Provincia Autonoma Trento,P.A. Trento,541380,317633,58.67,0.53
2166,2021-04-16,PAT,2906,1377,1529,2597,150,159,ITH,ITH2,4,Provincia Autonoma Trento,P.A. Trento,541380,320539,59.21,0.54
2167,2021-02-18,PAT,1436,504,932,1349,69,18,ITH,ITH2,4,Provincia Autonoma Trento,P.A. Trento,541380,321975,59.47,0.27
2168,2021-07-25,PAT,366,205,161,139,218,9,ITH,ITH2,4,Provincia Autonoma Trento,P.A. Trento,541380,322341,59.54,0.07
2169,2021-08-14,PAT,290,156,134,50,237,3,ITH,ITH2,4,Provincia Autonoma Trento,P.A. Trento,541380,322631,59.59,0.05
2170,2021-07-02,PAT,7424,4037,3387,3583,3596,245,ITH,ITH2,4,Provincia Autonoma Trento,P.A. Trento,541380,330055,60.97,1.37
2171,2021-01-15,PAT,628,149,479,627,0,1,ITH,ITH2,4,Provincia Autonoma Trento,P.A. Trento,541380,330683,61.08,0.12
2172,2021-04-13,PAT,2618,1090,1528,2026,509,83,ITH,ITH2,4,Provincia Autonoma Trento,P.A. Trento,541380,333301,61.57,0.48
2173,2021-01-20,PAT,308,77,231,296,12,0,ITH,ITH2,4,Provincia Autonoma Trento,P.A. Trento,541380,333609,61.62,0.06
2174,2021-04-30,PAT,4992,2434,2558,4443,163,386,ITH,ITH2,4,Provincia Autonoma Trento,P.A. Trento,541380,338601,62.54,0.92
2175,2021-05-19,PAT,5196,2514,2682,3670,1274,252,ITH,ITH2,4,Provincia Autonoma Trento,P.A. Trento,541380,343797,63.5,0.96
2176,2021-09-10,PAT,1038,523,515,222,800,16,ITH,ITH2,4,Provincia Autonoma Trento,P.A. Trento,541380,344835,63.7,0.19
2177,2021-01-14,PAT,731,218,513,729,0,2,ITH,ITH2,4,Provincia Autonoma Trento,P.A. Trento,541380,345566,63.83,0.14
2178,2021-02-28,PAT,246,122,124,236,0,10,ITH,ITH2,4,Provincia Autonoma Trento,P.A. Trento,541380,345812,63.88,0.05
2179,2021-08-04,PAT,6209,3313,2896,2572,3499,138,ITH,ITH2,4,Provincia Autonoma Trento,P.A. Trento,541380,352021,65.02,1.15
2180,2021-06-08,PAT,6045,2919,3126,1785,4133,127,ITH,ITH2,4,Provincia Autonoma Trento,P.A. Trento,541380,358066,66.14,1.12
2181,2021-04-26,PAT,2676,1260,1416,2411,96,169,ITH,ITH2,4,Provincia Autonoma Trento,P.A. Trento,541380,360742,66.63,0.49
2182,2021-08-10,PAT,5995,3204,2791,2898,2911,186,ITH,ITH2,4,Provincia Autonoma Trento,P.A. Trento,541380,366737,67.74,1.11
2183,2021-03-13,PAT,965,496,469,841,48,76,ITH,ITH2,4,Provincia Autonoma Trento,P.A. Trento,541380,367702,67.92,0.18
2184,2021-07-05,PAT,5433,2850,2583,3792,1392,249,ITH,ITH2,4,Provincia Autonoma Trento,P.A. Trento,541380,373135,68.92,1.0
2185,2021-06-21,PAT,6260,3387,2873,3649,2425,186,ITH,ITH2,4,Provincia Autonoma Trento,P.A. Trento,541380,379395,70.08,1.16
2186,2021-01-06,PAT,43,13,30,43,0,0,ITH,ITH2,4,Provincia Autonoma Trento,P.A. Trento,541380,379438,70.09,0.01
2187,2021-08-05,PAT,6390,3495,2895,2950,3317,123,ITH,ITH2,4,Provincia Autonoma Trento,P.A. Trento,541380,385828,71.27,1.18
2188,2021-02-19,PAT,945,366,579,847,65,33,ITH,ITH2,4,Provincia Autonoma Trento,P.A. Trento,541380,386773,71.44,0.17
2189,2021-08-11,PAT,5847,3149,2698,3093,2591,163,ITH,ITH2,4,Provincia Autonoma Trento,P.A. Trento,541380,392620,72.52,1.08
2190,2021-04-29,PAT,4702,2266,2436,4173,214,315,ITH,ITH2,4,Provincia Autonoma Trento,P.A. Trento,541380,397322,73.39,0.87
2191,2021-08-07,PAT,1624,931,693,817,769,38,ITH,ITH2,4,Provincia Autonoma Trento,P.A. Trento,541380,398946,73.69,0.3
2192,2021-01-22,PAT,1748,459,1289,350,1396,2,ITH,ITH2,4,Provincia Autonoma Trento,P.A. Trento,541380,400694,74.01,0.32
2193,2021-02-05,PAT,835,288,547,285,550,0,ITH,ITH2,4,Provincia Autonoma Trento,P.A. Trento,541380,401529,74.17,0.15
2194,2021-05-16,PAT,1358,756,602,1042,248,68,ITH,ITH2,4,Provincia Autonoma Trento,P.A. Trento,541380,402887,74.42,0.25
2195,2021-01-05,PAT,759,262,497,759,0,0,ITH,ITH2,4,Provincia Autonoma Trento,P.A. Trento,541380,403646,74.56,0.14
2196,2021-08-16,PAT,4850,2562,2288,1810,2931,109,ITH,ITH2,4,Provincia Autonoma Trento,P.A. Trento,541380,408496,75.45,0.9
2197,2021-05-25,PAT,4867,2315,2552,1743,2975,149,ITH,ITH2,4,Provincia Autonoma Trento,P.A. Trento,541380,413363,76.35,0.9
2198,2021-05-08,PAT,3195,1743,1452,2571,426,198,ITH,ITH2,4,Provincia Autonoma Trento,P.A. Trento,541380,416558,76.94,0.59
2199,2021-02-14,PAT,250,189,61,11,239,0,ITH,ITH2,4,Provincia Autonoma Trento,P.A. Trento,541380,416808,76.99,0.05
2200,2021-03-04,PAT,2388,807,1581,1556,790,42,ITH,ITH2,4,Provincia Autonoma Trento,P.A. Trento,541380,419196,77.43,0.44
2201,2021-05-20,PAT,5122,2408,2714,3149,1690,283,ITH,ITH2,4,Provincia Autonoma Trento,P.A. Trento,541380,424318,78.38,0.95
2202,2021-03-24,PAT,2415,963,1452,1468,827,120,ITH,ITH2,4,Provincia Autonoma Trento,P.A. Trento,541380,426733,78.82,0.45
2203,2021-02-09,PAT,952,303,649,448,503,1,ITH,ITH2,4,Provincia Autonoma Trento,P.A. Trento,541380,427685,79.0,0.18
2204,2021-03-17,PAT,2131,813,1318,1130,907,94,ITH,ITH2,4,Provincia Autonoma Trento,P.A. Trento,541380,429816,79.39,0.39
2205,2021-08-18,PAT,4634,2553,2081,1434,3113,87,ITH,ITH2,4,Provincia Autonoma Trento,P.A. Trento,541380,434450,80.25,0.86
2206,2021-05-27,PAT,4379,2034,2345,1164,3081,134,ITH,ITH2,4,Provincia Autonoma Trento,P.A. Trento,541380,438829,81.06,0.81
2207,2021-09-04,PAT,932,544,388,482,412,38,ITH,ITH2,4,Provincia Autonoma Trento,P.A. Trento,541380,439761,81.23,0.17
2208,2021-06-02,PAT,2884,1383,1501,895,1916,73,ITH,ITH2,4,Provincia Autonoma Trento,P.A. Trento,541380,442645,81.76,0.53
2209,2021-03-11,PAT,2622,984,1638,1507,1055,60,ITH,ITH2,4,Provincia Autonoma Trento,P.A. Trento,541380,445267,82.25,0.48
2210,2021-07-22,PAT,4778,2587,2191,1900,2738,140,ITH,ITH2,4,Provincia Autonoma Trento,P.A. Trento,541380,450045,83.13,0.88
2211,2021-04-15,PAT,3234,1459,1775,2830,156,248,ITH,ITH2,4,Provincia Autonoma Trento,P.A. Trento,541380,453279,83.73,0.6
2212,2021-06-18,PAT,7068,3761,3307,1785,5190,93,ITH,ITH2,4,Provincia Autonoma Trento,P.A. Trento,541380,460347,85.03,1.31
2213,2021-03-27,PAT,1673,747,926,1322,263,88,ITH,ITH2,4,Provincia Autonoma Trento,P.A. Trento,541380,462020,85.34,0.31
2214,2021-06-04,PAT,5928,2651,3277,1731,4062,135,ITH,ITH2,4,Provincia Autonoma Trento,P.A. Trento,541380,467948,86.44,1.09
2215,2021-01-27,PAT,873,310,563,115,756,2,ITH,ITH2,4,Provincia Autonoma Trento,P.A. Trento,541380,468821,86.6,0.16
2216,2021-02-13,PAT,540,335,205,172,368,0,ITH,ITH2,4,Provincia Autonoma Trento,P.A. Trento,541380,469361,86.7,0.1
2217,2021-05-07,PAT,6092,3133,2959,4853,854,385,ITH,ITH2,4,Provincia Autonoma Trento,P.A. Trento,541380,475453,87.82,1.13
2218,2021-04-20,PAT,2909,1388,1521,2690,37,182,ITH,ITH2,4,Provincia Autonoma Trento,P.A. Trento,541380,478362,88.36,0.54
2219,2021-05-09,PAT,2354,1225,1129,1870,347,137,ITH,ITH2,4,Provincia Autonoma Trento,P.A. Trento,541380,480716,88.79,0.43
2220,2021-08-17,PAT,5448,2880,2568,1938,3379,131,ITH,ITH2,4,Provincia Autonoma Trento,P.A. Trento,541380,486164,89.8,1.01
2221,2021-02-15,PAT,547,193,354,419,126,2,ITH,ITH2,4,Provincia Autonoma Trento,P.A. Trento,541380,486711,89.9,0.1
2222,2021-05-26,PAT,3963,1870,2093,1116,2724,123,ITH,ITH2,4,Provincia Autonoma Trento,P.A. Trento,541380,490674,90.63,0.73
2223,2021-08-12,PAT,5697,3049,2648,2193,3329,175,ITH,ITH2,4,Provincia Autonoma Trento,P.A. Trento,541380,496371,91.69,1.05
2224,2021-07-29,PAT,5480,2912,2568,2647,2714,119,ITH,ITH2,4,Provincia Autonoma Trento,P.A. Trento,541380,501851,92.7,1.01
2225,2021-06-16,PAT,6326,3416,2910,1989,4213,124,ITH,ITH2,4,Provincia Autonoma Trento,P.A. Trento,541380,508177,93.87,1.17
2226,2021-02-02,PAT,942,254,688,192,750,0,ITH,ITH2,4,Provincia Autonoma Trento,P.A. Trento,541380,509119,94.04,0.17
2227,2021-07-09,PAT,5154,2733,2421,3046,1885,223,ITH,ITH2,4,Provincia Autonoma Trento,P.A. Trento,541380,514273,94.99,0.95
2228,2021-05-13,PAT,3458,1607,1851,2103,1127,228,ITH,ITH2,4,Provincia Autonoma Trento,P.A. Trento,541380,517731,95.63,0.64
2229,2021-03-31,PAT,2623,1001,1622,1655,868,100,ITH,ITH2,4,Provincia Autonoma Trento,P.A. Trento,541380,520354,96.12,0.48
2230,2021-01-26,PAT,577,173,404,28,549,0,ITH,ITH2,4,Provincia Autonoma Trento,P.A. Trento,541380,520931,96.22,0.11
2231,2021-05-06,PAT,5616,2795,2821,4447,794,375,ITH,ITH2,4,Provincia Autonoma Trento,P.A. Trento,541380,526547,97.26,1.04
2232,2021-07-07,PAT,4529,2432,2097,2922,1406,201,ITH,ITH2,4,Provincia Autonoma Trento,P.A. Trento,541380,531076,98.1,0.84
2233,2021-01-03,PAT,503,166,337,503,0,0,ITH,ITH2,4,Provincia Autonoma Trento,P.A. Trento,541380,531579,98.19,0.09
2234,2021-07-21,PAT,4707,2521,2186,1526,3085,96,ITH,ITH2,4,Provincia Autonoma Trento,P.A. Trento,541380,536286,99.06,0.87
2235,2021-08-09,PAT,5349,2854,2495,2283,2924,142,ITH,ITH2,4,Provincia Autonoma Trento,P.A. Trento,541380,541635,100.05,0.99
2236,2021-03-15,PAT,1453,573,880,929,469,55,ITH,ITH2,4,Provincia Autonoma Trento,P.A. Trento,541380,543088,100.32,0.27
2237,2021-08-19,PAT,4630,2484,2146,1108,3439,83,ITH,ITH2,4,Provincia Autonoma Trento,P.A. Trento,541380,547718,101.17,0.86
2238,2021-01-17,PAT,255,199,56,255,0,0,ITH,ITH2,4,Provincia Autonoma Trento,P.A. Trento,541380,547973,101.22,0.05
2239,2021-06-23,PAT,6694,3547,3147,4626,1871,197,ITH,ITH2,4,Provincia Autonoma Trento,P.A. Trento,541380,554667,102.45,1.24
2240,2021-05-11,PAT,3743,1768,1975,2641,863,239,ITH,ITH2,4,Provincia Autonoma Trento,P.A. Trento,541380,558410,103.15,0.69
2241,2021-04-27,PAT,3956,1902,2054,3597,70,289,ITH,ITH2,4,Provincia Autonoma Trento,P.A. Trento,541380,562366,103.88,0.73
2242,2021-02-24,PAT,1373,543,830,943,406,24,ITH,ITH2,4,Provincia Autonoma Trento,P.A. Trento,541380,563739,104.13,0.25
2243,2021-06-03,PAT,4845,2279,2566,1237,3515,93,ITH,ITH2,4,Provincia Autonoma Trento,P.A. Trento,541380,568584,105.02,0.89
2244,2021-01-19,PAT,434,89,345,434,0,0,ITH,ITH2,4,Provincia Autonoma Trento,P.A. Trento,541380,569018,105.11,0.08
2245,2021-08-02,PAT,5376,2852,2524,1607,3701,68,ITH,ITH2,4,Provincia Autonoma Trento,P.A. Trento,541380,574394,106.1,0.99
2246,2021-05-04,PAT,4571,2490,2081,4169,97,305,ITH,ITH2,4,Provincia Autonoma Trento,P.A. Trento,541380,578965,106.94,0.84
2247,2021-03-08,PAT,1426,439,987,1042,354,30,ITH,ITH2,4,Provincia Autonoma Trento,P.A. Trento,541380,580391,107.21,0.26
2248,2021-03-22,PAT,2349,995,1354,1406,885,58,ITH,ITH2,4,Provincia Autonoma Trento,P.A. Trento,541380,582740,107.64,0.43
2249,2021-01-24,PAT,562,285,277,226,336,0,ITH,ITH2,4,Provincia Autonoma Trento,P.A. Trento,541380,583302,107.74,0.1
2250,2021-06-30,PAT,6875,3531,3344,2692,4056,127,ITH,ITH2,4,Provincia Autonoma Trento,P.A. Trento,541380,590177,109.01,1.27
2251,2021-08-26,PAT,4123,2163,1960,1069,2957,97,ITH,ITH2,4,Provincia Autonoma Trento,P.A. Trento,541380,594300,109.78,0.76
2252,2021-02-22,PAT,755,262,493,663,86,6,ITH,ITH2,4,Provincia Autonoma Trento,P.A. Trento,541380,595055,109.91,0.14
2253,2021-05-18,PAT,4323,2047,2276,3169,869,285,ITH,ITH2,4,Provincia Autonoma Trento,P.A. Trento,541380,599378,110.71,0.8
2254,2021-09-09,PAT,1678,833,845,580,1042,56,ITH,ITH2,4,Provincia Autonoma Trento,P.A. Trento,541380,601056,111.02,0.31
2255,2021-03-12,PAT,2603,991,1612,1709,815,79,ITH,ITH2,4,Provincia Autonoma Trento,P.A. Trento,541380,603659,111.5,0.48
2256,2021-07-23,PAT,4762,2442,2320,1671,2955,136,ITH,ITH2,4,Provincia Autonoma Trento,P.A. Trento,541380,608421,112.38,0.88
2257,2021-03-10,PAT,2486,973,1513,1473,948,65,ITH,ITH2,4,Provincia Autonoma Trento,P.A. Trento,541380,610907,112.84,0.46
2258,2021-01-10,PAT,87,20,67,87,0,0,ITH,ITH2,4,Provincia Autonoma Trento,P.A. Trento,541380,610994,112.86,0.02
2259,2021-01-29,PAT,1426,363,1063,56,1370,0,ITH,ITH2,4,Provincia Autonoma Trento,P.A. Trento,541380,612420,113.12,0.26
2260,2021-07-14,PAT,4189,2177,2012,1702,2355,132,ITH,ITH2,4,Provincia Autonoma Trento,P.A. Trento,541380,616609,113.9,0.77
2261,2021-01-31,PAT,77,16,61,1,76,0,ITH,ITH2,4,Provincia Autonoma Trento,P.A. Trento,541380,616686,113.91,0.01
2262,2021-07-04,PAT,225,125,100,66,157,2,ITH,ITH2,4,Provincia Autonoma Trento,P.A. Trento,541380,616911,113.95,0.04
2263,2021-06-20,PAT,1900,1050,850,31,1864,5,ITH,ITH2,4,Provincia Autonoma Trento,P.A. Trento,541380,618811,114.3,0.35
2264,2021-01-02,PAT,522,149,373,522,0,0,ITH,ITH2,4,Provincia Autonoma Trento,P.A. Trento,541380,619333,114.4,0.1
2265,2021-03-29,PAT,2568,1011,1557,1696,742,130,ITH,ITH2,4,Provincia Autonoma Trento,P.A. Trento,541380,621901,114.87,0.47
2266,2021-04-12,PAT,3156,1455,1701,2527,504,125,ITH,ITH2,4,Provincia Autonoma Trento,P.A. Trento,541380,625057,115.46,0.58
2267,2021-04-22,PAT,3175,1482,1693,2946,46,183,ITH,ITH2,4,Provincia Autonoma Trento,P.A. Trento,541380,628232,116.04,0.59
2268,2021-07-31,PAT,1497,856,641,1075,383,39,ITH,ITH2,4,Provincia Autonoma Trento,P.A. Trento,541380,629729,116.32,0.28
2269,2021-04-07,PAT,2655,1028,1627,1576,955,124,ITH,ITH2,4,Provincia Autonoma Trento,P.A. Trento,541380,632384,116.81,0.49
2270,2021-07-16,PAT,4598,2369,2229,1738,2706,154,ITH,ITH2,4,Provincia Autonoma Trento,P.A. Trento,541380,636982,117.66,0.85
2271,2021-08-30,PAT,3894,1986,1908,1180,2603,111,ITH,ITH2,4,Provincia Autonoma Trento,P.A. Trento,541380,640876,118.38,0.72
2272,2021-08-23,PAT,4340,2289,2051,1429,2746,165,ITH,ITH2,4,Provincia Autonoma Trento,P.A. Trento,541380,645216,119.18,0.8
2273,2021-09-06,PAT,3134,1646,1488,968,2065,101,ITH,ITH2,4,Provincia Autonoma Trento,P.A. Trento,541380,648350,119.76,0.58
2274,2021-07-11,PAT,1035,566,469,132,894,9,ITH,ITH2,4,Provincia Autonoma Trento,P.A. Trento,541380,649385,119.95,0.19
2275,2021-01-21,PAT,376,104,272,247,129,0,ITH,ITH2,4,Provincia Autonoma Trento,P.A. Trento,541380,649761,120.02,0.07
2276,2021-05-01,PAT,4889,2486,2403,4552,37,300,ITH,ITH2,4,Provincia Autonoma Trento,P.A. Trento,541380,654650,120.92,0.9
2277,2021-02-21,PAT,158,95,63,44,114,0,ITH,ITH2,4,Provincia Autonoma Trento,P.A. Trento,541380,654808,120.95,0.03
2278,2021-05-15,PAT,1605,833,772,649,915,41,ITH,ITH2,4,Provincia Autonoma Trento,P.A. Trento,541380,656413,121.25,0.3
2279,2021-06-01,PAT,4105,1926,2179,1081,2912,112,ITH,ITH2,4,Provincia Autonoma Trento,P.A. Trento,541380,660518,122.01,0.76
2280,2021-06-27,PAT,1368,735,633,396,961,11,ITH,ITH2,4,Provincia Autonoma Trento,P.A. Trento,541380,661886,122.26,0.25
2281,2021-01-12,PAT,541,173,368,540,0,1,ITH,ITH2,4,Provincia Autonoma Trento,P.A. Trento,541380,662427,122.36,0.1
2282,2021-03-19,PAT,2467,925,1542,1503,881,83,ITH,ITH2,4,Provincia Autonoma Trento,P.A. Trento,541380,664894,122.81,0.46
2283,2021-04-05,PAT,35,17,18,30,2,3,ITH,ITH2,4,Provincia Autonoma Trento,P.A. Trento,541380,664929,122.82,0.01
2284,2021-08-29,PAT,615,346,269,310,281,24,ITH,ITH2,4,Provincia Autonoma Trento,P.A. Trento,541380,665544,122.93,0.11
2285,2021-07-17,PAT,1099,537,562,270,809,20,ITH,ITH2,4,Provincia Autonoma Trento,P.A. Trento,541380,666643,123.14,0.2
2286,2021-05-21,PAT,5216,2506,2710,3138,1806,272,ITH,ITH2,4,Provincia Autonoma Trento,P.A. Trento,541380,671859,124.1,0.96
2287,2021-02-01,PAT,1278,356,922,98,1180,0,ITH,ITH2,4,Provincia Autonoma Trento,P.A. Trento,541380,673137,124.34,0.24
2288,2021-08-31,PAT,4400,2290,2110,1239,3060,101,ITH,ITH2,4,Provincia Autonoma Trento,P.A. Trento,541380,677537,125.15,0.81
2289,2021-02-03,PAT,877,326,551,417,460,0,ITH,ITH2,4,Provincia Autonoma Trento,P.A. Trento,541380,678414,125.31,0.16
2290,2021-07-19,PAT,4811,2534,2277,1456,3225,130,ITH,ITH2,4,Provincia Autonoma Trento,P.A. Trento,541380,683225,126.2,0.89
2291,2021-05-23,PAT,1995,1015,980,431,1535,29,ITH,ITH2,4,Provincia Autonoma Trento,P.A. Trento,541380,685220,126.57,0.37
2292,2021-04-10,PAT,2877,1352,1525,1995,803,79,ITH,ITH2,4,Provincia Autonoma Trento,P.A. Trento,541380,688097,127.1,0.53
2293,2021-02-10,PAT,872,295,577,513,358,1,ITH,ITH2,4,Provincia Autonoma Trento,P.A. Trento,541380,688969,127.26,0.16
2294,2021-07-26,PAT,3900,2058,1842,835,2995,70,ITH,ITH2,4,Provincia Autonoma Trento,P.A. Trento,541380,692869,127.98,0.72
2295,2021-04-08,PAT,3181,1335,1846,1953,1133,95,ITH,ITH2,4,Provincia Autonoma Trento,P.A. Trento,541380,696050,128.57,0.59
2296,2020-12-31,PAT,1701,480,1221,1701,0,0,ITH,ITH2,4,Provincia Autonoma Trento,P.A. Trento,541380,697751,128.88,0.31
2297,2021-06-22,PAT,6383,3479,2904,3627,2568,188,ITH,ITH2,4,Provincia Autonoma Trento,P.A. Trento,541380,704134,130.06,1.18
2298,2021-03-05,PAT,2308,736,1572,1643,569,96,ITH,ITH2,4,Provincia Autonoma Trento,P.A. Trento,541380,706442,130.49,0.43
2299,2021-01-07,PAT,1301,328,973,1298,0,3,ITH,ITH2,4,Provincia Autonoma Trento,P.A. Trento,541380,707743,130.73,0.24
2300,2021-04-17,PAT,2253,1148,1105,2090,57,106,ITH,ITH2,4,Provincia Autonoma Trento,P.A. Trento,541380,709996,131.15,0.42
2301,2021-04-19,PAT,2646,1244,1402,2429,23,194,ITH,ITH2,4,Provincia Autonoma Trento,P.A. Trento,541380,712642,131.63,0.49
2302,2021-07-28,PAT,4868,2670,2198,2160,2572,136,ITH,ITH2,4,Provincia Autonoma Trento,P.A. Trento,541380,717510,132.53,0.9
2303,2021-06-15,PAT,6332,3342,2990,1632,4565,135,ITH,ITH2,4,Provincia Autonoma Trento,P.A. Trento,541380,723842,133.7,1.17
2304,2021-07-16,PAB,4513,2449,2064,1072,3319,122,ITH,ITH1,4,Provincia Autonoma Bolzano / Bozen,P.A. Bolzano,533050,4513,0.85,0.85
2305,2021-04-24,PAB,5119,2458,2661,4628,488,3,ITH,ITH1,4,Provincia Autonoma Bolzano / Bozen,P.A. Bolzano,533050,9632,1.81,0.96
2306,2021-08-02,PAB,2133,1278,855,1167,875,91,ITH,ITH1,4,Provincia Autonoma Bolzano / Bozen,P.A. Bolzano,533050,11765,2.21,0.4
2307,2021-07-14,PAB,873,453,420,482,361,30,ITH,ITH1,4,Provincia Autonoma Bolzano / Bozen,P.A. Bolzano,533050,12638,2.37,0.16
2308,2021-04-05,PAB,304,147,157,24,280,0,ITH,ITH1,4,Provincia Autonoma Bolzano / Bozen,P.A. Bolzano,533050,12942,2.43,0.06
2309,2021-06-27,PAB,4429,2315,2114,590,3810,29,ITH,ITH1,4,Provincia Autonoma Bolzano / Bozen,P.A. Bolzano,533050,17371,3.26,0.83
2310,2021-01-12,PAB,1712,461,1251,1712,0,0,ITH,ITH1,4,Provincia Autonoma Bolzano / Bozen,P.A. Bolzano,533050,19083,3.58,0.32
2311,2021-02-12,PAB,730,217,513,482,248,0,ITH,ITH1,4,Provincia Autonoma Bolzano / Bozen,P.A. Bolzano,533050,19813,3.72,0.14
2312,2021-04-10,PAB,5416,2673,2743,4825,590,1,ITH,ITH1,4,Provincia Autonoma Bolzano / Bozen,P.A. Bolzano,533050,25229,4.73,1.02
2313,2020-12-31,PAB,929,528,401,929,0,0,ITH,ITH1,4,Provincia Autonoma Bolzano / Bozen,P.A. Bolzano,533050,26158,4.91,0.17
2314,2021-04-19,PAB,1876,860,1016,1694,182,0,ITH,ITH1,4,Provincia Autonoma Bolzano / Bozen,P.A. Bolzano,533050,28034,5.26,0.35
2315,2021-06-15,PAB,2045,1184,861,481,1534,30,ITH,ITH1,4,Provincia Autonoma Bolzano / Bozen,P.A. Bolzano,533050,30079,5.64,0.38
2316,2021-07-28,PAB,1438,784,654,879,496,63,ITH,ITH1,4,Provincia Autonoma Bolzano / Bozen,P.A. Bolzano,533050,31517,5.91,0.27
2317,2021-08-23,PAB,2128,1202,926,799,1326,3,ITH,ITH1,4,Provincia Autonoma Bolzano / Bozen,P.A. Bolzano,533050,33645,6.31,0.4
2318,2021-06-06,PAB,4553,2189,2364,812,3693,48,ITH,ITH1,4,Provincia Autonoma Bolzano / Bozen,P.A. Bolzano,533050,38198,7.17,0.85
2319,2021-02-26,PAB,1528,551,977,1498,30,0,ITH,ITH1,4,Provincia Autonoma Bolzano / Bozen,P.A. Bolzano,533050,39726,7.45,0.29
2320,2021-09-09,PAB,1415,701,714,609,806,0,ITH,ITH1,4,Provincia Autonoma Bolzano / Bozen,P.A. Bolzano,533050,41141,7.72,0.27
2321,2021-06-01,PAB,3677,2385,1292,2062,1479,136,ITH,ITH1,4,Provincia Autonoma Bolzano / Bozen,P.A. Bolzano,533050,44818,8.41,0.69
2322,2021-06-29,PAB,1883,1016,867,247,1616,20,ITH,ITH1,4,Provincia Autonoma Bolzano / Bozen,P.A. Bolzano,533050,46701,8.76,0.35
2323,2021-04-17,PAB,5255,2609,2646,5210,44,1,ITH,ITH1,4,Provincia Autonoma Bolzano / Bozen,P.A. Bolzano,533050,51956,9.75,0.99
2324,2021-01-07,PAB,921,329,592,921,0,0,ITH,ITH1,4,Provincia Autonoma Bolzano / Bozen,P.A. Bolzano,533050,52877,9.92,0.17
2325,2021-07-21,PAB,3220,1882,1338,536,2644,40,ITH,ITH1,4,Provincia Autonoma Bolzano / Bozen,P.A. Bolzano,533050,56097,10.52,0.6
2326,2021-04-12,PAB,2110,948,1162,2104,6,0,ITH,ITH1,4,Provincia Autonoma Bolzano / Bozen,P.A. Bolzano,533050,58207,10.92,0.4
2327,2021-01-24,PAB,12,10,2,0,12,0,ITH,ITH1,4,Provincia Autonoma Bolzano / Bozen,P.A. Bolzano,533050,58219,10.92,0.0
2328,2021-07-04,PAB,4422,2132,2290,160,4234,28,ITH,ITH1,4,Provincia Autonoma Bolzano / Bozen,P.A. Bolzano,533050,62641,11.75,0.83
2329,2021-08-30,PAB,2141,1126,1015,824,1293,24,ITH,ITH1,4,Provincia Autonoma Bolzano / Bozen,P.A. Bolzano,533050,64782,12.15,0.4
2330,2021-03-22,PAB,1159,527,632,1124,17,18,ITH,ITH1,4,Provincia Autonoma Bolzano / Bozen,P.A. Bolzano,533050,65941,12.37,0.22
2331,2021-02-19,PAB,2252,512,1740,2241,11,0,ITH,ITH1,4,Provincia Autonoma Bolzano / Bozen,P.A. Bolzano,533050,68193,12.79,0.42
2332,2021-08-04,PAB,3811,2017,1794,2719,978,114,ITH,ITH1,4,Provincia Autonoma Bolzano / Bozen,P.A. Bolzano,533050,72004,13.51,0.71
2333,2021-06-08,PAB,4267,2185,2082,893,3346,28,ITH,ITH1,4,Provincia Autonoma Bolzano / Bozen,P.A. Bolzano,533050,76271,14.31,0.8
2334,2021-05-20,PAB,4975,2502,2473,3346,1480,149,ITH,ITH1,4,Provincia Autonoma Bolzano / Bozen,P.A. Bolzano,533050,81246,15.24,0.93
2335,2021-08-11,PAB,1201,603,598,712,487,2,ITH,ITH1,4,Provincia Autonoma Bolzano / Bozen,P.A. Bolzano,533050,82447,15.47,0.23
2336,2021-08-28,PAB,3269,1838,1431,1026,2213,30,ITH,ITH1,4,Provincia Autonoma Bolzano / Bozen,P.A. Bolzano,533050,85716,16.08,0.61
2337,2021-07-09,PAB,5227,2612,2615,917,4168,142,ITH,ITH1,4,Provincia Autonoma Bolzano / Bozen,P.A. Bolzano,533050,90943,17.06,0.98
2338,2021-03-07,PAB,440,150,290,19,420,1,ITH,ITH1,4,Provincia Autonoma Bolzano / Bozen,P.A. Bolzano,533050,91383,17.14,0.08
2339,2021-07-30,PAB,5303,2844,2459,3405,1543,355,ITH,ITH1,4,Provincia Autonoma Bolzano / Bozen,P.A. Bolzano,533050,96686,18.14,0.99
2340,2021-04-21,PAB,3017,1470,1547,2168,848,1,ITH,ITH1,4,Provincia Autonoma Bolzano / Bozen,P.A. Bolzano,533050,99703,18.7,0.57
2341,2021-06-24,PAB,3946,2042,1904,1570,2204,172,ITH,ITH1,4,Provincia Autonoma Bolzano / Bozen,P.A. Bolzano,533050,103649,19.44,0.74
2342,2021-01-09,PAB,612,326,286,612,0,0,ITH,ITH1,4,Provincia Autonoma Bolzano / Bozen,P.A. Bolzano,533050,104261,19.56,0.11
2343,2021-03-21,PAB,769,286,483,15,754,0,ITH,ITH1,4,Provincia Autonoma Bolzano / Bozen,P.A. Bolzano,533050,105030,19.7,0.14
2344,2021-06-12,PAB,5079,2754,2325,1674,3289,116,ITH,ITH1,4,Provincia Autonoma Bolzano / Bozen,P.A. Bolzano,533050,110109,20.66,0.95
2345,2021-01-14,PAB,1953,578,1375,1953,0,0,ITH,ITH1,4,Provincia Autonoma Bolzano / Bozen,P.A. Bolzano,533050,112062,21.02,0.37
2346,2021-04-07,PAB,1803,825,978,1262,541,0,ITH,ITH1,4,Provincia Autonoma Bolzano / Bozen,P.A. Bolzano,533050,113865,21.36,0.34
2347,2021-03-02,PAB,696,200,496,694,2,0,ITH,ITH1,4,Provincia Autonoma Bolzano / Bozen,P.A. Bolzano,533050,114561,21.49,0.13
2348,2021-03-19,PAB,1921,777,1144,800,1120,1,ITH,ITH1,4,Provincia Autonoma Bolzano / Bozen,P.A. Bolzano,533050,116482,21.85,0.36
2349,2021-05-15,PAB,7021,3697,3324,6339,294,388,ITH,ITH1,4,Provincia Autonoma Bolzano / Bozen,P.A. Bolzano,533050,123503,23.17,1.32
2350,2021-02-04,PAB,1968,598,1370,8,1960,0,ITH,ITH1,4,Provincia Autonoma Bolzano / Bozen,P.A. Bolzano,533050,125471,23.54,0.37
2351,2021-07-11,PAB,6075,3094,2981,1087,4879,109,ITH,ITH1,4,Provincia Autonoma Bolzano / Bozen,P.A. Bolzano,533050,131546,24.68,1.14
2352,2021-04-02,PAB,2090,841,1249,701,1357,32,ITH,ITH1,4,Provincia Autonoma Bolzano / Bozen,P.A. Bolzano,533050,133636,25.07,0.39
2353,2021-09-06,PAB,1128,582,546,575,534,19,ITH,ITH1,4,Provincia Autonoma Bolzano / Bozen,P.A. Bolzano,533050,134764,25.28,0.21
2354,2021-05-29,PAB,7341,3908,3433,4045,3144,152,ITH,ITH1,4,Provincia Autonoma Bolzano / Bozen,P.A. Bolzano,533050,142105,26.66,1.38
2355,2021-09-04,PAB,1358,714,644,578,747,33,ITH,ITH1,4,Provincia Autonoma Bolzano / Bozen,P.A. Bolzano,533050,143463,26.91,0.25
2356,2021-03-05,PAB,1843,627,1216,1397,443,3,ITH,ITH1,4,Provincia Autonoma Bolzano / Bozen,P.A. Bolzano,533050,145306,27.26,0.35
2357,2021-05-27,PAB,6211,3276,2935,3914,2014,283,ITH,ITH1,4,Provincia Autonoma Bolzano / Bozen,P.A. Bolzano,533050,151517,28.42,1.17
2358,2021-06-13,PAB,3689,2055,1634,453,3197,39,ITH,ITH1,4,Provincia Autonoma Bolzano / Bozen,P.A. Bolzano,533050,155206,29.12,0.69
2359,2021-05-25,PAB,3898,2024,1874,2910,888,100,ITH,ITH1,4,Provincia Autonoma Bolzano / Bozen,P.A. Bolzano,533050,159104,29.85,0.73
2360,2021-02-14,PAB,299,131,168,297,2,0,ITH,ITH1,4,Provincia Autonoma Bolzano / Bozen,P.A. Bolzano,533050,159403,29.9,0.06
2361,2021-08-16,PAB,1963,1114,849,875,1084,4,ITH,ITH1,4,Provincia Autonoma Bolzano / Bozen,P.A. Bolzano,533050,161366,30.27,0.37
2362,2021-05-08,PAB,4430,2383,2047,3574,664,192,ITH,ITH1,4,Provincia Autonoma Bolzano / Bozen,P.A. Bolzano,533050,165796,31.1,0.83
2363,2021-03-03,PAB,1181,395,786,1168,13,0,ITH,ITH1,4,Provincia Autonoma Bolzano / Bozen,P.A. Bolzano,533050,166977,31.32,0.22
2364,2021-08-06,PAB,3641,1918,1723,1201,2430,10,ITH,ITH1,4,Provincia Autonoma Bolzano / Bozen,P.A. Bolzano,533050,170618,32.01,0.68
2365,2021-04-28,PAB,2469,1307,1162,2459,5,5,ITH,ITH1,4,Provincia Autonoma Bolzano / Bozen,P.A. Bolzano,533050,173087,32.47,0.46
2366,2021-06-20,PAB,5250,2854,2396,620,4604,26,ITH,ITH1,4,Provincia Autonoma Bolzano / Bozen,P.A. Bolzano,533050,178337,33.46,0.98
2367,2021-02-07,PAB,2680,1186,1494,330,2350,0,ITH,ITH1,4,Provincia Autonoma Bolzano / Bozen,P.A. Bolzano,533050,181017,33.96,0.5
2368,2021-05-18,PAB,3364,1765,1599,2091,1191,82,ITH,ITH1,4,Provincia Autonoma Bolzano / Bozen,P.A. Bolzano,533050,184381,34.59,0.63
2369,2021-01-26,PAB,810,291,519,1,809,0,ITH,ITH1,4,Provincia Autonoma Bolzano / Bozen,P.A. Bolzano,533050,185191,34.74,0.15
2370,2021-07-02,PAB,3202,1658,1544,855,2171,176,ITH,ITH1,4,Provincia Autonoma Bolzano / Bozen,P.A. Bolzano,533050,188393,35.34,0.6
2371,2021-03-24,PAB,2068,1003,1065,2049,13,6,ITH,ITH1,4,Provincia Autonoma Bolzano / Bozen,P.A. Bolzano,533050,190461,35.73,0.39
2372,2021-03-10,PAB,1277,537,740,1133,144,0,ITH,ITH1,4,Provincia Autonoma Bolzano / Bozen,P.A. Bolzano,533050,191738,35.97,0.24
2373,2021-03-31,PAB,1836,696,1140,822,1014,0,ITH,ITH1,4,Provincia Autonoma Bolzano / Bozen,P.A. Bolzano,533050,193574,36.31,0.34
2374,2021-07-23,PAB,4358,2376,1982,1706,2391,261,ITH,ITH1,4,Provincia Autonoma Bolzano / Bozen,P.A. Bolzano,533050,197932,37.13,0.82
2375,2021-01-05,PAB,830,286,544,829,0,1,ITH,ITH1,4,Provincia Autonoma Bolzano / Bozen,P.A. Bolzano,533050,198762,37.29,0.16
2376,2021-01-23,PAB,197,117,80,0,197,0,ITH,ITH1,4,Provincia Autonoma Bolzano / Bozen,P.A. Bolzano,533050,198959,37.32,0.04
2377,2021-06-17,PAB,1773,982,791,623,1078,72,ITH,ITH1,4,Provincia Autonoma Bolzano / Bozen,P.A. Bolzano,533050,200732,37.66,0.33
2378,2021-01-02,PAB,91,48,43,91,0,0,ITH,ITH1,4,Provincia Autonoma Bolzano / Bozen,P.A. Bolzano,533050,200823,37.67,0.02
2379,2021-06-26,PAB,4548,2331,2217,1365,3077,106,ITH,ITH1,4,Provincia Autonoma Bolzano / Bozen,P.A. Bolzano,533050,205371,38.53,0.85
2380,2021-07-01,PAB,4640,2305,2335,1311,3167,162,ITH,ITH1,4,Provincia Autonoma Bolzano / Bozen,P.A. Bolzano,533050,210011,39.4,0.87
2381,2021-03-04,PAB,1723,1011,712,1490,229,4,ITH,ITH1,4,Provincia Autonoma Bolzano / Bozen,P.A. Bolzano,533050,211734,39.72,0.32
2382,2021-09-05,PAB,1081,573,508,644,422,15,ITH,ITH1,4,Provincia Autonoma Bolzano / Bozen,P.A. Bolzano,533050,212815,39.92,0.2
2383,2021-09-03,PAB,3228,1708,1520,1067,2112,49,ITH,ITH1,4,Provincia Autonoma Bolzano / Bozen,P.A. Bolzano,533050,216043,40.53,0.61
2384,2021-05-26,PAB,5019,2537,2482,2870,1978,171,ITH,ITH1,4,Provincia Autonoma Bolzano / Bozen,P.A. Bolzano,533050,221062,41.47,0.94
2385,2021-08-17,PAB,1250,690,560,855,391,4,ITH,ITH1,4,Provincia Autonoma Bolzano / Bozen,P.A. Bolzano,533050,222312,41.71,0.23
2386,2021-03-26,PAB,1663,737,926,525,1136,2,ITH,ITH1,4,Provincia Autonoma Bolzano / Bozen,P.A. Bolzano,533050,223975,42.02,0.31
2387,2021-04-09,PAB,2942,1303,1639,2211,730,1,ITH,ITH1,4,Provincia Autonoma Bolzano / Bozen,P.A. Bolzano,533050,226917,42.57,0.55
2388,2021-05-22,PAB,6844,3572,3272,4479,2169,196,ITH,ITH1,4,Provincia Autonoma Bolzano / Bozen,P.A. Bolzano,533050,233761,43.85,1.28
2389,2021-02-11,PAB,1096,433,663,239,857,0,ITH,ITH1,4,Provincia Autonoma Bolzano / Bozen,P.A. Bolzano,533050,234857,44.06,0.21
2390,2021-07-18,PAB,1870,1033,837,649,1150,71,ITH,ITH1,4,Provincia Autonoma Bolzano / Bozen,P.A. Bolzano,533050,236727,44.41,0.35
2391,2021-02-18,PAB,1838,457,1381,1830,7,1,ITH,ITH1,4,Provincia Autonoma Bolzano / Bozen,P.A. Bolzano,533050,238565,44.75,0.34
2392,2021-07-29,PAB,1340,717,623,718,570,52,ITH,ITH1,4,Provincia Autonoma Bolzano / Bozen,P.A. Bolzano,533050,239905,45.01,0.25
2393,2021-08-09,PAB,1541,861,680,1121,413,7,ITH,ITH1,4,Provincia Autonoma Bolzano / Bozen,P.A. Bolzano,533050,241446,45.3,0.29
2394,2021-05-01,PAB,2105,1067,1038,1815,160,130,ITH,ITH1,4,Provincia Autonoma Bolzano / Bozen,P.A. Bolzano,533050,243551,45.69,0.39
2395,2021-03-12,PAB,1668,736,932,1252,413,3,ITH,ITH1,4,Provincia Autonoma Bolzano / Bozen,P.A. Bolzano,533050,245219,46.0,0.31
2396,2021-03-29,PAB,1173,500,673,411,761,1,ITH,ITH1,4,Provincia Autonoma Bolzano / Bozen,P.A. Bolzano,533050,246392,46.22,0.22
2397,2021-03-18,PAB,1302,531,771,226,1076,0,ITH,ITH1,4,Provincia Autonoma Bolzano / Bozen,P.A. Bolzano,533050,247694,46.47,0.24
2398,2021-08-22,PAB,992,545,447,306,685,1,ITH,ITH1,4,Provincia Autonoma Bolzano / Bozen,P.A. Bolzano,533050,248686,46.65,0.19
2399,2021-05-14,PAB,5145,2323,2822,2905,2044,196,ITH,ITH1,4,Provincia Autonoma Bolzano / Bozen,P.A. Bolzano,533050,253831,47.62,0.97
2400,2021-03-16,PAB,1290,532,758,124,1166,0,ITH,ITH1,4,Provincia Autonoma Bolzano / Bozen,P.A. Bolzano,533050,255121,47.86,0.24
2401,2021-05-12,PAB,3805,2063,1742,3422,154,229,ITH,ITH1,4,Provincia Autonoma Bolzano / Bozen,P.A. Bolzano,533050,258926,48.57,0.71
2402,2021-02-01,PAB,1467,448,1019,14,1453,0,ITH,ITH1,4,Provincia Autonoma Bolzano / Bozen,P.A. Bolzano,533050,260393,48.85,0.28
2403,2021-08-29,PAB,868,479,389,358,498,12,ITH,ITH1,4,Provincia Autonoma Bolzano / Bozen,P.A. Bolzano,533050,261261,49.01,0.16
2404,2021-03-09,PAB,1194,543,651,1192,2,0,ITH,ITH1,4,Provincia Autonoma Bolzano / Bozen,P.A. Bolzano,533050,262455,49.24,0.22
2405,2021-05-23,PAB,4343,2305,2038,4141,8,194,ITH,ITH1,4,Provincia Autonoma Bolzano / Bozen,P.A. Bolzano,533050,266798,50.05,0.81
2406,2021-06-14,PAB,2984,1617,1367,577,2361,46,ITH,ITH1,4,Provincia Autonoma Bolzano / Bozen,P.A. Bolzano,533050,269782,50.61,0.56
2407,2021-08-08,PAB,1875,1024,851,1008,855,12,ITH,ITH1,4,Provincia Autonoma Bolzano / Bozen,P.A. Bolzano,533050,271657,50.96,0.35
2408,2021-01-21,PAB,969,452,517,140,829,0,ITH,ITH1,4,Provincia Autonoma Bolzano / Bozen,P.A. Bolzano,533050,272626,51.14,0.18
2409,2021-07-25,PAB,1892,1127,765,666,1146,80,ITH,ITH1,4,Provincia Autonoma Bolzano / Bozen,P.A. Bolzano,533050,274518,51.5,0.35
2410,2021-05-06,PAB,5191,2752,2439,2375,2571,245,ITH,ITH1,4,Provincia Autonoma Bolzano / Bozen,P.A. Bolzano,533050,279709,52.47,0.97
2411,2021-03-17,PAB,581,213,368,580,1,0,ITH,ITH1,4,Provincia Autonoma Bolzano / Bozen,P.A. Bolzano,533050,280290,52.58,0.11
2412,2021-08-21,PAB,1703,917,786,625,1074,4,ITH,ITH1,4,Provincia Autonoma Bolzano / Bozen,P.A. Bolzano,533050,281993,52.9,0.32
2413,2021-05-13,PAB,3005,1360,1645,1023,1934,48,ITH,ITH1,4,Provincia Autonoma Bolzano / Bozen,P.A. Bolzano,533050,284998,53.47,0.56
2414,2021-04-29,PAB,2643,1358,1285,1943,699,1,ITH,ITH1,4,Provincia Autonoma Bolzano / Bozen,P.A. Bolzano,533050,287641,53.96,0.5
2415,2020-12-30,PAB,389,183,206,389,0,0,ITH,ITH1,4,Provincia Autonoma Bolzano / Bozen,P.A. Bolzano,533050,288030,54.03,0.07
2416,2021-09-10,PAB,350,191,159,166,184,0,ITH,ITH1,4,Provincia Autonoma Bolzano / Bozen,P.A. Bolzano,533050,288380,54.1,0.07
2417,2021-06-09,PAB,3870,1919,1951,1266,2498,106,ITH,ITH1,4,Provincia Autonoma Bolzano / Bozen,P.A. Bolzano,533050,292250,54.83,0.73
2418,2021-03-01,PAB,925,224,701,923,1,1,ITH,ITH1,4,Provincia Autonoma Bolzano / Bozen,P.A. Bolzano,533050,293175,55.0,0.17
2419,2021-08-05,PAB,3471,1888,1583,1801,1580,90,ITH,ITH1,4,Provincia Autonoma Bolzano / Bozen,P.A. Bolzano,533050,296646,55.65,0.65
2420,2021-03-15,PAB,1194,452,742,711,482,1,ITH,ITH1,4,Provincia Autonoma Bolzano / Bozen,P.A. Bolzano,533050,297840,55.87,0.22
2421,2021-08-25,PAB,2733,1453,1280,779,1914,40,ITH,ITH1,4,Provincia Autonoma Bolzano / Bozen,P.A. Bolzano,533050,300573,56.39,0.51
2422,2021-05-03,PAB,1838,851,987,398,1419,21,ITH,ITH1,4,Provincia Autonoma Bolzano / Bozen,P.A. Bolzano,533050,302411,56.73,0.34
2423,2021-02-23,PAB,769,324,445,763,6,0,ITH,ITH1,4,Provincia Autonoma Bolzano / Bozen,P.A. Bolzano,533050,303180,56.88,0.14
2424,2021-05-17,PAB,3154,1525,1629,2288,697,169,ITH,ITH1,4,Provincia Autonoma Bolzano / Bozen,P.A. Bolzano,533050,306334,57.47,0.59
2425,2021-06-03,PAB,4890,2663,2227,3691,972,227,ITH,ITH1,4,Provincia Autonoma Bolzano / Bozen,P.A. Bolzano,533050,311224,58.39,0.92
2426,2021-07-06,PAB,1724,926,798,691,983,50,ITH,ITH1,4,Provincia Autonoma Bolzano / Bozen,P.A. Bolzano,533050,312948,58.71,0.32
2427,2021-07-19,PAB,2782,1395,1387,625,2047,110,ITH,ITH1,4,Provincia Autonoma Bolzano / Bozen,P.A. Bolzano,533050,315730,59.23,0.52
2428,2021-02-03,PAB,1507,480,1027,5,1502,0,ITH,ITH1,4,Provincia Autonoma Bolzano / Bozen,P.A. Bolzano,533050,317237,59.51,0.28
2429,2021-02-10,PAB,1637,605,1032,27,1610,0,ITH,ITH1,4,Provincia Autonoma Bolzano / Bozen,P.A. Bolzano,533050,318874,59.82,0.31
2430,2021-08-31,PAB,2029,1095,934,751,1260,18,ITH,ITH1,4,Provincia Autonoma Bolzano / Bozen,P.A. Bolzano,533050,320903,60.2,0.38
2431,2021-06-05,PAB,6087,3035,3052,4700,1097,290,ITH,ITH1,4,Provincia Autonoma Bolzano / Bozen,P.A. Bolzano,533050,326990,61.34,1.14
2432,2021-08-27,PAB,2733,1419,1314,925,1729,79,ITH,ITH1,4,Provincia Autonoma Bolzano / Bozen,P.A. Bolzano,533050,329723,61.86,0.51
2433,2021-01-19,PAB,853,371,482,723,130,0,ITH,ITH1,4,Provincia Autonoma Bolzano / Bozen,P.A. Bolzano,533050,330576,62.02,0.16
2434,2021-06-25,PAB,4179,2308,1871,1025,3014,140,ITH,ITH1,4,Provincia Autonoma Bolzano / Bozen,P.A. Bolzano,533050,334755,62.8,0.78
2435,2021-02-09,PAB,317,126,191,1,316,0,ITH,ITH1,4,Provincia Autonoma Bolzano / Bozen,P.A. Bolzano,533050,335072,62.86,0.06
2436,2021-09-08,PAB,459,243,216,237,222,0,ITH,ITH1,4,Provincia Autonoma Bolzano / Bozen,P.A. Bolzano,533050,335531,62.95,0.09
2437,2021-07-13,PAB,3384,1732,1652,1320,1930,134,ITH,ITH1,4,Provincia Autonoma Bolzano / Bozen,P.A. Bolzano,533050,338915,63.58,0.63
2438,2021-05-21,PAB,7396,4065,3331,5230,1879,287,ITH,ITH1,4,Provincia Autonoma Bolzano / Bozen,P.A. Bolzano,533050,346311,64.97,1.39
2439,2021-08-24,PAB,1968,1027,941,565,1396,7,ITH,ITH1,4,Provincia Autonoma Bolzano / Bozen,P.A. Bolzano,533050,348279,65.34,0.37
2440,2021-05-16,PAB,2029,935,1094,1285,694,50,ITH,ITH1,4,Provincia Autonoma Bolzano / Bozen,P.A. Bolzano,533050,350308,65.72,0.38
2441,2021-04-30,PAB,3348,1599,1749,1567,1778,3,ITH,ITH1,4,Provincia Autonoma Bolzano / Bozen,P.A. Bolzano,533050,353656,66.35,0.63
2442,2021-01-20,PAB,619,254,365,410,209,0,ITH,ITH1,4,Provincia Autonoma Bolzano / Bozen,P.A. Bolzano,533050,354275,66.46,0.12
2443,2021-07-22,PAB,3736,1941,1795,1735,1789,212,ITH,ITH1,4,Provincia Autonoma Bolzano / Bozen,P.A. Bolzano,533050,358011,67.16,0.7
2444,2021-01-06,PAB,59,18,41,59,0,0,ITH,ITH1,4,Provincia Autonoma Bolzano / Bozen,P.A. Bolzano,533050,358070,67.17,0.01
2445,2021-03-30,PAB,1302,532,770,220,1082,0,ITH,ITH1,4,Provincia Autonoma Bolzano / Bozen,P.A. Bolzano,533050,359372,67.42,0.24
2446,2021-04-16,PAB,2958,1424,1534,2445,512,1,ITH,ITH1,4,Provincia Autonoma Bolzano / Bozen,P.A. Bolzano,533050,362330,67.97,0.55
2447,2021-02-15,PAB,72,42,30,26,46,0,ITH,ITH1,4,Provincia Autonoma Bolzano / Bozen,P.A. Bolzano,533050,362402,67.99,0.01
2448,2021-08-19,PAB,1748,964,784,1127,614,7,ITH,ITH1,4,Provincia Autonoma Bolzano / Bozen,P.A. Bolzano,533050,364150,68.31,0.33
2449,2021-05-11,PAB,2854,1338,1516,1262,1523,69,ITH,ITH1,4,Provincia Autonoma Bolzano / Bozen,P.A. Bolzano,533050,367004,68.85,0.54
2450,2021-07-31,PAB,3168,1720,1448,2109,924,135,ITH,ITH1,4,Provincia Autonoma Bolzano / Bozen,P.A. Bolzano,533050,370172,69.44,0.59
2451,2021-01-29,PAB,1515,518,997,24,1491,0,ITH,ITH1,4,Provincia Autonoma Bolzano / Bozen,P.A. Bolzano,533050,371687,69.73,0.28
2452,2021-04-22,PAB,2939,1512,1427,1993,942,4,ITH,ITH1,4,Provincia Autonoma Bolzano / Bozen,P.A. Bolzano,533050,374626,70.28,0.55
2453,2021-05-09,PAB,4243,2410,1833,2935,1150,158,ITH,ITH1,4,Provincia Autonoma Bolzano / Bozen,P.A. Bolzano,533050,378869,71.08,0.8
2454,2021-08-20,PAB,3928,2071,1857,946,2972,10,ITH,ITH1,4,Provincia Autonoma Bolzano / Bozen,P.A. Bolzano,533050,382797,71.81,0.74
2455,2021-04-27,PAB,2235,1015,1220,1156,1079,0,ITH,ITH1,4,Provincia Autonoma Bolzano / Bozen,P.A. Bolzano,533050,385032,72.23,0.42
2456,2021-01-17,PAB,2329,1044,1285,2318,11,0,ITH,ITH1,4,Provincia Autonoma Bolzano / Bozen,P.A. Bolzano,533050,387361,72.67,0.44
2457,2021-06-23,PAB,1153,595,558,333,768,52,ITH,ITH1,4,Provincia Autonoma Bolzano / Bozen,P.A. Bolzano,533050,388514,72.89,0.22
2458,2021-04-20,PAB,1565,785,780,1562,3,0,ITH,ITH1,4,Provincia Autonoma Bolzano / Bozen,P.A. Bolzano,533050,390079,73.18,0.29
2459,2021-03-06,PAB,3976,2082,1894,3763,211,2,ITH,ITH1,4,Provincia Autonoma Bolzano / Bozen,P.A. Bolzano,533050,394055,73.92,0.75
2460,2021-05-28,PAB,7466,3942,3524,5369,1895,202,ITH,ITH1,4,Provincia Autonoma Bolzano / Bozen,P.A. Bolzano,533050,401521,75.33,1.4
2461,2021-02-17,PAB,156,51,105,139,17,0,ITH,ITH1,4,Provincia Autonoma Bolzano / Bozen,P.A. Bolzano,533050,401677,75.35,0.03
2462,2021-06-22,PAB,2471,1423,1048,319,2126,26,ITH,ITH1,4,Provincia Autonoma Bolzano / Bozen,P.A. Bolzano,533050,404148,75.82,0.46
2463,2021-03-14,PAB,758,336,422,25,733,0,ITH,ITH1,4,Provincia Autonoma Bolzano / Bozen,P.A. Bolzano,533050,404906,75.96,0.14
2464,2021-04-14,PAB,3603,1650,1953,3507,95,1,ITH,ITH1,4,Provincia Autonoma Bolzano / Bozen,P.A. Bolzano,533050,408509,76.64,0.68
2465,2021-01-04,PAB,510,201,309,510,0,0,ITH,ITH1,4,Provincia Autonoma Bolzano / Bozen,P.A. Bolzano,533050,409019,76.73,0.1
2466,2021-07-08,PAB,5512,2783,2729,550,4887,75,ITH,ITH1,4,Provincia Autonoma Bolzano / Bozen,P.A. Bolzano,533050,414531,77.77,1.03
2467,2021-06-19,PAB,5666,3018,2648,555,5039,72,ITH,ITH1,4,Provincia Autonoma Bolzano / Bozen,P.A. Bolzano,533050,420197,78.83,1.06
2468,2021-03-11,PAB,1691,830,861,1144,538,9,ITH,ITH1,4,Provincia Autonoma Bolzano / Bozen,P.A. Bolzano,533050,421888,79.15,0.32
2469,2021-02-25,PAB,1498,549,949,1497,1,0,ITH,ITH1,4,Provincia Autonoma Bolzano / Bozen,P.A. Bolzano,533050,423386,79.43,0.28
2470,2021-06-02,PAB,1468,824,644,978,459,31,ITH,ITH1,4,Provincia Autonoma Bolzano / Bozen,P.A. Bolzano,533050,424854,79.7,0.28
2471,2021-02-08,PAB,2,1,1,1,1,0,ITH,ITH1,4,Provincia Autonoma Bolzano / Bozen,P.A. Bolzano,533050,424856,79.7,0.0
2472,2021-05-10,PAB,3029,1306,1723,1338,1611,80,ITH,ITH1,4,Provincia Autonoma Bolzano / Bozen,P.A. Bolzano,533050,427885,80.27,0.57
2473,2021-08-01,PAB,1318,759,559,709,551,58,ITH,ITH1,4,Provincia Autonoma Bolzano / Bozen,P.A. Bolzano,533050,429203,80.52,0.25
2474,2021-08-18,PAB,881,461,420,380,498,3,ITH,ITH1,4,Provincia Autonoma Bolzano / Bozen,P.A. Bolzano,533050,430084,80.68,0.17
2475,2021-02-16,PAB,530,205,325,530,0,0,ITH,ITH1,4,Provincia Autonoma Bolzano / Bozen,P.A. Bolzano,533050,430614,80.78,0.1
2476,2021-01-28,PAB,872,309,563,9,863,0,ITH,ITH1,4,Provincia Autonoma Bolzano / Bozen,P.A. Bolzano,533050,431486,80.95,0.16
2477,2021-02-02,PAB,1752,509,1243,8,1744,0,ITH,ITH1,4,Provincia Autonoma Bolzano / Bozen,P.A. Bolzano,533050,433238,81.28,0.33
2478,2021-07-20,PAB,3134,1730,1404,1402,1524,208,ITH,ITH1,4,Provincia Autonoma Bolzano / Bozen,P.A. Bolzano,533050,436372,81.86,0.59
2479,2021-09-01,PAB,1058,503,555,596,450,12,ITH,ITH1,4,Provincia Autonoma Bolzano / Bozen,P.A. Bolzano,533050,437430,82.06,0.2
2480,2021-01-10,PAB,2,2,0,2,0,0,ITH,ITH1,4,Provincia Autonoma Bolzano / Bozen,P.A. Bolzano,533050,437432,82.06,0.0
2481,2021-06-16,PAB,3823,2028,1795,11,3807,5,ITH,ITH1,4,Provincia Autonoma Bolzano / Bozen,P.A. Bolzano,533050,441255,82.78,0.72
2482,2021-03-08,PAB,1213,535,678,1185,27,1,ITH,ITH1,4,Provincia Autonoma Bolzano / Bozen,P.A. Bolzano,533050,442468,83.01,0.23
2483,2021-08-12,PAB,3364,1723,1641,648,2711,5,ITH,ITH1,4,Provincia Autonoma Bolzano / Bozen,P.A. Bolzano,533050,445832,83.64,0.63
2484,2021-05-04,PAB,3453,1845,1608,2270,1038,145,ITH,ITH1,4,Provincia Autonoma Bolzano / Bozen,P.A. Bolzano,533050,449285,84.29,0.65
2485,2021-02-06,PAB,2633,1176,1457,19,2614,0,ITH,ITH1,4,Provincia Autonoma Bolzano / Bozen,P.A. Bolzano,533050,451918,84.78,0.49
2486,2021-06-21,PAB,3168,1615,1553,260,2868,40,ITH,ITH1,4,Provincia Autonoma Bolzano / Bozen,P.A. Bolzano,533050,455086,85.37,0.59
2487,2021-05-31,PAB,3068,1514,1554,2087,868,113,ITH,ITH1,4,Provincia Autonoma Bolzano / Bozen,P.A. Bolzano,533050,458154,85.95,0.58
2488,2021-01-01,PAB,6,5,1,6,0,0,ITH,ITH1,4,Provincia Autonoma Bolzano / Bozen,P.A. Bolzano,533050,458160,85.95,0.0
2489,2021-06-07,PAB,2987,1554,1433,2523,324,140,ITH,ITH1,4,Provincia Autonoma Bolzano / Bozen,P.A. Bolzano,533050,461147,86.51,0.56
2490,2021-02-27,PAB,2458,759,1699,2448,10,0,ITH,ITH1,4,Provincia Autonoma Bolzano / Bozen,P.A. Bolzano,533050,463605,86.97,0.46
2491,2021-05-19,PAB,3887,1997,1890,1964,1789,134,ITH,ITH1,4,Provincia Autonoma Bolzano / Bozen,P.A. Bolzano,533050,467492,87.7,0.73
2492,2021-01-03,PAB,41,16,25,41,0,0,ITH,ITH1,4,Provincia Autonoma Bolzano / Bozen,P.A. Bolzano,533050,467533,87.71,0.01
2493,2021-04-13,PAB,2400,1134,1266,2393,7,0,ITH,ITH1,4,Provincia Autonoma Bolzano / Bozen,P.A. Bolzano,533050,469933,88.16,0.45
2494,2021-04-25,PAB,3078,1501,1577,2405,672,1,ITH,ITH1,4,Provincia Autonoma Bolzano / Bozen,P.A. Bolzano,533050,473011,88.74,0.58
2495,2021-08-03,PAB,2948,1585,1363,1979,838,131,ITH,ITH1,4,Provincia Autonoma Bolzano / Bozen,P.A. Bolzano,533050,475959,89.29,0.55
2496,2021-01-13,PAB,1727,569,1158,1727,0,0,ITH,ITH1,4,Provincia Autonoma Bolzano / Bozen,P.A. Bolzano,533050,477686,89.61,0.32
2497,2021-02-13,PAB,318,79,239,312,6,0,ITH,ITH1,4,Provincia Autonoma Bolzano / Bozen,P.A. Bolzano,533050,478004,89.67,0.06
2498,2021-04-11,PAB,2734,1301,1433,2555,178,1,ITH,ITH1,4,Provincia Autonoma Bolzano / Bozen,P.A. Bolzano,533050,480738,90.19,0.51
2499,2021-05-24,PAB,1459,769,690,1061,335,63,ITH,ITH1,4,Provincia Autonoma Bolzano / Bozen,P.A. Bolzano,533050,482197,90.46,0.27
2500,2021-02-20,PAB,1802,540,1262,1784,18,0,ITH,ITH1,4,Provincia Autonoma Bolzano / Bozen,P.A. Bolzano,533050,483999,90.8,0.34
2501,2021-03-28,PAB,569,212,357,11,558,0,ITH,ITH1,4,Provincia Autonoma Bolzano / Bozen,P.A. Bolzano,533050,484568,90.9,0.11
2502,2021-08-10,PAB,1851,1016,835,1560,281,10,ITH,ITH1,4,Provincia Autonoma Bolzano / Bozen,P.A. Bolzano,533050,486419,91.25,0.35
2503,2021-07-26,PAB,1628,940,688,1125,411,92,ITH,ITH1,4,Provincia Autonoma Bolzano / Bozen,P.A. Bolzano,533050,488047,91.56,0.31
2504,2021-02-22,PAB,526,143,383,514,12,0,ITH,ITH1,4,Provincia Autonoma Bolzano / Bozen,P.A. Bolzano,533050,488573,91.66,0.1
2505,2021-08-26,PAB,2237,1132,1105,829,1357,51,ITH,ITH1,4,Provincia Autonoma Bolzano / Bozen,P.A. Bolzano,533050,490810,92.08,0.42
2506,2021-07-07,PAB,1993,1033,960,600,1336,57,ITH,ITH1,4,Provincia Autonoma Bolzano / Bozen,P.A. Bolzano,533050,492803,92.45,0.37
2507,2021-01-30,PAB,498,245,253,4,494,0,ITH,ITH1,4,Provincia Autonoma Bolzano / Bozen,P.A. Bolzano,533050,493301,92.54,0.09
2508,2021-04-23,PAB,4554,2157,2397,3258,1293,3,ITH,ITH1,4,Provincia Autonoma Bolzano / Bozen,P.A. Bolzano,533050,497855,93.4,0.85
2509,2021-01-11,PAB,1594,522,1072,1594,0,0,ITH,ITH1,4,Provincia Autonoma Bolzano / Bozen,P.A. Bolzano,533050,499449,93.7,0.3
2510,2021-07-15,PAB,4397,2320,2077,1512,2703,182,ITH,ITH1,4,Provincia Autonoma Bolzano / Bozen,P.A. Bolzano,533050,503846,94.52,0.82
2511,2021-04-06,PAB,2254,1120,1134,2151,102,1,ITH,ITH1,4,Provincia Autonoma Bolzano / Bozen,P.A. Bolzano,533050,506100,94.94,0.42
2512,2021-07-27,PAB,3157,1885,1272,908,2181,68,ITH,ITH1,4,Provincia Autonoma Bolzano / Bozen,P.A. Bolzano,533050,509257,95.54,0.59
2513,2021-04-18,PAB,3116,1611,1505,2104,1011,1,ITH,ITH1,4,Provincia Autonoma Bolzano / Bozen,P.A. Bolzano,533050,512373,96.12,0.58
2514,2021-01-15,PAB,3292,1234,2058,3292,0,0,ITH,ITH1,4,Provincia Autonoma Bolzano / Bozen,P.A. Bolzano,533050,515665,96.74,0.62
2515,2021-08-14,PAB,2060,1120,940,786,1271,3,ITH,ITH1,4,Provincia Autonoma Bolzano / Bozen,P.A. Bolzano,533050,517725,97.13,0.39
2516,2021-06-04,PAB,6721,3388,3333,4950,1537,234,ITH,ITH1,4,Provincia Autonoma Bolzano / Bozen,P.A. Bolzano,533050,524446,98.39,1.26
2517,2021-02-24,PAB,1368,407,961,1356,12,0,ITH,ITH1,4,Provincia Autonoma Bolzano / Bozen,P.A. Bolzano,533050,525814,98.64,0.26
2518,2021-03-27,PAB,3053,1554,1499,1544,1508,1,ITH,ITH1,4,Provincia Autonoma Bolzano / Bozen,P.A. Bolzano,533050,528867,99.22,0.57
2519,2021-03-13,PAB,2886,1460,1426,2785,101,0,ITH,ITH1,4,Provincia Autonoma Bolzano / Bozen,P.A. Bolzano,533050,531753,99.76,0.54
2520,2021-07-17,PAB,3147,1801,1346,706,2352,89,ITH,ITH1,4,Provincia Autonoma Bolzano / Bozen,P.A. Bolzano,533050,534900,100.35,0.59
2521,2021-04-08,PAB,2797,1361,1436,2588,204,5,ITH,ITH1,4,Provincia Autonoma Bolzano / Bozen,P.A. Bolzano,533050,537697,100.87,0.52
2522,2021-06-18,PAB,4544,2351,2193,1466,2912,166,ITH,ITH1,4,Provincia Autonoma Bolzano / Bozen,P.A. Bolzano,533050,542241,101.72,0.85
2523,2021-01-08,PAB,1537,484,1053,1537,0,0,ITH,ITH1,4,Provincia Autonoma Bolzano / Bozen,P.A. Bolzano,533050,543778,102.01,0.29
2524,2021-08-07,PAB,2376,1353,1023,1691,665,20,ITH,ITH1,4,Provincia Autonoma Bolzano / Bozen,P.A. Bolzano,533050,546154,102.46,0.45
2525,2021-02-05,PAB,3203,1188,2015,8,3195,0,ITH,ITH1,4,Provincia Autonoma Bolzano / Bozen,P.A. Bolzano,533050,549357,103.06,0.6
2526,2021-04-15,PAB,4410,2314,2096,4141,266,3,ITH,ITH1,4,Provincia Autonoma Bolzano / Bozen,P.A. Bolzano,533050,553767,103.89,0.83
2527,2021-07-24,PAB,4830,2848,1982,1383,3330,117,ITH,ITH1,4,Provincia Autonoma Bolzano / Bozen,P.A. Bolzano,533050,558597,104.79,0.91
2528,2021-05-02,PAB,2453,1284,1169,1431,915,107,ITH,ITH1,4,Provincia Autonoma Bolzano / Bozen,P.A. Bolzano,533050,561050,105.25,0.46
2529,2021-01-22,PAB,248,143,105,124,124,0,ITH,ITH1,4,Provincia Autonoma Bolzano / Bozen,P.A. Bolzano,533050,561298,105.3,0.05
2530,2020-12-27,PAB,144,65,79,144,0,0,ITH,ITH1,4,Provincia Autonoma Bolzano / Bozen,P.A. Bolzano,533050,561442,105.33,0.03
2531,2021-06-30,PAB,3064,1565,1499,399,2608,57,ITH,ITH1,4,Provincia Autonoma Bolzano / Bozen,P.A. Bolzano,533050,564506,105.9,0.57
2532,2021-06-11,PAB,5841,3006,2835,2140,3486,215,ITH,ITH1,4,Provincia Autonoma Bolzano / Bozen,P.A. Bolzano,533050,570347,107.0,1.1
2533,2021-09-02,PAB,1207,626,581,714,467,26,ITH,ITH1,4,Provincia Autonoma Bolzano / Bozen,P.A. Bolzano,533050,571554,107.22,0.23
2534,2021-03-20,PAB,1760,851,909,1130,625,5,ITH,ITH1,4,Provincia Autonoma Bolzano / Bozen,P.A. Bolzano,533050,573314,107.55,0.33
2535,2021-06-28,PAB,4614,2308,2306,217,4373,24,ITH,ITH1,4,Provincia Autonoma Bolzano / Bozen,P.A. Bolzano,533050,577928,108.42,0.87
2536,2021-01-16,PAB,2841,1265,1576,2841,0,0,ITH,ITH1,4,Provincia Autonoma Bolzano / Bozen,P.A. Bolzano,533050,580769,108.95,0.53
2537,2021-06-10,PAB,4498,2334,2164,1308,3098,92,ITH,ITH1,4,Provincia Autonoma Bolzano / Bozen,P.A. Bolzano,533050,585267,109.8,0.84
2538,2021-08-13,PAB,2912,1557,1355,1600,1301,11,ITH,ITH1,4,Provincia Autonoma Bolzano / Bozen,P.A. Bolzano,533050,588179,110.34,0.55
2539,2021-04-26,PAB,1550,776,774,1544,5,1,ITH,ITH1,4,Provincia Autonoma Bolzano / Bozen,P.A. Bolzano,533050,589729,110.63,0.29
2540,2021-07-10,PAB,5813,3001,2812,952,4749,112,ITH,ITH1,4,Provincia Autonoma Bolzano / Bozen,P.A. Bolzano,533050,595542,111.72,1.09
2541,2021-01-18,PAB,1777,689,1088,1772,5,0,ITH,ITH1,4,Provincia Autonoma Bolzano / Bozen,P.A. Bolzano,533050,597319,112.06,0.33
2542,2021-08-15,PAB,616,333,283,282,334,0,ITH,ITH1,4,Provincia Autonoma Bolzano / Bozen,P.A. Bolzano,533050,597935,112.17,0.12
2543,2021-05-07,PAB,4200,2063,2137,3398,528,274,ITH,ITH1,4,Provincia Autonoma Bolzano / Bozen,P.A. Bolzano,533050,602135,112.96,0.79
2544,2021-07-03,PAB,5639,2793,2846,968,4566,105,ITH,ITH1,4,Provincia Autonoma Bolzano / Bozen,P.A. Bolzano,533050,607774,114.02,1.06
2545,2021-05-05,PAB,4161,1948,2213,1826,2118,217,ITH,ITH1,4,Provincia Autonoma Bolzano / Bozen,P.A. Bolzano,533050,611935,114.8,0.78
2546,2021-01-25,PAB,493,187,306,3,490,0,ITH,ITH1,4,Provincia Autonoma Bolzano / Bozen,P.A. Bolzano,533050,612428,114.89,0.09
2547,2021-03-23,PAB,1557,761,796,1544,1,12,ITH,ITH1,4,Provincia Autonoma Bolzano / Bozen,P.A. Bolzano,533050,613985,115.18,0.29
2548,2021-04-01,PAB,2791,1409,1382,2644,146,1,ITH,ITH1,4,Provincia Autonoma Bolzano / Bozen,P.A. Bolzano,533050,616776,115.71,0.52
2549,2021-07-05,PAB,2936,1406,1530,824,1984,128,ITH,ITH1,4,Provincia Autonoma Bolzano / Bozen,P.A. Bolzano,533050,619712,116.26,0.55
2550,2021-05-30,PAB,4793,2531,2262,733,4030,30,ITH,ITH1,4,Provincia Autonoma Bolzano / Bozen,P.A. Bolzano,533050,624505,117.16,0.9
2551,2021-07-12,PAB,3534,1755,1779,252,3243,39,ITH,ITH1,4,Provincia Autonoma Bolzano / Bozen,P.A. Bolzano,533050,628039,117.82,0.66
2552,2021-04-03,PAB,833,366,467,22,811,0,ITH,ITH1,4,Provincia Autonoma Bolzano / Bozen,P.A. Bolzano,533050,628872,117.98,0.16
2553,2021-09-07,PAB,1279,698,581,238,1041,0,ITH,ITH1,4,Provincia Autonoma Bolzano / Bozen,P.A. Bolzano,533050,630151,118.22,0.24
2554,2021-03-25,PAB,2173,1080,1093,1724,445,4,ITH,ITH1,4,Provincia Autonoma Bolzano / Bozen,P.A. Bolzano,533050,632324,118.62,0.41
2555,2021-01-27,PAB,85,29,56,2,83,0,ITH,ITH1,4,Provincia Autonoma Bolzano / Bozen,P.A. Bolzano,533050,632409,118.64,0.02
2556,2021-01-30,FVG,2285,745,1540,270,2015,0,ITH,ITH4,6,Friuli-Venezia Giulia,Friuli Venezia Giulia,1215220,2285,0.19,0.19
2557,2021-07-13,FVG,11088,5715,5373,1172,9765,151,ITH,ITH4,6,Friuli-Venezia Giulia,Friuli Venezia Giulia,1215220,13373,1.1,0.91
2558,2021-04-28,FVG,7343,3242,4101,3692,3515,136,ITH,ITH4,6,Friuli-Venezia Giulia,Friuli Venezia Giulia,1215220,20716,1.7,0.6
2559,2021-01-23,FVG,816,323,493,5,811,0,ITH,ITH4,6,Friuli-Venezia Giulia,Friuli Venezia Giulia,1215220,21532,1.77,0.07
2560,2021-07-20,FVG,9410,4932,4478,2448,6666,296,ITH,ITH4,6,Friuli-Venezia Giulia,Friuli Venezia Giulia,1215220,30942,2.55,0.77
2561,2021-08-03,FVG,10183,5365,4818,5263,4557,363,ITH,ITH4,6,Friuli-Venezia Giulia,Friuli Venezia Giulia,1215220,41125,3.38,0.84
2562,2021-04-11,FVG,3435,1519,1916,2414,907,114,ITH,ITH4,6,Friuli-Venezia Giulia,Friuli Venezia Giulia,1215220,44560,3.67,0.28
2563,2021-06-07,FVG,9231,4787,4444,7844,1001,386,ITH,ITH4,6,Friuli-Venezia Giulia,Friuli Venezia Giulia,1215220,53791,4.43,0.76
2564,2020-12-28,FVG,1,0,1,1,0,0,ITH,ITH4,6,Friuli-Venezia Giulia,Friuli Venezia Giulia,1215220,53792,4.43,0.0
2565,2021-08-29,FVG,3153,1776,1377,1797,1256,100,ITH,ITH4,6,Friuli-Venezia Giulia,Friuli Venezia Giulia,1215220,56945,4.69,0.26
2566,2021-06-24,FVG,11124,5675,5449,1898,9116,110,ITH,ITH4,6,Friuli-Venezia Giulia,Friuli Venezia Giulia,1215220,68069,5.6,0.92
2567,2021-03-16,FVG,3193,1302,1891,1023,2085,85,ITH,ITH4,6,Friuli-Venezia Giulia,Friuli Venezia Giulia,1215220,71262,5.86,0.26
2568,2021-08-20,FVG,6259,3538,2721,2688,3302,269,ITH,ITH4,6,Friuli-Venezia Giulia,Friuli Venezia Giulia,1215220,77521,6.38,0.52
2569,2021-05-12,FVG,11199,5180,6019,9352,1433,414,ITH,ITH4,6,Friuli-Venezia Giulia,Friuli Venezia Giulia,1215220,88720,7.3,0.92
2570,2021-04-04,FVG,4,2,2,2,2,0,ITH,ITH4,6,Friuli-Venezia Giulia,Friuli Venezia Giulia,1215220,88724,7.3,0.0
2571,2021-06-26,FVG,10394,5304,5090,4138,6174,82,ITH,ITH4,6,Friuli-Venezia Giulia,Friuli Venezia Giulia,1215220,99118,8.16,0.86
2572,2021-04-21,FVG,7785,3471,4314,4020,3684,81,ITH,ITH4,6,Friuli-Venezia Giulia,Friuli Venezia Giulia,1215220,106903,8.8,0.64
2573,2021-01-11,FVG,1895,613,1282,1894,0,1,ITH,ITH4,6,Friuli-Venezia Giulia,Friuli Venezia Giulia,1215220,108798,8.95,0.16
2574,2021-07-15,FVG,10096,5142,4954,946,8906,244,ITH,ITH4,6,Friuli-Venezia Giulia,Friuli Venezia Giulia,1215220,118894,9.78,0.83
2575,2021-04-23,FVG,7563,3428,4135,3521,3902,140,ITH,ITH4,6,Friuli-Venezia Giulia,Friuli Venezia Giulia,1215220,126457,10.41,0.62
2576,2021-08-01,FVG,3600,1928,1672,1478,1874,248,ITH,ITH4,6,Friuli-Venezia Giulia,Friuli Venezia Giulia,1215220,130057,10.7,0.3
2577,2021-05-05,FVG,9804,4279,5525,6081,3479,244,ITH,ITH4,6,Friuli-Venezia Giulia,Friuli Venezia Giulia,1215220,139861,11.51,0.81
2578,2021-01-25,FVG,1595,571,1024,200,1395,0,ITH,ITH4,6,Friuli-Venezia Giulia,Friuli Venezia Giulia,1215220,141456,11.64,0.13
2579,2021-07-01,FVG,12388,6446,5942,2641,9491,256,ITH,ITH4,6,Friuli-Venezia Giulia,Friuli Venezia Giulia,1215220,153844,12.66,1.02
2580,2021-03-23,FVG,3909,1697,2212,1743,2145,21,ITH,ITH4,6,Friuli-Venezia Giulia,Friuli Venezia Giulia,1215220,157753,12.98,0.32
2581,2021-01-16,FVG,1232,362,870,1232,0,0,ITH,ITH4,6,Friuli-Venezia Giulia,Friuli Venezia Giulia,1215220,158985,13.08,0.1
2582,2021-07-03,FVG,11431,6096,5335,1097,10186,148,ITH,ITH4,6,Friuli-Venezia Giulia,Friuli Venezia Giulia,1215220,170416,14.02,0.94
2583,2021-09-08,FVG,3100,1770,1330,1448,1476,176,ITH,ITH4,6,Friuli-Venezia Giulia,Friuli Venezia Giulia,1215220,173516,14.28,0.26
2584,2021-05-31,FVG,8958,4447,4511,6477,2229,252,ITH,ITH4,6,Friuli-Venezia Giulia,Friuli Venezia Giulia,1215220,182474,15.02,0.74
2585,2021-07-27,FVG,9525,4792,4733,2649,6651,225,ITH,ITH4,6,Friuli-Venezia Giulia,Friuli Venezia Giulia,1215220,191999,15.8,0.78
2586,2021-05-24,FVG,11482,5558,5924,7529,3650,303,ITH,ITH4,6,Friuli-Venezia Giulia,Friuli Venezia Giulia,1215220,203481,16.74,0.94
2587,2021-02-13,FVG,568,180,388,560,6,2,ITH,ITH4,6,Friuli-Venezia Giulia,Friuli Venezia Giulia,1215220,204049,16.79,0.05
2588,2021-08-15,FVG,1,1,0,0,1,0,ITH,ITH4,6,Friuli-Venezia Giulia,Friuli Venezia Giulia,1215220,204050,16.79,0.0
2589,2021-03-02,FVG,4224,1520,2704,2702,1500,22,ITH,ITH4,6,Friuli-Venezia Giulia,Friuli Venezia Giulia,1215220,208274,17.14,0.35
2590,2021-09-03,FVG,3997,2068,1929,2038,1693,266,ITH,ITH4,6,Friuli-Venezia Giulia,Friuli Venezia Giulia,1215220,212271,17.47,0.33
2591,2021-03-04,FVG,3461,1601,1860,2771,661,29,ITH,ITH4,6,Friuli-Venezia Giulia,Friuli Venezia Giulia,1215220,215732,17.75,0.28
2592,2021-06-12,FVG,8237,4721,3516,6795,1162,280,ITH,ITH4,6,Friuli-Venezia Giulia,Friuli Venezia Giulia,1215220,223969,18.43,0.68
2593,2021-08-22,FVG,2057,1179,878,785,1235,37,ITH,ITH4,6,Friuli-Venezia Giulia,Friuli Venezia Giulia,1215220,226026,18.6,0.17
2594,2021-05-19,FVG,12135,5992,6143,9326,2374,435,ITH,ITH4,6,Friuli-Venezia Giulia,Friuli Venezia Giulia,1215220,238161,19.6,1.0
2595,2021-03-14,FVG,1403,554,849,1124,252,27,ITH,ITH4,6,Friuli-Venezia Giulia,Friuli Venezia Giulia,1215220,239564,19.71,0.12
2596,2021-07-08,FVG,13117,7087,6030,1364,11572,181,ITH,ITH4,6,Friuli-Venezia Giulia,Friuli Venezia Giulia,1215220,252681,20.79,1.08
2597,2021-02-04,FVG,2728,808,1920,35,2693,0,ITH,ITH4,6,Friuli-Venezia Giulia,Friuli Venezia Giulia,1215220,255409,21.02,0.22
2598,2021-08-08,FVG,4336,2354,1982,1918,2327,91,ITH,ITH4,6,Friuli-Venezia Giulia,Friuli Venezia Giulia,1215220,259745,21.37,0.36
2599,2021-04-30,FVG,7417,3270,4147,3577,3666,174,ITH,ITH4,6,Friuli-Venezia Giulia,Friuli Venezia Giulia,1215220,267162,21.98,0.61
2600,2021-03-25,FVG,5545,2432,3113,3332,2140,73,ITH,ITH4,6,Friuli-Venezia Giulia,Friuli Venezia Giulia,1215220,272707,22.44,0.46
2601,2021-03-30,FVG,7623,3407,4216,6287,1201,135,ITH,ITH4,6,Friuli-Venezia Giulia,Friuli Venezia Giulia,1215220,280330,23.07,0.63
2602,2021-06-09,FVG,11368,5984,5384,9491,1400,477,ITH,ITH4,6,Friuli-Venezia Giulia,Friuli Venezia Giulia,1215220,291698,24.0,0.94
2603,2021-02-27,FVG,3540,1206,2334,3522,1,17,ITH,ITH4,6,Friuli-Venezia Giulia,Friuli Venezia Giulia,1215220,295238,24.3,0.29
2604,2021-04-25,FVG,2382,992,1390,2188,13,181,ITH,ITH4,6,Friuli-Venezia Giulia,Friuli Venezia Giulia,1215220,297620,24.49,0.2
2605,2021-01-01,FVG,2,2,0,2,0,0,ITH,ITH4,6,Friuli-Venezia Giulia,Friuli Venezia Giulia,1215220,297622,24.49,0.0
2606,2021-01-15,FVG,2021,605,1416,2020,0,1,ITH,ITH4,6,Friuli-Venezia Giulia,Friuli Venezia Giulia,1215220,299643,24.66,0.17
2607,2021-03-21,FVG,2676,1003,1673,2214,410,52,ITH,ITH4,6,Friuli-Venezia Giulia,Friuli Venezia Giulia,1215220,302319,24.88,0.22
2608,2021-01-27,FVG,1273,427,846,450,821,2,ITH,ITH4,6,Friuli-Venezia Giulia,Friuli Venezia Giulia,1215220,303592,24.98,0.1
2609,2021-04-08,FVG,7471,3235,4236,5407,1930,134,ITH,ITH4,6,Friuli-Venezia Giulia,Friuli Venezia Giulia,1215220,311063,25.6,0.61
2610,2021-05-21,FVG,11294,5045,6249,7914,3034,346,ITH,ITH4,6,Friuli-Venezia Giulia,Friuli Venezia Giulia,1215220,322357,26.53,0.93
2611,2021-02-10,FVG,1353,499,854,1265,88,0,ITH,ITH4,6,Friuli-Venezia Giulia,Friuli Venezia Giulia,1215220,323710,26.64,0.11
2612,2021-07-17,FVG,7392,3967,3425,620,6688,84,ITH,ITH4,6,Friuli-Venezia Giulia,Friuli Venezia Giulia,1215220,331102,27.25,0.61
2613,2021-02-01,FVG,2106,690,1416,17,2089,0,ITH,ITH4,6,Friuli-Venezia Giulia,Friuli Venezia Giulia,1215220,333208,27.42,0.17
2614,2021-08-31,FVG,7549,4040,3509,1349,6007,193,ITH,ITH4,6,Friuli-Venezia Giulia,Friuli Venezia Giulia,1215220,340757,28.04,0.62
2615,2021-05-14,FVG,10864,5400,5464,7929,2638,297,ITH,ITH4,6,Friuli-Venezia Giulia,Friuli Venezia Giulia,1215220,351621,28.93,0.89
2616,2021-03-28,FVG,4947,2356,2591,4690,158,99,ITH,ITH4,6,Friuli-Venezia Giulia,Friuli Venezia Giulia,1215220,356568,29.34,0.41
2617,2021-01-18,FVG,1964,608,1356,1870,94,0,ITH,ITH4,6,Friuli-Venezia Giulia,Friuli Venezia Giulia,1215220,358532,29.5,0.16
2618,2021-01-04,FVG,1509,560,949,1509,0,0,ITH,ITH4,6,Friuli-Venezia Giulia,Friuli Venezia Giulia,1215220,360041,29.63,0.12
2619,2021-02-18,FVG,3230,1503,1727,2804,408,18,ITH,ITH4,6,Friuli-Venezia Giulia,Friuli Venezia Giulia,1215220,363271,29.89,0.27
2620,2021-04-02,FVG,6610,2938,3672,4640,1841,129,ITH,ITH4,6,Friuli-Venezia Giulia,Friuli Venezia Giulia,1215220,369881,30.44,0.54
2621,2021-08-27,FVG,6166,3323,2843,1394,4560,212,ITH,ITH4,6,Friuli-Venezia Giulia,Friuli Venezia Giulia,1215220,376047,30.94,0.51
2622,2021-06-19,FVG,8572,4468,4104,1353,7154,65,ITH,ITH4,6,Friuli-Venezia Giulia,Friuli Venezia Giulia,1215220,384619,31.65,0.71
2623,2021-09-10,FVG,710,399,311,63,637,10,ITH,ITH4,6,Friuli-Venezia Giulia,Friuli Venezia Giulia,1215220,385329,31.71,0.06
2624,2021-07-10,FVG,8807,4546,4261,143,8638,26,ITH,ITH4,6,Friuli-Venezia Giulia,Friuli Venezia Giulia,1215220,394136,32.43,0.72
2625,2021-04-01,FVG,6435,3074,3361,5327,1018,90,ITH,ITH4,6,Friuli-Venezia Giulia,Friuli Venezia Giulia,1215220,400571,32.96,0.53
2626,2021-09-05,FVG,2718,1475,1243,1311,1313,94,ITH,ITH4,6,Friuli-Venezia Giulia,Friuli Venezia Giulia,1215220,403289,33.19,0.22
2627,2021-05-28,FVG,10660,5108,5552,6233,4145,282,ITH,ITH4,6,Friuli-Venezia Giulia,Friuli Venezia Giulia,1215220,413949,34.06,0.88
2628,2021-09-07,FVG,3085,1662,1423,1211,1683,191,ITH,ITH4,6,Friuli-Venezia Giulia,Friuli Venezia Giulia,1215220,417034,34.32,0.25
2629,2021-07-12,FVG,10041,5157,4884,1111,8775,155,ITH,ITH4,6,Friuli-Venezia Giulia,Friuli Venezia Giulia,1215220,427075,35.14,0.83
2630,2021-03-01,FVG,2969,1044,1925,2892,53,24,ITH,ITH4,6,Friuli-Venezia Giulia,Friuli Venezia Giulia,1215220,430044,35.39,0.24
2631,2021-03-18,FVG,3378,1424,1954,1684,1686,8,ITH,ITH4,6,Friuli-Venezia Giulia,Friuli Venezia Giulia,1215220,433422,35.67,0.28
2632,2021-06-28,FVG,9926,5002,4924,2141,7713,72,ITH,ITH4,6,Friuli-Venezia Giulia,Friuli Venezia Giulia,1215220,443348,36.48,0.82
2633,2021-03-20,FVG,3410,1414,1996,1300,2096,14,ITH,ITH4,6,Friuli-Venezia Giulia,Friuli Venezia Giulia,1215220,446758,36.76,0.28
2634,2021-01-13,FVG,2657,837,1820,2656,0,1,ITH,ITH4,6,Friuli-Venezia Giulia,Friuli Venezia Giulia,1215220,449415,36.98,0.22
2635,2021-04-06,FVG,6691,3142,3549,5427,1157,107,ITH,ITH4,6,Friuli-Venezia Giulia,Friuli Venezia Giulia,1215220,456106,37.53,0.55
2636,2020-12-27,FVG,262,149,113,261,0,1,ITH,ITH4,6,Friuli-Venezia Giulia,Friuli Venezia Giulia,1215220,456368,37.55,0.02
2637,2021-02-12,FVG,1195,428,767,1142,49,4,ITH,ITH4,6,Friuli-Venezia Giulia,Friuli Venezia Giulia,1215220,457563,37.65,0.1
2638,2021-04-18,FVG,6063,2814,3249,5420,410,233,ITH,ITH4,6,Friuli-Venezia Giulia,Friuli Venezia Giulia,1215220,463626,38.15,0.5
2639,2021-01-08,FVG,2344,751,1593,2344,0,0,ITH,ITH4,6,Friuli-Venezia Giulia,Friuli Venezia Giulia,1215220,465970,38.34,0.19
2640,2021-06-14,FVG,10322,5011,5311,5189,4838,295,ITH,ITH4,6,Friuli-Venezia Giulia,Friuli Venezia Giulia,1215220,476292,39.19,0.85
2641,2021-02-20,FVG,2079,941,1138,1932,144,3,ITH,ITH4,6,Friuli-Venezia Giulia,Friuli Venezia Giulia,1215220,478371,39.36,0.17
2642,2021-01-22,FVG,117,56,61,28,89,0,ITH,ITH4,6,Friuli-Venezia Giulia,Friuli Venezia Giulia,1215220,478488,39.37,0.01
2643,2021-03-06,FVG,3513,1201,2312,3154,327,32,ITH,ITH4,6,Friuli-Venezia Giulia,Friuli Venezia Giulia,1215220,482001,39.66,0.29
2644,2021-08-14,FVG,199,147,52,181,4,14,ITH,ITH4,6,Friuli-Venezia Giulia,Friuli Venezia Giulia,1215220,482200,39.68,0.02
2645,2021-08-28,FVG,2895,1574,1321,1776,961,158,ITH,ITH4,6,Friuli-Venezia Giulia,Friuli Venezia Giulia,1215220,485095,39.92,0.24
2646,2021-05-06,FVG,11980,5569,6411,7714,3986,280,ITH,ITH4,6,Friuli-Venezia Giulia,Friuli Venezia Giulia,1215220,497075,40.9,0.99
2647,2021-07-02,FVG,11115,5747,5368,2115,8808,192,ITH,ITH4,6,Friuli-Venezia Giulia,Friuli Venezia Giulia,1215220,508190,41.82,0.91
2648,2021-02-06,FVG,1155,339,816,21,1133,1,ITH,ITH4,6,Friuli-Venezia Giulia,Friuli Venezia Giulia,1215220,509345,41.91,0.1
2649,2021-02-23,FVG,2650,1280,1370,2462,181,7,ITH,ITH4,6,Friuli-Venezia Giulia,Friuli Venezia Giulia,1215220,511995,42.13,0.22
2650,2021-05-17,FVG,8847,4111,4736,6080,2498,269,ITH,ITH4,6,Friuli-Venezia Giulia,Friuli Venezia Giulia,1215220,520842,42.86,0.73
2651,2021-03-09,FVG,4023,1729,2294,1243,2756,24,ITH,ITH4,6,Friuli-Venezia Giulia,Friuli Venezia Giulia,1215220,524865,43.19,0.33
2652,2021-02-19,FVG,3301,1320,1981,2842,442,17,ITH,ITH4,6,Friuli-Venezia Giulia,Friuli Venezia Giulia,1215220,528166,43.46,0.27
2653,2021-04-24,FVG,6693,2952,3741,5207,1245,241,ITH,ITH4,6,Friuli-Venezia Giulia,Friuli Venezia Giulia,1215220,534859,44.01,0.55
2654,2021-06-06,FVG,9505,4637,4868,7642,1568,295,ITH,ITH4,6,Friuli-Venezia Giulia,Friuli Venezia Giulia,1215220,544364,44.8,0.78
2655,2021-02-26,FVG,3784,2130,1654,3581,171,32,ITH,ITH4,6,Friuli-Venezia Giulia,Friuli Venezia Giulia,1215220,548148,45.11,0.31
2656,2021-02-17,FVG,2365,1006,1359,1873,489,3,ITH,ITH4,6,Friuli-Venezia Giulia,Friuli Venezia Giulia,1215220,550513,45.3,0.19
2657,2021-05-30,FVG,11079,4997,6082,7237,3594,248,ITH,ITH4,6,Friuli-Venezia Giulia,Friuli Venezia Giulia,1215220,561592,46.21,0.91
2658,2021-09-02,FVG,6953,3770,3183,1920,4793,240,ITH,ITH4,6,Friuli-Venezia Giulia,Friuli Venezia Giulia,1215220,568545,46.79,0.57
2659,2021-05-25,FVG,12962,6407,6555,9288,3328,346,ITH,ITH4,6,Friuli-Venezia Giulia,Friuli Venezia Giulia,1215220,581507,47.85,1.07
2660,2021-08-16,FVG,4805,2585,2220,2681,1876,248,ITH,ITH4,6,Friuli-Venezia Giulia,Friuli Venezia Giulia,1215220,586312,48.25,0.4
2661,2021-06-11,FVG,10943,5968,4975,9634,839,470,ITH,ITH4,6,Friuli-Venezia Giulia,Friuli Venezia Giulia,1215220,597255,49.15,0.9
2662,2021-03-03,FVG,3657,1642,2015,2350,1277,30,ITH,ITH4,6,Friuli-Venezia Giulia,Friuli Venezia Giulia,1215220,600912,49.45,0.3
2663,2021-09-04,FVG,2789,1510,1279,1601,991,197,ITH,ITH4,6,Friuli-Venezia Giulia,Friuli Venezia Giulia,1215220,603701,49.68,0.23
2664,2021-06-04,FVG,12172,6238,5934,10276,1454,442,ITH,ITH4,6,Friuli-Venezia Giulia,Friuli Venezia Giulia,1215220,615873,50.68,1.0
2665,2021-07-05,FVG,9598,4882,4716,1320,8135,143,ITH,ITH4,6,Friuli-Venezia Giulia,Friuli Venezia Giulia,1215220,625471,51.47,0.79
2666,2021-06-21,FVG,9219,4509,4710,1828,7253,138,ITH,ITH4,6,Friuli-Venezia Giulia,Friuli Venezia Giulia,1215220,634690,52.23,0.76
2667,2021-03-13,FVG,2947,1124,1823,1660,1274,13,ITH,ITH4,6,Friuli-Venezia Giulia,Friuli Venezia Giulia,1215220,637637,52.47,0.24
2668,2021-04-16,FVG,7015,3053,3962,4938,1942,135,ITH,ITH4,6,Friuli-Venezia Giulia,Friuli Venezia Giulia,1215220,644652,53.05,0.58
2669,2021-01-06,FVG,716,265,451,716,0,0,ITH,ITH4,6,Friuli-Venezia Giulia,Friuli Venezia Giulia,1215220,645368,53.11,0.06
2670,2021-02-11,FVG,1969,679,1290,1740,225,4,ITH,ITH4,6,Friuli-Venezia Giulia,Friuli Venezia Giulia,1215220,647337,53.27,0.16
2671,2021-04-09,FVG,8055,3736,4319,6576,1305,174,ITH,ITH4,6,Friuli-Venezia Giulia,Friuli Venezia Giulia,1215220,655392,53.93,0.66
2672,2021-06-25,FVG,11009,5533,5476,2382,8563,64,ITH,ITH4,6,Friuli-Venezia Giulia,Friuli Venezia Giulia,1215220,666401,54.84,0.91
2673,2021-07-09,FVG,11960,6355,5605,2126,9545,289,ITH,ITH4,6,Friuli-Venezia Giulia,Friuli Venezia Giulia,1215220,678361,55.82,0.98
2674,2021-03-17,FVG,3242,1270,1972,736,2496,10,ITH,ITH4,6,Friuli-Venezia Giulia,Friuli Venezia Giulia,1215220,681603,56.09,0.27
2675,2021-08-21,FVG,2896,1558,1338,280,2574,42,ITH,ITH4,6,Friuli-Venezia Giulia,Friuli Venezia Giulia,1215220,684499,56.33,0.24
2676,2021-05-13,FVG,11226,5428,5798,8745,2081,400,ITH,ITH4,6,Friuli-Venezia Giulia,Friuli Venezia Giulia,1215220,695725,57.25,0.92
2677,2021-02-16,FVG,2518,1136,1382,2398,116,4,ITH,ITH4,6,Friuli-Venezia Giulia,Friuli Venezia Giulia,1215220,698243,57.46,0.21
2678,2021-03-11,FVG,3484,1520,1964,1715,1754,15,ITH,ITH4,6,Friuli-Venezia Giulia,Friuli Venezia Giulia,1215220,701727,57.74,0.29
2679,2021-04-13,FVG,7396,3299,4097,5657,1611,128,ITH,ITH4,6,Friuli-Venezia Giulia,Friuli Venezia Giulia,1215220,709123,58.35,0.61
2680,2021-01-03,FVG,313,123,190,313,0,0,ITH,ITH4,6,Friuli-Venezia Giulia,Friuli Venezia Giulia,1215220,709436,58.38,0.03
2681,2021-07-22,FVG,7721,4106,3615,3271,4147,303,ITH,ITH4,6,Friuli-Venezia Giulia,Friuli Venezia Giulia,1215220,717157,59.01,0.64
2682,2021-08-06,FVG,6453,3395,3058,2349,3932,172,ITH,ITH4,6,Friuli-Venezia Giulia,Friuli Venezia Giulia,1215220,723610,59.55,0.53
2683,2021-08-11,FVG,7934,4189,3745,5225,2375,334,ITH,ITH4,6,Friuli-Venezia Giulia,Friuli Venezia Giulia,1215220,731544,60.2,0.65
2684,2021-05-03,FVG,7255,3303,3952,3345,3793,117,ITH,ITH4,6,Friuli-Venezia Giulia,Friuli Venezia Giulia,1215220,738799,60.8,0.6
2685,2021-01-14,FVG,2593,794,1799,2590,0,3,ITH,ITH4,6,Friuli-Venezia Giulia,Friuli Venezia Giulia,1215220,741392,61.01,0.21
2686,2021-07-24,FVG,6169,3335,2834,2917,3080,172,ITH,ITH4,6,Friuli-Venezia Giulia,Friuli Venezia Giulia,1215220,747561,61.52,0.51
2687,2021-08-24,FVG,6615,3575,3040,728,5752,135,ITH,ITH4,6,Friuli-Venezia Giulia,Friuli Venezia Giulia,1215220,754176,62.06,0.54
2688,2021-08-10,FVG,7301,4074,3227,5285,1656,360,ITH,ITH4,6,Friuli-Venezia Giulia,Friuli Venezia Giulia,1215220,761477,62.66,0.6
2689,2021-05-02,FVG,6916,3256,3660,3809,2964,143,ITH,ITH4,6,Friuli-Venezia Giulia,Friuli Venezia Giulia,1215220,768393,63.23,0.57
2690,2021-05-16,FVG,10027,4802,5225,8376,1407,244,ITH,ITH4,6,Friuli-Venezia Giulia,Friuli Venezia Giulia,1215220,778420,64.06,0.83
2691,2020-12-30,FVG,626,244,382,626,0,0,ITH,ITH4,6,Friuli-Venezia Giulia,Friuli Venezia Giulia,1215220,779046,64.11,0.05
2692,2021-06-05,FVG,10345,5347,4998,8398,1555,392,ITH,ITH4,6,Friuli-Venezia Giulia,Friuli Venezia Giulia,1215220,789391,64.96,0.85
2693,2021-02-25,FVG,3178,1660,1518,3115,30,33,ITH,ITH4,6,Friuli-Venezia Giulia,Friuli Venezia Giulia,1215220,792569,65.22,0.26
2694,2021-06-16,FVG,12205,5923,6282,3900,8040,265,ITH,ITH4,6,Friuli-Venezia Giulia,Friuli Venezia Giulia,1215220,804774,66.22,1.0
2695,2021-08-12,FVG,7982,4280,3702,5189,2499,294,ITH,ITH4,6,Friuli-Venezia Giulia,Friuli Venezia Giulia,1215220,812756,66.88,0.66
2696,2021-08-13,FVG,3814,2139,1675,2645,968,201,ITH,ITH4,6,Friuli-Venezia Giulia,Friuli Venezia Giulia,1215220,816570,67.2,0.31
2697,2021-06-08,FVG,10560,5537,5023,9636,501,423,ITH,ITH4,6,Friuli-Venezia Giulia,Friuli Venezia Giulia,1215220,827130,68.06,0.87
2698,2021-02-28,FVG,2692,1005,1687,2269,394,29,ITH,ITH4,6,Friuli-Venezia Giulia,Friuli Venezia Giulia,1215220,829822,68.29,0.22
2699,2021-08-04,FVG,9352,4835,4517,4669,4381,302,ITH,ITH4,6,Friuli-Venezia Giulia,Friuli Venezia Giulia,1215220,839174,69.06,0.77
2700,2021-04-26,FVG,5494,2467,3027,3718,1656,120,ITH,ITH4,6,Friuli-Venezia Giulia,Friuli Venezia Giulia,1215220,844668,69.51,0.45
2701,2021-06-18,FVG,10980,5421,5559,3403,7312,265,ITH,ITH4,6,Friuli-Venezia Giulia,Friuli Venezia Giulia,1215220,855648,70.41,0.9
2702,2021-03-10,FVG,3602,1711,1891,1745,1796,61,ITH,ITH4,6,Friuli-Venezia Giulia,Friuli Venezia Giulia,1215220,859250,70.71,0.3
2703,2021-02-24,FVG,2532,1093,1439,2503,18,11,ITH,ITH4,6,Friuli-Venezia Giulia,Friuli Venezia Giulia,1215220,861782,70.92,0.21
2704,2021-05-27,FVG,12866,6159,6707,7393,5248,225,ITH,ITH4,6,Friuli-Venezia Giulia,Friuli Venezia Giulia,1215220,874648,71.97,1.06
2705,2021-05-07,FVG,10949,5011,5938,7187,3563,199,ITH,ITH4,6,Friuli-Venezia Giulia,Friuli Venezia Giulia,1215220,885597,72.88,0.9
2706,2021-05-09,FVG,7387,3317,4070,3375,3877,135,ITH,ITH4,6,Friuli-Venezia Giulia,Friuli Venezia Giulia,1215220,892984,73.48,0.61
2707,2021-07-31,FVG,7365,3785,3580,1269,6006,90,ITH,ITH4,6,Friuli-Venezia Giulia,Friuli Venezia Giulia,1215220,900349,74.09,0.61
2708,2021-08-17,FVG,3523,1899,1624,2690,600,233,ITH,ITH4,6,Friuli-Venezia Giulia,Friuli Venezia Giulia,1215220,903872,74.38,0.29
2709,2021-05-26,FVG,13472,6728,6744,9650,3467,355,ITH,ITH4,6,Friuli-Venezia Giulia,Friuli Venezia Giulia,1215220,917344,75.49,1.11
2710,2021-02-15,FVG,2461,914,1547,2201,254,6,ITH,ITH4,6,Friuli-Venezia Giulia,Friuli Venezia Giulia,1215220,919805,75.69,0.2
2711,2021-03-24,FVG,3988,1727,2261,2465,1485,38,ITH,ITH4,6,Friuli-Venezia Giulia,Friuli Venezia Giulia,1215220,923793,76.02,0.33
2712,2021-05-20,FVG,12736,6336,6400,9797,2532,407,ITH,ITH4,6,Friuli-Venezia Giulia,Friuli Venezia Giulia,1215220,936529,77.07,1.05
2713,2021-01-26,FVG,1979,649,1330,217,1761,1,ITH,ITH4,6,Friuli-Venezia Giulia,Friuli Venezia Giulia,1215220,938508,77.23,0.16
2714,2021-07-30,FVG,9077,4729,4348,2771,6043,263,ITH,ITH4,6,Friuli-Venezia Giulia,Friuli Venezia Giulia,1215220,947585,77.98,0.75
2715,2021-01-28,FVG,2250,798,1452,355,1895,0,ITH,ITH4,6,Friuli-Venezia Giulia,Friuli Venezia Giulia,1215220,949835,78.16,0.19
2716,2021-05-08,FVG,10344,4674,5670,5361,4793,190,ITH,ITH4,6,Friuli-Venezia Giulia,Friuli Venezia Giulia,1215220,960179,79.01,0.85
2717,2021-02-14,FVG,1,0,1,0,1,0,ITH,ITH4,6,Friuli-Venezia Giulia,Friuli Venezia Giulia,1215220,960180,79.01,0.0
2718,2021-08-18,FVG,4716,2512,2204,3010,1473,233,ITH,ITH4,6,Friuli-Venezia Giulia,Friuli Venezia Giulia,1215220,964896,79.4,0.39
2719,2021-05-10,FVG,8010,3558,4452,6223,1545,242,ITH,ITH4,6,Friuli-Venezia Giulia,Friuli Venezia Giulia,1215220,972906,80.06,0.66
2720,2021-01-20,FVG,754,322,432,18,736,0,ITH,ITH4,6,Friuli-Venezia Giulia,Friuli Venezia Giulia,1215220,973660,80.12,0.06
2721,2021-02-22,FVG,2494,1199,1295,2070,419,5,ITH,ITH4,6,Friuli-Venezia Giulia,Friuli Venezia Giulia,1215220,976154,80.33,0.21
2722,2021-06-02,FVG,9429,4963,4466,8814,282,333,ITH,ITH4,6,Friuli-Venezia Giulia,Friuli Venezia Giulia,1215220,985583,81.1,0.78
2723,2021-03-27,FVG,5383,2922,2461,3923,1412,48,ITH,ITH4,6,Friuli-Venezia Giulia,Friuli Venezia Giulia,1215220,990966,81.55,0.44
2724,2021-04-15,FVG,6527,2886,3641,5093,1275,159,ITH,ITH4,6,Friuli-Venezia Giulia,Friuli Venezia Giulia,1215220,997493,82.08,0.54
2725,2021-04-29,FVG,6808,2998,3810,4014,2606,188,ITH,ITH4,6,Friuli-Venezia Giulia,Friuli Venezia Giulia,1215220,1004301,82.64,0.56
2726,2021-01-05,FVG,1679,552,1127,1677,0,2,ITH,ITH4,6,Friuli-Venezia Giulia,Friuli Venezia Giulia,1215220,1005980,82.78,0.14
2727,2021-08-07,FVG,4835,2611,2224,2772,1932,131,ITH,ITH4,6,Friuli-Venezia Giulia,Friuli Venezia Giulia,1215220,1010815,83.18,0.4
2728,2021-07-29,FVG,9611,4901,4710,3228,6087,296,ITH,ITH4,6,Friuli-Venezia Giulia,Friuli Venezia Giulia,1215220,1020426,83.97,0.79
2729,2021-04-20,FVG,7147,3079,4068,3099,3920,128,ITH,ITH4,6,Friuli-Venezia Giulia,Friuli Venezia Giulia,1215220,1027573,84.56,0.59
2730,2021-06-23,FVG,12105,5859,6246,1998,9961,146,ITH,ITH4,6,Friuli-Venezia Giulia,Friuli Venezia Giulia,1215220,1039678,85.55,1.0
2731,2021-08-19,FVG,4805,2570,2235,1648,3002,155,ITH,ITH4,6,Friuli-Venezia Giulia,Friuli Venezia Giulia,1215220,1044483,85.95,0.4
2732,2021-08-05,FVG,7135,3669,3466,3239,3694,202,ITH,ITH4,6,Friuli-Venezia Giulia,Friuli Venezia Giulia,1215220,1051618,86.54,0.59
2733,2021-04-27,FVG,8151,3742,4409,3552,4498,101,ITH,ITH4,6,Friuli-Venezia Giulia,Friuli Venezia Giulia,1215220,1059769,87.21,0.67
2734,2021-02-09,FVG,1845,555,1290,1556,288,1,ITH,ITH4,6,Friuli-Venezia Giulia,Friuli Venezia Giulia,1215220,1061614,87.36,0.15
2735,2021-02-02,FVG,2483,812,1671,218,2265,0,ITH,ITH4,6,Friuli-Venezia Giulia,Friuli Venezia Giulia,1215220,1064097,87.56,0.2
2736,2021-03-31,FVG,8149,3574,4575,7173,850,126,ITH,ITH4,6,Friuli-Venezia Giulia,Friuli Venezia Giulia,1215220,1072246,88.23,0.67
2737,2021-08-09,FVG,7838,4194,3644,2371,5283,184,ITH,ITH4,6,Friuli-Venezia Giulia,Friuli Venezia Giulia,1215220,1080084,88.88,0.64
2738,2021-02-07,FVG,1568,482,1086,384,1183,1,ITH,ITH4,6,Friuli-Venezia Giulia,Friuli Venezia Giulia,1215220,1081652,89.01,0.13
2739,2021-09-09,FVG,3610,1900,1710,1817,1571,222,ITH,ITH4,6,Friuli-Venezia Giulia,Friuli Venezia Giulia,1215220,1085262,89.31,0.3
2740,2021-08-26,FVG,7468,4042,3426,1405,5828,235,ITH,ITH4,6,Friuli-Venezia Giulia,Friuli Venezia Giulia,1215220,1092730,89.92,0.61
2741,2021-05-18,FVG,10866,5434,5432,8402,2101,363,ITH,ITH4,6,Friuli-Venezia Giulia,Friuli Venezia Giulia,1215220,1103596,90.81,0.89
2742,2021-06-01,FVG,10146,5132,5014,7696,2129,321,ITH,ITH4,6,Friuli-Venezia Giulia,Friuli Venezia Giulia,1215220,1113742,91.65,0.83
2743,2021-06-20,FVG,6526,3239,3287,1490,4940,96,ITH,ITH4,6,Friuli-Venezia Giulia,Friuli Venezia Giulia,1215220,1120268,92.19,0.54
2744,2021-05-04,FVG,9617,4342,5275,6004,3387,226,ITH,ITH4,6,Friuli-Venezia Giulia,Friuli Venezia Giulia,1215220,1129885,92.98,0.79
2745,2021-01-24,FVG,307,121,186,2,305,0,ITH,ITH4,6,Friuli-Venezia Giulia,Friuli Venezia Giulia,1215220,1130192,93.0,0.03
2746,2021-06-30,FVG,13205,6722,6483,1386,11645,174,ITH,ITH4,6,Friuli-Venezia Giulia,Friuli Venezia Giulia,1215220,1143397,94.09,1.09
2747,2021-03-08,FVG,4135,1648,2487,2028,2092,15,ITH,ITH4,6,Friuli-Venezia Giulia,Friuli Venezia Giulia,1215220,1147532,94.43,0.34
2748,2021-03-22,FVG,3670,1455,2215,1671,1959,40,ITH,ITH4,6,Friuli-Venezia Giulia,Friuli Venezia Giulia,1215220,1151202,94.73,0.3
2749,2021-02-05,FVG,2632,792,1840,89,2543,0,ITH,ITH4,6,Friuli-Venezia Giulia,Friuli Venezia Giulia,1215220,1153834,94.95,0.22
2750,2021-04-14,FVG,7256,3135,4121,5412,1719,125,ITH,ITH4,6,Friuli-Venezia Giulia,Friuli Venezia Giulia,1215220,1161090,95.55,0.6
2751,2021-07-06,FVG,11222,5858,5364,1352,9757,113,ITH,ITH4,6,Friuli-Venezia Giulia,Friuli Venezia Giulia,1215220,1172312,96.47,0.92
2752,2021-07-23,FVG,9059,4644,4415,3041,5593,425,ITH,ITH4,6,Friuli-Venezia Giulia,Friuli Venezia Giulia,1215220,1181371,97.21,0.75
2753,2021-08-25,FVG,7847,4200,3647,3021,4462,364,ITH,ITH4,6,Friuli-Venezia Giulia,Friuli Venezia Giulia,1215220,1189218,97.86,0.65
2754,2021-01-10,FVG,2942,919,2023,2942,0,0,ITH,ITH4,6,Friuli-Venezia Giulia,Friuli Venezia Giulia,1215220,1192160,98.1,0.24
2755,2021-07-14,FVG,10911,5583,5328,1258,9461,192,ITH,ITH4,6,Friuli-Venezia Giulia,Friuli Venezia Giulia,1215220,1203071,99.0,0.9
2756,2021-04-05,FVG,2912,1449,1463,2834,16,62,ITH,ITH4,6,Friuli-Venezia Giulia,Friuli Venezia Giulia,1215220,1205983,99.24,0.24
2757,2021-01-12,FVG,2272,718,1554,2272,0,0,ITH,ITH4,6,Friuli-Venezia Giulia,Friuli Venezia Giulia,1215220,1208255,99.43,0.19
2758,2021-01-29,FVG,2419,815,1604,266,2153,0,ITH,ITH4,6,Friuli-Venezia Giulia,Friuli Venezia Giulia,1215220,1210674,99.63,0.2
2759,2021-04-22,FVG,6801,3093,3708,3034,3695,72,ITH,ITH4,6,Friuli-Venezia Giulia,Friuli Venezia Giulia,1215220,1217475,100.19,0.56
2760,2021-01-17,FVG,1715,522,1193,1713,0,2,ITH,ITH4,6,Friuli-Venezia Giulia,Friuli Venezia Giulia,1215220,1219190,100.33,0.14
2761,2021-03-15,FVG,3963,1813,2150,1614,2326,23,ITH,ITH4,6,Friuli-Venezia Giulia,Friuli Venezia Giulia,1215220,1223153,100.65,0.33
2762,2021-05-11,FVG,9188,4432,4756,7158,1812,218,ITH,ITH4,6,Friuli-Venezia Giulia,Friuli Venezia Giulia,1215220,1232341,101.41,0.76
2763,2021-01-31,FVG,2727,842,1885,385,2342,0,ITH,ITH4,6,Friuli-Venezia Giulia,Friuli Venezia Giulia,1215220,1235068,101.63,0.22
2764,2021-03-29,FVG,7040,3134,3906,5375,1590,75,ITH,ITH4,6,Friuli-Venezia Giulia,Friuli Venezia Giulia,1215220,1242108,102.21,0.58
2765,2021-07-07,FVG,11327,5799,5528,1450,9750,127,ITH,ITH4,6,Friuli-Venezia Giulia,Friuli Venezia Giulia,1215220,1253435,103.14,0.93
2766,2021-07-21,FVG,8654,4384,4270,2044,6348,262,ITH,ITH4,6,Friuli-Venezia Giulia,Friuli Venezia Giulia,1215220,1262089,103.86,0.71
2767,2021-06-03,FVG,12477,6766,5711,9913,2131,433,ITH,ITH4,6,Friuli-Venezia Giulia,Friuli Venezia Giulia,1215220,1274566,104.88,1.03
2768,2021-01-19,FVG,6,2,4,6,0,0,ITH,ITH4,6,Friuli-Venezia Giulia,Friuli Venezia Giulia,1215220,1274572,104.88,0.0
2769,2021-08-02,FVG,9033,4641,4392,2861,5915,257,ITH,ITH4,6,Friuli-Venezia Giulia,Friuli Venezia Giulia,1215220,1283605,105.63,0.74
2770,2021-04-03,FVG,4022,1994,2028,2622,1339,61,ITH,ITH4,6,Friuli-Venezia Giulia,Friuli Venezia Giulia,1215220,1287627,105.96,0.33
2771,2021-08-23,FVG,4709,2430,2279,2567,1783,359,ITH,ITH4,6,Friuli-Venezia Giulia,Friuli Venezia Giulia,1215220,1292336,106.35,0.39
2772,2021-05-29,FVG,12044,5857,6187,6783,4997,264,ITH,ITH4,6,Friuli-Venezia Giulia,Friuli Venezia Giulia,1215220,1304380,107.34,0.99
2773,2021-07-25,FVG,3899,2027,1872,1918,1875,106,ITH,ITH4,6,Friuli-Venezia Giulia,Friuli Venezia Giulia,1215220,1308279,107.66,0.32
2774,2021-07-11,FVG,6871,3589,3282,2387,4184,300,ITH,ITH4,6,Friuli-Venezia Giulia,Friuli Venezia Giulia,1215220,1315150,108.22,0.57
2775,2021-09-06,FVG,3916,2223,1693,712,3082,122,ITH,ITH4,6,Friuli-Venezia Giulia,Friuli Venezia Giulia,1215220,1319066,108.55,0.32
2776,2021-05-15,FVG,12694,6120,6574,7687,4705,302,ITH,ITH4,6,Friuli-Venezia Giulia,Friuli Venezia Giulia,1215220,1331760,109.59,1.04
2777,2021-05-01,FVG,7215,3252,3963,5910,1046,259,ITH,ITH4,6,Friuli-Venezia Giulia,Friuli Venezia Giulia,1215220,1338975,110.18,0.59
2778,2021-01-21,FVG,899,347,552,3,896,0,ITH,ITH4,6,Friuli-Venezia Giulia,Friuli Venezia Giulia,1215220,1339874,110.26,0.07
2779,2021-02-21,FVG,802,281,521,421,379,2,ITH,ITH4,6,Friuli-Venezia Giulia,Friuli Venezia Giulia,1215220,1340676,110.32,0.07
2780,2021-06-10,FVG,11593,6035,5558,9698,1485,410,ITH,ITH4,6,Friuli-Venezia Giulia,Friuli Venezia Giulia,1215220,1352269,111.28,0.95
2781,2021-09-01,FVG,8489,4615,3874,2068,6213,208,ITH,ITH4,6,Friuli-Venezia Giulia,Friuli Venezia Giulia,1215220,1360758,111.98,0.7
2782,2021-03-19,FVG,3279,1370,1909,1317,1947,15,ITH,ITH4,6,Friuli-Venezia Giulia,Friuli Venezia Giulia,1215220,1364037,112.25,0.27
2783,2021-06-27,FVG,7670,3831,3839,3728,3857,85,ITH,ITH4,6,Friuli-Venezia Giulia,Friuli Venezia Giulia,1215220,1371707,112.88,0.63
2784,2021-06-29,FVG,11386,5807,5579,1229,10050,107,ITH,ITH4,6,Friuli-Venezia Giulia,Friuli Venezia Giulia,1215220,1383093,113.81,0.94
2785,2021-08-30,FVG,7319,3895,3424,2479,4605,235,ITH,ITH4,6,Friuli-Venezia Giulia,Friuli Venezia Giulia,1215220,1390412,114.42,0.6
2786,2021-05-22,FVG,11604,5209,6395,7087,4242,275,ITH,ITH4,6,Friuli-Venezia Giulia,Friuli Venezia Giulia,1215220,1402016,115.37,0.95
2787,2021-07-18,FVG,5469,2959,2510,438,5007,24,ITH,ITH4,6,Friuli-Venezia Giulia,Friuli Venezia Giulia,1215220,1407485,115.82,0.45
2788,2021-07-04,FVG,9358,4797,4561,2892,6211,255,ITH,ITH4,6,Friuli-Venezia Giulia,Friuli Venezia Giulia,1215220,1416843,116.59,0.77
2789,2021-03-26,FVG,6059,2632,3427,3854,2029,176,ITH,ITH4,6,Friuli-Venezia Giulia,Friuli Venezia Giulia,1215220,1422902,117.09,0.5
2790,2021-03-12,FVG,4164,1736,2428,2753,1385,26,ITH,ITH4,6,Friuli-Venezia Giulia,Friuli Venezia Giulia,1215220,1427066,117.43,0.34
2791,2021-01-02,FVG,1217,470,747,1217,0,0,ITH,ITH4,6,Friuli-Venezia Giulia,Friuli Venezia Giulia,1215220,1428283,117.53,0.1
2792,2021-04-12,FVG,7288,3196,4092,5997,1136,155,ITH,ITH4,6,Friuli-Venezia Giulia,Friuli Venezia Giulia,1215220,1435571,118.13,0.6
2793,2021-07-16,FVG,9808,5239,4569,1702,7957,149,ITH,ITH4,6,Friuli-Venezia Giulia,Friuli Venezia Giulia,1215220,1445379,118.94,0.81
2794,2021-04-07,FVG,7860,3644,4216,6952,789,119,ITH,ITH4,6,Friuli-Venezia Giulia,Friuli Venezia Giulia,1215220,1453239,119.59,0.65
2795,2021-02-03,FVG,2650,792,1858,22,2627,1,ITH,ITH4,6,Friuli-Venezia Giulia,Friuli Venezia Giulia,1215220,1455889,119.8,0.22
2796,2021-02-08,FVG,2361,697,1664,90,2270,1,ITH,ITH4,6,Friuli-Venezia Giulia,Friuli Venezia Giulia,1215220,1458250,120.0,0.19
2797,2021-06-13,FVG,8715,4538,4177,5172,3329,214,ITH,ITH4,6,Friuli-Venezia Giulia,Friuli Venezia Giulia,1215220,1466965,120.72,0.72
2798,2021-07-26,FVG,8560,4268,4292,1777,6572,211,ITH,ITH4,6,Friuli-Venezia Giulia,Friuli Venezia Giulia,1215220,1475525,121.42,0.7
2799,2021-04-17,FVG,7469,3240,4229,5820,1484,165,ITH,ITH4,6,Friuli-Venezia Giulia,Friuli Venezia Giulia,1215220,1482994,122.04,0.61
2800,2021-07-28,FVG,10502,5356,5146,4009,6042,451,ITH,ITH4,6,Friuli-Venezia Giulia,Friuli Venezia Giulia,1215220,1493496,122.9,0.86
2801,2021-07-19,FVG,9445,4938,4507,851,8440,154,ITH,ITH4,6,Friuli-Venezia Giulia,Friuli Venezia Giulia,1215220,1502941,123.68,0.78
2802,2021-04-10,FVG,5060,2217,2843,3753,1230,77,ITH,ITH4,6,Friuli-Venezia Giulia,Friuli Venezia Giulia,1215220,1508001,124.09,0.42
2803,2021-05-23,FVG,10297,4869,5428,5923,4158,216,ITH,ITH4,6,Friuli-Venezia Giulia,Friuli Venezia Giulia,1215220,1518298,124.94,0.85
2804,2021-01-07,FVG,2108,726,1382,2108,0,0,ITH,ITH4,6,Friuli-Venezia Giulia,Friuli Venezia Giulia,1215220,1520406,125.11,0.17
2805,2021-03-05,FVG,3833,1543,2290,2731,1079,23,ITH,ITH4,6,Friuli-Venezia Giulia,Friuli Venezia Giulia,1215220,1524239,125.43,0.32
2806,2021-04-19,FVG,6733,3142,3591,3213,3426,94,ITH,ITH4,6,Friuli-Venezia Giulia,Friuli Venezia Giulia,1215220,1530972,125.98,0.55
2807,2021-01-09,FVG,2534,846,1688,2533,0,1,ITH,ITH4,6,Friuli-Venezia Giulia,Friuli Venezia Giulia,1215220,1533506,126.19,0.21
2808,2021-06-15,FVG,12176,6196,5980,5352,6542,282,ITH,ITH4,6,Friuli-Venezia Giulia,Friuli Venezia Giulia,1215220,1545682,127.19,1.0
2809,2021-03-07,FVG,2557,939,1618,2496,1,60,ITH,ITH4,6,Friuli-Venezia Giulia,Friuli Venezia Giulia,1215220,1548239,127.4,0.21
2810,2020-12-31,FVG,1048,381,667,1047,0,1,ITH,ITH4,6,Friuli-Venezia Giulia,Friuli Venezia Giulia,1215220,1549287,127.49,0.09
2811,2021-06-17,FVG,11441,5788,5653,2280,9047,114,ITH,ITH4,6,Friuli-Venezia Giulia,Friuli Venezia Giulia,1215220,1560728,128.43,0.94
2812,2021-06-22,FVG,11610,5979,5631,2364,9111,135,ITH,ITH4,6,Friuli-Venezia Giulia,Friuli Venezia Giulia,1215220,1572338,129.39,0.96
2813,2021-07-15,PIE,42625,22021,20604,4109,38056,460,ITC,ITC1,1,Piemonte,Piemonte,4356406,42625,0.98,0.98
2814,2021-08-01,PIE,27252,14438,12814,8481,18288,483,ITC,ITC1,1,Piemonte,Piemonte,4356406,69877,1.6,0.63
2815,2021-04-23,PIE,27475,12615,14860,19994,6767,714,ITC,ITC1,1,Piemonte,Piemonte,4356406,97352,2.23,0.63
2816,2021-03-23,PIE,13217,5576,7641,6645,6252,320,ITC,ITC1,1,Piemonte,Piemonte,4356406,110569,2.54,0.3
2817,2021-01-16,PIE,7785,2629,5156,7778,0,7,ITC,ITC1,1,Piemonte,Piemonte,4356406,118354,2.72,0.18
2818,2021-06-07,PIE,34973,17891,17082,29545,4807,621,ITC,ITC1,1,Piemonte,Piemonte,4356406,153327,3.52,0.8
2819,2021-08-03,PIE,30192,15795,14397,9320,20386,486,ITC,ITC1,1,Piemonte,Piemonte,4356406,183519,4.21,0.69
2820,2021-08-27,PIE,17366,9265,8101,7471,9244,651,ITC,ITC1,1,Piemonte,Piemonte,4356406,200885,4.61,0.4
2821,2021-05-19,PIE,33215,15345,17870,21474,11140,601,ITC,ITC1,1,Piemonte,Piemonte,4356406,234100,5.37,0.76
2822,2021-03-14,PIE,8220,3342,4878,5175,2903,142,ITC,ITC1,1,Piemonte,Piemonte,4356406,242320,5.56,0.19
2823,2021-05-10,PIE,29091,14036,15055,15311,13140,640,ITC,ITC1,1,Piemonte,Piemonte,4356406,271411,6.23,0.67
2824,2021-01-30,PIE,6003,2146,3857,218,5784,1,ITC,ITC1,1,Piemonte,Piemonte,4356406,277414,6.37,0.14
2825,2021-06-24,PIE,39310,19729,19581,18358,20348,604,ITC,ITC1,1,Piemonte,Piemonte,4356406,316724,7.27,0.9
2826,2021-03-16,PIE,10541,4281,6260,4374,6073,94,ITC,ITC1,1,Piemonte,Piemonte,4356406,327265,7.51,0.24
2827,2021-08-20,PIE,16578,8898,7680,10323,5545,710,ITC,ITC1,1,Piemonte,Piemonte,4356406,343843,7.89,0.38
2828,2021-06-26,PIE,41286,21010,20276,21973,18597,716,ITC,ITC1,1,Piemonte,Piemonte,4356406,385129,8.84,0.95
2829,2021-07-13,PIE,38911,20074,18837,3676,34897,338,ITC,ITC1,1,Piemonte,Piemonte,4356406,424040,9.73,0.89
2830,2021-04-04,PIE,9266,4060,5206,6398,2712,156,ITC,ITC1,1,Piemonte,Piemonte,4356406,433306,9.95,0.21
2831,2021-04-21,PIE,25804,11854,13950,19774,5359,671,ITC,ITC1,1,Piemonte,Piemonte,4356406,459110,10.54,0.59
2832,2021-01-11,PIE,8784,2998,5786,8778,0,6,ITC,ITC1,1,Piemonte,Piemonte,4356406,467894,10.74,0.2
2833,2021-07-08,PIE,41045,20989,20056,7460,33008,577,ITC,ITC1,1,Piemonte,Piemonte,4356406,508939,11.68,0.94
2834,2021-01-23,PIE,4263,1327,2936,878,3383,2,ITC,ITC1,1,Piemonte,Piemonte,4356406,513202,11.78,0.1
2835,2021-03-21,PIE,10745,4747,5998,4030,6541,174,ITC,ITC1,1,Piemonte,Piemonte,4356406,523947,12.03,0.25
2836,2021-08-13,PIE,19999,10655,9344,12063,7234,702,ITC,ITC1,1,Piemonte,Piemonte,4356406,543946,12.49,0.46
2837,2021-05-05,PIE,34724,16267,18457,20345,13677,702,ITC,ITC1,1,Piemonte,Piemonte,4356406,578670,13.28,0.8
2838,2021-07-01,PIE,42003,21017,20986,19820,21148,1035,ITC,ITC1,1,Piemonte,Piemonte,4356406,620673,14.25,0.96
2839,2020-12-28,PIE,1,1,0,1,0,0,ITC,ITC1,1,Piemonte,Piemonte,4356406,620674,14.25,0.0
2840,2021-09-08,PIE,15609,8071,7538,6123,8727,759,ITC,ITC1,1,Piemonte,Piemonte,4356406,636283,14.61,0.36
2841,2021-07-27,PIE,33813,17655,16158,8260,24992,561,ITC,ITC1,1,Piemonte,Piemonte,4356406,670096,15.38,0.78
2842,2021-05-02,PIE,25161,11292,13869,14014,10751,396,ITC,ITC1,1,Piemonte,Piemonte,4356406,695257,15.96,0.58
2843,2021-08-15,PIE,6579,3631,2948,5035,1270,274,ITC,ITC1,1,Piemonte,Piemonte,4356406,701836,16.11,0.15
2844,2021-09-01,PIE,18657,9647,9010,6717,11250,690,ITC,ITC1,1,Piemonte,Piemonte,4356406,720493,16.54,0.43
2845,2021-05-24,PIE,29032,13443,15589,16654,11989,389,ITC,ITC1,1,Piemonte,Piemonte,4356406,749525,17.21,0.67
2846,2021-03-02,PIE,11341,4619,6722,10332,815,194,ITC,ITC1,1,Piemonte,Piemonte,4356406,760866,17.47,0.26
2847,2021-05-12,PIE,31962,15213,16749,18388,12946,628,ITC,ITC1,1,Piemonte,Piemonte,4356406,792828,18.2,0.73
2848,2021-08-22,PIE,9608,5246,4362,5134,4098,376,ITC,ITC1,1,Piemonte,Piemonte,4356406,802436,18.42,0.22
2849,2021-09-10,PIE,9233,4835,4398,2416,6462,355,ITC,ITC1,1,Piemonte,Piemonte,4356406,811669,18.63,0.21
2850,2021-06-19,PIE,40138,20356,19782,22899,16682,557,ITC,ITC1,1,Piemonte,Piemonte,4356406,851807,19.55,0.92
2851,2021-02-04,PIE,10252,3362,6890,583,9667,2,ITC,ITC1,1,Piemonte,Piemonte,4356406,862059,19.79,0.24
2852,2021-09-07,PIE,18313,9631,8682,6111,11525,677,ITC,ITC1,1,Piemonte,Piemonte,4356406,880372,20.21,0.42
2853,2021-07-03,PIE,40145,20149,19996,15350,24049,746,ITC,ITC1,1,Piemonte,Piemonte,4356406,920517,21.13,0.92
2854,2021-06-28,PIE,38495,19114,19381,15144,22751,600,ITC,ITC1,1,Piemonte,Piemonte,4356406,959012,22.01,0.88
2855,2021-04-06,PIE,20797,9070,11727,15129,5212,456,ITC,ITC1,1,Piemonte,Piemonte,4356406,979809,22.49,0.48
2856,2020-12-27,PIE,915,370,545,915,0,0,ITC,ITC1,1,Piemonte,Piemonte,4356406,980724,22.51,0.02
2857,2021-02-27,PIE,12717,4856,7861,12138,337,242,ITC,ITC1,1,Piemonte,Piemonte,4356406,993441,22.8,0.29
2858,2021-04-25,PIE,20265,9324,10941,17294,2506,465,ITC,ITC1,1,Piemonte,Piemonte,4356406,1013706,23.27,0.47
2859,2021-01-15,PIE,9128,3013,6115,9122,0,6,ITC,ITC1,1,Piemonte,Piemonte,4356406,1022834,23.48,0.21
2860,2021-06-21,PIE,38519,19259,19260,17167,20782,570,ITC,ITC1,1,Piemonte,Piemonte,4356406,1061353,24.36,0.88
2861,2021-03-13,PIE,13052,4726,8326,11346,1432,274,ITC,ITC1,1,Piemonte,Piemonte,4356406,1074405,24.66,0.3
2862,2021-09-03,PIE,18353,9689,8664,6403,11296,654,ITC,ITC1,1,Piemonte,Piemonte,4356406,1092758,25.08,0.42
2863,2021-06-12,PIE,42719,22514,20205,39281,2629,809,ITC,ITC1,1,Piemonte,Piemonte,4356406,1135477,26.06,0.98
2864,2021-02-08,PIE,6932,2356,4576,664,6263,5,ITC,ITC1,1,Piemonte,Piemonte,4356406,1142409,26.22,0.16
2865,2021-08-29,PIE,15124,8111,7013,5029,9666,429,ITC,ITC1,1,Piemonte,Piemonte,4356406,1157533,26.57,0.35
2866,2021-05-21,PIE,36274,16852,19422,20086,15666,522,ITC,ITC1,1,Piemonte,Piemonte,4356406,1193807,27.4,0.83
2867,2021-07-17,PIE,42047,22133,19914,4955,36597,495,ITC,ITC1,1,Piemonte,Piemonte,4356406,1235854,28.37,0.97
2868,2021-07-06,PIE,38331,19400,18931,8651,29127,553,ITC,ITC1,1,Piemonte,Piemonte,4356406,1274185,29.25,0.88
2869,2021-03-28,PIE,16090,6906,9184,8126,7624,340,ITC,ITC1,1,Piemonte,Piemonte,4356406,1290275,29.62,0.37
2870,2021-07-20,PIE,39107,20576,18531,5755,32783,569,ITC,ITC1,1,Piemonte,Piemonte,4356406,1329382,30.52,0.9
2871,2021-04-11,PIE,20854,9328,11526,18233,2151,470,ITC,ITC1,1,Piemonte,Piemonte,4356406,1350236,30.99,0.48
2872,2021-01-04,PIE,5584,1690,3894,5583,0,1,ITC,ITC1,1,Piemonte,Piemonte,4356406,1355820,31.12,0.13
2873,2021-04-28,PIE,26096,11763,14333,15482,10061,553,ITC,ITC1,1,Piemonte,Piemonte,4356406,1381916,31.72,0.6
2874,2021-02-11,PIE,6776,2110,4666,2991,3766,19,ITC,ITC1,1,Piemonte,Piemonte,4356406,1388692,31.88,0.16
2875,2021-04-09,PIE,25919,11411,14508,20834,4507,578,ITC,ITC1,1,Piemonte,Piemonte,4356406,1414611,32.47,0.59
2876,2020-12-30,PIE,742,327,415,742,0,0,ITC,ITC1,1,Piemonte,Piemonte,4356406,1415353,32.49,0.02
2877,2021-06-05,PIE,37029,18959,18070,31915,4463,651,ITC,ITC1,1,Piemonte,Piemonte,4356406,1452382,33.34,0.85
2878,2021-02-25,PIE,12286,5304,6982,11552,547,187,ITC,ITC1,1,Piemonte,Piemonte,4356406,1464668,33.62,0.28
2879,2021-08-08,PIE,20288,10834,9454,9012,10932,344,ITC,ITC1,1,Piemonte,Piemonte,4356406,1484956,34.09,0.47
2880,2021-04-30,PIE,31991,14391,17600,17953,13347,691,ITC,ITC1,1,Piemonte,Piemonte,4356406,1516947,34.82,0.73
2881,2021-03-30,PIE,17008,7122,9886,8736,7875,397,ITC,ITC1,1,Piemonte,Piemonte,4356406,1533955,35.21,0.39
2882,2021-07-10,PIE,41249,20915,20334,6733,33974,542,ITC,ITC1,1,Piemonte,Piemonte,4356406,1575204,36.16,0.95
2883,2021-04-01,PIE,19443,8155,11288,10977,8141,325,ITC,ITC1,1,Piemonte,Piemonte,4356406,1594647,36.6,0.45
2884,2021-09-05,PIE,13018,6895,6123,4455,8092,471,ITC,ITC1,1,Piemonte,Piemonte,4356406,1607665,36.9,0.3
2885,2021-05-28,PIE,35120,16632,18488,18685,16021,414,ITC,ITC1,1,Piemonte,Piemonte,4356406,1642785,37.71,0.81
2886,2021-01-25,PIE,6230,1947,4283,975,5253,2,ITC,ITC1,1,Piemonte,Piemonte,4356406,1649015,37.85,0.14
2887,2021-08-31,PIE,19000,10021,8979,6812,11636,552,ITC,ITC1,1,Piemonte,Piemonte,4356406,1668015,38.29,0.44
2888,2021-06-09,PIE,38739,20405,18334,35188,2748,803,ITC,ITC1,1,Piemonte,Piemonte,4356406,1706754,39.18,0.89
2889,2021-03-18,PIE,11783,4817,6966,3840,7749,194,ITC,ITC1,1,Piemonte,Piemonte,4356406,1718537,39.45,0.27
2890,2021-03-03,PIE,12391,4871,7520,11375,821,195,ITC,ITC1,1,Piemonte,Piemonte,4356406,1730928,39.73,0.28
2891,2021-03-20,PIE,11935,4900,7035,5782,5901,252,ITC,ITC1,1,Piemonte,Piemonte,4356406,1742863,40.01,0.27
2892,2021-04-18,PIE,22971,10818,12153,19633,2756,582,ITC,ITC1,1,Piemonte,Piemonte,4356406,1765834,40.53,0.53
2893,2021-01-08,PIE,5548,1767,3781,5546,0,2,ITC,ITC1,1,Piemonte,Piemonte,4356406,1771382,40.66,0.13
2894,2021-06-14,PIE,38086,19612,18474,30272,7098,716,ITC,ITC1,1,Piemonte,Piemonte,4356406,1809468,41.54,0.87
2895,2021-03-06,PIE,14042,5233,8809,11063,2799,180,ITC,ITC1,1,Piemonte,Piemonte,4356406,1823510,41.86,0.32
2896,2021-08-10,PIE,22046,11680,10366,12505,8891,650,ITC,ITC1,1,Piemonte,Piemonte,4356406,1845556,42.36,0.51
2897,2021-01-22,PIE,3884,1256,2628,2538,1345,1,ITC,ITC1,1,Piemonte,Piemonte,4356406,1849440,42.45,0.09
2898,2021-08-21,PIE,13303,7110,6193,7699,5087,517,ITC,ITC1,1,Piemonte,Piemonte,4356406,1862743,42.76,0.31
2899,2021-01-18,PIE,6179,2051,4128,5924,251,4,ITC,ITC1,1,Piemonte,Piemonte,4356406,1868922,42.9,0.14
2900,2021-05-17,PIE,31010,14643,16367,17383,13211,416,ITC,ITC1,1,Piemonte,Piemonte,4356406,1899932,43.61,0.71
2901,2021-02-06,PIE,8013,2667,5346,396,7615,2,ITC,ITC1,1,Piemonte,Piemonte,4356406,1907945,43.8,0.18
2902,2021-02-23,PIE,9274,3734,5540,8509,590,175,ITC,ITC1,1,Piemonte,Piemonte,4356406,1917219,44.01,0.21
2903,2021-05-31,PIE,29167,14082,15085,20168,8588,411,ITC,ITC1,1,Piemonte,Piemonte,4356406,1946386,44.68,0.67
2904,2021-06-17,PIE,41230,20698,20532,24234,16367,629,ITC,ITC1,1,Piemonte,Piemonte,4356406,1987616,45.63,0.95
2905,2021-05-30,PIE,27827,13231,14596,18052,9397,378,ITC,ITC1,1,Piemonte,Piemonte,4356406,2015443,46.26,0.64
2906,2021-02-19,PIE,5559,2185,3374,4930,504,125,ITC,ITC1,1,Piemonte,Piemonte,4356406,2021002,46.39,0.13
2907,2021-06-04,PIE,37688,19708,17980,34098,2966,624,ITC,ITC1,1,Piemonte,Piemonte,4356406,2058690,47.26,0.87
2908,2021-02-24,PIE,11410,4616,6794,10753,505,152,ITC,ITC1,1,Piemonte,Piemonte,4356406,2070100,47.52,0.26
2909,2021-06-06,PIE,35172,18373,16799,32125,2491,556,ITC,ITC1,1,Piemonte,Piemonte,4356406,2105272,48.33,0.81
2910,2021-08-02,PIE,30000,15847,14153,9403,20062,535,ITC,ITC1,1,Piemonte,Piemonte,4356406,2135272,49.01,0.69
2911,2021-02-17,PIE,4814,2168,2646,3761,991,62,ITC,ITC1,1,Piemonte,Piemonte,4356406,2140086,49.13,0.11
2912,2021-06-08,PIE,37761,19531,18230,34188,2856,717,ITC,ITC1,1,Piemonte,Piemonte,4356406,2177847,49.99,0.87
2913,2021-08-14,PIE,15110,8136,6974,9788,4760,562,ITC,ITC1,1,Piemonte,Piemonte,4356406,2192957,50.34,0.35
2914,2021-05-06,PIE,33471,15806,17665,19304,13560,607,ITC,ITC1,1,Piemonte,Piemonte,4356406,2226428,51.11,0.77
2915,2021-05-23,PIE,28823,13171,15652,15489,13015,319,ITC,ITC1,1,Piemonte,Piemonte,4356406,2255251,51.77,0.66
2916,2021-02-12,PIE,6918,2226,4692,3922,2971,25,ITC,ITC1,1,Piemonte,Piemonte,4356406,2262169,51.93,0.16
2917,2021-03-01,PIE,12186,4967,7219,11193,813,180,ITC,ITC1,1,Piemonte,Piemonte,4356406,2274355,52.21,0.28
2918,2021-09-02,PIE,16852,8781,8071,6144,10069,639,ITC,ITC1,1,Piemonte,Piemonte,4356406,2291207,52.59,0.39
2919,2021-05-25,PIE,31935,14799,17136,15642,15897,396,ITC,ITC1,1,Piemonte,Piemonte,4356406,2323142,53.33,0.73
2920,2021-06-11,PIE,43677,23111,20566,40011,2843,823,ITC,ITC1,1,Piemonte,Piemonte,4356406,2366819,54.33,1.0
2921,2021-03-09,PIE,14337,5740,8597,11748,2353,236,ITC,ITC1,1,Piemonte,Piemonte,4356406,2381156,54.66,0.33
2922,2021-08-24,PIE,15222,8123,7099,7859,6726,637,ITC,ITC1,1,Piemonte,Piemonte,4356406,2396378,55.01,0.35
2923,2021-01-01,PIE,1041,396,645,1040,0,1,ITC,ITC1,1,Piemonte,Piemonte,4356406,2397419,55.03,0.02
2924,2021-04-02,PIE,20178,8332,11846,11339,8434,405,ITC,ITC1,1,Piemonte,Piemonte,4356406,2417597,55.5,0.46
2925,2021-05-29,PIE,32856,15250,17606,20303,12191,362,ITC,ITC1,1,Piemonte,Piemonte,4356406,2450453,56.25,0.75
2926,2021-02-18,PIE,4816,2111,2705,4299,429,88,ITC,ITC1,1,Piemonte,Piemonte,4356406,2455269,56.36,0.11
2927,2021-07-25,PIE,28786,15264,13522,6597,21694,495,ITC,ITC1,1,Piemonte,Piemonte,4356406,2484055,57.02,0.66
2928,2021-04-16,PIE,28476,13236,15240,22691,5015,770,ITC,ITC1,1,Piemonte,Piemonte,4356406,2512531,57.67,0.65
2929,2021-07-02,PIE,43843,22057,21786,17384,25589,870,ITC,ITC1,1,Piemonte,Piemonte,4356406,2556374,58.68,1.01
2930,2021-08-28,PIE,17476,9202,8274,7289,9559,628,ITC,ITC1,1,Piemonte,Piemonte,4356406,2573850,59.08,0.4
2931,2021-05-13,PIE,35779,17579,18200,19910,15146,723,ITC,ITC1,1,Piemonte,Piemonte,4356406,2609629,59.9,0.82
2932,2021-06-02,PIE,26767,13101,13666,21673,4648,446,ITC,ITC1,1,Piemonte,Piemonte,4356406,2636396,60.52,0.61
2933,2021-02-22,PIE,8505,3476,5029,7805,595,105,ITC,ITC1,1,Piemonte,Piemonte,4356406,2644901,60.71,0.2
2934,2021-03-11,PIE,14038,5316,8722,10687,3100,251,ITC,ITC1,1,Piemonte,Piemonte,4356406,2658939,61.04,0.32
2935,2021-03-25,PIE,17165,7283,9882,8085,8637,443,ITC,ITC1,1,Piemonte,Piemonte,4356406,2676104,61.43,0.39
2936,2021-08-04,PIE,29318,15502,13816,8958,19853,507,ITC,ITC1,1,Piemonte,Piemonte,4356406,2705422,62.1,0.67
2937,2021-04-26,PIE,19839,8768,11071,14921,4402,516,ITC,ITC1,1,Piemonte,Piemonte,4356406,2725261,62.56,0.46
2938,2021-07-05,PIE,35630,17828,17802,11700,23239,691,ITC,ITC1,1,Piemonte,Piemonte,4356406,2760891,63.38,0.82
2939,2021-02-20,PIE,3847,1263,2584,3571,174,102,ITC,ITC1,1,Piemonte,Piemonte,4356406,2764738,63.46,0.09
2940,2021-07-24,PIE,34898,18358,16540,7910,26386,602,ITC,ITC1,1,Piemonte,Piemonte,4356406,2799636,64.26,0.8
2941,2021-01-13,PIE,10109,3239,6870,10100,0,9,ITC,ITC1,1,Piemonte,Piemonte,4356406,2809745,64.5,0.23
2942,2021-06-16,PIE,40476,20276,20200,23568,16272,636,ITC,ITC1,1,Piemonte,Piemonte,4356406,2850221,65.43,0.93
2943,2021-08-12,PIE,22050,11830,10220,13472,7826,752,ITC,ITC1,1,Piemonte,Piemonte,4356406,2872271,65.93,0.51
2944,2021-08-11,PIE,23441,12608,10833,13440,9358,643,ITC,ITC1,1,Piemonte,Piemonte,4356406,2895712,66.47,0.54
2945,2021-05-03,PIE,26722,12221,14501,12049,14226,447,ITC,ITC1,1,Piemonte,Piemonte,4356406,2922434,67.08,0.61
2946,2021-02-26,PIE,12319,4943,7376,11366,742,211,ITC,ITC1,1,Piemonte,Piemonte,4356406,2934753,67.37,0.28
2947,2021-04-24,PIE,27556,12457,15099,21324,5664,568,ITC,ITC1,1,Piemonte,Piemonte,4356406,2962309,68.0,0.63
2948,2021-01-14,PIE,9797,3159,6638,9791,0,6,ITC,ITC1,1,Piemonte,Piemonte,4356406,2972106,68.22,0.22
2949,2021-08-07,PIE,29774,15939,13835,12648,16647,479,ITC,ITC1,1,Piemonte,Piemonte,4356406,3001880,68.91,0.68
2950,2021-04-29,PIE,48582,22011,26571,34720,12648,1214,ITC,ITC1,1,Piemonte,Piemonte,4356406,3050462,70.02,1.12
2951,2021-05-16,PIE,28227,12809,15418,14762,13089,376,ITC,ITC1,1,Piemonte,Piemonte,4356406,3078689,70.67,0.65
2952,2021-02-05,PIE,9632,3145,6487,655,8975,2,ITC,ITC1,1,Piemonte,Piemonte,4356406,3088321,70.89,0.22
2953,2021-08-18,PIE,18104,9775,8329,11596,5766,742,ITC,ITC1,1,Piemonte,Piemonte,4356406,3106425,71.31,0.42
2954,2021-04-19,PIE,22586,10783,11803,17662,4358,566,ITC,ITC1,1,Piemonte,Piemonte,4356406,3129011,71.83,0.52
2955,2021-07-12,PIE,39247,20240,19007,4562,34211,474,ITC,ITC1,1,Piemonte,Piemonte,4356406,3168258,72.73,0.9
2956,2021-07-29,PIE,36693,19069,17624,9366,26669,658,ITC,ITC1,1,Piemonte,Piemonte,4356406,3204951,73.57,0.84
2957,2021-04-20,PIE,25538,11689,13849,18551,6357,630,ITC,ITC1,1,Piemonte,Piemonte,4356406,3230489,74.15,0.59
2958,2021-05-07,PIE,33155,15687,17468,18380,14155,620,ITC,ITC1,1,Piemonte,Piemonte,4356406,3263644,74.92,0.76
2959,2021-01-27,PIE,4208,1456,2752,995,3211,2,ITC,ITC1,1,Piemonte,Piemonte,4356406,3267852,75.01,0.1
2960,2021-02-13,PIE,4171,1343,2828,2930,1225,16,ITC,ITC1,1,Piemonte,Piemonte,4356406,3272023,75.11,0.1
2961,2021-07-31,PIE,35761,19011,16750,10750,24635,376,ITC,ITC1,1,Piemonte,Piemonte,4356406,3307784,75.93,0.82
2962,2021-08-17,PIE,18070,9685,8385,11694,5599,777,ITC,ITC1,1,Piemonte,Piemonte,4356406,3325854,76.34,0.41
2963,2021-02-02,PIE,10288,3522,6766,814,9473,1,ITC,ITC1,1,Piemonte,Piemonte,4356406,3336142,76.58,0.24
2964,2021-07-09,PIE,40489,20659,19830,5765,34185,539,ITC,ITC1,1,Piemonte,Piemonte,4356406,3376631,77.51,0.93
2965,2021-03-31,PIE,19145,8128,11017,10104,8699,342,ITC,ITC1,1,Piemonte,Piemonte,4356406,3395776,77.95,0.44
2966,2021-09-04,PIE,18562,9705,8857,6339,11510,713,ITC,ITC1,1,Piemonte,Piemonte,4356406,3414338,78.38,0.43
2967,2021-05-27,PIE,37523,17445,20078,18868,18202,453,ITC,ITC1,1,Piemonte,Piemonte,4356406,3451861,79.24,0.86
2968,2021-02-16,PIE,3987,1766,2221,3173,765,49,ITC,ITC1,1,Piemonte,Piemonte,4356406,3455848,79.33,0.09
2969,2021-01-09,PIE,6200,2194,4006,6198,0,2,ITC,ITC1,1,Piemonte,Piemonte,4356406,3462048,79.47,0.14
2970,2021-01-26,PIE,6362,1896,4466,737,5624,1,ITC,ITC1,1,Piemonte,Piemonte,4356406,3468410,79.62,0.15
2971,2021-07-30,PIE,35840,18714,17126,9559,25777,504,ITC,ITC1,1,Piemonte,Piemonte,4356406,3504250,80.44,0.82
2972,2021-08-16,PIE,19243,10220,9023,11586,6810,847,ITC,ITC1,1,Piemonte,Piemonte,4356406,3523493,80.88,0.44
2973,2021-05-08,PIE,34357,16295,18062,18160,15666,531,ITC,ITC1,1,Piemonte,Piemonte,4356406,3557850,81.67,0.79
2974,2021-01-28,PIE,5613,1815,3798,380,5233,0,ITC,ITC1,1,Piemonte,Piemonte,4356406,3563463,81.8,0.13
2975,2021-02-14,PIE,1483,501,982,871,605,7,ITC,ITC1,1,Piemonte,Piemonte,4356406,3564946,81.83,0.03
2976,2021-07-22,PIE,41660,21929,19731,7018,34047,595,ITC,ITC1,1,Piemonte,Piemonte,4356406,3606606,82.79,0.96
2977,2021-04-13,PIE,26764,12037,14727,22603,3465,696,ITC,ITC1,1,Piemonte,Piemonte,4356406,3633370,83.4,0.61
2978,2021-01-20,PIE,6634,2092,4542,5904,723,7,ITC,ITC1,1,Piemonte,Piemonte,4356406,3640004,83.56,0.15
2979,2021-02-03,PIE,10224,3312,6912,609,9613,2,ITC,ITC1,1,Piemonte,Piemonte,4356406,3650228,83.79,0.23
2980,2021-06-18,PIE,40725,20361,20364,25794,14240,691,ITC,ITC1,1,Piemonte,Piemonte,4356406,3690953,84.72,0.93
2981,2021-03-10,PIE,13955,5452,8503,11390,2295,270,ITC,ITC1,1,Piemonte,Piemonte,4356406,3704908,85.05,0.32
2982,2021-03-27,PIE,18426,7839,10587,9137,8835,454,ITC,ITC1,1,Piemonte,Piemonte,4356406,3723334,85.47,0.42
2983,2021-05-09,PIE,27176,12941,14235,13157,13623,396,ITC,ITC1,1,Piemonte,Piemonte,4356406,3750510,86.09,0.62
2984,2021-05-26,PIE,34229,15776,18453,15356,18511,362,ITC,ITC1,1,Piemonte,Piemonte,4356406,3784739,86.88,0.79
2985,2021-02-15,PIE,4443,1602,2841,3213,1207,23,ITC,ITC1,1,Piemonte,Piemonte,4356406,3789182,86.98,0.1
2986,2021-03-04,PIE,14754,5946,8808,11580,2950,224,ITC,ITC1,1,Piemonte,Piemonte,4356406,3803936,87.32,0.34
2987,2021-01-06,PIE,3119,1106,2013,3118,0,1,ITC,ITC1,1,Piemonte,Piemonte,4356406,3807055,87.39,0.07
2988,2021-08-05,PIE,30345,16096,14249,11237,18553,555,ITC,ITC1,1,Piemonte,Piemonte,4356406,3837400,88.09,0.7
2989,2021-06-23,PIE,39822,19781,20041,16420,22895,507,ITC,ITC1,1,Piemonte,Piemonte,4356406,3877222,89.0,0.91
2990,2021-08-19,PIE,15884,8547,7337,10558,4596,730,ITC,ITC1,1,Piemonte,Piemonte,4356406,3893106,89.37,0.36
2991,2021-03-24,PIE,15616,6415,9201,6111,9140,365,ITC,ITC1,1,Piemonte,Piemonte,4356406,3908722,89.72,0.36
2992,2021-05-20,PIE,38710,17984,20726,13368,24980,362,ITC,ITC1,1,Piemonte,Piemonte,4356406,3947432,90.61,0.89
2993,2021-02-09,PIE,7409,2319,5090,717,6690,2,ITC,ITC1,1,Piemonte,Piemonte,4356406,3954841,90.78,0.17
2994,2021-07-16,PIE,42143,22013,20130,3608,38116,419,ITC,ITC1,1,Piemonte,Piemonte,4356406,3996984,91.75,0.97
2995,2021-04-07,PIE,23705,10039,13666,17703,5462,540,ITC,ITC1,1,Piemonte,Piemonte,4356406,4020689,92.29,0.54
2996,2021-08-09,PIE,24743,12906,11837,12032,11996,715,ITC,ITC1,1,Piemonte,Piemonte,4356406,4045432,92.86,0.57
2997,2021-08-26,PIE,16884,9143,7741,8108,8026,750,ITC,ITC1,1,Piemonte,Piemonte,4356406,4062316,93.25,0.39
2998,2021-05-18,PIE,32235,14870,17365,19103,12684,448,ITC,ITC1,1,Piemonte,Piemonte,4356406,4094551,93.99,0.74
2999,2021-09-09,PIE,15825,8219,7606,6015,9050,760,ITC,ITC1,1,Piemonte,Piemonte,4356406,4110376,94.35,0.36
3000,2021-03-08,PIE,14310,5606,8704,11350,2717,243,ITC,ITC1,1,Piemonte,Piemonte,4356406,4124686,94.68,0.33
3001,2021-05-04,PIE,31623,14617,17006,17302,13726,595,ITC,ITC1,1,Piemonte,Piemonte,4356406,4156309,95.41,0.73
3002,2021-01-24,PIE,3161,964,2197,435,2724,2,ITC,ITC1,1,Piemonte,Piemonte,4356406,4159470,95.48,0.07
3003,2021-06-30,PIE,41345,20211,21134,18487,21976,882,ITC,ITC1,1,Piemonte,Piemonte,4356406,4200815,96.43,0.95
3004,2021-03-22,PIE,11545,4899,6646,3719,7609,217,ITC,ITC1,1,Piemonte,Piemonte,4356406,4212360,96.69,0.27
3005,2021-01-19,PIE,6474,2108,4366,6456,9,9,ITC,ITC1,1,Piemonte,Piemonte,4356406,4218834,96.84,0.15
3006,2021-07-23,PIE,38163,20121,18042,8027,29502,634,ITC,ITC1,1,Piemonte,Piemonte,4356406,4256997,97.72,0.88
3007,2021-04-14,PIE,28353,12839,15514,23056,4575,722,ITC,ITC1,1,Piemonte,Piemonte,4356406,4285350,98.37,0.65
3008,2021-08-06,PIE,30478,16121,14357,13297,16505,676,ITC,ITC1,1,Piemonte,Piemonte,4356406,4315828,99.07,0.7
3009,2021-06-25,PIE,45611,22724,22887,20289,24593,729,ITC,ITC1,1,Piemonte,Piemonte,4356406,4361439,100.12,1.05
3010,2021-04-03,PIE,19505,8212,11293,10614,8577,314,ITC,ITC1,1,Piemonte,Piemonte,4356406,4380944,100.56,0.45
3011,2021-01-10,PIE,5243,2286,2957,5241,0,2,ITC,ITC1,1,Piemonte,Piemonte,4356406,4386187,100.68,0.12
3012,2021-07-14,PIE,39071,20093,18978,3602,35042,427,ITC,ITC1,1,Piemonte,Piemonte,4356406,4425258,101.58,0.9
3013,2021-04-27,PIE,22657,10236,12421,16839,5161,657,ITC,ITC1,1,Piemonte,Piemonte,4356406,4447915,102.1,0.52
3014,2021-01-17,PIE,3530,1169,2361,2878,650,2,ITC,ITC1,1,Piemonte,Piemonte,4356406,4451445,102.18,0.08
3015,2021-01-03,PIE,3067,972,2095,3066,0,1,ITC,ITC1,1,Piemonte,Piemonte,4356406,4454512,102.25,0.07
3016,2021-07-07,PIE,38050,18908,19142,9703,27751,596,ITC,ITC1,1,Piemonte,Piemonte,4356406,4492562,103.13,0.87
3017,2021-03-29,PIE,15272,6485,8787,8389,6615,268,ITC,ITC1,1,Piemonte,Piemonte,4356406,4507834,103.48,0.35
3018,2021-07-21,PIE,38056,20185,17871,6555,30976,525,ITC,ITC1,1,Piemonte,Piemonte,4356406,4545890,104.35,0.87
3019,2021-04-12,PIE,22972,10372,12600,19452,2995,525,ITC,ITC1,1,Piemonte,Piemonte,4356406,4568862,104.88,0.53
3020,2021-01-02,PIE,3551,1133,2418,3550,0,1,ITC,ITC1,1,Piemonte,Piemonte,4356406,4572413,104.96,0.08
3021,2021-08-25,PIE,16418,8855,7563,8266,7430,722,ITC,ITC1,1,Piemonte,Piemonte,4356406,4588831,105.34,0.38
3022,2021-06-03,PIE,34813,18021,16792,29769,4494,550,ITC,ITC1,1,Piemonte,Piemonte,4356406,4623644,106.13,0.8
3023,2021-04-22,PIE,27694,12755,14939,20204,6695,795,ITC,ITC1,1,Piemonte,Piemonte,4356406,4651338,106.77,0.64
3024,2021-01-12,PIE,10106,3420,6686,10100,0,6,ITC,ITC1,1,Piemonte,Piemonte,4356406,4661444,107.0,0.23
3025,2021-01-29,PIE,5961,1894,4067,454,5507,0,ITC,ITC1,1,Piemonte,Piemonte,4356406,4667405,107.14,0.14
3026,2021-03-15,PIE,10705,4201,6504,4935,5614,156,ITC,ITC1,1,Piemonte,Piemonte,4356406,4678110,107.38,0.25
3027,2021-05-11,PIE,32324,15580,16744,18428,13255,641,ITC,ITC1,1,Piemonte,Piemonte,4356406,4710434,108.13,0.74
3028,2021-01-31,PIE,4153,1766,2387,115,4038,0,ITC,ITC1,1,Piemonte,Piemonte,4356406,4714587,108.22,0.1
3029,2021-07-18,PIE,32932,17271,15661,3250,29347,335,ITC,ITC1,1,Piemonte,Piemonte,4356406,4747519,108.98,0.76
3030,2021-02-07,PIE,3102,977,2125,446,2655,1,ITC,ITC1,1,Piemonte,Piemonte,4356406,4750621,109.05,0.07
3031,2021-05-01,PIE,28604,13021,15583,16342,11810,452,ITC,ITC1,1,Piemonte,Piemonte,4356406,4779225,109.71,0.66
3032,2021-01-21,PIE,6887,2317,4570,3375,3506,6,ITC,ITC1,1,Piemonte,Piemonte,4356406,4786112,109.86,0.16
3033,2021-08-23,PIE,18350,9859,8491,8831,8930,589,ITC,ITC1,1,Piemonte,Piemonte,4356406,4804462,110.28,0.42
3034,2021-05-15,PIE,33839,15780,18059,19419,13744,676,ITC,ITC1,1,Piemonte,Piemonte,4356406,4838301,111.06,0.78
3035,2021-06-01,PIE,29619,14881,14738,24500,4684,435,ITC,ITC1,1,Piemonte,Piemonte,4356406,4867920,111.74,0.68
3036,2021-02-21,PIE,5103,2090,3013,4949,104,50,ITC,ITC1,1,Piemonte,Piemonte,4356406,4873023,111.86,0.12
3037,2021-02-28,PIE,10838,4066,6772,10417,241,180,ITC,ITC1,1,Piemonte,Piemonte,4356406,4883861,112.11,0.25
3038,2021-03-17,PIE,12533,5064,7469,5038,7306,189,ITC,ITC1,1,Piemonte,Piemonte,4356406,4896394,112.4,0.29
3039,2021-06-10,PIE,40603,21224,19379,37124,2593,886,ITC,ITC1,1,Piemonte,Piemonte,4356406,4936997,113.33,0.93
3040,2021-06-27,PIE,37593,18628,18965,15213,21772,608,ITC,ITC1,1,Piemonte,Piemonte,4356406,4974590,114.19,0.86
3041,2021-03-19,PIE,11043,4525,6518,4222,6611,210,ITC,ITC1,1,Piemonte,Piemonte,4356406,4985633,114.44,0.25
3042,2021-04-05,PIE,14773,6247,8526,11958,2562,253,ITC,ITC1,1,Piemonte,Piemonte,4356406,5000406,114.78,0.34
3043,2021-07-11,PIE,33221,16931,16290,4530,28370,321,ITC,ITC1,1,Piemonte,Piemonte,4356406,5033627,115.55,0.76
3044,2021-09-06,PIE,18195,9522,8673,6103,11409,683,ITC,ITC1,1,Piemonte,Piemonte,4356406,5051822,115.96,0.42
3045,2021-08-30,PIE,20887,10906,9981,7220,13001,666,ITC,ITC1,1,Piemonte,Piemonte,4356406,5072709,116.44,0.48
3046,2021-05-22,PIE,33583,15169,18414,16922,16248,413,ITC,ITC1,1,Piemonte,Piemonte,4356406,5106292,117.21,0.77
3047,2021-06-20,PIE,34137,17114,17023,18790,14781,566,ITC,ITC1,1,Piemonte,Piemonte,4356406,5140429,118.0,0.78
3048,2021-03-12,PIE,14233,5411,8822,10994,2947,292,ITC,ITC1,1,Piemonte,Piemonte,4356406,5154662,118.32,0.33
3049,2021-07-04,PIE,33860,17064,16796,11245,21985,630,ITC,ITC1,1,Piemonte,Piemonte,4356406,5188522,119.1,0.78
3050,2021-03-26,PIE,17953,7137,10816,8533,8889,531,ITC,ITC1,1,Piemonte,Piemonte,4356406,5206475,119.51,0.41
3051,2021-06-29,PIE,40667,20310,20357,19228,20729,710,ITC,ITC1,1,Piemonte,Piemonte,4356406,5247142,120.45,0.93
3052,2021-02-01,PIE,8696,3071,5625,579,8116,1,ITC,ITC1,1,Piemonte,Piemonte,4356406,5255838,120.65,0.2
3053,2021-05-14,PIE,33492,16311,17181,17364,15452,676,ITC,ITC1,1,Piemonte,Piemonte,4356406,5289330,121.41,0.77
3054,2021-07-26,PIE,32827,17078,15749,8303,23891,633,ITC,ITC1,1,Piemonte,Piemonte,4356406,5322157,122.17,0.75
3055,2021-04-17,PIE,30519,14173,16346,26481,3313,725,ITC,ITC1,1,Piemonte,Piemonte,4356406,5352676,122.87,0.7
3056,2021-06-13,PIE,38200,20161,18039,33289,4136,775,ITC,ITC1,1,Piemonte,Piemonte,4356406,5390876,123.75,0.88
3057,2021-02-10,PIE,7562,2377,5185,1301,6246,15,ITC,ITC1,1,Piemonte,Piemonte,4356406,5398438,123.92,0.17
3058,2021-04-08,PIE,25355,11037,14318,20058,4729,568,ITC,ITC1,1,Piemonte,Piemonte,4356406,5423793,124.5,0.58
3059,2021-07-19,PIE,39653,20634,19019,4498,34736,419,ITC,ITC1,1,Piemonte,Piemonte,4356406,5463446,125.41,0.91
3060,2021-04-10,PIE,30205,13427,16778,25275,4269,661,ITC,ITC1,1,Piemonte,Piemonte,4356406,5493651,126.11,0.69
3061,2021-04-15,PIE,29649,13583,16066,23415,5540,694,ITC,ITC1,1,Piemonte,Piemonte,4356406,5523300,126.79,0.68
3062,2021-01-05,PIE,5404,1615,3789,5397,0,7,ITC,ITC1,1,Piemonte,Piemonte,4356406,5528704,126.91,0.12
3063,2021-06-22,PIE,40714,20132,20582,17811,22334,569,ITC,ITC1,1,Piemonte,Piemonte,4356406,5569418,127.84,0.93
3064,2021-01-07,PIE,5402,1740,3662,5400,0,2,ITC,ITC1,1,Piemonte,Piemonte,4356406,5574820,127.97,0.12
3065,2021-03-05,PIE,15665,6305,9360,11548,3837,280,ITC,ITC1,1,Piemonte,Piemonte,4356406,5590485,128.33,0.36
3066,2021-07-28,PIE,34830,18098,16732,9171,25055,604,ITC,ITC1,1,Piemonte,Piemonte,4356406,5625315,129.13,0.8
3067,2021-06-15,PIE,39029,20097,18932,26546,11788,695,ITC,ITC1,1,Piemonte,Piemonte,4356406,5664344,130.02,0.9
3068,2021-03-07,PIE,12003,4672,7331,10872,877,254,ITC,ITC1,1,Piemonte,Piemonte,4356406,5676347,130.3,0.28
3069,2020-12-31,PIE,3896,1329,2567,3896,0,0,ITC,ITC1,1,Piemonte,Piemonte,4356406,5680243,130.39,0.09
3070,2021-08-27,SAR,8385,4495,3890,4909,3334,142,ITG,ITG2,20,Sardegna,Sardegna,1639591,8385,0.51,0.51
3071,2021-05-19,SAR,17085,8684,8401,12633,4282,170,ITG,ITG2,20,Sardegna,Sardegna,1639591,25470,1.55,1.04
3072,2021-06-05,SAR,17889,8442,9447,11286,6468,135,ITG,ITG2,20,Sardegna,Sardegna,1639591,43359,2.64,1.09
3073,2021-02-25,SAR,2939,1275,1664,2296,608,35,ITG,ITG2,20,Sardegna,Sardegna,1639591,46298,2.82,0.18
3074,2021-03-14,SAR,613,379,234,602,1,10,ITG,ITG2,20,Sardegna,Sardegna,1639591,46911,2.86,0.04
3075,2021-02-11,SAR,1322,490,832,1207,115,0,ITG,ITG2,20,Sardegna,Sardegna,1639591,48233,2.94,0.08
3076,2021-09-10,SAR,4510,2406,2104,892,3562,56,ITG,ITG2,20,Sardegna,Sardegna,1639591,52743,3.22,0.28
3077,2021-09-01,SAR,8248,4311,3937,3117,5040,91,ITG,ITG2,20,Sardegna,Sardegna,1639591,60991,3.72,0.5
3078,2021-05-24,SAR,14491,7259,7232,8360,5999,132,ITG,ITG2,20,Sardegna,Sardegna,1639591,75482,4.6,0.88
3079,2021-02-13,SAR,1458,563,895,1452,2,4,ITG,ITG2,20,Sardegna,Sardegna,1639591,76940,4.69,0.09
3080,2021-01-16,SAR,1498,530,968,1498,0,0,ITG,ITG2,20,Sardegna,Sardegna,1639591,78438,4.78,0.09
3081,2021-08-15,SAR,19,10,9,9,10,0,ITG,ITG2,20,Sardegna,Sardegna,1639591,78457,4.79,0.0
3082,2021-04-09,SAR,12479,5526,6953,7934,4402,143,ITG,ITG2,20,Sardegna,Sardegna,1639591,90936,5.55,0.76
3083,2021-07-20,SAR,16151,7931,8220,3654,12406,91,ITG,ITG2,20,Sardegna,Sardegna,1639591,107087,6.53,0.99
3084,2021-04-11,SAR,5416,2450,2966,4263,1124,29,ITG,ITG2,20,Sardegna,Sardegna,1639591,112503,6.86,0.33
3085,2021-06-07,SAR,12567,6145,6422,9437,3007,123,ITG,ITG2,20,Sardegna,Sardegna,1639591,125070,7.63,0.77
3086,2021-04-30,SAR,11315,5343,5972,6822,4301,192,ITG,ITG2,20,Sardegna,Sardegna,1639591,136385,8.32,0.69
3087,2021-05-17,SAR,12841,6266,6575,9138,3554,149,ITG,ITG2,20,Sardegna,Sardegna,1639591,149226,9.1,0.78
3088,2021-02-06,SAR,1983,706,1277,566,1414,3,ITG,ITG2,20,Sardegna,Sardegna,1639591,151209,9.22,0.12
3089,2021-02-23,SAR,1577,1050,527,1278,282,17,ITG,ITG2,20,Sardegna,Sardegna,1639591,152786,9.32,0.1
3090,2021-05-29,SAR,18029,8657,9372,13249,4612,168,ITG,ITG2,20,Sardegna,Sardegna,1639591,170815,10.42,1.1
3091,2021-02-18,SAR,1898,738,1160,1794,64,40,ITG,ITG2,20,Sardegna,Sardegna,1639591,172713,10.53,0.12
3092,2021-09-08,SAR,12261,6570,5691,3190,8929,142,ITG,ITG2,20,Sardegna,Sardegna,1639591,184974,11.28,0.75
3093,2021-05-31,SAR,11372,5409,5963,8162,3112,98,ITG,ITG2,20,Sardegna,Sardegna,1639591,196346,11.98,0.69
3094,2021-07-27,SAR,16532,8384,8148,4215,12206,111,ITG,ITG2,20,Sardegna,Sardegna,1639591,212878,12.98,1.01
3095,2021-04-18,SAR,5155,2237,2918,2240,2885,30,ITG,ITG2,20,Sardegna,Sardegna,1639591,218033,13.3,0.31
3096,2021-08-08,SAR,1884,979,905,1020,841,23,ITG,ITG2,20,Sardegna,Sardegna,1639591,219917,13.41,0.11
3097,2021-06-26,SAR,19166,9014,10152,5453,13635,78,ITG,ITG2,20,Sardegna,Sardegna,1639591,239083,14.58,1.17
3098,2021-08-22,SAR,1162,650,512,403,756,3,ITG,ITG2,20,Sardegna,Sardegna,1639591,240245,14.65,0.07
3099,2021-06-19,SAR,15348,7517,7831,9121,6128,99,ITG,ITG2,20,Sardegna,Sardegna,1639591,255593,15.59,0.94
3100,2021-07-06,SAR,15935,7722,8213,4660,11175,100,ITG,ITG2,20,Sardegna,Sardegna,1639591,271528,16.56,0.97
3101,2021-03-28,SAR,4627,1827,2800,4473,79,75,ITG,ITG2,20,Sardegna,Sardegna,1639591,276155,16.84,0.28
3102,2021-01-04,SAR,609,230,379,609,0,0,ITG,ITG2,20,Sardegna,Sardegna,1639591,276764,16.88,0.04
3103,2021-02-04,SAR,2302,825,1477,915,1384,3,ITG,ITG2,20,Sardegna,Sardegna,1639591,279066,17.02,0.14
3104,2021-04-02,SAR,9329,3625,5704,5928,3252,149,ITG,ITG2,20,Sardegna,Sardegna,1639591,288395,17.59,0.57
3105,2021-07-13,SAR,17806,8522,9284,3250,14478,78,ITG,ITG2,20,Sardegna,Sardegna,1639591,306201,18.68,1.09
3106,2021-04-04,SAR,2,1,1,0,2,0,ITG,ITG2,20,Sardegna,Sardegna,1639591,306203,18.68,0.0
3107,2021-07-01,SAR,19833,9763,10070,7257,12483,93,ITG,ITG2,20,Sardegna,Sardegna,1639591,326036,19.89,1.21
3108,2021-03-23,SAR,6499,2905,3594,5229,1089,181,ITG,ITG2,20,Sardegna,Sardegna,1639591,332535,20.28,0.4
3109,2021-07-15,SAR,18778,9236,9542,4646,14031,101,ITG,ITG2,20,Sardegna,Sardegna,1639591,351313,21.43,1.15
3110,2021-01-08,SAR,3352,1237,2115,3350,0,2,ITG,ITG2,20,Sardegna,Sardegna,1639591,354665,21.63,0.2
3111,2021-06-02,SAR,9786,4692,5094,8060,1640,86,ITG,ITG2,20,Sardegna,Sardegna,1639591,364451,22.23,0.6
3112,2021-07-29,SAR,17901,9045,8856,6530,11205,166,ITG,ITG2,20,Sardegna,Sardegna,1639591,382352,23.32,1.09
3113,2021-04-20,SAR,11195,5065,6130,7797,3297,101,ITG,ITG2,20,Sardegna,Sardegna,1639591,393547,24.0,0.68
3114,2021-07-24,SAR,12385,6386,5999,1993,10363,29,ITG,ITG2,20,Sardegna,Sardegna,1639591,405932,24.76,0.76
3115,2021-08-10,SAR,14240,7508,6732,6250,7828,162,ITG,ITG2,20,Sardegna,Sardegna,1639591,420172,25.63,0.87
3116,2021-05-02,SAR,6075,2727,3348,5296,676,103,ITG,ITG2,20,Sardegna,Sardegna,1639591,426247,26.0,0.37
3117,2021-02-08,SAR,1477,536,941,859,617,1,ITG,ITG2,20,Sardegna,Sardegna,1639591,427724,26.09,0.09
3118,2021-08-12,SAR,12481,6614,5867,6626,5687,168,ITG,ITG2,20,Sardegna,Sardegna,1639591,440205,26.85,0.76
3119,2021-05-07,SAR,14604,6665,7939,9788,4557,259,ITG,ITG2,20,Sardegna,Sardegna,1639591,454809,27.74,0.89
3120,2021-01-27,SAR,1435,506,929,78,1357,0,ITG,ITG2,20,Sardegna,Sardegna,1639591,456244,27.83,0.09
3121,2021-07-03,SAR,15844,7563,8281,3235,12576,33,ITG,ITG2,20,Sardegna,Sardegna,1639591,472088,28.79,0.97
3122,2021-03-25,SAR,9276,4021,5255,7821,1308,147,ITG,ITG2,20,Sardegna,Sardegna,1639591,481364,29.36,0.57
3123,2021-08-29,SAR,467,250,217,355,98,14,ITG,ITG2,20,Sardegna,Sardegna,1639591,481831,29.39,0.03
3124,2021-05-21,SAR,22797,11232,11565,16384,6133,280,ITG,ITG2,20,Sardegna,Sardegna,1639591,504628,30.78,1.39
3125,2021-07-08,SAR,18445,8972,9473,3832,14528,85,ITG,ITG2,20,Sardegna,Sardegna,1639591,523073,31.9,1.12
3126,2021-07-25,SAR,4343,2142,2201,862,3466,15,ITG,ITG2,20,Sardegna,Sardegna,1639591,527416,32.17,0.26
3127,2021-04-16,SAR,14604,6529,8075,9005,5421,178,ITG,ITG2,20,Sardegna,Sardegna,1639591,542020,33.06,0.89
3128,2021-01-23,SAR,61,23,38,0,61,0,ITG,ITG2,20,Sardegna,Sardegna,1639591,542081,33.06,0.0
3129,2021-06-16,SAR,17635,8276,9359,12164,5310,161,ITG,ITG2,20,Sardegna,Sardegna,1639591,559716,34.14,1.08
3130,2021-01-01,SAR,33,17,16,33,0,0,ITG,ITG2,20,Sardegna,Sardegna,1639591,559749,34.14,0.0
3131,2021-02-27,SAR,1930,646,1284,1326,561,43,ITG,ITG2,20,Sardegna,Sardegna,1639591,561679,34.26,0.12
3132,2021-08-01,SAR,3055,1502,1553,1031,1988,36,ITG,ITG2,20,Sardegna,Sardegna,1639591,564734,34.44,0.19
3133,2021-04-23,SAR,13065,5791,7274,7361,5556,148,ITG,ITG2,20,Sardegna,Sardegna,1639591,577799,35.24,0.8
3134,2021-05-10,SAR,9948,4416,5532,7210,2560,178,ITG,ITG2,20,Sardegna,Sardegna,1639591,587747,35.85,0.61
3135,2021-01-30,SAR,3946,1426,2520,368,3578,0,ITG,ITG2,20,Sardegna,Sardegna,1639591,591693,36.09,0.24
3136,2021-03-09,SAR,5562,2754,2808,4757,732,73,ITG,ITG2,20,Sardegna,Sardegna,1639591,597255,36.43,0.34
3137,2021-08-13,SAR,9950,5419,4531,6314,3517,119,ITG,ITG2,20,Sardegna,Sardegna,1639591,607205,37.03,0.61
3138,2021-05-05,SAR,10282,4678,5604,8009,2062,211,ITG,ITG2,20,Sardegna,Sardegna,1639591,617487,37.66,0.63
3139,2021-08-03,SAR,14575,7509,7066,7514,6863,198,ITG,ITG2,20,Sardegna,Sardegna,1639591,632062,38.55,0.89
3140,2021-08-20,SAR,10172,5352,4820,4793,5229,150,ITG,ITG2,20,Sardegna,Sardegna,1639591,642234,39.17,0.62
3141,2021-05-12,SAR,11224,5281,5943,7863,3154,207,ITG,ITG2,20,Sardegna,Sardegna,1639591,653458,39.85,0.68
3142,2021-09-03,SAR,8713,4697,4016,3080,5539,94,ITG,ITG2,20,Sardegna,Sardegna,1639591,662171,40.39,0.53
3143,2020-12-28,SAR,69,27,42,69,0,0,ITG,ITG2,20,Sardegna,Sardegna,1639591,662240,40.39,0.0
3144,2021-06-14,SAR,13750,6644,7106,9791,3817,142,ITG,ITG2,20,Sardegna,Sardegna,1639591,675990,41.23,0.84
3145,2021-08-05,SAR,15661,8235,7426,8698,6800,163,ITG,ITG2,20,Sardegna,Sardegna,1639591,691651,42.18,0.96
3146,2021-02-20,SAR,2044,856,1188,1683,337,24,ITG,ITG2,20,Sardegna,Sardegna,1639591,693695,42.31,0.12
3147,2021-01-20,SAR,215,78,137,213,2,0,ITG,ITG2,20,Sardegna,Sardegna,1639591,693910,42.32,0.01
3148,2021-03-29,SAR,4860,1887,2973,4169,595,96,ITG,ITG2,20,Sardegna,Sardegna,1639591,698770,42.62,0.3
3149,2021-04-15,SAR,11955,5574,6381,6817,5020,118,ITG,ITG2,20,Sardegna,Sardegna,1639591,710725,43.35,0.73
3150,2021-01-05,SAR,1358,458,900,1358,0,0,ITG,ITG2,20,Sardegna,Sardegna,1639591,712083,43.43,0.08
3151,2021-01-22,SAR,84,47,37,56,28,0,ITG,ITG2,20,Sardegna,Sardegna,1639591,712167,43.44,0.01
3152,2021-07-26,SAR,14608,7289,7319,4121,10410,77,ITG,ITG2,20,Sardegna,Sardegna,1639591,726775,44.33,0.89
3153,2021-04-17,SAR,10175,4524,5651,5421,4670,84,ITG,ITG2,20,Sardegna,Sardegna,1639591,736950,44.95,0.62
3154,2021-03-18,SAR,7317,3096,4221,5600,1640,77,ITG,ITG2,20,Sardegna,Sardegna,1639591,744267,45.39,0.45
3155,2021-05-14,SAR,14662,6892,7770,10815,3652,195,ITG,ITG2,20,Sardegna,Sardegna,1639591,758929,46.29,0.89
3156,2021-02-03,SAR,1122,419,703,426,695,1,ITG,ITG2,20,Sardegna,Sardegna,1639591,760051,46.36,0.07
3157,2021-07-10,SAR,14241,6889,7352,2705,11503,33,ITG,ITG2,20,Sardegna,Sardegna,1639591,774292,47.22,0.87
3158,2021-04-01,SAR,10295,4105,6190,7119,3024,152,ITG,ITG2,20,Sardegna,Sardegna,1639591,784587,47.85,0.63
3159,2021-09-02,SAR,10322,5547,4775,3968,6243,111,ITG,ITG2,20,Sardegna,Sardegna,1639591,794909,48.48,0.63
3160,2021-07-21,SAR,19392,9500,9892,3907,15401,84,ITG,ITG2,20,Sardegna,Sardegna,1639591,814301,49.66,1.18
3161,2021-02-10,SAR,1976,775,1201,1444,526,6,ITG,ITG2,20,Sardegna,Sardegna,1639591,816277,49.79,0.12
3162,2021-09-09,SAR,11717,6262,5455,2228,9350,139,ITG,ITG2,20,Sardegna,Sardegna,1639591,827994,50.5,0.71
3163,2021-06-12,SAR,14755,7194,7561,9935,4702,118,ITG,ITG2,20,Sardegna,Sardegna,1639591,842749,51.4,0.9
3164,2021-03-04,SAR,4393,2313,2080,3067,1260,66,ITG,ITG2,20,Sardegna,Sardegna,1639591,847142,51.67,0.27
3165,2021-03-21,SAR,4053,1815,2238,2586,1441,26,ITG,ITG2,20,Sardegna,Sardegna,1639591,851195,51.92,0.25
3166,2021-08-07,SAR,8214,4309,3905,5440,2706,68,ITG,ITG2,20,Sardegna,Sardegna,1639591,859409,52.42,0.5
3167,2021-04-29,SAR,11274,5133,6141,6685,4431,158,ITG,ITG2,20,Sardegna,Sardegna,1639591,870683,53.1,0.69
3168,2021-06-25,SAR,16516,7812,8704,3900,12558,58,ITG,ITG2,20,Sardegna,Sardegna,1639591,887199,54.11,1.01
3169,2021-01-10,SAR,2220,762,1458,2219,0,1,ITG,ITG2,20,Sardegna,Sardegna,1639591,889419,54.25,0.14
3170,2021-07-02,SAR,18944,8892,10052,4405,14441,98,ITG,ITG2,20,Sardegna,Sardegna,1639591,908363,55.4,1.16
3171,2021-04-27,SAR,7756,3590,4166,5573,2072,111,ITG,ITG2,20,Sardegna,Sardegna,1639591,916119,55.87,0.47
3172,2021-01-17,SAR,867,278,589,866,1,0,ITG,ITG2,20,Sardegna,Sardegna,1639591,916986,55.93,0.05
3173,2021-03-15,SAR,2827,1328,1499,2408,377,42,ITG,ITG2,20,Sardegna,Sardegna,1639591,919813,56.1,0.17
3174,2021-07-04,SAR,8207,3988,4219,2067,6125,15,ITG,ITG2,20,Sardegna,Sardegna,1639591,928020,56.6,0.5
3175,2021-03-26,SAR,8635,3550,5085,6963,1532,140,ITG,ITG2,20,Sardegna,Sardegna,1639591,936655,57.13,0.53
3176,2021-08-30,SAR,8756,4672,4084,4839,3760,157,ITG,ITG2,20,Sardegna,Sardegna,1639591,945411,57.66,0.53
3177,2021-05-22,SAR,25068,12011,13057,19587,5177,304,ITG,ITG2,20,Sardegna,Sardegna,1639591,970479,59.19,1.53
3178,2021-01-03,SAR,90,36,54,90,0,0,ITG,ITG2,20,Sardegna,Sardegna,1639591,970569,59.2,0.01
3179,2021-07-07,SAR,15909,7729,8180,4084,11772,53,ITG,ITG2,20,Sardegna,Sardegna,1639591,986478,60.17,0.97
3180,2021-01-13,SAR,579,182,397,579,0,0,ITG,ITG2,20,Sardegna,Sardegna,1639591,987057,60.2,0.04
3181,2021-03-02,SAR,3059,1634,1425,1823,1162,74,ITG,ITG2,20,Sardegna,Sardegna,1639591,990116,60.39,0.19
3182,2021-04-28,SAR,9125,4309,4816,5213,3760,152,ITG,ITG2,20,Sardegna,Sardegna,1639591,999241,60.94,0.56
3183,2021-01-18,SAR,911,328,583,782,129,0,ITG,ITG2,20,Sardegna,Sardegna,1639591,1000152,61.0,0.06
3184,2021-06-24,SAR,19202,9215,9987,8112,10985,105,ITG,ITG2,20,Sardegna,Sardegna,1639591,1019354,62.17,1.17
3185,2021-03-16,SAR,4447,1967,2480,3472,930,45,ITG,ITG2,20,Sardegna,Sardegna,1639591,1023801,62.44,0.27
3186,2021-04-12,SAR,7058,3202,3856,5256,1728,74,ITG,ITG2,20,Sardegna,Sardegna,1639591,1030859,62.87,0.43
3187,2021-01-02,SAR,61,22,39,61,0,0,ITG,ITG2,20,Sardegna,Sardegna,1639591,1030920,62.88,0.0
3188,2021-06-08,SAR,14838,7072,7766,11169,3512,157,ITG,ITG2,20,Sardegna,Sardegna,1639591,1045758,63.78,0.9
3189,2021-03-06,SAR,2950,1219,1731,1081,1795,74,ITG,ITG2,20,Sardegna,Sardegna,1639591,1048708,63.96,0.18
3190,2021-06-28,SAR,14994,7041,7953,3049,11878,67,ITG,ITG2,20,Sardegna,Sardegna,1639591,1063702,64.88,0.91
3191,2021-04-06,SAR,7578,3159,4419,5062,2438,78,ITG,ITG2,20,Sardegna,Sardegna,1639591,1071280,65.34,0.46
3192,2020-12-27,SAR,68,37,31,68,0,0,ITG,ITG2,20,Sardegna,Sardegna,1639591,1071348,65.34,0.0
3193,2021-04-25,SAR,4534,2282,2252,3701,784,49,ITG,ITG2,20,Sardegna,Sardegna,1639591,1075882,65.62,0.28
3194,2021-01-19,SAR,751,271,480,695,55,1,ITG,ITG2,20,Sardegna,Sardegna,1639591,1076633,65.66,0.05
3195,2021-03-17,SAR,6627,2870,3757,4956,1633,38,ITG,ITG2,20,Sardegna,Sardegna,1639591,1083260,66.07,0.4
3196,2021-06-27,SAR,9019,4310,4709,2956,6035,28,ITG,ITG2,20,Sardegna,Sardegna,1639591,1092279,66.62,0.55
3197,2021-07-17,SAR,12870,6301,6569,3178,9625,67,ITG,ITG2,20,Sardegna,Sardegna,1639591,1105149,67.4,0.78
3198,2021-07-31,SAR,10320,5458,4862,5275,4964,81,ITG,ITG2,20,Sardegna,Sardegna,1639591,1115469,68.03,0.63
3199,2021-08-19,SAR,10761,5689,5072,5732,4896,133,ITG,ITG2,20,Sardegna,Sardegna,1639591,1126230,68.69,0.66
3200,2021-09-05,SAR,664,370,294,133,525,6,ITG,ITG2,20,Sardegna,Sardegna,1639591,1126894,68.73,0.04
3201,2021-04-21,SAR,12178,5578,6600,6478,5597,103,ITG,ITG2,20,Sardegna,Sardegna,1639591,1139072,69.47,0.74
3202,2021-01-11,SAR,1219,522,697,1218,0,1,ITG,ITG2,20,Sardegna,Sardegna,1639591,1140291,69.55,0.07
3203,2021-06-17,SAR,18466,8531,9935,9918,8427,121,ITG,ITG2,20,Sardegna,Sardegna,1639591,1158757,70.67,1.13
3204,2021-01-25,SAR,612,228,384,23,589,0,ITG,ITG2,20,Sardegna,Sardegna,1639591,1159369,70.71,0.04
3205,2021-08-24,SAR,10103,5401,4702,4811,5137,155,ITG,ITG2,20,Sardegna,Sardegna,1639591,1169472,71.33,0.62
3206,2021-05-16,SAR,8251,3838,4413,6003,2161,87,ITG,ITG2,20,Sardegna,Sardegna,1639591,1177723,71.83,0.5
3207,2021-07-12,SAR,15335,7414,7921,2400,12877,58,ITG,ITG2,20,Sardegna,Sardegna,1639591,1193058,72.77,0.94
3208,2021-09-07,SAR,9563,5084,4479,2541,6903,119,ITG,ITG2,20,Sardegna,Sardegna,1639591,1202621,73.35,0.58
3209,2021-03-24,SAR,7504,3134,4370,5994,1360,150,ITG,ITG2,20,Sardegna,Sardegna,1639591,1210125,73.81,0.46
3210,2021-05-28,SAR,18010,8713,9297,13526,4297,187,ITG,ITG2,20,Sardegna,Sardegna,1639591,1228135,74.9,1.1
3211,2021-02-17,SAR,1415,581,834,1279,74,62,ITG,ITG2,20,Sardegna,Sardegna,1639591,1229550,74.99,0.09
3212,2021-05-25,SAR,15158,7705,7453,8496,6487,175,ITG,ITG2,20,Sardegna,Sardegna,1639591,1244708,75.92,0.92
3213,2021-06-11,SAR,14783,7025,7758,9089,5538,156,ITG,ITG2,20,Sardegna,Sardegna,1639591,1259491,76.82,0.9
3214,2021-03-03,SAR,4139,2294,1845,2746,1306,87,ITG,ITG2,20,Sardegna,Sardegna,1639591,1263630,77.07,0.25
3215,2021-06-30,SAR,17774,8515,9259,4806,12886,82,ITG,ITG2,20,Sardegna,Sardegna,1639591,1281404,78.15,1.08
3216,2021-06-22,SAR,19342,8991,10351,7164,12077,101,ITG,ITG2,20,Sardegna,Sardegna,1639591,1300746,79.33,1.18
3217,2021-07-09,SAR,15884,7601,8283,3432,12369,83,ITG,ITG2,20,Sardegna,Sardegna,1639591,1316630,80.3,0.97
3218,2021-03-31,SAR,10635,4233,6402,8065,2438,132,ITG,ITG2,20,Sardegna,Sardegna,1639591,1327265,80.95,0.65
3219,2021-02-22,SAR,1651,954,697,1391,234,26,ITG,ITG2,20,Sardegna,Sardegna,1639591,1328916,81.05,0.1
3220,2021-03-11,SAR,6464,3110,3354,5171,1209,84,ITG,ITG2,20,Sardegna,Sardegna,1639591,1335380,81.45,0.39
3221,2021-02-28,SAR,368,169,199,139,227,2,ITG,ITG2,20,Sardegna,Sardegna,1639591,1335748,81.47,0.02
3222,2021-08-04,SAR,16218,8528,7690,9601,6352,265,ITG,ITG2,20,Sardegna,Sardegna,1639591,1351966,82.46,0.99
3223,2021-04-26,SAR,6947,3297,3650,5921,927,99,ITG,ITG2,20,Sardegna,Sardegna,1639591,1358913,82.88,0.42
3224,2021-08-25,SAR,10063,5291,4772,4241,5711,111,ITG,ITG2,20,Sardegna,Sardegna,1639591,1368976,83.49,0.61
3225,2021-06-03,SAR,16398,7645,8753,10564,5693,141,ITG,ITG2,20,Sardegna,Sardegna,1639591,1385374,84.5,1.0
3226,2021-06-20,SAR,6295,2807,3488,3635,2628,32,ITG,ITG2,20,Sardegna,Sardegna,1639591,1391669,84.88,0.38
3227,2021-03-12,SAR,6023,2635,3388,4553,1317,153,ITG,ITG2,20,Sardegna,Sardegna,1639591,1397692,85.25,0.37
3228,2021-01-15,SAR,1575,576,999,1573,0,2,ITG,ITG2,20,Sardegna,Sardegna,1639591,1399267,85.34,0.1
3229,2021-08-17,SAR,10608,5535,5073,6093,4389,126,ITG,ITG2,20,Sardegna,Sardegna,1639591,1409875,85.99,0.65
3230,2021-02-01,SAR,1554,620,934,226,1328,0,ITG,ITG2,20,Sardegna,Sardegna,1639591,1411429,86.08,0.09
3231,2021-05-09,SAR,6181,2888,3293,5162,926,93,ITG,ITG2,20,Sardegna,Sardegna,1639591,1417610,86.46,0.38
3232,2021-05-26,SAR,15549,8195,7354,9706,5661,182,ITG,ITG2,20,Sardegna,Sardegna,1639591,1433159,87.41,0.95
3233,2021-02-15,SAR,961,349,612,923,31,7,ITG,ITG2,20,Sardegna,Sardegna,1639591,1434120,87.47,0.06
3234,2021-03-22,SAR,3744,1517,2227,3132,526,86,ITG,ITG2,20,Sardegna,Sardegna,1639591,1437864,87.7,0.23
3235,2021-04-08,SAR,13607,5971,7636,8333,5154,120,ITG,ITG2,20,Sardegna,Sardegna,1639591,1451471,88.53,0.83
3236,2021-07-14,SAR,16913,8191,8722,3774,13028,111,ITG,ITG2,20,Sardegna,Sardegna,1639591,1468384,89.56,1.03
3237,2020-12-29,SAR,57,32,25,57,0,0,ITG,ITG2,20,Sardegna,Sardegna,1639591,1468441,89.56,0.0
3238,2021-04-22,SAR,10629,4687,5942,5541,4993,95,ITG,ITG2,20,Sardegna,Sardegna,1639591,1479070,90.21,0.65
3239,2021-01-12,SAR,890,417,473,890,0,0,ITG,ITG2,20,Sardegna,Sardegna,1639591,1479960,90.26,0.05
3240,2021-06-04,SAR,14513,6946,7567,9789,4565,159,ITG,ITG2,20,Sardegna,Sardegna,1639591,1494473,91.15,0.89
3241,2021-06-21,SAR,14034,6737,7297,5124,8836,74,ITG,ITG2,20,Sardegna,Sardegna,1639591,1508507,92.01,0.86
3242,2021-03-13,SAR,2773,1084,1689,2451,281,41,ITG,ITG2,20,Sardegna,Sardegna,1639591,1511280,92.17,0.17
3243,2021-03-30,SAR,8926,3622,5304,6485,2286,155,ITG,ITG2,20,Sardegna,Sardegna,1639591,1520206,92.72,0.54
3244,2021-01-06,SAR,1638,556,1082,1638,0,0,ITG,ITG2,20,Sardegna,Sardegna,1639591,1521844,92.82,0.1
3245,2021-06-23,SAR,20548,9669,10879,6193,14262,93,ITG,ITG2,20,Sardegna,Sardegna,1639591,1542392,94.07,1.25
3246,2021-07-05,SAR,15584,7571,8013,3327,12208,49,ITG,ITG2,20,Sardegna,Sardegna,1639591,1557976,95.02,0.95
3247,2021-08-31,SAR,9294,4957,4337,4748,4387,159,ITG,ITG2,20,Sardegna,Sardegna,1639591,1567270,95.59,0.57
3248,2021-06-01,SAR,14328,6659,7669,9637,4595,96,ITG,ITG2,20,Sardegna,Sardegna,1639591,1581598,96.46,0.87
3249,2021-02-21,SAR,1589,709,880,1558,30,1,ITG,ITG2,20,Sardegna,Sardegna,1639591,1583187,96.56,0.1
3250,2021-07-28,SAR,16793,8620,8173,6319,10326,148,ITG,ITG2,20,Sardegna,Sardegna,1639591,1599980,97.58,1.02
3251,2021-04-19,SAR,10254,4644,5610,8662,1447,145,ITG,ITG2,20,Sardegna,Sardegna,1639591,1610234,98.21,0.63
3252,2021-01-09,SAR,4087,1443,2644,4087,0,0,ITG,ITG2,20,Sardegna,Sardegna,1639591,1614321,98.46,0.25
3253,2021-06-15,SAR,14690,6808,7882,9812,4742,136,ITG,ITG2,20,Sardegna,Sardegna,1639591,1629011,99.35,0.9
3254,2021-03-07,SAR,1663,752,911,1114,545,4,ITG,ITG2,20,Sardegna,Sardegna,1639591,1630674,99.46,0.1
3255,2021-03-20,SAR,5222,2079,3143,2909,2286,27,ITG,ITG2,20,Sardegna,Sardegna,1639591,1635896,99.77,0.32
3256,2021-09-04,SAR,5113,2803,2310,1553,3512,48,ITG,ITG2,20,Sardegna,Sardegna,1639591,1641009,100.09,0.31
3257,2021-06-13,SAR,9502,4678,4824,6162,3260,80,ITG,ITG2,20,Sardegna,Sardegna,1639591,1650511,100.67,0.58
3258,2021-02-05,SAR,1923,757,1166,435,1486,2,ITG,ITG2,20,Sardegna,Sardegna,1639591,1652434,100.78,0.12
3259,2021-04-03,SAR,4728,1824,2904,2671,1986,71,ITG,ITG2,20,Sardegna,Sardegna,1639591,1657162,101.07,0.29
3260,2021-05-30,SAR,9746,4841,4905,7312,2366,68,ITG,ITG2,20,Sardegna,Sardegna,1639591,1666908,101.67,0.59
3261,2021-02-19,SAR,1519,477,1042,1414,56,49,ITG,ITG2,20,Sardegna,Sardegna,1639591,1668427,101.76,0.09
3262,2021-05-11,SAR,9112,4247,4865,6453,2521,138,ITG,ITG2,20,Sardegna,Sardegna,1639591,1677539,102.31,0.56
3263,2021-01-31,SAR,2153,765,1388,45,2108,0,ITG,ITG2,20,Sardegna,Sardegna,1639591,1679692,102.45,0.13
3264,2021-02-14,SAR,542,263,279,540,2,0,ITG,ITG2,20,Sardegna,Sardegna,1639591,1680234,102.48,0.03
3265,2021-07-18,SAR,5693,2874,2819,982,4701,10,ITG,ITG2,20,Sardegna,Sardegna,1639591,1685927,102.83,0.35
3266,2021-08-18,SAR,10695,5535,5160,5708,4857,130,ITG,ITG2,20,Sardegna,Sardegna,1639591,1696622,103.48,0.65
3267,2021-08-09,SAR,13414,6972,6442,6474,6794,146,ITG,ITG2,20,Sardegna,Sardegna,1639591,1710036,104.3,0.82
3268,2021-08-26,SAR,9429,4999,4430,5353,3949,127,ITG,ITG2,20,Sardegna,Sardegna,1639591,1719465,104.87,0.58
3269,2021-05-18,SAR,14787,7386,7401,9425,5226,136,ITG,ITG2,20,Sardegna,Sardegna,1639591,1734252,105.77,0.9
3270,2021-03-27,SAR,5830,2217,3613,5310,423,97,ITG,ITG2,20,Sardegna,Sardegna,1639591,1740082,106.13,0.36
3271,2021-05-23,SAR,10036,4817,5219,7685,2255,96,ITG,ITG2,20,Sardegna,Sardegna,1639591,1750118,106.74,0.61
3272,2021-02-12,SAR,2249,938,1311,2183,60,6,ITG,ITG2,20,Sardegna,Sardegna,1639591,1752367,106.88,0.14
3273,2021-07-19,SAR,15231,7630,7601,2797,12383,51,ITG,ITG2,20,Sardegna,Sardegna,1639591,1767598,107.81,0.93
3274,2021-04-10,SAR,10604,4784,5820,8535,1962,107,ITG,ITG2,20,Sardegna,Sardegna,1639591,1778202,108.45,0.65
3275,2021-01-29,SAR,3044,1118,1926,45,2997,2,ITG,ITG2,20,Sardegna,Sardegna,1639591,1781246,108.64,0.19
3276,2021-08-02,SAR,13120,6603,6517,6211,6730,179,ITG,ITG2,20,Sardegna,Sardegna,1639591,1794366,109.44,0.8
3277,2021-01-28,SAR,3038,1084,1954,68,2970,0,ITG,ITG2,20,Sardegna,Sardegna,1639591,1797404,109.63,0.19
3278,2021-04-05,SAR,2092,798,1294,2047,1,44,ITG,ITG2,20,Sardegna,Sardegna,1639591,1799496,109.75,0.13
3279,2021-09-06,SAR,9286,4875,4411,2548,6624,114,ITG,ITG2,20,Sardegna,Sardegna,1639591,1808782,110.32,0.57
3280,2021-06-29,SAR,17893,8605,9288,3752,14092,49,ITG,ITG2,20,Sardegna,Sardegna,1639591,1826675,111.41,1.09
3281,2021-02-24,SAR,2448,1310,1138,2211,195,42,ITG,ITG2,20,Sardegna,Sardegna,1639591,1829123,111.56,0.15
3282,2021-08-28,SAR,4163,2395,1768,2853,1251,59,ITG,ITG2,20,Sardegna,Sardegna,1639591,1833286,111.81,0.25
3283,2021-06-06,SAR,10037,5001,5036,6314,3654,69,ITG,ITG2,20,Sardegna,Sardegna,1639591,1843323,112.43,0.61
3284,2021-01-07,SAR,3170,1110,2060,3166,0,4,ITG,ITG2,20,Sardegna,Sardegna,1639591,1846493,112.62,0.19
3285,2021-06-10,SAR,17813,8479,9334,11644,6043,126,ITG,ITG2,20,Sardegna,Sardegna,1639591,1864306,113.71,1.09
3286,2021-08-06,SAR,13824,7175,6649,7992,5659,173,ITG,ITG2,20,Sardegna,Sardegna,1639591,1878130,114.55,0.84
3287,2021-05-27,SAR,17862,9268,8594,12109,5544,209,ITG,ITG2,20,Sardegna,Sardegna,1639591,1895992,115.64,1.09
3288,2021-02-16,SAR,703,291,412,667,27,9,ITG,ITG2,20,Sardegna,Sardegna,1639591,1896695,115.68,0.04
3289,2021-03-05,SAR,5234,2621,2613,2822,2372,40,ITG,ITG2,20,Sardegna,Sardegna,1639591,1901929,116.0,0.32
3290,2021-03-19,SAR,7323,3064,4259,5017,2244,62,ITG,ITG2,20,Sardegna,Sardegna,1639591,1909252,116.45,0.45
3291,2021-07-23,SAR,15760,7787,7973,3405,12277,78,ITG,ITG2,20,Sardegna,Sardegna,1639591,1925012,117.41,0.96
3292,2021-04-14,SAR,8369,3928,4441,7029,1276,64,ITG,ITG2,20,Sardegna,Sardegna,1639591,1933381,117.92,0.51
3293,2021-05-01,SAR,10010,4797,5213,5421,4487,102,ITG,ITG2,20,Sardegna,Sardegna,1639591,1943391,118.53,0.61
3294,2020-12-31,SAR,41,22,19,41,0,0,ITG,ITG2,20,Sardegna,Sardegna,1639591,1943432,118.53,0.0
3295,2021-07-30,SAR,15207,7858,7349,6624,8416,167,ITG,ITG2,20,Sardegna,Sardegna,1639591,1958639,119.46,0.93
3296,2021-07-16,SAR,16935,8476,8459,4552,12248,135,ITG,ITG2,20,Sardegna,Sardegna,1639591,1975574,120.49,1.03
3297,2021-04-07,SAR,13731,6104,7627,7907,5739,85,ITG,ITG2,20,Sardegna,Sardegna,1639591,1989305,121.33,0.84
3298,2021-04-24,SAR,10541,4901,5640,7959,2446,136,ITG,ITG2,20,Sardegna,Sardegna,1639591,1999846,121.97,0.64
3299,2021-01-14,SAR,1128,433,695,1128,0,0,ITG,ITG2,20,Sardegna,Sardegna,1639591,2000974,122.04,0.07
3300,2021-01-21,SAR,140,69,71,98,42,0,ITG,ITG2,20,Sardegna,Sardegna,1639591,2001114,122.05,0.01
3301,2021-02-07,SAR,1128,397,731,228,899,1,ITG,ITG2,20,Sardegna,Sardegna,1639591,2002242,122.12,0.07
3302,2021-08-11,SAR,11927,6362,5565,6146,5601,180,ITG,ITG2,20,Sardegna,Sardegna,1639591,2014169,122.85,0.73
3303,2021-05-03,SAR,8337,3855,4482,6602,1623,112,ITG,ITG2,20,Sardegna,Sardegna,1639591,2022506,123.35,0.51
3304,2021-05-20,SAR,16415,7895,8520,11295,4913,207,ITG,ITG2,20,Sardegna,Sardegna,1639591,2038921,124.36,1.0
3305,2021-02-09,SAR,2299,840,1459,1290,1004,5,ITG,ITG2,20,Sardegna,Sardegna,1639591,2041220,124.5,0.14
3306,2021-02-26,SAR,2834,1117,1717,2473,308,53,ITG,ITG2,20,Sardegna,Sardegna,1639591,2044054,124.67,0.17
3307,2021-07-22,SAR,18336,9268,9068,4507,13720,109,ITG,ITG2,20,Sardegna,Sardegna,1639591,2062390,125.79,1.12
3308,2021-04-13,SAR,7705,3624,4081,5786,1854,65,ITG,ITG2,20,Sardegna,Sardegna,1639591,2070095,126.26,0.47
3309,2021-06-09,SAR,15472,7368,8104,11574,3747,151,ITG,ITG2,20,Sardegna,Sardegna,1639591,2085567,127.2,0.94
3310,2021-08-21,SAR,5620,3054,2566,3636,1894,90,ITG,ITG2,20,Sardegna,Sardegna,1639591,2091187,127.54,0.34
3311,2021-03-08,SAR,4734,2464,2270,3455,1226,53,ITG,ITG2,20,Sardegna,Sardegna,1639591,2095921,127.83,0.29
3312,2021-05-04,SAR,9682,4428,5254,7623,1904,155,ITG,ITG2,20,Sardegna,Sardegna,1639591,2105603,128.42,0.59
3313,2021-01-24,SAR,91,35,56,5,86,0,ITG,ITG2,20,Sardegna,Sardegna,1639591,2105694,128.43,0.01
3314,2021-06-18,SAR,16490,7509,8981,8603,7771,116,ITG,ITG2,20,Sardegna,Sardegna,1639591,2122184,129.43,1.01
3315,2021-03-10,SAR,6079,2964,3115,5147,855,77,ITG,ITG2,20,Sardegna,Sardegna,1639591,2128263,129.8,0.37
3316,2021-08-14,SAR,1794,1025,769,990,794,10,ITG,ITG2,20,Sardegna,Sardegna,1639591,2130057,129.91,0.11
3317,2021-05-06,SAR,13175,6066,7109,9735,3193,247,ITG,ITG2,20,Sardegna,Sardegna,1639591,2143232,130.72,0.8
3318,2021-03-01,SAR,2296,1167,1129,1598,667,31,ITG,ITG2,20,Sardegna,Sardegna,1639591,2145528,130.86,0.14
3319,2021-05-13,SAR,12453,5875,6578,8770,3469,214,ITG,ITG2,20,Sardegna,Sardegna,1639591,2157981,131.62,0.76
3320,2021-02-02,SAR,1534,681,853,258,1276,0,ITG,ITG2,20,Sardegna,Sardegna,1639591,2159515,131.71,0.09
3321,2021-08-23,SAR,10522,5566,4956,5635,4711,176,ITG,ITG2,20,Sardegna,Sardegna,1639591,2170037,132.35,0.64
3322,2021-05-15,SAR,13879,6443,7436,10244,3444,191,ITG,ITG2,20,Sardegna,Sardegna,1639591,2183916,133.2,0.85
3323,2021-07-11,SAR,6380,3119,3261,1424,4920,36,ITG,ITG2,20,Sardegna,Sardegna,1639591,2190296,133.59,0.39
3324,2021-01-26,SAR,1381,474,907,27,1354,0,ITG,ITG2,20,Sardegna,Sardegna,1639591,2191677,133.67,0.08
3325,2021-08-16,SAR,8462,4412,4050,4551,3795,116,ITG,ITG2,20,Sardegna,Sardegna,1639591,2200139,134.19,0.52
3326,2021-05-08,SAR,13214,6001,7213,10759,2289,166,ITG,ITG2,20,Sardegna,Sardegna,1639591,2213353,134.99,0.81
3327,2021-07-03,UMB,6481,3248,3233,2832,3497,152,ITI,ITI2,10,Umbria,Umbria,882015,6481,0.73,0.73
3328,2021-07-20,UMB,8269,4108,4161,1096,7089,84,ITI,ITI2,10,Umbria,Umbria,882015,14750,1.67,0.94
3329,2021-04-06,UMB,5294,2167,3127,2865,2392,37,ITI,ITI2,10,Umbria,Umbria,882015,20044,2.27,0.6
3330,2021-03-28,UMB,1096,441,655,1041,24,31,ITI,ITI2,10,Umbria,Umbria,882015,21140,2.4,0.12
3331,2021-01-30,UMB,1575,486,1089,43,1532,0,ITI,ITI2,10,Umbria,Umbria,882015,22715,2.58,0.18
3332,2021-07-15,UMB,10577,5178,5399,568,9910,99,ITI,ITI2,10,Umbria,Umbria,882015,33292,3.77,1.2
3333,2021-04-23,UMB,6659,2821,3838,3301,3159,199,ITI,ITI2,10,Umbria,Umbria,882015,39951,4.53,0.75
3334,2021-02-25,UMB,1334,496,838,1274,52,8,ITI,ITI2,10,Umbria,Umbria,882015,41285,4.68,0.15
3335,2021-03-11,UMB,3687,1799,1888,2668,1006,13,ITI,ITI2,10,Umbria,Umbria,882015,44972,5.1,0.42
3336,2021-01-13,UMB,451,139,312,451,0,0,ITI,ITI2,10,Umbria,Umbria,882015,45423,5.15,0.05
3337,2021-06-19,UMB,4589,2206,2383,2463,2033,93,ITI,ITI2,10,Umbria,Umbria,882015,50012,5.67,0.52
3338,2021-01-06,UMB,847,326,521,847,0,0,ITI,ITI2,10,Umbria,Umbria,882015,50859,5.77,0.1
3339,2021-06-12,UMB,7722,3688,4034,5962,1580,180,ITI,ITI2,10,Umbria,Umbria,882015,58581,6.64,0.88
3340,2021-09-05,UMB,3390,1798,1592,259,3117,14,ITI,ITI2,10,Umbria,Umbria,882015,61971,7.03,0.38
3341,2021-03-23,UMB,3828,1714,2114,2159,1632,37,ITI,ITI2,10,Umbria,Umbria,882015,65799,7.46,0.43
3342,2021-08-27,UMB,4601,2419,2182,1500,3000,101,ITI,ITI2,10,Umbria,Umbria,882015,70400,7.98,0.52
3343,2021-07-01,UMB,9747,4819,4928,3304,6289,154,ITI,ITI2,10,Umbria,Umbria,882015,80147,9.09,1.11
3344,2021-02-08,UMB,637,203,434,88,549,0,ITI,ITI2,10,Umbria,Umbria,882015,80784,9.16,0.07
3345,2021-05-19,UMB,9432,4219,5213,5601,3745,86,ITI,ITI2,10,Umbria,Umbria,882015,90216,10.23,1.07
3346,2021-07-22,UMB,10075,4924,5151,1653,8317,105,ITI,ITI2,10,Umbria,Umbria,882015,100291,11.37,1.14
3347,2021-01-01,UMB,273,104,169,273,0,0,ITI,ITI2,10,Umbria,Umbria,882015,100564,11.4,0.03
3348,2021-04-11,UMB,3101,1506,1595,3035,49,17,ITI,ITI2,10,Umbria,Umbria,882015,103665,11.75,0.35
3349,2021-01-18,UMB,619,221,398,531,88,0,ITI,ITI2,10,Umbria,Umbria,882015,104284,11.82,0.07
3350,2021-07-08,UMB,9576,4634,4942,180,9349,47,ITI,ITI2,10,Umbria,Umbria,882015,113860,12.91,1.09
3351,2021-05-12,UMB,6528,3038,3490,4209,2149,170,ITI,ITI2,10,Umbria,Umbria,882015,120388,13.65,0.74
3352,2021-03-30,UMB,3988,1735,2253,2406,1544,38,ITI,ITI2,10,Umbria,Umbria,882015,124376,14.1,0.45
3353,2020-12-27,UMB,88,47,41,88,0,0,ITI,ITI2,10,Umbria,Umbria,882015,124464,14.11,0.01
3354,2021-04-16,UMB,8101,3744,4357,6084,1838,179,ITI,ITI2,10,Umbria,Umbria,882015,132565,15.03,0.92
3355,2021-04-30,UMB,6258,2971,3287,2735,3401,122,ITI,ITI2,10,Umbria,Umbria,882015,138823,15.74,0.71
3356,2021-03-04,UMB,4486,1856,2630,3644,827,15,ITI,ITI2,10,Umbria,Umbria,882015,143309,16.25,0.51
3357,2021-08-08,UMB,5066,2712,2354,3557,1414,95,ITI,ITI2,10,Umbria,Umbria,882015,148375,16.82,0.57
3358,2021-01-20,UMB,603,221,382,603,0,0,ITI,ITI2,10,Umbria,Umbria,882015,148978,16.89,0.07
3359,2021-06-02,UMB,3926,1886,2040,3805,42,79,ITI,ITI2,10,Umbria,Umbria,882015,152904,17.34,0.45
3360,2021-09-10,UMB,2528,1368,1160,409,2097,22,ITI,ITI2,10,Umbria,Umbria,882015,155432,17.62,0.29
3361,2021-02-20,UMB,283,101,182,259,24,0,ITI,ITI2,10,Umbria,Umbria,882015,155715,17.65,0.03
3362,2021-03-09,UMB,4092,2002,2090,2795,1288,9,ITI,ITI2,10,Umbria,Umbria,882015,159807,18.12,0.46
3363,2021-02-06,UMB,437,163,274,34,403,0,ITI,ITI2,10,Umbria,Umbria,882015,160244,18.17,0.05
3364,2021-05-26,UMB,9665,4573,5092,8220,1253,192,ITI,ITI2,10,Umbria,Umbria,882015,169909,19.26,1.1
3365,2021-09-03,UMB,4234,2193,2041,1320,2854,60,ITI,ITI2,10,Umbria,Umbria,882015,174143,19.74,0.48
3366,2021-02-13,UMB,114,27,87,111,3,0,ITI,ITI2,10,Umbria,Umbria,882015,174257,19.76,0.01
3367,2021-05-24,UMB,9077,4520,4557,8030,881,166,ITI,ITI2,10,Umbria,Umbria,882015,183334,20.79,1.03
3368,2021-04-18,UMB,1532,681,851,578,931,23,ITI,ITI2,10,Umbria,Umbria,882015,184866,20.96,0.17
3369,2021-01-11,UMB,1337,364,973,1337,0,0,ITI,ITI2,10,Umbria,Umbria,882015,186203,21.11,0.15
3370,2021-07-27,UMB,8146,4092,4054,2694,5335,117,ITI,ITI2,10,Umbria,Umbria,882015,194349,22.03,0.92
3371,2021-05-05,UMB,7224,3306,3918,3834,3306,84,ITI,ITI2,10,Umbria,Umbria,882015,201573,22.85,0.82
3372,2021-01-25,UMB,649,322,327,5,644,0,ITI,ITI2,10,Umbria,Umbria,882015,202222,22.93,0.07
3373,2021-02-22,UMB,1891,807,1084,1805,86,0,ITI,ITI2,10,Umbria,Umbria,882015,204113,23.14,0.21
3374,2021-06-11,UMB,7009,3519,3490,6001,772,236,ITI,ITI2,10,Umbria,Umbria,882015,211122,23.94,0.79
3375,2021-09-07,UMB,4809,2486,2323,1021,3712,76,ITI,ITI2,10,Umbria,Umbria,882015,215931,24.48,0.55
3376,2021-05-30,UMB,5982,2999,2983,5662,202,118,ITI,ITI2,10,Umbria,Umbria,882015,221913,25.16,0.68
3377,2021-03-08,UMB,3701,1825,1876,2327,1361,13,ITI,ITI2,10,Umbria,Umbria,882015,225614,25.58,0.42
3378,2021-06-16,UMB,6325,3095,3230,3071,3100,154,ITI,ITI2,10,Umbria,Umbria,882015,231939,26.3,0.72
3379,2021-03-25,UMB,3937,1728,2209,2826,1064,47,ITI,ITI2,10,Umbria,Umbria,882015,235876,26.74,0.45
3380,2021-08-12,UMB,7354,3902,3452,4589,2546,219,ITI,ITI2,10,Umbria,Umbria,882015,243230,27.58,0.83
3381,2021-06-30,UMB,10552,5326,5226,3675,6726,151,ITI,ITI2,10,Umbria,Umbria,882015,253782,28.77,1.2
3382,2021-09-02,UMB,4360,2268,2092,959,3360,41,ITI,ITI2,10,Umbria,Umbria,882015,258142,29.27,0.49
3383,2021-07-07,UMB,9499,4502,4997,89,9380,30,ITI,ITI2,10,Umbria,Umbria,882015,267641,30.34,1.08
3384,2021-08-22,UMB,1470,773,697,479,977,14,ITI,ITI2,10,Umbria,Umbria,882015,269111,30.51,0.17
3385,2021-05-31,UMB,5824,2848,2976,4854,885,85,ITI,ITI2,10,Umbria,Umbria,882015,274935,31.17,0.66
3386,2021-05-14,UMB,5347,2526,2821,3354,1819,174,ITI,ITI2,10,Umbria,Umbria,882015,280282,31.78,0.61
3387,2021-02-01,UMB,1285,342,943,48,1237,0,ITI,ITI2,10,Umbria,Umbria,882015,281567,31.92,0.15
3388,2021-02-18,UMB,1497,583,914,1029,467,1,ITI,ITI2,10,Umbria,Umbria,882015,283064,32.09,0.17
3389,2021-07-26,UMB,9090,4803,4287,3874,5089,127,ITI,ITI2,10,Umbria,Umbria,882015,292154,33.12,1.03
3390,2021-05-28,UMB,9600,4440,5160,7116,2300,184,ITI,ITI2,10,Umbria,Umbria,882015,301754,34.21,1.09
3391,2021-04-15,UMB,7665,3505,4160,5702,1889,74,ITI,ITI2,10,Umbria,Umbria,882015,309419,35.08,0.87
3392,2021-02-17,UMB,1619,748,871,1266,352,1,ITI,ITI2,10,Umbria,Umbria,882015,311038,35.26,0.18
3393,2021-07-24,UMB,8698,4368,4330,1346,7284,68,ITI,ITI2,10,Umbria,Umbria,882015,319736,36.25,0.99
3394,2021-04-13,UMB,7683,3402,4281,5924,1669,90,ITI,ITI2,10,Umbria,Umbria,882015,327419,37.12,0.87
3395,2021-08-15,UMB,4390,2385,2005,2863,1382,145,ITI,ITI2,10,Umbria,Umbria,882015,331809,37.62,0.5
3396,2021-07-29,UMB,8203,4228,3975,2145,5940,118,ITI,ITI2,10,Umbria,Umbria,882015,340012,38.55,0.93
3397,2021-05-07,UMB,10134,4716,5418,6656,3192,286,ITI,ITI2,10,Umbria,Umbria,882015,350146,39.7,1.15
3398,2021-08-29,UMB,1947,1004,943,685,1253,9,ITI,ITI2,10,Umbria,Umbria,882015,352093,39.92,0.22
3399,2021-08-10,UMB,7402,3935,3467,4003,3256,143,ITI,ITI2,10,Umbria,Umbria,882015,359495,40.76,0.84
3400,2021-06-14,UMB,5387,2750,2637,3253,2015,119,ITI,ITI2,10,Umbria,Umbria,882015,364882,41.37,0.61
3401,2021-04-04,UMB,57,20,37,22,35,0,ITI,ITI2,10,Umbria,Umbria,882015,364939,41.38,0.01
3402,2021-06-07,UMB,6959,3436,3523,6085,696,178,ITI,ITI2,10,Umbria,Umbria,882015,371898,42.16,0.79
3403,2021-03-16,UMB,3538,1454,2084,1909,1627,2,ITI,ITI2,10,Umbria,Umbria,882015,375436,42.57,0.4
3404,2021-02-27,UMB,1658,354,1304,1642,16,0,ITI,ITI2,10,Umbria,Umbria,882015,377094,42.75,0.19
3405,2021-04-03,UMB,2099,712,1387,1034,1054,11,ITI,ITI2,10,Umbria,Umbria,882015,379193,42.99,0.24
3406,2021-07-12,UMB,4632,2242,2390,105,4515,12,ITI,ITI2,10,Umbria,Umbria,882015,383825,43.52,0.53
3407,2021-04-08,UMB,5904,2525,3379,4024,1807,73,ITI,ITI2,10,Umbria,Umbria,882015,389729,44.19,0.67
3408,2021-07-17,UMB,7673,3856,3817,1286,6238,149,ITI,ITI2,10,Umbria,Umbria,882015,397402,45.06,0.87
3409,2021-06-04,UMB,8928,4413,4515,7541,1205,182,ITI,ITI2,10,Umbria,Umbria,882015,406330,46.07,1.01
3410,2021-03-27,UMB,4253,1515,2738,3857,340,56,ITI,ITI2,10,Umbria,Umbria,882015,410583,46.55,0.48
3411,2021-06-18,UMB,4814,2374,2440,1569,3166,79,ITI,ITI2,10,Umbria,Umbria,882015,415397,47.1,0.55
3412,2021-07-05,UMB,8422,4083,4339,153,8255,14,ITI,ITI2,10,Umbria,Umbria,882015,423819,48.05,0.95
3413,2021-05-13,UMB,5944,2671,3273,3730,2085,129,ITI,ITI2,10,Umbria,Umbria,882015,429763,48.73,0.67
3414,2021-08-21,UMB,2789,1465,1324,1609,1115,65,ITI,ITI2,10,Umbria,Umbria,882015,432552,49.04,0.32
3415,2021-02-19,UMB,743,293,450,525,217,1,ITI,ITI2,10,Umbria,Umbria,882015,433295,49.13,0.08
3416,2021-08-04,UMB,10671,5541,5130,3310,7195,166,ITI,ITI2,10,Umbria,Umbria,882015,443966,50.34,1.21
3417,2021-05-11,UMB,6260,2842,3418,3925,2193,142,ITI,ITI2,10,Umbria,Umbria,882015,450226,51.05,0.71
3418,2021-08-19,UMB,5725,3037,2688,3935,1611,179,ITI,ITI2,10,Umbria,Umbria,882015,455951,51.69,0.65
3419,2021-08-26,UMB,4059,2151,1908,1791,2158,110,ITI,ITI2,10,Umbria,Umbria,882015,460010,52.15,0.46
3420,2021-03-29,UMB,3638,1604,2034,2153,1424,61,ITI,ITI2,10,Umbria,Umbria,882015,463648,52.57,0.41
3421,2021-01-31,UMB,1061,276,785,25,1036,0,ITI,ITI2,10,Umbria,Umbria,882015,464709,52.69,0.12
3422,2021-05-25,UMB,8826,4304,4522,7587,1066,173,ITI,ITI2,10,Umbria,Umbria,882015,473535,53.69,1.0
3423,2021-03-18,UMB,2987,1179,1808,1713,1265,9,ITI,ITI2,10,Umbria,Umbria,882015,476522,54.03,0.34
3424,2021-06-26,UMB,9380,4758,4622,5581,3638,161,ITI,ITI2,10,Umbria,Umbria,882015,485902,55.09,1.06
3425,2021-07-10,UMB,7690,3810,3880,66,7610,14,ITI,ITI2,10,Umbria,Umbria,882015,493592,55.96,0.87
3426,2021-06-13,UMB,6767,3558,3209,6393,230,144,ITI,ITI2,10,Umbria,Umbria,882015,500359,56.73,0.77
3427,2021-05-01,UMB,5377,2641,2736,2099,3232,46,ITI,ITI2,10,Umbria,Umbria,882015,505736,57.34,0.61
3428,2021-03-05,UMB,4624,1403,3221,3950,659,15,ITI,ITI2,10,Umbria,Umbria,882015,510360,57.86,0.52
3429,2021-08-09,UMB,6695,3547,3148,3503,3032,160,ITI,ITI2,10,Umbria,Umbria,882015,517055,58.62,0.76
3430,2021-03-03,UMB,4433,1772,2661,3719,711,3,ITI,ITI2,10,Umbria,Umbria,882015,521488,59.12,0.5
3431,2021-08-11,UMB,7620,4085,3535,3718,3716,186,ITI,ITI2,10,Umbria,Umbria,882015,529108,59.99,0.86
3432,2021-06-06,UMB,7610,3906,3704,6790,694,126,ITI,ITI2,10,Umbria,Umbria,882015,536718,60.85,0.86
3433,2021-02-24,UMB,1521,564,957,1506,15,0,ITI,ITI2,10,Umbria,Umbria,882015,538239,61.02,0.17
3434,2021-08-18,UMB,4701,2458,2243,3437,1146,118,ITI,ITI2,10,Umbria,Umbria,882015,542940,61.56,0.53
3435,2021-07-06,UMB,8600,4093,4507,149,8428,23,ITI,ITI2,10,Umbria,Umbria,882015,551540,62.53,0.98
3436,2021-08-23,UMB,5290,2820,2470,1543,3662,85,ITI,ITI2,10,Umbria,Umbria,882015,556830,63.13,0.6
3437,2021-09-09,UMB,5449,2836,2613,1037,4360,52,ITI,ITI2,10,Umbria,Umbria,882015,562279,63.75,0.62
3438,2021-06-01,UMB,4389,2090,2299,4161,156,72,ITI,ITI2,10,Umbria,Umbria,882015,566668,64.25,0.5
3439,2021-03-10,UMB,4032,1943,2089,2760,1257,15,ITI,ITI2,10,Umbria,Umbria,882015,570700,64.7,0.46
3440,2021-01-16,UMB,204,61,143,203,0,1,ITI,ITI2,10,Umbria,Umbria,882015,570904,64.73,0.02
3441,2021-04-20,UMB,5451,2365,3086,3429,1947,75,ITI,ITI2,10,Umbria,Umbria,882015,576355,65.35,0.62
3442,2021-01-27,UMB,842,330,512,13,829,0,ITI,ITI2,10,Umbria,Umbria,882015,577197,65.44,0.1
3443,2021-01-10,UMB,1067,274,793,1067,0,0,ITI,ITI2,10,Umbria,Umbria,882015,578264,65.56,0.12
3444,2021-05-21,UMB,8981,3672,5309,4066,4830,85,ITI,ITI2,10,Umbria,Umbria,882015,587245,66.58,1.02
3445,2021-05-04,UMB,5544,2547,2997,2355,3127,62,ITI,ITI2,10,Umbria,Umbria,882015,592789,67.21,0.63
3446,2021-04-01,UMB,4474,1911,2563,2326,2110,38,ITI,ITI2,10,Umbria,Umbria,882015,597263,67.72,0.51
3447,2021-04-25,UMB,4362,1687,2675,3868,83,411,ITI,ITI2,10,Umbria,Umbria,882015,601625,68.21,0.49
3448,2021-08-03,UMB,9207,4761,4446,3505,5519,183,ITI,ITI2,10,Umbria,Umbria,882015,610832,69.25,1.04
3449,2021-05-18,UMB,7768,3364,4404,3837,3841,90,ITI,ITI2,10,Umbria,Umbria,882015,618600,70.13,0.88
3450,2021-03-22,UMB,3562,1657,1905,2306,1246,10,ITI,ITI2,10,Umbria,Umbria,882015,622162,70.54,0.4
3451,2021-04-05,UMB,4251,1729,2522,2182,2057,12,ITI,ITI2,10,Umbria,Umbria,882015,626413,71.02,0.48
3452,2021-02-07,UMB,55,17,38,1,54,0,ITI,ITI2,10,Umbria,Umbria,882015,626468,71.03,0.01
3453,2021-07-14,UMB,6207,3011,3196,1634,4264,309,ITI,ITI2,10,Umbria,Umbria,882015,632675,71.73,0.7
3454,2021-08-01,UMB,3026,1533,1493,1330,1650,46,ITI,ITI2,10,Umbria,Umbria,882015,635701,72.07,0.34
3455,2021-01-08,UMB,1193,344,849,1193,0,0,ITI,ITI2,10,Umbria,Umbria,882015,636894,72.21,0.14
3456,2021-05-23,UMB,5074,1857,3217,637,4421,16,ITI,ITI2,10,Umbria,Umbria,882015,641968,72.78,0.58
3457,2021-05-10,UMB,6012,2814,3198,3743,2152,117,ITI,ITI2,10,Umbria,Umbria,882015,647980,73.47,0.68
3458,2021-05-08,UMB,8162,3749,4413,4806,3250,106,ITI,ITI2,10,Umbria,Umbria,882015,656142,74.39,0.93
3459,2021-01-28,UMB,1248,394,854,18,1230,0,ITI,ITI2,10,Umbria,Umbria,882015,657390,74.53,0.14
3460,2021-05-03,UMB,5091,2273,2818,2099,2888,104,ITI,ITI2,10,Umbria,Umbria,882015,662481,75.11,0.58
3461,2021-03-01,UMB,1505,775,730,1385,114,6,ITI,ITI2,10,Umbria,Umbria,882015,663986,75.28,0.17
3462,2021-06-09,UMB,8162,3951,4211,7137,725,300,ITI,ITI2,10,Umbria,Umbria,882015,672148,76.21,0.93
3463,2021-06-23,UMB,11360,5806,5554,7679,3412,269,ITI,ITI2,10,Umbria,Umbria,882015,683508,77.49,1.29
3464,2021-03-15,UMB,4599,1941,2658,2827,1769,3,ITI,ITI2,10,Umbria,Umbria,882015,688107,78.02,0.52
3465,2021-02-10,UMB,715,350,365,700,15,0,ITI,ITI2,10,Umbria,Umbria,882015,688822,78.1,0.08
3466,2021-08-17,UMB,3665,1909,1756,2489,1088,88,ITI,ITI2,10,Umbria,Umbria,882015,692487,78.51,0.42
3467,2021-06-21,UMB,7552,3953,3599,5068,2338,146,ITI,ITI2,10,Umbria,Umbria,882015,700039,79.37,0.86
3468,2021-01-23,UMB,280,100,180,2,278,0,ITI,ITI2,10,Umbria,Umbria,882015,700319,79.4,0.03
3469,2021-01-21,UMB,609,203,406,339,269,1,ITI,ITI2,10,Umbria,Umbria,882015,700928,79.47,0.07
3470,2021-08-20,UMB,4344,2313,2031,2919,1280,145,ITI,ITI2,10,Umbria,Umbria,882015,705272,79.96,0.49
3471,2021-01-24,UMB,258,106,152,1,257,0,ITI,ITI2,10,Umbria,Umbria,882015,705530,79.99,0.03
3472,2021-08-16,UMB,3518,1742,1776,1978,1472,68,ITI,ITI2,10,Umbria,Umbria,882015,709048,80.39,0.4
3473,2021-08-30,UMB,1951,951,1000,1497,372,82,ITI,ITI2,10,Umbria,Umbria,882015,710999,80.61,0.22
3474,2021-06-08,UMB,7421,3659,3762,6655,557,209,ITI,ITI2,10,Umbria,Umbria,882015,718420,81.45,0.84
3475,2021-02-02,UMB,945,272,673,32,913,0,ITI,ITI2,10,Umbria,Umbria,882015,719365,81.56,0.11
3476,2021-04-26,UMB,5402,2342,3060,3105,2255,42,ITI,ITI2,10,Umbria,Umbria,882015,724767,82.17,0.61
3477,2021-04-09,UMB,6750,3130,3620,6412,216,122,ITI,ITI2,10,Umbria,Umbria,882015,731517,82.94,0.77
3478,2021-08-07,UMB,7232,3800,3432,2541,4619,72,ITI,ITI2,10,Umbria,Umbria,882015,738749,83.76,0.82
3479,2021-05-16,UMB,5227,2493,2734,5088,50,89,ITI,ITI2,10,Umbria,Umbria,882015,743976,84.35,0.59
3480,2021-08-24,UMB,4435,2247,2188,1872,2474,89,ITI,ITI2,10,Umbria,Umbria,882015,748411,84.85,0.5
3481,2021-07-18,UMB,7853,4063,3790,273,7553,27,ITI,ITI2,10,Umbria,Umbria,882015,756264,85.74,0.89
3482,2021-06-05,UMB,8232,3777,4455,5416,2655,161,ITI,ITI2,10,Umbria,Umbria,882015,764496,86.68,0.93
3483,2021-04-28,UMB,5394,2332,3062,2939,2398,57,ITI,ITI2,10,Umbria,Umbria,882015,769890,87.29,0.61
3484,2021-08-06,UMB,8240,4309,3931,3330,4822,88,ITI,ITI2,10,Umbria,Umbria,882015,778130,88.22,0.93
3485,2021-02-04,UMB,736,226,510,26,710,0,ITI,ITI2,10,Umbria,Umbria,882015,778866,88.31,0.08
3486,2021-05-15,UMB,4997,1886,3111,1765,3168,64,ITI,ITI2,10,Umbria,Umbria,882015,783863,88.87,0.57
3487,2021-02-21,UMB,1,0,1,1,0,0,ITI,ITI2,10,Umbria,Umbria,882015,783864,88.87,0.0
3488,2021-08-31,UMB,4134,2136,1998,1223,2841,70,ITI,ITI2,10,Umbria,Umbria,882015,787998,89.34,0.47
3489,2021-08-14,UMB,5850,3232,2618,2915,2785,150,ITI,ITI2,10,Umbria,Umbria,882015,793848,90.0,0.66
3490,2021-03-17,UMB,3331,1313,2018,1855,1474,2,ITI,ITI2,10,Umbria,Umbria,882015,797179,90.38,0.38
3491,2021-06-27,UMB,7480,3738,3742,1731,5672,77,ITI,ITI2,10,Umbria,Umbria,882015,804659,91.23,0.85
3492,2021-07-28,UMB,8240,4335,3905,2972,5155,113,ITI,ITI2,10,Umbria,Umbria,882015,812899,92.16,0.93
3493,2021-08-05,UMB,9702,5076,4626,3840,5697,165,ITI,ITI2,10,Umbria,Umbria,882015,822601,93.26,1.1
3494,2021-07-19,UMB,7669,3842,3827,1525,6043,101,ITI,ITI2,10,Umbria,Umbria,882015,830270,94.13,0.87
3495,2021-04-27,UMB,5668,2401,3267,3054,2579,35,ITI,ITI2,10,Umbria,Umbria,882015,835938,94.78,0.64
3496,2021-02-03,UMB,727,174,553,67,660,0,ITI,ITI2,10,Umbria,Umbria,882015,836665,94.86,0.08
3497,2021-03-06,UMB,4308,1149,3159,4136,138,34,ITI,ITI2,10,Umbria,Umbria,882015,840973,95.35,0.49
3498,2021-01-22,UMB,276,105,171,32,244,0,ITI,ITI2,10,Umbria,Umbria,882015,841249,95.38,0.03
3499,2021-06-28,UMB,9830,4844,4986,3711,5990,129,ITI,ITI2,10,Umbria,Umbria,882015,851079,96.49,1.11
3500,2021-05-02,UMB,3782,1867,1915,1298,2455,29,ITI,ITI2,10,Umbria,Umbria,882015,854861,96.92,0.43
3501,2021-03-20,UMB,2320,845,1475,2290,25,5,ITI,ITI2,10,Umbria,Umbria,882015,857181,97.18,0.26
3502,2021-03-13,UMB,1735,524,1211,1486,249,0,ITI,ITI2,10,Umbria,Umbria,882015,858916,97.38,0.2
3503,2021-01-15,UMB,698,213,485,698,0,0,ITI,ITI2,10,Umbria,Umbria,882015,859614,97.46,0.08
3504,2021-09-06,UMB,4576,2385,2191,894,3645,37,ITI,ITI2,10,Umbria,Umbria,882015,864190,97.98,0.52
3505,2021-07-25,UMB,7310,3852,3458,1167,6099,44,ITI,ITI2,10,Umbria,Umbria,882015,871500,98.81,0.83
3506,2021-01-07,UMB,1301,388,913,1301,0,0,ITI,ITI2,10,Umbria,Umbria,882015,872801,98.96,0.15
3507,2021-06-25,UMB,10241,5318,4923,5252,4785,204,ITI,ITI2,10,Umbria,Umbria,882015,883042,100.12,1.16
3508,2021-01-26,UMB,816,390,426,17,799,0,ITI,ITI2,10,Umbria,Umbria,882015,883858,100.21,0.09
3509,2021-01-29,UMB,1240,350,890,79,1161,0,ITI,ITI2,10,Umbria,Umbria,882015,885098,100.35,0.14
3510,2021-05-09,UMB,5764,2756,3008,5253,391,120,ITI,ITI2,10,Umbria,Umbria,882015,890862,101.0,0.65
3511,2021-09-04,UMB,3434,1776,1658,1099,2273,62,ITI,ITI2,10,Umbria,Umbria,882015,894296,101.39,0.39
3512,2021-07-09,UMB,9569,4631,4938,128,9417,24,ITI,ITI2,10,Umbria,Umbria,882015,903865,102.48,1.08
3513,2021-07-23,UMB,10664,5453,5211,1333,9225,106,ITI,ITI2,10,Umbria,Umbria,882015,914529,103.69,1.21
3514,2021-02-11,UMB,839,348,491,834,5,0,ITI,ITI2,10,Umbria,Umbria,882015,915368,103.78,0.1
3515,2021-05-22,UMB,6984,2762,4222,2603,4332,49,ITI,ITI2,10,Umbria,Umbria,882015,922352,104.57,0.79
3516,2021-02-05,UMB,783,234,549,18,765,0,ITI,ITI2,10,Umbria,Umbria,882015,923135,104.66,0.09
3517,2021-07-21,UMB,9856,4914,4942,1233,8536,87,ITI,ITI2,10,Umbria,Umbria,882015,932991,105.78,1.12
3518,2021-07-04,UMB,3411,1741,1670,2342,971,98,ITI,ITI2,10,Umbria,Umbria,882015,936402,106.17,0.39
3519,2021-04-12,UMB,7093,3081,4012,5316,1717,60,ITI,ITI2,10,Umbria,Umbria,882015,943495,106.97,0.8
3520,2021-01-19,UMB,102,23,79,102,0,0,ITI,ITI2,10,Umbria,Umbria,882015,943597,106.98,0.01
3521,2021-04-29,UMB,5240,2261,2979,2806,2343,91,ITI,ITI2,10,Umbria,Umbria,882015,948837,107.58,0.59
3522,2021-08-28,UMB,2770,1429,1341,1357,1342,71,ITI,ITI2,10,Umbria,Umbria,882015,951607,107.89,0.31
3523,2021-07-16,UMB,9630,4899,4731,666,8885,79,ITI,ITI2,10,Umbria,Umbria,882015,961237,108.98,1.09
3524,2021-05-20,UMB,9872,4609,5263,6105,3657,110,ITI,ITI2,10,Umbria,Umbria,882015,971109,110.1,1.12
3525,2021-02-12,UMB,674,224,450,668,6,0,ITI,ITI2,10,Umbria,Umbria,882015,971783,110.18,0.08
3526,2021-02-26,UMB,660,253,407,650,8,2,ITI,ITI2,10,Umbria,Umbria,882015,972443,110.25,0.07
3527,2021-05-06,UMB,9474,4326,5148,6028,3316,130,ITI,ITI2,10,Umbria,Umbria,882015,981917,111.33,1.07
3528,2021-07-11,UMB,5875,2967,2908,89,5785,1,ITI,ITI2,10,Umbria,Umbria,882015,987792,111.99,0.67
3529,2021-04-02,UMB,4349,1782,2567,3548,756,45,ITI,ITI2,10,Umbria,Umbria,882015,992141,112.49,0.49
3530,2021-01-09,UMB,1718,495,1223,1718,0,0,ITI,ITI2,10,Umbria,Umbria,882015,993859,112.68,0.19
3531,2021-04-19,UMB,5038,2228,2810,2932,2048,58,ITI,ITI2,10,Umbria,Umbria,882015,998897,113.25,0.57
3532,2021-03-24,UMB,4108,1794,2314,2746,1323,39,ITI,ITI2,10,Umbria,Umbria,882015,1003005,113.72,0.47
3533,2021-07-02,UMB,8758,4331,4427,2967,5610,181,ITI,ITI2,10,Umbria,Umbria,882015,1011763,114.71,0.99
3534,2021-04-10,UMB,7404,3481,3923,7183,86,135,ITI,ITI2,10,Umbria,Umbria,882015,1019167,115.55,0.84
3535,2021-01-17,UMB,55,17,38,55,0,0,ITI,ITI2,10,Umbria,Umbria,882015,1019222,115.56,0.01
3536,2020-12-31,UMB,322,127,195,322,0,0,ITI,ITI2,10,Umbria,Umbria,882015,1019544,115.59,0.04
3537,2021-03-31,UMB,3900,1730,2170,2183,1685,32,ITI,ITI2,10,Umbria,Umbria,882015,1023444,116.03,0.44
3538,2021-02-16,UMB,1308,655,653,1299,9,0,ITI,ITI2,10,Umbria,Umbria,882015,1024752,116.18,0.15
3539,2021-05-27,UMB,9982,4871,5111,8475,1325,182,ITI,ITI2,10,Umbria,Umbria,882015,1034734,117.31,1.13
3540,2021-01-04,UMB,810,397,413,810,0,0,ITI,ITI2,10,Umbria,Umbria,882015,1035544,117.41,0.09
3541,2021-04-14,UMB,8159,3682,4477,6100,1980,79,ITI,ITI2,10,Umbria,Umbria,882015,1043703,118.33,0.93
3542,2021-09-01,UMB,4596,2368,2228,1136,3402,58,ITI,ITI2,10,Umbria,Umbria,882015,1048299,118.85,0.52
3543,2021-06-10,UMB,7568,3769,3799,6464,790,314,ITI,ITI2,10,Umbria,Umbria,882015,1055867,119.71,0.86
3544,2021-08-13,UMB,6969,3869,3100,4246,2524,199,ITI,ITI2,10,Umbria,Umbria,882015,1062836,120.5,0.79
3545,2021-06-15,UMB,5992,3017,2975,3798,2075,119,ITI,ITI2,10,Umbria,Umbria,882015,1068828,121.18,0.68
3546,2021-06-17,UMB,6979,3545,3434,4752,2081,146,ITI,ITI2,10,Umbria,Umbria,882015,1075807,121.97,0.79
3547,2021-03-26,UMB,4602,1721,2881,4345,173,84,ITI,ITI2,10,Umbria,Umbria,882015,1080409,122.49,0.52
3548,2021-01-02,UMB,304,111,193,304,0,0,ITI,ITI2,10,Umbria,Umbria,882015,1080713,122.53,0.03
3549,2021-06-03,UMB,9050,4474,4576,8584,290,176,ITI,ITI2,10,Umbria,Umbria,882015,1089763,123.55,1.03
3550,2021-04-07,UMB,5627,2305,3322,3534,2006,87,ITI,ITI2,10,Umbria,Umbria,882015,1095390,124.19,0.64
3551,2021-02-23,UMB,1691,657,1034,1648,42,1,ITI,ITI2,10,Umbria,Umbria,882015,1097081,124.38,0.19
3552,2021-07-13,UMB,4235,2006,2229,78,4149,8,ITI,ITI2,10,Umbria,Umbria,882015,1101316,124.86,0.48
3553,2021-04-21,UMB,5332,2320,3012,3061,2232,39,ITI,ITI2,10,Umbria,Umbria,882015,1106648,125.47,0.6
3554,2021-07-30,UMB,6219,3243,2976,3186,2913,120,ITI,ITI2,10,Umbria,Umbria,882015,1112867,126.17,0.71
3555,2021-03-02,UMB,3646,1346,2300,3637,6,3,ITI,ITI2,10,Umbria,Umbria,882015,1116513,126.59,0.41
3556,2021-06-24,UMB,10268,5169,5099,6026,4013,229,ITI,ITI2,10,Umbria,Umbria,882015,1126781,127.75,1.16
3557,2021-03-07,UMB,846,180,666,838,7,1,ITI,ITI2,10,Umbria,Umbria,882015,1127627,127.85,0.1
3558,2021-09-08,UMB,4612,2468,2144,986,3554,72,ITI,ITI2,10,Umbria,Umbria,882015,1132239,128.37,0.52
3559,2021-05-29,UMB,7862,3614,4248,6177,1571,114,ITI,ITI2,10,Umbria,Umbria,882015,1140101,129.26,0.89
3560,2021-02-15,UMB,1367,692,675,1364,1,2,ITI,ITI2,10,Umbria,Umbria,882015,1141468,129.42,0.15
3561,2021-01-03,UMB,270,112,158,270,0,0,ITI,ITI2,10,Umbria,Umbria,882015,1141738,129.45,0.03
3562,2021-07-31,UMB,4334,2262,2072,1478,2809,47,ITI,ITI2,10,Umbria,Umbria,882015,1146072,129.94,0.49
3563,2021-04-22,UMB,5458,2251,3207,2702,2674,82,ITI,ITI2,10,Umbria,Umbria,882015,1151530,130.56,0.62
3564,2021-04-17,UMB,6696,3077,3619,5186,1343,167,ITI,ITI2,10,Umbria,Umbria,882015,1158226,131.32,0.76
3565,2021-01-05,UMB,855,430,425,855,0,0,ITI,ITI2,10,Umbria,Umbria,882015,1159081,131.41,0.1
3566,2021-08-02,UMB,5537,2897,2640,259,5256,22,ITI,ITI2,10,Umbria,Umbria,882015,1164618,132.04,0.63
3567,2021-06-20,UMB,6225,3007,3218,1577,4605,43,ITI,ITI2,10,Umbria,Umbria,882015,1170843,132.75,0.71
3568,2021-04-24,UMB,4566,1962,2604,3277,1183,106,ITI,ITI2,10,Umbria,Umbria,882015,1175409,133.26,0.52
3569,2021-01-12,UMB,838,247,591,838,0,0,ITI,ITI2,10,Umbria,Umbria,882015,1176247,133.36,0.1
3570,2021-03-14,UMB,66,48,18,66,0,0,ITI,ITI2,10,Umbria,Umbria,882015,1176313,133.37,0.01
3571,2021-06-22,UMB,8091,4105,3986,5146,2800,145,ITI,ITI2,10,Umbria,Umbria,882015,1184404,134.28,0.92
3572,2021-03-12,UMB,2695,1082,1613,2191,496,8,ITI,ITI2,10,Umbria,Umbria,882015,1187099,134.59,0.31
3573,2021-03-21,UMB,676,338,338,673,0,3,ITI,ITI2,10,Umbria,Umbria,882015,1187775,134.67,0.08
3574,2021-08-25,UMB,4288,2231,2057,1542,2666,80,ITI,ITI2,10,Umbria,Umbria,882015,1192063,135.15,0.49
3575,2021-06-29,UMB,9975,5083,4892,4112,5703,160,ITI,ITI2,10,Umbria,Umbria,882015,1202038,136.28,1.13
3576,2021-05-17,UMB,6379,3068,3311,4113,2180,86,ITI,ITI2,10,Umbria,Umbria,882015,1208417,137.01,0.72
3577,2021-01-14,UMB,725,192,533,725,0,0,ITI,ITI2,10,Umbria,Umbria,882015,1209142,137.09,0.08
3578,2021-03-19,UMB,1744,566,1178,1083,656,5,ITI,ITI2,10,Umbria,Umbria,882015,1210886,137.29,0.2
3579,2021-02-05,VDA,296,103,193,102,194,0,ITC,ITC2,2,Valle d'Aosta / Vallée d'Aoste,Valle d'Aosta,125666,296,0.24,0.24
3580,2021-02-22,VDA,317,94,223,211,104,2,ITC,ITC2,2,Valle d'Aosta / Vallée d'Aoste,Valle d'Aosta,125666,613,0.49,0.25
3581,2021-05-16,VDA,690,342,348,340,342,8,ITC,ITC2,2,Valle d'Aosta / Vallée d'Aoste,Valle d'Aosta,125666,1303,1.04,0.55
3582,2021-08-07,VDA,740,434,306,304,422,14,ITC,ITC2,2,Valle d'Aosta / Vallée d'Aoste,Valle d'Aosta,125666,2043,1.63,0.59
3583,2021-05-30,VDA,865,429,436,682,171,12,ITC,ITC2,2,Valle d'Aosta / Vallée d'Aoste,Valle d'Aosta,125666,2908,2.31,0.69
3584,2021-07-26,VDA,1007,512,495,317,682,8,ITC,ITC2,2,Valle d'Aosta / Vallée d'Aoste,Valle d'Aosta,125666,3915,3.12,0.8
3585,2021-09-07,VDA,408,212,196,61,344,3,ITC,ITC2,2,Valle d'Aosta / Vallée d'Aoste,Valle d'Aosta,125666,4323,3.44,0.32
3586,2021-05-28,VDA,977,415,562,546,413,18,ITC,ITC2,2,Valle d'Aosta / Vallée d'Aoste,Valle d'Aosta,125666,5300,4.22,0.78
3587,2021-02-17,VDA,329,146,183,225,101,3,ITC,ITC2,2,Valle d'Aosta / Vallée d'Aoste,Valle d'Aosta,125666,5629,4.48,0.26
3588,2021-03-08,VDA,488,233,255,240,245,3,ITC,ITC2,2,Valle d'Aosta / Vallée d'Aoste,Valle d'Aosta,125666,6117,4.87,0.39
3589,2021-08-12,VDA,377,204,173,117,248,12,ITC,ITC2,2,Valle d'Aosta / Vallée d'Aoste,Valle d'Aosta,125666,6494,5.17,0.3
3590,2021-05-04,VDA,1136,511,625,435,674,27,ITC,ITC2,2,Valle d'Aosta / Vallée d'Aoste,Valle d'Aosta,125666,7630,6.07,0.9
3591,2021-06-16,VDA,1065,566,499,665,395,5,ITC,ITC2,2,Valle d'Aosta / Vallée d'Aoste,Valle d'Aosta,125666,8695,6.92,0.85
3592,2021-03-15,VDA,387,141,246,175,203,9,ITC,ITC2,2,Valle d'Aosta / Vallée d'Aoste,Valle d'Aosta,125666,9082,7.23,0.31
3593,2021-08-19,VDA,265,158,107,70,180,15,ITC,ITC2,2,Valle d'Aosta / Vallée d'Aoste,Valle d'Aosta,125666,9347,7.44,0.21
3594,2021-05-11,VDA,649,326,323,472,150,27,ITC,ITC2,2,Valle d'Aosta / Vallée d'Aoste,Valle d'Aosta,125666,9996,7.95,0.52
3595,2021-04-27,VDA,979,424,555,653,292,34,ITC,ITC2,2,Valle d'Aosta / Vallée d'Aoste,Valle d'Aosta,125666,10975,8.73,0.78
3596,2021-02-03,VDA,354,116,238,15,339,0,ITC,ITC2,2,Valle d'Aosta / Vallée d'Aoste,Valle d'Aosta,125666,11329,9.02,0.28
3597,2021-04-01,VDA,778,394,384,747,12,19,ITC,ITC2,2,Valle d'Aosta / Vallée d'Aoste,Valle d'Aosta,125666,12107,9.63,0.62
3598,2021-06-04,VDA,910,385,525,468,435,7,ITC,ITC2,2,Valle d'Aosta / Vallée d'Aoste,Valle d'Aosta,125666,13017,10.36,0.72
3599,2021-08-26,VDA,343,168,175,82,254,7,ITC,ITC2,2,Valle d'Aosta / Vallée d'Aoste,Valle d'Aosta,125666,13360,10.63,0.27
3600,2021-02-10,VDA,248,77,171,141,107,0,ITC,ITC2,2,Valle d'Aosta / Vallée d'Aoste,Valle d'Aosta,125666,13608,10.83,0.2
3601,2021-03-25,VDA,389,154,235,364,10,15,ITC,ITC2,2,Valle d'Aosta / Vallée d'Aoste,Valle d'Aosta,125666,13997,11.14,0.31
3602,2021-05-21,VDA,933,443,490,523,401,9,ITC,ITC2,2,Valle d'Aosta / Vallée d'Aoste,Valle d'Aosta,125666,14930,11.88,0.74
3603,2021-04-17,VDA,638,407,231,596,2,40,ITC,ITC2,2,Valle d'Aosta / Vallée d'Aoste,Valle d'Aosta,125666,15568,12.39,0.51
3604,2021-01-17,VDA,131,56,75,131,0,0,ITC,ITC2,2,Valle d'Aosta / Vallée d'Aoste,Valle d'Aosta,125666,15699,12.49,0.1
3605,2021-06-23,VDA,1044,551,493,422,617,5,ITC,ITC2,2,Valle d'Aosta / Vallée d'Aoste,Valle d'Aosta,125666,16743,13.32,0.83
3606,2021-06-30,VDA,1120,543,577,416,695,9,ITC,ITC2,2,Valle d'Aosta / Vallée d'Aoste,Valle d'Aosta,125666,17863,14.21,0.89
3607,2021-04-15,VDA,814,378,436,643,140,31,ITC,ITC2,2,Valle d'Aosta / Vallée d'Aoste,Valle d'Aosta,125666,18677,14.86,0.65
3608,2021-07-07,VDA,795,442,353,414,364,17,ITC,ITC2,2,Valle d'Aosta / Vallée d'Aoste,Valle d'Aosta,125666,19472,15.5,0.63
3609,2021-07-24,VDA,1019,536,483,329,682,8,ITC,ITC2,2,Valle d'Aosta / Vallée d'Aoste,Valle d'Aosta,125666,20491,16.31,0.81
3610,2021-07-19,VDA,878,460,418,252,618,8,ITC,ITC2,2,Valle d'Aosta / Vallée d'Aoste,Valle d'Aosta,125666,21369,17.0,0.7
3611,2021-02-24,VDA,185,84,101,163,21,1,ITC,ITC2,2,Valle d'Aosta / Vallée d'Aoste,Valle d'Aosta,125666,21554,17.15,0.15
3612,2021-04-08,VDA,585,282,303,420,144,21,ITC,ITC2,2,Valle d'Aosta / Vallée d'Aoste,Valle d'Aosta,125666,22139,17.62,0.47
3613,2021-07-12,VDA,979,483,496,238,733,8,ITC,ITC2,2,Valle d'Aosta / Vallée d'Aoste,Valle d'Aosta,125666,23118,18.4,0.78
3614,2021-04-03,VDA,676,341,335,649,15,12,ITC,ITC2,2,Valle d'Aosta / Vallée d'Aoste,Valle d'Aosta,125666,23794,18.93,0.54
3615,2021-03-20,VDA,209,87,122,168,36,5,ITC,ITC2,2,Valle d'Aosta / Vallée d'Aoste,Valle d'Aosta,125666,24003,19.1,0.17
3616,2021-06-28,VDA,992,499,493,326,661,5,ITC,ITC2,2,Valle d'Aosta / Vallée d'Aoste,Valle d'Aosta,125666,24995,19.89,0.79
3617,2021-06-11,VDA,1048,484,564,752,283,13,ITC,ITC2,2,Valle d'Aosta / Vallée d'Aoste,Valle d'Aosta,125666,26043,20.72,0.83
3618,2021-01-07,VDA,280,113,167,280,0,0,ITC,ITC2,2,Valle d'Aosta / Vallée d'Aoste,Valle d'Aosta,125666,26323,20.95,0.22
3619,2021-02-19,VDA,292,102,190,267,24,1,ITC,ITC2,2,Valle d'Aosta / Vallée d'Aoste,Valle d'Aosta,125666,26615,21.18,0.23
3620,2021-08-04,VDA,1046,571,475,372,656,18,ITC,ITC2,2,Valle d'Aosta / Vallée d'Aoste,Valle d'Aosta,125666,27661,22.01,0.83
3621,2021-01-05,VDA,151,55,96,151,0,0,ITC,ITC2,2,Valle d'Aosta / Vallée d'Aoste,Valle d'Aosta,125666,27812,22.13,0.12
3622,2021-01-14,VDA,237,69,168,237,0,0,ITC,ITC2,2,Valle d'Aosta / Vallée d'Aoste,Valle d'Aosta,125666,28049,22.32,0.19
3623,2021-08-02,VDA,760,407,353,304,446,10,ITC,ITC2,2,Valle d'Aosta / Vallée d'Aoste,Valle d'Aosta,125666,28809,22.93,0.6
3624,2021-04-24,VDA,723,401,322,534,167,22,ITC,ITC2,2,Valle d'Aosta / Vallée d'Aoste,Valle d'Aosta,125666,29532,23.5,0.58
3625,2021-07-23,VDA,974,485,489,358,608,8,ITC,ITC2,2,Valle d'Aosta / Vallée d'Aoste,Valle d'Aosta,125666,30506,24.28,0.78
3626,2021-01-19,VDA,256,77,179,256,0,0,ITC,ITC2,2,Valle d'Aosta / Vallée d'Aoste,Valle d'Aosta,125666,30762,24.48,0.2
3627,2021-04-12,VDA,487,187,300,305,164,18,ITC,ITC2,2,Valle d'Aosta / Vallée d'Aoste,Valle d'Aosta,125666,31249,24.87,0.39
3628,2021-04-29,VDA,1293,636,657,742,532,19,ITC,ITC2,2,Valle d'Aosta / Vallée d'Aoste,Valle d'Aosta,125666,32542,25.9,1.03
3629,2021-07-21,VDA,1169,639,530,309,850,10,ITC,ITC2,2,Valle d'Aosta / Vallée d'Aoste,Valle d'Aosta,125666,33711,26.83,0.93
3630,2021-07-04,VDA,1192,530,662,349,829,14,ITC,ITC2,2,Valle d'Aosta / Vallée d'Aoste,Valle d'Aosta,125666,34903,27.77,0.95
3631,2021-08-30,VDA,546,275,271,115,393,38,ITC,ITC2,2,Valle d'Aosta / Vallée d'Aoste,Valle d'Aosta,125666,35449,28.21,0.43
3632,2021-01-31,VDA,291,91,200,58,233,0,ITC,ITC2,2,Valle d'Aosta / Vallée d'Aoste,Valle d'Aosta,125666,35740,28.44,0.23
3633,2021-04-13,VDA,373,171,202,312,44,17,ITC,ITC2,2,Valle d'Aosta / Vallée d'Aoste,Valle d'Aosta,125666,36113,28.74,0.3
3634,2021-07-05,VDA,836,357,479,313,510,13,ITC,ITC2,2,Valle d'Aosta / Vallée d'Aoste,Valle d'Aosta,125666,36949,29.4,0.67
3635,2021-03-27,VDA,337,166,171,292,31,14,ITC,ITC2,2,Valle d'Aosta / Vallée d'Aoste,Valle d'Aosta,125666,37286,29.67,0.27
3636,2021-06-18,VDA,1002,445,557,588,400,14,ITC,ITC2,2,Valle d'Aosta / Vallée d'Aoste,Valle d'Aosta,125666,38288,30.47,0.8
3637,2021-06-13,VDA,857,403,454,370,482,5,ITC,ITC2,2,Valle d'Aosta / Vallée d'Aoste,Valle d'Aosta,125666,39145,31.15,0.68
3638,2021-06-08,VDA,772,408,364,731,33,8,ITC,ITC2,2,Valle d'Aosta / Vallée d'Aoste,Valle d'Aosta,125666,39917,31.76,0.61
3639,2021-02-26,VDA,210,58,152,110,86,14,ITC,ITC2,2,Valle d'Aosta / Vallée d'Aoste,Valle d'Aosta,125666,40127,31.93,0.17
3640,2021-01-27,VDA,156,75,81,80,76,0,ITC,ITC2,2,Valle d'Aosta / Vallée d'Aoste,Valle d'Aosta,125666,40283,32.06,0.12
3641,2021-04-20,VDA,936,430,506,710,195,31,ITC,ITC2,2,Valle d'Aosta / Vallée d'Aoste,Valle d'Aosta,125666,41219,32.8,0.74
3642,2021-01-10,VDA,220,71,149,212,0,8,ITC,ITC2,2,Valle d'Aosta / Vallée d'Aoste,Valle d'Aosta,125666,41439,32.98,0.18
3643,2020-12-27,VDA,20,9,11,20,0,0,ITC,ITC2,2,Valle d'Aosta / Vallée d'Aoste,Valle d'Aosta,125666,41459,32.99,0.02
3644,2021-09-02,VDA,520,271,249,89,416,15,ITC,ITC2,2,Valle d'Aosta / Vallée d'Aoste,Valle d'Aosta,125666,41979,33.41,0.41
3645,2021-05-02,VDA,765,345,420,581,160,24,ITC,ITC2,2,Valle d'Aosta / Vallée d'Aoste,Valle d'Aosta,125666,42744,34.01,0.61
3646,2021-01-22,VDA,58,22,36,22,36,0,ITC,ITC2,2,Valle d'Aosta / Vallée d'Aoste,Valle d'Aosta,125666,42802,34.06,0.05
3647,2021-01-08,VDA,301,131,170,301,0,0,ITC,ITC2,2,Valle d'Aosta / Vallée d'Aoste,Valle d'Aosta,125666,43103,34.3,0.24
3648,2021-03-06,VDA,22,4,18,18,0,4,ITC,ITC2,2,Valle d'Aosta / Vallée d'Aoste,Valle d'Aosta,125666,43125,34.32,0.02
3649,2021-05-23,VDA,999,465,534,654,340,5,ITC,ITC2,2,Valle d'Aosta / Vallée d'Aoste,Valle d'Aosta,125666,44124,35.11,0.79
3650,2021-01-29,VDA,321,139,182,2,319,0,ITC,ITC2,2,Valle d'Aosta / Vallée d'Aoste,Valle d'Aosta,125666,44445,35.37,0.26
3651,2021-08-31,VDA,672,344,328,135,531,6,ITC,ITC2,2,Valle d'Aosta / Vallée d'Aoste,Valle d'Aosta,125666,45117,35.9,0.53
3652,2021-04-22,VDA,1068,450,618,652,383,33,ITC,ITC2,2,Valle d'Aosta / Vallée d'Aoste,Valle d'Aosta,125666,46185,36.75,0.85
3653,2021-05-09,VDA,574,287,287,425,130,19,ITC,ITC2,2,Valle d'Aosta / Vallée d'Aoste,Valle d'Aosta,125666,46759,37.21,0.46
3654,2021-07-31,VDA,892,466,426,321,557,14,ITC,ITC2,2,Valle d'Aosta / Vallée d'Aoste,Valle d'Aosta,125666,47651,37.92,0.71
3655,2021-07-28,VDA,1424,765,659,362,1048,14,ITC,ITC2,2,Valle d'Aosta / Vallée d'Aoste,Valle d'Aosta,125666,49075,39.05,1.13
3656,2021-04-19,VDA,753,326,427,521,209,23,ITC,ITC2,2,Valle d'Aosta / Vallée d'Aoste,Valle d'Aosta,125666,49828,39.65,0.6
3657,2021-05-18,VDA,972,484,488,349,619,4,ITC,ITC2,2,Valle d'Aosta / Vallée d'Aoste,Valle d'Aosta,125666,50800,40.42,0.77
3658,2021-02-07,VDA,292,120,172,190,102,0,ITC,ITC2,2,Valle d'Aosta / Vallée d'Aoste,Valle d'Aosta,125666,51092,40.66,0.23
3659,2021-08-09,VDA,674,335,339,251,402,21,ITC,ITC2,2,Valle d'Aosta / Vallée d'Aoste,Valle d'Aosta,125666,51766,41.19,0.54
3660,2021-05-01,VDA,941,564,377,440,484,17,ITC,ITC2,2,Valle d'Aosta / Vallée d'Aoste,Valle d'Aosta,125666,52707,41.94,0.75
3661,2021-04-14,VDA,942,430,512,692,224,26,ITC,ITC2,2,Valle d'Aosta / Vallée d'Aoste,Valle d'Aosta,125666,53649,42.69,0.75
3662,2021-07-06,VDA,886,481,405,158,723,5,ITC,ITC2,2,Valle d'Aosta / Vallée d'Aoste,Valle d'Aosta,125666,54535,43.4,0.71
3663,2021-01-02,VDA,6,5,1,6,0,0,ITC,ITC2,2,Valle d'Aosta / Vallée d'Aoste,Valle d'Aosta,125666,54541,43.4,0.0
3664,2021-03-26,VDA,498,204,294,481,7,10,ITC,ITC2,2,Valle d'Aosta / Vallée d'Aoste,Valle d'Aosta,125666,55039,43.8,0.4
3665,2021-06-17,VDA,991,530,461,635,342,14,ITC,ITC2,2,Valle d'Aosta / Vallée d'Aoste,Valle d'Aosta,125666,56030,44.59,0.79
3666,2021-03-22,VDA,561,205,356,326,229,6,ITC,ITC2,2,Valle d'Aosta / Vallée d'Aoste,Valle d'Aosta,125666,56591,45.03,0.45
3667,2021-06-05,VDA,927,477,450,730,188,9,ITC,ITC2,2,Valle d'Aosta / Vallée d'Aoste,Valle d'Aosta,125666,57518,45.77,0.74
3668,2021-02-11,VDA,232,107,125,222,9,1,ITC,ITC2,2,Valle d'Aosta / Vallée d'Aoste,Valle d'Aosta,125666,57750,45.96,0.18
3669,2021-07-18,VDA,930,456,474,244,674,12,ITC,ITC2,2,Valle d'Aosta / Vallée d'Aoste,Valle d'Aosta,125666,58680,46.7,0.74
3670,2021-04-09,VDA,238,111,127,201,33,4,ITC,ITC2,2,Valle d'Aosta / Vallée d'Aoste,Valle d'Aosta,125666,58918,46.88,0.19
3671,2021-05-22,VDA,956,505,451,545,401,10,ITC,ITC2,2,Valle d'Aosta / Vallée d'Aoste,Valle d'Aosta,125666,59874,47.65,0.76
3672,2021-06-09,VDA,1055,560,495,1012,35,8,ITC,ITC2,2,Valle d'Aosta / Vallée d'Aoste,Valle d'Aosta,125666,60929,48.48,0.84
3673,2021-03-01,VDA,182,66,116,140,34,8,ITC,ITC2,2,Valle d'Aosta / Vallée d'Aoste,Valle d'Aosta,125666,61111,48.63,0.14
3674,2021-02-15,VDA,264,136,128,226,35,3,ITC,ITC2,2,Valle d'Aosta / Vallée d'Aoste,Valle d'Aosta,125666,61375,48.84,0.21
3675,2021-01-16,VDA,238,80,158,238,0,0,ITC,ITC2,2,Valle d'Aosta / Vallée d'Aoste,Valle d'Aosta,125666,61613,49.03,0.19
3676,2021-06-22,VDA,1192,666,526,531,649,12,ITC,ITC2,2,Valle d'Aosta / Vallée d'Aoste,Valle d'Aosta,125666,62805,49.98,0.95
3677,2021-03-14,VDA,394,202,192,376,0,18,ITC,ITC2,2,Valle d'Aosta / Vallée d'Aoste,Valle d'Aosta,125666,63199,50.29,0.31
3678,2021-04-26,VDA,718,330,388,516,170,32,ITC,ITC2,2,Valle d'Aosta / Vallée d'Aoste,Valle d'Aosta,125666,63917,50.86,0.57
3679,2021-08-27,VDA,498,259,239,126,366,6,ITC,ITC2,2,Valle d'Aosta / Vallée d'Aoste,Valle d'Aosta,125666,64415,51.26,0.4
3680,2021-07-01,VDA,962,473,489,328,621,13,ITC,ITC2,2,Valle d'Aosta / Vallée d'Aoste,Valle d'Aosta,125666,65377,52.02,0.77
3681,2021-01-09,VDA,445,200,245,445,0,0,ITC,ITC2,2,Valle d'Aosta / Vallée d'Aoste,Valle d'Aosta,125666,65822,52.38,0.35
3682,2021-06-24,VDA,1227,631,596,381,837,9,ITC,ITC2,2,Valle d'Aosta / Vallée d'Aoste,Valle d'Aosta,125666,67049,53.35,0.98
3683,2021-07-03,VDA,937,486,451,391,537,9,ITC,ITC2,2,Valle d'Aosta / Vallée d'Aoste,Valle d'Aosta,125666,67986,54.1,0.75
3684,2021-08-29,VDA,209,120,89,6,202,1,ITC,ITC2,2,Valle d'Aosta / Vallée d'Aoste,Valle d'Aosta,125666,68195,54.27,0.17
3685,2021-01-21,VDA,33,12,21,33,0,0,ITC,ITC2,2,Valle d'Aosta / Vallée d'Aoste,Valle d'Aosta,125666,68228,54.29,0.03
3686,2021-01-04,VDA,144,61,83,144,0,0,ITC,ITC2,2,Valle d'Aosta / Vallée d'Aoste,Valle d'Aosta,125666,68372,54.41,0.11
3687,2021-03-28,VDA,524,213,311,497,0,27,ITC,ITC2,2,Valle d'Aosta / Vallée d'Aoste,Valle d'Aosta,125666,68896,54.82,0.42
3688,2021-05-25,VDA,1117,532,585,530,575,12,ITC,ITC2,2,Valle d'Aosta / Vallée d'Aoste,Valle d'Aosta,125666,70013,55.71,0.89
3689,2021-02-14,VDA,48,16,32,1,47,0,ITC,ITC2,2,Valle d'Aosta / Vallée d'Aoste,Valle d'Aosta,125666,70061,55.75,0.04
3690,2021-05-08,VDA,909,544,365,500,383,26,ITC,ITC2,2,Valle d'Aosta / Vallée d'Aoste,Valle d'Aosta,125666,70970,56.48,0.72
3691,2021-08-14,VDA,465,256,209,135,314,16,ITC,ITC2,2,Valle d'Aosta / Vallée d'Aoste,Valle d'Aosta,125666,71435,56.85,0.37
3692,2021-03-13,VDA,147,88,59,141,0,6,ITC,ITC2,2,Valle d'Aosta / Vallée d'Aoste,Valle d'Aosta,125666,71582,56.96,0.12
3693,2021-01-15,VDA,220,83,137,220,0,0,ITC,ITC2,2,Valle d'Aosta / Vallée d'Aoste,Valle d'Aosta,125666,71802,57.14,0.18
3694,2021-07-25,VDA,1021,494,527,262,749,10,ITC,ITC2,2,Valle d'Aosta / Vallée d'Aoste,Valle d'Aosta,125666,72823,57.95,0.81
3695,2021-04-16,VDA,599,261,338,566,2,31,ITC,ITC2,2,Valle d'Aosta / Vallée d'Aoste,Valle d'Aosta,125666,73422,58.43,0.48
3696,2021-04-02,VDA,875,345,530,626,226,23,ITC,ITC2,2,Valle d'Aosta / Vallée d'Aoste,Valle d'Aosta,125666,74297,59.12,0.7
3697,2021-09-06,VDA,495,245,250,146,319,30,ITC,ITC2,2,Valle d'Aosta / Vallée d'Aoste,Valle d'Aosta,125666,74792,59.52,0.39
3698,2021-05-29,VDA,800,436,364,554,239,7,ITC,ITC2,2,Valle d'Aosta / Vallée d'Aoste,Valle d'Aosta,125666,75592,60.15,0.64
3699,2021-07-11,VDA,908,472,436,253,643,12,ITC,ITC2,2,Valle d'Aosta / Vallée d'Aoste,Valle d'Aosta,125666,76500,60.88,0.72
3700,2021-09-04,VDA,513,271,242,131,368,14,ITC,ITC2,2,Valle d'Aosta / Vallée d'Aoste,Valle d'Aosta,125666,77013,61.28,0.41
3701,2021-03-17,VDA,438,185,253,259,165,14,ITC,ITC2,2,Valle d'Aosta / Vallée d'Aoste,Valle d'Aosta,125666,77451,61.63,0.35
3702,2021-03-03,VDA,258,119,139,182,71,5,ITC,ITC2,2,Valle d'Aosta / Vallée d'Aoste,Valle d'Aosta,125666,77709,61.84,0.21
3703,2021-02-08,VDA,224,83,141,25,199,0,ITC,ITC2,2,Valle d'Aosta / Vallée d'Aoste,Valle d'Aosta,125666,77933,62.02,0.18
3704,2021-03-23,VDA,381,150,231,230,135,16,ITC,ITC2,2,Valle d'Aosta / Vallée d'Aoste,Valle d'Aosta,125666,78314,62.32,0.3
3705,2021-05-19,VDA,993,498,495,410,575,8,ITC,ITC2,2,Valle d'Aosta / Vallée d'Aoste,Valle d'Aosta,125666,79307,63.11,0.79
3706,2021-09-05,VDA,143,75,68,4,136,3,ITC,ITC2,2,Valle d'Aosta / Vallée d'Aoste,Valle d'Aosta,125666,79450,63.22,0.11
3707,2021-08-16,VDA,422,211,211,129,276,17,ITC,ITC2,2,Valle d'Aosta / Vallée d'Aoste,Valle d'Aosta,125666,79872,63.56,0.34
3708,2021-04-05,VDA,465,223,242,445,6,14,ITC,ITC2,2,Valle d'Aosta / Vallée d'Aoste,Valle d'Aosta,125666,80337,63.93,0.37
3709,2021-06-27,VDA,1254,609,645,311,931,12,ITC,ITC2,2,Valle d'Aosta / Vallée d'Aoste,Valle d'Aosta,125666,81591,64.93,1.0
3710,2021-07-14,VDA,1021,534,487,290,728,3,ITC,ITC2,2,Valle d'Aosta / Vallée d'Aoste,Valle d'Aosta,125666,82612,65.74,0.81
3711,2021-03-31,VDA,555,302,253,511,26,18,ITC,ITC2,2,Valle d'Aosta / Vallée d'Aoste,Valle d'Aosta,125666,83167,66.18,0.44
3712,2021-05-27,VDA,1093,498,595,575,506,12,ITC,ITC2,2,Valle d'Aosta / Vallée d'Aoste,Valle d'Aosta,125666,84260,67.05,0.87
3713,2021-05-13,VDA,1146,561,585,523,602,21,ITC,ITC2,2,Valle d'Aosta / Vallée d'Aoste,Valle d'Aosta,125666,85406,67.96,0.91
3714,2021-02-02,VDA,287,73,214,3,284,0,ITC,ITC2,2,Valle d'Aosta / Vallée d'Aoste,Valle d'Aosta,125666,85693,68.19,0.23
3715,2021-07-09,VDA,946,446,500,279,657,10,ITC,ITC2,2,Valle d'Aosta / Vallée d'Aoste,Valle d'Aosta,125666,86639,68.94,0.75
3716,2021-06-25,VDA,979,445,534,323,653,3,ITC,ITC2,2,Valle d'Aosta / Vallée d'Aoste,Valle d'Aosta,125666,87618,69.72,0.78
3717,2021-08-21,VDA,441,221,220,93,331,17,ITC,ITC2,2,Valle d'Aosta / Vallée d'Aoste,Valle d'Aosta,125666,88059,70.07,0.35
3718,2021-03-16,VDA,185,37,148,109,67,9,ITC,ITC2,2,Valle d'Aosta / Vallée d'Aoste,Valle d'Aosta,125666,88244,70.22,0.15
3719,2021-08-01,VDA,842,445,397,286,547,9,ITC,ITC2,2,Valle d'Aosta / Vallée d'Aoste,Valle d'Aosta,125666,89086,70.89,0.67
3720,2021-01-28,VDA,294,124,170,55,239,0,ITC,ITC2,2,Valle d'Aosta / Vallée d'Aoste,Valle d'Aosta,125666,89380,71.13,0.23
3721,2021-03-11,VDA,392,164,228,152,239,1,ITC,ITC2,2,Valle d'Aosta / Vallée d'Aoste,Valle d'Aosta,125666,89772,71.44,0.31
3722,2021-06-02,VDA,1217,689,528,811,402,4,ITC,ITC2,2,Valle d'Aosta / Vallée d'Aoste,Valle d'Aosta,125666,90989,72.41,0.97
3723,2021-06-19,VDA,1295,671,624,658,621,16,ITC,ITC2,2,Valle d'Aosta / Vallée d'Aoste,Valle d'Aosta,125666,92284,73.44,1.03
3724,2021-09-10,VDA,189,104,85,0,188,1,ITC,ITC2,2,Valle d'Aosta / Vallée d'Aoste,Valle d'Aosta,125666,92473,73.59,0.15
3725,2021-08-24,VDA,672,370,302,144,518,10,ITC,ITC2,2,Valle d'Aosta / Vallée d'Aoste,Valle d'Aosta,125666,93145,74.12,0.53
3726,2021-03-09,VDA,206,96,110,167,32,7,ITC,ITC2,2,Valle d'Aosta / Vallée d'Aoste,Valle d'Aosta,125666,93351,74.29,0.16
3727,2021-02-20,VDA,257,215,42,244,10,3,ITC,ITC2,2,Valle d'Aosta / Vallée d'Aoste,Valle d'Aosta,125666,93608,74.49,0.2
3728,2021-03-29,VDA,494,233,261,450,40,4,ITC,ITC2,2,Valle d'Aosta / Vallée d'Aoste,Valle d'Aosta,125666,94102,74.88,0.39
3729,2021-06-20,VDA,1134,545,589,477,644,13,ITC,ITC2,2,Valle d'Aosta / Vallée d'Aoste,Valle d'Aosta,125666,95236,75.79,0.9
3730,2021-03-12,VDA,535,177,358,301,226,8,ITC,ITC2,2,Valle d'Aosta / Vallée d'Aoste,Valle d'Aosta,125666,95771,76.21,0.43
3731,2021-02-25,VDA,202,101,101,190,8,4,ITC,ITC2,2,Valle d'Aosta / Vallée d'Aoste,Valle d'Aosta,125666,95973,76.37,0.16
3732,2021-07-16,VDA,1078,555,523,343,731,4,ITC,ITC2,2,Valle d'Aosta / Vallée d'Aoste,Valle d'Aosta,125666,97051,77.23,0.86
3733,2021-01-26,VDA,149,52,97,2,147,0,ITC,ITC2,2,Valle d'Aosta / Vallée d'Aoste,Valle d'Aosta,125666,97200,77.35,0.12
3734,2021-02-12,VDA,263,96,167,216,46,1,ITC,ITC2,2,Valle d'Aosta / Vallée d'Aoste,Valle d'Aosta,125666,97463,77.56,0.21
3735,2021-01-12,VDA,303,73,230,303,0,0,ITC,ITC2,2,Valle d'Aosta / Vallée d'Aoste,Valle d'Aosta,125666,97766,77.8,0.24
3736,2021-09-01,VDA,800,428,372,188,586,26,ITC,ITC2,2,Valle d'Aosta / Vallée d'Aoste,Valle d'Aosta,125666,98566,78.43,0.64
3737,2021-06-12,VDA,1234,600,634,1059,167,8,ITC,ITC2,2,Valle d'Aosta / Vallée d'Aoste,Valle d'Aosta,125666,99800,79.42,0.98
3738,2021-03-10,VDA,439,184,255,220,214,5,ITC,ITC2,2,Valle d'Aosta / Vallée d'Aoste,Valle d'Aosta,125666,100239,79.77,0.35
3739,2021-02-21,VDA,18,3,15,0,18,0,ITC,ITC2,2,Valle d'Aosta / Vallée d'Aoste,Valle d'Aosta,125666,100257,79.78,0.01
3740,2021-09-09,VDA,324,174,150,100,215,9,ITC,ITC2,2,Valle d'Aosta / Vallée d'Aoste,Valle d'Aosta,125666,100581,80.04,0.26
3741,2021-06-01,VDA,874,471,403,511,354,9,ITC,ITC2,2,Valle d'Aosta / Vallée d'Aoste,Valle d'Aosta,125666,101455,80.73,0.7
3742,2021-08-23,VDA,404,205,199,91,299,14,ITC,ITC2,2,Valle d'Aosta / Vallée d'Aoste,Valle d'Aosta,125666,101859,81.06,0.32
3743,2021-05-20,VDA,1045,475,570,592,440,13,ITC,ITC2,2,Valle d'Aosta / Vallée d'Aoste,Valle d'Aosta,125666,102904,81.89,0.83
3744,2021-07-02,VDA,872,386,486,304,562,6,ITC,ITC2,2,Valle d'Aosta / Vallée d'Aoste,Valle d'Aosta,125666,103776,82.58,0.69
3745,2021-03-24,VDA,518,230,288,256,259,3,ITC,ITC2,2,Valle d'Aosta / Vallée d'Aoste,Valle d'Aosta,125666,104294,82.99,0.41
3746,2021-08-28,VDA,535,285,250,91,423,21,ITC,ITC2,2,Valle d'Aosta / Vallée d'Aoste,Valle d'Aosta,125666,104829,83.42,0.43
3747,2021-05-06,VDA,1083,516,567,664,385,34,ITC,ITC2,2,Valle d'Aosta / Vallée d'Aoste,Valle d'Aosta,125666,105912,84.28,0.86
3748,2021-08-05,VDA,787,406,381,281,480,26,ITC,ITC2,2,Valle d'Aosta / Vallée d'Aoste,Valle d'Aosta,125666,106699,84.91,0.63
3749,2021-01-06,VDA,66,34,32,66,0,0,ITC,ITC2,2,Valle d'Aosta / Vallée d'Aoste,Valle d'Aosta,125666,106765,84.96,0.05
3750,2021-02-18,VDA,349,153,196,256,88,5,ITC,ITC2,2,Valle d'Aosta / Vallée d'Aoste,Valle d'Aosta,125666,107114,85.24,0.28
3751,2021-05-24,VDA,1140,518,622,678,447,15,ITC,ITC2,2,Valle d'Aosta / Vallée d'Aoste,Valle d'Aosta,125666,108254,86.14,0.91
3752,2021-05-10,VDA,785,384,401,533,235,17,ITC,ITC2,2,Valle d'Aosta / Vallée d'Aoste,Valle d'Aosta,125666,109039,86.77,0.62
3753,2021-08-18,VDA,687,356,331,235,433,19,ITC,ITC2,2,Valle d'Aosta / Vallée d'Aoste,Valle d'Aosta,125666,109726,87.32,0.55
3754,2021-07-30,VDA,965,501,464,419,525,21,ITC,ITC2,2,Valle d'Aosta / Vallée d'Aoste,Valle d'Aosta,125666,110691,88.08,0.77
3755,2021-04-21,VDA,869,410,459,588,249,32,ITC,ITC2,2,Valle d'Aosta / Vallée d'Aoste,Valle d'Aosta,125666,111560,88.78,0.69
3756,2021-07-13,VDA,1063,567,496,309,748,6,ITC,ITC2,2,Valle d'Aosta / Vallée d'Aoste,Valle d'Aosta,125666,112623,89.62,0.85
3757,2021-03-21,VDA,360,169,191,351,0,9,ITC,ITC2,2,Valle d'Aosta / Vallée d'Aoste,Valle d'Aosta,125666,112983,89.91,0.29
3758,2021-02-16,VDA,327,53,274,315,6,6,ITC,ITC2,2,Valle d'Aosta / Vallée d'Aoste,Valle d'Aosta,125666,113310,90.17,0.26
3759,2021-03-19,VDA,322,85,237,285,35,2,ITC,ITC2,2,Valle d'Aosta / Vallée d'Aoste,Valle d'Aosta,125666,113632,90.42,0.26
3760,2021-05-07,VDA,566,247,319,514,30,22,ITC,ITC2,2,Valle d'Aosta / Vallée d'Aoste,Valle d'Aosta,125666,114198,90.87,0.45
3761,2021-04-23,VDA,923,443,480,511,383,29,ITC,ITC2,2,Valle d'Aosta / Vallée d'Aoste,Valle d'Aosta,125666,115121,91.61,0.73
3762,2021-01-13,VDA,338,110,228,338,0,0,ITC,ITC2,2,Valle d'Aosta / Vallée d'Aoste,Valle d'Aosta,125666,115459,91.88,0.27
3763,2021-07-29,VDA,997,508,489,320,667,10,ITC,ITC2,2,Valle d'Aosta / Vallée d'Aoste,Valle d'Aosta,125666,116456,92.67,0.79
3764,2021-07-15,VDA,1099,596,503,292,800,7,ITC,ITC2,2,Valle d'Aosta / Vallée d'Aoste,Valle d'Aosta,125666,117555,93.55,0.87
3765,2021-04-06,VDA,743,382,361,598,112,33,ITC,ITC2,2,Valle d'Aosta / Vallée d'Aoste,Valle d'Aosta,125666,118298,94.14,0.59
3766,2021-02-23,VDA,217,124,93,216,0,1,ITC,ITC2,2,Valle d'Aosta / Vallée d'Aoste,Valle d'Aosta,125666,118515,94.31,0.17
3767,2021-04-07,VDA,910,474,436,655,229,26,ITC,ITC2,2,Valle d'Aosta / Vallée d'Aoste,Valle d'Aosta,125666,119425,95.03,0.72
3768,2021-09-08,VDA,607,307,300,207,346,54,ITC,ITC2,2,Valle d'Aosta / Vallée d'Aoste,Valle d'Aosta,125666,120032,95.52,0.48
3769,2021-02-09,VDA,255,86,169,70,184,1,ITC,ITC2,2,Valle d'Aosta / Vallée d'Aoste,Valle d'Aosta,125666,120287,95.72,0.2
3770,2021-06-29,VDA,782,390,392,236,543,3,ITC,ITC2,2,Valle d'Aosta / Vallée d'Aoste,Valle d'Aosta,125666,121069,96.34,0.62
3771,2021-06-10,VDA,1058,611,447,1007,41,10,ITC,ITC2,2,Valle d'Aosta / Vallée d'Aoste,Valle d'Aosta,125666,122127,97.18,0.84
3772,2021-03-02,VDA,340,166,174,291,3,46,ITC,ITC2,2,Valle d'Aosta / Vallée d'Aoste,Valle d'Aosta,125666,122467,97.45,0.27
3773,2021-03-18,VDA,136,43,93,96,37,3,ITC,ITC2,2,Valle d'Aosta / Vallée d'Aoste,Valle d'Aosta,125666,122603,97.56,0.11
3774,2021-06-26,VDA,1066,512,554,352,707,7,ITC,ITC2,2,Valle d'Aosta / Vallée d'Aoste,Valle d'Aosta,125666,123669,98.41,0.85
3775,2021-03-04,VDA,291,139,152,38,251,2,ITC,ITC2,2,Valle d'Aosta / Vallée d'Aoste,Valle d'Aosta,125666,123960,98.64,0.23
3776,2021-05-26,VDA,1212,587,625,567,634,11,ITC,ITC2,2,Valle d'Aosta / Vallée d'Aoste,Valle d'Aosta,125666,125172,99.61,0.96
3777,2021-09-03,VDA,534,283,251,140,369,25,ITC,ITC2,2,Valle d'Aosta / Vallée d'Aoste,Valle d'Aosta,125666,125706,100.03,0.42
3778,2021-06-03,VDA,1311,670,641,881,413,17,ITC,ITC2,2,Valle d'Aosta / Vallée d'Aoste,Valle d'Aosta,125666,127017,101.08,1.04
3779,2021-08-25,VDA,681,348,333,128,527,26,ITC,ITC2,2,Valle d'Aosta / Vallée d'Aoste,Valle d'Aosta,125666,127698,101.62,0.54
3780,2021-05-17,VDA,809,417,392,365,434,10,ITC,ITC2,2,Valle d'Aosta / Vallée d'Aoste,Valle d'Aosta,125666,128507,102.26,0.64
3781,2021-08-08,VDA,579,297,282,175,394,10,ITC,ITC2,2,Valle d'Aosta / Vallée d'Aoste,Valle d'Aosta,125666,129086,102.72,0.46
3782,2021-05-15,VDA,1067,614,453,368,686,13,ITC,ITC2,2,Valle d'Aosta / Vallée d'Aoste,Valle d'Aosta,125666,130153,103.57,0.85
3783,2021-02-04,VDA,295,86,209,8,287,0,ITC,ITC2,2,Valle d'Aosta / Vallée d'Aoste,Valle d'Aosta,125666,130448,103.81,0.23
3784,2021-04-28,VDA,1220,633,587,683,503,34,ITC,ITC2,2,Valle d'Aosta / Vallée d'Aoste,Valle d'Aosta,125666,131668,104.78,0.97
3785,2021-07-20,VDA,1121,585,536,388,724,9,ITC,ITC2,2,Valle d'Aosta / Vallée d'Aoste,Valle d'Aosta,125666,132789,105.67,0.89
3786,2021-04-18,VDA,523,255,268,495,2,26,ITC,ITC2,2,Valle d'Aosta / Vallée d'Aoste,Valle d'Aosta,125666,133312,106.08,0.42
3787,2021-06-14,VDA,1017,523,494,575,428,14,ITC,ITC2,2,Valle d'Aosta / Vallée d'Aoste,Valle d'Aosta,125666,134329,106.89,0.81
3788,2021-05-31,VDA,881,396,485,490,380,11,ITC,ITC2,2,Valle d'Aosta / Vallée d'Aoste,Valle d'Aosta,125666,135210,107.59,0.7
3789,2021-01-11,VDA,328,113,215,328,0,0,ITC,ITC2,2,Valle d'Aosta / Vallée d'Aoste,Valle d'Aosta,125666,135538,107.86,0.26
3790,2021-08-06,VDA,821,400,421,405,398,18,ITC,ITC2,2,Valle d'Aosta / Vallée d'Aoste,Valle d'Aosta,125666,136359,108.51,0.65
3791,2021-08-10,VDA,854,437,417,581,263,10,ITC,ITC2,2,Valle d'Aosta / Vallée d'Aoste,Valle d'Aosta,125666,137213,109.19,0.68
3792,2021-07-27,VDA,1122,597,525,561,552,9,ITC,ITC2,2,Valle d'Aosta / Vallée d'Aoste,Valle d'Aosta,125666,138335,110.08,0.89
3793,2021-04-25,VDA,850,409,441,674,139,37,ITC,ITC2,2,Valle d'Aosta / Vallée d'Aoste,Valle d'Aosta,125666,139185,110.76,0.68
3794,2021-06-21,VDA,1124,600,524,608,506,10,ITC,ITC2,2,Valle d'Aosta / Vallée d'Aoste,Valle d'Aosta,125666,140309,111.65,0.89
3795,2021-06-07,VDA,711,347,364,637,61,13,ITC,ITC2,2,Valle d'Aosta / Vallée d'Aoste,Valle d'Aosta,125666,141020,112.22,0.57
3796,2021-02-27,VDA,232,86,146,120,107,5,ITC,ITC2,2,Valle d'Aosta / Vallée d'Aoste,Valle d'Aosta,125666,141252,112.4,0.18
3797,2021-08-03,VDA,936,485,451,564,358,14,ITC,ITC2,2,Valle d'Aosta / Vallée d'Aoste,Valle d'Aosta,125666,142188,113.15,0.74
3798,2021-04-04,VDA,573,254,319,562,0,11,ITC,ITC2,2,Valle d'Aosta / Vallée d'Aoste,Valle d'Aosta,125666,142761,113.6,0.46
3799,2021-08-17,VDA,560,306,254,210,342,8,ITC,ITC2,2,Valle d'Aosta / Vallée d'Aoste,Valle d'Aosta,125666,143321,114.05,0.45
3800,2021-02-13,VDA,217,197,20,214,1,2,ITC,ITC2,2,Valle d'Aosta / Vallée d'Aoste,Valle d'Aosta,125666,143538,114.22,0.17
3801,2021-02-06,VDA,290,104,186,91,198,1,ITC,ITC2,2,Valle d'Aosta / Vallée d'Aoste,Valle d'Aosta,125666,143828,114.45,0.23
3802,2021-04-30,VDA,833,357,476,469,347,17,ITC,ITC2,2,Valle d'Aosta / Vallée d'Aoste,Valle d'Aosta,125666,144661,115.12,0.66
3803,2021-01-20,VDA,64,15,49,64,0,0,ITC,ITC2,2,Valle d'Aosta / Vallée d'Aoste,Valle d'Aosta,125666,144725,115.17,0.05
3804,2021-07-22,VDA,981,519,462,269,704,8,ITC,ITC2,2,Valle d'Aosta / Vallée d'Aoste,Valle d'Aosta,125666,145706,115.95,0.78
3805,2021-01-18,VDA,214,74,140,214,0,0,ITC,ITC2,2,Valle d'Aosta / Vallée d'Aoste,Valle d'Aosta,125666,145920,116.12,0.17
3806,2021-04-11,VDA,479,208,271,462,0,17,ITC,ITC2,2,Valle d'Aosta / Vallée d'Aoste,Valle d'Aosta,125666,146399,116.5,0.38
3807,2021-04-10,VDA,405,191,214,389,5,11,ITC,ITC2,2,Valle d'Aosta / Vallée d'Aoste,Valle d'Aosta,125666,146804,116.82,0.32
3808,2020-12-31,VDA,18,4,14,18,0,0,ITC,ITC2,2,Valle d'Aosta / Vallée d'Aoste,Valle d'Aosta,125666,146822,116.84,0.01
3809,2021-06-06,VDA,1160,582,578,780,373,7,ITC,ITC2,2,Valle d'Aosta / Vallée d'Aoste,Valle d'Aosta,125666,147982,117.76,0.92
3810,2021-06-15,VDA,924,508,416,654,257,13,ITC,ITC2,2,Valle d'Aosta / Vallée d'Aoste,Valle d'Aosta,125666,148906,118.49,0.74
3811,2021-08-11,VDA,777,380,397,304,452,21,ITC,ITC2,2,Valle d'Aosta / Vallée d'Aoste,Valle d'Aosta,125666,149683,119.11,0.62
3812,2021-03-05,VDA,277,125,152,53,223,1,ITC,ITC2,2,Valle d'Aosta / Vallée d'Aoste,Valle d'Aosta,125666,149960,119.33,0.22
3813,2021-02-28,VDA,260,86,174,73,183,4,ITC,ITC2,2,Valle d'Aosta / Vallée d'Aoste,Valle d'Aosta,125666,150220,119.54,0.21
3814,2021-05-05,VDA,1038,566,472,434,582,22,ITC,ITC2,2,Valle d'Aosta / Vallée d'Aoste,Valle d'Aosta,125666,151258,120.37,0.83
3815,2021-08-13,VDA,495,273,222,203,283,9,ITC,ITC2,2,Valle d'Aosta / Vallée d'Aoste,Valle d'Aosta,125666,151753,120.76,0.39
3816,2021-05-03,VDA,841,400,441,459,352,30,ITC,ITC2,2,Valle d'Aosta / Vallée d'Aoste,Valle d'Aosta,125666,152594,121.43,0.67
3817,2021-03-07,VDA,64,30,34,11,53,0,ITC,ITC2,2,Valle d'Aosta / Vallée d'Aoste,Valle d'Aosta,125666,152658,121.48,0.05
3818,2021-08-20,VDA,473,240,233,142,316,15,ITC,ITC2,2,Valle d'Aosta / Vallée d'Aoste,Valle d'Aosta,125666,153131,121.86,0.38
3819,2021-01-30,VDA,440,203,237,12,426,2,ITC,ITC2,2,Valle d'Aosta / Vallée d'Aoste,Valle d'Aosta,125666,153571,122.21,0.35
3820,2021-01-25,VDA,150,67,83,1,149,0,ITC,ITC2,2,Valle d'Aosta / Vallée d'Aoste,Valle d'Aosta,125666,153721,122.33,0.12
3821,2021-07-10,VDA,1295,670,625,320,964,11,ITC,ITC2,2,Valle d'Aosta / Vallée d'Aoste,Valle d'Aosta,125666,155016,123.36,1.03
3822,2021-08-22,VDA,177,88,89,8,169,0,ITC,ITC2,2,Valle d'Aosta / Vallée d'Aoste,Valle d'Aosta,125666,155193,123.5,0.14
3823,2021-05-14,VDA,964,444,520,264,670,30,ITC,ITC2,2,Valle d'Aosta / Vallée d'Aoste,Valle d'Aosta,125666,156157,124.26,0.77
3824,2021-02-01,VDA,409,128,281,86,320,3,ITC,ITC2,2,Valle d'Aosta / Vallée d'Aoste,Valle d'Aosta,125666,156566,124.59,0.33
3825,2021-07-08,VDA,1276,709,567,340,925,11,ITC,ITC2,2,Valle d'Aosta / Vallée d'Aoste,Valle d'Aosta,125666,157842,125.6,1.02
3826,2021-03-30,VDA,402,223,179,364,20,18,ITC,ITC2,2,Valle d'Aosta / Vallée d'Aoste,Valle d'Aosta,125666,158244,125.92,0.32
3827,2021-05-12,VDA,1144,550,594,449,671,24,ITC,ITC2,2,Valle d'Aosta / Vallée d'Aoste,Valle d'Aosta,125666,159388,126.83,0.91
3828,2021-07-17,VDA,987,521,466,251,731,5,ITC,ITC2,2,Valle d'Aosta / Vallée d'Aoste,Valle d'Aosta,125666,160375,127.62,0.79
3829,2021-02-07,PUG,1585,669,916,253,1332,0,ITF,ITF4,16,Puglia,Puglia,4029053,1585,0.04,0.04
3830,2021-01-21,PUG,2132,905,1227,1268,862,2,ITF,ITF4,16,Puglia,Puglia,4029053,3717,0.09,0.05
3831,2021-05-01,PUG,27727,12696,15031,16731,10715,281,ITF,ITF4,16,Puglia,Puglia,4029053,31444,0.78,0.69
3832,2021-08-09,PUG,27966,14409,13557,11280,15821,865,ITF,ITF4,16,Puglia,Puglia,4029053,59410,1.47,0.69
3833,2021-01-02,PUG,2958,1306,1652,2958,0,0,ITF,ITF4,16,Puglia,Puglia,4029053,62368,1.55,0.07
3834,2021-04-19,PUG,27770,12903,14867,24380,3051,339,ITF,ITF4,16,Puglia,Puglia,4029053,90138,2.24,0.69
3835,2021-07-28,PUG,45401,22961,22440,14731,29783,887,ITF,ITF4,16,Puglia,Puglia,4029053,135539,3.36,1.13
3836,2021-04-24,PUG,29468,13426,16042,25174,3957,337,ITF,ITF4,16,Puglia,Puglia,4029053,165007,4.1,0.73
3837,2021-09-06,PUG,21448,11229,10219,7150,13376,922,ITF,ITF4,16,Puglia,Puglia,4029053,186455,4.63,0.53
3838,2021-07-11,PUG,12193,5764,6429,2576,9519,98,ITF,ITF4,16,Puglia,Puglia,4029053,198648,4.93,0.3
3839,2021-08-23,PUG,30281,15658,14623,10620,18768,893,ITF,ITF4,16,Puglia,Puglia,4029053,228929,5.68,0.75
3840,2021-03-05,PUG,17750,7202,10548,15203,2320,227,ITF,ITF4,16,Puglia,Puglia,4029053,246679,6.12,0.44
3841,2021-02-26,PUG,13804,5070,8734,12525,1079,200,ITF,ITF4,16,Puglia,Puglia,4029053,260483,6.47,0.34
3842,2020-12-31,PUG,1638,785,853,1638,0,0,ITF,ITF4,16,Puglia,Puglia,4029053,262121,6.51,0.04
3843,2021-08-11,PUG,23905,12282,11623,12096,10790,1019,ITF,ITF4,16,Puglia,Puglia,4029053,286026,7.1,0.59
3844,2021-06-15,PUG,42753,20900,21853,22392,19767,594,ITF,ITF4,16,Puglia,Puglia,4029053,328779,8.16,1.06
3845,2021-06-08,PUG,39414,19193,20221,20962,17890,562,ITF,ITF4,16,Puglia,Puglia,4029053,368193,9.14,0.98
3846,2021-04-12,PUG,29501,13875,15626,26160,3024,317,ITF,ITF4,16,Puglia,Puglia,4029053,397694,9.87,0.73
3847,2021-07-21,PUG,45076,22219,22857,11882,32347,847,ITF,ITF4,16,Puglia,Puglia,4029053,442770,10.99,1.12
3848,2021-07-04,PUG,19951,9704,10247,7936,11729,286,ITF,ITF4,16,Puglia,Puglia,4029053,462721,11.48,0.5
3849,2021-07-23,PUG,43384,21949,21435,13656,28752,976,ITF,ITF4,16,Puglia,Puglia,4029053,506105,12.56,1.08
3850,2021-01-19,PUG,1221,452,769,1210,10,1,ITF,ITF4,16,Puglia,Puglia,4029053,507326,12.59,0.03
3851,2021-01-14,PUG,4081,1595,2486,4080,0,1,ITF,ITF4,16,Puglia,Puglia,4029053,511407,12.69,0.1
3852,2021-01-07,PUG,5735,2469,3266,5735,0,0,ITF,ITF4,16,Puglia,Puglia,4029053,517142,12.84,0.14
3853,2021-04-17,PUG,40105,19007,21098,36087,3592,426,ITF,ITF4,16,Puglia,Puglia,4029053,557247,13.83,1.0
3854,2021-02-19,PUG,4757,2026,2731,4309,393,55,ITF,ITF4,16,Puglia,Puglia,4029053,562004,13.95,0.12
3855,2021-06-22,PUG,42583,20658,21925,19065,22946,572,ITF,ITF4,16,Puglia,Puglia,4029053,604587,15.01,1.06
3856,2021-04-26,PUG,26360,12080,14280,22726,3240,394,ITF,ITF4,16,Puglia,Puglia,4029053,630947,15.66,0.65
3857,2021-08-04,PUG,35305,17989,17316,12447,21799,1059,ITF,ITF4,16,Puglia,Puglia,4029053,666252,16.54,0.88
3858,2021-08-30,PUG,28438,14790,13648,11484,15927,1027,ITF,ITF4,16,Puglia,Puglia,4029053,694690,17.24,0.71
3859,2021-01-31,PUG,1827,835,992,73,1754,0,ITF,ITF4,16,Puglia,Puglia,4029053,696517,17.29,0.05
3860,2021-05-29,PUG,30717,14482,16235,20612,9558,547,ITF,ITF4,16,Puglia,Puglia,4029053,727234,18.05,0.76
3861,2021-04-02,PUG,12868,6012,6856,8185,4531,152,ITF,ITF4,16,Puglia,Puglia,4029053,740102,18.37,0.32
3862,2021-02-21,PUG,2178,475,1703,2064,63,51,ITF,ITF4,16,Puglia,Puglia,4029053,742280,18.42,0.05
3863,2021-06-01,PUG,35061,17561,17500,21649,13014,398,ITF,ITF4,16,Puglia,Puglia,4029053,777341,19.29,0.87
3864,2021-05-15,PUG,43732,19044,24688,22838,20180,714,ITF,ITF4,16,Puglia,Puglia,4029053,821073,20.38,1.09
3865,2021-06-03,PUG,50724,24604,26120,30554,19443,727,ITF,ITF4,16,Puglia,Puglia,4029053,871797,21.64,1.26
3866,2021-03-10,PUG,14865,6648,8217,11562,3140,163,ITF,ITF4,16,Puglia,Puglia,4029053,886662,22.01,0.37
3867,2021-06-13,PUG,21890,10964,10926,16377,5227,286,ITF,ITF4,16,Puglia,Puglia,4029053,908552,22.55,0.54
3868,2021-02-28,PUG,6080,1812,4268,5812,191,77,ITF,ITF4,16,Puglia,Puglia,4029053,914632,22.7,0.15
3869,2021-01-12,PUG,4223,1774,2449,4222,0,1,ITF,ITF4,16,Puglia,Puglia,4029053,918855,22.81,0.1
3870,2021-04-07,PUG,15750,7151,8599,8841,6711,198,ITF,ITF4,16,Puglia,Puglia,4029053,934605,23.2,0.39
3871,2021-07-16,PUG,46609,22621,23988,12948,32849,812,ITF,ITF4,16,Puglia,Puglia,4029053,981214,24.35,1.16
3872,2021-03-16,PUG,9894,4696,5198,3453,6382,59,ITF,ITF4,16,Puglia,Puglia,4029053,991108,24.6,0.25
3873,2021-06-24,PUG,53077,25677,27400,23608,28682,787,ITF,ITF4,16,Puglia,Puglia,4029053,1044185,25.92,1.32
3874,2021-04-28,PUG,19893,8921,10972,14835,4794,264,ITF,ITF4,16,Puglia,Puglia,4029053,1064078,26.41,0.49
3875,2021-08-06,PUG,30388,15823,14565,9147,20483,758,ITF,ITF4,16,Puglia,Puglia,4029053,1094466,27.16,0.75
3876,2021-01-09,PUG,4899,2252,2647,4895,0,4,ITF,ITF4,16,Puglia,Puglia,4029053,1099365,27.29,0.12
3877,2021-07-08,PUG,41641,19315,22326,5426,35756,459,ITF,ITF4,16,Puglia,Puglia,4029053,1141006,28.32,1.03
3878,2021-01-04,PUG,4514,2017,2497,4512,0,2,ITF,ITF4,16,Puglia,Puglia,4029053,1145520,28.43,0.11
3879,2021-04-16,PUG,36158,16994,19164,32437,3290,431,ITF,ITF4,16,Puglia,Puglia,4029053,1181678,29.33,0.9
3880,2021-02-18,PUG,4391,1850,2541,3720,610,61,ITF,ITF4,16,Puglia,Puglia,4029053,1186069,29.44,0.11
3881,2021-07-25,PUG,14322,7406,6916,4279,9838,205,ITF,ITF4,16,Puglia,Puglia,4029053,1200391,29.79,0.36
3882,2021-03-29,PUG,13587,6631,6956,6617,6770,200,ITF,ITF4,16,Puglia,Puglia,4029053,1213978,30.13,0.34
3883,2021-03-12,PUG,14328,6463,7865,10233,3950,145,ITF,ITF4,16,Puglia,Puglia,4029053,1228306,30.49,0.36
3884,2021-06-20,PUG,21630,10868,10762,14067,7237,326,ITF,ITF4,16,Puglia,Puglia,4029053,1249936,31.02,0.54
3885,2021-05-12,PUG,36675,16354,20321,23538,12552,585,ITF,ITF4,16,Puglia,Puglia,4029053,1286611,31.93,0.91
3886,2021-08-20,PUG,17908,9306,8602,8192,8967,749,ITF,ITF4,16,Puglia,Puglia,4029053,1304519,32.38,0.44
3887,2021-01-23,PUG,3044,1295,1749,880,2162,2,ITF,ITF4,16,Puglia,Puglia,4029053,1307563,32.45,0.08
3888,2021-05-03,PUG,33437,14945,18492,22172,10698,567,ITF,ITF4,16,Puglia,Puglia,4029053,1341000,33.28,0.83
3889,2021-03-07,PUG,4996,2007,2989,4370,578,48,ITF,ITF4,16,Puglia,Puglia,4029053,1345996,33.41,0.12
3890,2021-04-05,PUG,12781,6206,6575,12106,534,141,ITF,ITF4,16,Puglia,Puglia,4029053,1358777,33.72,0.32
3891,2021-03-19,PUG,7998,3672,4326,3367,4595,36,ITF,ITF4,16,Puglia,Puglia,4029053,1366775,33.92,0.2
3892,2021-06-27,PUG,18578,9228,9350,9955,8357,266,ITF,ITF4,16,Puglia,Puglia,4029053,1385353,34.38,0.46
3893,2021-02-09,PUG,3856,1576,2280,2159,1677,20,ITF,ITF4,16,Puglia,Puglia,4029053,1389209,34.48,0.1
3894,2021-05-20,PUG,33739,15310,18429,20765,12458,516,ITF,ITF4,16,Puglia,Puglia,4029053,1422948,35.32,0.84
3895,2021-03-24,PUG,13629,6541,7088,6050,7458,121,ITF,ITF4,16,Puglia,Puglia,4029053,1436577,35.66,0.34
3896,2021-08-28,PUG,5717,3129,2588,2014,3515,188,ITF,ITF4,16,Puglia,Puglia,4029053,1442294,35.8,0.14
3897,2021-01-26,PUG,5381,2408,2973,563,4817,1,ITF,ITF4,16,Puglia,Puglia,4029053,1447675,35.93,0.13
3898,2021-07-02,PUG,47483,22574,24909,17367,29188,928,ITF,ITF4,16,Puglia,Puglia,4029053,1495158,37.11,1.18
3899,2021-07-30,PUG,36448,18729,17719,13172,22400,876,ITF,ITF4,16,Puglia,Puglia,4029053,1531606,38.01,0.9
3900,2021-05-27,PUG,41036,19398,21638,22900,17459,677,ITF,ITF4,16,Puglia,Puglia,4029053,1572642,39.03,1.02
3901,2021-09-04,PUG,5519,2991,2528,1644,3695,180,ITF,ITF4,16,Puglia,Puglia,4029053,1578161,39.17,0.14
3902,2021-08-18,PUG,20164,10670,9494,10682,8556,926,ITF,ITF4,16,Puglia,Puglia,4029053,1598325,39.67,0.5
3903,2021-07-01,PUG,48558,22735,25823,11456,36468,634,ITF,ITF4,16,Puglia,Puglia,4029053,1646883,40.88,1.21
3904,2021-03-14,PUG,3383,1466,1917,2474,868,41,ITF,ITF4,16,Puglia,Puglia,4029053,1650266,40.96,0.08
3905,2021-01-16,PUG,2509,1035,1474,2508,0,1,ITF,ITF4,16,Puglia,Puglia,4029053,1652775,41.02,0.06
3906,2021-03-26,PUG,12046,5866,6180,7225,4680,141,ITF,ITF4,16,Puglia,Puglia,4029053,1664821,41.32,0.3
3907,2021-03-09,PUG,13701,6124,7577,11496,2021,184,ITF,ITF4,16,Puglia,Puglia,4029053,1678522,41.66,0.34
3908,2021-04-14,PUG,32078,15131,16947,28469,3304,305,ITF,ITF4,16,Puglia,Puglia,4029053,1710600,42.46,0.8
3909,2021-03-28,PUG,3550,1659,1891,1177,2337,36,ITF,ITF4,16,Puglia,Puglia,4029053,1714150,42.54,0.09
3910,2021-07-06,PUG,42447,19545,22902,6104,35926,417,ITF,ITF4,16,Puglia,Puglia,4029053,1756597,43.6,1.05
3911,2021-06-19,PUG,34835,17472,17363,22228,11953,654,ITF,ITF4,16,Puglia,Puglia,4029053,1791432,44.46,0.86
3912,2021-06-21,PUG,41978,20469,21509,21471,19870,637,ITF,ITF4,16,Puglia,Puglia,4029053,1833410,45.5,1.04
3913,2021-08-24,PUG,25072,12828,12244,9286,14961,825,ITF,ITF4,16,Puglia,Puglia,4029053,1858482,46.13,0.62
3914,2021-04-09,PUG,22184,9559,12625,17089,4707,388,ITF,ITF4,16,Puglia,Puglia,4029053,1880666,46.68,0.55
3915,2021-02-11,PUG,3700,1401,2299,2392,1280,28,ITF,ITF4,16,Puglia,Puglia,4029053,1884366,46.77,0.09
3916,2021-07-18,PUG,18848,9651,9197,6204,12307,337,ITF,ITF4,16,Puglia,Puglia,4029053,1903214,47.24,0.47
3917,2021-05-22,PUG,34795,15928,18867,23659,10591,545,ITF,ITF4,16,Puglia,Puglia,4029053,1938009,48.1,0.86
3918,2021-02-25,PUG,11999,5072,6927,10678,1184,137,ITF,ITF4,16,Puglia,Puglia,4029053,1950008,48.4,0.3
3919,2021-06-05,PUG,42696,20911,21785,29208,12768,720,ITF,ITF4,16,Puglia,Puglia,4029053,1992704,49.46,1.06
3920,2021-08-05,PUG,34465,17356,17109,9516,24078,871,ITF,ITF4,16,Puglia,Puglia,4029053,2027169,50.31,0.86
3921,2021-01-06,PUG,3966,1680,2286,3965,0,1,ITF,ITF4,16,Puglia,Puglia,4029053,2031135,50.41,0.1
3922,2021-02-14,PUG,789,348,441,657,127,5,ITF,ITF4,16,Puglia,Puglia,4029053,2031924,50.43,0.02
3923,2021-05-25,PUG,34856,16271,18585,20583,13686,587,ITF,ITF4,16,Puglia,Puglia,4029053,2066780,51.3,0.87
3924,2021-05-08,PUG,54488,23067,31421,23951,29950,587,ITF,ITF4,16,Puglia,Puglia,4029053,2121268,52.65,1.35
3925,2021-08-16,PUG,12064,6398,5666,7057,4368,639,ITF,ITF4,16,Puglia,Puglia,4029053,2133332,52.95,0.3
3926,2021-05-21,PUG,39269,18655,20614,28280,10196,793,ITF,ITF4,16,Puglia,Puglia,4029053,2172601,53.92,0.97
3927,2021-08-31,PUG,24830,12782,12048,8301,15679,850,ITF,ITF4,16,Puglia,Puglia,4029053,2197431,54.54,0.62
3928,2021-05-19,PUG,26510,12814,13696,19572,6501,437,ITF,ITF4,16,Puglia,Puglia,4029053,2223941,55.2,0.66
3929,2021-03-23,PUG,11162,5666,5496,4530,6536,96,ITF,ITF4,16,Puglia,Puglia,4029053,2235103,55.47,0.28
3930,2021-09-05,PUG,3194,1746,1448,955,2117,122,ITF,ITF4,16,Puglia,Puglia,4029053,2238297,55.55,0.08
3931,2021-03-25,PUG,11785,6043,5742,5258,6423,104,ITF,ITF4,16,Puglia,Puglia,4029053,2250082,55.85,0.29
3932,2021-08-29,PUG,1288,665,623,422,838,28,ITF,ITF4,16,Puglia,Puglia,4029053,2251370,55.88,0.03
3933,2021-07-03,PUG,33330,16700,16630,13472,19353,505,ITF,ITF4,16,Puglia,Puglia,4029053,2284700,56.71,0.83
3934,2021-02-08,PUG,4011,1622,2389,1583,2413,15,ITF,ITF4,16,Puglia,Puglia,4029053,2288711,56.81,0.1
3935,2021-03-11,PUG,14869,6605,8264,11467,3194,208,ITF,ITF4,16,Puglia,Puglia,4029053,2303580,57.17,0.37
3936,2021-06-02,PUG,27114,13256,13858,21914,4843,357,ITF,ITF4,16,Puglia,Puglia,4029053,2330694,57.85,0.67
3937,2021-09-10,PUG,7079,3603,3476,2275,4306,498,ITF,ITF4,16,Puglia,Puglia,4029053,2337773,58.02,0.18
3938,2021-03-13,PUG,10489,4141,6348,8574,1816,99,ITF,ITF4,16,Puglia,Puglia,4029053,2348262,58.28,0.26
3939,2021-09-03,PUG,21233,10952,10281,8353,11697,1183,ITF,ITF4,16,Puglia,Puglia,4029053,2369495,58.81,0.53
3940,2021-06-12,PUG,34673,17279,17394,25085,8993,595,ITF,ITF4,16,Puglia,Puglia,4029053,2404168,59.67,0.86
3941,2021-05-06,PUG,39796,17408,22388,19303,19932,561,ITF,ITF4,16,Puglia,Puglia,4029053,2443964,60.66,0.99
3942,2021-03-31,PUG,14587,6839,7748,8843,5591,153,ITF,ITF4,16,Puglia,Puglia,4029053,2458551,61.02,0.36
3943,2021-08-12,PUG,19452,10345,9107,10985,7560,907,ITF,ITF4,16,Puglia,Puglia,4029053,2478003,61.5,0.48
3944,2021-06-16,PUG,42190,20761,21429,26925,14534,731,ITF,ITF4,16,Puglia,Puglia,4029053,2520193,62.55,1.05
3945,2020-12-30,PUG,1,0,1,1,0,0,ITF,ITF4,16,Puglia,Puglia,4029053,2520194,62.55,0.0
3946,2021-03-02,PUG,16436,6110,10326,14876,1311,249,ITF,ITF4,16,Puglia,Puglia,4029053,2536630,62.96,0.41
3947,2021-06-10,PUG,47280,23247,24033,29417,17144,719,ITF,ITF4,16,Puglia,Puglia,4029053,2583910,64.13,1.17
3948,2021-04-04,PUG,6000,2978,3022,5912,7,81,ITF,ITF4,16,Puglia,Puglia,4029053,2589910,64.28,0.15
3949,2021-07-13,PUG,48859,23037,25822,7784,40490,585,ITF,ITF4,16,Puglia,Puglia,4029053,2638769,65.49,1.21
3950,2021-03-21,PUG,2697,1227,1470,578,2107,12,ITF,ITF4,16,Puglia,Puglia,4029053,2641466,65.56,0.07
3951,2021-06-29,PUG,46768,22430,24338,15363,30712,693,ITF,ITF4,16,Puglia,Puglia,4029053,2688234,66.72,1.16
3952,2021-02-10,PUG,3660,1444,2216,2127,1513,20,ITF,ITF4,16,Puglia,Puglia,4029053,2691894,66.81,0.09
3953,2021-05-23,PUG,17988,8413,9575,13886,3841,261,ITF,ITF4,16,Puglia,Puglia,4029053,2709882,67.26,0.45
3954,2021-01-28,PUG,5490,2286,3204,441,5049,0,ITF,ITF4,16,Puglia,Puglia,4029053,2715372,67.39,0.14
3955,2021-08-15,PUG,57,34,23,56,1,0,ITF,ITF4,16,Puglia,Puglia,4029053,2715429,67.4,0.0
3956,2021-04-23,PUG,29632,13774,15858,23925,5291,416,ITF,ITF4,16,Puglia,Puglia,4029053,2745061,68.13,0.74
3957,2021-08-01,PUG,12437,6515,5922,4328,7989,120,ITF,ITF4,16,Puglia,Puglia,4029053,2757498,68.44,0.31
3958,2021-02-02,PUG,4365,1857,2508,574,3790,1,ITF,ITF4,16,Puglia,Puglia,4029053,2761863,68.55,0.11
3959,2021-07-09,PUG,37171,17908,19263,6400,30092,679,ITF,ITF4,16,Puglia,Puglia,4029053,2799034,69.47,0.92
3960,2021-05-13,PUG,38897,17340,21557,21010,17321,566,ITF,ITF4,16,Puglia,Puglia,4029053,2837931,70.44,0.97
3961,2021-03-17,PUG,10356,4706,5650,4102,6191,63,ITF,ITF4,16,Puglia,Puglia,4029053,2848287,70.69,0.26
3962,2021-07-20,PUG,47052,23087,23965,8204,38342,506,ITF,ITF4,16,Puglia,Puglia,4029053,2895339,71.86,1.17
3963,2021-09-08,PUG,18199,9528,8671,5741,11720,738,ITF,ITF4,16,Puglia,Puglia,4029053,2913538,72.31,0.45
3964,2021-02-17,PUG,4297,1755,2542,3617,640,40,ITF,ITF4,16,Puglia,Puglia,4029053,2917835,72.42,0.11
3965,2021-05-28,PUG,44158,20902,23256,27437,15917,804,ITF,ITF4,16,Puglia,Puglia,4029053,2961993,73.52,1.1
3966,2021-07-26,PUG,48022,23967,24055,17130,29969,923,ITF,ITF4,16,Puglia,Puglia,4029053,3010015,74.71,1.19
3967,2021-05-30,PUG,21064,10079,10985,15730,5077,257,ITF,ITF4,16,Puglia,Puglia,4029053,3031079,75.23,0.52
3968,2021-09-07,PUG,22296,11682,10614,6809,14674,813,ITF,ITF4,16,Puglia,Puglia,4029053,3053375,75.78,0.55
3969,2021-03-18,PUG,9625,4376,5249,3345,6214,66,ITF,ITF4,16,Puglia,Puglia,4029053,3063000,76.02,0.24
3970,2021-06-26,PUG,32479,16361,16118,15899,16010,570,ITF,ITF4,16,Puglia,Puglia,4029053,3095479,76.83,0.81
3971,2021-03-04,PUG,15402,6118,9284,13728,1440,234,ITF,ITF4,16,Puglia,Puglia,4029053,3110881,77.21,0.38
3972,2021-06-09,PUG,42028,20812,21216,29985,11332,711,ITF,ITF4,16,Puglia,Puglia,4029053,3152909,78.25,1.04
3973,2021-02-24,PUG,10071,4718,5353,9376,597,98,ITF,ITF4,16,Puglia,Puglia,4029053,3162980,78.5,0.25
3974,2021-06-04,PUG,52906,25606,27300,34222,17856,828,ITF,ITF4,16,Puglia,Puglia,4029053,3215886,79.82,1.31
3975,2021-05-18,PUG,28997,13489,15508,15786,12914,297,ITF,ITF4,16,Puglia,Puglia,4029053,3244883,80.54,0.72
3976,2021-08-26,PUG,20217,10429,9788,8632,10707,878,ITF,ITF4,16,Puglia,Puglia,4029053,3265100,81.04,0.5
3977,2021-04-29,PUG,26332,12176,14156,19193,6709,430,ITF,ITF4,16,Puglia,Puglia,4029053,3291432,81.69,0.65
3978,2021-08-07,PUG,10107,5336,4771,3554,6255,298,ITF,ITF4,16,Puglia,Puglia,4029053,3301539,81.94,0.25
3979,2021-02-04,PUG,5939,2367,3572,1132,4803,4,ITF,ITF4,16,Puglia,Puglia,4029053,3307478,82.09,0.15
3980,2021-05-17,PUG,32991,15295,17696,20473,12018,500,ITF,ITF4,16,Puglia,Puglia,4029053,3340469,82.91,0.82
3981,2021-08-25,PUG,25648,13464,12184,10283,14421,944,ITF,ITF4,16,Puglia,Puglia,4029053,3366117,83.55,0.64
3982,2021-08-08,PUG,5121,2601,2520,1655,3416,50,ITF,ITF4,16,Puglia,Puglia,4029053,3371238,83.67,0.13
3983,2021-03-22,PUG,9993,5144,4849,4250,5671,72,ITF,ITF4,16,Puglia,Puglia,4029053,3381231,83.92,0.25
3984,2021-01-24,PUG,1674,754,920,151,1523,0,ITF,ITF4,16,Puglia,Puglia,4029053,3382905,83.96,0.04
3985,2021-06-30,PUG,47957,23259,24698,18842,28257,858,ITF,ITF4,16,Puglia,Puglia,4029053,3430862,85.15,1.19
3986,2021-03-15,PUG,12362,6160,6202,5741,6517,104,ITF,ITF4,16,Puglia,Puglia,4029053,3443224,85.46,0.31
3987,2021-08-19,PUG,17844,9299,8545,8737,8383,724,ITF,ITF4,16,Puglia,Puglia,4029053,3461068,85.9,0.44
3988,2021-01-17,PUG,1312,593,719,1242,70,0,ITF,ITF4,16,Puglia,Puglia,4029053,3462380,85.94,0.03
3989,2021-06-23,PUG,29456,14393,15063,16950,11895,611,ITF,ITF4,16,Puglia,Puglia,4029053,3491836,86.67,0.73
3990,2021-04-27,PUG,26742,12103,14639,20784,5628,330,ITF,ITF4,16,Puglia,Puglia,4029053,3518578,87.33,0.66
3991,2021-02-22,PUG,9658,4539,5119,9232,336,90,ITF,ITF4,16,Puglia,Puglia,4029053,3528236,87.57,0.24
3992,2021-02-05,PUG,5652,2278,3374,1311,4336,5,ITF,ITF4,16,Puglia,Puglia,4029053,3533888,87.71,0.14
3993,2021-05-16,PUG,24658,11124,13534,12471,11961,226,ITF,ITF4,16,Puglia,Puglia,4029053,3558546,88.32,0.61
3994,2021-01-11,PUG,3759,1592,2167,3758,0,1,ITF,ITF4,16,Puglia,Puglia,4029053,3562305,88.42,0.09
3995,2021-04-21,PUG,23175,10701,12474,19127,3746,302,ITF,ITF4,16,Puglia,Puglia,4029053,3585480,88.99,0.58
3996,2021-05-24,PUG,36243,17100,19143,24512,11119,612,ITF,ITF4,16,Puglia,Puglia,4029053,3621723,89.89,0.9
3997,2021-09-01,PUG,24805,12875,11930,9853,13894,1058,ITF,ITF4,16,Puglia,Puglia,4029053,3646528,90.51,0.62
3998,2021-02-16,PUG,3393,1456,1937,2713,649,31,ITF,ITF4,16,Puglia,Puglia,4029053,3649921,90.59,0.08
3999,2021-01-30,PUG,5543,2516,3027,380,5162,1,ITF,ITF4,16,Puglia,Puglia,4029053,3655464,90.73,0.14
4000,2021-05-10,PUG,37939,16767,21172,19312,18113,514,ITF,ITF4,16,Puglia,Puglia,4029053,3693403,91.67,0.94
4001,2021-08-17,PUG,19954,10355,9599,9274,9971,709,ITF,ITF4,16,Puglia,Puglia,4029053,3713357,92.16,0.5
4002,2021-02-15,PUG,3270,1273,1997,2602,623,45,ITF,ITF4,16,Puglia,Puglia,4029053,3716627,92.25,0.08
4003,2021-05-26,PUG,38754,18621,20133,26252,11845,657,ITF,ITF4,16,Puglia,Puglia,4029053,3755381,93.21,0.96
4004,2021-01-27,PUG,4607,1946,2661,618,3989,0,ITF,ITF4,16,Puglia,Puglia,4029053,3759988,93.32,0.11
4005,2021-05-07,PUG,50283,22437,27846,25966,23709,608,ITF,ITF4,16,Puglia,Puglia,4029053,3810271,94.57,1.25
4006,2021-07-29,PUG,43062,21773,21289,12294,29979,789,ITF,ITF4,16,Puglia,Puglia,4029053,3853333,95.64,1.07
4007,2021-01-13,PUG,4556,1734,2822,4555,0,1,ITF,ITF4,16,Puglia,Puglia,4029053,3857889,95.75,0.11
4008,2021-08-27,PUG,23857,12503,11354,9954,12958,945,ITF,ITF4,16,Puglia,Puglia,4029053,3881746,96.34,0.59
4009,2021-02-23,PUG,9403,4435,4968,8814,497,92,ITF,ITF4,16,Puglia,Puglia,4029053,3891149,96.58,0.23
4010,2021-07-27,PUG,48674,24221,24453,13353,34513,808,ITF,ITF4,16,Puglia,Puglia,4029053,3939823,97.79,1.21
4011,2021-05-31,PUG,37990,18322,19668,23169,14265,556,ITF,ITF4,16,Puglia,Puglia,4029053,3977813,98.73,0.94
4012,2021-05-11,PUG,32758,14479,18279,13704,18562,492,ITF,ITF4,16,Puglia,Puglia,4029053,4010571,99.54,0.81
4013,2021-05-04,PUG,35240,14908,20332,18249,16570,421,ITF,ITF4,16,Puglia,Puglia,4029053,4045811,100.42,0.87
4014,2021-03-08,PUG,15021,6448,8573,12444,2416,161,ITF,ITF4,16,Puglia,Puglia,4029053,4060832,100.79,0.37
4015,2021-02-13,PUG,3733,1461,2272,3021,696,16,ITF,ITF4,16,Puglia,Puglia,4029053,4064565,100.88,0.09
4016,2021-06-28,PUG,48751,23643,25108,21665,26289,797,ITF,ITF4,16,Puglia,Puglia,4029053,4113316,102.09,1.21
4017,2021-04-25,PUG,11328,5244,6084,10051,1143,134,ITF,ITF4,16,Puglia,Puglia,4029053,4124644,102.37,0.28
4018,2021-02-27,PUG,14248,4827,9421,12826,1237,185,ITF,ITF4,16,Puglia,Puglia,4029053,4138892,102.73,0.35
4019,2021-08-03,PUG,36477,18511,17966,9216,26497,764,ITF,ITF4,16,Puglia,Puglia,4029053,4175369,103.63,0.91
4020,2021-01-01,PUG,150,61,89,150,0,0,ITF,ITF4,16,Puglia,Puglia,4029053,4175519,103.64,0.0
4021,2021-06-07,PUG,44482,21714,22768,30388,13327,767,ITF,ITF4,16,Puglia,Puglia,4029053,4220001,104.74,1.1
4022,2021-04-11,PUG,16492,7270,9222,14657,1649,186,ITF,ITF4,16,Puglia,Puglia,4029053,4236493,105.15,0.41
4023,2021-04-06,PUG,13872,6267,7605,6926,6773,173,ITF,ITF4,16,Puglia,Puglia,4029053,4250365,105.49,0.34
4024,2021-07-15,PUG,44944,21755,23189,8903,35364,677,ITF,ITF4,16,Puglia,Puglia,4029053,4295309,106.61,1.12
4025,2021-07-14,PUG,46296,22205,24091,13374,32086,836,ITF,ITF4,16,Puglia,Puglia,4029053,4341605,107.76,1.15
4026,2021-08-02,PUG,39787,20171,19616,14224,24342,1221,ITF,ITF4,16,Puglia,Puglia,4029053,4381392,108.74,0.99
4027,2021-03-01,PUG,15141,5884,9257,13600,1386,155,ITF,ITF4,16,Puglia,Puglia,4029053,4396533,109.12,0.38
4028,2021-01-18,PUG,1848,772,1076,1496,351,1,ITF,ITF4,16,Puglia,Puglia,4029053,4398381,109.17,0.05
4029,2021-02-06,PUG,4557,1936,2621,1579,2963,15,ITF,ITF4,16,Puglia,Puglia,4029053,4402938,109.28,0.11
4030,2021-01-20,PUG,1547,541,1006,1537,8,2,ITF,ITF4,16,Puglia,Puglia,4029053,4404485,109.32,0.04
4031,2021-04-30,PUG,35062,15712,19350,22482,12011,569,ITF,ITF4,16,Puglia,Puglia,4029053,4439547,110.19,0.87
4032,2021-04-13,PUG,28798,13659,15139,24943,3539,316,ITF,ITF4,16,Puglia,Puglia,4029053,4468345,110.9,0.71
4033,2021-07-22,PUG,47665,23636,24029,8489,38489,687,ITF,ITF4,16,Puglia,Puglia,4029053,4516010,112.09,1.18
4034,2021-07-05,PUG,38989,18297,20692,7235,31201,553,ITF,ITF4,16,Puglia,Puglia,4029053,4554999,113.05,0.97
4035,2021-03-06,PUG,16192,6142,10050,13891,2128,173,ITF,ITF4,16,Puglia,Puglia,4029053,4571191,113.46,0.4
4036,2021-01-08,PUG,5698,2398,3300,5696,0,2,ITF,ITF4,16,Puglia,Puglia,4029053,4576889,113.6,0.14
4037,2021-06-14,PUG,42148,20619,21529,28865,12491,792,ITF,ITF4,16,Puglia,Puglia,4029053,4619037,114.64,1.05
4038,2021-04-18,PUG,22692,10859,11833,21435,1058,199,ITF,ITF4,16,Puglia,Puglia,4029053,4641729,115.21,0.56
4039,2021-02-20,PUG,2978,1080,1898,2688,257,33,ITF,ITF4,16,Puglia,Puglia,4029053,4644707,115.28,0.07
4040,2021-05-09,PUG,30852,12663,18189,14796,15680,376,ITF,ITF4,16,Puglia,Puglia,4029053,4675559,116.05,0.77
4041,2021-09-02,PUG,23150,12039,11111,7429,14849,872,ITF,ITF4,16,Puglia,Puglia,4029053,4698709,116.62,0.57
4042,2021-01-10,PUG,2351,1062,1289,2351,0,0,ITF,ITF4,16,Puglia,Puglia,4029053,4701060,116.68,0.06
4043,2021-04-20,PUG,21235,9862,11373,17476,3490,269,ITF,ITF4,16,Puglia,Puglia,4029053,4722295,117.21,0.53
4044,2020-12-27,PUG,510,252,258,510,0,0,ITF,ITF4,16,Puglia,Puglia,4029053,4722805,117.22,0.01
4045,2021-05-02,PUG,21363,9680,11683,13905,7278,180,ITF,ITF4,16,Puglia,Puglia,4029053,4744168,117.75,0.53
4046,2021-08-10,PUG,27272,14196,13076,14055,12056,1161,ITF,ITF4,16,Puglia,Puglia,4029053,4771440,118.43,0.68
4047,2021-07-24,PUG,26770,13891,12879,8008,18288,474,ITF,ITF4,16,Puglia,Puglia,4029053,4798210,119.09,0.66
4048,2021-08-14,PUG,1086,560,526,497,570,19,ITF,ITF4,16,Puglia,Puglia,4029053,4799296,119.12,0.03
4049,2021-01-15,PUG,4558,1866,2692,4553,0,5,ITF,ITF4,16,Puglia,Puglia,4029053,4803854,119.23,0.11
4050,2021-04-22,PUG,23074,10558,12516,17740,4948,386,ITF,ITF4,16,Puglia,Puglia,4029053,4826928,119.8,0.57
4051,2021-07-31,PUG,20033,10644,9389,7907,11646,480,ITF,ITF4,16,Puglia,Puglia,4029053,4846961,120.3,0.5
4052,2021-02-12,PUG,4216,1673,2543,3099,1094,23,ITF,ITF4,16,Puglia,Puglia,4029053,4851177,120.4,0.1
4053,2021-01-29,PUG,6218,2673,3545,220,5998,0,ITF,ITF4,16,Puglia,Puglia,4029053,4857395,120.56,0.15
4054,2021-03-20,PUG,8447,3894,4553,3769,4630,48,ITF,ITF4,16,Puglia,Puglia,4029053,4865842,120.77,0.21
4055,2021-06-18,PUG,47915,23582,24333,28886,18101,928,ITF,ITF4,16,Puglia,Puglia,4029053,4913757,121.96,1.19
4056,2021-09-09,PUG,17877,9239,8638,4981,12139,757,ITF,ITF4,16,Puglia,Puglia,4029053,4931634,122.4,0.44
4057,2021-01-03,PUG,2010,944,1066,2009,0,1,ITF,ITF4,16,Puglia,Puglia,4029053,4933644,122.45,0.05
4058,2021-03-27,PUG,12187,5726,6461,6884,5191,112,ITF,ITF4,16,Puglia,Puglia,4029053,4945831,122.75,0.3
4059,2021-01-22,PUG,1414,579,835,992,421,1,ITF,ITF4,16,Puglia,Puglia,4029053,4947245,122.79,0.04
4060,2021-08-21,PUG,4304,2306,1998,1969,2101,234,ITF,ITF4,16,Puglia,Puglia,4029053,4951549,122.9,0.11
4061,2021-06-25,PUG,50954,25090,25864,23851,26203,900,ITF,ITF4,16,Puglia,Puglia,4029053,5002503,124.16,1.26
4062,2021-03-03,PUG,16834,6830,10004,14739,1940,155,ITF,ITF4,16,Puglia,Puglia,4029053,5019337,124.58,0.42
4063,2021-06-11,PUG,48066,23513,24553,33031,14124,911,ITF,ITF4,16,Puglia,Puglia,4029053,5067403,125.77,1.19
4064,2021-04-03,PUG,10587,4661,5926,6816,3577,194,ITF,ITF4,16,Puglia,Puglia,4029053,5077990,126.03,0.26
4065,2021-01-05,PUG,5118,2256,2862,5115,0,3,ITF,ITF4,16,Puglia,Puglia,4029053,5083108,126.16,0.13
4066,2021-04-15,PUG,32797,15308,17489,28613,3783,401,ITF,ITF4,16,Puglia,Puglia,4029053,5115905,126.98,0.81
4067,2021-07-07,PUG,38791,18571,20220,6084,32198,509,ITF,ITF4,16,Puglia,Puglia,4029053,5154696,127.94,0.96
4068,2021-05-05,PUG,39371,17285,22086,24507,14269,595,ITF,ITF4,16,Puglia,Puglia,4029053,5194067,128.92,0.98
4069,2021-08-13,PUG,13783,7326,6457,7285,5906,592,ITF,ITF4,16,Puglia,Puglia,4029053,5207850,129.26,0.34
4070,2021-06-17,PUG,42974,20998,21976,21404,21008,562,ITF,ITF4,16,Puglia,Puglia,4029053,5250824,130.32,1.07
4071,2021-03-30,PUG,12456,5972,6484,6198,6102,156,ITF,ITF4,16,Puglia,Puglia,4029053,5263280,130.63,0.31
4072,2021-02-01,PUG,3980,1667,2313,353,3626,1,ITF,ITF4,16,Puglia,Puglia,4029053,5267260,130.73,0.1
4073,2021-07-17,PUG,30861,15495,15366,9532,20700,629,ITF,ITF4,16,Puglia,Puglia,4029053,5298121,131.5,0.77
4074,2021-05-14,PUG,45118,20620,24498,28015,16242,861,ITF,ITF4,16,Puglia,Puglia,4029053,5343239,132.62,1.12
4075,2021-08-22,PUG,1479,770,709,530,924,25,ITF,ITF4,16,Puglia,Puglia,4029053,5344718,132.65,0.04
4076,2021-01-25,PUG,3838,1685,2153,425,3412,1,ITF,ITF4,16,Puglia,Puglia,4029053,5348556,132.75,0.1
4077,2021-07-10,PUG,22419,11043,11376,4464,17659,296,ITF,ITF4,16,Puglia,Puglia,4029053,5370975,133.31,0.56
4078,2021-04-08,PUG,17534,7615,9919,11119,6201,214,ITF,ITF4,16,Puglia,Puglia,4029053,5388509,133.74,0.44
4079,2021-06-06,PUG,30776,15500,15276,25383,5072,321,ITF,ITF4,16,Puglia,Puglia,4029053,5419285,134.51,0.76
4080,2021-04-10,PUG,30963,13133,17830,26111,4465,387,ITF,ITF4,16,Puglia,Puglia,4029053,5450248,135.27,0.77
4081,2021-07-19,PUG,49576,24358,25218,10951,37861,764,ITF,ITF4,16,Puglia,Puglia,4029053,5499824,136.5,1.23
4082,2021-04-01,PUG,13988,6577,7411,7383,6383,222,ITF,ITF4,16,Puglia,Puglia,4029053,5513812,136.85,0.35
4083,2021-02-03,PUG,5056,2008,3048,705,4350,1,ITF,ITF4,16,Puglia,Puglia,4029053,5518868,136.98,0.13
4084,2021-07-12,PUG,45833,21644,24189,12737,32341,755,ITF,ITF4,16,Puglia,Puglia,4029053,5564701,138.11,1.14
4085,2021-01-22,ABR,118,57,61,118,0,0,ITF,ITF1,13,Abruzzo,Abruzzo,1304970,118,0.01,0.01
4086,2021-01-03,ABR,501,212,289,499,0,2,ITF,ITF1,13,Abruzzo,Abruzzo,1304970,619,0.05,0.04
4087,2021-01-10,ABR,1271,539,732,1267,0,4,ITF,ITF1,13,Abruzzo,Abruzzo,1304970,1890,0.14,0.1
4088,2021-04-29,ABR,12685,5856,6829,9272,3098,315,ITF,ITF1,13,Abruzzo,Abruzzo,1304970,14575,1.12,0.97
4089,2021-08-07,ABR,6492,3616,2876,1838,4558,96,ITF,ITF1,13,Abruzzo,Abruzzo,1304970,21067,1.61,0.5
4090,2021-06-25,ABR,11062,5480,5582,4905,6014,143,ITF,ITF1,13,Abruzzo,Abruzzo,1304970,32129,2.46,0.85
4091,2021-01-15,ABR,385,155,230,371,0,14,ITF,ITF1,13,Abruzzo,Abruzzo,1304970,32514,2.49,0.03
4092,2021-09-09,ABR,7000,3669,3331,1344,5527,129,ITF,ITF1,13,Abruzzo,Abruzzo,1304970,39514,3.03,0.54
4093,2021-02-10,ABR,946,311,635,492,444,10,ITF,ITF1,13,Abruzzo,Abruzzo,1304970,40460,3.1,0.07
4094,2021-08-21,ABR,3841,2098,1743,1729,1990,122,ITF,ITF1,13,Abruzzo,Abruzzo,1304970,44301,3.39,0.29
4095,2021-05-04,ABR,10857,5094,5763,7041,3628,188,ITF,ITF1,13,Abruzzo,Abruzzo,1304970,55158,4.23,0.83
4096,2021-03-08,ABR,5155,1694,3461,4083,976,96,ITF,ITF1,13,Abruzzo,Abruzzo,1304970,60313,4.62,0.4
4097,2021-01-24,ABR,50,22,28,6,44,0,ITF,ITF1,13,Abruzzo,Abruzzo,1304970,60363,4.63,0.0
4098,2021-03-27,ABR,6125,2622,3503,3561,2492,72,ITF,ITF1,13,Abruzzo,Abruzzo,1304970,66488,5.09,0.47
4099,2021-01-05,ABR,1735,721,1014,1730,0,5,ITF,ITF1,13,Abruzzo,Abruzzo,1304970,68223,5.23,0.13
4100,2021-04-15,ABR,7830,3686,4144,5825,1843,162,ITF,ITF1,13,Abruzzo,Abruzzo,1304970,76053,5.83,0.6
4101,2021-07-07,ABR,12064,5906,6158,4026,7797,241,ITF,ITF1,13,Abruzzo,Abruzzo,1304970,88117,6.75,0.92
4102,2021-04-27,ABR,9083,4366,4717,6504,2466,113,ITF,ITF1,13,Abruzzo,Abruzzo,1304970,97200,7.45,0.7
4103,2021-07-02,ABR,11835,5947,5888,4828,6822,185,ITF,ITF1,13,Abruzzo,Abruzzo,1304970,109035,8.36,0.91
4104,2021-03-15,ABR,3681,1445,2236,1841,1808,32,ITF,ITF1,13,Abruzzo,Abruzzo,1304970,112716,8.64,0.28
4105,2021-01-17,ABR,193,64,129,185,7,1,ITF,ITF1,13,Abruzzo,Abruzzo,1304970,112909,8.65,0.01
4106,2021-06-23,ABR,11016,5284,5732,5579,5291,146,ITF,ITF1,13,Abruzzo,Abruzzo,1304970,123925,9.5,0.84
4107,2021-07-21,ABR,11077,5717,5360,2424,8518,135,ITF,ITF1,13,Abruzzo,Abruzzo,1304970,135002,10.35,0.85
4108,2021-02-03,ABR,2062,717,1345,411,1643,8,ITF,ITF1,13,Abruzzo,Abruzzo,1304970,137064,10.5,0.16
4109,2021-02-22,ABR,2641,1174,1467,2584,30,27,ITF,ITF1,13,Abruzzo,Abruzzo,1304970,139705,10.71,0.2
4110,2021-02-05,ABR,1535,521,1014,772,747,16,ITF,ITF1,13,Abruzzo,Abruzzo,1304970,141240,10.82,0.12
4111,2021-05-16,ABR,9577,4134,5443,5645,3812,120,ITF,ITF1,13,Abruzzo,Abruzzo,1304970,150817,11.56,0.73
4112,2021-06-04,ABR,15649,7395,8254,10758,4703,188,ITF,ITF1,13,Abruzzo,Abruzzo,1304970,166466,12.76,1.2
4113,2021-05-18,ABR,12111,5660,6451,7562,4379,170,ITF,ITF1,13,Abruzzo,Abruzzo,1304970,178577,13.68,0.93
4114,2021-02-24,ABR,3305,1441,1864,3111,177,17,ITF,ITF1,13,Abruzzo,Abruzzo,1304970,181882,13.94,0.25
4115,2021-08-09,ABR,10701,5546,5155,3094,7413,194,ITF,ITF1,13,Abruzzo,Abruzzo,1304970,192583,14.76,0.82
4116,2021-08-26,ABR,5801,3037,2764,2014,3636,151,ITF,ITF1,13,Abruzzo,Abruzzo,1304970,198384,15.2,0.44
4117,2021-03-01,ABR,3477,1384,2093,2702,751,24,ITF,ITF1,13,Abruzzo,Abruzzo,1304970,201861,15.47,0.27
4118,2021-08-14,ABR,128,69,59,101,25,2,ITF,ITF1,13,Abruzzo,Abruzzo,1304970,201989,15.48,0.01
4119,2021-06-18,ABR,10194,5005,5189,6551,3494,149,ITF,ITF1,13,Abruzzo,Abruzzo,1304970,212183,16.26,0.78
4120,2021-02-02,ABR,1764,668,1096,218,1542,4,ITF,ITF1,13,Abruzzo,Abruzzo,1304970,213947,16.39,0.14
4121,2020-12-27,ABR,47,24,23,47,0,0,ITF,ITF1,13,Abruzzo,Abruzzo,1304970,213994,16.4,0.0
4122,2021-03-20,ABR,4794,2200,2594,2563,2171,60,ITF,ITF1,13,Abruzzo,Abruzzo,1304970,218788,16.77,0.37
4123,2021-06-13,ABR,9846,4926,4920,7847,1834,165,ITF,ITF1,13,Abruzzo,Abruzzo,1304970,228634,17.52,0.75
4124,2021-03-17,ABR,4540,1872,2668,2777,1740,23,ITF,ITF1,13,Abruzzo,Abruzzo,1304970,233174,17.87,0.35
4125,2021-09-06,ABR,6222,3245,2977,2208,3865,149,ITF,ITF1,13,Abruzzo,Abruzzo,1304970,239396,18.34,0.48
4126,2021-03-24,ABR,6387,2786,3601,3992,2252,143,ITF,ITF1,13,Abruzzo,Abruzzo,1304970,245783,18.83,0.49
4127,2021-07-09,ABR,13611,6793,6818,2887,10585,139,ITF,ITF1,13,Abruzzo,Abruzzo,1304970,259394,19.88,1.04
4128,2021-06-22,ABR,10411,4878,5533,5385,4846,180,ITF,ITF1,13,Abruzzo,Abruzzo,1304970,269805,20.68,0.8
4129,2021-02-28,ABR,1703,509,1194,1665,2,36,ITF,ITF1,13,Abruzzo,Abruzzo,1304970,271508,20.81,0.13
4130,2021-08-04,ABR,10882,5629,5253,4300,6337,245,ITF,ITF1,13,Abruzzo,Abruzzo,1304970,282390,21.64,0.83
4131,2021-01-02,ABR,559,226,333,558,0,1,ITF,ITF1,13,Abruzzo,Abruzzo,1304970,282949,21.68,0.04
4132,2021-06-08,ABR,12870,6622,6248,10430,2197,243,ITF,ITF1,13,Abruzzo,Abruzzo,1304970,295819,22.67,0.99
4133,2021-04-26,ABR,8563,4067,4496,7137,1214,212,ITF,ITF1,13,Abruzzo,Abruzzo,1304970,304382,23.32,0.66
4134,2021-06-01,ABR,10999,4878,6121,6511,4367,121,ITF,ITF1,13,Abruzzo,Abruzzo,1304970,315381,24.17,0.84
4135,2021-08-28,ABR,2303,1332,971,699,1555,49,ITF,ITF1,13,Abruzzo,Abruzzo,1304970,317684,24.34,0.18
4136,2021-05-13,ABR,11152,5045,6107,6955,3964,233,ITF,ITF1,13,Abruzzo,Abruzzo,1304970,328836,25.2,0.85
4137,2021-03-31,ABR,6723,2947,3776,4559,2069,95,ITF,ITF1,13,Abruzzo,Abruzzo,1304970,335559,25.71,0.52
4138,2021-05-15,ABR,11445,5184,6261,5939,5327,179,ITF,ITF1,13,Abruzzo,Abruzzo,1304970,347004,26.59,0.88
4139,2021-08-23,ABR,5920,3109,2811,1658,4118,144,ITF,ITF1,13,Abruzzo,Abruzzo,1304970,352924,27.04,0.45
4140,2021-07-11,ABR,9888,4976,4912,2365,7388,135,ITF,ITF1,13,Abruzzo,Abruzzo,1304970,362812,27.8,0.76
4141,2021-03-03,ABR,4641,1899,2742,3716,906,19,ITF,ITF1,13,Abruzzo,Abruzzo,1304970,367453,28.16,0.36
4142,2021-07-14,ABR,13723,6799,6924,2436,11135,152,ITF,ITF1,13,Abruzzo,Abruzzo,1304970,381176,29.21,1.05
4143,2021-04-08,ABR,7394,3335,4059,4934,2330,130,ITF,ITF1,13,Abruzzo,Abruzzo,1304970,388570,29.78,0.57
4144,2021-04-22,ABR,6738,3252,3486,4828,1734,176,ITF,ITF1,13,Abruzzo,Abruzzo,1304970,395308,30.29,0.52
4145,2021-07-31,ABR,11741,6341,5400,3478,8060,203,ITF,ITF1,13,Abruzzo,Abruzzo,1304970,407049,31.19,0.9
4146,2021-05-30,ABR,8661,4110,4551,5326,3256,79,ITF,ITF1,13,Abruzzo,Abruzzo,1304970,415710,31.86,0.66
4147,2021-04-03,ABR,5164,2259,2905,3485,1598,81,ITF,ITF1,13,Abruzzo,Abruzzo,1304970,420874,32.25,0.4
4148,2021-09-07,ABR,5354,2815,2539,1473,3772,109,ITF,ITF1,13,Abruzzo,Abruzzo,1304970,426228,32.66,0.41
4149,2021-07-26,ABR,14259,7460,6799,3868,10192,199,ITF,ITF1,13,Abruzzo,Abruzzo,1304970,440487,33.75,1.09
4150,2021-07-12,ABR,15077,7458,7619,2358,12602,117,ITF,ITF1,13,Abruzzo,Abruzzo,1304970,455564,34.91,1.16
4151,2021-01-29,ABR,1387,449,938,71,1315,1,ITF,ITF1,13,Abruzzo,Abruzzo,1304970,456951,35.02,0.11
4152,2021-08-02,ABR,13856,7155,6701,3544,10053,259,ITF,ITF1,13,Abruzzo,Abruzzo,1304970,470807,36.08,1.06
4153,2021-02-09,ABR,924,325,599,513,410,1,ITF,ITF1,13,Abruzzo,Abruzzo,1304970,471731,36.15,0.07
4154,2021-07-04,ABR,8370,4215,4155,3330,4915,125,ITF,ITF1,13,Abruzzo,Abruzzo,1304970,480101,36.79,0.64
4155,2021-08-30,ABR,7415,4055,3360,1944,5342,129,ITF,ITF1,13,Abruzzo,Abruzzo,1304970,487516,37.36,0.57
4156,2021-09-01,ABR,6856,3650,3206,1576,5179,101,ITF,ITF1,13,Abruzzo,Abruzzo,1304970,494372,37.88,0.53
4157,2021-03-29,ABR,5710,2600,3110,3020,2640,50,ITF,ITF1,13,Abruzzo,Abruzzo,1304970,500082,38.32,0.44
4158,2021-06-03,ABR,13199,6286,6913,9245,3779,175,ITF,ITF1,13,Abruzzo,Abruzzo,1304970,513281,39.33,1.01
4159,2021-03-12,ABR,6043,1993,4050,4353,1611,79,ITF,ITF1,13,Abruzzo,Abruzzo,1304970,519324,39.8,0.46
4160,2021-06-20,ABR,8444,4237,4207,5409,2932,103,ITF,ITF1,13,Abruzzo,Abruzzo,1304970,527768,40.44,0.65
4161,2021-03-14,ABR,1883,732,1151,1201,669,13,ITF,ITF1,13,Abruzzo,Abruzzo,1304970,529651,40.59,0.14
4162,2021-02-25,ABR,3056,1344,1712,2507,530,19,ITF,ITF1,13,Abruzzo,Abruzzo,1304970,532707,40.82,0.23
4163,2021-06-05,ABR,14617,6865,7752,10363,4051,203,ITF,ITF1,13,Abruzzo,Abruzzo,1304970,547324,41.94,1.12
4164,2021-08-08,ABR,4450,2428,2022,1886,2474,90,ITF,ITF1,13,Abruzzo,Abruzzo,1304970,551774,42.28,0.34
4165,2021-04-19,ABR,6234,2863,3371,3787,2374,73,ITF,ITF1,13,Abruzzo,Abruzzo,1304970,558008,42.76,0.48
4166,2021-02-21,ABR,1218,550,668,1193,1,24,ITF,ITF1,13,Abruzzo,Abruzzo,1304970,559226,42.85,0.09
4167,2021-07-28,ABR,13274,6955,6319,3435,9671,168,ITF,ITF1,13,Abruzzo,Abruzzo,1304970,572500,43.87,1.02
4168,2021-06-15,ABR,11331,5563,5768,8683,2439,209,ITF,ITF1,13,Abruzzo,Abruzzo,1304970,583831,44.74,0.87
4169,2021-04-12,ABR,6238,2956,3282,4983,1173,82,ITF,ITF1,13,Abruzzo,Abruzzo,1304970,590069,45.22,0.48
4170,2021-01-16,ABR,938,431,507,930,0,8,ITF,ITF1,13,Abruzzo,Abruzzo,1304970,591007,45.29,0.07
4171,2021-03-22,ABR,4348,1912,2436,2310,1971,67,ITF,ITF1,13,Abruzzo,Abruzzo,1304970,595355,45.62,0.33
4172,2021-06-30,ABR,11169,5430,5739,4493,6509,167,ITF,ITF1,13,Abruzzo,Abruzzo,1304970,606524,46.48,0.86
4173,2021-02-17,ABR,2071,948,1123,1780,282,9,ITF,ITF1,13,Abruzzo,Abruzzo,1304970,608595,46.64,0.16
4174,2021-09-02,ABR,6119,3202,2917,1860,4129,130,ITF,ITF1,13,Abruzzo,Abruzzo,1304970,614714,47.11,0.47
4175,2021-06-11,ABR,11784,5855,5929,8832,2766,186,ITF,ITF1,13,Abruzzo,Abruzzo,1304970,626498,48.01,0.9
4176,2021-08-19,ABR,6723,3610,3113,3256,3275,192,ITF,ITF1,13,Abruzzo,Abruzzo,1304970,633221,48.52,0.52
4177,2021-02-11,ABR,815,262,553,770,43,2,ITF,ITF1,13,Abruzzo,Abruzzo,1304970,634036,48.59,0.06
4178,2021-05-24,ABR,12222,5839,6383,8725,3341,156,ITF,ITF1,13,Abruzzo,Abruzzo,1304970,646258,49.52,0.94
4179,2021-02-18,ABR,2292,934,1358,2142,133,17,ITF,ITF1,13,Abruzzo,Abruzzo,1304970,648550,49.7,0.18
4180,2021-05-29,ABR,10318,4430,5888,4454,5772,92,ITF,ITF1,13,Abruzzo,Abruzzo,1304970,658868,50.49,0.79
4181,2021-05-22,ABR,13161,6393,6768,8131,4918,112,ITF,ITF1,13,Abruzzo,Abruzzo,1304970,672029,51.5,1.01
4182,2021-03-26,ABR,5363,2315,3048,3175,2080,108,ITF,ITF1,13,Abruzzo,Abruzzo,1304970,677392,51.91,0.41
4183,2021-09-08,ABR,4423,2349,2074,1589,2732,102,ITF,ITF1,13,Abruzzo,Abruzzo,1304970,681815,52.25,0.34
4184,2021-07-27,ABR,15140,7907,7233,3339,11624,177,ITF,ITF1,13,Abruzzo,Abruzzo,1304970,696955,53.41,1.16
4185,2021-05-31,ABR,11339,5115,6224,6769,4444,126,ITF,ITF1,13,Abruzzo,Abruzzo,1304970,708294,54.28,0.87
4186,2021-04-20,ABR,5638,2714,2924,4104,1456,78,ITF,ITF1,13,Abruzzo,Abruzzo,1304970,713932,54.71,0.43
4187,2021-07-29,ABR,15181,7973,7208,3929,11042,210,ITF,ITF1,13,Abruzzo,Abruzzo,1304970,729113,55.87,1.16
4188,2021-05-17,ABR,11039,5039,6000,6019,4857,163,ITF,ITF1,13,Abruzzo,Abruzzo,1304970,740152,56.72,0.85
4189,2021-08-25,ABR,7126,3795,3331,2372,4585,169,ITF,ITF1,13,Abruzzo,Abruzzo,1304970,747278,57.26,0.55
4190,2021-08-27,ABR,7971,4202,3769,2467,5344,160,ITF,ITF1,13,Abruzzo,Abruzzo,1304970,755249,57.87,0.61
4191,2021-02-23,ABR,2779,1273,1506,2753,11,15,ITF,ITF1,13,Abruzzo,Abruzzo,1304970,758028,58.09,0.21
4192,2021-02-06,ABR,1613,745,868,595,1011,7,ITF,ITF1,13,Abruzzo,Abruzzo,1304970,759641,58.21,0.12
4193,2021-05-11,ABR,10764,5120,5644,5731,4856,177,ITF,ITF1,13,Abruzzo,Abruzzo,1304970,770405,59.04,0.82
4194,2021-08-18,ABR,7381,3917,3464,3088,4102,191,ITF,ITF1,13,Abruzzo,Abruzzo,1304970,777786,59.6,0.57
4195,2021-04-05,ABR,2692,1147,1545,1729,880,83,ITF,ITF1,13,Abruzzo,Abruzzo,1304970,780478,59.81,0.21
4196,2021-02-12,ABR,1228,567,661,1026,189,13,ITF,ITF1,13,Abruzzo,Abruzzo,1304970,781706,59.9,0.09
4197,2021-07-19,ABR,11778,5983,5795,2664,8943,171,ITF,ITF1,13,Abruzzo,Abruzzo,1304970,793484,60.8,0.9
4198,2021-05-23,ABR,9880,4693,5187,7067,2692,121,ITF,ITF1,13,Abruzzo,Abruzzo,1304970,803364,61.56,0.76
4199,2021-06-06,ABR,11151,5310,5841,8778,2240,133,ITF,ITF1,13,Abruzzo,Abruzzo,1304970,814515,62.42,0.85
4200,2021-04-10,ABR,8778,4060,4718,6123,2510,145,ITF,ITF1,13,Abruzzo,Abruzzo,1304970,823293,63.09,0.67
4201,2021-03-07,ABR,2523,630,1893,2485,0,38,ITF,ITF1,13,Abruzzo,Abruzzo,1304970,825816,63.28,0.19
4202,2021-01-09,ABR,1613,693,920,1601,0,12,ITF,ITF1,13,Abruzzo,Abruzzo,1304970,827429,63.41,0.12
4203,2021-05-07,ABR,12218,5717,6501,7646,4425,147,ITF,ITF1,13,Abruzzo,Abruzzo,1304970,839647,64.34,0.94
4204,2021-05-27,ABR,13322,6104,7218,8315,4831,176,ITF,ITF1,13,Abruzzo,Abruzzo,1304970,852969,65.36,1.02
4205,2021-09-04,ABR,2139,1136,1003,739,1339,61,ITF,ITF1,13,Abruzzo,Abruzzo,1304970,855108,65.53,0.16
4206,2021-03-19,ABR,5797,2585,3212,2730,3024,43,ITF,ITF1,13,Abruzzo,Abruzzo,1304970,860905,65.97,0.44
4207,2021-03-05,ABR,5344,1957,3387,4588,697,59,ITF,ITF1,13,Abruzzo,Abruzzo,1304970,866249,66.38,0.41
4208,2021-06-27,ABR,8366,4299,4067,5018,3208,140,ITF,ITF1,13,Abruzzo,Abruzzo,1304970,874615,67.02,0.64
4209,2021-04-25,ABR,9072,4625,4447,8053,809,210,ITF,ITF1,13,Abruzzo,Abruzzo,1304970,883687,67.72,0.7
4210,2021-01-12,ABR,1901,761,1140,1887,0,14,ITF,ITF1,13,Abruzzo,Abruzzo,1304970,885588,67.86,0.15
4211,2021-05-25,ABR,11422,5325,6097,8085,3139,198,ITF,ITF1,13,Abruzzo,Abruzzo,1304970,897010,68.74,0.88
4212,2021-01-31,ABR,1523,494,1029,286,1236,1,ITF,ITF1,13,Abruzzo,Abruzzo,1304970,898533,68.85,0.12
4213,2021-04-17,ABR,7357,3402,3955,4209,3051,97,ITF,ITF1,13,Abruzzo,Abruzzo,1304970,905890,69.42,0.56
4214,2021-02-19,ABR,3300,1552,1748,3161,100,39,ITF,ITF1,13,Abruzzo,Abruzzo,1304970,909190,69.67,0.25
4215,2021-08-05,ABR,13904,7165,6739,4717,8915,272,ITF,ITF1,13,Abruzzo,Abruzzo,1304970,923094,70.74,1.07
4216,2021-01-08,ABR,1659,638,1021,1650,0,9,ITF,ITF1,13,Abruzzo,Abruzzo,1304970,924753,70.86,0.13
4217,2021-04-18,ABR,5821,2730,3091,4728,944,149,ITF,ITF1,13,Abruzzo,Abruzzo,1304970,930574,71.31,0.45
4218,2021-02-20,ABR,4779,1845,2934,4659,76,44,ITF,ITF1,13,Abruzzo,Abruzzo,1304970,935353,71.68,0.37
4219,2021-05-10,ABR,10112,4785,5327,5341,4653,118,ITF,ITF1,13,Abruzzo,Abruzzo,1304970,945465,72.45,0.77
4220,2021-04-23,ABR,7404,3397,4007,4927,2308,169,ITF,ITF1,13,Abruzzo,Abruzzo,1304970,952869,73.02,0.57
4221,2021-01-30,ABR,1514,570,944,62,1451,1,ITF,ITF1,13,Abruzzo,Abruzzo,1304970,954383,73.13,0.12
4222,2021-08-01,ABR,7571,4057,3514,2004,5465,102,ITF,ITF1,13,Abruzzo,Abruzzo,1304970,961954,73.71,0.58
4223,2021-02-08,ABR,1196,396,800,486,710,0,ITF,ITF1,13,Abruzzo,Abruzzo,1304970,963150,73.81,0.09
4224,2021-05-19,ABR,10730,5127,5603,7567,3037,126,ITF,ITF1,13,Abruzzo,Abruzzo,1304970,973880,74.63,0.82
4225,2021-04-30,ABR,12513,5872,6641,6512,5728,273,ITF,ITF1,13,Abruzzo,Abruzzo,1304970,986393,75.59,0.96
4226,2021-04-13,ABR,5893,2755,3138,4557,1238,98,ITF,ITF1,13,Abruzzo,Abruzzo,1304970,992286,76.04,0.45
4227,2021-01-19,ABR,112,56,56,90,21,1,ITF,ITF1,13,Abruzzo,Abruzzo,1304970,992398,76.05,0.01
4228,2021-02-07,ABR,779,307,472,200,578,1,ITF,ITF1,13,Abruzzo,Abruzzo,1304970,993177,76.11,0.06
4229,2021-07-23,ABR,12574,6465,6109,2852,9562,160,ITF,ITF1,13,Abruzzo,Abruzzo,1304970,1005751,77.07,0.96
4230,2021-01-21,ABR,157,47,110,157,0,0,ITF,ITF1,13,Abruzzo,Abruzzo,1304970,1005908,77.08,0.01
4231,2021-05-01,ABR,10752,5052,5700,5630,4984,138,ITF,ITF1,13,Abruzzo,Abruzzo,1304970,1016660,77.91,0.82
4232,2021-05-20,ABR,12808,5926,6882,7412,5268,128,ITF,ITF1,13,Abruzzo,Abruzzo,1304970,1029468,78.89,0.98
4233,2021-03-25,ABR,5804,2666,3138,3065,2625,114,ITF,ITF1,13,Abruzzo,Abruzzo,1304970,1035272,79.33,0.44
4234,2021-08-29,ABR,1466,875,591,521,931,14,ITF,ITF1,13,Abruzzo,Abruzzo,1304970,1036738,79.45,0.11
4235,2021-01-27,ABR,1368,515,853,33,1335,0,ITF,ITF1,13,Abruzzo,Abruzzo,1304970,1038106,79.55,0.1
4236,2021-07-03,ABR,10195,5149,5046,3501,6546,148,ITF,ITF1,13,Abruzzo,Abruzzo,1304970,1048301,80.33,0.78
4237,2021-05-21,ABR,13019,6329,6690,7864,4979,176,ITF,ITF1,13,Abruzzo,Abruzzo,1304970,1061320,81.33,1.0
4238,2021-01-20,ABR,449,157,292,427,2,20,ITF,ITF1,13,Abruzzo,Abruzzo,1304970,1061769,81.36,0.03
4239,2021-07-05,ABR,10910,5350,5560,4043,6676,191,ITF,ITF1,13,Abruzzo,Abruzzo,1304970,1072679,82.2,0.84
4240,2021-07-22,ABR,14489,7414,7075,3515,10762,212,ITF,ITF1,13,Abruzzo,Abruzzo,1304970,1087168,83.31,1.11
4241,2021-07-24,ABR,12631,6840,5791,3810,8586,235,ITF,ITF1,13,Abruzzo,Abruzzo,1304970,1099799,84.28,0.97
4242,2021-05-02,ABR,10465,5115,5350,5087,5233,145,ITF,ITF1,13,Abruzzo,Abruzzo,1304970,1110264,85.08,0.8
4243,2021-08-10,ABR,9268,4962,4306,3396,5660,212,ITF,ITF1,13,Abruzzo,Abruzzo,1304970,1119532,85.79,0.71
4244,2021-04-07,ABR,7556,3489,4067,4514,2907,135,ITF,ITF1,13,Abruzzo,Abruzzo,1304970,1127088,86.37,0.58
4245,2021-07-16,ABR,16148,8237,7911,2467,13564,117,ITF,ITF1,13,Abruzzo,Abruzzo,1304970,1143236,87.61,1.24
4246,2021-05-08,ABR,10290,4869,5421,6307,3836,147,ITF,ITF1,13,Abruzzo,Abruzzo,1304970,1153526,88.39,0.79
4247,2021-04-24,ABR,8731,3975,4756,6937,1532,262,ITF,ITF1,13,Abruzzo,Abruzzo,1304970,1162257,89.06,0.67
4248,2021-08-16,ABR,6097,3208,2889,2257,3694,146,ITF,ITF1,13,Abruzzo,Abruzzo,1304970,1168354,89.53,0.47
4249,2021-01-14,ABR,568,227,341,566,0,2,ITF,ITF1,13,Abruzzo,Abruzzo,1304970,1168922,89.57,0.04
4250,2021-06-29,ABR,11429,5639,5790,5245,5996,188,ITF,ITF1,13,Abruzzo,Abruzzo,1304970,1180351,90.45,0.88
4251,2021-03-21,ABR,2134,914,1220,839,1291,4,ITF,ITF1,13,Abruzzo,Abruzzo,1304970,1182485,90.61,0.16
4252,2021-06-12,ABR,11423,5916,5507,9890,1351,182,ITF,ITF1,13,Abruzzo,Abruzzo,1304970,1193908,91.49,0.88
4253,2021-08-11,ABR,8276,4415,3861,2614,5504,158,ITF,ITF1,13,Abruzzo,Abruzzo,1304970,1202184,92.12,0.63
4254,2021-01-07,ABR,1712,657,1055,1705,0,7,ITF,ITF1,13,Abruzzo,Abruzzo,1304970,1203896,92.25,0.13
4255,2021-07-30,ABR,12088,6435,5653,3792,8070,226,ITF,ITF1,13,Abruzzo,Abruzzo,1304970,1215984,93.18,0.93
4256,2021-02-26,ABR,3923,1679,2244,2928,969,26,ITF,ITF1,13,Abruzzo,Abruzzo,1304970,1219907,93.48,0.3
4257,2021-03-18,ABR,3900,1652,2248,2038,1835,27,ITF,ITF1,13,Abruzzo,Abruzzo,1304970,1223807,93.78,0.3
4258,2021-08-22,ABR,1832,948,884,537,1243,52,ITF,ITF1,13,Abruzzo,Abruzzo,1304970,1225639,93.92,0.14
4259,2021-06-26,ABR,10054,5020,5034,5690,4201,163,ITF,ITF1,13,Abruzzo,Abruzzo,1304970,1235693,94.69,0.77
4260,2021-07-10,ABR,13120,6632,6488,3009,9946,165,ITF,ITF1,13,Abruzzo,Abruzzo,1304970,1248813,95.7,1.01
4261,2021-05-14,ABR,10596,5071,5525,5283,5151,162,ITF,ITF1,13,Abruzzo,Abruzzo,1304970,1259409,96.51,0.81
4262,2021-04-01,ABR,5629,2522,3107,3430,2120,79,ITF,ITF1,13,Abruzzo,Abruzzo,1304970,1265038,96.94,0.43
4263,2021-02-16,ABR,1916,842,1074,1891,12,13,ITF,ITF1,13,Abruzzo,Abruzzo,1304970,1266954,97.09,0.15
4264,2021-03-02,ABR,3967,1676,2291,3264,686,17,ITF,ITF1,13,Abruzzo,Abruzzo,1304970,1270921,97.39,0.3
4265,2021-06-10,ABR,12711,6319,6392,10308,2164,239,ITF,ITF1,13,Abruzzo,Abruzzo,1304970,1283632,98.36,0.97
4266,2021-01-18,ABR,154,71,83,53,101,0,ITF,ITF1,13,Abruzzo,Abruzzo,1304970,1283786,98.38,0.01
4267,2021-06-24,ABR,10871,5411,5460,5721,4979,171,ITF,ITF1,13,Abruzzo,Abruzzo,1304970,1294657,99.21,0.83
4268,2021-04-28,ABR,9517,4591,4926,7307,2025,185,ITF,ITF1,13,Abruzzo,Abruzzo,1304970,1304174,99.94,0.73
4269,2021-05-12,ABR,9630,4602,5028,5871,3582,177,ITF,ITF1,13,Abruzzo,Abruzzo,1304970,1313804,100.68,0.74
4270,2021-03-16,ABR,3486,1453,2033,1804,1654,28,ITF,ITF1,13,Abruzzo,Abruzzo,1304970,1317290,100.94,0.27
4271,2021-01-13,ABR,1305,483,822,1297,0,8,ITF,ITF1,13,Abruzzo,Abruzzo,1304970,1318595,101.04,0.1
4272,2021-02-13,ABR,870,395,475,442,424,4,ITF,ITF1,13,Abruzzo,Abruzzo,1304970,1319465,101.11,0.07
4273,2021-06-19,ABR,10558,5202,5356,6484,3900,174,ITF,ITF1,13,Abruzzo,Abruzzo,1304970,1330023,101.92,0.81
4274,2021-03-28,ABR,2431,1018,1413,1994,386,51,ITF,ITF1,13,Abruzzo,Abruzzo,1304970,1332454,102.11,0.19
4275,2021-07-06,ABR,10463,5199,5264,4299,5989,175,ITF,ITF1,13,Abruzzo,Abruzzo,1304970,1342917,102.91,0.8
4276,2021-04-14,ABR,6597,2952,3645,4339,2123,135,ITF,ITF1,13,Abruzzo,Abruzzo,1304970,1349514,103.41,0.51
4277,2021-01-04,ABR,1515,685,830,1509,0,6,ITF,ITF1,13,Abruzzo,Abruzzo,1304970,1351029,103.53,0.12
4278,2021-08-20,ABR,6047,3166,2881,2034,3882,131,ITF,ITF1,13,Abruzzo,Abruzzo,1304970,1357076,103.99,0.46
4279,2021-08-06,ABR,10674,5706,4968,3684,6747,243,ITF,ITF1,13,Abruzzo,Abruzzo,1304970,1367750,104.81,0.82
4280,2021-05-05,ABR,11649,5576,6073,6275,5211,163,ITF,ITF1,13,Abruzzo,Abruzzo,1304970,1379399,105.7,0.89
4281,2021-03-09,ABR,5177,1806,3371,4148,938,91,ITF,ITF1,13,Abruzzo,Abruzzo,1304970,1384576,106.1,0.4
4282,2021-08-13,ABR,7122,3832,3290,2016,5001,105,ITF,ITF1,13,Abruzzo,Abruzzo,1304970,1391698,106.65,0.55
4283,2021-09-03,ABR,5937,3185,2752,1827,3979,131,ITF,ITF1,13,Abruzzo,Abruzzo,1304970,1397635,107.1,0.45
4284,2021-01-28,ABR,1435,495,940,11,1424,0,ITF,ITF1,13,Abruzzo,Abruzzo,1304970,1399070,107.21,0.11
4285,2021-01-11,ABR,1689,690,999,1685,0,4,ITF,ITF1,13,Abruzzo,Abruzzo,1304970,1400759,107.34,0.13
4286,2021-04-21,ABR,6393,3104,3289,4634,1673,86,ITF,ITF1,13,Abruzzo,Abruzzo,1304970,1407152,107.83,0.49
4287,2021-07-17,ABR,14096,7384,6712,2650,11269,177,ITF,ITF1,13,Abruzzo,Abruzzo,1304970,1421248,108.91,1.08
4288,2021-03-04,ABR,5944,2360,3584,4973,928,43,ITF,ITF1,13,Abruzzo,Abruzzo,1304970,1427192,109.37,0.46
4289,2021-05-28,ABR,14025,6311,7714,7492,6364,169,ITF,ITF1,13,Abruzzo,Abruzzo,1304970,1441217,110.44,1.07
4290,2021-09-05,ABR,1428,781,647,437,963,28,ITF,ITF1,13,Abruzzo,Abruzzo,1304970,1442645,110.55,0.11
4291,2021-01-23,ABR,265,116,149,51,208,6,ITF,ITF1,13,Abruzzo,Abruzzo,1304970,1442910,110.57,0.02
4292,2021-05-03,ABR,11153,5261,5892,7131,3837,185,ITF,ITF1,13,Abruzzo,Abruzzo,1304970,1454063,111.43,0.85
4293,2021-07-25,ABR,9862,5217,4645,2170,7569,123,ITF,ITF1,13,Abruzzo,Abruzzo,1304970,1463925,112.18,0.76
4294,2021-07-08,ABR,13498,6684,6814,3411,9921,166,ITF,ITF1,13,Abruzzo,Abruzzo,1304970,1477423,113.22,1.03
4295,2021-04-16,ABR,7546,3492,4054,5500,1916,130,ITF,ITF1,13,Abruzzo,Abruzzo,1304970,1484969,113.79,0.58
4296,2021-07-01,ABR,12763,6282,6481,5769,6768,226,ITF,ITF1,13,Abruzzo,Abruzzo,1304970,1497732,114.77,0.98
4297,2021-06-17,ABR,10915,5458,5457,7300,3452,163,ITF,ITF1,13,Abruzzo,Abruzzo,1304970,1508647,115.61,0.84
4298,2021-08-24,ABR,6357,3409,2948,1876,4329,152,ITF,ITF1,13,Abruzzo,Abruzzo,1304970,1515004,116.09,0.49
4299,2021-07-15,ABR,15947,8090,7857,3132,12639,176,ITF,ITF1,13,Abruzzo,Abruzzo,1304970,1530951,117.32,1.22
4300,2021-06-28,ABR,10055,4837,5218,5311,4574,170,ITF,ITF1,13,Abruzzo,Abruzzo,1304970,1541006,118.09,0.77
4301,2021-04-06,ABR,7677,3578,4099,5227,2320,130,ITF,ITF1,13,Abruzzo,Abruzzo,1304970,1548683,118.68,0.59
4302,2021-08-03,ABR,12722,6575,6147,3646,8906,170,ITF,ITF1,13,Abruzzo,Abruzzo,1304970,1561405,119.65,0.97
4303,2021-08-17,ABR,6583,3468,3115,2824,3541,218,ITF,ITF1,13,Abruzzo,Abruzzo,1304970,1567988,120.16,0.5
4304,2021-03-11,ABR,5492,2217,3275,4264,1139,89,ITF,ITF1,13,Abruzzo,Abruzzo,1304970,1573480,120.58,0.42
4305,2021-06-02,ABR,9773,4750,5023,6836,2819,118,ITF,ITF1,13,Abruzzo,Abruzzo,1304970,1583253,121.32,0.75
4306,2021-09-10,ABR,2560,1386,1174,776,1726,58,ITF,ITF1,13,Abruzzo,Abruzzo,1304970,1585813,121.52,0.2
4307,2021-03-13,ABR,4123,1420,2703,3017,1043,63,ITF,ITF1,13,Abruzzo,Abruzzo,1304970,1589936,121.84,0.32
4308,2021-06-21,ABR,11056,5388,5668,4938,5990,128,ITF,ITF1,13,Abruzzo,Abruzzo,1304970,1600992,122.68,0.85
4309,2021-02-01,ABR,1633,574,1059,268,1364,1,ITF,ITF1,13,Abruzzo,Abruzzo,1304970,1602625,122.81,0.13
4310,2021-08-31,ABR,6382,3476,2906,1694,4578,110,ITF,ITF1,13,Abruzzo,Abruzzo,1304970,1609007,123.3,0.49
4311,2021-03-23,ABR,4835,2191,2644,2209,2567,59,ITF,ITF1,13,Abruzzo,Abruzzo,1304970,1613842,123.67,0.37
4312,2021-01-25,ABR,1607,634,973,12,1593,2,ITF,ITF1,13,Abruzzo,Abruzzo,1304970,1615449,123.79,0.12
4313,2021-05-09,ABR,9158,4091,5067,4171,4874,113,ITF,ITF1,13,Abruzzo,Abruzzo,1304970,1624607,124.49,0.7
4314,2021-02-15,ABR,1794,832,962,1735,42,17,ITF,ITF1,13,Abruzzo,Abruzzo,1304970,1626401,124.63,0.14
4315,2021-05-26,ABR,13552,6045,7507,8397,4996,159,ITF,ITF1,13,Abruzzo,Abruzzo,1304970,1639953,125.67,1.04
4316,2021-06-14,ABR,10979,5431,5548,7425,3379,175,ITF,ITF1,13,Abruzzo,Abruzzo,1304970,1650932,126.51,0.84
4317,2021-03-30,ABR,5129,2263,2866,3142,1825,162,ITF,ITF1,13,Abruzzo,Abruzzo,1304970,1656061,126.9,0.39
4318,2021-01-06,ABR,1991,819,1172,1981,0,10,ITF,ITF1,13,Abruzzo,Abruzzo,1304970,1658052,127.06,0.15
4319,2021-03-10,ABR,5050,1686,3364,4026,957,67,ITF,ITF1,13,Abruzzo,Abruzzo,1304970,1663102,127.44,0.39
4320,2021-01-26,ABR,1550,568,982,31,1519,0,ITF,ITF1,13,Abruzzo,Abruzzo,1304970,1664652,127.56,0.12
4321,2021-05-06,ABR,13003,6087,6916,7796,5048,159,ITF,ITF1,13,Abruzzo,Abruzzo,1304970,1677655,128.56,1.0
4322,2021-04-09,ABR,8995,4261,4734,6248,2603,144,ITF,ITF1,13,Abruzzo,Abruzzo,1304970,1686650,129.25,0.69
4323,2021-07-18,ABR,12206,6312,5894,1998,10085,123,ITF,ITF1,13,Abruzzo,Abruzzo,1304970,1698856,130.18,0.94
4324,2021-04-02,ABR,6697,3105,3592,5113,1489,95,ITF,ITF1,13,Abruzzo,Abruzzo,1304970,1705553,130.7,0.51
4325,2021-02-04,ABR,1685,617,1068,601,1072,12,ITF,ITF1,13,Abruzzo,Abruzzo,1304970,1707238,130.83,0.13
4326,2021-07-20,ABR,12589,6388,6201,3223,9177,189,ITF,ITF1,13,Abruzzo,Abruzzo,1304970,1719827,131.79,0.96
4327,2021-04-04,ABR,1633,769,864,1458,129,46,ITF,ITF1,13,Abruzzo,Abruzzo,1304970,1721460,131.92,0.13
4328,2021-07-13,ABR,15524,7752,7772,2824,12523,177,ITF,ITF1,13,Abruzzo,Abruzzo,1304970,1736984,133.11,1.19
4329,2021-08-12,ABR,8771,4627,4144,3181,5410,180,ITF,ITF1,13,Abruzzo,Abruzzo,1304970,1745755,133.78,0.67
4330,2021-06-16,ABR,10896,5453,5443,7990,2689,217,ITF,ITF1,13,Abruzzo,Abruzzo,1304970,1756651,134.61,0.83
4331,2021-02-27,ABR,2813,1338,1475,2513,267,33,ITF,ITF1,13,Abruzzo,Abruzzo,1304970,1759464,134.83,0.22
4332,2021-06-07,ABR,11101,5290,5811,9071,1844,186,ITF,ITF1,13,Abruzzo,Abruzzo,1304970,1770565,135.68,0.85
4333,2021-04-11,ABR,5380,2629,2751,4835,487,58,ITF,ITF1,13,Abruzzo,Abruzzo,1304970,1775945,136.09,0.41
4334,2021-06-09,ABR,11572,6091,5481,9704,1685,183,ITF,ITF1,13,Abruzzo,Abruzzo,1304970,1787517,136.98,0.89
4335,2021-03-06,ABR,4182,1361,2821,3570,571,41,ITF,ITF1,13,Abruzzo,Abruzzo,1304970,1791699,137.3,0.32
4336,2021-03-28,CAM,15565,7510,8055,13564,1625,376,ITF,ITF3,15,Campania,Campania,5801692,15565,0.27,0.27
4337,2021-01-04,CAM,5828,2962,2866,5728,0,100,ITF,ITF3,15,Campania,Campania,5801692,21393,0.37,0.1
4338,2021-09-10,CAM,9140,4590,4550,3740,4995,405,ITF,ITF3,15,Campania,Campania,5801692,30533,0.53,0.16
4339,2021-06-19,CAM,62408,29712,32696,24083,37769,556,ITF,ITF3,15,Campania,Campania,5801692,92941,1.6,1.08
4340,2021-06-07,CAM,57604,27731,29873,52544,4051,1009,ITF,ITF3,15,Campania,Campania,5801692,150545,2.59,0.99
4341,2021-02-25,CAM,12445,4488,7957,10941,1208,296,ITF,ITF3,15,Campania,Campania,5801692,162990,2.81,0.21
4342,2021-04-09,CAM,29952,14085,15867,23154,6139,659,ITF,ITF3,15,Campania,Campania,5801692,192942,3.33,0.52
4343,2021-06-05,CAM,77650,37594,40056,70581,6039,1030,ITF,ITF3,15,Campania,Campania,5801692,270592,4.66,1.34
4344,2021-01-30,CAM,10732,5083,5649,43,10687,2,ITF,ITF3,15,Campania,Campania,5801692,281324,4.85,0.18
4345,2021-07-03,CAM,67283,32498,34785,8132,58712,439,ITF,ITF3,15,Campania,Campania,5801692,348607,6.01,1.16
4346,2021-08-29,CAM,10260,5574,4686,3714,6277,269,ITF,ITF3,15,Campania,Campania,5801692,358867,6.19,0.18
4347,2021-01-16,CAM,3372,1677,1695,3261,0,111,ITF,ITF3,15,Campania,Campania,5801692,362239,6.24,0.06
4348,2021-08-03,CAM,31996,16222,15774,14471,16655,870,ITF,ITF3,15,Campania,Campania,5801692,394235,6.8,0.55
4349,2021-02-11,CAM,6294,2716,3578,5914,77,303,ITF,ITF3,15,Campania,Campania,5801692,400529,6.9,0.11
4350,2021-03-09,CAM,14145,6878,7267,9901,3799,445,ITF,ITF3,15,Campania,Campania,5801692,414674,7.15,0.24
4351,2021-05-31,CAM,40826,20717,20109,29844,10401,581,ITF,ITF3,15,Campania,Campania,5801692,455500,7.85,0.7
4352,2021-06-14,CAM,37133,17921,19212,18702,18024,407,ITF,ITF3,15,Campania,Campania,5801692,492633,8.49,0.64
4353,2021-08-10,CAM,21639,11191,10448,13585,6949,1105,ITF,ITF3,15,Campania,Campania,5801692,514272,8.86,0.37
4354,2021-08-22,CAM,6811,3877,2934,2536,4127,148,ITF,ITF3,15,Campania,Campania,5801692,521083,8.98,0.12
4355,2021-01-23,CAM,3843,2032,1811,267,3570,6,ITF,ITF3,15,Campania,Campania,5801692,524926,9.05,0.07
4356,2021-03-21,CAM,10076,4677,5399,7484,2391,201,ITF,ITF3,15,Campania,Campania,5801692,535002,9.22,0.17
4357,2021-02-10,CAM,6939,3439,3500,6483,206,250,ITF,ITF3,15,Campania,Campania,5801692,541941,9.34,0.12
4358,2021-07-17,CAM,55272,27562,27710,3355,51548,369,ITF,ITF3,15,Campania,Campania,5801692,597213,10.29,0.95
4359,2021-04-08,CAM,28500,13824,14676,22015,5848,637,ITF,ITF3,15,Campania,Campania,5801692,625713,10.79,0.49
4360,2021-04-11,CAM,17529,8610,8919,15031,2089,409,ITF,ITF3,15,Campania,Campania,5801692,643242,11.09,0.3
4361,2021-04-28,CAM,36425,17632,18793,25830,9761,834,ITF,ITF3,15,Campania,Campania,5801692,679667,11.71,0.63
4362,2021-01-18,CAM,960,399,561,684,244,32,ITF,ITF3,15,Campania,Campania,5801692,680627,11.73,0.02
4363,2021-07-20,CAM,40105,19783,20322,6139,33334,632,ITF,ITF3,15,Campania,Campania,5801692,720732,12.42,0.69
4364,2021-07-27,CAM,49162,24447,24715,12613,35723,826,ITF,ITF3,15,Campania,Campania,5801692,769894,13.27,0.85
4365,2021-09-08,CAM,19120,9648,9472,8695,9613,812,ITF,ITF3,15,Campania,Campania,5801692,789014,13.6,0.33
4366,2021-04-16,CAM,34450,16638,17812,23053,10668,729,ITF,ITF3,15,Campania,Campania,5801692,823464,14.19,0.59
4367,2021-01-06,CAM,7652,3751,3901,7508,0,144,ITF,ITF3,15,Campania,Campania,5801692,831116,14.33,0.13
4368,2021-02-18,CAM,9111,3833,5278,8149,727,235,ITF,ITF3,15,Campania,Campania,5801692,840227,14.48,0.16
4369,2021-03-02,CAM,12762,4560,8202,8183,4345,234,ITF,ITF3,15,Campania,Campania,5801692,852989,14.7,0.22
4370,2021-07-15,CAM,66737,32057,34680,8704,57081,952,ITF,ITF3,15,Campania,Campania,5801692,919726,15.85,1.15
4371,2021-02-27,CAM,13958,4472,9486,11964,1653,341,ITF,ITF3,15,Campania,Campania,5801692,933684,16.09,0.24
4372,2021-06-16,CAM,31653,15012,16641,20368,10775,510,ITF,ITF3,15,Campania,Campania,5801692,965337,16.64,0.55
4373,2021-08-12,CAM,18926,9998,8928,12400,5717,809,ITF,ITF3,15,Campania,Campania,5801692,984263,16.97,0.33
4374,2021-05-02,CAM,43495,21552,21943,31178,11377,940,ITF,ITF3,15,Campania,Campania,5801692,1027758,17.71,0.75
4375,2021-01-22,CAM,1534,783,751,666,854,14,ITF,ITF3,15,Campania,Campania,5801692,1029292,17.74,0.03
4376,2021-08-26,CAM,24534,12759,11775,8191,15527,816,ITF,ITF3,15,Campania,Campania,5801692,1053826,18.16,0.42
4377,2021-06-02,CAM,42944,20184,22760,37630,4732,582,ITF,ITF3,15,Campania,Campania,5801692,1096770,18.9,0.74
4378,2021-02-22,CAM,10698,3298,7400,10149,279,270,ITF,ITF3,15,Campania,Campania,5801692,1107468,19.09,0.18
4379,2021-03-11,CAM,18019,9068,8951,10273,7293,453,ITF,ITF3,15,Campania,Campania,5801692,1125487,19.4,0.31
4380,2021-08-24,CAM,22606,11703,10903,8674,13184,748,ITF,ITF3,15,Campania,Campania,5801692,1148093,19.79,0.39
4381,2021-05-16,CAM,51162,23230,27932,32762,17587,813,ITF,ITF3,15,Campania,Campania,5801692,1199255,20.67,0.88
4382,2021-02-20,CAM,8573,3080,5493,8090,303,180,ITF,ITF3,15,Campania,Campania,5801692,1207828,20.82,0.15
4383,2021-06-04,CAM,74588,35845,38743,64426,9136,1026,ITF,ITF3,15,Campania,Campania,5801692,1282416,22.1,1.29
4384,2021-05-21,CAM,63874,29653,34221,42142,20704,1028,ITF,ITF3,15,Campania,Campania,5801692,1346290,23.21,1.1
4385,2021-04-01,CAM,24696,12023,12673,20034,4137,525,ITF,ITF3,15,Campania,Campania,5801692,1370986,23.63,0.43
4386,2021-05-17,CAM,49510,21757,27753,23602,25397,511,ITF,ITF3,15,Campania,Campania,5801692,1420496,24.48,0.85
4387,2021-02-06,CAM,5343,2666,2677,2002,3241,100,ITF,ITF3,15,Campania,Campania,5801692,1425839,24.58,0.09
4388,2021-07-22,CAM,61854,30553,31301,6495,54792,567,ITF,ITF3,15,Campania,Campania,5801692,1487693,25.64,1.07
4389,2021-08-08,CAM,7574,4041,3533,4648,2666,260,ITF,ITF3,15,Campania,Campania,5801692,1495267,25.77,0.13
4390,2021-04-30,CAM,42331,20199,22132,24950,16509,872,ITF,ITF3,15,Campania,Campania,5801692,1537598,26.5,0.73
4391,2021-02-04,CAM,7946,3430,4516,1249,6638,59,ITF,ITF3,15,Campania,Campania,5801692,1545544,26.64,0.14
4392,2021-04-25,CAM,30745,15179,15566,24524,5408,813,ITF,ITF3,15,Campania,Campania,5801692,1576289,27.17,0.53
4393,2021-01-13,CAM,8032,3676,4356,7787,0,245,ITF,ITF3,15,Campania,Campania,5801692,1584321,27.31,0.14
4394,2021-05-24,CAM,31363,15157,16206,15853,15159,351,ITF,ITF3,15,Campania,Campania,5801692,1615684,27.85,0.54
4395,2021-02-13,CAM,5508,2549,2959,5106,217,185,ITF,ITF3,15,Campania,Campania,5801692,1621192,27.94,0.09
4396,2021-08-01,CAM,16086,8415,7671,6888,8834,364,ITF,ITF3,15,Campania,Campania,5801692,1637278,28.22,0.28
4397,2021-04-23,CAM,32361,15538,16823,22429,9161,771,ITF,ITF3,15,Campania,Campania,5801692,1669639,28.78,0.56
4398,2021-08-15,CAM,1121,638,483,216,898,7,ITF,ITF3,15,Campania,Campania,5801692,1670760,28.8,0.02
4399,2021-06-24,CAM,66122,31869,34253,13285,52311,526,ITF,ITF3,15,Campania,Campania,5801692,1736882,29.94,1.14
4400,2021-03-16,CAM,8090,3519,4571,3695,4317,78,ITF,ITF3,15,Campania,Campania,5801692,1744972,30.08,0.14
4401,2021-08-20,CAM,17415,9329,8086,7450,9422,543,ITF,ITF3,15,Campania,Campania,5801692,1762387,30.38,0.3
4402,2021-01-25,CAM,5760,2929,2831,174,5586,0,ITF,ITF3,15,Campania,Campania,5801692,1768147,30.48,0.1
4403,2021-07-01,CAM,61541,29869,31672,19722,41034,785,ITF,ITF3,15,Campania,Campania,5801692,1829688,31.54,1.06
4404,2021-03-23,CAM,15746,7447,8299,12850,2515,381,ITF,ITF3,15,Campania,Campania,5801692,1845434,31.81,0.27
4405,2021-08-27,CAM,24403,13015,11388,7834,15885,684,ITF,ITF3,15,Campania,Campania,5801692,1869837,32.23,0.42
4406,2021-01-11,CAM,4081,1879,2202,3971,0,110,ITF,ITF3,15,Campania,Campania,5801692,1873918,32.3,0.07
4407,2021-09-03,CAM,26484,13637,12847,10800,14765,919,ITF,ITF3,15,Campania,Campania,5801692,1900402,32.76,0.46
4408,2021-05-26,CAM,52746,25880,26866,21113,31159,474,ITF,ITF3,15,Campania,Campania,5801692,1953148,33.67,0.91
4409,2021-03-06,CAM,16377,6819,9558,10366,5672,339,ITF,ITF3,15,Campania,Campania,5801692,1969525,33.95,0.28
4410,2021-08-19,CAM,22018,11637,10381,9583,11774,661,ITF,ITF3,15,Campania,Campania,5801692,1991543,34.33,0.38
4411,2021-02-03,CAM,8909,4006,4903,843,8030,36,ITF,ITF3,15,Campania,Campania,5801692,2000452,34.48,0.15
4412,2021-05-18,CAM,52276,23283,28993,31806,19729,741,ITF,ITF3,15,Campania,Campania,5801692,2052728,35.38,0.9
4413,2021-08-09,CAM,25083,13083,12000,13679,10464,940,ITF,ITF3,15,Campania,Campania,5801692,2077811,35.81,0.43
4414,2021-02-05,CAM,7268,3464,3804,2023,5130,115,ITF,ITF3,15,Campania,Campania,5801692,2085079,35.94,0.13
4415,2021-08-07,CAM,17197,9179,8018,11204,5288,705,ITF,ITF3,15,Campania,Campania,5801692,2102276,36.24,0.3
4416,2021-04-29,CAM,41563,20183,21380,23977,16748,838,ITF,ITF3,15,Campania,Campania,5801692,2143839,36.95,0.72
4417,2021-01-19,CAM,1110,485,625,1055,5,50,ITF,ITF3,15,Campania,Campania,5801692,2144949,36.97,0.02
4418,2021-09-05,CAM,8207,4271,3936,5165,2582,460,ITF,ITF3,15,Campania,Campania,5801692,2153156,37.11,0.14
4419,2021-05-28,CAM,73081,35333,37748,26268,46182,631,ITF,ITF3,15,Campania,Campania,5801692,2226237,38.37,1.26
4420,2021-05-14,CAM,61045,27583,33462,34658,24738,1649,ITF,ITF3,15,Campania,Campania,5801692,2287282,39.42,1.05
4421,2021-07-10,CAM,66913,32668,34245,2702,63963,248,ITF,ITF3,15,Campania,Campania,5801692,2354195,40.58,1.15
4422,2021-02-24,CAM,11810,4158,7652,10808,715,287,ITF,ITF3,15,Campania,Campania,5801692,2366005,40.78,0.2
4423,2021-01-05,CAM,7237,3637,3600,7074,0,163,ITF,ITF3,15,Campania,Campania,5801692,2373242,40.91,0.12
4424,2021-02-17,CAM,7419,3229,4190,6213,1073,133,ITF,ITF3,15,Campania,Campania,5801692,2380661,41.03,0.13
4425,2021-04-15,CAM,34352,16667,17685,23762,9906,684,ITF,ITF3,15,Campania,Campania,5801692,2415013,41.63,0.59
4426,2021-06-26,CAM,62953,30696,32257,14509,47863,581,ITF,ITF3,15,Campania,Campania,5801692,2477966,42.71,1.09
4427,2021-07-13,CAM,53696,25798,27898,4679,48504,513,ITF,ITF3,15,Campania,Campania,5801692,2531662,43.64,0.93
4428,2021-04-04,CAM,7965,4016,3949,6676,1046,243,ITF,ITF3,15,Campania,Campania,5801692,2539627,43.77,0.14
4429,2021-06-12,CAM,64001,31546,32455,55608,7216,1177,ITF,ITF3,15,Campania,Campania,5801692,2603628,44.88,1.1
4430,2021-03-04,CAM,14709,5395,9314,8522,5897,290,ITF,ITF3,15,Campania,Campania,5801692,2618337,45.13,0.25
4431,2021-03-08,CAM,14695,6851,7844,9436,4781,478,ITF,ITF3,15,Campania,Campania,5801692,2633032,45.38,0.25
4432,2021-05-04,CAM,48482,23344,25138,38217,8907,1358,ITF,ITF3,15,Campania,Campania,5801692,2681514,46.22,0.84
4433,2021-01-24,CAM,4123,2120,2003,361,3745,17,ITF,ITF3,15,Campania,Campania,5801692,2685637,46.29,0.07
4434,2021-08-21,CAM,9797,5397,4400,4079,5339,379,ITF,ITF3,15,Campania,Campania,5801692,2695434,46.46,0.17
4435,2021-05-13,CAM,55457,24834,30623,37700,16025,1732,ITF,ITF3,15,Campania,Campania,5801692,2750891,47.42,0.96
4436,2021-07-09,CAM,61510,29781,31729,4310,56844,356,ITF,ITF3,15,Campania,Campania,5801692,2812401,48.48,1.06
4437,2021-01-31,CAM,8070,3712,4358,22,8047,1,ITF,ITF3,15,Campania,Campania,5801692,2820471,48.61,0.14
4438,2021-05-11,CAM,39890,19252,20638,29520,9407,963,ITF,ITF3,15,Campania,Campania,5801692,2860361,49.3,0.69
4439,2021-07-21,CAM,50181,24428,25753,8363,40889,929,ITF,ITF3,15,Campania,Campania,5801692,2910542,50.17,0.86
4440,2021-01-21,CAM,2106,1125,981,678,1421,7,ITF,ITF3,15,Campania,Campania,5801692,2912648,50.2,0.04
4441,2021-07-31,CAM,30727,16215,14512,10443,19598,686,ITF,ITF3,15,Campania,Campania,5801692,2943375,50.73,0.53
4442,2021-05-07,CAM,59790,29215,30575,42321,15968,1501,ITF,ITF3,15,Campania,Campania,5801692,3003165,51.76,1.03
4443,2021-01-27,CAM,7755,3824,3931,168,7582,5,ITF,ITF3,15,Campania,Campania,5801692,3010920,51.9,0.13
4444,2021-05-19,CAM,51310,22660,28650,33755,16759,796,ITF,ITF3,15,Campania,Campania,5801692,3062230,52.78,0.88
4445,2021-05-05,CAM,51190,24869,26321,43158,6398,1634,ITF,ITF3,15,Campania,Campania,5801692,3113420,53.66,0.88
4446,2021-07-28,CAM,49457,24549,24908,13744,34780,933,ITF,ITF3,15,Campania,Campania,5801692,3162877,54.52,0.85
4447,2021-04-06,CAM,24528,11569,12959,19462,4525,541,ITF,ITF3,15,Campania,Campania,5801692,3187405,54.94,0.42
4448,2021-07-12,CAM,56703,27375,29328,3713,52605,385,ITF,ITF3,15,Campania,Campania,5801692,3244108,55.92,0.98
4449,2020-12-27,CAM,720,422,298,716,0,4,ITF,ITF3,15,Campania,Campania,5801692,3244828,55.93,0.01
4450,2021-07-29,CAM,48517,24353,24164,13447,34141,929,ITF,ITF3,15,Campania,Campania,5801692,3293345,56.77,0.84
4451,2021-04-20,CAM,32168,15551,16617,20234,11324,610,ITF,ITF3,15,Campania,Campania,5801692,3325513,57.32,0.55
4452,2021-06-28,CAM,46536,22742,23794,20390,25414,732,ITF,ITF3,15,Campania,Campania,5801692,3372049,58.12,0.8
4453,2021-03-20,CAM,13990,6531,7459,9974,3739,277,ITF,ITF3,15,Campania,Campania,5801692,3386039,58.36,0.24
4454,2021-07-11,CAM,40868,19670,21198,1002,39775,91,ITF,ITF3,15,Campania,Campania,5801692,3426907,59.07,0.7
4455,2021-02-02,CAM,5733,2811,2922,415,5287,31,ITF,ITF3,15,Campania,Campania,5801692,3432640,59.17,0.1
4456,2021-03-31,CAM,23205,11381,11824,19308,3442,455,ITF,ITF3,15,Campania,Campania,5801692,3455845,59.57,0.4
4457,2021-07-18,CAM,31387,15807,15580,3786,27168,433,ITF,ITF3,15,Campania,Campania,5801692,3487232,60.11,0.54
4458,2021-03-18,CAM,12180,5383,6797,5787,6193,200,ITF,ITF3,15,Campania,Campania,5801692,3499412,60.32,0.21
4459,2021-05-12,CAM,40939,19980,20959,30498,9172,1269,ITF,ITF3,15,Campania,Campania,5801692,3540351,61.02,0.71
4460,2021-07-08,CAM,61129,29426,31703,5615,55158,356,ITF,ITF3,15,Campania,Campania,5801692,3601480,62.08,1.05
4461,2021-04-07,CAM,24978,11991,12987,19649,4726,603,ITF,ITF3,15,Campania,Campania,5801692,3626458,62.51,0.43
4462,2021-07-16,CAM,61061,29871,31190,6522,53914,625,ITF,ITF3,15,Campania,Campania,5801692,3687519,63.56,1.05
4463,2021-04-02,CAM,21868,10526,11342,19041,2324,503,ITF,ITF3,15,Campania,Campania,5801692,3709387,63.94,0.38
4464,2021-07-14,CAM,51120,24586,26534,4264,46502,354,ITF,ITF3,15,Campania,Campania,5801692,3760507,64.82,0.88
4465,2021-04-05,CAM,11641,5541,6100,8895,2424,322,ITF,ITF3,15,Campania,Campania,5801692,3772148,65.02,0.2
4466,2021-03-17,CAM,11598,5102,6496,4846,6591,161,ITF,ITF3,15,Campania,Campania,5801692,3783746,65.22,0.2
4467,2021-06-11,CAM,70846,34425,36421,63478,6058,1310,ITF,ITF3,15,Campania,Campania,5801692,3854592,66.44,1.22
4468,2021-03-03,CAM,13924,5496,8428,7066,6632,226,ITF,ITF3,15,Campania,Campania,5801692,3868516,66.68,0.24
4469,2021-07-23,CAM,61839,30810,31029,8352,52868,619,ITF,ITF3,15,Campania,Campania,5801692,3930355,67.74,1.07
4470,2021-04-14,CAM,27664,13338,14326,18623,8590,451,ITF,ITF3,15,Campania,Campania,5801692,3958019,68.22,0.48
4471,2021-05-01,CAM,46355,22667,23688,29250,16116,989,ITF,ITF3,15,Campania,Campania,5801692,4004374,69.02,0.8
4472,2021-07-06,CAM,56708,27078,29630,15820,40113,775,ITF,ITF3,15,Campania,Campania,5801692,4061082,70.0,0.98
4473,2021-04-12,CAM,23310,10921,12389,19733,3038,539,ITF,ITF3,15,Campania,Campania,5801692,4084392,70.4,0.4
4474,2021-01-02,CAM,3672,1963,1709,3614,0,58,ITF,ITF3,15,Campania,Campania,5801692,4088064,70.46,0.06
4475,2021-06-17,CAM,60217,28867,31350,32700,26801,716,ITF,ITF3,15,Campania,Campania,5801692,4148281,71.5,1.04
4476,2021-01-01,CAM,919,506,413,899,0,20,ITF,ITF3,15,Campania,Campania,5801692,4149200,71.52,0.02
4477,2021-03-25,CAM,20328,9657,10671,16325,3507,496,ITF,ITF3,15,Campania,Campania,5801692,4169528,71.87,0.35
4478,2021-06-22,CAM,52454,25014,27440,13071,39004,379,ITF,ITF3,15,Campania,Campania,5801692,4221982,72.77,0.9
4479,2021-03-14,CAM,8618,3827,4791,4356,4142,120,ITF,ITF3,15,Campania,Campania,5801692,4230600,72.92,0.15
4480,2021-05-10,CAM,35480,16394,19086,24839,9932,709,ITF,ITF3,15,Campania,Campania,5801692,4266080,73.53,0.61
4481,2021-06-08,CAM,53116,25877,27239,45257,7078,781,ITF,ITF3,15,Campania,Campania,5801692,4319196,74.45,0.92
4482,2021-08-04,CAM,29839,15309,14530,15779,13100,960,ITF,ITF3,15,Campania,Campania,5801692,4349035,74.96,0.51
4483,2021-04-26,CAM,34059,16654,17405,27517,5630,912,ITF,ITF3,15,Campania,Campania,5801692,4383094,75.55,0.59
4484,2021-07-04,CAM,48824,23766,25058,6161,42321,342,ITF,ITF3,15,Campania,Campania,5801692,4431918,76.39,0.84
4485,2021-03-26,CAM,19871,9327,10544,15597,3818,456,ITF,ITF3,15,Campania,Campania,5801692,4451789,76.73,0.34
4486,2021-08-31,CAM,27771,13965,13806,10825,15973,973,ITF,ITF3,15,Campania,Campania,5801692,4479560,77.21,0.48
4487,2021-02-15,CAM,5472,2516,2956,5150,175,147,ITF,ITF3,15,Campania,Campania,5801692,4485032,77.31,0.09
4488,2021-06-09,CAM,53065,26052,27013,41419,10917,729,ITF,ITF3,15,Campania,Campania,5801692,4538097,78.22,0.91
4489,2021-03-01,CAM,12134,4249,7885,7742,4113,279,ITF,ITF3,15,Campania,Campania,5801692,4550231,78.43,0.21
4490,2021-08-17,CAM,22281,12044,10237,7294,14442,545,ITF,ITF3,15,Campania,Campania,5801692,4572512,78.81,0.38
4491,2021-05-09,CAM,43214,20293,22921,30876,11106,1232,ITF,ITF3,15,Campania,Campania,5801692,4615726,79.56,0.74
4492,2021-06-25,CAM,65519,31805,33714,13612,51347,560,ITF,ITF3,15,Campania,Campania,5801692,4681245,80.69,1.13
4493,2021-09-02,CAM,25517,13184,12333,10164,14452,901,ITF,ITF3,15,Campania,Campania,5801692,4706762,81.13,0.44
4494,2021-05-25,CAM,46575,22431,24144,22551,23459,565,ITF,ITF3,15,Campania,Campania,5801692,4753337,81.93,0.8
4495,2021-04-22,CAM,34121,16637,17484,20880,12546,695,ITF,ITF3,15,Campania,Campania,5801692,4787458,82.52,0.59
4496,2021-01-12,CAM,5221,2569,2652,5082,0,139,ITF,ITF3,15,Campania,Campania,5801692,4792679,82.61,0.09
4497,2021-07-24,CAM,47996,24872,23124,6614,40889,493,ITF,ITF3,15,Campania,Campania,5801692,4840675,83.44,0.83
4498,2021-01-20,CAM,1264,654,610,1233,0,31,ITF,ITF3,15,Campania,Campania,5801692,4841939,83.46,0.02
4499,2021-04-13,CAM,26616,12690,13926,20532,5538,546,ITF,ITF3,15,Campania,Campania,5801692,4868555,83.92,0.46
4500,2021-01-03,CAM,3837,2010,1827,3788,0,49,ITF,ITF3,15,Campania,Campania,5801692,4872392,83.98,0.07
4501,2021-09-07,CAM,20533,10386,10147,9503,10182,848,ITF,ITF3,15,Campania,Campania,5801692,4892925,84.34,0.35
4502,2021-02-08,CAM,5128,2459,2669,4163,815,150,ITF,ITF3,15,Campania,Campania,5801692,4898053,84.42,0.09
4503,2021-02-01,CAM,3988,1814,2174,104,3876,8,ITF,ITF3,15,Campania,Campania,5801692,4902041,84.49,0.07
4504,2021-03-07,CAM,11975,5406,6569,7766,3844,365,ITF,ITF3,15,Campania,Campania,5801692,4914016,84.7,0.21
4505,2021-08-11,CAM,21052,11096,9956,12044,8143,865,ITF,ITF3,15,Campania,Campania,5801692,4935068,85.06,0.36
4506,2021-05-03,CAM,40761,19894,20867,27833,11872,1056,ITF,ITF3,15,Campania,Campania,5801692,4975829,85.77,0.7
4507,2021-06-29,CAM,49360,24017,25343,19674,29146,540,ITF,ITF3,15,Campania,Campania,5801692,5025189,86.62,0.85
4508,2021-06-15,CAM,18687,9095,9592,10984,7421,282,ITF,ITF3,15,Campania,Campania,5801692,5043876,86.94,0.32
4509,2021-01-10,CAM,8165,3736,4429,7963,0,202,ITF,ITF3,15,Campania,Campania,5801692,5052041,87.08,0.14
4510,2021-04-03,CAM,21120,10316,10804,18232,2383,505,ITF,ITF3,15,Campania,Campania,5801692,5073161,87.44,0.36
4511,2021-08-16,CAM,12465,6693,5772,6215,5723,527,ITF,ITF3,15,Campania,Campania,5801692,5085626,87.66,0.21
4512,2021-03-30,CAM,22060,10583,11477,18549,2959,552,ITF,ITF3,15,Campania,Campania,5801692,5107686,88.04,0.38
4513,2021-04-17,CAM,36203,17518,18685,23934,11518,751,ITF,ITF3,15,Campania,Campania,5801692,5143889,88.66,0.62
4514,2021-06-13,CAM,43428,21243,22185,37880,4731,817,ITF,ITF3,15,Campania,Campania,5801692,5187317,89.41,0.75
4515,2021-05-30,CAM,52171,25453,26718,37950,13329,892,ITF,ITF3,15,Campania,Campania,5801692,5239488,90.31,0.9
4516,2021-02-19,CAM,9588,3569,6019,8684,662,242,ITF,ITF3,15,Campania,Campania,5801692,5249076,90.47,0.17
4517,2021-07-26,CAM,48862,24317,24545,10239,37938,685,ITF,ITF3,15,Campania,Campania,5801692,5297938,91.32,0.84
4518,2021-08-14,CAM,4918,2804,2114,2051,2706,161,ITF,ITF3,15,Campania,Campania,5801692,5302856,91.4,0.08
4519,2021-05-06,CAM,57624,28141,29483,41181,14778,1665,ITF,ITF3,15,Campania,Campania,5801692,5360480,92.4,0.99
4520,2021-09-01,CAM,27219,13717,13502,10235,16121,863,ITF,ITF3,15,Campania,Campania,5801692,5387699,92.86,0.47
4521,2021-08-18,CAM,19591,10344,9247,7734,11291,566,ITF,ITF3,15,Campania,Campania,5801692,5407290,93.2,0.34
4522,2021-07-05,CAM,63323,30527,32796,12631,49898,794,ITF,ITF3,15,Campania,Campania,5801692,5470613,94.29,1.09
4523,2021-09-09,CAM,18321,9369,8952,8153,9363,805,ITF,ITF3,15,Campania,Campania,5801692,5488934,94.61,0.32
4524,2020-12-31,CAM,1490,811,679,1470,0,20,ITF,ITF3,15,Campania,Campania,5801692,5490424,94.63,0.03
4525,2021-06-06,CAM,63233,31450,31783,61573,651,1009,ITF,ITF3,15,Campania,Campania,5801692,5553657,95.72,1.09
4526,2021-02-26,CAM,13368,4237,9131,11688,1368,312,ITF,ITF3,15,Campania,Campania,5801692,5567025,95.96,0.23
4527,2021-08-02,CAM,41766,21212,20554,13058,28012,696,ITF,ITF3,15,Campania,Campania,5801692,5608791,96.68,0.72
4528,2021-04-24,CAM,36386,17538,18848,24307,11250,829,ITF,ITF3,15,Campania,Campania,5801692,5645177,97.3,0.63
4529,2021-07-19,CAM,43997,21545,22452,5153,38374,470,ITF,ITF3,15,Campania,Campania,5801692,5689174,98.06,0.76
4530,2021-05-23,CAM,58765,28649,30116,37208,20906,651,ITF,ITF3,15,Campania,Campania,5801692,5747939,99.07,1.01
4531,2021-02-12,CAM,6563,2876,3687,6085,218,260,ITF,ITF3,15,Campania,Campania,5801692,5754502,99.19,0.11
4532,2021-01-29,CAM,10086,4822,5264,67,10015,4,ITF,ITF3,15,Campania,Campania,5801692,5764588,99.36,0.17
4533,2021-06-27,CAM,43560,21452,22108,13987,29073,500,ITF,ITF3,15,Campania,Campania,5801692,5808148,100.11,0.75
4534,2021-03-19,CAM,11153,4979,6174,7074,3877,202,ITF,ITF3,15,Campania,Campania,5801692,5819301,100.3,0.19
4535,2021-02-28,CAM,10412,3207,7205,8274,1901,237,ITF,ITF3,15,Campania,Campania,5801692,5829713,100.48,0.18
4536,2021-02-14,CAM,3929,1923,2006,3842,34,53,ITF,ITF3,15,Campania,Campania,5801692,5833642,100.55,0.07
4537,2021-01-26,CAM,7350,3733,3617,335,6994,21,ITF,ITF3,15,Campania,Campania,5801692,5840992,100.68,0.13
4538,2021-04-19,CAM,30774,14828,15946,18641,11578,555,ITF,ITF3,15,Campania,Campania,5801692,5871766,101.21,0.53
4539,2021-01-09,CAM,10563,5022,5541,10300,0,263,ITF,ITF3,15,Campania,Campania,5801692,5882329,101.39,0.18
4540,2021-07-07,CAM,52314,24824,27490,7114,44644,556,ITF,ITF3,15,Campania,Campania,5801692,5934643,102.29,0.9
4541,2021-03-29,CAM,19413,9581,9832,17422,1551,440,ITF,ITF3,15,Campania,Campania,5801692,5954056,102.63,0.33
4542,2021-06-20,CAM,47615,22749,24866,14192,32996,427,ITF,ITF3,15,Campania,Campania,5801692,6001671,103.45,0.82
4543,2021-03-27,CAM,21516,10242,11274,17205,3869,442,ITF,ITF3,15,Campania,Campania,5801692,6023187,103.82,0.37
4544,2021-06-01,CAM,42307,20989,21318,31448,10550,309,ITF,ITF3,15,Campania,Campania,5801692,6065494,104.55,0.73
4545,2021-06-18,CAM,65900,31407,34493,34818,30311,771,ITF,ITF3,15,Campania,Campania,5801692,6131394,105.68,1.14
4546,2021-04-10,CAM,28364,13498,14866,22762,4917,685,ITF,ITF3,15,Campania,Campania,5801692,6159758,106.17,0.49
4547,2021-01-07,CAM,8909,4167,4742,8735,0,174,ITF,ITF3,15,Campania,Campania,5801692,6168667,106.33,0.15
4548,2021-03-05,CAM,16827,6670,10157,9830,6672,325,ITF,ITF3,15,Campania,Campania,5801692,6185494,106.62,0.29
4549,2021-06-10,CAM,76016,36712,39304,67647,7108,1261,ITF,ITF3,15,Campania,Campania,5801692,6261510,107.93,1.31
4550,2021-03-10,CAM,15634,7734,7900,8421,6853,360,ITF,ITF3,15,Campania,Campania,5801692,6277144,108.2,0.27
4551,2021-08-06,CAM,31226,16258,14968,17534,12643,1049,ITF,ITF3,15,Campania,Campania,5801692,6308370,108.73,0.54
4552,2021-08-23,CAM,23712,12356,11356,9517,13347,848,ITF,ITF3,15,Campania,Campania,5801692,6332082,109.14,0.41
4553,2021-05-15,CAM,62819,29085,33734,41938,18875,2006,ITF,ITF3,15,Campania,Campania,5801692,6394901,110.22,1.08
4554,2021-08-13,CAM,16869,9152,7717,9717,6604,548,ITF,ITF3,15,Campania,Campania,5801692,6411770,110.52,0.29
4555,2021-01-14,CAM,7082,2983,4099,6816,0,266,ITF,ITF3,15,Campania,Campania,5801692,6418852,110.64,0.12
4556,2021-05-08,CAM,56453,27149,29304,39010,15849,1594,ITF,ITF3,15,Campania,Campania,5801692,6475305,111.61,0.97
4557,2021-01-28,CAM,8851,4130,4721,140,8703,8,ITF,ITF3,15,Campania,Campania,5801692,6484156,111.76,0.15
4558,2021-07-30,CAM,44830,22823,22007,14334,29502,994,ITF,ITF3,15,Campania,Campania,5801692,6528986,112.54,0.77
4559,2021-04-21,CAM,30349,14773,15576,17544,12232,573,ITF,ITF3,15,Campania,Campania,5801692,6559335,113.06,0.52
4560,2021-03-12,CAM,14583,7413,7170,8135,6088,360,ITF,ITF3,15,Campania,Campania,5801692,6573918,113.31,0.25
4561,2021-06-03,CAM,72658,35244,37414,60860,10682,1116,ITF,ITF3,15,Campania,Campania,5801692,6646576,114.56,1.25
4562,2021-02-23,CAM,11019,3397,7622,10154,542,323,ITF,ITF3,15,Campania,Campania,5801692,6657595,114.75,0.19
4563,2021-08-25,CAM,22834,12019,10815,8702,13422,710,ITF,ITF3,15,Campania,Campania,5801692,6680429,115.15,0.39
4564,2021-02-21,CAM,5840,2242,3598,5487,228,125,ITF,ITF3,15,Campania,Campania,5801692,6686269,115.25,0.1
4565,2021-04-18,CAM,27223,13288,13935,17770,8903,550,ITF,ITF3,15,Campania,Campania,5801692,6713492,115.72,0.47
4566,2021-01-08,CAM,10458,4970,5488,10196,0,262,ITF,ITF3,15,Campania,Campania,5801692,6723950,115.9,0.18
4567,2021-04-27,CAM,32169,15632,16537,23421,7930,818,ITF,ITF3,15,Campania,Campania,5801692,6756119,116.45,0.55
4568,2021-06-23,CAM,46774,22094,24680,10583,35801,390,ITF,ITF3,15,Campania,Campania,5801692,6802893,117.26,0.81
4569,2021-08-05,CAM,35176,18032,17144,17288,16832,1056,ITF,ITF3,15,Campania,Campania,5801692,6838069,117.86,0.61
4570,2021-01-15,CAM,5000,2394,2606,4840,0,160,ITF,ITF3,15,Campania,Campania,5801692,6843069,117.95,0.09
4571,2021-06-21,CAM,46923,22686,24237,11206,35293,424,ITF,ITF3,15,Campania,Campania,5801692,6889992,118.76,0.81
4572,2021-03-13,CAM,14525,7043,7482,8944,5283,298,ITF,ITF3,15,Campania,Campania,5801692,6904517,119.01,0.25
4573,2021-03-22,CAM,13187,6352,6835,10813,2045,329,ITF,ITF3,15,Campania,Campania,5801692,6917704,119.24,0.23
4574,2021-02-07,CAM,2929,1382,1547,2066,771,92,ITF,ITF3,15,Campania,Campania,5801692,6920633,119.29,0.05
4575,2021-06-30,CAM,47673,22779,24894,18225,28657,791,ITF,ITF3,15,Campania,Campania,5801692,6968306,120.11,0.82
4576,2021-09-04,CAM,18058,9826,8232,8646,8437,975,ITF,ITF3,15,Campania,Campania,5801692,6986364,120.42,0.31
4577,2021-01-17,CAM,1155,551,604,682,453,20,ITF,ITF3,15,Campania,Campania,5801692,6987519,120.44,0.02
4578,2021-03-15,CAM,13351,6495,6856,8306,4748,297,ITF,ITF3,15,Campania,Campania,5801692,7000870,120.67,0.23
4579,2021-07-02,CAM,55891,27011,28880,14353,40961,577,ITF,ITF3,15,Campania,Campania,5801692,7056761,121.63,0.96
4580,2021-08-28,CAM,17706,9615,8091,5362,11840,504,ITF,ITF3,15,Campania,Campania,5801692,7074467,121.94,0.31
4581,2021-05-27,CAM,73046,35398,37648,25815,46658,573,ITF,ITF3,15,Campania,Campania,5801692,7147513,123.2,1.26
4582,2021-02-16,CAM,5471,2431,3040,4499,787,185,ITF,ITF3,15,Campania,Campania,5801692,7152984,123.29,0.09
4583,2021-05-22,CAM,68134,32557,35577,45600,21660,874,ITF,ITF3,15,Campania,Campania,5801692,7221118,124.47,1.17
4584,2021-08-30,CAM,29100,15012,14088,9743,18545,812,ITF,ITF3,15,Campania,Campania,5801692,7250218,124.97,0.5
4585,2021-03-24,CAM,17923,8370,9553,14574,2958,391,ITF,ITF3,15,Campania,Campania,5801692,7268141,125.28,0.31
4586,2021-05-20,CAM,61042,28273,32769,42255,17800,987,ITF,ITF3,15,Campania,Campania,5801692,7329183,126.33,1.05
4587,2021-02-09,CAM,4654,2209,2445,4228,263,163,ITF,ITF3,15,Campania,Campania,5801692,7333837,126.41,0.08
4588,2021-09-06,CAM,22761,11626,11135,10667,11050,1044,ITF,ITF3,15,Campania,Campania,5801692,7356598,126.8,0.39
4589,2021-05-29,CAM,67879,32282,35597,43058,23963,858,ITF,ITF3,15,Campania,Campania,5801692,7424477,127.97,1.17
4590,2021-07-25,CAM,23224,11803,11421,4214,18740,270,ITF,ITF3,15,Campania,Campania,5801692,7447701,128.37,0.4
4591,2021-08-12,BAS,3919,2001,1918,1677,2160,82,ITF,ITF5,17,Basilicata,Basilicata,559084,3919,0.7,0.7
4592,2021-07-26,BAS,5417,2720,2697,1991,3387,39,ITF,ITF5,17,Basilicata,Basilicata,559084,9336,1.67,0.97
4593,2021-01-22,BAS,67,24,43,67,0,0,ITF,ITF5,17,Basilicata,Basilicata,559084,9403,1.68,0.01
4594,2021-07-24,BAS,5749,2945,2804,1775,3924,50,ITF,ITF5,17,Basilicata,Basilicata,559084,15152,2.71,1.03
4595,2021-01-10,BAS,77,24,53,77,0,0,ITF,ITF5,17,Basilicata,Basilicata,559084,15229,2.72,0.01
4596,2021-04-20,BAS,4149,1982,2167,2179,1942,28,ITF,ITF5,17,Basilicata,Basilicata,559084,19378,3.47,0.74
4597,2021-08-07,BAS,4517,2376,2141,1361,3096,60,ITF,ITF5,17,Basilicata,Basilicata,559084,23895,4.27,0.81
4598,2021-01-08,BAS,556,220,336,556,0,0,ITF,ITF5,17,Basilicata,Basilicata,559084,24451,4.37,0.1
4599,2021-03-25,BAS,1885,606,1279,1514,347,24,ITF,ITF5,17,Basilicata,Basilicata,559084,26336,4.71,0.34
4600,2021-01-27,BAS,421,179,242,113,308,0,ITF,ITF5,17,Basilicata,Basilicata,559084,26757,4.79,0.08
4601,2021-02-10,BAS,552,241,311,497,53,2,ITF,ITF5,17,Basilicata,Basilicata,559084,27309,4.88,0.1
4602,2021-05-21,BAS,4578,2321,2257,1480,3086,12,ITF,ITF5,17,Basilicata,Basilicata,559084,31887,5.7,0.82
4603,2021-09-02,BAS,3032,1624,1408,882,2072,78,ITF,ITF5,17,Basilicata,Basilicata,559084,34919,6.25,0.54
4604,2021-05-04,BAS,4142,1994,2148,3568,524,50,ITF,ITF5,17,Basilicata,Basilicata,559084,39061,6.99,0.74
4605,2021-03-08,BAS,1474,723,751,821,621,32,ITF,ITF5,17,Basilicata,Basilicata,559084,40535,7.25,0.26
4606,2021-06-16,BAS,4607,2086,2521,2126,2460,21,ITF,ITF5,17,Basilicata,Basilicata,559084,45142,8.07,0.82
4607,2021-05-02,BAS,4182,2001,2181,3489,629,64,ITF,ITF5,17,Basilicata,Basilicata,559084,49324,8.82,0.75
4608,2021-04-15,BAS,3431,1679,1752,2586,799,46,ITF,ITF5,17,Basilicata,Basilicata,559084,52755,9.44,0.61
4609,2021-07-07,BAS,5203,2470,2733,2019,3169,15,ITF,ITF5,17,Basilicata,Basilicata,559084,57958,10.37,0.93
4610,2021-01-03,BAS,910,347,563,910,0,0,ITF,ITF5,17,Basilicata,Basilicata,559084,58868,10.53,0.16
4611,2021-03-15,BAS,2380,996,1384,510,1851,19,ITF,ITF5,17,Basilicata,Basilicata,559084,61248,10.96,0.43
4612,2021-01-17,BAS,331,133,198,330,1,0,ITF,ITF5,17,Basilicata,Basilicata,559084,61579,11.01,0.06
4613,2021-04-27,BAS,4729,2243,2486,4348,327,54,ITF,ITF5,17,Basilicata,Basilicata,559084,66308,11.86,0.85
4614,2021-08-05,BAS,4559,2320,2239,1286,3232,41,ITF,ITF5,17,Basilicata,Basilicata,559084,70867,12.68,0.82
4615,2021-04-01,BAS,2735,1119,1616,1967,737,31,ITF,ITF5,17,Basilicata,Basilicata,559084,73602,13.16,0.49
4616,2021-02-03,BAS,675,305,370,32,643,0,ITF,ITF5,17,Basilicata,Basilicata,559084,74277,13.29,0.12
4617,2021-06-04,BAS,4832,2289,2543,3749,1046,37,ITF,ITF5,17,Basilicata,Basilicata,559084,79109,14.15,0.86
4618,2021-02-24,BAS,1815,744,1071,1729,75,11,ITF,ITF5,17,Basilicata,Basilicata,559084,80924,14.47,0.32
4619,2021-08-26,BAS,2523,1278,1245,1120,1339,64,ITF,ITF5,17,Basilicata,Basilicata,559084,83447,14.93,0.45
4620,2021-02-22,BAS,1797,777,1020,1735,53,9,ITF,ITF5,17,Basilicata,Basilicata,559084,85244,15.25,0.32
4621,2021-06-09,BAS,4423,2072,2351,3967,423,33,ITF,ITF5,17,Basilicata,Basilicata,559084,89667,16.04,0.79
4622,2021-04-13,BAS,2120,1054,1066,1279,823,18,ITF,ITF5,17,Basilicata,Basilicata,559084,91787,16.42,0.38
4623,2021-03-01,BAS,553,286,267,384,169,0,ITF,ITF5,17,Basilicata,Basilicata,559084,92340,16.52,0.1
4624,2021-08-14,BAS,3478,1906,1572,1421,1997,60,ITF,ITF5,17,Basilicata,Basilicata,559084,95818,17.14,0.62
4625,2021-06-18,BAS,4465,2066,2399,2179,2259,27,ITF,ITF5,17,Basilicata,Basilicata,559084,100283,17.94,0.8
4626,2021-08-23,BAS,3315,1736,1579,1369,1864,82,ITF,ITF5,17,Basilicata,Basilicata,559084,103598,18.53,0.59
4627,2021-01-15,BAS,819,353,466,819,0,0,ITF,ITF5,17,Basilicata,Basilicata,559084,104417,18.68,0.15
4628,2020-12-27,BAS,106,41,65,106,0,0,ITF,ITF5,17,Basilicata,Basilicata,559084,104523,18.7,0.02
4629,2021-03-20,BAS,1307,577,730,276,1024,7,ITF,ITF5,17,Basilicata,Basilicata,559084,105830,18.93,0.23
4630,2021-06-28,BAS,3642,1748,1894,2114,1509,19,ITF,ITF5,17,Basilicata,Basilicata,559084,109472,19.58,0.65
4631,2021-06-27,BAS,3007,1477,1530,2377,616,14,ITF,ITF5,17,Basilicata,Basilicata,559084,112479,20.12,0.54
4632,2021-04-29,BAS,4859,2399,2460,4342,441,76,ITF,ITF5,17,Basilicata,Basilicata,559084,117338,20.99,0.87
4633,2021-03-17,BAS,1473,615,858,24,1445,4,ITF,ITF5,17,Basilicata,Basilicata,559084,118811,21.25,0.26
4634,2021-01-19,BAS,199,84,115,199,0,0,ITF,ITF5,17,Basilicata,Basilicata,559084,119010,21.29,0.04
4635,2021-06-25,BAS,3318,1572,1746,2445,839,34,ITF,ITF5,17,Basilicata,Basilicata,559084,122328,21.88,0.59
4636,2021-07-04,BAS,3112,1563,1549,2164,922,26,ITF,ITF5,17,Basilicata,Basilicata,559084,125440,22.44,0.56
4637,2021-07-09,BAS,5338,2608,2730,1696,3633,9,ITF,ITF5,17,Basilicata,Basilicata,559084,130778,23.39,0.95
4638,2021-04-17,BAS,3461,1655,1806,2170,1262,29,ITF,ITF5,17,Basilicata,Basilicata,559084,134239,24.01,0.62
4639,2021-06-01,BAS,6138,2927,3211,3034,3077,27,ITF,ITF5,17,Basilicata,Basilicata,559084,140377,25.11,1.1
4640,2021-09-09,BAS,3189,1705,1484,687,2422,80,ITF,ITF5,17,Basilicata,Basilicata,559084,143566,25.68,0.57
4641,2021-08-04,BAS,4500,2232,2268,1424,3035,41,ITF,ITF5,17,Basilicata,Basilicata,559084,148066,26.48,0.8
4642,2021-06-08,BAS,4587,2195,2392,4191,358,38,ITF,ITF5,17,Basilicata,Basilicata,559084,152653,27.3,0.82
4643,2021-06-23,BAS,3240,1522,1718,2331,876,33,ITF,ITF5,17,Basilicata,Basilicata,559084,155893,27.88,0.58
4644,2021-03-13,BAS,1811,896,915,740,1049,22,ITF,ITF5,17,Basilicata,Basilicata,559084,157704,28.21,0.32
4645,2021-02-07,BAS,384,163,221,49,335,0,ITF,ITF5,17,Basilicata,Basilicata,559084,158088,28.28,0.07
4646,2021-01-24,BAS,868,316,552,58,809,1,ITF,ITF5,17,Basilicata,Basilicata,559084,158956,28.43,0.16
4647,2021-05-13,BAS,5985,2969,3016,3298,2597,90,ITF,ITF5,17,Basilicata,Basilicata,559084,164941,29.5,1.07
4648,2021-08-21,BAS,3268,1778,1490,1711,1461,96,ITF,ITF5,17,Basilicata,Basilicata,559084,168209,30.09,0.58
4649,2021-04-08,BAS,788,361,427,760,10,18,ITF,ITF5,17,Basilicata,Basilicata,559084,168997,30.23,0.14
4650,2021-04-22,BAS,5050,2352,2698,3382,1613,55,ITF,ITF5,17,Basilicata,Basilicata,559084,174047,31.13,0.9
4651,2021-07-31,BAS,5472,2879,2593,1825,3591,56,ITF,ITF5,17,Basilicata,Basilicata,559084,179519,32.11,0.98
4652,2021-07-17,BAS,5857,2917,2940,1709,4109,39,ITF,ITF5,17,Basilicata,Basilicata,559084,185376,33.16,1.05
4653,2021-06-30,BAS,3452,1668,1784,2315,1111,26,ITF,ITF5,17,Basilicata,Basilicata,559084,188828,33.77,0.62
4654,2021-05-30,BAS,2778,1421,1357,920,1853,5,ITF,ITF5,17,Basilicata,Basilicata,559084,191606,34.27,0.5
4655,2021-04-03,BAS,1815,754,1061,1464,338,13,ITF,ITF5,17,Basilicata,Basilicata,559084,193421,34.6,0.32
4656,2021-09-07,BAS,2660,1372,1288,680,1908,72,ITF,ITF5,17,Basilicata,Basilicata,559084,196081,35.07,0.48
4657,2021-08-24,BAS,3268,1767,1501,1478,1713,77,ITF,ITF5,17,Basilicata,Basilicata,559084,199349,35.66,0.58
4658,2021-03-06,BAS,1377,544,833,752,612,13,ITF,ITF5,17,Basilicata,Basilicata,559084,200726,35.9,0.25
4659,2021-05-09,BAS,4688,2342,2346,2945,1694,49,ITF,ITF5,17,Basilicata,Basilicata,559084,205414,36.74,0.84
4660,2021-02-15,BAS,636,240,396,576,44,16,ITF,ITF5,17,Basilicata,Basilicata,559084,206050,36.85,0.11
4661,2021-01-29,BAS,619,233,386,63,556,0,ITF,ITF5,17,Basilicata,Basilicata,559084,206669,36.97,0.11
4662,2021-08-30,BAS,3200,1712,1488,1550,1546,104,ITF,ITF5,17,Basilicata,Basilicata,559084,209869,37.54,0.57
4663,2021-03-24,BAS,2002,771,1231,1482,494,26,ITF,ITF5,17,Basilicata,Basilicata,559084,211871,37.9,0.36
4664,2021-07-02,BAS,3689,1839,1850,2484,1176,29,ITF,ITF5,17,Basilicata,Basilicata,559084,215560,38.56,0.66
4665,2021-03-29,BAS,2482,898,1584,2141,288,53,ITF,ITF5,17,Basilicata,Basilicata,559084,218042,39.0,0.44
4666,2021-01-05,BAS,952,410,542,952,0,0,ITF,ITF5,17,Basilicata,Basilicata,559084,218994,39.17,0.17
4667,2021-06-20,BAS,4010,1883,2127,1939,2036,35,ITF,ITF5,17,Basilicata,Basilicata,559084,223004,39.89,0.72
4668,2021-03-14,BAS,1013,479,534,530,471,12,ITF,ITF5,17,Basilicata,Basilicata,559084,224017,40.07,0.18
4669,2021-03-31,BAS,3122,1273,1849,2301,791,30,ITF,ITF5,17,Basilicata,Basilicata,559084,227139,40.63,0.56
4670,2021-06-22,BAS,4355,2061,2294,2223,2100,32,ITF,ITF5,17,Basilicata,Basilicata,559084,231494,41.41,0.78
4671,2021-06-05,BAS,4800,2210,2590,3823,941,36,ITF,ITF5,17,Basilicata,Basilicata,559084,236294,42.26,0.86
4672,2021-04-12,BAS,2175,1054,1121,1651,494,30,ITF,ITF5,17,Basilicata,Basilicata,559084,238469,42.65,0.39
4673,2021-07-21,BAS,5845,2942,2903,1611,4201,33,ITF,ITF5,17,Basilicata,Basilicata,559084,244314,43.7,1.05
4674,2021-04-19,BAS,4182,1920,2262,2395,1653,134,ITF,ITF5,17,Basilicata,Basilicata,559084,248496,44.45,0.75
4675,2021-07-28,BAS,5041,2577,2464,1933,3048,60,ITF,ITF5,17,Basilicata,Basilicata,559084,253537,45.35,0.9
4676,2021-06-15,BAS,3222,1417,1805,2225,976,21,ITF,ITF5,17,Basilicata,Basilicata,559084,256759,45.92,0.58
4677,2021-02-28,BAS,813,347,466,772,37,4,ITF,ITF5,17,Basilicata,Basilicata,559084,257572,46.07,0.15
4678,2021-01-02,BAS,957,383,574,956,0,1,ITF,ITF5,17,Basilicata,Basilicata,559084,258529,46.24,0.17
4679,2021-01-16,BAS,725,305,420,725,0,0,ITF,ITF5,17,Basilicata,Basilicata,559084,259254,46.37,0.13
4680,2021-04-26,BAS,4466,2164,2302,4197,221,48,ITF,ITF5,17,Basilicata,Basilicata,559084,263720,47.17,0.8
4681,2021-02-17,BAS,1137,493,644,1058,77,2,ITF,ITF5,17,Basilicata,Basilicata,559084,264857,47.37,0.2
4682,2021-05-28,BAS,3617,1811,1806,918,2666,33,ITF,ITF5,17,Basilicata,Basilicata,559084,268474,48.02,0.65
4683,2021-06-11,BAS,4236,1982,2254,3166,1028,42,ITF,ITF5,17,Basilicata,Basilicata,559084,272710,48.78,0.76
4684,2021-08-19,BAS,3595,1871,1724,1671,1836,88,ITF,ITF5,17,Basilicata,Basilicata,559084,276305,49.42,0.64
4685,2021-05-11,BAS,2654,1353,1301,1597,1033,24,ITF,ITF5,17,Basilicata,Basilicata,559084,278959,49.9,0.47
4686,2021-09-01,BAS,3248,1683,1565,1045,2104,99,ITF,ITF5,17,Basilicata,Basilicata,559084,282207,50.48,0.58
4687,2021-02-11,BAS,958,406,552,873,83,2,ITF,ITF5,17,Basilicata,Basilicata,559084,283165,50.65,0.17
4688,2021-05-22,BAS,5493,2725,2768,1929,3553,11,ITF,ITF5,17,Basilicata,Basilicata,559084,288658,51.63,0.98
4689,2021-03-26,BAS,1958,703,1255,1668,262,28,ITF,ITF5,17,Basilicata,Basilicata,559084,290616,51.98,0.35
4690,2021-09-08,BAS,2825,1494,1331,769,2007,49,ITF,ITF5,17,Basilicata,Basilicata,559084,293441,52.49,0.51
4691,2021-08-27,BAS,2479,1313,1166,999,1410,70,ITF,ITF5,17,Basilicata,Basilicata,559084,295920,52.93,0.44
4692,2021-02-23,BAS,1910,772,1138,1751,141,18,ITF,ITF5,17,Basilicata,Basilicata,559084,297830,53.27,0.34
4693,2021-06-03,BAS,4922,2258,2664,3703,1181,38,ITF,ITF5,17,Basilicata,Basilicata,559084,302752,54.15,0.88
4694,2021-03-12,BAS,1921,986,935,786,1107,28,ITF,ITF5,17,Basilicata,Basilicata,559084,304673,54.5,0.34
4695,2021-05-17,BAS,5549,2735,2814,3362,2136,51,ITF,ITF5,17,Basilicata,Basilicata,559084,310222,55.49,0.99
4696,2021-08-25,BAS,2682,1407,1275,1259,1339,84,ITF,ITF5,17,Basilicata,Basilicata,559084,312904,55.97,0.48
4697,2021-07-14,BAS,5642,2721,2921,1628,3989,25,ITF,ITF5,17,Basilicata,Basilicata,559084,318546,56.98,1.01
4698,2021-04-05,BAS,726,235,491,411,305,10,ITF,ITF5,17,Basilicata,Basilicata,559084,319272,57.11,0.13
4699,2021-03-22,BAS,1222,549,673,641,573,8,ITF,ITF5,17,Basilicata,Basilicata,559084,320494,57.32,0.22
4700,2021-03-03,BAS,1804,841,963,1214,565,25,ITF,ITF5,17,Basilicata,Basilicata,559084,322298,57.65,0.32
4701,2021-02-05,BAS,998,449,549,64,932,2,ITF,ITF5,17,Basilicata,Basilicata,559084,323296,57.83,0.18
4702,2021-07-12,BAS,5441,2592,2849,1606,3809,26,ITF,ITF5,17,Basilicata,Basilicata,559084,328737,58.8,0.97
4703,2021-05-16,BAS,4976,2470,2506,2811,2113,52,ITF,ITF5,17,Basilicata,Basilicata,559084,333713,59.69,0.89
4704,2021-07-19,BAS,5926,2890,3036,1998,3886,42,ITF,ITF5,17,Basilicata,Basilicata,559084,339639,60.75,1.06
4705,2021-05-23,BAS,4518,2302,2216,1527,2984,7,ITF,ITF5,17,Basilicata,Basilicata,559084,344157,61.56,0.81
4706,2021-08-08,BAS,3667,1876,1791,1116,2521,30,ITF,ITF5,17,Basilicata,Basilicata,559084,347824,62.21,0.66
4707,2021-02-21,BAS,284,113,171,284,0,0,ITF,ITF5,17,Basilicata,Basilicata,559084,348108,62.26,0.05
4708,2021-03-07,BAS,897,313,584,847,40,10,ITF,ITF5,17,Basilicata,Basilicata,559084,349005,62.42,0.16
4709,2021-01-09,BAS,560,161,399,560,0,0,ITF,ITF5,17,Basilicata,Basilicata,559084,349565,62.52,0.1
4710,2021-03-05,BAS,1877,865,1012,1103,759,15,ITF,ITF5,17,Basilicata,Basilicata,559084,351442,62.86,0.34
4711,2021-06-13,BAS,3014,1440,1574,2678,308,28,ITF,ITF5,17,Basilicata,Basilicata,559084,354456,63.4,0.54
4712,2021-05-27,BAS,3625,1864,1761,1073,2538,14,ITF,ITF5,17,Basilicata,Basilicata,559084,358081,64.05,0.65
4713,2021-09-04,BAS,2605,1397,1208,773,1764,68,ITF,ITF5,17,Basilicata,Basilicata,559084,360686,64.51,0.47
4714,2021-02-13,BAS,802,314,488,703,61,38,ITF,ITF5,17,Basilicata,Basilicata,559084,361488,64.66,0.14
4715,2021-05-24,BAS,4833,2344,2489,1087,3733,13,ITF,ITF5,17,Basilicata,Basilicata,559084,366321,65.52,0.86
4716,2021-07-29,BAS,4858,2524,2334,1909,2902,47,ITF,ITF5,17,Basilicata,Basilicata,559084,371179,66.39,0.87
4717,2021-06-02,BAS,5962,2806,3156,4375,1544,43,ITF,ITF5,17,Basilicata,Basilicata,559084,377141,67.46,1.07
4718,2021-09-10,BAS,1253,631,622,244,971,38,ITF,ITF5,17,Basilicata,Basilicata,559084,378394,67.68,0.22
4719,2021-04-18,BAS,3720,1843,1877,2327,1370,23,ITF,ITF5,17,Basilicata,Basilicata,559084,382114,68.35,0.67
4720,2021-05-25,BAS,4200,2114,2086,868,3322,10,ITF,ITF5,17,Basilicata,Basilicata,559084,386314,69.1,0.75
4721,2021-02-14,BAS,151,48,103,105,0,46,ITF,ITF5,17,Basilicata,Basilicata,559084,386465,69.12,0.03
4722,2021-01-31,BAS,78,24,54,0,78,0,ITF,ITF5,17,Basilicata,Basilicata,559084,386543,69.14,0.01
4723,2021-01-12,BAS,217,88,129,217,0,0,ITF,ITF5,17,Basilicata,Basilicata,559084,386760,69.18,0.04
4724,2021-03-27,BAS,2257,866,1391,1809,434,14,ITF,ITF5,17,Basilicata,Basilicata,559084,389017,69.58,0.4
4725,2021-08-31,BAS,3100,1594,1506,1678,1277,145,ITF,ITF5,17,Basilicata,Basilicata,559084,392117,70.14,0.55
4726,2021-07-05,BAS,3270,1615,1655,2214,1021,35,ITF,ITF5,17,Basilicata,Basilicata,559084,395387,70.72,0.58
4727,2021-01-07,BAS,644,321,323,644,0,0,ITF,ITF5,17,Basilicata,Basilicata,559084,396031,70.84,0.12
4728,2021-02-20,BAS,1169,536,633,1050,119,0,ITF,ITF5,17,Basilicata,Basilicata,559084,397200,71.04,0.21
4729,2021-07-27,BAS,4714,2371,2343,1813,2855,46,ITF,ITF5,17,Basilicata,Basilicata,559084,401914,71.89,0.84
4730,2021-05-31,BAS,4230,2010,2220,1713,2509,8,ITF,ITF5,17,Basilicata,Basilicata,559084,406144,72.64,0.76
4731,2021-02-18,BAS,1075,404,671,855,217,3,ITF,ITF5,17,Basilicata,Basilicata,559084,407219,72.84,0.19
4732,2021-09-06,BAS,3014,1569,1445,747,2189,78,ITF,ITF5,17,Basilicata,Basilicata,559084,410233,73.38,0.54
4733,2021-05-10,BAS,4804,2382,2422,2709,2042,53,ITF,ITF5,17,Basilicata,Basilicata,559084,415037,74.24,0.86
4734,2021-08-18,BAS,3571,1975,1596,1499,1976,96,ITF,ITF5,17,Basilicata,Basilicata,559084,418608,74.87,0.64
4735,2021-07-18,BAS,4390,2163,2227,1578,2785,27,ITF,ITF5,17,Basilicata,Basilicata,559084,422998,75.66,0.79
4736,2021-02-08,BAS,565,194,371,154,411,0,ITF,ITF5,17,Basilicata,Basilicata,559084,423563,75.76,0.1
4737,2021-05-19,BAS,2872,1499,1373,1183,1676,13,ITF,ITF5,17,Basilicata,Basilicata,559084,426435,76.27,0.51
4738,2021-02-25,BAS,1796,740,1056,1737,48,11,ITF,ITF5,17,Basilicata,Basilicata,559084,428231,76.6,0.32
4739,2021-05-18,BAS,5895,2855,3040,3379,2492,24,ITF,ITF5,17,Basilicata,Basilicata,559084,434126,77.65,1.05
4740,2021-08-09,BAS,4011,2066,1945,1568,2396,47,ITF,ITF5,17,Basilicata,Basilicata,559084,438137,78.37,0.72
4741,2021-07-23,BAS,5551,2781,2770,1889,3616,46,ITF,ITF5,17,Basilicata,Basilicata,559084,443688,79.36,0.99
4742,2021-05-01,BAS,4708,2139,2569,3883,755,70,ITF,ITF5,17,Basilicata,Basilicata,559084,448396,80.2,0.84
4743,2021-08-29,BAS,2332,1250,1082,1256,979,97,ITF,ITF5,17,Basilicata,Basilicata,559084,450728,80.62,0.42
4744,2021-07-03,BAS,3946,2104,1842,2756,1144,46,ITF,ITF5,17,Basilicata,Basilicata,559084,454674,81.32,0.71
4745,2021-05-07,BAS,4638,2281,2357,3265,1341,32,ITF,ITF5,17,Basilicata,Basilicata,559084,459312,82.15,0.83
4746,2021-08-15,BAS,2705,1431,1274,1137,1528,40,ITF,ITF5,17,Basilicata,Basilicata,559084,462017,82.64,0.48
4747,2021-08-10,BAS,4415,2325,2090,1513,2831,71,ITF,ITF5,17,Basilicata,Basilicata,559084,466432,83.43,0.79
4748,2021-02-06,BAS,927,381,546,146,781,0,ITF,ITF5,17,Basilicata,Basilicata,559084,467359,83.59,0.17
4749,2021-04-30,BAS,5287,2376,2911,4062,1163,62,ITF,ITF5,17,Basilicata,Basilicata,559084,472646,84.54,0.95
4750,2021-01-20,BAS,85,22,63,84,1,0,ITF,ITF5,17,Basilicata,Basilicata,559084,472731,84.55,0.02
4751,2021-04-24,BAS,4584,2222,2362,3477,1051,56,ITF,ITF5,17,Basilicata,Basilicata,559084,477315,85.37,0.82
4752,2021-08-02,BAS,4609,2334,2275,1779,2790,40,ITF,ITF5,17,Basilicata,Basilicata,559084,481924,86.2,0.82
4753,2021-07-16,BAS,5932,2899,3033,1802,4096,34,ITF,ITF5,17,Basilicata,Basilicata,559084,487856,87.26,1.06
4754,2021-03-19,BAS,2313,1003,1310,260,2046,7,ITF,ITF5,17,Basilicata,Basilicata,559084,490169,87.67,0.41
4755,2021-08-01,BAS,4210,2114,2096,1633,2537,40,ITF,ITF5,17,Basilicata,Basilicata,559084,494379,88.43,0.75
4756,2021-06-29,BAS,3856,1880,1976,2785,1043,28,ITF,ITF5,17,Basilicata,Basilicata,559084,498235,89.12,0.69
4757,2021-03-21,BAS,1177,547,630,474,700,3,ITF,ITF5,17,Basilicata,Basilicata,559084,499412,89.33,0.21
4758,2021-05-29,BAS,3060,1534,1526,824,2225,11,ITF,ITF5,17,Basilicata,Basilicata,559084,502472,89.87,0.55
4759,2021-02-26,BAS,2161,907,1254,2073,82,6,ITF,ITF5,17,Basilicata,Basilicata,559084,504633,90.26,0.39
4760,2021-05-20,BAS,5886,2982,2904,2887,2971,28,ITF,ITF5,17,Basilicata,Basilicata,559084,510519,91.31,1.05
4761,2021-08-28,BAS,2275,1287,988,1110,1105,60,ITF,ITF5,17,Basilicata,Basilicata,559084,512794,91.72,0.41
4762,2021-06-06,BAS,4513,2075,2438,3695,780,38,ITF,ITF5,17,Basilicata,Basilicata,559084,517307,92.53,0.81
4763,2021-02-19,BAS,1627,739,888,1559,63,5,ITF,ITF5,17,Basilicata,Basilicata,559084,518934,92.82,0.29
4764,2021-02-12,BAS,781,334,447,748,32,1,ITF,ITF5,17,Basilicata,Basilicata,559084,519715,92.96,0.14
4765,2021-04-10,BAS,1035,379,656,923,84,28,ITF,ITF5,17,Basilicata,Basilicata,559084,520750,93.14,0.19
4766,2021-07-10,BAS,5529,2668,2861,1595,3925,9,ITF,ITF5,17,Basilicata,Basilicata,559084,526279,94.13,0.99
4767,2021-05-14,BAS,5909,2800,3109,3273,2530,106,ITF,ITF5,17,Basilicata,Basilicata,559084,532188,95.19,1.06
4768,2021-03-18,BAS,1364,571,793,17,1338,9,ITF,ITF5,17,Basilicata,Basilicata,559084,533552,95.43,0.24
4769,2021-08-22,BAS,2443,1282,1161,1023,1371,49,ITF,ITF5,17,Basilicata,Basilicata,559084,535995,95.87,0.44
4770,2021-06-26,BAS,3337,1614,1723,2750,558,29,ITF,ITF5,17,Basilicata,Basilicata,559084,539332,96.47,0.6
4771,2021-08-20,BAS,3124,1680,1444,1453,1593,78,ITF,ITF5,17,Basilicata,Basilicata,559084,542456,97.03,0.56
4772,2021-02-16,BAS,908,377,531,791,98,19,ITF,ITF5,17,Basilicata,Basilicata,559084,543364,97.19,0.16
4773,2021-01-28,BAS,920,407,513,119,801,0,ITF,ITF5,17,Basilicata,Basilicata,559084,544284,97.35,0.16
4774,2021-06-24,BAS,4091,1940,2151,2152,1902,37,ITF,ITF5,17,Basilicata,Basilicata,559084,548375,98.08,0.73
4775,2021-04-28,BAS,4709,2159,2550,4205,441,63,ITF,ITF5,17,Basilicata,Basilicata,559084,553084,98.93,0.84
4776,2021-03-02,BAS,803,387,416,660,138,5,ITF,ITF5,17,Basilicata,Basilicata,559084,553887,99.07,0.14
4777,2021-08-06,BAS,4215,2158,2057,1316,2846,53,ITF,ITF5,17,Basilicata,Basilicata,559084,558102,99.82,0.75
4778,2021-06-10,BAS,4346,2101,2245,3867,442,37,ITF,ITF5,17,Basilicata,Basilicata,559084,562448,100.6,0.78
4779,2021-01-13,BAS,917,387,530,917,0,0,ITF,ITF5,17,Basilicata,Basilicata,559084,563365,100.77,0.16
4780,2021-04-23,BAS,4552,2192,2360,3477,1014,61,ITF,ITF5,17,Basilicata,Basilicata,559084,567917,101.58,0.81
4781,2021-01-30,BAS,713,230,483,129,584,0,ITF,ITF5,17,Basilicata,Basilicata,559084,568630,101.71,0.13
4782,2021-08-11,BAS,3710,1923,1787,1429,2223,58,ITF,ITF5,17,Basilicata,Basilicata,559084,572340,102.37,0.66
4783,2021-04-14,BAS,2048,1002,1046,1354,678,16,ITF,ITF5,17,Basilicata,Basilicata,559084,574388,102.74,0.37
4784,2021-01-21,BAS,31,10,21,30,1,0,ITF,ITF5,17,Basilicata,Basilicata,559084,574419,102.74,0.01
4785,2021-01-04,BAS,614,275,339,614,0,0,ITF,ITF5,17,Basilicata,Basilicata,559084,575033,102.85,0.11
4786,2021-07-06,BAS,4211,2009,2202,2115,2060,36,ITF,ITF5,17,Basilicata,Basilicata,559084,579244,103.61,0.75
4787,2021-08-13,BAS,3661,1904,1757,1423,2147,91,ITF,ITF5,17,Basilicata,Basilicata,559084,582905,104.26,0.65
4788,2021-07-30,BAS,4767,2436,2331,1916,2802,49,ITF,ITF5,17,Basilicata,Basilicata,559084,587672,105.11,0.85
4789,2021-06-17,BAS,4442,2045,2397,2087,2330,25,ITF,ITF5,17,Basilicata,Basilicata,559084,592114,105.91,0.79
4790,2021-04-21,BAS,3951,1845,2106,2242,1679,30,ITF,ITF5,17,Basilicata,Basilicata,559084,596065,106.61,0.71
4791,2021-01-14,BAS,973,413,560,973,0,0,ITF,ITF5,17,Basilicata,Basilicata,559084,597038,106.79,0.17
4792,2021-04-07,BAS,1212,552,660,1156,36,20,ITF,ITF5,17,Basilicata,Basilicata,559084,598250,107.01,0.22
4793,2021-04-25,BAS,2990,1459,1531,2906,52,32,ITF,ITF5,17,Basilicata,Basilicata,559084,601240,107.54,0.53
4794,2021-08-03,BAS,5061,2573,2488,1828,3184,49,ITF,ITF5,17,Basilicata,Basilicata,559084,606301,108.45,0.91
4795,2021-09-05,BAS,2282,1205,1077,466,1783,33,ITF,ITF5,17,Basilicata,Basilicata,559084,608583,108.85,0.41
4796,2021-03-04,BAS,1904,904,1000,1070,809,25,ITF,ITF5,17,Basilicata,Basilicata,559084,610487,109.19,0.34
4797,2021-06-12,BAS,3686,1694,1992,2959,689,38,ITF,ITF5,17,Basilicata,Basilicata,559084,614173,109.85,0.66
4798,2021-01-23,BAS,761,324,437,33,728,0,ITF,ITF5,17,Basilicata,Basilicata,559084,614934,109.99,0.14
4799,2021-05-03,BAS,4511,2043,2468,3620,827,64,ITF,ITF5,17,Basilicata,Basilicata,559084,619445,110.8,0.81
4800,2021-02-09,BAS,495,216,279,317,178,0,ITF,ITF5,17,Basilicata,Basilicata,559084,619940,110.88,0.09
4801,2021-07-25,BAS,4478,2254,2224,1606,2848,24,ITF,ITF5,17,Basilicata,Basilicata,559084,624418,111.69,0.8
4802,2021-01-18,BAS,465,158,307,366,99,0,ITF,ITF5,17,Basilicata,Basilicata,559084,624883,111.77,0.08
4803,2021-03-16,BAS,1924,808,1116,226,1695,3,ITF,ITF5,17,Basilicata,Basilicata,559084,626807,112.11,0.34
4804,2021-08-17,BAS,3508,1763,1745,1398,2044,66,ITF,ITF5,17,Basilicata,Basilicata,559084,630315,112.74,0.63
4805,2021-05-12,BAS,4730,2330,2400,2800,1881,49,ITF,ITF5,17,Basilicata,Basilicata,559084,635045,113.59,0.85
4806,2021-07-15,BAS,6479,3211,3268,1668,4785,26,ITF,ITF5,17,Basilicata,Basilicata,559084,641524,114.75,1.16
4807,2021-04-06,BAS,1275,465,810,1073,184,18,ITF,ITF5,17,Basilicata,Basilicata,559084,642799,114.97,0.23
4808,2021-06-14,BAS,4825,2156,2669,2090,2711,24,ITF,ITF5,17,Basilicata,Basilicata,559084,647624,115.84,0.86
4809,2021-06-21,BAS,4258,2045,2213,2142,2095,21,ITF,ITF5,17,Basilicata,Basilicata,559084,651882,116.6,0.76
4810,2021-06-19,BAS,4466,2178,2288,2370,2074,22,ITF,ITF5,17,Basilicata,Basilicata,559084,656348,117.4,0.8
4811,2021-03-28,BAS,2147,746,1401,2111,19,17,ITF,ITF5,17,Basilicata,Basilicata,559084,658495,117.78,0.38
4812,2021-03-11,BAS,1803,934,869,819,963,21,ITF,ITF5,17,Basilicata,Basilicata,559084,660298,118.1,0.32
4813,2021-05-05,BAS,4338,2050,2288,3376,891,71,ITF,ITF5,17,Basilicata,Basilicata,559084,664636,118.88,0.78
4814,2021-03-09,BAS,1417,725,692,780,615,22,ITF,ITF5,17,Basilicata,Basilicata,559084,666053,119.13,0.25
4815,2021-01-25,BAS,1049,441,608,74,974,1,ITF,ITF5,17,Basilicata,Basilicata,559084,667102,119.32,0.19
4816,2021-01-11,BAS,186,67,119,186,0,0,ITF,ITF5,17,Basilicata,Basilicata,559084,667288,119.35,0.03
4817,2021-03-23,BAS,1645,634,1011,1454,171,20,ITF,ITF5,17,Basilicata,Basilicata,559084,668933,119.65,0.29
4818,2021-07-01,BAS,3712,1856,1856,2564,1114,34,ITF,ITF5,17,Basilicata,Basilicata,559084,672645,120.31,0.66
4819,2021-09-03,BAS,2865,1522,1343,763,2039,63,ITF,ITF5,17,Basilicata,Basilicata,559084,675510,120.82,0.51
4820,2021-02-01,BAS,248,94,154,46,202,0,ITF,ITF5,17,Basilicata,Basilicata,559084,675758,120.87,0.04
4821,2021-03-30,BAS,2872,1219,1653,2495,361,16,ITF,ITF5,17,Basilicata,Basilicata,559084,678630,121.38,0.51
4822,2021-07-08,BAS,5137,2429,2708,1852,3260,25,ITF,ITF5,17,Basilicata,Basilicata,559084,683767,122.3,0.92
4823,2021-01-06,BAS,296,130,166,296,0,0,ITF,ITF5,17,Basilicata,Basilicata,559084,684063,122.35,0.05
4824,2021-04-16,BAS,3326,1636,1690,2399,902,25,ITF,ITF5,17,Basilicata,Basilicata,559084,687389,122.95,0.59
4825,2021-05-26,BAS,4491,2261,2230,1676,2786,29,ITF,ITF5,17,Basilicata,Basilicata,559084,691880,123.75,0.8
4826,2021-05-08,BAS,4844,2407,2437,3379,1412,53,ITF,ITF5,17,Basilicata,Basilicata,559084,696724,124.62,0.87
4827,2021-08-16,BAS,3566,1866,1700,1484,1998,84,ITF,ITF5,17,Basilicata,Basilicata,559084,700290,125.26,0.64
4828,2021-03-10,BAS,1687,846,841,837,839,11,ITF,ITF5,17,Basilicata,Basilicata,559084,701977,125.56,0.3
4829,2021-01-26,BAS,813,358,455,101,712,0,ITF,ITF5,17,Basilicata,Basilicata,559084,702790,125.7,0.15
4830,2021-05-06,BAS,5068,2440,2628,3431,1586,51,ITF,ITF5,17,Basilicata,Basilicata,559084,707858,126.61,0.91
4831,2021-05-15,BAS,6533,3344,3189,3875,2575,83,ITF,ITF5,17,Basilicata,Basilicata,559084,714391,127.78,1.17
4832,2021-04-02,BAS,2345,1058,1287,1715,605,25,ITF,ITF5,17,Basilicata,Basilicata,559084,716736,128.2,0.42
4833,2021-02-04,BAS,1108,446,662,64,1044,0,ITF,ITF5,17,Basilicata,Basilicata,559084,717844,128.4,0.2
4834,2021-07-11,BAS,5032,2406,2626,1509,3498,25,ITF,ITF5,17,Basilicata,Basilicata,559084,722876,129.3,0.9
4835,2021-02-02,BAS,370,145,225,175,194,1,ITF,ITF5,17,Basilicata,Basilicata,559084,723246,129.36,0.07
4836,2021-04-09,BAS,1153,350,803,1062,63,28,ITF,ITF5,17,Basilicata,Basilicata,559084,724399,129.57,0.21
4837,2021-07-13,BAS,5855,2826,3029,1772,4034,49,ITF,ITF5,17,Basilicata,Basilicata,559084,730254,130.62,1.05
4838,2021-02-27,BAS,2003,863,1140,1821,165,17,ITF,ITF5,17,Basilicata,Basilicata,559084,732257,130.97,0.36
4839,2021-07-20,BAS,5693,2792,2901,1688,3965,40,ITF,ITF5,17,Basilicata,Basilicata,559084,737950,131.99,1.02
4840,2021-06-07,BAS,4239,1921,2318,3885,316,38,ITF,ITF5,17,Basilicata,Basilicata,559084,742189,132.75,0.76
4841,2021-04-11,BAS,966,393,573,760,176,30,ITF,ITF5,17,Basilicata,Basilicata,559084,743155,132.92,0.17
4842,2021-04-04,BAS,612,227,385,188,418,6,ITF,ITF5,17,Basilicata,Basilicata,559084,743767,133.03,0.11
4843,2021-07-22,BAS,5796,2888,2908,1786,3948,62,ITF,ITF5,17,Basilicata,Basilicata,559084,749563,134.07,1.04
4844,2021-01-30,EMR,10094,3528,6566,137,9956,1,ITH,ITH5,8,Emilia-Romagna,Emilia-Romagna,4459477,10094,0.23,0.23
4845,2021-07-20,EMR,43145,22552,20593,6679,35784,682,ITH,ITH5,8,Emilia-Romagna,Emilia-Romagna,4459477,53239,1.19,0.97
4846,2021-04-11,EMR,15285,6940,8345,11981,3050,254,ITH,ITH5,8,Emilia-Romagna,Emilia-Romagna,4459477,68524,1.54,0.34
4847,2021-05-12,EMR,38969,18311,20658,28474,9701,794,ITH,ITH5,8,Emilia-Romagna,Emilia-Romagna,4459477,107493,2.41,0.87
4848,2021-02-01,EMR,10330,3618,6712,355,9973,2,ITH,ITH5,8,Emilia-Romagna,Emilia-Romagna,4459477,117823,2.64,0.23
4849,2021-01-18,EMR,3131,881,2250,2448,680,3,ITH,ITH5,8,Emilia-Romagna,Emilia-Romagna,4459477,120954,2.71,0.07
4850,2021-03-16,EMR,12255,5028,7227,4875,7315,65,ITH,ITH5,8,Emilia-Romagna,Emilia-Romagna,4459477,133209,2.99,0.27
4851,2021-01-25,EMR,6466,2148,4318,205,6260,1,ITH,ITH5,8,Emilia-Romagna,Emilia-Romagna,4459477,139675,3.13,0.14
4852,2021-07-01,EMR,34543,16882,17661,14812,18853,878,ITH,ITH5,8,Emilia-Romagna,Emilia-Romagna,4459477,174218,3.91,0.77
4853,2021-03-23,EMR,18803,8149,10654,11947,6690,166,ITH,ITH5,8,Emilia-Romagna,Emilia-Romagna,4459477,193021,4.33,0.42
4854,2021-02-18,EMR,7045,2893,4152,6441,588,16,ITH,ITH5,8,Emilia-Romagna,Emilia-Romagna,4459477,200066,4.49,0.16
4855,2021-06-07,EMR,40575,20826,19749,33448,6265,862,ITH,ITH5,8,Emilia-Romagna,Emilia-Romagna,4459477,240641,5.4,0.91
4856,2021-08-03,EMR,38514,20273,18241,15572,22292,650,ITH,ITH5,8,Emilia-Romagna,Emilia-Romagna,4459477,279155,6.26,0.86
4857,2021-07-15,EMR,50399,26249,24150,7899,41793,707,ITH,ITH5,8,Emilia-Romagna,Emilia-Romagna,4459477,329554,7.39,1.13
4858,2021-04-23,EMR,29584,13818,15766,14309,14896,379,ITH,ITH5,8,Emilia-Romagna,Emilia-Romagna,4459477,359138,8.05,0.66
4859,2021-01-13,EMR,9079,2943,6136,9074,0,5,ITH,ITH5,8,Emilia-Romagna,Emilia-Romagna,4459477,368217,8.26,0.2
4860,2021-04-04,EMR,9884,4719,5165,7529,2271,84,ITH,ITH5,8,Emilia-Romagna,Emilia-Romagna,4459477,378101,8.48,0.22
4861,2021-01-11,EMR,9356,3278,6078,9347,0,9,ITH,ITH5,8,Emilia-Romagna,Emilia-Romagna,4459477,387457,8.69,0.21
4862,2021-02-11,EMR,4257,1416,2841,3397,843,17,ITH,ITH5,8,Emilia-Romagna,Emilia-Romagna,4459477,391714,8.78,0.1
4863,2021-07-29,EMR,40789,21528,19261,14515,25550,724,ITH,ITH5,8,Emilia-Romagna,Emilia-Romagna,4459477,432503,9.7,0.91
4864,2021-07-27,EMR,41132,21853,19279,17019,23323,790,ITH,ITH5,8,Emilia-Romagna,Emilia-Romagna,4459477,473635,10.62,0.92
4865,2021-04-18,EMR,17528,8406,9122,12365,4934,229,ITH,ITH5,8,Emilia-Romagna,Emilia-Romagna,4459477,491163,11.01,0.39
4866,2021-06-14,EMR,41344,21373,19971,27459,13088,797,ITH,ITH5,8,Emilia-Romagna,Emilia-Romagna,4459477,532507,11.94,0.93
4867,2021-03-09,EMR,14806,6037,8769,10756,3954,96,ITH,ITH5,8,Emilia-Romagna,Emilia-Romagna,4459477,547313,12.27,0.33
4868,2021-05-05,EMR,30145,14004,16141,18306,11274,565,ITH,ITH5,8,Emilia-Romagna,Emilia-Romagna,4459477,577458,12.95,0.68
4869,2021-08-17,EMR,22376,12297,10079,14495,6854,1027,ITH,ITH5,8,Emilia-Romagna,Emilia-Romagna,4459477,599834,13.45,0.5
4870,2021-09-03,EMR,23743,12777,10966,6320,16820,603,ITH,ITH5,8,Emilia-Romagna,Emilia-Romagna,4459477,623577,13.98,0.53
4871,2021-05-26,EMR,33349,14758,18591,9928,23035,386,ITH,ITH5,8,Emilia-Romagna,Emilia-Romagna,4459477,656926,14.73,0.75
4872,2021-06-12,EMR,41392,21889,19503,35471,4920,1001,ITH,ITH5,8,Emilia-Romagna,Emilia-Romagna,4459477,698318,15.66,0.93
4873,2021-03-04,EMR,16461,5351,11110,13344,3025,92,ITH,ITH5,8,Emilia-Romagna,Emilia-Romagna,4459477,714779,16.03,0.37
4874,2021-05-24,EMR,30012,13740,16272,17968,11530,514,ITH,ITH5,8,Emilia-Romagna,Emilia-Romagna,4459477,744791,16.7,0.67
4875,2021-02-13,EMR,3631,1086,2545,3018,599,14,ITH,ITH5,8,Emilia-Romagna,Emilia-Romagna,4459477,748422,16.78,0.08
4876,2021-05-31,EMR,29815,13777,16038,17731,11532,552,ITH,ITH5,8,Emilia-Romagna,Emilia-Romagna,4459477,778237,17.45,0.67
4877,2021-02-20,EMR,5320,2094,3226,5050,263,7,ITH,ITH5,8,Emilia-Romagna,Emilia-Romagna,4459477,783557,17.57,0.12
4878,2021-01-15,EMR,7753,2407,5346,7745,0,8,ITH,ITH5,8,Emilia-Romagna,Emilia-Romagna,4459477,791310,17.74,0.17
4879,2021-04-16,EMR,29243,13766,15477,20014,8842,387,ITH,ITH5,8,Emilia-Romagna,Emilia-Romagna,4459477,820553,18.4,0.66
4880,2021-01-06,EMR,8291,2955,5336,8290,0,1,ITH,ITH5,8,Emilia-Romagna,Emilia-Romagna,4459477,828844,18.59,0.19
4881,2021-08-08,EMR,21616,11712,9904,10564,10496,556,ITH,ITH5,8,Emilia-Romagna,Emilia-Romagna,4459477,850460,19.07,0.48
4882,2021-04-30,EMR,36660,16810,19850,21239,14810,611,ITH,ITH5,8,Emilia-Romagna,Emilia-Romagna,4459477,887120,19.89,0.82
4883,2021-03-28,EMR,13549,6059,7490,9545,3885,119,ITH,ITH5,8,Emilia-Romagna,Emilia-Romagna,4459477,900669,20.2,0.3
4884,2021-01-10,EMR,7173,2686,4487,7172,0,1,ITH,ITH5,8,Emilia-Romagna,Emilia-Romagna,4459477,907842,20.36,0.16
4885,2021-06-16,EMR,45963,23539,22424,25248,19966,749,ITH,ITH5,8,Emilia-Romagna,Emilia-Romagna,4459477,953805,21.39,1.03
4886,2021-03-08,EMR,12218,5098,7120,9470,2663,85,ITH,ITH5,8,Emilia-Romagna,Emilia-Romagna,4459477,966023,21.66,0.27
4887,2021-06-30,EMR,34262,17291,16971,17704,15666,892,ITH,ITH5,8,Emilia-Romagna,Emilia-Romagna,4459477,1000285,22.43,0.77
4888,2021-07-17,EMR,43666,23055,20611,7175,35751,740,ITH,ITH5,8,Emilia-Romagna,Emilia-Romagna,4459477,1043951,23.41,0.98
4889,2021-06-11,EMR,45993,23871,22122,38336,6557,1100,ITH,ITH5,8,Emilia-Romagna,Emilia-Romagna,4459477,1089944,24.44,1.03
4890,2021-08-31,EMR,27949,14857,13092,8305,18584,1060,ITH,ITH5,8,Emilia-Romagna,Emilia-Romagna,4459477,1117893,25.07,0.63
4891,2021-05-23,EMR,25506,11868,13638,13580,11609,317,ITH,ITH5,8,Emilia-Romagna,Emilia-Romagna,4459477,1143399,25.64,0.57
4892,2021-07-19,EMR,42006,22125,19881,6635,34773,598,ITH,ITH5,8,Emilia-Romagna,Emilia-Romagna,4459477,1185405,26.58,0.94
4893,2021-09-05,EMR,17074,9180,7894,6368,9982,724,ITH,ITH5,8,Emilia-Romagna,Emilia-Romagna,4459477,1202479,26.96,0.38
4894,2021-06-09,EMR,43185,21934,21251,35730,6435,1020,ITH,ITH5,8,Emilia-Romagna,Emilia-Romagna,4459477,1245664,27.93,0.97
4895,2021-03-01,EMR,10104,3585,6519,7817,2262,25,ITH,ITH5,8,Emilia-Romagna,Emilia-Romagna,4459477,1255768,28.16,0.23
4896,2021-08-05,EMR,36765,19454,17311,18388,17407,970,ITH,ITH5,8,Emilia-Romagna,Emilia-Romagna,4459477,1292533,28.98,0.82
4897,2021-08-12,EMR,27700,15048,12652,19257,6878,1565,ITH,ITH5,8,Emilia-Romagna,Emilia-Romagna,4459477,1320233,29.61,0.62
4898,2021-05-04,EMR,29315,13729,15586,15165,13673,477,ITH,ITH5,8,Emilia-Romagna,Emilia-Romagna,4459477,1349548,30.26,0.66
4899,2021-02-27,EMR,10969,3998,6971,9194,1742,33,ITH,ITH5,8,Emilia-Romagna,Emilia-Romagna,4459477,1360517,30.51,0.25
4900,2021-04-25,EMR,22360,10244,12116,14403,7515,442,ITH,ITH5,8,Emilia-Romagna,Emilia-Romagna,4459477,1382877,31.01,0.5
4901,2021-06-21,EMR,37599,19007,18592,16083,20895,621,ITH,ITH5,8,Emilia-Romagna,Emilia-Romagna,4459477,1420476,31.85,0.84
4902,2021-07-08,EMR,41353,20601,20752,4726,36208,419,ITH,ITH5,8,Emilia-Romagna,Emilia-Romagna,4459477,1461829,32.78,0.93
4903,2021-03-30,EMR,23346,10336,13010,17994,5042,310,ITH,ITH5,8,Emilia-Romagna,Emilia-Romagna,4459477,1485175,33.3,0.52
4904,2021-07-22,EMR,40383,21556,18827,15260,24201,922,ITH,ITH5,8,Emilia-Romagna,Emilia-Romagna,4459477,1525558,34.21,0.91
4905,2021-01-04,EMR,7313,2527,4786,7310,0,3,ITH,ITH5,8,Emilia-Romagna,Emilia-Romagna,4459477,1532871,34.37,0.16
4906,2021-01-23,EMR,2448,871,1577,439,2009,0,ITH,ITH5,8,Emilia-Romagna,Emilia-Romagna,4459477,1535319,34.43,0.05
4907,2021-05-07,EMR,35339,16986,18353,22670,11895,774,ITH,ITH5,8,Emilia-Romagna,Emilia-Romagna,4459477,1570658,35.22,0.79
4908,2021-07-03,EMR,32125,15936,16189,11410,20022,693,ITH,ITH5,8,Emilia-Romagna,Emilia-Romagna,4459477,1602783,35.94,0.72
4909,2021-08-29,EMR,20586,11388,9198,8474,11255,857,ITH,ITH5,8,Emilia-Romagna,Emilia-Romagna,4459477,1623369,36.4,0.46
4910,2021-02-25,EMR,9250,3498,5752,8272,955,23,ITH,ITH5,8,Emilia-Romagna,Emilia-Romagna,4459477,1632619,36.61,0.21
4911,2021-06-19,EMR,36694,18365,18329,16741,19406,547,ITH,ITH5,8,Emilia-Romagna,Emilia-Romagna,4459477,1669313,37.43,0.82
4912,2021-03-11,EMR,17499,7332,10167,11455,5857,187,ITH,ITH5,8,Emilia-Romagna,Emilia-Romagna,4459477,1686812,37.83,0.39
4913,2021-02-06,EMR,7603,2408,5195,2108,5491,4,ITH,ITH5,8,Emilia-Romagna,Emilia-Romagna,4459477,1694415,38.0,0.17
4914,2021-04-20,EMR,22654,10418,12236,13886,8367,401,ITH,ITH5,8,Emilia-Romagna,Emilia-Romagna,4459477,1717069,38.5,0.51
4915,2021-06-23,EMR,38081,19097,18984,18473,18887,721,ITH,ITH5,8,Emilia-Romagna,Emilia-Romagna,4459477,1755150,39.36,0.85
4916,2021-01-08,EMR,10877,3587,7290,10874,0,3,ITH,ITH5,8,Emilia-Romagna,Emilia-Romagna,4459477,1766027,39.6,0.24
4917,2021-03-06,EMR,21036,5971,15065,18169,2743,124,ITH,ITH5,8,Emilia-Romagna,Emilia-Romagna,4459477,1787063,40.07,0.47
4918,2021-06-28,EMR,40081,19668,20413,19631,19580,870,ITH,ITH5,8,Emilia-Romagna,Emilia-Romagna,4459477,1827144,40.97,0.9
4919,2021-03-20,EMR,16094,6832,9262,8958,6967,169,ITH,ITH5,8,Emilia-Romagna,Emilia-Romagna,4459477,1843238,41.33,0.36
4920,2021-04-06,EMR,24771,11182,13589,19728,4751,292,ITH,ITH5,8,Emilia-Romagna,Emilia-Romagna,4459477,1868009,41.89,0.56
4921,2020-12-27,EMR,972,374,598,972,0,0,ITH,ITH5,8,Emilia-Romagna,Emilia-Romagna,4459477,1868981,41.91,0.02
4922,2021-06-13,EMR,28773,15010,13763,23811,4287,675,ITH,ITH5,8,Emilia-Romagna,Emilia-Romagna,4459477,1897754,42.56,0.65
4923,2021-03-05,EMR,17921,5864,12057,14292,3504,125,ITH,ITH5,8,Emilia-Romagna,Emilia-Romagna,4459477,1915675,42.96,0.4
4924,2021-03-22,EMR,17660,7821,9839,10616,6872,172,ITH,ITH5,8,Emilia-Romagna,Emilia-Romagna,4459477,1933335,43.35,0.4
4925,2021-03-03,EMR,15897,5269,10628,13357,2487,53,ITH,ITH5,8,Emilia-Romagna,Emilia-Romagna,4459477,1949232,43.71,0.36
4926,2021-07-12,EMR,44069,22330,21739,5427,38132,510,ITH,ITH5,8,Emilia-Romagna,Emilia-Romagna,4459477,1993301,44.7,0.99
4927,2021-09-07,EMR,25210,13615,11595,5753,18877,580,ITH,ITH5,8,Emilia-Romagna,Emilia-Romagna,4459477,2018511,45.26,0.57
4928,2021-02-12,EMR,5330,1679,3651,3900,1407,23,ITH,ITH5,8,Emilia-Romagna,Emilia-Romagna,4459477,2023841,45.38,0.12
4929,2021-04-10,EMR,20939,9305,11634,16456,4148,335,ITH,ITH5,8,Emilia-Romagna,Emilia-Romagna,4459477,2044780,45.85,0.47
4930,2021-04-17,EMR,27324,13087,14237,17578,9355,391,ITH,ITH5,8,Emilia-Romagna,Emilia-Romagna,4459477,2072104,46.47,0.61
4931,2021-01-07,EMR,10292,3408,6884,10288,0,4,ITH,ITH5,8,Emilia-Romagna,Emilia-Romagna,4459477,2082396,46.7,0.23
4932,2021-08-27,EMR,27869,14991,12878,6937,20197,735,ITH,ITH5,8,Emilia-Romagna,Emilia-Romagna,4459477,2110265,47.32,0.62
4933,2021-05-19,EMR,33845,14998,18847,18042,15270,533,ITH,ITH5,8,Emilia-Romagna,Emilia-Romagna,4459477,2144110,48.08,0.76
4934,2021-09-10,EMR,7979,4276,3703,1644,6126,209,ITH,ITH5,8,Emilia-Romagna,Emilia-Romagna,4459477,2152089,48.26,0.18
4935,2021-06-02,EMR,24124,12072,12052,18684,4980,460,ITH,ITH5,8,Emilia-Romagna,Emilia-Romagna,4459477,2176213,48.8,0.54
4936,2021-08-28,EMR,26285,14540,11745,8622,16841,822,ITH,ITH5,8,Emilia-Romagna,Emilia-Romagna,4459477,2202498,49.39,0.59
4937,2021-05-20,EMR,40415,18345,22070,18394,21503,518,ITH,ITH5,8,Emilia-Romagna,Emilia-Romagna,4459477,2242913,50.3,0.91
4938,2021-08-23,EMR,22591,11762,10829,11823,9471,1297,ITH,ITH5,8,Emilia-Romagna,Emilia-Romagna,4459477,2265504,50.8,0.51
4939,2021-06-25,EMR,42865,21813,21052,19744,22319,802,ITH,ITH5,8,Emilia-Romagna,Emilia-Romagna,4459477,2308369,51.76,0.96
4940,2021-03-17,EMR,13731,5699,8032,5817,7855,59,ITH,ITH5,8,Emilia-Romagna,Emilia-Romagna,4459477,2322100,52.07,0.31
4941,2021-08-21,EMR,19090,10683,8407,10419,7767,904,ITH,ITH5,8,Emilia-Romagna,Emilia-Romagna,4459477,2341190,52.5,0.43
4942,2021-05-13,EMR,35864,16520,19344,27291,7852,721,ITH,ITH5,8,Emilia-Romagna,Emilia-Romagna,4459477,2377054,53.3,0.8
4943,2021-03-15,EMR,13461,6252,7209,6852,6507,102,ITH,ITH5,8,Emilia-Romagna,Emilia-Romagna,4459477,2390515,53.61,0.3
4944,2021-09-04,EMR,23716,12905,10811,8383,14440,893,ITH,ITH5,8,Emilia-Romagna,Emilia-Romagna,4459477,2414231,54.14,0.53
4945,2021-08-16,EMR,20218,10868,9350,12624,6579,1015,ITH,ITH5,8,Emilia-Romagna,Emilia-Romagna,4459477,2434449,54.59,0.45
4946,2021-09-02,EMR,24934,13241,11693,6466,17778,690,ITH,ITH5,8,Emilia-Romagna,Emilia-Romagna,4459477,2459383,55.15,0.56
4947,2021-05-25,EMR,25244,11240,14004,11301,13513,430,ITH,ITH5,8,Emilia-Romagna,Emilia-Romagna,4459477,2484627,55.72,0.57
4948,2021-02-14,EMR,1405,378,1027,1277,120,8,ITH,ITH5,8,Emilia-Romagna,Emilia-Romagna,4459477,2486032,55.75,0.03
4949,2021-08-10,EMR,31324,16757,14567,15333,14914,1077,ITH,ITH5,8,Emilia-Romagna,Emilia-Romagna,4459477,2517356,56.45,0.7
4950,2021-03-13,EMR,16144,6363,9781,10593,5314,237,ITH,ITH5,8,Emilia-Romagna,Emilia-Romagna,4459477,2533500,56.81,0.36
4951,2021-07-05,EMR,33241,16209,17032,11202,21384,655,ITH,ITH5,8,Emilia-Romagna,Emilia-Romagna,4459477,2566741,57.56,0.75
4952,2021-03-27,EMR,21683,9074,12609,14523,6912,248,ITH,ITH5,8,Emilia-Romagna,Emilia-Romagna,4459477,2588424,58.04,0.49
4953,2021-04-13,EMR,23726,11132,12594,19032,4344,350,ITH,ITH5,8,Emilia-Romagna,Emilia-Romagna,4459477,2612150,58.58,0.53
4954,2021-01-03,EMR,2763,945,1818,2763,0,0,ITH,ITH5,8,Emilia-Romagna,Emilia-Romagna,4459477,2614913,58.64,0.06
4955,2021-08-15,EMR,6651,3690,2961,3282,3200,169,ITH,ITH5,8,Emilia-Romagna,Emilia-Romagna,4459477,2621564,58.79,0.15
4956,2021-06-26,EMR,37488,18998,18490,21010,15540,938,ITH,ITH5,8,Emilia-Romagna,Emilia-Romagna,4459477,2659052,59.63,0.84
4957,2021-08-22,EMR,16464,9040,7424,6725,9102,637,ITH,ITH5,8,Emilia-Romagna,Emilia-Romagna,4459477,2675516,60.0,0.37
4958,2021-07-10,EMR,42098,21437,20661,6803,34648,647,ITH,ITH5,8,Emilia-Romagna,Emilia-Romagna,4459477,2717614,60.94,0.94
4959,2021-04-03,EMR,19971,8763,11208,15956,3800,215,ITH,ITH5,8,Emilia-Romagna,Emilia-Romagna,4459477,2737585,61.39,0.45
4960,2021-05-30,EMR,27103,12808,14295,12984,13714,405,ITH,ITH5,8,Emilia-Romagna,Emilia-Romagna,4459477,2764688,62.0,0.61
4961,2021-02-19,EMR,7330,3012,4318,6802,514,14,ITH,ITH5,8,Emilia-Romagna,Emilia-Romagna,4459477,2772018,62.16,0.16
4962,2021-07-26,EMR,39571,21099,18472,15903,22884,784,ITH,ITH5,8,Emilia-Romagna,Emilia-Romagna,4459477,2811589,63.05,0.89
4963,2020-12-31,EMR,2214,779,1435,2213,0,1,ITH,ITH5,8,Emilia-Romagna,Emilia-Romagna,4459477,2813803,63.1,0.05
4964,2021-06-06,EMR,36603,19002,17601,31540,4415,648,ITH,ITH5,8,Emilia-Romagna,Emilia-Romagna,4459477,2850406,63.92,0.82
4965,2021-02-26,EMR,9643,3677,5966,8563,1054,26,ITH,ITH5,8,Emilia-Romagna,Emilia-Romagna,4459477,2860049,64.13,0.22
4966,2021-08-26,EMR,27592,14722,12870,9342,17293,957,ITH,ITH5,8,Emilia-Romagna,Emilia-Romagna,4459477,2887641,64.75,0.62
4967,2021-06-04,EMR,45764,23028,22736,36812,8204,748,ITH,ITH5,8,Emilia-Romagna,Emilia-Romagna,4459477,2933405,65.78,1.03
4968,2021-02-09,EMR,4161,1253,2908,2307,1853,1,ITH,ITH5,8,Emilia-Romagna,Emilia-Romagna,4459477,2937566,65.87,0.09
4969,2021-09-01,EMR,22594,12042,10552,7182,14668,744,ITH,ITH5,8,Emilia-Romagna,Emilia-Romagna,4459477,2960160,66.38,0.51
4970,2021-05-15,EMR,33297,14998,18299,22215,10441,641,ITH,ITH5,8,Emilia-Romagna,Emilia-Romagna,4459477,2993457,67.13,0.75
4971,2021-02-04,EMR,9935,3208,6727,1235,8699,1,ITH,ITH5,8,Emilia-Romagna,Emilia-Romagna,4459477,3003392,67.35,0.22
4972,2021-05-22,EMR,33174,14160,19014,16473,16244,457,ITH,ITH5,8,Emilia-Romagna,Emilia-Romagna,4459477,3036566,68.09,0.74
4973,2021-07-18,EMR,34585,17916,16669,8192,25825,568,ITH,ITH5,8,Emilia-Romagna,Emilia-Romagna,4459477,3071151,68.87,0.78
4974,2021-04-09,EMR,25803,11695,14108,19527,5761,515,ITH,ITH5,8,Emilia-Romagna,Emilia-Romagna,4459477,3096954,69.45,0.58
4975,2021-05-02,EMR,25595,11656,13939,13190,12000,405,ITH,ITH5,8,Emilia-Romagna,Emilia-Romagna,4459477,3122549,70.02,0.57
4976,2021-01-22,EMR,1832,477,1355,1087,743,2,ITH,ITH5,8,Emilia-Romagna,Emilia-Romagna,4459477,3124381,70.06,0.04
4977,2021-08-24,EMR,23381,12700,10681,10501,11762,1118,ITH,ITH5,8,Emilia-Romagna,Emilia-Romagna,4459477,3147762,70.59,0.52
4978,2021-02-08,EMR,5238,1537,3701,2317,2918,3,ITH,ITH5,8,Emilia-Romagna,Emilia-Romagna,4459477,3153000,70.7,0.12
4979,2021-05-16,EMR,25891,12183,13708,18366,7146,379,ITH,ITH5,8,Emilia-Romagna,Emilia-Romagna,4459477,3178891,71.28,0.58
4980,2021-02-22,EMR,7487,3094,4393,7201,273,13,ITH,ITH5,8,Emilia-Romagna,Emilia-Romagna,4459477,3186378,71.45,0.17
4981,2021-02-02,EMR,9499,3056,6443,534,8964,1,ITH,ITH5,8,Emilia-Romagna,Emilia-Romagna,4459477,3195877,71.66,0.21
4982,2021-08-30,EMR,27011,14184,12827,7631,18353,1027,ITH,ITH5,8,Emilia-Romagna,Emilia-Romagna,4459477,3222888,72.27,0.61
4983,2021-08-09,EMR,30224,16123,14101,16612,12557,1055,ITH,ITH5,8,Emilia-Romagna,Emilia-Romagna,4459477,3253112,72.95,0.68
4984,2021-05-01,EMR,28432,12782,15650,15278,12795,359,ITH,ITH5,8,Emilia-Romagna,Emilia-Romagna,4459477,3281544,73.59,0.64
4985,2021-05-27,EMR,42350,18770,23580,13556,28287,507,ITH,ITH5,8,Emilia-Romagna,Emilia-Romagna,4459477,3323894,74.54,0.95
4986,2021-02-16,EMR,5774,2448,3326,5230,530,14,ITH,ITH5,8,Emilia-Romagna,Emilia-Romagna,4459477,3329668,74.66,0.13
4987,2021-05-09,EMR,25644,12269,13375,18279,6973,392,ITH,ITH5,8,Emilia-Romagna,Emilia-Romagna,4459477,3355312,75.24,0.58
4988,2021-01-29,EMR,10427,3500,6927,290,10137,0,ITH,ITH5,8,Emilia-Romagna,Emilia-Romagna,4459477,3365739,75.47,0.23
4989,2021-02-15,EMR,2903,850,2053,2710,125,68,ITH,ITH5,8,Emilia-Romagna,Emilia-Romagna,4459477,3368642,75.54,0.07
4990,2021-01-27,EMR,8371,2951,5420,461,7910,0,ITH,ITH5,8,Emilia-Romagna,Emilia-Romagna,4459477,3377013,75.73,0.19
4991,2021-07-31,EMR,36226,19238,16988,12142,23383,701,ITH,ITH5,8,Emilia-Romagna,Emilia-Romagna,4459477,3413239,76.54,0.81
4992,2021-08-06,EMR,34657,18590,16067,18776,14987,894,ITH,ITH5,8,Emilia-Romagna,Emilia-Romagna,4459477,3447896,77.32,0.78
4993,2021-04-28,EMR,33752,15604,18148,20263,12899,590,ITH,ITH5,8,Emilia-Romagna,Emilia-Romagna,4459477,3481648,78.07,0.76
4994,2021-06-24,EMR,40651,20417,20234,20273,19569,809,ITH,ITH5,8,Emilia-Romagna,Emilia-Romagna,4459477,3522299,78.98,0.91
4995,2021-08-20,EMR,19719,10737,8982,10233,8512,974,ITH,ITH5,8,Emilia-Romagna,Emilia-Romagna,4459477,3542018,79.43,0.44
4996,2021-08-01,EMR,30044,16161,13883,10275,19362,407,ITH,ITH5,8,Emilia-Romagna,Emilia-Romagna,4459477,3572062,80.1,0.67
4997,2021-08-18,EMR,22276,12198,10078,14564,6652,1060,ITH,ITH5,8,Emilia-Romagna,Emilia-Romagna,4459477,3594338,80.6,0.5
4998,2021-05-10,EMR,33895,16151,17744,26005,7263,627,ITH,ITH5,8,Emilia-Romagna,Emilia-Romagna,4459477,3628233,81.36,0.76
4999,2021-07-30,EMR,39863,21413,18450,15673,23465,725,ITH,ITH5,8,Emilia-Romagna,Emilia-Romagna,4459477,3668096,82.25,0.89
5000,2021-04-21,EMR,23976,10972,13004,13869,9745,362,ITH,ITH5,8,Emilia-Romagna,Emilia-Romagna,4459477,3692072,82.79,0.54
5001,2021-05-08,EMR,32380,15113,17267,20398,11439,543,ITH,ITH5,8,Emilia-Romagna,Emilia-Romagna,4459477,3724452,83.52,0.73
5002,2021-01-28,EMR,10263,3343,6920,348,9915,0,ITH,ITH5,8,Emilia-Romagna,Emilia-Romagna,4459477,3734715,83.75,0.23
5003,2021-01-20,EMR,1331,269,1062,1329,1,1,ITH,ITH5,8,Emilia-Romagna,Emilia-Romagna,4459477,3736046,83.78,0.03
5004,2021-07-24,EMR,38880,20966,17914,17248,20638,994,ITH,ITH5,8,Emilia-Romagna,Emilia-Romagna,4459477,3774926,84.65,0.87
5005,2021-04-15,EMR,29368,13986,15382,19241,9682,445,ITH,ITH5,8,Emilia-Romagna,Emilia-Romagna,4459477,3804294,85.31,0.66
5006,2021-02-05,EMR,9310,2963,6347,1617,7689,4,ITH,ITH5,8,Emilia-Romagna,Emilia-Romagna,4459477,3813604,85.52,0.21
5007,2021-06-20,EMR,30751,15601,15150,15593,14673,485,ITH,ITH5,8,Emilia-Romagna,Emilia-Romagna,4459477,3844355,86.21,0.69
5008,2021-08-19,EMR,21549,11570,9979,11930,8730,889,ITH,ITH5,8,Emilia-Romagna,Emilia-Romagna,4459477,3865904,86.69,0.48
5009,2021-05-28,EMR,41303,18966,22337,17272,23433,598,ITH,ITH5,8,Emilia-Romagna,Emilia-Romagna,4459477,3907207,87.62,0.93
5010,2021-03-25,EMR,21484,9420,12064,14236,6993,255,ITH,ITH5,8,Emilia-Romagna,Emilia-Romagna,4459477,3928691,88.1,0.48
5011,2021-05-21,EMR,39387,17562,21825,21637,17131,619,ITH,ITH5,8,Emilia-Romagna,Emilia-Romagna,4459477,3968078,88.98,0.88
5012,2021-02-10,EMR,4024,1385,2639,2757,1261,6,ITH,ITH5,8,Emilia-Romagna,Emilia-Romagna,4459477,3972102,89.07,0.09
5013,2021-04-08,EMR,31400,14418,16982,25327,5333,740,ITH,ITH5,8,Emilia-Romagna,Emilia-Romagna,4459477,4003502,89.78,0.7
5014,2021-03-18,EMR,13772,5849,7923,5680,8005,87,ITH,ITH5,8,Emilia-Romagna,Emilia-Romagna,4459477,4017274,90.08,0.31
5015,2021-05-14,EMR,37356,17203,20153,26802,9655,899,ITH,ITH5,8,Emilia-Romagna,Emilia-Romagna,4459477,4054630,90.92,0.84
5016,2021-02-03,EMR,9349,2992,6357,962,8386,1,ITH,ITH5,8,Emilia-Romagna,Emilia-Romagna,4459477,4063979,91.13,0.21
5017,2021-04-01,EMR,23947,10765,13182,19071,4557,319,ITH,ITH5,8,Emilia-Romagna,Emilia-Romagna,4459477,4087926,91.67,0.54
5018,2021-02-17,EMR,6543,2766,3777,5757,773,13,ITH,ITH5,8,Emilia-Romagna,Emilia-Romagna,4459477,4094469,91.82,0.15
5019,2021-06-17,EMR,46707,23667,23040,21784,24228,695,ITH,ITH5,8,Emilia-Romagna,Emilia-Romagna,4459477,4141176,92.86,1.05
5020,2021-08-13,EMR,21253,11799,9454,14258,6085,910,ITH,ITH5,8,Emilia-Romagna,Emilia-Romagna,4459477,4162429,93.34,0.48
5021,2021-06-18,EMR,42790,21457,21333,16289,25932,569,ITH,ITH5,8,Emilia-Romagna,Emilia-Romagna,4459477,4205219,94.3,0.96
5022,2021-03-10,EMR,18813,7743,11070,12983,5648,182,ITH,ITH5,8,Emilia-Romagna,Emilia-Romagna,4459477,4224032,94.72,0.42
5023,2021-05-18,EMR,29237,13282,15955,18100,10647,490,ITH,ITH5,8,Emilia-Romagna,Emilia-Romagna,4459477,4253269,95.38,0.66
5024,2021-02-07,EMR,4794,1537,3257,1724,3068,2,ITH,ITH5,8,Emilia-Romagna,Emilia-Romagna,4459477,4258063,95.48,0.11
5025,2021-02-24,EMR,9359,3568,5791,8453,890,16,ITH,ITH5,8,Emilia-Romagna,Emilia-Romagna,4459477,4267422,95.69,0.21
5026,2021-01-05,EMR,9373,3173,6200,9369,0,4,ITH,ITH5,8,Emilia-Romagna,Emilia-Romagna,4459477,4276795,95.9,0.21
5027,2021-06-01,EMR,27198,13115,14083,16833,9931,434,ITH,ITH5,8,Emilia-Romagna,Emilia-Romagna,4459477,4303993,96.51,0.61
5028,2021-07-28,EMR,38703,20755,17948,13965,24049,689,ITH,ITH5,8,Emilia-Romagna,Emilia-Romagna,4459477,4342696,97.38,0.87
5029,2021-07-23,EMR,40433,21906,18527,19808,19488,1137,ITH,ITH5,8,Emilia-Romagna,Emilia-Romagna,4459477,4383129,98.29,0.91
5030,2021-04-14,EMR,27063,12851,14212,20522,6114,427,ITH,ITH5,8,Emilia-Romagna,Emilia-Romagna,4459477,4410192,98.89,0.61
5031,2021-01-21,EMR,2167,730,1437,819,1348,0,ITH,ITH5,8,Emilia-Romagna,Emilia-Romagna,4459477,4412359,98.94,0.05
5032,2021-04-22,EMR,29060,13455,15605,14616,14080,364,ITH,ITH5,8,Emilia-Romagna,Emilia-Romagna,4459477,4441419,99.6,0.65
5033,2021-01-12,EMR,9483,3126,6357,9474,0,9,ITH,ITH5,8,Emilia-Romagna,Emilia-Romagna,4459477,4450902,99.81,0.21
5034,2021-07-16,EMR,49791,26283,23508,7038,42084,669,ITH,ITH5,8,Emilia-Romagna,Emilia-Romagna,4459477,4500693,100.92,1.12
5035,2021-06-27,EMR,29598,14894,14704,16191,12735,672,ITH,ITH5,8,Emilia-Romagna,Emilia-Romagna,4459477,4530291,101.59,0.66
5036,2021-07-14,EMR,47981,24547,23434,5591,41856,534,ITH,ITH5,8,Emilia-Romagna,Emilia-Romagna,4459477,4578272,102.66,1.08
5037,2021-04-05,EMR,14857,6810,8047,11786,2895,176,ITH,ITH5,8,Emilia-Romagna,Emilia-Romagna,4459477,4593129,103.0,0.33
5038,2021-09-09,EMR,24005,12752,11253,5016,18383,606,ITH,ITH5,8,Emilia-Romagna,Emilia-Romagna,4459477,4617134,103.54,0.54
5039,2021-04-12,EMR,19260,9016,10244,14449,4452,359,ITH,ITH5,8,Emilia-Romagna,Emilia-Romagna,4459477,4636394,103.97,0.43
5040,2021-06-08,EMR,45147,23117,22030,36801,7545,801,ITH,ITH5,8,Emilia-Romagna,Emilia-Romagna,4459477,4681541,104.98,1.01
5041,2021-08-04,EMR,35343,18844,16499,13030,21686,627,ITH,ITH5,8,Emilia-Romagna,Emilia-Romagna,4459477,4716884,105.77,0.79
5042,2021-04-29,EMR,44992,21152,23840,26606,17565,821,ITH,ITH5,8,Emilia-Romagna,Emilia-Romagna,4459477,4761876,106.78,1.01
5043,2021-01-19,EMR,2050,507,1543,2032,17,1,ITH,ITH5,8,Emilia-Romagna,Emilia-Romagna,4459477,4763926,106.83,0.05
5044,2021-07-07,EMR,37921,19149,18772,13400,23721,800,ITH,ITH5,8,Emilia-Romagna,Emilia-Romagna,4459477,4801847,107.68,0.85
5045,2021-03-29,EMR,21436,9619,11817,16539,4665,232,ITH,ITH5,8,Emilia-Romagna,Emilia-Romagna,4459477,4823283,108.16,0.48
5046,2021-02-21,EMR,4449,1707,2742,3999,440,10,ITH,ITH5,8,Emilia-Romagna,Emilia-Romagna,4459477,4827732,108.26,0.1
5047,2021-06-03,EMR,37936,18443,19493,29686,7560,690,ITH,ITH5,8,Emilia-Romagna,Emilia-Romagna,4459477,4865668,109.11,0.85
5048,2021-02-23,EMR,8217,3219,4998,7819,386,12,ITH,ITH5,8,Emilia-Romagna,Emilia-Romagna,4459477,4873885,109.29,0.18
5049,2021-03-12,EMR,18326,7710,10616,11309,6721,296,ITH,ITH5,8,Emilia-Romagna,Emilia-Romagna,4459477,4892211,109.7,0.41
5050,2021-08-02,EMR,38530,20357,18173,14774,23091,665,ITH,ITH5,8,Emilia-Romagna,Emilia-Romagna,4459477,4930741,110.57,0.86
5051,2021-04-24,EMR,28655,13251,15404,14063,14242,350,ITH,ITH5,8,Emilia-Romagna,Emilia-Romagna,4459477,4959396,111.21,0.64
5052,2021-05-11,EMR,35821,16806,19015,27863,7263,695,ITH,ITH5,8,Emilia-Romagna,Emilia-Romagna,4459477,4995217,112.01,0.8
5053,2021-01-31,EMR,7709,2771,4938,240,7469,0,ITH,ITH5,8,Emilia-Romagna,Emilia-Romagna,4459477,5002926,112.19,0.17
5054,2021-07-21,EMR,43691,23304,20387,10781,32281,629,ITH,ITH5,8,Emilia-Romagna,Emilia-Romagna,4459477,5046617,113.17,0.98
5055,2021-04-19,EMR,20922,9806,11116,14337,6284,301,ITH,ITH5,8,Emilia-Romagna,Emilia-Romagna,4459477,5067539,113.64,0.47
5056,2021-01-09,EMR,9999,3458,6541,9995,0,4,ITH,ITH5,8,Emilia-Romagna,Emilia-Romagna,4459477,5077538,113.86,0.22
5057,2021-06-15,EMR,43878,22643,21235,27907,15075,896,ITH,ITH5,8,Emilia-Romagna,Emilia-Romagna,4459477,5121416,114.84,0.98
5058,2021-03-07,EMR,7850,2962,4888,6288,1525,37,ITH,ITH5,8,Emilia-Romagna,Emilia-Romagna,4459477,5129266,115.02,0.18
5059,2021-05-03,EMR,28739,13570,15169,17396,10887,456,ITH,ITH5,8,Emilia-Romagna,Emilia-Romagna,4459477,5158005,115.66,0.64
5060,2021-07-25,EMR,28478,15183,13295,10552,17441,485,ITH,ITH5,8,Emilia-Romagna,Emilia-Romagna,4459477,5186483,116.3,0.64
5061,2021-08-11,EMR,27751,14876,12875,12061,14878,812,ITH,ITH5,8,Emilia-Romagna,Emilia-Romagna,4459477,5214234,116.92,0.62
5062,2021-08-25,EMR,25127,13540,11587,9551,14609,967,ITH,ITH5,8,Emilia-Romagna,Emilia-Romagna,4459477,5239361,117.49,0.56
5063,2021-06-29,EMR,37735,18610,19125,18136,18798,801,ITH,ITH5,8,Emilia-Romagna,Emilia-Romagna,4459477,5277096,118.33,0.85
5064,2021-03-21,EMR,11960,5297,6663,7261,4605,94,ITH,ITH5,8,Emilia-Romagna,Emilia-Romagna,4459477,5289056,118.6,0.27
5065,2021-06-10,EMR,45105,23169,21936,38683,5387,1035,ITH,ITH5,8,Emilia-Romagna,Emilia-Romagna,4459477,5334161,119.61,1.01
5066,2021-03-02,EMR,12665,4274,8391,10515,2092,58,ITH,ITH5,8,Emilia-Romagna,Emilia-Romagna,4459477,5346826,119.9,0.28
5067,2021-03-19,EMR,15920,6970,8950,7791,7971,158,ITH,ITH5,8,Emilia-Romagna,Emilia-Romagna,4459477,5362746,120.26,0.36
5068,2021-02-28,EMR,6830,2528,4302,4959,1852,19,ITH,ITH5,8,Emilia-Romagna,Emilia-Romagna,4459477,5369576,120.41,0.15
5069,2021-04-26,EMR,27915,12940,14975,18037,9324,554,ITH,ITH5,8,Emilia-Romagna,Emilia-Romagna,4459477,5397491,121.03,0.63
5070,2021-01-16,EMR,5632,1719,3913,5631,0,1,ITH,ITH5,8,Emilia-Romagna,Emilia-Romagna,4459477,5403123,121.16,0.13
5071,2021-03-14,EMR,8807,3840,4967,4943,3800,64,ITH,ITH5,8,Emilia-Romagna,Emilia-Romagna,4459477,5411930,121.36,0.2
5072,2021-01-02,EMR,2379,917,1462,2379,0,0,ITH,ITH5,8,Emilia-Romagna,Emilia-Romagna,4459477,5414309,121.41,0.05
5073,2021-06-05,EMR,44327,22386,21941,36623,6925,779,ITH,ITH5,8,Emilia-Romagna,Emilia-Romagna,4459477,5458636,122.41,0.99
5074,2021-06-22,EMR,36543,18200,18343,16263,19639,641,ITH,ITH5,8,Emilia-Romagna,Emilia-Romagna,4459477,5495179,123.22,0.82
5075,2021-07-06,EMR,36815,18511,18304,12923,23198,694,ITH,ITH5,8,Emilia-Romagna,Emilia-Romagna,4459477,5531994,124.05,0.83
5076,2021-05-17,EMR,32483,15416,17067,22336,9564,583,ITH,ITH5,8,Emilia-Romagna,Emilia-Romagna,4459477,5564477,124.78,0.73
5077,2021-04-07,EMR,26888,12306,14582,20463,6079,346,ITH,ITH5,8,Emilia-Romagna,Emilia-Romagna,4459477,5591365,125.38,0.6
5078,2021-01-14,EMR,8132,2595,5537,8123,0,9,ITH,ITH5,8,Emilia-Romagna,Emilia-Romagna,4459477,5599497,125.56,0.18
5079,2021-08-07,EMR,30964,17030,13934,17681,12209,1074,ITH,ITH5,8,Emilia-Romagna,Emilia-Romagna,4459477,5630461,126.26,0.69
5080,2021-04-27,EMR,32135,14874,17261,19234,12470,431,ITH,ITH5,8,Emilia-Romagna,Emilia-Romagna,4459477,5662596,126.98,0.72
5081,2021-08-14,EMR,15796,8908,6888,8315,7025,456,ITH,ITH5,8,Emilia-Romagna,Emilia-Romagna,4459477,5678392,127.33,0.35
5082,2021-05-06,EMR,35985,16627,19358,22155,13101,729,ITH,ITH5,8,Emilia-Romagna,Emilia-Romagna,4459477,5714377,128.14,0.81
5083,2021-01-26,EMR,8340,3002,5338,209,8130,1,ITH,ITH5,8,Emilia-Romagna,Emilia-Romagna,4459477,5722717,128.33,0.19
5084,2021-07-02,EMR,34760,17094,17666,12381,21725,654,ITH,ITH5,8,Emilia-Romagna,Emilia-Romagna,4459477,5757477,129.11,0.78
5085,2021-03-24,EMR,21242,9414,11828,13632,7387,223,ITH,ITH5,8,Emilia-Romagna,Emilia-Romagna,4459477,5778719,129.58,0.48
5086,2021-01-24,EMR,2446,887,1559,298,2148,0,ITH,ITH5,8,Emilia-Romagna,Emilia-Romagna,4459477,5781165,129.64,0.05
5087,2021-07-09,EMR,44925,22954,21971,5415,39087,423,ITH,ITH5,8,Emilia-Romagna,Emilia-Romagna,4459477,5826090,130.65,1.01
5088,2021-01-17,EMR,2898,890,2008,2648,249,1,ITH,ITH5,8,Emilia-Romagna,Emilia-Romagna,4459477,5828988,130.71,0.06
5089,2021-04-02,EMR,23374,10536,12838,18553,4488,333,ITH,ITH5,8,Emilia-Romagna,Emilia-Romagna,4459477,5852362,131.23,0.52
5090,2021-09-06,EMR,25261,13400,11861,7034,17418,809,ITH,ITH5,8,Emilia-Romagna,Emilia-Romagna,4459477,5877623,131.8,0.57
5091,2021-05-29,EMR,37953,16523,21430,16662,20767,524,ITH,ITH5,8,Emilia-Romagna,Emilia-Romagna,4459477,5915576,132.65,0.85
5092,2021-07-11,EMR,30400,15244,15156,2756,27375,269,ITH,ITH5,8,Emilia-Romagna,Emilia-Romagna,4459477,5945976,133.33,0.68
5093,2021-03-31,EMR,25290,11057,14233,19506,5473,311,ITH,ITH5,8,Emilia-Romagna,Emilia-Romagna,4459477,5971266,133.9,0.57
5094,2021-07-13,EMR,48498,24842,23656,6469,41342,687,ITH,ITH5,8,Emilia-Romagna,Emilia-Romagna,4459477,6019764,134.99,1.09
5095,2021-09-08,EMR,22471,12124,10347,5721,16138,612,ITH,ITH5,8,Emilia-Romagna,Emilia-Romagna,4459477,6042235,135.49,0.5
5096,2021-07-04,EMR,24272,12070,12202,10172,13609,491,ITH,ITH5,8,Emilia-Romagna,Emilia-Romagna,4459477,6066507,136.04,0.54
5097,2021-03-26,EMR,23739,10125,13614,17022,6443,274,ITH,ITH5,8,Emilia-Romagna,Emilia-Romagna,4459477,6090246,136.57,0.53
5098,2021-03-24,MOL,1654,661,993,1218,402,34,ITF,ITF2,14,Molise,Molise,305617,1654,0.54,0.54
5099,2021-07-02,MOL,2708,1315,1393,137,2561,10,ITF,ITF2,14,Molise,Molise,305617,4362,1.43,0.89
5100,2021-07-04,MOL,2162,1091,1071,585,1554,23,ITF,ITF2,14,Molise,Molise,305617,6524,2.13,0.71
5101,2021-07-14,MOL,3439,1682,1757,209,3213,17,ITF,ITF2,14,Molise,Molise,305617,9963,3.26,1.13
5102,2021-04-05,MOL,392,190,202,293,99,0,ITF,ITF2,14,Molise,Molise,305617,10355,3.39,0.13
5103,2021-03-29,MOL,2068,845,1223,1522,489,57,ITF,ITF2,14,Molise,Molise,305617,12423,4.06,0.68
5104,2021-05-01,MOL,2673,1282,1391,407,2232,34,ITF,ITF2,14,Molise,Molise,305617,15096,4.94,0.87
5105,2021-03-05,MOL,1231,655,576,1008,209,14,ITF,ITF2,14,Molise,Molise,305617,16327,5.34,0.4
5106,2021-08-09,MOL,3440,1779,1661,1630,1759,51,ITF,ITF2,14,Molise,Molise,305617,19767,6.47,1.13
5107,2021-06-13,MOL,2939,1563,1376,2564,329,46,ITF,ITF2,14,Molise,Molise,305617,22706,7.43,0.96
5108,2021-04-17,MOL,3099,1526,1573,1553,1501,45,ITF,ITF2,14,Molise,Molise,305617,25805,8.44,1.01
5109,2021-02-07,MOL,67,32,35,20,47,0,ITF,ITF2,14,Molise,Molise,305617,25872,8.47,0.02
5110,2021-05-18,MOL,1675,893,782,1004,658,13,ITF,ITF2,14,Molise,Molise,305617,27547,9.01,0.55
5111,2021-03-22,MOL,1171,450,721,896,245,30,ITF,ITF2,14,Molise,Molise,305617,28718,9.4,0.38
5112,2021-07-23,MOL,2933,1525,1408,874,2000,59,ITF,ITF2,14,Molise,Molise,305617,31651,10.36,0.96
5113,2021-09-04,MOL,1636,902,734,684,931,21,ITF,ITF2,14,Molise,Molise,305617,33287,10.89,0.54
5114,2021-08-28,MOL,1724,959,765,643,1065,16,ITF,ITF2,14,Molise,Molise,305617,35011,11.46,0.56
5115,2021-01-17,MOL,78,38,40,48,30,0,ITF,ITF2,14,Molise,Molise,305617,35089,11.48,0.03
5116,2021-04-10,MOL,2685,1278,1407,2466,154,65,ITF,ITF2,14,Molise,Molise,305617,37774,12.36,0.88
5117,2021-02-05,MOL,597,270,327,55,542,0,ITF,ITF2,14,Molise,Molise,305617,38371,12.56,0.2
5118,2021-01-19,MOL,174,63,111,163,11,0,ITF,ITF2,14,Molise,Molise,305617,38545,12.61,0.06
5119,2021-04-29,MOL,2264,1162,1102,883,1355,26,ITF,ITF2,14,Molise,Molise,305617,40809,13.35,0.74
5120,2021-04-12,MOL,1310,562,748,1040,252,18,ITF,ITF2,14,Molise,Molise,305617,42119,13.78,0.43
5121,2021-07-21,MOL,2119,1064,1055,793,1281,45,ITF,ITF2,14,Molise,Molise,305617,44238,14.47,0.69
5122,2021-01-31,MOL,268,70,198,6,262,0,ITF,ITF2,14,Molise,Molise,305617,44506,14.56,0.09
5123,2021-07-16,MOL,3101,1569,1532,398,2673,30,ITF,ITF2,14,Molise,Molise,305617,47607,15.58,1.01
5124,2021-07-09,MOL,3450,1659,1791,168,3264,18,ITF,ITF2,14,Molise,Molise,305617,51057,16.71,1.13
5125,2021-06-20,MOL,424,174,250,48,372,4,ITF,ITF2,14,Molise,Molise,305617,51481,16.84,0.14
5126,2021-04-24,MOL,2578,1214,1364,700,1850,28,ITF,ITF2,14,Molise,Molise,305617,54059,17.69,0.84
5127,2021-02-26,MOL,566,261,305,492,73,1,ITF,ITF2,14,Molise,Molise,305617,54625,17.87,0.19
5128,2021-08-02,MOL,2723,1419,1304,1202,1473,48,ITF,ITF2,14,Molise,Molise,305617,57348,18.76,0.89
5129,2021-06-06,MOL,2113,1087,1026,1758,327,28,ITF,ITF2,14,Molise,Molise,305617,59461,19.46,0.69
5130,2021-03-19,MOL,1207,487,720,745,430,32,ITF,ITF2,14,Molise,Molise,305617,60668,19.85,0.39
5131,2021-01-21,MOL,6,2,4,6,0,0,ITF,ITF2,14,Molise,Molise,305617,60674,19.85,0.0
5132,2021-08-23,MOL,1723,933,790,270,1440,13,ITF,ITF2,14,Molise,Molise,305617,62397,20.42,0.56
5133,2021-02-19,MOL,171,95,76,169,2,0,ITF,ITF2,14,Molise,Molise,305617,62568,20.47,0.06
5134,2021-03-10,MOL,1746,723,1023,1673,50,23,ITF,ITF2,14,Molise,Molise,305617,64314,21.04,0.57
5135,2021-06-01,MOL,2637,1341,1296,2481,110,46,ITF,ITF2,14,Molise,Molise,305617,66951,21.91,0.86
5136,2021-09-09,MOL,1200,624,576,416,769,15,ITF,ITF2,14,Molise,Molise,305617,68151,22.3,0.39
5137,2021-05-20,MOL,2749,1416,1333,2423,189,137,ITF,ITF2,14,Molise,Molise,305617,70900,23.2,0.9
5138,2021-05-25,MOL,1981,893,1088,1308,633,40,ITF,ITF2,14,Molise,Molise,305617,72881,23.85,0.65
5139,2021-01-26,MOL,450,184,266,8,442,0,ITF,ITF2,14,Molise,Molise,305617,73331,23.99,0.15
5140,2021-05-06,MOL,2748,1244,1504,2060,610,78,ITF,ITF2,14,Molise,Molise,305617,76079,24.89,0.9
5141,2021-07-28,MOL,2459,1306,1153,1151,1273,35,ITF,ITF2,14,Molise,Molise,305617,78538,25.7,0.8
5142,2021-03-31,MOL,2267,937,1330,1317,820,130,ITF,ITF2,14,Molise,Molise,305617,80805,26.44,0.74
5143,2021-03-07,MOL,1133,501,632,1128,2,3,ITF,ITF2,14,Molise,Molise,305617,81938,26.81,0.37
5144,2021-06-15,MOL,2253,1061,1192,776,1459,18,ITF,ITF2,14,Molise,Molise,305617,84191,27.55,0.74
5145,2021-08-20,MOL,2458,1294,1164,503,1935,20,ITF,ITF2,14,Molise,Molise,305617,86649,28.35,0.8
5146,2021-01-28,MOL,615,217,398,17,598,0,ITF,ITF2,14,Molise,Molise,305617,87264,28.55,0.2
5147,2021-05-13,MOL,3109,1444,1665,2554,461,94,ITF,ITF2,14,Molise,Molise,305617,90373,29.57,1.02
5148,2021-08-21,MOL,2146,1210,936,1079,1016,51,ITF,ITF2,14,Molise,Molise,305617,92519,30.27,0.7
5149,2021-08-04,MOL,2526,1308,1218,964,1543,19,ITF,ITF2,14,Molise,Molise,305617,95045,31.1,0.83
5150,2021-01-04,MOL,314,131,183,314,0,0,ITF,ITF2,14,Molise,Molise,305617,95359,31.2,0.1
5151,2021-04-14,MOL,1827,775,1052,1139,669,19,ITF,ITF2,14,Molise,Molise,305617,97186,31.8,0.6
5152,2021-02-16,MOL,158,72,86,151,6,1,ITF,ITF2,14,Molise,Molise,305617,97344,31.85,0.05
5153,2021-05-27,MOL,2866,1365,1501,1981,843,42,ITF,ITF2,14,Molise,Molise,305617,100210,32.79,0.94
5154,2021-07-25,MOL,2023,1066,957,356,1651,16,ITF,ITF2,14,Molise,Molise,305617,102233,33.45,0.66
5155,2021-05-29,MOL,2384,1241,1143,1946,394,44,ITF,ITF2,14,Molise,Molise,305617,104617,34.23,0.78
5156,2021-09-06,MOL,1185,627,558,353,826,6,ITF,ITF2,14,Molise,Molise,305617,105802,34.62,0.39
5157,2021-06-27,MOL,2389,1129,1260,1141,1237,11,ITF,ITF2,14,Molise,Molise,305617,108191,35.4,0.78
5158,2021-01-07,MOL,600,209,391,600,0,0,ITF,ITF2,14,Molise,Molise,305617,108791,35.6,0.2
5159,2021-02-12,MOL,337,152,185,212,124,1,ITF,ITF2,14,Molise,Molise,305617,109128,35.71,0.11
5160,2021-08-11,MOL,2023,1057,966,1144,815,64,ITF,ITF2,14,Molise,Molise,305617,111151,36.37,0.66
5161,2021-01-12,MOL,336,114,222,336,0,0,ITF,ITF2,14,Molise,Molise,305617,111487,36.48,0.11
5162,2021-03-17,MOL,975,405,570,524,333,118,ITF,ITF2,14,Molise,Molise,305617,112462,36.8,0.32
5163,2021-06-25,MOL,3459,1703,1756,1478,1921,60,ITF,ITF2,14,Molise,Molise,305617,115921,37.93,1.13
5164,2021-06-08,MOL,2906,1603,1303,2202,701,3,ITF,ITF2,14,Molise,Molise,305617,118827,38.88,0.95
5165,2021-02-23,MOL,586,223,363,362,221,3,ITF,ITF2,14,Molise,Molise,305617,119413,39.07,0.19
5166,2021-06-03,MOL,3328,1585,1743,2721,560,47,ITF,ITF2,14,Molise,Molise,305617,122741,40.16,1.09
5167,2021-04-07,MOL,1739,882,857,1375,276,88,ITF,ITF2,14,Molise,Molise,305617,124480,40.73,0.57
5168,2021-06-05,MOL,3039,1533,1506,2823,177,39,ITF,ITF2,14,Molise,Molise,305617,127519,41.73,0.99
5169,2021-07-18,MOL,1776,894,882,126,1640,10,ITF,ITF2,14,Molise,Molise,305617,129295,42.31,0.58
5170,2021-06-17,MOL,2323,1025,1298,919,1373,31,ITF,ITF2,14,Molise,Molise,305617,131618,43.07,0.76
5171,2021-09-08,MOL,974,515,459,251,719,4,ITF,ITF2,14,Molise,Molise,305617,132592,43.39,0.32
5172,2021-03-26,MOL,2636,1062,1574,1905,646,85,ITF,ITF2,14,Molise,Molise,305617,135228,44.25,0.86
5173,2021-02-18,MOL,321,74,247,304,13,4,ITF,ITF2,14,Molise,Molise,305617,135549,44.35,0.11
5174,2021-03-09,MOL,1338,583,755,1152,154,32,ITF,ITF2,14,Molise,Molise,305617,136887,44.79,0.44
5175,2021-02-20,MOL,1020,443,577,1000,20,0,ITF,ITF2,14,Molise,Molise,305617,137907,45.12,0.33
5176,2021-03-12,MOL,1469,640,829,1409,36,24,ITF,ITF2,14,Molise,Molise,305617,139376,45.6,0.48
5177,2021-01-14,MOL,649,240,409,649,0,0,ITF,ITF2,14,Molise,Molise,305617,140025,45.82,0.21
5178,2021-05-26,MOL,1638,747,891,825,770,43,ITF,ITF2,14,Molise,Molise,305617,141663,46.35,0.54
5179,2021-03-30,MOL,2027,872,1155,1481,513,33,ITF,ITF2,14,Molise,Molise,305617,143690,47.02,0.66
5180,2021-09-03,MOL,1681,876,805,357,1301,23,ITF,ITF2,14,Molise,Molise,305617,145371,47.57,0.55
5181,2021-02-01,MOL,563,201,362,14,549,0,ITF,ITF2,14,Molise,Molise,305617,145934,47.75,0.18
5182,2021-07-08,MOL,3447,1661,1786,108,3316,23,ITF,ITF2,14,Molise,Molise,305617,149381,48.88,1.13
5183,2021-05-12,MOL,2924,1327,1597,2715,100,109,ITF,ITF2,14,Molise,Molise,305617,152305,49.84,0.96
5184,2021-08-16,MOL,1786,926,860,829,941,16,ITF,ITF2,14,Molise,Molise,305617,154091,50.42,0.58
5185,2021-03-15,MOL,851,348,503,573,245,33,ITF,ITF2,14,Molise,Molise,305617,154942,50.7,0.28
5186,2021-03-04,MOL,856,420,436,515,325,16,ITF,ITF2,14,Molise,Molise,305617,155798,50.98,0.28
5187,2021-06-12,MOL,5958,3065,2893,5665,203,90,ITF,ITF2,14,Molise,Molise,305617,161756,52.93,1.95
5188,2021-08-17,MOL,1667,878,789,340,1310,17,ITF,ITF2,14,Molise,Molise,305617,163423,53.47,0.55
5189,2021-06-14,MOL,1652,821,831,549,1086,17,ITF,ITF2,14,Molise,Molise,305617,165075,54.01,0.54
5190,2021-01-20,MOL,18,8,10,18,0,0,ITF,ITF2,14,Molise,Molise,305617,165093,54.02,0.01
5191,2021-04-30,MOL,2969,1574,1395,824,2122,23,ITF,ITF2,14,Molise,Molise,305617,168062,54.99,0.97
5192,2021-02-25,MOL,543,239,304,471,69,3,ITF,ITF2,14,Molise,Molise,305617,168605,55.17,0.18
5193,2021-08-10,MOL,1927,1047,880,688,1207,32,ITF,ITF2,14,Molise,Molise,305617,170532,55.8,0.63
5194,2021-05-31,MOL,2391,1164,1227,1915,428,48,ITF,ITF2,14,Molise,Molise,305617,172923,56.58,0.78
5195,2021-05-14,MOL,2690,1241,1449,1901,724,65,ITF,ITF2,14,Molise,Molise,305617,175613,57.46,0.88
5196,2021-08-22,MOL,389,202,187,3,386,0,ITF,ITF2,14,Molise,Molise,305617,176002,57.59,0.13
5197,2021-06-02,MOL,2855,1375,1480,2722,100,33,ITF,ITF2,14,Molise,Molise,305617,178857,58.52,0.93
5198,2021-09-10,MOL,336,178,158,144,183,9,ITF,ITF2,14,Molise,Molise,305617,179193,58.63,0.11
5199,2021-08-30,MOL,1693,911,782,228,1446,19,ITF,ITF2,14,Molise,Molise,305617,180886,59.19,0.55
5200,2021-06-24,MOL,3361,1564,1797,442,2881,38,ITF,ITF2,14,Molise,Molise,305617,184247,60.29,1.1
5201,2021-03-02,MOL,674,387,287,508,159,7,ITF,ITF2,14,Molise,Molise,305617,184921,60.51,0.22
5202,2021-06-10,MOL,2622,1205,1417,1274,1301,47,ITF,ITF2,14,Molise,Molise,305617,187543,61.37,0.86
5203,2021-04-02,MOL,1486,727,759,668,784,34,ITF,ITF2,14,Molise,Molise,305617,189029,61.85,0.49
5204,2021-07-11,MOL,2465,1200,1265,181,2280,4,ITF,ITF2,14,Molise,Molise,305617,191494,62.66,0.81
5205,2021-02-24,MOL,672,281,391,326,338,8,ITF,ITF2,14,Molise,Molise,305617,192166,62.88,0.22
5206,2021-04-06,MOL,1526,714,812,1140,346,40,ITF,ITF2,14,Molise,Molise,305617,193692,63.38,0.5
5207,2021-02-08,MOL,335,141,194,216,119,0,ITF,ITF2,14,Molise,Molise,305617,194027,63.49,0.11
5208,2021-07-15,MOL,3228,1624,1604,214,2999,15,ITF,ITF2,14,Molise,Molise,305617,197255,64.54,1.06
5209,2021-05-19,MOL,2400,1226,1174,1903,431,66,ITF,ITF2,14,Molise,Molise,305617,199655,65.33,0.79
5210,2021-03-23,MOL,1683,711,972,1425,211,47,ITF,ITF2,14,Molise,Molise,305617,201338,65.88,0.55
5211,2021-08-27,MOL,2118,1090,1028,414,1682,22,ITF,ITF2,14,Molise,Molise,305617,203456,66.57,0.69
5212,2021-07-01,MOL,2682,1306,1376,275,2390,17,ITF,ITF2,14,Molise,Molise,305617,206138,67.45,0.88
5213,2021-09-01,MOL,1848,976,872,395,1433,20,ITF,ITF2,14,Molise,Molise,305617,207986,68.05,0.6
5214,2021-01-09,MOL,453,154,299,453,0,0,ITF,ITF2,14,Molise,Molise,305617,208439,68.2,0.15
5215,2021-04-19,MOL,1900,864,1036,992,784,124,ITF,ITF2,14,Molise,Molise,305617,210339,68.82,0.62
5216,2021-08-12,MOL,1465,761,704,1026,400,39,ITF,ITF2,14,Molise,Molise,305617,211804,69.3,0.48
5217,2021-01-29,MOL,424,137,287,6,418,0,ITF,ITF2,14,Molise,Molise,305617,212228,69.44,0.14
5218,2021-05-09,MOL,2082,950,1132,1937,98,47,ITF,ITF2,14,Molise,Molise,305617,214310,70.12,0.68
5219,2021-07-07,MOL,2969,1374,1595,58,2907,4,ITF,ITF2,14,Molise,Molise,305617,217279,71.1,0.97
5220,2021-08-13,MOL,1538,801,737,1123,384,31,ITF,ITF2,14,Molise,Molise,305617,218817,71.6,0.5
5221,2021-05-08,MOL,3037,1478,1559,1716,1258,63,ITF,ITF2,14,Molise,Molise,305617,221854,72.59,0.99
5222,2021-04-21,MOL,1888,798,1090,971,906,11,ITF,ITF2,14,Molise,Molise,305617,223742,73.21,0.62
5223,2021-07-30,MOL,2698,1398,1300,1442,1196,60,ITF,ITF2,14,Molise,Molise,305617,226440,74.09,0.88
5224,2021-02-11,MOL,295,133,162,258,37,0,ITF,ITF2,14,Molise,Molise,305617,226735,74.19,0.1
5225,2021-05-22,MOL,2311,1197,1114,2196,91,24,ITF,ITF2,14,Molise,Molise,305617,229046,74.95,0.76
5226,2021-03-03,MOL,677,320,357,588,83,6,ITF,ITF2,14,Molise,Molise,305617,229723,75.17,0.22
5227,2021-01-05,MOL,449,180,269,449,0,0,ITF,ITF2,14,Molise,Molise,305617,230172,75.31,0.15
5228,2021-07-06,MOL,3072,1433,1639,38,3029,5,ITF,ITF2,14,Molise,Molise,305617,233244,76.32,1.01
5229,2021-05-10,MOL,2948,1305,1643,2509,376,63,ITF,ITF2,14,Molise,Molise,305617,236192,77.28,0.96
5230,2021-06-29,MOL,2509,1168,1341,385,2093,31,ITF,ITF2,14,Molise,Molise,305617,238701,78.1,0.82
5231,2021-05-03,MOL,2550,1209,1341,2316,164,70,ITF,ITF2,14,Molise,Molise,305617,241251,78.94,0.83
5232,2021-05-11,MOL,3275,1446,1829,2925,254,96,ITF,ITF2,14,Molise,Molise,305617,244526,80.01,1.07
5233,2021-08-19,MOL,2283,1147,1136,608,1648,27,ITF,ITF2,14,Molise,Molise,305617,246809,80.76,0.75
5234,2021-01-22,MOL,128,36,92,128,0,0,ITF,ITF2,14,Molise,Molise,305617,246937,80.8,0.04
5235,2021-05-02,MOL,1921,949,972,583,1318,20,ITF,ITF2,14,Molise,Molise,305617,248858,81.43,0.63
5236,2021-03-06,MOL,1730,809,921,1559,160,11,ITF,ITF2,14,Molise,Molise,305617,250588,81.99,0.57
5237,2021-07-19,MOL,2815,1376,1439,518,2266,31,ITF,ITF2,14,Molise,Molise,305617,253403,82.92,0.92
5238,2021-04-28,MOL,1724,944,780,491,1221,12,ITF,ITF2,14,Molise,Molise,305617,255127,83.48,0.56
5239,2021-08-06,MOL,2336,1234,1102,1087,1206,43,ITF,ITF2,14,Molise,Molise,305617,257463,84.24,0.76
5240,2021-02-21,MOL,577,228,349,575,2,0,ITF,ITF2,14,Molise,Molise,305617,258040,84.43,0.19
5241,2021-02-04,MOL,762,296,466,78,684,0,ITF,ITF2,14,Molise,Molise,305617,258802,84.68,0.25
5242,2021-05-15,MOL,3034,1425,1609,2559,387,88,ITF,ITF2,14,Molise,Molise,305617,261836,85.67,0.99
5243,2021-07-26,MOL,2454,1263,1191,1263,1124,67,ITF,ITF2,14,Molise,Molise,305617,264290,86.48,0.8
5244,2021-02-15,MOL,144,70,74,141,3,0,ITF,ITF2,14,Molise,Molise,305617,264434,86.52,0.05
5245,2021-02-03,MOL,746,254,492,345,401,0,ITF,ITF2,14,Molise,Molise,305617,265180,86.77,0.24
5246,2021-04-27,MOL,1628,782,846,447,1138,43,ITF,ITF2,14,Molise,Molise,305617,266808,87.3,0.53
5247,2021-08-05,MOL,2297,1159,1138,1621,625,51,ITF,ITF2,14,Molise,Molise,305617,269105,88.05,0.75
5248,2021-05-16,MOL,1284,585,699,1064,185,35,ITF,ITF2,14,Molise,Molise,305617,270389,88.47,0.42
5249,2021-08-24,MOL,1708,923,785,261,1422,25,ITF,ITF2,14,Molise,Molise,305617,272097,89.03,0.56
5250,2021-08-07,MOL,1936,1071,865,1057,851,28,ITF,ITF2,14,Molise,Molise,305617,274033,89.67,0.63
5251,2021-07-13,MOL,2829,1436,1393,323,2488,18,ITF,ITF2,14,Molise,Molise,305617,276862,90.59,0.93
5252,2021-02-28,MOL,838,337,501,793,43,2,ITF,ITF2,14,Molise,Molise,305617,277700,90.87,0.27
5253,2021-02-27,MOL,1372,571,801,1346,20,6,ITF,ITF2,14,Molise,Molise,305617,279072,91.31,0.45
5254,2021-03-16,MOL,618,230,388,266,348,4,ITF,ITF2,14,Molise,Molise,305617,279690,91.52,0.2
5255,2021-01-11,MOL,558,194,364,558,0,0,ITF,ITF2,14,Molise,Molise,305617,280248,91.7,0.18
5256,2021-07-29,MOL,2473,1270,1203,1600,822,51,ITF,ITF2,14,Molise,Molise,305617,282721,92.51,0.81
5257,2021-02-02,MOL,540,176,364,216,323,1,ITF,ITF2,14,Molise,Molise,305617,283261,92.68,0.18
5258,2021-01-16,MOL,422,166,256,422,0,0,ITF,ITF2,14,Molise,Molise,305617,283683,92.82,0.14
5259,2021-04-26,MOL,1173,528,645,815,332,26,ITF,ITF2,14,Molise,Molise,305617,284856,93.21,0.38
5260,2021-04-09,MOL,2362,1267,1095,2113,192,57,ITF,ITF2,14,Molise,Molise,305617,287218,93.98,0.77
5261,2021-05-17,MOL,2263,1108,1155,1716,497,50,ITF,ITF2,14,Molise,Molise,305617,289481,94.72,0.74
5262,2021-03-21,MOL,1254,546,708,481,770,3,ITF,ITF2,14,Molise,Molise,305617,290735,95.13,0.41
5263,2021-08-25,MOL,1503,809,694,342,1151,10,ITF,ITF2,14,Molise,Molise,305617,292238,95.62,0.49
5264,2021-03-14,MOL,601,242,359,18,583,0,ITF,ITF2,14,Molise,Molise,305617,292839,95.82,0.2
5265,2021-08-18,MOL,1347,706,641,344,981,22,ITF,ITF2,14,Molise,Molise,305617,294186,96.26,0.44
5266,2021-06-22,MOL,2981,1377,1604,674,2287,20,ITF,ITF2,14,Molise,Molise,305617,297167,97.24,0.98
5267,2021-02-22,MOL,265,129,136,248,15,2,ITF,ITF2,14,Molise,Molise,305617,297432,97.32,0.09
5268,2020-12-27,MOL,50,20,30,50,0,0,ITF,ITF2,14,Molise,Molise,305617,297482,97.34,0.02
5269,2021-06-07,MOL,1985,874,1111,1134,824,27,ITF,ITF2,14,Molise,Molise,305617,299467,97.99,0.65
5270,2021-02-13,MOL,132,80,52,132,0,0,ITF,ITF2,14,Molise,Molise,305617,299599,98.03,0.04
5271,2021-08-29,MOL,1431,780,651,111,1311,9,ITF,ITF2,14,Molise,Molise,305617,301030,98.5,0.47
5272,2021-05-24,MOL,1987,864,1123,1280,675,32,ITF,ITF2,14,Molise,Molise,305617,303017,99.15,0.65
5273,2021-05-07,MOL,2695,1256,1439,2030,601,64,ITF,ITF2,14,Molise,Molise,305617,305712,100.03,0.88
5274,2021-04-18,MOL,1092,486,606,143,939,10,ITF,ITF2,14,Molise,Molise,305617,306804,100.39,0.36
5275,2021-03-28,MOL,1639,757,882,522,1103,14,ITF,ITF2,14,Molise,Molise,305617,308443,100.92,0.54
5276,2021-01-30,MOL,465,161,304,12,453,0,ITF,ITF2,14,Molise,Molise,305617,308908,101.08,0.15
5277,2021-01-25,MOL,319,130,189,3,316,0,ITF,ITF2,14,Molise,Molise,305617,309227,101.18,0.1
5278,2021-05-05,MOL,2495,1070,1425,2304,145,46,ITF,ITF2,14,Molise,Molise,305617,311722,102.0,0.82
5279,2021-05-04,MOL,2750,1197,1553,2561,131,58,ITF,ITF2,14,Molise,Molise,305617,314472,102.9,0.9
5280,2021-01-10,MOL,270,72,198,270,0,0,ITF,ITF2,14,Molise,Molise,305617,314742,102.99,0.09
5281,2021-04-20,MOL,2342,1038,1304,1215,1112,15,ITF,ITF2,14,Molise,Molise,305617,317084,103.75,0.77
5282,2021-06-09,MOL,1832,921,911,867,934,31,ITF,ITF2,14,Molise,Molise,305617,318916,104.35,0.6
5283,2021-05-23,MOL,1793,902,891,1750,9,34,ITF,ITF2,14,Molise,Molise,305617,320709,104.94,0.59
5284,2021-08-31,MOL,1744,954,790,312,1422,10,ITF,ITF2,14,Molise,Molise,305617,322453,105.51,0.57
5285,2021-01-18,MOL,115,48,67,115,0,0,ITF,ITF2,14,Molise,Molise,305617,322568,105.55,0.04
5286,2021-04-11,MOL,1219,603,616,1174,14,31,ITF,ITF2,14,Molise,Molise,305617,323787,105.95,0.4
5287,2021-07-20,MOL,2198,1110,1088,1028,1120,50,ITF,ITF2,14,Molise,Molise,305617,325985,106.66,0.72
5288,2021-07-03,MOL,2765,1391,1374,579,2164,22,ITF,ITF2,14,Molise,Molise,305617,328750,107.57,0.9
5289,2021-08-08,MOL,893,467,426,648,229,16,ITF,ITF2,14,Molise,Molise,305617,329643,107.86,0.29
5290,2021-07-22,MOL,2253,1118,1135,845,1349,59,ITF,ITF2,14,Molise,Molise,305617,331896,108.6,0.74
5291,2021-09-05,MOL,5,5,0,5,0,0,ITF,ITF2,14,Molise,Molise,305617,331901,108.6,0.0
5292,2021-02-06,MOL,431,179,252,30,401,0,ITF,ITF2,14,Molise,Molise,305617,332332,108.74,0.14
5293,2021-07-27,MOL,1953,1077,876,1330,555,68,ITF,ITF2,14,Molise,Molise,305617,334285,109.38,0.64
5294,2021-07-10,MOL,3744,1789,1955,326,3404,14,ITF,ITF2,14,Molise,Molise,305617,338029,110.61,1.23
5295,2021-04-04,MOL,258,142,116,231,15,12,ITF,ITF2,14,Molise,Molise,305617,338287,110.69,0.08
5296,2021-03-18,MOL,1220,495,725,637,465,118,ITF,ITF2,14,Molise,Molise,305617,339507,111.09,0.4
5297,2021-06-26,MOL,3141,1545,1596,530,2596,15,ITF,ITF2,14,Molise,Molise,305617,342648,112.12,1.03
5298,2021-02-10,MOL,152,80,72,132,20,0,ITF,ITF2,14,Molise,Molise,305617,342800,112.17,0.05
5299,2021-03-01,MOL,666,275,391,431,215,20,ITF,ITF2,14,Molise,Molise,305617,343466,112.38,0.22
5300,2021-04-03,MOL,1801,866,935,1726,36,39,ITF,ITF2,14,Molise,Molise,305617,345267,112.97,0.59
5301,2021-07-12,MOL,2694,1331,1363,361,2312,21,ITF,ITF2,14,Molise,Molise,305617,347961,113.86,0.88
5302,2021-06-04,MOL,3108,1527,1581,2608,459,41,ITF,ITF2,14,Molise,Molise,305617,351069,114.87,1.02
5303,2021-04-08,MOL,1804,926,878,1553,203,48,ITF,ITF2,14,Molise,Molise,305617,352873,115.46,0.59
5304,2021-07-17,MOL,2878,1533,1345,303,2552,23,ITF,ITF2,14,Molise,Molise,305617,355751,116.4,0.94
5305,2021-04-22,MOL,1861,871,990,1062,781,18,ITF,ITF2,14,Molise,Molise,305617,357612,117.01,0.61
5306,2021-05-21,MOL,2290,1155,1135,1809,330,151,ITF,ITF2,14,Molise,Molise,305617,359902,117.76,0.75
5307,2021-01-27,MOL,675,251,424,8,667,0,ITF,ITF2,14,Molise,Molise,305617,360577,117.98,0.22
5308,2021-08-14,MOL,1622,875,747,705,896,21,ITF,ITF2,14,Molise,Molise,305617,362199,118.51,0.53
5309,2021-01-08,MOL,432,142,290,432,0,0,ITF,ITF2,14,Molise,Molise,305617,362631,118.66,0.14
5310,2021-03-25,MOL,1835,740,1095,1289,498,48,ITF,ITF2,14,Molise,Molise,305617,364466,119.26,0.6
5311,2021-03-08,MOL,1397,528,869,1212,140,45,ITF,ITF2,14,Molise,Molise,305617,365863,119.71,0.46
5312,2021-06-16,MOL,2128,1052,1076,1167,943,18,ITF,ITF2,14,Molise,Molise,305617,367991,120.41,0.7
5313,2021-04-13,MOL,1643,722,921,1040,589,14,ITF,ITF2,14,Molise,Molise,305617,369634,120.95,0.54
5314,2021-03-27,MOL,2765,1284,1481,1302,1434,29,ITF,ITF2,14,Molise,Molise,305617,372399,121.85,0.9
5315,2021-07-05,MOL,2745,1286,1459,40,2703,2,ITF,ITF2,14,Molise,Molise,305617,375144,122.75,0.9
5316,2021-06-18,MOL,2790,1264,1526,1300,1462,28,ITF,ITF2,14,Molise,Molise,305617,377934,123.66,0.91
5317,2021-07-31,MOL,2010,1120,890,762,1202,46,ITF,ITF2,14,Molise,Molise,305617,379944,124.32,0.66
5318,2021-02-17,MOL,72,32,40,50,15,7,ITF,ITF2,14,Molise,Molise,305617,380016,124.34,0.02
5319,2021-07-24,MOL,3156,1698,1458,737,2389,30,ITF,ITF2,14,Molise,Molise,305617,383172,125.38,1.03
5320,2021-05-28,MOL,2678,1377,1301,2056,549,73,ITF,ITF2,14,Molise,Molise,305617,385850,126.25,0.88
5321,2021-06-11,MOL,3488,1678,1810,1995,1440,53,ITF,ITF2,14,Molise,Molise,305617,389338,127.39,1.14
5322,2021-04-15,MOL,1953,805,1148,1093,851,9,ITF,ITF2,14,Molise,Molise,305617,391291,128.03,0.64
5323,2021-09-02,MOL,1526,790,736,305,1195,26,ITF,ITF2,14,Molise,Molise,305617,392817,128.53,0.5
5324,2021-04-01,MOL,1495,677,818,738,730,27,ITF,ITF2,14,Molise,Molise,305617,394312,129.02,0.49
5325,2021-05-30,MOL,1889,946,943,1567,287,35,ITF,ITF2,14,Molise,Molise,305617,396201,129.64,0.62
5326,2021-09-07,MOL,921,498,423,346,563,12,ITF,ITF2,14,Molise,Molise,305617,397122,129.94,0.3
5327,2021-02-09,MOL,361,171,190,198,163,0,ITF,ITF2,14,Molise,Molise,305617,397483,130.06,0.12
5328,2021-08-01,MOL,965,529,436,758,175,32,ITF,ITF2,14,Molise,Molise,305617,398448,130.37,0.32
5329,2021-08-03,MOL,2216,1153,1063,1225,955,36,ITF,ITF2,14,Molise,Molise,305617,400664,131.1,0.73
5330,2021-03-11,MOL,1475,641,834,1452,6,17,ITF,ITF2,14,Molise,Molise,305617,402139,131.58,0.48
5331,2021-01-06,MOL,691,260,431,691,0,0,ITF,ITF2,14,Molise,Molise,305617,402830,131.81,0.23
5332,2021-04-16,MOL,2461,1048,1413,1185,1237,39,ITF,ITF2,14,Molise,Molise,305617,405291,132.61,0.81
5333,2021-06-21,MOL,2937,1365,1572,1650,1239,48,ITF,ITF2,14,Molise,Molise,305617,408228,133.58,0.96
5334,2021-04-25,MOL,800,401,399,559,233,8,ITF,ITF2,14,Molise,Molise,305617,409028,133.84,0.26
5335,2021-01-13,MOL,480,163,317,480,0,0,ITF,ITF2,14,Molise,Molise,305617,409508,133.99,0.16
5336,2021-06-19,MOL,2374,1178,1196,1302,1026,46,ITF,ITF2,14,Molise,Molise,305617,411882,134.77,0.78
5337,2021-04-23,MOL,2084,903,1181,1382,671,31,ITF,ITF2,14,Molise,Molise,305617,413966,135.45,0.68
5338,2021-08-26,MOL,1725,935,790,307,1411,7,ITF,ITF2,14,Molise,Molise,305617,415691,136.02,0.56
5339,2021-06-30,MOL,2985,1418,1567,878,2023,84,ITF,ITF2,14,Molise,Molise,305617,418676,136.99,0.98
5340,2021-03-13,MOL,1193,598,595,184,990,19,ITF,ITF2,14,Molise,Molise,305617,419869,137.38,0.39
5341,2021-01-15,MOL,542,243,299,542,0,0,ITF,ITF2,14,Molise,Molise,305617,420411,137.56,0.18
5342,2021-06-23,MOL,2815,1297,1518,223,2582,10,ITF,ITF2,14,Molise,Molise,305617,423226,138.48,0.92
5343,2021-03-20,MOL,2348,983,1365,1007,1323,18,ITF,ITF2,14,Molise,Molise,305617,425574,139.25,0.77
5344,2021-06-28,MOL,2933,1367,1566,1013,1896,24,ITF,ITF2,14,Molise,Molise,305617,428507,140.21,0.96
