,data,area,Vaccinazioni giornaliere,sesso_maschile,sesso_femminile,prima_dose,seconda_dose,pregressa_infezione,codice_NUTS1,codice_NUTS2,codice_regione_ISTAT,nome_area,Regione,popolazione,Totale vaccinazioni,Totale vaccinazioni ogni cento ab,Vaccinazioni giornaliere ogni cento ab
0,2021-01-26,MAR,2021,747,1274,74,1938,9,ITI,ITI3,11,Marche,Marche,1525271,2021,0.13,0.13
1,2021-07-11,MAR,10399,5220,5179,1606,8657,136,ITI,ITI3,11,Marche,Marche,1525271,12420,0.81,0.68
2,2021-04-19,MAR,9605,4500,5105,7902,1583,120,ITI,ITI3,11,Marche,Marche,1525271,22025,1.44,0.63
3,2021-07-28,MAR,14197,7370,6827,3249,10716,232,ITI,ITI3,11,Marche,Marche,1525271,36222,2.37,0.93
4,2021-05-27,MAR,13733,6818,6915,9180,4301,252,ITI,ITI3,11,Marche,Marche,1525271,49955,3.28,0.9
5,2021-03-31,MAR,7375,3088,4287,4268,3023,84,ITI,ITI3,11,Marche,Marche,1525271,57330,3.76,0.48
6,2021-07-09,MAR,14902,7502,7400,2556,12132,214,ITI,ITI3,11,Marche,Marche,1525271,72232,4.74,0.98
7,2021-08-11,MAR,7571,4099,3472,3171,4164,236,ITI,ITI3,11,Marche,Marche,1525271,79803,5.23,0.5
8,2021-06-15,MAR,13192,6567,6625,9823,3052,317,ITI,ITI3,11,Marche,Marche,1525271,92995,6.1,0.86
9,2021-01-12,MAR,1234,418,816,1221,0,13,ITI,ITI3,11,Marche,Marche,1525271,94229,6.18,0.08
10,2021-06-22,MAR,13219,6482,6737,6475,6461,283,ITI,ITI3,11,Marche,Marche,1525271,107448,7.04,0.87
11,2021-04-26,MAR,9169,4061,5108,6020,3022,127,ITI,ITI3,11,Marche,Marche,1525271,116617,7.65,0.6
12,2021-08-18,MAR,6423,3422,3001,3214,2874,335,ITI,ITI3,11,Marche,Marche,1525271,123040,8.07,0.42
13,2021-08-06,MAR,11702,6353,5349,4144,7277,281,ITI,ITI3,11,Marche,Marche,1525271,134742,8.83,0.77
14,2021-05-15,MAR,14119,6441,7678,7831,6043,245,ITI,ITI3,11,Marche,Marche,1525271,148861,9.76,0.93
15,2021-02-19,MAR,2002,739,1263,1826,135,41,ITI,ITI3,11,Marche,Marche,1525271,150863,9.89,0.13
16,2021-04-05,MAR,5703,2367,3336,4356,1269,78,ITI,ITI3,11,Marche,Marche,1525271,156566,10.26,0.37
17,2021-06-27,MAR,9949,4819,5130,4487,5291,171,ITI,ITI3,11,Marche,Marche,1525271,166515,10.92,0.65
18,2021-03-19,MAR,3881,1621,2260,325,3544,12,ITI,ITI3,11,Marche,Marche,1525271,170396,11.17,0.25
19,2021-03-17,MAR,3476,1525,1951,105,3369,2,ITI,ITI3,11,Marche,Marche,1525271,173872,11.4,0.23
20,2021-03-24,MAR,7081,3009,4072,3295,3716,70,ITI,ITI3,11,Marche,Marche,1525271,180953,11.86,0.46
21,2021-06-01,MAR,12055,6157,5898,9680,2089,286,ITI,ITI3,11,Marche,Marche,1525271,193008,12.65,0.79
22,2021-03-10,MAR,5712,2442,3270,4480,1180,52,ITI,ITI3,11,Marche,Marche,1525271,198720,13.03,0.37
23,2021-02-21,MAR,376,141,235,363,1,12,ITI,ITI3,11,Marche,Marche,1525271,199096,13.05,0.02
24,2021-05-20,MAR,12684,5961,6723,7537,4896,251,ITI,ITI3,11,Marche,Marche,1525271,211780,13.88,0.83
25,2021-02-07,MAR,1872,735,1137,331,1529,12,ITI,ITI3,11,Marche,Marche,1525271,213652,14.01,0.12
26,2021-07-23,MAR,15540,8279,7261,2529,12787,224,ITI,ITI3,11,Marche,Marche,1525271,229192,15.03,1.02
27,2021-01-21,MAR,920,262,658,575,328,17,ITI,ITI3,11,Marche,Marche,1525271,230112,15.09,0.06
28,2021-05-01,MAR,9324,3925,5399,3499,5749,76,ITI,ITI3,11,Marche,Marche,1525271,239436,15.7,0.61
29,2021-03-05,MAR,6228,2876,3352,4694,1469,65,ITI,ITI3,11,Marche,Marche,1525271,245664,16.11,0.41
30,2021-02-14,MAR,739,301,438,727,0,12,ITI,ITI3,11,Marche,Marche,1525271,246403,16.15,0.05
31,2021-08-16,MAR,5165,2781,2384,2985,2021,159,ITI,ITI3,11,Marche,Marche,1525271,251568,16.49,0.34
32,2021-05-08,MAR,12291,5485,6806,4856,7263,172,ITI,ITI3,11,Marche,Marche,1525271,263859,17.3,0.81
33,2021-07-30,MAR,14712,7863,6849,4866,9558,288,ITI,ITI3,11,Marche,Marche,1525271,278571,18.26,0.96
34,2021-03-29,MAR,5894,2581,3313,3391,2455,48,ITI,ITI3,11,Marche,Marche,1525271,284465,18.65,0.39
35,2021-06-03,MAR,14638,7483,7155,12081,2252,305,ITI,ITI3,11,Marche,Marche,1525271,299103,19.61,0.96
36,2021-08-04,MAR,12001,6379,5622,4060,7699,242,ITI,ITI3,11,Marche,Marche,1525271,311104,20.4,0.79
37,2021-01-23,MAR,557,190,367,118,436,3,ITI,ITI3,11,Marche,Marche,1525271,311661,20.43,0.04
38,2021-06-29,MAR,13371,6599,6772,4929,8215,227,ITI,ITI3,11,Marche,Marche,1525271,325032,21.31,0.88
39,2021-05-03,MAR,10411,4690,5721,4860,5413,138,ITI,ITI3,11,Marche,Marche,1525271,335443,21.99,0.68
40,2021-02-28,MAR,2836,1251,1585,2822,6,8,ITI,ITI3,11,Marche,Marche,1525271,338279,22.18,0.19
41,2021-06-08,MAR,14097,7094,7003,11196,2609,292,ITI,ITI3,11,Marche,Marche,1525271,352376,23.1,0.92
42,2021-07-04,MAR,10896,5445,5451,3203,7531,162,ITI,ITI3,11,Marche,Marche,1525271,363272,23.82,0.71
43,2020-12-31,MAR,392,184,208,390,0,2,ITI,ITI3,11,Marche,Marche,1525271,363664,23.84,0.03
44,2021-02-04,MAR,2387,844,1543,107,2275,5,ITI,ITI3,11,Marche,Marche,1525271,366051,24.0,0.16
45,2021-01-19,MAR,233,87,146,140,90,3,ITI,ITI3,11,Marche,Marche,1525271,366284,24.01,0.02
46,2021-02-02,MAR,1193,398,795,70,1123,0,ITI,ITI3,11,Marche,Marche,1525271,367477,24.09,0.08
47,2021-05-13,MAR,12613,5698,6915,6828,5508,277,ITI,ITI3,11,Marche,Marche,1525271,380090,24.92,0.83
48,2021-04-12,MAR,8571,3774,4797,7935,482,154,ITI,ITI3,11,Marche,Marche,1525271,388661,25.48,0.56
49,2021-01-02,MAR,458,143,315,456,0,2,ITI,ITI3,11,Marche,Marche,1525271,389119,25.51,0.03
50,2021-01-07,MAR,1816,639,1177,1799,0,17,ITI,ITI3,11,Marche,Marche,1525271,390935,25.63,0.12
51,2021-03-12,MAR,4682,2000,2682,3347,1280,55,ITI,ITI3,11,Marche,Marche,1525271,395617,25.94,0.31
52,2021-01-14,MAR,2016,696,1320,1992,0,24,ITI,ITI3,11,Marche,Marche,1525271,397633,26.07,0.13
53,2021-06-20,MAR,11158,5546,5612,5990,4986,182,ITI,ITI3,11,Marche,Marche,1525271,408791,26.8,0.73
54,2021-07-18,MAR,12124,6310,5814,1333,10673,118,ITI,ITI3,11,Marche,Marche,1525271,420915,27.6,0.79
55,2021-01-31,MAR,1921,772,1149,93,1824,4,ITI,ITI3,11,Marche,Marche,1525271,422836,27.72,0.13
56,2021-04-07,MAR,8844,3921,4923,8344,368,132,ITI,ITI3,11,Marche,Marche,1525271,431680,28.3,0.58
57,2021-02-09,MAR,125,42,83,46,79,0,ITI,ITI3,11,Marche,Marche,1525271,431805,28.31,0.01
58,2021-07-16,MAR,15838,8239,7599,1844,13736,258,ITI,ITI3,11,Marche,Marche,1525271,447643,29.35,1.04
59,2021-06-12,MAR,13781,7315,6466,12105,1345,331,ITI,ITI3,11,Marche,Marche,1525271,461424,30.25,0.9
60,2021-04-16,MAR,10086,4705,5381,9360,525,201,ITI,ITI3,11,Marche,Marche,1525271,471510,30.91,0.66
61,2021-01-09,MAR,1717,606,1111,1697,0,20,ITI,ITI3,11,Marche,Marche,1525271,473227,31.03,0.11
62,2021-04-02,MAR,6894,2987,3907,6045,739,110,ITI,ITI3,11,Marche,Marche,1525271,480121,31.48,0.45
63,2021-03-16,MAR,3520,1522,1998,285,3229,6,ITI,ITI3,11,Marche,Marche,1525271,483641,31.71,0.23
64,2021-06-24,MAR,13833,6671,7162,6187,7375,271,ITI,ITI3,11,Marche,Marche,1525271,497474,32.62,0.91
65,2021-03-28,MAR,4126,1739,2387,2397,1691,38,ITI,ITI3,11,Marche,Marche,1525271,501600,32.89,0.27
66,2021-01-30,MAR,1905,668,1237,25,1880,0,ITI,ITI3,11,Marche,Marche,1525271,503505,33.01,0.12
67,2021-05-10,MAR,9454,4339,5115,4766,4555,133,ITI,ITI3,11,Marche,Marche,1525271,512959,33.63,0.62
68,2021-03-14,MAR,2499,1032,1467,1897,592,10,ITI,ITI3,11,Marche,Marche,1525271,515458,33.79,0.16
69,2021-01-18,MAR,696,237,459,536,149,11,ITI,ITI3,11,Marche,Marche,1525271,516154,33.84,0.05
70,2021-04-28,MAR,10932,4981,5951,6025,4736,171,ITI,ITI3,11,Marche,Marche,1525271,527086,34.56,0.72
71,2021-03-07,MAR,5180,2107,3073,4378,754,48,ITI,ITI3,11,Marche,Marche,1525271,532266,34.9,0.34
72,2021-08-08,MAR,5635,3019,2616,1679,3845,111,ITI,ITI3,11,Marche,Marche,1525271,537901,35.27,0.37
73,2021-07-06,MAR,13962,6920,7042,3142,10597,223,ITI,ITI3,11,Marche,Marche,1525271,551863,36.18,0.92
74,2021-07-20,MAR,14397,7436,6961,1770,12453,174,ITI,ITI3,11,Marche,Marche,1525271,566260,37.13,0.94
75,2021-01-16,MAR,2039,734,1305,1988,0,51,ITI,ITI3,11,Marche,Marche,1525271,568299,37.26,0.13
76,2021-06-19,MAR,14693,7403,7290,7748,6679,266,ITI,ITI3,11,Marche,Marche,1525271,582992,38.22,0.96
77,2021-05-31,MAR,11780,5943,5837,8599,2929,252,ITI,ITI3,11,Marche,Marche,1525271,594772,38.99,0.77
78,2021-05-17,MAR,12048,5650,6398,7472,4354,222,ITI,ITI3,11,Marche,Marche,1525271,606820,39.78,0.79
79,2021-04-30,MAR,14163,6204,7959,5402,8569,192,ITI,ITI3,11,Marche,Marche,1525271,620983,40.71,0.93
80,2021-02-18,MAR,2145,786,1359,1807,288,50,ITI,ITI3,11,Marche,Marche,1525271,623128,40.85,0.14
81,2021-05-29,MAR,12875,6239,6636,8117,4540,218,ITI,ITI3,11,Marche,Marche,1525271,636003,41.7,0.84
82,2021-02-16,MAR,1287,475,812,1225,30,32,ITI,ITI3,11,Marche,Marche,1525271,637290,41.78,0.08
83,2021-02-25,MAR,3560,1464,2096,3319,181,60,ITI,ITI3,11,Marche,Marche,1525271,640850,42.02,0.23
84,2021-08-01,MAR,7494,4048,3446,1833,5576,85,ITI,ITI3,11,Marche,Marche,1525271,648344,42.51,0.49
85,2021-06-05,MAR,13944,7011,6933,11519,2059,366,ITI,ITI3,11,Marche,Marche,1525271,662288,43.42,0.91
86,2021-04-23,MAR,11316,5221,6095,8099,3055,162,ITI,ITI3,11,Marche,Marche,1525271,673604,44.16,0.74
87,2021-04-24,MAR,12170,5365,6805,7559,4465,146,ITI,ITI3,11,Marche,Marche,1525271,685774,44.96,0.8
88,2021-02-26,MAR,3677,1523,2154,3097,476,104,ITI,ITI3,11,Marche,Marche,1525271,689451,45.2,0.24
89,2021-05-12,MAR,10430,4691,5739,4736,5503,191,ITI,ITI3,11,Marche,Marche,1525271,699881,45.89,0.68
90,2021-08-20,MAR,4964,2694,2270,2956,1687,321,ITI,ITI3,11,Marche,Marche,1525271,704845,46.21,0.33
91,2021-07-08,MAR,15040,7539,7501,2788,12027,225,ITI,ITI3,11,Marche,Marche,1525271,719885,47.2,0.99
92,2021-07-25,MAR,9349,4931,4418,1005,8247,97,ITI,ITI3,11,Marche,Marche,1525271,729234,47.81,0.61
93,2021-01-04,MAR,1527,574,953,1514,0,13,ITI,ITI3,11,Marche,Marche,1525271,730761,47.91,0.1
94,2021-04-14,MAR,10220,4566,5654,9661,370,189,ITI,ITI3,11,Marche,Marche,1525271,740981,48.58,0.67
95,2020-12-30,MAR,17,5,12,17,0,0,ITI,ITI3,11,Marche,Marche,1525271,740998,48.58,0.0
96,2021-04-09,MAR,9572,4192,5380,9157,200,215,ITI,ITI3,11,Marche,Marche,1525271,750570,49.21,0.63
97,2021-07-27,MAR,14361,7530,6831,3033,11102,226,ITI,ITI3,11,Marche,Marche,1525271,764931,50.15,0.94
98,2021-01-06,MAR,2212,804,1408,2193,0,19,ITI,ITI3,11,Marche,Marche,1525271,767143,50.3,0.15
99,2021-03-04,MAR,6539,2894,3645,5084,1395,60,ITI,ITI3,11,Marche,Marche,1525271,773682,50.72,0.43
100,2021-03-13,MAR,5807,2681,3126,1765,4002,40,ITI,ITI3,11,Marche,Marche,1525271,779489,51.1,0.38
101,2021-08-17,MAR,7596,4043,3553,3085,4287,224,ITI,ITI3,11,Marche,Marche,1525271,787085,51.6,0.5
102,2021-06-21,MAR,12605,6184,6421,5480,6879,246,ITI,ITI3,11,Marche,Marche,1525271,799690,52.43,0.83
103,2021-03-21,MAR,4505,1873,2632,1614,2876,15,ITI,ITI3,11,Marche,Marche,1525271,804195,52.72,0.3
104,2021-02-06,MAR,2463,902,1561,512,1942,9,ITI,ITI3,11,Marche,Marche,1525271,806658,52.89,0.16
105,2021-07-17,MAR,15137,7792,7345,1384,13542,211,ITI,ITI3,11,Marche,Marche,1525271,821795,53.88,0.99
106,2021-05-21,MAR,13908,6593,7315,7226,6471,211,ITI,ITI3,11,Marche,Marche,1525271,835703,54.79,0.91
107,2021-04-11,MAR,7120,3116,4004,6692,287,141,ITI,ITI3,11,Marche,Marche,1525271,842823,55.26,0.47
108,2021-03-11,MAR,6636,2824,3812,5146,1411,79,ITI,ITI3,11,Marche,Marche,1525271,849459,55.69,0.44
109,2021-03-25,MAR,6702,2794,3908,3190,3456,56,ITI,ITI3,11,Marche,Marche,1525271,856161,56.13,0.44
110,2021-07-03,MAR,13843,6991,6852,4136,9395,312,ITI,ITI3,11,Marche,Marche,1525271,870004,57.04,0.91
111,2021-02-23,MAR,3314,1432,1882,3243,56,15,ITI,ITI3,11,Marche,Marche,1525271,873318,57.26,0.22
112,2021-05-28,MAR,13964,6742,7222,8802,4864,298,ITI,ITI3,11,Marche,Marche,1525271,887282,58.17,0.92
113,2021-04-01,MAR,7581,3183,4398,4066,3417,98,ITI,ITI3,11,Marche,Marche,1525271,894863,58.67,0.5
114,2021-07-24,MAR,13273,7118,6155,2943,10073,257,ITI,ITI3,11,Marche,Marche,1525271,908136,59.54,0.87
115,2021-01-11,MAR,1181,413,768,1163,0,18,ITI,ITI3,11,Marche,Marche,1525271,909317,59.62,0.08
116,2021-04-21,MAR,10786,4970,5816,9432,1195,159,ITI,ITI3,11,Marche,Marche,1525271,920103,60.32,0.71
117,2021-01-28,MAR,2090,725,1365,162,1927,1,ITI,ITI3,11,Marche,Marche,1525271,922193,60.46,0.14
118,2021-04-04,MAR,3836,1798,2038,2615,1169,52,ITI,ITI3,11,Marche,Marche,1525271,926029,60.71,0.25
119,2021-07-13,MAR,14852,7278,7574,1457,13266,129,ITI,ITI3,11,Marche,Marche,1525271,940881,61.69,0.97
120,2021-06-09,MAR,14279,7417,6862,12108,1869,302,ITI,ITI3,11,Marche,Marche,1525271,955160,62.62,0.94
121,2021-07-01,MAR,14693,7366,7327,4659,9756,278,ITI,ITI3,11,Marche,Marche,1525271,969853,63.59,0.96
122,2021-02-15,MAR,967,412,555,939,13,15,ITI,ITI3,11,Marche,Marche,1525271,970820,63.65,0.06
123,2021-05-26,MAR,11889,5952,5937,8449,3226,214,ITI,ITI3,11,Marche,Marche,1525271,982709,64.43,0.78
124,2021-05-09,MAR,8866,4022,4844,3560,5229,77,ITI,ITI3,11,Marche,Marche,1525271,991575,65.01,0.58
125,2021-03-06,MAR,5738,2641,3097,4420,1268,50,ITI,ITI3,11,Marche,Marche,1525271,997313,65.39,0.38
126,2021-02-20,MAR,4163,1733,2430,4042,111,10,ITI,ITI3,11,Marche,Marche,1525271,1001476,65.66,0.27
127,2021-08-22,MAR,54,31,23,43,5,6,ITI,ITI3,11,Marche,Marche,1525271,1001530,65.66,0.0
128,2021-01-20,MAR,406,100,306,384,20,2,ITI,ITI3,11,Marche,Marche,1525271,1001936,65.69,0.03
129,2021-02-03,MAR,2129,743,1386,97,2011,21,ITI,ITI3,11,Marche,Marche,1525271,1004065,65.83,0.14
130,2021-05-14,MAR,13636,6293,7343,6508,6913,215,ITI,ITI3,11,Marche,Marche,1525271,1017701,66.72,0.89
131,2021-07-02,MAR,14552,7177,7375,4674,9647,231,ITI,ITI3,11,Marche,Marche,1525271,1032253,67.68,0.95
132,2021-06-18,MAR,15345,7647,7698,8294,6751,300,ITI,ITI3,11,Marche,Marche,1525271,1047598,68.68,1.01
133,2021-08-07,MAR,9452,5193,4259,3473,5742,237,ITI,ITI3,11,Marche,Marche,1525271,1057050,69.3,0.62
134,2021-07-21,MAR,14920,7617,7303,2064,12643,213,ITI,ITI3,11,Marche,Marche,1525271,1071970,70.28,0.98
135,2021-04-29,MAR,13448,6158,7290,7166,6103,179,ITI,ITI3,11,Marche,Marche,1525271,1085418,71.16,0.88
136,2021-06-14,MAR,12838,6486,6352,9258,3310,270,ITI,ITI3,11,Marche,Marche,1525271,1098256,72.0,0.84
137,2021-01-29,MAR,1994,731,1263,157,1832,5,ITI,ITI3,11,Marche,Marche,1525271,1100250,72.13,0.13
138,2021-06-07,MAR,13322,6589,6733,10569,2450,303,ITI,ITI3,11,Marche,Marche,1525271,1113572,73.01,0.87
139,2021-02-27,MAR,3401,1457,1944,3158,209,34,ITI,ITI3,11,Marche,Marche,1525271,1116973,73.23,0.22
140,2021-03-18,MAR,3438,1505,1933,150,3276,12,ITI,ITI3,11,Marche,Marche,1525271,1120411,73.46,0.23
141,2021-06-26,MAR,13576,6905,6671,5688,7671,217,ITI,ITI3,11,Marche,Marche,1525271,1133987,74.35,0.89
142,2021-05-23,MAR,9210,4284,4926,7414,1672,124,ITI,ITI3,11,Marche,Marche,1525271,1143197,74.95,0.6
143,2021-05-06,MAR,12657,5824,6833,5363,7072,222,ITI,ITI3,11,Marche,Marche,1525271,1155854,75.78,0.83
144,2021-02-12,MAR,1581,618,963,1404,151,26,ITI,ITI3,11,Marche,Marche,1525271,1157435,75.88,0.1
145,2021-08-14,MAR,2400,1378,1022,1033,1318,49,ITI,ITI3,11,Marche,Marche,1525271,1159835,76.04,0.16
146,2021-02-10,MAR,1440,452,988,1039,359,42,ITI,ITI3,11,Marche,Marche,1525271,1161275,76.14,0.09
147,2021-07-10,MAR,14159,7232,6927,1656,12300,203,ITI,ITI3,11,Marche,Marche,1525271,1175434,77.06,0.93
148,2021-04-22,MAR,10799,4932,5867,9080,1579,140,ITI,ITI3,11,Marche,Marche,1525271,1186233,77.77,0.71
149,2021-02-24,MAR,3534,1547,1987,3424,78,32,ITI,ITI3,11,Marche,Marche,1525271,1189767,78.0,0.23
150,2021-06-04,MAR,14339,7290,7049,11589,2440,310,ITI,ITI3,11,Marche,Marche,1525271,1204106,78.94,0.94
151,2021-04-08,MAR,9203,4032,5171,8681,368,154,ITI,ITI3,11,Marche,Marche,1525271,1213309,79.55,0.6
152,2021-03-03,MAR,6701,3076,3625,5718,885,98,ITI,ITI3,11,Marche,Marche,1525271,1220010,79.99,0.44
153,2021-01-05,MAR,1586,593,993,1567,0,19,ITI,ITI3,11,Marche,Marche,1525271,1221596,80.09,0.1
154,2021-03-26,MAR,6391,2626,3765,3475,2858,58,ITI,ITI3,11,Marche,Marche,1525271,1227987,80.51,0.42
155,2021-06-17,MAR,15205,7565,7640,8798,6111,296,ITI,ITI3,11,Marche,Marche,1525271,1243192,81.51,1.0
156,2021-03-09,MAR,5431,2294,3137,4462,881,88,ITI,ITI3,11,Marche,Marche,1525271,1248623,81.86,0.36
157,2021-07-22,MAR,15746,8047,7699,2019,13486,241,ITI,ITI3,11,Marche,Marche,1525271,1264369,82.89,1.03
158,2021-04-13,MAR,9840,4261,5579,9406,234,200,ITI,ITI3,11,Marche,Marche,1525271,1274209,83.54,0.65
159,2021-07-05,MAR,13167,6509,6658,2919,10076,172,ITI,ITI3,11,Marche,Marche,1525271,1287376,84.4,0.86
160,2021-06-16,MAR,13755,6912,6843,9127,4365,263,ITI,ITI3,11,Marche,Marche,1525271,1301131,85.3,0.9
161,2021-06-02,MAR,11901,5938,5963,11029,676,196,ITI,ITI3,11,Marche,Marche,1525271,1313032,86.09,0.78
162,2021-02-22,MAR,3461,1532,1929,3351,75,35,ITI,ITI3,11,Marche,Marche,1525271,1316493,86.31,0.23
163,2021-05-18,MAR,11271,5347,5924,7490,3602,179,ITI,ITI3,11,Marche,Marche,1525271,1327764,87.05,0.74
164,2021-08-21,MAR,2977,1665,1312,1493,1310,174,ITI,ITI3,11,Marche,Marche,1525271,1330741,87.25,0.2
165,2021-05-11,MAR,10624,4831,5793,5490,4943,191,ITI,ITI3,11,Marche,Marche,1525271,1341365,87.94,0.7
166,2021-03-30,MAR,7483,3078,4405,4578,2832,73,ITI,ITI3,11,Marche,Marche,1525271,1348848,88.43,0.49
167,2021-02-01,MAR,1362,479,883,93,1266,3,ITI,ITI3,11,Marche,Marche,1525271,1350210,88.52,0.09
168,2021-04-06,MAR,8876,3693,5183,7930,810,136,ITI,ITI3,11,Marche,Marche,1525271,1359086,89.1,0.58
169,2021-03-15,MAR,4451,2060,2391,1291,3139,21,ITI,ITI3,11,Marche,Marche,1525271,1363537,89.4,0.29
170,2021-08-19,MAR,6273,3347,2926,3494,2451,328,ITI,ITI3,11,Marche,Marche,1525271,1369810,89.81,0.41
171,2021-06-23,MAR,13891,6817,7074,6625,7010,256,ITI,ITI3,11,Marche,Marche,1525271,1383701,90.72,0.91
172,2021-01-15,MAR,1772,500,1272,1755,0,17,ITI,ITI3,11,Marche,Marche,1525271,1385473,90.83,0.12
173,2021-04-25,MAR,8599,3993,4606,6893,1575,131,ITI,ITI3,11,Marche,Marche,1525271,1394072,91.4,0.56
174,2021-08-03,MAR,10877,5737,5140,4029,6582,266,ITI,ITI3,11,Marche,Marche,1525271,1404949,92.11,0.71
175,2021-08-12,MAR,8017,4329,3688,3888,3768,361,ITI,ITI3,11,Marche,Marche,1525271,1412966,92.64,0.53
176,2021-01-13,MAR,2114,747,1367,2073,0,41,ITI,ITI3,11,Marche,Marche,1525271,1415080,92.78,0.14
177,2021-04-15,MAR,10378,4676,5702,9575,564,239,ITI,ITI3,11,Marche,Marche,1525271,1425458,93.46,0.68
178,2021-02-17,MAR,1828,701,1127,1642,118,68,ITI,ITI3,11,Marche,Marche,1525271,1427286,93.58,0.12
179,2021-05-02,MAR,8905,3939,4966,3083,5740,82,ITI,ITI3,11,Marche,Marche,1525271,1436191,94.16,0.58
180,2021-08-10,MAR,9201,4814,4387,3335,5590,276,ITI,ITI3,11,Marche,Marche,1525271,1445392,94.76,0.6
181,2021-06-28,MAR,12359,6025,6334,4613,7509,237,ITI,ITI3,11,Marche,Marche,1525271,1457751,95.57,0.81
182,2021-03-22,MAR,5701,2410,3291,2479,3176,46,ITI,ITI3,11,Marche,Marche,1525271,1463452,95.95,0.37
183,2021-01-24,MAR,881,339,542,4,877,0,ITI,ITI3,11,Marche,Marche,1525271,1464333,96.0,0.06
184,2021-06-30,MAR,13650,6665,6985,4452,8987,211,ITI,ITI3,11,Marche,Marche,1525271,1477983,96.9,0.89
185,2021-05-04,MAR,10974,4840,6134,4927,5904,143,ITI,ITI3,11,Marche,Marche,1525271,1488957,97.62,0.72
186,2021-03-20,MAR,4178,1759,2419,1035,3129,14,ITI,ITI3,11,Marche,Marche,1525271,1493135,97.89,0.27
187,2021-01-22,MAR,489,168,321,193,294,2,ITI,ITI3,11,Marche,Marche,1525271,1493624,97.93,0.03
188,2021-07-07,MAR,14257,7068,7189,2935,11080,242,ITI,ITI3,11,Marche,Marche,1525271,1507881,98.86,0.93
189,2021-06-11,MAR,14001,7156,6845,11374,2322,305,ITI,ITI3,11,Marche,Marche,1525271,1521882,99.78,0.92
190,2021-05-25,MAR,11768,5798,5970,8497,3051,220,ITI,ITI3,11,Marche,Marche,1525271,1533650,100.55,0.77
191,2021-03-01,MAR,3772,1520,2252,3503,248,21,ITI,ITI3,11,Marche,Marche,1525271,1537422,100.8,0.25
192,2021-08-05,MAR,11903,6391,5512,4080,7557,266,ITI,ITI3,11,Marche,Marche,1525271,1549325,101.58,0.78
193,2021-03-27,MAR,7428,3099,4329,4960,2395,73,ITI,ITI3,11,Marche,Marche,1525271,1556753,102.06,0.49
194,2021-04-10,MAR,10934,4628,6306,10377,314,243,ITI,ITI3,11,Marche,Marche,1525271,1567687,102.78,0.72
195,2021-01-03,MAR,912,358,554,902,0,10,ITI,ITI3,11,Marche,Marche,1525271,1568599,102.84,0.06
196,2021-07-19,MAR,14677,7531,7146,1927,12536,214,ITI,ITI3,11,Marche,Marche,1525271,1583276,103.8,0.96
197,2021-03-23,MAR,5838,2556,3282,2226,3576,36,ITI,ITI3,11,Marche,Marche,1525271,1589114,104.19,0.38
198,2021-02-08,MAR,834,259,575,366,463,5,ITI,ITI3,11,Marche,Marche,1525271,1589948,104.24,0.05
199,2021-07-15,MAR,16008,8286,7722,1750,14030,228,ITI,ITI3,11,Marche,Marche,1525271,1605956,105.29,1.05
200,2021-05-19,MAR,11662,5364,6298,8368,3098,196,ITI,ITI3,11,Marche,Marche,1525271,1617618,106.05,0.76
201,2021-03-08,MAR,6297,2759,3538,5186,1002,109,ITI,ITI3,11,Marche,Marche,1525271,1623915,106.47,0.41
202,2021-02-05,MAR,2157,655,1502,437,1719,1,ITI,ITI3,11,Marche,Marche,1525271,1626072,106.61,0.14
203,2021-05-16,MAR,10899,4958,5941,6548,4230,121,ITI,ITI3,11,Marche,Marche,1525271,1636971,107.32,0.71
204,2021-05-30,MAR,9733,4690,5043,6546,2990,197,ITI,ITI3,11,Marche,Marche,1525271,1646704,107.96,0.64
205,2021-04-17,MAR,11706,5318,6388,10400,1073,233,ITI,ITI3,11,Marche,Marche,1525271,1658410,108.73,0.77
206,2021-07-26,MAR,11032,5738,5294,2110,8717,205,ITI,ITI3,11,Marche,Marche,1525271,1669442,109.45,0.72
207,2021-08-09,MAR,9094,4828,4266,4051,4770,273,ITI,ITI3,11,Marche,Marche,1525271,1678536,110.05,0.6
208,2021-06-13,MAR,10752,5566,5186,9204,1299,249,ITI,ITI3,11,Marche,Marche,1525271,1689288,110.75,0.7
209,2020-12-27,MAR,209,100,109,207,0,2,ITI,ITI3,11,Marche,Marche,1525271,1689497,110.77,0.01
210,2021-08-02,MAR,11723,6207,5516,4599,6866,258,ITI,ITI3,11,Marche,Marche,1525271,1701220,111.54,0.77
211,2021-06-06,MAR,12452,6137,6315,10638,1578,236,ITI,ITI3,11,Marche,Marche,1525271,1713672,112.35,0.82
212,2021-04-27,MAR,9594,4390,5204,5508,3989,97,ITI,ITI3,11,Marche,Marche,1525271,1723266,112.98,0.63
213,2021-01-17,MAR,1624,695,929,1554,64,6,ITI,ITI3,11,Marche,Marche,1525271,1724890,113.09,0.11
214,2021-03-02,MAR,5002,1967,3035,4371,566,65,ITI,ITI3,11,Marche,Marche,1525271,1729892,113.42,0.33
215,2021-06-10,MAR,14930,7695,7235,12575,2013,342,ITI,ITI3,11,Marche,Marche,1525271,1744822,114.39,0.98
216,2021-08-15,MAR,225,112,113,205,13,7,ITI,ITI3,11,Marche,Marche,1525271,1745047,114.41,0.01
217,2021-05-24,MAR,10997,5192,5805,7956,2864,177,ITI,ITI3,11,Marche,Marche,1525271,1756044,115.13,0.72
218,2021-05-22,MAR,11940,5720,6220,7320,4449,171,ITI,ITI3,11,Marche,Marche,1525271,1767984,115.91,0.78
219,2021-02-11,MAR,1987,657,1330,1557,389,41,ITI,ITI3,11,Marche,Marche,1525271,1769971,116.04,0.13
220,2021-05-05,MAR,11694,5321,6373,5105,6430,159,ITI,ITI3,11,Marche,Marche,1525271,1781665,116.81,0.77
221,2021-08-13,MAR,6750,3758,2992,3387,3151,212,ITI,ITI3,11,Marche,Marche,1525271,1788415,117.25,0.44
222,2021-05-07,MAR,12836,5801,7035,3565,9184,87,ITI,ITI3,11,Marche,Marche,1525271,1801251,118.09,0.84
223,2021-02-13,MAR,1093,462,631,988,82,23,ITI,ITI3,11,Marche,Marche,1525271,1802344,118.17,0.07
224,2021-01-27,MAR,2119,778,1341,113,2004,2,ITI,ITI3,11,Marche,Marche,1525271,1804463,118.3,0.14
225,2021-04-20,MAR,10754,5028,5726,9152,1470,132,ITI,ITI3,11,Marche,Marche,1525271,1815217,119.01,0.71
226,2021-07-29,MAR,14842,7879,6963,4579,9952,311,ITI,ITI3,11,Marche,Marche,1525271,1830059,119.98,0.97
227,2021-01-25,MAR,1596,558,1038,89,1507,0,ITI,ITI3,11,Marche,Marche,1525271,1831655,120.09,0.1
228,2021-01-08,MAR,1582,592,990,1567,0,15,ITI,ITI3,11,Marche,Marche,1525271,1833237,120.19,0.1
229,2021-04-18,MAR,8824,4131,4693,7731,922,171,ITI,ITI3,11,Marche,Marche,1525271,1842061,120.77,0.58
230,2021-07-31,MAR,13201,7250,5951,5142,7729,330,ITI,ITI3,11,Marche,Marche,1525271,1855262,121.63,0.87
231,2021-07-14,MAR,13850,6819,7031,1784,11875,191,ITI,ITI3,11,Marche,Marche,1525271,1869112,122.54,0.91
232,2021-01-10,MAR,1746,702,1044,1732,0,14,ITI,ITI3,11,Marche,Marche,1525271,1870858,122.66,0.11
233,2021-07-12,MAR,13722,6804,6918,1228,12376,118,ITI,ITI3,11,Marche,Marche,1525271,1884580,123.56,0.9
234,2021-04-03,MAR,7575,3204,4371,6736,667,172,ITI,ITI3,11,Marche,Marche,1525271,1892155,124.05,0.5
235,2021-06-25,MAR,14344,7171,7173,6420,7636,288,ITI,ITI3,11,Marche,Marche,1525271,1906499,124.99,0.94
236,2021-03-09,CAL,6561,3429,3132,5503,991,67,ITF,ITF6,18,Calabria,Calabria,1947131,6561,0.34,0.34
237,2021-02-20,CAL,1494,783,711,1153,327,14,ITF,ITF6,18,Calabria,Calabria,1947131,8055,0.41,0.08
238,2021-08-22,CAL,671,354,317,193,474,4,ITF,ITF6,18,Calabria,Calabria,1947131,8726,0.45,0.03
239,2021-05-31,CAL,15298,7346,7952,7309,7908,81,ITF,ITF6,18,Calabria,Calabria,1947131,24024,1.23,0.79
240,2021-07-27,CAL,17577,8987,8590,5021,12474,82,ITF,ITF6,18,Calabria,Calabria,1947131,41601,2.14,0.9
241,2021-01-06,CAL,954,518,436,954,0,0,ITF,ITF6,18,Calabria,Calabria,1947131,42555,2.19,0.05
242,2021-04-16,CAL,10312,5037,5275,8635,1624,53,ITF,ITF6,18,Calabria,Calabria,1947131,52867,2.72,0.53
243,2021-02-18,CAL,1881,870,1011,1630,232,19,ITF,ITF6,18,Calabria,Calabria,1947131,54748,2.81,0.1
244,2021-08-03,CAL,14094,7125,6969,3909,10113,72,ITF,ITF6,18,Calabria,Calabria,1947131,68842,3.54,0.72
245,2021-06-21,CAL,15406,7096,8310,7994,7373,39,ITF,ITF6,18,Calabria,Calabria,1947131,84248,4.33,0.79
246,2021-02-06,CAL,2926,1346,1580,439,2486,1,ITF,ITF6,18,Calabria,Calabria,1947131,87174,4.48,0.15
247,2021-07-10,CAL,15940,7535,8405,3247,12650,43,ITF,ITF6,18,Calabria,Calabria,1947131,103114,5.3,0.82
248,2021-01-23,CAL,403,188,215,360,43,0,ITF,ITF6,18,Calabria,Calabria,1947131,103517,5.32,0.02
249,2021-01-11,CAL,2187,1060,1127,2185,0,2,ITF,ITF6,18,Calabria,Calabria,1947131,105704,5.43,0.11
250,2021-01-25,CAL,1088,521,567,150,938,0,ITF,ITF6,18,Calabria,Calabria,1947131,106792,5.48,0.06
251,2021-05-05,CAL,13588,6498,7090,8410,5104,74,ITF,ITF6,18,Calabria,Calabria,1947131,120380,6.18,0.7
252,2021-08-17,CAL,7656,3900,3756,2743,4820,93,ITF,ITF6,18,Calabria,Calabria,1947131,128036,6.58,0.39
253,2021-03-02,CAL,4420,2499,1921,3616,795,9,ITF,ITF6,18,Calabria,Calabria,1947131,132456,6.8,0.23
254,2021-08-08,CAL,4216,2145,2071,1491,2697,28,ITF,ITF6,18,Calabria,Calabria,1947131,136672,7.02,0.22
255,2021-07-22,CAL,18307,9019,9288,3477,14741,89,ITF,ITF6,18,Calabria,Calabria,1947131,154979,7.96,0.94
256,2021-04-30,CAL,15095,7403,7692,10535,4483,77,ITF,ITF6,18,Calabria,Calabria,1947131,170074,8.73,0.78
257,2021-04-18,CAL,5873,2806,3067,4933,916,24,ITF,ITF6,18,Calabria,Calabria,1947131,175947,9.04,0.3
258,2021-04-04,CAL,1573,789,784,1140,422,11,ITF,ITF6,18,Calabria,Calabria,1947131,177520,9.12,0.08
259,2021-06-26,CAL,15576,7198,8378,7573,7932,71,ITF,ITF6,18,Calabria,Calabria,1947131,193096,9.92,0.8
260,2021-08-10,CAL,9774,4912,4862,3595,6080,99,ITF,ITF6,18,Calabria,Calabria,1947131,202870,10.42,0.5
261,2021-06-14,CAL,14357,6511,7846,9628,4652,77,ITF,ITF6,18,Calabria,Calabria,1947131,217227,11.16,0.74
262,2021-03-04,CAL,5489,3194,2295,4670,799,20,ITF,ITF6,18,Calabria,Calabria,1947131,222716,11.44,0.28
263,2021-06-12,CAL,13247,6298,6949,10781,2399,67,ITF,ITF6,18,Calabria,Calabria,1947131,235963,12.12,0.68
264,2021-07-01,CAL,12388,5836,6552,5473,6831,84,ITF,ITF6,18,Calabria,Calabria,1947131,248351,12.75,0.64
265,2021-02-01,CAL,2553,1211,1342,238,2312,3,ITF,ITF6,18,Calabria,Calabria,1947131,250904,12.89,0.13
266,2021-07-08,CAL,12047,5616,6431,2693,9309,45,ITF,ITF6,18,Calabria,Calabria,1947131,262951,13.5,0.62
267,2021-05-12,CAL,16482,8042,8440,10832,5555,95,ITF,ITF6,18,Calabria,Calabria,1947131,279433,14.35,0.85
268,2021-03-11,CAL,7303,3475,3828,5953,1301,49,ITF,ITF6,18,Calabria,Calabria,1947131,286736,14.73,0.38
269,2021-06-19,CAL,15852,7418,8434,8499,7285,68,ITF,ITF6,18,Calabria,Calabria,1947131,302588,15.54,0.81
270,2021-01-04,CAL,1074,532,542,1071,0,3,ITF,ITF6,18,Calabria,Calabria,1947131,303662,15.6,0.06
271,2021-04-23,CAL,13144,6456,6688,9439,3608,97,ITF,ITF6,18,Calabria,Calabria,1947131,316806,16.27,0.68
272,2021-01-13,CAL,2097,1059,1038,2085,0,12,ITF,ITF6,18,Calabria,Calabria,1947131,318903,16.38,0.11
273,2021-06-23,CAL,17231,7870,9361,8148,9001,82,ITF,ITF6,18,Calabria,Calabria,1947131,336134,17.26,0.88
274,2021-03-28,CAL,2697,1236,1461,1565,1127,5,ITF,ITF6,18,Calabria,Calabria,1947131,338831,17.4,0.14
275,2021-01-30,CAL,2207,1167,1040,300,1904,3,ITF,ITF6,18,Calabria,Calabria,1947131,341038,17.51,0.11
276,2021-02-17,CAL,1876,832,1044,1646,213,17,ITF,ITF6,18,Calabria,Calabria,1947131,342914,17.61,0.1
277,2021-07-24,CAL,18017,9268,8749,4575,13346,96,ITF,ITF6,18,Calabria,Calabria,1947131,360931,18.54,0.93
278,2021-05-28,CAL,20996,10205,10791,11423,9460,113,ITF,ITF6,18,Calabria,Calabria,1947131,381927,19.61,1.08
279,2021-04-15,CAL,7777,3813,3964,5983,1748,46,ITF,ITF6,18,Calabria,Calabria,1947131,389704,20.01,0.4
280,2021-01-18,CAL,1307,593,714,1054,249,4,ITF,ITF6,18,Calabria,Calabria,1947131,391011,20.08,0.07
281,2021-07-03,CAL,15177,7146,8031,5284,9816,77,ITF,ITF6,18,Calabria,Calabria,1947131,406188,20.86,0.78
282,2021-04-11,CAL,4208,1911,2297,2242,1949,17,ITF,ITF6,18,Calabria,Calabria,1947131,410396,21.08,0.22
283,2021-07-20,CAL,17491,8480,9011,3202,14219,70,ITF,ITF6,18,Calabria,Calabria,1947131,427887,21.98,0.9
284,2021-03-16,CAL,3866,1896,1970,2183,1670,13,ITF,ITF6,18,Calabria,Calabria,1947131,431753,22.17,0.2
285,2021-07-29,CAL,17584,8764,8820,4713,12770,101,ITF,ITF6,18,Calabria,Calabria,1947131,449337,23.08,0.9
286,2021-02-11,CAL,2351,1051,1300,1063,1266,22,ITF,ITF6,18,Calabria,Calabria,1947131,451688,23.2,0.12
287,2021-06-07,CAL,18006,8423,9583,14711,3214,81,ITF,ITF6,18,Calabria,Calabria,1947131,469694,24.12,0.92
288,2021-05-24,CAL,17781,8910,8871,9937,7762,82,ITF,ITF6,18,Calabria,Calabria,1947131,487475,25.04,0.91
289,2021-05-07,CAL,16242,7651,8591,9658,6503,81,ITF,ITF6,18,Calabria,Calabria,1947131,503717,25.87,0.83
290,2021-02-13,CAL,1415,611,804,1042,370,3,ITF,ITF6,18,Calabria,Calabria,1947131,505132,25.94,0.07
291,2021-08-15,CAL,51,24,27,17,33,1,ITF,ITF6,18,Calabria,Calabria,1947131,505183,25.94,0.0
292,2021-05-26,CAL,18732,9329,9403,10323,8316,93,ITF,ITF6,18,Calabria,Calabria,1947131,523915,26.91,0.96
293,2021-03-30,CAL,6495,2836,3659,3652,2822,21,ITF,ITF6,18,Calabria,Calabria,1947131,530410,27.24,0.33
294,2021-05-19,CAL,18324,9082,9242,11263,6988,73,ITF,ITF6,18,Calabria,Calabria,1947131,548734,28.18,0.94
295,2021-03-23,CAL,5267,2470,2797,3423,1822,22,ITF,ITF6,18,Calabria,Calabria,1947131,554001,28.45,0.27
296,2021-02-25,CAL,2916,1571,1345,2277,599,40,ITF,ITF6,18,Calabria,Calabria,1947131,556917,28.6,0.15
297,2021-05-14,CAL,19936,9577,10359,12943,6882,111,ITF,ITF6,18,Calabria,Calabria,1947131,576853,29.63,1.02
298,2021-04-27,CAL,9977,4907,5070,7964,1965,48,ITF,ITF6,18,Calabria,Calabria,1947131,586830,30.14,0.51
299,2021-02-03,CAL,2867,1476,1391,523,2339,5,ITF,ITF6,18,Calabria,Calabria,1947131,589697,30.29,0.15
300,2021-07-19,CAL,19001,9102,9899,3025,15928,48,ITF,ITF6,18,Calabria,Calabria,1947131,608698,31.26,0.98
301,2021-08-05,CAL,12461,6283,6178,3877,8490,94,ITF,ITF6,18,Calabria,Calabria,1947131,621159,31.9,0.64
302,2021-04-01,CAL,8688,3954,4734,4152,4499,37,ITF,ITF6,18,Calabria,Calabria,1947131,629847,32.35,0.45
303,2021-04-08,CAL,9347,4427,4920,5823,3476,48,ITF,ITF6,18,Calabria,Calabria,1947131,639194,32.83,0.48
304,2021-02-10,CAL,2523,1084,1439,874,1634,15,ITF,ITF6,18,Calabria,Calabria,1947131,641717,32.96,0.13
305,2021-07-17,CAL,18340,9049,9291,2714,15560,66,ITF,ITF6,18,Calabria,Calabria,1947131,660057,33.9,0.94
306,2021-06-04,CAL,17541,8157,9384,12956,4516,69,ITF,ITF6,18,Calabria,Calabria,1947131,677598,34.8,0.9
307,2021-05-23,CAL,11392,5553,5839,6997,4352,43,ITF,ITF6,18,Calabria,Calabria,1947131,688990,35.38,0.59
308,2021-03-01,CAL,2747,1558,1189,2282,461,4,ITF,ITF6,18,Calabria,Calabria,1947131,691737,35.53,0.14
309,2021-06-09,CAL,18250,8616,9634,15901,2265,84,ITF,ITF6,18,Calabria,Calabria,1947131,709987,36.46,0.94
310,2021-06-11,CAL,17829,8761,9068,15128,2577,124,ITF,ITF6,18,Calabria,Calabria,1947131,727816,37.38,0.92
311,2021-01-08,CAL,2200,1049,1151,2193,0,7,ITF,ITF6,18,Calabria,Calabria,1947131,730016,37.49,0.11
312,2021-03-18,CAL,4481,2099,2382,2339,2118,24,ITF,ITF6,18,Calabria,Calabria,1947131,734497,37.72,0.23
313,2021-02-27,CAL,4045,2082,1963,3655,383,7,ITF,ITF6,18,Calabria,Calabria,1947131,738542,37.93,0.21
314,2021-07-31,CAL,13797,7055,6742,3638,10087,72,ITF,ITF6,18,Calabria,Calabria,1947131,752339,38.64,0.71
315,2021-01-27,CAL,1489,755,734,385,1103,1,ITF,ITF6,18,Calabria,Calabria,1947131,753828,38.71,0.08
316,2021-02-14,CAL,490,228,262,452,37,1,ITF,ITF6,18,Calabria,Calabria,1947131,754318,38.74,0.03
317,2021-03-13,CAL,7001,3033,3968,5936,1028,37,ITF,ITF6,18,Calabria,Calabria,1947131,761319,39.1,0.36
318,2021-01-15,CAL,2818,1266,1552,2812,0,6,ITF,ITF6,18,Calabria,Calabria,1947131,764137,39.24,0.14
319,2021-04-25,CAL,15899,8068,7831,14802,1029,68,ITF,ITF6,18,Calabria,Calabria,1947131,780036,40.06,0.82
320,2021-07-15,CAL,18303,8819,9484,2531,15723,49,ITF,ITF6,18,Calabria,Calabria,1947131,798339,41.0,0.94
321,2021-02-15,CAL,1180,566,614,1012,163,5,ITF,ITF6,18,Calabria,Calabria,1947131,799519,41.06,0.06
322,2021-03-06,CAL,8531,4395,4136,7697,811,23,ITF,ITF6,18,Calabria,Calabria,1947131,808050,41.5,0.44
323,2021-08-19,CAL,5865,2940,2925,2345,3463,57,ITF,ITF6,18,Calabria,Calabria,1947131,813915,41.8,0.3
324,2021-05-09,CAL,9675,4515,5160,6047,3583,45,ITF,ITF6,18,Calabria,Calabria,1947131,823590,42.3,0.5
325,2021-01-29,CAL,2076,1003,1073,226,1849,1,ITF,ITF6,18,Calabria,Calabria,1947131,825666,42.4,0.11
326,2021-05-04,CAL,16504,7613,8891,11633,4776,95,ITF,ITF6,18,Calabria,Calabria,1947131,842170,43.25,0.85
327,2021-08-12,CAL,7633,3875,3758,2796,4661,176,ITF,ITF6,18,Calabria,Calabria,1947131,849803,43.64,0.39
328,2021-01-22,CAL,661,276,385,659,2,0,ITF,ITF6,18,Calabria,Calabria,1947131,850464,43.68,0.03
329,2021-05-02,CAL,12552,5858,6694,10588,1902,62,ITF,ITF6,18,Calabria,Calabria,1947131,863016,44.32,0.64
330,2021-03-29,CAL,5777,2496,3281,3982,1770,25,ITF,ITF6,18,Calabria,Calabria,1947131,868793,44.62,0.3
331,2021-01-31,CAL,1128,561,567,150,978,0,ITF,ITF6,18,Calabria,Calabria,1947131,869921,44.68,0.06
332,2021-07-07,CAL,13964,6581,7383,3902,9988,74,ITF,ITF6,18,Calabria,Calabria,1947131,883885,45.39,0.72
333,2021-05-21,CAL,21357,10878,10479,13856,7390,111,ITF,ITF6,18,Calabria,Calabria,1947131,905242,46.49,1.1
334,2021-01-05,CAL,1547,729,818,1545,0,2,ITF,ITF6,18,Calabria,Calabria,1947131,906789,46.57,0.08
335,2021-05-25,CAL,16422,8044,8378,10215,6120,87,ITF,ITF6,18,Calabria,Calabria,1947131,923211,47.41,0.84
336,2021-01-26,CAL,1888,906,982,269,1618,1,ITF,ITF6,18,Calabria,Calabria,1947131,925099,47.51,0.1
337,2021-07-28,CAL,21379,10732,10647,5894,15375,110,ITF,ITF6,18,Calabria,Calabria,1947131,946478,48.61,1.1
338,2021-04-22,CAL,9823,4909,4914,6847,2925,51,ITF,ITF6,18,Calabria,Calabria,1947131,956301,49.11,0.5
339,2021-05-06,CAL,13326,6307,7019,8923,4330,73,ITF,ITF6,18,Calabria,Calabria,1947131,969627,49.8,0.68
340,2021-08-14,CAL,2229,1193,1036,724,1489,16,ITF,ITF6,18,Calabria,Calabria,1947131,971856,49.91,0.11
341,2021-07-14,CAL,22622,10669,11953,4154,18391,77,ITF,ITF6,18,Calabria,Calabria,1947131,994478,51.07,1.16
342,2021-06-30,CAL,16385,7505,8880,7019,9266,100,ITF,ITF6,18,Calabria,Calabria,1947131,1010863,51.92,0.84
343,2021-06-28,CAL,13302,6124,7178,5375,7860,67,ITF,ITF6,18,Calabria,Calabria,1947131,1024165,52.6,0.68
344,2021-03-20,CAL,6759,3094,3665,4178,2565,16,ITF,ITF6,18,Calabria,Calabria,1947131,1030924,52.95,0.35
345,2021-01-12,CAL,2091,1035,1056,2082,0,9,ITF,ITF6,18,Calabria,Calabria,1947131,1033015,53.05,0.11
346,2021-02-24,CAL,1941,990,951,1455,480,6,ITF,ITF6,18,Calabria,Calabria,1947131,1034956,53.15,0.1
347,2021-03-03,CAL,5105,2789,2316,4003,1088,14,ITF,ITF6,18,Calabria,Calabria,1947131,1040061,53.42,0.26
348,2021-02-22,CAL,2085,1061,1024,1515,561,9,ITF,ITF6,18,Calabria,Calabria,1947131,1042146,53.52,0.11
349,2021-06-02,CAL,12100,5801,6299,8786,3267,47,ITF,ITF6,18,Calabria,Calabria,1947131,1054246,54.14,0.62
350,2021-08-07,CAL,9529,4873,4656,3021,6444,64,ITF,ITF6,18,Calabria,Calabria,1947131,1063775,54.63,0.49
351,2021-05-16,CAL,13816,6742,7074,9920,3841,55,ITF,ITF6,18,Calabria,Calabria,1947131,1077591,55.34,0.71
352,2021-07-21,CAL,22072,10600,11472,4496,17464,112,ITF,ITF6,18,Calabria,Calabria,1947131,1099663,56.48,1.13
353,2021-01-17,CAL,913,441,472,807,100,6,ITF,ITF6,18,Calabria,Calabria,1947131,1100576,56.52,0.05
354,2020-12-27,CAL,316,169,147,316,0,0,ITF,ITF6,18,Calabria,Calabria,1947131,1100892,56.54,0.02
355,2021-04-06,CAL,8173,3724,4449,4464,3676,33,ITF,ITF6,18,Calabria,Calabria,1947131,1109065,56.96,0.42
356,2021-02-08,CAL,1879,747,1132,667,1209,3,ITF,ITF6,18,Calabria,Calabria,1947131,1110944,57.06,0.1
357,2021-05-11,CAL,15125,7324,7801,10244,4811,70,ITF,ITF6,18,Calabria,Calabria,1947131,1126069,57.83,0.78
358,2021-07-16,CAL,21048,10028,11020,3382,17594,72,ITF,ITF6,18,Calabria,Calabria,1947131,1147117,58.91,1.08
359,2021-01-24,CAL,47,20,27,41,6,0,ITF,ITF6,18,Calabria,Calabria,1947131,1147164,58.92,0.0
360,2021-04-05,CAL,3643,1728,1915,2672,959,12,ITF,ITF6,18,Calabria,Calabria,1947131,1150807,59.1,0.19
361,2021-06-08,CAL,16681,7902,8779,14517,2042,122,ITF,ITF6,18,Calabria,Calabria,1947131,1167488,59.96,0.86
362,2021-03-17,CAL,4176,1869,2307,2187,1979,10,ITF,ITF6,18,Calabria,Calabria,1947131,1171664,60.17,0.21
363,2021-06-25,CAL,18827,8742,10085,8069,10673,85,ITF,ITF6,18,Calabria,Calabria,1947131,1190491,61.14,0.97
364,2021-07-13,CAL,17429,8154,9275,2308,15052,69,ITF,ITF6,18,Calabria,Calabria,1947131,1207920,62.04,0.9
365,2021-04-19,CAL,7897,3814,4083,6168,1682,47,ITF,ITF6,18,Calabria,Calabria,1947131,1215817,62.44,0.41
366,2021-01-09,CAL,2089,1120,969,2081,0,8,ITF,ITF6,18,Calabria,Calabria,1947131,1217906,62.55,0.11
367,2021-07-09,CAL,15673,7306,8367,3638,11965,70,ITF,ITF6,18,Calabria,Calabria,1947131,1233579,63.35,0.8
368,2021-08-21,CAL,3642,1860,1782,1441,2154,47,ITF,ITF6,18,Calabria,Calabria,1947131,1237221,63.54,0.19
369,2020-12-28,CAL,6,2,4,6,0,0,ITF,ITF6,18,Calabria,Calabria,1947131,1237227,63.54,0.0
370,2021-06-03,CAL,14249,6654,7595,9591,4603,55,ITF,ITF6,18,Calabria,Calabria,1947131,1251476,64.27,0.73
371,2021-04-07,CAL,9168,4168,5000,5050,4067,51,ITF,ITF6,18,Calabria,Calabria,1947131,1260644,64.74,0.47
372,2021-03-24,CAL,7922,3624,4298,4523,3375,24,ITF,ITF6,18,Calabria,Calabria,1947131,1268566,65.15,0.41
373,2021-04-10,CAL,11723,5305,6418,6815,4862,46,ITF,ITF6,18,Calabria,Calabria,1947131,1280289,65.75,0.6
374,2021-02-05,CAL,3863,1745,2118,473,3375,15,ITF,ITF6,18,Calabria,Calabria,1947131,1284152,65.95,0.2
375,2021-04-29,CAL,12507,6085,6422,8653,3797,57,ITF,ITF6,18,Calabria,Calabria,1947131,1296659,66.59,0.64
376,2021-04-12,CAL,7033,3423,3610,5351,1656,26,ITF,ITF6,18,Calabria,Calabria,1947131,1303692,66.95,0.36
377,2021-01-19,CAL,1132,499,633,1117,13,2,ITF,ITF6,18,Calabria,Calabria,1947131,1304824,67.01,0.06
378,2021-07-04,CAL,5953,2821,3132,1993,3924,36,ITF,ITF6,18,Calabria,Calabria,1947131,1310777,67.32,0.31
379,2021-06-17,CAL,15818,7227,8591,9596,6168,54,ITF,ITF6,18,Calabria,Calabria,1947131,1326595,68.13,0.81
380,2021-03-26,CAL,8106,3848,4258,4942,3133,31,ITF,ITF6,18,Calabria,Calabria,1947131,1334701,68.55,0.42
381,2021-08-04,CAL,16007,8112,7895,4251,11656,100,ITF,ITF6,18,Calabria,Calabria,1947131,1350708,69.37,0.82
382,2021-06-29,CAL,13070,6038,7032,5357,7662,51,ITF,ITF6,18,Calabria,Calabria,1947131,1363778,70.04,0.67
383,2021-05-03,CAL,14842,6800,8042,10466,4287,89,ITF,ITF6,18,Calabria,Calabria,1947131,1378620,70.8,0.76
384,2021-03-21,CAL,4469,1930,2539,2730,1728,11,ITF,ITF6,18,Calabria,Calabria,1947131,1383089,71.03,0.23
385,2021-03-07,CAL,3407,1740,1667,3300,93,14,ITF,ITF6,18,Calabria,Calabria,1947131,1386496,71.21,0.17
386,2021-08-11,CAL,11041,5663,5378,3517,7409,115,ITF,ITF6,18,Calabria,Calabria,1947131,1397537,71.77,0.57
387,2021-06-15,CAL,15158,7052,8106,10238,4828,92,ITF,ITF6,18,Calabria,Calabria,1947131,1412695,72.55,0.78
388,2021-03-14,CAL,2762,1069,1693,2282,473,7,ITF,ITF6,18,Calabria,Calabria,1947131,1415457,72.69,0.14
389,2021-08-18,CAL,9454,4850,4604,3396,5958,100,ITF,ITF6,18,Calabria,Calabria,1947131,1424911,73.18,0.49
390,2021-07-12,CAL,17975,8537,9438,2683,15243,49,ITF,ITF6,18,Calabria,Calabria,1947131,1442886,74.1,0.92
391,2021-01-10,CAL,953,537,416,953,0,0,ITF,ITF6,18,Calabria,Calabria,1947131,1443839,74.15,0.05
392,2021-04-20,CAL,7887,3983,3904,6071,1742,74,ITF,ITF6,18,Calabria,Calabria,1947131,1451726,74.56,0.41
393,2021-08-16,CAL,6973,3566,3407,2377,4534,62,ITF,ITF6,18,Calabria,Calabria,1947131,1458699,74.92,0.36
394,2021-02-12,CAL,1716,673,1043,943,767,6,ITF,ITF6,18,Calabria,Calabria,1947131,1460415,75.0,0.09
395,2021-06-27,CAL,8422,3945,4477,4987,3395,40,ITF,ITF6,18,Calabria,Calabria,1947131,1468837,75.44,0.43
396,2021-04-03,CAL,9438,4080,5358,4520,4855,63,ITF,ITF6,18,Calabria,Calabria,1947131,1478275,75.92,0.48
397,2021-02-28,CAL,2369,1079,1290,2211,155,3,ITF,ITF6,18,Calabria,Calabria,1947131,1480644,76.04,0.12
398,2021-02-23,CAL,1610,761,849,1486,119,5,ITF,ITF6,18,Calabria,Calabria,1947131,1482254,76.13,0.08
399,2021-04-24,CAL,19293,9602,9691,15759,3449,85,ITF,ITF6,18,Calabria,Calabria,1947131,1501547,77.12,0.99
400,2021-02-26,CAL,3144,1673,1471,2667,462,15,ITF,ITF6,18,Calabria,Calabria,1947131,1504691,77.28,0.16
401,2021-08-02,CAL,15067,7533,7534,3723,11288,56,ITF,ITF6,18,Calabria,Calabria,1947131,1519758,78.05,0.77
402,2021-06-20,CAL,6651,3150,3501,3815,2808,28,ITF,ITF6,18,Calabria,Calabria,1947131,1526409,78.39,0.34
403,2021-06-06,CAL,13801,6635,7166,12013,1717,71,ITF,ITF6,18,Calabria,Calabria,1947131,1540210,79.1,0.71
404,2021-03-31,CAL,9162,4184,4978,5071,4054,37,ITF,ITF6,18,Calabria,Calabria,1947131,1549372,79.57,0.47
405,2021-04-09,CAL,8021,3764,4257,5046,2893,82,ITF,ITF6,18,Calabria,Calabria,1947131,1557393,79.98,0.41
406,2021-07-18,CAL,8786,4205,4581,1279,7475,32,ITF,ITF6,18,Calabria,Calabria,1947131,1566179,80.44,0.45
407,2021-06-05,CAL,20759,9705,11054,17628,3052,79,ITF,ITF6,18,Calabria,Calabria,1947131,1586938,81.5,1.07
408,2021-03-15,CAL,3648,1761,1887,2167,1471,10,ITF,ITF6,18,Calabria,Calabria,1947131,1590586,81.69,0.19
409,2021-07-02,CAL,16269,7533,8736,6243,9943,83,ITF,ITF6,18,Calabria,Calabria,1947131,1606855,82.52,0.84
410,2021-05-20,CAL,16994,8504,8490,11272,5654,68,ITF,ITF6,18,Calabria,Calabria,1947131,1623849,83.4,0.87
411,2021-02-07,CAL,871,435,436,143,726,2,ITF,ITF6,18,Calabria,Calabria,1947131,1624720,83.44,0.04
412,2021-05-18,CAL,15340,7675,7665,11846,3426,68,ITF,ITF6,18,Calabria,Calabria,1947131,1640060,84.23,0.79
413,2021-06-22,CAL,14623,6918,7705,7380,7147,96,ITF,ITF6,18,Calabria,Calabria,1947131,1654683,84.98,0.75
414,2021-05-10,CAL,13171,6127,7044,7697,5415,59,ITF,ITF6,18,Calabria,Calabria,1947131,1667854,85.66,0.68
415,2021-04-26,CAL,10193,5060,5133,7714,2431,48,ITF,ITF6,18,Calabria,Calabria,1947131,1678047,86.18,0.52
416,2021-03-22,CAL,4988,2346,2642,3180,1783,25,ITF,ITF6,18,Calabria,Calabria,1947131,1683035,86.44,0.26
417,2021-02-09,CAL,2174,921,1253,951,1214,9,ITF,ITF6,18,Calabria,Calabria,1947131,1685209,86.55,0.11
418,2021-05-29,CAL,19291,8958,10333,9351,9865,75,ITF,ITF6,18,Calabria,Calabria,1947131,1704500,87.54,0.99
419,2021-07-25,CAL,6948,3570,3378,1469,5447,32,ITF,ITF6,18,Calabria,Calabria,1947131,1711448,87.9,0.36
420,2021-04-14,CAL,8088,3906,4182,6588,1451,49,ITF,ITF6,18,Calabria,Calabria,1947131,1719536,88.31,0.42
421,2021-02-16,CAL,1752,745,1007,1466,281,5,ITF,ITF6,18,Calabria,Calabria,1947131,1721288,88.4,0.09
422,2021-07-23,CAL,22732,11347,11385,5552,17084,96,ITF,ITF6,18,Calabria,Calabria,1947131,1744020,89.57,1.17
423,2021-07-06,CAL,12494,5753,6741,3836,8592,66,ITF,ITF6,18,Calabria,Calabria,1947131,1756514,90.21,0.64
424,2021-01-02,CAL,166,94,72,166,0,0,ITF,ITF6,18,Calabria,Calabria,1947131,1756680,90.22,0.01
425,2021-01-28,CAL,2300,1143,1157,79,2221,0,ITF,ITF6,18,Calabria,Calabria,1947131,1758980,90.34,0.12
426,2021-08-13,CAL,7589,3916,3673,2441,5080,68,ITF,ITF6,18,Calabria,Calabria,1947131,1766569,90.73,0.39
427,2021-05-08,CAL,18538,8421,10117,10517,7952,69,ITF,ITF6,18,Calabria,Calabria,1947131,1785107,91.68,0.95
428,2021-05-22,CAL,22200,10565,11635,14213,7896,91,ITF,ITF6,18,Calabria,Calabria,1947131,1807307,92.82,1.14
429,2021-04-21,CAL,11606,5831,5775,8629,2920,57,ITF,ITF6,18,Calabria,Calabria,1947131,1818913,93.42,0.6
430,2021-07-30,CAL,19725,10054,9671,5517,14087,121,ITF,ITF6,18,Calabria,Calabria,1947131,1838638,94.43,1.01
431,2021-01-07,CAL,2220,1089,1131,2216,0,4,ITF,ITF6,18,Calabria,Calabria,1947131,1840858,94.54,0.11
432,2021-06-13,CAL,6845,3358,3487,5730,1060,55,ITF,ITF6,18,Calabria,Calabria,1947131,1847703,94.89,0.35
433,2021-04-17,CAL,10856,5078,5778,9016,1789,51,ITF,ITF6,18,Calabria,Calabria,1947131,1858559,95.45,0.56
434,2021-05-01,CAL,16748,7981,8767,12407,4251,90,ITF,ITF6,18,Calabria,Calabria,1947131,1875307,96.31,0.86
435,2021-03-05,CAL,6242,3623,2619,5648,578,16,ITF,ITF6,18,Calabria,Calabria,1947131,1881549,96.63,0.32
436,2021-08-09,CAL,13163,6710,6453,4637,8365,161,ITF,ITF6,18,Calabria,Calabria,1947131,1894712,97.31,0.68
437,2021-07-26,CAL,18758,9317,9441,5182,13488,88,ITF,ITF6,18,Calabria,Calabria,1947131,1913470,98.27,0.96
438,2021-05-27,CAL,17664,8736,8928,9772,7811,81,ITF,ITF6,18,Calabria,Calabria,1947131,1931134,99.18,0.91
439,2021-08-01,CAL,4895,2562,2333,1172,3699,24,ITF,ITF6,18,Calabria,Calabria,1947131,1936029,99.43,0.25
440,2021-04-02,CAL,8544,3914,4630,4579,3931,34,ITF,ITF6,18,Calabria,Calabria,1947131,1944573,99.87,0.44
441,2021-06-24,CAL,15414,7024,8390,6983,8351,80,ITF,ITF6,18,Calabria,Calabria,1947131,1959987,100.66,0.79
442,2021-03-19,CAL,4243,1984,2259,1887,2349,7,ITF,ITF6,18,Calabria,Calabria,1947131,1964230,100.88,0.22
443,2021-07-11,CAL,6435,2985,3450,848,5576,11,ITF,ITF6,18,Calabria,Calabria,1947131,1970665,101.21,0.33
444,2021-06-10,CAL,15892,7333,8559,12985,2807,100,ITF,ITF6,18,Calabria,Calabria,1947131,1986557,102.02,0.82
445,2021-03-12,CAL,5158,2469,2689,4075,1063,20,ITF,ITF6,18,Calabria,Calabria,1947131,1991715,102.29,0.26
446,2021-01-14,CAL,2666,1265,1401,2660,0,6,ITF,ITF6,18,Calabria,Calabria,1947131,1994381,102.43,0.14
447,2021-01-21,CAL,981,459,522,945,33,3,ITF,ITF6,18,Calabria,Calabria,1947131,1995362,102.48,0.05
448,2021-08-20,CAL,7600,3838,3762,3043,4464,93,ITF,ITF6,18,Calabria,Calabria,1947131,2002962,102.87,0.39
449,2021-04-13,CAL,6956,3417,3539,5602,1330,24,ITF,ITF6,18,Calabria,Calabria,1947131,2009918,103.22,0.36
450,2021-01-20,CAL,1409,630,779,1405,1,3,ITF,ITF6,18,Calabria,Calabria,1947131,2011327,103.3,0.07
451,2021-01-03,CAL,6,3,3,6,0,0,ITF,ITF6,18,Calabria,Calabria,1947131,2011333,103.3,0.0
452,2021-03-27,CAL,8839,4026,4813,4662,4132,45,ITF,ITF6,18,Calabria,Calabria,1947131,2020172,103.75,0.45
453,2021-07-05,CAL,13385,6251,7134,4272,9052,61,ITF,ITF6,18,Calabria,Calabria,1947131,2033557,104.44,0.69
454,2021-03-08,CAL,5516,2989,2527,4403,1082,31,ITF,ITF6,18,Calabria,Calabria,1947131,2039073,104.72,0.28
455,2021-03-25,CAL,7532,3554,3978,4581,2917,34,ITF,ITF6,18,Calabria,Calabria,1947131,2046605,105.11,0.39
456,2021-06-16,CAL,18338,8475,9863,12124,6124,90,ITF,ITF6,18,Calabria,Calabria,1947131,2064943,106.05,0.94
457,2021-06-18,CAL,18913,8805,10108,11285,7512,116,ITF,ITF6,18,Calabria,Calabria,1947131,2083856,107.02,0.97
458,2021-03-10,CAL,6876,3502,3374,5467,1372,37,ITF,ITF6,18,Calabria,Calabria,1947131,2090732,107.38,0.35
459,2021-06-01,CAL,12878,5971,6907,7885,4934,59,ITF,ITF6,18,Calabria,Calabria,1947131,2103610,108.04,0.66
460,2021-05-13,CAL,15975,7689,8286,11177,4724,74,ITF,ITF6,18,Calabria,Calabria,1947131,2119585,108.86,0.82
461,2021-02-19,CAL,1516,686,830,1243,264,9,ITF,ITF6,18,Calabria,Calabria,1947131,2121101,108.93,0.08
462,2021-05-30,CAL,10997,5299,5698,6810,4153,34,ITF,ITF6,18,Calabria,Calabria,1947131,2132098,109.5,0.56
463,2021-05-17,CAL,14908,7463,7445,10140,4716,52,ITF,ITF6,18,Calabria,Calabria,1947131,2147006,110.27,0.77
464,2021-02-21,CAL,658,304,354,578,79,1,ITF,ITF6,18,Calabria,Calabria,1947131,2147664,110.3,0.03
465,2021-04-28,CAL,12574,6099,6475,9625,2877,72,ITF,ITF6,18,Calabria,Calabria,1947131,2160238,110.94,0.65
466,2021-02-04,CAL,3672,1747,1925,648,3018,6,ITF,ITF6,18,Calabria,Calabria,1947131,2163910,111.13,0.19
467,2021-05-15,CAL,27271,13050,14221,20268,6867,136,ITF,ITF6,18,Calabria,Calabria,1947131,2191181,112.53,1.4
468,2021-08-06,CAL,15609,7925,7684,5078,10401,130,ITF,ITF6,18,Calabria,Calabria,1947131,2206790,113.34,0.8
469,2021-02-02,CAL,2375,1170,1205,176,2199,0,ITF,ITF6,18,Calabria,Calabria,1947131,2209165,113.46,0.12
470,2021-01-16,CAL,2418,1134,1284,2415,0,3,ITF,ITF6,18,Calabria,Calabria,1947131,2211583,113.58,0.12
471,2021-05-17,VEN,26541,12999,13542,15659,10064,818,ITH,ITH3,5,Veneto,Veneto,4905854,26541,0.54,0.54
472,2021-02-06,VEN,4098,1354,2744,708,3390,0,ITH,ITH3,5,Veneto,Veneto,4905854,30639,0.62,0.08
473,2021-02-23,VEN,7383,3253,4130,7029,270,84,ITH,ITH3,5,Veneto,Veneto,4905854,38022,0.78,0.15
474,2021-07-18,VEN,37719,19759,17960,3844,33625,250,ITH,ITH3,5,Veneto,Veneto,4905854,75741,1.54,0.77
475,2021-02-25,VEN,7904,3345,4559,7160,607,137,ITH,ITH3,5,Veneto,Veneto,4905854,83645,1.71,0.16
476,2021-04-09,VEN,31207,13769,17438,21918,8351,938,ITH,ITH3,5,Veneto,Veneto,4905854,114852,2.34,0.64
477,2021-06-05,VEN,46872,24143,22729,37325,8100,1447,ITH,ITH3,5,Veneto,Veneto,4905854,161724,3.3,0.96
478,2021-08-13,VEN,24384,13784,10600,18251,5355,778,ITH,ITH3,5,Veneto,Veneto,4905854,186108,3.79,0.5
479,2021-05-05,VEN,44413,21280,23133,36232,6566,1615,ITH,ITH3,5,Veneto,Veneto,4905854,230521,4.7,0.91
480,2021-07-01,VEN,50982,26038,24944,20691,29289,1002,ITH,ITH3,5,Veneto,Veneto,4905854,281503,5.74,1.04
481,2021-07-13,VEN,43560,22607,20953,5416,37835,309,ITH,ITH3,5,Veneto,Veneto,4905854,325063,6.63,0.89
482,2021-04-04,VEN,7789,3534,4255,6516,1148,125,ITH,ITH3,5,Veneto,Veneto,4905854,332852,6.78,0.16
483,2021-05-24,VEN,33087,16433,16654,7630,25052,405,ITH,ITH3,5,Veneto,Veneto,4905854,365939,7.46,0.67
484,2021-06-17,VEN,51737,25926,25811,25552,25043,1142,ITH,ITH3,5,Veneto,Veneto,4905854,417676,8.51,1.05
485,2021-03-09,VEN,16548,7450,9098,9829,6323,396,ITH,ITH3,5,Veneto,Veneto,4905854,434224,8.85,0.34
486,2021-05-31,VEN,31646,16242,15404,20896,9931,819,ITH,ITH3,5,Veneto,Veneto,4905854,465870,9.5,0.65
487,2021-03-26,VEN,29613,13160,16453,23287,5465,861,ITH,ITH3,5,Veneto,Veneto,4905854,495483,10.1,0.6
488,2021-03-28,VEN,31315,13610,17705,26888,3616,811,ITH,ITH3,5,Veneto,Veneto,4905854,526798,10.74,0.64
489,2021-06-19,VEN,49297,25080,24217,25685,22587,1025,ITH,ITH3,5,Veneto,Veneto,4905854,576095,11.74,1.0
490,2021-01-11,VEN,7244,2102,5142,7243,0,1,ITH,ITH3,5,Veneto,Veneto,4905854,583339,11.89,0.15
491,2021-04-21,VEN,32406,13204,19202,15566,16065,775,ITH,ITH3,5,Veneto,Veneto,4905854,615745,12.55,0.66
492,2021-05-22,VEN,34831,16701,18130,12716,21446,669,ITH,ITH3,5,Veneto,Veneto,4905854,650576,13.26,0.71
493,2021-02-11,VEN,4014,1238,2776,3348,628,38,ITH,ITH3,5,Veneto,Veneto,4905854,654590,13.34,0.08
494,2021-01-28,VEN,9216,2666,6550,169,9045,2,ITH,ITH3,5,Veneto,Veneto,4905854,663806,13.53,0.19
495,2021-07-27,VEN,42204,22148,20056,11741,30032,431,ITH,ITH3,5,Veneto,Veneto,4905854,706010,14.39,0.86
496,2021-08-01,VEN,27905,14937,12968,11035,16354,516,ITH,ITH3,5,Veneto,Veneto,4905854,733915,14.96,0.57
497,2021-04-23,VEN,31301,13857,17444,21438,8707,1156,ITH,ITH3,5,Veneto,Veneto,4905854,765216,15.6,0.64
498,2021-02-16,VEN,6644,2870,3774,6439,176,29,ITH,ITH3,5,Veneto,Veneto,4905854,771860,15.73,0.14
499,2021-01-23,VEN,4057,1250,2807,31,4026,0,ITH,ITH3,5,Veneto,Veneto,4905854,775917,15.82,0.08
500,2021-06-29,VEN,45562,22727,22835,19050,25832,680,ITH,ITH3,5,Veneto,Veneto,4905854,821479,16.74,0.93
501,2021-03-21,VEN,11992,4756,7236,8286,3466,240,ITH,ITH3,5,Veneto,Veneto,4905854,833471,16.99,0.24
502,2021-01-16,VEN,4612,1542,3070,4612,0,0,ITH,ITH3,5,Veneto,Veneto,4905854,838083,17.08,0.09
503,2021-03-14,VEN,15183,5944,9239,13849,894,440,ITH,ITH3,5,Veneto,Veneto,4905854,853266,17.39,0.31
504,2021-08-06,VEN,38222,20858,17364,19807,17538,877,ITH,ITH3,5,Veneto,Veneto,4905854,891488,18.17,0.78
505,2021-04-28,VEN,32462,15197,17265,22260,9023,1179,ITH,ITH3,5,Veneto,Veneto,4905854,923950,18.83,0.66
506,2021-07-20,VEN,44359,23685,20674,6875,36975,509,ITH,ITH3,5,Veneto,Veneto,4905854,968309,19.74,0.9
507,2021-01-18,VEN,2766,778,1988,2560,201,5,ITH,ITH3,5,Veneto,Veneto,4905854,971075,19.79,0.06
508,2021-02-04,VEN,7396,2028,5368,550,6845,1,ITH,ITH3,5,Veneto,Veneto,4905854,978471,19.94,0.15
509,2021-08-08,VEN,20498,11380,9118,10653,9536,309,ITH,ITH3,5,Veneto,Veneto,4905854,998969,20.36,0.42
510,2021-06-12,VEN,48691,24498,24193,36411,10820,1460,ITH,ITH3,5,Veneto,Veneto,4905854,1047660,21.36,0.99
511,2021-05-12,VEN,36990,17907,19083,30246,5128,1616,ITH,ITH3,5,Veneto,Veneto,4905854,1084650,22.11,0.75
512,2021-07-08,VEN,46713,24310,22403,4502,41916,295,ITH,ITH3,5,Veneto,Veneto,4905854,1131363,23.06,0.95
513,2021-06-24,VEN,56202,28466,27736,17635,37885,682,ITH,ITH3,5,Veneto,Veneto,4905854,1187565,24.21,1.15
514,2021-03-16,VEN,12537,5358,7179,6643,5625,269,ITH,ITH3,5,Veneto,Veneto,4905854,1200102,24.46,0.26
515,2021-08-20,VEN,19321,10472,8849,11235,7503,583,ITH,ITH3,5,Veneto,Veneto,4905854,1219423,24.86,0.39
516,2021-07-06,VEN,36145,18625,17520,13213,22302,630,ITH,ITH3,5,Veneto,Veneto,4905854,1255568,25.59,0.74
517,2021-04-14,VEN,15942,6914,9028,8766,6634,542,ITH,ITH3,5,Veneto,Veneto,4905854,1271510,25.92,0.32
518,2021-01-04,VEN,6739,2037,4702,6737,0,2,ITH,ITH3,5,Veneto,Veneto,4905854,1278249,26.06,0.14
519,2021-08-22,VEN,4610,2455,2155,3135,1309,166,ITH,ITH3,5,Veneto,Veneto,4905854,1282859,26.15,0.09
520,2021-05-14,VEN,46821,22271,24550,24300,20948,1573,ITH,ITH3,5,Veneto,Veneto,4905854,1329680,27.1,0.95
521,2021-02-20,VEN,6429,2018,4411,6276,72,81,ITH,ITH3,5,Veneto,Veneto,4905854,1336109,27.23,0.13
522,2021-08-15,VEN,3104,1761,1343,2614,425,65,ITH,ITH3,5,Veneto,Veneto,4905854,1339213,27.3,0.06
523,2021-01-09,VEN,7935,2539,5396,7930,0,5,ITH,ITH3,5,Veneto,Veneto,4905854,1347148,27.46,0.16
524,2021-03-18,VEN,12624,5145,7479,7038,5233,353,ITH,ITH3,5,Veneto,Veneto,4905854,1359772,27.72,0.26
525,2021-06-26,VEN,48081,24516,23565,13599,33995,487,ITH,ITH3,5,Veneto,Veneto,4905854,1407853,28.7,0.98
526,2021-03-02,VEN,11496,4627,6869,7936,3312,248,ITH,ITH3,5,Veneto,Veneto,4905854,1419349,28.93,0.23
527,2021-06-10,VEN,52382,27027,25355,41319,9370,1693,ITH,ITH3,5,Veneto,Veneto,4905854,1471731,30.0,1.07
528,2021-04-02,VEN,24117,10633,13484,17142,6331,644,ITH,ITH3,5,Veneto,Veneto,4905854,1495848,30.49,0.49
529,2021-05-10,VEN,36516,17087,19429,25424,9856,1236,ITH,ITH3,5,Veneto,Veneto,4905854,1532364,31.24,0.74
530,2021-01-30,VEN,8760,2679,6081,690,8070,0,ITH,ITH3,5,Veneto,Veneto,4905854,1541124,31.41,0.18
531,2021-03-07,VEN,4497,1770,2727,3867,561,69,ITH,ITH3,5,Veneto,Veneto,4905854,1545621,31.51,0.09
532,2021-05-29,VEN,33054,16697,16357,24246,7693,1115,ITH,ITH3,5,Veneto,Veneto,4905854,1578675,32.18,0.67
533,2021-02-18,VEN,5832,2456,3376,5729,64,39,ITH,ITH3,5,Veneto,Veneto,4905854,1584507,32.3,0.12
534,2021-07-25,VEN,33178,17533,15645,10822,21890,466,ITH,ITH3,5,Veneto,Veneto,4905854,1617685,32.97,0.68
535,2021-04-16,VEN,24464,10499,13965,11892,11891,681,ITH,ITH3,5,Veneto,Veneto,4905854,1642149,33.47,0.5
536,2021-04-30,VEN,50259,23619,26640,33178,15671,1410,ITH,ITH3,5,Veneto,Veneto,4905854,1692408,34.5,1.02
537,2021-01-20,VEN,1039,368,671,387,652,0,ITH,ITH3,5,Veneto,Veneto,4905854,1693447,34.52,0.02
538,2021-07-03,VEN,38706,20119,18587,11032,27104,570,ITH,ITH3,5,Veneto,Veneto,4905854,1732153,35.31,0.79
539,2021-06-16,VEN,47778,23575,24203,25266,21425,1087,ITH,ITH3,5,Veneto,Veneto,4905854,1779931,36.28,0.97
540,2021-01-01,VEN,1528,471,1057,1527,0,1,ITH,ITH3,5,Veneto,Veneto,4905854,1781459,36.31,0.03
541,2021-03-23,VEN,22226,10247,11979,16871,4718,637,ITH,ITH3,5,Veneto,Veneto,4905854,1803685,36.77,0.45
542,2021-05-19,VEN,33151,15180,17971,16231,15990,930,ITH,ITH3,5,Veneto,Veneto,4905854,1836836,37.44,0.68
543,2021-02-08,VEN,5007,1559,3448,1923,3078,6,ITH,ITH3,5,Veneto,Veneto,4905854,1841843,37.54,0.1
544,2021-04-06,VEN,29031,13366,15665,23259,5047,725,ITH,ITH3,5,Veneto,Veneto,4905854,1870874,38.14,0.59
545,2021-05-07,VEN,48637,23301,25336,37611,8678,2348,ITH,ITH3,5,Veneto,Veneto,4905854,1919511,39.13,0.99
546,2021-01-27,VEN,7146,2067,5079,240,6905,1,ITH,ITH3,5,Veneto,Veneto,4905854,1926657,39.27,0.15
547,2021-06-09,VEN,42796,21951,20845,33777,7474,1545,ITH,ITH3,5,Veneto,Veneto,4905854,1969453,40.14,0.87
548,2021-06-28,VEN,47654,24115,23539,18424,28534,696,ITH,ITH3,5,Veneto,Veneto,4905854,2017107,41.12,0.97
549,2021-01-25,VEN,6471,2077,4394,157,6314,0,ITH,ITH3,5,Veneto,Veneto,4905854,2023578,41.25,0.13
550,2021-07-29,VEN,47468,25102,22366,20093,26521,854,ITH,ITH3,5,Veneto,Veneto,4905854,2071046,42.22,0.97
551,2021-07-15,VEN,51405,26901,24504,6032,44995,378,ITH,ITH3,5,Veneto,Veneto,4905854,2122451,43.26,1.05
552,2021-04-20,VEN,22461,9503,12958,7882,14008,571,ITH,ITH3,5,Veneto,Veneto,4905854,2144912,43.72,0.46
553,2021-08-17,VEN,19137,10405,8732,11101,7574,462,ITH,ITH3,5,Veneto,Veneto,4905854,2164049,44.11,0.39
554,2021-05-09,VEN,35087,16144,18943,23797,10053,1237,ITH,ITH3,5,Veneto,Veneto,4905854,2199136,44.83,0.72
555,2021-05-26,VEN,31159,15231,15928,13992,16491,676,ITH,ITH3,5,Veneto,Veneto,4905854,2230295,45.46,0.64
556,2021-03-01,VEN,9395,3717,5678,7410,1822,163,ITH,ITH3,5,Veneto,Veneto,4905854,2239690,45.65,0.19
557,2021-05-02,VEN,37245,17266,19979,25619,10330,1296,ITH,ITH3,5,Veneto,Veneto,4905854,2276935,46.41,0.76
558,2021-06-14,VEN,42622,21557,21065,26305,15313,1004,ITH,ITH3,5,Veneto,Veneto,4905854,2319557,47.28,0.87
559,2021-03-06,VEN,10683,4357,6326,7217,3278,188,ITH,ITH3,5,Veneto,Veneto,4905854,2330240,47.5,0.22
560,2021-08-10,VEN,28463,15620,12843,16396,11464,603,ITH,ITH3,5,Veneto,Veneto,4905854,2358703,48.08,0.58
561,2020-12-30,VEN,699,245,454,699,0,0,ITH,ITH3,5,Veneto,Veneto,4905854,2359402,48.09,0.01
562,2021-08-12,VEN,24088,13042,11046,17264,6134,690,ITH,ITH3,5,Veneto,Veneto,4905854,2383490,48.58,0.49
563,2021-05-03,VEN,40708,19812,20896,32807,6439,1462,ITH,ITH3,5,Veneto,Veneto,4905854,2424198,49.41,0.83
564,2021-05-28,VEN,46918,22963,23955,23685,22036,1197,ITH,ITH3,5,Veneto,Veneto,4905854,2471116,50.37,0.96
565,2021-07-24,VEN,41655,22337,19318,13255,27766,634,ITH,ITH3,5,Veneto,Veneto,4905854,2512771,51.22,0.85
566,2021-07-10,VEN,43193,23214,19979,6302,36540,351,ITH,ITH3,5,Veneto,Veneto,4905854,2555964,52.1,0.88
567,2021-08-05,VEN,39046,21349,17697,15589,22855,602,ITH,ITH3,5,Veneto,Veneto,4905854,2595010,52.9,0.8
568,2021-04-18,VEN,17530,7262,10268,9510,7567,453,ITH,ITH3,5,Veneto,Veneto,4905854,2612540,53.25,0.36
569,2021-01-08,VEN,9415,2837,6578,9401,0,14,ITH,ITH3,5,Veneto,Veneto,4905854,2621955,53.45,0.19
570,2021-01-13,VEN,5988,1606,4382,5985,0,3,ITH,ITH3,5,Veneto,Veneto,4905854,2627943,53.57,0.12
571,2021-08-03,VEN,40687,21536,19151,17558,22411,718,ITH,ITH3,5,Veneto,Veneto,4905854,2668630,54.4,0.83
572,2021-04-25,VEN,18336,8156,10180,12909,4835,592,ITH,ITH3,5,Veneto,Veneto,4905854,2686966,54.77,0.37
573,2021-06-21,VEN,44327,22185,22142,20465,22960,902,ITH,ITH3,5,Veneto,Veneto,4905854,2731293,55.67,0.9
574,2021-01-06,VEN,8140,2389,5751,8137,0,3,ITH,ITH3,5,Veneto,Veneto,4905854,2739433,55.84,0.17
575,2021-06-23,VEN,49342,24449,24893,14563,33982,797,ITH,ITH3,5,Veneto,Veneto,4905854,2788775,56.85,1.01
576,2021-02-01,VEN,8563,2502,6061,157,8406,0,ITH,ITH3,5,Veneto,Veneto,4905854,2797338,57.02,0.17
577,2021-02-15,VEN,4392,1826,2566,4143,240,9,ITH,ITH3,5,Veneto,Veneto,4905854,2801730,57.11,0.09
578,2021-03-30,VEN,36004,15315,20689,29743,5251,1010,ITH,ITH3,5,Veneto,Veneto,4905854,2837734,57.84,0.73
579,2021-08-02,VEN,40060,21010,19050,16263,23152,645,ITH,ITH3,5,Veneto,Veneto,4905854,2877794,58.66,0.82
580,2021-04-10,VEN,27478,11984,15494,18380,8470,628,ITH,ITH3,5,Veneto,Veneto,4905854,2905272,59.22,0.56
581,2021-06-06,VEN,37447,19172,18275,31496,4730,1221,ITH,ITH3,5,Veneto,Veneto,4905854,2942719,59.98,0.76
582,2021-07-12,VEN,43241,22779,20462,4012,38907,322,ITH,ITH3,5,Veneto,Veneto,4905854,2985960,60.87,0.88
583,2021-04-03,VEN,21988,9643,12345,13864,7720,404,ITH,ITH3,5,Veneto,Veneto,4905854,3007948,61.31,0.45
584,2021-03-20,VEN,13035,5393,7642,10660,2082,293,ITH,ITH3,5,Veneto,Veneto,4905854,3020983,61.58,0.27
585,2021-06-07,VEN,44698,23319,21379,36182,7041,1475,ITH,ITH3,5,Veneto,Veneto,4905854,3065681,62.49,0.91
586,2021-02-27,VEN,8994,2693,6301,7965,849,180,ITH,ITH3,5,Veneto,Veneto,4905854,3074675,62.67,0.18
587,2021-03-04,VEN,12988,4890,8098,9121,3477,390,ITH,ITH3,5,Veneto,Veneto,4905854,3087663,62.94,0.26
588,2021-07-07,VEN,40957,21312,19645,15645,24526,786,ITH,ITH3,5,Veneto,Veneto,4905854,3128620,63.77,0.83
589,2020-12-27,VEN,880,395,485,880,0,0,ITH,ITH3,5,Veneto,Veneto,4905854,3129500,63.79,0.02
590,2021-05-30,VEN,22548,11271,11277,15206,6691,651,ITH,ITH3,5,Veneto,Veneto,4905854,3152048,64.25,0.46
591,2021-07-26,VEN,43608,22922,20686,16959,26002,647,ITH,ITH3,5,Veneto,Veneto,4905854,3195656,65.14,0.89
592,2021-03-25,VEN,25977,11063,14914,18977,6105,895,ITH,ITH3,5,Veneto,Veneto,4905854,3221633,65.67,0.53
593,2021-04-11,VEN,21013,8877,12136,14231,6297,485,ITH,ITH3,5,Veneto,Veneto,4905854,3242646,66.1,0.43
594,2021-07-22,VEN,48362,25105,23257,13280,34431,651,ITH,ITH3,5,Veneto,Veneto,4905854,3291008,67.08,0.99
595,2021-04-13,VEN,14038,6326,7712,8058,5479,501,ITH,ITH3,5,Veneto,Veneto,4905854,3305046,67.37,0.29
596,2021-07-05,VEN,39140,20285,18855,14155,24197,788,ITH,ITH3,5,Veneto,Veneto,4905854,3344186,68.17,0.8
597,2021-01-03,VEN,5157,1561,3596,5157,0,0,ITH,ITH3,5,Veneto,Veneto,4905854,3349343,68.27,0.11
598,2021-07-17,VEN,40601,21479,19122,4292,35966,343,ITH,ITH3,5,Veneto,Veneto,4905854,3389944,69.1,0.83
599,2021-05-21,VEN,44848,22053,22795,19806,23942,1100,ITH,ITH3,5,Veneto,Veneto,4905854,3434792,70.01,0.91
600,2021-03-15,VEN,16673,7332,9341,10959,5212,502,ITH,ITH3,5,Veneto,Veneto,4905854,3451465,70.35,0.34
601,2021-05-18,VEN,27032,12550,14482,12637,13636,759,ITH,ITH3,5,Veneto,Veneto,4905854,3478497,70.91,0.55
602,2021-06-30,VEN,45793,23091,22702,17868,27181,744,ITH,ITH3,5,Veneto,Veneto,4905854,3524290,71.84,0.93
603,2021-01-10,VEN,5036,1673,3363,5035,0,1,ITH,ITH3,5,Veneto,Veneto,4905854,3529326,71.94,0.1
604,2021-05-23,VEN,34487,16467,18020,10618,23398,471,ITH,ITH3,5,Veneto,Veneto,4905854,3563813,72.64,0.7
605,2021-02-12,VEN,4314,1446,2868,3671,572,71,ITH,ITH3,5,Veneto,Veneto,4905854,3568127,72.73,0.09
606,2021-01-29,VEN,9028,2789,6239,365,8663,0,ITH,ITH3,5,Veneto,Veneto,4905854,3577155,72.92,0.18
607,2021-05-08,VEN,41519,18781,22738,28270,11830,1419,ITH,ITH3,5,Veneto,Veneto,4905854,3618674,73.76,0.85
608,2021-07-30,VEN,45534,24220,21314,22581,22069,884,ITH,ITH3,5,Veneto,Veneto,4905854,3664208,74.69,0.93
609,2021-08-16,VEN,19640,10635,9005,12892,6159,589,ITH,ITH3,5,Veneto,Veneto,4905854,3683848,75.09,0.4
610,2021-06-27,VEN,40240,20556,19684,15353,24309,578,ITH,ITH3,5,Veneto,Veneto,4905854,3724088,75.91,0.82
611,2021-03-19,VEN,13803,5672,8131,7407,6104,292,ITH,ITH3,5,Veneto,Veneto,4905854,3737891,76.19,0.28
612,2021-03-22,VEN,18155,8183,9972,12587,5050,518,ITH,ITH3,5,Veneto,Veneto,4905854,3756046,76.56,0.37
613,2021-03-13,VEN,17242,7312,9930,13737,3133,372,ITH,ITH3,5,Veneto,Veneto,4905854,3773288,76.91,0.35
614,2021-01-15,VEN,5878,1819,4059,5872,0,6,ITH,ITH3,5,Veneto,Veneto,4905854,3779166,77.03,0.12
615,2021-05-20,VEN,44833,21256,23577,19366,24365,1102,ITH,ITH3,5,Veneto,Veneto,4905854,3823999,77.95,0.91
616,2021-02-09,VEN,5250,1892,3358,3431,1806,13,ITH,ITH3,5,Veneto,Veneto,4905854,3829249,78.05,0.11
617,2021-03-08,VEN,13639,6276,7363,9304,4072,263,ITH,ITH3,5,Veneto,Veneto,4905854,3842888,78.33,0.28
618,2021-06-18,VEN,53642,26766,26876,23989,28622,1031,ITH,ITH3,5,Veneto,Veneto,4905854,3896530,79.43,1.09
619,2021-03-27,VEN,32089,14016,18073,25379,5806,904,ITH,ITH3,5,Veneto,Veneto,4905854,3928619,80.08,0.65
620,2021-06-03,VEN,54520,28035,26485,40885,11994,1641,ITH,ITH3,5,Veneto,Veneto,4905854,3983139,81.19,1.11
621,2021-06-20,VEN,41205,20064,21141,18936,21534,735,ITH,ITH3,5,Veneto,Veneto,4905854,4024344,82.03,0.84
622,2021-07-19,VEN,44742,23566,21176,7945,36395,402,ITH,ITH3,5,Veneto,Veneto,4905854,4069086,82.94,0.91
623,2021-02-26,VEN,8299,3275,5024,6945,1259,95,ITH,ITH3,5,Veneto,Veneto,4905854,4077385,83.11,0.17
624,2021-04-24,VEN,24768,10832,13936,14966,9080,722,ITH,ITH3,5,Veneto,Veneto,4905854,4102153,83.62,0.5
625,2021-01-14,VEN,7068,1927,5141,7048,0,20,ITH,ITH3,5,Veneto,Veneto,4905854,4109221,83.76,0.14
626,2021-03-12,VEN,18663,8196,10467,11330,6751,582,ITH,ITH3,5,Veneto,Veneto,4905854,4127884,84.14,0.38
627,2021-04-17,VEN,22448,9097,13351,14373,7277,798,ITH,ITH3,5,Veneto,Veneto,4905854,4150332,84.6,0.46
628,2021-01-07,VEN,8361,2317,6044,8360,0,1,ITH,ITH3,5,Veneto,Veneto,4905854,4158693,84.77,0.17
629,2021-06-13,VEN,37341,19257,18084,29320,6956,1065,ITH,ITH3,5,Veneto,Veneto,4905854,4196034,85.53,0.76
630,2021-01-21,VEN,2294,719,1575,19,2275,0,ITH,ITH3,5,Veneto,Veneto,4905854,4198328,85.58,0.05
631,2021-03-05,VEN,13341,5023,8318,9222,3674,445,ITH,ITH3,5,Veneto,Veneto,4905854,4211669,85.85,0.27
632,2021-02-13,VEN,3266,1473,1793,3230,20,16,ITH,ITH3,5,Veneto,Veneto,4905854,4214935,85.92,0.07
633,2021-03-03,VEN,12101,4648,7453,8388,3502,211,ITH,ITH3,5,Veneto,Veneto,4905854,4227036,86.16,0.25
634,2021-06-11,VEN,47321,24618,22703,34721,11184,1416,ITH,ITH3,5,Veneto,Veneto,4905854,4274357,87.13,0.96
635,2021-06-25,VEN,51711,26164,25547,15076,36000,635,ITH,ITH3,5,Veneto,Veneto,4905854,4326068,88.18,1.05
636,2021-07-14,VEN,43604,22415,21189,5281,37931,392,ITH,ITH3,5,Veneto,Veneto,4905854,4369672,89.07,0.89
637,2021-04-22,VEN,32065,13941,18124,15471,15775,819,ITH,ITH3,5,Veneto,Veneto,4905854,4401737,89.72,0.65
638,2021-05-27,VEN,46653,22920,23733,22364,23247,1042,ITH,ITH3,5,Veneto,Veneto,4905854,4448390,90.68,0.95
639,2021-02-07,VEN,2316,863,1453,714,1601,1,ITH,ITH3,5,Veneto,Veneto,4905854,4450706,90.72,0.05
640,2021-02-17,VEN,6022,2772,3250,5900,94,28,ITH,ITH3,5,Veneto,Veneto,4905854,4456728,90.85,0.12
641,2021-04-01,VEN,25400,11194,14206,18212,6413,775,ITH,ITH3,5,Veneto,Veneto,4905854,4482128,91.36,0.52
642,2021-04-15,VEN,20938,8652,12286,9360,10832,746,ITH,ITH3,5,Veneto,Veneto,4905854,4503066,91.79,0.43
643,2021-01-05,VEN,7336,2186,5150,7334,0,2,ITH,ITH3,5,Veneto,Veneto,4905854,4510402,91.94,0.15
644,2021-07-02,VEN,49548,25135,24413,16290,32482,776,ITH,ITH3,5,Veneto,Veneto,4905854,4559950,92.95,1.01
645,2021-03-24,VEN,22124,9581,12543,14669,6806,649,ITH,ITH3,5,Veneto,Veneto,4905854,4582074,93.4,0.45
646,2021-08-19,VEN,18492,10051,8441,11275,6712,505,ITH,ITH3,5,Veneto,Veneto,4905854,4600566,93.78,0.38
647,2021-05-11,VEN,33197,16515,16682,27155,4728,1314,ITH,ITH3,5,Veneto,Veneto,4905854,4633763,94.45,0.68
648,2021-01-22,VEN,1080,332,748,25,1055,0,ITH,ITH3,5,Veneto,Veneto,4905854,4634843,94.48,0.02
649,2021-08-21,VEN,9763,5451,4312,6104,3244,415,ITH,ITH3,5,Veneto,Veneto,4905854,4644606,94.67,0.2
650,2021-05-04,VEN,43026,20379,22647,33365,8033,1628,ITH,ITH3,5,Veneto,Veneto,4905854,4687632,95.55,0.88
651,2021-01-24,VEN,4117,1219,2898,28,4089,0,ITH,ITH3,5,Veneto,Veneto,4905854,4691749,95.64,0.08
652,2021-04-07,VEN,36059,16203,19856,27607,7340,1112,ITH,ITH3,5,Veneto,Veneto,4905854,4727808,96.37,0.74
653,2021-07-16,VEN,44719,24050,20669,6950,37308,461,ITH,ITH3,5,Veneto,Veneto,4905854,4772527,97.28,0.91
654,2021-01-31,VEN,4789,1566,3223,408,4381,0,ITH,ITH3,5,Veneto,Veneto,4905854,4777316,97.38,0.1
655,2021-03-29,VEN,31469,13704,17765,26650,3825,994,ITH,ITH3,5,Veneto,Veneto,4905854,4808785,98.02,0.64
656,2021-05-13,VEN,44329,21875,22454,32598,9907,1824,ITH,ITH3,5,Veneto,Veneto,4905854,4853114,98.92,0.9
657,2021-02-02,VEN,6513,1881,4632,396,6117,0,ITH,ITH3,5,Veneto,Veneto,4905854,4859627,99.06,0.13
658,2021-07-09,VEN,45069,23769,21300,4118,40666,285,ITH,ITH3,5,Veneto,Veneto,4905854,4904696,99.98,0.92
659,2021-03-31,VEN,38973,16457,22516,30426,7507,1040,ITH,ITH3,5,Veneto,Veneto,4905854,4943669,100.77,0.79
660,2021-02-19,VEN,7323,3141,4182,6995,204,124,ITH,ITH3,5,Veneto,Veneto,4905854,4950992,100.92,0.15
661,2021-02-21,VEN,4640,1212,3428,4516,5,119,ITH,ITH3,5,Veneto,Veneto,4905854,4955632,101.01,0.09
662,2021-05-15,VEN,36262,17517,18745,24815,10019,1428,ITH,ITH3,5,Veneto,Veneto,4905854,4991894,101.75,0.74
663,2021-06-01,VEN,26991,13568,13423,15792,10556,643,ITH,ITH3,5,Veneto,Veneto,4905854,5018885,102.3,0.55
664,2021-03-10,VEN,19042,8727,10315,12963,5686,393,ITH,ITH3,5,Veneto,Veneto,4905854,5037927,102.69,0.39
665,2021-07-31,VEN,35117,18875,16242,16989,17481,647,ITH,ITH3,5,Veneto,Veneto,4905854,5073044,103.41,0.72
666,2021-08-14,VEN,9873,5785,4088,7232,2392,249,ITH,ITH3,5,Veneto,Veneto,4905854,5082917,103.61,0.2
667,2021-06-08,VEN,43849,22670,21179,36192,6142,1515,ITH,ITH3,5,Veneto,Veneto,4905854,5126766,104.5,0.89
668,2021-05-25,VEN,27857,13444,14413,11273,16086,498,ITH,ITH3,5,Veneto,Veneto,4905854,5154623,105.07,0.57
669,2021-02-14,VEN,126,56,70,113,13,0,ITH,ITH3,5,Veneto,Veneto,4905854,5154749,105.07,0.0
670,2021-02-10,VEN,4759,1592,3167,3692,1058,9,ITH,ITH3,5,Veneto,Veneto,4905854,5159508,105.17,0.1
671,2021-04-08,VEN,32406,14387,18019,23348,7886,1172,ITH,ITH3,5,Veneto,Veneto,4905854,5191914,105.83,0.66
672,2021-06-04,VEN,49651,25841,23810,39837,8145,1669,ITH,ITH3,5,Veneto,Veneto,4905854,5241565,106.84,1.01
673,2021-02-24,VEN,8621,3680,4941,7998,489,134,ITH,ITH3,5,Veneto,Veneto,4905854,5250186,107.02,0.18
674,2021-07-11,VEN,34233,17924,16309,3701,30282,250,ITH,ITH3,5,Veneto,Veneto,4905854,5284419,107.72,0.7
675,2021-02-28,VEN,4136,1389,2747,3225,837,74,ITH,ITH3,5,Veneto,Veneto,4905854,5288555,107.8,0.08
676,2021-03-17,VEN,14646,5991,8655,7527,6796,323,ITH,ITH3,5,Veneto,Veneto,4905854,5303201,108.1,0.3
677,2021-07-28,VEN,40224,20888,19336,12011,27753,460,ITH,ITH3,5,Veneto,Veneto,4905854,5343425,108.92,0.82
678,2021-01-12,VEN,5231,1517,3714,5223,0,8,ITH,ITH3,5,Veneto,Veneto,4905854,5348656,109.03,0.11
679,2021-06-22,VEN,43743,21629,22114,18510,24383,850,ITH,ITH3,5,Veneto,Veneto,4905854,5392399,109.92,0.89
680,2021-08-18,VEN,23230,12528,10702,14137,8411,682,ITH,ITH3,5,Veneto,Veneto,4905854,5415629,110.39,0.47
681,2021-08-04,VEN,42357,22624,19733,22534,18729,1094,ITH,ITH3,5,Veneto,Veneto,4905854,5457986,111.25,0.86
682,2021-04-26,VEN,20732,9461,11271,14917,5140,675,ITH,ITH3,5,Veneto,Veneto,4905854,5478718,111.68,0.42
683,2021-06-15,VEN,47824,24295,23529,29143,17532,1149,ITH,ITH3,5,Veneto,Veneto,4905854,5526542,112.65,0.97
684,2021-08-11,VEN,26721,14759,11962,15598,10550,573,ITH,ITH3,5,Veneto,Veneto,4905854,5553263,113.2,0.54
685,2021-04-19,VEN,21554,8930,12624,4709,16417,428,ITH,ITH3,5,Veneto,Veneto,4905854,5574817,113.64,0.44
686,2021-04-05,VEN,19165,8376,10789,13426,5438,301,ITH,ITH3,5,Veneto,Veneto,4905854,5593982,114.03,0.39
687,2021-01-26,VEN,6924,2092,4832,149,6775,0,ITH,ITH3,5,Veneto,Veneto,4905854,5600906,114.17,0.14
688,2021-05-06,VEN,47045,22063,24982,36579,8493,1973,ITH,ITH3,5,Veneto,Veneto,4905854,5647951,115.13,0.96
689,2021-06-02,VEN,20316,10238,10078,15352,4346,618,ITH,ITH3,5,Veneto,Veneto,4905854,5668267,115.54,0.41
690,2021-03-11,VEN,19837,8893,10944,13795,5576,466,ITH,ITH3,5,Veneto,Veneto,4905854,5688104,115.95,0.4
691,2021-04-27,VEN,28209,12798,15411,20136,6915,1158,ITH,ITH3,5,Veneto,Veneto,4905854,5716313,116.52,0.58
692,2021-01-17,VEN,1933,781,1152,1584,349,0,ITH,ITH3,5,Veneto,Veneto,4905854,5718246,116.56,0.04
693,2021-02-03,VEN,5955,1672,4283,474,5477,4,ITH,ITH3,5,Veneto,Veneto,4905854,5724201,116.68,0.12
694,2021-08-07,VEN,28921,16279,12642,16314,12057,550,ITH,ITH3,5,Veneto,Veneto,4905854,5753122,117.27,0.59
695,2021-04-29,VEN,50322,23408,26914,35409,13182,1731,ITH,ITH3,5,Veneto,Veneto,4905854,5803444,118.3,1.03
696,2021-07-21,VEN,43246,22323,20923,8687,34061,498,ITH,ITH3,5,Veneto,Veneto,4905854,5846690,119.18,0.88
697,2021-02-05,VEN,8389,2541,5848,1408,6972,9,ITH,ITH3,5,Veneto,Veneto,4905854,5855079,119.35,0.17
698,2021-02-22,VEN,7019,3044,3975,6581,391,47,ITH,ITH3,5,Veneto,Veneto,4905854,5862098,119.49,0.14
699,2021-05-16,VEN,28423,14015,14408,20325,7080,1018,ITH,ITH3,5,Veneto,Veneto,4905854,5890521,120.07,0.58
700,2021-08-09,VEN,34729,18617,16112,17111,16849,769,ITH,ITH3,5,Veneto,Veneto,4905854,5925250,120.78,0.71
701,2020-12-31,VEN,3221,1042,2179,3221,0,0,ITH,ITH3,5,Veneto,Veneto,4905854,5928471,120.84,0.07
702,2021-07-04,VEN,33887,17582,16305,14998,18288,601,ITH,ITH3,5,Veneto,Veneto,4905854,5962358,121.54,0.69
703,2021-04-12,VEN,14917,6343,8574,6400,8216,301,ITH,ITH3,5,Veneto,Veneto,4905854,5977275,121.84,0.3
704,2021-01-02,VEN,5744,1767,3977,5743,0,1,ITH,ITH3,5,Veneto,Veneto,4905854,5983019,121.96,0.12
705,2021-01-19,VEN,1313,475,838,1163,149,1,ITH,ITH3,5,Veneto,Veneto,4905854,5984332,121.98,0.03
706,2021-07-23,VEN,44450,23431,21019,15102,28771,577,ITH,ITH3,5,Veneto,Veneto,4905854,6028782,122.89,0.91
707,2021-05-01,VEN,38872,18249,20623,28714,8929,1229,ITH,ITH3,5,Veneto,Veneto,4905854,6067654,123.68,0.79
708,2021-03-26,LIG,9355,4039,5316,6095,3157,103,ITC,ITC3,7,Liguria,Liguria,1550640,9355,0.6,0.6
709,2021-07-04,LIG,4860,2583,2277,3837,996,27,ITC,ITC3,7,Liguria,Liguria,1550640,14215,0.92,0.31
710,2021-01-02,LIG,693,247,446,693,0,0,ITC,ITC3,7,Liguria,Liguria,1550640,14908,0.96,0.04
711,2021-08-01,LIG,1488,855,633,152,1336,0,ITC,ITC3,7,Liguria,Liguria,1550640,16396,1.06,0.1
712,2021-02-16,LIG,2428,957,1471,1992,430,6,ITC,ITC3,7,Liguria,Liguria,1550640,18824,1.21,0.16
713,2021-07-23,LIG,19979,10295,9684,5133,14752,94,ITC,ITC3,7,Liguria,Liguria,1550640,38803,2.5,1.29
714,2021-05-27,LIG,17000,8718,8282,12679,4167,154,ITC,ITC3,7,Liguria,Liguria,1550640,55803,3.6,1.1
715,2021-04-14,LIG,13081,5673,7408,10753,2207,121,ITC,ITC3,7,Liguria,Liguria,1550640,68884,4.44,0.84
716,2021-05-29,LIG,6871,3254,3617,3978,2874,19,ITC,ITC3,7,Liguria,Liguria,1550640,75755,4.89,0.44
717,2021-03-14,LIG,1660,753,907,1043,605,12,ITC,ITC3,7,Liguria,Liguria,1550640,77415,4.99,0.11
718,2021-08-18,LIG,12126,6547,5579,4206,7820,100,ITC,ITC3,7,Liguria,Liguria,1550640,89541,5.77,0.78
719,2021-06-22,LIG,15796,7463,8333,7635,8113,48,ITC,ITC3,7,Liguria,Liguria,1550640,105337,6.79,1.02
720,2021-07-06,LIG,12362,6070,6292,5664,6640,58,ITC,ITC3,7,Liguria,Liguria,1550640,117699,7.59,0.8
721,2021-05-10,LIG,12661,5649,7012,6208,6381,72,ITC,ITC3,7,Liguria,Liguria,1550640,130360,8.41,0.82
722,2021-02-11,LIG,1990,772,1218,1093,888,9,ITC,ITC3,7,Liguria,Liguria,1550640,132350,8.54,0.13
723,2021-05-22,LIG,6656,3222,3434,4880,1685,91,ITC,ITC3,7,Liguria,Liguria,1550640,139006,8.96,0.43
724,2021-06-10,LIG,18854,9723,9131,13155,5658,41,ITC,ITC3,7,Liguria,Liguria,1550640,157860,10.18,1.22
725,2021-03-19,LIG,5301,2236,3065,2099,3151,51,ITC,ITC3,7,Liguria,Liguria,1550640,163161,10.52,0.34
726,2021-03-02,LIG,4080,1692,2388,3762,310,8,ITC,ITC3,7,Liguria,Liguria,1550640,167241,10.79,0.26
727,2021-07-11,LIG,2148,1191,957,1234,903,11,ITC,ITC3,7,Liguria,Liguria,1550640,169389,10.92,0.14
728,2021-04-26,LIG,10580,4989,5591,7856,2640,84,ITC,ITC3,7,Liguria,Liguria,1550640,179969,11.61,0.68
729,2021-01-16,LIG,1279,558,721,1274,0,5,ITC,ITC3,7,Liguria,Liguria,1550640,181248,11.69,0.08
730,2021-02-02,LIG,2674,1007,1667,127,2545,2,ITC,ITC3,7,Liguria,Liguria,1550640,183922,11.86,0.17
731,2021-04-28,LIG,14464,6524,7940,6384,7994,86,ITC,ITC3,7,Liguria,Liguria,1550640,198386,12.79,0.93
732,2021-08-06,LIG,12172,6178,5994,3967,8108,97,ITC,ITC3,7,Liguria,Liguria,1550640,210558,13.58,0.78
733,2021-02-04,LIG,2819,989,1830,177,2642,0,ITC,ITC3,7,Liguria,Liguria,1550640,213377,13.76,0.18
734,2021-05-15,LIG,7325,3276,4049,4297,2962,66,ITC,ITC3,7,Liguria,Liguria,1550640,220702,14.23,0.47
735,2021-02-28,LIG,1060,580,480,1049,10,1,ITC,ITC3,7,Liguria,Liguria,1550640,221762,14.3,0.07
736,2021-07-18,LIG,2384,1223,1161,390,1983,11,ITC,ITC3,7,Liguria,Liguria,1550640,224146,14.46,0.15
737,2021-06-05,LIG,8097,4122,3975,4927,3154,16,ITC,ITC3,7,Liguria,Liguria,1550640,232243,14.98,0.52
738,2021-04-09,LIG,12472,5564,6908,10559,1778,135,ITC,ITC3,7,Liguria,Liguria,1550640,244715,15.78,0.8
739,2021-03-31,LIG,11950,5289,6661,9069,2780,101,ITC,ITC3,7,Liguria,Liguria,1550640,256665,16.55,0.77
740,2021-01-28,LIG,2851,972,1879,39,2812,0,ITC,ITC3,7,Liguria,Liguria,1550640,259516,16.74,0.18
741,2021-06-15,LIG,17397,8467,8930,9295,8061,41,ITC,ITC3,7,Liguria,Liguria,1550640,276913,17.86,1.12
742,2021-03-07,LIG,1914,1138,776,1602,301,11,ITC,ITC3,7,Liguria,Liguria,1550640,278827,17.98,0.12
743,2021-06-17,LIG,16707,7938,8769,9112,7536,59,ITC,ITC3,7,Liguria,Liguria,1550640,295534,19.06,1.08
744,2021-07-25,LIG,6393,3263,3130,649,5735,9,ITC,ITC3,7,Liguria,Liguria,1550640,301927,19.47,0.41
745,2021-02-09,LIG,1955,695,1260,264,1689,2,ITC,ITC3,7,Liguria,Liguria,1550640,303882,19.6,0.13
746,2021-05-03,LIG,13265,5923,7342,6357,6821,87,ITC,ITC3,7,Liguria,Liguria,1550640,317147,20.45,0.86
747,2021-08-11,LIG,13119,6724,6395,4799,8227,93,ITC,ITC3,7,Liguria,Liguria,1550640,330266,21.3,0.85
748,2021-03-21,LIG,551,220,331,69,482,0,ITC,ITC3,7,Liguria,Liguria,1550640,330817,21.33,0.04
749,2021-01-23,LIG,813,298,515,156,657,0,ITC,ITC3,7,Liguria,Liguria,1550640,331630,21.39,0.05
750,2021-06-29,LIG,15188,7230,7958,8680,6448,60,ITC,ITC3,7,Liguria,Liguria,1550640,346818,22.37,0.98
751,2021-05-17,LIG,12046,5527,6519,8647,3341,58,ITC,ITC3,7,Liguria,Liguria,1550640,358864,23.14,0.78
752,2021-02-21,LIG,869,491,378,863,4,2,ITC,ITC3,7,Liguria,Liguria,1550640,359733,23.2,0.06
753,2020-12-30,LIG,12,5,7,12,0,0,ITC,ITC3,7,Liguria,Liguria,1550640,359745,23.2,0.0
754,2021-06-24,LIG,11153,5447,5706,6267,4849,37,ITC,ITC3,7,Liguria,Liguria,1550640,370898,23.92,0.72
755,2021-04-02,LIG,11794,5221,6573,9222,2488,84,ITC,ITC3,7,Liguria,Liguria,1550640,382692,24.68,0.76
756,2021-04-21,LIG,14288,6458,7830,8861,5338,89,ITC,ITC3,7,Liguria,Liguria,1550640,396980,25.6,0.92
757,2021-07-30,LIG,16056,8318,7738,4660,11324,72,ITC,ITC3,7,Liguria,Liguria,1550640,413036,26.64,1.04
758,2021-08-13,LIG,10869,5613,5256,3946,6861,62,ITC,ITC3,7,Liguria,Liguria,1550640,423905,27.34,0.7
759,2021-05-08,LIG,7537,3337,4200,2274,5225,38,ITC,ITC3,7,Liguria,Liguria,1550640,431442,27.82,0.49
760,2021-01-25,LIG,2733,893,1840,476,2256,1,ITC,ITC3,7,Liguria,Liguria,1550640,434175,28.0,0.18
761,2021-05-05,LIG,13722,6140,7582,5176,8463,83,ITC,ITC3,7,Liguria,Liguria,1550640,447897,28.88,0.88
762,2021-01-09,LIG,1338,484,854,1337,0,1,ITC,ITC3,7,Liguria,Liguria,1550640,449235,28.97,0.09
763,2021-04-19,LIG,12841,5622,7219,8921,3833,87,ITC,ITC3,7,Liguria,Liguria,1550640,462076,29.8,0.83
764,2021-07-13,LIG,13090,6439,6651,3489,9571,30,ITC,ITC3,7,Liguria,Liguria,1550640,475166,30.64,0.84
765,2021-01-21,LIG,1109,385,724,677,431,1,ITC,ITC3,7,Liguria,Liguria,1550640,476275,30.71,0.07
766,2021-08-20,LIG,9331,4958,4373,3115,6154,62,ITC,ITC3,7,Liguria,Liguria,1550640,485606,31.32,0.6
767,2021-01-14,LIG,2983,1056,1927,2982,0,1,ITC,ITC3,7,Liguria,Liguria,1550640,488589,31.51,0.19
768,2020-12-28,LIG,80,30,50,80,0,0,ITC,ITC3,7,Liguria,Liguria,1550640,488669,31.51,0.01
769,2021-06-03,LIG,15547,7706,7841,9126,6390,31,ITC,ITC3,7,Liguria,Liguria,1550640,504216,32.52,1.0
770,2021-04-07,LIG,13689,6112,7577,11309,2291,89,ITC,ITC3,7,Liguria,Liguria,1550640,517905,33.4,0.88
771,2021-02-23,LIG,3809,1559,2250,3664,109,36,ITC,ITC3,7,Liguria,Liguria,1550640,521714,33.65,0.25
772,2021-08-10,LIG,13107,6544,6563,4286,8707,114,ITC,ITC3,7,Liguria,Liguria,1550640,534821,34.49,0.85
773,2021-06-14,LIG,15158,7319,7839,8253,6872,33,ITC,ITC3,7,Liguria,Liguria,1550640,549979,35.47,0.98
774,2021-06-02,LIG,8539,4347,4192,5350,3176,13,ITC,ITC3,7,Liguria,Liguria,1550640,558518,36.02,0.55
775,2021-06-19,LIG,7416,3777,3639,5706,1671,39,ITC,ITC3,7,Liguria,Liguria,1550640,565934,36.5,0.48
776,2021-01-30,LIG,1665,571,1094,23,1641,1,ITC,ITC3,7,Liguria,Liguria,1550640,567599,36.6,0.11
777,2021-03-28,LIG,1142,511,631,382,752,8,ITC,ITC3,7,Liguria,Liguria,1550640,568741,36.68,0.07
778,2021-07-29,LIG,17961,9185,8776,4409,13485,67,ITC,ITC3,7,Liguria,Liguria,1550640,586702,37.84,1.16
779,2021-03-16,LIG,6089,2732,3357,2316,3735,38,ITC,ITC3,7,Liguria,Liguria,1550640,592791,38.23,0.39
780,2021-08-15,LIG,1408,784,624,854,528,26,ITC,ITC3,7,Liguria,Liguria,1550640,594199,38.32,0.09
781,2021-05-24,LIG,11885,5593,6292,9278,2509,98,ITC,ITC3,7,Liguria,Liguria,1550640,606084,39.09,0.77
782,2021-05-07,LIG,13613,6045,7568,5729,7810,74,ITC,ITC3,7,Liguria,Liguria,1550640,619697,39.96,0.88
783,2021-02-13,LIG,1080,508,572,797,280,3,ITC,ITC3,7,Liguria,Liguria,1550640,620777,40.03,0.07
784,2021-06-07,LIG,15698,7665,8033,8638,7032,28,ITC,ITC3,7,Liguria,Liguria,1550640,636475,41.05,1.01
785,2021-06-26,LIG,7224,3361,3863,4458,2714,52,ITC,ITC3,7,Liguria,Liguria,1550640,643699,41.51,0.47
786,2021-07-10,LIG,6900,3479,3421,2747,4131,22,ITC,ITC3,7,Liguria,Liguria,1550640,650599,41.96,0.44
787,2021-04-04,LIG,764,369,395,508,251,5,ITC,ITC3,7,Liguria,Liguria,1550640,651363,42.01,0.05
788,2021-04-18,LIG,2618,1165,1453,2095,469,54,ITC,ITC3,7,Liguria,Liguria,1550640,653981,42.17,0.17
789,2021-07-27,LIG,17441,8891,8550,4359,13020,62,ITC,ITC3,7,Liguria,Liguria,1550640,671422,43.3,1.12
790,2021-01-08,LIG,2936,1000,1936,2934,0,2,ITC,ITC3,7,Liguria,Liguria,1550640,674358,43.49,0.19
791,2021-04-23,LIG,14697,6653,8044,8460,6129,108,ITC,ITC3,7,Liguria,Liguria,1550640,689055,44.44,0.95
792,2021-03-11,LIG,6408,3097,3311,4345,2013,50,ITC,ITC3,7,Liguria,Liguria,1550640,695463,44.85,0.41
793,2021-01-13,LIG,2760,1015,1745,2759,0,1,ITC,ITC3,7,Liguria,Liguria,1550640,698223,45.03,0.18
794,2021-01-04,LIG,2623,857,1766,2622,0,1,ITC,ITC3,7,Liguria,Liguria,1550640,700846,45.2,0.17
795,2021-08-03,LIG,14115,7209,6906,3985,10053,77,ITC,ITC3,7,Liguria,Liguria,1550640,714961,46.11,0.91
796,2021-06-21,LIG,14842,7039,7803,8541,6249,52,ITC,ITC3,7,Liguria,Liguria,1550640,729803,47.06,0.96
797,2021-03-12,LIG,6221,2874,3347,3689,2474,58,ITC,ITC3,7,Liguria,Liguria,1550640,736024,47.47,0.4
798,2021-07-01,LIG,13561,6537,7024,7344,6160,57,ITC,ITC3,7,Liguria,Liguria,1550640,749585,48.34,0.87
799,2021-05-19,LIG,13580,5963,7617,10323,3125,132,ITC,ITC3,7,Liguria,Liguria,1550640,763165,49.22,0.88
800,2021-03-23,LIG,9290,4230,5060,5989,3216,85,ITC,ITC3,7,Liguria,Liguria,1550640,772455,49.82,0.6
801,2021-07-15,LIG,14774,7476,7298,5183,9494,97,ITC,ITC3,7,Liguria,Liguria,1550640,787229,50.77,0.95
802,2021-02-25,LIG,3459,1349,2110,3308,130,21,ITC,ITC3,7,Liguria,Liguria,1550640,790688,50.99,0.22
803,2021-08-17,LIG,9828,5160,4668,3652,6107,69,ITC,ITC3,7,Liguria,Liguria,1550640,800516,51.62,0.63
804,2021-03-04,LIG,4742,2119,2623,3839,849,54,ITC,ITC3,7,Liguria,Liguria,1550640,805258,51.93,0.31
805,2021-06-12,LIG,10251,4988,5263,7467,2759,25,ITC,ITC3,7,Liguria,Liguria,1550640,815509,52.59,0.66
806,2021-04-30,LIG,14434,6446,7988,5772,8577,85,ITC,ITC3,7,Liguria,Liguria,1550640,829943,53.52,0.93
807,2021-03-06,LIG,3305,1842,1463,2581,705,19,ITC,ITC3,7,Liguria,Liguria,1550640,833248,53.74,0.21
808,2021-01-22,LIG,1827,605,1222,1337,488,2,ITC,ITC3,7,Liguria,Liguria,1550640,835075,53.85,0.12
809,2021-05-02,LIG,3980,1836,2144,502,3472,6,ITC,ITC3,7,Liguria,Liguria,1550640,839055,54.11,0.26
810,2021-02-06,LIG,1892,768,1124,145,1747,0,ITC,ITC3,7,Liguria,Liguria,1550640,840947,54.23,0.12
811,2021-06-11,LIG,17853,9090,8763,11740,6076,37,ITC,ITC3,7,Liguria,Liguria,1550640,858800,55.38,1.15
812,2021-04-15,LIG,11850,5240,6610,9893,1855,102,ITC,ITC3,7,Liguria,Liguria,1550640,870650,56.15,0.76
813,2021-01-27,LIG,1748,604,1144,139,1608,1,ITC,ITC3,7,Liguria,Liguria,1550640,872398,56.26,0.11
814,2021-05-21,LIG,12864,5965,6899,9600,3134,130,ITC,ITC3,7,Liguria,Liguria,1550640,885262,57.09,0.83
815,2021-02-27,LIG,1888,921,967,1755,129,4,ITC,ITC3,7,Liguria,Liguria,1550640,887150,57.21,0.12
816,2021-02-10,LIG,2322,838,1484,1014,1304,4,ITC,ITC3,7,Liguria,Liguria,1550640,889472,57.36,0.15
817,2021-04-16,LIG,12009,5293,6716,10020,1832,157,ITC,ITC3,7,Liguria,Liguria,1550640,901481,58.14,0.77
818,2021-01-06,LIG,1665,618,1047,1663,0,2,ITC,ITC3,7,Liguria,Liguria,1550640,903146,58.24,0.11
819,2021-06-28,LIG,11617,5619,5998,7243,4308,66,ITC,ITC3,7,Liguria,Liguria,1550640,914763,58.99,0.75
820,2021-04-08,LIG,13789,6182,7607,11609,2047,133,ITC,ITC3,7,Liguria,Liguria,1550640,928552,59.88,0.89
821,2021-07-17,LIG,6514,3360,3154,1810,4693,11,ITC,ITC3,7,Liguria,Liguria,1550640,935066,60.3,0.42
822,2021-07-31,LIG,8254,4408,3846,1314,6923,17,ITC,ITC3,7,Liguria,Liguria,1550640,943320,60.83,0.53
823,2021-06-04,LIG,14796,7264,7532,9259,5497,40,ITC,ITC3,7,Liguria,Liguria,1550640,958116,61.79,0.95
824,2021-02-18,LIG,2772,1128,1644,2425,339,8,ITC,ITC3,7,Liguria,Liguria,1550640,960888,61.97,0.18
825,2021-05-14,LIG,13155,5869,7286,8644,4337,174,ITC,ITC3,7,Liguria,Liguria,1550640,974043,62.82,0.85
826,2021-08-22,LIG,346,207,139,82,261,3,ITC,ITC3,7,Liguria,Liguria,1550640,974389,62.84,0.02
827,2021-05-31,LIG,14724,7385,7339,9119,5522,83,ITC,ITC3,7,Liguria,Liguria,1550640,989113,63.79,0.95
828,2021-03-09,LIG,5938,2756,3182,4448,1432,58,ITC,ITC3,7,Liguria,Liguria,1550640,995051,64.17,0.38
829,2021-02-20,LIG,1336,638,698,1333,1,2,ITC,ITC3,7,Liguria,Liguria,1550640,996387,64.26,0.09
830,2021-08-07,LIG,5187,2648,2539,1117,4058,12,ITC,ITC3,7,Liguria,Liguria,1550640,1001574,64.59,0.33
831,2021-05-16,LIG,3711,1863,1848,2118,1567,26,ITC,ITC3,7,Liguria,Liguria,1550640,1005285,64.83,0.24
832,2021-02-22,LIG,3346,1476,1870,3194,143,9,ITC,ITC3,7,Liguria,Liguria,1550640,1008631,65.05,0.22
833,2021-02-01,LIG,2583,936,1647,112,2471,0,ITC,ITC3,7,Liguria,Liguria,1550640,1011214,65.21,0.17
834,2021-07-08,LIG,13648,6714,6934,6193,7396,59,ITC,ITC3,7,Liguria,Liguria,1550640,1024862,66.09,0.88
835,2021-05-12,LIG,12119,5491,6628,6612,5408,99,ITC,ITC3,7,Liguria,Liguria,1550640,1036981,66.87,0.78
836,2021-05-26,LIG,16694,8429,8265,12170,4380,144,ITC,ITC3,7,Liguria,Liguria,1550640,1053675,67.95,1.08
837,2021-03-30,LIG,12223,5430,6793,8753,3392,78,ITC,ITC3,7,Liguria,Liguria,1550640,1065898,68.74,0.79
838,2021-04-06,LIG,13259,5903,7356,10890,2265,104,ITC,ITC3,7,Liguria,Liguria,1550640,1079157,69.59,0.86
839,2021-05-04,LIG,13658,6093,7565,5360,8234,64,ITC,ITC3,7,Liguria,Liguria,1550640,1092815,70.48,0.88
840,2021-08-12,LIG,12506,6429,6077,4601,7833,72,ITC,ITC3,7,Liguria,Liguria,1550640,1105321,71.28,0.81
841,2021-05-09,LIG,2826,1244,1582,1085,1711,30,ITC,ITC3,7,Liguria,Liguria,1550640,1108147,71.46,0.18
842,2021-01-29,LIG,3099,1069,2030,64,3035,0,ITC,ITC3,7,Liguria,Liguria,1550640,1111246,71.66,0.2
843,2021-08-14,LIG,3196,1706,1490,894,2287,15,ITC,ITC3,7,Liguria,Liguria,1550640,1114442,71.87,0.21
844,2021-03-18,LIG,4989,2124,2865,1976,2982,31,ITC,ITC3,7,Liguria,Liguria,1550640,1119431,72.19,0.32
845,2021-04-01,LIG,12436,5516,6920,9586,2773,77,ITC,ITC3,7,Liguria,Liguria,1550640,1131867,72.99,0.8
846,2021-06-08,LIG,18113,9034,9079,11423,6650,40,ITC,ITC3,7,Liguria,Liguria,1550640,1149980,74.16,1.17
847,2021-03-17,LIG,5557,2371,3186,2455,3083,19,ITC,ITC3,7,Liguria,Liguria,1550640,1155537,74.52,0.36
848,2021-06-25,LIG,13850,6620,7230,6890,6918,42,ITC,ITC3,7,Liguria,Liguria,1550640,1169387,75.41,0.89
849,2021-07-14,LIG,11508,5668,5840,3432,8027,49,ITC,ITC3,7,Liguria,Liguria,1550640,1180895,76.16,0.74
850,2021-07-28,LIG,18449,9503,8946,5807,12530,112,ITC,ITC3,7,Liguria,Liguria,1550640,1199344,77.35,1.19
851,2021-05-06,LIG,14540,6445,8095,6075,8338,127,ITC,ITC3,7,Liguria,Liguria,1550640,1213884,78.28,0.94
852,2021-01-26,LIG,2490,809,1681,16,2474,0,ITC,ITC3,7,Liguria,Liguria,1550640,1216374,78.44,0.16
853,2021-01-20,LIG,1560,557,1003,1547,12,1,ITC,ITC3,7,Liguria,Liguria,1550640,1217934,78.54,0.1
854,2021-08-19,LIG,9746,5135,4611,2721,6956,69,ITC,ITC3,7,Liguria,Liguria,1550640,1227680,79.17,0.63
855,2021-07-09,LIG,12840,6329,6511,4219,8579,42,ITC,ITC3,7,Liguria,Liguria,1550640,1240520,80.0,0.83
856,2021-07-19,LIG,12100,6031,6069,3361,8687,52,ITC,ITC3,7,Liguria,Liguria,1550640,1252620,80.78,0.78
857,2021-08-05,LIG,14213,7344,6869,4118,10032,63,ITC,ITC3,7,Liguria,Liguria,1550640,1266833,81.7,0.92
858,2021-04-27,LIG,14819,6699,8120,7151,7603,65,ITC,ITC3,7,Liguria,Liguria,1550640,1281652,82.65,0.96
859,2021-02-03,LIG,2320,792,1528,51,2269,0,ITC,ITC3,7,Liguria,Liguria,1550640,1283972,82.8,0.15
860,2021-07-21,LIG,19196,9513,9683,3825,15308,63,ITC,ITC3,7,Liguria,Liguria,1550640,1303168,84.04,1.24
861,2021-04-29,LIG,15588,6981,8607,6649,8847,92,ITC,ITC3,7,Liguria,Liguria,1550640,1318756,85.05,1.01
862,2021-04-12,LIG,12392,5478,6914,10278,2020,94,ITC,ITC3,7,Liguria,Liguria,1550640,1331148,85.85,0.8
863,2021-01-19,LIG,1375,440,935,1281,90,4,ITC,ITC3,7,Liguria,Liguria,1550640,1332523,85.93,0.09
864,2021-02-05,LIG,2740,994,1746,299,2440,1,ITC,ITC3,7,Liguria,Liguria,1550640,1335263,86.11,0.18
865,2021-02-17,LIG,2696,1184,1512,2249,435,12,ITC,ITC3,7,Liguria,Liguria,1550640,1337959,86.28,0.17
866,2021-07-24,LIG,11601,6037,5564,2319,9241,41,ITC,ITC3,7,Liguria,Liguria,1550640,1349560,87.03,0.75
867,2021-05-28,LIG,16313,8150,8163,11619,4557,137,ITC,ITC3,7,Liguria,Liguria,1550640,1365873,88.08,1.05
868,2021-01-05,LIG,2880,896,1984,2880,0,0,ITC,ITC3,7,Liguria,Liguria,1550640,1368753,88.27,0.19
869,2021-03-03,LIG,4581,1846,2735,3445,1027,109,ITC,ITC3,7,Liguria,Liguria,1550640,1373334,88.57,0.3
870,2021-08-04,LIG,13828,6964,6864,3273,10470,85,ITC,ITC3,7,Liguria,Liguria,1550640,1387162,89.46,0.89
871,2021-02-24,LIG,3766,1561,2205,3455,259,52,ITC,ITC3,7,Liguria,Liguria,1550640,1390928,89.7,0.24
872,2020-12-29,LIG,125,33,92,125,0,0,ITC,ITC3,7,Liguria,Liguria,1550640,1391053,89.71,0.01
873,2021-01-12,LIG,2475,890,1585,2474,0,1,ITC,ITC3,7,Liguria,Liguria,1550640,1393528,89.87,0.16
874,2021-04-22,LIG,13877,6216,7661,8656,5089,132,ITC,ITC3,7,Liguria,Liguria,1550640,1407405,90.76,0.89
875,2021-01-11,LIG,2658,994,1664,2656,0,2,ITC,ITC3,7,Liguria,Liguria,1550640,1410063,90.93,0.17
876,2021-07-12,LIG,13423,6439,6984,4155,9225,43,ITC,ITC3,7,Liguria,Liguria,1550640,1423486,91.8,0.87
877,2021-01-10,LIG,651,264,387,647,0,4,ITC,ITC3,7,Liguria,Liguria,1550640,1424137,91.84,0.04
878,2021-04-20,LIG,14248,6524,7724,9740,4359,149,ITC,ITC3,7,Liguria,Liguria,1550640,1438385,92.76,0.92
879,2021-05-23,LIG,2310,1121,1189,1172,1124,14,ITC,ITC3,7,Liguria,Liguria,1550640,1440695,92.91,0.15
880,2021-03-01,LIG,3540,1447,2093,3385,136,19,ITC,ITC3,7,Liguria,Liguria,1550640,1444235,93.14,0.23
881,2021-06-09,LIG,19079,9573,9506,12459,6574,46,ITC,ITC3,7,Liguria,Liguria,1550640,1463314,94.37,1.23
882,2021-04-05,LIG,3980,1755,2225,2310,1649,21,ITC,ITC3,7,Liguria,Liguria,1550640,1467294,94.63,0.26
883,2021-07-16,LIG,12620,6217,6403,3139,9434,47,ITC,ITC3,7,Liguria,Liguria,1550640,1479914,95.44,0.81
884,2021-02-08,LIG,1982,743,1239,299,1683,0,ITC,ITC3,7,Liguria,Liguria,1550640,1481896,95.57,0.13
885,2020-12-27,LIG,135,56,79,134,0,1,ITC,ITC3,7,Liguria,Liguria,1550640,1482031,95.58,0.01
886,2021-05-11,LIG,13936,6399,7537,7202,6626,108,ITC,ITC3,7,Liguria,Liguria,1550640,1495967,96.47,0.9
887,2021-03-29,LIG,10590,4626,5964,7361,3135,94,ITC,ITC3,7,Liguria,Liguria,1550640,1506557,97.16,0.68
888,2021-01-31,LIG,624,270,354,4,620,0,ITC,ITC3,7,Liguria,Liguria,1550640,1507181,97.2,0.04
889,2021-07-07,LIG,11776,5646,6130,4946,6774,56,ITC,ITC3,7,Liguria,Liguria,1550640,1518957,97.96,0.76
890,2021-03-20,LIG,2316,995,1321,1128,1174,14,ITC,ITC3,7,Liguria,Liguria,1550640,1521273,98.11,0.15
891,2021-06-30,LIG,15092,7202,7890,8222,6806,64,ITC,ITC3,7,Liguria,Liguria,1550640,1536365,99.08,0.97
892,2021-01-15,LIG,2264,756,1508,2259,0,5,ITC,ITC3,7,Liguria,Liguria,1550640,1538629,99.23,0.15
893,2021-04-25,LIG,1936,921,1015,1509,415,12,ITC,ITC3,7,Liguria,Liguria,1550640,1540565,99.35,0.12
894,2021-03-13,LIG,3850,1637,2213,2964,857,29,ITC,ITC3,7,Liguria,Liguria,1550640,1544415,99.6,0.25
895,2021-06-23,LIG,14349,6864,7485,9094,5204,51,ITC,ITC3,7,Liguria,Liguria,1550640,1558764,100.52,0.93
896,2021-02-14,LIG,233,122,111,233,0,0,ITC,ITC3,7,Liguria,Liguria,1550640,1558997,100.54,0.02
897,2021-05-25,LIG,14277,6959,7318,10961,3191,125,ITC,ITC3,7,Liguria,Liguria,1550640,1573274,101.46,0.92
898,2021-03-22,LIG,7753,3473,4280,4739,2942,72,ITC,ITC3,7,Liguria,Liguria,1550640,1581027,101.96,0.5
899,2021-02-07,LIG,407,153,254,2,405,0,ITC,ITC3,7,Liguria,Liguria,1550640,1581434,101.99,0.03
900,2021-05-18,LIG,13501,6136,7365,10064,3313,124,ITC,ITC3,7,Liguria,Liguria,1550640,1594935,102.86,0.87
901,2021-03-24,LIG,9185,4033,5152,5816,3289,80,ITC,ITC3,7,Liguria,Liguria,1550640,1604120,103.45,0.59
902,2021-07-02,LIG,12980,6371,6609,6422,6503,55,ITC,ITC3,7,Liguria,Liguria,1550640,1617100,104.29,0.84
903,2020-12-31,LIG,990,353,637,990,0,0,ITC,ITC3,7,Liguria,Liguria,1550640,1618090,104.35,0.06
904,2021-04-10,LIG,7892,3562,4330,6904,914,74,ITC,ITC3,7,Liguria,Liguria,1550640,1625982,104.86,0.51
905,2021-01-17,LIG,866,301,565,865,0,1,ITC,ITC3,7,Liguria,Liguria,1550640,1626848,104.91,0.06
906,2021-04-03,LIG,5409,2500,2909,4436,943,30,ITC,ITC3,7,Liguria,Liguria,1550640,1632257,105.26,0.35
907,2021-02-15,LIG,2264,839,1425,1854,399,11,ITC,ITC3,7,Liguria,Liguria,1550640,1634521,105.41,0.15
908,2021-01-03,LIG,736,231,505,734,0,2,ITC,ITC3,7,Liguria,Liguria,1550640,1635257,105.46,0.05
909,2021-05-20,LIG,12949,6008,6941,8792,4036,121,ITC,ITC3,7,Liguria,Liguria,1550640,1648206,106.29,0.84
910,2021-01-24,LIG,760,240,520,116,644,0,ITC,ITC3,7,Liguria,Liguria,1550640,1648966,106.34,0.05
911,2021-06-27,LIG,1950,895,1055,689,1250,11,ITC,ITC3,7,Liguria,Liguria,1550640,1650916,106.47,0.13
912,2021-02-12,LIG,1941,691,1250,895,1045,1,ITC,ITC3,7,Liguria,Liguria,1550640,1652857,106.59,0.13
913,2021-07-26,LIG,17589,8977,8612,4707,12796,86,ITC,ITC3,7,Liguria,Liguria,1550640,1670446,107.73,1.13
914,2021-01-07,LIG,3226,1096,2130,3223,0,3,ITC,ITC3,7,Liguria,Liguria,1550640,1673672,107.93,0.21
915,2021-06-13,LIG,5631,2702,2929,5152,456,23,ITC,ITC3,7,Liguria,Liguria,1550640,1679303,108.3,0.36
916,2021-04-17,LIG,7391,3219,4172,6583,753,55,ITC,ITC3,7,Liguria,Liguria,1550640,1686694,108.77,0.48
917,2021-05-01,LIG,7150,3258,3892,1314,5806,30,ITC,ITC3,7,Liguria,Liguria,1550640,1693844,109.24,0.46
918,2021-03-05,LIG,4873,2153,2720,3693,1135,45,ITC,ITC3,7,Liguria,Liguria,1550640,1698717,109.55,0.31
919,2021-08-09,LIG,11952,6070,5882,4348,7504,100,ITC,ITC3,7,Liguria,Liguria,1550640,1710669,110.32,0.77
920,2021-06-06,LIG,3814,2032,1782,2945,862,7,ITC,ITC3,7,Liguria,Liguria,1550640,1714483,110.57,0.25
921,2021-04-24,LIG,8220,3797,4423,4985,3154,81,ITC,ITC3,7,Liguria,Liguria,1550640,1722703,111.1,0.53
922,2021-02-26,LIG,3770,1525,2245,3416,329,25,ITC,ITC3,7,Liguria,Liguria,1550640,1726473,111.34,0.24
923,2021-08-02,LIG,13065,6492,6573,2971,10035,59,ITC,ITC3,7,Liguria,Liguria,1550640,1739538,112.18,0.84
924,2021-06-20,LIG,1335,658,677,1050,275,10,ITC,ITC3,7,Liguria,Liguria,1550640,1740873,112.27,0.09
925,2021-08-16,LIG,9904,5123,4781,3783,6040,81,ITC,ITC3,7,Liguria,Liguria,1550640,1750777,112.91,0.64
926,2021-03-15,LIG,7365,3118,4247,4504,2816,45,ITC,ITC3,7,Liguria,Liguria,1550640,1758142,113.38,0.47
927,2021-07-03,LIG,8815,4366,4449,5467,3320,28,ITC,ITC3,7,Liguria,Liguria,1550640,1766957,113.95,0.57
928,2021-04-11,LIG,4251,1930,2321,3959,249,43,ITC,ITC3,7,Liguria,Liguria,1550640,1771208,114.22,0.27
929,2021-07-20,LIG,13964,6878,7086,2739,11182,43,ITC,ITC3,7,Liguria,Liguria,1550640,1785172,115.12,0.9
930,2021-01-18,LIG,2145,748,1397,1986,157,2,ITC,ITC3,7,Liguria,Liguria,1550640,1787317,115.26,0.14
931,2021-08-08,LIG,1204,647,557,542,658,4,ITC,ITC3,7,Liguria,Liguria,1550640,1788521,115.34,0.08
932,2021-07-22,LIG,21407,10879,10528,4581,16741,85,ITC,ITC3,7,Liguria,Liguria,1550640,1809928,116.72,1.38
933,2021-06-16,LIG,16393,7924,8469,9239,7113,41,ITC,ITC3,7,Liguria,Liguria,1550640,1826321,117.78,1.06
934,2021-03-08,LIG,5631,2462,3169,3908,1692,31,ITC,ITC3,7,Liguria,Liguria,1550640,1831952,118.14,0.36
935,2021-03-25,LIG,9778,4234,5544,6242,3394,142,ITC,ITC3,7,Liguria,Liguria,1550640,1841730,118.77,0.63
936,2021-01-01,LIG,145,55,90,145,0,0,ITC,ITC3,7,Liguria,Liguria,1550640,1841875,118.78,0.01
937,2021-03-27,LIG,3934,1549,2385,2513,1397,24,ITC,ITC3,7,Liguria,Liguria,1550640,1845809,119.04,0.25
938,2021-07-05,LIG,11913,5774,6139,5339,6516,58,ITC,ITC3,7,Liguria,Liguria,1550640,1857722,119.8,0.77
939,2021-04-13,LIG,13087,5873,7214,10951,2025,111,ITC,ITC3,7,Liguria,Liguria,1550640,1870809,120.65,0.84
940,2021-08-21,LIG,3054,1662,1392,906,2112,36,ITC,ITC3,7,Liguria,Liguria,1550640,1873863,120.84,0.2
941,2021-05-13,LIG,13327,6092,7235,8901,4271,155,ITC,ITC3,7,Liguria,Liguria,1550640,1887190,121.7,0.86
942,2021-02-19,LIG,3222,1307,1915,3032,176,14,ITC,ITC3,7,Liguria,Liguria,1550640,1890412,121.91,0.21
943,2021-05-30,LIG,3302,1612,1690,1338,1945,19,ITC,ITC3,7,Liguria,Liguria,1550640,1893714,122.12,0.21
944,2021-06-01,LIG,16343,8227,8116,10936,5370,37,ITC,ITC3,7,Liguria,Liguria,1550640,1910057,123.18,1.05
945,2021-06-18,LIG,15425,7509,7916,8152,7220,53,ITC,ITC3,7,Liguria,Liguria,1550640,1925482,124.17,0.99
946,2021-03-10,LIG,5920,2868,3052,3952,1913,55,ITC,ITC3,7,Liguria,Liguria,1550640,1931402,124.56,0.38
947,2021-03-28,LOM,20630,7878,12752,13963,6282,385,ITC,ITC4,3,Lombardia,Lombardia,10060574,20630,0.21,0.21
948,2021-04-14,LOM,47232,21047,26185,33557,12983,692,ITC,ITC4,3,Lombardia,Lombardia,10060574,67862,0.67,0.47
949,2021-01-04,LOM,6129,2118,4011,6122,0,7,ITC,ITC4,3,Lombardia,Lombardia,10060574,73991,0.74,0.06
950,2021-06-19,LOM,104396,52027,52369,56234,46740,1422,ITC,ITC4,3,Lombardia,Lombardia,10060574,178387,1.77,1.04
951,2021-07-06,LOM,102167,50881,51286,23097,77654,1416,ITC,ITC4,3,Lombardia,Lombardia,10060574,280554,2.79,1.02
952,2021-05-24,LOM,89617,43526,46091,48599,40081,937,ITC,ITC4,3,Lombardia,Lombardia,10060574,370171,3.68,0.89
953,2021-02-11,LOM,17125,5022,12103,9635,7411,79,ITC,ITC4,3,Lombardia,Lombardia,10060574,387296,3.85,0.17
954,2021-05-31,LOM,95733,47426,48307,78383,16246,1104,ITC,ITC4,3,Lombardia,Lombardia,10060574,483029,4.8,0.95
955,2021-07-27,LOM,104923,56841,48082,7474,96743,706,ITC,ITC4,3,Lombardia,Lombardia,10060574,587952,5.84,1.04
956,2021-01-16,LOM,15642,5783,9859,15631,0,11,ITC,ITC4,3,Lombardia,Lombardia,10060574,603594,6.0,0.16
957,2021-08-15,LOM,7000,3988,3012,2935,3883,182,ITC,ITC4,3,Lombardia,Lombardia,10060574,610594,6.07,0.07
958,2021-02-16,LOM,9526,3080,6446,8975,450,101,ITC,ITC4,3,Lombardia,Lombardia,10060574,620120,6.16,0.09
959,2021-06-10,LOM,102717,52266,50451,86429,14490,1798,ITC,ITC4,3,Lombardia,Lombardia,10060574,722837,7.18,1.02
960,2021-03-02,LOM,22841,9711,13130,19531,3046,264,ITC,ITC4,3,Lombardia,Lombardia,10060574,745678,7.41,0.23
961,2021-08-20,LOM,27081,14990,12091,14122,11866,1093,ITC,ITC4,3,Lombardia,Lombardia,10060574,772759,7.68,0.27
962,2020-12-28,LOM,108,47,61,108,0,0,ITC,ITC4,3,Lombardia,Lombardia,10060574,772867,7.68,0.0
963,2021-06-05,LOM,102449,52963,49486,91107,9830,1512,ITC,ITC4,3,Lombardia,Lombardia,10060574,875316,8.7,1.02
964,2021-03-14,LOM,14881,5349,9532,11216,3289,376,ITC,ITC4,3,Lombardia,Lombardia,10060574,890197,8.85,0.15
965,2021-08-01,LOM,53134,28429,24705,27334,24261,1539,ITC,ITC4,3,Lombardia,Lombardia,10060574,943331,9.38,0.53
966,2021-04-23,LOM,73627,33366,40261,55593,16643,1391,ITC,ITC4,3,Lombardia,Lombardia,10060574,1016958,10.11,0.73
967,2021-05-10,LOM,85314,40904,44410,62015,21597,1702,ITC,ITC4,3,Lombardia,Lombardia,10060574,1102272,10.96,0.85
968,2021-01-30,LOM,12351,4583,7768,146,12196,9,ITC,ITC4,3,Lombardia,Lombardia,10060574,1114623,11.08,0.12
969,2021-07-20,LOM,95021,49097,45924,6914,87360,747,ITC,ITC4,3,Lombardia,Lombardia,10060574,1209644,12.02,0.94
970,2021-02-04,LOM,27992,8161,19831,2047,25940,5,ITC,ITC4,3,Lombardia,Lombardia,10060574,1237636,12.3,0.28
971,2021-07-18,LOM,97105,50592,46513,8546,87866,693,ITC,ITC4,3,Lombardia,Lombardia,10060574,1334741,13.27,0.97
972,2021-04-09,LOM,52446,22392,30054,35588,16017,841,ITC,ITC4,3,Lombardia,Lombardia,10060574,1387187,13.79,0.52
973,2021-07-13,LOM,108688,56821,51867,15454,92000,1234,ITC,ITC4,3,Lombardia,Lombardia,10060574,1495875,14.87,1.08
974,2021-04-04,LOM,7613,3230,4383,3682,3897,34,ITC,ITC4,3,Lombardia,Lombardia,10060574,1503488,14.94,0.08
975,2021-08-06,LOM,85558,46625,38933,17765,66940,853,ITC,ITC4,3,Lombardia,Lombardia,10060574,1589046,15.79,0.85
976,2021-04-28,LOM,95792,43688,52104,66933,26936,1923,ITC,ITC4,3,Lombardia,Lombardia,10060574,1684838,16.75,0.95
977,2021-06-24,LOM,109757,56736,53021,78382,28999,2376,ITC,ITC4,3,Lombardia,Lombardia,10060574,1794595,17.84,1.09
978,2021-03-16,LOM,25532,10129,15403,16305,9105,122,ITC,ITC4,3,Lombardia,Lombardia,10060574,1820127,18.09,0.25
979,2021-05-12,LOM,87567,41775,45792,57434,27605,2528,ITC,ITC4,3,Lombardia,Lombardia,10060574,1907694,18.96,0.87
980,2021-07-08,LOM,114690,58446,56244,13229,100436,1025,ITC,ITC4,3,Lombardia,Lombardia,10060574,2022384,20.1,1.14
981,2021-07-25,LOM,86636,45734,40902,9423,76432,781,ITC,ITC4,3,Lombardia,Lombardia,10060574,2109020,20.96,0.86
982,2021-04-16,LOM,53723,23937,29786,38432,14390,901,ITC,ITC4,3,Lombardia,Lombardia,10060574,2162743,21.5,0.53
983,2021-05-03,LOM,83741,39781,43960,69474,12140,2127,ITC,ITC4,3,Lombardia,Lombardia,10060574,2246484,22.33,0.83
984,2021-01-23,LOM,1127,361,766,925,199,3,ITC,ITC4,3,Lombardia,Lombardia,10060574,2247611,22.34,0.01
985,2021-03-26,LOM,41361,15722,25639,27504,13177,680,ITC,ITC4,3,Lombardia,Lombardia,10060574,2288972,22.75,0.41
986,2021-05-22,LOM,70662,33861,36801,31726,38220,716,ITC,ITC4,3,Lombardia,Lombardia,10060574,2359634,23.45,0.7
987,2021-05-29,LOM,88384,42437,45947,41397,46144,843,ITC,ITC4,3,Lombardia,Lombardia,10060574,2448018,24.33,0.88
988,2021-02-18,LOM,14060,4929,9131,12823,1038,199,ITC,ITC4,3,Lombardia,Lombardia,10060574,2462078,24.47,0.14
989,2021-01-09,LOM,12502,4611,7891,12494,0,8,ITC,ITC4,3,Lombardia,Lombardia,10060574,2474580,24.6,0.12
990,2021-03-07,LOM,12094,5364,6730,9339,2563,192,ITC,ITC4,3,Lombardia,Lombardia,10060574,2486674,24.72,0.12
991,2021-01-27,LOM,8068,2684,5384,807,7259,2,ITC,ITC4,3,Lombardia,Lombardia,10060574,2494742,24.8,0.08
992,2021-07-03,LOM,102501,51712,50789,44536,55856,2109,ITC,ITC4,3,Lombardia,Lombardia,10060574,2597243,25.82,1.02
993,2021-03-25,LOM,43034,16092,26942,29251,12872,911,ITC,ITC4,3,Lombardia,Lombardia,10060574,2640277,26.24,0.43
994,2021-05-21,LOM,93922,45275,48647,28389,64772,761,ITC,ITC4,3,Lombardia,Lombardia,10060574,2734199,27.18,0.93
995,2021-02-23,LOM,11833,4806,7027,11291,332,210,ITC,ITC4,3,Lombardia,Lombardia,10060574,2746032,27.29,0.12
996,2021-08-08,LOM,58835,31954,26881,16679,41362,794,ITC,ITC4,3,Lombardia,Lombardia,10060574,2804867,27.88,0.58
997,2021-05-17,LOM,94691,45374,49317,29550,64438,703,ITC,ITC4,3,Lombardia,Lombardia,10060574,2899558,28.82,0.94
998,2021-04-21,LOM,71884,32581,39303,55847,14695,1342,ITC,ITC4,3,Lombardia,Lombardia,10060574,2971442,29.54,0.71
999,2021-01-11,LOM,16310,5390,10920,16300,0,10,ITC,ITC4,3,Lombardia,Lombardia,10060574,2987752,29.7,0.16
1000,2021-01-28,LOM,12263,3720,8543,795,11461,7,ITC,ITC4,3,Lombardia,Lombardia,10060574,3000015,29.82,0.12
1001,2021-06-12,LOM,89321,48063,41258,84313,3167,1841,ITC,ITC4,3,Lombardia,Lombardia,10060574,3089336,30.71,0.89
1002,2021-06-29,LOM,107303,53209,54094,57428,47869,2006,ITC,ITC4,3,Lombardia,Lombardia,10060574,3196639,31.77,1.07
1003,2021-03-21,LOM,23522,8499,15023,17728,5197,597,ITC,ITC4,3,Lombardia,Lombardia,10060574,3220161,32.01,0.23
1004,2021-06-17,LOM,108653,52751,55902,50653,56822,1178,ITC,ITC4,3,Lombardia,Lombardia,10060574,3328814,33.09,1.08
1005,2021-03-09,LOM,33260,12877,20383,25250,7420,590,ITC,ITC4,3,Lombardia,Lombardia,10060574,3362074,33.42,0.33
1006,2021-08-13,LOM,53405,29577,23828,20489,31653,1263,ITC,ITC4,3,Lombardia,Lombardia,10060574,3415479,33.95,0.53
1007,2021-05-05,LOM,88112,42007,46105,70481,15355,2276,ITC,ITC4,3,Lombardia,Lombardia,10060574,3503591,34.82,0.88
1008,2021-07-01,LOM,105125,52886,52239,53345,49383,2397,ITC,ITC4,3,Lombardia,Lombardia,10060574,3608716,35.87,1.04
1009,2021-04-02,LOM,41412,16951,24461,26212,14645,555,ITC,ITC4,3,Lombardia,Lombardia,10060574,3650128,36.28,0.41
1010,2021-08-12,LOM,56874,31244,25630,21983,33511,1380,ITC,ITC4,3,Lombardia,Lombardia,10060574,3707002,36.85,0.57
1011,2021-06-21,LOM,113373,58078,55295,78335,32869,2169,ITC,ITC4,3,Lombardia,Lombardia,10060574,3820375,37.97,1.13
1012,2021-06-02,LOM,84678,43596,41082,76988,6371,1319,ITC,ITC4,3,Lombardia,Lombardia,10060574,3905053,38.82,0.84
1013,2021-03-11,LOM,36269,13500,22769,25636,9948,685,ITC,ITC4,3,Lombardia,Lombardia,10060574,3941322,39.18,0.36
1014,2021-05-07,LOM,92410,43735,48675,68378,22433,1599,ITC,ITC4,3,Lombardia,Lombardia,10060574,4033732,40.09,0.92
1015,2021-03-18,LOM,27453,10980,16473,15936,11290,227,ITC,ITC4,3,Lombardia,Lombardia,10060574,4061185,40.37,0.27
1016,2021-08-22,LOM,9509,5294,4215,3748,5454,307,ITC,ITC4,3,Lombardia,Lombardia,10060574,4070694,40.46,0.09
1017,2021-05-14,LOM,86039,41434,44605,53291,30364,2384,ITC,ITC4,3,Lombardia,Lombardia,10060574,4156733,41.32,0.86
1018,2021-07-10,LOM,107265,54301,52964,13915,92171,1179,ITC,ITC4,3,Lombardia,Lombardia,10060574,4263998,42.38,1.07
1019,2021-08-03,LOM,85806,46523,39283,13466,71610,730,ITC,ITC4,3,Lombardia,Lombardia,10060574,4349804,43.24,0.85
1020,2021-04-25,LOM,51612,23662,27950,45551,4838,1223,ITC,ITC4,3,Lombardia,Lombardia,10060574,4401416,43.75,0.51
1021,2021-06-28,LOM,108091,55064,53027,74296,31189,2606,ITC,ITC4,3,Lombardia,Lombardia,10060574,4509507,44.82,1.07
1022,2021-07-15,LOM,109303,56217,53086,13378,94733,1192,ITC,ITC4,3,Lombardia,Lombardia,10060574,4618810,45.91,1.09
1023,2021-04-06,LOM,43096,17595,25501,24451,17953,692,ITC,ITC4,3,Lombardia,Lombardia,10060574,4661906,46.34,0.43
1024,2021-06-14,LOM,94875,48202,46673,49129,44628,1118,ITC,ITC4,3,Lombardia,Lombardia,10060574,4756781,47.28,0.94
1025,2021-02-13,LOM,6425,2444,3981,4885,1479,61,ITC,ITC4,3,Lombardia,Lombardia,10060574,4763206,47.35,0.06
1026,2021-07-17,LOM,108501,57292,51209,10219,97357,925,ITC,ITC4,3,Lombardia,Lombardia,10060574,4871707,48.42,1.08
1027,2021-01-13,LOM,26476,8098,18378,26451,0,25,ITC,ITC4,3,Lombardia,Lombardia,10060574,4898183,48.69,0.26
1028,2021-03-04,LOM,29366,12132,17234,20060,9083,223,ITC,ITC4,3,Lombardia,Lombardia,10060574,4927549,48.98,0.29
1029,2021-06-30,LOM,106989,52998,53991,56587,48280,2122,ITC,ITC4,3,Lombardia,Lombardia,10060574,5034538,50.04,1.06
1030,2021-03-22,LOM,40362,14314,26048,28952,10573,837,ITC,ITC4,3,Lombardia,Lombardia,10060574,5074900,50.44,0.4
1031,2021-07-29,LOM,74404,40418,33986,33765,38684,1955,ITC,ITC4,3,Lombardia,Lombardia,10060574,5149304,51.18,0.74
1032,2021-02-20,LOM,9366,3871,5495,8846,324,196,ITC,ITC4,3,Lombardia,Lombardia,10060574,5158670,51.28,0.09
1033,2021-01-18,LOM,9265,2990,6275,8275,975,15,ITC,ITC4,3,Lombardia,Lombardia,10060574,5167935,51.37,0.09
1034,2021-03-23,LOM,42619,15487,27132,28866,12890,863,ITC,ITC4,3,Lombardia,Lombardia,10060574,5210554,51.79,0.42
1035,2021-04-11,LOM,32224,13944,18280,24315,7396,513,ITC,ITC4,3,Lombardia,Lombardia,10060574,5242778,52.11,0.32
1036,2021-01-01,LOM,24,7,17,24,0,0,ITC,ITC4,3,Lombardia,Lombardia,10060574,5242802,52.11,0.0
1037,2021-06-07,LOM,99009,50442,48567,84035,13354,1620,ITC,ITC4,3,Lombardia,Lombardia,10060574,5341811,53.1,0.98
1038,2021-02-27,LOM,13955,5876,8079,13153,645,157,ITC,ITC4,3,Lombardia,Lombardia,10060574,5355766,53.24,0.14
1039,2020-12-30,LOM,115,42,73,115,0,0,ITC,ITC4,3,Lombardia,Lombardia,10060574,5355881,53.24,0.0
1040,2021-06-16,LOM,99363,50474,48889,49864,48349,1150,ITC,ITC4,3,Lombardia,Lombardia,10060574,5455244,54.22,0.99
1041,2021-03-06,LOM,21361,9107,12254,16542,4519,300,ITC,ITC4,3,Lombardia,Lombardia,10060574,5476605,54.44,0.21
1042,2021-06-09,LOM,103701,52244,51457,87437,14542,1722,ITC,ITC4,3,Lombardia,Lombardia,10060574,5580306,55.47,1.03
1043,2021-03-08,LOM,29806,11205,18601,22167,7116,523,ITC,ITC4,3,Lombardia,Lombardia,10060574,5610112,55.76,0.3
1044,2021-05-04,LOM,86876,41094,45782,70304,14418,2154,ITC,ITC4,3,Lombardia,Lombardia,10060574,5696988,56.63,0.86
1045,2021-01-24,LOM,1202,458,744,538,664,0,ITC,ITC4,3,Lombardia,Lombardia,10060574,5698190,56.64,0.01
1046,2021-06-26,LOM,105922,55455,50467,77782,25738,2402,ITC,ITC4,3,Lombardia,Lombardia,10060574,5804112,57.69,1.05
1047,2021-02-10,LOM,14456,4526,9930,7567,6860,29,ITC,ITC4,3,Lombardia,Lombardia,10060574,5818568,57.84,0.14
1048,2021-04-08,LOM,52460,21794,30666,35299,16486,675,ITC,ITC4,3,Lombardia,Lombardia,10060574,5871028,58.36,0.52
1049,2020-12-29,LOM,106,45,61,106,0,0,ITC,ITC4,3,Lombardia,Lombardia,10060574,5871134,58.36,0.0
1050,2021-07-14,LOM,109434,56848,52586,14351,93673,1410,ITC,ITC4,3,Lombardia,Lombardia,10060574,5980568,59.45,1.09
1051,2021-07-31,LOM,71108,38776,32332,36368,32719,2021,ITC,ITC4,3,Lombardia,Lombardia,10060574,6051676,60.15,0.71
1052,2021-04-22,LOM,74054,33436,40618,56243,16429,1382,ITC,ITC4,3,Lombardia,Lombardia,10060574,6125730,60.89,0.74
1053,2021-03-03,LOM,27017,11527,15490,19486,7311,220,ITC,ITC4,3,Lombardia,Lombardia,10060574,6152747,61.16,0.27
1054,2021-08-19,LOM,28602,15749,12853,14771,12712,1119,ITC,ITC4,3,Lombardia,Lombardia,10060574,6181349,61.44,0.28
1055,2021-05-11,LOM,86937,41457,45480,58274,26246,2417,ITC,ITC4,3,Lombardia,Lombardia,10060574,6268286,62.31,0.86
1056,2021-04-18,LOM,36434,16240,20194,30546,5244,644,ITC,ITC4,3,Lombardia,Lombardia,10060574,6304720,62.67,0.36
1057,2021-01-08,LOM,12750,3937,8813,12739,0,11,ITC,ITC4,3,Lombardia,Lombardia,10060574,6317470,62.79,0.13
1058,2021-08-05,LOM,90275,49263,41012,15718,73740,817,ITC,ITC4,3,Lombardia,Lombardia,10060574,6407745,63.69,0.9
1059,2021-02-03,LOM,25711,7945,17766,1078,24628,5,ITC,ITC4,3,Lombardia,Lombardia,10060574,6433456,63.95,0.26
1060,2021-04-01,LOM,43176,17313,25863,26085,16379,712,ITC,ITC4,3,Lombardia,Lombardia,10060574,6476632,64.38,0.43
1061,2021-03-30,LOM,39722,15624,24098,24253,14857,612,ITC,ITC4,3,Lombardia,Lombardia,10060574,6516354,64.77,0.39
1062,2021-01-06,LOM,7166,2531,4635,7160,0,6,ITC,ITC4,3,Lombardia,Lombardia,10060574,6523520,64.84,0.07
1063,2021-05-18,LOM,88245,42172,46073,31886,55587,772,ITC,ITC4,3,Lombardia,Lombardia,10060574,6611765,65.72,0.88
1064,2021-06-04,LOM,104650,54321,50329,93200,9662,1788,ITC,ITC4,3,Lombardia,Lombardia,10060574,6716415,66.76,1.04
1065,2021-01-25,LOM,7114,2396,4718,513,6598,3,ITC,ITC4,3,Lombardia,Lombardia,10060574,6723529,66.83,0.07
1066,2021-02-01,LOM,16114,5334,10780,306,15806,2,ITC,ITC4,3,Lombardia,Lombardia,10060574,6739643,66.99,0.16
1067,2021-07-05,LOM,101924,49783,52141,31505,68529,1890,ITC,ITC4,3,Lombardia,Lombardia,10060574,6841567,68.0,1.01
1068,2021-08-21,LOM,21328,11877,9451,9484,11072,772,ITC,ITC4,3,Lombardia,Lombardia,10060574,6862895,68.22,0.21
1069,2021-05-28,LOM,93686,44879,48807,42037,50736,913,ITC,ITC4,3,Lombardia,Lombardia,10060574,6956581,69.15,0.93
1070,2021-02-17,LOM,12028,3775,8253,10441,1392,195,ITC,ITC4,3,Lombardia,Lombardia,10060574,6968609,69.27,0.12
1071,2021-06-11,LOM,101527,51714,49813,84941,14693,1893,ITC,ITC4,3,Lombardia,Lombardia,10060574,7070136,70.28,1.01
1072,2021-04-05,LOM,27391,11698,15693,19028,8109,254,ITC,ITC4,3,Lombardia,Lombardia,10060574,7097527,70.55,0.27
1073,2021-08-18,LOM,30867,17024,13843,17868,11630,1369,ITC,ITC4,3,Lombardia,Lombardia,10060574,7128394,70.85,0.31
1074,2021-01-31,LOM,9815,3807,6008,29,9786,0,ITC,ITC4,3,Lombardia,Lombardia,10060574,7138209,70.95,0.1
1075,2021-05-25,LOM,91214,43642,47572,43860,46530,824,ITC,ITC4,3,Lombardia,Lombardia,10060574,7229423,71.86,0.91
1076,2021-02-14,LOM,3585,1547,2038,2934,636,15,ITC,ITC4,3,Lombardia,Lombardia,10060574,7233008,71.89,0.04
1077,2021-01-12,LOM,20333,6743,13590,20302,0,31,ITC,ITC4,3,Lombardia,Lombardia,10060574,7253341,72.1,0.2
1078,2021-06-18,LOM,107717,52909,54808,51907,54571,1239,ITC,ITC4,3,Lombardia,Lombardia,10060574,7361058,73.17,1.07
1079,2021-08-14,LOM,26542,14887,11655,11134,14860,548,ITC,ITC4,3,Lombardia,Lombardia,10060574,7387600,73.43,0.26
1080,2021-03-01,LOM,18800,8236,10564,16886,1708,206,ITC,ITC4,3,Lombardia,Lombardia,10060574,7406400,73.62,0.19
1081,2021-05-15,LOM,80984,38808,42176,45491,33440,2053,ITC,ITC4,3,Lombardia,Lombardia,10060574,7487384,74.42,0.8
1082,2021-07-11,LOM,90328,45698,44630,11765,77505,1058,ITC,ITC4,3,Lombardia,Lombardia,10060574,7577712,75.32,0.9
1083,2021-02-24,LOM,14726,5960,8766,13574,957,195,ITC,ITC4,3,Lombardia,Lombardia,10060574,7592438,75.47,0.15
1084,2021-05-16,LOM,68724,32514,36210,35586,32220,918,ITC,ITC4,3,Lombardia,Lombardia,10060574,7661162,76.15,0.68
1085,2021-02-05,LOM,25775,7486,18289,2427,23335,13,ITC,ITC4,3,Lombardia,Lombardia,10060574,7686937,76.41,0.26
1086,2021-02-22,LOM,11942,4820,7122,11435,309,198,ITC,ITC4,3,Lombardia,Lombardia,10060574,7698879,76.53,0.12
1087,2021-03-13,LOM,27224,9793,17431,20555,6115,554,ITC,ITC4,3,Lombardia,Lombardia,10060574,7726103,76.8,0.27
1088,2021-07-23,LOM,95509,50064,45445,11415,82832,1262,ITC,ITC4,3,Lombardia,Lombardia,10060574,7821612,77.75,0.95
1089,2021-08-09,LOM,68937,37002,31935,18618,49267,1052,ITC,ITC4,3,Lombardia,Lombardia,10060574,7890549,78.43,0.69
1090,2021-05-01,LOM,96076,43720,52356,65057,29301,1718,ITC,ITC4,3,Lombardia,Lombardia,10060574,7986625,79.39,0.95
1091,2021-01-21,LOM,5528,1612,3916,4816,695,17,ITC,ITC4,3,Lombardia,Lombardia,10060574,7992153,79.44,0.05
1092,2021-02-07,LOM,7317,2828,4489,335,6979,3,ITC,ITC4,3,Lombardia,Lombardia,10060574,7999470,79.51,0.07
1093,2021-06-01,LOM,94031,46128,47903,75803,17121,1107,ITC,ITC4,3,Lombardia,Lombardia,10060574,8093501,80.45,0.93
1094,2021-01-02,LOM,202,74,128,202,0,0,ITC,ITC4,3,Lombardia,Lombardia,10060574,8093703,80.45,0.0
1095,2021-06-08,LOM,102929,52314,50615,87173,14081,1675,ITC,ITC4,3,Lombardia,Lombardia,10060574,8196632,81.47,1.02
1096,2021-02-28,LOM,7886,3256,4630,7604,210,72,ITC,ITC4,3,Lombardia,Lombardia,10060574,8204518,81.55,0.08
1097,2021-08-04,LOM,90119,48806,41313,14449,75006,664,ITC,ITC4,3,Lombardia,Lombardia,10060574,8294637,82.45,0.9
1098,2021-04-26,LOM,88024,40950,47074,67080,19170,1774,ITC,ITC4,3,Lombardia,Lombardia,10060574,8382661,83.32,0.87
1099,2021-07-21,LOM,93989,48488,45501,8601,84513,875,ITC,ITC4,3,Lombardia,Lombardia,10060574,8476650,84.26,0.93
1100,2021-04-12,LOM,47328,20615,26713,32303,14388,637,ITC,ITC4,3,Lombardia,Lombardia,10060574,8523978,84.73,0.47
1101,2021-02-21,LOM,5054,1864,3190,4941,17,96,ITC,ITC4,3,Lombardia,Lombardia,10060574,8529032,84.78,0.05
1102,2021-07-28,LOM,77435,41720,35715,19105,56572,1758,ITC,ITC4,3,Lombardia,Lombardia,10060574,8606467,85.55,0.77
1103,2021-08-17,LOM,33242,18406,14836,17401,14657,1184,ITC,ITC4,3,Lombardia,Lombardia,10060574,8639709,85.88,0.33
1104,2021-05-26,LOM,93775,44682,49093,42746,50140,889,ITC,ITC4,3,Lombardia,Lombardia,10060574,8733484,86.81,0.93
1105,2021-02-15,LOM,9045,3164,5881,8387,478,180,ITC,ITC4,3,Lombardia,Lombardia,10060574,8742529,86.9,0.09
1106,2021-03-20,LOM,32611,12172,20439,22248,9859,504,ITC,ITC4,3,Lombardia,Lombardia,10060574,8775140,87.22,0.32
1107,2020-12-27,LOM,718,414,304,718,0,0,ITC,ITC4,3,Lombardia,Lombardia,10060574,8775858,87.23,0.01
1108,2021-08-02,LOM,83615,45299,38316,18327,64375,913,ITC,ITC4,3,Lombardia,Lombardia,10060574,8859473,88.06,0.83
1109,2021-05-09,LOM,69723,32891,36832,54465,13279,1979,ITC,ITC4,3,Lombardia,Lombardia,10060574,8929196,88.75,0.69
1110,2021-01-29,LOM,13541,4145,9396,686,12852,3,ITC,ITC4,3,Lombardia,Lombardia,10060574,8942737,88.89,0.13
1111,2021-05-13,LOM,87228,41797,45431,55733,28897,2598,ITC,ITC4,3,Lombardia,Lombardia,10060574,9029965,89.76,0.87
1112,2021-02-02,LOM,19988,6641,13347,497,19488,3,ITC,ITC4,3,Lombardia,Lombardia,10060574,9049953,89.95,0.2
1113,2021-03-31,LOM,42259,17143,25116,26198,15378,683,ITC,ITC4,3,Lombardia,Lombardia,10060574,9092212,90.37,0.42
1114,2021-03-10,LOM,33354,12757,20597,24858,7900,596,ITC,ITC4,3,Lombardia,Lombardia,10060574,9125566,90.71,0.33
1115,2021-05-06,LOM,89941,42227,47714,70980,16578,2383,ITC,ITC4,3,Lombardia,Lombardia,10060574,9215507,91.6,0.89
1116,2021-07-12,LOM,111869,57506,54363,14807,95923,1139,ITC,ITC4,3,Lombardia,Lombardia,10060574,9327376,92.71,1.11
1117,2021-04-03,LOM,36304,14885,21419,25789,10133,382,ITC,ITC4,3,Lombardia,Lombardia,10060574,9363680,93.07,0.36
1118,2021-05-30,LOM,74417,35611,38806,33794,40005,618,ITC,ITC4,3,Lombardia,Lombardia,10060574,9438097,93.81,0.74
1119,2021-07-26,LOM,109572,58902,50670,7694,101118,760,ITC,ITC4,3,Lombardia,Lombardia,10060574,9547669,94.9,1.09
1120,2021-01-26,LOM,8385,2715,5670,348,8036,1,ITC,ITC4,3,Lombardia,Lombardia,10060574,9556054,94.99,0.08
1121,2021-01-15,LOM,25286,7453,17833,25234,0,52,ITC,ITC4,3,Lombardia,Lombardia,10060574,9581340,95.24,0.25
1122,2021-08-07,LOM,79716,43271,36445,16071,62840,805,ITC,ITC4,3,Lombardia,Lombardia,10060574,9661056,96.03,0.79
1123,2021-04-29,LOM,115639,53627,62012,83148,29906,2585,ITC,ITC4,3,Lombardia,Lombardia,10060574,9776695,97.18,1.15
1124,2021-06-25,LOM,108324,56254,52070,78361,27658,2305,ITC,ITC4,3,Lombardia,Lombardia,10060574,9885019,98.26,1.08
1125,2021-04-20,LOM,67701,30846,36855,55908,10356,1437,ITC,ITC4,3,Lombardia,Lombardia,10060574,9952720,98.93,0.67
1126,2021-01-10,LOM,10553,3981,6572,10545,0,8,ITC,ITC4,3,Lombardia,Lombardia,10060574,9963273,99.03,0.1
1127,2021-01-17,LOM,8356,3349,5007,8149,201,6,ITC,ITC4,3,Lombardia,Lombardia,10060574,9971629,99.12,0.08
1128,2021-06-23,LOM,111060,57454,53606,76725,32201,2134,ITC,ITC4,3,Lombardia,Lombardia,10060574,10082689,100.22,1.1
1129,2021-03-15,LOM,31615,11354,20261,22427,8568,620,ITC,ITC4,3,Lombardia,Lombardia,10060574,10114304,100.53,0.31
1130,2021-04-19,LOM,60404,27487,32917,49702,9417,1285,ITC,ITC4,3,Lombardia,Lombardia,10060574,10174708,101.13,0.6
1131,2021-06-15,LOM,96063,48887,47176,49023,45986,1054,ITC,ITC4,3,Lombardia,Lombardia,10060574,10270771,102.09,0.95
1132,2021-04-27,LOM,86093,40004,46089,67678,16598,1817,ITC,ITC4,3,Lombardia,Lombardia,10060574,10356864,102.95,0.86
1133,2021-03-17,LOM,26298,10509,15789,15112,11026,160,ITC,ITC4,3,Lombardia,Lombardia,10060574,10383162,103.21,0.26
1134,2021-07-04,LOM,86761,43397,43364,40194,44611,1956,ITC,ITC4,3,Lombardia,Lombardia,10060574,10469923,104.07,0.86
1135,2021-01-19,LOM,8061,2331,5730,7578,469,14,ITC,ITC4,3,Lombardia,Lombardia,10060574,10477984,104.15,0.08
1136,2021-08-11,LOM,61360,33580,27780,22440,37573,1347,ITC,ITC4,3,Lombardia,Lombardia,10060574,10539344,104.76,0.61
1137,2021-05-20,LOM,95606,46241,49365,31692,63076,838,ITC,ITC4,3,Lombardia,Lombardia,10060574,10634950,105.71,0.95
1138,2021-06-13,LOM,76001,40564,35437,72286,2129,1586,ITC,ITC4,3,Lombardia,Lombardia,10060574,10710951,106.46,0.76
1139,2021-03-05,LOM,28989,11962,17027,20250,8434,305,ITC,ITC4,3,Lombardia,Lombardia,10060574,10739940,106.75,0.29
1140,2021-06-27,LOM,90951,46822,44129,69782,18871,2298,ITC,ITC4,3,Lombardia,Lombardia,10060574,10830891,107.66,0.9
1141,2021-03-19,LOM,32499,12946,19553,18919,13257,323,ITC,ITC4,3,Lombardia,Lombardia,10060574,10863390,107.98,0.32
1142,2021-05-23,LOM,60815,28963,31852,26296,34006,513,ITC,ITC4,3,Lombardia,Lombardia,10060574,10924205,108.58,0.6
1143,2021-02-12,LOM,14016,4382,9634,8877,4979,160,ITC,ITC4,3,Lombardia,Lombardia,10060574,10938221,108.72,0.14
1144,2021-07-19,LOM,96925,50318,46607,10805,85039,1081,ITC,ITC4,3,Lombardia,Lombardia,10060574,11035146,109.69,0.96
1145,2021-04-10,LOM,52814,21873,30941,40090,11973,751,ITC,ITC4,3,Lombardia,Lombardia,10060574,11087960,110.21,0.52
1146,2021-06-06,LOM,90137,46351,43786,79537,9222,1378,ITC,ITC4,3,Lombardia,Lombardia,10060574,11178097,111.11,0.9
1147,2021-01-07,LOM,11807,3657,8150,11766,0,41,ITC,ITC4,3,Lombardia,Lombardia,10060574,11189904,111.23,0.12
1148,2021-07-02,LOM,104011,52133,51878,48880,52931,2200,ITC,ITC4,3,Lombardia,Lombardia,10060574,11293915,112.26,1.03
1149,2021-03-24,LOM,43364,15655,27709,30471,11999,894,ITC,ITC4,3,Lombardia,Lombardia,10060574,11337279,112.69,0.43
1150,2021-02-09,LOM,12231,3336,8895,4027,8190,14,ITC,ITC4,3,Lombardia,Lombardia,10060574,11349510,112.81,0.12
1151,2021-05-27,LOM,95004,45502,49502,40622,53591,791,ITC,ITC4,3,Lombardia,Lombardia,10060574,11444514,113.76,0.94
1152,2021-04-24,LOM,75854,33615,42239,53447,21159,1248,ITC,ITC4,3,Lombardia,Lombardia,10060574,11520368,114.51,0.75
1153,2021-01-14,LOM,26966,7818,19148,26914,0,52,ITC,ITC4,3,Lombardia,Lombardia,10060574,11547334,114.78,0.27
1154,2021-08-16,LOM,38912,21045,17867,16830,21042,1040,ITC,ITC4,3,Lombardia,Lombardia,10060574,11586246,115.16,0.39
1155,2021-05-08,LOM,87826,40787,47039,63481,22109,2236,ITC,ITC4,3,Lombardia,Lombardia,10060574,11674072,116.04,0.87
1156,2021-02-19,LOM,14228,5401,8827,13327,725,176,ITC,ITC4,3,Lombardia,Lombardia,10060574,11688300,116.18,0.14
1157,2021-04-17,LOM,48568,21325,27243,36979,10871,718,ITC,ITC4,3,Lombardia,Lombardia,10060574,11736868,116.66,0.48
1158,2021-02-26,LOM,18442,7571,10871,16329,1906,207,ITC,ITC4,3,Lombardia,Lombardia,10060574,11755310,116.85,0.18
1159,2021-07-30,LOM,73218,39735,33483,35022,36073,2123,ITC,ITC4,3,Lombardia,Lombardia,10060574,11828528,117.57,0.73
1160,2020-12-31,LOM,715,302,413,715,0,0,ITC,ITC4,3,Lombardia,Lombardia,10060574,11829243,117.58,0.01
1161,2021-07-16,LOM,108901,56704,52197,11129,96608,1164,ITC,ITC4,3,Lombardia,Lombardia,10060574,11938144,118.66,1.08
1162,2021-04-07,LOM,50620,20935,29685,34079,15832,709,ITC,ITC4,3,Lombardia,Lombardia,10060574,11988764,119.17,0.5
1163,2021-05-19,LOM,83302,39785,43517,33120,49372,810,ITC,ITC4,3,Lombardia,Lombardia,10060574,12072066,119.99,0.83
1164,2021-02-08,LOM,10131,2935,7196,2125,7998,8,ITC,ITC4,3,Lombardia,Lombardia,10060574,12082197,120.09,0.1
1165,2021-02-25,LOM,15353,6369,8984,13535,1618,200,ITC,ITC4,3,Lombardia,Lombardia,10060574,12097550,120.25,0.15
1166,2021-02-06,LOM,15302,5551,9751,1012,14285,5,ITC,ITC4,3,Lombardia,Lombardia,10060574,12112852,120.4,0.15
1167,2021-07-24,LOM,95875,50655,45220,9742,85277,856,ITC,ITC4,3,Lombardia,Lombardia,10060574,12208727,121.35,0.95
1168,2021-08-10,LOM,61440,33255,28185,18697,41681,1062,ITC,ITC4,3,Lombardia,Lombardia,10060574,12270167,121.96,0.61
1169,2021-05-02,LOM,83530,38346,45184,59260,22476,1794,ITC,ITC4,3,Lombardia,Lombardia,10060574,12353697,122.79,0.83
1170,2021-07-22,LOM,99371,52031,47340,12497,85421,1453,ITC,ITC4,3,Lombardia,Lombardia,10060574,12453068,123.78,0.99
1171,2021-04-13,LOM,47687,21286,26401,32939,14103,645,ITC,ITC4,3,Lombardia,Lombardia,10060574,12500755,124.25,0.47
1172,2021-04-30,LOM,117530,54891,62639,87258,27680,2592,ITC,ITC4,3,Lombardia,Lombardia,10060574,12618285,125.42,1.17
1173,2021-01-20,LOM,5712,1392,4320,5592,115,5,ITC,ITC4,3,Lombardia,Lombardia,10060574,12623997,125.48,0.06
1174,2021-01-22,LOM,3197,884,2313,3123,69,5,ITC,ITC4,3,Lombardia,Lombardia,10060574,12627194,125.51,0.03
1175,2021-07-07,LOM,112039,56162,55877,18002,92877,1160,ITC,ITC4,3,Lombardia,Lombardia,10060574,12739233,126.63,1.11
1176,2021-04-15,LOM,49482,21872,27610,34893,13836,753,ITC,ITC4,3,Lombardia,Lombardia,10060574,12788715,127.12,0.49
1177,2021-01-05,LOM,7873,2581,5292,7867,0,6,ITC,ITC4,3,Lombardia,Lombardia,10060574,12796588,127.2,0.08
1178,2021-03-27,LOM,32510,12404,20106,23116,8759,635,ITC,ITC4,3,Lombardia,Lombardia,10060574,12829098,127.52,0.32
1179,2021-01-03,LOM,856,316,540,855,0,1,ITC,ITC4,3,Lombardia,Lombardia,10060574,12829954,127.53,0.01
1180,2021-06-22,LOM,111247,58101,53146,79174,29949,2124,ITC,ITC4,3,Lombardia,Lombardia,10060574,12941201,128.63,1.11
1181,2021-07-09,LOM,115773,59007,56766,11740,103149,884,ITC,ITC4,3,Lombardia,Lombardia,10060574,13056974,129.78,1.15
1182,2021-06-03,LOM,97189,49739,47450,84612,10912,1665,ITC,ITC4,3,Lombardia,Lombardia,10060574,13154163,130.75,0.97
1183,2021-06-20,LOM,89035,44369,44666,52821,34973,1241,ITC,ITC4,3,Lombardia,Lombardia,10060574,13243198,131.63,0.88
1184,2021-03-12,LOM,35318,12983,22335,24458,10241,619,ITC,ITC4,3,Lombardia,Lombardia,10060574,13278516,131.99,0.35
1185,2021-03-29,LOM,40062,15548,24514,24536,14849,677,ITC,ITC4,3,Lombardia,Lombardia,10060574,13318578,132.38,0.4
1186,2021-04-11,SIC,15379,7595,7784,8233,7038,108,ITG,ITG1,19,Sicilia,Sicilia,4999891,15379,0.31,0.31
1187,2021-07-20,SIC,48459,23602,24857,12788,35320,351,ITG,ITG1,19,Sicilia,Sicilia,4999891,63838,1.28,0.97
1188,2020-12-30,SIC,186,110,76,185,0,1,ITG,ITG1,19,Sicilia,Sicilia,4999891,64024,1.28,0.0
1189,2021-01-16,SIC,2736,1220,1516,2715,0,21,ITG,ITG1,19,Sicilia,Sicilia,4999891,66760,1.34,0.05
1190,2021-07-01,SIC,30961,14065,16896,10724,19981,256,ITG,ITG1,19,Sicilia,Sicilia,4999891,97721,1.95,0.62
1191,2021-04-09,SIC,20224,9839,10385,10924,9041,259,ITG,ITG1,19,Sicilia,Sicilia,4999891,117945,2.36,0.4
1192,2021-03-23,SIC,20970,10087,10883,15236,5567,167,ITG,ITG1,19,Sicilia,Sicilia,4999891,138915,2.78,0.42
1193,2021-02-13,SIC,2979,1124,1855,2686,256,37,ITG,ITG1,19,Sicilia,Sicilia,4999891,141894,2.84,0.06
1194,2021-05-24,SIC,35872,17440,18432,15588,20051,233,ITG,ITG1,19,Sicilia,Sicilia,4999891,177766,3.56,0.72
1195,2021-08-15,SIC,2513,1428,1085,1509,954,50,ITG,ITG1,19,Sicilia,Sicilia,4999891,180279,3.61,0.05
1196,2021-08-01,SIC,19957,10424,9533,7850,11960,147,ITG,ITG1,19,Sicilia,Sicilia,4999891,200236,4.0,0.4
1197,2021-06-19,SIC,44296,21060,23236,18765,25213,318,ITG,ITG1,19,Sicilia,Sicilia,4999891,244532,4.89,0.89
1198,2021-04-23,SIC,28630,13722,14908,22412,5841,377,ITG,ITG1,19,Sicilia,Sicilia,4999891,273162,5.46,0.57
1199,2021-06-24,SIC,42348,19661,22687,17622,24367,359,ITG,ITG1,19,Sicilia,Sicilia,4999891,315510,6.31,0.85
1200,2021-06-07,SIC,49679,23412,26267,41113,8035,531,ITG,ITG1,19,Sicilia,Sicilia,4999891,365189,7.3,0.99
1201,2021-01-25,SIC,7446,3686,3760,269,7170,7,ITG,ITG1,19,Sicilia,Sicilia,4999891,372635,7.45,0.15
1202,2021-05-05,SIC,26372,12215,14157,16257,9679,436,ITG,ITG1,19,Sicilia,Sicilia,4999891,399007,7.98,0.53
1203,2021-05-19,SIC,42879,20764,22115,28182,14326,371,ITG,ITG1,19,Sicilia,Sicilia,4999891,441886,8.84,0.86
1204,2021-07-27,SIC,43267,21441,21826,19248,23557,462,ITG,ITG1,19,Sicilia,Sicilia,4999891,485153,9.7,0.87
1205,2021-08-03,SIC,32044,15717,16327,13864,17760,420,ITG,ITG1,19,Sicilia,Sicilia,4999891,517197,10.34,0.64
1206,2021-05-31,SIC,38106,17158,20948,21275,16535,296,ITG,ITG1,19,Sicilia,Sicilia,4999891,555303,11.11,0.76
1207,2021-02-25,SIC,9940,5204,4736,8684,1164,92,ITG,ITG1,19,Sicilia,Sicilia,4999891,565243,11.31,0.2
1208,2021-06-05,SIC,59954,28520,31434,48735,10595,624,ITG,ITG1,19,Sicilia,Sicilia,4999891,625197,12.5,1.2
1209,2021-03-14,SIC,8779,3930,4849,4890,3836,53,ITG,ITG1,19,Sicilia,Sicilia,4999891,633976,12.68,0.18
1210,2021-02-11,SIC,5237,2059,3178,4652,466,119,ITG,ITG1,19,Sicilia,Sicilia,4999891,639213,12.78,0.1
1211,2021-01-30,SIC,7728,3551,4177,149,7576,3,ITG,ITG1,19,Sicilia,Sicilia,4999891,646941,12.94,0.15
1212,2021-03-28,SIC,10978,5146,5832,6901,4011,66,ITG,ITG1,19,Sicilia,Sicilia,4999891,657919,13.16,0.22
1213,2021-07-15,SIC,48350,22445,25905,7985,40103,262,ITG,ITG1,19,Sicilia,Sicilia,4999891,706269,14.13,0.97
1214,2021-03-02,SIC,14778,6378,8400,11883,2780,115,ITG,ITG1,19,Sicilia,Sicilia,4999891,721047,14.42,0.3
1215,2021-01-04,SIC,8512,4248,4264,8464,0,48,ITG,ITG1,19,Sicilia,Sicilia,4999891,729559,14.59,0.17
1216,2021-01-18,SIC,1622,675,947,1453,158,11,ITG,ITG1,19,Sicilia,Sicilia,4999891,731181,14.62,0.03
1217,2021-04-28,SIC,29285,13722,15563,19726,9161,398,ITG,ITG1,19,Sicilia,Sicilia,4999891,760466,15.21,0.59
1218,2021-08-10,SIC,21880,10887,10993,10727,10895,258,ITG,ITG1,19,Sicilia,Sicilia,4999891,782346,15.65,0.44
1219,2020-12-28,SIC,225,138,87,224,0,1,ITG,ITG1,19,Sicilia,Sicilia,4999891,782571,15.65,0.0
1220,2021-05-17,SIC,31923,15406,16517,18994,12637,292,ITG,ITG1,19,Sicilia,Sicilia,4999891,814494,16.29,0.64
1221,2021-03-21,SIC,15225,7345,7880,11184,3970,71,ITG,ITG1,19,Sicilia,Sicilia,4999891,829719,16.59,0.3
1222,2021-02-06,SIC,4735,2118,2617,1448,3266,21,ITG,ITG1,19,Sicilia,Sicilia,4999891,834454,16.69,0.09
1223,2021-02-04,SIC,6758,3081,3677,1421,5308,29,ITG,ITG1,19,Sicilia,Sicilia,4999891,841212,16.82,0.14
1224,2021-01-01,SIC,823,441,382,819,0,4,ITG,ITG1,19,Sicilia,Sicilia,4999891,842035,16.84,0.02
1225,2021-04-20,SIC,18998,9005,9993,13446,5248,304,ITG,ITG1,19,Sicilia,Sicilia,4999891,861033,17.22,0.38
1226,2021-06-26,SIC,37261,17778,19483,16351,20603,307,ITG,ITG1,19,Sicilia,Sicilia,4999891,898294,17.97,0.75
1227,2021-04-30,SIC,35053,16356,18697,23547,11050,456,ITG,ITG1,19,Sicilia,Sicilia,4999891,933347,18.67,0.7
1228,2021-03-04,SIC,15255,6705,8550,11007,4121,127,ITG,ITG1,19,Sicilia,Sicilia,4999891,948602,18.97,0.31
1229,2021-08-08,SIC,15316,8129,7187,7413,7714,189,ITG,ITG1,19,Sicilia,Sicilia,4999891,963918,19.28,0.31
1230,2021-06-12,SIC,45795,22399,23396,39372,5894,529,ITG,ITG1,19,Sicilia,Sicilia,4999891,1009713,20.19,0.92
1231,2021-05-07,SIC,36568,17261,19307,24574,11619,375,ITG,ITG1,19,Sicilia,Sicilia,4999891,1046281,20.93,0.73
1232,2021-03-11,SIC,15448,6708,8740,12880,2418,150,ITG,ITG1,19,Sicilia,Sicilia,4999891,1061729,21.24,0.31
1233,2021-08-22,SIC,6993,3784,3209,2312,4621,60,ITG,ITG1,19,Sicilia,Sicilia,4999891,1068722,21.37,0.14
1234,2021-02-18,SIC,5343,3147,2196,4845,431,67,ITG,ITG1,19,Sicilia,Sicilia,4999891,1074065,21.48,0.11
1235,2021-05-12,SIC,36827,17377,19450,21395,14922,510,ITG,ITG1,19,Sicilia,Sicilia,4999891,1110892,22.22,0.74
1236,2021-08-20,SIC,18810,9367,9443,9865,8683,262,ITG,ITG1,19,Sicilia,Sicilia,4999891,1129702,22.59,0.38
1237,2021-07-17,SIC,49336,24301,25035,9331,39706,299,ITG,ITG1,19,Sicilia,Sicilia,4999891,1179038,23.58,0.99
1238,2021-04-08,SIC,18999,9341,9658,9274,9538,187,ITG,ITG1,19,Sicilia,Sicilia,4999891,1198037,23.96,0.38
1239,2021-03-16,SIC,9638,4330,5308,3566,6003,69,ITG,ITG1,19,Sicilia,Sicilia,4999891,1207675,24.15,0.19
1240,2021-07-08,SIC,38383,17490,20893,6532,31629,222,ITG,ITG1,19,Sicilia,Sicilia,4999891,1246058,24.92,0.77
1241,2021-02-27,SIC,12238,5504,6734,10932,1204,102,ITG,ITG1,19,Sicilia,Sicilia,4999891,1258296,25.17,0.24
1242,2021-04-16,SIC,28859,14499,14360,20252,8297,310,ITG,ITG1,19,Sicilia,Sicilia,4999891,1287155,25.74,0.58
1243,2021-01-23,SIC,4487,2309,2178,209,4268,10,ITG,ITG1,19,Sicilia,Sicilia,4999891,1291642,25.83,0.09
1244,2021-01-06,SIC,6262,3297,2965,6199,0,63,ITG,ITG1,19,Sicilia,Sicilia,4999891,1297904,25.96,0.13
1245,2021-04-02,SIC,13893,6554,7339,9047,4735,111,ITG,ITG1,19,Sicilia,Sicilia,4999891,1311797,26.24,0.28
1246,2021-02-10,SIC,4352,1775,2577,3886,381,85,ITG,ITG1,19,Sicilia,Sicilia,4999891,1316149,26.32,0.09
1247,2021-02-23,SIC,8785,4667,4118,8229,468,88,ITG,ITG1,19,Sicilia,Sicilia,4999891,1324934,26.5,0.18
1248,2021-03-09,SIC,13164,5768,7396,10832,2202,130,ITG,ITG1,19,Sicilia,Sicilia,4999891,1338098,26.76,0.26
1249,2021-01-11,SIC,5916,2612,3304,5858,0,58,ITG,ITG1,19,Sicilia,Sicilia,4999891,1344014,26.88,0.12
1250,2021-04-04,SIC,6796,3321,3475,5436,1294,66,ITG,ITG1,19,Sicilia,Sicilia,4999891,1350810,27.02,0.14
1251,2021-07-13,SIC,46079,21153,24926,6894,38969,216,ITG,ITG1,19,Sicilia,Sicilia,4999891,1396889,27.94,0.92
1252,2021-06-16,SIC,40439,18803,21636,21270,18809,360,ITG,ITG1,19,Sicilia,Sicilia,4999891,1437328,28.75,0.81
1253,2021-03-25,SIC,20478,9535,10943,14755,5547,176,ITG,ITG1,19,Sicilia,Sicilia,4999891,1457806,29.16,0.41
1254,2021-07-03,SIC,33877,16282,17595,9033,24602,242,ITG,ITG1,19,Sicilia,Sicilia,4999891,1491683,29.83,0.68
1255,2021-03-06,SIC,12645,5060,7585,9763,2782,100,ITG,ITG1,19,Sicilia,Sicilia,4999891,1504328,30.09,0.25
1256,2021-06-14,SIC,43491,20660,22831,28166,14897,428,ITG,ITG1,19,Sicilia,Sicilia,4999891,1547819,30.96,0.87
1257,2021-05-28,SIC,51245,22978,28267,24305,26528,412,ITG,ITG1,19,Sicilia,Sicilia,4999891,1599064,31.98,1.02
1258,2021-01-27,SIC,7293,3713,3580,170,7122,1,ITG,ITG1,19,Sicilia,Sicilia,4999891,1606357,32.13,0.15
1259,2021-01-13,SIC,5187,2444,2743,5153,0,34,ITG,ITG1,19,Sicilia,Sicilia,4999891,1611544,32.23,0.1
1260,2021-01-20,SIC,966,513,453,690,273,3,ITG,ITG1,19,Sicilia,Sicilia,4999891,1612510,32.25,0.02
1261,2021-07-12,SIC,48996,22613,26383,6444,42354,198,ITG,ITG1,19,Sicilia,Sicilia,4999891,1661506,33.23,0.98
1262,2021-02-08,SIC,3887,1680,2207,2080,1758,49,ITG,ITG1,19,Sicilia,Sicilia,4999891,1665393,33.31,0.08
1263,2021-01-22,SIC,1292,641,651,261,1029,2,ITG,ITG1,19,Sicilia,Sicilia,4999891,1666685,33.33,0.03
1264,2021-01-08,SIC,8153,3796,4357,8060,0,93,ITG,ITG1,19,Sicilia,Sicilia,4999891,1674838,33.5,0.16
1265,2021-04-18,SIC,19835,9917,9918,15289,4362,184,ITG,ITG1,19,Sicilia,Sicilia,4999891,1694673,33.89,0.4
1266,2021-05-21,SIC,48697,23072,25625,26656,21618,423,ITG,ITG1,19,Sicilia,Sicilia,4999891,1743370,34.87,0.97
1267,2021-08-12,SIC,15245,7631,7614,8016,6986,243,ITG,ITG1,19,Sicilia,Sicilia,4999891,1758615,35.17,0.3
1268,2021-04-01,SIC,14329,6626,7703,9521,4667,141,ITG,ITG1,19,Sicilia,Sicilia,4999891,1772944,35.46,0.29
1269,2021-07-10,SIC,46908,22352,24556,6057,40645,206,ITG,ITG1,19,Sicilia,Sicilia,4999891,1819852,36.4,0.94
1270,2021-06-23,SIC,44490,20700,23790,17913,26244,333,ITG,ITG1,19,Sicilia,Sicilia,4999891,1864342,37.29,0.89
1271,2021-01-24,SIC,4333,2266,2067,124,4207,2,ITG,ITG1,19,Sicilia,Sicilia,4999891,1868675,37.37,0.09
1272,2021-07-29,SIC,36187,17882,18305,14331,21516,340,ITG,ITG1,19,Sicilia,Sicilia,4999891,1904862,38.1,0.72
1273,2021-07-24,SIC,40732,21209,19523,16798,23629,305,ITG,ITG1,19,Sicilia,Sicilia,4999891,1945594,38.91,0.81
1274,2021-05-16,SIC,33701,16439,17262,21889,11518,294,ITG,ITG1,19,Sicilia,Sicilia,4999891,1979295,39.59,0.67
1275,2021-05-02,SIC,24612,11430,13182,17702,6604,306,ITG,ITG1,19,Sicilia,Sicilia,4999891,2003907,40.08,0.49
1276,2021-03-20,SIC,18597,8984,9613,13367,5138,92,ITG,ITG1,19,Sicilia,Sicilia,4999891,2022504,40.45,0.37
1277,2021-06-28,SIC,31935,14876,17059,14903,16738,294,ITG,ITG1,19,Sicilia,Sicilia,4999891,2054439,41.09,0.64
1278,2021-06-04,SIC,57862,26767,31095,45403,11955,504,ITG,ITG1,19,Sicilia,Sicilia,4999891,2112301,42.25,1.16
1279,2021-04-06,SIC,17763,8485,9278,13259,4296,208,ITG,ITG1,19,Sicilia,Sicilia,4999891,2130064,42.6,0.36
1280,2021-02-22,SIC,7947,4132,3815,7372,493,82,ITG,ITG1,19,Sicilia,Sicilia,4999891,2138011,42.76,0.16
1281,2020-12-27,SIC,93,55,38,92,0,1,ITG,ITG1,19,Sicilia,Sicilia,4999891,2138104,42.76,0.0
1282,2021-06-02,SIC,35282,16298,18984,27105,7781,396,ITG,ITG1,19,Sicilia,Sicilia,4999891,2173386,43.47,0.71
1283,2021-03-01,SIC,12774,6076,6698,10989,1657,128,ITG,ITG1,19,Sicilia,Sicilia,4999891,2186160,43.72,0.26
1284,2021-06-09,SIC,49785,23680,26105,41910,7265,610,ITG,ITG1,19,Sicilia,Sicilia,4999891,2235945,44.72,1.0
1285,2021-03-18,SIC,15413,7757,7656,9738,5621,54,ITG,ITG1,19,Sicilia,Sicilia,4999891,2251358,45.03,0.31
1286,2021-02-07,SIC,2321,982,1339,664,1648,9,ITG,ITG1,19,Sicilia,Sicilia,4999891,2253679,45.07,0.05
1287,2021-07-14,SIC,47488,21997,25491,7923,39307,258,ITG,ITG1,19,Sicilia,Sicilia,4999891,2301167,46.02,0.95
1288,2021-05-18,SIC,36124,17389,18735,23238,12485,401,ITG,ITG1,19,Sicilia,Sicilia,4999891,2337291,46.75,0.72
1289,2021-05-04,SIC,26846,12472,14374,17143,9296,407,ITG,ITG1,19,Sicilia,Sicilia,4999891,2364137,47.28,0.54
1290,2021-02-15,SIC,3773,1768,2005,3133,564,76,ITG,ITG1,19,Sicilia,Sicilia,4999891,2367910,47.36,0.08
1291,2021-07-22,SIC,40607,19941,20666,11217,29097,293,ITG,ITG1,19,Sicilia,Sicilia,4999891,2408517,48.17,0.81
1292,2021-05-26,SIC,44707,21025,23682,23895,20468,344,ITG,ITG1,19,Sicilia,Sicilia,4999891,2453224,49.07,0.89
1293,2021-01-03,SIC,4806,2509,2297,4773,0,33,ITG,ITG1,19,Sicilia,Sicilia,4999891,2458030,49.16,0.1
1294,2021-04-13,SIC,20265,9870,10395,11235,8840,190,ITG,ITG1,19,Sicilia,Sicilia,4999891,2478295,49.57,0.41
1295,2021-07-31,SIC,28745,14934,13811,10442,18038,265,ITG,ITG1,19,Sicilia,Sicilia,4999891,2507040,50.14,0.57
1296,2021-01-10,SIC,3563,1596,1967,3541,0,22,ITG,ITG1,19,Sicilia,Sicilia,4999891,2510603,50.21,0.07
1297,2021-07-21,SIC,42938,20954,21984,10629,32001,308,ITG,ITG1,19,Sicilia,Sicilia,4999891,2553541,51.07,0.86
1298,2021-07-07,SIC,35417,16202,19215,6040,29139,238,ITG,ITG1,19,Sicilia,Sicilia,4999891,2588958,51.78,0.71
1299,2021-05-25,SIC,33557,15430,18127,13938,19360,259,ITG,ITG1,19,Sicilia,Sicilia,4999891,2622515,52.45,0.67
1300,2021-03-29,SIC,15041,7082,7959,10396,4500,145,ITG,ITG1,19,Sicilia,Sicilia,4999891,2637556,52.75,0.3
1301,2021-06-01,SIC,38983,17724,21259,24595,14037,351,ITG,ITG1,19,Sicilia,Sicilia,4999891,2676539,53.53,0.78
1302,2021-08-19,SIC,19627,9805,9822,10524,8793,310,ITG,ITG1,19,Sicilia,Sicilia,4999891,2696166,53.92,0.39
1303,2021-02-19,SIC,4980,2696,2284,4329,564,87,ITG,ITG1,19,Sicilia,Sicilia,4999891,2701146,54.02,0.1
1304,2021-07-05,SIC,37520,17612,19908,8914,28366,240,ITG,ITG1,19,Sicilia,Sicilia,4999891,2738666,54.77,0.75
1305,2021-06-21,SIC,40248,18634,21614,18420,21499,329,ITG,ITG1,19,Sicilia,Sicilia,4999891,2778914,55.58,0.8
1306,2021-05-09,SIC,28418,13313,15105,19761,8293,364,ITG,ITG1,19,Sicilia,Sicilia,4999891,2807332,56.15,0.57
1307,2021-08-17,SIC,18653,9540,9113,10155,8171,327,ITG,ITG1,19,Sicilia,Sicilia,4999891,2825985,56.52,0.37
1308,2021-08-09,SIC,25222,12877,12345,12523,12323,376,ITG,ITG1,19,Sicilia,Sicilia,4999891,2851207,57.03,0.5
1309,2021-01-19,SIC,1523,677,846,1267,241,15,ITG,ITG1,19,Sicilia,Sicilia,4999891,2852730,57.06,0.03
1310,2021-06-11,SIC,49970,23844,26126,41602,7708,660,ITG,ITG1,19,Sicilia,Sicilia,4999891,2902700,58.06,1.0
1311,2021-04-29,SIC,31821,14847,16974,21816,9560,445,ITG,ITG1,19,Sicilia,Sicilia,4999891,2934521,58.69,0.64
1312,2021-03-03,SIC,14582,6549,8033,11379,3075,128,ITG,ITG1,19,Sicilia,Sicilia,4999891,2949103,58.98,0.29
1313,2021-08-07,SIC,20057,10406,9651,10819,8901,337,ITG,ITG1,19,Sicilia,Sicilia,4999891,2969160,59.38,0.4
1314,2021-08-16,SIC,20452,10493,9959,10977,9162,313,ITG,ITG1,19,Sicilia,Sicilia,4999891,2989612,59.79,0.41
1315,2021-03-15,SIC,10686,4734,5952,5652,4953,81,ITG,ITG1,19,Sicilia,Sicilia,4999891,3000298,60.01,0.21
1316,2021-07-28,SIC,37653,18861,18792,14681,22651,321,ITG,ITG1,19,Sicilia,Sicilia,4999891,3037951,60.76,0.75
1317,2021-06-22,SIC,40051,18407,21644,18340,21334,377,ITG,ITG1,19,Sicilia,Sicilia,4999891,3078002,61.56,0.8
1318,2021-05-22,SIC,48017,22811,25206,28305,19314,398,ITG,ITG1,19,Sicilia,Sicilia,4999891,3126019,62.52,0.96
1319,2021-02-28,SIC,7130,3032,4098,6454,630,46,ITG,ITG1,19,Sicilia,Sicilia,4999891,3133149,62.66,0.14
1320,2021-06-08,SIC,47700,22403,25297,40455,6708,537,ITG,ITG1,19,Sicilia,Sicilia,4999891,3180849,63.62,0.95
1321,2021-08-11,SIC,16313,8390,7923,8800,7226,287,ITG,ITG1,19,Sicilia,Sicilia,4999891,3197162,63.94,0.33
1322,2021-02-24,SIC,9378,4805,4573,8706,566,106,ITG,ITG1,19,Sicilia,Sicilia,4999891,3206540,64.13,0.19
1323,2021-01-21,SIC,1456,715,741,490,955,11,ITG,ITG1,19,Sicilia,Sicilia,4999891,3207996,64.16,0.03
1324,2021-05-01,SIC,24445,11314,13131,18992,5169,284,ITG,ITG1,19,Sicilia,Sicilia,4999891,3232441,64.65,0.49
1325,2021-07-06,SIC,37093,17153,19940,10277,26507,309,ITG,ITG1,19,Sicilia,Sicilia,4999891,3269534,65.39,0.74
1326,2021-03-08,SIC,13516,5968,7548,10776,2615,125,ITG,ITG1,19,Sicilia,Sicilia,4999891,3283050,65.66,0.27
1327,2021-08-21,SIC,13763,7174,6589,6210,7366,187,ITG,ITG1,19,Sicilia,Sicilia,4999891,3296813,65.94,0.28
1328,2021-05-30,SIC,35774,16174,19600,17423,18055,296,ITG,ITG1,19,Sicilia,Sicilia,4999891,3332587,66.65,0.72
1329,2021-05-13,SIC,47461,22256,25205,30285,16543,633,ITG,ITG1,19,Sicilia,Sicilia,4999891,3380048,67.6,0.95
1330,2021-01-31,SIC,4059,1942,2117,107,3950,2,ITG,ITG1,19,Sicilia,Sicilia,4999891,3384107,67.68,0.08
1331,2021-05-11,SIC,32672,15498,17174,19677,12490,505,ITG,ITG1,19,Sicilia,Sicilia,4999891,3416779,68.34,0.65
1332,2021-02-17,SIC,5218,3204,2014,4498,670,50,ITG,ITG1,19,Sicilia,Sicilia,4999891,3421997,68.44,0.1
1333,2021-04-24,SIC,31211,14716,16495,23146,7637,428,ITG,ITG1,19,Sicilia,Sicilia,4999891,3453208,69.07,0.62
1334,2021-08-02,SIC,32941,16371,16570,12832,19764,345,ITG,ITG1,19,Sicilia,Sicilia,4999891,3486149,69.72,0.66
1335,2021-08-06,SIC,24785,12576,12209,13502,10875,408,ITG,ITG1,19,Sicilia,Sicilia,4999891,3510934,70.22,0.5
1336,2021-04-05,SIC,8024,3957,4067,6514,1442,68,ITG,ITG1,19,Sicilia,Sicilia,4999891,3518958,70.38,0.16
1337,2021-04-12,SIC,19022,9221,9801,11488,7276,258,ITG,ITG1,19,Sicilia,Sicilia,4999891,3537980,70.76,0.38
1338,2021-02-14,SIC,1055,402,653,905,140,10,ITG,ITG1,19,Sicilia,Sicilia,4999891,3539035,70.78,0.02
1339,2021-01-02,SIC,4883,2545,2338,4848,0,35,ITG,ITG1,19,Sicilia,Sicilia,4999891,3543918,70.88,0.1
1340,2021-03-30,SIC,14581,6769,7812,9713,4768,100,ITG,ITG1,19,Sicilia,Sicilia,4999891,3558499,71.17,0.29
1341,2021-03-13,SIC,12222,5393,6829,7629,4500,93,ITG,ITG1,19,Sicilia,Sicilia,4999891,3570721,71.42,0.24
1342,2021-04-17,SIC,26009,13153,12856,18673,7066,270,ITG,ITG1,19,Sicilia,Sicilia,4999891,3596730,71.94,0.52
1343,2021-07-26,SIC,44504,22173,22331,16690,27445,369,ITG,ITG1,19,Sicilia,Sicilia,4999891,3641234,72.83,0.89
1344,2021-03-17,SIC,15051,7441,7610,9075,5849,127,ITG,ITG1,19,Sicilia,Sicilia,4999891,3656285,73.13,0.3
1345,2021-06-25,SIC,39799,18675,21124,17381,22079,339,ITG,ITG1,19,Sicilia,Sicilia,4999891,3696084,73.92,0.8
1346,2021-07-09,SIC,44818,20681,24137,6404,38233,181,ITG,ITG1,19,Sicilia,Sicilia,4999891,3740902,74.82,0.9
1347,2021-06-06,SIC,49526,23920,25606,41145,7825,556,ITG,ITG1,19,Sicilia,Sicilia,4999891,3790428,75.81,0.99
1348,2021-02-26,SIC,11977,5872,6105,10180,1681,116,ITG,ITG1,19,Sicilia,Sicilia,4999891,3802405,76.05,0.24
1349,2021-05-06,SIC,29477,14010,15467,18158,10835,484,ITG,ITG1,19,Sicilia,Sicilia,4999891,3831882,76.64,0.59
1350,2021-01-09,SIC,7244,3417,3827,7183,0,61,ITG,ITG1,19,Sicilia,Sicilia,4999891,3839126,76.78,0.14
1351,2021-05-03,SIC,23319,10799,12520,13263,9793,263,ITG,ITG1,19,Sicilia,Sicilia,4999891,3862445,77.25,0.47
1352,2021-07-11,SIC,36038,16870,19168,3662,32281,95,ITG,ITG1,19,Sicilia,Sicilia,4999891,3898483,77.97,0.72
1353,2021-07-25,SIC,31807,16763,15044,11846,19702,259,ITG,ITG1,19,Sicilia,Sicilia,4999891,3930290,78.61,0.64
1354,2021-04-19,SIC,18286,8671,9615,12464,5588,234,ITG,ITG1,19,Sicilia,Sicilia,4999891,3948576,78.97,0.37
1355,2021-05-10,SIC,28729,13792,14937,16194,12215,320,ITG,ITG1,19,Sicilia,Sicilia,4999891,3977305,79.55,0.57
1356,2021-08-18,SIC,21977,11342,10635,11667,9941,369,ITG,ITG1,19,Sicilia,Sicilia,4999891,3999282,79.99,0.44
1357,2021-03-26,SIC,17995,8359,9636,12346,5501,148,ITG,ITG1,19,Sicilia,Sicilia,4999891,4017277,80.35,0.36
1358,2021-01-28,SIC,9034,4274,4760,368,8665,1,ITG,ITG1,19,Sicilia,Sicilia,4999891,4026311,80.53,0.18
1359,2021-07-04,SIC,26511,12799,13712,7615,18725,171,ITG,ITG1,19,Sicilia,Sicilia,4999891,4052822,81.06,0.53
1360,2021-05-08,SIC,35643,17035,18608,24915,10306,422,ITG,ITG1,19,Sicilia,Sicilia,4999891,4088465,81.77,0.71
1361,2021-01-26,SIC,9574,4741,4833,222,9351,1,ITG,ITG1,19,Sicilia,Sicilia,4999891,4098039,81.96,0.19
1362,2021-02-05,SIC,6786,3004,3782,2087,4661,38,ITG,ITG1,19,Sicilia,Sicilia,4999891,4104825,82.1,0.14
1363,2021-04-03,SIC,16419,7817,8602,13422,2837,160,ITG,ITG1,19,Sicilia,Sicilia,4999891,4121244,82.43,0.33
1364,2021-01-05,SIC,10413,5119,5294,10332,0,81,ITG,ITG1,19,Sicilia,Sicilia,4999891,4131657,82.63,0.21
1365,2021-04-15,SIC,21589,10495,11094,12011,9352,226,ITG,ITG1,19,Sicilia,Sicilia,4999891,4153246,83.07,0.43
1366,2021-06-20,SIC,33447,15827,17620,15115,18073,259,ITG,ITG1,19,Sicilia,Sicilia,4999891,4186693,83.74,0.67
1367,2021-02-21,SIC,5169,2501,2668,5047,107,15,ITG,ITG1,19,Sicilia,Sicilia,4999891,4191862,83.84,0.1
1368,2021-04-22,SIC,26770,12641,14129,19893,6461,416,ITG,ITG1,19,Sicilia,Sicilia,4999891,4218632,84.37,0.54
1369,2021-03-10,SIC,13955,6135,7820,11626,2185,144,ITG,ITG1,19,Sicilia,Sicilia,4999891,4232587,84.65,0.28
1370,2021-01-12,SIC,4368,2137,2231,4322,0,46,ITG,ITG1,19,Sicilia,Sicilia,4999891,4236955,84.74,0.09
1371,2021-06-18,SIC,43607,20151,23456,18863,24373,371,ITG,ITG1,19,Sicilia,Sicilia,4999891,4280562,85.61,0.87
1372,2021-06-27,SIC,25312,12202,13110,12099,12982,231,ITG,ITG1,19,Sicilia,Sicilia,4999891,4305874,86.12,0.51
1373,2021-05-15,SIC,56489,26391,30098,40339,15243,907,ITG,ITG1,19,Sicilia,Sicilia,4999891,4362363,87.25,1.13
1374,2021-03-19,SIC,16322,8058,8264,10652,5576,94,ITG,ITG1,19,Sicilia,Sicilia,4999891,4378685,87.58,0.33
1375,2021-03-12,SIC,12881,5567,7314,10658,2068,155,ITG,ITG1,19,Sicilia,Sicilia,4999891,4391566,87.83,0.26
1376,2021-04-26,SIC,21700,10275,11425,13301,8084,315,ITG,ITG1,19,Sicilia,Sicilia,4999891,4413266,88.27,0.43
1377,2021-02-02,SIC,5319,2493,2826,615,4694,10,ITG,ITG1,19,Sicilia,Sicilia,4999891,4418585,88.37,0.11
1378,2021-08-04,SIC,24296,11985,12311,10943,13032,321,ITG,ITG1,19,Sicilia,Sicilia,4999891,4442881,88.86,0.49
1379,2021-07-18,SIC,39304,19793,19511,8129,30943,232,ITG,ITG1,19,Sicilia,Sicilia,4999891,4482185,89.65,0.79
1380,2021-01-14,SIC,5264,2492,2772,5202,0,62,ITG,ITG1,19,Sicilia,Sicilia,4999891,4487449,89.75,0.11
1381,2021-08-14,SIC,6220,3370,2850,3362,2737,121,ITG,ITG1,19,Sicilia,Sicilia,4999891,4493669,89.88,0.12
1382,2021-03-31,SIC,14519,6707,7812,9443,4932,144,ITG,ITG1,19,Sicilia,Sicilia,4999891,4508188,90.17,0.29
1383,2021-01-07,SIC,8978,4152,4826,8896,0,82,ITG,ITG1,19,Sicilia,Sicilia,4999891,4517166,90.35,0.18
1384,2021-03-27,SIC,15691,7404,8287,10683,4886,122,ITG,ITG1,19,Sicilia,Sicilia,4999891,4532857,90.66,0.31
1385,2021-01-29,SIC,9185,4256,4929,406,8767,12,ITG,ITG1,19,Sicilia,Sicilia,4999891,4542042,90.84,0.18
1386,2021-02-12,SIC,4606,1829,2777,4241,286,79,ITG,ITG1,19,Sicilia,Sicilia,4999891,4546648,90.93,0.09
1387,2021-05-23,SIC,34096,16601,17495,19847,14020,229,ITG,ITG1,19,Sicilia,Sicilia,4999891,4580744,91.62,0.68
1388,2021-06-10,SIC,53045,24904,28141,45149,7246,650,ITG,ITG1,19,Sicilia,Sicilia,4999891,4633789,92.68,1.06
1389,2021-06-29,SIC,31387,14699,16688,15670,15314,403,ITG,ITG1,19,Sicilia,Sicilia,4999891,4665176,93.31,0.63
1390,2021-08-13,SIC,11658,6036,5622,6024,5395,239,ITG,ITG1,19,Sicilia,Sicilia,4999891,4676834,93.54,0.23
1391,2021-02-09,SIC,4348,1800,2548,3246,1037,65,ITG,ITG1,19,Sicilia,Sicilia,4999891,4681182,93.63,0.09
1392,2021-05-27,SIC,47595,21921,25674,24456,22720,419,ITG,ITG1,19,Sicilia,Sicilia,4999891,4728777,94.58,0.95
1393,2021-04-14,SIC,20584,9942,10642,11626,8768,190,ITG,ITG1,19,Sicilia,Sicilia,4999891,4749361,94.99,0.41
1394,2021-07-23,SIC,41439,20816,20623,14345,26772,322,ITG,ITG1,19,Sicilia,Sicilia,4999891,4790800,95.82,0.83
1395,2021-04-21,SIC,22395,10752,11643,15996,6125,274,ITG,ITG1,19,Sicilia,Sicilia,4999891,4813195,96.27,0.45
1396,2021-04-07,SIC,18440,9061,9379,9738,8511,191,ITG,ITG1,19,Sicilia,Sicilia,4999891,4831635,96.63,0.37
1397,2021-07-16,SIC,49339,23368,25971,8715,40339,285,ITG,ITG1,19,Sicilia,Sicilia,4999891,4880974,97.62,0.99
1398,2021-07-30,SIC,32475,16081,16394,12076,20114,285,ITG,ITG1,19,Sicilia,Sicilia,4999891,4913449,98.27,0.65
1399,2021-06-03,SIC,45998,21096,24902,33767,11715,516,ITG,ITG1,19,Sicilia,Sicilia,4999891,4959447,99.19,0.92
1400,2021-05-20,SIC,44082,21124,22958,27740,15925,417,ITG,ITG1,19,Sicilia,Sicilia,4999891,5003529,100.07,0.88
1401,2021-02-20,SIC,7170,3707,3463,6801,272,97,ITG,ITG1,19,Sicilia,Sicilia,4999891,5010699,100.22,0.14
1402,2021-02-03,SIC,5941,2792,3149,708,5225,8,ITG,ITG1,19,Sicilia,Sicilia,4999891,5016640,100.33,0.12
1403,2021-04-27,SIC,26460,12690,13770,15166,10957,337,ITG,ITG1,19,Sicilia,Sicilia,4999891,5043100,100.86,0.53
1404,2021-08-05,SIC,23851,11843,12008,11520,12025,306,ITG,ITG1,19,Sicilia,Sicilia,4999891,5066951,101.34,0.48
1405,2021-05-14,SIC,52182,24470,27712,35742,15675,765,ITG,ITG1,19,Sicilia,Sicilia,4999891,5119133,102.38,1.04
1406,2021-01-15,SIC,5322,2334,2988,5255,0,67,ITG,ITG1,19,Sicilia,Sicilia,4999891,5124455,102.49,0.11
1407,2021-04-25,SIC,21403,10208,11195,16147,5019,237,ITG,ITG1,19,Sicilia,Sicilia,4999891,5145858,102.92,0.43
1408,2021-02-01,SIC,5951,2641,3310,297,5641,13,ITG,ITG1,19,Sicilia,Sicilia,4999891,5151809,103.04,0.12
1409,2021-03-22,SIC,16689,7919,8770,11167,5427,95,ITG,ITG1,19,Sicilia,Sicilia,4999891,5168498,103.37,0.33
1410,2021-06-30,SIC,32599,15033,17566,11440,20839,320,ITG,ITG1,19,Sicilia,Sicilia,4999891,5201097,104.02,0.65
1411,2020-12-29,SIC,245,152,93,244,0,1,ITG,ITG1,19,Sicilia,Sicilia,4999891,5201342,104.03,0.0
1412,2021-06-13,SIC,34544,17164,17380,30604,3508,432,ITG,ITG1,19,Sicilia,Sicilia,4999891,5235886,104.72,0.69
1413,2021-04-10,SIC,20444,9975,10469,11309,8968,167,ITG,ITG1,19,Sicilia,Sicilia,4999891,5256330,105.13,0.41
1414,2021-01-17,SIC,1313,597,716,1239,65,9,ITG,ITG1,19,Sicilia,Sicilia,4999891,5257643,105.16,0.03
1415,2021-07-02,SIC,30561,14231,16330,9929,20346,286,ITG,ITG1,19,Sicilia,Sicilia,4999891,5288204,105.77,0.61
1416,2021-07-19,SIC,48934,23579,25355,11649,36929,356,ITG,ITG1,19,Sicilia,Sicilia,4999891,5337138,106.75,0.98
1417,2021-03-05,SIC,15776,6846,8930,11386,4241,149,ITG,ITG1,19,Sicilia,Sicilia,4999891,5352914,107.06,0.32
1418,2021-02-16,SIC,4201,2208,1993,3664,466,71,ITG,ITG1,19,Sicilia,Sicilia,4999891,5357115,107.14,0.08
1419,2021-06-17,SIC,41873,19496,22377,20357,21147,369,ITG,ITG1,19,Sicilia,Sicilia,4999891,5398988,107.98,0.84
1420,2020-12-31,SIC,896,477,419,888,0,8,ITG,ITG1,19,Sicilia,Sicilia,4999891,5399884,108.0,0.02
1421,2021-03-07,SIC,9267,3458,5809,8124,1083,60,ITG,ITG1,19,Sicilia,Sicilia,4999891,5409151,108.19,0.19
1422,2021-06-15,SIC,46145,21754,24391,28182,17530,433,ITG,ITG1,19,Sicilia,Sicilia,4999891,5455296,109.11,0.92
1423,2021-03-24,SIC,20984,9878,11106,15046,5742,196,ITG,ITG1,19,Sicilia,Sicilia,4999891,5476280,109.53,0.42
1424,2021-05-29,SIC,47184,21469,25715,23528,23207,449,ITG,ITG1,19,Sicilia,Sicilia,4999891,5523464,110.47,0.94
1425,2021-05-22,TOS,26031,12665,13366,21487,4295,249,ITI,ITI1,9,Toscana,Toscana,3729641,26031,0.7,0.7
1426,2021-05-05,TOS,30159,13462,16697,14862,14561,736,ITI,ITI1,9,Toscana,Toscana,3729641,56190,1.51,0.81
1427,2021-08-13,TOS,23054,12491,10563,11293,11215,546,ITI,ITI1,9,Toscana,Toscana,3729641,79244,2.12,0.62
1428,2021-02-28,TOS,1649,667,982,852,727,70,ITI,ITI1,9,Toscana,Toscana,3729641,80893,2.17,0.04
1429,2021-02-11,TOS,5384,2022,3362,5061,242,81,ITI,ITI1,9,Toscana,Toscana,3729641,86277,2.31,0.14
1430,2021-02-09,TOS,4490,1470,3020,3765,611,114,ITI,ITI1,9,Toscana,Toscana,3729641,90767,2.43,0.12
1431,2021-04-07,TOS,35846,15476,20370,28148,7277,421,ITI,ITI1,9,Toscana,Toscana,3729641,126613,3.39,0.96
1432,2021-01-28,TOS,6286,1883,4403,346,5933,7,ITI,ITI1,9,Toscana,Toscana,3729641,132899,3.56,0.17
1433,2021-08-20,TOS,20136,11040,9096,9925,9719,492,ITI,ITI1,9,Toscana,Toscana,3729641,153035,4.1,0.54
1434,2021-03-19,TOS,10172,4475,5697,7127,2897,148,ITI,ITI1,9,Toscana,Toscana,3729641,163207,4.38,0.27
1435,2021-01-16,TOS,3271,1046,2225,3213,0,58,ITI,ITI1,9,Toscana,Toscana,3729641,166478,4.46,0.09
1436,2021-04-26,TOS,10149,4936,5213,7456,2557,136,ITI,ITI1,9,Toscana,Toscana,3729641,176627,4.74,0.27
1437,2021-01-02,TOS,3499,1096,2403,3455,0,44,ITI,ITI1,9,Toscana,Toscana,3729641,180126,4.83,0.09
1438,2021-07-30,TOS,37884,20388,17496,10791,26739,354,ITI,ITI1,9,Toscana,Toscana,3729641,218010,5.85,1.02
1439,2021-07-13,TOS,29333,14730,14603,7713,21449,171,ITI,ITI1,9,Toscana,Toscana,3729641,247343,6.63,0.79
1440,2021-04-02,TOS,32029,13582,18447,23690,8084,255,ITI,ITI1,9,Toscana,Toscana,3729641,279372,7.49,0.86
1441,2021-07-11,TOS,26178,12719,13459,9169,16836,173,ITI,ITI1,9,Toscana,Toscana,3729641,305550,8.19,0.7
1442,2021-07-01,TOS,32065,15522,16543,10722,21067,276,ITI,ITI1,9,Toscana,Toscana,3729641,337615,9.05,0.86
1443,2021-03-26,TOS,20749,9431,11318,14709,5831,209,ITI,ITI1,9,Toscana,Toscana,3729641,358364,9.61,0.56
1444,2021-03-09,TOS,11142,4575,6567,5502,5562,78,ITI,ITI1,9,Toscana,Toscana,3729641,369506,9.91,0.3
1445,2021-04-09,TOS,24611,10582,14029,20709,3454,448,ITI,ITI1,9,Toscana,Toscana,3729641,394117,10.57,0.66
1446,2021-07-18,TOS,30371,15268,15103,8336,21826,209,ITI,ITI1,9,Toscana,Toscana,3729641,424488,11.38,0.81
1447,2021-06-17,TOS,32596,16697,15899,26693,5558,345,ITI,ITI1,9,Toscana,Toscana,3729641,457084,12.26,0.87
1448,2021-08-01,TOS,29909,15314,14595,13788,15641,480,ITI,ITI1,9,Toscana,Toscana,3729641,486993,13.06,0.8
1449,2021-06-05,TOS,28448,13603,14845,20560,7618,270,ITI,ITI1,9,Toscana,Toscana,3729641,515441,13.82,0.76
1450,2021-08-08,TOS,25009,12908,12101,14594,9916,499,ITI,ITI1,9,Toscana,Toscana,3729641,540450,14.49,0.67
1451,2021-01-11,TOS,5095,1691,3404,4996,0,99,ITI,ITI1,9,Toscana,Toscana,3729641,545545,14.63,0.14
1452,2021-04-21,TOS,29641,12685,16956,16853,12149,639,ITI,ITI1,9,Toscana,Toscana,3729641,575186,15.42,0.79
1453,2021-02-23,TOS,7723,3325,4398,7209,162,352,ITI,ITI1,9,Toscana,Toscana,3729641,582909,15.63,0.21
1454,2021-06-03,TOS,32064,15457,16607,27151,4589,324,ITI,ITI1,9,Toscana,Toscana,3729641,614973,16.49,0.86
1455,2021-06-22,TOS,31050,15622,15428,22457,8215,378,ITI,ITI1,9,Toscana,Toscana,3729641,646023,17.32,0.83
1456,2021-05-17,TOS,29778,14881,14897,20561,8939,278,ITI,ITI1,9,Toscana,Toscana,3729641,675801,18.12,0.8
1457,2021-03-21,TOS,3296,1629,1667,1819,1434,43,ITI,ITI1,9,Toscana,Toscana,3729641,679097,18.21,0.09
1458,2021-01-23,TOS,3969,1360,2609,630,3333,6,ITI,ITI1,9,Toscana,Toscana,3729641,683066,18.31,0.11
1459,2021-06-29,TOS,37047,18038,19009,7990,28910,147,ITI,ITI1,9,Toscana,Toscana,3729641,720113,19.31,0.99
1460,2021-05-03,TOS,11944,5517,6427,10362,1334,248,ITI,ITI1,9,Toscana,Toscana,3729641,732057,19.63,0.32
1461,2021-06-10,TOS,26444,13565,12879,25538,558,348,ITI,ITI1,9,Toscana,Toscana,3729641,758501,20.34,0.71
1462,2021-05-24,TOS,33756,16721,17035,23892,9584,280,ITI,ITI1,9,Toscana,Toscana,3729641,792257,21.24,0.91
1463,2021-01-25,TOS,5132,1895,3237,240,4888,4,ITI,ITI1,9,Toscana,Toscana,3729641,797389,21.38,0.14
1464,2021-06-12,TOS,29401,15157,14244,24655,4391,355,ITI,ITI1,9,Toscana,Toscana,3729641,826790,22.17,0.79
1465,2021-04-16,TOS,28972,12890,16082,21422,6917,633,ITI,ITI1,9,Toscana,Toscana,3729641,855762,22.94,0.78
1466,2021-07-25,TOS,33918,16772,17146,7053,26685,180,ITI,ITI1,9,Toscana,Toscana,3729641,889680,23.85,0.91
1467,2021-03-02,TOS,10601,3799,6802,7041,3447,113,ITI,ITI1,9,Toscana,Toscana,3729641,900281,24.14,0.28
1468,2021-01-04,TOS,5067,1896,3171,5002,0,65,ITI,ITI1,9,Toscana,Toscana,3729641,905348,24.27,0.14
1469,2021-04-14,TOS,20195,8349,11846,14502,5146,547,ITI,ITI1,9,Toscana,Toscana,3729641,925543,24.82,0.54
1470,2021-06-14,TOS,31817,16339,15478,27418,4108,291,ITI,ITI1,9,Toscana,Toscana,3729641,957360,25.67,0.85
1471,2021-01-21,TOS,1589,686,903,858,722,9,ITI,ITI1,9,Toscana,Toscana,3729641,958949,25.71,0.04
1472,2021-06-02,TOS,27604,13628,13976,21859,5511,234,ITI,ITI1,9,Toscana,Toscana,3729641,986553,26.45,0.74
1473,2021-04-06,TOS,22234,9829,12405,18070,3745,419,ITI,ITI1,9,Toscana,Toscana,3729641,1008787,27.05,0.6
1474,2021-06-24,TOS,29452,14625,14827,19309,9749,394,ITI,ITI1,9,Toscana,Toscana,3729641,1038239,27.84,0.79
1475,2021-01-09,TOS,4487,1597,2890,4421,0,66,ITI,ITI1,9,Toscana,Toscana,3729641,1042726,27.96,0.12
1476,2021-03-07,TOS,5649,2358,3291,1993,3545,111,ITI,ITI1,9,Toscana,Toscana,3729641,1048375,28.11,0.15
1477,2021-07-20,TOS,37323,19098,18225,7970,29161,192,ITI,ITI1,9,Toscana,Toscana,3729641,1085698,29.11,1.0
1478,2021-02-04,TOS,4255,1595,2660,933,3295,27,ITI,ITI1,9,Toscana,Toscana,3729641,1089953,29.22,0.11
1479,2021-05-15,TOS,29370,13862,15508,22871,5903,596,ITI,ITI1,9,Toscana,Toscana,3729641,1119323,30.01,0.79
1480,2021-04-28,TOS,19146,8191,10955,3453,15336,357,ITI,ITI1,9,Toscana,Toscana,3729641,1138469,30.52,0.51
1481,2021-02-18,TOS,8824,3285,5539,7744,896,184,ITI,ITI1,9,Toscana,Toscana,3729641,1147293,30.76,0.24
1482,2021-05-29,TOS,31578,15265,16313,23179,8171,228,ITI,ITI1,9,Toscana,Toscana,3729641,1178871,31.61,0.85
1483,2021-08-06,TOS,32925,17651,15274,15328,17122,475,ITI,ITI1,9,Toscana,Toscana,3729641,1211796,32.49,0.88
1484,2021-03-28,TOS,6211,2806,3405,5875,253,83,ITI,ITI1,9,Toscana,Toscana,3729641,1218007,32.66,0.17
1485,2021-01-30,TOS,4624,1623,3001,175,4431,18,ITI,ITI1,9,Toscana,Toscana,3729641,1222631,32.78,0.12
1486,2021-07-06,TOS,25794,13039,12755,11044,14528,222,ITI,ITI1,9,Toscana,Toscana,3729641,1248425,33.47,0.69
1487,2021-05-10,TOS,26236,12415,13821,15245,10645,346,ITI,ITI1,9,Toscana,Toscana,3729641,1274661,34.18,0.7
1488,2021-03-14,TOS,7177,2571,4606,3149,3935,93,ITI,ITI1,9,Toscana,Toscana,3729641,1281838,34.37,0.19
1489,2021-08-18,TOS,25899,13806,12093,12808,12490,601,ITI,ITI1,9,Toscana,Toscana,3729641,1307737,35.06,0.69
1490,2021-02-16,TOS,9281,3340,5941,8329,721,231,ITI,ITI1,9,Toscana,Toscana,3729641,1317018,35.31,0.25
1491,2021-05-02,TOS,11178,4935,6243,8977,1967,234,ITI,ITI1,9,Toscana,Toscana,3729641,1328196,35.61,0.3
1492,2021-08-10,TOS,25895,13473,12422,16337,8916,642,ITI,ITI1,9,Toscana,Toscana,3729641,1354091,36.31,0.69
1493,2021-04-18,TOS,8367,4093,4274,7059,1032,276,ITI,ITI1,9,Toscana,Toscana,3729641,1362458,36.53,0.22
1494,2021-07-27,TOS,38688,20121,18567,11270,27078,340,ITI,ITI1,9,Toscana,Toscana,3729641,1401146,37.57,1.04
1495,2021-07-10,TOS,29311,14186,15125,7959,21167,185,ITI,ITI1,9,Toscana,Toscana,3729641,1430457,38.35,0.79
1496,2021-02-08,TOS,4099,1361,2738,3529,459,111,ITI,ITI1,9,Toscana,Toscana,3729641,1434556,38.46,0.11
1497,2021-07-15,TOS,31247,15291,15956,8081,22921,245,ITI,ITI1,9,Toscana,Toscana,3729641,1465803,39.3,0.84
1498,2021-05-19,TOS,27969,13584,14385,18642,9060,267,ITI,ITI1,9,Toscana,Toscana,3729641,1493772,40.05,0.75
1499,2021-04-13,TOS,8494,3508,4986,5736,2475,283,ITI,ITI1,9,Toscana,Toscana,3729641,1502266,40.28,0.23
1500,2021-07-22,TOS,39381,19791,19590,4487,34729,165,ITI,ITI1,9,Toscana,Toscana,3729641,1541647,41.33,1.06
1501,2021-08-22,TOS,8396,4474,3922,3675,4546,175,ITI,ITI1,9,Toscana,Toscana,3729641,1550043,41.56,0.23
1502,2021-02-20,TOS,4664,1797,2867,3993,537,134,ITI,ITI1,9,Toscana,Toscana,3729641,1554707,41.69,0.13
1503,2021-05-31,TOS,30348,14646,15702,19262,10845,241,ITI,ITI1,9,Toscana,Toscana,3729641,1585055,42.5,0.81
1504,2021-05-14,TOS,33389,15451,17938,20020,12728,641,ITI,ITI1,9,Toscana,Toscana,3729641,1618444,43.39,0.9
1505,2021-03-23,TOS,9450,4414,5036,6969,2282,199,ITI,ITI1,9,Toscana,Toscana,3729641,1627894,43.65,0.25
1506,2020-12-30,TOS,329,106,223,328,0,1,ITI,ITI1,9,Toscana,Toscana,3729641,1628223,43.66,0.01
1507,2021-08-05,TOS,34672,17985,16687,12080,22219,373,ITI,ITI1,9,Toscana,Toscana,3729641,1662895,44.59,0.93
1508,2021-05-12,TOS,34223,15586,18637,13582,20055,586,ITI,ITI1,9,Toscana,Toscana,3729641,1697118,45.5,0.92
1509,2021-01-18,TOS,1120,637,483,972,98,50,ITI,ITI1,9,Toscana,Toscana,3729641,1698238,45.53,0.03
1510,2021-02-01,TOS,5514,1959,3555,510,4994,10,ITI,ITI1,9,Toscana,Toscana,3729641,1703752,45.68,0.15
1511,2021-03-04,TOS,17866,6962,10904,14624,3085,157,ITI,ITI1,9,Toscana,Toscana,3729641,1721618,46.16,0.48
1512,2021-08-17,TOS,25894,13979,11915,11406,13996,492,ITI,ITI1,9,Toscana,Toscana,3729641,1747512,46.85,0.69
1513,2021-06-21,TOS,31202,15495,15707,18142,12796,264,ITI,ITI1,9,Toscana,Toscana,3729641,1778714,47.69,0.84
1514,2021-02-06,TOS,4529,1551,2978,1261,3236,32,ITI,ITI1,9,Toscana,Toscana,3729641,1783243,47.81,0.12
1515,2021-02-25,TOS,10631,4305,6326,9463,998,170,ITI,ITI1,9,Toscana,Toscana,3729641,1793874,48.1,0.29
1516,2021-06-28,TOS,37699,18140,19559,8437,29095,167,ITI,ITI1,9,Toscana,Toscana,3729641,1831573,49.11,1.01
1517,2021-01-20,TOS,1334,640,694,1023,248,63,ITI,ITI1,9,Toscana,Toscana,3729641,1832907,49.14,0.04
1518,2021-04-30,TOS,40242,17807,22435,19661,19935,646,ITI,ITI1,9,Toscana,Toscana,3729641,1873149,50.22,1.08
1519,2021-04-25,TOS,11066,5251,5815,8759,2146,161,ITI,ITI1,9,Toscana,Toscana,3729641,1884215,50.52,0.3
1520,2021-08-03,TOS,36318,18904,17414,12152,23789,377,ITI,ITI1,9,Toscana,Toscana,3729641,1920533,51.49,0.97
1521,2021-01-13,TOS,4063,1398,2665,3999,0,64,ITI,ITI1,9,Toscana,Toscana,3729641,1924596,51.6,0.11
1522,2021-04-23,TOS,25673,11430,14243,8805,16337,531,ITI,ITI1,9,Toscana,Toscana,3729641,1950269,52.29,0.69
1523,2021-05-26,TOS,35617,17113,18504,20145,15216,256,ITI,ITI1,9,Toscana,Toscana,3729641,1985886,53.25,0.95
1524,2021-03-30,TOS,17036,7646,9390,13265,3573,198,ITI,ITI1,9,Toscana,Toscana,3729641,2002922,53.7,0.46
1525,2021-07-08,TOS,21083,10364,10719,9259,11584,240,ITI,ITI1,9,Toscana,Toscana,3729641,2024005,54.27,0.57
1526,2020-12-27,TOS,620,267,353,615,0,5,ITI,ITI1,9,Toscana,Toscana,3729641,2024625,54.28,0.02
1527,2021-08-02,TOS,35291,18084,17207,13352,21548,391,ITI,ITI1,9,Toscana,Toscana,3729641,2059916,55.23,0.95
1528,2021-04-27,TOS,10375,4927,5448,3665,6506,204,ITI,ITI1,9,Toscana,Toscana,3729641,2070291,55.51,0.28
1529,2021-07-19,TOS,38027,18955,19072,8815,28923,289,ITI,ITI1,9,Toscana,Toscana,3729641,2108318,56.53,1.02
1530,2021-01-17,TOS,2536,871,1665,1987,514,35,ITI,ITI1,9,Toscana,Toscana,3729641,2110854,56.6,0.07
1531,2021-01-06,TOS,4519,1460,3059,4467,0,52,ITI,ITI1,9,Toscana,Toscana,3729641,2115373,56.72,0.12
1532,2021-03-11,TOS,15968,6387,9581,12412,3373,183,ITI,ITI1,9,Toscana,Toscana,3729641,2131341,57.15,0.43
1533,2021-06-19,TOS,26516,13927,12589,21388,4790,338,ITI,ITI1,9,Toscana,Toscana,3729641,2157857,57.86,0.71
1534,2021-02-05,TOS,5750,2245,3505,1888,3828,34,ITI,ITI1,9,Toscana,Toscana,3729641,2163607,58.01,0.15
1535,2021-01-03,TOS,3337,1052,2285,3291,0,46,ITI,ITI1,9,Toscana,Toscana,3729641,2166944,58.1,0.09
1536,2021-02-15,TOS,8771,3377,5394,7772,826,173,ITI,ITI1,9,Toscana,Toscana,3729641,2175715,58.34,0.24
1537,2021-02-22,TOS,9821,4255,5566,9166,278,377,ITI,ITI1,9,Toscana,Toscana,3729641,2185536,58.6,0.26
1538,2021-05-07,TOS,32166,14715,17451,11357,20197,612,ITI,ITI1,9,Toscana,Toscana,3729641,2217702,59.46,0.86
1539,2021-08-15,TOS,14673,7748,6925,5266,9223,184,ITI,ITI1,9,Toscana,Toscana,3729641,2232375,59.85,0.39
1540,2021-07-29,TOS,39381,20513,18868,12605,26431,345,ITI,ITI1,9,Toscana,Toscana,3729641,2271756,60.91,1.06
1541,2021-02-13,TOS,7787,2362,5425,7412,227,148,ITI,ITI1,9,Toscana,Toscana,3729641,2279543,61.12,0.21
1542,2021-01-08,TOS,5948,1644,4304,5855,0,93,ITI,ITI1,9,Toscana,Toscana,3729641,2285491,61.28,0.16
1543,2021-07-12,TOS,28266,13992,14274,9657,18308,301,ITI,ITI1,9,Toscana,Toscana,3729641,2313757,62.04,0.76
1544,2021-07-17,TOS,27744,14335,13409,8960,18544,240,ITI,ITI1,9,Toscana,Toscana,3729641,2341501,62.78,0.74
1545,2021-06-11,TOS,29746,15490,14256,24720,4660,366,ITI,ITI1,9,Toscana,Toscana,3729641,2371247,63.58,0.8
1546,2021-04-15,TOS,24476,10231,14245,15336,8610,530,ITI,ITI1,9,Toscana,Toscana,3729641,2395723,64.23,0.66
1547,2021-02-17,TOS,8178,3171,5007,7301,753,124,ITI,ITI1,9,Toscana,Toscana,3729641,2403901,64.45,0.22
1548,2021-07-24,TOS,38442,19368,19074,6849,31364,229,ITI,ITI1,9,Toscana,Toscana,3729641,2442343,65.48,1.03
1549,2021-03-20,TOS,6590,2978,3612,5361,1138,91,ITI,ITI1,9,Toscana,Toscana,3729641,2448933,65.66,0.18
1550,2021-01-22,TOS,2866,1064,1802,524,2339,3,ITI,ITI1,9,Toscana,Toscana,3729641,2451799,65.74,0.08
1551,2021-07-07,TOS,25642,12606,13036,9335,16117,190,ITI,ITI1,9,Toscana,Toscana,3729641,2477441,66.43,0.69
1552,2021-03-27,TOS,8865,4155,4710,8511,216,138,ITI,ITI1,9,Toscana,Toscana,3729641,2486306,66.66,0.24
1553,2021-07-05,TOS,30517,15086,15431,10335,19951,231,ITI,ITI1,9,Toscana,Toscana,3729641,2516823,67.48,0.82
1554,2021-03-08,TOS,6713,2950,3763,1841,4825,47,ITI,ITI1,9,Toscana,Toscana,3729641,2523536,67.66,0.18
1555,2021-06-16,TOS,31786,16272,15514,26281,5184,321,ITI,ITI1,9,Toscana,Toscana,3729641,2555322,68.51,0.85
1556,2021-05-30,TOS,28700,13956,14744,21508,6950,242,ITI,ITI1,9,Toscana,Toscana,3729641,2584022,69.28,0.77
1557,2021-07-04,TOS,31531,15307,16224,9361,21877,293,ITI,ITI1,9,Toscana,Toscana,3729641,2615553,70.13,0.85
1558,2020-12-31,TOS,802,201,601,798,0,4,ITI,ITI1,9,Toscana,Toscana,3729641,2616355,70.15,0.02
1559,2021-04-10,TOS,11753,5367,6386,10772,743,238,ITI,ITI1,9,Toscana,Toscana,3729641,2628108,70.47,0.32
1560,2021-06-30,TOS,38274,18517,19757,8463,29594,217,ITI,ITI1,9,Toscana,Toscana,3729641,2666382,71.49,1.03
1561,2021-02-14,TOS,9000,2569,6431,8737,110,153,ITI,ITI1,9,Toscana,Toscana,3729641,2675382,71.73,0.24
1562,2021-05-25,TOS,34197,16510,17687,19287,14637,273,ITI,ITI1,9,Toscana,Toscana,3729641,2709579,72.65,0.92
1563,2021-03-29,TOS,9698,4849,4849,9213,351,134,ITI,ITI1,9,Toscana,Toscana,3729641,2719277,72.91,0.26
1564,2021-04-01,TOS,27135,11258,15877,16174,10721,240,ITI,ITI1,9,Toscana,Toscana,3729641,2746412,73.64,0.73
1565,2021-03-15,TOS,8710,3657,5053,4088,4447,175,ITI,ITI1,9,Toscana,Toscana,3729641,2755122,73.87,0.23
1566,2021-06-23,TOS,31560,15297,16263,19817,11383,360,ITI,ITI1,9,Toscana,Toscana,3729641,2786682,74.72,0.85
1567,2021-01-10,TOS,3002,1105,1897,2947,0,55,ITI,ITI1,9,Toscana,Toscana,3729641,2789684,74.8,0.08
1568,2021-04-20,TOS,18162,8110,10052,12210,5588,364,ITI,ITI1,9,Toscana,Toscana,3729641,2807846,75.28,0.49
1569,2021-04-03,TOS,15017,6646,8371,13675,1126,216,ITI,ITI1,9,Toscana,Toscana,3729641,2822863,75.69,0.4
1570,2021-01-27,TOS,4837,1575,3262,200,4632,5,ITI,ITI1,9,Toscana,Toscana,3729641,2827700,75.82,0.13
1571,2021-03-17,TOS,11428,4592,6836,6800,4535,93,ITI,ITI1,9,Toscana,Toscana,3729641,2839128,76.12,0.31
1572,2021-06-25,TOS,33636,16816,16820,12112,21244,280,ITI,ITI1,9,Toscana,Toscana,3729641,2872764,77.03,0.9
1573,2021-06-08,TOS,32602,16724,15878,31737,490,375,ITI,ITI1,9,Toscana,Toscana,3729641,2905366,77.9,0.87
1574,2021-02-26,TOS,10091,3841,6250,8662,1211,218,ITI,ITI1,9,Toscana,Toscana,3729641,2915457,78.17,0.27
1575,2021-05-08,TOS,29183,13128,16055,13279,15503,401,ITI,ITI1,9,Toscana,Toscana,3729641,2944640,78.95,0.78
1576,2021-03-12,TOS,16993,6626,10367,13270,3531,192,ITI,ITI1,9,Toscana,Toscana,3729641,2961633,79.41,0.46
1577,2021-08-16,TOS,29966,15733,14233,16586,12678,702,ITI,ITI1,9,Toscana,Toscana,3729641,2991599,80.21,0.8
1578,2021-01-14,TOS,3255,1179,2076,3219,0,36,ITI,ITI1,9,Toscana,Toscana,3729641,2994854,80.3,0.09
1579,2021-06-20,TOS,25180,12486,12694,15416,9522,242,ITI,ITI1,9,Toscana,Toscana,3729641,3020034,80.97,0.68
1580,2021-04-24,TOS,13448,6174,7274,5619,7460,369,ITI,ITI1,9,Toscana,Toscana,3729641,3033482,81.33,0.36
1581,2021-01-01,TOS,2370,788,1582,2325,0,45,ITI,ITI1,9,Toscana,Toscana,3729641,3035852,81.4,0.06
1582,2021-04-11,TOS,3645,1680,1965,3335,155,155,ITI,ITI1,9,Toscana,Toscana,3729641,3039497,81.5,0.1
1583,2021-07-03,TOS,29413,14819,14594,11864,17165,384,ITI,ITI1,9,Toscana,Toscana,3729641,3068910,82.28,0.79
1584,2021-08-07,TOS,30430,16273,14157,14197,15748,485,ITI,ITI1,9,Toscana,Toscana,3729641,3099340,83.1,0.82
1585,2021-03-06,TOS,7114,2853,4261,2826,4203,85,ITI,ITI1,9,Toscana,Toscana,3729641,3106454,83.29,0.19
1586,2021-08-21,TOS,17773,9848,7925,8059,9339,375,ITI,ITI1,9,Toscana,Toscana,3729641,3124227,83.77,0.48
1587,2021-02-03,TOS,4225,1452,2773,236,3985,4,ITI,ITI1,9,Toscana,Toscana,3729641,3128452,83.88,0.11
1588,2021-01-15,TOS,3879,1348,2531,3819,0,60,ITI,ITI1,9,Toscana,Toscana,3729641,3132331,83.98,0.1
1589,2021-06-18,TOS,30807,16258,14549,24992,5404,411,ITI,ITI1,9,Toscana,Toscana,3729641,3163138,84.81,0.83
1590,2021-02-19,TOS,8293,2952,5341,7600,513,180,ITI,ITI1,9,Toscana,Toscana,3729641,3171431,85.03,0.22
1591,2021-05-27,TOS,28376,13208,15168,13277,14877,222,ITI,ITI1,9,Toscana,Toscana,3729641,3199807,85.79,0.76
1592,2021-03-31,TOS,32774,13280,19494,20189,12244,341,ITI,ITI1,9,Toscana,Toscana,3729641,3232581,86.67,0.88
1593,2021-05-28,TOS,30144,13956,16188,17429,12487,228,ITI,ITI1,9,Toscana,Toscana,3729641,3262725,87.48,0.81
1594,2021-04-22,TOS,35773,15313,20460,17408,17536,829,ITI,ITI1,9,Toscana,Toscana,3729641,3298498,88.44,0.96
1595,2021-02-24,TOS,10373,4467,5906,10035,198,140,ITI,ITI1,9,Toscana,Toscana,3729641,3308871,88.72,0.28
1596,2021-07-31,TOS,35818,19202,16616,12368,23003,447,ITI,ITI1,9,Toscana,Toscana,3729641,3344689,89.68,0.96
1597,2021-06-04,TOS,28336,13448,14888,20264,7806,266,ITI,ITI1,9,Toscana,Toscana,3729641,3373025,90.44,0.76
1598,2021-04-08,TOS,29751,12588,17163,22937,6446,368,ITI,ITI1,9,Toscana,Toscana,3729641,3402776,91.24,0.8
1599,2021-07-09,TOS,29129,14109,15020,7691,21245,193,ITI,ITI1,9,Toscana,Toscana,3729641,3431905,92.02,0.78
1600,2021-03-22,TOS,5259,2769,2490,4675,447,137,ITI,ITI1,9,Toscana,Toscana,3729641,3437164,92.16,0.14
1601,2021-05-16,TOS,26690,12895,13795,23924,2470,296,ITI,ITI1,9,Toscana,Toscana,3729641,3463854,92.87,0.72
1602,2021-05-11,TOS,27966,12993,14973,12103,15484,379,ITI,ITI1,9,Toscana,Toscana,3729641,3491820,93.62,0.75
1603,2021-08-19,TOS,24112,12799,11313,11882,11605,625,ITI,ITI1,9,Toscana,Toscana,3729641,3515932,94.27,0.65
1604,2021-03-13,TOS,9291,3311,5980,5171,3966,154,ITI,ITI1,9,Toscana,Toscana,3729641,3525223,94.52,0.25
1605,2021-07-14,TOS,28916,14279,14637,8603,20061,252,ITI,ITI1,9,Toscana,Toscana,3729641,3554139,95.29,0.78
1606,2021-06-27,TOS,33305,16079,17226,5915,27257,133,ITI,ITI1,9,Toscana,Toscana,3729641,3587444,96.19,0.89
1607,2021-05-01,TOS,23340,10071,13269,13728,9227,385,ITI,ITI1,9,Toscana,Toscana,3729641,3610784,96.81,0.63
1608,2021-03-05,TOS,16883,6691,10192,11943,4759,181,ITI,ITI1,9,Toscana,Toscana,3729641,3627667,97.27,0.45
1609,2021-08-09,TOS,28949,14703,14246,18491,9750,708,ITI,ITI1,9,Toscana,Toscana,3729641,3656616,98.04,0.78
1610,2021-06-13,TOS,24618,12353,12265,22605,1659,354,ITI,ITI1,9,Toscana,Toscana,3729641,3681234,98.7,0.66
1611,2021-01-29,TOS,6150,1702,4448,290,5848,12,ITI,ITI1,9,Toscana,Toscana,3729641,3687384,98.87,0.16
1612,2021-05-09,TOS,22545,9777,12768,9411,12873,261,ITI,ITI1,9,Toscana,Toscana,3729641,3709929,99.47,0.6
1613,2021-07-16,TOS,27666,14038,13628,7694,19719,253,ITI,ITI1,9,Toscana,Toscana,3729641,3737595,100.21,0.74
1614,2021-05-20,TOS,29777,13922,15855,18640,10853,284,ITI,ITI1,9,Toscana,Toscana,3729641,3767372,101.01,0.8
1615,2021-01-31,TOS,3052,1131,1921,100,2949,3,ITI,ITI1,9,Toscana,Toscana,3729641,3770424,101.09,0.08
1616,2021-04-05,TOS,15289,6826,8463,14370,739,180,ITI,ITI1,9,Toscana,Toscana,3729641,3785713,101.5,0.41
1617,2021-02-07,TOS,2809,955,1854,864,1925,20,ITI,ITI1,9,Toscana,Toscana,3729641,3788522,101.58,0.08
1618,2021-07-23,TOS,38440,19293,19147,4386,33897,157,ITI,ITI1,9,Toscana,Toscana,3729641,3826962,102.61,1.03
1619,2021-06-06,TOS,28318,13658,14660,22585,5370,363,ITI,ITI1,9,Toscana,Toscana,3729641,3855280,103.37,0.76
1620,2021-03-25,TOS,23972,10406,13566,15308,8405,259,ITI,ITI1,9,Toscana,Toscana,3729641,3879252,104.01,0.64
1621,2021-04-12,TOS,2624,1192,1432,1800,655,169,ITI,ITI1,9,Toscana,Toscana,3729641,3881876,104.08,0.07
1622,2021-07-21,TOS,38485,19642,18843,7343,30908,234,ITI,ITI1,9,Toscana,Toscana,3729641,3920361,105.11,1.03
1623,2021-05-13,TOS,35193,15547,19646,13204,21349,640,ITI,ITI1,9,Toscana,Toscana,3729641,3955554,106.06,0.94
1624,2021-08-04,TOS,34764,17984,16780,11309,23041,414,ITI,ITI1,9,Toscana,Toscana,3729641,3990318,106.99,0.93
1625,2021-04-29,TOS,39373,17737,21636,18566,20146,661,ITI,ITI1,9,Toscana,Toscana,3729641,4029691,108.05,1.06
1626,2021-03-03,TOS,18233,6541,11692,14496,3609,128,ITI,ITI1,9,Toscana,Toscana,3729641,4047924,108.53,0.49
1627,2021-01-05,TOS,5249,1755,3494,5193,0,56,ITI,ITI1,9,Toscana,Toscana,3729641,4053173,108.67,0.14
1628,2021-05-18,TOS,28843,14277,14566,19761,8828,254,ITI,ITI1,9,Toscana,Toscana,3729641,4082016,109.45,0.77
1629,2021-03-24,TOS,20031,8310,11721,10403,9484,144,ITI,ITI1,9,Toscana,Toscana,3729641,4102047,109.99,0.54
1630,2021-02-21,TOS,5104,2088,3016,4730,170,204,ITI,ITI1,9,Toscana,Toscana,3729641,4107151,110.12,0.14
1631,2021-06-01,TOS,26957,13397,13560,22871,3836,250,ITI,ITI1,9,Toscana,Toscana,3729641,4134108,110.84,0.72
1632,2021-07-02,TOS,28307,14206,14101,10810,17200,297,ITI,ITI1,9,Toscana,Toscana,3729641,4162415,111.6,0.76
1633,2021-06-15,TOS,31219,16072,15147,26304,4573,342,ITI,ITI1,9,Toscana,Toscana,3729641,4193634,112.44,0.84
1634,2021-03-10,TOS,18370,7407,10963,14265,3998,107,ITI,ITI1,9,Toscana,Toscana,3729641,4212004,112.93,0.49
1635,2021-01-19,TOS,1105,532,573,1063,0,42,ITI,ITI1,9,Toscana,Toscana,3729641,4213109,112.96,0.03
1636,2021-08-11,TOS,26958,14133,12825,16874,9355,729,ITI,ITI1,9,Toscana,Toscana,3729641,4240067,113.69,0.72
1637,2021-01-12,TOS,3583,1398,2185,3510,0,73,ITI,ITI1,9,Toscana,Toscana,3729641,4243650,113.78,0.1
1638,2021-02-02,TOS,3744,1476,2268,188,3549,7,ITI,ITI1,9,Toscana,Toscana,3729641,4247394,113.88,0.1
1639,2021-03-18,TOS,9980,3985,5995,5851,3992,137,ITI,ITI1,9,Toscana,Toscana,3729641,4257374,114.15,0.27
1640,2021-06-26,TOS,34571,16769,17802,9995,24346,230,ITI,ITI1,9,Toscana,Toscana,3729641,4291945,115.08,0.93
1641,2021-06-09,TOS,34841,17579,17262,33954,462,425,ITI,ITI1,9,Toscana,Toscana,3729641,4326786,116.01,0.93
1642,2021-04-04,TOS,13927,6612,7315,13507,255,165,ITI,ITI1,9,Toscana,Toscana,3729641,4340713,116.38,0.37
1643,2021-03-16,TOS,4904,1885,3019,2569,2254,81,ITI,ITI1,9,Toscana,Toscana,3729641,4345617,116.52,0.13
1644,2021-02-27,TOS,1984,756,1228,1006,902,76,ITI,ITI1,9,Toscana,Toscana,3729641,4347601,116.57,0.05
1645,2021-06-07,TOS,34961,17155,17806,30968,3647,346,ITI,ITI1,9,Toscana,Toscana,3729641,4382562,117.51,0.94
1646,2021-05-21,TOS,28948,13496,15452,17225,11466,257,ITI,ITI1,9,Toscana,Toscana,3729641,4411510,118.28,0.78
1647,2021-03-01,TOS,4474,1734,2740,766,3642,66,ITI,ITI1,9,Toscana,Toscana,3729641,4415984,118.4,0.12
1648,2021-05-23,TOS,28436,13671,14765,25606,2561,269,ITI,ITI1,9,Toscana,Toscana,3729641,4444420,119.16,0.76
1649,2021-08-14,TOS,22353,12200,10153,10449,11491,413,ITI,ITI1,9,Toscana,Toscana,3729641,4466773,119.76,0.6
1650,2021-08-12,TOS,25816,13431,12385,14296,10879,641,ITI,ITI1,9,Toscana,Toscana,3729641,4492589,120.46,0.69
1651,2021-07-26,TOS,38264,19846,18418,10080,27877,307,ITI,ITI1,9,Toscana,Toscana,3729641,4530853,121.48,1.03
1652,2021-02-10,TOS,4268,1285,2983,3587,525,156,ITI,ITI1,9,Toscana,Toscana,3729641,4535121,121.6,0.11
1653,2021-05-04,TOS,18326,8218,10108,12415,5465,446,ITI,ITI1,9,Toscana,Toscana,3729641,4553447,122.09,0.49
1654,2021-02-12,TOS,7619,2694,4925,7293,213,113,ITI,ITI1,9,Toscana,Toscana,3729641,4561066,122.29,0.2
1655,2021-07-28,TOS,38549,20151,18398,12104,26107,338,ITI,ITI1,9,Toscana,Toscana,3729641,4599615,123.33,1.03
1656,2021-01-26,TOS,5398,1794,3604,209,5185,4,ITI,ITI1,9,Toscana,Toscana,3729641,4605013,123.47,0.14
1657,2021-05-06,TOS,31430,13672,17758,13464,17272,694,ITI,ITI1,9,Toscana,Toscana,3729641,4636443,124.31,0.84
1658,2021-04-19,TOS,9105,4516,4589,7754,1034,317,ITI,ITI1,9,Toscana,Toscana,3729641,4645548,124.56,0.24
1659,2021-04-17,TOS,20564,9221,11343,17932,2142,490,ITI,ITI1,9,Toscana,Toscana,3729641,4666112,125.11,0.55
1660,2021-01-24,TOS,3349,1072,2277,196,3150,3,ITI,ITI1,9,Toscana,Toscana,3729641,4669461,125.2,0.09
1661,2021-01-07,TOS,6018,1751,4267,5932,0,86,ITI,ITI1,9,Toscana,Toscana,3729641,4675479,125.36,0.16
1662,2021-05-26,LAZ,47646,21911,25735,34866,12135,645,ITI,ITI4,12,Lazio,Lazio,5879082,47646,0.81,0.81
1663,2021-03-04,LAZ,19459,8742,10717,14189,5033,237,ITI,ITI4,12,Lazio,Lazio,5879082,67105,1.14,0.33
1664,2021-06-12,LAZ,69924,32116,37808,39886,29403,635,ITI,ITI4,12,Lazio,Lazio,5879082,137029,2.33,1.19
1665,2021-06-14,LAZ,63068,29546,33522,32321,30189,558,ITI,ITI4,12,Lazio,Lazio,5879082,200097,3.4,1.07
1666,2021-03-21,LAZ,18291,7201,11090,13028,5071,192,ITI,ITI4,12,Lazio,Lazio,5879082,218388,3.71,0.31
1667,2020-12-30,LAZ,1656,639,1017,1645,0,11,ITI,ITI4,12,Lazio,Lazio,5879082,220044,3.74,0.03
1668,2021-07-22,LAZ,61142,30551,30591,28492,31130,1520,ITI,ITI4,12,Lazio,Lazio,5879082,281186,4.78,1.04
1669,2021-05-17,LAZ,44630,20436,24194,35610,8611,409,ITI,ITI4,12,Lazio,Lazio,5879082,325816,5.54,0.76
1670,2021-02-06,LAZ,6224,2539,3685,896,5324,4,ITI,ITI4,12,Lazio,Lazio,5879082,332040,5.65,0.11
1671,2021-08-08,LAZ,50062,25888,24174,17852,31392,818,ITI,ITI4,12,Lazio,Lazio,5879082,382102,6.5,0.85
1672,2021-06-26,LAZ,56207,26491,29716,24703,30911,593,ITI,ITI4,12,Lazio,Lazio,5879082,438309,7.46,0.96
1673,2021-04-30,LAZ,41701,18478,23223,26684,14364,653,ITI,ITI4,12,Lazio,Lazio,5879082,480010,8.16,0.71
1674,2021-08-22,LAZ,5286,3162,2124,1576,3651,59,ITI,ITI4,12,Lazio,Lazio,5879082,485296,8.25,0.09
1675,2021-06-19,LAZ,66548,31397,35151,35280,30452,816,ITI,ITI4,12,Lazio,Lazio,5879082,551844,9.39,1.13
1676,2021-03-30,LAZ,27109,13183,13926,19542,7211,356,ITI,ITI4,12,Lazio,Lazio,5879082,578953,9.85,0.46
1677,2021-07-08,LAZ,64297,31564,32733,28171,35461,665,ITI,ITI4,12,Lazio,Lazio,5879082,643250,10.94,1.09
1678,2021-07-27,LAZ,56314,27328,28986,8032,47956,326,ITI,ITI4,12,Lazio,Lazio,5879082,699564,11.9,0.96
1679,2021-04-18,LAZ,23866,10608,13258,15895,7698,273,ITI,ITI4,12,Lazio,Lazio,5879082,723430,12.31,0.41
1680,2021-02-18,LAZ,10026,4979,5047,9102,819,105,ITI,ITI4,12,Lazio,Lazio,5879082,733456,12.48,0.17
1681,2021-05-12,LAZ,47609,21615,25994,30287,16683,639,ITI,ITI4,12,Lazio,Lazio,5879082,781065,13.29,0.81
1682,2021-02-01,LAZ,5683,2184,3499,353,5329,1,ITI,ITI4,12,Lazio,Lazio,5879082,786748,13.38,0.1
1683,2021-07-15,LAZ,44976,22021,22955,6711,37849,416,ITI,ITI4,12,Lazio,Lazio,5879082,831724,14.15,0.77
1684,2021-01-13,LAZ,5806,2191,3615,5644,0,162,ITI,ITI4,12,Lazio,Lazio,5879082,837530,14.25,0.1
1685,2021-04-16,LAZ,34555,15757,18798,21965,12206,384,ITI,ITI4,12,Lazio,Lazio,5879082,872085,14.83,0.59
1686,2021-01-23,LAZ,7216,2870,4346,586,6630,0,ITI,ITI4,12,Lazio,Lazio,5879082,879301,14.96,0.12
1687,2021-01-06,LAZ,5197,1990,3207,5077,0,120,ITI,ITI4,12,Lazio,Lazio,5879082,884498,15.04,0.09
1688,2021-02-20,LAZ,9214,4274,4940,8368,775,71,ITI,ITI4,12,Lazio,Lazio,5879082,893712,15.2,0.16
1689,2021-05-31,LAZ,51788,23059,28729,30872,19894,1022,ITI,ITI4,12,Lazio,Lazio,5879082,945500,16.08,0.88
1690,2021-04-04,LAZ,17666,8200,9466,12261,5291,114,ITI,ITI4,12,Lazio,Lazio,5879082,963166,16.38,0.3
1691,2021-03-16,LAZ,13597,5765,7832,7046,6468,83,ITI,ITI4,12,Lazio,Lazio,5879082,976763,16.61,0.23
1692,2021-03-09,LAZ,22037,9957,12080,16455,5222,360,ITI,ITI4,12,Lazio,Lazio,5879082,998800,16.99,0.37
1693,2021-01-11,LAZ,5663,2148,3515,5517,0,146,ITI,ITI4,12,Lazio,Lazio,5879082,1004463,17.09,0.1
1694,2021-07-01,LAZ,48528,23215,25313,7200,41114,214,ITI,ITI4,12,Lazio,Lazio,5879082,1052991,17.91,0.83
1695,2021-04-09,LAZ,27722,12621,15101,19155,8275,292,ITI,ITI4,12,Lazio,Lazio,5879082,1080713,18.38,0.47
1696,2021-03-23,LAZ,25466,11956,13510,18477,6636,353,ITI,ITI4,12,Lazio,Lazio,5879082,1106179,18.82,0.43
1697,2021-02-15,LAZ,8040,3548,4492,7310,643,87,ITI,ITI4,12,Lazio,Lazio,5879082,1114219,18.95,0.14
1698,2021-01-29,LAZ,8094,3101,4993,817,7275,2,ITI,ITI4,12,Lazio,Lazio,5879082,1122313,19.09,0.14
1699,2021-02-11,LAZ,7000,3011,3989,6441,533,26,ITI,ITI4,12,Lazio,Lazio,5879082,1129313,19.21,0.12
1700,2021-04-11,LAZ,19237,8531,10706,13147,5926,164,ITI,ITI4,12,Lazio,Lazio,5879082,1148550,19.54,0.33
1701,2021-02-13,LAZ,6612,2627,3985,6146,420,46,ITI,ITI4,12,Lazio,Lazio,5879082,1155162,19.65,0.11
1702,2021-07-20,LAZ,63379,31626,31753,28451,33697,1231,ITI,ITI4,12,Lazio,Lazio,5879082,1218541,20.73,1.08
1703,2021-05-24,LAZ,44028,20197,23831,33569,9807,652,ITI,ITI4,12,Lazio,Lazio,5879082,1262569,21.48,0.75
1704,2021-01-03,LAZ,5338,2012,3326,5279,0,59,ITI,ITI4,12,Lazio,Lazio,5879082,1267907,21.57,0.09
1705,2021-04-13,LAZ,25831,11977,13854,17689,7747,395,ITI,ITI4,12,Lazio,Lazio,5879082,1293738,22.01,0.44
1706,2021-07-31,LAZ,56097,29478,26619,5517,50280,300,ITI,ITI4,12,Lazio,Lazio,5879082,1349835,22.96,0.95
1707,2021-05-07,LAZ,48312,22649,25663,30097,17805,410,ITI,ITI4,12,Lazio,Lazio,5879082,1398147,23.78,0.82
1708,2021-03-11,LAZ,25502,12028,13474,18865,6285,352,ITI,ITI4,12,Lazio,Lazio,5879082,1423649,24.22,0.43
1709,2021-08-15,LAZ,1468,907,561,753,693,22,ITI,ITI4,12,Lazio,Lazio,5879082,1425117,24.24,0.02
1710,2021-07-03,LAZ,53221,25059,28162,4641,48436,144,ITI,ITI4,12,Lazio,Lazio,5879082,1478338,25.15,0.91
1711,2021-04-23,LAZ,37968,18284,19684,22113,15399,456,ITI,ITI4,12,Lazio,Lazio,5879082,1516306,25.79,0.65
1712,2021-08-03,LAZ,31169,15794,15375,4447,26541,181,ITI,ITI4,12,Lazio,Lazio,5879082,1547475,26.32,0.53
1713,2021-01-30,LAZ,7020,2897,4123,813,6206,1,ITI,ITI4,12,Lazio,Lazio,5879082,1554495,26.44,0.12
1714,2021-07-19,LAZ,63143,31048,32095,28318,33699,1126,ITI,ITI4,12,Lazio,Lazio,5879082,1617638,27.52,1.07
1715,2021-01-15,LAZ,6709,2760,3949,6539,0,170,ITI,ITI4,12,Lazio,Lazio,5879082,1624347,27.63,0.11
1716,2021-04-25,LAZ,24580,11280,13300,16422,7874,284,ITI,ITI4,12,Lazio,Lazio,5879082,1648927,28.05,0.42
1717,2021-08-10,LAZ,50449,26065,24384,21283,28216,950,ITI,ITI4,12,Lazio,Lazio,5879082,1699376,28.91,0.86
1718,2021-05-19,LAZ,47308,21734,25574,36557,10150,601,ITI,ITI4,12,Lazio,Lazio,5879082,1746684,29.71,0.8
1719,2021-01-04,LAZ,7575,2940,4635,7471,0,104,ITI,ITI4,12,Lazio,Lazio,5879082,1754259,29.84,0.13
1720,2021-06-24,LAZ,64027,30547,33480,28625,34749,653,ITI,ITI4,12,Lazio,Lazio,5879082,1818286,30.93,1.09
1721,2021-06-07,LAZ,62628,29311,33317,32706,29330,592,ITI,ITI4,12,Lazio,Lazio,5879082,1880914,31.99,1.07
1722,2021-06-21,LAZ,62009,28807,33202,28502,32899,608,ITI,ITI4,12,Lazio,Lazio,5879082,1942923,33.05,1.05
1723,2021-02-25,LAZ,12774,5594,7180,11404,1180,190,ITI,ITI4,12,Lazio,Lazio,5879082,1955697,33.27,0.22
1724,2021-06-05,LAZ,66360,32698,33662,42921,22771,668,ITI,ITI4,12,Lazio,Lazio,5879082,2022057,34.39,1.13
1725,2021-01-25,LAZ,8120,3251,4869,775,7345,0,ITI,ITI4,12,Lazio,Lazio,5879082,2030177,34.53,0.14
1726,2021-05-05,LAZ,46844,21496,25348,30422,15862,560,ITI,ITI4,12,Lazio,Lazio,5879082,2077021,35.33,0.8
1727,2021-03-02,LAZ,17235,7630,9605,13113,3956,166,ITI,ITI4,12,Lazio,Lazio,5879082,2094256,35.62,0.29
1728,2021-01-18,LAZ,6387,2603,3784,5280,981,126,ITI,ITI4,12,Lazio,Lazio,5879082,2100643,35.73,0.11
1729,2021-04-28,LAZ,33032,15073,17959,20981,11660,391,ITI,ITI4,12,Lazio,Lazio,5879082,2133675,36.29,0.56
1730,2021-03-28,LAZ,19191,7833,11358,13542,5313,336,ITI,ITI4,12,Lazio,Lazio,5879082,2152866,36.62,0.33
1731,2021-02-17,LAZ,9195,4607,4588,8241,885,69,ITI,ITI4,12,Lazio,Lazio,5879082,2162061,36.78,0.16
1732,2021-05-28,LAZ,57258,26631,30627,43143,13334,781,ITI,ITI4,12,Lazio,Lazio,5879082,2219319,37.75,0.97
1733,2021-08-19,LAZ,8980,5148,3832,2795,6089,96,ITI,ITI4,12,Lazio,Lazio,5879082,2228299,37.9,0.15
1734,2021-02-03,LAZ,6495,2491,4004,960,5528,7,ITI,ITI4,12,Lazio,Lazio,5879082,2234794,38.01,0.11
1735,2021-01-20,LAZ,4819,1952,2867,3270,1545,4,ITI,ITI4,12,Lazio,Lazio,5879082,2239613,38.09,0.08
1736,2021-05-14,LAZ,51623,23592,28031,32568,18395,660,ITI,ITI4,12,Lazio,Lazio,5879082,2291236,38.97,0.88
1737,2021-03-18,LAZ,14297,6108,8189,7781,6432,84,ITI,ITI4,12,Lazio,Lazio,5879082,2305533,39.22,0.24
1738,2021-03-13,LAZ,21848,8754,13094,15696,5915,237,ITI,ITI4,12,Lazio,Lazio,5879082,2327381,39.59,0.37
1739,2021-02-08,LAZ,9748,4159,5589,4507,5239,2,ITI,ITI4,12,Lazio,Lazio,5879082,2337129,39.75,0.17
1740,2021-05-02,LAZ,32922,14455,18467,23001,9458,463,ITI,ITI4,12,Lazio,Lazio,5879082,2370051,40.31,0.56
1741,2021-04-01,LAZ,29782,14129,15653,22231,7171,380,ITI,ITI4,12,Lazio,Lazio,5879082,2399833,40.82,0.51
1742,2021-07-10,LAZ,71051,35654,35397,25033,45360,658,ITI,ITI4,12,Lazio,Lazio,5879082,2470884,42.03,1.21
1743,2021-07-24,LAZ,30741,15508,15233,3223,27365,153,ITI,ITI4,12,Lazio,Lazio,5879082,2501625,42.55,0.52
1744,2021-06-23,LAZ,62343,29367,32976,28440,33402,501,ITI,ITI4,12,Lazio,Lazio,5879082,2563968,43.61,1.06
1745,2021-04-15,LAZ,32034,14350,17684,20709,10877,448,ITI,ITI4,12,Lazio,Lazio,5879082,2596002,44.16,0.54
1746,2021-02-10,LAZ,8208,3414,4794,4847,3356,5,ITI,ITI4,12,Lazio,Lazio,5879082,2604210,44.3,0.14
1747,2021-05-21,LAZ,52092,25059,27033,37302,14094,696,ITI,ITI4,12,Lazio,Lazio,5879082,2656302,45.18,0.89
1748,2021-06-04,LAZ,62026,30250,31776,43540,17844,642,ITI,ITI4,12,Lazio,Lazio,5879082,2718328,46.24,1.06
1749,2021-05-04,LAZ,40279,18532,21747,26117,13694,468,ITI,ITI4,12,Lazio,Lazio,5879082,2758607,46.92,0.69
1750,2021-08-12,LAZ,47458,24555,22903,20485,26004,969,ITI,ITI4,12,Lazio,Lazio,5879082,2806065,47.73,0.81
1751,2021-01-08,LAZ,7934,2975,4959,7737,0,197,ITI,ITI4,12,Lazio,Lazio,5879082,2813999,47.86,0.13
1752,2021-07-29,LAZ,55970,28516,27454,7650,47951,369,ITI,ITI4,12,Lazio,Lazio,5879082,2869969,48.82,0.95
1753,2021-03-27,LAZ,26545,10798,15747,19483,6516,546,ITI,ITI4,12,Lazio,Lazio,5879082,2896514,49.27,0.45
1754,2021-07-05,LAZ,61686,29699,31987,25602,35023,1061,ITI,ITI4,12,Lazio,Lazio,5879082,2958200,50.32,1.05
1755,2021-05-23,LAZ,47174,22890,24284,39127,7404,643,ITI,ITI4,12,Lazio,Lazio,5879082,3005374,51.12,0.8
1756,2021-05-09,LAZ,37567,17270,20297,25832,11287,448,ITI,ITI4,12,Lazio,Lazio,5879082,3042941,51.76,0.64
1757,2021-08-17,LAZ,7680,4347,3333,3535,4050,95,ITI,ITI4,12,Lazio,Lazio,5879082,3050621,51.89,0.13
1758,2021-07-12,LAZ,41421,20717,20704,5867,35328,226,ITI,ITI4,12,Lazio,Lazio,5879082,3092042,52.59,0.7
1759,2021-06-09,LAZ,70504,33391,37113,35978,33889,637,ITI,ITI4,12,Lazio,Lazio,5879082,3162546,53.79,1.2
1760,2021-04-27,LAZ,30831,13922,16909,19471,10957,403,ITI,ITI4,12,Lazio,Lazio,5879082,3193377,54.32,0.52
1761,2021-03-01,LAZ,17127,7370,9757,13002,3888,237,ITI,ITI4,12,Lazio,Lazio,5879082,3210504,54.61,0.29
1762,2021-08-05,LAZ,30746,15836,14910,20054,9738,954,ITI,ITI4,12,Lazio,Lazio,5879082,3241250,55.13,0.52
1763,2021-02-22,LAZ,11466,4995,6471,10808,504,154,ITI,ITI4,12,Lazio,Lazio,5879082,3252716,55.33,0.2
1764,2021-06-02,LAZ,43517,21598,21919,31440,11529,548,ITI,ITI4,12,Lazio,Lazio,5879082,3296233,56.07,0.74
1765,2021-06-11,LAZ,69785,32836,36949,36685,32457,643,ITI,ITI4,12,Lazio,Lazio,5879082,3366018,57.25,1.19
1766,2021-08-07,LAZ,34137,18357,15780,21330,11711,1096,ITI,ITI4,12,Lazio,Lazio,5879082,3400155,57.83,0.58
1767,2021-05-06,LAZ,48871,22775,26096,30615,17600,656,ITI,ITI4,12,Lazio,Lazio,5879082,3449026,58.67,0.83
1768,2021-03-25,LAZ,29523,13713,15810,22375,6677,471,ITI,ITI4,12,Lazio,Lazio,5879082,3478549,59.17,0.5
1769,2021-01-27,LAZ,6125,2392,3733,1005,5120,0,ITI,ITI4,12,Lazio,Lazio,5879082,3484674,59.27,0.1
1770,2021-06-01,LAZ,49145,23718,25427,30085,18585,475,ITI,ITI4,12,Lazio,Lazio,5879082,3533819,60.11,0.84
1771,2021-04-05,LAZ,19983,9153,10830,13616,6214,153,ITI,ITI4,12,Lazio,Lazio,5879082,3553802,60.45,0.34
1772,2021-07-28,LAZ,57680,29203,28477,8096,49244,340,ITI,ITI4,12,Lazio,Lazio,5879082,3611482,61.43,0.98
1773,2021-02-24,LAZ,12058,5213,6845,10935,997,126,ITI,ITI4,12,Lazio,Lazio,5879082,3623540,61.63,0.21
1774,2021-07-07,LAZ,62662,31034,31628,28397,33676,589,ITI,ITI4,12,Lazio,Lazio,5879082,3686202,62.7,1.07
1775,2021-03-29,LAZ,25579,12150,13429,18187,7082,310,ITI,ITI4,12,Lazio,Lazio,5879082,3711781,63.14,0.44
1776,2021-03-15,LAZ,21026,9873,11153,14003,6769,254,ITI,ITI4,12,Lazio,Lazio,5879082,3732807,63.49,0.36
1777,2021-01-01,LAZ,3597,1396,2201,3557,0,40,ITI,ITI4,12,Lazio,Lazio,5879082,3736404,63.55,0.06
1778,2021-01-10,LAZ,4135,1739,2396,4068,0,67,ITI,ITI4,12,Lazio,Lazio,5879082,3740539,63.62,0.07
1779,2021-06-16,LAZ,64704,31071,33633,32078,31996,630,ITI,ITI4,12,Lazio,Lazio,5879082,3805243,64.73,1.1
1780,2021-04-20,LAZ,31150,14298,16852,19407,11364,379,ITI,ITI4,12,Lazio,Lazio,5879082,3836393,65.25,0.53
1781,2021-03-08,LAZ,20952,9099,11853,15351,5305,296,ITI,ITI4,12,Lazio,Lazio,5879082,3857345,65.61,0.36
1782,2021-04-22,LAZ,39214,19508,19706,23907,14716,591,ITI,ITI4,12,Lazio,Lazio,5879082,3896559,66.28,0.67
1783,2021-05-25,LAZ,47620,22357,25263,35309,11719,592,ITI,ITI4,12,Lazio,Lazio,5879082,3944179,67.09,0.81
1784,2021-04-12,LAZ,23939,10795,13144,16690,6964,285,ITI,ITI4,12,Lazio,Lazio,5879082,3968118,67.5,0.41
1785,2021-07-21,LAZ,62794,31711,31083,28646,32787,1361,ITI,ITI4,12,Lazio,Lazio,5879082,4030912,68.56,1.07
1786,2021-06-08,LAZ,66802,31887,34915,36158,30000,644,ITI,ITI4,12,Lazio,Lazio,5879082,4097714,69.7,1.14
1787,2021-07-14,LAZ,42168,20553,21615,6200,35607,361,ITI,ITI4,12,Lazio,Lazio,5879082,4139882,70.42,0.72
1788,2021-03-06,LAZ,18392,7095,11297,13899,4273,220,ITI,ITI4,12,Lazio,Lazio,5879082,4158274,70.73,0.31
1789,2021-05-16,LAZ,51018,24571,26447,36972,13514,532,ITI,ITI4,12,Lazio,Lazio,5879082,4209292,71.6,0.87
1790,2021-06-28,LAZ,58968,28192,30776,27514,31009,445,ITI,ITI4,12,Lazio,Lazio,5879082,4268260,72.6,1.0
1791,2021-02-12,LAZ,6856,2856,4000,6355,421,80,ITI,ITI4,12,Lazio,Lazio,5879082,4275116,72.72,0.12
1792,2021-08-14,LAZ,986,532,454,481,488,17,ITI,ITI4,12,Lazio,Lazio,5879082,4276102,72.73,0.02
1793,2021-08-16,LAZ,3575,1961,1614,1956,1560,59,ITI,ITI4,12,Lazio,Lazio,5879082,4279677,72.79,0.06
1794,2021-01-17,LAZ,4955,2048,2907,4679,212,64,ITI,ITI4,12,Lazio,Lazio,5879082,4284632,72.88,0.08
1795,2021-01-19,LAZ,4781,1964,2817,4324,454,3,ITI,ITI4,12,Lazio,Lazio,5879082,4289413,72.96,0.08
1796,2021-04-29,LAZ,38852,17348,21504,24880,13365,607,ITI,ITI4,12,Lazio,Lazio,5879082,4328265,73.62,0.66
1797,2021-01-05,LAZ,7454,2832,4622,7351,0,103,ITI,ITI4,12,Lazio,Lazio,5879082,4335719,73.75,0.13
1798,2021-01-24,LAZ,5702,2230,3472,618,5084,0,ITI,ITI4,12,Lazio,Lazio,5879082,4341421,73.85,0.1
1799,2021-02-07,LAZ,4968,2046,2922,409,4558,1,ITI,ITI4,12,Lazio,Lazio,5879082,4346389,73.93,0.08
1800,2021-05-18,LAZ,45086,20629,24457,34952,9583,551,ITI,ITI4,12,Lazio,Lazio,5879082,4391475,74.7,0.77
1801,2021-08-11,LAZ,48532,25401,23131,20152,27517,863,ITI,ITI4,12,Lazio,Lazio,5879082,4440007,75.52,0.83
1802,2021-05-03,LAZ,39628,17895,21733,26276,12773,579,ITI,ITI4,12,Lazio,Lazio,5879082,4479635,76.2,0.67
1803,2021-07-25,LAZ,24599,12088,12511,2049,22500,50,ITI,ITI4,12,Lazio,Lazio,5879082,4504234,76.61,0.42
1804,2021-06-22,LAZ,62848,29076,33772,28607,33527,714,ITI,ITI4,12,Lazio,Lazio,5879082,4567082,77.68,1.07
1805,2021-03-14,LAZ,17298,6779,10519,11854,5180,264,ITI,ITI4,12,Lazio,Lazio,5879082,4584380,77.98,0.29
1806,2021-03-03,LAZ,17900,7888,10012,13349,4311,240,ITI,ITI4,12,Lazio,Lazio,5879082,4602280,78.28,0.3
1807,2021-08-09,LAZ,52249,26486,25763,21649,29550,1050,ITI,ITI4,12,Lazio,Lazio,5879082,4654529,79.17,0.89
1808,2021-01-26,LAZ,7976,3131,4845,732,7244,0,ITI,ITI4,12,Lazio,Lazio,5879082,4662505,79.31,0.14
1809,2021-04-02,LAZ,29545,14167,15378,21763,7395,387,ITI,ITI4,12,Lazio,Lazio,5879082,4692050,79.81,0.5
1810,2021-07-11,LAZ,44132,22247,21885,3762,40219,151,ITI,ITI4,12,Lazio,Lazio,5879082,4736182,80.56,0.75
1811,2021-01-31,LAZ,4464,1857,2607,479,3985,0,ITI,ITI4,12,Lazio,Lazio,5879082,4740646,80.64,0.08
1812,2021-05-11,LAZ,48378,22219,26159,31200,16584,594,ITI,ITI4,12,Lazio,Lazio,5879082,4789024,81.46,0.82
1813,2021-07-16,LAZ,43955,20974,22981,2912,40866,177,ITI,ITI4,12,Lazio,Lazio,5879082,4832979,82.21,0.75
1814,2021-04-24,LAZ,33572,15151,18421,20188,12892,492,ITI,ITI4,12,Lazio,Lazio,5879082,4866551,82.78,0.57
1815,2021-08-02,LAZ,35265,18378,16887,5831,29240,194,ITI,ITI4,12,Lazio,Lazio,5879082,4901816,83.38,0.6
1816,2021-08-21,LAZ,9975,5728,4247,3106,6776,93,ITI,ITI4,12,Lazio,Lazio,5879082,4911791,83.55,0.17
1817,2021-05-30,LAZ,41270,17655,23615,33231,7374,665,ITI,ITI4,12,Lazio,Lazio,5879082,4953061,84.25,0.7
1818,2021-05-13,LAZ,50266,22593,27673,31725,17867,674,ITI,ITI4,12,Lazio,Lazio,5879082,5003327,85.1,0.85
1819,2021-08-04,LAZ,45703,22890,22813,19422,25678,603,ITI,ITI4,12,Lazio,Lazio,5879082,5049030,85.88,0.78
1820,2021-06-29,LAZ,59499,28274,31225,27739,31177,583,ITI,ITI4,12,Lazio,Lazio,5879082,5108529,86.89,1.01
1821,2021-01-09,LAZ,6416,2609,3807,6303,0,113,ITI,ITI4,12,Lazio,Lazio,5879082,5114945,87.0,0.11
1822,2021-04-19,LAZ,30156,13714,16442,19009,10726,421,ITI,ITI4,12,Lazio,Lazio,5879082,5145101,87.52,0.51
1823,2021-02-21,LAZ,6996,3184,3812,6485,465,46,ITI,ITI4,12,Lazio,Lazio,5879082,5152097,87.63,0.12
1824,2021-02-14,LAZ,5782,2373,3409,5276,475,31,ITI,ITI4,12,Lazio,Lazio,5879082,5157879,87.73,0.1
1825,2021-02-28,LAZ,10285,4039,6246,9647,539,99,ITI,ITI4,12,Lazio,Lazio,5879082,5168164,87.91,0.17
1826,2021-01-02,LAZ,6837,2680,4157,6757,0,80,ITI,ITI4,12,Lazio,Lazio,5879082,5175001,88.02,0.12
1827,2021-01-22,LAZ,4012,1639,2373,496,3516,0,ITI,ITI4,12,Lazio,Lazio,5879082,5179013,88.09,0.07
1828,2021-02-27,LAZ,11531,4335,7196,10345,1045,141,ITI,ITI4,12,Lazio,Lazio,5879082,5190544,88.29,0.2
1829,2021-05-20,LAZ,51868,25031,26837,37167,13974,727,ITI,ITI4,12,Lazio,Lazio,5879082,5242412,89.17,0.88
1830,2021-06-20,LAZ,55327,25443,29884,29616,24952,759,ITI,ITI4,12,Lazio,Lazio,5879082,5297739,90.11,0.94
1831,2021-06-06,LAZ,58245,28077,30168,35133,22523,589,ITI,ITI4,12,Lazio,Lazio,5879082,5355984,91.1,0.99
1832,2021-02-26,LAZ,13131,5738,7393,11549,1404,178,ITI,ITI4,12,Lazio,Lazio,5879082,5369115,91.33,0.22
1833,2021-07-09,LAZ,64985,31370,33615,27604,36636,745,ITI,ITI4,12,Lazio,Lazio,5879082,5434100,92.43,1.11
1834,2021-05-01,LAZ,38264,17208,21056,25752,12075,437,ITI,ITI4,12,Lazio,Lazio,5879082,5472364,93.08,0.65
1835,2021-01-28,LAZ,8286,3169,5117,786,7499,1,ITI,ITI4,12,Lazio,Lazio,5879082,5480650,93.22,0.14
1836,2021-07-04,LAZ,46591,21690,24901,4118,42388,85,ITI,ITI4,12,Lazio,Lazio,5879082,5527241,94.02,0.79
1837,2021-05-08,LAZ,45501,20772,24729,29401,15449,651,ITI,ITI4,12,Lazio,Lazio,5879082,5572742,94.79,0.77
1838,2021-07-13,LAZ,42717,20938,21779,5509,36870,338,ITI,ITI4,12,Lazio,Lazio,5879082,5615459,95.52,0.73
1839,2021-03-26,LAZ,30360,14063,16297,23015,6898,447,ITI,ITI4,12,Lazio,Lazio,5879082,5645819,96.03,0.52
1840,2020-12-31,LAZ,5371,2150,3221,5311,0,60,ITI,ITI4,12,Lazio,Lazio,5879082,5651190,96.12,0.09
1841,2021-04-10,LAZ,23946,10417,13529,16497,7199,250,ITI,ITI4,12,Lazio,Lazio,5879082,5675136,96.53,0.41
1842,2021-02-05,LAZ,7334,2997,4337,1218,6113,3,ITI,ITI4,12,Lazio,Lazio,5879082,5682470,96.66,0.12
1843,2021-04-03,LAZ,24850,11220,13630,17896,6735,219,ITI,ITI4,12,Lazio,Lazio,5879082,5707320,97.08,0.42
1844,2021-07-06,LAZ,62579,30368,32211,28562,33526,491,ITI,ITI4,12,Lazio,Lazio,5879082,5769899,98.14,1.06
1845,2021-03-10,LAZ,23364,10674,12690,17362,5659,343,ITI,ITI4,12,Lazio,Lazio,5879082,5793263,98.54,0.4
1846,2021-01-12,LAZ,5513,2022,3491,5370,0,143,ITI,ITI4,12,Lazio,Lazio,5879082,5798776,98.63,0.09
1847,2021-06-18,LAZ,64389,31022,33367,30308,33331,750,ITI,ITI4,12,Lazio,Lazio,5879082,5863165,99.73,1.1
1848,2021-03-17,LAZ,13877,5949,7928,7476,6290,111,ITI,ITI4,12,Lazio,Lazio,5879082,5877042,99.97,0.24
1849,2021-06-25,LAZ,63393,30622,32771,28114,34684,595,ITI,ITI4,12,Lazio,Lazio,5879082,5940435,101.04,1.08
1850,2021-06-27,LAZ,47255,21612,25643,20590,26184,481,ITI,ITI4,12,Lazio,Lazio,5879082,5987690,101.85,0.8
1851,2021-02-04,LAZ,6446,2568,3878,1124,5321,1,ITI,ITI4,12,Lazio,Lazio,5879082,5994136,101.96,0.11
1852,2021-05-22,LAZ,55206,27048,28158,43657,10704,845,ITI,ITI4,12,Lazio,Lazio,5879082,6049342,102.9,0.94
1853,2021-01-14,LAZ,5598,2179,3419,5424,0,174,ITI,ITI4,12,Lazio,Lazio,5879082,6054940,102.99,0.1
1854,2021-04-07,LAZ,26035,12184,13851,18368,7325,342,ITI,ITI4,12,Lazio,Lazio,5879082,6080975,103.43,0.44
1855,2020-12-28,LAZ,960,413,547,955,0,5,ITI,ITI4,12,Lazio,Lazio,5879082,6081935,103.45,0.02
1856,2021-01-16,LAZ,5768,2334,3434,5620,0,148,ITI,ITI4,12,Lazio,Lazio,5879082,6087703,103.55,0.1
1857,2021-04-26,LAZ,29335,13501,15834,19616,9288,431,ITI,ITI4,12,Lazio,Lazio,5879082,6117038,104.05,0.5
1858,2021-02-02,LAZ,5918,2219,3699,639,5276,3,ITI,ITI4,12,Lazio,Lazio,5879082,6122956,104.15,0.1
1859,2021-07-18,LAZ,58370,29718,28652,22795,34780,795,ITI,ITI4,12,Lazio,Lazio,5879082,6181326,105.14,0.99
1860,2021-04-17,LAZ,32484,14251,18233,20019,12065,400,ITI,ITI4,12,Lazio,Lazio,5879082,6213810,105.69,0.55
1861,2021-07-26,LAZ,50819,25040,25779,6639,43872,308,ITI,ITI4,12,Lazio,Lazio,5879082,6264629,106.56,0.86
1862,2021-03-12,LAZ,24103,11143,12960,17390,6356,357,ITI,ITI4,12,Lazio,Lazio,5879082,6288732,106.97,0.41
1863,2021-02-19,LAZ,10059,5084,4975,9072,838,149,ITI,ITI4,12,Lazio,Lazio,5879082,6298791,107.14,0.17
1864,2021-05-15,LAZ,57488,27460,30028,40122,16575,791,ITI,ITI4,12,Lazio,Lazio,5879082,6356279,108.12,0.98
1865,2021-03-19,LAZ,17506,7596,9910,11003,6350,153,ITI,ITI4,12,Lazio,Lazio,5879082,6373785,108.41,0.3
1866,2021-08-13,LAZ,43295,22504,20791,19930,22320,1045,ITI,ITI4,12,Lazio,Lazio,5879082,6417080,109.15,0.74
1867,2021-02-09,LAZ,8821,3782,5039,4578,4237,6,ITI,ITI4,12,Lazio,Lazio,5879082,6425901,109.3,0.15
1868,2021-02-23,LAZ,11103,4790,6313,10206,769,128,ITI,ITI4,12,Lazio,Lazio,5879082,6437004,109.49,0.19
1869,2021-01-21,LAZ,5653,2366,3287,554,5099,0,ITI,ITI4,12,Lazio,Lazio,5879082,6442657,109.59,0.1
1870,2021-06-17,LAZ,67025,32252,34773,31812,34492,721,ITI,ITI4,12,Lazio,Lazio,5879082,6509682,110.73,1.14
1871,2021-04-21,LAZ,33159,15072,18087,20313,12485,361,ITI,ITI4,12,Lazio,Lazio,5879082,6542841,111.29,0.56
1872,2021-07-30,LAZ,55815,28894,26921,7341,48130,344,ITI,ITI4,12,Lazio,Lazio,5879082,6598656,112.24,0.95
1873,2021-06-03,LAZ,56851,28725,28126,38286,17849,716,ITI,ITI4,12,Lazio,Lazio,5879082,6655507,113.21,0.97
1874,2021-08-06,LAZ,32429,16875,15554,21495,9902,1032,ITI,ITI4,12,Lazio,Lazio,5879082,6687936,113.76,0.55
1875,2021-06-10,LAZ,72195,34115,38080,37317,34043,835,ITI,ITI4,12,Lazio,Lazio,5879082,6760131,114.99,1.23
1876,2021-04-14,LAZ,29397,13327,16070,18884,10194,319,ITI,ITI4,12,Lazio,Lazio,5879082,6789528,115.49,0.5
1877,2021-07-23,LAZ,58415,29299,29116,26788,29865,1762,ITI,ITI4,12,Lazio,Lazio,5879082,6847943,116.48,0.99
1878,2021-03-31,LAZ,27878,13480,14398,20392,7145,341,ITI,ITI4,12,Lazio,Lazio,5879082,6875821,116.95,0.47
1879,2021-01-07,LAZ,7933,2975,4958,7776,0,157,ITI,ITI4,12,Lazio,Lazio,5879082,6883754,117.09,0.13
1880,2021-04-06,LAZ,24642,11281,13361,17148,7174,320,ITI,ITI4,12,Lazio,Lazio,5879082,6908396,117.51,0.42
1881,2020-12-27,LAZ,275,132,143,275,0,0,ITI,ITI4,12,Lazio,Lazio,5879082,6908671,117.51,0.0
1882,2021-03-20,LAZ,19274,7673,11601,13086,5923,265,ITI,ITI4,12,Lazio,Lazio,5879082,6927945,117.84,0.33
1883,2021-07-17,LAZ,43880,22136,21744,2173,41603,104,ITI,ITI4,12,Lazio,Lazio,5879082,6971825,118.59,0.75
1884,2021-06-30,LAZ,63011,29655,33356,29755,32708,548,ITI,ITI4,12,Lazio,Lazio,5879082,7034836,119.66,1.07
1885,2021-04-08,LAZ,26881,12326,14555,18821,7711,349,ITI,ITI4,12,Lazio,Lazio,5879082,7061717,120.12,0.46
1886,2021-07-02,LAZ,48527,23256,25271,6617,41726,184,ITI,ITI4,12,Lazio,Lazio,5879082,7110244,120.94,0.83
1887,2021-03-22,LAZ,23416,10562,12854,16355,6731,330,ITI,ITI4,12,Lazio,Lazio,5879082,7133660,121.34,0.4
1888,2020-12-29,LAZ,496,182,314,492,0,4,ITI,ITI4,12,Lazio,Lazio,5879082,7134156,121.35,0.01
1889,2021-06-13,LAZ,58447,26225,32222,33082,24862,503,ITI,ITI4,12,Lazio,Lazio,5879082,7192603,122.34,0.99
1890,2021-03-07,LAZ,14162,5479,8683,10349,3603,210,ITI,ITI4,12,Lazio,Lazio,5879082,7206765,122.58,0.24
1891,2021-06-15,LAZ,66186,31989,34197,33370,32249,567,ITI,ITI4,12,Lazio,Lazio,5879082,7272951,123.71,1.13
1892,2021-03-24,LAZ,27986,13148,14838,21317,6274,395,ITI,ITI4,12,Lazio,Lazio,5879082,7300937,124.18,0.48
1893,2021-08-20,LAZ,8135,4594,3541,1978,6070,87,ITI,ITI4,12,Lazio,Lazio,5879082,7309072,124.32,0.14
1894,2021-05-29,LAZ,52090,23434,28656,40182,11044,864,ITI,ITI4,12,Lazio,Lazio,5879082,7361162,125.21,0.89
1895,2021-08-01,LAZ,36439,19287,17152,5401,30758,280,ITI,ITI4,12,Lazio,Lazio,5879082,7397601,125.83,0.62
1896,2021-05-10,LAZ,44507,20353,24154,30606,13444,457,ITI,ITI4,12,Lazio,Lazio,5879082,7442108,126.59,0.76
1897,2021-08-18,LAZ,9297,5360,3937,3111,6076,110,ITI,ITI4,12,Lazio,Lazio,5879082,7451405,126.74,0.16
1898,2021-05-27,LAZ,58517,27226,31291,43929,13798,790,ITI,ITI4,12,Lazio,Lazio,5879082,7509922,127.74,1.0
1899,2021-03-05,LAZ,19605,8686,10919,14625,4752,228,ITI,ITI4,12,Lazio,Lazio,5879082,7529527,128.07,0.33
1900,2021-02-16,LAZ,8359,4034,4325,7704,612,43,ITI,ITI4,12,Lazio,Lazio,5879082,7537886,128.22,0.14
1901,2021-07-13,PAT,3833,1950,1883,1775,1932,126,ITH,ITH2,4,Provincia Autonoma Trento,P.A. Trento,541380,3833,0.71,0.71
1902,2021-04-21,PAT,2941,1371,1570,2736,51,154,ITH,ITH2,4,Provincia Autonoma Trento,P.A. Trento,541380,6774,1.25,0.54
1903,2021-01-28,PAT,554,156,398,51,503,0,ITH,ITH2,4,Provincia Autonoma Trento,P.A. Trento,541380,7328,1.35,0.1
1904,2021-01-11,PAT,765,235,530,765,0,0,ITH,ITH2,4,Provincia Autonoma Trento,P.A. Trento,541380,8093,1.49,0.14
1905,2021-03-09,PAT,1622,607,1015,933,653,36,ITH,ITH2,4,Provincia Autonoma Trento,P.A. Trento,541380,9715,1.79,0.3
1906,2021-06-17,PAT,6746,3559,3187,2045,4534,167,ITH,ITH2,4,Provincia Autonoma Trento,P.A. Trento,541380,16461,3.04,1.25
1907,2021-07-27,PAT,4807,2542,2265,1754,2948,105,ITH,ITH2,4,Provincia Autonoma Trento,P.A. Trento,541380,21268,3.93,0.89
1908,2021-05-31,PAT,4803,2211,2592,1609,3085,109,ITH,ITH2,4,Provincia Autonoma Trento,P.A. Trento,541380,26071,4.82,0.89
1909,2021-07-20,PAT,4824,2607,2217,1751,2933,140,ITH,ITH2,4,Provincia Autonoma Trento,P.A. Trento,541380,30895,5.71,0.89
1910,2021-08-08,PAT,634,337,297,241,385,8,ITH,ITH2,4,Provincia Autonoma Trento,P.A. Trento,541380,31529,5.82,0.12
1911,2021-03-26,PAT,3272,1279,1993,2516,612,144,ITH,ITH2,4,Provincia Autonoma Trento,P.A. Trento,541380,34801,6.43,0.6
1912,2021-06-29,PAT,6422,3238,3184,2790,3533,99,ITH,ITH2,4,Provincia Autonoma Trento,P.A. Trento,541380,41223,7.61,1.19
1913,2021-06-12,PAT,5426,2716,2710,435,4941,50,ITH,ITH2,4,Provincia Autonoma Trento,P.A. Trento,541380,46649,8.62,1.0
1914,2021-03-21,PAT,136,74,62,131,0,5,ITH,ITH2,4,Provincia Autonoma Trento,P.A. Trento,541380,46785,8.64,0.03
1915,2021-05-24,PAT,4492,2077,2415,1269,3109,114,ITH,ITH2,4,Provincia Autonoma Trento,P.A. Trento,541380,51277,9.47,0.83
1916,2021-02-06,PAT,582,302,280,439,143,0,ITH,ITH2,4,Provincia Autonoma Trento,P.A. Trento,541380,51859,9.58,0.11
1917,2021-02-23,PAT,1128,403,725,888,218,22,ITH,ITH2,4,Provincia Autonoma Trento,P.A. Trento,541380,52987,9.79,0.21
1918,2021-05-17,PAT,4356,2156,2200,3752,363,241,ITH,ITH2,4,Provincia Autonoma Trento,P.A. Trento,541380,57343,10.59,0.8
1919,2021-01-23,PAT,584,338,246,389,194,1,ITH,ITH2,4,Provincia Autonoma Trento,P.A. Trento,541380,57927,10.7,0.11
1920,2021-05-03,PAT,4311,2223,2088,3847,157,307,ITH,ITH2,4,Provincia Autonoma Trento,P.A. Trento,541380,62238,11.5,0.8
1921,2021-08-13,PAT,5936,3361,2575,2567,3224,145,ITH,ITH2,4,Provincia Autonoma Trento,P.A. Trento,541380,68174,12.59,1.1
1922,2021-07-01,PAT,7143,3734,3409,3597,3361,185,ITH,ITH2,4,Provincia Autonoma Trento,P.A. Trento,541380,75317,13.91,1.32
1923,2021-05-05,PAT,5049,2609,2440,4430,305,314,ITH,ITH2,4,Provincia Autonoma Trento,P.A. Trento,541380,80366,14.84,0.93
1924,2021-04-09,PAT,2803,1193,1610,1525,1209,69,ITH,ITH2,4,Provincia Autonoma Trento,P.A. Trento,541380,83169,15.36,0.52
1925,2021-02-11,PAT,1171,377,794,803,367,1,ITH,ITH2,4,Provincia Autonoma Trento,P.A. Trento,541380,84340,15.58,0.22
1926,2021-07-18,PAT,463,242,221,119,339,5,ITH,ITH2,4,Provincia Autonoma Trento,P.A. Trento,541380,84803,15.66,0.09
1927,2021-02-25,PAT,1651,648,1003,1196,445,10,ITH,ITH2,4,Provincia Autonoma Trento,P.A. Trento,541380,86454,15.97,0.3
1928,2020-12-30,PAT,7,3,4,7,0,0,ITH,ITH2,4,Provincia Autonoma Trento,P.A. Trento,541380,86461,15.97,0.0
1929,2021-06-05,PAT,4130,1939,2191,690,3363,77,ITH,ITH2,4,Provincia Autonoma Trento,P.A. Trento,541380,90591,16.73,0.76
1930,2021-02-16,PAT,676,248,428,660,5,11,ITH,ITH2,4,Provincia Autonoma Trento,P.A. Trento,541380,91267,16.86,0.12
1931,2021-04-23,PAT,3668,1786,1882,3431,56,181,ITH,ITH2,4,Provincia Autonoma Trento,P.A. Trento,541380,94935,17.54,0.68
1932,2021-01-30,PAT,396,136,260,155,241,0,ITH,ITH2,4,Provincia Autonoma Trento,P.A. Trento,541380,95331,17.61,0.07
1933,2021-05-10,PAT,3267,1678,1589,2530,516,221,ITH,ITH2,4,Provincia Autonoma Trento,P.A. Trento,541380,98598,18.21,0.6
1934,2021-03-18,PAT,2335,964,1371,1222,1089,24,ITH,ITH2,4,Provincia Autonoma Trento,P.A. Trento,541380,100933,18.64,0.43
1935,2021-03-14,PAT,110,67,43,19,89,2,ITH,ITH2,4,Provincia Autonoma Trento,P.A. Trento,541380,101043,18.66,0.02
1936,2021-03-07,PAT,23,6,17,23,0,0,ITH,ITH2,4,Provincia Autonoma Trento,P.A. Trento,541380,101066,18.67,0.0
1937,2021-01-09,PAT,195,42,153,195,0,0,ITH,ITH2,4,Provincia Autonoma Trento,P.A. Trento,541380,101261,18.7,0.04
1938,2021-06-24,PAT,6053,3169,2884,3659,2207,187,ITH,ITH2,4,Provincia Autonoma Trento,P.A. Trento,541380,107314,19.82,1.12
1939,2021-05-12,PAT,3345,1511,1834,1962,1218,165,ITH,ITH2,4,Provincia Autonoma Trento,P.A. Trento,541380,110659,20.44,0.62
1940,2021-03-16,PAT,1407,514,893,581,792,34,ITH,ITH2,4,Provincia Autonoma Trento,P.A. Trento,541380,112066,20.7,0.26
1941,2021-08-20,PAT,4919,2714,2205,1297,3545,77,ITH,ITH2,4,Provincia Autonoma Trento,P.A. Trento,541380,116985,21.61,0.91
1942,2021-05-14,PAT,5438,2612,2826,3713,1427,298,ITH,ITH2,4,Provincia Autonoma Trento,P.A. Trento,541380,122423,22.61,1.0
1943,2021-02-20,PAT,412,247,165,124,287,1,ITH,ITH2,4,Provincia Autonoma Trento,P.A. Trento,541380,122835,22.69,0.08
1944,2021-03-02,PAT,1321,445,876,911,381,29,ITH,ITH2,4,Provincia Autonoma Trento,P.A. Trento,541380,124156,22.93,0.24
1945,2021-06-10,PAT,6212,3026,3186,1813,4265,134,ITH,ITH2,4,Provincia Autonoma Trento,P.A. Trento,541380,130368,24.08,1.15
1946,2021-03-04,PAT,2388,807,1581,1556,790,42,ITH,ITH2,4,Provincia Autonoma Trento,P.A. Trento,541380,132756,24.52,0.44
1947,2021-06-19,PAT,3146,1722,1424,237,2878,31,ITH,ITH2,4,Provincia Autonoma Trento,P.A. Trento,541380,135902,25.1,0.58
1948,2021-07-08,PAT,4161,2211,1950,2512,1483,166,ITH,ITH2,4,Provincia Autonoma Trento,P.A. Trento,541380,140063,25.87,0.77
1949,2021-02-04,PAT,1012,321,691,428,583,1,ITH,ITH2,4,Provincia Autonoma Trento,P.A. Trento,541380,141075,26.06,0.19
1950,2021-04-13,PAT,2617,1089,1528,2027,509,81,ITH,ITH2,4,Provincia Autonoma Trento,P.A. Trento,541380,143692,26.54,0.48
1951,2021-04-14,PAT,3144,1478,1666,2251,738,155,ITH,ITH2,4,Provincia Autonoma Trento,P.A. Trento,541380,146836,27.12,0.58
1952,2021-03-28,PAT,767,303,464,718,2,47,ITH,ITH2,4,Provincia Autonoma Trento,P.A. Trento,541380,147603,27.26,0.14
1953,2021-01-04,PAT,905,250,655,903,0,2,ITH,ITH2,4,Provincia Autonoma Trento,P.A. Trento,541380,148508,27.43,0.17
1954,2021-07-06,PAT,5230,2761,2469,3116,1928,186,ITH,ITH2,4,Provincia Autonoma Trento,P.A. Trento,541380,153738,28.4,0.97
1955,2021-01-18,PAT,690,168,522,631,59,0,ITH,ITH2,4,Provincia Autonoma Trento,P.A. Trento,541380,154428,28.52,0.13
1956,2021-05-22,PAT,3370,1664,1706,849,2430,91,ITH,ITH2,4,Provincia Autonoma Trento,P.A. Trento,541380,157798,29.15,0.62
1957,2021-05-29,PAT,2443,1328,1115,785,1569,89,ITH,ITH2,4,Provincia Autonoma Trento,P.A. Trento,541380,160241,29.6,0.45
1958,2021-04-02,PAT,2887,1177,1710,2039,684,164,ITH,ITH2,4,Provincia Autonoma Trento,P.A. Trento,541380,163128,30.13,0.53
1959,2021-04-16,PAT,2905,1377,1528,2597,149,159,ITH,ITH2,4,Provincia Autonoma Trento,P.A. Trento,541380,166033,30.67,0.54
1960,2021-02-18,PAT,1431,500,931,1345,69,17,ITH,ITH2,4,Provincia Autonoma Trento,P.A. Trento,541380,167464,30.93,0.26
1961,2021-07-25,PAT,364,203,161,137,218,9,ITH,ITH2,4,Provincia Autonoma Trento,P.A. Trento,541380,167828,31.0,0.07
1962,2021-08-06,PAT,6453,3557,2896,2653,3680,120,ITH,ITH2,4,Provincia Autonoma Trento,P.A. Trento,541380,174281,32.19,1.19
1963,2021-01-16,PAT,322,148,174,322,0,0,ITH,ITH2,4,Provincia Autonoma Trento,P.A. Trento,541380,174603,32.25,0.06
1964,2021-04-28,PAT,4284,1990,2294,3894,139,251,ITH,ITH2,4,Provincia Autonoma Trento,P.A. Trento,541380,178887,33.04,0.79
1965,2021-06-09,PAT,6323,3120,3203,2116,4126,81,ITH,ITH2,4,Provincia Autonoma Trento,P.A. Trento,541380,185210,34.21,1.17
1966,2021-06-26,PAT,1434,752,682,685,725,24,ITH,ITH2,4,Provincia Autonoma Trento,P.A. Trento,541380,186644,34.48,0.26
1967,2021-06-28,PAT,6946,3596,3350,2987,3868,91,ITH,ITH2,4,Provincia Autonoma Trento,P.A. Trento,541380,193590,35.76,1.28
1968,2021-04-06,PAT,2288,969,1319,1459,770,59,ITH,ITH2,4,Provincia Autonoma Trento,P.A. Trento,541380,195878,36.18,0.42
1969,2021-07-15,PAT,4295,2298,1997,1792,2362,141,ITH,ITH2,4,Provincia Autonoma Trento,P.A. Trento,541380,200173,36.97,0.79
1970,2021-01-08,PAT,1534,339,1195,1533,0,1,ITH,ITH2,4,Provincia Autonoma Trento,P.A. Trento,541380,201707,37.26,0.28
1971,2021-06-14,PAT,5809,3005,2804,2041,3655,113,ITH,ITH2,4,Provincia Autonoma Trento,P.A. Trento,541380,207516,38.33,1.07
1972,2021-04-18,PAT,1864,849,1015,1797,9,58,ITH,ITH2,4,Provincia Autonoma Trento,P.A. Trento,541380,209380,38.68,0.34
1973,2021-03-06,PAT,806,285,521,613,152,41,ITH,ITH2,4,Provincia Autonoma Trento,P.A. Trento,541380,210186,38.82,0.15
1974,2021-04-11,PAT,2390,1160,1230,2200,99,91,ITH,ITH2,4,Provincia Autonoma Trento,P.A. Trento,541380,212576,39.27,0.44
1975,2021-01-20,PAT,308,77,231,296,12,0,ITH,ITH2,4,Provincia Autonoma Trento,P.A. Trento,541380,212884,39.32,0.06
1976,2021-04-30,PAT,4989,2433,2556,4445,163,381,ITH,ITH2,4,Provincia Autonoma Trento,P.A. Trento,541380,217873,40.24,0.92
1977,2021-05-19,PAT,5192,2512,2680,3670,1272,250,ITH,ITH2,4,Provincia Autonoma Trento,P.A. Trento,541380,223065,41.2,0.96
1978,2021-06-02,PAT,2878,1380,1498,897,1914,67,ITH,ITH2,4,Provincia Autonoma Trento,P.A. Trento,541380,225943,41.73,0.53
1979,2021-07-24,PAT,994,547,447,525,445,24,ITH,ITH2,4,Provincia Autonoma Trento,P.A. Trento,541380,226937,41.92,0.18
1980,2021-05-02,PAT,3562,1979,1583,3295,39,228,ITH,ITH2,4,Provincia Autonoma Trento,P.A. Trento,541380,230499,42.58,0.66
1981,2021-08-10,PAT,5974,3192,2782,2890,2903,181,ITH,ITH2,4,Provincia Autonoma Trento,P.A. Trento,541380,236473,43.68,1.1
1982,2021-03-13,PAT,965,496,469,844,48,73,ITH,ITH2,4,Provincia Autonoma Trento,P.A. Trento,541380,237438,43.86,0.18
1983,2021-07-05,PAT,5427,2849,2578,3794,1389,244,ITH,ITH2,4,Provincia Autonoma Trento,P.A. Trento,541380,242865,44.86,1.0
1984,2021-06-21,PAT,6257,3387,2870,3650,2424,183,ITH,ITH2,4,Provincia Autonoma Trento,P.A. Trento,541380,249122,46.02,1.16
1985,2021-02-08,PAT,1194,333,861,347,847,0,ITH,ITH2,4,Provincia Autonoma Trento,P.A. Trento,541380,250316,46.24,0.22
1986,2021-07-17,PAT,1098,537,561,272,808,18,ITH,ITH2,4,Provincia Autonoma Trento,P.A. Trento,541380,251414,46.44,0.2
1987,2021-01-06,PAT,43,13,30,43,0,0,ITH,ITH2,4,Provincia Autonoma Trento,P.A. Trento,541380,251457,46.45,0.01
1988,2021-08-05,PAT,6377,3486,2891,2945,3309,123,ITH,ITH2,4,Provincia Autonoma Trento,P.A. Trento,541380,257834,47.63,1.18
1989,2021-04-01,PAT,2945,1251,1694,1746,1106,93,ITH,ITH2,4,Provincia Autonoma Trento,P.A. Trento,541380,260779,48.17,0.54
1990,2021-07-10,PAT,1097,564,533,150,920,27,ITH,ITH2,4,Provincia Autonoma Trento,P.A. Trento,541380,261876,48.37,0.2
1991,2021-03-23,PAT,2483,962,1521,1628,755,100,ITH,ITH2,4,Provincia Autonoma Trento,P.A. Trento,541380,264359,48.83,0.46
1992,2021-05-28,PAT,3805,1768,2037,1400,2265,140,ITH,ITH2,4,Provincia Autonoma Trento,P.A. Trento,541380,268164,49.53,0.7
1993,2021-01-25,PAT,849,231,618,25,824,0,ITH,ITH2,4,Provincia Autonoma Trento,P.A. Trento,541380,269013,49.69,0.16
1994,2021-03-25,PAT,2914,1127,1787,1744,1059,111,ITH,ITH2,4,Provincia Autonoma Trento,P.A. Trento,541380,271927,50.23,0.54
1995,2021-07-03,PAT,1268,681,587,78,1185,5,ITH,ITH2,4,Provincia Autonoma Trento,P.A. Trento,541380,273195,50.46,0.23
1996,2021-03-30,PAT,2418,987,1431,1670,647,101,ITH,ITH2,4,Provincia Autonoma Trento,P.A. Trento,541380,275613,50.91,0.45
1997,2021-02-27,PAT,1053,468,585,605,428,20,ITH,ITH2,4,Provincia Autonoma Trento,P.A. Trento,541380,276666,51.1,0.19
1998,2021-08-03,PAT,6194,3346,2848,2480,3593,121,ITH,ITH2,4,Provincia Autonoma Trento,P.A. Trento,541380,282860,52.25,1.14
1999,2021-01-01,PAT,222,51,171,222,0,0,ITH,ITH2,4,Provincia Autonoma Trento,P.A. Trento,541380,283082,52.29,0.04
2000,2021-06-07,PAT,5874,2922,2952,2679,3020,175,ITH,ITH2,4,Provincia Autonoma Trento,P.A. Trento,541380,288956,53.37,1.09
2001,2021-04-25,PAT,2002,952,1050,1874,7,121,ITH,ITH2,4,Provincia Autonoma Trento,P.A. Trento,541380,290958,53.74,0.37
2002,2021-04-29,PAT,4698,2263,2435,4172,214,312,ITH,ITH2,4,Provincia Autonoma Trento,P.A. Trento,541380,295656,54.61,0.87
2003,2021-08-07,PAT,1620,928,692,817,768,35,ITH,ITH2,4,Provincia Autonoma Trento,P.A. Trento,541380,297276,54.91,0.3
2004,2021-01-22,PAT,1748,459,1289,350,1396,2,ITH,ITH2,4,Provincia Autonoma Trento,P.A. Trento,541380,299024,55.23,0.32
2005,2021-02-05,PAT,835,288,547,285,550,0,ITH,ITH2,4,Provincia Autonoma Trento,P.A. Trento,541380,299859,55.39,0.15
2006,2021-05-16,PAT,1358,756,602,1041,248,69,ITH,ITH2,4,Provincia Autonoma Trento,P.A. Trento,541380,301217,55.64,0.25
2007,2021-01-05,PAT,759,262,497,759,0,0,ITH,ITH2,4,Provincia Autonoma Trento,P.A. Trento,541380,301976,55.78,0.14
2008,2021-04-15,PAT,3232,1457,1775,2830,155,247,ITH,ITH2,4,Provincia Autonoma Trento,P.A. Trento,541380,305208,56.38,0.6
2009,2021-05-21,PAT,5209,2504,2705,3137,1800,272,ITH,ITH2,4,Provincia Autonoma Trento,P.A. Trento,541380,310417,57.34,0.96
2010,2021-02-01,PAT,1278,356,922,98,1180,0,ITH,ITH2,4,Provincia Autonoma Trento,P.A. Trento,541380,311695,57.57,0.24
2011,2021-02-03,PAT,876,325,551,416,460,0,ITH,ITH2,4,Provincia Autonoma Trento,P.A. Trento,541380,312571,57.74,0.16
2012,2021-07-19,PAT,4803,2527,2276,1454,3221,128,ITH,ITH2,4,Provincia Autonoma Trento,P.A. Trento,541380,317374,58.62,0.89
2013,2021-08-21,PAT,1321,785,536,605,678,38,ITH,ITH2,4,Provincia Autonoma Trento,P.A. Trento,541380,318695,58.87,0.24
2014,2021-06-25,PAT,7777,4148,3629,4206,3440,131,ITH,ITH2,4,Provincia Autonoma Trento,P.A. Trento,541380,326472,60.3,1.44
2015,2021-08-14,PAT,289,155,134,49,237,3,ITH,ITH2,4,Provincia Autonoma Trento,P.A. Trento,541380,326761,60.36,0.05
2016,2021-07-02,PAT,7412,4029,3383,3588,3591,233,ITH,ITH2,4,Provincia Autonoma Trento,P.A. Trento,541380,334173,61.73,1.37
2017,2021-01-13,PAT,444,131,313,444,0,0,ITH,ITH2,4,Provincia Autonoma Trento,P.A. Trento,541380,334617,61.81,0.08
2018,2021-02-12,PAT,1033,346,687,592,439,2,ITH,ITH2,4,Provincia Autonoma Trento,P.A. Trento,541380,335650,62.0,0.19
2019,2021-08-12,PAT,5684,3042,2642,2185,3328,171,ITH,ITH2,4,Provincia Autonoma Trento,P.A. Trento,541380,341334,63.05,1.05
2020,2021-07-29,PAT,5473,2907,2566,2646,2712,115,ITH,ITH2,4,Provincia Autonoma Trento,P.A. Trento,541380,346807,64.06,1.01
2021,2021-06-16,PAT,6319,3412,2907,1989,4206,124,ITH,ITH2,4,Provincia Autonoma Trento,P.A. Trento,541380,353126,65.23,1.17
2022,2021-03-15,PAT,1453,573,880,930,469,54,ITH,ITH2,4,Provincia Autonoma Trento,P.A. Trento,541380,354579,65.5,0.27
2023,2021-08-19,PAT,4590,2470,2120,1084,3424,82,ITH,ITH2,4,Provincia Autonoma Trento,P.A. Trento,541380,359169,66.34,0.85
2024,2021-01-17,PAT,255,199,56,255,0,0,ITH,ITH2,4,Provincia Autonoma Trento,P.A. Trento,541380,359424,66.39,0.05
2025,2021-06-23,PAT,6688,3543,3145,4625,1870,193,ITH,ITH2,4,Provincia Autonoma Trento,P.A. Trento,541380,366112,67.63,1.24
2026,2021-05-11,PAT,3741,1767,1974,2644,862,235,ITH,ITH2,4,Provincia Autonoma Trento,P.A. Trento,541380,369853,68.32,0.69
2027,2021-06-06,PAT,2267,1079,1188,431,1815,21,ITH,ITH2,4,Provincia Autonoma Trento,P.A. Trento,541380,372120,68.74,0.42
2028,2021-07-12,PAT,4266,2148,2118,2043,2039,184,ITH,ITH2,4,Provincia Autonoma Trento,P.A. Trento,541380,376386,69.52,0.79
2029,2021-02-17,PAT,1169,450,719,1053,111,5,ITH,ITH2,4,Provincia Autonoma Trento,P.A. Trento,541380,377555,69.74,0.22
2030,2021-05-30,PAT,1777,876,901,865,843,69,ITH,ITH2,4,Provincia Autonoma Trento,P.A. Trento,541380,379332,70.07,0.33
2031,2021-04-03,PAT,1178,485,693,933,177,68,ITH,ITH2,4,Provincia Autonoma Trento,P.A. Trento,541380,380510,70.29,0.22
2032,2021-06-18,PAT,7062,3756,3306,1785,5187,90,ITH,ITH2,4,Provincia Autonoma Trento,P.A. Trento,541380,387572,71.59,1.3
2033,2021-03-27,PAT,1671,746,925,1323,263,85,ITH,ITH2,4,Provincia Autonoma Trento,P.A. Trento,541380,389243,71.9,0.31
2034,2021-06-04,PAT,5924,2649,3275,1733,4060,131,ITH,ITH2,4,Provincia Autonoma Trento,P.A. Trento,541380,395167,72.99,1.09
2035,2021-02-24,PAT,1371,541,830,942,405,24,ITH,ITH2,4,Provincia Autonoma Trento,P.A. Trento,541380,396538,73.25,0.25
2036,2021-06-03,PAT,4843,2279,2564,1237,3514,92,ITH,ITH2,4,Provincia Autonoma Trento,P.A. Trento,541380,401381,74.14,0.89
2037,2021-01-19,PAT,434,89,345,434,0,0,ITH,ITH2,4,Provincia Autonoma Trento,P.A. Trento,541380,401815,74.22,0.08
2038,2021-07-23,PAT,4749,2434,2315,1669,2952,128,ITH,ITH2,4,Provincia Autonoma Trento,P.A. Trento,541380,406564,75.1,0.88
2039,2021-03-10,PAT,2479,973,1506,1472,944,63,ITH,ITH2,4,Provincia Autonoma Trento,P.A. Trento,541380,409043,75.56,0.46
2040,2021-04-24,PAT,3580,1714,1866,3354,16,210,ITH,ITH2,4,Provincia Autonoma Trento,P.A. Trento,541380,412623,76.22,0.66
2041,2021-02-26,PAT,1257,445,812,933,299,25,ITH,ITH2,4,Provincia Autonoma Trento,P.A. Trento,541380,413880,76.45,0.23
2042,2021-01-14,PAT,731,218,513,729,0,2,ITH,ITH2,4,Provincia Autonoma Trento,P.A. Trento,541380,414611,76.58,0.14
2043,2021-03-01,PAT,1254,460,794,929,301,24,ITH,ITH2,4,Provincia Autonoma Trento,P.A. Trento,541380,415865,76.82,0.23
2044,2021-03-20,PAT,888,409,479,663,211,14,ITH,ITH2,4,Provincia Autonoma Trento,P.A. Trento,541380,416753,76.98,0.16
2045,2021-03-03,PAT,1672,628,1044,1115,520,37,ITH,ITH2,4,Provincia Autonoma Trento,P.A. Trento,541380,418425,77.29,0.31
2046,2021-06-11,PAT,7301,3474,3827,1493,5705,103,ITH,ITH2,4,Provincia Autonoma Trento,P.A. Trento,541380,425726,78.64,1.35
2047,2021-06-13,PAT,3733,2060,1673,280,3430,23,ITH,ITH2,4,Provincia Autonoma Trento,P.A. Trento,541380,429459,79.33,0.69
2048,2020-12-27,PAT,107,43,64,107,0,0,ITH,ITH2,4,Provincia Autonoma Trento,P.A. Trento,541380,429566,79.35,0.02
2049,2021-07-30,PAT,5835,3094,2741,2291,3441,103,ITH,ITH2,4,Provincia Autonoma Trento,P.A. Trento,541380,435401,80.42,1.08
2050,2021-08-16,PAT,4831,2554,2277,1805,2923,103,ITH,ITH2,4,Provincia Autonoma Trento,P.A. Trento,541380,440232,81.32,0.89
2051,2021-01-15,PAT,628,149,479,627,0,1,ITH,ITH2,4,Provincia Autonoma Trento,P.A. Trento,541380,440860,81.43,0.12
2052,2021-05-20,PAT,5117,2406,2711,3149,1686,282,ITH,ITH2,4,Provincia Autonoma Trento,P.A. Trento,541380,445977,82.38,0.95
2053,2021-03-24,PAT,2415,963,1452,1470,827,118,ITH,ITH2,4,Provincia Autonoma Trento,P.A. Trento,541380,448392,82.82,0.45
2054,2021-02-09,PAT,952,303,649,448,503,1,ITH,ITH2,4,Provincia Autonoma Trento,P.A. Trento,541380,449344,83.0,0.18
2055,2021-03-17,PAT,2130,812,1318,1131,906,93,ITH,ITH2,4,Provincia Autonoma Trento,P.A. Trento,541380,451474,83.39,0.39
2056,2021-02-02,PAT,942,254,688,192,750,0,ITH,ITH2,4,Provincia Autonoma Trento,P.A. Trento,541380,452416,83.57,0.17
2057,2021-07-09,PAT,5143,2728,2415,3042,1882,219,ITH,ITH2,4,Provincia Autonoma Trento,P.A. Trento,541380,457559,84.52,0.95
2058,2021-05-13,PAT,3455,1605,1850,2103,1126,226,ITH,ITH2,4,Provincia Autonoma Trento,P.A. Trento,541380,461014,85.16,0.64
2059,2021-03-31,PAT,2621,1001,1620,1654,868,99,ITH,ITH2,4,Provincia Autonoma Trento,P.A. Trento,541380,463635,85.64,0.48
2060,2021-03-11,PAT,2612,978,1634,1504,1048,60,ITH,ITH2,4,Provincia Autonoma Trento,P.A. Trento,541380,466247,86.12,0.48
2061,2021-07-22,PAT,4773,2585,2188,1904,2736,133,ITH,ITH2,4,Provincia Autonoma Trento,P.A. Trento,541380,471020,87.0,0.88
2062,2021-07-07,PAT,4524,2428,2096,2926,1404,194,ITH,ITH2,4,Provincia Autonoma Trento,P.A. Trento,541380,475544,87.84,0.84
2063,2021-01-03,PAT,502,166,336,502,0,0,ITH,ITH2,4,Provincia Autonoma Trento,P.A. Trento,541380,476046,87.93,0.09
2064,2021-07-21,PAT,4701,2518,2183,1526,3082,93,ITH,ITH2,4,Provincia Autonoma Trento,P.A. Trento,541380,480747,88.8,0.87
2065,2021-08-09,PAT,5330,2843,2487,2276,2920,134,ITH,ITH2,4,Provincia Autonoma Trento,P.A. Trento,541380,486077,89.78,0.98
2066,2021-02-22,PAT,755,262,493,663,86,6,ITH,ITH2,4,Provincia Autonoma Trento,P.A. Trento,541380,486832,89.92,0.14
2067,2021-02-28,PAT,246,122,124,236,0,10,ITH,ITH2,4,Provincia Autonoma Trento,P.A. Trento,541380,487078,89.97,0.05
2068,2021-08-04,PAT,6200,3306,2894,2571,3493,136,ITH,ITH2,4,Provincia Autonoma Trento,P.A. Trento,541380,493278,91.11,1.15
2069,2021-06-08,PAT,6042,2917,3125,1788,4132,122,ITH,ITH2,4,Provincia Autonoma Trento,P.A. Trento,541380,499320,92.23,1.12
2070,2021-04-26,PAT,2676,1260,1416,2412,96,168,ITH,ITH2,4,Provincia Autonoma Trento,P.A. Trento,541380,501996,92.73,0.49
2071,2021-02-19,PAT,944,366,578,846,65,33,ITH,ITH2,4,Provincia Autonoma Trento,P.A. Trento,541380,502940,92.9,0.17
2072,2021-04-27,PAT,3952,1900,2052,3595,70,287,ITH,ITH2,4,Provincia Autonoma Trento,P.A. Trento,541380,506892,93.63,0.73
2073,2021-05-04,PAT,4570,2490,2080,4169,97,304,ITH,ITH2,4,Provincia Autonoma Trento,P.A. Trento,541380,511462,94.47,0.84
2074,2021-03-08,PAT,1425,439,986,1041,354,30,ITH,ITH2,4,Provincia Autonoma Trento,P.A. Trento,541380,512887,94.74,0.26
2075,2021-03-22,PAT,2348,995,1353,1405,885,58,ITH,ITH2,4,Provincia Autonoma Trento,P.A. Trento,541380,515235,95.17,0.43
2076,2021-01-24,PAT,562,285,277,226,336,0,ITH,ITH2,4,Provincia Autonoma Trento,P.A. Trento,541380,515797,95.27,0.1
2077,2021-06-30,PAT,6860,3524,3336,2708,4052,100,ITH,ITH2,4,Provincia Autonoma Trento,P.A. Trento,541380,522657,96.54,1.27
2078,2021-08-11,PAT,5830,3142,2688,3081,2590,159,ITH,ITH2,4,Provincia Autonoma Trento,P.A. Trento,541380,528487,97.62,1.08
2079,2021-05-23,PAT,1995,1015,980,432,1535,28,ITH,ITH2,4,Provincia Autonoma Trento,P.A. Trento,541380,530482,97.99,0.37
2080,2021-04-10,PAT,2876,1352,1524,1994,803,79,ITH,ITH2,4,Provincia Autonoma Trento,P.A. Trento,541380,533358,98.52,0.53
2081,2021-02-10,PAT,872,295,577,513,358,1,ITH,ITH2,4,Provincia Autonoma Trento,P.A. Trento,541380,534230,98.68,0.16
2082,2021-01-26,PAT,577,173,404,28,549,0,ITH,ITH2,4,Provincia Autonoma Trento,P.A. Trento,541380,534807,98.79,0.11
2083,2021-05-06,PAT,5612,2792,2820,4444,793,375,ITH,ITH2,4,Provincia Autonoma Trento,P.A. Trento,541380,540419,99.82,1.04
2084,2021-07-26,PAT,3890,2050,1840,837,2991,62,ITH,ITH2,4,Provincia Autonoma Trento,P.A. Trento,541380,544309,100.54,0.72
2085,2021-04-08,PAT,3174,1332,1842,1948,1133,93,ITH,ITH2,4,Provincia Autonoma Trento,P.A. Trento,541380,547483,101.13,0.59
2086,2020-12-31,PAT,1701,480,1221,1701,0,0,ITH,ITH2,4,Provincia Autonoma Trento,P.A. Trento,541380,549184,101.44,0.31
2087,2021-06-22,PAT,6384,3480,2904,3629,2568,187,ITH,ITH2,4,Provincia Autonoma Trento,P.A. Trento,541380,555568,102.62,1.18
2088,2021-03-05,PAT,2305,736,1569,1640,569,96,ITH,ITH2,4,Provincia Autonoma Trento,P.A. Trento,541380,557873,103.05,0.43
2089,2021-01-07,PAT,1301,328,973,1298,0,3,ITH,ITH2,4,Provincia Autonoma Trento,P.A. Trento,541380,559174,103.29,0.24
2090,2021-04-17,PAT,2251,1146,1105,2088,57,106,ITH,ITH2,4,Provincia Autonoma Trento,P.A. Trento,541380,561425,103.7,0.42
2091,2021-04-19,PAT,2645,1244,1401,2431,23,191,ITH,ITH2,4,Provincia Autonoma Trento,P.A. Trento,541380,564070,104.19,0.49
2092,2021-07-28,PAT,4861,2665,2196,2166,2567,128,ITH,ITH2,4,Provincia Autonoma Trento,P.A. Trento,541380,568931,105.09,0.9
2093,2021-05-25,PAT,4866,2315,2551,1744,2974,148,ITH,ITH2,4,Provincia Autonoma Trento,P.A. Trento,541380,573797,105.99,0.9
2094,2021-05-08,PAT,3195,1743,1452,2571,426,198,ITH,ITH2,4,Provincia Autonoma Trento,P.A. Trento,541380,576992,106.58,0.59
2095,2021-02-14,PAT,250,189,61,11,239,0,ITH,ITH2,4,Provincia Autonoma Trento,P.A. Trento,541380,577242,106.62,0.05
2096,2021-08-18,PAT,4618,2547,2071,1415,3117,86,ITH,ITH2,4,Provincia Autonoma Trento,P.A. Trento,541380,581860,107.48,0.85
2097,2021-05-27,PAT,4376,2032,2344,1166,3078,132,ITH,ITH2,4,Provincia Autonoma Trento,P.A. Trento,541380,586236,108.29,0.81
2098,2021-05-18,PAT,4319,2046,2273,3171,867,281,ITH,ITH2,4,Provincia Autonoma Trento,P.A. Trento,541380,590555,109.08,0.8
2099,2021-03-12,PAT,2601,991,1610,1712,814,75,ITH,ITH2,4,Provincia Autonoma Trento,P.A. Trento,541380,593156,109.56,0.48
2100,2021-06-20,PAT,1900,1050,850,31,1864,5,ITH,ITH2,4,Provincia Autonoma Trento,P.A. Trento,541380,595056,109.91,0.35
2101,2021-01-02,PAT,522,149,373,522,0,0,ITH,ITH2,4,Provincia Autonoma Trento,P.A. Trento,541380,595578,110.01,0.1
2102,2021-01-31,PAT,77,16,61,1,76,0,ITH,ITH2,4,Provincia Autonoma Trento,P.A. Trento,541380,595655,110.03,0.01
2103,2021-06-15,PAT,6326,3338,2988,1630,4563,133,ITH,ITH2,4,Provincia Autonoma Trento,P.A. Trento,541380,601981,111.19,1.17
2104,2021-03-29,PAT,2561,1008,1553,1691,742,128,ITH,ITH2,4,Provincia Autonoma Trento,P.A. Trento,541380,604542,111.67,0.47
2105,2021-04-12,PAT,3156,1455,1701,2527,504,125,ITH,ITH2,4,Provincia Autonoma Trento,P.A. Trento,541380,607698,112.25,0.58
2106,2021-01-21,PAT,376,104,272,247,129,0,ITH,ITH2,4,Provincia Autonoma Trento,P.A. Trento,541380,608074,112.32,0.07
2107,2021-05-01,PAT,4887,2485,2402,4553,37,297,ITH,ITH2,4,Provincia Autonoma Trento,P.A. Trento,541380,612961,113.22,0.9
2108,2021-07-04,PAT,225,125,100,66,157,2,ITH,ITH2,4,Provincia Autonoma Trento,P.A. Trento,541380,613186,113.26,0.04
2109,2021-07-11,PAT,1034,565,469,131,894,9,ITH,ITH2,4,Provincia Autonoma Trento,P.A. Trento,541380,614220,113.45,0.19
2110,2021-02-21,PAT,158,95,63,44,114,0,ITH,ITH2,4,Provincia Autonoma Trento,P.A. Trento,541380,614378,113.48,0.03
2111,2021-05-15,PAT,1603,832,771,649,913,41,ITH,ITH2,4,Provincia Autonoma Trento,P.A. Trento,541380,615981,113.78,0.3
2112,2021-06-01,PAT,4103,1925,2178,1082,2910,111,ITH,ITH2,4,Provincia Autonoma Trento,P.A. Trento,541380,620084,114.54,0.76
2113,2021-01-27,PAT,872,310,562,114,756,2,ITH,ITH2,4,Provincia Autonoma Trento,P.A. Trento,541380,620956,114.7,0.16
2114,2021-02-13,PAT,540,335,205,172,368,0,ITH,ITH2,4,Provincia Autonoma Trento,P.A. Trento,541380,621496,114.8,0.1
2115,2021-05-07,PAT,6085,3129,2956,4854,853,378,ITH,ITH2,4,Provincia Autonoma Trento,P.A. Trento,541380,627581,115.92,1.12
2116,2021-04-20,PAT,2908,1387,1521,2689,37,182,ITH,ITH2,4,Provincia Autonoma Trento,P.A. Trento,541380,630489,116.46,0.54
2117,2021-05-09,PAT,2354,1225,1129,1872,347,135,ITH,ITH2,4,Provincia Autonoma Trento,P.A. Trento,541380,632843,116.89,0.43
2118,2021-08-17,PAT,5427,2872,2555,1927,3371,129,ITH,ITH2,4,Provincia Autonoma Trento,P.A. Trento,541380,638270,117.9,1.0
2119,2021-02-15,PAT,547,193,354,419,126,2,ITH,ITH2,4,Provincia Autonoma Trento,P.A. Trento,541380,638817,118.0,0.1
2120,2021-05-26,PAT,3959,1867,2092,1117,2721,121,ITH,ITH2,4,Provincia Autonoma Trento,P.A. Trento,541380,642776,118.73,0.73
2121,2021-08-02,PAT,5367,2848,2519,1607,3698,62,ITH,ITH2,4,Provincia Autonoma Trento,P.A. Trento,541380,648143,119.72,0.99
2122,2021-01-10,PAT,87,20,67,87,0,0,ITH,ITH2,4,Provincia Autonoma Trento,P.A. Trento,541380,648230,119.74,0.02
2123,2021-01-29,PAT,1422,361,1061,56,1366,0,ITH,ITH2,4,Provincia Autonoma Trento,P.A. Trento,541380,649652,120.0,0.26
2124,2021-07-14,PAT,4177,2171,2006,1715,2351,111,ITH,ITH2,4,Provincia Autonoma Trento,P.A. Trento,541380,653829,120.77,0.77
2125,2021-04-22,PAT,3174,1481,1693,2948,46,180,ITH,ITH2,4,Provincia Autonoma Trento,P.A. Trento,541380,657003,121.36,0.59
2126,2021-07-31,PAT,1490,854,636,1070,382,38,ITH,ITH2,4,Provincia Autonoma Trento,P.A. Trento,541380,658493,121.63,0.28
2127,2021-04-07,PAT,2651,1027,1624,1576,953,122,ITH,ITH2,4,Provincia Autonoma Trento,P.A. Trento,541380,661144,122.12,0.49
2128,2021-07-16,PAT,4596,2368,2228,1742,2704,150,ITH,ITH2,4,Provincia Autonoma Trento,P.A. Trento,541380,665740,122.97,0.85
2129,2021-06-27,PAT,1368,735,633,397,961,10,ITH,ITH2,4,Provincia Autonoma Trento,P.A. Trento,541380,667108,123.22,0.25
2130,2021-01-12,PAT,541,173,368,540,0,1,ITH,ITH2,4,Provincia Autonoma Trento,P.A. Trento,541380,667649,123.32,0.1
2131,2021-03-19,PAT,2467,925,1542,1503,881,83,ITH,ITH2,4,Provincia Autonoma Trento,P.A. Trento,541380,670116,123.78,0.46
2132,2021-04-05,PAT,35,17,18,30,2,3,ITH,ITH2,4,Provincia Autonoma Trento,P.A. Trento,541380,670151,123.79,0.01
2133,2021-07-16,PAB,4511,2448,2063,1071,3319,121,ITH,ITH1,4,Provincia Autonoma Bolzano / Bozen,P.A. Bolzano,533050,4511,0.85,0.85
2134,2021-04-24,PAB,5119,2458,2661,4632,487,0,ITH,ITH1,4,Provincia Autonoma Bolzano / Bozen,P.A. Bolzano,533050,9630,1.81,0.96
2135,2021-08-02,PAB,2129,1276,853,1165,875,89,ITH,ITH1,4,Provincia Autonoma Bolzano / Bozen,P.A. Bolzano,533050,11759,2.21,0.4
2136,2021-07-14,PAB,872,452,420,481,361,30,ITH,ITH1,4,Provincia Autonoma Bolzano / Bozen,P.A. Bolzano,533050,12631,2.37,0.16
2137,2021-04-05,PAB,304,147,157,24,280,0,ITH,ITH1,4,Provincia Autonoma Bolzano / Bozen,P.A. Bolzano,533050,12935,2.43,0.06
2138,2021-06-27,PAB,4429,2315,2114,591,3810,28,ITH,ITH1,4,Provincia Autonoma Bolzano / Bozen,P.A. Bolzano,533050,17364,3.26,0.83
2139,2021-01-12,PAB,1709,459,1250,1709,0,0,ITH,ITH1,4,Provincia Autonoma Bolzano / Bozen,P.A. Bolzano,533050,19073,3.58,0.32
2140,2021-06-06,PAB,4551,2187,2364,810,3692,49,ITH,ITH1,4,Provincia Autonoma Bolzano / Bozen,P.A. Bolzano,533050,23624,4.43,0.85
2141,2021-02-26,PAB,1528,551,977,1498,30,0,ITH,ITH1,4,Provincia Autonoma Bolzano / Bozen,P.A. Bolzano,533050,25152,4.72,0.29
2142,2021-06-01,PAB,3676,2384,1292,2061,1478,137,ITH,ITH1,4,Provincia Autonoma Bolzano / Bozen,P.A. Bolzano,533050,28828,5.41,0.69
2143,2021-02-19,PAB,2252,512,1740,2241,11,0,ITH,ITH1,4,Provincia Autonoma Bolzano / Bozen,P.A. Bolzano,533050,31080,5.83,0.42
2144,2021-05-20,PAB,4972,2502,2470,3344,1478,150,ITH,ITH1,4,Provincia Autonoma Bolzano / Bozen,P.A. Bolzano,533050,36052,6.76,0.93
2145,2021-08-11,PAB,1194,599,595,710,484,0,ITH,ITH1,4,Provincia Autonoma Bolzano / Bozen,P.A. Bolzano,533050,37246,6.99,0.22
2146,2021-07-09,PAB,5223,2611,2612,917,4165,141,ITH,ITH1,4,Provincia Autonoma Bolzano / Bozen,P.A. Bolzano,533050,42469,7.97,0.98
2147,2021-03-31,PAB,1835,695,1140,821,1014,0,ITH,ITH1,4,Provincia Autonoma Bolzano / Bozen,P.A. Bolzano,533050,44304,8.31,0.34
2148,2021-03-22,PAB,1159,527,632,1142,17,0,ITH,ITH1,4,Provincia Autonoma Bolzano / Bozen,P.A. Bolzano,533050,45463,8.53,0.22
2149,2021-06-20,PAB,5244,2851,2393,621,4599,24,ITH,ITH1,4,Provincia Autonoma Bolzano / Bozen,P.A. Bolzano,533050,50707,9.51,0.98
2150,2021-02-07,PAB,2680,1186,1494,330,2350,0,ITH,ITH1,4,Provincia Autonoma Bolzano / Bozen,P.A. Bolzano,533050,53387,10.02,0.5
2151,2021-05-18,PAB,3349,1757,1592,2076,1191,82,ITH,ITH1,4,Provincia Autonoma Bolzano / Bozen,P.A. Bolzano,533050,56736,10.64,0.63
2152,2021-02-12,PAB,730,217,513,482,248,0,ITH,ITH1,4,Provincia Autonoma Bolzano / Bozen,P.A. Bolzano,533050,57466,10.78,0.14
2153,2021-04-10,PAB,5416,2673,2743,4826,590,0,ITH,ITH1,4,Provincia Autonoma Bolzano / Bozen,P.A. Bolzano,533050,62882,11.8,1.02
2154,2020-12-31,PAB,929,528,401,929,0,0,ITH,ITH1,4,Provincia Autonoma Bolzano / Bozen,P.A. Bolzano,533050,63811,11.97,0.17
2155,2021-04-19,PAB,1876,860,1016,1694,182,0,ITH,ITH1,4,Provincia Autonoma Bolzano / Bozen,P.A. Bolzano,533050,65687,12.32,0.35
2156,2021-06-15,PAB,2044,1183,861,481,1533,30,ITH,ITH1,4,Provincia Autonoma Bolzano / Bozen,P.A. Bolzano,533050,67731,12.71,0.38
2157,2021-07-28,PAB,1436,783,653,880,495,61,ITH,ITH1,4,Provincia Autonoma Bolzano / Bozen,P.A. Bolzano,533050,69167,12.98,0.27
2158,2021-01-26,PAB,810,291,519,1,809,0,ITH,ITH1,4,Provincia Autonoma Bolzano / Bozen,P.A. Bolzano,533050,69977,13.13,0.15
2159,2021-07-02,PAB,3202,1658,1544,857,2172,173,ITH,ITH1,4,Provincia Autonoma Bolzano / Bozen,P.A. Bolzano,533050,73179,13.73,0.6
2160,2021-03-24,PAB,2065,1000,1065,2051,13,1,ITH,ITH1,4,Provincia Autonoma Bolzano / Bozen,P.A. Bolzano,533050,75244,14.12,0.39
2161,2021-03-10,PAB,1277,537,740,1133,144,0,ITH,ITH1,4,Provincia Autonoma Bolzano / Bozen,P.A. Bolzano,533050,76521,14.36,0.24
2162,2021-05-06,PAB,5191,2752,2439,2374,2571,246,ITH,ITH1,4,Provincia Autonoma Bolzano / Bozen,P.A. Bolzano,533050,81712,15.33,0.97
2163,2021-06-29,PAB,1882,1016,866,246,1616,20,ITH,ITH1,4,Provincia Autonoma Bolzano / Bozen,P.A. Bolzano,533050,83594,15.68,0.35
2164,2021-03-21,PAB,769,286,483,15,754,0,ITH,ITH1,4,Provincia Autonoma Bolzano / Bozen,P.A. Bolzano,533050,84363,15.83,0.14
2165,2021-08-04,PAB,3803,2011,1792,2718,977,108,ITH,ITH1,4,Provincia Autonoma Bolzano / Bozen,P.A. Bolzano,533050,88166,16.54,0.71
2166,2021-06-08,PAB,4247,2172,2075,879,3340,28,ITH,ITH1,4,Provincia Autonoma Bolzano / Bozen,P.A. Bolzano,533050,92413,17.34,0.8
2167,2021-01-24,PAB,12,10,2,0,12,0,ITH,ITH1,4,Provincia Autonoma Bolzano / Bozen,P.A. Bolzano,533050,92425,17.34,0.0
2168,2021-07-04,PAB,4419,2131,2288,160,4231,28,ITH,ITH1,4,Provincia Autonoma Bolzano / Bozen,P.A. Bolzano,533050,96844,18.17,0.83
2169,2021-03-05,PAB,1843,627,1216,1397,443,3,ITH,ITH1,4,Provincia Autonoma Bolzano / Bozen,P.A. Bolzano,533050,98687,18.51,0.35
2170,2021-05-27,PAB,6204,3274,2930,3908,2014,282,ITH,ITH1,4,Provincia Autonoma Bolzano / Bozen,P.A. Bolzano,533050,104891,19.68,1.16
2171,2021-06-13,PAB,3689,2055,1634,453,3197,39,ITH,ITH1,4,Provincia Autonoma Bolzano / Bozen,P.A. Bolzano,533050,108580,20.37,0.69
2172,2021-05-25,PAB,3896,2022,1874,2908,888,100,ITH,ITH1,4,Provincia Autonoma Bolzano / Bozen,P.A. Bolzano,533050,112476,21.1,0.73
2173,2021-02-14,PAB,299,131,168,297,2,0,ITH,ITH1,4,Provincia Autonoma Bolzano / Bozen,P.A. Bolzano,533050,112775,21.16,0.06
2174,2021-08-16,PAB,1958,1113,845,877,1081,0,ITH,ITH1,4,Provincia Autonoma Bolzano / Bozen,P.A. Bolzano,533050,114733,21.52,0.37
2175,2021-05-08,PAB,4430,2383,2047,3575,664,191,ITH,ITH1,4,Provincia Autonoma Bolzano / Bozen,P.A. Bolzano,533050,119163,22.35,0.83
2176,2021-03-03,PAB,1181,395,786,1168,13,0,ITH,ITH1,4,Provincia Autonoma Bolzano / Bozen,P.A. Bolzano,533050,120344,22.58,0.22
2177,2021-07-23,PAB,4356,2375,1981,1708,2391,257,ITH,ITH1,4,Provincia Autonoma Bolzano / Bozen,P.A. Bolzano,533050,124700,23.39,0.82
2178,2021-01-05,PAB,830,286,544,829,0,1,ITH,ITH1,4,Provincia Autonoma Bolzano / Bozen,P.A. Bolzano,533050,125530,23.55,0.16
2179,2021-01-23,PAB,197,117,80,0,197,0,ITH,ITH1,4,Provincia Autonoma Bolzano / Bozen,P.A. Bolzano,533050,125727,23.59,0.04
2180,2021-05-03,PAB,1838,851,987,398,1419,21,ITH,ITH1,4,Provincia Autonoma Bolzano / Bozen,P.A. Bolzano,533050,127565,23.93,0.34
2181,2021-02-23,PAB,769,324,445,763,6,0,ITH,ITH1,4,Provincia Autonoma Bolzano / Bozen,P.A. Bolzano,533050,128334,24.08,0.14
2182,2021-08-09,PAB,1539,858,681,1125,414,0,ITH,ITH1,4,Provincia Autonoma Bolzano / Bozen,P.A. Bolzano,533050,129873,24.36,0.29
2183,2021-05-01,PAB,2105,1067,1038,1815,160,130,ITH,ITH1,4,Provincia Autonoma Bolzano / Bozen,P.A. Bolzano,533050,131978,24.76,0.39
2184,2021-03-12,PAB,1666,734,932,1252,413,1,ITH,ITH1,4,Provincia Autonoma Bolzano / Bozen,P.A. Bolzano,533050,133644,25.07,0.31
2185,2021-03-29,PAB,1172,500,672,412,760,0,ITH,ITH1,4,Provincia Autonoma Bolzano / Bozen,P.A. Bolzano,533050,134816,25.29,0.22
2186,2021-03-17,PAB,582,213,369,580,2,0,ITH,ITH1,4,Provincia Autonoma Bolzano / Bozen,P.A. Bolzano,533050,135398,25.4,0.11
2187,2021-08-21,PAB,1365,726,639,380,985,0,ITH,ITH1,4,Provincia Autonoma Bolzano / Bozen,P.A. Bolzano,533050,136763,25.66,0.26
2188,2021-05-13,PAB,2999,1357,1642,1017,1933,49,ITH,ITH1,4,Provincia Autonoma Bolzano / Bozen,P.A. Bolzano,533050,139762,26.22,0.56
2189,2021-04-29,PAB,2637,1355,1282,1942,695,0,ITH,ITH1,4,Provincia Autonoma Bolzano / Bozen,P.A. Bolzano,533050,142399,26.71,0.49
2190,2021-01-19,PAB,853,371,482,723,130,0,ITH,ITH1,4,Provincia Autonoma Bolzano / Bozen,P.A. Bolzano,533050,143252,26.87,0.16
2191,2021-04-17,PAB,5255,2609,2646,5211,44,0,ITH,ITH1,4,Provincia Autonoma Bolzano / Bozen,P.A. Bolzano,533050,148507,27.86,0.99
2192,2021-01-07,PAB,921,329,592,921,0,0,ITH,ITH1,4,Provincia Autonoma Bolzano / Bozen,P.A. Bolzano,533050,149428,28.03,0.17
2193,2021-07-21,PAB,3219,1881,1338,535,2644,40,ITH,ITH1,4,Provincia Autonoma Bolzano / Bozen,P.A. Bolzano,533050,152647,28.64,0.6
2194,2021-04-12,PAB,2110,948,1162,2104,6,0,ITH,ITH1,4,Provincia Autonoma Bolzano / Bozen,P.A. Bolzano,533050,154757,29.03,0.4
2195,2021-06-12,PAB,5079,2754,2325,1675,3289,115,ITH,ITH1,4,Provincia Autonoma Bolzano / Bozen,P.A. Bolzano,533050,159836,29.99,0.95
2196,2021-01-14,PAB,1952,578,1374,1952,0,0,ITH,ITH1,4,Provincia Autonoma Bolzano / Bozen,P.A. Bolzano,533050,161788,30.35,0.37
2197,2021-04-07,PAB,1803,825,978,1262,541,0,ITH,ITH1,4,Provincia Autonoma Bolzano / Bozen,P.A. Bolzano,533050,163591,30.69,0.34
2198,2021-03-02,PAB,696,200,496,694,2,0,ITH,ITH1,4,Provincia Autonoma Bolzano / Bozen,P.A. Bolzano,533050,164287,30.82,0.13
2199,2021-03-19,PAB,1920,777,1143,800,1120,0,ITH,ITH1,4,Provincia Autonoma Bolzano / Bozen,P.A. Bolzano,533050,166207,31.18,0.36
2200,2021-05-15,PAB,7019,3695,3324,6335,294,390,ITH,ITH1,4,Provincia Autonoma Bolzano / Bozen,P.A. Bolzano,533050,173226,32.5,1.32
2201,2021-02-04,PAB,1965,596,1369,8,1957,0,ITH,ITH1,4,Provincia Autonoma Bolzano / Bozen,P.A. Bolzano,533050,175191,32.87,0.37
2202,2021-07-11,PAB,6074,3094,2980,1092,4878,104,ITH,ITH1,4,Provincia Autonoma Bolzano / Bozen,P.A. Bolzano,533050,181265,34.01,1.14
2203,2021-04-02,PAB,2090,841,1249,701,1357,32,ITH,ITH1,4,Provincia Autonoma Bolzano / Bozen,P.A. Bolzano,533050,183355,34.4,0.39
2204,2021-05-29,PAB,7340,3907,3433,4042,3144,154,ITH,ITH1,4,Provincia Autonoma Bolzano / Bozen,P.A. Bolzano,533050,190695,35.77,1.38
2205,2021-05-17,PAB,3150,1524,1626,2284,696,170,ITH,ITH1,4,Provincia Autonoma Bolzano / Bozen,P.A. Bolzano,533050,193845,36.37,0.59
2206,2021-06-03,PAB,4889,2662,2227,3689,972,228,ITH,ITH1,4,Provincia Autonoma Bolzano / Bozen,P.A. Bolzano,533050,198734,37.28,0.92
2207,2021-07-06,PAB,1721,925,796,694,982,45,ITH,ITH1,4,Provincia Autonoma Bolzano / Bozen,P.A. Bolzano,533050,200455,37.61,0.32
2208,2021-06-22,PAB,2470,1422,1048,319,2125,26,ITH,ITH1,4,Provincia Autonoma Bolzano / Bozen,P.A. Bolzano,533050,202925,38.07,0.46
2209,2021-03-14,PAB,758,336,422,25,733,0,ITH,ITH1,4,Provincia Autonoma Bolzano / Bozen,P.A. Bolzano,533050,203683,38.21,0.14
2210,2021-04-14,PAB,3603,1650,1953,3508,95,0,ITH,ITH1,4,Provincia Autonoma Bolzano / Bozen,P.A. Bolzano,533050,207286,38.89,0.68
2211,2021-01-04,PAB,510,201,309,510,0,0,ITH,ITH1,4,Provincia Autonoma Bolzano / Bozen,P.A. Bolzano,533050,207796,38.98,0.1
2212,2021-08-08,PAB,1866,1019,847,1015,851,0,ITH,ITH1,4,Provincia Autonoma Bolzano / Bozen,P.A. Bolzano,533050,209662,39.33,0.35
2213,2021-01-21,PAB,969,452,517,140,829,0,ITH,ITH1,4,Provincia Autonoma Bolzano / Bozen,P.A. Bolzano,533050,210631,39.51,0.18
2214,2021-07-25,PAB,1891,1127,764,665,1146,80,ITH,ITH1,4,Provincia Autonoma Bolzano / Bozen,P.A. Bolzano,533050,212522,39.87,0.35
2215,2021-06-05,PAB,6086,3034,3052,4699,1097,290,ITH,ITH1,4,Provincia Autonoma Bolzano / Bozen,P.A. Bolzano,533050,218608,41.01,1.14
2216,2021-04-30,PAB,3348,1599,1749,1570,1778,0,ITH,ITH1,4,Provincia Autonoma Bolzano / Bozen,P.A. Bolzano,533050,221956,41.64,0.63
2217,2021-01-20,PAB,619,254,365,410,209,0,ITH,ITH1,4,Provincia Autonoma Bolzano / Bozen,P.A. Bolzano,533050,222575,41.75,0.12
2218,2021-07-22,PAB,3728,1937,1791,1725,1789,214,ITH,ITH1,4,Provincia Autonoma Bolzano / Bozen,P.A. Bolzano,533050,226303,42.45,0.7
2219,2021-01-06,PAB,59,18,41,59,0,0,ITH,ITH1,4,Provincia Autonoma Bolzano / Bozen,P.A. Bolzano,533050,226362,42.47,0.01
2220,2021-08-06,PAB,3623,1909,1714,1198,2424,1,ITH,ITH1,4,Provincia Autonoma Bolzano / Bozen,P.A. Bolzano,533050,229985,43.15,0.68
2221,2021-04-28,PAB,2469,1307,1162,2464,5,0,ITH,ITH1,4,Provincia Autonoma Bolzano / Bozen,P.A. Bolzano,533050,232454,43.61,0.46
2222,2021-01-16,PAB,2840,1265,1575,2840,0,0,ITH,ITH1,4,Provincia Autonoma Bolzano / Bozen,P.A. Bolzano,533050,235294,44.14,0.53
2223,2021-06-25,PAB,4179,2308,1871,1026,3014,139,ITH,ITH1,4,Provincia Autonoma Bolzano / Bozen,P.A. Bolzano,533050,239473,44.93,0.78
2224,2021-02-09,PAB,317,126,191,1,316,0,ITH,ITH1,4,Provincia Autonoma Bolzano / Bozen,P.A. Bolzano,533050,239790,44.98,0.06
2225,2021-07-13,PAB,3383,1732,1651,1325,1930,128,ITH,ITH1,4,Provincia Autonoma Bolzano / Bozen,P.A. Bolzano,533050,243173,45.62,0.63
2226,2021-02-02,PAB,1752,509,1243,8,1744,0,ITH,ITH1,4,Provincia Autonoma Bolzano / Bozen,P.A. Bolzano,533050,244925,45.95,0.33
2227,2021-03-07,PAB,440,150,290,19,420,1,ITH,ITH1,4,Provincia Autonoma Bolzano / Bozen,P.A. Bolzano,533050,245365,46.03,0.08
2228,2021-07-30,PAB,5287,2833,2454,3393,1540,354,ITH,ITH1,4,Provincia Autonoma Bolzano / Bozen,P.A. Bolzano,533050,250652,47.02,0.99
2229,2021-04-21,PAB,3016,1469,1547,2169,847,0,ITH,ITH1,4,Provincia Autonoma Bolzano / Bozen,P.A. Bolzano,533050,253668,47.59,0.57
2230,2021-06-24,PAB,3941,2040,1901,1570,2199,172,ITH,ITH1,4,Provincia Autonoma Bolzano / Bozen,P.A. Bolzano,533050,257609,48.33,0.74
2231,2021-01-09,PAB,612,326,286,612,0,0,ITH,ITH1,4,Provincia Autonoma Bolzano / Bozen,P.A. Bolzano,533050,258221,48.44,0.11
2232,2021-06-17,PAB,1773,982,791,623,1078,72,ITH,ITH1,4,Provincia Autonoma Bolzano / Bozen,P.A. Bolzano,533050,259994,48.77,0.33
2233,2021-01-02,PAB,91,48,43,91,0,0,ITH,ITH1,4,Provincia Autonoma Bolzano / Bozen,P.A. Bolzano,533050,260085,48.79,0.02
2234,2021-06-26,PAB,4546,2329,2217,1365,3075,106,ITH,ITH1,4,Provincia Autonoma Bolzano / Bozen,P.A. Bolzano,533050,264631,49.64,0.85
2235,2021-03-26,PAB,1662,736,926,524,1137,1,ITH,ITH1,4,Provincia Autonoma Bolzano / Bozen,P.A. Bolzano,533050,266293,49.96,0.31
2236,2021-04-09,PAB,2942,1303,1639,2212,730,0,ITH,ITH1,4,Provincia Autonoma Bolzano / Bozen,P.A. Bolzano,533050,269235,50.51,0.55
2237,2021-05-22,PAB,6843,3571,3272,4479,2168,196,ITH,ITH1,4,Provincia Autonoma Bolzano / Bozen,P.A. Bolzano,533050,276078,51.79,1.28
2238,2021-02-11,PAB,1094,432,662,239,855,0,ITH,ITH1,4,Provincia Autonoma Bolzano / Bozen,P.A. Bolzano,533050,277172,52.0,0.21
2239,2021-07-18,PAB,1865,1032,833,646,1150,69,ITH,ITH1,4,Provincia Autonoma Bolzano / Bozen,P.A. Bolzano,533050,279037,52.35,0.35
2240,2021-03-30,PAB,1302,532,770,220,1082,0,ITH,ITH1,4,Provincia Autonoma Bolzano / Bozen,P.A. Bolzano,533050,280339,52.59,0.24
2241,2021-04-16,PAB,2958,1424,1534,2445,512,1,ITH,ITH1,4,Provincia Autonoma Bolzano / Bozen,P.A. Bolzano,533050,283297,53.15,0.55
2242,2021-07-08,PAB,5511,2783,2728,549,4887,75,ITH,ITH1,4,Provincia Autonoma Bolzano / Bozen,P.A. Bolzano,533050,288808,54.18,1.03
2243,2021-06-19,PAB,5664,3016,2648,555,5037,72,ITH,ITH1,4,Provincia Autonoma Bolzano / Bozen,P.A. Bolzano,533050,294472,55.24,1.06
2244,2021-03-11,PAB,1691,830,861,1146,538,7,ITH,ITH1,4,Provincia Autonoma Bolzano / Bozen,P.A. Bolzano,533050,296163,55.56,0.32
2245,2021-02-25,PAB,1498,549,949,1497,1,0,ITH,ITH1,4,Provincia Autonoma Bolzano / Bozen,P.A. Bolzano,533050,297661,55.84,0.28
2246,2021-06-10,PAB,4498,2334,2164,1308,3098,92,ITH,ITH1,4,Provincia Autonoma Bolzano / Bozen,P.A. Bolzano,533050,302159,56.68,0.84
2247,2021-08-13,PAB,2885,1544,1341,1592,1293,0,ITH,ITH1,4,Provincia Autonoma Bolzano / Bozen,P.A. Bolzano,533050,305044,57.23,0.54
2248,2021-04-26,PAB,1549,776,773,1544,5,0,ITH,ITH1,4,Provincia Autonoma Bolzano / Bozen,P.A. Bolzano,533050,306593,57.52,0.29
2249,2021-07-10,PAB,5812,3001,2811,958,4748,106,ITH,ITH1,4,Provincia Autonoma Bolzano / Bozen,P.A. Bolzano,533050,312405,58.61,1.09
2250,2021-02-18,PAB,1838,457,1381,1830,7,1,ITH,ITH1,4,Provincia Autonoma Bolzano / Bozen,P.A. Bolzano,533050,314243,58.95,0.34
2251,2021-07-29,PAB,1339,716,623,716,570,53,ITH,ITH1,4,Provincia Autonoma Bolzano / Bozen,P.A. Bolzano,533050,315582,59.2,0.25
2252,2020-12-30,PAB,389,183,206,389,0,0,ITH,ITH1,4,Provincia Autonoma Bolzano / Bozen,P.A. Bolzano,533050,315971,59.28,0.07
2253,2021-07-01,PAB,4637,2304,2333,1312,3166,159,ITH,ITH1,4,Provincia Autonoma Bolzano / Bozen,P.A. Bolzano,533050,320608,60.15,0.87
2254,2021-03-04,PAB,1718,1008,710,1487,229,2,ITH,ITH1,4,Provincia Autonoma Bolzano / Bozen,P.A. Bolzano,533050,322326,60.47,0.32
2255,2021-07-20,PAB,3133,1730,1403,1404,1524,205,ITH,ITH1,4,Provincia Autonoma Bolzano / Bozen,P.A. Bolzano,533050,325459,61.06,0.59
2256,2021-03-18,PAB,1302,531,771,226,1076,0,ITH,ITH1,4,Provincia Autonoma Bolzano / Bozen,P.A. Bolzano,533050,326761,61.3,0.24
2257,2021-08-22,PAB,277,161,116,21,256,0,ITH,ITH1,4,Provincia Autonoma Bolzano / Bozen,P.A. Bolzano,533050,327038,61.35,0.05
2258,2021-05-14,PAB,5144,2323,2821,2902,2044,198,ITH,ITH1,4,Provincia Autonoma Bolzano / Bozen,P.A. Bolzano,533050,332182,62.32,0.97
2259,2021-03-16,PAB,1290,532,758,124,1166,0,ITH,ITH1,4,Provincia Autonoma Bolzano / Bozen,P.A. Bolzano,533050,333472,62.56,0.24
2260,2021-05-12,PAB,3800,2061,1739,3417,154,229,ITH,ITH1,4,Provincia Autonoma Bolzano / Bozen,P.A. Bolzano,533050,337272,63.27,0.71
2261,2021-02-01,PAB,1463,447,1016,14,1449,0,ITH,ITH1,4,Provincia Autonoma Bolzano / Bozen,P.A. Bolzano,533050,338735,63.55,0.27
2262,2021-06-02,PAB,1468,824,644,978,459,31,ITH,ITH1,4,Provincia Autonoma Bolzano / Bozen,P.A. Bolzano,533050,340203,63.82,0.28
2263,2021-02-08,PAB,2,1,1,1,1,0,ITH,ITH1,4,Provincia Autonoma Bolzano / Bozen,P.A. Bolzano,533050,340205,63.82,0.0
2264,2021-05-19,PAB,3880,1992,1888,1957,1789,134,ITH,ITH1,4,Provincia Autonoma Bolzano / Bozen,P.A. Bolzano,533050,344085,64.55,0.73
2265,2021-01-03,PAB,41,16,25,41,0,0,ITH,ITH1,4,Provincia Autonoma Bolzano / Bozen,P.A. Bolzano,533050,344126,64.56,0.01
2266,2021-04-13,PAB,2399,1134,1265,2392,7,0,ITH,ITH1,4,Provincia Autonoma Bolzano / Bozen,P.A. Bolzano,533050,346525,65.01,0.45
2267,2021-07-26,PAB,1627,939,688,1124,411,92,ITH,ITH1,4,Provincia Autonoma Bolzano / Bozen,P.A. Bolzano,533050,348152,65.31,0.31
2268,2021-02-22,PAB,526,143,383,514,12,0,ITH,ITH1,4,Provincia Autonoma Bolzano / Bozen,P.A. Bolzano,533050,348678,65.41,0.1
2269,2021-03-09,PAB,1194,543,651,1192,2,0,ITH,ITH1,4,Provincia Autonoma Bolzano / Bozen,P.A. Bolzano,533050,349872,65.64,0.22
2270,2021-05-23,PAB,4343,2305,2038,4141,8,194,ITH,ITH1,4,Provincia Autonoma Bolzano / Bozen,P.A. Bolzano,533050,354215,66.45,0.81
2271,2021-07-19,PAB,2781,1394,1387,625,2047,109,ITH,ITH1,4,Provincia Autonoma Bolzano / Bozen,P.A. Bolzano,533050,356996,66.97,0.52
2272,2021-02-03,PAB,1506,479,1027,5,1501,0,ITH,ITH1,4,Provincia Autonoma Bolzano / Bozen,P.A. Bolzano,533050,358502,67.25,0.28
2273,2021-05-26,PAB,5020,2538,2482,2870,1978,172,ITH,ITH1,4,Provincia Autonoma Bolzano / Bozen,P.A. Bolzano,533050,363522,68.2,0.94
2274,2021-08-17,PAB,1242,687,555,853,389,0,ITH,ITH1,4,Provincia Autonoma Bolzano / Bozen,P.A. Bolzano,533050,364764,68.43,0.23
2275,2021-06-14,PAB,2984,1617,1367,577,2361,46,ITH,ITH1,4,Provincia Autonoma Bolzano / Bozen,P.A. Bolzano,533050,367748,68.99,0.56
2276,2021-02-15,PAB,72,42,30,26,46,0,ITH,ITH1,4,Provincia Autonoma Bolzano / Bozen,P.A. Bolzano,533050,367820,69.0,0.01
2277,2021-08-19,PAB,1410,767,643,856,554,0,ITH,ITH1,4,Provincia Autonoma Bolzano / Bozen,P.A. Bolzano,533050,369230,69.27,0.26
2278,2021-05-11,PAB,2853,1337,1516,1261,1523,69,ITH,ITH1,4,Provincia Autonoma Bolzano / Bozen,P.A. Bolzano,533050,372083,69.8,0.54
2279,2021-06-09,PAB,3852,1911,1941,1261,2482,109,ITH,ITH1,4,Provincia Autonoma Bolzano / Bozen,P.A. Bolzano,533050,375935,70.53,0.72
2280,2021-03-01,PAB,924,223,701,923,1,0,ITH,ITH1,4,Provincia Autonoma Bolzano / Bozen,P.A. Bolzano,533050,376859,70.7,0.17
2281,2021-08-05,PAB,3459,1880,1579,1795,1576,88,ITH,ITH1,4,Provincia Autonoma Bolzano / Bozen,P.A. Bolzano,533050,380318,71.35,0.65
2282,2021-03-15,PAB,1194,452,742,711,482,1,ITH,ITH1,4,Provincia Autonoma Bolzano / Bozen,P.A. Bolzano,533050,381512,71.57,0.22
2283,2021-04-27,PAB,2234,1015,1219,1156,1078,0,ITH,ITH1,4,Provincia Autonoma Bolzano / Bozen,P.A. Bolzano,533050,383746,71.99,0.42
2284,2021-01-17,PAB,2329,1044,1285,2318,11,0,ITH,ITH1,4,Provincia Autonoma Bolzano / Bozen,P.A. Bolzano,533050,386075,72.43,0.44
2285,2021-06-23,PAB,1153,595,558,333,768,52,ITH,ITH1,4,Provincia Autonoma Bolzano / Bozen,P.A. Bolzano,533050,387228,72.64,0.22
2286,2021-04-20,PAB,1565,785,780,1562,3,0,ITH,ITH1,4,Provincia Autonoma Bolzano / Bozen,P.A. Bolzano,533050,388793,72.94,0.29
2287,2021-01-10,PAB,2,2,0,2,0,0,ITH,ITH1,4,Provincia Autonoma Bolzano / Bozen,P.A. Bolzano,533050,388795,72.94,0.0
2288,2021-06-16,PAB,3823,2028,1795,11,3807,5,ITH,ITH1,4,Provincia Autonoma Bolzano / Bozen,P.A. Bolzano,533050,392618,73.66,0.72
2289,2021-03-08,PAB,1211,534,677,1184,27,0,ITH,ITH1,4,Provincia Autonoma Bolzano / Bozen,P.A. Bolzano,533050,393829,73.88,0.23
2290,2021-08-12,PAB,3352,1716,1636,647,2705,0,ITH,ITH1,4,Provincia Autonoma Bolzano / Bozen,P.A. Bolzano,533050,397181,74.51,0.63
2291,2021-05-04,PAB,3452,1844,1608,2269,1038,145,ITH,ITH1,4,Provincia Autonoma Bolzano / Bozen,P.A. Bolzano,533050,400633,75.16,0.65
2292,2021-02-06,PAB,2632,1175,1457,19,2613,0,ITH,ITH1,4,Provincia Autonoma Bolzano / Bozen,P.A. Bolzano,533050,403265,75.65,0.49
2293,2021-06-21,PAB,3168,1615,1553,260,2868,40,ITH,ITH1,4,Provincia Autonoma Bolzano / Bozen,P.A. Bolzano,533050,406433,76.25,0.59
2294,2021-03-28,PAB,569,212,357,11,558,0,ITH,ITH1,4,Provincia Autonoma Bolzano / Bozen,P.A. Bolzano,533050,407002,76.35,0.11
2295,2021-08-10,PAB,1839,1009,830,1562,277,0,ITH,ITH1,4,Provincia Autonoma Bolzano / Bozen,P.A. Bolzano,533050,408841,76.7,0.34
2296,2021-07-07,PAB,1992,1033,959,601,1336,55,ITH,ITH1,4,Provincia Autonoma Bolzano / Bozen,P.A. Bolzano,533050,410833,77.07,0.37
2297,2021-02-10,PAB,1637,605,1032,27,1610,0,ITH,ITH1,4,Provincia Autonoma Bolzano / Bozen,P.A. Bolzano,533050,412470,77.38,0.31
2298,2021-05-21,PAB,7391,4063,3328,5225,1878,288,ITH,ITH1,4,Provincia Autonoma Bolzano / Bozen,P.A. Bolzano,533050,419861,78.77,1.39
2299,2021-05-31,PAB,3043,1499,1544,2062,867,114,ITH,ITH1,4,Provincia Autonoma Bolzano / Bozen,P.A. Bolzano,533050,422904,79.34,0.57
2300,2021-01-01,PAB,6,5,1,6,0,0,ITH,ITH1,4,Provincia Autonoma Bolzano / Bozen,P.A. Bolzano,533050,422910,79.34,0.0
2301,2021-06-07,PAB,2984,1552,1432,2524,322,138,ITH,ITH1,4,Provincia Autonoma Bolzano / Bozen,P.A. Bolzano,533050,425894,79.9,0.56
2302,2021-02-27,PAB,2458,759,1699,2448,10,0,ITH,ITH1,4,Provincia Autonoma Bolzano / Bozen,P.A. Bolzano,533050,428352,80.36,0.46
2303,2021-05-16,PAB,2029,935,1094,1285,694,50,ITH,ITH1,4,Provincia Autonoma Bolzano / Bozen,P.A. Bolzano,533050,430381,80.74,0.38
2304,2021-01-18,PAB,1775,688,1087,1770,5,0,ITH,ITH1,4,Provincia Autonoma Bolzano / Bozen,P.A. Bolzano,533050,432156,81.07,0.33
2305,2021-08-15,PAB,614,332,282,281,333,0,ITH,ITH1,4,Provincia Autonoma Bolzano / Bozen,P.A. Bolzano,533050,432770,81.19,0.12
2306,2021-05-07,PAB,4200,2063,2137,3398,528,274,ITH,ITH1,4,Provincia Autonoma Bolzano / Bozen,P.A. Bolzano,533050,436970,81.98,0.79
2307,2021-07-03,PAB,5638,2792,2846,975,4565,98,ITH,ITH1,4,Provincia Autonoma Bolzano / Bozen,P.A. Bolzano,533050,442608,83.03,1.06
2308,2021-05-05,PAB,4161,1948,2213,1827,2118,216,ITH,ITH1,4,Provincia Autonoma Bolzano / Bozen,P.A. Bolzano,533050,446769,83.81,0.78
2309,2021-01-25,PAB,493,187,306,3,490,0,ITH,ITH1,4,Provincia Autonoma Bolzano / Bozen,P.A. Bolzano,533050,447262,83.91,0.09
2310,2021-03-23,PAB,1555,760,795,1554,1,0,ITH,ITH1,4,Provincia Autonoma Bolzano / Bozen,P.A. Bolzano,533050,448817,84.2,0.29
2311,2021-04-01,PAB,2791,1409,1382,2645,146,0,ITH,ITH1,4,Provincia Autonoma Bolzano / Bozen,P.A. Bolzano,533050,451608,84.72,0.52
2312,2021-07-05,PAB,2936,1406,1530,823,1984,129,ITH,ITH1,4,Provincia Autonoma Bolzano / Bozen,P.A. Bolzano,533050,454544,85.27,0.55
2313,2021-05-30,PAB,4793,2531,2262,733,4030,30,ITH,ITH1,4,Provincia Autonoma Bolzano / Bozen,P.A. Bolzano,533050,459337,86.17,0.9
2314,2021-07-12,PAB,3533,1755,1778,252,3243,38,ITH,ITH1,4,Provincia Autonoma Bolzano / Bozen,P.A. Bolzano,533050,462870,86.83,0.66
2315,2021-04-03,PAB,833,366,467,22,811,0,ITH,ITH1,4,Provincia Autonoma Bolzano / Bozen,P.A. Bolzano,533050,463703,86.99,0.16
2316,2021-03-25,PAB,2171,1080,1091,1727,443,1,ITH,ITH1,4,Provincia Autonoma Bolzano / Bozen,P.A. Bolzano,533050,465874,87.4,0.41
2317,2021-01-27,PAB,85,29,56,2,83,0,ITH,ITH1,4,Provincia Autonoma Bolzano / Bozen,P.A. Bolzano,533050,465959,87.41,0.02
2318,2021-07-31,PAB,3166,1719,1447,2112,924,130,ITH,ITH1,4,Provincia Autonoma Bolzano / Bozen,P.A. Bolzano,533050,469125,88.01,0.59
2319,2021-01-29,PAB,1512,517,995,24,1488,0,ITH,ITH1,4,Provincia Autonoma Bolzano / Bozen,P.A. Bolzano,533050,470637,88.29,0.28
2320,2021-04-22,PAB,2938,1511,1427,1996,942,0,ITH,ITH1,4,Provincia Autonoma Bolzano / Bozen,P.A. Bolzano,533050,473575,88.84,0.55
2321,2021-05-09,PAB,4243,2410,1833,2934,1150,159,ITH,ITH1,4,Provincia Autonoma Bolzano / Bozen,P.A. Bolzano,533050,477818,89.64,0.8
2322,2021-03-06,PAB,3974,2081,1893,3763,211,0,ITH,ITH1,4,Provincia Autonoma Bolzano / Bozen,P.A. Bolzano,533050,481792,90.38,0.75
2323,2021-05-28,PAB,7462,3940,3522,5364,1895,203,ITH,ITH1,4,Provincia Autonoma Bolzano / Bozen,P.A. Bolzano,533050,489254,91.78,1.4
2324,2021-02-17,PAB,156,51,105,139,17,0,ITH,ITH1,4,Provincia Autonoma Bolzano / Bozen,P.A. Bolzano,533050,489410,91.81,0.03
2325,2021-06-04,PAB,6695,3371,3324,4924,1537,234,ITH,ITH1,4,Provincia Autonoma Bolzano / Bozen,P.A. Bolzano,533050,496105,93.07,1.26
2326,2021-02-24,PAB,1368,407,961,1356,12,0,ITH,ITH1,4,Provincia Autonoma Bolzano / Bozen,P.A. Bolzano,533050,497473,93.33,0.26
2327,2021-02-13,PAB,318,79,239,312,6,0,ITH,ITH1,4,Provincia Autonoma Bolzano / Bozen,P.A. Bolzano,533050,497791,93.39,0.06
2328,2021-04-11,PAB,2734,1301,1433,2556,178,0,ITH,ITH1,4,Provincia Autonoma Bolzano / Bozen,P.A. Bolzano,533050,500525,93.9,0.51
2329,2021-05-24,PAB,1458,768,690,1059,335,64,ITH,ITH1,4,Provincia Autonoma Bolzano / Bozen,P.A. Bolzano,533050,501983,94.17,0.27
2330,2021-02-20,PAB,1802,540,1262,1784,18,0,ITH,ITH1,4,Provincia Autonoma Bolzano / Bozen,P.A. Bolzano,533050,503785,94.51,0.34
2331,2021-07-27,PAB,3157,1886,1271,908,2181,68,ITH,ITH1,4,Provincia Autonoma Bolzano / Bozen,P.A. Bolzano,533050,506942,95.1,0.59
2332,2021-04-18,PAB,3116,1611,1505,2105,1011,0,ITH,ITH1,4,Provincia Autonoma Bolzano / Bozen,P.A. Bolzano,533050,510058,95.69,0.58
2333,2021-03-27,PAB,3053,1554,1499,1545,1508,0,ITH,ITH1,4,Provincia Autonoma Bolzano / Bozen,P.A. Bolzano,533050,513111,96.26,0.57
2334,2021-03-13,PAB,2886,1460,1426,2785,101,0,ITH,ITH1,4,Provincia Autonoma Bolzano / Bozen,P.A. Bolzano,533050,515997,96.8,0.54
2335,2021-02-05,PAB,3201,1186,2015,8,3193,0,ITH,ITH1,4,Provincia Autonoma Bolzano / Bozen,P.A. Bolzano,533050,519198,97.4,0.6
2336,2021-04-15,PAB,4410,2314,2096,4144,266,0,ITH,ITH1,4,Provincia Autonoma Bolzano / Bozen,P.A. Bolzano,533050,523608,98.23,0.83
2337,2021-01-15,PAB,3285,1230,2055,3285,0,0,ITH,ITH1,4,Provincia Autonoma Bolzano / Bozen,P.A. Bolzano,533050,526893,98.84,0.62
2338,2021-08-14,PAB,2053,1118,935,784,1269,0,ITH,ITH1,4,Provincia Autonoma Bolzano / Bozen,P.A. Bolzano,533050,528946,99.23,0.39
2339,2021-06-18,PAB,4541,2350,2191,1467,2910,164,ITH,ITH1,4,Provincia Autonoma Bolzano / Bozen,P.A. Bolzano,533050,533487,100.08,0.85
2340,2021-01-08,PAB,1537,484,1053,1537,0,0,ITH,ITH1,4,Provincia Autonoma Bolzano / Bozen,P.A. Bolzano,533050,535024,100.37,0.29
2341,2021-08-07,PAB,2356,1344,1012,1693,663,0,ITH,ITH1,4,Provincia Autonoma Bolzano / Bozen,P.A. Bolzano,533050,537380,100.81,0.44
2342,2021-07-24,PAB,4825,2846,1979,1386,3328,111,ITH,ITH1,4,Provincia Autonoma Bolzano / Bozen,P.A. Bolzano,533050,542205,101.72,0.91
2343,2021-05-02,PAB,2453,1284,1169,1431,915,107,ITH,ITH1,4,Provincia Autonoma Bolzano / Bozen,P.A. Bolzano,533050,544658,102.18,0.46
2344,2021-01-22,PAB,248,143,105,124,124,0,ITH,ITH1,4,Provincia Autonoma Bolzano / Bozen,P.A. Bolzano,533050,544906,102.22,0.05
2345,2021-08-20,PAB,3586,1897,1689,691,2895,0,ITH,ITH1,4,Provincia Autonoma Bolzano / Bozen,P.A. Bolzano,533050,548492,102.9,0.67
2346,2021-05-10,PAB,3029,1306,1723,1338,1611,80,ITH,ITH1,4,Provincia Autonoma Bolzano / Bozen,P.A. Bolzano,533050,551521,103.47,0.57
2347,2021-08-01,PAB,1313,757,556,709,550,54,ITH,ITH1,4,Provincia Autonoma Bolzano / Bozen,P.A. Bolzano,533050,552834,103.71,0.25
2348,2021-08-18,PAB,876,459,417,381,495,0,ITH,ITH1,4,Provincia Autonoma Bolzano / Bozen,P.A. Bolzano,533050,553710,103.88,0.16
2349,2021-02-16,PAB,530,205,325,530,0,0,ITH,ITH1,4,Provincia Autonoma Bolzano / Bozen,P.A. Bolzano,533050,554240,103.98,0.1
2350,2021-01-28,PAB,872,309,563,9,863,0,ITH,ITH1,4,Provincia Autonoma Bolzano / Bozen,P.A. Bolzano,533050,555112,104.14,0.16
2351,2021-04-25,PAB,3078,1501,1577,2406,672,0,ITH,ITH1,4,Provincia Autonoma Bolzano / Bozen,P.A. Bolzano,533050,558190,104.72,0.58
2352,2021-08-03,PAB,2933,1575,1358,1974,832,127,ITH,ITH1,4,Provincia Autonoma Bolzano / Bozen,P.A. Bolzano,533050,561123,105.27,0.55
2353,2021-01-13,PAB,1726,569,1157,1726,0,0,ITH,ITH1,4,Provincia Autonoma Bolzano / Bozen,P.A. Bolzano,533050,562849,105.59,0.32
2354,2021-01-30,PAB,498,245,253,4,494,0,ITH,ITH1,4,Provincia Autonoma Bolzano / Bozen,P.A. Bolzano,533050,563347,105.68,0.09
2355,2021-04-23,PAB,4554,2157,2397,3261,1293,0,ITH,ITH1,4,Provincia Autonoma Bolzano / Bozen,P.A. Bolzano,533050,567901,106.54,0.85
2356,2021-01-11,PAB,1591,522,1069,1591,0,0,ITH,ITH1,4,Provincia Autonoma Bolzano / Bozen,P.A. Bolzano,533050,569492,106.84,0.3
2357,2021-07-15,PAB,4390,2316,2074,1512,2701,177,ITH,ITH1,4,Provincia Autonoma Bolzano / Bozen,P.A. Bolzano,533050,573882,107.66,0.82
2358,2021-04-06,PAB,2253,1120,1133,2151,102,0,ITH,ITH1,4,Provincia Autonoma Bolzano / Bozen,P.A. Bolzano,533050,576135,108.08,0.42
2359,2021-07-17,PAB,3147,1801,1346,712,2351,84,ITH,ITH1,4,Provincia Autonoma Bolzano / Bozen,P.A. Bolzano,533050,579282,108.67,0.59
2360,2021-04-08,PAB,2793,1360,1433,2584,204,5,ITH,ITH1,4,Provincia Autonoma Bolzano / Bozen,P.A. Bolzano,533050,582075,109.2,0.52
2361,2020-12-27,PAB,144,65,79,144,0,0,ITH,ITH1,4,Provincia Autonoma Bolzano / Bozen,P.A. Bolzano,533050,582219,109.22,0.03
2362,2021-06-30,PAB,3063,1565,1498,399,2607,57,ITH,ITH1,4,Provincia Autonoma Bolzano / Bozen,P.A. Bolzano,533050,585282,109.8,0.57
2363,2021-06-11,PAB,5838,3003,2835,2136,3486,216,ITH,ITH1,4,Provincia Autonoma Bolzano / Bozen,P.A. Bolzano,533050,591120,110.89,1.1
2364,2021-03-20,PAB,1760,851,909,1135,625,0,ITH,ITH1,4,Provincia Autonoma Bolzano / Bozen,P.A. Bolzano,533050,592880,111.22,0.33
2365,2021-06-28,PAB,4612,2307,2305,217,4371,24,ITH,ITH1,4,Provincia Autonoma Bolzano / Bozen,P.A. Bolzano,533050,597492,112.09,0.87
2366,2021-01-30,FVG,2283,745,1538,270,2013,0,ITH,ITH4,6,Friuli-Venezia Giulia,Friuli Venezia Giulia,1215220,2283,0.19,0.19
2367,2021-07-13,FVG,11065,5702,5363,1166,9749,150,ITH,ITH4,6,Friuli-Venezia Giulia,Friuli Venezia Giulia,1215220,13348,1.1,0.91
2368,2021-06-24,FVG,11098,5660,5438,1896,9097,105,ITH,ITH4,6,Friuli-Venezia Giulia,Friuli Venezia Giulia,1215220,24446,2.01,0.91
2369,2021-03-16,FVG,3189,1300,1889,1024,2083,82,ITH,ITH4,6,Friuli-Venezia Giulia,Friuli Venezia Giulia,1215220,27635,2.27,0.26
2370,2021-08-20,FVG,5943,3356,2587,2423,3263,257,ITH,ITH4,6,Friuli-Venezia Giulia,Friuli Venezia Giulia,1215220,33578,2.76,0.49
2371,2021-05-12,FVG,11175,5170,6005,9346,1424,405,ITH,ITH4,6,Friuli-Venezia Giulia,Friuli Venezia Giulia,1215220,44753,3.68,0.92
2372,2021-08-22,FVG,160,90,70,60,97,3,ITH,ITH4,6,Friuli-Venezia Giulia,Friuli Venezia Giulia,1215220,44913,3.7,0.01
2373,2021-07-20,FVG,9354,4902,4452,2406,6648,300,ITH,ITH4,6,Friuli-Venezia Giulia,Friuli Venezia Giulia,1215220,54267,4.47,0.77
2374,2021-08-03,FVG,9870,5170,4700,4957,4538,375,ITH,ITH4,6,Friuli-Venezia Giulia,Friuli Venezia Giulia,1215220,64137,5.28,0.81
2375,2021-04-11,FVG,3432,1518,1914,2414,906,112,ITH,ITH4,6,Friuli-Venezia Giulia,Friuli Venezia Giulia,1215220,67569,5.56,0.28
2376,2021-06-07,FVG,9212,4775,4437,7846,996,370,ITH,ITH4,6,Friuli-Venezia Giulia,Friuli Venezia Giulia,1215220,76781,6.32,0.76
2377,2021-07-08,FVG,13089,7080,6009,1354,11553,182,ITH,ITH4,6,Friuli-Venezia Giulia,Friuli Venezia Giulia,1215220,89870,7.4,1.08
2378,2021-02-04,FVG,2727,808,1919,35,2692,0,ITH,ITH4,6,Friuli-Venezia Giulia,Friuli Venezia Giulia,1215220,92597,7.62,0.22
2379,2021-08-08,FVG,4235,2301,1934,1829,2311,95,ITH,ITH4,6,Friuli-Venezia Giulia,Friuli Venezia Giulia,1215220,96832,7.97,0.35
2380,2021-04-30,FVG,7405,3266,4139,3574,3659,172,ITH,ITH4,6,Friuli-Venezia Giulia,Friuli Venezia Giulia,1215220,104237,8.58,0.61
2381,2021-05-24,FVG,11460,5545,5915,7525,3636,299,ITH,ITH4,6,Friuli-Venezia Giulia,Friuli Venezia Giulia,1215220,115697,9.52,0.94
2382,2021-02-13,FVG,566,179,387,558,6,2,ITH,ITH4,6,Friuli-Venezia Giulia,Friuli Venezia Giulia,1215220,116263,9.57,0.05
2383,2021-03-02,FVG,4222,1519,2703,2701,1500,21,ITH,ITH4,6,Friuli-Venezia Giulia,Friuli Venezia Giulia,1215220,120485,9.91,0.35
2384,2021-03-04,FVG,3456,1599,1857,2767,661,28,ITH,ITH4,6,Friuli-Venezia Giulia,Friuli Venezia Giulia,1215220,123941,10.2,0.28
2385,2021-06-12,FVG,8219,4711,3508,6798,1161,260,ITH,ITH4,6,Friuli-Venezia Giulia,Friuli Venezia Giulia,1215220,132160,10.88,0.68
2386,2021-03-28,FVG,4944,2355,2589,4690,158,96,ITH,ITH4,6,Friuli-Venezia Giulia,Friuli Venezia Giulia,1215220,137104,11.28,0.41
2387,2021-01-18,FVG,1962,606,1356,1868,94,0,ITH,ITH4,6,Friuli-Venezia Giulia,Friuli Venezia Giulia,1215220,139066,11.44,0.16
2388,2021-01-04,FVG,1507,558,949,1507,0,0,ITH,ITH4,6,Friuli-Venezia Giulia,Friuli Venezia Giulia,1215220,140573,11.57,0.12
2389,2021-04-28,FVG,7328,3236,4092,3686,3507,135,ITH,ITH4,6,Friuli-Venezia Giulia,Friuli Venezia Giulia,1215220,147901,12.17,0.6
2390,2021-01-23,FVG,815,323,492,4,811,0,ITH,ITH4,6,Friuli-Venezia Giulia,Friuli Venezia Giulia,1215220,148716,12.24,0.07
2391,2021-02-18,FVG,3224,1498,1726,2798,408,18,ITH,ITH4,6,Friuli-Venezia Giulia,Friuli Venezia Giulia,1215220,151940,12.5,0.27
2392,2021-04-02,FVG,6601,2931,3670,4633,1840,128,ITH,ITH4,6,Friuli-Venezia Giulia,Friuli Venezia Giulia,1215220,158541,13.05,0.54
2393,2021-04-16,FVG,6973,3031,3942,4912,1927,134,ITH,ITH4,6,Friuli-Venezia Giulia,Friuli Venezia Giulia,1215220,165514,13.62,0.57
2394,2021-06-26,FVG,10353,5274,5079,4163,6166,24,ITH,ITH4,6,Friuli-Venezia Giulia,Friuli Venezia Giulia,1215220,175867,14.47,0.85
2395,2021-04-21,FVG,7779,3469,4310,4015,3683,81,ITH,ITH4,6,Friuli-Venezia Giulia,Friuli Venezia Giulia,1215220,183646,15.11,0.64
2396,2021-01-11,FVG,1885,608,1277,1884,0,1,ITH,ITH4,6,Friuli-Venezia Giulia,Friuli Venezia Giulia,1215220,185531,15.27,0.16
2397,2021-07-15,FVG,10074,5132,4942,941,8890,243,ITH,ITH4,6,Friuli-Venezia Giulia,Friuli Venezia Giulia,1215220,195605,16.1,0.83
2398,2021-04-23,FVG,7493,3387,4106,3483,3873,137,ITH,ITH4,6,Friuli-Venezia Giulia,Friuli Venezia Giulia,1215220,203098,16.71,0.62
2399,2021-08-01,FVG,3470,1864,1606,1347,1870,253,ITH,ITH4,6,Friuli-Venezia Giulia,Friuli Venezia Giulia,1215220,206568,17.0,0.29
2400,2021-05-19,FVG,12107,5971,6136,9317,2359,431,ITH,ITH4,6,Friuli-Venezia Giulia,Friuli Venezia Giulia,1215220,218675,17.99,1.0
2401,2021-03-14,FVG,1401,553,848,1123,252,26,ITH,ITH4,6,Friuli-Venezia Giulia,Friuli Venezia Giulia,1215220,220076,18.11,0.12
2402,2021-04-08,FVG,7468,3234,4234,5406,1930,132,ITH,ITH4,6,Friuli-Venezia Giulia,Friuli Venezia Giulia,1215220,227544,18.72,0.61
2403,2021-05-31,FVG,8949,4441,4508,6477,2223,249,ITH,ITH4,6,Friuli-Venezia Giulia,Friuli Venezia Giulia,1215220,236493,19.46,0.74
2404,2021-07-27,FVG,9377,4712,4665,2514,6627,236,ITH,ITH4,6,Friuli-Venezia Giulia,Friuli Venezia Giulia,1215220,245870,20.23,0.77
2405,2021-02-27,FVG,3535,1202,2333,3517,1,17,ITH,ITH4,6,Friuli-Venezia Giulia,Friuli Venezia Giulia,1215220,249405,20.52,0.29
2406,2021-04-25,FVG,2381,992,1389,2187,13,181,ITH,ITH4,6,Friuli-Venezia Giulia,Friuli Venezia Giulia,1215220,251786,20.72,0.2
2407,2021-03-21,FVG,2675,1002,1673,2215,410,50,ITH,ITH4,6,Friuli-Venezia Giulia,Friuli Venezia Giulia,1215220,254461,20.94,0.22
2408,2021-01-27,FVG,1272,426,846,449,821,2,ITH,ITH4,6,Friuli-Venezia Giulia,Friuli Venezia Giulia,1215220,255733,21.04,0.1
2409,2021-05-07,FVG,10905,4991,5914,7177,3537,191,ITH,ITH4,6,Friuli-Venezia Giulia,Friuli Venezia Giulia,1215220,266638,21.94,0.9
2410,2021-06-19,FVG,8557,4458,4099,1345,7147,65,ITH,ITH4,6,Friuli-Venezia Giulia,Friuli Venezia Giulia,1215220,275195,22.65,0.7
2411,2021-03-11,FVG,3482,1519,1963,1713,1754,15,ITH,ITH4,6,Friuli-Venezia Giulia,Friuli Venezia Giulia,1215220,278677,22.93,0.29
2412,2021-02-06,FVG,1155,339,816,21,1133,1,ITH,ITH4,6,Friuli-Venezia Giulia,Friuli Venezia Giulia,1215220,279832,23.03,0.1
2413,2021-02-23,FVG,2646,1278,1368,2458,181,7,ITH,ITH4,6,Friuli-Venezia Giulia,Friuli Venezia Giulia,1215220,282478,23.25,0.22
2414,2021-05-17,FVG,8839,4106,4733,6082,2493,264,ITH,ITH4,6,Friuli-Venezia Giulia,Friuli Venezia Giulia,1215220,291317,23.97,0.73
2415,2021-03-09,FVG,4020,1727,2293,1241,2755,24,ITH,ITH4,6,Friuli-Venezia Giulia,Friuli Venezia Giulia,1215220,295337,24.3,0.33
2416,2021-01-06,FVG,716,265,451,716,0,0,ITH,ITH4,6,Friuli-Venezia Giulia,Friuli Venezia Giulia,1215220,296053,24.36,0.06
2417,2021-02-11,FVG,1932,664,1268,1736,193,3,ITH,ITH4,6,Friuli-Venezia Giulia,Friuli Venezia Giulia,1215220,297985,24.52,0.16
2418,2021-04-09,FVG,7933,3665,4268,6506,1255,172,ITH,ITH4,6,Friuli-Venezia Giulia,Friuli Venezia Giulia,1215220,305918,25.17,0.65
2419,2021-05-05,FVG,9795,4277,5518,6078,3476,241,ITH,ITH4,6,Friuli-Venezia Giulia,Friuli Venezia Giulia,1215220,315713,25.98,0.81
2420,2021-01-25,FVG,1587,568,1019,195,1392,0,ITH,ITH4,6,Friuli-Venezia Giulia,Friuli Venezia Giulia,1215220,317300,26.11,0.13
2421,2021-07-01,FVG,12369,6435,5934,2634,9481,254,ITH,ITH4,6,Friuli-Venezia Giulia,Friuli Venezia Giulia,1215220,329669,27.13,1.02
2422,2021-03-23,FVG,3901,1691,2210,1739,2144,18,ITH,ITH4,6,Friuli-Venezia Giulia,Friuli Venezia Giulia,1215220,333570,27.45,0.32
2423,2021-01-16,FVG,1232,362,870,1232,0,0,ITH,ITH4,6,Friuli-Venezia Giulia,Friuli Venezia Giulia,1215220,334802,27.55,0.1
2424,2021-07-03,FVG,11416,6089,5327,1093,10175,148,ITH,ITH4,6,Friuli-Venezia Giulia,Friuli Venezia Giulia,1215220,346218,28.49,0.94
2425,2021-03-25,FVG,5539,2428,3111,3330,2139,70,ITH,ITH4,6,Friuli-Venezia Giulia,Friuli Venezia Giulia,1215220,351757,28.95,0.46
2426,2021-06-09,FVG,11344,5970,5374,9490,1395,459,ITH,ITH4,6,Friuli-Venezia Giulia,Friuli Venezia Giulia,1215220,363101,29.88,0.93
2427,2021-03-01,FVG,2967,1044,1923,2891,53,23,ITH,ITH4,6,Friuli-Venezia Giulia,Friuli Venezia Giulia,1215220,366068,30.12,0.24
2428,2021-03-18,FVG,3377,1424,1953,1683,1686,8,ITH,ITH4,6,Friuli-Venezia Giulia,Friuli Venezia Giulia,1215220,369445,30.4,0.28
2429,2021-01-15,FVG,2020,605,1415,2019,0,1,ITH,ITH4,6,Friuli-Venezia Giulia,Friuli Venezia Giulia,1215220,371465,30.57,0.17
2430,2021-04-18,FVG,6053,2811,3242,5419,407,227,ITH,ITH4,6,Friuli-Venezia Giulia,Friuli Venezia Giulia,1215220,377518,31.07,0.5
2431,2021-01-08,FVG,2323,747,1576,2323,0,0,ITH,ITH4,6,Friuli-Venezia Giulia,Friuli Venezia Giulia,1215220,379841,31.26,0.19
2432,2021-04-13,FVG,7383,3295,4088,5649,1607,127,ITH,ITH4,6,Friuli-Venezia Giulia,Friuli Venezia Giulia,1215220,387224,31.86,0.61
2433,2021-01-03,FVG,313,123,190,313,0,0,ITH,ITH4,6,Friuli-Venezia Giulia,Friuli Venezia Giulia,1215220,387537,31.89,0.03
2434,2021-07-22,FVG,7663,4052,3611,3213,4143,307,ITH,ITH4,6,Friuli-Venezia Giulia,Friuli Venezia Giulia,1215220,395200,32.52,0.63
2435,2021-01-20,FVG,748,320,428,13,735,0,ITH,ITH4,6,Friuli-Venezia Giulia,Friuli Venezia Giulia,1215220,395948,32.58,0.06
2436,2021-06-04,FVG,12142,6223,5919,10296,1447,399,ITH,ITH4,6,Friuli-Venezia Giulia,Friuli Venezia Giulia,1215220,408090,33.58,1.0
2437,2021-07-05,FVG,9542,4847,4695,1311,8088,143,ITH,ITH4,6,Friuli-Venezia Giulia,Friuli Venezia Giulia,1215220,417632,34.37,0.79
2438,2021-06-21,FVG,9209,4499,4710,1823,7249,137,ITH,ITH4,6,Friuli-Venezia Giulia,Friuli Venezia Giulia,1215220,426841,35.12,0.76
2439,2021-03-13,FVG,2946,1125,1821,1659,1274,13,ITH,ITH4,6,Friuli-Venezia Giulia,Friuli Venezia Giulia,1215220,429787,35.37,0.24
2440,2021-07-24,FVG,6123,3302,2821,2879,3070,174,ITH,ITH4,6,Friuli-Venezia Giulia,Friuli Venezia Giulia,1215220,435910,35.87,0.5
2441,2021-08-10,FVG,7105,3953,3152,5085,1644,376,ITH,ITH4,6,Friuli-Venezia Giulia,Friuli Venezia Giulia,1215220,443015,36.46,0.58
2442,2021-05-02,FVG,6905,3251,3654,3803,2961,141,ITH,ITH4,6,Friuli-Venezia Giulia,Friuli Venezia Giulia,1215220,449920,37.02,0.57
2443,2021-05-16,FVG,10020,4796,5224,8371,1405,244,ITH,ITH4,6,Friuli-Venezia Giulia,Friuli Venezia Giulia,1215220,459940,37.85,0.82
2444,2021-05-21,FVG,11239,5028,6211,7908,2989,342,ITH,ITH4,6,Friuli-Venezia Giulia,Friuli Venezia Giulia,1215220,471179,38.77,0.92
2445,2021-02-10,FVG,1350,496,854,1264,86,0,ITH,ITH4,6,Friuli-Venezia Giulia,Friuli Venezia Giulia,1215220,472529,38.88,0.11
2446,2021-07-17,FVG,7361,3951,3410,607,6670,84,ITH,ITH4,6,Friuli-Venezia Giulia,Friuli Venezia Giulia,1215220,479890,39.49,0.61
2447,2021-02-01,FVG,2104,690,1414,17,2087,0,ITH,ITH4,6,Friuli-Venezia Giulia,Friuli Venezia Giulia,1215220,481994,39.66,0.17
2448,2021-05-14,FVG,10828,5386,5442,7928,2605,295,ITH,ITH4,6,Friuli-Venezia Giulia,Friuli Venezia Giulia,1215220,492822,40.55,0.89
2449,2021-02-03,FVG,2649,792,1857,22,2626,1,ITH,ITH4,6,Friuli-Venezia Giulia,Friuli Venezia Giulia,1215220,495471,40.77,0.22
2450,2020-12-30,FVG,626,244,382,626,0,0,ITH,ITH4,6,Friuli-Venezia Giulia,Friuli Venezia Giulia,1215220,496097,40.82,0.05
2451,2021-06-05,FVG,10331,5339,4992,8407,1551,373,ITH,ITH4,6,Friuli-Venezia Giulia,Friuli Venezia Giulia,1215220,506428,41.67,0.85
2452,2021-02-25,FVG,3174,1656,1518,3114,29,31,ITH,ITH4,6,Friuli-Venezia Giulia,Friuli Venezia Giulia,1215220,509602,41.93,0.26
2453,2021-06-16,FVG,12190,5914,6276,3900,8031,259,ITH,ITH4,6,Friuli-Venezia Giulia,Friuli Venezia Giulia,1215220,521792,42.94,1.0
2454,2021-08-12,FVG,7769,4149,3620,4983,2485,301,ITH,ITH4,6,Friuli-Venezia Giulia,Friuli Venezia Giulia,1215220,529561,43.58,0.64
2455,2021-06-23,FVG,12085,5847,6238,1996,9948,141,ITH,ITH4,6,Friuli-Venezia Giulia,Friuli Venezia Giulia,1215220,541646,44.57,0.99
2456,2021-03-30,FVG,7548,3381,4167,6267,1151,130,ITH,ITH4,6,Friuli-Venezia Giulia,Friuli Venezia Giulia,1215220,549194,45.19,0.62
2457,2021-07-10,FVG,8794,4536,4258,141,8627,26,ITH,ITH4,6,Friuli-Venezia Giulia,Friuli Venezia Giulia,1215220,557988,45.92,0.72
2458,2021-04-01,FVG,6427,3069,3358,5322,1017,88,ITH,ITH4,6,Friuli-Venezia Giulia,Friuli Venezia Giulia,1215220,564415,46.45,0.53
2459,2021-05-28,FVG,10645,5099,5546,6230,4135,280,ITH,ITH4,6,Friuli-Venezia Giulia,Friuli Venezia Giulia,1215220,575060,47.32,0.88
2460,2021-07-12,FVG,10017,5142,4875,1101,8760,156,ITH,ITH4,6,Friuli-Venezia Giulia,Friuli Venezia Giulia,1215220,585077,48.15,0.82
2461,2021-02-19,FVG,3265,1296,1969,2823,427,15,ITH,ITH4,6,Friuli-Venezia Giulia,Friuli Venezia Giulia,1215220,588342,48.41,0.27
2462,2021-06-14,FVG,10302,4999,5303,5183,4832,287,ITH,ITH4,6,Friuli-Venezia Giulia,Friuli Venezia Giulia,1215220,598644,49.26,0.85
2463,2021-02-20,FVG,2076,939,1137,1929,144,3,ITH,ITH4,6,Friuli-Venezia Giulia,Friuli Venezia Giulia,1215220,600720,49.43,0.17
2464,2021-01-22,FVG,89,29,60,0,89,0,ITH,ITH4,6,Friuli-Venezia Giulia,Friuli Venezia Giulia,1215220,600809,49.44,0.01
2465,2021-03-06,FVG,3500,1196,2304,3143,325,32,ITH,ITH4,6,Friuli-Venezia Giulia,Friuli Venezia Giulia,1215220,604309,49.73,0.29
2466,2021-08-14,FVG,183,132,51,165,4,14,ITH,ITH4,6,Friuli-Venezia Giulia,Friuli Venezia Giulia,1215220,604492,49.74,0.02
2467,2021-06-18,FVG,10959,5411,5548,3398,7304,257,ITH,ITH4,6,Friuli-Venezia Giulia,Friuli Venezia Giulia,1215220,615451,50.65,0.9
2468,2021-03-10,FVG,3598,1706,1892,1745,1796,57,ITH,ITH4,6,Friuli-Venezia Giulia,Friuli Venezia Giulia,1215220,619049,50.94,0.3
2469,2021-02-24,FVG,2531,1093,1438,2502,18,11,ITH,ITH4,6,Friuli-Venezia Giulia,Friuli Venezia Giulia,1215220,621580,51.15,0.21
2470,2021-03-27,FVG,5381,2921,2460,3922,1411,48,ITH,ITH4,6,Friuli-Venezia Giulia,Friuli Venezia Giulia,1215220,626961,51.59,0.44
2471,2021-02-08,FVG,2358,694,1664,90,2267,1,ITH,ITH4,6,Friuli-Venezia Giulia,Friuli Venezia Giulia,1215220,629319,51.79,0.19
2472,2021-06-13,FVG,8699,4529,4170,5190,3329,180,ITH,ITH4,6,Friuli-Venezia Giulia,Friuli Venezia Giulia,1215220,638018,52.5,0.72
2473,2021-07-26,FVG,8517,4247,4270,1746,6557,214,ITH,ITH4,6,Friuli-Venezia Giulia,Friuli Venezia Giulia,1215220,646535,53.2,0.7
2474,2021-04-17,FVG,7464,3239,4225,5817,1484,163,ITH,ITH4,6,Friuli-Venezia Giulia,Friuli Venezia Giulia,1215220,653999,53.82,0.61
2475,2021-05-06,FVG,11958,5554,6404,7709,3975,274,ITH,ITH4,6,Friuli-Venezia Giulia,Friuli Venezia Giulia,1215220,665957,54.8,0.98
2476,2021-07-02,FVG,11108,5740,5368,2113,8803,192,ITH,ITH4,6,Friuli-Venezia Giulia,Friuli Venezia Giulia,1215220,677065,55.72,0.91
2477,2021-06-25,FVG,10979,5522,5457,2406,8550,23,ITH,ITH4,6,Friuli-Venezia Giulia,Friuli Venezia Giulia,1215220,688044,56.62,0.9
2478,2021-07-09,FVG,11933,6337,5596,2113,9532,288,ITH,ITH4,6,Friuli-Venezia Giulia,Friuli Venezia Giulia,1215220,699977,57.6,0.98
2479,2021-06-28,FVG,9911,4995,4916,2173,7706,32,ITH,ITH4,6,Friuli-Venezia Giulia,Friuli Venezia Giulia,1215220,709888,58.42,0.82
2480,2021-03-20,FVG,3407,1412,1995,1300,2093,14,ITH,ITH4,6,Friuli-Venezia Giulia,Friuli Venezia Giulia,1215220,713295,58.7,0.28
2481,2021-01-13,FVG,2651,835,1816,2650,0,1,ITH,ITH4,6,Friuli-Venezia Giulia,Friuli Venezia Giulia,1215220,715946,58.91,0.22
2482,2021-04-06,FVG,6685,3139,3546,5426,1154,105,ITH,ITH4,6,Friuli-Venezia Giulia,Friuli Venezia Giulia,1215220,722631,59.47,0.55
2483,2020-12-27,FVG,262,149,113,261,0,1,ITH,ITH4,6,Friuli-Venezia Giulia,Friuli Venezia Giulia,1215220,722893,59.49,0.02
2484,2021-08-19,FVG,4736,2536,2200,1581,2998,157,ITH,ITH4,6,Friuli-Venezia Giulia,Friuli Venezia Giulia,1215220,727629,59.88,0.39
2485,2021-08-05,FVG,6916,3553,3363,3012,3688,216,ITH,ITH4,6,Friuli-Venezia Giulia,Friuli Venezia Giulia,1215220,734545,60.45,0.57
2486,2021-04-27,FVG,8145,3742,4403,3550,4494,101,ITH,ITH4,6,Friuli-Venezia Giulia,Friuli Venezia Giulia,1215220,742690,61.12,0.67
2487,2021-05-04,FVG,9606,4334,5272,5994,3386,226,ITH,ITH4,6,Friuli-Venezia Giulia,Friuli Venezia Giulia,1215220,752296,61.91,0.79
2488,2021-01-24,FVG,306,120,186,1,305,0,ITH,ITH4,6,Friuli-Venezia Giulia,Friuli Venezia Giulia,1215220,752602,61.93,0.03
2489,2021-06-30,FVG,13186,6712,6474,1381,11632,173,ITH,ITH4,6,Friuli-Venezia Giulia,Friuli Venezia Giulia,1215220,765788,63.02,1.09
2490,2021-03-08,FVG,4132,1646,2486,2027,2090,15,ITH,ITH4,6,Friuli-Venezia Giulia,Friuli Venezia Giulia,1215220,769920,63.36,0.34
2491,2021-04-24,FVG,6687,2951,3736,5206,1245,236,ITH,ITH4,6,Friuli-Venezia Giulia,Friuli Venezia Giulia,1215220,776607,63.91,0.55
2492,2021-06-06,FVG,9495,4631,4864,7650,1566,279,ITH,ITH4,6,Friuli-Venezia Giulia,Friuli Venezia Giulia,1215220,786102,64.69,0.78
2493,2021-02-26,FVG,3745,2102,1643,3564,148,33,ITH,ITH4,6,Friuli-Venezia Giulia,Friuli Venezia Giulia,1215220,789847,65.0,0.31
2494,2021-02-17,FVG,2361,1003,1358,1874,485,2,ITH,ITH4,6,Friuli-Venezia Giulia,Friuli Venezia Giulia,1215220,792208,65.19,0.19
2495,2021-04-15,FVG,6519,2880,3639,5090,1274,155,ITH,ITH4,6,Friuli-Venezia Giulia,Friuli Venezia Giulia,1215220,798727,65.73,0.54
2496,2021-04-29,FVG,6795,2992,3803,4015,2595,185,ITH,ITH4,6,Friuli-Venezia Giulia,Friuli Venezia Giulia,1215220,805522,66.29,0.56
2497,2021-01-05,FVG,1678,551,1127,1676,0,2,ITH,ITH4,6,Friuli-Venezia Giulia,Friuli Venezia Giulia,1215220,807200,66.42,0.14
2498,2021-08-07,FVG,4646,2499,2147,2585,1930,131,ITH,ITH4,6,Friuli-Venezia Giulia,Friuli Venezia Giulia,1215220,811846,66.81,0.38
2499,2021-02-05,FVG,2613,785,1828,89,2524,0,ITH,ITH4,6,Friuli-Venezia Giulia,Friuli Venezia Giulia,1215220,814459,67.02,0.22
2500,2021-04-14,FVG,7249,3134,4115,5408,1716,125,ITH,ITH4,6,Friuli-Venezia Giulia,Friuli Venezia Giulia,1215220,821708,67.62,0.6
2501,2021-07-06,FVG,11217,5854,5363,1353,9753,111,ITH,ITH4,6,Friuli-Venezia Giulia,Friuli Venezia Giulia,1215220,832925,68.54,0.92
2502,2021-07-23,FVG,9019,4623,4396,3018,5573,428,ITH,ITH4,6,Friuli-Venezia Giulia,Friuli Venezia Giulia,1215220,841944,69.28,0.74
2503,2021-06-03,FVG,12450,6752,5698,9916,2123,411,ITH,ITH4,6,Friuli-Venezia Giulia,Friuli Venezia Giulia,1215220,854394,70.31,1.02
2504,2021-01-19,FVG,6,2,4,6,0,0,ITH,ITH4,6,Friuli-Venezia Giulia,Friuli Venezia Giulia,1215220,854400,70.31,0.0
2505,2021-05-30,FVG,11069,4996,6073,7235,3588,246,ITH,ITH4,6,Friuli-Venezia Giulia,Friuli Venezia Giulia,1215220,865469,71.22,0.91
2506,2021-08-06,FVG,6394,3351,3043,2282,3930,182,ITH,ITH4,6,Friuli-Venezia Giulia,Friuli Venezia Giulia,1215220,871863,71.75,0.53
2507,2021-02-12,FVG,1195,428,767,1142,49,4,ITH,ITH4,6,Friuli-Venezia Giulia,Friuli Venezia Giulia,1215220,873058,71.84,0.1
2508,2021-05-25,FVG,12942,6397,6545,9284,3317,341,ITH,ITH4,6,Friuli-Venezia Giulia,Friuli Venezia Giulia,1215220,886000,72.91,1.06
2509,2021-08-16,FVG,4705,2524,2181,2580,1869,256,ITH,ITH4,6,Friuli-Venezia Giulia,Friuli Venezia Giulia,1215220,890705,73.3,0.39
2510,2021-06-11,FVG,10923,5955,4968,9637,838,448,ITH,ITH4,6,Friuli-Venezia Giulia,Friuli Venezia Giulia,1215220,901628,74.19,0.9
2511,2021-03-03,FVG,3650,1638,2012,2344,1277,29,ITH,ITH4,6,Friuli-Venezia Giulia,Friuli Venezia Giulia,1215220,905278,74.49,0.3
2512,2021-05-27,FVG,12847,6153,6694,7389,5236,222,ITH,ITH4,6,Friuli-Venezia Giulia,Friuli Venezia Giulia,1215220,918125,75.55,1.06
2513,2021-03-17,FVG,3239,1269,1970,736,2493,10,ITH,ITH4,6,Friuli-Venezia Giulia,Friuli Venezia Giulia,1215220,921364,75.82,0.27
2514,2021-08-21,FVG,2130,1141,989,260,1828,42,ITH,ITH4,6,Friuli-Venezia Giulia,Friuli Venezia Giulia,1215220,923494,75.99,0.18
2515,2021-05-13,FVG,11203,5412,5791,8740,2073,390,ITH,ITH4,6,Friuli-Venezia Giulia,Friuli Venezia Giulia,1215220,934697,76.92,0.92
2516,2021-02-16,FVG,2517,1135,1382,2397,116,4,ITH,ITH4,6,Friuli-Venezia Giulia,Friuli Venezia Giulia,1215220,937214,77.12,0.21
2517,2021-03-24,FVG,3982,1723,2259,2462,1483,37,ITH,ITH4,6,Friuli-Venezia Giulia,Friuli Venezia Giulia,1215220,941196,77.45,0.33
2518,2021-05-20,FVG,12722,6328,6394,9795,2526,401,ITH,ITH4,6,Friuli-Venezia Giulia,Friuli Venezia Giulia,1215220,953918,78.5,1.05
2519,2021-01-26,FVG,1978,648,1330,216,1761,1,ITH,ITH4,6,Friuli-Venezia Giulia,Friuli Venezia Giulia,1215220,955896,78.66,0.16
2520,2021-02-09,FVG,1842,555,1287,1555,286,1,ITH,ITH4,6,Friuli-Venezia Giulia,Friuli Venezia Giulia,1215220,957738,78.81,0.15
2521,2021-02-22,FVG,2490,1197,1293,2067,418,5,ITH,ITH4,6,Friuli-Venezia Giulia,Friuli Venezia Giulia,1215220,960228,79.02,0.2
2522,2021-06-02,FVG,9426,4959,4467,8834,282,310,ITH,ITH4,6,Friuli-Venezia Giulia,Friuli Venezia Giulia,1215220,969654,79.79,0.78
2523,2021-08-09,FVG,7783,4165,3618,2322,5274,187,ITH,ITH4,6,Friuli-Venezia Giulia,Friuli Venezia Giulia,1215220,977437,80.43,0.64
2524,2021-02-07,FVG,1567,482,1085,384,1182,1,ITH,ITH4,6,Friuli-Venezia Giulia,Friuli Venezia Giulia,1215220,979004,80.56,0.13
2525,2021-05-18,FVG,10849,5426,5423,8397,2091,361,ITH,ITH4,6,Friuli-Venezia Giulia,Friuli Venezia Giulia,1215220,989853,81.45,0.89
2526,2021-06-01,FVG,10128,5124,5004,7702,2125,301,ITH,ITH4,6,Friuli-Venezia Giulia,Friuli Venezia Giulia,1215220,999981,82.29,0.83
2527,2021-06-20,FVG,6518,3231,3287,1490,4937,91,ITH,ITH4,6,Friuli-Venezia Giulia,Friuli Venezia Giulia,1215220,1006499,82.82,0.54
2528,2021-03-29,FVG,7034,3131,3903,5371,1588,75,ITH,ITH4,6,Friuli-Venezia Giulia,Friuli Venezia Giulia,1215220,1013533,83.4,0.58
2529,2021-07-07,FVG,11309,5793,5516,1448,9735,126,ITH,ITH4,6,Friuli-Venezia Giulia,Friuli Venezia Giulia,1215220,1024842,84.33,0.93
2530,2021-08-11,FVG,7781,4111,3670,5075,2367,339,ITH,ITH4,6,Friuli-Venezia Giulia,Friuli Venezia Giulia,1215220,1032623,84.97,0.64
2531,2021-05-03,FVG,7249,3298,3951,3346,3788,115,ITH,ITH4,6,Friuli-Venezia Giulia,Friuli Venezia Giulia,1215220,1039872,85.57,0.6
2532,2021-01-14,FVG,2587,791,1796,2584,0,3,ITH,ITH4,6,Friuli-Venezia Giulia,Friuli Venezia Giulia,1215220,1042459,85.78,0.21
2533,2021-08-13,FVG,3775,2116,1659,2612,960,203,ITH,ITH4,6,Friuli-Venezia Giulia,Friuli Venezia Giulia,1215220,1046234,86.09,0.31
2534,2021-06-08,FVG,10514,5501,5013,9642,465,407,ITH,ITH4,6,Friuli-Venezia Giulia,Friuli Venezia Giulia,1215220,1056748,86.96,0.87
2535,2021-02-28,FVG,2691,1005,1686,2268,394,29,ITH,ITH4,6,Friuli-Venezia Giulia,Friuli Venezia Giulia,1215220,1059439,87.18,0.22
2536,2021-08-04,FVG,9062,4667,4395,4378,4371,313,ITH,ITH4,6,Friuli-Venezia Giulia,Friuli Venezia Giulia,1215220,1068501,87.93,0.75
2537,2021-03-22,FVG,3667,1453,2214,1671,1957,39,ITH,ITH4,6,Friuli-Venezia Giulia,Friuli Venezia Giulia,1215220,1072168,88.23,0.3
2538,2021-01-17,FVG,1715,522,1193,1713,0,2,ITH,ITH4,6,Friuli-Venezia Giulia,Friuli Venezia Giulia,1215220,1073883,88.37,0.14
2539,2021-03-15,FVG,3956,1811,2145,1609,2324,23,ITH,ITH4,6,Friuli-Venezia Giulia,Friuli Venezia Giulia,1215220,1077839,88.69,0.33
2540,2021-04-26,FVG,5474,2455,3019,3703,1651,120,ITH,ITH4,6,Friuli-Venezia Giulia,Friuli Venezia Giulia,1215220,1083313,89.15,0.45
2541,2021-07-28,FVG,10404,5299,5105,3905,6027,472,ITH,ITH4,6,Friuli-Venezia Giulia,Friuli Venezia Giulia,1215220,1093717,90.0,0.86
2542,2021-07-19,FVG,9424,4926,4498,846,8424,154,ITH,ITH4,6,Friuli-Venezia Giulia,Friuli Venezia Giulia,1215220,1103141,90.78,0.78
2543,2021-04-10,FVG,5057,2215,2842,3751,1229,77,ITH,ITH4,6,Friuli-Venezia Giulia,Friuli Venezia Giulia,1215220,1108198,91.19,0.42
2544,2021-05-23,FVG,10285,4862,5423,5918,4155,212,ITH,ITH4,6,Friuli-Venezia Giulia,Friuli Venezia Giulia,1215220,1118483,92.04,0.85
2545,2021-02-02,FVG,2472,808,1664,218,2254,0,ITH,ITH4,6,Friuli-Venezia Giulia,Friuli Venezia Giulia,1215220,1120955,92.24,0.2
2546,2021-03-31,FVG,8145,3573,4572,7171,850,124,ITH,ITH4,6,Friuli-Venezia Giulia,Friuli Venezia Giulia,1215220,1129100,92.91,0.67
2547,2021-01-07,FVG,2102,722,1380,2102,0,0,ITH,ITH4,6,Friuli-Venezia Giulia,Friuli Venezia Giulia,1215220,1131202,93.09,0.17
2548,2021-03-05,FVG,3828,1543,2285,2719,1078,31,ITH,ITH4,6,Friuli-Venezia Giulia,Friuli Venezia Giulia,1215220,1135030,93.4,0.32
2549,2021-04-19,FVG,6728,3140,3588,3213,3423,92,ITH,ITH4,6,Friuli-Venezia Giulia,Friuli Venezia Giulia,1215220,1141758,93.95,0.55
2550,2021-01-09,FVG,2515,841,1674,2514,0,1,ITH,ITH4,6,Friuli-Venezia Giulia,Friuli Venezia Giulia,1215220,1144273,94.16,0.21
2551,2021-06-15,FVG,12155,6183,5972,5350,6536,269,ITH,ITH4,6,Friuli-Venezia Giulia,Friuli Venezia Giulia,1215220,1156428,95.16,1.0
2552,2021-03-07,FVG,2552,935,1617,2493,1,58,ITH,ITH4,6,Friuli-Venezia Giulia,Friuli Venezia Giulia,1215220,1158980,95.37,0.21
2553,2020-12-31,FVG,1048,381,667,1047,0,1,ITH,ITH4,6,Friuli-Venezia Giulia,Friuli Venezia Giulia,1215220,1160028,95.46,0.09
2554,2021-06-17,FVG,11430,5781,5649,2286,9038,106,ITH,ITH4,6,Friuli-Venezia Giulia,Friuli Venezia Giulia,1215220,1171458,96.4,0.94
2555,2021-07-30,FVG,8955,4656,4299,2667,6016,272,ITH,ITH4,6,Friuli-Venezia Giulia,Friuli Venezia Giulia,1215220,1180413,97.14,0.74
2556,2021-01-28,FVG,2246,795,1451,355,1891,0,ITH,ITH4,6,Friuli-Venezia Giulia,Friuli Venezia Giulia,1215220,1182659,97.32,0.18
2557,2021-05-08,FVG,10331,4671,5660,5359,4788,184,ITH,ITH4,6,Friuli-Venezia Giulia,Friuli Venezia Giulia,1215220,1192990,98.17,0.85
2558,2021-02-14,FVG,1,0,1,0,1,0,ITH,ITH4,6,Friuli-Venezia Giulia,Friuli Venezia Giulia,1215220,1192991,98.17,0.0
2559,2021-08-18,FVG,4633,2472,2161,2951,1447,235,ITH,ITH4,6,Friuli-Venezia Giulia,Friuli Venezia Giulia,1215220,1197624,98.55,0.38
2560,2021-05-10,FVG,8003,3554,4449,6222,1543,238,ITH,ITH4,6,Friuli-Venezia Giulia,Friuli Venezia Giulia,1215220,1205627,99.21,0.66
2561,2021-07-21,FVG,8617,4371,4246,2036,6319,262,ITH,ITH4,6,Friuli-Venezia Giulia,Friuli Venezia Giulia,1215220,1214244,99.92,0.71
2562,2021-05-15,FVG,12688,6119,6569,7688,4703,297,ITH,ITH4,6,Friuli-Venezia Giulia,Friuli Venezia Giulia,1215220,1226932,100.96,1.04
2563,2021-05-01,FVG,7205,3248,3957,5906,1045,254,ITH,ITH4,6,Friuli-Venezia Giulia,Friuli Venezia Giulia,1215220,1234137,101.56,0.59
2564,2021-01-21,FVG,897,345,552,1,896,0,ITH,ITH4,6,Friuli-Venezia Giulia,Friuli Venezia Giulia,1215220,1235034,101.63,0.07
2565,2021-02-21,FVG,801,281,520,421,378,2,ITH,ITH4,6,Friuli-Venezia Giulia,Friuli Venezia Giulia,1215220,1235835,101.7,0.07
2566,2021-05-11,FVG,9146,4397,4749,7124,1808,214,ITH,ITH4,6,Friuli-Venezia Giulia,Friuli Venezia Giulia,1215220,1244981,102.45,0.75
2567,2021-01-31,FVG,2725,841,1884,385,2340,0,ITH,ITH4,6,Friuli-Venezia Giulia,Friuli Venezia Giulia,1215220,1247706,102.67,0.22
2568,2021-06-22,FVG,11598,5975,5623,2368,9101,129,ITH,ITH4,6,Friuli-Venezia Giulia,Friuli Venezia Giulia,1215220,1259304,103.63,0.95
2569,2021-07-04,FVG,9341,4790,4551,2890,6197,254,ITH,ITH4,6,Friuli-Venezia Giulia,Friuli Venezia Giulia,1215220,1268645,104.4,0.77
2570,2021-03-26,FVG,6023,2611,3412,3830,2019,174,ITH,ITH4,6,Friuli-Venezia Giulia,Friuli Venezia Giulia,1215220,1274668,104.89,0.5
2571,2021-03-12,FVG,4106,1699,2407,2699,1381,26,ITH,ITH4,6,Friuli-Venezia Giulia,Friuli Venezia Giulia,1215220,1278774,105.23,0.34
2572,2021-01-02,FVG,1217,470,747,1217,0,0,ITH,ITH4,6,Friuli-Venezia Giulia,Friuli Venezia Giulia,1215220,1279991,105.33,0.1
2573,2021-05-29,FVG,12035,5852,6183,6785,4990,260,ITH,ITH4,6,Friuli-Venezia Giulia,Friuli Venezia Giulia,1215220,1292026,106.32,0.99
2574,2021-07-25,FVG,3868,2014,1854,1909,1854,105,ITH,ITH4,6,Friuli-Venezia Giulia,Friuli Venezia Giulia,1215220,1295894,106.64,0.32
2575,2021-07-11,FVG,6854,3580,3274,2378,4175,301,ITH,ITH4,6,Friuli-Venezia Giulia,Friuli Venezia Giulia,1215220,1302748,107.2,0.56
2576,2021-05-22,FVG,11596,5207,6389,7089,4241,266,ITH,ITH4,6,Friuli-Venezia Giulia,Friuli Venezia Giulia,1215220,1314344,108.16,0.95
2577,2021-07-18,FVG,5416,2928,2488,398,4993,25,ITH,ITH4,6,Friuli-Venezia Giulia,Friuli Venezia Giulia,1215220,1319760,108.6,0.45
2578,2021-04-12,FVG,7287,3195,4092,5998,1136,153,ITH,ITH4,6,Friuli-Venezia Giulia,Friuli Venezia Giulia,1215220,1327047,109.2,0.6
2579,2021-05-09,FVG,7380,3317,4063,3374,3874,132,ITH,ITH4,6,Friuli-Venezia Giulia,Friuli Venezia Giulia,1215220,1334427,109.81,0.61
2580,2021-07-31,FVG,7331,3761,3570,1256,5984,91,ITH,ITH4,6,Friuli-Venezia Giulia,Friuli Venezia Giulia,1215220,1341758,110.41,0.6
2581,2021-08-17,FVG,3469,1861,1608,2640,594,235,ITH,ITH4,6,Friuli-Venezia Giulia,Friuli Venezia Giulia,1215220,1345227,110.7,0.29
2582,2021-05-26,FVG,13439,6710,6729,9648,3444,347,ITH,ITH4,6,Friuli-Venezia Giulia,Friuli Venezia Giulia,1215220,1358666,111.8,1.11
2583,2021-02-15,FVG,2459,914,1545,2199,254,6,ITH,ITH4,6,Friuli-Venezia Giulia,Friuli Venezia Giulia,1215220,1361125,112.01,0.2
2584,2021-07-29,FVG,9480,4827,4653,3101,6073,306,ITH,ITH4,6,Friuli-Venezia Giulia,Friuli Venezia Giulia,1215220,1370605,112.79,0.78
2585,2021-04-20,FVG,7139,3075,4064,3096,3916,127,ITH,ITH4,6,Friuli-Venezia Giulia,Friuli Venezia Giulia,1215220,1377744,113.37,0.59
2586,2021-01-10,FVG,2942,919,2023,2942,0,0,ITH,ITH4,6,Friuli-Venezia Giulia,Friuli Venezia Giulia,1215220,1380686,113.62,0.24
2587,2021-07-14,FVG,10898,5575,5323,1255,9450,193,ITH,ITH4,6,Friuli-Venezia Giulia,Friuli Venezia Giulia,1215220,1391584,114.51,0.9
2588,2021-04-05,FVG,2897,1440,1457,2821,15,61,ITH,ITH4,6,Friuli-Venezia Giulia,Friuli Venezia Giulia,1215220,1394481,114.75,0.24
2589,2021-01-12,FVG,2258,714,1544,2258,0,0,ITH,ITH4,6,Friuli-Venezia Giulia,Friuli Venezia Giulia,1215220,1396739,114.94,0.19
2590,2021-01-29,FVG,2414,814,1600,265,2149,0,ITH,ITH4,6,Friuli-Venezia Giulia,Friuli Venezia Giulia,1215220,1399153,115.14,0.2
2591,2021-04-22,FVG,6796,3090,3706,3033,3691,72,ITH,ITH4,6,Friuli-Venezia Giulia,Friuli Venezia Giulia,1215220,1405949,115.7,0.56
2592,2021-08-02,FVG,8903,4564,4339,2725,5905,273,ITH,ITH4,6,Friuli-Venezia Giulia,Friuli Venezia Giulia,1215220,1414852,116.43,0.73
2593,2021-04-03,FVG,4021,1993,2028,2625,1338,58,ITH,ITH4,6,Friuli-Venezia Giulia,Friuli Venezia Giulia,1215220,1418873,116.76,0.33
2594,2021-06-10,FVG,11560,6017,5543,9704,1464,392,ITH,ITH4,6,Friuli-Venezia Giulia,Friuli Venezia Giulia,1215220,1430433,117.71,0.95
2595,2021-03-19,FVG,3252,1350,1902,1301,1936,15,ITH,ITH4,6,Friuli-Venezia Giulia,Friuli Venezia Giulia,1215220,1433685,117.98,0.27
2596,2021-06-27,FVG,7622,3809,3813,3766,3830,26,ITH,ITH4,6,Friuli-Venezia Giulia,Friuli Venezia Giulia,1215220,1441307,118.6,0.63
2597,2021-06-29,FVG,11372,5797,5575,1226,10039,107,ITH,ITH4,6,Friuli-Venezia Giulia,Friuli Venezia Giulia,1215220,1452679,119.54,0.94
2598,2021-07-16,FVG,9785,5230,4555,1692,7940,153,ITH,ITH4,6,Friuli-Venezia Giulia,Friuli Venezia Giulia,1215220,1462464,120.35,0.81
2599,2021-04-07,FVG,7851,3639,4212,6946,786,119,ITH,ITH4,6,Friuli-Venezia Giulia,Friuli Venezia Giulia,1215220,1470315,120.99,0.65
2600,2021-07-15,PIE,42560,21992,20568,4084,38020,456,ITC,ITC1,1,Piemonte,Piemonte,4356406,42560,0.98,0.98
2601,2021-08-01,PIE,27112,14357,12755,8412,18276,424,ITC,ITC1,1,Piemonte,Piemonte,4356406,69672,1.6,0.62
2602,2021-04-23,PIE,27440,12601,14839,19980,6765,695,ITC,ITC1,1,Piemonte,Piemonte,4356406,97112,2.23,0.63
2603,2021-05-19,PIE,33133,15290,17843,21409,11137,587,ITC,ITC1,1,Piemonte,Piemonte,4356406,130245,2.99,0.76
2604,2021-03-14,PIE,8208,3339,4869,5173,2898,137,ITC,ITC1,1,Piemonte,Piemonte,4356406,138453,3.18,0.19
2605,2021-05-10,PIE,29046,14016,15030,15295,13135,616,ITC,ITC1,1,Piemonte,Piemonte,4356406,167499,3.84,0.67
2606,2021-01-30,PIE,5991,2142,3849,217,5773,1,ITC,ITC1,1,Piemonte,Piemonte,4356406,173490,3.98,0.14
2607,2021-06-24,PIE,39214,19677,19537,18292,20331,591,ITC,ITC1,1,Piemonte,Piemonte,4356406,212704,4.88,0.9
2608,2021-03-16,PIE,10527,4275,6252,4368,6066,93,ITC,ITC1,1,Piemonte,Piemonte,4356406,223231,5.12,0.24
2609,2021-08-20,PIE,16369,8781,7588,10204,5500,665,ITC,ITC1,1,Piemonte,Piemonte,4356406,239600,5.5,0.38
2610,2021-05-12,PIE,31927,15201,16726,18371,12934,622,ITC,ITC1,1,Piemonte,Piemonte,4356406,271527,6.23,0.73
2611,2021-06-07,PIE,34921,17868,17053,29503,4804,614,ITC,ITC1,1,Piemonte,Piemonte,4356406,306448,7.03,0.8
2612,2021-08-03,PIE,30099,15750,14349,9297,20372,430,ITC,ITC1,1,Piemonte,Piemonte,4356406,336547,7.73,0.69
2613,2021-06-19,PIE,40098,20332,19766,22879,16674,545,ITC,ITC1,1,Piemonte,Piemonte,4356406,376645,8.65,0.92
2614,2021-02-04,PIE,10218,3346,6872,582,9634,2,ITC,ITC1,1,Piemonte,Piemonte,4356406,386863,8.88,0.23
2615,2021-08-15,PIE,6556,3617,2939,5022,1268,266,ITC,ITC1,1,Piemonte,Piemonte,4356406,393419,9.03,0.15
2616,2021-05-24,PIE,29006,13429,15577,16642,11981,383,ITC,ITC1,1,Piemonte,Piemonte,4356406,422425,9.7,0.67
2617,2021-03-02,PIE,11321,4614,6707,10319,813,189,ITC,ITC1,1,Piemonte,Piemonte,4356406,433746,9.96,0.26
2618,2021-07-06,PIE,38299,19392,18907,8651,29112,536,ITC,ITC1,1,Piemonte,Piemonte,4356406,472045,10.84,0.88
2619,2021-03-28,PIE,16067,6898,9169,8120,7620,327,ITC,ITC1,1,Piemonte,Piemonte,4356406,488112,11.2,0.37
2620,2021-07-20,PIE,39061,20549,18512,5740,32756,565,ITC,ITC1,1,Piemonte,Piemonte,4356406,527173,12.1,0.9
2621,2021-04-11,PIE,20841,9323,11518,18228,2151,462,ITC,ITC1,1,Piemonte,Piemonte,4356406,548014,12.58,0.48
2622,2021-01-04,PIE,5565,1679,3886,5564,0,1,ITC,ITC1,1,Piemonte,Piemonte,4356406,553579,12.71,0.13
2623,2021-04-28,PIE,26071,11748,14323,15475,10055,541,ITC,ITC1,1,Piemonte,Piemonte,4356406,579650,13.31,0.6
2624,2021-01-18,PIE,6170,2047,4123,5916,250,4,ITC,ITC1,1,Piemonte,Piemonte,4356406,585820,13.45,0.14
2625,2021-03-23,PIE,13202,5568,7634,6639,6247,316,ITC,ITC1,1,Piemonte,Piemonte,4356406,599022,13.75,0.3
2626,2021-01-16,PIE,7769,2624,5145,7762,0,7,ITC,ITC1,1,Piemonte,Piemonte,4356406,606791,13.93,0.18
2627,2021-07-08,PIE,40983,20964,20019,7444,32977,562,ITC,ITC1,1,Piemonte,Piemonte,4356406,647774,14.87,0.94
2628,2021-02-11,PIE,6768,2108,4660,2987,3762,19,ITC,ITC1,1,Piemonte,Piemonte,4356406,654542,15.02,0.16
2629,2021-04-09,PIE,25888,11395,14493,20811,4505,572,ITC,ITC1,1,Piemonte,Piemonte,4356406,680430,15.62,0.59
2630,2020-12-30,PIE,733,322,411,733,0,0,ITC,ITC1,1,Piemonte,Piemonte,4356406,681163,15.64,0.02
2631,2021-06-05,PIE,36968,18930,18038,31874,4460,634,ITC,ITC1,1,Piemonte,Piemonte,4356406,718131,16.48,0.85
2632,2021-02-25,PIE,12256,5287,6969,11526,547,183,ITC,ITC1,1,Piemonte,Piemonte,4356406,730387,16.77,0.28
2633,2021-06-26,PIE,41214,20968,20246,21942,18571,701,ITC,ITC1,1,Piemonte,Piemonte,4356406,771601,17.71,0.95
2634,2021-07-13,PIE,38872,20056,18816,3663,34878,331,ITC,ITC1,1,Piemonte,Piemonte,4356406,810473,18.6,0.89
2635,2021-04-04,PIE,9259,4059,5200,6396,2712,151,ITC,ITC1,1,Piemonte,Piemonte,4356406,819732,18.82,0.21
2636,2021-04-21,PIE,25762,11839,13923,19744,5355,663,ITC,ITC1,1,Piemonte,Piemonte,4356406,845494,19.41,0.59
2637,2021-01-11,PIE,8746,2979,5767,8740,0,6,ITC,ITC1,1,Piemonte,Piemonte,4356406,854240,19.61,0.2
2638,2021-08-22,PIE,5675,3080,2595,2737,2727,211,ITC,ITC1,1,Piemonte,Piemonte,4356406,859915,19.74,0.13
2639,2021-02-08,PIE,6922,2355,4567,661,6257,4,ITC,ITC1,1,Piemonte,Piemonte,4356406,866837,19.9,0.16
2640,2020-12-28,PIE,1,1,0,1,0,0,ITC,ITC1,1,Piemonte,Piemonte,4356406,866838,19.9,0.0
2641,2021-07-27,PIE,33744,17619,16125,8210,24977,557,ITC,ITC1,1,Piemonte,Piemonte,4356406,900582,20.67,0.77
2642,2021-05-02,PIE,25148,11288,13860,14008,10747,393,ITC,ITC1,1,Piemonte,Piemonte,4356406,925730,21.25,0.58
2643,2021-06-12,PIE,42627,22466,20161,39221,2627,779,ITC,ITC1,1,Piemonte,Piemonte,4356406,968357,22.23,0.98
2644,2021-07-12,PIE,39197,20216,18981,4555,34176,466,ITC,ITC1,1,Piemonte,Piemonte,4356406,1007554,23.13,0.9
2645,2021-08-08,PIE,20225,10814,9411,8999,10918,308,ITC,ITC1,1,Piemonte,Piemonte,4356406,1027779,23.59,0.46
2646,2021-04-30,PIE,31959,14374,17585,17938,13340,681,ITC,ITC1,1,Piemonte,Piemonte,4356406,1059738,24.33,0.73
2647,2021-06-02,PIE,26727,13076,13651,21638,4648,441,ITC,ITC1,1,Piemonte,Piemonte,4356406,1086465,24.94,0.61
2648,2021-02-22,PIE,8488,3472,5016,7793,592,103,ITC,ITC1,1,Piemonte,Piemonte,4356406,1094953,25.13,0.19
2649,2021-05-17,PIE,30971,14626,16345,17370,13194,407,ITC,ITC1,1,Piemonte,Piemonte,4356406,1125924,25.85,0.71
2650,2021-02-06,PIE,8002,2665,5337,396,7604,2,ITC,ITC1,1,Piemonte,Piemonte,4356406,1133926,26.03,0.18
2651,2021-02-23,PIE,9250,3723,5527,8490,586,174,ITC,ITC1,1,Piemonte,Piemonte,4356406,1143176,26.24,0.21
2652,2021-05-31,PIE,29135,14069,15066,20141,8586,408,ITC,ITC1,1,Piemonte,Piemonte,4356406,1172311,26.91,0.67
2653,2021-06-17,PIE,41141,20644,20497,24175,16353,613,ITC,ITC1,1,Piemonte,Piemonte,4356406,1213452,27.85,0.94
2654,2021-03-09,PIE,14315,5733,8582,11738,2346,231,ITC,ITC1,1,Piemonte,Piemonte,4356406,1227767,28.18,0.33
2655,2021-04-02,PIE,20157,8326,11831,11331,8430,396,ITC,ITC1,1,Piemonte,Piemonte,4356406,1247924,28.65,0.46
2656,2021-05-29,PIE,32824,15236,17588,20282,12183,359,ITC,ITC1,1,Piemonte,Piemonte,4356406,1280748,29.4,0.75
2657,2021-02-18,PIE,4797,2100,2697,4282,429,86,ITC,ITC1,1,Piemonte,Piemonte,4356406,1285545,29.51,0.11
2658,2021-07-25,PIE,28656,15206,13450,6573,21588,495,ITC,ITC1,1,Piemonte,Piemonte,4356406,1314201,30.17,0.66
2659,2021-04-16,PIE,28426,13215,15211,22668,4999,759,ITC,ITC1,1,Piemonte,Piemonte,4356406,1342627,30.82,0.65
2660,2021-01-23,PIE,4259,1326,2933,878,3379,2,ITC,ITC1,1,Piemonte,Piemonte,4356406,1346886,30.92,0.1
2661,2021-03-21,PIE,10731,4740,5991,4024,6537,170,ITC,ITC1,1,Piemonte,Piemonte,4356406,1357617,31.16,0.25
2662,2021-08-13,PIE,19881,10607,9274,12019,7211,651,ITC,ITC1,1,Piemonte,Piemonte,4356406,1377498,31.62,0.46
2663,2021-05-05,PIE,34672,16240,18432,20325,13667,680,ITC,ITC1,1,Piemonte,Piemonte,4356406,1412170,32.42,0.8
2664,2021-07-01,PIE,41919,20978,20941,19783,21135,1001,ITC,ITC1,1,Piemonte,Piemonte,4356406,1454089,33.38,0.96
2665,2021-06-28,PIE,38428,19079,19349,15103,22740,585,ITC,ITC1,1,Piemonte,Piemonte,4356406,1492517,34.26,0.88
2666,2021-04-06,PIE,20709,9023,11686,15053,5204,452,ITC,ITC1,1,Piemonte,Piemonte,4356406,1513226,34.74,0.48
2667,2020-12-27,PIE,913,369,544,913,0,0,ITC,ITC1,1,Piemonte,Piemonte,4356406,1514139,34.76,0.02
2668,2021-02-27,PIE,12683,4847,7836,12116,336,231,ITC,ITC1,1,Piemonte,Piemonte,4356406,1526822,35.05,0.29
2669,2021-04-25,PIE,20240,9311,10929,17283,2503,454,ITC,ITC1,1,Piemonte,Piemonte,4356406,1547062,35.51,0.46
2670,2021-01-15,PIE,9117,3009,6108,9111,0,6,ITC,ITC1,1,Piemonte,Piemonte,4356406,1556179,35.72,0.21
2671,2021-06-21,PIE,38441,19209,19232,17111,20774,556,ITC,ITC1,1,Piemonte,Piemonte,4356406,1594620,36.6,0.88
2672,2021-03-13,PIE,13033,4717,8316,11333,1430,270,ITC,ITC1,1,Piemonte,Piemonte,4356406,1607653,36.9,0.3
2673,2021-03-11,PIE,14018,5306,8712,10671,3097,250,ITC,ITC1,1,Piemonte,Piemonte,4356406,1621671,37.22,0.32
2674,2021-03-25,PIE,17135,7268,9867,8057,8636,442,ITC,ITC1,1,Piemonte,Piemonte,4356406,1638806,37.62,0.39
2675,2021-07-22,PIE,41496,21832,19664,6982,33921,593,ITC,ITC1,1,Piemonte,Piemonte,4356406,1680302,38.57,0.95
2676,2021-01-01,PIE,1041,396,645,1040,0,1,ITC,ITC1,1,Piemonte,Piemonte,4356406,1681343,38.59,0.02
2677,2021-07-05,PIE,35597,17807,17790,11693,23231,673,ITC,ITC1,1,Piemonte,Piemonte,4356406,1716940,39.41,0.82
2678,2021-02-20,PIE,3837,1257,2580,3562,174,101,ITC,ITC1,1,Piemonte,Piemonte,4356406,1720777,39.5,0.09
2679,2021-07-24,PIE,34827,18318,16509,7887,26353,587,ITC,ITC1,1,Piemonte,Piemonte,4356406,1755604,40.3,0.8
2680,2021-08-07,PIE,29658,15874,13784,12622,16631,405,ITC,ITC1,1,Piemonte,Piemonte,4356406,1785262,40.98,0.68
2681,2021-04-29,PIE,48522,21989,26533,34690,12646,1186,ITC,ITC1,1,Piemonte,Piemonte,4356406,1833784,42.09,1.11
2682,2021-05-21,PIE,36202,16809,19393,20031,15653,518,ITC,ITC1,1,Piemonte,Piemonte,4356406,1869986,42.92,0.83
2683,2021-07-17,PIE,41994,22102,19892,4939,36566,489,ITC,ITC1,1,Piemonte,Piemonte,4356406,1911980,43.89,0.96
2684,2021-02-01,PIE,8665,3055,5610,578,8086,1,ITC,ITC1,1,Piemonte,Piemonte,4356406,1920645,44.09,0.2
2685,2021-01-13,PIE,10082,3226,6856,10073,0,9,ITC,ITC1,1,Piemonte,Piemonte,4356406,1930727,44.32,0.23
2686,2021-06-16,PIE,40401,20243,20158,23519,16263,619,ITC,ITC1,1,Piemonte,Piemonte,4356406,1971128,45.25,0.93
2687,2021-08-12,PIE,21926,11766,10160,13422,7806,698,ITC,ITC1,1,Piemonte,Piemonte,4356406,1993054,45.75,0.5
2688,2021-07-03,PIE,40077,20118,19959,15319,24038,720,ITC,ITC1,1,Piemonte,Piemonte,4356406,2033131,46.67,0.92
2689,2021-03-30,PIE,16996,7117,9879,8731,7874,391,ITC,ITC1,1,Piemonte,Piemonte,4356406,2050127,47.06,0.39
2690,2021-07-10,PIE,41178,20867,20311,6715,33930,533,ITC,ITC1,1,Piemonte,Piemonte,4356406,2091305,48.01,0.95
2691,2021-04-01,PIE,19415,8142,11273,10965,8129,321,ITC,ITC1,1,Piemonte,Piemonte,4356406,2110720,48.45,0.45
2692,2021-05-28,PIE,35093,16621,18472,18667,16015,411,ITC,ITC1,1,Piemonte,Piemonte,4356406,2145813,49.26,0.81
2693,2021-01-25,PIE,6215,1937,4278,973,5240,2,ITC,ITC1,1,Piemonte,Piemonte,4356406,2152028,49.4,0.14
2694,2021-04-18,PIE,22944,10802,12142,19625,2753,566,ITC,ITC1,1,Piemonte,Piemonte,4356406,2174972,49.93,0.53
2695,2021-01-08,PIE,5534,1762,3772,5532,0,2,ITC,ITC1,1,Piemonte,Piemonte,4356406,2180506,50.05,0.13
2696,2021-06-14,PIE,37998,19573,18425,30218,7094,686,ITC,ITC1,1,Piemonte,Piemonte,4356406,2218504,50.93,0.87
2697,2021-03-06,PIE,14012,5225,8787,11040,2794,178,ITC,ITC1,1,Piemonte,Piemonte,4356406,2232516,51.25,0.32
2698,2021-08-10,PIE,21793,11549,10244,12420,8815,558,ITC,ITC1,1,Piemonte,Piemonte,4356406,2254309,51.75,0.5
2699,2021-01-22,PIE,3871,1251,2620,2525,1345,1,ITC,ITC1,1,Piemonte,Piemonte,4356406,2258180,51.84,0.09
2700,2021-08-21,PIE,12930,6908,6022,7385,5060,485,ITC,ITC1,1,Piemonte,Piemonte,4356406,2271110,52.13,0.3
2701,2021-05-16,PIE,28204,12798,15406,14747,13086,371,ITC,ITC1,1,Piemonte,Piemonte,4356406,2299314,52.78,0.65
2702,2021-02-05,PIE,9616,3138,6478,653,8961,2,ITC,ITC1,1,Piemonte,Piemonte,4356406,2308930,53.0,0.22
2703,2021-06-18,PIE,40643,20322,20321,25753,14224,666,ITC,ITC1,1,Piemonte,Piemonte,4356406,2349573,53.93,0.93
2704,2021-05-14,PIE,33447,16288,17159,17343,15440,664,ITC,ITC1,1,Piemonte,Piemonte,4356406,2383020,54.7,0.77
2705,2021-07-02,PIE,43767,22019,21748,17354,25574,839,ITC,ITC1,1,Piemonte,Piemonte,4356406,2426787,55.71,1.0
2706,2021-06-09,PIE,38634,20356,18278,35138,2720,776,ITC,ITC1,1,Piemonte,Piemonte,4356406,2465421,56.59,0.89
2707,2021-03-18,PIE,11768,4807,6961,3837,7739,192,ITC,ITC1,1,Piemonte,Piemonte,4356406,2477189,56.86,0.27
2708,2021-03-03,PIE,12361,4860,7501,11351,819,191,ITC,ITC1,1,Piemonte,Piemonte,4356406,2489550,57.15,0.28
2709,2021-03-20,PIE,11924,4897,7027,5777,5900,247,ITC,ITC1,1,Piemonte,Piemonte,4356406,2501474,57.42,0.27
2710,2021-01-06,PIE,3108,1103,2005,3107,0,1,ITC,ITC1,1,Piemonte,Piemonte,4356406,2504582,57.49,0.07
2711,2021-08-05,PIE,30246,16048,14198,11218,18527,501,ITC,ITC1,1,Piemonte,Piemonte,4356406,2534828,58.19,0.69
2712,2021-06-23,PIE,39729,19723,20006,16371,22865,493,ITC,ITC1,1,Piemonte,Piemonte,4356406,2574557,59.1,0.91
2713,2021-08-19,PIE,15769,8492,7277,10509,4562,698,ITC,ITC1,1,Piemonte,Piemonte,4356406,2590326,59.46,0.36
2714,2021-05-30,PIE,27796,13215,14581,18026,9396,374,ITC,ITC1,1,Piemonte,Piemonte,4356406,2618122,60.1,0.64
2715,2021-02-19,PIE,5540,2177,3363,4917,501,122,ITC,ITC1,1,Piemonte,Piemonte,4356406,2623662,60.23,0.13
2716,2021-06-04,PIE,37581,19645,17936,34018,2962,601,ITC,ITC1,1,Piemonte,Piemonte,4356406,2661243,61.09,0.86
2717,2021-02-24,PIE,11388,4608,6780,10737,503,148,ITC,ITC1,1,Piemonte,Piemonte,4356406,2672631,61.35,0.26
2718,2021-03-10,PIE,13935,5446,8489,11384,2292,259,ITC,ITC1,1,Piemonte,Piemonte,4356406,2686566,61.67,0.32
2719,2021-03-27,PIE,18401,7831,10570,9132,8831,438,ITC,ITC1,1,Piemonte,Piemonte,4356406,2704967,62.09,0.42
2720,2021-01-19,PIE,6465,2109,4356,6447,9,9,ITC,ITC1,1,Piemonte,Piemonte,4356406,2711432,62.24,0.15
2721,2021-07-23,PIE,38090,20081,18009,7988,29478,624,ITC,ITC1,1,Piemonte,Piemonte,4356406,2749522,63.11,0.87
2722,2021-04-14,PIE,28294,12812,15482,23031,4557,706,ITC,ITC1,1,Piemonte,Piemonte,4356406,2777816,63.76,0.65
2723,2021-08-06,PIE,30360,16064,14296,13293,16491,576,ITC,ITC1,1,Piemonte,Piemonte,4356406,2808176,64.46,0.7
2724,2021-06-06,PIE,35112,18337,16775,32072,2490,550,ITC,ITC1,1,Piemonte,Piemonte,4356406,2843288,65.27,0.81
2725,2021-08-02,PIE,29850,15755,14095,9356,20040,454,ITC,ITC1,1,Piemonte,Piemonte,4356406,2873138,65.95,0.69
2726,2021-02-17,PIE,4801,2161,2640,3750,990,61,ITC,ITC1,1,Piemonte,Piemonte,4356406,2877939,66.06,0.11
2727,2021-06-08,PIE,37690,19511,18179,34137,2853,700,ITC,ITC1,1,Piemonte,Piemonte,4356406,2915629,66.93,0.87
2728,2021-08-04,PIE,29194,15419,13775,8904,19832,458,ITC,ITC1,1,Piemonte,Piemonte,4356406,2944823,67.6,0.67
2729,2021-04-26,PIE,19822,8760,11062,14918,4400,504,ITC,ITC1,1,Piemonte,Piemonte,4356406,2964645,68.05,0.46
2730,2021-08-14,PIE,14558,7867,6691,9274,4753,531,ITC,ITC1,1,Piemonte,Piemonte,4356406,2979203,68.39,0.33
2731,2021-05-06,PIE,33435,15790,17645,19293,13548,594,ITC,ITC1,1,Piemonte,Piemonte,4356406,3012638,69.15,0.77
2732,2021-05-23,PIE,28782,13161,15621,15473,12996,313,ITC,ITC1,1,Piemonte,Piemonte,4356406,3041420,69.81,0.66
2733,2021-02-12,PIE,6894,2216,4678,3910,2960,24,ITC,ITC1,1,Piemonte,Piemonte,4356406,3048314,69.97,0.16
2734,2021-03-01,PIE,12162,4957,7205,11176,810,176,ITC,ITC1,1,Piemonte,Piemonte,4356406,3060476,70.25,0.28
2735,2021-05-25,PIE,31900,14786,17114,15616,15893,391,ITC,ITC1,1,Piemonte,Piemonte,4356406,3092376,70.98,0.73
2736,2021-06-11,PIE,43562,23055,20507,39919,2837,806,ITC,ITC1,1,Piemonte,Piemonte,4356406,3135938,71.98,1.0
2737,2021-08-18,PIE,17985,9719,8266,11526,5741,718,ITC,ITC1,1,Piemonte,Piemonte,4356406,3153923,72.4,0.41
2738,2021-05-13,PIE,35721,17542,18179,19877,15137,707,ITC,ITC1,1,Piemonte,Piemonte,4356406,3189644,73.22,0.82
2739,2021-02-02,PIE,10267,3514,6753,810,9456,1,ITC,ITC1,1,Piemonte,Piemonte,4356406,3199911,73.45,0.24
2740,2021-07-09,PIE,40425,20624,19801,5751,34151,523,ITC,ITC1,1,Piemonte,Piemonte,4356406,3240336,74.38,0.93
2741,2021-03-31,PIE,19134,8125,11009,10100,8694,340,ITC,ITC1,1,Piemonte,Piemonte,4356406,3259470,74.82,0.44
2742,2021-05-27,PIE,37451,17413,20038,18829,18187,435,ITC,ITC1,1,Piemonte,Piemonte,4356406,3296921,75.68,0.86
2743,2021-02-16,PIE,3972,1758,2214,3164,759,49,ITC,ITC1,1,Piemonte,Piemonte,4356406,3300893,75.77,0.09
2744,2021-03-24,PIE,15572,6402,9170,6090,9134,348,ITC,ITC1,1,Piemonte,Piemonte,4356406,3316465,76.13,0.36
2745,2021-05-20,PIE,38671,17965,20706,13342,24974,355,ITC,ITC1,1,Piemonte,Piemonte,4356406,3355136,77.02,0.89
2746,2021-02-09,PIE,7402,2319,5083,715,6685,2,ITC,ITC1,1,Piemonte,Piemonte,4356406,3362538,77.19,0.17
2747,2021-07-16,PIE,42075,21975,20100,3589,38075,411,ITC,ITC1,1,Piemonte,Piemonte,4356406,3404613,78.15,0.97
2748,2021-04-07,PIE,23624,9995,13629,17632,5461,531,ITC,ITC1,1,Piemonte,Piemonte,4356406,3428237,78.69,0.54
2749,2021-04-13,PIE,26684,12000,14684,22563,3461,660,ITC,ITC1,1,Piemonte,Piemonte,4356406,3454921,79.31,0.61
2750,2021-01-20,PIE,6610,2086,4524,5888,715,7,ITC,ITC1,1,Piemonte,Piemonte,4356406,3461531,79.46,0.15
2751,2021-02-03,PIE,10211,3306,6905,608,9601,2,ITC,ITC1,1,Piemonte,Piemonte,4356406,3471742,79.69,0.23
2752,2021-08-09,PIE,24649,12868,11781,12019,11977,653,ITC,ITC1,1,Piemonte,Piemonte,4356406,3496391,80.26,0.57
2753,2021-05-18,PIE,32180,14852,17328,19062,12679,439,ITC,ITC1,1,Piemonte,Piemonte,4356406,3528571,81.0,0.74
2754,2021-01-03,PIE,3064,969,2095,3062,0,2,ITC,ITC1,1,Piemonte,Piemonte,4356406,3531635,81.07,0.07
2755,2021-06-03,PIE,34722,17960,16762,29698,4485,539,ITC,ITC1,1,Piemonte,Piemonte,4356406,3566357,81.86,0.8
2756,2021-08-11,PIE,23275,12522,10753,13378,9344,553,ITC,ITC1,1,Piemonte,Piemonte,4356406,3589632,82.4,0.53
2757,2021-05-03,PIE,26702,12216,14486,12045,14220,437,ITC,ITC1,1,Piemonte,Piemonte,4356406,3616334,83.01,0.61
2758,2021-02-26,PIE,12294,4934,7360,11350,738,206,ITC,ITC1,1,Piemonte,Piemonte,4356406,3628628,83.29,0.28
2759,2021-04-24,PIE,27516,12442,15074,21292,5663,561,ITC,ITC1,1,Piemonte,Piemonte,4356406,3656144,83.93,0.63
2760,2021-01-14,PIE,9773,3152,6621,9767,0,6,ITC,ITC1,1,Piemonte,Piemonte,4356406,3665917,84.15,0.22
2761,2021-03-08,PIE,14286,5596,8690,11340,2711,235,ITC,ITC1,1,Piemonte,Piemonte,4356406,3680203,84.48,0.33
2762,2021-05-04,PIE,31520,14562,16958,17295,13643,582,ITC,ITC1,1,Piemonte,Piemonte,4356406,3711723,85.2,0.72
2763,2021-01-24,PIE,3159,963,2196,434,2723,2,ITC,ITC1,1,Piemonte,Piemonte,4356406,3714882,85.27,0.07
2764,2021-06-30,PIE,41271,20176,21095,18445,21962,864,ITC,ITC1,1,Piemonte,Piemonte,4356406,3756153,86.22,0.95
2765,2021-03-22,PIE,11534,4894,6640,3716,7604,214,ITC,ITC1,1,Piemonte,Piemonte,4356406,3767687,86.49,0.26
2766,2021-07-26,PIE,32752,17042,15710,8245,23875,632,ITC,ITC1,1,Piemonte,Piemonte,4356406,3800439,87.24,0.75
2767,2021-04-17,PIE,30469,14156,16313,26456,3310,703,ITC,ITC1,1,Piemonte,Piemonte,4356406,3830908,87.94,0.7
2768,2021-06-13,PIE,38014,20057,17957,33123,4133,758,ITC,ITC1,1,Piemonte,Piemonte,4356406,3868922,88.81,0.87
2769,2021-02-10,PIE,7545,2374,5171,1299,6231,15,ITC,ITC1,1,Piemonte,Piemonte,4356406,3876467,88.98,0.17
2770,2021-04-08,PIE,25322,11020,14302,20039,4724,559,ITC,ITC1,1,Piemonte,Piemonte,4356406,3901789,89.56,0.58
2771,2021-07-19,PIE,39573,20597,18976,4465,34693,415,ITC,ITC1,1,Piemonte,Piemonte,4356406,3941362,90.47,0.91
2772,2021-04-10,PIE,30169,13415,16754,25253,4267,649,ITC,ITC1,1,Piemonte,Piemonte,4356406,3971531,91.17,0.69
2773,2021-04-15,PIE,29578,13550,16028,23392,5512,674,ITC,ITC1,1,Piemonte,Piemonte,4356406,4001109,91.84,0.68
2774,2021-01-05,PIE,5381,1604,3777,5376,0,5,ITC,ITC1,1,Piemonte,Piemonte,4356406,4006490,91.97,0.12
2775,2021-06-22,PIE,40623,20073,20550,17760,22320,543,ITC,ITC1,1,Piemonte,Piemonte,4356406,4047113,92.9,0.93
2776,2021-01-07,PIE,5383,1733,3650,5381,0,2,ITC,ITC1,1,Piemonte,Piemonte,4356406,4052496,93.02,0.12
2777,2021-03-05,PIE,15635,6292,9343,11533,3826,276,ITC,ITC1,1,Piemonte,Piemonte,4356406,4068131,93.38,0.36
2778,2021-07-28,PIE,34753,18056,16697,9124,25028,601,ITC,ITC1,1,Piemonte,Piemonte,4356406,4102884,94.18,0.8
2779,2021-06-15,PIE,38949,20052,18897,26500,11780,669,ITC,ITC1,1,Piemonte,Piemonte,4356406,4141833,95.07,0.89
2780,2021-03-07,PIE,11986,4666,7320,10860,877,249,ITC,ITC1,1,Piemonte,Piemonte,4356406,4153819,95.35,0.28
2781,2020-12-31,PIE,3884,1323,2561,3884,0,0,ITC,ITC1,1,Piemonte,Piemonte,4356406,4157703,95.44,0.09
2782,2021-04-19,PIE,22564,10767,11797,17651,4356,557,ITC,ITC1,1,Piemonte,Piemonte,4356406,4180267,95.96,0.52
2783,2021-01-09,PIE,6187,2189,3998,6185,0,2,ITC,ITC1,1,Piemonte,Piemonte,4356406,4186454,96.1,0.14
2784,2021-01-26,PIE,6343,1884,4459,731,5611,1,ITC,ITC1,1,Piemonte,Piemonte,4356406,4192797,96.24,0.15
2785,2021-07-30,PIE,35679,18623,17056,9497,25747,435,ITC,ITC1,1,Piemonte,Piemonte,4356406,4228476,97.06,0.82
2786,2021-08-16,PIE,19146,10177,8969,11555,6795,796,ITC,ITC1,1,Piemonte,Piemonte,4356406,4247622,97.5,0.44
2787,2021-05-08,PIE,34304,16270,18034,18137,15655,512,ITC,ITC1,1,Piemonte,Piemonte,4356406,4281926,98.29,0.79
2788,2021-01-28,PIE,5603,1811,3792,380,5223,0,ITC,ITC1,1,Piemonte,Piemonte,4356406,4287529,98.42,0.13
2789,2021-02-14,PIE,1481,500,981,870,604,7,ITC,ITC1,1,Piemonte,Piemonte,4356406,4289010,98.45,0.03
2790,2021-07-07,PIE,37980,18874,19106,9675,27730,575,ITC,ITC1,1,Piemonte,Piemonte,4356406,4326990,99.32,0.87
2791,2021-03-29,PIE,15256,6475,8781,8382,6613,261,ITC,ITC1,1,Piemonte,Piemonte,4356406,4342246,99.67,0.35
2792,2021-07-21,PIE,37989,20152,17837,6530,30943,516,ITC,ITC1,1,Piemonte,Piemonte,4356406,4380235,100.55,0.87
2793,2021-04-12,PIE,22953,10365,12588,19440,2993,520,ITC,ITC1,1,Piemonte,Piemonte,4356406,4403188,101.07,0.53
2794,2021-01-02,PIE,3542,1132,2410,3541,0,1,ITC,ITC1,1,Piemonte,Piemonte,4356406,4406730,101.16,0.08
2795,2021-04-27,PIE,22633,10227,12406,16828,5159,646,ITC,ITC1,1,Piemonte,Piemonte,4356406,4429363,101.67,0.52
2796,2021-01-17,PIE,3522,1169,2353,2871,649,2,ITC,ITC1,1,Piemonte,Piemonte,4356406,4432885,101.76,0.08
2797,2021-03-15,PIE,10689,4195,6494,4929,5605,155,ITC,ITC1,1,Piemonte,Piemonte,4356406,4443574,102.0,0.25
2798,2021-05-11,PIE,32205,15525,16680,18332,13246,627,ITC,ITC1,1,Piemonte,Piemonte,4356406,4475779,102.74,0.74
2799,2021-01-31,PIE,4126,1758,2368,113,4013,0,ITC,ITC1,1,Piemonte,Piemonte,4356406,4479905,102.83,0.09
2800,2021-07-18,PIE,32894,17252,15642,3239,29325,330,ITC,ITC1,1,Piemonte,Piemonte,4356406,4512799,103.59,0.76
2801,2021-05-01,PIE,28568,13006,15562,16321,11801,446,ITC,ITC1,1,Piemonte,Piemonte,4356406,4541367,104.25,0.66
2802,2021-01-21,PIE,6875,2313,4562,3370,3499,6,ITC,ITC1,1,Piemonte,Piemonte,4356406,4548242,104.4,0.16
2803,2021-05-15,PIE,33794,15754,18040,19398,13734,662,ITC,ITC1,1,Piemonte,Piemonte,4356406,4582036,105.18,0.78
2804,2021-06-01,PIE,29571,14864,14707,24465,4679,427,ITC,ITC1,1,Piemonte,Piemonte,4356406,4611607,105.86,0.68
2805,2021-02-21,PIE,5095,2085,3010,4941,104,50,ITC,ITC1,1,Piemonte,Piemonte,4356406,4616702,105.98,0.12
2806,2021-02-07,PIE,3093,973,2120,442,2650,1,ITC,ITC1,1,Piemonte,Piemonte,4356406,4619795,106.05,0.07
2807,2021-07-11,PIE,33192,16920,16272,4522,28355,315,ITC,ITC1,1,Piemonte,Piemonte,4356406,4652987,106.81,0.76
2808,2021-05-22,PIE,33540,15143,18397,16903,16234,403,ITC,ITC1,1,Piemonte,Piemonte,4356406,4686527,107.58,0.77
2809,2021-06-20,PIE,34097,17094,17003,18763,14776,558,ITC,ITC1,1,Piemonte,Piemonte,4356406,4720624,108.36,0.78
2810,2021-03-12,PIE,14204,5405,8799,10983,2939,282,ITC,ITC1,1,Piemonte,Piemonte,4356406,4734828,108.69,0.33
2811,2021-07-04,PIE,33763,17017,16746,11223,21928,612,ITC,ITC1,1,Piemonte,Piemonte,4356406,4768591,109.46,0.78
2812,2021-03-26,PIE,17916,7124,10792,8503,8886,527,ITC,ITC1,1,Piemonte,Piemonte,4356406,4786507,109.87,0.41
2813,2021-07-29,PIE,36610,19028,17582,9322,26642,646,ITC,ITC1,1,Piemonte,Piemonte,4356406,4823117,110.71,0.84
2814,2021-04-20,PIE,25508,11678,13830,18533,6355,620,ITC,ITC1,1,Piemonte,Piemonte,4356406,4848625,111.3,0.59
2815,2021-05-07,PIE,33125,15672,17453,18367,14147,611,ITC,ITC1,1,Piemonte,Piemonte,4356406,4881750,112.06,0.76
2816,2021-01-27,PIE,4195,1451,2744,994,3199,2,ITC,ITC1,1,Piemonte,Piemonte,4356406,4885945,112.16,0.1
2817,2021-02-13,PIE,4162,1340,2822,2923,1224,15,ITC,ITC1,1,Piemonte,Piemonte,4356406,4890107,112.25,0.1
2818,2021-07-31,PIE,35644,18948,16696,10725,24615,304,ITC,ITC1,1,Piemonte,Piemonte,4356406,4925751,113.07,0.82
2819,2021-08-17,PIE,17867,9589,8278,11556,5572,739,ITC,ITC1,1,Piemonte,Piemonte,4356406,4943618,113.48,0.41
2820,2021-05-09,PIE,27159,12935,14224,13153,13623,383,ITC,ITC1,1,Piemonte,Piemonte,4356406,4970777,114.1,0.62
2821,2021-05-26,PIE,34184,15753,18431,15323,18506,355,ITC,ITC1,1,Piemonte,Piemonte,4356406,5004961,114.89,0.78
2822,2021-02-15,PIE,4431,1597,2834,3203,1205,23,ITC,ITC1,1,Piemonte,Piemonte,4356406,5009392,114.99,0.1
2823,2021-03-04,PIE,14715,5928,8787,11549,2946,220,ITC,ITC1,1,Piemonte,Piemonte,4356406,5024107,115.33,0.34
2824,2021-06-25,PIE,45522,22681,22841,20264,24565,693,ITC,ITC1,1,Piemonte,Piemonte,4356406,5069629,116.37,1.04
2825,2021-04-03,PIE,19474,8193,11281,10594,8567,313,ITC,ITC1,1,Piemonte,Piemonte,4356406,5089103,116.82,0.45
2826,2021-01-10,PIE,5212,2275,2937,5210,0,2,ITC,ITC1,1,Piemonte,Piemonte,4356406,5094315,116.94,0.12
2827,2021-07-14,PIE,39012,20068,18944,3587,35003,422,ITC,ITC1,1,Piemonte,Piemonte,4356406,5133327,117.83,0.9
2828,2021-04-22,PIE,27676,12746,14930,20195,6694,787,ITC,ITC1,1,Piemonte,Piemonte,4356406,5161003,118.47,0.64
2829,2021-01-12,PIE,10084,3410,6674,10078,0,6,ITC,ITC1,1,Piemonte,Piemonte,4356406,5171087,118.7,0.23
2830,2021-01-29,PIE,5946,1887,4059,452,5494,0,ITC,ITC1,1,Piemonte,Piemonte,4356406,5177033,118.84,0.14
2831,2021-02-28,PIE,10816,4058,6758,10399,241,176,ITC,ITC1,1,Piemonte,Piemonte,4356406,5187849,119.09,0.25
2832,2021-03-17,PIE,12526,5059,7467,5036,7303,187,ITC,ITC1,1,Piemonte,Piemonte,4356406,5200375,119.37,0.29
2833,2021-06-10,PIE,40491,21169,19322,37045,2593,853,ITC,ITC1,1,Piemonte,Piemonte,4356406,5240866,120.3,0.93
2834,2021-06-27,PIE,37541,18606,18935,15198,21759,584,ITC,ITC1,1,Piemonte,Piemonte,4356406,5278407,121.16,0.86
2835,2021-03-19,PIE,11034,4521,6513,4216,6609,209,ITC,ITC1,1,Piemonte,Piemonte,4356406,5289441,121.42,0.25
2836,2021-04-05,PIE,14754,6240,8514,11944,2559,251,ITC,ITC1,1,Piemonte,Piemonte,4356406,5304195,121.76,0.34
2837,2021-06-29,PIE,40531,20238,20293,19155,20690,686,ITC,ITC1,1,Piemonte,Piemonte,4356406,5344726,122.69,0.93
2838,2021-07-03,UMB,6472,3246,3226,2826,3495,151,ITI,ITI2,10,Umbria,Umbria,882015,6472,0.73,0.73
2839,2021-07-20,UMB,8262,4106,4156,1095,7083,84,ITI,ITI2,10,Umbria,Umbria,882015,14734,1.67,0.94
2840,2021-07-22,UMB,10047,4901,5146,1649,8293,105,ITI,ITI2,10,Umbria,Umbria,882015,24781,2.81,1.14
2841,2021-03-23,UMB,3825,1713,2112,2158,1630,37,ITI,ITI2,10,Umbria,Umbria,882015,28606,3.24,0.43
2842,2021-07-01,UMB,9684,4793,4891,3293,6283,108,ITI,ITI2,10,Umbria,Umbria,882015,38290,4.34,1.1
2843,2021-02-08,UMB,635,203,432,88,547,0,ITI,ITI2,10,Umbria,Umbria,882015,38925,4.41,0.07
2844,2021-05-19,UMB,9420,4218,5202,5591,3744,85,ITI,ITI2,10,Umbria,Umbria,882015,48345,5.48,1.07
2845,2021-04-23,UMB,6655,2820,3835,3299,3157,199,ITI,ITI2,10,Umbria,Umbria,882015,55000,6.24,0.75
2846,2021-02-25,UMB,1333,495,838,1273,52,8,ITI,ITI2,10,Umbria,Umbria,882015,56333,6.39,0.15
2847,2021-03-11,UMB,3584,1723,1861,2565,1006,13,ITI,ITI2,10,Umbria,Umbria,882015,59917,6.79,0.41
2848,2021-01-13,UMB,449,139,310,449,0,0,ITI,ITI2,10,Umbria,Umbria,882015,60366,6.84,0.05
2849,2021-06-19,UMB,4570,2199,2371,2460,2032,78,ITI,ITI2,10,Umbria,Umbria,882015,64936,7.36,0.52
2850,2021-01-06,UMB,847,326,521,847,0,0,ITI,ITI2,10,Umbria,Umbria,882015,65783,7.46,0.1
2851,2021-06-12,UMB,7715,3686,4029,5961,1579,175,ITI,ITI2,10,Umbria,Umbria,882015,73498,8.33,0.87
2852,2021-04-16,UMB,8098,3742,4356,6081,1838,179,ITI,ITI2,10,Umbria,Umbria,882015,81596,9.25,0.92
2853,2021-04-30,UMB,6255,2971,3284,2735,3399,121,ITI,ITI2,10,Umbria,Umbria,882015,87851,9.96,0.71
2854,2021-03-04,UMB,4485,1855,2630,3643,827,15,ITI,ITI2,10,Umbria,Umbria,882015,92336,10.47,0.51
2855,2021-02-13,UMB,114,27,87,111,3,0,ITI,ITI2,10,Umbria,Umbria,882015,92450,10.48,0.01
2856,2021-05-24,UMB,9066,4514,4552,8021,880,165,ITI,ITI2,10,Umbria,Umbria,882015,101516,11.51,1.03
2857,2021-04-18,UMB,1532,681,851,578,931,23,ITI,ITI2,10,Umbria,Umbria,882015,103048,11.68,0.17
2858,2021-01-11,UMB,1304,341,963,1304,0,0,ITI,ITI2,10,Umbria,Umbria,882015,104352,11.83,0.15
2859,2021-07-27,UMB,8134,4085,4049,2691,5327,116,ITI,ITI2,10,Umbria,Umbria,882015,112486,12.75,0.92
2860,2021-05-05,UMB,7222,3305,3917,3832,3306,84,ITI,ITI2,10,Umbria,Umbria,882015,119708,13.57,0.82
2861,2021-01-25,UMB,648,323,325,5,643,0,ITI,ITI2,10,Umbria,Umbria,882015,120356,13.65,0.07
2862,2021-06-02,UMB,3918,1884,2034,3802,42,74,ITI,ITI2,10,Umbria,Umbria,882015,124274,14.09,0.44
2863,2021-02-20,UMB,283,101,182,259,24,0,ITI,ITI2,10,Umbria,Umbria,882015,124557,14.12,0.03
2864,2021-03-09,UMB,4089,2001,2088,2792,1288,9,ITI,ITI2,10,Umbria,Umbria,882015,128646,14.59,0.46
2865,2021-08-15,UMB,4384,2382,2002,2859,1380,145,ITI,ITI2,10,Umbria,Umbria,882015,133030,15.08,0.5
2866,2021-07-29,UMB,8192,4222,3970,2146,5928,118,ITI,ITI2,10,Umbria,Umbria,882015,141222,16.01,0.93
2867,2021-05-07,UMB,10124,4713,5411,6650,3192,282,ITI,ITI2,10,Umbria,Umbria,882015,151346,17.16,1.15
2868,2021-04-06,UMB,5291,2167,3124,2864,2390,37,ITI,ITI2,10,Umbria,Umbria,882015,156637,17.76,0.6
2869,2021-03-28,UMB,1096,441,655,1041,24,31,ITI,ITI2,10,Umbria,Umbria,882015,157733,17.88,0.12
2870,2021-01-30,UMB,1575,486,1089,43,1532,0,ITI,ITI2,10,Umbria,Umbria,882015,159308,18.06,0.18
2871,2021-07-15,UMB,10564,5176,5388,561,9905,98,ITI,ITI2,10,Umbria,Umbria,882015,169872,19.26,1.2
2872,2021-08-10,UMB,7383,3929,3454,3995,3245,143,ITI,ITI2,10,Umbria,Umbria,882015,177255,20.1,0.84
2873,2021-06-14,UMB,5378,2744,2634,3252,2010,116,ITI,ITI2,10,Umbria,Umbria,882015,182633,20.71,0.61
2874,2021-01-01,UMB,273,104,169,273,0,0,ITI,ITI2,10,Umbria,Umbria,882015,182906,20.74,0.03
2875,2021-04-11,UMB,3099,1505,1594,3033,49,17,ITI,ITI2,10,Umbria,Umbria,882015,186005,21.09,0.35
2876,2021-01-18,UMB,615,219,396,529,86,0,ITI,ITI2,10,Umbria,Umbria,882015,186620,21.16,0.07
2877,2021-02-06,UMB,404,139,265,34,370,0,ITI,ITI2,10,Umbria,Umbria,882015,187024,21.2,0.05
2878,2021-05-26,UMB,9656,4569,5087,8210,1252,194,ITI,ITI2,10,Umbria,Umbria,882015,196680,22.3,1.09
2879,2021-07-26,UMB,9077,4796,4281,3879,5076,122,ITI,ITI2,10,Umbria,Umbria,882015,205757,23.33,1.03
2880,2021-08-08,UMB,5058,2708,2350,3552,1413,93,ITI,ITI2,10,Umbria,Umbria,882015,210815,23.9,0.57
2881,2021-01-20,UMB,603,221,382,603,0,0,ITI,ITI2,10,Umbria,Umbria,882015,211418,23.97,0.07
2882,2021-08-12,UMB,7330,3889,3441,4569,2542,219,ITI,ITI2,10,Umbria,Umbria,882015,218748,24.8,0.83
2883,2021-08-22,UMB,738,377,361,244,487,7,ITI,ITI2,10,Umbria,Umbria,882015,219486,24.88,0.08
2884,2021-05-31,UMB,5817,2845,2972,4848,885,84,ITI,ITI2,10,Umbria,Umbria,882015,225303,25.54,0.66
2885,2021-05-14,UMB,5330,2512,2818,3350,1819,161,ITI,ITI2,10,Umbria,Umbria,882015,230633,26.15,0.6
2886,2021-02-01,UMB,1284,341,943,48,1236,0,ITI,ITI2,10,Umbria,Umbria,882015,231917,26.29,0.15
2887,2021-02-18,UMB,1496,582,914,1029,466,1,ITI,ITI2,10,Umbria,Umbria,882015,233413,26.46,0.17
2888,2021-04-04,UMB,57,20,37,22,35,0,ITI,ITI2,10,Umbria,Umbria,882015,233470,26.47,0.01
2889,2021-06-07,UMB,6946,3427,3519,6073,696,177,ITI,ITI2,10,Umbria,Umbria,882015,240416,27.26,0.79
2890,2021-03-16,UMB,3538,1454,2084,1909,1627,2,ITI,ITI2,10,Umbria,Umbria,882015,243954,27.66,0.4
2891,2021-02-27,UMB,1658,354,1304,1642,16,0,ITI,ITI2,10,Umbria,Umbria,882015,245612,27.85,0.19
2892,2021-04-03,UMB,2099,712,1387,1034,1054,11,ITI,ITI2,10,Umbria,Umbria,882015,247711,28.08,0.24
2893,2021-07-12,UMB,4621,2235,2386,105,4504,12,ITI,ITI2,10,Umbria,Umbria,882015,252332,28.61,0.52
2894,2021-03-18,UMB,2982,1177,1805,1711,1264,7,ITI,ITI2,10,Umbria,Umbria,882015,255314,28.95,0.34
2895,2021-06-26,UMB,9326,4737,4589,5574,3633,119,ITI,ITI2,10,Umbria,Umbria,882015,264640,30.0,1.06
2896,2021-07-10,UMB,7687,3810,3877,66,7607,14,ITI,ITI2,10,Umbria,Umbria,882015,272327,30.88,0.87
2897,2021-04-25,UMB,4359,1685,2674,3867,83,409,ITI,ITI2,10,Umbria,Umbria,882015,276686,31.37,0.49
2898,2021-08-03,UMB,9186,4755,4431,3502,5509,175,ITI,ITI2,10,Umbria,Umbria,882015,285872,32.41,1.04
2899,2021-08-17,UMB,3652,1901,1751,2480,1086,86,ITI,ITI2,10,Umbria,Umbria,882015,289524,32.83,0.41
2900,2021-07-08,UMB,9570,4631,4939,179,9344,47,ITI,ITI2,10,Umbria,Umbria,882015,299094,33.91,1.09
2901,2021-05-12,UMB,6498,3027,3471,4202,2147,149,ITI,ITI2,10,Umbria,Umbria,882015,305592,34.65,0.74
2902,2021-03-30,UMB,3980,1733,2247,2400,1542,38,ITI,ITI2,10,Umbria,Umbria,882015,309572,35.1,0.45
2903,2020-12-27,UMB,86,45,41,86,0,0,ITI,ITI2,10,Umbria,Umbria,882015,309658,35.11,0.01
2904,2021-05-30,UMB,5982,2999,2983,5662,202,118,ITI,ITI2,10,Umbria,Umbria,882015,315640,35.79,0.68
2905,2021-03-08,UMB,3699,1824,1875,2325,1361,13,ITI,ITI2,10,Umbria,Umbria,882015,319339,36.21,0.42
2906,2021-06-16,UMB,6318,3092,3226,3071,3096,151,ITI,ITI2,10,Umbria,Umbria,882015,325657,36.92,0.72
2907,2021-03-25,UMB,3934,1726,2208,2823,1064,47,ITI,ITI2,10,Umbria,Umbria,882015,329591,37.37,0.45
2908,2021-03-27,UMB,4251,1513,2738,3855,340,56,ITI,ITI2,10,Umbria,Umbria,882015,333842,37.85,0.48
2909,2021-06-30,UMB,10484,5299,5185,3669,6717,98,ITI,ITI2,10,Umbria,Umbria,882015,344326,39.04,1.19
2910,2021-07-07,UMB,9492,4499,4993,89,9373,30,ITI,ITI2,10,Umbria,Umbria,882015,353818,40.11,1.08
2911,2021-01-08,UMB,1187,344,843,1187,0,0,ITI,ITI2,10,Umbria,Umbria,882015,355005,40.25,0.13
2912,2021-05-23,UMB,5070,1855,3215,636,4418,16,ITI,ITI2,10,Umbria,Umbria,882015,360075,40.82,0.57
2913,2021-04-20,UMB,5450,2364,3086,3429,1947,74,ITI,ITI2,10,Umbria,Umbria,882015,365525,41.44,0.62
2914,2021-01-27,UMB,841,330,511,13,828,0,ITI,ITI2,10,Umbria,Umbria,882015,366366,41.54,0.1
2915,2021-01-10,UMB,1065,274,791,1065,0,0,ITI,ITI2,10,Umbria,Umbria,882015,367431,41.66,0.12
2916,2021-05-21,UMB,8976,3670,5306,4063,4829,84,ITI,ITI2,10,Umbria,Umbria,882015,376407,42.68,1.02
2917,2021-05-04,UMB,5539,2545,2994,2352,3125,62,ITI,ITI2,10,Umbria,Umbria,882015,381946,43.3,0.63
2918,2021-04-01,UMB,4373,1837,2536,2325,2010,38,ITI,ITI2,10,Umbria,Umbria,882015,386319,43.8,0.5
2919,2021-03-01,UMB,1505,775,730,1385,114,6,ITI,ITI2,10,Umbria,Umbria,882015,387824,43.97,0.17
2920,2021-06-09,UMB,8152,3948,4204,7129,725,298,ITI,ITI2,10,Umbria,Umbria,882015,395976,44.89,0.92
2921,2021-06-23,UMB,11217,5732,5485,7665,3408,144,ITI,ITI2,10,Umbria,Umbria,882015,407193,46.17,1.27
2922,2021-03-15,UMB,4597,1941,2656,2827,1767,3,ITI,ITI2,10,Umbria,Umbria,882015,411790,46.69,0.52
2923,2021-02-10,UMB,715,350,365,700,15,0,ITI,ITI2,10,Umbria,Umbria,882015,412505,46.77,0.08
2924,2021-05-28,UMB,9594,4440,5154,7110,2300,184,ITI,ITI2,10,Umbria,Umbria,882015,422099,47.86,1.09
2925,2021-04-15,UMB,7659,3504,4155,5698,1889,72,ITI,ITI2,10,Umbria,Umbria,882015,429758,48.72,0.87
2926,2021-02-17,UMB,1619,748,871,1266,352,1,ITI,ITI2,10,Umbria,Umbria,882015,431377,48.91,0.18
2927,2021-07-24,UMB,8695,4368,4327,1346,7281,68,ITI,ITI2,10,Umbria,Umbria,882015,440072,49.89,0.99
2928,2021-04-13,UMB,7681,3401,4280,5923,1669,89,ITI,ITI2,10,Umbria,Umbria,882015,447753,50.76,0.87
2929,2021-02-15,UMB,1367,692,675,1364,1,2,ITI,ITI2,10,Umbria,Umbria,882015,449120,50.92,0.15
2930,2021-01-03,UMB,270,112,158,270,0,0,ITI,ITI2,10,Umbria,Umbria,882015,449390,50.95,0.03
2931,2021-06-21,UMB,7504,3934,3570,5064,2338,102,ITI,ITI2,10,Umbria,Umbria,882015,456894,51.8,0.85
2932,2021-03-06,UMB,4305,1147,3158,4133,138,34,ITI,ITI2,10,Umbria,Umbria,882015,461199,52.29,0.49
2933,2021-01-22,UMB,276,105,171,32,244,0,ITI,ITI2,10,Umbria,Umbria,882015,461475,52.32,0.03
2934,2021-06-28,UMB,9766,4815,4951,3713,5980,73,ITI,ITI2,10,Umbria,Umbria,882015,471241,53.43,1.11
2935,2021-05-02,UMB,3781,1867,1914,1298,2454,29,ITI,ITI2,10,Umbria,Umbria,882015,475022,53.86,0.43
2936,2021-03-20,UMB,2319,845,1474,2289,25,5,ITI,ITI2,10,Umbria,Umbria,882015,477341,54.12,0.26
2937,2021-02-22,UMB,1889,807,1082,1803,86,0,ITI,ITI2,10,Umbria,Umbria,882015,479230,54.33,0.21
2938,2021-06-11,UMB,6998,3517,3481,5990,772,236,ITI,ITI2,10,Umbria,Umbria,882015,486228,55.13,0.79
2939,2021-04-08,UMB,5880,2514,3366,4004,1804,72,ITI,ITI2,10,Umbria,Umbria,882015,492108,55.79,0.67
2940,2021-07-17,UMB,7664,3855,3809,1284,6231,149,ITI,ITI2,10,Umbria,Umbria,882015,499772,56.66,0.87
2941,2021-06-04,UMB,8918,4408,4510,7537,1201,180,ITI,ITI2,10,Umbria,Umbria,882015,508690,57.67,1.01
2942,2021-06-13,UMB,6764,3557,3207,6390,230,144,ITI,ITI2,10,Umbria,Umbria,882015,515454,58.44,0.77
2943,2021-05-11,UMB,6255,2840,3415,3921,2193,141,ITI,ITI2,10,Umbria,Umbria,882015,521709,59.15,0.71
2944,2021-08-19,UMB,5698,3019,2679,3925,1595,178,ITI,ITI2,10,Umbria,Umbria,882015,527407,59.8,0.65
2945,2021-03-29,UMB,3635,1603,2032,2151,1423,61,ITI,ITI2,10,Umbria,Umbria,882015,531042,60.21,0.41
2946,2021-01-31,UMB,1058,276,782,25,1033,0,ITI,ITI2,10,Umbria,Umbria,882015,532100,60.33,0.12
2947,2021-01-24,UMB,258,106,152,1,257,0,ITI,ITI2,10,Umbria,Umbria,882015,532358,60.36,0.03
2948,2021-08-16,UMB,3510,1738,1772,1974,1468,68,ITI,ITI2,10,Umbria,Umbria,882015,535868,60.75,0.4
2949,2021-06-08,UMB,7382,3642,3740,6628,548,206,ITI,ITI2,10,Umbria,Umbria,882015,543250,61.59,0.84
2950,2021-07-31,UMB,4327,2259,2068,1476,2804,47,ITI,ITI2,10,Umbria,Umbria,882015,547577,62.08,0.49
2951,2021-04-22,UMB,5456,2251,3205,2702,2672,82,ITI,ITI2,10,Umbria,Umbria,882015,553033,62.7,0.62
2952,2021-05-25,UMB,8817,4301,4516,7582,1063,172,ITI,ITI2,10,Umbria,Umbria,882015,561850,63.7,1.0
2953,2021-05-18,UMB,7753,3359,4394,3828,3841,84,ITI,ITI2,10,Umbria,Umbria,882015,569603,64.58,0.88
2954,2021-03-22,UMB,3561,1656,1905,2305,1246,10,ITI,ITI2,10,Umbria,Umbria,882015,573164,64.98,0.4
2955,2021-04-05,UMB,4251,1729,2522,2182,2057,12,ITI,ITI2,10,Umbria,Umbria,882015,577415,65.47,0.48
2956,2021-02-07,UMB,54,17,37,1,53,0,ITI,ITI2,10,Umbria,Umbria,882015,577469,65.47,0.01
2957,2021-07-14,UMB,6198,3008,3190,1629,4262,307,ITI,ITI2,10,Umbria,Umbria,882015,583667,66.17,0.7
2958,2021-06-18,UMB,4775,2355,2420,1568,3158,49,ITI,ITI2,10,Umbria,Umbria,882015,588442,66.72,0.54
2959,2021-07-05,UMB,8417,4081,4336,153,8250,14,ITI,ITI2,10,Umbria,Umbria,882015,596859,67.67,0.95
2960,2021-05-13,UMB,5941,2670,3271,3727,2085,129,ITI,ITI2,10,Umbria,Umbria,882015,602800,68.34,0.67
2961,2021-08-21,UMB,2782,1462,1320,1605,1112,65,ITI,ITI2,10,Umbria,Umbria,882015,605582,68.66,0.32
2962,2021-02-19,UMB,743,293,450,525,217,1,ITI,ITI2,10,Umbria,Umbria,882015,606325,68.74,0.08
2963,2021-03-13,UMB,1735,524,1211,1486,249,0,ITI,ITI2,10,Umbria,Umbria,882015,608060,68.94,0.2
2964,2021-01-15,UMB,695,213,482,695,0,0,ITI,ITI2,10,Umbria,Umbria,882015,608755,69.02,0.08
2965,2021-01-29,UMB,1233,350,883,80,1153,0,ITI,ITI2,10,Umbria,Umbria,882015,609988,69.16,0.14
2966,2021-05-09,UMB,5756,2754,3002,5245,391,120,ITI,ITI2,10,Umbria,Umbria,882015,615744,69.81,0.65
2967,2021-07-09,UMB,9559,4629,4930,129,9406,24,ITI,ITI2,10,Umbria,Umbria,882015,625303,70.89,1.08
2968,2021-05-01,UMB,5371,2638,2733,2097,3230,44,ITI,ITI2,10,Umbria,Umbria,882015,630674,71.5,0.61
2969,2021-03-05,UMB,4619,1402,3217,3947,657,15,ITI,ITI2,10,Umbria,Umbria,882015,635293,72.03,0.52
2970,2021-08-09,UMB,6685,3543,3142,3499,3028,158,ITI,ITI2,10,Umbria,Umbria,882015,641978,72.79,0.76
2971,2021-03-03,UMB,4432,1772,2660,3718,711,3,ITI,ITI2,10,Umbria,Umbria,882015,646410,73.29,0.5
2972,2021-08-11,UMB,7600,4080,3520,3717,3702,181,ITI,ITI2,10,Umbria,Umbria,882015,654010,74.15,0.86
2973,2021-06-06,UMB,7609,3905,3704,6791,694,124,ITI,ITI2,10,Umbria,Umbria,882015,661619,75.01,0.86
2974,2021-06-27,UMB,7460,3732,3728,1728,5670,62,ITI,ITI2,10,Umbria,Umbria,882015,669079,75.86,0.85
2975,2021-07-28,UMB,8233,4331,3902,2967,5153,113,ITI,ITI2,10,Umbria,Umbria,882015,677312,76.79,0.93
2976,2021-02-11,UMB,839,348,491,834,5,0,ITI,ITI2,10,Umbria,Umbria,882015,678151,76.89,0.1
2977,2021-05-22,UMB,6974,2755,4219,2601,4326,47,ITI,ITI2,10,Umbria,Umbria,882015,685125,77.68,0.79
2978,2021-02-24,UMB,1519,563,956,1504,15,0,ITI,ITI2,10,Umbria,Umbria,882015,686644,77.85,0.17
2979,2021-08-18,UMB,4687,2454,2233,3426,1144,117,ITI,ITI2,10,Umbria,Umbria,882015,691331,78.38,0.53
2980,2021-07-06,UMB,8593,4093,4500,150,8420,23,ITI,ITI2,10,Umbria,Umbria,882015,699924,79.36,0.97
2981,2021-05-10,UMB,5996,2803,3193,3730,2151,115,ITI,ITI2,10,Umbria,Umbria,882015,705920,80.03,0.68
2982,2021-08-04,UMB,10627,5525,5102,3294,7165,168,ITI,ITI2,10,Umbria,Umbria,882015,716547,81.24,1.2
2983,2021-06-01,UMB,4383,2089,2294,4155,156,72,ITI,ITI2,10,Umbria,Umbria,882015,720930,81.74,0.5
2984,2021-03-10,UMB,4031,1943,2088,2759,1257,15,ITI,ITI2,10,Umbria,Umbria,882015,724961,82.19,0.46
2985,2021-01-16,UMB,217,71,146,216,0,1,ITI,ITI2,10,Umbria,Umbria,882015,725178,82.22,0.02
2986,2021-02-02,UMB,943,272,671,32,911,0,ITI,ITI2,10,Umbria,Umbria,882015,726121,82.33,0.11
2987,2021-08-01,UMB,3020,1530,1490,1324,1650,46,ITI,ITI2,10,Umbria,Umbria,882015,729141,82.67,0.34
2988,2021-07-18,UMB,7853,4063,3790,273,7553,27,ITI,ITI2,10,Umbria,Umbria,882015,736994,83.56,0.89
2989,2021-06-05,UMB,8225,3775,4450,5412,2655,158,ITI,ITI2,10,Umbria,Umbria,882015,745219,84.49,0.93
2990,2021-08-14,UMB,5837,3228,2609,2915,2776,146,ITI,ITI2,10,Umbria,Umbria,882015,751056,85.15,0.66
2991,2021-03-17,UMB,3330,1313,2017,1855,1473,2,ITI,ITI2,10,Umbria,Umbria,882015,754386,85.53,0.38
2992,2021-01-07,UMB,1301,388,913,1301,0,0,ITI,ITI2,10,Umbria,Umbria,882015,755687,85.68,0.15
2993,2021-06-25,UMB,10187,5292,4895,5253,4777,157,ITI,ITI2,10,Umbria,Umbria,882015,765874,86.83,1.15
2994,2021-01-26,UMB,816,390,426,17,799,0,ITI,ITI2,10,Umbria,Umbria,882015,766690,86.92,0.09
2995,2021-02-12,UMB,672,224,448,666,6,0,ITI,ITI2,10,Umbria,Umbria,882015,767362,87.0,0.08
2996,2021-02-26,UMB,660,253,407,650,8,2,ITI,ITI2,10,Umbria,Umbria,882015,768022,87.08,0.07
2997,2021-07-11,UMB,5875,2967,2908,89,5785,1,ITI,ITI2,10,Umbria,Umbria,882015,773897,87.74,0.67
2998,2021-04-02,UMB,4343,1778,2565,3543,755,45,ITI,ITI2,10,Umbria,Umbria,882015,778240,88.23,0.49
2999,2021-01-09,UMB,1717,495,1222,1717,0,0,ITI,ITI2,10,Umbria,Umbria,882015,779957,88.43,0.19
3000,2021-04-19,UMB,5036,2227,2809,2933,2048,55,ITI,ITI2,10,Umbria,Umbria,882015,784993,89.0,0.57
3001,2021-05-08,UMB,8147,3744,4403,4798,3244,105,ITI,ITI2,10,Umbria,Umbria,882015,793140,89.92,0.92
3002,2021-01-28,UMB,1248,394,854,18,1230,0,ITI,ITI2,10,Umbria,Umbria,882015,794388,90.07,0.14
3003,2021-05-03,UMB,5087,2271,2816,2096,2887,104,ITI,ITI2,10,Umbria,Umbria,882015,799475,90.64,0.58
3004,2021-01-23,UMB,280,100,180,2,278,0,ITI,ITI2,10,Umbria,Umbria,882015,799755,90.67,0.03
3005,2021-01-21,UMB,608,202,406,338,269,1,ITI,ITI2,10,Umbria,Umbria,882015,800363,90.74,0.07
3006,2021-07-23,UMB,10645,5444,5201,1325,9214,106,ITI,ITI2,10,Umbria,Umbria,882015,811008,91.95,1.21
3007,2021-07-16,UMB,9625,4898,4727,665,8881,79,ITI,ITI2,10,Umbria,Umbria,882015,820633,93.04,1.09
3008,2021-05-20,UMB,9859,4603,5256,6094,3657,108,ITI,ITI2,10,Umbria,Umbria,882015,830492,94.16,1.12
3009,2021-08-20,UMB,4293,2274,2019,2882,1269,142,ITI,ITI2,10,Umbria,Umbria,882015,834785,94.65,0.49
3010,2021-04-17,UMB,6692,3074,3618,5184,1341,167,ITI,ITI2,10,Umbria,Umbria,882015,841477,95.4,0.76
3011,2021-01-05,UMB,855,430,425,855,0,0,ITI,ITI2,10,Umbria,Umbria,882015,842332,95.5,0.1
3012,2021-07-25,UMB,7305,3849,3456,1166,6095,44,ITI,ITI2,10,Umbria,Umbria,882015,849637,96.33,0.83
3013,2021-08-02,UMB,5529,2896,2633,256,5251,22,ITI,ITI2,10,Umbria,Umbria,882015,855166,96.96,0.63
3014,2021-06-20,UMB,6219,3007,3212,1575,4603,41,ITI,ITI2,10,Umbria,Umbria,882015,861385,97.66,0.71
3015,2021-04-24,UMB,4562,1961,2601,3274,1183,105,ITI,ITI2,10,Umbria,Umbria,882015,865947,98.18,0.52
3016,2021-01-12,UMB,835,247,588,835,0,0,ITI,ITI2,10,Umbria,Umbria,882015,866782,98.27,0.09
3017,2021-03-14,UMB,66,48,18,66,0,0,ITI,ITI2,10,Umbria,Umbria,882015,866848,98.28,0.01
3018,2021-06-22,UMB,8039,4081,3958,5143,2796,100,ITI,ITI2,10,Umbria,Umbria,882015,874887,99.19,0.91
3019,2021-03-12,UMB,2695,1082,1613,2191,496,8,ITI,ITI2,10,Umbria,Umbria,882015,877582,99.5,0.31
3020,2021-03-21,UMB,675,338,337,672,0,3,ITI,ITI2,10,Umbria,Umbria,882015,878257,99.57,0.08
3021,2021-06-29,UMB,9890,5036,4854,4107,5692,91,ITI,ITI2,10,Umbria,Umbria,882015,888147,100.7,1.12
3022,2021-05-17,UMB,6373,3064,3309,4108,2179,86,ITI,ITI2,10,Umbria,Umbria,882015,894520,101.42,0.72
3023,2021-01-14,UMB,723,192,531,723,0,0,ITI,ITI2,10,Umbria,Umbria,882015,895243,101.5,0.08
3024,2021-03-19,UMB,1743,565,1178,1082,656,5,ITI,ITI2,10,Umbria,Umbria,882015,896986,101.7,0.2
3025,2021-04-26,UMB,5398,2341,3057,3103,2255,40,ITI,ITI2,10,Umbria,Umbria,882015,902384,102.31,0.61
3026,2021-04-09,UMB,6741,3126,3615,6406,215,120,ITI,ITI2,10,Umbria,Umbria,882015,909125,103.07,0.76
3027,2021-04-28,UMB,5390,2330,3060,2937,2396,57,ITI,ITI2,10,Umbria,Umbria,882015,914515,103.68,0.61
3028,2021-08-06,UMB,8216,4297,3919,3322,4806,88,ITI,ITI2,10,Umbria,Umbria,882015,922731,104.62,0.93
3029,2021-02-04,UMB,734,226,508,26,708,0,ITI,ITI2,10,Umbria,Umbria,882015,923465,104.7,0.08
3030,2021-05-15,UMB,4992,1883,3109,1765,3164,63,ITI,ITI2,10,Umbria,Umbria,882015,928457,105.27,0.57
3031,2021-02-21,UMB,1,0,1,1,0,0,ITI,ITI2,10,Umbria,Umbria,882015,928458,105.27,0.0
3032,2021-05-06,UMB,9461,4320,5141,6022,3314,125,ITI,ITI2,10,Umbria,Umbria,882015,937919,106.34,1.07
3033,2021-06-10,UMB,7555,3762,3793,6460,784,311,ITI,ITI2,10,Umbria,Umbria,882015,945474,107.19,0.86
3034,2021-08-13,UMB,6952,3863,3089,4238,2519,195,ITI,ITI2,10,Umbria,Umbria,882015,952426,107.98,0.79
3035,2021-03-31,UMB,3896,1727,2169,2179,1685,32,ITI,ITI2,10,Umbria,Umbria,882015,956322,108.42,0.44
3036,2021-07-13,UMB,4232,2006,2226,78,4146,8,ITI,ITI2,10,Umbria,Umbria,882015,960554,108.9,0.48
3037,2021-04-21,UMB,5328,2320,3008,3059,2230,39,ITI,ITI2,10,Umbria,Umbria,882015,965882,109.51,0.6
3038,2021-07-30,UMB,6204,3232,2972,3180,2906,118,ITI,ITI2,10,Umbria,Umbria,882015,972086,110.21,0.7
3039,2021-02-16,UMB,1308,655,653,1299,9,0,ITI,ITI2,10,Umbria,Umbria,882015,973394,110.36,0.15
3040,2021-05-27,UMB,9973,4865,5108,8472,1319,182,ITI,ITI2,10,Umbria,Umbria,882015,983367,111.49,1.13
3041,2021-01-04,UMB,809,398,411,809,0,0,ITI,ITI2,10,Umbria,Umbria,882015,984176,111.58,0.09
3042,2021-04-14,UMB,8154,3680,4474,6097,1979,78,ITI,ITI2,10,Umbria,Umbria,882015,992330,112.51,0.92
3043,2021-06-03,UMB,9045,4470,4575,8584,290,171,ITI,ITI2,10,Umbria,Umbria,882015,1001375,113.53,1.03
3044,2021-04-07,UMB,5621,2303,3318,3529,2006,86,ITI,ITI2,10,Umbria,Umbria,882015,1006996,114.17,0.64
3045,2021-02-23,UMB,1691,657,1034,1649,42,0,ITI,ITI2,10,Umbria,Umbria,882015,1008687,114.36,0.19
3046,2021-03-02,UMB,3642,1346,2296,3635,4,3,ITI,ITI2,10,Umbria,Umbria,882015,1012329,114.77,0.41
3047,2021-06-24,UMB,10155,5117,5038,6005,4008,142,ITI,ITI2,10,Umbria,Umbria,882015,1022484,115.93,1.15
3048,2021-08-07,UMB,7224,3798,3426,2539,4613,72,ITI,ITI2,10,Umbria,Umbria,882015,1029708,116.74,0.82
3049,2021-05-16,UMB,5218,2493,2725,5085,50,83,ITI,ITI2,10,Umbria,Umbria,882015,1034926,117.34,0.59
3050,2021-08-05,UMB,9674,5069,4605,3830,5681,163,ITI,ITI2,10,Umbria,Umbria,882015,1044600,118.43,1.1
3051,2021-07-19,UMB,7639,3820,3819,1505,6033,101,ITI,ITI2,10,Umbria,Umbria,882015,1052239,119.3,0.87
3052,2021-04-27,UMB,5667,2401,3266,3055,2579,33,ITI,ITI2,10,Umbria,Umbria,882015,1057906,119.94,0.64
3053,2021-02-03,UMB,724,174,550,67,657,0,ITI,ITI2,10,Umbria,Umbria,882015,1058630,120.02,0.08
3054,2021-02-05,UMB,780,234,546,18,762,0,ITI,ITI2,10,Umbria,Umbria,882015,1059410,120.11,0.09
3055,2021-07-21,UMB,9845,4911,4934,1227,8531,87,ITI,ITI2,10,Umbria,Umbria,882015,1069255,121.23,1.12
3056,2021-07-04,UMB,3407,1740,1667,2343,968,96,ITI,ITI2,10,Umbria,Umbria,882015,1072662,121.61,0.39
3057,2021-04-12,UMB,7084,3080,4004,5309,1717,58,ITI,ITI2,10,Umbria,Umbria,882015,1079746,122.42,0.8
3058,2021-01-19,UMB,102,23,79,102,0,0,ITI,ITI2,10,Umbria,Umbria,882015,1079848,122.43,0.01
3059,2021-04-29,UMB,5217,2251,2966,2806,2322,89,ITI,ITI2,10,Umbria,Umbria,882015,1085065,123.02,0.59
3060,2021-03-24,UMB,4104,1792,2312,2744,1323,37,ITI,ITI2,10,Umbria,Umbria,882015,1089169,123.49,0.47
3061,2021-07-02,UMB,8742,4327,4415,2964,5602,176,ITI,ITI2,10,Umbria,Umbria,882015,1097911,124.48,0.99
3062,2021-04-10,UMB,7395,3479,3916,7178,84,133,ITI,ITI2,10,Umbria,Umbria,882015,1105306,125.32,0.84
3063,2021-01-17,UMB,54,17,37,54,0,0,ITI,ITI2,10,Umbria,Umbria,882015,1105360,125.32,0.01
3064,2020-12-31,UMB,322,127,195,322,0,0,ITI,ITI2,10,Umbria,Umbria,882015,1105682,125.36,0.04
3065,2021-06-15,UMB,5982,3014,2968,3793,2071,118,ITI,ITI2,10,Umbria,Umbria,882015,1111664,126.04,0.68
3066,2021-06-17,UMB,6968,3542,3426,4747,2079,142,ITI,ITI2,10,Umbria,Umbria,882015,1118632,126.83,0.79
3067,2021-03-26,UMB,4596,1717,2879,4345,172,79,ITI,ITI2,10,Umbria,Umbria,882015,1123228,127.35,0.52
3068,2021-01-02,UMB,304,111,193,304,0,0,ITI,ITI2,10,Umbria,Umbria,882015,1123532,127.38,0.03
3069,2021-03-07,UMB,845,180,665,837,7,1,ITI,ITI2,10,Umbria,Umbria,882015,1124377,127.48,0.1
3070,2021-05-29,UMB,7859,3612,4247,6177,1568,114,ITI,ITI2,10,Umbria,Umbria,882015,1132236,128.37,0.89
3071,2021-02-05,VDA,296,103,193,102,194,0,ITC,ITC2,2,Valle d'Aosta / Vallée d'Aoste,Valle d'Aosta,125666,296,0.24,0.24
3072,2021-02-22,VDA,317,94,223,210,104,3,ITC,ITC2,2,Valle d'Aosta / Vallée d'Aoste,Valle d'Aosta,125666,613,0.49,0.25
3073,2021-05-16,VDA,690,342,348,340,342,8,ITC,ITC2,2,Valle d'Aosta / Vallée d'Aoste,Valle d'Aosta,125666,1303,1.04,0.55
3074,2021-08-07,VDA,739,433,306,304,421,14,ITC,ITC2,2,Valle d'Aosta / Vallée d'Aoste,Valle d'Aosta,125666,2042,1.62,0.59
3075,2021-02-03,VDA,354,116,238,15,339,0,ITC,ITC2,2,Valle d'Aosta / Vallée d'Aoste,Valle d'Aosta,125666,2396,1.91,0.28
3076,2021-04-01,VDA,778,394,384,747,12,19,ITC,ITC2,2,Valle d'Aosta / Vallée d'Aoste,Valle d'Aosta,125666,3174,2.53,0.62
3077,2021-03-08,VDA,488,233,255,240,245,3,ITC,ITC2,2,Valle d'Aosta / Vallée d'Aoste,Valle d'Aosta,125666,3662,2.91,0.39
3078,2021-08-12,VDA,375,204,171,117,248,10,ITC,ITC2,2,Valle d'Aosta / Vallée d'Aoste,Valle d'Aosta,125666,4037,3.21,0.3
3079,2021-05-04,VDA,1136,511,625,434,674,28,ITC,ITC2,2,Valle d'Aosta / Vallée d'Aoste,Valle d'Aosta,125666,5173,4.12,0.9
3080,2021-06-16,VDA,1062,565,497,664,394,4,ITC,ITC2,2,Valle d'Aosta / Vallée d'Aoste,Valle d'Aosta,125666,6235,4.96,0.85
3081,2021-03-15,VDA,387,141,246,175,203,9,ITC,ITC2,2,Valle d'Aosta / Vallée d'Aoste,Valle d'Aosta,125666,6622,5.27,0.31
3082,2021-08-19,VDA,265,158,107,70,180,15,ITC,ITC2,2,Valle d'Aosta / Vallée d'Aoste,Valle d'Aosta,125666,6887,5.48,0.21
3083,2021-05-11,VDA,649,326,323,471,150,28,ITC,ITC2,2,Valle d'Aosta / Vallée d'Aoste,Valle d'Aosta,125666,7536,6.0,0.52
3084,2021-04-27,VDA,979,424,555,651,292,36,ITC,ITC2,2,Valle d'Aosta / Vallée d'Aoste,Valle d'Aosta,125666,8515,6.78,0.78
3085,2021-01-17,VDA,131,56,75,131,0,0,ITC,ITC2,2,Valle d'Aosta / Vallée d'Aoste,Valle d'Aosta,125666,8646,6.88,0.1
3086,2021-06-23,VDA,1044,551,493,422,617,5,ITC,ITC2,2,Valle d'Aosta / Vallée d'Aoste,Valle d'Aosta,125666,9690,7.71,0.83
3087,2021-07-12,VDA,979,483,496,238,733,8,ITC,ITC2,2,Valle d'Aosta / Vallée d'Aoste,Valle d'Aosta,125666,10669,8.49,0.78
3088,2021-04-03,VDA,676,341,335,649,15,12,ITC,ITC2,2,Valle d'Aosta / Vallée d'Aoste,Valle d'Aosta,125666,11345,9.03,0.54
3089,2021-03-20,VDA,209,87,122,168,36,5,ITC,ITC2,2,Valle d'Aosta / Vallée d'Aoste,Valle d'Aosta,125666,11554,9.19,0.17
3090,2021-06-28,VDA,989,497,492,328,658,3,ITC,ITC2,2,Valle d'Aosta / Vallée d'Aoste,Valle d'Aosta,125666,12543,9.98,0.79
3091,2021-06-11,VDA,1048,484,564,755,283,10,ITC,ITC2,2,Valle d'Aosta / Vallée d'Aoste,Valle d'Aosta,125666,13591,10.82,0.83
3092,2021-04-15,VDA,814,378,436,641,140,33,ITC,ITC2,2,Valle d'Aosta / Vallée d'Aoste,Valle d'Aosta,125666,14405,11.46,0.65
3093,2021-07-07,VDA,793,440,353,413,363,17,ITC,ITC2,2,Valle d'Aosta / Vallée d'Aoste,Valle d'Aosta,125666,15198,12.09,0.63
3094,2021-07-24,VDA,1018,535,483,332,683,3,ITC,ITC2,2,Valle d'Aosta / Vallée d'Aoste,Valle d'Aosta,125666,16216,12.9,0.81
3095,2021-01-27,VDA,155,74,81,80,75,0,ITC,ITC2,2,Valle d'Aosta / Vallée d'Aoste,Valle d'Aosta,125666,16371,13.03,0.12
3096,2021-04-20,VDA,935,430,505,709,194,32,ITC,ITC2,2,Valle d'Aosta / Vallée d'Aoste,Valle d'Aosta,125666,17306,13.77,0.74
3097,2021-01-10,VDA,220,71,149,211,0,9,ITC,ITC2,2,Valle d'Aosta / Vallée d'Aoste,Valle d'Aosta,125666,17526,13.95,0.18
3098,2020-12-27,VDA,20,9,11,20,0,0,ITC,ITC2,2,Valle d'Aosta / Vallée d'Aoste,Valle d'Aosta,125666,17546,13.96,0.02
3099,2021-05-30,VDA,865,429,436,682,171,12,ITC,ITC2,2,Valle d'Aosta / Vallée d'Aoste,Valle d'Aosta,125666,18411,14.65,0.69
3100,2021-07-26,VDA,1005,512,493,313,687,5,ITC,ITC2,2,Valle d'Aosta / Vallée d'Aoste,Valle d'Aosta,125666,19416,15.45,0.8
3101,2021-05-28,VDA,977,415,562,545,413,19,ITC,ITC2,2,Valle d'Aosta / Vallée d'Aoste,Valle d'Aosta,125666,20393,16.23,0.78
3102,2021-02-17,VDA,328,145,183,223,101,4,ITC,ITC2,2,Valle d'Aosta / Vallée d'Aoste,Valle d'Aosta,125666,20721,16.49,0.26
3103,2021-05-02,VDA,765,345,420,581,160,24,ITC,ITC2,2,Valle d'Aosta / Vallée d'Aoste,Valle d'Aosta,125666,21486,17.1,0.61
3104,2021-01-22,VDA,58,22,36,22,36,0,ITC,ITC2,2,Valle d'Aosta / Vallée d'Aoste,Valle d'Aosta,125666,21544,17.14,0.05
3105,2021-01-08,VDA,301,131,170,301,0,0,ITC,ITC2,2,Valle d'Aosta / Vallée d'Aoste,Valle d'Aosta,125666,21845,17.38,0.24
3106,2021-03-06,VDA,22,4,18,18,0,4,ITC,ITC2,2,Valle d'Aosta / Vallée d'Aoste,Valle d'Aosta,125666,21867,17.4,0.02
3107,2021-06-04,VDA,910,385,525,469,435,6,ITC,ITC2,2,Valle d'Aosta / Vallée d'Aoste,Valle d'Aosta,125666,22777,18.13,0.72
3108,2021-07-23,VDA,972,485,487,363,606,3,ITC,ITC2,2,Valle d'Aosta / Vallée d'Aoste,Valle d'Aosta,125666,23749,18.9,0.77
3109,2021-07-19,VDA,878,460,418,254,619,5,ITC,ITC2,2,Valle d'Aosta / Vallée d'Aoste,Valle d'Aosta,125666,24627,19.6,0.7
3110,2021-02-24,VDA,185,84,101,163,21,1,ITC,ITC2,2,Valle d'Aosta / Vallée d'Aoste,Valle d'Aosta,125666,24812,19.74,0.15
3111,2021-04-08,VDA,585,282,303,419,144,22,ITC,ITC2,2,Valle d'Aosta / Vallée d'Aoste,Valle d'Aosta,125666,25397,20.21,0.47
3112,2021-06-13,VDA,856,403,453,371,482,3,ITC,ITC2,2,Valle d'Aosta / Vallée d'Aoste,Valle d'Aosta,125666,26253,20.89,0.68
3113,2021-06-30,VDA,1120,543,577,417,694,9,ITC,ITC2,2,Valle d'Aosta / Vallée d'Aoste,Valle d'Aosta,125666,27373,21.78,0.89
3114,2021-04-13,VDA,373,171,202,311,44,18,ITC,ITC2,2,Valle d'Aosta / Vallée d'Aoste,Valle d'Aosta,125666,27746,22.08,0.3
3115,2021-07-05,VDA,835,356,479,313,509,13,ITC,ITC2,2,Valle d'Aosta / Vallée d'Aoste,Valle d'Aosta,125666,28581,22.74,0.66
3116,2021-03-27,VDA,337,166,171,292,31,14,ITC,ITC2,2,Valle d'Aosta / Vallée d'Aoste,Valle d'Aosta,125666,28918,23.01,0.27
3117,2021-06-18,VDA,1000,443,557,588,400,12,ITC,ITC2,2,Valle d'Aosta / Vallée d'Aoste,Valle d'Aosta,125666,29918,23.81,0.8
3118,2021-05-23,VDA,999,465,534,653,340,6,ITC,ITC2,2,Valle d'Aosta / Vallée d'Aoste,Valle d'Aosta,125666,30917,24.6,0.79
3119,2021-01-29,VDA,321,139,182,2,319,0,ITC,ITC2,2,Valle d'Aosta / Vallée d'Aoste,Valle d'Aosta,125666,31238,24.86,0.26
3120,2021-04-22,VDA,1068,450,618,652,383,33,ITC,ITC2,2,Valle d'Aosta / Vallée d'Aoste,Valle d'Aosta,125666,32306,25.71,0.85
3121,2021-05-09,VDA,574,287,287,425,130,19,ITC,ITC2,2,Valle d'Aosta / Vallée d'Aoste,Valle d'Aosta,125666,32880,26.16,0.46
3122,2021-07-31,VDA,889,464,425,318,558,13,ITC,ITC2,2,Valle d'Aosta / Vallée d'Aoste,Valle d'Aosta,125666,33769,26.87,0.71
3123,2021-06-09,VDA,1050,558,492,1007,35,8,ITC,ITC2,2,Valle d'Aosta / Vallée d'Aoste,Valle d'Aosta,125666,34819,27.71,0.84
3124,2021-03-01,VDA,181,66,115,139,34,8,ITC,ITC2,2,Valle d'Aosta / Vallée d'Aoste,Valle d'Aosta,125666,35000,27.85,0.14
3125,2021-02-15,VDA,264,136,128,225,35,4,ITC,ITC2,2,Valle d'Aosta / Vallée d'Aoste,Valle d'Aosta,125666,35264,28.06,0.21
3126,2021-08-14,VDA,465,256,209,135,314,16,ITC,ITC2,2,Valle d'Aosta / Vallée d'Aoste,Valle d'Aosta,125666,35729,28.43,0.37
3127,2021-03-13,VDA,147,88,59,141,0,6,ITC,ITC2,2,Valle d'Aosta / Vallée d'Aoste,Valle d'Aosta,125666,35876,28.55,0.12
3128,2021-01-15,VDA,220,83,137,220,0,0,ITC,ITC2,2,Valle d'Aosta / Vallée d'Aoste,Valle d'Aosta,125666,36096,28.72,0.18
3129,2021-02-10,VDA,248,77,171,141,107,0,ITC,ITC2,2,Valle d'Aosta / Vallée d'Aoste,Valle d'Aosta,125666,36344,28.92,0.2
3130,2021-03-25,VDA,389,154,235,364,10,15,ITC,ITC2,2,Valle d'Aosta / Vallée d'Aoste,Valle d'Aosta,125666,36733,29.23,0.31
3131,2021-05-21,VDA,933,443,490,517,401,15,ITC,ITC2,2,Valle d'Aosta / Vallée d'Aoste,Valle d'Aosta,125666,37666,29.97,0.74
3132,2021-04-17,VDA,638,407,231,593,2,43,ITC,ITC2,2,Valle d'Aosta / Vallée d'Aoste,Valle d'Aosta,125666,38304,30.48,0.51
3133,2021-01-07,VDA,280,113,167,280,0,0,ITC,ITC2,2,Valle d'Aosta / Vallée d'Aoste,Valle d'Aosta,125666,38584,30.7,0.22
3134,2021-01-19,VDA,256,77,179,256,0,0,ITC,ITC2,2,Valle d'Aosta / Vallée d'Aoste,Valle d'Aosta,125666,38840,30.91,0.2
3135,2021-04-12,VDA,487,187,300,305,164,18,ITC,ITC2,2,Valle d'Aosta / Vallée d'Aoste,Valle d'Aosta,125666,39327,31.29,0.39
3136,2021-04-29,VDA,1293,636,657,740,532,21,ITC,ITC2,2,Valle d'Aosta / Vallée d'Aoste,Valle d'Aosta,125666,40620,32.32,1.03
3137,2021-07-21,VDA,1166,637,529,310,849,7,ITC,ITC2,2,Valle d'Aosta / Vallée d'Aoste,Valle d'Aosta,125666,41786,33.25,0.93
3138,2021-07-04,VDA,1192,530,662,349,829,14,ITC,ITC2,2,Valle d'Aosta / Vallée d'Aoste,Valle d'Aosta,125666,42978,34.2,0.95
3139,2021-01-31,VDA,291,91,200,58,233,0,ITC,ITC2,2,Valle d'Aosta / Vallée d'Aoste,Valle d'Aosta,125666,43269,34.43,0.23
3140,2021-03-17,VDA,433,185,248,259,160,14,ITC,ITC2,2,Valle d'Aosta / Vallée d'Aoste,Valle d'Aosta,125666,43702,34.78,0.34
3141,2021-03-03,VDA,258,119,139,182,71,5,ITC,ITC2,2,Valle d'Aosta / Vallée d'Aoste,Valle d'Aosta,125666,43960,34.98,0.21
3142,2021-07-16,VDA,1077,554,523,345,731,1,ITC,ITC2,2,Valle d'Aosta / Vallée d'Aoste,Valle d'Aosta,125666,45037,35.84,0.86
3143,2021-01-26,VDA,149,52,97,2,147,0,ITC,ITC2,2,Valle d'Aosta / Vallée d'Aoste,Valle d'Aosta,125666,45186,35.96,0.12
3144,2021-02-12,VDA,263,96,167,216,46,1,ITC,ITC2,2,Valle d'Aosta / Vallée d'Aoste,Valle d'Aosta,125666,45449,36.17,0.21
3145,2021-05-25,VDA,1117,532,585,530,575,12,ITC,ITC2,2,Valle d'Aosta / Vallée d'Aoste,Valle d'Aosta,125666,46566,37.06,0.89
3146,2021-02-14,VDA,48,16,32,1,47,0,ITC,ITC2,2,Valle d'Aosta / Vallée d'Aoste,Valle d'Aosta,125666,46614,37.09,0.04
3147,2021-05-08,VDA,908,543,365,498,382,28,ITC,ITC2,2,Valle d'Aosta / Vallée d'Aoste,Valle d'Aosta,125666,47522,37.82,0.72
3148,2021-08-16,VDA,418,207,211,125,276,17,ITC,ITC2,2,Valle d'Aosta / Vallée d'Aoste,Valle d'Aosta,125666,47940,38.15,0.33
3149,2021-04-05,VDA,465,223,242,440,6,19,ITC,ITC2,2,Valle d'Aosta / Vallée d'Aoste,Valle d'Aosta,125666,48405,38.52,0.37
3150,2021-06-27,VDA,1253,608,645,311,931,11,ITC,ITC2,2,Valle d'Aosta / Vallée d'Aoste,Valle d'Aosta,125666,49658,39.52,1.0
3151,2021-07-14,VDA,1021,534,487,293,728,0,ITC,ITC2,2,Valle d'Aosta / Vallée d'Aoste,Valle d'Aosta,125666,50679,40.33,0.81
3152,2021-06-08,VDA,770,408,362,733,33,4,ITC,ITC2,2,Valle d'Aosta / Vallée d'Aoste,Valle d'Aosta,125666,51449,40.94,0.61
3153,2021-02-26,VDA,209,58,151,109,86,14,ITC,ITC2,2,Valle d'Aosta / Vallée d'Aoste,Valle d'Aosta,125666,51658,41.11,0.17
3154,2021-04-10,VDA,405,191,214,388,5,12,ITC,ITC2,2,Valle d'Aosta / Vallée d'Aoste,Valle d'Aosta,125666,52063,41.43,0.32
3155,2020-12-31,VDA,18,4,14,18,0,0,ITC,ITC2,2,Valle d'Aosta / Vallée d'Aoste,Valle d'Aosta,125666,52081,41.44,0.01
3156,2021-06-06,VDA,1160,582,578,781,373,6,ITC,ITC2,2,Valle d'Aosta / Vallée d'Aoste,Valle d'Aosta,125666,53241,42.37,0.92
3157,2021-03-31,VDA,555,302,253,511,26,18,ITC,ITC2,2,Valle d'Aosta / Vallée d'Aoste,Valle d'Aosta,125666,53796,42.81,0.44
3158,2021-05-27,VDA,1093,498,595,575,506,12,ITC,ITC2,2,Valle d'Aosta / Vallée d'Aoste,Valle d'Aosta,125666,54889,43.68,0.87
3159,2021-05-13,VDA,1145,560,585,522,602,21,ITC,ITC2,2,Valle d'Aosta / Vallée d'Aoste,Valle d'Aosta,125666,56034,44.59,0.91
3160,2021-02-02,VDA,283,73,210,2,281,0,ITC,ITC2,2,Valle d'Aosta / Vallée d'Aoste,Valle d'Aosta,125666,56317,44.81,0.23
3161,2021-07-09,VDA,945,446,499,280,656,9,ITC,ITC2,2,Valle d'Aosta / Vallée d'Aoste,Valle d'Aosta,125666,57262,45.57,0.75
3162,2021-06-25,VDA,978,445,533,325,651,2,ITC,ITC2,2,Valle d'Aosta / Vallée d'Aoste,Valle d'Aosta,125666,58240,46.35,0.78
3163,2021-08-21,VDA,441,221,220,93,331,17,ITC,ITC2,2,Valle d'Aosta / Vallée d'Aoste,Valle d'Aosta,125666,58681,46.7,0.35
3164,2021-02-19,VDA,292,102,190,266,24,2,ITC,ITC2,2,Valle d'Aosta / Vallée d'Aoste,Valle d'Aosta,125666,58973,46.93,0.23
3165,2021-08-04,VDA,1044,571,473,371,656,17,ITC,ITC2,2,Valle d'Aosta / Vallée d'Aoste,Valle d'Aosta,125666,60017,47.76,0.83
3166,2021-01-05,VDA,151,55,96,151,0,0,ITC,ITC2,2,Valle d'Aosta / Vallée d'Aoste,Valle d'Aosta,125666,60168,47.88,0.12
3167,2021-01-14,VDA,237,69,168,237,0,0,ITC,ITC2,2,Valle d'Aosta / Vallée d'Aoste,Valle d'Aosta,125666,60405,48.07,0.19
3168,2021-08-02,VDA,759,407,352,303,446,10,ITC,ITC2,2,Valle d'Aosta / Vallée d'Aoste,Valle d'Aosta,125666,61164,48.67,0.6
3169,2021-04-24,VDA,723,401,322,534,167,22,ITC,ITC2,2,Valle d'Aosta / Vallée d'Aoste,Valle d'Aosta,125666,61887,49.25,0.58
3170,2021-07-28,VDA,1423,765,658,367,1048,8,ITC,ITC2,2,Valle d'Aosta / Vallée d'Aoste,Valle d'Aosta,125666,63310,50.38,1.13
3171,2021-04-19,VDA,753,326,427,520,209,24,ITC,ITC2,2,Valle d'Aosta / Vallée d'Aoste,Valle d'Aosta,125666,64063,50.98,0.6
3172,2021-01-16,VDA,237,80,157,237,0,0,ITC,ITC2,2,Valle d'Aosta / Vallée d'Aoste,Valle d'Aosta,125666,64300,51.17,0.19
3173,2021-06-22,VDA,1191,666,525,530,649,12,ITC,ITC2,2,Valle d'Aosta / Vallée d'Aoste,Valle d'Aosta,125666,65491,52.12,0.95
3174,2021-03-14,VDA,392,200,192,373,0,19,ITC,ITC2,2,Valle d'Aosta / Vallée d'Aoste,Valle d'Aosta,125666,65883,52.43,0.31
3175,2021-03-22,VDA,561,205,356,324,229,8,ITC,ITC2,2,Valle d'Aosta / Vallée d'Aoste,Valle d'Aosta,125666,66444,52.87,0.45
3176,2021-06-05,VDA,926,476,450,729,188,9,ITC,ITC2,2,Valle d'Aosta / Vallée d'Aoste,Valle d'Aosta,125666,67370,53.61,0.74
3177,2021-02-11,VDA,231,107,124,221,9,1,ITC,ITC2,2,Valle d'Aosta / Vallée d'Aoste,Valle d'Aosta,125666,67601,53.79,0.18
3178,2021-07-18,VDA,927,455,472,247,675,5,ITC,ITC2,2,Valle d'Aosta / Vallée d'Aoste,Valle d'Aosta,125666,68528,54.53,0.74
3179,2021-04-09,VDA,238,111,127,201,33,4,ITC,ITC2,2,Valle d'Aosta / Vallée d'Aoste,Valle d'Aosta,125666,68766,54.72,0.19
3180,2021-08-01,VDA,842,445,397,286,547,9,ITC,ITC2,2,Valle d'Aosta / Vallée d'Aoste,Valle d'Aosta,125666,69608,55.39,0.67
3181,2021-01-28,VDA,294,124,170,55,239,0,ITC,ITC2,2,Valle d'Aosta / Vallée d'Aoste,Valle d'Aosta,125666,69902,55.63,0.23
3182,2021-06-15,VDA,924,508,416,654,257,13,ITC,ITC2,2,Valle d'Aosta / Vallée d'Aoste,Valle d'Aosta,125666,70826,56.36,0.74
3183,2021-08-11,VDA,776,380,396,304,452,20,ITC,ITC2,2,Valle d'Aosta / Vallée d'Aoste,Valle d'Aosta,125666,71602,56.98,0.62
3184,2021-03-05,VDA,277,125,152,53,223,1,ITC,ITC2,2,Valle d'Aosta / Vallée d'Aoste,Valle d'Aosta,125666,71879,57.2,0.22
3185,2021-05-22,VDA,956,505,451,545,401,10,ITC,ITC2,2,Valle d'Aosta / Vallée d'Aoste,Valle d'Aosta,125666,72835,57.96,0.76
3186,2021-07-25,VDA,1017,493,524,259,753,5,ITC,ITC2,2,Valle d'Aosta / Vallée d'Aoste,Valle d'Aosta,125666,73852,58.77,0.81
3187,2021-04-16,VDA,599,261,338,565,2,32,ITC,ITC2,2,Valle d'Aosta / Vallée d'Aoste,Valle d'Aosta,125666,74451,59.25,0.48
3188,2021-04-02,VDA,875,345,530,596,226,53,ITC,ITC2,2,Valle d'Aosta / Vallée d'Aoste,Valle d'Aosta,125666,75326,59.94,0.7
3189,2021-05-29,VDA,800,436,364,554,239,7,ITC,ITC2,2,Valle d'Aosta / Vallée d'Aoste,Valle d'Aosta,125666,76126,60.58,0.64
3190,2021-07-11,VDA,908,472,436,254,643,11,ITC,ITC2,2,Valle d'Aosta / Vallée d'Aoste,Valle d'Aosta,125666,77034,61.3,0.72
3191,2021-05-18,VDA,972,484,488,349,619,4,ITC,ITC2,2,Valle d'Aosta / Vallée d'Aoste,Valle d'Aosta,125666,78006,62.07,0.77
3192,2021-02-07,VDA,292,120,172,190,102,0,ITC,ITC2,2,Valle d'Aosta / Vallée d'Aoste,Valle d'Aosta,125666,78298,62.31,0.23
3193,2021-08-09,VDA,674,335,339,254,399,21,ITC,ITC2,2,Valle d'Aosta / Vallée d'Aoste,Valle d'Aosta,125666,78972,62.84,0.54
3194,2021-05-01,VDA,941,564,377,440,484,17,ITC,ITC2,2,Valle d'Aosta / Vallée d'Aoste,Valle d'Aosta,125666,79913,63.59,0.75
3195,2021-04-14,VDA,942,430,512,690,224,28,ITC,ITC2,2,Valle d'Aosta / Vallée d'Aoste,Valle d'Aosta,125666,80855,64.34,0.75
3196,2021-07-06,VDA,884,480,404,157,722,5,ITC,ITC2,2,Valle d'Aosta / Vallée d'Aoste,Valle d'Aosta,125666,81739,65.04,0.7
3197,2021-05-20,VDA,1044,475,569,591,440,13,ITC,ITC2,2,Valle d'Aosta / Vallée d'Aoste,Valle d'Aosta,125666,82783,65.88,0.83
3198,2021-07-02,VDA,869,384,485,302,562,5,ITC,ITC2,2,Valle d'Aosta / Vallée d'Aoste,Valle d'Aosta,125666,83652,66.57,0.69
3199,2021-03-24,VDA,516,230,286,256,257,3,ITC,ITC2,2,Valle d'Aosta / Vallée d'Aoste,Valle d'Aosta,125666,84168,66.98,0.41
3200,2021-05-06,VDA,1083,516,567,665,385,33,ITC,ITC2,2,Valle d'Aosta / Vallée d'Aoste,Valle d'Aosta,125666,85251,67.84,0.86
3201,2021-02-16,VDA,326,53,273,309,6,11,ITC,ITC2,2,Valle d'Aosta / Vallée d'Aoste,Valle d'Aosta,125666,85577,68.1,0.26
3202,2021-04-26,VDA,718,330,388,515,170,33,ITC,ITC2,2,Valle d'Aosta / Vallée d'Aoste,Valle d'Aosta,125666,86295,68.67,0.57
3203,2021-07-01,VDA,962,473,489,328,621,13,ITC,ITC2,2,Valle d'Aosta / Vallée d'Aoste,Valle d'Aosta,125666,87257,69.44,0.77
3204,2021-01-09,VDA,444,199,245,444,0,0,ITC,ITC2,2,Valle d'Aosta / Vallée d'Aoste,Valle d'Aosta,125666,87701,69.79,0.35
3205,2021-06-12,VDA,1234,600,634,1062,167,5,ITC,ITC2,2,Valle d'Aosta / Vallée d'Aoste,Valle d'Aosta,125666,88935,70.77,0.98
3206,2021-03-19,VDA,322,85,237,277,35,10,ITC,ITC2,2,Valle d'Aosta / Vallée d'Aoste,Valle d'Aosta,125666,89257,71.03,0.26
3207,2021-05-07,VDA,566,247,319,516,30,20,ITC,ITC2,2,Valle d'Aosta / Vallée d'Aoste,Valle d'Aosta,125666,89823,71.48,0.45
3208,2021-04-23,VDA,923,443,480,512,383,28,ITC,ITC2,2,Valle d'Aosta / Vallée d'Aoste,Valle d'Aosta,125666,90746,72.21,0.73
3209,2021-01-13,VDA,338,110,228,338,0,0,ITC,ITC2,2,Valle d'Aosta / Vallée d'Aoste,Valle d'Aosta,125666,91084,72.48,0.27
3210,2021-07-29,VDA,996,508,488,319,667,10,ITC,ITC2,2,Valle d'Aosta / Vallée d'Aoste,Valle d'Aosta,125666,92080,73.27,0.79
3211,2021-07-15,VDA,1095,594,501,296,797,2,ITC,ITC2,2,Valle d'Aosta / Vallée d'Aoste,Valle d'Aosta,125666,93175,74.14,0.87
3212,2021-04-06,VDA,743,382,361,598,112,33,ITC,ITC2,2,Valle d'Aosta / Vallée d'Aoste,Valle d'Aosta,125666,93918,74.74,0.59
3213,2021-03-18,VDA,136,43,93,96,37,3,ITC,ITC2,2,Valle d'Aosta / Vallée d'Aoste,Valle d'Aosta,125666,94054,74.84,0.11
3214,2021-06-26,VDA,1065,512,553,351,707,7,ITC,ITC2,2,Valle d'Aosta / Vallée d'Aoste,Valle d'Aosta,125666,95119,75.69,0.85
3215,2021-03-04,VDA,291,139,152,39,250,2,ITC,ITC2,2,Valle d'Aosta / Vallée d'Aoste,Valle d'Aosta,125666,95410,75.92,0.23
3216,2021-05-26,VDA,1212,587,625,567,634,11,ITC,ITC2,2,Valle d'Aosta / Vallée d'Aoste,Valle d'Aosta,125666,96622,76.89,0.96
3217,2021-06-24,VDA,1225,631,594,381,836,8,ITC,ITC2,2,Valle d'Aosta / Vallée d'Aoste,Valle d'Aosta,125666,97847,77.86,0.97
3218,2021-07-03,VDA,936,485,451,390,537,9,ITC,ITC2,2,Valle d'Aosta / Vallée d'Aoste,Valle d'Aosta,125666,98783,78.61,0.74
3219,2021-02-08,VDA,223,83,140,25,198,0,ITC,ITC2,2,Valle d'Aosta / Vallée d'Aoste,Valle d'Aosta,125666,99006,78.79,0.18
3220,2021-01-02,VDA,6,5,1,6,0,0,ITC,ITC2,2,Valle d'Aosta / Vallée d'Aoste,Valle d'Aosta,125666,99012,78.79,0.0
3221,2021-03-26,VDA,498,204,294,470,7,21,ITC,ITC2,2,Valle d'Aosta / Vallée d'Aoste,Valle d'Aosta,125666,99510,79.19,0.4
3222,2021-06-17,VDA,990,529,461,637,341,12,ITC,ITC2,2,Valle d'Aosta / Vallée d'Aoste,Valle d'Aosta,125666,100500,79.97,0.79
3223,2021-01-21,VDA,33,12,21,33,0,0,ITC,ITC2,2,Valle d'Aosta / Vallée d'Aoste,Valle d'Aosta,125666,100533,80.0,0.03
3224,2021-01-04,VDA,144,61,83,144,0,0,ITC,ITC2,2,Valle d'Aosta / Vallée d'Aoste,Valle d'Aosta,125666,100677,80.11,0.11
3225,2021-03-28,VDA,524,213,311,496,0,28,ITC,ITC2,2,Valle d'Aosta / Vallée d'Aoste,Valle d'Aosta,125666,101201,80.53,0.42
3226,2021-03-11,VDA,392,164,228,152,239,1,ITC,ITC2,2,Valle d'Aosta / Vallée d'Aoste,Valle d'Aosta,125666,101593,80.84,0.31
3227,2021-06-02,VDA,1215,688,527,810,401,4,ITC,ITC2,2,Valle d'Aosta / Vallée d'Aoste,Valle d'Aosta,125666,102808,81.81,0.97
3228,2021-06-19,VDA,1295,671,624,658,621,16,ITC,ITC2,2,Valle d'Aosta / Vallée d'Aoste,Valle d'Aosta,125666,104103,82.84,1.03
3229,2021-02-25,VDA,201,101,100,190,7,4,ITC,ITC2,2,Valle d'Aosta / Vallée d'Aoste,Valle d'Aosta,125666,104304,83.0,0.16
3230,2021-08-05,VDA,786,406,380,282,482,22,ITC,ITC2,2,Valle d'Aosta / Vallée d'Aoste,Valle d'Aosta,125666,105090,83.63,0.63
3231,2021-01-06,VDA,66,34,32,66,0,0,ITC,ITC2,2,Valle d'Aosta / Vallée d'Aoste,Valle d'Aosta,125666,105156,83.68,0.05
3232,2021-02-18,VDA,349,153,196,256,88,5,ITC,ITC2,2,Valle d'Aosta / Vallée d'Aoste,Valle d'Aosta,125666,105505,83.96,0.28
3233,2021-01-12,VDA,303,73,230,303,0,0,ITC,ITC2,2,Valle d'Aosta / Vallée d'Aoste,Valle d'Aosta,125666,105808,84.2,0.24
3234,2021-05-24,VDA,1138,517,621,675,447,16,ITC,ITC2,2,Valle d'Aosta / Vallée d'Aoste,Valle d'Aosta,125666,106946,85.1,0.91
3235,2021-05-10,VDA,783,382,401,534,235,14,ITC,ITC2,2,Valle d'Aosta / Vallée d'Aoste,Valle d'Aosta,125666,107729,85.73,0.62
3236,2021-08-18,VDA,687,356,331,235,433,19,ITC,ITC2,2,Valle d'Aosta / Vallée d'Aoste,Valle d'Aosta,125666,108416,86.27,0.55
3237,2021-07-30,VDA,965,501,464,421,525,19,ITC,ITC2,2,Valle d'Aosta / Vallée d'Aoste,Valle d'Aosta,125666,109381,87.04,0.77
3238,2021-04-21,VDA,869,410,459,588,249,32,ITC,ITC2,2,Valle d'Aosta / Vallée d'Aoste,Valle d'Aosta,125666,110250,87.73,0.69
3239,2021-07-13,VDA,1061,567,494,307,748,6,ITC,ITC2,2,Valle d'Aosta / Vallée d'Aoste,Valle d'Aosta,125666,111311,88.58,0.84
3240,2021-03-21,VDA,359,168,191,350,0,9,ITC,ITC2,2,Valle d'Aosta / Vallée d'Aoste,Valle d'Aosta,125666,111670,88.86,0.29
3241,2021-06-29,VDA,782,390,392,236,543,3,ITC,ITC2,2,Valle d'Aosta / Vallée d'Aoste,Valle d'Aosta,125666,112452,89.48,0.62
3242,2021-03-23,VDA,380,150,230,228,135,17,ITC,ITC2,2,Valle d'Aosta / Vallée d'Aoste,Valle d'Aosta,125666,112832,89.79,0.3
3243,2021-05-19,VDA,993,498,495,411,575,7,ITC,ITC2,2,Valle d'Aosta / Vallée d'Aoste,Valle d'Aosta,125666,113825,90.58,0.79
3244,2021-03-16,VDA,184,37,147,109,66,9,ITC,ITC2,2,Valle d'Aosta / Vallée d'Aoste,Valle d'Aosta,125666,114009,90.72,0.15
3245,2021-04-07,VDA,910,474,436,654,229,27,ITC,ITC2,2,Valle d'Aosta / Vallée d'Aoste,Valle d'Aosta,125666,114919,91.45,0.72
3246,2021-02-09,VDA,254,85,169,70,183,1,ITC,ITC2,2,Valle d'Aosta / Vallée d'Aoste,Valle d'Aosta,125666,115173,91.65,0.2
3247,2021-02-28,VDA,260,86,174,73,183,4,ITC,ITC2,2,Valle d'Aosta / Vallée d'Aoste,Valle d'Aosta,125666,115433,91.86,0.21
3248,2021-05-05,VDA,1038,566,472,434,582,22,ITC,ITC2,2,Valle d'Aosta / Vallée d'Aoste,Valle d'Aosta,125666,116471,92.68,0.83
3249,2021-08-13,VDA,493,272,221,204,281,8,ITC,ITC2,2,Valle d'Aosta / Vallée d'Aoste,Valle d'Aosta,125666,116964,93.08,0.39
3250,2021-05-03,VDA,841,400,441,459,352,30,ITC,ITC2,2,Valle d'Aosta / Vallée d'Aoste,Valle d'Aosta,125666,117805,93.74,0.67
3251,2021-03-07,VDA,64,30,34,11,53,0,ITC,ITC2,2,Valle d'Aosta / Vallée d'Aoste,Valle d'Aosta,125666,117869,93.8,0.05
3252,2021-08-20,VDA,472,240,232,142,316,14,ITC,ITC2,2,Valle d'Aosta / Vallée d'Aoste,Valle d'Aosta,125666,118341,94.17,0.38
3253,2021-01-30,VDA,439,202,237,12,425,2,ITC,ITC2,2,Valle d'Aosta / Vallée d'Aoste,Valle d'Aosta,125666,118780,94.52,0.35
3254,2021-01-25,VDA,150,67,83,1,149,0,ITC,ITC2,2,Valle d'Aosta / Vallée d'Aoste,Valle d'Aosta,125666,118930,94.64,0.12
3255,2021-07-10,VDA,1295,670,625,321,963,11,ITC,ITC2,2,Valle d'Aosta / Vallée d'Aoste,Valle d'Aosta,125666,120225,95.67,1.03
3256,2021-08-22,VDA,150,76,74,7,143,0,ITC,ITC2,2,Valle d'Aosta / Vallée d'Aoste,Valle d'Aosta,125666,120375,95.79,0.12
3257,2021-05-14,VDA,964,444,520,253,670,41,ITC,ITC2,2,Valle d'Aosta / Vallée d'Aoste,Valle d'Aosta,125666,121339,96.56,0.77
3258,2021-02-01,VDA,409,128,281,86,320,3,ITC,ITC2,2,Valle d'Aosta / Vallée d'Aoste,Valle d'Aosta,125666,121748,96.88,0.33
3259,2021-07-08,VDA,1276,709,567,341,924,11,ITC,ITC2,2,Valle d'Aosta / Vallée d'Aoste,Valle d'Aosta,125666,123024,97.9,1.02
3260,2021-03-30,VDA,402,223,179,364,20,18,ITC,ITC2,2,Valle d'Aosta / Vallée d'Aoste,Valle d'Aosta,125666,123426,98.22,0.32
3261,2021-03-09,VDA,206,96,110,166,32,8,ITC,ITC2,2,Valle d'Aosta / Vallée d'Aoste,Valle d'Aosta,125666,123632,98.38,0.16
3262,2021-02-20,VDA,256,214,42,243,10,3,ITC,ITC2,2,Valle d'Aosta / Vallée d'Aoste,Valle d'Aosta,125666,123888,98.59,0.2
3263,2021-06-10,VDA,1057,610,447,1008,42,7,ITC,ITC2,2,Valle d'Aosta / Vallée d'Aoste,Valle d'Aosta,125666,124945,99.43,0.84
3264,2021-03-02,VDA,340,166,174,292,3,45,ITC,ITC2,2,Valle d'Aosta / Vallée d'Aoste,Valle d'Aosta,125666,125285,99.7,0.27
3265,2021-07-20,VDA,1119,585,534,392,723,4,ITC,ITC2,2,Valle d'Aosta / Vallée d'Aoste,Valle d'Aosta,125666,126404,100.59,0.89
3266,2021-05-12,VDA,1144,550,594,449,671,24,ITC,ITC2,2,Valle d'Aosta / Vallée d'Aoste,Valle d'Aosta,125666,127548,101.5,0.91
3267,2021-07-17,VDA,987,521,466,256,729,2,ITC,ITC2,2,Valle d'Aosta / Vallée d'Aoste,Valle d'Aosta,125666,128535,102.28,0.79
3268,2021-01-11,VDA,328,113,215,328,0,0,ITC,ITC2,2,Valle d'Aosta / Vallée d'Aoste,Valle d'Aosta,125666,128863,102.54,0.26
3269,2021-04-04,VDA,572,253,319,550,0,22,ITC,ITC2,2,Valle d'Aosta / Vallée d'Aoste,Valle d'Aosta,125666,129435,103.0,0.46
3270,2021-08-17,VDA,559,305,254,210,341,8,ITC,ITC2,2,Valle d'Aosta / Vallée d'Aoste,Valle d'Aosta,125666,129994,103.44,0.44
3271,2021-04-18,VDA,523,255,268,495,2,26,ITC,ITC2,2,Valle d'Aosta / Vallée d'Aoste,Valle d'Aosta,125666,130517,103.86,0.42
3272,2021-06-14,VDA,1016,522,494,574,428,14,ITC,ITC2,2,Valle d'Aosta / Vallée d'Aoste,Valle d'Aosta,125666,131533,104.67,0.81
3273,2021-05-31,VDA,881,396,485,490,380,11,ITC,ITC2,2,Valle d'Aosta / Vallée d'Aoste,Valle d'Aosta,125666,132414,105.37,0.7
3274,2021-07-27,VDA,1120,595,525,564,553,3,ITC,ITC2,2,Valle d'Aosta / Vallée d'Aoste,Valle d'Aosta,125666,133534,106.26,0.89
3275,2021-04-25,VDA,850,409,441,674,139,37,ITC,ITC2,2,Valle d'Aosta / Vallée d'Aoste,Valle d'Aosta,125666,134384,106.94,0.68
3276,2021-06-21,VDA,1123,600,523,608,505,10,ITC,ITC2,2,Valle d'Aosta / Vallée d'Aoste,Valle d'Aosta,125666,135507,107.83,0.89
3277,2021-06-07,VDA,711,347,364,638,61,12,ITC,ITC2,2,Valle d'Aosta / Vallée d'Aoste,Valle d'Aosta,125666,136218,108.4,0.57
3278,2021-02-27,VDA,232,86,146,120,107,5,ITC,ITC2,2,Valle d'Aosta / Vallée d'Aoste,Valle d'Aosta,125666,136450,108.58,0.18
3279,2021-08-03,VDA,936,485,451,565,362,9,ITC,ITC2,2,Valle d'Aosta / Vallée d'Aoste,Valle d'Aosta,125666,137386,109.33,0.74
3280,2021-02-13,VDA,217,197,20,214,1,2,ITC,ITC2,2,Valle d'Aosta / Vallée d'Aoste,Valle d'Aosta,125666,137603,109.5,0.17
3281,2021-03-29,VDA,494,233,261,449,40,5,ITC,ITC2,2,Valle d'Aosta / Vallée d'Aoste,Valle d'Aosta,125666,138097,109.89,0.39
3282,2021-06-20,VDA,1132,545,587,478,644,10,ITC,ITC2,2,Valle d'Aosta / Vallée d'Aoste,Valle d'Aosta,125666,139229,110.79,0.9
3283,2021-03-12,VDA,532,175,357,291,226,15,ITC,ITC2,2,Valle d'Aosta / Vallée d'Aoste,Valle d'Aosta,125666,139761,111.22,0.42
3284,2021-03-10,VDA,438,183,255,220,213,5,ITC,ITC2,2,Valle d'Aosta / Vallée d'Aoste,Valle d'Aosta,125666,140199,111.56,0.35
3285,2021-02-21,VDA,18,3,15,0,18,0,ITC,ITC2,2,Valle d'Aosta / Vallée d'Aoste,Valle d'Aosta,125666,140217,111.58,0.01
3286,2021-06-01,VDA,873,470,403,511,354,8,ITC,ITC2,2,Valle d'Aosta / Vallée d'Aoste,Valle d'Aosta,125666,141090,112.27,0.69
3287,2021-02-23,VDA,217,124,93,216,0,1,ITC,ITC2,2,Valle d'Aosta / Vallée d'Aoste,Valle d'Aosta,125666,141307,112.45,0.17
3288,2021-06-03,VDA,1309,669,640,883,413,13,ITC,ITC2,2,Valle d'Aosta / Vallée d'Aoste,Valle d'Aosta,125666,142616,113.49,1.04
3289,2021-05-17,VDA,809,417,392,365,434,10,ITC,ITC2,2,Valle d'Aosta / Vallée d'Aoste,Valle d'Aosta,125666,143425,114.13,0.64
3290,2021-08-08,VDA,579,297,282,175,394,10,ITC,ITC2,2,Valle d'Aosta / Vallée d'Aoste,Valle d'Aosta,125666,144004,114.59,0.46
3291,2021-05-15,VDA,1067,614,453,368,686,13,ITC,ITC2,2,Valle d'Aosta / Vallée d'Aoste,Valle d'Aosta,125666,145071,115.44,0.85
3292,2021-02-04,VDA,295,86,209,8,287,0,ITC,ITC2,2,Valle d'Aosta / Vallée d'Aoste,Valle d'Aosta,125666,145366,115.68,0.23
3293,2021-04-28,VDA,1220,633,587,683,503,34,ITC,ITC2,2,Valle d'Aosta / Vallée d'Aoste,Valle d'Aosta,125666,146586,116.65,0.97
3294,2021-08-06,VDA,819,399,420,407,397,15,ITC,ITC2,2,Valle d'Aosta / Vallée d'Aoste,Valle d'Aosta,125666,147405,117.3,0.65
3295,2021-08-10,VDA,850,436,414,579,261,10,ITC,ITC2,2,Valle d'Aosta / Vallée d'Aoste,Valle d'Aosta,125666,148255,117.98,0.68
3296,2021-02-06,VDA,289,104,185,91,197,1,ITC,ITC2,2,Valle d'Aosta / Vallée d'Aoste,Valle d'Aosta,125666,148544,118.21,0.23
3297,2021-04-30,VDA,833,357,476,468,347,18,ITC,ITC2,2,Valle d'Aosta / Vallée d'Aoste,Valle d'Aosta,125666,149377,118.87,0.66
3298,2021-01-20,VDA,64,15,49,64,0,0,ITC,ITC2,2,Valle d'Aosta / Vallée d'Aoste,Valle d'Aosta,125666,149441,118.92,0.05
3299,2021-07-22,VDA,977,517,460,275,701,1,ITC,ITC2,2,Valle d'Aosta / Vallée d'Aoste,Valle d'Aosta,125666,150418,119.7,0.78
3300,2021-01-18,VDA,213,74,139,213,0,0,ITC,ITC2,2,Valle d'Aosta / Vallée d'Aoste,Valle d'Aosta,125666,150631,119.87,0.17
3301,2021-04-11,VDA,479,208,271,462,0,17,ITC,ITC2,2,Valle d'Aosta / Vallée d'Aoste,Valle d'Aosta,125666,151110,120.25,0.38
3302,2021-02-07,PUG,1584,669,915,253,1331,0,ITF,ITF4,16,Puglia,Puglia,4029053,1584,0.04,0.04
3303,2021-01-21,PUG,2132,905,1227,1268,862,2,ITF,ITF4,16,Puglia,Puglia,4029053,3716,0.09,0.05
3304,2021-05-01,PUG,27696,12687,15009,16716,10701,279,ITF,ITF4,16,Puglia,Puglia,4029053,31412,0.78,0.69
3305,2021-08-09,PUG,27754,14261,13493,11163,15728,863,ITF,ITF4,16,Puglia,Puglia,4029053,59166,1.47,0.69
3306,2021-01-02,PUG,2957,1306,1651,2957,0,0,ITF,ITF4,16,Puglia,Puglia,4029053,62123,1.54,0.07
3307,2021-04-12,PUG,29478,13868,15610,26141,3021,316,ITF,ITF4,16,Puglia,Puglia,4029053,91601,2.27,0.73
3308,2021-03-05,PUG,17728,7194,10534,15192,2316,220,ITF,ITF4,16,Puglia,Puglia,4029053,109329,2.71,0.44
3309,2021-02-26,PUG,13797,5067,8730,12522,1079,196,ITF,ITF4,16,Puglia,Puglia,4029053,123126,3.06,0.34
3310,2020-12-31,PUG,1637,784,853,1637,0,0,ITF,ITF4,16,Puglia,Puglia,4029053,124763,3.1,0.04
3311,2021-08-11,PUG,23760,12214,11546,12051,10699,1010,ITF,ITF4,16,Puglia,Puglia,4029053,148523,3.69,0.59
3312,2021-06-15,PUG,42713,20878,21835,22386,19733,594,ITF,ITF4,16,Puglia,Puglia,4029053,191236,4.75,1.06
3313,2021-06-08,PUG,39376,19176,20200,20953,17862,561,ITF,ITF4,16,Puglia,Puglia,4029053,230612,5.72,0.98
3314,2021-07-11,PUG,12178,5757,6421,2575,9504,99,ITF,ITF4,16,Puglia,Puglia,4029053,242790,6.03,0.3
3315,2021-01-12,PUG,4220,1772,2448,4219,0,1,ITF,ITF4,16,Puglia,Puglia,4029053,247010,6.13,0.1
3316,2021-04-07,PUG,15737,7145,8592,8836,6702,199,ITF,ITF4,16,Puglia,Puglia,4029053,262747,6.52,0.39
3317,2021-07-16,PUG,46493,22557,23936,12901,32769,823,ITF,ITF4,16,Puglia,Puglia,4029053,309240,7.68,1.15
3318,2021-02-21,PUG,2178,475,1703,2065,63,50,ITF,ITF4,16,Puglia,Puglia,4029053,311418,7.73,0.05
3319,2021-06-01,PUG,35025,17540,17485,21637,12994,394,ITF,ITF4,16,Puglia,Puglia,4029053,346443,8.6,0.87
3320,2021-05-15,PUG,43692,19026,24666,22825,20156,711,ITF,ITF4,16,Puglia,Puglia,4029053,390135,9.68,1.08
3321,2021-06-03,PUG,50669,24578,26091,30528,19415,726,ITF,ITF4,16,Puglia,Puglia,4029053,440804,10.94,1.26
3322,2021-03-10,PUG,14847,6639,8208,11555,3135,157,ITF,ITF4,16,Puglia,Puglia,4029053,455651,11.31,0.37
3323,2021-04-05,PUG,12770,6203,6567,12096,533,141,ITF,ITF4,16,Puglia,Puglia,4029053,468421,11.63,0.32
3324,2021-03-19,PUG,7987,3664,4323,3367,4584,36,ITF,ITF4,16,Puglia,Puglia,4029053,476408,11.82,0.2
3325,2021-06-27,PUG,18554,9215,9339,9954,8337,263,ITF,ITF4,16,Puglia,Puglia,4029053,494962,12.28,0.46
3326,2021-04-19,PUG,27755,12894,14861,24370,3046,339,ITF,ITF4,16,Puglia,Puglia,4029053,522717,12.97,0.69
3327,2021-07-28,PUG,45179,22832,22347,14568,29703,908,ITF,ITF4,16,Puglia,Puglia,4029053,567896,14.1,1.12
3328,2021-04-24,PUG,29459,13421,16038,25170,3954,335,ITF,ITF4,16,Puglia,Puglia,4029053,597355,14.83,0.73
3329,2021-02-09,PUG,3849,1571,2278,2154,1676,19,ITF,ITF4,16,Puglia,Puglia,4029053,601204,14.92,0.1
3330,2021-05-20,PUG,33705,15300,18405,20760,12428,517,ITF,ITF4,16,Puglia,Puglia,4029053,634909,15.76,0.84
3331,2021-03-24,PUG,13612,6534,7078,6044,7450,118,ITF,ITF4,16,Puglia,Puglia,4029053,648521,16.1,0.34
3332,2021-01-26,PUG,5378,2405,2973,563,4814,1,ITF,ITF4,16,Puglia,Puglia,4029053,653899,16.23,0.13
3333,2021-07-02,PUG,47359,22508,24851,17332,29102,925,ITF,ITF4,16,Puglia,Puglia,4029053,701258,17.41,1.18
3334,2021-05-06,PUG,39753,17389,22364,19306,19886,561,ITF,ITF4,16,Puglia,Puglia,4029053,741011,18.39,0.99
3335,2021-07-21,PUG,44933,22155,22778,11827,32241,865,ITF,ITF4,16,Puglia,Puglia,4029053,785944,19.51,1.12
3336,2021-07-04,PUG,19915,9687,10228,7928,11701,286,ITF,ITF4,16,Puglia,Puglia,4029053,805859,20.0,0.49
3337,2021-07-23,PUG,43213,21862,21351,13589,28634,990,ITF,ITF4,16,Puglia,Puglia,4029053,849072,21.07,1.07
3338,2021-01-19,PUG,1222,453,769,1211,10,1,ITF,ITF4,16,Puglia,Puglia,4029053,850294,21.1,0.03
3339,2021-06-13,PUG,21861,10947,10914,16355,5221,285,ITF,ITF4,16,Puglia,Puglia,4029053,872155,21.65,0.54
3340,2021-02-28,PUG,6073,1809,4264,5806,191,76,ITF,ITF4,16,Puglia,Puglia,4029053,878228,21.8,0.15
3341,2021-05-12,PUG,36645,16347,20298,23524,12538,583,ITF,ITF4,16,Puglia,Puglia,4029053,914873,22.71,0.91
3342,2021-08-20,PUG,17091,8828,8263,7715,8708,668,ITF,ITF4,16,Puglia,Puglia,4029053,931964,23.13,0.42
3343,2021-01-31,PUG,1820,833,987,73,1747,0,ITF,ITF4,16,Puglia,Puglia,4029053,933784,23.18,0.05
3344,2021-05-29,PUG,30675,14458,16217,20591,9536,548,ITF,ITF4,16,Puglia,Puglia,4029053,964459,23.94,0.76
3345,2021-04-02,PUG,12860,6008,6852,8182,4527,151,ITF,ITF4,16,Puglia,Puglia,4029053,977319,24.26,0.32
3346,2021-03-29,PUG,13571,6620,6951,6610,6762,199,ITF,ITF4,16,Puglia,Puglia,4029053,990890,24.59,0.34
3347,2021-03-12,PUG,14312,6455,7857,10228,3944,140,ITF,ITF4,16,Puglia,Puglia,4029053,1005202,24.95,0.36
3348,2021-06-20,PUG,21607,10861,10746,14060,7221,326,ITF,ITF4,16,Puglia,Puglia,4029053,1026809,25.49,0.54
3349,2021-02-04,PUG,5935,2366,3569,1134,4798,3,ITF,ITF4,16,Puglia,Puglia,4029053,1032744,25.63,0.15
3350,2021-07-30,PUG,36278,18631,17647,13059,22338,881,ITF,ITF4,16,Puglia,Puglia,4029053,1069022,26.53,0.9
3351,2021-05-27,PUG,40986,19369,21617,22894,17414,678,ITF,ITF4,16,Puglia,Puglia,4029053,1110008,27.55,1.02
3352,2021-08-18,PUG,19825,10487,9338,10598,8309,918,ITF,ITF4,16,Puglia,Puglia,4029053,1129833,28.04,0.49
3353,2021-02-14,PUG,790,348,442,658,127,5,ITF,ITF4,16,Puglia,Puglia,4029053,1130623,28.06,0.02
3354,2021-05-25,PUG,34816,16252,18564,20579,13651,586,ITF,ITF4,16,Puglia,Puglia,4029053,1165439,28.93,0.86
3355,2021-05-08,PUG,54445,23047,31398,23969,29921,555,ITF,ITF4,16,Puglia,Puglia,4029053,1219884,30.28,1.35
3356,2021-08-16,PUG,12010,6364,5646,7040,4335,635,ITF,ITF4,16,Puglia,Puglia,4029053,1231894,30.58,0.3
3357,2021-03-31,PUG,14579,6834,7745,8839,5590,150,ITF,ITF4,16,Puglia,Puglia,4029053,1246473,30.94,0.36
3358,2021-02-02,PUG,4360,1855,2505,574,3785,1,ITF,ITF4,16,Puglia,Puglia,4029053,1250833,31.05,0.11
3359,2021-07-09,PUG,37116,17875,19241,6409,30028,679,ITF,ITF4,16,Puglia,Puglia,4029053,1287949,31.97,0.92
3360,2021-01-14,PUG,4079,1593,2486,4078,0,1,ITF,ITF4,16,Puglia,Puglia,4029053,1292028,32.07,0.1
3361,2021-01-07,PUG,5734,2468,3266,5734,0,0,ITF,ITF4,16,Puglia,Puglia,4029053,1297762,32.21,0.14
3362,2021-04-17,PUG,40085,19000,21085,36076,3586,423,ITF,ITF4,16,Puglia,Puglia,4029053,1337847,33.2,0.99
3363,2021-02-19,PUG,4750,2020,2730,4302,393,55,ITF,ITF4,16,Puglia,Puglia,4029053,1342597,33.32,0.12
3364,2021-06-22,PUG,42523,20627,21896,19062,22890,571,ITF,ITF4,16,Puglia,Puglia,4029053,1385120,34.38,1.06
3365,2021-04-26,PUG,26345,12071,14274,22717,3239,389,ITF,ITF4,16,Puglia,Puglia,4029053,1411465,35.03,0.65
3366,2021-08-04,PUG,34865,17750,17115,12191,21607,1067,ITF,ITF4,16,Puglia,Puglia,4029053,1446330,35.9,0.87
3367,2021-07-08,PUG,41542,19257,22285,5436,35646,460,ITF,ITF4,16,Puglia,Puglia,4029053,1487872,36.93,1.03
3368,2021-01-04,PUG,4512,2016,2496,4510,0,2,ITF,ITF4,16,Puglia,Puglia,4029053,1492384,37.04,0.11
3369,2021-03-26,PUG,12031,5859,6172,7218,4678,135,ITF,ITF4,16,Puglia,Puglia,4029053,1504415,37.34,0.3
3370,2021-03-09,PUG,13691,6121,7570,11493,2017,181,ITF,ITF4,16,Puglia,Puglia,4029053,1518106,37.68,0.34
3371,2021-04-16,PUG,36131,16986,19145,32414,3287,430,ITF,ITF4,16,Puglia,Puglia,4029053,1554237,38.58,0.9
3372,2021-02-18,PUG,4386,1848,2538,3716,610,60,ITF,ITF4,16,Puglia,Puglia,4029053,1558623,38.68,0.11
3373,2021-07-25,PUG,14293,7391,6902,4263,9823,207,ITF,ITF4,16,Puglia,Puglia,4029053,1572916,39.04,0.35
3374,2021-04-09,PUG,22105,9527,12578,17077,4642,386,ITF,ITF4,16,Puglia,Puglia,4029053,1595021,39.59,0.55
3375,2021-02-11,PUG,3698,1401,2297,2392,1279,27,ITF,ITF4,16,Puglia,Puglia,4029053,1598719,39.68,0.09
3376,2021-07-18,PUG,18820,9639,9181,6198,12280,342,ITF,ITF4,16,Puglia,Puglia,4029053,1617539,40.15,0.47
3377,2021-05-22,PUG,34765,15918,18847,23646,10575,544,ITF,ITF4,16,Puglia,Puglia,4029053,1652304,41.01,0.86
3378,2021-03-02,PUG,16411,6099,10312,14862,1306,243,ITF,ITF4,16,Puglia,Puglia,4029053,1668715,41.42,0.41
3379,2021-06-10,PUG,47232,23225,24007,29397,17116,719,ITF,ITF4,16,Puglia,Puglia,4029053,1715947,42.59,1.17
3380,2021-04-04,PUG,5994,2976,3018,5906,6,82,ITF,ITF4,16,Puglia,Puglia,4029053,1721941,42.74,0.15
3381,2021-07-13,PUG,48803,23015,25788,7802,40415,586,ITF,ITF4,16,Puglia,Puglia,4029053,1770744,43.95,1.21
3382,2021-03-21,PUG,2696,1227,1469,578,2106,12,ITF,ITF4,16,Puglia,Puglia,4029053,1773440,44.02,0.07
3383,2021-06-29,PUG,46683,22377,24306,15361,30632,690,ITF,ITF4,16,Puglia,Puglia,4029053,1820123,45.17,1.16
3384,2021-01-11,PUG,3758,1592,2166,3757,0,1,ITF,ITF4,16,Puglia,Puglia,4029053,1823881,45.27,0.09
3385,2021-06-12,PUG,34640,17265,17375,25070,8976,594,ITF,ITF4,16,Puglia,Puglia,4029053,1858521,46.13,0.86
3386,2021-01-28,PUG,5488,2286,3202,442,5046,0,ITF,ITF4,16,Puglia,Puglia,4029053,1864009,46.26,0.14
3387,2021-08-15,PUG,55,34,21,55,0,0,ITF,ITF4,16,Puglia,Puglia,4029053,1864064,46.27,0.0
3388,2021-04-23,PUG,29613,13764,15849,23912,5286,415,ITF,ITF4,16,Puglia,Puglia,4029053,1893677,47.0,0.73
3389,2021-08-01,PUG,12404,6497,5907,4309,7973,122,ITF,ITF4,16,Puglia,Puglia,4029053,1906081,47.31,0.31
3390,2021-01-23,PUG,3042,1294,1748,882,2159,1,ITF,ITF4,16,Puglia,Puglia,4029053,1909123,47.38,0.08
3391,2021-05-03,PUG,33406,14932,18474,22157,10685,564,ITF,ITF4,16,Puglia,Puglia,4029053,1942529,48.21,0.83
3392,2021-03-07,PUG,4993,2007,2986,4370,578,45,ITF,ITF4,16,Puglia,Puglia,4029053,1947522,48.34,0.12
3393,2021-05-05,PUG,39336,17269,22067,24495,14251,590,ITF,ITF4,16,Puglia,Puglia,4029053,1986858,49.31,0.98
3394,2021-05-13,PUG,38859,17323,21536,20995,17299,565,ITF,ITF4,16,Puglia,Puglia,4029053,2025717,50.28,0.96
3395,2021-03-17,PUG,10356,4705,5651,4105,6189,62,ITF,ITF4,16,Puglia,Puglia,4029053,2036073,50.53,0.26
3396,2021-07-20,PUG,46959,23033,23926,8172,38264,523,ITF,ITF4,16,Puglia,Puglia,4029053,2083032,51.7,1.17
3397,2021-03-16,PUG,9885,4692,5193,3451,6377,57,ITF,ITF4,16,Puglia,Puglia,4029053,2092917,51.95,0.25
3398,2021-06-24,PUG,52962,25623,27339,23581,28596,785,ITF,ITF4,16,Puglia,Puglia,4029053,2145879,53.26,1.31
3399,2021-04-28,PUG,19866,8910,10956,14813,4789,264,ITF,ITF4,16,Puglia,Puglia,4029053,2165745,53.75,0.49
3400,2021-08-06,PUG,29833,15487,14346,8893,20182,758,ITF,ITF4,16,Puglia,Puglia,4029053,2195578,54.49,0.74
3401,2021-01-09,PUG,4896,2252,2644,4892,0,4,ITF,ITF4,16,Puglia,Puglia,4029053,2200474,54.62,0.12
3402,2021-07-01,PUG,48448,22681,25767,11455,36362,631,ITF,ITF4,16,Puglia,Puglia,4029053,2248922,55.82,1.2
3403,2021-03-14,PUG,3379,1463,1916,2476,866,37,ITF,ITF4,16,Puglia,Puglia,4029053,2252301,55.9,0.08
3404,2021-01-16,PUG,2508,1035,1473,2507,0,1,ITF,ITF4,16,Puglia,Puglia,4029053,2254809,55.96,0.06
3405,2021-02-25,PUG,11989,5068,6921,10670,1182,137,ITF,ITF4,16,Puglia,Puglia,4029053,2266798,56.26,0.3
3406,2021-06-05,PUG,42645,20888,21757,29183,12742,720,ITF,ITF4,16,Puglia,Puglia,4029053,2309443,57.32,1.06
3407,2021-03-18,PUG,9616,4369,5247,3340,6210,66,ITF,ITF4,16,Puglia,Puglia,4029053,2319059,57.56,0.24
3408,2021-06-26,PUG,32435,16330,16105,15889,15978,568,ITF,ITF4,16,Puglia,Puglia,4029053,2351494,58.36,0.81
3409,2021-03-04,PUG,15385,6112,9273,13720,1439,226,ITF,ITF4,16,Puglia,Puglia,4029053,2366879,58.75,0.38
3410,2021-06-09,PUG,41971,20783,21188,29955,11310,706,ITF,ITF4,16,Puglia,Puglia,4029053,2408850,59.79,1.04
3411,2021-02-15,PUG,3263,1271,1992,2596,622,45,ITF,ITF4,16,Puglia,Puglia,4029053,2412113,59.87,0.08
3412,2021-05-26,PUG,38698,18594,20104,26230,11814,654,ITF,ITF4,16,Puglia,Puglia,4029053,2450811,60.83,0.96
3413,2021-08-13,PUG,13699,7280,6419,7252,5863,584,ITF,ITF4,16,Puglia,Puglia,4029053,2464510,61.17,0.34
3414,2021-06-17,PUG,42920,20974,21946,21405,20952,563,ITF,ITF4,16,Puglia,Puglia,4029053,2507430,62.23,1.07
3415,2021-03-30,PUG,12443,5965,6478,6194,6095,154,ITF,ITF4,16,Puglia,Puglia,4029053,2519873,62.54,0.31
3416,2021-02-01,PUG,3978,1666,2312,354,3623,1,ITF,ITF4,16,Puglia,Puglia,4029053,2523851,62.64,0.1
3417,2021-08-05,PUG,34212,17193,17019,9400,23935,877,ITF,ITF4,16,Puglia,Puglia,4029053,2558063,63.49,0.85
3418,2021-01-06,PUG,3958,1678,2280,3957,0,1,ITF,ITF4,16,Puglia,Puglia,4029053,2562021,63.59,0.1
3419,2021-08-12,PUG,19358,10287,9071,10924,7525,909,ITF,ITF4,16,Puglia,Puglia,4029053,2581379,64.07,0.48
3420,2021-06-16,PUG,42128,20735,21393,26898,14503,727,ITF,ITF4,16,Puglia,Puglia,4029053,2623507,65.11,1.05
3421,2021-04-14,PUG,32042,15119,16923,28435,3301,306,ITF,ITF4,16,Puglia,Puglia,4029053,2655549,65.91,0.8
3422,2021-03-28,PUG,3548,1659,1889,1178,2335,35,ITF,ITF4,16,Puglia,Puglia,4029053,2659097,66.0,0.09
3423,2021-07-06,PUG,42414,19529,22885,6114,35882,418,ITF,ITF4,16,Puglia,Puglia,4029053,2701511,67.05,1.05
3424,2021-06-19,PUG,34803,17461,17342,22217,11932,654,ITF,ITF4,16,Puglia,Puglia,4029053,2736314,67.91,0.86
3425,2021-06-21,PUG,41909,20438,21471,21445,19828,636,ITF,ITF4,16,Puglia,Puglia,4029053,2778223,68.95,1.04
3426,2021-07-27,PUG,48494,24123,24371,13261,34413,820,ITF,ITF4,16,Puglia,Puglia,4029053,2826717,70.16,1.2
3427,2021-05-31,PUG,37954,18303,19651,23151,14247,556,ITF,ITF4,16,Puglia,Puglia,4029053,2864671,71.1,0.94
3428,2021-04-25,PUG,11326,5243,6083,10050,1143,133,ITF,ITF4,16,Puglia,Puglia,4029053,2875997,71.38,0.28
3429,2021-02-27,PUG,14245,4826,9419,12828,1234,183,ITF,ITF4,16,Puglia,Puglia,4029053,2890242,71.74,0.35
3430,2021-05-21,PUG,39232,18636,20596,28267,10170,795,ITF,ITF4,16,Puglia,Puglia,4029053,2929474,72.71,0.97
3431,2021-05-19,PUG,26471,12799,13672,19552,6485,434,ITF,ITF4,16,Puglia,Puglia,4029053,2955945,73.37,0.66
3432,2021-03-23,PUG,11150,5663,5487,4532,6524,94,ITF,ITF4,16,Puglia,Puglia,4029053,2967095,73.64,0.28
3433,2021-01-27,PUG,4604,1943,2661,618,3986,0,ITF,ITF4,16,Puglia,Puglia,4029053,2971699,73.76,0.11
3434,2021-05-07,PUG,50229,22415,27814,25986,23664,579,ITF,ITF4,16,Puglia,Puglia,4029053,3021928,75.0,1.25
3435,2021-07-29,PUG,42907,21681,21226,12227,29875,805,ITF,ITF4,16,Puglia,Puglia,4029053,3064835,76.07,1.06
3436,2021-01-13,PUG,4551,1732,2819,4550,0,1,ITF,ITF4,16,Puglia,Puglia,4029053,3069386,76.18,0.11
3437,2021-04-06,PUG,13866,6265,7601,6924,6772,170,ITF,ITF4,16,Puglia,Puglia,4029053,3083252,76.53,0.34
3438,2021-07-15,PUG,44795,21671,23124,8840,35275,680,ITF,ITF4,16,Puglia,Puglia,4029053,3128047,77.64,1.11
3439,2021-07-14,PUG,46200,22153,24047,13362,31999,839,ITF,ITF4,16,Puglia,Puglia,4029053,3174247,78.78,1.15
3440,2021-08-02,PUG,39347,19954,19393,13986,24134,1227,ITF,ITF4,16,Puglia,Puglia,4029053,3213594,79.76,0.98
3441,2021-03-01,PUG,15127,5878,9249,13590,1385,152,ITF,ITF4,16,Puglia,Puglia,4029053,3228721,80.14,0.38
3442,2021-03-25,PUG,11765,6031,5734,5254,6412,99,ITF,ITF4,16,Puglia,Puglia,4029053,3240486,80.43,0.29
3443,2021-07-03,PUG,33261,16668,16593,13466,19295,500,ITF,ITF4,16,Puglia,Puglia,4029053,3273747,81.25,0.83
3444,2021-02-08,PUG,4008,1620,2388,1582,2411,15,ITF,ITF4,16,Puglia,Puglia,4029053,3277755,81.35,0.1
3445,2021-02-10,PUG,3657,1442,2215,2124,1513,20,ITF,ITF4,16,Puglia,Puglia,4029053,3281412,81.44,0.09
3446,2021-03-11,PUG,14850,6598,8252,11453,3192,205,ITF,ITF4,16,Puglia,Puglia,4029053,3296262,81.81,0.37
3447,2021-06-02,PUG,27083,13242,13841,21886,4839,358,ITF,ITF4,16,Puglia,Puglia,4029053,3323345,82.48,0.67
3448,2021-03-13,PUG,10479,4139,6340,8566,1816,97,ITF,ITF4,16,Puglia,Puglia,4029053,3333824,82.74,0.26
3449,2021-02-24,PUG,10065,4715,5350,9372,597,96,ITF,ITF4,16,Puglia,Puglia,4029053,3343889,82.99,0.25
3450,2021-06-04,PUG,52841,25562,27279,34183,17831,827,ITF,ITF4,16,Puglia,Puglia,4029053,3396730,84.31,1.31
3451,2021-05-18,PUG,28964,13474,15490,15793,12893,278,ITF,ITF4,16,Puglia,Puglia,4029053,3425694,85.02,0.72
3452,2020-12-30,PUG,1,0,1,1,0,0,ITF,ITF4,16,Puglia,Puglia,4029053,3425695,85.02,0.0
3453,2021-03-22,PUG,9981,5138,4843,4245,5666,70,ITF,ITF4,16,Puglia,Puglia,4029053,3435676,85.27,0.25
3454,2021-01-24,PUG,1673,754,919,151,1522,0,ITF,ITF4,16,Puglia,Puglia,4029053,3437349,85.31,0.04
3455,2021-06-30,PUG,47845,23206,24639,18822,28166,857,ITF,ITF4,16,Puglia,Puglia,4029053,3485194,86.5,1.19
3456,2021-03-15,PUG,12355,6158,6197,5736,6515,104,ITF,ITF4,16,Puglia,Puglia,4029053,3497549,86.81,0.31
3457,2021-08-19,PUG,17718,9213,8505,8670,8325,723,ITF,ITF4,16,Puglia,Puglia,4029053,3515267,87.25,0.44
3458,2021-01-17,PUG,1311,592,719,1241,70,0,ITF,ITF4,16,Puglia,Puglia,4029053,3516578,87.28,0.03
3459,2021-06-23,PUG,29432,14382,15050,16941,11880,611,ITF,ITF4,16,Puglia,Puglia,4029053,3546010,88.01,0.73
3460,2021-04-27,PUG,26723,12092,14631,20779,5621,323,ITF,ITF4,16,Puglia,Puglia,4029053,3572733,88.67,0.66
3461,2021-05-11,PUG,32711,14456,18255,13691,18534,486,ITF,ITF4,16,Puglia,Puglia,4029053,3605444,89.49,0.81
3462,2021-05-04,PUG,35213,14895,20318,18242,16555,416,ITF,ITF4,16,Puglia,Puglia,4029053,3640657,90.36,0.87
3463,2021-03-08,PUG,15009,6440,8569,12439,2412,158,ITF,ITF4,16,Puglia,Puglia,4029053,3655666,90.73,0.37
3464,2021-04-21,PUG,23161,10696,12465,19114,3745,302,ITF,ITF4,16,Puglia,Puglia,4029053,3678827,91.31,0.57
3465,2021-05-24,PUG,36200,17078,19122,24501,11087,612,ITF,ITF4,16,Puglia,Puglia,4029053,3715027,92.21,0.9
3466,2021-02-16,PUG,3391,1455,1936,2712,649,30,ITF,ITF4,16,Puglia,Puglia,4029053,3718418,92.29,0.08
3467,2021-01-30,PUG,5539,2516,3023,381,5157,1,ITF,ITF4,16,Puglia,Puglia,4029053,3723957,92.43,0.14
3468,2021-05-10,PUG,37906,16755,21151,19322,18089,495,ITF,ITF4,16,Puglia,Puglia,4029053,3761863,93.37,0.94
3469,2021-08-17,PUG,19855,10300,9555,9232,9931,692,ITF,ITF4,16,Puglia,Puglia,4029053,3781718,93.86,0.49
3470,2021-02-13,PUG,3732,1461,2271,3020,696,16,ITF,ITF4,16,Puglia,Puglia,4029053,3785450,93.95,0.09
3471,2021-06-28,PUG,48694,23619,25075,21666,26231,797,ITF,ITF4,16,Puglia,Puglia,4029053,3834144,95.16,1.21
3472,2021-01-10,PUG,2350,1062,1288,2350,0,0,ITF,ITF4,16,Puglia,Puglia,4029053,3836494,95.22,0.06
3473,2021-04-20,PUG,21222,9857,11365,17472,3485,265,ITF,ITF4,16,Puglia,Puglia,4029053,3857716,95.75,0.53
3474,2020-12-27,PUG,510,252,258,510,0,0,ITF,ITF4,16,Puglia,Puglia,4029053,3858226,95.76,0.01
3475,2021-05-23,PUG,17957,8396,9561,13864,3832,261,ITF,ITF4,16,Puglia,Puglia,4029053,3876183,96.21,0.45
3476,2021-02-17,PUG,4296,1753,2543,3617,640,39,ITF,ITF4,16,Puglia,Puglia,4029053,3880479,96.31,0.11
3477,2021-05-28,PUG,44114,20886,23228,27432,15880,802,ITF,ITF4,16,Puglia,Puglia,4029053,3924593,97.41,1.09
3478,2021-08-03,PUG,36329,18427,17902,9148,26410,771,ITF,ITF4,16,Puglia,Puglia,4029053,3960922,98.31,0.9
3479,2021-01-01,PUG,150,61,89,150,0,0,ITF,ITF4,16,Puglia,Puglia,4029053,3961072,98.31,0.0
3480,2021-06-07,PUG,44445,21698,22747,30379,13302,764,ITF,ITF4,16,Puglia,Puglia,4029053,4005517,99.42,1.1
3481,2021-04-11,PUG,16486,7266,9220,14657,1648,181,ITF,ITF4,16,Puglia,Puglia,4029053,4022003,99.83,0.41
3482,2021-03-06,PUG,16179,6138,10041,13886,2124,169,ITF,ITF4,16,Puglia,Puglia,4029053,4038182,100.23,0.4
3483,2021-07-26,PUG,47695,23802,23893,16889,29855,951,ITF,ITF4,16,Puglia,Puglia,4029053,4085877,101.41,1.18
3484,2021-05-30,PUG,21045,10070,10975,15718,5070,257,ITF,ITF4,16,Puglia,Puglia,4029053,4106922,101.93,0.52
3485,2021-07-17,PUG,30762,15444,15318,9489,20642,631,ITF,ITF4,16,Puglia,Puglia,4029053,4137684,102.7,0.76
3486,2021-05-14,PUG,45076,20604,24472,28002,16218,856,ITF,ITF4,16,Puglia,Puglia,4029053,4182760,103.81,1.12
3487,2021-08-22,PUG,946,495,451,308,625,13,ITF,ITF4,16,Puglia,Puglia,4029053,4183706,103.84,0.02
3488,2021-01-25,PUG,3837,1685,2152,424,3412,1,ITF,ITF4,16,Puglia,Puglia,4029053,4187543,103.93,0.1
3489,2021-07-10,PUG,22396,11029,11367,4467,17634,295,ITF,ITF4,16,Puglia,Puglia,4029053,4209939,104.49,0.56
3490,2021-04-08,PUG,17520,7604,9916,11110,6196,214,ITF,ITF4,16,Puglia,Puglia,4029053,4227459,104.92,0.43
3491,2021-06-06,PUG,30745,15484,15261,25360,5063,322,ITF,ITF4,16,Puglia,Puglia,4029053,4258204,105.69,0.76
3492,2021-04-10,PUG,30949,13129,17820,26106,4461,382,ITF,ITF4,16,Puglia,Puglia,4029053,4289153,106.46,0.77
3493,2021-07-19,PUG,49475,24311,25164,10910,37793,772,ITF,ITF4,16,Puglia,Puglia,4029053,4338628,107.68,1.23
3494,2021-04-01,PUG,13975,6566,7409,7381,6378,216,ITF,ITF4,16,Puglia,Puglia,4029053,4352603,108.03,0.35
3495,2021-02-03,PUG,5050,2006,3044,705,4344,1,ITF,ITF4,16,Puglia,Puglia,4029053,4357653,108.16,0.13
3496,2021-04-29,PUG,26310,12166,14144,19184,6702,424,ITF,ITF4,16,Puglia,Puglia,4029053,4383963,108.81,0.65
3497,2021-08-07,PUG,10061,5311,4750,3530,6235,296,ITF,ITF4,16,Puglia,Puglia,4029053,4394024,109.06,0.25
3498,2021-02-22,PUG,9652,4539,5113,9227,336,89,ITF,ITF4,16,Puglia,Puglia,4029053,4403676,109.3,0.24
3499,2021-02-05,PUG,5646,2275,3371,1311,4330,5,ITF,ITF4,16,Puglia,Puglia,4029053,4409322,109.44,0.14
3500,2021-05-16,PUG,24640,11112,13528,12468,11947,225,ITF,ITF4,16,Puglia,Puglia,4029053,4433962,110.05,0.61
3501,2021-05-09,PUG,30832,12655,18177,14794,15668,370,ITF,ITF4,16,Puglia,Puglia,4029053,4464794,110.81,0.77
3502,2021-04-22,PUG,23064,10557,12507,17740,4939,385,ITF,ITF4,16,Puglia,Puglia,4029053,4487858,111.39,0.57
3503,2021-07-31,PUG,19930,10586,9344,7848,11601,481,ITF,ITF4,16,Puglia,Puglia,4029053,4507788,111.88,0.49
3504,2021-01-08,PUG,5688,2393,3295,5686,0,2,ITF,ITF4,16,Puglia,Puglia,4029053,4513476,112.02,0.14
3505,2021-06-14,PUG,42090,20596,21494,28847,12454,789,ITF,ITF4,16,Puglia,Puglia,4029053,4555566,113.07,1.04
3506,2021-04-18,PUG,22676,10850,11826,21423,1056,197,ITF,ITF4,16,Puglia,Puglia,4029053,4578242,113.63,0.56
3507,2021-02-20,PUG,2976,1080,1896,2687,257,32,ITF,ITF4,16,Puglia,Puglia,4029053,4581218,113.7,0.07
3508,2021-08-14,PUG,1081,556,525,493,569,19,ITF,ITF4,16,Puglia,Puglia,4029053,4582299,113.73,0.03
3509,2021-01-15,PUG,4557,1866,2691,4552,0,5,ITF,ITF4,16,Puglia,Puglia,4029053,4586856,113.84,0.11
3510,2021-07-12,PUG,45750,21602,24148,12742,32251,757,ITF,ITF4,16,Puglia,Puglia,4029053,4632606,114.98,1.14
3511,2021-02-12,PUG,4216,1673,2543,3098,1094,24,ITF,ITF4,16,Puglia,Puglia,4029053,4636822,115.08,0.1
3512,2021-01-29,PUG,6215,2670,3545,224,5991,0,ITF,ITF4,16,Puglia,Puglia,4029053,4643037,115.24,0.15
3513,2021-03-20,PUG,8439,3891,4548,3770,4624,45,ITF,ITF4,16,Puglia,Puglia,4029053,4651476,115.45,0.21
3514,2021-03-03,PUG,16817,6824,9993,14728,1938,151,ITF,ITF4,16,Puglia,Puglia,4029053,4668293,115.87,0.42
3515,2021-06-11,PUG,48002,23480,24522,33002,14090,910,ITF,ITF4,16,Puglia,Puglia,4029053,4716295,117.06,1.19
3516,2021-01-22,PUG,1414,580,834,992,421,1,ITF,ITF4,16,Puglia,Puglia,4029053,4717709,117.09,0.04
3517,2021-08-21,PUG,3828,2049,1779,1655,1982,191,ITF,ITF4,16,Puglia,Puglia,4029053,4721537,117.19,0.1
3518,2021-06-25,PUG,50890,25068,25822,23844,26147,899,ITF,ITF4,16,Puglia,Puglia,4029053,4772427,118.45,1.26
3519,2021-04-03,PUG,10582,4659,5923,6819,3571,192,ITF,ITF4,16,Puglia,Puglia,4029053,4783009,118.71,0.26
3520,2021-05-17,PUG,32941,15266,17675,20454,11988,499,ITF,ITF4,16,Puglia,Puglia,4029053,4815950,119.53,0.82
3521,2021-08-08,PUG,5109,2595,2514,1657,3404,48,ITF,ITF4,16,Puglia,Puglia,4029053,4821059,119.66,0.13
3522,2021-02-23,PUG,9396,4431,4965,8808,496,92,ITF,ITF4,16,Puglia,Puglia,4029053,4830455,119.89,0.23
3523,2021-01-18,PUG,1847,772,1075,1495,351,1,ITF,ITF4,16,Puglia,Puglia,4029053,4832302,119.94,0.05
3524,2021-02-06,PUG,4556,1935,2621,1578,2963,15,ITF,ITF4,16,Puglia,Puglia,4029053,4836858,120.05,0.11
3525,2021-01-20,PUG,1547,541,1006,1537,8,2,ITF,ITF4,16,Puglia,Puglia,4029053,4838405,120.09,0.04
3526,2021-04-30,PUG,35034,15699,19335,22467,12002,565,ITF,ITF4,16,Puglia,Puglia,4029053,4873439,120.96,0.87
3527,2021-04-13,PUG,28780,13650,15130,24929,3537,314,ITF,ITF4,16,Puglia,Puglia,4029053,4902219,121.67,0.71
3528,2021-07-22,PUG,47565,23588,23977,8456,38411,698,ITF,ITF4,16,Puglia,Puglia,4029053,4949784,122.85,1.18
3529,2021-07-05,PUG,38905,18257,20648,7242,31110,553,ITF,ITF4,16,Puglia,Puglia,4029053,4988689,123.82,0.97
3530,2021-05-02,PUG,21351,9675,11676,13896,7277,178,ITF,ITF4,16,Puglia,Puglia,4029053,5010040,124.35,0.53
3531,2021-08-10,PUG,27017,14034,12983,13906,11953,1158,ITF,ITF4,16,Puglia,Puglia,4029053,5037057,125.02,0.67
3532,2021-07-24,PUG,26684,13842,12842,7963,18243,478,ITF,ITF4,16,Puglia,Puglia,4029053,5063741,125.68,0.66
3533,2021-06-18,PUG,47859,23561,24298,28878,18055,926,ITF,ITF4,16,Puglia,Puglia,4029053,5111600,126.87,1.19
3534,2021-01-03,PUG,2010,945,1065,2009,0,1,ITF,ITF4,16,Puglia,Puglia,4029053,5113610,126.92,0.05
3535,2021-03-27,PUG,12179,5723,6456,6881,5186,112,ITF,ITF4,16,Puglia,Puglia,4029053,5125789,127.22,0.3
3536,2021-01-05,PUG,5114,2253,2861,5111,0,3,ITF,ITF4,16,Puglia,Puglia,4029053,5130903,127.35,0.13
3537,2021-04-15,PUG,32765,15288,17477,28588,3775,402,ITF,ITF4,16,Puglia,Puglia,4029053,5163668,128.16,0.81
3538,2021-07-07,PUG,38728,18541,20187,6100,32120,508,ITF,ITF4,16,Puglia,Puglia,4029053,5202396,129.12,0.96
3539,2021-05-19,SAR,17043,8675,8368,12623,4255,165,ITG,ITG2,20,Sardegna,Sardegna,1639591,17043,1.04,1.04
3540,2021-06-05,SAR,17886,8441,9445,11286,6465,135,ITG,ITG2,20,Sardegna,Sardegna,1639591,34929,2.13,1.09
3541,2021-02-25,SAR,2898,1255,1643,2262,604,32,ITG,ITG2,20,Sardegna,Sardegna,1639591,37827,2.31,0.18
3542,2021-03-14,SAR,606,378,228,596,1,9,ITG,ITG2,20,Sardegna,Sardegna,1639591,38433,2.34,0.04
3543,2021-04-09,SAR,12331,5479,6852,7833,4366,132,ITG,ITG2,20,Sardegna,Sardegna,1639591,50764,3.1,0.75
3544,2021-07-20,SAR,16148,7929,8219,3654,12404,90,ITG,ITG2,20,Sardegna,Sardegna,1639591,66912,4.08,0.98
3545,2021-04-11,SAR,5400,2445,2955,4251,1122,27,ITG,ITG2,20,Sardegna,Sardegna,1639591,72312,4.41,0.33
3546,2021-06-07,SAR,12564,6144,6420,9437,3005,122,ITG,ITG2,20,Sardegna,Sardegna,1639591,84876,5.18,0.77
3547,2021-02-04,SAR,2272,815,1457,910,1359,3,ITG,ITG2,20,Sardegna,Sardegna,1639591,87148,5.32,0.14
3548,2021-04-02,SAR,8991,3550,5441,5591,3245,155,ITG,ITG2,20,Sardegna,Sardegna,1639591,96139,5.86,0.55
3549,2021-01-16,SAR,1493,527,966,1493,0,0,ITG,ITG2,20,Sardegna,Sardegna,1639591,97632,5.95,0.09
3550,2021-08-15,SAR,21,11,10,11,10,0,ITG,ITG2,20,Sardegna,Sardegna,1639591,97653,5.96,0.0
3551,2021-07-01,SAR,19834,9764,10070,7257,12484,93,ITG,ITG2,20,Sardegna,Sardegna,1639591,117487,7.17,1.21
3552,2021-03-23,SAR,6429,2889,3540,5181,1082,166,ITG,ITG2,20,Sardegna,Sardegna,1639591,123916,7.56,0.39
3553,2021-07-15,SAR,18780,9237,9543,4649,14031,100,ITG,ITG2,20,Sardegna,Sardegna,1639591,142696,8.7,1.15
3554,2021-08-03,SAR,14572,7506,7066,7515,6862,195,ITG,ITG2,20,Sardegna,Sardegna,1639591,157268,9.59,0.89
3555,2021-06-19,SAR,15343,7514,7829,9119,6125,99,ITG,ITG2,20,Sardegna,Sardegna,1639591,172611,10.53,0.94
3556,2021-07-06,SAR,15934,7721,8213,4661,11173,100,ITG,ITG2,20,Sardegna,Sardegna,1639591,188545,11.5,0.97
3557,2021-03-28,SAR,4540,1796,2744,4393,78,69,ITG,ITG2,20,Sardegna,Sardegna,1639591,193085,11.78,0.28
3558,2021-01-04,SAR,588,215,373,588,0,0,ITG,ITG2,20,Sardegna,Sardegna,1639591,193673,11.81,0.04
3559,2021-08-01,SAR,3054,1501,1553,1030,1988,36,ITG,ITG2,20,Sardegna,Sardegna,1639591,196727,12.0,0.19
3560,2021-04-23,SAR,12884,5757,7127,7248,5488,148,ITG,ITG2,20,Sardegna,Sardegna,1639591,209611,12.78,0.79
3561,2021-05-10,SAR,9871,4404,5467,7154,2541,176,ITG,ITG2,20,Sardegna,Sardegna,1639591,219482,13.39,0.6
3562,2021-01-30,SAR,3870,1394,2476,363,3507,0,ITG,ITG2,20,Sardegna,Sardegna,1639591,223352,13.62,0.24
3563,2021-02-11,SAR,1311,488,823,1200,111,0,ITG,ITG2,20,Sardegna,Sardegna,1639591,224663,13.7,0.08
3564,2021-05-24,SAR,14470,7256,7214,8355,5983,132,ITG,ITG2,20,Sardegna,Sardegna,1639591,239133,14.58,0.88
3565,2021-02-13,SAR,1447,562,885,1441,2,4,ITG,ITG2,20,Sardegna,Sardegna,1639591,240580,14.67,0.09
3566,2021-03-09,SAR,5538,2743,2795,4747,727,64,ITG,ITG2,20,Sardegna,Sardegna,1639591,246118,15.01,0.34
3567,2021-08-13,SAR,9940,5414,4526,6306,3515,119,ITG,ITG2,20,Sardegna,Sardegna,1639591,256058,15.62,0.61
3568,2021-05-05,SAR,10198,4657,5541,7951,2038,209,ITG,ITG2,20,Sardegna,Sardegna,1639591,266256,16.24,0.62
3569,2021-04-30,SAR,11153,5309,5844,6755,4211,187,ITG,ITG2,20,Sardegna,Sardegna,1639591,277409,16.92,0.68
3570,2021-05-17,SAR,12822,6263,6559,9129,3546,147,ITG,ITG2,20,Sardegna,Sardegna,1639591,290231,17.7,0.78
3571,2021-02-06,SAR,1973,700,1273,564,1406,3,ITG,ITG2,20,Sardegna,Sardegna,1639591,292204,17.82,0.12
3572,2021-02-23,SAR,1567,1045,522,1270,281,16,ITG,ITG2,20,Sardegna,Sardegna,1639591,293771,17.92,0.1
3573,2021-07-24,SAR,12385,6385,6000,1996,10362,27,ITG,ITG2,20,Sardegna,Sardegna,1639591,306156,18.67,0.76
3574,2021-07-13,SAR,17806,8523,9283,3251,14477,78,ITG,ITG2,20,Sardegna,Sardegna,1639591,323962,19.76,1.09
3575,2021-04-04,SAR,2,1,1,0,2,0,ITG,ITG2,20,Sardegna,Sardegna,1639591,323964,19.76,0.0
3576,2021-08-08,SAR,1884,979,905,1020,841,23,ITG,ITG2,20,Sardegna,Sardegna,1639591,325848,19.87,0.11
3577,2021-06-26,SAR,19160,9012,10148,5456,13629,75,ITG,ITG2,20,Sardegna,Sardegna,1639591,345008,21.04,1.17
3578,2021-08-22,SAR,877,492,385,302,572,3,ITG,ITG2,20,Sardegna,Sardegna,1639591,345885,21.1,0.05
3579,2021-07-08,SAR,18445,8971,9474,3832,14528,85,ITG,ITG2,20,Sardegna,Sardegna,1639591,364330,22.22,1.12
3580,2021-07-25,SAR,4343,2142,2201,863,3465,15,ITG,ITG2,20,Sardegna,Sardegna,1639591,368673,22.49,0.26
3581,2021-04-16,SAR,14453,6493,7960,8941,5343,169,ITG,ITG2,20,Sardegna,Sardegna,1639591,383126,23.37,0.88
3582,2021-01-23,SAR,60,22,38,0,60,0,ITG,ITG2,20,Sardegna,Sardegna,1639591,383186,23.37,0.0
3583,2021-08-20,SAR,10205,5363,4842,4807,5248,150,ITG,ITG2,20,Sardegna,Sardegna,1639591,393391,23.99,0.62
3584,2021-05-12,SAR,11143,5266,5877,7796,3139,208,ITG,ITG2,20,Sardegna,Sardegna,1639591,404534,24.67,0.68
3585,2020-12-28,SAR,66,26,40,66,0,0,ITG,ITG2,20,Sardegna,Sardegna,1639591,404600,24.68,0.0
3586,2021-06-14,SAR,13748,6643,7105,9790,3816,142,ITG,ITG2,20,Sardegna,Sardegna,1639591,418348,25.52,0.84
3587,2021-03-06,SAR,2638,1080,1558,782,1781,75,ITG,ITG2,20,Sardegna,Sardegna,1639591,420986,25.68,0.16
3588,2021-06-28,SAR,14994,7041,7953,3051,11877,66,ITG,ITG2,20,Sardegna,Sardegna,1639591,435980,26.59,0.91
3589,2021-06-12,SAR,14758,7195,7563,9938,4702,118,ITG,ITG2,20,Sardegna,Sardegna,1639591,450738,27.49,0.9
3590,2021-03-04,SAR,4374,2302,2072,3059,1256,59,ITG,ITG2,20,Sardegna,Sardegna,1639591,455112,27.76,0.27
3591,2021-03-21,SAR,4039,1813,2226,2573,1440,26,ITG,ITG2,20,Sardegna,Sardegna,1639591,459151,28.0,0.25
3592,2021-03-02,SAR,3041,1631,1410,1814,1154,73,ITG,ITG2,20,Sardegna,Sardegna,1639591,462192,28.19,0.19
3593,2021-04-28,SAR,9026,4284,4742,5165,3711,150,ITG,ITG2,20,Sardegna,Sardegna,1639591,471218,28.74,0.55
3594,2021-01-18,SAR,903,324,579,779,124,0,ITG,ITG2,20,Sardegna,Sardegna,1639591,472121,28.8,0.06
3595,2021-06-24,SAR,19198,9213,9985,8114,10981,103,ITG,ITG2,20,Sardegna,Sardegna,1639591,491319,29.97,1.17
3596,2021-03-16,SAR,4398,1954,2444,3434,922,42,ITG,ITG2,20,Sardegna,Sardegna,1639591,495717,30.23,0.27
3597,2021-05-29,SAR,18000,8652,9348,13236,4597,167,ITG,ITG2,20,Sardegna,Sardegna,1639591,513717,31.33,1.1
3598,2021-02-18,SAR,1876,731,1145,1774,64,38,ITG,ITG2,20,Sardegna,Sardegna,1639591,515593,31.45,0.11
3599,2021-05-31,SAR,11368,5409,5959,8159,3110,99,ITG,ITG2,20,Sardegna,Sardegna,1639591,526961,32.14,0.69
3600,2021-07-27,SAR,16531,8384,8147,4216,12204,111,ITG,ITG2,20,Sardegna,Sardegna,1639591,543492,33.15,1.01
3601,2021-04-18,SAR,5133,2226,2907,2230,2875,28,ITG,ITG2,20,Sardegna,Sardegna,1639591,548625,33.46,0.31
3602,2021-01-08,SAR,3261,1184,2077,3259,0,2,ITG,ITG2,20,Sardegna,Sardegna,1639591,551886,33.66,0.2
3603,2021-08-10,SAR,14216,7494,6722,6246,7808,162,ITG,ITG2,20,Sardegna,Sardegna,1639591,566102,34.53,0.87
3604,2021-05-02,SAR,5977,2705,3272,5213,664,100,ITG,ITG2,20,Sardegna,Sardegna,1639591,572079,34.89,0.36
3605,2021-02-08,SAR,1469,533,936,852,616,1,ITG,ITG2,20,Sardegna,Sardegna,1639591,573548,34.98,0.09
3606,2021-08-12,SAR,12479,6614,5865,6628,5683,168,ITG,ITG2,20,Sardegna,Sardegna,1639591,586027,35.74,0.76
3607,2021-05-07,SAR,14489,6639,7850,9712,4529,248,ITG,ITG2,20,Sardegna,Sardegna,1639591,600516,36.63,0.88
3608,2021-01-27,SAR,1415,498,917,78,1337,0,ITG,ITG2,20,Sardegna,Sardegna,1639591,601931,36.71,0.09
3609,2021-07-03,SAR,15842,7562,8280,3236,12575,31,ITG,ITG2,20,Sardegna,Sardegna,1639591,617773,37.68,0.97
3610,2021-03-25,SAR,9129,3983,5146,7687,1305,137,ITG,ITG2,20,Sardegna,Sardegna,1639591,626902,38.24,0.56
3611,2021-05-21,SAR,22644,11205,11439,16264,6100,280,ITG,ITG2,20,Sardegna,Sardegna,1639591,649546,39.62,1.38
3612,2021-04-06,SAR,7475,3126,4349,4973,2429,73,ITG,ITG2,20,Sardegna,Sardegna,1639591,657021,40.07,0.46
3613,2020-12-27,SAR,65,34,31,65,0,0,ITG,ITG2,20,Sardegna,Sardegna,1639591,657086,40.08,0.0
3614,2021-04-25,SAR,4504,2273,2231,3675,781,48,ITG,ITG2,20,Sardegna,Sardegna,1639591,661590,40.35,0.27
3615,2021-01-15,SAR,1561,572,989,1559,0,2,ITG,ITG2,20,Sardegna,Sardegna,1639591,663151,40.45,0.1
3616,2021-08-17,SAR,10609,5535,5074,6092,4391,126,ITG,ITG2,20,Sardegna,Sardegna,1639591,673760,41.09,0.65
3617,2021-02-01,SAR,1525,607,918,224,1301,0,ITG,ITG2,20,Sardegna,Sardegna,1639591,675285,41.19,0.09
3618,2021-05-09,SAR,6125,2872,3253,5111,925,89,ITG,ITG2,20,Sardegna,Sardegna,1639591,681410,41.56,0.37
3619,2021-01-13,SAR,575,179,396,575,0,0,ITG,ITG2,20,Sardegna,Sardegna,1639591,681985,41.59,0.04
3620,2021-07-17,SAR,12870,6302,6568,3179,9624,67,ITG,ITG2,20,Sardegna,Sardegna,1639591,694855,42.38,0.78
3621,2021-07-31,SAR,10319,5456,4863,5278,4961,80,ITG,ITG2,20,Sardegna,Sardegna,1639591,705174,43.01,0.63
3622,2021-08-19,SAR,10754,5684,5070,5732,4891,131,ITG,ITG2,20,Sardegna,Sardegna,1639591,715928,43.67,0.66
3623,2021-05-28,SAR,17956,8699,9257,13492,4276,188,ITG,ITG2,20,Sardegna,Sardegna,1639591,733884,44.76,1.1
3624,2021-02-17,SAR,1408,579,829,1274,74,60,ITG,ITG2,20,Sardegna,Sardegna,1639591,735292,44.85,0.09
3625,2021-05-25,SAR,15143,7705,7438,8490,6478,175,ITG,ITG2,20,Sardegna,Sardegna,1639591,750435,45.77,0.92
3626,2021-06-11,SAR,14782,7025,7757,9091,5538,153,ITG,ITG2,20,Sardegna,Sardegna,1639591,765217,46.67,0.9
3627,2021-03-03,SAR,4121,2284,1837,2740,1299,82,ITG,ITG2,20,Sardegna,Sardegna,1639591,769338,46.92,0.25
3628,2021-06-16,SAR,17634,8276,9358,12164,5309,161,ITG,ITG2,20,Sardegna,Sardegna,1639591,786972,48.0,1.08
3629,2021-01-01,SAR,32,17,15,32,0,0,ITG,ITG2,20,Sardegna,Sardegna,1639591,787004,48.0,0.0
3630,2021-02-27,SAR,1918,644,1274,1318,559,41,ITG,ITG2,20,Sardegna,Sardegna,1639591,788922,48.12,0.12
3631,2021-04-21,SAR,12082,5557,6525,6439,5541,102,ITG,ITG2,20,Sardegna,Sardegna,1639591,801004,48.85,0.74
3632,2021-01-11,SAR,1185,506,679,1184,0,1,ITG,ITG2,20,Sardegna,Sardegna,1639591,802189,48.93,0.07
3633,2021-06-17,SAR,18464,8532,9932,9919,8424,121,ITG,ITG2,20,Sardegna,Sardegna,1639591,820653,50.05,1.13
3634,2021-01-25,SAR,591,214,377,22,569,0,ITG,ITG2,20,Sardegna,Sardegna,1639591,821244,50.09,0.04
3635,2021-05-16,SAR,8224,3833,4391,5984,2161,79,ITG,ITG2,20,Sardegna,Sardegna,1639591,829468,50.59,0.5
3636,2021-07-12,SAR,15337,7413,7924,2404,12877,56,ITG,ITG2,20,Sardegna,Sardegna,1639591,844805,51.53,0.94
3637,2021-06-02,SAR,9787,4693,5094,8061,1640,86,ITG,ITG2,20,Sardegna,Sardegna,1639591,854592,52.12,0.6
3638,2021-07-29,SAR,17899,9045,8854,6526,11207,166,ITG,ITG2,20,Sardegna,Sardegna,1639591,872491,53.21,1.09
3639,2021-04-20,SAR,11008,4999,6009,7693,3220,95,ITG,ITG2,20,Sardegna,Sardegna,1639591,883499,53.89,0.67
3640,2021-08-05,SAR,15653,8230,7423,8693,6800,160,ITG,ITG2,20,Sardegna,Sardegna,1639591,899152,54.84,0.95
3641,2021-02-20,SAR,2040,854,1186,1683,334,23,ITG,ITG2,20,Sardegna,Sardegna,1639591,901192,54.96,0.12
3642,2021-08-07,SAR,8211,4308,3903,5437,2706,68,ITG,ITG2,20,Sardegna,Sardegna,1639591,909403,55.47,0.5
3643,2021-04-29,SAR,11127,5107,6020,6612,4357,158,ITG,ITG2,20,Sardegna,Sardegna,1639591,920530,56.14,0.68
3644,2021-03-18,SAR,7254,3073,4181,5573,1607,74,ITG,ITG2,20,Sardegna,Sardegna,1639591,927784,56.59,0.44
3645,2021-05-14,SAR,14583,6872,7711,10760,3644,179,ITG,ITG2,20,Sardegna,Sardegna,1639591,942367,57.48,0.89
3646,2021-02-03,SAR,1119,419,700,424,694,1,ITG,ITG2,20,Sardegna,Sardegna,1639591,943486,57.54,0.07
3647,2021-07-10,SAR,14242,6888,7354,2707,11502,33,ITG,ITG2,20,Sardegna,Sardegna,1639591,957728,58.41,0.87
3648,2021-04-01,SAR,10170,4077,6093,7008,3017,145,ITG,ITG2,20,Sardegna,Sardegna,1639591,967898,59.03,0.62
3649,2021-07-21,SAR,19391,9499,9892,3907,15400,84,ITG,ITG2,20,Sardegna,Sardegna,1639591,987289,60.22,1.18
3650,2021-06-30,SAR,17772,8514,9258,4806,12885,81,ITG,ITG2,20,Sardegna,Sardegna,1639591,1005061,61.3,1.08
3651,2021-03-22,SAR,3695,1497,2198,3101,514,80,ITG,ITG2,20,Sardegna,Sardegna,1639591,1008756,61.52,0.23
3652,2021-04-08,SAR,13447,5935,7512,8214,5119,114,ITG,ITG2,20,Sardegna,Sardegna,1639591,1022203,62.34,0.82
3653,2021-07-14,SAR,16914,8194,8720,3780,13023,111,ITG,ITG2,20,Sardegna,Sardegna,1639591,1039117,63.38,1.03
3654,2020-12-29,SAR,57,32,25,57,0,0,ITG,ITG2,20,Sardegna,Sardegna,1639591,1039174,63.38,0.0
3655,2021-07-22,SAR,18327,9261,9066,4503,13715,109,ITG,ITG2,20,Sardegna,Sardegna,1639591,1057501,64.5,1.12
3656,2021-04-13,SAR,7628,3601,4027,5739,1826,63,ITG,ITG2,20,Sardegna,Sardegna,1639591,1065129,64.96,0.47
3657,2021-06-09,SAR,15467,7368,8099,11575,3741,151,ITG,ITG2,20,Sardegna,Sardegna,1639591,1080596,65.91,0.94
3658,2021-02-10,SAR,1961,766,1195,1435,520,6,ITG,ITG2,20,Sardegna,Sardegna,1639591,1082557,66.03,0.12
3659,2021-01-20,SAR,210,77,133,208,2,0,ITG,ITG2,20,Sardegna,Sardegna,1639591,1082767,66.04,0.01
3660,2021-03-29,SAR,4744,1849,2895,4074,589,81,ITG,ITG2,20,Sardegna,Sardegna,1639591,1087511,66.33,0.29
3661,2021-04-15,SAR,11853,5542,6311,6779,4957,117,ITG,ITG2,20,Sardegna,Sardegna,1639591,1099364,67.05,0.72
3662,2021-01-05,SAR,1322,443,879,1322,0,0,ITG,ITG2,20,Sardegna,Sardegna,1639591,1100686,67.13,0.08
3663,2021-01-22,SAR,83,47,36,55,28,0,ITG,ITG2,20,Sardegna,Sardegna,1639591,1100769,67.14,0.01
3664,2021-07-05,SAR,15583,7571,8012,3327,12207,49,ITG,ITG2,20,Sardegna,Sardegna,1639591,1116352,68.09,0.95
3665,2021-06-25,SAR,16509,7809,8700,3896,12556,57,ITG,ITG2,20,Sardegna,Sardegna,1639591,1132861,69.09,1.01
3666,2021-01-10,SAR,2182,749,1433,2180,0,2,ITG,ITG2,20,Sardegna,Sardegna,1639591,1135043,69.23,0.13
3667,2021-04-22,SAR,10515,4667,5848,5500,4924,91,ITG,ITG2,20,Sardegna,Sardegna,1639591,1145558,69.87,0.64
3668,2021-01-12,SAR,866,408,458,866,0,0,ITG,ITG2,20,Sardegna,Sardegna,1639591,1146424,69.92,0.05
3669,2021-05-11,SAR,8967,4190,4777,6400,2435,132,ITG,ITG2,20,Sardegna,Sardegna,1639591,1155391,70.47,0.55
3670,2021-01-31,SAR,2122,752,1370,45,2077,0,ITG,ITG2,20,Sardegna,Sardegna,1639591,1157513,70.6,0.13
3671,2021-02-14,SAR,538,263,275,536,2,0,ITG,ITG2,20,Sardegna,Sardegna,1639591,1158051,70.63,0.03
3672,2021-07-18,SAR,5692,2874,2818,982,4700,10,ITG,ITG2,20,Sardegna,Sardegna,1639591,1163743,70.98,0.35
3673,2021-08-18,SAR,10698,5534,5164,5711,4857,130,ITG,ITG2,20,Sardegna,Sardegna,1639591,1174441,71.63,0.65
3674,2021-04-05,SAR,2041,783,1258,2003,1,37,ITG,ITG2,20,Sardegna,Sardegna,1639591,1176482,71.75,0.12
3675,2021-06-29,SAR,17891,8605,9286,3753,14089,49,ITG,ITG2,20,Sardegna,Sardegna,1639591,1194373,72.85,1.09
3676,2021-07-02,SAR,18934,8892,10042,4405,14431,98,ITG,ITG2,20,Sardegna,Sardegna,1639591,1213307,74.0,1.15
3677,2021-04-27,SAR,7630,3561,4069,5476,2044,110,ITG,ITG2,20,Sardegna,Sardegna,1639591,1220937,74.47,0.47
3678,2021-01-17,SAR,860,277,583,859,1,0,ITG,ITG2,20,Sardegna,Sardegna,1639591,1221797,74.52,0.05
3679,2021-03-15,SAR,2800,1318,1482,2385,374,41,ITG,ITG2,20,Sardegna,Sardegna,1639591,1224597,74.69,0.17
3680,2021-07-04,SAR,8207,3988,4219,2067,6125,15,ITG,ITG2,20,Sardegna,Sardegna,1639591,1232804,75.19,0.5
3681,2021-03-26,SAR,8470,3518,4952,6811,1528,131,ITG,ITG2,20,Sardegna,Sardegna,1639591,1241274,75.71,0.52
3682,2021-05-22,SAR,24939,11988,12951,19492,5143,304,ITG,ITG2,20,Sardegna,Sardegna,1639591,1266213,77.23,1.52
3683,2021-01-19,SAR,747,269,478,691,55,1,ITG,ITG2,20,Sardegna,Sardegna,1639591,1266960,77.27,0.05
3684,2021-03-17,SAR,6552,2848,3704,4906,1609,37,ITG,ITG2,20,Sardegna,Sardegna,1639591,1273512,77.67,0.4
3685,2021-07-26,SAR,14598,7287,7311,4122,10399,77,ITG,ITG2,20,Sardegna,Sardegna,1639591,1288110,78.56,0.89
3686,2021-04-17,SAR,10086,4503,5583,5401,4604,81,ITG,ITG2,20,Sardegna,Sardegna,1639591,1298196,79.18,0.62
3687,2021-01-03,SAR,90,36,54,90,0,0,ITG,ITG2,20,Sardegna,Sardegna,1639591,1298286,79.18,0.01
3688,2021-07-07,SAR,15910,7730,8180,4086,11771,53,ITG,ITG2,20,Sardegna,Sardegna,1639591,1314196,80.15,0.97
3689,2021-06-22,SAR,19342,8991,10351,7167,12074,101,ITG,ITG2,20,Sardegna,Sardegna,1639591,1333538,81.33,1.18
3690,2021-07-09,SAR,15878,7599,8279,3431,12365,82,ITG,ITG2,20,Sardegna,Sardegna,1639591,1349416,82.3,0.97
3691,2021-04-12,SAR,6998,3182,3816,5216,1713,69,ITG,ITG2,20,Sardegna,Sardegna,1639591,1356414,82.73,0.43
3692,2021-01-02,SAR,60,21,39,60,0,0,ITG,ITG2,20,Sardegna,Sardegna,1639591,1356474,82.73,0.0
3693,2021-06-08,SAR,14836,7071,7765,11169,3511,156,ITG,ITG2,20,Sardegna,Sardegna,1639591,1371310,83.64,0.9
3694,2021-02-28,SAR,367,169,198,139,226,2,ITG,ITG2,20,Sardegna,Sardegna,1639591,1371677,83.66,0.02
3695,2021-08-04,SAR,16216,8528,7688,9600,6353,263,ITG,ITG2,20,Sardegna,Sardegna,1639591,1387893,84.65,0.99
3696,2021-04-26,SAR,6862,3277,3585,5866,903,93,ITG,ITG2,20,Sardegna,Sardegna,1639591,1394755,85.07,0.42
3697,2021-06-01,SAR,14324,6657,7667,9638,4591,95,ITG,ITG2,20,Sardegna,Sardegna,1639591,1409079,85.94,0.87
3698,2021-02-21,SAR,1588,709,879,1557,30,1,ITG,ITG2,20,Sardegna,Sardegna,1639591,1410667,86.04,0.1
3699,2021-07-28,SAR,16794,8620,8174,6319,10327,148,ITG,ITG2,20,Sardegna,Sardegna,1639591,1427461,87.06,1.02
3700,2021-04-19,SAR,10191,4625,5566,8624,1429,138,ITG,ITG2,20,Sardegna,Sardegna,1639591,1437652,87.68,0.62
3701,2021-01-09,SAR,4015,1415,2600,4015,0,0,ITG,ITG2,20,Sardegna,Sardegna,1639591,1441667,87.93,0.24
3702,2021-06-15,SAR,14693,6809,7884,9818,4741,134,ITG,ITG2,20,Sardegna,Sardegna,1639591,1456360,88.82,0.9
3703,2021-03-07,SAR,1658,751,907,1113,541,4,ITG,ITG2,20,Sardegna,Sardegna,1639591,1458018,88.93,0.1
3704,2021-05-26,SAR,15535,8190,7345,9702,5649,184,ITG,ITG2,20,Sardegna,Sardegna,1639591,1473553,89.87,0.95
3705,2021-02-15,SAR,957,349,608,920,31,6,ITG,ITG2,20,Sardegna,Sardegna,1639591,1474510,89.93,0.06
3706,2021-03-20,SAR,5198,2076,3122,2893,2278,27,ITG,ITG2,20,Sardegna,Sardegna,1639591,1479708,90.25,0.32
3707,2021-06-13,SAR,9502,4678,4824,6162,3260,80,ITG,ITG2,20,Sardegna,Sardegna,1639591,1489210,90.83,0.58
3708,2021-01-29,SAR,2959,1072,1887,45,2912,2,ITG,ITG2,20,Sardegna,Sardegna,1639591,1492169,91.01,0.18
3709,2021-06-27,SAR,9020,4310,4710,2957,6035,28,ITG,ITG2,20,Sardegna,Sardegna,1639591,1501189,91.56,0.55
3710,2021-03-24,SAR,7406,3111,4295,5909,1357,140,ITG,ITG2,20,Sardegna,Sardegna,1639591,1508595,92.01,0.45
3711,2021-02-05,SAR,1902,751,1151,430,1470,2,ITG,ITG2,20,Sardegna,Sardegna,1639591,1510497,92.13,0.12
3712,2021-04-03,SAR,4680,1811,2869,2640,1971,69,ITG,ITG2,20,Sardegna,Sardegna,1639591,1515177,92.41,0.29
3713,2021-05-30,SAR,9729,4838,4891,7301,2358,70,ITG,ITG2,20,Sardegna,Sardegna,1639591,1524906,93.01,0.59
3714,2021-02-19,SAR,1503,473,1030,1401,56,46,ITG,ITG2,20,Sardegna,Sardegna,1639591,1526409,93.1,0.09
3715,2021-08-21,SAR,5645,3070,2575,3655,1899,91,ITG,ITG2,20,Sardegna,Sardegna,1639591,1532054,93.44,0.34
3716,2021-03-08,SAR,4691,2437,2254,3420,1222,49,ITG,ITG2,20,Sardegna,Sardegna,1639591,1536745,93.73,0.29
3717,2021-05-04,SAR,9568,4399,5169,7541,1871,156,ITG,ITG2,20,Sardegna,Sardegna,1639591,1546313,94.31,0.58
3718,2021-01-24,SAR,91,35,56,5,86,0,ITG,ITG2,20,Sardegna,Sardegna,1639591,1546404,94.32,0.01
3719,2021-06-18,SAR,16488,7508,8980,8604,7769,115,ITG,ITG2,20,Sardegna,Sardegna,1639591,1562892,95.32,1.01
3720,2021-03-10,SAR,6059,2959,3100,5135,853,71,ITG,ITG2,20,Sardegna,Sardegna,1639591,1568951,95.69,0.37
3721,2021-08-14,SAR,1756,1007,749,966,781,9,ITG,ITG2,20,Sardegna,Sardegna,1639591,1570707,95.8,0.11
3722,2021-05-06,SAR,12970,6020,6950,9565,3156,249,ITG,ITG2,20,Sardegna,Sardegna,1639591,1583677,96.59,0.79
3723,2021-03-01,SAR,2272,1158,1114,1583,660,29,ITG,ITG2,20,Sardegna,Sardegna,1639591,1585949,96.73,0.14
3724,2021-05-13,SAR,12382,5865,6517,8726,3448,208,ITG,ITG2,20,Sardegna,Sardegna,1639591,1598331,97.48,0.76
3725,2021-02-02,SAR,1501,670,831,257,1244,0,ITG,ITG2,20,Sardegna,Sardegna,1639591,1599832,97.58,0.09
3726,2021-05-15,SAR,13815,6431,7384,10197,3436,182,ITG,ITG2,20,Sardegna,Sardegna,1639591,1613647,98.42,0.84
3727,2021-07-11,SAR,6380,3120,3260,1425,4920,35,ITG,ITG2,20,Sardegna,Sardegna,1639591,1620027,98.81,0.39
3728,2021-01-26,SAR,1339,454,885,27,1312,0,ITG,ITG2,20,Sardegna,Sardegna,1639591,1621366,98.89,0.08
3729,2021-03-31,SAR,10265,4154,6111,7703,2432,130,ITG,ITG2,20,Sardegna,Sardegna,1639591,1631631,99.51,0.63
3730,2021-06-03,SAR,16398,7645,8753,10565,5692,141,ITG,ITG2,20,Sardegna,Sardegna,1639591,1648029,100.51,1.0
3731,2021-06-20,SAR,6292,2805,3487,3636,2624,32,ITG,ITG2,20,Sardegna,Sardegna,1639591,1654321,100.9,0.38
3732,2021-03-12,SAR,5974,2619,3355,4518,1308,148,ITG,ITG2,20,Sardegna,Sardegna,1639591,1660295,101.26,0.36
3733,2021-08-02,SAR,13117,6602,6515,6210,6729,178,ITG,ITG2,20,Sardegna,Sardegna,1639591,1673412,102.06,0.8
3734,2021-01-28,SAR,2976,1045,1931,68,2908,0,ITG,ITG2,20,Sardegna,Sardegna,1639591,1676388,102.24,0.18
3735,2021-05-27,SAR,17828,9264,8564,12083,5536,209,ITG,ITG2,20,Sardegna,Sardegna,1639591,1694216,103.33,1.09
3736,2021-02-16,SAR,699,289,410,663,27,9,ITG,ITG2,20,Sardegna,Sardegna,1639591,1694915,103.37,0.04
3737,2021-03-27,SAR,5736,2193,3543,5223,422,91,ITG,ITG2,20,Sardegna,Sardegna,1639591,1700651,103.72,0.35
3738,2021-05-23,SAR,9970,4811,5159,7626,2246,98,ITG,ITG2,20,Sardegna,Sardegna,1639591,1710621,104.33,0.61
3739,2021-02-12,SAR,2239,934,1305,2174,59,6,ITG,ITG2,20,Sardegna,Sardegna,1639591,1712860,104.47,0.14
3740,2021-07-19,SAR,15229,7629,7600,2797,12382,50,ITG,ITG2,20,Sardegna,Sardegna,1639591,1728089,105.4,0.93
3741,2021-04-10,SAR,10501,4753,5748,8453,1943,105,ITG,ITG2,20,Sardegna,Sardegna,1639591,1738590,106.04,0.64
3742,2021-08-16,SAR,8461,4412,4049,4550,3796,115,ITG,ITG2,20,Sardegna,Sardegna,1639591,1747051,106.55,0.52
3743,2021-05-08,SAR,13099,5977,7122,10660,2287,152,ITG,ITG2,20,Sardegna,Sardegna,1639591,1760150,107.35,0.8
3744,2021-03-05,SAR,5210,2607,2603,2815,2357,38,ITG,ITG2,20,Sardegna,Sardegna,1639591,1765360,107.67,0.32
3745,2021-03-19,SAR,7264,3045,4219,4993,2217,54,ITG,ITG2,20,Sardegna,Sardegna,1639591,1772624,108.11,0.44
3746,2021-01-07,SAR,3107,1073,2034,3103,0,4,ITG,ITG2,20,Sardegna,Sardegna,1639591,1775731,108.3,0.19
3747,2021-06-10,SAR,17811,8478,9333,11643,6042,126,ITG,ITG2,20,Sardegna,Sardegna,1639591,1793542,109.39,1.09
3748,2021-08-06,SAR,13824,7175,6649,7992,5661,171,ITG,ITG2,20,Sardegna,Sardegna,1639591,1807366,110.23,0.84
3749,2020-12-31,SAR,32,16,16,32,0,0,ITG,ITG2,20,Sardegna,Sardegna,1639591,1807398,110.23,0.0
3750,2021-07-30,SAR,15203,7856,7347,6623,8414,166,ITG,ITG2,20,Sardegna,Sardegna,1639591,1822601,111.16,0.93
3751,2021-07-16,SAR,16939,8476,8463,4557,12248,134,ITG,ITG2,20,Sardegna,Sardegna,1639591,1839540,112.2,1.03
3752,2021-04-07,SAR,13560,6056,7504,7828,5656,76,ITG,ITG2,20,Sardegna,Sardegna,1639591,1853100,113.02,0.83
3753,2021-04-24,SAR,10377,4854,5523,7889,2356,132,ITG,ITG2,20,Sardegna,Sardegna,1639591,1863477,113.65,0.63
3754,2021-01-14,SAR,1106,425,681,1106,0,0,ITG,ITG2,20,Sardegna,Sardegna,1639591,1864583,113.72,0.07
3755,2021-02-22,SAR,1638,948,690,1384,228,26,ITG,ITG2,20,Sardegna,Sardegna,1639591,1866221,113.82,0.1
3756,2021-03-11,SAR,6426,3092,3334,5149,1201,76,ITG,ITG2,20,Sardegna,Sardegna,1639591,1872647,114.21,0.39
3757,2021-06-04,SAR,14500,6939,7561,9782,4559,159,ITG,ITG2,20,Sardegna,Sardegna,1639591,1887147,115.1,0.88
3758,2021-06-21,SAR,14023,6734,7289,5121,8829,73,ITG,ITG2,20,Sardegna,Sardegna,1639591,1901170,115.95,0.86
3759,2021-03-13,SAR,2756,1076,1680,2435,281,40,ITG,ITG2,20,Sardegna,Sardegna,1639591,1903926,116.12,0.17
3760,2021-03-30,SAR,8775,3592,5183,6350,2275,150,ITG,ITG2,20,Sardegna,Sardegna,1639591,1912701,116.66,0.54
3761,2021-01-06,SAR,1618,547,1071,1618,0,0,ITG,ITG2,20,Sardegna,Sardegna,1639591,1914319,116.76,0.1
3762,2021-06-23,SAR,20547,9668,10879,6192,14262,93,ITG,ITG2,20,Sardegna,Sardegna,1639591,1934866,118.01,1.25
3763,2021-08-09,SAR,13415,6973,6442,6475,6794,146,ITG,ITG2,20,Sardegna,Sardegna,1639591,1948281,118.83,0.82
3764,2021-05-18,SAR,14757,7381,7376,9426,5210,121,ITG,ITG2,20,Sardegna,Sardegna,1639591,1963038,119.73,0.9
3765,2021-02-24,SAR,2420,1299,1121,2184,194,42,ITG,ITG2,20,Sardegna,Sardegna,1639591,1965458,119.87,0.15
3766,2021-06-06,SAR,10035,5001,5034,6315,3651,69,ITG,ITG2,20,Sardegna,Sardegna,1639591,1975493,120.49,0.61
3767,2021-07-23,SAR,15757,7786,7971,3403,12276,78,ITG,ITG2,20,Sardegna,Sardegna,1639591,1991250,121.45,0.96
3768,2021-04-14,SAR,8268,3910,4358,6967,1239,62,ITG,ITG2,20,Sardegna,Sardegna,1639591,1999518,121.95,0.5
3769,2021-05-01,SAR,9927,4770,5157,5368,4459,100,ITG,ITG2,20,Sardegna,Sardegna,1639591,2009445,122.56,0.61
3770,2021-01-21,SAR,127,61,66,94,33,0,ITG,ITG2,20,Sardegna,Sardegna,1639591,2009572,122.57,0.01
3771,2021-02-07,SAR,1120,396,724,227,892,1,ITG,ITG2,20,Sardegna,Sardegna,1639591,2010692,122.63,0.07
3772,2021-08-11,SAR,11928,6361,5567,6148,5600,180,ITG,ITG2,20,Sardegna,Sardegna,1639591,2022620,123.36,0.73
3773,2021-05-03,SAR,8203,3830,4373,6492,1600,111,ITG,ITG2,20,Sardegna,Sardegna,1639591,2030823,123.86,0.5
3774,2021-05-20,SAR,16372,7884,8488,11268,4899,205,ITG,ITG2,20,Sardegna,Sardegna,1639591,2047195,124.86,1.0
3775,2021-02-09,SAR,2287,835,1452,1284,998,5,ITG,ITG2,20,Sardegna,Sardegna,1639591,2049482,125.0,0.14
3776,2021-02-26,SAR,2801,1105,1696,2444,306,51,ITG,ITG2,20,Sardegna,Sardegna,1639591,2052283,125.17,0.17
3777,2021-01-22,ABR,118,57,61,118,0,0,ITF,ITF1,13,Abruzzo,Abruzzo,1304970,118,0.01,0.01
3778,2021-01-03,ABR,501,212,289,499,0,2,ITF,ITF1,13,Abruzzo,Abruzzo,1304970,619,0.05,0.04
3779,2021-08-21,ABR,3851,2103,1748,1734,1994,123,ITF,ITF1,13,Abruzzo,Abruzzo,1304970,4470,0.34,0.3
3780,2021-05-04,ABR,10855,5095,5760,7044,3623,188,ITF,ITF1,13,Abruzzo,Abruzzo,1304970,15325,1.17,0.83
3781,2021-03-08,ABR,5157,1694,3463,4087,976,94,ITF,ITF1,13,Abruzzo,Abruzzo,1304970,20482,1.57,0.4
3782,2021-01-24,ABR,50,22,28,6,44,0,ITF,ITF1,13,Abruzzo,Abruzzo,1304970,20532,1.57,0.0
3783,2021-03-01,ABR,3477,1384,2093,2702,751,24,ITF,ITF1,13,Abruzzo,Abruzzo,1304970,24009,1.84,0.27
3784,2021-02-10,ABR,946,311,635,492,444,10,ITF,ITF1,13,Abruzzo,Abruzzo,1304970,24955,1.91,0.07
3785,2020-12-27,ABR,46,24,22,46,0,0,ITF,ITF1,13,Abruzzo,Abruzzo,1304970,25001,1.92,0.0
3786,2021-03-20,ABR,4794,2200,2594,2561,2171,62,ITF,ITF1,13,Abruzzo,Abruzzo,1304970,29795,2.28,0.37
3787,2021-06-13,ABR,9843,4924,4919,7846,1832,165,ITF,ITF1,13,Abruzzo,Abruzzo,1304970,39638,3.04,0.75
3788,2021-02-22,ABR,2643,1174,1469,2588,30,25,ITF,ITF1,13,Abruzzo,Abruzzo,1304970,42281,3.24,0.2
3789,2021-02-05,ABR,1535,521,1014,772,747,16,ITF,ITF1,13,Abruzzo,Abruzzo,1304970,43816,3.36,0.12
3790,2021-05-16,ABR,9577,4134,5443,5647,3811,119,ITF,ITF1,13,Abruzzo,Abruzzo,1304970,53393,4.09,0.73
3791,2021-06-04,ABR,15644,7393,8251,10759,4698,187,ITF,ITF1,13,Abruzzo,Abruzzo,1304970,69037,5.29,1.2
3792,2021-05-18,ABR,12111,5661,6450,7562,4380,169,ITF,ITF1,13,Abruzzo,Abruzzo,1304970,81148,6.22,0.93
3793,2021-02-24,ABR,3306,1442,1864,3112,177,17,ITF,ITF1,13,Abruzzo,Abruzzo,1304970,84454,6.47,0.25
3794,2021-08-09,ABR,10694,5543,5151,3093,7408,193,ITF,ITF1,13,Abruzzo,Abruzzo,1304970,95148,7.29,0.82
3795,2021-03-03,ABR,4641,1899,2742,3713,906,22,ITF,ITF1,13,Abruzzo,Abruzzo,1304970,99789,7.65,0.36
3796,2021-07-14,ABR,13723,6799,6924,2438,11134,151,ITF,ITF1,13,Abruzzo,Abruzzo,1304970,113512,8.7,1.05
3797,2021-04-08,ABR,7393,3335,4058,4934,2331,128,ITF,ITF1,13,Abruzzo,Abruzzo,1304970,120905,9.26,0.57
3798,2021-04-22,ABR,6738,3253,3485,4830,1733,175,ITF,ITF1,13,Abruzzo,Abruzzo,1304970,127643,9.78,0.52
3799,2021-07-31,ABR,11740,6339,5401,3479,8059,202,ITF,ITF1,13,Abruzzo,Abruzzo,1304970,139383,10.68,0.9
3800,2021-03-22,ABR,4347,1911,2436,2310,1971,66,ITF,ITF1,13,Abruzzo,Abruzzo,1304970,143730,11.01,0.33
3801,2021-01-10,ABR,1270,538,732,1266,0,4,ITF,ITF1,13,Abruzzo,Abruzzo,1304970,145000,11.11,0.1
3802,2021-04-29,ABR,12686,5855,6831,9281,3097,308,ITF,ITF1,13,Abruzzo,Abruzzo,1304970,157686,12.08,0.97
3803,2021-08-07,ABR,6489,3615,2874,1836,4558,95,ITF,ITF1,13,Abruzzo,Abruzzo,1304970,164175,12.58,0.5
3804,2021-06-25,ABR,11061,5479,5582,4905,6013,143,ITF,ITF1,13,Abruzzo,Abruzzo,1304970,175236,13.43,0.85
3805,2021-01-15,ABR,385,155,230,371,0,14,ITF,ITF1,13,Abruzzo,Abruzzo,1304970,175621,13.46,0.03
3806,2021-05-30,ABR,8660,4110,4550,5326,3255,79,ITF,ITF1,13,Abruzzo,Abruzzo,1304970,184281,14.12,0.66
3807,2021-04-03,ABR,5163,2258,2905,3485,1598,80,ITF,ITF1,13,Abruzzo,Abruzzo,1304970,189444,14.52,0.4
3808,2021-07-26,ABR,14258,7459,6799,3870,10190,198,ITF,ITF1,13,Abruzzo,Abruzzo,1304970,203702,15.61,1.09
3809,2021-07-12,ABR,15076,7458,7618,2361,12600,115,ITF,ITF1,13,Abruzzo,Abruzzo,1304970,218778,16.76,1.16
3810,2021-03-27,ABR,6127,2623,3504,3563,2491,73,ITF,ITF1,13,Abruzzo,Abruzzo,1304970,224905,17.23,0.47
3811,2021-01-05,ABR,1733,721,1012,1728,0,5,ITF,ITF1,13,Abruzzo,Abruzzo,1304970,226638,17.37,0.13
3812,2021-04-15,ABR,7831,3687,4144,5828,1843,160,ITF,ITF1,13,Abruzzo,Abruzzo,1304970,234469,17.97,0.6
3813,2021-07-07,ABR,12064,5907,6157,4033,7792,239,ITF,ITF1,13,Abruzzo,Abruzzo,1304970,246533,18.89,0.92
3814,2021-07-09,ABR,13607,6792,6815,2890,10580,137,ITF,ITF1,13,Abruzzo,Abruzzo,1304970,260140,19.93,1.04
3815,2021-08-14,ABR,132,70,62,105,25,2,ITF,ITF1,13,Abruzzo,Abruzzo,1304970,260272,19.94,0.01
3816,2021-06-18,ABR,10191,5005,5186,6553,3491,147,ITF,ITF1,13,Abruzzo,Abruzzo,1304970,270463,20.73,0.78
3817,2021-02-02,ABR,1762,668,1094,218,1540,4,ITF,ITF1,13,Abruzzo,Abruzzo,1304970,272225,20.86,0.14
3818,2021-05-13,ABR,11149,5042,6107,6959,3961,229,ITF,ITF1,13,Abruzzo,Abruzzo,1304970,283374,21.71,0.85
3819,2021-03-31,ABR,6721,2945,3776,4558,2069,94,ITF,ITF1,13,Abruzzo,Abruzzo,1304970,290095,22.23,0.52
3820,2021-07-21,ABR,11077,5718,5359,2423,8519,135,ITF,ITF1,13,Abruzzo,Abruzzo,1304970,301172,23.08,0.85
3821,2021-02-03,ABR,2062,717,1345,411,1643,8,ITF,ITF1,13,Abruzzo,Abruzzo,1304970,303234,23.24,0.16
3822,2021-02-28,ABR,1703,509,1194,1665,2,36,ITF,ITF1,13,Abruzzo,Abruzzo,1304970,304937,23.37,0.13
3823,2021-08-04,ABR,10882,5629,5253,4303,6337,242,ITF,ITF1,13,Abruzzo,Abruzzo,1304970,315819,24.2,0.83
3824,2021-01-02,ABR,559,226,333,558,0,1,ITF,ITF1,13,Abruzzo,Abruzzo,1304970,316378,24.24,0.04
3825,2021-01-29,ABR,1387,449,938,71,1315,1,ITF,ITF1,13,Abruzzo,Abruzzo,1304970,317765,24.35,0.11
3826,2021-08-02,ABR,13854,7154,6700,3545,10051,258,ITF,ITF1,13,Abruzzo,Abruzzo,1304970,331619,25.41,1.06
3827,2021-05-27,ABR,13322,6105,7217,8317,4830,175,ITF,ITF1,13,Abruzzo,Abruzzo,1304970,344941,26.43,1.02
3828,2021-06-30,ABR,11170,5431,5739,4495,6509,166,ITF,ITF1,13,Abruzzo,Abruzzo,1304970,356111,27.29,0.86
3829,2021-02-17,ABR,2071,948,1123,1780,282,9,ITF,ITF1,13,Abruzzo,Abruzzo,1304970,358182,27.45,0.16
3830,2021-06-11,ABR,11777,5852,5925,8830,2761,186,ITF,ITF1,13,Abruzzo,Abruzzo,1304970,369959,28.35,0.9
3831,2021-08-19,ABR,6728,3614,3114,3259,3278,191,ITF,ITF1,13,Abruzzo,Abruzzo,1304970,376687,28.87,0.52
3832,2021-05-11,ABR,10762,5119,5643,5732,4854,176,ITF,ITF1,13,Abruzzo,Abruzzo,1304970,387449,29.69,0.82
3833,2021-02-12,ABR,1228,567,661,1026,189,13,ITF,ITF1,13,Abruzzo,Abruzzo,1304970,388677,29.78,0.09
3834,2021-07-19,ABR,11776,5982,5794,2664,8942,170,ITF,ITF1,13,Abruzzo,Abruzzo,1304970,400453,30.69,0.9
3835,2021-05-23,ABR,9881,4694,5187,7068,2692,121,ITF,ITF1,13,Abruzzo,Abruzzo,1304970,410334,31.44,0.76
3836,2021-06-06,ABR,11150,5309,5841,8777,2241,132,ITF,ITF1,13,Abruzzo,Abruzzo,1304970,421484,32.3,0.85
3837,2021-04-10,ABR,8780,4061,4719,6127,2510,143,ITF,ITF1,13,Abruzzo,Abruzzo,1304970,430264,32.97,0.67
3838,2021-04-27,ABR,9084,4367,4717,6505,2466,113,ITF,ITF1,13,Abruzzo,Abruzzo,1304970,439348,33.67,0.7
3839,2021-07-02,ABR,11834,5946,5888,4832,6818,184,ITF,ITF1,13,Abruzzo,Abruzzo,1304970,451182,34.57,0.91
3840,2021-03-15,ABR,3681,1445,2236,1841,1808,32,ITF,ITF1,13,Abruzzo,Abruzzo,1304970,454863,34.86,0.28
3841,2021-01-17,ABR,191,62,129,183,7,1,ITF,ITF1,13,Abruzzo,Abruzzo,1304970,455054,34.87,0.01
3842,2021-06-23,ABR,11015,5283,5732,5581,5289,145,ITF,ITF1,13,Abruzzo,Abruzzo,1304970,466069,35.71,0.84
3843,2021-06-22,ABR,10412,4878,5534,5386,4847,179,ITF,ITF1,13,Abruzzo,Abruzzo,1304970,476481,36.51,0.8
3844,2021-06-08,ABR,12869,6623,6246,10433,2196,240,ITF,ITF1,13,Abruzzo,Abruzzo,1304970,489350,37.5,0.99
3845,2021-04-26,ABR,8562,4066,4496,7138,1213,211,ITF,ITF1,13,Abruzzo,Abruzzo,1304970,497912,38.16,0.66
3846,2021-06-01,ABR,10998,4877,6121,6509,4368,121,ITF,ITF1,13,Abruzzo,Abruzzo,1304970,508910,39.0,0.84
3847,2021-04-19,ABR,6234,2862,3372,3787,2374,73,ITF,ITF1,13,Abruzzo,Abruzzo,1304970,515144,39.48,0.48
3848,2021-02-21,ABR,1218,550,668,1193,1,24,ITF,ITF1,13,Abruzzo,Abruzzo,1304970,516362,39.57,0.09
3849,2021-03-19,ABR,5797,2585,3212,2731,3024,42,ITF,ITF1,13,Abruzzo,Abruzzo,1304970,522159,40.01,0.44
3850,2021-03-05,ABR,5346,1957,3389,4588,697,61,ITF,ITF1,13,Abruzzo,Abruzzo,1304970,527505,40.42,0.41
3851,2021-06-27,ABR,8370,4302,4068,5021,3209,140,ITF,ITF1,13,Abruzzo,Abruzzo,1304970,535875,41.06,0.64
3852,2021-04-07,ABR,7534,3479,4055,4512,2889,133,ITF,ITF1,13,Abruzzo,Abruzzo,1304970,543409,41.64,0.58
3853,2021-07-16,ABR,16148,8237,7911,2470,13561,117,ITF,ITF1,13,Abruzzo,Abruzzo,1304970,559557,42.88,1.24
3854,2021-08-18,ABR,7364,3904,3460,3088,4086,190,ITF,ITF1,13,Abruzzo,Abruzzo,1304970,566921,43.44,0.56
3855,2021-04-05,ABR,2693,1148,1545,1731,880,82,ITF,ITF1,13,Abruzzo,Abruzzo,1304970,569614,43.65,0.21
3856,2021-01-12,ABR,1899,761,1138,1885,0,14,ITF,ITF1,13,Abruzzo,Abruzzo,1304970,571513,43.8,0.15
3857,2021-05-25,ABR,11420,5324,6096,8084,3138,198,ITF,ITF1,13,Abruzzo,Abruzzo,1304970,582933,44.67,0.88
3858,2021-01-31,ABR,1522,494,1028,287,1234,1,ITF,ITF1,13,Abruzzo,Abruzzo,1304970,584455,44.79,0.12
3859,2021-05-10,ABR,10108,4783,5325,5361,4649,98,ITF,ITF1,13,Abruzzo,Abruzzo,1304970,594563,45.56,0.77
3860,2021-04-23,ABR,7404,3398,4006,4930,2307,167,ITF,ITF1,13,Abruzzo,Abruzzo,1304970,601967,46.13,0.57
3861,2021-01-30,ABR,1513,569,944,65,1447,1,ITF,ITF1,13,Abruzzo,Abruzzo,1304970,603480,46.24,0.12
3862,2021-05-15,ABR,11442,5184,6258,5945,5321,176,ITF,ITF1,13,Abruzzo,Abruzzo,1304970,614922,47.12,0.88
3863,2021-07-11,ABR,9884,4974,4910,2366,7383,135,ITF,ITF1,13,Abruzzo,Abruzzo,1304970,624806,47.88,0.76
3864,2021-04-17,ABR,7358,3403,3955,4212,3052,94,ITF,ITF1,13,Abruzzo,Abruzzo,1304970,632164,48.44,0.56
3865,2021-02-19,ABR,3301,1553,1748,3162,100,39,ITF,ITF1,13,Abruzzo,Abruzzo,1304970,635465,48.7,0.25
3866,2021-01-07,ABR,1712,657,1055,1705,0,7,ITF,ITF1,13,Abruzzo,Abruzzo,1304970,637177,48.83,0.13
3867,2021-03-17,ABR,4541,1873,2668,2778,1740,23,ITF,ITF1,13,Abruzzo,Abruzzo,1304970,641718,49.17,0.35
3868,2021-03-24,ABR,6387,2785,3602,3993,2252,142,ITF,ITF1,13,Abruzzo,Abruzzo,1304970,648105,49.66,0.49
3869,2021-02-09,ABR,917,319,598,507,409,1,ITF,ITF1,13,Abruzzo,Abruzzo,1304970,649022,49.73,0.07
3870,2021-07-04,ABR,8370,4214,4156,3333,4912,125,ITF,ITF1,13,Abruzzo,Abruzzo,1304970,657392,50.38,0.64
3871,2021-02-11,ABR,816,262,554,771,43,2,ITF,ITF1,13,Abruzzo,Abruzzo,1304970,658208,50.44,0.06
3872,2021-07-28,ABR,13272,6954,6318,3431,9674,167,ITF,ITF1,13,Abruzzo,Abruzzo,1304970,671480,51.46,1.02
3873,2021-06-15,ABR,11330,5563,5767,8683,2438,209,ITF,ITF1,13,Abruzzo,Abruzzo,1304970,682810,52.32,0.87
3874,2021-04-12,ABR,6240,2958,3282,4985,1174,81,ITF,ITF1,13,Abruzzo,Abruzzo,1304970,689050,52.8,0.48
3875,2021-01-16,ABR,937,430,507,929,0,8,ITF,ITF1,13,Abruzzo,Abruzzo,1304970,689987,52.87,0.07
3876,2021-08-01,ABR,7570,4056,3514,2004,5464,102,ITF,ITF1,13,Abruzzo,Abruzzo,1304970,697557,53.45,0.58
3877,2021-06-29,ABR,11429,5640,5789,5245,5997,187,ITF,ITF1,13,Abruzzo,Abruzzo,1304970,708986,54.33,0.88
3878,2021-03-10,ABR,5051,1686,3365,4025,958,68,ITF,ITF1,13,Abruzzo,Abruzzo,1304970,714037,54.72,0.39
3879,2021-01-26,ABR,1549,568,981,33,1516,0,ITF,ITF1,13,Abruzzo,Abruzzo,1304970,715586,54.84,0.12
3880,2021-05-06,ABR,13002,6086,6916,7797,5047,158,ITF,ITF1,13,Abruzzo,Abruzzo,1304970,728588,55.83,1.0
3881,2021-04-09,ABR,8992,4260,4732,6244,2603,145,ITF,ITF1,13,Abruzzo,Abruzzo,1304970,737580,56.52,0.69
3882,2021-03-07,ABR,2523,630,1893,2482,0,41,ITF,ITF1,13,Abruzzo,Abruzzo,1304970,740103,56.71,0.19
3883,2021-01-09,ABR,1611,692,919,1599,0,12,ITF,ITF1,13,Abruzzo,Abruzzo,1304970,741714,56.84,0.12
3884,2021-03-29,ABR,5710,2600,3110,3020,2640,50,ITF,ITF1,13,Abruzzo,Abruzzo,1304970,747424,57.28,0.44
3885,2021-06-03,ABR,13197,6285,6912,9244,3778,175,ITF,ITF1,13,Abruzzo,Abruzzo,1304970,760621,58.29,1.01
3886,2021-03-12,ABR,6044,1994,4050,4350,1611,83,ITF,ITF1,13,Abruzzo,Abruzzo,1304970,766665,58.75,0.46
3887,2021-06-20,ABR,8443,4237,4206,5410,2930,103,ITF,ITF1,13,Abruzzo,Abruzzo,1304970,775108,59.4,0.65
3888,2021-03-14,ABR,1885,732,1153,1200,668,17,ITF,ITF1,13,Abruzzo,Abruzzo,1304970,776993,59.54,0.14
3889,2021-07-30,ABR,12081,6432,5649,3790,8067,224,ITF,ITF1,13,Abruzzo,Abruzzo,1304970,789074,60.47,0.93
3890,2021-02-26,ABR,3924,1679,2245,2929,969,26,ITF,ITF1,13,Abruzzo,Abruzzo,1304970,792998,60.77,0.3
3891,2021-05-24,ABR,12222,5839,6383,8726,3340,156,ITF,ITF1,13,Abruzzo,Abruzzo,1304970,805220,61.7,0.94
3892,2021-02-18,ABR,2291,933,1358,2141,133,17,ITF,ITF1,13,Abruzzo,Abruzzo,1304970,807511,61.88,0.18
3893,2021-05-29,ABR,10319,4431,5888,4458,5772,89,ITF,ITF1,13,Abruzzo,Abruzzo,1304970,817830,62.67,0.79
3894,2021-03-21,ABR,2134,914,1220,839,1291,4,ITF,ITF1,13,Abruzzo,Abruzzo,1304970,819964,62.83,0.16
3895,2021-06-12,ABR,11422,5916,5506,9892,1350,180,ITF,ITF1,13,Abruzzo,Abruzzo,1304970,831386,63.71,0.88
3896,2021-01-13,ABR,1302,483,819,1294,0,8,ITF,ITF1,13,Abruzzo,Abruzzo,1304970,832688,63.81,0.1
3897,2021-02-13,ABR,866,393,473,438,424,4,ITF,ITF1,13,Abruzzo,Abruzzo,1304970,833554,63.88,0.07
3898,2021-07-17,ABR,14100,7390,6710,2663,11260,177,ITF,ITF1,13,Abruzzo,Abruzzo,1304970,847654,64.96,1.08
3899,2021-03-04,ABR,5937,2360,3577,4974,922,41,ITF,ITF1,13,Abruzzo,Abruzzo,1304970,853591,65.41,0.45
3900,2021-05-22,ABR,13160,6392,6768,8130,4917,113,ITF,ITF1,13,Abruzzo,Abruzzo,1304970,866751,66.42,1.01
3901,2021-03-26,ABR,5362,2315,3047,3178,2079,105,ITF,ITF1,13,Abruzzo,Abruzzo,1304970,872113,66.83,0.41
3902,2021-07-27,ABR,15141,7906,7235,3343,11623,175,ITF,ITF1,13,Abruzzo,Abruzzo,1304970,887254,67.99,1.16
3903,2021-05-31,ABR,11339,5114,6225,6768,4444,127,ITF,ITF1,13,Abruzzo,Abruzzo,1304970,898593,68.86,0.87
3904,2021-04-20,ABR,5636,2713,2923,4104,1456,76,ITF,ITF1,13,Abruzzo,Abruzzo,1304970,904229,69.29,0.43
3905,2021-07-29,ABR,15178,7972,7206,3926,11043,209,ITF,ITF1,13,Abruzzo,Abruzzo,1304970,919407,70.45,1.16
3906,2021-02-25,ABR,3056,1344,1712,2507,530,19,ITF,ITF1,13,Abruzzo,Abruzzo,1304970,922463,70.69,0.23
3907,2021-06-05,ABR,14618,6865,7753,10369,4049,200,ITF,ITF1,13,Abruzzo,Abruzzo,1304970,937081,71.81,1.12
3908,2021-08-08,ABR,4450,2428,2022,1886,2474,90,ITF,ITF1,13,Abruzzo,Abruzzo,1304970,941531,72.15,0.34
3909,2021-05-17,ABR,11035,5039,5996,6021,4854,160,ITF,ITF1,13,Abruzzo,Abruzzo,1304970,952566,73.0,0.85
3910,2021-02-23,ABR,2780,1273,1507,2754,11,15,ITF,ITF1,13,Abruzzo,Abruzzo,1304970,955346,73.21,0.21
3911,2021-02-06,ABR,1611,743,868,595,1009,7,ITF,ITF1,13,Abruzzo,Abruzzo,1304970,956957,73.33,0.12
3912,2021-02-08,ABR,1196,396,800,486,710,0,ITF,ITF1,13,Abruzzo,Abruzzo,1304970,958153,73.42,0.09
3913,2021-05-19,ABR,10731,5127,5604,7570,3037,124,ITF,ITF1,13,Abruzzo,Abruzzo,1304970,968884,74.25,0.82
3914,2021-05-07,ABR,12208,5711,6497,7661,4421,126,ITF,ITF1,13,Abruzzo,Abruzzo,1304970,981092,75.18,0.94
3915,2021-03-25,ABR,5797,2664,3133,3065,2620,112,ITF,ITF1,13,Abruzzo,Abruzzo,1304970,986889,75.63,0.44
3916,2021-01-27,ABR,1365,515,850,36,1329,0,ITF,ITF1,13,Abruzzo,Abruzzo,1304970,988254,75.73,0.1
3917,2021-07-03,ABR,10192,5147,5045,3500,6544,148,ITF,ITF1,13,Abruzzo,Abruzzo,1304970,998446,76.51,0.78
3918,2021-05-21,ABR,13020,6329,6691,7867,4978,175,ITF,ITF1,13,Abruzzo,Abruzzo,1304970,1011466,77.51,1.0
3919,2021-03-18,ABR,3900,1652,2248,2038,1835,27,ITF,ITF1,13,Abruzzo,Abruzzo,1304970,1015366,77.81,0.3
3920,2021-08-22,ABR,641,329,312,171,457,13,ITF,ITF1,13,Abruzzo,Abruzzo,1304970,1016007,77.86,0.05
3921,2021-06-26,ABR,10052,5020,5032,5691,4199,162,ITF,ITF1,13,Abruzzo,Abruzzo,1304970,1026059,78.63,0.77
3922,2021-05-08,ABR,10290,4870,5420,6325,3835,130,ITF,ITF1,13,Abruzzo,Abruzzo,1304970,1036349,79.42,0.79
3923,2021-04-24,ABR,8731,3976,4755,6941,1532,258,ITF,ITF1,13,Abruzzo,Abruzzo,1304970,1045080,80.08,0.67
3924,2021-08-16,ABR,6098,3209,2889,2263,3689,146,ITF,ITF1,13,Abruzzo,Abruzzo,1304970,1051178,80.55,0.47
3925,2021-01-14,ABR,568,227,341,566,0,2,ITF,ITF1,13,Abruzzo,Abruzzo,1304970,1051746,80.6,0.04
3926,2021-02-16,ABR,1916,842,1074,1891,12,13,ITF,ITF1,13,Abruzzo,Abruzzo,1304970,1053662,80.74,0.15
3927,2021-03-02,ABR,3967,1676,2291,3261,686,20,ITF,ITF1,13,Abruzzo,Abruzzo,1304970,1057629,81.05,0.3
3928,2021-06-10,ABR,12708,6319,6389,10309,2162,237,ITF,ITF1,13,Abruzzo,Abruzzo,1304970,1070337,82.02,0.97
3929,2021-01-28,ABR,1432,495,937,11,1421,0,ITF,ITF1,13,Abruzzo,Abruzzo,1304970,1071769,82.13,0.11
3930,2021-05-28,ABR,14023,6310,7713,7492,6363,168,ITF,ITF1,13,Abruzzo,Abruzzo,1304970,1085792,83.2,1.07
3931,2021-04-25,ABR,9073,4626,4447,8056,809,208,ITF,ITF1,13,Abruzzo,Abruzzo,1304970,1094865,83.9,0.7
3932,2021-08-05,ABR,13898,7160,6738,4716,8913,269,ITF,ITF1,13,Abruzzo,Abruzzo,1304970,1108763,84.96,1.07
3933,2021-01-08,ABR,1660,638,1022,1651,0,9,ITF,ITF1,13,Abruzzo,Abruzzo,1304970,1110423,85.09,0.13
3934,2021-04-18,ABR,5821,2731,3090,4731,943,147,ITF,ITF1,13,Abruzzo,Abruzzo,1304970,1116244,85.54,0.45
3935,2021-01-18,ABR,152,70,82,53,99,0,ITF,ITF1,13,Abruzzo,Abruzzo,1304970,1116396,85.55,0.01
3936,2021-06-24,ABR,10870,5412,5458,5724,4976,170,ITF,ITF1,13,Abruzzo,Abruzzo,1304970,1127266,86.38,0.83
3937,2021-04-28,ABR,9516,4590,4926,7315,2023,178,ITF,ITF1,13,Abruzzo,Abruzzo,1304970,1136782,87.11,0.73
3938,2021-05-12,ABR,9630,4602,5028,5873,3582,175,ITF,ITF1,13,Abruzzo,Abruzzo,1304970,1146412,87.85,0.74
3939,2021-03-16,ABR,3484,1452,2032,1802,1654,28,ITF,ITF1,13,Abruzzo,Abruzzo,1304970,1149896,88.12,0.27
3940,2021-08-20,ABR,6047,3167,2880,2037,3881,129,ITF,ITF1,13,Abruzzo,Abruzzo,1304970,1155943,88.58,0.46
3941,2021-08-06,ABR,10669,5702,4967,3685,6743,241,ITF,ITF1,13,Abruzzo,Abruzzo,1304970,1166612,89.4,0.82
3942,2021-02-20,ABR,4780,1845,2935,4660,76,44,ITF,ITF1,13,Abruzzo,Abruzzo,1304970,1171392,89.76,0.37
3943,2021-07-18,ABR,12204,6310,5894,2003,10082,119,ITF,ITF1,13,Abruzzo,Abruzzo,1304970,1183596,90.7,0.94
3944,2021-04-02,ABR,6696,3104,3592,5113,1489,94,ITF,ITF1,13,Abruzzo,Abruzzo,1304970,1190292,91.21,0.51
3945,2021-02-04,ABR,1685,617,1068,601,1072,12,ITF,ITF1,13,Abruzzo,Abruzzo,1304970,1191977,91.34,0.13
3946,2021-07-20,ABR,12585,6386,6199,3225,9175,185,ITF,ITF1,13,Abruzzo,Abruzzo,1304970,1204562,92.31,0.96
3947,2021-07-10,ABR,13121,6633,6488,3011,9945,165,ITF,ITF1,13,Abruzzo,Abruzzo,1304970,1217683,93.31,1.01
3948,2021-05-14,ABR,10596,5072,5524,5284,5151,161,ITF,ITF1,13,Abruzzo,Abruzzo,1304970,1228279,94.12,0.81
3949,2021-04-01,ABR,5595,2507,3088,3431,2088,76,ITF,ITF1,13,Abruzzo,Abruzzo,1304970,1233874,94.55,0.43
3950,2021-04-04,ABR,1633,769,864,1460,129,44,ITF,ITF1,13,Abruzzo,Abruzzo,1304970,1235507,94.68,0.13
3951,2021-07-13,ABR,15525,7752,7773,2827,12521,177,ITF,ITF1,13,Abruzzo,Abruzzo,1304970,1251032,95.87,1.19
3952,2021-08-12,ABR,8763,4623,4140,3176,5407,180,ITF,ITF1,13,Abruzzo,Abruzzo,1304970,1259795,96.54,0.67
3953,2021-06-16,ABR,10895,5452,5443,7991,2688,216,ITF,ITF1,13,Abruzzo,Abruzzo,1304970,1270690,97.37,0.83
3954,2021-02-27,ABR,2813,1339,1474,2512,267,34,ITF,ITF1,13,Abruzzo,Abruzzo,1304970,1273503,97.59,0.22
3955,2021-06-07,ABR,11101,5290,5811,9072,1844,185,ITF,ITF1,13,Abruzzo,Abruzzo,1304970,1284604,98.44,0.85
3956,2021-04-11,ABR,5381,2629,2752,4836,487,58,ITF,ITF1,13,Abruzzo,Abruzzo,1304970,1289985,98.85,0.41
3957,2021-06-09,ABR,11574,6092,5482,9708,1684,182,ITF,ITF1,13,Abruzzo,Abruzzo,1304970,1301559,99.74,0.89
3958,2021-04-30,ABR,12510,5870,6640,6510,5728,272,ITF,ITF1,13,Abruzzo,Abruzzo,1304970,1314069,100.7,0.96
3959,2021-04-13,ABR,5896,2755,3141,4562,1238,96,ITF,ITF1,13,Abruzzo,Abruzzo,1304970,1319965,101.15,0.45
3960,2021-01-20,ABR,449,157,292,427,2,20,ITF,ITF1,13,Abruzzo,Abruzzo,1304970,1320414,101.18,0.03
3961,2021-07-05,ABR,10909,5348,5561,4046,6673,190,ITF,ITF1,13,Abruzzo,Abruzzo,1304970,1331323,102.02,0.84
3962,2021-07-22,ABR,14485,7412,7073,3516,10760,209,ITF,ITF1,13,Abruzzo,Abruzzo,1304970,1345808,103.13,1.11
3963,2021-07-24,ABR,12631,6837,5794,3809,8588,234,ITF,ITF1,13,Abruzzo,Abruzzo,1304970,1358439,104.1,0.97
3964,2021-05-02,ABR,10466,5115,5351,5090,5232,144,ITF,ITF1,13,Abruzzo,Abruzzo,1304970,1368905,104.9,0.8
3965,2021-08-10,ABR,9264,4962,4302,3394,5659,211,ITF,ITF1,13,Abruzzo,Abruzzo,1304970,1378169,105.61,0.71
3966,2021-01-11,ABR,1686,690,996,1682,0,4,ITF,ITF1,13,Abruzzo,Abruzzo,1304970,1379855,105.74,0.13
3967,2021-04-21,ABR,6393,3103,3290,4640,1672,81,ITF,ITF1,13,Abruzzo,Abruzzo,1304970,1386248,106.23,0.49
3968,2021-07-15,ABR,15944,8089,7855,3132,12636,176,ITF,ITF1,13,Abruzzo,Abruzzo,1304970,1402192,107.45,1.22
3969,2021-06-28,ABR,10053,4838,5215,5311,4573,169,ITF,ITF1,13,Abruzzo,Abruzzo,1304970,1412245,108.22,0.77
3970,2021-04-06,ABR,7675,3577,4098,5229,2318,128,ITF,ITF1,13,Abruzzo,Abruzzo,1304970,1419920,108.81,0.59
3971,2021-08-03,ABR,12720,6573,6147,3649,8904,167,ITF,ITF1,13,Abruzzo,Abruzzo,1304970,1432640,109.78,0.97
3972,2021-08-17,ABR,6578,3465,3113,2821,3540,217,ITF,ITF1,13,Abruzzo,Abruzzo,1304970,1439218,110.29,0.5
3973,2021-05-05,ABR,11642,5574,6068,6275,5207,160,ITF,ITF1,13,Abruzzo,Abruzzo,1304970,1450860,111.18,0.89
3974,2021-03-09,ABR,5178,1805,3373,4151,938,89,ITF,ITF1,13,Abruzzo,Abruzzo,1304970,1456038,111.58,0.4
3975,2021-08-13,ABR,7120,3832,3288,2016,4999,105,ITF,ITF1,13,Abruzzo,Abruzzo,1304970,1463158,112.12,0.55
3976,2021-07-01,ABR,12760,6284,6476,5770,6766,224,ITF,ITF1,13,Abruzzo,Abruzzo,1304970,1475918,113.1,0.98
3977,2021-06-17,ABR,10916,5459,5457,7301,3453,162,ITF,ITF1,13,Abruzzo,Abruzzo,1304970,1486834,113.94,0.84
3978,2021-03-06,ABR,4182,1361,2821,3569,571,42,ITF,ITF1,13,Abruzzo,Abruzzo,1304970,1491016,114.26,0.32
3979,2021-05-09,ABR,9157,4090,5067,4174,4872,111,ITF,ITF1,13,Abruzzo,Abruzzo,1304970,1500173,114.96,0.7
3980,2021-02-15,ABR,1794,832,962,1735,42,17,ITF,ITF1,13,Abruzzo,Abruzzo,1304970,1501967,115.1,0.14
3981,2021-05-26,ABR,13549,6043,7506,8396,4993,160,ITF,ITF1,13,Abruzzo,Abruzzo,1304970,1515516,116.13,1.04
3982,2021-06-14,ABR,10979,5430,5549,7427,3379,173,ITF,ITF1,13,Abruzzo,Abruzzo,1304970,1526495,116.98,0.84
3983,2021-02-01,ABR,1633,574,1059,269,1363,1,ITF,ITF1,13,Abruzzo,Abruzzo,1304970,1528128,117.1,0.13
3984,2021-03-23,ABR,4837,2192,2645,2213,2567,57,ITF,ITF1,13,Abruzzo,Abruzzo,1304970,1532965,117.47,0.37
3985,2021-01-25,ABR,1605,633,972,13,1590,2,ITF,ITF1,13,Abruzzo,Abruzzo,1304970,1534570,117.59,0.12
3986,2021-01-19,ABR,111,55,56,90,20,1,ITF,ITF1,13,Abruzzo,Abruzzo,1304970,1534681,117.6,0.01
3987,2021-02-07,ABR,778,307,471,200,577,1,ITF,ITF1,13,Abruzzo,Abruzzo,1304970,1535459,117.66,0.06
3988,2021-07-23,ABR,12570,6462,6108,2852,9559,159,ITF,ITF1,13,Abruzzo,Abruzzo,1304970,1548029,118.63,0.96
3989,2021-01-21,ABR,157,47,110,157,0,0,ITF,ITF1,13,Abruzzo,Abruzzo,1304970,1548186,118.64,0.01
3990,2021-05-01,ABR,10744,5047,5697,5629,4981,134,ITF,ITF1,13,Abruzzo,Abruzzo,1304970,1558930,119.46,0.82
3991,2021-05-20,ABR,12804,5925,6879,7411,5267,126,ITF,ITF1,13,Abruzzo,Abruzzo,1304970,1571734,120.44,0.98
3992,2021-08-11,ABR,8266,4410,3856,2607,5501,158,ITF,ITF1,13,Abruzzo,Abruzzo,1304970,1580000,121.08,0.63
3993,2021-06-19,ABR,10557,5201,5356,6485,3899,173,ITF,ITF1,13,Abruzzo,Abruzzo,1304970,1590557,121.88,0.81
3994,2021-03-28,ABR,2425,1018,1407,1994,381,50,ITF,ITF1,13,Abruzzo,Abruzzo,1304970,1592982,122.07,0.19
3995,2021-07-06,ABR,10465,5200,5265,4302,5988,175,ITF,ITF1,13,Abruzzo,Abruzzo,1304970,1603447,122.87,0.8
3996,2021-04-14,ABR,6598,2952,3646,4341,2123,134,ITF,ITF1,13,Abruzzo,Abruzzo,1304970,1610045,123.38,0.51
3997,2021-01-04,ABR,1513,685,828,1507,0,6,ITF,ITF1,13,Abruzzo,Abruzzo,1304970,1611558,123.49,0.12
3998,2021-01-23,ABR,264,115,149,51,207,6,ITF,ITF1,13,Abruzzo,Abruzzo,1304970,1611822,123.51,0.02
3999,2021-05-03,ABR,11149,5259,5890,7131,3835,183,ITF,ITF1,13,Abruzzo,Abruzzo,1304970,1622971,124.37,0.85
4000,2021-07-25,ABR,9862,5218,4644,2170,7569,123,ITF,ITF1,13,Abruzzo,Abruzzo,1304970,1632833,125.12,0.76
4001,2021-07-08,ABR,13491,6681,6810,3415,9911,165,ITF,ITF1,13,Abruzzo,Abruzzo,1304970,1646324,126.16,1.03
4002,2021-04-16,ABR,7546,3493,4053,5501,1916,129,ITF,ITF1,13,Abruzzo,Abruzzo,1304970,1653870,126.74,0.58
4003,2021-03-11,ABR,5491,2216,3275,4267,1138,86,ITF,ITF1,13,Abruzzo,Abruzzo,1304970,1659361,127.16,0.42
4004,2021-06-02,ABR,9769,4747,5022,6837,2815,117,ITF,ITF1,13,Abruzzo,Abruzzo,1304970,1669130,127.91,0.75
4005,2021-03-13,ABR,4123,1420,2703,3011,1043,69,ITF,ITF1,13,Abruzzo,Abruzzo,1304970,1673253,128.22,0.32
4006,2021-06-21,ABR,11055,5388,5667,4939,5988,128,ITF,ITF1,13,Abruzzo,Abruzzo,1304970,1684308,129.07,0.85
4007,2021-03-30,ABR,5128,2261,2867,3145,1822,161,ITF,ITF1,13,Abruzzo,Abruzzo,1304970,1689436,129.46,0.39
4008,2021-01-06,ABR,1989,819,1170,1979,0,10,ITF,ITF1,13,Abruzzo,Abruzzo,1304970,1691425,129.61,0.15
4009,2021-03-28,CAM,15566,7511,8055,13592,1625,349,ITF,ITF3,15,Campania,Campania,5801692,15566,0.27,0.27
4010,2021-01-04,CAM,5826,2962,2864,5726,0,100,ITF,ITF3,15,Campania,Campania,5801692,21392,0.37,0.1
4011,2021-06-19,CAM,62405,29711,32694,24216,37766,423,ITF,ITF3,15,Campania,Campania,5801692,83797,1.44,1.08
4012,2021-08-03,CAM,31997,16215,15782,14618,16648,731,ITF,ITF3,15,Campania,Campania,5801692,115794,2.0,0.55
4013,2021-02-11,CAM,6283,2706,3577,5921,67,295,ITF,ITF3,15,Campania,Campania,5801692,122077,2.1,0.11
4014,2021-07-27,CAM,49101,24392,24709,12739,35718,644,ITF,ITF3,15,Campania,Campania,5801692,171178,2.95,0.85
4015,2021-01-30,CAM,10732,5083,5649,43,10687,2,ITF,ITF3,15,Campania,Campania,5801692,181910,3.14,0.18
4016,2021-07-03,CAM,67281,32497,34784,8176,58708,397,ITF,ITF3,15,Campania,Campania,5801692,249191,4.3,1.16
4017,2021-01-16,CAM,3372,1677,1695,3262,0,110,ITF,ITF3,15,Campania,Campania,5801692,252563,4.35,0.06
4018,2021-03-02,CAM,12763,4560,8203,8201,4345,217,ITF,ITF3,15,Campania,Campania,5801692,265326,4.57,0.22
4019,2021-07-15,CAM,66728,32052,34676,9325,57072,331,ITF,ITF3,15,Campania,Campania,5801692,332054,5.72,1.15
4020,2021-01-11,CAM,4075,1874,2201,3966,0,109,ITF,ITF3,15,Campania,Campania,5801692,336129,5.79,0.07
4021,2021-04-11,CAM,17528,8609,8919,15042,2087,399,ITF,ITF3,15,Campania,Campania,5801692,353657,6.1,0.3
4022,2021-04-28,CAM,36399,17626,18773,25844,9759,796,ITF,ITF3,15,Campania,Campania,5801692,390056,6.72,0.63
4023,2021-01-18,CAM,958,399,559,682,244,32,ITF,ITF3,15,Campania,Campania,5801692,391014,6.74,0.02
4024,2021-07-20,CAM,40120,19800,20320,6333,33329,458,ITF,ITF3,15,Campania,Campania,5801692,431134,7.43,0.69
4025,2021-05-24,CAM,31352,15149,16203,15852,15153,347,ITF,ITF3,15,Campania,Campania,5801692,462486,7.97,0.54
4026,2021-02-13,CAM,5507,2550,2957,5106,217,184,ITF,ITF3,15,Campania,Campania,5801692,467993,8.07,0.09
4027,2021-08-01,CAM,16063,8394,7669,7015,8830,218,ITF,ITF3,15,Campania,Campania,5801692,484056,8.34,0.28
4028,2021-04-23,CAM,32355,15533,16822,22466,9156,733,ITF,ITF3,15,Campania,Campania,5801692,516411,8.9,0.56
4029,2021-08-15,CAM,1118,637,481,216,895,7,ITF,ITF3,15,Campania,Campania,5801692,517529,8.92,0.02
4030,2021-06-07,CAM,57588,27722,29866,52797,4039,752,ITF,ITF3,15,Campania,Campania,5801692,575117,9.91,0.99
4031,2021-02-25,CAM,12430,4481,7949,10950,1194,286,ITF,ITF3,15,Campania,Campania,5801692,587547,10.13,0.21
4032,2021-04-09,CAM,29950,14084,15866,23191,6136,623,ITF,ITF3,15,Campania,Campania,5801692,617497,10.64,0.52
4033,2021-06-05,CAM,77647,37590,40057,70824,6038,785,ITF,ITF3,15,Campania,Campania,5801692,695144,11.98,1.34
4034,2021-06-24,CAM,66087,31840,34247,13449,52277,361,ITF,ITF3,15,Campania,Campania,5801692,761231,13.12,1.14
4035,2021-03-16,CAM,8088,3519,4569,3700,4316,72,ITF,ITF3,15,Campania,Campania,5801692,769319,13.26,0.14
4036,2021-08-20,CAM,17311,9280,8031,7438,9352,521,ITF,ITF3,15,Campania,Campania,5801692,786630,13.56,0.3
4037,2021-01-25,CAM,5750,2927,2823,167,5583,0,ITF,ITF3,15,Campania,Campania,5801692,792380,13.66,0.1
4038,2021-07-01,CAM,61516,29854,31662,19800,41015,701,ITF,ITF3,15,Campania,Campania,5801692,853896,14.72,1.06
4039,2021-03-23,CAM,15742,7445,8297,12877,2513,352,ITF,ITF3,15,Campania,Campania,5801692,869638,14.99,0.27
4040,2021-03-09,CAM,14139,6873,7266,9927,3798,414,ITF,ITF3,15,Campania,Campania,5801692,883777,15.23,0.24
4041,2021-05-31,CAM,40772,20688,20084,29847,10357,568,ITF,ITF3,15,Campania,Campania,5801692,924549,15.94,0.7
4042,2021-04-16,CAM,34440,16635,17805,23081,10667,692,ITF,ITF3,15,Campania,Campania,5801692,958989,16.53,0.59
4043,2021-01-06,CAM,7650,3750,3900,7506,0,144,ITF,ITF3,15,Campania,Campania,5801692,966639,16.66,0.13
4044,2021-02-18,CAM,9092,3819,5273,8156,707,229,ITF,ITF3,15,Campania,Campania,5801692,975731,16.82,0.16
4045,2021-04-25,CAM,30746,15180,15566,24568,5408,770,ITF,ITF3,15,Campania,Campania,5801692,1006477,17.35,0.53
4046,2021-08-22,CAM,4199,2404,1795,1291,2842,66,ITF,ITF3,15,Campania,Campania,5801692,1010676,17.42,0.07
4047,2021-01-23,CAM,3843,2032,1811,267,3570,6,ITF,ITF3,15,Campania,Campania,5801692,1014519,17.49,0.07
4048,2021-03-21,CAM,10074,4676,5398,7495,2391,188,ITF,ITF3,15,Campania,Campania,5801692,1024593,17.66,0.17
4049,2021-02-10,CAM,6909,3415,3494,6483,178,248,ITF,ITF3,15,Campania,Campania,5801692,1031502,17.78,0.12
4050,2021-07-17,CAM,55267,27560,27707,3507,51546,214,ITF,ITF3,15,Campania,Campania,5801692,1086769,18.73,0.95
4051,2021-04-08,CAM,28498,13822,14676,22050,5847,601,ITF,ITF3,15,Campania,Campania,5801692,1115267,19.22,0.49
4052,2021-06-04,CAM,74564,35834,38730,64705,9130,729,ITF,ITF3,15,Campania,Campania,5801692,1189831,20.51,1.29
4053,2021-05-17,CAM,49480,21749,27731,23656,25367,457,ITF,ITF3,15,Campania,Campania,5801692,1239311,21.36,0.85
4054,2021-02-06,CAM,5341,2666,2675,2004,3239,98,ITF,ITF3,15,Campania,Campania,5801692,1244652,21.45,0.09
4055,2021-07-22,CAM,61802,30508,31294,6548,54741,513,ITF,ITF3,15,Campania,Campania,5801692,1306454,22.52,1.07
4056,2021-08-08,CAM,7571,4039,3532,4649,2665,257,ITF,ITF3,15,Campania,Campania,5801692,1314025,22.65,0.13
4057,2021-04-30,CAM,42327,20196,22131,24983,16506,838,ITF,ITF3,15,Campania,Campania,5801692,1356352,23.38,0.73
4058,2021-02-04,CAM,7943,3429,4514,1249,6635,59,ITF,ITF3,15,Campania,Campania,5801692,1364295,23.52,0.14
4059,2021-01-01,CAM,919,506,413,899,0,20,ITF,ITF3,15,Campania,Campania,5801692,1365214,23.53,0.02
4060,2021-05-26,CAM,52707,25861,26846,21108,31127,472,ITF,ITF3,15,Campania,Campania,5801692,1417921,24.44,0.91
4061,2021-06-26,CAM,62948,30693,32255,14643,47859,446,ITF,ITF3,15,Campania,Campania,5801692,1480869,25.52,1.08
4062,2021-07-13,CAM,53684,25791,27893,4897,48497,290,ITF,ITF3,15,Campania,Campania,5801692,1534553,26.45,0.93
4063,2021-04-04,CAM,7966,4017,3949,6688,1047,231,ITF,ITF3,15,Campania,Campania,5801692,1542519,26.59,0.14
4064,2021-06-12,CAM,64003,31547,32456,55855,7216,932,ITF,ITF3,15,Campania,Campania,5801692,1606522,27.69,1.1
4065,2021-03-04,CAM,14708,5396,9312,8542,5895,271,ITF,ITF3,15,Campania,Campania,5801692,1621230,27.94,0.25
4066,2021-05-19,CAM,51267,22640,28627,33816,16719,732,ITF,ITF3,15,Campania,Campania,5801692,1672497,28.83,0.88
4067,2021-05-05,CAM,51185,24864,26321,43232,6393,1560,ITF,ITF3,15,Campania,Campania,5801692,1723682,29.71,0.88
4068,2021-05-12,CAM,40919,19967,20952,30593,9171,1155,ITF,ITF3,15,Campania,Campania,5801692,1764601,30.42,0.71
4069,2021-06-14,CAM,37129,17920,19209,18770,18020,339,ITF,ITF3,15,Campania,Campania,5801692,1801730,31.06,0.64
4070,2021-08-10,CAM,21635,11189,10446,13697,6943,995,ITF,ITF3,15,Campania,Campania,5801692,1823365,31.43,0.37
4071,2021-06-02,CAM,42928,20176,22752,37745,4721,462,ITF,ITF3,15,Campania,Campania,5801692,1866293,32.17,0.74
4072,2021-02-22,CAM,10687,3296,7391,10167,268,252,ITF,ITF3,15,Campania,Campania,5801692,1876980,32.35,0.18
4073,2021-03-11,CAM,18013,9065,8948,10299,7292,422,ITF,ITF3,15,Campania,Campania,5801692,1894993,32.66,0.31
4074,2021-05-16,CAM,51151,23227,27924,32861,17576,714,ITF,ITF3,15,Campania,Campania,5801692,1946144,33.54,0.88
4075,2021-02-20,CAM,8573,3080,5493,8099,303,171,ITF,ITF3,15,Campania,Campania,5801692,1954717,33.69,0.15
4076,2021-05-21,CAM,63859,29644,34215,42152,20696,1011,ITF,ITF3,15,Campania,Campania,5801692,2018576,34.79,1.1
4077,2021-04-01,CAM,24683,12013,12670,20061,4133,489,ITF,ITF3,15,Campania,Campania,5801692,2043259,35.22,0.43
4078,2021-05-28,CAM,73065,35319,37746,26271,46174,620,ITF,ITF3,15,Campania,Campania,5801692,2116324,36.48,1.26
4079,2021-04-06,CAM,24519,11563,12956,19483,4525,511,ITF,ITF3,15,Campania,Campania,5801692,2140843,36.9,0.42
4080,2021-07-12,CAM,56693,27370,29323,3746,52603,344,ITF,ITF3,15,Campania,Campania,5801692,2197536,37.88,0.98
4081,2020-12-27,CAM,720,422,298,716,0,4,ITF,ITF3,15,Campania,Campania,5801692,2198256,37.89,0.01
4082,2021-07-29,CAM,48531,24368,24163,13664,34128,739,ITF,ITF3,15,Campania,Campania,5801692,2246787,38.73,0.84
4083,2021-04-20,CAM,32144,15539,16605,20242,11315,587,ITF,ITF3,15,Campania,Campania,5801692,2278931,39.28,0.55
4084,2021-06-28,CAM,46529,22740,23789,20552,25408,569,ITF,ITF3,15,Campania,Campania,5801692,2325460,40.08,0.8
4085,2021-03-20,CAM,13989,6530,7459,9990,3739,260,ITF,ITF3,15,Campania,Campania,5801692,2339449,40.32,0.24
4086,2021-07-31,CAM,30709,16206,14503,10590,19584,535,ITF,ITF3,15,Campania,Campania,5801692,2370158,40.85,0.53
4087,2021-05-07,CAM,59785,29213,30572,42570,15964,1251,ITF,ITF3,15,Campania,Campania,5801692,2429943,41.88,1.03
4088,2021-01-27,CAM,7739,3820,3919,157,7577,5,ITF,ITF3,15,Campania,Campania,5801692,2437682,42.02,0.13
4089,2021-03-18,CAM,12178,5383,6795,5794,6191,193,ITF,ITF3,15,Campania,Campania,5801692,2449860,42.23,0.21
4090,2021-07-14,CAM,51112,24580,26532,4308,46497,307,ITF,ITF3,15,Campania,Campania,5801692,2500972,43.11,0.88
4091,2021-04-05,CAM,11640,5542,6098,8919,2424,297,ITF,ITF3,15,Campania,Campania,5801692,2512612,43.31,0.2
4092,2021-01-13,CAM,8021,3667,4354,7776,0,245,ITF,ITF3,15,Campania,Campania,5801692,2520633,43.45,0.14
4093,2021-04-18,CAM,27219,13285,13934,17789,8902,528,ITF,ITF3,15,Campania,Campania,5801692,2547852,43.92,0.47
4094,2021-01-08,CAM,10453,4967,5486,10192,0,261,ITF,ITF3,15,Campania,Campania,5801692,2558305,44.1,0.18
4095,2021-07-08,CAM,61117,29416,31701,5642,55145,330,ITF,ITF3,15,Campania,Campania,5801692,2619422,45.15,1.05
4096,2021-02-08,CAM,5120,2453,2667,4166,807,147,ITF,ITF3,15,Campania,Campania,5801692,2624542,45.24,0.09
4097,2021-02-27,CAM,13953,4472,9481,11980,1650,323,ITF,ITF3,15,Campania,Campania,5801692,2638495,45.48,0.24
4098,2021-06-16,CAM,31649,15009,16640,20557,10772,320,ITF,ITF3,15,Campania,Campania,5801692,2670144,46.02,0.55
4099,2021-08-12,CAM,18917,9993,8924,12429,5709,779,ITF,ITF3,15,Campania,Campania,5801692,2689061,46.35,0.33
4100,2021-05-02,CAM,43475,21536,21939,31220,11361,894,ITF,ITF3,15,Campania,Campania,5801692,2732536,47.1,0.75
4101,2021-01-22,CAM,1525,776,749,659,852,14,ITF,ITF3,15,Campania,Campania,5801692,2734061,47.13,0.03
4102,2021-03-06,CAM,16373,6816,9557,10388,5670,315,ITF,ITF3,15,Campania,Campania,5801692,2750434,47.41,0.28
4103,2021-08-19,CAM,21967,11621,10346,9598,11726,643,ITF,ITF3,15,Campania,Campania,5801692,2772401,47.79,0.38
4104,2021-03-08,CAM,14691,6849,7842,9464,4780,447,ITF,ITF3,15,Campania,Campania,5801692,2787092,48.04,0.25
4105,2021-05-14,CAM,61047,27584,33463,34813,24733,1501,ITF,ITF3,15,Campania,Campania,5801692,2848139,49.09,1.05
4106,2021-07-10,CAM,66909,32668,34241,2734,63957,218,ITF,ITF3,15,Campania,Campania,5801692,2915048,50.24,1.15
4107,2021-02-24,CAM,11785,4150,7635,10832,688,265,ITF,ITF3,15,Campania,Campania,5801692,2926833,50.45,0.2
4108,2021-03-17,CAM,11595,5101,6494,4851,6588,156,ITF,ITF3,15,Campania,Campania,5801692,2938428,50.65,0.2
4109,2021-06-11,CAM,70820,34405,36415,63822,6047,951,ITF,ITF3,15,Campania,Campania,5801692,3009248,51.87,1.22
4110,2021-03-03,CAM,13922,5494,8428,7084,6631,207,ITF,ITF3,15,Campania,Campania,5801692,3023170,52.11,0.24
4111,2021-06-25,CAM,65516,31805,33711,13755,51343,418,ITF,ITF3,15,Campania,Campania,5801692,3088686,53.24,1.13
4112,2021-04-27,CAM,32166,15630,16536,23458,7927,781,ITF,ITF3,15,Campania,Campania,5801692,3120852,53.79,0.55
4113,2021-06-23,CAM,46767,22089,24678,10729,35798,240,ITF,ITF3,15,Campania,Campania,5801692,3167619,54.6,0.81
4114,2021-08-05,CAM,35231,18075,17156,17400,16832,999,ITF,ITF3,15,Campania,Campania,5801692,3202850,55.21,0.61
4115,2021-01-15,CAM,4978,2380,2598,4821,0,157,ITF,ITF3,15,Campania,Campania,5801692,3207828,55.29,0.09
4116,2021-06-21,CAM,46879,22645,24234,11308,35248,323,ITF,ITF3,15,Campania,Campania,5801692,3254707,56.1,0.81
4117,2021-03-13,CAM,14524,7042,7482,8968,5283,273,ITF,ITF3,15,Campania,Campania,5801692,3269231,56.35,0.25
4118,2021-03-22,CAM,13183,6346,6837,10840,2043,300,ITF,ITF3,15,Campania,Campania,5801692,3282414,56.58,0.23
4119,2021-02-07,CAM,2929,1382,1547,2066,771,92,ITF,ITF3,15,Campania,Campania,5801692,3285343,56.63,0.05
4120,2021-01-05,CAM,7237,3637,3600,7073,0,164,ITF,ITF3,15,Campania,Campania,5801692,3292580,56.75,0.12
4121,2021-02-17,CAM,7407,3220,4187,6213,1064,130,ITF,ITF3,15,Campania,Campania,5801692,3299987,56.88,0.13
4122,2021-04-15,CAM,34347,16664,17683,23788,9905,654,ITF,ITF3,15,Campania,Campania,5801692,3334334,57.47,0.59
4123,2021-07-28,CAM,49486,24590,24896,13965,34773,748,ITF,ITF3,15,Campania,Campania,5801692,3383820,58.32,0.85
4124,2021-02-03,CAM,8903,4003,4900,842,8025,36,ITF,ITF3,15,Campania,Campania,5801692,3392723,58.48,0.15
4125,2021-05-18,CAM,52232,23249,28983,31862,19710,660,ITF,ITF3,15,Campania,Campania,5801692,3444955,59.38,0.9
4126,2021-02-01,CAM,3987,1813,2174,103,3876,8,ITF,ITF3,15,Campania,Campania,5801692,3448942,59.45,0.07
4127,2021-03-30,CAM,22053,10578,11475,18580,2957,516,ITF,ITF3,15,Campania,Campania,5801692,3470995,59.83,0.38
4128,2021-05-04,CAM,48489,23349,25140,38298,8906,1285,ITF,ITF3,15,Campania,Campania,5801692,3519484,60.66,0.84
4129,2021-01-24,CAM,4122,2119,2003,360,3745,17,ITF,ITF3,15,Campania,Campania,5801692,3523606,60.73,0.07
4130,2021-08-21,CAM,9848,5398,4450,4061,5422,365,ITF,ITF3,15,Campania,Campania,5801692,3533454,60.9,0.17
4131,2021-05-13,CAM,55455,24833,30622,37853,16022,1580,ITF,ITF3,15,Campania,Campania,5801692,3588909,61.86,0.96
4132,2021-07-09,CAM,61489,29765,31724,4345,56823,321,ITF,ITF3,15,Campania,Campania,5801692,3650398,62.92,1.06
4133,2021-01-31,CAM,8070,3712,4358,22,8047,1,ITF,ITF3,15,Campania,Campania,5801692,3658468,63.06,0.14
4134,2021-05-25,CAM,46551,22407,24144,22542,23455,554,ITF,ITF3,15,Campania,Campania,5801692,3705019,63.86,0.8
4135,2021-04-22,CAM,34117,16636,17481,20920,12543,654,ITF,ITF3,15,Campania,Campania,5801692,3739136,64.45,0.59
4136,2021-01-12,CAM,5214,2564,2650,5075,0,139,ITF,ITF3,15,Campania,Campania,5801692,3744350,64.54,0.09
4137,2021-08-14,CAM,4917,2804,2113,2056,2704,157,ITF,ITF3,15,Campania,Campania,5801692,3749267,64.62,0.08
4138,2021-05-06,CAM,57616,28137,29479,41244,14775,1597,ITF,ITF3,15,Campania,Campania,5801692,3806883,65.62,0.99
4139,2021-08-18,CAM,19578,10337,9241,7758,11275,545,ITF,ITF3,15,Campania,Campania,5801692,3826461,65.95,0.34
4140,2021-02-28,CAM,10413,3207,7206,8293,1900,220,ITF,ITF3,15,Campania,Campania,5801692,3836874,66.13,0.18
4141,2021-02-14,CAM,3929,1923,2006,3842,34,53,ITF,ITF3,15,Campania,Campania,5801692,3840803,66.2,0.07
4142,2021-01-26,CAM,7343,3728,3615,331,6991,21,ITF,ITF3,15,Campania,Campania,5801692,3848146,66.33,0.13
4143,2021-05-11,CAM,39886,19248,20638,29552,9404,930,ITF,ITF3,15,Campania,Campania,5801692,3888032,67.02,0.69
4144,2021-07-11,CAM,40867,19669,21198,1007,39774,86,ITF,ITF3,15,Campania,Campania,5801692,3928899,67.72,0.7
4145,2021-08-09,CAM,25071,13079,11992,13745,10457,869,ITF,ITF3,15,Campania,Campania,5801692,3953970,68.15,0.43
4146,2021-02-05,CAM,7266,3463,3803,2023,5128,115,ITF,ITF3,15,Campania,Campania,5801692,3961236,68.28,0.13
4147,2021-08-07,CAM,17212,9198,8014,11237,5282,693,ITF,ITF3,15,Campania,Campania,5801692,3978448,68.57,0.3
4148,2021-04-29,CAM,41561,20183,21378,24013,16745,803,ITF,ITF3,15,Campania,Campania,5801692,4020009,69.29,0.72
4149,2021-01-19,CAM,1095,474,621,1042,3,50,ITF,ITF3,15,Campania,Campania,5801692,4021104,69.31,0.02
4150,2021-07-21,CAM,50209,24458,25751,8636,40885,688,ITF,ITF3,15,Campania,Campania,5801692,4071313,70.17,0.87
4151,2021-01-21,CAM,2093,1116,977,670,1417,6,ITF,ITF3,15,Campania,Campania,5801692,4073406,70.21,0.04
4152,2021-07-23,CAM,61823,30802,31021,8479,52857,487,ITF,ITF3,15,Campania,Campania,5801692,4135229,71.28,1.07
4153,2021-04-14,CAM,27660,13337,14323,18655,8584,421,ITF,ITF3,15,Campania,Campania,5801692,4162889,71.75,0.48
4154,2021-05-01,CAM,46352,22665,23687,29289,16111,952,ITF,ITF3,15,Campania,Campania,5801692,4209241,72.55,0.8
4155,2021-06-22,CAM,52457,25015,27442,13180,39007,270,ITF,ITF3,15,Campania,Campania,5801692,4261698,73.46,0.9
4156,2021-03-14,CAM,8618,3828,4790,4366,4142,110,ITF,ITF3,15,Campania,Campania,5801692,4270316,73.6,0.15
4157,2021-05-10,CAM,35479,16391,19088,24927,9931,621,ITF,ITF3,15,Campania,Campania,5801692,4305795,74.22,0.61
4158,2021-06-08,CAM,53066,25858,27208,45413,7030,623,ITF,ITF3,15,Campania,Campania,5801692,4358861,75.13,0.91
4159,2021-08-04,CAM,29823,15290,14533,15965,13086,772,ITF,ITF3,15,Campania,Campania,5801692,4388684,75.64,0.51
4160,2021-04-26,CAM,34050,16651,17399,27547,5623,880,ITF,ITF3,15,Campania,Campania,5801692,4422734,76.23,0.59
4161,2021-03-07,CAM,11973,5405,6568,7791,3844,338,ITF,ITF3,15,Campania,Campania,5801692,4434707,76.44,0.21
4162,2021-08-11,CAM,21047,11093,9954,12118,8141,788,ITF,ITF3,15,Campania,Campania,5801692,4455754,76.8,0.36
4163,2021-02-15,CAM,5472,2516,2956,5152,175,145,ITF,ITF3,15,Campania,Campania,5801692,4461226,76.9,0.09
4164,2021-06-09,CAM,53058,26052,27006,41641,10911,506,ITF,ITF3,15,Campania,Campania,5801692,4514284,77.81,0.91
4165,2021-03-01,CAM,12133,4248,7885,7762,4113,258,ITF,ITF3,15,Campania,Campania,5801692,4526417,78.02,0.21
4166,2021-08-17,CAM,22273,12039,10234,7307,14436,530,ITF,ITF3,15,Campania,Campania,5801692,4548690,78.4,0.38
4167,2021-05-09,CAM,43209,20291,22918,30918,11103,1188,ITF,ITF3,15,Campania,Campania,5801692,4591899,79.15,0.74
4168,2021-01-10,CAM,8165,3736,4429,7963,0,202,ITF,ITF3,15,Campania,Campania,5801692,4600064,79.29,0.14
4169,2021-04-03,CAM,21119,10316,10803,18260,2383,476,ITF,ITF3,15,Campania,Campania,5801692,4621183,79.65,0.36
4170,2021-08-16,CAM,12464,6693,5771,6236,5720,508,ITF,ITF3,15,Campania,Campania,5801692,4633647,79.87,0.21
4171,2021-05-23,CAM,58762,28647,30115,37213,20904,645,ITF,ITF3,15,Campania,Campania,5801692,4692409,80.88,1.01
4172,2021-02-12,CAM,6533,2861,3672,6088,188,257,ITF,ITF3,15,Campania,Campania,5801692,4698942,80.99,0.11
4173,2021-04-19,CAM,30771,14826,15945,18668,11577,526,ITF,ITF3,15,Campania,Campania,5801692,4729713,81.52,0.53
4174,2021-01-09,CAM,10565,5023,5542,10303,0,262,ITF,ITF3,15,Campania,Campania,5801692,4740278,81.71,0.18
4175,2021-02-02,CAM,5724,2806,2918,413,5280,31,ITF,ITF3,15,Campania,Campania,5801692,4746002,81.8,0.1
4176,2021-03-31,CAM,23196,11375,11821,19336,3440,420,ITF,ITF3,15,Campania,Campania,5801692,4769198,82.2,0.4
4177,2021-07-18,CAM,31341,15762,15579,3838,27165,338,ITF,ITF3,15,Campania,Campania,5801692,4800539,82.74,0.54
4178,2021-04-07,CAM,24974,11988,12986,19684,4725,565,ITF,ITF3,15,Campania,Campania,5801692,4825513,83.17,0.43
4179,2021-04-17,CAM,36199,17516,18683,23969,11516,714,ITF,ITF3,15,Campania,Campania,5801692,4861712,83.8,0.62
4180,2021-06-13,CAM,43430,21245,22185,38020,4731,679,ITF,ITF3,15,Campania,Campania,5801692,4905142,84.55,0.75
4181,2021-05-30,CAM,52167,25452,26715,37959,13325,883,ITF,ITF3,15,Campania,Campania,5801692,4957309,85.45,0.9
4182,2021-02-19,CAM,9574,3561,6013,8701,650,223,ITF,ITF3,15,Campania,Campania,5801692,4966883,85.61,0.17
4183,2021-07-26,CAM,48880,24337,24543,10435,37936,509,ITF,ITF3,15,Campania,Campania,5801692,5015763,86.45,0.84
4184,2020-12-31,CAM,1490,811,679,1470,0,20,ITF,ITF3,15,Campania,Campania,5801692,5017253,86.48,0.03
4185,2021-07-16,CAM,61045,29860,31185,6736,53897,412,ITF,ITF3,15,Campania,Campania,5801692,5078298,87.53,1.05
4186,2021-04-02,CAM,21867,10525,11342,19070,2324,473,ITF,ITF3,15,Campania,Campania,5801692,5100165,87.91,0.38
4187,2021-06-30,CAM,47651,22761,24890,18357,28646,648,ITF,ITF3,15,Campania,Campania,5801692,5147816,88.73,0.82
4188,2021-05-03,CAM,40752,19891,20861,27881,11864,1007,ITF,ITF3,15,Campania,Campania,5801692,5188568,89.43,0.7
4189,2021-06-29,CAM,49339,23994,25345,19738,29114,487,ITF,ITF3,15,Campania,Campania,5801692,5237907,90.28,0.85
4190,2021-06-15,CAM,18679,9091,9588,11014,7415,250,ITF,ITF3,15,Campania,Campania,5801692,5256586,90.6,0.32
4191,2021-01-17,CAM,1155,551,604,682,453,20,ITF,ITF3,15,Campania,Campania,5801692,5257741,90.62,0.02
4192,2021-03-15,CAM,13346,6492,6854,8321,4747,278,ITF,ITF3,15,Campania,Campania,5801692,5271087,90.85,0.23
4193,2021-07-02,CAM,55878,26999,28879,14413,40951,514,ITF,ITF3,15,Campania,Campania,5801692,5326965,91.82,0.96
4194,2021-05-27,CAM,72997,35374,37623,25815,46622,560,ITF,ITF3,15,Campania,Campania,5801692,5399962,93.08,1.26
4195,2021-02-16,CAM,5455,2418,3037,4508,771,176,ITF,ITF3,15,Campania,Campania,5801692,5405417,93.17,0.09
4196,2021-05-22,CAM,68097,32545,35552,45617,21626,854,ITF,ITF3,15,Campania,Campania,5801692,5473514,94.34,1.17
4197,2021-03-24,CAM,17923,8370,9553,14596,2958,369,ITF,ITF3,15,Campania,Campania,5801692,5491437,94.65,0.31
4198,2021-07-06,CAM,56702,27069,29633,16128,40085,489,ITF,ITF3,15,Campania,Campania,5801692,5548139,95.63,0.98
4199,2021-04-12,CAM,23307,10920,12387,19752,3035,520,ITF,ITF3,15,Campania,Campania,5801692,5571446,96.03,0.4
4200,2021-01-02,CAM,3671,1962,1709,3613,0,58,ITF,ITF3,15,Campania,Campania,5801692,5575117,96.09,0.06
4201,2021-06-17,CAM,60216,28868,31348,32848,26799,569,ITF,ITF3,15,Campania,Campania,5801692,5635333,97.13,1.04
4202,2021-07-04,CAM,48820,23765,25055,6310,42315,195,ITF,ITF3,15,Campania,Campania,5801692,5684153,97.97,0.84
4203,2021-03-26,CAM,19868,9324,10544,15624,3817,427,ITF,ITF3,15,Campania,Campania,5801692,5704021,98.32,0.34
4204,2021-01-29,CAM,10062,4814,5248,49,10009,4,ITF,ITF3,15,Campania,Campania,5801692,5714083,98.49,0.17
4205,2021-06-27,CAM,43558,21452,22106,14084,29071,403,ITF,ITF3,15,Campania,Campania,5801692,5757641,99.24,0.75
4206,2021-03-19,CAM,11147,4974,6173,7086,3874,187,ITF,ITF3,15,Campania,Campania,5801692,5768788,99.43,0.19
4207,2021-06-10,CAM,75984,36700,39284,67938,7084,962,ITF,ITF3,15,Campania,Campania,5801692,5844772,100.74,1.31
4208,2021-06-06,CAM,63231,31447,31784,61843,649,739,ITF,ITF3,15,Campania,Campania,5801692,5908003,101.83,1.09
4209,2021-02-26,CAM,13342,4230,9112,11708,1341,293,ITF,ITF3,15,Campania,Campania,5801692,5921345,102.06,0.23
4210,2021-08-02,CAM,41767,21224,20543,13227,28001,539,ITF,ITF3,15,Campania,Campania,5801692,5963112,102.78,0.72
4211,2021-04-24,CAM,36377,17533,18844,24340,11248,789,ITF,ITF3,15,Campania,Campania,5801692,5999489,103.41,0.63
4212,2021-07-19,CAM,43990,21539,22451,5194,38369,427,ITF,ITF3,15,Campania,Campania,5801692,6043479,104.17,0.76
4213,2021-04-10,CAM,28359,13494,14865,22795,4915,649,ITF,ITF3,15,Campania,Campania,5801692,6071838,104.66,0.49
4214,2021-05-20,CAM,61003,28241,32762,42241,17791,971,ITF,ITF3,15,Campania,Campania,5801692,6132841,105.71,1.05
4215,2021-02-09,CAM,4643,2202,2441,4232,252,159,ITF,ITF3,15,Campania,Campania,5801692,6137484,105.79,0.08
4216,2021-05-29,CAM,67872,32280,35592,43096,23931,845,ITF,ITF3,15,Campania,Campania,5801692,6205356,106.96,1.17
4217,2021-07-25,CAM,23169,11750,11419,4289,18738,142,ITF,ITF3,15,Campania,Campania,5801692,6228525,107.36,0.4
4218,2021-05-08,CAM,56442,27145,29297,39075,15839,1528,ITF,ITF3,15,Campania,Campania,5801692,6284967,108.33,0.97
4219,2021-01-28,CAM,8840,4126,4714,131,8701,8,ITF,ITF3,15,Campania,Campania,5801692,6293807,108.48,0.15
4220,2021-07-30,CAM,44735,22762,21973,14436,29491,808,ITF,ITF3,15,Campania,Campania,5801692,6338542,109.25,0.77
4221,2021-04-21,CAM,30320,14757,15563,17536,12229,555,ITF,ITF3,15,Campania,Campania,5801692,6368862,109.78,0.52
4222,2021-01-07,CAM,8909,4167,4742,8735,0,174,ITF,ITF3,15,Campania,Campania,5801692,6377771,109.93,0.15
4223,2021-03-05,CAM,16821,6668,10153,9848,6669,304,ITF,ITF3,15,Campania,Campania,5801692,6394592,110.22,0.29
4224,2021-08-13,CAM,16855,9146,7709,9732,6597,526,ITF,ITF3,15,Campania,Campania,5801692,6411447,110.51,0.29
4225,2021-01-14,CAM,7074,2977,4097,6809,0,265,ITF,ITF3,15,Campania,Campania,5801692,6418521,110.63,0.12
4226,2021-03-25,CAM,20325,9656,10669,16354,3505,466,ITF,ITF3,15,Campania,Campania,5801692,6438846,110.98,0.35
4227,2021-07-24,CAM,47992,24871,23121,6745,40887,360,ITF,ITF3,15,Campania,Campania,5801692,6486838,111.81,0.83
4228,2021-01-20,CAM,1259,650,609,1228,0,31,ITF,ITF3,15,Campania,Campania,5801692,6488097,111.83,0.02
4229,2021-04-13,CAM,26613,12688,13925,20554,5535,524,ITF,ITF3,15,Campania,Campania,5801692,6514710,112.29,0.46
4230,2021-01-03,CAM,3836,2009,1827,3787,0,49,ITF,ITF3,15,Campania,Campania,5801692,6518546,112.36,0.07
4231,2021-07-05,CAM,63303,30514,32789,12725,49878,700,ITF,ITF3,15,Campania,Campania,5801692,6581849,113.45,1.09
4232,2021-07-07,CAM,52307,24820,27487,7247,44637,423,ITF,ITF3,15,Campania,Campania,5801692,6634156,114.35,0.9
4233,2021-03-29,CAM,19407,9577,9830,17454,1550,403,ITF,ITF3,15,Campania,Campania,5801692,6653563,114.68,0.33
4234,2021-06-20,CAM,47608,22746,24862,14311,32989,308,ITF,ITF3,15,Campania,Campania,5801692,6701171,115.5,0.82
4235,2021-03-27,CAM,21514,10240,11274,17232,3868,414,ITF,ITF3,15,Campania,Campania,5801692,6722685,115.87,0.37
4236,2021-06-01,CAM,42265,20963,21302,31485,10539,241,ITF,ITF3,15,Campania,Campania,5801692,6764950,116.6,0.73
4237,2021-06-18,CAM,65896,31406,34490,35042,30303,551,ITF,ITF3,15,Campania,Campania,5801692,6830846,117.74,1.14
4238,2021-03-10,CAM,15632,7732,7900,8439,6850,343,ITF,ITF3,15,Campania,Campania,5801692,6846478,118.01,0.27
4239,2021-08-06,CAM,31214,16253,14961,17581,12635,998,ITF,ITF3,15,Campania,Campania,5801692,6877692,118.55,0.54
4240,2021-05-15,CAM,62793,29079,33714,42125,18848,1820,ITF,ITF3,15,Campania,Campania,5801692,6940485,119.63,1.08
4241,2021-03-12,CAM,14578,7412,7166,8170,6085,323,ITF,ITF3,15,Campania,Campania,5801692,6955063,119.88,0.25
4242,2021-06-03,CAM,72646,35234,37412,61080,10680,886,ITF,ITF3,15,Campania,Campania,5801692,7027709,121.13,1.25
4243,2021-02-23,CAM,11009,3394,7615,10186,534,289,ITF,ITF3,15,Campania,Campania,5801692,7038718,121.32,0.19
4244,2021-02-21,CAM,5837,2241,3596,5494,225,118,ITF,ITF3,15,Campania,Campania,5801692,7044555,121.42,0.1
4245,2021-08-12,BAS,3918,2000,1918,1677,2159,82,ITF,ITF5,17,Basilicata,Basilicata,559084,3918,0.7,0.7
4246,2021-07-26,BAS,5415,2720,2695,1989,3388,38,ITF,ITF5,17,Basilicata,Basilicata,559084,9333,1.67,0.97
4247,2021-01-22,BAS,67,24,43,67,0,0,ITF,ITF5,17,Basilicata,Basilicata,559084,9400,1.68,0.01
4248,2021-07-24,BAS,5748,2944,2804,1775,3923,50,ITF,ITF5,17,Basilicata,Basilicata,559084,15148,2.71,1.03
4249,2021-05-04,BAS,4141,1994,2147,3568,524,49,ITF,ITF5,17,Basilicata,Basilicata,559084,19289,3.45,0.74
4250,2021-03-08,BAS,1470,721,749,820,618,32,ITF,ITF5,17,Basilicata,Basilicata,559084,20759,3.71,0.26
4251,2021-06-16,BAS,4606,2086,2520,2126,2460,20,ITF,ITF5,17,Basilicata,Basilicata,559084,25365,4.54,0.82
4252,2021-03-25,BAS,1882,603,1279,1514,345,23,ITF,ITF5,17,Basilicata,Basilicata,559084,27247,4.87,0.34
4253,2021-01-27,BAS,419,177,242,113,306,0,ITF,ITF5,17,Basilicata,Basilicata,559084,27666,4.95,0.07
4254,2021-02-10,BAS,551,240,311,496,53,2,ITF,ITF5,17,Basilicata,Basilicata,559084,28217,5.05,0.1
4255,2021-05-21,BAS,4578,2321,2257,1480,3086,12,ITF,ITF5,17,Basilicata,Basilicata,559084,32795,5.87,0.82
4256,2021-01-15,BAS,819,353,466,819,0,0,ITF,ITF5,17,Basilicata,Basilicata,559084,33614,6.01,0.15
4257,2020-12-27,BAS,106,41,65,106,0,0,ITF,ITF5,17,Basilicata,Basilicata,559084,33720,6.03,0.02
4258,2021-03-20,BAS,1301,576,725,276,1018,7,ITF,ITF5,17,Basilicata,Basilicata,559084,35021,6.26,0.23
4259,2021-06-28,BAS,3641,1747,1894,2113,1509,19,ITF,ITF5,17,Basilicata,Basilicata,559084,38662,6.92,0.65
4260,2021-06-04,BAS,4832,2289,2543,3749,1046,37,ITF,ITF5,17,Basilicata,Basilicata,559084,43494,7.78,0.86
4261,2021-02-24,BAS,1814,744,1070,1729,74,11,ITF,ITF5,17,Basilicata,Basilicata,559084,45308,8.1,0.32
4262,2021-02-22,BAS,1795,777,1018,1734,53,8,ITF,ITF5,17,Basilicata,Basilicata,559084,47103,8.43,0.32
4263,2021-04-08,BAS,789,362,427,763,10,16,ITF,ITF5,17,Basilicata,Basilicata,559084,47892,8.57,0.14
4264,2021-04-22,BAS,5049,2351,2698,3381,1613,55,ITF,ITF5,17,Basilicata,Basilicata,559084,52941,9.47,0.9
4265,2021-07-31,BAS,5469,2878,2591,1825,3590,54,ITF,ITF5,17,Basilicata,Basilicata,559084,58410,10.45,0.98
4266,2021-07-17,BAS,5860,2917,2943,1714,4107,39,ITF,ITF5,17,Basilicata,Basilicata,559084,64270,11.5,1.05
4267,2021-06-30,BAS,3452,1668,1784,2315,1111,26,ITF,ITF5,17,Basilicata,Basilicata,559084,67722,12.11,0.62
4268,2021-01-10,BAS,77,24,53,77,0,0,ITF,ITF5,17,Basilicata,Basilicata,559084,67799,12.13,0.01
4269,2021-04-20,BAS,4145,1982,2163,2181,1938,26,ITF,ITF5,17,Basilicata,Basilicata,559084,71944,12.87,0.74
4270,2021-08-07,BAS,4512,2375,2137,1359,3094,59,ITF,ITF5,17,Basilicata,Basilicata,559084,76456,13.68,0.81
4271,2021-01-08,BAS,555,219,336,555,0,0,ITF,ITF5,17,Basilicata,Basilicata,559084,77011,13.77,0.1
4272,2021-05-30,BAS,2778,1421,1357,920,1853,5,ITF,ITF5,17,Basilicata,Basilicata,559084,79789,14.27,0.5
4273,2021-04-03,BAS,1814,754,1060,1465,337,12,ITF,ITF5,17,Basilicata,Basilicata,559084,81603,14.6,0.32
4274,2021-02-05,BAS,996,447,549,63,931,2,ITF,ITF5,17,Basilicata,Basilicata,559084,82599,14.77,0.18
4275,2021-05-02,BAS,4181,2002,2179,3490,629,62,ITF,ITF5,17,Basilicata,Basilicata,559084,86780,15.52,0.75
4276,2021-04-15,BAS,3431,1679,1752,2588,799,44,ITF,ITF5,17,Basilicata,Basilicata,559084,90211,16.14,0.61
4277,2021-07-07,BAS,5205,2472,2733,2019,3171,15,ITF,ITF5,17,Basilicata,Basilicata,559084,95416,17.07,0.93
4278,2021-01-03,BAS,909,347,562,909,0,0,ITF,ITF5,17,Basilicata,Basilicata,559084,96325,17.23,0.16
4279,2021-06-09,BAS,4424,2072,2352,3968,423,33,ITF,ITF5,17,Basilicata,Basilicata,559084,100749,18.02,0.79
4280,2021-04-13,BAS,2118,1053,1065,1282,818,18,ITF,ITF5,17,Basilicata,Basilicata,559084,102867,18.4,0.38
4281,2021-03-01,BAS,553,286,267,384,169,0,ITF,ITF5,17,Basilicata,Basilicata,559084,103420,18.5,0.1
4282,2021-08-14,BAS,3478,1906,1572,1421,1997,60,ITF,ITF5,17,Basilicata,Basilicata,559084,106898,19.12,0.62
4283,2021-06-18,BAS,4464,2065,2399,2178,2259,27,ITF,ITF5,17,Basilicata,Basilicata,559084,111362,19.92,0.8
4284,2021-04-01,BAS,2730,1118,1612,1970,732,28,ITF,ITF5,17,Basilicata,Basilicata,559084,114092,20.41,0.49
4285,2021-02-03,BAS,674,304,370,32,642,0,ITF,ITF5,17,Basilicata,Basilicata,559084,114766,20.53,0.12
4286,2021-06-01,BAS,6137,2927,3210,3034,3076,27,ITF,ITF5,17,Basilicata,Basilicata,559084,120903,21.63,1.1
4287,2021-06-23,BAS,3240,1522,1718,2332,876,32,ITF,ITF5,17,Basilicata,Basilicata,559084,124143,22.2,0.58
4288,2021-03-13,BAS,1806,893,913,738,1048,20,ITF,ITF5,17,Basilicata,Basilicata,559084,125949,22.53,0.32
4289,2021-02-07,BAS,381,161,220,49,332,0,ITF,ITF5,17,Basilicata,Basilicata,559084,126330,22.6,0.07
4290,2021-05-18,BAS,5896,2856,3040,3381,2492,23,ITF,ITF5,17,Basilicata,Basilicata,559084,132226,23.65,1.05
4291,2021-08-09,BAS,4010,2065,1945,1569,2395,46,ITF,ITF5,17,Basilicata,Basilicata,559084,136236,24.37,0.72
4292,2021-03-06,BAS,1371,541,830,752,606,13,ITF,ITF5,17,Basilicata,Basilicata,559084,137607,24.61,0.25
4293,2021-05-09,BAS,4684,2339,2345,2941,1694,49,ITF,ITF5,17,Basilicata,Basilicata,559084,142291,25.45,0.84
4294,2021-02-15,BAS,632,239,393,572,44,16,ITF,ITF5,17,Basilicata,Basilicata,559084,142923,25.56,0.11
4295,2021-01-29,BAS,617,231,386,63,554,0,ITF,ITF5,17,Basilicata,Basilicata,559084,143540,25.67,0.11
4296,2021-03-05,BAS,1868,862,1006,1097,757,14,ITF,ITF5,17,Basilicata,Basilicata,559084,145408,26.01,0.33
4297,2021-06-13,BAS,3014,1440,1574,2678,308,28,ITF,ITF5,17,Basilicata,Basilicata,559084,148422,26.55,0.54
4298,2021-02-17,BAS,1137,493,644,1058,77,2,ITF,ITF5,17,Basilicata,Basilicata,559084,149559,26.75,0.2
4299,2021-05-28,BAS,3615,1810,1805,919,2663,33,ITF,ITF5,17,Basilicata,Basilicata,559084,153174,27.4,0.65
4300,2021-06-11,BAS,4236,1982,2254,3167,1028,41,ITF,ITF5,17,Basilicata,Basilicata,559084,157410,28.15,0.76
4301,2021-08-19,BAS,3597,1873,1724,1672,1837,88,ITF,ITF5,17,Basilicata,Basilicata,559084,161007,28.8,0.64
4302,2021-05-11,BAS,2654,1353,1301,1597,1033,24,ITF,ITF5,17,Basilicata,Basilicata,559084,163661,29.27,0.47
4303,2021-07-12,BAS,5441,2592,2849,1606,3809,26,ITF,ITF5,17,Basilicata,Basilicata,559084,169102,30.25,0.97
4304,2021-05-16,BAS,4973,2468,2505,2812,2113,48,ITF,ITF5,17,Basilicata,Basilicata,559084,174075,31.14,0.89
4305,2021-07-19,BAS,5925,2889,3036,1998,3886,41,ITF,ITF5,17,Basilicata,Basilicata,559084,180000,32.2,1.06
4306,2021-05-23,BAS,4518,2302,2216,1527,2984,7,ITF,ITF5,17,Basilicata,Basilicata,559084,184518,33.0,0.81
4307,2021-03-15,BAS,2369,992,1377,508,1844,17,ITF,ITF5,17,Basilicata,Basilicata,559084,186887,33.43,0.42
4308,2021-01-17,BAS,329,133,196,328,1,0,ITF,ITF5,17,Basilicata,Basilicata,559084,187216,33.49,0.06
4309,2021-04-27,BAS,4730,2243,2487,4351,327,52,ITF,ITF5,17,Basilicata,Basilicata,559084,191946,34.33,0.85
4310,2021-08-05,BAS,4555,2319,2236,1281,3233,41,ITF,ITF5,17,Basilicata,Basilicata,559084,196501,35.15,0.81
4311,2021-07-09,BAS,5338,2608,2730,1696,3633,9,ITF,ITF5,17,Basilicata,Basilicata,559084,201839,36.1,0.95
4312,2021-04-17,BAS,3461,1655,1806,2171,1262,28,ITF,ITF5,17,Basilicata,Basilicata,559084,205300,36.72,0.62
4313,2021-03-29,BAS,2484,899,1585,2143,288,53,ITF,ITF5,17,Basilicata,Basilicata,559084,207784,37.17,0.44
4314,2021-01-05,BAS,951,410,541,951,0,0,ITF,ITF5,17,Basilicata,Basilicata,559084,208735,37.34,0.17
4315,2021-08-04,BAS,4500,2232,2268,1424,3035,41,ITF,ITF5,17,Basilicata,Basilicata,559084,213235,38.14,0.8
4316,2021-06-08,BAS,4586,2194,2392,4191,357,38,ITF,ITF5,17,Basilicata,Basilicata,559084,217821,38.96,0.82
4317,2021-04-12,BAS,2175,1053,1122,1653,493,29,ITF,ITF5,17,Basilicata,Basilicata,559084,219996,39.35,0.39
4318,2021-07-21,BAS,5845,2942,2903,1611,4201,33,ITF,ITF5,17,Basilicata,Basilicata,559084,225841,40.39,1.05
4319,2021-05-27,BAS,3624,1864,1760,1074,2536,14,ITF,ITF5,17,Basilicata,Basilicata,559084,229465,41.04,0.65
4320,2021-04-24,BAS,4581,2219,2362,3475,1050,56,ITF,ITF5,17,Basilicata,Basilicata,559084,234046,41.86,0.82
4321,2021-07-14,BAS,5643,2721,2922,1629,3989,25,ITF,ITF5,17,Basilicata,Basilicata,559084,239689,42.87,1.01
4322,2021-04-05,BAS,726,235,491,412,304,10,ITF,ITF5,17,Basilicata,Basilicata,559084,240415,43.0,0.13
4323,2021-03-22,BAS,1209,543,666,638,563,8,ITF,ITF5,17,Basilicata,Basilicata,559084,241624,43.22,0.22
4324,2021-03-03,BAS,1751,821,930,1167,562,22,ITF,ITF5,17,Basilicata,Basilicata,559084,243375,43.53,0.31
4325,2021-05-25,BAS,4200,2114,2086,868,3322,10,ITF,ITF5,17,Basilicata,Basilicata,559084,247575,44.28,0.75
4326,2021-02-14,BAS,151,48,103,105,0,46,ITF,ITF5,17,Basilicata,Basilicata,559084,247726,44.31,0.03
4327,2021-01-31,BAS,77,24,53,0,77,0,ITF,ITF5,17,Basilicata,Basilicata,559084,247803,44.32,0.01
4328,2021-01-12,BAS,217,88,129,217,0,0,ITF,ITF5,17,Basilicata,Basilicata,559084,248020,44.36,0.04
4329,2021-01-24,BAS,864,316,548,58,805,1,ITF,ITF5,17,Basilicata,Basilicata,559084,248884,44.52,0.15
4330,2021-05-13,BAS,5986,2969,3017,3298,2597,91,ITF,ITF5,17,Basilicata,Basilicata,559084,254870,45.59,1.07
4331,2021-08-21,BAS,3272,1779,1493,1716,1462,94,ITF,ITF5,17,Basilicata,Basilicata,559084,258142,46.17,0.59
4332,2021-05-08,BAS,4844,2406,2438,3384,1412,48,ITF,ITF5,17,Basilicata,Basilicata,559084,262986,47.04,0.87
4333,2021-03-27,BAS,2256,866,1390,1809,433,14,ITF,ITF5,17,Basilicata,Basilicata,559084,265242,47.44,0.4
4334,2021-07-05,BAS,3270,1615,1655,2214,1022,34,ITF,ITF5,17,Basilicata,Basilicata,559084,268512,48.03,0.58
4335,2021-01-07,BAS,644,321,323,644,0,0,ITF,ITF5,17,Basilicata,Basilicata,559084,269156,48.14,0.12
4336,2021-02-19,BAS,1625,739,886,1557,63,5,ITF,ITF5,17,Basilicata,Basilicata,559084,270781,48.43,0.29
4337,2021-06-27,BAS,3007,1477,1530,2378,615,14,ITF,ITF5,17,Basilicata,Basilicata,559084,273788,48.97,0.54
4338,2021-04-29,BAS,4858,2398,2460,4342,441,75,ITF,ITF5,17,Basilicata,Basilicata,559084,278646,49.84,0.87
4339,2021-03-17,BAS,1470,615,855,24,1442,4,ITF,ITF5,17,Basilicata,Basilicata,559084,280116,50.1,0.26
4340,2021-01-19,BAS,199,84,115,199,0,0,ITF,ITF5,17,Basilicata,Basilicata,559084,280315,50.14,0.04
4341,2021-06-25,BAS,3317,1571,1746,2444,839,34,ITF,ITF5,17,Basilicata,Basilicata,559084,283632,50.73,0.59
4342,2021-07-04,BAS,3112,1563,1549,2164,922,26,ITF,ITF5,17,Basilicata,Basilicata,559084,286744,51.29,0.56
4343,2021-03-24,BAS,1904,725,1179,1481,398,25,ITF,ITF5,17,Basilicata,Basilicata,559084,288648,51.63,0.34
4344,2021-07-02,BAS,3689,1839,1850,2484,1176,29,ITF,ITF5,17,Basilicata,Basilicata,559084,292337,52.29,0.66
4345,2021-04-19,BAS,4182,1921,2261,2397,1653,132,ITF,ITF5,17,Basilicata,Basilicata,559084,296519,53.04,0.75
4346,2021-07-28,BAS,5036,2576,2460,1930,3047,59,ITF,ITF5,17,Basilicata,Basilicata,559084,301555,53.94,0.9
4347,2021-06-15,BAS,3221,1416,1805,2226,975,20,ITF,ITF5,17,Basilicata,Basilicata,559084,304776,54.51,0.58
4348,2021-05-10,BAS,4805,2382,2423,2712,2042,51,ITF,ITF5,17,Basilicata,Basilicata,559084,309581,55.37,0.86
4349,2021-08-18,BAS,3571,1975,1596,1499,1976,96,ITF,ITF5,17,Basilicata,Basilicata,559084,313152,56.01,0.64
4350,2021-07-18,BAS,4387,2162,2225,1575,2785,27,ITF,ITF5,17,Basilicata,Basilicata,559084,317539,56.8,0.78
4351,2021-08-01,BAS,4207,2113,2094,1632,2535,40,ITF,ITF5,17,Basilicata,Basilicata,559084,321746,57.55,0.75
4352,2021-08-16,BAS,3566,1866,1700,1484,1998,84,ITF,ITF5,17,Basilicata,Basilicata,559084,325312,58.19,0.64
4353,2021-03-10,BAS,1686,846,840,836,839,11,ITF,ITF5,17,Basilicata,Basilicata,559084,326998,58.49,0.3
4354,2021-01-26,BAS,811,357,454,101,710,0,ITF,ITF5,17,Basilicata,Basilicata,559084,327809,58.63,0.15
4355,2021-05-06,BAS,5069,2440,2629,3432,1586,51,ITF,ITF5,17,Basilicata,Basilicata,559084,332878,59.54,0.91
4356,2021-05-15,BAS,6532,3343,3189,3875,2574,83,ITF,ITF5,17,Basilicata,Basilicata,559084,339410,60.71,1.17
4357,2021-04-02,BAS,2344,1057,1287,1714,605,25,ITF,ITF5,17,Basilicata,Basilicata,559084,341754,61.13,0.42
4358,2021-02-04,BAS,1106,446,660,64,1042,0,ITF,ITF5,17,Basilicata,Basilicata,559084,342860,61.33,0.2
4359,2021-07-11,BAS,5031,2405,2626,1508,3498,25,ITF,ITF5,17,Basilicata,Basilicata,559084,347891,62.23,0.9
4360,2021-02-28,BAS,813,347,466,772,37,4,ITF,ITF5,17,Basilicata,Basilicata,559084,348704,62.37,0.15
4361,2021-01-02,BAS,957,383,574,956,0,1,ITF,ITF5,17,Basilicata,Basilicata,559084,349661,62.54,0.17
4362,2021-01-16,BAS,725,305,420,725,0,0,ITF,ITF5,17,Basilicata,Basilicata,559084,350386,62.67,0.13
4363,2021-04-26,BAS,4466,2164,2302,4197,221,48,ITF,ITF5,17,Basilicata,Basilicata,559084,354852,63.47,0.8
4364,2021-08-08,BAS,3664,1873,1791,1115,2520,29,ITF,ITF5,17,Basilicata,Basilicata,559084,358516,64.13,0.66
4365,2021-06-20,BAS,4010,1884,2126,1940,2036,34,ITF,ITF5,17,Basilicata,Basilicata,559084,362526,64.84,0.72
4366,2021-02-12,BAS,780,333,447,747,32,1,ITF,ITF5,17,Basilicata,Basilicata,559084,363306,64.98,0.14
4367,2021-04-10,BAS,1035,379,656,925,84,26,ITF,ITF5,17,Basilicata,Basilicata,559084,364341,65.17,0.19
4368,2021-06-24,BAS,4091,1940,2151,2152,1902,37,ITF,ITF5,17,Basilicata,Basilicata,559084,368432,65.9,0.73
4369,2021-04-28,BAS,4709,2159,2550,4207,441,61,ITF,ITF5,17,Basilicata,Basilicata,559084,373141,66.74,0.84
4370,2021-02-11,BAS,956,405,551,871,83,2,ITF,ITF5,17,Basilicata,Basilicata,559084,374097,66.91,0.17
4371,2021-05-22,BAS,5490,2724,2766,1928,3551,11,ITF,ITF5,17,Basilicata,Basilicata,559084,379587,67.89,0.98
4372,2021-03-26,BAS,1956,703,1253,1667,261,28,ITF,ITF5,17,Basilicata,Basilicata,559084,381543,68.24,0.35
4373,2021-06-29,BAS,3857,1881,1976,2787,1043,27,ITF,ITF5,17,Basilicata,Basilicata,559084,385400,68.93,0.69
4374,2021-03-21,BAS,1173,544,629,470,700,3,ITF,ITF5,17,Basilicata,Basilicata,559084,386573,69.14,0.21
4375,2021-05-29,BAS,3059,1533,1526,824,2224,11,ITF,ITF5,17,Basilicata,Basilicata,559084,389632,69.69,0.55
4376,2021-01-13,BAS,917,387,530,917,0,0,ITF,ITF5,17,Basilicata,Basilicata,559084,390549,69.86,0.16
4377,2021-04-23,BAS,4550,2190,2360,3480,1010,60,ITF,ITF5,17,Basilicata,Basilicata,559084,395099,70.67,0.81
4378,2021-01-30,BAS,712,230,482,129,583,0,ITF,ITF5,17,Basilicata,Basilicata,559084,395811,70.8,0.13
4379,2021-02-13,BAS,800,314,486,701,61,38,ITF,ITF5,17,Basilicata,Basilicata,559084,396611,70.94,0.14
4380,2021-05-24,BAS,4834,2344,2490,1090,3731,13,ITF,ITF5,17,Basilicata,Basilicata,559084,401445,71.8,0.86
4381,2021-03-14,BAS,1010,477,533,529,469,12,ITF,ITF5,17,Basilicata,Basilicata,559084,402455,71.98,0.18
4382,2021-03-31,BAS,3115,1268,1847,2301,784,30,ITF,ITF5,17,Basilicata,Basilicata,559084,405570,72.54,0.56
4383,2021-06-22,BAS,4355,2061,2294,2223,2100,32,ITF,ITF5,17,Basilicata,Basilicata,559084,409925,73.32,0.78
4384,2021-06-05,BAS,4800,2210,2590,3823,941,36,ITF,ITF5,17,Basilicata,Basilicata,559084,414725,74.18,0.86
4385,2021-02-23,BAS,1908,772,1136,1750,140,18,ITF,ITF5,17,Basilicata,Basilicata,559084,416633,74.52,0.34
4386,2021-06-03,BAS,4922,2258,2664,3704,1180,38,ITF,ITF5,17,Basilicata,Basilicata,559084,421555,75.4,0.88
4387,2021-03-12,BAS,1918,986,932,786,1104,28,ITF,ITF5,17,Basilicata,Basilicata,559084,423473,75.74,0.34
4388,2021-05-17,BAS,5548,2735,2813,3363,2136,49,ITF,ITF5,17,Basilicata,Basilicata,559084,429021,76.74,0.99
4389,2021-02-21,BAS,284,113,171,284,0,0,ITF,ITF5,17,Basilicata,Basilicata,559084,429305,76.79,0.05
4390,2021-03-07,BAS,896,313,583,847,39,10,ITF,ITF5,17,Basilicata,Basilicata,559084,430201,76.95,0.16
4391,2021-01-09,BAS,560,161,399,560,0,0,ITF,ITF5,17,Basilicata,Basilicata,559084,430761,77.05,0.1
4392,2021-07-03,BAS,3946,2103,1843,2756,1144,46,ITF,ITF5,17,Basilicata,Basilicata,559084,434707,77.75,0.71
4393,2021-05-07,BAS,4638,2280,2358,3270,1340,28,ITF,ITF5,17,Basilicata,Basilicata,559084,439345,78.58,0.83
4394,2021-08-15,BAS,2705,1431,1274,1138,1528,39,ITF,ITF5,17,Basilicata,Basilicata,559084,442050,79.07,0.48
4395,2021-07-10,BAS,5530,2669,2861,1596,3925,9,ITF,ITF5,17,Basilicata,Basilicata,559084,447580,80.06,0.99
4396,2021-05-14,BAS,5907,2799,3108,3273,2531,103,ITF,ITF5,17,Basilicata,Basilicata,559084,453487,81.11,1.06
4397,2021-08-02,BAS,4607,2333,2274,1778,2789,40,ITF,ITF5,17,Basilicata,Basilicata,559084,458094,81.94,0.82
4398,2021-07-16,BAS,5934,2900,3034,1803,4097,34,ITF,ITF5,17,Basilicata,Basilicata,559084,464028,83.0,1.06
4399,2021-03-19,BAS,2304,998,1306,259,2038,7,ITF,ITF5,17,Basilicata,Basilicata,559084,466332,83.41,0.41
4400,2021-08-20,BAS,3125,1681,1444,1453,1594,78,ITF,ITF5,17,Basilicata,Basilicata,559084,469457,83.97,0.56
4401,2021-02-16,BAS,907,377,530,790,98,19,ITF,ITF5,17,Basilicata,Basilicata,559084,470364,84.13,0.16
4402,2021-01-28,BAS,919,407,512,119,800,0,ITF,ITF5,17,Basilicata,Basilicata,559084,471283,84.3,0.16
4403,2021-01-14,BAS,971,413,558,971,0,0,ITF,ITF5,17,Basilicata,Basilicata,559084,472254,84.47,0.17
4404,2021-04-07,BAS,1211,551,660,1155,36,20,ITF,ITF5,17,Basilicata,Basilicata,559084,473465,84.69,0.22
4405,2021-03-04,BAS,1895,898,997,1066,806,23,ITF,ITF5,17,Basilicata,Basilicata,559084,475360,85.02,0.34
4406,2021-06-12,BAS,3686,1694,1992,2959,689,38,ITF,ITF5,17,Basilicata,Basilicata,559084,479046,85.68,0.66
4407,2021-07-29,BAS,4859,2526,2333,1910,2902,47,ITF,ITF5,17,Basilicata,Basilicata,559084,483905,86.55,0.87
4408,2021-06-02,BAS,5961,2805,3156,4376,1544,41,ITF,ITF5,17,Basilicata,Basilicata,559084,489866,87.62,1.07
4409,2021-04-18,BAS,3720,1843,1877,2327,1370,23,ITF,ITF5,17,Basilicata,Basilicata,559084,493586,88.28,0.67
4410,2021-02-20,BAS,1167,535,632,1048,119,0,ITF,ITF5,17,Basilicata,Basilicata,559084,494753,88.49,0.21
4411,2021-07-27,BAS,4714,2371,2343,1814,2854,46,ITF,ITF5,17,Basilicata,Basilicata,559084,499467,89.34,0.84
4412,2021-05-31,BAS,4230,2010,2220,1713,2509,8,ITF,ITF5,17,Basilicata,Basilicata,559084,503697,90.09,0.76
4413,2021-03-02,BAS,802,387,415,659,138,5,ITF,ITF5,17,Basilicata,Basilicata,559084,504499,90.24,0.14
4414,2021-08-06,BAS,4253,2176,2077,1316,2884,53,ITF,ITF5,17,Basilicata,Basilicata,559084,508752,91.0,0.76
4415,2021-06-10,BAS,4346,2101,2245,3868,441,37,ITF,ITF5,17,Basilicata,Basilicata,559084,513098,91.77,0.78
4416,2021-08-13,BAS,3660,1903,1757,1424,2145,91,ITF,ITF5,17,Basilicata,Basilicata,559084,516758,92.43,0.65
4417,2021-02-18,BAS,1072,401,671,853,216,3,ITF,ITF5,17,Basilicata,Basilicata,559084,517830,92.62,0.19
4418,2021-02-02,BAS,369,145,224,174,194,1,ITF,ITF5,17,Basilicata,Basilicata,559084,518199,92.69,0.07
4419,2021-04-09,BAS,1153,350,803,1063,63,27,ITF,ITF5,17,Basilicata,Basilicata,559084,519352,92.89,0.21
4420,2021-03-18,BAS,1356,566,790,17,1330,9,ITF,ITF5,17,Basilicata,Basilicata,559084,520708,93.14,0.24
4421,2021-08-22,BAS,1573,838,735,658,881,34,ITF,ITF5,17,Basilicata,Basilicata,559084,522281,93.42,0.28
4422,2021-06-26,BAS,3337,1614,1723,2751,558,28,ITF,ITF5,17,Basilicata,Basilicata,559084,525618,94.01,0.6
4423,2021-07-13,BAS,5857,2828,3029,1775,4034,48,ITF,ITF5,17,Basilicata,Basilicata,559084,531475,95.06,1.05
4424,2021-02-27,BAS,1998,862,1136,1816,165,17,ITF,ITF5,17,Basilicata,Basilicata,559084,533473,95.42,0.36
4425,2021-07-20,BAS,5695,2794,2901,1687,3968,40,ITF,ITF5,17,Basilicata,Basilicata,559084,539168,96.44,1.02
4426,2021-06-07,BAS,4238,1921,2317,3885,315,38,ITF,ITF5,17,Basilicata,Basilicata,559084,543406,97.2,0.76
4427,2021-04-11,BAS,962,390,572,761,172,29,ITF,ITF5,17,Basilicata,Basilicata,559084,544368,97.37,0.17
4428,2021-04-04,BAS,612,227,385,189,417,6,ITF,ITF5,17,Basilicata,Basilicata,559084,544980,97.48,0.11
4429,2021-02-08,BAS,563,194,369,153,410,0,ITF,ITF5,17,Basilicata,Basilicata,559084,545543,97.58,0.1
4430,2021-05-19,BAS,2872,1499,1373,1183,1676,13,ITF,ITF5,17,Basilicata,Basilicata,559084,548415,98.09,0.51
4431,2021-02-25,BAS,1792,739,1053,1734,47,11,ITF,ITF5,17,Basilicata,Basilicata,559084,550207,98.41,0.32
4432,2021-08-10,BAS,4377,2294,2083,1513,2796,68,ITF,ITF5,17,Basilicata,Basilicata,559084,554584,99.2,0.78
4433,2021-02-06,BAS,926,380,546,146,780,0,ITF,ITF5,17,Basilicata,Basilicata,559084,555510,99.36,0.17
4434,2021-04-30,BAS,5287,2377,2910,4066,1163,58,ITF,ITF5,17,Basilicata,Basilicata,559084,560797,100.31,0.95
4435,2021-01-20,BAS,85,22,63,84,1,0,ITF,ITF5,17,Basilicata,Basilicata,559084,560882,100.32,0.02
4436,2021-04-25,BAS,2990,1459,1531,2906,52,32,ITF,ITF5,17,Basilicata,Basilicata,559084,563872,100.86,0.53
4437,2021-08-03,BAS,5120,2599,2521,1828,3243,49,ITF,ITF5,17,Basilicata,Basilicata,559084,568992,101.77,0.92
4438,2021-08-17,BAS,3508,1764,1744,1396,2046,66,ITF,ITF5,17,Basilicata,Basilicata,559084,572500,102.4,0.63
4439,2021-05-12,BAS,4730,2330,2400,2801,1881,48,ITF,ITF5,17,Basilicata,Basilicata,559084,577230,103.25,0.85
4440,2021-07-30,BAS,4766,2436,2330,1915,2802,49,ITF,ITF5,17,Basilicata,Basilicata,559084,581996,104.1,0.85
4441,2021-06-17,BAS,4442,2045,2397,2087,2330,25,ITF,ITF5,17,Basilicata,Basilicata,559084,586438,104.89,0.79
4442,2021-04-21,BAS,3950,1844,2106,2243,1677,30,ITF,ITF5,17,Basilicata,Basilicata,559084,590388,105.6,0.71
4443,2021-01-18,BAS,464,158,306,365,99,0,ITF,ITF5,17,Basilicata,Basilicata,559084,590852,105.68,0.08
4444,2021-03-16,BAS,1919,807,1112,226,1690,3,ITF,ITF5,17,Basilicata,Basilicata,559084,592771,106.03,0.34
4445,2021-07-22,BAS,5796,2888,2908,1786,3949,61,ITF,ITF5,17,Basilicata,Basilicata,559084,598567,107.06,1.04
4446,2021-07-15,BAS,6480,3211,3269,1671,4784,25,ITF,ITF5,17,Basilicata,Basilicata,559084,605047,108.22,1.16
4447,2021-04-06,BAS,1274,465,809,1073,184,17,ITF,ITF5,17,Basilicata,Basilicata,559084,606321,108.45,0.23
4448,2021-06-14,BAS,4825,2156,2669,2091,2710,24,ITF,ITF5,17,Basilicata,Basilicata,559084,611146,109.31,0.86
4449,2021-03-23,BAS,1639,632,1007,1450,169,20,ITF,ITF5,17,Basilicata,Basilicata,559084,612785,109.61,0.29
4450,2021-07-01,BAS,3711,1856,1855,2566,1112,33,ITF,ITF5,17,Basilicata,Basilicata,559084,616496,110.27,0.66
4451,2021-05-05,BAS,4337,2050,2287,3378,890,69,ITF,ITF5,17,Basilicata,Basilicata,559084,620833,111.04,0.78
4452,2021-03-09,BAS,1410,720,690,780,611,19,ITF,ITF5,17,Basilicata,Basilicata,559084,622243,111.3,0.25
4453,2021-01-25,BAS,1041,436,605,73,967,1,ITF,ITF5,17,Basilicata,Basilicata,559084,623284,111.48,0.19
4454,2021-01-11,BAS,186,67,119,186,0,0,ITF,ITF5,17,Basilicata,Basilicata,559084,623470,111.52,0.03
4455,2021-02-01,BAS,248,94,154,46,202,0,ITF,ITF5,17,Basilicata,Basilicata,559084,623718,111.56,0.04
4456,2021-05-26,BAS,4489,2260,2229,1676,2784,29,ITF,ITF5,17,Basilicata,Basilicata,559084,628207,112.36,0.8
4457,2021-07-23,BAS,5553,2782,2771,1890,3618,45,ITF,ITF5,17,Basilicata,Basilicata,559084,633760,113.36,0.99
4458,2021-05-01,BAS,4709,2140,2569,3886,754,69,ITF,ITF5,17,Basilicata,Basilicata,559084,638469,114.2,0.84
4459,2021-02-26,BAS,2156,905,1251,2069,81,6,ITF,ITF5,17,Basilicata,Basilicata,559084,640625,114.58,0.39
4460,2021-05-20,BAS,5882,2980,2902,2885,2969,28,ITF,ITF5,17,Basilicata,Basilicata,559084,646507,115.64,1.05
4461,2021-06-06,BAS,4512,2074,2438,3695,779,38,ITF,ITF5,17,Basilicata,Basilicata,559084,651019,116.44,0.81
4462,2021-08-11,BAS,3710,1923,1787,1429,2223,58,ITF,ITF5,17,Basilicata,Basilicata,559084,654729,117.11,0.66
4463,2021-04-14,BAS,2046,1001,1045,1354,676,16,ITF,ITF5,17,Basilicata,Basilicata,559084,656775,117.47,0.37
4464,2021-01-21,BAS,31,10,21,30,1,0,ITF,ITF5,17,Basilicata,Basilicata,559084,656806,117.48,0.01
4465,2021-01-04,BAS,613,274,339,613,0,0,ITF,ITF5,17,Basilicata,Basilicata,559084,657419,117.59,0.11
4466,2021-07-06,BAS,4211,2009,2202,2115,2060,36,ITF,ITF5,17,Basilicata,Basilicata,559084,661630,118.34,0.75
4467,2021-01-23,BAS,751,318,433,33,718,0,ITF,ITF5,17,Basilicata,Basilicata,559084,662381,118.48,0.13
4468,2021-05-03,BAS,4510,2043,2467,3620,827,63,ITF,ITF5,17,Basilicata,Basilicata,559084,666891,119.28,0.81
4469,2021-02-09,BAS,494,215,279,317,177,0,ITF,ITF5,17,Basilicata,Basilicata,559084,667385,119.37,0.09
4470,2021-07-25,BAS,4478,2254,2224,1606,2848,24,ITF,ITF5,17,Basilicata,Basilicata,559084,671863,120.17,0.8
4471,2021-06-21,BAS,4257,2045,2212,2144,2093,20,ITF,ITF5,17,Basilicata,Basilicata,559084,676120,120.93,0.76
4472,2021-06-19,BAS,4466,2178,2288,2370,2074,22,ITF,ITF5,17,Basilicata,Basilicata,559084,680586,121.73,0.8
4473,2021-03-28,BAS,2145,744,1401,2111,17,17,ITF,ITF5,17,Basilicata,Basilicata,559084,682731,122.12,0.38
4474,2021-03-11,BAS,1799,930,869,819,962,18,ITF,ITF5,17,Basilicata,Basilicata,559084,684530,122.44,0.32
4475,2021-03-30,BAS,2854,1214,1640,2493,346,15,ITF,ITF5,17,Basilicata,Basilicata,559084,687384,122.95,0.51
4476,2021-07-08,BAS,5138,2430,2708,1854,3259,25,ITF,ITF5,17,Basilicata,Basilicata,559084,692522,123.87,0.92
4477,2021-01-06,BAS,296,130,166,296,0,0,ITF,ITF5,17,Basilicata,Basilicata,559084,692818,123.92,0.05
4478,2021-04-16,BAS,3325,1635,1690,2400,900,25,ITF,ITF5,17,Basilicata,Basilicata,559084,696143,124.51,0.59
4479,2021-01-30,EMR,10091,3526,6565,137,9953,1,ITH,ITH5,8,Emilia-Romagna,Emilia-Romagna,4459477,10091,0.23,0.23
4480,2021-02-18,EMR,7043,2891,4152,6439,588,16,ITH,ITH5,8,Emilia-Romagna,Emilia-Romagna,4459477,17134,0.38,0.16
4481,2021-06-07,EMR,40561,20817,19744,33490,6261,810,ITH,ITH5,8,Emilia-Romagna,Emilia-Romagna,4459477,57695,1.29,0.91
4482,2021-08-03,EMR,38460,20239,18221,15553,22270,637,ITH,ITH5,8,Emilia-Romagna,Emilia-Romagna,4459477,96155,2.16,0.86
4483,2021-05-12,EMR,38936,18298,20638,28456,9694,786,ITH,ITH5,8,Emilia-Romagna,Emilia-Romagna,4459477,135091,3.03,0.87
4484,2021-02-01,EMR,10324,3614,6710,355,9967,2,ITH,ITH5,8,Emilia-Romagna,Emilia-Romagna,4459477,145415,3.26,0.23
4485,2021-01-18,EMR,3124,879,2245,2442,679,3,ITH,ITH5,8,Emilia-Romagna,Emilia-Romagna,4459477,148539,3.33,0.07
4486,2021-03-16,EMR,12250,5027,7223,4875,7311,64,ITH,ITH5,8,Emilia-Romagna,Emilia-Romagna,4459477,160789,3.61,0.27
4487,2021-01-25,EMR,6464,2148,4316,206,6257,1,ITH,ITH5,8,Emilia-Romagna,Emilia-Romagna,4459477,167253,3.75,0.14
4488,2021-07-01,EMR,34528,16875,17653,14835,18842,851,ITH,ITH5,8,Emilia-Romagna,Emilia-Romagna,4459477,201781,4.52,0.77
4489,2021-03-23,EMR,18800,8146,10654,11947,6688,165,ITH,ITH5,8,Emilia-Romagna,Emilia-Romagna,4459477,220581,4.95,0.42
4490,2021-04-16,EMR,29241,13766,15475,20018,8840,383,ITH,ITH5,8,Emilia-Romagna,Emilia-Romagna,4459477,249822,5.6,0.66
4491,2021-01-06,EMR,8286,2955,5331,8285,0,1,ITH,ITH5,8,Emilia-Romagna,Emilia-Romagna,4459477,258108,5.79,0.19
4492,2021-08-08,EMR,21563,11682,9881,10542,10479,542,ITH,ITH5,8,Emilia-Romagna,Emilia-Romagna,4459477,279671,6.27,0.48
4493,2021-04-30,EMR,36639,16801,19838,21221,14808,610,ITH,ITH5,8,Emilia-Romagna,Emilia-Romagna,4459477,316310,7.09,0.82
4494,2021-03-28,EMR,13527,6043,7484,9526,3884,117,ITH,ITH5,8,Emilia-Romagna,Emilia-Romagna,4459477,329837,7.4,0.3
4495,2021-08-17,EMR,22296,12254,10042,14444,6842,1010,ITH,ITH5,8,Emilia-Romagna,Emilia-Romagna,4459477,352133,7.9,0.5
4496,2021-05-26,EMR,33337,14752,18585,9930,23022,385,ITH,ITH5,8,Emilia-Romagna,Emilia-Romagna,4459477,385470,8.64,0.75
4497,2021-06-12,EMR,41384,21880,19504,35515,4918,951,ITH,ITH5,8,Emilia-Romagna,Emilia-Romagna,4459477,426854,9.57,0.93
4498,2021-03-04,EMR,16454,5349,11105,13342,3023,89,ITH,ITH5,8,Emilia-Romagna,Emilia-Romagna,4459477,443308,9.94,0.37
4499,2021-05-24,EMR,30001,13735,16266,17964,11524,513,ITH,ITH5,8,Emilia-Romagna,Emilia-Romagna,4459477,473309,10.61,0.67
4500,2021-02-13,EMR,3629,1085,2544,3016,599,14,ITH,ITH5,8,Emilia-Romagna,Emilia-Romagna,4459477,476938,10.69,0.08
4501,2021-06-21,EMR,37583,19002,18581,16102,20884,597,ITH,ITH5,8,Emilia-Romagna,Emilia-Romagna,4459477,514521,11.54,0.84
4502,2021-07-08,EMR,41336,20591,20745,4739,36190,407,ITH,ITH5,8,Emilia-Romagna,Emilia-Romagna,4459477,555857,12.46,0.93
4503,2021-03-30,EMR,23333,10332,13001,17991,5042,300,ITH,ITH5,8,Emilia-Romagna,Emilia-Romagna,4459477,579190,12.99,0.52
4504,2021-07-22,EMR,40321,21525,18796,15277,24152,892,ITH,ITH5,8,Emilia-Romagna,Emilia-Romagna,4459477,619511,13.89,0.9
4505,2021-01-04,EMR,7308,2526,4782,7305,0,3,ITH,ITH5,8,Emilia-Romagna,Emilia-Romagna,4459477,626819,14.06,0.16
4506,2021-07-20,EMR,43108,22537,20571,6692,35755,661,ITH,ITH5,8,Emilia-Romagna,Emilia-Romagna,4459477,669927,15.02,0.97
4507,2021-04-11,EMR,15284,6939,8345,11982,3049,253,ITH,ITH5,8,Emilia-Romagna,Emilia-Romagna,4459477,685211,15.37,0.34
4508,2021-02-11,EMR,4254,1413,2841,3394,843,17,ITH,ITH5,8,Emilia-Romagna,Emilia-Romagna,4459477,689465,15.46,0.1
4509,2021-01-23,EMR,2448,871,1577,440,2008,0,ITH,ITH5,8,Emilia-Romagna,Emilia-Romagna,4459477,691913,15.52,0.05
4510,2021-05-07,EMR,35320,16980,18340,22699,11888,733,ITH,ITH5,8,Emilia-Romagna,Emilia-Romagna,4459477,727233,16.31,0.79
4511,2021-07-03,EMR,32113,15931,16182,11447,20012,654,ITH,ITH5,8,Emilia-Romagna,Emilia-Romagna,4459477,759346,17.03,0.72
4512,2021-07-15,EMR,50362,26233,24129,7908,41759,695,ITH,ITH5,8,Emilia-Romagna,Emilia-Romagna,4459477,809708,18.16,1.13
4513,2021-04-23,EMR,29576,13815,15761,14306,14892,378,ITH,ITH5,8,Emilia-Romagna,Emilia-Romagna,4459477,839284,18.82,0.66
4514,2021-01-13,EMR,9077,2943,6134,9072,0,5,ITH,ITH5,8,Emilia-Romagna,Emilia-Romagna,4459477,848361,19.02,0.2
4515,2021-04-04,EMR,9870,4714,5156,7526,2269,75,ITH,ITH5,8,Emilia-Romagna,Emilia-Romagna,4459477,858231,19.25,0.22
4516,2021-01-11,EMR,9348,3275,6073,9339,0,9,ITH,ITH5,8,Emilia-Romagna,Emilia-Romagna,4459477,867579,19.45,0.21
4517,2021-05-31,EMR,29787,13774,16013,17723,11512,552,ITH,ITH5,8,Emilia-Romagna,Emilia-Romagna,4459477,897366,20.12,0.67
4518,2021-02-20,EMR,5317,2093,3224,5047,263,7,ITH,ITH5,8,Emilia-Romagna,Emilia-Romagna,4459477,902683,20.24,0.12
4519,2021-01-15,EMR,7755,2406,5349,7747,0,8,ITH,ITH5,8,Emilia-Romagna,Emilia-Romagna,4459477,910438,20.42,0.17
4520,2021-03-09,EMR,14802,6034,8768,10753,3953,96,ITH,ITH5,8,Emilia-Romagna,Emilia-Romagna,4459477,925240,20.75,0.33
4521,2021-05-05,EMR,30138,14001,16137,18306,11270,562,ITH,ITH5,8,Emilia-Romagna,Emilia-Romagna,4459477,955378,21.42,0.68
4522,2021-05-09,EMR,25638,12265,13373,18274,6972,392,ITH,ITH5,8,Emilia-Romagna,Emilia-Romagna,4459477,981016,22.0,0.57
4523,2021-01-29,EMR,10420,3497,6923,290,10130,0,ITH,ITH5,8,Emilia-Romagna,Emilia-Romagna,4459477,991436,22.23,0.23
4524,2021-02-15,EMR,2903,850,2053,2711,125,67,ITH,ITH5,8,Emilia-Romagna,Emilia-Romagna,4459477,994339,22.3,0.07
4525,2021-02-25,EMR,9248,3498,5750,8272,954,22,ITH,ITH5,8,Emilia-Romagna,Emilia-Romagna,4459477,1003587,22.5,0.21
4526,2021-06-19,EMR,36683,18361,18322,16760,19400,523,ITH,ITH5,8,Emilia-Romagna,Emilia-Romagna,4459477,1040270,23.33,0.82
4527,2021-03-11,EMR,17488,7324,10164,11453,5853,182,ITH,ITH5,8,Emilia-Romagna,Emilia-Romagna,4459477,1057758,23.72,0.39
4528,2021-02-06,EMR,7601,2407,5194,2108,5489,4,ITH,ITH5,8,Emilia-Romagna,Emilia-Romagna,4459477,1065359,23.89,0.17
4529,2021-05-19,EMR,33835,14996,18839,18041,15264,530,ITH,ITH5,8,Emilia-Romagna,Emilia-Romagna,4459477,1099194,24.65,0.76
4530,2021-06-02,EMR,24118,12067,12051,18719,4977,422,ITH,ITH5,8,Emilia-Romagna,Emilia-Romagna,4459477,1123312,25.19,0.54
4531,2021-08-10,EMR,31245,16717,14528,15361,14870,1014,ITH,ITH5,8,Emilia-Romagna,Emilia-Romagna,4459477,1154557,25.89,0.7
4532,2021-08-15,EMR,6635,3679,2956,3277,3196,162,ITH,ITH5,8,Emilia-Romagna,Emilia-Romagna,4459477,1161192,26.04,0.15
4533,2021-06-26,EMR,37474,18991,18483,21045,15535,894,ITH,ITH5,8,Emilia-Romagna,Emilia-Romagna,4459477,1198666,26.88,0.84
4534,2021-08-22,EMR,6666,3612,3054,2843,3537,286,ITH,ITH5,8,Emilia-Romagna,Emilia-Romagna,4459477,1205332,27.03,0.15
4535,2021-07-10,EMR,42087,21429,20658,6808,34634,645,ITH,ITH5,8,Emilia-Romagna,Emilia-Romagna,4459477,1247419,27.97,0.94
4536,2021-07-29,EMR,40740,21501,19239,14514,25526,700,ITH,ITH5,8,Emilia-Romagna,Emilia-Romagna,4459477,1288159,28.89,0.91
4537,2021-07-27,EMR,41088,21827,19261,17002,23309,777,ITH,ITH5,8,Emilia-Romagna,Emilia-Romagna,4459477,1329247,29.81,0.92
4538,2021-04-18,EMR,17523,8404,9119,12363,4932,228,ITH,ITH5,8,Emilia-Romagna,Emilia-Romagna,4459477,1346770,30.2,0.39
4539,2021-06-14,EMR,41334,21371,19963,27499,13083,752,ITH,ITH5,8,Emilia-Romagna,Emilia-Romagna,4459477,1388104,31.13,0.93
4540,2021-06-30,EMR,34252,17285,16967,17714,15660,878,ITH,ITH5,8,Emilia-Romagna,Emilia-Romagna,4459477,1422356,31.9,0.77
4541,2021-07-17,EMR,43646,23044,20602,7177,35733,736,ITH,ITH5,8,Emilia-Romagna,Emilia-Romagna,4459477,1466002,32.87,0.98
4542,2021-06-11,EMR,45968,23858,22110,38358,6547,1063,ITH,ITH5,8,Emilia-Romagna,Emilia-Romagna,4459477,1511970,33.9,1.03
4543,2021-06-28,EMR,40063,19659,20404,19663,19572,828,ITH,ITH5,8,Emilia-Romagna,Emilia-Romagna,4459477,1552033,34.8,0.9
4544,2021-03-20,EMR,16083,6824,9259,8956,6965,162,ITH,ITH5,8,Emilia-Romagna,Emilia-Romagna,4459477,1568116,35.16,0.36
4545,2021-04-06,EMR,24758,11174,13584,19727,4748,283,ITH,ITH5,8,Emilia-Romagna,Emilia-Romagna,4459477,1592874,35.72,0.56
4546,2021-05-23,EMR,25499,11867,13632,13578,11604,317,ITH,ITH5,8,Emilia-Romagna,Emilia-Romagna,4459477,1618373,36.29,0.57
4547,2021-07-19,EMR,41978,22112,19866,6622,34749,607,ITH,ITH5,8,Emilia-Romagna,Emilia-Romagna,4459477,1660351,37.23,0.94
4548,2021-07-12,EMR,44052,22320,21732,5426,38117,509,ITH,ITH5,8,Emilia-Romagna,Emilia-Romagna,4459477,1704403,38.22,0.99
4549,2021-06-04,EMR,45748,23023,22725,36860,8198,690,ITH,ITH5,8,Emilia-Romagna,Emilia-Romagna,4459477,1750151,39.25,1.03
4550,2021-03-13,EMR,16143,6365,9778,10592,5314,237,ITH,ITH5,8,Emilia-Romagna,Emilia-Romagna,4459477,1766294,39.61,0.36
4551,2021-07-05,EMR,33229,16203,17026,11239,21371,619,ITH,ITH5,8,Emilia-Romagna,Emilia-Romagna,4459477,1799523,40.35,0.75
4552,2021-03-27,EMR,21672,9067,12605,14524,6911,237,ITH,ITH5,8,Emilia-Romagna,Emilia-Romagna,4459477,1821195,40.84,0.49
4553,2021-04-13,EMR,23724,11131,12593,19035,4343,346,ITH,ITH5,8,Emilia-Romagna,Emilia-Romagna,4459477,1844919,41.37,0.53
4554,2021-01-03,EMR,2764,945,1819,2764,0,0,ITH,ITH5,8,Emilia-Romagna,Emilia-Romagna,4459477,1847683,41.43,0.06
4555,2021-05-02,EMR,25589,11654,13935,13190,11996,403,ITH,ITH5,8,Emilia-Romagna,Emilia-Romagna,4459477,1873272,42.01,0.57
4556,2021-01-22,EMR,1827,475,1352,1085,740,2,ITH,ITH5,8,Emilia-Romagna,Emilia-Romagna,4459477,1875099,42.05,0.04
4557,2021-02-08,EMR,5238,1536,3702,2317,2918,3,ITH,ITH5,8,Emilia-Romagna,Emilia-Romagna,4459477,1880337,42.16,0.12
4558,2021-05-16,EMR,25881,12178,13703,18361,7140,380,ITH,ITH5,8,Emilia-Romagna,Emilia-Romagna,4459477,1906218,42.75,0.58
4559,2021-02-22,EMR,7482,3091,4391,7197,272,13,ITH,ITH5,8,Emilia-Romagna,Emilia-Romagna,4459477,1913700,42.91,0.17
4560,2021-06-09,EMR,43135,21909,21226,35729,6411,995,ITH,ITH5,8,Emilia-Romagna,Emilia-Romagna,4459477,1956835,43.88,0.97
4561,2021-03-01,EMR,10103,3584,6519,7817,2262,24,ITH,ITH5,8,Emilia-Romagna,Emilia-Romagna,4459477,1966938,44.11,0.23
4562,2021-08-05,EMR,36715,19423,17292,18341,17399,975,ITH,ITH5,8,Emilia-Romagna,Emilia-Romagna,4459477,2003653,44.93,0.82
4563,2021-08-12,EMR,27631,15003,12628,19217,6872,1542,ITH,ITH5,8,Emilia-Romagna,Emilia-Romagna,4459477,2031284,45.55,0.62
4564,2021-05-04,EMR,29305,13723,15582,15165,13666,474,ITH,ITH5,8,Emilia-Romagna,Emilia-Romagna,4459477,2060589,46.21,0.66
4565,2021-02-27,EMR,10965,3997,6968,9194,1742,29,ITH,ITH5,8,Emilia-Romagna,Emilia-Romagna,4459477,2071554,46.45,0.25
4566,2021-04-25,EMR,22354,10241,12113,14400,7514,440,ITH,ITH5,8,Emilia-Romagna,Emilia-Romagna,4459477,2093908,46.95,0.5
4567,2021-08-07,EMR,30907,17000,13907,17648,12201,1058,ITH,ITH5,8,Emilia-Romagna,Emilia-Romagna,4459477,2124815,47.65,0.69
4568,2021-03-25,EMR,21476,9414,12062,14235,6992,249,ITH,ITH5,8,Emilia-Romagna,Emilia-Romagna,4459477,2146291,48.13,0.48
4569,2021-05-21,EMR,39378,17558,21820,21638,17125,615,ITH,ITH5,8,Emilia-Romagna,Emilia-Romagna,4459477,2185669,49.01,0.88
4570,2021-02-10,EMR,4024,1384,2640,2757,1261,6,ITH,ITH5,8,Emilia-Romagna,Emilia-Romagna,4459477,2189693,49.1,0.09
4571,2021-04-08,EMR,31389,14410,16979,25329,5328,732,ITH,ITH5,8,Emilia-Romagna,Emilia-Romagna,4459477,2221082,49.81,0.7
4572,2021-01-10,EMR,7171,2685,4486,7170,0,1,ITH,ITH5,8,Emilia-Romagna,Emilia-Romagna,4459477,2228253,49.97,0.16
4573,2021-06-16,EMR,45946,23530,22416,25262,19956,728,ITH,ITH5,8,Emilia-Romagna,Emilia-Romagna,4459477,2274199,51.0,1.03
4574,2021-03-08,EMR,12218,5099,7119,9470,2664,84,ITH,ITH5,8,Emilia-Romagna,Emilia-Romagna,4459477,2286417,51.27,0.27
4575,2021-04-20,EMR,22645,10413,12232,13887,8359,399,ITH,ITH5,8,Emilia-Romagna,Emilia-Romagna,4459477,2309062,51.78,0.51
4576,2021-06-23,EMR,38049,19090,18959,18499,18856,694,ITH,ITH5,8,Emilia-Romagna,Emilia-Romagna,4459477,2347111,52.63,0.85
4577,2021-01-08,EMR,10872,3582,7290,10869,0,3,ITH,ITH5,8,Emilia-Romagna,Emilia-Romagna,4459477,2357983,52.88,0.24
4578,2021-03-06,EMR,21033,5971,15062,18169,2741,123,ITH,ITH5,8,Emilia-Romagna,Emilia-Romagna,4459477,2379016,53.35,0.47
4579,2021-02-12,EMR,5327,1676,3651,3898,1406,23,ITH,ITH5,8,Emilia-Romagna,Emilia-Romagna,4459477,2384343,53.47,0.12
4580,2021-04-10,EMR,20926,9301,11625,16450,4144,332,ITH,ITH5,8,Emilia-Romagna,Emilia-Romagna,4459477,2405269,53.94,0.47
4581,2021-04-17,EMR,27319,13083,14236,17573,9353,393,ITH,ITH5,8,Emilia-Romagna,Emilia-Romagna,4459477,2432588,54.55,0.61
4582,2021-01-07,EMR,10288,3407,6881,10284,0,4,ITH,ITH5,8,Emilia-Romagna,Emilia-Romagna,4459477,2442876,54.78,0.23
4583,2021-08-09,EMR,30173,16099,14074,16601,12546,1026,ITH,ITH5,8,Emilia-Romagna,Emilia-Romagna,4459477,2473049,55.46,0.68
4584,2021-05-01,EMR,28431,12781,15650,15280,12793,358,ITH,ITH5,8,Emilia-Romagna,Emilia-Romagna,4459477,2501480,56.09,0.64
4585,2021-04-27,EMR,32127,14871,17256,19230,12468,429,ITH,ITH5,8,Emilia-Romagna,Emilia-Romagna,4459477,2533607,56.81,0.72
4586,2021-08-14,EMR,15771,8895,6876,8309,7020,442,ITH,ITH5,8,Emilia-Romagna,Emilia-Romagna,4459477,2549378,57.17,0.35
4587,2021-05-06,EMR,35976,16622,19354,22153,13095,728,ITH,ITH5,8,Emilia-Romagna,Emilia-Romagna,4459477,2585354,57.97,0.81
4588,2021-01-26,EMR,8336,3001,5335,209,8126,1,ITH,ITH5,8,Emilia-Romagna,Emilia-Romagna,4459477,2593690,58.16,0.19
4589,2021-07-02,EMR,34751,17088,17663,12412,21717,622,ITH,ITH5,8,Emilia-Romagna,Emilia-Romagna,4459477,2628441,58.94,0.78
4590,2021-04-03,EMR,19983,8776,11207,15954,3798,231,ITH,ITH5,8,Emilia-Romagna,Emilia-Romagna,4459477,2648424,59.39,0.45
4591,2021-05-30,EMR,27093,12801,14292,12983,13707,403,ITH,ITH5,8,Emilia-Romagna,Emilia-Romagna,4459477,2675517,60.0,0.61
4592,2021-02-19,EMR,7329,3011,4318,6801,514,14,ITH,ITH5,8,Emilia-Romagna,Emilia-Romagna,4459477,2682846,60.16,0.16
4593,2021-07-26,EMR,39541,21084,18457,15906,22864,771,ITH,ITH5,8,Emilia-Romagna,Emilia-Romagna,4459477,2722387,61.05,0.89
4594,2020-12-31,EMR,2213,778,1435,2212,0,1,ITH,ITH5,8,Emilia-Romagna,Emilia-Romagna,4459477,2724600,61.1,0.05
4595,2021-06-06,EMR,36593,18997,17596,31571,4412,610,ITH,ITH5,8,Emilia-Romagna,Emilia-Romagna,4459477,2761193,61.92,0.82
4596,2021-02-26,EMR,9635,3673,5962,8562,1051,22,ITH,ITH5,8,Emilia-Romagna,Emilia-Romagna,4459477,2770828,62.13,0.22
4597,2020-12-27,EMR,972,374,598,972,0,0,ITH,ITH5,8,Emilia-Romagna,Emilia-Romagna,4459477,2771800,62.16,0.02
4598,2021-03-18,EMR,13759,5842,7917,5675,8006,78,ITH,ITH5,8,Emilia-Romagna,Emilia-Romagna,4459477,2785559,62.46,0.31
4599,2021-05-14,EMR,37342,17198,20144,26792,9653,897,ITH,ITH5,8,Emilia-Romagna,Emilia-Romagna,4459477,2822901,63.3,0.84
4600,2021-02-03,EMR,9344,2990,6354,960,8383,1,ITH,ITH5,8,Emilia-Romagna,Emilia-Romagna,4459477,2832245,63.51,0.21
4601,2021-04-01,EMR,23967,10779,13188,19072,4555,340,ITH,ITH5,8,Emilia-Romagna,Emilia-Romagna,4459477,2856212,64.05,0.54
4602,2021-02-17,EMR,6539,2764,3775,5755,772,12,ITH,ITH5,8,Emilia-Romagna,Emilia-Romagna,4459477,2862751,64.19,0.15
4603,2021-06-01,EMR,27192,13112,14080,16854,9926,412,ITH,ITH5,8,Emilia-Romagna,Emilia-Romagna,4459477,2889943,64.8,0.61
4604,2021-07-28,EMR,38663,20730,17933,13998,24029,636,ITH,ITH5,8,Emilia-Romagna,Emilia-Romagna,4459477,2928606,65.67,0.87
4605,2021-05-20,EMR,40406,18341,22065,18398,21494,514,ITH,ITH5,8,Emilia-Romagna,Emilia-Romagna,4459477,2969012,66.58,0.91
4606,2021-06-25,EMR,42856,21807,21049,19783,22312,761,ITH,ITH5,8,Emilia-Romagna,Emilia-Romagna,4459477,3011868,67.54,0.96
4607,2021-03-17,EMR,13719,5691,8028,5817,7854,48,ITH,ITH5,8,Emilia-Romagna,Emilia-Romagna,4459477,3025587,67.85,0.31
4608,2021-08-21,EMR,18400,10281,8119,10115,7431,854,ITH,ITH5,8,Emilia-Romagna,Emilia-Romagna,4459477,3043987,68.26,0.41
4609,2021-05-13,EMR,35846,16510,19336,27286,7846,714,ITH,ITH5,8,Emilia-Romagna,Emilia-Romagna,4459477,3079833,69.06,0.8
4610,2021-02-05,EMR,9306,2960,6346,1614,7688,4,ITH,ITH5,8,Emilia-Romagna,Emilia-Romagna,4459477,3089139,69.27,0.21
4611,2021-06-20,EMR,30741,15596,15145,15620,14663,458,ITH,ITH5,8,Emilia-Romagna,Emilia-Romagna,4459477,3119880,69.96,0.69
4612,2021-07-23,EMR,40377,21881,18496,19827,19462,1088,ITH,ITH5,8,Emilia-Romagna,Emilia-Romagna,4459477,3160257,70.87,0.91
4613,2021-04-14,EMR,27051,12847,14204,20515,6106,430,ITH,ITH5,8,Emilia-Romagna,Emilia-Romagna,4459477,3187308,71.47,0.61
4614,2021-01-21,EMR,2167,730,1437,819,1348,0,ITH,ITH5,8,Emilia-Romagna,Emilia-Romagna,4459477,3189475,71.52,0.05
4615,2021-03-15,EMR,13459,6252,7207,6855,6504,100,ITH,ITH5,8,Emilia-Romagna,Emilia-Romagna,4459477,3202934,71.82,0.3
4616,2021-02-09,EMR,4162,1254,2908,2308,1853,1,ITH,ITH5,8,Emilia-Romagna,Emilia-Romagna,4459477,3207096,71.92,0.09
4617,2021-06-13,EMR,28770,15009,13761,23838,4285,647,ITH,ITH5,8,Emilia-Romagna,Emilia-Romagna,4459477,3235866,72.56,0.65
4618,2021-03-05,EMR,17919,5860,12059,14292,3504,123,ITH,ITH5,8,Emilia-Romagna,Emilia-Romagna,4459477,3253785,72.96,0.4
4619,2021-03-22,EMR,17653,7817,9836,10616,6868,169,ITH,ITH5,8,Emilia-Romagna,Emilia-Romagna,4459477,3271438,73.36,0.4
4620,2021-03-03,EMR,15895,5269,10626,13356,2487,52,ITH,ITH5,8,Emilia-Romagna,Emilia-Romagna,4459477,3287333,73.72,0.36
4621,2021-08-16,EMR,20173,10840,9333,12624,6565,984,ITH,ITH5,8,Emilia-Romagna,Emilia-Romagna,4459477,3307506,74.17,0.45
4622,2021-05-25,EMR,25236,11236,14000,11300,13508,428,ITH,ITH5,8,Emilia-Romagna,Emilia-Romagna,4459477,3332742,74.73,0.57
4623,2021-02-14,EMR,1402,378,1024,1274,120,8,ITH,ITH5,8,Emilia-Romagna,Emilia-Romagna,4459477,3334144,74.77,0.03
4624,2021-05-27,EMR,42339,18768,23571,13565,28278,496,ITH,ITH5,8,Emilia-Romagna,Emilia-Romagna,4459477,3376483,75.71,0.95
4625,2021-08-06,EMR,34597,18560,16037,18735,14971,891,ITH,ITH5,8,Emilia-Romagna,Emilia-Romagna,4459477,3411080,76.49,0.78
4626,2021-04-28,EMR,33749,15602,18147,20269,12898,582,ITH,ITH5,8,Emilia-Romagna,Emilia-Romagna,4459477,3444829,77.25,0.76
4627,2021-06-24,EMR,40638,20412,20226,20326,19566,746,ITH,ITH5,8,Emilia-Romagna,Emilia-Romagna,4459477,3485467,78.16,0.91
4628,2021-08-20,EMR,19555,10646,8909,10152,8471,932,ITH,ITH5,8,Emilia-Romagna,Emilia-Romagna,4459477,3505022,78.6,0.44
4629,2021-01-20,EMR,1331,269,1062,1329,1,1,ITH,ITH5,8,Emilia-Romagna,Emilia-Romagna,4459477,3506353,78.63,0.03
4630,2021-07-24,EMR,38834,20937,17897,17327,20620,887,ITH,ITH5,8,Emilia-Romagna,Emilia-Romagna,4459477,3545187,79.5,0.87
4631,2021-04-15,EMR,29364,13985,15379,19245,9681,438,ITH,ITH5,8,Emilia-Romagna,Emilia-Romagna,4459477,3574551,80.16,0.66
4632,2021-06-18,EMR,42777,21450,21327,16312,25918,547,ITH,ITH5,8,Emilia-Romagna,Emilia-Romagna,4459477,3617328,81.12,0.96
4633,2021-03-10,EMR,18807,7742,11065,12982,5645,180,ITH,ITH5,8,Emilia-Romagna,Emilia-Romagna,4459477,3636135,81.54,0.42
4634,2021-05-18,EMR,29227,13278,15949,18098,10642,487,ITH,ITH5,8,Emilia-Romagna,Emilia-Romagna,4459477,3665362,82.19,0.66
4635,2021-02-07,EMR,4788,1536,3252,1723,3063,2,ITH,ITH5,8,Emilia-Romagna,Emilia-Romagna,4459477,3670150,82.3,0.11
4636,2021-02-24,EMR,9356,3568,5788,8452,889,15,ITH,ITH5,8,Emilia-Romagna,Emilia-Romagna,4459477,3679506,82.51,0.21
4637,2021-01-05,EMR,9364,3169,6195,9360,0,4,ITH,ITH5,8,Emilia-Romagna,Emilia-Romagna,4459477,3688870,82.72,0.21
4638,2021-04-29,EMR,44985,21149,23836,26609,17559,817,ITH,ITH5,8,Emilia-Romagna,Emilia-Romagna,4459477,3733855,83.73,1.01
4639,2021-01-19,EMR,2051,508,1543,2033,17,1,ITH,ITH5,8,Emilia-Romagna,Emilia-Romagna,4459477,3735906,83.77,0.05
4640,2021-06-03,EMR,37925,18440,19485,29705,7557,663,ITH,ITH5,8,Emilia-Romagna,Emilia-Romagna,4459477,3773831,84.62,0.85
4641,2021-02-23,EMR,8216,3219,4997,7819,386,11,ITH,ITH5,8,Emilia-Romagna,Emilia-Romagna,4459477,3782047,84.81,0.18
4642,2021-03-12,EMR,18319,7709,10610,11309,6720,290,ITH,ITH5,8,Emilia-Romagna,Emilia-Romagna,4459477,3800366,85.22,0.41
4643,2021-05-15,EMR,33287,14994,18293,22216,10431,640,ITH,ITH5,8,Emilia-Romagna,Emilia-Romagna,4459477,3833653,85.97,0.75
4644,2021-02-04,EMR,9930,3206,6724,1234,8695,1,ITH,ITH5,8,Emilia-Romagna,Emilia-Romagna,4459477,3843583,86.19,0.22
4645,2021-05-22,EMR,33142,14150,18992,16474,16212,456,ITH,ITH5,8,Emilia-Romagna,Emilia-Romagna,4459477,3876725,86.93,0.74
4646,2021-07-18,EMR,34557,17903,16654,8182,25808,567,ITH,ITH5,8,Emilia-Romagna,Emilia-Romagna,4459477,3911282,87.71,0.77
4647,2021-04-09,EMR,25800,11693,14107,19531,5760,509,ITH,ITH5,8,Emilia-Romagna,Emilia-Romagna,4459477,3937082,88.29,0.58
4648,2021-02-02,EMR,9486,3051,6435,526,8959,1,ITH,ITH5,8,Emilia-Romagna,Emilia-Romagna,4459477,3946568,88.5,0.21
4649,2021-04-12,EMR,19253,9011,10242,14446,4449,358,ITH,ITH5,8,Emilia-Romagna,Emilia-Romagna,4459477,3965821,88.93,0.43
4650,2021-06-08,EMR,45096,23078,22018,36827,7505,764,ITH,ITH5,8,Emilia-Romagna,Emilia-Romagna,4459477,4010917,89.94,1.01
4651,2021-08-04,EMR,35290,18816,16474,13040,21671,579,ITH,ITH5,8,Emilia-Romagna,Emilia-Romagna,4459477,4046207,90.73,0.79
4652,2021-03-24,EMR,21232,9408,11824,13625,7386,221,ITH,ITH5,8,Emilia-Romagna,Emilia-Romagna,4459477,4067439,91.21,0.48
4653,2021-01-24,EMR,2446,887,1559,298,2148,0,ITH,ITH5,8,Emilia-Romagna,Emilia-Romagna,4459477,4069885,91.26,0.05
4654,2021-06-17,EMR,46697,23663,23034,21831,24217,649,ITH,ITH5,8,Emilia-Romagna,Emilia-Romagna,4459477,4116582,92.31,1.05
4655,2021-08-13,EMR,21186,11755,9431,14217,6075,894,ITH,ITH5,8,Emilia-Romagna,Emilia-Romagna,4459477,4137768,92.79,0.48
4656,2021-07-09,EMR,44908,22948,21960,5428,39065,415,ITH,ITH5,8,Emilia-Romagna,Emilia-Romagna,4459477,4182676,93.79,1.01
4657,2021-01-17,EMR,2890,887,2003,2642,247,1,ITH,ITH5,8,Emilia-Romagna,Emilia-Romagna,4459477,4185566,93.86,0.06
4658,2021-04-02,EMR,23385,10546,12839,18555,4488,342,ITH,ITH5,8,Emilia-Romagna,Emilia-Romagna,4459477,4208951,94.38,0.52
4659,2021-05-29,EMR,37935,16512,21423,16660,20762,513,ITH,ITH5,8,Emilia-Romagna,Emilia-Romagna,4459477,4246886,95.23,0.85
4660,2021-07-11,EMR,30391,15239,15152,2769,27361,261,ITH,ITH5,8,Emilia-Romagna,Emilia-Romagna,4459477,4277277,95.91,0.68
4661,2021-03-31,EMR,25281,11053,14228,19499,5471,311,ITH,ITH5,8,Emilia-Romagna,Emilia-Romagna,4459477,4302558,96.48,0.57
4662,2021-07-13,EMR,48479,24832,23647,6481,41322,676,ITH,ITH5,8,Emilia-Romagna,Emilia-Romagna,4459477,4351037,97.57,1.09
4663,2021-02-16,EMR,5773,2446,3327,5228,531,14,ITH,ITH5,8,Emilia-Romagna,Emilia-Romagna,4459477,4356810,97.7,0.13
4664,2021-08-01,EMR,29915,16089,13826,10158,19327,430,ITH,ITH5,8,Emilia-Romagna,Emilia-Romagna,4459477,4386725,98.37,0.67
4665,2021-08-18,EMR,21809,11938,9871,14138,6620,1051,ITH,ITH5,8,Emilia-Romagna,Emilia-Romagna,4459477,4408534,98.86,0.49
4666,2021-05-10,EMR,33890,16148,17742,26018,7263,609,ITH,ITH5,8,Emilia-Romagna,Emilia-Romagna,4459477,4442424,99.62,0.76
4667,2021-07-30,EMR,39820,21394,18426,15652,23450,718,ITH,ITH5,8,Emilia-Romagna,Emilia-Romagna,4459477,4482244,100.51,0.89
4668,2021-04-21,EMR,23970,10967,13003,13866,9742,362,ITH,ITH5,8,Emilia-Romagna,Emilia-Romagna,4459477,4506214,101.05,0.54
4669,2021-05-08,EMR,32380,15111,17269,20406,11433,541,ITH,ITH5,8,Emilia-Romagna,Emilia-Romagna,4459477,4538594,101.77,0.73
4670,2021-01-28,EMR,10260,3342,6918,348,9912,0,ITH,ITH5,8,Emilia-Romagna,Emilia-Romagna,4459477,4548854,102.0,0.23
4671,2021-07-07,EMR,37898,19143,18755,13409,23698,791,ITH,ITH5,8,Emilia-Romagna,Emilia-Romagna,4459477,4586752,102.85,0.85
4672,2021-03-29,EMR,21431,9620,11811,16537,4662,232,ITH,ITH5,8,Emilia-Romagna,Emilia-Romagna,4459477,4608183,103.33,0.48
4673,2021-02-21,EMR,4448,1705,2743,3998,440,10,ITH,ITH5,8,Emilia-Romagna,Emilia-Romagna,4459477,4612631,103.43,0.1
4674,2021-07-25,EMR,28453,15175,13278,10564,17428,461,ITH,ITH5,8,Emilia-Romagna,Emilia-Romagna,4459477,4641084,104.07,0.64
4675,2021-08-11,EMR,27689,14846,12843,12034,14849,806,ITH,ITH5,8,Emilia-Romagna,Emilia-Romagna,4459477,4668773,104.69,0.62
4676,2021-07-21,EMR,43651,23281,20370,10784,32257,610,ITH,ITH5,8,Emilia-Romagna,Emilia-Romagna,4459477,4712424,105.67,0.98
4677,2021-04-19,EMR,20918,9802,11116,14335,6284,299,ITH,ITH5,8,Emilia-Romagna,Emilia-Romagna,4459477,4733342,106.14,0.47
4678,2021-01-09,EMR,9993,3457,6536,9988,0,5,ITH,ITH5,8,Emilia-Romagna,Emilia-Romagna,4459477,4743335,106.37,0.22
4679,2021-06-15,EMR,43865,22637,21228,27926,15066,873,ITH,ITH5,8,Emilia-Romagna,Emilia-Romagna,4459477,4787200,107.35,0.98
4680,2021-03-07,EMR,7843,2958,4885,6288,1523,32,ITH,ITH5,8,Emilia-Romagna,Emilia-Romagna,4459477,4795043,107.52,0.18
4681,2021-07-04,EMR,24264,12064,12200,10203,13602,459,ITH,ITH5,8,Emilia-Romagna,Emilia-Romagna,4459477,4819307,108.07,0.54
4682,2021-03-26,EMR,23727,10119,13608,17021,6440,266,ITH,ITH5,8,Emilia-Romagna,Emilia-Romagna,4459477,4843034,108.6,0.53
4683,2021-01-02,EMR,2378,917,1461,2378,0,0,ITH,ITH5,8,Emilia-Romagna,Emilia-Romagna,4459477,4845412,108.65,0.05
4684,2021-06-05,EMR,44308,22377,21931,36651,6918,739,ITH,ITH5,8,Emilia-Romagna,Emilia-Romagna,4459477,4889720,109.65,0.99
4685,2021-06-22,EMR,36532,18196,18336,16306,19630,596,ITH,ITH5,8,Emilia-Romagna,Emilia-Romagna,4459477,4926252,110.47,0.82
4686,2021-07-06,EMR,36803,18504,18299,12953,23191,659,ITH,ITH5,8,Emilia-Romagna,Emilia-Romagna,4459477,4963055,111.29,0.83
4687,2021-05-17,EMR,32470,15411,17059,22362,9555,553,ITH,ITH5,8,Emilia-Romagna,Emilia-Romagna,4459477,4995525,112.02,0.73
4688,2021-05-03,EMR,28733,13568,15165,17394,10885,454,ITH,ITH5,8,Emilia-Romagna,Emilia-Romagna,4459477,5024258,112.66,0.64
4689,2021-02-28,EMR,6824,2527,4297,4957,1849,18,ITH,ITH5,8,Emilia-Romagna,Emilia-Romagna,4459477,5031082,112.82,0.15
4690,2021-04-26,EMR,27914,12940,14974,18040,9323,551,ITH,ITH5,8,Emilia-Romagna,Emilia-Romagna,4459477,5058996,113.44,0.63
4691,2021-01-16,EMR,5630,1717,3913,5629,0,1,ITH,ITH5,8,Emilia-Romagna,Emilia-Romagna,4459477,5064626,113.57,0.13
4692,2021-03-14,EMR,8806,3840,4966,4944,3799,63,ITH,ITH5,8,Emilia-Romagna,Emilia-Romagna,4459477,5073432,113.77,0.2
4693,2021-01-27,EMR,8366,2950,5416,461,7905,0,ITH,ITH5,8,Emilia-Romagna,Emilia-Romagna,4459477,5081798,113.96,0.19
4694,2021-07-31,EMR,36166,19201,16965,12146,23341,679,ITH,ITH5,8,Emilia-Romagna,Emilia-Romagna,4459477,5117964,114.77,0.81
4695,2021-08-19,EMR,21321,11450,9871,11764,8691,866,ITH,ITH5,8,Emilia-Romagna,Emilia-Romagna,4459477,5139285,115.24,0.48
4696,2021-05-28,EMR,41293,18961,22332,17277,23418,598,ITH,ITH5,8,Emilia-Romagna,Emilia-Romagna,4459477,5180578,116.17,0.93
4697,2021-04-22,EMR,29059,13454,15605,14616,14080,363,ITH,ITH5,8,Emilia-Romagna,Emilia-Romagna,4459477,5209637,116.82,0.65
4698,2021-01-12,EMR,9481,3125,6356,9472,0,9,ITH,ITH5,8,Emilia-Romagna,Emilia-Romagna,4459477,5219118,117.03,0.21
4699,2021-07-16,EMR,49776,26271,23505,7063,42063,650,ITH,ITH5,8,Emilia-Romagna,Emilia-Romagna,4459477,5268894,118.15,1.12
4700,2021-06-27,EMR,29588,14890,14698,16221,12729,638,ITH,ITH5,8,Emilia-Romagna,Emilia-Romagna,4459477,5298482,118.81,0.66
4701,2021-07-14,EMR,47948,24526,23422,5596,41819,533,ITH,ITH5,8,Emilia-Romagna,Emilia-Romagna,4459477,5346430,119.89,1.08
4702,2021-04-05,EMR,14851,6807,8044,11786,2893,172,ITH,ITH5,8,Emilia-Romagna,Emilia-Romagna,4459477,5361281,120.22,0.33
4703,2021-08-02,EMR,38543,20371,18172,14790,23080,673,ITH,ITH5,8,Emilia-Romagna,Emilia-Romagna,4459477,5399824,121.09,0.86
4704,2021-04-24,EMR,28649,13247,15402,14062,14239,348,ITH,ITH5,8,Emilia-Romagna,Emilia-Romagna,4459477,5428473,121.73,0.64
4705,2021-05-11,EMR,35808,16801,19007,27862,7261,685,ITH,ITH5,8,Emilia-Romagna,Emilia-Romagna,4459477,5464281,122.53,0.8
4706,2021-01-31,EMR,7706,2769,4937,239,7467,0,ITH,ITH5,8,Emilia-Romagna,Emilia-Romagna,4459477,5471987,122.7,0.17
4707,2021-06-29,EMR,37709,18599,19110,18158,18790,761,ITH,ITH5,8,Emilia-Romagna,Emilia-Romagna,4459477,5509696,123.55,0.85
4708,2021-03-21,EMR,11949,5290,6659,7262,4606,81,ITH,ITH5,8,Emilia-Romagna,Emilia-Romagna,4459477,5521645,123.82,0.27
4709,2021-06-10,EMR,45082,23155,21927,38709,5379,994,ITH,ITH5,8,Emilia-Romagna,Emilia-Romagna,4459477,5566727,124.83,1.01
4710,2021-03-02,EMR,12660,4273,8387,10514,2090,56,ITH,ITH5,8,Emilia-Romagna,Emilia-Romagna,4459477,5579387,125.11,0.28
4711,2021-03-19,EMR,15917,6967,8950,7795,7970,152,ITH,ITH5,8,Emilia-Romagna,Emilia-Romagna,4459477,5595304,125.47,0.36
4712,2021-04-07,EMR,26880,12303,14577,20476,6072,332,ITH,ITH5,8,Emilia-Romagna,Emilia-Romagna,4459477,5622184,126.07,0.6
4713,2021-01-14,EMR,8129,2595,5534,8120,0,9,ITH,ITH5,8,Emilia-Romagna,Emilia-Romagna,4459477,5630313,126.26,0.18
4714,2021-03-24,MOL,1633,658,975,1214,402,17,ITF,ITF2,14,Molise,Molise,305617,1633,0.53,0.53
4715,2021-07-02,MOL,2677,1298,1379,134,2534,9,ITF,ITF2,14,Molise,Molise,305617,4310,1.41,0.88
4716,2021-07-04,MOL,2153,1086,1067,580,1550,23,ITF,ITF2,14,Molise,Molise,305617,6463,2.11,0.7
4717,2021-02-07,MOL,66,32,34,19,47,0,ITF,ITF2,14,Molise,Molise,305617,6529,2.14,0.02
4718,2021-05-18,MOL,1662,886,776,999,657,6,ITF,ITF2,14,Molise,Molise,305617,8191,2.68,0.54
4719,2021-03-22,MOL,1151,442,709,890,244,17,ITF,ITF2,14,Molise,Molise,305617,9342,3.06,0.38
4720,2021-07-23,MOL,2917,1518,1399,872,1991,54,ITF,ITF2,14,Molise,Molise,305617,12259,4.01,0.95
4721,2021-05-01,MOL,2654,1272,1382,407,2228,19,ITF,ITF2,14,Molise,Molise,305617,14913,4.88,0.87
4722,2021-03-05,MOL,1226,651,575,1005,208,13,ITF,ITF2,14,Molise,Molise,305617,16139,5.28,0.4
4723,2021-08-09,MOL,3437,1777,1660,1631,1757,49,ITF,ITF2,14,Molise,Molise,305617,19576,6.41,1.12
4724,2021-06-13,MOL,2905,1547,1358,2539,328,38,ITF,ITF2,14,Molise,Molise,305617,22481,7.36,0.95
4725,2021-04-17,MOL,3061,1506,1555,1542,1492,27,ITF,ITF2,14,Molise,Molise,305617,25542,8.36,1.0
4726,2021-06-20,MOL,422,174,248,47,371,4,ITF,ITF2,14,Molise,Molise,305617,25964,8.5,0.14
4727,2021-01-26,MOL,450,184,266,8,442,0,ITF,ITF2,14,Molise,Molise,305617,26414,8.64,0.15
4728,2021-05-06,MOL,2699,1221,1478,2049,605,45,ITF,ITF2,14,Molise,Molise,305617,29113,9.53,0.88
4729,2021-07-28,MOL,2430,1288,1142,1134,1265,31,ITF,ITF2,14,Molise,Molise,305617,31543,10.32,0.8
4730,2021-02-19,MOL,171,95,76,169,2,0,ITF,ITF2,14,Molise,Molise,305617,31714,10.38,0.06
4731,2021-03-10,MOL,1744,721,1023,1672,50,22,ITF,ITF2,14,Molise,Molise,305617,33458,10.95,0.57
4732,2021-06-01,MOL,2609,1325,1284,2464,108,37,ITF,ITF2,14,Molise,Molise,305617,36067,11.8,0.85
4733,2021-06-27,MOL,2376,1126,1250,1135,1230,11,ITF,ITF2,14,Molise,Molise,305617,38443,12.58,0.78
4734,2021-01-07,MOL,600,209,391,600,0,0,ITF,ITF2,14,Molise,Molise,305617,39043,12.78,0.2
4735,2021-02-12,MOL,336,151,185,211,124,1,ITF,ITF2,14,Molise,Molise,305617,39379,12.89,0.11
4736,2021-07-14,MOL,3407,1668,1739,196,3195,16,ITF,ITF2,14,Molise,Molise,305617,42786,14.0,1.11
4737,2021-04-05,MOL,391,189,202,292,99,0,ITF,ITF2,14,Molise,Molise,305617,43177,14.13,0.13
4738,2021-03-29,MOL,2038,836,1202,1518,488,32,ITF,ITF2,14,Molise,Molise,305617,45215,14.79,0.67
4739,2021-01-31,MOL,268,70,198,6,262,0,ITF,ITF2,14,Molise,Molise,305617,45483,14.88,0.09
4740,2021-08-11,MOL,2018,1055,963,1146,814,58,ITF,ITF2,14,Molise,Molise,305617,47501,15.54,0.66
4741,2021-01-12,MOL,336,114,222,336,0,0,ITF,ITF2,14,Molise,Molise,305617,47837,15.65,0.11
4742,2021-01-17,MOL,78,38,40,48,30,0,ITF,ITF2,14,Molise,Molise,305617,47915,15.68,0.03
4743,2021-04-10,MOL,2647,1264,1383,2456,152,39,ITF,ITF2,14,Molise,Molise,305617,50562,16.54,0.87
4744,2021-02-05,MOL,595,270,325,55,540,0,ITF,ITF2,14,Molise,Molise,305617,51157,16.74,0.19
4745,2021-01-19,MOL,174,63,111,163,11,0,ITF,ITF2,14,Molise,Molise,305617,51331,16.8,0.06
4746,2021-04-29,MOL,2242,1148,1094,877,1350,15,ITF,ITF2,14,Molise,Molise,305617,53573,17.53,0.73
4747,2021-04-12,MOL,1299,557,742,1037,251,11,ITF,ITF2,14,Molise,Molise,305617,54872,17.95,0.43
4748,2021-07-21,MOL,2047,1033,1014,782,1227,38,ITF,ITF2,14,Molise,Molise,305617,56919,18.62,0.67
4749,2021-05-20,MOL,2675,1379,1296,2403,189,83,ITF,ITF2,14,Molise,Molise,305617,59594,19.5,0.88
4750,2021-05-25,MOL,1971,889,1082,1303,632,36,ITF,ITF2,14,Molise,Molise,305617,61565,20.14,0.64
4751,2021-01-04,MOL,314,131,183,314,0,0,ITF,ITF2,14,Molise,Molise,305617,61879,20.25,0.1
4752,2021-04-14,MOL,1810,768,1042,1135,665,10,ITF,ITF2,14,Molise,Molise,305617,63689,20.84,0.59
4753,2021-02-16,MOL,158,72,86,151,6,1,ITF,ITF2,14,Molise,Molise,305617,63847,20.89,0.05
4754,2021-04-24,MOL,2559,1207,1352,697,1847,15,ITF,ITF2,14,Molise,Molise,305617,66406,21.73,0.84
4755,2021-02-26,MOL,564,261,303,490,73,1,ITF,ITF2,14,Molise,Molise,305617,66970,21.91,0.18
4756,2021-08-02,MOL,2697,1408,1289,1191,1463,43,ITF,ITF2,14,Molise,Molise,305617,69667,22.8,0.88
4757,2021-06-06,MOL,2081,1070,1011,1740,324,17,ITF,ITF2,14,Molise,Molise,305617,71748,23.48,0.68
4758,2021-03-19,MOL,1187,483,704,742,428,17,ITF,ITF2,14,Molise,Molise,305617,72935,23.86,0.39
4759,2021-01-21,MOL,6,2,4,6,0,0,ITF,ITF2,14,Molise,Molise,305617,72941,23.87,0.0
4760,2021-05-13,MOL,3050,1417,1633,2537,460,53,ITF,ITF2,14,Molise,Molise,305617,75991,24.86,1.0
4761,2021-08-21,MOL,2132,1200,932,1079,1012,41,ITF,ITF2,14,Molise,Molise,305617,78123,25.56,0.7
4762,2021-08-04,MOL,2508,1300,1208,953,1537,18,ITF,ITF2,14,Molise,Molise,305617,80631,26.38,0.82
4763,2021-04-28,MOL,1698,925,773,471,1220,7,ITF,ITF2,14,Molise,Molise,305617,82329,26.94,0.56
4764,2021-08-06,MOL,2325,1227,1098,1079,1203,43,ITF,ITF2,14,Molise,Molise,305617,84654,27.7,0.76
4765,2021-03-17,MOL,913,386,527,521,333,59,ITF,ITF2,14,Molise,Molise,305617,85567,28.0,0.3
4766,2021-06-25,MOL,3446,1694,1752,1474,1917,55,ITF,ITF2,14,Molise,Molise,305617,89013,29.13,1.13
4767,2021-06-08,MOL,2899,1600,1299,2200,696,3,ITF,ITF2,14,Molise,Molise,305617,91912,30.07,0.95
4768,2021-08-16,MOL,1782,923,859,825,941,16,ITF,ITF2,14,Molise,Molise,305617,93694,30.66,0.58
4769,2021-03-15,MOL,834,340,494,570,245,19,ITF,ITF2,14,Molise,Molise,305617,94528,30.93,0.27
4770,2021-02-24,MOL,670,281,389,326,336,8,ITF,ITF2,14,Molise,Molise,305617,95198,31.15,0.22
4771,2021-03-03,MOL,672,316,356,586,82,4,ITF,ITF2,14,Molise,Molise,305617,95870,31.37,0.22
4772,2021-07-16,MOL,3070,1555,1515,384,2658,28,ITF,ITF2,14,Molise,Molise,305617,98940,32.37,1.0
4773,2021-07-09,MOL,3438,1651,1787,166,3254,18,ITF,ITF2,14,Molise,Molise,305617,102378,33.5,1.12
4774,2021-03-07,MOL,1133,501,632,1128,2,3,ITF,ITF2,14,Molise,Molise,305617,103511,33.87,0.37
4775,2021-06-15,MOL,2229,1050,1179,756,1456,17,ITF,ITF2,14,Molise,Molise,305617,105740,34.6,0.73
4776,2021-06-17,MOL,2313,1020,1293,915,1371,27,ITF,ITF2,14,Molise,Molise,305617,108053,35.36,0.76
4777,2021-08-20,MOL,2020,1059,961,473,1532,15,ITF,ITF2,14,Molise,Molise,305617,110073,36.02,0.66
4778,2021-01-28,MOL,615,217,398,17,598,0,ITF,ITF2,14,Molise,Molise,305617,110688,36.22,0.2
4779,2021-03-12,MOL,1463,639,824,1406,36,21,ITF,ITF2,14,Molise,Molise,305617,112151,36.7,0.48
4780,2021-01-14,MOL,649,240,409,649,0,0,ITF,ITF2,14,Molise,Molise,305617,112800,36.91,0.21
4781,2021-01-09,MOL,452,154,298,452,0,0,ITF,ITF2,14,Molise,Molise,305617,113252,37.06,0.15
4782,2021-04-19,MOL,1829,843,986,988,779,62,ITF,ITF2,14,Molise,Molise,305617,115081,37.66,0.6
4783,2021-07-13,MOL,2809,1426,1383,319,2473,17,ITF,ITF2,14,Molise,Molise,305617,117890,38.57,0.92
4784,2021-06-24,MOL,3339,1553,1786,436,2866,37,ITF,ITF2,14,Molise,Molise,305617,121229,39.67,1.09
4785,2021-03-02,MOL,670,385,285,506,158,6,ITF,ITF2,14,Molise,Molise,305617,121899,39.89,0.22
4786,2021-06-10,MOL,2588,1191,1397,1249,1301,38,ITF,ITF2,14,Molise,Molise,305617,124487,40.73,0.85
4787,2021-04-02,MOL,1461,712,749,662,780,19,ITF,ITF2,14,Molise,Molise,305617,125948,41.21,0.48
4788,2021-07-11,MOL,2456,1196,1260,179,2274,3,ITF,ITF2,14,Molise,Molise,305617,128404,42.01,0.8
4789,2021-08-13,MOL,1531,797,734,1120,383,28,ITF,ITF2,14,Molise,Molise,305617,129935,42.52,0.5
4790,2021-05-08,MOL,2989,1459,1530,1705,1247,37,ITF,ITF2,14,Molise,Molise,305617,132924,43.49,0.98
4791,2021-04-21,MOL,1876,794,1082,970,899,7,ITF,ITF2,14,Molise,Molise,305617,134800,44.11,0.61
4792,2021-07-30,MOL,2680,1386,1294,1435,1190,55,ITF,ITF2,14,Molise,Molise,305617,137480,44.98,0.88
4793,2021-02-11,MOL,295,133,162,258,37,0,ITF,ITF2,14,Molise,Molise,305617,137775,45.08,0.1
4794,2021-05-22,MOL,2273,1178,1095,2168,88,17,ITF,ITF2,14,Molise,Molise,305617,140048,45.82,0.74
4795,2021-05-27,MOL,2843,1350,1493,1966,841,36,ITF,ITF2,14,Molise,Molise,305617,142891,46.75,0.93
4796,2021-07-25,MOL,2012,1061,951,355,1643,14,ITF,ITF2,14,Molise,Molise,305617,144903,47.41,0.66
4797,2021-05-29,MOL,2368,1233,1135,1936,391,41,ITF,ITF2,14,Molise,Molise,305617,147271,48.19,0.77
4798,2021-01-05,MOL,449,180,269,449,0,0,ITF,ITF2,14,Molise,Molise,305617,147720,48.34,0.15
4799,2021-07-06,MOL,3066,1430,1636,38,3024,4,ITF,ITF2,14,Molise,Molise,305617,150786,49.34,1.0
4800,2021-05-10,MOL,2905,1291,1614,2497,373,35,ITF,ITF2,14,Molise,Molise,305617,153691,50.29,0.95
4801,2021-06-29,MOL,2498,1162,1336,381,2089,28,ITF,ITF2,14,Molise,Molise,305617,156189,51.11,0.82
4802,2021-05-03,MOL,2501,1176,1325,2299,163,39,ITF,ITF2,14,Molise,Molise,305617,158690,51.92,0.82
4803,2021-03-31,MOL,2198,919,1279,1308,820,70,ITF,ITF2,14,Molise,Molise,305617,160888,52.64,0.72
4804,2021-02-23,MOL,585,223,362,362,221,2,ITF,ITF2,14,Molise,Molise,305617,161473,52.84,0.19
4805,2021-06-03,MOL,3306,1574,1732,2710,560,36,ITF,ITF2,14,Molise,Molise,305617,164779,53.92,1.08
4806,2021-04-07,MOL,1690,848,842,1370,275,45,ITF,ITF2,14,Molise,Molise,305617,166469,54.47,0.55
4807,2021-06-05,MOL,3011,1523,1488,2809,174,28,ITF,ITF2,14,Molise,Molise,305617,169480,55.46,0.99
4808,2021-07-18,MOL,1757,884,873,125,1623,9,ITF,ITF2,14,Molise,Molise,305617,171237,56.03,0.57
4809,2021-03-16,MOL,615,230,385,265,348,2,ITF,ITF2,14,Molise,Molise,305617,171852,56.23,0.2
4810,2021-01-11,MOL,558,194,364,558,0,0,ITF,ITF2,14,Molise,Molise,305617,172410,56.41,0.18
4811,2021-02-09,MOL,360,170,190,197,163,0,ITF,ITF2,14,Molise,Molise,305617,172770,56.53,0.12
4812,2021-08-01,MOL,958,523,435,753,175,30,ITF,ITF2,14,Molise,Molise,305617,173728,56.85,0.31
4813,2021-08-03,MOL,2199,1142,1057,1215,950,34,ITF,ITF2,14,Molise,Molise,305617,175927,57.56,0.72
4814,2021-05-26,MOL,1593,718,875,805,756,32,ITF,ITF2,14,Molise,Molise,305617,177520,58.09,0.52
4815,2021-03-30,MOL,2005,859,1146,1472,513,20,ITF,ITF2,14,Molise,Molise,305617,179525,58.74,0.66
4816,2021-02-01,MOL,563,201,362,14,549,0,ITF,ITF2,14,Molise,Molise,305617,180088,58.93,0.18
4817,2021-07-08,MOL,3430,1650,1780,107,3300,23,ITF,ITF2,14,Molise,Molise,305617,183518,60.05,1.12
4818,2021-05-12,MOL,2864,1299,1565,2698,98,68,ITF,ITF2,14,Molise,Molise,305617,186382,60.99,0.94
4819,2021-04-06,MOL,1500,703,797,1133,345,22,ITF,ITF2,14,Molise,Molise,305617,187882,61.48,0.49
4820,2021-02-08,MOL,335,141,194,216,119,0,ITF,ITF2,14,Molise,Molise,305617,188217,61.59,0.11
4821,2021-07-15,MOL,3214,1616,1598,210,2990,14,ITF,ITF2,14,Molise,Molise,305617,191431,62.64,1.05
4822,2021-05-19,MOL,2352,1209,1143,1886,429,37,ITF,ITF2,14,Molise,Molise,305617,193783,63.41,0.77
4823,2021-03-26,MOL,2582,1046,1536,1892,645,45,ITF,ITF2,14,Molise,Molise,305617,196365,64.25,0.84
4824,2021-05-17,MOL,2231,1093,1138,1707,496,28,ITF,ITF2,14,Molise,Molise,305617,198596,64.98,0.73
4825,2021-03-21,MOL,1250,544,706,479,769,2,ITF,ITF2,14,Molise,Molise,305617,199846,65.39,0.41
4826,2021-03-14,MOL,597,240,357,17,580,0,ITF,ITF2,14,Molise,Molise,305617,200443,65.59,0.2
4827,2021-08-18,MOL,1342,705,637,343,977,22,ITF,ITF2,14,Molise,Molise,305617,201785,66.03,0.44
4828,2021-06-22,MOL,2970,1371,1599,672,2280,18,ITF,ITF2,14,Molise,Molise,305617,204755,67.0,0.97
4829,2021-03-04,MOL,852,417,435,515,325,12,ITF,ITF2,14,Molise,Molise,305617,205607,67.28,0.28
4830,2021-06-12,MOL,5940,3055,2885,5654,202,84,ITF,ITF2,14,Molise,Molise,305617,211547,69.22,1.94
4831,2021-08-17,MOL,1663,876,787,339,1309,15,ITF,ITF2,14,Molise,Molise,305617,213210,69.76,0.54
4832,2021-06-14,MOL,1642,815,827,545,1080,17,ITF,ITF2,14,Molise,Molise,305617,214852,70.3,0.54
4833,2021-01-20,MOL,18,8,10,18,0,0,ITF,ITF2,14,Molise,Molise,305617,214870,70.31,0.01
4834,2021-07-29,MOL,2449,1255,1194,1586,817,46,ITF,ITF2,14,Molise,Molise,305617,217319,71.11,0.8
4835,2021-01-25,MOL,319,130,189,3,316,0,ITF,ITF2,14,Molise,Molise,305617,217638,71.21,0.1
4836,2021-05-05,MOL,2451,1056,1395,2277,144,30,ITF,ITF2,14,Molise,Molise,305617,220089,72.01,0.8
4837,2021-05-04,MOL,2712,1182,1530,2548,128,36,ITF,ITF2,14,Molise,Molise,305617,222801,72.9,0.89
4838,2021-01-10,MOL,270,72,198,270,0,0,ITF,ITF2,14,Molise,Molise,305617,223071,72.99,0.09
4839,2021-04-20,MOL,2330,1033,1297,1213,1108,9,ITF,ITF2,14,Molise,Molise,305617,225401,73.75,0.76
4840,2021-06-09,MOL,1806,909,897,850,928,28,ITF,ITF2,14,Molise,Molise,305617,227207,74.34,0.59
4841,2021-05-23,MOL,1783,896,887,1742,9,32,ITF,ITF2,14,Molise,Molise,305617,228990,74.93,0.58
4842,2021-03-01,MOL,663,274,389,431,215,17,ITF,ITF2,14,Molise,Molise,305617,229653,75.14,0.22
4843,2021-04-30,MOL,2950,1563,1387,820,2115,15,ITF,ITF2,14,Molise,Molise,305617,232603,76.11,0.97
4844,2021-02-25,MOL,542,239,303,471,68,3,ITF,ITF2,14,Molise,Molise,305617,233145,76.29,0.18
4845,2021-08-10,MOL,1924,1046,878,685,1207,32,ITF,ITF2,14,Molise,Molise,305617,235069,76.92,0.63
4846,2021-08-12,MOL,1461,758,703,1026,397,38,ITF,ITF2,14,Molise,Molise,305617,236530,77.39,0.48
4847,2021-02-18,MOL,321,74,247,304,13,4,ITF,ITF2,14,Molise,Molise,305617,236851,77.5,0.11
4848,2021-03-09,MOL,1333,581,752,1151,154,28,ITF,ITF2,14,Molise,Molise,305617,238184,77.94,0.44
4849,2021-02-20,MOL,1020,443,577,1000,20,0,ITF,ITF2,14,Molise,Molise,305617,239204,78.27,0.33
4850,2021-05-31,MOL,2374,1154,1220,1906,426,42,ITF,ITF2,14,Molise,Molise,305617,241578,79.05,0.78
4851,2021-05-14,MOL,2652,1220,1432,1894,722,36,ITF,ITF2,14,Molise,Molise,305617,244230,79.91,0.87
4852,2021-08-22,MOL,217,117,100,1,216,0,ITF,ITF2,14,Molise,Molise,305617,244447,79.98,0.07
4853,2021-06-02,MOL,2819,1362,1457,2696,100,23,ITF,ITF2,14,Molise,Molise,305617,247266,80.91,0.92
4854,2021-03-23,MOL,1648,697,951,1414,209,25,ITF,ITF2,14,Molise,Molise,305617,248914,81.45,0.54
4855,2021-07-01,MOL,2669,1298,1371,272,2382,15,ITF,ITF2,14,Molise,Molise,305617,251583,82.32,0.87
4856,2021-07-26,MOL,2427,1252,1175,1250,1117,60,ITF,ITF2,14,Molise,Molise,305617,254010,83.11,0.79
4857,2021-02-15,MOL,144,70,74,141,3,0,ITF,ITF2,14,Molise,Molise,305617,254154,83.16,0.05
4858,2021-02-22,MOL,265,129,136,248,15,2,ITF,ITF2,14,Molise,Molise,305617,254419,83.25,0.09
4859,2021-02-28,MOL,834,336,498,790,42,2,ITF,ITF2,14,Molise,Molise,305617,255253,83.52,0.27
4860,2021-02-27,MOL,1370,570,800,1346,19,5,ITF,ITF2,14,Molise,Molise,305617,256623,83.97,0.45
4861,2021-06-07,MOL,1967,864,1103,1123,820,24,ITF,ITF2,14,Molise,Molise,305617,258590,84.61,0.64
4862,2021-02-13,MOL,132,80,52,132,0,0,ITF,ITF2,14,Molise,Molise,305617,258722,84.66,0.04
4863,2021-05-24,MOL,1969,855,1114,1271,670,28,ITF,ITF2,14,Molise,Molise,305617,260691,85.3,0.64
4864,2021-05-07,MOL,2653,1234,1419,2020,599,34,ITF,ITF2,14,Molise,Molise,305617,263344,86.17,0.87
4865,2021-04-18,MOL,1085,484,601,143,936,6,ITF,ITF2,14,Molise,Molise,305617,264429,86.52,0.36
4866,2021-07-27,MOL,1924,1061,863,1312,551,61,ITF,ITF2,14,Molise,Molise,305617,266353,87.15,0.63
4867,2021-07-10,MOL,3724,1781,1943,321,3389,14,ITF,ITF2,14,Molise,Molise,305617,270077,88.37,1.22
4868,2021-04-04,MOL,253,141,112,231,15,7,ITF,ITF2,14,Molise,Molise,305617,270330,88.45,0.08
4869,2021-03-18,MOL,1158,476,682,634,465,59,ITF,ITF2,14,Molise,Molise,305617,271488,88.83,0.38
4870,2021-06-26,MOL,3131,1538,1593,527,2589,15,ITF,ITF2,14,Molise,Molise,305617,274619,89.86,1.02
4871,2021-04-03,MOL,1777,854,923,1721,35,21,ITF,ITF2,14,Molise,Molise,305617,276396,90.44,0.58
4872,2021-07-12,MOL,2676,1320,1356,355,2300,21,ITF,ITF2,14,Molise,Molise,305617,279072,91.31,0.88
4873,2021-01-29,MOL,424,137,287,6,418,0,ITF,ITF2,14,Molise,Molise,305617,279496,91.45,0.14
4874,2021-05-09,MOL,2061,936,1125,1929,97,35,ITF,ITF2,14,Molise,Molise,305617,281557,92.13,0.67
4875,2021-07-07,MOL,2959,1368,1591,57,2898,4,ITF,ITF2,14,Molise,Molise,305617,284516,93.1,0.97
4876,2021-05-11,MOL,3228,1421,1807,2913,254,61,ITF,ITF2,14,Molise,Molise,305617,287744,94.15,1.06
4877,2021-08-19,MOL,2044,1019,1025,576,1444,24,ITF,ITF2,14,Molise,Molise,305617,289788,94.82,0.67
4878,2021-03-28,MOL,1629,749,880,519,1103,7,ITF,ITF2,14,Molise,Molise,305617,291417,95.35,0.53
4879,2021-01-30,MOL,464,161,303,12,452,0,ITF,ITF2,14,Molise,Molise,305617,291881,95.51,0.15
4880,2021-01-22,MOL,128,36,92,128,0,0,ITF,ITF2,14,Molise,Molise,305617,292009,95.55,0.04
4881,2021-05-02,MOL,1899,934,965,579,1307,13,ITF,ITF2,14,Molise,Molise,305617,293908,96.17,0.62
4882,2021-03-06,MOL,1728,807,921,1559,159,10,ITF,ITF2,14,Molise,Molise,305617,295636,96.73,0.57
4883,2021-03-11,MOL,1470,640,830,1449,6,15,ITF,ITF2,14,Molise,Molise,305617,297106,97.22,0.48
4884,2021-01-06,MOL,690,260,430,690,0,0,ITF,ITF2,14,Molise,Molise,305617,297796,97.44,0.23
4885,2021-04-16,MOL,2435,1035,1400,1178,1234,23,ITF,ITF2,14,Molise,Molise,305617,300231,98.24,0.8
4886,2021-06-21,MOL,2921,1360,1561,1637,1237,47,ITF,ITF2,14,Molise,Molise,305617,303152,99.19,0.96
4887,2021-04-25,MOL,794,397,397,557,233,4,ITF,ITF2,14,Molise,Molise,305617,303946,99.45,0.26
4888,2020-12-27,MOL,50,20,30,50,0,0,ITF,ITF2,14,Molise,Molise,305617,303996,99.47,0.02
4889,2021-01-13,MOL,479,163,316,479,0,0,ITF,ITF2,14,Molise,Molise,305617,304475,99.63,0.16
4890,2021-06-19,MOL,2354,1172,1182,1287,1023,44,ITF,ITF2,14,Molise,Molise,305617,306829,100.4,0.77
4891,2021-04-23,MOL,2057,884,1173,1378,662,17,ITF,ITF2,14,Molise,Molise,305617,308886,101.07,0.67
4892,2021-06-30,MOL,2971,1413,1558,876,2011,84,ITF,ITF2,14,Molise,Molise,305617,311857,102.04,0.97
4893,2021-03-13,MOL,1191,596,595,183,990,18,ITF,ITF2,14,Molise,Molise,305617,313048,102.43,0.39
4894,2021-01-15,MOL,540,243,297,540,0,0,ITF,ITF2,14,Molise,Molise,305617,313588,102.61,0.18
4895,2021-06-23,MOL,2799,1289,1510,222,2567,10,ITF,ITF2,14,Molise,Molise,305617,316387,103.52,0.92
4896,2021-07-19,MOL,2774,1355,1419,506,2241,27,ITF,ITF2,14,Molise,Molise,305617,319161,104.43,0.91
4897,2021-02-03,MOL,744,254,490,344,400,0,ITF,ITF2,14,Molise,Molise,305617,319905,104.68,0.24
4898,2021-04-27,MOL,1601,771,830,445,1131,25,ITF,ITF2,14,Molise,Molise,305617,321506,105.2,0.52
4899,2021-08-05,MOL,2283,1155,1128,1612,622,49,ITF,ITF2,14,Molise,Molise,305617,323789,105.95,0.75
4900,2021-05-16,MOL,1257,577,680,1052,184,21,ITF,ITF2,14,Molise,Molise,305617,325046,106.36,0.41
4901,2021-08-07,MOL,1920,1063,857,1045,848,27,ITF,ITF2,14,Molise,Molise,305617,326966,106.99,0.63
4902,2021-02-10,MOL,151,79,72,131,20,0,ITF,ITF2,14,Molise,Molise,305617,327117,107.03,0.05
4903,2021-05-21,MOL,2189,1098,1091,1784,324,81,ITF,ITF2,14,Molise,Molise,305617,329306,107.75,0.72
4904,2021-01-27,MOL,675,251,424,8,667,0,ITF,ITF2,14,Molise,Molise,305617,329981,107.97,0.22
4905,2021-02-06,MOL,430,179,251,29,401,0,ITF,ITF2,14,Molise,Molise,305617,330411,108.11,0.14
4906,2021-06-04,MOL,3074,1508,1566,2588,457,29,ITF,ITF2,14,Molise,Molise,305617,333485,109.12,1.01
4907,2021-04-08,MOL,1772,907,865,1544,202,26,ITF,ITF2,14,Molise,Molise,305617,335257,109.7,0.58
4908,2021-07-17,MOL,2853,1523,1330,293,2538,22,ITF,ITF2,14,Molise,Molise,305617,338110,110.63,0.93
4909,2021-03-20,MOL,2328,974,1354,996,1323,9,ITF,ITF2,14,Molise,Molise,305617,340438,111.39,0.76
4910,2021-06-28,MOL,2920,1361,1559,1008,1889,23,ITF,ITF2,14,Molise,Molise,305617,343358,112.35,0.96
4911,2021-08-14,MOL,1619,874,745,706,894,19,ITF,ITF2,14,Molise,Molise,305617,344977,112.88,0.53
4912,2021-01-08,MOL,432,142,290,432,0,0,ITF,ITF2,14,Molise,Molise,305617,345409,113.02,0.14
4913,2021-04-01,MOL,1476,668,808,732,730,14,ITF,ITF2,14,Molise,Molise,305617,346885,113.5,0.48
4914,2021-04-22,MOL,1849,866,983,1059,779,11,ITF,ITF2,14,Molise,Molise,305617,348734,114.11,0.61
4915,2021-07-31,MOL,1990,1111,879,755,1194,41,ITF,ITF2,14,Molise,Molise,305617,350724,114.76,0.65
4916,2021-02-17,MOL,72,32,40,50,15,7,ITF,ITF2,14,Molise,Molise,305617,350796,114.78,0.02
4917,2021-07-24,MOL,3136,1686,1450,730,2376,30,ITF,ITF2,14,Molise,Molise,305617,353932,115.81,1.03
4918,2021-05-28,MOL,2659,1368,1291,2041,547,71,ITF,ITF2,14,Molise,Molise,305617,356591,116.68,0.87
4919,2021-06-11,MOL,3460,1665,1795,1983,1432,45,ITF,ITF2,14,Molise,Molise,305617,360051,117.81,1.13
4920,2021-04-15,MOL,1937,799,1138,1084,848,5,ITF,ITF2,14,Molise,Molise,305617,361988,118.44,0.63
4921,2021-02-21,MOL,575,227,348,573,2,0,ITF,ITF2,14,Molise,Molise,305617,362563,118.63,0.19
4922,2021-02-04,MOL,761,296,465,77,684,0,ITF,ITF2,14,Molise,Molise,305617,363324,118.88,0.25
4923,2021-05-15,MOL,2988,1403,1585,2550,386,52,ITF,ITF2,14,Molise,Molise,305617,366312,119.86,0.98
4924,2021-02-02,MOL,540,176,364,216,323,1,ITF,ITF2,14,Molise,Molise,305617,366852,120.04,0.18
4925,2021-01-16,MOL,422,166,256,422,0,0,ITF,ITF2,14,Molise,Molise,305617,367274,120.17,0.14
4926,2021-04-26,MOL,1159,521,638,810,331,18,ITF,ITF2,14,Molise,Molise,305617,368433,120.55,0.38
4927,2021-04-09,MOL,2329,1254,1075,2108,191,30,ITF,ITF2,14,Molise,Molise,305617,370762,121.32,0.76
4928,2021-01-18,MOL,115,48,67,115,0,0,ITF,ITF2,14,Molise,Molise,305617,370877,121.35,0.04
4929,2021-04-11,MOL,1199,593,606,1167,14,18,ITF,ITF2,14,Molise,Molise,305617,372076,121.75,0.39
4930,2021-07-20,MOL,2174,1099,1075,1014,1113,47,ITF,ITF2,14,Molise,Molise,305617,374250,122.46,0.71
4931,2021-07-03,MOL,2745,1382,1363,571,2154,20,ITF,ITF2,14,Molise,Molise,305617,376995,123.36,0.9
4932,2021-08-08,MOL,889,465,424,647,227,15,ITF,ITF2,14,Molise,Molise,305617,377884,123.65,0.29
4933,2021-07-22,MOL,2197,1090,1107,841,1301,55,ITF,ITF2,14,Molise,Molise,305617,380081,124.37,0.72
4934,2021-03-25,MOL,1812,732,1080,1286,498,28,ITF,ITF2,14,Molise,Molise,305617,381893,124.96,0.59
4935,2021-03-08,MOL,1389,525,864,1211,140,38,ITF,ITF2,14,Molise,Molise,305617,383282,125.41,0.45
4936,2021-06-16,MOL,2086,1035,1051,1148,924,14,ITF,ITF2,14,Molise,Molise,305617,385368,126.1,0.68
4937,2021-04-13,MOL,1632,718,914,1037,587,8,ITF,ITF2,14,Molise,Molise,305617,387000,126.63,0.53
4938,2021-03-27,MOL,2746,1274,1472,1296,1433,17,ITF,ITF2,14,Molise,Molise,305617,389746,127.53,0.9
4939,2021-07-05,MOL,2741,1283,1458,40,2699,2,ITF,ITF2,14,Molise,Molise,305617,392487,128.42,0.9
4940,2021-06-18,MOL,2776,1255,1521,1289,1459,28,ITF,ITF2,14,Molise,Molise,305617,395263,129.33,0.91
4941,2021-05-30,MOL,1873,935,938,1559,286,28,ITF,ITF2,14,Molise,Molise,305617,397136,129.95,0.61
