,data,area,Vaccinazioni giornaliere,sesso_maschile,sesso_femminile,Operatori sanitari - sociosanitari,Personale non sanitario,Ospiti RSA,categoria_over80,prima_dose,seconda_dose,Regione,popolazione,Totale vaccinazioni,Totale vaccinazioni ogni cento ab,Vaccinazioni giornaliere ogni cento ab
0,2020-12-27,ITA,6986,3310,3676,5834,843,308,1,6986,0,Italia,60000000,6986,0.01,0.01
1,2020-12-28,ITA,950,435,515,940,10,0,0,950,0,Italia,60000000,7936,0.01,0.0
2,2020-12-29,ITA,902,387,515,869,12,21,0,902,0,Italia,60000000,8838,0.01,0.0
3,2020-12-30,ITA,4589,1815,2774,3835,407,347,0,4589,0,Italia,60000000,13427,0.02,0.01
4,2020-12-31,ITA,25028,9692,15336,20185,2373,2466,4,25028,0,Italia,60000000,38455,0.06,0.04
5,2021-01-01,ITA,10888,4185,6703,9737,348,803,0,10888,0,Italia,60000000,49343,0.08,0.02
6,2021-01-02,ITA,37648,14852,22796,32739,2836,2071,2,37648,0,Italia,60000000,86991,0.14,0.06
7,2021-01-03,ITA,34693,13536,21157,30129,3055,1508,1,34693,0,Italia,60000000,121684,0.2,0.06
8,2021-01-04,ITA,67270,26183,41087,56349,7446,3459,16,67270,0,Italia,60000000,188954,0.31,0.11
9,2021-01-05,ITA,78527,29984,48543,63221,10664,4626,16,78527,0,Italia,60000000,267481,0.45,0.13
10,2021-01-06,ITA,64453,24978,39475,49978,10662,3809,4,64453,0,Italia,60000000,331934,0.55,0.11
11,2021-01-07,ITA,90982,33022,57960,68217,15743,6901,121,90982,0,Italia,60000000,422916,0.7,0.15
12,2021-01-08,ITA,92858,33340,59518,65878,19777,7067,136,92858,0,Italia,60000000,515774,0.86,0.15
13,2021-01-09,ITA,84812,32956,51856,56334,21505,6940,33,84812,0,Italia,60000000,600586,1.0,0.14
14,2021-01-10,ITA,59875,23617,36258,37689,18668,3499,19,59875,0,Italia,60000000,660461,1.1,0.1
15,2021-01-11,ITA,78467,28212,50255,48655,21796,7487,529,78467,0,Italia,60000000,738928,1.23,0.13
16,2021-01-12,ITA,78890,28577,50313,46143,23494,8855,398,78890,0,Italia,60000000,817818,1.36,0.13
17,2021-01-13,ITA,90716,31489,59227,47277,31147,11801,491,90716,0,Italia,60000000,908534,1.51,0.15
18,2021-01-14,ITA,89186,30376,58810,43306,31378,13739,763,89186,0,Italia,60000000,997720,1.66,0.15
19,2021-01-15,ITA,83867,29070,54797,40745,29364,11933,1825,83867,0,Italia,60000000,1081587,1.8,0.14
20,2021-01-16,ITA,60556,22842,37714,28844,21656,7504,2552,60549,7,Italia,60000000,1142143,1.9,0.1
21,2021-01-17,ITA,35052,13772,21280,16416,12684,3081,2871,32287,2765,Italia,60000000,1177195,1.96,0.06
22,2021-01-18,ITA,40341,14314,26027,19892,11890,6953,1606,35997,4344,Italia,60000000,1217536,2.03,0.07
23,2021-01-19,ITA,30417,10551,19866,14381,8169,6712,1155,28651,1766,Italia,60000000,1247953,2.08,0.05
24,2021-01-20,ITA,28116,9782,18334,14337,6894,6244,641,23717,4399,Italia,60000000,1276069,2.13,0.05
25,2021-01-21,ITA,33276,12522,20754,22128,6402,4593,153,14245,19031,Italia,60000000,1309345,2.18,0.06
26,2021-01-22,ITA,24568,8798,15770,15887,4216,4340,125,10853,13715,Italia,60000000,1333913,2.22,0.04
27,2021-01-23,ITA,37403,14918,22485,30380,3914,2983,126,5240,32163,Italia,60000000,1371316,2.29,0.06
28,2021-01-24,ITA,33121,13104,20017,27750,3568,1676,127,2672,30449,Italia,60000000,1404437,2.34,0.06
29,2021-01-25,ITA,65669,25395,40274,54511,6932,4092,134,4070,61599,Italia,60000000,1470106,2.45,0.11
30,2021-01-26,ITA,76610,29521,47089,62768,8246,5467,129,3826,72784,Italia,60000000,1546716,2.58,0.13
31,2021-01-27,ITA,28542,11452,17090,22321,4449,1708,64,1295,27247,Italia,60000000,1575258,2.63,0.05
32,2020-12-27,PIE,912,368,544,760,76,76,0,912,0,Piemonte,4356406,912,0.02,0.02
33,2020-12-30,PIE,730,322,408,685,45,0,0,730,0,Piemonte,4356406,1642,0.04,0.02
34,2020-12-31,PIE,3877,1318,2559,3385,359,133,0,3877,0,Piemonte,4356406,5519,0.13,0.09
35,2021-01-01,PIE,1038,395,643,922,116,0,0,1038,0,Piemonte,4356406,6557,0.15,0.02
36,2021-01-02,PIE,3538,1134,2404,3072,413,53,0,3538,0,Piemonte,4356406,10095,0.23,0.08
37,2021-01-03,PIE,3060,966,2094,2713,295,52,0,3060,0,Piemonte,4356406,13155,0.3,0.07
38,2021-01-04,PIE,5556,1675,3881,4584,737,235,0,5556,0,Piemonte,4356406,18711,0.43,0.13
39,2021-01-05,PIE,5373,1602,3771,4361,729,283,0,5373,0,Piemonte,4356406,24084,0.55,0.12
40,2021-01-06,PIE,3110,1108,2002,2363,434,313,0,3110,0,Piemonte,4356406,27194,0.62,0.07
41,2021-01-07,PIE,5325,1718,3607,4127,877,321,0,5325,0,Piemonte,4356406,32519,0.75,0.12
42,2021-01-08,PIE,5504,1751,3753,4068,1027,409,0,5504,0,Piemonte,4356406,38023,0.87,0.13
43,2021-01-09,PIE,6199,2187,4012,4489,1127,583,0,6199,0,Piemonte,4356406,44222,1.02,0.14
44,2021-01-10,PIE,5194,2272,2922,3896,783,515,0,5194,0,Piemonte,4356406,49416,1.13,0.12
45,2021-01-11,PIE,8735,2977,5758,6053,1553,1129,0,8735,0,Piemonte,4356406,58151,1.33,0.2
46,2021-01-12,PIE,9969,3381,6588,6809,1990,1170,0,9969,0,Piemonte,4356406,68120,1.56,0.23
47,2021-01-13,PIE,10017,3209,6808,6447,2249,1321,0,10017,0,Piemonte,4356406,78137,1.79,0.23
48,2021-01-14,PIE,9737,3144,6593,6137,2120,1480,0,9737,0,Piemonte,4356406,87874,2.02,0.22
49,2021-01-15,PIE,8944,2945,5999,5486,1920,1538,0,8944,0,Piemonte,4356406,96818,2.22,0.21
50,2021-01-16,PIE,7739,2628,5111,4786,1588,1365,0,7739,0,Piemonte,4356406,104557,2.4,0.18
51,2021-01-17,PIE,3511,1167,2344,2079,593,839,0,2864,647,Piemonte,4356406,108068,2.48,0.08
52,2021-01-18,PIE,6083,2034,4049,3214,1401,1468,0,5836,247,Piemonte,4356406,114151,2.62,0.14
53,2021-01-19,PIE,6386,2097,4289,3634,1312,1440,0,6284,102,Piemonte,4356406,120537,2.77,0.15
54,2021-01-20,PIE,6345,2027,4318,3551,1149,1645,0,5619,726,Piemonte,4356406,126882,2.91,0.15
55,2021-01-21,PIE,6670,2247,4423,4672,852,1146,0,3185,3485,Piemonte,4356406,133552,3.07,0.15
56,2021-01-22,PIE,3772,1226,2546,2245,648,879,0,2432,1340,Piemonte,4356406,137324,3.15,0.09
57,2021-01-23,PIE,4188,1311,2877,3166,522,500,0,877,3311,Piemonte,4356406,141512,3.25,0.1
58,2021-01-24,PIE,3147,955,2192,2630,371,146,0,432,2715,Piemonte,4356406,144659,3.32,0.07
59,2021-01-25,PIE,6164,1927,4237,4774,863,527,0,974,5190,Piemonte,4356406,150823,3.46,0.14
60,2021-01-26,PIE,6244,1848,4396,4696,859,689,0,713,5531,Piemonte,4356406,157067,3.61,0.14
61,2021-01-27,PIE,2068,781,1287,1451,374,243,0,379,1689,Piemonte,4356406,159135,3.65,0.05
62,2020-12-27,CAM,720,422,298,703,17,0,0,720,0,Campania,5801692,720,0.01,0.01
63,2020-12-31,CAM,1490,811,679,1273,216,1,0,1490,0,Campania,5801692,2210,0.04,0.03
64,2021-01-01,CAM,919,506,413,831,88,0,0,919,0,Campania,5801692,3129,0.05,0.02
65,2021-01-02,CAM,3674,1963,1711,3167,507,0,0,3674,0,Campania,5801692,6803,0.12,0.06
66,2021-01-03,CAM,3834,2008,1826,3190,644,0,0,3834,0,Campania,5801692,10637,0.18,0.07
67,2021-01-04,CAM,5824,2961,2863,4849,975,0,0,5824,0,Campania,5801692,16461,0.28,0.1
68,2021-01-05,CAM,7197,3617,3580,5779,1320,98,0,7197,0,Campania,5801692,23658,0.41,0.12
69,2021-01-06,CAM,7651,3746,3905,5779,1572,300,0,7651,0,Campania,5801692,31309,0.54,0.13
70,2021-01-07,CAM,8893,4157,4736,6304,2258,331,0,8893,0,Campania,5801692,40202,0.69,0.15
71,2021-01-08,CAM,10451,4966,5485,6712,3527,212,0,10451,0,Campania,5801692,50653,0.87,0.18
72,2021-01-09,CAM,10562,5023,5539,6758,3535,269,0,10562,0,Campania,5801692,61215,1.06,0.18
73,2021-01-10,CAM,8164,3739,4425,5178,2889,97,0,8164,0,Campania,5801692,69379,1.2,0.14
74,2021-01-11,CAM,4062,1863,2199,2379,1436,247,0,4062,0,Campania,5801692,73441,1.27,0.07
75,2021-01-12,CAM,5212,2562,2650,3438,1434,340,0,5212,0,Campania,5801692,78653,1.36,0.09
76,2021-01-13,CAM,7992,3650,4342,4335,3080,577,0,7992,0,Campania,5801692,86645,1.49,0.14
77,2021-01-14,CAM,7060,2978,4082,3693,3022,345,0,7060,0,Campania,5801692,93705,1.62,0.12
78,2021-01-15,CAM,4979,2384,2595,2744,2038,197,0,4979,0,Campania,5801692,98684,1.7,0.09
79,2021-01-16,CAM,3377,1674,1703,1360,1646,371,0,3377,0,Campania,5801692,102061,1.76,0.06
80,2021-01-17,CAM,1155,551,604,718,286,151,0,702,453,Campania,5801692,103216,1.78,0.02
81,2021-01-18,CAM,943,400,543,577,193,173,0,699,244,Campania,5801692,104159,1.8,0.02
82,2021-01-19,CAM,1095,473,622,535,389,171,0,1092,3,Campania,5801692,105254,1.81,0.02
83,2021-01-20,CAM,1257,650,607,395,761,101,0,1257,0,Campania,5801692,106511,1.84,0.02
84,2021-01-21,CAM,2091,1114,977,1378,638,75,0,676,1415,Campania,5801692,108602,1.87,0.04
85,2021-01-22,CAM,1397,699,698,968,344,85,0,549,848,Campania,5801692,109999,1.9,0.02
86,2021-01-23,CAM,3835,2027,1808,3161,606,68,0,272,3563,Campania,5801692,113834,1.96,0.07
87,2021-01-24,CAM,4127,2122,2005,3140,821,166,0,383,3744,Campania,5801692,117961,2.03,0.07
88,2021-01-25,CAM,5742,2926,2816,4741,945,56,0,165,5577,Campania,5801692,123703,2.13,0.1
89,2021-01-26,CAM,7291,3699,3592,5737,1332,222,0,352,6939,Campania,5801692,130994,2.26,0.13
90,2021-01-27,CAM,3925,2033,1892,2996,869,60,0,14,3911,Campania,5801692,134919,2.33,0.07
91,2020-12-27,PAB,143,65,78,56,87,0,0,143,0,P.A. Bolzano,533050,143,0.03,0.03
92,2020-12-30,PAB,357,166,191,120,237,0,0,357,0,P.A. Bolzano,533050,500,0.09,0.07
93,2020-12-31,PAB,850,490,360,271,579,0,0,850,0,P.A. Bolzano,533050,1350,0.25,0.16
94,2021-01-02,PAB,72,32,40,66,6,0,0,72,0,P.A. Bolzano,533050,1422,0.27,0.01
95,2021-01-04,PAB,465,189,276,280,181,4,0,465,0,P.A. Bolzano,533050,1887,0.35,0.09
96,2021-01-05,PAB,820,284,536,575,245,0,0,820,0,P.A. Bolzano,533050,2707,0.51,0.15
97,2021-01-06,PAB,59,18,41,59,0,0,0,59,0,P.A. Bolzano,533050,2766,0.52,0.01
98,2021-01-07,PAB,883,308,575,339,488,0,56,883,0,P.A. Bolzano,533050,3649,0.68,0.17
99,2021-01-08,PAB,1468,465,1003,521,689,157,101,1468,0,P.A. Bolzano,533050,5117,0.96,0.28
100,2021-01-09,PAB,595,313,282,61,450,67,17,595,0,P.A. Bolzano,533050,5712,1.07,0.11
101,2021-01-10,PAB,2,2,0,1,1,0,0,2,0,P.A. Bolzano,533050,5714,1.07,0.0
102,2021-01-11,PAB,1407,434,973,218,886,119,184,1407,0,P.A. Bolzano,533050,7121,1.34,0.26
103,2021-01-12,PAB,1473,390,1083,200,730,469,74,1473,0,P.A. Bolzano,533050,8594,1.61,0.28
104,2021-01-13,PAB,1380,433,947,284,718,194,184,1380,0,P.A. Bolzano,533050,9974,1.87,0.26
105,2021-01-14,PAB,1608,477,1131,260,850,277,221,1608,0,P.A. Bolzano,533050,11582,2.17,0.3
106,2021-01-15,PAB,2834,1029,1805,430,820,333,1251,2834,0,P.A. Bolzano,533050,14416,2.7,0.53
107,2021-01-16,PAB,2702,1208,1494,462,331,56,1853,2702,0,P.A. Bolzano,533050,17118,3.21,0.51
108,2021-01-17,PAB,2276,1026,1250,50,268,4,1954,2264,12,P.A. Bolzano,533050,19394,3.64,0.43
109,2021-01-18,PAB,1549,578,971,256,302,7,984,1544,5,P.A. Bolzano,533050,20943,3.93,0.29
110,2021-01-19,PAB,807,348,459,150,85,0,572,677,130,P.A. Bolzano,533050,21750,4.08,0.15
111,2021-01-20,PAB,538,194,344,207,81,0,250,401,137,P.A. Bolzano,533050,22288,4.18,0.1
112,2021-01-21,PAB,808,348,460,595,118,68,27,138,670,P.A. Bolzano,533050,23096,4.33,0.15
113,2021-01-22,PAB,143,68,75,45,10,85,3,123,20,P.A. Bolzano,533050,23239,4.36,0.03
114,2021-01-23,PAB,60,25,35,60,0,0,0,0,60,P.A. Bolzano,533050,23299,4.37,0.01
115,2021-01-25,PAB,429,166,263,348,80,0,1,3,426,P.A. Bolzano,533050,23728,4.45,0.08
116,2021-01-26,PAB,731,268,463,607,124,0,0,1,730,P.A. Bolzano,533050,24459,4.59,0.14
117,2020-12-27,SAR,65,34,31,65,0,0,0,65,0,Sardegna,1639591,65,0.0,0.0
118,2020-12-28,SAR,65,25,40,65,0,0,0,65,0,Sardegna,1639591,130,0.01,0.0
119,2020-12-29,SAR,56,31,25,55,1,0,0,56,0,Sardegna,1639591,186,0.01,0.0
120,2020-12-31,SAR,32,16,16,28,4,0,0,32,0,Sardegna,1639591,218,0.01,0.0
121,2021-01-01,SAR,30,16,14,30,0,0,0,30,0,Sardegna,1639591,248,0.02,0.0
122,2021-01-02,SAR,60,21,39,60,0,0,0,60,0,Sardegna,1639591,308,0.02,0.0
123,2021-01-03,SAR,90,36,54,89,1,0,0,90,0,Sardegna,1639591,398,0.02,0.01
124,2021-01-04,SAR,590,217,373,563,27,0,0,590,0,Sardegna,1639591,988,0.06,0.04
125,2021-01-05,SAR,1327,446,881,1281,46,0,0,1327,0,Sardegna,1639591,2315,0.14,0.08
126,2021-01-06,SAR,1597,543,1054,1479,118,0,0,1597,0,Sardegna,1639591,3912,0.24,0.1
127,2021-01-07,SAR,3096,1072,2024,2704,392,0,0,3096,0,Sardegna,1639591,7008,0.43,0.19
128,2021-01-08,SAR,3249,1180,2069,2856,393,0,0,3249,0,Sardegna,1639591,10257,0.63,0.2
129,2021-01-09,SAR,4016,1414,2602,3177,839,0,0,4016,0,Sardegna,1639591,14273,0.87,0.24
130,2021-01-10,SAR,2177,747,1430,1693,484,0,0,2177,0,Sardegna,1639591,16450,1.0,0.13
131,2021-01-11,SAR,1180,504,676,688,492,0,0,1180,0,Sardegna,1639591,17630,1.08,0.07
132,2021-01-12,SAR,865,408,457,514,351,0,0,865,0,Sardegna,1639591,18495,1.13,0.05
133,2021-01-13,SAR,572,178,394,437,135,0,0,572,0,Sardegna,1639591,19067,1.16,0.03
134,2021-01-14,SAR,1104,426,678,880,224,0,0,1104,0,Sardegna,1639591,20171,1.23,0.07
135,2021-01-15,SAR,1558,570,988,1164,394,0,0,1558,0,Sardegna,1639591,21729,1.33,0.1
136,2021-01-16,SAR,1491,525,966,1267,224,0,0,1491,0,Sardegna,1639591,23220,1.42,0.09
137,2021-01-17,SAR,859,277,582,741,118,0,0,858,1,Sardegna,1639591,24079,1.47,0.05
138,2021-01-18,SAR,900,326,574,713,187,0,0,776,124,Sardegna,1639591,24979,1.52,0.05
139,2021-01-19,SAR,747,270,477,423,165,159,0,692,55,Sardegna,1639591,25726,1.57,0.05
140,2021-01-20,SAR,209,77,132,134,75,0,0,207,2,Sardegna,1639591,25935,1.58,0.01
141,2021-01-21,SAR,126,60,66,60,66,0,0,94,32,Sardegna,1639591,26061,1.59,0.01
142,2021-01-22,SAR,82,46,36,44,38,0,0,54,28,Sardegna,1639591,26143,1.59,0.01
143,2021-01-23,SAR,60,22,38,60,0,0,0,0,60,Sardegna,1639591,26203,1.6,0.0
144,2021-01-24,SAR,90,34,56,89,1,0,0,5,85,Sardegna,1639591,26293,1.6,0.01
145,2021-01-25,SAR,587,212,375,552,35,0,0,22,565,Sardegna,1639591,26880,1.64,0.04
146,2021-01-26,SAR,1335,453,882,1291,44,0,0,27,1308,Sardegna,1639591,28215,1.72,0.08
147,2021-01-27,SAR,942,337,605,855,87,0,0,64,878,Sardegna,1639591,29157,1.78,0.06
148,2020-12-27,LOM,699,405,294,514,172,12,1,699,0,Lombardia,10060574,699,0.01,0.01
149,2020-12-28,LOM,103,44,59,99,4,0,0,103,0,Lombardia,10060574,802,0.01,0.0
150,2020-12-29,LOM,100,43,57,99,1,0,0,100,0,Lombardia,10060574,902,0.01,0.0
151,2020-12-30,LOM,113,42,71,104,9,0,0,113,0,Lombardia,10060574,1015,0.01,0.0
152,2020-12-31,LOM,713,300,413,649,64,0,0,713,0,Lombardia,10060574,1728,0.02,0.01
153,2021-01-01,LOM,24,7,17,21,3,0,0,24,0,Lombardia,10060574,1752,0.02,0.0
154,2021-01-02,LOM,199,72,127,173,26,0,0,199,0,Lombardia,10060574,1951,0.02,0.0
155,2021-01-03,LOM,850,314,536,628,217,4,1,850,0,Lombardia,10060574,2801,0.03,0.01
156,2021-01-04,LOM,5957,2048,3909,4341,1435,166,15,5957,0,Lombardia,10060574,8758,0.09,0.06
157,2021-01-05,LOM,7653,2505,5148,5393,2087,165,8,7653,0,Lombardia,10060574,16411,0.16,0.08
158,2021-01-06,LOM,6976,2457,4519,4421,2520,32,3,6976,0,Lombardia,10060574,23387,0.23,0.07
159,2021-01-07,LOM,11438,3554,7884,7139,3675,559,65,11438,0,Lombardia,10060574,34825,0.35,0.11
160,2021-01-08,LOM,12431,3849,8582,7383,4846,170,32,12431,0,Lombardia,10060574,47256,0.47,0.12
161,2021-01-09,LOM,11677,4285,7392,5051,6432,184,10,11677,0,Lombardia,10060574,58933,0.59,0.12
162,2021-01-10,LOM,10463,3942,6521,3641,6798,7,17,10463,0,Lombardia,10060574,69396,0.69,0.1
163,2021-01-11,LOM,15366,5158,10208,7023,7774,471,98,15366,0,Lombardia,10060574,84762,0.84,0.15
164,2021-01-12,LOM,19034,6364,12670,7229,10388,1260,157,19034,0,Lombardia,10060574,103796,1.03,0.19
165,2021-01-13,LOM,24470,7592,16878,6737,14131,3301,301,24470,0,Lombardia,10060574,128266,1.27,0.24
166,2021-01-14,LOM,24398,7226,17172,5759,13966,4234,439,24398,0,Lombardia,10060574,152664,1.52,0.24
167,2021-01-15,LOM,22830,6764,16066,5040,13864,3522,404,22830,0,Lombardia,10060574,175494,1.74,0.23
168,2021-01-16,LOM,13909,5314,8595,2542,10051,1136,180,13909,0,Lombardia,10060574,189403,1.88,0.14
169,2021-01-17,LOM,7966,3235,4731,1673,6134,114,45,7770,196,Lombardia,10060574,197369,1.96,0.08
170,2021-01-18,LOM,8530,2811,5719,2786,4311,1318,115,7557,973,Lombardia,10060574,205899,2.05,0.08
171,2021-01-19,LOM,7212,2147,5065,2175,3424,1501,112,6741,471,Lombardia,10060574,213111,2.12,0.07
172,2021-01-20,LOM,5003,1233,3770,1420,2458,1036,89,4889,114,Lombardia,10060574,218114,2.17,0.05
173,2021-01-21,LOM,4869,1455,3414,1665,3081,123,0,4185,684,Lombardia,10060574,222983,2.22,0.05
174,2021-01-22,LOM,2600,750,1850,941,1551,108,0,2548,52,Lombardia,10060574,225583,2.24,0.03
175,2021-01-23,LOM,977,305,672,425,535,17,0,779,198,Lombardia,10060574,226560,2.25,0.01
176,2021-01-24,LOM,1092,416,676,715,352,24,1,440,652,Lombardia,10060574,227652,2.26,0.01
177,2021-01-25,LOM,6607,2248,4359,5135,1380,88,4,436,6171,Lombardia,10060574,234259,2.33,0.07
178,2021-01-26,LOM,7852,2594,5258,6222,1546,80,4,302,7550,Lombardia,10060574,242111,2.41,0.08
179,2021-01-27,LOM,2989,1042,1947,2248,741,0,0,91,2898,Lombardia,10060574,245100,2.44,0.03
180,2020-12-27,BAS,106,41,65,104,2,0,0,106,0,Basilicata,559084,106,0.02,0.02
181,2021-01-02,BAS,937,377,560,837,100,0,0,937,0,Basilicata,559084,1043,0.19,0.17
182,2021-01-03,BAS,900,344,556,787,113,0,0,900,0,Basilicata,559084,1943,0.35,0.16
183,2021-01-04,BAS,607,271,336,527,80,0,0,607,0,Basilicata,559084,2550,0.46,0.11
184,2021-01-05,BAS,942,406,536,707,235,0,0,942,0,Basilicata,559084,3492,0.62,0.17
185,2021-01-06,BAS,291,126,165,137,118,36,0,291,0,Basilicata,559084,3783,0.68,0.05
186,2021-01-07,BAS,639,317,322,279,331,29,0,639,0,Basilicata,559084,4422,0.79,0.11
187,2021-01-08,BAS,556,220,336,256,240,60,0,556,0,Basilicata,559084,4978,0.89,0.1
188,2021-01-09,BAS,556,161,395,279,210,67,0,556,0,Basilicata,559084,5534,0.99,0.1
189,2021-01-10,BAS,77,24,53,9,68,0,0,77,0,Basilicata,559084,5611,1.0,0.01
190,2021-01-11,BAS,183,65,118,78,64,41,0,183,0,Basilicata,559084,5794,1.04,0.03
191,2021-01-12,BAS,214,87,127,38,78,98,0,214,0,Basilicata,559084,6008,1.07,0.04
192,2021-01-13,BAS,913,384,529,573,192,148,0,913,0,Basilicata,559084,6921,1.24,0.16
193,2021-01-14,BAS,967,412,555,400,246,321,0,967,0,Basilicata,559084,7888,1.41,0.17
194,2021-01-15,BAS,811,349,462,449,190,172,0,811,0,Basilicata,559084,8699,1.56,0.15
195,2021-01-16,BAS,722,303,419,265,296,161,0,722,0,Basilicata,559084,9421,1.69,0.13
196,2021-01-17,BAS,323,131,192,93,177,53,0,321,2,Basilicata,559084,9744,1.74,0.06
197,2021-01-18,BAS,457,156,301,359,56,42,0,358,99,Basilicata,559084,10201,1.82,0.08
198,2021-01-19,BAS,200,84,116,81,74,45,0,200,0,Basilicata,559084,10401,1.86,0.04
199,2021-01-20,BAS,84,22,62,0,84,0,0,84,0,Basilicata,559084,10485,1.88,0.02
200,2021-01-21,BAS,30,10,20,0,30,0,0,30,0,Basilicata,559084,10515,1.88,0.01
201,2021-01-22,BAS,66,24,42,6,60,0,0,66,0,Basilicata,559084,10581,1.89,0.01
202,2021-01-23,BAS,704,297,407,479,224,1,0,33,671,Basilicata,559084,11285,2.02,0.13
203,2021-01-24,BAS,830,299,531,598,231,1,0,58,772,Basilicata,559084,12115,2.17,0.15
204,2021-01-25,BAS,1018,426,592,660,357,1,0,74,944,Basilicata,559084,13133,2.35,0.18
205,2021-01-26,BAS,792,350,442,478,279,35,0,99,693,Basilicata,559084,13925,2.49,0.14
206,2021-01-27,BAS,210,102,108,37,173,0,0,15,195,Basilicata,559084,14135,2.53,0.04
207,2020-12-27,MOL,50,20,30,29,4,17,0,50,0,Molise,305617,50,0.02,0.02
208,2021-01-04,MOL,314,131,183,300,14,0,0,314,0,Molise,305617,364,0.12,0.1
209,2021-01-05,MOL,449,180,269,441,8,0,0,449,0,Molise,305617,813,0.27,0.15
210,2021-01-06,MOL,684,258,426,447,70,167,0,684,0,Molise,305617,1497,0.49,0.22
211,2021-01-07,MOL,594,208,386,395,54,145,0,594,0,Molise,305617,2091,0.68,0.19
212,2021-01-08,MOL,426,141,285,232,74,120,0,426,0,Molise,305617,2517,0.82,0.14
213,2021-01-09,MOL,449,152,297,215,56,178,0,449,0,Molise,305617,2966,0.97,0.15
214,2021-01-10,MOL,269,72,197,82,19,168,0,269,0,Molise,305617,3235,1.06,0.09
215,2021-01-11,MOL,557,194,363,194,252,111,0,557,0,Molise,305617,3792,1.24,0.18
216,2021-01-12,MOL,336,114,222,132,75,129,0,336,0,Molise,305617,4128,1.35,0.11
217,2021-01-13,MOL,472,159,313,256,74,142,0,472,0,Molise,305617,4600,1.51,0.15
218,2021-01-14,MOL,646,239,407,417,114,115,0,646,0,Molise,305617,5246,1.72,0.21
219,2021-01-15,MOL,538,242,296,398,59,81,0,538,0,Molise,305617,5784,1.89,0.18
220,2021-01-16,MOL,420,166,254,270,23,127,0,420,0,Molise,305617,6204,2.03,0.14
221,2021-01-17,MOL,78,38,40,78,0,0,0,48,30,Molise,305617,6282,2.06,0.03
222,2021-01-18,MOL,114,48,66,97,17,0,0,114,0,Molise,305617,6396,2.09,0.04
223,2021-01-19,MOL,173,63,110,90,61,22,0,162,11,Molise,305617,6569,2.15,0.06
224,2021-01-20,MOL,18,8,10,14,4,0,0,18,0,Molise,305617,6587,2.16,0.01
225,2021-01-21,MOL,6,2,4,0,6,0,0,6,0,Molise,305617,6593,2.16,0.0
226,2021-01-22,MOL,126,35,91,21,32,73,0,126,0,Molise,305617,6719,2.2,0.04
227,2021-01-25,MOL,319,130,189,317,2,0,0,3,316,Molise,305617,7038,2.3,0.1
228,2021-01-26,MOL,450,184,266,444,6,0,0,8,442,Molise,305617,7488,2.45,0.15
229,2021-01-27,MOL,356,140,216,118,67,171,0,0,356,Molise,305617,7844,2.57,0.12
230,2020-12-27,MAR,200,97,103,184,12,4,0,200,0,Marche,1525271,200,0.01,0.01
231,2020-12-30,MAR,17,5,12,14,3,0,0,17,0,Marche,1525271,217,0.01,0.0
232,2020-12-31,MAR,383,178,205,370,13,0,0,383,0,Marche,1525271,600,0.04,0.03
233,2021-01-02,MAR,453,139,314,444,9,0,0,453,0,Marche,1525271,1053,0.07,0.03
234,2021-01-03,MAR,896,348,548,759,137,0,0,896,0,Marche,1525271,1949,0.13,0.06
235,2021-01-04,MAR,1500,563,937,1290,199,11,0,1500,0,Marche,1525271,3449,0.23,0.1
236,2021-01-05,MAR,1562,586,976,1436,126,0,0,1562,0,Marche,1525271,5011,0.33,0.1
237,2021-01-06,MAR,2181,792,1389,1738,296,147,0,2181,0,Marche,1525271,7192,0.47,0.14
238,2021-01-07,MAR,1802,633,1169,1480,322,0,0,1802,0,Marche,1525271,8994,0.59,0.12
239,2021-01-08,MAR,1574,588,986,1226,348,0,0,1574,0,Marche,1525271,10568,0.69,0.1
240,2021-01-09,MAR,1709,605,1104,1406,303,0,0,1709,0,Marche,1525271,12277,0.8,0.11
241,2021-01-10,MAR,1737,699,1038,1462,275,0,0,1737,0,Marche,1525271,14014,0.92,0.11
242,2021-01-11,MAR,1176,411,765,1021,155,0,0,1176,0,Marche,1525271,15190,1.0,0.08
243,2021-01-12,MAR,1226,413,813,912,264,50,0,1226,0,Marche,1525271,16416,1.08,0.08
244,2021-01-13,MAR,2105,746,1359,1408,621,76,0,2105,0,Marche,1525271,18521,1.21,0.14
245,2021-01-14,MAR,2010,692,1318,1112,600,298,0,2010,0,Marche,1525271,20531,1.35,0.13
246,2021-01-15,MAR,1771,500,1271,985,420,366,0,1771,0,Marche,1525271,22302,1.46,0.12
247,2021-01-16,MAR,2006,723,1283,1059,662,285,0,2006,0,Marche,1525271,24308,1.59,0.13
248,2021-01-17,MAR,1598,682,916,964,588,46,0,1549,49,Marche,1525271,25906,1.7,0.1
249,2021-01-18,MAR,673,230,443,370,171,132,0,547,126,Marche,1525271,26579,1.74,0.04
250,2021-01-19,MAR,225,81,144,120,20,85,0,141,84,Marche,1525271,26804,1.76,0.01
251,2021-01-20,MAR,398,99,299,146,62,190,0,386,12,Marche,1525271,27202,1.78,0.03
252,2021-01-21,MAR,895,252,643,459,100,336,0,585,310,Marche,1525271,28097,1.84,0.06
253,2021-01-22,MAR,487,167,320,315,85,87,0,194,293,Marche,1525271,28584,1.87,0.03
254,2021-01-23,MAR,557,190,367,440,54,63,0,123,434,Marche,1525271,29141,1.91,0.04
255,2021-01-24,MAR,879,338,541,762,117,0,0,17,862,Marche,1525271,30020,1.97,0.06
256,2021-01-25,MAR,1595,558,1037,1425,114,56,0,97,1498,Marche,1525271,31615,2.07,0.1
257,2021-01-26,MAR,1896,696,1200,1656,154,86,0,92,1804,Marche,1525271,33511,2.2,0.12
258,2021-01-27,MAR,613,258,355,561,52,0,0,5,608,Marche,1525271,34124,2.24,0.04
259,2020-12-27,SIC,71,45,26,55,1,15,0,71,0,Sicilia,4999891,71,0.0,0.0
260,2020-12-28,SIC,186,110,76,184,2,0,0,186,0,Sicilia,4999891,257,0.01,0.0
261,2020-12-29,SIC,210,131,79,210,0,0,0,210,0,Sicilia,4999891,467,0.01,0.0
262,2020-12-30,SIC,101,59,42,91,10,0,0,101,0,Sicilia,4999891,568,0.01,0.0
263,2020-12-31,SIC,794,431,363,745,49,0,0,794,0,Sicilia,4999891,1362,0.03,0.02
264,2021-01-01,SIC,670,359,311,601,69,0,0,670,0,Sicilia,4999891,2032,0.04,0.01
265,2021-01-02,SIC,4154,2160,1994,3668,486,0,0,4154,0,Sicilia,4999891,6186,0.12,0.08
266,2021-01-03,SIC,4324,2251,2073,4012,312,0,0,4324,0,Sicilia,4999891,10510,0.21,0.09
267,2021-01-04,SIC,7421,3692,3729,6744,671,6,0,7421,0,Sicilia,4999891,17931,0.36,0.15
268,2021-01-05,SIC,9815,4828,4987,8462,1165,188,0,9815,0,Sicilia,4999891,27746,0.55,0.2
269,2021-01-06,SIC,5993,3168,2825,5283,708,2,0,5993,0,Sicilia,4999891,33739,0.67,0.12
270,2021-01-07,SIC,8505,3903,4602,7102,1197,206,0,8505,0,Sicilia,4999891,42244,0.84,0.17
271,2021-01-08,SIC,7753,3569,4184,6110,1432,211,0,7753,0,Sicilia,4999891,49997,1.0,0.16
272,2021-01-09,SIC,6882,3189,3693,4682,1769,431,0,6882,0,Sicilia,4999891,56879,1.14,0.14
273,2021-01-10,SIC,3481,1556,1925,2019,1005,457,0,3481,0,Sicilia,4999891,60360,1.21,0.07
274,2021-01-11,SIC,5545,2437,3108,3658,1551,336,0,5545,0,Sicilia,4999891,65905,1.32,0.11
275,2021-01-12,SIC,4006,1934,2072,2599,1216,191,0,4006,0,Sicilia,4999891,69911,1.4,0.08
276,2021-01-13,SIC,4838,2257,2581,2804,1610,424,0,4838,0,Sicilia,4999891,74749,1.5,0.1
277,2021-01-14,SIC,4958,2354,2604,2874,1832,252,0,4958,0,Sicilia,4999891,79707,1.59,0.1
278,2021-01-15,SIC,4808,2112,2696,2658,1697,453,0,4808,0,Sicilia,4999891,84515,1.69,0.1
279,2021-01-16,SIC,2581,1104,1477,1189,1101,291,0,2581,0,Sicilia,4999891,87096,1.74,0.05
280,2021-01-17,SIC,1203,542,661,569,484,150,0,1159,44,Sicilia,4999891,88299,1.77,0.02
281,2021-01-18,SIC,1431,591,840,650,589,192,0,1338,93,Sicilia,4999891,89730,1.79,0.03
282,2021-01-19,SIC,940,412,528,371,423,146,0,769,171,Sicilia,4999891,90670,1.81,0.02
283,2021-01-20,SIC,779,395,384,403,187,189,0,556,223,Sicilia,4999891,91449,1.83,0.02
284,2021-01-21,SIC,1273,626,647,960,185,128,0,479,794,Sicilia,4999891,92722,1.85,0.03
285,2021-01-22,SIC,1198,605,593,1000,82,116,0,239,959,Sicilia,4999891,93920,1.88,0.02
286,2021-01-23,SIC,4001,2072,1929,3768,217,16,0,224,3777,Sicilia,4999891,97921,1.96,0.08
287,2021-01-24,SIC,4264,2228,2036,3921,340,3,0,147,4117,Sicilia,4999891,102185,2.04,0.09
288,2021-01-25,SIC,6768,3318,3450,5971,727,70,0,292,6476,Sicilia,4999891,108953,2.18,0.14
289,2021-01-26,SIC,9043,4454,4589,7969,840,234,0,225,8818,Sicilia,4999891,117996,2.36,0.18
290,2021-01-27,SIC,2907,1511,1396,2453,444,10,0,31,2876,Sicilia,4999891,120903,2.42,0.06
291,2020-12-27,FVG,262,149,113,259,3,0,0,262,0,Friuli Venezia Giulia,1215220,262,0.02,0.02
292,2020-12-30,FVG,630,246,384,601,29,0,0,630,0,Friuli Venezia Giulia,1215220,892,0.07,0.05
293,2020-12-31,FVG,1053,384,669,1011,42,0,0,1053,0,Friuli Venezia Giulia,1215220,1945,0.16,0.09
294,2021-01-02,FVG,1217,471,746,1150,67,0,0,1217,0,Friuli Venezia Giulia,1215220,3162,0.26,0.1
295,2021-01-03,FVG,312,122,190,285,26,1,0,312,0,Friuli Venezia Giulia,1215220,3474,0.29,0.03
296,2021-01-04,FVG,1509,558,951,1391,118,0,0,1509,0,Friuli Venezia Giulia,1215220,4983,0.41,0.12
297,2021-01-05,FVG,1678,549,1129,1348,133,197,0,1678,0,Friuli Venezia Giulia,1215220,6661,0.55,0.14
298,2021-01-06,FVG,709,264,445,514,195,0,0,709,0,Friuli Venezia Giulia,1215220,7370,0.61,0.06
299,2021-01-07,FVG,2089,718,1371,1758,221,110,0,2089,0,Friuli Venezia Giulia,1215220,9459,0.78,0.17
300,2021-01-08,FVG,2319,746,1573,1668,255,396,0,2319,0,Friuli Venezia Giulia,1215220,11778,0.97,0.19
301,2021-01-09,FVG,2512,840,1672,1518,404,590,0,2512,0,Friuli Venezia Giulia,1215220,14290,1.18,0.21
302,2021-01-10,FVG,2937,918,2019,1745,949,243,0,2937,0,Friuli Venezia Giulia,1215220,17227,1.42,0.24
303,2021-01-11,FVG,1872,605,1267,1491,334,47,0,1872,0,Friuli Venezia Giulia,1215220,19099,1.57,0.15
304,2021-01-12,FVG,2248,711,1537,1521,369,358,0,2248,0,Friuli Venezia Giulia,1215220,21347,1.76,0.18
305,2021-01-13,FVG,2635,832,1803,1810,598,227,0,2635,0,Friuli Venezia Giulia,1215220,23982,1.97,0.22
306,2021-01-14,FVG,2573,782,1791,1605,539,429,0,2573,0,Friuli Venezia Giulia,1215220,26555,2.19,0.21
307,2021-01-15,FVG,2023,605,1418,1285,365,373,0,2023,0,Friuli Venezia Giulia,1215220,28578,2.35,0.17
308,2021-01-16,FVG,1228,358,870,769,211,248,0,1228,0,Friuli Venezia Giulia,1215220,29806,2.45,0.1
309,2021-01-17,FVG,1718,522,1196,673,559,486,0,1717,1,Friuli Venezia Giulia,1215220,31524,2.59,0.14
310,2021-01-18,FVG,1951,605,1346,1354,491,106,0,1857,94,Friuli Venezia Giulia,1215220,33475,2.75,0.16
311,2021-01-19,FVG,2,1,1,2,0,0,0,2,0,Friuli Venezia Giulia,1215220,33477,2.75,0.0
312,2021-01-20,FVG,749,323,426,718,31,0,0,11,738,Friuli Venezia Giulia,1215220,34226,2.82,0.06
313,2021-01-21,FVG,891,345,546,860,31,0,0,0,891,Friuli Venezia Giulia,1215220,35117,2.89,0.07
314,2021-01-22,FVG,92,31,61,91,1,0,0,2,90,Friuli Venezia Giulia,1215220,35209,2.9,0.01
315,2021-01-23,FVG,814,323,491,766,48,0,0,4,810,Friuli Venezia Giulia,1215220,36023,2.96,0.07
316,2021-01-24,FVG,305,119,186,277,27,1,0,1,304,Friuli Venezia Giulia,1215220,36328,2.99,0.03
317,2021-01-25,FVG,1580,566,1014,1367,141,72,0,193,1387,Friuli Venezia Giulia,1215220,37908,3.12,0.13
318,2021-01-26,FVG,1952,641,1311,1423,149,380,0,209,1743,Friuli Venezia Giulia,1215220,39860,3.28,0.16
319,2021-01-27,FVG,116,49,67,80,36,0,0,47,69,Friuli Venezia Giulia,1215220,39976,3.29,0.01
320,2020-12-27,PUG,506,249,257,398,45,63,0,506,0,Puglia,4029053,506,0.01,0.01
321,2020-12-30,PUG,2,0,2,1,1,0,0,2,0,Puglia,4029053,508,0.01,0.0
322,2020-12-31,PUG,1631,782,849,1418,169,44,0,1631,0,Puglia,4029053,2139,0.05,0.04
323,2021-01-01,PUG,146,60,86,139,7,0,0,146,0,Puglia,4029053,2285,0.06,0.0
324,2021-01-02,PUG,2927,1285,1642,2654,252,21,0,2927,0,Puglia,4029053,5212,0.13,0.07
325,2021-01-03,PUG,2004,942,1062,1673,188,143,0,2004,0,Puglia,4029053,7216,0.18,0.05
326,2021-01-04,PUG,4495,2008,2487,4226,258,11,0,4495,0,Puglia,4029053,11711,0.29,0.11
327,2021-01-05,PUG,5082,2236,2846,4429,553,95,5,5082,0,Puglia,4029053,16793,0.42,0.13
328,2021-01-06,PUG,3902,1644,2258,2948,578,376,0,3902,0,Puglia,4029053,20695,0.51,0.1
329,2021-01-07,PUG,5670,2429,3241,4930,520,220,0,5670,0,Puglia,4029053,26365,0.65,0.14
330,2021-01-08,PUG,5318,2239,3079,4294,734,290,0,5318,0,Puglia,4029053,31683,0.79,0.13
331,2021-01-09,PUG,4795,2214,2581,4110,442,239,4,4795,0,Puglia,4029053,36478,0.91,0.12
332,2021-01-10,PUG,2331,1051,1280,1845,316,170,0,2331,0,Puglia,4029053,38809,0.96,0.06
333,2021-01-11,PUG,3725,1577,2148,3014,540,171,0,3725,0,Puglia,4029053,42534,1.06,0.09
334,2021-01-12,PUG,4133,1733,2400,3329,599,204,1,4133,0,Puglia,4029053,46667,1.16,0.1
335,2021-01-13,PUG,4478,1698,2780,3501,749,228,0,4478,0,Puglia,4029053,51145,1.27,0.11
336,2021-01-14,PUG,3986,1547,2439,2950,542,494,0,3986,0,Puglia,4029053,55131,1.37,0.1
337,2021-01-15,PUG,4433,1808,2625,3438,490,505,0,4433,0,Puglia,4029053,59564,1.48,0.11
338,2021-01-16,PUG,2441,1006,1435,1577,354,510,0,2441,0,Puglia,4029053,62005,1.54,0.06
339,2021-01-17,PUG,1285,581,704,807,154,324,0,1216,69,Puglia,4029053,63290,1.57,0.03
340,2021-01-18,PUG,1827,756,1071,1116,266,445,0,1478,349,Puglia,4029053,65117,1.62,0.05
341,2021-01-19,PUG,1212,446,766,516,128,568,0,1208,4,Puglia,4029053,66329,1.65,0.03
342,2021-01-20,PUG,1533,535,998,774,174,585,0,1525,8,Puglia,4029053,67862,1.68,0.04
343,2021-01-21,PUG,2113,893,1220,1390,200,523,0,1266,847,Puglia,4029053,69975,1.74,0.05
344,2021-01-22,PUG,1407,576,831,872,162,373,0,992,415,Puglia,4029053,71382,1.77,0.03
345,2021-01-23,PUG,3021,1283,1738,2483,265,273,0,877,2144,Puglia,4029053,74403,1.85,0.07
346,2021-01-24,PUG,1659,744,915,1264,247,148,0,146,1513,Puglia,4029053,76062,1.89,0.04
347,2021-01-25,PUG,3663,1619,2044,3315,180,168,0,421,3242,Puglia,4029053,79725,1.98,0.09
348,2021-01-26,PUG,5139,2280,2859,4668,243,228,0,563,4576,Puglia,4029053,84864,2.11,0.13
349,2021-01-27,PUG,1434,598,836,1245,95,94,0,168,1266,Puglia,4029053,86298,2.14,0.04
350,2020-12-27,UMB,85,45,40,67,2,16,0,85,0,Umbria,882015,85,0.01,0.01
351,2020-12-31,UMB,322,127,195,310,12,0,0,322,0,Umbria,882015,407,0.05,0.04
352,2021-01-01,UMB,269,102,167,268,1,0,0,269,0,Umbria,882015,676,0.08,0.03
353,2021-01-02,UMB,301,110,191,301,0,0,0,301,0,Umbria,882015,977,0.11,0.03
354,2021-01-03,UMB,267,111,156,267,0,0,0,267,0,Umbria,882015,1244,0.14,0.03
355,2021-01-04,UMB,809,397,412,808,1,0,0,809,0,Umbria,882015,2053,0.23,0.09
356,2021-01-05,UMB,850,428,422,845,5,0,0,850,0,Umbria,882015,2903,0.33,0.1
357,2021-01-06,UMB,843,323,520,840,3,0,0,843,0,Umbria,882015,3746,0.42,0.1
358,2021-01-07,UMB,1269,378,891,881,4,384,0,1269,0,Umbria,882015,5015,0.57,0.14
359,2021-01-08,UMB,1189,342,847,926,9,254,0,1189,0,Umbria,882015,6204,0.7,0.13
360,2021-01-09,UMB,1694,487,1207,884,12,798,0,1694,0,Umbria,882015,7898,0.9,0.19
361,2021-01-10,UMB,1038,267,771,737,9,292,0,1038,0,Umbria,882015,8936,1.01,0.12
362,2021-01-11,UMB,1268,333,935,876,20,372,0,1268,0,Umbria,882015,10204,1.16,0.14
363,2021-01-12,UMB,784,247,537,665,14,105,0,784,0,Umbria,882015,10988,1.25,0.09
364,2021-01-13,UMB,450,139,311,379,29,42,0,450,0,Umbria,882015,11438,1.3,0.05
365,2021-01-14,UMB,772,205,567,699,36,37,0,772,0,Umbria,882015,12210,1.38,0.09
366,2021-01-15,UMB,692,212,480,588,44,60,0,692,0,Umbria,882015,12902,1.46,0.08
367,2021-01-16,UMB,220,72,148,145,32,43,0,220,0,Umbria,882015,13122,1.49,0.02
368,2021-01-17,UMB,54,17,37,47,7,0,0,54,0,Umbria,882015,13176,1.49,0.01
369,2021-01-18,UMB,588,215,373,314,150,124,0,504,84,Umbria,882015,13764,1.56,0.07
370,2021-01-19,UMB,103,23,80,21,2,80,0,103,0,Umbria,882015,13867,1.57,0.01
371,2021-01-20,UMB,612,222,390,582,16,14,0,612,0,Umbria,882015,14479,1.64,0.07
372,2021-01-21,UMB,607,200,407,426,13,168,0,338,269,Umbria,882015,15086,1.71,0.07
373,2021-01-22,UMB,276,105,171,273,1,2,0,32,244,Umbria,882015,15362,1.74,0.03
374,2021-01-23,UMB,277,100,177,276,1,0,0,2,275,Umbria,882015,15639,1.77,0.03
375,2021-01-24,UMB,254,104,150,254,0,0,0,1,253,Umbria,882015,15893,1.8,0.03
376,2021-01-25,UMB,647,322,325,645,2,0,0,5,642,Umbria,882015,16540,1.88,0.07
377,2021-01-26,UMB,814,390,424,813,1,0,0,18,796,Umbria,882015,17354,1.97,0.09
378,2021-01-27,UMB,690,286,404,689,1,0,0,5,685,Umbria,882015,18044,2.05,0.08
379,2020-12-27,ABR,37,19,18,34,1,2,0,37,0,Abruzzo,1304970,37,0.0,0.0
380,2021-01-02,ABR,548,218,330,540,8,0,0,548,0,Abruzzo,1304970,585,0.04,0.04
381,2021-01-03,ABR,471,185,286,464,7,0,0,471,0,Abruzzo,1304970,1056,0.08,0.04
382,2021-01-04,ABR,1401,575,826,1396,5,0,0,1401,0,Abruzzo,1304970,2457,0.19,0.11
383,2021-01-05,ABR,1614,604,1010,1604,10,0,0,1614,0,Abruzzo,1304970,4071,0.31,0.12
384,2021-01-06,ABR,1830,664,1166,1546,151,133,0,1830,0,Abruzzo,1304970,5901,0.45,0.14
385,2021-01-07,ABR,1603,552,1051,1566,37,0,0,1603,0,Abruzzo,1304970,7504,0.58,0.12
386,2021-01-08,ABR,1525,507,1018,1487,38,0,0,1525,0,Abruzzo,1304970,9029,0.69,0.12
387,2021-01-09,ABR,1483,565,918,1430,53,0,0,1483,0,Abruzzo,1304970,10512,0.81,0.11
388,2021-01-10,ABR,1139,409,730,1091,48,0,0,1139,0,Abruzzo,1304970,11651,0.89,0.09
389,2021-01-11,ABR,1551,557,994,1337,166,48,0,1551,0,Abruzzo,1304970,13202,1.01,0.12
390,2021-01-12,ABR,1804,666,1138,1470,334,0,0,1804,0,Abruzzo,1304970,15006,1.15,0.14
391,2021-01-13,ABR,1253,440,813,1103,150,0,0,1253,0,Abruzzo,1304970,16259,1.25,0.1
392,2021-01-14,ABR,530,189,341,364,166,0,0,530,0,Abruzzo,1304970,16789,1.29,0.04
393,2021-01-15,ABR,379,149,230,223,121,35,0,379,0,Abruzzo,1304970,17168,1.32,0.03
394,2021-01-16,ABR,587,239,348,449,123,15,0,587,0,Abruzzo,1304970,17755,1.36,0.04
395,2021-01-17,ABR,187,59,128,136,51,0,0,180,7,Abruzzo,1304970,17942,1.37,0.01
396,2021-01-18,ABR,122,48,74,106,14,2,0,46,76,Abruzzo,1304970,18064,1.38,0.01
397,2021-01-19,ABR,111,55,56,27,34,50,0,91,20,Abruzzo,1304970,18175,1.39,0.01
398,2021-01-20,ABR,447,156,291,147,96,204,0,445,2,Abruzzo,1304970,18622,1.43,0.03
399,2021-01-21,ABR,157,47,110,10,6,141,0,157,0,Abruzzo,1304970,18779,1.44,0.01
400,2021-01-22,ABR,118,57,61,2,4,112,0,118,0,Abruzzo,1304970,18897,1.45,0.01
401,2021-01-23,ABR,263,114,149,223,14,26,0,57,206,Abruzzo,1304970,19160,1.47,0.02
402,2021-01-24,ABR,50,22,28,49,1,0,0,6,44,Abruzzo,1304970,19210,1.47,0.0
403,2021-01-25,ABR,1603,632,971,1583,20,0,0,20,1583,Abruzzo,1304970,20813,1.59,0.12
404,2021-01-26,ABR,1536,565,971,1507,29,0,0,26,1510,Abruzzo,1304970,22349,1.71,0.12
405,2021-01-27,ABR,457,192,265,424,33,0,0,3,454,Abruzzo,1304970,22806,1.75,0.04
406,2020-12-27,VDA,20,9,11,20,0,0,0,20,0,Valle d'Aosta,125666,20,0.02,0.02
407,2020-12-31,VDA,18,4,14,16,2,0,0,18,0,Valle d'Aosta,125666,38,0.03,0.01
408,2021-01-02,VDA,6,5,1,0,0,6,0,6,0,Valle d'Aosta,125666,44,0.04,0.0
409,2021-01-04,VDA,142,59,83,126,16,0,0,142,0,Valle d'Aosta,125666,186,0.15,0.11
410,2021-01-05,VDA,150,54,96,127,12,11,0,150,0,Valle d'Aosta,125666,336,0.27,0.12
411,2021-01-06,VDA,65,33,32,28,19,18,0,65,0,Valle d'Aosta,125666,401,0.32,0.05
412,2021-01-07,VDA,275,111,164,194,76,5,0,275,0,Valle d'Aosta,125666,676,0.54,0.22
413,2021-01-08,VDA,298,130,168,171,111,16,0,298,0,Valle d'Aosta,125666,974,0.78,0.24
414,2021-01-09,VDA,443,199,244,153,268,22,0,443,0,Valle d'Aosta,125666,1417,1.13,0.35
415,2021-01-10,VDA,220,71,149,168,33,19,0,220,0,Valle d'Aosta,125666,1637,1.3,0.18
416,2021-01-11,VDA,325,112,213,206,89,30,0,325,0,Valle d'Aosta,125666,1962,1.56,0.26
417,2021-01-12,VDA,300,71,229,240,49,11,0,300,0,Valle d'Aosta,125666,2262,1.8,0.24
418,2021-01-13,VDA,282,94,188,134,148,0,0,282,0,Valle d'Aosta,125666,2544,2.02,0.22
419,2021-01-14,VDA,237,69,168,151,84,0,2,237,0,Valle d'Aosta,125666,2781,2.21,0.19
420,2021-01-15,VDA,218,82,136,115,69,28,6,218,0,Valle d'Aosta,125666,2999,2.39,0.17
421,2021-01-16,VDA,236,80,156,127,36,22,51,236,0,Valle d'Aosta,125666,3235,2.57,0.19
422,2021-01-17,VDA,131,56,75,49,3,20,59,131,0,Valle d'Aosta,125666,3366,2.68,0.1
423,2021-01-18,VDA,213,74,139,29,111,27,46,213,0,Valle d'Aosta,125666,3579,2.85,0.17
424,2021-01-19,VDA,256,77,179,160,24,15,57,256,0,Valle d'Aosta,125666,3835,3.05,0.2
425,2021-01-20,VDA,23,8,15,0,0,6,17,23,0,Valle d'Aosta,125666,3858,3.07,0.02
426,2021-01-21,VDA,33,12,21,0,0,33,0,33,0,Valle d'Aosta,125666,3891,3.1,0.03
427,2021-01-22,VDA,56,21,35,36,0,20,0,20,36,Valle d'Aosta,125666,3947,3.14,0.04
428,2021-01-25,VDA,147,65,82,125,16,6,0,0,147,Valle d'Aosta,125666,4094,3.26,0.12
429,2021-01-26,VDA,139,48,91,115,12,12,0,0,139,Valle d'Aosta,125666,4233,3.37,0.11
430,2020-12-27,CAL,274,147,127,272,2,0,0,274,0,Calabria,1947131,274,0.01,0.01
431,2020-12-28,CAL,5,2,3,5,0,0,0,5,0,Calabria,1947131,279,0.01,0.0
432,2021-01-02,CAL,169,97,72,169,0,0,0,169,0,Calabria,1947131,448,0.02,0.01
433,2021-01-03,CAL,5,3,2,4,1,0,0,5,0,Calabria,1947131,453,0.02,0.0
434,2021-01-04,CAL,1088,536,552,1038,50,0,0,1088,0,Calabria,1947131,1541,0.08,0.06
435,2021-01-05,CAL,1575,745,830,1429,146,0,0,1575,0,Calabria,1947131,3116,0.16,0.08
436,2021-01-06,CAL,1074,547,527,1014,60,0,0,1074,0,Calabria,1947131,4190,0.22,0.06
437,2021-01-07,CAL,2880,1426,1454,2579,301,0,0,2880,0,Calabria,1947131,7070,0.36,0.15
438,2021-01-08,CAL,1290,632,658,1171,119,0,0,1290,0,Calabria,1947131,8360,0.43,0.07
439,2021-01-09,CAL,1781,896,885,1540,241,0,0,1781,0,Calabria,1947131,10141,0.52,0.09
440,2021-01-10,CAL,1096,566,530,826,270,0,0,1096,0,Calabria,1947131,11237,0.58,0.06
441,2021-01-11,CAL,1544,791,753,1230,270,44,0,1544,0,Calabria,1947131,12781,0.66,0.08
442,2021-01-12,CAL,1292,624,668,1089,184,19,0,1292,0,Calabria,1947131,14073,0.72,0.07
443,2021-01-13,CAL,1444,706,738,1231,213,0,0,1444,0,Calabria,1947131,15517,0.8,0.07
444,2021-01-14,CAL,1956,967,989,1579,357,20,0,1956,0,Calabria,1947131,17473,0.9,0.1
445,2021-01-15,CAL,1555,720,835,1235,289,31,0,1555,0,Calabria,1947131,19028,0.98,0.08
446,2021-01-16,CAL,1127,548,579,978,131,18,0,1127,0,Calabria,1947131,20155,1.04,0.06
447,2021-01-17,CAL,398,198,200,235,121,42,0,362,36,Calabria,1947131,20553,1.06,0.02
448,2021-01-18,CAL,1056,475,581,843,202,11,0,866,190,Calabria,1947131,21609,1.11,0.05
449,2021-01-19,CAL,1088,482,606,832,180,76,0,1078,10,Calabria,1947131,22697,1.17,0.06
450,2021-01-20,CAL,1193,520,673,716,298,179,0,1192,1,Calabria,1947131,23890,1.23,0.06
451,2021-01-21,CAL,958,444,514,735,108,115,0,929,29,Calabria,1947131,24848,1.28,0.05
452,2021-01-22,CAL,637,262,375,298,248,91,0,635,2,Calabria,1947131,25485,1.31,0.03
453,2021-01-23,CAL,364,165,199,303,38,23,0,323,41,Calabria,1947131,25849,1.33,0.02
454,2021-01-24,CAL,44,18,26,15,3,26,0,39,5,Calabria,1947131,25893,1.33,0.0
455,2021-01-25,CAL,1023,489,534,982,41,0,0,132,891,Calabria,1947131,26916,1.38,0.05
456,2021-01-26,CAL,1717,823,894,1523,162,32,0,218,1499,Calabria,1947131,28633,1.47,0.09
457,2021-01-27,CAL,265,145,120,221,44,0,0,8,257,Calabria,1947131,28898,1.48,0.01
458,2020-12-27,EMR,964,373,591,679,259,26,0,964,0,Emilia-Romagna,4459477,964,0.02,0.02
459,2020-12-31,EMR,2115,747,1368,1570,247,298,0,2115,0,Emilia-Romagna,4459477,3079,0.07,0.05
460,2021-01-02,EMR,2271,890,1381,2037,84,150,0,2271,0,Emilia-Romagna,4459477,5350,0.12,0.05
461,2021-01-03,EMR,2732,937,1795,2370,192,170,0,2732,0,Emilia-Romagna,4459477,8082,0.18,0.06
462,2021-01-04,EMR,7230,2507,4723,5516,1167,547,0,7230,0,Emilia-Romagna,4459477,15312,0.34,0.16
463,2021-01-05,EMR,9072,3093,5979,6531,1881,660,0,9072,0,Emilia-Romagna,4459477,24384,0.55,0.2
464,2021-01-06,EMR,8153,2911,5242,5724,1832,597,0,8153,0,Emilia-Romagna,4459477,32537,0.73,0.18
465,2021-01-07,EMR,9813,3283,6530,6773,2212,828,0,9813,0,Emilia-Romagna,4459477,42350,0.95,0.22
466,2021-01-08,EMR,10413,3450,6963,7081,2425,907,0,10413,0,Emilia-Romagna,4459477,52763,1.18,0.23
467,2021-01-09,EMR,9333,3260,6073,6252,2455,626,0,9333,0,Emilia-Romagna,4459477,62096,1.39,0.21
468,2021-01-10,EMR,6856,2569,4287,4365,2164,327,0,6856,0,Emilia-Romagna,4459477,68952,1.55,0.15
469,2021-01-11,EMR,9066,3211,5855,5164,2885,1017,0,9066,0,Emilia-Romagna,4459477,78018,1.75,0.2
470,2021-01-12,EMR,9240,3056,6184,5161,2562,1517,0,9240,0,Emilia-Romagna,4459477,87258,1.96,0.21
471,2021-01-13,EMR,8940,2887,6053,4676,2699,1565,0,8940,0,Emilia-Romagna,4459477,96198,2.16,0.2
472,2021-01-14,EMR,7947,2530,5417,4126,2387,1434,0,7947,0,Emilia-Romagna,4459477,104145,2.34,0.18
473,2021-01-15,EMR,7116,2228,4888,4036,2076,1004,0,7116,0,Emilia-Romagna,4459477,111261,2.49,0.16
474,2021-01-16,EMR,5201,1620,3581,2904,1603,694,0,5194,7,Emilia-Romagna,4459477,116462,2.61,0.12
475,2021-01-17,EMR,2687,851,1836,1526,883,278,0,2438,249,Emilia-Romagna,4459477,119149,2.67,0.06
476,2021-01-18,EMR,2574,770,1804,1320,635,619,0,1922,652,Emilia-Romagna,4459477,121723,2.73,0.06
477,2021-01-19,EMR,1600,376,1224,569,152,879,0,1582,18,Emilia-Romagna,4459477,123323,2.77,0.04
478,2021-01-20,EMR,795,155,640,219,89,487,0,794,1,Emilia-Romagna,4459477,124118,2.78,0.02
479,2021-01-21,EMR,1541,568,973,977,154,410,0,406,1135,Emilia-Romagna,4459477,125659,2.82,0.03
480,2021-01-22,EMR,1477,399,1078,870,163,444,0,737,740,Emilia-Romagna,4459477,127136,2.85,0.03
481,2021-01-23,EMR,2064,778,1286,1802,91,171,0,272,1792,Emilia-Romagna,4459477,129200,2.9,0.05
482,2021-01-24,EMR,2220,822,1398,2055,123,42,0,108,2112,Emilia-Romagna,4459477,131420,2.95,0.05
483,2021-01-25,EMR,5430,1834,3596,4334,601,495,0,129,5301,Emilia-Romagna,4459477,136850,3.07,0.12
484,2021-01-26,EMR,7391,2697,4694,5559,963,869,0,212,7179,Emilia-Romagna,4459477,144241,3.23,0.17
485,2021-01-27,EMR,3042,1063,1979,2411,411,220,0,64,2978,Emilia-Romagna,4459477,147283,3.3,0.07
486,2020-12-27,PAT,103,40,63,76,7,20,0,103,0,P.A. Trento,541380,103,0.02,0.02
487,2020-12-30,PAT,6,2,4,4,1,1,0,6,0,P.A. Trento,541380,109,0.02,0.0
488,2020-12-31,PAT,1577,435,1142,808,104,665,0,1577,0,P.A. Trento,541380,1686,0.31,0.29
489,2021-01-01,PAT,205,48,157,108,11,86,0,205,0,P.A. Trento,541380,1891,0.35,0.04
490,2021-01-02,PAT,497,142,355,333,25,139,0,497,0,P.A. Trento,541380,2388,0.44,0.09
491,2021-01-03,PAT,483,158,325,409,12,62,0,483,0,P.A. Trento,541380,2871,0.53,0.09
492,2021-01-04,PAT,806,195,611,480,49,277,0,806,0,P.A. Trento,541380,3677,0.68,0.15
493,2021-01-05,PAT,687,228,459,478,54,155,0,687,0,P.A. Trento,541380,4364,0.81,0.13
494,2021-01-06,PAT,42,13,29,42,0,0,0,42,0,P.A. Trento,541380,4406,0.81,0.01
495,2021-01-07,PAT,1267,310,957,648,64,555,0,1267,0,P.A. Trento,541380,5673,1.05,0.23
496,2021-01-08,PAT,1437,312,1125,760,152,525,0,1437,0,P.A. Trento,541380,7110,1.31,0.27
497,2021-01-09,PAT,183,40,143,139,14,30,0,183,0,P.A. Trento,541380,7293,1.35,0.03
498,2021-01-10,PAT,84,19,65,53,19,12,0,84,0,P.A. Trento,541380,7377,1.36,0.02
499,2021-01-11,PAT,721,218,503,513,58,150,0,721,0,P.A. Trento,541380,8098,1.5,0.13
500,2021-01-12,PAT,494,158,336,397,43,54,0,494,0,P.A. Trento,541380,8592,1.59,0.09
501,2021-01-13,PAT,414,122,292,381,15,18,0,414,0,P.A. Trento,541380,9006,1.66,0.08
502,2021-01-14,PAT,687,199,488,466,19,202,0,687,0,P.A. Trento,541380,9693,1.79,0.13
503,2021-01-15,PAT,571,124,447,448,31,92,0,571,0,P.A. Trento,541380,10264,1.9,0.11
504,2021-01-16,PAT,316,147,169,299,3,14,0,316,0,P.A. Trento,541380,10580,1.95,0.06
505,2021-01-17,PAT,251,195,56,2,249,0,0,251,0,P.A. Trento,541380,10831,2.0,0.05
506,2021-01-18,PAT,629,147,482,514,42,73,0,581,48,P.A. Trento,541380,11460,2.12,0.12
507,2021-01-19,PAT,402,77,325,324,42,36,0,402,0,P.A. Trento,541380,11862,2.19,0.07
508,2021-01-20,PAT,287,71,216,224,15,48,0,275,12,P.A. Trento,541380,12149,2.24,0.05
509,2021-01-21,PAT,349,93,256,289,44,16,0,227,122,P.A. Trento,541380,12498,2.31,0.06
510,2021-01-22,PAT,1604,417,1187,859,126,619,0,313,1291,P.A. Trento,541380,14102,2.6,0.3
511,2021-01-23,PAT,571,331,240,219,264,88,0,384,187,P.A. Trento,541380,14673,2.71,0.11
512,2021-01-24,PAT,545,274,271,310,235,0,0,222,323,P.A. Trento,541380,15218,2.81,0.1
513,2021-01-25,PAT,765,203,562,480,30,255,0,23,742,P.A. Trento,541380,15983,2.95,0.14
514,2021-01-26,PAT,498,138,360,398,16,84,0,26,472,P.A. Trento,541380,16481,3.04,0.09
515,2021-01-27,PAT,102,40,62,90,1,11,0,22,80,P.A. Trento,541380,16583,3.06,0.02
516,2020-12-27,TOS,619,267,352,460,146,13,0,619,0,Toscana,3729641,619,0.02,0.02
517,2020-12-30,TOS,325,104,221,34,10,281,0,325,0,Toscana,3729641,944,0.03,0.01
518,2020-12-31,TOS,786,196,590,97,7,682,0,786,0,Toscana,3729641,1730,0.05,0.02
519,2021-01-01,TOS,2366,786,1580,1716,2,648,0,2366,0,Toscana,3729641,4096,0.11,0.06
520,2021-01-02,TOS,3497,1097,2400,2682,15,800,0,3497,0,Toscana,3729641,7593,0.2,0.09
521,2021-01-03,TOS,3335,1052,2283,2564,9,762,0,3335,0,Toscana,3729641,10928,0.29,0.09
522,2021-01-04,TOS,5060,1891,3169,4098,32,930,0,5060,0,Toscana,3729641,15988,0.43,0.14
523,2021-01-05,TOS,5244,1755,3489,4354,11,879,0,5244,0,Toscana,3729641,21232,0.57,0.14
524,2021-01-06,TOS,4512,1458,3054,3979,10,523,0,4512,0,Toscana,3729641,25744,0.69,0.12
525,2021-01-07,TOS,5987,1742,4245,5300,30,657,0,5987,0,Toscana,3729641,31731,0.85,0.16
526,2021-01-08,TOS,5942,1640,4302,5358,39,545,0,5942,0,Toscana,3729641,37673,1.01,0.16
527,2021-01-09,TOS,4480,1594,2886,3778,144,558,0,4480,0,Toscana,3729641,42153,1.13,0.12
528,2021-01-10,TOS,2995,1100,1895,2432,138,425,0,2995,0,Toscana,3729641,45148,1.21,0.08
529,2021-01-11,TOS,5087,1687,3400,4356,210,521,0,5087,0,Toscana,3729641,50235,1.35,0.14
530,2021-01-12,TOS,3580,1396,2184,2943,283,354,0,3580,0,Toscana,3729641,53815,1.44,0.1
531,2021-01-13,TOS,4060,1398,2662,3307,349,404,0,4060,0,Toscana,3729641,57875,1.55,0.11
532,2021-01-14,TOS,3253,1179,2074,2458,475,320,0,3253,0,Toscana,3729641,61128,1.64,0.09
533,2021-01-15,TOS,3878,1347,2531,2758,676,444,0,3878,0,Toscana,3729641,65006,1.74,0.1
534,2021-01-16,TOS,3247,1037,2210,2493,537,217,0,3247,0,Toscana,3729641,68253,1.83,0.09
535,2021-01-17,TOS,2485,836,1649,2003,293,189,0,1972,513,Toscana,3729641,70738,1.9,0.07
536,2021-01-18,TOS,1119,636,483,430,314,375,0,1021,98,Toscana,3729641,71857,1.93,0.03
537,2021-01-19,TOS,1102,529,573,392,221,489,0,1102,0,Toscana,3729641,72959,1.96,0.03
538,2021-01-20,TOS,1331,637,694,434,256,641,0,1083,248,Toscana,3729641,74290,1.99,0.04
539,2021-01-21,TOS,1569,686,883,573,220,776,0,850,719,Toscana,3729641,75859,2.03,0.04
540,2021-01-22,TOS,2822,1045,1777,2023,81,718,0,506,2316,Toscana,3729641,78681,2.11,0.08
541,2021-01-23,TOS,3965,1360,2605,2952,172,841,0,639,3326,Toscana,3729641,82646,2.22,0.11
542,2021-01-24,TOS,3347,1072,2275,2601,37,709,0,199,3148,Toscana,3729641,85993,2.31,0.09
543,2021-01-25,TOS,5115,1893,3222,4152,56,907,0,247,4868,Toscana,3729641,91108,2.44,0.14
544,2021-01-26,TOS,5318,1770,3548,4338,81,899,0,190,5128,Toscana,3729641,96426,2.59,0.14
545,2021-01-27,TOS,1967,697,1270,1693,26,248,0,45,1922,Toscana,3729641,98393,2.64,0.05
546,2020-12-27,LIG,131,54,77,85,2,44,0,131,0,Liguria,1550640,131,0.01,0.01
547,2020-12-28,LIG,75,26,49,72,3,0,0,75,0,Liguria,1550640,206,0.01,0.0
548,2020-12-29,LIG,118,32,86,87,10,21,0,118,0,Liguria,1550640,324,0.02,0.01
549,2020-12-30,LIG,9,3,6,9,0,0,0,9,0,Liguria,1550640,333,0.02,0.0
550,2020-12-31,LIG,948,334,614,610,221,113,4,948,0,Liguria,1550640,1281,0.08,0.06
551,2021-01-01,LIG,144,55,89,133,11,0,0,144,0,Liguria,1550640,1425,0.09,0.01
552,2021-01-02,LIG,686,245,441,374,312,0,0,686,0,Liguria,1550640,2111,0.14,0.04
553,2021-01-03,LIG,724,225,499,376,348,0,0,724,0,Liguria,1550640,2835,0.18,0.05
554,2021-01-04,LIG,2301,776,1525,1525,733,43,0,2301,0,Liguria,1550640,5136,0.33,0.15
555,2021-01-05,LIG,2744,854,1890,1552,991,198,3,2744,0,Liguria,1550640,7880,0.51,0.18
556,2021-01-06,LIG,1627,599,1028,827,748,52,0,1627,0,Liguria,1550640,9507,0.61,0.1
557,2021-01-07,LIG,2925,1011,1914,1555,1184,186,0,2925,0,Liguria,1550640,12432,0.8,0.19
558,2021-01-08,LIG,2679,923,1756,1394,1087,198,0,2679,0,Liguria,1550640,15111,0.97,0.17
559,2021-01-09,LIG,1301,461,840,578,590,133,0,1301,0,Liguria,1550640,16412,1.06,0.08
560,2021-01-10,LIG,571,238,333,125,358,88,0,571,0,Liguria,1550640,16983,1.1,0.04
561,2021-01-11,LIG,2412,895,1517,1304,961,147,0,2412,0,Liguria,1550640,19395,1.25,0.16
562,2021-01-12,LIG,2138,795,1343,1155,766,217,0,2138,0,Liguria,1550640,21533,1.39,0.14
563,2021-01-13,LIG,2622,961,1661,943,1351,328,0,2622,0,Liguria,1550640,24155,1.56,0.17
564,2021-01-14,LIG,2605,924,1681,904,1406,295,0,2605,0,Liguria,1550640,26760,1.73,0.17
565,2021-01-15,LIG,2064,705,1359,555,1227,282,0,2064,0,Liguria,1550640,28824,1.86,0.13
566,2021-01-16,LIG,1249,541,708,188,808,253,0,1249,0,Liguria,1550640,30073,1.94,0.08
567,2021-01-17,LIG,558,258,300,20,449,89,0,558,0,Liguria,1550640,30631,1.98,0.04
568,2021-01-18,LIG,1624,622,1002,553,877,194,0,1475,149,Liguria,1550640,32255,2.08,0.1
569,2021-01-19,LIG,1174,397,777,454,468,252,0,1089,85,Liguria,1550640,33429,2.16,0.08
570,2021-01-20,LIG,1184,448,736,394,471,319,0,1173,11,Liguria,1550640,34613,2.23,0.08
571,2021-01-21,LIG,816,304,512,409,222,184,1,445,371,Liguria,1550640,35429,2.28,0.05
572,2021-01-22,LIG,1466,491,975,721,345,400,0,993,473,Liguria,1550640,36895,2.38,0.09
573,2021-01-23,LIG,739,280,459,586,124,29,0,84,655,Liguria,1550640,37634,2.43,0.05
574,2021-01-24,LIG,688,212,476,587,47,54,0,56,632,Liguria,1550640,38322,2.47,0.04
575,2021-01-25,LIG,2346,785,1561,1862,303,181,0,241,2105,Liguria,1550640,40668,2.62,0.15
576,2021-01-26,LIG,2193,716,1477,1755,266,172,0,21,2172,Liguria,1550640,42861,2.76,0.14
577,2020-12-27,LAZ,139,66,73,139,0,0,0,139,0,Lazio,5879082,139,0.0,0.0
578,2020-12-28,LAZ,516,228,288,515,1,0,0,516,0,Lazio,5879082,655,0.01,0.01
579,2020-12-29,LAZ,418,150,268,418,0,0,0,418,0,Lazio,5879082,1073,0.02,0.01
580,2020-12-30,LAZ,1600,621,979,1574,0,26,0,1600,0,Lazio,5879082,2673,0.05,0.03
581,2020-12-31,LAZ,5217,2094,3123,4926,12,279,0,5217,0,Lazio,5879082,7890,0.13,0.09
582,2021-01-01,LAZ,3553,1381,2172,3483,2,68,0,3553,0,Lazio,5879082,11443,0.19,0.06
583,2021-01-02,LAZ,6701,2628,4073,6239,104,358,0,6701,0,Lazio,5879082,18144,0.31,0.11
584,2021-01-03,LAZ,5250,1972,3278,5082,103,65,0,5250,0,Lazio,5879082,23394,0.4,0.09
585,2021-01-04,LAZ,7475,2905,4570,7072,87,316,0,7475,0,Lazio,5879082,30869,0.53,0.13
586,2021-01-05,LAZ,7367,2802,4565,6687,103,577,0,7367,0,Lazio,5879082,38236,0.65,0.13
587,2021-01-06,LAZ,5092,1949,3143,4610,162,320,0,5092,0,Lazio,5879082,43328,0.74,0.09
588,2021-01-07,LAZ,7708,2886,4822,6742,400,566,0,7708,0,Lazio,5879082,51036,0.87,0.13
589,2021-01-08,LAZ,7696,2882,4814,6327,572,797,0,7696,0,Lazio,5879082,58732,1.0,0.13
590,2021-01-09,LAZ,6281,2554,3727,4917,746,618,0,6281,0,Lazio,5879082,65013,1.11,0.11
591,2021-01-10,LAZ,4032,1697,2335,3127,654,251,0,4032,0,Lazio,5879082,69045,1.17,0.07
592,2021-01-11,LAZ,5519,2100,3419,4446,505,568,0,5519,0,Lazio,5879082,74564,1.27,0.09
593,2021-01-12,LAZ,5353,1958,3395,4102,669,582,0,5353,0,Lazio,5879082,79917,1.36,0.09
594,2021-01-13,LAZ,5481,2023,3458,3820,678,980,3,5481,0,Lazio,5879082,85398,1.45,0.09
595,2021-01-14,LAZ,5184,1955,3229,3568,746,786,84,5184,0,Lazio,5879082,90582,1.54,0.09
596,2021-01-15,LAZ,6163,2444,3719,4124,896,988,155,6163,0,Lazio,5879082,96745,1.65,0.1
597,2021-01-16,LAZ,5275,2044,3231,3148,622,1037,468,5275,0,Lazio,5879082,102020,1.74,0.09
598,2021-01-17,LAZ,4412,1773,2639,2813,613,176,810,4306,106,Lazio,5879082,106432,1.81,0.08
599,2021-01-18,LAZ,5279,2032,3247,3230,884,712,453,4790,489,Lazio,5879082,111711,1.9,0.09
600,2021-01-19,LAZ,4287,1647,2640,2806,692,381,408,3834,453,Lazio,5879082,115998,1.97,0.07
601,2021-01-20,LAZ,4292,1635,2657,3173,447,387,285,2780,1512,Lazio,5879082,120290,2.05,0.07
602,2021-01-21,LAZ,5220,2098,3122,4700,163,232,125,196,5024,Lazio,5879082,125510,2.13,0.09
603,2021-01-22,LAZ,3661,1442,2219,3318,151,70,122,147,3514,Lazio,5879082,129171,2.2,0.06
604,2021-01-23,LAZ,6882,2682,4200,5819,521,417,125,255,6627,Lazio,5879082,136053,2.31,0.12
605,2021-01-24,LAZ,5467,2109,3358,4752,455,134,126,385,5082,Lazio,5879082,141520,2.41,0.09
606,2021-01-25,LAZ,7760,3041,4719,6791,485,362,122,420,7340,Lazio,5879082,149280,2.54,0.13
607,2021-01-26,LAZ,7596,2905,4691,6387,453,631,125,371,7225,Lazio,5879082,156876,2.67,0.13
608,2021-01-27,LAZ,3112,1208,1904,2490,436,122,64,184,2928,Lazio,5879082,159988,2.72,0.05
609,2020-12-27,VEN,880,395,485,875,5,0,0,880,0,Veneto,4905854,880,0.02,0.02
610,2020-12-30,VEN,699,245,454,598,62,39,0,699,0,Veneto,4905854,1579,0.03,0.01
611,2020-12-31,VEN,3222,1045,2177,2698,273,251,0,3222,0,Veneto,4905854,4801,0.1,0.07
612,2021-01-01,VEN,1524,470,1054,1485,38,1,0,1524,0,Veneto,4905854,6325,0.13,0.03
613,2021-01-02,VEN,5741,1766,3975,4773,422,544,2,5741,0,Veneto,4905854,12066,0.25,0.12
614,2021-01-03,VEN,5156,1562,3594,4457,450,249,0,5156,0,Veneto,4905854,17222,0.35,0.11
615,2021-01-04,VEN,6720,2029,4691,5195,611,913,1,6720,0,Veneto,4905854,23942,0.49,0.14
616,2021-01-05,VEN,7326,2182,5144,5402,804,1120,0,7326,0,Veneto,4905854,31268,0.64,0.15
617,2021-01-06,VEN,8062,2357,5705,6200,1068,793,1,8062,0,Veneto,4905854,39330,0.8,0.16
618,2021-01-07,VEN,8321,2306,6015,5422,1100,1799,0,8321,0,Veneto,4905854,47651,0.97,0.17
619,2021-01-08,VEN,9340,2808,6532,5877,1660,1800,3,9340,0,Veneto,4905854,56991,1.16,0.19
620,2021-01-09,VEN,7881,2517,5364,4917,1415,1547,2,7881,0,Veneto,4905854,64872,1.32,0.16
621,2021-01-10,VEN,5012,1659,3353,3194,1388,428,2,5012,0,Veneto,4905854,69884,1.42,0.1
622,2021-01-11,VEN,7166,2083,5083,3406,1595,1918,247,7166,0,Veneto,4905854,77050,1.57,0.15
623,2021-01-12,VEN,5189,1509,3680,2200,1096,1727,166,5189,0,Veneto,4905854,82239,1.68,0.11
624,2021-01-13,VEN,5898,1581,4317,2711,1358,1826,3,5898,0,Veneto,4905854,88137,1.8,0.12
625,2021-01-14,VEN,6968,1882,5086,2904,1647,2400,17,6968,0,Veneto,4905854,95105,1.94,0.14
626,2021-01-15,VEN,5702,1751,3951,2586,1678,1429,9,5702,0,Veneto,4905854,100807,2.05,0.12
627,2021-01-16,VEN,4482,1505,2977,2567,1274,641,0,4482,0,Veneto,4905854,105289,2.15,0.09
628,2021-01-17,VEN,1917,777,1140,1140,654,120,3,1567,350,Veneto,4905854,107206,2.19,0.04
629,2021-01-18,VEN,2679,760,1919,1061,677,933,8,2475,204,Veneto,4905854,109885,2.24,0.05
630,2021-01-19,VEN,1295,466,829,699,273,317,6,1146,149,Veneto,4905854,111180,2.27,0.03
631,2021-01-20,VEN,1039,367,672,686,140,213,0,387,652,Veneto,4905854,112219,2.29,0.02
632,2021-01-21,VEN,2254,718,1536,1970,165,119,0,20,2234,Veneto,4905854,114473,2.33,0.05
633,2021-01-22,VEN,1081,332,749,939,84,58,0,27,1054,Veneto,4905854,115554,2.36,0.02
634,2021-01-23,VEN,4061,1253,2808,3392,218,450,1,35,4026,Veneto,4905854,119615,2.44,0.08
635,2021-01-24,VEN,4113,1216,2897,3731,160,222,0,27,4086,Veneto,4905854,123728,2.52,0.08
636,2021-01-25,VEN,6361,2035,4326,4952,554,848,7,173,6188,Veneto,4905854,130089,2.65,0.13
637,2021-01-26,VEN,6683,2002,4681,5182,687,814,0,153,6530,Veneto,4905854,136772,2.79,0.14
638,2021-01-27,VEN,3347,970,2377,2259,559,529,0,150,3197,Veneto,4905854,140119,2.86,0.07
